ONET_SOC_CODE,ELEMENT_ID,ELEMENT_NAME,SCALE_ID,DATA_VALUE,N,STANDARD_ERROR,LOWER_CI_BOUND,UPPER_CI_BOUND,RECOMMEND_SUPPRESS,NOT_RELEVANT,DATE,DOMAIN_SOURCE
11-1011.00,1.A.1.a.1,Oral Comprehension,IM,4.62,8,0.183,4.2664,4.9836,N,,08/2023,Analyst
11-1011.00,1.A.1.a.1,Oral Comprehension,LV,4.88,8,0.125,4.63,5.12,N,N,08/2023,Analyst
11-1011.00,1.A.1.a.2,Written Comprehension,IM,4.25,8,0.1637,3.9292,4.5708,N,,08/2023,Analyst
11-1011.00,1.A.1.a.2,Written Comprehension,LV,4.88,8,0.125,4.63,5.12,N,N,08/2023,Analyst
11-1011.00,1.A.1.a.3,Oral Expression,IM,4.5,8,0.189,4.1296,4.8704,N,,08/2023,Analyst
11-1011.00,1.A.1.a.3,Oral Expression,LV,4.88,8,0.125,4.63,5.12,N,N,08/2023,Analyst
11-1011.00,1.A.1.a.4,Written Expression,IM,4.12,8,0.125,3.88,4.37,N,,08/2023,Analyst
11-1011.00,1.A.1.a.4,Written Expression,LV,4.75,8,0.1637,4.4292,5.0708,N,N,08/2023,Analyst
11-1011.00,1.A.1.b.1,Fluency of Ideas,IM,3.88,8,0.125,3.63,4.12,N,,08/2023,Analyst
11-1011.00,1.A.1.b.1,Fluency of Ideas,LV,4.62,8,0.183,4.2664,4.9836,N,N,08/2023,Analyst
11-1011.00,1.A.1.b.2,Originality,IM,3.75,8,0.1637,3.4292,4.0708,N,,08/2023,Analyst
11-1011.00,1.A.1.b.2,Originality,LV,4.25,8,0.1637,3.9292,4.5708,N,N,08/2023,Analyst
11-1011.00,1.A.1.b.3,Problem Sensitivity,IM,4.0,8,0.0,4.0,4.0,N,,08/2023,Analyst
11-1011.00,1.A.1.b.3,Problem Sensitivity,LV,4.88,8,0.125,4.63,5.12,N,N,08/2023,Analyst
11-1011.00,1.A.1.b.4,Deductive Reasoning,IM,4.12,8,0.125,3.88,4.37,N,,08/2023,Analyst
11-1011.00,1.A.1.b.4,Deductive Reasoning,LV,4.75,8,0.1637,4.4292,5.0708,N,N,08/2023,Analyst
11-1011.00,1.A.1.b.5,Inductive Reasoning,IM,4.0,8,0.0,4.0,4.0,N,,08/2023,Analyst
11-1011.00,1.A.1.b.5,Inductive Reasoning,LV,4.88,8,0.125,4.63,5.12,N,N,08/2023,Analyst
11-1011.00,1.A.1.b.6,Information Ordering,IM,4.0,8,0.0,4.0,4.0,N,,08/2023,Analyst
11-1011.00,1.A.1.b.6,Information Ordering,LV,4.12,8,0.125,3.88,4.37,N,N,08/2023,Analyst
11-1011.00,1.A.1.b.7,Category Flexibility,IM,3.5,8,0.189,3.1296,3.8704,N,,08/2023,Analyst
11-1011.00,1.A.1.b.7,Category Flexibility,LV,4.0,8,0.189,3.6296,4.3704,N,N,08/2023,Analyst
11-1011.00,1.A.1.c.1,Mathematical Reasoning,IM,3.25,8,0.1637,2.9292,3.5708,N,,08/2023,Analyst
11-1011.00,1.A.1.c.1,Mathematical Reasoning,LV,3.75,8,0.1637,3.4292,4.0708,N,N,08/2023,Analyst
11-1011.00,1.A.1.c.2,Number Facility,IM,3.12,8,0.125,2.88,3.37,N,,08/2023,Analyst
11-1011.00,1.A.1.c.2,Number Facility,LV,3.75,8,0.1637,3.4292,4.0708,N,N,08/2023,Analyst
11-1011.00,1.A.1.d.1,Memorization,IM,2.88,8,0.125,2.63,3.12,N,,08/2023,Analyst
11-1011.00,1.A.1.d.1,Memorization,LV,3.12,8,0.125,2.88,3.37,N,N,08/2023,Analyst
11-1011.00,1.A.1.e.1,Speed of Closure,IM,3.0,8,0.0,3.0,3.0,N,,08/2023,Analyst
11-1011.00,1.A.1.e.1,Speed of Closure,LV,3.12,8,0.2266,2.6809,3.5691,N,N,08/2023,Analyst
11-1011.00,1.A.1.e.2,Flexibility of Closure,IM,3.25,8,0.1637,2.9292,3.5708,N,,08/2023,Analyst
11-1011.00,1.A.1.e.2,Flexibility of Closure,LV,3.62,8,0.183,3.2664,3.9836,N,N,08/2023,Analyst
11-1011.00,1.A.1.e.3,Perceptual Speed,IM,3.0,8,0.0,3.0,3.0,N,,08/2023,Analyst
11-1011.00,1.A.1.e.3,Perceptual Speed,LV,3.0,8,0.189,2.6296,3.3704,N,N,08/2023,Analyst
11-1011.00,1.A.1.f.1,Spatial Orientation,IM,1.38,8,0.183,1.0164,1.7336,N,,08/2023,Analyst
11-1011.00,1.A.1.f.1,Spatial Orientation,LV,0.5,8,0.2673,0.0,1.0238,N,N,08/2023,Analyst
11-1011.00,1.A.1.f.2,Visualization,IM,3.0,8,0.189,2.6296,3.3704,N,,08/2023,Analyst
11-1011.00,1.A.1.f.2,Visualization,LV,3.38,8,0.183,3.0164,3.7336,N,N,08/2023,Analyst
11-1011.00,1.A.1.g.1,Selective Attention,IM,3.0,8,0.0,3.0,3.0,N,,08/2023,Analyst
11-1011.00,1.A.1.g.1,Selective Attention,LV,3.12,8,0.125,2.88,3.37,N,N,08/2023,Analyst
11-1011.00,1.A.1.g.2,Time Sharing,IM,2.88,8,0.125,2.63,3.12,N,,08/2023,Analyst
11-1011.00,1.A.1.g.2,Time Sharing,LV,2.88,8,0.125,2.63,3.12,N,N,08/2023,Analyst
11-1011.00,1.A.2.a.1,Arm-Hand Steadiness,IM,1.38,8,0.183,1.0164,1.7336,N,,08/2023,Analyst
11-1011.00,1.A.2.a.1,Arm-Hand Steadiness,LV,0.5,8,0.2673,0.0,1.0238,N,N,08/2023,Analyst
11-1011.00,1.A.2.a.2,Manual Dexterity,IM,1.0,8,0.0,1.0,1.0,N,,08/2023,Analyst
11-1011.00,1.A.2.a.2,Manual Dexterity,LV,0.0,8,0.0,0.0,0.0,N,Y,08/2023,Analyst
11-1011.00,1.A.2.a.3,Finger Dexterity,IM,1.5,8,0.189,1.1296,1.8704,N,,08/2023,Analyst
11-1011.00,1.A.2.a.3,Finger Dexterity,LV,1.0,8,0.378,0.2592,1.7408,N,N,08/2023,Analyst
11-1011.00,1.A.2.b.1,Control Precision,IM,1.75,8,0.1637,1.4292,2.0708,N,,08/2023,Analyst
11-1011.00,1.A.2.b.1,Control Precision,LV,0.75,8,0.1637,0.4292,1.0708,N,N,08/2023,Analyst
11-1011.00,1.A.2.b.2,Multilimb Coordination,IM,1.75,8,0.1637,1.4292,2.0708,N,,08/2023,Analyst
11-1011.00,1.A.2.b.2,Multilimb Coordination,LV,0.75,8,0.1637,0.4292,1.0708,N,N,08/2023,Analyst
11-1011.00,1.A.2.b.3,Response Orientation,IM,1.38,8,0.183,1.0164,1.7336,N,,08/2023,Analyst
11-1011.00,1.A.2.b.3,Response Orientation,LV,0.38,8,0.183,0.0164,0.7336,N,N,08/2023,Analyst
11-1011.00,1.A.2.b.4,Rate Control,IM,1.38,8,0.183,1.0164,1.7336,N,,08/2023,Analyst
11-1011.00,1.A.2.b.4,Rate Control,LV,0.38,8,0.183,0.0164,0.7336,N,N,08/2023,Analyst
11-1011.00,1.A.2.c.1,Reaction Time,IM,1.38,8,0.183,1.0164,1.7336,N,,08/2023,Analyst
11-1011.00,1.A.2.c.1,Reaction Time,LV,0.38,8,0.183,0.0164,0.7336,N,N,08/2023,Analyst
11-1011.00,1.A.2.c.2,Wrist-Finger Speed,IM,1.38,8,0.183,1.0164,1.7336,N,,08/2023,Analyst
11-1011.00,1.A.2.c.2,Wrist-Finger Speed,LV,0.5,8,0.2673,0.0,1.0238,N,N,08/2023,Analyst
11-1011.00,1.A.2.c.3,Speed of Limb Movement,IM,1.0,8,0.0,1.0,1.0,N,,08/2023,Analyst
11-1011.00,1.A.2.c.3,Speed of Limb Movement,LV,0.0,8,0.0,0.0,0.0,N,Y,08/2023,Analyst
11-1011.00,1.A.3.a.1,Static Strength,IM,1.0,8,0.0,1.0,1.0,N,,08/2023,Analyst
11-1011.00,1.A.3.a.1,Static Strength,LV,0.0,8,0.0,0.0,0.0,N,Y,08/2023,Analyst
11-1011.00,1.A.3.a.2,Explosive Strength,IM,1.0,8,0.0,1.0,1.0,N,,08/2023,Analyst
11-1011.00,1.A.3.a.2,Explosive Strength,LV,0.0,8,0.0,0.0,0.0,N,Y,08/2023,Analyst
11-1011.00,1.A.3.a.3,Dynamic Strength,IM,1.25,8,0.1637,1.0,1.5708,N,,08/2023,Analyst
11-1011.00,1.A.3.a.3,Dynamic Strength,LV,0.25,8,0.1637,0.0,0.5708,N,Y,08/2023,Analyst
11-1011.00,1.A.3.a.4,Trunk Strength,IM,1.38,8,0.183,1.0164,1.7336,N,,08/2023,Analyst
11-1011.00,1.A.3.a.4,Trunk Strength,LV,0.62,8,0.3239,0.0,1.2598,N,N,08/2023,Analyst
11-1011.00,1.A.3.b.1,Stamina,IM,1.0,8,0.0,1.0,1.0,N,,08/2023,Analyst
11-1011.00,1.A.3.b.1,Stamina,LV,0.0,8,0.0,0.0,0.0,N,Y,08/2023,Analyst
11-1011.00,1.A.3.c.1,Extent Flexibility,IM,1.0,8,0.0,1.0,1.0,N,,08/2023,Analyst
11-1011.00,1.A.3.c.1,Extent Flexibility,LV,0.0,8,0.0,0.0,0.0,N,Y,08/2023,Analyst
11-1011.00,1.A.3.c.2,Dynamic Flexibility,IM,1.0,8,0.0,1.0,1.0,N,,08/2023,Analyst
11-1011.00,1.A.3.c.2,Dynamic Flexibility,LV,0.0,8,0.0,0.0,0.0,N,Y,08/2023,Analyst
11-1011.00,1.A.3.c.3,Gross Body Coordination,IM,1.0,8,0.0,1.0,1.0,N,,08/2023,Analyst
11-1011.00,1.A.3.c.3,Gross Body Coordination,LV,0.0,8,0.0,0.0,0.0,N,Y,08/2023,Analyst
11-1011.00,1.A.3.c.4,Gross Body Equilibrium,IM,1.0,8,0.0,1.0,1.0,N,,08/2023,Analyst
11-1011.00,1.A.3.c.4,Gross Body Equilibrium,LV,0.0,8,0.0,0.0,0.0,N,Y,08/2023,Analyst
11-1011.00,1.A.4.a.1,Near Vision,IM,3.62,8,0.183,3.2664,3.9836,N,,08/2023,Analyst
11-1011.00,1.A.4.a.1,Near Vision,LV,4.5,8,0.2673,3.9762,5.0238,N,N,08/2023,Analyst
11-1011.00,1.A.4.a.2,Far Vision,IM,3.0,8,0.0,3.0,3.0,N,,08/2023,Analyst
11-1011.00,1.A.4.a.2,Far Vision,LV,3.25,8,0.1637,2.9292,3.5708,N,N,08/2023,Analyst
11-1011.00,1.A.4.a.3,Visual Color Discrimination,IM,2.0,8,0.0,2.0,2.0,N,,08/2023,Analyst
11-1011.00,1.A.4.a.3,Visual Color Discrimination,LV,2.0,8,0.189,1.6296,2.3704,N,N,08/2023,Analyst
11-1011.00,1.A.4.a.4,Night Vision,IM,1.25,8,0.1637,1.0,1.5708,N,,08/2023,Analyst
11-1011.00,1.A.4.a.4,Night Vision,LV,0.25,8,0.1637,0.0,0.5708,N,Y,08/2023,Analyst
11-1011.00,1.A.4.a.5,Peripheral Vision,IM,1.25,8,0.1637,1.0,1.5708,N,,08/2023,Analyst
11-1011.00,1.A.4.a.5,Peripheral Vision,LV,0.25,8,0.1637,0.0,0.5708,N,Y,08/2023,Analyst
11-1011.00,1.A.4.a.6,Depth Perception,IM,1.75,8,0.1637,1.4292,2.0708,N,,08/2023,Analyst
11-1011.00,1.A.4.a.6,Depth Perception,LV,1.38,8,0.3239,0.7402,2.0098,N,N,08/2023,Analyst
11-1011.00,1.A.4.a.7,Glare Sensitivity,IM,1.25,8,0.1637,1.0,1.5708,N,,08/2023,Analyst
11-1011.00,1.A.4.a.7,Glare Sensitivity,LV,0.25,8,0.1637,0.0,0.5708,N,Y,08/2023,Analyst
11-1011.00,1.A.4.b.1,Hearing Sensitivity,IM,2.12,8,0.125,1.88,2.37,N,,08/2023,Analyst
11-1011.00,1.A.4.b.1,Hearing Sensitivity,LV,2.0,8,0.189,1.6296,2.3704,N,N,08/2023,Analyst
11-1011.00,1.A.4.b.2,Auditory Attention,IM,2.12,8,0.125,1.88,2.37,N,,08/2023,Analyst
11-1011.00,1.A.4.b.2,Auditory Attention,LV,2.0,8,0.0,2.0,2.0,N,N,08/2023,Analyst
11-1011.00,1.A.4.b.3,Sound Localization,IM,1.38,8,0.183,1.0164,1.7336,N,,08/2023,Analyst
11-1011.00,1.A.4.b.3,Sound Localization,LV,0.38,8,0.183,0.0164,0.7336,N,N,08/2023,Analyst
11-1011.00,1.A.4.b.4,Speech Recognition,IM,4.0,8,0.0,4.0,4.0,N,,08/2023,Analyst
11-1011.00,1.A.4.b.4,Speech Recognition,LV,4.5,8,0.189,4.1296,4.8704,N,N,08/2023,Analyst
11-1011.00,1.A.4.b.5,Speech Clarity,IM,4.25,8,0.1637,3.9292,4.5708,N,,08/2023,Analyst
11-1011.00,1.A.4.b.5,Speech Clarity,LV,4.75,8,0.1637,4.4292,5.0708,N,N,08/2023,Analyst
11-1011.03,1.A.1.a.1,Oral Comprehension,IM,4.0,8,0.0,4.0,4.0,N,,08/2021,Analyst
11-1011.03,1.A.1.a.1,Oral Comprehension,LV,4.62,8,0.183,4.2664,4.9836,N,N,08/2021,Analyst
11-1011.03,1.A.1.a.2,Written Comprehension,IM,4.0,8,0.0,4.0,4.0,N,,08/2021,Analyst
11-1011.03,1.A.1.a.2,Written Comprehension,LV,4.25,8,0.1637,3.9292,4.5708,N,N,08/2021,Analyst
11-1011.03,1.A.1.a.3,Oral Expression,IM,4.0,8,0.0,4.0,4.0,N,,08/2021,Analyst
11-1011.03,1.A.1.a.3,Oral Expression,LV,4.75,8,0.1637,4.4292,5.0708,N,N,08/2021,Analyst
11-1011.03,1.A.1.a.4,Written Expression,IM,4.12,8,0.125,3.88,4.37,N,,08/2021,Analyst
11-1011.03,1.A.1.a.4,Written Expression,LV,4.38,8,0.183,4.0164,4.7336,N,N,08/2021,Analyst
11-1011.03,1.A.1.b.1,Fluency of Ideas,IM,3.88,8,0.125,3.63,4.12,N,,08/2021,Analyst
11-1011.03,1.A.1.b.1,Fluency of Ideas,LV,4.12,8,0.125,3.88,4.37,N,N,08/2021,Analyst
11-1011.03,1.A.1.b.2,Originality,IM,3.88,8,0.125,3.63,4.12,N,,08/2021,Analyst
11-1011.03,1.A.1.b.2,Originality,LV,4.0,8,0.0,4.0,4.0,N,N,08/2021,Analyst
11-1011.03,1.A.1.b.3,Problem Sensitivity,IM,3.88,8,0.125,3.63,4.12,N,,08/2021,Analyst
11-1011.03,1.A.1.b.3,Problem Sensitivity,LV,4.12,8,0.125,3.88,4.37,N,N,08/2021,Analyst
11-1011.03,1.A.1.b.4,Deductive Reasoning,IM,3.88,8,0.125,3.63,4.12,N,,08/2021,Analyst
11-1011.03,1.A.1.b.4,Deductive Reasoning,LV,4.75,8,0.1637,4.4292,5.0708,N,N,08/2021,Analyst
11-1011.03,1.A.1.b.5,Inductive Reasoning,IM,3.88,8,0.125,3.63,4.12,N,,08/2021,Analyst
11-1011.03,1.A.1.b.5,Inductive Reasoning,LV,4.12,8,0.125,3.88,4.37,N,N,08/2021,Analyst
11-1011.03,1.A.1.b.6,Information Ordering,IM,3.62,8,0.183,3.2664,3.9836,N,,08/2021,Analyst
11-1011.03,1.A.1.b.6,Information Ordering,LV,3.75,8,0.1637,3.4292,4.0708,N,N,08/2021,Analyst
11-1011.03,1.A.1.b.7,Category Flexibility,IM,3.12,8,0.125,2.88,3.37,N,,08/2021,Analyst
11-1011.03,1.A.1.b.7,Category Flexibility,LV,3.5,8,0.189,3.1296,3.8704,N,N,08/2021,Analyst
11-1011.03,1.A.1.c.1,Mathematical Reasoning,IM,2.75,8,0.1637,2.4292,3.0708,N,,08/2021,Analyst
11-1011.03,1.A.1.c.1,Mathematical Reasoning,LV,3.0,8,0.0,3.0,3.0,N,N,08/2021,Analyst
11-1011.03,1.A.1.c.2,Number Facility,IM,2.88,8,0.125,2.63,3.12,N,,08/2021,Analyst
11-1011.03,1.A.1.c.2,Number Facility,LV,3.0,8,0.0,3.0,3.0,N,N,08/2021,Analyst
11-1011.03,1.A.1.d.1,Memorization,IM,2.38,8,0.183,2.0164,2.7336,N,,08/2021,Analyst
11-1011.03,1.A.1.d.1,Memorization,LV,2.75,8,0.1637,2.4292,3.0708,N,N,08/2021,Analyst
11-1011.03,1.A.1.e.1,Speed of Closure,IM,2.38,8,0.183,2.0164,2.7336,N,,08/2021,Analyst
11-1011.03,1.A.1.e.1,Speed of Closure,LV,2.62,8,0.183,2.2664,2.9836,N,N,08/2021,Analyst
11-1011.03,1.A.1.e.2,Flexibility of Closure,IM,2.88,8,0.125,2.63,3.12,N,,08/2021,Analyst
11-1011.03,1.A.1.e.2,Flexibility of Closure,LV,3.0,8,0.0,3.0,3.0,N,N,08/2021,Analyst
11-1011.03,1.A.1.e.3,Perceptual Speed,IM,2.25,8,0.1637,1.9292,2.5708,N,,08/2021,Analyst
11-1011.03,1.A.1.e.3,Perceptual Speed,LV,2.12,8,0.125,1.88,2.37,N,N,08/2021,Analyst
11-1011.03,1.A.1.f.1,Spatial Orientation,IM,1.0,8,0.0,1.0,1.0,N,,08/2021,Analyst
11-1011.03,1.A.1.f.1,Spatial Orientation,LV,0.0,8,0.0,0.0,0.0,N,Y,08/2021,Analyst
11-1011.03,1.A.1.f.2,Visualization,IM,2.75,8,0.1637,2.4292,3.0708,N,,08/2021,Analyst
11-1011.03,1.A.1.f.2,Visualization,LV,2.88,8,0.125,2.63,3.12,N,N,08/2021,Analyst
11-1011.03,1.A.1.g.1,Selective Attention,IM,3.12,8,0.125,2.88,3.37,N,,08/2021,Analyst
11-1011.03,1.A.1.g.1,Selective Attention,LV,3.0,8,0.189,2.6296,3.3704,N,N,08/2021,Analyst
11-1011.03,1.A.1.g.2,Time Sharing,IM,2.62,8,0.183,2.2664,2.9836,N,,08/2021,Analyst
11-1011.03,1.A.1.g.2,Time Sharing,LV,2.38,8,0.183,2.0164,2.7336,N,N,08/2021,Analyst
11-1011.03,1.A.2.a.1,Arm-Hand Steadiness,IM,1.0,8,0.0,1.0,1.0,N,,08/2021,Analyst
11-1011.03,1.A.2.a.1,Arm-Hand Steadiness,LV,0.0,8,0.0,0.0,0.0,N,Y,08/2021,Analyst
11-1011.03,1.A.2.a.2,Manual Dexterity,IM,1.0,8,0.0,1.0,1.0,N,,08/2021,Analyst
11-1011.03,1.A.2.a.2,Manual Dexterity,LV,0.0,8,0.0,0.0,0.0,N,Y,08/2021,Analyst
11-1011.03,1.A.2.a.3,Finger Dexterity,IM,1.75,8,0.1637,1.4292,2.0708,N,,08/2021,Analyst
11-1011.03,1.A.2.a.3,Finger Dexterity,LV,1.38,8,0.3239,0.7402,2.0098,N,N,08/2021,Analyst
11-1011.03,1.A.2.b.1,Control Precision,IM,1.5,8,0.189,1.1296,1.8704,N,,08/2021,Analyst
11-1011.03,1.A.2.b.1,Control Precision,LV,0.5,8,0.189,0.1296,0.8704,N,N,08/2021,Analyst
11-1011.03,1.A.2.b.2,Multilimb Coordination,IM,1.5,8,0.189,1.1296,1.8704,N,,08/2021,Analyst
11-1011.03,1.A.2.b.2,Multilimb Coordination,LV,0.5,8,0.189,0.1296,0.8704,N,N,08/2021,Analyst
11-1011.03,1.A.2.b.3,Response Orientation,IM,1.0,8,0.0,1.0,1.0,N,,08/2021,Analyst
11-1011.03,1.A.2.b.3,Response Orientation,LV,0.0,8,0.0,0.0,0.0,N,Y,08/2021,Analyst
11-1011.03,1.A.2.b.4,Rate Control,IM,1.0,8,0.0,1.0,1.0,N,,08/2021,Analyst
11-1011.03,1.A.2.b.4,Rate Control,LV,0.0,8,0.0,0.0,0.0,N,Y,08/2021,Analyst
11-1011.03,1.A.2.c.1,Reaction Time,IM,1.0,8,0.0,1.0,1.0,N,,08/2021,Analyst
11-1011.03,1.A.2.c.1,Reaction Time,LV,0.0,8,0.0,0.0,0.0,N,Y,08/2021,Analyst
11-1011.03,1.A.2.c.2,Wrist-Finger Speed,IM,1.12,8,0.125,1.0,1.37,N,,08/2021,Analyst
11-1011.03,1.A.2.c.2,Wrist-Finger Speed,LV,0.12,8,0.125,0.0,0.37,N,Y,08/2021,Analyst
11-1011.03,1.A.2.c.3,Speed of Limb Movement,IM,1.0,8,0.0,1.0,1.0,N,,08/2021,Analyst
11-1011.03,1.A.2.c.3,Speed of Limb Movement,LV,0.0,8,0.0,0.0,0.0,N,Y,08/2021,Analyst
11-1011.03,1.A.3.a.1,Static Strength,IM,1.0,8,0.0,1.0,1.0,N,,08/2021,Analyst
11-1011.03,1.A.3.a.1,Static Strength,LV,0.0,8,0.0,0.0,0.0,N,Y,08/2021,Analyst
11-1011.03,1.A.3.a.2,Explosive Strength,IM,1.0,8,0.0,1.0,1.0,N,,08/2021,Analyst
11-1011.03,1.A.3.a.2,Explosive Strength,LV,0.0,8,0.0,0.0,0.0,N,Y,08/2021,Analyst
11-1011.03,1.A.3.a.3,Dynamic Strength,IM,1.0,8,0.0,1.0,1.0,N,,08/2021,Analyst
11-1011.03,1.A.3.a.3,Dynamic Strength,LV,0.0,8,0.0,0.0,0.0,N,Y,08/2021,Analyst
11-1011.03,1.A.3.a.4,Trunk Strength,IM,1.38,8,0.183,1.0164,1.7336,N,,08/2021,Analyst
11-1011.03,1.A.3.a.4,Trunk Strength,LV,0.5,8,0.2673,0.0,1.0238,N,N,08/2021,Analyst
11-1011.03,1.A.3.b.1,Stamina,IM,1.0,8,0.0,1.0,1.0,N,,08/2021,Analyst
11-1011.03,1.A.3.b.1,Stamina,LV,0.0,8,0.0,0.0,0.0,N,Y,08/2021,Analyst
11-1011.03,1.A.3.c.1,Extent Flexibility,IM,1.0,8,0.0,1.0,1.0,N,,08/2021,Analyst
11-1011.03,1.A.3.c.1,Extent Flexibility,LV,0.0,8,0.0,0.0,0.0,N,Y,08/2021,Analyst
11-1011.03,1.A.3.c.2,Dynamic Flexibility,IM,1.0,8,0.0,1.0,1.0,N,,08/2021,Analyst
11-1011.03,1.A.3.c.2,Dynamic Flexibility,LV,0.0,8,0.0,0.0,0.0,N,Y,08/2021,Analyst
11-1011.03,1.A.3.c.3,Gross Body Coordination,IM,1.0,8,0.0,1.0,1.0,N,,08/2021,Analyst
11-1011.03,1.A.3.c.3,Gross Body Coordination,LV,0.0,8,0.0,0.0,0.0,N,Y,08/2021,Analyst
11-1011.03,1.A.3.c.4,Gross Body Equilibrium,IM,1.0,8,0.0,1.0,1.0,N,,08/2021,Analyst
11-1011.03,1.A.3.c.4,Gross Body Equilibrium,LV,0.0,8,0.0,0.0,0.0,N,Y,08/2021,Analyst
11-1011.03,1.A.4.a.1,Near Vision,IM,3.12,8,0.125,2.88,3.37,N,,08/2021,Analyst
11-1011.03,1.A.4.a.1,Near Vision,LV,3.62,8,0.183,3.2664,3.9836,N,N,08/2021,Analyst
11-1011.03,1.A.4.a.2,Far Vision,IM,2.88,8,0.125,2.63,3.12,N,,08/2021,Analyst
11-1011.03,1.A.4.a.2,Far Vision,LV,2.75,8,0.1637,2.4292,3.0708,N,N,08/2021,Analyst
11-1011.03,1.A.4.a.3,Visual Color Discrimination,IM,2.12,8,0.125,1.88,2.37,N,,08/2021,Analyst
11-1011.03,1.A.4.a.3,Visual Color Discrimination,LV,2.0,8,0.189,1.6296,2.3704,N,N,08/2021,Analyst
11-1011.03,1.A.4.a.4,Night Vision,IM,1.0,8,0.0,1.0,1.0,N,,08/2021,Analyst
11-1011.03,1.A.4.a.4,Night Vision,LV,0.0,8,0.0,0.0,0.0,N,Y,08/2021,Analyst
11-1011.03,1.A.4.a.5,Peripheral Vision,IM,1.0,8,0.0,1.0,1.0,N,,08/2021,Analyst
11-1011.03,1.A.4.a.5,Peripheral Vision,LV,0.0,8,0.0,0.0,0.0,N,Y,08/2021,Analyst
11-1011.03,1.A.4.a.6,Depth Perception,IM,2.0,8,0.0,2.0,2.0,N,,08/2021,Analyst
11-1011.03,1.A.4.a.6,Depth Perception,LV,1.75,8,0.1637,1.4292,2.0708,N,N,08/2021,Analyst
11-1011.03,1.A.4.a.7,Glare Sensitivity,IM,1.0,8,0.0,1.0,1.0,N,,08/2021,Analyst
11-1011.03,1.A.4.a.7,Glare Sensitivity,LV,0.0,8,0.0,0.0,0.0,N,Y,08/2021,Analyst
11-1011.03,1.A.4.b.1,Hearing Sensitivity,IM,2.0,8,0.0,2.0,2.0,N,,08/2021,Analyst
11-1011.03,1.A.4.b.1,Hearing Sensitivity,LV,1.75,8,0.1637,1.4292,2.0708,N,N,08/2021,Analyst
11-1011.03,1.A.4.b.2,Auditory Attention,IM,2.0,8,0.0,2.0,2.0,N,,08/2021,Analyst
11-1011.03,1.A.4.b.2,Auditory Attention,LV,1.75,8,0.1637,1.4292,2.0708,N,N,08/2021,Analyst
11-1011.03,1.A.4.b.3,Sound Localization,IM,1.0,8,0.0,1.0,1.0,N,,08/2021,Analyst
11-1011.03,1.A.4.b.3,Sound Localization,LV,0.0,8,0.0,0.0,0.0,N,Y,08/2021,Analyst
11-1011.03,1.A.4.b.4,Speech Recognition,IM,4.0,8,0.0,4.0,4.0,N,,08/2021,Analyst
11-1011.03,1.A.4.b.4,Speech Recognition,LV,3.88,8,0.125,3.63,4.12,N,N,08/2021,Analyst
11-1011.03,1.A.4.b.5,Speech Clarity,IM,4.0,8,0.0,4.0,4.0,N,,08/2021,Analyst
11-1011.03,1.A.4.b.5,Speech Clarity,LV,3.75,8,0.1637,3.4292,4.0708,N,N,08/2021,Analyst
11-1021.00,1.A.1.a.1,Oral Comprehension,IM,4.0,8,0.0,4.0,4.0,N,,08/2023,Analyst
11-1021.00,1.A.1.a.1,Oral Comprehension,LV,4.12,8,0.125,3.88,4.37,N,N,08/2023,Analyst
11-1021.00,1.A.1.a.2,Written Comprehension,IM,4.0,8,0.0,4.0,4.0,N,,08/2023,Analyst
11-1021.00,1.A.1.a.2,Written Comprehension,LV,4.0,8,0.0,4.0,4.0,N,N,08/2023,Analyst
11-1021.00,1.A.1.a.3,Oral Expression,IM,4.0,8,0.0,4.0,4.0,N,,08/2023,Analyst
11-1021.00,1.A.1.a.3,Oral Expression,LV,4.12,8,0.125,3.88,4.37,N,N,08/2023,Analyst
11-1021.00,1.A.1.a.4,Written Expression,IM,4.0,8,0.0,4.0,4.0,N,,08/2023,Analyst
11-1021.00,1.A.1.a.4,Written Expression,LV,4.0,8,0.0,4.0,4.0,N,N,08/2023,Analyst
11-1021.00,1.A.1.b.1,Fluency of Ideas,IM,3.25,8,0.1637,2.9292,3.5708,N,,08/2023,Analyst
11-1021.00,1.A.1.b.1,Fluency of Ideas,LV,3.38,8,0.183,3.0164,3.7336,N,N,08/2023,Analyst
11-1021.00,1.A.1.b.2,Originality,IM,3.12,8,0.125,2.88,3.37,N,,08/2023,Analyst
11-1021.00,1.A.1.b.2,Originality,LV,3.5,8,0.189,3.1296,3.8704,N,N,08/2023,Analyst
11-1021.00,1.A.1.b.3,Problem Sensitivity,IM,3.88,8,0.125,3.63,4.12,N,,08/2023,Analyst
11-1021.00,1.A.1.b.3,Problem Sensitivity,LV,4.12,8,0.125,3.88,4.37,N,N,08/2023,Analyst
11-1021.00,1.A.1.b.4,Deductive Reasoning,IM,3.88,8,0.125,3.63,4.12,N,,08/2023,Analyst
11-1021.00,1.A.1.b.4,Deductive Reasoning,LV,4.12,8,0.125,3.88,4.37,N,N,08/2023,Analyst
11-1021.00,1.A.1.b.5,Inductive Reasoning,IM,3.5,8,0.189,3.1296,3.8704,N,,08/2023,Analyst
11-1021.00,1.A.1.b.5,Inductive Reasoning,LV,3.5,8,0.2673,2.9762,4.0238,N,N,08/2023,Analyst
11-1021.00,1.A.1.b.6,Information Ordering,IM,3.5,8,0.189,3.1296,3.8704,N,,08/2023,Analyst
11-1021.00,1.A.1.b.6,Information Ordering,LV,3.62,8,0.183,3.2664,3.9836,N,N,08/2023,Analyst
11-1021.00,1.A.1.b.7,Category Flexibility,IM,3.38,8,0.183,3.0164,3.7336,N,,08/2023,Analyst
11-1021.00,1.A.1.b.7,Category Flexibility,LV,3.25,8,0.1637,2.9292,3.5708,N,N,08/2023,Analyst
11-1021.00,1.A.1.c.1,Mathematical Reasoning,IM,2.88,8,0.125,2.63,3.12,N,,08/2023,Analyst
11-1021.00,1.A.1.c.1,Mathematical Reasoning,LV,3.12,8,0.125,2.88,3.37,N,N,08/2023,Analyst
11-1021.00,1.A.1.c.2,Number Facility,IM,2.88,8,0.2266,2.4309,3.3191,N,,08/2023,Analyst
11-1021.00,1.A.1.c.2,Number Facility,LV,3.0,8,0.189,2.6296,3.3704,N,N,08/2023,Analyst
11-1021.00,1.A.1.d.1,Memorization,IM,2.25,8,0.1637,1.9292,2.5708,N,,08/2023,Analyst
11-1021.00,1.A.1.d.1,Memorization,LV,2.25,8,0.1637,1.9292,2.5708,N,N,08/2023,Analyst
11-1021.00,1.A.1.e.1,Speed of Closure,IM,2.38,8,0.183,2.0164,2.7336,N,,08/2023,Analyst
11-1021.00,1.A.1.e.1,Speed of Closure,LV,2.25,8,0.1637,1.9292,2.5708,N,N,08/2023,Analyst
11-1021.00,1.A.1.e.2,Flexibility of Closure,IM,2.62,8,0.183,2.2664,2.9836,N,,08/2023,Analyst
11-1021.00,1.A.1.e.2,Flexibility of Closure,LV,2.5,8,0.189,2.1296,2.8704,N,N,08/2023,Analyst
11-1021.00,1.A.1.e.3,Perceptual Speed,IM,2.38,8,0.183,2.0164,2.7336,N,,08/2023,Analyst
11-1021.00,1.A.1.e.3,Perceptual Speed,LV,2.25,8,0.1637,1.9292,2.5708,N,N,08/2023,Analyst
11-1021.00,1.A.1.f.1,Spatial Orientation,IM,1.5,8,0.189,1.1296,1.8704,N,,08/2023,Analyst
11-1021.00,1.A.1.f.1,Spatial Orientation,LV,0.62,8,0.2631,0.1094,1.1406,N,N,08/2023,Analyst
11-1021.00,1.A.1.f.2,Visualization,IM,2.75,8,0.25,2.26,3.24,N,,08/2023,Analyst
11-1021.00,1.A.1.f.2,Visualization,LV,2.75,8,0.25,2.26,3.24,N,N,08/2023,Analyst
11-1021.00,1.A.1.g.1,Selective Attention,IM,2.88,8,0.125,2.63,3.12,N,,08/2023,Analyst
11-1021.00,1.A.1.g.1,Selective Attention,LV,2.88,8,0.125,2.63,3.12,N,N,08/2023,Analyst
11-1021.00,1.A.1.g.2,Time Sharing,IM,2.75,8,0.1637,2.4292,3.0708,N,,08/2023,Analyst
11-1021.00,1.A.1.g.2,Time Sharing,LV,2.88,8,0.125,2.63,3.12,N,N,08/2023,Analyst
11-1021.00,1.A.2.a.1,Arm-Hand Steadiness,IM,1.62,8,0.183,1.2664,1.9836,N,,08/2023,Analyst
11-1021.00,1.A.2.a.1,Arm-Hand Steadiness,LV,0.88,8,0.295,0.2967,1.4533,N,N,08/2023,Analyst
11-1021.00,1.A.2.a.2,Manual Dexterity,IM,1.5,8,0.189,1.1296,1.8704,N,,08/2023,Analyst
11-1021.00,1.A.2.a.2,Manual Dexterity,LV,0.5,8,0.189,0.1296,0.8704,N,N,08/2023,Analyst
11-1021.00,1.A.2.a.3,Finger Dexterity,IM,1.5,8,0.189,1.1296,1.8704,N,,08/2023,Analyst
11-1021.00,1.A.2.a.3,Finger Dexterity,LV,0.5,8,0.189,0.1296,0.8704,N,N,08/2023,Analyst
11-1021.00,1.A.2.b.1,Control Precision,IM,1.12,8,0.125,1.0,1.37,N,,08/2023,Analyst
11-1021.00,1.A.2.b.1,Control Precision,LV,0.12,8,0.125,0.0,0.37,N,Y,08/2023,Analyst
11-1021.00,1.A.2.b.2,Multilimb Coordination,IM,1.5,8,0.189,1.1296,1.8704,N,,08/2023,Analyst
11-1021.00,1.A.2.b.2,Multilimb Coordination,LV,0.5,8,0.189,0.1296,0.8704,N,N,08/2023,Analyst
11-1021.00,1.A.2.b.3,Response Orientation,IM,1.0,8,0.0,1.0,1.0,N,,08/2023,Analyst
11-1021.00,1.A.2.b.3,Response Orientation,LV,0.0,8,0.0,0.0,0.0,N,Y,08/2023,Analyst
11-1021.00,1.A.2.b.4,Rate Control,IM,1.0,8,0.0,1.0,1.0,N,,08/2023,Analyst
11-1021.00,1.A.2.b.4,Rate Control,LV,0.0,8,0.0,0.0,0.0,N,Y,08/2023,Analyst
11-1021.00,1.A.2.c.1,Reaction Time,IM,1.62,8,0.183,1.2664,1.9836,N,,08/2023,Analyst
11-1021.00,1.A.2.c.1,Reaction Time,LV,0.62,8,0.183,0.2664,0.9836,N,N,08/2023,Analyst
11-1021.00,1.A.2.c.2,Wrist-Finger Speed,IM,1.75,8,0.1637,1.4292,2.0708,N,,08/2023,Analyst
11-1021.00,1.A.2.c.2,Wrist-Finger Speed,LV,0.88,8,0.2266,0.4309,1.3191,N,N,08/2023,Analyst
11-1021.00,1.A.2.c.3,Speed of Limb Movement,IM,1.0,8,0.0,1.0,1.0,N,,08/2023,Analyst
11-1021.00,1.A.2.c.3,Speed of Limb Movement,LV,0.0,8,0.0,0.0,0.0,N,Y,08/2023,Analyst
11-1021.00,1.A.3.a.1,Static Strength,IM,1.5,8,0.189,1.1296,1.8704,N,,08/2023,Analyst
11-1021.00,1.A.3.a.1,Static Strength,LV,0.88,8,0.3504,0.1883,1.5617,N,N,08/2023,Analyst
11-1021.00,1.A.3.a.2,Explosive Strength,IM,1.38,8,0.183,1.0164,1.7336,N,,08/2023,Analyst
11-1021.00,1.A.3.a.2,Explosive Strength,LV,0.38,8,0.183,0.0164,0.7336,N,N,08/2023,Analyst
11-1021.00,1.A.3.a.3,Dynamic Strength,IM,1.12,8,0.125,1.0,1.37,N,,08/2023,Analyst
11-1021.00,1.A.3.a.3,Dynamic Strength,LV,0.12,8,0.125,0.0,0.37,N,Y,08/2023,Analyst
11-1021.00,1.A.3.a.4,Trunk Strength,IM,2.12,8,0.125,1.88,2.37,N,,08/2023,Analyst
11-1021.00,1.A.3.a.4,Trunk Strength,LV,1.88,8,0.125,1.63,2.12,N,N,08/2023,Analyst
11-1021.00,1.A.3.b.1,Stamina,IM,1.62,8,0.183,1.2664,1.9836,N,,08/2023,Analyst
11-1021.00,1.A.3.b.1,Stamina,LV,0.88,8,0.295,0.2967,1.4533,N,N,08/2023,Analyst
11-1021.00,1.A.3.c.1,Extent Flexibility,IM,1.25,8,0.1637,1.0,1.5708,N,,08/2023,Analyst
11-1021.00,1.A.3.c.1,Extent Flexibility,LV,0.25,8,0.1637,0.0,0.5708,N,Y,08/2023,Analyst
11-1021.00,1.A.3.c.2,Dynamic Flexibility,IM,1.0,8,0.0,1.0,1.0,N,,08/2023,Analyst
11-1021.00,1.A.3.c.2,Dynamic Flexibility,LV,0.0,8,0.0,0.0,0.0,N,Y,08/2023,Analyst
11-1021.00,1.A.3.c.3,Gross Body Coordination,IM,1.5,8,0.189,1.1296,1.8704,N,,08/2023,Analyst
11-1021.00,1.A.3.c.3,Gross Body Coordination,LV,0.62,8,0.2631,0.1094,1.1406,N,N,08/2023,Analyst
11-1021.00,1.A.3.c.4,Gross Body Equilibrium,IM,1.38,8,0.183,1.0164,1.7336,N,,08/2023,Analyst
11-1021.00,1.A.3.c.4,Gross Body Equilibrium,LV,0.38,8,0.183,0.0164,0.7336,N,N,08/2023,Analyst
11-1021.00,1.A.4.a.1,Near Vision,IM,3.5,8,0.189,3.1296,3.8704,N,,08/2023,Analyst
11-1021.00,1.A.4.a.1,Near Vision,LV,3.38,8,0.183,3.0164,3.7336,N,N,08/2023,Analyst
11-1021.00,1.A.4.a.2,Far Vision,IM,2.62,8,0.183,2.2664,2.9836,N,,08/2023,Analyst
11-1021.00,1.A.4.a.2,Far Vision,LV,2.75,8,0.1637,2.4292,3.0708,N,N,08/2023,Analyst
11-1021.00,1.A.4.a.3,Visual Color Discrimination,IM,1.88,8,0.125,1.63,2.12,N,,08/2023,Analyst
11-1021.00,1.A.4.a.3,Visual Color Discrimination,LV,1.75,8,0.25,1.26,2.24,N,N,08/2023,Analyst
11-1021.00,1.A.4.a.4,Night Vision,IM,1.12,8,0.125,1.0,1.37,N,,08/2023,Analyst
11-1021.00,1.A.4.a.4,Night Vision,LV,0.12,8,0.125,0.0,0.37,N,Y,08/2023,Analyst
11-1021.00,1.A.4.a.5,Peripheral Vision,IM,1.25,8,0.1637,1.0,1.5708,N,,08/2023,Analyst
11-1021.00,1.A.4.a.5,Peripheral Vision,LV,0.25,8,0.1637,0.0,0.5708,N,Y,08/2023,Analyst
11-1021.00,1.A.4.a.6,Depth Perception,IM,1.88,8,0.125,1.63,2.12,N,,08/2023,Analyst
11-1021.00,1.A.4.a.6,Depth Perception,LV,1.62,8,0.2631,1.1094,2.1406,N,N,08/2023,Analyst
11-1021.00,1.A.4.a.7,Glare Sensitivity,IM,1.0,8,0.0,1.0,1.0,N,,08/2023,Analyst
11-1021.00,1.A.4.a.7,Glare Sensitivity,LV,0.0,8,0.0,0.0,0.0,N,Y,08/2023,Analyst
11-1021.00,1.A.4.b.1,Hearing Sensitivity,IM,1.75,8,0.1637,1.4292,2.0708,N,,08/2023,Analyst
11-1021.00,1.A.4.b.1,Hearing Sensitivity,LV,1.5,8,0.3273,0.8584,2.1416,N,N,08/2023,Analyst
11-1021.00,1.A.4.b.2,Auditory Attention,IM,2.12,8,0.125,1.88,2.37,N,,08/2023,Analyst
11-1021.00,1.A.4.b.2,Auditory Attention,LV,2.0,8,0.0,2.0,2.0,N,N,08/2023,Analyst
11-1021.00,1.A.4.b.3,Sound Localization,IM,1.25,8,0.1637,1.0,1.5708,N,,08/2023,Analyst
11-1021.00,1.A.4.b.3,Sound Localization,LV,0.25,8,0.1637,0.0,0.5708,N,Y,08/2023,Analyst
11-1021.00,1.A.4.b.4,Speech Recognition,IM,3.62,8,0.183,3.2664,3.9836,N,,08/2023,Analyst
11-1021.00,1.A.4.b.4,Speech Recognition,LV,3.5,8,0.2673,2.9762,4.0238,N,N,08/2023,Analyst
11-1021.00,1.A.4.b.5,Speech Clarity,IM,3.88,8,0.125,3.63,4.12,N,,08/2023,Analyst
11-1021.00,1.A.4.b.5,Speech Clarity,LV,3.62,8,0.2631,3.1094,4.1406,N,N,08/2023,Analyst
11-2011.00,1.A.1.a.1,Oral Comprehension,IM,4.0,8,0.0,4.0,4.0,N,,08/2018,Analyst
11-2011.00,1.A.1.a.1,Oral Comprehension,LV,4.38,8,0.183,4.0164,4.7336,N,N,08/2018,Analyst
11-2011.00,1.A.1.a.2,Written Comprehension,IM,4.0,8,0.0,4.0,4.0,N,,08/2018,Analyst
11-2011.00,1.A.1.a.2,Written Comprehension,LV,4.0,8,0.0,4.0,4.0,N,N,08/2018,Analyst
11-2011.00,1.A.1.a.3,Oral Expression,IM,4.25,8,0.1637,3.9292,4.5708,N,,08/2018,Analyst
11-2011.00,1.A.1.a.3,Oral Expression,LV,4.75,8,0.1637,4.4292,5.0708,N,N,08/2018,Analyst
11-2011.00,1.A.1.a.4,Written Expression,IM,3.88,8,0.125,3.63,4.12,N,,08/2018,Analyst
11-2011.00,1.A.1.a.4,Written Expression,LV,4.0,8,0.0,4.0,4.0,N,N,08/2018,Analyst
11-2011.00,1.A.1.b.1,Fluency of Ideas,IM,3.75,8,0.1637,3.4292,4.0708,N,,08/2018,Analyst
11-2011.00,1.A.1.b.1,Fluency of Ideas,LV,4.12,8,0.125,3.88,4.37,N,N,08/2018,Analyst
11-2011.00,1.A.1.b.2,Originality,IM,3.75,8,0.1637,3.4292,4.0708,N,,08/2018,Analyst
11-2011.00,1.A.1.b.2,Originality,LV,3.88,8,0.125,3.63,4.12,N,N,08/2018,Analyst
11-2011.00,1.A.1.b.3,Problem Sensitivity,IM,3.62,8,0.183,3.2664,3.9836,N,,08/2018,Analyst
11-2011.00,1.A.1.b.3,Problem Sensitivity,LV,4.0,8,0.0,4.0,4.0,N,N,08/2018,Analyst
11-2011.00,1.A.1.b.4,Deductive Reasoning,IM,3.88,8,0.125,3.63,4.12,N,,08/2018,Analyst
11-2011.00,1.A.1.b.4,Deductive Reasoning,LV,4.5,8,0.189,4.1296,4.8704,N,N,08/2018,Analyst
11-2011.00,1.A.1.b.5,Inductive Reasoning,IM,3.5,8,0.189,3.1296,3.8704,N,,08/2018,Analyst
11-2011.00,1.A.1.b.5,Inductive Reasoning,LV,3.88,8,0.2266,3.4309,4.3191,N,N,08/2018,Analyst
11-2011.00,1.A.1.b.6,Information Ordering,IM,3.25,8,0.1637,2.9292,3.5708,N,,08/2018,Analyst
11-2011.00,1.A.1.b.6,Information Ordering,LV,3.75,8,0.1637,3.4292,4.0708,N,N,08/2018,Analyst
11-2011.00,1.A.1.b.7,Category Flexibility,IM,3.38,8,0.183,3.0164,3.7336,N,,08/2018,Analyst
11-2011.00,1.A.1.b.7,Category Flexibility,LV,3.88,8,0.125,3.63,4.12,N,N,08/2018,Analyst
11-2011.00,1.A.1.c.1,Mathematical Reasoning,IM,3.0,8,0.0,3.0,3.0,N,,08/2018,Analyst
11-2011.00,1.A.1.c.1,Mathematical Reasoning,LV,3.12,8,0.125,2.88,3.37,N,N,08/2018,Analyst
11-2011.00,1.A.1.c.2,Number Facility,IM,2.88,8,0.125,2.63,3.12,N,,08/2018,Analyst
11-2011.00,1.A.1.c.2,Number Facility,LV,3.12,8,0.125,2.88,3.37,N,N,08/2018,Analyst
11-2011.00,1.A.1.d.1,Memorization,IM,2.5,8,0.189,2.1296,2.8704,N,,08/2018,Analyst
11-2011.00,1.A.1.d.1,Memorization,LV,2.38,8,0.183,2.0164,2.7336,N,N,08/2018,Analyst
11-2011.00,1.A.1.e.1,Speed of Closure,IM,2.62,8,0.183,2.2664,2.9836,N,,08/2018,Analyst
11-2011.00,1.A.1.e.1,Speed of Closure,LV,2.75,8,0.1637,2.4292,3.0708,N,N,08/2018,Analyst
11-2011.00,1.A.1.e.2,Flexibility of Closure,IM,3.12,8,0.125,2.88,3.37,N,,08/2018,Analyst
11-2011.00,1.A.1.e.2,Flexibility of Closure,LV,3.12,8,0.125,2.88,3.37,N,N,08/2018,Analyst
11-2011.00,1.A.1.e.3,Perceptual Speed,IM,2.88,8,0.2266,2.4309,3.3191,N,,08/2018,Analyst
11-2011.00,1.A.1.e.3,Perceptual Speed,LV,2.75,8,0.1637,2.4292,3.0708,N,N,08/2018,Analyst
11-2011.00,1.A.1.f.1,Spatial Orientation,IM,1.0,8,0.0,1.0,1.0,N,,08/2018,Analyst
11-2011.00,1.A.1.f.1,Spatial Orientation,LV,0.0,8,0.0,0.0,0.0,N,Y,08/2018,Analyst
11-2011.00,1.A.1.f.2,Visualization,IM,3.25,8,0.1637,2.9292,3.5708,N,,08/2018,Analyst
11-2011.00,1.A.1.f.2,Visualization,LV,3.12,8,0.125,2.88,3.37,N,N,08/2018,Analyst
11-2011.00,1.A.1.g.1,Selective Attention,IM,2.88,8,0.125,2.63,3.12,N,,08/2018,Analyst
11-2011.00,1.A.1.g.1,Selective Attention,LV,2.75,8,0.1637,2.4292,3.0708,N,N,08/2018,Analyst
11-2011.00,1.A.1.g.2,Time Sharing,IM,2.75,8,0.1637,2.4292,3.0708,N,,08/2018,Analyst
11-2011.00,1.A.1.g.2,Time Sharing,LV,2.12,8,0.125,1.88,2.37,N,N,08/2018,Analyst
11-2011.00,1.A.2.a.1,Arm-Hand Steadiness,IM,1.38,8,0.183,1.0164,1.7336,N,,08/2018,Analyst
11-2011.00,1.A.2.a.1,Arm-Hand Steadiness,LV,0.5,8,0.2673,0.0,1.0238,N,N,08/2018,Analyst
11-2011.00,1.A.2.a.2,Manual Dexterity,IM,1.38,8,0.183,1.0164,1.7336,N,,08/2018,Analyst
11-2011.00,1.A.2.a.2,Manual Dexterity,LV,0.38,8,0.183,0.0164,0.7336,N,N,08/2018,Analyst
11-2011.00,1.A.2.a.3,Finger Dexterity,IM,1.62,8,0.183,1.2664,1.9836,N,,08/2018,Analyst
11-2011.00,1.A.2.a.3,Finger Dexterity,LV,1.12,8,0.3504,0.4383,1.8117,N,N,08/2018,Analyst
11-2011.00,1.A.2.b.1,Control Precision,IM,1.12,8,0.125,1.0,1.37,N,,08/2018,Analyst
11-2011.00,1.A.2.b.1,Control Precision,LV,0.12,8,0.125,0.0,0.37,N,Y,08/2018,Analyst
11-2011.00,1.A.2.b.2,Multilimb Coordination,IM,1.0,8,0.0,1.0,1.0,N,,08/2018,Analyst
11-2011.00,1.A.2.b.2,Multilimb Coordination,LV,0.0,8,0.0,0.0,0.0,N,Y,08/2018,Analyst
11-2011.00,1.A.2.b.3,Response Orientation,IM,1.0,8,0.0,1.0,1.0,N,,08/2018,Analyst
11-2011.00,1.A.2.b.3,Response Orientation,LV,0.0,8,0.0,0.0,0.0,N,Y,08/2018,Analyst
11-2011.00,1.A.2.b.4,Rate Control,IM,1.0,8,0.0,1.0,1.0,N,,08/2018,Analyst
11-2011.00,1.A.2.b.4,Rate Control,LV,0.0,8,0.0,0.0,0.0,N,Y,08/2018,Analyst
11-2011.00,1.A.2.c.1,Reaction Time,IM,1.0,8,0.0,1.0,1.0,N,,08/2018,Analyst
11-2011.00,1.A.2.c.1,Reaction Time,LV,0.0,8,0.0,0.0,0.0,N,Y,08/2018,Analyst
11-2011.00,1.A.2.c.2,Wrist-Finger Speed,IM,1.75,8,0.1637,1.4292,2.0708,N,,08/2018,Analyst
11-2011.00,1.A.2.c.2,Wrist-Finger Speed,LV,0.75,8,0.1637,0.4292,1.0708,N,N,08/2018,Analyst
11-2011.00,1.A.2.c.3,Speed of Limb Movement,IM,1.0,8,0.0,1.0,1.0,N,,08/2018,Analyst
11-2011.00,1.A.2.c.3,Speed of Limb Movement,LV,0.0,8,0.0,0.0,0.0,N,Y,08/2018,Analyst
11-2011.00,1.A.3.a.1,Static Strength,IM,1.0,8,0.0,1.0,1.0,N,,08/2018,Analyst
11-2011.00,1.A.3.a.1,Static Strength,LV,0.0,8,0.0,0.0,0.0,N,Y,08/2018,Analyst
11-2011.00,1.A.3.a.2,Explosive Strength,IM,1.0,8,0.0,1.0,1.0,N,,08/2018,Analyst
11-2011.00,1.A.3.a.2,Explosive Strength,LV,0.0,8,0.0,0.0,0.0,N,Y,08/2018,Analyst
11-2011.00,1.A.3.a.3,Dynamic Strength,IM,1.0,8,0.0,1.0,1.0,N,,08/2018,Analyst
11-2011.00,1.A.3.a.3,Dynamic Strength,LV,0.0,8,0.0,0.0,0.0,N,Y,08/2018,Analyst
11-2011.00,1.A.3.a.4,Trunk Strength,IM,1.62,8,0.183,1.2664,1.9836,N,,08/2018,Analyst
11-2011.00,1.A.3.a.4,Trunk Strength,LV,0.88,8,0.295,0.2967,1.4533,N,N,08/2018,Analyst
11-2011.00,1.A.3.b.1,Stamina,IM,1.0,8,0.0,1.0,1.0,N,,08/2018,Analyst
11-2011.00,1.A.3.b.1,Stamina,LV,0.0,8,0.0,0.0,0.0,N,Y,08/2018,Analyst
11-2011.00,1.A.3.c.1,Extent Flexibility,IM,1.0,8,0.0,1.0,1.0,N,,08/2018,Analyst
11-2011.00,1.A.3.c.1,Extent Flexibility,LV,0.0,8,0.0,0.0,0.0,N,Y,08/2018,Analyst
11-2011.00,1.A.3.c.2,Dynamic Flexibility,IM,1.0,8,0.0,1.0,1.0,N,,08/2018,Analyst
11-2011.00,1.A.3.c.2,Dynamic Flexibility,LV,0.0,8,0.0,0.0,0.0,N,Y,08/2018,Analyst
11-2011.00,1.A.3.c.3,Gross Body Coordination,IM,1.0,8,0.0,1.0,1.0,N,,08/2018,Analyst
11-2011.00,1.A.3.c.3,Gross Body Coordination,LV,0.0,8,0.0,0.0,0.0,N,Y,08/2018,Analyst
11-2011.00,1.A.3.c.4,Gross Body Equilibrium,IM,1.0,8,0.0,1.0,1.0,N,,08/2018,Analyst
11-2011.00,1.A.3.c.4,Gross Body Equilibrium,LV,0.0,8,0.0,0.0,0.0,N,Y,08/2018,Analyst
11-2011.00,1.A.4.a.1,Near Vision,IM,3.75,8,0.1637,3.4292,4.0708,N,,08/2018,Analyst
11-2011.00,1.A.4.a.1,Near Vision,LV,4.12,8,0.125,3.88,4.37,N,N,08/2018,Analyst
11-2011.00,1.A.4.a.2,Far Vision,IM,2.88,8,0.125,2.63,3.12,N,,08/2018,Analyst
11-2011.00,1.A.4.a.2,Far Vision,LV,3.12,8,0.125,2.88,3.37,N,N,08/2018,Analyst
11-2011.00,1.A.4.a.3,Visual Color Discrimination,IM,2.88,8,0.125,2.63,3.12,N,,08/2018,Analyst
11-2011.00,1.A.4.a.3,Visual Color Discrimination,LV,2.75,8,0.1637,2.4292,3.0708,N,N,08/2018,Analyst
11-2011.00,1.A.4.a.4,Night Vision,IM,1.0,8,0.0,1.0,1.0,N,,08/2018,Analyst
11-2011.00,1.A.4.a.4,Night Vision,LV,0.0,8,0.0,0.0,0.0,N,Y,08/2018,Analyst
11-2011.00,1.A.4.a.5,Peripheral Vision,IM,1.0,8,0.0,1.0,1.0,N,,08/2018,Analyst
11-2011.00,1.A.4.a.5,Peripheral Vision,LV,0.0,8,0.0,0.0,0.0,N,Y,08/2018,Analyst
11-2011.00,1.A.4.a.6,Depth Perception,IM,1.75,8,0.1637,1.4292,2.0708,N,,08/2018,Analyst
11-2011.00,1.A.4.a.6,Depth Perception,LV,1.0,8,0.2673,0.4762,1.5238,N,N,08/2018,Analyst
11-2011.00,1.A.4.a.7,Glare Sensitivity,IM,1.0,8,0.0,1.0,1.0,N,,08/2018,Analyst
11-2011.00,1.A.4.a.7,Glare Sensitivity,LV,0.0,8,0.0,0.0,0.0,N,Y,08/2018,Analyst
11-2011.00,1.A.4.b.1,Hearing Sensitivity,IM,1.75,8,0.1637,1.4292,2.0708,N,,08/2018,Analyst
11-2011.00,1.A.4.b.1,Hearing Sensitivity,LV,1.25,8,0.3134,0.6358,1.8642,N,N,08/2018,Analyst
11-2011.00,1.A.4.b.2,Auditory Attention,IM,1.75,8,0.1637,1.4292,2.0708,N,,08/2018,Analyst
11-2011.00,1.A.4.b.2,Auditory Attention,LV,1.25,8,0.3134,0.6358,1.8642,N,N,08/2018,Analyst
11-2011.00,1.A.4.b.3,Sound Localization,IM,1.0,8,0.0,1.0,1.0,N,,08/2018,Analyst
11-2011.00,1.A.4.b.3,Sound Localization,LV,0.0,8,0.0,0.0,0.0,N,Y,08/2018,Analyst
11-2011.00,1.A.4.b.4,Speech Recognition,IM,3.88,8,0.125,3.63,4.12,N,,08/2018,Analyst
11-2011.00,1.A.4.b.4,Speech Recognition,LV,4.0,8,0.0,4.0,4.0,N,N,08/2018,Analyst
11-2011.00,1.A.4.b.5,Speech Clarity,IM,4.0,8,0.0,4.0,4.0,N,,08/2018,Analyst
11-2011.00,1.A.4.b.5,Speech Clarity,LV,3.88,8,0.125,3.63,4.12,N,N,08/2018,Analyst
11-2021.00,1.A.1.a.1,Oral Comprehension,IM,4.0,8,0.0,4.0,4.0,N,,07/2015,Analyst
11-2021.00,1.A.1.a.1,Oral Comprehension,LV,4.38,8,0.183,4.0164,4.7336,N,N,07/2015,Analyst
11-2021.00,1.A.1.a.2,Written Comprehension,IM,4.0,8,0.0,4.0,4.0,N,,07/2015,Analyst
11-2021.00,1.A.1.a.2,Written Comprehension,LV,4.12,8,0.125,3.88,4.37,N,N,07/2015,Analyst
11-2021.00,1.A.1.a.3,Oral Expression,IM,4.0,8,0.0,4.0,4.0,N,,07/2015,Analyst
11-2021.00,1.A.1.a.3,Oral Expression,LV,4.12,8,0.125,3.88,4.37,N,N,07/2015,Analyst
11-2021.00,1.A.1.a.4,Written Expression,IM,3.88,8,0.125,3.63,4.12,N,,07/2015,Analyst
11-2021.00,1.A.1.a.4,Written Expression,LV,4.12,8,0.125,3.88,4.37,N,N,07/2015,Analyst
11-2021.00,1.A.1.b.1,Fluency of Ideas,IM,3.75,8,0.1637,3.4292,4.0708,N,,07/2015,Analyst
11-2021.00,1.A.1.b.1,Fluency of Ideas,LV,4.25,8,0.1637,3.9292,4.5708,N,N,07/2015,Analyst
11-2021.00,1.A.1.b.2,Originality,IM,3.62,8,0.183,3.2664,3.9836,N,,07/2015,Analyst
11-2021.00,1.A.1.b.2,Originality,LV,4.0,8,0.0,4.0,4.0,N,N,07/2015,Analyst
11-2021.00,1.A.1.b.3,Problem Sensitivity,IM,3.62,8,0.183,3.2664,3.9836,N,,07/2015,Analyst
11-2021.00,1.A.1.b.3,Problem Sensitivity,LV,3.88,8,0.125,3.63,4.12,N,N,07/2015,Analyst
11-2021.00,1.A.1.b.4,Deductive Reasoning,IM,3.88,8,0.125,3.63,4.12,N,,07/2015,Analyst
11-2021.00,1.A.1.b.4,Deductive Reasoning,LV,4.38,8,0.183,4.0164,4.7336,N,N,07/2015,Analyst
11-2021.00,1.A.1.b.5,Inductive Reasoning,IM,3.75,8,0.1637,3.4292,4.0708,N,,07/2015,Analyst
11-2021.00,1.A.1.b.5,Inductive Reasoning,LV,3.88,8,0.125,3.63,4.12,N,N,07/2015,Analyst
11-2021.00,1.A.1.b.6,Information Ordering,IM,3.25,8,0.1637,2.9292,3.5708,N,,07/2015,Analyst
11-2021.00,1.A.1.b.6,Information Ordering,LV,3.5,8,0.189,3.1296,3.8704,N,N,07/2015,Analyst
11-2021.00,1.A.1.b.7,Category Flexibility,IM,3.25,8,0.1637,2.9292,3.5708,N,,07/2015,Analyst
11-2021.00,1.A.1.b.7,Category Flexibility,LV,3.62,8,0.183,3.2664,3.9836,N,N,07/2015,Analyst
11-2021.00,1.A.1.c.1,Mathematical Reasoning,IM,3.12,8,0.125,2.88,3.37,N,,07/2015,Analyst
11-2021.00,1.A.1.c.1,Mathematical Reasoning,LV,3.62,8,0.183,3.2664,3.9836,N,N,07/2015,Analyst
11-2021.00,1.A.1.c.2,Number Facility,IM,3.12,8,0.125,2.88,3.37,N,,07/2015,Analyst
11-2021.00,1.A.1.c.2,Number Facility,LV,3.5,8,0.189,3.1296,3.8704,N,N,07/2015,Analyst
11-2021.00,1.A.1.d.1,Memorization,IM,2.62,8,0.183,2.2664,2.9836,N,,07/2015,Analyst
11-2021.00,1.A.1.d.1,Memorization,LV,3.0,8,0.0,3.0,3.0,N,N,07/2015,Analyst
11-2021.00,1.A.1.e.1,Speed of Closure,IM,2.75,8,0.1637,2.4292,3.0708,N,,07/2015,Analyst
11-2021.00,1.A.1.e.1,Speed of Closure,LV,3.0,8,0.0,3.0,3.0,N,N,07/2015,Analyst
11-2021.00,1.A.1.e.2,Flexibility of Closure,IM,3.0,8,0.0,3.0,3.0,N,,07/2015,Analyst
11-2021.00,1.A.1.e.2,Flexibility of Closure,LV,3.0,8,0.189,2.6296,3.3704,N,N,07/2015,Analyst
11-2021.00,1.A.1.e.3,Perceptual Speed,IM,2.75,8,0.1637,2.4292,3.0708,N,,07/2015,Analyst
11-2021.00,1.A.1.e.3,Perceptual Speed,LV,2.88,8,0.125,2.63,3.12,N,N,07/2015,Analyst
11-2021.00,1.A.1.f.1,Spatial Orientation,IM,1.0,8,0.0,1.0,1.0,N,,07/2015,Analyst
11-2021.00,1.A.1.f.1,Spatial Orientation,LV,0.0,8,0.0,0.0,0.0,N,Y,07/2015,Analyst
11-2021.00,1.A.1.f.2,Visualization,IM,3.0,8,0.0,3.0,3.0,N,,07/2015,Analyst
11-2021.00,1.A.1.f.2,Visualization,LV,3.0,8,0.0,3.0,3.0,N,N,07/2015,Analyst
11-2021.00,1.A.1.g.1,Selective Attention,IM,2.88,8,0.125,2.63,3.12,N,,07/2015,Analyst
11-2021.00,1.A.1.g.1,Selective Attention,LV,2.88,8,0.125,2.63,3.12,N,N,07/2015,Analyst
11-2021.00,1.A.1.g.2,Time Sharing,IM,2.75,8,0.1637,2.4292,3.0708,N,,07/2015,Analyst
11-2021.00,1.A.1.g.2,Time Sharing,LV,2.62,8,0.183,2.2664,2.9836,N,N,07/2015,Analyst
11-2021.00,1.A.2.a.1,Arm-Hand Steadiness,IM,1.12,8,0.125,1.0,1.37,N,,07/2015,Analyst
11-2021.00,1.A.2.a.1,Arm-Hand Steadiness,LV,0.12,8,0.125,0.0,0.37,N,Y,07/2015,Analyst
11-2021.00,1.A.2.a.2,Manual Dexterity,IM,1.0,8,0.0,1.0,1.0,N,,07/2015,Analyst
11-2021.00,1.A.2.a.2,Manual Dexterity,LV,0.0,8,0.0,0.0,0.0,N,Y,07/2015,Analyst
11-2021.00,1.A.2.a.3,Finger Dexterity,IM,1.75,8,0.1637,1.4292,2.0708,N,,07/2015,Analyst
11-2021.00,1.A.2.a.3,Finger Dexterity,LV,1.25,8,0.3134,0.6358,1.8642,N,N,07/2015,Analyst
11-2021.00,1.A.2.b.1,Control Precision,IM,1.0,8,0.0,1.0,1.0,N,,07/2015,Analyst
11-2021.00,1.A.2.b.1,Control Precision,LV,0.0,8,0.0,0.0,0.0,N,Y,07/2015,Analyst
11-2021.00,1.A.2.b.2,Multilimb Coordination,IM,1.0,8,0.0,1.0,1.0,N,,07/2015,Analyst
11-2021.00,1.A.2.b.2,Multilimb Coordination,LV,0.0,8,0.0,0.0,0.0,N,Y,07/2015,Analyst
11-2021.00,1.A.2.b.3,Response Orientation,IM,1.0,8,0.0,1.0,1.0,N,,07/2015,Analyst
11-2021.00,1.A.2.b.3,Response Orientation,LV,0.0,8,0.0,0.0,0.0,N,Y,07/2015,Analyst
11-2021.00,1.A.2.b.4,Rate Control,IM,1.0,8,0.0,1.0,1.0,N,,07/2015,Analyst
11-2021.00,1.A.2.b.4,Rate Control,LV,0.0,8,0.0,0.0,0.0,N,Y,07/2015,Analyst
11-2021.00,1.A.2.c.1,Reaction Time,IM,1.0,8,0.0,1.0,1.0,N,,07/2015,Analyst
11-2021.00,1.A.2.c.1,Reaction Time,LV,0.0,8,0.0,0.0,0.0,N,Y,07/2015,Analyst
11-2021.00,1.A.2.c.2,Wrist-Finger Speed,IM,1.62,8,0.183,1.2664,1.9836,N,,07/2015,Analyst
11-2021.00,1.A.2.c.2,Wrist-Finger Speed,LV,0.75,8,0.25,0.26,1.24,N,N,07/2015,Analyst
11-2021.00,1.A.2.c.3,Speed of Limb Movement,IM,1.0,8,0.0,1.0,1.0,N,,07/2015,Analyst
11-2021.00,1.A.2.c.3,Speed of Limb Movement,LV,0.0,8,0.0,0.0,0.0,N,Y,07/2015,Analyst
11-2021.00,1.A.3.a.1,Static Strength,IM,1.0,8,0.0,1.0,1.0,N,,07/2015,Analyst
11-2021.00,1.A.3.a.1,Static Strength,LV,0.0,8,0.0,0.0,0.0,N,Y,07/2015,Analyst
11-2021.00,1.A.3.a.2,Explosive Strength,IM,1.0,8,0.0,1.0,1.0,N,,07/2015,Analyst
11-2021.00,1.A.3.a.2,Explosive Strength,LV,0.0,8,0.0,0.0,0.0,N,Y,07/2015,Analyst
11-2021.00,1.A.3.a.3,Dynamic Strength,IM,1.25,8,0.1637,1.0,1.5708,N,,07/2015,Analyst
11-2021.00,1.A.3.a.3,Dynamic Strength,LV,0.25,8,0.1637,0.0,0.5708,N,Y,07/2015,Analyst
11-2021.00,1.A.3.a.4,Trunk Strength,IM,1.75,8,0.25,1.26,2.24,N,,07/2015,Analyst
11-2021.00,1.A.3.a.4,Trunk Strength,LV,0.88,8,0.295,0.2967,1.4533,N,N,07/2015,Analyst
11-2021.00,1.A.3.b.1,Stamina,IM,1.0,8,0.0,1.0,1.0,N,,07/2015,Analyst
11-2021.00,1.A.3.b.1,Stamina,LV,0.0,8,0.0,0.0,0.0,N,Y,07/2015,Analyst
11-2021.00,1.A.3.c.1,Extent Flexibility,IM,1.0,8,0.0,1.0,1.0,N,,07/2015,Analyst
11-2021.00,1.A.3.c.1,Extent Flexibility,LV,0.0,8,0.0,0.0,0.0,N,Y,07/2015,Analyst
11-2021.00,1.A.3.c.2,Dynamic Flexibility,IM,1.0,8,0.0,1.0,1.0,N,,07/2015,Analyst
11-2021.00,1.A.3.c.2,Dynamic Flexibility,LV,0.0,8,0.0,0.0,0.0,N,Y,07/2015,Analyst
11-2021.00,1.A.3.c.3,Gross Body Coordination,IM,1.0,8,0.0,1.0,1.0,N,,07/2015,Analyst
11-2021.00,1.A.3.c.3,Gross Body Coordination,LV,0.0,8,0.0,0.0,0.0,N,Y,07/2015,Analyst
11-2021.00,1.A.3.c.4,Gross Body Equilibrium,IM,1.0,8,0.0,1.0,1.0,N,,07/2015,Analyst
11-2021.00,1.A.3.c.4,Gross Body Equilibrium,LV,0.0,8,0.0,0.0,0.0,N,Y,07/2015,Analyst
11-2021.00,1.A.4.a.1,Near Vision,IM,3.5,8,0.189,3.1296,3.8704,N,,07/2015,Analyst
11-2021.00,1.A.4.a.1,Near Vision,LV,3.75,8,0.1637,3.4292,4.0708,N,N,07/2015,Analyst
11-2021.00,1.A.4.a.2,Far Vision,IM,2.88,8,0.125,2.63,3.12,N,,07/2015,Analyst
11-2021.00,1.A.4.a.2,Far Vision,LV,3.25,8,0.1637,2.9292,3.5708,N,N,07/2015,Analyst
11-2021.00,1.A.4.a.3,Visual Color Discrimination,IM,2.88,8,0.125,2.63,3.12,N,,07/2015,Analyst
11-2021.00,1.A.4.a.3,Visual Color Discrimination,LV,2.88,8,0.125,2.63,3.12,N,N,07/2015,Analyst
11-2021.00,1.A.4.a.4,Night Vision,IM,1.0,8,0.0,1.0,1.0,N,,07/2015,Analyst
11-2021.00,1.A.4.a.4,Night Vision,LV,0.0,8,0.0,0.0,0.0,N,Y,07/2015,Analyst
11-2021.00,1.A.4.a.5,Peripheral Vision,IM,1.0,8,0.0,1.0,1.0,N,,07/2015,Analyst
11-2021.00,1.A.4.a.5,Peripheral Vision,LV,0.0,8,0.0,0.0,0.0,N,Y,07/2015,Analyst
11-2021.00,1.A.4.a.6,Depth Perception,IM,1.75,8,0.1637,1.4292,2.0708,N,,07/2015,Analyst
11-2021.00,1.A.4.a.6,Depth Perception,LV,0.75,8,0.1637,0.4292,1.0708,N,N,07/2015,Analyst
11-2021.00,1.A.4.a.7,Glare Sensitivity,IM,1.0,8,0.0,1.0,1.0,N,,07/2015,Analyst
11-2021.00,1.A.4.a.7,Glare Sensitivity,LV,0.0,8,0.0,0.0,0.0,N,Y,07/2015,Analyst
11-2021.00,1.A.4.b.1,Hearing Sensitivity,IM,1.88,8,0.125,1.63,2.12,N,,07/2015,Analyst
11-2021.00,1.A.4.b.1,Hearing Sensitivity,LV,1.5,8,0.2673,0.9762,2.0238,N,N,07/2015,Analyst
11-2021.00,1.A.4.b.2,Auditory Attention,IM,1.88,8,0.125,1.63,2.12,N,,07/2015,Analyst
11-2021.00,1.A.4.b.2,Auditory Attention,LV,1.62,8,0.2631,1.1094,2.1406,N,N,07/2015,Analyst
11-2021.00,1.A.4.b.3,Sound Localization,IM,1.0,8,0.0,1.0,1.0,N,,07/2015,Analyst
11-2021.00,1.A.4.b.3,Sound Localization,LV,0.0,8,0.0,0.0,0.0,N,Y,07/2015,Analyst
11-2021.00,1.A.4.b.4,Speech Recognition,IM,3.62,8,0.183,3.2664,3.9836,N,,07/2015,Analyst
11-2021.00,1.A.4.b.4,Speech Recognition,LV,3.88,8,0.125,3.63,4.12,N,N,07/2015,Analyst
11-2021.00,1.A.4.b.5,Speech Clarity,IM,3.75,8,0.1637,3.4292,4.0708,N,,07/2015,Analyst
11-2021.00,1.A.4.b.5,Speech Clarity,LV,3.88,8,0.125,3.63,4.12,N,N,07/2015,Analyst
11-2022.00,1.A.1.a.1,Oral Comprehension,IM,4.0,8,0.0,4.0,4.0,N,,07/2016,Analyst
11-2022.00,1.A.1.a.1,Oral Comprehension,LV,4.5,8,0.189,4.1296,4.8704,N,N,07/2016,Analyst
11-2022.00,1.A.1.a.2,Written Comprehension,IM,4.0,8,0.0,4.0,4.0,N,,07/2016,Analyst
11-2022.00,1.A.1.a.2,Written Comprehension,LV,4.0,8,0.0,4.0,4.0,N,N,07/2016,Analyst
11-2022.00,1.A.1.a.3,Oral Expression,IM,4.0,8,0.0,4.0,4.0,N,,07/2016,Analyst
11-2022.00,1.A.1.a.3,Oral Expression,LV,4.12,8,0.125,3.88,4.37,N,N,07/2016,Analyst
11-2022.00,1.A.1.a.4,Written Expression,IM,3.88,8,0.125,3.63,4.12,N,,07/2016,Analyst
11-2022.00,1.A.1.a.4,Written Expression,LV,4.0,8,0.0,4.0,4.0,N,N,07/2016,Analyst
11-2022.00,1.A.1.b.1,Fluency of Ideas,IM,3.75,8,0.1637,3.4292,4.0708,N,,07/2016,Analyst
11-2022.00,1.A.1.b.1,Fluency of Ideas,LV,3.75,8,0.1637,3.4292,4.0708,N,N,07/2016,Analyst
11-2022.00,1.A.1.b.2,Originality,IM,3.62,8,0.183,3.2664,3.9836,N,,07/2016,Analyst
11-2022.00,1.A.1.b.2,Originality,LV,3.88,8,0.125,3.63,4.12,N,N,07/2016,Analyst
11-2022.00,1.A.1.b.3,Problem Sensitivity,IM,3.75,8,0.1637,3.4292,4.0708,N,,07/2016,Analyst
11-2022.00,1.A.1.b.3,Problem Sensitivity,LV,3.88,8,0.125,3.63,4.12,N,N,07/2016,Analyst
11-2022.00,1.A.1.b.4,Deductive Reasoning,IM,3.88,8,0.125,3.63,4.12,N,,07/2016,Analyst
11-2022.00,1.A.1.b.4,Deductive Reasoning,LV,4.38,8,0.183,4.0164,4.7336,N,N,07/2016,Analyst
11-2022.00,1.A.1.b.5,Inductive Reasoning,IM,3.75,8,0.1637,3.4292,4.0708,N,,07/2016,Analyst
11-2022.00,1.A.1.b.5,Inductive Reasoning,LV,4.0,8,0.189,3.6296,4.3704,N,N,07/2016,Analyst
11-2022.00,1.A.1.b.6,Information Ordering,IM,3.38,8,0.183,3.0164,3.7336,N,,07/2016,Analyst
11-2022.00,1.A.1.b.6,Information Ordering,LV,3.38,8,0.183,3.0164,3.7336,N,N,07/2016,Analyst
11-2022.00,1.A.1.b.7,Category Flexibility,IM,3.25,8,0.1637,2.9292,3.5708,N,,07/2016,Analyst
11-2022.00,1.A.1.b.7,Category Flexibility,LV,3.62,8,0.183,3.2664,3.9836,N,N,07/2016,Analyst
11-2022.00,1.A.1.c.1,Mathematical Reasoning,IM,3.12,8,0.125,2.88,3.37,N,,07/2016,Analyst
11-2022.00,1.A.1.c.1,Mathematical Reasoning,LV,3.75,8,0.1637,3.4292,4.0708,N,N,07/2016,Analyst
11-2022.00,1.A.1.c.2,Number Facility,IM,3.12,8,0.125,2.88,3.37,N,,07/2016,Analyst
11-2022.00,1.A.1.c.2,Number Facility,LV,3.62,8,0.183,3.2664,3.9836,N,N,07/2016,Analyst
11-2022.00,1.A.1.d.1,Memorization,IM,3.0,8,0.0,3.0,3.0,N,,07/2016,Analyst
11-2022.00,1.A.1.d.1,Memorization,LV,3.0,8,0.0,3.0,3.0,N,N,07/2016,Analyst
11-2022.00,1.A.1.e.1,Speed of Closure,IM,2.75,8,0.1637,2.4292,3.0708,N,,07/2016,Analyst
11-2022.00,1.A.1.e.1,Speed of Closure,LV,3.0,8,0.0,3.0,3.0,N,N,07/2016,Analyst
11-2022.00,1.A.1.e.2,Flexibility of Closure,IM,2.75,8,0.1637,2.4292,3.0708,N,,07/2016,Analyst
11-2022.00,1.A.1.e.2,Flexibility of Closure,LV,2.75,8,0.1637,2.4292,3.0708,N,N,07/2016,Analyst
11-2022.00,1.A.1.e.3,Perceptual Speed,IM,2.5,8,0.189,2.1296,2.8704,N,,07/2016,Analyst
11-2022.00,1.A.1.e.3,Perceptual Speed,LV,2.38,8,0.2631,1.8594,2.8906,N,N,07/2016,Analyst
11-2022.00,1.A.1.f.1,Spatial Orientation,IM,1.5,8,0.189,1.1296,1.8704,N,,07/2016,Analyst
11-2022.00,1.A.1.f.1,Spatial Orientation,LV,0.5,8,0.189,0.1296,0.8704,N,N,07/2016,Analyst
11-2022.00,1.A.1.f.2,Visualization,IM,2.38,8,0.183,2.0164,2.7336,N,,07/2016,Analyst
11-2022.00,1.A.1.f.2,Visualization,LV,2.5,8,0.189,2.1296,2.8704,N,N,07/2016,Analyst
11-2022.00,1.A.1.g.1,Selective Attention,IM,2.62,8,0.183,2.2664,2.9836,N,,07/2016,Analyst
11-2022.00,1.A.1.g.1,Selective Attention,LV,2.62,8,0.183,2.2664,2.9836,N,N,07/2016,Analyst
11-2022.00,1.A.1.g.2,Time Sharing,IM,2.62,8,0.183,2.2664,2.9836,N,,07/2016,Analyst
11-2022.00,1.A.1.g.2,Time Sharing,LV,2.38,8,0.183,2.0164,2.7336,N,N,07/2016,Analyst
11-2022.00,1.A.2.a.1,Arm-Hand Steadiness,IM,1.38,8,0.183,1.0164,1.7336,N,,07/2016,Analyst
11-2022.00,1.A.2.a.1,Arm-Hand Steadiness,LV,0.5,8,0.2673,0.0,1.0238,N,N,07/2016,Analyst
11-2022.00,1.A.2.a.2,Manual Dexterity,IM,1.5,8,0.189,1.1296,1.8704,N,,07/2016,Analyst
11-2022.00,1.A.2.a.2,Manual Dexterity,LV,0.62,8,0.2631,0.1094,1.1406,N,N,07/2016,Analyst
11-2022.00,1.A.2.a.3,Finger Dexterity,IM,1.75,8,0.1637,1.4292,2.0708,N,,07/2016,Analyst
11-2022.00,1.A.2.a.3,Finger Dexterity,LV,1.25,8,0.3134,0.6358,1.8642,N,N,07/2016,Analyst
11-2022.00,1.A.2.b.1,Control Precision,IM,1.62,8,0.183,1.2664,1.9836,N,,07/2016,Analyst
11-2022.00,1.A.2.b.1,Control Precision,LV,0.88,8,0.295,0.2967,1.4533,N,N,07/2016,Analyst
11-2022.00,1.A.2.b.2,Multilimb Coordination,IM,1.5,8,0.189,1.1296,1.8704,N,,07/2016,Analyst
11-2022.00,1.A.2.b.2,Multilimb Coordination,LV,0.62,8,0.2631,0.1094,1.1406,N,N,07/2016,Analyst
11-2022.00,1.A.2.b.3,Response Orientation,IM,1.38,8,0.183,1.0164,1.7336,N,,07/2016,Analyst
11-2022.00,1.A.2.b.3,Response Orientation,LV,0.5,8,0.2673,0.0,1.0238,N,N,07/2016,Analyst
11-2022.00,1.A.2.b.4,Rate Control,IM,1.12,8,0.125,1.0,1.37,N,,07/2016,Analyst
11-2022.00,1.A.2.b.4,Rate Control,LV,0.12,8,0.125,0.0,0.37,N,Y,07/2016,Analyst
11-2022.00,1.A.2.c.1,Reaction Time,IM,1.12,8,0.125,1.0,1.37,N,,07/2016,Analyst
11-2022.00,1.A.2.c.1,Reaction Time,LV,0.12,8,0.125,0.0,0.37,N,Y,07/2016,Analyst
11-2022.00,1.A.2.c.2,Wrist-Finger Speed,IM,1.5,8,0.189,1.1296,1.8704,N,,07/2016,Analyst
11-2022.00,1.A.2.c.2,Wrist-Finger Speed,LV,0.5,8,0.189,0.1296,0.8704,N,N,07/2016,Analyst
11-2022.00,1.A.2.c.3,Speed of Limb Movement,IM,1.12,8,0.125,1.0,1.37,N,,07/2016,Analyst
11-2022.00,1.A.2.c.3,Speed of Limb Movement,LV,0.12,8,0.125,0.0,0.37,N,Y,07/2016,Analyst
11-2022.00,1.A.3.a.1,Static Strength,IM,1.0,8,0.0,1.0,1.0,N,,07/2016,Analyst
11-2022.00,1.A.3.a.1,Static Strength,LV,0.0,8,0.0,0.0,0.0,N,Y,07/2016,Analyst
11-2022.00,1.A.3.a.2,Explosive Strength,IM,1.0,8,0.0,1.0,1.0,N,,07/2016,Analyst
11-2022.00,1.A.3.a.2,Explosive Strength,LV,0.0,8,0.0,0.0,0.0,N,Y,07/2016,Analyst
11-2022.00,1.A.3.a.3,Dynamic Strength,IM,1.0,8,0.0,1.0,1.0,N,,07/2016,Analyst
11-2022.00,1.A.3.a.3,Dynamic Strength,LV,0.0,8,0.0,0.0,0.0,N,Y,07/2016,Analyst
11-2022.00,1.A.3.a.4,Trunk Strength,IM,1.75,8,0.1637,1.4292,2.0708,N,,07/2016,Analyst
11-2022.00,1.A.3.a.4,Trunk Strength,LV,1.38,8,0.375,0.64,2.11,N,N,07/2016,Analyst
11-2022.00,1.A.3.b.1,Stamina,IM,1.0,8,0.0,1.0,1.0,N,,07/2016,Analyst
11-2022.00,1.A.3.b.1,Stamina,LV,0.0,8,0.0,0.0,0.0,N,Y,07/2016,Analyst
11-2022.00,1.A.3.c.1,Extent Flexibility,IM,1.0,8,0.0,1.0,1.0,N,,07/2016,Analyst
11-2022.00,1.A.3.c.1,Extent Flexibility,LV,0.0,8,0.0,0.0,0.0,N,Y,07/2016,Analyst
11-2022.00,1.A.3.c.2,Dynamic Flexibility,IM,1.0,8,0.0,1.0,1.0,N,,07/2016,Analyst
11-2022.00,1.A.3.c.2,Dynamic Flexibility,LV,0.0,8,0.0,0.0,0.0,N,Y,07/2016,Analyst
11-2022.00,1.A.3.c.3,Gross Body Coordination,IM,1.0,8,0.0,1.0,1.0,N,,07/2016,Analyst
11-2022.00,1.A.3.c.3,Gross Body Coordination,LV,0.0,8,0.0,0.0,0.0,N,Y,07/2016,Analyst
11-2022.00,1.A.3.c.4,Gross Body Equilibrium,IM,1.0,8,0.0,1.0,1.0,N,,07/2016,Analyst
11-2022.00,1.A.3.c.4,Gross Body Equilibrium,LV,0.0,8,0.0,0.0,0.0,N,Y,07/2016,Analyst
11-2022.00,1.A.4.a.1,Near Vision,IM,3.25,8,0.1637,2.9292,3.5708,N,,07/2016,Analyst
11-2022.00,1.A.4.a.1,Near Vision,LV,3.75,8,0.1637,3.4292,4.0708,N,N,07/2016,Analyst
11-2022.00,1.A.4.a.2,Far Vision,IM,2.62,8,0.183,2.2664,2.9836,N,,07/2016,Analyst
11-2022.00,1.A.4.a.2,Far Vision,LV,2.88,8,0.2266,2.4309,3.3191,N,N,07/2016,Analyst
11-2022.00,1.A.4.a.3,Visual Color Discrimination,IM,1.88,8,0.125,1.63,2.12,N,,07/2016,Analyst
11-2022.00,1.A.4.a.3,Visual Color Discrimination,LV,1.62,8,0.2631,1.1094,2.1406,N,N,07/2016,Analyst
11-2022.00,1.A.4.a.4,Night Vision,IM,1.12,8,0.125,1.0,1.37,N,,07/2016,Analyst
11-2022.00,1.A.4.a.4,Night Vision,LV,0.25,8,0.25,0.0,0.74,N,Y,07/2016,Analyst
11-2022.00,1.A.4.a.5,Peripheral Vision,IM,1.12,8,0.125,1.0,1.37,N,,07/2016,Analyst
11-2022.00,1.A.4.a.5,Peripheral Vision,LV,0.25,8,0.25,0.0,0.74,N,Y,07/2016,Analyst
11-2022.00,1.A.4.a.6,Depth Perception,IM,1.62,8,0.183,1.2664,1.9836,N,,07/2016,Analyst
11-2022.00,1.A.4.a.6,Depth Perception,LV,1.0,8,0.3273,0.3584,1.6416,N,N,07/2016,Analyst
11-2022.00,1.A.4.a.7,Glare Sensitivity,IM,1.12,8,0.125,1.0,1.37,N,,07/2016,Analyst
11-2022.00,1.A.4.a.7,Glare Sensitivity,LV,0.25,8,0.25,0.0,0.74,N,Y,07/2016,Analyst
11-2022.00,1.A.4.b.1,Hearing Sensitivity,IM,1.75,8,0.1637,1.4292,2.0708,N,,07/2016,Analyst
11-2022.00,1.A.4.b.1,Hearing Sensitivity,LV,1.5,8,0.3273,0.8584,2.1416,N,N,07/2016,Analyst
11-2022.00,1.A.4.b.2,Auditory Attention,IM,2.0,8,0.189,1.6296,2.3704,N,,07/2016,Analyst
11-2022.00,1.A.4.b.2,Auditory Attention,LV,1.88,8,0.295,1.2967,2.4533,N,N,07/2016,Analyst
11-2022.00,1.A.4.b.3,Sound Localization,IM,1.12,8,0.125,1.0,1.37,N,,07/2016,Analyst
11-2022.00,1.A.4.b.3,Sound Localization,LV,0.25,8,0.25,0.0,0.74,N,Y,07/2016,Analyst
11-2022.00,1.A.4.b.4,Speech Recognition,IM,3.88,8,0.125,3.63,4.12,N,,07/2016,Analyst
11-2022.00,1.A.4.b.4,Speech Recognition,LV,4.0,8,0.0,4.0,4.0,N,N,07/2016,Analyst
11-2022.00,1.A.4.b.5,Speech Clarity,IM,3.88,8,0.125,3.63,4.12,N,,07/2016,Analyst
11-2022.00,1.A.4.b.5,Speech Clarity,LV,4.12,8,0.125,3.88,4.37,N,N,07/2016,Analyst
11-3012.00,1.A.1.a.1,Oral Comprehension,IM,4.0,8,0.0,4.0,4.0,N,,07/2017,Analyst
11-3012.00,1.A.1.a.1,Oral Comprehension,LV,4.0,8,0.0,4.0,4.0,N,N,07/2017,Analyst
11-3012.00,1.A.1.a.2,Written Comprehension,IM,4.0,8,0.0,4.0,4.0,N,,07/2017,Analyst
11-3012.00,1.A.1.a.2,Written Comprehension,LV,4.0,8,0.0,4.0,4.0,N,N,07/2017,Analyst
11-3012.00,1.A.1.a.3,Oral Expression,IM,4.0,8,0.0,4.0,4.0,N,,07/2017,Analyst
11-3012.00,1.A.1.a.3,Oral Expression,LV,4.0,8,0.0,4.0,4.0,N,N,07/2017,Analyst
11-3012.00,1.A.1.a.4,Written Expression,IM,3.88,8,0.125,3.63,4.12,N,,07/2017,Analyst
11-3012.00,1.A.1.a.4,Written Expression,LV,4.0,8,0.0,4.0,4.0,N,N,07/2017,Analyst
11-3012.00,1.A.1.b.1,Fluency of Ideas,IM,3.12,8,0.125,2.88,3.37,N,,07/2017,Analyst
11-3012.00,1.A.1.b.1,Fluency of Ideas,LV,3.12,8,0.125,2.88,3.37,N,N,07/2017,Analyst
11-3012.00,1.A.1.b.2,Originality,IM,3.0,8,0.0,3.0,3.0,N,,07/2017,Analyst
11-3012.00,1.A.1.b.2,Originality,LV,3.12,8,0.125,2.88,3.37,N,N,07/2017,Analyst
11-3012.00,1.A.1.b.3,Problem Sensitivity,IM,3.5,8,0.189,3.1296,3.8704,N,,07/2017,Analyst
11-3012.00,1.A.1.b.3,Problem Sensitivity,LV,3.75,8,0.1637,3.4292,4.0708,N,N,07/2017,Analyst
11-3012.00,1.A.1.b.4,Deductive Reasoning,IM,3.62,8,0.183,3.2664,3.9836,N,,07/2017,Analyst
11-3012.00,1.A.1.b.4,Deductive Reasoning,LV,3.88,8,0.125,3.63,4.12,N,N,07/2017,Analyst
11-3012.00,1.A.1.b.5,Inductive Reasoning,IM,3.5,8,0.189,3.1296,3.8704,N,,07/2017,Analyst
11-3012.00,1.A.1.b.5,Inductive Reasoning,LV,3.38,8,0.183,3.0164,3.7336,N,N,07/2017,Analyst
11-3012.00,1.A.1.b.6,Information Ordering,IM,3.12,8,0.125,2.88,3.37,N,,07/2017,Analyst
11-3012.00,1.A.1.b.6,Information Ordering,LV,3.12,8,0.125,2.88,3.37,N,N,07/2017,Analyst
11-3012.00,1.A.1.b.7,Category Flexibility,IM,3.12,8,0.125,2.88,3.37,N,,07/2017,Analyst
11-3012.00,1.A.1.b.7,Category Flexibility,LV,3.12,8,0.125,2.88,3.37,N,N,07/2017,Analyst
11-3012.00,1.A.1.c.1,Mathematical Reasoning,IM,2.62,8,0.183,2.2664,2.9836,N,,07/2017,Analyst
11-3012.00,1.A.1.c.1,Mathematical Reasoning,LV,2.5,8,0.189,2.1296,2.8704,N,N,07/2017,Analyst
11-3012.00,1.A.1.c.2,Number Facility,IM,2.75,8,0.1637,2.4292,3.0708,N,,07/2017,Analyst
11-3012.00,1.A.1.c.2,Number Facility,LV,2.75,8,0.1637,2.4292,3.0708,N,N,07/2017,Analyst
11-3012.00,1.A.1.d.1,Memorization,IM,2.62,8,0.183,2.2664,2.9836,N,,07/2017,Analyst
11-3012.00,1.A.1.d.1,Memorization,LV,2.62,8,0.183,2.2664,2.9836,N,N,07/2017,Analyst
11-3012.00,1.A.1.e.1,Speed of Closure,IM,2.12,8,0.125,1.88,2.37,N,,07/2017,Analyst
11-3012.00,1.A.1.e.1,Speed of Closure,LV,2.62,8,0.183,2.2664,2.9836,N,N,07/2017,Analyst
11-3012.00,1.A.1.e.2,Flexibility of Closure,IM,2.88,8,0.125,2.63,3.12,N,,07/2017,Analyst
11-3012.00,1.A.1.e.2,Flexibility of Closure,LV,2.38,8,0.183,2.0164,2.7336,N,N,07/2017,Analyst
11-3012.00,1.A.1.e.3,Perceptual Speed,IM,2.75,8,0.1637,2.4292,3.0708,N,,07/2017,Analyst
11-3012.00,1.A.1.e.3,Perceptual Speed,LV,2.38,8,0.183,2.0164,2.7336,N,N,07/2017,Analyst
11-3012.00,1.A.1.f.1,Spatial Orientation,IM,1.5,8,0.189,1.1296,1.8704,N,,07/2017,Analyst
11-3012.00,1.A.1.f.1,Spatial Orientation,LV,0.5,8,0.189,0.1296,0.8704,N,N,07/2017,Analyst
11-3012.00,1.A.1.f.2,Visualization,IM,2.88,8,0.125,2.63,3.12,N,,07/2017,Analyst
11-3012.00,1.A.1.f.2,Visualization,LV,2.75,8,0.1637,2.4292,3.0708,N,N,07/2017,Analyst
11-3012.00,1.A.1.g.1,Selective Attention,IM,3.12,8,0.125,2.88,3.37,N,,07/2017,Analyst
11-3012.00,1.A.1.g.1,Selective Attention,LV,3.0,8,0.0,3.0,3.0,N,N,07/2017,Analyst
11-3012.00,1.A.1.g.2,Time Sharing,IM,3.12,8,0.125,2.88,3.37,N,,07/2017,Analyst
11-3012.00,1.A.1.g.2,Time Sharing,LV,2.88,8,0.125,2.63,3.12,N,N,07/2017,Analyst
11-3012.00,1.A.2.a.1,Arm-Hand Steadiness,IM,2.12,8,0.125,1.88,2.37,N,,07/2017,Analyst
11-3012.00,1.A.2.a.1,Arm-Hand Steadiness,LV,2.0,8,0.0,2.0,2.0,N,N,07/2017,Analyst
11-3012.00,1.A.2.a.2,Manual Dexterity,IM,2.0,8,0.0,2.0,2.0,N,,07/2017,Analyst
11-3012.00,1.A.2.a.2,Manual Dexterity,LV,1.62,8,0.183,1.2664,1.9836,N,N,07/2017,Analyst
11-3012.00,1.A.2.a.3,Finger Dexterity,IM,2.5,8,0.189,2.1296,2.8704,N,,07/2017,Analyst
11-3012.00,1.A.2.a.3,Finger Dexterity,LV,2.12,8,0.295,1.5467,2.7033,N,N,07/2017,Analyst
11-3012.00,1.A.2.b.1,Control Precision,IM,2.0,8,0.0,2.0,2.0,N,,07/2017,Analyst
11-3012.00,1.A.2.b.1,Control Precision,LV,1.75,8,0.1637,1.4292,2.0708,N,N,07/2017,Analyst
11-3012.00,1.A.2.b.2,Multilimb Coordination,IM,1.62,8,0.2631,1.1094,2.1406,N,,07/2017,Analyst
11-3012.00,1.A.2.b.2,Multilimb Coordination,LV,1.0,8,0.4226,0.1717,1.8283,N,N,07/2017,Analyst
11-3012.00,1.A.2.b.3,Response Orientation,IM,1.5,8,0.189,1.1296,1.8704,N,,07/2017,Analyst
11-3012.00,1.A.2.b.3,Response Orientation,LV,0.62,8,0.2631,0.1094,1.1406,N,N,07/2017,Analyst
11-3012.00,1.A.2.b.4,Rate Control,IM,1.62,8,0.183,1.2664,1.9836,N,,07/2017,Analyst
11-3012.00,1.A.2.b.4,Rate Control,LV,0.88,8,0.295,0.2967,1.4533,N,N,07/2017,Analyst
11-3012.00,1.A.2.c.1,Reaction Time,IM,1.5,8,0.189,1.1296,1.8704,N,,07/2017,Analyst
11-3012.00,1.A.2.c.1,Reaction Time,LV,0.88,8,0.3504,0.1883,1.5617,N,N,07/2017,Analyst
11-3012.00,1.A.2.c.2,Wrist-Finger Speed,IM,1.25,8,0.1637,1.0,1.5708,N,,07/2017,Analyst
11-3012.00,1.A.2.c.2,Wrist-Finger Speed,LV,0.38,8,0.2631,0.0,0.8906,N,Y,07/2017,Analyst
11-3012.00,1.A.2.c.3,Speed of Limb Movement,IM,1.0,8,0.0,1.0,1.0,N,,07/2017,Analyst
11-3012.00,1.A.2.c.3,Speed of Limb Movement,LV,0.0,8,0.0,0.0,0.0,N,Y,07/2017,Analyst
11-3012.00,1.A.3.a.1,Static Strength,IM,1.62,8,0.183,1.2664,1.9836,N,,07/2017,Analyst
11-3012.00,1.A.3.a.1,Static Strength,LV,1.0,8,0.3273,0.3584,1.6416,N,N,07/2017,Analyst
11-3012.00,1.A.3.a.2,Explosive Strength,IM,1.5,8,0.189,1.1296,1.8704,N,,07/2017,Analyst
11-3012.00,1.A.3.a.2,Explosive Strength,LV,0.75,8,0.3134,0.1358,1.3642,N,N,07/2017,Analyst
11-3012.00,1.A.3.a.3,Dynamic Strength,IM,1.5,8,0.189,1.1296,1.8704,N,,07/2017,Analyst
11-3012.00,1.A.3.a.3,Dynamic Strength,LV,0.75,8,0.3134,0.1358,1.3642,N,N,07/2017,Analyst
11-3012.00,1.A.3.a.4,Trunk Strength,IM,1.75,8,0.25,1.26,2.24,N,,07/2017,Analyst
11-3012.00,1.A.3.a.4,Trunk Strength,LV,1.25,8,0.4532,0.3618,2.1382,N,N,07/2017,Analyst
11-3012.00,1.A.3.b.1,Stamina,IM,1.38,8,0.183,1.0164,1.7336,N,,07/2017,Analyst
11-3012.00,1.A.3.b.1,Stamina,LV,0.5,8,0.2673,0.0,1.0238,N,N,07/2017,Analyst
11-3012.00,1.A.3.c.1,Extent Flexibility,IM,1.5,8,0.189,1.1296,1.8704,N,,07/2017,Analyst
11-3012.00,1.A.3.c.1,Extent Flexibility,LV,0.75,8,0.3134,0.1358,1.3642,N,N,07/2017,Analyst
11-3012.00,1.A.3.c.2,Dynamic Flexibility,IM,1.0,8,0.0,1.0,1.0,N,,07/2017,Analyst
11-3012.00,1.A.3.c.2,Dynamic Flexibility,LV,0.0,8,0.0,0.0,0.0,N,Y,07/2017,Analyst
11-3012.00,1.A.3.c.3,Gross Body Coordination,IM,1.5,8,0.189,1.1296,1.8704,N,,07/2017,Analyst
11-3012.00,1.A.3.c.3,Gross Body Coordination,LV,0.62,8,0.2631,0.1094,1.1406,N,N,07/2017,Analyst
11-3012.00,1.A.3.c.4,Gross Body Equilibrium,IM,1.5,8,0.189,1.1296,1.8704,N,,07/2017,Analyst
11-3012.00,1.A.3.c.4,Gross Body Equilibrium,LV,0.62,8,0.2631,0.1094,1.1406,N,N,07/2017,Analyst
11-3012.00,1.A.4.a.1,Near Vision,IM,3.62,8,0.183,3.2664,3.9836,N,,07/2017,Analyst
11-3012.00,1.A.4.a.1,Near Vision,LV,3.62,8,0.183,3.2664,3.9836,N,N,07/2017,Analyst
11-3012.00,1.A.4.a.2,Far Vision,IM,2.75,8,0.25,2.26,3.24,N,,07/2017,Analyst
11-3012.00,1.A.4.a.2,Far Vision,LV,2.75,8,0.1637,2.4292,3.0708,N,N,07/2017,Analyst
11-3012.00,1.A.4.a.3,Visual Color Discrimination,IM,2.0,8,0.0,2.0,2.0,N,,07/2017,Analyst
11-3012.00,1.A.4.a.3,Visual Color Discrimination,LV,2.0,8,0.189,1.6296,2.3704,N,N,07/2017,Analyst
11-3012.00,1.A.4.a.4,Night Vision,IM,1.5,8,0.189,1.1296,1.8704,N,,07/2017,Analyst
11-3012.00,1.A.4.a.4,Night Vision,LV,0.62,8,0.2631,0.1094,1.1406,N,N,07/2017,Analyst
11-3012.00,1.A.4.a.5,Peripheral Vision,IM,1.5,8,0.189,1.1296,1.8704,N,,07/2017,Analyst
11-3012.00,1.A.4.a.5,Peripheral Vision,LV,0.62,8,0.2631,0.1094,1.1406,N,N,07/2017,Analyst
11-3012.00,1.A.4.a.6,Depth Perception,IM,2.0,8,0.189,1.6296,2.3704,N,,07/2017,Analyst
11-3012.00,1.A.4.a.6,Depth Perception,LV,1.62,8,0.2631,1.1094,2.1406,N,N,07/2017,Analyst
11-3012.00,1.A.4.a.7,Glare Sensitivity,IM,1.5,8,0.189,1.1296,1.8704,N,,07/2017,Analyst
11-3012.00,1.A.4.a.7,Glare Sensitivity,LV,0.62,8,0.2631,0.1094,1.1406,N,N,07/2017,Analyst
11-3012.00,1.A.4.b.1,Hearing Sensitivity,IM,2.12,8,0.125,1.88,2.37,N,,07/2017,Analyst
11-3012.00,1.A.4.b.1,Hearing Sensitivity,LV,2.12,8,0.2266,1.6809,2.5691,N,N,07/2017,Analyst
11-3012.00,1.A.4.b.2,Auditory Attention,IM,2.25,8,0.1637,1.9292,2.5708,N,,07/2017,Analyst
11-3012.00,1.A.4.b.2,Auditory Attention,LV,2.25,8,0.1637,1.9292,2.5708,N,N,07/2017,Analyst
11-3012.00,1.A.4.b.3,Sound Localization,IM,1.5,8,0.189,1.1296,1.8704,N,,07/2017,Analyst
11-3012.00,1.A.4.b.3,Sound Localization,LV,0.75,8,0.3134,0.1358,1.3642,N,N,07/2017,Analyst
11-3012.00,1.A.4.b.4,Speech Recognition,IM,3.62,8,0.183,3.2664,3.9836,N,,07/2017,Analyst
11-3012.00,1.A.4.b.4,Speech Recognition,LV,3.62,8,0.183,3.2664,3.9836,N,N,07/2017,Analyst
11-3012.00,1.A.4.b.5,Speech Clarity,IM,3.62,8,0.183,3.2664,3.9836,N,,07/2017,Analyst
11-3012.00,1.A.4.b.5,Speech Clarity,LV,3.5,8,0.189,3.1296,3.8704,N,N,07/2017,Analyst
11-3013.00,1.A.1.a.1,Oral Comprehension,IM,3.75,8,0.1637,3.4292,4.0708,N,,08/2024,Analyst
11-3013.00,1.A.1.a.1,Oral Comprehension,LV,3.88,8,0.125,3.63,4.12,N,N,08/2024,Analyst
11-3013.00,1.A.1.a.2,Written Comprehension,IM,3.75,8,0.1637,3.4292,4.0708,N,,08/2024,Analyst
11-3013.00,1.A.1.a.2,Written Comprehension,LV,4.0,8,0.0,4.0,4.0,N,N,08/2024,Analyst
11-3013.00,1.A.1.a.3,Oral Expression,IM,3.75,8,0.1637,3.4292,4.0708,N,,08/2024,Analyst
11-3013.00,1.A.1.a.3,Oral Expression,LV,3.88,8,0.125,3.63,4.12,N,N,08/2024,Analyst
11-3013.00,1.A.1.a.4,Written Expression,IM,3.62,8,0.183,3.2664,3.9836,N,,08/2024,Analyst
11-3013.00,1.A.1.a.4,Written Expression,LV,3.88,8,0.125,3.63,4.12,N,N,08/2024,Analyst
11-3013.00,1.A.1.b.1,Fluency of Ideas,IM,2.88,8,0.2266,2.4309,3.3191,N,,08/2024,Analyst
11-3013.00,1.A.1.b.1,Fluency of Ideas,LV,3.12,8,0.2266,2.6809,3.5691,N,N,08/2024,Analyst
11-3013.00,1.A.1.b.2,Originality,IM,2.75,8,0.1637,2.4292,3.0708,N,,08/2024,Analyst
11-3013.00,1.A.1.b.2,Originality,LV,3.0,8,0.0,3.0,3.0,N,N,08/2024,Analyst
11-3013.00,1.A.1.b.3,Problem Sensitivity,IM,3.75,8,0.1637,3.4292,4.0708,N,,08/2024,Analyst
11-3013.00,1.A.1.b.3,Problem Sensitivity,LV,3.75,8,0.1637,3.4292,4.0708,N,N,08/2024,Analyst
11-3013.00,1.A.1.b.4,Deductive Reasoning,IM,3.62,8,0.183,3.2664,3.9836,N,,08/2024,Analyst
11-3013.00,1.A.1.b.4,Deductive Reasoning,LV,3.88,8,0.125,3.63,4.12,N,N,08/2024,Analyst
11-3013.00,1.A.1.b.5,Inductive Reasoning,IM,3.62,8,0.183,3.2664,3.9836,N,,08/2024,Analyst
11-3013.00,1.A.1.b.5,Inductive Reasoning,LV,3.75,8,0.1637,3.4292,4.0708,N,N,08/2024,Analyst
11-3013.00,1.A.1.b.6,Information Ordering,IM,3.75,8,0.1637,3.4292,4.0708,N,,08/2024,Analyst
11-3013.00,1.A.1.b.6,Information Ordering,LV,3.62,8,0.183,3.2664,3.9836,N,N,08/2024,Analyst
11-3013.00,1.A.1.b.7,Category Flexibility,IM,3.12,8,0.2266,2.6809,3.5691,N,,08/2024,Analyst
11-3013.00,1.A.1.b.7,Category Flexibility,LV,3.25,8,0.1637,2.9292,3.5708,N,N,08/2024,Analyst
11-3013.00,1.A.1.c.1,Mathematical Reasoning,IM,2.75,8,0.3134,2.1358,3.3642,N,,08/2024,Analyst
11-3013.00,1.A.1.c.1,Mathematical Reasoning,LV,2.62,8,0.2631,2.1094,3.1406,N,N,08/2024,Analyst
11-3013.00,1.A.1.c.2,Number Facility,IM,2.62,8,0.2631,2.1094,3.1406,N,,08/2024,Analyst
11-3013.00,1.A.1.c.2,Number Facility,LV,2.62,8,0.183,2.2664,2.9836,N,N,08/2024,Analyst
11-3013.00,1.A.1.d.1,Memorization,IM,2.5,8,0.189,2.1296,2.8704,N,,08/2024,Analyst
11-3013.00,1.A.1.d.1,Memorization,LV,2.75,8,0.1637,2.4292,3.0708,N,N,08/2024,Analyst
11-3013.00,1.A.1.e.1,Speed of Closure,IM,2.5,8,0.189,2.1296,2.8704,N,,08/2024,Analyst
11-3013.00,1.A.1.e.1,Speed of Closure,LV,2.5,8,0.189,2.1296,2.8704,N,N,08/2024,Analyst
11-3013.00,1.A.1.e.2,Flexibility of Closure,IM,2.88,8,0.2266,2.4309,3.3191,N,,08/2024,Analyst
11-3013.00,1.A.1.e.2,Flexibility of Closure,LV,3.25,8,0.1637,2.9292,3.5708,N,N,08/2024,Analyst
11-3013.00,1.A.1.e.3,Perceptual Speed,IM,2.75,8,0.25,2.26,3.24,N,,08/2024,Analyst
11-3013.00,1.A.1.e.3,Perceptual Speed,LV,2.75,8,0.25,2.26,3.24,N,N,08/2024,Analyst
11-3013.00,1.A.1.f.1,Spatial Orientation,IM,2.5,8,0.2673,1.9762,3.0238,N,,08/2024,Analyst
11-3013.00,1.A.1.f.1,Spatial Orientation,LV,2.5,8,0.3273,1.8584,3.1416,N,N,08/2024,Analyst
11-3013.00,1.A.1.f.2,Visualization,IM,2.62,8,0.2631,2.1094,3.1406,N,,08/2024,Analyst
11-3013.00,1.A.1.f.2,Visualization,LV,2.75,8,0.3134,2.1358,3.3642,N,N,08/2024,Analyst
11-3013.00,1.A.1.g.1,Selective Attention,IM,2.88,8,0.125,2.63,3.12,N,,08/2024,Analyst
11-3013.00,1.A.1.g.1,Selective Attention,LV,2.75,8,0.1637,2.4292,3.0708,N,N,08/2024,Analyst
11-3013.00,1.A.1.g.2,Time Sharing,IM,2.62,8,0.183,2.2664,2.9836,N,,08/2024,Analyst
11-3013.00,1.A.1.g.2,Time Sharing,LV,2.75,8,0.1637,2.4292,3.0708,N,N,08/2024,Analyst
11-3013.00,1.A.2.a.1,Arm-Hand Steadiness,IM,2.62,8,0.183,2.2664,2.9836,N,,08/2024,Analyst
11-3013.00,1.A.2.a.1,Arm-Hand Steadiness,LV,2.5,8,0.189,2.1296,2.8704,N,N,08/2024,Analyst
11-3013.00,1.A.2.a.2,Manual Dexterity,IM,2.5,8,0.189,2.1296,2.8704,N,,08/2024,Analyst
11-3013.00,1.A.2.a.2,Manual Dexterity,LV,2.38,8,0.2631,1.8594,2.8906,N,N,08/2024,Analyst
11-3013.00,1.A.2.a.3,Finger Dexterity,IM,2.38,8,0.183,2.0164,2.7336,N,,08/2024,Analyst
11-3013.00,1.A.2.a.3,Finger Dexterity,LV,2.38,8,0.183,2.0164,2.7336,N,N,08/2024,Analyst
11-3013.00,1.A.2.b.1,Control Precision,IM,2.38,8,0.183,2.0164,2.7336,N,,08/2024,Analyst
11-3013.00,1.A.2.b.1,Control Precision,LV,2.5,8,0.189,2.1296,2.8704,N,N,08/2024,Analyst
11-3013.00,1.A.2.b.2,Multilimb Coordination,IM,2.12,8,0.2266,1.6809,2.5691,N,,08/2024,Analyst
11-3013.00,1.A.2.b.2,Multilimb Coordination,LV,2.0,8,0.3273,1.3584,2.6416,N,N,08/2024,Analyst
11-3013.00,1.A.2.b.3,Response Orientation,IM,2.0,8,0.0,2.0,2.0,N,,08/2024,Analyst
11-3013.00,1.A.2.b.3,Response Orientation,LV,2.25,8,0.1637,1.9292,2.5708,N,N,08/2024,Analyst
11-3013.00,1.A.2.b.4,Rate Control,IM,1.88,8,0.125,1.63,2.12,N,,08/2024,Analyst
11-3013.00,1.A.2.b.4,Rate Control,LV,1.5,8,0.2673,0.9762,2.0238,N,N,08/2024,Analyst
11-3013.00,1.A.2.c.1,Reaction Time,IM,2.0,8,0.0,2.0,2.0,N,,08/2024,Analyst
11-3013.00,1.A.2.c.1,Reaction Time,LV,2.12,8,0.295,1.5467,2.7033,N,N,08/2024,Analyst
11-3013.00,1.A.2.c.2,Wrist-Finger Speed,IM,2.12,8,0.125,1.88,2.37,N,,08/2024,Analyst
11-3013.00,1.A.2.c.2,Wrist-Finger Speed,LV,2.12,8,0.2266,1.6809,2.5691,N,N,08/2024,Analyst
11-3013.00,1.A.2.c.3,Speed of Limb Movement,IM,1.12,8,0.125,1.0,1.37,N,,08/2024,Analyst
11-3013.00,1.A.2.c.3,Speed of Limb Movement,LV,0.25,8,0.25,0.0,0.74,N,Y,08/2024,Analyst
11-3013.00,1.A.3.a.1,Static Strength,IM,2.0,8,0.189,1.6296,2.3704,N,,08/2024,Analyst
11-3013.00,1.A.3.a.1,Static Strength,LV,1.75,8,0.3134,1.1358,2.3642,N,N,08/2024,Analyst
11-3013.00,1.A.3.a.2,Explosive Strength,IM,1.88,8,0.2266,1.4309,2.3191,N,,08/2024,Analyst
11-3013.00,1.A.3.a.2,Explosive Strength,LV,1.25,8,0.3134,0.6358,1.8642,N,N,08/2024,Analyst
11-3013.00,1.A.3.a.3,Dynamic Strength,IM,1.88,8,0.2266,1.4309,2.3191,N,,08/2024,Analyst
11-3013.00,1.A.3.a.3,Dynamic Strength,LV,1.5,8,0.378,0.7592,2.2408,N,N,08/2024,Analyst
11-3013.00,1.A.3.a.4,Trunk Strength,IM,2.62,8,0.183,2.2664,2.9836,N,,08/2024,Analyst
11-3013.00,1.A.3.a.4,Trunk Strength,LV,2.5,8,0.189,2.1296,2.8704,N,N,08/2024,Analyst
11-3013.00,1.A.3.b.1,Stamina,IM,2.12,8,0.125,1.88,2.37,N,,08/2024,Analyst
11-3013.00,1.A.3.b.1,Stamina,LV,1.88,8,0.295,1.2967,2.4533,N,N,08/2024,Analyst
11-3013.00,1.A.3.c.1,Extent Flexibility,IM,2.25,8,0.1637,1.9292,2.5708,N,,08/2024,Analyst
11-3013.00,1.A.3.c.1,Extent Flexibility,LV,2.25,8,0.1637,1.9292,2.5708,N,N,08/2024,Analyst
11-3013.00,1.A.3.c.2,Dynamic Flexibility,IM,1.25,8,0.1637,1.0,1.5708,N,,08/2024,Analyst
11-3013.00,1.A.3.c.2,Dynamic Flexibility,LV,0.25,8,0.1637,0.0,0.5708,N,Y,08/2024,Analyst
11-3013.00,1.A.3.c.3,Gross Body Coordination,IM,1.88,8,0.125,1.63,2.12,N,,08/2024,Analyst
11-3013.00,1.A.3.c.3,Gross Body Coordination,LV,1.5,8,0.2673,0.9762,2.0238,N,N,08/2024,Analyst
11-3013.00,1.A.3.c.4,Gross Body Equilibrium,IM,1.88,8,0.125,1.63,2.12,N,,08/2024,Analyst
11-3013.00,1.A.3.c.4,Gross Body Equilibrium,LV,1.38,8,0.2631,0.8594,1.8906,N,N,08/2024,Analyst
11-3013.00,1.A.4.a.1,Near Vision,IM,3.5,8,0.189,3.1296,3.8704,N,,08/2024,Analyst
11-3013.00,1.A.4.a.1,Near Vision,LV,3.5,8,0.189,3.1296,3.8704,N,N,08/2024,Analyst
11-3013.00,1.A.4.a.2,Far Vision,IM,3.12,8,0.295,2.5467,3.7033,N,,08/2024,Analyst
11-3013.00,1.A.4.a.2,Far Vision,LV,3.0,8,0.189,2.6296,3.3704,N,N,08/2024,Analyst
11-3013.00,1.A.4.a.3,Visual Color Discrimination,IM,2.38,8,0.2631,1.8594,2.8906,N,,08/2024,Analyst
11-3013.00,1.A.4.a.3,Visual Color Discrimination,LV,2.38,8,0.4199,1.5519,3.1981,N,N,08/2024,Analyst
11-3013.00,1.A.4.a.4,Night Vision,IM,1.75,8,0.1637,1.4292,2.0708,N,,08/2024,Analyst
11-3013.00,1.A.4.a.4,Night Vision,LV,1.25,8,0.3134,0.6358,1.8642,N,N,08/2024,Analyst
11-3013.00,1.A.4.a.5,Peripheral Vision,IM,2.12,8,0.125,1.88,2.37,N,,08/2024,Analyst
11-3013.00,1.A.4.a.5,Peripheral Vision,LV,1.88,8,0.2266,1.4309,2.3191,N,N,08/2024,Analyst
11-3013.00,1.A.4.a.6,Depth Perception,IM,2.38,8,0.183,2.0164,2.7336,N,,08/2024,Analyst
11-3013.00,1.A.4.a.6,Depth Perception,LV,2.12,8,0.125,1.88,2.37,N,N,08/2024,Analyst
11-3013.00,1.A.4.a.7,Glare Sensitivity,IM,1.75,8,0.1637,1.4292,2.0708,N,,08/2024,Analyst
11-3013.00,1.A.4.a.7,Glare Sensitivity,LV,1.25,8,0.3134,0.6358,1.8642,N,N,08/2024,Analyst
11-3013.00,1.A.4.b.1,Hearing Sensitivity,IM,2.12,8,0.2266,1.6809,2.5691,N,,08/2024,Analyst
11-3013.00,1.A.4.b.1,Hearing Sensitivity,LV,2.0,8,0.3273,1.3584,2.6416,N,N,08/2024,Analyst
11-3013.00,1.A.4.b.2,Auditory Attention,IM,2.38,8,0.183,2.0164,2.7336,N,,08/2024,Analyst
11-3013.00,1.A.4.b.2,Auditory Attention,LV,2.5,8,0.189,2.1296,2.8704,N,N,08/2024,Analyst
11-3013.00,1.A.4.b.3,Sound Localization,IM,1.75,8,0.1637,1.4292,2.0708,N,,08/2024,Analyst
11-3013.00,1.A.4.b.3,Sound Localization,LV,1.12,8,0.295,0.5467,1.7033,N,N,08/2024,Analyst
11-3013.00,1.A.4.b.4,Speech Recognition,IM,3.62,8,0.183,3.2664,3.9836,N,,08/2024,Analyst
11-3013.00,1.A.4.b.4,Speech Recognition,LV,3.62,8,0.183,3.2664,3.9836,N,N,08/2024,Analyst
11-3013.00,1.A.4.b.5,Speech Clarity,IM,3.5,8,0.189,3.1296,3.8704,N,,08/2024,Analyst
11-3013.00,1.A.4.b.5,Speech Clarity,LV,3.62,8,0.183,3.2664,3.9836,N,N,08/2024,Analyst
11-3021.00,1.A.1.a.1,Oral Comprehension,IM,4.0,8,0.0,4.0,4.0,N,,07/2016,Analyst
11-3021.00,1.A.1.a.1,Oral Comprehension,LV,4.5,8,0.189,4.1296,4.8704,N,N,07/2016,Analyst
11-3021.00,1.A.1.a.2,Written Comprehension,IM,4.0,8,0.0,4.0,4.0,N,,07/2016,Analyst
11-3021.00,1.A.1.a.2,Written Comprehension,LV,4.38,8,0.183,4.0164,4.7336,N,N,07/2016,Analyst
11-3021.00,1.A.1.a.3,Oral Expression,IM,4.0,8,0.0,4.0,4.0,N,,07/2016,Analyst
11-3021.00,1.A.1.a.3,Oral Expression,LV,4.38,8,0.183,4.0164,4.7336,N,N,07/2016,Analyst
11-3021.00,1.A.1.a.4,Written Expression,IM,3.75,8,0.1637,3.4292,4.0708,N,,07/2016,Analyst
11-3021.00,1.A.1.a.4,Written Expression,LV,4.12,8,0.125,3.88,4.37,N,N,07/2016,Analyst
11-3021.00,1.A.1.b.1,Fluency of Ideas,IM,3.38,8,0.183,3.0164,3.7336,N,,07/2016,Analyst
11-3021.00,1.A.1.b.1,Fluency of Ideas,LV,3.75,8,0.1637,3.4292,4.0708,N,N,07/2016,Analyst
11-3021.00,1.A.1.b.2,Originality,IM,3.25,8,0.1637,2.9292,3.5708,N,,07/2016,Analyst
11-3021.00,1.A.1.b.2,Originality,LV,3.5,8,0.189,3.1296,3.8704,N,N,07/2016,Analyst
11-3021.00,1.A.1.b.3,Problem Sensitivity,IM,4.0,8,0.0,4.0,4.0,N,,07/2016,Analyst
11-3021.00,1.A.1.b.3,Problem Sensitivity,LV,4.0,8,0.189,3.6296,4.3704,N,N,07/2016,Analyst
11-3021.00,1.A.1.b.4,Deductive Reasoning,IM,4.0,8,0.0,4.0,4.0,N,,07/2016,Analyst
11-3021.00,1.A.1.b.4,Deductive Reasoning,LV,4.0,8,0.0,4.0,4.0,N,N,07/2016,Analyst
11-3021.00,1.A.1.b.5,Inductive Reasoning,IM,4.0,8,0.0,4.0,4.0,N,,07/2016,Analyst
11-3021.00,1.A.1.b.5,Inductive Reasoning,LV,4.0,8,0.0,4.0,4.0,N,N,07/2016,Analyst
11-3021.00,1.A.1.b.6,Information Ordering,IM,3.75,8,0.1637,3.4292,4.0708,N,,07/2016,Analyst
11-3021.00,1.A.1.b.6,Information Ordering,LV,4.0,8,0.0,4.0,4.0,N,N,07/2016,Analyst
11-3021.00,1.A.1.b.7,Category Flexibility,IM,3.25,8,0.1637,2.9292,3.5708,N,,07/2016,Analyst
11-3021.00,1.A.1.b.7,Category Flexibility,LV,3.12,8,0.125,2.88,3.37,N,N,07/2016,Analyst
11-3021.00,1.A.1.c.1,Mathematical Reasoning,IM,3.0,8,0.0,3.0,3.0,N,,07/2016,Analyst
11-3021.00,1.A.1.c.1,Mathematical Reasoning,LV,3.0,8,0.0,3.0,3.0,N,N,07/2016,Analyst
11-3021.00,1.A.1.c.2,Number Facility,IM,3.12,8,0.125,2.88,3.37,N,,07/2016,Analyst
11-3021.00,1.A.1.c.2,Number Facility,LV,3.12,8,0.125,2.88,3.37,N,N,07/2016,Analyst
11-3021.00,1.A.1.d.1,Memorization,IM,2.62,8,0.183,2.2664,2.9836,N,,07/2016,Analyst
11-3021.00,1.A.1.d.1,Memorization,LV,2.62,8,0.183,2.2664,2.9836,N,N,07/2016,Analyst
11-3021.00,1.A.1.e.1,Speed of Closure,IM,2.75,8,0.1637,2.4292,3.0708,N,,07/2016,Analyst
11-3021.00,1.A.1.e.1,Speed of Closure,LV,2.75,8,0.1637,2.4292,3.0708,N,N,07/2016,Analyst
11-3021.00,1.A.1.e.2,Flexibility of Closure,IM,3.0,8,0.0,3.0,3.0,N,,07/2016,Analyst
11-3021.00,1.A.1.e.2,Flexibility of Closure,LV,3.0,8,0.0,3.0,3.0,N,N,07/2016,Analyst
11-3021.00,1.A.1.e.3,Perceptual Speed,IM,2.75,8,0.1637,2.4292,3.0708,N,,07/2016,Analyst
11-3021.00,1.A.1.e.3,Perceptual Speed,LV,2.75,8,0.1637,2.4292,3.0708,N,N,07/2016,Analyst
11-3021.00,1.A.1.f.1,Spatial Orientation,IM,1.12,8,0.125,1.0,1.37,N,,07/2016,Analyst
11-3021.00,1.A.1.f.1,Spatial Orientation,LV,0.12,8,0.125,0.0,0.37,N,Y,07/2016,Analyst
11-3021.00,1.A.1.f.2,Visualization,IM,3.0,8,0.189,2.6296,3.3704,N,,07/2016,Analyst
11-3021.00,1.A.1.f.2,Visualization,LV,3.0,8,0.189,2.6296,3.3704,N,N,07/2016,Analyst
11-3021.00,1.A.1.g.1,Selective Attention,IM,2.88,8,0.125,2.63,3.12,N,,07/2016,Analyst
11-3021.00,1.A.1.g.1,Selective Attention,LV,2.88,8,0.125,2.63,3.12,N,N,07/2016,Analyst
11-3021.00,1.A.1.g.2,Time Sharing,IM,2.62,8,0.183,2.2664,2.9836,N,,07/2016,Analyst
11-3021.00,1.A.1.g.2,Time Sharing,LV,2.12,8,0.125,1.88,2.37,N,N,07/2016,Analyst
11-3021.00,1.A.2.a.1,Arm-Hand Steadiness,IM,2.25,8,0.1637,1.9292,2.5708,N,,07/2016,Analyst
11-3021.00,1.A.2.a.1,Arm-Hand Steadiness,LV,2.0,8,0.189,1.6296,2.3704,N,N,07/2016,Analyst
11-3021.00,1.A.2.a.2,Manual Dexterity,IM,2.12,8,0.125,1.88,2.37,N,,07/2016,Analyst
11-3021.00,1.A.2.a.2,Manual Dexterity,LV,2.0,8,0.189,1.6296,2.3704,N,N,07/2016,Analyst
11-3021.00,1.A.2.a.3,Finger Dexterity,IM,2.12,8,0.2266,1.6809,2.5691,N,,07/2016,Analyst
11-3021.00,1.A.2.a.3,Finger Dexterity,LV,2.0,8,0.3273,1.3584,2.6416,N,N,07/2016,Analyst
11-3021.00,1.A.2.b.1,Control Precision,IM,2.0,8,0.189,1.6296,2.3704,N,,07/2016,Analyst
11-3021.00,1.A.2.b.1,Control Precision,LV,2.0,8,0.3273,1.3584,2.6416,N,N,07/2016,Analyst
11-3021.00,1.A.2.b.2,Multilimb Coordination,IM,1.38,8,0.183,1.0164,1.7336,N,,07/2016,Analyst
11-3021.00,1.A.2.b.2,Multilimb Coordination,LV,0.38,8,0.183,0.0164,0.7336,N,N,07/2016,Analyst
11-3021.00,1.A.2.b.3,Response Orientation,IM,1.25,8,0.1637,1.0,1.5708,N,,07/2016,Analyst
11-3021.00,1.A.2.b.3,Response Orientation,LV,0.25,8,0.1637,0.0,0.5708,N,Y,07/2016,Analyst
11-3021.00,1.A.2.b.4,Rate Control,IM,1.25,8,0.1637,1.0,1.5708,N,,07/2016,Analyst
11-3021.00,1.A.2.b.4,Rate Control,LV,0.25,8,0.1637,0.0,0.5708,N,Y,07/2016,Analyst
11-3021.00,1.A.2.c.1,Reaction Time,IM,1.25,8,0.1637,1.0,1.5708,N,,07/2016,Analyst
11-3021.00,1.A.2.c.1,Reaction Time,LV,0.25,8,0.1637,0.0,0.5708,N,Y,07/2016,Analyst
11-3021.00,1.A.2.c.2,Wrist-Finger Speed,IM,2.0,8,0.0,2.0,2.0,N,,07/2016,Analyst
11-3021.00,1.A.2.c.2,Wrist-Finger Speed,LV,1.38,8,0.183,1.0164,1.7336,N,N,07/2016,Analyst
11-3021.00,1.A.2.c.3,Speed of Limb Movement,IM,1.0,8,0.0,1.0,1.0,N,,07/2016,Analyst
11-3021.00,1.A.2.c.3,Speed of Limb Movement,LV,0.0,8,0.0,0.0,0.0,N,Y,07/2016,Analyst
11-3021.00,1.A.3.a.1,Static Strength,IM,1.0,8,0.0,1.0,1.0,N,,07/2016,Analyst
11-3021.00,1.A.3.a.1,Static Strength,LV,0.0,8,0.0,0.0,0.0,N,Y,07/2016,Analyst
11-3021.00,1.A.3.a.2,Explosive Strength,IM,1.0,8,0.0,1.0,1.0,N,,07/2016,Analyst
11-3021.00,1.A.3.a.2,Explosive Strength,LV,0.0,8,0.0,0.0,0.0,N,Y,07/2016,Analyst
11-3021.00,1.A.3.a.3,Dynamic Strength,IM,1.5,8,0.189,1.1296,1.8704,N,,07/2016,Analyst
11-3021.00,1.A.3.a.3,Dynamic Strength,LV,0.5,8,0.189,0.1296,0.8704,N,N,07/2016,Analyst
11-3021.00,1.A.3.a.4,Trunk Strength,IM,1.75,8,0.25,1.26,2.24,N,,07/2016,Analyst
11-3021.00,1.A.3.a.4,Trunk Strength,LV,1.12,8,0.3504,0.4383,1.8117,N,N,07/2016,Analyst
11-3021.00,1.A.3.b.1,Stamina,IM,1.0,8,0.0,1.0,1.0,N,,07/2016,Analyst
11-3021.00,1.A.3.b.1,Stamina,LV,0.0,8,0.0,0.0,0.0,N,Y,07/2016,Analyst
11-3021.00,1.A.3.c.1,Extent Flexibility,IM,1.0,8,0.0,1.0,1.0,N,,07/2016,Analyst
11-3021.00,1.A.3.c.1,Extent Flexibility,LV,0.0,8,0.0,0.0,0.0,N,Y,07/2016,Analyst
11-3021.00,1.A.3.c.2,Dynamic Flexibility,IM,1.0,8,0.0,1.0,1.0,N,,07/2016,Analyst
11-3021.00,1.A.3.c.2,Dynamic Flexibility,LV,0.0,8,0.0,0.0,0.0,N,Y,07/2016,Analyst
11-3021.00,1.A.3.c.3,Gross Body Coordination,IM,1.0,8,0.0,1.0,1.0,N,,07/2016,Analyst
11-3021.00,1.A.3.c.3,Gross Body Coordination,LV,0.0,8,0.0,0.0,0.0,N,Y,07/2016,Analyst
11-3021.00,1.A.3.c.4,Gross Body Equilibrium,IM,1.0,8,0.0,1.0,1.0,N,,07/2016,Analyst
11-3021.00,1.A.3.c.4,Gross Body Equilibrium,LV,0.0,8,0.0,0.0,0.0,N,Y,07/2016,Analyst
11-3021.00,1.A.4.a.1,Near Vision,IM,3.75,8,0.1637,3.4292,4.0708,N,,07/2016,Analyst
11-3021.00,1.A.4.a.1,Near Vision,LV,3.75,8,0.1637,3.4292,4.0708,N,N,07/2016,Analyst
11-3021.00,1.A.4.a.2,Far Vision,IM,2.75,8,0.1637,2.4292,3.0708,N,,07/2016,Analyst
11-3021.00,1.A.4.a.2,Far Vision,LV,2.88,8,0.125,2.63,3.12,N,N,07/2016,Analyst
11-3021.00,1.A.4.a.3,Visual Color Discrimination,IM,2.38,8,0.183,2.0164,2.7336,N,,07/2016,Analyst
11-3021.00,1.A.4.a.3,Visual Color Discrimination,LV,2.38,8,0.183,2.0164,2.7336,N,N,07/2016,Analyst
11-3021.00,1.A.4.a.4,Night Vision,IM,1.0,8,0.0,1.0,1.0,N,,07/2016,Analyst
11-3021.00,1.A.4.a.4,Night Vision,LV,0.0,8,0.0,0.0,0.0,N,Y,07/2016,Analyst
11-3021.00,1.A.4.a.5,Peripheral Vision,IM,1.0,8,0.0,1.0,1.0,N,,07/2016,Analyst
11-3021.00,1.A.4.a.5,Peripheral Vision,LV,0.0,8,0.0,0.0,0.0,N,Y,07/2016,Analyst
11-3021.00,1.A.4.a.6,Depth Perception,IM,1.75,8,0.1637,1.4292,2.0708,N,,07/2016,Analyst
11-3021.00,1.A.4.a.6,Depth Perception,LV,1.12,8,0.295,0.5467,1.7033,N,N,07/2016,Analyst
11-3021.00,1.A.4.a.7,Glare Sensitivity,IM,1.12,8,0.125,1.0,1.37,N,,07/2016,Analyst
11-3021.00,1.A.4.a.7,Glare Sensitivity,LV,0.25,8,0.25,0.0,0.74,N,Y,07/2016,Analyst
11-3021.00,1.A.4.b.1,Hearing Sensitivity,IM,1.75,8,0.1637,1.4292,2.0708,N,,07/2016,Analyst
11-3021.00,1.A.4.b.1,Hearing Sensitivity,LV,1.5,8,0.3273,0.8584,2.1416,N,N,07/2016,Analyst
11-3021.00,1.A.4.b.2,Auditory Attention,IM,2.0,8,0.189,1.6296,2.3704,N,,07/2016,Analyst
11-3021.00,1.A.4.b.2,Auditory Attention,LV,1.75,8,0.25,1.26,2.24,N,N,07/2016,Analyst
11-3021.00,1.A.4.b.3,Sound Localization,IM,1.0,8,0.0,1.0,1.0,N,,07/2016,Analyst
11-3021.00,1.A.4.b.3,Sound Localization,LV,0.0,8,0.0,0.0,0.0,N,Y,07/2016,Analyst
11-3021.00,1.A.4.b.4,Speech Recognition,IM,3.38,8,0.183,3.0164,3.7336,N,,07/2016,Analyst
11-3021.00,1.A.4.b.4,Speech Recognition,LV,3.5,8,0.189,3.1296,3.8704,N,N,07/2016,Analyst
11-3021.00,1.A.4.b.5,Speech Clarity,IM,3.62,8,0.183,3.2664,3.9836,N,,07/2016,Analyst
11-3021.00,1.A.4.b.5,Speech Clarity,LV,3.25,8,0.1637,2.9292,3.5708,N,N,07/2016,Analyst
11-3031.00,1.A.1.a.1,Oral Comprehension,IM,4.12,8,0.125,3.88,4.37,N,,08/2022,Analyst
11-3031.00,1.A.1.a.1,Oral Comprehension,LV,4.5,8,0.189,4.1296,4.8704,N,N,08/2022,Analyst
11-3031.00,1.A.1.a.2,Written Comprehension,IM,4.12,8,0.125,3.88,4.37,N,,08/2022,Analyst
11-3031.00,1.A.1.a.2,Written Comprehension,LV,4.62,8,0.183,4.2664,4.9836,N,N,08/2022,Analyst
11-3031.00,1.A.1.a.3,Oral Expression,IM,4.12,8,0.125,3.88,4.37,N,,08/2022,Analyst
11-3031.00,1.A.1.a.3,Oral Expression,LV,4.62,8,0.183,4.2664,4.9836,N,N,08/2022,Analyst
11-3031.00,1.A.1.a.4,Written Expression,IM,3.88,8,0.125,3.63,4.12,N,,08/2022,Analyst
11-3031.00,1.A.1.a.4,Written Expression,LV,4.12,8,0.125,3.88,4.37,N,N,08/2022,Analyst
11-3031.00,1.A.1.b.1,Fluency of Ideas,IM,3.38,8,0.183,3.0164,3.7336,N,,08/2022,Analyst
11-3031.00,1.A.1.b.1,Fluency of Ideas,LV,3.5,8,0.189,3.1296,3.8704,N,N,08/2022,Analyst
11-3031.00,1.A.1.b.2,Originality,IM,2.88,8,0.125,2.63,3.12,N,,08/2022,Analyst
11-3031.00,1.A.1.b.2,Originality,LV,3.12,8,0.2266,2.6809,3.5691,N,N,08/2022,Analyst
11-3031.00,1.A.1.b.3,Problem Sensitivity,IM,3.88,8,0.125,3.63,4.12,N,,08/2022,Analyst
11-3031.00,1.A.1.b.3,Problem Sensitivity,LV,4.0,8,0.189,3.6296,4.3704,N,N,08/2022,Analyst
11-3031.00,1.A.1.b.4,Deductive Reasoning,IM,4.0,8,0.189,3.6296,4.3704,N,,08/2022,Analyst
11-3031.00,1.A.1.b.4,Deductive Reasoning,LV,4.62,8,0.183,4.2664,4.9836,N,N,08/2022,Analyst
11-3031.00,1.A.1.b.5,Inductive Reasoning,IM,3.88,8,0.125,3.63,4.12,N,,08/2022,Analyst
11-3031.00,1.A.1.b.5,Inductive Reasoning,LV,4.12,8,0.2266,3.6809,4.5691,N,N,08/2022,Analyst
11-3031.00,1.A.1.b.6,Information Ordering,IM,3.75,8,0.1637,3.4292,4.0708,N,,08/2022,Analyst
11-3031.00,1.A.1.b.6,Information Ordering,LV,3.5,8,0.189,3.1296,3.8704,N,N,08/2022,Analyst
11-3031.00,1.A.1.b.7,Category Flexibility,IM,3.12,8,0.125,2.88,3.37,N,,08/2022,Analyst
11-3031.00,1.A.1.b.7,Category Flexibility,LV,3.5,8,0.189,3.1296,3.8704,N,N,08/2022,Analyst
11-3031.00,1.A.1.c.1,Mathematical Reasoning,IM,3.5,8,0.189,3.1296,3.8704,N,,08/2022,Analyst
11-3031.00,1.A.1.c.1,Mathematical Reasoning,LV,3.75,8,0.1637,3.4292,4.0708,N,N,08/2022,Analyst
11-3031.00,1.A.1.c.2,Number Facility,IM,3.5,8,0.189,3.1296,3.8704,N,,08/2022,Analyst
11-3031.00,1.A.1.c.2,Number Facility,LV,4.25,8,0.3134,3.6358,4.8642,N,N,08/2022,Analyst
11-3031.00,1.A.1.d.1,Memorization,IM,2.5,8,0.189,2.1296,2.8704,N,,08/2022,Analyst
11-3031.00,1.A.1.d.1,Memorization,LV,2.62,8,0.183,2.2664,2.9836,N,N,08/2022,Analyst
11-3031.00,1.A.1.e.1,Speed of Closure,IM,3.0,8,0.189,2.6296,3.3704,N,,08/2022,Analyst
11-3031.00,1.A.1.e.1,Speed of Closure,LV,3.0,8,0.2673,2.4762,3.5238,N,N,08/2022,Analyst
11-3031.00,1.A.1.e.2,Flexibility of Closure,IM,3.25,8,0.1637,2.9292,3.5708,N,,08/2022,Analyst
11-3031.00,1.A.1.e.2,Flexibility of Closure,LV,3.38,8,0.183,3.0164,3.7336,N,N,08/2022,Analyst
11-3031.00,1.A.1.e.3,Perceptual Speed,IM,2.88,8,0.125,2.63,3.12,N,,08/2022,Analyst
11-3031.00,1.A.1.e.3,Perceptual Speed,LV,2.62,8,0.183,2.2664,2.9836,N,N,08/2022,Analyst
11-3031.00,1.A.1.f.1,Spatial Orientation,IM,1.0,8,0.0,1.0,1.0,N,,08/2022,Analyst
11-3031.00,1.A.1.f.1,Spatial Orientation,LV,0.0,8,0.0,0.0,0.0,N,Y,08/2022,Analyst
11-3031.00,1.A.1.f.2,Visualization,IM,2.12,8,0.125,1.88,2.37,N,,08/2022,Analyst
11-3031.00,1.A.1.f.2,Visualization,LV,2.12,8,0.125,1.88,2.37,N,N,08/2022,Analyst
11-3031.00,1.A.1.g.1,Selective Attention,IM,2.75,8,0.1637,2.4292,3.0708,N,,08/2022,Analyst
11-3031.00,1.A.1.g.1,Selective Attention,LV,2.62,8,0.183,2.2664,2.9836,N,N,08/2022,Analyst
11-3031.00,1.A.1.g.2,Time Sharing,IM,2.25,8,0.1637,1.9292,2.5708,N,,08/2022,Analyst
11-3031.00,1.A.1.g.2,Time Sharing,LV,2.0,8,0.0,2.0,2.0,N,N,08/2022,Analyst
11-3031.00,1.A.2.a.1,Arm-Hand Steadiness,IM,1.75,8,0.1637,1.4292,2.0708,N,,08/2022,Analyst
11-3031.00,1.A.2.a.1,Arm-Hand Steadiness,LV,0.88,8,0.2266,0.4309,1.3191,N,N,08/2022,Analyst
11-3031.00,1.A.2.a.2,Manual Dexterity,IM,1.75,8,0.1637,1.4292,2.0708,N,,08/2022,Analyst
11-3031.00,1.A.2.a.2,Manual Dexterity,LV,0.88,8,0.2266,0.4309,1.3191,N,N,08/2022,Analyst
11-3031.00,1.A.2.a.3,Finger Dexterity,IM,1.75,8,0.1637,1.4292,2.0708,N,,08/2022,Analyst
11-3031.00,1.A.2.a.3,Finger Dexterity,LV,1.12,8,0.295,0.5467,1.7033,N,N,08/2022,Analyst
11-3031.00,1.A.2.b.1,Control Precision,IM,1.25,8,0.1637,1.0,1.5708,N,,08/2022,Analyst
11-3031.00,1.A.2.b.1,Control Precision,LV,0.38,8,0.2631,0.0,0.8906,N,Y,08/2022,Analyst
11-3031.00,1.A.2.b.2,Multilimb Coordination,IM,1.0,8,0.0,1.0,1.0,N,,08/2022,Analyst
11-3031.00,1.A.2.b.2,Multilimb Coordination,LV,0.0,8,0.0,0.0,0.0,N,Y,08/2022,Analyst
11-3031.00,1.A.2.b.3,Response Orientation,IM,1.0,8,0.0,1.0,1.0,N,,08/2022,Analyst
11-3031.00,1.A.2.b.3,Response Orientation,LV,0.0,8,0.0,0.0,0.0,N,Y,08/2022,Analyst
11-3031.00,1.A.2.b.4,Rate Control,IM,1.0,8,0.0,1.0,1.0,N,,08/2022,Analyst
11-3031.00,1.A.2.b.4,Rate Control,LV,0.0,8,0.0,0.0,0.0,N,Y,08/2022,Analyst
11-3031.00,1.A.2.c.1,Reaction Time,IM,1.0,8,0.0,1.0,1.0,N,,08/2022,Analyst
11-3031.00,1.A.2.c.1,Reaction Time,LV,0.0,8,0.0,0.0,0.0,N,Y,08/2022,Analyst
11-3031.00,1.A.2.c.2,Wrist-Finger Speed,IM,2.0,8,0.189,1.6296,2.3704,N,,08/2022,Analyst
11-3031.00,1.A.2.c.2,Wrist-Finger Speed,LV,1.62,8,0.4199,0.8019,2.4481,N,N,08/2022,Analyst
11-3031.00,1.A.2.c.3,Speed of Limb Movement,IM,1.0,8,0.0,1.0,1.0,N,,08/2022,Analyst
11-3031.00,1.A.2.c.3,Speed of Limb Movement,LV,0.0,8,0.0,0.0,0.0,N,Y,08/2022,Analyst
11-3031.00,1.A.3.a.1,Static Strength,IM,1.0,8,0.0,1.0,1.0,N,,08/2022,Analyst
11-3031.00,1.A.3.a.1,Static Strength,LV,0.0,8,0.0,0.0,0.0,N,Y,08/2022,Analyst
11-3031.00,1.A.3.a.2,Explosive Strength,IM,1.0,8,0.0,1.0,1.0,N,,08/2022,Analyst
11-3031.00,1.A.3.a.2,Explosive Strength,LV,0.0,8,0.0,0.0,0.0,N,Y,08/2022,Analyst
11-3031.00,1.A.3.a.3,Dynamic Strength,IM,1.0,8,0.0,1.0,1.0,N,,08/2022,Analyst
11-3031.00,1.A.3.a.3,Dynamic Strength,LV,0.0,8,0.0,0.0,0.0,N,Y,08/2022,Analyst
11-3031.00,1.A.3.a.4,Trunk Strength,IM,1.88,8,0.125,1.63,2.12,N,,08/2022,Analyst
11-3031.00,1.A.3.a.4,Trunk Strength,LV,1.38,8,0.2631,0.8594,1.8906,N,N,08/2022,Analyst
11-3031.00,1.A.3.b.1,Stamina,IM,1.12,8,0.125,1.0,1.37,N,,08/2022,Analyst
11-3031.00,1.A.3.b.1,Stamina,LV,0.25,8,0.25,0.0,0.74,N,Y,08/2022,Analyst
11-3031.00,1.A.3.c.1,Extent Flexibility,IM,1.0,8,0.0,1.0,1.0,N,,08/2022,Analyst
11-3031.00,1.A.3.c.1,Extent Flexibility,LV,0.0,8,0.0,0.0,0.0,N,Y,08/2022,Analyst
11-3031.00,1.A.3.c.2,Dynamic Flexibility,IM,1.0,8,0.0,1.0,1.0,N,,08/2022,Analyst
11-3031.00,1.A.3.c.2,Dynamic Flexibility,LV,0.0,8,0.0,0.0,0.0,N,Y,08/2022,Analyst
11-3031.00,1.A.3.c.3,Gross Body Coordination,IM,1.0,8,0.0,1.0,1.0,N,,08/2022,Analyst
11-3031.00,1.A.3.c.3,Gross Body Coordination,LV,0.0,8,0.0,0.0,0.0,N,Y,08/2022,Analyst
11-3031.00,1.A.3.c.4,Gross Body Equilibrium,IM,1.0,8,0.0,1.0,1.0,N,,08/2022,Analyst
11-3031.00,1.A.3.c.4,Gross Body Equilibrium,LV,0.0,8,0.0,0.0,0.0,N,Y,08/2022,Analyst
11-3031.00,1.A.4.a.1,Near Vision,IM,3.75,8,0.1637,3.4292,4.0708,N,,08/2022,Analyst
11-3031.00,1.A.4.a.1,Near Vision,LV,4.12,8,0.295,3.5467,4.7033,N,N,08/2022,Analyst
11-3031.00,1.A.4.a.2,Far Vision,IM,2.25,8,0.25,1.76,2.74,N,,08/2022,Analyst
11-3031.00,1.A.4.a.2,Far Vision,LV,2.12,8,0.3981,1.3447,2.9053,N,N,08/2022,Analyst
11-3031.00,1.A.4.a.3,Visual Color Discrimination,IM,1.38,8,0.183,1.0164,1.7336,N,,08/2022,Analyst
11-3031.00,1.A.4.a.3,Visual Color Discrimination,LV,0.62,8,0.3239,0.0,1.2598,N,N,08/2022,Analyst
11-3031.00,1.A.4.a.4,Night Vision,IM,1.12,8,0.125,1.0,1.37,N,,08/2022,Analyst
11-3031.00,1.A.4.a.4,Night Vision,LV,0.12,8,0.125,0.0,0.37,N,Y,08/2022,Analyst
11-3031.00,1.A.4.a.5,Peripheral Vision,IM,1.12,8,0.125,1.0,1.37,N,,08/2022,Analyst
11-3031.00,1.A.4.a.5,Peripheral Vision,LV,0.25,8,0.25,0.0,0.74,N,Y,08/2022,Analyst
11-3031.00,1.A.4.a.6,Depth Perception,IM,1.5,8,0.189,1.1296,1.8704,N,,08/2022,Analyst
11-3031.00,1.A.4.a.6,Depth Perception,LV,0.62,8,0.2631,0.1094,1.1406,N,N,08/2022,Analyst
11-3031.00,1.A.4.a.7,Glare Sensitivity,IM,1.0,8,0.0,1.0,1.0,N,,08/2022,Analyst
11-3031.00,1.A.4.a.7,Glare Sensitivity,LV,0.0,8,0.0,0.0,0.0,N,Y,08/2022,Analyst
11-3031.00,1.A.4.b.1,Hearing Sensitivity,IM,1.5,8,0.189,1.1296,1.8704,N,,08/2022,Analyst
11-3031.00,1.A.4.b.1,Hearing Sensitivity,LV,1.0,8,0.378,0.2592,1.7408,N,N,08/2022,Analyst
11-3031.00,1.A.4.b.2,Auditory Attention,IM,2.0,8,0.189,1.6296,2.3704,N,,08/2022,Analyst
11-3031.00,1.A.4.b.2,Auditory Attention,LV,1.62,8,0.2631,1.1094,2.1406,N,N,08/2022,Analyst
11-3031.00,1.A.4.b.3,Sound Localization,IM,1.12,8,0.125,1.0,1.37,N,,08/2022,Analyst
11-3031.00,1.A.4.b.3,Sound Localization,LV,0.25,8,0.25,0.0,0.74,N,Y,08/2022,Analyst
11-3031.00,1.A.4.b.4,Speech Recognition,IM,3.75,8,0.25,3.26,4.24,N,,08/2022,Analyst
11-3031.00,1.A.4.b.4,Speech Recognition,LV,3.88,8,0.295,3.2967,4.4533,N,N,08/2022,Analyst
11-3031.00,1.A.4.b.5,Speech Clarity,IM,4.0,8,0.0,4.0,4.0,N,,08/2022,Analyst
11-3031.00,1.A.4.b.5,Speech Clarity,LV,4.0,8,0.189,3.6296,4.3704,N,N,08/2022,Analyst
11-3031.01,1.A.1.a.1,Oral Comprehension,IM,4.0,8,0.0,4.0,4.0,N,,08/2020,Analyst
11-3031.01,1.A.1.a.1,Oral Comprehension,LV,4.12,8,0.125,3.88,4.37,N,N,08/2020,Analyst
11-3031.01,1.A.1.a.2,Written Comprehension,IM,4.12,8,0.125,3.88,4.37,N,,08/2020,Analyst
11-3031.01,1.A.1.a.2,Written Comprehension,LV,4.38,8,0.183,4.0164,4.7336,N,N,08/2020,Analyst
11-3031.01,1.A.1.a.3,Oral Expression,IM,4.0,8,0.0,4.0,4.0,N,,08/2020,Analyst
11-3031.01,1.A.1.a.3,Oral Expression,LV,4.88,8,0.2266,4.4309,5.3191,N,N,08/2020,Analyst
11-3031.01,1.A.1.a.4,Written Expression,IM,4.0,8,0.0,4.0,4.0,N,,08/2020,Analyst
11-3031.01,1.A.1.a.4,Written Expression,LV,4.12,8,0.125,3.88,4.37,N,N,08/2020,Analyst
11-3031.01,1.A.1.b.1,Fluency of Ideas,IM,3.25,8,0.1637,2.9292,3.5708,N,,08/2020,Analyst
11-3031.01,1.A.1.b.1,Fluency of Ideas,LV,3.62,8,0.2631,3.1094,4.1406,N,N,08/2020,Analyst
11-3031.01,1.A.1.b.2,Originality,IM,3.25,8,0.1637,2.9292,3.5708,N,,08/2020,Analyst
11-3031.01,1.A.1.b.2,Originality,LV,3.5,8,0.2673,2.9762,4.0238,N,N,08/2020,Analyst
11-3031.01,1.A.1.b.3,Problem Sensitivity,IM,4.0,8,0.0,4.0,4.0,N,,08/2020,Analyst
11-3031.01,1.A.1.b.3,Problem Sensitivity,LV,4.62,8,0.183,4.2664,4.9836,N,N,08/2020,Analyst
11-3031.01,1.A.1.b.4,Deductive Reasoning,IM,4.0,8,0.0,4.0,4.0,N,,08/2020,Analyst
11-3031.01,1.A.1.b.4,Deductive Reasoning,LV,4.62,8,0.183,4.2664,4.9836,N,N,08/2020,Analyst
11-3031.01,1.A.1.b.5,Inductive Reasoning,IM,4.12,8,0.125,3.88,4.37,N,,08/2020,Analyst
11-3031.01,1.A.1.b.5,Inductive Reasoning,LV,4.38,8,0.183,4.0164,4.7336,N,N,08/2020,Analyst
11-3031.01,1.A.1.b.6,Information Ordering,IM,3.88,8,0.125,3.63,4.12,N,,08/2020,Analyst
11-3031.01,1.A.1.b.6,Information Ordering,LV,3.88,8,0.125,3.63,4.12,N,N,08/2020,Analyst
11-3031.01,1.A.1.b.7,Category Flexibility,IM,3.5,8,0.189,3.1296,3.8704,N,,08/2020,Analyst
11-3031.01,1.A.1.b.7,Category Flexibility,LV,3.88,8,0.2266,3.4309,4.3191,N,N,08/2020,Analyst
11-3031.01,1.A.1.c.1,Mathematical Reasoning,IM,3.88,8,0.125,3.63,4.12,N,,08/2020,Analyst
11-3031.01,1.A.1.c.1,Mathematical Reasoning,LV,4.25,8,0.1637,3.9292,4.5708,N,N,08/2020,Analyst
11-3031.01,1.A.1.c.2,Number Facility,IM,3.75,8,0.1637,3.4292,4.0708,N,,08/2020,Analyst
11-3031.01,1.A.1.c.2,Number Facility,LV,4.38,8,0.183,4.0164,4.7336,N,N,08/2020,Analyst
11-3031.01,1.A.1.d.1,Memorization,IM,2.75,8,0.1637,2.4292,3.0708,N,,08/2020,Analyst
11-3031.01,1.A.1.d.1,Memorization,LV,2.75,8,0.1637,2.4292,3.0708,N,N,08/2020,Analyst
11-3031.01,1.A.1.e.1,Speed of Closure,IM,2.88,8,0.125,2.63,3.12,N,,08/2020,Analyst
11-3031.01,1.A.1.e.1,Speed of Closure,LV,3.12,8,0.125,2.88,3.37,N,N,08/2020,Analyst
11-3031.01,1.A.1.e.2,Flexibility of Closure,IM,3.0,8,0.189,2.6296,3.3704,N,,08/2020,Analyst
11-3031.01,1.A.1.e.2,Flexibility of Closure,LV,3.0,8,0.189,2.6296,3.3704,N,N,08/2020,Analyst
11-3031.01,1.A.1.e.3,Perceptual Speed,IM,3.12,8,0.125,2.88,3.37,N,,08/2020,Analyst
11-3031.01,1.A.1.e.3,Perceptual Speed,LV,3.12,8,0.125,2.88,3.37,N,N,08/2020,Analyst
11-3031.01,1.A.1.f.1,Spatial Orientation,IM,1.0,8,0.0,1.0,1.0,N,,08/2020,Analyst
11-3031.01,1.A.1.f.1,Spatial Orientation,LV,0.0,8,0.0,0.0,0.0,N,Y,08/2020,Analyst
11-3031.01,1.A.1.f.2,Visualization,IM,2.38,8,0.183,2.0164,2.7336,N,,08/2020,Analyst
11-3031.01,1.A.1.f.2,Visualization,LV,2.62,8,0.2631,2.1094,3.1406,N,N,08/2020,Analyst
11-3031.01,1.A.1.g.1,Selective Attention,IM,2.62,8,0.183,2.2664,2.9836,N,,08/2020,Analyst
11-3031.01,1.A.1.g.1,Selective Attention,LV,2.62,8,0.183,2.2664,2.9836,N,N,08/2020,Analyst
11-3031.01,1.A.1.g.2,Time Sharing,IM,2.38,8,0.183,2.0164,2.7336,N,,08/2020,Analyst
11-3031.01,1.A.1.g.2,Time Sharing,LV,2.0,8,0.0,2.0,2.0,N,N,08/2020,Analyst
11-3031.01,1.A.2.a.1,Arm-Hand Steadiness,IM,1.0,8,0.0,1.0,1.0,N,,08/2020,Analyst
11-3031.01,1.A.2.a.1,Arm-Hand Steadiness,LV,0.0,8,0.0,0.0,0.0,N,Y,08/2020,Analyst
11-3031.01,1.A.2.a.2,Manual Dexterity,IM,1.12,8,0.125,1.0,1.37,N,,08/2020,Analyst
11-3031.01,1.A.2.a.2,Manual Dexterity,LV,0.12,8,0.125,0.0,0.37,N,Y,08/2020,Analyst
11-3031.01,1.A.2.a.3,Finger Dexterity,IM,2.12,8,0.125,1.88,2.37,N,,08/2020,Analyst
11-3031.01,1.A.2.a.3,Finger Dexterity,LV,2.0,8,0.0,2.0,2.0,N,N,08/2020,Analyst
11-3031.01,1.A.2.b.1,Control Precision,IM,1.0,8,0.0,1.0,1.0,N,,08/2020,Analyst
11-3031.01,1.A.2.b.1,Control Precision,LV,0.0,8,0.0,0.0,0.0,N,Y,08/2020,Analyst
11-3031.01,1.A.2.b.2,Multilimb Coordination,IM,1.0,8,0.0,1.0,1.0,N,,08/2020,Analyst
11-3031.01,1.A.2.b.2,Multilimb Coordination,LV,0.0,8,0.0,0.0,0.0,N,Y,08/2020,Analyst
11-3031.01,1.A.2.b.3,Response Orientation,IM,1.0,8,0.0,1.0,1.0,N,,08/2020,Analyst
11-3031.01,1.A.2.b.3,Response Orientation,LV,0.0,8,0.0,0.0,0.0,N,Y,08/2020,Analyst
11-3031.01,1.A.2.b.4,Rate Control,IM,1.0,8,0.0,1.0,1.0,N,,08/2020,Analyst
11-3031.01,1.A.2.b.4,Rate Control,LV,0.0,8,0.0,0.0,0.0,N,Y,08/2020,Analyst
11-3031.01,1.A.2.c.1,Reaction Time,IM,1.0,8,0.0,1.0,1.0,N,,08/2020,Analyst
11-3031.01,1.A.2.c.1,Reaction Time,LV,0.0,8,0.0,0.0,0.0,N,Y,08/2020,Analyst
11-3031.01,1.A.2.c.2,Wrist-Finger Speed,IM,1.25,8,0.1637,1.0,1.5708,N,,08/2020,Analyst
11-3031.01,1.A.2.c.2,Wrist-Finger Speed,LV,0.38,8,0.2631,0.0,0.8906,N,Y,08/2020,Analyst
11-3031.01,1.A.2.c.3,Speed of Limb Movement,IM,1.0,8,0.0,1.0,1.0,N,,08/2020,Analyst
11-3031.01,1.A.2.c.3,Speed of Limb Movement,LV,0.0,8,0.0,0.0,0.0,N,Y,08/2020,Analyst
11-3031.01,1.A.3.a.1,Static Strength,IM,1.0,8,0.0,1.0,1.0,N,,08/2020,Analyst
11-3031.01,1.A.3.a.1,Static Strength,LV,0.0,8,0.0,0.0,0.0,N,Y,08/2020,Analyst
11-3031.01,1.A.3.a.2,Explosive Strength,IM,1.0,8,0.0,1.0,1.0,N,,08/2020,Analyst
11-3031.01,1.A.3.a.2,Explosive Strength,LV,0.0,8,0.0,0.0,0.0,N,Y,08/2020,Analyst
11-3031.01,1.A.3.a.3,Dynamic Strength,IM,1.25,8,0.1637,1.0,1.5708,N,,08/2020,Analyst
11-3031.01,1.A.3.a.3,Dynamic Strength,LV,0.25,8,0.1637,0.0,0.5708,N,Y,08/2020,Analyst
11-3031.01,1.A.3.a.4,Trunk Strength,IM,1.5,8,0.189,1.1296,1.8704,N,,08/2020,Analyst
11-3031.01,1.A.3.a.4,Trunk Strength,LV,0.88,8,0.3504,0.1883,1.5617,N,N,08/2020,Analyst
11-3031.01,1.A.3.b.1,Stamina,IM,1.0,8,0.0,1.0,1.0,N,,08/2020,Analyst
11-3031.01,1.A.3.b.1,Stamina,LV,0.0,8,0.0,0.0,0.0,N,Y,08/2020,Analyst
11-3031.01,1.A.3.c.1,Extent Flexibility,IM,1.0,8,0.0,1.0,1.0,N,,08/2020,Analyst
11-3031.01,1.A.3.c.1,Extent Flexibility,LV,0.0,8,0.0,0.0,0.0,N,Y,08/2020,Analyst
11-3031.01,1.A.3.c.2,Dynamic Flexibility,IM,1.0,8,0.0,1.0,1.0,N,,08/2020,Analyst
11-3031.01,1.A.3.c.2,Dynamic Flexibility,LV,0.0,8,0.0,0.0,0.0,N,Y,08/2020,Analyst
11-3031.01,1.A.3.c.3,Gross Body Coordination,IM,1.0,8,0.0,1.0,1.0,N,,08/2020,Analyst
11-3031.01,1.A.3.c.3,Gross Body Coordination,LV,0.0,8,0.0,0.0,0.0,N,Y,08/2020,Analyst
11-3031.01,1.A.3.c.4,Gross Body Equilibrium,IM,1.0,8,0.0,1.0,1.0,N,,08/2020,Analyst
11-3031.01,1.A.3.c.4,Gross Body Equilibrium,LV,0.0,8,0.0,0.0,0.0,N,Y,08/2020,Analyst
11-3031.01,1.A.4.a.1,Near Vision,IM,4.0,8,0.0,4.0,4.0,N,,08/2020,Analyst
11-3031.01,1.A.4.a.1,Near Vision,LV,4.12,8,0.125,3.88,4.37,N,N,08/2020,Analyst
11-3031.01,1.A.4.a.2,Far Vision,IM,2.38,8,0.183,2.0164,2.7336,N,,08/2020,Analyst
11-3031.01,1.A.4.a.2,Far Vision,LV,2.62,8,0.183,2.2664,2.9836,N,N,08/2020,Analyst
11-3031.01,1.A.4.a.3,Visual Color Discrimination,IM,1.88,8,0.125,1.63,2.12,N,,08/2020,Analyst
11-3031.01,1.A.4.a.3,Visual Color Discrimination,LV,1.25,8,0.25,0.76,1.74,N,N,08/2020,Analyst
11-3031.01,1.A.4.a.4,Night Vision,IM,1.0,8,0.0,1.0,1.0,N,,08/2020,Analyst
11-3031.01,1.A.4.a.4,Night Vision,LV,0.0,8,0.0,0.0,0.0,N,Y,08/2020,Analyst
11-3031.01,1.A.4.a.5,Peripheral Vision,IM,1.0,8,0.0,1.0,1.0,N,,08/2020,Analyst
11-3031.01,1.A.4.a.5,Peripheral Vision,LV,0.0,8,0.0,0.0,0.0,N,Y,08/2020,Analyst
11-3031.01,1.A.4.a.6,Depth Perception,IM,1.62,8,0.183,1.2664,1.9836,N,,08/2020,Analyst
11-3031.01,1.A.4.a.6,Depth Perception,LV,0.62,8,0.183,0.2664,0.9836,N,N,08/2020,Analyst
11-3031.01,1.A.4.a.7,Glare Sensitivity,IM,1.0,8,0.0,1.0,1.0,N,,08/2020,Analyst
11-3031.01,1.A.4.a.7,Glare Sensitivity,LV,0.0,8,0.0,0.0,0.0,N,Y,08/2020,Analyst
11-3031.01,1.A.4.b.1,Hearing Sensitivity,IM,1.75,8,0.1637,1.4292,2.0708,N,,08/2020,Analyst
11-3031.01,1.A.4.b.1,Hearing Sensitivity,LV,1.12,8,0.295,0.5467,1.7033,N,N,08/2020,Analyst
11-3031.01,1.A.4.b.2,Auditory Attention,IM,1.75,8,0.1637,1.4292,2.0708,N,,08/2020,Analyst
11-3031.01,1.A.4.b.2,Auditory Attention,LV,1.12,8,0.295,0.5467,1.7033,N,N,08/2020,Analyst
11-3031.01,1.A.4.b.3,Sound Localization,IM,1.0,8,0.0,1.0,1.0,N,,08/2020,Analyst
11-3031.01,1.A.4.b.3,Sound Localization,LV,0.0,8,0.0,0.0,0.0,N,Y,08/2020,Analyst
11-3031.01,1.A.4.b.4,Speech Recognition,IM,3.62,8,0.183,3.2664,3.9836,N,,08/2020,Analyst
11-3031.01,1.A.4.b.4,Speech Recognition,LV,3.75,8,0.25,3.26,4.24,N,N,08/2020,Analyst
11-3031.01,1.A.4.b.5,Speech Clarity,IM,3.62,8,0.183,3.2664,3.9836,N,,08/2020,Analyst
11-3031.01,1.A.4.b.5,Speech Clarity,LV,3.75,8,0.25,3.26,4.24,N,N,08/2020,Analyst
11-3031.03,1.A.1.a.1,Oral Comprehension,IM,4.0,8,0.189,3.6296,4.3704,N,,07/2014,Analyst
11-3031.03,1.A.1.a.1,Oral Comprehension,LV,4.38,8,0.183,4.0164,4.7336,N,N,07/2014,Analyst
11-3031.03,1.A.1.a.2,Written Comprehension,IM,4.0,8,0.2673,3.4762,4.5238,N,,07/2014,Analyst
11-3031.03,1.A.1.a.2,Written Comprehension,LV,4.38,8,0.2631,3.8594,4.8906,N,N,07/2014,Analyst
11-3031.03,1.A.1.a.3,Oral Expression,IM,4.0,8,0.189,3.6296,4.3704,N,,07/2014,Analyst
11-3031.03,1.A.1.a.3,Oral Expression,LV,4.25,8,0.25,3.76,4.74,N,N,07/2014,Analyst
11-3031.03,1.A.1.a.4,Written Expression,IM,3.75,8,0.25,3.26,4.24,N,,07/2014,Analyst
11-3031.03,1.A.1.a.4,Written Expression,LV,4.38,8,0.183,4.0164,4.7336,N,N,07/2014,Analyst
11-3031.03,1.A.1.b.1,Fluency of Ideas,IM,3.38,8,0.2631,2.8594,3.8906,N,,07/2014,Analyst
11-3031.03,1.A.1.b.1,Fluency of Ideas,LV,3.62,8,0.2631,3.1094,4.1406,N,N,07/2014,Analyst
11-3031.03,1.A.1.b.2,Originality,IM,3.38,8,0.2631,2.8594,3.8906,N,,07/2014,Analyst
11-3031.03,1.A.1.b.2,Originality,LV,3.5,8,0.189,3.1296,3.8704,N,N,07/2014,Analyst
11-3031.03,1.A.1.b.3,Problem Sensitivity,IM,3.75,8,0.1637,3.4292,4.0708,N,,07/2014,Analyst
11-3031.03,1.A.1.b.3,Problem Sensitivity,LV,4.25,8,0.1637,3.9292,4.5708,N,N,07/2014,Analyst
11-3031.03,1.A.1.b.4,Deductive Reasoning,IM,4.12,8,0.2266,3.6809,4.5691,N,,07/2014,Analyst
11-3031.03,1.A.1.b.4,Deductive Reasoning,LV,4.38,8,0.2631,3.8594,4.8906,N,N,07/2014,Analyst
11-3031.03,1.A.1.b.5,Inductive Reasoning,IM,3.88,8,0.2266,3.4309,4.3191,N,,07/2014,Analyst
11-3031.03,1.A.1.b.5,Inductive Reasoning,LV,4.12,8,0.2266,3.6809,4.5691,N,N,07/2014,Analyst
11-3031.03,1.A.1.b.6,Information Ordering,IM,3.88,8,0.2266,3.4309,4.3191,N,,07/2014,Analyst
11-3031.03,1.A.1.b.6,Information Ordering,LV,3.88,8,0.2266,3.4309,4.3191,N,N,07/2014,Analyst
11-3031.03,1.A.1.b.7,Category Flexibility,IM,3.38,8,0.183,3.0164,3.7336,N,,07/2014,Analyst
11-3031.03,1.A.1.b.7,Category Flexibility,LV,3.75,8,0.25,3.26,4.24,N,N,07/2014,Analyst
11-3031.03,1.A.1.c.1,Mathematical Reasoning,IM,3.88,8,0.295,3.2967,4.4533,N,,07/2014,Analyst
11-3031.03,1.A.1.c.1,Mathematical Reasoning,LV,4.25,8,0.1637,3.9292,4.5708,N,N,07/2014,Analyst
11-3031.03,1.A.1.c.2,Number Facility,IM,3.62,8,0.2631,3.1094,4.1406,N,,07/2014,Analyst
11-3031.03,1.A.1.c.2,Number Facility,LV,4.25,8,0.25,3.76,4.74,N,N,07/2014,Analyst
11-3031.03,1.A.1.d.1,Memorization,IM,2.88,8,0.2266,2.4309,3.3191,N,,07/2014,Analyst
11-3031.03,1.A.1.d.1,Memorization,LV,3.0,8,0.2673,2.4762,3.5238,N,N,07/2014,Analyst
11-3031.03,1.A.1.e.1,Speed of Closure,IM,2.88,8,0.295,2.2967,3.4533,N,,07/2014,Analyst
11-3031.03,1.A.1.e.1,Speed of Closure,LV,3.12,8,0.3981,2.3447,3.9053,N,N,07/2014,Analyst
11-3031.03,1.A.1.e.2,Flexibility of Closure,IM,3.38,8,0.2631,2.8594,3.8906,N,,07/2014,Analyst
11-3031.03,1.A.1.e.2,Flexibility of Closure,LV,3.5,8,0.3273,2.8584,4.1416,N,N,07/2014,Analyst
11-3031.03,1.A.1.e.3,Perceptual Speed,IM,3.0,8,0.3273,2.3584,3.6416,N,,07/2014,Analyst
11-3031.03,1.A.1.e.3,Perceptual Speed,LV,3.0,8,0.3273,2.3584,3.6416,N,N,07/2014,Analyst
11-3031.03,1.A.1.f.1,Spatial Orientation,IM,1.0,8,0.0,1.0,1.0,N,,07/2014,Analyst
11-3031.03,1.A.1.f.1,Spatial Orientation,LV,0.0,8,0.0,0.0,0.0,N,Y,07/2014,Analyst
11-3031.03,1.A.1.f.2,Visualization,IM,2.75,8,0.4119,1.9427,3.5573,N,,07/2014,Analyst
11-3031.03,1.A.1.f.2,Visualization,LV,2.75,8,0.559,1.6543,3.8457,Y,N,07/2014,Analyst
11-3031.03,1.A.1.g.1,Selective Attention,IM,3.12,8,0.2266,2.6809,3.5691,N,,07/2014,Analyst
11-3031.03,1.A.1.g.1,Selective Attention,LV,3.25,8,0.25,2.76,3.74,N,N,07/2014,Analyst
11-3031.03,1.A.1.g.2,Time Sharing,IM,2.75,8,0.1637,2.4292,3.0708,N,,07/2014,Analyst
11-3031.03,1.A.1.g.2,Time Sharing,LV,2.88,8,0.295,2.2967,3.4533,N,N,07/2014,Analyst
11-3031.03,1.A.2.a.1,Arm-Hand Steadiness,IM,1.0,8,0.0,1.0,1.0,N,,07/2014,Analyst
11-3031.03,1.A.2.a.1,Arm-Hand Steadiness,LV,0.0,8,0.0,0.0,0.0,N,Y,07/2014,Analyst
11-3031.03,1.A.2.a.2,Manual Dexterity,IM,1.0,8,0.0,1.0,1.0,N,,07/2014,Analyst
11-3031.03,1.A.2.a.2,Manual Dexterity,LV,0.0,8,0.0,0.0,0.0,N,Y,07/2014,Analyst
11-3031.03,1.A.2.a.3,Finger Dexterity,IM,2.25,8,0.3134,1.6358,2.8642,N,,07/2014,Analyst
11-3031.03,1.A.2.a.3,Finger Dexterity,LV,1.88,8,0.4407,1.0113,2.7387,N,N,07/2014,Analyst
11-3031.03,1.A.2.b.1,Control Precision,IM,1.0,8,0.0,1.0,1.0,N,,07/2014,Analyst
11-3031.03,1.A.2.b.1,Control Precision,LV,0.0,8,0.0,0.0,0.0,N,Y,07/2014,Analyst
11-3031.03,1.A.2.b.2,Multilimb Coordination,IM,1.0,8,0.0,1.0,1.0,N,,07/2014,Analyst
11-3031.03,1.A.2.b.2,Multilimb Coordination,LV,0.0,8,0.0,0.0,0.0,N,Y,07/2014,Analyst
11-3031.03,1.A.2.b.3,Response Orientation,IM,1.0,8,0.0,1.0,1.0,N,,07/2014,Analyst
11-3031.03,1.A.2.b.3,Response Orientation,LV,0.0,8,0.0,0.0,0.0,N,Y,07/2014,Analyst
11-3031.03,1.A.2.b.4,Rate Control,IM,1.0,8,0.0,1.0,1.0,N,,07/2014,Analyst
11-3031.03,1.A.2.b.4,Rate Control,LV,0.0,8,0.0,0.0,0.0,N,Y,07/2014,Analyst
11-3031.03,1.A.2.c.1,Reaction Time,IM,1.0,8,0.0,1.0,1.0,N,,07/2014,Analyst
11-3031.03,1.A.2.c.1,Reaction Time,LV,0.0,8,0.0,0.0,0.0,N,Y,07/2014,Analyst
11-3031.03,1.A.2.c.2,Wrist-Finger Speed,IM,1.0,8,0.0,1.0,1.0,N,,07/2014,Analyst
11-3031.03,1.A.2.c.2,Wrist-Finger Speed,LV,0.0,8,0.0,0.0,0.0,N,Y,07/2014,Analyst
11-3031.03,1.A.2.c.3,Speed of Limb Movement,IM,1.0,8,0.0,1.0,1.0,N,,07/2014,Analyst
11-3031.03,1.A.2.c.3,Speed of Limb Movement,LV,0.0,8,0.0,0.0,0.0,N,Y,07/2014,Analyst
11-3031.03,1.A.3.a.1,Static Strength,IM,1.0,8,0.0,1.0,1.0,N,,07/2014,Analyst
11-3031.03,1.A.3.a.1,Static Strength,LV,0.0,8,0.0,0.0,0.0,N,Y,07/2014,Analyst
11-3031.03,1.A.3.a.2,Explosive Strength,IM,1.0,8,0.0,1.0,1.0,N,,07/2014,Analyst
11-3031.03,1.A.3.a.2,Explosive Strength,LV,0.0,8,0.0,0.0,0.0,N,Y,07/2014,Analyst
11-3031.03,1.A.3.a.3,Dynamic Strength,IM,1.0,8,0.0,1.0,1.0,N,,07/2014,Analyst
11-3031.03,1.A.3.a.3,Dynamic Strength,LV,0.0,8,0.0,0.0,0.0,N,Y,07/2014,Analyst
11-3031.03,1.A.3.a.4,Trunk Strength,IM,1.0,8,0.0,1.0,1.0,N,,07/2014,Analyst
11-3031.03,1.A.3.a.4,Trunk Strength,LV,0.0,8,0.0,0.0,0.0,N,Y,07/2014,Analyst
11-3031.03,1.A.3.b.1,Stamina,IM,1.0,8,0.0,1.0,1.0,N,,07/2014,Analyst
11-3031.03,1.A.3.b.1,Stamina,LV,0.0,8,0.0,0.0,0.0,N,Y,07/2014,Analyst
11-3031.03,1.A.3.c.1,Extent Flexibility,IM,1.0,8,0.0,1.0,1.0,N,,07/2014,Analyst
11-3031.03,1.A.3.c.1,Extent Flexibility,LV,0.0,8,0.0,0.0,0.0,N,Y,07/2014,Analyst
11-3031.03,1.A.3.c.2,Dynamic Flexibility,IM,1.0,8,0.0,1.0,1.0,N,,07/2014,Analyst
11-3031.03,1.A.3.c.2,Dynamic Flexibility,LV,0.0,8,0.0,0.0,0.0,N,Y,07/2014,Analyst
11-3031.03,1.A.3.c.3,Gross Body Coordination,IM,1.0,8,0.0,1.0,1.0,N,,07/2014,Analyst
11-3031.03,1.A.3.c.3,Gross Body Coordination,LV,0.0,8,0.0,0.0,0.0,N,Y,07/2014,Analyst
11-3031.03,1.A.3.c.4,Gross Body Equilibrium,IM,1.0,8,0.0,1.0,1.0,N,,07/2014,Analyst
11-3031.03,1.A.3.c.4,Gross Body Equilibrium,LV,0.0,8,0.0,0.0,0.0,N,Y,07/2014,Analyst
11-3031.03,1.A.4.a.1,Near Vision,IM,3.62,8,0.183,3.2664,3.9836,N,,07/2014,Analyst
11-3031.03,1.A.4.a.1,Near Vision,LV,3.88,8,0.2266,3.4309,4.3191,N,N,07/2014,Analyst
11-3031.03,1.A.4.a.2,Far Vision,IM,2.88,8,0.2266,2.4309,3.3191,N,,07/2014,Analyst
11-3031.03,1.A.4.a.2,Far Vision,LV,2.88,8,0.3504,2.1883,3.5617,N,N,07/2014,Analyst
11-3031.03,1.A.4.a.3,Visual Color Discrimination,IM,2.12,8,0.2266,1.6809,2.5691,N,,07/2014,Analyst
11-3031.03,1.A.4.a.3,Visual Color Discrimination,LV,1.75,8,0.366,1.0327,2.4673,N,N,07/2014,Analyst
11-3031.03,1.A.4.a.4,Night Vision,IM,1.0,8,0.0,1.0,1.0,N,,07/2014,Analyst
11-3031.03,1.A.4.a.4,Night Vision,LV,0.0,8,0.0,0.0,0.0,N,Y,07/2014,Analyst
11-3031.03,1.A.4.a.5,Peripheral Vision,IM,1.0,8,0.0,1.0,1.0,N,,07/2014,Analyst
11-3031.03,1.A.4.a.5,Peripheral Vision,LV,0.0,8,0.0,0.0,0.0,N,Y,07/2014,Analyst
11-3031.03,1.A.4.a.6,Depth Perception,IM,1.62,8,0.2631,1.1094,2.1406,N,,07/2014,Analyst
11-3031.03,1.A.4.a.6,Depth Perception,LV,0.88,8,0.3981,0.0947,1.6553,N,N,07/2014,Analyst
11-3031.03,1.A.4.a.7,Glare Sensitivity,IM,1.0,8,0.0,1.0,1.0,N,,07/2014,Analyst
11-3031.03,1.A.4.a.7,Glare Sensitivity,LV,0.0,8,0.0,0.0,0.0,N,Y,07/2014,Analyst
11-3031.03,1.A.4.b.1,Hearing Sensitivity,IM,2.0,8,0.189,1.6296,2.3704,N,,07/2014,Analyst
11-3031.03,1.A.4.b.1,Hearing Sensitivity,LV,1.62,8,0.3239,0.9902,2.2598,N,N,07/2014,Analyst
11-3031.03,1.A.4.b.2,Auditory Attention,IM,2.12,8,0.2266,1.6809,2.5691,N,,07/2014,Analyst
11-3031.03,1.A.4.b.2,Auditory Attention,LV,1.5,8,0.3273,0.8584,2.1416,N,N,07/2014,Analyst
11-3031.03,1.A.4.b.3,Sound Localization,IM,1.0,8,0.0,1.0,1.0,N,,07/2014,Analyst
11-3031.03,1.A.4.b.3,Sound Localization,LV,0.0,8,0.0,0.0,0.0,N,Y,07/2014,Analyst
11-3031.03,1.A.4.b.4,Speech Recognition,IM,3.5,8,0.189,3.1296,3.8704,N,,07/2014,Analyst
11-3031.03,1.A.4.b.4,Speech Recognition,LV,3.75,8,0.1637,3.4292,4.0708,N,N,07/2014,Analyst
11-3031.03,1.A.4.b.5,Speech Clarity,IM,3.75,8,0.25,3.26,4.24,N,,07/2014,Analyst
11-3031.03,1.A.4.b.5,Speech Clarity,LV,3.75,8,0.3134,3.1358,4.3642,N,N,07/2014,Analyst
11-3051.00,1.A.1.a.1,Oral Comprehension,IM,4.0,8,0.0,4.0,4.0,N,,08/2021,Analyst
11-3051.00,1.A.1.a.1,Oral Comprehension,LV,4.25,8,0.1637,3.9292,4.5708,N,N,08/2021,Analyst
11-3051.00,1.A.1.a.2,Written Comprehension,IM,4.0,8,0.0,4.0,4.0,N,,08/2021,Analyst
11-3051.00,1.A.1.a.2,Written Comprehension,LV,4.0,8,0.0,4.0,4.0,N,N,08/2021,Analyst
11-3051.00,1.A.1.a.3,Oral Expression,IM,4.0,8,0.0,4.0,4.0,N,,08/2021,Analyst
11-3051.00,1.A.1.a.3,Oral Expression,LV,4.12,8,0.125,3.88,4.37,N,N,08/2021,Analyst
11-3051.00,1.A.1.a.4,Written Expression,IM,3.5,8,0.189,3.1296,3.8704,N,,08/2021,Analyst
11-3051.00,1.A.1.a.4,Written Expression,LV,4.0,8,0.0,4.0,4.0,N,N,08/2021,Analyst
11-3051.00,1.A.1.b.1,Fluency of Ideas,IM,3.5,8,0.189,3.1296,3.8704,N,,08/2021,Analyst
11-3051.00,1.A.1.b.1,Fluency of Ideas,LV,4.0,8,0.189,3.6296,4.3704,N,N,08/2021,Analyst
11-3051.00,1.A.1.b.2,Originality,IM,3.12,8,0.125,2.88,3.37,N,,08/2021,Analyst
11-3051.00,1.A.1.b.2,Originality,LV,3.88,8,0.125,3.63,4.12,N,N,08/2021,Analyst
11-3051.00,1.A.1.b.3,Problem Sensitivity,IM,4.0,8,0.0,4.0,4.0,N,,08/2021,Analyst
11-3051.00,1.A.1.b.3,Problem Sensitivity,LV,4.12,8,0.125,3.88,4.37,N,N,08/2021,Analyst
11-3051.00,1.A.1.b.4,Deductive Reasoning,IM,4.0,8,0.0,4.0,4.0,N,,08/2021,Analyst
11-3051.00,1.A.1.b.4,Deductive Reasoning,LV,4.25,8,0.1637,3.9292,4.5708,N,N,08/2021,Analyst
11-3051.00,1.A.1.b.5,Inductive Reasoning,IM,3.88,8,0.125,3.63,4.12,N,,08/2021,Analyst
11-3051.00,1.A.1.b.5,Inductive Reasoning,LV,4.0,8,0.0,4.0,4.0,N,N,08/2021,Analyst
11-3051.00,1.A.1.b.6,Information Ordering,IM,4.0,8,0.0,4.0,4.0,N,,08/2021,Analyst
11-3051.00,1.A.1.b.6,Information Ordering,LV,4.0,8,0.0,4.0,4.0,N,N,08/2021,Analyst
11-3051.00,1.A.1.b.7,Category Flexibility,IM,3.25,8,0.1637,2.9292,3.5708,N,,08/2021,Analyst
11-3051.00,1.A.1.b.7,Category Flexibility,LV,3.88,8,0.125,3.63,4.12,N,N,08/2021,Analyst
11-3051.00,1.A.1.c.1,Mathematical Reasoning,IM,3.12,8,0.125,2.88,3.37,N,,08/2021,Analyst
11-3051.00,1.A.1.c.1,Mathematical Reasoning,LV,3.62,8,0.183,3.2664,3.9836,N,N,08/2021,Analyst
11-3051.00,1.A.1.c.2,Number Facility,IM,3.12,8,0.125,2.88,3.37,N,,08/2021,Analyst
11-3051.00,1.A.1.c.2,Number Facility,LV,3.25,8,0.1637,2.9292,3.5708,N,N,08/2021,Analyst
11-3051.00,1.A.1.d.1,Memorization,IM,2.88,8,0.125,2.63,3.12,N,,08/2021,Analyst
11-3051.00,1.A.1.d.1,Memorization,LV,2.88,8,0.125,2.63,3.12,N,N,08/2021,Analyst
11-3051.00,1.A.1.e.1,Speed of Closure,IM,2.88,8,0.125,2.63,3.12,N,,08/2021,Analyst
11-3051.00,1.A.1.e.1,Speed of Closure,LV,2.88,8,0.125,2.63,3.12,N,N,08/2021,Analyst
11-3051.00,1.A.1.e.2,Flexibility of Closure,IM,3.0,8,0.0,3.0,3.0,N,,08/2021,Analyst
11-3051.00,1.A.1.e.2,Flexibility of Closure,LV,3.25,8,0.1637,2.9292,3.5708,N,N,08/2021,Analyst
11-3051.00,1.A.1.e.3,Perceptual Speed,IM,3.12,8,0.125,2.88,3.37,N,,08/2021,Analyst
11-3051.00,1.A.1.e.3,Perceptual Speed,LV,3.0,8,0.0,3.0,3.0,N,N,08/2021,Analyst
11-3051.00,1.A.1.f.1,Spatial Orientation,IM,1.75,8,0.25,1.26,2.24,N,,08/2021,Analyst
11-3051.00,1.A.1.f.1,Spatial Orientation,LV,0.88,8,0.295,0.2967,1.4533,N,N,08/2021,Analyst
11-3051.00,1.A.1.f.2,Visualization,IM,3.12,8,0.125,2.88,3.37,N,,08/2021,Analyst
11-3051.00,1.A.1.f.2,Visualization,LV,3.25,8,0.25,2.76,3.74,N,N,08/2021,Analyst
11-3051.00,1.A.1.g.1,Selective Attention,IM,3.0,8,0.0,3.0,3.0,N,,08/2021,Analyst
11-3051.00,1.A.1.g.1,Selective Attention,LV,3.12,8,0.125,2.88,3.37,N,N,08/2021,Analyst
11-3051.00,1.A.1.g.2,Time Sharing,IM,2.88,8,0.125,2.63,3.12,N,,08/2021,Analyst
11-3051.00,1.A.1.g.2,Time Sharing,LV,2.88,8,0.125,2.63,3.12,N,N,08/2021,Analyst
11-3051.00,1.A.2.a.1,Arm-Hand Steadiness,IM,2.38,8,0.183,2.0164,2.7336,N,,08/2021,Analyst
11-3051.00,1.A.2.a.1,Arm-Hand Steadiness,LV,2.25,8,0.25,1.76,2.74,N,N,08/2021,Analyst
11-3051.00,1.A.2.a.2,Manual Dexterity,IM,2.25,8,0.1637,1.9292,2.5708,N,,08/2021,Analyst
11-3051.00,1.A.2.a.2,Manual Dexterity,LV,1.75,8,0.1637,1.4292,2.0708,N,N,08/2021,Analyst
11-3051.00,1.A.2.a.3,Finger Dexterity,IM,2.5,8,0.189,2.1296,2.8704,N,,08/2021,Analyst
11-3051.00,1.A.2.a.3,Finger Dexterity,LV,2.5,8,0.189,2.1296,2.8704,N,N,08/2021,Analyst
11-3051.00,1.A.2.b.1,Control Precision,IM,2.25,8,0.1637,1.9292,2.5708,N,,08/2021,Analyst
11-3051.00,1.A.2.b.1,Control Precision,LV,2.25,8,0.1637,1.9292,2.5708,N,N,08/2021,Analyst
11-3051.00,1.A.2.b.2,Multilimb Coordination,IM,2.0,8,0.189,1.6296,2.3704,N,,08/2021,Analyst
11-3051.00,1.A.2.b.2,Multilimb Coordination,LV,1.75,8,0.3134,1.1358,2.3642,N,N,08/2021,Analyst
11-3051.00,1.A.2.b.3,Response Orientation,IM,1.75,8,0.1637,1.4292,2.0708,N,,08/2021,Analyst
11-3051.00,1.A.2.b.3,Response Orientation,LV,1.0,8,0.2673,0.4762,1.5238,N,N,08/2021,Analyst
11-3051.00,1.A.2.b.4,Rate Control,IM,2.12,8,0.125,1.88,2.37,N,,08/2021,Analyst
11-3051.00,1.A.2.b.4,Rate Control,LV,2.12,8,0.125,1.88,2.37,N,N,08/2021,Analyst
11-3051.00,1.A.2.c.1,Reaction Time,IM,2.25,8,0.1637,1.9292,2.5708,N,,08/2021,Analyst
11-3051.00,1.A.2.c.1,Reaction Time,LV,2.25,8,0.1637,1.9292,2.5708,N,N,08/2021,Analyst
11-3051.00,1.A.2.c.2,Wrist-Finger Speed,IM,2.0,8,0.0,2.0,2.0,N,,08/2021,Analyst
11-3051.00,1.A.2.c.2,Wrist-Finger Speed,LV,1.88,8,0.125,1.63,2.12,N,N,08/2021,Analyst
11-3051.00,1.A.2.c.3,Speed of Limb Movement,IM,1.75,8,0.1637,1.4292,2.0708,N,,08/2021,Analyst
11-3051.00,1.A.2.c.3,Speed of Limb Movement,LV,1.12,8,0.295,0.5467,1.7033,N,N,08/2021,Analyst
11-3051.00,1.A.3.a.1,Static Strength,IM,2.0,8,0.189,1.6296,2.3704,N,,08/2021,Analyst
11-3051.00,1.A.3.a.1,Static Strength,LV,1.5,8,0.2673,0.9762,2.0238,N,N,08/2021,Analyst
11-3051.00,1.A.3.a.2,Explosive Strength,IM,1.38,8,0.183,1.0164,1.7336,N,,08/2021,Analyst
11-3051.00,1.A.3.a.2,Explosive Strength,LV,0.62,8,0.3239,0.0,1.2598,N,N,08/2021,Analyst
11-3051.00,1.A.3.a.3,Dynamic Strength,IM,1.75,8,0.1637,1.4292,2.0708,N,,08/2021,Analyst
11-3051.00,1.A.3.a.3,Dynamic Strength,LV,1.0,8,0.2673,0.4762,1.5238,N,N,08/2021,Analyst
11-3051.00,1.A.3.a.4,Trunk Strength,IM,2.38,8,0.183,2.0164,2.7336,N,,08/2021,Analyst
11-3051.00,1.A.3.a.4,Trunk Strength,LV,2.38,8,0.183,2.0164,2.7336,N,N,08/2021,Analyst
11-3051.00,1.A.3.b.1,Stamina,IM,1.88,8,0.125,1.63,2.12,N,,08/2021,Analyst
11-3051.00,1.A.3.b.1,Stamina,LV,1.62,8,0.2631,1.1094,2.1406,N,N,08/2021,Analyst
11-3051.00,1.A.3.c.1,Extent Flexibility,IM,2.0,8,0.189,1.6296,2.3704,N,,08/2021,Analyst
11-3051.00,1.A.3.c.1,Extent Flexibility,LV,1.5,8,0.3273,0.8584,2.1416,N,N,08/2021,Analyst
11-3051.00,1.A.3.c.2,Dynamic Flexibility,IM,1.0,8,0.0,1.0,1.0,N,,08/2021,Analyst
11-3051.00,1.A.3.c.2,Dynamic Flexibility,LV,0.0,8,0.0,0.0,0.0,N,Y,08/2021,Analyst
11-3051.00,1.A.3.c.3,Gross Body Coordination,IM,2.0,8,0.0,2.0,2.0,N,,08/2021,Analyst
11-3051.00,1.A.3.c.3,Gross Body Coordination,LV,1.5,8,0.189,1.1296,1.8704,N,N,08/2021,Analyst
11-3051.00,1.A.3.c.4,Gross Body Equilibrium,IM,1.38,8,0.183,1.0164,1.7336,N,,08/2021,Analyst
11-3051.00,1.A.3.c.4,Gross Body Equilibrium,LV,0.5,8,0.2673,0.0,1.0238,N,N,08/2021,Analyst
11-3051.00,1.A.4.a.1,Near Vision,IM,3.25,8,0.1637,2.9292,3.5708,N,,08/2021,Analyst
11-3051.00,1.A.4.a.1,Near Vision,LV,3.5,8,0.2673,2.9762,4.0238,N,N,08/2021,Analyst
11-3051.00,1.A.4.a.2,Far Vision,IM,3.0,8,0.0,3.0,3.0,N,,08/2021,Analyst
11-3051.00,1.A.4.a.2,Far Vision,LV,2.88,8,0.125,2.63,3.12,N,N,08/2021,Analyst
11-3051.00,1.A.4.a.3,Visual Color Discrimination,IM,2.75,8,0.1637,2.4292,3.0708,N,,08/2021,Analyst
11-3051.00,1.A.4.a.3,Visual Color Discrimination,LV,2.88,8,0.125,2.63,3.12,N,N,08/2021,Analyst
11-3051.00,1.A.4.a.4,Night Vision,IM,1.25,8,0.1637,1.0,1.5708,N,,08/2021,Analyst
11-3051.00,1.A.4.a.4,Night Vision,LV,0.38,8,0.2631,0.0,0.8906,N,Y,08/2021,Analyst
11-3051.00,1.A.4.a.5,Peripheral Vision,IM,1.38,8,0.183,1.0164,1.7336,N,,08/2021,Analyst
11-3051.00,1.A.4.a.5,Peripheral Vision,LV,0.38,8,0.183,0.0164,0.7336,N,N,08/2021,Analyst
11-3051.00,1.A.4.a.6,Depth Perception,IM,2.12,8,0.125,1.88,2.37,N,,08/2021,Analyst
11-3051.00,1.A.4.a.6,Depth Perception,LV,2.0,8,0.0,2.0,2.0,N,N,08/2021,Analyst
11-3051.00,1.A.4.a.7,Glare Sensitivity,IM,1.25,8,0.1637,1.0,1.5708,N,,08/2021,Analyst
11-3051.00,1.A.4.a.7,Glare Sensitivity,LV,0.38,8,0.2631,0.0,0.8906,N,Y,08/2021,Analyst
11-3051.00,1.A.4.b.1,Hearing Sensitivity,IM,2.0,8,0.189,1.6296,2.3704,N,,08/2021,Analyst
11-3051.00,1.A.4.b.1,Hearing Sensitivity,LV,1.75,8,0.25,1.26,2.24,N,N,08/2021,Analyst
11-3051.00,1.A.4.b.2,Auditory Attention,IM,2.75,8,0.1637,2.4292,3.0708,N,,08/2021,Analyst
11-3051.00,1.A.4.b.2,Auditory Attention,LV,2.88,8,0.2266,2.4309,3.3191,N,N,08/2021,Analyst
11-3051.00,1.A.4.b.3,Sound Localization,IM,1.5,8,0.189,1.1296,1.8704,N,,08/2021,Analyst
11-3051.00,1.A.4.b.3,Sound Localization,LV,0.62,8,0.2631,0.1094,1.1406,N,N,08/2021,Analyst
11-3051.00,1.A.4.b.4,Speech Recognition,IM,3.62,8,0.183,3.2664,3.9836,N,,08/2021,Analyst
11-3051.00,1.A.4.b.4,Speech Recognition,LV,3.62,8,0.183,3.2664,3.9836,N,N,08/2021,Analyst
11-3051.00,1.A.4.b.5,Speech Clarity,IM,3.75,8,0.1637,3.4292,4.0708,N,,08/2021,Analyst
11-3051.00,1.A.4.b.5,Speech Clarity,LV,3.75,8,0.1637,3.4292,4.0708,N,N,08/2021,Analyst
11-3051.01,1.A.1.a.1,Oral Comprehension,IM,4.0,8,0.0,4.0,4.0,N,,08/2022,Analyst
11-3051.01,1.A.1.a.1,Oral Comprehension,LV,4.25,8,0.1637,3.9292,4.5708,N,N,08/2022,Analyst
11-3051.01,1.A.1.a.2,Written Comprehension,IM,4.0,8,0.0,4.0,4.0,N,,08/2022,Analyst
11-3051.01,1.A.1.a.2,Written Comprehension,LV,4.12,8,0.125,3.88,4.37,N,N,08/2022,Analyst
11-3051.01,1.A.1.a.3,Oral Expression,IM,4.0,8,0.0,4.0,4.0,N,,08/2022,Analyst
11-3051.01,1.A.1.a.3,Oral Expression,LV,4.12,8,0.125,3.88,4.37,N,N,08/2022,Analyst
11-3051.01,1.A.1.a.4,Written Expression,IM,4.0,8,0.189,3.6296,4.3704,N,,08/2022,Analyst
11-3051.01,1.A.1.a.4,Written Expression,LV,4.12,8,0.125,3.88,4.37,N,N,08/2022,Analyst
11-3051.01,1.A.1.b.1,Fluency of Ideas,IM,3.25,8,0.1637,2.9292,3.5708,N,,08/2022,Analyst
11-3051.01,1.A.1.b.1,Fluency of Ideas,LV,3.75,8,0.3134,3.1358,4.3642,N,N,08/2022,Analyst
11-3051.01,1.A.1.b.2,Originality,IM,3.0,8,0.0,3.0,3.0,N,,08/2022,Analyst
11-3051.01,1.A.1.b.2,Originality,LV,3.12,8,0.125,2.88,3.37,N,N,08/2022,Analyst
11-3051.01,1.A.1.b.3,Problem Sensitivity,IM,4.12,8,0.125,3.88,4.37,N,,08/2022,Analyst
11-3051.01,1.A.1.b.3,Problem Sensitivity,LV,4.62,8,0.2631,4.1094,5.1406,N,N,08/2022,Analyst
11-3051.01,1.A.1.b.4,Deductive Reasoning,IM,4.0,8,0.0,4.0,4.0,N,,08/2022,Analyst
11-3051.01,1.A.1.b.4,Deductive Reasoning,LV,4.25,8,0.1637,3.9292,4.5708,N,N,08/2022,Analyst
11-3051.01,1.A.1.b.5,Inductive Reasoning,IM,4.0,8,0.0,4.0,4.0,N,,08/2022,Analyst
11-3051.01,1.A.1.b.5,Inductive Reasoning,LV,4.38,8,0.2631,3.8594,4.8906,N,N,08/2022,Analyst
11-3051.01,1.A.1.b.6,Information Ordering,IM,3.5,8,0.189,3.1296,3.8704,N,,08/2022,Analyst
11-3051.01,1.A.1.b.6,Information Ordering,LV,3.75,8,0.25,3.26,4.24,N,N,08/2022,Analyst
11-3051.01,1.A.1.b.7,Category Flexibility,IM,3.12,8,0.125,2.88,3.37,N,,08/2022,Analyst
11-3051.01,1.A.1.b.7,Category Flexibility,LV,3.38,8,0.2631,2.8594,3.8906,N,N,08/2022,Analyst
11-3051.01,1.A.1.c.1,Mathematical Reasoning,IM,3.12,8,0.125,2.88,3.37,N,,08/2022,Analyst
11-3051.01,1.A.1.c.1,Mathematical Reasoning,LV,3.25,8,0.1637,2.9292,3.5708,N,N,08/2022,Analyst
11-3051.01,1.A.1.c.2,Number Facility,IM,3.12,8,0.125,2.88,3.37,N,,08/2022,Analyst
11-3051.01,1.A.1.c.2,Number Facility,LV,3.12,8,0.125,2.88,3.37,N,N,08/2022,Analyst
11-3051.01,1.A.1.d.1,Memorization,IM,2.88,8,0.125,2.63,3.12,N,,08/2022,Analyst
11-3051.01,1.A.1.d.1,Memorization,LV,3.0,8,0.189,2.6296,3.3704,N,N,08/2022,Analyst
11-3051.01,1.A.1.e.1,Speed of Closure,IM,3.12,8,0.125,2.88,3.37,N,,08/2022,Analyst
11-3051.01,1.A.1.e.1,Speed of Closure,LV,3.25,8,0.25,2.76,3.74,N,N,08/2022,Analyst
11-3051.01,1.A.1.e.2,Flexibility of Closure,IM,3.5,8,0.189,3.1296,3.8704,N,,08/2022,Analyst
11-3051.01,1.A.1.e.2,Flexibility of Closure,LV,4.0,8,0.189,3.6296,4.3704,N,N,08/2022,Analyst
11-3051.01,1.A.1.e.3,Perceptual Speed,IM,3.25,8,0.1637,2.9292,3.5708,N,,08/2022,Analyst
11-3051.01,1.A.1.e.3,Perceptual Speed,LV,3.5,8,0.189,3.1296,3.8704,N,N,08/2022,Analyst
11-3051.01,1.A.1.f.1,Spatial Orientation,IM,1.25,8,0.1637,1.0,1.5708,N,,08/2022,Analyst
11-3051.01,1.A.1.f.1,Spatial Orientation,LV,0.38,8,0.2631,0.0,0.8906,N,Y,08/2022,Analyst
11-3051.01,1.A.1.f.2,Visualization,IM,2.75,8,0.1637,2.4292,3.0708,N,,08/2022,Analyst
11-3051.01,1.A.1.f.2,Visualization,LV,3.0,8,0.189,2.6296,3.3704,N,N,08/2022,Analyst
11-3051.01,1.A.1.g.1,Selective Attention,IM,2.88,8,0.125,2.63,3.12,N,,08/2022,Analyst
11-3051.01,1.A.1.g.1,Selective Attention,LV,3.25,8,0.25,2.76,3.74,N,N,08/2022,Analyst
11-3051.01,1.A.1.g.2,Time Sharing,IM,2.75,8,0.1637,2.4292,3.0708,N,,08/2022,Analyst
11-3051.01,1.A.1.g.2,Time Sharing,LV,2.88,8,0.125,2.63,3.12,N,N,08/2022,Analyst
11-3051.01,1.A.2.a.1,Arm-Hand Steadiness,IM,2.38,8,0.183,2.0164,2.7336,N,,08/2022,Analyst
11-3051.01,1.A.2.a.1,Arm-Hand Steadiness,LV,2.38,8,0.183,2.0164,2.7336,N,N,08/2022,Analyst
11-3051.01,1.A.2.a.2,Manual Dexterity,IM,2.25,8,0.1637,1.9292,2.5708,N,,08/2022,Analyst
11-3051.01,1.A.2.a.2,Manual Dexterity,LV,2.25,8,0.1637,1.9292,2.5708,N,N,08/2022,Analyst
11-3051.01,1.A.2.a.3,Finger Dexterity,IM,2.25,8,0.1637,1.9292,2.5708,N,,08/2022,Analyst
11-3051.01,1.A.2.a.3,Finger Dexterity,LV,2.25,8,0.1637,1.9292,2.5708,N,N,08/2022,Analyst
11-3051.01,1.A.2.b.1,Control Precision,IM,2.25,8,0.1637,1.9292,2.5708,N,,08/2022,Analyst
11-3051.01,1.A.2.b.1,Control Precision,LV,2.38,8,0.183,2.0164,2.7336,N,N,08/2022,Analyst
11-3051.01,1.A.2.b.2,Multilimb Coordination,IM,1.88,8,0.125,1.63,2.12,N,,08/2022,Analyst
11-3051.01,1.A.2.b.2,Multilimb Coordination,LV,1.5,8,0.2673,0.9762,2.0238,N,N,08/2022,Analyst
11-3051.01,1.A.2.b.3,Response Orientation,IM,1.5,8,0.189,1.1296,1.8704,N,,08/2022,Analyst
11-3051.01,1.A.2.b.3,Response Orientation,LV,0.5,8,0.189,0.1296,0.8704,N,N,08/2022,Analyst
11-3051.01,1.A.2.b.4,Rate Control,IM,1.62,8,0.183,1.2664,1.9836,N,,08/2022,Analyst
11-3051.01,1.A.2.b.4,Rate Control,LV,0.62,8,0.183,0.2664,0.9836,N,N,08/2022,Analyst
11-3051.01,1.A.2.c.1,Reaction Time,IM,1.62,8,0.183,1.2664,1.9836,N,,08/2022,Analyst
11-3051.01,1.A.2.c.1,Reaction Time,LV,0.88,8,0.295,0.2967,1.4533,N,N,08/2022,Analyst
11-3051.01,1.A.2.c.2,Wrist-Finger Speed,IM,1.88,8,0.125,1.63,2.12,N,,08/2022,Analyst
11-3051.01,1.A.2.c.2,Wrist-Finger Speed,LV,1.25,8,0.25,0.76,1.74,N,N,08/2022,Analyst
11-3051.01,1.A.2.c.3,Speed of Limb Movement,IM,1.0,8,0.0,1.0,1.0,N,,08/2022,Analyst
11-3051.01,1.A.2.c.3,Speed of Limb Movement,LV,0.0,8,0.0,0.0,0.0,N,Y,08/2022,Analyst
11-3051.01,1.A.3.a.1,Static Strength,IM,1.38,8,0.183,1.0164,1.7336,N,,08/2022,Analyst
11-3051.01,1.A.3.a.1,Static Strength,LV,0.38,8,0.183,0.0164,0.7336,N,N,08/2022,Analyst
11-3051.01,1.A.3.a.2,Explosive Strength,IM,1.0,8,0.0,1.0,1.0,N,,08/2022,Analyst
11-3051.01,1.A.3.a.2,Explosive Strength,LV,0.0,8,0.0,0.0,0.0,N,Y,08/2022,Analyst
11-3051.01,1.A.3.a.3,Dynamic Strength,IM,1.25,8,0.1637,1.0,1.5708,N,,08/2022,Analyst
11-3051.01,1.A.3.a.3,Dynamic Strength,LV,0.38,8,0.2631,0.0,0.8906,N,Y,08/2022,Analyst
11-3051.01,1.A.3.a.4,Trunk Strength,IM,1.88,8,0.125,1.63,2.12,N,,08/2022,Analyst
11-3051.01,1.A.3.a.4,Trunk Strength,LV,1.5,8,0.2673,0.9762,2.0238,N,N,08/2022,Analyst
11-3051.01,1.A.3.b.1,Stamina,IM,1.5,8,0.189,1.1296,1.8704,N,,08/2022,Analyst
11-3051.01,1.A.3.b.1,Stamina,LV,0.5,8,0.189,0.1296,0.8704,N,N,08/2022,Analyst
11-3051.01,1.A.3.c.1,Extent Flexibility,IM,1.38,8,0.183,1.0164,1.7336,N,,08/2022,Analyst
11-3051.01,1.A.3.c.1,Extent Flexibility,LV,0.5,8,0.2673,0.0,1.0238,N,N,08/2022,Analyst
11-3051.01,1.A.3.c.2,Dynamic Flexibility,IM,1.0,8,0.0,1.0,1.0,N,,08/2022,Analyst
11-3051.01,1.A.3.c.2,Dynamic Flexibility,LV,0.0,8,0.0,0.0,0.0,N,Y,08/2022,Analyst
11-3051.01,1.A.3.c.3,Gross Body Coordination,IM,1.25,8,0.1637,1.0,1.5708,N,,08/2022,Analyst
11-3051.01,1.A.3.c.3,Gross Body Coordination,LV,0.38,8,0.2631,0.0,0.8906,N,Y,08/2022,Analyst
11-3051.01,1.A.3.c.4,Gross Body Equilibrium,IM,1.12,8,0.125,1.0,1.37,N,,08/2022,Analyst
11-3051.01,1.A.3.c.4,Gross Body Equilibrium,LV,0.12,8,0.125,0.0,0.37,N,Y,08/2022,Analyst
11-3051.01,1.A.4.a.1,Near Vision,IM,4.0,8,0.0,4.0,4.0,N,,08/2022,Analyst
11-3051.01,1.A.4.a.1,Near Vision,LV,3.88,8,0.125,3.63,4.12,N,N,08/2022,Analyst
11-3051.01,1.A.4.a.2,Far Vision,IM,3.25,8,0.1637,2.9292,3.5708,N,,08/2022,Analyst
11-3051.01,1.A.4.a.2,Far Vision,LV,3.12,8,0.125,2.88,3.37,N,N,08/2022,Analyst
11-3051.01,1.A.4.a.3,Visual Color Discrimination,IM,3.0,8,0.0,3.0,3.0,N,,08/2022,Analyst
11-3051.01,1.A.4.a.3,Visual Color Discrimination,LV,3.0,8,0.189,2.6296,3.3704,N,N,08/2022,Analyst
11-3051.01,1.A.4.a.4,Night Vision,IM,1.0,8,0.0,1.0,1.0,N,,08/2022,Analyst
11-3051.01,1.A.4.a.4,Night Vision,LV,0.0,8,0.0,0.0,0.0,N,Y,08/2022,Analyst
11-3051.01,1.A.4.a.5,Peripheral Vision,IM,1.0,8,0.0,1.0,1.0,N,,08/2022,Analyst
11-3051.01,1.A.4.a.5,Peripheral Vision,LV,0.0,8,0.0,0.0,0.0,N,Y,08/2022,Analyst
11-3051.01,1.A.4.a.6,Depth Perception,IM,2.12,8,0.125,1.88,2.37,N,,08/2022,Analyst
11-3051.01,1.A.4.a.6,Depth Perception,LV,2.25,8,0.1637,1.9292,2.5708,N,N,08/2022,Analyst
11-3051.01,1.A.4.a.7,Glare Sensitivity,IM,1.0,8,0.0,1.0,1.0,N,,08/2022,Analyst
11-3051.01,1.A.4.a.7,Glare Sensitivity,LV,0.0,8,0.0,0.0,0.0,N,Y,08/2022,Analyst
11-3051.01,1.A.4.b.1,Hearing Sensitivity,IM,2.38,8,0.183,2.0164,2.7336,N,,08/2022,Analyst
11-3051.01,1.A.4.b.1,Hearing Sensitivity,LV,2.25,8,0.1637,1.9292,2.5708,N,N,08/2022,Analyst
11-3051.01,1.A.4.b.2,Auditory Attention,IM,2.25,8,0.1637,1.9292,2.5708,N,,08/2022,Analyst
11-3051.01,1.A.4.b.2,Auditory Attention,LV,2.38,8,0.183,2.0164,2.7336,N,N,08/2022,Analyst
11-3051.01,1.A.4.b.3,Sound Localization,IM,1.12,8,0.125,1.0,1.37,N,,08/2022,Analyst
11-3051.01,1.A.4.b.3,Sound Localization,LV,0.12,8,0.125,0.0,0.37,N,Y,08/2022,Analyst
11-3051.01,1.A.4.b.4,Speech Recognition,IM,3.25,8,0.1637,2.9292,3.5708,N,,08/2022,Analyst
11-3051.01,1.A.4.b.4,Speech Recognition,LV,3.75,8,0.1637,3.4292,4.0708,N,N,08/2022,Analyst
11-3051.01,1.A.4.b.5,Speech Clarity,IM,3.75,8,0.1637,3.4292,4.0708,N,,08/2022,Analyst
11-3051.01,1.A.4.b.5,Speech Clarity,LV,3.62,8,0.183,3.2664,3.9836,N,N,08/2022,Analyst
11-3051.02,1.A.1.a.1,Oral Comprehension,IM,4.12,8,0.125,3.88,4.37,N,,07/2011,Analyst
11-3051.02,1.A.1.a.1,Oral Comprehension,LV,4.38,8,0.183,4.0164,4.7336,N,N,07/2011,Analyst
11-3051.02,1.A.1.a.2,Written Comprehension,IM,3.62,8,0.183,3.2664,3.9836,N,,07/2011,Analyst
11-3051.02,1.A.1.a.2,Written Comprehension,LV,4.12,8,0.2266,3.6809,4.5691,N,N,07/2011,Analyst
11-3051.02,1.A.1.a.3,Oral Expression,IM,4.12,8,0.125,3.88,4.37,N,,07/2011,Analyst
11-3051.02,1.A.1.a.3,Oral Expression,LV,4.25,8,0.25,3.76,4.74,N,N,07/2011,Analyst
11-3051.02,1.A.1.a.4,Written Expression,IM,3.62,8,0.183,3.2664,3.9836,N,,07/2011,Analyst
11-3051.02,1.A.1.a.4,Written Expression,LV,3.75,8,0.1637,3.4292,4.0708,N,N,07/2011,Analyst
11-3051.02,1.A.1.b.1,Fluency of Ideas,IM,3.0,8,0.189,2.6296,3.3704,N,,07/2011,Analyst
11-3051.02,1.A.1.b.1,Fluency of Ideas,LV,3.38,8,0.183,3.0164,3.7336,N,N,07/2011,Analyst
11-3051.02,1.A.1.b.2,Originality,IM,2.88,8,0.295,2.2967,3.4533,N,,07/2011,Analyst
11-3051.02,1.A.1.b.2,Originality,LV,3.25,8,0.25,2.76,3.74,N,N,07/2011,Analyst
11-3051.02,1.A.1.b.3,Problem Sensitivity,IM,4.0,8,0.0,4.0,4.0,N,,07/2011,Analyst
11-3051.02,1.A.1.b.3,Problem Sensitivity,LV,4.12,8,0.295,3.5467,4.7033,N,N,07/2011,Analyst
11-3051.02,1.A.1.b.4,Deductive Reasoning,IM,4.0,8,0.0,4.0,4.0,N,,07/2011,Analyst
11-3051.02,1.A.1.b.4,Deductive Reasoning,LV,4.0,8,0.189,3.6296,4.3704,N,N,07/2011,Analyst
11-3051.02,1.A.1.b.5,Inductive Reasoning,IM,3.88,8,0.125,3.63,4.12,N,,07/2011,Analyst
11-3051.02,1.A.1.b.5,Inductive Reasoning,LV,3.38,8,0.183,3.0164,3.7336,N,N,07/2011,Analyst
11-3051.02,1.A.1.b.6,Information Ordering,IM,3.5,8,0.189,3.1296,3.8704,N,,07/2011,Analyst
11-3051.02,1.A.1.b.6,Information Ordering,LV,3.62,8,0.183,3.2664,3.9836,N,N,07/2011,Analyst
11-3051.02,1.A.1.b.7,Category Flexibility,IM,3.25,8,0.1637,2.9292,3.5708,N,,07/2011,Analyst
11-3051.02,1.A.1.b.7,Category Flexibility,LV,3.5,8,0.189,3.1296,3.8704,N,N,07/2011,Analyst
11-3051.02,1.A.1.c.1,Mathematical Reasoning,IM,3.25,8,0.1637,2.9292,3.5708,N,,07/2011,Analyst
11-3051.02,1.A.1.c.1,Mathematical Reasoning,LV,3.75,8,0.25,3.26,4.24,N,N,07/2011,Analyst
11-3051.02,1.A.1.c.2,Number Facility,IM,3.12,8,0.2266,2.6809,3.5691,N,,07/2011,Analyst
11-3051.02,1.A.1.c.2,Number Facility,LV,3.5,8,0.3273,2.8584,4.1416,N,N,07/2011,Analyst
11-3051.02,1.A.1.d.1,Memorization,IM,2.5,8,0.189,2.1296,2.8704,N,,07/2011,Analyst
11-3051.02,1.A.1.d.1,Memorization,LV,2.62,8,0.183,2.2664,2.9836,N,N,07/2011,Analyst
11-3051.02,1.A.1.e.1,Speed of Closure,IM,2.62,8,0.183,2.2664,2.9836,N,,07/2011,Analyst
11-3051.02,1.A.1.e.1,Speed of Closure,LV,2.75,8,0.1637,2.4292,3.0708,N,N,07/2011,Analyst
11-3051.02,1.A.1.e.2,Flexibility of Closure,IM,3.12,8,0.125,2.88,3.37,N,,07/2011,Analyst
11-3051.02,1.A.1.e.2,Flexibility of Closure,LV,3.12,8,0.125,2.88,3.37,N,N,07/2011,Analyst
11-3051.02,1.A.1.e.3,Perceptual Speed,IM,3.0,8,0.189,2.6296,3.3704,N,,07/2011,Analyst
11-3051.02,1.A.1.e.3,Perceptual Speed,LV,3.25,8,0.3134,2.6358,3.8642,N,N,07/2011,Analyst
11-3051.02,1.A.1.f.1,Spatial Orientation,IM,2.0,8,0.189,1.6296,2.3704,N,,07/2011,Analyst
11-3051.02,1.A.1.f.1,Spatial Orientation,LV,1.75,8,0.3134,1.1358,2.3642,N,N,07/2011,Analyst
11-3051.02,1.A.1.f.2,Visualization,IM,3.0,8,0.189,2.6296,3.3704,N,,07/2011,Analyst
11-3051.02,1.A.1.f.2,Visualization,LV,3.0,8,0.3273,2.3584,3.6416,N,N,07/2011,Analyst
11-3051.02,1.A.1.g.1,Selective Attention,IM,3.0,8,0.189,2.6296,3.3704,N,,07/2011,Analyst
11-3051.02,1.A.1.g.1,Selective Attention,LV,3.25,8,0.3134,2.6358,3.8642,N,N,07/2011,Analyst
11-3051.02,1.A.1.g.2,Time Sharing,IM,2.75,8,0.1637,2.4292,3.0708,N,,07/2011,Analyst
11-3051.02,1.A.1.g.2,Time Sharing,LV,2.5,8,0.2673,1.9762,3.0238,N,N,07/2011,Analyst
11-3051.02,1.A.2.a.1,Arm-Hand Steadiness,IM,2.38,8,0.2631,1.8594,2.8906,N,,07/2011,Analyst
11-3051.02,1.A.2.a.1,Arm-Hand Steadiness,LV,2.25,8,0.4532,1.3618,3.1382,N,N,07/2011,Analyst
11-3051.02,1.A.2.a.2,Manual Dexterity,IM,2.25,8,0.25,1.76,2.74,N,,07/2011,Analyst
11-3051.02,1.A.2.a.2,Manual Dexterity,LV,2.12,8,0.3981,1.3447,2.9053,N,N,07/2011,Analyst
11-3051.02,1.A.2.a.3,Finger Dexterity,IM,2.88,8,0.125,2.63,3.12,N,,07/2011,Analyst
11-3051.02,1.A.2.a.3,Finger Dexterity,LV,2.75,8,0.25,2.26,3.24,N,N,07/2011,Analyst
11-3051.02,1.A.2.b.1,Control Precision,IM,2.62,8,0.2631,2.1094,3.1406,N,,07/2011,Analyst
11-3051.02,1.A.2.b.1,Control Precision,LV,2.62,8,0.4605,1.7224,3.5276,N,N,07/2011,Analyst
11-3051.02,1.A.2.b.2,Multilimb Coordination,IM,2.5,8,0.2673,1.9762,3.0238,N,,07/2011,Analyst
11-3051.02,1.A.2.b.2,Multilimb Coordination,LV,2.12,8,0.4407,1.2613,2.9887,N,N,07/2011,Analyst
11-3051.02,1.A.2.b.3,Response Orientation,IM,2.0,8,0.189,1.6296,2.3704,N,,07/2011,Analyst
11-3051.02,1.A.2.b.3,Response Orientation,LV,1.62,8,0.3239,0.9902,2.2598,N,N,07/2011,Analyst
11-3051.02,1.A.2.b.4,Rate Control,IM,2.0,8,0.189,1.6296,2.3704,N,,07/2011,Analyst
11-3051.02,1.A.2.b.4,Rate Control,LV,1.5,8,0.2673,0.9762,2.0238,N,N,07/2011,Analyst
11-3051.02,1.A.2.c.1,Reaction Time,IM,2.12,8,0.2266,1.6809,2.5691,N,,07/2011,Analyst
11-3051.02,1.A.2.c.1,Reaction Time,LV,2.38,8,0.4605,1.4724,3.2776,N,N,07/2011,Analyst
11-3051.02,1.A.2.c.2,Wrist-Finger Speed,IM,1.25,8,0.1637,1.0,1.5708,N,,07/2011,Analyst
11-3051.02,1.A.2.c.2,Wrist-Finger Speed,LV,0.38,8,0.2631,0.0,0.8906,N,Y,07/2011,Analyst
11-3051.02,1.A.2.c.3,Speed of Limb Movement,IM,1.62,8,0.183,1.2664,1.9836,N,,07/2011,Analyst
11-3051.02,1.A.2.c.3,Speed of Limb Movement,LV,1.12,8,0.3504,0.4383,1.8117,N,N,07/2011,Analyst
11-3051.02,1.A.3.a.1,Static Strength,IM,1.25,8,0.1637,1.0,1.5708,N,,07/2011,Analyst
11-3051.02,1.A.3.a.1,Static Strength,LV,0.62,8,0.4199,0.0,1.4481,N,Y,07/2011,Analyst
11-3051.02,1.A.3.a.2,Explosive Strength,IM,1.12,8,0.125,1.0,1.37,N,,07/2011,Analyst
11-3051.02,1.A.3.a.2,Explosive Strength,LV,0.25,8,0.25,0.0,0.74,N,Y,07/2011,Analyst
11-3051.02,1.A.3.a.3,Dynamic Strength,IM,1.25,8,0.1637,1.0,1.5708,N,,07/2011,Analyst
11-3051.02,1.A.3.a.3,Dynamic Strength,LV,0.38,8,0.2631,0.0,0.8906,N,Y,07/2011,Analyst
11-3051.02,1.A.3.a.4,Trunk Strength,IM,2.12,8,0.2266,1.6809,2.5691,N,,07/2011,Analyst
11-3051.02,1.A.3.a.4,Trunk Strength,LV,2.0,8,0.378,1.2592,2.7408,N,N,07/2011,Analyst
11-3051.02,1.A.3.b.1,Stamina,IM,1.12,8,0.125,1.0,1.37,N,,07/2011,Analyst
11-3051.02,1.A.3.b.1,Stamina,LV,0.12,8,0.125,0.0,0.37,N,Y,07/2011,Analyst
11-3051.02,1.A.3.c.1,Extent Flexibility,IM,1.25,8,0.1637,1.0,1.5708,N,,07/2011,Analyst
11-3051.02,1.A.3.c.1,Extent Flexibility,LV,0.5,8,0.378,0.0,1.2408,N,Y,07/2011,Analyst
11-3051.02,1.A.3.c.2,Dynamic Flexibility,IM,1.12,8,0.125,1.0,1.37,N,,07/2011,Analyst
11-3051.02,1.A.3.c.2,Dynamic Flexibility,LV,0.38,8,0.375,0.0,1.11,N,Y,07/2011,Analyst
11-3051.02,1.A.3.c.3,Gross Body Coordination,IM,1.25,8,0.1637,1.0,1.5708,N,,07/2011,Analyst
11-3051.02,1.A.3.c.3,Gross Body Coordination,LV,0.38,8,0.2631,0.0,0.8906,N,Y,07/2011,Analyst
11-3051.02,1.A.3.c.4,Gross Body Equilibrium,IM,1.88,8,0.125,1.63,2.12,N,,07/2011,Analyst
11-3051.02,1.A.3.c.4,Gross Body Equilibrium,LV,1.62,8,0.3239,0.9902,2.2598,N,N,07/2011,Analyst
11-3051.02,1.A.4.a.1,Near Vision,IM,3.38,8,0.183,3.0164,3.7336,N,,07/2011,Analyst
11-3051.02,1.A.4.a.1,Near Vision,LV,3.25,8,0.25,2.76,3.74,N,N,07/2011,Analyst
11-3051.02,1.A.4.a.2,Far Vision,IM,3.12,8,0.125,2.88,3.37,N,,07/2011,Analyst
11-3051.02,1.A.4.a.2,Far Vision,LV,3.25,8,0.1637,2.9292,3.5708,N,N,07/2011,Analyst
11-3051.02,1.A.4.a.3,Visual Color Discrimination,IM,2.88,8,0.125,2.63,3.12,N,,07/2011,Analyst
11-3051.02,1.A.4.a.3,Visual Color Discrimination,LV,3.0,8,0.2673,2.4762,3.5238,N,N,07/2011,Analyst
11-3051.02,1.A.4.a.4,Night Vision,IM,1.5,8,0.189,1.1296,1.8704,N,,07/2011,Analyst
11-3051.02,1.A.4.a.4,Night Vision,LV,0.75,8,0.3134,0.1358,1.3642,N,N,07/2011,Analyst
11-3051.02,1.A.4.a.5,Peripheral Vision,IM,1.75,8,0.25,1.26,2.24,N,,07/2011,Analyst
11-3051.02,1.A.4.a.5,Peripheral Vision,LV,1.25,8,0.4119,0.4427,2.0573,N,N,07/2011,Analyst
11-3051.02,1.A.4.a.6,Depth Perception,IM,2.38,8,0.183,2.0164,2.7336,N,,07/2011,Analyst
11-3051.02,1.A.4.a.6,Depth Perception,LV,2.0,8,0.189,1.6296,2.3704,N,N,07/2011,Analyst
11-3051.02,1.A.4.a.7,Glare Sensitivity,IM,1.62,8,0.2631,1.1094,2.1406,N,,07/2011,Analyst
11-3051.02,1.A.4.a.7,Glare Sensitivity,LV,0.88,8,0.3981,0.0947,1.6553,N,N,07/2011,Analyst
11-3051.02,1.A.4.b.1,Hearing Sensitivity,IM,2.62,8,0.2631,2.1094,3.1406,N,,07/2011,Analyst
11-3051.02,1.A.4.b.1,Hearing Sensitivity,LV,2.38,8,0.4199,1.5519,3.1981,N,N,07/2011,Analyst
11-3051.02,1.A.4.b.2,Auditory Attention,IM,2.5,8,0.189,2.1296,2.8704,N,,07/2011,Analyst
11-3051.02,1.A.4.b.2,Auditory Attention,LV,2.75,8,0.3134,2.1358,3.3642,N,N,07/2011,Analyst
11-3051.02,1.A.4.b.3,Sound Localization,IM,1.62,8,0.183,1.2664,1.9836,N,,07/2011,Analyst
11-3051.02,1.A.4.b.3,Sound Localization,LV,1.12,8,0.3504,0.4383,1.8117,N,N,07/2011,Analyst
11-3051.02,1.A.4.b.4,Speech Recognition,IM,3.75,8,0.1637,3.4292,4.0708,N,,07/2011,Analyst
11-3051.02,1.A.4.b.4,Speech Recognition,LV,3.25,8,0.1637,2.9292,3.5708,N,N,07/2011,Analyst
11-3051.02,1.A.4.b.5,Speech Clarity,IM,3.5,8,0.189,3.1296,3.8704,N,,07/2011,Analyst
11-3051.02,1.A.4.b.5,Speech Clarity,LV,3.38,8,0.183,3.0164,3.7336,N,N,07/2011,Analyst
11-3051.03,1.A.1.a.1,Oral Comprehension,IM,4.12,8,0.125,3.88,4.37,N,,07/2016,Analyst
11-3051.03,1.A.1.a.1,Oral Comprehension,LV,4.5,8,0.189,4.1296,4.8704,N,N,07/2016,Analyst
11-3051.03,1.A.1.a.2,Written Comprehension,IM,4.0,8,0.189,3.6296,4.3704,N,,07/2016,Analyst
11-3051.03,1.A.1.a.2,Written Comprehension,LV,4.12,8,0.295,3.5467,4.7033,N,N,07/2016,Analyst
11-3051.03,1.A.1.a.3,Oral Expression,IM,4.0,8,0.189,3.6296,4.3704,N,,07/2016,Analyst
11-3051.03,1.A.1.a.3,Oral Expression,LV,4.12,8,0.2266,3.6809,4.5691,N,N,07/2016,Analyst
11-3051.03,1.A.1.a.4,Written Expression,IM,3.75,8,0.25,3.26,4.24,N,,07/2016,Analyst
11-3051.03,1.A.1.a.4,Written Expression,LV,3.75,8,0.1637,3.4292,4.0708,N,N,07/2016,Analyst
11-3051.03,1.A.1.b.1,Fluency of Ideas,IM,3.12,8,0.2266,2.6809,3.5691,N,,07/2016,Analyst
11-3051.03,1.A.1.b.1,Fluency of Ideas,LV,3.25,8,0.25,2.76,3.74,N,N,07/2016,Analyst
11-3051.03,1.A.1.b.2,Originality,IM,3.12,8,0.2266,2.6809,3.5691,N,,07/2016,Analyst
11-3051.03,1.A.1.b.2,Originality,LV,3.5,8,0.2673,2.9762,4.0238,N,N,07/2016,Analyst
11-3051.03,1.A.1.b.3,Problem Sensitivity,IM,3.75,8,0.1637,3.4292,4.0708,N,,07/2016,Analyst
11-3051.03,1.A.1.b.3,Problem Sensitivity,LV,3.75,8,0.25,3.26,4.24,N,N,07/2016,Analyst
11-3051.03,1.A.1.b.4,Deductive Reasoning,IM,3.75,8,0.1637,3.4292,4.0708,N,,07/2016,Analyst
11-3051.03,1.A.1.b.4,Deductive Reasoning,LV,3.88,8,0.2266,3.4309,4.3191,N,N,07/2016,Analyst
11-3051.03,1.A.1.b.5,Inductive Reasoning,IM,3.5,8,0.189,3.1296,3.8704,N,,07/2016,Analyst
11-3051.03,1.A.1.b.5,Inductive Reasoning,LV,3.88,8,0.2266,3.4309,4.3191,N,N,07/2016,Analyst
11-3051.03,1.A.1.b.6,Information Ordering,IM,3.12,8,0.125,2.88,3.37,N,,07/2016,Analyst
11-3051.03,1.A.1.b.6,Information Ordering,LV,3.75,8,0.1637,3.4292,4.0708,N,N,07/2016,Analyst
11-3051.03,1.A.1.b.7,Category Flexibility,IM,3.12,8,0.125,2.88,3.37,N,,07/2016,Analyst
11-3051.03,1.A.1.b.7,Category Flexibility,LV,3.38,8,0.183,3.0164,3.7336,N,N,07/2016,Analyst
11-3051.03,1.A.1.c.1,Mathematical Reasoning,IM,3.12,8,0.2266,2.6809,3.5691,N,,07/2016,Analyst
11-3051.03,1.A.1.c.1,Mathematical Reasoning,LV,3.38,8,0.183,3.0164,3.7336,N,N,07/2016,Analyst
11-3051.03,1.A.1.c.2,Number Facility,IM,2.88,8,0.125,2.63,3.12,N,,07/2016,Analyst
11-3051.03,1.A.1.c.2,Number Facility,LV,3.25,8,0.25,2.76,3.74,N,N,07/2016,Analyst
11-3051.03,1.A.1.d.1,Memorization,IM,2.62,8,0.183,2.2664,2.9836,N,,07/2016,Analyst
11-3051.03,1.A.1.d.1,Memorization,LV,2.75,8,0.25,2.26,3.24,N,N,07/2016,Analyst
11-3051.03,1.A.1.e.1,Speed of Closure,IM,2.88,8,0.2266,2.4309,3.3191,N,,07/2016,Analyst
11-3051.03,1.A.1.e.1,Speed of Closure,LV,3.12,8,0.125,2.88,3.37,N,N,07/2016,Analyst
11-3051.03,1.A.1.e.2,Flexibility of Closure,IM,3.25,8,0.1637,2.9292,3.5708,N,,07/2016,Analyst
11-3051.03,1.A.1.e.2,Flexibility of Closure,LV,3.25,8,0.1637,2.9292,3.5708,N,N,07/2016,Analyst
11-3051.03,1.A.1.e.3,Perceptual Speed,IM,3.25,8,0.25,2.76,3.74,N,,07/2016,Analyst
11-3051.03,1.A.1.e.3,Perceptual Speed,LV,3.62,8,0.183,3.2664,3.9836,N,N,07/2016,Analyst
11-3051.03,1.A.1.f.1,Spatial Orientation,IM,1.12,8,0.125,1.0,1.37,N,,07/2016,Analyst
11-3051.03,1.A.1.f.1,Spatial Orientation,LV,0.12,8,0.125,0.0,0.37,N,Y,07/2016,Analyst
11-3051.03,1.A.1.f.2,Visualization,IM,2.75,8,0.1637,2.4292,3.0708,N,,07/2016,Analyst
11-3051.03,1.A.1.f.2,Visualization,LV,3.0,8,0.0,3.0,3.0,N,N,07/2016,Analyst
11-3051.03,1.A.1.g.1,Selective Attention,IM,3.5,8,0.189,3.1296,3.8704,N,,07/2016,Analyst
11-3051.03,1.A.1.g.1,Selective Attention,LV,3.62,8,0.183,3.2664,3.9836,N,N,07/2016,Analyst
11-3051.03,1.A.1.g.2,Time Sharing,IM,3.25,8,0.25,2.76,3.74,N,,07/2016,Analyst
11-3051.03,1.A.1.g.2,Time Sharing,LV,3.0,8,0.189,2.6296,3.3704,N,N,07/2016,Analyst
11-3051.03,1.A.2.a.1,Arm-Hand Steadiness,IM,2.75,8,0.1637,2.4292,3.0708,N,,07/2016,Analyst
11-3051.03,1.A.2.a.1,Arm-Hand Steadiness,LV,2.62,8,0.183,2.2664,2.9836,N,N,07/2016,Analyst
11-3051.03,1.A.2.a.2,Manual Dexterity,IM,2.38,8,0.183,2.0164,2.7336,N,,07/2016,Analyst
11-3051.03,1.A.2.a.2,Manual Dexterity,LV,2.0,8,0.3273,1.3584,2.6416,N,N,07/2016,Analyst
11-3051.03,1.A.2.a.3,Finger Dexterity,IM,2.25,8,0.1637,1.9292,2.5708,N,,07/2016,Analyst
11-3051.03,1.A.2.a.3,Finger Dexterity,LV,1.88,8,0.3504,1.1883,2.5617,N,N,07/2016,Analyst
11-3051.03,1.A.2.b.1,Control Precision,IM,2.38,8,0.2631,1.8594,2.8906,N,,07/2016,Analyst
11-3051.03,1.A.2.b.1,Control Precision,LV,2.25,8,0.1637,1.9292,2.5708,N,N,07/2016,Analyst
11-3051.03,1.A.2.b.2,Multilimb Coordination,IM,2.12,8,0.125,1.88,2.37,N,,07/2016,Analyst
11-3051.03,1.A.2.b.2,Multilimb Coordination,LV,1.88,8,0.2266,1.4309,2.3191,N,N,07/2016,Analyst
11-3051.03,1.A.2.b.3,Response Orientation,IM,1.5,8,0.2673,1.0,2.0238,N,,07/2016,Analyst
11-3051.03,1.A.2.b.3,Response Orientation,LV,0.88,8,0.4407,0.0113,1.7387,N,N,07/2016,Analyst
11-3051.03,1.A.2.b.4,Rate Control,IM,2.38,8,0.183,2.0164,2.7336,N,,07/2016,Analyst
11-3051.03,1.A.2.b.4,Rate Control,LV,2.38,8,0.2631,1.8594,2.8906,N,N,07/2016,Analyst
11-3051.03,1.A.2.c.1,Reaction Time,IM,2.38,8,0.183,2.0164,2.7336,N,,07/2016,Analyst
11-3051.03,1.A.2.c.1,Reaction Time,LV,3.12,8,0.2266,2.6809,3.5691,N,N,07/2016,Analyst
11-3051.03,1.A.2.c.2,Wrist-Finger Speed,IM,2.5,8,0.189,2.1296,2.8704,N,,07/2016,Analyst
11-3051.03,1.A.2.c.2,Wrist-Finger Speed,LV,2.12,8,0.2266,1.6809,2.5691,N,N,07/2016,Analyst
11-3051.03,1.A.2.c.3,Speed of Limb Movement,IM,1.12,8,0.125,1.0,1.37,N,,07/2016,Analyst
11-3051.03,1.A.2.c.3,Speed of Limb Movement,LV,0.25,8,0.25,0.0,0.74,N,Y,07/2016,Analyst
11-3051.03,1.A.3.a.1,Static Strength,IM,2.0,8,0.189,1.6296,2.3704,N,,07/2016,Analyst
11-3051.03,1.A.3.a.1,Static Strength,LV,1.5,8,0.3273,0.8584,2.1416,N,N,07/2016,Analyst
11-3051.03,1.A.3.a.2,Explosive Strength,IM,1.5,8,0.189,1.1296,1.8704,N,,07/2016,Analyst
11-3051.03,1.A.3.a.2,Explosive Strength,LV,0.75,8,0.3134,0.1358,1.3642,N,N,07/2016,Analyst
11-3051.03,1.A.3.a.3,Dynamic Strength,IM,1.62,8,0.183,1.2664,1.9836,N,,07/2016,Analyst
11-3051.03,1.A.3.a.3,Dynamic Strength,LV,1.0,8,0.3273,0.3584,1.6416,N,N,07/2016,Analyst
11-3051.03,1.A.3.a.4,Trunk Strength,IM,2.38,8,0.2631,1.8594,2.8906,N,,07/2016,Analyst
11-3051.03,1.A.3.a.4,Trunk Strength,LV,2.12,8,0.3981,1.3447,2.9053,N,N,07/2016,Analyst
11-3051.03,1.A.3.b.1,Stamina,IM,2.0,8,0.189,1.6296,2.3704,N,,07/2016,Analyst
11-3051.03,1.A.3.b.1,Stamina,LV,1.62,8,0.4199,0.8019,2.4481,N,N,07/2016,Analyst
11-3051.03,1.A.3.c.1,Extent Flexibility,IM,1.88,8,0.2266,1.4309,2.3191,N,,07/2016,Analyst
11-3051.03,1.A.3.c.1,Extent Flexibility,LV,1.5,8,0.378,0.7592,2.2408,N,N,07/2016,Analyst
11-3051.03,1.A.3.c.2,Dynamic Flexibility,IM,1.0,8,0.0,1.0,1.0,N,,07/2016,Analyst
11-3051.03,1.A.3.c.2,Dynamic Flexibility,LV,0.0,8,0.0,0.0,0.0,N,Y,07/2016,Analyst
11-3051.03,1.A.3.c.3,Gross Body Coordination,IM,1.75,8,0.1637,1.4292,2.0708,N,,07/2016,Analyst
11-3051.03,1.A.3.c.3,Gross Body Coordination,LV,1.0,8,0.2673,0.4762,1.5238,N,N,07/2016,Analyst
11-3051.03,1.A.3.c.4,Gross Body Equilibrium,IM,1.88,8,0.2266,1.4309,2.3191,N,,07/2016,Analyst
11-3051.03,1.A.3.c.4,Gross Body Equilibrium,LV,1.25,8,0.3134,0.6358,1.8642,N,N,07/2016,Analyst
11-3051.03,1.A.4.a.1,Near Vision,IM,3.5,8,0.189,3.1296,3.8704,N,,07/2016,Analyst
11-3051.03,1.A.4.a.1,Near Vision,LV,3.62,8,0.183,3.2664,3.9836,N,N,07/2016,Analyst
11-3051.03,1.A.4.a.2,Far Vision,IM,3.12,8,0.295,2.5467,3.7033,N,,07/2016,Analyst
11-3051.03,1.A.4.a.2,Far Vision,LV,3.12,8,0.2266,2.6809,3.5691,N,N,07/2016,Analyst
11-3051.03,1.A.4.a.3,Visual Color Discrimination,IM,3.0,8,0.3273,2.3584,3.6416,N,,07/2016,Analyst
11-3051.03,1.A.4.a.3,Visual Color Discrimination,LV,3.0,8,0.2673,2.4762,3.5238,N,N,07/2016,Analyst
11-3051.03,1.A.4.a.4,Night Vision,IM,1.0,8,0.0,1.0,1.0,N,,07/2016,Analyst
11-3051.03,1.A.4.a.4,Night Vision,LV,0.0,8,0.0,0.0,0.0,N,Y,07/2016,Analyst
11-3051.03,1.A.4.a.5,Peripheral Vision,IM,1.0,8,0.0,1.0,1.0,N,,07/2016,Analyst
11-3051.03,1.A.4.a.5,Peripheral Vision,LV,0.0,8,0.0,0.0,0.0,N,Y,07/2016,Analyst
11-3051.03,1.A.4.a.6,Depth Perception,IM,2.12,8,0.2266,1.6809,2.5691,N,,07/2016,Analyst
11-3051.03,1.A.4.a.6,Depth Perception,LV,1.88,8,0.3504,1.1883,2.5617,N,N,07/2016,Analyst
11-3051.03,1.A.4.a.7,Glare Sensitivity,IM,1.62,8,0.183,1.2664,1.9836,N,,07/2016,Analyst
11-3051.03,1.A.4.a.7,Glare Sensitivity,LV,1.0,8,0.3273,0.3584,1.6416,N,N,07/2016,Analyst
11-3051.03,1.A.4.b.1,Hearing Sensitivity,IM,2.62,8,0.183,2.2664,2.9836,N,,07/2016,Analyst
11-3051.03,1.A.4.b.1,Hearing Sensitivity,LV,2.88,8,0.125,2.63,3.12,N,N,07/2016,Analyst
11-3051.03,1.A.4.b.2,Auditory Attention,IM,2.75,8,0.1637,2.4292,3.0708,N,,07/2016,Analyst
11-3051.03,1.A.4.b.2,Auditory Attention,LV,3.25,8,0.25,2.76,3.74,N,N,07/2016,Analyst
11-3051.03,1.A.4.b.3,Sound Localization,IM,1.0,8,0.0,1.0,1.0,N,,07/2016,Analyst
11-3051.03,1.A.4.b.3,Sound Localization,LV,0.0,8,0.0,0.0,0.0,N,Y,07/2016,Analyst
11-3051.03,1.A.4.b.4,Speech Recognition,IM,3.62,8,0.183,3.2664,3.9836,N,,07/2016,Analyst
11-3051.03,1.A.4.b.4,Speech Recognition,LV,3.62,8,0.2631,3.1094,4.1406,N,N,07/2016,Analyst
11-3051.03,1.A.4.b.5,Speech Clarity,IM,3.88,8,0.2266,3.4309,4.3191,N,,07/2016,Analyst
11-3051.03,1.A.4.b.5,Speech Clarity,LV,3.88,8,0.2266,3.4309,4.3191,N,N,07/2016,Analyst
11-3051.04,1.A.1.a.1,Oral Comprehension,IM,4.0,8,0.0,4.0,4.0,N,,08/2020,Analyst
11-3051.04,1.A.1.a.1,Oral Comprehension,LV,4.12,8,0.125,3.88,4.37,N,N,08/2020,Analyst
11-3051.04,1.A.1.a.2,Written Comprehension,IM,4.0,8,0.0,4.0,4.0,N,,08/2020,Analyst
11-3051.04,1.A.1.a.2,Written Comprehension,LV,4.25,8,0.1637,3.9292,4.5708,N,N,08/2020,Analyst
11-3051.04,1.A.1.a.3,Oral Expression,IM,4.0,8,0.0,4.0,4.0,N,,08/2020,Analyst
11-3051.04,1.A.1.a.3,Oral Expression,LV,4.12,8,0.125,3.88,4.37,N,N,08/2020,Analyst
11-3051.04,1.A.1.a.4,Written Expression,IM,3.75,8,0.1637,3.4292,4.0708,N,,08/2020,Analyst
11-3051.04,1.A.1.a.4,Written Expression,LV,4.0,8,0.0,4.0,4.0,N,N,08/2020,Analyst
11-3051.04,1.A.1.b.1,Fluency of Ideas,IM,3.12,8,0.125,2.88,3.37,N,,08/2020,Analyst
11-3051.04,1.A.1.b.1,Fluency of Ideas,LV,3.25,8,0.1637,2.9292,3.5708,N,N,08/2020,Analyst
11-3051.04,1.A.1.b.2,Originality,IM,2.88,8,0.125,2.63,3.12,N,,08/2020,Analyst
11-3051.04,1.A.1.b.2,Originality,LV,3.12,8,0.125,2.88,3.37,N,N,08/2020,Analyst
11-3051.04,1.A.1.b.3,Problem Sensitivity,IM,4.0,8,0.0,4.0,4.0,N,,08/2020,Analyst
11-3051.04,1.A.1.b.3,Problem Sensitivity,LV,4.62,8,0.183,4.2664,4.9836,N,N,08/2020,Analyst
11-3051.04,1.A.1.b.4,Deductive Reasoning,IM,4.0,8,0.0,4.0,4.0,N,,08/2020,Analyst
11-3051.04,1.A.1.b.4,Deductive Reasoning,LV,4.25,8,0.1637,3.9292,4.5708,N,N,08/2020,Analyst
11-3051.04,1.A.1.b.5,Inductive Reasoning,IM,3.88,8,0.125,3.63,4.12,N,,08/2020,Analyst
11-3051.04,1.A.1.b.5,Inductive Reasoning,LV,4.0,8,0.189,3.6296,4.3704,N,N,08/2020,Analyst
11-3051.04,1.A.1.b.6,Information Ordering,IM,3.62,8,0.183,3.2664,3.9836,N,,08/2020,Analyst
11-3051.04,1.A.1.b.6,Information Ordering,LV,3.88,8,0.125,3.63,4.12,N,N,08/2020,Analyst
11-3051.04,1.A.1.b.7,Category Flexibility,IM,3.25,8,0.1637,2.9292,3.5708,N,,08/2020,Analyst
11-3051.04,1.A.1.b.7,Category Flexibility,LV,3.5,8,0.2673,2.9762,4.0238,N,N,08/2020,Analyst
11-3051.04,1.A.1.c.1,Mathematical Reasoning,IM,3.0,8,0.0,3.0,3.0,N,,08/2020,Analyst
11-3051.04,1.A.1.c.1,Mathematical Reasoning,LV,3.12,8,0.125,2.88,3.37,N,N,08/2020,Analyst
11-3051.04,1.A.1.c.2,Number Facility,IM,3.12,8,0.125,2.88,3.37,N,,08/2020,Analyst
11-3051.04,1.A.1.c.2,Number Facility,LV,3.12,8,0.125,2.88,3.37,N,N,08/2020,Analyst
11-3051.04,1.A.1.d.1,Memorization,IM,2.75,8,0.1637,2.4292,3.0708,N,,08/2020,Analyst
11-3051.04,1.A.1.d.1,Memorization,LV,2.88,8,0.125,2.63,3.12,N,N,08/2020,Analyst
11-3051.04,1.A.1.e.1,Speed of Closure,IM,3.0,8,0.189,2.6296,3.3704,N,,08/2020,Analyst
11-3051.04,1.A.1.e.1,Speed of Closure,LV,3.0,8,0.189,2.6296,3.3704,N,N,08/2020,Analyst
11-3051.04,1.A.1.e.2,Flexibility of Closure,IM,3.25,8,0.1637,2.9292,3.5708,N,,08/2020,Analyst
11-3051.04,1.A.1.e.2,Flexibility of Closure,LV,3.25,8,0.1637,2.9292,3.5708,N,N,08/2020,Analyst
11-3051.04,1.A.1.e.3,Perceptual Speed,IM,3.12,8,0.125,2.88,3.37,N,,08/2020,Analyst
11-3051.04,1.A.1.e.3,Perceptual Speed,LV,3.38,8,0.183,3.0164,3.7336,N,N,08/2020,Analyst
11-3051.04,1.A.1.f.1,Spatial Orientation,IM,1.75,8,0.1637,1.4292,2.0708,N,,08/2020,Analyst
11-3051.04,1.A.1.f.1,Spatial Orientation,LV,1.0,8,0.2673,0.4762,1.5238,N,N,08/2020,Analyst
11-3051.04,1.A.1.f.2,Visualization,IM,2.75,8,0.1637,2.4292,3.0708,N,,08/2020,Analyst
11-3051.04,1.A.1.f.2,Visualization,LV,3.12,8,0.125,2.88,3.37,N,N,08/2020,Analyst
11-3051.04,1.A.1.g.1,Selective Attention,IM,3.12,8,0.125,2.88,3.37,N,,08/2020,Analyst
11-3051.04,1.A.1.g.1,Selective Attention,LV,3.12,8,0.125,2.88,3.37,N,N,08/2020,Analyst
11-3051.04,1.A.1.g.2,Time Sharing,IM,2.62,8,0.183,2.2664,2.9836,N,,08/2020,Analyst
11-3051.04,1.A.1.g.2,Time Sharing,LV,2.62,8,0.183,2.2664,2.9836,N,N,08/2020,Analyst
11-3051.04,1.A.2.a.1,Arm-Hand Steadiness,IM,2.75,8,0.1637,2.4292,3.0708,N,,08/2020,Analyst
11-3051.04,1.A.2.a.1,Arm-Hand Steadiness,LV,2.75,8,0.1637,2.4292,3.0708,N,N,08/2020,Analyst
11-3051.04,1.A.2.a.2,Manual Dexterity,IM,2.25,8,0.1637,1.9292,2.5708,N,,08/2020,Analyst
11-3051.04,1.A.2.a.2,Manual Dexterity,LV,2.25,8,0.1637,1.9292,2.5708,N,N,08/2020,Analyst
11-3051.04,1.A.2.a.3,Finger Dexterity,IM,2.62,8,0.183,2.2664,2.9836,N,,08/2020,Analyst
11-3051.04,1.A.2.a.3,Finger Dexterity,LV,2.62,8,0.183,2.2664,2.9836,N,N,08/2020,Analyst
11-3051.04,1.A.2.b.1,Control Precision,IM,2.25,8,0.1637,1.9292,2.5708,N,,08/2020,Analyst
11-3051.04,1.A.2.b.1,Control Precision,LV,2.88,8,0.125,2.63,3.12,N,N,08/2020,Analyst
11-3051.04,1.A.2.b.2,Multilimb Coordination,IM,2.12,8,0.125,1.88,2.37,N,,08/2020,Analyst
11-3051.04,1.A.2.b.2,Multilimb Coordination,LV,2.12,8,0.125,1.88,2.37,N,N,08/2020,Analyst
11-3051.04,1.A.2.b.3,Response Orientation,IM,1.88,8,0.125,1.63,2.12,N,,08/2020,Analyst
11-3051.04,1.A.2.b.3,Response Orientation,LV,1.25,8,0.25,0.76,1.74,N,N,08/2020,Analyst
11-3051.04,1.A.2.b.4,Rate Control,IM,2.12,8,0.125,1.88,2.37,N,,08/2020,Analyst
11-3051.04,1.A.2.b.4,Rate Control,LV,1.88,8,0.2266,1.4309,2.3191,N,N,08/2020,Analyst
11-3051.04,1.A.2.c.1,Reaction Time,IM,2.12,8,0.125,1.88,2.37,N,,08/2020,Analyst
11-3051.04,1.A.2.c.1,Reaction Time,LV,2.25,8,0.1637,1.9292,2.5708,N,N,08/2020,Analyst
11-3051.04,1.A.2.c.2,Wrist-Finger Speed,IM,1.25,8,0.1637,1.0,1.5708,N,,08/2020,Analyst
11-3051.04,1.A.2.c.2,Wrist-Finger Speed,LV,0.5,8,0.3273,0.0,1.1416,N,Y,08/2020,Analyst
11-3051.04,1.A.2.c.3,Speed of Limb Movement,IM,1.12,8,0.125,1.0,1.37,N,,08/2020,Analyst
11-3051.04,1.A.2.c.3,Speed of Limb Movement,LV,0.12,8,0.125,0.0,0.37,N,Y,08/2020,Analyst
11-3051.04,1.A.3.a.1,Static Strength,IM,2.12,8,0.125,1.88,2.37,N,,08/2020,Analyst
11-3051.04,1.A.3.a.1,Static Strength,LV,1.62,8,0.183,1.2664,1.9836,N,N,08/2020,Analyst
11-3051.04,1.A.3.a.2,Explosive Strength,IM,1.38,8,0.183,1.0164,1.7336,N,,08/2020,Analyst
11-3051.04,1.A.3.a.2,Explosive Strength,LV,0.62,8,0.3239,0.0,1.2598,N,N,08/2020,Analyst
11-3051.04,1.A.3.a.3,Dynamic Strength,IM,1.5,8,0.189,1.1296,1.8704,N,,08/2020,Analyst
11-3051.04,1.A.3.a.3,Dynamic Strength,LV,0.62,8,0.2631,0.1094,1.1406,N,N,08/2020,Analyst
11-3051.04,1.A.3.a.4,Trunk Strength,IM,2.25,8,0.1637,1.9292,2.5708,N,,08/2020,Analyst
11-3051.04,1.A.3.a.4,Trunk Strength,LV,2.25,8,0.1637,1.9292,2.5708,N,N,08/2020,Analyst
11-3051.04,1.A.3.b.1,Stamina,IM,2.0,8,0.0,2.0,2.0,N,,08/2020,Analyst
11-3051.04,1.A.3.b.1,Stamina,LV,1.38,8,0.183,1.0164,1.7336,N,N,08/2020,Analyst
11-3051.04,1.A.3.c.1,Extent Flexibility,IM,2.0,8,0.0,2.0,2.0,N,,08/2020,Analyst
11-3051.04,1.A.3.c.1,Extent Flexibility,LV,1.62,8,0.183,1.2664,1.9836,N,N,08/2020,Analyst
11-3051.04,1.A.3.c.2,Dynamic Flexibility,IM,1.12,8,0.125,1.0,1.37,N,,08/2020,Analyst
11-3051.04,1.A.3.c.2,Dynamic Flexibility,LV,0.12,8,0.125,0.0,0.37,N,Y,08/2020,Analyst
11-3051.04,1.A.3.c.3,Gross Body Coordination,IM,2.0,8,0.0,2.0,2.0,N,,08/2020,Analyst
11-3051.04,1.A.3.c.3,Gross Body Coordination,LV,1.38,8,0.183,1.0164,1.7336,N,N,08/2020,Analyst
11-3051.04,1.A.3.c.4,Gross Body Equilibrium,IM,1.88,8,0.125,1.63,2.12,N,,08/2020,Analyst
11-3051.04,1.A.3.c.4,Gross Body Equilibrium,LV,1.62,8,0.2631,1.1094,2.1406,N,N,08/2020,Analyst
11-3051.04,1.A.4.a.1,Near Vision,IM,3.62,8,0.183,3.2664,3.9836,N,,08/2020,Analyst
11-3051.04,1.A.4.a.1,Near Vision,LV,3.25,8,0.1637,2.9292,3.5708,N,N,08/2020,Analyst
11-3051.04,1.A.4.a.2,Far Vision,IM,3.12,8,0.125,2.88,3.37,N,,08/2020,Analyst
11-3051.04,1.A.4.a.2,Far Vision,LV,3.25,8,0.1637,2.9292,3.5708,N,N,08/2020,Analyst
11-3051.04,1.A.4.a.3,Visual Color Discrimination,IM,2.75,8,0.1637,2.4292,3.0708,N,,08/2020,Analyst
11-3051.04,1.A.4.a.3,Visual Color Discrimination,LV,2.88,8,0.125,2.63,3.12,N,N,08/2020,Analyst
11-3051.04,1.A.4.a.4,Night Vision,IM,1.25,8,0.1637,1.0,1.5708,N,,08/2020,Analyst
11-3051.04,1.A.4.a.4,Night Vision,LV,0.38,8,0.2631,0.0,0.8906,N,Y,08/2020,Analyst
11-3051.04,1.A.4.a.5,Peripheral Vision,IM,1.38,8,0.183,1.0164,1.7336,N,,08/2020,Analyst
11-3051.04,1.A.4.a.5,Peripheral Vision,LV,0.5,8,0.2673,0.0,1.0238,N,N,08/2020,Analyst
11-3051.04,1.A.4.a.6,Depth Perception,IM,2.0,8,0.0,2.0,2.0,N,,08/2020,Analyst
11-3051.04,1.A.4.a.6,Depth Perception,LV,2.38,8,0.183,2.0164,2.7336,N,N,08/2020,Analyst
11-3051.04,1.A.4.a.7,Glare Sensitivity,IM,1.75,8,0.1637,1.4292,2.0708,N,,08/2020,Analyst
11-3051.04,1.A.4.a.7,Glare Sensitivity,LV,1.12,8,0.295,0.5467,1.7033,N,N,08/2020,Analyst
11-3051.04,1.A.4.b.1,Hearing Sensitivity,IM,2.25,8,0.1637,1.9292,2.5708,N,,08/2020,Analyst
11-3051.04,1.A.4.b.1,Hearing Sensitivity,LV,2.38,8,0.183,2.0164,2.7336,N,N,08/2020,Analyst
11-3051.04,1.A.4.b.2,Auditory Attention,IM,2.75,8,0.25,2.26,3.24,N,,08/2020,Analyst
11-3051.04,1.A.4.b.2,Auditory Attention,LV,3.12,8,0.295,2.5467,3.7033,N,N,08/2020,Analyst
11-3051.04,1.A.4.b.3,Sound Localization,IM,1.5,8,0.189,1.1296,1.8704,N,,08/2020,Analyst
11-3051.04,1.A.4.b.3,Sound Localization,LV,0.5,8,0.189,0.1296,0.8704,N,N,08/2020,Analyst
11-3051.04,1.A.4.b.4,Speech Recognition,IM,3.62,8,0.183,3.2664,3.9836,N,,08/2020,Analyst
11-3051.04,1.A.4.b.4,Speech Recognition,LV,3.38,8,0.183,3.0164,3.7336,N,N,08/2020,Analyst
11-3051.04,1.A.4.b.5,Speech Clarity,IM,3.62,8,0.183,3.2664,3.9836,N,,08/2020,Analyst
11-3051.04,1.A.4.b.5,Speech Clarity,LV,3.75,8,0.1637,3.4292,4.0708,N,N,08/2020,Analyst
11-3051.06,1.A.1.a.1,Oral Comprehension,IM,4.12,8,0.125,3.88,4.37,N,,07/2016,Analyst
11-3051.06,1.A.1.a.1,Oral Comprehension,LV,4.25,8,0.1637,3.9292,4.5708,N,N,07/2016,Analyst
11-3051.06,1.A.1.a.2,Written Comprehension,IM,4.12,8,0.125,3.88,4.37,N,,07/2016,Analyst
11-3051.06,1.A.1.a.2,Written Comprehension,LV,4.38,8,0.183,4.0164,4.7336,N,N,07/2016,Analyst
11-3051.06,1.A.1.a.3,Oral Expression,IM,4.12,8,0.2266,3.6809,4.5691,N,,07/2016,Analyst
11-3051.06,1.A.1.a.3,Oral Expression,LV,4.38,8,0.183,4.0164,4.7336,N,N,07/2016,Analyst
11-3051.06,1.A.1.a.4,Written Expression,IM,3.62,8,0.2631,3.1094,4.1406,N,,07/2016,Analyst
11-3051.06,1.A.1.a.4,Written Expression,LV,4.12,8,0.2266,3.6809,4.5691,N,N,07/2016,Analyst
11-3051.06,1.A.1.b.1,Fluency of Ideas,IM,3.38,8,0.183,3.0164,3.7336,N,,07/2016,Analyst
11-3051.06,1.A.1.b.1,Fluency of Ideas,LV,3.38,8,0.2631,2.8594,3.8906,N,N,07/2016,Analyst
11-3051.06,1.A.1.b.2,Originality,IM,3.12,8,0.125,2.88,3.37,N,,07/2016,Analyst
11-3051.06,1.A.1.b.2,Originality,LV,3.25,8,0.1637,2.9292,3.5708,N,N,07/2016,Analyst
11-3051.06,1.A.1.b.3,Problem Sensitivity,IM,3.88,8,0.125,3.63,4.12,N,,07/2016,Analyst
11-3051.06,1.A.1.b.3,Problem Sensitivity,LV,4.12,8,0.125,3.88,4.37,N,N,07/2016,Analyst
11-3051.06,1.A.1.b.4,Deductive Reasoning,IM,3.88,8,0.125,3.63,4.12,N,,07/2016,Analyst
11-3051.06,1.A.1.b.4,Deductive Reasoning,LV,3.88,8,0.125,3.63,4.12,N,N,07/2016,Analyst
11-3051.06,1.A.1.b.5,Inductive Reasoning,IM,3.75,8,0.1637,3.4292,4.0708,N,,07/2016,Analyst
11-3051.06,1.A.1.b.5,Inductive Reasoning,LV,3.75,8,0.1637,3.4292,4.0708,N,N,07/2016,Analyst
11-3051.06,1.A.1.b.6,Information Ordering,IM,3.5,8,0.189,3.1296,3.8704,N,,07/2016,Analyst
11-3051.06,1.A.1.b.6,Information Ordering,LV,4.0,8,0.0,4.0,4.0,N,N,07/2016,Analyst
11-3051.06,1.A.1.b.7,Category Flexibility,IM,3.25,8,0.25,2.76,3.74,N,,07/2016,Analyst
11-3051.06,1.A.1.b.7,Category Flexibility,LV,3.62,8,0.183,3.2664,3.9836,N,N,07/2016,Analyst
11-3051.06,1.A.1.c.1,Mathematical Reasoning,IM,3.25,8,0.1637,2.9292,3.5708,N,,07/2016,Analyst
11-3051.06,1.A.1.c.1,Mathematical Reasoning,LV,3.38,8,0.183,3.0164,3.7336,N,N,07/2016,Analyst
11-3051.06,1.A.1.c.2,Number Facility,IM,3.25,8,0.25,2.76,3.74,N,,07/2016,Analyst
11-3051.06,1.A.1.c.2,Number Facility,LV,3.38,8,0.183,3.0164,3.7336,N,N,07/2016,Analyst
11-3051.06,1.A.1.d.1,Memorization,IM,2.62,8,0.183,2.2664,2.9836,N,,07/2016,Analyst
11-3051.06,1.A.1.d.1,Memorization,LV,3.0,8,0.189,2.6296,3.3704,N,N,07/2016,Analyst
11-3051.06,1.A.1.e.1,Speed of Closure,IM,2.88,8,0.295,2.2967,3.4533,N,,07/2016,Analyst
11-3051.06,1.A.1.e.1,Speed of Closure,LV,3.25,8,0.1637,2.9292,3.5708,N,N,07/2016,Analyst
11-3051.06,1.A.1.e.2,Flexibility of Closure,IM,3.25,8,0.3134,2.6358,3.8642,N,,07/2016,Analyst
11-3051.06,1.A.1.e.2,Flexibility of Closure,LV,3.62,8,0.183,3.2664,3.9836,N,N,07/2016,Analyst
11-3051.06,1.A.1.e.3,Perceptual Speed,IM,3.62,8,0.183,3.2664,3.9836,N,,07/2016,Analyst
11-3051.06,1.A.1.e.3,Perceptual Speed,LV,3.75,8,0.1637,3.4292,4.0708,N,N,07/2016,Analyst
11-3051.06,1.A.1.f.1,Spatial Orientation,IM,2.38,8,0.3239,1.7402,3.0098,N,,07/2016,Analyst
11-3051.06,1.A.1.f.1,Spatial Orientation,LV,2.0,8,0.4629,1.0927,2.9073,N,N,07/2016,Analyst
11-3051.06,1.A.1.f.2,Visualization,IM,3.25,8,0.1637,2.9292,3.5708,N,,07/2016,Analyst
11-3051.06,1.A.1.f.2,Visualization,LV,3.38,8,0.183,3.0164,3.7336,N,N,07/2016,Analyst
11-3051.06,1.A.1.g.1,Selective Attention,IM,3.25,8,0.1637,2.9292,3.5708,N,,07/2016,Analyst
11-3051.06,1.A.1.g.1,Selective Attention,LV,3.38,8,0.183,3.0164,3.7336,N,N,07/2016,Analyst
11-3051.06,1.A.1.g.2,Time Sharing,IM,3.12,8,0.2266,2.6809,3.5691,N,,07/2016,Analyst
11-3051.06,1.A.1.g.2,Time Sharing,LV,3.0,8,0.189,2.6296,3.3704,N,N,07/2016,Analyst
11-3051.06,1.A.2.a.1,Arm-Hand Steadiness,IM,2.5,8,0.189,2.1296,2.8704,N,,07/2016,Analyst
11-3051.06,1.A.2.a.1,Arm-Hand Steadiness,LV,2.75,8,0.1637,2.4292,3.0708,N,N,07/2016,Analyst
11-3051.06,1.A.2.a.2,Manual Dexterity,IM,2.25,8,0.1637,1.9292,2.5708,N,,07/2016,Analyst
11-3051.06,1.A.2.a.2,Manual Dexterity,LV,2.5,8,0.189,2.1296,2.8704,N,N,07/2016,Analyst
11-3051.06,1.A.2.a.3,Finger Dexterity,IM,2.38,8,0.183,2.0164,2.7336,N,,07/2016,Analyst
11-3051.06,1.A.2.a.3,Finger Dexterity,LV,2.5,8,0.189,2.1296,2.8704,N,N,07/2016,Analyst
11-3051.06,1.A.2.b.1,Control Precision,IM,2.5,8,0.189,2.1296,2.8704,N,,07/2016,Analyst
11-3051.06,1.A.2.b.1,Control Precision,LV,2.62,8,0.183,2.2664,2.9836,N,N,07/2016,Analyst
11-3051.06,1.A.2.b.2,Multilimb Coordination,IM,2.12,8,0.2266,1.6809,2.5691,N,,07/2016,Analyst
11-3051.06,1.A.2.b.2,Multilimb Coordination,LV,1.75,8,0.3134,1.1358,2.3642,N,N,07/2016,Analyst
11-3051.06,1.A.2.b.3,Response Orientation,IM,2.12,8,0.2266,1.6809,2.5691,N,,07/2016,Analyst
11-3051.06,1.A.2.b.3,Response Orientation,LV,1.88,8,0.3981,1.0947,2.6553,N,N,07/2016,Analyst
11-3051.06,1.A.2.b.4,Rate Control,IM,2.12,8,0.2266,1.6809,2.5691,N,,07/2016,Analyst
11-3051.06,1.A.2.b.4,Rate Control,LV,1.88,8,0.3504,1.1883,2.5617,N,N,07/2016,Analyst
11-3051.06,1.A.2.c.1,Reaction Time,IM,2.5,8,0.189,2.1296,2.8704,N,,07/2016,Analyst
11-3051.06,1.A.2.c.1,Reaction Time,LV,2.75,8,0.25,2.26,3.24,N,N,07/2016,Analyst
11-3051.06,1.A.2.c.2,Wrist-Finger Speed,IM,2.5,8,0.189,2.1296,2.8704,N,,07/2016,Analyst
11-3051.06,1.A.2.c.2,Wrist-Finger Speed,LV,2.38,8,0.183,2.0164,2.7336,N,N,07/2016,Analyst
11-3051.06,1.A.2.c.3,Speed of Limb Movement,IM,1.0,8,0.0,1.0,1.0,N,,07/2016,Analyst
11-3051.06,1.A.2.c.3,Speed of Limb Movement,LV,0.0,8,0.0,0.0,0.0,N,Y,07/2016,Analyst
11-3051.06,1.A.3.a.1,Static Strength,IM,1.0,8,0.0,1.0,1.0,N,,07/2016,Analyst
11-3051.06,1.A.3.a.1,Static Strength,LV,0.0,8,0.0,0.0,0.0,N,Y,07/2016,Analyst
11-3051.06,1.A.3.a.2,Explosive Strength,IM,1.0,8,0.0,1.0,1.0,N,,07/2016,Analyst
11-3051.06,1.A.3.a.2,Explosive Strength,LV,0.0,8,0.0,0.0,0.0,N,Y,07/2016,Analyst
11-3051.06,1.A.3.a.3,Dynamic Strength,IM,1.62,8,0.183,1.2664,1.9836,N,,07/2016,Analyst
11-3051.06,1.A.3.a.3,Dynamic Strength,LV,1.0,8,0.3273,0.3584,1.6416,N,N,07/2016,Analyst
11-3051.06,1.A.3.a.4,Trunk Strength,IM,2.25,8,0.25,1.76,2.74,N,,07/2016,Analyst
11-3051.06,1.A.3.a.4,Trunk Strength,LV,2.25,8,0.4119,1.4427,3.0573,N,N,07/2016,Analyst
11-3051.06,1.A.3.b.1,Stamina,IM,1.25,8,0.25,1.0,1.74,N,,07/2016,Analyst
11-3051.06,1.A.3.b.1,Stamina,LV,0.38,8,0.375,0.0,1.11,N,Y,07/2016,Analyst
11-3051.06,1.A.3.c.1,Extent Flexibility,IM,2.0,8,0.2673,1.4762,2.5238,N,,07/2016,Analyst
11-3051.06,1.A.3.c.1,Extent Flexibility,LV,1.75,8,0.4119,0.9427,2.5573,N,N,07/2016,Analyst
11-3051.06,1.A.3.c.2,Dynamic Flexibility,IM,1.0,8,0.0,1.0,1.0,N,,07/2016,Analyst
11-3051.06,1.A.3.c.2,Dynamic Flexibility,LV,0.0,8,0.0,0.0,0.0,N,Y,07/2016,Analyst
11-3051.06,1.A.3.c.3,Gross Body Coordination,IM,1.0,8,0.0,1.0,1.0,N,,07/2016,Analyst
11-3051.06,1.A.3.c.3,Gross Body Coordination,LV,0.0,8,0.0,0.0,0.0,N,Y,07/2016,Analyst
11-3051.06,1.A.3.c.4,Gross Body Equilibrium,IM,1.75,8,0.25,1.26,2.24,N,,07/2016,Analyst
11-3051.06,1.A.3.c.4,Gross Body Equilibrium,LV,1.25,8,0.4119,0.4427,2.0573,N,N,07/2016,Analyst
11-3051.06,1.A.4.a.1,Near Vision,IM,3.5,8,0.189,3.1296,3.8704,N,,07/2016,Analyst
11-3051.06,1.A.4.a.1,Near Vision,LV,3.5,8,0.189,3.1296,3.8704,N,N,07/2016,Analyst
11-3051.06,1.A.4.a.2,Far Vision,IM,2.88,8,0.2266,2.4309,3.3191,N,,07/2016,Analyst
11-3051.06,1.A.4.a.2,Far Vision,LV,3.12,8,0.2266,2.6809,3.5691,N,N,07/2016,Analyst
11-3051.06,1.A.4.a.3,Visual Color Discrimination,IM,3.12,8,0.295,2.5467,3.7033,N,,07/2016,Analyst
11-3051.06,1.A.4.a.3,Visual Color Discrimination,LV,3.5,8,0.189,3.1296,3.8704,N,N,07/2016,Analyst
11-3051.06,1.A.4.a.4,Night Vision,IM,1.88,8,0.2266,1.4309,2.3191,N,,07/2016,Analyst
11-3051.06,1.A.4.a.4,Night Vision,LV,1.25,8,0.366,0.5327,1.9673,N,N,07/2016,Analyst
11-3051.06,1.A.4.a.5,Peripheral Vision,IM,1.75,8,0.1637,1.4292,2.0708,N,,07/2016,Analyst
11-3051.06,1.A.4.a.5,Peripheral Vision,LV,1.25,8,0.3134,0.6358,1.8642,N,N,07/2016,Analyst
11-3051.06,1.A.4.a.6,Depth Perception,IM,2.25,8,0.25,1.76,2.74,N,,07/2016,Analyst
11-3051.06,1.A.4.a.6,Depth Perception,LV,2.5,8,0.4226,1.6717,3.3283,N,N,07/2016,Analyst
11-3051.06,1.A.4.a.7,Glare Sensitivity,IM,2.0,8,0.189,1.6296,2.3704,N,,07/2016,Analyst
11-3051.06,1.A.4.a.7,Glare Sensitivity,LV,1.75,8,0.3134,1.1358,2.3642,N,N,07/2016,Analyst
11-3051.06,1.A.4.b.1,Hearing Sensitivity,IM,2.62,8,0.183,2.2664,2.9836,N,,07/2016,Analyst
11-3051.06,1.A.4.b.1,Hearing Sensitivity,LV,2.88,8,0.2266,2.4309,3.3191,N,N,07/2016,Analyst
11-3051.06,1.A.4.b.2,Auditory Attention,IM,2.88,8,0.125,2.63,3.12,N,,07/2016,Analyst
11-3051.06,1.A.4.b.2,Auditory Attention,LV,3.0,8,0.2673,2.4762,3.5238,N,N,07/2016,Analyst
11-3051.06,1.A.4.b.3,Sound Localization,IM,1.88,8,0.2266,1.4309,2.3191,N,,07/2016,Analyst
11-3051.06,1.A.4.b.3,Sound Localization,LV,1.38,8,0.375,0.64,2.11,N,N,07/2016,Analyst
11-3051.06,1.A.4.b.4,Speech Recognition,IM,3.62,8,0.2631,3.1094,4.1406,N,,07/2016,Analyst
11-3051.06,1.A.4.b.4,Speech Recognition,LV,3.62,8,0.2631,3.1094,4.1406,N,N,07/2016,Analyst
11-3051.06,1.A.4.b.5,Speech Clarity,IM,3.62,8,0.2631,3.1094,4.1406,N,,07/2016,Analyst
11-3051.06,1.A.4.b.5,Speech Clarity,LV,3.75,8,0.25,3.26,4.24,N,N,07/2016,Analyst
11-3061.00,1.A.1.a.1,Oral Comprehension,IM,4.0,8,0.0,4.0,4.0,N,,08/2023,Analyst
11-3061.00,1.A.1.a.1,Oral Comprehension,LV,4.0,8,0.0,4.0,4.0,N,N,08/2023,Analyst
11-3061.00,1.A.1.a.2,Written Comprehension,IM,3.88,8,0.125,3.63,4.12,N,,08/2023,Analyst
11-3061.00,1.A.1.a.2,Written Comprehension,LV,4.12,8,0.125,3.88,4.37,N,N,08/2023,Analyst
11-3061.00,1.A.1.a.3,Oral Expression,IM,4.0,8,0.0,4.0,4.0,N,,08/2023,Analyst
11-3061.00,1.A.1.a.3,Oral Expression,LV,4.12,8,0.125,3.88,4.37,N,N,08/2023,Analyst
11-3061.00,1.A.1.a.4,Written Expression,IM,3.75,8,0.1637,3.4292,4.0708,N,,08/2023,Analyst
11-3061.00,1.A.1.a.4,Written Expression,LV,4.0,8,0.0,4.0,4.0,N,N,08/2023,Analyst
11-3061.00,1.A.1.b.1,Fluency of Ideas,IM,3.88,8,0.125,3.63,4.12,N,,08/2023,Analyst
11-3061.00,1.A.1.b.1,Fluency of Ideas,LV,3.88,8,0.125,3.63,4.12,N,N,08/2023,Analyst
11-3061.00,1.A.1.b.2,Originality,IM,3.5,8,0.2673,2.9762,4.0238,N,,08/2023,Analyst
11-3061.00,1.A.1.b.2,Originality,LV,3.75,8,0.1637,3.4292,4.0708,N,N,08/2023,Analyst
11-3061.00,1.A.1.b.3,Problem Sensitivity,IM,3.62,8,0.183,3.2664,3.9836,N,,08/2023,Analyst
11-3061.00,1.A.1.b.3,Problem Sensitivity,LV,3.88,8,0.125,3.63,4.12,N,N,08/2023,Analyst
11-3061.00,1.A.1.b.4,Deductive Reasoning,IM,3.88,8,0.125,3.63,4.12,N,,08/2023,Analyst
11-3061.00,1.A.1.b.4,Deductive Reasoning,LV,4.0,8,0.0,4.0,4.0,N,N,08/2023,Analyst
11-3061.00,1.A.1.b.5,Inductive Reasoning,IM,3.62,8,0.183,3.2664,3.9836,N,,08/2023,Analyst
11-3061.00,1.A.1.b.5,Inductive Reasoning,LV,3.88,8,0.125,3.63,4.12,N,N,08/2023,Analyst
11-3061.00,1.A.1.b.6,Information Ordering,IM,3.75,8,0.1637,3.4292,4.0708,N,,08/2023,Analyst
11-3061.00,1.A.1.b.6,Information Ordering,LV,3.88,8,0.125,3.63,4.12,N,N,08/2023,Analyst
11-3061.00,1.A.1.b.7,Category Flexibility,IM,3.12,8,0.125,2.88,3.37,N,,08/2023,Analyst
11-3061.00,1.A.1.b.7,Category Flexibility,LV,3.5,8,0.189,3.1296,3.8704,N,N,08/2023,Analyst
11-3061.00,1.A.1.c.1,Mathematical Reasoning,IM,3.12,8,0.125,2.88,3.37,N,,08/2023,Analyst
11-3061.00,1.A.1.c.1,Mathematical Reasoning,LV,3.62,8,0.183,3.2664,3.9836,N,N,08/2023,Analyst
11-3061.00,1.A.1.c.2,Number Facility,IM,3.25,8,0.1637,2.9292,3.5708,N,,08/2023,Analyst
11-3061.00,1.A.1.c.2,Number Facility,LV,3.38,8,0.183,3.0164,3.7336,N,N,08/2023,Analyst
11-3061.00,1.A.1.d.1,Memorization,IM,2.62,8,0.183,2.2664,2.9836,N,,08/2023,Analyst
11-3061.00,1.A.1.d.1,Memorization,LV,2.75,8,0.1637,2.4292,3.0708,N,N,08/2023,Analyst
11-3061.00,1.A.1.e.1,Speed of Closure,IM,2.75,8,0.1637,2.4292,3.0708,N,,08/2023,Analyst
11-3061.00,1.A.1.e.1,Speed of Closure,LV,2.75,8,0.1637,2.4292,3.0708,N,N,08/2023,Analyst
11-3061.00,1.A.1.e.2,Flexibility of Closure,IM,2.75,8,0.1637,2.4292,3.0708,N,,08/2023,Analyst
11-3061.00,1.A.1.e.2,Flexibility of Closure,LV,3.0,8,0.0,3.0,3.0,N,N,08/2023,Analyst
11-3061.00,1.A.1.e.3,Perceptual Speed,IM,2.75,8,0.1637,2.4292,3.0708,N,,08/2023,Analyst
11-3061.00,1.A.1.e.3,Perceptual Speed,LV,3.0,8,0.0,3.0,3.0,N,N,08/2023,Analyst
11-3061.00,1.A.1.f.1,Spatial Orientation,IM,1.0,8,0.0,1.0,1.0,N,,08/2023,Analyst
11-3061.00,1.A.1.f.1,Spatial Orientation,LV,0.0,8,0.0,0.0,0.0,N,Y,08/2023,Analyst
11-3061.00,1.A.1.f.2,Visualization,IM,2.25,8,0.1637,1.9292,2.5708,N,,08/2023,Analyst
11-3061.00,1.A.1.f.2,Visualization,LV,2.0,8,0.0,2.0,2.0,N,N,08/2023,Analyst
11-3061.00,1.A.1.g.1,Selective Attention,IM,3.25,8,0.1637,2.9292,3.5708,N,,08/2023,Analyst
11-3061.00,1.A.1.g.1,Selective Attention,LV,3.12,8,0.125,2.88,3.37,N,N,08/2023,Analyst
11-3061.00,1.A.1.g.2,Time Sharing,IM,2.62,8,0.183,2.2664,2.9836,N,,08/2023,Analyst
11-3061.00,1.A.1.g.2,Time Sharing,LV,2.62,8,0.183,2.2664,2.9836,N,N,08/2023,Analyst
11-3061.00,1.A.2.a.1,Arm-Hand Steadiness,IM,1.0,8,0.0,1.0,1.0,N,,08/2023,Analyst
11-3061.00,1.A.2.a.1,Arm-Hand Steadiness,LV,0.0,8,0.0,0.0,0.0,N,Y,08/2023,Analyst
11-3061.00,1.A.2.a.2,Manual Dexterity,IM,1.0,8,0.0,1.0,1.0,N,,08/2023,Analyst
11-3061.00,1.A.2.a.2,Manual Dexterity,LV,0.0,8,0.0,0.0,0.0,N,Y,08/2023,Analyst
11-3061.00,1.A.2.a.3,Finger Dexterity,IM,1.0,8,0.0,1.0,1.0,N,,08/2023,Analyst
11-3061.00,1.A.2.a.3,Finger Dexterity,LV,0.0,8,0.0,0.0,0.0,N,Y,08/2023,Analyst
11-3061.00,1.A.2.b.1,Control Precision,IM,1.0,8,0.0,1.0,1.0,N,,08/2023,Analyst
11-3061.00,1.A.2.b.1,Control Precision,LV,0.0,8,0.0,0.0,0.0,N,Y,08/2023,Analyst
11-3061.00,1.A.2.b.2,Multilimb Coordination,IM,1.0,8,0.0,1.0,1.0,N,,08/2023,Analyst
11-3061.00,1.A.2.b.2,Multilimb Coordination,LV,0.0,8,0.0,0.0,0.0,N,Y,08/2023,Analyst
11-3061.00,1.A.2.b.3,Response Orientation,IM,1.0,8,0.0,1.0,1.0,N,,08/2023,Analyst
11-3061.00,1.A.2.b.3,Response Orientation,LV,0.0,8,0.0,0.0,0.0,N,Y,08/2023,Analyst
11-3061.00,1.A.2.b.4,Rate Control,IM,1.0,8,0.0,1.0,1.0,N,,08/2023,Analyst
11-3061.00,1.A.2.b.4,Rate Control,LV,0.0,8,0.0,0.0,0.0,N,Y,08/2023,Analyst
11-3061.00,1.A.2.c.1,Reaction Time,IM,1.0,8,0.0,1.0,1.0,N,,08/2023,Analyst
11-3061.00,1.A.2.c.1,Reaction Time,LV,0.0,8,0.0,0.0,0.0,N,Y,08/2023,Analyst
11-3061.00,1.A.2.c.2,Wrist-Finger Speed,IM,1.38,8,0.183,1.0164,1.7336,N,,08/2023,Analyst
11-3061.00,1.A.2.c.2,Wrist-Finger Speed,LV,0.5,8,0.2673,0.0,1.0238,N,N,08/2023,Analyst
11-3061.00,1.A.2.c.3,Speed of Limb Movement,IM,1.0,8,0.0,1.0,1.0,N,,08/2023,Analyst
11-3061.00,1.A.2.c.3,Speed of Limb Movement,LV,0.0,8,0.0,0.0,0.0,N,Y,08/2023,Analyst
11-3061.00,1.A.3.a.1,Static Strength,IM,1.0,8,0.0,1.0,1.0,N,,08/2023,Analyst
11-3061.00,1.A.3.a.1,Static Strength,LV,0.0,8,0.0,0.0,0.0,N,Y,08/2023,Analyst
11-3061.00,1.A.3.a.2,Explosive Strength,IM,1.0,8,0.0,1.0,1.0,N,,08/2023,Analyst
11-3061.00,1.A.3.a.2,Explosive Strength,LV,0.0,8,0.0,0.0,0.0,N,Y,08/2023,Analyst
11-3061.00,1.A.3.a.3,Dynamic Strength,IM,1.5,8,0.189,1.1296,1.8704,N,,08/2023,Analyst
11-3061.00,1.A.3.a.3,Dynamic Strength,LV,0.62,8,0.2631,0.1094,1.1406,N,N,08/2023,Analyst
11-3061.00,1.A.3.a.4,Trunk Strength,IM,1.75,8,0.25,1.26,2.24,N,,08/2023,Analyst
11-3061.00,1.A.3.a.4,Trunk Strength,LV,1.12,8,0.3504,0.4383,1.8117,N,N,08/2023,Analyst
11-3061.00,1.A.3.b.1,Stamina,IM,1.0,8,0.0,1.0,1.0,N,,08/2023,Analyst
11-3061.00,1.A.3.b.1,Stamina,LV,0.0,8,0.0,0.0,0.0,N,Y,08/2023,Analyst
11-3061.00,1.A.3.c.1,Extent Flexibility,IM,1.0,8,0.0,1.0,1.0,N,,08/2023,Analyst
11-3061.00,1.A.3.c.1,Extent Flexibility,LV,0.0,8,0.0,0.0,0.0,N,Y,08/2023,Analyst
11-3061.00,1.A.3.c.2,Dynamic Flexibility,IM,1.0,8,0.0,1.0,1.0,N,,08/2023,Analyst
11-3061.00,1.A.3.c.2,Dynamic Flexibility,LV,0.0,8,0.0,0.0,0.0,N,Y,08/2023,Analyst
11-3061.00,1.A.3.c.3,Gross Body Coordination,IM,1.0,8,0.0,1.0,1.0,N,,08/2023,Analyst
11-3061.00,1.A.3.c.3,Gross Body Coordination,LV,0.0,8,0.0,0.0,0.0,N,Y,08/2023,Analyst
11-3061.00,1.A.3.c.4,Gross Body Equilibrium,IM,1.0,8,0.0,1.0,1.0,N,,08/2023,Analyst
11-3061.00,1.A.3.c.4,Gross Body Equilibrium,LV,0.0,8,0.0,0.0,0.0,N,Y,08/2023,Analyst
11-3061.00,1.A.4.a.1,Near Vision,IM,3.25,8,0.1637,2.9292,3.5708,N,,08/2023,Analyst
11-3061.00,1.A.4.a.1,Near Vision,LV,3.75,8,0.1637,3.4292,4.0708,N,N,08/2023,Analyst
11-3061.00,1.A.4.a.2,Far Vision,IM,2.62,8,0.183,2.2664,2.9836,N,,08/2023,Analyst
11-3061.00,1.A.4.a.2,Far Vision,LV,2.5,8,0.189,2.1296,2.8704,N,N,08/2023,Analyst
11-3061.00,1.A.4.a.3,Visual Color Discrimination,IM,2.12,8,0.125,1.88,2.37,N,,08/2023,Analyst
11-3061.00,1.A.4.a.3,Visual Color Discrimination,LV,1.88,8,0.125,1.63,2.12,N,N,08/2023,Analyst
11-3061.00,1.A.4.a.4,Night Vision,IM,1.0,8,0.0,1.0,1.0,N,,08/2023,Analyst
11-3061.00,1.A.4.a.4,Night Vision,LV,0.0,8,0.0,0.0,0.0,N,Y,08/2023,Analyst
11-3061.00,1.A.4.a.5,Peripheral Vision,IM,1.0,8,0.0,1.0,1.0,N,,08/2023,Analyst
11-3061.00,1.A.4.a.5,Peripheral Vision,LV,0.0,8,0.0,0.0,0.0,N,Y,08/2023,Analyst
11-3061.00,1.A.4.a.6,Depth Perception,IM,2.0,8,0.0,2.0,2.0,N,,08/2023,Analyst
11-3061.00,1.A.4.a.6,Depth Perception,LV,1.12,8,0.125,0.88,1.37,N,N,08/2023,Analyst
11-3061.00,1.A.4.a.7,Glare Sensitivity,IM,1.0,8,0.0,1.0,1.0,N,,08/2023,Analyst
11-3061.00,1.A.4.a.7,Glare Sensitivity,LV,0.0,8,0.0,0.0,0.0,N,Y,08/2023,Analyst
11-3061.00,1.A.4.b.1,Hearing Sensitivity,IM,2.0,8,0.0,2.0,2.0,N,,08/2023,Analyst
11-3061.00,1.A.4.b.1,Hearing Sensitivity,LV,2.0,8,0.0,2.0,2.0,N,N,08/2023,Analyst
11-3061.00,1.A.4.b.2,Auditory Attention,IM,2.25,8,0.1637,1.9292,2.5708,N,,08/2023,Analyst
11-3061.00,1.A.4.b.2,Auditory Attention,LV,2.0,8,0.0,2.0,2.0,N,N,08/2023,Analyst
11-3061.00,1.A.4.b.3,Sound Localization,IM,1.0,8,0.0,1.0,1.0,N,,08/2023,Analyst
11-3061.00,1.A.4.b.3,Sound Localization,LV,0.0,8,0.0,0.0,0.0,N,Y,08/2023,Analyst
11-3061.00,1.A.4.b.4,Speech Recognition,IM,3.88,8,0.125,3.63,4.12,N,,08/2023,Analyst
11-3061.00,1.A.4.b.4,Speech Recognition,LV,4.0,8,0.0,4.0,4.0,N,N,08/2023,Analyst
11-3061.00,1.A.4.b.5,Speech Clarity,IM,3.88,8,0.125,3.63,4.12,N,,08/2023,Analyst
11-3061.00,1.A.4.b.5,Speech Clarity,LV,3.75,8,0.1637,3.4292,4.0708,N,N,08/2023,Analyst
11-3071.00,1.A.1.a.1,Oral Comprehension,IM,4.0,8,0.0,4.0,4.0,N,,08/2024,Analyst
11-3071.00,1.A.1.a.1,Oral Comprehension,LV,3.75,8,0.1637,3.4292,4.0708,N,N,08/2024,Analyst
11-3071.00,1.A.1.a.2,Written Comprehension,IM,4.0,8,0.0,4.0,4.0,N,,08/2024,Analyst
11-3071.00,1.A.1.a.2,Written Comprehension,LV,3.88,8,0.125,3.63,4.12,N,N,08/2024,Analyst
11-3071.00,1.A.1.a.3,Oral Expression,IM,3.75,8,0.1637,3.4292,4.0708,N,,08/2024,Analyst
11-3071.00,1.A.1.a.3,Oral Expression,LV,4.12,8,0.2266,3.6809,4.5691,N,N,08/2024,Analyst
11-3071.00,1.A.1.a.4,Written Expression,IM,4.0,8,0.0,4.0,4.0,N,,08/2024,Analyst
11-3071.00,1.A.1.a.4,Written Expression,LV,3.75,8,0.1637,3.4292,4.0708,N,N,08/2024,Analyst
11-3071.00,1.A.1.b.1,Fluency of Ideas,IM,3.38,8,0.2631,2.8594,3.8906,N,,08/2024,Analyst
11-3071.00,1.A.1.b.1,Fluency of Ideas,LV,3.5,8,0.2673,2.9762,4.0238,N,N,08/2024,Analyst
11-3071.00,1.A.1.b.2,Originality,IM,3.25,8,0.3134,2.6358,3.8642,N,,08/2024,Analyst
11-3071.00,1.A.1.b.2,Originality,LV,3.25,8,0.25,2.76,3.74,N,N,08/2024,Analyst
11-3071.00,1.A.1.b.3,Problem Sensitivity,IM,3.88,8,0.2266,3.4309,4.3191,N,,08/2024,Analyst
11-3071.00,1.A.1.b.3,Problem Sensitivity,LV,3.75,8,0.25,3.26,4.24,N,N,08/2024,Analyst
11-3071.00,1.A.1.b.4,Deductive Reasoning,IM,3.88,8,0.125,3.63,4.12,N,,08/2024,Analyst
11-3071.00,1.A.1.b.4,Deductive Reasoning,LV,3.75,8,0.1637,3.4292,4.0708,N,N,08/2024,Analyst
11-3071.00,1.A.1.b.5,Inductive Reasoning,IM,3.88,8,0.125,3.63,4.12,N,,08/2024,Analyst
11-3071.00,1.A.1.b.5,Inductive Reasoning,LV,3.5,8,0.189,3.1296,3.8704,N,N,08/2024,Analyst
11-3071.00,1.A.1.b.6,Information Ordering,IM,3.75,8,0.1637,3.4292,4.0708,N,,08/2024,Analyst
11-3071.00,1.A.1.b.6,Information Ordering,LV,3.38,8,0.2631,2.8594,3.8906,N,N,08/2024,Analyst
11-3071.00,1.A.1.b.7,Category Flexibility,IM,3.75,8,0.1637,3.4292,4.0708,N,,08/2024,Analyst
11-3071.00,1.A.1.b.7,Category Flexibility,LV,3.38,8,0.2631,2.8594,3.8906,N,N,08/2024,Analyst
11-3071.00,1.A.1.c.1,Mathematical Reasoning,IM,2.75,8,0.1637,2.4292,3.0708,N,,08/2024,Analyst
11-3071.00,1.A.1.c.1,Mathematical Reasoning,LV,2.88,8,0.3504,2.1883,3.5617,N,N,08/2024,Analyst
11-3071.00,1.A.1.c.2,Number Facility,IM,2.88,8,0.295,2.2967,3.4533,N,,08/2024,Analyst
11-3071.00,1.A.1.c.2,Number Facility,LV,3.0,8,0.2673,2.4762,3.5238,N,N,08/2024,Analyst
11-3071.00,1.A.1.d.1,Memorization,IM,2.62,8,0.183,2.2664,2.9836,N,,08/2024,Analyst
11-3071.00,1.A.1.d.1,Memorization,LV,2.5,8,0.189,2.1296,2.8704,N,N,08/2024,Analyst
11-3071.00,1.A.1.e.1,Speed of Closure,IM,2.62,8,0.183,2.2664,2.9836,N,,08/2024,Analyst
11-3071.00,1.A.1.e.1,Speed of Closure,LV,2.88,8,0.2266,2.4309,3.3191,N,N,08/2024,Analyst
11-3071.00,1.A.1.e.2,Flexibility of Closure,IM,3.25,8,0.25,2.76,3.74,N,,08/2024,Analyst
11-3071.00,1.A.1.e.2,Flexibility of Closure,LV,3.0,8,0.2673,2.4762,3.5238,N,N,08/2024,Analyst
11-3071.00,1.A.1.e.3,Perceptual Speed,IM,2.88,8,0.125,2.63,3.12,N,,08/2024,Analyst
11-3071.00,1.A.1.e.3,Perceptual Speed,LV,2.88,8,0.2266,2.4309,3.3191,N,N,08/2024,Analyst
11-3071.00,1.A.1.f.1,Spatial Orientation,IM,2.0,8,0.189,1.6296,2.3704,N,,08/2024,Analyst
11-3071.00,1.A.1.f.1,Spatial Orientation,LV,1.38,8,0.3239,0.7402,2.0098,N,N,08/2024,Analyst
11-3071.00,1.A.1.f.2,Visualization,IM,2.62,8,0.183,2.2664,2.9836,N,,08/2024,Analyst
11-3071.00,1.A.1.f.2,Visualization,LV,2.5,8,0.189,2.1296,2.8704,N,N,08/2024,Analyst
11-3071.00,1.A.1.g.1,Selective Attention,IM,2.75,8,0.25,2.26,3.24,N,,08/2024,Analyst
11-3071.00,1.A.1.g.1,Selective Attention,LV,3.0,8,0.378,2.2592,3.7408,N,N,08/2024,Analyst
11-3071.00,1.A.1.g.2,Time Sharing,IM,2.62,8,0.183,2.2664,2.9836,N,,08/2024,Analyst
11-3071.00,1.A.1.g.2,Time Sharing,LV,2.75,8,0.3134,2.1358,3.3642,N,N,08/2024,Analyst
11-3071.00,1.A.2.a.1,Arm-Hand Steadiness,IM,1.62,8,0.183,1.2664,1.9836,N,,08/2024,Analyst
11-3071.00,1.A.2.a.1,Arm-Hand Steadiness,LV,1.12,8,0.3504,0.4383,1.8117,N,N,08/2024,Analyst
11-3071.00,1.A.2.a.2,Manual Dexterity,IM,1.75,8,0.1637,1.4292,2.0708,N,,08/2024,Analyst
11-3071.00,1.A.2.a.2,Manual Dexterity,LV,1.0,8,0.2673,0.4762,1.5238,N,N,08/2024,Analyst
11-3071.00,1.A.2.a.3,Finger Dexterity,IM,1.75,8,0.1637,1.4292,2.0708,N,,08/2024,Analyst
11-3071.00,1.A.2.a.3,Finger Dexterity,LV,1.25,8,0.366,0.5327,1.9673,N,N,08/2024,Analyst
11-3071.00,1.A.2.b.1,Control Precision,IM,1.75,8,0.1637,1.4292,2.0708,N,,08/2024,Analyst
11-3071.00,1.A.2.b.1,Control Precision,LV,1.12,8,0.295,0.5467,1.7033,N,N,08/2024,Analyst
11-3071.00,1.A.2.b.2,Multilimb Coordination,IM,1.5,8,0.189,1.1296,1.8704,N,,08/2024,Analyst
11-3071.00,1.A.2.b.2,Multilimb Coordination,LV,0.75,8,0.3134,0.1358,1.3642,N,N,08/2024,Analyst
11-3071.00,1.A.2.b.3,Response Orientation,IM,1.62,8,0.183,1.2664,1.9836,N,,08/2024,Analyst
11-3071.00,1.A.2.b.3,Response Orientation,LV,0.88,8,0.295,0.2967,1.4533,N,N,08/2024,Analyst
11-3071.00,1.A.2.b.4,Rate Control,IM,1.62,8,0.183,1.2664,1.9836,N,,08/2024,Analyst
11-3071.00,1.A.2.b.4,Rate Control,LV,0.88,8,0.295,0.2967,1.4533,N,N,08/2024,Analyst
11-3071.00,1.A.2.c.1,Reaction Time,IM,1.75,8,0.1637,1.4292,2.0708,N,,08/2024,Analyst
11-3071.00,1.A.2.c.1,Reaction Time,LV,0.88,8,0.2266,0.4309,1.3191,N,N,08/2024,Analyst
11-3071.00,1.A.2.c.2,Wrist-Finger Speed,IM,1.75,8,0.25,1.26,2.24,N,,08/2024,Analyst
11-3071.00,1.A.2.c.2,Wrist-Finger Speed,LV,1.62,8,0.5324,0.5814,2.6686,Y,N,08/2024,Analyst
11-3071.00,1.A.2.c.3,Speed of Limb Movement,IM,1.0,8,0.0,1.0,1.0,N,,08/2024,Analyst
11-3071.00,1.A.2.c.3,Speed of Limb Movement,LV,0.0,8,0.0,0.0,0.0,N,Y,08/2024,Analyst
11-3071.00,1.A.3.a.1,Static Strength,IM,1.0,8,0.0,1.0,1.0,N,,08/2024,Analyst
11-3071.00,1.A.3.a.1,Static Strength,LV,0.0,8,0.0,0.0,0.0,N,Y,08/2024,Analyst
11-3071.00,1.A.3.a.2,Explosive Strength,IM,1.0,8,0.0,1.0,1.0,N,,08/2024,Analyst
11-3071.00,1.A.3.a.2,Explosive Strength,LV,0.0,8,0.0,0.0,0.0,N,Y,08/2024,Analyst
11-3071.00,1.A.3.a.3,Dynamic Strength,IM,1.5,8,0.189,1.1296,1.8704,N,,08/2024,Analyst
11-3071.00,1.A.3.a.3,Dynamic Strength,LV,0.5,8,0.189,0.1296,0.8704,N,N,08/2024,Analyst
11-3071.00,1.A.3.a.4,Trunk Strength,IM,2.12,8,0.2266,1.6809,2.5691,N,,08/2024,Analyst
11-3071.00,1.A.3.a.4,Trunk Strength,LV,1.88,8,0.3504,1.1883,2.5617,N,N,08/2024,Analyst
11-3071.00,1.A.3.b.1,Stamina,IM,1.0,8,0.0,1.0,1.0,N,,08/2024,Analyst
11-3071.00,1.A.3.b.1,Stamina,LV,0.0,8,0.0,0.0,0.0,N,Y,08/2024,Analyst
11-3071.00,1.A.3.c.1,Extent Flexibility,IM,1.0,8,0.0,1.0,1.0,N,,08/2024,Analyst
11-3071.00,1.A.3.c.1,Extent Flexibility,LV,0.0,8,0.0,0.0,0.0,N,Y,08/2024,Analyst
11-3071.00,1.A.3.c.2,Dynamic Flexibility,IM,1.0,8,0.0,1.0,1.0,N,,08/2024,Analyst
11-3071.00,1.A.3.c.2,Dynamic Flexibility,LV,0.0,8,0.0,0.0,0.0,N,Y,08/2024,Analyst
11-3071.00,1.A.3.c.3,Gross Body Coordination,IM,1.0,8,0.0,1.0,1.0,N,,08/2024,Analyst
11-3071.00,1.A.3.c.3,Gross Body Coordination,LV,0.0,8,0.0,0.0,0.0,N,Y,08/2024,Analyst
11-3071.00,1.A.3.c.4,Gross Body Equilibrium,IM,1.0,8,0.0,1.0,1.0,N,,08/2024,Analyst
11-3071.00,1.A.3.c.4,Gross Body Equilibrium,LV,0.0,8,0.0,0.0,0.0,N,Y,08/2024,Analyst
11-3071.00,1.A.4.a.1,Near Vision,IM,3.75,8,0.1637,3.4292,4.0708,N,,08/2024,Analyst
11-3071.00,1.A.4.a.1,Near Vision,LV,3.5,8,0.189,3.1296,3.8704,N,N,08/2024,Analyst
11-3071.00,1.A.4.a.2,Far Vision,IM,3.25,8,0.25,2.76,3.74,N,,08/2024,Analyst
11-3071.00,1.A.4.a.2,Far Vision,LV,3.0,8,0.189,2.6296,3.3704,N,N,08/2024,Analyst
11-3071.00,1.A.4.a.3,Visual Color Discrimination,IM,2.38,8,0.183,2.0164,2.7336,N,,08/2024,Analyst
11-3071.00,1.A.4.a.3,Visual Color Discrimination,LV,2.25,8,0.25,1.76,2.74,N,N,08/2024,Analyst
11-3071.00,1.A.4.a.4,Night Vision,IM,1.88,8,0.2266,1.4309,2.3191,N,,08/2024,Analyst
11-3071.00,1.A.4.a.4,Night Vision,LV,1.12,8,0.295,0.5467,1.7033,N,N,08/2024,Analyst
11-3071.00,1.A.4.a.5,Peripheral Vision,IM,1.75,8,0.1637,1.4292,2.0708,N,,08/2024,Analyst
11-3071.00,1.A.4.a.5,Peripheral Vision,LV,1.12,8,0.295,0.5467,1.7033,N,N,08/2024,Analyst
11-3071.00,1.A.4.a.6,Depth Perception,IM,2.12,8,0.2266,1.6809,2.5691,N,,08/2024,Analyst
11-3071.00,1.A.4.a.6,Depth Perception,LV,1.5,8,0.2673,0.9762,2.0238,N,N,08/2024,Analyst
11-3071.00,1.A.4.a.7,Glare Sensitivity,IM,1.62,8,0.183,1.2664,1.9836,N,,08/2024,Analyst
11-3071.00,1.A.4.a.7,Glare Sensitivity,LV,0.88,8,0.295,0.2967,1.4533,N,N,08/2024,Analyst
11-3071.00,1.A.4.b.1,Hearing Sensitivity,IM,2.12,8,0.295,1.5467,2.7033,N,,08/2024,Analyst
11-3071.00,1.A.4.b.1,Hearing Sensitivity,LV,1.88,8,0.4407,1.0113,2.7387,N,N,08/2024,Analyst
11-3071.00,1.A.4.b.2,Auditory Attention,IM,2.25,8,0.3134,1.6358,2.8642,N,,08/2024,Analyst
11-3071.00,1.A.4.b.2,Auditory Attention,LV,2.12,8,0.5489,1.0491,3.2009,Y,N,08/2024,Analyst
11-3071.00,1.A.4.b.3,Sound Localization,IM,1.62,8,0.183,1.2664,1.9836,N,,08/2024,Analyst
11-3071.00,1.A.4.b.3,Sound Localization,LV,0.88,8,0.295,0.2967,1.4533,N,N,08/2024,Analyst
11-3071.00,1.A.4.b.4,Speech Recognition,IM,3.5,8,0.189,3.1296,3.8704,N,,08/2024,Analyst
11-3071.00,1.A.4.b.4,Speech Recognition,LV,3.38,8,0.2631,2.8594,3.8906,N,N,08/2024,Analyst
11-3071.00,1.A.4.b.5,Speech Clarity,IM,3.5,8,0.189,3.1296,3.8704,N,,08/2024,Analyst
11-3071.00,1.A.4.b.5,Speech Clarity,LV,3.5,8,0.189,3.1296,3.8704,N,N,08/2024,Analyst
11-3071.04,1.A.1.a.1,Oral Comprehension,IM,4.0,8,0.0,4.0,4.0,N,,07/2017,Analyst
11-3071.04,1.A.1.a.1,Oral Comprehension,LV,4.12,8,0.125,3.88,4.37,N,N,07/2017,Analyst
11-3071.04,1.A.1.a.2,Written Comprehension,IM,4.0,8,0.0,4.0,4.0,N,,07/2017,Analyst
11-3071.04,1.A.1.a.2,Written Comprehension,LV,4.25,8,0.1637,3.9292,4.5708,N,N,07/2017,Analyst
11-3071.04,1.A.1.a.3,Oral Expression,IM,4.0,8,0.0,4.0,4.0,N,,07/2017,Analyst
11-3071.04,1.A.1.a.3,Oral Expression,LV,4.12,8,0.125,3.88,4.37,N,N,07/2017,Analyst
11-3071.04,1.A.1.a.4,Written Expression,IM,4.0,8,0.0,4.0,4.0,N,,07/2017,Analyst
11-3071.04,1.A.1.a.4,Written Expression,LV,4.0,8,0.0,4.0,4.0,N,N,07/2017,Analyst
11-3071.04,1.A.1.b.1,Fluency of Ideas,IM,3.12,8,0.125,2.88,3.37,N,,07/2017,Analyst
11-3071.04,1.A.1.b.1,Fluency of Ideas,LV,3.25,8,0.1637,2.9292,3.5708,N,N,07/2017,Analyst
11-3071.04,1.A.1.b.2,Originality,IM,3.25,8,0.1637,2.9292,3.5708,N,,07/2017,Analyst
11-3071.04,1.A.1.b.2,Originality,LV,3.25,8,0.1637,2.9292,3.5708,N,N,07/2017,Analyst
11-3071.04,1.A.1.b.3,Problem Sensitivity,IM,3.88,8,0.125,3.63,4.12,N,,07/2017,Analyst
11-3071.04,1.A.1.b.3,Problem Sensitivity,LV,4.0,8,0.0,4.0,4.0,N,N,07/2017,Analyst
11-3071.04,1.A.1.b.4,Deductive Reasoning,IM,3.88,8,0.125,3.63,4.12,N,,07/2017,Analyst
11-3071.04,1.A.1.b.4,Deductive Reasoning,LV,3.88,8,0.125,3.63,4.12,N,N,07/2017,Analyst
11-3071.04,1.A.1.b.5,Inductive Reasoning,IM,3.88,8,0.125,3.63,4.12,N,,07/2017,Analyst
11-3071.04,1.A.1.b.5,Inductive Reasoning,LV,3.88,8,0.125,3.63,4.12,N,N,07/2017,Analyst
11-3071.04,1.A.1.b.6,Information Ordering,IM,3.88,8,0.125,3.63,4.12,N,,07/2017,Analyst
11-3071.04,1.A.1.b.6,Information Ordering,LV,3.75,8,0.1637,3.4292,4.0708,N,N,07/2017,Analyst
11-3071.04,1.A.1.b.7,Category Flexibility,IM,3.75,8,0.1637,3.4292,4.0708,N,,07/2017,Analyst
11-3071.04,1.A.1.b.7,Category Flexibility,LV,3.75,8,0.1637,3.4292,4.0708,N,N,07/2017,Analyst
11-3071.04,1.A.1.c.1,Mathematical Reasoning,IM,3.12,8,0.2266,2.6809,3.5691,N,,07/2017,Analyst
11-3071.04,1.A.1.c.1,Mathematical Reasoning,LV,3.5,8,0.2673,2.9762,4.0238,N,N,07/2017,Analyst
11-3071.04,1.A.1.c.2,Number Facility,IM,3.0,8,0.189,2.6296,3.3704,N,,07/2017,Analyst
11-3071.04,1.A.1.c.2,Number Facility,LV,3.12,8,0.125,2.88,3.37,N,N,07/2017,Analyst
11-3071.04,1.A.1.d.1,Memorization,IM,2.62,8,0.183,2.2664,2.9836,N,,07/2017,Analyst
11-3071.04,1.A.1.d.1,Memorization,LV,2.25,8,0.1637,1.9292,2.5708,N,N,07/2017,Analyst
11-3071.04,1.A.1.e.1,Speed of Closure,IM,2.62,8,0.183,2.2664,2.9836,N,,07/2017,Analyst
11-3071.04,1.A.1.e.1,Speed of Closure,LV,2.5,8,0.189,2.1296,2.8704,N,N,07/2017,Analyst
11-3071.04,1.A.1.e.2,Flexibility of Closure,IM,3.0,8,0.0,3.0,3.0,N,,07/2017,Analyst
11-3071.04,1.A.1.e.2,Flexibility of Closure,LV,3.0,8,0.0,3.0,3.0,N,N,07/2017,Analyst
11-3071.04,1.A.1.e.3,Perceptual Speed,IM,2.88,8,0.125,2.63,3.12,N,,07/2017,Analyst
11-3071.04,1.A.1.e.3,Perceptual Speed,LV,2.88,8,0.125,2.63,3.12,N,N,07/2017,Analyst
11-3071.04,1.A.1.f.1,Spatial Orientation,IM,1.0,8,0.0,1.0,1.0,N,,07/2017,Analyst
11-3071.04,1.A.1.f.1,Spatial Orientation,LV,0.0,8,0.0,0.0,0.0,N,Y,07/2017,Analyst
11-3071.04,1.A.1.f.2,Visualization,IM,2.62,8,0.183,2.2664,2.9836,N,,07/2017,Analyst
11-3071.04,1.A.1.f.2,Visualization,LV,2.88,8,0.125,2.63,3.12,N,N,07/2017,Analyst
11-3071.04,1.A.1.g.1,Selective Attention,IM,3.12,8,0.125,2.88,3.37,N,,07/2017,Analyst
11-3071.04,1.A.1.g.1,Selective Attention,LV,3.0,8,0.189,2.6296,3.3704,N,N,07/2017,Analyst
11-3071.04,1.A.1.g.2,Time Sharing,IM,2.62,8,0.183,2.2664,2.9836,N,,07/2017,Analyst
11-3071.04,1.A.1.g.2,Time Sharing,LV,2.88,8,0.125,2.63,3.12,N,N,07/2017,Analyst
11-3071.04,1.A.2.a.1,Arm-Hand Steadiness,IM,1.0,8,0.0,1.0,1.0,N,,07/2017,Analyst
11-3071.04,1.A.2.a.1,Arm-Hand Steadiness,LV,0.0,8,0.0,0.0,0.0,N,Y,07/2017,Analyst
11-3071.04,1.A.2.a.2,Manual Dexterity,IM,1.0,8,0.0,1.0,1.0,N,,07/2017,Analyst
11-3071.04,1.A.2.a.2,Manual Dexterity,LV,0.0,8,0.0,0.0,0.0,N,Y,07/2017,Analyst
11-3071.04,1.A.2.a.3,Finger Dexterity,IM,1.88,8,0.295,1.2967,2.4533,N,,07/2017,Analyst
11-3071.04,1.A.2.a.3,Finger Dexterity,LV,1.38,8,0.4199,0.5519,2.1981,N,N,07/2017,Analyst
11-3071.04,1.A.2.b.1,Control Precision,IM,1.12,8,0.125,1.0,1.37,N,,07/2017,Analyst
11-3071.04,1.A.2.b.1,Control Precision,LV,0.12,8,0.125,0.0,0.37,N,Y,07/2017,Analyst
11-3071.04,1.A.2.b.2,Multilimb Coordination,IM,1.0,8,0.0,1.0,1.0,N,,07/2017,Analyst
11-3071.04,1.A.2.b.2,Multilimb Coordination,LV,0.0,8,0.0,0.0,0.0,N,Y,07/2017,Analyst
11-3071.04,1.A.2.b.3,Response Orientation,IM,1.0,8,0.0,1.0,1.0,N,,07/2017,Analyst
11-3071.04,1.A.2.b.3,Response Orientation,LV,0.0,8,0.0,0.0,0.0,N,Y,07/2017,Analyst
11-3071.04,1.A.2.b.4,Rate Control,IM,1.0,8,0.0,1.0,1.0,N,,07/2017,Analyst
11-3071.04,1.A.2.b.4,Rate Control,LV,0.0,8,0.0,0.0,0.0,N,Y,07/2017,Analyst
11-3071.04,1.A.2.c.1,Reaction Time,IM,1.0,8,0.0,1.0,1.0,N,,07/2017,Analyst
11-3071.04,1.A.2.c.1,Reaction Time,LV,0.0,8,0.0,0.0,0.0,N,Y,07/2017,Analyst
11-3071.04,1.A.2.c.2,Wrist-Finger Speed,IM,1.25,8,0.1637,1.0,1.5708,N,,07/2017,Analyst
11-3071.04,1.A.2.c.2,Wrist-Finger Speed,LV,0.38,8,0.2631,0.0,0.8906,N,Y,07/2017,Analyst
11-3071.04,1.A.2.c.3,Speed of Limb Movement,IM,1.0,8,0.0,1.0,1.0,N,,07/2017,Analyst
11-3071.04,1.A.2.c.3,Speed of Limb Movement,LV,0.0,8,0.0,0.0,0.0,N,Y,07/2017,Analyst
11-3071.04,1.A.3.a.1,Static Strength,IM,1.0,8,0.0,1.0,1.0,N,,07/2017,Analyst
11-3071.04,1.A.3.a.1,Static Strength,LV,0.0,8,0.0,0.0,0.0,N,Y,07/2017,Analyst
11-3071.04,1.A.3.a.2,Explosive Strength,IM,1.0,8,0.0,1.0,1.0,N,,07/2017,Analyst
11-3071.04,1.A.3.a.2,Explosive Strength,LV,0.0,8,0.0,0.0,0.0,N,Y,07/2017,Analyst
11-3071.04,1.A.3.a.3,Dynamic Strength,IM,1.0,8,0.0,1.0,1.0,N,,07/2017,Analyst
11-3071.04,1.A.3.a.3,Dynamic Strength,LV,0.0,8,0.0,0.0,0.0,N,Y,07/2017,Analyst
11-3071.04,1.A.3.a.4,Trunk Strength,IM,1.62,8,0.2631,1.1094,2.1406,N,,07/2017,Analyst
11-3071.04,1.A.3.a.4,Trunk Strength,LV,0.75,8,0.3134,0.1358,1.3642,N,N,07/2017,Analyst
11-3071.04,1.A.3.b.1,Stamina,IM,1.0,8,0.0,1.0,1.0,N,,07/2017,Analyst
11-3071.04,1.A.3.b.1,Stamina,LV,0.0,8,0.0,0.0,0.0,N,Y,07/2017,Analyst
11-3071.04,1.A.3.c.1,Extent Flexibility,IM,1.0,8,0.0,1.0,1.0,N,,07/2017,Analyst
11-3071.04,1.A.3.c.1,Extent Flexibility,LV,0.0,8,0.0,0.0,0.0,N,Y,07/2017,Analyst
11-3071.04,1.A.3.c.2,Dynamic Flexibility,IM,1.0,8,0.0,1.0,1.0,N,,07/2017,Analyst
11-3071.04,1.A.3.c.2,Dynamic Flexibility,LV,0.0,8,0.0,0.0,0.0,N,Y,07/2017,Analyst
11-3071.04,1.A.3.c.3,Gross Body Coordination,IM,1.0,8,0.0,1.0,1.0,N,,07/2017,Analyst
11-3071.04,1.A.3.c.3,Gross Body Coordination,LV,0.0,8,0.0,0.0,0.0,N,Y,07/2017,Analyst
11-3071.04,1.A.3.c.4,Gross Body Equilibrium,IM,1.0,8,0.0,1.0,1.0,N,,07/2017,Analyst
11-3071.04,1.A.3.c.4,Gross Body Equilibrium,LV,0.0,8,0.0,0.0,0.0,N,Y,07/2017,Analyst
11-3071.04,1.A.4.a.1,Near Vision,IM,3.62,8,0.2631,3.1094,4.1406,N,,07/2017,Analyst
11-3071.04,1.A.4.a.1,Near Vision,LV,3.5,8,0.2673,2.9762,4.0238,N,N,07/2017,Analyst
11-3071.04,1.A.4.a.2,Far Vision,IM,2.88,8,0.125,2.63,3.12,N,,07/2017,Analyst
11-3071.04,1.A.4.a.2,Far Vision,LV,3.0,8,0.189,2.6296,3.3704,N,N,07/2017,Analyst
11-3071.04,1.A.4.a.3,Visual Color Discrimination,IM,2.5,8,0.189,2.1296,2.8704,N,,07/2017,Analyst
11-3071.04,1.A.4.a.3,Visual Color Discrimination,LV,2.12,8,0.2266,1.6809,2.5691,N,N,07/2017,Analyst
11-3071.04,1.A.4.a.4,Night Vision,IM,1.0,8,0.0,1.0,1.0,N,,07/2017,Analyst
11-3071.04,1.A.4.a.4,Night Vision,LV,0.0,8,0.0,0.0,0.0,N,Y,07/2017,Analyst
11-3071.04,1.A.4.a.5,Peripheral Vision,IM,1.0,8,0.0,1.0,1.0,N,,07/2017,Analyst
11-3071.04,1.A.4.a.5,Peripheral Vision,LV,0.0,8,0.0,0.0,0.0,N,Y,07/2017,Analyst
11-3071.04,1.A.4.a.6,Depth Perception,IM,2.0,8,0.0,2.0,2.0,N,,07/2017,Analyst
11-3071.04,1.A.4.a.6,Depth Perception,LV,1.38,8,0.183,1.0164,1.7336,N,N,07/2017,Analyst
11-3071.04,1.A.4.a.7,Glare Sensitivity,IM,1.0,8,0.0,1.0,1.0,N,,07/2017,Analyst
11-3071.04,1.A.4.a.7,Glare Sensitivity,LV,0.0,8,0.0,0.0,0.0,N,Y,07/2017,Analyst
11-3071.04,1.A.4.b.1,Hearing Sensitivity,IM,1.88,8,0.125,1.63,2.12,N,,07/2017,Analyst
11-3071.04,1.A.4.b.1,Hearing Sensitivity,LV,1.88,8,0.295,1.2967,2.4533,N,N,07/2017,Analyst
11-3071.04,1.A.4.b.2,Auditory Attention,IM,2.12,8,0.2266,1.6809,2.5691,N,,07/2017,Analyst
11-3071.04,1.A.4.b.2,Auditory Attention,LV,1.75,8,0.25,1.26,2.24,N,N,07/2017,Analyst
11-3071.04,1.A.4.b.3,Sound Localization,IM,1.0,8,0.0,1.0,1.0,N,,07/2017,Analyst
11-3071.04,1.A.4.b.3,Sound Localization,LV,0.0,8,0.0,0.0,0.0,N,Y,07/2017,Analyst
11-3071.04,1.A.4.b.4,Speech Recognition,IM,3.62,8,0.183,3.2664,3.9836,N,,07/2017,Analyst
11-3071.04,1.A.4.b.4,Speech Recognition,LV,3.38,8,0.183,3.0164,3.7336,N,N,07/2017,Analyst
11-3071.04,1.A.4.b.5,Speech Clarity,IM,3.75,8,0.1637,3.4292,4.0708,N,,07/2017,Analyst
11-3071.04,1.A.4.b.5,Speech Clarity,LV,3.25,8,0.1637,2.9292,3.5708,N,N,07/2017,Analyst
11-3111.00,1.A.1.a.1,Oral Comprehension,IM,4.0,8,0.0,4.0,4.0,N,,08/2023,Analyst
11-3111.00,1.A.1.a.1,Oral Comprehension,LV,4.12,8,0.125,3.88,4.37,N,N,08/2023,Analyst
11-3111.00,1.A.1.a.2,Written Comprehension,IM,4.0,8,0.0,4.0,4.0,N,,08/2023,Analyst
11-3111.00,1.A.1.a.2,Written Comprehension,LV,4.25,8,0.1637,3.9292,4.5708,N,N,08/2023,Analyst
11-3111.00,1.A.1.a.3,Oral Expression,IM,4.0,8,0.0,4.0,4.0,N,,08/2023,Analyst
11-3111.00,1.A.1.a.3,Oral Expression,LV,4.12,8,0.125,3.88,4.37,N,N,08/2023,Analyst
11-3111.00,1.A.1.a.4,Written Expression,IM,4.0,8,0.0,4.0,4.0,N,,08/2023,Analyst
11-3111.00,1.A.1.a.4,Written Expression,LV,4.12,8,0.125,3.88,4.37,N,N,08/2023,Analyst
11-3111.00,1.A.1.b.1,Fluency of Ideas,IM,3.25,8,0.1637,2.9292,3.5708,N,,08/2023,Analyst
11-3111.00,1.A.1.b.1,Fluency of Ideas,LV,3.38,8,0.2631,2.8594,3.8906,N,N,08/2023,Analyst
11-3111.00,1.A.1.b.2,Originality,IM,3.12,8,0.125,2.88,3.37,N,,08/2023,Analyst
11-3111.00,1.A.1.b.2,Originality,LV,3.12,8,0.125,2.88,3.37,N,N,08/2023,Analyst
11-3111.00,1.A.1.b.3,Problem Sensitivity,IM,3.75,8,0.1637,3.4292,4.0708,N,,08/2023,Analyst
11-3111.00,1.A.1.b.3,Problem Sensitivity,LV,3.5,8,0.2673,2.9762,4.0238,N,N,08/2023,Analyst
11-3111.00,1.A.1.b.4,Deductive Reasoning,IM,3.5,8,0.189,3.1296,3.8704,N,,08/2023,Analyst
11-3111.00,1.A.1.b.4,Deductive Reasoning,LV,3.5,8,0.2673,2.9762,4.0238,N,N,08/2023,Analyst
11-3111.00,1.A.1.b.5,Inductive Reasoning,IM,3.38,8,0.183,3.0164,3.7336,N,,08/2023,Analyst
11-3111.00,1.A.1.b.5,Inductive Reasoning,LV,3.5,8,0.2673,2.9762,4.0238,N,N,08/2023,Analyst
11-3111.00,1.A.1.b.6,Information Ordering,IM,3.12,8,0.125,2.88,3.37,N,,08/2023,Analyst
11-3111.00,1.A.1.b.6,Information Ordering,LV,3.12,8,0.125,2.88,3.37,N,N,08/2023,Analyst
11-3111.00,1.A.1.b.7,Category Flexibility,IM,3.12,8,0.125,2.88,3.37,N,,08/2023,Analyst
11-3111.00,1.A.1.b.7,Category Flexibility,LV,3.12,8,0.125,2.88,3.37,N,N,08/2023,Analyst
11-3111.00,1.A.1.c.1,Mathematical Reasoning,IM,3.25,8,0.1637,2.9292,3.5708,N,,08/2023,Analyst
11-3111.00,1.A.1.c.1,Mathematical Reasoning,LV,3.38,8,0.183,3.0164,3.7336,N,N,08/2023,Analyst
11-3111.00,1.A.1.c.2,Number Facility,IM,3.12,8,0.125,2.88,3.37,N,,08/2023,Analyst
11-3111.00,1.A.1.c.2,Number Facility,LV,3.38,8,0.2631,2.8594,3.8906,N,N,08/2023,Analyst
11-3111.00,1.A.1.d.1,Memorization,IM,2.12,8,0.125,1.88,2.37,N,,08/2023,Analyst
11-3111.00,1.A.1.d.1,Memorization,LV,2.0,8,0.0,2.0,2.0,N,N,08/2023,Analyst
11-3111.00,1.A.1.e.1,Speed of Closure,IM,2.25,8,0.1637,1.9292,2.5708,N,,08/2023,Analyst
11-3111.00,1.A.1.e.1,Speed of Closure,LV,2.25,8,0.1637,1.9292,2.5708,N,N,08/2023,Analyst
11-3111.00,1.A.1.e.2,Flexibility of Closure,IM,2.5,8,0.189,2.1296,2.8704,N,,08/2023,Analyst
11-3111.00,1.A.1.e.2,Flexibility of Closure,LV,2.38,8,0.183,2.0164,2.7336,N,N,08/2023,Analyst
11-3111.00,1.A.1.e.3,Perceptual Speed,IM,2.25,8,0.1637,1.9292,2.5708,N,,08/2023,Analyst
11-3111.00,1.A.1.e.3,Perceptual Speed,LV,2.12,8,0.125,1.88,2.37,N,N,08/2023,Analyst
11-3111.00,1.A.1.f.1,Spatial Orientation,IM,1.0,8,0.0,1.0,1.0,N,,08/2023,Analyst
11-3111.00,1.A.1.f.1,Spatial Orientation,LV,0.0,8,0.0,0.0,0.0,N,Y,08/2023,Analyst
11-3111.00,1.A.1.f.2,Visualization,IM,2.0,8,0.189,1.6296,2.3704,N,,08/2023,Analyst
11-3111.00,1.A.1.f.2,Visualization,LV,1.62,8,0.3239,0.9902,2.2598,N,N,08/2023,Analyst
11-3111.00,1.A.1.g.1,Selective Attention,IM,2.75,8,0.1637,2.4292,3.0708,N,,08/2023,Analyst
11-3111.00,1.A.1.g.1,Selective Attention,LV,2.0,8,0.0,2.0,2.0,N,N,08/2023,Analyst
11-3111.00,1.A.1.g.2,Time Sharing,IM,2.12,8,0.125,1.88,2.37,N,,08/2023,Analyst
11-3111.00,1.A.1.g.2,Time Sharing,LV,2.0,8,0.0,2.0,2.0,N,N,08/2023,Analyst
11-3111.00,1.A.2.a.1,Arm-Hand Steadiness,IM,1.25,8,0.1637,1.0,1.5708,N,,08/2023,Analyst
11-3111.00,1.A.2.a.1,Arm-Hand Steadiness,LV,0.25,8,0.1637,0.0,0.5708,N,Y,08/2023,Analyst
11-3111.00,1.A.2.a.2,Manual Dexterity,IM,1.0,8,0.0,1.0,1.0,N,,08/2023,Analyst
11-3111.00,1.A.2.a.2,Manual Dexterity,LV,0.0,8,0.0,0.0,0.0,N,Y,08/2023,Analyst
11-3111.00,1.A.2.a.3,Finger Dexterity,IM,1.12,8,0.125,1.0,1.37,N,,08/2023,Analyst
11-3111.00,1.A.2.a.3,Finger Dexterity,LV,0.12,8,0.125,0.0,0.37,N,Y,08/2023,Analyst
11-3111.00,1.A.2.b.1,Control Precision,IM,1.0,8,0.0,1.0,1.0,N,,08/2023,Analyst
11-3111.00,1.A.2.b.1,Control Precision,LV,0.0,8,0.0,0.0,0.0,N,Y,08/2023,Analyst
11-3111.00,1.A.2.b.2,Multilimb Coordination,IM,1.0,8,0.0,1.0,1.0,N,,08/2023,Analyst
11-3111.00,1.A.2.b.2,Multilimb Coordination,LV,0.0,8,0.0,0.0,0.0,N,Y,08/2023,Analyst
11-3111.00,1.A.2.b.3,Response Orientation,IM,1.0,8,0.0,1.0,1.0,N,,08/2023,Analyst
11-3111.00,1.A.2.b.3,Response Orientation,LV,0.0,8,0.0,0.0,0.0,N,Y,08/2023,Analyst
11-3111.00,1.A.2.b.4,Rate Control,IM,1.0,8,0.0,1.0,1.0,N,,08/2023,Analyst
11-3111.00,1.A.2.b.4,Rate Control,LV,0.0,8,0.0,0.0,0.0,N,Y,08/2023,Analyst
11-3111.00,1.A.2.c.1,Reaction Time,IM,1.0,8,0.0,1.0,1.0,N,,08/2023,Analyst
11-3111.00,1.A.2.c.1,Reaction Time,LV,0.0,8,0.0,0.0,0.0,N,Y,08/2023,Analyst
11-3111.00,1.A.2.c.2,Wrist-Finger Speed,IM,1.5,8,0.189,1.1296,1.8704,N,,08/2023,Analyst
11-3111.00,1.A.2.c.2,Wrist-Finger Speed,LV,0.62,8,0.2631,0.1094,1.1406,N,N,08/2023,Analyst
11-3111.00,1.A.2.c.3,Speed of Limb Movement,IM,1.0,8,0.0,1.0,1.0,N,,08/2023,Analyst
11-3111.00,1.A.2.c.3,Speed of Limb Movement,LV,0.0,8,0.0,0.0,0.0,N,Y,08/2023,Analyst
11-3111.00,1.A.3.a.1,Static Strength,IM,1.0,8,0.0,1.0,1.0,N,,08/2023,Analyst
11-3111.00,1.A.3.a.1,Static Strength,LV,0.0,8,0.0,0.0,0.0,N,Y,08/2023,Analyst
11-3111.00,1.A.3.a.2,Explosive Strength,IM,1.0,8,0.0,1.0,1.0,N,,08/2023,Analyst
11-3111.00,1.A.3.a.2,Explosive Strength,LV,0.0,8,0.0,0.0,0.0,N,Y,08/2023,Analyst
11-3111.00,1.A.3.a.3,Dynamic Strength,IM,1.25,8,0.1637,1.0,1.5708,N,,08/2023,Analyst
11-3111.00,1.A.3.a.3,Dynamic Strength,LV,0.25,8,0.1637,0.0,0.5708,N,Y,08/2023,Analyst
11-3111.00,1.A.3.a.4,Trunk Strength,IM,1.75,8,0.1637,1.4292,2.0708,N,,08/2023,Analyst
11-3111.00,1.A.3.a.4,Trunk Strength,LV,1.25,8,0.3134,0.6358,1.8642,N,N,08/2023,Analyst
11-3111.00,1.A.3.b.1,Stamina,IM,1.0,8,0.0,1.0,1.0,N,,08/2023,Analyst
11-3111.00,1.A.3.b.1,Stamina,LV,0.0,8,0.0,0.0,0.0,N,Y,08/2023,Analyst
11-3111.00,1.A.3.c.1,Extent Flexibility,IM,1.0,8,0.0,1.0,1.0,N,,08/2023,Analyst
11-3111.00,1.A.3.c.1,Extent Flexibility,LV,0.0,8,0.0,0.0,0.0,N,Y,08/2023,Analyst
11-3111.00,1.A.3.c.2,Dynamic Flexibility,IM,1.0,8,0.0,1.0,1.0,N,,08/2023,Analyst
11-3111.00,1.A.3.c.2,Dynamic Flexibility,LV,0.0,8,0.0,0.0,0.0,N,Y,08/2023,Analyst
11-3111.00,1.A.3.c.3,Gross Body Coordination,IM,1.0,8,0.0,1.0,1.0,N,,08/2023,Analyst
11-3111.00,1.A.3.c.3,Gross Body Coordination,LV,0.0,8,0.0,0.0,0.0,N,Y,08/2023,Analyst
11-3111.00,1.A.3.c.4,Gross Body Equilibrium,IM,1.0,8,0.0,1.0,1.0,N,,08/2023,Analyst
11-3111.00,1.A.3.c.4,Gross Body Equilibrium,LV,0.0,8,0.0,0.0,0.0,N,Y,08/2023,Analyst
11-3111.00,1.A.4.a.1,Near Vision,IM,3.5,8,0.189,3.1296,3.8704,N,,08/2023,Analyst
11-3111.00,1.A.4.a.1,Near Vision,LV,3.38,8,0.183,3.0164,3.7336,N,N,08/2023,Analyst
11-3111.00,1.A.4.a.2,Far Vision,IM,2.12,8,0.125,1.88,2.37,N,,08/2023,Analyst
11-3111.00,1.A.4.a.2,Far Vision,LV,2.12,8,0.125,1.88,2.37,N,N,08/2023,Analyst
11-3111.00,1.A.4.a.3,Visual Color Discrimination,IM,1.75,8,0.1637,1.4292,2.0708,N,,08/2023,Analyst
11-3111.00,1.A.4.a.3,Visual Color Discrimination,LV,0.88,8,0.2266,0.4309,1.3191,N,N,08/2023,Analyst
11-3111.00,1.A.4.a.4,Night Vision,IM,1.0,8,0.0,1.0,1.0,N,,08/2023,Analyst
11-3111.00,1.A.4.a.4,Night Vision,LV,0.0,8,0.0,0.0,0.0,N,Y,08/2023,Analyst
11-3111.00,1.A.4.a.5,Peripheral Vision,IM,1.0,8,0.0,1.0,1.0,N,,08/2023,Analyst
11-3111.00,1.A.4.a.5,Peripheral Vision,LV,0.0,8,0.0,0.0,0.0,N,Y,08/2023,Analyst
11-3111.00,1.A.4.a.6,Depth Perception,IM,1.0,8,0.0,1.0,1.0,N,,08/2023,Analyst
11-3111.00,1.A.4.a.6,Depth Perception,LV,0.0,8,0.0,0.0,0.0,N,Y,08/2023,Analyst
11-3111.00,1.A.4.a.7,Glare Sensitivity,IM,1.0,8,0.0,1.0,1.0,N,,08/2023,Analyst
11-3111.00,1.A.4.a.7,Glare Sensitivity,LV,0.0,8,0.0,0.0,0.0,N,Y,08/2023,Analyst
11-3111.00,1.A.4.b.1,Hearing Sensitivity,IM,1.62,8,0.183,1.2664,1.9836,N,,08/2023,Analyst
11-3111.00,1.A.4.b.1,Hearing Sensitivity,LV,0.62,8,0.183,0.2664,0.9836,N,N,08/2023,Analyst
11-3111.00,1.A.4.b.2,Auditory Attention,IM,1.88,8,0.125,1.63,2.12,N,,08/2023,Analyst
11-3111.00,1.A.4.b.2,Auditory Attention,LV,1.0,8,0.189,0.6296,1.3704,N,N,08/2023,Analyst
11-3111.00,1.A.4.b.3,Sound Localization,IM,1.0,8,0.0,1.0,1.0,N,,08/2023,Analyst
11-3111.00,1.A.4.b.3,Sound Localization,LV,0.0,8,0.0,0.0,0.0,N,Y,08/2023,Analyst
11-3111.00,1.A.4.b.4,Speech Recognition,IM,3.62,8,0.183,3.2664,3.9836,N,,08/2023,Analyst
11-3111.00,1.A.4.b.4,Speech Recognition,LV,3.62,8,0.183,3.2664,3.9836,N,N,08/2023,Analyst
11-3111.00,1.A.4.b.5,Speech Clarity,IM,3.75,8,0.1637,3.4292,4.0708,N,,08/2023,Analyst
11-3111.00,1.A.4.b.5,Speech Clarity,LV,3.88,8,0.2266,3.4309,4.3191,N,N,08/2023,Analyst
11-3121.00,1.A.1.a.1,Oral Comprehension,IM,4.25,8,0.1637,3.9292,4.5708,N,,08/2018,Analyst
11-3121.00,1.A.1.a.1,Oral Comprehension,LV,4.25,8,0.1637,3.9292,4.5708,N,N,08/2018,Analyst
11-3121.00,1.A.1.a.2,Written Comprehension,IM,4.12,8,0.125,3.88,4.37,N,,08/2018,Analyst
11-3121.00,1.A.1.a.2,Written Comprehension,LV,4.25,8,0.1637,3.9292,4.5708,N,N,08/2018,Analyst
11-3121.00,1.A.1.a.3,Oral Expression,IM,4.25,8,0.1637,3.9292,4.5708,N,,08/2018,Analyst
11-3121.00,1.A.1.a.3,Oral Expression,LV,4.12,8,0.125,3.88,4.37,N,N,08/2018,Analyst
11-3121.00,1.A.1.a.4,Written Expression,IM,4.0,8,0.0,4.0,4.0,N,,08/2018,Analyst
11-3121.00,1.A.1.a.4,Written Expression,LV,4.0,8,0.0,4.0,4.0,N,N,08/2018,Analyst
11-3121.00,1.A.1.b.1,Fluency of Ideas,IM,3.5,8,0.189,3.1296,3.8704,N,,08/2018,Analyst
11-3121.00,1.A.1.b.1,Fluency of Ideas,LV,4.0,8,0.0,4.0,4.0,N,N,08/2018,Analyst
11-3121.00,1.A.1.b.2,Originality,IM,3.38,8,0.183,3.0164,3.7336,N,,08/2018,Analyst
11-3121.00,1.A.1.b.2,Originality,LV,3.88,8,0.125,3.63,4.12,N,N,08/2018,Analyst
11-3121.00,1.A.1.b.3,Problem Sensitivity,IM,3.88,8,0.125,3.63,4.12,N,,08/2018,Analyst
11-3121.00,1.A.1.b.3,Problem Sensitivity,LV,4.0,8,0.0,4.0,4.0,N,N,08/2018,Analyst
11-3121.00,1.A.1.b.4,Deductive Reasoning,IM,4.0,8,0.189,3.6296,4.3704,N,,08/2018,Analyst
11-3121.00,1.A.1.b.4,Deductive Reasoning,LV,4.12,8,0.125,3.88,4.37,N,N,08/2018,Analyst
11-3121.00,1.A.1.b.5,Inductive Reasoning,IM,3.88,8,0.125,3.63,4.12,N,,08/2018,Analyst
11-3121.00,1.A.1.b.5,Inductive Reasoning,LV,4.0,8,0.189,3.6296,4.3704,N,N,08/2018,Analyst
11-3121.00,1.A.1.b.6,Information Ordering,IM,3.38,8,0.183,3.0164,3.7336,N,,08/2018,Analyst
11-3121.00,1.A.1.b.6,Information Ordering,LV,3.38,8,0.183,3.0164,3.7336,N,N,08/2018,Analyst
11-3121.00,1.A.1.b.7,Category Flexibility,IM,3.38,8,0.183,3.0164,3.7336,N,,08/2018,Analyst
11-3121.00,1.A.1.b.7,Category Flexibility,LV,3.75,8,0.1637,3.4292,4.0708,N,N,08/2018,Analyst
11-3121.00,1.A.1.c.1,Mathematical Reasoning,IM,3.0,8,0.0,3.0,3.0,N,,08/2018,Analyst
11-3121.00,1.A.1.c.1,Mathematical Reasoning,LV,3.5,8,0.189,3.1296,3.8704,N,N,08/2018,Analyst
11-3121.00,1.A.1.c.2,Number Facility,IM,3.0,8,0.0,3.0,3.0,N,,08/2018,Analyst
11-3121.00,1.A.1.c.2,Number Facility,LV,3.38,8,0.183,3.0164,3.7336,N,N,08/2018,Analyst
11-3121.00,1.A.1.d.1,Memorization,IM,2.88,8,0.125,2.63,3.12,N,,08/2018,Analyst
11-3121.00,1.A.1.d.1,Memorization,LV,3.0,8,0.0,3.0,3.0,N,N,08/2018,Analyst
11-3121.00,1.A.1.e.1,Speed of Closure,IM,3.0,8,0.0,3.0,3.0,N,,08/2018,Analyst
11-3121.00,1.A.1.e.1,Speed of Closure,LV,3.0,8,0.0,3.0,3.0,N,N,08/2018,Analyst
11-3121.00,1.A.1.e.2,Flexibility of Closure,IM,2.75,8,0.1637,2.4292,3.0708,N,,08/2018,Analyst
11-3121.00,1.A.1.e.2,Flexibility of Closure,LV,2.88,8,0.125,2.63,3.12,N,N,08/2018,Analyst
11-3121.00,1.A.1.e.3,Perceptual Speed,IM,2.62,8,0.183,2.2664,2.9836,N,,08/2018,Analyst
11-3121.00,1.A.1.e.3,Perceptual Speed,LV,2.75,8,0.1637,2.4292,3.0708,N,N,08/2018,Analyst
11-3121.00,1.A.1.f.1,Spatial Orientation,IM,1.0,8,0.0,1.0,1.0,N,,08/2018,Analyst
11-3121.00,1.A.1.f.1,Spatial Orientation,LV,0.0,8,0.0,0.0,0.0,N,Y,08/2018,Analyst
11-3121.00,1.A.1.f.2,Visualization,IM,2.38,8,0.183,2.0164,2.7336,N,,08/2018,Analyst
11-3121.00,1.A.1.f.2,Visualization,LV,2.5,8,0.189,2.1296,2.8704,N,N,08/2018,Analyst
11-3121.00,1.A.1.g.1,Selective Attention,IM,3.12,8,0.125,2.88,3.37,N,,08/2018,Analyst
11-3121.00,1.A.1.g.1,Selective Attention,LV,2.75,8,0.1637,2.4292,3.0708,N,N,08/2018,Analyst
11-3121.00,1.A.1.g.2,Time Sharing,IM,2.62,8,0.183,2.2664,2.9836,N,,08/2018,Analyst
11-3121.00,1.A.1.g.2,Time Sharing,LV,2.38,8,0.183,2.0164,2.7336,N,N,08/2018,Analyst
11-3121.00,1.A.2.a.1,Arm-Hand Steadiness,IM,1.5,8,0.189,1.1296,1.8704,N,,08/2018,Analyst
11-3121.00,1.A.2.a.1,Arm-Hand Steadiness,LV,0.5,8,0.189,0.1296,0.8704,N,N,08/2018,Analyst
11-3121.00,1.A.2.a.2,Manual Dexterity,IM,1.38,8,0.183,1.0164,1.7336,N,,08/2018,Analyst
11-3121.00,1.A.2.a.2,Manual Dexterity,LV,0.38,8,0.183,0.0164,0.7336,N,N,08/2018,Analyst
11-3121.00,1.A.2.a.3,Finger Dexterity,IM,2.0,8,0.0,2.0,2.0,N,,08/2018,Analyst
11-3121.00,1.A.2.a.3,Finger Dexterity,LV,1.88,8,0.125,1.63,2.12,N,N,08/2018,Analyst
11-3121.00,1.A.2.b.1,Control Precision,IM,1.25,8,0.1637,1.0,1.5708,N,,08/2018,Analyst
11-3121.00,1.A.2.b.1,Control Precision,LV,0.25,8,0.1637,0.0,0.5708,N,Y,08/2018,Analyst
11-3121.00,1.A.2.b.2,Multilimb Coordination,IM,1.0,8,0.0,1.0,1.0,N,,08/2018,Analyst
11-3121.00,1.A.2.b.2,Multilimb Coordination,LV,0.0,8,0.0,0.0,0.0,N,Y,08/2018,Analyst
11-3121.00,1.A.2.b.3,Response Orientation,IM,1.0,8,0.0,1.0,1.0,N,,08/2018,Analyst
11-3121.00,1.A.2.b.3,Response Orientation,LV,0.0,8,0.0,0.0,0.0,N,Y,08/2018,Analyst
11-3121.00,1.A.2.b.4,Rate Control,IM,1.0,8,0.0,1.0,1.0,N,,08/2018,Analyst
11-3121.00,1.A.2.b.4,Rate Control,LV,0.0,8,0.0,0.0,0.0,N,Y,08/2018,Analyst
11-3121.00,1.A.2.c.1,Reaction Time,IM,1.0,8,0.0,1.0,1.0,N,,08/2018,Analyst
11-3121.00,1.A.2.c.1,Reaction Time,LV,0.0,8,0.0,0.0,0.0,N,Y,08/2018,Analyst
11-3121.00,1.A.2.c.2,Wrist-Finger Speed,IM,1.75,8,0.1637,1.4292,2.0708,N,,08/2018,Analyst
11-3121.00,1.A.2.c.2,Wrist-Finger Speed,LV,0.88,8,0.2266,0.4309,1.3191,N,N,08/2018,Analyst
11-3121.00,1.A.2.c.3,Speed of Limb Movement,IM,1.0,8,0.0,1.0,1.0,N,,08/2018,Analyst
11-3121.00,1.A.2.c.3,Speed of Limb Movement,LV,0.0,8,0.0,0.0,0.0,N,Y,08/2018,Analyst
11-3121.00,1.A.3.a.1,Static Strength,IM,1.0,8,0.0,1.0,1.0,N,,08/2018,Analyst
11-3121.00,1.A.3.a.1,Static Strength,LV,0.0,8,0.0,0.0,0.0,N,Y,08/2018,Analyst
11-3121.00,1.A.3.a.2,Explosive Strength,IM,1.0,8,0.0,1.0,1.0,N,,08/2018,Analyst
11-3121.00,1.A.3.a.2,Explosive Strength,LV,0.0,8,0.0,0.0,0.0,N,Y,08/2018,Analyst
11-3121.00,1.A.3.a.3,Dynamic Strength,IM,1.38,8,0.183,1.0164,1.7336,N,,08/2018,Analyst
11-3121.00,1.A.3.a.3,Dynamic Strength,LV,0.38,8,0.183,0.0164,0.7336,N,N,08/2018,Analyst
11-3121.00,1.A.3.a.4,Trunk Strength,IM,1.62,8,0.183,1.2664,1.9836,N,,08/2018,Analyst
11-3121.00,1.A.3.a.4,Trunk Strength,LV,1.0,8,0.3273,0.3584,1.6416,N,N,08/2018,Analyst
11-3121.00,1.A.3.b.1,Stamina,IM,1.0,8,0.0,1.0,1.0,N,,08/2018,Analyst
11-3121.00,1.A.3.b.1,Stamina,LV,0.0,8,0.0,0.0,0.0,N,Y,08/2018,Analyst
11-3121.00,1.A.3.c.1,Extent Flexibility,IM,1.0,8,0.0,1.0,1.0,N,,08/2018,Analyst
11-3121.00,1.A.3.c.1,Extent Flexibility,LV,0.0,8,0.0,0.0,0.0,N,Y,08/2018,Analyst
11-3121.00,1.A.3.c.2,Dynamic Flexibility,IM,1.0,8,0.0,1.0,1.0,N,,08/2018,Analyst
11-3121.00,1.A.3.c.2,Dynamic Flexibility,LV,0.0,8,0.0,0.0,0.0,N,Y,08/2018,Analyst
11-3121.00,1.A.3.c.3,Gross Body Coordination,IM,1.0,8,0.0,1.0,1.0,N,,08/2018,Analyst
11-3121.00,1.A.3.c.3,Gross Body Coordination,LV,0.0,8,0.0,0.0,0.0,N,Y,08/2018,Analyst
11-3121.00,1.A.3.c.4,Gross Body Equilibrium,IM,1.0,8,0.0,1.0,1.0,N,,08/2018,Analyst
11-3121.00,1.A.3.c.4,Gross Body Equilibrium,LV,0.0,8,0.0,0.0,0.0,N,Y,08/2018,Analyst
11-3121.00,1.A.4.a.1,Near Vision,IM,3.75,8,0.1637,3.4292,4.0708,N,,08/2018,Analyst
11-3121.00,1.A.4.a.1,Near Vision,LV,4.0,8,0.189,3.6296,4.3704,N,N,08/2018,Analyst
11-3121.00,1.A.4.a.2,Far Vision,IM,2.75,8,0.1637,2.4292,3.0708,N,,08/2018,Analyst
11-3121.00,1.A.4.a.2,Far Vision,LV,2.75,8,0.1637,2.4292,3.0708,N,N,08/2018,Analyst
11-3121.00,1.A.4.a.3,Visual Color Discrimination,IM,1.75,8,0.1637,1.4292,2.0708,N,,08/2018,Analyst
11-3121.00,1.A.4.a.3,Visual Color Discrimination,LV,1.38,8,0.3239,0.7402,2.0098,N,N,08/2018,Analyst
11-3121.00,1.A.4.a.4,Night Vision,IM,1.0,8,0.0,1.0,1.0,N,,08/2018,Analyst
11-3121.00,1.A.4.a.4,Night Vision,LV,0.0,8,0.0,0.0,0.0,N,Y,08/2018,Analyst
11-3121.00,1.A.4.a.5,Peripheral Vision,IM,1.0,8,0.0,1.0,1.0,N,,08/2018,Analyst
11-3121.00,1.A.4.a.5,Peripheral Vision,LV,0.0,8,0.0,0.0,0.0,N,Y,08/2018,Analyst
11-3121.00,1.A.4.a.6,Depth Perception,IM,1.75,8,0.1637,1.4292,2.0708,N,,08/2018,Analyst
11-3121.00,1.A.4.a.6,Depth Perception,LV,0.75,8,0.1637,0.4292,1.0708,N,N,08/2018,Analyst
11-3121.00,1.A.4.a.7,Glare Sensitivity,IM,1.12,8,0.125,1.0,1.37,N,,08/2018,Analyst
11-3121.00,1.A.4.a.7,Glare Sensitivity,LV,0.12,8,0.125,0.0,0.37,N,Y,08/2018,Analyst
11-3121.00,1.A.4.b.1,Hearing Sensitivity,IM,1.75,8,0.1637,1.4292,2.0708,N,,08/2018,Analyst
11-3121.00,1.A.4.b.1,Hearing Sensitivity,LV,1.38,8,0.3239,0.7402,2.0098,N,N,08/2018,Analyst
11-3121.00,1.A.4.b.2,Auditory Attention,IM,2.0,8,0.189,1.6296,2.3704,N,,08/2018,Analyst
11-3121.00,1.A.4.b.2,Auditory Attention,LV,1.62,8,0.2631,1.1094,2.1406,N,N,08/2018,Analyst
11-3121.00,1.A.4.b.3,Sound Localization,IM,1.0,8,0.0,1.0,1.0,N,,08/2018,Analyst
11-3121.00,1.A.4.b.3,Sound Localization,LV,0.0,8,0.0,0.0,0.0,N,Y,08/2018,Analyst
11-3121.00,1.A.4.b.4,Speech Recognition,IM,4.0,8,0.0,4.0,4.0,N,,08/2018,Analyst
11-3121.00,1.A.4.b.4,Speech Recognition,LV,4.62,8,0.183,4.2664,4.9836,N,N,08/2018,Analyst
11-3121.00,1.A.4.b.5,Speech Clarity,IM,4.0,8,0.0,4.0,4.0,N,,08/2018,Analyst
11-3121.00,1.A.4.b.5,Speech Clarity,LV,4.12,8,0.125,3.88,4.37,N,N,08/2018,Analyst
11-3131.00,1.A.1.a.1,Oral Comprehension,IM,3.88,8,0.125,3.63,4.12,N,,08/2024,Analyst
11-3131.00,1.A.1.a.1,Oral Comprehension,LV,4.25,8,0.1637,3.9292,4.5708,N,N,08/2024,Analyst
11-3131.00,1.A.1.a.2,Written Comprehension,IM,3.88,8,0.125,3.63,4.12,N,,08/2024,Analyst
11-3131.00,1.A.1.a.2,Written Comprehension,LV,4.0,8,0.0,4.0,4.0,N,N,08/2024,Analyst
11-3131.00,1.A.1.a.3,Oral Expression,IM,4.0,8,0.189,3.6296,4.3704,N,,08/2024,Analyst
11-3131.00,1.A.1.a.3,Oral Expression,LV,4.75,8,0.1637,4.4292,5.0708,N,N,08/2024,Analyst
11-3131.00,1.A.1.a.4,Written Expression,IM,3.88,8,0.125,3.63,4.12,N,,08/2024,Analyst
11-3131.00,1.A.1.a.4,Written Expression,LV,4.75,8,0.1637,4.4292,5.0708,N,N,08/2024,Analyst
11-3131.00,1.A.1.b.1,Fluency of Ideas,IM,3.88,8,0.125,3.63,4.12,N,,08/2024,Analyst
11-3131.00,1.A.1.b.1,Fluency of Ideas,LV,4.0,8,0.0,4.0,4.0,N,N,08/2024,Analyst
11-3131.00,1.A.1.b.2,Originality,IM,3.75,8,0.1637,3.4292,4.0708,N,,08/2024,Analyst
11-3131.00,1.A.1.b.2,Originality,LV,3.88,8,0.125,3.63,4.12,N,N,08/2024,Analyst
11-3131.00,1.A.1.b.3,Problem Sensitivity,IM,3.75,8,0.1637,3.4292,4.0708,N,,08/2024,Analyst
11-3131.00,1.A.1.b.3,Problem Sensitivity,LV,4.0,8,0.0,4.0,4.0,N,N,08/2024,Analyst
11-3131.00,1.A.1.b.4,Deductive Reasoning,IM,3.88,8,0.125,3.63,4.12,N,,08/2024,Analyst
11-3131.00,1.A.1.b.4,Deductive Reasoning,LV,3.88,8,0.125,3.63,4.12,N,N,08/2024,Analyst
11-3131.00,1.A.1.b.5,Inductive Reasoning,IM,3.75,8,0.1637,3.4292,4.0708,N,,08/2024,Analyst
11-3131.00,1.A.1.b.5,Inductive Reasoning,LV,3.88,8,0.125,3.63,4.12,N,N,08/2024,Analyst
11-3131.00,1.A.1.b.6,Information Ordering,IM,3.75,8,0.1637,3.4292,4.0708,N,,08/2024,Analyst
11-3131.00,1.A.1.b.6,Information Ordering,LV,3.88,8,0.125,3.63,4.12,N,N,08/2024,Analyst
11-3131.00,1.A.1.b.7,Category Flexibility,IM,3.62,8,0.183,3.2664,3.9836,N,,08/2024,Analyst
11-3131.00,1.A.1.b.7,Category Flexibility,LV,3.75,8,0.1637,3.4292,4.0708,N,N,08/2024,Analyst
11-3131.00,1.A.1.c.1,Mathematical Reasoning,IM,2.62,8,0.183,2.2664,2.9836,N,,08/2024,Analyst
11-3131.00,1.A.1.c.1,Mathematical Reasoning,LV,2.75,8,0.1637,2.4292,3.0708,N,N,08/2024,Analyst
11-3131.00,1.A.1.c.2,Number Facility,IM,2.5,8,0.189,2.1296,2.8704,N,,08/2024,Analyst
11-3131.00,1.A.1.c.2,Number Facility,LV,2.62,8,0.183,2.2664,2.9836,N,N,08/2024,Analyst
11-3131.00,1.A.1.d.1,Memorization,IM,2.88,8,0.125,2.63,3.12,N,,08/2024,Analyst
11-3131.00,1.A.1.d.1,Memorization,LV,3.0,8,0.189,2.6296,3.3704,N,N,08/2024,Analyst
11-3131.00,1.A.1.e.1,Speed of Closure,IM,2.88,8,0.125,2.63,3.12,N,,08/2024,Analyst
11-3131.00,1.A.1.e.1,Speed of Closure,LV,2.88,8,0.125,2.63,3.12,N,N,08/2024,Analyst
11-3131.00,1.A.1.e.2,Flexibility of Closure,IM,2.75,8,0.1637,2.4292,3.0708,N,,08/2024,Analyst
11-3131.00,1.A.1.e.2,Flexibility of Closure,LV,2.88,8,0.125,2.63,3.12,N,N,08/2024,Analyst
11-3131.00,1.A.1.e.3,Perceptual Speed,IM,2.75,8,0.1637,2.4292,3.0708,N,,08/2024,Analyst
11-3131.00,1.A.1.e.3,Perceptual Speed,LV,2.88,8,0.125,2.63,3.12,N,N,08/2024,Analyst
11-3131.00,1.A.1.f.1,Spatial Orientation,IM,1.0,8,0.0,1.0,1.0,N,,08/2024,Analyst
11-3131.00,1.A.1.f.1,Spatial Orientation,LV,0.0,8,0.0,0.0,0.0,N,Y,08/2024,Analyst
11-3131.00,1.A.1.f.2,Visualization,IM,2.62,8,0.183,2.2664,2.9836,N,,08/2024,Analyst
11-3131.00,1.A.1.f.2,Visualization,LV,2.62,8,0.183,2.2664,2.9836,N,N,08/2024,Analyst
11-3131.00,1.A.1.g.1,Selective Attention,IM,2.75,8,0.1637,2.4292,3.0708,N,,08/2024,Analyst
11-3131.00,1.A.1.g.1,Selective Attention,LV,2.88,8,0.125,2.63,3.12,N,N,08/2024,Analyst
11-3131.00,1.A.1.g.2,Time Sharing,IM,2.62,8,0.183,2.2664,2.9836,N,,08/2024,Analyst
11-3131.00,1.A.1.g.2,Time Sharing,LV,2.38,8,0.183,2.0164,2.7336,N,N,08/2024,Analyst
11-3131.00,1.A.2.a.1,Arm-Hand Steadiness,IM,1.5,8,0.189,1.1296,1.8704,N,,08/2024,Analyst
11-3131.00,1.A.2.a.1,Arm-Hand Steadiness,LV,0.5,8,0.189,0.1296,0.8704,N,N,08/2024,Analyst
11-3131.00,1.A.2.a.2,Manual Dexterity,IM,1.62,8,0.183,1.2664,1.9836,N,,08/2024,Analyst
11-3131.00,1.A.2.a.2,Manual Dexterity,LV,0.62,8,0.183,0.2664,0.9836,N,N,08/2024,Analyst
11-3131.00,1.A.2.a.3,Finger Dexterity,IM,1.75,8,0.1637,1.4292,2.0708,N,,08/2024,Analyst
11-3131.00,1.A.2.a.3,Finger Dexterity,LV,1.12,8,0.295,0.5467,1.7033,N,N,08/2024,Analyst
11-3131.00,1.A.2.b.1,Control Precision,IM,1.25,8,0.1637,1.0,1.5708,N,,08/2024,Analyst
11-3131.00,1.A.2.b.1,Control Precision,LV,0.25,8,0.1637,0.0,0.5708,N,Y,08/2024,Analyst
11-3131.00,1.A.2.b.2,Multilimb Coordination,IM,1.0,8,0.0,1.0,1.0,N,,08/2024,Analyst
11-3131.00,1.A.2.b.2,Multilimb Coordination,LV,0.0,8,0.0,0.0,0.0,N,Y,08/2024,Analyst
11-3131.00,1.A.2.b.3,Response Orientation,IM,1.0,8,0.0,1.0,1.0,N,,08/2024,Analyst
11-3131.00,1.A.2.b.3,Response Orientation,LV,0.0,8,0.0,0.0,0.0,N,Y,08/2024,Analyst
11-3131.00,1.A.2.b.4,Rate Control,IM,1.0,8,0.0,1.0,1.0,N,,08/2024,Analyst
11-3131.00,1.A.2.b.4,Rate Control,LV,0.0,8,0.0,0.0,0.0,N,Y,08/2024,Analyst
11-3131.00,1.A.2.c.1,Reaction Time,IM,1.0,8,0.0,1.0,1.0,N,,08/2024,Analyst
11-3131.00,1.A.2.c.1,Reaction Time,LV,0.0,8,0.0,0.0,0.0,N,Y,08/2024,Analyst
11-3131.00,1.A.2.c.2,Wrist-Finger Speed,IM,1.5,8,0.189,1.1296,1.8704,N,,08/2024,Analyst
11-3131.00,1.A.2.c.2,Wrist-Finger Speed,LV,0.5,8,0.189,0.1296,0.8704,N,N,08/2024,Analyst
11-3131.00,1.A.2.c.3,Speed of Limb Movement,IM,1.0,8,0.0,1.0,1.0,N,,08/2024,Analyst
11-3131.00,1.A.2.c.3,Speed of Limb Movement,LV,0.0,8,0.0,0.0,0.0,N,Y,08/2024,Analyst
11-3131.00,1.A.3.a.1,Static Strength,IM,1.0,8,0.0,1.0,1.0,N,,08/2024,Analyst
11-3131.00,1.A.3.a.1,Static Strength,LV,0.0,8,0.0,0.0,0.0,N,Y,08/2024,Analyst
11-3131.00,1.A.3.a.2,Explosive Strength,IM,1.0,8,0.0,1.0,1.0,N,,08/2024,Analyst
11-3131.00,1.A.3.a.2,Explosive Strength,LV,0.0,8,0.0,0.0,0.0,N,Y,08/2024,Analyst
11-3131.00,1.A.3.a.3,Dynamic Strength,IM,1.38,8,0.183,1.0164,1.7336,N,,08/2024,Analyst
11-3131.00,1.A.3.a.3,Dynamic Strength,LV,0.38,8,0.183,0.0164,0.7336,N,N,08/2024,Analyst
11-3131.00,1.A.3.a.4,Trunk Strength,IM,1.75,8,0.1637,1.4292,2.0708,N,,08/2024,Analyst
11-3131.00,1.A.3.a.4,Trunk Strength,LV,1.25,8,0.3134,0.6358,1.8642,N,N,08/2024,Analyst
11-3131.00,1.A.3.b.1,Stamina,IM,1.12,8,0.125,1.0,1.37,N,,08/2024,Analyst
11-3131.00,1.A.3.b.1,Stamina,LV,0.12,8,0.125,0.0,0.37,N,Y,08/2024,Analyst
11-3131.00,1.A.3.c.1,Extent Flexibility,IM,1.0,8,0.0,1.0,1.0,N,,08/2024,Analyst
11-3131.00,1.A.3.c.1,Extent Flexibility,LV,0.0,8,0.0,0.0,0.0,N,Y,08/2024,Analyst
11-3131.00,1.A.3.c.2,Dynamic Flexibility,IM,1.0,8,0.0,1.0,1.0,N,,08/2024,Analyst
11-3131.00,1.A.3.c.2,Dynamic Flexibility,LV,0.0,8,0.0,0.0,0.0,N,Y,08/2024,Analyst
11-3131.00,1.A.3.c.3,Gross Body Coordination,IM,1.0,8,0.0,1.0,1.0,N,,08/2024,Analyst
11-3131.00,1.A.3.c.3,Gross Body Coordination,LV,0.0,8,0.0,0.0,0.0,N,Y,08/2024,Analyst
11-3131.00,1.A.3.c.4,Gross Body Equilibrium,IM,1.0,8,0.0,1.0,1.0,N,,08/2024,Analyst
11-3131.00,1.A.3.c.4,Gross Body Equilibrium,LV,0.0,8,0.0,0.0,0.0,N,Y,08/2024,Analyst
11-3131.00,1.A.4.a.1,Near Vision,IM,3.75,8,0.1637,3.4292,4.0708,N,,08/2024,Analyst
11-3131.00,1.A.4.a.1,Near Vision,LV,3.75,8,0.1637,3.4292,4.0708,N,N,08/2024,Analyst
11-3131.00,1.A.4.a.2,Far Vision,IM,2.88,8,0.125,2.63,3.12,N,,08/2024,Analyst
11-3131.00,1.A.4.a.2,Far Vision,LV,3.5,8,0.2673,2.9762,4.0238,N,N,08/2024,Analyst
11-3131.00,1.A.4.a.3,Visual Color Discrimination,IM,2.12,8,0.125,1.88,2.37,N,,08/2024,Analyst
11-3131.00,1.A.4.a.3,Visual Color Discrimination,LV,2.0,8,0.189,1.6296,2.3704,N,N,08/2024,Analyst
11-3131.00,1.A.4.a.4,Night Vision,IM,1.0,8,0.0,1.0,1.0,N,,08/2024,Analyst
11-3131.00,1.A.4.a.4,Night Vision,LV,0.0,8,0.0,0.0,0.0,N,Y,08/2024,Analyst
11-3131.00,1.A.4.a.5,Peripheral Vision,IM,1.0,8,0.0,1.0,1.0,N,,08/2024,Analyst
11-3131.00,1.A.4.a.5,Peripheral Vision,LV,0.0,8,0.0,0.0,0.0,N,Y,08/2024,Analyst
11-3131.00,1.A.4.a.6,Depth Perception,IM,1.5,8,0.189,1.1296,1.8704,N,,08/2024,Analyst
11-3131.00,1.A.4.a.6,Depth Perception,LV,0.62,8,0.2631,0.1094,1.1406,N,N,08/2024,Analyst
11-3131.00,1.A.4.a.7,Glare Sensitivity,IM,1.0,8,0.0,1.0,1.0,N,,08/2024,Analyst
11-3131.00,1.A.4.a.7,Glare Sensitivity,LV,0.0,8,0.0,0.0,0.0,N,Y,08/2024,Analyst
11-3131.00,1.A.4.b.1,Hearing Sensitivity,IM,1.75,8,0.1637,1.4292,2.0708,N,,08/2024,Analyst
11-3131.00,1.A.4.b.1,Hearing Sensitivity,LV,1.25,8,0.3134,0.6358,1.8642,N,N,08/2024,Analyst
11-3131.00,1.A.4.b.2,Auditory Attention,IM,2.12,8,0.125,1.88,2.37,N,,08/2024,Analyst
11-3131.00,1.A.4.b.2,Auditory Attention,LV,1.75,8,0.1637,1.4292,2.0708,N,N,08/2024,Analyst
11-3131.00,1.A.4.b.3,Sound Localization,IM,1.0,8,0.0,1.0,1.0,N,,08/2024,Analyst
11-3131.00,1.A.4.b.3,Sound Localization,LV,0.0,8,0.0,0.0,0.0,N,Y,08/2024,Analyst
11-3131.00,1.A.4.b.4,Speech Recognition,IM,3.88,8,0.125,3.63,4.12,N,,08/2024,Analyst
11-3131.00,1.A.4.b.4,Speech Recognition,LV,3.88,8,0.125,3.63,4.12,N,N,08/2024,Analyst
11-3131.00,1.A.4.b.5,Speech Clarity,IM,3.88,8,0.125,3.63,4.12,N,,08/2024,Analyst
11-3131.00,1.A.4.b.5,Speech Clarity,LV,4.88,8,0.125,4.63,5.12,N,N,08/2024,Analyst
11-9013.00,1.A.1.a.1,Oral Comprehension,IM,3.88,8,0.125,3.63,4.12,N,,08/2024,Analyst
11-9013.00,1.A.1.a.1,Oral Comprehension,LV,4.12,8,0.125,3.88,4.37,N,N,08/2024,Analyst
11-9013.00,1.A.1.a.2,Written Comprehension,IM,3.75,8,0.1637,3.4292,4.0708,N,,08/2024,Analyst
11-9013.00,1.A.1.a.2,Written Comprehension,LV,4.0,8,0.0,4.0,4.0,N,N,08/2024,Analyst
11-9013.00,1.A.1.a.3,Oral Expression,IM,3.88,8,0.125,3.63,4.12,N,,08/2024,Analyst
11-9013.00,1.A.1.a.3,Oral Expression,LV,4.12,8,0.2266,3.6809,4.5691,N,N,08/2024,Analyst
11-9013.00,1.A.1.a.4,Written Expression,IM,3.62,8,0.183,3.2664,3.9836,N,,08/2024,Analyst
11-9013.00,1.A.1.a.4,Written Expression,LV,3.88,8,0.125,3.63,4.12,N,N,08/2024,Analyst
11-9013.00,1.A.1.b.1,Fluency of Ideas,IM,3.38,8,0.183,3.0164,3.7336,N,,08/2024,Analyst
11-9013.00,1.A.1.b.1,Fluency of Ideas,LV,3.62,8,0.2631,3.1094,4.1406,N,N,08/2024,Analyst
11-9013.00,1.A.1.b.2,Originality,IM,3.25,8,0.1637,2.9292,3.5708,N,,08/2024,Analyst
11-9013.00,1.A.1.b.2,Originality,LV,3.62,8,0.183,3.2664,3.9836,N,N,08/2024,Analyst
11-9013.00,1.A.1.b.3,Problem Sensitivity,IM,3.88,8,0.125,3.63,4.12,N,,08/2024,Analyst
11-9013.00,1.A.1.b.3,Problem Sensitivity,LV,4.12,8,0.2266,3.6809,4.5691,N,N,08/2024,Analyst
11-9013.00,1.A.1.b.4,Deductive Reasoning,IM,3.88,8,0.125,3.63,4.12,N,,08/2024,Analyst
11-9013.00,1.A.1.b.4,Deductive Reasoning,LV,4.12,8,0.2266,3.6809,4.5691,N,N,08/2024,Analyst
11-9013.00,1.A.1.b.5,Inductive Reasoning,IM,3.88,8,0.125,3.63,4.12,N,,08/2024,Analyst
11-9013.00,1.A.1.b.5,Inductive Reasoning,LV,4.12,8,0.2266,3.6809,4.5691,N,N,08/2024,Analyst
11-9013.00,1.A.1.b.6,Information Ordering,IM,3.62,8,0.183,3.2664,3.9836,N,,08/2024,Analyst
11-9013.00,1.A.1.b.6,Information Ordering,LV,3.88,8,0.2266,3.4309,4.3191,N,N,08/2024,Analyst
11-9013.00,1.A.1.b.7,Category Flexibility,IM,3.75,8,0.1637,3.4292,4.0708,N,,08/2024,Analyst
11-9013.00,1.A.1.b.7,Category Flexibility,LV,3.88,8,0.2266,3.4309,4.3191,N,N,08/2024,Analyst
11-9013.00,1.A.1.c.1,Mathematical Reasoning,IM,3.0,8,0.189,2.6296,3.3704,N,,08/2024,Analyst
11-9013.00,1.A.1.c.1,Mathematical Reasoning,LV,3.5,8,0.189,3.1296,3.8704,N,N,08/2024,Analyst
11-9013.00,1.A.1.c.2,Number Facility,IM,2.88,8,0.2266,2.4309,3.3191,N,,08/2024,Analyst
11-9013.00,1.A.1.c.2,Number Facility,LV,3.0,8,0.189,2.6296,3.3704,N,N,08/2024,Analyst
11-9013.00,1.A.1.d.1,Memorization,IM,2.62,8,0.183,2.2664,2.9836,N,,08/2024,Analyst
11-9013.00,1.A.1.d.1,Memorization,LV,2.88,8,0.2266,2.4309,3.3191,N,N,08/2024,Analyst
11-9013.00,1.A.1.e.1,Speed of Closure,IM,2.75,8,0.25,2.26,3.24,N,,08/2024,Analyst
11-9013.00,1.A.1.e.1,Speed of Closure,LV,2.88,8,0.2266,2.4309,3.3191,N,N,08/2024,Analyst
11-9013.00,1.A.1.e.2,Flexibility of Closure,IM,3.25,8,0.25,2.76,3.74,N,,08/2024,Analyst
11-9013.00,1.A.1.e.2,Flexibility of Closure,LV,3.5,8,0.2673,2.9762,4.0238,N,N,08/2024,Analyst
11-9013.00,1.A.1.e.3,Perceptual Speed,IM,3.38,8,0.183,3.0164,3.7336,N,,08/2024,Analyst
11-9013.00,1.A.1.e.3,Perceptual Speed,LV,3.12,8,0.2266,2.6809,3.5691,N,N,08/2024,Analyst
11-9013.00,1.A.1.f.1,Spatial Orientation,IM,2.5,8,0.2673,1.9762,3.0238,N,,08/2024,Analyst
11-9013.00,1.A.1.f.1,Spatial Orientation,LV,2.38,8,0.375,1.64,3.11,N,N,08/2024,Analyst
11-9013.00,1.A.1.f.2,Visualization,IM,3.25,8,0.1637,2.9292,3.5708,N,,08/2024,Analyst
11-9013.00,1.A.1.f.2,Visualization,LV,3.62,8,0.2631,3.1094,4.1406,N,N,08/2024,Analyst
11-9013.00,1.A.1.g.1,Selective Attention,IM,3.0,8,0.189,2.6296,3.3704,N,,08/2024,Analyst
11-9013.00,1.A.1.g.1,Selective Attention,LV,3.0,8,0.0,3.0,3.0,N,N,08/2024,Analyst
11-9013.00,1.A.1.g.2,Time Sharing,IM,2.62,8,0.183,2.2664,2.9836,N,,08/2024,Analyst
11-9013.00,1.A.1.g.2,Time Sharing,LV,2.75,8,0.1637,2.4292,3.0708,N,N,08/2024,Analyst
11-9013.00,1.A.2.a.1,Arm-Hand Steadiness,IM,3.0,8,0.0,3.0,3.0,N,,08/2024,Analyst
11-9013.00,1.A.2.a.1,Arm-Hand Steadiness,LV,3.0,8,0.0,3.0,3.0,N,N,08/2024,Analyst
11-9013.00,1.A.2.a.2,Manual Dexterity,IM,2.75,8,0.1637,2.4292,3.0708,N,,08/2024,Analyst
11-9013.00,1.A.2.a.2,Manual Dexterity,LV,2.5,8,0.189,2.1296,2.8704,N,N,08/2024,Analyst
11-9013.00,1.A.2.a.3,Finger Dexterity,IM,2.62,8,0.183,2.2664,2.9836,N,,08/2024,Analyst
11-9013.00,1.A.2.a.3,Finger Dexterity,LV,2.5,8,0.189,2.1296,2.8704,N,N,08/2024,Analyst
11-9013.00,1.A.2.b.1,Control Precision,IM,2.75,8,0.1637,2.4292,3.0708,N,,08/2024,Analyst
11-9013.00,1.A.2.b.1,Control Precision,LV,3.38,8,0.2631,2.8594,3.8906,N,N,08/2024,Analyst
11-9013.00,1.A.2.b.2,Multilimb Coordination,IM,2.88,8,0.125,2.63,3.12,N,,08/2024,Analyst
11-9013.00,1.A.2.b.2,Multilimb Coordination,LV,3.0,8,0.189,2.6296,3.3704,N,N,08/2024,Analyst
11-9013.00,1.A.2.b.3,Response Orientation,IM,2.5,8,0.189,2.1296,2.8704,N,,08/2024,Analyst
11-9013.00,1.A.2.b.3,Response Orientation,LV,2.5,8,0.2673,1.9762,3.0238,N,N,08/2024,Analyst
11-9013.00,1.A.2.b.4,Rate Control,IM,2.25,8,0.1637,1.9292,2.5708,N,,08/2024,Analyst
11-9013.00,1.A.2.b.4,Rate Control,LV,2.25,8,0.25,1.76,2.74,N,N,08/2024,Analyst
11-9013.00,1.A.2.c.1,Reaction Time,IM,2.5,8,0.189,2.1296,2.8704,N,,08/2024,Analyst
11-9013.00,1.A.2.c.1,Reaction Time,LV,2.75,8,0.25,2.26,3.24,N,N,08/2024,Analyst
11-9013.00,1.A.2.c.2,Wrist-Finger Speed,IM,2.12,8,0.2266,1.6809,2.5691,N,,08/2024,Analyst
11-9013.00,1.A.2.c.2,Wrist-Finger Speed,LV,2.0,8,0.3273,1.3584,2.6416,N,N,08/2024,Analyst
11-9013.00,1.A.2.c.3,Speed of Limb Movement,IM,1.38,8,0.183,1.0164,1.7336,N,,08/2024,Analyst
11-9013.00,1.A.2.c.3,Speed of Limb Movement,LV,0.5,8,0.2673,0.0,1.0238,N,N,08/2024,Analyst
11-9013.00,1.A.3.a.1,Static Strength,IM,2.5,8,0.189,2.1296,2.8704,N,,08/2024,Analyst
11-9013.00,1.A.3.a.1,Static Strength,LV,2.5,8,0.189,2.1296,2.8704,N,N,08/2024,Analyst
11-9013.00,1.A.3.a.2,Explosive Strength,IM,2.0,8,0.0,2.0,2.0,N,,08/2024,Analyst
11-9013.00,1.A.3.a.2,Explosive Strength,LV,1.88,8,0.125,1.63,2.12,N,N,08/2024,Analyst
11-9013.00,1.A.3.a.3,Dynamic Strength,IM,2.25,8,0.1637,1.9292,2.5708,N,,08/2024,Analyst
11-9013.00,1.A.3.a.3,Dynamic Strength,LV,2.0,8,0.2673,1.4762,2.5238,N,N,08/2024,Analyst
11-9013.00,1.A.3.a.4,Trunk Strength,IM,2.62,8,0.183,2.2664,2.9836,N,,08/2024,Analyst
11-9013.00,1.A.3.a.4,Trunk Strength,LV,2.75,8,0.3134,2.1358,3.3642,N,N,08/2024,Analyst
11-9013.00,1.A.3.b.1,Stamina,IM,2.25,8,0.1637,1.9292,2.5708,N,,08/2024,Analyst
11-9013.00,1.A.3.b.1,Stamina,LV,2.0,8,0.2673,1.4762,2.5238,N,N,08/2024,Analyst
11-9013.00,1.A.3.c.1,Extent Flexibility,IM,2.5,8,0.189,2.1296,2.8704,N,,08/2024,Analyst
11-9013.00,1.A.3.c.1,Extent Flexibility,LV,2.5,8,0.189,2.1296,2.8704,N,N,08/2024,Analyst
11-9013.00,1.A.3.c.2,Dynamic Flexibility,IM,1.12,8,0.125,1.0,1.37,N,,08/2024,Analyst
11-9013.00,1.A.3.c.2,Dynamic Flexibility,LV,0.25,8,0.25,0.0,0.74,N,Y,08/2024,Analyst
11-9013.00,1.A.3.c.3,Gross Body Coordination,IM,2.12,8,0.125,1.88,2.37,N,,08/2024,Analyst
11-9013.00,1.A.3.c.3,Gross Body Coordination,LV,1.88,8,0.2266,1.4309,2.3191,N,N,08/2024,Analyst
11-9013.00,1.A.3.c.4,Gross Body Equilibrium,IM,2.12,8,0.125,1.88,2.37,N,,08/2024,Analyst
11-9013.00,1.A.3.c.4,Gross Body Equilibrium,LV,1.88,8,0.2266,1.4309,2.3191,N,N,08/2024,Analyst
11-9013.00,1.A.4.a.1,Near Vision,IM,3.38,8,0.183,3.0164,3.7336,N,,08/2024,Analyst
11-9013.00,1.A.4.a.1,Near Vision,LV,3.62,8,0.183,3.2664,3.9836,N,N,08/2024,Analyst
11-9013.00,1.A.4.a.2,Far Vision,IM,3.38,8,0.2631,2.8594,3.8906,N,,08/2024,Analyst
11-9013.00,1.A.4.a.2,Far Vision,LV,3.5,8,0.189,3.1296,3.8704,N,N,08/2024,Analyst
11-9013.00,1.A.4.a.3,Visual Color Discrimination,IM,2.75,8,0.3134,2.1358,3.3642,N,,08/2024,Analyst
11-9013.00,1.A.4.a.3,Visual Color Discrimination,LV,3.0,8,0.2673,2.4762,3.5238,N,N,08/2024,Analyst
11-9013.00,1.A.4.a.4,Night Vision,IM,2.0,8,0.2673,1.4762,2.5238,N,,08/2024,Analyst
11-9013.00,1.A.4.a.4,Night Vision,LV,1.25,8,0.3134,0.6358,1.8642,N,N,08/2024,Analyst
11-9013.00,1.A.4.a.5,Peripheral Vision,IM,2.38,8,0.2631,1.8594,2.8906,N,,08/2024,Analyst
11-9013.00,1.A.4.a.5,Peripheral Vision,LV,1.88,8,0.2266,1.4309,2.3191,N,N,08/2024,Analyst
11-9013.00,1.A.4.a.6,Depth Perception,IM,2.5,8,0.189,2.1296,2.8704,N,,08/2024,Analyst
11-9013.00,1.A.4.a.6,Depth Perception,LV,2.38,8,0.2631,1.8594,2.8906,N,N,08/2024,Analyst
11-9013.00,1.A.4.a.7,Glare Sensitivity,IM,2.0,8,0.189,1.6296,2.3704,N,,08/2024,Analyst
11-9013.00,1.A.4.a.7,Glare Sensitivity,LV,1.62,8,0.3239,0.9902,2.2598,N,N,08/2024,Analyst
11-9013.00,1.A.4.b.1,Hearing Sensitivity,IM,2.5,8,0.189,2.1296,2.8704,N,,08/2024,Analyst
11-9013.00,1.A.4.b.1,Hearing Sensitivity,LV,2.75,8,0.25,2.26,3.24,N,N,08/2024,Analyst
11-9013.00,1.A.4.b.2,Auditory Attention,IM,2.5,8,0.189,2.1296,2.8704,N,,08/2024,Analyst
11-9013.00,1.A.4.b.2,Auditory Attention,LV,2.62,8,0.183,2.2664,2.9836,N,N,08/2024,Analyst
11-9013.00,1.A.4.b.3,Sound Localization,IM,2.12,8,0.2266,1.6809,2.5691,N,,08/2024,Analyst
11-9013.00,1.A.4.b.3,Sound Localization,LV,1.75,8,0.3134,1.1358,2.3642,N,N,08/2024,Analyst
11-9013.00,1.A.4.b.4,Speech Recognition,IM,3.62,8,0.183,3.2664,3.9836,N,,08/2024,Analyst
11-9013.00,1.A.4.b.4,Speech Recognition,LV,3.75,8,0.1637,3.4292,4.0708,N,N,08/2024,Analyst
11-9013.00,1.A.4.b.5,Speech Clarity,IM,3.75,8,0.1637,3.4292,4.0708,N,,08/2024,Analyst
11-9013.00,1.A.4.b.5,Speech Clarity,LV,3.62,8,0.183,3.2664,3.9836,N,N,08/2024,Analyst
11-9021.00,1.A.1.a.1,Oral Comprehension,IM,3.88,8,0.125,3.63,4.12,N,,08/2020,Analyst
11-9021.00,1.A.1.a.1,Oral Comprehension,LV,4.12,8,0.125,3.88,4.37,N,N,08/2020,Analyst
11-9021.00,1.A.1.a.2,Written Comprehension,IM,3.88,8,0.125,3.63,4.12,N,,08/2020,Analyst
11-9021.00,1.A.1.a.2,Written Comprehension,LV,4.12,8,0.125,3.88,4.37,N,N,08/2020,Analyst
11-9021.00,1.A.1.a.3,Oral Expression,IM,3.88,8,0.125,3.63,4.12,N,,08/2020,Analyst
11-9021.00,1.A.1.a.3,Oral Expression,LV,4.25,8,0.1637,3.9292,4.5708,N,N,08/2020,Analyst
11-9021.00,1.A.1.a.4,Written Expression,IM,3.75,8,0.1637,3.4292,4.0708,N,,08/2020,Analyst
11-9021.00,1.A.1.a.4,Written Expression,LV,4.12,8,0.125,3.88,4.37,N,N,08/2020,Analyst
11-9021.00,1.A.1.b.1,Fluency of Ideas,IM,3.12,8,0.125,2.88,3.37,N,,08/2020,Analyst
11-9021.00,1.A.1.b.1,Fluency of Ideas,LV,3.38,8,0.183,3.0164,3.7336,N,N,08/2020,Analyst
11-9021.00,1.A.1.b.2,Originality,IM,3.0,8,0.0,3.0,3.0,N,,08/2020,Analyst
11-9021.00,1.A.1.b.2,Originality,LV,3.12,8,0.125,2.88,3.37,N,N,08/2020,Analyst
11-9021.00,1.A.1.b.3,Problem Sensitivity,IM,4.0,8,0.0,4.0,4.0,N,,08/2020,Analyst
11-9021.00,1.A.1.b.3,Problem Sensitivity,LV,4.12,8,0.125,3.88,4.37,N,N,08/2020,Analyst
11-9021.00,1.A.1.b.4,Deductive Reasoning,IM,3.88,8,0.125,3.63,4.12,N,,08/2020,Analyst
11-9021.00,1.A.1.b.4,Deductive Reasoning,LV,4.25,8,0.1637,3.9292,4.5708,N,N,08/2020,Analyst
11-9021.00,1.A.1.b.5,Inductive Reasoning,IM,3.88,8,0.125,3.63,4.12,N,,08/2020,Analyst
11-9021.00,1.A.1.b.5,Inductive Reasoning,LV,3.88,8,0.125,3.63,4.12,N,N,08/2020,Analyst
11-9021.00,1.A.1.b.6,Information Ordering,IM,4.12,8,0.125,3.88,4.37,N,,08/2020,Analyst
11-9021.00,1.A.1.b.6,Information Ordering,LV,4.12,8,0.125,3.88,4.37,N,N,08/2020,Analyst
11-9021.00,1.A.1.b.7,Category Flexibility,IM,3.38,8,0.183,3.0164,3.7336,N,,08/2020,Analyst
11-9021.00,1.A.1.b.7,Category Flexibility,LV,3.5,8,0.2673,2.9762,4.0238,N,N,08/2020,Analyst
11-9021.00,1.A.1.c.1,Mathematical Reasoning,IM,3.12,8,0.125,2.88,3.37,N,,08/2020,Analyst
11-9021.00,1.A.1.c.1,Mathematical Reasoning,LV,3.62,8,0.183,3.2664,3.9836,N,N,08/2020,Analyst
11-9021.00,1.A.1.c.2,Number Facility,IM,3.12,8,0.125,2.88,3.37,N,,08/2020,Analyst
11-9021.00,1.A.1.c.2,Number Facility,LV,3.62,8,0.183,3.2664,3.9836,N,N,08/2020,Analyst
11-9021.00,1.A.1.d.1,Memorization,IM,2.75,8,0.1637,2.4292,3.0708,N,,08/2020,Analyst
11-9021.00,1.A.1.d.1,Memorization,LV,2.88,8,0.125,2.63,3.12,N,N,08/2020,Analyst
11-9021.00,1.A.1.e.1,Speed of Closure,IM,3.12,8,0.125,2.88,3.37,N,,08/2020,Analyst
11-9021.00,1.A.1.e.1,Speed of Closure,LV,3.12,8,0.125,2.88,3.37,N,N,08/2020,Analyst
11-9021.00,1.A.1.e.2,Flexibility of Closure,IM,3.25,8,0.1637,2.9292,3.5708,N,,08/2020,Analyst
11-9021.00,1.A.1.e.2,Flexibility of Closure,LV,3.62,8,0.183,3.2664,3.9836,N,N,08/2020,Analyst
11-9021.00,1.A.1.e.3,Perceptual Speed,IM,3.12,8,0.125,2.88,3.37,N,,08/2020,Analyst
11-9021.00,1.A.1.e.3,Perceptual Speed,LV,3.12,8,0.125,2.88,3.37,N,N,08/2020,Analyst
11-9021.00,1.A.1.f.1,Spatial Orientation,IM,2.0,8,0.189,1.6296,2.3704,N,,08/2020,Analyst
11-9021.00,1.A.1.f.1,Spatial Orientation,LV,1.38,8,0.2631,0.8594,1.8906,N,N,08/2020,Analyst
11-9021.00,1.A.1.f.2,Visualization,IM,3.88,8,0.125,3.63,4.12,N,,08/2020,Analyst
11-9021.00,1.A.1.f.2,Visualization,LV,4.12,8,0.125,3.88,4.37,N,N,08/2020,Analyst
11-9021.00,1.A.1.g.1,Selective Attention,IM,3.12,8,0.125,2.88,3.37,N,,08/2020,Analyst
11-9021.00,1.A.1.g.1,Selective Attention,LV,3.0,8,0.0,3.0,3.0,N,N,08/2020,Analyst
11-9021.00,1.A.1.g.2,Time Sharing,IM,3.0,8,0.189,2.6296,3.3704,N,,08/2020,Analyst
11-9021.00,1.A.1.g.2,Time Sharing,LV,3.12,8,0.125,2.88,3.37,N,N,08/2020,Analyst
11-9021.00,1.A.2.a.1,Arm-Hand Steadiness,IM,1.25,8,0.1637,1.0,1.5708,N,,08/2020,Analyst
11-9021.00,1.A.2.a.1,Arm-Hand Steadiness,LV,0.25,8,0.1637,0.0,0.5708,N,Y,08/2020,Analyst
11-9021.00,1.A.2.a.2,Manual Dexterity,IM,1.12,8,0.125,1.0,1.37,N,,08/2020,Analyst
11-9021.00,1.A.2.a.2,Manual Dexterity,LV,0.12,8,0.125,0.0,0.37,N,Y,08/2020,Analyst
11-9021.00,1.A.2.a.3,Finger Dexterity,IM,1.75,8,0.1637,1.4292,2.0708,N,,08/2020,Analyst
11-9021.00,1.A.2.a.3,Finger Dexterity,LV,1.38,8,0.3239,0.7402,2.0098,N,N,08/2020,Analyst
11-9021.00,1.A.2.b.1,Control Precision,IM,1.75,8,0.1637,1.4292,2.0708,N,,08/2020,Analyst
11-9021.00,1.A.2.b.1,Control Precision,LV,1.12,8,0.295,0.5467,1.7033,N,N,08/2020,Analyst
11-9021.00,1.A.2.b.2,Multilimb Coordination,IM,1.88,8,0.125,1.63,2.12,N,,08/2020,Analyst
11-9021.00,1.A.2.b.2,Multilimb Coordination,LV,1.62,8,0.2631,1.1094,2.1406,N,N,08/2020,Analyst
11-9021.00,1.A.2.b.3,Response Orientation,IM,1.0,8,0.0,1.0,1.0,N,,08/2020,Analyst
11-9021.00,1.A.2.b.3,Response Orientation,LV,0.0,8,0.0,0.0,0.0,N,Y,08/2020,Analyst
11-9021.00,1.A.2.b.4,Rate Control,IM,1.0,8,0.0,1.0,1.0,N,,08/2020,Analyst
11-9021.00,1.A.2.b.4,Rate Control,LV,0.0,8,0.0,0.0,0.0,N,Y,08/2020,Analyst
11-9021.00,1.A.2.c.1,Reaction Time,IM,1.75,8,0.1637,1.4292,2.0708,N,,08/2020,Analyst
11-9021.00,1.A.2.c.1,Reaction Time,LV,1.5,8,0.3273,0.8584,2.1416,N,N,08/2020,Analyst
11-9021.00,1.A.2.c.2,Wrist-Finger Speed,IM,1.38,8,0.183,1.0164,1.7336,N,,08/2020,Analyst
11-9021.00,1.A.2.c.2,Wrist-Finger Speed,LV,0.5,8,0.2673,0.0,1.0238,N,N,08/2020,Analyst
11-9021.00,1.A.2.c.3,Speed of Limb Movement,IM,1.0,8,0.0,1.0,1.0,N,,08/2020,Analyst
11-9021.00,1.A.2.c.3,Speed of Limb Movement,LV,0.0,8,0.0,0.0,0.0,N,Y,08/2020,Analyst
11-9021.00,1.A.3.a.1,Static Strength,IM,1.75,8,0.1637,1.4292,2.0708,N,,08/2020,Analyst
11-9021.00,1.A.3.a.1,Static Strength,LV,1.0,8,0.2673,0.4762,1.5238,N,N,08/2020,Analyst
11-9021.00,1.A.3.a.2,Explosive Strength,IM,1.12,8,0.125,1.0,1.37,N,,08/2020,Analyst
11-9021.00,1.A.3.a.2,Explosive Strength,LV,0.25,8,0.25,0.0,0.74,N,Y,08/2020,Analyst
11-9021.00,1.A.3.a.3,Dynamic Strength,IM,1.38,8,0.183,1.0164,1.7336,N,,08/2020,Analyst
11-9021.00,1.A.3.a.3,Dynamic Strength,LV,0.62,8,0.3239,0.0,1.2598,N,N,08/2020,Analyst
11-9021.00,1.A.3.a.4,Trunk Strength,IM,2.12,8,0.2266,1.6809,2.5691,N,,08/2020,Analyst
11-9021.00,1.A.3.a.4,Trunk Strength,LV,1.62,8,0.3239,0.9902,2.2598,N,N,08/2020,Analyst
11-9021.00,1.A.3.b.1,Stamina,IM,1.75,8,0.25,1.26,2.24,N,,08/2020,Analyst
11-9021.00,1.A.3.b.1,Stamina,LV,0.88,8,0.295,0.2967,1.4533,N,N,08/2020,Analyst
11-9021.00,1.A.3.c.1,Extent Flexibility,IM,1.5,8,0.189,1.1296,1.8704,N,,08/2020,Analyst
11-9021.00,1.A.3.c.1,Extent Flexibility,LV,0.62,8,0.2631,0.1094,1.1406,N,N,08/2020,Analyst
11-9021.00,1.A.3.c.2,Dynamic Flexibility,IM,1.0,8,0.0,1.0,1.0,N,,08/2020,Analyst
11-9021.00,1.A.3.c.2,Dynamic Flexibility,LV,0.0,8,0.0,0.0,0.0,N,Y,08/2020,Analyst
11-9021.00,1.A.3.c.3,Gross Body Coordination,IM,1.75,8,0.1637,1.4292,2.0708,N,,08/2020,Analyst
11-9021.00,1.A.3.c.3,Gross Body Coordination,LV,1.0,8,0.2673,0.4762,1.5238,N,N,08/2020,Analyst
11-9021.00,1.A.3.c.4,Gross Body Equilibrium,IM,1.75,8,0.1637,1.4292,2.0708,N,,08/2020,Analyst
11-9021.00,1.A.3.c.4,Gross Body Equilibrium,LV,1.12,8,0.295,0.5467,1.7033,N,N,08/2020,Analyst
11-9021.00,1.A.4.a.1,Near Vision,IM,3.75,8,0.1637,3.4292,4.0708,N,,08/2020,Analyst
11-9021.00,1.A.4.a.1,Near Vision,LV,3.88,8,0.125,3.63,4.12,N,N,08/2020,Analyst
11-9021.00,1.A.4.a.2,Far Vision,IM,3.38,8,0.183,3.0164,3.7336,N,,08/2020,Analyst
11-9021.00,1.A.4.a.2,Far Vision,LV,3.75,8,0.1637,3.4292,4.0708,N,N,08/2020,Analyst
11-9021.00,1.A.4.a.3,Visual Color Discrimination,IM,2.88,8,0.125,2.63,3.12,N,,08/2020,Analyst
11-9021.00,1.A.4.a.3,Visual Color Discrimination,LV,2.88,8,0.125,2.63,3.12,N,N,08/2020,Analyst
11-9021.00,1.A.4.a.4,Night Vision,IM,1.12,8,0.125,1.0,1.37,N,,08/2020,Analyst
11-9021.00,1.A.4.a.4,Night Vision,LV,0.12,8,0.125,0.0,0.37,N,Y,08/2020,Analyst
11-9021.00,1.A.4.a.5,Peripheral Vision,IM,1.12,8,0.125,1.0,1.37,N,,08/2020,Analyst
11-9021.00,1.A.4.a.5,Peripheral Vision,LV,0.12,8,0.125,0.0,0.37,N,Y,08/2020,Analyst
11-9021.00,1.A.4.a.6,Depth Perception,IM,2.12,8,0.125,1.88,2.37,N,,08/2020,Analyst
11-9021.00,1.A.4.a.6,Depth Perception,LV,2.62,8,0.183,2.2664,2.9836,N,N,08/2020,Analyst
11-9021.00,1.A.4.a.7,Glare Sensitivity,IM,1.62,8,0.183,1.2664,1.9836,N,,08/2020,Analyst
11-9021.00,1.A.4.a.7,Glare Sensitivity,LV,1.12,8,0.3504,0.4383,1.8117,N,N,08/2020,Analyst
11-9021.00,1.A.4.b.1,Hearing Sensitivity,IM,2.0,8,0.0,2.0,2.0,N,,08/2020,Analyst
11-9021.00,1.A.4.b.1,Hearing Sensitivity,LV,2.0,8,0.0,2.0,2.0,N,N,08/2020,Analyst
11-9021.00,1.A.4.b.2,Auditory Attention,IM,2.88,8,0.125,2.63,3.12,N,,08/2020,Analyst
11-9021.00,1.A.4.b.2,Auditory Attention,LV,3.0,8,0.0,3.0,3.0,N,N,08/2020,Analyst
11-9021.00,1.A.4.b.3,Sound Localization,IM,1.0,8,0.0,1.0,1.0,N,,08/2020,Analyst
11-9021.00,1.A.4.b.3,Sound Localization,LV,0.0,8,0.0,0.0,0.0,N,Y,08/2020,Analyst
11-9021.00,1.A.4.b.4,Speech Recognition,IM,3.62,8,0.183,3.2664,3.9836,N,,08/2020,Analyst
11-9021.00,1.A.4.b.4,Speech Recognition,LV,3.75,8,0.1637,3.4292,4.0708,N,N,08/2020,Analyst
11-9021.00,1.A.4.b.5,Speech Clarity,IM,3.62,8,0.183,3.2664,3.9836,N,,08/2020,Analyst
11-9021.00,1.A.4.b.5,Speech Clarity,LV,3.75,8,0.1637,3.4292,4.0708,N,N,08/2020,Analyst
11-9031.00,1.A.1.a.1,Oral Comprehension,IM,4.0,8,0.0,4.0,4.0,N,,08/2018,Analyst
11-9031.00,1.A.1.a.1,Oral Comprehension,LV,4.12,8,0.125,3.88,4.37,N,N,08/2018,Analyst
11-9031.00,1.A.1.a.2,Written Comprehension,IM,4.0,8,0.0,4.0,4.0,N,,08/2018,Analyst
11-9031.00,1.A.1.a.2,Written Comprehension,LV,4.12,8,0.125,3.88,4.37,N,N,08/2018,Analyst
11-9031.00,1.A.1.a.3,Oral Expression,IM,4.0,8,0.0,4.0,4.0,N,,08/2018,Analyst
11-9031.00,1.A.1.a.3,Oral Expression,LV,4.38,8,0.183,4.0164,4.7336,N,N,08/2018,Analyst
11-9031.00,1.A.1.a.4,Written Expression,IM,4.12,8,0.125,3.88,4.37,N,,08/2018,Analyst
11-9031.00,1.A.1.a.4,Written Expression,LV,4.25,8,0.1637,3.9292,4.5708,N,N,08/2018,Analyst
11-9031.00,1.A.1.b.1,Fluency of Ideas,IM,3.38,8,0.183,3.0164,3.7336,N,,08/2018,Analyst
11-9031.00,1.A.1.b.1,Fluency of Ideas,LV,3.62,8,0.2631,3.1094,4.1406,N,N,08/2018,Analyst
11-9031.00,1.A.1.b.2,Originality,IM,3.25,8,0.1637,2.9292,3.5708,N,,08/2018,Analyst
11-9031.00,1.A.1.b.2,Originality,LV,3.5,8,0.189,3.1296,3.8704,N,N,08/2018,Analyst
11-9031.00,1.A.1.b.3,Problem Sensitivity,IM,3.88,8,0.125,3.63,4.12,N,,08/2018,Analyst
11-9031.00,1.A.1.b.3,Problem Sensitivity,LV,4.0,8,0.0,4.0,4.0,N,N,08/2018,Analyst
11-9031.00,1.A.1.b.4,Deductive Reasoning,IM,4.0,8,0.0,4.0,4.0,N,,08/2018,Analyst
11-9031.00,1.A.1.b.4,Deductive Reasoning,LV,4.12,8,0.125,3.88,4.37,N,N,08/2018,Analyst
11-9031.00,1.A.1.b.5,Inductive Reasoning,IM,3.88,8,0.125,3.63,4.12,N,,08/2018,Analyst
11-9031.00,1.A.1.b.5,Inductive Reasoning,LV,3.88,8,0.125,3.63,4.12,N,N,08/2018,Analyst
11-9031.00,1.A.1.b.6,Information Ordering,IM,3.75,8,0.1637,3.4292,4.0708,N,,08/2018,Analyst
11-9031.00,1.A.1.b.6,Information Ordering,LV,3.62,8,0.183,3.2664,3.9836,N,N,08/2018,Analyst
11-9031.00,1.A.1.b.7,Category Flexibility,IM,3.12,8,0.125,2.88,3.37,N,,08/2018,Analyst
11-9031.00,1.A.1.b.7,Category Flexibility,LV,3.12,8,0.125,2.88,3.37,N,N,08/2018,Analyst
11-9031.00,1.A.1.c.1,Mathematical Reasoning,IM,2.88,8,0.125,2.63,3.12,N,,08/2018,Analyst
11-9031.00,1.A.1.c.1,Mathematical Reasoning,LV,2.88,8,0.125,2.63,3.12,N,N,08/2018,Analyst
11-9031.00,1.A.1.c.2,Number Facility,IM,2.75,8,0.1637,2.4292,3.0708,N,,08/2018,Analyst
11-9031.00,1.A.1.c.2,Number Facility,LV,2.88,8,0.125,2.63,3.12,N,N,08/2018,Analyst
11-9031.00,1.A.1.d.1,Memorization,IM,3.0,8,0.0,3.0,3.0,N,,08/2018,Analyst
11-9031.00,1.A.1.d.1,Memorization,LV,3.0,8,0.0,3.0,3.0,N,N,08/2018,Analyst
11-9031.00,1.A.1.e.1,Speed of Closure,IM,2.75,8,0.1637,2.4292,3.0708,N,,08/2018,Analyst
11-9031.00,1.A.1.e.1,Speed of Closure,LV,2.75,8,0.1637,2.4292,3.0708,N,N,08/2018,Analyst
11-9031.00,1.A.1.e.2,Flexibility of Closure,IM,2.88,8,0.125,2.63,3.12,N,,08/2018,Analyst
11-9031.00,1.A.1.e.2,Flexibility of Closure,LV,2.88,8,0.125,2.63,3.12,N,N,08/2018,Analyst
11-9031.00,1.A.1.e.3,Perceptual Speed,IM,2.62,8,0.183,2.2664,2.9836,N,,08/2018,Analyst
11-9031.00,1.A.1.e.3,Perceptual Speed,LV,2.5,8,0.189,2.1296,2.8704,N,N,08/2018,Analyst
11-9031.00,1.A.1.f.1,Spatial Orientation,IM,1.0,8,0.0,1.0,1.0,N,,08/2018,Analyst
11-9031.00,1.A.1.f.1,Spatial Orientation,LV,0.0,8,0.0,0.0,0.0,N,Y,08/2018,Analyst
11-9031.00,1.A.1.f.2,Visualization,IM,2.38,8,0.183,2.0164,2.7336,N,,08/2018,Analyst
11-9031.00,1.A.1.f.2,Visualization,LV,2.5,8,0.189,2.1296,2.8704,N,N,08/2018,Analyst
11-9031.00,1.A.1.g.1,Selective Attention,IM,3.12,8,0.125,2.88,3.37,N,,08/2018,Analyst
11-9031.00,1.A.1.g.1,Selective Attention,LV,3.12,8,0.125,2.88,3.37,N,N,08/2018,Analyst
11-9031.00,1.A.1.g.2,Time Sharing,IM,2.88,8,0.125,2.63,3.12,N,,08/2018,Analyst
11-9031.00,1.A.1.g.2,Time Sharing,LV,2.75,8,0.1637,2.4292,3.0708,N,N,08/2018,Analyst
11-9031.00,1.A.2.a.1,Arm-Hand Steadiness,IM,2.0,8,0.0,2.0,2.0,N,,08/2018,Analyst
11-9031.00,1.A.2.a.1,Arm-Hand Steadiness,LV,1.88,8,0.125,1.63,2.12,N,N,08/2018,Analyst
11-9031.00,1.A.2.a.2,Manual Dexterity,IM,1.88,8,0.125,1.63,2.12,N,,08/2018,Analyst
11-9031.00,1.A.2.a.2,Manual Dexterity,LV,1.0,8,0.189,0.6296,1.3704,N,N,08/2018,Analyst
11-9031.00,1.A.2.a.3,Finger Dexterity,IM,2.0,8,0.0,2.0,2.0,N,,08/2018,Analyst
11-9031.00,1.A.2.a.3,Finger Dexterity,LV,1.75,8,0.1637,1.4292,2.0708,N,N,08/2018,Analyst
11-9031.00,1.A.2.b.1,Control Precision,IM,1.38,8,0.183,1.0164,1.7336,N,,08/2018,Analyst
11-9031.00,1.A.2.b.1,Control Precision,LV,0.5,8,0.2673,0.0,1.0238,N,N,08/2018,Analyst
11-9031.00,1.A.2.b.2,Multilimb Coordination,IM,1.62,8,0.183,1.2664,1.9836,N,,08/2018,Analyst
11-9031.00,1.A.2.b.2,Multilimb Coordination,LV,0.75,8,0.25,0.26,1.24,N,N,08/2018,Analyst
11-9031.00,1.A.2.b.3,Response Orientation,IM,1.0,8,0.0,1.0,1.0,N,,08/2018,Analyst
11-9031.00,1.A.2.b.3,Response Orientation,LV,0.0,8,0.0,0.0,0.0,N,Y,08/2018,Analyst
11-9031.00,1.A.2.b.4,Rate Control,IM,1.0,8,0.0,1.0,1.0,N,,08/2018,Analyst
11-9031.00,1.A.2.b.4,Rate Control,LV,0.0,8,0.0,0.0,0.0,N,Y,08/2018,Analyst
11-9031.00,1.A.2.c.1,Reaction Time,IM,1.0,8,0.0,1.0,1.0,N,,08/2018,Analyst
11-9031.00,1.A.2.c.1,Reaction Time,LV,0.0,8,0.0,0.0,0.0,N,Y,08/2018,Analyst
11-9031.00,1.A.2.c.2,Wrist-Finger Speed,IM,1.62,8,0.183,1.2664,1.9836,N,,08/2018,Analyst
11-9031.00,1.A.2.c.2,Wrist-Finger Speed,LV,0.88,8,0.295,0.2967,1.4533,N,N,08/2018,Analyst
11-9031.00,1.A.2.c.3,Speed of Limb Movement,IM,1.0,8,0.0,1.0,1.0,N,,08/2018,Analyst
11-9031.00,1.A.2.c.3,Speed of Limb Movement,LV,0.0,8,0.0,0.0,0.0,N,Y,08/2018,Analyst
11-9031.00,1.A.3.a.1,Static Strength,IM,1.88,8,0.125,1.63,2.12,N,,08/2018,Analyst
11-9031.00,1.A.3.a.1,Static Strength,LV,1.12,8,0.2266,0.6809,1.5691,N,N,08/2018,Analyst
11-9031.00,1.A.3.a.2,Explosive Strength,IM,1.5,8,0.189,1.1296,1.8704,N,,08/2018,Analyst
11-9031.00,1.A.3.a.2,Explosive Strength,LV,0.62,8,0.2631,0.1094,1.1406,N,N,08/2018,Analyst
11-9031.00,1.A.3.a.3,Dynamic Strength,IM,1.88,8,0.125,1.63,2.12,N,,08/2018,Analyst
11-9031.00,1.A.3.a.3,Dynamic Strength,LV,1.12,8,0.2266,0.6809,1.5691,N,N,08/2018,Analyst
11-9031.00,1.A.3.a.4,Trunk Strength,IM,2.12,8,0.125,1.88,2.37,N,,08/2018,Analyst
11-9031.00,1.A.3.a.4,Trunk Strength,LV,2.25,8,0.1637,1.9292,2.5708,N,N,08/2018,Analyst
11-9031.00,1.A.3.b.1,Stamina,IM,1.88,8,0.125,1.63,2.12,N,,08/2018,Analyst
11-9031.00,1.A.3.b.1,Stamina,LV,0.88,8,0.125,0.63,1.12,N,N,08/2018,Analyst
11-9031.00,1.A.3.c.1,Extent Flexibility,IM,1.88,8,0.125,1.63,2.12,N,,08/2018,Analyst
11-9031.00,1.A.3.c.1,Extent Flexibility,LV,1.12,8,0.2266,0.6809,1.5691,N,N,08/2018,Analyst
11-9031.00,1.A.3.c.2,Dynamic Flexibility,IM,1.0,8,0.0,1.0,1.0,N,,08/2018,Analyst
11-9031.00,1.A.3.c.2,Dynamic Flexibility,LV,0.0,8,0.0,0.0,0.0,N,Y,08/2018,Analyst
11-9031.00,1.A.3.c.3,Gross Body Coordination,IM,1.75,8,0.1637,1.4292,2.0708,N,,08/2018,Analyst
11-9031.00,1.A.3.c.3,Gross Body Coordination,LV,0.75,8,0.1637,0.4292,1.0708,N,N,08/2018,Analyst
11-9031.00,1.A.3.c.4,Gross Body Equilibrium,IM,1.75,8,0.1637,1.4292,2.0708,N,,08/2018,Analyst
11-9031.00,1.A.3.c.4,Gross Body Equilibrium,LV,0.75,8,0.1637,0.4292,1.0708,N,N,08/2018,Analyst
11-9031.00,1.A.4.a.1,Near Vision,IM,3.5,8,0.189,3.1296,3.8704,N,,08/2018,Analyst
11-9031.00,1.A.4.a.1,Near Vision,LV,3.5,8,0.189,3.1296,3.8704,N,N,08/2018,Analyst
11-9031.00,1.A.4.a.2,Far Vision,IM,3.12,8,0.125,2.88,3.37,N,,08/2018,Analyst
11-9031.00,1.A.4.a.2,Far Vision,LV,3.0,8,0.189,2.6296,3.3704,N,N,08/2018,Analyst
11-9031.00,1.A.4.a.3,Visual Color Discrimination,IM,2.0,8,0.0,2.0,2.0,N,,08/2018,Analyst
11-9031.00,1.A.4.a.3,Visual Color Discrimination,LV,2.12,8,0.125,1.88,2.37,N,N,08/2018,Analyst
11-9031.00,1.A.4.a.4,Night Vision,IM,1.0,8,0.0,1.0,1.0,N,,08/2018,Analyst
11-9031.00,1.A.4.a.4,Night Vision,LV,0.0,8,0.0,0.0,0.0,N,Y,08/2018,Analyst
11-9031.00,1.A.4.a.5,Peripheral Vision,IM,1.0,8,0.0,1.0,1.0,N,,08/2018,Analyst
11-9031.00,1.A.4.a.5,Peripheral Vision,LV,0.0,8,0.0,0.0,0.0,N,Y,08/2018,Analyst
11-9031.00,1.A.4.a.6,Depth Perception,IM,1.75,8,0.1637,1.4292,2.0708,N,,08/2018,Analyst
11-9031.00,1.A.4.a.6,Depth Perception,LV,0.88,8,0.2266,0.4309,1.3191,N,N,08/2018,Analyst
11-9031.00,1.A.4.a.7,Glare Sensitivity,IM,1.0,8,0.0,1.0,1.0,N,,08/2018,Analyst
11-9031.00,1.A.4.a.7,Glare Sensitivity,LV,0.0,8,0.0,0.0,0.0,N,Y,08/2018,Analyst
11-9031.00,1.A.4.b.1,Hearing Sensitivity,IM,2.0,8,0.0,2.0,2.0,N,,08/2018,Analyst
11-9031.00,1.A.4.b.1,Hearing Sensitivity,LV,1.88,8,0.125,1.63,2.12,N,N,08/2018,Analyst
11-9031.00,1.A.4.b.2,Auditory Attention,IM,2.25,8,0.1637,1.9292,2.5708,N,,08/2018,Analyst
11-9031.00,1.A.4.b.2,Auditory Attention,LV,2.0,8,0.0,2.0,2.0,N,N,08/2018,Analyst
11-9031.00,1.A.4.b.3,Sound Localization,IM,1.0,8,0.0,1.0,1.0,N,,08/2018,Analyst
11-9031.00,1.A.4.b.3,Sound Localization,LV,0.0,8,0.0,0.0,0.0,N,Y,08/2018,Analyst
11-9031.00,1.A.4.b.4,Speech Recognition,IM,3.88,8,0.125,3.63,4.12,N,,08/2018,Analyst
11-9031.00,1.A.4.b.4,Speech Recognition,LV,3.5,8,0.189,3.1296,3.8704,N,N,08/2018,Analyst
11-9031.00,1.A.4.b.5,Speech Clarity,IM,3.88,8,0.125,3.63,4.12,N,,08/2018,Analyst
11-9031.00,1.A.4.b.5,Speech Clarity,LV,3.88,8,0.2266,3.4309,4.3191,N,N,08/2018,Analyst
11-9032.00,1.A.1.a.1,Oral Comprehension,IM,4.38,8,0.183,4.0164,4.7336,N,,08/2018,Analyst
11-9032.00,1.A.1.a.1,Oral Comprehension,LV,4.88,8,0.2266,4.4309,5.3191,N,N,08/2018,Analyst
11-9032.00,1.A.1.a.2,Written Comprehension,IM,4.25,8,0.1637,3.9292,4.5708,N,,08/2018,Analyst
11-9032.00,1.A.1.a.2,Written Comprehension,LV,4.5,8,0.189,4.1296,4.8704,N,N,08/2018,Analyst
11-9032.00,1.A.1.a.3,Oral Expression,IM,4.38,8,0.183,4.0164,4.7336,N,,08/2018,Analyst
11-9032.00,1.A.1.a.3,Oral Expression,LV,5.0,8,0.189,4.6296,5.3704,N,N,08/2018,Analyst
11-9032.00,1.A.1.a.4,Written Expression,IM,4.25,8,0.1637,3.9292,4.5708,N,,08/2018,Analyst
11-9032.00,1.A.1.a.4,Written Expression,LV,4.62,8,0.183,4.2664,4.9836,N,N,08/2018,Analyst
11-9032.00,1.A.1.b.1,Fluency of Ideas,IM,3.62,8,0.183,3.2664,3.9836,N,,08/2018,Analyst
11-9032.00,1.A.1.b.1,Fluency of Ideas,LV,3.88,8,0.2266,3.4309,4.3191,N,N,08/2018,Analyst
11-9032.00,1.A.1.b.2,Originality,IM,3.75,8,0.1637,3.4292,4.0708,N,,08/2018,Analyst
11-9032.00,1.A.1.b.2,Originality,LV,4.0,8,0.189,3.6296,4.3704,N,N,08/2018,Analyst
11-9032.00,1.A.1.b.3,Problem Sensitivity,IM,4.12,8,0.125,3.88,4.37,N,,08/2018,Analyst
11-9032.00,1.A.1.b.3,Problem Sensitivity,LV,4.5,8,0.189,4.1296,4.8704,N,N,08/2018,Analyst
11-9032.00,1.A.1.b.4,Deductive Reasoning,IM,4.25,8,0.1637,3.9292,4.5708,N,,08/2018,Analyst
11-9032.00,1.A.1.b.4,Deductive Reasoning,LV,4.5,8,0.189,4.1296,4.8704,N,N,08/2018,Analyst
11-9032.00,1.A.1.b.5,Inductive Reasoning,IM,4.12,8,0.125,3.88,4.37,N,,08/2018,Analyst
11-9032.00,1.A.1.b.5,Inductive Reasoning,LV,4.12,8,0.125,3.88,4.37,N,N,08/2018,Analyst
11-9032.00,1.A.1.b.6,Information Ordering,IM,3.88,8,0.125,3.63,4.12,N,,08/2018,Analyst
11-9032.00,1.A.1.b.6,Information Ordering,LV,3.75,8,0.1637,3.4292,4.0708,N,N,08/2018,Analyst
11-9032.00,1.A.1.b.7,Category Flexibility,IM,3.88,8,0.125,3.63,4.12,N,,08/2018,Analyst
11-9032.00,1.A.1.b.7,Category Flexibility,LV,4.0,8,0.189,3.6296,4.3704,N,N,08/2018,Analyst
11-9032.00,1.A.1.c.1,Mathematical Reasoning,IM,3.12,8,0.125,2.88,3.37,N,,08/2018,Analyst
11-9032.00,1.A.1.c.1,Mathematical Reasoning,LV,3.38,8,0.183,3.0164,3.7336,N,N,08/2018,Analyst
11-9032.00,1.A.1.c.2,Number Facility,IM,2.88,8,0.125,2.63,3.12,N,,08/2018,Analyst
11-9032.00,1.A.1.c.2,Number Facility,LV,3.0,8,0.189,2.6296,3.3704,N,N,08/2018,Analyst
11-9032.00,1.A.1.d.1,Memorization,IM,2.88,8,0.125,2.63,3.12,N,,08/2018,Analyst
11-9032.00,1.A.1.d.1,Memorization,LV,2.88,8,0.125,2.63,3.12,N,N,08/2018,Analyst
11-9032.00,1.A.1.e.1,Speed of Closure,IM,2.88,8,0.125,2.63,3.12,N,,08/2018,Analyst
11-9032.00,1.A.1.e.1,Speed of Closure,LV,2.75,8,0.1637,2.4292,3.0708,N,N,08/2018,Analyst
11-9032.00,1.A.1.e.2,Flexibility of Closure,IM,3.12,8,0.125,2.88,3.37,N,,08/2018,Analyst
11-9032.00,1.A.1.e.2,Flexibility of Closure,LV,3.12,8,0.125,2.88,3.37,N,N,08/2018,Analyst
11-9032.00,1.A.1.e.3,Perceptual Speed,IM,2.75,8,0.25,2.26,3.24,N,,08/2018,Analyst
11-9032.00,1.A.1.e.3,Perceptual Speed,LV,2.38,8,0.183,2.0164,2.7336,N,N,08/2018,Analyst
11-9032.00,1.A.1.f.1,Spatial Orientation,IM,1.0,8,0.0,1.0,1.0,N,,08/2018,Analyst
11-9032.00,1.A.1.f.1,Spatial Orientation,LV,0.0,8,0.0,0.0,0.0,N,Y,08/2018,Analyst
11-9032.00,1.A.1.f.2,Visualization,IM,2.75,8,0.1637,2.4292,3.0708,N,,08/2018,Analyst
11-9032.00,1.A.1.f.2,Visualization,LV,2.75,8,0.1637,2.4292,3.0708,N,N,08/2018,Analyst
11-9032.00,1.A.1.g.1,Selective Attention,IM,3.0,8,0.0,3.0,3.0,N,,08/2018,Analyst
11-9032.00,1.A.1.g.1,Selective Attention,LV,3.0,8,0.0,3.0,3.0,N,N,08/2018,Analyst
11-9032.00,1.A.1.g.2,Time Sharing,IM,3.0,8,0.0,3.0,3.0,N,,08/2018,Analyst
11-9032.00,1.A.1.g.2,Time Sharing,LV,2.88,8,0.125,2.63,3.12,N,N,08/2018,Analyst
11-9032.00,1.A.2.a.1,Arm-Hand Steadiness,IM,1.5,8,0.189,1.1296,1.8704,N,,08/2018,Analyst
11-9032.00,1.A.2.a.1,Arm-Hand Steadiness,LV,0.5,8,0.189,0.1296,0.8704,N,N,08/2018,Analyst
11-9032.00,1.A.2.a.2,Manual Dexterity,IM,1.12,8,0.125,1.0,1.37,N,,08/2018,Analyst
11-9032.00,1.A.2.a.2,Manual Dexterity,LV,0.12,8,0.125,0.0,0.37,N,Y,08/2018,Analyst
11-9032.00,1.A.2.a.3,Finger Dexterity,IM,1.75,8,0.1637,1.4292,2.0708,N,,08/2018,Analyst
11-9032.00,1.A.2.a.3,Finger Dexterity,LV,1.38,8,0.3239,0.7402,2.0098,N,N,08/2018,Analyst
11-9032.00,1.A.2.b.1,Control Precision,IM,1.0,8,0.0,1.0,1.0,N,,08/2018,Analyst
11-9032.00,1.A.2.b.1,Control Precision,LV,0.0,8,0.0,0.0,0.0,N,Y,08/2018,Analyst
11-9032.00,1.A.2.b.2,Multilimb Coordination,IM,1.75,8,0.1637,1.4292,2.0708,N,,08/2018,Analyst
11-9032.00,1.A.2.b.2,Multilimb Coordination,LV,0.75,8,0.1637,0.4292,1.0708,N,N,08/2018,Analyst
11-9032.00,1.A.2.b.3,Response Orientation,IM,1.5,8,0.189,1.1296,1.8704,N,,08/2018,Analyst
11-9032.00,1.A.2.b.3,Response Orientation,LV,0.5,8,0.189,0.1296,0.8704,N,N,08/2018,Analyst
11-9032.00,1.A.2.b.4,Rate Control,IM,1.0,8,0.0,1.0,1.0,N,,08/2018,Analyst
11-9032.00,1.A.2.b.4,Rate Control,LV,0.0,8,0.0,0.0,0.0,N,Y,08/2018,Analyst
11-9032.00,1.A.2.c.1,Reaction Time,IM,1.25,8,0.1637,1.0,1.5708,N,,08/2018,Analyst
11-9032.00,1.A.2.c.1,Reaction Time,LV,0.25,8,0.1637,0.0,0.5708,N,Y,08/2018,Analyst
11-9032.00,1.A.2.c.2,Wrist-Finger Speed,IM,1.75,8,0.1637,1.4292,2.0708,N,,08/2018,Analyst
11-9032.00,1.A.2.c.2,Wrist-Finger Speed,LV,0.88,8,0.2266,0.4309,1.3191,N,N,08/2018,Analyst
11-9032.00,1.A.2.c.3,Speed of Limb Movement,IM,1.0,8,0.0,1.0,1.0,N,,08/2018,Analyst
11-9032.00,1.A.2.c.3,Speed of Limb Movement,LV,0.0,8,0.0,0.0,0.0,N,Y,08/2018,Analyst
11-9032.00,1.A.3.a.1,Static Strength,IM,1.88,8,0.125,1.63,2.12,N,,08/2018,Analyst
11-9032.00,1.A.3.a.1,Static Strength,LV,1.0,8,0.189,0.6296,1.3704,N,N,08/2018,Analyst
11-9032.00,1.A.3.a.2,Explosive Strength,IM,1.62,8,0.183,1.2664,1.9836,N,,08/2018,Analyst
11-9032.00,1.A.3.a.2,Explosive Strength,LV,0.62,8,0.183,0.2664,0.9836,N,N,08/2018,Analyst
11-9032.00,1.A.3.a.3,Dynamic Strength,IM,1.75,8,0.1637,1.4292,2.0708,N,,08/2018,Analyst
11-9032.00,1.A.3.a.3,Dynamic Strength,LV,0.75,8,0.1637,0.4292,1.0708,N,N,08/2018,Analyst
11-9032.00,1.A.3.a.4,Trunk Strength,IM,2.12,8,0.125,1.88,2.37,N,,08/2018,Analyst
11-9032.00,1.A.3.a.4,Trunk Strength,LV,2.12,8,0.125,1.88,2.37,N,N,08/2018,Analyst
11-9032.00,1.A.3.b.1,Stamina,IM,1.88,8,0.125,1.63,2.12,N,,08/2018,Analyst
11-9032.00,1.A.3.b.1,Stamina,LV,0.88,8,0.125,0.63,1.12,N,N,08/2018,Analyst
11-9032.00,1.A.3.c.1,Extent Flexibility,IM,1.62,8,0.183,1.2664,1.9836,N,,08/2018,Analyst
11-9032.00,1.A.3.c.1,Extent Flexibility,LV,0.62,8,0.183,0.2664,0.9836,N,N,08/2018,Analyst
11-9032.00,1.A.3.c.2,Dynamic Flexibility,IM,1.0,8,0.0,1.0,1.0,N,,08/2018,Analyst
11-9032.00,1.A.3.c.2,Dynamic Flexibility,LV,0.0,8,0.0,0.0,0.0,N,Y,08/2018,Analyst
11-9032.00,1.A.3.c.3,Gross Body Coordination,IM,1.75,8,0.1637,1.4292,2.0708,N,,08/2018,Analyst
11-9032.00,1.A.3.c.3,Gross Body Coordination,LV,0.75,8,0.1637,0.4292,1.0708,N,N,08/2018,Analyst
11-9032.00,1.A.3.c.4,Gross Body Equilibrium,IM,1.62,8,0.183,1.2664,1.9836,N,,08/2018,Analyst
11-9032.00,1.A.3.c.4,Gross Body Equilibrium,LV,0.62,8,0.183,0.2664,0.9836,N,N,08/2018,Analyst
11-9032.00,1.A.4.a.1,Near Vision,IM,3.88,8,0.125,3.63,4.12,N,,08/2018,Analyst
11-9032.00,1.A.4.a.1,Near Vision,LV,3.88,8,0.125,3.63,4.12,N,N,08/2018,Analyst
11-9032.00,1.A.4.a.2,Far Vision,IM,3.12,8,0.125,2.88,3.37,N,,08/2018,Analyst
11-9032.00,1.A.4.a.2,Far Vision,LV,3.25,8,0.1637,2.9292,3.5708,N,N,08/2018,Analyst
11-9032.00,1.A.4.a.3,Visual Color Discrimination,IM,2.0,8,0.189,1.6296,2.3704,N,,08/2018,Analyst
11-9032.00,1.A.4.a.3,Visual Color Discrimination,LV,1.5,8,0.2673,0.9762,2.0238,N,N,08/2018,Analyst
11-9032.00,1.A.4.a.4,Night Vision,IM,1.0,8,0.0,1.0,1.0,N,,08/2018,Analyst
11-9032.00,1.A.4.a.4,Night Vision,LV,0.0,8,0.0,0.0,0.0,N,Y,08/2018,Analyst
11-9032.00,1.A.4.a.5,Peripheral Vision,IM,1.0,8,0.0,1.0,1.0,N,,08/2018,Analyst
11-9032.00,1.A.4.a.5,Peripheral Vision,LV,0.0,8,0.0,0.0,0.0,N,Y,08/2018,Analyst
11-9032.00,1.A.4.a.6,Depth Perception,IM,1.88,8,0.125,1.63,2.12,N,,08/2018,Analyst
11-9032.00,1.A.4.a.6,Depth Perception,LV,0.88,8,0.125,0.63,1.12,N,N,08/2018,Analyst
11-9032.00,1.A.4.a.7,Glare Sensitivity,IM,1.0,8,0.0,1.0,1.0,N,,08/2018,Analyst
11-9032.00,1.A.4.a.7,Glare Sensitivity,LV,0.0,8,0.0,0.0,0.0,N,Y,08/2018,Analyst
11-9032.00,1.A.4.b.1,Hearing Sensitivity,IM,1.88,8,0.125,1.63,2.12,N,,08/2018,Analyst
11-9032.00,1.A.4.b.1,Hearing Sensitivity,LV,1.62,8,0.2631,1.1094,2.1406,N,N,08/2018,Analyst
11-9032.00,1.A.4.b.2,Auditory Attention,IM,2.25,8,0.1637,1.9292,2.5708,N,,08/2018,Analyst
11-9032.00,1.A.4.b.2,Auditory Attention,LV,2.12,8,0.125,1.88,2.37,N,N,08/2018,Analyst
11-9032.00,1.A.4.b.3,Sound Localization,IM,1.0,8,0.0,1.0,1.0,N,,08/2018,Analyst
11-9032.00,1.A.4.b.3,Sound Localization,LV,0.0,8,0.0,0.0,0.0,N,Y,08/2018,Analyst
11-9032.00,1.A.4.b.4,Speech Recognition,IM,4.12,8,0.2266,3.6809,4.5691,N,,08/2018,Analyst
11-9032.00,1.A.4.b.4,Speech Recognition,LV,4.25,8,0.1637,3.9292,4.5708,N,N,08/2018,Analyst
11-9032.00,1.A.4.b.5,Speech Clarity,IM,4.25,8,0.1637,3.9292,4.5708,N,,08/2018,Analyst
11-9032.00,1.A.4.b.5,Speech Clarity,LV,4.12,8,0.125,3.88,4.37,N,N,08/2018,Analyst
11-9033.00,1.A.1.a.1,Oral Comprehension,IM,4.0,8,0.189,3.6296,4.3704,N,,08/2018,Analyst
11-9033.00,1.A.1.a.1,Oral Comprehension,LV,4.88,8,0.125,4.63,5.12,N,N,08/2018,Analyst
11-9033.00,1.A.1.a.2,Written Comprehension,IM,4.12,8,0.125,3.88,4.37,N,,08/2018,Analyst
11-9033.00,1.A.1.a.2,Written Comprehension,LV,4.5,8,0.189,4.1296,4.8704,N,N,08/2018,Analyst
11-9033.00,1.A.1.a.3,Oral Expression,IM,4.12,8,0.125,3.88,4.37,N,,08/2018,Analyst
11-9033.00,1.A.1.a.3,Oral Expression,LV,4.88,8,0.125,4.63,5.12,N,N,08/2018,Analyst
11-9033.00,1.A.1.a.4,Written Expression,IM,4.12,8,0.125,3.88,4.37,N,,08/2018,Analyst
11-9033.00,1.A.1.a.4,Written Expression,LV,4.75,8,0.1637,4.4292,5.0708,N,N,08/2018,Analyst
11-9033.00,1.A.1.b.1,Fluency of Ideas,IM,3.75,8,0.1637,3.4292,4.0708,N,,08/2018,Analyst
11-9033.00,1.A.1.b.1,Fluency of Ideas,LV,3.88,8,0.125,3.63,4.12,N,N,08/2018,Analyst
11-9033.00,1.A.1.b.2,Originality,IM,3.88,8,0.125,3.63,4.12,N,,08/2018,Analyst
11-9033.00,1.A.1.b.2,Originality,LV,4.0,8,0.0,4.0,4.0,N,N,08/2018,Analyst
11-9033.00,1.A.1.b.3,Problem Sensitivity,IM,4.12,8,0.125,3.88,4.37,N,,08/2018,Analyst
11-9033.00,1.A.1.b.3,Problem Sensitivity,LV,3.88,8,0.125,3.63,4.12,N,N,08/2018,Analyst
11-9033.00,1.A.1.b.4,Deductive Reasoning,IM,3.88,8,0.125,3.63,4.12,N,,08/2018,Analyst
11-9033.00,1.A.1.b.4,Deductive Reasoning,LV,4.0,8,0.189,3.6296,4.3704,N,N,08/2018,Analyst
11-9033.00,1.A.1.b.5,Inductive Reasoning,IM,4.0,8,0.0,4.0,4.0,N,,08/2018,Analyst
11-9033.00,1.A.1.b.5,Inductive Reasoning,LV,4.12,8,0.125,3.88,4.37,N,N,08/2018,Analyst
11-9033.00,1.A.1.b.6,Information Ordering,IM,3.75,8,0.1637,3.4292,4.0708,N,,08/2018,Analyst
11-9033.00,1.A.1.b.6,Information Ordering,LV,3.88,8,0.125,3.63,4.12,N,N,08/2018,Analyst
11-9033.00,1.A.1.b.7,Category Flexibility,IM,3.62,8,0.183,3.2664,3.9836,N,,08/2018,Analyst
11-9033.00,1.A.1.b.7,Category Flexibility,LV,3.75,8,0.1637,3.4292,4.0708,N,N,08/2018,Analyst
11-9033.00,1.A.1.c.1,Mathematical Reasoning,IM,2.88,8,0.125,2.63,3.12,N,,08/2018,Analyst
11-9033.00,1.A.1.c.1,Mathematical Reasoning,LV,3.25,8,0.1637,2.9292,3.5708,N,N,08/2018,Analyst
11-9033.00,1.A.1.c.2,Number Facility,IM,2.88,8,0.125,2.63,3.12,N,,08/2018,Analyst
11-9033.00,1.A.1.c.2,Number Facility,LV,3.0,8,0.0,3.0,3.0,N,N,08/2018,Analyst
11-9033.00,1.A.1.d.1,Memorization,IM,2.75,8,0.1637,2.4292,3.0708,N,,08/2018,Analyst
11-9033.00,1.A.1.d.1,Memorization,LV,2.75,8,0.1637,2.4292,3.0708,N,N,08/2018,Analyst
11-9033.00,1.A.1.e.1,Speed of Closure,IM,2.88,8,0.125,2.63,3.12,N,,08/2018,Analyst
11-9033.00,1.A.1.e.1,Speed of Closure,LV,2.75,8,0.1637,2.4292,3.0708,N,N,08/2018,Analyst
11-9033.00,1.A.1.e.2,Flexibility of Closure,IM,3.12,8,0.125,2.88,3.37,N,,08/2018,Analyst
11-9033.00,1.A.1.e.2,Flexibility of Closure,LV,3.12,8,0.125,2.88,3.37,N,N,08/2018,Analyst
11-9033.00,1.A.1.e.3,Perceptual Speed,IM,2.62,8,0.183,2.2664,2.9836,N,,08/2018,Analyst
11-9033.00,1.A.1.e.3,Perceptual Speed,LV,2.62,8,0.183,2.2664,2.9836,N,N,08/2018,Analyst
11-9033.00,1.A.1.f.1,Spatial Orientation,IM,1.0,8,0.0,1.0,1.0,N,,08/2018,Analyst
11-9033.00,1.A.1.f.1,Spatial Orientation,LV,0.0,8,0.0,0.0,0.0,N,Y,08/2018,Analyst
11-9033.00,1.A.1.f.2,Visualization,IM,2.62,8,0.183,2.2664,2.9836,N,,08/2018,Analyst
11-9033.00,1.A.1.f.2,Visualization,LV,2.25,8,0.1637,1.9292,2.5708,N,N,08/2018,Analyst
11-9033.00,1.A.1.g.1,Selective Attention,IM,3.38,8,0.183,3.0164,3.7336,N,,08/2018,Analyst
11-9033.00,1.A.1.g.1,Selective Attention,LV,3.0,8,0.189,2.6296,3.3704,N,N,08/2018,Analyst
11-9033.00,1.A.1.g.2,Time Sharing,IM,2.75,8,0.1637,2.4292,3.0708,N,,08/2018,Analyst
11-9033.00,1.A.1.g.2,Time Sharing,LV,2.62,8,0.183,2.2664,2.9836,N,N,08/2018,Analyst
11-9033.00,1.A.2.a.1,Arm-Hand Steadiness,IM,1.12,8,0.125,1.0,1.37,N,,08/2018,Analyst
11-9033.00,1.A.2.a.1,Arm-Hand Steadiness,LV,0.12,8,0.125,0.0,0.37,N,Y,08/2018,Analyst
11-9033.00,1.A.2.a.2,Manual Dexterity,IM,1.0,8,0.0,1.0,1.0,N,,08/2018,Analyst
11-9033.00,1.A.2.a.2,Manual Dexterity,LV,0.0,8,0.0,0.0,0.0,N,Y,08/2018,Analyst
11-9033.00,1.A.2.a.3,Finger Dexterity,IM,1.62,8,0.183,1.2664,1.9836,N,,08/2018,Analyst
11-9033.00,1.A.2.a.3,Finger Dexterity,LV,1.12,8,0.3504,0.4383,1.8117,N,N,08/2018,Analyst
11-9033.00,1.A.2.b.1,Control Precision,IM,1.0,8,0.0,1.0,1.0,N,,08/2018,Analyst
11-9033.00,1.A.2.b.1,Control Precision,LV,0.0,8,0.0,0.0,0.0,N,Y,08/2018,Analyst
11-9033.00,1.A.2.b.2,Multilimb Coordination,IM,1.0,8,0.0,1.0,1.0,N,,08/2018,Analyst
11-9033.00,1.A.2.b.2,Multilimb Coordination,LV,0.0,8,0.0,0.0,0.0,N,Y,08/2018,Analyst
11-9033.00,1.A.2.b.3,Response Orientation,IM,1.0,8,0.0,1.0,1.0,N,,08/2018,Analyst
11-9033.00,1.A.2.b.3,Response Orientation,LV,0.0,8,0.0,0.0,0.0,N,Y,08/2018,Analyst
11-9033.00,1.A.2.b.4,Rate Control,IM,1.0,8,0.0,1.0,1.0,N,,08/2018,Analyst
11-9033.00,1.A.2.b.4,Rate Control,LV,0.0,8,0.0,0.0,0.0,N,Y,08/2018,Analyst
11-9033.00,1.A.2.c.1,Reaction Time,IM,1.0,8,0.0,1.0,1.0,N,,08/2018,Analyst
11-9033.00,1.A.2.c.1,Reaction Time,LV,0.0,8,0.0,0.0,0.0,N,Y,08/2018,Analyst
11-9033.00,1.A.2.c.2,Wrist-Finger Speed,IM,1.0,8,0.0,1.0,1.0,N,,08/2018,Analyst
11-9033.00,1.A.2.c.2,Wrist-Finger Speed,LV,0.0,8,0.0,0.0,0.0,N,Y,08/2018,Analyst
11-9033.00,1.A.2.c.3,Speed of Limb Movement,IM,1.0,8,0.0,1.0,1.0,N,,08/2018,Analyst
11-9033.00,1.A.2.c.3,Speed of Limb Movement,LV,0.0,8,0.0,0.0,0.0,N,Y,08/2018,Analyst
11-9033.00,1.A.3.a.1,Static Strength,IM,1.0,8,0.0,1.0,1.0,N,,08/2018,Analyst
11-9033.00,1.A.3.a.1,Static Strength,LV,0.0,8,0.0,0.0,0.0,N,Y,08/2018,Analyst
11-9033.00,1.A.3.a.2,Explosive Strength,IM,1.0,8,0.0,1.0,1.0,N,,08/2018,Analyst
11-9033.00,1.A.3.a.2,Explosive Strength,LV,0.0,8,0.0,0.0,0.0,N,Y,08/2018,Analyst
11-9033.00,1.A.3.a.3,Dynamic Strength,IM,1.25,8,0.1637,1.0,1.5708,N,,08/2018,Analyst
11-9033.00,1.A.3.a.3,Dynamic Strength,LV,0.25,8,0.1637,0.0,0.5708,N,Y,08/2018,Analyst
11-9033.00,1.A.3.a.4,Trunk Strength,IM,1.5,8,0.189,1.1296,1.8704,N,,08/2018,Analyst
11-9033.00,1.A.3.a.4,Trunk Strength,LV,0.75,8,0.3134,0.1358,1.3642,N,N,08/2018,Analyst
11-9033.00,1.A.3.b.1,Stamina,IM,1.0,8,0.0,1.0,1.0,N,,08/2018,Analyst
11-9033.00,1.A.3.b.1,Stamina,LV,0.0,8,0.0,0.0,0.0,N,Y,08/2018,Analyst
11-9033.00,1.A.3.c.1,Extent Flexibility,IM,1.0,8,0.0,1.0,1.0,N,,08/2018,Analyst
11-9033.00,1.A.3.c.1,Extent Flexibility,LV,0.0,8,0.0,0.0,0.0,N,Y,08/2018,Analyst
11-9033.00,1.A.3.c.2,Dynamic Flexibility,IM,1.0,8,0.0,1.0,1.0,N,,08/2018,Analyst
11-9033.00,1.A.3.c.2,Dynamic Flexibility,LV,0.0,8,0.0,0.0,0.0,N,Y,08/2018,Analyst
11-9033.00,1.A.3.c.3,Gross Body Coordination,IM,1.0,8,0.0,1.0,1.0,N,,08/2018,Analyst
11-9033.00,1.A.3.c.3,Gross Body Coordination,LV,0.0,8,0.0,0.0,0.0,N,Y,08/2018,Analyst
11-9033.00,1.A.3.c.4,Gross Body Equilibrium,IM,1.0,8,0.0,1.0,1.0,N,,08/2018,Analyst
11-9033.00,1.A.3.c.4,Gross Body Equilibrium,LV,0.0,8,0.0,0.0,0.0,N,Y,08/2018,Analyst
11-9033.00,1.A.4.a.1,Near Vision,IM,3.75,8,0.1637,3.4292,4.0708,N,,08/2018,Analyst
11-9033.00,1.A.4.a.1,Near Vision,LV,3.5,8,0.189,3.1296,3.8704,N,N,08/2018,Analyst
11-9033.00,1.A.4.a.2,Far Vision,IM,2.75,8,0.1637,2.4292,3.0708,N,,08/2018,Analyst
11-9033.00,1.A.4.a.2,Far Vision,LV,2.62,8,0.2631,2.1094,3.1406,N,N,08/2018,Analyst
11-9033.00,1.A.4.a.3,Visual Color Discrimination,IM,2.0,8,0.0,2.0,2.0,N,,08/2018,Analyst
11-9033.00,1.A.4.a.3,Visual Color Discrimination,LV,1.75,8,0.1637,1.4292,2.0708,N,N,08/2018,Analyst
11-9033.00,1.A.4.a.4,Night Vision,IM,1.0,8,0.0,1.0,1.0,N,,08/2018,Analyst
11-9033.00,1.A.4.a.4,Night Vision,LV,0.0,8,0.0,0.0,0.0,N,Y,08/2018,Analyst
11-9033.00,1.A.4.a.5,Peripheral Vision,IM,1.0,8,0.0,1.0,1.0,N,,08/2018,Analyst
11-9033.00,1.A.4.a.5,Peripheral Vision,LV,0.0,8,0.0,0.0,0.0,N,Y,08/2018,Analyst
11-9033.00,1.A.4.a.6,Depth Perception,IM,1.12,8,0.125,1.0,1.37,N,,08/2018,Analyst
11-9033.00,1.A.4.a.6,Depth Perception,LV,0.12,8,0.125,0.0,0.37,N,Y,08/2018,Analyst
11-9033.00,1.A.4.a.7,Glare Sensitivity,IM,1.0,8,0.0,1.0,1.0,N,,08/2018,Analyst
11-9033.00,1.A.4.a.7,Glare Sensitivity,LV,0.0,8,0.0,0.0,0.0,N,Y,08/2018,Analyst
11-9033.00,1.A.4.b.1,Hearing Sensitivity,IM,2.0,8,0.0,2.0,2.0,N,,08/2018,Analyst
11-9033.00,1.A.4.b.1,Hearing Sensitivity,LV,1.88,8,0.125,1.63,2.12,N,N,08/2018,Analyst
11-9033.00,1.A.4.b.2,Auditory Attention,IM,2.0,8,0.0,2.0,2.0,N,,08/2018,Analyst
11-9033.00,1.A.4.b.2,Auditory Attention,LV,1.38,8,0.183,1.0164,1.7336,N,N,08/2018,Analyst
11-9033.00,1.A.4.b.3,Sound Localization,IM,1.0,8,0.0,1.0,1.0,N,,08/2018,Analyst
11-9033.00,1.A.4.b.3,Sound Localization,LV,0.0,8,0.0,0.0,0.0,N,Y,08/2018,Analyst
11-9033.00,1.A.4.b.4,Speech Recognition,IM,4.0,8,0.0,4.0,4.0,N,,08/2018,Analyst
11-9033.00,1.A.4.b.4,Speech Recognition,LV,4.0,8,0.0,4.0,4.0,N,N,08/2018,Analyst
11-9033.00,1.A.4.b.5,Speech Clarity,IM,4.0,8,0.0,4.0,4.0,N,,08/2018,Analyst
11-9033.00,1.A.4.b.5,Speech Clarity,LV,4.12,8,0.125,3.88,4.37,N,N,08/2018,Analyst
11-9041.00,1.A.1.a.1,Oral Comprehension,IM,4.12,8,0.125,3.88,4.37,N,,08/2020,Analyst
11-9041.00,1.A.1.a.1,Oral Comprehension,LV,4.75,8,0.1637,4.4292,5.0708,N,N,08/2020,Analyst
11-9041.00,1.A.1.a.2,Written Comprehension,IM,4.25,8,0.1637,3.9292,4.5708,N,,08/2020,Analyst
11-9041.00,1.A.1.a.2,Written Comprehension,LV,4.75,8,0.1637,4.4292,5.0708,N,N,08/2020,Analyst
11-9041.00,1.A.1.a.3,Oral Expression,IM,4.12,8,0.125,3.88,4.37,N,,08/2020,Analyst
11-9041.00,1.A.1.a.3,Oral Expression,LV,4.75,8,0.1637,4.4292,5.0708,N,N,08/2020,Analyst
11-9041.00,1.A.1.a.4,Written Expression,IM,3.88,8,0.125,3.63,4.12,N,,08/2020,Analyst
11-9041.00,1.A.1.a.4,Written Expression,LV,4.62,8,0.183,4.2664,4.9836,N,N,08/2020,Analyst
11-9041.00,1.A.1.b.1,Fluency of Ideas,IM,3.75,8,0.1637,3.4292,4.0708,N,,08/2020,Analyst
11-9041.00,1.A.1.b.1,Fluency of Ideas,LV,4.12,8,0.125,3.88,4.37,N,N,08/2020,Analyst
11-9041.00,1.A.1.b.2,Originality,IM,3.62,8,0.183,3.2664,3.9836,N,,08/2020,Analyst
11-9041.00,1.A.1.b.2,Originality,LV,4.0,8,0.189,3.6296,4.3704,N,N,08/2020,Analyst
11-9041.00,1.A.1.b.3,Problem Sensitivity,IM,3.88,8,0.125,3.63,4.12,N,,08/2020,Analyst
11-9041.00,1.A.1.b.3,Problem Sensitivity,LV,4.12,8,0.125,3.88,4.37,N,N,08/2020,Analyst
11-9041.00,1.A.1.b.4,Deductive Reasoning,IM,3.88,8,0.125,3.63,4.12,N,,08/2020,Analyst
11-9041.00,1.A.1.b.4,Deductive Reasoning,LV,4.25,8,0.1637,3.9292,4.5708,N,N,08/2020,Analyst
11-9041.00,1.A.1.b.5,Inductive Reasoning,IM,3.88,8,0.125,3.63,4.12,N,,08/2020,Analyst
11-9041.00,1.A.1.b.5,Inductive Reasoning,LV,4.25,8,0.1637,3.9292,4.5708,N,N,08/2020,Analyst
11-9041.00,1.A.1.b.6,Information Ordering,IM,3.75,8,0.1637,3.4292,4.0708,N,,08/2020,Analyst
11-9041.00,1.A.1.b.6,Information Ordering,LV,3.88,8,0.125,3.63,4.12,N,N,08/2020,Analyst
11-9041.00,1.A.1.b.7,Category Flexibility,IM,3.25,8,0.1637,2.9292,3.5708,N,,08/2020,Analyst
11-9041.00,1.A.1.b.7,Category Flexibility,LV,3.88,8,0.125,3.63,4.12,N,N,08/2020,Analyst
11-9041.00,1.A.1.c.1,Mathematical Reasoning,IM,3.88,8,0.125,3.63,4.12,N,,08/2020,Analyst
11-9041.00,1.A.1.c.1,Mathematical Reasoning,LV,4.12,8,0.2266,3.6809,4.5691,N,N,08/2020,Analyst
11-9041.00,1.A.1.c.2,Number Facility,IM,3.38,8,0.183,3.0164,3.7336,N,,08/2020,Analyst
11-9041.00,1.A.1.c.2,Number Facility,LV,4.0,8,0.0,4.0,4.0,N,N,08/2020,Analyst
11-9041.00,1.A.1.d.1,Memorization,IM,2.75,8,0.1637,2.4292,3.0708,N,,08/2020,Analyst
11-9041.00,1.A.1.d.1,Memorization,LV,2.88,8,0.125,2.63,3.12,N,N,08/2020,Analyst
11-9041.00,1.A.1.e.1,Speed of Closure,IM,2.88,8,0.125,2.63,3.12,N,,08/2020,Analyst
11-9041.00,1.A.1.e.1,Speed of Closure,LV,3.0,8,0.0,3.0,3.0,N,N,08/2020,Analyst
11-9041.00,1.A.1.e.2,Flexibility of Closure,IM,3.12,8,0.125,2.88,3.37,N,,08/2020,Analyst
11-9041.00,1.A.1.e.2,Flexibility of Closure,LV,3.5,8,0.189,3.1296,3.8704,N,N,08/2020,Analyst
11-9041.00,1.A.1.e.3,Perceptual Speed,IM,2.88,8,0.125,2.63,3.12,N,,08/2020,Analyst
11-9041.00,1.A.1.e.3,Perceptual Speed,LV,3.0,8,0.0,3.0,3.0,N,N,08/2020,Analyst
11-9041.00,1.A.1.f.1,Spatial Orientation,IM,1.38,8,0.183,1.0164,1.7336,N,,08/2020,Analyst
11-9041.00,1.A.1.f.1,Spatial Orientation,LV,0.5,8,0.2673,0.0,1.0238,N,N,08/2020,Analyst
11-9041.00,1.A.1.f.2,Visualization,IM,3.75,8,0.1637,3.4292,4.0708,N,,08/2020,Analyst
11-9041.00,1.A.1.f.2,Visualization,LV,4.25,8,0.1637,3.9292,4.5708,N,N,08/2020,Analyst
11-9041.00,1.A.1.g.1,Selective Attention,IM,3.12,8,0.125,2.88,3.37,N,,08/2020,Analyst
11-9041.00,1.A.1.g.1,Selective Attention,LV,3.25,8,0.1637,2.9292,3.5708,N,N,08/2020,Analyst
11-9041.00,1.A.1.g.2,Time Sharing,IM,2.5,8,0.189,2.1296,2.8704,N,,08/2020,Analyst
11-9041.00,1.A.1.g.2,Time Sharing,LV,2.62,8,0.183,2.2664,2.9836,N,N,08/2020,Analyst
11-9041.00,1.A.2.a.1,Arm-Hand Steadiness,IM,2.0,8,0.0,2.0,2.0,N,,08/2020,Analyst
11-9041.00,1.A.2.a.1,Arm-Hand Steadiness,LV,1.75,8,0.1637,1.4292,2.0708,N,N,08/2020,Analyst
11-9041.00,1.A.2.a.2,Manual Dexterity,IM,2.0,8,0.0,2.0,2.0,N,,08/2020,Analyst
11-9041.00,1.A.2.a.2,Manual Dexterity,LV,1.88,8,0.125,1.63,2.12,N,N,08/2020,Analyst
11-9041.00,1.A.2.a.3,Finger Dexterity,IM,2.12,8,0.125,1.88,2.37,N,,08/2020,Analyst
11-9041.00,1.A.2.a.3,Finger Dexterity,LV,2.25,8,0.1637,1.9292,2.5708,N,N,08/2020,Analyst
11-9041.00,1.A.2.b.1,Control Precision,IM,2.0,8,0.0,2.0,2.0,N,,08/2020,Analyst
11-9041.00,1.A.2.b.1,Control Precision,LV,2.0,8,0.0,2.0,2.0,N,N,08/2020,Analyst
11-9041.00,1.A.2.b.2,Multilimb Coordination,IM,1.62,8,0.183,1.2664,1.9836,N,,08/2020,Analyst
11-9041.00,1.A.2.b.2,Multilimb Coordination,LV,0.75,8,0.25,0.26,1.24,N,N,08/2020,Analyst
11-9041.00,1.A.2.b.3,Response Orientation,IM,1.0,8,0.0,1.0,1.0,N,,08/2020,Analyst
11-9041.00,1.A.2.b.3,Response Orientation,LV,0.0,8,0.0,0.0,0.0,N,Y,08/2020,Analyst
11-9041.00,1.A.2.b.4,Rate Control,IM,1.0,8,0.0,1.0,1.0,N,,08/2020,Analyst
11-9041.00,1.A.2.b.4,Rate Control,LV,0.0,8,0.0,0.0,0.0,N,Y,08/2020,Analyst
11-9041.00,1.A.2.c.1,Reaction Time,IM,1.0,8,0.0,1.0,1.0,N,,08/2020,Analyst
11-9041.00,1.A.2.c.1,Reaction Time,LV,0.0,8,0.0,0.0,0.0,N,Y,08/2020,Analyst
11-9041.00,1.A.2.c.2,Wrist-Finger Speed,IM,1.25,8,0.1637,1.0,1.5708,N,,08/2020,Analyst
11-9041.00,1.A.2.c.2,Wrist-Finger Speed,LV,0.5,8,0.3273,0.0,1.1416,N,Y,08/2020,Analyst
11-9041.00,1.A.2.c.3,Speed of Limb Movement,IM,1.0,8,0.0,1.0,1.0,N,,08/2020,Analyst
11-9041.00,1.A.2.c.3,Speed of Limb Movement,LV,0.0,8,0.0,0.0,0.0,N,Y,08/2020,Analyst
11-9041.00,1.A.3.a.1,Static Strength,IM,1.0,8,0.0,1.0,1.0,N,,08/2020,Analyst
11-9041.00,1.A.3.a.1,Static Strength,LV,0.0,8,0.0,0.0,0.0,N,Y,08/2020,Analyst
11-9041.00,1.A.3.a.2,Explosive Strength,IM,1.0,8,0.0,1.0,1.0,N,,08/2020,Analyst
11-9041.00,1.A.3.a.2,Explosive Strength,LV,0.0,8,0.0,0.0,0.0,N,Y,08/2020,Analyst
11-9041.00,1.A.3.a.3,Dynamic Strength,IM,1.0,8,0.0,1.0,1.0,N,,08/2020,Analyst
11-9041.00,1.A.3.a.3,Dynamic Strength,LV,0.0,8,0.0,0.0,0.0,N,Y,08/2020,Analyst
11-9041.00,1.A.3.a.4,Trunk Strength,IM,1.5,8,0.189,1.1296,1.8704,N,,08/2020,Analyst
11-9041.00,1.A.3.a.4,Trunk Strength,LV,0.75,8,0.3134,0.1358,1.3642,N,N,08/2020,Analyst
11-9041.00,1.A.3.b.1,Stamina,IM,1.0,8,0.0,1.0,1.0,N,,08/2020,Analyst
11-9041.00,1.A.3.b.1,Stamina,LV,0.0,8,0.0,0.0,0.0,N,Y,08/2020,Analyst
11-9041.00,1.A.3.c.1,Extent Flexibility,IM,1.0,8,0.0,1.0,1.0,N,,08/2020,Analyst
11-9041.00,1.A.3.c.1,Extent Flexibility,LV,0.0,8,0.0,0.0,0.0,N,Y,08/2020,Analyst
11-9041.00,1.A.3.c.2,Dynamic Flexibility,IM,1.0,8,0.0,1.0,1.0,N,,08/2020,Analyst
11-9041.00,1.A.3.c.2,Dynamic Flexibility,LV,0.0,8,0.0,0.0,0.0,N,Y,08/2020,Analyst
11-9041.00,1.A.3.c.3,Gross Body Coordination,IM,1.0,8,0.0,1.0,1.0,N,,08/2020,Analyst
11-9041.00,1.A.3.c.3,Gross Body Coordination,LV,0.0,8,0.0,0.0,0.0,N,Y,08/2020,Analyst
11-9041.00,1.A.3.c.4,Gross Body Equilibrium,IM,1.0,8,0.0,1.0,1.0,N,,08/2020,Analyst
11-9041.00,1.A.3.c.4,Gross Body Equilibrium,LV,0.0,8,0.0,0.0,0.0,N,Y,08/2020,Analyst
11-9041.00,1.A.4.a.1,Near Vision,IM,3.75,8,0.1637,3.4292,4.0708,N,,08/2020,Analyst
11-9041.00,1.A.4.a.1,Near Vision,LV,4.0,8,0.0,4.0,4.0,N,N,08/2020,Analyst
11-9041.00,1.A.4.a.2,Far Vision,IM,3.25,8,0.1637,2.9292,3.5708,N,,08/2020,Analyst
11-9041.00,1.A.4.a.2,Far Vision,LV,3.62,8,0.183,3.2664,3.9836,N,N,08/2020,Analyst
11-9041.00,1.A.4.a.3,Visual Color Discrimination,IM,3.0,8,0.0,3.0,3.0,N,,08/2020,Analyst
11-9041.00,1.A.4.a.3,Visual Color Discrimination,LV,3.12,8,0.125,2.88,3.37,N,N,08/2020,Analyst
11-9041.00,1.A.4.a.4,Night Vision,IM,1.0,8,0.0,1.0,1.0,N,,08/2020,Analyst
11-9041.00,1.A.4.a.4,Night Vision,LV,0.0,8,0.0,0.0,0.0,N,Y,08/2020,Analyst
11-9041.00,1.A.4.a.5,Peripheral Vision,IM,1.0,8,0.0,1.0,1.0,N,,08/2020,Analyst
11-9041.00,1.A.4.a.5,Peripheral Vision,LV,0.0,8,0.0,0.0,0.0,N,Y,08/2020,Analyst
11-9041.00,1.A.4.a.6,Depth Perception,IM,2.0,8,0.0,2.0,2.0,N,,08/2020,Analyst
11-9041.00,1.A.4.a.6,Depth Perception,LV,2.12,8,0.125,1.88,2.37,N,N,08/2020,Analyst
11-9041.00,1.A.4.a.7,Glare Sensitivity,IM,1.0,8,0.0,1.0,1.0,N,,08/2020,Analyst
11-9041.00,1.A.4.a.7,Glare Sensitivity,LV,0.0,8,0.0,0.0,0.0,N,Y,08/2020,Analyst
11-9041.00,1.A.4.b.1,Hearing Sensitivity,IM,1.88,8,0.125,1.63,2.12,N,,08/2020,Analyst
11-9041.00,1.A.4.b.1,Hearing Sensitivity,LV,1.62,8,0.2631,1.1094,2.1406,N,N,08/2020,Analyst
11-9041.00,1.A.4.b.2,Auditory Attention,IM,2.0,8,0.0,2.0,2.0,N,,08/2020,Analyst
11-9041.00,1.A.4.b.2,Auditory Attention,LV,2.0,8,0.0,2.0,2.0,N,N,08/2020,Analyst
11-9041.00,1.A.4.b.3,Sound Localization,IM,1.0,8,0.0,1.0,1.0,N,,08/2020,Analyst
11-9041.00,1.A.4.b.3,Sound Localization,LV,0.0,8,0.0,0.0,0.0,N,Y,08/2020,Analyst
11-9041.00,1.A.4.b.4,Speech Recognition,IM,3.75,8,0.1637,3.4292,4.0708,N,,08/2020,Analyst
11-9041.00,1.A.4.b.4,Speech Recognition,LV,3.88,8,0.125,3.63,4.12,N,N,08/2020,Analyst
11-9041.00,1.A.4.b.5,Speech Clarity,IM,4.0,8,0.0,4.0,4.0,N,,08/2020,Analyst
11-9041.00,1.A.4.b.5,Speech Clarity,LV,4.0,8,0.0,4.0,4.0,N,N,08/2020,Analyst
11-9041.01,1.A.1.a.1,Oral Comprehension,IM,4.0,8,0.189,3.6296,4.3704,N,,07/2014,Analyst
11-9041.01,1.A.1.a.1,Oral Comprehension,LV,4.25,8,0.1637,3.9292,4.5708,N,N,07/2014,Analyst
11-9041.01,1.A.1.a.2,Written Comprehension,IM,4.0,8,0.189,3.6296,4.3704,N,,07/2014,Analyst
11-9041.01,1.A.1.a.2,Written Comprehension,LV,4.25,8,0.1637,3.9292,4.5708,N,N,07/2014,Analyst
11-9041.01,1.A.1.a.3,Oral Expression,IM,3.75,8,0.25,3.26,4.24,N,,07/2014,Analyst
11-9041.01,1.A.1.a.3,Oral Expression,LV,4.25,8,0.1637,3.9292,4.5708,N,N,07/2014,Analyst
11-9041.01,1.A.1.a.4,Written Expression,IM,3.88,8,0.2266,3.4309,4.3191,N,,07/2014,Analyst
11-9041.01,1.A.1.a.4,Written Expression,LV,4.12,8,0.2266,3.6809,4.5691,N,N,07/2014,Analyst
11-9041.01,1.A.1.b.1,Fluency of Ideas,IM,3.38,8,0.2631,2.8594,3.8906,N,,07/2014,Analyst
11-9041.01,1.A.1.b.1,Fluency of Ideas,LV,3.88,8,0.2266,3.4309,4.3191,N,N,07/2014,Analyst
11-9041.01,1.A.1.b.2,Originality,IM,3.5,8,0.2673,2.9762,4.0238,N,,07/2014,Analyst
11-9041.01,1.A.1.b.2,Originality,LV,4.12,8,0.2266,3.6809,4.5691,N,N,07/2014,Analyst
11-9041.01,1.A.1.b.3,Problem Sensitivity,IM,4.0,8,0.189,3.6296,4.3704,N,,07/2014,Analyst
11-9041.01,1.A.1.b.3,Problem Sensitivity,LV,4.0,8,0.189,3.6296,4.3704,N,N,07/2014,Analyst
11-9041.01,1.A.1.b.4,Deductive Reasoning,IM,4.0,8,0.2673,3.4762,4.5238,N,,07/2014,Analyst
11-9041.01,1.A.1.b.4,Deductive Reasoning,LV,4.38,8,0.2631,3.8594,4.8906,N,N,07/2014,Analyst
11-9041.01,1.A.1.b.5,Inductive Reasoning,IM,3.75,8,0.25,3.26,4.24,N,,07/2014,Analyst
11-9041.01,1.A.1.b.5,Inductive Reasoning,LV,4.12,8,0.2266,3.6809,4.5691,N,N,07/2014,Analyst
11-9041.01,1.A.1.b.6,Information Ordering,IM,3.88,8,0.2266,3.4309,4.3191,N,,07/2014,Analyst
11-9041.01,1.A.1.b.6,Information Ordering,LV,3.88,8,0.125,3.63,4.12,N,N,07/2014,Analyst
11-9041.01,1.A.1.b.7,Category Flexibility,IM,3.5,8,0.189,3.1296,3.8704,N,,07/2014,Analyst
11-9041.01,1.A.1.b.7,Category Flexibility,LV,3.75,8,0.25,3.26,4.24,N,N,07/2014,Analyst
11-9041.01,1.A.1.c.1,Mathematical Reasoning,IM,3.5,8,0.2673,2.9762,4.0238,N,,07/2014,Analyst
11-9041.01,1.A.1.c.1,Mathematical Reasoning,LV,3.75,8,0.1637,3.4292,4.0708,N,N,07/2014,Analyst
11-9041.01,1.A.1.c.2,Number Facility,IM,3.25,8,0.25,2.76,3.74,N,,07/2014,Analyst
11-9041.01,1.A.1.c.2,Number Facility,LV,3.5,8,0.189,3.1296,3.8704,N,N,07/2014,Analyst
11-9041.01,1.A.1.d.1,Memorization,IM,2.62,8,0.183,2.2664,2.9836,N,,07/2014,Analyst
11-9041.01,1.A.1.d.1,Memorization,LV,3.0,8,0.2673,2.4762,3.5238,N,N,07/2014,Analyst
11-9041.01,1.A.1.e.1,Speed of Closure,IM,2.75,8,0.1637,2.4292,3.0708,N,,07/2014,Analyst
11-9041.01,1.A.1.e.1,Speed of Closure,LV,2.62,8,0.183,2.2664,2.9836,N,N,07/2014,Analyst
11-9041.01,1.A.1.e.2,Flexibility of Closure,IM,3.25,8,0.25,2.76,3.74,N,,07/2014,Analyst
11-9041.01,1.A.1.e.2,Flexibility of Closure,LV,3.25,8,0.25,2.76,3.74,N,N,07/2014,Analyst
11-9041.01,1.A.1.e.3,Perceptual Speed,IM,2.88,8,0.2266,2.4309,3.3191,N,,07/2014,Analyst
11-9041.01,1.A.1.e.3,Perceptual Speed,LV,3.38,8,0.183,3.0164,3.7336,N,N,07/2014,Analyst
11-9041.01,1.A.1.f.1,Spatial Orientation,IM,1.12,8,0.125,1.0,1.37,N,,07/2014,Analyst
11-9041.01,1.A.1.f.1,Spatial Orientation,LV,0.12,8,0.125,0.0,0.37,N,Y,07/2014,Analyst
11-9041.01,1.A.1.f.2,Visualization,IM,2.88,8,0.2266,2.4309,3.3191,N,,07/2014,Analyst
11-9041.01,1.A.1.f.2,Visualization,LV,3.25,8,0.1637,2.9292,3.5708,N,N,07/2014,Analyst
11-9041.01,1.A.1.g.1,Selective Attention,IM,3.5,8,0.189,3.1296,3.8704,N,,07/2014,Analyst
11-9041.01,1.A.1.g.1,Selective Attention,LV,3.38,8,0.2631,2.8594,3.8906,N,N,07/2014,Analyst
11-9041.01,1.A.1.g.2,Time Sharing,IM,2.88,8,0.2266,2.4309,3.3191,N,,07/2014,Analyst
11-9041.01,1.A.1.g.2,Time Sharing,LV,3.0,8,0.3273,2.3584,3.6416,N,N,07/2014,Analyst
11-9041.01,1.A.2.a.1,Arm-Hand Steadiness,IM,2.75,8,0.1637,2.4292,3.0708,N,,07/2014,Analyst
11-9041.01,1.A.2.a.1,Arm-Hand Steadiness,LV,2.75,8,0.1637,2.4292,3.0708,N,N,07/2014,Analyst
11-9041.01,1.A.2.a.2,Manual Dexterity,IM,2.38,8,0.183,2.0164,2.7336,N,,07/2014,Analyst
11-9041.01,1.A.2.a.2,Manual Dexterity,LV,2.5,8,0.2673,1.9762,3.0238,N,N,07/2014,Analyst
11-9041.01,1.A.2.a.3,Finger Dexterity,IM,2.88,8,0.125,2.63,3.12,N,,07/2014,Analyst
11-9041.01,1.A.2.a.3,Finger Dexterity,LV,3.0,8,0.189,2.6296,3.3704,N,N,07/2014,Analyst
11-9041.01,1.A.2.b.1,Control Precision,IM,2.38,8,0.183,2.0164,2.7336,N,,07/2014,Analyst
11-9041.01,1.A.2.b.1,Control Precision,LV,2.75,8,0.1637,2.4292,3.0708,N,N,07/2014,Analyst
11-9041.01,1.A.2.b.2,Multilimb Coordination,IM,2.0,8,0.189,1.6296,2.3704,N,,07/2014,Analyst
11-9041.01,1.A.2.b.2,Multilimb Coordination,LV,1.88,8,0.3504,1.1883,2.5617,N,N,07/2014,Analyst
11-9041.01,1.A.2.b.3,Response Orientation,IM,1.88,8,0.2266,1.4309,2.3191,N,,07/2014,Analyst
11-9041.01,1.A.2.b.3,Response Orientation,LV,1.25,8,0.3134,0.6358,1.8642,N,N,07/2014,Analyst
11-9041.01,1.A.2.b.4,Rate Control,IM,1.75,8,0.1637,1.4292,2.0708,N,,07/2014,Analyst
11-9041.01,1.A.2.b.4,Rate Control,LV,1.12,8,0.295,0.5467,1.7033,N,N,07/2014,Analyst
11-9041.01,1.A.2.c.1,Reaction Time,IM,1.75,8,0.1637,1.4292,2.0708,N,,07/2014,Analyst
11-9041.01,1.A.2.c.1,Reaction Time,LV,1.25,8,0.3134,0.6358,1.8642,N,N,07/2014,Analyst
11-9041.01,1.A.2.c.2,Wrist-Finger Speed,IM,1.75,8,0.1637,1.4292,2.0708,N,,07/2014,Analyst
11-9041.01,1.A.2.c.2,Wrist-Finger Speed,LV,1.0,8,0.2673,0.4762,1.5238,N,N,07/2014,Analyst
11-9041.01,1.A.2.c.3,Speed of Limb Movement,IM,1.0,8,0.0,1.0,1.0,N,,07/2014,Analyst
11-9041.01,1.A.2.c.3,Speed of Limb Movement,LV,0.0,8,0.0,0.0,0.0,N,Y,07/2014,Analyst
11-9041.01,1.A.3.a.1,Static Strength,IM,1.75,8,0.1637,1.4292,2.0708,N,,07/2014,Analyst
11-9041.01,1.A.3.a.1,Static Strength,LV,1.0,8,0.2673,0.4762,1.5238,N,N,07/2014,Analyst
11-9041.01,1.A.3.a.2,Explosive Strength,IM,1.0,8,0.0,1.0,1.0,N,,07/2014,Analyst
11-9041.01,1.A.3.a.2,Explosive Strength,LV,0.0,8,0.0,0.0,0.0,N,Y,07/2014,Analyst
11-9041.01,1.A.3.a.3,Dynamic Strength,IM,1.75,8,0.1637,1.4292,2.0708,N,,07/2014,Analyst
11-9041.01,1.A.3.a.3,Dynamic Strength,LV,1.0,8,0.2673,0.4762,1.5238,N,N,07/2014,Analyst
11-9041.01,1.A.3.a.4,Trunk Strength,IM,2.0,8,0.189,1.6296,2.3704,N,,07/2014,Analyst
11-9041.01,1.A.3.a.4,Trunk Strength,LV,1.62,8,0.2631,1.1094,2.1406,N,N,07/2014,Analyst
11-9041.01,1.A.3.b.1,Stamina,IM,1.88,8,0.125,1.63,2.12,N,,07/2014,Analyst
11-9041.01,1.A.3.b.1,Stamina,LV,1.25,8,0.25,0.76,1.74,N,N,07/2014,Analyst
11-9041.01,1.A.3.c.1,Extent Flexibility,IM,1.75,8,0.1637,1.4292,2.0708,N,,07/2014,Analyst
11-9041.01,1.A.3.c.1,Extent Flexibility,LV,1.12,8,0.295,0.5467,1.7033,N,N,07/2014,Analyst
11-9041.01,1.A.3.c.2,Dynamic Flexibility,IM,1.0,8,0.0,1.0,1.0,N,,07/2014,Analyst
11-9041.01,1.A.3.c.2,Dynamic Flexibility,LV,0.0,8,0.0,0.0,0.0,N,Y,07/2014,Analyst
11-9041.01,1.A.3.c.3,Gross Body Coordination,IM,1.75,8,0.1637,1.4292,2.0708,N,,07/2014,Analyst
11-9041.01,1.A.3.c.3,Gross Body Coordination,LV,1.25,8,0.3134,0.6358,1.8642,N,N,07/2014,Analyst
11-9041.01,1.A.3.c.4,Gross Body Equilibrium,IM,1.75,8,0.1637,1.4292,2.0708,N,,07/2014,Analyst
11-9041.01,1.A.3.c.4,Gross Body Equilibrium,LV,1.12,8,0.295,0.5467,1.7033,N,N,07/2014,Analyst
11-9041.01,1.A.4.a.1,Near Vision,IM,3.5,8,0.189,3.1296,3.8704,N,,07/2014,Analyst
11-9041.01,1.A.4.a.1,Near Vision,LV,3.75,8,0.25,3.26,4.24,N,N,07/2014,Analyst
11-9041.01,1.A.4.a.2,Far Vision,IM,3.12,8,0.2266,2.6809,3.5691,N,,07/2014,Analyst
11-9041.01,1.A.4.a.2,Far Vision,LV,3.25,8,0.1637,2.9292,3.5708,N,N,07/2014,Analyst
11-9041.01,1.A.4.a.3,Visual Color Discrimination,IM,2.88,8,0.295,2.2967,3.4533,N,,07/2014,Analyst
11-9041.01,1.A.4.a.3,Visual Color Discrimination,LV,3.5,8,0.2673,2.9762,4.0238,N,N,07/2014,Analyst
11-9041.01,1.A.4.a.4,Night Vision,IM,1.0,8,0.0,1.0,1.0,N,,07/2014,Analyst
11-9041.01,1.A.4.a.4,Night Vision,LV,0.0,8,0.0,0.0,0.0,N,Y,07/2014,Analyst
11-9041.01,1.A.4.a.5,Peripheral Vision,IM,1.0,8,0.0,1.0,1.0,N,,07/2014,Analyst
11-9041.01,1.A.4.a.5,Peripheral Vision,LV,0.0,8,0.0,0.0,0.0,N,Y,07/2014,Analyst
11-9041.01,1.A.4.a.6,Depth Perception,IM,2.25,8,0.25,1.76,2.74,N,,07/2014,Analyst
11-9041.01,1.A.4.a.6,Depth Perception,LV,2.0,8,0.378,1.2592,2.7408,N,N,07/2014,Analyst
11-9041.01,1.A.4.a.7,Glare Sensitivity,IM,1.0,8,0.0,1.0,1.0,N,,07/2014,Analyst
11-9041.01,1.A.4.a.7,Glare Sensitivity,LV,0.0,8,0.0,0.0,0.0,N,Y,07/2014,Analyst
11-9041.01,1.A.4.b.1,Hearing Sensitivity,IM,2.62,8,0.183,2.2664,2.9836,N,,07/2014,Analyst
11-9041.01,1.A.4.b.1,Hearing Sensitivity,LV,2.75,8,0.25,2.26,3.24,N,N,07/2014,Analyst
11-9041.01,1.A.4.b.2,Auditory Attention,IM,2.5,8,0.189,2.1296,2.8704,N,,07/2014,Analyst
11-9041.01,1.A.4.b.2,Auditory Attention,LV,2.5,8,0.189,2.1296,2.8704,N,N,07/2014,Analyst
11-9041.01,1.A.4.b.3,Sound Localization,IM,1.0,8,0.0,1.0,1.0,N,,07/2014,Analyst
11-9041.01,1.A.4.b.3,Sound Localization,LV,0.0,8,0.0,0.0,0.0,N,Y,07/2014,Analyst
11-9041.01,1.A.4.b.4,Speech Recognition,IM,3.38,8,0.183,3.0164,3.7336,N,,07/2014,Analyst
11-9041.01,1.A.4.b.4,Speech Recognition,LV,3.38,8,0.2631,2.8594,3.8906,N,N,07/2014,Analyst
11-9041.01,1.A.4.b.5,Speech Clarity,IM,3.38,8,0.183,3.0164,3.7336,N,,07/2014,Analyst
11-9041.01,1.A.4.b.5,Speech Clarity,LV,3.62,8,0.2631,3.1094,4.1406,N,N,07/2014,Analyst
11-9051.00,1.A.1.a.1,Oral Comprehension,IM,4.0,8,0.0,4.0,4.0,N,,07/2017,Analyst
11-9051.00,1.A.1.a.1,Oral Comprehension,LV,4.0,8,0.0,4.0,4.0,N,N,07/2017,Analyst
11-9051.00,1.A.1.a.2,Written Comprehension,IM,3.75,8,0.1637,3.4292,4.0708,N,,07/2017,Analyst
11-9051.00,1.A.1.a.2,Written Comprehension,LV,3.5,8,0.189,3.1296,3.8704,N,N,07/2017,Analyst
11-9051.00,1.A.1.a.3,Oral Expression,IM,4.0,8,0.0,4.0,4.0,N,,07/2017,Analyst
11-9051.00,1.A.1.a.3,Oral Expression,LV,4.0,8,0.0,4.0,4.0,N,N,07/2017,Analyst
11-9051.00,1.A.1.a.4,Written Expression,IM,3.38,8,0.183,3.0164,3.7336,N,,07/2017,Analyst
11-9051.00,1.A.1.a.4,Written Expression,LV,3.62,8,0.183,3.2664,3.9836,N,N,07/2017,Analyst
11-9051.00,1.A.1.b.1,Fluency of Ideas,IM,2.75,8,0.1637,2.4292,3.0708,N,,07/2017,Analyst
11-9051.00,1.A.1.b.1,Fluency of Ideas,LV,3.12,8,0.125,2.88,3.37,N,N,07/2017,Analyst
11-9051.00,1.A.1.b.2,Originality,IM,2.75,8,0.1637,2.4292,3.0708,N,,07/2017,Analyst
11-9051.00,1.A.1.b.2,Originality,LV,3.0,8,0.0,3.0,3.0,N,N,07/2017,Analyst
11-9051.00,1.A.1.b.3,Problem Sensitivity,IM,3.88,8,0.125,3.63,4.12,N,,07/2017,Analyst
11-9051.00,1.A.1.b.3,Problem Sensitivity,LV,3.75,8,0.1637,3.4292,4.0708,N,N,07/2017,Analyst
11-9051.00,1.A.1.b.4,Deductive Reasoning,IM,3.62,8,0.183,3.2664,3.9836,N,,07/2017,Analyst
11-9051.00,1.A.1.b.4,Deductive Reasoning,LV,3.5,8,0.189,3.1296,3.8704,N,N,07/2017,Analyst
11-9051.00,1.A.1.b.5,Inductive Reasoning,IM,3.25,8,0.1637,2.9292,3.5708,N,,07/2017,Analyst
11-9051.00,1.A.1.b.5,Inductive Reasoning,LV,3.0,8,0.0,3.0,3.0,N,N,07/2017,Analyst
11-9051.00,1.A.1.b.6,Information Ordering,IM,3.25,8,0.1637,2.9292,3.5708,N,,07/2017,Analyst
11-9051.00,1.A.1.b.6,Information Ordering,LV,3.12,8,0.125,2.88,3.37,N,N,07/2017,Analyst
11-9051.00,1.A.1.b.7,Category Flexibility,IM,3.0,8,0.0,3.0,3.0,N,,07/2017,Analyst
11-9051.00,1.A.1.b.7,Category Flexibility,LV,3.12,8,0.125,2.88,3.37,N,N,07/2017,Analyst
11-9051.00,1.A.1.c.1,Mathematical Reasoning,IM,2.88,8,0.125,2.63,3.12,N,,07/2017,Analyst
11-9051.00,1.A.1.c.1,Mathematical Reasoning,LV,2.75,8,0.1637,2.4292,3.0708,N,N,07/2017,Analyst
11-9051.00,1.A.1.c.2,Number Facility,IM,3.0,8,0.0,3.0,3.0,N,,07/2017,Analyst
11-9051.00,1.A.1.c.2,Number Facility,LV,3.12,8,0.125,2.88,3.37,N,N,07/2017,Analyst
11-9051.00,1.A.1.d.1,Memorization,IM,2.62,8,0.183,2.2664,2.9836,N,,07/2017,Analyst
11-9051.00,1.A.1.d.1,Memorization,LV,2.5,8,0.2673,1.9762,3.0238,N,N,07/2017,Analyst
11-9051.00,1.A.1.e.1,Speed of Closure,IM,2.75,8,0.1637,2.4292,3.0708,N,,07/2017,Analyst
11-9051.00,1.A.1.e.1,Speed of Closure,LV,2.25,8,0.1637,1.9292,2.5708,N,N,07/2017,Analyst
11-9051.00,1.A.1.e.2,Flexibility of Closure,IM,2.5,8,0.189,2.1296,2.8704,N,,07/2017,Analyst
11-9051.00,1.A.1.e.2,Flexibility of Closure,LV,2.62,8,0.183,2.2664,2.9836,N,N,07/2017,Analyst
11-9051.00,1.A.1.e.3,Perceptual Speed,IM,2.62,8,0.183,2.2664,2.9836,N,,07/2017,Analyst
11-9051.00,1.A.1.e.3,Perceptual Speed,LV,2.75,8,0.1637,2.4292,3.0708,N,N,07/2017,Analyst
11-9051.00,1.A.1.f.1,Spatial Orientation,IM,1.0,8,0.0,1.0,1.0,N,,07/2017,Analyst
11-9051.00,1.A.1.f.1,Spatial Orientation,LV,0.0,8,0.0,0.0,0.0,N,Y,07/2017,Analyst
11-9051.00,1.A.1.f.2,Visualization,IM,2.38,8,0.183,2.0164,2.7336,N,,07/2017,Analyst
11-9051.00,1.A.1.f.2,Visualization,LV,2.5,8,0.189,2.1296,2.8704,N,N,07/2017,Analyst
11-9051.00,1.A.1.g.1,Selective Attention,IM,3.0,8,0.0,3.0,3.0,N,,07/2017,Analyst
11-9051.00,1.A.1.g.1,Selective Attention,LV,3.0,8,0.0,3.0,3.0,N,N,07/2017,Analyst
11-9051.00,1.A.1.g.2,Time Sharing,IM,2.88,8,0.125,2.63,3.12,N,,07/2017,Analyst
11-9051.00,1.A.1.g.2,Time Sharing,LV,2.88,8,0.125,2.63,3.12,N,N,07/2017,Analyst
11-9051.00,1.A.2.a.1,Arm-Hand Steadiness,IM,3.0,8,0.0,3.0,3.0,N,,07/2017,Analyst
11-9051.00,1.A.2.a.1,Arm-Hand Steadiness,LV,2.88,8,0.125,2.63,3.12,N,N,07/2017,Analyst
11-9051.00,1.A.2.a.2,Manual Dexterity,IM,3.0,8,0.0,3.0,3.0,N,,07/2017,Analyst
11-9051.00,1.A.2.a.2,Manual Dexterity,LV,2.88,8,0.125,2.63,3.12,N,N,07/2017,Analyst
11-9051.00,1.A.2.a.3,Finger Dexterity,IM,3.0,8,0.0,3.0,3.0,N,,07/2017,Analyst
11-9051.00,1.A.2.a.3,Finger Dexterity,LV,2.88,8,0.125,2.63,3.12,N,N,07/2017,Analyst
11-9051.00,1.A.2.b.1,Control Precision,IM,2.38,8,0.183,2.0164,2.7336,N,,07/2017,Analyst
11-9051.00,1.A.2.b.1,Control Precision,LV,2.25,8,0.1637,1.9292,2.5708,N,N,07/2017,Analyst
11-9051.00,1.A.2.b.2,Multilimb Coordination,IM,2.12,8,0.125,1.88,2.37,N,,07/2017,Analyst
11-9051.00,1.A.2.b.2,Multilimb Coordination,LV,2.0,8,0.0,2.0,2.0,N,N,07/2017,Analyst
11-9051.00,1.A.2.b.3,Response Orientation,IM,1.62,8,0.183,1.2664,1.9836,N,,07/2017,Analyst
11-9051.00,1.A.2.b.3,Response Orientation,LV,0.75,8,0.25,0.26,1.24,N,N,07/2017,Analyst
11-9051.00,1.A.2.b.4,Rate Control,IM,1.75,8,0.1637,1.4292,2.0708,N,,07/2017,Analyst
11-9051.00,1.A.2.b.4,Rate Control,LV,0.75,8,0.1637,0.4292,1.0708,N,N,07/2017,Analyst
11-9051.00,1.A.2.c.1,Reaction Time,IM,1.88,8,0.125,1.63,2.12,N,,07/2017,Analyst
11-9051.00,1.A.2.c.1,Reaction Time,LV,1.0,8,0.189,0.6296,1.3704,N,N,07/2017,Analyst
11-9051.00,1.A.2.c.2,Wrist-Finger Speed,IM,2.0,8,0.0,2.0,2.0,N,,07/2017,Analyst
11-9051.00,1.A.2.c.2,Wrist-Finger Speed,LV,1.5,8,0.189,1.1296,1.8704,N,N,07/2017,Analyst
11-9051.00,1.A.2.c.3,Speed of Limb Movement,IM,1.62,8,0.183,1.2664,1.9836,N,,07/2017,Analyst
11-9051.00,1.A.2.c.3,Speed of Limb Movement,LV,1.0,8,0.3273,0.3584,1.6416,N,N,07/2017,Analyst
11-9051.00,1.A.3.a.1,Static Strength,IM,2.12,8,0.125,1.88,2.37,N,,07/2017,Analyst
11-9051.00,1.A.3.a.1,Static Strength,LV,2.12,8,0.125,1.88,2.37,N,N,07/2017,Analyst
11-9051.00,1.A.3.a.2,Explosive Strength,IM,1.62,8,0.183,1.2664,1.9836,N,,07/2017,Analyst
11-9051.00,1.A.3.a.2,Explosive Strength,LV,0.88,8,0.3504,0.1883,1.5617,N,N,07/2017,Analyst
11-9051.00,1.A.3.a.3,Dynamic Strength,IM,2.12,8,0.125,1.88,2.37,N,,07/2017,Analyst
11-9051.00,1.A.3.a.3,Dynamic Strength,LV,1.88,8,0.125,1.63,2.12,N,N,07/2017,Analyst
11-9051.00,1.A.3.a.4,Trunk Strength,IM,2.5,8,0.189,2.1296,2.8704,N,,07/2017,Analyst
11-9051.00,1.A.3.a.4,Trunk Strength,LV,2.38,8,0.183,2.0164,2.7336,N,N,07/2017,Analyst
11-9051.00,1.A.3.b.1,Stamina,IM,2.0,8,0.0,2.0,2.0,N,,07/2017,Analyst
11-9051.00,1.A.3.b.1,Stamina,LV,2.12,8,0.125,1.88,2.37,N,N,07/2017,Analyst
11-9051.00,1.A.3.c.1,Extent Flexibility,IM,2.12,8,0.125,1.88,2.37,N,,07/2017,Analyst
11-9051.00,1.A.3.c.1,Extent Flexibility,LV,2.12,8,0.125,1.88,2.37,N,N,07/2017,Analyst
11-9051.00,1.A.3.c.2,Dynamic Flexibility,IM,1.0,8,0.0,1.0,1.0,N,,07/2017,Analyst
11-9051.00,1.A.3.c.2,Dynamic Flexibility,LV,0.0,8,0.0,0.0,0.0,N,Y,07/2017,Analyst
11-9051.00,1.A.3.c.3,Gross Body Coordination,IM,2.0,8,0.0,2.0,2.0,N,,07/2017,Analyst
11-9051.00,1.A.3.c.3,Gross Body Coordination,LV,1.62,8,0.183,1.2664,1.9836,N,N,07/2017,Analyst
11-9051.00,1.A.3.c.4,Gross Body Equilibrium,IM,1.88,8,0.125,1.63,2.12,N,,07/2017,Analyst
11-9051.00,1.A.3.c.4,Gross Body Equilibrium,LV,1.12,8,0.2266,0.6809,1.5691,N,N,07/2017,Analyst
11-9051.00,1.A.4.a.1,Near Vision,IM,3.0,8,0.0,3.0,3.0,N,,07/2017,Analyst
11-9051.00,1.A.4.a.1,Near Vision,LV,3.25,8,0.1637,2.9292,3.5708,N,N,07/2017,Analyst
11-9051.00,1.A.4.a.2,Far Vision,IM,2.88,8,0.125,2.63,3.12,N,,07/2017,Analyst
11-9051.00,1.A.4.a.2,Far Vision,LV,3.0,8,0.0,3.0,3.0,N,N,07/2017,Analyst
11-9051.00,1.A.4.a.3,Visual Color Discrimination,IM,2.38,8,0.183,2.0164,2.7336,N,,07/2017,Analyst
11-9051.00,1.A.4.a.3,Visual Color Discrimination,LV,2.12,8,0.125,1.88,2.37,N,N,07/2017,Analyst
11-9051.00,1.A.4.a.4,Night Vision,IM,1.0,8,0.0,1.0,1.0,N,,07/2017,Analyst
11-9051.00,1.A.4.a.4,Night Vision,LV,0.0,8,0.0,0.0,0.0,N,Y,07/2017,Analyst
11-9051.00,1.A.4.a.5,Peripheral Vision,IM,1.0,8,0.0,1.0,1.0,N,,07/2017,Analyst
11-9051.00,1.A.4.a.5,Peripheral Vision,LV,0.0,8,0.0,0.0,0.0,N,Y,07/2017,Analyst
11-9051.00,1.A.4.a.6,Depth Perception,IM,1.88,8,0.125,1.63,2.12,N,,07/2017,Analyst
11-9051.00,1.A.4.a.6,Depth Perception,LV,1.62,8,0.2631,1.1094,2.1406,N,N,07/2017,Analyst
11-9051.00,1.A.4.a.7,Glare Sensitivity,IM,1.0,8,0.0,1.0,1.0,N,,07/2017,Analyst
11-9051.00,1.A.4.a.7,Glare Sensitivity,LV,0.0,8,0.0,0.0,0.0,N,Y,07/2017,Analyst
11-9051.00,1.A.4.b.1,Hearing Sensitivity,IM,2.25,8,0.25,1.76,2.74,N,,07/2017,Analyst
11-9051.00,1.A.4.b.1,Hearing Sensitivity,LV,1.75,8,0.25,1.26,2.24,N,N,07/2017,Analyst
11-9051.00,1.A.4.b.2,Auditory Attention,IM,2.75,8,0.1637,2.4292,3.0708,N,,07/2017,Analyst
11-9051.00,1.A.4.b.2,Auditory Attention,LV,2.62,8,0.183,2.2664,2.9836,N,N,07/2017,Analyst
11-9051.00,1.A.4.b.3,Sound Localization,IM,1.0,8,0.0,1.0,1.0,N,,07/2017,Analyst
11-9051.00,1.A.4.b.3,Sound Localization,LV,0.0,8,0.0,0.0,0.0,N,Y,07/2017,Analyst
11-9051.00,1.A.4.b.4,Speech Recognition,IM,3.25,8,0.1637,2.9292,3.5708,N,,07/2017,Analyst
11-9051.00,1.A.4.b.4,Speech Recognition,LV,3.0,8,0.0,3.0,3.0,N,N,07/2017,Analyst
11-9051.00,1.A.4.b.5,Speech Clarity,IM,3.62,8,0.183,3.2664,3.9836,N,,07/2017,Analyst
11-9051.00,1.A.4.b.5,Speech Clarity,LV,3.12,8,0.125,2.88,3.37,N,N,07/2017,Analyst
11-9071.00,1.A.1.a.1,Oral Comprehension,IM,3.88,8,0.125,3.63,4.12,N,,08/2023,Analyst
11-9071.00,1.A.1.a.1,Oral Comprehension,LV,4.0,8,0.0,4.0,4.0,N,N,08/2023,Analyst
11-9071.00,1.A.1.a.2,Written Comprehension,IM,3.38,8,0.183,3.0164,3.7336,N,,08/2023,Analyst
11-9071.00,1.A.1.a.2,Written Comprehension,LV,3.5,8,0.189,3.1296,3.8704,N,N,08/2023,Analyst
11-9071.00,1.A.1.a.3,Oral Expression,IM,4.0,8,0.0,4.0,4.0,N,,08/2023,Analyst
11-9071.00,1.A.1.a.3,Oral Expression,LV,4.0,8,0.0,4.0,4.0,N,N,08/2023,Analyst
11-9071.00,1.A.1.a.4,Written Expression,IM,3.5,8,0.189,3.1296,3.8704,N,,08/2023,Analyst
11-9071.00,1.A.1.a.4,Written Expression,LV,3.38,8,0.183,3.0164,3.7336,N,N,08/2023,Analyst
11-9071.00,1.A.1.b.1,Fluency of Ideas,IM,3.0,8,0.0,3.0,3.0,N,,08/2023,Analyst
11-9071.00,1.A.1.b.1,Fluency of Ideas,LV,3.0,8,0.0,3.0,3.0,N,N,08/2023,Analyst
11-9071.00,1.A.1.b.2,Originality,IM,2.75,8,0.1637,2.4292,3.0708,N,,08/2023,Analyst
11-9071.00,1.A.1.b.2,Originality,LV,2.88,8,0.125,2.63,3.12,N,N,08/2023,Analyst
11-9071.00,1.A.1.b.3,Problem Sensitivity,IM,3.75,8,0.1637,3.4292,4.0708,N,,08/2023,Analyst
11-9071.00,1.A.1.b.3,Problem Sensitivity,LV,4.0,8,0.0,4.0,4.0,N,N,08/2023,Analyst
11-9071.00,1.A.1.b.4,Deductive Reasoning,IM,3.75,8,0.1637,3.4292,4.0708,N,,08/2023,Analyst
11-9071.00,1.A.1.b.4,Deductive Reasoning,LV,3.75,8,0.1637,3.4292,4.0708,N,N,08/2023,Analyst
11-9071.00,1.A.1.b.5,Inductive Reasoning,IM,3.88,8,0.125,3.63,4.12,N,,08/2023,Analyst
11-9071.00,1.A.1.b.5,Inductive Reasoning,LV,3.75,8,0.1637,3.4292,4.0708,N,N,08/2023,Analyst
11-9071.00,1.A.1.b.6,Information Ordering,IM,3.5,8,0.189,3.1296,3.8704,N,,08/2023,Analyst
11-9071.00,1.A.1.b.6,Information Ordering,LV,3.62,8,0.183,3.2664,3.9836,N,N,08/2023,Analyst
11-9071.00,1.A.1.b.7,Category Flexibility,IM,3.25,8,0.1637,2.9292,3.5708,N,,08/2023,Analyst
11-9071.00,1.A.1.b.7,Category Flexibility,LV,3.12,8,0.125,2.88,3.37,N,N,08/2023,Analyst
11-9071.00,1.A.1.c.1,Mathematical Reasoning,IM,3.0,8,0.0,3.0,3.0,N,,08/2023,Analyst
11-9071.00,1.A.1.c.1,Mathematical Reasoning,LV,3.0,8,0.0,3.0,3.0,N,N,08/2023,Analyst
11-9071.00,1.A.1.c.2,Number Facility,IM,3.25,8,0.1637,2.9292,3.5708,N,,08/2023,Analyst
11-9071.00,1.A.1.c.2,Number Facility,LV,3.25,8,0.1637,2.9292,3.5708,N,N,08/2023,Analyst
11-9071.00,1.A.1.d.1,Memorization,IM,2.88,8,0.125,2.63,3.12,N,,08/2023,Analyst
11-9071.00,1.A.1.d.1,Memorization,LV,2.88,8,0.125,2.63,3.12,N,N,08/2023,Analyst
11-9071.00,1.A.1.e.1,Speed of Closure,IM,3.12,8,0.125,2.88,3.37,N,,08/2023,Analyst
11-9071.00,1.A.1.e.1,Speed of Closure,LV,3.12,8,0.125,2.88,3.37,N,N,08/2023,Analyst
11-9071.00,1.A.1.e.2,Flexibility of Closure,IM,3.25,8,0.1637,2.9292,3.5708,N,,08/2023,Analyst
11-9071.00,1.A.1.e.2,Flexibility of Closure,LV,3.25,8,0.1637,2.9292,3.5708,N,N,08/2023,Analyst
11-9071.00,1.A.1.e.3,Perceptual Speed,IM,3.12,8,0.125,2.88,3.37,N,,08/2023,Analyst
11-9071.00,1.A.1.e.3,Perceptual Speed,LV,3.0,8,0.0,3.0,3.0,N,N,08/2023,Analyst
11-9071.00,1.A.1.f.1,Spatial Orientation,IM,1.0,8,0.0,1.0,1.0,N,,08/2023,Analyst
11-9071.00,1.A.1.f.1,Spatial Orientation,LV,0.0,8,0.0,0.0,0.0,N,Y,08/2023,Analyst
11-9071.00,1.A.1.f.2,Visualization,IM,2.38,8,0.183,2.0164,2.7336,N,,08/2023,Analyst
11-9071.00,1.A.1.f.2,Visualization,LV,2.12,8,0.125,1.88,2.37,N,N,08/2023,Analyst
11-9071.00,1.A.1.g.1,Selective Attention,IM,3.12,8,0.125,2.88,3.37,N,,08/2023,Analyst
11-9071.00,1.A.1.g.1,Selective Attention,LV,3.5,8,0.189,3.1296,3.8704,N,N,08/2023,Analyst
11-9071.00,1.A.1.g.2,Time Sharing,IM,3.0,8,0.0,3.0,3.0,N,,08/2023,Analyst
11-9071.00,1.A.1.g.2,Time Sharing,LV,3.25,8,0.1637,2.9292,3.5708,N,N,08/2023,Analyst
11-9071.00,1.A.2.a.1,Arm-Hand Steadiness,IM,1.88,8,0.125,1.63,2.12,N,,08/2023,Analyst
11-9071.00,1.A.2.a.1,Arm-Hand Steadiness,LV,1.0,8,0.189,0.6296,1.3704,N,N,08/2023,Analyst
11-9071.00,1.A.2.a.2,Manual Dexterity,IM,1.88,8,0.125,1.63,2.12,N,,08/2023,Analyst
11-9071.00,1.A.2.a.2,Manual Dexterity,LV,1.0,8,0.189,0.6296,1.3704,N,N,08/2023,Analyst
11-9071.00,1.A.2.a.3,Finger Dexterity,IM,2.0,8,0.0,2.0,2.0,N,,08/2023,Analyst
11-9071.00,1.A.2.a.3,Finger Dexterity,LV,1.88,8,0.125,1.63,2.12,N,N,08/2023,Analyst
11-9071.00,1.A.2.b.1,Control Precision,IM,1.5,8,0.189,1.1296,1.8704,N,,08/2023,Analyst
11-9071.00,1.A.2.b.1,Control Precision,LV,0.88,8,0.3504,0.1883,1.5617,N,N,08/2023,Analyst
11-9071.00,1.A.2.b.2,Multilimb Coordination,IM,1.5,8,0.189,1.1296,1.8704,N,,08/2023,Analyst
11-9071.00,1.A.2.b.2,Multilimb Coordination,LV,0.75,8,0.3134,0.1358,1.3642,N,N,08/2023,Analyst
11-9071.00,1.A.2.b.3,Response Orientation,IM,1.5,8,0.189,1.1296,1.8704,N,,08/2023,Analyst
11-9071.00,1.A.2.b.3,Response Orientation,LV,0.75,8,0.3134,0.1358,1.3642,N,N,08/2023,Analyst
11-9071.00,1.A.2.b.4,Rate Control,IM,1.38,8,0.183,1.0164,1.7336,N,,08/2023,Analyst
11-9071.00,1.A.2.b.4,Rate Control,LV,0.5,8,0.2673,0.0,1.0238,N,N,08/2023,Analyst
11-9071.00,1.A.2.c.1,Reaction Time,IM,1.75,8,0.1637,1.4292,2.0708,N,,08/2023,Analyst
11-9071.00,1.A.2.c.1,Reaction Time,LV,0.75,8,0.1637,0.4292,1.0708,N,N,08/2023,Analyst
11-9071.00,1.A.2.c.2,Wrist-Finger Speed,IM,1.25,8,0.1637,1.0,1.5708,N,,08/2023,Analyst
11-9071.00,1.A.2.c.2,Wrist-Finger Speed,LV,0.38,8,0.2631,0.0,0.8906,N,Y,08/2023,Analyst
11-9071.00,1.A.2.c.3,Speed of Limb Movement,IM,1.5,8,0.189,1.1296,1.8704,N,,08/2023,Analyst
11-9071.00,1.A.2.c.3,Speed of Limb Movement,LV,0.5,8,0.189,0.1296,0.8704,N,N,08/2023,Analyst
11-9071.00,1.A.3.a.1,Static Strength,IM,1.5,8,0.189,1.1296,1.8704,N,,08/2023,Analyst
11-9071.00,1.A.3.a.1,Static Strength,LV,0.5,8,0.189,0.1296,0.8704,N,N,08/2023,Analyst
11-9071.00,1.A.3.a.2,Explosive Strength,IM,1.88,8,0.125,1.63,2.12,N,,08/2023,Analyst
11-9071.00,1.A.3.a.2,Explosive Strength,LV,0.88,8,0.125,0.63,1.12,N,N,08/2023,Analyst
11-9071.00,1.A.3.a.3,Dynamic Strength,IM,1.88,8,0.125,1.63,2.12,N,,08/2023,Analyst
11-9071.00,1.A.3.a.3,Dynamic Strength,LV,0.88,8,0.125,0.63,1.12,N,N,08/2023,Analyst
11-9071.00,1.A.3.a.4,Trunk Strength,IM,2.12,8,0.125,1.88,2.37,N,,08/2023,Analyst
11-9071.00,1.A.3.a.4,Trunk Strength,LV,2.5,8,0.189,2.1296,2.8704,N,N,08/2023,Analyst
11-9071.00,1.A.3.b.1,Stamina,IM,2.0,8,0.0,2.0,2.0,N,,08/2023,Analyst
11-9071.00,1.A.3.b.1,Stamina,LV,1.62,8,0.183,1.2664,1.9836,N,N,08/2023,Analyst
11-9071.00,1.A.3.c.1,Extent Flexibility,IM,1.0,8,0.0,1.0,1.0,N,,08/2023,Analyst
11-9071.00,1.A.3.c.1,Extent Flexibility,LV,0.0,8,0.0,0.0,0.0,N,Y,08/2023,Analyst
11-9071.00,1.A.3.c.2,Dynamic Flexibility,IM,1.0,8,0.0,1.0,1.0,N,,08/2023,Analyst
11-9071.00,1.A.3.c.2,Dynamic Flexibility,LV,0.0,8,0.0,0.0,0.0,N,Y,08/2023,Analyst
11-9071.00,1.A.3.c.3,Gross Body Coordination,IM,2.0,8,0.0,2.0,2.0,N,,08/2023,Analyst
11-9071.00,1.A.3.c.3,Gross Body Coordination,LV,1.38,8,0.183,1.0164,1.7336,N,N,08/2023,Analyst
11-9071.00,1.A.3.c.4,Gross Body Equilibrium,IM,1.88,8,0.125,1.63,2.12,N,,08/2023,Analyst
11-9071.00,1.A.3.c.4,Gross Body Equilibrium,LV,1.0,8,0.189,0.6296,1.3704,N,N,08/2023,Analyst
11-9071.00,1.A.4.a.1,Near Vision,IM,3.62,8,0.183,3.2664,3.9836,N,,08/2023,Analyst
11-9071.00,1.A.4.a.1,Near Vision,LV,3.25,8,0.1637,2.9292,3.5708,N,N,08/2023,Analyst
11-9071.00,1.A.4.a.2,Far Vision,IM,3.38,8,0.183,3.0164,3.7336,N,,08/2023,Analyst
11-9071.00,1.A.4.a.2,Far Vision,LV,3.75,8,0.1637,3.4292,4.0708,N,N,08/2023,Analyst
11-9071.00,1.A.4.a.3,Visual Color Discrimination,IM,2.75,8,0.1637,2.4292,3.0708,N,,08/2023,Analyst
11-9071.00,1.A.4.a.3,Visual Color Discrimination,LV,2.75,8,0.1637,2.4292,3.0708,N,N,08/2023,Analyst
11-9071.00,1.A.4.a.4,Night Vision,IM,1.0,8,0.0,1.0,1.0,N,,08/2023,Analyst
11-9071.00,1.A.4.a.4,Night Vision,LV,0.0,8,0.0,0.0,0.0,N,Y,08/2023,Analyst
11-9071.00,1.A.4.a.5,Peripheral Vision,IM,1.12,8,0.125,1.0,1.37,N,,08/2023,Analyst
11-9071.00,1.A.4.a.5,Peripheral Vision,LV,0.12,8,0.125,0.0,0.37,N,Y,08/2023,Analyst
11-9071.00,1.A.4.a.6,Depth Perception,IM,2.0,8,0.0,2.0,2.0,N,,08/2023,Analyst
11-9071.00,1.A.4.a.6,Depth Perception,LV,1.62,8,0.183,1.2664,1.9836,N,N,08/2023,Analyst
11-9071.00,1.A.4.a.7,Glare Sensitivity,IM,1.0,8,0.0,1.0,1.0,N,,08/2023,Analyst
11-9071.00,1.A.4.a.7,Glare Sensitivity,LV,0.0,8,0.0,0.0,0.0,N,Y,08/2023,Analyst
11-9071.00,1.A.4.b.1,Hearing Sensitivity,IM,2.12,8,0.125,1.88,2.37,N,,08/2023,Analyst
11-9071.00,1.A.4.b.1,Hearing Sensitivity,LV,2.12,8,0.125,1.88,2.37,N,N,08/2023,Analyst
11-9071.00,1.A.4.b.2,Auditory Attention,IM,2.75,8,0.1637,2.4292,3.0708,N,,08/2023,Analyst
11-9071.00,1.A.4.b.2,Auditory Attention,LV,2.88,8,0.2266,2.4309,3.3191,N,N,08/2023,Analyst
11-9071.00,1.A.4.b.3,Sound Localization,IM,1.0,8,0.0,1.0,1.0,N,,08/2023,Analyst
11-9071.00,1.A.4.b.3,Sound Localization,LV,0.0,8,0.0,0.0,0.0,N,Y,08/2023,Analyst
11-9071.00,1.A.4.b.4,Speech Recognition,IM,3.75,8,0.1637,3.4292,4.0708,N,,08/2023,Analyst
11-9071.00,1.A.4.b.4,Speech Recognition,LV,4.12,8,0.125,3.88,4.37,N,N,08/2023,Analyst
11-9071.00,1.A.4.b.5,Speech Clarity,IM,3.75,8,0.1637,3.4292,4.0708,N,,08/2023,Analyst
11-9071.00,1.A.4.b.5,Speech Clarity,LV,3.75,8,0.1637,3.4292,4.0708,N,N,08/2023,Analyst
11-9081.00,1.A.1.a.1,Oral Comprehension,IM,4.0,8,0.189,3.6296,4.3704,N,,07/2017,Analyst
11-9081.00,1.A.1.a.1,Oral Comprehension,LV,4.0,8,0.0,4.0,4.0,N,N,07/2017,Analyst
11-9081.00,1.A.1.a.2,Written Comprehension,IM,4.0,8,0.0,4.0,4.0,N,,07/2017,Analyst
11-9081.00,1.A.1.a.2,Written Comprehension,LV,4.0,8,0.0,4.0,4.0,N,N,07/2017,Analyst
11-9081.00,1.A.1.a.3,Oral Expression,IM,4.12,8,0.125,3.88,4.37,N,,07/2017,Analyst
11-9081.00,1.A.1.a.3,Oral Expression,LV,4.0,8,0.0,4.0,4.0,N,N,07/2017,Analyst
11-9081.00,1.A.1.a.4,Written Expression,IM,4.0,8,0.0,4.0,4.0,N,,07/2017,Analyst
11-9081.00,1.A.1.a.4,Written Expression,LV,4.0,8,0.0,4.0,4.0,N,N,07/2017,Analyst
11-9081.00,1.A.1.b.1,Fluency of Ideas,IM,3.62,8,0.183,3.2664,3.9836,N,,07/2017,Analyst
11-9081.00,1.A.1.b.1,Fluency of Ideas,LV,3.5,8,0.189,3.1296,3.8704,N,N,07/2017,Analyst
11-9081.00,1.A.1.b.2,Originality,IM,3.38,8,0.183,3.0164,3.7336,N,,07/2017,Analyst
11-9081.00,1.A.1.b.2,Originality,LV,3.62,8,0.183,3.2664,3.9836,N,N,07/2017,Analyst
11-9081.00,1.A.1.b.3,Problem Sensitivity,IM,4.0,8,0.189,3.6296,4.3704,N,,07/2017,Analyst
11-9081.00,1.A.1.b.3,Problem Sensitivity,LV,3.75,8,0.1637,3.4292,4.0708,N,N,07/2017,Analyst
11-9081.00,1.A.1.b.4,Deductive Reasoning,IM,3.62,8,0.183,3.2664,3.9836,N,,07/2017,Analyst
11-9081.00,1.A.1.b.4,Deductive Reasoning,LV,3.88,8,0.125,3.63,4.12,N,N,07/2017,Analyst
11-9081.00,1.A.1.b.5,Inductive Reasoning,IM,3.62,8,0.183,3.2664,3.9836,N,,07/2017,Analyst
11-9081.00,1.A.1.b.5,Inductive Reasoning,LV,3.25,8,0.1637,2.9292,3.5708,N,N,07/2017,Analyst
11-9081.00,1.A.1.b.6,Information Ordering,IM,3.75,8,0.1637,3.4292,4.0708,N,,07/2017,Analyst
11-9081.00,1.A.1.b.6,Information Ordering,LV,3.12,8,0.125,2.88,3.37,N,N,07/2017,Analyst
11-9081.00,1.A.1.b.7,Category Flexibility,IM,3.25,8,0.1637,2.9292,3.5708,N,,07/2017,Analyst
11-9081.00,1.A.1.b.7,Category Flexibility,LV,3.0,8,0.0,3.0,3.0,N,N,07/2017,Analyst
11-9081.00,1.A.1.c.1,Mathematical Reasoning,IM,3.38,8,0.2631,2.8594,3.8906,N,,07/2017,Analyst
11-9081.00,1.A.1.c.1,Mathematical Reasoning,LV,2.75,8,0.1637,2.4292,3.0708,N,N,07/2017,Analyst
11-9081.00,1.A.1.c.2,Number Facility,IM,2.75,8,0.1637,2.4292,3.0708,N,,07/2017,Analyst
11-9081.00,1.A.1.c.2,Number Facility,LV,2.75,8,0.1637,2.4292,3.0708,N,N,07/2017,Analyst
11-9081.00,1.A.1.d.1,Memorization,IM,2.62,8,0.183,2.2664,2.9836,N,,07/2017,Analyst
11-9081.00,1.A.1.d.1,Memorization,LV,2.75,8,0.1637,2.4292,3.0708,N,N,07/2017,Analyst
11-9081.00,1.A.1.e.1,Speed of Closure,IM,2.88,8,0.125,2.63,3.12,N,,07/2017,Analyst
11-9081.00,1.A.1.e.1,Speed of Closure,LV,3.0,8,0.0,3.0,3.0,N,N,07/2017,Analyst
11-9081.00,1.A.1.e.2,Flexibility of Closure,IM,3.0,8,0.0,3.0,3.0,N,,07/2017,Analyst
11-9081.00,1.A.1.e.2,Flexibility of Closure,LV,3.0,8,0.0,3.0,3.0,N,N,07/2017,Analyst
11-9081.00,1.A.1.e.3,Perceptual Speed,IM,2.88,8,0.125,2.63,3.12,N,,07/2017,Analyst
11-9081.00,1.A.1.e.3,Perceptual Speed,LV,2.88,8,0.125,2.63,3.12,N,N,07/2017,Analyst
11-9081.00,1.A.1.f.1,Spatial Orientation,IM,2.12,8,0.125,1.88,2.37,N,,07/2017,Analyst
11-9081.00,1.A.1.f.1,Spatial Orientation,LV,1.62,8,0.2631,1.1094,2.1406,N,N,07/2017,Analyst
11-9081.00,1.A.1.f.2,Visualization,IM,2.5,8,0.189,2.1296,2.8704,N,,07/2017,Analyst
11-9081.00,1.A.1.f.2,Visualization,LV,2.62,8,0.183,2.2664,2.9836,N,N,07/2017,Analyst
11-9081.00,1.A.1.g.1,Selective Attention,IM,3.0,8,0.0,3.0,3.0,N,,07/2017,Analyst
11-9081.00,1.A.1.g.1,Selective Attention,LV,3.12,8,0.125,2.88,3.37,N,N,07/2017,Analyst
11-9081.00,1.A.1.g.2,Time Sharing,IM,2.88,8,0.125,2.63,3.12,N,,07/2017,Analyst
11-9081.00,1.A.1.g.2,Time Sharing,LV,2.88,8,0.125,2.63,3.12,N,N,07/2017,Analyst
11-9081.00,1.A.2.a.1,Arm-Hand Steadiness,IM,2.62,8,0.183,2.2664,2.9836,N,,07/2017,Analyst
11-9081.00,1.A.2.a.1,Arm-Hand Steadiness,LV,2.25,8,0.1637,1.9292,2.5708,N,N,07/2017,Analyst
11-9081.00,1.A.2.a.2,Manual Dexterity,IM,2.0,8,0.0,2.0,2.0,N,,07/2017,Analyst
11-9081.00,1.A.2.a.2,Manual Dexterity,LV,1.75,8,0.1637,1.4292,2.0708,N,N,07/2017,Analyst
11-9081.00,1.A.2.a.3,Finger Dexterity,IM,2.5,8,0.189,2.1296,2.8704,N,,07/2017,Analyst
11-9081.00,1.A.2.a.3,Finger Dexterity,LV,1.88,8,0.2266,1.4309,2.3191,N,N,07/2017,Analyst
11-9081.00,1.A.2.b.1,Control Precision,IM,2.0,8,0.0,2.0,2.0,N,,07/2017,Analyst
11-9081.00,1.A.2.b.1,Control Precision,LV,2.0,8,0.0,2.0,2.0,N,N,07/2017,Analyst
11-9081.00,1.A.2.b.2,Multilimb Coordination,IM,2.12,8,0.125,1.88,2.37,N,,07/2017,Analyst
11-9081.00,1.A.2.b.2,Multilimb Coordination,LV,2.0,8,0.0,2.0,2.0,N,N,07/2017,Analyst
11-9081.00,1.A.2.b.3,Response Orientation,IM,2.0,8,0.0,2.0,2.0,N,,07/2017,Analyst
11-9081.00,1.A.2.b.3,Response Orientation,LV,1.62,8,0.183,1.2664,1.9836,N,N,07/2017,Analyst
11-9081.00,1.A.2.b.4,Rate Control,IM,2.0,8,0.0,2.0,2.0,N,,07/2017,Analyst
11-9081.00,1.A.2.b.4,Rate Control,LV,1.5,8,0.189,1.1296,1.8704,N,N,07/2017,Analyst
11-9081.00,1.A.2.c.1,Reaction Time,IM,2.0,8,0.0,2.0,2.0,N,,07/2017,Analyst
11-9081.00,1.A.2.c.1,Reaction Time,LV,1.5,8,0.189,1.1296,1.8704,N,N,07/2017,Analyst
11-9081.00,1.A.2.c.2,Wrist-Finger Speed,IM,2.0,8,0.0,2.0,2.0,N,,07/2017,Analyst
11-9081.00,1.A.2.c.2,Wrist-Finger Speed,LV,1.12,8,0.125,0.88,1.37,N,N,07/2017,Analyst
11-9081.00,1.A.2.c.3,Speed of Limb Movement,IM,1.0,8,0.0,1.0,1.0,N,,07/2017,Analyst
11-9081.00,1.A.2.c.3,Speed of Limb Movement,LV,0.0,8,0.0,0.0,0.0,N,Y,07/2017,Analyst
11-9081.00,1.A.3.a.1,Static Strength,IM,1.88,8,0.125,1.63,2.12,N,,07/2017,Analyst
11-9081.00,1.A.3.a.1,Static Strength,LV,1.25,8,0.25,0.76,1.74,N,N,07/2017,Analyst
11-9081.00,1.A.3.a.2,Explosive Strength,IM,1.5,8,0.189,1.1296,1.8704,N,,07/2017,Analyst
11-9081.00,1.A.3.a.2,Explosive Strength,LV,1.0,8,0.4226,0.1717,1.8283,N,N,07/2017,Analyst
11-9081.00,1.A.3.a.3,Dynamic Strength,IM,2.0,8,0.0,2.0,2.0,N,,07/2017,Analyst
11-9081.00,1.A.3.a.3,Dynamic Strength,LV,1.38,8,0.183,1.0164,1.7336,N,N,07/2017,Analyst
11-9081.00,1.A.3.a.4,Trunk Strength,IM,2.12,8,0.125,1.88,2.37,N,,07/2017,Analyst
11-9081.00,1.A.3.a.4,Trunk Strength,LV,2.0,8,0.0,2.0,2.0,N,N,07/2017,Analyst
11-9081.00,1.A.3.b.1,Stamina,IM,2.0,8,0.0,2.0,2.0,N,,07/2017,Analyst
11-9081.00,1.A.3.b.1,Stamina,LV,1.38,8,0.183,1.0164,1.7336,N,N,07/2017,Analyst
11-9081.00,1.A.3.c.1,Extent Flexibility,IM,2.0,8,0.0,2.0,2.0,N,,07/2017,Analyst
11-9081.00,1.A.3.c.1,Extent Flexibility,LV,1.38,8,0.183,1.0164,1.7336,N,N,07/2017,Analyst
11-9081.00,1.A.3.c.2,Dynamic Flexibility,IM,1.0,8,0.0,1.0,1.0,N,,07/2017,Analyst
11-9081.00,1.A.3.c.2,Dynamic Flexibility,LV,0.0,8,0.0,0.0,0.0,N,Y,07/2017,Analyst
11-9081.00,1.A.3.c.3,Gross Body Coordination,IM,2.0,8,0.0,2.0,2.0,N,,07/2017,Analyst
11-9081.00,1.A.3.c.3,Gross Body Coordination,LV,1.38,8,0.183,1.0164,1.7336,N,N,07/2017,Analyst
11-9081.00,1.A.3.c.4,Gross Body Equilibrium,IM,2.0,8,0.0,2.0,2.0,N,,07/2017,Analyst
11-9081.00,1.A.3.c.4,Gross Body Equilibrium,LV,1.38,8,0.183,1.0164,1.7336,N,N,07/2017,Analyst
11-9081.00,1.A.4.a.1,Near Vision,IM,3.12,8,0.125,2.88,3.37,N,,07/2017,Analyst
11-9081.00,1.A.4.a.1,Near Vision,LV,3.75,8,0.1637,3.4292,4.0708,N,N,07/2017,Analyst
11-9081.00,1.A.4.a.2,Far Vision,IM,2.88,8,0.125,2.63,3.12,N,,07/2017,Analyst
11-9081.00,1.A.4.a.2,Far Vision,LV,3.0,8,0.0,3.0,3.0,N,N,07/2017,Analyst
11-9081.00,1.A.4.a.3,Visual Color Discrimination,IM,2.38,8,0.183,2.0164,2.7336,N,,07/2017,Analyst
11-9081.00,1.A.4.a.3,Visual Color Discrimination,LV,1.88,8,0.125,1.63,2.12,N,N,07/2017,Analyst
11-9081.00,1.A.4.a.4,Night Vision,IM,1.5,8,0.189,1.1296,1.8704,N,,07/2017,Analyst
11-9081.00,1.A.4.a.4,Night Vision,LV,0.62,8,0.2631,0.1094,1.1406,N,N,07/2017,Analyst
11-9081.00,1.A.4.a.5,Peripheral Vision,IM,1.62,8,0.183,1.2664,1.9836,N,,07/2017,Analyst
11-9081.00,1.A.4.a.5,Peripheral Vision,LV,0.88,8,0.295,0.2967,1.4533,N,N,07/2017,Analyst
11-9081.00,1.A.4.a.6,Depth Perception,IM,2.38,8,0.183,2.0164,2.7336,N,,07/2017,Analyst
11-9081.00,1.A.4.a.6,Depth Perception,LV,1.88,8,0.125,1.63,2.12,N,N,07/2017,Analyst
11-9081.00,1.A.4.a.7,Glare Sensitivity,IM,1.62,8,0.183,1.2664,1.9836,N,,07/2017,Analyst
11-9081.00,1.A.4.a.7,Glare Sensitivity,LV,0.75,8,0.25,0.26,1.24,N,N,07/2017,Analyst
11-9081.00,1.A.4.b.1,Hearing Sensitivity,IM,2.25,8,0.1637,1.9292,2.5708,N,,07/2017,Analyst
11-9081.00,1.A.4.b.1,Hearing Sensitivity,LV,2.12,8,0.125,1.88,2.37,N,N,07/2017,Analyst
11-9081.00,1.A.4.b.2,Auditory Attention,IM,2.12,8,0.125,1.88,2.37,N,,07/2017,Analyst
11-9081.00,1.A.4.b.2,Auditory Attention,LV,2.0,8,0.0,2.0,2.0,N,N,07/2017,Analyst
11-9081.00,1.A.4.b.3,Sound Localization,IM,1.62,8,0.183,1.2664,1.9836,N,,07/2017,Analyst
11-9081.00,1.A.4.b.3,Sound Localization,LV,0.75,8,0.25,0.26,1.24,N,N,07/2017,Analyst
11-9081.00,1.A.4.b.4,Speech Recognition,IM,4.0,8,0.0,4.0,4.0,N,,07/2017,Analyst
11-9081.00,1.A.4.b.4,Speech Recognition,LV,4.0,8,0.0,4.0,4.0,N,N,07/2017,Analyst
11-9081.00,1.A.4.b.5,Speech Clarity,IM,4.0,8,0.0,4.0,4.0,N,,07/2017,Analyst
11-9081.00,1.A.4.b.5,Speech Clarity,LV,3.88,8,0.125,3.63,4.12,N,N,07/2017,Analyst
11-9111.00,1.A.1.a.1,Oral Comprehension,IM,4.25,8,0.1637,3.9292,4.5708,N,,08/2022,Analyst
11-9111.00,1.A.1.a.1,Oral Comprehension,LV,4.88,8,0.125,4.63,5.12,N,N,08/2022,Analyst
11-9111.00,1.A.1.a.2,Written Comprehension,IM,4.12,8,0.125,3.88,4.37,N,,08/2022,Analyst
11-9111.00,1.A.1.a.2,Written Comprehension,LV,4.38,8,0.183,4.0164,4.7336,N,N,08/2022,Analyst
11-9111.00,1.A.1.a.3,Oral Expression,IM,4.0,8,0.0,4.0,4.0,N,,08/2022,Analyst
11-9111.00,1.A.1.a.3,Oral Expression,LV,4.12,8,0.125,3.88,4.37,N,N,08/2022,Analyst
11-9111.00,1.A.1.a.4,Written Expression,IM,4.0,8,0.0,4.0,4.0,N,,08/2022,Analyst
11-9111.00,1.A.1.a.4,Written Expression,LV,4.12,8,0.125,3.88,4.37,N,N,08/2022,Analyst
11-9111.00,1.A.1.b.1,Fluency of Ideas,IM,3.25,8,0.1637,2.9292,3.5708,N,,08/2022,Analyst
11-9111.00,1.A.1.b.1,Fluency of Ideas,LV,3.62,8,0.183,3.2664,3.9836,N,N,08/2022,Analyst
11-9111.00,1.A.1.b.2,Originality,IM,3.12,8,0.125,2.88,3.37,N,,08/2022,Analyst
11-9111.00,1.A.1.b.2,Originality,LV,3.75,8,0.1637,3.4292,4.0708,N,N,08/2022,Analyst
11-9111.00,1.A.1.b.3,Problem Sensitivity,IM,4.0,8,0.0,4.0,4.0,N,,08/2022,Analyst
11-9111.00,1.A.1.b.3,Problem Sensitivity,LV,4.0,8,0.0,4.0,4.0,N,N,08/2022,Analyst
11-9111.00,1.A.1.b.4,Deductive Reasoning,IM,4.0,8,0.0,4.0,4.0,N,,08/2022,Analyst
11-9111.00,1.A.1.b.4,Deductive Reasoning,LV,4.0,8,0.0,4.0,4.0,N,N,08/2022,Analyst
11-9111.00,1.A.1.b.5,Inductive Reasoning,IM,4.0,8,0.0,4.0,4.0,N,,08/2022,Analyst
11-9111.00,1.A.1.b.5,Inductive Reasoning,LV,4.0,8,0.0,4.0,4.0,N,N,08/2022,Analyst
11-9111.00,1.A.1.b.6,Information Ordering,IM,3.62,8,0.183,3.2664,3.9836,N,,08/2022,Analyst
11-9111.00,1.A.1.b.6,Information Ordering,LV,3.75,8,0.1637,3.4292,4.0708,N,N,08/2022,Analyst
11-9111.00,1.A.1.b.7,Category Flexibility,IM,3.5,8,0.189,3.1296,3.8704,N,,08/2022,Analyst
11-9111.00,1.A.1.b.7,Category Flexibility,LV,3.12,8,0.125,2.88,3.37,N,N,08/2022,Analyst
11-9111.00,1.A.1.c.1,Mathematical Reasoning,IM,2.88,8,0.125,2.63,3.12,N,,08/2022,Analyst
11-9111.00,1.A.1.c.1,Mathematical Reasoning,LV,3.62,8,0.183,3.2664,3.9836,N,N,08/2022,Analyst
11-9111.00,1.A.1.c.2,Number Facility,IM,2.88,8,0.125,2.63,3.12,N,,08/2022,Analyst
11-9111.00,1.A.1.c.2,Number Facility,LV,3.12,8,0.125,2.88,3.37,N,N,08/2022,Analyst
11-9111.00,1.A.1.d.1,Memorization,IM,2.75,8,0.1637,2.4292,3.0708,N,,08/2022,Analyst
11-9111.00,1.A.1.d.1,Memorization,LV,2.75,8,0.1637,2.4292,3.0708,N,N,08/2022,Analyst
11-9111.00,1.A.1.e.1,Speed of Closure,IM,2.38,8,0.183,2.0164,2.7336,N,,08/2022,Analyst
11-9111.00,1.A.1.e.1,Speed of Closure,LV,2.5,8,0.189,2.1296,2.8704,N,N,08/2022,Analyst
11-9111.00,1.A.1.e.2,Flexibility of Closure,IM,2.88,8,0.125,2.63,3.12,N,,08/2022,Analyst
11-9111.00,1.A.1.e.2,Flexibility of Closure,LV,2.88,8,0.125,2.63,3.12,N,N,08/2022,Analyst
11-9111.00,1.A.1.e.3,Perceptual Speed,IM,2.75,8,0.1637,2.4292,3.0708,N,,08/2022,Analyst
11-9111.00,1.A.1.e.3,Perceptual Speed,LV,2.62,8,0.183,2.2664,2.9836,N,N,08/2022,Analyst
11-9111.00,1.A.1.f.1,Spatial Orientation,IM,1.0,8,0.0,1.0,1.0,N,,08/2022,Analyst
11-9111.00,1.A.1.f.1,Spatial Orientation,LV,0.0,8,0.0,0.0,0.0,N,Y,08/2022,Analyst
11-9111.00,1.A.1.f.2,Visualization,IM,2.12,8,0.125,1.88,2.37,N,,08/2022,Analyst
11-9111.00,1.A.1.f.2,Visualization,LV,2.12,8,0.125,1.88,2.37,N,N,08/2022,Analyst
11-9111.00,1.A.1.g.1,Selective Attention,IM,2.88,8,0.125,2.63,3.12,N,,08/2022,Analyst
11-9111.00,1.A.1.g.1,Selective Attention,LV,3.0,8,0.189,2.6296,3.3704,N,N,08/2022,Analyst
11-9111.00,1.A.1.g.2,Time Sharing,IM,2.5,8,0.189,2.1296,2.8704,N,,08/2022,Analyst
11-9111.00,1.A.1.g.2,Time Sharing,LV,2.62,8,0.183,2.2664,2.9836,N,N,08/2022,Analyst
11-9111.00,1.A.2.a.1,Arm-Hand Steadiness,IM,1.5,8,0.189,1.1296,1.8704,N,,08/2022,Analyst
11-9111.00,1.A.2.a.1,Arm-Hand Steadiness,LV,0.5,8,0.189,0.1296,0.8704,N,N,08/2022,Analyst
11-9111.00,1.A.2.a.2,Manual Dexterity,IM,1.5,8,0.189,1.1296,1.8704,N,,08/2022,Analyst
11-9111.00,1.A.2.a.2,Manual Dexterity,LV,0.5,8,0.189,0.1296,0.8704,N,N,08/2022,Analyst
11-9111.00,1.A.2.a.3,Finger Dexterity,IM,1.5,8,0.189,1.1296,1.8704,N,,08/2022,Analyst
11-9111.00,1.A.2.a.3,Finger Dexterity,LV,0.5,8,0.189,0.1296,0.8704,N,N,08/2022,Analyst
11-9111.00,1.A.2.b.1,Control Precision,IM,1.25,8,0.1637,1.0,1.5708,N,,08/2022,Analyst
11-9111.00,1.A.2.b.1,Control Precision,LV,0.25,8,0.1637,0.0,0.5708,N,Y,08/2022,Analyst
11-9111.00,1.A.2.b.2,Multilimb Coordination,IM,1.0,8,0.0,1.0,1.0,N,,08/2022,Analyst
11-9111.00,1.A.2.b.2,Multilimb Coordination,LV,0.0,8,0.0,0.0,0.0,N,Y,08/2022,Analyst
11-9111.00,1.A.2.b.3,Response Orientation,IM,1.0,8,0.0,1.0,1.0,N,,08/2022,Analyst
11-9111.00,1.A.2.b.3,Response Orientation,LV,0.0,8,0.0,0.0,0.0,N,Y,08/2022,Analyst
11-9111.00,1.A.2.b.4,Rate Control,IM,1.0,8,0.0,1.0,1.0,N,,08/2022,Analyst
11-9111.00,1.A.2.b.4,Rate Control,LV,0.0,8,0.0,0.0,0.0,N,Y,08/2022,Analyst
11-9111.00,1.A.2.c.1,Reaction Time,IM,1.0,8,0.0,1.0,1.0,N,,08/2022,Analyst
11-9111.00,1.A.2.c.1,Reaction Time,LV,0.0,8,0.0,0.0,0.0,N,Y,08/2022,Analyst
11-9111.00,1.A.2.c.2,Wrist-Finger Speed,IM,1.75,8,0.1637,1.4292,2.0708,N,,08/2022,Analyst
11-9111.00,1.A.2.c.2,Wrist-Finger Speed,LV,0.88,8,0.2266,0.4309,1.3191,N,N,08/2022,Analyst
11-9111.00,1.A.2.c.3,Speed of Limb Movement,IM,1.0,8,0.0,1.0,1.0,N,,08/2022,Analyst
11-9111.00,1.A.2.c.3,Speed of Limb Movement,LV,0.0,8,0.0,0.0,0.0,N,Y,08/2022,Analyst
11-9111.00,1.A.3.a.1,Static Strength,IM,1.0,8,0.0,1.0,1.0,N,,08/2022,Analyst
11-9111.00,1.A.3.a.1,Static Strength,LV,0.0,8,0.0,0.0,0.0,N,Y,08/2022,Analyst
11-9111.00,1.A.3.a.2,Explosive Strength,IM,1.0,8,0.0,1.0,1.0,N,,08/2022,Analyst
11-9111.00,1.A.3.a.2,Explosive Strength,LV,0.0,8,0.0,0.0,0.0,N,Y,08/2022,Analyst
11-9111.00,1.A.3.a.3,Dynamic Strength,IM,1.75,8,0.1637,1.4292,2.0708,N,,08/2022,Analyst
11-9111.00,1.A.3.a.3,Dynamic Strength,LV,0.75,8,0.1637,0.4292,1.0708,N,N,08/2022,Analyst
11-9111.00,1.A.3.a.4,Trunk Strength,IM,2.0,8,0.0,2.0,2.0,N,,08/2022,Analyst
11-9111.00,1.A.3.a.4,Trunk Strength,LV,1.5,8,0.189,1.1296,1.8704,N,N,08/2022,Analyst
11-9111.00,1.A.3.b.1,Stamina,IM,1.0,8,0.0,1.0,1.0,N,,08/2022,Analyst
11-9111.00,1.A.3.b.1,Stamina,LV,0.0,8,0.0,0.0,0.0,N,Y,08/2022,Analyst
11-9111.00,1.A.3.c.1,Extent Flexibility,IM,1.0,8,0.0,1.0,1.0,N,,08/2022,Analyst
11-9111.00,1.A.3.c.1,Extent Flexibility,LV,0.0,8,0.0,0.0,0.0,N,Y,08/2022,Analyst
11-9111.00,1.A.3.c.2,Dynamic Flexibility,IM,1.0,8,0.0,1.0,1.0,N,,08/2022,Analyst
11-9111.00,1.A.3.c.2,Dynamic Flexibility,LV,0.0,8,0.0,0.0,0.0,N,Y,08/2022,Analyst
11-9111.00,1.A.3.c.3,Gross Body Coordination,IM,1.0,8,0.0,1.0,1.0,N,,08/2022,Analyst
11-9111.00,1.A.3.c.3,Gross Body Coordination,LV,0.0,8,0.0,0.0,0.0,N,Y,08/2022,Analyst
11-9111.00,1.A.3.c.4,Gross Body Equilibrium,IM,1.0,8,0.0,1.0,1.0,N,,08/2022,Analyst
11-9111.00,1.A.3.c.4,Gross Body Equilibrium,LV,0.0,8,0.0,0.0,0.0,N,Y,08/2022,Analyst
11-9111.00,1.A.4.a.1,Near Vision,IM,3.75,8,0.1637,3.4292,4.0708,N,,08/2022,Analyst
11-9111.00,1.A.4.a.1,Near Vision,LV,3.88,8,0.125,3.63,4.12,N,N,08/2022,Analyst
11-9111.00,1.A.4.a.2,Far Vision,IM,2.88,8,0.125,2.63,3.12,N,,08/2022,Analyst
11-9111.00,1.A.4.a.2,Far Vision,LV,3.0,8,0.0,3.0,3.0,N,N,08/2022,Analyst
11-9111.00,1.A.4.a.3,Visual Color Discrimination,IM,2.0,8,0.0,2.0,2.0,N,,08/2022,Analyst
11-9111.00,1.A.4.a.3,Visual Color Discrimination,LV,2.12,8,0.125,1.88,2.37,N,N,08/2022,Analyst
11-9111.00,1.A.4.a.4,Night Vision,IM,1.0,8,0.0,1.0,1.0,N,,08/2022,Analyst
11-9111.00,1.A.4.a.4,Night Vision,LV,0.0,8,0.0,0.0,0.0,N,Y,08/2022,Analyst
11-9111.00,1.A.4.a.5,Peripheral Vision,IM,1.0,8,0.0,1.0,1.0,N,,08/2022,Analyst
11-9111.00,1.A.4.a.5,Peripheral Vision,LV,0.0,8,0.0,0.0,0.0,N,Y,08/2022,Analyst
11-9111.00,1.A.4.a.6,Depth Perception,IM,2.0,8,0.0,2.0,2.0,N,,08/2022,Analyst
11-9111.00,1.A.4.a.6,Depth Perception,LV,1.25,8,0.1637,0.9292,1.5708,N,N,08/2022,Analyst
11-9111.00,1.A.4.a.7,Glare Sensitivity,IM,1.0,8,0.0,1.0,1.0,N,,08/2022,Analyst
11-9111.00,1.A.4.a.7,Glare Sensitivity,LV,0.0,8,0.0,0.0,0.0,N,Y,08/2022,Analyst
11-9111.00,1.A.4.b.1,Hearing Sensitivity,IM,2.0,8,0.0,2.0,2.0,N,,08/2022,Analyst
11-9111.00,1.A.4.b.1,Hearing Sensitivity,LV,2.0,8,0.189,1.6296,2.3704,N,N,08/2022,Analyst
11-9111.00,1.A.4.b.2,Auditory Attention,IM,2.25,8,0.1637,1.9292,2.5708,N,,08/2022,Analyst
11-9111.00,1.A.4.b.2,Auditory Attention,LV,2.0,8,0.0,2.0,2.0,N,N,08/2022,Analyst
11-9111.00,1.A.4.b.3,Sound Localization,IM,1.0,8,0.0,1.0,1.0,N,,08/2022,Analyst
11-9111.00,1.A.4.b.3,Sound Localization,LV,0.0,8,0.0,0.0,0.0,N,Y,08/2022,Analyst
11-9111.00,1.A.4.b.4,Speech Recognition,IM,3.88,8,0.125,3.63,4.12,N,,08/2022,Analyst
11-9111.00,1.A.4.b.4,Speech Recognition,LV,4.0,8,0.0,4.0,4.0,N,N,08/2022,Analyst
11-9111.00,1.A.4.b.5,Speech Clarity,IM,4.0,8,0.0,4.0,4.0,N,,08/2022,Analyst
11-9111.00,1.A.4.b.5,Speech Clarity,LV,4.0,8,0.0,4.0,4.0,N,N,08/2022,Analyst
11-9121.00,1.A.1.a.1,Oral Comprehension,IM,4.0,8,0.0,4.0,4.0,N,,08/2021,Analyst
11-9121.00,1.A.1.a.1,Oral Comprehension,LV,4.88,8,0.125,4.63,5.12,N,N,08/2021,Analyst
11-9121.00,1.A.1.a.2,Written Comprehension,IM,4.12,8,0.125,3.88,4.37,N,,08/2021,Analyst
11-9121.00,1.A.1.a.2,Written Comprehension,LV,5.0,8,0.0,5.0,5.0,N,N,08/2021,Analyst
11-9121.00,1.A.1.a.3,Oral Expression,IM,4.0,8,0.0,4.0,4.0,N,,08/2021,Analyst
11-9121.00,1.A.1.a.3,Oral Expression,LV,5.0,8,0.0,5.0,5.0,N,N,08/2021,Analyst
11-9121.00,1.A.1.a.4,Written Expression,IM,4.0,8,0.0,4.0,4.0,N,,08/2021,Analyst
11-9121.00,1.A.1.a.4,Written Expression,LV,5.0,8,0.0,5.0,5.0,N,N,08/2021,Analyst
11-9121.00,1.A.1.b.1,Fluency of Ideas,IM,3.25,8,0.1637,2.9292,3.5708,N,,08/2021,Analyst
11-9121.00,1.A.1.b.1,Fluency of Ideas,LV,4.0,8,0.189,3.6296,4.3704,N,N,08/2021,Analyst
11-9121.00,1.A.1.b.2,Originality,IM,3.38,8,0.183,3.0164,3.7336,N,,08/2021,Analyst
11-9121.00,1.A.1.b.2,Originality,LV,3.88,8,0.125,3.63,4.12,N,N,08/2021,Analyst
11-9121.00,1.A.1.b.3,Problem Sensitivity,IM,3.88,8,0.125,3.63,4.12,N,,08/2021,Analyst
11-9121.00,1.A.1.b.3,Problem Sensitivity,LV,4.12,8,0.125,3.88,4.37,N,N,08/2021,Analyst
11-9121.00,1.A.1.b.4,Deductive Reasoning,IM,4.0,8,0.0,4.0,4.0,N,,08/2021,Analyst
11-9121.00,1.A.1.b.4,Deductive Reasoning,LV,5.0,8,0.0,5.0,5.0,N,N,08/2021,Analyst
11-9121.00,1.A.1.b.5,Inductive Reasoning,IM,4.0,8,0.0,4.0,4.0,N,,08/2021,Analyst
11-9121.00,1.A.1.b.5,Inductive Reasoning,LV,4.88,8,0.125,4.63,5.12,N,N,08/2021,Analyst
11-9121.00,1.A.1.b.6,Information Ordering,IM,4.0,8,0.0,4.0,4.0,N,,08/2021,Analyst
11-9121.00,1.A.1.b.6,Information Ordering,LV,4.0,8,0.0,4.0,4.0,N,N,08/2021,Analyst
11-9121.00,1.A.1.b.7,Category Flexibility,IM,3.88,8,0.125,3.63,4.12,N,,08/2021,Analyst
11-9121.00,1.A.1.b.7,Category Flexibility,LV,4.0,8,0.0,4.0,4.0,N,N,08/2021,Analyst
11-9121.00,1.A.1.c.1,Mathematical Reasoning,IM,3.25,8,0.1637,2.9292,3.5708,N,,08/2021,Analyst
11-9121.00,1.A.1.c.1,Mathematical Reasoning,LV,4.0,8,0.0,4.0,4.0,N,N,08/2021,Analyst
11-9121.00,1.A.1.c.2,Number Facility,IM,3.12,8,0.125,2.88,3.37,N,,08/2021,Analyst
11-9121.00,1.A.1.c.2,Number Facility,LV,3.88,8,0.125,3.63,4.12,N,N,08/2021,Analyst
11-9121.00,1.A.1.d.1,Memorization,IM,2.25,8,0.1637,1.9292,2.5708,N,,08/2021,Analyst
11-9121.00,1.A.1.d.1,Memorization,LV,2.25,8,0.1637,1.9292,2.5708,N,N,08/2021,Analyst
11-9121.00,1.A.1.e.1,Speed of Closure,IM,2.25,8,0.1637,1.9292,2.5708,N,,08/2021,Analyst
11-9121.00,1.A.1.e.1,Speed of Closure,LV,2.25,8,0.1637,1.9292,2.5708,N,N,08/2021,Analyst
11-9121.00,1.A.1.e.2,Flexibility of Closure,IM,3.12,8,0.125,2.88,3.37,N,,08/2021,Analyst
11-9121.00,1.A.1.e.2,Flexibility of Closure,LV,3.0,8,0.0,3.0,3.0,N,N,08/2021,Analyst
11-9121.00,1.A.1.e.3,Perceptual Speed,IM,2.25,8,0.1637,1.9292,2.5708,N,,08/2021,Analyst
11-9121.00,1.A.1.e.3,Perceptual Speed,LV,2.5,8,0.189,2.1296,2.8704,N,N,08/2021,Analyst
11-9121.00,1.A.1.f.1,Spatial Orientation,IM,1.62,8,0.183,1.2664,1.9836,N,,08/2021,Analyst
11-9121.00,1.A.1.f.1,Spatial Orientation,LV,0.88,8,0.295,0.2967,1.4533,N,N,08/2021,Analyst
11-9121.00,1.A.1.f.2,Visualization,IM,2.38,8,0.183,2.0164,2.7336,N,,08/2021,Analyst
11-9121.00,1.A.1.f.2,Visualization,LV,2.25,8,0.1637,1.9292,2.5708,N,N,08/2021,Analyst
11-9121.00,1.A.1.g.1,Selective Attention,IM,3.0,8,0.0,3.0,3.0,N,,08/2021,Analyst
11-9121.00,1.A.1.g.1,Selective Attention,LV,2.88,8,0.125,2.63,3.12,N,N,08/2021,Analyst
11-9121.00,1.A.1.g.2,Time Sharing,IM,2.12,8,0.125,1.88,2.37,N,,08/2021,Analyst
11-9121.00,1.A.1.g.2,Time Sharing,LV,2.12,8,0.125,1.88,2.37,N,N,08/2021,Analyst
11-9121.00,1.A.2.a.1,Arm-Hand Steadiness,IM,1.62,8,0.183,1.2664,1.9836,N,,08/2021,Analyst
11-9121.00,1.A.2.a.1,Arm-Hand Steadiness,LV,1.12,8,0.3504,0.4383,1.8117,N,N,08/2021,Analyst
11-9121.00,1.A.2.a.2,Manual Dexterity,IM,1.5,8,0.189,1.1296,1.8704,N,,08/2021,Analyst
11-9121.00,1.A.2.a.2,Manual Dexterity,LV,0.62,8,0.2631,0.1094,1.1406,N,N,08/2021,Analyst
11-9121.00,1.A.2.a.3,Finger Dexterity,IM,2.0,8,0.0,2.0,2.0,N,,08/2021,Analyst
11-9121.00,1.A.2.a.3,Finger Dexterity,LV,1.75,8,0.1637,1.4292,2.0708,N,N,08/2021,Analyst
11-9121.00,1.A.2.b.1,Control Precision,IM,1.62,8,0.183,1.2664,1.9836,N,,08/2021,Analyst
11-9121.00,1.A.2.b.1,Control Precision,LV,1.0,8,0.3273,0.3584,1.6416,N,N,08/2021,Analyst
11-9121.00,1.A.2.b.2,Multilimb Coordination,IM,1.75,8,0.1637,1.4292,2.0708,N,,08/2021,Analyst
11-9121.00,1.A.2.b.2,Multilimb Coordination,LV,1.0,8,0.2673,0.4762,1.5238,N,N,08/2021,Analyst
11-9121.00,1.A.2.b.3,Response Orientation,IM,1.62,8,0.183,1.2664,1.9836,N,,08/2021,Analyst
11-9121.00,1.A.2.b.3,Response Orientation,LV,0.75,8,0.25,0.26,1.24,N,N,08/2021,Analyst
11-9121.00,1.A.2.b.4,Rate Control,IM,1.5,8,0.189,1.1296,1.8704,N,,08/2021,Analyst
11-9121.00,1.A.2.b.4,Rate Control,LV,0.75,8,0.3134,0.1358,1.3642,N,N,08/2021,Analyst
11-9121.00,1.A.2.c.1,Reaction Time,IM,1.62,8,0.183,1.2664,1.9836,N,,08/2021,Analyst
11-9121.00,1.A.2.c.1,Reaction Time,LV,1.0,8,0.3273,0.3584,1.6416,N,N,08/2021,Analyst
11-9121.00,1.A.2.c.2,Wrist-Finger Speed,IM,1.38,8,0.183,1.0164,1.7336,N,,08/2021,Analyst
11-9121.00,1.A.2.c.2,Wrist-Finger Speed,LV,0.5,8,0.2673,0.0,1.0238,N,N,08/2021,Analyst
11-9121.00,1.A.2.c.3,Speed of Limb Movement,IM,1.0,8,0.0,1.0,1.0,N,,08/2021,Analyst
11-9121.00,1.A.2.c.3,Speed of Limb Movement,LV,0.0,8,0.0,0.0,0.0,N,Y,08/2021,Analyst
11-9121.00,1.A.3.a.1,Static Strength,IM,1.5,8,0.189,1.1296,1.8704,N,,08/2021,Analyst
11-9121.00,1.A.3.a.1,Static Strength,LV,0.5,8,0.189,0.1296,0.8704,N,N,08/2021,Analyst
11-9121.00,1.A.3.a.2,Explosive Strength,IM,1.12,8,0.125,1.0,1.37,N,,08/2021,Analyst
11-9121.00,1.A.3.a.2,Explosive Strength,LV,0.12,8,0.125,0.0,0.37,N,Y,08/2021,Analyst
11-9121.00,1.A.3.a.3,Dynamic Strength,IM,1.25,8,0.1637,1.0,1.5708,N,,08/2021,Analyst
11-9121.00,1.A.3.a.3,Dynamic Strength,LV,0.25,8,0.1637,0.0,0.5708,N,Y,08/2021,Analyst
11-9121.00,1.A.3.a.4,Trunk Strength,IM,1.88,8,0.125,1.63,2.12,N,,08/2021,Analyst
11-9121.00,1.A.3.a.4,Trunk Strength,LV,1.38,8,0.2631,0.8594,1.8906,N,N,08/2021,Analyst
11-9121.00,1.A.3.b.1,Stamina,IM,1.38,8,0.183,1.0164,1.7336,N,,08/2021,Analyst
11-9121.00,1.A.3.b.1,Stamina,LV,0.5,8,0.2673,0.0,1.0238,N,N,08/2021,Analyst
11-9121.00,1.A.3.c.1,Extent Flexibility,IM,1.38,8,0.183,1.0164,1.7336,N,,08/2021,Analyst
11-9121.00,1.A.3.c.1,Extent Flexibility,LV,0.5,8,0.2673,0.0,1.0238,N,N,08/2021,Analyst
11-9121.00,1.A.3.c.2,Dynamic Flexibility,IM,1.0,8,0.0,1.0,1.0,N,,08/2021,Analyst
11-9121.00,1.A.3.c.2,Dynamic Flexibility,LV,0.0,8,0.0,0.0,0.0,N,Y,08/2021,Analyst
11-9121.00,1.A.3.c.3,Gross Body Coordination,IM,1.5,8,0.189,1.1296,1.8704,N,,08/2021,Analyst
11-9121.00,1.A.3.c.3,Gross Body Coordination,LV,0.62,8,0.2631,0.1094,1.1406,N,N,08/2021,Analyst
11-9121.00,1.A.3.c.4,Gross Body Equilibrium,IM,1.5,8,0.189,1.1296,1.8704,N,,08/2021,Analyst
11-9121.00,1.A.3.c.4,Gross Body Equilibrium,LV,0.5,8,0.189,0.1296,0.8704,N,N,08/2021,Analyst
11-9121.00,1.A.4.a.1,Near Vision,IM,3.75,8,0.1637,3.4292,4.0708,N,,08/2021,Analyst
11-9121.00,1.A.4.a.1,Near Vision,LV,3.88,8,0.125,3.63,4.12,N,N,08/2021,Analyst
11-9121.00,1.A.4.a.2,Far Vision,IM,2.88,8,0.125,2.63,3.12,N,,08/2021,Analyst
11-9121.00,1.A.4.a.2,Far Vision,LV,3.0,8,0.0,3.0,3.0,N,N,08/2021,Analyst
11-9121.00,1.A.4.a.3,Visual Color Discrimination,IM,2.0,8,0.0,2.0,2.0,N,,08/2021,Analyst
11-9121.00,1.A.4.a.3,Visual Color Discrimination,LV,1.88,8,0.125,1.63,2.12,N,N,08/2021,Analyst
11-9121.00,1.A.4.a.4,Night Vision,IM,1.38,8,0.183,1.0164,1.7336,N,,08/2021,Analyst
11-9121.00,1.A.4.a.4,Night Vision,LV,0.38,8,0.183,0.0164,0.7336,N,N,08/2021,Analyst
11-9121.00,1.A.4.a.5,Peripheral Vision,IM,1.5,8,0.189,1.1296,1.8704,N,,08/2021,Analyst
11-9121.00,1.A.4.a.5,Peripheral Vision,LV,0.62,8,0.2631,0.1094,1.1406,N,N,08/2021,Analyst
11-9121.00,1.A.4.a.6,Depth Perception,IM,2.0,8,0.0,2.0,2.0,N,,08/2021,Analyst
11-9121.00,1.A.4.a.6,Depth Perception,LV,1.62,8,0.183,1.2664,1.9836,N,N,08/2021,Analyst
11-9121.00,1.A.4.a.7,Glare Sensitivity,IM,1.38,8,0.183,1.0164,1.7336,N,,08/2021,Analyst
11-9121.00,1.A.4.a.7,Glare Sensitivity,LV,0.38,8,0.183,0.0164,0.7336,N,N,08/2021,Analyst
11-9121.00,1.A.4.b.1,Hearing Sensitivity,IM,2.0,8,0.0,2.0,2.0,N,,08/2021,Analyst
11-9121.00,1.A.4.b.1,Hearing Sensitivity,LV,1.75,8,0.25,1.26,2.24,N,N,08/2021,Analyst
11-9121.00,1.A.4.b.2,Auditory Attention,IM,2.12,8,0.125,1.88,2.37,N,,08/2021,Analyst
11-9121.00,1.A.4.b.2,Auditory Attention,LV,2.0,8,0.0,2.0,2.0,N,N,08/2021,Analyst
11-9121.00,1.A.4.b.3,Sound Localization,IM,1.5,8,0.189,1.1296,1.8704,N,,08/2021,Analyst
11-9121.00,1.A.4.b.3,Sound Localization,LV,0.62,8,0.2631,0.1094,1.1406,N,N,08/2021,Analyst
11-9121.00,1.A.4.b.4,Speech Recognition,IM,3.75,8,0.1637,3.4292,4.0708,N,,08/2021,Analyst
11-9121.00,1.A.4.b.4,Speech Recognition,LV,3.88,8,0.125,3.63,4.12,N,N,08/2021,Analyst
11-9121.00,1.A.4.b.5,Speech Clarity,IM,3.88,8,0.125,3.63,4.12,N,,08/2021,Analyst
11-9121.00,1.A.4.b.5,Speech Clarity,LV,4.75,8,0.1637,4.4292,5.0708,N,N,08/2021,Analyst
11-9121.01,1.A.1.a.1,Oral Comprehension,IM,4.0,8,0.0,4.0,4.0,N,,08/2021,Analyst
11-9121.01,1.A.1.a.1,Oral Comprehension,LV,4.38,8,0.183,4.0164,4.7336,N,N,08/2021,Analyst
11-9121.01,1.A.1.a.2,Written Comprehension,IM,4.0,8,0.0,4.0,4.0,N,,08/2021,Analyst
11-9121.01,1.A.1.a.2,Written Comprehension,LV,4.25,8,0.1637,3.9292,4.5708,N,N,08/2021,Analyst
11-9121.01,1.A.1.a.3,Oral Expression,IM,4.0,8,0.0,4.0,4.0,N,,08/2021,Analyst
11-9121.01,1.A.1.a.3,Oral Expression,LV,4.25,8,0.1637,3.9292,4.5708,N,N,08/2021,Analyst
11-9121.01,1.A.1.a.4,Written Expression,IM,4.0,8,0.0,4.0,4.0,N,,08/2021,Analyst
11-9121.01,1.A.1.a.4,Written Expression,LV,4.0,8,0.0,4.0,4.0,N,N,08/2021,Analyst
11-9121.01,1.A.1.b.1,Fluency of Ideas,IM,3.0,8,0.0,3.0,3.0,N,,08/2021,Analyst
11-9121.01,1.A.1.b.1,Fluency of Ideas,LV,3.0,8,0.0,3.0,3.0,N,N,08/2021,Analyst
11-9121.01,1.A.1.b.2,Originality,IM,2.88,8,0.125,2.63,3.12,N,,08/2021,Analyst
11-9121.01,1.A.1.b.2,Originality,LV,3.0,8,0.0,3.0,3.0,N,N,08/2021,Analyst
11-9121.01,1.A.1.b.3,Problem Sensitivity,IM,4.0,8,0.0,4.0,4.0,N,,08/2021,Analyst
11-9121.01,1.A.1.b.3,Problem Sensitivity,LV,4.0,8,0.0,4.0,4.0,N,N,08/2021,Analyst
11-9121.01,1.A.1.b.4,Deductive Reasoning,IM,4.0,8,0.0,4.0,4.0,N,,08/2021,Analyst
11-9121.01,1.A.1.b.4,Deductive Reasoning,LV,4.0,8,0.0,4.0,4.0,N,N,08/2021,Analyst
11-9121.01,1.A.1.b.5,Inductive Reasoning,IM,3.88,8,0.125,3.63,4.12,N,,08/2021,Analyst
11-9121.01,1.A.1.b.5,Inductive Reasoning,LV,3.88,8,0.125,3.63,4.12,N,N,08/2021,Analyst
11-9121.01,1.A.1.b.6,Information Ordering,IM,3.88,8,0.125,3.63,4.12,N,,08/2021,Analyst
11-9121.01,1.A.1.b.6,Information Ordering,LV,4.0,8,0.0,4.0,4.0,N,N,08/2021,Analyst
11-9121.01,1.A.1.b.7,Category Flexibility,IM,3.25,8,0.1637,2.9292,3.5708,N,,08/2021,Analyst
11-9121.01,1.A.1.b.7,Category Flexibility,LV,3.5,8,0.189,3.1296,3.8704,N,N,08/2021,Analyst
11-9121.01,1.A.1.c.1,Mathematical Reasoning,IM,3.0,8,0.0,3.0,3.0,N,,08/2021,Analyst
11-9121.01,1.A.1.c.1,Mathematical Reasoning,LV,3.0,8,0.0,3.0,3.0,N,N,08/2021,Analyst
11-9121.01,1.A.1.c.2,Number Facility,IM,3.0,8,0.0,3.0,3.0,N,,08/2021,Analyst
11-9121.01,1.A.1.c.2,Number Facility,LV,3.0,8,0.0,3.0,3.0,N,N,08/2021,Analyst
11-9121.01,1.A.1.d.1,Memorization,IM,2.62,8,0.183,2.2664,2.9836,N,,08/2021,Analyst
11-9121.01,1.A.1.d.1,Memorization,LV,2.88,8,0.125,2.63,3.12,N,N,08/2021,Analyst
11-9121.01,1.A.1.e.1,Speed of Closure,IM,2.88,8,0.125,2.63,3.12,N,,08/2021,Analyst
11-9121.01,1.A.1.e.1,Speed of Closure,LV,3.0,8,0.0,3.0,3.0,N,N,08/2021,Analyst
11-9121.01,1.A.1.e.2,Flexibility of Closure,IM,3.0,8,0.0,3.0,3.0,N,,08/2021,Analyst
11-9121.01,1.A.1.e.2,Flexibility of Closure,LV,3.0,8,0.0,3.0,3.0,N,N,08/2021,Analyst
11-9121.01,1.A.1.e.3,Perceptual Speed,IM,3.0,8,0.0,3.0,3.0,N,,08/2021,Analyst
11-9121.01,1.A.1.e.3,Perceptual Speed,LV,2.88,8,0.125,2.63,3.12,N,N,08/2021,Analyst
11-9121.01,1.A.1.f.1,Spatial Orientation,IM,1.12,8,0.125,1.0,1.37,N,,08/2021,Analyst
11-9121.01,1.A.1.f.1,Spatial Orientation,LV,0.12,8,0.125,0.0,0.37,N,Y,08/2021,Analyst
11-9121.01,1.A.1.f.2,Visualization,IM,2.62,8,0.183,2.2664,2.9836,N,,08/2021,Analyst
11-9121.01,1.A.1.f.2,Visualization,LV,2.88,8,0.125,2.63,3.12,N,N,08/2021,Analyst
11-9121.01,1.A.1.g.1,Selective Attention,IM,2.88,8,0.125,2.63,3.12,N,,08/2021,Analyst
11-9121.01,1.A.1.g.1,Selective Attention,LV,2.88,8,0.125,2.63,3.12,N,N,08/2021,Analyst
11-9121.01,1.A.1.g.2,Time Sharing,IM,2.88,8,0.125,2.63,3.12,N,,08/2021,Analyst
11-9121.01,1.A.1.g.2,Time Sharing,LV,2.88,8,0.125,2.63,3.12,N,N,08/2021,Analyst
11-9121.01,1.A.2.a.1,Arm-Hand Steadiness,IM,1.0,8,0.0,1.0,1.0,N,,08/2021,Analyst
11-9121.01,1.A.2.a.1,Arm-Hand Steadiness,LV,0.0,8,0.0,0.0,0.0,N,Y,08/2021,Analyst
11-9121.01,1.A.2.a.2,Manual Dexterity,IM,1.0,8,0.0,1.0,1.0,N,,08/2021,Analyst
11-9121.01,1.A.2.a.2,Manual Dexterity,LV,0.0,8,0.0,0.0,0.0,N,Y,08/2021,Analyst
11-9121.01,1.A.2.a.3,Finger Dexterity,IM,2.0,8,0.189,1.6296,2.3704,N,,08/2021,Analyst
11-9121.01,1.A.2.a.3,Finger Dexterity,LV,1.75,8,0.25,1.26,2.24,N,N,08/2021,Analyst
11-9121.01,1.A.2.b.1,Control Precision,IM,1.0,8,0.0,1.0,1.0,N,,08/2021,Analyst
11-9121.01,1.A.2.b.1,Control Precision,LV,0.0,8,0.0,0.0,0.0,N,Y,08/2021,Analyst
11-9121.01,1.A.2.b.2,Multilimb Coordination,IM,1.0,8,0.0,1.0,1.0,N,,08/2021,Analyst
11-9121.01,1.A.2.b.2,Multilimb Coordination,LV,0.0,8,0.0,0.0,0.0,N,Y,08/2021,Analyst
11-9121.01,1.A.2.b.3,Response Orientation,IM,1.0,8,0.0,1.0,1.0,N,,08/2021,Analyst
11-9121.01,1.A.2.b.3,Response Orientation,LV,0.0,8,0.0,0.0,0.0,N,Y,08/2021,Analyst
11-9121.01,1.A.2.b.4,Rate Control,IM,1.0,8,0.0,1.0,1.0,N,,08/2021,Analyst
11-9121.01,1.A.2.b.4,Rate Control,LV,0.0,8,0.0,0.0,0.0,N,Y,08/2021,Analyst
11-9121.01,1.A.2.c.1,Reaction Time,IM,1.0,8,0.0,1.0,1.0,N,,08/2021,Analyst
11-9121.01,1.A.2.c.1,Reaction Time,LV,0.0,8,0.0,0.0,0.0,N,Y,08/2021,Analyst
11-9121.01,1.A.2.c.2,Wrist-Finger Speed,IM,1.5,8,0.189,1.1296,1.8704,N,,08/2021,Analyst
11-9121.01,1.A.2.c.2,Wrist-Finger Speed,LV,0.75,8,0.3134,0.1358,1.3642,N,N,08/2021,Analyst
11-9121.01,1.A.2.c.3,Speed of Limb Movement,IM,1.0,8,0.0,1.0,1.0,N,,08/2021,Analyst
11-9121.01,1.A.2.c.3,Speed of Limb Movement,LV,0.0,8,0.0,0.0,0.0,N,Y,08/2021,Analyst
11-9121.01,1.A.3.a.1,Static Strength,IM,1.0,8,0.0,1.0,1.0,N,,08/2021,Analyst
11-9121.01,1.A.3.a.1,Static Strength,LV,0.0,8,0.0,0.0,0.0,N,Y,08/2021,Analyst
11-9121.01,1.A.3.a.2,Explosive Strength,IM,1.0,8,0.0,1.0,1.0,N,,08/2021,Analyst
11-9121.01,1.A.3.a.2,Explosive Strength,LV,0.0,8,0.0,0.0,0.0,N,Y,08/2021,Analyst
11-9121.01,1.A.3.a.3,Dynamic Strength,IM,1.25,8,0.1637,1.0,1.5708,N,,08/2021,Analyst
11-9121.01,1.A.3.a.3,Dynamic Strength,LV,0.25,8,0.1637,0.0,0.5708,N,Y,08/2021,Analyst
11-9121.01,1.A.3.a.4,Trunk Strength,IM,1.62,8,0.183,1.2664,1.9836,N,,08/2021,Analyst
11-9121.01,1.A.3.a.4,Trunk Strength,LV,1.12,8,0.3504,0.4383,1.8117,N,N,08/2021,Analyst
11-9121.01,1.A.3.b.1,Stamina,IM,1.0,8,0.0,1.0,1.0,N,,08/2021,Analyst
11-9121.01,1.A.3.b.1,Stamina,LV,0.0,8,0.0,0.0,0.0,N,Y,08/2021,Analyst
11-9121.01,1.A.3.c.1,Extent Flexibility,IM,1.12,8,0.125,1.0,1.37,N,,08/2021,Analyst
11-9121.01,1.A.3.c.1,Extent Flexibility,LV,0.12,8,0.125,0.0,0.37,N,Y,08/2021,Analyst
11-9121.01,1.A.3.c.2,Dynamic Flexibility,IM,1.0,8,0.0,1.0,1.0,N,,08/2021,Analyst
11-9121.01,1.A.3.c.2,Dynamic Flexibility,LV,0.0,8,0.0,0.0,0.0,N,Y,08/2021,Analyst
11-9121.01,1.A.3.c.3,Gross Body Coordination,IM,1.0,8,0.0,1.0,1.0,N,,08/2021,Analyst
11-9121.01,1.A.3.c.3,Gross Body Coordination,LV,0.0,8,0.0,0.0,0.0,N,Y,08/2021,Analyst
11-9121.01,1.A.3.c.4,Gross Body Equilibrium,IM,1.0,8,0.0,1.0,1.0,N,,08/2021,Analyst
11-9121.01,1.A.3.c.4,Gross Body Equilibrium,LV,0.0,8,0.0,0.0,0.0,N,Y,08/2021,Analyst
11-9121.01,1.A.4.a.1,Near Vision,IM,3.62,8,0.183,3.2664,3.9836,N,,08/2021,Analyst
11-9121.01,1.A.4.a.1,Near Vision,LV,3.62,8,0.183,3.2664,3.9836,N,N,08/2021,Analyst
11-9121.01,1.A.4.a.2,Far Vision,IM,3.0,8,0.0,3.0,3.0,N,,08/2021,Analyst
11-9121.01,1.A.4.a.2,Far Vision,LV,3.0,8,0.0,3.0,3.0,N,N,08/2021,Analyst
11-9121.01,1.A.4.a.3,Visual Color Discrimination,IM,2.38,8,0.2631,1.8594,2.8906,N,,08/2021,Analyst
11-9121.01,1.A.4.a.3,Visual Color Discrimination,LV,2.12,8,0.3504,1.4383,2.8117,N,N,08/2021,Analyst
11-9121.01,1.A.4.a.4,Night Vision,IM,1.0,8,0.0,1.0,1.0,N,,08/2021,Analyst
11-9121.01,1.A.4.a.4,Night Vision,LV,0.0,8,0.0,0.0,0.0,N,Y,08/2021,Analyst
11-9121.01,1.A.4.a.5,Peripheral Vision,IM,1.0,8,0.0,1.0,1.0,N,,08/2021,Analyst
11-9121.01,1.A.4.a.5,Peripheral Vision,LV,0.0,8,0.0,0.0,0.0,N,Y,08/2021,Analyst
11-9121.01,1.A.4.a.6,Depth Perception,IM,1.75,8,0.1637,1.4292,2.0708,N,,08/2021,Analyst
11-9121.01,1.A.4.a.6,Depth Perception,LV,0.75,8,0.1637,0.4292,1.0708,N,N,08/2021,Analyst
11-9121.01,1.A.4.a.7,Glare Sensitivity,IM,1.0,8,0.0,1.0,1.0,N,,08/2021,Analyst
11-9121.01,1.A.4.a.7,Glare Sensitivity,LV,0.0,8,0.0,0.0,0.0,N,Y,08/2021,Analyst
11-9121.01,1.A.4.b.1,Hearing Sensitivity,IM,2.0,8,0.189,1.6296,2.3704,N,,08/2021,Analyst
11-9121.01,1.A.4.b.1,Hearing Sensitivity,LV,1.75,8,0.25,1.26,2.24,N,N,08/2021,Analyst
11-9121.01,1.A.4.b.2,Auditory Attention,IM,2.38,8,0.2631,1.8594,2.8906,N,,08/2021,Analyst
11-9121.01,1.A.4.b.2,Auditory Attention,LV,1.88,8,0.295,1.2967,2.4533,N,N,08/2021,Analyst
11-9121.01,1.A.4.b.3,Sound Localization,IM,1.0,8,0.0,1.0,1.0,N,,08/2021,Analyst
11-9121.01,1.A.4.b.3,Sound Localization,LV,0.0,8,0.0,0.0,0.0,N,Y,08/2021,Analyst
11-9121.01,1.A.4.b.4,Speech Recognition,IM,3.75,8,0.1637,3.4292,4.0708,N,,08/2021,Analyst
11-9121.01,1.A.4.b.4,Speech Recognition,LV,3.75,8,0.1637,3.4292,4.0708,N,N,08/2021,Analyst
11-9121.01,1.A.4.b.5,Speech Clarity,IM,3.75,8,0.1637,3.4292,4.0708,N,,08/2021,Analyst
11-9121.01,1.A.4.b.5,Speech Clarity,LV,3.75,8,0.1637,3.4292,4.0708,N,N,08/2021,Analyst
11-9121.02,1.A.1.a.1,Oral Comprehension,IM,4.0,8,0.0,4.0,4.0,N,,08/2020,Analyst
11-9121.02,1.A.1.a.1,Oral Comprehension,LV,4.0,8,0.0,4.0,4.0,N,N,08/2020,Analyst
11-9121.02,1.A.1.a.2,Written Comprehension,IM,4.0,8,0.0,4.0,4.0,N,,08/2020,Analyst
11-9121.02,1.A.1.a.2,Written Comprehension,LV,4.12,8,0.125,3.88,4.37,N,N,08/2020,Analyst
11-9121.02,1.A.1.a.3,Oral Expression,IM,4.0,8,0.0,4.0,4.0,N,,08/2020,Analyst
11-9121.02,1.A.1.a.3,Oral Expression,LV,4.12,8,0.125,3.88,4.37,N,N,08/2020,Analyst
11-9121.02,1.A.1.a.4,Written Expression,IM,3.88,8,0.125,3.63,4.12,N,,08/2020,Analyst
11-9121.02,1.A.1.a.4,Written Expression,LV,4.12,8,0.125,3.88,4.37,N,N,08/2020,Analyst
11-9121.02,1.A.1.b.1,Fluency of Ideas,IM,3.25,8,0.1637,2.9292,3.5708,N,,08/2020,Analyst
11-9121.02,1.A.1.b.1,Fluency of Ideas,LV,3.5,8,0.189,3.1296,3.8704,N,N,08/2020,Analyst
11-9121.02,1.A.1.b.2,Originality,IM,3.25,8,0.1637,2.9292,3.5708,N,,08/2020,Analyst
11-9121.02,1.A.1.b.2,Originality,LV,3.5,8,0.189,3.1296,3.8704,N,N,08/2020,Analyst
11-9121.02,1.A.1.b.3,Problem Sensitivity,IM,3.88,8,0.125,3.63,4.12,N,,08/2020,Analyst
11-9121.02,1.A.1.b.3,Problem Sensitivity,LV,3.88,8,0.125,3.63,4.12,N,N,08/2020,Analyst
11-9121.02,1.A.1.b.4,Deductive Reasoning,IM,3.88,8,0.125,3.63,4.12,N,,08/2020,Analyst
11-9121.02,1.A.1.b.4,Deductive Reasoning,LV,4.12,8,0.125,3.88,4.37,N,N,08/2020,Analyst
11-9121.02,1.A.1.b.5,Inductive Reasoning,IM,3.88,8,0.125,3.63,4.12,N,,08/2020,Analyst
11-9121.02,1.A.1.b.5,Inductive Reasoning,LV,4.12,8,0.125,3.88,4.37,N,N,08/2020,Analyst
11-9121.02,1.A.1.b.6,Information Ordering,IM,3.75,8,0.1637,3.4292,4.0708,N,,08/2020,Analyst
11-9121.02,1.A.1.b.6,Information Ordering,LV,4.0,8,0.0,4.0,4.0,N,N,08/2020,Analyst
11-9121.02,1.A.1.b.7,Category Flexibility,IM,3.38,8,0.183,3.0164,3.7336,N,,08/2020,Analyst
11-9121.02,1.A.1.b.7,Category Flexibility,LV,3.38,8,0.183,3.0164,3.7336,N,N,08/2020,Analyst
11-9121.02,1.A.1.c.1,Mathematical Reasoning,IM,3.25,8,0.1637,2.9292,3.5708,N,,08/2020,Analyst
11-9121.02,1.A.1.c.1,Mathematical Reasoning,LV,3.38,8,0.183,3.0164,3.7336,N,N,08/2020,Analyst
11-9121.02,1.A.1.c.2,Number Facility,IM,3.25,8,0.1637,2.9292,3.5708,N,,08/2020,Analyst
11-9121.02,1.A.1.c.2,Number Facility,LV,3.75,8,0.1637,3.4292,4.0708,N,N,08/2020,Analyst
11-9121.02,1.A.1.d.1,Memorization,IM,2.75,8,0.1637,2.4292,3.0708,N,,08/2020,Analyst
11-9121.02,1.A.1.d.1,Memorization,LV,2.75,8,0.1637,2.4292,3.0708,N,N,08/2020,Analyst
11-9121.02,1.A.1.e.1,Speed of Closure,IM,2.88,8,0.125,2.63,3.12,N,,08/2020,Analyst
11-9121.02,1.A.1.e.1,Speed of Closure,LV,2.88,8,0.125,2.63,3.12,N,N,08/2020,Analyst
11-9121.02,1.A.1.e.2,Flexibility of Closure,IM,3.25,8,0.1637,2.9292,3.5708,N,,08/2020,Analyst
11-9121.02,1.A.1.e.2,Flexibility of Closure,LV,3.5,8,0.189,3.1296,3.8704,N,N,08/2020,Analyst
11-9121.02,1.A.1.e.3,Perceptual Speed,IM,3.0,8,0.0,3.0,3.0,N,,08/2020,Analyst
11-9121.02,1.A.1.e.3,Perceptual Speed,LV,3.25,8,0.1637,2.9292,3.5708,N,N,08/2020,Analyst
11-9121.02,1.A.1.f.1,Spatial Orientation,IM,1.12,8,0.125,1.0,1.37,N,,08/2020,Analyst
11-9121.02,1.A.1.f.1,Spatial Orientation,LV,0.12,8,0.125,0.0,0.37,N,Y,08/2020,Analyst
11-9121.02,1.A.1.f.2,Visualization,IM,2.88,8,0.125,2.63,3.12,N,,08/2020,Analyst
11-9121.02,1.A.1.f.2,Visualization,LV,3.12,8,0.125,2.88,3.37,N,N,08/2020,Analyst
11-9121.02,1.A.1.g.1,Selective Attention,IM,3.0,8,0.0,3.0,3.0,N,,08/2020,Analyst
11-9121.02,1.A.1.g.1,Selective Attention,LV,3.0,8,0.0,3.0,3.0,N,N,08/2020,Analyst
11-9121.02,1.A.1.g.2,Time Sharing,IM,2.88,8,0.125,2.63,3.12,N,,08/2020,Analyst
11-9121.02,1.A.1.g.2,Time Sharing,LV,2.75,8,0.1637,2.4292,3.0708,N,N,08/2020,Analyst
11-9121.02,1.A.2.a.1,Arm-Hand Steadiness,IM,1.12,8,0.125,1.0,1.37,N,,08/2020,Analyst
11-9121.02,1.A.2.a.1,Arm-Hand Steadiness,LV,0.12,8,0.125,0.0,0.37,N,Y,08/2020,Analyst
11-9121.02,1.A.2.a.2,Manual Dexterity,IM,1.12,8,0.125,1.0,1.37,N,,08/2020,Analyst
11-9121.02,1.A.2.a.2,Manual Dexterity,LV,0.12,8,0.125,0.0,0.37,N,Y,08/2020,Analyst
11-9121.02,1.A.2.a.3,Finger Dexterity,IM,1.75,8,0.1637,1.4292,2.0708,N,,08/2020,Analyst
11-9121.02,1.A.2.a.3,Finger Dexterity,LV,1.5,8,0.3273,0.8584,2.1416,N,N,08/2020,Analyst
11-9121.02,1.A.2.b.1,Control Precision,IM,1.75,8,0.1637,1.4292,2.0708,N,,08/2020,Analyst
11-9121.02,1.A.2.b.1,Control Precision,LV,1.38,8,0.3239,0.7402,2.0098,N,N,08/2020,Analyst
11-9121.02,1.A.2.b.2,Multilimb Coordination,IM,1.62,8,0.183,1.2664,1.9836,N,,08/2020,Analyst
11-9121.02,1.A.2.b.2,Multilimb Coordination,LV,0.62,8,0.183,0.2664,0.9836,N,N,08/2020,Analyst
11-9121.02,1.A.2.b.3,Response Orientation,IM,1.0,8,0.0,1.0,1.0,N,,08/2020,Analyst
11-9121.02,1.A.2.b.3,Response Orientation,LV,0.0,8,0.0,0.0,0.0,N,Y,08/2020,Analyst
11-9121.02,1.A.2.b.4,Rate Control,IM,1.0,8,0.0,1.0,1.0,N,,08/2020,Analyst
11-9121.02,1.A.2.b.4,Rate Control,LV,0.0,8,0.0,0.0,0.0,N,Y,08/2020,Analyst
11-9121.02,1.A.2.c.1,Reaction Time,IM,1.0,8,0.0,1.0,1.0,N,,08/2020,Analyst
11-9121.02,1.A.2.c.1,Reaction Time,LV,0.0,8,0.0,0.0,0.0,N,Y,08/2020,Analyst
11-9121.02,1.A.2.c.2,Wrist-Finger Speed,IM,1.12,8,0.125,1.0,1.37,N,,08/2020,Analyst
11-9121.02,1.A.2.c.2,Wrist-Finger Speed,LV,0.25,8,0.25,0.0,0.74,N,Y,08/2020,Analyst
11-9121.02,1.A.2.c.3,Speed of Limb Movement,IM,1.0,8,0.0,1.0,1.0,N,,08/2020,Analyst
11-9121.02,1.A.2.c.3,Speed of Limb Movement,LV,0.0,8,0.0,0.0,0.0,N,Y,08/2020,Analyst
11-9121.02,1.A.3.a.1,Static Strength,IM,1.0,8,0.0,1.0,1.0,N,,08/2020,Analyst
11-9121.02,1.A.3.a.1,Static Strength,LV,0.0,8,0.0,0.0,0.0,N,Y,08/2020,Analyst
11-9121.02,1.A.3.a.2,Explosive Strength,IM,1.0,8,0.0,1.0,1.0,N,,08/2020,Analyst
11-9121.02,1.A.3.a.2,Explosive Strength,LV,0.0,8,0.0,0.0,0.0,N,Y,08/2020,Analyst
11-9121.02,1.A.3.a.3,Dynamic Strength,IM,1.0,8,0.0,1.0,1.0,N,,08/2020,Analyst
11-9121.02,1.A.3.a.3,Dynamic Strength,LV,0.0,8,0.0,0.0,0.0,N,Y,08/2020,Analyst
11-9121.02,1.A.3.a.4,Trunk Strength,IM,1.5,8,0.189,1.1296,1.8704,N,,08/2020,Analyst
11-9121.02,1.A.3.a.4,Trunk Strength,LV,0.75,8,0.3134,0.1358,1.3642,N,N,08/2020,Analyst
11-9121.02,1.A.3.b.1,Stamina,IM,1.0,8,0.0,1.0,1.0,N,,08/2020,Analyst
11-9121.02,1.A.3.b.1,Stamina,LV,0.0,8,0.0,0.0,0.0,N,Y,08/2020,Analyst
11-9121.02,1.A.3.c.1,Extent Flexibility,IM,1.0,8,0.0,1.0,1.0,N,,08/2020,Analyst
11-9121.02,1.A.3.c.1,Extent Flexibility,LV,0.0,8,0.0,0.0,0.0,N,Y,08/2020,Analyst
11-9121.02,1.A.3.c.2,Dynamic Flexibility,IM,1.0,8,0.0,1.0,1.0,N,,08/2020,Analyst
11-9121.02,1.A.3.c.2,Dynamic Flexibility,LV,0.0,8,0.0,0.0,0.0,N,Y,08/2020,Analyst
11-9121.02,1.A.3.c.3,Gross Body Coordination,IM,1.0,8,0.0,1.0,1.0,N,,08/2020,Analyst
11-9121.02,1.A.3.c.3,Gross Body Coordination,LV,0.0,8,0.0,0.0,0.0,N,Y,08/2020,Analyst
11-9121.02,1.A.3.c.4,Gross Body Equilibrium,IM,1.0,8,0.0,1.0,1.0,N,,08/2020,Analyst
11-9121.02,1.A.3.c.4,Gross Body Equilibrium,LV,0.0,8,0.0,0.0,0.0,N,Y,08/2020,Analyst
11-9121.02,1.A.4.a.1,Near Vision,IM,3.75,8,0.1637,3.4292,4.0708,N,,08/2020,Analyst
11-9121.02,1.A.4.a.1,Near Vision,LV,3.88,8,0.125,3.63,4.12,N,N,08/2020,Analyst
11-9121.02,1.A.4.a.2,Far Vision,IM,3.0,8,0.0,3.0,3.0,N,,08/2020,Analyst
11-9121.02,1.A.4.a.2,Far Vision,LV,3.62,8,0.183,3.2664,3.9836,N,N,08/2020,Analyst
11-9121.02,1.A.4.a.3,Visual Color Discrimination,IM,2.75,8,0.25,2.26,3.24,N,,08/2020,Analyst
11-9121.02,1.A.4.a.3,Visual Color Discrimination,LV,2.75,8,0.1637,2.4292,3.0708,N,N,08/2020,Analyst
11-9121.02,1.A.4.a.4,Night Vision,IM,1.0,8,0.0,1.0,1.0,N,,08/2020,Analyst
11-9121.02,1.A.4.a.4,Night Vision,LV,0.0,8,0.0,0.0,0.0,N,Y,08/2020,Analyst
11-9121.02,1.A.4.a.5,Peripheral Vision,IM,1.0,8,0.0,1.0,1.0,N,,08/2020,Analyst
11-9121.02,1.A.4.a.5,Peripheral Vision,LV,0.0,8,0.0,0.0,0.0,N,Y,08/2020,Analyst
11-9121.02,1.A.4.a.6,Depth Perception,IM,2.0,8,0.0,2.0,2.0,N,,08/2020,Analyst
11-9121.02,1.A.4.a.6,Depth Perception,LV,1.75,8,0.1637,1.4292,2.0708,N,N,08/2020,Analyst
11-9121.02,1.A.4.a.7,Glare Sensitivity,IM,1.0,8,0.0,1.0,1.0,N,,08/2020,Analyst
11-9121.02,1.A.4.a.7,Glare Sensitivity,LV,0.0,8,0.0,0.0,0.0,N,Y,08/2020,Analyst
11-9121.02,1.A.4.b.1,Hearing Sensitivity,IM,2.0,8,0.0,2.0,2.0,N,,08/2020,Analyst
11-9121.02,1.A.4.b.1,Hearing Sensitivity,LV,1.88,8,0.125,1.63,2.12,N,N,08/2020,Analyst
11-9121.02,1.A.4.b.2,Auditory Attention,IM,2.0,8,0.0,2.0,2.0,N,,08/2020,Analyst
11-9121.02,1.A.4.b.2,Auditory Attention,LV,2.0,8,0.0,2.0,2.0,N,N,08/2020,Analyst
11-9121.02,1.A.4.b.3,Sound Localization,IM,1.0,8,0.0,1.0,1.0,N,,08/2020,Analyst
11-9121.02,1.A.4.b.3,Sound Localization,LV,0.0,8,0.0,0.0,0.0,N,Y,08/2020,Analyst
11-9121.02,1.A.4.b.4,Speech Recognition,IM,3.25,8,0.1637,2.9292,3.5708,N,,08/2020,Analyst
11-9121.02,1.A.4.b.4,Speech Recognition,LV,3.62,8,0.183,3.2664,3.9836,N,N,08/2020,Analyst
11-9121.02,1.A.4.b.5,Speech Clarity,IM,3.62,8,0.183,3.2664,3.9836,N,,08/2020,Analyst
11-9121.02,1.A.4.b.5,Speech Clarity,LV,3.88,8,0.125,3.63,4.12,N,N,08/2020,Analyst
11-9131.00,1.A.1.a.1,Oral Comprehension,IM,4.0,8,0.0,4.0,4.0,N,,07/2016,Analyst
11-9131.00,1.A.1.a.1,Oral Comprehension,LV,3.88,8,0.125,3.63,4.12,N,N,07/2016,Analyst
11-9131.00,1.A.1.a.2,Written Comprehension,IM,4.0,8,0.0,4.0,4.0,N,,07/2016,Analyst
11-9131.00,1.A.1.a.2,Written Comprehension,LV,3.75,8,0.1637,3.4292,4.0708,N,N,07/2016,Analyst
11-9131.00,1.A.1.a.3,Oral Expression,IM,4.0,8,0.0,4.0,4.0,N,,07/2016,Analyst
11-9131.00,1.A.1.a.3,Oral Expression,LV,4.0,8,0.0,4.0,4.0,N,N,07/2016,Analyst
11-9131.00,1.A.1.a.4,Written Expression,IM,3.5,8,0.189,3.1296,3.8704,N,,07/2016,Analyst
11-9131.00,1.A.1.a.4,Written Expression,LV,3.62,8,0.183,3.2664,3.9836,N,N,07/2016,Analyst
11-9131.00,1.A.1.b.1,Fluency of Ideas,IM,3.0,8,0.0,3.0,3.0,N,,07/2016,Analyst
11-9131.00,1.A.1.b.1,Fluency of Ideas,LV,3.0,8,0.0,3.0,3.0,N,N,07/2016,Analyst
11-9131.00,1.A.1.b.2,Originality,IM,3.0,8,0.0,3.0,3.0,N,,07/2016,Analyst
11-9131.00,1.A.1.b.2,Originality,LV,3.0,8,0.0,3.0,3.0,N,N,07/2016,Analyst
11-9131.00,1.A.1.b.3,Problem Sensitivity,IM,3.75,8,0.1637,3.4292,4.0708,N,,07/2016,Analyst
11-9131.00,1.A.1.b.3,Problem Sensitivity,LV,3.38,8,0.183,3.0164,3.7336,N,N,07/2016,Analyst
11-9131.00,1.A.1.b.4,Deductive Reasoning,IM,3.88,8,0.125,3.63,4.12,N,,07/2016,Analyst
11-9131.00,1.A.1.b.4,Deductive Reasoning,LV,3.25,8,0.1637,2.9292,3.5708,N,N,07/2016,Analyst
11-9131.00,1.A.1.b.5,Inductive Reasoning,IM,3.75,8,0.1637,3.4292,4.0708,N,,07/2016,Analyst
11-9131.00,1.A.1.b.5,Inductive Reasoning,LV,3.12,8,0.125,2.88,3.37,N,N,07/2016,Analyst
11-9131.00,1.A.1.b.6,Information Ordering,IM,3.62,8,0.183,3.2664,3.9836,N,,07/2016,Analyst
11-9131.00,1.A.1.b.6,Information Ordering,LV,3.12,8,0.125,2.88,3.37,N,N,07/2016,Analyst
11-9131.00,1.A.1.b.7,Category Flexibility,IM,3.5,8,0.189,3.1296,3.8704,N,,07/2016,Analyst
11-9131.00,1.A.1.b.7,Category Flexibility,LV,3.0,8,0.0,3.0,3.0,N,N,07/2016,Analyst
11-9131.00,1.A.1.c.1,Mathematical Reasoning,IM,2.88,8,0.125,2.63,3.12,N,,07/2016,Analyst
11-9131.00,1.A.1.c.1,Mathematical Reasoning,LV,2.88,8,0.125,2.63,3.12,N,N,07/2016,Analyst
11-9131.00,1.A.1.c.2,Number Facility,IM,2.75,8,0.1637,2.4292,3.0708,N,,07/2016,Analyst
11-9131.00,1.A.1.c.2,Number Facility,LV,2.88,8,0.125,2.63,3.12,N,N,07/2016,Analyst
11-9131.00,1.A.1.d.1,Memorization,IM,2.5,8,0.189,2.1296,2.8704,N,,07/2016,Analyst
11-9131.00,1.A.1.d.1,Memorization,LV,2.12,8,0.125,1.88,2.37,N,N,07/2016,Analyst
11-9131.00,1.A.1.e.1,Speed of Closure,IM,2.75,8,0.1637,2.4292,3.0708,N,,07/2016,Analyst
11-9131.00,1.A.1.e.1,Speed of Closure,LV,2.12,8,0.125,1.88,2.37,N,N,07/2016,Analyst
11-9131.00,1.A.1.e.2,Flexibility of Closure,IM,3.0,8,0.0,3.0,3.0,N,,07/2016,Analyst
11-9131.00,1.A.1.e.2,Flexibility of Closure,LV,2.5,8,0.2673,1.9762,3.0238,N,N,07/2016,Analyst
11-9131.00,1.A.1.e.3,Perceptual Speed,IM,2.88,8,0.125,2.63,3.12,N,,07/2016,Analyst
11-9131.00,1.A.1.e.3,Perceptual Speed,LV,2.5,8,0.189,2.1296,2.8704,N,N,07/2016,Analyst
11-9131.00,1.A.1.f.1,Spatial Orientation,IM,1.0,8,0.0,1.0,1.0,N,,07/2016,Analyst
11-9131.00,1.A.1.f.1,Spatial Orientation,LV,0.0,8,0.0,0.0,0.0,N,Y,07/2016,Analyst
11-9131.00,1.A.1.f.2,Visualization,IM,2.5,8,0.189,2.1296,2.8704,N,,07/2016,Analyst
11-9131.00,1.A.1.f.2,Visualization,LV,2.12,8,0.125,1.88,2.37,N,N,07/2016,Analyst
11-9131.00,1.A.1.g.1,Selective Attention,IM,3.0,8,0.0,3.0,3.0,N,,07/2016,Analyst
11-9131.00,1.A.1.g.1,Selective Attention,LV,2.88,8,0.125,2.63,3.12,N,N,07/2016,Analyst
11-9131.00,1.A.1.g.2,Time Sharing,IM,2.88,8,0.125,2.63,3.12,N,,07/2016,Analyst
11-9131.00,1.A.1.g.2,Time Sharing,LV,2.38,8,0.183,2.0164,2.7336,N,N,07/2016,Analyst
11-9131.00,1.A.2.a.1,Arm-Hand Steadiness,IM,1.38,8,0.183,1.0164,1.7336,N,,07/2016,Analyst
11-9131.00,1.A.2.a.1,Arm-Hand Steadiness,LV,0.38,8,0.183,0.0164,0.7336,N,N,07/2016,Analyst
11-9131.00,1.A.2.a.2,Manual Dexterity,IM,1.0,8,0.0,1.0,1.0,N,,07/2016,Analyst
11-9131.00,1.A.2.a.2,Manual Dexterity,LV,0.0,8,0.0,0.0,0.0,N,Y,07/2016,Analyst
11-9131.00,1.A.2.a.3,Finger Dexterity,IM,2.25,8,0.3134,1.6358,2.8642,N,,07/2016,Analyst
11-9131.00,1.A.2.a.3,Finger Dexterity,LV,1.62,8,0.375,0.89,2.36,N,N,07/2016,Analyst
11-9131.00,1.A.2.b.1,Control Precision,IM,1.5,8,0.189,1.1296,1.8704,N,,07/2016,Analyst
11-9131.00,1.A.2.b.1,Control Precision,LV,0.5,8,0.189,0.1296,0.8704,N,N,07/2016,Analyst
11-9131.00,1.A.2.b.2,Multilimb Coordination,IM,1.62,8,0.183,1.2664,1.9836,N,,07/2016,Analyst
11-9131.00,1.A.2.b.2,Multilimb Coordination,LV,0.88,8,0.295,0.2967,1.4533,N,N,07/2016,Analyst
11-9131.00,1.A.2.b.3,Response Orientation,IM,1.0,8,0.0,1.0,1.0,N,,07/2016,Analyst
11-9131.00,1.A.2.b.3,Response Orientation,LV,0.0,8,0.0,0.0,0.0,N,Y,07/2016,Analyst
11-9131.00,1.A.2.b.4,Rate Control,IM,1.62,8,0.183,1.2664,1.9836,N,,07/2016,Analyst
11-9131.00,1.A.2.b.4,Rate Control,LV,0.88,8,0.295,0.2967,1.4533,N,N,07/2016,Analyst
11-9131.00,1.A.2.c.1,Reaction Time,IM,1.62,8,0.183,1.2664,1.9836,N,,07/2016,Analyst
11-9131.00,1.A.2.c.1,Reaction Time,LV,0.88,8,0.295,0.2967,1.4533,N,N,07/2016,Analyst
11-9131.00,1.A.2.c.2,Wrist-Finger Speed,IM,1.38,8,0.183,1.0164,1.7336,N,,07/2016,Analyst
11-9131.00,1.A.2.c.2,Wrist-Finger Speed,LV,0.62,8,0.3239,0.0,1.2598,N,N,07/2016,Analyst
11-9131.00,1.A.2.c.3,Speed of Limb Movement,IM,1.5,8,0.189,1.1296,1.8704,N,,07/2016,Analyst
11-9131.00,1.A.2.c.3,Speed of Limb Movement,LV,0.88,8,0.3504,0.1883,1.5617,N,N,07/2016,Analyst
11-9131.00,1.A.3.a.1,Static Strength,IM,1.62,8,0.183,1.2664,1.9836,N,,07/2016,Analyst
11-9131.00,1.A.3.a.1,Static Strength,LV,0.75,8,0.25,0.26,1.24,N,N,07/2016,Analyst
11-9131.00,1.A.3.a.2,Explosive Strength,IM,1.5,8,0.189,1.1296,1.8704,N,,07/2016,Analyst
11-9131.00,1.A.3.a.2,Explosive Strength,LV,0.75,8,0.3134,0.1358,1.3642,N,N,07/2016,Analyst
11-9131.00,1.A.3.a.3,Dynamic Strength,IM,1.38,8,0.183,1.0164,1.7336,N,,07/2016,Analyst
11-9131.00,1.A.3.a.3,Dynamic Strength,LV,0.38,8,0.183,0.0164,0.7336,N,N,07/2016,Analyst
11-9131.00,1.A.3.a.4,Trunk Strength,IM,2.12,8,0.125,1.88,2.37,N,,07/2016,Analyst
11-9131.00,1.A.3.a.4,Trunk Strength,LV,2.0,8,0.0,2.0,2.0,N,N,07/2016,Analyst
11-9131.00,1.A.3.b.1,Stamina,IM,2.12,8,0.125,1.88,2.37,N,,07/2016,Analyst
11-9131.00,1.A.3.b.1,Stamina,LV,1.5,8,0.189,1.1296,1.8704,N,N,07/2016,Analyst
11-9131.00,1.A.3.c.1,Extent Flexibility,IM,1.5,8,0.189,1.1296,1.8704,N,,07/2016,Analyst
11-9131.00,1.A.3.c.1,Extent Flexibility,LV,0.5,8,0.189,0.1296,0.8704,N,N,07/2016,Analyst
11-9131.00,1.A.3.c.2,Dynamic Flexibility,IM,1.0,8,0.0,1.0,1.0,N,,07/2016,Analyst
11-9131.00,1.A.3.c.2,Dynamic Flexibility,LV,0.0,8,0.0,0.0,0.0,N,Y,07/2016,Analyst
11-9131.00,1.A.3.c.3,Gross Body Coordination,IM,2.0,8,0.0,2.0,2.0,N,,07/2016,Analyst
11-9131.00,1.A.3.c.3,Gross Body Coordination,LV,1.38,8,0.183,1.0164,1.7336,N,N,07/2016,Analyst
11-9131.00,1.A.3.c.4,Gross Body Equilibrium,IM,1.5,8,0.189,1.1296,1.8704,N,,07/2016,Analyst
11-9131.00,1.A.3.c.4,Gross Body Equilibrium,LV,0.62,8,0.2631,0.1094,1.1406,N,N,07/2016,Analyst
11-9131.00,1.A.4.a.1,Near Vision,IM,3.62,8,0.183,3.2664,3.9836,N,,07/2016,Analyst
11-9131.00,1.A.4.a.1,Near Vision,LV,3.12,8,0.125,2.88,3.37,N,N,07/2016,Analyst
11-9131.00,1.A.4.a.2,Far Vision,IM,2.75,8,0.1637,2.4292,3.0708,N,,07/2016,Analyst
11-9131.00,1.A.4.a.2,Far Vision,LV,2.75,8,0.1637,2.4292,3.0708,N,N,07/2016,Analyst
11-9131.00,1.A.4.a.3,Visual Color Discrimination,IM,2.5,8,0.189,2.1296,2.8704,N,,07/2016,Analyst
11-9131.00,1.A.4.a.3,Visual Color Discrimination,LV,2.38,8,0.183,2.0164,2.7336,N,N,07/2016,Analyst
11-9131.00,1.A.4.a.4,Night Vision,IM,1.0,8,0.0,1.0,1.0,N,,07/2016,Analyst
11-9131.00,1.A.4.a.4,Night Vision,LV,0.0,8,0.0,0.0,0.0,N,Y,07/2016,Analyst
11-9131.00,1.A.4.a.5,Peripheral Vision,IM,1.0,8,0.0,1.0,1.0,N,,07/2016,Analyst
11-9131.00,1.A.4.a.5,Peripheral Vision,LV,0.0,8,0.0,0.0,0.0,N,Y,07/2016,Analyst
11-9131.00,1.A.4.a.6,Depth Perception,IM,2.0,8,0.0,2.0,2.0,N,,07/2016,Analyst
11-9131.00,1.A.4.a.6,Depth Perception,LV,1.75,8,0.1637,1.4292,2.0708,N,N,07/2016,Analyst
11-9131.00,1.A.4.a.7,Glare Sensitivity,IM,1.0,8,0.0,1.0,1.0,N,,07/2016,Analyst
11-9131.00,1.A.4.a.7,Glare Sensitivity,LV,0.0,8,0.0,0.0,0.0,N,Y,07/2016,Analyst
11-9131.00,1.A.4.b.1,Hearing Sensitivity,IM,2.38,8,0.183,2.0164,2.7336,N,,07/2016,Analyst
11-9131.00,1.A.4.b.1,Hearing Sensitivity,LV,2.12,8,0.125,1.88,2.37,N,N,07/2016,Analyst
11-9131.00,1.A.4.b.2,Auditory Attention,IM,2.75,8,0.1637,2.4292,3.0708,N,,07/2016,Analyst
11-9131.00,1.A.4.b.2,Auditory Attention,LV,2.12,8,0.125,1.88,2.37,N,N,07/2016,Analyst
11-9131.00,1.A.4.b.3,Sound Localization,IM,1.0,8,0.0,1.0,1.0,N,,07/2016,Analyst
11-9131.00,1.A.4.b.3,Sound Localization,LV,0.0,8,0.0,0.0,0.0,N,Y,07/2016,Analyst
11-9131.00,1.A.4.b.4,Speech Recognition,IM,3.88,8,0.125,3.63,4.12,N,,07/2016,Analyst
11-9131.00,1.A.4.b.4,Speech Recognition,LV,3.25,8,0.1637,2.9292,3.5708,N,N,07/2016,Analyst
11-9131.00,1.A.4.b.5,Speech Clarity,IM,3.88,8,0.125,3.63,4.12,N,,07/2016,Analyst
11-9131.00,1.A.4.b.5,Speech Clarity,LV,3.12,8,0.125,2.88,3.37,N,N,07/2016,Analyst
11-9141.00,1.A.1.a.1,Oral Comprehension,IM,4.0,8,0.0,4.0,4.0,N,,08/2020,Analyst
11-9141.00,1.A.1.a.1,Oral Comprehension,LV,4.12,8,0.125,3.88,4.37,N,N,08/2020,Analyst
11-9141.00,1.A.1.a.2,Written Comprehension,IM,4.0,8,0.0,4.0,4.0,N,,08/2020,Analyst
11-9141.00,1.A.1.a.2,Written Comprehension,LV,4.0,8,0.0,4.0,4.0,N,N,08/2020,Analyst
11-9141.00,1.A.1.a.3,Oral Expression,IM,4.0,8,0.0,4.0,4.0,N,,08/2020,Analyst
11-9141.00,1.A.1.a.3,Oral Expression,LV,4.12,8,0.125,3.88,4.37,N,N,08/2020,Analyst
11-9141.00,1.A.1.a.4,Written Expression,IM,3.75,8,0.1637,3.4292,4.0708,N,,08/2020,Analyst
11-9141.00,1.A.1.a.4,Written Expression,LV,4.0,8,0.0,4.0,4.0,N,N,08/2020,Analyst
11-9141.00,1.A.1.b.1,Fluency of Ideas,IM,3.0,8,0.0,3.0,3.0,N,,08/2020,Analyst
11-9141.00,1.A.1.b.1,Fluency of Ideas,LV,3.0,8,0.0,3.0,3.0,N,N,08/2020,Analyst
11-9141.00,1.A.1.b.2,Originality,IM,2.75,8,0.1637,2.4292,3.0708,N,,08/2020,Analyst
11-9141.00,1.A.1.b.2,Originality,LV,2.88,8,0.125,2.63,3.12,N,N,08/2020,Analyst
11-9141.00,1.A.1.b.3,Problem Sensitivity,IM,3.62,8,0.183,3.2664,3.9836,N,,08/2020,Analyst
11-9141.00,1.A.1.b.3,Problem Sensitivity,LV,3.5,8,0.189,3.1296,3.8704,N,N,08/2020,Analyst
11-9141.00,1.A.1.b.4,Deductive Reasoning,IM,3.5,8,0.189,3.1296,3.8704,N,,08/2020,Analyst
11-9141.00,1.A.1.b.4,Deductive Reasoning,LV,3.88,8,0.2266,3.4309,4.3191,N,N,08/2020,Analyst
11-9141.00,1.A.1.b.5,Inductive Reasoning,IM,3.62,8,0.183,3.2664,3.9836,N,,08/2020,Analyst
11-9141.00,1.A.1.b.5,Inductive Reasoning,LV,3.5,8,0.189,3.1296,3.8704,N,N,08/2020,Analyst
11-9141.00,1.A.1.b.6,Information Ordering,IM,3.12,8,0.125,2.88,3.37,N,,08/2020,Analyst
11-9141.00,1.A.1.b.6,Information Ordering,LV,3.12,8,0.125,2.88,3.37,N,N,08/2020,Analyst
11-9141.00,1.A.1.b.7,Category Flexibility,IM,3.0,8,0.0,3.0,3.0,N,,08/2020,Analyst
11-9141.00,1.A.1.b.7,Category Flexibility,LV,3.0,8,0.0,3.0,3.0,N,N,08/2020,Analyst
11-9141.00,1.A.1.c.1,Mathematical Reasoning,IM,3.0,8,0.189,2.6296,3.3704,N,,08/2020,Analyst
11-9141.00,1.A.1.c.1,Mathematical Reasoning,LV,2.88,8,0.125,2.63,3.12,N,N,08/2020,Analyst
11-9141.00,1.A.1.c.2,Number Facility,IM,3.0,8,0.189,2.6296,3.3704,N,,08/2020,Analyst
11-9141.00,1.A.1.c.2,Number Facility,LV,3.0,8,0.189,2.6296,3.3704,N,N,08/2020,Analyst
11-9141.00,1.A.1.d.1,Memorization,IM,2.12,8,0.125,1.88,2.37,N,,08/2020,Analyst
11-9141.00,1.A.1.d.1,Memorization,LV,2.12,8,0.125,1.88,2.37,N,N,08/2020,Analyst
11-9141.00,1.A.1.e.1,Speed of Closure,IM,2.12,8,0.125,1.88,2.37,N,,08/2020,Analyst
11-9141.00,1.A.1.e.1,Speed of Closure,LV,2.12,8,0.125,1.88,2.37,N,N,08/2020,Analyst
11-9141.00,1.A.1.e.2,Flexibility of Closure,IM,2.5,8,0.189,2.1296,2.8704,N,,08/2020,Analyst
11-9141.00,1.A.1.e.2,Flexibility of Closure,LV,2.62,8,0.183,2.2664,2.9836,N,N,08/2020,Analyst
11-9141.00,1.A.1.e.3,Perceptual Speed,IM,2.12,8,0.125,1.88,2.37,N,,08/2020,Analyst
11-9141.00,1.A.1.e.3,Perceptual Speed,LV,2.0,8,0.0,2.0,2.0,N,N,08/2020,Analyst
11-9141.00,1.A.1.f.1,Spatial Orientation,IM,1.25,8,0.1637,1.0,1.5708,N,,08/2020,Analyst
11-9141.00,1.A.1.f.1,Spatial Orientation,LV,0.25,8,0.1637,0.0,0.5708,N,Y,08/2020,Analyst
11-9141.00,1.A.1.f.2,Visualization,IM,2.25,8,0.1637,1.9292,2.5708,N,,08/2020,Analyst
11-9141.00,1.A.1.f.2,Visualization,LV,2.75,8,0.1637,2.4292,3.0708,N,N,08/2020,Analyst
11-9141.00,1.A.1.g.1,Selective Attention,IM,3.0,8,0.0,3.0,3.0,N,,08/2020,Analyst
11-9141.00,1.A.1.g.1,Selective Attention,LV,2.75,8,0.1637,2.4292,3.0708,N,N,08/2020,Analyst
11-9141.00,1.A.1.g.2,Time Sharing,IM,2.62,8,0.183,2.2664,2.9836,N,,08/2020,Analyst
11-9141.00,1.A.1.g.2,Time Sharing,LV,2.38,8,0.183,2.0164,2.7336,N,N,08/2020,Analyst
11-9141.00,1.A.2.a.1,Arm-Hand Steadiness,IM,1.0,8,0.0,1.0,1.0,N,,08/2020,Analyst
11-9141.00,1.A.2.a.1,Arm-Hand Steadiness,LV,0.0,8,0.0,0.0,0.0,N,Y,08/2020,Analyst
11-9141.00,1.A.2.a.2,Manual Dexterity,IM,1.0,8,0.0,1.0,1.0,N,,08/2020,Analyst
11-9141.00,1.A.2.a.2,Manual Dexterity,LV,0.0,8,0.0,0.0,0.0,N,Y,08/2020,Analyst
11-9141.00,1.A.2.a.3,Finger Dexterity,IM,1.5,8,0.189,1.1296,1.8704,N,,08/2020,Analyst
11-9141.00,1.A.2.a.3,Finger Dexterity,LV,0.62,8,0.2631,0.1094,1.1406,N,N,08/2020,Analyst
11-9141.00,1.A.2.b.1,Control Precision,IM,1.38,8,0.183,1.0164,1.7336,N,,08/2020,Analyst
11-9141.00,1.A.2.b.1,Control Precision,LV,0.38,8,0.183,0.0164,0.7336,N,N,08/2020,Analyst
11-9141.00,1.A.2.b.2,Multilimb Coordination,IM,1.38,8,0.183,1.0164,1.7336,N,,08/2020,Analyst
11-9141.00,1.A.2.b.2,Multilimb Coordination,LV,0.38,8,0.183,0.0164,0.7336,N,N,08/2020,Analyst
11-9141.00,1.A.2.b.3,Response Orientation,IM,1.0,8,0.0,1.0,1.0,N,,08/2020,Analyst
11-9141.00,1.A.2.b.3,Response Orientation,LV,0.0,8,0.0,0.0,0.0,N,Y,08/2020,Analyst
11-9141.00,1.A.2.b.4,Rate Control,IM,1.0,8,0.0,1.0,1.0,N,,08/2020,Analyst
11-9141.00,1.A.2.b.4,Rate Control,LV,0.0,8,0.0,0.0,0.0,N,Y,08/2020,Analyst
11-9141.00,1.A.2.c.1,Reaction Time,IM,1.0,8,0.0,1.0,1.0,N,,08/2020,Analyst
11-9141.00,1.A.2.c.1,Reaction Time,LV,0.0,8,0.0,0.0,0.0,N,Y,08/2020,Analyst
11-9141.00,1.A.2.c.2,Wrist-Finger Speed,IM,1.38,8,0.183,1.0164,1.7336,N,,08/2020,Analyst
11-9141.00,1.A.2.c.2,Wrist-Finger Speed,LV,0.5,8,0.2673,0.0,1.0238,N,N,08/2020,Analyst
11-9141.00,1.A.2.c.3,Speed of Limb Movement,IM,1.0,8,0.0,1.0,1.0,N,,08/2020,Analyst
11-9141.00,1.A.2.c.3,Speed of Limb Movement,LV,0.0,8,0.0,0.0,0.0,N,Y,08/2020,Analyst
11-9141.00,1.A.3.a.1,Static Strength,IM,1.0,8,0.0,1.0,1.0,N,,08/2020,Analyst
11-9141.00,1.A.3.a.1,Static Strength,LV,0.0,8,0.0,0.0,0.0,N,Y,08/2020,Analyst
11-9141.00,1.A.3.a.2,Explosive Strength,IM,1.0,8,0.0,1.0,1.0,N,,08/2020,Analyst
11-9141.00,1.A.3.a.2,Explosive Strength,LV,0.0,8,0.0,0.0,0.0,N,Y,08/2020,Analyst
11-9141.00,1.A.3.a.3,Dynamic Strength,IM,1.0,8,0.0,1.0,1.0,N,,08/2020,Analyst
11-9141.00,1.A.3.a.3,Dynamic Strength,LV,0.0,8,0.0,0.0,0.0,N,Y,08/2020,Analyst
11-9141.00,1.A.3.a.4,Trunk Strength,IM,1.62,8,0.183,1.2664,1.9836,N,,08/2020,Analyst
11-9141.00,1.A.3.a.4,Trunk Strength,LV,1.12,8,0.3504,0.4383,1.8117,N,N,08/2020,Analyst
11-9141.00,1.A.3.b.1,Stamina,IM,1.0,8,0.0,1.0,1.0,N,,08/2020,Analyst
11-9141.00,1.A.3.b.1,Stamina,LV,0.0,8,0.0,0.0,0.0,N,Y,08/2020,Analyst
11-9141.00,1.A.3.c.1,Extent Flexibility,IM,1.12,8,0.125,1.0,1.37,N,,08/2020,Analyst
11-9141.00,1.A.3.c.1,Extent Flexibility,LV,0.12,8,0.125,0.0,0.37,N,Y,08/2020,Analyst
11-9141.00,1.A.3.c.2,Dynamic Flexibility,IM,1.0,8,0.0,1.0,1.0,N,,08/2020,Analyst
11-9141.00,1.A.3.c.2,Dynamic Flexibility,LV,0.0,8,0.0,0.0,0.0,N,Y,08/2020,Analyst
11-9141.00,1.A.3.c.3,Gross Body Coordination,IM,1.12,8,0.125,1.0,1.37,N,,08/2020,Analyst
11-9141.00,1.A.3.c.3,Gross Body Coordination,LV,0.12,8,0.125,0.0,0.37,N,Y,08/2020,Analyst
11-9141.00,1.A.3.c.4,Gross Body Equilibrium,IM,1.0,8,0.0,1.0,1.0,N,,08/2020,Analyst
11-9141.00,1.A.3.c.4,Gross Body Equilibrium,LV,0.0,8,0.0,0.0,0.0,N,Y,08/2020,Analyst
11-9141.00,1.A.4.a.1,Near Vision,IM,3.0,8,0.0,3.0,3.0,N,,08/2020,Analyst
11-9141.00,1.A.4.a.1,Near Vision,LV,3.75,8,0.1637,3.4292,4.0708,N,N,08/2020,Analyst
11-9141.00,1.A.4.a.2,Far Vision,IM,2.88,8,0.125,2.63,3.12,N,,08/2020,Analyst
11-9141.00,1.A.4.a.2,Far Vision,LV,2.88,8,0.125,2.63,3.12,N,N,08/2020,Analyst
11-9141.00,1.A.4.a.3,Visual Color Discrimination,IM,1.88,8,0.125,1.63,2.12,N,,08/2020,Analyst
11-9141.00,1.A.4.a.3,Visual Color Discrimination,LV,1.62,8,0.2631,1.1094,2.1406,N,N,08/2020,Analyst
11-9141.00,1.A.4.a.4,Night Vision,IM,1.12,8,0.125,1.0,1.37,N,,08/2020,Analyst
11-9141.00,1.A.4.a.4,Night Vision,LV,0.12,8,0.125,0.0,0.37,N,Y,08/2020,Analyst
11-9141.00,1.A.4.a.5,Peripheral Vision,IM,1.0,8,0.0,1.0,1.0,N,,08/2020,Analyst
11-9141.00,1.A.4.a.5,Peripheral Vision,LV,0.0,8,0.0,0.0,0.0,N,Y,08/2020,Analyst
11-9141.00,1.A.4.a.6,Depth Perception,IM,1.62,8,0.183,1.2664,1.9836,N,,08/2020,Analyst
11-9141.00,1.A.4.a.6,Depth Perception,LV,0.88,8,0.295,0.2967,1.4533,N,N,08/2020,Analyst
11-9141.00,1.A.4.a.7,Glare Sensitivity,IM,1.0,8,0.0,1.0,1.0,N,,08/2020,Analyst
11-9141.00,1.A.4.a.7,Glare Sensitivity,LV,0.0,8,0.0,0.0,0.0,N,Y,08/2020,Analyst
11-9141.00,1.A.4.b.1,Hearing Sensitivity,IM,1.62,8,0.183,1.2664,1.9836,N,,08/2020,Analyst
11-9141.00,1.A.4.b.1,Hearing Sensitivity,LV,1.0,8,0.3273,0.3584,1.6416,N,N,08/2020,Analyst
11-9141.00,1.A.4.b.2,Auditory Attention,IM,1.62,8,0.183,1.2664,1.9836,N,,08/2020,Analyst
11-9141.00,1.A.4.b.2,Auditory Attention,LV,1.12,8,0.3504,0.4383,1.8117,N,N,08/2020,Analyst
11-9141.00,1.A.4.b.3,Sound Localization,IM,1.0,8,0.0,1.0,1.0,N,,08/2020,Analyst
11-9141.00,1.A.4.b.3,Sound Localization,LV,0.0,8,0.0,0.0,0.0,N,Y,08/2020,Analyst
11-9141.00,1.A.4.b.4,Speech Recognition,IM,3.62,8,0.183,3.2664,3.9836,N,,08/2020,Analyst
11-9141.00,1.A.4.b.4,Speech Recognition,LV,3.5,8,0.189,3.1296,3.8704,N,N,08/2020,Analyst
11-9141.00,1.A.4.b.5,Speech Clarity,IM,3.62,8,0.183,3.2664,3.9836,N,,08/2020,Analyst
11-9141.00,1.A.4.b.5,Speech Clarity,LV,3.5,8,0.189,3.1296,3.8704,N,N,08/2020,Analyst
11-9151.00,1.A.1.a.1,Oral Comprehension,IM,4.12,8,0.125,3.88,4.37,N,,08/2018,Analyst
11-9151.00,1.A.1.a.1,Oral Comprehension,LV,4.62,8,0.183,4.2664,4.9836,N,N,08/2018,Analyst
11-9151.00,1.A.1.a.2,Written Comprehension,IM,4.0,8,0.0,4.0,4.0,N,,08/2018,Analyst
11-9151.00,1.A.1.a.2,Written Comprehension,LV,4.0,8,0.0,4.0,4.0,N,N,08/2018,Analyst
11-9151.00,1.A.1.a.3,Oral Expression,IM,4.38,8,0.183,4.0164,4.7336,N,,08/2018,Analyst
11-9151.00,1.A.1.a.3,Oral Expression,LV,4.62,8,0.183,4.2664,4.9836,N,N,08/2018,Analyst
11-9151.00,1.A.1.a.4,Written Expression,IM,3.88,8,0.125,3.63,4.12,N,,08/2018,Analyst
11-9151.00,1.A.1.a.4,Written Expression,LV,4.12,8,0.125,3.88,4.37,N,N,08/2018,Analyst
11-9151.00,1.A.1.b.1,Fluency of Ideas,IM,3.62,8,0.183,3.2664,3.9836,N,,08/2018,Analyst
11-9151.00,1.A.1.b.1,Fluency of Ideas,LV,3.75,8,0.1637,3.4292,4.0708,N,N,08/2018,Analyst
11-9151.00,1.A.1.b.2,Originality,IM,3.75,8,0.1637,3.4292,4.0708,N,,08/2018,Analyst
11-9151.00,1.A.1.b.2,Originality,LV,3.75,8,0.1637,3.4292,4.0708,N,N,08/2018,Analyst
11-9151.00,1.A.1.b.3,Problem Sensitivity,IM,4.0,8,0.0,4.0,4.0,N,,08/2018,Analyst
11-9151.00,1.A.1.b.3,Problem Sensitivity,LV,4.0,8,0.0,4.0,4.0,N,N,08/2018,Analyst
11-9151.00,1.A.1.b.4,Deductive Reasoning,IM,3.88,8,0.125,3.63,4.12,N,,08/2018,Analyst
11-9151.00,1.A.1.b.4,Deductive Reasoning,LV,4.12,8,0.125,3.88,4.37,N,N,08/2018,Analyst
11-9151.00,1.A.1.b.5,Inductive Reasoning,IM,3.75,8,0.1637,3.4292,4.0708,N,,08/2018,Analyst
11-9151.00,1.A.1.b.5,Inductive Reasoning,LV,3.88,8,0.125,3.63,4.12,N,N,08/2018,Analyst
11-9151.00,1.A.1.b.6,Information Ordering,IM,3.5,8,0.189,3.1296,3.8704,N,,08/2018,Analyst
11-9151.00,1.A.1.b.6,Information Ordering,LV,3.5,8,0.189,3.1296,3.8704,N,N,08/2018,Analyst
11-9151.00,1.A.1.b.7,Category Flexibility,IM,3.0,8,0.0,3.0,3.0,N,,08/2018,Analyst
11-9151.00,1.A.1.b.7,Category Flexibility,LV,3.38,8,0.183,3.0164,3.7336,N,N,08/2018,Analyst
11-9151.00,1.A.1.c.1,Mathematical Reasoning,IM,2.88,8,0.125,2.63,3.12,N,,08/2018,Analyst
11-9151.00,1.A.1.c.1,Mathematical Reasoning,LV,3.38,8,0.2631,2.8594,3.8906,N,N,08/2018,Analyst
11-9151.00,1.A.1.c.2,Number Facility,IM,2.88,8,0.125,2.63,3.12,N,,08/2018,Analyst
11-9151.00,1.A.1.c.2,Number Facility,LV,3.38,8,0.2631,2.8594,3.8906,N,N,08/2018,Analyst
11-9151.00,1.A.1.d.1,Memorization,IM,2.75,8,0.1637,2.4292,3.0708,N,,08/2018,Analyst
11-9151.00,1.A.1.d.1,Memorization,LV,2.75,8,0.1637,2.4292,3.0708,N,N,08/2018,Analyst
11-9151.00,1.A.1.e.1,Speed of Closure,IM,2.62,8,0.183,2.2664,2.9836,N,,08/2018,Analyst
11-9151.00,1.A.1.e.1,Speed of Closure,LV,2.88,8,0.125,2.63,3.12,N,N,08/2018,Analyst
11-9151.00,1.A.1.e.2,Flexibility of Closure,IM,3.0,8,0.0,3.0,3.0,N,,08/2018,Analyst
11-9151.00,1.A.1.e.2,Flexibility of Closure,LV,3.0,8,0.0,3.0,3.0,N,N,08/2018,Analyst
11-9151.00,1.A.1.e.3,Perceptual Speed,IM,2.75,8,0.1637,2.4292,3.0708,N,,08/2018,Analyst
11-9151.00,1.A.1.e.3,Perceptual Speed,LV,2.75,8,0.1637,2.4292,3.0708,N,N,08/2018,Analyst
11-9151.00,1.A.1.f.1,Spatial Orientation,IM,1.0,8,0.0,1.0,1.0,N,,08/2018,Analyst
11-9151.00,1.A.1.f.1,Spatial Orientation,LV,0.0,8,0.0,0.0,0.0,N,Y,08/2018,Analyst
11-9151.00,1.A.1.f.2,Visualization,IM,2.5,8,0.189,2.1296,2.8704,N,,08/2018,Analyst
11-9151.00,1.A.1.f.2,Visualization,LV,2.62,8,0.183,2.2664,2.9836,N,N,08/2018,Analyst
11-9151.00,1.A.1.g.1,Selective Attention,IM,2.88,8,0.125,2.63,3.12,N,,08/2018,Analyst
11-9151.00,1.A.1.g.1,Selective Attention,LV,3.0,8,0.0,3.0,3.0,N,N,08/2018,Analyst
11-9151.00,1.A.1.g.2,Time Sharing,IM,2.88,8,0.125,2.63,3.12,N,,08/2018,Analyst
11-9151.00,1.A.1.g.2,Time Sharing,LV,3.12,8,0.125,2.88,3.37,N,N,08/2018,Analyst
11-9151.00,1.A.2.a.1,Arm-Hand Steadiness,IM,2.0,8,0.0,2.0,2.0,N,,08/2018,Analyst
11-9151.00,1.A.2.a.1,Arm-Hand Steadiness,LV,1.25,8,0.1637,0.9292,1.5708,N,N,08/2018,Analyst
11-9151.00,1.A.2.a.2,Manual Dexterity,IM,1.5,8,0.189,1.1296,1.8704,N,,08/2018,Analyst
11-9151.00,1.A.2.a.2,Manual Dexterity,LV,0.62,8,0.2631,0.1094,1.1406,N,N,08/2018,Analyst
11-9151.00,1.A.2.a.3,Finger Dexterity,IM,2.25,8,0.1637,1.9292,2.5708,N,,08/2018,Analyst
11-9151.00,1.A.2.a.3,Finger Dexterity,LV,1.88,8,0.125,1.63,2.12,N,N,08/2018,Analyst
11-9151.00,1.A.2.b.1,Control Precision,IM,2.0,8,0.0,2.0,2.0,N,,08/2018,Analyst
11-9151.00,1.A.2.b.1,Control Precision,LV,1.25,8,0.1637,0.9292,1.5708,N,N,08/2018,Analyst
11-9151.00,1.A.2.b.2,Multilimb Coordination,IM,1.38,8,0.183,1.0164,1.7336,N,,08/2018,Analyst
11-9151.00,1.A.2.b.2,Multilimb Coordination,LV,0.75,8,0.366,0.0327,1.4673,N,N,08/2018,Analyst
11-9151.00,1.A.2.b.3,Response Orientation,IM,1.0,8,0.0,1.0,1.0,N,,08/2018,Analyst
11-9151.00,1.A.2.b.3,Response Orientation,LV,0.0,8,0.0,0.0,0.0,N,Y,08/2018,Analyst
11-9151.00,1.A.2.b.4,Rate Control,IM,1.0,8,0.0,1.0,1.0,N,,08/2018,Analyst
11-9151.00,1.A.2.b.4,Rate Control,LV,0.0,8,0.0,0.0,0.0,N,Y,08/2018,Analyst
11-9151.00,1.A.2.c.1,Reaction Time,IM,1.0,8,0.0,1.0,1.0,N,,08/2018,Analyst
11-9151.00,1.A.2.c.1,Reaction Time,LV,0.0,8,0.0,0.0,0.0,N,Y,08/2018,Analyst
11-9151.00,1.A.2.c.2,Wrist-Finger Speed,IM,1.5,8,0.189,1.1296,1.8704,N,,08/2018,Analyst
11-9151.00,1.A.2.c.2,Wrist-Finger Speed,LV,0.62,8,0.2631,0.1094,1.1406,N,N,08/2018,Analyst
11-9151.00,1.A.2.c.3,Speed of Limb Movement,IM,1.0,8,0.0,1.0,1.0,N,,08/2018,Analyst
11-9151.00,1.A.2.c.3,Speed of Limb Movement,LV,0.0,8,0.0,0.0,0.0,N,Y,08/2018,Analyst
11-9151.00,1.A.3.a.1,Static Strength,IM,1.12,8,0.125,1.0,1.37,N,,08/2018,Analyst
11-9151.00,1.A.3.a.1,Static Strength,LV,0.12,8,0.125,0.0,0.37,N,Y,08/2018,Analyst
11-9151.00,1.A.3.a.2,Explosive Strength,IM,1.0,8,0.0,1.0,1.0,N,,08/2018,Analyst
11-9151.00,1.A.3.a.2,Explosive Strength,LV,0.0,8,0.0,0.0,0.0,N,Y,08/2018,Analyst
11-9151.00,1.A.3.a.3,Dynamic Strength,IM,1.25,8,0.1637,1.0,1.5708,N,,08/2018,Analyst
11-9151.00,1.A.3.a.3,Dynamic Strength,LV,0.25,8,0.1637,0.0,0.5708,N,Y,08/2018,Analyst
11-9151.00,1.A.3.a.4,Trunk Strength,IM,1.75,8,0.1637,1.4292,2.0708,N,,08/2018,Analyst
11-9151.00,1.A.3.a.4,Trunk Strength,LV,0.88,8,0.2266,0.4309,1.3191,N,N,08/2018,Analyst
11-9151.00,1.A.3.b.1,Stamina,IM,1.38,8,0.183,1.0164,1.7336,N,,08/2018,Analyst
11-9151.00,1.A.3.b.1,Stamina,LV,0.38,8,0.183,0.0164,0.7336,N,N,08/2018,Analyst
11-9151.00,1.A.3.c.1,Extent Flexibility,IM,1.38,8,0.183,1.0164,1.7336,N,,08/2018,Analyst
11-9151.00,1.A.3.c.1,Extent Flexibility,LV,0.38,8,0.183,0.0164,0.7336,N,N,08/2018,Analyst
11-9151.00,1.A.3.c.2,Dynamic Flexibility,IM,1.0,8,0.0,1.0,1.0,N,,08/2018,Analyst
11-9151.00,1.A.3.c.2,Dynamic Flexibility,LV,0.0,8,0.0,0.0,0.0,N,Y,08/2018,Analyst
11-9151.00,1.A.3.c.3,Gross Body Coordination,IM,1.12,8,0.125,1.0,1.37,N,,08/2018,Analyst
11-9151.00,1.A.3.c.3,Gross Body Coordination,LV,0.12,8,0.125,0.0,0.37,N,Y,08/2018,Analyst
11-9151.00,1.A.3.c.4,Gross Body Equilibrium,IM,1.25,8,0.1637,1.0,1.5708,N,,08/2018,Analyst
11-9151.00,1.A.3.c.4,Gross Body Equilibrium,LV,0.25,8,0.1637,0.0,0.5708,N,Y,08/2018,Analyst
11-9151.00,1.A.4.a.1,Near Vision,IM,3.12,8,0.125,2.88,3.37,N,,08/2018,Analyst
11-9151.00,1.A.4.a.1,Near Vision,LV,3.62,8,0.183,3.2664,3.9836,N,N,08/2018,Analyst
11-9151.00,1.A.4.a.2,Far Vision,IM,2.88,8,0.125,2.63,3.12,N,,08/2018,Analyst
11-9151.00,1.A.4.a.2,Far Vision,LV,2.88,8,0.125,2.63,3.12,N,N,08/2018,Analyst
11-9151.00,1.A.4.a.3,Visual Color Discrimination,IM,2.38,8,0.183,2.0164,2.7336,N,,08/2018,Analyst
11-9151.00,1.A.4.a.3,Visual Color Discrimination,LV,2.12,8,0.125,1.88,2.37,N,N,08/2018,Analyst
11-9151.00,1.A.4.a.4,Night Vision,IM,1.0,8,0.0,1.0,1.0,N,,08/2018,Analyst
11-9151.00,1.A.4.a.4,Night Vision,LV,0.0,8,0.0,0.0,0.0,N,Y,08/2018,Analyst
11-9151.00,1.A.4.a.5,Peripheral Vision,IM,1.0,8,0.0,1.0,1.0,N,,08/2018,Analyst
11-9151.00,1.A.4.a.5,Peripheral Vision,LV,0.0,8,0.0,0.0,0.0,N,Y,08/2018,Analyst
11-9151.00,1.A.4.a.6,Depth Perception,IM,1.75,8,0.1637,1.4292,2.0708,N,,08/2018,Analyst
11-9151.00,1.A.4.a.6,Depth Perception,LV,1.25,8,0.3134,0.6358,1.8642,N,N,08/2018,Analyst
11-9151.00,1.A.4.a.7,Glare Sensitivity,IM,1.0,8,0.0,1.0,1.0,N,,08/2018,Analyst
11-9151.00,1.A.4.a.7,Glare Sensitivity,LV,0.0,8,0.0,0.0,0.0,N,Y,08/2018,Analyst
11-9151.00,1.A.4.b.1,Hearing Sensitivity,IM,2.0,8,0.0,2.0,2.0,N,,08/2018,Analyst
11-9151.00,1.A.4.b.1,Hearing Sensitivity,LV,2.0,8,0.0,2.0,2.0,N,N,08/2018,Analyst
11-9151.00,1.A.4.b.2,Auditory Attention,IM,2.12,8,0.125,1.88,2.37,N,,08/2018,Analyst
11-9151.00,1.A.4.b.2,Auditory Attention,LV,2.0,8,0.0,2.0,2.0,N,N,08/2018,Analyst
11-9151.00,1.A.4.b.3,Sound Localization,IM,1.0,8,0.0,1.0,1.0,N,,08/2018,Analyst
11-9151.00,1.A.4.b.3,Sound Localization,LV,0.0,8,0.0,0.0,0.0,N,Y,08/2018,Analyst
11-9151.00,1.A.4.b.4,Speech Recognition,IM,3.88,8,0.125,3.63,4.12,N,,08/2018,Analyst
11-9151.00,1.A.4.b.4,Speech Recognition,LV,4.0,8,0.0,4.0,4.0,N,N,08/2018,Analyst
11-9151.00,1.A.4.b.5,Speech Clarity,IM,3.88,8,0.125,3.63,4.12,N,,08/2018,Analyst
11-9151.00,1.A.4.b.5,Speech Clarity,LV,4.25,8,0.1637,3.9292,4.5708,N,N,08/2018,Analyst
11-9161.00,1.A.1.a.1,Oral Comprehension,IM,4.12,8,0.125,3.88,4.37,N,,08/2023,Analyst
11-9161.00,1.A.1.a.1,Oral Comprehension,LV,4.62,8,0.183,4.2664,4.9836,N,N,08/2023,Analyst
11-9161.00,1.A.1.a.2,Written Comprehension,IM,4.0,8,0.0,4.0,4.0,N,,08/2023,Analyst
11-9161.00,1.A.1.a.2,Written Comprehension,LV,4.12,8,0.125,3.88,4.37,N,N,08/2023,Analyst
11-9161.00,1.A.1.a.3,Oral Expression,IM,4.12,8,0.125,3.88,4.37,N,,08/2023,Analyst
11-9161.00,1.A.1.a.3,Oral Expression,LV,4.5,8,0.189,4.1296,4.8704,N,N,08/2023,Analyst
11-9161.00,1.A.1.a.4,Written Expression,IM,4.0,8,0.0,4.0,4.0,N,,08/2023,Analyst
11-9161.00,1.A.1.a.4,Written Expression,LV,4.25,8,0.1637,3.9292,4.5708,N,N,08/2023,Analyst
11-9161.00,1.A.1.b.1,Fluency of Ideas,IM,3.88,8,0.125,3.63,4.12,N,,08/2023,Analyst
11-9161.00,1.A.1.b.1,Fluency of Ideas,LV,4.25,8,0.1637,3.9292,4.5708,N,N,08/2023,Analyst
11-9161.00,1.A.1.b.2,Originality,IM,3.75,8,0.1637,3.4292,4.0708,N,,08/2023,Analyst
11-9161.00,1.A.1.b.2,Originality,LV,4.12,8,0.125,3.88,4.37,N,N,08/2023,Analyst
11-9161.00,1.A.1.b.3,Problem Sensitivity,IM,4.0,8,0.0,4.0,4.0,N,,08/2023,Analyst
11-9161.00,1.A.1.b.3,Problem Sensitivity,LV,4.75,8,0.1637,4.4292,5.0708,N,N,08/2023,Analyst
11-9161.00,1.A.1.b.4,Deductive Reasoning,IM,4.12,8,0.125,3.88,4.37,N,,08/2023,Analyst
11-9161.00,1.A.1.b.4,Deductive Reasoning,LV,4.25,8,0.1637,3.9292,4.5708,N,N,08/2023,Analyst
11-9161.00,1.A.1.b.5,Inductive Reasoning,IM,4.0,8,0.0,4.0,4.0,N,,08/2023,Analyst
11-9161.00,1.A.1.b.5,Inductive Reasoning,LV,4.25,8,0.1637,3.9292,4.5708,N,N,08/2023,Analyst
11-9161.00,1.A.1.b.6,Information Ordering,IM,3.88,8,0.125,3.63,4.12,N,,08/2023,Analyst
11-9161.00,1.A.1.b.6,Information Ordering,LV,4.0,8,0.0,4.0,4.0,N,N,08/2023,Analyst
11-9161.00,1.A.1.b.7,Category Flexibility,IM,3.62,8,0.183,3.2664,3.9836,N,,08/2023,Analyst
11-9161.00,1.A.1.b.7,Category Flexibility,LV,4.0,8,0.189,3.6296,4.3704,N,N,08/2023,Analyst
11-9161.00,1.A.1.c.1,Mathematical Reasoning,IM,2.88,8,0.125,2.63,3.12,N,,08/2023,Analyst
11-9161.00,1.A.1.c.1,Mathematical Reasoning,LV,3.0,8,0.0,3.0,3.0,N,N,08/2023,Analyst
11-9161.00,1.A.1.c.2,Number Facility,IM,2.88,8,0.125,2.63,3.12,N,,08/2023,Analyst
11-9161.00,1.A.1.c.2,Number Facility,LV,2.88,8,0.125,2.63,3.12,N,N,08/2023,Analyst
11-9161.00,1.A.1.d.1,Memorization,IM,2.88,8,0.125,2.63,3.12,N,,08/2023,Analyst
11-9161.00,1.A.1.d.1,Memorization,LV,2.88,8,0.125,2.63,3.12,N,N,08/2023,Analyst
11-9161.00,1.A.1.e.1,Speed of Closure,IM,3.0,8,0.0,3.0,3.0,N,,08/2023,Analyst
11-9161.00,1.A.1.e.1,Speed of Closure,LV,3.0,8,0.0,3.0,3.0,N,N,08/2023,Analyst
11-9161.00,1.A.1.e.2,Flexibility of Closure,IM,3.0,8,0.0,3.0,3.0,N,,08/2023,Analyst
11-9161.00,1.A.1.e.2,Flexibility of Closure,LV,3.12,8,0.125,2.88,3.37,N,N,08/2023,Analyst
11-9161.00,1.A.1.e.3,Perceptual Speed,IM,3.0,8,0.0,3.0,3.0,N,,08/2023,Analyst
11-9161.00,1.A.1.e.3,Perceptual Speed,LV,3.0,8,0.0,3.0,3.0,N,N,08/2023,Analyst
11-9161.00,1.A.1.f.1,Spatial Orientation,IM,2.0,8,0.189,1.6296,2.3704,N,,08/2023,Analyst
11-9161.00,1.A.1.f.1,Spatial Orientation,LV,1.88,8,0.295,1.2967,2.4533,N,N,08/2023,Analyst
11-9161.00,1.A.1.f.2,Visualization,IM,3.12,8,0.125,2.88,3.37,N,,08/2023,Analyst
11-9161.00,1.A.1.f.2,Visualization,LV,3.5,8,0.2673,2.9762,4.0238,N,N,08/2023,Analyst
11-9161.00,1.A.1.g.1,Selective Attention,IM,3.0,8,0.0,3.0,3.0,N,,08/2023,Analyst
11-9161.00,1.A.1.g.1,Selective Attention,LV,3.0,8,0.0,3.0,3.0,N,N,08/2023,Analyst
11-9161.00,1.A.1.g.2,Time Sharing,IM,3.0,8,0.0,3.0,3.0,N,,08/2023,Analyst
11-9161.00,1.A.1.g.2,Time Sharing,LV,3.0,8,0.0,3.0,3.0,N,N,08/2023,Analyst
11-9161.00,1.A.2.a.1,Arm-Hand Steadiness,IM,2.0,8,0.0,2.0,2.0,N,,08/2023,Analyst
11-9161.00,1.A.2.a.1,Arm-Hand Steadiness,LV,1.62,8,0.183,1.2664,1.9836,N,N,08/2023,Analyst
11-9161.00,1.A.2.a.2,Manual Dexterity,IM,1.88,8,0.125,1.63,2.12,N,,08/2023,Analyst
11-9161.00,1.A.2.a.2,Manual Dexterity,LV,1.0,8,0.189,0.6296,1.3704,N,N,08/2023,Analyst
11-9161.00,1.A.2.a.3,Finger Dexterity,IM,1.75,8,0.1637,1.4292,2.0708,N,,08/2023,Analyst
11-9161.00,1.A.2.a.3,Finger Dexterity,LV,0.75,8,0.1637,0.4292,1.0708,N,N,08/2023,Analyst
11-9161.00,1.A.2.b.1,Control Precision,IM,1.5,8,0.189,1.1296,1.8704,N,,08/2023,Analyst
11-9161.00,1.A.2.b.1,Control Precision,LV,0.75,8,0.3134,0.1358,1.3642,N,N,08/2023,Analyst
11-9161.00,1.A.2.b.2,Multilimb Coordination,IM,1.75,8,0.1637,1.4292,2.0708,N,,08/2023,Analyst
11-9161.00,1.A.2.b.2,Multilimb Coordination,LV,1.38,8,0.3239,0.7402,2.0098,N,N,08/2023,Analyst
11-9161.00,1.A.2.b.3,Response Orientation,IM,1.75,8,0.1637,1.4292,2.0708,N,,08/2023,Analyst
11-9161.00,1.A.2.b.3,Response Orientation,LV,1.25,8,0.3134,0.6358,1.8642,N,N,08/2023,Analyst
11-9161.00,1.A.2.b.4,Rate Control,IM,1.62,8,0.183,1.2664,1.9836,N,,08/2023,Analyst
11-9161.00,1.A.2.b.4,Rate Control,LV,0.62,8,0.183,0.2664,0.9836,N,N,08/2023,Analyst
11-9161.00,1.A.2.c.1,Reaction Time,IM,1.62,8,0.183,1.2664,1.9836,N,,08/2023,Analyst
11-9161.00,1.A.2.c.1,Reaction Time,LV,1.0,8,0.3273,0.3584,1.6416,N,N,08/2023,Analyst
11-9161.00,1.A.2.c.2,Wrist-Finger Speed,IM,1.75,8,0.1637,1.4292,2.0708,N,,08/2023,Analyst
11-9161.00,1.A.2.c.2,Wrist-Finger Speed,LV,1.12,8,0.295,0.5467,1.7033,N,N,08/2023,Analyst
11-9161.00,1.A.2.c.3,Speed of Limb Movement,IM,1.0,8,0.0,1.0,1.0,N,,08/2023,Analyst
11-9161.00,1.A.2.c.3,Speed of Limb Movement,LV,0.0,8,0.0,0.0,0.0,N,Y,08/2023,Analyst
11-9161.00,1.A.3.a.1,Static Strength,IM,1.5,8,0.189,1.1296,1.8704,N,,08/2023,Analyst
11-9161.00,1.A.3.a.1,Static Strength,LV,0.62,8,0.2631,0.1094,1.1406,N,N,08/2023,Analyst
11-9161.00,1.A.3.a.2,Explosive Strength,IM,1.25,8,0.1637,1.0,1.5708,N,,08/2023,Analyst
11-9161.00,1.A.3.a.2,Explosive Strength,LV,0.25,8,0.1637,0.0,0.5708,N,Y,08/2023,Analyst
11-9161.00,1.A.3.a.3,Dynamic Strength,IM,1.38,8,0.183,1.0164,1.7336,N,,08/2023,Analyst
11-9161.00,1.A.3.a.3,Dynamic Strength,LV,0.38,8,0.183,0.0164,0.7336,N,N,08/2023,Analyst
11-9161.00,1.A.3.a.4,Trunk Strength,IM,2.12,8,0.125,1.88,2.37,N,,08/2023,Analyst
11-9161.00,1.A.3.a.4,Trunk Strength,LV,1.75,8,0.1637,1.4292,2.0708,N,N,08/2023,Analyst
11-9161.00,1.A.3.b.1,Stamina,IM,1.62,8,0.183,1.2664,1.9836,N,,08/2023,Analyst
11-9161.00,1.A.3.b.1,Stamina,LV,0.62,8,0.183,0.2664,0.9836,N,N,08/2023,Analyst
11-9161.00,1.A.3.c.1,Extent Flexibility,IM,1.62,8,0.183,1.2664,1.9836,N,,08/2023,Analyst
11-9161.00,1.A.3.c.1,Extent Flexibility,LV,0.75,8,0.25,0.26,1.24,N,N,08/2023,Analyst
11-9161.00,1.A.3.c.2,Dynamic Flexibility,IM,1.0,8,0.0,1.0,1.0,N,,08/2023,Analyst
11-9161.00,1.A.3.c.2,Dynamic Flexibility,LV,0.0,8,0.0,0.0,0.0,N,Y,08/2023,Analyst
11-9161.00,1.A.3.c.3,Gross Body Coordination,IM,1.25,8,0.1637,1.0,1.5708,N,,08/2023,Analyst
11-9161.00,1.A.3.c.3,Gross Body Coordination,LV,0.25,8,0.1637,0.0,0.5708,N,Y,08/2023,Analyst
11-9161.00,1.A.3.c.4,Gross Body Equilibrium,IM,1.25,8,0.1637,1.0,1.5708,N,,08/2023,Analyst
11-9161.00,1.A.3.c.4,Gross Body Equilibrium,LV,0.25,8,0.1637,0.0,0.5708,N,Y,08/2023,Analyst
11-9161.00,1.A.4.a.1,Near Vision,IM,3.62,8,0.183,3.2664,3.9836,N,,08/2023,Analyst
11-9161.00,1.A.4.a.1,Near Vision,LV,3.62,8,0.183,3.2664,3.9836,N,N,08/2023,Analyst
11-9161.00,1.A.4.a.2,Far Vision,IM,3.0,8,0.0,3.0,3.0,N,,08/2023,Analyst
11-9161.00,1.A.4.a.2,Far Vision,LV,3.0,8,0.0,3.0,3.0,N,N,08/2023,Analyst
11-9161.00,1.A.4.a.3,Visual Color Discrimination,IM,1.88,8,0.125,1.63,2.12,N,,08/2023,Analyst
11-9161.00,1.A.4.a.3,Visual Color Discrimination,LV,1.75,8,0.25,1.26,2.24,N,N,08/2023,Analyst
11-9161.00,1.A.4.a.4,Night Vision,IM,1.75,8,0.1637,1.4292,2.0708,N,,08/2023,Analyst
11-9161.00,1.A.4.a.4,Night Vision,LV,1.12,8,0.295,0.5467,1.7033,N,N,08/2023,Analyst
11-9161.00,1.A.4.a.5,Peripheral Vision,IM,1.75,8,0.1637,1.4292,2.0708,N,,08/2023,Analyst
11-9161.00,1.A.4.a.5,Peripheral Vision,LV,0.88,8,0.2266,0.4309,1.3191,N,N,08/2023,Analyst
11-9161.00,1.A.4.a.6,Depth Perception,IM,2.0,8,0.0,2.0,2.0,N,,08/2023,Analyst
11-9161.00,1.A.4.a.6,Depth Perception,LV,1.88,8,0.125,1.63,2.12,N,N,08/2023,Analyst
11-9161.00,1.A.4.a.7,Glare Sensitivity,IM,1.75,8,0.1637,1.4292,2.0708,N,,08/2023,Analyst
11-9161.00,1.A.4.a.7,Glare Sensitivity,LV,1.0,8,0.2673,0.4762,1.5238,N,N,08/2023,Analyst
11-9161.00,1.A.4.b.1,Hearing Sensitivity,IM,1.88,8,0.125,1.63,2.12,N,,08/2023,Analyst
11-9161.00,1.A.4.b.1,Hearing Sensitivity,LV,1.5,8,0.2673,0.9762,2.0238,N,N,08/2023,Analyst
11-9161.00,1.A.4.b.2,Auditory Attention,IM,2.12,8,0.2266,1.6809,2.5691,N,,08/2023,Analyst
11-9161.00,1.A.4.b.2,Auditory Attention,LV,1.88,8,0.295,1.2967,2.4533,N,N,08/2023,Analyst
11-9161.00,1.A.4.b.3,Sound Localization,IM,1.62,8,0.183,1.2664,1.9836,N,,08/2023,Analyst
11-9161.00,1.A.4.b.3,Sound Localization,LV,0.62,8,0.183,0.2664,0.9836,N,N,08/2023,Analyst
11-9161.00,1.A.4.b.4,Speech Recognition,IM,3.88,8,0.125,3.63,4.12,N,,08/2023,Analyst
11-9161.00,1.A.4.b.4,Speech Recognition,LV,4.12,8,0.125,3.88,4.37,N,N,08/2023,Analyst
11-9161.00,1.A.4.b.5,Speech Clarity,IM,4.12,8,0.125,3.88,4.37,N,,08/2023,Analyst
11-9161.00,1.A.4.b.5,Speech Clarity,LV,4.25,8,0.1637,3.9292,4.5708,N,N,08/2023,Analyst
11-9171.00,1.A.1.a.1,Oral Comprehension,IM,4.0,8,0.189,3.6296,4.3704,N,,08/2024,Analyst
11-9171.00,1.A.1.a.1,Oral Comprehension,LV,4.0,8,0.0,4.0,4.0,N,N,08/2024,Analyst
11-9171.00,1.A.1.a.2,Written Comprehension,IM,3.88,8,0.125,3.63,4.12,N,,08/2024,Analyst
11-9171.00,1.A.1.a.2,Written Comprehension,LV,4.0,8,0.0,4.0,4.0,N,N,08/2024,Analyst
11-9171.00,1.A.1.a.3,Oral Expression,IM,3.88,8,0.125,3.63,4.12,N,,08/2024,Analyst
11-9171.00,1.A.1.a.3,Oral Expression,LV,4.0,8,0.0,4.0,4.0,N,N,08/2024,Analyst
11-9171.00,1.A.1.a.4,Written Expression,IM,3.75,8,0.1637,3.4292,4.0708,N,,08/2024,Analyst
11-9171.00,1.A.1.a.4,Written Expression,LV,3.75,8,0.1637,3.4292,4.0708,N,N,08/2024,Analyst
11-9171.00,1.A.1.b.1,Fluency of Ideas,IM,3.0,8,0.0,3.0,3.0,N,,08/2024,Analyst
11-9171.00,1.A.1.b.1,Fluency of Ideas,LV,3.0,8,0.0,3.0,3.0,N,N,08/2024,Analyst
11-9171.00,1.A.1.b.2,Originality,IM,2.88,8,0.125,2.63,3.12,N,,08/2024,Analyst
11-9171.00,1.A.1.b.2,Originality,LV,2.88,8,0.125,2.63,3.12,N,N,08/2024,Analyst
11-9171.00,1.A.1.b.3,Problem Sensitivity,IM,3.62,8,0.183,3.2664,3.9836,N,,08/2024,Analyst
11-9171.00,1.A.1.b.3,Problem Sensitivity,LV,3.62,8,0.183,3.2664,3.9836,N,N,08/2024,Analyst
11-9171.00,1.A.1.b.4,Deductive Reasoning,IM,3.38,8,0.183,3.0164,3.7336,N,,08/2024,Analyst
11-9171.00,1.A.1.b.4,Deductive Reasoning,LV,3.12,8,0.125,2.88,3.37,N,N,08/2024,Analyst
11-9171.00,1.A.1.b.5,Inductive Reasoning,IM,3.0,8,0.0,3.0,3.0,N,,08/2024,Analyst
11-9171.00,1.A.1.b.5,Inductive Reasoning,LV,3.0,8,0.0,3.0,3.0,N,N,08/2024,Analyst
11-9171.00,1.A.1.b.6,Information Ordering,IM,3.38,8,0.183,3.0164,3.7336,N,,08/2024,Analyst
11-9171.00,1.A.1.b.6,Information Ordering,LV,3.12,8,0.125,2.88,3.37,N,N,08/2024,Analyst
11-9171.00,1.A.1.b.7,Category Flexibility,IM,3.12,8,0.125,2.88,3.37,N,,08/2024,Analyst
11-9171.00,1.A.1.b.7,Category Flexibility,LV,3.0,8,0.0,3.0,3.0,N,N,08/2024,Analyst
11-9171.00,1.A.1.c.1,Mathematical Reasoning,IM,2.75,8,0.1637,2.4292,3.0708,N,,08/2024,Analyst
11-9171.00,1.A.1.c.1,Mathematical Reasoning,LV,3.0,8,0.189,2.6296,3.3704,N,N,08/2024,Analyst
11-9171.00,1.A.1.c.2,Number Facility,IM,2.62,8,0.183,2.2664,2.9836,N,,08/2024,Analyst
11-9171.00,1.A.1.c.2,Number Facility,LV,2.75,8,0.1637,2.4292,3.0708,N,N,08/2024,Analyst
11-9171.00,1.A.1.d.1,Memorization,IM,2.62,8,0.183,2.2664,2.9836,N,,08/2024,Analyst
11-9171.00,1.A.1.d.1,Memorization,LV,2.75,8,0.1637,2.4292,3.0708,N,N,08/2024,Analyst
11-9171.00,1.A.1.e.1,Speed of Closure,IM,2.12,8,0.125,1.88,2.37,N,,08/2024,Analyst
11-9171.00,1.A.1.e.1,Speed of Closure,LV,2.0,8,0.0,2.0,2.0,N,N,08/2024,Analyst
11-9171.00,1.A.1.e.2,Flexibility of Closure,IM,2.5,8,0.189,2.1296,2.8704,N,,08/2024,Analyst
11-9171.00,1.A.1.e.2,Flexibility of Closure,LV,2.62,8,0.183,2.2664,2.9836,N,N,08/2024,Analyst
11-9171.00,1.A.1.e.3,Perceptual Speed,IM,2.5,8,0.189,2.1296,2.8704,N,,08/2024,Analyst
11-9171.00,1.A.1.e.3,Perceptual Speed,LV,2.12,8,0.125,1.88,2.37,N,N,08/2024,Analyst
11-9171.00,1.A.1.f.1,Spatial Orientation,IM,2.0,8,0.189,1.6296,2.3704,N,,08/2024,Analyst
11-9171.00,1.A.1.f.1,Spatial Orientation,LV,1.25,8,0.25,0.76,1.74,N,N,08/2024,Analyst
11-9171.00,1.A.1.f.2,Visualization,IM,2.5,8,0.189,2.1296,2.8704,N,,08/2024,Analyst
11-9171.00,1.A.1.f.2,Visualization,LV,2.38,8,0.183,2.0164,2.7336,N,N,08/2024,Analyst
11-9171.00,1.A.1.g.1,Selective Attention,IM,2.75,8,0.1637,2.4292,3.0708,N,,08/2024,Analyst
11-9171.00,1.A.1.g.1,Selective Attention,LV,2.25,8,0.1637,1.9292,2.5708,N,N,08/2024,Analyst
11-9171.00,1.A.1.g.2,Time Sharing,IM,2.75,8,0.1637,2.4292,3.0708,N,,08/2024,Analyst
11-9171.00,1.A.1.g.2,Time Sharing,LV,2.62,8,0.183,2.2664,2.9836,N,N,08/2024,Analyst
11-9171.00,1.A.2.a.1,Arm-Hand Steadiness,IM,2.12,8,0.125,1.88,2.37,N,,08/2024,Analyst
11-9171.00,1.A.2.a.1,Arm-Hand Steadiness,LV,2.0,8,0.0,2.0,2.0,N,N,08/2024,Analyst
11-9171.00,1.A.2.a.2,Manual Dexterity,IM,2.0,8,0.0,2.0,2.0,N,,08/2024,Analyst
11-9171.00,1.A.2.a.2,Manual Dexterity,LV,2.0,8,0.0,2.0,2.0,N,N,08/2024,Analyst
11-9171.00,1.A.2.a.3,Finger Dexterity,IM,2.25,8,0.1637,1.9292,2.5708,N,,08/2024,Analyst
11-9171.00,1.A.2.a.3,Finger Dexterity,LV,1.88,8,0.125,1.63,2.12,N,N,08/2024,Analyst
11-9171.00,1.A.2.b.1,Control Precision,IM,2.12,8,0.125,1.88,2.37,N,,08/2024,Analyst
11-9171.00,1.A.2.b.1,Control Precision,LV,2.12,8,0.125,1.88,2.37,N,N,08/2024,Analyst
11-9171.00,1.A.2.b.2,Multilimb Coordination,IM,2.25,8,0.1637,1.9292,2.5708,N,,08/2024,Analyst
11-9171.00,1.A.2.b.2,Multilimb Coordination,LV,2.0,8,0.0,2.0,2.0,N,N,08/2024,Analyst
11-9171.00,1.A.2.b.3,Response Orientation,IM,1.75,8,0.1637,1.4292,2.0708,N,,08/2024,Analyst
11-9171.00,1.A.2.b.3,Response Orientation,LV,1.0,8,0.2673,0.4762,1.5238,N,N,08/2024,Analyst
11-9171.00,1.A.2.b.4,Rate Control,IM,1.38,8,0.183,1.0164,1.7336,N,,08/2024,Analyst
11-9171.00,1.A.2.b.4,Rate Control,LV,0.38,8,0.183,0.0164,0.7336,N,N,08/2024,Analyst
11-9171.00,1.A.2.c.1,Reaction Time,IM,1.62,8,0.183,1.2664,1.9836,N,,08/2024,Analyst
11-9171.00,1.A.2.c.1,Reaction Time,LV,0.75,8,0.25,0.26,1.24,N,N,08/2024,Analyst
11-9171.00,1.A.2.c.2,Wrist-Finger Speed,IM,1.38,8,0.183,1.0164,1.7336,N,,08/2024,Analyst
11-9171.00,1.A.2.c.2,Wrist-Finger Speed,LV,0.38,8,0.183,0.0164,0.7336,N,N,08/2024,Analyst
11-9171.00,1.A.2.c.3,Speed of Limb Movement,IM,1.0,8,0.0,1.0,1.0,N,,08/2024,Analyst
11-9171.00,1.A.2.c.3,Speed of Limb Movement,LV,0.0,8,0.0,0.0,0.0,N,Y,08/2024,Analyst
11-9171.00,1.A.3.a.1,Static Strength,IM,2.0,8,0.189,1.6296,2.3704,N,,08/2024,Analyst
11-9171.00,1.A.3.a.1,Static Strength,LV,1.38,8,0.2631,0.8594,1.8906,N,N,08/2024,Analyst
11-9171.00,1.A.3.a.2,Explosive Strength,IM,1.38,8,0.183,1.0164,1.7336,N,,08/2024,Analyst
11-9171.00,1.A.3.a.2,Explosive Strength,LV,0.5,8,0.2673,0.0,1.0238,N,N,08/2024,Analyst
11-9171.00,1.A.3.a.3,Dynamic Strength,IM,1.75,8,0.1637,1.4292,2.0708,N,,08/2024,Analyst
11-9171.00,1.A.3.a.3,Dynamic Strength,LV,0.75,8,0.1637,0.4292,1.0708,N,N,08/2024,Analyst
11-9171.00,1.A.3.a.4,Trunk Strength,IM,2.25,8,0.1637,1.9292,2.5708,N,,08/2024,Analyst
11-9171.00,1.A.3.a.4,Trunk Strength,LV,1.62,8,0.183,1.2664,1.9836,N,N,08/2024,Analyst
11-9171.00,1.A.3.b.1,Stamina,IM,1.75,8,0.1637,1.4292,2.0708,N,,08/2024,Analyst
11-9171.00,1.A.3.b.1,Stamina,LV,0.75,8,0.1637,0.4292,1.0708,N,N,08/2024,Analyst
11-9171.00,1.A.3.c.1,Extent Flexibility,IM,1.75,8,0.1637,1.4292,2.0708,N,,08/2024,Analyst
11-9171.00,1.A.3.c.1,Extent Flexibility,LV,1.0,8,0.2673,0.4762,1.5238,N,N,08/2024,Analyst
11-9171.00,1.A.3.c.2,Dynamic Flexibility,IM,1.0,8,0.0,1.0,1.0,N,,08/2024,Analyst
11-9171.00,1.A.3.c.2,Dynamic Flexibility,LV,0.0,8,0.0,0.0,0.0,N,Y,08/2024,Analyst
11-9171.00,1.A.3.c.3,Gross Body Coordination,IM,1.75,8,0.1637,1.4292,2.0708,N,,08/2024,Analyst
11-9171.00,1.A.3.c.3,Gross Body Coordination,LV,0.88,8,0.2266,0.4309,1.3191,N,N,08/2024,Analyst
11-9171.00,1.A.3.c.4,Gross Body Equilibrium,IM,1.62,8,0.183,1.2664,1.9836,N,,08/2024,Analyst
11-9171.00,1.A.3.c.4,Gross Body Equilibrium,LV,0.62,8,0.183,0.2664,0.9836,N,N,08/2024,Analyst
11-9171.00,1.A.4.a.1,Near Vision,IM,3.62,8,0.183,3.2664,3.9836,N,,08/2024,Analyst
11-9171.00,1.A.4.a.1,Near Vision,LV,3.75,8,0.1637,3.4292,4.0708,N,N,08/2024,Analyst
11-9171.00,1.A.4.a.2,Far Vision,IM,2.88,8,0.125,2.63,3.12,N,,08/2024,Analyst
11-9171.00,1.A.4.a.2,Far Vision,LV,3.0,8,0.0,3.0,3.0,N,N,08/2024,Analyst
11-9171.00,1.A.4.a.3,Visual Color Discrimination,IM,2.5,8,0.189,2.1296,2.8704,N,,08/2024,Analyst
11-9171.00,1.A.4.a.3,Visual Color Discrimination,LV,2.5,8,0.189,2.1296,2.8704,N,N,08/2024,Analyst
11-9171.00,1.A.4.a.4,Night Vision,IM,1.75,8,0.1637,1.4292,2.0708,N,,08/2024,Analyst
11-9171.00,1.A.4.a.4,Night Vision,LV,0.88,8,0.2266,0.4309,1.3191,N,N,08/2024,Analyst
11-9171.00,1.A.4.a.5,Peripheral Vision,IM,1.88,8,0.125,1.63,2.12,N,,08/2024,Analyst
11-9171.00,1.A.4.a.5,Peripheral Vision,LV,1.12,8,0.2266,0.6809,1.5691,N,N,08/2024,Analyst
11-9171.00,1.A.4.a.6,Depth Perception,IM,2.25,8,0.1637,1.9292,2.5708,N,,08/2024,Analyst
11-9171.00,1.A.4.a.6,Depth Perception,LV,2.12,8,0.125,1.88,2.37,N,N,08/2024,Analyst
11-9171.00,1.A.4.a.7,Glare Sensitivity,IM,1.62,8,0.183,1.2664,1.9836,N,,08/2024,Analyst
11-9171.00,1.A.4.a.7,Glare Sensitivity,LV,0.75,8,0.25,0.26,1.24,N,N,08/2024,Analyst
11-9171.00,1.A.4.b.1,Hearing Sensitivity,IM,2.12,8,0.125,1.88,2.37,N,,08/2024,Analyst
11-9171.00,1.A.4.b.1,Hearing Sensitivity,LV,1.88,8,0.125,1.63,2.12,N,N,08/2024,Analyst
11-9171.00,1.A.4.b.2,Auditory Attention,IM,2.25,8,0.1637,1.9292,2.5708,N,,08/2024,Analyst
11-9171.00,1.A.4.b.2,Auditory Attention,LV,1.88,8,0.125,1.63,2.12,N,N,08/2024,Analyst
11-9171.00,1.A.4.b.3,Sound Localization,IM,1.62,8,0.183,1.2664,1.9836,N,,08/2024,Analyst
11-9171.00,1.A.4.b.3,Sound Localization,LV,0.62,8,0.183,0.2664,0.9836,N,N,08/2024,Analyst
11-9171.00,1.A.4.b.4,Speech Recognition,IM,3.5,8,0.189,3.1296,3.8704,N,,08/2024,Analyst
11-9171.00,1.A.4.b.4,Speech Recognition,LV,3.38,8,0.183,3.0164,3.7336,N,N,08/2024,Analyst
11-9171.00,1.A.4.b.5,Speech Clarity,IM,3.62,8,0.183,3.2664,3.9836,N,,08/2024,Analyst
11-9171.00,1.A.4.b.5,Speech Clarity,LV,3.5,8,0.189,3.1296,3.8704,N,N,08/2024,Analyst
11-9179.01,1.A.1.a.1,Oral Comprehension,IM,4.0,8,0.0,4.0,4.0,N,,08/2022,Analyst
11-9179.01,1.A.1.a.1,Oral Comprehension,LV,4.0,8,0.0,4.0,4.0,N,N,08/2022,Analyst
11-9179.01,1.A.1.a.2,Written Comprehension,IM,3.88,8,0.125,3.63,4.12,N,,08/2022,Analyst
11-9179.01,1.A.1.a.2,Written Comprehension,LV,4.0,8,0.0,4.0,4.0,N,N,08/2022,Analyst
11-9179.01,1.A.1.a.3,Oral Expression,IM,4.0,8,0.0,4.0,4.0,N,,08/2022,Analyst
11-9179.01,1.A.1.a.3,Oral Expression,LV,4.0,8,0.0,4.0,4.0,N,N,08/2022,Analyst
11-9179.01,1.A.1.a.4,Written Expression,IM,3.75,8,0.1637,3.4292,4.0708,N,,08/2022,Analyst
11-9179.01,1.A.1.a.4,Written Expression,LV,4.0,8,0.0,4.0,4.0,N,N,08/2022,Analyst
11-9179.01,1.A.1.b.1,Fluency of Ideas,IM,3.5,8,0.189,3.1296,3.8704,N,,08/2022,Analyst
11-9179.01,1.A.1.b.1,Fluency of Ideas,LV,3.88,8,0.2266,3.4309,4.3191,N,N,08/2022,Analyst
11-9179.01,1.A.1.b.2,Originality,IM,3.12,8,0.125,2.88,3.37,N,,08/2022,Analyst
11-9179.01,1.A.1.b.2,Originality,LV,3.75,8,0.1637,3.4292,4.0708,N,N,08/2022,Analyst
11-9179.01,1.A.1.b.3,Problem Sensitivity,IM,3.75,8,0.1637,3.4292,4.0708,N,,08/2022,Analyst
11-9179.01,1.A.1.b.3,Problem Sensitivity,LV,4.0,8,0.0,4.0,4.0,N,N,08/2022,Analyst
11-9179.01,1.A.1.b.4,Deductive Reasoning,IM,4.0,8,0.0,4.0,4.0,N,,08/2022,Analyst
11-9179.01,1.A.1.b.4,Deductive Reasoning,LV,4.0,8,0.0,4.0,4.0,N,N,08/2022,Analyst
11-9179.01,1.A.1.b.5,Inductive Reasoning,IM,3.62,8,0.183,3.2664,3.9836,N,,08/2022,Analyst
11-9179.01,1.A.1.b.5,Inductive Reasoning,LV,3.75,8,0.1637,3.4292,4.0708,N,N,08/2022,Analyst
11-9179.01,1.A.1.b.6,Information Ordering,IM,3.62,8,0.183,3.2664,3.9836,N,,08/2022,Analyst
11-9179.01,1.A.1.b.6,Information Ordering,LV,3.62,8,0.183,3.2664,3.9836,N,N,08/2022,Analyst
11-9179.01,1.A.1.b.7,Category Flexibility,IM,3.12,8,0.125,2.88,3.37,N,,08/2022,Analyst
11-9179.01,1.A.1.b.7,Category Flexibility,LV,3.12,8,0.125,2.88,3.37,N,N,08/2022,Analyst
11-9179.01,1.A.1.c.1,Mathematical Reasoning,IM,2.62,8,0.183,2.2664,2.9836,N,,08/2022,Analyst
11-9179.01,1.A.1.c.1,Mathematical Reasoning,LV,2.75,8,0.1637,2.4292,3.0708,N,N,08/2022,Analyst
11-9179.01,1.A.1.c.2,Number Facility,IM,2.38,8,0.183,2.0164,2.7336,N,,08/2022,Analyst
11-9179.01,1.A.1.c.2,Number Facility,LV,2.75,8,0.1637,2.4292,3.0708,N,N,08/2022,Analyst
11-9179.01,1.A.1.d.1,Memorization,IM,3.0,8,0.0,3.0,3.0,N,,08/2022,Analyst
11-9179.01,1.A.1.d.1,Memorization,LV,2.88,8,0.125,2.63,3.12,N,N,08/2022,Analyst
11-9179.01,1.A.1.e.1,Speed of Closure,IM,2.25,8,0.1637,1.9292,2.5708,N,,08/2022,Analyst
11-9179.01,1.A.1.e.1,Speed of Closure,LV,2.62,8,0.183,2.2664,2.9836,N,N,08/2022,Analyst
11-9179.01,1.A.1.e.2,Flexibility of Closure,IM,2.75,8,0.1637,2.4292,3.0708,N,,08/2022,Analyst
11-9179.01,1.A.1.e.2,Flexibility of Closure,LV,2.88,8,0.125,2.63,3.12,N,N,08/2022,Analyst
11-9179.01,1.A.1.e.3,Perceptual Speed,IM,2.5,8,0.189,2.1296,2.8704,N,,08/2022,Analyst
11-9179.01,1.A.1.e.3,Perceptual Speed,LV,2.38,8,0.183,2.0164,2.7336,N,N,08/2022,Analyst
11-9179.01,1.A.1.f.1,Spatial Orientation,IM,1.88,8,0.2266,1.4309,2.3191,N,,08/2022,Analyst
11-9179.01,1.A.1.f.1,Spatial Orientation,LV,1.0,8,0.2673,0.4762,1.5238,N,N,08/2022,Analyst
11-9179.01,1.A.1.f.2,Visualization,IM,2.88,8,0.125,2.63,3.12,N,,08/2022,Analyst
11-9179.01,1.A.1.f.2,Visualization,LV,2.75,8,0.1637,2.4292,3.0708,N,N,08/2022,Analyst
11-9179.01,1.A.1.g.1,Selective Attention,IM,2.75,8,0.1637,2.4292,3.0708,N,,08/2022,Analyst
11-9179.01,1.A.1.g.1,Selective Attention,LV,2.88,8,0.125,2.63,3.12,N,N,08/2022,Analyst
11-9179.01,1.A.1.g.2,Time Sharing,IM,2.88,8,0.125,2.63,3.12,N,,08/2022,Analyst
11-9179.01,1.A.1.g.2,Time Sharing,LV,2.88,8,0.125,2.63,3.12,N,N,08/2022,Analyst
11-9179.01,1.A.2.a.1,Arm-Hand Steadiness,IM,2.12,8,0.125,1.88,2.37,N,,08/2022,Analyst
11-9179.01,1.A.2.a.1,Arm-Hand Steadiness,LV,2.0,8,0.0,2.0,2.0,N,N,08/2022,Analyst
11-9179.01,1.A.2.a.2,Manual Dexterity,IM,2.12,8,0.125,1.88,2.37,N,,08/2022,Analyst
11-9179.01,1.A.2.a.2,Manual Dexterity,LV,2.12,8,0.125,1.88,2.37,N,N,08/2022,Analyst
11-9179.01,1.A.2.a.3,Finger Dexterity,IM,2.12,8,0.125,1.88,2.37,N,,08/2022,Analyst
11-9179.01,1.A.2.a.3,Finger Dexterity,LV,2.0,8,0.0,2.0,2.0,N,N,08/2022,Analyst
11-9179.01,1.A.2.b.1,Control Precision,IM,1.62,8,0.183,1.2664,1.9836,N,,08/2022,Analyst
11-9179.01,1.A.2.b.1,Control Precision,LV,0.88,8,0.295,0.2967,1.4533,N,N,08/2022,Analyst
11-9179.01,1.A.2.b.2,Multilimb Coordination,IM,2.62,8,0.183,2.2664,2.9836,N,,08/2022,Analyst
11-9179.01,1.A.2.b.2,Multilimb Coordination,LV,2.5,8,0.189,2.1296,2.8704,N,N,08/2022,Analyst
11-9179.01,1.A.2.b.3,Response Orientation,IM,1.38,8,0.183,1.0164,1.7336,N,,08/2022,Analyst
11-9179.01,1.A.2.b.3,Response Orientation,LV,0.38,8,0.183,0.0164,0.7336,N,N,08/2022,Analyst
11-9179.01,1.A.2.b.4,Rate Control,IM,1.5,8,0.189,1.1296,1.8704,N,,08/2022,Analyst
11-9179.01,1.A.2.b.4,Rate Control,LV,0.5,8,0.189,0.1296,0.8704,N,N,08/2022,Analyst
11-9179.01,1.A.2.c.1,Reaction Time,IM,1.38,8,0.183,1.0164,1.7336,N,,08/2022,Analyst
11-9179.01,1.A.2.c.1,Reaction Time,LV,0.38,8,0.183,0.0164,0.7336,N,N,08/2022,Analyst
11-9179.01,1.A.2.c.2,Wrist-Finger Speed,IM,2.0,8,0.0,2.0,2.0,N,,08/2022,Analyst
11-9179.01,1.A.2.c.2,Wrist-Finger Speed,LV,1.75,8,0.1637,1.4292,2.0708,N,N,08/2022,Analyst
11-9179.01,1.A.2.c.3,Speed of Limb Movement,IM,2.0,8,0.0,2.0,2.0,N,,08/2022,Analyst
11-9179.01,1.A.2.c.3,Speed of Limb Movement,LV,1.5,8,0.189,1.1296,1.8704,N,N,08/2022,Analyst
11-9179.01,1.A.3.a.1,Static Strength,IM,2.75,8,0.25,2.26,3.24,N,,08/2022,Analyst
11-9179.01,1.A.3.a.1,Static Strength,LV,2.75,8,0.25,2.26,3.24,N,N,08/2022,Analyst
11-9179.01,1.A.3.a.2,Explosive Strength,IM,2.38,8,0.183,2.0164,2.7336,N,,08/2022,Analyst
11-9179.01,1.A.3.a.2,Explosive Strength,LV,2.25,8,0.1637,1.9292,2.5708,N,N,08/2022,Analyst
11-9179.01,1.A.3.a.3,Dynamic Strength,IM,2.25,8,0.25,1.76,2.74,N,,08/2022,Analyst
11-9179.01,1.A.3.a.3,Dynamic Strength,LV,2.25,8,0.25,1.76,2.74,N,N,08/2022,Analyst
11-9179.01,1.A.3.a.4,Trunk Strength,IM,3.0,8,0.189,2.6296,3.3704,N,,08/2022,Analyst
11-9179.01,1.A.3.a.4,Trunk Strength,LV,3.12,8,0.125,2.88,3.37,N,N,08/2022,Analyst
11-9179.01,1.A.3.b.1,Stamina,IM,2.38,8,0.2631,1.8594,2.8906,N,,08/2022,Analyst
11-9179.01,1.A.3.b.1,Stamina,LV,2.88,8,0.2266,2.4309,3.3191,N,N,08/2022,Analyst
11-9179.01,1.A.3.c.1,Extent Flexibility,IM,2.5,8,0.2673,1.9762,3.0238,N,,08/2022,Analyst
11-9179.01,1.A.3.c.1,Extent Flexibility,LV,2.88,8,0.2266,2.4309,3.3191,N,N,08/2022,Analyst
11-9179.01,1.A.3.c.2,Dynamic Flexibility,IM,2.12,8,0.125,1.88,2.37,N,,08/2022,Analyst
11-9179.01,1.A.3.c.2,Dynamic Flexibility,LV,2.12,8,0.295,1.5467,2.7033,N,N,08/2022,Analyst
11-9179.01,1.A.3.c.3,Gross Body Coordination,IM,2.38,8,0.183,2.0164,2.7336,N,,08/2022,Analyst
11-9179.01,1.A.3.c.3,Gross Body Coordination,LV,2.75,8,0.1637,2.4292,3.0708,N,N,08/2022,Analyst
11-9179.01,1.A.3.c.4,Gross Body Equilibrium,IM,2.25,8,0.1637,1.9292,2.5708,N,,08/2022,Analyst
11-9179.01,1.A.3.c.4,Gross Body Equilibrium,LV,2.0,8,0.189,1.6296,2.3704,N,N,08/2022,Analyst
11-9179.01,1.A.4.a.1,Near Vision,IM,3.5,8,0.189,3.1296,3.8704,N,,08/2022,Analyst
11-9179.01,1.A.4.a.1,Near Vision,LV,3.38,8,0.183,3.0164,3.7336,N,N,08/2022,Analyst
11-9179.01,1.A.4.a.2,Far Vision,IM,3.0,8,0.0,3.0,3.0,N,,08/2022,Analyst
11-9179.01,1.A.4.a.2,Far Vision,LV,3.0,8,0.0,3.0,3.0,N,N,08/2022,Analyst
11-9179.01,1.A.4.a.3,Visual Color Discrimination,IM,2.0,8,0.189,1.6296,2.3704,N,,08/2022,Analyst
11-9179.01,1.A.4.a.3,Visual Color Discrimination,LV,1.5,8,0.2673,0.9762,2.0238,N,N,08/2022,Analyst
11-9179.01,1.A.4.a.4,Night Vision,IM,1.0,8,0.0,1.0,1.0,N,,08/2022,Analyst
11-9179.01,1.A.4.a.4,Night Vision,LV,0.0,8,0.0,0.0,0.0,N,Y,08/2022,Analyst
11-9179.01,1.A.4.a.5,Peripheral Vision,IM,1.25,8,0.1637,1.0,1.5708,N,,08/2022,Analyst
11-9179.01,1.A.4.a.5,Peripheral Vision,LV,0.25,8,0.1637,0.0,0.5708,N,Y,08/2022,Analyst
11-9179.01,1.A.4.a.6,Depth Perception,IM,2.0,8,0.0,2.0,2.0,N,,08/2022,Analyst
11-9179.01,1.A.4.a.6,Depth Perception,LV,1.75,8,0.1637,1.4292,2.0708,N,N,08/2022,Analyst
11-9179.01,1.A.4.a.7,Glare Sensitivity,IM,1.0,8,0.0,1.0,1.0,N,,08/2022,Analyst
11-9179.01,1.A.4.a.7,Glare Sensitivity,LV,0.0,8,0.0,0.0,0.0,N,Y,08/2022,Analyst
11-9179.01,1.A.4.b.1,Hearing Sensitivity,IM,1.75,8,0.1637,1.4292,2.0708,N,,08/2022,Analyst
11-9179.01,1.A.4.b.1,Hearing Sensitivity,LV,1.38,8,0.3239,0.7402,2.0098,N,N,08/2022,Analyst
11-9179.01,1.A.4.b.2,Auditory Attention,IM,2.25,8,0.1637,1.9292,2.5708,N,,08/2022,Analyst
11-9179.01,1.A.4.b.2,Auditory Attention,LV,2.12,8,0.125,1.88,2.37,N,N,08/2022,Analyst
11-9179.01,1.A.4.b.3,Sound Localization,IM,1.0,8,0.0,1.0,1.0,N,,08/2022,Analyst
11-9179.01,1.A.4.b.3,Sound Localization,LV,0.0,8,0.0,0.0,0.0,N,Y,08/2022,Analyst
11-9179.01,1.A.4.b.4,Speech Recognition,IM,3.75,8,0.1637,3.4292,4.0708,N,,08/2022,Analyst
11-9179.01,1.A.4.b.4,Speech Recognition,LV,3.5,8,0.189,3.1296,3.8704,N,N,08/2022,Analyst
11-9179.01,1.A.4.b.5,Speech Clarity,IM,3.75,8,0.1637,3.4292,4.0708,N,,08/2022,Analyst
11-9179.01,1.A.4.b.5,Speech Clarity,LV,3.5,8,0.189,3.1296,3.8704,N,N,08/2022,Analyst
11-9179.02,1.A.1.a.1,Oral Comprehension,IM,4.0,8,0.0,4.0,4.0,N,,07/2012,Analyst
11-9179.02,1.A.1.a.1,Oral Comprehension,LV,4.0,8,0.0,4.0,4.0,N,N,07/2012,Analyst
11-9179.02,1.A.1.a.2,Written Comprehension,IM,3.62,8,0.183,3.2664,3.9836,N,,07/2012,Analyst
11-9179.02,1.A.1.a.2,Written Comprehension,LV,3.75,8,0.1637,3.4292,4.0708,N,N,07/2012,Analyst
11-9179.02,1.A.1.a.3,Oral Expression,IM,4.0,8,0.0,4.0,4.0,N,,07/2012,Analyst
11-9179.02,1.A.1.a.3,Oral Expression,LV,4.0,8,0.0,4.0,4.0,N,N,07/2012,Analyst
11-9179.02,1.A.1.a.4,Written Expression,IM,3.38,8,0.183,3.0164,3.7336,N,,07/2012,Analyst
11-9179.02,1.A.1.a.4,Written Expression,LV,3.88,8,0.125,3.63,4.12,N,N,07/2012,Analyst
11-9179.02,1.A.1.b.1,Fluency of Ideas,IM,3.5,8,0.189,3.1296,3.8704,N,,07/2012,Analyst
11-9179.02,1.A.1.b.1,Fluency of Ideas,LV,3.38,8,0.183,3.0164,3.7336,N,N,07/2012,Analyst
11-9179.02,1.A.1.b.2,Originality,IM,3.12,8,0.3504,2.4383,3.8117,N,,07/2012,Analyst
11-9179.02,1.A.1.b.2,Originality,LV,3.38,8,0.2631,2.8594,3.8906,N,N,07/2012,Analyst
11-9179.02,1.A.1.b.3,Problem Sensitivity,IM,4.0,8,0.0,4.0,4.0,N,,07/2012,Analyst
11-9179.02,1.A.1.b.3,Problem Sensitivity,LV,3.62,8,0.183,3.2664,3.9836,N,N,07/2012,Analyst
11-9179.02,1.A.1.b.4,Deductive Reasoning,IM,3.88,8,0.125,3.63,4.12,N,,07/2012,Analyst
11-9179.02,1.A.1.b.4,Deductive Reasoning,LV,3.88,8,0.125,3.63,4.12,N,N,07/2012,Analyst
11-9179.02,1.A.1.b.5,Inductive Reasoning,IM,3.62,8,0.183,3.2664,3.9836,N,,07/2012,Analyst
11-9179.02,1.A.1.b.5,Inductive Reasoning,LV,3.5,8,0.189,3.1296,3.8704,N,N,07/2012,Analyst
11-9179.02,1.A.1.b.6,Information Ordering,IM,3.38,8,0.183,3.0164,3.7336,N,,07/2012,Analyst
11-9179.02,1.A.1.b.6,Information Ordering,LV,3.38,8,0.183,3.0164,3.7336,N,N,07/2012,Analyst
11-9179.02,1.A.1.b.7,Category Flexibility,IM,3.25,8,0.1637,2.9292,3.5708,N,,07/2012,Analyst
11-9179.02,1.A.1.b.7,Category Flexibility,LV,3.38,8,0.183,3.0164,3.7336,N,N,07/2012,Analyst
11-9179.02,1.A.1.c.1,Mathematical Reasoning,IM,2.88,8,0.125,2.63,3.12,N,,07/2012,Analyst
11-9179.02,1.A.1.c.1,Mathematical Reasoning,LV,3.12,8,0.2266,2.6809,3.5691,N,N,07/2012,Analyst
11-9179.02,1.A.1.c.2,Number Facility,IM,3.0,8,0.0,3.0,3.0,N,,07/2012,Analyst
11-9179.02,1.A.1.c.2,Number Facility,LV,3.0,8,0.0,3.0,3.0,N,N,07/2012,Analyst
11-9179.02,1.A.1.d.1,Memorization,IM,2.5,8,0.189,2.1296,2.8704,N,,07/2012,Analyst
11-9179.02,1.A.1.d.1,Memorization,LV,2.75,8,0.25,2.26,3.24,N,N,07/2012,Analyst
11-9179.02,1.A.1.e.1,Speed of Closure,IM,2.38,8,0.183,2.0164,2.7336,N,,07/2012,Analyst
11-9179.02,1.A.1.e.1,Speed of Closure,LV,2.38,8,0.183,2.0164,2.7336,N,N,07/2012,Analyst
11-9179.02,1.A.1.e.2,Flexibility of Closure,IM,2.75,8,0.3134,2.1358,3.3642,N,,07/2012,Analyst
11-9179.02,1.A.1.e.2,Flexibility of Closure,LV,2.75,8,0.4532,1.8618,3.6382,N,N,07/2012,Analyst
11-9179.02,1.A.1.e.3,Perceptual Speed,IM,2.62,8,0.2631,2.1094,3.1406,N,,07/2012,Analyst
11-9179.02,1.A.1.e.3,Perceptual Speed,LV,2.5,8,0.189,2.1296,2.8704,N,N,07/2012,Analyst
11-9179.02,1.A.1.f.1,Spatial Orientation,IM,1.12,8,0.125,1.0,1.37,N,,07/2012,Analyst
11-9179.02,1.A.1.f.1,Spatial Orientation,LV,0.25,8,0.25,0.0,0.74,N,Y,07/2012,Analyst
11-9179.02,1.A.1.f.2,Visualization,IM,2.5,8,0.189,2.1296,2.8704,N,,07/2012,Analyst
11-9179.02,1.A.1.f.2,Visualization,LV,2.5,8,0.189,2.1296,2.8704,N,N,07/2012,Analyst
11-9179.02,1.A.1.g.1,Selective Attention,IM,3.0,8,0.2673,2.4762,3.5238,N,,07/2012,Analyst
11-9179.02,1.A.1.g.1,Selective Attention,LV,2.5,8,0.189,2.1296,2.8704,N,N,07/2012,Analyst
11-9179.02,1.A.1.g.2,Time Sharing,IM,2.88,8,0.125,2.63,3.12,N,,07/2012,Analyst
11-9179.02,1.A.1.g.2,Time Sharing,LV,2.75,8,0.1637,2.4292,3.0708,N,N,07/2012,Analyst
11-9179.02,1.A.2.a.1,Arm-Hand Steadiness,IM,2.0,8,0.0,2.0,2.0,N,,07/2012,Analyst
11-9179.02,1.A.2.a.1,Arm-Hand Steadiness,LV,1.88,8,0.125,1.63,2.12,N,N,07/2012,Analyst
11-9179.02,1.A.2.a.2,Manual Dexterity,IM,1.88,8,0.125,1.63,2.12,N,,07/2012,Analyst
11-9179.02,1.A.2.a.2,Manual Dexterity,LV,1.25,8,0.25,0.76,1.74,N,N,07/2012,Analyst
11-9179.02,1.A.2.a.3,Finger Dexterity,IM,2.38,8,0.183,2.0164,2.7336,N,,07/2012,Analyst
11-9179.02,1.A.2.a.3,Finger Dexterity,LV,2.12,8,0.2266,1.6809,2.5691,N,N,07/2012,Analyst
11-9179.02,1.A.2.b.1,Control Precision,IM,1.88,8,0.125,1.63,2.12,N,,07/2012,Analyst
11-9179.02,1.A.2.b.1,Control Precision,LV,1.25,8,0.25,0.76,1.74,N,N,07/2012,Analyst
11-9179.02,1.A.2.b.2,Multilimb Coordination,IM,2.0,8,0.189,1.6296,2.3704,N,,07/2012,Analyst
11-9179.02,1.A.2.b.2,Multilimb Coordination,LV,1.38,8,0.3239,0.7402,2.0098,N,N,07/2012,Analyst
11-9179.02,1.A.2.b.3,Response Orientation,IM,1.88,8,0.125,1.63,2.12,N,,07/2012,Analyst
11-9179.02,1.A.2.b.3,Response Orientation,LV,1.25,8,0.25,0.76,1.74,N,N,07/2012,Analyst
11-9179.02,1.A.2.b.4,Rate Control,IM,1.62,8,0.183,1.2664,1.9836,N,,07/2012,Analyst
11-9179.02,1.A.2.b.4,Rate Control,LV,0.88,8,0.295,0.2967,1.4533,N,N,07/2012,Analyst
11-9179.02,1.A.2.c.1,Reaction Time,IM,1.62,8,0.183,1.2664,1.9836,N,,07/2012,Analyst
11-9179.02,1.A.2.c.1,Reaction Time,LV,0.75,8,0.25,0.26,1.24,N,N,07/2012,Analyst
11-9179.02,1.A.2.c.2,Wrist-Finger Speed,IM,1.62,8,0.183,1.2664,1.9836,N,,07/2012,Analyst
11-9179.02,1.A.2.c.2,Wrist-Finger Speed,LV,0.62,8,0.183,0.2664,0.9836,N,N,07/2012,Analyst
11-9179.02,1.A.2.c.3,Speed of Limb Movement,IM,1.75,8,0.1637,1.4292,2.0708,N,,07/2012,Analyst
11-9179.02,1.A.2.c.3,Speed of Limb Movement,LV,1.12,8,0.295,0.5467,1.7033,N,N,07/2012,Analyst
11-9179.02,1.A.3.a.1,Static Strength,IM,1.88,8,0.125,1.63,2.12,N,,07/2012,Analyst
11-9179.02,1.A.3.a.1,Static Strength,LV,1.38,8,0.2631,0.8594,1.8906,N,N,07/2012,Analyst
11-9179.02,1.A.3.a.2,Explosive Strength,IM,1.0,8,0.0,1.0,1.0,N,,07/2012,Analyst
11-9179.02,1.A.3.a.2,Explosive Strength,LV,0.0,8,0.0,0.0,0.0,N,Y,07/2012,Analyst
11-9179.02,1.A.3.a.3,Dynamic Strength,IM,1.75,8,0.1637,1.4292,2.0708,N,,07/2012,Analyst
11-9179.02,1.A.3.a.3,Dynamic Strength,LV,1.0,8,0.2673,0.4762,1.5238,N,N,07/2012,Analyst
11-9179.02,1.A.3.a.4,Trunk Strength,IM,2.25,8,0.1637,1.9292,2.5708,N,,07/2012,Analyst
11-9179.02,1.A.3.a.4,Trunk Strength,LV,2.25,8,0.1637,1.9292,2.5708,N,N,07/2012,Analyst
11-9179.02,1.A.3.b.1,Stamina,IM,1.88,8,0.125,1.63,2.12,N,,07/2012,Analyst
11-9179.02,1.A.3.b.1,Stamina,LV,1.12,8,0.2266,0.6809,1.5691,N,N,07/2012,Analyst
11-9179.02,1.A.3.c.1,Extent Flexibility,IM,1.75,8,0.1637,1.4292,2.0708,N,,07/2012,Analyst
11-9179.02,1.A.3.c.1,Extent Flexibility,LV,1.0,8,0.2673,0.4762,1.5238,N,N,07/2012,Analyst
11-9179.02,1.A.3.c.2,Dynamic Flexibility,IM,1.0,8,0.0,1.0,1.0,N,,07/2012,Analyst
11-9179.02,1.A.3.c.2,Dynamic Flexibility,LV,0.0,8,0.0,0.0,0.0,N,Y,07/2012,Analyst
11-9179.02,1.A.3.c.3,Gross Body Coordination,IM,1.88,8,0.125,1.63,2.12,N,,07/2012,Analyst
11-9179.02,1.A.3.c.3,Gross Body Coordination,LV,1.25,8,0.25,0.76,1.74,N,N,07/2012,Analyst
11-9179.02,1.A.3.c.4,Gross Body Equilibrium,IM,1.62,8,0.183,1.2664,1.9836,N,,07/2012,Analyst
11-9179.02,1.A.3.c.4,Gross Body Equilibrium,LV,0.88,8,0.295,0.2967,1.4533,N,N,07/2012,Analyst
11-9179.02,1.A.4.a.1,Near Vision,IM,3.25,8,0.25,2.76,3.74,N,,07/2012,Analyst
11-9179.02,1.A.4.a.1,Near Vision,LV,3.5,8,0.3273,2.8584,4.1416,N,N,07/2012,Analyst
11-9179.02,1.A.4.a.2,Far Vision,IM,2.75,8,0.3134,2.1358,3.3642,N,,07/2012,Analyst
11-9179.02,1.A.4.a.2,Far Vision,LV,2.5,8,0.3273,1.8584,3.1416,N,N,07/2012,Analyst
11-9179.02,1.A.4.a.3,Visual Color Discrimination,IM,2.5,8,0.378,1.7592,3.2408,N,,07/2012,Analyst
11-9179.02,1.A.4.a.3,Visual Color Discrimination,LV,2.12,8,0.3981,1.3447,2.9053,N,N,07/2012,Analyst
11-9179.02,1.A.4.a.4,Night Vision,IM,1.0,8,0.0,1.0,1.0,N,,07/2012,Analyst
11-9179.02,1.A.4.a.4,Night Vision,LV,0.0,8,0.0,0.0,0.0,N,Y,07/2012,Analyst
11-9179.02,1.A.4.a.5,Peripheral Vision,IM,1.0,8,0.0,1.0,1.0,N,,07/2012,Analyst
11-9179.02,1.A.4.a.5,Peripheral Vision,LV,0.0,8,0.0,0.0,0.0,N,Y,07/2012,Analyst
11-9179.02,1.A.4.a.6,Depth Perception,IM,1.88,8,0.2266,1.4309,2.3191,N,,07/2012,Analyst
11-9179.02,1.A.4.a.6,Depth Perception,LV,1.5,8,0.378,0.7592,2.2408,N,N,07/2012,Analyst
11-9179.02,1.A.4.a.7,Glare Sensitivity,IM,1.0,8,0.0,1.0,1.0,N,,07/2012,Analyst
11-9179.02,1.A.4.a.7,Glare Sensitivity,LV,0.0,8,0.0,0.0,0.0,N,Y,07/2012,Analyst
11-9179.02,1.A.4.b.1,Hearing Sensitivity,IM,2.12,8,0.295,1.5467,2.7033,N,,07/2012,Analyst
11-9179.02,1.A.4.b.1,Hearing Sensitivity,LV,1.88,8,0.4795,0.9352,2.8148,N,N,07/2012,Analyst
11-9179.02,1.A.4.b.2,Auditory Attention,IM,2.25,8,0.25,1.76,2.74,N,,07/2012,Analyst
11-9179.02,1.A.4.b.2,Auditory Attention,LV,1.88,8,0.295,1.2967,2.4533,N,N,07/2012,Analyst
11-9179.02,1.A.4.b.3,Sound Localization,IM,1.0,8,0.0,1.0,1.0,N,,07/2012,Analyst
11-9179.02,1.A.4.b.3,Sound Localization,LV,0.0,8,0.0,0.0,0.0,N,Y,07/2012,Analyst
11-9179.02,1.A.4.b.4,Speech Recognition,IM,3.88,8,0.125,3.63,4.12,N,,07/2012,Analyst
11-9179.02,1.A.4.b.4,Speech Recognition,LV,3.88,8,0.125,3.63,4.12,N,N,07/2012,Analyst
11-9179.02,1.A.4.b.5,Speech Clarity,IM,3.88,8,0.125,3.63,4.12,N,,07/2012,Analyst
11-9179.02,1.A.4.b.5,Speech Clarity,LV,3.62,8,0.183,3.2664,3.9836,N,N,07/2012,Analyst
11-9199.01,1.A.1.a.1,Oral Comprehension,IM,4.12,8,0.125,3.88,4.37,N,,08/2024,Analyst
11-9199.01,1.A.1.a.1,Oral Comprehension,LV,4.12,8,0.125,3.88,4.37,N,N,08/2024,Analyst
11-9199.01,1.A.1.a.2,Written Comprehension,IM,4.12,8,0.125,3.88,4.37,N,,08/2024,Analyst
11-9199.01,1.A.1.a.2,Written Comprehension,LV,4.25,8,0.1637,3.9292,4.5708,N,N,08/2024,Analyst
11-9199.01,1.A.1.a.3,Oral Expression,IM,4.12,8,0.125,3.88,4.37,N,,08/2024,Analyst
11-9199.01,1.A.1.a.3,Oral Expression,LV,4.12,8,0.125,3.88,4.37,N,N,08/2024,Analyst
11-9199.01,1.A.1.a.4,Written Expression,IM,4.25,8,0.1637,3.9292,4.5708,N,,08/2024,Analyst
11-9199.01,1.A.1.a.4,Written Expression,LV,4.12,8,0.125,3.88,4.37,N,N,08/2024,Analyst
11-9199.01,1.A.1.b.1,Fluency of Ideas,IM,3.12,8,0.125,2.88,3.37,N,,08/2024,Analyst
11-9199.01,1.A.1.b.1,Fluency of Ideas,LV,3.62,8,0.183,3.2664,3.9836,N,N,08/2024,Analyst
11-9199.01,1.A.1.b.2,Originality,IM,3.0,8,0.0,3.0,3.0,N,,08/2024,Analyst
11-9199.01,1.A.1.b.2,Originality,LV,3.12,8,0.125,2.88,3.37,N,N,08/2024,Analyst
11-9199.01,1.A.1.b.3,Problem Sensitivity,IM,3.75,8,0.1637,3.4292,4.0708,N,,08/2024,Analyst
11-9199.01,1.A.1.b.3,Problem Sensitivity,LV,4.0,8,0.189,3.6296,4.3704,N,N,08/2024,Analyst
11-9199.01,1.A.1.b.4,Deductive Reasoning,IM,3.88,8,0.125,3.63,4.12,N,,08/2024,Analyst
11-9199.01,1.A.1.b.4,Deductive Reasoning,LV,4.0,8,0.0,4.0,4.0,N,N,08/2024,Analyst
11-9199.01,1.A.1.b.5,Inductive Reasoning,IM,3.88,8,0.125,3.63,4.12,N,,08/2024,Analyst
11-9199.01,1.A.1.b.5,Inductive Reasoning,LV,4.0,8,0.0,4.0,4.0,N,N,08/2024,Analyst
11-9199.01,1.A.1.b.6,Information Ordering,IM,3.62,8,0.183,3.2664,3.9836,N,,08/2024,Analyst
11-9199.01,1.A.1.b.6,Information Ordering,LV,3.75,8,0.1637,3.4292,4.0708,N,N,08/2024,Analyst
11-9199.01,1.A.1.b.7,Category Flexibility,IM,3.0,8,0.0,3.0,3.0,N,,08/2024,Analyst
11-9199.01,1.A.1.b.7,Category Flexibility,LV,3.0,8,0.0,3.0,3.0,N,N,08/2024,Analyst
11-9199.01,1.A.1.c.1,Mathematical Reasoning,IM,2.38,8,0.183,2.0164,2.7336,N,,08/2024,Analyst
11-9199.01,1.A.1.c.1,Mathematical Reasoning,LV,2.5,8,0.2673,1.9762,3.0238,N,N,08/2024,Analyst
11-9199.01,1.A.1.c.2,Number Facility,IM,2.38,8,0.183,2.0164,2.7336,N,,08/2024,Analyst
11-9199.01,1.A.1.c.2,Number Facility,LV,2.62,8,0.183,2.2664,2.9836,N,N,08/2024,Analyst
11-9199.01,1.A.1.d.1,Memorization,IM,2.25,8,0.1637,1.9292,2.5708,N,,08/2024,Analyst
11-9199.01,1.A.1.d.1,Memorization,LV,2.62,8,0.183,2.2664,2.9836,N,N,08/2024,Analyst
11-9199.01,1.A.1.e.1,Speed of Closure,IM,2.62,8,0.183,2.2664,2.9836,N,,08/2024,Analyst
11-9199.01,1.A.1.e.1,Speed of Closure,LV,2.62,8,0.183,2.2664,2.9836,N,N,08/2024,Analyst
11-9199.01,1.A.1.e.2,Flexibility of Closure,IM,2.88,8,0.125,2.63,3.12,N,,08/2024,Analyst
11-9199.01,1.A.1.e.2,Flexibility of Closure,LV,3.0,8,0.0,3.0,3.0,N,N,08/2024,Analyst
11-9199.01,1.A.1.e.3,Perceptual Speed,IM,2.62,8,0.183,2.2664,2.9836,N,,08/2024,Analyst
11-9199.01,1.A.1.e.3,Perceptual Speed,LV,2.62,8,0.183,2.2664,2.9836,N,N,08/2024,Analyst
11-9199.01,1.A.1.f.1,Spatial Orientation,IM,1.0,8,0.0,1.0,1.0,N,,08/2024,Analyst
11-9199.01,1.A.1.f.1,Spatial Orientation,LV,0.0,8,0.0,0.0,0.0,N,Y,08/2024,Analyst
11-9199.01,1.A.1.f.2,Visualization,IM,2.0,8,0.0,2.0,2.0,N,,08/2024,Analyst
11-9199.01,1.A.1.f.2,Visualization,LV,1.88,8,0.125,1.63,2.12,N,N,08/2024,Analyst
11-9199.01,1.A.1.g.1,Selective Attention,IM,2.88,8,0.2266,2.4309,3.3191,N,,08/2024,Analyst
11-9199.01,1.A.1.g.1,Selective Attention,LV,2.75,8,0.1637,2.4292,3.0708,N,N,08/2024,Analyst
11-9199.01,1.A.1.g.2,Time Sharing,IM,2.62,8,0.183,2.2664,2.9836,N,,08/2024,Analyst
11-9199.01,1.A.1.g.2,Time Sharing,LV,2.38,8,0.183,2.0164,2.7336,N,N,08/2024,Analyst
11-9199.01,1.A.2.a.1,Arm-Hand Steadiness,IM,1.0,8,0.0,1.0,1.0,N,,08/2024,Analyst
11-9199.01,1.A.2.a.1,Arm-Hand Steadiness,LV,0.0,8,0.0,0.0,0.0,N,Y,08/2024,Analyst
11-9199.01,1.A.2.a.2,Manual Dexterity,IM,1.0,8,0.0,1.0,1.0,N,,08/2024,Analyst
11-9199.01,1.A.2.a.2,Manual Dexterity,LV,0.0,8,0.0,0.0,0.0,N,Y,08/2024,Analyst
11-9199.01,1.A.2.a.3,Finger Dexterity,IM,1.38,8,0.183,1.0164,1.7336,N,,08/2024,Analyst
11-9199.01,1.A.2.a.3,Finger Dexterity,LV,0.5,8,0.2673,0.0,1.0238,N,N,08/2024,Analyst
11-9199.01,1.A.2.b.1,Control Precision,IM,1.0,8,0.0,1.0,1.0,N,,08/2024,Analyst
11-9199.01,1.A.2.b.1,Control Precision,LV,0.0,8,0.0,0.0,0.0,N,Y,08/2024,Analyst
11-9199.01,1.A.2.b.2,Multilimb Coordination,IM,1.0,8,0.0,1.0,1.0,N,,08/2024,Analyst
11-9199.01,1.A.2.b.2,Multilimb Coordination,LV,0.0,8,0.0,0.0,0.0,N,Y,08/2024,Analyst
11-9199.01,1.A.2.b.3,Response Orientation,IM,1.0,8,0.0,1.0,1.0,N,,08/2024,Analyst
11-9199.01,1.A.2.b.3,Response Orientation,LV,0.0,8,0.0,0.0,0.0,N,Y,08/2024,Analyst
11-9199.01,1.A.2.b.4,Rate Control,IM,1.0,8,0.0,1.0,1.0,N,,08/2024,Analyst
11-9199.01,1.A.2.b.4,Rate Control,LV,0.0,8,0.0,0.0,0.0,N,Y,08/2024,Analyst
11-9199.01,1.A.2.c.1,Reaction Time,IM,1.0,8,0.0,1.0,1.0,N,,08/2024,Analyst
11-9199.01,1.A.2.c.1,Reaction Time,LV,0.0,8,0.0,0.0,0.0,N,Y,08/2024,Analyst
11-9199.01,1.A.2.c.2,Wrist-Finger Speed,IM,1.5,8,0.189,1.1296,1.8704,N,,08/2024,Analyst
11-9199.01,1.A.2.c.2,Wrist-Finger Speed,LV,0.5,8,0.189,0.1296,0.8704,N,N,08/2024,Analyst
11-9199.01,1.A.2.c.3,Speed of Limb Movement,IM,1.0,8,0.0,1.0,1.0,N,,08/2024,Analyst
11-9199.01,1.A.2.c.3,Speed of Limb Movement,LV,0.0,8,0.0,0.0,0.0,N,Y,08/2024,Analyst
11-9199.01,1.A.3.a.1,Static Strength,IM,1.0,8,0.0,1.0,1.0,N,,08/2024,Analyst
11-9199.01,1.A.3.a.1,Static Strength,LV,0.0,8,0.0,0.0,0.0,N,Y,08/2024,Analyst
11-9199.01,1.A.3.a.2,Explosive Strength,IM,1.0,8,0.0,1.0,1.0,N,,08/2024,Analyst
11-9199.01,1.A.3.a.2,Explosive Strength,LV,0.0,8,0.0,0.0,0.0,N,Y,08/2024,Analyst
11-9199.01,1.A.3.a.3,Dynamic Strength,IM,1.25,8,0.1637,1.0,1.5708,N,,08/2024,Analyst
11-9199.01,1.A.3.a.3,Dynamic Strength,LV,0.25,8,0.1637,0.0,0.5708,N,Y,08/2024,Analyst
11-9199.01,1.A.3.a.4,Trunk Strength,IM,1.88,8,0.2266,1.4309,2.3191,N,,08/2024,Analyst
11-9199.01,1.A.3.a.4,Trunk Strength,LV,1.12,8,0.295,0.5467,1.7033,N,N,08/2024,Analyst
11-9199.01,1.A.3.b.1,Stamina,IM,1.0,8,0.0,1.0,1.0,N,,08/2024,Analyst
11-9199.01,1.A.3.b.1,Stamina,LV,0.0,8,0.0,0.0,0.0,N,Y,08/2024,Analyst
11-9199.01,1.A.3.c.1,Extent Flexibility,IM,1.0,8,0.0,1.0,1.0,N,,08/2024,Analyst
11-9199.01,1.A.3.c.1,Extent Flexibility,LV,0.0,8,0.0,0.0,0.0,N,Y,08/2024,Analyst
11-9199.01,1.A.3.c.2,Dynamic Flexibility,IM,1.0,8,0.0,1.0,1.0,N,,08/2024,Analyst
11-9199.01,1.A.3.c.2,Dynamic Flexibility,LV,0.0,8,0.0,0.0,0.0,N,Y,08/2024,Analyst
11-9199.01,1.A.3.c.3,Gross Body Coordination,IM,1.0,8,0.0,1.0,1.0,N,,08/2024,Analyst
11-9199.01,1.A.3.c.3,Gross Body Coordination,LV,0.0,8,0.0,0.0,0.0,N,Y,08/2024,Analyst
11-9199.01,1.A.3.c.4,Gross Body Equilibrium,IM,1.0,8,0.0,1.0,1.0,N,,08/2024,Analyst
11-9199.01,1.A.3.c.4,Gross Body Equilibrium,LV,0.0,8,0.0,0.0,0.0,N,Y,08/2024,Analyst
11-9199.01,1.A.4.a.1,Near Vision,IM,3.75,8,0.1637,3.4292,4.0708,N,,08/2024,Analyst
11-9199.01,1.A.4.a.1,Near Vision,LV,3.88,8,0.125,3.63,4.12,N,N,08/2024,Analyst
11-9199.01,1.A.4.a.2,Far Vision,IM,2.75,8,0.1637,2.4292,3.0708,N,,08/2024,Analyst
11-9199.01,1.A.4.a.2,Far Vision,LV,2.75,8,0.1637,2.4292,3.0708,N,N,08/2024,Analyst
11-9199.01,1.A.4.a.3,Visual Color Discrimination,IM,2.0,8,0.0,2.0,2.0,N,,08/2024,Analyst
11-9199.01,1.A.4.a.3,Visual Color Discrimination,LV,1.62,8,0.183,1.2664,1.9836,N,N,08/2024,Analyst
11-9199.01,1.A.4.a.4,Night Vision,IM,1.0,8,0.0,1.0,1.0,N,,08/2024,Analyst
11-9199.01,1.A.4.a.4,Night Vision,LV,0.0,8,0.0,0.0,0.0,N,Y,08/2024,Analyst
11-9199.01,1.A.4.a.5,Peripheral Vision,IM,1.0,8,0.0,1.0,1.0,N,,08/2024,Analyst
11-9199.01,1.A.4.a.5,Peripheral Vision,LV,0.0,8,0.0,0.0,0.0,N,Y,08/2024,Analyst
11-9199.01,1.A.4.a.6,Depth Perception,IM,1.5,8,0.189,1.1296,1.8704,N,,08/2024,Analyst
11-9199.01,1.A.4.a.6,Depth Perception,LV,0.5,8,0.189,0.1296,0.8704,N,N,08/2024,Analyst
11-9199.01,1.A.4.a.7,Glare Sensitivity,IM,1.0,8,0.0,1.0,1.0,N,,08/2024,Analyst
11-9199.01,1.A.4.a.7,Glare Sensitivity,LV,0.0,8,0.0,0.0,0.0,N,Y,08/2024,Analyst
11-9199.01,1.A.4.b.1,Hearing Sensitivity,IM,2.0,8,0.0,2.0,2.0,N,,08/2024,Analyst
11-9199.01,1.A.4.b.1,Hearing Sensitivity,LV,1.12,8,0.125,0.88,1.37,N,N,08/2024,Analyst
11-9199.01,1.A.4.b.2,Auditory Attention,IM,2.0,8,0.0,2.0,2.0,N,,08/2024,Analyst
11-9199.01,1.A.4.b.2,Auditory Attention,LV,1.38,8,0.183,1.0164,1.7336,N,N,08/2024,Analyst
11-9199.01,1.A.4.b.3,Sound Localization,IM,1.0,8,0.0,1.0,1.0,N,,08/2024,Analyst
11-9199.01,1.A.4.b.3,Sound Localization,LV,0.0,8,0.0,0.0,0.0,N,Y,08/2024,Analyst
11-9199.01,1.A.4.b.4,Speech Recognition,IM,3.75,8,0.1637,3.4292,4.0708,N,,08/2024,Analyst
11-9199.01,1.A.4.b.4,Speech Recognition,LV,3.88,8,0.125,3.63,4.12,N,N,08/2024,Analyst
11-9199.01,1.A.4.b.5,Speech Clarity,IM,3.75,8,0.1637,3.4292,4.0708,N,,08/2024,Analyst
11-9199.01,1.A.4.b.5,Speech Clarity,LV,3.75,8,0.1637,3.4292,4.0708,N,N,08/2024,Analyst
11-9199.02,1.A.1.a.1,Oral Comprehension,IM,4.0,8,0.0,4.0,4.0,N,,08/2019,Analyst
11-9199.02,1.A.1.a.1,Oral Comprehension,LV,4.38,8,0.183,4.0164,4.7336,N,N,08/2019,Analyst
11-9199.02,1.A.1.a.2,Written Comprehension,IM,4.0,8,0.0,4.0,4.0,N,,08/2019,Analyst
11-9199.02,1.A.1.a.2,Written Comprehension,LV,4.38,8,0.183,4.0164,4.7336,N,N,08/2019,Analyst
11-9199.02,1.A.1.a.3,Oral Expression,IM,4.12,8,0.125,3.88,4.37,N,,08/2019,Analyst
11-9199.02,1.A.1.a.3,Oral Expression,LV,4.25,8,0.1637,3.9292,4.5708,N,N,08/2019,Analyst
11-9199.02,1.A.1.a.4,Written Expression,IM,4.12,8,0.125,3.88,4.37,N,,08/2019,Analyst
11-9199.02,1.A.1.a.4,Written Expression,LV,4.25,8,0.1637,3.9292,4.5708,N,N,08/2019,Analyst
11-9199.02,1.A.1.b.1,Fluency of Ideas,IM,3.0,8,0.0,3.0,3.0,N,,08/2019,Analyst
11-9199.02,1.A.1.b.1,Fluency of Ideas,LV,3.25,8,0.1637,2.9292,3.5708,N,N,08/2019,Analyst
11-9199.02,1.A.1.b.2,Originality,IM,2.88,8,0.125,2.63,3.12,N,,08/2019,Analyst
11-9199.02,1.A.1.b.2,Originality,LV,3.0,8,0.189,2.6296,3.3704,N,N,08/2019,Analyst
11-9199.02,1.A.1.b.3,Problem Sensitivity,IM,4.12,8,0.125,3.88,4.37,N,,08/2019,Analyst
11-9199.02,1.A.1.b.3,Problem Sensitivity,LV,4.38,8,0.183,4.0164,4.7336,N,N,08/2019,Analyst
11-9199.02,1.A.1.b.4,Deductive Reasoning,IM,4.0,8,0.0,4.0,4.0,N,,08/2019,Analyst
11-9199.02,1.A.1.b.4,Deductive Reasoning,LV,4.38,8,0.183,4.0164,4.7336,N,N,08/2019,Analyst
11-9199.02,1.A.1.b.5,Inductive Reasoning,IM,4.0,8,0.0,4.0,4.0,N,,08/2019,Analyst
11-9199.02,1.A.1.b.5,Inductive Reasoning,LV,4.12,8,0.125,3.88,4.37,N,N,08/2019,Analyst
11-9199.02,1.A.1.b.6,Information Ordering,IM,3.5,8,0.189,3.1296,3.8704,N,,08/2019,Analyst
11-9199.02,1.A.1.b.6,Information Ordering,LV,3.75,8,0.1637,3.4292,4.0708,N,N,08/2019,Analyst
11-9199.02,1.A.1.b.7,Category Flexibility,IM,3.12,8,0.125,2.88,3.37,N,,08/2019,Analyst
11-9199.02,1.A.1.b.7,Category Flexibility,LV,3.62,8,0.183,3.2664,3.9836,N,N,08/2019,Analyst
11-9199.02,1.A.1.c.1,Mathematical Reasoning,IM,2.25,8,0.1637,1.9292,2.5708,N,,08/2019,Analyst
11-9199.02,1.A.1.c.1,Mathematical Reasoning,LV,2.25,8,0.1637,1.9292,2.5708,N,N,08/2019,Analyst
11-9199.02,1.A.1.c.2,Number Facility,IM,2.12,8,0.125,1.88,2.37,N,,08/2019,Analyst
11-9199.02,1.A.1.c.2,Number Facility,LV,2.12,8,0.125,1.88,2.37,N,N,08/2019,Analyst
11-9199.02,1.A.1.d.1,Memorization,IM,2.5,8,0.189,2.1296,2.8704,N,,08/2019,Analyst
11-9199.02,1.A.1.d.1,Memorization,LV,2.75,8,0.1637,2.4292,3.0708,N,N,08/2019,Analyst
11-9199.02,1.A.1.e.1,Speed of Closure,IM,2.38,8,0.183,2.0164,2.7336,N,,08/2019,Analyst
11-9199.02,1.A.1.e.1,Speed of Closure,LV,2.75,8,0.25,2.26,3.24,N,N,08/2019,Analyst
11-9199.02,1.A.1.e.2,Flexibility of Closure,IM,2.88,8,0.2266,2.4309,3.3191,N,,08/2019,Analyst
11-9199.02,1.A.1.e.2,Flexibility of Closure,LV,2.88,8,0.2266,2.4309,3.3191,N,N,08/2019,Analyst
11-9199.02,1.A.1.e.3,Perceptual Speed,IM,2.5,8,0.189,2.1296,2.8704,N,,08/2019,Analyst
11-9199.02,1.A.1.e.3,Perceptual Speed,LV,2.75,8,0.1637,2.4292,3.0708,N,N,08/2019,Analyst
11-9199.02,1.A.1.f.1,Spatial Orientation,IM,1.25,8,0.1637,1.0,1.5708,N,,08/2019,Analyst
11-9199.02,1.A.1.f.1,Spatial Orientation,LV,0.38,8,0.2631,0.0,0.8906,N,Y,08/2019,Analyst
11-9199.02,1.A.1.f.2,Visualization,IM,2.12,8,0.125,1.88,2.37,N,,08/2019,Analyst
11-9199.02,1.A.1.f.2,Visualization,LV,1.88,8,0.2266,1.4309,2.3191,N,N,08/2019,Analyst
11-9199.02,1.A.1.g.1,Selective Attention,IM,3.0,8,0.0,3.0,3.0,N,,08/2019,Analyst
11-9199.02,1.A.1.g.1,Selective Attention,LV,3.0,8,0.0,3.0,3.0,N,N,08/2019,Analyst
11-9199.02,1.A.1.g.2,Time Sharing,IM,2.25,8,0.1637,1.9292,2.5708,N,,08/2019,Analyst
11-9199.02,1.A.1.g.2,Time Sharing,LV,2.25,8,0.1637,1.9292,2.5708,N,N,08/2019,Analyst
11-9199.02,1.A.2.a.1,Arm-Hand Steadiness,IM,1.62,8,0.183,1.2664,1.9836,N,,08/2019,Analyst
11-9199.02,1.A.2.a.1,Arm-Hand Steadiness,LV,0.75,8,0.25,0.26,1.24,N,N,08/2019,Analyst
11-9199.02,1.A.2.a.2,Manual Dexterity,IM,1.62,8,0.183,1.2664,1.9836,N,,08/2019,Analyst
11-9199.02,1.A.2.a.2,Manual Dexterity,LV,0.75,8,0.25,0.26,1.24,N,N,08/2019,Analyst
11-9199.02,1.A.2.a.3,Finger Dexterity,IM,1.75,8,0.1637,1.4292,2.0708,N,,08/2019,Analyst
11-9199.02,1.A.2.a.3,Finger Dexterity,LV,1.25,8,0.3134,0.6358,1.8642,N,N,08/2019,Analyst
11-9199.02,1.A.2.b.1,Control Precision,IM,1.75,8,0.1637,1.4292,2.0708,N,,08/2019,Analyst
11-9199.02,1.A.2.b.1,Control Precision,LV,0.88,8,0.2266,0.4309,1.3191,N,N,08/2019,Analyst
11-9199.02,1.A.2.b.2,Multilimb Coordination,IM,1.25,8,0.1637,1.0,1.5708,N,,08/2019,Analyst
11-9199.02,1.A.2.b.2,Multilimb Coordination,LV,0.25,8,0.1637,0.0,0.5708,N,Y,08/2019,Analyst
11-9199.02,1.A.2.b.3,Response Orientation,IM,1.25,8,0.1637,1.0,1.5708,N,,08/2019,Analyst
11-9199.02,1.A.2.b.3,Response Orientation,LV,0.38,8,0.2631,0.0,0.8906,N,Y,08/2019,Analyst
11-9199.02,1.A.2.b.4,Rate Control,IM,1.25,8,0.1637,1.0,1.5708,N,,08/2019,Analyst
11-9199.02,1.A.2.b.4,Rate Control,LV,0.25,8,0.1637,0.0,0.5708,N,Y,08/2019,Analyst
11-9199.02,1.A.2.c.1,Reaction Time,IM,1.25,8,0.1637,1.0,1.5708,N,,08/2019,Analyst
11-9199.02,1.A.2.c.1,Reaction Time,LV,0.38,8,0.2631,0.0,0.8906,N,Y,08/2019,Analyst
11-9199.02,1.A.2.c.2,Wrist-Finger Speed,IM,1.38,8,0.183,1.0164,1.7336,N,,08/2019,Analyst
11-9199.02,1.A.2.c.2,Wrist-Finger Speed,LV,0.5,8,0.2673,0.0,1.0238,N,N,08/2019,Analyst
11-9199.02,1.A.2.c.3,Speed of Limb Movement,IM,1.5,8,0.189,1.1296,1.8704,N,,08/2019,Analyst
11-9199.02,1.A.2.c.3,Speed of Limb Movement,LV,0.5,8,0.189,0.1296,0.8704,N,N,08/2019,Analyst
11-9199.02,1.A.3.a.1,Static Strength,IM,1.0,8,0.0,1.0,1.0,N,,08/2019,Analyst
11-9199.02,1.A.3.a.1,Static Strength,LV,0.0,8,0.0,0.0,0.0,N,Y,08/2019,Analyst
11-9199.02,1.A.3.a.2,Explosive Strength,IM,1.0,8,0.0,1.0,1.0,N,,08/2019,Analyst
11-9199.02,1.A.3.a.2,Explosive Strength,LV,0.0,8,0.0,0.0,0.0,N,Y,08/2019,Analyst
11-9199.02,1.A.3.a.3,Dynamic Strength,IM,1.0,8,0.0,1.0,1.0,N,,08/2019,Analyst
11-9199.02,1.A.3.a.3,Dynamic Strength,LV,0.0,8,0.0,0.0,0.0,N,Y,08/2019,Analyst
11-9199.02,1.A.3.a.4,Trunk Strength,IM,1.75,8,0.1637,1.4292,2.0708,N,,08/2019,Analyst
11-9199.02,1.A.3.a.4,Trunk Strength,LV,1.12,8,0.295,0.5467,1.7033,N,N,08/2019,Analyst
11-9199.02,1.A.3.b.1,Stamina,IM,1.12,8,0.125,1.0,1.37,N,,08/2019,Analyst
11-9199.02,1.A.3.b.1,Stamina,LV,0.12,8,0.125,0.0,0.37,N,Y,08/2019,Analyst
11-9199.02,1.A.3.c.1,Extent Flexibility,IM,1.0,8,0.0,1.0,1.0,N,,08/2019,Analyst
11-9199.02,1.A.3.c.1,Extent Flexibility,LV,0.0,8,0.0,0.0,0.0,N,Y,08/2019,Analyst
11-9199.02,1.A.3.c.2,Dynamic Flexibility,IM,1.0,8,0.0,1.0,1.0,N,,08/2019,Analyst
11-9199.02,1.A.3.c.2,Dynamic Flexibility,LV,0.0,8,0.0,0.0,0.0,N,Y,08/2019,Analyst
11-9199.02,1.A.3.c.3,Gross Body Coordination,IM,1.12,8,0.125,1.0,1.37,N,,08/2019,Analyst
11-9199.02,1.A.3.c.3,Gross Body Coordination,LV,0.12,8,0.125,0.0,0.37,N,Y,08/2019,Analyst
11-9199.02,1.A.3.c.4,Gross Body Equilibrium,IM,1.0,8,0.0,1.0,1.0,N,,08/2019,Analyst
11-9199.02,1.A.3.c.4,Gross Body Equilibrium,LV,0.0,8,0.0,0.0,0.0,N,Y,08/2019,Analyst
11-9199.02,1.A.4.a.1,Near Vision,IM,3.62,8,0.183,3.2664,3.9836,N,,08/2019,Analyst
11-9199.02,1.A.4.a.1,Near Vision,LV,3.75,8,0.1637,3.4292,4.0708,N,N,08/2019,Analyst
11-9199.02,1.A.4.a.2,Far Vision,IM,3.0,8,0.0,3.0,3.0,N,,08/2019,Analyst
11-9199.02,1.A.4.a.2,Far Vision,LV,2.88,8,0.125,2.63,3.12,N,N,08/2019,Analyst
11-9199.02,1.A.4.a.3,Visual Color Discrimination,IM,2.0,8,0.0,2.0,2.0,N,,08/2019,Analyst
11-9199.02,1.A.4.a.3,Visual Color Discrimination,LV,1.62,8,0.183,1.2664,1.9836,N,N,08/2019,Analyst
11-9199.02,1.A.4.a.4,Night Vision,IM,1.25,8,0.1637,1.0,1.5708,N,,08/2019,Analyst
11-9199.02,1.A.4.a.4,Night Vision,LV,0.38,8,0.2631,0.0,0.8906,N,Y,08/2019,Analyst
11-9199.02,1.A.4.a.5,Peripheral Vision,IM,1.25,8,0.1637,1.0,1.5708,N,,08/2019,Analyst
11-9199.02,1.A.4.a.5,Peripheral Vision,LV,0.25,8,0.1637,0.0,0.5708,N,Y,08/2019,Analyst
11-9199.02,1.A.4.a.6,Depth Perception,IM,1.88,8,0.125,1.63,2.12,N,,08/2019,Analyst
11-9199.02,1.A.4.a.6,Depth Perception,LV,1.25,8,0.25,0.76,1.74,N,N,08/2019,Analyst
11-9199.02,1.A.4.a.7,Glare Sensitivity,IM,1.25,8,0.1637,1.0,1.5708,N,,08/2019,Analyst
11-9199.02,1.A.4.a.7,Glare Sensitivity,LV,0.38,8,0.2631,0.0,0.8906,N,Y,08/2019,Analyst
11-9199.02,1.A.4.b.1,Hearing Sensitivity,IM,2.12,8,0.125,1.88,2.37,N,,08/2019,Analyst
11-9199.02,1.A.4.b.1,Hearing Sensitivity,LV,1.5,8,0.189,1.1296,1.8704,N,N,08/2019,Analyst
11-9199.02,1.A.4.b.2,Auditory Attention,IM,2.25,8,0.1637,1.9292,2.5708,N,,08/2019,Analyst
11-9199.02,1.A.4.b.2,Auditory Attention,LV,1.88,8,0.2266,1.4309,2.3191,N,N,08/2019,Analyst
11-9199.02,1.A.4.b.3,Sound Localization,IM,1.25,8,0.1637,1.0,1.5708,N,,08/2019,Analyst
11-9199.02,1.A.4.b.3,Sound Localization,LV,0.25,8,0.1637,0.0,0.5708,N,Y,08/2019,Analyst
11-9199.02,1.A.4.b.4,Speech Recognition,IM,3.5,8,0.189,3.1296,3.8704,N,,08/2019,Analyst
11-9199.02,1.A.4.b.4,Speech Recognition,LV,3.62,8,0.183,3.2664,3.9836,N,N,08/2019,Analyst
11-9199.02,1.A.4.b.5,Speech Clarity,IM,3.62,8,0.183,3.2664,3.9836,N,,08/2019,Analyst
11-9199.02,1.A.4.b.5,Speech Clarity,LV,3.62,8,0.183,3.2664,3.9836,N,N,08/2019,Analyst
11-9199.08,1.A.1.a.1,Oral Comprehension,IM,4.0,8,0.0,4.0,4.0,N,,08/2019,Analyst
11-9199.08,1.A.1.a.1,Oral Comprehension,LV,4.0,8,0.0,4.0,4.0,N,N,08/2019,Analyst
11-9199.08,1.A.1.a.2,Written Comprehension,IM,3.88,8,0.125,3.63,4.12,N,,08/2019,Analyst
11-9199.08,1.A.1.a.2,Written Comprehension,LV,4.0,8,0.0,4.0,4.0,N,N,08/2019,Analyst
11-9199.08,1.A.1.a.3,Oral Expression,IM,4.12,8,0.125,3.88,4.37,N,,08/2019,Analyst
11-9199.08,1.A.1.a.3,Oral Expression,LV,4.0,8,0.0,4.0,4.0,N,N,08/2019,Analyst
11-9199.08,1.A.1.a.4,Written Expression,IM,3.88,8,0.125,3.63,4.12,N,,08/2019,Analyst
11-9199.08,1.A.1.a.4,Written Expression,LV,4.0,8,0.0,4.0,4.0,N,N,08/2019,Analyst
11-9199.08,1.A.1.b.1,Fluency of Ideas,IM,3.12,8,0.125,2.88,3.37,N,,08/2019,Analyst
11-9199.08,1.A.1.b.1,Fluency of Ideas,LV,3.5,8,0.189,3.1296,3.8704,N,N,08/2019,Analyst
11-9199.08,1.A.1.b.2,Originality,IM,3.38,8,0.183,3.0164,3.7336,N,,08/2019,Analyst
11-9199.08,1.A.1.b.2,Originality,LV,3.62,8,0.183,3.2664,3.9836,N,N,08/2019,Analyst
11-9199.08,1.A.1.b.3,Problem Sensitivity,IM,4.12,8,0.2266,3.6809,4.5691,N,,08/2019,Analyst
11-9199.08,1.A.1.b.3,Problem Sensitivity,LV,4.0,8,0.0,4.0,4.0,N,N,08/2019,Analyst
11-9199.08,1.A.1.b.4,Deductive Reasoning,IM,3.88,8,0.125,3.63,4.12,N,,08/2019,Analyst
11-9199.08,1.A.1.b.4,Deductive Reasoning,LV,3.88,8,0.125,3.63,4.12,N,N,08/2019,Analyst
11-9199.08,1.A.1.b.5,Inductive Reasoning,IM,3.88,8,0.125,3.63,4.12,N,,08/2019,Analyst
11-9199.08,1.A.1.b.5,Inductive Reasoning,LV,3.88,8,0.125,3.63,4.12,N,N,08/2019,Analyst
11-9199.08,1.A.1.b.6,Information Ordering,IM,3.12,8,0.125,2.88,3.37,N,,08/2019,Analyst
11-9199.08,1.A.1.b.6,Information Ordering,LV,3.12,8,0.125,2.88,3.37,N,N,08/2019,Analyst
11-9199.08,1.A.1.b.7,Category Flexibility,IM,3.25,8,0.1637,2.9292,3.5708,N,,08/2019,Analyst
11-9199.08,1.A.1.b.7,Category Flexibility,LV,3.0,8,0.0,3.0,3.0,N,N,08/2019,Analyst
11-9199.08,1.A.1.c.1,Mathematical Reasoning,IM,2.62,8,0.183,2.2664,2.9836,N,,08/2019,Analyst
11-9199.08,1.A.1.c.1,Mathematical Reasoning,LV,2.88,8,0.125,2.63,3.12,N,N,08/2019,Analyst
11-9199.08,1.A.1.c.2,Number Facility,IM,2.75,8,0.1637,2.4292,3.0708,N,,08/2019,Analyst
11-9199.08,1.A.1.c.2,Number Facility,LV,3.0,8,0.0,3.0,3.0,N,N,08/2019,Analyst
11-9199.08,1.A.1.d.1,Memorization,IM,2.75,8,0.1637,2.4292,3.0708,N,,08/2019,Analyst
11-9199.08,1.A.1.d.1,Memorization,LV,2.25,8,0.1637,1.9292,2.5708,N,N,08/2019,Analyst
11-9199.08,1.A.1.e.1,Speed of Closure,IM,2.88,8,0.125,2.63,3.12,N,,08/2019,Analyst
11-9199.08,1.A.1.e.1,Speed of Closure,LV,3.0,8,0.189,2.6296,3.3704,N,N,08/2019,Analyst
11-9199.08,1.A.1.e.2,Flexibility of Closure,IM,3.12,8,0.125,2.88,3.37,N,,08/2019,Analyst
11-9199.08,1.A.1.e.2,Flexibility of Closure,LV,3.5,8,0.189,3.1296,3.8704,N,N,08/2019,Analyst
11-9199.08,1.A.1.e.3,Perceptual Speed,IM,2.88,8,0.125,2.63,3.12,N,,08/2019,Analyst
11-9199.08,1.A.1.e.3,Perceptual Speed,LV,3.0,8,0.0,3.0,3.0,N,N,08/2019,Analyst
11-9199.08,1.A.1.f.1,Spatial Orientation,IM,1.12,8,0.125,1.0,1.37,N,,08/2019,Analyst
11-9199.08,1.A.1.f.1,Spatial Orientation,LV,0.25,8,0.25,0.0,0.74,N,Y,08/2019,Analyst
11-9199.08,1.A.1.f.2,Visualization,IM,2.75,8,0.1637,2.4292,3.0708,N,,08/2019,Analyst
11-9199.08,1.A.1.f.2,Visualization,LV,2.75,8,0.1637,2.4292,3.0708,N,N,08/2019,Analyst
11-9199.08,1.A.1.g.1,Selective Attention,IM,3.25,8,0.1637,2.9292,3.5708,N,,08/2019,Analyst
11-9199.08,1.A.1.g.1,Selective Attention,LV,3.62,8,0.183,3.2664,3.9836,N,N,08/2019,Analyst
11-9199.08,1.A.1.g.2,Time Sharing,IM,2.62,8,0.183,2.2664,2.9836,N,,08/2019,Analyst
11-9199.08,1.A.1.g.2,Time Sharing,LV,2.62,8,0.183,2.2664,2.9836,N,N,08/2019,Analyst
11-9199.08,1.A.2.a.1,Arm-Hand Steadiness,IM,1.62,8,0.183,1.2664,1.9836,N,,08/2019,Analyst
11-9199.08,1.A.2.a.1,Arm-Hand Steadiness,LV,1.12,8,0.3504,0.4383,1.8117,N,N,08/2019,Analyst
11-9199.08,1.A.2.a.2,Manual Dexterity,IM,2.12,8,0.125,1.88,2.37,N,,08/2019,Analyst
11-9199.08,1.A.2.a.2,Manual Dexterity,LV,1.88,8,0.2266,1.4309,2.3191,N,N,08/2019,Analyst
11-9199.08,1.A.2.a.3,Finger Dexterity,IM,2.12,8,0.295,1.5467,2.7033,N,,08/2019,Analyst
11-9199.08,1.A.2.a.3,Finger Dexterity,LV,1.88,8,0.4407,1.0113,2.7387,N,N,08/2019,Analyst
11-9199.08,1.A.2.b.1,Control Precision,IM,1.75,8,0.1637,1.4292,2.0708,N,,08/2019,Analyst
11-9199.08,1.A.2.b.1,Control Precision,LV,1.5,8,0.3273,0.8584,2.1416,N,N,08/2019,Analyst
11-9199.08,1.A.2.b.2,Multilimb Coordination,IM,2.12,8,0.125,1.88,2.37,N,,08/2019,Analyst
11-9199.08,1.A.2.b.2,Multilimb Coordination,LV,2.12,8,0.125,1.88,2.37,N,N,08/2019,Analyst
11-9199.08,1.A.2.b.3,Response Orientation,IM,2.12,8,0.125,1.88,2.37,N,,08/2019,Analyst
11-9199.08,1.A.2.b.3,Response Orientation,LV,1.5,8,0.2673,0.9762,2.0238,N,N,08/2019,Analyst
11-9199.08,1.A.2.b.4,Rate Control,IM,1.0,8,0.0,1.0,1.0,N,,08/2019,Analyst
11-9199.08,1.A.2.b.4,Rate Control,LV,0.0,8,0.0,0.0,0.0,N,Y,08/2019,Analyst
11-9199.08,1.A.2.c.1,Reaction Time,IM,2.0,8,0.189,1.6296,2.3704,N,,08/2019,Analyst
11-9199.08,1.A.2.c.1,Reaction Time,LV,1.25,8,0.3134,0.6358,1.8642,N,N,08/2019,Analyst
11-9199.08,1.A.2.c.2,Wrist-Finger Speed,IM,1.38,8,0.183,1.0164,1.7336,N,,08/2019,Analyst
11-9199.08,1.A.2.c.2,Wrist-Finger Speed,LV,0.5,8,0.2673,0.0,1.0238,N,N,08/2019,Analyst
11-9199.08,1.A.2.c.3,Speed of Limb Movement,IM,2.0,8,0.189,1.6296,2.3704,N,,08/2019,Analyst
11-9199.08,1.A.2.c.3,Speed of Limb Movement,LV,1.38,8,0.3239,0.7402,2.0098,N,N,08/2019,Analyst
11-9199.08,1.A.3.a.1,Static Strength,IM,2.12,8,0.125,1.88,2.37,N,,08/2019,Analyst
11-9199.08,1.A.3.a.1,Static Strength,LV,1.88,8,0.2266,1.4309,2.3191,N,N,08/2019,Analyst
11-9199.08,1.A.3.a.2,Explosive Strength,IM,2.12,8,0.125,1.88,2.37,N,,08/2019,Analyst
11-9199.08,1.A.3.a.2,Explosive Strength,LV,1.38,8,0.2631,0.8594,1.8906,N,N,08/2019,Analyst
11-9199.08,1.A.3.a.3,Dynamic Strength,IM,2.12,8,0.125,1.88,2.37,N,,08/2019,Analyst
11-9199.08,1.A.3.a.3,Dynamic Strength,LV,1.38,8,0.2631,0.8594,1.8906,N,N,08/2019,Analyst
11-9199.08,1.A.3.a.4,Trunk Strength,IM,2.25,8,0.1637,1.9292,2.5708,N,,08/2019,Analyst
11-9199.08,1.A.3.a.4,Trunk Strength,LV,2.12,8,0.125,1.88,2.37,N,N,08/2019,Analyst
11-9199.08,1.A.3.b.1,Stamina,IM,2.0,8,0.0,2.0,2.0,N,,08/2019,Analyst
11-9199.08,1.A.3.b.1,Stamina,LV,2.0,8,0.189,1.6296,2.3704,N,N,08/2019,Analyst
11-9199.08,1.A.3.c.1,Extent Flexibility,IM,1.88,8,0.125,1.63,2.12,N,,08/2019,Analyst
11-9199.08,1.A.3.c.1,Extent Flexibility,LV,1.25,8,0.25,0.76,1.74,N,N,08/2019,Analyst
11-9199.08,1.A.3.c.2,Dynamic Flexibility,IM,1.0,8,0.0,1.0,1.0,N,,08/2019,Analyst
11-9199.08,1.A.3.c.2,Dynamic Flexibility,LV,0.0,8,0.0,0.0,0.0,N,Y,08/2019,Analyst
11-9199.08,1.A.3.c.3,Gross Body Coordination,IM,2.0,8,0.0,2.0,2.0,N,,08/2019,Analyst
11-9199.08,1.A.3.c.3,Gross Body Coordination,LV,2.0,8,0.0,2.0,2.0,N,N,08/2019,Analyst
11-9199.08,1.A.3.c.4,Gross Body Equilibrium,IM,2.0,8,0.0,2.0,2.0,N,,08/2019,Analyst
11-9199.08,1.A.3.c.4,Gross Body Equilibrium,LV,1.88,8,0.125,1.63,2.12,N,N,08/2019,Analyst
11-9199.08,1.A.4.a.1,Near Vision,IM,4.0,8,0.0,4.0,4.0,N,,08/2019,Analyst
11-9199.08,1.A.4.a.1,Near Vision,LV,4.0,8,0.0,4.0,4.0,N,N,08/2019,Analyst
11-9199.08,1.A.4.a.2,Far Vision,IM,3.12,8,0.125,2.88,3.37,N,,08/2019,Analyst
11-9199.08,1.A.4.a.2,Far Vision,LV,3.38,8,0.183,3.0164,3.7336,N,N,08/2019,Analyst
11-9199.08,1.A.4.a.3,Visual Color Discrimination,IM,2.62,8,0.183,2.2664,2.9836,N,,08/2019,Analyst
11-9199.08,1.A.4.a.3,Visual Color Discrimination,LV,2.38,8,0.183,2.0164,2.7336,N,N,08/2019,Analyst
11-9199.08,1.A.4.a.4,Night Vision,IM,1.0,8,0.0,1.0,1.0,N,,08/2019,Analyst
11-9199.08,1.A.4.a.4,Night Vision,LV,0.0,8,0.0,0.0,0.0,N,Y,08/2019,Analyst
11-9199.08,1.A.4.a.5,Peripheral Vision,IM,1.12,8,0.125,1.0,1.37,N,,08/2019,Analyst
11-9199.08,1.A.4.a.5,Peripheral Vision,LV,0.12,8,0.125,0.0,0.37,N,Y,08/2019,Analyst
11-9199.08,1.A.4.a.6,Depth Perception,IM,2.0,8,0.0,2.0,2.0,N,,08/2019,Analyst
11-9199.08,1.A.4.a.6,Depth Perception,LV,1.75,8,0.1637,1.4292,2.0708,N,N,08/2019,Analyst
11-9199.08,1.A.4.a.7,Glare Sensitivity,IM,1.0,8,0.0,1.0,1.0,N,,08/2019,Analyst
11-9199.08,1.A.4.a.7,Glare Sensitivity,LV,0.0,8,0.0,0.0,0.0,N,Y,08/2019,Analyst
11-9199.08,1.A.4.b.1,Hearing Sensitivity,IM,2.25,8,0.1637,1.9292,2.5708,N,,08/2019,Analyst
11-9199.08,1.A.4.b.1,Hearing Sensitivity,LV,2.12,8,0.125,1.88,2.37,N,N,08/2019,Analyst
11-9199.08,1.A.4.b.2,Auditory Attention,IM,2.25,8,0.1637,1.9292,2.5708,N,,08/2019,Analyst
11-9199.08,1.A.4.b.2,Auditory Attention,LV,2.12,8,0.125,1.88,2.37,N,N,08/2019,Analyst
11-9199.08,1.A.4.b.3,Sound Localization,IM,1.0,8,0.0,1.0,1.0,N,,08/2019,Analyst
11-9199.08,1.A.4.b.3,Sound Localization,LV,0.0,8,0.0,0.0,0.0,N,Y,08/2019,Analyst
11-9199.08,1.A.4.b.4,Speech Recognition,IM,3.75,8,0.1637,3.4292,4.0708,N,,08/2019,Analyst
11-9199.08,1.A.4.b.4,Speech Recognition,LV,3.88,8,0.125,3.63,4.12,N,N,08/2019,Analyst
11-9199.08,1.A.4.b.5,Speech Clarity,IM,3.75,8,0.1637,3.4292,4.0708,N,,08/2019,Analyst
11-9199.08,1.A.4.b.5,Speech Clarity,LV,3.88,8,0.125,3.63,4.12,N,N,08/2019,Analyst
11-9199.09,1.A.1.a.1,Oral Comprehension,IM,4.0,8,0.0,4.0,4.0,N,,08/2021,Analyst
11-9199.09,1.A.1.a.1,Oral Comprehension,LV,4.0,8,0.0,4.0,4.0,N,N,08/2021,Analyst
11-9199.09,1.A.1.a.2,Written Comprehension,IM,4.0,8,0.0,4.0,4.0,N,,08/2021,Analyst
11-9199.09,1.A.1.a.2,Written Comprehension,LV,4.0,8,0.0,4.0,4.0,N,N,08/2021,Analyst
11-9199.09,1.A.1.a.3,Oral Expression,IM,4.12,8,0.125,3.88,4.37,N,,08/2021,Analyst
11-9199.09,1.A.1.a.3,Oral Expression,LV,4.0,8,0.0,4.0,4.0,N,N,08/2021,Analyst
11-9199.09,1.A.1.a.4,Written Expression,IM,4.0,8,0.0,4.0,4.0,N,,08/2021,Analyst
11-9199.09,1.A.1.a.4,Written Expression,LV,4.0,8,0.0,4.0,4.0,N,N,08/2021,Analyst
11-9199.09,1.A.1.b.1,Fluency of Ideas,IM,3.25,8,0.1637,2.9292,3.5708,N,,08/2021,Analyst
11-9199.09,1.A.1.b.1,Fluency of Ideas,LV,3.12,8,0.125,2.88,3.37,N,N,08/2021,Analyst
11-9199.09,1.A.1.b.2,Originality,IM,3.0,8,0.0,3.0,3.0,N,,08/2021,Analyst
11-9199.09,1.A.1.b.2,Originality,LV,3.12,8,0.125,2.88,3.37,N,N,08/2021,Analyst
11-9199.09,1.A.1.b.3,Problem Sensitivity,IM,4.0,8,0.0,4.0,4.0,N,,08/2021,Analyst
11-9199.09,1.A.1.b.3,Problem Sensitivity,LV,4.0,8,0.0,4.0,4.0,N,N,08/2021,Analyst
11-9199.09,1.A.1.b.4,Deductive Reasoning,IM,3.75,8,0.1637,3.4292,4.0708,N,,08/2021,Analyst
11-9199.09,1.A.1.b.4,Deductive Reasoning,LV,4.0,8,0.0,4.0,4.0,N,N,08/2021,Analyst
11-9199.09,1.A.1.b.5,Inductive Reasoning,IM,3.75,8,0.1637,3.4292,4.0708,N,,08/2021,Analyst
11-9199.09,1.A.1.b.5,Inductive Reasoning,LV,4.0,8,0.0,4.0,4.0,N,N,08/2021,Analyst
11-9199.09,1.A.1.b.6,Information Ordering,IM,3.88,8,0.125,3.63,4.12,N,,08/2021,Analyst
11-9199.09,1.A.1.b.6,Information Ordering,LV,3.75,8,0.1637,3.4292,4.0708,N,N,08/2021,Analyst
11-9199.09,1.A.1.b.7,Category Flexibility,IM,3.0,8,0.189,2.6296,3.3704,N,,08/2021,Analyst
11-9199.09,1.A.1.b.7,Category Flexibility,LV,3.62,8,0.183,3.2664,3.9836,N,N,08/2021,Analyst
11-9199.09,1.A.1.c.1,Mathematical Reasoning,IM,2.88,8,0.125,2.63,3.12,N,,08/2021,Analyst
11-9199.09,1.A.1.c.1,Mathematical Reasoning,LV,3.0,8,0.0,3.0,3.0,N,N,08/2021,Analyst
11-9199.09,1.A.1.c.2,Number Facility,IM,2.88,8,0.125,2.63,3.12,N,,08/2021,Analyst
11-9199.09,1.A.1.c.2,Number Facility,LV,3.0,8,0.0,3.0,3.0,N,N,08/2021,Analyst
11-9199.09,1.A.1.d.1,Memorization,IM,2.88,8,0.125,2.63,3.12,N,,08/2021,Analyst
11-9199.09,1.A.1.d.1,Memorization,LV,2.88,8,0.125,2.63,3.12,N,N,08/2021,Analyst
11-9199.09,1.A.1.e.1,Speed of Closure,IM,2.75,8,0.1637,2.4292,3.0708,N,,08/2021,Analyst
11-9199.09,1.A.1.e.1,Speed of Closure,LV,2.88,8,0.125,2.63,3.12,N,N,08/2021,Analyst
11-9199.09,1.A.1.e.2,Flexibility of Closure,IM,3.12,8,0.125,2.88,3.37,N,,08/2021,Analyst
11-9199.09,1.A.1.e.2,Flexibility of Closure,LV,3.0,8,0.0,3.0,3.0,N,N,08/2021,Analyst
11-9199.09,1.A.1.e.3,Perceptual Speed,IM,3.12,8,0.125,2.88,3.37,N,,08/2021,Analyst
11-9199.09,1.A.1.e.3,Perceptual Speed,LV,3.0,8,0.0,3.0,3.0,N,N,08/2021,Analyst
11-9199.09,1.A.1.f.1,Spatial Orientation,IM,2.0,8,0.0,2.0,2.0,N,,08/2021,Analyst
11-9199.09,1.A.1.f.1,Spatial Orientation,LV,1.88,8,0.125,1.63,2.12,N,N,08/2021,Analyst
11-9199.09,1.A.1.f.2,Visualization,IM,3.0,8,0.0,3.0,3.0,N,,08/2021,Analyst
11-9199.09,1.A.1.f.2,Visualization,LV,3.25,8,0.1637,2.9292,3.5708,N,N,08/2021,Analyst
11-9199.09,1.A.1.g.1,Selective Attention,IM,3.0,8,0.0,3.0,3.0,N,,08/2021,Analyst
11-9199.09,1.A.1.g.1,Selective Attention,LV,3.12,8,0.125,2.88,3.37,N,N,08/2021,Analyst
11-9199.09,1.A.1.g.2,Time Sharing,IM,2.88,8,0.125,2.63,3.12,N,,08/2021,Analyst
11-9199.09,1.A.1.g.2,Time Sharing,LV,2.88,8,0.125,2.63,3.12,N,N,08/2021,Analyst
11-9199.09,1.A.2.a.1,Arm-Hand Steadiness,IM,2.38,8,0.183,2.0164,2.7336,N,,08/2021,Analyst
11-9199.09,1.A.2.a.1,Arm-Hand Steadiness,LV,2.25,8,0.1637,1.9292,2.5708,N,N,08/2021,Analyst
11-9199.09,1.A.2.a.2,Manual Dexterity,IM,2.25,8,0.1637,1.9292,2.5708,N,,08/2021,Analyst
11-9199.09,1.A.2.a.2,Manual Dexterity,LV,2.25,8,0.1637,1.9292,2.5708,N,N,08/2021,Analyst
11-9199.09,1.A.2.a.3,Finger Dexterity,IM,2.25,8,0.1637,1.9292,2.5708,N,,08/2021,Analyst
11-9199.09,1.A.2.a.3,Finger Dexterity,LV,2.25,8,0.1637,1.9292,2.5708,N,N,08/2021,Analyst
11-9199.09,1.A.2.b.1,Control Precision,IM,2.25,8,0.1637,1.9292,2.5708,N,,08/2021,Analyst
11-9199.09,1.A.2.b.1,Control Precision,LV,2.38,8,0.183,2.0164,2.7336,N,N,08/2021,Analyst
11-9199.09,1.A.2.b.2,Multilimb Coordination,IM,2.25,8,0.1637,1.9292,2.5708,N,,08/2021,Analyst
11-9199.09,1.A.2.b.2,Multilimb Coordination,LV,2.25,8,0.1637,1.9292,2.5708,N,N,08/2021,Analyst
11-9199.09,1.A.2.b.3,Response Orientation,IM,2.0,8,0.0,2.0,2.0,N,,08/2021,Analyst
11-9199.09,1.A.2.b.3,Response Orientation,LV,1.88,8,0.125,1.63,2.12,N,N,08/2021,Analyst
11-9199.09,1.A.2.b.4,Rate Control,IM,2.0,8,0.0,2.0,2.0,N,,08/2021,Analyst
11-9199.09,1.A.2.b.4,Rate Control,LV,1.5,8,0.2673,0.9762,2.0238,N,N,08/2021,Analyst
11-9199.09,1.A.2.c.1,Reaction Time,IM,2.12,8,0.125,1.88,2.37,N,,08/2021,Analyst
11-9199.09,1.A.2.c.1,Reaction Time,LV,2.38,8,0.183,2.0164,2.7336,N,N,08/2021,Analyst
11-9199.09,1.A.2.c.2,Wrist-Finger Speed,IM,2.0,8,0.0,2.0,2.0,N,,08/2021,Analyst
11-9199.09,1.A.2.c.2,Wrist-Finger Speed,LV,2.0,8,0.0,2.0,2.0,N,N,08/2021,Analyst
11-9199.09,1.A.2.c.3,Speed of Limb Movement,IM,1.0,8,0.0,1.0,1.0,N,,08/2021,Analyst
11-9199.09,1.A.2.c.3,Speed of Limb Movement,LV,0.0,8,0.0,0.0,0.0,N,Y,08/2021,Analyst
11-9199.09,1.A.3.a.1,Static Strength,IM,2.0,8,0.0,2.0,2.0,N,,08/2021,Analyst
11-9199.09,1.A.3.a.1,Static Strength,LV,1.88,8,0.125,1.63,2.12,N,N,08/2021,Analyst
11-9199.09,1.A.3.a.2,Explosive Strength,IM,2.0,8,0.0,2.0,2.0,N,,08/2021,Analyst
11-9199.09,1.A.3.a.2,Explosive Strength,LV,1.5,8,0.2673,0.9762,2.0238,N,N,08/2021,Analyst
11-9199.09,1.A.3.a.3,Dynamic Strength,IM,2.0,8,0.0,2.0,2.0,N,,08/2021,Analyst
11-9199.09,1.A.3.a.3,Dynamic Strength,LV,1.12,8,0.125,0.88,1.37,N,N,08/2021,Analyst
11-9199.09,1.A.3.a.4,Trunk Strength,IM,2.25,8,0.1637,1.9292,2.5708,N,,08/2021,Analyst
11-9199.09,1.A.3.a.4,Trunk Strength,LV,2.12,8,0.125,1.88,2.37,N,N,08/2021,Analyst
11-9199.09,1.A.3.b.1,Stamina,IM,2.0,8,0.0,2.0,2.0,N,,08/2021,Analyst
11-9199.09,1.A.3.b.1,Stamina,LV,1.38,8,0.183,1.0164,1.7336,N,N,08/2021,Analyst
11-9199.09,1.A.3.c.1,Extent Flexibility,IM,2.25,8,0.1637,1.9292,2.5708,N,,08/2021,Analyst
11-9199.09,1.A.3.c.1,Extent Flexibility,LV,2.25,8,0.1637,1.9292,2.5708,N,N,08/2021,Analyst
11-9199.09,1.A.3.c.2,Dynamic Flexibility,IM,1.0,8,0.0,1.0,1.0,N,,08/2021,Analyst
11-9199.09,1.A.3.c.2,Dynamic Flexibility,LV,0.0,8,0.0,0.0,0.0,N,Y,08/2021,Analyst
11-9199.09,1.A.3.c.3,Gross Body Coordination,IM,2.0,8,0.0,2.0,2.0,N,,08/2021,Analyst
11-9199.09,1.A.3.c.3,Gross Body Coordination,LV,1.25,8,0.1637,0.9292,1.5708,N,N,08/2021,Analyst
11-9199.09,1.A.3.c.4,Gross Body Equilibrium,IM,2.0,8,0.0,2.0,2.0,N,,08/2021,Analyst
11-9199.09,1.A.3.c.4,Gross Body Equilibrium,LV,1.88,8,0.125,1.63,2.12,N,N,08/2021,Analyst
11-9199.09,1.A.4.a.1,Near Vision,IM,3.75,8,0.1637,3.4292,4.0708,N,,08/2021,Analyst
11-9199.09,1.A.4.a.1,Near Vision,LV,4.0,8,0.0,4.0,4.0,N,N,08/2021,Analyst
11-9199.09,1.A.4.a.2,Far Vision,IM,3.0,8,0.0,3.0,3.0,N,,08/2021,Analyst
11-9199.09,1.A.4.a.2,Far Vision,LV,3.0,8,0.0,3.0,3.0,N,N,08/2021,Analyst
11-9199.09,1.A.4.a.3,Visual Color Discrimination,IM,2.38,8,0.183,2.0164,2.7336,N,,08/2021,Analyst
11-9199.09,1.A.4.a.3,Visual Color Discrimination,LV,2.88,8,0.125,2.63,3.12,N,N,08/2021,Analyst
11-9199.09,1.A.4.a.4,Night Vision,IM,2.0,8,0.0,2.0,2.0,N,,08/2021,Analyst
11-9199.09,1.A.4.a.4,Night Vision,LV,1.38,8,0.183,1.0164,1.7336,N,N,08/2021,Analyst
11-9199.09,1.A.4.a.5,Peripheral Vision,IM,2.0,8,0.0,2.0,2.0,N,,08/2021,Analyst
11-9199.09,1.A.4.a.5,Peripheral Vision,LV,1.25,8,0.1637,0.9292,1.5708,N,N,08/2021,Analyst
11-9199.09,1.A.4.a.6,Depth Perception,IM,2.12,8,0.125,1.88,2.37,N,,08/2021,Analyst
11-9199.09,1.A.4.a.6,Depth Perception,LV,2.12,8,0.125,1.88,2.37,N,N,08/2021,Analyst
11-9199.09,1.A.4.a.7,Glare Sensitivity,IM,2.0,8,0.0,2.0,2.0,N,,08/2021,Analyst
11-9199.09,1.A.4.a.7,Glare Sensitivity,LV,1.88,8,0.125,1.63,2.12,N,N,08/2021,Analyst
11-9199.09,1.A.4.b.1,Hearing Sensitivity,IM,2.12,8,0.125,1.88,2.37,N,,08/2021,Analyst
11-9199.09,1.A.4.b.1,Hearing Sensitivity,LV,2.12,8,0.125,1.88,2.37,N,N,08/2021,Analyst
11-9199.09,1.A.4.b.2,Auditory Attention,IM,2.25,8,0.1637,1.9292,2.5708,N,,08/2021,Analyst
11-9199.09,1.A.4.b.2,Auditory Attention,LV,2.12,8,0.125,1.88,2.37,N,N,08/2021,Analyst
11-9199.09,1.A.4.b.3,Sound Localization,IM,2.0,8,0.0,2.0,2.0,N,,08/2021,Analyst
11-9199.09,1.A.4.b.3,Sound Localization,LV,1.25,8,0.1637,0.9292,1.5708,N,N,08/2021,Analyst
11-9199.09,1.A.4.b.4,Speech Recognition,IM,4.0,8,0.0,4.0,4.0,N,,08/2021,Analyst
11-9199.09,1.A.4.b.4,Speech Recognition,LV,3.75,8,0.1637,3.4292,4.0708,N,N,08/2021,Analyst
11-9199.09,1.A.4.b.5,Speech Clarity,IM,4.0,8,0.0,4.0,4.0,N,,08/2021,Analyst
11-9199.09,1.A.4.b.5,Speech Clarity,LV,4.0,8,0.0,4.0,4.0,N,N,08/2021,Analyst
11-9199.10,1.A.1.a.1,Oral Comprehension,IM,4.0,8,0.0,4.0,4.0,N,,07/2016,Analyst
11-9199.10,1.A.1.a.1,Oral Comprehension,LV,4.25,8,0.1637,3.9292,4.5708,N,N,07/2016,Analyst
11-9199.10,1.A.1.a.2,Written Comprehension,IM,4.0,8,0.0,4.0,4.0,N,,07/2016,Analyst
11-9199.10,1.A.1.a.2,Written Comprehension,LV,4.25,8,0.25,3.76,4.74,N,N,07/2016,Analyst
11-9199.10,1.A.1.a.3,Oral Expression,IM,3.88,8,0.125,3.63,4.12,N,,07/2016,Analyst
11-9199.10,1.A.1.a.3,Oral Expression,LV,4.25,8,0.1637,3.9292,4.5708,N,N,07/2016,Analyst
11-9199.10,1.A.1.a.4,Written Expression,IM,3.88,8,0.125,3.63,4.12,N,,07/2016,Analyst
11-9199.10,1.A.1.a.4,Written Expression,LV,3.75,8,0.1637,3.4292,4.0708,N,N,07/2016,Analyst
11-9199.10,1.A.1.b.1,Fluency of Ideas,IM,3.12,8,0.125,2.88,3.37,N,,07/2016,Analyst
11-9199.10,1.A.1.b.1,Fluency of Ideas,LV,3.38,8,0.183,3.0164,3.7336,N,N,07/2016,Analyst
11-9199.10,1.A.1.b.2,Originality,IM,2.88,8,0.125,2.63,3.12,N,,07/2016,Analyst
11-9199.10,1.A.1.b.2,Originality,LV,3.25,8,0.1637,2.9292,3.5708,N,N,07/2016,Analyst
11-9199.10,1.A.1.b.3,Problem Sensitivity,IM,3.88,8,0.125,3.63,4.12,N,,07/2016,Analyst
11-9199.10,1.A.1.b.3,Problem Sensitivity,LV,4.0,8,0.189,3.6296,4.3704,N,N,07/2016,Analyst
11-9199.10,1.A.1.b.4,Deductive Reasoning,IM,4.0,8,0.0,4.0,4.0,N,,07/2016,Analyst
11-9199.10,1.A.1.b.4,Deductive Reasoning,LV,4.38,8,0.183,4.0164,4.7336,N,N,07/2016,Analyst
11-9199.10,1.A.1.b.5,Inductive Reasoning,IM,4.0,8,0.0,4.0,4.0,N,,07/2016,Analyst
11-9199.10,1.A.1.b.5,Inductive Reasoning,LV,4.0,8,0.2673,3.4762,4.5238,N,N,07/2016,Analyst
11-9199.10,1.A.1.b.6,Information Ordering,IM,3.5,8,0.189,3.1296,3.8704,N,,07/2016,Analyst
11-9199.10,1.A.1.b.6,Information Ordering,LV,3.38,8,0.183,3.0164,3.7336,N,N,07/2016,Analyst
11-9199.10,1.A.1.b.7,Category Flexibility,IM,3.25,8,0.1637,2.9292,3.5708,N,,07/2016,Analyst
11-9199.10,1.A.1.b.7,Category Flexibility,LV,3.25,8,0.1637,2.9292,3.5708,N,N,07/2016,Analyst
11-9199.10,1.A.1.c.1,Mathematical Reasoning,IM,3.12,8,0.125,2.88,3.37,N,,07/2016,Analyst
11-9199.10,1.A.1.c.1,Mathematical Reasoning,LV,3.5,8,0.189,3.1296,3.8704,N,N,07/2016,Analyst
11-9199.10,1.A.1.c.2,Number Facility,IM,3.0,8,0.189,2.6296,3.3704,N,,07/2016,Analyst
11-9199.10,1.A.1.c.2,Number Facility,LV,3.12,8,0.2266,2.6809,3.5691,N,N,07/2016,Analyst
11-9199.10,1.A.1.d.1,Memorization,IM,2.62,8,0.183,2.2664,2.9836,N,,07/2016,Analyst
11-9199.10,1.A.1.d.1,Memorization,LV,2.62,8,0.183,2.2664,2.9836,N,N,07/2016,Analyst
11-9199.10,1.A.1.e.1,Speed of Closure,IM,2.62,8,0.183,2.2664,2.9836,N,,07/2016,Analyst
11-9199.10,1.A.1.e.1,Speed of Closure,LV,2.62,8,0.183,2.2664,2.9836,N,N,07/2016,Analyst
11-9199.10,1.A.1.e.2,Flexibility of Closure,IM,3.12,8,0.295,2.5467,3.7033,N,,07/2016,Analyst
11-9199.10,1.A.1.e.2,Flexibility of Closure,LV,3.0,8,0.2673,2.4762,3.5238,N,N,07/2016,Analyst
11-9199.10,1.A.1.e.3,Perceptual Speed,IM,2.5,8,0.2673,1.9762,3.0238,N,,07/2016,Analyst
11-9199.10,1.A.1.e.3,Perceptual Speed,LV,2.5,8,0.189,2.1296,2.8704,N,N,07/2016,Analyst
11-9199.10,1.A.1.f.1,Spatial Orientation,IM,1.25,8,0.1637,1.0,1.5708,N,,07/2016,Analyst
11-9199.10,1.A.1.f.1,Spatial Orientation,LV,0.5,8,0.3273,0.0,1.1416,N,Y,07/2016,Analyst
11-9199.10,1.A.1.f.2,Visualization,IM,2.88,8,0.2266,2.4309,3.3191,N,,07/2016,Analyst
11-9199.10,1.A.1.f.2,Visualization,LV,3.12,8,0.4407,2.2613,3.9887,N,N,07/2016,Analyst
11-9199.10,1.A.1.g.1,Selective Attention,IM,3.0,8,0.2673,2.4762,3.5238,N,,07/2016,Analyst
11-9199.10,1.A.1.g.1,Selective Attention,LV,2.62,8,0.183,2.2664,2.9836,N,N,07/2016,Analyst
11-9199.10,1.A.1.g.2,Time Sharing,IM,2.62,8,0.183,2.2664,2.9836,N,,07/2016,Analyst
11-9199.10,1.A.1.g.2,Time Sharing,LV,2.5,8,0.189,2.1296,2.8704,N,N,07/2016,Analyst
11-9199.10,1.A.2.a.1,Arm-Hand Steadiness,IM,1.38,8,0.2631,1.0,1.8906,N,,07/2016,Analyst
11-9199.10,1.A.2.a.1,Arm-Hand Steadiness,LV,0.5,8,0.3273,0.0,1.1416,N,Y,07/2016,Analyst
11-9199.10,1.A.2.a.2,Manual Dexterity,IM,1.38,8,0.2631,1.0,1.8906,N,,07/2016,Analyst
11-9199.10,1.A.2.a.2,Manual Dexterity,LV,0.5,8,0.3273,0.0,1.1416,N,Y,07/2016,Analyst
11-9199.10,1.A.2.a.3,Finger Dexterity,IM,1.62,8,0.3239,1.0,2.2598,N,,07/2016,Analyst
11-9199.10,1.A.2.a.3,Finger Dexterity,LV,0.88,8,0.4795,0.0,1.8148,N,N,07/2016,Analyst
11-9199.10,1.A.2.b.1,Control Precision,IM,1.5,8,0.3273,1.0,2.1416,N,,07/2016,Analyst
11-9199.10,1.A.2.b.1,Control Precision,LV,0.75,8,0.491,0.0,1.7123,N,Y,07/2016,Analyst
11-9199.10,1.A.2.b.2,Multilimb Coordination,IM,1.38,8,0.2631,1.0,1.8906,N,,07/2016,Analyst
11-9199.10,1.A.2.b.2,Multilimb Coordination,LV,0.5,8,0.378,0.0,1.2408,N,Y,07/2016,Analyst
11-9199.10,1.A.2.b.3,Response Orientation,IM,1.25,8,0.1637,1.0,1.5708,N,,07/2016,Analyst
11-9199.10,1.A.2.b.3,Response Orientation,LV,0.38,8,0.2631,0.0,0.8906,N,Y,07/2016,Analyst
11-9199.10,1.A.2.b.4,Rate Control,IM,1.12,8,0.125,1.0,1.37,N,,07/2016,Analyst
11-9199.10,1.A.2.b.4,Rate Control,LV,0.25,8,0.25,0.0,0.74,N,Y,07/2016,Analyst
11-9199.10,1.A.2.c.1,Reaction Time,IM,1.25,8,0.25,1.0,1.74,N,,07/2016,Analyst
11-9199.10,1.A.2.c.1,Reaction Time,LV,0.25,8,0.25,0.0,0.74,N,Y,07/2016,Analyst
11-9199.10,1.A.2.c.2,Wrist-Finger Speed,IM,2.0,8,0.0,2.0,2.0,N,,07/2016,Analyst
11-9199.10,1.A.2.c.2,Wrist-Finger Speed,LV,1.88,8,0.2266,1.4309,2.3191,N,N,07/2016,Analyst
11-9199.10,1.A.2.c.3,Speed of Limb Movement,IM,1.0,8,0.0,1.0,1.0,N,,07/2016,Analyst
11-9199.10,1.A.2.c.3,Speed of Limb Movement,LV,0.0,8,0.0,0.0,0.0,N,Y,07/2016,Analyst
11-9199.10,1.A.3.a.1,Static Strength,IM,1.25,8,0.25,1.0,1.74,N,,07/2016,Analyst
11-9199.10,1.A.3.a.1,Static Strength,LV,0.38,8,0.375,0.0,1.11,N,Y,07/2016,Analyst
11-9199.10,1.A.3.a.2,Explosive Strength,IM,1.12,8,0.125,1.0,1.37,N,,07/2016,Analyst
11-9199.10,1.A.3.a.2,Explosive Strength,LV,0.25,8,0.25,0.0,0.74,N,Y,07/2016,Analyst
11-9199.10,1.A.3.a.3,Dynamic Strength,IM,1.25,8,0.25,1.0,1.74,N,,07/2016,Analyst
11-9199.10,1.A.3.a.3,Dynamic Strength,LV,0.25,8,0.25,0.0,0.74,N,Y,07/2016,Analyst
11-9199.10,1.A.3.a.4,Trunk Strength,IM,2.0,8,0.189,1.6296,2.3704,N,,07/2016,Analyst
11-9199.10,1.A.3.a.4,Trunk Strength,LV,1.75,8,0.25,1.26,2.24,N,N,07/2016,Analyst
11-9199.10,1.A.3.b.1,Stamina,IM,1.12,8,0.125,1.0,1.37,N,,07/2016,Analyst
11-9199.10,1.A.3.b.1,Stamina,LV,0.25,8,0.25,0.0,0.74,N,Y,07/2016,Analyst
11-9199.10,1.A.3.c.1,Extent Flexibility,IM,1.25,8,0.25,1.0,1.74,N,,07/2016,Analyst
11-9199.10,1.A.3.c.1,Extent Flexibility,LV,0.38,8,0.375,0.0,1.11,N,Y,07/2016,Analyst
11-9199.10,1.A.3.c.2,Dynamic Flexibility,IM,1.0,8,0.0,1.0,1.0,N,,07/2016,Analyst
11-9199.10,1.A.3.c.2,Dynamic Flexibility,LV,0.0,8,0.0,0.0,0.0,N,Y,07/2016,Analyst
11-9199.10,1.A.3.c.3,Gross Body Coordination,IM,1.12,8,0.125,1.0,1.37,N,,07/2016,Analyst
11-9199.10,1.A.3.c.3,Gross Body Coordination,LV,0.25,8,0.25,0.0,0.74,N,Y,07/2016,Analyst
11-9199.10,1.A.3.c.4,Gross Body Equilibrium,IM,1.25,8,0.25,1.0,1.74,N,,07/2016,Analyst
11-9199.10,1.A.3.c.4,Gross Body Equilibrium,LV,0.25,8,0.25,0.0,0.74,N,Y,07/2016,Analyst
11-9199.10,1.A.4.a.1,Near Vision,IM,3.75,8,0.1637,3.4292,4.0708,N,,07/2016,Analyst
11-9199.10,1.A.4.a.1,Near Vision,LV,4.0,8,0.2673,3.4762,4.5238,N,N,07/2016,Analyst
11-9199.10,1.A.4.a.2,Far Vision,IM,2.88,8,0.295,2.2967,3.4533,N,,07/2016,Analyst
11-9199.10,1.A.4.a.2,Far Vision,LV,3.0,8,0.2673,2.4762,3.5238,N,N,07/2016,Analyst
11-9199.10,1.A.4.a.3,Visual Color Discrimination,IM,2.25,8,0.1637,1.9292,2.5708,N,,07/2016,Analyst
11-9199.10,1.A.4.a.3,Visual Color Discrimination,LV,2.12,8,0.125,1.88,2.37,N,N,07/2016,Analyst
11-9199.10,1.A.4.a.4,Night Vision,IM,1.0,8,0.0,1.0,1.0,N,,07/2016,Analyst
11-9199.10,1.A.4.a.4,Night Vision,LV,0.0,8,0.0,0.0,0.0,N,Y,07/2016,Analyst
11-9199.10,1.A.4.a.5,Peripheral Vision,IM,1.12,8,0.125,1.0,1.37,N,,07/2016,Analyst
11-9199.10,1.A.4.a.5,Peripheral Vision,LV,0.25,8,0.25,0.0,0.74,N,Y,07/2016,Analyst
11-9199.10,1.A.4.a.6,Depth Perception,IM,2.0,8,0.189,1.6296,2.3704,N,,07/2016,Analyst
11-9199.10,1.A.4.a.6,Depth Perception,LV,1.62,8,0.2631,1.1094,2.1406,N,N,07/2016,Analyst
11-9199.10,1.A.4.a.7,Glare Sensitivity,IM,1.0,8,0.0,1.0,1.0,N,,07/2016,Analyst
11-9199.10,1.A.4.a.7,Glare Sensitivity,LV,0.0,8,0.0,0.0,0.0,N,Y,07/2016,Analyst
11-9199.10,1.A.4.b.1,Hearing Sensitivity,IM,2.12,8,0.2266,1.6809,2.5691,N,,07/2016,Analyst
11-9199.10,1.A.4.b.1,Hearing Sensitivity,LV,1.88,8,0.3504,1.1883,2.5617,N,N,07/2016,Analyst
11-9199.10,1.A.4.b.2,Auditory Attention,IM,2.38,8,0.183,2.0164,2.7336,N,,07/2016,Analyst
11-9199.10,1.A.4.b.2,Auditory Attention,LV,2.0,8,0.2673,1.4762,2.5238,N,N,07/2016,Analyst
11-9199.10,1.A.4.b.3,Sound Localization,IM,1.12,8,0.125,1.0,1.37,N,,07/2016,Analyst
11-9199.10,1.A.4.b.3,Sound Localization,LV,0.25,8,0.25,0.0,0.74,N,Y,07/2016,Analyst
11-9199.10,1.A.4.b.4,Speech Recognition,IM,3.88,8,0.125,3.63,4.12,N,,07/2016,Analyst
11-9199.10,1.A.4.b.4,Speech Recognition,LV,3.75,8,0.1637,3.4292,4.0708,N,N,07/2016,Analyst
11-9199.10,1.A.4.b.5,Speech Clarity,IM,3.88,8,0.125,3.63,4.12,N,,07/2016,Analyst
11-9199.10,1.A.4.b.5,Speech Clarity,LV,3.62,8,0.2631,3.1094,4.1406,N,N,07/2016,Analyst
11-9199.11,1.A.1.a.1,Oral Comprehension,IM,4.0,8,0.0,4.0,4.0,N,,08/2021,Analyst
11-9199.11,1.A.1.a.1,Oral Comprehension,LV,4.38,8,0.183,4.0164,4.7336,N,N,08/2021,Analyst
11-9199.11,1.A.1.a.2,Written Comprehension,IM,4.0,8,0.0,4.0,4.0,N,,08/2021,Analyst
11-9199.11,1.A.1.a.2,Written Comprehension,LV,4.75,8,0.1637,4.4292,5.0708,N,N,08/2021,Analyst
11-9199.11,1.A.1.a.3,Oral Expression,IM,4.0,8,0.0,4.0,4.0,N,,08/2021,Analyst
11-9199.11,1.A.1.a.3,Oral Expression,LV,4.38,8,0.183,4.0164,4.7336,N,N,08/2021,Analyst
11-9199.11,1.A.1.a.4,Written Expression,IM,4.0,8,0.0,4.0,4.0,N,,08/2021,Analyst
11-9199.11,1.A.1.a.4,Written Expression,LV,4.25,8,0.1637,3.9292,4.5708,N,N,08/2021,Analyst
11-9199.11,1.A.1.b.1,Fluency of Ideas,IM,3.38,8,0.183,3.0164,3.7336,N,,08/2021,Analyst
11-9199.11,1.A.1.b.1,Fluency of Ideas,LV,4.0,8,0.189,3.6296,4.3704,N,N,08/2021,Analyst
11-9199.11,1.A.1.b.2,Originality,IM,3.12,8,0.125,2.88,3.37,N,,08/2021,Analyst
11-9199.11,1.A.1.b.2,Originality,LV,3.62,8,0.183,3.2664,3.9836,N,N,08/2021,Analyst
11-9199.11,1.A.1.b.3,Problem Sensitivity,IM,4.12,8,0.125,3.88,4.37,N,,08/2021,Analyst
11-9199.11,1.A.1.b.3,Problem Sensitivity,LV,4.88,8,0.125,4.63,5.12,N,N,08/2021,Analyst
11-9199.11,1.A.1.b.4,Deductive Reasoning,IM,4.0,8,0.0,4.0,4.0,N,,08/2021,Analyst
11-9199.11,1.A.1.b.4,Deductive Reasoning,LV,4.62,8,0.183,4.2664,4.9836,N,N,08/2021,Analyst
11-9199.11,1.A.1.b.5,Inductive Reasoning,IM,4.0,8,0.0,4.0,4.0,N,,08/2021,Analyst
11-9199.11,1.A.1.b.5,Inductive Reasoning,LV,4.12,8,0.125,3.88,4.37,N,N,08/2021,Analyst
11-9199.11,1.A.1.b.6,Information Ordering,IM,3.88,8,0.125,3.63,4.12,N,,08/2021,Analyst
11-9199.11,1.A.1.b.6,Information Ordering,LV,4.0,8,0.0,4.0,4.0,N,N,08/2021,Analyst
11-9199.11,1.A.1.b.7,Category Flexibility,IM,3.62,8,0.183,3.2664,3.9836,N,,08/2021,Analyst
11-9199.11,1.A.1.b.7,Category Flexibility,LV,4.0,8,0.0,4.0,4.0,N,N,08/2021,Analyst
11-9199.11,1.A.1.c.1,Mathematical Reasoning,IM,3.75,8,0.1637,3.4292,4.0708,N,,08/2021,Analyst
11-9199.11,1.A.1.c.1,Mathematical Reasoning,LV,3.88,8,0.125,3.63,4.12,N,N,08/2021,Analyst
11-9199.11,1.A.1.c.2,Number Facility,IM,3.12,8,0.125,2.88,3.37,N,,08/2021,Analyst
11-9199.11,1.A.1.c.2,Number Facility,LV,3.62,8,0.183,3.2664,3.9836,N,N,08/2021,Analyst
11-9199.11,1.A.1.d.1,Memorization,IM,2.38,8,0.183,2.0164,2.7336,N,,08/2021,Analyst
11-9199.11,1.A.1.d.1,Memorization,LV,2.5,8,0.189,2.1296,2.8704,N,N,08/2021,Analyst
11-9199.11,1.A.1.e.1,Speed of Closure,IM,2.25,8,0.1637,1.9292,2.5708,N,,08/2021,Analyst
11-9199.11,1.A.1.e.1,Speed of Closure,LV,2.75,8,0.25,2.26,3.24,N,N,08/2021,Analyst
11-9199.11,1.A.1.e.2,Flexibility of Closure,IM,3.0,8,0.189,2.6296,3.3704,N,,08/2021,Analyst
11-9199.11,1.A.1.e.2,Flexibility of Closure,LV,3.25,8,0.1637,2.9292,3.5708,N,N,08/2021,Analyst
11-9199.11,1.A.1.e.3,Perceptual Speed,IM,2.75,8,0.1637,2.4292,3.0708,N,,08/2021,Analyst
11-9199.11,1.A.1.e.3,Perceptual Speed,LV,3.0,8,0.0,3.0,3.0,N,N,08/2021,Analyst
11-9199.11,1.A.1.f.1,Spatial Orientation,IM,1.62,8,0.183,1.2664,1.9836,N,,08/2021,Analyst
11-9199.11,1.A.1.f.1,Spatial Orientation,LV,0.75,8,0.25,0.26,1.24,N,N,08/2021,Analyst
11-9199.11,1.A.1.f.2,Visualization,IM,3.12,8,0.125,2.88,3.37,N,,08/2021,Analyst
11-9199.11,1.A.1.f.2,Visualization,LV,3.38,8,0.183,3.0164,3.7336,N,N,08/2021,Analyst
11-9199.11,1.A.1.g.1,Selective Attention,IM,2.75,8,0.25,2.26,3.24,N,,08/2021,Analyst
11-9199.11,1.A.1.g.1,Selective Attention,LV,2.62,8,0.375,1.89,3.36,N,N,08/2021,Analyst
11-9199.11,1.A.1.g.2,Time Sharing,IM,2.12,8,0.125,1.88,2.37,N,,08/2021,Analyst
11-9199.11,1.A.1.g.2,Time Sharing,LV,2.25,8,0.1637,1.9292,2.5708,N,N,08/2021,Analyst
11-9199.11,1.A.2.a.1,Arm-Hand Steadiness,IM,1.0,8,0.0,1.0,1.0,N,,08/2021,Analyst
11-9199.11,1.A.2.a.1,Arm-Hand Steadiness,LV,0.0,8,0.0,0.0,0.0,N,Y,08/2021,Analyst
11-9199.11,1.A.2.a.2,Manual Dexterity,IM,1.12,8,0.125,1.0,1.37,N,,08/2021,Analyst
11-9199.11,1.A.2.a.2,Manual Dexterity,LV,0.12,8,0.125,0.0,0.37,N,Y,08/2021,Analyst
11-9199.11,1.A.2.a.3,Finger Dexterity,IM,1.88,8,0.125,1.63,2.12,N,,08/2021,Analyst
11-9199.11,1.A.2.a.3,Finger Dexterity,LV,1.75,8,0.25,1.26,2.24,N,N,08/2021,Analyst
11-9199.11,1.A.2.b.1,Control Precision,IM,1.5,8,0.189,1.1296,1.8704,N,,08/2021,Analyst
11-9199.11,1.A.2.b.1,Control Precision,LV,0.5,8,0.189,0.1296,0.8704,N,N,08/2021,Analyst
11-9199.11,1.A.2.b.2,Multilimb Coordination,IM,1.38,8,0.183,1.0164,1.7336,N,,08/2021,Analyst
11-9199.11,1.A.2.b.2,Multilimb Coordination,LV,0.38,8,0.183,0.0164,0.7336,N,N,08/2021,Analyst
11-9199.11,1.A.2.b.3,Response Orientation,IM,1.12,8,0.125,1.0,1.37,N,,08/2021,Analyst
11-9199.11,1.A.2.b.3,Response Orientation,LV,0.12,8,0.125,0.0,0.37,N,Y,08/2021,Analyst
11-9199.11,1.A.2.b.4,Rate Control,IM,1.0,8,0.0,1.0,1.0,N,,08/2021,Analyst
11-9199.11,1.A.2.b.4,Rate Control,LV,0.0,8,0.0,0.0,0.0,N,Y,08/2021,Analyst
11-9199.11,1.A.2.c.1,Reaction Time,IM,1.0,8,0.0,1.0,1.0,N,,08/2021,Analyst
11-9199.11,1.A.2.c.1,Reaction Time,LV,0.0,8,0.0,0.0,0.0,N,Y,08/2021,Analyst
11-9199.11,1.A.2.c.2,Wrist-Finger Speed,IM,1.5,8,0.189,1.1296,1.8704,N,,08/2021,Analyst
11-9199.11,1.A.2.c.2,Wrist-Finger Speed,LV,0.75,8,0.3134,0.1358,1.3642,N,N,08/2021,Analyst
11-9199.11,1.A.2.c.3,Speed of Limb Movement,IM,1.0,8,0.0,1.0,1.0,N,,08/2021,Analyst
11-9199.11,1.A.2.c.3,Speed of Limb Movement,LV,0.0,8,0.0,0.0,0.0,N,Y,08/2021,Analyst
11-9199.11,1.A.3.a.1,Static Strength,IM,1.0,8,0.0,1.0,1.0,N,,08/2021,Analyst
11-9199.11,1.A.3.a.1,Static Strength,LV,0.0,8,0.0,0.0,0.0,N,Y,08/2021,Analyst
11-9199.11,1.A.3.a.2,Explosive Strength,IM,1.0,8,0.0,1.0,1.0,N,,08/2021,Analyst
11-9199.11,1.A.3.a.2,Explosive Strength,LV,0.0,8,0.0,0.0,0.0,N,Y,08/2021,Analyst
11-9199.11,1.A.3.a.3,Dynamic Strength,IM,1.0,8,0.0,1.0,1.0,N,,08/2021,Analyst
11-9199.11,1.A.3.a.3,Dynamic Strength,LV,0.0,8,0.0,0.0,0.0,N,Y,08/2021,Analyst
11-9199.11,1.A.3.a.4,Trunk Strength,IM,1.62,8,0.183,1.2664,1.9836,N,,08/2021,Analyst
11-9199.11,1.A.3.a.4,Trunk Strength,LV,1.0,8,0.3273,0.3584,1.6416,N,N,08/2021,Analyst
11-9199.11,1.A.3.b.1,Stamina,IM,1.0,8,0.0,1.0,1.0,N,,08/2021,Analyst
11-9199.11,1.A.3.b.1,Stamina,LV,0.0,8,0.0,0.0,0.0,N,Y,08/2021,Analyst
11-9199.11,1.A.3.c.1,Extent Flexibility,IM,1.0,8,0.0,1.0,1.0,N,,08/2021,Analyst
11-9199.11,1.A.3.c.1,Extent Flexibility,LV,0.0,8,0.0,0.0,0.0,N,Y,08/2021,Analyst
11-9199.11,1.A.3.c.2,Dynamic Flexibility,IM,1.0,8,0.0,1.0,1.0,N,,08/2021,Analyst
11-9199.11,1.A.3.c.2,Dynamic Flexibility,LV,0.0,8,0.0,0.0,0.0,N,Y,08/2021,Analyst
11-9199.11,1.A.3.c.3,Gross Body Coordination,IM,1.0,8,0.0,1.0,1.0,N,,08/2021,Analyst
11-9199.11,1.A.3.c.3,Gross Body Coordination,LV,0.0,8,0.0,0.0,0.0,N,Y,08/2021,Analyst
11-9199.11,1.A.3.c.4,Gross Body Equilibrium,IM,1.0,8,0.0,1.0,1.0,N,,08/2021,Analyst
11-9199.11,1.A.3.c.4,Gross Body Equilibrium,LV,0.0,8,0.0,0.0,0.0,N,Y,08/2021,Analyst
11-9199.11,1.A.4.a.1,Near Vision,IM,3.5,8,0.189,3.1296,3.8704,N,,08/2021,Analyst
11-9199.11,1.A.4.a.1,Near Vision,LV,3.75,8,0.1637,3.4292,4.0708,N,N,08/2021,Analyst
11-9199.11,1.A.4.a.2,Far Vision,IM,3.12,8,0.125,2.88,3.37,N,,08/2021,Analyst
11-9199.11,1.A.4.a.2,Far Vision,LV,3.38,8,0.183,3.0164,3.7336,N,N,08/2021,Analyst
11-9199.11,1.A.4.a.3,Visual Color Discrimination,IM,2.38,8,0.183,2.0164,2.7336,N,,08/2021,Analyst
11-9199.11,1.A.4.a.3,Visual Color Discrimination,LV,2.38,8,0.183,2.0164,2.7336,N,N,08/2021,Analyst
11-9199.11,1.A.4.a.4,Night Vision,IM,1.0,8,0.0,1.0,1.0,N,,08/2021,Analyst
11-9199.11,1.A.4.a.4,Night Vision,LV,0.0,8,0.0,0.0,0.0,N,Y,08/2021,Analyst
11-9199.11,1.A.4.a.5,Peripheral Vision,IM,1.12,8,0.125,1.0,1.37,N,,08/2021,Analyst
11-9199.11,1.A.4.a.5,Peripheral Vision,LV,0.12,8,0.125,0.0,0.37,N,Y,08/2021,Analyst
11-9199.11,1.A.4.a.6,Depth Perception,IM,2.0,8,0.0,2.0,2.0,N,,08/2021,Analyst
11-9199.11,1.A.4.a.6,Depth Perception,LV,2.0,8,0.0,2.0,2.0,N,N,08/2021,Analyst
11-9199.11,1.A.4.a.7,Glare Sensitivity,IM,1.0,8,0.0,1.0,1.0,N,,08/2021,Analyst
11-9199.11,1.A.4.a.7,Glare Sensitivity,LV,0.0,8,0.0,0.0,0.0,N,Y,08/2021,Analyst
11-9199.11,1.A.4.b.1,Hearing Sensitivity,IM,1.88,8,0.125,1.63,2.12,N,,08/2021,Analyst
11-9199.11,1.A.4.b.1,Hearing Sensitivity,LV,1.75,8,0.25,1.26,2.24,N,N,08/2021,Analyst
11-9199.11,1.A.4.b.2,Auditory Attention,IM,1.88,8,0.125,1.63,2.12,N,,08/2021,Analyst
11-9199.11,1.A.4.b.2,Auditory Attention,LV,1.75,8,0.25,1.26,2.24,N,N,08/2021,Analyst
11-9199.11,1.A.4.b.3,Sound Localization,IM,1.0,8,0.0,1.0,1.0,N,,08/2021,Analyst
11-9199.11,1.A.4.b.3,Sound Localization,LV,0.0,8,0.0,0.0,0.0,N,Y,08/2021,Analyst
11-9199.11,1.A.4.b.4,Speech Recognition,IM,3.75,8,0.1637,3.4292,4.0708,N,,08/2021,Analyst
11-9199.11,1.A.4.b.4,Speech Recognition,LV,3.5,8,0.189,3.1296,3.8704,N,N,08/2021,Analyst
11-9199.11,1.A.4.b.5,Speech Clarity,IM,3.75,8,0.1637,3.4292,4.0708,N,,08/2021,Analyst
11-9199.11,1.A.4.b.5,Speech Clarity,LV,3.75,8,0.1637,3.4292,4.0708,N,N,08/2021,Analyst
13-1011.00,1.A.1.a.1,Oral Comprehension,IM,4.0,8,0.0,4.0,4.0,N,,08/2020,Analyst
13-1011.00,1.A.1.a.1,Oral Comprehension,LV,4.12,8,0.125,3.88,4.37,N,N,08/2020,Analyst
13-1011.00,1.A.1.a.2,Written Comprehension,IM,4.0,8,0.0,4.0,4.0,N,,08/2020,Analyst
13-1011.00,1.A.1.a.2,Written Comprehension,LV,4.0,8,0.0,4.0,4.0,N,N,08/2020,Analyst
13-1011.00,1.A.1.a.3,Oral Expression,IM,4.12,8,0.125,3.88,4.37,N,,08/2020,Analyst
13-1011.00,1.A.1.a.3,Oral Expression,LV,4.25,8,0.1637,3.9292,4.5708,N,N,08/2020,Analyst
13-1011.00,1.A.1.a.4,Written Expression,IM,3.62,8,0.183,3.2664,3.9836,N,,08/2020,Analyst
13-1011.00,1.A.1.a.4,Written Expression,LV,4.0,8,0.0,4.0,4.0,N,N,08/2020,Analyst
13-1011.00,1.A.1.b.1,Fluency of Ideas,IM,3.25,8,0.1637,2.9292,3.5708,N,,08/2020,Analyst
13-1011.00,1.A.1.b.1,Fluency of Ideas,LV,3.38,8,0.183,3.0164,3.7336,N,N,08/2020,Analyst
13-1011.00,1.A.1.b.2,Originality,IM,3.12,8,0.125,2.88,3.37,N,,08/2020,Analyst
13-1011.00,1.A.1.b.2,Originality,LV,3.38,8,0.183,3.0164,3.7336,N,N,08/2020,Analyst
13-1011.00,1.A.1.b.3,Problem Sensitivity,IM,3.88,8,0.125,3.63,4.12,N,,08/2020,Analyst
13-1011.00,1.A.1.b.3,Problem Sensitivity,LV,3.75,8,0.25,3.26,4.24,N,N,08/2020,Analyst
13-1011.00,1.A.1.b.4,Deductive Reasoning,IM,3.75,8,0.1637,3.4292,4.0708,N,,08/2020,Analyst
13-1011.00,1.A.1.b.4,Deductive Reasoning,LV,3.88,8,0.125,3.63,4.12,N,N,08/2020,Analyst
13-1011.00,1.A.1.b.5,Inductive Reasoning,IM,3.62,8,0.183,3.2664,3.9836,N,,08/2020,Analyst
13-1011.00,1.A.1.b.5,Inductive Reasoning,LV,3.75,8,0.1637,3.4292,4.0708,N,N,08/2020,Analyst
13-1011.00,1.A.1.b.6,Information Ordering,IM,3.25,8,0.1637,2.9292,3.5708,N,,08/2020,Analyst
13-1011.00,1.A.1.b.6,Information Ordering,LV,3.0,8,0.0,3.0,3.0,N,N,08/2020,Analyst
13-1011.00,1.A.1.b.7,Category Flexibility,IM,3.0,8,0.0,3.0,3.0,N,,08/2020,Analyst
13-1011.00,1.A.1.b.7,Category Flexibility,LV,3.0,8,0.0,3.0,3.0,N,N,08/2020,Analyst
13-1011.00,1.A.1.c.1,Mathematical Reasoning,IM,2.62,8,0.2631,2.1094,3.1406,N,,08/2020,Analyst
13-1011.00,1.A.1.c.1,Mathematical Reasoning,LV,2.5,8,0.378,1.7592,3.2408,N,N,08/2020,Analyst
13-1011.00,1.A.1.c.2,Number Facility,IM,2.38,8,0.2631,1.8594,2.8906,N,,08/2020,Analyst
13-1011.00,1.A.1.c.2,Number Facility,LV,2.25,8,0.366,1.5327,2.9673,N,N,08/2020,Analyst
13-1011.00,1.A.1.d.1,Memorization,IM,2.0,8,0.0,2.0,2.0,N,,08/2020,Analyst
13-1011.00,1.A.1.d.1,Memorization,LV,2.0,8,0.0,2.0,2.0,N,N,08/2020,Analyst
13-1011.00,1.A.1.e.1,Speed of Closure,IM,2.12,8,0.125,1.88,2.37,N,,08/2020,Analyst
13-1011.00,1.A.1.e.1,Speed of Closure,LV,2.0,8,0.0,2.0,2.0,N,N,08/2020,Analyst
13-1011.00,1.A.1.e.2,Flexibility of Closure,IM,2.12,8,0.125,1.88,2.37,N,,08/2020,Analyst
13-1011.00,1.A.1.e.2,Flexibility of Closure,LV,2.12,8,0.125,1.88,2.37,N,N,08/2020,Analyst
13-1011.00,1.A.1.e.3,Perceptual Speed,IM,1.88,8,0.125,1.63,2.12,N,,08/2020,Analyst
13-1011.00,1.A.1.e.3,Perceptual Speed,LV,1.38,8,0.2631,0.8594,1.8906,N,N,08/2020,Analyst
13-1011.00,1.A.1.f.1,Spatial Orientation,IM,1.0,8,0.0,1.0,1.0,N,,08/2020,Analyst
13-1011.00,1.A.1.f.1,Spatial Orientation,LV,0.0,8,0.0,0.0,0.0,N,Y,08/2020,Analyst
13-1011.00,1.A.1.f.2,Visualization,IM,2.0,8,0.189,1.6296,2.3704,N,,08/2020,Analyst
13-1011.00,1.A.1.f.2,Visualization,LV,1.88,8,0.295,1.2967,2.4533,N,N,08/2020,Analyst
13-1011.00,1.A.1.g.1,Selective Attention,IM,2.88,8,0.125,2.63,3.12,N,,08/2020,Analyst
13-1011.00,1.A.1.g.1,Selective Attention,LV,2.75,8,0.1637,2.4292,3.0708,N,N,08/2020,Analyst
13-1011.00,1.A.1.g.2,Time Sharing,IM,2.5,8,0.189,2.1296,2.8704,N,,08/2020,Analyst
13-1011.00,1.A.1.g.2,Time Sharing,LV,2.38,8,0.183,2.0164,2.7336,N,N,08/2020,Analyst
13-1011.00,1.A.2.a.1,Arm-Hand Steadiness,IM,1.25,8,0.1637,1.0,1.5708,N,,08/2020,Analyst
13-1011.00,1.A.2.a.1,Arm-Hand Steadiness,LV,0.25,8,0.1637,0.0,0.5708,N,Y,08/2020,Analyst
13-1011.00,1.A.2.a.2,Manual Dexterity,IM,1.25,8,0.1637,1.0,1.5708,N,,08/2020,Analyst
13-1011.00,1.A.2.a.2,Manual Dexterity,LV,0.25,8,0.1637,0.0,0.5708,N,Y,08/2020,Analyst
13-1011.00,1.A.2.a.3,Finger Dexterity,IM,1.62,8,0.183,1.2664,1.9836,N,,08/2020,Analyst
13-1011.00,1.A.2.a.3,Finger Dexterity,LV,1.0,8,0.3273,0.3584,1.6416,N,N,08/2020,Analyst
13-1011.00,1.A.2.b.1,Control Precision,IM,1.25,8,0.1637,1.0,1.5708,N,,08/2020,Analyst
13-1011.00,1.A.2.b.1,Control Precision,LV,0.25,8,0.1637,0.0,0.5708,N,Y,08/2020,Analyst
13-1011.00,1.A.2.b.2,Multilimb Coordination,IM,1.25,8,0.1637,1.0,1.5708,N,,08/2020,Analyst
13-1011.00,1.A.2.b.2,Multilimb Coordination,LV,0.25,8,0.1637,0.0,0.5708,N,Y,08/2020,Analyst
13-1011.00,1.A.2.b.3,Response Orientation,IM,1.0,8,0.0,1.0,1.0,N,,08/2020,Analyst
13-1011.00,1.A.2.b.3,Response Orientation,LV,0.0,8,0.0,0.0,0.0,N,Y,08/2020,Analyst
13-1011.00,1.A.2.b.4,Rate Control,IM,1.0,8,0.0,1.0,1.0,N,,08/2020,Analyst
13-1011.00,1.A.2.b.4,Rate Control,LV,0.0,8,0.0,0.0,0.0,N,Y,08/2020,Analyst
13-1011.00,1.A.2.c.1,Reaction Time,IM,1.0,8,0.0,1.0,1.0,N,,08/2020,Analyst
13-1011.00,1.A.2.c.1,Reaction Time,LV,0.0,8,0.0,0.0,0.0,N,Y,08/2020,Analyst
13-1011.00,1.A.2.c.2,Wrist-Finger Speed,IM,1.25,8,0.1637,1.0,1.5708,N,,08/2020,Analyst
13-1011.00,1.A.2.c.2,Wrist-Finger Speed,LV,0.38,8,0.2631,0.0,0.8906,N,Y,08/2020,Analyst
13-1011.00,1.A.2.c.3,Speed of Limb Movement,IM,1.0,8,0.0,1.0,1.0,N,,08/2020,Analyst
13-1011.00,1.A.2.c.3,Speed of Limb Movement,LV,0.0,8,0.0,0.0,0.0,N,Y,08/2020,Analyst
13-1011.00,1.A.3.a.1,Static Strength,IM,1.0,8,0.0,1.0,1.0,N,,08/2020,Analyst
13-1011.00,1.A.3.a.1,Static Strength,LV,0.0,8,0.0,0.0,0.0,N,Y,08/2020,Analyst
13-1011.00,1.A.3.a.2,Explosive Strength,IM,1.0,8,0.0,1.0,1.0,N,,08/2020,Analyst
13-1011.00,1.A.3.a.2,Explosive Strength,LV,0.0,8,0.0,0.0,0.0,N,Y,08/2020,Analyst
13-1011.00,1.A.3.a.3,Dynamic Strength,IM,1.0,8,0.0,1.0,1.0,N,,08/2020,Analyst
13-1011.00,1.A.3.a.3,Dynamic Strength,LV,0.0,8,0.0,0.0,0.0,N,Y,08/2020,Analyst
13-1011.00,1.A.3.a.4,Trunk Strength,IM,1.62,8,0.183,1.2664,1.9836,N,,08/2020,Analyst
13-1011.00,1.A.3.a.4,Trunk Strength,LV,1.12,8,0.3504,0.4383,1.8117,N,N,08/2020,Analyst
13-1011.00,1.A.3.b.1,Stamina,IM,1.0,8,0.0,1.0,1.0,N,,08/2020,Analyst
13-1011.00,1.A.3.b.1,Stamina,LV,0.0,8,0.0,0.0,0.0,N,Y,08/2020,Analyst
13-1011.00,1.A.3.c.1,Extent Flexibility,IM,1.0,8,0.0,1.0,1.0,N,,08/2020,Analyst
13-1011.00,1.A.3.c.1,Extent Flexibility,LV,0.0,8,0.0,0.0,0.0,N,Y,08/2020,Analyst
13-1011.00,1.A.3.c.2,Dynamic Flexibility,IM,1.0,8,0.0,1.0,1.0,N,,08/2020,Analyst
13-1011.00,1.A.3.c.2,Dynamic Flexibility,LV,0.0,8,0.0,0.0,0.0,N,Y,08/2020,Analyst
13-1011.00,1.A.3.c.3,Gross Body Coordination,IM,1.0,8,0.0,1.0,1.0,N,,08/2020,Analyst
13-1011.00,1.A.3.c.3,Gross Body Coordination,LV,0.0,8,0.0,0.0,0.0,N,Y,08/2020,Analyst
13-1011.00,1.A.3.c.4,Gross Body Equilibrium,IM,1.0,8,0.0,1.0,1.0,N,,08/2020,Analyst
13-1011.00,1.A.3.c.4,Gross Body Equilibrium,LV,0.0,8,0.0,0.0,0.0,N,Y,08/2020,Analyst
13-1011.00,1.A.4.a.1,Near Vision,IM,3.5,8,0.189,3.1296,3.8704,N,,08/2020,Analyst
13-1011.00,1.A.4.a.1,Near Vision,LV,3.75,8,0.1637,3.4292,4.0708,N,N,08/2020,Analyst
13-1011.00,1.A.4.a.2,Far Vision,IM,2.88,8,0.125,2.63,3.12,N,,08/2020,Analyst
13-1011.00,1.A.4.a.2,Far Vision,LV,2.75,8,0.1637,2.4292,3.0708,N,N,08/2020,Analyst
13-1011.00,1.A.4.a.3,Visual Color Discrimination,IM,1.88,8,0.125,1.63,2.12,N,,08/2020,Analyst
13-1011.00,1.A.4.a.3,Visual Color Discrimination,LV,1.5,8,0.2673,0.9762,2.0238,N,N,08/2020,Analyst
13-1011.00,1.A.4.a.4,Night Vision,IM,1.0,8,0.0,1.0,1.0,N,,08/2020,Analyst
13-1011.00,1.A.4.a.4,Night Vision,LV,0.0,8,0.0,0.0,0.0,N,Y,08/2020,Analyst
13-1011.00,1.A.4.a.5,Peripheral Vision,IM,1.0,8,0.0,1.0,1.0,N,,08/2020,Analyst
13-1011.00,1.A.4.a.5,Peripheral Vision,LV,0.0,8,0.0,0.0,0.0,N,Y,08/2020,Analyst
13-1011.00,1.A.4.a.6,Depth Perception,IM,1.25,8,0.1637,1.0,1.5708,N,,08/2020,Analyst
13-1011.00,1.A.4.a.6,Depth Perception,LV,0.25,8,0.1637,0.0,0.5708,N,Y,08/2020,Analyst
13-1011.00,1.A.4.a.7,Glare Sensitivity,IM,1.0,8,0.0,1.0,1.0,N,,08/2020,Analyst
13-1011.00,1.A.4.a.7,Glare Sensitivity,LV,0.0,8,0.0,0.0,0.0,N,Y,08/2020,Analyst
13-1011.00,1.A.4.b.1,Hearing Sensitivity,IM,1.62,8,0.183,1.2664,1.9836,N,,08/2020,Analyst
13-1011.00,1.A.4.b.1,Hearing Sensitivity,LV,1.12,8,0.3504,0.4383,1.8117,N,N,08/2020,Analyst
13-1011.00,1.A.4.b.2,Auditory Attention,IM,1.75,8,0.1637,1.4292,2.0708,N,,08/2020,Analyst
13-1011.00,1.A.4.b.2,Auditory Attention,LV,1.5,8,0.3273,0.8584,2.1416,N,N,08/2020,Analyst
13-1011.00,1.A.4.b.3,Sound Localization,IM,1.0,8,0.0,1.0,1.0,N,,08/2020,Analyst
13-1011.00,1.A.4.b.3,Sound Localization,LV,0.0,8,0.0,0.0,0.0,N,Y,08/2020,Analyst
13-1011.00,1.A.4.b.4,Speech Recognition,IM,3.88,8,0.125,3.63,4.12,N,,08/2020,Analyst
13-1011.00,1.A.4.b.4,Speech Recognition,LV,3.75,8,0.1637,3.4292,4.0708,N,N,08/2020,Analyst
13-1011.00,1.A.4.b.5,Speech Clarity,IM,3.88,8,0.125,3.63,4.12,N,,08/2020,Analyst
13-1011.00,1.A.4.b.5,Speech Clarity,LV,3.62,8,0.183,3.2664,3.9836,N,N,08/2020,Analyst
13-1021.00,1.A.1.a.1,Oral Comprehension,IM,3.62,8,0.183,3.2664,3.9836,N,,07/2013,Analyst
13-1021.00,1.A.1.a.1,Oral Comprehension,LV,4.0,8,0.0,4.0,4.0,N,N,07/2013,Analyst
13-1021.00,1.A.1.a.2,Written Comprehension,IM,3.62,8,0.183,3.2664,3.9836,N,,07/2013,Analyst
13-1021.00,1.A.1.a.2,Written Comprehension,LV,3.88,8,0.125,3.63,4.12,N,N,07/2013,Analyst
13-1021.00,1.A.1.a.3,Oral Expression,IM,4.0,8,0.0,4.0,4.0,N,,07/2013,Analyst
13-1021.00,1.A.1.a.3,Oral Expression,LV,4.0,8,0.0,4.0,4.0,N,N,07/2013,Analyst
13-1021.00,1.A.1.a.4,Written Expression,IM,3.25,8,0.1637,2.9292,3.5708,N,,07/2013,Analyst
13-1021.00,1.A.1.a.4,Written Expression,LV,3.25,8,0.1637,2.9292,3.5708,N,N,07/2013,Analyst
13-1021.00,1.A.1.b.1,Fluency of Ideas,IM,3.0,8,0.0,3.0,3.0,N,,07/2013,Analyst
13-1021.00,1.A.1.b.1,Fluency of Ideas,LV,3.0,8,0.0,3.0,3.0,N,N,07/2013,Analyst
13-1021.00,1.A.1.b.2,Originality,IM,3.0,8,0.0,3.0,3.0,N,,07/2013,Analyst
13-1021.00,1.A.1.b.2,Originality,LV,3.0,8,0.0,3.0,3.0,N,N,07/2013,Analyst
13-1021.00,1.A.1.b.3,Problem Sensitivity,IM,3.38,8,0.183,3.0164,3.7336,N,,07/2013,Analyst
13-1021.00,1.A.1.b.3,Problem Sensitivity,LV,3.12,8,0.125,2.88,3.37,N,N,07/2013,Analyst
13-1021.00,1.A.1.b.4,Deductive Reasoning,IM,3.62,8,0.183,3.2664,3.9836,N,,07/2013,Analyst
13-1021.00,1.A.1.b.4,Deductive Reasoning,LV,3.38,8,0.183,3.0164,3.7336,N,N,07/2013,Analyst
13-1021.00,1.A.1.b.5,Inductive Reasoning,IM,3.38,8,0.183,3.0164,3.7336,N,,07/2013,Analyst
13-1021.00,1.A.1.b.5,Inductive Reasoning,LV,3.38,8,0.183,3.0164,3.7336,N,N,07/2013,Analyst
13-1021.00,1.A.1.b.6,Information Ordering,IM,3.12,8,0.125,2.88,3.37,N,,07/2013,Analyst
13-1021.00,1.A.1.b.6,Information Ordering,LV,3.12,8,0.125,2.88,3.37,N,N,07/2013,Analyst
13-1021.00,1.A.1.b.7,Category Flexibility,IM,3.0,8,0.0,3.0,3.0,N,,07/2013,Analyst
13-1021.00,1.A.1.b.7,Category Flexibility,LV,3.25,8,0.1637,2.9292,3.5708,N,N,07/2013,Analyst
13-1021.00,1.A.1.c.1,Mathematical Reasoning,IM,3.12,8,0.125,2.88,3.37,N,,07/2013,Analyst
13-1021.00,1.A.1.c.1,Mathematical Reasoning,LV,3.38,8,0.183,3.0164,3.7336,N,N,07/2013,Analyst
13-1021.00,1.A.1.c.2,Number Facility,IM,3.12,8,0.125,2.88,3.37,N,,07/2013,Analyst
13-1021.00,1.A.1.c.2,Number Facility,LV,3.25,8,0.1637,2.9292,3.5708,N,N,07/2013,Analyst
13-1021.00,1.A.1.d.1,Memorization,IM,2.38,8,0.183,2.0164,2.7336,N,,07/2013,Analyst
13-1021.00,1.A.1.d.1,Memorization,LV,2.5,8,0.189,2.1296,2.8704,N,N,07/2013,Analyst
13-1021.00,1.A.1.e.1,Speed of Closure,IM,2.25,8,0.1637,1.9292,2.5708,N,,07/2013,Analyst
13-1021.00,1.A.1.e.1,Speed of Closure,LV,2.25,8,0.1637,1.9292,2.5708,N,N,07/2013,Analyst
13-1021.00,1.A.1.e.2,Flexibility of Closure,IM,2.5,8,0.189,2.1296,2.8704,N,,07/2013,Analyst
13-1021.00,1.A.1.e.2,Flexibility of Closure,LV,2.75,8,0.1637,2.4292,3.0708,N,N,07/2013,Analyst
13-1021.00,1.A.1.e.3,Perceptual Speed,IM,2.5,8,0.189,2.1296,2.8704,N,,07/2013,Analyst
13-1021.00,1.A.1.e.3,Perceptual Speed,LV,2.25,8,0.1637,1.9292,2.5708,N,N,07/2013,Analyst
13-1021.00,1.A.1.f.1,Spatial Orientation,IM,1.12,8,0.125,1.0,1.37,N,,07/2013,Analyst
13-1021.00,1.A.1.f.1,Spatial Orientation,LV,0.12,8,0.125,0.0,0.37,N,Y,07/2013,Analyst
13-1021.00,1.A.1.f.2,Visualization,IM,2.12,8,0.125,1.88,2.37,N,,07/2013,Analyst
13-1021.00,1.A.1.f.2,Visualization,LV,2.12,8,0.125,1.88,2.37,N,N,07/2013,Analyst
13-1021.00,1.A.1.g.1,Selective Attention,IM,2.88,8,0.125,2.63,3.12,N,,07/2013,Analyst
13-1021.00,1.A.1.g.1,Selective Attention,LV,2.88,8,0.125,2.63,3.12,N,N,07/2013,Analyst
13-1021.00,1.A.1.g.2,Time Sharing,IM,2.88,8,0.125,2.63,3.12,N,,07/2013,Analyst
13-1021.00,1.A.1.g.2,Time Sharing,LV,2.5,8,0.189,2.1296,2.8704,N,N,07/2013,Analyst
13-1021.00,1.A.2.a.1,Arm-Hand Steadiness,IM,1.88,8,0.2266,1.4309,2.3191,N,,07/2013,Analyst
13-1021.00,1.A.2.a.1,Arm-Hand Steadiness,LV,1.5,8,0.3273,0.8584,2.1416,N,N,07/2013,Analyst
13-1021.00,1.A.2.a.2,Manual Dexterity,IM,1.75,8,0.1637,1.4292,2.0708,N,,07/2013,Analyst
13-1021.00,1.A.2.a.2,Manual Dexterity,LV,1.38,8,0.3239,0.7402,2.0098,N,N,07/2013,Analyst
13-1021.00,1.A.2.a.3,Finger Dexterity,IM,2.12,8,0.125,1.88,2.37,N,,07/2013,Analyst
13-1021.00,1.A.2.a.3,Finger Dexterity,LV,2.0,8,0.0,2.0,2.0,N,N,07/2013,Analyst
13-1021.00,1.A.2.b.1,Control Precision,IM,1.75,8,0.1637,1.4292,2.0708,N,,07/2013,Analyst
13-1021.00,1.A.2.b.1,Control Precision,LV,1.38,8,0.3239,0.7402,2.0098,N,N,07/2013,Analyst
13-1021.00,1.A.2.b.2,Multilimb Coordination,IM,1.75,8,0.1637,1.4292,2.0708,N,,07/2013,Analyst
13-1021.00,1.A.2.b.2,Multilimb Coordination,LV,1.38,8,0.3239,0.7402,2.0098,N,N,07/2013,Analyst
13-1021.00,1.A.2.b.3,Response Orientation,IM,1.12,8,0.125,1.0,1.37,N,,07/2013,Analyst
13-1021.00,1.A.2.b.3,Response Orientation,LV,0.12,8,0.125,0.0,0.37,N,Y,07/2013,Analyst
13-1021.00,1.A.2.b.4,Rate Control,IM,1.0,8,0.0,1.0,1.0,N,,07/2013,Analyst
13-1021.00,1.A.2.b.4,Rate Control,LV,0.0,8,0.0,0.0,0.0,N,Y,07/2013,Analyst
13-1021.00,1.A.2.c.1,Reaction Time,IM,1.0,8,0.0,1.0,1.0,N,,07/2013,Analyst
13-1021.00,1.A.2.c.1,Reaction Time,LV,0.0,8,0.0,0.0,0.0,N,Y,07/2013,Analyst
13-1021.00,1.A.2.c.2,Wrist-Finger Speed,IM,1.0,8,0.0,1.0,1.0,N,,07/2013,Analyst
13-1021.00,1.A.2.c.2,Wrist-Finger Speed,LV,0.0,8,0.0,0.0,0.0,N,Y,07/2013,Analyst
13-1021.00,1.A.2.c.3,Speed of Limb Movement,IM,1.0,8,0.0,1.0,1.0,N,,07/2013,Analyst
13-1021.00,1.A.2.c.3,Speed of Limb Movement,LV,0.0,8,0.0,0.0,0.0,N,Y,07/2013,Analyst
13-1021.00,1.A.3.a.1,Static Strength,IM,1.75,8,0.1637,1.4292,2.0708,N,,07/2013,Analyst
13-1021.00,1.A.3.a.1,Static Strength,LV,1.38,8,0.3239,0.7402,2.0098,N,N,07/2013,Analyst
13-1021.00,1.A.3.a.2,Explosive Strength,IM,1.0,8,0.0,1.0,1.0,N,,07/2013,Analyst
13-1021.00,1.A.3.a.2,Explosive Strength,LV,0.0,8,0.0,0.0,0.0,N,Y,07/2013,Analyst
13-1021.00,1.A.3.a.3,Dynamic Strength,IM,1.5,8,0.189,1.1296,1.8704,N,,07/2013,Analyst
13-1021.00,1.A.3.a.3,Dynamic Strength,LV,0.5,8,0.189,0.1296,0.8704,N,N,07/2013,Analyst
13-1021.00,1.A.3.a.4,Trunk Strength,IM,1.88,8,0.125,1.63,2.12,N,,07/2013,Analyst
13-1021.00,1.A.3.a.4,Trunk Strength,LV,1.62,8,0.2631,1.1094,2.1406,N,N,07/2013,Analyst
13-1021.00,1.A.3.b.1,Stamina,IM,1.88,8,0.125,1.63,2.12,N,,07/2013,Analyst
13-1021.00,1.A.3.b.1,Stamina,LV,1.12,8,0.2266,0.6809,1.5691,N,N,07/2013,Analyst
13-1021.00,1.A.3.c.1,Extent Flexibility,IM,1.5,8,0.189,1.1296,1.8704,N,,07/2013,Analyst
13-1021.00,1.A.3.c.1,Extent Flexibility,LV,0.5,8,0.189,0.1296,0.8704,N,N,07/2013,Analyst
13-1021.00,1.A.3.c.2,Dynamic Flexibility,IM,1.0,8,0.0,1.0,1.0,N,,07/2013,Analyst
13-1021.00,1.A.3.c.2,Dynamic Flexibility,LV,0.0,8,0.0,0.0,0.0,N,Y,07/2013,Analyst
13-1021.00,1.A.3.c.3,Gross Body Coordination,IM,1.5,8,0.189,1.1296,1.8704,N,,07/2013,Analyst
13-1021.00,1.A.3.c.3,Gross Body Coordination,LV,0.5,8,0.189,0.1296,0.8704,N,N,07/2013,Analyst
13-1021.00,1.A.3.c.4,Gross Body Equilibrium,IM,1.5,8,0.189,1.1296,1.8704,N,,07/2013,Analyst
13-1021.00,1.A.3.c.4,Gross Body Equilibrium,LV,0.5,8,0.189,0.1296,0.8704,N,N,07/2013,Analyst
13-1021.00,1.A.4.a.1,Near Vision,IM,3.38,8,0.183,3.0164,3.7336,N,,07/2013,Analyst
13-1021.00,1.A.4.a.1,Near Vision,LV,3.62,8,0.183,3.2664,3.9836,N,N,07/2013,Analyst
13-1021.00,1.A.4.a.2,Far Vision,IM,3.0,8,0.0,3.0,3.0,N,,07/2013,Analyst
13-1021.00,1.A.4.a.2,Far Vision,LV,3.0,8,0.0,3.0,3.0,N,N,07/2013,Analyst
13-1021.00,1.A.4.a.3,Visual Color Discrimination,IM,2.62,8,0.183,2.2664,2.9836,N,,07/2013,Analyst
13-1021.00,1.A.4.a.3,Visual Color Discrimination,LV,2.62,8,0.183,2.2664,2.9836,N,N,07/2013,Analyst
13-1021.00,1.A.4.a.4,Night Vision,IM,1.0,8,0.0,1.0,1.0,N,,07/2013,Analyst
13-1021.00,1.A.4.a.4,Night Vision,LV,0.0,8,0.0,0.0,0.0,N,Y,07/2013,Analyst
13-1021.00,1.A.4.a.5,Peripheral Vision,IM,1.0,8,0.0,1.0,1.0,N,,07/2013,Analyst
13-1021.00,1.A.4.a.5,Peripheral Vision,LV,0.0,8,0.0,0.0,0.0,N,Y,07/2013,Analyst
13-1021.00,1.A.4.a.6,Depth Perception,IM,1.88,8,0.125,1.63,2.12,N,,07/2013,Analyst
13-1021.00,1.A.4.a.6,Depth Perception,LV,1.62,8,0.2631,1.1094,2.1406,N,N,07/2013,Analyst
13-1021.00,1.A.4.a.7,Glare Sensitivity,IM,1.0,8,0.0,1.0,1.0,N,,07/2013,Analyst
13-1021.00,1.A.4.a.7,Glare Sensitivity,LV,0.0,8,0.0,0.0,0.0,N,Y,07/2013,Analyst
13-1021.00,1.A.4.b.1,Hearing Sensitivity,IM,2.0,8,0.0,2.0,2.0,N,,07/2013,Analyst
13-1021.00,1.A.4.b.1,Hearing Sensitivity,LV,2.0,8,0.0,2.0,2.0,N,N,07/2013,Analyst
13-1021.00,1.A.4.b.2,Auditory Attention,IM,2.0,8,0.0,2.0,2.0,N,,07/2013,Analyst
13-1021.00,1.A.4.b.2,Auditory Attention,LV,2.0,8,0.0,2.0,2.0,N,N,07/2013,Analyst
13-1021.00,1.A.4.b.3,Sound Localization,IM,1.0,8,0.0,1.0,1.0,N,,07/2013,Analyst
13-1021.00,1.A.4.b.3,Sound Localization,LV,0.0,8,0.0,0.0,0.0,N,Y,07/2013,Analyst
13-1021.00,1.A.4.b.4,Speech Recognition,IM,3.38,8,0.183,3.0164,3.7336,N,,07/2013,Analyst
13-1021.00,1.A.4.b.4,Speech Recognition,LV,3.38,8,0.183,3.0164,3.7336,N,N,07/2013,Analyst
13-1021.00,1.A.4.b.5,Speech Clarity,IM,3.62,8,0.183,3.2664,3.9836,N,,07/2013,Analyst
13-1021.00,1.A.4.b.5,Speech Clarity,LV,3.25,8,0.1637,2.9292,3.5708,N,N,07/2013,Analyst
13-1022.00,1.A.1.a.1,Oral Comprehension,IM,4.0,8,0.0,4.0,4.0,N,,07/2015,Analyst
13-1022.00,1.A.1.a.1,Oral Comprehension,LV,4.0,8,0.0,4.0,4.0,N,N,07/2015,Analyst
13-1022.00,1.A.1.a.2,Written Comprehension,IM,3.75,8,0.1637,3.4292,4.0708,N,,07/2015,Analyst
13-1022.00,1.A.1.a.2,Written Comprehension,LV,4.0,8,0.0,4.0,4.0,N,N,07/2015,Analyst
13-1022.00,1.A.1.a.3,Oral Expression,IM,4.0,8,0.0,4.0,4.0,N,,07/2015,Analyst
13-1022.00,1.A.1.a.3,Oral Expression,LV,4.0,8,0.0,4.0,4.0,N,N,07/2015,Analyst
13-1022.00,1.A.1.a.4,Written Expression,IM,3.0,8,0.0,3.0,3.0,N,,07/2015,Analyst
13-1022.00,1.A.1.a.4,Written Expression,LV,3.62,8,0.183,3.2664,3.9836,N,N,07/2015,Analyst
13-1022.00,1.A.1.b.1,Fluency of Ideas,IM,3.0,8,0.0,3.0,3.0,N,,07/2015,Analyst
13-1022.00,1.A.1.b.1,Fluency of Ideas,LV,3.12,8,0.125,2.88,3.37,N,N,07/2015,Analyst
13-1022.00,1.A.1.b.2,Originality,IM,3.0,8,0.0,3.0,3.0,N,,07/2015,Analyst
13-1022.00,1.A.1.b.2,Originality,LV,3.12,8,0.125,2.88,3.37,N,N,07/2015,Analyst
13-1022.00,1.A.1.b.3,Problem Sensitivity,IM,3.62,8,0.183,3.2664,3.9836,N,,07/2015,Analyst
13-1022.00,1.A.1.b.3,Problem Sensitivity,LV,3.5,8,0.189,3.1296,3.8704,N,N,07/2015,Analyst
13-1022.00,1.A.1.b.4,Deductive Reasoning,IM,3.75,8,0.1637,3.4292,4.0708,N,,07/2015,Analyst
13-1022.00,1.A.1.b.4,Deductive Reasoning,LV,4.0,8,0.0,4.0,4.0,N,N,07/2015,Analyst
13-1022.00,1.A.1.b.5,Inductive Reasoning,IM,3.25,8,0.1637,2.9292,3.5708,N,,07/2015,Analyst
13-1022.00,1.A.1.b.5,Inductive Reasoning,LV,3.38,8,0.183,3.0164,3.7336,N,N,07/2015,Analyst
13-1022.00,1.A.1.b.6,Information Ordering,IM,3.12,8,0.125,2.88,3.37,N,,07/2015,Analyst
13-1022.00,1.A.1.b.6,Information Ordering,LV,3.25,8,0.1637,2.9292,3.5708,N,N,07/2015,Analyst
13-1022.00,1.A.1.b.7,Category Flexibility,IM,3.25,8,0.1637,2.9292,3.5708,N,,07/2015,Analyst
13-1022.00,1.A.1.b.7,Category Flexibility,LV,3.75,8,0.1637,3.4292,4.0708,N,N,07/2015,Analyst
13-1022.00,1.A.1.c.1,Mathematical Reasoning,IM,3.5,8,0.189,3.1296,3.8704,N,,07/2015,Analyst
13-1022.00,1.A.1.c.1,Mathematical Reasoning,LV,3.62,8,0.183,3.2664,3.9836,N,N,07/2015,Analyst
13-1022.00,1.A.1.c.2,Number Facility,IM,3.25,8,0.1637,2.9292,3.5708,N,,07/2015,Analyst
13-1022.00,1.A.1.c.2,Number Facility,LV,3.38,8,0.183,3.0164,3.7336,N,N,07/2015,Analyst
13-1022.00,1.A.1.d.1,Memorization,IM,2.12,8,0.125,1.88,2.37,N,,07/2015,Analyst
13-1022.00,1.A.1.d.1,Memorization,LV,2.25,8,0.1637,1.9292,2.5708,N,N,07/2015,Analyst
13-1022.00,1.A.1.e.1,Speed of Closure,IM,2.75,8,0.1637,2.4292,3.0708,N,,07/2015,Analyst
13-1022.00,1.A.1.e.1,Speed of Closure,LV,2.62,8,0.183,2.2664,2.9836,N,N,07/2015,Analyst
13-1022.00,1.A.1.e.2,Flexibility of Closure,IM,2.88,8,0.125,2.63,3.12,N,,07/2015,Analyst
13-1022.00,1.A.1.e.2,Flexibility of Closure,LV,2.88,8,0.125,2.63,3.12,N,N,07/2015,Analyst
13-1022.00,1.A.1.e.3,Perceptual Speed,IM,2.62,8,0.183,2.2664,2.9836,N,,07/2015,Analyst
13-1022.00,1.A.1.e.3,Perceptual Speed,LV,2.75,8,0.1637,2.4292,3.0708,N,N,07/2015,Analyst
13-1022.00,1.A.1.f.1,Spatial Orientation,IM,1.0,8,0.0,1.0,1.0,N,,07/2015,Analyst
13-1022.00,1.A.1.f.1,Spatial Orientation,LV,0.0,8,0.0,0.0,0.0,N,Y,07/2015,Analyst
13-1022.00,1.A.1.f.2,Visualization,IM,2.5,8,0.189,2.1296,2.8704,N,,07/2015,Analyst
13-1022.00,1.A.1.f.2,Visualization,LV,2.38,8,0.183,2.0164,2.7336,N,N,07/2015,Analyst
13-1022.00,1.A.1.g.1,Selective Attention,IM,3.0,8,0.0,3.0,3.0,N,,07/2015,Analyst
13-1022.00,1.A.1.g.1,Selective Attention,LV,2.62,8,0.183,2.2664,2.9836,N,N,07/2015,Analyst
13-1022.00,1.A.1.g.2,Time Sharing,IM,2.0,8,0.0,2.0,2.0,N,,07/2015,Analyst
13-1022.00,1.A.1.g.2,Time Sharing,LV,2.0,8,0.0,2.0,2.0,N,N,07/2015,Analyst
13-1022.00,1.A.2.a.1,Arm-Hand Steadiness,IM,2.0,8,0.0,2.0,2.0,N,,07/2015,Analyst
13-1022.00,1.A.2.a.1,Arm-Hand Steadiness,LV,1.88,8,0.125,1.63,2.12,N,N,07/2015,Analyst
13-1022.00,1.A.2.a.2,Manual Dexterity,IM,2.0,8,0.0,2.0,2.0,N,,07/2015,Analyst
13-1022.00,1.A.2.a.2,Manual Dexterity,LV,1.5,8,0.189,1.1296,1.8704,N,N,07/2015,Analyst
13-1022.00,1.A.2.a.3,Finger Dexterity,IM,2.0,8,0.0,2.0,2.0,N,,07/2015,Analyst
13-1022.00,1.A.2.a.3,Finger Dexterity,LV,2.0,8,0.0,2.0,2.0,N,N,07/2015,Analyst
13-1022.00,1.A.2.b.1,Control Precision,IM,1.0,8,0.0,1.0,1.0,N,,07/2015,Analyst
13-1022.00,1.A.2.b.1,Control Precision,LV,0.0,8,0.0,0.0,0.0,N,Y,07/2015,Analyst
13-1022.00,1.A.2.b.2,Multilimb Coordination,IM,1.88,8,0.125,1.63,2.12,N,,07/2015,Analyst
13-1022.00,1.A.2.b.2,Multilimb Coordination,LV,1.12,8,0.2266,0.6809,1.5691,N,N,07/2015,Analyst
13-1022.00,1.A.2.b.3,Response Orientation,IM,1.0,8,0.0,1.0,1.0,N,,07/2015,Analyst
13-1022.00,1.A.2.b.3,Response Orientation,LV,0.0,8,0.0,0.0,0.0,N,Y,07/2015,Analyst
13-1022.00,1.A.2.b.4,Rate Control,IM,1.0,8,0.0,1.0,1.0,N,,07/2015,Analyst
13-1022.00,1.A.2.b.4,Rate Control,LV,0.0,8,0.0,0.0,0.0,N,Y,07/2015,Analyst
13-1022.00,1.A.2.c.1,Reaction Time,IM,1.0,8,0.0,1.0,1.0,N,,07/2015,Analyst
13-1022.00,1.A.2.c.1,Reaction Time,LV,0.0,8,0.0,0.0,0.0,N,Y,07/2015,Analyst
13-1022.00,1.A.2.c.2,Wrist-Finger Speed,IM,1.5,8,0.189,1.1296,1.8704,N,,07/2015,Analyst
13-1022.00,1.A.2.c.2,Wrist-Finger Speed,LV,0.62,8,0.2631,0.1094,1.1406,N,N,07/2015,Analyst
13-1022.00,1.A.2.c.3,Speed of Limb Movement,IM,1.38,8,0.183,1.0164,1.7336,N,,07/2015,Analyst
13-1022.00,1.A.2.c.3,Speed of Limb Movement,LV,0.38,8,0.183,0.0164,0.7336,N,N,07/2015,Analyst
13-1022.00,1.A.3.a.1,Static Strength,IM,2.0,8,0.0,2.0,2.0,N,,07/2015,Analyst
13-1022.00,1.A.3.a.1,Static Strength,LV,1.25,8,0.1637,0.9292,1.5708,N,N,07/2015,Analyst
13-1022.00,1.A.3.a.2,Explosive Strength,IM,1.25,8,0.1637,1.0,1.5708,N,,07/2015,Analyst
13-1022.00,1.A.3.a.2,Explosive Strength,LV,0.25,8,0.1637,0.0,0.5708,N,Y,07/2015,Analyst
13-1022.00,1.A.3.a.3,Dynamic Strength,IM,1.75,8,0.1637,1.4292,2.0708,N,,07/2015,Analyst
13-1022.00,1.A.3.a.3,Dynamic Strength,LV,0.75,8,0.1637,0.4292,1.0708,N,N,07/2015,Analyst
13-1022.00,1.A.3.a.4,Trunk Strength,IM,2.12,8,0.125,1.88,2.37,N,,07/2015,Analyst
13-1022.00,1.A.3.a.4,Trunk Strength,LV,1.88,8,0.125,1.63,2.12,N,N,07/2015,Analyst
13-1022.00,1.A.3.b.1,Stamina,IM,1.5,8,0.189,1.1296,1.8704,N,,07/2015,Analyst
13-1022.00,1.A.3.b.1,Stamina,LV,0.75,8,0.3134,0.1358,1.3642,N,N,07/2015,Analyst
13-1022.00,1.A.3.c.1,Extent Flexibility,IM,1.75,8,0.1637,1.4292,2.0708,N,,07/2015,Analyst
13-1022.00,1.A.3.c.1,Extent Flexibility,LV,0.75,8,0.1637,0.4292,1.0708,N,N,07/2015,Analyst
13-1022.00,1.A.3.c.2,Dynamic Flexibility,IM,1.0,8,0.0,1.0,1.0,N,,07/2015,Analyst
13-1022.00,1.A.3.c.2,Dynamic Flexibility,LV,0.0,8,0.0,0.0,0.0,N,Y,07/2015,Analyst
13-1022.00,1.A.3.c.3,Gross Body Coordination,IM,1.25,8,0.1637,1.0,1.5708,N,,07/2015,Analyst
13-1022.00,1.A.3.c.3,Gross Body Coordination,LV,0.38,8,0.2631,0.0,0.8906,N,Y,07/2015,Analyst
13-1022.00,1.A.3.c.4,Gross Body Equilibrium,IM,1.12,8,0.125,1.0,1.37,N,,07/2015,Analyst
13-1022.00,1.A.3.c.4,Gross Body Equilibrium,LV,0.12,8,0.125,0.0,0.37,N,Y,07/2015,Analyst
13-1022.00,1.A.4.a.1,Near Vision,IM,3.12,8,0.125,2.88,3.37,N,,07/2015,Analyst
13-1022.00,1.A.4.a.1,Near Vision,LV,3.12,8,0.125,2.88,3.37,N,N,07/2015,Analyst
13-1022.00,1.A.4.a.2,Far Vision,IM,2.75,8,0.1637,2.4292,3.0708,N,,07/2015,Analyst
13-1022.00,1.A.4.a.2,Far Vision,LV,3.0,8,0.0,3.0,3.0,N,N,07/2015,Analyst
13-1022.00,1.A.4.a.3,Visual Color Discrimination,IM,2.62,8,0.183,2.2664,2.9836,N,,07/2015,Analyst
13-1022.00,1.A.4.a.3,Visual Color Discrimination,LV,3.0,8,0.0,3.0,3.0,N,N,07/2015,Analyst
13-1022.00,1.A.4.a.4,Night Vision,IM,1.0,8,0.0,1.0,1.0,N,,07/2015,Analyst
13-1022.00,1.A.4.a.4,Night Vision,LV,0.0,8,0.0,0.0,0.0,N,Y,07/2015,Analyst
13-1022.00,1.A.4.a.5,Peripheral Vision,IM,1.0,8,0.0,1.0,1.0,N,,07/2015,Analyst
13-1022.00,1.A.4.a.5,Peripheral Vision,LV,0.0,8,0.0,0.0,0.0,N,Y,07/2015,Analyst
13-1022.00,1.A.4.a.6,Depth Perception,IM,1.62,8,0.183,1.2664,1.9836,N,,07/2015,Analyst
13-1022.00,1.A.4.a.6,Depth Perception,LV,0.62,8,0.183,0.2664,0.9836,N,N,07/2015,Analyst
13-1022.00,1.A.4.a.7,Glare Sensitivity,IM,1.0,8,0.0,1.0,1.0,N,,07/2015,Analyst
13-1022.00,1.A.4.a.7,Glare Sensitivity,LV,0.0,8,0.0,0.0,0.0,N,Y,07/2015,Analyst
13-1022.00,1.A.4.b.1,Hearing Sensitivity,IM,1.75,8,0.1637,1.4292,2.0708,N,,07/2015,Analyst
13-1022.00,1.A.4.b.1,Hearing Sensitivity,LV,1.38,8,0.3239,0.7402,2.0098,N,N,07/2015,Analyst
13-1022.00,1.A.4.b.2,Auditory Attention,IM,1.75,8,0.1637,1.4292,2.0708,N,,07/2015,Analyst
13-1022.00,1.A.4.b.2,Auditory Attention,LV,1.5,8,0.3273,0.8584,2.1416,N,N,07/2015,Analyst
13-1022.00,1.A.4.b.3,Sound Localization,IM,1.0,8,0.0,1.0,1.0,N,,07/2015,Analyst
13-1022.00,1.A.4.b.3,Sound Localization,LV,0.0,8,0.0,0.0,0.0,N,Y,07/2015,Analyst
13-1022.00,1.A.4.b.4,Speech Recognition,IM,3.5,8,0.189,3.1296,3.8704,N,,07/2015,Analyst
13-1022.00,1.A.4.b.4,Speech Recognition,LV,3.62,8,0.183,3.2664,3.9836,N,N,07/2015,Analyst
13-1022.00,1.A.4.b.5,Speech Clarity,IM,3.62,8,0.183,3.2664,3.9836,N,,07/2015,Analyst
13-1022.00,1.A.4.b.5,Speech Clarity,LV,3.38,8,0.183,3.0164,3.7336,N,N,07/2015,Analyst
13-1023.00,1.A.1.a.1,Oral Comprehension,IM,4.0,8,0.189,3.6296,4.3704,N,,08/2019,Analyst
13-1023.00,1.A.1.a.1,Oral Comprehension,LV,4.0,8,0.0,4.0,4.0,N,N,08/2019,Analyst
13-1023.00,1.A.1.a.2,Written Comprehension,IM,4.12,8,0.125,3.88,4.37,N,,08/2019,Analyst
13-1023.00,1.A.1.a.2,Written Comprehension,LV,4.0,8,0.0,4.0,4.0,N,N,08/2019,Analyst
13-1023.00,1.A.1.a.3,Oral Expression,IM,3.88,8,0.125,3.63,4.12,N,,08/2019,Analyst
13-1023.00,1.A.1.a.3,Oral Expression,LV,4.0,8,0.0,4.0,4.0,N,N,08/2019,Analyst
13-1023.00,1.A.1.a.4,Written Expression,IM,3.88,8,0.125,3.63,4.12,N,,08/2019,Analyst
13-1023.00,1.A.1.a.4,Written Expression,LV,3.88,8,0.125,3.63,4.12,N,N,08/2019,Analyst
13-1023.00,1.A.1.b.1,Fluency of Ideas,IM,3.0,8,0.0,3.0,3.0,N,,08/2019,Analyst
13-1023.00,1.A.1.b.1,Fluency of Ideas,LV,3.0,8,0.0,3.0,3.0,N,N,08/2019,Analyst
13-1023.00,1.A.1.b.2,Originality,IM,3.0,8,0.0,3.0,3.0,N,,08/2019,Analyst
13-1023.00,1.A.1.b.2,Originality,LV,3.0,8,0.0,3.0,3.0,N,N,08/2019,Analyst
13-1023.00,1.A.1.b.3,Problem Sensitivity,IM,3.75,8,0.1637,3.4292,4.0708,N,,08/2019,Analyst
13-1023.00,1.A.1.b.3,Problem Sensitivity,LV,3.88,8,0.125,3.63,4.12,N,N,08/2019,Analyst
13-1023.00,1.A.1.b.4,Deductive Reasoning,IM,3.75,8,0.1637,3.4292,4.0708,N,,08/2019,Analyst
13-1023.00,1.A.1.b.4,Deductive Reasoning,LV,4.0,8,0.189,3.6296,4.3704,N,N,08/2019,Analyst
13-1023.00,1.A.1.b.5,Inductive Reasoning,IM,3.75,8,0.1637,3.4292,4.0708,N,,08/2019,Analyst
13-1023.00,1.A.1.b.5,Inductive Reasoning,LV,3.88,8,0.125,3.63,4.12,N,N,08/2019,Analyst
13-1023.00,1.A.1.b.6,Information Ordering,IM,3.75,8,0.1637,3.4292,4.0708,N,,08/2019,Analyst
13-1023.00,1.A.1.b.6,Information Ordering,LV,3.75,8,0.1637,3.4292,4.0708,N,N,08/2019,Analyst
13-1023.00,1.A.1.b.7,Category Flexibility,IM,3.12,8,0.125,2.88,3.37,N,,08/2019,Analyst
13-1023.00,1.A.1.b.7,Category Flexibility,LV,3.25,8,0.1637,2.9292,3.5708,N,N,08/2019,Analyst
13-1023.00,1.A.1.c.1,Mathematical Reasoning,IM,3.12,8,0.125,2.88,3.37,N,,08/2019,Analyst
13-1023.00,1.A.1.c.1,Mathematical Reasoning,LV,3.25,8,0.1637,2.9292,3.5708,N,N,08/2019,Analyst
13-1023.00,1.A.1.c.2,Number Facility,IM,3.12,8,0.125,2.88,3.37,N,,08/2019,Analyst
13-1023.00,1.A.1.c.2,Number Facility,LV,3.12,8,0.125,2.88,3.37,N,N,08/2019,Analyst
13-1023.00,1.A.1.d.1,Memorization,IM,2.5,8,0.189,2.1296,2.8704,N,,08/2019,Analyst
13-1023.00,1.A.1.d.1,Memorization,LV,2.75,8,0.1637,2.4292,3.0708,N,N,08/2019,Analyst
13-1023.00,1.A.1.e.1,Speed of Closure,IM,2.25,8,0.1637,1.9292,2.5708,N,,08/2019,Analyst
13-1023.00,1.A.1.e.1,Speed of Closure,LV,2.62,8,0.183,2.2664,2.9836,N,N,08/2019,Analyst
13-1023.00,1.A.1.e.2,Flexibility of Closure,IM,2.38,8,0.183,2.0164,2.7336,N,,08/2019,Analyst
13-1023.00,1.A.1.e.2,Flexibility of Closure,LV,2.25,8,0.1637,1.9292,2.5708,N,N,08/2019,Analyst
13-1023.00,1.A.1.e.3,Perceptual Speed,IM,2.25,8,0.1637,1.9292,2.5708,N,,08/2019,Analyst
13-1023.00,1.A.1.e.3,Perceptual Speed,LV,2.25,8,0.1637,1.9292,2.5708,N,N,08/2019,Analyst
13-1023.00,1.A.1.f.1,Spatial Orientation,IM,1.0,8,0.0,1.0,1.0,N,,08/2019,Analyst
13-1023.00,1.A.1.f.1,Spatial Orientation,LV,0.0,8,0.0,0.0,0.0,N,Y,08/2019,Analyst
13-1023.00,1.A.1.f.2,Visualization,IM,2.0,8,0.0,2.0,2.0,N,,08/2019,Analyst
13-1023.00,1.A.1.f.2,Visualization,LV,1.88,8,0.2266,1.4309,2.3191,N,N,08/2019,Analyst
13-1023.00,1.A.1.g.1,Selective Attention,IM,2.88,8,0.125,2.63,3.12,N,,08/2019,Analyst
13-1023.00,1.A.1.g.1,Selective Attention,LV,3.0,8,0.189,2.6296,3.3704,N,N,08/2019,Analyst
13-1023.00,1.A.1.g.2,Time Sharing,IM,2.62,8,0.183,2.2664,2.9836,N,,08/2019,Analyst
13-1023.00,1.A.1.g.2,Time Sharing,LV,2.62,8,0.183,2.2664,2.9836,N,N,08/2019,Analyst
13-1023.00,1.A.2.a.1,Arm-Hand Steadiness,IM,1.5,8,0.189,1.1296,1.8704,N,,08/2019,Analyst
13-1023.00,1.A.2.a.1,Arm-Hand Steadiness,LV,0.5,8,0.189,0.1296,0.8704,N,N,08/2019,Analyst
13-1023.00,1.A.2.a.2,Manual Dexterity,IM,1.38,8,0.183,1.0164,1.7336,N,,08/2019,Analyst
13-1023.00,1.A.2.a.2,Manual Dexterity,LV,0.38,8,0.183,0.0164,0.7336,N,N,08/2019,Analyst
13-1023.00,1.A.2.a.3,Finger Dexterity,IM,1.75,8,0.1637,1.4292,2.0708,N,,08/2019,Analyst
13-1023.00,1.A.2.a.3,Finger Dexterity,LV,0.75,8,0.1637,0.4292,1.0708,N,N,08/2019,Analyst
13-1023.00,1.A.2.b.1,Control Precision,IM,1.12,8,0.125,1.0,1.37,N,,08/2019,Analyst
13-1023.00,1.A.2.b.1,Control Precision,LV,0.12,8,0.125,0.0,0.37,N,Y,08/2019,Analyst
13-1023.00,1.A.2.b.2,Multilimb Coordination,IM,1.0,8,0.0,1.0,1.0,N,,08/2019,Analyst
13-1023.00,1.A.2.b.2,Multilimb Coordination,LV,0.0,8,0.0,0.0,0.0,N,Y,08/2019,Analyst
13-1023.00,1.A.2.b.3,Response Orientation,IM,1.0,8,0.0,1.0,1.0,N,,08/2019,Analyst
13-1023.00,1.A.2.b.3,Response Orientation,LV,0.0,8,0.0,0.0,0.0,N,Y,08/2019,Analyst
13-1023.00,1.A.2.b.4,Rate Control,IM,1.0,8,0.0,1.0,1.0,N,,08/2019,Analyst
13-1023.00,1.A.2.b.4,Rate Control,LV,0.0,8,0.0,0.0,0.0,N,Y,08/2019,Analyst
13-1023.00,1.A.2.c.1,Reaction Time,IM,1.0,8,0.0,1.0,1.0,N,,08/2019,Analyst
13-1023.00,1.A.2.c.1,Reaction Time,LV,0.0,8,0.0,0.0,0.0,N,Y,08/2019,Analyst
13-1023.00,1.A.2.c.2,Wrist-Finger Speed,IM,1.0,8,0.0,1.0,1.0,N,,08/2019,Analyst
13-1023.00,1.A.2.c.2,Wrist-Finger Speed,LV,0.0,8,0.0,0.0,0.0,N,Y,08/2019,Analyst
13-1023.00,1.A.2.c.3,Speed of Limb Movement,IM,1.0,8,0.0,1.0,1.0,N,,08/2019,Analyst
13-1023.00,1.A.2.c.3,Speed of Limb Movement,LV,0.0,8,0.0,0.0,0.0,N,Y,08/2019,Analyst
13-1023.00,1.A.3.a.1,Static Strength,IM,1.0,8,0.0,1.0,1.0,N,,08/2019,Analyst
13-1023.00,1.A.3.a.1,Static Strength,LV,0.0,8,0.0,0.0,0.0,N,Y,08/2019,Analyst
13-1023.00,1.A.3.a.2,Explosive Strength,IM,1.0,8,0.0,1.0,1.0,N,,08/2019,Analyst
13-1023.00,1.A.3.a.2,Explosive Strength,LV,0.0,8,0.0,0.0,0.0,N,Y,08/2019,Analyst
13-1023.00,1.A.3.a.3,Dynamic Strength,IM,1.12,8,0.125,1.0,1.37,N,,08/2019,Analyst
13-1023.00,1.A.3.a.3,Dynamic Strength,LV,0.12,8,0.125,0.0,0.37,N,Y,08/2019,Analyst
13-1023.00,1.A.3.a.4,Trunk Strength,IM,1.5,8,0.189,1.1296,1.8704,N,,08/2019,Analyst
13-1023.00,1.A.3.a.4,Trunk Strength,LV,0.75,8,0.3134,0.1358,1.3642,N,N,08/2019,Analyst
13-1023.00,1.A.3.b.1,Stamina,IM,1.0,8,0.0,1.0,1.0,N,,08/2019,Analyst
13-1023.00,1.A.3.b.1,Stamina,LV,0.0,8,0.0,0.0,0.0,N,Y,08/2019,Analyst
13-1023.00,1.A.3.c.1,Extent Flexibility,IM,1.0,8,0.0,1.0,1.0,N,,08/2019,Analyst
13-1023.00,1.A.3.c.1,Extent Flexibility,LV,0.0,8,0.0,0.0,0.0,N,Y,08/2019,Analyst
13-1023.00,1.A.3.c.2,Dynamic Flexibility,IM,1.0,8,0.0,1.0,1.0,N,,08/2019,Analyst
13-1023.00,1.A.3.c.2,Dynamic Flexibility,LV,0.0,8,0.0,0.0,0.0,N,Y,08/2019,Analyst
13-1023.00,1.A.3.c.3,Gross Body Coordination,IM,1.0,8,0.0,1.0,1.0,N,,08/2019,Analyst
13-1023.00,1.A.3.c.3,Gross Body Coordination,LV,0.0,8,0.0,0.0,0.0,N,Y,08/2019,Analyst
13-1023.00,1.A.3.c.4,Gross Body Equilibrium,IM,1.0,8,0.0,1.0,1.0,N,,08/2019,Analyst
13-1023.00,1.A.3.c.4,Gross Body Equilibrium,LV,0.0,8,0.0,0.0,0.0,N,Y,08/2019,Analyst
13-1023.00,1.A.4.a.1,Near Vision,IM,3.62,8,0.183,3.2664,3.9836,N,,08/2019,Analyst
13-1023.00,1.A.4.a.1,Near Vision,LV,3.75,8,0.1637,3.4292,4.0708,N,N,08/2019,Analyst
13-1023.00,1.A.4.a.2,Far Vision,IM,2.12,8,0.125,1.88,2.37,N,,08/2019,Analyst
13-1023.00,1.A.4.a.2,Far Vision,LV,1.88,8,0.125,1.63,2.12,N,N,08/2019,Analyst
13-1023.00,1.A.4.a.3,Visual Color Discrimination,IM,2.12,8,0.125,1.88,2.37,N,,08/2019,Analyst
13-1023.00,1.A.4.a.3,Visual Color Discrimination,LV,1.38,8,0.183,1.0164,1.7336,N,N,08/2019,Analyst
13-1023.00,1.A.4.a.4,Night Vision,IM,1.0,8,0.0,1.0,1.0,N,,08/2019,Analyst
13-1023.00,1.A.4.a.4,Night Vision,LV,0.0,8,0.0,0.0,0.0,N,Y,08/2019,Analyst
13-1023.00,1.A.4.a.5,Peripheral Vision,IM,1.0,8,0.0,1.0,1.0,N,,08/2019,Analyst
13-1023.00,1.A.4.a.5,Peripheral Vision,LV,0.0,8,0.0,0.0,0.0,N,Y,08/2019,Analyst
13-1023.00,1.A.4.a.6,Depth Perception,IM,1.25,8,0.1637,1.0,1.5708,N,,08/2019,Analyst
13-1023.00,1.A.4.a.6,Depth Perception,LV,0.38,8,0.2631,0.0,0.8906,N,Y,08/2019,Analyst
13-1023.00,1.A.4.a.7,Glare Sensitivity,IM,1.0,8,0.0,1.0,1.0,N,,08/2019,Analyst
13-1023.00,1.A.4.a.7,Glare Sensitivity,LV,0.0,8,0.0,0.0,0.0,N,Y,08/2019,Analyst
13-1023.00,1.A.4.b.1,Hearing Sensitivity,IM,1.62,8,0.183,1.2664,1.9836,N,,08/2019,Analyst
13-1023.00,1.A.4.b.1,Hearing Sensitivity,LV,0.88,8,0.3504,0.1883,1.5617,N,N,08/2019,Analyst
13-1023.00,1.A.4.b.2,Auditory Attention,IM,1.88,8,0.125,1.63,2.12,N,,08/2019,Analyst
13-1023.00,1.A.4.b.2,Auditory Attention,LV,1.12,8,0.2266,0.6809,1.5691,N,N,08/2019,Analyst
13-1023.00,1.A.4.b.3,Sound Localization,IM,1.0,8,0.0,1.0,1.0,N,,08/2019,Analyst
13-1023.00,1.A.4.b.3,Sound Localization,LV,0.0,8,0.0,0.0,0.0,N,Y,08/2019,Analyst
13-1023.00,1.A.4.b.4,Speech Recognition,IM,3.75,8,0.1637,3.4292,4.0708,N,,08/2019,Analyst
13-1023.00,1.A.4.b.4,Speech Recognition,LV,3.88,8,0.125,3.63,4.12,N,N,08/2019,Analyst
13-1023.00,1.A.4.b.5,Speech Clarity,IM,3.75,8,0.1637,3.4292,4.0708,N,,08/2019,Analyst
13-1023.00,1.A.4.b.5,Speech Clarity,LV,3.38,8,0.183,3.0164,3.7336,N,N,08/2019,Analyst
13-1031.00,1.A.1.a.1,Oral Comprehension,IM,4.12,8,0.125,3.88,4.37,N,,08/2022,Analyst
13-1031.00,1.A.1.a.1,Oral Comprehension,LV,4.5,8,0.189,4.1296,4.8704,N,N,08/2022,Analyst
13-1031.00,1.A.1.a.2,Written Comprehension,IM,4.38,8,0.183,4.0164,4.7336,N,,08/2022,Analyst
13-1031.00,1.A.1.a.2,Written Comprehension,LV,4.38,8,0.183,4.0164,4.7336,N,N,08/2022,Analyst
13-1031.00,1.A.1.a.3,Oral Expression,IM,4.12,8,0.125,3.88,4.37,N,,08/2022,Analyst
13-1031.00,1.A.1.a.3,Oral Expression,LV,4.5,8,0.189,4.1296,4.8704,N,N,08/2022,Analyst
13-1031.00,1.A.1.a.4,Written Expression,IM,3.88,8,0.2266,3.4309,4.3191,N,,08/2022,Analyst
13-1031.00,1.A.1.a.4,Written Expression,LV,4.12,8,0.125,3.88,4.37,N,N,08/2022,Analyst
13-1031.00,1.A.1.b.1,Fluency of Ideas,IM,2.75,8,0.1637,2.4292,3.0708,N,,08/2022,Analyst
13-1031.00,1.A.1.b.1,Fluency of Ideas,LV,2.88,8,0.125,2.63,3.12,N,N,08/2022,Analyst
13-1031.00,1.A.1.b.2,Originality,IM,2.62,8,0.183,2.2664,2.9836,N,,08/2022,Analyst
13-1031.00,1.A.1.b.2,Originality,LV,2.62,8,0.183,2.2664,2.9836,N,N,08/2022,Analyst
13-1031.00,1.A.1.b.3,Problem Sensitivity,IM,3.62,8,0.183,3.2664,3.9836,N,,08/2022,Analyst
13-1031.00,1.A.1.b.3,Problem Sensitivity,LV,3.88,8,0.2266,3.4309,4.3191,N,N,08/2022,Analyst
13-1031.00,1.A.1.b.4,Deductive Reasoning,IM,4.0,8,0.0,4.0,4.0,N,,08/2022,Analyst
13-1031.00,1.A.1.b.4,Deductive Reasoning,LV,4.38,8,0.183,4.0164,4.7336,N,N,08/2022,Analyst
13-1031.00,1.A.1.b.5,Inductive Reasoning,IM,4.0,8,0.0,4.0,4.0,N,,08/2022,Analyst
13-1031.00,1.A.1.b.5,Inductive Reasoning,LV,4.38,8,0.183,4.0164,4.7336,N,N,08/2022,Analyst
13-1031.00,1.A.1.b.6,Information Ordering,IM,3.5,8,0.189,3.1296,3.8704,N,,08/2022,Analyst
13-1031.00,1.A.1.b.6,Information Ordering,LV,3.5,8,0.189,3.1296,3.8704,N,N,08/2022,Analyst
13-1031.00,1.A.1.b.7,Category Flexibility,IM,3.38,8,0.183,3.0164,3.7336,N,,08/2022,Analyst
13-1031.00,1.A.1.b.7,Category Flexibility,LV,3.62,8,0.183,3.2664,3.9836,N,N,08/2022,Analyst
13-1031.00,1.A.1.c.1,Mathematical Reasoning,IM,3.0,8,0.189,2.6296,3.3704,N,,08/2022,Analyst
13-1031.00,1.A.1.c.1,Mathematical Reasoning,LV,3.12,8,0.2266,2.6809,3.5691,N,N,08/2022,Analyst
13-1031.00,1.A.1.c.2,Number Facility,IM,3.0,8,0.189,2.6296,3.3704,N,,08/2022,Analyst
13-1031.00,1.A.1.c.2,Number Facility,LV,3.25,8,0.25,2.76,3.74,N,N,08/2022,Analyst
13-1031.00,1.A.1.d.1,Memorization,IM,2.62,8,0.183,2.2664,2.9836,N,,08/2022,Analyst
13-1031.00,1.A.1.d.1,Memorization,LV,2.62,8,0.183,2.2664,2.9836,N,N,08/2022,Analyst
13-1031.00,1.A.1.e.1,Speed of Closure,IM,3.0,8,0.189,2.6296,3.3704,N,,08/2022,Analyst
13-1031.00,1.A.1.e.1,Speed of Closure,LV,3.25,8,0.25,2.76,3.74,N,N,08/2022,Analyst
13-1031.00,1.A.1.e.2,Flexibility of Closure,IM,3.25,8,0.25,2.76,3.74,N,,08/2022,Analyst
13-1031.00,1.A.1.e.2,Flexibility of Closure,LV,3.38,8,0.183,3.0164,3.7336,N,N,08/2022,Analyst
13-1031.00,1.A.1.e.3,Perceptual Speed,IM,3.0,8,0.2673,2.4762,3.5238,N,,08/2022,Analyst
13-1031.00,1.A.1.e.3,Perceptual Speed,LV,2.62,8,0.2631,2.1094,3.1406,N,N,08/2022,Analyst
13-1031.00,1.A.1.f.1,Spatial Orientation,IM,1.38,8,0.183,1.0164,1.7336,N,,08/2022,Analyst
13-1031.00,1.A.1.f.1,Spatial Orientation,LV,0.62,8,0.3239,0.0,1.2598,N,N,08/2022,Analyst
13-1031.00,1.A.1.f.2,Visualization,IM,2.5,8,0.189,2.1296,2.8704,N,,08/2022,Analyst
13-1031.00,1.A.1.f.2,Visualization,LV,2.38,8,0.183,2.0164,2.7336,N,N,08/2022,Analyst
13-1031.00,1.A.1.g.1,Selective Attention,IM,3.0,8,0.0,3.0,3.0,N,,08/2022,Analyst
13-1031.00,1.A.1.g.1,Selective Attention,LV,2.62,8,0.183,2.2664,2.9836,N,N,08/2022,Analyst
13-1031.00,1.A.1.g.2,Time Sharing,IM,2.62,8,0.183,2.2664,2.9836,N,,08/2022,Analyst
13-1031.00,1.A.1.g.2,Time Sharing,LV,2.38,8,0.183,2.0164,2.7336,N,N,08/2022,Analyst
13-1031.00,1.A.2.a.1,Arm-Hand Steadiness,IM,1.75,8,0.1637,1.4292,2.0708,N,,08/2022,Analyst
13-1031.00,1.A.2.a.1,Arm-Hand Steadiness,LV,1.0,8,0.2673,0.4762,1.5238,N,N,08/2022,Analyst
13-1031.00,1.A.2.a.2,Manual Dexterity,IM,1.75,8,0.1637,1.4292,2.0708,N,,08/2022,Analyst
13-1031.00,1.A.2.a.2,Manual Dexterity,LV,0.88,8,0.2266,0.4309,1.3191,N,N,08/2022,Analyst
13-1031.00,1.A.2.a.3,Finger Dexterity,IM,1.75,8,0.1637,1.4292,2.0708,N,,08/2022,Analyst
13-1031.00,1.A.2.a.3,Finger Dexterity,LV,1.0,8,0.2673,0.4762,1.5238,N,N,08/2022,Analyst
13-1031.00,1.A.2.b.1,Control Precision,IM,1.5,8,0.189,1.1296,1.8704,N,,08/2022,Analyst
13-1031.00,1.A.2.b.1,Control Precision,LV,0.62,8,0.2631,0.1094,1.1406,N,N,08/2022,Analyst
13-1031.00,1.A.2.b.2,Multilimb Coordination,IM,1.0,8,0.0,1.0,1.0,N,,08/2022,Analyst
13-1031.00,1.A.2.b.2,Multilimb Coordination,LV,0.0,8,0.0,0.0,0.0,N,Y,08/2022,Analyst
13-1031.00,1.A.2.b.3,Response Orientation,IM,1.0,8,0.0,1.0,1.0,N,,08/2022,Analyst
13-1031.00,1.A.2.b.3,Response Orientation,LV,0.0,8,0.0,0.0,0.0,N,Y,08/2022,Analyst
13-1031.00,1.A.2.b.4,Rate Control,IM,1.0,8,0.0,1.0,1.0,N,,08/2022,Analyst
13-1031.00,1.A.2.b.4,Rate Control,LV,0.0,8,0.0,0.0,0.0,N,Y,08/2022,Analyst
13-1031.00,1.A.2.c.1,Reaction Time,IM,1.0,8,0.0,1.0,1.0,N,,08/2022,Analyst
13-1031.00,1.A.2.c.1,Reaction Time,LV,0.0,8,0.0,0.0,0.0,N,Y,08/2022,Analyst
13-1031.00,1.A.2.c.2,Wrist-Finger Speed,IM,2.0,8,0.2673,1.4762,2.5238,N,,08/2022,Analyst
13-1031.00,1.A.2.c.2,Wrist-Finger Speed,LV,1.38,8,0.4605,0.4724,2.2776,N,N,08/2022,Analyst
13-1031.00,1.A.2.c.3,Speed of Limb Movement,IM,1.12,8,0.125,1.0,1.37,N,,08/2022,Analyst
13-1031.00,1.A.2.c.3,Speed of Limb Movement,LV,0.12,8,0.125,0.0,0.37,N,Y,08/2022,Analyst
13-1031.00,1.A.3.a.1,Static Strength,IM,1.0,8,0.0,1.0,1.0,N,,08/2022,Analyst
13-1031.00,1.A.3.a.1,Static Strength,LV,0.0,8,0.0,0.0,0.0,N,Y,08/2022,Analyst
13-1031.00,1.A.3.a.2,Explosive Strength,IM,1.0,8,0.0,1.0,1.0,N,,08/2022,Analyst
13-1031.00,1.A.3.a.2,Explosive Strength,LV,0.0,8,0.0,0.0,0.0,N,Y,08/2022,Analyst
13-1031.00,1.A.3.a.3,Dynamic Strength,IM,1.5,8,0.189,1.1296,1.8704,N,,08/2022,Analyst
13-1031.00,1.A.3.a.3,Dynamic Strength,LV,0.5,8,0.189,0.1296,0.8704,N,N,08/2022,Analyst
13-1031.00,1.A.3.a.4,Trunk Strength,IM,2.38,8,0.183,2.0164,2.7336,N,,08/2022,Analyst
13-1031.00,1.A.3.a.4,Trunk Strength,LV,1.62,8,0.183,1.2664,1.9836,N,N,08/2022,Analyst
13-1031.00,1.A.3.b.1,Stamina,IM,1.0,8,0.0,1.0,1.0,N,,08/2022,Analyst
13-1031.00,1.A.3.b.1,Stamina,LV,0.0,8,0.0,0.0,0.0,N,Y,08/2022,Analyst
13-1031.00,1.A.3.c.1,Extent Flexibility,IM,1.0,8,0.0,1.0,1.0,N,,08/2022,Analyst
13-1031.00,1.A.3.c.1,Extent Flexibility,LV,0.0,8,0.0,0.0,0.0,N,Y,08/2022,Analyst
13-1031.00,1.A.3.c.2,Dynamic Flexibility,IM,1.0,8,0.0,1.0,1.0,N,,08/2022,Analyst
13-1031.00,1.A.3.c.2,Dynamic Flexibility,LV,0.0,8,0.0,0.0,0.0,N,Y,08/2022,Analyst
13-1031.00,1.A.3.c.3,Gross Body Coordination,IM,1.0,8,0.0,1.0,1.0,N,,08/2022,Analyst
13-1031.00,1.A.3.c.3,Gross Body Coordination,LV,0.0,8,0.0,0.0,0.0,N,Y,08/2022,Analyst
13-1031.00,1.A.3.c.4,Gross Body Equilibrium,IM,1.0,8,0.0,1.0,1.0,N,,08/2022,Analyst
13-1031.00,1.A.3.c.4,Gross Body Equilibrium,LV,0.0,8,0.0,0.0,0.0,N,Y,08/2022,Analyst
13-1031.00,1.A.4.a.1,Near Vision,IM,3.88,8,0.125,3.63,4.12,N,,08/2022,Analyst
13-1031.00,1.A.4.a.1,Near Vision,LV,4.0,8,0.2673,3.4762,4.5238,N,N,08/2022,Analyst
13-1031.00,1.A.4.a.2,Far Vision,IM,2.88,8,0.295,2.2967,3.4533,N,,08/2022,Analyst
13-1031.00,1.A.4.a.2,Far Vision,LV,3.0,8,0.189,2.6296,3.3704,N,N,08/2022,Analyst
13-1031.00,1.A.4.a.3,Visual Color Discrimination,IM,2.12,8,0.295,1.5467,2.7033,N,,08/2022,Analyst
13-1031.00,1.A.4.a.3,Visual Color Discrimination,LV,1.75,8,0.4532,0.8618,2.6382,N,N,08/2022,Analyst
13-1031.00,1.A.4.a.4,Night Vision,IM,1.0,8,0.0,1.0,1.0,N,,08/2022,Analyst
13-1031.00,1.A.4.a.4,Night Vision,LV,0.0,8,0.0,0.0,0.0,N,Y,08/2022,Analyst
13-1031.00,1.A.4.a.5,Peripheral Vision,IM,1.0,8,0.0,1.0,1.0,N,,08/2022,Analyst
13-1031.00,1.A.4.a.5,Peripheral Vision,LV,0.0,8,0.0,0.0,0.0,N,Y,08/2022,Analyst
13-1031.00,1.A.4.a.6,Depth Perception,IM,1.5,8,0.189,1.1296,1.8704,N,,08/2022,Analyst
13-1031.00,1.A.4.a.6,Depth Perception,LV,0.88,8,0.3504,0.1883,1.5617,N,N,08/2022,Analyst
13-1031.00,1.A.4.a.7,Glare Sensitivity,IM,1.0,8,0.0,1.0,1.0,N,,08/2022,Analyst
13-1031.00,1.A.4.a.7,Glare Sensitivity,LV,0.0,8,0.0,0.0,0.0,N,Y,08/2022,Analyst
13-1031.00,1.A.4.b.1,Hearing Sensitivity,IM,1.88,8,0.2266,1.4309,2.3191,N,,08/2022,Analyst
13-1031.00,1.A.4.b.1,Hearing Sensitivity,LV,1.38,8,0.3239,0.7402,2.0098,N,N,08/2022,Analyst
13-1031.00,1.A.4.b.2,Auditory Attention,IM,2.38,8,0.183,2.0164,2.7336,N,,08/2022,Analyst
13-1031.00,1.A.4.b.2,Auditory Attention,LV,2.12,8,0.125,1.88,2.37,N,N,08/2022,Analyst
13-1031.00,1.A.4.b.3,Sound Localization,IM,1.0,8,0.0,1.0,1.0,N,,08/2022,Analyst
13-1031.00,1.A.4.b.3,Sound Localization,LV,0.0,8,0.0,0.0,0.0,N,Y,08/2022,Analyst
13-1031.00,1.A.4.b.4,Speech Recognition,IM,3.5,8,0.2673,2.9762,4.0238,N,,08/2022,Analyst
13-1031.00,1.A.4.b.4,Speech Recognition,LV,3.62,8,0.2631,3.1094,4.1406,N,N,08/2022,Analyst
13-1031.00,1.A.4.b.5,Speech Clarity,IM,3.62,8,0.183,3.2664,3.9836,N,,08/2022,Analyst
13-1031.00,1.A.4.b.5,Speech Clarity,LV,3.5,8,0.2673,2.9762,4.0238,N,N,08/2022,Analyst
13-1032.00,1.A.1.a.1,Oral Comprehension,IM,4.0,8,0.0,4.0,4.0,N,,07/2016,Analyst
13-1032.00,1.A.1.a.1,Oral Comprehension,LV,4.0,8,0.0,4.0,4.0,N,N,07/2016,Analyst
13-1032.00,1.A.1.a.2,Written Comprehension,IM,3.75,8,0.1637,3.4292,4.0708,N,,07/2016,Analyst
13-1032.00,1.A.1.a.2,Written Comprehension,LV,3.75,8,0.1637,3.4292,4.0708,N,N,07/2016,Analyst
13-1032.00,1.A.1.a.3,Oral Expression,IM,4.0,8,0.0,4.0,4.0,N,,07/2016,Analyst
13-1032.00,1.A.1.a.3,Oral Expression,LV,4.0,8,0.0,4.0,4.0,N,N,07/2016,Analyst
13-1032.00,1.A.1.a.4,Written Expression,IM,3.62,8,0.183,3.2664,3.9836,N,,07/2016,Analyst
13-1032.00,1.A.1.a.4,Written Expression,LV,3.75,8,0.1637,3.4292,4.0708,N,N,07/2016,Analyst
13-1032.00,1.A.1.b.1,Fluency of Ideas,IM,2.38,8,0.183,2.0164,2.7336,N,,07/2016,Analyst
13-1032.00,1.A.1.b.1,Fluency of Ideas,LV,2.62,8,0.183,2.2664,2.9836,N,N,07/2016,Analyst
13-1032.00,1.A.1.b.2,Originality,IM,2.38,8,0.183,2.0164,2.7336,N,,07/2016,Analyst
13-1032.00,1.A.1.b.2,Originality,LV,2.62,8,0.183,2.2664,2.9836,N,N,07/2016,Analyst
13-1032.00,1.A.1.b.3,Problem Sensitivity,IM,3.75,8,0.1637,3.4292,4.0708,N,,07/2016,Analyst
13-1032.00,1.A.1.b.3,Problem Sensitivity,LV,3.62,8,0.183,3.2664,3.9836,N,N,07/2016,Analyst
13-1032.00,1.A.1.b.4,Deductive Reasoning,IM,3.25,8,0.1637,2.9292,3.5708,N,,07/2016,Analyst
13-1032.00,1.A.1.b.4,Deductive Reasoning,LV,3.75,8,0.1637,3.4292,4.0708,N,N,07/2016,Analyst
13-1032.00,1.A.1.b.5,Inductive Reasoning,IM,3.25,8,0.1637,2.9292,3.5708,N,,07/2016,Analyst
13-1032.00,1.A.1.b.5,Inductive Reasoning,LV,3.5,8,0.189,3.1296,3.8704,N,N,07/2016,Analyst
13-1032.00,1.A.1.b.6,Information Ordering,IM,3.12,8,0.125,2.88,3.37,N,,07/2016,Analyst
13-1032.00,1.A.1.b.6,Information Ordering,LV,3.12,8,0.125,2.88,3.37,N,N,07/2016,Analyst
13-1032.00,1.A.1.b.7,Category Flexibility,IM,3.12,8,0.125,2.88,3.37,N,,07/2016,Analyst
13-1032.00,1.A.1.b.7,Category Flexibility,LV,3.12,8,0.125,2.88,3.37,N,N,07/2016,Analyst
13-1032.00,1.A.1.c.1,Mathematical Reasoning,IM,2.62,8,0.183,2.2664,2.9836,N,,07/2016,Analyst
13-1032.00,1.A.1.c.1,Mathematical Reasoning,LV,2.5,8,0.189,2.1296,2.8704,N,N,07/2016,Analyst
13-1032.00,1.A.1.c.2,Number Facility,IM,2.75,8,0.25,2.26,3.24,N,,07/2016,Analyst
13-1032.00,1.A.1.c.2,Number Facility,LV,2.5,8,0.189,2.1296,2.8704,N,N,07/2016,Analyst
13-1032.00,1.A.1.d.1,Memorization,IM,2.0,8,0.0,2.0,2.0,N,,07/2016,Analyst
13-1032.00,1.A.1.d.1,Memorization,LV,1.75,8,0.25,1.26,2.24,N,N,07/2016,Analyst
13-1032.00,1.A.1.e.1,Speed of Closure,IM,2.25,8,0.1637,1.9292,2.5708,N,,07/2016,Analyst
13-1032.00,1.A.1.e.1,Speed of Closure,LV,2.12,8,0.125,1.88,2.37,N,N,07/2016,Analyst
13-1032.00,1.A.1.e.2,Flexibility of Closure,IM,2.88,8,0.2266,2.4309,3.3191,N,,07/2016,Analyst
13-1032.00,1.A.1.e.2,Flexibility of Closure,LV,2.75,8,0.1637,2.4292,3.0708,N,N,07/2016,Analyst
13-1032.00,1.A.1.e.3,Perceptual Speed,IM,2.38,8,0.183,2.0164,2.7336,N,,07/2016,Analyst
13-1032.00,1.A.1.e.3,Perceptual Speed,LV,2.38,8,0.183,2.0164,2.7336,N,N,07/2016,Analyst
13-1032.00,1.A.1.f.1,Spatial Orientation,IM,2.12,8,0.125,1.88,2.37,N,,07/2016,Analyst
13-1032.00,1.A.1.f.1,Spatial Orientation,LV,1.38,8,0.183,1.0164,1.7336,N,N,07/2016,Analyst
13-1032.00,1.A.1.f.2,Visualization,IM,2.38,8,0.183,2.0164,2.7336,N,,07/2016,Analyst
13-1032.00,1.A.1.f.2,Visualization,LV,2.75,8,0.1637,2.4292,3.0708,N,N,07/2016,Analyst
13-1032.00,1.A.1.g.1,Selective Attention,IM,3.12,8,0.125,2.88,3.37,N,,07/2016,Analyst
13-1032.00,1.A.1.g.1,Selective Attention,LV,3.0,8,0.189,2.6296,3.3704,N,N,07/2016,Analyst
13-1032.00,1.A.1.g.2,Time Sharing,IM,2.25,8,0.1637,1.9292,2.5708,N,,07/2016,Analyst
13-1032.00,1.A.1.g.2,Time Sharing,LV,2.25,8,0.1637,1.9292,2.5708,N,N,07/2016,Analyst
13-1032.00,1.A.2.a.1,Arm-Hand Steadiness,IM,2.5,8,0.189,2.1296,2.8704,N,,07/2016,Analyst
13-1032.00,1.A.2.a.1,Arm-Hand Steadiness,LV,1.88,8,0.295,1.2967,2.4533,N,N,07/2016,Analyst
13-1032.00,1.A.2.a.2,Manual Dexterity,IM,2.12,8,0.125,1.88,2.37,N,,07/2016,Analyst
13-1032.00,1.A.2.a.2,Manual Dexterity,LV,1.38,8,0.183,1.0164,1.7336,N,N,07/2016,Analyst
13-1032.00,1.A.2.a.3,Finger Dexterity,IM,2.12,8,0.125,1.88,2.37,N,,07/2016,Analyst
13-1032.00,1.A.2.a.3,Finger Dexterity,LV,1.5,8,0.189,1.1296,1.8704,N,N,07/2016,Analyst
13-1032.00,1.A.2.b.1,Control Precision,IM,2.12,8,0.125,1.88,2.37,N,,07/2016,Analyst
13-1032.00,1.A.2.b.1,Control Precision,LV,1.75,8,0.25,1.26,2.24,N,N,07/2016,Analyst
13-1032.00,1.A.2.b.2,Multilimb Coordination,IM,2.0,8,0.0,2.0,2.0,N,,07/2016,Analyst
13-1032.00,1.A.2.b.2,Multilimb Coordination,LV,1.5,8,0.189,1.1296,1.8704,N,N,07/2016,Analyst
13-1032.00,1.A.2.b.3,Response Orientation,IM,1.5,8,0.189,1.1296,1.8704,N,,07/2016,Analyst
13-1032.00,1.A.2.b.3,Response Orientation,LV,0.75,8,0.3134,0.1358,1.3642,N,N,07/2016,Analyst
13-1032.00,1.A.2.b.4,Rate Control,IM,1.5,8,0.189,1.1296,1.8704,N,,07/2016,Analyst
13-1032.00,1.A.2.b.4,Rate Control,LV,0.75,8,0.3134,0.1358,1.3642,N,N,07/2016,Analyst
13-1032.00,1.A.2.c.1,Reaction Time,IM,1.5,8,0.189,1.1296,1.8704,N,,07/2016,Analyst
13-1032.00,1.A.2.c.1,Reaction Time,LV,0.75,8,0.3134,0.1358,1.3642,N,N,07/2016,Analyst
13-1032.00,1.A.2.c.2,Wrist-Finger Speed,IM,1.25,8,0.1637,1.0,1.5708,N,,07/2016,Analyst
13-1032.00,1.A.2.c.2,Wrist-Finger Speed,LV,0.38,8,0.2631,0.0,0.8906,N,Y,07/2016,Analyst
13-1032.00,1.A.2.c.3,Speed of Limb Movement,IM,1.0,8,0.0,1.0,1.0,N,,07/2016,Analyst
13-1032.00,1.A.2.c.3,Speed of Limb Movement,LV,0.0,8,0.0,0.0,0.0,N,Y,07/2016,Analyst
13-1032.00,1.A.3.a.1,Static Strength,IM,1.62,8,0.183,1.2664,1.9836,N,,07/2016,Analyst
13-1032.00,1.A.3.a.1,Static Strength,LV,0.75,8,0.25,0.26,1.24,N,N,07/2016,Analyst
13-1032.00,1.A.3.a.2,Explosive Strength,IM,1.38,8,0.183,1.0164,1.7336,N,,07/2016,Analyst
13-1032.00,1.A.3.a.2,Explosive Strength,LV,0.38,8,0.183,0.0164,0.7336,N,N,07/2016,Analyst
13-1032.00,1.A.3.a.3,Dynamic Strength,IM,1.5,8,0.189,1.1296,1.8704,N,,07/2016,Analyst
13-1032.00,1.A.3.a.3,Dynamic Strength,LV,0.88,8,0.3504,0.1883,1.5617,N,N,07/2016,Analyst
13-1032.00,1.A.3.a.4,Trunk Strength,IM,1.88,8,0.295,1.2967,2.4533,N,,07/2016,Analyst
13-1032.00,1.A.3.a.4,Trunk Strength,LV,1.12,8,0.3981,0.3447,1.9053,N,N,07/2016,Analyst
13-1032.00,1.A.3.b.1,Stamina,IM,1.38,8,0.183,1.0164,1.7336,N,,07/2016,Analyst
13-1032.00,1.A.3.b.1,Stamina,LV,0.38,8,0.183,0.0164,0.7336,N,N,07/2016,Analyst
13-1032.00,1.A.3.c.1,Extent Flexibility,IM,1.75,8,0.25,1.26,2.24,N,,07/2016,Analyst
13-1032.00,1.A.3.c.1,Extent Flexibility,LV,1.0,8,0.3273,0.3584,1.6416,N,N,07/2016,Analyst
13-1032.00,1.A.3.c.2,Dynamic Flexibility,IM,1.0,8,0.0,1.0,1.0,N,,07/2016,Analyst
13-1032.00,1.A.3.c.2,Dynamic Flexibility,LV,0.0,8,0.0,0.0,0.0,N,Y,07/2016,Analyst
13-1032.00,1.A.3.c.3,Gross Body Coordination,IM,1.62,8,0.183,1.2664,1.9836,N,,07/2016,Analyst
13-1032.00,1.A.3.c.3,Gross Body Coordination,LV,0.75,8,0.25,0.26,1.24,N,N,07/2016,Analyst
13-1032.00,1.A.3.c.4,Gross Body Equilibrium,IM,1.25,8,0.1637,1.0,1.5708,N,,07/2016,Analyst
13-1032.00,1.A.3.c.4,Gross Body Equilibrium,LV,0.38,8,0.2631,0.0,0.8906,N,Y,07/2016,Analyst
13-1032.00,1.A.4.a.1,Near Vision,IM,3.25,8,0.1637,2.9292,3.5708,N,,07/2016,Analyst
13-1032.00,1.A.4.a.1,Near Vision,LV,3.75,8,0.1637,3.4292,4.0708,N,N,07/2016,Analyst
13-1032.00,1.A.4.a.2,Far Vision,IM,2.38,8,0.183,2.0164,2.7336,N,,07/2016,Analyst
13-1032.00,1.A.4.a.2,Far Vision,LV,2.62,8,0.183,2.2664,2.9836,N,N,07/2016,Analyst
13-1032.00,1.A.4.a.3,Visual Color Discrimination,IM,2.25,8,0.1637,1.9292,2.5708,N,,07/2016,Analyst
13-1032.00,1.A.4.a.3,Visual Color Discrimination,LV,2.38,8,0.183,2.0164,2.7336,N,N,07/2016,Analyst
13-1032.00,1.A.4.a.4,Night Vision,IM,1.75,8,0.1637,1.4292,2.0708,N,,07/2016,Analyst
13-1032.00,1.A.4.a.4,Night Vision,LV,1.0,8,0.2673,0.4762,1.5238,N,N,07/2016,Analyst
13-1032.00,1.A.4.a.5,Peripheral Vision,IM,1.88,8,0.125,1.63,2.12,N,,07/2016,Analyst
13-1032.00,1.A.4.a.5,Peripheral Vision,LV,1.12,8,0.2266,0.6809,1.5691,N,N,07/2016,Analyst
13-1032.00,1.A.4.a.6,Depth Perception,IM,2.38,8,0.183,2.0164,2.7336,N,,07/2016,Analyst
13-1032.00,1.A.4.a.6,Depth Perception,LV,2.0,8,0.189,1.6296,2.3704,N,N,07/2016,Analyst
13-1032.00,1.A.4.a.7,Glare Sensitivity,IM,2.0,8,0.189,1.6296,2.3704,N,,07/2016,Analyst
13-1032.00,1.A.4.a.7,Glare Sensitivity,LV,1.5,8,0.3273,0.8584,2.1416,N,N,07/2016,Analyst
13-1032.00,1.A.4.b.1,Hearing Sensitivity,IM,2.25,8,0.1637,1.9292,2.5708,N,,07/2016,Analyst
13-1032.00,1.A.4.b.1,Hearing Sensitivity,LV,2.0,8,0.189,1.6296,2.3704,N,N,07/2016,Analyst
13-1032.00,1.A.4.b.2,Auditory Attention,IM,2.12,8,0.2266,1.6809,2.5691,N,,07/2016,Analyst
13-1032.00,1.A.4.b.2,Auditory Attention,LV,1.88,8,0.295,1.2967,2.4533,N,N,07/2016,Analyst
13-1032.00,1.A.4.b.3,Sound Localization,IM,1.62,8,0.183,1.2664,1.9836,N,,07/2016,Analyst
13-1032.00,1.A.4.b.3,Sound Localization,LV,0.88,8,0.295,0.2967,1.4533,N,N,07/2016,Analyst
13-1032.00,1.A.4.b.4,Speech Recognition,IM,3.5,8,0.189,3.1296,3.8704,N,,07/2016,Analyst
13-1032.00,1.A.4.b.4,Speech Recognition,LV,3.25,8,0.1637,2.9292,3.5708,N,N,07/2016,Analyst
13-1032.00,1.A.4.b.5,Speech Clarity,IM,3.5,8,0.189,3.1296,3.8704,N,,07/2016,Analyst
13-1032.00,1.A.4.b.5,Speech Clarity,LV,3.12,8,0.125,2.88,3.37,N,N,07/2016,Analyst
13-1041.00,1.A.1.a.1,Oral Comprehension,IM,4.0,8,0.189,3.6296,4.3704,N,,08/2024,Analyst
13-1041.00,1.A.1.a.1,Oral Comprehension,LV,4.12,8,0.295,3.5467,4.7033,N,N,08/2024,Analyst
13-1041.00,1.A.1.a.2,Written Comprehension,IM,4.0,8,0.189,3.6296,4.3704,N,,08/2024,Analyst
13-1041.00,1.A.1.a.2,Written Comprehension,LV,4.0,8,0.189,3.6296,4.3704,N,N,08/2024,Analyst
13-1041.00,1.A.1.a.3,Oral Expression,IM,4.0,8,0.2673,3.4762,4.5238,N,,08/2024,Analyst
13-1041.00,1.A.1.a.3,Oral Expression,LV,4.12,8,0.125,3.88,4.37,N,N,08/2024,Analyst
13-1041.00,1.A.1.a.4,Written Expression,IM,4.0,8,0.189,3.6296,4.3704,N,,08/2024,Analyst
13-1041.00,1.A.1.a.4,Written Expression,LV,3.75,8,0.1637,3.4292,4.0708,N,N,08/2024,Analyst
13-1041.00,1.A.1.b.1,Fluency of Ideas,IM,3.0,8,0.189,2.6296,3.3704,N,,08/2024,Analyst
13-1041.00,1.A.1.b.1,Fluency of Ideas,LV,2.75,8,0.25,2.26,3.24,N,N,08/2024,Analyst
13-1041.00,1.A.1.b.2,Originality,IM,2.88,8,0.2266,2.4309,3.3191,N,,08/2024,Analyst
13-1041.00,1.A.1.b.2,Originality,LV,2.62,8,0.183,2.2664,2.9836,N,N,08/2024,Analyst
13-1041.00,1.A.1.b.3,Problem Sensitivity,IM,3.75,8,0.1637,3.4292,4.0708,N,,08/2024,Analyst
13-1041.00,1.A.1.b.3,Problem Sensitivity,LV,3.25,8,0.25,2.76,3.74,N,N,08/2024,Analyst
13-1041.00,1.A.1.b.4,Deductive Reasoning,IM,3.88,8,0.125,3.63,4.12,N,,08/2024,Analyst
13-1041.00,1.A.1.b.4,Deductive Reasoning,LV,3.5,8,0.189,3.1296,3.8704,N,N,08/2024,Analyst
13-1041.00,1.A.1.b.5,Inductive Reasoning,IM,3.5,8,0.189,3.1296,3.8704,N,,08/2024,Analyst
13-1041.00,1.A.1.b.5,Inductive Reasoning,LV,3.5,8,0.2673,2.9762,4.0238,N,N,08/2024,Analyst
13-1041.00,1.A.1.b.6,Information Ordering,IM,3.75,8,0.1637,3.4292,4.0708,N,,08/2024,Analyst
13-1041.00,1.A.1.b.6,Information Ordering,LV,3.38,8,0.183,3.0164,3.7336,N,N,08/2024,Analyst
13-1041.00,1.A.1.b.7,Category Flexibility,IM,3.38,8,0.183,3.0164,3.7336,N,,08/2024,Analyst
13-1041.00,1.A.1.b.7,Category Flexibility,LV,3.38,8,0.183,3.0164,3.7336,N,N,08/2024,Analyst
13-1041.00,1.A.1.c.1,Mathematical Reasoning,IM,2.12,8,0.2266,1.6809,2.5691,N,,08/2024,Analyst
13-1041.00,1.A.1.c.1,Mathematical Reasoning,LV,1.75,8,0.3134,1.1358,2.3642,N,N,08/2024,Analyst
13-1041.00,1.A.1.c.2,Number Facility,IM,2.25,8,0.1637,1.9292,2.5708,N,,08/2024,Analyst
13-1041.00,1.A.1.c.2,Number Facility,LV,2.12,8,0.2266,1.6809,2.5691,N,N,08/2024,Analyst
13-1041.00,1.A.1.d.1,Memorization,IM,2.5,8,0.189,2.1296,2.8704,N,,08/2024,Analyst
13-1041.00,1.A.1.d.1,Memorization,LV,2.25,8,0.1637,1.9292,2.5708,N,N,08/2024,Analyst
13-1041.00,1.A.1.e.1,Speed of Closure,IM,2.62,8,0.2631,2.1094,3.1406,N,,08/2024,Analyst
13-1041.00,1.A.1.e.1,Speed of Closure,LV,2.5,8,0.2673,1.9762,3.0238,N,N,08/2024,Analyst
13-1041.00,1.A.1.e.2,Flexibility of Closure,IM,2.88,8,0.295,2.2967,3.4533,N,,08/2024,Analyst
13-1041.00,1.A.1.e.2,Flexibility of Closure,LV,3.12,8,0.295,2.5467,3.7033,N,N,08/2024,Analyst
13-1041.00,1.A.1.e.3,Perceptual Speed,IM,2.75,8,0.1637,2.4292,3.0708,N,,08/2024,Analyst
13-1041.00,1.A.1.e.3,Perceptual Speed,LV,2.62,8,0.183,2.2664,2.9836,N,N,08/2024,Analyst
13-1041.00,1.A.1.f.1,Spatial Orientation,IM,1.88,8,0.125,1.63,2.12,N,,08/2024,Analyst
13-1041.00,1.A.1.f.1,Spatial Orientation,LV,1.38,8,0.2631,0.8594,1.8906,N,N,08/2024,Analyst
13-1041.00,1.A.1.f.2,Visualization,IM,2.5,8,0.189,2.1296,2.8704,N,,08/2024,Analyst
13-1041.00,1.A.1.f.2,Visualization,LV,2.25,8,0.3134,1.6358,2.8642,N,N,08/2024,Analyst
13-1041.00,1.A.1.g.1,Selective Attention,IM,3.0,8,0.2673,2.4762,3.5238,N,,08/2024,Analyst
13-1041.00,1.A.1.g.1,Selective Attention,LV,3.0,8,0.2673,2.4762,3.5238,N,N,08/2024,Analyst
13-1041.00,1.A.1.g.2,Time Sharing,IM,2.62,8,0.183,2.2664,2.9836,N,,08/2024,Analyst
13-1041.00,1.A.1.g.2,Time Sharing,LV,2.75,8,0.25,2.26,3.24,N,N,08/2024,Analyst
13-1041.00,1.A.2.a.1,Arm-Hand Steadiness,IM,1.62,8,0.183,1.2664,1.9836,N,,08/2024,Analyst
13-1041.00,1.A.2.a.1,Arm-Hand Steadiness,LV,1.0,8,0.3273,0.3584,1.6416,N,N,08/2024,Analyst
13-1041.00,1.A.2.a.2,Manual Dexterity,IM,1.62,8,0.183,1.2664,1.9836,N,,08/2024,Analyst
13-1041.00,1.A.2.a.2,Manual Dexterity,LV,0.88,8,0.295,0.2967,1.4533,N,N,08/2024,Analyst
13-1041.00,1.A.2.a.3,Finger Dexterity,IM,1.75,8,0.1637,1.4292,2.0708,N,,08/2024,Analyst
13-1041.00,1.A.2.a.3,Finger Dexterity,LV,1.12,8,0.295,0.5467,1.7033,N,N,08/2024,Analyst
13-1041.00,1.A.2.b.1,Control Precision,IM,1.62,8,0.183,1.2664,1.9836,N,,08/2024,Analyst
13-1041.00,1.A.2.b.1,Control Precision,LV,1.0,8,0.3273,0.3584,1.6416,N,N,08/2024,Analyst
13-1041.00,1.A.2.b.2,Multilimb Coordination,IM,1.88,8,0.2266,1.4309,2.3191,N,,08/2024,Analyst
13-1041.00,1.A.2.b.2,Multilimb Coordination,LV,1.12,8,0.295,0.5467,1.7033,N,N,08/2024,Analyst
13-1041.00,1.A.2.b.3,Response Orientation,IM,1.75,8,0.1637,1.4292,2.0708,N,,08/2024,Analyst
13-1041.00,1.A.2.b.3,Response Orientation,LV,1.12,8,0.295,0.5467,1.7033,N,N,08/2024,Analyst
13-1041.00,1.A.2.b.4,Rate Control,IM,1.75,8,0.1637,1.4292,2.0708,N,,08/2024,Analyst
13-1041.00,1.A.2.b.4,Rate Control,LV,1.12,8,0.295,0.5467,1.7033,N,N,08/2024,Analyst
13-1041.00,1.A.2.c.1,Reaction Time,IM,1.75,8,0.1637,1.4292,2.0708,N,,08/2024,Analyst
13-1041.00,1.A.2.c.1,Reaction Time,LV,1.12,8,0.295,0.5467,1.7033,N,N,08/2024,Analyst
13-1041.00,1.A.2.c.2,Wrist-Finger Speed,IM,1.88,8,0.3504,1.1883,2.5617,N,,08/2024,Analyst
13-1041.00,1.A.2.c.2,Wrist-Finger Speed,LV,1.5,8,0.5345,0.4523,2.5477,Y,N,08/2024,Analyst
13-1041.00,1.A.2.c.3,Speed of Limb Movement,IM,1.0,8,0.0,1.0,1.0,N,,08/2024,Analyst
13-1041.00,1.A.2.c.3,Speed of Limb Movement,LV,0.0,8,0.0,0.0,0.0,N,Y,08/2024,Analyst
13-1041.00,1.A.3.a.1,Static Strength,IM,1.62,8,0.183,1.2664,1.9836,N,,08/2024,Analyst
13-1041.00,1.A.3.a.1,Static Strength,LV,0.75,8,0.25,0.26,1.24,N,N,08/2024,Analyst
13-1041.00,1.A.3.a.2,Explosive Strength,IM,1.62,8,0.183,1.2664,1.9836,N,,08/2024,Analyst
13-1041.00,1.A.3.a.2,Explosive Strength,LV,0.75,8,0.25,0.26,1.24,N,N,08/2024,Analyst
13-1041.00,1.A.3.a.3,Dynamic Strength,IM,1.62,8,0.183,1.2664,1.9836,N,,08/2024,Analyst
13-1041.00,1.A.3.a.3,Dynamic Strength,LV,1.0,8,0.3273,0.3584,1.6416,N,N,08/2024,Analyst
13-1041.00,1.A.3.a.4,Trunk Strength,IM,2.12,8,0.2266,1.6809,2.5691,N,,08/2024,Analyst
13-1041.00,1.A.3.a.4,Trunk Strength,LV,1.75,8,0.25,1.26,2.24,N,N,08/2024,Analyst
13-1041.00,1.A.3.b.1,Stamina,IM,1.75,8,0.1637,1.4292,2.0708,N,,08/2024,Analyst
13-1041.00,1.A.3.b.1,Stamina,LV,0.88,8,0.2266,0.4309,1.3191,N,N,08/2024,Analyst
13-1041.00,1.A.3.c.1,Extent Flexibility,IM,1.88,8,0.2266,1.4309,2.3191,N,,08/2024,Analyst
13-1041.00,1.A.3.c.1,Extent Flexibility,LV,1.12,8,0.295,0.5467,1.7033,N,N,08/2024,Analyst
13-1041.00,1.A.3.c.2,Dynamic Flexibility,IM,1.0,8,0.0,1.0,1.0,N,,08/2024,Analyst
13-1041.00,1.A.3.c.2,Dynamic Flexibility,LV,0.0,8,0.0,0.0,0.0,N,Y,08/2024,Analyst
13-1041.00,1.A.3.c.3,Gross Body Coordination,IM,1.75,8,0.1637,1.4292,2.0708,N,,08/2024,Analyst
13-1041.00,1.A.3.c.3,Gross Body Coordination,LV,1.0,8,0.2673,0.4762,1.5238,N,N,08/2024,Analyst
13-1041.00,1.A.3.c.4,Gross Body Equilibrium,IM,1.75,8,0.1637,1.4292,2.0708,N,,08/2024,Analyst
13-1041.00,1.A.3.c.4,Gross Body Equilibrium,LV,1.12,8,0.295,0.5467,1.7033,N,N,08/2024,Analyst
13-1041.00,1.A.4.a.1,Near Vision,IM,3.5,8,0.189,3.1296,3.8704,N,,08/2024,Analyst
13-1041.00,1.A.4.a.1,Near Vision,LV,3.5,8,0.189,3.1296,3.8704,N,N,08/2024,Analyst
13-1041.00,1.A.4.a.2,Far Vision,IM,2.88,8,0.2266,2.4309,3.3191,N,,08/2024,Analyst
13-1041.00,1.A.4.a.2,Far Vision,LV,2.62,8,0.183,2.2664,2.9836,N,N,08/2024,Analyst
13-1041.00,1.A.4.a.3,Visual Color Discrimination,IM,2.62,8,0.3239,1.9902,3.2598,N,,08/2024,Analyst
13-1041.00,1.A.4.a.3,Visual Color Discrimination,LV,2.38,8,0.2631,1.8594,2.8906,N,N,08/2024,Analyst
13-1041.00,1.A.4.a.4,Night Vision,IM,1.62,8,0.183,1.2664,1.9836,N,,08/2024,Analyst
13-1041.00,1.A.4.a.4,Night Vision,LV,0.88,8,0.295,0.2967,1.4533,N,N,08/2024,Analyst
13-1041.00,1.A.4.a.5,Peripheral Vision,IM,1.75,8,0.1637,1.4292,2.0708,N,,08/2024,Analyst
13-1041.00,1.A.4.a.5,Peripheral Vision,LV,1.25,8,0.366,0.5327,1.9673,N,N,08/2024,Analyst
13-1041.00,1.A.4.a.6,Depth Perception,IM,2.0,8,0.189,1.6296,2.3704,N,,08/2024,Analyst
13-1041.00,1.A.4.a.6,Depth Perception,LV,1.75,8,0.3134,1.1358,2.3642,N,N,08/2024,Analyst
13-1041.00,1.A.4.a.7,Glare Sensitivity,IM,1.88,8,0.2266,1.4309,2.3191,N,,08/2024,Analyst
13-1041.00,1.A.4.a.7,Glare Sensitivity,LV,1.5,8,0.3273,0.8584,2.1416,N,N,08/2024,Analyst
13-1041.00,1.A.4.b.1,Hearing Sensitivity,IM,2.5,8,0.2673,1.9762,3.0238,N,,08/2024,Analyst
13-1041.00,1.A.4.b.1,Hearing Sensitivity,LV,2.0,8,0.3273,1.3584,2.6416,N,N,08/2024,Analyst
13-1041.00,1.A.4.b.2,Auditory Attention,IM,2.25,8,0.3134,1.6358,2.8642,N,,08/2024,Analyst
13-1041.00,1.A.4.b.2,Auditory Attention,LV,1.75,8,0.4119,0.9427,2.5573,N,N,08/2024,Analyst
13-1041.00,1.A.4.b.3,Sound Localization,IM,1.62,8,0.183,1.2664,1.9836,N,,08/2024,Analyst
13-1041.00,1.A.4.b.3,Sound Localization,LV,0.88,8,0.295,0.2967,1.4533,N,N,08/2024,Analyst
13-1041.00,1.A.4.b.4,Speech Recognition,IM,3.5,8,0.189,3.1296,3.8704,N,,08/2024,Analyst
13-1041.00,1.A.4.b.4,Speech Recognition,LV,3.62,8,0.2631,3.1094,4.1406,N,N,08/2024,Analyst
13-1041.00,1.A.4.b.5,Speech Clarity,IM,3.5,8,0.189,3.1296,3.8704,N,,08/2024,Analyst
13-1041.00,1.A.4.b.5,Speech Clarity,LV,3.38,8,0.2631,2.8594,3.8906,N,N,08/2024,Analyst
13-1041.01,1.A.1.a.1,Oral Comprehension,IM,4.0,8,0.0,4.0,4.0,N,,08/2021,Analyst
13-1041.01,1.A.1.a.1,Oral Comprehension,LV,4.75,8,0.1637,4.4292,5.0708,N,N,08/2021,Analyst
13-1041.01,1.A.1.a.2,Written Comprehension,IM,4.0,8,0.0,4.0,4.0,N,,08/2021,Analyst
13-1041.01,1.A.1.a.2,Written Comprehension,LV,4.38,8,0.183,4.0164,4.7336,N,N,08/2021,Analyst
13-1041.01,1.A.1.a.3,Oral Expression,IM,4.0,8,0.0,4.0,4.0,N,,08/2021,Analyst
13-1041.01,1.A.1.a.3,Oral Expression,LV,4.88,8,0.125,4.63,5.12,N,N,08/2021,Analyst
13-1041.01,1.A.1.a.4,Written Expression,IM,3.88,8,0.125,3.63,4.12,N,,08/2021,Analyst
13-1041.01,1.A.1.a.4,Written Expression,LV,4.75,8,0.1637,4.4292,5.0708,N,N,08/2021,Analyst
13-1041.01,1.A.1.b.1,Fluency of Ideas,IM,3.12,8,0.125,2.88,3.37,N,,08/2021,Analyst
13-1041.01,1.A.1.b.1,Fluency of Ideas,LV,3.25,8,0.1637,2.9292,3.5708,N,N,08/2021,Analyst
13-1041.01,1.A.1.b.2,Originality,IM,2.88,8,0.125,2.63,3.12,N,,08/2021,Analyst
13-1041.01,1.A.1.b.2,Originality,LV,3.12,8,0.125,2.88,3.37,N,N,08/2021,Analyst
13-1041.01,1.A.1.b.3,Problem Sensitivity,IM,4.12,8,0.125,3.88,4.37,N,,08/2021,Analyst
13-1041.01,1.A.1.b.3,Problem Sensitivity,LV,4.88,8,0.2266,4.4309,5.3191,N,N,08/2021,Analyst
13-1041.01,1.A.1.b.4,Deductive Reasoning,IM,4.0,8,0.0,4.0,4.0,N,,08/2021,Analyst
13-1041.01,1.A.1.b.4,Deductive Reasoning,LV,4.75,8,0.1637,4.4292,5.0708,N,N,08/2021,Analyst
13-1041.01,1.A.1.b.5,Inductive Reasoning,IM,4.0,8,0.0,4.0,4.0,N,,08/2021,Analyst
13-1041.01,1.A.1.b.5,Inductive Reasoning,LV,4.75,8,0.1637,4.4292,5.0708,N,N,08/2021,Analyst
13-1041.01,1.A.1.b.6,Information Ordering,IM,3.75,8,0.1637,3.4292,4.0708,N,,08/2021,Analyst
13-1041.01,1.A.1.b.6,Information Ordering,LV,4.0,8,0.0,4.0,4.0,N,N,08/2021,Analyst
13-1041.01,1.A.1.b.7,Category Flexibility,IM,3.62,8,0.183,3.2664,3.9836,N,,08/2021,Analyst
13-1041.01,1.A.1.b.7,Category Flexibility,LV,4.0,8,0.0,4.0,4.0,N,N,08/2021,Analyst
13-1041.01,1.A.1.c.1,Mathematical Reasoning,IM,3.0,8,0.0,3.0,3.0,N,,08/2021,Analyst
13-1041.01,1.A.1.c.1,Mathematical Reasoning,LV,3.0,8,0.0,3.0,3.0,N,N,08/2021,Analyst
13-1041.01,1.A.1.c.2,Number Facility,IM,3.12,8,0.125,2.88,3.37,N,,08/2021,Analyst
13-1041.01,1.A.1.c.2,Number Facility,LV,3.25,8,0.1637,2.9292,3.5708,N,N,08/2021,Analyst
13-1041.01,1.A.1.d.1,Memorization,IM,2.75,8,0.1637,2.4292,3.0708,N,,08/2021,Analyst
13-1041.01,1.A.1.d.1,Memorization,LV,3.0,8,0.0,3.0,3.0,N,N,08/2021,Analyst
13-1041.01,1.A.1.e.1,Speed of Closure,IM,2.88,8,0.125,2.63,3.12,N,,08/2021,Analyst
13-1041.01,1.A.1.e.1,Speed of Closure,LV,3.0,8,0.0,3.0,3.0,N,N,08/2021,Analyst
13-1041.01,1.A.1.e.2,Flexibility of Closure,IM,3.88,8,0.125,3.63,4.12,N,,08/2021,Analyst
13-1041.01,1.A.1.e.2,Flexibility of Closure,LV,4.12,8,0.125,3.88,4.37,N,N,08/2021,Analyst
13-1041.01,1.A.1.e.3,Perceptual Speed,IM,3.5,8,0.189,3.1296,3.8704,N,,08/2021,Analyst
13-1041.01,1.A.1.e.3,Perceptual Speed,LV,3.75,8,0.1637,3.4292,4.0708,N,N,08/2021,Analyst
13-1041.01,1.A.1.f.1,Spatial Orientation,IM,2.12,8,0.2266,1.6809,2.5691,N,,08/2021,Analyst
13-1041.01,1.A.1.f.1,Spatial Orientation,LV,1.88,8,0.295,1.2967,2.4533,N,N,08/2021,Analyst
13-1041.01,1.A.1.f.2,Visualization,IM,3.0,8,0.0,3.0,3.0,N,,08/2021,Analyst
13-1041.01,1.A.1.f.2,Visualization,LV,3.0,8,0.0,3.0,3.0,N,N,08/2021,Analyst
13-1041.01,1.A.1.g.1,Selective Attention,IM,3.0,8,0.0,3.0,3.0,N,,08/2021,Analyst
13-1041.01,1.A.1.g.1,Selective Attention,LV,3.0,8,0.0,3.0,3.0,N,N,08/2021,Analyst
13-1041.01,1.A.1.g.2,Time Sharing,IM,2.75,8,0.1637,2.4292,3.0708,N,,08/2021,Analyst
13-1041.01,1.A.1.g.2,Time Sharing,LV,2.75,8,0.1637,2.4292,3.0708,N,N,08/2021,Analyst
13-1041.01,1.A.2.a.1,Arm-Hand Steadiness,IM,2.0,8,0.0,2.0,2.0,N,,08/2021,Analyst
13-1041.01,1.A.2.a.1,Arm-Hand Steadiness,LV,1.88,8,0.125,1.63,2.12,N,N,08/2021,Analyst
13-1041.01,1.A.2.a.2,Manual Dexterity,IM,1.88,8,0.125,1.63,2.12,N,,08/2021,Analyst
13-1041.01,1.A.2.a.2,Manual Dexterity,LV,1.75,8,0.25,1.26,2.24,N,N,08/2021,Analyst
13-1041.01,1.A.2.a.3,Finger Dexterity,IM,2.5,8,0.2673,1.9762,3.0238,N,,08/2021,Analyst
13-1041.01,1.A.2.a.3,Finger Dexterity,LV,2.38,8,0.375,1.64,3.11,N,N,08/2021,Analyst
13-1041.01,1.A.2.b.1,Control Precision,IM,2.12,8,0.125,1.88,2.37,N,,08/2021,Analyst
13-1041.01,1.A.2.b.1,Control Precision,LV,2.5,8,0.189,2.1296,2.8704,N,N,08/2021,Analyst
13-1041.01,1.A.2.b.2,Multilimb Coordination,IM,2.12,8,0.125,1.88,2.37,N,,08/2021,Analyst
13-1041.01,1.A.2.b.2,Multilimb Coordination,LV,2.0,8,0.189,1.6296,2.3704,N,N,08/2021,Analyst
13-1041.01,1.A.2.b.3,Response Orientation,IM,1.88,8,0.125,1.63,2.12,N,,08/2021,Analyst
13-1041.01,1.A.2.b.3,Response Orientation,LV,1.62,8,0.2631,1.1094,2.1406,N,N,08/2021,Analyst
13-1041.01,1.A.2.b.4,Rate Control,IM,1.88,8,0.125,1.63,2.12,N,,08/2021,Analyst
13-1041.01,1.A.2.b.4,Rate Control,LV,1.5,8,0.2673,0.9762,2.0238,N,N,08/2021,Analyst
13-1041.01,1.A.2.c.1,Reaction Time,IM,1.88,8,0.125,1.63,2.12,N,,08/2021,Analyst
13-1041.01,1.A.2.c.1,Reaction Time,LV,1.75,8,0.25,1.26,2.24,N,N,08/2021,Analyst
13-1041.01,1.A.2.c.2,Wrist-Finger Speed,IM,1.5,8,0.189,1.1296,1.8704,N,,08/2021,Analyst
13-1041.01,1.A.2.c.2,Wrist-Finger Speed,LV,0.5,8,0.189,0.1296,0.8704,N,N,08/2021,Analyst
13-1041.01,1.A.2.c.3,Speed of Limb Movement,IM,1.5,8,0.189,1.1296,1.8704,N,,08/2021,Analyst
13-1041.01,1.A.2.c.3,Speed of Limb Movement,LV,0.5,8,0.189,0.1296,0.8704,N,N,08/2021,Analyst
13-1041.01,1.A.3.a.1,Static Strength,IM,2.0,8,0.0,2.0,2.0,N,,08/2021,Analyst
13-1041.01,1.A.3.a.1,Static Strength,LV,1.88,8,0.125,1.63,2.12,N,N,08/2021,Analyst
13-1041.01,1.A.3.a.2,Explosive Strength,IM,1.12,8,0.125,1.0,1.37,N,,08/2021,Analyst
13-1041.01,1.A.3.a.2,Explosive Strength,LV,0.12,8,0.125,0.0,0.37,N,Y,08/2021,Analyst
13-1041.01,1.A.3.a.3,Dynamic Strength,IM,1.88,8,0.125,1.63,2.12,N,,08/2021,Analyst
13-1041.01,1.A.3.a.3,Dynamic Strength,LV,1.25,8,0.25,0.76,1.74,N,N,08/2021,Analyst
13-1041.01,1.A.3.a.4,Trunk Strength,IM,2.12,8,0.125,1.88,2.37,N,,08/2021,Analyst
13-1041.01,1.A.3.a.4,Trunk Strength,LV,2.0,8,0.0,2.0,2.0,N,N,08/2021,Analyst
13-1041.01,1.A.3.b.1,Stamina,IM,1.88,8,0.125,1.63,2.12,N,,08/2021,Analyst
13-1041.01,1.A.3.b.1,Stamina,LV,1.25,8,0.25,0.76,1.74,N,N,08/2021,Analyst
13-1041.01,1.A.3.c.1,Extent Flexibility,IM,1.88,8,0.125,1.63,2.12,N,,08/2021,Analyst
13-1041.01,1.A.3.c.1,Extent Flexibility,LV,1.0,8,0.189,0.6296,1.3704,N,N,08/2021,Analyst
13-1041.01,1.A.3.c.2,Dynamic Flexibility,IM,1.0,8,0.0,1.0,1.0,N,,08/2021,Analyst
13-1041.01,1.A.3.c.2,Dynamic Flexibility,LV,0.0,8,0.0,0.0,0.0,N,Y,08/2021,Analyst
13-1041.01,1.A.3.c.3,Gross Body Coordination,IM,1.75,8,0.1637,1.4292,2.0708,N,,08/2021,Analyst
13-1041.01,1.A.3.c.3,Gross Body Coordination,LV,1.0,8,0.2673,0.4762,1.5238,N,N,08/2021,Analyst
13-1041.01,1.A.3.c.4,Gross Body Equilibrium,IM,1.75,8,0.1637,1.4292,2.0708,N,,08/2021,Analyst
13-1041.01,1.A.3.c.4,Gross Body Equilibrium,LV,0.88,8,0.2266,0.4309,1.3191,N,N,08/2021,Analyst
13-1041.01,1.A.4.a.1,Near Vision,IM,3.88,8,0.125,3.63,4.12,N,,08/2021,Analyst
13-1041.01,1.A.4.a.1,Near Vision,LV,3.88,8,0.125,3.63,4.12,N,N,08/2021,Analyst
13-1041.01,1.A.4.a.2,Far Vision,IM,3.25,8,0.1637,2.9292,3.5708,N,,08/2021,Analyst
13-1041.01,1.A.4.a.2,Far Vision,LV,3.75,8,0.25,3.26,4.24,N,N,08/2021,Analyst
13-1041.01,1.A.4.a.3,Visual Color Discrimination,IM,2.75,8,0.1637,2.4292,3.0708,N,,08/2021,Analyst
13-1041.01,1.A.4.a.3,Visual Color Discrimination,LV,2.88,8,0.125,2.63,3.12,N,N,08/2021,Analyst
13-1041.01,1.A.4.a.4,Night Vision,IM,1.62,8,0.183,1.2664,1.9836,N,,08/2021,Analyst
13-1041.01,1.A.4.a.4,Night Vision,LV,0.88,8,0.295,0.2967,1.4533,N,N,08/2021,Analyst
13-1041.01,1.A.4.a.5,Peripheral Vision,IM,1.75,8,0.1637,1.4292,2.0708,N,,08/2021,Analyst
13-1041.01,1.A.4.a.5,Peripheral Vision,LV,0.88,8,0.2266,0.4309,1.3191,N,N,08/2021,Analyst
13-1041.01,1.A.4.a.6,Depth Perception,IM,2.5,8,0.189,2.1296,2.8704,N,,08/2021,Analyst
13-1041.01,1.A.4.a.6,Depth Perception,LV,2.5,8,0.189,2.1296,2.8704,N,N,08/2021,Analyst
13-1041.01,1.A.4.a.7,Glare Sensitivity,IM,1.75,8,0.1637,1.4292,2.0708,N,,08/2021,Analyst
13-1041.01,1.A.4.a.7,Glare Sensitivity,LV,1.0,8,0.2673,0.4762,1.5238,N,N,08/2021,Analyst
13-1041.01,1.A.4.b.1,Hearing Sensitivity,IM,2.5,8,0.189,2.1296,2.8704,N,,08/2021,Analyst
13-1041.01,1.A.4.b.1,Hearing Sensitivity,LV,2.25,8,0.1637,1.9292,2.5708,N,N,08/2021,Analyst
13-1041.01,1.A.4.b.2,Auditory Attention,IM,2.88,8,0.125,2.63,3.12,N,,08/2021,Analyst
13-1041.01,1.A.4.b.2,Auditory Attention,LV,3.0,8,0.0,3.0,3.0,N,N,08/2021,Analyst
13-1041.01,1.A.4.b.3,Sound Localization,IM,1.88,8,0.125,1.63,2.12,N,,08/2021,Analyst
13-1041.01,1.A.4.b.3,Sound Localization,LV,1.25,8,0.25,0.76,1.74,N,N,08/2021,Analyst
13-1041.01,1.A.4.b.4,Speech Recognition,IM,3.62,8,0.183,3.2664,3.9836,N,,08/2021,Analyst
13-1041.01,1.A.4.b.4,Speech Recognition,LV,3.75,8,0.1637,3.4292,4.0708,N,N,08/2021,Analyst
13-1041.01,1.A.4.b.5,Speech Clarity,IM,3.62,8,0.183,3.2664,3.9836,N,,08/2021,Analyst
13-1041.01,1.A.4.b.5,Speech Clarity,LV,3.62,8,0.183,3.2664,3.9836,N,N,08/2021,Analyst
13-1041.03,1.A.1.a.1,Oral Comprehension,IM,4.25,8,0.1637,3.9292,4.5708,N,,07/2015,Analyst
13-1041.03,1.A.1.a.1,Oral Comprehension,LV,4.88,8,0.125,4.63,5.12,N,N,07/2015,Analyst
13-1041.03,1.A.1.a.2,Written Comprehension,IM,4.38,8,0.183,4.0164,4.7336,N,,07/2015,Analyst
13-1041.03,1.A.1.a.2,Written Comprehension,LV,4.38,8,0.183,4.0164,4.7336,N,N,07/2015,Analyst
13-1041.03,1.A.1.a.3,Oral Expression,IM,4.12,8,0.125,3.88,4.37,N,,07/2015,Analyst
13-1041.03,1.A.1.a.3,Oral Expression,LV,4.75,8,0.1637,4.4292,5.0708,N,N,07/2015,Analyst
13-1041.03,1.A.1.a.4,Written Expression,IM,4.12,8,0.125,3.88,4.37,N,,07/2015,Analyst
13-1041.03,1.A.1.a.4,Written Expression,LV,4.5,8,0.189,4.1296,4.8704,N,N,07/2015,Analyst
13-1041.03,1.A.1.b.1,Fluency of Ideas,IM,3.0,8,0.0,3.0,3.0,N,,07/2015,Analyst
13-1041.03,1.A.1.b.1,Fluency of Ideas,LV,3.75,8,0.1637,3.4292,4.0708,N,N,07/2015,Analyst
13-1041.03,1.A.1.b.2,Originality,IM,2.88,8,0.125,2.63,3.12,N,,07/2015,Analyst
13-1041.03,1.A.1.b.2,Originality,LV,3.5,8,0.189,3.1296,3.8704,N,N,07/2015,Analyst
13-1041.03,1.A.1.b.3,Problem Sensitivity,IM,4.12,8,0.125,3.88,4.37,N,,07/2015,Analyst
13-1041.03,1.A.1.b.3,Problem Sensitivity,LV,4.12,8,0.125,3.88,4.37,N,N,07/2015,Analyst
13-1041.03,1.A.1.b.4,Deductive Reasoning,IM,4.0,8,0.0,4.0,4.0,N,,07/2015,Analyst
13-1041.03,1.A.1.b.4,Deductive Reasoning,LV,4.38,8,0.183,4.0164,4.7336,N,N,07/2015,Analyst
13-1041.03,1.A.1.b.5,Inductive Reasoning,IM,4.12,8,0.125,3.88,4.37,N,,07/2015,Analyst
13-1041.03,1.A.1.b.5,Inductive Reasoning,LV,4.0,8,0.0,4.0,4.0,N,N,07/2015,Analyst
13-1041.03,1.A.1.b.6,Information Ordering,IM,3.75,8,0.1637,3.4292,4.0708,N,,07/2015,Analyst
13-1041.03,1.A.1.b.6,Information Ordering,LV,3.75,8,0.1637,3.4292,4.0708,N,N,07/2015,Analyst
13-1041.03,1.A.1.b.7,Category Flexibility,IM,3.25,8,0.1637,2.9292,3.5708,N,,07/2015,Analyst
13-1041.03,1.A.1.b.7,Category Flexibility,LV,3.5,8,0.189,3.1296,3.8704,N,N,07/2015,Analyst
13-1041.03,1.A.1.c.1,Mathematical Reasoning,IM,2.75,8,0.1637,2.4292,3.0708,N,,07/2015,Analyst
13-1041.03,1.A.1.c.1,Mathematical Reasoning,LV,3.0,8,0.0,3.0,3.0,N,N,07/2015,Analyst
13-1041.03,1.A.1.c.2,Number Facility,IM,2.75,8,0.1637,2.4292,3.0708,N,,07/2015,Analyst
13-1041.03,1.A.1.c.2,Number Facility,LV,3.12,8,0.125,2.88,3.37,N,N,07/2015,Analyst
13-1041.03,1.A.1.d.1,Memorization,IM,2.62,8,0.183,2.2664,2.9836,N,,07/2015,Analyst
13-1041.03,1.A.1.d.1,Memorization,LV,2.88,8,0.125,2.63,3.12,N,N,07/2015,Analyst
13-1041.03,1.A.1.e.1,Speed of Closure,IM,3.0,8,0.189,2.6296,3.3704,N,,07/2015,Analyst
13-1041.03,1.A.1.e.1,Speed of Closure,LV,3.12,8,0.2266,2.6809,3.5691,N,N,07/2015,Analyst
13-1041.03,1.A.1.e.2,Flexibility of Closure,IM,3.25,8,0.1637,2.9292,3.5708,N,,07/2015,Analyst
13-1041.03,1.A.1.e.2,Flexibility of Closure,LV,3.25,8,0.1637,2.9292,3.5708,N,N,07/2015,Analyst
13-1041.03,1.A.1.e.3,Perceptual Speed,IM,2.88,8,0.125,2.63,3.12,N,,07/2015,Analyst
13-1041.03,1.A.1.e.3,Perceptual Speed,LV,2.75,8,0.1637,2.4292,3.0708,N,N,07/2015,Analyst
13-1041.03,1.A.1.f.1,Spatial Orientation,IM,1.0,8,0.0,1.0,1.0,N,,07/2015,Analyst
13-1041.03,1.A.1.f.1,Spatial Orientation,LV,0.0,8,0.0,0.0,0.0,N,Y,07/2015,Analyst
13-1041.03,1.A.1.f.2,Visualization,IM,2.38,8,0.183,2.0164,2.7336,N,,07/2015,Analyst
13-1041.03,1.A.1.f.2,Visualization,LV,2.25,8,0.1637,1.9292,2.5708,N,N,07/2015,Analyst
13-1041.03,1.A.1.g.1,Selective Attention,IM,2.88,8,0.125,2.63,3.12,N,,07/2015,Analyst
13-1041.03,1.A.1.g.1,Selective Attention,LV,2.75,8,0.1637,2.4292,3.0708,N,N,07/2015,Analyst
13-1041.03,1.A.1.g.2,Time Sharing,IM,2.88,8,0.125,2.63,3.12,N,,07/2015,Analyst
13-1041.03,1.A.1.g.2,Time Sharing,LV,2.88,8,0.125,2.63,3.12,N,N,07/2015,Analyst
13-1041.03,1.A.2.a.1,Arm-Hand Steadiness,IM,1.0,8,0.0,1.0,1.0,N,,07/2015,Analyst
13-1041.03,1.A.2.a.1,Arm-Hand Steadiness,LV,0.0,8,0.0,0.0,0.0,N,Y,07/2015,Analyst
13-1041.03,1.A.2.a.2,Manual Dexterity,IM,1.0,8,0.0,1.0,1.0,N,,07/2015,Analyst
13-1041.03,1.A.2.a.2,Manual Dexterity,LV,0.0,8,0.0,0.0,0.0,N,Y,07/2015,Analyst
13-1041.03,1.A.2.a.3,Finger Dexterity,IM,2.0,8,0.2673,1.4762,2.5238,N,,07/2015,Analyst
13-1041.03,1.A.2.a.3,Finger Dexterity,LV,1.75,8,0.4119,0.9427,2.5573,N,N,07/2015,Analyst
13-1041.03,1.A.2.b.1,Control Precision,IM,1.0,8,0.0,1.0,1.0,N,,07/2015,Analyst
13-1041.03,1.A.2.b.1,Control Precision,LV,0.0,8,0.0,0.0,0.0,N,Y,07/2015,Analyst
13-1041.03,1.A.2.b.2,Multilimb Coordination,IM,1.0,8,0.0,1.0,1.0,N,,07/2015,Analyst
13-1041.03,1.A.2.b.2,Multilimb Coordination,LV,0.0,8,0.0,0.0,0.0,N,Y,07/2015,Analyst
13-1041.03,1.A.2.b.3,Response Orientation,IM,1.0,8,0.0,1.0,1.0,N,,07/2015,Analyst
13-1041.03,1.A.2.b.3,Response Orientation,LV,0.0,8,0.0,0.0,0.0,N,Y,07/2015,Analyst
13-1041.03,1.A.2.b.4,Rate Control,IM,1.0,8,0.0,1.0,1.0,N,,07/2015,Analyst
13-1041.03,1.A.2.b.4,Rate Control,LV,0.0,8,0.0,0.0,0.0,N,Y,07/2015,Analyst
13-1041.03,1.A.2.c.1,Reaction Time,IM,1.0,8,0.0,1.0,1.0,N,,07/2015,Analyst
13-1041.03,1.A.2.c.1,Reaction Time,LV,0.0,8,0.0,0.0,0.0,N,Y,07/2015,Analyst
13-1041.03,1.A.2.c.2,Wrist-Finger Speed,IM,1.62,8,0.183,1.2664,1.9836,N,,07/2015,Analyst
13-1041.03,1.A.2.c.2,Wrist-Finger Speed,LV,0.75,8,0.25,0.26,1.24,N,N,07/2015,Analyst
13-1041.03,1.A.2.c.3,Speed of Limb Movement,IM,1.0,8,0.0,1.0,1.0,N,,07/2015,Analyst
13-1041.03,1.A.2.c.3,Speed of Limb Movement,LV,0.0,8,0.0,0.0,0.0,N,Y,07/2015,Analyst
13-1041.03,1.A.3.a.1,Static Strength,IM,1.0,8,0.0,1.0,1.0,N,,07/2015,Analyst
13-1041.03,1.A.3.a.1,Static Strength,LV,0.0,8,0.0,0.0,0.0,N,Y,07/2015,Analyst
13-1041.03,1.A.3.a.2,Explosive Strength,IM,1.0,8,0.0,1.0,1.0,N,,07/2015,Analyst
13-1041.03,1.A.3.a.2,Explosive Strength,LV,0.0,8,0.0,0.0,0.0,N,Y,07/2015,Analyst
13-1041.03,1.A.3.a.3,Dynamic Strength,IM,1.25,8,0.1637,1.0,1.5708,N,,07/2015,Analyst
13-1041.03,1.A.3.a.3,Dynamic Strength,LV,0.25,8,0.1637,0.0,0.5708,N,Y,07/2015,Analyst
13-1041.03,1.A.3.a.4,Trunk Strength,IM,1.75,8,0.25,1.26,2.24,N,,07/2015,Analyst
13-1041.03,1.A.3.a.4,Trunk Strength,LV,1.0,8,0.3273,0.3584,1.6416,N,N,07/2015,Analyst
13-1041.03,1.A.3.b.1,Stamina,IM,1.0,8,0.0,1.0,1.0,N,,07/2015,Analyst
13-1041.03,1.A.3.b.1,Stamina,LV,0.0,8,0.0,0.0,0.0,N,Y,07/2015,Analyst
13-1041.03,1.A.3.c.1,Extent Flexibility,IM,1.0,8,0.0,1.0,1.0,N,,07/2015,Analyst
13-1041.03,1.A.3.c.1,Extent Flexibility,LV,0.0,8,0.0,0.0,0.0,N,Y,07/2015,Analyst
13-1041.03,1.A.3.c.2,Dynamic Flexibility,IM,1.0,8,0.0,1.0,1.0,N,,07/2015,Analyst
13-1041.03,1.A.3.c.2,Dynamic Flexibility,LV,0.0,8,0.0,0.0,0.0,N,Y,07/2015,Analyst
13-1041.03,1.A.3.c.3,Gross Body Coordination,IM,1.0,8,0.0,1.0,1.0,N,,07/2015,Analyst
13-1041.03,1.A.3.c.3,Gross Body Coordination,LV,0.0,8,0.0,0.0,0.0,N,Y,07/2015,Analyst
13-1041.03,1.A.3.c.4,Gross Body Equilibrium,IM,1.0,8,0.0,1.0,1.0,N,,07/2015,Analyst
13-1041.03,1.A.3.c.4,Gross Body Equilibrium,LV,0.0,8,0.0,0.0,0.0,N,Y,07/2015,Analyst
13-1041.03,1.A.4.a.1,Near Vision,IM,3.75,8,0.1637,3.4292,4.0708,N,,07/2015,Analyst
13-1041.03,1.A.4.a.1,Near Vision,LV,4.25,8,0.25,3.76,4.74,N,N,07/2015,Analyst
13-1041.03,1.A.4.a.2,Far Vision,IM,2.75,8,0.1637,2.4292,3.0708,N,,07/2015,Analyst
13-1041.03,1.A.4.a.2,Far Vision,LV,2.88,8,0.125,2.63,3.12,N,N,07/2015,Analyst
13-1041.03,1.A.4.a.3,Visual Color Discrimination,IM,1.88,8,0.125,1.63,2.12,N,,07/2015,Analyst
13-1041.03,1.A.4.a.3,Visual Color Discrimination,LV,1.62,8,0.2631,1.1094,2.1406,N,N,07/2015,Analyst
13-1041.03,1.A.4.a.4,Night Vision,IM,1.0,8,0.0,1.0,1.0,N,,07/2015,Analyst
13-1041.03,1.A.4.a.4,Night Vision,LV,0.0,8,0.0,0.0,0.0,N,Y,07/2015,Analyst
13-1041.03,1.A.4.a.5,Peripheral Vision,IM,1.0,8,0.0,1.0,1.0,N,,07/2015,Analyst
13-1041.03,1.A.4.a.5,Peripheral Vision,LV,0.0,8,0.0,0.0,0.0,N,Y,07/2015,Analyst
13-1041.03,1.A.4.a.6,Depth Perception,IM,1.25,8,0.1637,1.0,1.5708,N,,07/2015,Analyst
13-1041.03,1.A.4.a.6,Depth Perception,LV,0.38,8,0.2631,0.0,0.8906,N,Y,07/2015,Analyst
13-1041.03,1.A.4.a.7,Glare Sensitivity,IM,1.0,8,0.0,1.0,1.0,N,,07/2015,Analyst
13-1041.03,1.A.4.a.7,Glare Sensitivity,LV,0.0,8,0.0,0.0,0.0,N,Y,07/2015,Analyst
13-1041.03,1.A.4.b.1,Hearing Sensitivity,IM,1.88,8,0.125,1.63,2.12,N,,07/2015,Analyst
13-1041.03,1.A.4.b.1,Hearing Sensitivity,LV,1.62,8,0.2631,1.1094,2.1406,N,N,07/2015,Analyst
13-1041.03,1.A.4.b.2,Auditory Attention,IM,2.5,8,0.189,2.1296,2.8704,N,,07/2015,Analyst
13-1041.03,1.A.4.b.2,Auditory Attention,LV,2.5,8,0.189,2.1296,2.8704,N,N,07/2015,Analyst
13-1041.03,1.A.4.b.3,Sound Localization,IM,1.12,8,0.125,1.0,1.37,N,,07/2015,Analyst
13-1041.03,1.A.4.b.3,Sound Localization,LV,0.25,8,0.25,0.0,0.74,N,Y,07/2015,Analyst
13-1041.03,1.A.4.b.4,Speech Recognition,IM,4.0,8,0.0,4.0,4.0,N,,07/2015,Analyst
13-1041.03,1.A.4.b.4,Speech Recognition,LV,4.0,8,0.0,4.0,4.0,N,N,07/2015,Analyst
13-1041.03,1.A.4.b.5,Speech Clarity,IM,3.88,8,0.125,3.63,4.12,N,,07/2015,Analyst
13-1041.03,1.A.4.b.5,Speech Clarity,LV,3.75,8,0.1637,3.4292,4.0708,N,N,07/2015,Analyst
13-1041.04,1.A.1.a.1,Oral Comprehension,IM,4.0,8,0.0,4.0,4.0,N,,07/2016,Analyst
13-1041.04,1.A.1.a.1,Oral Comprehension,LV,4.0,8,0.0,4.0,4.0,N,N,07/2016,Analyst
13-1041.04,1.A.1.a.2,Written Comprehension,IM,4.0,8,0.0,4.0,4.0,N,,07/2016,Analyst
13-1041.04,1.A.1.a.2,Written Comprehension,LV,4.0,8,0.0,4.0,4.0,N,N,07/2016,Analyst
13-1041.04,1.A.1.a.3,Oral Expression,IM,4.0,8,0.0,4.0,4.0,N,,07/2016,Analyst
13-1041.04,1.A.1.a.3,Oral Expression,LV,4.0,8,0.0,4.0,4.0,N,N,07/2016,Analyst
13-1041.04,1.A.1.a.4,Written Expression,IM,4.0,8,0.0,4.0,4.0,N,,07/2016,Analyst
13-1041.04,1.A.1.a.4,Written Expression,LV,4.0,8,0.0,4.0,4.0,N,N,07/2016,Analyst
13-1041.04,1.A.1.b.1,Fluency of Ideas,IM,3.25,8,0.25,2.76,3.74,N,,07/2016,Analyst
13-1041.04,1.A.1.b.1,Fluency of Ideas,LV,3.38,8,0.2631,2.8594,3.8906,N,N,07/2016,Analyst
13-1041.04,1.A.1.b.2,Originality,IM,2.88,8,0.125,2.63,3.12,N,,07/2016,Analyst
13-1041.04,1.A.1.b.2,Originality,LV,3.0,8,0.189,2.6296,3.3704,N,N,07/2016,Analyst
13-1041.04,1.A.1.b.3,Problem Sensitivity,IM,4.0,8,0.0,4.0,4.0,N,,07/2016,Analyst
13-1041.04,1.A.1.b.3,Problem Sensitivity,LV,4.25,8,0.1637,3.9292,4.5708,N,N,07/2016,Analyst
13-1041.04,1.A.1.b.4,Deductive Reasoning,IM,4.0,8,0.0,4.0,4.0,N,,07/2016,Analyst
13-1041.04,1.A.1.b.4,Deductive Reasoning,LV,4.25,8,0.1637,3.9292,4.5708,N,N,07/2016,Analyst
13-1041.04,1.A.1.b.5,Inductive Reasoning,IM,4.12,8,0.125,3.88,4.37,N,,07/2016,Analyst
13-1041.04,1.A.1.b.5,Inductive Reasoning,LV,4.25,8,0.1637,3.9292,4.5708,N,N,07/2016,Analyst
13-1041.04,1.A.1.b.6,Information Ordering,IM,4.0,8,0.0,4.0,4.0,N,,07/2016,Analyst
13-1041.04,1.A.1.b.6,Information Ordering,LV,4.0,8,0.0,4.0,4.0,N,N,07/2016,Analyst
13-1041.04,1.A.1.b.7,Category Flexibility,IM,3.5,8,0.189,3.1296,3.8704,N,,07/2016,Analyst
13-1041.04,1.A.1.b.7,Category Flexibility,LV,3.75,8,0.1637,3.4292,4.0708,N,N,07/2016,Analyst
13-1041.04,1.A.1.c.1,Mathematical Reasoning,IM,3.0,8,0.0,3.0,3.0,N,,07/2016,Analyst
13-1041.04,1.A.1.c.1,Mathematical Reasoning,LV,3.0,8,0.0,3.0,3.0,N,N,07/2016,Analyst
13-1041.04,1.A.1.c.2,Number Facility,IM,3.0,8,0.0,3.0,3.0,N,,07/2016,Analyst
13-1041.04,1.A.1.c.2,Number Facility,LV,3.0,8,0.0,3.0,3.0,N,N,07/2016,Analyst
13-1041.04,1.A.1.d.1,Memorization,IM,3.12,8,0.125,2.88,3.37,N,,07/2016,Analyst
13-1041.04,1.A.1.d.1,Memorization,LV,3.12,8,0.125,2.88,3.37,N,N,07/2016,Analyst
13-1041.04,1.A.1.e.1,Speed of Closure,IM,3.25,8,0.1637,2.9292,3.5708,N,,07/2016,Analyst
13-1041.04,1.A.1.e.1,Speed of Closure,LV,3.38,8,0.183,3.0164,3.7336,N,N,07/2016,Analyst
13-1041.04,1.A.1.e.2,Flexibility of Closure,IM,3.75,8,0.1637,3.4292,4.0708,N,,07/2016,Analyst
13-1041.04,1.A.1.e.2,Flexibility of Closure,LV,4.0,8,0.189,3.6296,4.3704,N,N,07/2016,Analyst
13-1041.04,1.A.1.e.3,Perceptual Speed,IM,3.62,8,0.183,3.2664,3.9836,N,,07/2016,Analyst
13-1041.04,1.A.1.e.3,Perceptual Speed,LV,3.38,8,0.2631,2.8594,3.8906,N,N,07/2016,Analyst
13-1041.04,1.A.1.f.1,Spatial Orientation,IM,2.62,8,0.183,2.2664,2.9836,N,,07/2016,Analyst
13-1041.04,1.A.1.f.1,Spatial Orientation,LV,2.5,8,0.189,2.1296,2.8704,N,N,07/2016,Analyst
13-1041.04,1.A.1.f.2,Visualization,IM,3.25,8,0.1637,2.9292,3.5708,N,,07/2016,Analyst
13-1041.04,1.A.1.f.2,Visualization,LV,3.25,8,0.1637,2.9292,3.5708,N,N,07/2016,Analyst
13-1041.04,1.A.1.g.1,Selective Attention,IM,3.5,8,0.2673,2.9762,4.0238,N,,07/2016,Analyst
13-1041.04,1.A.1.g.1,Selective Attention,LV,3.0,8,0.189,2.6296,3.3704,N,N,07/2016,Analyst
13-1041.04,1.A.1.g.2,Time Sharing,IM,3.12,8,0.125,2.88,3.37,N,,07/2016,Analyst
13-1041.04,1.A.1.g.2,Time Sharing,LV,3.12,8,0.125,2.88,3.37,N,N,07/2016,Analyst
13-1041.04,1.A.2.a.1,Arm-Hand Steadiness,IM,2.5,8,0.189,2.1296,2.8704,N,,07/2016,Analyst
13-1041.04,1.A.2.a.1,Arm-Hand Steadiness,LV,2.38,8,0.2631,1.8594,2.8906,N,N,07/2016,Analyst
13-1041.04,1.A.2.a.2,Manual Dexterity,IM,2.38,8,0.183,2.0164,2.7336,N,,07/2016,Analyst
13-1041.04,1.A.2.a.2,Manual Dexterity,LV,2.12,8,0.2266,1.6809,2.5691,N,N,07/2016,Analyst
13-1041.04,1.A.2.a.3,Finger Dexterity,IM,2.75,8,0.1637,2.4292,3.0708,N,,07/2016,Analyst
13-1041.04,1.A.2.a.3,Finger Dexterity,LV,2.38,8,0.2631,1.8594,2.8906,N,N,07/2016,Analyst
13-1041.04,1.A.2.b.1,Control Precision,IM,2.25,8,0.1637,1.9292,2.5708,N,,07/2016,Analyst
13-1041.04,1.A.2.b.1,Control Precision,LV,2.25,8,0.25,1.76,2.74,N,N,07/2016,Analyst
13-1041.04,1.A.2.b.2,Multilimb Coordination,IM,2.38,8,0.183,2.0164,2.7336,N,,07/2016,Analyst
13-1041.04,1.A.2.b.2,Multilimb Coordination,LV,2.25,8,0.25,1.76,2.74,N,N,07/2016,Analyst
13-1041.04,1.A.2.b.3,Response Orientation,IM,2.12,8,0.125,1.88,2.37,N,,07/2016,Analyst
13-1041.04,1.A.2.b.3,Response Orientation,LV,2.12,8,0.2266,1.6809,2.5691,N,N,07/2016,Analyst
13-1041.04,1.A.2.b.4,Rate Control,IM,1.88,8,0.125,1.63,2.12,N,,07/2016,Analyst
13-1041.04,1.A.2.b.4,Rate Control,LV,1.62,8,0.2631,1.1094,2.1406,N,N,07/2016,Analyst
13-1041.04,1.A.2.c.1,Reaction Time,IM,2.12,8,0.2266,1.6809,2.5691,N,,07/2016,Analyst
13-1041.04,1.A.2.c.1,Reaction Time,LV,1.75,8,0.25,1.26,2.24,N,N,07/2016,Analyst
13-1041.04,1.A.2.c.2,Wrist-Finger Speed,IM,2.0,8,0.189,1.6296,2.3704,N,,07/2016,Analyst
13-1041.04,1.A.2.c.2,Wrist-Finger Speed,LV,1.0,8,0.189,0.6296,1.3704,N,N,07/2016,Analyst
13-1041.04,1.A.2.c.3,Speed of Limb Movement,IM,1.75,8,0.25,1.26,2.24,N,,07/2016,Analyst
13-1041.04,1.A.2.c.3,Speed of Limb Movement,LV,1.0,8,0.3273,0.3584,1.6416,N,N,07/2016,Analyst
13-1041.04,1.A.3.a.1,Static Strength,IM,2.12,8,0.125,1.88,2.37,N,,07/2016,Analyst
13-1041.04,1.A.3.a.1,Static Strength,LV,1.88,8,0.125,1.63,2.12,N,N,07/2016,Analyst
13-1041.04,1.A.3.a.2,Explosive Strength,IM,1.5,8,0.189,1.1296,1.8704,N,,07/2016,Analyst
13-1041.04,1.A.3.a.2,Explosive Strength,LV,0.62,8,0.2631,0.1094,1.1406,N,N,07/2016,Analyst
13-1041.04,1.A.3.a.3,Dynamic Strength,IM,1.88,8,0.125,1.63,2.12,N,,07/2016,Analyst
13-1041.04,1.A.3.a.3,Dynamic Strength,LV,1.12,8,0.2266,0.6809,1.5691,N,N,07/2016,Analyst
13-1041.04,1.A.3.a.4,Trunk Strength,IM,2.38,8,0.183,2.0164,2.7336,N,,07/2016,Analyst
13-1041.04,1.A.3.a.4,Trunk Strength,LV,2.12,8,0.125,1.88,2.37,N,N,07/2016,Analyst
13-1041.04,1.A.3.b.1,Stamina,IM,2.12,8,0.125,1.88,2.37,N,,07/2016,Analyst
13-1041.04,1.A.3.b.1,Stamina,LV,1.38,8,0.183,1.0164,1.7336,N,N,07/2016,Analyst
13-1041.04,1.A.3.c.1,Extent Flexibility,IM,2.0,8,0.0,2.0,2.0,N,,07/2016,Analyst
13-1041.04,1.A.3.c.1,Extent Flexibility,LV,1.5,8,0.189,1.1296,1.8704,N,N,07/2016,Analyst
13-1041.04,1.A.3.c.2,Dynamic Flexibility,IM,1.0,8,0.0,1.0,1.0,N,,07/2016,Analyst
13-1041.04,1.A.3.c.2,Dynamic Flexibility,LV,0.0,8,0.0,0.0,0.0,N,Y,07/2016,Analyst
13-1041.04,1.A.3.c.3,Gross Body Coordination,IM,2.0,8,0.0,2.0,2.0,N,,07/2016,Analyst
13-1041.04,1.A.3.c.3,Gross Body Coordination,LV,1.75,8,0.1637,1.4292,2.0708,N,N,07/2016,Analyst
13-1041.04,1.A.3.c.4,Gross Body Equilibrium,IM,1.88,8,0.125,1.63,2.12,N,,07/2016,Analyst
13-1041.04,1.A.3.c.4,Gross Body Equilibrium,LV,1.25,8,0.25,0.76,1.74,N,N,07/2016,Analyst
13-1041.04,1.A.4.a.1,Near Vision,IM,3.88,8,0.125,3.63,4.12,N,,07/2016,Analyst
13-1041.04,1.A.4.a.1,Near Vision,LV,4.5,8,0.189,4.1296,4.8704,N,N,07/2016,Analyst
13-1041.04,1.A.4.a.2,Far Vision,IM,3.75,8,0.1637,3.4292,4.0708,N,,07/2016,Analyst
13-1041.04,1.A.4.a.2,Far Vision,LV,3.88,8,0.2266,3.4309,4.3191,N,N,07/2016,Analyst
13-1041.04,1.A.4.a.3,Visual Color Discrimination,IM,3.12,8,0.125,2.88,3.37,N,,07/2016,Analyst
13-1041.04,1.A.4.a.3,Visual Color Discrimination,LV,3.12,8,0.125,2.88,3.37,N,N,07/2016,Analyst
13-1041.04,1.A.4.a.4,Night Vision,IM,1.88,8,0.125,1.63,2.12,N,,07/2016,Analyst
13-1041.04,1.A.4.a.4,Night Vision,LV,1.5,8,0.2673,0.9762,2.0238,N,N,07/2016,Analyst
13-1041.04,1.A.4.a.5,Peripheral Vision,IM,2.0,8,0.0,2.0,2.0,N,,07/2016,Analyst
13-1041.04,1.A.4.a.5,Peripheral Vision,LV,1.62,8,0.183,1.2664,1.9836,N,N,07/2016,Analyst
13-1041.04,1.A.4.a.6,Depth Perception,IM,2.88,8,0.125,2.63,3.12,N,,07/2016,Analyst
13-1041.04,1.A.4.a.6,Depth Perception,LV,2.62,8,0.183,2.2664,2.9836,N,N,07/2016,Analyst
13-1041.04,1.A.4.a.7,Glare Sensitivity,IM,2.25,8,0.25,1.76,2.74,N,,07/2016,Analyst
13-1041.04,1.A.4.a.7,Glare Sensitivity,LV,2.0,8,0.3273,1.3584,2.6416,N,N,07/2016,Analyst
13-1041.04,1.A.4.b.1,Hearing Sensitivity,IM,2.62,8,0.183,2.2664,2.9836,N,,07/2016,Analyst
13-1041.04,1.A.4.b.1,Hearing Sensitivity,LV,2.5,8,0.189,2.1296,2.8704,N,N,07/2016,Analyst
13-1041.04,1.A.4.b.2,Auditory Attention,IM,2.88,8,0.125,2.63,3.12,N,,07/2016,Analyst
13-1041.04,1.A.4.b.2,Auditory Attention,LV,2.62,8,0.183,2.2664,2.9836,N,N,07/2016,Analyst
13-1041.04,1.A.4.b.3,Sound Localization,IM,1.88,8,0.125,1.63,2.12,N,,07/2016,Analyst
13-1041.04,1.A.4.b.3,Sound Localization,LV,1.38,8,0.2631,0.8594,1.8906,N,N,07/2016,Analyst
13-1041.04,1.A.4.b.4,Speech Recognition,IM,3.88,8,0.125,3.63,4.12,N,,07/2016,Analyst
13-1041.04,1.A.4.b.4,Speech Recognition,LV,3.75,8,0.1637,3.4292,4.0708,N,N,07/2016,Analyst
13-1041.04,1.A.4.b.5,Speech Clarity,IM,3.88,8,0.125,3.63,4.12,N,,07/2016,Analyst
13-1041.04,1.A.4.b.5,Speech Clarity,LV,3.88,8,0.125,3.63,4.12,N,N,07/2016,Analyst
13-1041.06,1.A.1.a.1,Oral Comprehension,IM,4.12,8,0.125,3.88,4.37,N,,08/2024,Analyst
13-1041.06,1.A.1.a.1,Oral Comprehension,LV,4.75,8,0.1637,4.4292,5.0708,N,N,08/2024,Analyst
13-1041.06,1.A.1.a.2,Written Comprehension,IM,4.12,8,0.125,3.88,4.37,N,,08/2024,Analyst
13-1041.06,1.A.1.a.2,Written Comprehension,LV,4.12,8,0.125,3.88,4.37,N,N,08/2024,Analyst
13-1041.06,1.A.1.a.3,Oral Expression,IM,4.0,8,0.0,4.0,4.0,N,,08/2024,Analyst
13-1041.06,1.A.1.a.3,Oral Expression,LV,4.62,8,0.183,4.2664,4.9836,N,N,08/2024,Analyst
13-1041.06,1.A.1.a.4,Written Expression,IM,4.0,8,0.0,4.0,4.0,N,,08/2024,Analyst
13-1041.06,1.A.1.a.4,Written Expression,LV,4.12,8,0.125,3.88,4.37,N,N,08/2024,Analyst
13-1041.06,1.A.1.b.1,Fluency of Ideas,IM,3.25,8,0.1637,2.9292,3.5708,N,,08/2024,Analyst
13-1041.06,1.A.1.b.1,Fluency of Ideas,LV,3.25,8,0.1637,2.9292,3.5708,N,N,08/2024,Analyst
13-1041.06,1.A.1.b.2,Originality,IM,3.12,8,0.125,2.88,3.37,N,,08/2024,Analyst
13-1041.06,1.A.1.b.2,Originality,LV,3.0,8,0.0,3.0,3.0,N,N,08/2024,Analyst
13-1041.06,1.A.1.b.3,Problem Sensitivity,IM,3.88,8,0.125,3.63,4.12,N,,08/2024,Analyst
13-1041.06,1.A.1.b.3,Problem Sensitivity,LV,4.12,8,0.125,3.88,4.37,N,N,08/2024,Analyst
13-1041.06,1.A.1.b.4,Deductive Reasoning,IM,4.0,8,0.0,4.0,4.0,N,,08/2024,Analyst
13-1041.06,1.A.1.b.4,Deductive Reasoning,LV,4.12,8,0.125,3.88,4.37,N,N,08/2024,Analyst
13-1041.06,1.A.1.b.5,Inductive Reasoning,IM,4.0,8,0.0,4.0,4.0,N,,08/2024,Analyst
13-1041.06,1.A.1.b.5,Inductive Reasoning,LV,4.75,8,0.1637,4.4292,5.0708,N,N,08/2024,Analyst
13-1041.06,1.A.1.b.6,Information Ordering,IM,3.88,8,0.125,3.63,4.12,N,,08/2024,Analyst
13-1041.06,1.A.1.b.6,Information Ordering,LV,4.0,8,0.0,4.0,4.0,N,N,08/2024,Analyst
13-1041.06,1.A.1.b.7,Category Flexibility,IM,3.62,8,0.183,3.2664,3.9836,N,,08/2024,Analyst
13-1041.06,1.A.1.b.7,Category Flexibility,LV,4.0,8,0.0,4.0,4.0,N,N,08/2024,Analyst
13-1041.06,1.A.1.c.1,Mathematical Reasoning,IM,2.12,8,0.125,1.88,2.37,N,,08/2024,Analyst
13-1041.06,1.A.1.c.1,Mathematical Reasoning,LV,2.5,8,0.189,2.1296,2.8704,N,N,08/2024,Analyst
13-1041.06,1.A.1.c.2,Number Facility,IM,2.12,8,0.125,1.88,2.37,N,,08/2024,Analyst
13-1041.06,1.A.1.c.2,Number Facility,LV,2.62,8,0.183,2.2664,2.9836,N,N,08/2024,Analyst
13-1041.06,1.A.1.d.1,Memorization,IM,2.62,8,0.183,2.2664,2.9836,N,,08/2024,Analyst
13-1041.06,1.A.1.d.1,Memorization,LV,2.62,8,0.183,2.2664,2.9836,N,N,08/2024,Analyst
13-1041.06,1.A.1.e.1,Speed of Closure,IM,3.0,8,0.189,2.6296,3.3704,N,,08/2024,Analyst
13-1041.06,1.A.1.e.1,Speed of Closure,LV,3.12,8,0.2266,2.6809,3.5691,N,N,08/2024,Analyst
13-1041.06,1.A.1.e.2,Flexibility of Closure,IM,3.75,8,0.1637,3.4292,4.0708,N,,08/2024,Analyst
13-1041.06,1.A.1.e.2,Flexibility of Closure,LV,3.75,8,0.1637,3.4292,4.0708,N,N,08/2024,Analyst
13-1041.06,1.A.1.e.3,Perceptual Speed,IM,3.12,8,0.125,2.88,3.37,N,,08/2024,Analyst
13-1041.06,1.A.1.e.3,Perceptual Speed,LV,3.0,8,0.0,3.0,3.0,N,N,08/2024,Analyst
13-1041.06,1.A.1.f.1,Spatial Orientation,IM,2.0,8,0.189,1.6296,2.3704,N,,08/2024,Analyst
13-1041.06,1.A.1.f.1,Spatial Orientation,LV,1.12,8,0.2266,0.6809,1.5691,N,N,08/2024,Analyst
13-1041.06,1.A.1.f.2,Visualization,IM,3.12,8,0.125,2.88,3.37,N,,08/2024,Analyst
13-1041.06,1.A.1.f.2,Visualization,LV,3.0,8,0.0,3.0,3.0,N,N,08/2024,Analyst
13-1041.06,1.A.1.g.1,Selective Attention,IM,3.0,8,0.0,3.0,3.0,N,,08/2024,Analyst
13-1041.06,1.A.1.g.1,Selective Attention,LV,3.0,8,0.0,3.0,3.0,N,N,08/2024,Analyst
13-1041.06,1.A.1.g.2,Time Sharing,IM,2.62,8,0.183,2.2664,2.9836,N,,08/2024,Analyst
13-1041.06,1.A.1.g.2,Time Sharing,LV,2.62,8,0.183,2.2664,2.9836,N,N,08/2024,Analyst
13-1041.06,1.A.2.a.1,Arm-Hand Steadiness,IM,3.12,8,0.125,2.88,3.37,N,,08/2024,Analyst
13-1041.06,1.A.2.a.1,Arm-Hand Steadiness,LV,3.0,8,0.0,3.0,3.0,N,N,08/2024,Analyst
13-1041.06,1.A.2.a.2,Manual Dexterity,IM,3.12,8,0.125,2.88,3.37,N,,08/2024,Analyst
13-1041.06,1.A.2.a.2,Manual Dexterity,LV,3.0,8,0.0,3.0,3.0,N,N,08/2024,Analyst
13-1041.06,1.A.2.a.3,Finger Dexterity,IM,3.0,8,0.0,3.0,3.0,N,,08/2024,Analyst
13-1041.06,1.A.2.a.3,Finger Dexterity,LV,3.0,8,0.0,3.0,3.0,N,N,08/2024,Analyst
13-1041.06,1.A.2.b.1,Control Precision,IM,2.75,8,0.1637,2.4292,3.0708,N,,08/2024,Analyst
13-1041.06,1.A.2.b.1,Control Precision,LV,2.88,8,0.125,2.63,3.12,N,N,08/2024,Analyst
13-1041.06,1.A.2.b.2,Multilimb Coordination,IM,2.75,8,0.1637,2.4292,3.0708,N,,08/2024,Analyst
13-1041.06,1.A.2.b.2,Multilimb Coordination,LV,2.88,8,0.125,2.63,3.12,N,N,08/2024,Analyst
13-1041.06,1.A.2.b.3,Response Orientation,IM,1.88,8,0.125,1.63,2.12,N,,08/2024,Analyst
13-1041.06,1.A.2.b.3,Response Orientation,LV,1.25,8,0.25,0.76,1.74,N,N,08/2024,Analyst
13-1041.06,1.A.2.b.4,Rate Control,IM,1.75,8,0.1637,1.4292,2.0708,N,,08/2024,Analyst
13-1041.06,1.A.2.b.4,Rate Control,LV,0.88,8,0.2266,0.4309,1.3191,N,N,08/2024,Analyst
13-1041.06,1.A.2.c.1,Reaction Time,IM,2.12,8,0.125,1.88,2.37,N,,08/2024,Analyst
13-1041.06,1.A.2.c.1,Reaction Time,LV,1.62,8,0.183,1.2664,1.9836,N,N,08/2024,Analyst
13-1041.06,1.A.2.c.2,Wrist-Finger Speed,IM,1.88,8,0.125,1.63,2.12,N,,08/2024,Analyst
13-1041.06,1.A.2.c.2,Wrist-Finger Speed,LV,1.0,8,0.189,0.6296,1.3704,N,N,08/2024,Analyst
13-1041.06,1.A.2.c.3,Speed of Limb Movement,IM,1.38,8,0.183,1.0164,1.7336,N,,08/2024,Analyst
13-1041.06,1.A.2.c.3,Speed of Limb Movement,LV,0.38,8,0.183,0.0164,0.7336,N,N,08/2024,Analyst
13-1041.06,1.A.3.a.1,Static Strength,IM,2.38,8,0.183,2.0164,2.7336,N,,08/2024,Analyst
13-1041.06,1.A.3.a.1,Static Strength,LV,2.38,8,0.183,2.0164,2.7336,N,N,08/2024,Analyst
13-1041.06,1.A.3.a.2,Explosive Strength,IM,1.75,8,0.1637,1.4292,2.0708,N,,08/2024,Analyst
13-1041.06,1.A.3.a.2,Explosive Strength,LV,0.88,8,0.2266,0.4309,1.3191,N,N,08/2024,Analyst
13-1041.06,1.A.3.a.3,Dynamic Strength,IM,2.0,8,0.0,2.0,2.0,N,,08/2024,Analyst
13-1041.06,1.A.3.a.3,Dynamic Strength,LV,1.75,8,0.1637,1.4292,2.0708,N,N,08/2024,Analyst
13-1041.06,1.A.3.a.4,Trunk Strength,IM,2.5,8,0.189,2.1296,2.8704,N,,08/2024,Analyst
13-1041.06,1.A.3.a.4,Trunk Strength,LV,2.38,8,0.183,2.0164,2.7336,N,N,08/2024,Analyst
13-1041.06,1.A.3.b.1,Stamina,IM,2.12,8,0.125,1.88,2.37,N,,08/2024,Analyst
13-1041.06,1.A.3.b.1,Stamina,LV,2.0,8,0.189,1.6296,2.3704,N,N,08/2024,Analyst
13-1041.06,1.A.3.c.1,Extent Flexibility,IM,2.25,8,0.1637,1.9292,2.5708,N,,08/2024,Analyst
13-1041.06,1.A.3.c.1,Extent Flexibility,LV,2.25,8,0.1637,1.9292,2.5708,N,N,08/2024,Analyst
13-1041.06,1.A.3.c.2,Dynamic Flexibility,IM,1.0,8,0.0,1.0,1.0,N,,08/2024,Analyst
13-1041.06,1.A.3.c.2,Dynamic Flexibility,LV,0.0,8,0.0,0.0,0.0,N,Y,08/2024,Analyst
13-1041.06,1.A.3.c.3,Gross Body Coordination,IM,1.75,8,0.1637,1.4292,2.0708,N,,08/2024,Analyst
13-1041.06,1.A.3.c.3,Gross Body Coordination,LV,1.38,8,0.3239,0.7402,2.0098,N,N,08/2024,Analyst
13-1041.06,1.A.3.c.4,Gross Body Equilibrium,IM,1.75,8,0.1637,1.4292,2.0708,N,,08/2024,Analyst
13-1041.06,1.A.3.c.4,Gross Body Equilibrium,LV,1.0,8,0.2673,0.4762,1.5238,N,N,08/2024,Analyst
13-1041.06,1.A.4.a.1,Near Vision,IM,3.88,8,0.125,3.63,4.12,N,,08/2024,Analyst
13-1041.06,1.A.4.a.1,Near Vision,LV,4.0,8,0.189,3.6296,4.3704,N,N,08/2024,Analyst
13-1041.06,1.A.4.a.2,Far Vision,IM,3.0,8,0.0,3.0,3.0,N,,08/2024,Analyst
13-1041.06,1.A.4.a.2,Far Vision,LV,3.12,8,0.125,2.88,3.37,N,N,08/2024,Analyst
13-1041.06,1.A.4.a.3,Visual Color Discrimination,IM,2.88,8,0.125,2.63,3.12,N,,08/2024,Analyst
13-1041.06,1.A.4.a.3,Visual Color Discrimination,LV,3.0,8,0.0,3.0,3.0,N,N,08/2024,Analyst
13-1041.06,1.A.4.a.4,Night Vision,IM,1.75,8,0.1637,1.4292,2.0708,N,,08/2024,Analyst
13-1041.06,1.A.4.a.4,Night Vision,LV,1.0,8,0.2673,0.4762,1.5238,N,N,08/2024,Analyst
13-1041.06,1.A.4.a.5,Peripheral Vision,IM,1.88,8,0.125,1.63,2.12,N,,08/2024,Analyst
13-1041.06,1.A.4.a.5,Peripheral Vision,LV,1.0,8,0.189,0.6296,1.3704,N,N,08/2024,Analyst
13-1041.06,1.A.4.a.6,Depth Perception,IM,2.12,8,0.125,1.88,2.37,N,,08/2024,Analyst
13-1041.06,1.A.4.a.6,Depth Perception,LV,2.12,8,0.125,1.88,2.37,N,N,08/2024,Analyst
13-1041.06,1.A.4.a.7,Glare Sensitivity,IM,1.88,8,0.125,1.63,2.12,N,,08/2024,Analyst
13-1041.06,1.A.4.a.7,Glare Sensitivity,LV,1.25,8,0.25,0.76,1.74,N,N,08/2024,Analyst
13-1041.06,1.A.4.b.1,Hearing Sensitivity,IM,2.0,8,0.0,2.0,2.0,N,,08/2024,Analyst
13-1041.06,1.A.4.b.1,Hearing Sensitivity,LV,1.62,8,0.183,1.2664,1.9836,N,N,08/2024,Analyst
13-1041.06,1.A.4.b.2,Auditory Attention,IM,2.12,8,0.125,1.88,2.37,N,,08/2024,Analyst
13-1041.06,1.A.4.b.2,Auditory Attention,LV,2.0,8,0.0,2.0,2.0,N,N,08/2024,Analyst
13-1041.06,1.A.4.b.3,Sound Localization,IM,1.75,8,0.1637,1.4292,2.0708,N,,08/2024,Analyst
13-1041.06,1.A.4.b.3,Sound Localization,LV,0.75,8,0.1637,0.4292,1.0708,N,N,08/2024,Analyst
13-1041.06,1.A.4.b.4,Speech Recognition,IM,3.5,8,0.189,3.1296,3.8704,N,,08/2024,Analyst
13-1041.06,1.A.4.b.4,Speech Recognition,LV,3.5,8,0.189,3.1296,3.8704,N,N,08/2024,Analyst
13-1041.06,1.A.4.b.5,Speech Clarity,IM,3.5,8,0.189,3.1296,3.8704,N,,08/2024,Analyst
13-1041.06,1.A.4.b.5,Speech Clarity,LV,3.38,8,0.183,3.0164,3.7336,N,N,08/2024,Analyst
13-1041.07,1.A.1.a.1,Oral Comprehension,IM,4.0,8,0.0,4.0,4.0,N,,08/2019,Analyst
13-1041.07,1.A.1.a.1,Oral Comprehension,LV,4.88,8,0.125,4.63,5.12,N,N,08/2019,Analyst
13-1041.07,1.A.1.a.2,Written Comprehension,IM,4.25,8,0.1637,3.9292,4.5708,N,,08/2019,Analyst
13-1041.07,1.A.1.a.2,Written Comprehension,LV,4.88,8,0.125,4.63,5.12,N,N,08/2019,Analyst
13-1041.07,1.A.1.a.3,Oral Expression,IM,4.0,8,0.0,4.0,4.0,N,,08/2019,Analyst
13-1041.07,1.A.1.a.3,Oral Expression,LV,4.62,8,0.183,4.2664,4.9836,N,N,08/2019,Analyst
13-1041.07,1.A.1.a.4,Written Expression,IM,4.12,8,0.125,3.88,4.37,N,,08/2019,Analyst
13-1041.07,1.A.1.a.4,Written Expression,LV,4.12,8,0.125,3.88,4.37,N,N,08/2019,Analyst
13-1041.07,1.A.1.b.1,Fluency of Ideas,IM,3.12,8,0.125,2.88,3.37,N,,08/2019,Analyst
13-1041.07,1.A.1.b.1,Fluency of Ideas,LV,3.62,8,0.183,3.2664,3.9836,N,N,08/2019,Analyst
13-1041.07,1.A.1.b.2,Originality,IM,2.88,8,0.125,2.63,3.12,N,,08/2019,Analyst
13-1041.07,1.A.1.b.2,Originality,LV,3.25,8,0.1637,2.9292,3.5708,N,N,08/2019,Analyst
13-1041.07,1.A.1.b.3,Problem Sensitivity,IM,3.88,8,0.125,3.63,4.12,N,,08/2019,Analyst
13-1041.07,1.A.1.b.3,Problem Sensitivity,LV,4.0,8,0.0,4.0,4.0,N,N,08/2019,Analyst
13-1041.07,1.A.1.b.4,Deductive Reasoning,IM,3.88,8,0.125,3.63,4.12,N,,08/2019,Analyst
13-1041.07,1.A.1.b.4,Deductive Reasoning,LV,4.12,8,0.125,3.88,4.37,N,N,08/2019,Analyst
13-1041.07,1.A.1.b.5,Inductive Reasoning,IM,3.88,8,0.125,3.63,4.12,N,,08/2019,Analyst
13-1041.07,1.A.1.b.5,Inductive Reasoning,LV,3.88,8,0.125,3.63,4.12,N,N,08/2019,Analyst
13-1041.07,1.A.1.b.6,Information Ordering,IM,3.62,8,0.183,3.2664,3.9836,N,,08/2019,Analyst
13-1041.07,1.A.1.b.6,Information Ordering,LV,3.88,8,0.125,3.63,4.12,N,N,08/2019,Analyst
13-1041.07,1.A.1.b.7,Category Flexibility,IM,3.0,8,0.0,3.0,3.0,N,,08/2019,Analyst
13-1041.07,1.A.1.b.7,Category Flexibility,LV,3.5,8,0.189,3.1296,3.8704,N,N,08/2019,Analyst
13-1041.07,1.A.1.c.1,Mathematical Reasoning,IM,3.0,8,0.189,2.6296,3.3704,N,,08/2019,Analyst
13-1041.07,1.A.1.c.1,Mathematical Reasoning,LV,3.0,8,0.189,2.6296,3.3704,N,N,08/2019,Analyst
13-1041.07,1.A.1.c.2,Number Facility,IM,2.5,8,0.189,2.1296,2.8704,N,,08/2019,Analyst
13-1041.07,1.A.1.c.2,Number Facility,LV,2.88,8,0.125,2.63,3.12,N,N,08/2019,Analyst
13-1041.07,1.A.1.d.1,Memorization,IM,2.62,8,0.183,2.2664,2.9836,N,,08/2019,Analyst
13-1041.07,1.A.1.d.1,Memorization,LV,2.62,8,0.2631,2.1094,3.1406,N,N,08/2019,Analyst
13-1041.07,1.A.1.e.1,Speed of Closure,IM,2.62,8,0.183,2.2664,2.9836,N,,08/2019,Analyst
13-1041.07,1.A.1.e.1,Speed of Closure,LV,3.0,8,0.0,3.0,3.0,N,N,08/2019,Analyst
13-1041.07,1.A.1.e.2,Flexibility of Closure,IM,2.88,8,0.125,2.63,3.12,N,,08/2019,Analyst
13-1041.07,1.A.1.e.2,Flexibility of Closure,LV,3.62,8,0.183,3.2664,3.9836,N,N,08/2019,Analyst
13-1041.07,1.A.1.e.3,Perceptual Speed,IM,2.88,8,0.125,2.63,3.12,N,,08/2019,Analyst
13-1041.07,1.A.1.e.3,Perceptual Speed,LV,2.88,8,0.125,2.63,3.12,N,N,08/2019,Analyst
13-1041.07,1.A.1.f.1,Spatial Orientation,IM,1.0,8,0.0,1.0,1.0,N,,08/2019,Analyst
13-1041.07,1.A.1.f.1,Spatial Orientation,LV,0.0,8,0.0,0.0,0.0,N,Y,08/2019,Analyst
13-1041.07,1.A.1.f.2,Visualization,IM,2.38,8,0.183,2.0164,2.7336,N,,08/2019,Analyst
13-1041.07,1.A.1.f.2,Visualization,LV,2.0,8,0.0,2.0,2.0,N,N,08/2019,Analyst
13-1041.07,1.A.1.g.1,Selective Attention,IM,2.88,8,0.125,2.63,3.12,N,,08/2019,Analyst
13-1041.07,1.A.1.g.1,Selective Attention,LV,2.75,8,0.1637,2.4292,3.0708,N,N,08/2019,Analyst
13-1041.07,1.A.1.g.2,Time Sharing,IM,2.25,8,0.1637,1.9292,2.5708,N,,08/2019,Analyst
13-1041.07,1.A.1.g.2,Time Sharing,LV,2.12,8,0.125,1.88,2.37,N,N,08/2019,Analyst
13-1041.07,1.A.2.a.1,Arm-Hand Steadiness,IM,1.0,8,0.0,1.0,1.0,N,,08/2019,Analyst
13-1041.07,1.A.2.a.1,Arm-Hand Steadiness,LV,0.0,8,0.0,0.0,0.0,N,Y,08/2019,Analyst
13-1041.07,1.A.2.a.2,Manual Dexterity,IM,1.0,8,0.0,1.0,1.0,N,,08/2019,Analyst
13-1041.07,1.A.2.a.2,Manual Dexterity,LV,0.0,8,0.0,0.0,0.0,N,Y,08/2019,Analyst
13-1041.07,1.A.2.a.3,Finger Dexterity,IM,2.25,8,0.25,1.76,2.74,N,,08/2019,Analyst
13-1041.07,1.A.2.a.3,Finger Dexterity,LV,1.62,8,0.2631,1.1094,2.1406,N,N,08/2019,Analyst
13-1041.07,1.A.2.b.1,Control Precision,IM,1.0,8,0.0,1.0,1.0,N,,08/2019,Analyst
13-1041.07,1.A.2.b.1,Control Precision,LV,0.0,8,0.0,0.0,0.0,N,Y,08/2019,Analyst
13-1041.07,1.A.2.b.2,Multilimb Coordination,IM,1.0,8,0.0,1.0,1.0,N,,08/2019,Analyst
13-1041.07,1.A.2.b.2,Multilimb Coordination,LV,0.0,8,0.0,0.0,0.0,N,Y,08/2019,Analyst
13-1041.07,1.A.2.b.3,Response Orientation,IM,1.0,8,0.0,1.0,1.0,N,,08/2019,Analyst
13-1041.07,1.A.2.b.3,Response Orientation,LV,0.0,8,0.0,0.0,0.0,N,Y,08/2019,Analyst
13-1041.07,1.A.2.b.4,Rate Control,IM,1.0,8,0.0,1.0,1.0,N,,08/2019,Analyst
13-1041.07,1.A.2.b.4,Rate Control,LV,0.0,8,0.0,0.0,0.0,N,Y,08/2019,Analyst
13-1041.07,1.A.2.c.1,Reaction Time,IM,1.0,8,0.0,1.0,1.0,N,,08/2019,Analyst
13-1041.07,1.A.2.c.1,Reaction Time,LV,0.0,8,0.0,0.0,0.0,N,Y,08/2019,Analyst
13-1041.07,1.A.2.c.2,Wrist-Finger Speed,IM,1.25,8,0.1637,1.0,1.5708,N,,08/2019,Analyst
13-1041.07,1.A.2.c.2,Wrist-Finger Speed,LV,0.38,8,0.2631,0.0,0.8906,N,Y,08/2019,Analyst
13-1041.07,1.A.2.c.3,Speed of Limb Movement,IM,1.0,8,0.0,1.0,1.0,N,,08/2019,Analyst
13-1041.07,1.A.2.c.3,Speed of Limb Movement,LV,0.0,8,0.0,0.0,0.0,N,Y,08/2019,Analyst
13-1041.07,1.A.3.a.1,Static Strength,IM,1.0,8,0.0,1.0,1.0,N,,08/2019,Analyst
13-1041.07,1.A.3.a.1,Static Strength,LV,0.0,8,0.0,0.0,0.0,N,Y,08/2019,Analyst
13-1041.07,1.A.3.a.2,Explosive Strength,IM,1.0,8,0.0,1.0,1.0,N,,08/2019,Analyst
13-1041.07,1.A.3.a.2,Explosive Strength,LV,0.0,8,0.0,0.0,0.0,N,Y,08/2019,Analyst
13-1041.07,1.A.3.a.3,Dynamic Strength,IM,1.0,8,0.0,1.0,1.0,N,,08/2019,Analyst
13-1041.07,1.A.3.a.3,Dynamic Strength,LV,0.0,8,0.0,0.0,0.0,N,Y,08/2019,Analyst
13-1041.07,1.A.3.a.4,Trunk Strength,IM,1.62,8,0.183,1.2664,1.9836,N,,08/2019,Analyst
13-1041.07,1.A.3.a.4,Trunk Strength,LV,0.88,8,0.295,0.2967,1.4533,N,N,08/2019,Analyst
13-1041.07,1.A.3.b.1,Stamina,IM,1.0,8,0.0,1.0,1.0,N,,08/2019,Analyst
13-1041.07,1.A.3.b.1,Stamina,LV,0.0,8,0.0,0.0,0.0,N,Y,08/2019,Analyst
13-1041.07,1.A.3.c.1,Extent Flexibility,IM,1.0,8,0.0,1.0,1.0,N,,08/2019,Analyst
13-1041.07,1.A.3.c.1,Extent Flexibility,LV,0.0,8,0.0,0.0,0.0,N,Y,08/2019,Analyst
13-1041.07,1.A.3.c.2,Dynamic Flexibility,IM,1.0,8,0.0,1.0,1.0,N,,08/2019,Analyst
13-1041.07,1.A.3.c.2,Dynamic Flexibility,LV,0.0,8,0.0,0.0,0.0,N,Y,08/2019,Analyst
13-1041.07,1.A.3.c.3,Gross Body Coordination,IM,1.0,8,0.0,1.0,1.0,N,,08/2019,Analyst
13-1041.07,1.A.3.c.3,Gross Body Coordination,LV,0.0,8,0.0,0.0,0.0,N,Y,08/2019,Analyst
13-1041.07,1.A.3.c.4,Gross Body Equilibrium,IM,1.0,8,0.0,1.0,1.0,N,,08/2019,Analyst
13-1041.07,1.A.3.c.4,Gross Body Equilibrium,LV,0.0,8,0.0,0.0,0.0,N,Y,08/2019,Analyst
13-1041.07,1.A.4.a.1,Near Vision,IM,3.62,8,0.183,3.2664,3.9836,N,,08/2019,Analyst
13-1041.07,1.A.4.a.1,Near Vision,LV,4.0,8,0.0,4.0,4.0,N,N,08/2019,Analyst
13-1041.07,1.A.4.a.2,Far Vision,IM,2.88,8,0.125,2.63,3.12,N,,08/2019,Analyst
13-1041.07,1.A.4.a.2,Far Vision,LV,2.88,8,0.125,2.63,3.12,N,N,08/2019,Analyst
13-1041.07,1.A.4.a.3,Visual Color Discrimination,IM,2.0,8,0.0,2.0,2.0,N,,08/2019,Analyst
13-1041.07,1.A.4.a.3,Visual Color Discrimination,LV,2.0,8,0.0,2.0,2.0,N,N,08/2019,Analyst
13-1041.07,1.A.4.a.4,Night Vision,IM,1.0,8,0.0,1.0,1.0,N,,08/2019,Analyst
13-1041.07,1.A.4.a.4,Night Vision,LV,0.0,8,0.0,0.0,0.0,N,Y,08/2019,Analyst
13-1041.07,1.A.4.a.5,Peripheral Vision,IM,1.0,8,0.0,1.0,1.0,N,,08/2019,Analyst
13-1041.07,1.A.4.a.5,Peripheral Vision,LV,0.0,8,0.0,0.0,0.0,N,Y,08/2019,Analyst
13-1041.07,1.A.4.a.6,Depth Perception,IM,1.88,8,0.125,1.63,2.12,N,,08/2019,Analyst
13-1041.07,1.A.4.a.6,Depth Perception,LV,1.0,8,0.189,0.6296,1.3704,N,N,08/2019,Analyst
13-1041.07,1.A.4.a.7,Glare Sensitivity,IM,1.0,8,0.0,1.0,1.0,N,,08/2019,Analyst
13-1041.07,1.A.4.a.7,Glare Sensitivity,LV,0.0,8,0.0,0.0,0.0,N,Y,08/2019,Analyst
13-1041.07,1.A.4.b.1,Hearing Sensitivity,IM,2.0,8,0.0,2.0,2.0,N,,08/2019,Analyst
13-1041.07,1.A.4.b.1,Hearing Sensitivity,LV,1.88,8,0.125,1.63,2.12,N,N,08/2019,Analyst
13-1041.07,1.A.4.b.2,Auditory Attention,IM,2.12,8,0.125,1.88,2.37,N,,08/2019,Analyst
13-1041.07,1.A.4.b.2,Auditory Attention,LV,1.88,8,0.125,1.63,2.12,N,N,08/2019,Analyst
13-1041.07,1.A.4.b.3,Sound Localization,IM,1.0,8,0.0,1.0,1.0,N,,08/2019,Analyst
13-1041.07,1.A.4.b.3,Sound Localization,LV,0.0,8,0.0,0.0,0.0,N,Y,08/2019,Analyst
13-1041.07,1.A.4.b.4,Speech Recognition,IM,3.75,8,0.1637,3.4292,4.0708,N,,08/2019,Analyst
13-1041.07,1.A.4.b.4,Speech Recognition,LV,3.88,8,0.125,3.63,4.12,N,N,08/2019,Analyst
13-1041.07,1.A.4.b.5,Speech Clarity,IM,3.88,8,0.125,3.63,4.12,N,,08/2019,Analyst
13-1041.07,1.A.4.b.5,Speech Clarity,LV,3.88,8,0.125,3.63,4.12,N,N,08/2019,Analyst
13-1041.08,1.A.1.a.1,Oral Comprehension,IM,3.75,8,0.25,3.26,4.24,N,,07/2017,Analyst
13-1041.08,1.A.1.a.1,Oral Comprehension,LV,4.0,8,0.0,4.0,4.0,N,N,07/2017,Analyst
13-1041.08,1.A.1.a.2,Written Comprehension,IM,3.88,8,0.125,3.63,4.12,N,,07/2017,Analyst
13-1041.08,1.A.1.a.2,Written Comprehension,LV,4.0,8,0.0,4.0,4.0,N,N,07/2017,Analyst
13-1041.08,1.A.1.a.3,Oral Expression,IM,3.75,8,0.1637,3.4292,4.0708,N,,07/2017,Analyst
13-1041.08,1.A.1.a.3,Oral Expression,LV,3.88,8,0.125,3.63,4.12,N,N,07/2017,Analyst
13-1041.08,1.A.1.a.4,Written Expression,IM,3.75,8,0.1637,3.4292,4.0708,N,,07/2017,Analyst
13-1041.08,1.A.1.a.4,Written Expression,LV,3.75,8,0.1637,3.4292,4.0708,N,N,07/2017,Analyst
13-1041.08,1.A.1.b.1,Fluency of Ideas,IM,3.0,8,0.0,3.0,3.0,N,,07/2017,Analyst
13-1041.08,1.A.1.b.1,Fluency of Ideas,LV,3.0,8,0.0,3.0,3.0,N,N,07/2017,Analyst
13-1041.08,1.A.1.b.2,Originality,IM,2.88,8,0.125,2.63,3.12,N,,07/2017,Analyst
13-1041.08,1.A.1.b.2,Originality,LV,3.0,8,0.0,3.0,3.0,N,N,07/2017,Analyst
13-1041.08,1.A.1.b.3,Problem Sensitivity,IM,3.25,8,0.1637,2.9292,3.5708,N,,07/2017,Analyst
13-1041.08,1.A.1.b.3,Problem Sensitivity,LV,3.12,8,0.125,2.88,3.37,N,N,07/2017,Analyst
13-1041.08,1.A.1.b.4,Deductive Reasoning,IM,3.88,8,0.125,3.63,4.12,N,,07/2017,Analyst
13-1041.08,1.A.1.b.4,Deductive Reasoning,LV,3.25,8,0.1637,2.9292,3.5708,N,N,07/2017,Analyst
13-1041.08,1.A.1.b.5,Inductive Reasoning,IM,3.25,8,0.1637,2.9292,3.5708,N,,07/2017,Analyst
13-1041.08,1.A.1.b.5,Inductive Reasoning,LV,3.12,8,0.125,2.88,3.37,N,N,07/2017,Analyst
13-1041.08,1.A.1.b.6,Information Ordering,IM,3.5,8,0.189,3.1296,3.8704,N,,07/2017,Analyst
13-1041.08,1.A.1.b.6,Information Ordering,LV,3.38,8,0.183,3.0164,3.7336,N,N,07/2017,Analyst
13-1041.08,1.A.1.b.7,Category Flexibility,IM,3.38,8,0.183,3.0164,3.7336,N,,07/2017,Analyst
13-1041.08,1.A.1.b.7,Category Flexibility,LV,3.62,8,0.183,3.2664,3.9836,N,N,07/2017,Analyst
13-1041.08,1.A.1.c.1,Mathematical Reasoning,IM,2.88,8,0.125,2.63,3.12,N,,07/2017,Analyst
13-1041.08,1.A.1.c.1,Mathematical Reasoning,LV,3.0,8,0.189,2.6296,3.3704,N,N,07/2017,Analyst
13-1041.08,1.A.1.c.2,Number Facility,IM,2.88,8,0.125,2.63,3.12,N,,07/2017,Analyst
13-1041.08,1.A.1.c.2,Number Facility,LV,3.0,8,0.189,2.6296,3.3704,N,N,07/2017,Analyst
13-1041.08,1.A.1.d.1,Memorization,IM,2.75,8,0.1637,2.4292,3.0708,N,,07/2017,Analyst
13-1041.08,1.A.1.d.1,Memorization,LV,2.75,8,0.1637,2.4292,3.0708,N,N,07/2017,Analyst
13-1041.08,1.A.1.e.1,Speed of Closure,IM,2.62,8,0.183,2.2664,2.9836,N,,07/2017,Analyst
13-1041.08,1.A.1.e.1,Speed of Closure,LV,2.88,8,0.125,2.63,3.12,N,N,07/2017,Analyst
13-1041.08,1.A.1.e.2,Flexibility of Closure,IM,3.0,8,0.0,3.0,3.0,N,,07/2017,Analyst
13-1041.08,1.A.1.e.2,Flexibility of Closure,LV,3.0,8,0.0,3.0,3.0,N,N,07/2017,Analyst
13-1041.08,1.A.1.e.3,Perceptual Speed,IM,2.75,8,0.1637,2.4292,3.0708,N,,07/2017,Analyst
13-1041.08,1.A.1.e.3,Perceptual Speed,LV,2.75,8,0.1637,2.4292,3.0708,N,N,07/2017,Analyst
13-1041.08,1.A.1.f.1,Spatial Orientation,IM,1.0,8,0.0,1.0,1.0,N,,07/2017,Analyst
13-1041.08,1.A.1.f.1,Spatial Orientation,LV,0.0,8,0.0,0.0,0.0,N,Y,07/2017,Analyst
13-1041.08,1.A.1.f.2,Visualization,IM,2.12,8,0.125,1.88,2.37,N,,07/2017,Analyst
13-1041.08,1.A.1.f.2,Visualization,LV,2.0,8,0.0,2.0,2.0,N,N,07/2017,Analyst
13-1041.08,1.A.1.g.1,Selective Attention,IM,3.12,8,0.125,2.88,3.37,N,,07/2017,Analyst
13-1041.08,1.A.1.g.1,Selective Attention,LV,3.0,8,0.189,2.6296,3.3704,N,N,07/2017,Analyst
13-1041.08,1.A.1.g.2,Time Sharing,IM,2.75,8,0.1637,2.4292,3.0708,N,,07/2017,Analyst
13-1041.08,1.A.1.g.2,Time Sharing,LV,2.62,8,0.183,2.2664,2.9836,N,N,07/2017,Analyst
13-1041.08,1.A.2.a.1,Arm-Hand Steadiness,IM,1.0,8,0.0,1.0,1.0,N,,07/2017,Analyst
13-1041.08,1.A.2.a.1,Arm-Hand Steadiness,LV,0.0,8,0.0,0.0,0.0,N,Y,07/2017,Analyst
13-1041.08,1.A.2.a.2,Manual Dexterity,IM,1.0,8,0.0,1.0,1.0,N,,07/2017,Analyst
13-1041.08,1.A.2.a.2,Manual Dexterity,LV,0.0,8,0.0,0.0,0.0,N,Y,07/2017,Analyst
13-1041.08,1.A.2.a.3,Finger Dexterity,IM,1.62,8,0.183,1.2664,1.9836,N,,07/2017,Analyst
13-1041.08,1.A.2.a.3,Finger Dexterity,LV,1.25,8,0.366,0.5327,1.9673,N,N,07/2017,Analyst
13-1041.08,1.A.2.b.1,Control Precision,IM,1.0,8,0.0,1.0,1.0,N,,07/2017,Analyst
13-1041.08,1.A.2.b.1,Control Precision,LV,0.0,8,0.0,0.0,0.0,N,Y,07/2017,Analyst
13-1041.08,1.A.2.b.2,Multilimb Coordination,IM,1.0,8,0.0,1.0,1.0,N,,07/2017,Analyst
13-1041.08,1.A.2.b.2,Multilimb Coordination,LV,0.0,8,0.0,0.0,0.0,N,Y,07/2017,Analyst
13-1041.08,1.A.2.b.3,Response Orientation,IM,1.0,8,0.0,1.0,1.0,N,,07/2017,Analyst
13-1041.08,1.A.2.b.3,Response Orientation,LV,0.0,8,0.0,0.0,0.0,N,Y,07/2017,Analyst
13-1041.08,1.A.2.b.4,Rate Control,IM,1.0,8,0.0,1.0,1.0,N,,07/2017,Analyst
13-1041.08,1.A.2.b.4,Rate Control,LV,0.0,8,0.0,0.0,0.0,N,Y,07/2017,Analyst
13-1041.08,1.A.2.c.1,Reaction Time,IM,1.0,8,0.0,1.0,1.0,N,,07/2017,Analyst
13-1041.08,1.A.2.c.1,Reaction Time,LV,0.0,8,0.0,0.0,0.0,N,Y,07/2017,Analyst
13-1041.08,1.A.2.c.2,Wrist-Finger Speed,IM,1.12,8,0.125,1.0,1.37,N,,07/2017,Analyst
13-1041.08,1.A.2.c.2,Wrist-Finger Speed,LV,0.12,8,0.125,0.0,0.37,N,Y,07/2017,Analyst
13-1041.08,1.A.2.c.3,Speed of Limb Movement,IM,1.0,8,0.0,1.0,1.0,N,,07/2017,Analyst
13-1041.08,1.A.2.c.3,Speed of Limb Movement,LV,0.0,8,0.0,0.0,0.0,N,Y,07/2017,Analyst
13-1041.08,1.A.3.a.1,Static Strength,IM,1.0,8,0.0,1.0,1.0,N,,07/2017,Analyst
13-1041.08,1.A.3.a.1,Static Strength,LV,0.0,8,0.0,0.0,0.0,N,Y,07/2017,Analyst
13-1041.08,1.A.3.a.2,Explosive Strength,IM,1.0,8,0.0,1.0,1.0,N,,07/2017,Analyst
13-1041.08,1.A.3.a.2,Explosive Strength,LV,0.0,8,0.0,0.0,0.0,N,Y,07/2017,Analyst
13-1041.08,1.A.3.a.3,Dynamic Strength,IM,1.25,8,0.1637,1.0,1.5708,N,,07/2017,Analyst
13-1041.08,1.A.3.a.3,Dynamic Strength,LV,0.38,8,0.2631,0.0,0.8906,N,Y,07/2017,Analyst
13-1041.08,1.A.3.a.4,Trunk Strength,IM,1.5,8,0.189,1.1296,1.8704,N,,07/2017,Analyst
13-1041.08,1.A.3.a.4,Trunk Strength,LV,0.62,8,0.2631,0.1094,1.1406,N,N,07/2017,Analyst
13-1041.08,1.A.3.b.1,Stamina,IM,1.0,8,0.0,1.0,1.0,N,,07/2017,Analyst
13-1041.08,1.A.3.b.1,Stamina,LV,0.0,8,0.0,0.0,0.0,N,Y,07/2017,Analyst
13-1041.08,1.A.3.c.1,Extent Flexibility,IM,1.0,8,0.0,1.0,1.0,N,,07/2017,Analyst
13-1041.08,1.A.3.c.1,Extent Flexibility,LV,0.0,8,0.0,0.0,0.0,N,Y,07/2017,Analyst
13-1041.08,1.A.3.c.2,Dynamic Flexibility,IM,1.0,8,0.0,1.0,1.0,N,,07/2017,Analyst
13-1041.08,1.A.3.c.2,Dynamic Flexibility,LV,0.0,8,0.0,0.0,0.0,N,Y,07/2017,Analyst
13-1041.08,1.A.3.c.3,Gross Body Coordination,IM,1.0,8,0.0,1.0,1.0,N,,07/2017,Analyst
13-1041.08,1.A.3.c.3,Gross Body Coordination,LV,0.0,8,0.0,0.0,0.0,N,Y,07/2017,Analyst
13-1041.08,1.A.3.c.4,Gross Body Equilibrium,IM,1.0,8,0.0,1.0,1.0,N,,07/2017,Analyst
13-1041.08,1.A.3.c.4,Gross Body Equilibrium,LV,0.0,8,0.0,0.0,0.0,N,Y,07/2017,Analyst
13-1041.08,1.A.4.a.1,Near Vision,IM,3.75,8,0.1637,3.4292,4.0708,N,,07/2017,Analyst
13-1041.08,1.A.4.a.1,Near Vision,LV,3.38,8,0.183,3.0164,3.7336,N,N,07/2017,Analyst
13-1041.08,1.A.4.a.2,Far Vision,IM,2.62,8,0.183,2.2664,2.9836,N,,07/2017,Analyst
13-1041.08,1.A.4.a.2,Far Vision,LV,2.62,8,0.183,2.2664,2.9836,N,N,07/2017,Analyst
13-1041.08,1.A.4.a.3,Visual Color Discrimination,IM,2.0,8,0.0,2.0,2.0,N,,07/2017,Analyst
13-1041.08,1.A.4.a.3,Visual Color Discrimination,LV,1.88,8,0.125,1.63,2.12,N,N,07/2017,Analyst
13-1041.08,1.A.4.a.4,Night Vision,IM,1.0,8,0.0,1.0,1.0,N,,07/2017,Analyst
13-1041.08,1.A.4.a.4,Night Vision,LV,0.0,8,0.0,0.0,0.0,N,Y,07/2017,Analyst
13-1041.08,1.A.4.a.5,Peripheral Vision,IM,1.0,8,0.0,1.0,1.0,N,,07/2017,Analyst
13-1041.08,1.A.4.a.5,Peripheral Vision,LV,0.0,8,0.0,0.0,0.0,N,Y,07/2017,Analyst
13-1041.08,1.A.4.a.6,Depth Perception,IM,1.5,8,0.189,1.1296,1.8704,N,,07/2017,Analyst
13-1041.08,1.A.4.a.6,Depth Perception,LV,0.5,8,0.189,0.1296,0.8704,N,N,07/2017,Analyst
13-1041.08,1.A.4.a.7,Glare Sensitivity,IM,1.0,8,0.0,1.0,1.0,N,,07/2017,Analyst
13-1041.08,1.A.4.a.7,Glare Sensitivity,LV,0.0,8,0.0,0.0,0.0,N,Y,07/2017,Analyst
13-1041.08,1.A.4.b.1,Hearing Sensitivity,IM,1.88,8,0.125,1.63,2.12,N,,07/2017,Analyst
13-1041.08,1.A.4.b.1,Hearing Sensitivity,LV,1.0,8,0.189,0.6296,1.3704,N,N,07/2017,Analyst
13-1041.08,1.A.4.b.2,Auditory Attention,IM,2.0,8,0.189,1.6296,2.3704,N,,07/2017,Analyst
13-1041.08,1.A.4.b.2,Auditory Attention,LV,1.75,8,0.25,1.26,2.24,N,N,07/2017,Analyst
13-1041.08,1.A.4.b.3,Sound Localization,IM,1.0,8,0.0,1.0,1.0,N,,07/2017,Analyst
13-1041.08,1.A.4.b.3,Sound Localization,LV,0.0,8,0.0,0.0,0.0,N,Y,07/2017,Analyst
13-1041.08,1.A.4.b.4,Speech Recognition,IM,3.38,8,0.183,3.0164,3.7336,N,,07/2017,Analyst
13-1041.08,1.A.4.b.4,Speech Recognition,LV,3.5,8,0.189,3.1296,3.8704,N,N,07/2017,Analyst
13-1041.08,1.A.4.b.5,Speech Clarity,IM,3.62,8,0.183,3.2664,3.9836,N,,07/2017,Analyst
13-1041.08,1.A.4.b.5,Speech Clarity,LV,3.0,8,0.0,3.0,3.0,N,N,07/2017,Analyst
13-1051.00,1.A.1.a.1,Oral Comprehension,IM,4.0,8,0.0,4.0,4.0,N,,08/2023,Analyst
13-1051.00,1.A.1.a.1,Oral Comprehension,LV,4.12,8,0.125,3.88,4.37,N,N,08/2023,Analyst
13-1051.00,1.A.1.a.2,Written Comprehension,IM,3.88,8,0.125,3.63,4.12,N,,08/2023,Analyst
13-1051.00,1.A.1.a.2,Written Comprehension,LV,4.12,8,0.125,3.88,4.37,N,N,08/2023,Analyst
13-1051.00,1.A.1.a.3,Oral Expression,IM,4.0,8,0.0,4.0,4.0,N,,08/2023,Analyst
13-1051.00,1.A.1.a.3,Oral Expression,LV,4.12,8,0.125,3.88,4.37,N,N,08/2023,Analyst
13-1051.00,1.A.1.a.4,Written Expression,IM,3.75,8,0.1637,3.4292,4.0708,N,,08/2023,Analyst
13-1051.00,1.A.1.a.4,Written Expression,LV,4.0,8,0.0,4.0,4.0,N,N,08/2023,Analyst
13-1051.00,1.A.1.b.1,Fluency of Ideas,IM,3.0,8,0.0,3.0,3.0,N,,08/2023,Analyst
13-1051.00,1.A.1.b.1,Fluency of Ideas,LV,3.5,8,0.189,3.1296,3.8704,N,N,08/2023,Analyst
13-1051.00,1.A.1.b.2,Originality,IM,2.88,8,0.125,2.63,3.12,N,,08/2023,Analyst
13-1051.00,1.A.1.b.2,Originality,LV,3.0,8,0.0,3.0,3.0,N,N,08/2023,Analyst
13-1051.00,1.A.1.b.3,Problem Sensitivity,IM,3.12,8,0.125,2.88,3.37,N,,08/2023,Analyst
13-1051.00,1.A.1.b.3,Problem Sensitivity,LV,3.38,8,0.183,3.0164,3.7336,N,N,08/2023,Analyst
13-1051.00,1.A.1.b.4,Deductive Reasoning,IM,3.75,8,0.1637,3.4292,4.0708,N,,08/2023,Analyst
13-1051.00,1.A.1.b.4,Deductive Reasoning,LV,4.12,8,0.125,3.88,4.37,N,N,08/2023,Analyst
13-1051.00,1.A.1.b.5,Inductive Reasoning,IM,4.12,8,0.125,3.88,4.37,N,,08/2023,Analyst
13-1051.00,1.A.1.b.5,Inductive Reasoning,LV,4.12,8,0.125,3.88,4.37,N,N,08/2023,Analyst
13-1051.00,1.A.1.b.6,Information Ordering,IM,3.62,8,0.183,3.2664,3.9836,N,,08/2023,Analyst
13-1051.00,1.A.1.b.6,Information Ordering,LV,4.0,8,0.189,3.6296,4.3704,N,N,08/2023,Analyst
13-1051.00,1.A.1.b.7,Category Flexibility,IM,3.12,8,0.125,2.88,3.37,N,,08/2023,Analyst
13-1051.00,1.A.1.b.7,Category Flexibility,LV,3.75,8,0.25,3.26,4.24,N,N,08/2023,Analyst
13-1051.00,1.A.1.c.1,Mathematical Reasoning,IM,4.0,8,0.0,4.0,4.0,N,,08/2023,Analyst
13-1051.00,1.A.1.c.1,Mathematical Reasoning,LV,4.12,8,0.125,3.88,4.37,N,N,08/2023,Analyst
13-1051.00,1.A.1.c.2,Number Facility,IM,3.88,8,0.125,3.63,4.12,N,,08/2023,Analyst
13-1051.00,1.A.1.c.2,Number Facility,LV,4.25,8,0.1637,3.9292,4.5708,N,N,08/2023,Analyst
13-1051.00,1.A.1.d.1,Memorization,IM,2.0,8,0.0,2.0,2.0,N,,08/2023,Analyst
13-1051.00,1.A.1.d.1,Memorization,LV,2.0,8,0.0,2.0,2.0,N,N,08/2023,Analyst
13-1051.00,1.A.1.e.1,Speed of Closure,IM,2.75,8,0.1637,2.4292,3.0708,N,,08/2023,Analyst
13-1051.00,1.A.1.e.1,Speed of Closure,LV,2.62,8,0.183,2.2664,2.9836,N,N,08/2023,Analyst
13-1051.00,1.A.1.e.2,Flexibility of Closure,IM,3.0,8,0.0,3.0,3.0,N,,08/2023,Analyst
13-1051.00,1.A.1.e.2,Flexibility of Closure,LV,3.0,8,0.0,3.0,3.0,N,N,08/2023,Analyst
13-1051.00,1.A.1.e.3,Perceptual Speed,IM,2.88,8,0.125,2.63,3.12,N,,08/2023,Analyst
13-1051.00,1.A.1.e.3,Perceptual Speed,LV,2.75,8,0.1637,2.4292,3.0708,N,N,08/2023,Analyst
13-1051.00,1.A.1.f.1,Spatial Orientation,IM,1.25,8,0.1637,1.0,1.5708,N,,08/2023,Analyst
13-1051.00,1.A.1.f.1,Spatial Orientation,LV,0.25,8,0.1637,0.0,0.5708,N,Y,08/2023,Analyst
13-1051.00,1.A.1.f.2,Visualization,IM,3.0,8,0.189,2.6296,3.3704,N,,08/2023,Analyst
13-1051.00,1.A.1.f.2,Visualization,LV,3.0,8,0.189,2.6296,3.3704,N,N,08/2023,Analyst
13-1051.00,1.A.1.g.1,Selective Attention,IM,3.0,8,0.0,3.0,3.0,N,,08/2023,Analyst
13-1051.00,1.A.1.g.1,Selective Attention,LV,3.0,8,0.0,3.0,3.0,N,N,08/2023,Analyst
13-1051.00,1.A.1.g.2,Time Sharing,IM,2.12,8,0.2266,1.6809,2.5691,N,,08/2023,Analyst
13-1051.00,1.A.1.g.2,Time Sharing,LV,1.75,8,0.25,1.26,2.24,N,N,08/2023,Analyst
13-1051.00,1.A.2.a.1,Arm-Hand Steadiness,IM,1.0,8,0.0,1.0,1.0,N,,08/2023,Analyst
13-1051.00,1.A.2.a.1,Arm-Hand Steadiness,LV,0.0,8,0.0,0.0,0.0,N,Y,08/2023,Analyst
13-1051.00,1.A.2.a.2,Manual Dexterity,IM,1.12,8,0.125,1.0,1.37,N,,08/2023,Analyst
13-1051.00,1.A.2.a.2,Manual Dexterity,LV,0.12,8,0.125,0.0,0.37,N,Y,08/2023,Analyst
13-1051.00,1.A.2.a.3,Finger Dexterity,IM,1.5,8,0.189,1.1296,1.8704,N,,08/2023,Analyst
13-1051.00,1.A.2.a.3,Finger Dexterity,LV,0.5,8,0.189,0.1296,0.8704,N,N,08/2023,Analyst
13-1051.00,1.A.2.b.1,Control Precision,IM,1.0,8,0.0,1.0,1.0,N,,08/2023,Analyst
13-1051.00,1.A.2.b.1,Control Precision,LV,0.0,8,0.0,0.0,0.0,N,Y,08/2023,Analyst
13-1051.00,1.A.2.b.2,Multilimb Coordination,IM,1.0,8,0.0,1.0,1.0,N,,08/2023,Analyst
13-1051.00,1.A.2.b.2,Multilimb Coordination,LV,0.0,8,0.0,0.0,0.0,N,Y,08/2023,Analyst
13-1051.00,1.A.2.b.3,Response Orientation,IM,1.0,8,0.0,1.0,1.0,N,,08/2023,Analyst
13-1051.00,1.A.2.b.3,Response Orientation,LV,0.0,8,0.0,0.0,0.0,N,Y,08/2023,Analyst
13-1051.00,1.A.2.b.4,Rate Control,IM,1.0,8,0.0,1.0,1.0,N,,08/2023,Analyst
13-1051.00,1.A.2.b.4,Rate Control,LV,0.0,8,0.0,0.0,0.0,N,Y,08/2023,Analyst
13-1051.00,1.A.2.c.1,Reaction Time,IM,1.0,8,0.0,1.0,1.0,N,,08/2023,Analyst
13-1051.00,1.A.2.c.1,Reaction Time,LV,0.0,8,0.0,0.0,0.0,N,Y,08/2023,Analyst
13-1051.00,1.A.2.c.2,Wrist-Finger Speed,IM,1.62,8,0.183,1.2664,1.9836,N,,08/2023,Analyst
13-1051.00,1.A.2.c.2,Wrist-Finger Speed,LV,0.75,8,0.25,0.26,1.24,N,N,08/2023,Analyst
13-1051.00,1.A.2.c.3,Speed of Limb Movement,IM,1.0,8,0.0,1.0,1.0,N,,08/2023,Analyst
13-1051.00,1.A.2.c.3,Speed of Limb Movement,LV,0.0,8,0.0,0.0,0.0,N,Y,08/2023,Analyst
13-1051.00,1.A.3.a.1,Static Strength,IM,1.0,8,0.0,1.0,1.0,N,,08/2023,Analyst
13-1051.00,1.A.3.a.1,Static Strength,LV,0.0,8,0.0,0.0,0.0,N,Y,08/2023,Analyst
13-1051.00,1.A.3.a.2,Explosive Strength,IM,1.0,8,0.0,1.0,1.0,N,,08/2023,Analyst
13-1051.00,1.A.3.a.2,Explosive Strength,LV,0.0,8,0.0,0.0,0.0,N,Y,08/2023,Analyst
13-1051.00,1.A.3.a.3,Dynamic Strength,IM,1.0,8,0.0,1.0,1.0,N,,08/2023,Analyst
13-1051.00,1.A.3.a.3,Dynamic Strength,LV,0.0,8,0.0,0.0,0.0,N,Y,08/2023,Analyst
13-1051.00,1.A.3.a.4,Trunk Strength,IM,1.75,8,0.1637,1.4292,2.0708,N,,08/2023,Analyst
13-1051.00,1.A.3.a.4,Trunk Strength,LV,1.38,8,0.3239,0.7402,2.0098,N,N,08/2023,Analyst
13-1051.00,1.A.3.b.1,Stamina,IM,1.0,8,0.0,1.0,1.0,N,,08/2023,Analyst
13-1051.00,1.A.3.b.1,Stamina,LV,0.0,8,0.0,0.0,0.0,N,Y,08/2023,Analyst
13-1051.00,1.A.3.c.1,Extent Flexibility,IM,1.0,8,0.0,1.0,1.0,N,,08/2023,Analyst
13-1051.00,1.A.3.c.1,Extent Flexibility,LV,0.0,8,0.0,0.0,0.0,N,Y,08/2023,Analyst
13-1051.00,1.A.3.c.2,Dynamic Flexibility,IM,1.0,8,0.0,1.0,1.0,N,,08/2023,Analyst
13-1051.00,1.A.3.c.2,Dynamic Flexibility,LV,0.0,8,0.0,0.0,0.0,N,Y,08/2023,Analyst
13-1051.00,1.A.3.c.3,Gross Body Coordination,IM,1.0,8,0.0,1.0,1.0,N,,08/2023,Analyst
13-1051.00,1.A.3.c.3,Gross Body Coordination,LV,0.0,8,0.0,0.0,0.0,N,Y,08/2023,Analyst
13-1051.00,1.A.3.c.4,Gross Body Equilibrium,IM,1.0,8,0.0,1.0,1.0,N,,08/2023,Analyst
13-1051.00,1.A.3.c.4,Gross Body Equilibrium,LV,0.0,8,0.0,0.0,0.0,N,Y,08/2023,Analyst
13-1051.00,1.A.4.a.1,Near Vision,IM,3.75,8,0.1637,3.4292,4.0708,N,,08/2023,Analyst
13-1051.00,1.A.4.a.1,Near Vision,LV,3.88,8,0.125,3.63,4.12,N,N,08/2023,Analyst
13-1051.00,1.A.4.a.2,Far Vision,IM,2.75,8,0.1637,2.4292,3.0708,N,,08/2023,Analyst
13-1051.00,1.A.4.a.2,Far Vision,LV,2.88,8,0.125,2.63,3.12,N,N,08/2023,Analyst
13-1051.00,1.A.4.a.3,Visual Color Discrimination,IM,1.88,8,0.125,1.63,2.12,N,,08/2023,Analyst
13-1051.00,1.A.4.a.3,Visual Color Discrimination,LV,1.75,8,0.25,1.26,2.24,N,N,08/2023,Analyst
13-1051.00,1.A.4.a.4,Night Vision,IM,1.0,8,0.0,1.0,1.0,N,,08/2023,Analyst
13-1051.00,1.A.4.a.4,Night Vision,LV,0.0,8,0.0,0.0,0.0,N,Y,08/2023,Analyst
13-1051.00,1.A.4.a.5,Peripheral Vision,IM,1.0,8,0.0,1.0,1.0,N,,08/2023,Analyst
13-1051.00,1.A.4.a.5,Peripheral Vision,LV,0.0,8,0.0,0.0,0.0,N,Y,08/2023,Analyst
13-1051.00,1.A.4.a.6,Depth Perception,IM,1.5,8,0.189,1.1296,1.8704,N,,08/2023,Analyst
13-1051.00,1.A.4.a.6,Depth Perception,LV,0.62,8,0.2631,0.1094,1.1406,N,N,08/2023,Analyst
13-1051.00,1.A.4.a.7,Glare Sensitivity,IM,1.0,8,0.0,1.0,1.0,N,,08/2023,Analyst
13-1051.00,1.A.4.a.7,Glare Sensitivity,LV,0.0,8,0.0,0.0,0.0,N,Y,08/2023,Analyst
13-1051.00,1.A.4.b.1,Hearing Sensitivity,IM,1.5,8,0.189,1.1296,1.8704,N,,08/2023,Analyst
13-1051.00,1.A.4.b.1,Hearing Sensitivity,LV,1.0,8,0.378,0.2592,1.7408,N,N,08/2023,Analyst
13-1051.00,1.A.4.b.2,Auditory Attention,IM,1.62,8,0.183,1.2664,1.9836,N,,08/2023,Analyst
13-1051.00,1.A.4.b.2,Auditory Attention,LV,1.0,8,0.3273,0.3584,1.6416,N,N,08/2023,Analyst
13-1051.00,1.A.4.b.3,Sound Localization,IM,1.0,8,0.0,1.0,1.0,N,,08/2023,Analyst
13-1051.00,1.A.4.b.3,Sound Localization,LV,0.0,8,0.0,0.0,0.0,N,Y,08/2023,Analyst
13-1051.00,1.A.4.b.4,Speech Recognition,IM,3.25,8,0.1637,2.9292,3.5708,N,,08/2023,Analyst
13-1051.00,1.A.4.b.4,Speech Recognition,LV,3.5,8,0.189,3.1296,3.8704,N,N,08/2023,Analyst
13-1051.00,1.A.4.b.5,Speech Clarity,IM,3.5,8,0.189,3.1296,3.8704,N,,08/2023,Analyst
13-1051.00,1.A.4.b.5,Speech Clarity,LV,3.25,8,0.1637,2.9292,3.5708,N,N,08/2023,Analyst
13-1071.00,1.A.1.a.1,Oral Comprehension,IM,4.0,8,0.0,4.0,4.0,N,,08/2019,Analyst
13-1071.00,1.A.1.a.1,Oral Comprehension,LV,4.12,8,0.125,3.88,4.37,N,N,08/2019,Analyst
13-1071.00,1.A.1.a.2,Written Comprehension,IM,4.0,8,0.0,4.0,4.0,N,,08/2019,Analyst
13-1071.00,1.A.1.a.2,Written Comprehension,LV,4.0,8,0.0,4.0,4.0,N,N,08/2019,Analyst
13-1071.00,1.A.1.a.3,Oral Expression,IM,4.0,8,0.0,4.0,4.0,N,,08/2019,Analyst
13-1071.00,1.A.1.a.3,Oral Expression,LV,4.0,8,0.0,4.0,4.0,N,N,08/2019,Analyst
13-1071.00,1.A.1.a.4,Written Expression,IM,3.88,8,0.125,3.63,4.12,N,,08/2019,Analyst
13-1071.00,1.A.1.a.4,Written Expression,LV,3.88,8,0.125,3.63,4.12,N,N,08/2019,Analyst
13-1071.00,1.A.1.b.1,Fluency of Ideas,IM,2.75,8,0.1637,2.4292,3.0708,N,,08/2019,Analyst
13-1071.00,1.A.1.b.1,Fluency of Ideas,LV,3.0,8,0.0,3.0,3.0,N,N,08/2019,Analyst
13-1071.00,1.A.1.b.2,Originality,IM,2.75,8,0.1637,2.4292,3.0708,N,,08/2019,Analyst
13-1071.00,1.A.1.b.2,Originality,LV,3.12,8,0.125,2.88,3.37,N,N,08/2019,Analyst
13-1071.00,1.A.1.b.3,Problem Sensitivity,IM,3.88,8,0.2266,3.4309,4.3191,N,,08/2019,Analyst
13-1071.00,1.A.1.b.3,Problem Sensitivity,LV,3.75,8,0.1637,3.4292,4.0708,N,N,08/2019,Analyst
13-1071.00,1.A.1.b.4,Deductive Reasoning,IM,3.88,8,0.125,3.63,4.12,N,,08/2019,Analyst
13-1071.00,1.A.1.b.4,Deductive Reasoning,LV,4.0,8,0.0,4.0,4.0,N,N,08/2019,Analyst
13-1071.00,1.A.1.b.5,Inductive Reasoning,IM,3.25,8,0.1637,2.9292,3.5708,N,,08/2019,Analyst
13-1071.00,1.A.1.b.5,Inductive Reasoning,LV,3.5,8,0.189,3.1296,3.8704,N,N,08/2019,Analyst
13-1071.00,1.A.1.b.6,Information Ordering,IM,3.25,8,0.1637,2.9292,3.5708,N,,08/2019,Analyst
13-1071.00,1.A.1.b.6,Information Ordering,LV,3.5,8,0.189,3.1296,3.8704,N,N,08/2019,Analyst
13-1071.00,1.A.1.b.7,Category Flexibility,IM,3.12,8,0.125,2.88,3.37,N,,08/2019,Analyst
13-1071.00,1.A.1.b.7,Category Flexibility,LV,3.25,8,0.1637,2.9292,3.5708,N,N,08/2019,Analyst
13-1071.00,1.A.1.c.1,Mathematical Reasoning,IM,2.25,8,0.1637,1.9292,2.5708,N,,08/2019,Analyst
13-1071.00,1.A.1.c.1,Mathematical Reasoning,LV,2.25,8,0.1637,1.9292,2.5708,N,N,08/2019,Analyst
13-1071.00,1.A.1.c.2,Number Facility,IM,2.25,8,0.1637,1.9292,2.5708,N,,08/2019,Analyst
13-1071.00,1.A.1.c.2,Number Facility,LV,2.38,8,0.183,2.0164,2.7336,N,N,08/2019,Analyst
13-1071.00,1.A.1.d.1,Memorization,IM,2.25,8,0.1637,1.9292,2.5708,N,,08/2019,Analyst
13-1071.00,1.A.1.d.1,Memorization,LV,2.25,8,0.1637,1.9292,2.5708,N,N,08/2019,Analyst
13-1071.00,1.A.1.e.1,Speed of Closure,IM,2.0,8,0.0,2.0,2.0,N,,08/2019,Analyst
13-1071.00,1.A.1.e.1,Speed of Closure,LV,2.0,8,0.0,2.0,2.0,N,N,08/2019,Analyst
13-1071.00,1.A.1.e.2,Flexibility of Closure,IM,2.75,8,0.1637,2.4292,3.0708,N,,08/2019,Analyst
13-1071.00,1.A.1.e.2,Flexibility of Closure,LV,3.12,8,0.125,2.88,3.37,N,N,08/2019,Analyst
13-1071.00,1.A.1.e.3,Perceptual Speed,IM,2.0,8,0.0,2.0,2.0,N,,08/2019,Analyst
13-1071.00,1.A.1.e.3,Perceptual Speed,LV,2.0,8,0.0,2.0,2.0,N,N,08/2019,Analyst
13-1071.00,1.A.1.f.1,Spatial Orientation,IM,1.0,8,0.0,1.0,1.0,N,,08/2019,Analyst
13-1071.00,1.A.1.f.1,Spatial Orientation,LV,0.0,8,0.0,0.0,0.0,N,Y,08/2019,Analyst
13-1071.00,1.A.1.f.2,Visualization,IM,2.0,8,0.0,2.0,2.0,N,,08/2019,Analyst
13-1071.00,1.A.1.f.2,Visualization,LV,2.12,8,0.125,1.88,2.37,N,N,08/2019,Analyst
13-1071.00,1.A.1.g.1,Selective Attention,IM,2.88,8,0.125,2.63,3.12,N,,08/2019,Analyst
13-1071.00,1.A.1.g.1,Selective Attention,LV,2.38,8,0.183,2.0164,2.7336,N,N,08/2019,Analyst
13-1071.00,1.A.1.g.2,Time Sharing,IM,2.12,8,0.125,1.88,2.37,N,,08/2019,Analyst
13-1071.00,1.A.1.g.2,Time Sharing,LV,2.12,8,0.125,1.88,2.37,N,N,08/2019,Analyst
13-1071.00,1.A.2.a.1,Arm-Hand Steadiness,IM,1.5,8,0.189,1.1296,1.8704,N,,08/2019,Analyst
13-1071.00,1.A.2.a.1,Arm-Hand Steadiness,LV,0.5,8,0.189,0.1296,0.8704,N,N,08/2019,Analyst
13-1071.00,1.A.2.a.2,Manual Dexterity,IM,1.5,8,0.189,1.1296,1.8704,N,,08/2019,Analyst
13-1071.00,1.A.2.a.2,Manual Dexterity,LV,0.5,8,0.189,0.1296,0.8704,N,N,08/2019,Analyst
13-1071.00,1.A.2.a.3,Finger Dexterity,IM,1.88,8,0.125,1.63,2.12,N,,08/2019,Analyst
13-1071.00,1.A.2.a.3,Finger Dexterity,LV,1.38,8,0.2631,0.8594,1.8906,N,N,08/2019,Analyst
13-1071.00,1.A.2.b.1,Control Precision,IM,1.38,8,0.183,1.0164,1.7336,N,,08/2019,Analyst
13-1071.00,1.A.2.b.1,Control Precision,LV,0.38,8,0.183,0.0164,0.7336,N,N,08/2019,Analyst
13-1071.00,1.A.2.b.2,Multilimb Coordination,IM,1.0,8,0.0,1.0,1.0,N,,08/2019,Analyst
13-1071.00,1.A.2.b.2,Multilimb Coordination,LV,0.0,8,0.0,0.0,0.0,N,Y,08/2019,Analyst
13-1071.00,1.A.2.b.3,Response Orientation,IM,1.0,8,0.0,1.0,1.0,N,,08/2019,Analyst
13-1071.00,1.A.2.b.3,Response Orientation,LV,0.0,8,0.0,0.0,0.0,N,Y,08/2019,Analyst
13-1071.00,1.A.2.b.4,Rate Control,IM,1.0,8,0.0,1.0,1.0,N,,08/2019,Analyst
13-1071.00,1.A.2.b.4,Rate Control,LV,0.0,8,0.0,0.0,0.0,N,Y,08/2019,Analyst
13-1071.00,1.A.2.c.1,Reaction Time,IM,1.0,8,0.0,1.0,1.0,N,,08/2019,Analyst
13-1071.00,1.A.2.c.1,Reaction Time,LV,0.0,8,0.0,0.0,0.0,N,Y,08/2019,Analyst
13-1071.00,1.A.2.c.2,Wrist-Finger Speed,IM,1.38,8,0.183,1.0164,1.7336,N,,08/2019,Analyst
13-1071.00,1.A.2.c.2,Wrist-Finger Speed,LV,0.38,8,0.183,0.0164,0.7336,N,N,08/2019,Analyst
13-1071.00,1.A.2.c.3,Speed of Limb Movement,IM,1.0,8,0.0,1.0,1.0,N,,08/2019,Analyst
13-1071.00,1.A.2.c.3,Speed of Limb Movement,LV,0.0,8,0.0,0.0,0.0,N,Y,08/2019,Analyst
13-1071.00,1.A.3.a.1,Static Strength,IM,1.0,8,0.0,1.0,1.0,N,,08/2019,Analyst
13-1071.00,1.A.3.a.1,Static Strength,LV,0.0,8,0.0,0.0,0.0,N,Y,08/2019,Analyst
13-1071.00,1.A.3.a.2,Explosive Strength,IM,1.0,8,0.0,1.0,1.0,N,,08/2019,Analyst
13-1071.00,1.A.3.a.2,Explosive Strength,LV,0.0,8,0.0,0.0,0.0,N,Y,08/2019,Analyst
13-1071.00,1.A.3.a.3,Dynamic Strength,IM,1.25,8,0.1637,1.0,1.5708,N,,08/2019,Analyst
13-1071.00,1.A.3.a.3,Dynamic Strength,LV,0.25,8,0.1637,0.0,0.5708,N,Y,08/2019,Analyst
13-1071.00,1.A.3.a.4,Trunk Strength,IM,1.75,8,0.1637,1.4292,2.0708,N,,08/2019,Analyst
13-1071.00,1.A.3.a.4,Trunk Strength,LV,1.25,8,0.3134,0.6358,1.8642,N,N,08/2019,Analyst
13-1071.00,1.A.3.b.1,Stamina,IM,1.0,8,0.0,1.0,1.0,N,,08/2019,Analyst
13-1071.00,1.A.3.b.1,Stamina,LV,0.0,8,0.0,0.0,0.0,N,Y,08/2019,Analyst
13-1071.00,1.A.3.c.1,Extent Flexibility,IM,1.0,8,0.0,1.0,1.0,N,,08/2019,Analyst
13-1071.00,1.A.3.c.1,Extent Flexibility,LV,0.0,8,0.0,0.0,0.0,N,Y,08/2019,Analyst
13-1071.00,1.A.3.c.2,Dynamic Flexibility,IM,1.0,8,0.0,1.0,1.0,N,,08/2019,Analyst
13-1071.00,1.A.3.c.2,Dynamic Flexibility,LV,0.0,8,0.0,0.0,0.0,N,Y,08/2019,Analyst
13-1071.00,1.A.3.c.3,Gross Body Coordination,IM,1.0,8,0.0,1.0,1.0,N,,08/2019,Analyst
13-1071.00,1.A.3.c.3,Gross Body Coordination,LV,0.0,8,0.0,0.0,0.0,N,Y,08/2019,Analyst
13-1071.00,1.A.3.c.4,Gross Body Equilibrium,IM,1.0,8,0.0,1.0,1.0,N,,08/2019,Analyst
13-1071.00,1.A.3.c.4,Gross Body Equilibrium,LV,0.0,8,0.0,0.0,0.0,N,Y,08/2019,Analyst
13-1071.00,1.A.4.a.1,Near Vision,IM,3.62,8,0.183,3.2664,3.9836,N,,08/2019,Analyst
13-1071.00,1.A.4.a.1,Near Vision,LV,3.62,8,0.183,3.2664,3.9836,N,N,08/2019,Analyst
13-1071.00,1.A.4.a.2,Far Vision,IM,2.12,8,0.125,1.88,2.37,N,,08/2019,Analyst
13-1071.00,1.A.4.a.2,Far Vision,LV,2.12,8,0.125,1.88,2.37,N,N,08/2019,Analyst
13-1071.00,1.A.4.a.3,Visual Color Discrimination,IM,1.75,8,0.1637,1.4292,2.0708,N,,08/2019,Analyst
13-1071.00,1.A.4.a.3,Visual Color Discrimination,LV,0.75,8,0.1637,0.4292,1.0708,N,N,08/2019,Analyst
13-1071.00,1.A.4.a.4,Night Vision,IM,1.0,8,0.0,1.0,1.0,N,,08/2019,Analyst
13-1071.00,1.A.4.a.4,Night Vision,LV,0.0,8,0.0,0.0,0.0,N,Y,08/2019,Analyst
13-1071.00,1.A.4.a.5,Peripheral Vision,IM,1.0,8,0.0,1.0,1.0,N,,08/2019,Analyst
13-1071.00,1.A.4.a.5,Peripheral Vision,LV,0.0,8,0.0,0.0,0.0,N,Y,08/2019,Analyst
13-1071.00,1.A.4.a.6,Depth Perception,IM,1.25,8,0.1637,1.0,1.5708,N,,08/2019,Analyst
13-1071.00,1.A.4.a.6,Depth Perception,LV,0.25,8,0.1637,0.0,0.5708,N,Y,08/2019,Analyst
13-1071.00,1.A.4.a.7,Glare Sensitivity,IM,1.0,8,0.0,1.0,1.0,N,,08/2019,Analyst
13-1071.00,1.A.4.a.7,Glare Sensitivity,LV,0.0,8,0.0,0.0,0.0,N,Y,08/2019,Analyst
13-1071.00,1.A.4.b.1,Hearing Sensitivity,IM,1.75,8,0.1637,1.4292,2.0708,N,,08/2019,Analyst
13-1071.00,1.A.4.b.1,Hearing Sensitivity,LV,0.88,8,0.2266,0.4309,1.3191,N,N,08/2019,Analyst
13-1071.00,1.A.4.b.2,Auditory Attention,IM,1.88,8,0.125,1.63,2.12,N,,08/2019,Analyst
13-1071.00,1.A.4.b.2,Auditory Attention,LV,1.38,8,0.2631,0.8594,1.8906,N,N,08/2019,Analyst
13-1071.00,1.A.4.b.3,Sound Localization,IM,1.0,8,0.0,1.0,1.0,N,,08/2019,Analyst
13-1071.00,1.A.4.b.3,Sound Localization,LV,0.0,8,0.0,0.0,0.0,N,Y,08/2019,Analyst
13-1071.00,1.A.4.b.4,Speech Recognition,IM,3.88,8,0.125,3.63,4.12,N,,08/2019,Analyst
13-1071.00,1.A.4.b.4,Speech Recognition,LV,3.88,8,0.125,3.63,4.12,N,N,08/2019,Analyst
13-1071.00,1.A.4.b.5,Speech Clarity,IM,3.88,8,0.125,3.63,4.12,N,,08/2019,Analyst
13-1071.00,1.A.4.b.5,Speech Clarity,LV,3.88,8,0.125,3.63,4.12,N,N,08/2019,Analyst
13-1074.00,1.A.1.a.1,Oral Comprehension,IM,3.62,8,0.183,3.2664,3.9836,N,,06/2008,Analyst
13-1074.00,1.A.1.a.1,Oral Comprehension,LV,3.25,8,0.1637,2.9292,3.5708,N,N,06/2008,Analyst
13-1074.00,1.A.1.a.2,Written Comprehension,IM,2.88,8,0.125,2.63,3.12,N,,06/2008,Analyst
13-1074.00,1.A.1.a.2,Written Comprehension,LV,3.0,8,0.0,3.0,3.0,N,N,06/2008,Analyst
13-1074.00,1.A.1.a.3,Oral Expression,IM,3.5,8,0.189,3.1296,3.8704,N,,06/2008,Analyst
13-1074.00,1.A.1.a.3,Oral Expression,LV,3.38,8,0.183,3.0164,3.7336,N,N,06/2008,Analyst
13-1074.00,1.A.1.a.4,Written Expression,IM,2.88,8,0.125,2.63,3.12,N,,06/2008,Analyst
13-1074.00,1.A.1.a.4,Written Expression,LV,3.0,8,0.0,3.0,3.0,N,N,06/2008,Analyst
13-1074.00,1.A.1.b.1,Fluency of Ideas,IM,2.12,8,0.2266,1.6809,2.5691,N,,06/2008,Analyst
13-1074.00,1.A.1.b.1,Fluency of Ideas,LV,2.12,8,0.3504,1.4383,2.8117,N,N,06/2008,Analyst
13-1074.00,1.A.1.b.2,Originality,IM,2.0,8,0.2673,1.4762,2.5238,N,,06/2008,Analyst
13-1074.00,1.A.1.b.2,Originality,LV,2.0,8,0.4629,1.0927,2.9073,N,N,06/2008,Analyst
13-1074.00,1.A.1.b.3,Problem Sensitivity,IM,3.12,8,0.2266,2.6809,3.5691,N,,06/2008,Analyst
13-1074.00,1.A.1.b.3,Problem Sensitivity,LV,3.25,8,0.1637,2.9292,3.5708,N,N,06/2008,Analyst
13-1074.00,1.A.1.b.4,Deductive Reasoning,IM,2.88,8,0.125,2.63,3.12,N,,06/2008,Analyst
13-1074.00,1.A.1.b.4,Deductive Reasoning,LV,2.88,8,0.125,2.63,3.12,N,N,06/2008,Analyst
13-1074.00,1.A.1.b.5,Inductive Reasoning,IM,2.75,8,0.1637,2.4292,3.0708,N,,06/2008,Analyst
13-1074.00,1.A.1.b.5,Inductive Reasoning,LV,2.88,8,0.125,2.63,3.12,N,N,06/2008,Analyst
13-1074.00,1.A.1.b.6,Information Ordering,IM,2.88,8,0.125,2.63,3.12,N,,06/2008,Analyst
13-1074.00,1.A.1.b.6,Information Ordering,LV,2.75,8,0.1637,2.4292,3.0708,N,N,06/2008,Analyst
13-1074.00,1.A.1.b.7,Category Flexibility,IM,2.62,8,0.2631,2.1094,3.1406,N,,06/2008,Analyst
13-1074.00,1.A.1.b.7,Category Flexibility,LV,2.5,8,0.378,1.7592,3.2408,N,N,06/2008,Analyst
13-1074.00,1.A.1.c.1,Mathematical Reasoning,IM,2.12,8,0.2266,1.6809,2.5691,N,,06/2008,Analyst
13-1074.00,1.A.1.c.1,Mathematical Reasoning,LV,1.88,8,0.3504,1.1883,2.5617,N,N,06/2008,Analyst
13-1074.00,1.A.1.c.2,Number Facility,IM,2.12,8,0.2266,1.6809,2.5691,N,,06/2008,Analyst
13-1074.00,1.A.1.c.2,Number Facility,LV,2.12,8,0.3504,1.4383,2.8117,N,N,06/2008,Analyst
13-1074.00,1.A.1.d.1,Memorization,IM,2.12,8,0.2266,1.6809,2.5691,N,,06/2008,Analyst
13-1074.00,1.A.1.d.1,Memorization,LV,1.75,8,0.3134,1.1358,2.3642,N,N,06/2008,Analyst
13-1074.00,1.A.1.e.1,Speed of Closure,IM,2.0,8,0.2673,1.4762,2.5238,N,,06/2008,Analyst
13-1074.00,1.A.1.e.1,Speed of Closure,LV,1.5,8,0.378,0.7592,2.2408,N,N,06/2008,Analyst
13-1074.00,1.A.1.e.2,Flexibility of Closure,IM,2.25,8,0.25,1.76,2.74,N,,06/2008,Analyst
13-1074.00,1.A.1.e.2,Flexibility of Closure,LV,2.25,8,0.4532,1.3618,3.1382,N,N,06/2008,Analyst
13-1074.00,1.A.1.e.3,Perceptual Speed,IM,2.12,8,0.2266,1.6809,2.5691,N,,06/2008,Analyst
13-1074.00,1.A.1.e.3,Perceptual Speed,LV,2.25,8,0.366,1.5327,2.9673,N,N,06/2008,Analyst
13-1074.00,1.A.1.f.1,Spatial Orientation,IM,2.0,8,0.2673,1.4762,2.5238,N,,06/2008,Analyst
13-1074.00,1.A.1.f.1,Spatial Orientation,LV,1.62,8,0.4199,0.8019,2.4481,N,N,06/2008,Analyst
13-1074.00,1.A.1.f.2,Visualization,IM,1.88,8,0.2266,1.4309,2.3191,N,,06/2008,Analyst
13-1074.00,1.A.1.f.2,Visualization,LV,1.75,8,0.4119,0.9427,2.5573,N,N,06/2008,Analyst
13-1074.00,1.A.1.g.1,Selective Attention,IM,2.75,8,0.1637,2.4292,3.0708,N,,06/2008,Analyst
13-1074.00,1.A.1.g.1,Selective Attention,LV,2.75,8,0.1637,2.4292,3.0708,N,N,06/2008,Analyst
13-1074.00,1.A.1.g.2,Time Sharing,IM,2.5,8,0.189,2.1296,2.8704,N,,06/2008,Analyst
13-1074.00,1.A.1.g.2,Time Sharing,LV,2.75,8,0.25,2.26,3.24,N,N,06/2008,Analyst
13-1074.00,1.A.2.a.1,Arm-Hand Steadiness,IM,2.38,8,0.183,2.0164,2.7336,N,,06/2008,Analyst
13-1074.00,1.A.2.a.1,Arm-Hand Steadiness,LV,2.38,8,0.183,2.0164,2.7336,N,N,06/2008,Analyst
13-1074.00,1.A.2.a.2,Manual Dexterity,IM,2.38,8,0.183,2.0164,2.7336,N,,06/2008,Analyst
13-1074.00,1.A.2.a.2,Manual Dexterity,LV,2.5,8,0.3273,1.8584,3.1416,N,N,06/2008,Analyst
13-1074.00,1.A.2.a.3,Finger Dexterity,IM,2.0,8,0.2673,1.4762,2.5238,N,,06/2008,Analyst
13-1074.00,1.A.2.a.3,Finger Dexterity,LV,1.5,8,0.378,0.7592,2.2408,N,N,06/2008,Analyst
13-1074.00,1.A.2.b.1,Control Precision,IM,2.88,8,0.2266,2.4309,3.3191,N,,06/2008,Analyst
13-1074.00,1.A.2.b.1,Control Precision,LV,3.0,8,0.2673,2.4762,3.5238,N,N,06/2008,Analyst
13-1074.00,1.A.2.b.2,Multilimb Coordination,IM,2.88,8,0.125,2.63,3.12,N,,06/2008,Analyst
13-1074.00,1.A.2.b.2,Multilimb Coordination,LV,3.0,8,0.3273,2.3584,3.6416,N,N,06/2008,Analyst
13-1074.00,1.A.2.b.3,Response Orientation,IM,2.25,8,0.1637,1.9292,2.5708,N,,06/2008,Analyst
13-1074.00,1.A.2.b.3,Response Orientation,LV,2.5,8,0.3273,1.8584,3.1416,N,N,06/2008,Analyst
13-1074.00,1.A.2.b.4,Rate Control,IM,2.38,8,0.183,2.0164,2.7336,N,,06/2008,Analyst
13-1074.00,1.A.2.b.4,Rate Control,LV,2.38,8,0.2631,1.8594,2.8906,N,N,06/2008,Analyst
13-1074.00,1.A.2.c.1,Reaction Time,IM,2.38,8,0.2631,1.8594,2.8906,N,,06/2008,Analyst
13-1074.00,1.A.2.c.1,Reaction Time,LV,2.38,8,0.375,1.64,3.11,N,N,06/2008,Analyst
13-1074.00,1.A.2.c.2,Wrist-Finger Speed,IM,1.12,8,0.125,1.0,1.37,N,,06/2008,Analyst
13-1074.00,1.A.2.c.2,Wrist-Finger Speed,LV,0.25,8,0.25,0.0,0.74,N,Y,06/2008,Analyst
13-1074.00,1.A.2.c.3,Speed of Limb Movement,IM,2.12,8,0.295,1.5467,2.7033,N,,06/2008,Analyst
13-1074.00,1.A.2.c.3,Speed of Limb Movement,LV,2.0,8,0.4629,1.0927,2.9073,N,N,06/2008,Analyst
13-1074.00,1.A.3.a.1,Static Strength,IM,2.12,8,0.2266,1.6809,2.5691,N,,06/2008,Analyst
13-1074.00,1.A.3.a.1,Static Strength,LV,2.12,8,0.3504,1.4383,2.8117,N,N,06/2008,Analyst
13-1074.00,1.A.3.a.2,Explosive Strength,IM,1.0,8,0.0,1.0,1.0,N,,06/2008,Analyst
13-1074.00,1.A.3.a.2,Explosive Strength,LV,0.0,8,0.0,0.0,0.0,N,Y,06/2008,Analyst
13-1074.00,1.A.3.a.3,Dynamic Strength,IM,1.88,8,0.2266,1.4309,2.3191,N,,06/2008,Analyst
13-1074.00,1.A.3.a.3,Dynamic Strength,LV,1.5,8,0.378,0.7592,2.2408,N,N,06/2008,Analyst
13-1074.00,1.A.3.a.4,Trunk Strength,IM,2.38,8,0.183,2.0164,2.7336,N,,06/2008,Analyst
13-1074.00,1.A.3.a.4,Trunk Strength,LV,2.5,8,0.189,2.1296,2.8704,N,N,06/2008,Analyst
13-1074.00,1.A.3.b.1,Stamina,IM,2.0,8,0.189,1.6296,2.3704,N,,06/2008,Analyst
13-1074.00,1.A.3.b.1,Stamina,LV,2.12,8,0.3981,1.3447,2.9053,N,N,06/2008,Analyst
13-1074.00,1.A.3.c.1,Extent Flexibility,IM,1.88,8,0.2266,1.4309,2.3191,N,,06/2008,Analyst
13-1074.00,1.A.3.c.1,Extent Flexibility,LV,1.5,8,0.378,0.7592,2.2408,N,N,06/2008,Analyst
13-1074.00,1.A.3.c.2,Dynamic Flexibility,IM,1.0,8,0.0,1.0,1.0,N,,06/2008,Analyst
13-1074.00,1.A.3.c.2,Dynamic Flexibility,LV,0.0,8,0.0,0.0,0.0,N,Y,06/2008,Analyst
13-1074.00,1.A.3.c.3,Gross Body Coordination,IM,2.0,8,0.189,1.6296,2.3704,N,,06/2008,Analyst
13-1074.00,1.A.3.c.3,Gross Body Coordination,LV,2.0,8,0.3273,1.3584,2.6416,N,N,06/2008,Analyst
13-1074.00,1.A.3.c.4,Gross Body Equilibrium,IM,1.75,8,0.25,1.26,2.24,N,,06/2008,Analyst
13-1074.00,1.A.3.c.4,Gross Body Equilibrium,LV,1.12,8,0.3981,0.3447,1.9053,N,N,06/2008,Analyst
13-1074.00,1.A.4.a.1,Near Vision,IM,3.0,8,0.189,2.6296,3.3704,N,,06/2008,Analyst
13-1074.00,1.A.4.a.1,Near Vision,LV,3.12,8,0.2266,2.6809,3.5691,N,N,06/2008,Analyst
13-1074.00,1.A.4.a.2,Far Vision,IM,2.5,8,0.2673,1.9762,3.0238,N,,06/2008,Analyst
13-1074.00,1.A.4.a.2,Far Vision,LV,2.62,8,0.4199,1.8019,3.4481,N,N,06/2008,Analyst
13-1074.00,1.A.4.a.3,Visual Color Discrimination,IM,2.25,8,0.25,1.76,2.74,N,,06/2008,Analyst
13-1074.00,1.A.4.a.3,Visual Color Discrimination,LV,2.25,8,0.4532,1.3618,3.1382,N,N,06/2008,Analyst
13-1074.00,1.A.4.a.4,Night Vision,IM,1.88,8,0.2266,1.4309,2.3191,N,,06/2008,Analyst
13-1074.00,1.A.4.a.4,Night Vision,LV,1.5,8,0.378,0.7592,2.2408,N,N,06/2008,Analyst
13-1074.00,1.A.4.a.5,Peripheral Vision,IM,2.12,8,0.125,1.88,2.37,N,,06/2008,Analyst
13-1074.00,1.A.4.a.5,Peripheral Vision,LV,2.0,8,0.189,1.6296,2.3704,N,N,06/2008,Analyst
13-1074.00,1.A.4.a.6,Depth Perception,IM,2.5,8,0.2673,1.9762,3.0238,N,,06/2008,Analyst
13-1074.00,1.A.4.a.6,Depth Perception,LV,2.12,8,0.3504,1.4383,2.8117,N,N,06/2008,Analyst
13-1074.00,1.A.4.a.7,Glare Sensitivity,IM,2.0,8,0.3273,1.3584,2.6416,N,,06/2008,Analyst
13-1074.00,1.A.4.a.7,Glare Sensitivity,LV,1.5,8,0.378,0.7592,2.2408,N,N,06/2008,Analyst
13-1074.00,1.A.4.b.1,Hearing Sensitivity,IM,2.12,8,0.2266,1.6809,2.5691,N,,06/2008,Analyst
13-1074.00,1.A.4.b.1,Hearing Sensitivity,LV,1.88,8,0.3504,1.1883,2.5617,N,N,06/2008,Analyst
13-1074.00,1.A.4.b.2,Auditory Attention,IM,2.12,8,0.2266,1.6809,2.5691,N,,06/2008,Analyst
13-1074.00,1.A.4.b.2,Auditory Attention,LV,2.0,8,0.3273,1.3584,2.6416,N,N,06/2008,Analyst
13-1074.00,1.A.4.b.3,Sound Localization,IM,1.62,8,0.2631,1.1094,2.1406,N,,06/2008,Analyst
13-1074.00,1.A.4.b.3,Sound Localization,LV,1.0,8,0.4226,0.1717,1.8283,N,N,06/2008,Analyst
13-1074.00,1.A.4.b.4,Speech Recognition,IM,3.25,8,0.25,2.76,3.74,N,,06/2008,Analyst
13-1074.00,1.A.4.b.4,Speech Recognition,LV,3.5,8,0.189,3.1296,3.8704,N,N,06/2008,Analyst
13-1074.00,1.A.4.b.5,Speech Clarity,IM,3.38,8,0.183,3.0164,3.7336,N,,06/2008,Analyst
13-1074.00,1.A.4.b.5,Speech Clarity,LV,3.12,8,0.2266,2.6809,3.5691,N,N,06/2008,Analyst
13-1075.00,1.A.1.a.1,Oral Comprehension,IM,4.12,8,0.125,3.88,4.37,N,,08/2023,Analyst
13-1075.00,1.A.1.a.1,Oral Comprehension,LV,4.5,8,0.189,4.1296,4.8704,N,N,08/2023,Analyst
13-1075.00,1.A.1.a.2,Written Comprehension,IM,4.0,8,0.0,4.0,4.0,N,,08/2023,Analyst
13-1075.00,1.A.1.a.2,Written Comprehension,LV,4.38,8,0.183,4.0164,4.7336,N,N,08/2023,Analyst
13-1075.00,1.A.1.a.3,Oral Expression,IM,4.25,8,0.1637,3.9292,4.5708,N,,08/2023,Analyst
13-1075.00,1.A.1.a.3,Oral Expression,LV,4.5,8,0.189,4.1296,4.8704,N,N,08/2023,Analyst
13-1075.00,1.A.1.a.4,Written Expression,IM,4.0,8,0.0,4.0,4.0,N,,08/2023,Analyst
13-1075.00,1.A.1.a.4,Written Expression,LV,4.38,8,0.183,4.0164,4.7336,N,N,08/2023,Analyst
13-1075.00,1.A.1.b.1,Fluency of Ideas,IM,3.5,8,0.189,3.1296,3.8704,N,,08/2023,Analyst
13-1075.00,1.A.1.b.1,Fluency of Ideas,LV,3.88,8,0.2266,3.4309,4.3191,N,N,08/2023,Analyst
13-1075.00,1.A.1.b.2,Originality,IM,3.5,8,0.189,3.1296,3.8704,N,,08/2023,Analyst
13-1075.00,1.A.1.b.2,Originality,LV,3.75,8,0.1637,3.4292,4.0708,N,N,08/2023,Analyst
13-1075.00,1.A.1.b.3,Problem Sensitivity,IM,4.0,8,0.0,4.0,4.0,N,,08/2023,Analyst
13-1075.00,1.A.1.b.3,Problem Sensitivity,LV,4.12,8,0.125,3.88,4.37,N,N,08/2023,Analyst
13-1075.00,1.A.1.b.4,Deductive Reasoning,IM,3.75,8,0.1637,3.4292,4.0708,N,,08/2023,Analyst
13-1075.00,1.A.1.b.4,Deductive Reasoning,LV,4.38,8,0.183,4.0164,4.7336,N,N,08/2023,Analyst
13-1075.00,1.A.1.b.5,Inductive Reasoning,IM,3.75,8,0.1637,3.4292,4.0708,N,,08/2023,Analyst
13-1075.00,1.A.1.b.5,Inductive Reasoning,LV,4.0,8,0.0,4.0,4.0,N,N,08/2023,Analyst
13-1075.00,1.A.1.b.6,Information Ordering,IM,3.38,8,0.183,3.0164,3.7336,N,,08/2023,Analyst
13-1075.00,1.A.1.b.6,Information Ordering,LV,3.38,8,0.183,3.0164,3.7336,N,N,08/2023,Analyst
13-1075.00,1.A.1.b.7,Category Flexibility,IM,3.12,8,0.125,2.88,3.37,N,,08/2023,Analyst
13-1075.00,1.A.1.b.7,Category Flexibility,LV,3.12,8,0.125,2.88,3.37,N,N,08/2023,Analyst
13-1075.00,1.A.1.c.1,Mathematical Reasoning,IM,2.5,8,0.189,2.1296,2.8704,N,,08/2023,Analyst
13-1075.00,1.A.1.c.1,Mathematical Reasoning,LV,2.75,8,0.1637,2.4292,3.0708,N,N,08/2023,Analyst
13-1075.00,1.A.1.c.2,Number Facility,IM,2.75,8,0.1637,2.4292,3.0708,N,,08/2023,Analyst
13-1075.00,1.A.1.c.2,Number Facility,LV,2.75,8,0.1637,2.4292,3.0708,N,N,08/2023,Analyst
13-1075.00,1.A.1.d.1,Memorization,IM,2.75,8,0.1637,2.4292,3.0708,N,,08/2023,Analyst
13-1075.00,1.A.1.d.1,Memorization,LV,2.88,8,0.125,2.63,3.12,N,N,08/2023,Analyst
13-1075.00,1.A.1.e.1,Speed of Closure,IM,2.75,8,0.1637,2.4292,3.0708,N,,08/2023,Analyst
13-1075.00,1.A.1.e.1,Speed of Closure,LV,3.0,8,0.0,3.0,3.0,N,N,08/2023,Analyst
13-1075.00,1.A.1.e.2,Flexibility of Closure,IM,2.75,8,0.1637,2.4292,3.0708,N,,08/2023,Analyst
13-1075.00,1.A.1.e.2,Flexibility of Closure,LV,2.88,8,0.125,2.63,3.12,N,N,08/2023,Analyst
13-1075.00,1.A.1.e.3,Perceptual Speed,IM,2.5,8,0.189,2.1296,2.8704,N,,08/2023,Analyst
13-1075.00,1.A.1.e.3,Perceptual Speed,LV,2.62,8,0.183,2.2664,2.9836,N,N,08/2023,Analyst
13-1075.00,1.A.1.f.1,Spatial Orientation,IM,1.0,8,0.0,1.0,1.0,N,,08/2023,Analyst
13-1075.00,1.A.1.f.1,Spatial Orientation,LV,0.0,8,0.0,0.0,0.0,N,Y,08/2023,Analyst
13-1075.00,1.A.1.f.2,Visualization,IM,2.38,8,0.183,2.0164,2.7336,N,,08/2023,Analyst
13-1075.00,1.A.1.f.2,Visualization,LV,2.12,8,0.125,1.88,2.37,N,N,08/2023,Analyst
13-1075.00,1.A.1.g.1,Selective Attention,IM,2.88,8,0.125,2.63,3.12,N,,08/2023,Analyst
13-1075.00,1.A.1.g.1,Selective Attention,LV,2.88,8,0.125,2.63,3.12,N,N,08/2023,Analyst
13-1075.00,1.A.1.g.2,Time Sharing,IM,2.62,8,0.183,2.2664,2.9836,N,,08/2023,Analyst
13-1075.00,1.A.1.g.2,Time Sharing,LV,2.5,8,0.189,2.1296,2.8704,N,N,08/2023,Analyst
13-1075.00,1.A.2.a.1,Arm-Hand Steadiness,IM,1.0,8,0.0,1.0,1.0,N,,08/2023,Analyst
13-1075.00,1.A.2.a.1,Arm-Hand Steadiness,LV,0.0,8,0.0,0.0,0.0,N,Y,08/2023,Analyst
13-1075.00,1.A.2.a.2,Manual Dexterity,IM,1.0,8,0.0,1.0,1.0,N,,08/2023,Analyst
13-1075.00,1.A.2.a.2,Manual Dexterity,LV,0.0,8,0.0,0.0,0.0,N,Y,08/2023,Analyst
13-1075.00,1.A.2.a.3,Finger Dexterity,IM,1.0,8,0.0,1.0,1.0,N,,08/2023,Analyst
13-1075.00,1.A.2.a.3,Finger Dexterity,LV,0.0,8,0.0,0.0,0.0,N,Y,08/2023,Analyst
13-1075.00,1.A.2.b.1,Control Precision,IM,1.0,8,0.0,1.0,1.0,N,,08/2023,Analyst
13-1075.00,1.A.2.b.1,Control Precision,LV,0.0,8,0.0,0.0,0.0,N,Y,08/2023,Analyst
13-1075.00,1.A.2.b.2,Multilimb Coordination,IM,1.0,8,0.0,1.0,1.0,N,,08/2023,Analyst
13-1075.00,1.A.2.b.2,Multilimb Coordination,LV,0.0,8,0.0,0.0,0.0,N,Y,08/2023,Analyst
13-1075.00,1.A.2.b.3,Response Orientation,IM,1.0,8,0.0,1.0,1.0,N,,08/2023,Analyst
13-1075.00,1.A.2.b.3,Response Orientation,LV,0.0,8,0.0,0.0,0.0,N,Y,08/2023,Analyst
13-1075.00,1.A.2.b.4,Rate Control,IM,1.0,8,0.0,1.0,1.0,N,,08/2023,Analyst
13-1075.00,1.A.2.b.4,Rate Control,LV,0.0,8,0.0,0.0,0.0,N,Y,08/2023,Analyst
13-1075.00,1.A.2.c.1,Reaction Time,IM,1.0,8,0.0,1.0,1.0,N,,08/2023,Analyst
13-1075.00,1.A.2.c.1,Reaction Time,LV,0.0,8,0.0,0.0,0.0,N,Y,08/2023,Analyst
13-1075.00,1.A.2.c.2,Wrist-Finger Speed,IM,1.62,8,0.183,1.2664,1.9836,N,,08/2023,Analyst
13-1075.00,1.A.2.c.2,Wrist-Finger Speed,LV,0.75,8,0.25,0.26,1.24,N,N,08/2023,Analyst
13-1075.00,1.A.2.c.3,Speed of Limb Movement,IM,1.0,8,0.0,1.0,1.0,N,,08/2023,Analyst
13-1075.00,1.A.2.c.3,Speed of Limb Movement,LV,0.0,8,0.0,0.0,0.0,N,Y,08/2023,Analyst
13-1075.00,1.A.3.a.1,Static Strength,IM,1.0,8,0.0,1.0,1.0,N,,08/2023,Analyst
13-1075.00,1.A.3.a.1,Static Strength,LV,0.0,8,0.0,0.0,0.0,N,Y,08/2023,Analyst
13-1075.00,1.A.3.a.2,Explosive Strength,IM,1.0,8,0.0,1.0,1.0,N,,08/2023,Analyst
13-1075.00,1.A.3.a.2,Explosive Strength,LV,0.0,8,0.0,0.0,0.0,N,Y,08/2023,Analyst
13-1075.00,1.A.3.a.3,Dynamic Strength,IM,1.0,8,0.0,1.0,1.0,N,,08/2023,Analyst
13-1075.00,1.A.3.a.3,Dynamic Strength,LV,0.0,8,0.0,0.0,0.0,N,Y,08/2023,Analyst
13-1075.00,1.A.3.a.4,Trunk Strength,IM,1.88,8,0.125,1.63,2.12,N,,08/2023,Analyst
13-1075.00,1.A.3.a.4,Trunk Strength,LV,1.5,8,0.2673,0.9762,2.0238,N,N,08/2023,Analyst
13-1075.00,1.A.3.b.1,Stamina,IM,1.0,8,0.0,1.0,1.0,N,,08/2023,Analyst
13-1075.00,1.A.3.b.1,Stamina,LV,0.0,8,0.0,0.0,0.0,N,Y,08/2023,Analyst
13-1075.00,1.A.3.c.1,Extent Flexibility,IM,1.0,8,0.0,1.0,1.0,N,,08/2023,Analyst
13-1075.00,1.A.3.c.1,Extent Flexibility,LV,0.0,8,0.0,0.0,0.0,N,Y,08/2023,Analyst
13-1075.00,1.A.3.c.2,Dynamic Flexibility,IM,1.0,8,0.0,1.0,1.0,N,,08/2023,Analyst
13-1075.00,1.A.3.c.2,Dynamic Flexibility,LV,0.0,8,0.0,0.0,0.0,N,Y,08/2023,Analyst
13-1075.00,1.A.3.c.3,Gross Body Coordination,IM,1.0,8,0.0,1.0,1.0,N,,08/2023,Analyst
13-1075.00,1.A.3.c.3,Gross Body Coordination,LV,0.0,8,0.0,0.0,0.0,N,Y,08/2023,Analyst
13-1075.00,1.A.3.c.4,Gross Body Equilibrium,IM,1.0,8,0.0,1.0,1.0,N,,08/2023,Analyst
13-1075.00,1.A.3.c.4,Gross Body Equilibrium,LV,0.0,8,0.0,0.0,0.0,N,Y,08/2023,Analyst
13-1075.00,1.A.4.a.1,Near Vision,IM,3.5,8,0.189,3.1296,3.8704,N,,08/2023,Analyst
13-1075.00,1.A.4.a.1,Near Vision,LV,3.62,8,0.2631,3.1094,4.1406,N,N,08/2023,Analyst
13-1075.00,1.A.4.a.2,Far Vision,IM,2.62,8,0.183,2.2664,2.9836,N,,08/2023,Analyst
13-1075.00,1.A.4.a.2,Far Vision,LV,2.38,8,0.183,2.0164,2.7336,N,N,08/2023,Analyst
13-1075.00,1.A.4.a.3,Visual Color Discrimination,IM,1.75,8,0.1637,1.4292,2.0708,N,,08/2023,Analyst
13-1075.00,1.A.4.a.3,Visual Color Discrimination,LV,1.5,8,0.3273,0.8584,2.1416,N,N,08/2023,Analyst
13-1075.00,1.A.4.a.4,Night Vision,IM,1.0,8,0.0,1.0,1.0,N,,08/2023,Analyst
13-1075.00,1.A.4.a.4,Night Vision,LV,0.0,8,0.0,0.0,0.0,N,Y,08/2023,Analyst
13-1075.00,1.A.4.a.5,Peripheral Vision,IM,1.0,8,0.0,1.0,1.0,N,,08/2023,Analyst
13-1075.00,1.A.4.a.5,Peripheral Vision,LV,0.0,8,0.0,0.0,0.0,N,Y,08/2023,Analyst
13-1075.00,1.A.4.a.6,Depth Perception,IM,1.12,8,0.125,1.0,1.37,N,,08/2023,Analyst
13-1075.00,1.A.4.a.6,Depth Perception,LV,0.12,8,0.125,0.0,0.37,N,Y,08/2023,Analyst
13-1075.00,1.A.4.a.7,Glare Sensitivity,IM,1.0,8,0.0,1.0,1.0,N,,08/2023,Analyst
13-1075.00,1.A.4.a.7,Glare Sensitivity,LV,0.0,8,0.0,0.0,0.0,N,Y,08/2023,Analyst
13-1075.00,1.A.4.b.1,Hearing Sensitivity,IM,1.75,8,0.1637,1.4292,2.0708,N,,08/2023,Analyst
13-1075.00,1.A.4.b.1,Hearing Sensitivity,LV,1.38,8,0.3239,0.7402,2.0098,N,N,08/2023,Analyst
13-1075.00,1.A.4.b.2,Auditory Attention,IM,1.88,8,0.2266,1.4309,2.3191,N,,08/2023,Analyst
13-1075.00,1.A.4.b.2,Auditory Attention,LV,1.12,8,0.295,0.5467,1.7033,N,N,08/2023,Analyst
13-1075.00,1.A.4.b.3,Sound Localization,IM,1.0,8,0.0,1.0,1.0,N,,08/2023,Analyst
13-1075.00,1.A.4.b.3,Sound Localization,LV,0.0,8,0.0,0.0,0.0,N,Y,08/2023,Analyst
13-1075.00,1.A.4.b.4,Speech Recognition,IM,3.62,8,0.183,3.2664,3.9836,N,,08/2023,Analyst
13-1075.00,1.A.4.b.4,Speech Recognition,LV,3.75,8,0.25,3.26,4.24,N,N,08/2023,Analyst
13-1075.00,1.A.4.b.5,Speech Clarity,IM,3.75,8,0.1637,3.4292,4.0708,N,,08/2023,Analyst
13-1075.00,1.A.4.b.5,Speech Clarity,LV,3.88,8,0.2266,3.4309,4.3191,N,N,08/2023,Analyst
13-1081.00,1.A.1.a.1,Oral Comprehension,IM,4.0,8,0.0,4.0,4.0,N,,07/2016,Analyst
13-1081.00,1.A.1.a.1,Oral Comprehension,LV,4.38,8,0.183,4.0164,4.7336,N,N,07/2016,Analyst
13-1081.00,1.A.1.a.2,Written Comprehension,IM,4.0,8,0.0,4.0,4.0,N,,07/2016,Analyst
13-1081.00,1.A.1.a.2,Written Comprehension,LV,4.0,8,0.0,4.0,4.0,N,N,07/2016,Analyst
13-1081.00,1.A.1.a.3,Oral Expression,IM,4.0,8,0.0,4.0,4.0,N,,07/2016,Analyst
13-1081.00,1.A.1.a.3,Oral Expression,LV,4.12,8,0.125,3.88,4.37,N,N,07/2016,Analyst
13-1081.00,1.A.1.a.4,Written Expression,IM,3.62,8,0.183,3.2664,3.9836,N,,07/2016,Analyst
13-1081.00,1.A.1.a.4,Written Expression,LV,3.88,8,0.125,3.63,4.12,N,N,07/2016,Analyst
13-1081.00,1.A.1.b.1,Fluency of Ideas,IM,3.38,8,0.183,3.0164,3.7336,N,,07/2016,Analyst
13-1081.00,1.A.1.b.1,Fluency of Ideas,LV,3.75,8,0.1637,3.4292,4.0708,N,N,07/2016,Analyst
13-1081.00,1.A.1.b.2,Originality,IM,3.5,8,0.189,3.1296,3.8704,N,,07/2016,Analyst
13-1081.00,1.A.1.b.2,Originality,LV,3.88,8,0.125,3.63,4.12,N,N,07/2016,Analyst
13-1081.00,1.A.1.b.3,Problem Sensitivity,IM,4.0,8,0.0,4.0,4.0,N,,07/2016,Analyst
13-1081.00,1.A.1.b.3,Problem Sensitivity,LV,4.12,8,0.125,3.88,4.37,N,N,07/2016,Analyst
13-1081.00,1.A.1.b.4,Deductive Reasoning,IM,4.0,8,0.0,4.0,4.0,N,,07/2016,Analyst
13-1081.00,1.A.1.b.4,Deductive Reasoning,LV,4.62,8,0.183,4.2664,4.9836,N,N,07/2016,Analyst
13-1081.00,1.A.1.b.5,Inductive Reasoning,IM,4.0,8,0.0,4.0,4.0,N,,07/2016,Analyst
13-1081.00,1.A.1.b.5,Inductive Reasoning,LV,4.0,8,0.0,4.0,4.0,N,N,07/2016,Analyst
13-1081.00,1.A.1.b.6,Information Ordering,IM,4.0,8,0.0,4.0,4.0,N,,07/2016,Analyst
13-1081.00,1.A.1.b.6,Information Ordering,LV,3.88,8,0.125,3.63,4.12,N,N,07/2016,Analyst
13-1081.00,1.A.1.b.7,Category Flexibility,IM,3.12,8,0.125,2.88,3.37,N,,07/2016,Analyst
13-1081.00,1.A.1.b.7,Category Flexibility,LV,3.5,8,0.189,3.1296,3.8704,N,N,07/2016,Analyst
13-1081.00,1.A.1.c.1,Mathematical Reasoning,IM,3.0,8,0.0,3.0,3.0,N,,07/2016,Analyst
13-1081.00,1.A.1.c.1,Mathematical Reasoning,LV,3.38,8,0.183,3.0164,3.7336,N,N,07/2016,Analyst
13-1081.00,1.A.1.c.2,Number Facility,IM,3.12,8,0.125,2.88,3.37,N,,07/2016,Analyst
13-1081.00,1.A.1.c.2,Number Facility,LV,3.5,8,0.189,3.1296,3.8704,N,N,07/2016,Analyst
13-1081.00,1.A.1.d.1,Memorization,IM,2.75,8,0.1637,2.4292,3.0708,N,,07/2016,Analyst
13-1081.00,1.A.1.d.1,Memorization,LV,2.88,8,0.125,2.63,3.12,N,N,07/2016,Analyst
13-1081.00,1.A.1.e.1,Speed of Closure,IM,2.88,8,0.125,2.63,3.12,N,,07/2016,Analyst
13-1081.00,1.A.1.e.1,Speed of Closure,LV,2.75,8,0.1637,2.4292,3.0708,N,N,07/2016,Analyst
13-1081.00,1.A.1.e.2,Flexibility of Closure,IM,3.0,8,0.0,3.0,3.0,N,,07/2016,Analyst
13-1081.00,1.A.1.e.2,Flexibility of Closure,LV,3.0,8,0.0,3.0,3.0,N,N,07/2016,Analyst
13-1081.00,1.A.1.e.3,Perceptual Speed,IM,2.75,8,0.1637,2.4292,3.0708,N,,07/2016,Analyst
13-1081.00,1.A.1.e.3,Perceptual Speed,LV,2.75,8,0.1637,2.4292,3.0708,N,N,07/2016,Analyst
13-1081.00,1.A.1.f.1,Spatial Orientation,IM,1.12,8,0.125,1.0,1.37,N,,07/2016,Analyst
13-1081.00,1.A.1.f.1,Spatial Orientation,LV,0.12,8,0.125,0.0,0.37,N,Y,07/2016,Analyst
13-1081.00,1.A.1.f.2,Visualization,IM,3.12,8,0.125,2.88,3.37,N,,07/2016,Analyst
13-1081.00,1.A.1.f.2,Visualization,LV,3.12,8,0.125,2.88,3.37,N,N,07/2016,Analyst
13-1081.00,1.A.1.g.1,Selective Attention,IM,2.88,8,0.125,2.63,3.12,N,,07/2016,Analyst
13-1081.00,1.A.1.g.1,Selective Attention,LV,2.62,8,0.183,2.2664,2.9836,N,N,07/2016,Analyst
13-1081.00,1.A.1.g.2,Time Sharing,IM,2.75,8,0.1637,2.4292,3.0708,N,,07/2016,Analyst
13-1081.00,1.A.1.g.2,Time Sharing,LV,2.25,8,0.1637,1.9292,2.5708,N,N,07/2016,Analyst
13-1081.00,1.A.2.a.1,Arm-Hand Steadiness,IM,1.0,8,0.0,1.0,1.0,N,,07/2016,Analyst
13-1081.00,1.A.2.a.1,Arm-Hand Steadiness,LV,0.0,8,0.0,0.0,0.0,N,Y,07/2016,Analyst
13-1081.00,1.A.2.a.2,Manual Dexterity,IM,1.0,8,0.0,1.0,1.0,N,,07/2016,Analyst
13-1081.00,1.A.2.a.2,Manual Dexterity,LV,0.0,8,0.0,0.0,0.0,N,Y,07/2016,Analyst
13-1081.00,1.A.2.a.3,Finger Dexterity,IM,2.0,8,0.189,1.6296,2.3704,N,,07/2016,Analyst
13-1081.00,1.A.2.a.3,Finger Dexterity,LV,1.88,8,0.3504,1.1883,2.5617,N,N,07/2016,Analyst
13-1081.00,1.A.2.b.1,Control Precision,IM,1.0,8,0.0,1.0,1.0,N,,07/2016,Analyst
13-1081.00,1.A.2.b.1,Control Precision,LV,0.0,8,0.0,0.0,0.0,N,Y,07/2016,Analyst
13-1081.00,1.A.2.b.2,Multilimb Coordination,IM,1.0,8,0.0,1.0,1.0,N,,07/2016,Analyst
13-1081.00,1.A.2.b.2,Multilimb Coordination,LV,0.0,8,0.0,0.0,0.0,N,Y,07/2016,Analyst
13-1081.00,1.A.2.b.3,Response Orientation,IM,1.0,8,0.0,1.0,1.0,N,,07/2016,Analyst
13-1081.00,1.A.2.b.3,Response Orientation,LV,0.0,8,0.0,0.0,0.0,N,Y,07/2016,Analyst
13-1081.00,1.A.2.b.4,Rate Control,IM,1.0,8,0.0,1.0,1.0,N,,07/2016,Analyst
13-1081.00,1.A.2.b.4,Rate Control,LV,0.0,8,0.0,0.0,0.0,N,Y,07/2016,Analyst
13-1081.00,1.A.2.c.1,Reaction Time,IM,1.0,8,0.0,1.0,1.0,N,,07/2016,Analyst
13-1081.00,1.A.2.c.1,Reaction Time,LV,0.0,8,0.0,0.0,0.0,N,Y,07/2016,Analyst
13-1081.00,1.A.2.c.2,Wrist-Finger Speed,IM,1.38,8,0.183,1.0164,1.7336,N,,07/2016,Analyst
13-1081.00,1.A.2.c.2,Wrist-Finger Speed,LV,0.5,8,0.2673,0.0,1.0238,N,N,07/2016,Analyst
13-1081.00,1.A.2.c.3,Speed of Limb Movement,IM,1.0,8,0.0,1.0,1.0,N,,07/2016,Analyst
13-1081.00,1.A.2.c.3,Speed of Limb Movement,LV,0.0,8,0.0,0.0,0.0,N,Y,07/2016,Analyst
13-1081.00,1.A.3.a.1,Static Strength,IM,1.0,8,0.0,1.0,1.0,N,,07/2016,Analyst
13-1081.00,1.A.3.a.1,Static Strength,LV,0.0,8,0.0,0.0,0.0,N,Y,07/2016,Analyst
13-1081.00,1.A.3.a.2,Explosive Strength,IM,1.12,8,0.125,1.0,1.37,N,,07/2016,Analyst
13-1081.00,1.A.3.a.2,Explosive Strength,LV,0.25,8,0.25,0.0,0.74,N,Y,07/2016,Analyst
13-1081.00,1.A.3.a.3,Dynamic Strength,IM,1.38,8,0.183,1.0164,1.7336,N,,07/2016,Analyst
13-1081.00,1.A.3.a.3,Dynamic Strength,LV,0.5,8,0.2673,0.0,1.0238,N,N,07/2016,Analyst
13-1081.00,1.A.3.a.4,Trunk Strength,IM,1.75,8,0.1637,1.4292,2.0708,N,,07/2016,Analyst
13-1081.00,1.A.3.a.4,Trunk Strength,LV,1.12,8,0.295,0.5467,1.7033,N,N,07/2016,Analyst
13-1081.00,1.A.3.b.1,Stamina,IM,1.0,8,0.0,1.0,1.0,N,,07/2016,Analyst
13-1081.00,1.A.3.b.1,Stamina,LV,0.0,8,0.0,0.0,0.0,N,Y,07/2016,Analyst
13-1081.00,1.A.3.c.1,Extent Flexibility,IM,1.0,8,0.0,1.0,1.0,N,,07/2016,Analyst
13-1081.00,1.A.3.c.1,Extent Flexibility,LV,0.0,8,0.0,0.0,0.0,N,Y,07/2016,Analyst
13-1081.00,1.A.3.c.2,Dynamic Flexibility,IM,1.0,8,0.0,1.0,1.0,N,,07/2016,Analyst
13-1081.00,1.A.3.c.2,Dynamic Flexibility,LV,0.0,8,0.0,0.0,0.0,N,Y,07/2016,Analyst
13-1081.00,1.A.3.c.3,Gross Body Coordination,IM,1.0,8,0.0,1.0,1.0,N,,07/2016,Analyst
13-1081.00,1.A.3.c.3,Gross Body Coordination,LV,0.0,8,0.0,0.0,0.0,N,Y,07/2016,Analyst
13-1081.00,1.A.3.c.4,Gross Body Equilibrium,IM,1.0,8,0.0,1.0,1.0,N,,07/2016,Analyst
13-1081.00,1.A.3.c.4,Gross Body Equilibrium,LV,0.0,8,0.0,0.0,0.0,N,Y,07/2016,Analyst
13-1081.00,1.A.4.a.1,Near Vision,IM,3.62,8,0.183,3.2664,3.9836,N,,07/2016,Analyst
13-1081.00,1.A.4.a.1,Near Vision,LV,3.88,8,0.125,3.63,4.12,N,N,07/2016,Analyst
13-1081.00,1.A.4.a.2,Far Vision,IM,2.88,8,0.125,2.63,3.12,N,,07/2016,Analyst
13-1081.00,1.A.4.a.2,Far Vision,LV,3.25,8,0.1637,2.9292,3.5708,N,N,07/2016,Analyst
13-1081.00,1.A.4.a.3,Visual Color Discrimination,IM,2.0,8,0.189,1.6296,2.3704,N,,07/2016,Analyst
13-1081.00,1.A.4.a.3,Visual Color Discrimination,LV,1.75,8,0.25,1.26,2.24,N,N,07/2016,Analyst
13-1081.00,1.A.4.a.4,Night Vision,IM,1.0,8,0.0,1.0,1.0,N,,07/2016,Analyst
13-1081.00,1.A.4.a.4,Night Vision,LV,0.0,8,0.0,0.0,0.0,N,Y,07/2016,Analyst
13-1081.00,1.A.4.a.5,Peripheral Vision,IM,1.0,8,0.0,1.0,1.0,N,,07/2016,Analyst
13-1081.00,1.A.4.a.5,Peripheral Vision,LV,0.0,8,0.0,0.0,0.0,N,Y,07/2016,Analyst
13-1081.00,1.A.4.a.6,Depth Perception,IM,1.38,8,0.183,1.0164,1.7336,N,,07/2016,Analyst
13-1081.00,1.A.4.a.6,Depth Perception,LV,0.38,8,0.183,0.0164,0.7336,N,N,07/2016,Analyst
13-1081.00,1.A.4.a.7,Glare Sensitivity,IM,1.0,8,0.0,1.0,1.0,N,,07/2016,Analyst
13-1081.00,1.A.4.a.7,Glare Sensitivity,LV,0.0,8,0.0,0.0,0.0,N,Y,07/2016,Analyst
13-1081.00,1.A.4.b.1,Hearing Sensitivity,IM,1.75,8,0.1637,1.4292,2.0708,N,,07/2016,Analyst
13-1081.00,1.A.4.b.1,Hearing Sensitivity,LV,1.5,8,0.3273,0.8584,2.1416,N,N,07/2016,Analyst
13-1081.00,1.A.4.b.2,Auditory Attention,IM,2.0,8,0.0,2.0,2.0,N,,07/2016,Analyst
13-1081.00,1.A.4.b.2,Auditory Attention,LV,1.88,8,0.125,1.63,2.12,N,N,07/2016,Analyst
13-1081.00,1.A.4.b.3,Sound Localization,IM,1.0,8,0.0,1.0,1.0,N,,07/2016,Analyst
13-1081.00,1.A.4.b.3,Sound Localization,LV,0.0,8,0.0,0.0,0.0,N,Y,07/2016,Analyst
13-1081.00,1.A.4.b.4,Speech Recognition,IM,3.88,8,0.125,3.63,4.12,N,,07/2016,Analyst
13-1081.00,1.A.4.b.4,Speech Recognition,LV,3.88,8,0.125,3.63,4.12,N,N,07/2016,Analyst
13-1081.00,1.A.4.b.5,Speech Clarity,IM,3.88,8,0.125,3.63,4.12,N,,07/2016,Analyst
13-1081.00,1.A.4.b.5,Speech Clarity,LV,3.88,8,0.125,3.63,4.12,N,N,07/2016,Analyst
13-1081.01,1.A.1.a.1,Oral Comprehension,IM,4.0,8,0.0,4.0,4.0,N,,08/2020,Analyst
13-1081.01,1.A.1.a.1,Oral Comprehension,LV,4.38,8,0.183,4.0164,4.7336,N,N,08/2020,Analyst
13-1081.01,1.A.1.a.2,Written Comprehension,IM,4.25,8,0.1637,3.9292,4.5708,N,,08/2020,Analyst
13-1081.01,1.A.1.a.2,Written Comprehension,LV,4.25,8,0.1637,3.9292,4.5708,N,N,08/2020,Analyst
13-1081.01,1.A.1.a.3,Oral Expression,IM,4.0,8,0.0,4.0,4.0,N,,08/2020,Analyst
13-1081.01,1.A.1.a.3,Oral Expression,LV,4.12,8,0.125,3.88,4.37,N,N,08/2020,Analyst
13-1081.01,1.A.1.a.4,Written Expression,IM,4.0,8,0.0,4.0,4.0,N,,08/2020,Analyst
13-1081.01,1.A.1.a.4,Written Expression,LV,4.0,8,0.0,4.0,4.0,N,N,08/2020,Analyst
13-1081.01,1.A.1.b.1,Fluency of Ideas,IM,3.88,8,0.125,3.63,4.12,N,,08/2020,Analyst
13-1081.01,1.A.1.b.1,Fluency of Ideas,LV,4.0,8,0.189,3.6296,4.3704,N,N,08/2020,Analyst
13-1081.01,1.A.1.b.2,Originality,IM,3.25,8,0.25,2.76,3.74,N,,08/2020,Analyst
13-1081.01,1.A.1.b.2,Originality,LV,4.0,8,0.0,4.0,4.0,N,N,08/2020,Analyst
13-1081.01,1.A.1.b.3,Problem Sensitivity,IM,4.0,8,0.0,4.0,4.0,N,,08/2020,Analyst
13-1081.01,1.A.1.b.3,Problem Sensitivity,LV,4.25,8,0.1637,3.9292,4.5708,N,N,08/2020,Analyst
13-1081.01,1.A.1.b.4,Deductive Reasoning,IM,4.0,8,0.0,4.0,4.0,N,,08/2020,Analyst
13-1081.01,1.A.1.b.4,Deductive Reasoning,LV,4.25,8,0.1637,3.9292,4.5708,N,N,08/2020,Analyst
13-1081.01,1.A.1.b.5,Inductive Reasoning,IM,4.0,8,0.0,4.0,4.0,N,,08/2020,Analyst
13-1081.01,1.A.1.b.5,Inductive Reasoning,LV,4.12,8,0.2266,3.6809,4.5691,N,N,08/2020,Analyst
13-1081.01,1.A.1.b.6,Information Ordering,IM,3.75,8,0.1637,3.4292,4.0708,N,,08/2020,Analyst
13-1081.01,1.A.1.b.6,Information Ordering,LV,4.0,8,0.0,4.0,4.0,N,N,08/2020,Analyst
13-1081.01,1.A.1.b.7,Category Flexibility,IM,3.25,8,0.1637,2.9292,3.5708,N,,08/2020,Analyst
13-1081.01,1.A.1.b.7,Category Flexibility,LV,3.88,8,0.125,3.63,4.12,N,N,08/2020,Analyst
13-1081.01,1.A.1.c.1,Mathematical Reasoning,IM,3.75,8,0.1637,3.4292,4.0708,N,,08/2020,Analyst
13-1081.01,1.A.1.c.1,Mathematical Reasoning,LV,3.88,8,0.125,3.63,4.12,N,N,08/2020,Analyst
13-1081.01,1.A.1.c.2,Number Facility,IM,3.75,8,0.1637,3.4292,4.0708,N,,08/2020,Analyst
13-1081.01,1.A.1.c.2,Number Facility,LV,3.88,8,0.125,3.63,4.12,N,N,08/2020,Analyst
13-1081.01,1.A.1.d.1,Memorization,IM,2.75,8,0.1637,2.4292,3.0708,N,,08/2020,Analyst
13-1081.01,1.A.1.d.1,Memorization,LV,2.75,8,0.3134,2.1358,3.3642,N,N,08/2020,Analyst
13-1081.01,1.A.1.e.1,Speed of Closure,IM,2.62,8,0.183,2.2664,2.9836,N,,08/2020,Analyst
13-1081.01,1.A.1.e.1,Speed of Closure,LV,2.75,8,0.1637,2.4292,3.0708,N,N,08/2020,Analyst
13-1081.01,1.A.1.e.2,Flexibility of Closure,IM,3.12,8,0.125,2.88,3.37,N,,08/2020,Analyst
13-1081.01,1.A.1.e.2,Flexibility of Closure,LV,3.25,8,0.1637,2.9292,3.5708,N,N,08/2020,Analyst
13-1081.01,1.A.1.e.3,Perceptual Speed,IM,2.88,8,0.125,2.63,3.12,N,,08/2020,Analyst
13-1081.01,1.A.1.e.3,Perceptual Speed,LV,3.0,8,0.0,3.0,3.0,N,N,08/2020,Analyst
13-1081.01,1.A.1.f.1,Spatial Orientation,IM,1.0,8,0.0,1.0,1.0,N,,08/2020,Analyst
13-1081.01,1.A.1.f.1,Spatial Orientation,LV,0.0,8,0.0,0.0,0.0,N,Y,08/2020,Analyst
13-1081.01,1.A.1.f.2,Visualization,IM,3.0,8,0.0,3.0,3.0,N,,08/2020,Analyst
13-1081.01,1.A.1.f.2,Visualization,LV,3.62,8,0.183,3.2664,3.9836,N,N,08/2020,Analyst
13-1081.01,1.A.1.g.1,Selective Attention,IM,3.0,8,0.0,3.0,3.0,N,,08/2020,Analyst
13-1081.01,1.A.1.g.1,Selective Attention,LV,3.12,8,0.125,2.88,3.37,N,N,08/2020,Analyst
13-1081.01,1.A.1.g.2,Time Sharing,IM,2.75,8,0.1637,2.4292,3.0708,N,,08/2020,Analyst
13-1081.01,1.A.1.g.2,Time Sharing,LV,2.88,8,0.125,2.63,3.12,N,N,08/2020,Analyst
13-1081.01,1.A.2.a.1,Arm-Hand Steadiness,IM,1.38,8,0.183,1.0164,1.7336,N,,08/2020,Analyst
13-1081.01,1.A.2.a.1,Arm-Hand Steadiness,LV,1.12,8,0.5489,0.0491,2.2009,Y,N,08/2020,Analyst
13-1081.01,1.A.2.a.2,Manual Dexterity,IM,1.38,8,0.183,1.0164,1.7336,N,,08/2020,Analyst
13-1081.01,1.A.2.a.2,Manual Dexterity,LV,0.75,8,0.366,0.0327,1.4673,N,N,08/2020,Analyst
13-1081.01,1.A.2.a.3,Finger Dexterity,IM,2.12,8,0.295,1.5467,2.7033,N,,08/2020,Analyst
13-1081.01,1.A.2.a.3,Finger Dexterity,LV,1.88,8,0.4795,0.9352,2.8148,N,N,08/2020,Analyst
13-1081.01,1.A.2.b.1,Control Precision,IM,1.0,8,0.0,1.0,1.0,N,,08/2020,Analyst
13-1081.01,1.A.2.b.1,Control Precision,LV,0.0,8,0.0,0.0,0.0,N,Y,08/2020,Analyst
13-1081.01,1.A.2.b.2,Multilimb Coordination,IM,1.0,8,0.0,1.0,1.0,N,,08/2020,Analyst
13-1081.01,1.A.2.b.2,Multilimb Coordination,LV,0.0,8,0.0,0.0,0.0,N,Y,08/2020,Analyst
13-1081.01,1.A.2.b.3,Response Orientation,IM,1.0,8,0.0,1.0,1.0,N,,08/2020,Analyst
13-1081.01,1.A.2.b.3,Response Orientation,LV,0.0,8,0.0,0.0,0.0,N,Y,08/2020,Analyst
13-1081.01,1.A.2.b.4,Rate Control,IM,1.0,8,0.0,1.0,1.0,N,,08/2020,Analyst
13-1081.01,1.A.2.b.4,Rate Control,LV,0.0,8,0.0,0.0,0.0,N,Y,08/2020,Analyst
13-1081.01,1.A.2.c.1,Reaction Time,IM,1.0,8,0.0,1.0,1.0,N,,08/2020,Analyst
13-1081.01,1.A.2.c.1,Reaction Time,LV,0.0,8,0.0,0.0,0.0,N,Y,08/2020,Analyst
13-1081.01,1.A.2.c.2,Wrist-Finger Speed,IM,1.12,8,0.125,1.0,1.37,N,,08/2020,Analyst
13-1081.01,1.A.2.c.2,Wrist-Finger Speed,LV,0.25,8,0.25,0.0,0.74,N,Y,08/2020,Analyst
13-1081.01,1.A.2.c.3,Speed of Limb Movement,IM,1.0,8,0.0,1.0,1.0,N,,08/2020,Analyst
13-1081.01,1.A.2.c.3,Speed of Limb Movement,LV,0.0,8,0.0,0.0,0.0,N,Y,08/2020,Analyst
13-1081.01,1.A.3.a.1,Static Strength,IM,1.0,8,0.0,1.0,1.0,N,,08/2020,Analyst
13-1081.01,1.A.3.a.1,Static Strength,LV,0.0,8,0.0,0.0,0.0,N,Y,08/2020,Analyst
13-1081.01,1.A.3.a.2,Explosive Strength,IM,1.0,8,0.0,1.0,1.0,N,,08/2020,Analyst
13-1081.01,1.A.3.a.2,Explosive Strength,LV,0.0,8,0.0,0.0,0.0,N,Y,08/2020,Analyst
13-1081.01,1.A.3.a.3,Dynamic Strength,IM,1.0,8,0.0,1.0,1.0,N,,08/2020,Analyst
13-1081.01,1.A.3.a.3,Dynamic Strength,LV,0.0,8,0.0,0.0,0.0,N,Y,08/2020,Analyst
13-1081.01,1.A.3.a.4,Trunk Strength,IM,1.5,8,0.189,1.1296,1.8704,N,,08/2020,Analyst
13-1081.01,1.A.3.a.4,Trunk Strength,LV,0.75,8,0.3134,0.1358,1.3642,N,N,08/2020,Analyst
13-1081.01,1.A.3.b.1,Stamina,IM,1.0,8,0.0,1.0,1.0,N,,08/2020,Analyst
13-1081.01,1.A.3.b.1,Stamina,LV,0.0,8,0.0,0.0,0.0,N,Y,08/2020,Analyst
13-1081.01,1.A.3.c.1,Extent Flexibility,IM,1.0,8,0.0,1.0,1.0,N,,08/2020,Analyst
13-1081.01,1.A.3.c.1,Extent Flexibility,LV,0.0,8,0.0,0.0,0.0,N,Y,08/2020,Analyst
13-1081.01,1.A.3.c.2,Dynamic Flexibility,IM,1.0,8,0.0,1.0,1.0,N,,08/2020,Analyst
13-1081.01,1.A.3.c.2,Dynamic Flexibility,LV,0.0,8,0.0,0.0,0.0,N,Y,08/2020,Analyst
13-1081.01,1.A.3.c.3,Gross Body Coordination,IM,1.0,8,0.0,1.0,1.0,N,,08/2020,Analyst
13-1081.01,1.A.3.c.3,Gross Body Coordination,LV,0.0,8,0.0,0.0,0.0,N,Y,08/2020,Analyst
13-1081.01,1.A.3.c.4,Gross Body Equilibrium,IM,1.0,8,0.0,1.0,1.0,N,,08/2020,Analyst
13-1081.01,1.A.3.c.4,Gross Body Equilibrium,LV,0.0,8,0.0,0.0,0.0,N,Y,08/2020,Analyst
13-1081.01,1.A.4.a.1,Near Vision,IM,3.75,8,0.1637,3.4292,4.0708,N,,08/2020,Analyst
13-1081.01,1.A.4.a.1,Near Vision,LV,4.0,8,0.0,4.0,4.0,N,N,08/2020,Analyst
13-1081.01,1.A.4.a.2,Far Vision,IM,3.0,8,0.0,3.0,3.0,N,,08/2020,Analyst
13-1081.01,1.A.4.a.2,Far Vision,LV,3.0,8,0.0,3.0,3.0,N,N,08/2020,Analyst
13-1081.01,1.A.4.a.3,Visual Color Discrimination,IM,2.62,8,0.183,2.2664,2.9836,N,,08/2020,Analyst
13-1081.01,1.A.4.a.3,Visual Color Discrimination,LV,2.5,8,0.2673,1.9762,3.0238,N,N,08/2020,Analyst
13-1081.01,1.A.4.a.4,Night Vision,IM,1.0,8,0.0,1.0,1.0,N,,08/2020,Analyst
13-1081.01,1.A.4.a.4,Night Vision,LV,0.0,8,0.0,0.0,0.0,N,Y,08/2020,Analyst
13-1081.01,1.A.4.a.5,Peripheral Vision,IM,1.0,8,0.0,1.0,1.0,N,,08/2020,Analyst
13-1081.01,1.A.4.a.5,Peripheral Vision,LV,0.0,8,0.0,0.0,0.0,N,Y,08/2020,Analyst
13-1081.01,1.A.4.a.6,Depth Perception,IM,2.0,8,0.0,2.0,2.0,N,,08/2020,Analyst
13-1081.01,1.A.4.a.6,Depth Perception,LV,1.88,8,0.125,1.63,2.12,N,N,08/2020,Analyst
13-1081.01,1.A.4.a.7,Glare Sensitivity,IM,1.0,8,0.0,1.0,1.0,N,,08/2020,Analyst
13-1081.01,1.A.4.a.7,Glare Sensitivity,LV,0.0,8,0.0,0.0,0.0,N,Y,08/2020,Analyst
13-1081.01,1.A.4.b.1,Hearing Sensitivity,IM,2.12,8,0.125,1.88,2.37,N,,08/2020,Analyst
13-1081.01,1.A.4.b.1,Hearing Sensitivity,LV,2.12,8,0.125,1.88,2.37,N,N,08/2020,Analyst
13-1081.01,1.A.4.b.2,Auditory Attention,IM,2.12,8,0.125,1.88,2.37,N,,08/2020,Analyst
13-1081.01,1.A.4.b.2,Auditory Attention,LV,2.12,8,0.125,1.88,2.37,N,N,08/2020,Analyst
13-1081.01,1.A.4.b.3,Sound Localization,IM,1.0,8,0.0,1.0,1.0,N,,08/2020,Analyst
13-1081.01,1.A.4.b.3,Sound Localization,LV,0.0,8,0.0,0.0,0.0,N,Y,08/2020,Analyst
13-1081.01,1.A.4.b.4,Speech Recognition,IM,3.62,8,0.183,3.2664,3.9836,N,,08/2020,Analyst
13-1081.01,1.A.4.b.4,Speech Recognition,LV,3.88,8,0.125,3.63,4.12,N,N,08/2020,Analyst
13-1081.01,1.A.4.b.5,Speech Clarity,IM,3.75,8,0.1637,3.4292,4.0708,N,,08/2020,Analyst
13-1081.01,1.A.4.b.5,Speech Clarity,LV,4.0,8,0.0,4.0,4.0,N,N,08/2020,Analyst
13-1081.02,1.A.1.a.1,Oral Comprehension,IM,4.0,8,0.0,4.0,4.0,N,,08/2020,Analyst
13-1081.02,1.A.1.a.1,Oral Comprehension,LV,4.0,8,0.0,4.0,4.0,N,N,08/2020,Analyst
13-1081.02,1.A.1.a.2,Written Comprehension,IM,3.88,8,0.125,3.63,4.12,N,,08/2020,Analyst
13-1081.02,1.A.1.a.2,Written Comprehension,LV,4.0,8,0.0,4.0,4.0,N,N,08/2020,Analyst
13-1081.02,1.A.1.a.3,Oral Expression,IM,4.0,8,0.0,4.0,4.0,N,,08/2020,Analyst
13-1081.02,1.A.1.a.3,Oral Expression,LV,4.0,8,0.0,4.0,4.0,N,N,08/2020,Analyst
13-1081.02,1.A.1.a.4,Written Expression,IM,3.25,8,0.1637,2.9292,3.5708,N,,08/2020,Analyst
13-1081.02,1.A.1.a.4,Written Expression,LV,4.0,8,0.0,4.0,4.0,N,N,08/2020,Analyst
13-1081.02,1.A.1.b.1,Fluency of Ideas,IM,3.12,8,0.125,2.88,3.37,N,,08/2020,Analyst
13-1081.02,1.A.1.b.1,Fluency of Ideas,LV,3.75,8,0.1637,3.4292,4.0708,N,N,08/2020,Analyst
13-1081.02,1.A.1.b.2,Originality,IM,3.12,8,0.125,2.88,3.37,N,,08/2020,Analyst
13-1081.02,1.A.1.b.2,Originality,LV,3.75,8,0.1637,3.4292,4.0708,N,N,08/2020,Analyst
13-1081.02,1.A.1.b.3,Problem Sensitivity,IM,3.62,8,0.183,3.2664,3.9836,N,,08/2020,Analyst
13-1081.02,1.A.1.b.3,Problem Sensitivity,LV,3.88,8,0.125,3.63,4.12,N,N,08/2020,Analyst
13-1081.02,1.A.1.b.4,Deductive Reasoning,IM,3.75,8,0.1637,3.4292,4.0708,N,,08/2020,Analyst
13-1081.02,1.A.1.b.4,Deductive Reasoning,LV,4.0,8,0.0,4.0,4.0,N,N,08/2020,Analyst
13-1081.02,1.A.1.b.5,Inductive Reasoning,IM,3.75,8,0.1637,3.4292,4.0708,N,,08/2020,Analyst
13-1081.02,1.A.1.b.5,Inductive Reasoning,LV,4.0,8,0.0,4.0,4.0,N,N,08/2020,Analyst
13-1081.02,1.A.1.b.6,Information Ordering,IM,3.75,8,0.1637,3.4292,4.0708,N,,08/2020,Analyst
13-1081.02,1.A.1.b.6,Information Ordering,LV,4.0,8,0.0,4.0,4.0,N,N,08/2020,Analyst
13-1081.02,1.A.1.b.7,Category Flexibility,IM,3.25,8,0.1637,2.9292,3.5708,N,,08/2020,Analyst
13-1081.02,1.A.1.b.7,Category Flexibility,LV,3.75,8,0.1637,3.4292,4.0708,N,N,08/2020,Analyst
13-1081.02,1.A.1.c.1,Mathematical Reasoning,IM,3.62,8,0.183,3.2664,3.9836,N,,08/2020,Analyst
13-1081.02,1.A.1.c.1,Mathematical Reasoning,LV,3.88,8,0.125,3.63,4.12,N,N,08/2020,Analyst
13-1081.02,1.A.1.c.2,Number Facility,IM,3.25,8,0.1637,2.9292,3.5708,N,,08/2020,Analyst
13-1081.02,1.A.1.c.2,Number Facility,LV,3.88,8,0.125,3.63,4.12,N,N,08/2020,Analyst
13-1081.02,1.A.1.d.1,Memorization,IM,2.75,8,0.1637,2.4292,3.0708,N,,08/2020,Analyst
13-1081.02,1.A.1.d.1,Memorization,LV,2.75,8,0.1637,2.4292,3.0708,N,N,08/2020,Analyst
13-1081.02,1.A.1.e.1,Speed of Closure,IM,2.75,8,0.1637,2.4292,3.0708,N,,08/2020,Analyst
13-1081.02,1.A.1.e.1,Speed of Closure,LV,2.88,8,0.125,2.63,3.12,N,N,08/2020,Analyst
13-1081.02,1.A.1.e.2,Flexibility of Closure,IM,3.25,8,0.1637,2.9292,3.5708,N,,08/2020,Analyst
13-1081.02,1.A.1.e.2,Flexibility of Closure,LV,3.38,8,0.183,3.0164,3.7336,N,N,08/2020,Analyst
13-1081.02,1.A.1.e.3,Perceptual Speed,IM,3.12,8,0.125,2.88,3.37,N,,08/2020,Analyst
13-1081.02,1.A.1.e.3,Perceptual Speed,LV,3.0,8,0.0,3.0,3.0,N,N,08/2020,Analyst
13-1081.02,1.A.1.f.1,Spatial Orientation,IM,1.0,8,0.0,1.0,1.0,N,,08/2020,Analyst
13-1081.02,1.A.1.f.1,Spatial Orientation,LV,0.0,8,0.0,0.0,0.0,N,Y,08/2020,Analyst
13-1081.02,1.A.1.f.2,Visualization,IM,2.75,8,0.1637,2.4292,3.0708,N,,08/2020,Analyst
13-1081.02,1.A.1.f.2,Visualization,LV,2.88,8,0.2266,2.4309,3.3191,N,N,08/2020,Analyst
13-1081.02,1.A.1.g.1,Selective Attention,IM,3.25,8,0.1637,2.9292,3.5708,N,,08/2020,Analyst
13-1081.02,1.A.1.g.1,Selective Attention,LV,3.25,8,0.1637,2.9292,3.5708,N,N,08/2020,Analyst
13-1081.02,1.A.1.g.2,Time Sharing,IM,2.75,8,0.1637,2.4292,3.0708,N,,08/2020,Analyst
13-1081.02,1.A.1.g.2,Time Sharing,LV,2.38,8,0.183,2.0164,2.7336,N,N,08/2020,Analyst
13-1081.02,1.A.2.a.1,Arm-Hand Steadiness,IM,1.5,8,0.189,1.1296,1.8704,N,,08/2020,Analyst
13-1081.02,1.A.2.a.1,Arm-Hand Steadiness,LV,0.62,8,0.2631,0.1094,1.1406,N,N,08/2020,Analyst
13-1081.02,1.A.2.a.2,Manual Dexterity,IM,1.5,8,0.189,1.1296,1.8704,N,,08/2020,Analyst
13-1081.02,1.A.2.a.2,Manual Dexterity,LV,0.62,8,0.2631,0.1094,1.1406,N,N,08/2020,Analyst
13-1081.02,1.A.2.a.3,Finger Dexterity,IM,2.0,8,0.0,2.0,2.0,N,,08/2020,Analyst
13-1081.02,1.A.2.a.3,Finger Dexterity,LV,1.62,8,0.183,1.2664,1.9836,N,N,08/2020,Analyst
13-1081.02,1.A.2.b.1,Control Precision,IM,1.62,8,0.183,1.2664,1.9836,N,,08/2020,Analyst
13-1081.02,1.A.2.b.1,Control Precision,LV,0.75,8,0.25,0.26,1.24,N,N,08/2020,Analyst
13-1081.02,1.A.2.b.2,Multilimb Coordination,IM,1.0,8,0.0,1.0,1.0,N,,08/2020,Analyst
13-1081.02,1.A.2.b.2,Multilimb Coordination,LV,0.0,8,0.0,0.0,0.0,N,Y,08/2020,Analyst
13-1081.02,1.A.2.b.3,Response Orientation,IM,1.0,8,0.0,1.0,1.0,N,,08/2020,Analyst
13-1081.02,1.A.2.b.3,Response Orientation,LV,0.0,8,0.0,0.0,0.0,N,Y,08/2020,Analyst
13-1081.02,1.A.2.b.4,Rate Control,IM,1.0,8,0.0,1.0,1.0,N,,08/2020,Analyst
13-1081.02,1.A.2.b.4,Rate Control,LV,0.0,8,0.0,0.0,0.0,N,Y,08/2020,Analyst
13-1081.02,1.A.2.c.1,Reaction Time,IM,1.0,8,0.0,1.0,1.0,N,,08/2020,Analyst
13-1081.02,1.A.2.c.1,Reaction Time,LV,0.0,8,0.0,0.0,0.0,N,Y,08/2020,Analyst
13-1081.02,1.A.2.c.2,Wrist-Finger Speed,IM,1.25,8,0.1637,1.0,1.5708,N,,08/2020,Analyst
13-1081.02,1.A.2.c.2,Wrist-Finger Speed,LV,0.38,8,0.2631,0.0,0.8906,N,Y,08/2020,Analyst
13-1081.02,1.A.2.c.3,Speed of Limb Movement,IM,1.0,8,0.0,1.0,1.0,N,,08/2020,Analyst
13-1081.02,1.A.2.c.3,Speed of Limb Movement,LV,0.0,8,0.0,0.0,0.0,N,Y,08/2020,Analyst
13-1081.02,1.A.3.a.1,Static Strength,IM,1.0,8,0.0,1.0,1.0,N,,08/2020,Analyst
13-1081.02,1.A.3.a.1,Static Strength,LV,0.0,8,0.0,0.0,0.0,N,Y,08/2020,Analyst
13-1081.02,1.A.3.a.2,Explosive Strength,IM,1.0,8,0.0,1.0,1.0,N,,08/2020,Analyst
13-1081.02,1.A.3.a.2,Explosive Strength,LV,0.0,8,0.0,0.0,0.0,N,Y,08/2020,Analyst
13-1081.02,1.A.3.a.3,Dynamic Strength,IM,1.12,8,0.125,1.0,1.37,N,,08/2020,Analyst
13-1081.02,1.A.3.a.3,Dynamic Strength,LV,0.25,8,0.25,0.0,0.74,N,Y,08/2020,Analyst
13-1081.02,1.A.3.a.4,Trunk Strength,IM,1.5,8,0.189,1.1296,1.8704,N,,08/2020,Analyst
13-1081.02,1.A.3.a.4,Trunk Strength,LV,0.62,8,0.2631,0.1094,1.1406,N,N,08/2020,Analyst
13-1081.02,1.A.3.b.1,Stamina,IM,1.0,8,0.0,1.0,1.0,N,,08/2020,Analyst
13-1081.02,1.A.3.b.1,Stamina,LV,0.0,8,0.0,0.0,0.0,N,Y,08/2020,Analyst
13-1081.02,1.A.3.c.1,Extent Flexibility,IM,1.0,8,0.0,1.0,1.0,N,,08/2020,Analyst
13-1081.02,1.A.3.c.1,Extent Flexibility,LV,0.0,8,0.0,0.0,0.0,N,Y,08/2020,Analyst
13-1081.02,1.A.3.c.2,Dynamic Flexibility,IM,1.0,8,0.0,1.0,1.0,N,,08/2020,Analyst
13-1081.02,1.A.3.c.2,Dynamic Flexibility,LV,0.0,8,0.0,0.0,0.0,N,Y,08/2020,Analyst
13-1081.02,1.A.3.c.3,Gross Body Coordination,IM,1.0,8,0.0,1.0,1.0,N,,08/2020,Analyst
13-1081.02,1.A.3.c.3,Gross Body Coordination,LV,0.0,8,0.0,0.0,0.0,N,Y,08/2020,Analyst
13-1081.02,1.A.3.c.4,Gross Body Equilibrium,IM,1.0,8,0.0,1.0,1.0,N,,08/2020,Analyst
13-1081.02,1.A.3.c.4,Gross Body Equilibrium,LV,0.0,8,0.0,0.0,0.0,N,Y,08/2020,Analyst
13-1081.02,1.A.4.a.1,Near Vision,IM,3.88,8,0.125,3.63,4.12,N,,08/2020,Analyst
13-1081.02,1.A.4.a.1,Near Vision,LV,3.88,8,0.125,3.63,4.12,N,N,08/2020,Analyst
13-1081.02,1.A.4.a.2,Far Vision,IM,2.88,8,0.125,2.63,3.12,N,,08/2020,Analyst
13-1081.02,1.A.4.a.2,Far Vision,LV,2.75,8,0.1637,2.4292,3.0708,N,N,08/2020,Analyst
13-1081.02,1.A.4.a.3,Visual Color Discrimination,IM,2.0,8,0.0,2.0,2.0,N,,08/2020,Analyst
13-1081.02,1.A.4.a.3,Visual Color Discrimination,LV,2.0,8,0.189,1.6296,2.3704,N,N,08/2020,Analyst
13-1081.02,1.A.4.a.4,Night Vision,IM,1.0,8,0.0,1.0,1.0,N,,08/2020,Analyst
13-1081.02,1.A.4.a.4,Night Vision,LV,0.0,8,0.0,0.0,0.0,N,Y,08/2020,Analyst
13-1081.02,1.A.4.a.5,Peripheral Vision,IM,1.0,8,0.0,1.0,1.0,N,,08/2020,Analyst
13-1081.02,1.A.4.a.5,Peripheral Vision,LV,0.0,8,0.0,0.0,0.0,N,Y,08/2020,Analyst
13-1081.02,1.A.4.a.6,Depth Perception,IM,1.88,8,0.125,1.63,2.12,N,,08/2020,Analyst
13-1081.02,1.A.4.a.6,Depth Perception,LV,0.88,8,0.125,0.63,1.12,N,N,08/2020,Analyst
13-1081.02,1.A.4.a.7,Glare Sensitivity,IM,1.0,8,0.0,1.0,1.0,N,,08/2020,Analyst
13-1081.02,1.A.4.a.7,Glare Sensitivity,LV,0.0,8,0.0,0.0,0.0,N,Y,08/2020,Analyst
13-1081.02,1.A.4.b.1,Hearing Sensitivity,IM,1.88,8,0.125,1.63,2.12,N,,08/2020,Analyst
13-1081.02,1.A.4.b.1,Hearing Sensitivity,LV,1.62,8,0.3239,0.9902,2.2598,N,N,08/2020,Analyst
13-1081.02,1.A.4.b.2,Auditory Attention,IM,2.0,8,0.0,2.0,2.0,N,,08/2020,Analyst
13-1081.02,1.A.4.b.2,Auditory Attention,LV,2.12,8,0.125,1.88,2.37,N,N,08/2020,Analyst
13-1081.02,1.A.4.b.3,Sound Localization,IM,1.0,8,0.0,1.0,1.0,N,,08/2020,Analyst
13-1081.02,1.A.4.b.3,Sound Localization,LV,0.0,8,0.0,0.0,0.0,N,Y,08/2020,Analyst
13-1081.02,1.A.4.b.4,Speech Recognition,IM,3.75,8,0.1637,3.4292,4.0708,N,,08/2020,Analyst
13-1081.02,1.A.4.b.4,Speech Recognition,LV,3.5,8,0.189,3.1296,3.8704,N,N,08/2020,Analyst
13-1081.02,1.A.4.b.5,Speech Clarity,IM,3.5,8,0.189,3.1296,3.8704,N,,08/2020,Analyst
13-1081.02,1.A.4.b.5,Speech Clarity,LV,3.25,8,0.1637,2.9292,3.5708,N,N,08/2020,Analyst
13-1111.00,1.A.1.a.1,Oral Comprehension,IM,4.12,8,0.125,3.88,4.37,N,,08/2022,Analyst
13-1111.00,1.A.1.a.1,Oral Comprehension,LV,4.25,8,0.1637,3.9292,4.5708,N,N,08/2022,Analyst
13-1111.00,1.A.1.a.2,Written Comprehension,IM,4.12,8,0.125,3.88,4.37,N,,08/2022,Analyst
13-1111.00,1.A.1.a.2,Written Comprehension,LV,4.12,8,0.125,3.88,4.37,N,N,08/2022,Analyst
13-1111.00,1.A.1.a.3,Oral Expression,IM,4.12,8,0.125,3.88,4.37,N,,08/2022,Analyst
13-1111.00,1.A.1.a.3,Oral Expression,LV,4.75,8,0.1637,4.4292,5.0708,N,N,08/2022,Analyst
13-1111.00,1.A.1.a.4,Written Expression,IM,4.0,8,0.0,4.0,4.0,N,,08/2022,Analyst
13-1111.00,1.A.1.a.4,Written Expression,LV,4.25,8,0.1637,3.9292,4.5708,N,N,08/2022,Analyst
13-1111.00,1.A.1.b.1,Fluency of Ideas,IM,3.75,8,0.1637,3.4292,4.0708,N,,08/2022,Analyst
13-1111.00,1.A.1.b.1,Fluency of Ideas,LV,4.0,8,0.189,3.6296,4.3704,N,N,08/2022,Analyst
13-1111.00,1.A.1.b.2,Originality,IM,3.25,8,0.1637,2.9292,3.5708,N,,08/2022,Analyst
13-1111.00,1.A.1.b.2,Originality,LV,3.75,8,0.1637,3.4292,4.0708,N,N,08/2022,Analyst
13-1111.00,1.A.1.b.3,Problem Sensitivity,IM,4.12,8,0.125,3.88,4.37,N,,08/2022,Analyst
13-1111.00,1.A.1.b.3,Problem Sensitivity,LV,4.0,8,0.0,4.0,4.0,N,N,08/2022,Analyst
13-1111.00,1.A.1.b.4,Deductive Reasoning,IM,4.0,8,0.0,4.0,4.0,N,,08/2022,Analyst
13-1111.00,1.A.1.b.4,Deductive Reasoning,LV,4.25,8,0.1637,3.9292,4.5708,N,N,08/2022,Analyst
13-1111.00,1.A.1.b.5,Inductive Reasoning,IM,4.0,8,0.0,4.0,4.0,N,,08/2022,Analyst
13-1111.00,1.A.1.b.5,Inductive Reasoning,LV,4.12,8,0.125,3.88,4.37,N,N,08/2022,Analyst
13-1111.00,1.A.1.b.6,Information Ordering,IM,3.62,8,0.183,3.2664,3.9836,N,,08/2022,Analyst
13-1111.00,1.A.1.b.6,Information Ordering,LV,3.88,8,0.125,3.63,4.12,N,N,08/2022,Analyst
13-1111.00,1.A.1.b.7,Category Flexibility,IM,3.25,8,0.1637,2.9292,3.5708,N,,08/2022,Analyst
13-1111.00,1.A.1.b.7,Category Flexibility,LV,3.75,8,0.1637,3.4292,4.0708,N,N,08/2022,Analyst
13-1111.00,1.A.1.c.1,Mathematical Reasoning,IM,3.0,8,0.0,3.0,3.0,N,,08/2022,Analyst
13-1111.00,1.A.1.c.1,Mathematical Reasoning,LV,3.12,8,0.125,2.88,3.37,N,N,08/2022,Analyst
13-1111.00,1.A.1.c.2,Number Facility,IM,2.88,8,0.125,2.63,3.12,N,,08/2022,Analyst
13-1111.00,1.A.1.c.2,Number Facility,LV,3.12,8,0.125,2.88,3.37,N,N,08/2022,Analyst
13-1111.00,1.A.1.d.1,Memorization,IM,2.88,8,0.125,2.63,3.12,N,,08/2022,Analyst
13-1111.00,1.A.1.d.1,Memorization,LV,2.5,8,0.189,2.1296,2.8704,N,N,08/2022,Analyst
13-1111.00,1.A.1.e.1,Speed of Closure,IM,2.62,8,0.183,2.2664,2.9836,N,,08/2022,Analyst
13-1111.00,1.A.1.e.1,Speed of Closure,LV,2.75,8,0.25,2.26,3.24,N,N,08/2022,Analyst
13-1111.00,1.A.1.e.2,Flexibility of Closure,IM,3.0,8,0.0,3.0,3.0,N,,08/2022,Analyst
13-1111.00,1.A.1.e.2,Flexibility of Closure,LV,3.0,8,0.0,3.0,3.0,N,N,08/2022,Analyst
13-1111.00,1.A.1.e.3,Perceptual Speed,IM,2.62,8,0.183,2.2664,2.9836,N,,08/2022,Analyst
13-1111.00,1.A.1.e.3,Perceptual Speed,LV,2.12,8,0.125,1.88,2.37,N,N,08/2022,Analyst
13-1111.00,1.A.1.f.1,Spatial Orientation,IM,1.0,8,0.0,1.0,1.0,N,,08/2022,Analyst
13-1111.00,1.A.1.f.1,Spatial Orientation,LV,0.0,8,0.0,0.0,0.0,N,Y,08/2022,Analyst
13-1111.00,1.A.1.f.2,Visualization,IM,2.12,8,0.125,1.88,2.37,N,,08/2022,Analyst
13-1111.00,1.A.1.f.2,Visualization,LV,2.62,8,0.183,2.2664,2.9836,N,N,08/2022,Analyst
13-1111.00,1.A.1.g.1,Selective Attention,IM,3.0,8,0.0,3.0,3.0,N,,08/2022,Analyst
13-1111.00,1.A.1.g.1,Selective Attention,LV,3.0,8,0.0,3.0,3.0,N,N,08/2022,Analyst
13-1111.00,1.A.1.g.2,Time Sharing,IM,2.75,8,0.1637,2.4292,3.0708,N,,08/2022,Analyst
13-1111.00,1.A.1.g.2,Time Sharing,LV,2.5,8,0.189,2.1296,2.8704,N,N,08/2022,Analyst
13-1111.00,1.A.2.a.1,Arm-Hand Steadiness,IM,1.0,8,0.0,1.0,1.0,N,,08/2022,Analyst
13-1111.00,1.A.2.a.1,Arm-Hand Steadiness,LV,0.0,8,0.0,0.0,0.0,N,Y,08/2022,Analyst
13-1111.00,1.A.2.a.2,Manual Dexterity,IM,1.0,8,0.0,1.0,1.0,N,,08/2022,Analyst
13-1111.00,1.A.2.a.2,Manual Dexterity,LV,0.0,8,0.0,0.0,0.0,N,Y,08/2022,Analyst
13-1111.00,1.A.2.a.3,Finger Dexterity,IM,1.62,8,0.183,1.2664,1.9836,N,,08/2022,Analyst
13-1111.00,1.A.2.a.3,Finger Dexterity,LV,0.62,8,0.183,0.2664,0.9836,N,N,08/2022,Analyst
13-1111.00,1.A.2.b.1,Control Precision,IM,1.0,8,0.0,1.0,1.0,N,,08/2022,Analyst
13-1111.00,1.A.2.b.1,Control Precision,LV,0.0,8,0.0,0.0,0.0,N,Y,08/2022,Analyst
13-1111.00,1.A.2.b.2,Multilimb Coordination,IM,1.0,8,0.0,1.0,1.0,N,,08/2022,Analyst
13-1111.00,1.A.2.b.2,Multilimb Coordination,LV,0.0,8,0.0,0.0,0.0,N,Y,08/2022,Analyst
13-1111.00,1.A.2.b.3,Response Orientation,IM,1.0,8,0.0,1.0,1.0,N,,08/2022,Analyst
13-1111.00,1.A.2.b.3,Response Orientation,LV,0.0,8,0.0,0.0,0.0,N,Y,08/2022,Analyst
13-1111.00,1.A.2.b.4,Rate Control,IM,1.0,8,0.0,1.0,1.0,N,,08/2022,Analyst
13-1111.00,1.A.2.b.4,Rate Control,LV,0.0,8,0.0,0.0,0.0,N,Y,08/2022,Analyst
13-1111.00,1.A.2.c.1,Reaction Time,IM,1.0,8,0.0,1.0,1.0,N,,08/2022,Analyst
13-1111.00,1.A.2.c.1,Reaction Time,LV,0.0,8,0.0,0.0,0.0,N,Y,08/2022,Analyst
13-1111.00,1.A.2.c.2,Wrist-Finger Speed,IM,1.75,8,0.1637,1.4292,2.0708,N,,08/2022,Analyst
13-1111.00,1.A.2.c.2,Wrist-Finger Speed,LV,0.88,8,0.2266,0.4309,1.3191,N,N,08/2022,Analyst
13-1111.00,1.A.2.c.3,Speed of Limb Movement,IM,1.0,8,0.0,1.0,1.0,N,,08/2022,Analyst
13-1111.00,1.A.2.c.3,Speed of Limb Movement,LV,0.0,8,0.0,0.0,0.0,N,Y,08/2022,Analyst
13-1111.00,1.A.3.a.1,Static Strength,IM,1.0,8,0.0,1.0,1.0,N,,08/2022,Analyst
13-1111.00,1.A.3.a.1,Static Strength,LV,0.0,8,0.0,0.0,0.0,N,Y,08/2022,Analyst
13-1111.00,1.A.3.a.2,Explosive Strength,IM,1.0,8,0.0,1.0,1.0,N,,08/2022,Analyst
13-1111.00,1.A.3.a.2,Explosive Strength,LV,0.0,8,0.0,0.0,0.0,N,Y,08/2022,Analyst
13-1111.00,1.A.3.a.3,Dynamic Strength,IM,1.0,8,0.0,1.0,1.0,N,,08/2022,Analyst
13-1111.00,1.A.3.a.3,Dynamic Strength,LV,0.0,8,0.0,0.0,0.0,N,Y,08/2022,Analyst
13-1111.00,1.A.3.a.4,Trunk Strength,IM,2.0,8,0.0,2.0,2.0,N,,08/2022,Analyst
13-1111.00,1.A.3.a.4,Trunk Strength,LV,1.5,8,0.189,1.1296,1.8704,N,N,08/2022,Analyst
13-1111.00,1.A.3.b.1,Stamina,IM,1.0,8,0.0,1.0,1.0,N,,08/2022,Analyst
13-1111.00,1.A.3.b.1,Stamina,LV,0.0,8,0.0,0.0,0.0,N,Y,08/2022,Analyst
13-1111.00,1.A.3.c.1,Extent Flexibility,IM,1.0,8,0.0,1.0,1.0,N,,08/2022,Analyst
13-1111.00,1.A.3.c.1,Extent Flexibility,LV,0.0,8,0.0,0.0,0.0,N,Y,08/2022,Analyst
13-1111.00,1.A.3.c.2,Dynamic Flexibility,IM,1.0,8,0.0,1.0,1.0,N,,08/2022,Analyst
13-1111.00,1.A.3.c.2,Dynamic Flexibility,LV,0.0,8,0.0,0.0,0.0,N,Y,08/2022,Analyst
13-1111.00,1.A.3.c.3,Gross Body Coordination,IM,1.0,8,0.0,1.0,1.0,N,,08/2022,Analyst
13-1111.00,1.A.3.c.3,Gross Body Coordination,LV,0.0,8,0.0,0.0,0.0,N,Y,08/2022,Analyst
13-1111.00,1.A.3.c.4,Gross Body Equilibrium,IM,1.0,8,0.0,1.0,1.0,N,,08/2022,Analyst
13-1111.00,1.A.3.c.4,Gross Body Equilibrium,LV,0.0,8,0.0,0.0,0.0,N,Y,08/2022,Analyst
13-1111.00,1.A.4.a.1,Near Vision,IM,3.38,8,0.183,3.0164,3.7336,N,,08/2022,Analyst
13-1111.00,1.A.4.a.1,Near Vision,LV,3.88,8,0.125,3.63,4.12,N,N,08/2022,Analyst
13-1111.00,1.A.4.a.2,Far Vision,IM,2.88,8,0.125,2.63,3.12,N,,08/2022,Analyst
13-1111.00,1.A.4.a.2,Far Vision,LV,2.88,8,0.125,2.63,3.12,N,N,08/2022,Analyst
13-1111.00,1.A.4.a.3,Visual Color Discrimination,IM,2.0,8,0.0,2.0,2.0,N,,08/2022,Analyst
13-1111.00,1.A.4.a.3,Visual Color Discrimination,LV,1.25,8,0.1637,0.9292,1.5708,N,N,08/2022,Analyst
13-1111.00,1.A.4.a.4,Night Vision,IM,1.0,8,0.0,1.0,1.0,N,,08/2022,Analyst
13-1111.00,1.A.4.a.4,Night Vision,LV,0.0,8,0.0,0.0,0.0,N,Y,08/2022,Analyst
13-1111.00,1.A.4.a.5,Peripheral Vision,IM,1.0,8,0.0,1.0,1.0,N,,08/2022,Analyst
13-1111.00,1.A.4.a.5,Peripheral Vision,LV,0.0,8,0.0,0.0,0.0,N,Y,08/2022,Analyst
13-1111.00,1.A.4.a.6,Depth Perception,IM,1.38,8,0.183,1.0164,1.7336,N,,08/2022,Analyst
13-1111.00,1.A.4.a.6,Depth Perception,LV,0.5,8,0.2673,0.0,1.0238,N,N,08/2022,Analyst
13-1111.00,1.A.4.a.7,Glare Sensitivity,IM,1.0,8,0.0,1.0,1.0,N,,08/2022,Analyst
13-1111.00,1.A.4.a.7,Glare Sensitivity,LV,0.0,8,0.0,0.0,0.0,N,Y,08/2022,Analyst
13-1111.00,1.A.4.b.1,Hearing Sensitivity,IM,2.0,8,0.0,2.0,2.0,N,,08/2022,Analyst
13-1111.00,1.A.4.b.1,Hearing Sensitivity,LV,1.25,8,0.1637,0.9292,1.5708,N,N,08/2022,Analyst
13-1111.00,1.A.4.b.2,Auditory Attention,IM,2.0,8,0.0,2.0,2.0,N,,08/2022,Analyst
13-1111.00,1.A.4.b.2,Auditory Attention,LV,1.25,8,0.1637,0.9292,1.5708,N,N,08/2022,Analyst
13-1111.00,1.A.4.b.3,Sound Localization,IM,1.0,8,0.0,1.0,1.0,N,,08/2022,Analyst
13-1111.00,1.A.4.b.3,Sound Localization,LV,0.0,8,0.0,0.0,0.0,N,Y,08/2022,Analyst
13-1111.00,1.A.4.b.4,Speech Recognition,IM,3.88,8,0.125,3.63,4.12,N,,08/2022,Analyst
13-1111.00,1.A.4.b.4,Speech Recognition,LV,3.75,8,0.1637,3.4292,4.0708,N,N,08/2022,Analyst
13-1111.00,1.A.4.b.5,Speech Clarity,IM,3.88,8,0.125,3.63,4.12,N,,08/2022,Analyst
13-1111.00,1.A.4.b.5,Speech Clarity,LV,4.0,8,0.0,4.0,4.0,N,N,08/2022,Analyst
13-1121.00,1.A.1.a.1,Oral Comprehension,IM,4.0,8,0.0,4.0,4.0,N,,07/2016,Analyst
13-1121.00,1.A.1.a.1,Oral Comprehension,LV,4.25,8,0.1637,3.9292,4.5708,N,N,07/2016,Analyst
13-1121.00,1.A.1.a.2,Written Comprehension,IM,4.0,8,0.0,4.0,4.0,N,,07/2016,Analyst
13-1121.00,1.A.1.a.2,Written Comprehension,LV,4.25,8,0.1637,3.9292,4.5708,N,N,07/2016,Analyst
13-1121.00,1.A.1.a.3,Oral Expression,IM,4.0,8,0.0,4.0,4.0,N,,07/2016,Analyst
13-1121.00,1.A.1.a.3,Oral Expression,LV,4.25,8,0.1637,3.9292,4.5708,N,N,07/2016,Analyst
13-1121.00,1.A.1.a.4,Written Expression,IM,4.0,8,0.0,4.0,4.0,N,,07/2016,Analyst
13-1121.00,1.A.1.a.4,Written Expression,LV,4.12,8,0.125,3.88,4.37,N,N,07/2016,Analyst
13-1121.00,1.A.1.b.1,Fluency of Ideas,IM,3.75,8,0.1637,3.4292,4.0708,N,,07/2016,Analyst
13-1121.00,1.A.1.b.1,Fluency of Ideas,LV,3.75,8,0.25,3.26,4.24,N,N,07/2016,Analyst
13-1121.00,1.A.1.b.2,Originality,IM,3.62,8,0.183,3.2664,3.9836,N,,07/2016,Analyst
13-1121.00,1.A.1.b.2,Originality,LV,3.62,8,0.183,3.2664,3.9836,N,N,07/2016,Analyst
13-1121.00,1.A.1.b.3,Problem Sensitivity,IM,3.88,8,0.125,3.63,4.12,N,,07/2016,Analyst
13-1121.00,1.A.1.b.3,Problem Sensitivity,LV,4.0,8,0.0,4.0,4.0,N,N,07/2016,Analyst
13-1121.00,1.A.1.b.4,Deductive Reasoning,IM,3.88,8,0.125,3.63,4.12,N,,07/2016,Analyst
13-1121.00,1.A.1.b.4,Deductive Reasoning,LV,3.88,8,0.125,3.63,4.12,N,N,07/2016,Analyst
13-1121.00,1.A.1.b.5,Inductive Reasoning,IM,3.62,8,0.183,3.2664,3.9836,N,,07/2016,Analyst
13-1121.00,1.A.1.b.5,Inductive Reasoning,LV,3.38,8,0.183,3.0164,3.7336,N,N,07/2016,Analyst
13-1121.00,1.A.1.b.6,Information Ordering,IM,3.5,8,0.189,3.1296,3.8704,N,,07/2016,Analyst
13-1121.00,1.A.1.b.6,Information Ordering,LV,3.5,8,0.189,3.1296,3.8704,N,N,07/2016,Analyst
13-1121.00,1.A.1.b.7,Category Flexibility,IM,3.12,8,0.125,2.88,3.37,N,,07/2016,Analyst
13-1121.00,1.A.1.b.7,Category Flexibility,LV,3.25,8,0.1637,2.9292,3.5708,N,N,07/2016,Analyst
13-1121.00,1.A.1.c.1,Mathematical Reasoning,IM,3.0,8,0.0,3.0,3.0,N,,07/2016,Analyst
13-1121.00,1.A.1.c.1,Mathematical Reasoning,LV,3.0,8,0.0,3.0,3.0,N,N,07/2016,Analyst
13-1121.00,1.A.1.c.2,Number Facility,IM,2.88,8,0.125,2.63,3.12,N,,07/2016,Analyst
13-1121.00,1.A.1.c.2,Number Facility,LV,2.88,8,0.125,2.63,3.12,N,N,07/2016,Analyst
13-1121.00,1.A.1.d.1,Memorization,IM,2.38,8,0.183,2.0164,2.7336,N,,07/2016,Analyst
13-1121.00,1.A.1.d.1,Memorization,LV,2.12,8,0.125,1.88,2.37,N,N,07/2016,Analyst
13-1121.00,1.A.1.e.1,Speed of Closure,IM,2.5,8,0.189,2.1296,2.8704,N,,07/2016,Analyst
13-1121.00,1.A.1.e.1,Speed of Closure,LV,2.38,8,0.183,2.0164,2.7336,N,N,07/2016,Analyst
13-1121.00,1.A.1.e.2,Flexibility of Closure,IM,2.88,8,0.125,2.63,3.12,N,,07/2016,Analyst
13-1121.00,1.A.1.e.2,Flexibility of Closure,LV,2.88,8,0.125,2.63,3.12,N,N,07/2016,Analyst
13-1121.00,1.A.1.e.3,Perceptual Speed,IM,2.62,8,0.2631,2.1094,3.1406,N,,07/2016,Analyst
13-1121.00,1.A.1.e.3,Perceptual Speed,LV,2.5,8,0.189,2.1296,2.8704,N,N,07/2016,Analyst
13-1121.00,1.A.1.f.1,Spatial Orientation,IM,1.62,8,0.183,1.2664,1.9836,N,,07/2016,Analyst
13-1121.00,1.A.1.f.1,Spatial Orientation,LV,0.75,8,0.25,0.26,1.24,N,N,07/2016,Analyst
13-1121.00,1.A.1.f.2,Visualization,IM,3.0,8,0.189,2.6296,3.3704,N,,07/2016,Analyst
13-1121.00,1.A.1.f.2,Visualization,LV,3.0,8,0.189,2.6296,3.3704,N,N,07/2016,Analyst
13-1121.00,1.A.1.g.1,Selective Attention,IM,3.12,8,0.125,2.88,3.37,N,,07/2016,Analyst
13-1121.00,1.A.1.g.1,Selective Attention,LV,2.88,8,0.125,2.63,3.12,N,N,07/2016,Analyst
13-1121.00,1.A.1.g.2,Time Sharing,IM,3.0,8,0.189,2.6296,3.3704,N,,07/2016,Analyst
13-1121.00,1.A.1.g.2,Time Sharing,LV,3.0,8,0.189,2.6296,3.3704,N,N,07/2016,Analyst
13-1121.00,1.A.2.a.1,Arm-Hand Steadiness,IM,2.38,8,0.183,2.0164,2.7336,N,,07/2016,Analyst
13-1121.00,1.A.2.a.1,Arm-Hand Steadiness,LV,2.25,8,0.1637,1.9292,2.5708,N,N,07/2016,Analyst
13-1121.00,1.A.2.a.2,Manual Dexterity,IM,2.25,8,0.1637,1.9292,2.5708,N,,07/2016,Analyst
13-1121.00,1.A.2.a.2,Manual Dexterity,LV,2.0,8,0.0,2.0,2.0,N,N,07/2016,Analyst
13-1121.00,1.A.2.a.3,Finger Dexterity,IM,2.38,8,0.183,2.0164,2.7336,N,,07/2016,Analyst
13-1121.00,1.A.2.a.3,Finger Dexterity,LV,2.0,8,0.0,2.0,2.0,N,N,07/2016,Analyst
13-1121.00,1.A.2.b.1,Control Precision,IM,2.0,8,0.189,1.6296,2.3704,N,,07/2016,Analyst
13-1121.00,1.A.2.b.1,Control Precision,LV,1.75,8,0.25,1.26,2.24,N,N,07/2016,Analyst
13-1121.00,1.A.2.b.2,Multilimb Coordination,IM,1.75,8,0.1637,1.4292,2.0708,N,,07/2016,Analyst
13-1121.00,1.A.2.b.2,Multilimb Coordination,LV,1.5,8,0.3273,0.8584,2.1416,N,N,07/2016,Analyst
13-1121.00,1.A.2.b.3,Response Orientation,IM,1.12,8,0.125,1.0,1.37,N,,07/2016,Analyst
13-1121.00,1.A.2.b.3,Response Orientation,LV,0.12,8,0.125,0.0,0.37,N,Y,07/2016,Analyst
13-1121.00,1.A.2.b.4,Rate Control,IM,1.5,8,0.189,1.1296,1.8704,N,,07/2016,Analyst
13-1121.00,1.A.2.b.4,Rate Control,LV,0.5,8,0.189,0.1296,0.8704,N,N,07/2016,Analyst
13-1121.00,1.A.2.c.1,Reaction Time,IM,1.62,8,0.183,1.2664,1.9836,N,,07/2016,Analyst
13-1121.00,1.A.2.c.1,Reaction Time,LV,0.62,8,0.183,0.2664,0.9836,N,N,07/2016,Analyst
13-1121.00,1.A.2.c.2,Wrist-Finger Speed,IM,1.62,8,0.183,1.2664,1.9836,N,,07/2016,Analyst
13-1121.00,1.A.2.c.2,Wrist-Finger Speed,LV,0.75,8,0.25,0.26,1.24,N,N,07/2016,Analyst
13-1121.00,1.A.2.c.3,Speed of Limb Movement,IM,1.12,8,0.125,1.0,1.37,N,,07/2016,Analyst
13-1121.00,1.A.2.c.3,Speed of Limb Movement,LV,0.25,8,0.25,0.0,0.74,N,Y,07/2016,Analyst
13-1121.00,1.A.3.a.1,Static Strength,IM,1.88,8,0.125,1.63,2.12,N,,07/2016,Analyst
13-1121.00,1.A.3.a.1,Static Strength,LV,1.75,8,0.25,1.26,2.24,N,N,07/2016,Analyst
13-1121.00,1.A.3.a.2,Explosive Strength,IM,1.25,8,0.1637,1.0,1.5708,N,,07/2016,Analyst
13-1121.00,1.A.3.a.2,Explosive Strength,LV,0.25,8,0.1637,0.0,0.5708,N,Y,07/2016,Analyst
13-1121.00,1.A.3.a.3,Dynamic Strength,IM,1.88,8,0.125,1.63,2.12,N,,07/2016,Analyst
13-1121.00,1.A.3.a.3,Dynamic Strength,LV,1.38,8,0.2631,0.8594,1.8906,N,N,07/2016,Analyst
13-1121.00,1.A.3.a.4,Trunk Strength,IM,2.25,8,0.1637,1.9292,2.5708,N,,07/2016,Analyst
13-1121.00,1.A.3.a.4,Trunk Strength,LV,2.25,8,0.1637,1.9292,2.5708,N,N,07/2016,Analyst
13-1121.00,1.A.3.b.1,Stamina,IM,2.0,8,0.0,2.0,2.0,N,,07/2016,Analyst
13-1121.00,1.A.3.b.1,Stamina,LV,1.75,8,0.1637,1.4292,2.0708,N,N,07/2016,Analyst
13-1121.00,1.A.3.c.1,Extent Flexibility,IM,1.88,8,0.125,1.63,2.12,N,,07/2016,Analyst
13-1121.00,1.A.3.c.1,Extent Flexibility,LV,1.75,8,0.25,1.26,2.24,N,N,07/2016,Analyst
13-1121.00,1.A.3.c.2,Dynamic Flexibility,IM,1.0,8,0.0,1.0,1.0,N,,07/2016,Analyst
13-1121.00,1.A.3.c.2,Dynamic Flexibility,LV,0.0,8,0.0,0.0,0.0,N,Y,07/2016,Analyst
13-1121.00,1.A.3.c.3,Gross Body Coordination,IM,1.88,8,0.125,1.63,2.12,N,,07/2016,Analyst
13-1121.00,1.A.3.c.3,Gross Body Coordination,LV,1.62,8,0.2631,1.1094,2.1406,N,N,07/2016,Analyst
13-1121.00,1.A.3.c.4,Gross Body Equilibrium,IM,1.88,8,0.125,1.63,2.12,N,,07/2016,Analyst
13-1121.00,1.A.3.c.4,Gross Body Equilibrium,LV,1.12,8,0.2266,0.6809,1.5691,N,N,07/2016,Analyst
13-1121.00,1.A.4.a.1,Near Vision,IM,3.62,8,0.183,3.2664,3.9836,N,,07/2016,Analyst
13-1121.00,1.A.4.a.1,Near Vision,LV,3.62,8,0.2631,3.1094,4.1406,N,N,07/2016,Analyst
13-1121.00,1.A.4.a.2,Far Vision,IM,3.12,8,0.125,2.88,3.37,N,,07/2016,Analyst
13-1121.00,1.A.4.a.2,Far Vision,LV,3.12,8,0.125,2.88,3.37,N,N,07/2016,Analyst
13-1121.00,1.A.4.a.3,Visual Color Discrimination,IM,2.38,8,0.183,2.0164,2.7336,N,,07/2016,Analyst
13-1121.00,1.A.4.a.3,Visual Color Discrimination,LV,2.12,8,0.125,1.88,2.37,N,N,07/2016,Analyst
13-1121.00,1.A.4.a.4,Night Vision,IM,1.12,8,0.125,1.0,1.37,N,,07/2016,Analyst
13-1121.00,1.A.4.a.4,Night Vision,LV,0.12,8,0.125,0.0,0.37,N,Y,07/2016,Analyst
13-1121.00,1.A.4.a.5,Peripheral Vision,IM,1.12,8,0.125,1.0,1.37,N,,07/2016,Analyst
13-1121.00,1.A.4.a.5,Peripheral Vision,LV,0.12,8,0.125,0.0,0.37,N,Y,07/2016,Analyst
13-1121.00,1.A.4.a.6,Depth Perception,IM,1.88,8,0.125,1.63,2.12,N,,07/2016,Analyst
13-1121.00,1.A.4.a.6,Depth Perception,LV,1.5,8,0.2673,0.9762,2.0238,N,N,07/2016,Analyst
13-1121.00,1.A.4.a.7,Glare Sensitivity,IM,1.88,8,0.125,1.63,2.12,N,,07/2016,Analyst
13-1121.00,1.A.4.a.7,Glare Sensitivity,LV,1.0,8,0.189,0.6296,1.3704,N,N,07/2016,Analyst
13-1121.00,1.A.4.b.1,Hearing Sensitivity,IM,1.88,8,0.125,1.63,2.12,N,,07/2016,Analyst
13-1121.00,1.A.4.b.1,Hearing Sensitivity,LV,1.38,8,0.2631,0.8594,1.8906,N,N,07/2016,Analyst
13-1121.00,1.A.4.b.2,Auditory Attention,IM,2.38,8,0.183,2.0164,2.7336,N,,07/2016,Analyst
13-1121.00,1.A.4.b.2,Auditory Attention,LV,1.88,8,0.2266,1.4309,2.3191,N,N,07/2016,Analyst
13-1121.00,1.A.4.b.3,Sound Localization,IM,1.12,8,0.125,1.0,1.37,N,,07/2016,Analyst
13-1121.00,1.A.4.b.3,Sound Localization,LV,0.12,8,0.125,0.0,0.37,N,Y,07/2016,Analyst
13-1121.00,1.A.4.b.4,Speech Recognition,IM,4.0,8,0.0,4.0,4.0,N,,07/2016,Analyst
13-1121.00,1.A.4.b.4,Speech Recognition,LV,3.88,8,0.125,3.63,4.12,N,N,07/2016,Analyst
13-1121.00,1.A.4.b.5,Speech Clarity,IM,3.75,8,0.1637,3.4292,4.0708,N,,07/2016,Analyst
13-1121.00,1.A.4.b.5,Speech Clarity,LV,3.62,8,0.183,3.2664,3.9836,N,N,07/2016,Analyst
13-1131.00,1.A.1.a.1,Oral Comprehension,IM,4.0,8,0.0,4.0,4.0,N,,08/2021,Analyst
13-1131.00,1.A.1.a.1,Oral Comprehension,LV,4.12,8,0.125,3.88,4.37,N,N,08/2021,Analyst
13-1131.00,1.A.1.a.2,Written Comprehension,IM,4.0,8,0.0,4.0,4.0,N,,08/2021,Analyst
13-1131.00,1.A.1.a.2,Written Comprehension,LV,4.0,8,0.0,4.0,4.0,N,N,08/2021,Analyst
13-1131.00,1.A.1.a.3,Oral Expression,IM,4.12,8,0.125,3.88,4.37,N,,08/2021,Analyst
13-1131.00,1.A.1.a.3,Oral Expression,LV,4.25,8,0.1637,3.9292,4.5708,N,N,08/2021,Analyst
13-1131.00,1.A.1.a.4,Written Expression,IM,4.0,8,0.0,4.0,4.0,N,,08/2021,Analyst
13-1131.00,1.A.1.a.4,Written Expression,LV,4.0,8,0.0,4.0,4.0,N,N,08/2021,Analyst
13-1131.00,1.A.1.b.1,Fluency of Ideas,IM,3.75,8,0.1637,3.4292,4.0708,N,,08/2021,Analyst
13-1131.00,1.A.1.b.1,Fluency of Ideas,LV,4.0,8,0.189,3.6296,4.3704,N,N,08/2021,Analyst
13-1131.00,1.A.1.b.2,Originality,IM,3.25,8,0.1637,2.9292,3.5708,N,,08/2021,Analyst
13-1131.00,1.A.1.b.2,Originality,LV,3.75,8,0.1637,3.4292,4.0708,N,N,08/2021,Analyst
13-1131.00,1.A.1.b.3,Problem Sensitivity,IM,3.5,8,0.189,3.1296,3.8704,N,,08/2021,Analyst
13-1131.00,1.A.1.b.3,Problem Sensitivity,LV,3.12,8,0.2266,2.6809,3.5691,N,N,08/2021,Analyst
13-1131.00,1.A.1.b.4,Deductive Reasoning,IM,3.75,8,0.1637,3.4292,4.0708,N,,08/2021,Analyst
13-1131.00,1.A.1.b.4,Deductive Reasoning,LV,4.12,8,0.125,3.88,4.37,N,N,08/2021,Analyst
13-1131.00,1.A.1.b.5,Inductive Reasoning,IM,3.88,8,0.125,3.63,4.12,N,,08/2021,Analyst
13-1131.00,1.A.1.b.5,Inductive Reasoning,LV,3.75,8,0.1637,3.4292,4.0708,N,N,08/2021,Analyst
13-1131.00,1.A.1.b.6,Information Ordering,IM,3.25,8,0.1637,2.9292,3.5708,N,,08/2021,Analyst
13-1131.00,1.A.1.b.6,Information Ordering,LV,3.75,8,0.1637,3.4292,4.0708,N,N,08/2021,Analyst
13-1131.00,1.A.1.b.7,Category Flexibility,IM,3.12,8,0.125,2.88,3.37,N,,08/2021,Analyst
13-1131.00,1.A.1.b.7,Category Flexibility,LV,3.12,8,0.125,2.88,3.37,N,N,08/2021,Analyst
13-1131.00,1.A.1.c.1,Mathematical Reasoning,IM,3.0,8,0.0,3.0,3.0,N,,08/2021,Analyst
13-1131.00,1.A.1.c.1,Mathematical Reasoning,LV,3.0,8,0.0,3.0,3.0,N,N,08/2021,Analyst
13-1131.00,1.A.1.c.2,Number Facility,IM,3.0,8,0.0,3.0,3.0,N,,08/2021,Analyst
13-1131.00,1.A.1.c.2,Number Facility,LV,2.88,8,0.125,2.63,3.12,N,N,08/2021,Analyst
13-1131.00,1.A.1.d.1,Memorization,IM,2.38,8,0.183,2.0164,2.7336,N,,08/2021,Analyst
13-1131.00,1.A.1.d.1,Memorization,LV,2.62,8,0.183,2.2664,2.9836,N,N,08/2021,Analyst
13-1131.00,1.A.1.e.1,Speed of Closure,IM,2.12,8,0.125,1.88,2.37,N,,08/2021,Analyst
13-1131.00,1.A.1.e.1,Speed of Closure,LV,2.12,8,0.125,1.88,2.37,N,N,08/2021,Analyst
13-1131.00,1.A.1.e.2,Flexibility of Closure,IM,2.62,8,0.183,2.2664,2.9836,N,,08/2021,Analyst
13-1131.00,1.A.1.e.2,Flexibility of Closure,LV,2.38,8,0.2631,1.8594,2.8906,N,N,08/2021,Analyst
13-1131.00,1.A.1.e.3,Perceptual Speed,IM,2.0,8,0.0,2.0,2.0,N,,08/2021,Analyst
13-1131.00,1.A.1.e.3,Perceptual Speed,LV,2.0,8,0.0,2.0,2.0,N,N,08/2021,Analyst
13-1131.00,1.A.1.f.1,Spatial Orientation,IM,1.12,8,0.125,1.0,1.37,N,,08/2021,Analyst
13-1131.00,1.A.1.f.1,Spatial Orientation,LV,0.12,8,0.125,0.0,0.37,N,Y,08/2021,Analyst
13-1131.00,1.A.1.f.2,Visualization,IM,2.25,8,0.1637,1.9292,2.5708,N,,08/2021,Analyst
13-1131.00,1.A.1.f.2,Visualization,LV,2.0,8,0.0,2.0,2.0,N,N,08/2021,Analyst
13-1131.00,1.A.1.g.1,Selective Attention,IM,2.75,8,0.1637,2.4292,3.0708,N,,08/2021,Analyst
13-1131.00,1.A.1.g.1,Selective Attention,LV,2.75,8,0.1637,2.4292,3.0708,N,N,08/2021,Analyst
13-1131.00,1.A.1.g.2,Time Sharing,IM,2.75,8,0.1637,2.4292,3.0708,N,,08/2021,Analyst
13-1131.00,1.A.1.g.2,Time Sharing,LV,2.25,8,0.1637,1.9292,2.5708,N,N,08/2021,Analyst
13-1131.00,1.A.2.a.1,Arm-Hand Steadiness,IM,1.0,8,0.0,1.0,1.0,N,,08/2021,Analyst
13-1131.00,1.A.2.a.1,Arm-Hand Steadiness,LV,0.0,8,0.0,0.0,0.0,N,Y,08/2021,Analyst
13-1131.00,1.A.2.a.2,Manual Dexterity,IM,1.0,8,0.0,1.0,1.0,N,,08/2021,Analyst
13-1131.00,1.A.2.a.2,Manual Dexterity,LV,0.0,8,0.0,0.0,0.0,N,Y,08/2021,Analyst
13-1131.00,1.A.2.a.3,Finger Dexterity,IM,1.88,8,0.125,1.63,2.12,N,,08/2021,Analyst
13-1131.00,1.A.2.a.3,Finger Dexterity,LV,1.75,8,0.25,1.26,2.24,N,N,08/2021,Analyst
13-1131.00,1.A.2.b.1,Control Precision,IM,1.5,8,0.189,1.1296,1.8704,N,,08/2021,Analyst
13-1131.00,1.A.2.b.1,Control Precision,LV,0.5,8,0.189,0.1296,0.8704,N,N,08/2021,Analyst
13-1131.00,1.A.2.b.2,Multilimb Coordination,IM,1.25,8,0.1637,1.0,1.5708,N,,08/2021,Analyst
13-1131.00,1.A.2.b.2,Multilimb Coordination,LV,0.25,8,0.1637,0.0,0.5708,N,Y,08/2021,Analyst
13-1131.00,1.A.2.b.3,Response Orientation,IM,1.0,8,0.0,1.0,1.0,N,,08/2021,Analyst
13-1131.00,1.A.2.b.3,Response Orientation,LV,0.0,8,0.0,0.0,0.0,N,Y,08/2021,Analyst
13-1131.00,1.A.2.b.4,Rate Control,IM,1.0,8,0.0,1.0,1.0,N,,08/2021,Analyst
13-1131.00,1.A.2.b.4,Rate Control,LV,0.0,8,0.0,0.0,0.0,N,Y,08/2021,Analyst
13-1131.00,1.A.2.c.1,Reaction Time,IM,1.0,8,0.0,1.0,1.0,N,,08/2021,Analyst
13-1131.00,1.A.2.c.1,Reaction Time,LV,0.0,8,0.0,0.0,0.0,N,Y,08/2021,Analyst
13-1131.00,1.A.2.c.2,Wrist-Finger Speed,IM,1.38,8,0.183,1.0164,1.7336,N,,08/2021,Analyst
13-1131.00,1.A.2.c.2,Wrist-Finger Speed,LV,0.38,8,0.183,0.0164,0.7336,N,N,08/2021,Analyst
13-1131.00,1.A.2.c.3,Speed of Limb Movement,IM,1.0,8,0.0,1.0,1.0,N,,08/2021,Analyst
13-1131.00,1.A.2.c.3,Speed of Limb Movement,LV,0.0,8,0.0,0.0,0.0,N,Y,08/2021,Analyst
13-1131.00,1.A.3.a.1,Static Strength,IM,1.0,8,0.0,1.0,1.0,N,,08/2021,Analyst
13-1131.00,1.A.3.a.1,Static Strength,LV,0.0,8,0.0,0.0,0.0,N,Y,08/2021,Analyst
13-1131.00,1.A.3.a.2,Explosive Strength,IM,1.0,8,0.0,1.0,1.0,N,,08/2021,Analyst
13-1131.00,1.A.3.a.2,Explosive Strength,LV,0.0,8,0.0,0.0,0.0,N,Y,08/2021,Analyst
13-1131.00,1.A.3.a.3,Dynamic Strength,IM,1.0,8,0.0,1.0,1.0,N,,08/2021,Analyst
13-1131.00,1.A.3.a.3,Dynamic Strength,LV,0.0,8,0.0,0.0,0.0,N,Y,08/2021,Analyst
13-1131.00,1.A.3.a.4,Trunk Strength,IM,1.38,8,0.183,1.0164,1.7336,N,,08/2021,Analyst
13-1131.00,1.A.3.a.4,Trunk Strength,LV,0.62,8,0.3239,0.0,1.2598,N,N,08/2021,Analyst
13-1131.00,1.A.3.b.1,Stamina,IM,1.0,8,0.0,1.0,1.0,N,,08/2021,Analyst
13-1131.00,1.A.3.b.1,Stamina,LV,0.0,8,0.0,0.0,0.0,N,Y,08/2021,Analyst
13-1131.00,1.A.3.c.1,Extent Flexibility,IM,1.0,8,0.0,1.0,1.0,N,,08/2021,Analyst
13-1131.00,1.A.3.c.1,Extent Flexibility,LV,0.0,8,0.0,0.0,0.0,N,Y,08/2021,Analyst
13-1131.00,1.A.3.c.2,Dynamic Flexibility,IM,1.0,8,0.0,1.0,1.0,N,,08/2021,Analyst
13-1131.00,1.A.3.c.2,Dynamic Flexibility,LV,0.0,8,0.0,0.0,0.0,N,Y,08/2021,Analyst
13-1131.00,1.A.3.c.3,Gross Body Coordination,IM,1.0,8,0.0,1.0,1.0,N,,08/2021,Analyst
13-1131.00,1.A.3.c.3,Gross Body Coordination,LV,0.0,8,0.0,0.0,0.0,N,Y,08/2021,Analyst
13-1131.00,1.A.3.c.4,Gross Body Equilibrium,IM,1.0,8,0.0,1.0,1.0,N,,08/2021,Analyst
13-1131.00,1.A.3.c.4,Gross Body Equilibrium,LV,0.0,8,0.0,0.0,0.0,N,Y,08/2021,Analyst
13-1131.00,1.A.4.a.1,Near Vision,IM,3.62,8,0.183,3.2664,3.9836,N,,08/2021,Analyst
13-1131.00,1.A.4.a.1,Near Vision,LV,3.5,8,0.189,3.1296,3.8704,N,N,08/2021,Analyst
13-1131.00,1.A.4.a.2,Far Vision,IM,2.75,8,0.1637,2.4292,3.0708,N,,08/2021,Analyst
13-1131.00,1.A.4.a.2,Far Vision,LV,2.88,8,0.125,2.63,3.12,N,N,08/2021,Analyst
13-1131.00,1.A.4.a.3,Visual Color Discrimination,IM,1.88,8,0.125,1.63,2.12,N,,08/2021,Analyst
13-1131.00,1.A.4.a.3,Visual Color Discrimination,LV,1.75,8,0.25,1.26,2.24,N,N,08/2021,Analyst
13-1131.00,1.A.4.a.4,Night Vision,IM,1.0,8,0.0,1.0,1.0,N,,08/2021,Analyst
13-1131.00,1.A.4.a.4,Night Vision,LV,0.0,8,0.0,0.0,0.0,N,Y,08/2021,Analyst
13-1131.00,1.A.4.a.5,Peripheral Vision,IM,1.0,8,0.0,1.0,1.0,N,,08/2021,Analyst
13-1131.00,1.A.4.a.5,Peripheral Vision,LV,0.0,8,0.0,0.0,0.0,N,Y,08/2021,Analyst
13-1131.00,1.A.4.a.6,Depth Perception,IM,1.62,8,0.183,1.2664,1.9836,N,,08/2021,Analyst
13-1131.00,1.A.4.a.6,Depth Perception,LV,0.75,8,0.25,0.26,1.24,N,N,08/2021,Analyst
13-1131.00,1.A.4.a.7,Glare Sensitivity,IM,1.0,8,0.0,1.0,1.0,N,,08/2021,Analyst
13-1131.00,1.A.4.a.7,Glare Sensitivity,LV,0.0,8,0.0,0.0,0.0,N,Y,08/2021,Analyst
13-1131.00,1.A.4.b.1,Hearing Sensitivity,IM,1.62,8,0.183,1.2664,1.9836,N,,08/2021,Analyst
13-1131.00,1.A.4.b.1,Hearing Sensitivity,LV,0.62,8,0.183,0.2664,0.9836,N,N,08/2021,Analyst
13-1131.00,1.A.4.b.2,Auditory Attention,IM,1.62,8,0.183,1.2664,1.9836,N,,08/2021,Analyst
13-1131.00,1.A.4.b.2,Auditory Attention,LV,1.25,8,0.366,0.5327,1.9673,N,N,08/2021,Analyst
13-1131.00,1.A.4.b.3,Sound Localization,IM,1.0,8,0.0,1.0,1.0,N,,08/2021,Analyst
13-1131.00,1.A.4.b.3,Sound Localization,LV,0.0,8,0.0,0.0,0.0,N,Y,08/2021,Analyst
13-1131.00,1.A.4.b.4,Speech Recognition,IM,4.0,8,0.0,4.0,4.0,N,,08/2021,Analyst
13-1131.00,1.A.4.b.4,Speech Recognition,LV,4.0,8,0.0,4.0,4.0,N,N,08/2021,Analyst
13-1131.00,1.A.4.b.5,Speech Clarity,IM,4.12,8,0.125,3.88,4.37,N,,08/2021,Analyst
13-1131.00,1.A.4.b.5,Speech Clarity,LV,4.12,8,0.125,3.88,4.37,N,N,08/2021,Analyst
13-1141.00,1.A.1.a.1,Oral Comprehension,IM,3.88,8,0.125,3.63,4.12,N,,08/2024,Analyst
13-1141.00,1.A.1.a.1,Oral Comprehension,LV,4.12,8,0.125,3.88,4.37,N,N,08/2024,Analyst
13-1141.00,1.A.1.a.2,Written Comprehension,IM,3.88,8,0.125,3.63,4.12,N,,08/2024,Analyst
13-1141.00,1.A.1.a.2,Written Comprehension,LV,4.12,8,0.125,3.88,4.37,N,N,08/2024,Analyst
13-1141.00,1.A.1.a.3,Oral Expression,IM,4.0,8,0.0,4.0,4.0,N,,08/2024,Analyst
13-1141.00,1.A.1.a.3,Oral Expression,LV,4.0,8,0.0,4.0,4.0,N,N,08/2024,Analyst
13-1141.00,1.A.1.a.4,Written Expression,IM,3.38,8,0.183,3.0164,3.7336,N,,08/2024,Analyst
13-1141.00,1.A.1.a.4,Written Expression,LV,4.0,8,0.0,4.0,4.0,N,N,08/2024,Analyst
13-1141.00,1.A.1.b.1,Fluency of Ideas,IM,3.0,8,0.0,3.0,3.0,N,,08/2024,Analyst
13-1141.00,1.A.1.b.1,Fluency of Ideas,LV,3.12,8,0.125,2.88,3.37,N,N,08/2024,Analyst
13-1141.00,1.A.1.b.2,Originality,IM,3.0,8,0.0,3.0,3.0,N,,08/2024,Analyst
13-1141.00,1.A.1.b.2,Originality,LV,3.25,8,0.1637,2.9292,3.5708,N,N,08/2024,Analyst
13-1141.00,1.A.1.b.3,Problem Sensitivity,IM,3.62,8,0.183,3.2664,3.9836,N,,08/2024,Analyst
13-1141.00,1.A.1.b.3,Problem Sensitivity,LV,3.75,8,0.1637,3.4292,4.0708,N,N,08/2024,Analyst
13-1141.00,1.A.1.b.4,Deductive Reasoning,IM,3.62,8,0.183,3.2664,3.9836,N,,08/2024,Analyst
13-1141.00,1.A.1.b.4,Deductive Reasoning,LV,3.88,8,0.2266,3.4309,4.3191,N,N,08/2024,Analyst
13-1141.00,1.A.1.b.5,Inductive Reasoning,IM,3.62,8,0.183,3.2664,3.9836,N,,08/2024,Analyst
13-1141.00,1.A.1.b.5,Inductive Reasoning,LV,3.62,8,0.183,3.2664,3.9836,N,N,08/2024,Analyst
13-1141.00,1.A.1.b.6,Information Ordering,IM,3.38,8,0.183,3.0164,3.7336,N,,08/2024,Analyst
13-1141.00,1.A.1.b.6,Information Ordering,LV,3.62,8,0.183,3.2664,3.9836,N,N,08/2024,Analyst
13-1141.00,1.A.1.b.7,Category Flexibility,IM,3.0,8,0.0,3.0,3.0,N,,08/2024,Analyst
13-1141.00,1.A.1.b.7,Category Flexibility,LV,3.25,8,0.1637,2.9292,3.5708,N,N,08/2024,Analyst
13-1141.00,1.A.1.c.1,Mathematical Reasoning,IM,3.12,8,0.125,2.88,3.37,N,,08/2024,Analyst
13-1141.00,1.A.1.c.1,Mathematical Reasoning,LV,3.5,8,0.189,3.1296,3.8704,N,N,08/2024,Analyst
13-1141.00,1.A.1.c.2,Number Facility,IM,2.88,8,0.125,2.63,3.12,N,,08/2024,Analyst
13-1141.00,1.A.1.c.2,Number Facility,LV,3.25,8,0.1637,2.9292,3.5708,N,N,08/2024,Analyst
13-1141.00,1.A.1.d.1,Memorization,IM,2.0,8,0.0,2.0,2.0,N,,08/2024,Analyst
13-1141.00,1.A.1.d.1,Memorization,LV,2.25,8,0.1637,1.9292,2.5708,N,N,08/2024,Analyst
13-1141.00,1.A.1.e.1,Speed of Closure,IM,2.62,8,0.183,2.2664,2.9836,N,,08/2024,Analyst
13-1141.00,1.A.1.e.1,Speed of Closure,LV,2.88,8,0.125,2.63,3.12,N,N,08/2024,Analyst
13-1141.00,1.A.1.e.2,Flexibility of Closure,IM,3.0,8,0.0,3.0,3.0,N,,08/2024,Analyst
13-1141.00,1.A.1.e.2,Flexibility of Closure,LV,3.0,8,0.0,3.0,3.0,N,N,08/2024,Analyst
13-1141.00,1.A.1.e.3,Perceptual Speed,IM,2.62,8,0.183,2.2664,2.9836,N,,08/2024,Analyst
13-1141.00,1.A.1.e.3,Perceptual Speed,LV,2.75,8,0.1637,2.4292,3.0708,N,N,08/2024,Analyst
13-1141.00,1.A.1.f.1,Spatial Orientation,IM,1.0,8,0.0,1.0,1.0,N,,08/2024,Analyst
13-1141.00,1.A.1.f.1,Spatial Orientation,LV,0.0,8,0.0,0.0,0.0,N,Y,08/2024,Analyst
13-1141.00,1.A.1.f.2,Visualization,IM,2.0,8,0.0,2.0,2.0,N,,08/2024,Analyst
13-1141.00,1.A.1.f.2,Visualization,LV,2.0,8,0.189,1.6296,2.3704,N,N,08/2024,Analyst
13-1141.00,1.A.1.g.1,Selective Attention,IM,3.0,8,0.0,3.0,3.0,N,,08/2024,Analyst
13-1141.00,1.A.1.g.1,Selective Attention,LV,2.88,8,0.125,2.63,3.12,N,N,08/2024,Analyst
13-1141.00,1.A.1.g.2,Time Sharing,IM,2.0,8,0.0,2.0,2.0,N,,08/2024,Analyst
13-1141.00,1.A.1.g.2,Time Sharing,LV,2.0,8,0.0,2.0,2.0,N,N,08/2024,Analyst
13-1141.00,1.A.2.a.1,Arm-Hand Steadiness,IM,1.5,8,0.189,1.1296,1.8704,N,,08/2024,Analyst
13-1141.00,1.A.2.a.1,Arm-Hand Steadiness,LV,0.62,8,0.183,0.2664,0.9836,N,N,08/2024,Analyst
13-1141.00,1.A.2.a.2,Manual Dexterity,IM,1.38,8,0.183,1.0164,1.7336,N,,08/2024,Analyst
13-1141.00,1.A.2.a.2,Manual Dexterity,LV,0.38,8,0.183,0.0164,0.7336,N,N,08/2024,Analyst
13-1141.00,1.A.2.a.3,Finger Dexterity,IM,1.62,8,0.183,1.2664,1.9836,N,,08/2024,Analyst
13-1141.00,1.A.2.a.3,Finger Dexterity,LV,0.62,8,0.183,0.2664,0.9836,N,N,08/2024,Analyst
13-1141.00,1.A.2.b.1,Control Precision,IM,1.25,8,0.1637,1.0,1.5708,N,,08/2024,Analyst
13-1141.00,1.A.2.b.1,Control Precision,LV,0.25,8,0.1637,0.0,0.5708,N,Y,08/2024,Analyst
13-1141.00,1.A.2.b.2,Multilimb Coordination,IM,1.0,8,0.0,1.0,1.0,N,,08/2024,Analyst
13-1141.00,1.A.2.b.2,Multilimb Coordination,LV,0.0,8,0.0,0.0,0.0,N,Y,08/2024,Analyst
13-1141.00,1.A.2.b.3,Response Orientation,IM,1.0,8,0.0,1.0,1.0,N,,08/2024,Analyst
13-1141.00,1.A.2.b.3,Response Orientation,LV,0.0,8,0.0,0.0,0.0,N,Y,08/2024,Analyst
13-1141.00,1.A.2.b.4,Rate Control,IM,1.0,8,0.0,1.0,1.0,N,,08/2024,Analyst
13-1141.00,1.A.2.b.4,Rate Control,LV,0.0,8,0.0,0.0,0.0,N,Y,08/2024,Analyst
13-1141.00,1.A.2.c.1,Reaction Time,IM,1.0,8,0.0,1.0,1.0,N,,08/2024,Analyst
13-1141.00,1.A.2.c.1,Reaction Time,LV,0.0,8,0.0,0.0,0.0,N,Y,08/2024,Analyst
13-1141.00,1.A.2.c.2,Wrist-Finger Speed,IM,1.62,8,0.183,1.2664,1.9836,N,,08/2024,Analyst
13-1141.00,1.A.2.c.2,Wrist-Finger Speed,LV,0.62,8,0.183,0.2664,0.9836,N,N,08/2024,Analyst
13-1141.00,1.A.2.c.3,Speed of Limb Movement,IM,1.0,8,0.0,1.0,1.0,N,,08/2024,Analyst
13-1141.00,1.A.2.c.3,Speed of Limb Movement,LV,0.0,8,0.0,0.0,0.0,N,Y,08/2024,Analyst
13-1141.00,1.A.3.a.1,Static Strength,IM,1.0,8,0.0,1.0,1.0,N,,08/2024,Analyst
13-1141.00,1.A.3.a.1,Static Strength,LV,0.0,8,0.0,0.0,0.0,N,Y,08/2024,Analyst
13-1141.00,1.A.3.a.2,Explosive Strength,IM,1.0,8,0.0,1.0,1.0,N,,08/2024,Analyst
13-1141.00,1.A.3.a.2,Explosive Strength,LV,0.0,8,0.0,0.0,0.0,N,Y,08/2024,Analyst
13-1141.00,1.A.3.a.3,Dynamic Strength,IM,1.25,8,0.1637,1.0,1.5708,N,,08/2024,Analyst
13-1141.00,1.A.3.a.3,Dynamic Strength,LV,0.25,8,0.1637,0.0,0.5708,N,Y,08/2024,Analyst
13-1141.00,1.A.3.a.4,Trunk Strength,IM,1.75,8,0.25,1.26,2.24,N,,08/2024,Analyst
13-1141.00,1.A.3.a.4,Trunk Strength,LV,1.12,8,0.3504,0.4383,1.8117,N,N,08/2024,Analyst
13-1141.00,1.A.3.b.1,Stamina,IM,1.0,8,0.0,1.0,1.0,N,,08/2024,Analyst
13-1141.00,1.A.3.b.1,Stamina,LV,0.0,8,0.0,0.0,0.0,N,Y,08/2024,Analyst
13-1141.00,1.A.3.c.1,Extent Flexibility,IM,1.0,8,0.0,1.0,1.0,N,,08/2024,Analyst
13-1141.00,1.A.3.c.1,Extent Flexibility,LV,0.0,8,0.0,0.0,0.0,N,Y,08/2024,Analyst
13-1141.00,1.A.3.c.2,Dynamic Flexibility,IM,1.0,8,0.0,1.0,1.0,N,,08/2024,Analyst
13-1141.00,1.A.3.c.2,Dynamic Flexibility,LV,0.0,8,0.0,0.0,0.0,N,Y,08/2024,Analyst
13-1141.00,1.A.3.c.3,Gross Body Coordination,IM,1.0,8,0.0,1.0,1.0,N,,08/2024,Analyst
13-1141.00,1.A.3.c.3,Gross Body Coordination,LV,0.0,8,0.0,0.0,0.0,N,Y,08/2024,Analyst
13-1141.00,1.A.3.c.4,Gross Body Equilibrium,IM,1.0,8,0.0,1.0,1.0,N,,08/2024,Analyst
13-1141.00,1.A.3.c.4,Gross Body Equilibrium,LV,0.0,8,0.0,0.0,0.0,N,Y,08/2024,Analyst
13-1141.00,1.A.4.a.1,Near Vision,IM,3.25,8,0.1637,2.9292,3.5708,N,,08/2024,Analyst
13-1141.00,1.A.4.a.1,Near Vision,LV,3.5,8,0.189,3.1296,3.8704,N,N,08/2024,Analyst
13-1141.00,1.A.4.a.2,Far Vision,IM,2.62,8,0.183,2.2664,2.9836,N,,08/2024,Analyst
13-1141.00,1.A.4.a.2,Far Vision,LV,2.62,8,0.183,2.2664,2.9836,N,N,08/2024,Analyst
13-1141.00,1.A.4.a.3,Visual Color Discrimination,IM,1.75,8,0.1637,1.4292,2.0708,N,,08/2024,Analyst
13-1141.00,1.A.4.a.3,Visual Color Discrimination,LV,1.38,8,0.3239,0.7402,2.0098,N,N,08/2024,Analyst
13-1141.00,1.A.4.a.4,Night Vision,IM,1.0,8,0.0,1.0,1.0,N,,08/2024,Analyst
13-1141.00,1.A.4.a.4,Night Vision,LV,0.0,8,0.0,0.0,0.0,N,Y,08/2024,Analyst
13-1141.00,1.A.4.a.5,Peripheral Vision,IM,1.0,8,0.0,1.0,1.0,N,,08/2024,Analyst
13-1141.00,1.A.4.a.5,Peripheral Vision,LV,0.0,8,0.0,0.0,0.0,N,Y,08/2024,Analyst
13-1141.00,1.A.4.a.6,Depth Perception,IM,1.25,8,0.1637,1.0,1.5708,N,,08/2024,Analyst
13-1141.00,1.A.4.a.6,Depth Perception,LV,0.25,8,0.1637,0.0,0.5708,N,Y,08/2024,Analyst
13-1141.00,1.A.4.a.7,Glare Sensitivity,IM,1.0,8,0.0,1.0,1.0,N,,08/2024,Analyst
13-1141.00,1.A.4.a.7,Glare Sensitivity,LV,0.0,8,0.0,0.0,0.0,N,Y,08/2024,Analyst
13-1141.00,1.A.4.b.1,Hearing Sensitivity,IM,1.62,8,0.183,1.2664,1.9836,N,,08/2024,Analyst
13-1141.00,1.A.4.b.1,Hearing Sensitivity,LV,1.12,8,0.3504,0.4383,1.8117,N,N,08/2024,Analyst
13-1141.00,1.A.4.b.2,Auditory Attention,IM,2.0,8,0.189,1.6296,2.3704,N,,08/2024,Analyst
13-1141.00,1.A.4.b.2,Auditory Attention,LV,1.12,8,0.2266,0.6809,1.5691,N,N,08/2024,Analyst
13-1141.00,1.A.4.b.3,Sound Localization,IM,1.0,8,0.0,1.0,1.0,N,,08/2024,Analyst
13-1141.00,1.A.4.b.3,Sound Localization,LV,0.0,8,0.0,0.0,0.0,N,Y,08/2024,Analyst
13-1141.00,1.A.4.b.4,Speech Recognition,IM,3.25,8,0.1637,2.9292,3.5708,N,,08/2024,Analyst
13-1141.00,1.A.4.b.4,Speech Recognition,LV,3.62,8,0.183,3.2664,3.9836,N,N,08/2024,Analyst
13-1141.00,1.A.4.b.5,Speech Clarity,IM,3.5,8,0.189,3.1296,3.8704,N,,08/2024,Analyst
13-1141.00,1.A.4.b.5,Speech Clarity,LV,3.38,8,0.183,3.0164,3.7336,N,N,08/2024,Analyst
13-1151.00,1.A.1.a.1,Oral Comprehension,IM,4.0,8,0.0,4.0,4.0,N,,08/2022,Analyst
13-1151.00,1.A.1.a.1,Oral Comprehension,LV,4.12,8,0.125,3.88,4.37,N,N,08/2022,Analyst
13-1151.00,1.A.1.a.2,Written Comprehension,IM,4.0,8,0.0,4.0,4.0,N,,08/2022,Analyst
13-1151.00,1.A.1.a.2,Written Comprehension,LV,4.12,8,0.125,3.88,4.37,N,N,08/2022,Analyst
13-1151.00,1.A.1.a.3,Oral Expression,IM,4.12,8,0.125,3.88,4.37,N,,08/2022,Analyst
13-1151.00,1.A.1.a.3,Oral Expression,LV,4.38,8,0.183,4.0164,4.7336,N,N,08/2022,Analyst
13-1151.00,1.A.1.a.4,Written Expression,IM,4.0,8,0.0,4.0,4.0,N,,08/2022,Analyst
13-1151.00,1.A.1.a.4,Written Expression,LV,4.12,8,0.125,3.88,4.37,N,N,08/2022,Analyst
13-1151.00,1.A.1.b.1,Fluency of Ideas,IM,3.75,8,0.1637,3.4292,4.0708,N,,08/2022,Analyst
13-1151.00,1.A.1.b.1,Fluency of Ideas,LV,3.88,8,0.125,3.63,4.12,N,N,08/2022,Analyst
13-1151.00,1.A.1.b.2,Originality,IM,3.62,8,0.183,3.2664,3.9836,N,,08/2022,Analyst
13-1151.00,1.A.1.b.2,Originality,LV,3.88,8,0.125,3.63,4.12,N,N,08/2022,Analyst
13-1151.00,1.A.1.b.3,Problem Sensitivity,IM,3.75,8,0.1637,3.4292,4.0708,N,,08/2022,Analyst
13-1151.00,1.A.1.b.3,Problem Sensitivity,LV,3.75,8,0.1637,3.4292,4.0708,N,N,08/2022,Analyst
13-1151.00,1.A.1.b.4,Deductive Reasoning,IM,3.75,8,0.1637,3.4292,4.0708,N,,08/2022,Analyst
13-1151.00,1.A.1.b.4,Deductive Reasoning,LV,3.88,8,0.125,3.63,4.12,N,N,08/2022,Analyst
13-1151.00,1.A.1.b.5,Inductive Reasoning,IM,3.62,8,0.183,3.2664,3.9836,N,,08/2022,Analyst
13-1151.00,1.A.1.b.5,Inductive Reasoning,LV,3.5,8,0.189,3.1296,3.8704,N,N,08/2022,Analyst
13-1151.00,1.A.1.b.6,Information Ordering,IM,3.25,8,0.1637,2.9292,3.5708,N,,08/2022,Analyst
13-1151.00,1.A.1.b.6,Information Ordering,LV,3.12,8,0.125,2.88,3.37,N,N,08/2022,Analyst
13-1151.00,1.A.1.b.7,Category Flexibility,IM,3.25,8,0.1637,2.9292,3.5708,N,,08/2022,Analyst
13-1151.00,1.A.1.b.7,Category Flexibility,LV,3.5,8,0.189,3.1296,3.8704,N,N,08/2022,Analyst
13-1151.00,1.A.1.c.1,Mathematical Reasoning,IM,2.5,8,0.189,2.1296,2.8704,N,,08/2022,Analyst
13-1151.00,1.A.1.c.1,Mathematical Reasoning,LV,2.12,8,0.125,1.88,2.37,N,N,08/2022,Analyst
13-1151.00,1.A.1.c.2,Number Facility,IM,2.5,8,0.189,2.1296,2.8704,N,,08/2022,Analyst
13-1151.00,1.A.1.c.2,Number Facility,LV,2.62,8,0.183,2.2664,2.9836,N,N,08/2022,Analyst
13-1151.00,1.A.1.d.1,Memorization,IM,3.0,8,0.189,2.6296,3.3704,N,,08/2022,Analyst
13-1151.00,1.A.1.d.1,Memorization,LV,3.12,8,0.125,2.88,3.37,N,N,08/2022,Analyst
13-1151.00,1.A.1.e.1,Speed of Closure,IM,2.62,8,0.183,2.2664,2.9836,N,,08/2022,Analyst
13-1151.00,1.A.1.e.1,Speed of Closure,LV,2.62,8,0.183,2.2664,2.9836,N,N,08/2022,Analyst
13-1151.00,1.A.1.e.2,Flexibility of Closure,IM,2.62,8,0.183,2.2664,2.9836,N,,08/2022,Analyst
13-1151.00,1.A.1.e.2,Flexibility of Closure,LV,2.62,8,0.183,2.2664,2.9836,N,N,08/2022,Analyst
13-1151.00,1.A.1.e.3,Perceptual Speed,IM,2.62,8,0.183,2.2664,2.9836,N,,08/2022,Analyst
13-1151.00,1.A.1.e.3,Perceptual Speed,LV,2.0,8,0.0,2.0,2.0,N,N,08/2022,Analyst
13-1151.00,1.A.1.f.1,Spatial Orientation,IM,1.12,8,0.125,1.0,1.37,N,,08/2022,Analyst
13-1151.00,1.A.1.f.1,Spatial Orientation,LV,0.12,8,0.125,0.0,0.37,N,Y,08/2022,Analyst
13-1151.00,1.A.1.f.2,Visualization,IM,2.38,8,0.183,2.0164,2.7336,N,,08/2022,Analyst
13-1151.00,1.A.1.f.2,Visualization,LV,2.38,8,0.183,2.0164,2.7336,N,N,08/2022,Analyst
13-1151.00,1.A.1.g.1,Selective Attention,IM,3.0,8,0.0,3.0,3.0,N,,08/2022,Analyst
13-1151.00,1.A.1.g.1,Selective Attention,LV,2.88,8,0.125,2.63,3.12,N,N,08/2022,Analyst
13-1151.00,1.A.1.g.2,Time Sharing,IM,2.75,8,0.1637,2.4292,3.0708,N,,08/2022,Analyst
13-1151.00,1.A.1.g.2,Time Sharing,LV,2.75,8,0.1637,2.4292,3.0708,N,N,08/2022,Analyst
13-1151.00,1.A.2.a.1,Arm-Hand Steadiness,IM,1.0,8,0.0,1.0,1.0,N,,08/2022,Analyst
13-1151.00,1.A.2.a.1,Arm-Hand Steadiness,LV,0.0,8,0.0,0.0,0.0,N,Y,08/2022,Analyst
13-1151.00,1.A.2.a.2,Manual Dexterity,IM,1.0,8,0.0,1.0,1.0,N,,08/2022,Analyst
13-1151.00,1.A.2.a.2,Manual Dexterity,LV,0.0,8,0.0,0.0,0.0,N,Y,08/2022,Analyst
13-1151.00,1.A.2.a.3,Finger Dexterity,IM,1.62,8,0.183,1.2664,1.9836,N,,08/2022,Analyst
13-1151.00,1.A.2.a.3,Finger Dexterity,LV,1.12,8,0.3504,0.4383,1.8117,N,N,08/2022,Analyst
13-1151.00,1.A.2.b.1,Control Precision,IM,1.0,8,0.0,1.0,1.0,N,,08/2022,Analyst
13-1151.00,1.A.2.b.1,Control Precision,LV,0.0,8,0.0,0.0,0.0,N,Y,08/2022,Analyst
13-1151.00,1.A.2.b.2,Multilimb Coordination,IM,1.0,8,0.0,1.0,1.0,N,,08/2022,Analyst
13-1151.00,1.A.2.b.2,Multilimb Coordination,LV,0.0,8,0.0,0.0,0.0,N,Y,08/2022,Analyst
13-1151.00,1.A.2.b.3,Response Orientation,IM,1.0,8,0.0,1.0,1.0,N,,08/2022,Analyst
13-1151.00,1.A.2.b.3,Response Orientation,LV,0.0,8,0.0,0.0,0.0,N,Y,08/2022,Analyst
13-1151.00,1.A.2.b.4,Rate Control,IM,1.0,8,0.0,1.0,1.0,N,,08/2022,Analyst
13-1151.00,1.A.2.b.4,Rate Control,LV,0.0,8,0.0,0.0,0.0,N,Y,08/2022,Analyst
13-1151.00,1.A.2.c.1,Reaction Time,IM,1.0,8,0.0,1.0,1.0,N,,08/2022,Analyst
13-1151.00,1.A.2.c.1,Reaction Time,LV,0.0,8,0.0,0.0,0.0,N,Y,08/2022,Analyst
13-1151.00,1.A.2.c.2,Wrist-Finger Speed,IM,1.38,8,0.183,1.0164,1.7336,N,,08/2022,Analyst
13-1151.00,1.A.2.c.2,Wrist-Finger Speed,LV,0.5,8,0.2673,0.0,1.0238,N,N,08/2022,Analyst
13-1151.00,1.A.2.c.3,Speed of Limb Movement,IM,1.0,8,0.0,1.0,1.0,N,,08/2022,Analyst
13-1151.00,1.A.2.c.3,Speed of Limb Movement,LV,0.0,8,0.0,0.0,0.0,N,Y,08/2022,Analyst
13-1151.00,1.A.3.a.1,Static Strength,IM,1.0,8,0.0,1.0,1.0,N,,08/2022,Analyst
13-1151.00,1.A.3.a.1,Static Strength,LV,0.0,8,0.0,0.0,0.0,N,Y,08/2022,Analyst
13-1151.00,1.A.3.a.2,Explosive Strength,IM,1.0,8,0.0,1.0,1.0,N,,08/2022,Analyst
13-1151.00,1.A.3.a.2,Explosive Strength,LV,0.0,8,0.0,0.0,0.0,N,Y,08/2022,Analyst
13-1151.00,1.A.3.a.3,Dynamic Strength,IM,1.0,8,0.0,1.0,1.0,N,,08/2022,Analyst
13-1151.00,1.A.3.a.3,Dynamic Strength,LV,0.0,8,0.0,0.0,0.0,N,Y,08/2022,Analyst
13-1151.00,1.A.3.a.4,Trunk Strength,IM,2.12,8,0.125,1.88,2.37,N,,08/2022,Analyst
13-1151.00,1.A.3.a.4,Trunk Strength,LV,2.0,8,0.0,2.0,2.0,N,N,08/2022,Analyst
13-1151.00,1.A.3.b.1,Stamina,IM,1.0,8,0.0,1.0,1.0,N,,08/2022,Analyst
13-1151.00,1.A.3.b.1,Stamina,LV,0.0,8,0.0,0.0,0.0,N,Y,08/2022,Analyst
13-1151.00,1.A.3.c.1,Extent Flexibility,IM,1.0,8,0.0,1.0,1.0,N,,08/2022,Analyst
13-1151.00,1.A.3.c.1,Extent Flexibility,LV,0.0,8,0.0,0.0,0.0,N,Y,08/2022,Analyst
13-1151.00,1.A.3.c.2,Dynamic Flexibility,IM,1.0,8,0.0,1.0,1.0,N,,08/2022,Analyst
13-1151.00,1.A.3.c.2,Dynamic Flexibility,LV,0.0,8,0.0,0.0,0.0,N,Y,08/2022,Analyst
13-1151.00,1.A.3.c.3,Gross Body Coordination,IM,1.0,8,0.0,1.0,1.0,N,,08/2022,Analyst
13-1151.00,1.A.3.c.3,Gross Body Coordination,LV,0.0,8,0.0,0.0,0.0,N,Y,08/2022,Analyst
13-1151.00,1.A.3.c.4,Gross Body Equilibrium,IM,1.0,8,0.0,1.0,1.0,N,,08/2022,Analyst
13-1151.00,1.A.3.c.4,Gross Body Equilibrium,LV,0.0,8,0.0,0.0,0.0,N,Y,08/2022,Analyst
13-1151.00,1.A.4.a.1,Near Vision,IM,3.75,8,0.1637,3.4292,4.0708,N,,08/2022,Analyst
13-1151.00,1.A.4.a.1,Near Vision,LV,3.75,8,0.1637,3.4292,4.0708,N,N,08/2022,Analyst
13-1151.00,1.A.4.a.2,Far Vision,IM,3.12,8,0.125,2.88,3.37,N,,08/2022,Analyst
13-1151.00,1.A.4.a.2,Far Vision,LV,3.62,8,0.183,3.2664,3.9836,N,N,08/2022,Analyst
13-1151.00,1.A.4.a.3,Visual Color Discrimination,IM,2.0,8,0.0,2.0,2.0,N,,08/2022,Analyst
13-1151.00,1.A.4.a.3,Visual Color Discrimination,LV,2.0,8,0.0,2.0,2.0,N,N,08/2022,Analyst
13-1151.00,1.A.4.a.4,Night Vision,IM,1.0,8,0.0,1.0,1.0,N,,08/2022,Analyst
13-1151.00,1.A.4.a.4,Night Vision,LV,0.0,8,0.0,0.0,0.0,N,Y,08/2022,Analyst
13-1151.00,1.A.4.a.5,Peripheral Vision,IM,1.0,8,0.0,1.0,1.0,N,,08/2022,Analyst
13-1151.00,1.A.4.a.5,Peripheral Vision,LV,0.0,8,0.0,0.0,0.0,N,Y,08/2022,Analyst
13-1151.00,1.A.4.a.6,Depth Perception,IM,1.75,8,0.1637,1.4292,2.0708,N,,08/2022,Analyst
13-1151.00,1.A.4.a.6,Depth Perception,LV,0.75,8,0.1637,0.4292,1.0708,N,N,08/2022,Analyst
13-1151.00,1.A.4.a.7,Glare Sensitivity,IM,1.0,8,0.0,1.0,1.0,N,,08/2022,Analyst
13-1151.00,1.A.4.a.7,Glare Sensitivity,LV,0.0,8,0.0,0.0,0.0,N,Y,08/2022,Analyst
13-1151.00,1.A.4.b.1,Hearing Sensitivity,IM,2.0,8,0.0,2.0,2.0,N,,08/2022,Analyst
13-1151.00,1.A.4.b.1,Hearing Sensitivity,LV,1.88,8,0.125,1.63,2.12,N,N,08/2022,Analyst
13-1151.00,1.A.4.b.2,Auditory Attention,IM,2.12,8,0.125,1.88,2.37,N,,08/2022,Analyst
13-1151.00,1.A.4.b.2,Auditory Attention,LV,2.0,8,0.0,2.0,2.0,N,N,08/2022,Analyst
13-1151.00,1.A.4.b.3,Sound Localization,IM,1.0,8,0.0,1.0,1.0,N,,08/2022,Analyst
13-1151.00,1.A.4.b.3,Sound Localization,LV,0.0,8,0.0,0.0,0.0,N,Y,08/2022,Analyst
13-1151.00,1.A.4.b.4,Speech Recognition,IM,4.0,8,0.0,4.0,4.0,N,,08/2022,Analyst
13-1151.00,1.A.4.b.4,Speech Recognition,LV,3.88,8,0.125,3.63,4.12,N,N,08/2022,Analyst
13-1151.00,1.A.4.b.5,Speech Clarity,IM,4.0,8,0.0,4.0,4.0,N,,08/2022,Analyst
13-1151.00,1.A.4.b.5,Speech Clarity,LV,4.5,8,0.189,4.1296,4.8704,N,N,08/2022,Analyst
13-1161.00,1.A.1.a.1,Oral Comprehension,IM,4.0,8,0.0,4.0,4.0,N,,08/2018,Analyst
13-1161.00,1.A.1.a.1,Oral Comprehension,LV,4.5,8,0.189,4.1296,4.8704,N,N,08/2018,Analyst
13-1161.00,1.A.1.a.2,Written Comprehension,IM,4.0,8,0.0,4.0,4.0,N,,08/2018,Analyst
13-1161.00,1.A.1.a.2,Written Comprehension,LV,4.5,8,0.189,4.1296,4.8704,N,N,08/2018,Analyst
13-1161.00,1.A.1.a.3,Oral Expression,IM,4.0,8,0.0,4.0,4.0,N,,08/2018,Analyst
13-1161.00,1.A.1.a.3,Oral Expression,LV,4.5,8,0.189,4.1296,4.8704,N,N,08/2018,Analyst
13-1161.00,1.A.1.a.4,Written Expression,IM,4.0,8,0.0,4.0,4.0,N,,08/2018,Analyst
13-1161.00,1.A.1.a.4,Written Expression,LV,4.5,8,0.189,4.1296,4.8704,N,N,08/2018,Analyst
13-1161.00,1.A.1.b.1,Fluency of Ideas,IM,4.0,8,0.0,4.0,4.0,N,,08/2018,Analyst
13-1161.00,1.A.1.b.1,Fluency of Ideas,LV,4.0,8,0.0,4.0,4.0,N,N,08/2018,Analyst
13-1161.00,1.A.1.b.2,Originality,IM,3.38,8,0.183,3.0164,3.7336,N,,08/2018,Analyst
13-1161.00,1.A.1.b.2,Originality,LV,3.38,8,0.183,3.0164,3.7336,N,N,08/2018,Analyst
13-1161.00,1.A.1.b.3,Problem Sensitivity,IM,3.62,8,0.183,3.2664,3.9836,N,,08/2018,Analyst
13-1161.00,1.A.1.b.3,Problem Sensitivity,LV,3.88,8,0.125,3.63,4.12,N,N,08/2018,Analyst
13-1161.00,1.A.1.b.4,Deductive Reasoning,IM,4.0,8,0.0,4.0,4.0,N,,08/2018,Analyst
13-1161.00,1.A.1.b.4,Deductive Reasoning,LV,4.38,8,0.183,4.0164,4.7336,N,N,08/2018,Analyst
13-1161.00,1.A.1.b.5,Inductive Reasoning,IM,4.12,8,0.125,3.88,4.37,N,,08/2018,Analyst
13-1161.00,1.A.1.b.5,Inductive Reasoning,LV,4.25,8,0.1637,3.9292,4.5708,N,N,08/2018,Analyst
13-1161.00,1.A.1.b.6,Information Ordering,IM,3.88,8,0.125,3.63,4.12,N,,08/2018,Analyst
13-1161.00,1.A.1.b.6,Information Ordering,LV,3.88,8,0.125,3.63,4.12,N,N,08/2018,Analyst
13-1161.00,1.A.1.b.7,Category Flexibility,IM,3.75,8,0.1637,3.4292,4.0708,N,,08/2018,Analyst
13-1161.00,1.A.1.b.7,Category Flexibility,LV,3.75,8,0.1637,3.4292,4.0708,N,N,08/2018,Analyst
13-1161.00,1.A.1.c.1,Mathematical Reasoning,IM,3.38,8,0.183,3.0164,3.7336,N,,08/2018,Analyst
13-1161.00,1.A.1.c.1,Mathematical Reasoning,LV,3.88,8,0.125,3.63,4.12,N,N,08/2018,Analyst
13-1161.00,1.A.1.c.2,Number Facility,IM,3.12,8,0.125,2.88,3.37,N,,08/2018,Analyst
13-1161.00,1.A.1.c.2,Number Facility,LV,3.75,8,0.1637,3.4292,4.0708,N,N,08/2018,Analyst
13-1161.00,1.A.1.d.1,Memorization,IM,2.75,8,0.1637,2.4292,3.0708,N,,08/2018,Analyst
13-1161.00,1.A.1.d.1,Memorization,LV,2.75,8,0.1637,2.4292,3.0708,N,N,08/2018,Analyst
13-1161.00,1.A.1.e.1,Speed of Closure,IM,2.5,8,0.189,2.1296,2.8704,N,,08/2018,Analyst
13-1161.00,1.A.1.e.1,Speed of Closure,LV,2.75,8,0.1637,2.4292,3.0708,N,N,08/2018,Analyst
13-1161.00,1.A.1.e.2,Flexibility of Closure,IM,3.0,8,0.0,3.0,3.0,N,,08/2018,Analyst
13-1161.00,1.A.1.e.2,Flexibility of Closure,LV,3.25,8,0.1637,2.9292,3.5708,N,N,08/2018,Analyst
13-1161.00,1.A.1.e.3,Perceptual Speed,IM,2.75,8,0.1637,2.4292,3.0708,N,,08/2018,Analyst
13-1161.00,1.A.1.e.3,Perceptual Speed,LV,2.88,8,0.125,2.63,3.12,N,N,08/2018,Analyst
13-1161.00,1.A.1.f.1,Spatial Orientation,IM,1.0,8,0.0,1.0,1.0,N,,08/2018,Analyst
13-1161.00,1.A.1.f.1,Spatial Orientation,LV,0.0,8,0.0,0.0,0.0,N,Y,08/2018,Analyst
13-1161.00,1.A.1.f.2,Visualization,IM,2.38,8,0.183,2.0164,2.7336,N,,08/2018,Analyst
13-1161.00,1.A.1.f.2,Visualization,LV,2.62,8,0.183,2.2664,2.9836,N,N,08/2018,Analyst
13-1161.00,1.A.1.g.1,Selective Attention,IM,2.88,8,0.125,2.63,3.12,N,,08/2018,Analyst
13-1161.00,1.A.1.g.1,Selective Attention,LV,2.88,8,0.125,2.63,3.12,N,N,08/2018,Analyst
13-1161.00,1.A.1.g.2,Time Sharing,IM,2.38,8,0.183,2.0164,2.7336,N,,08/2018,Analyst
13-1161.00,1.A.1.g.2,Time Sharing,LV,2.25,8,0.1637,1.9292,2.5708,N,N,08/2018,Analyst
13-1161.00,1.A.2.a.1,Arm-Hand Steadiness,IM,1.12,8,0.125,1.0,1.37,N,,08/2018,Analyst
13-1161.00,1.A.2.a.1,Arm-Hand Steadiness,LV,0.12,8,0.125,0.0,0.37,N,Y,08/2018,Analyst
13-1161.00,1.A.2.a.2,Manual Dexterity,IM,1.12,8,0.125,1.0,1.37,N,,08/2018,Analyst
13-1161.00,1.A.2.a.2,Manual Dexterity,LV,0.12,8,0.125,0.0,0.37,N,Y,08/2018,Analyst
13-1161.00,1.A.2.a.3,Finger Dexterity,IM,1.88,8,0.125,1.63,2.12,N,,08/2018,Analyst
13-1161.00,1.A.2.a.3,Finger Dexterity,LV,1.75,8,0.25,1.26,2.24,N,N,08/2018,Analyst
13-1161.00,1.A.2.b.1,Control Precision,IM,1.0,8,0.0,1.0,1.0,N,,08/2018,Analyst
13-1161.00,1.A.2.b.1,Control Precision,LV,0.0,8,0.0,0.0,0.0,N,Y,08/2018,Analyst
13-1161.00,1.A.2.b.2,Multilimb Coordination,IM,1.0,8,0.0,1.0,1.0,N,,08/2018,Analyst
13-1161.00,1.A.2.b.2,Multilimb Coordination,LV,0.0,8,0.0,0.0,0.0,N,Y,08/2018,Analyst
13-1161.00,1.A.2.b.3,Response Orientation,IM,1.0,8,0.0,1.0,1.0,N,,08/2018,Analyst
13-1161.00,1.A.2.b.3,Response Orientation,LV,0.0,8,0.0,0.0,0.0,N,Y,08/2018,Analyst
13-1161.00,1.A.2.b.4,Rate Control,IM,1.0,8,0.0,1.0,1.0,N,,08/2018,Analyst
13-1161.00,1.A.2.b.4,Rate Control,LV,0.0,8,0.0,0.0,0.0,N,Y,08/2018,Analyst
13-1161.00,1.A.2.c.1,Reaction Time,IM,1.0,8,0.0,1.0,1.0,N,,08/2018,Analyst
13-1161.00,1.A.2.c.1,Reaction Time,LV,0.0,8,0.0,0.0,0.0,N,Y,08/2018,Analyst
13-1161.00,1.A.2.c.2,Wrist-Finger Speed,IM,1.25,8,0.1637,1.0,1.5708,N,,08/2018,Analyst
13-1161.00,1.A.2.c.2,Wrist-Finger Speed,LV,0.38,8,0.2631,0.0,0.8906,N,Y,08/2018,Analyst
13-1161.00,1.A.2.c.3,Speed of Limb Movement,IM,1.0,8,0.0,1.0,1.0,N,,08/2018,Analyst
13-1161.00,1.A.2.c.3,Speed of Limb Movement,LV,0.0,8,0.0,0.0,0.0,N,Y,08/2018,Analyst
13-1161.00,1.A.3.a.1,Static Strength,IM,1.0,8,0.0,1.0,1.0,N,,08/2018,Analyst
13-1161.00,1.A.3.a.1,Static Strength,LV,0.0,8,0.0,0.0,0.0,N,Y,08/2018,Analyst
13-1161.00,1.A.3.a.2,Explosive Strength,IM,1.0,8,0.0,1.0,1.0,N,,08/2018,Analyst
13-1161.00,1.A.3.a.2,Explosive Strength,LV,0.0,8,0.0,0.0,0.0,N,Y,08/2018,Analyst
13-1161.00,1.A.3.a.3,Dynamic Strength,IM,1.0,8,0.0,1.0,1.0,N,,08/2018,Analyst
13-1161.00,1.A.3.a.3,Dynamic Strength,LV,0.0,8,0.0,0.0,0.0,N,Y,08/2018,Analyst
13-1161.00,1.A.3.a.4,Trunk Strength,IM,1.62,8,0.183,1.2664,1.9836,N,,08/2018,Analyst
13-1161.00,1.A.3.a.4,Trunk Strength,LV,1.12,8,0.3504,0.4383,1.8117,N,N,08/2018,Analyst
13-1161.00,1.A.3.b.1,Stamina,IM,1.0,8,0.0,1.0,1.0,N,,08/2018,Analyst
13-1161.00,1.A.3.b.1,Stamina,LV,0.0,8,0.0,0.0,0.0,N,Y,08/2018,Analyst
13-1161.00,1.A.3.c.1,Extent Flexibility,IM,1.0,8,0.0,1.0,1.0,N,,08/2018,Analyst
13-1161.00,1.A.3.c.1,Extent Flexibility,LV,0.0,8,0.0,0.0,0.0,N,Y,08/2018,Analyst
13-1161.00,1.A.3.c.2,Dynamic Flexibility,IM,1.0,8,0.0,1.0,1.0,N,,08/2018,Analyst
13-1161.00,1.A.3.c.2,Dynamic Flexibility,LV,0.0,8,0.0,0.0,0.0,N,Y,08/2018,Analyst
13-1161.00,1.A.3.c.3,Gross Body Coordination,IM,1.0,8,0.0,1.0,1.0,N,,08/2018,Analyst
13-1161.00,1.A.3.c.3,Gross Body Coordination,LV,0.0,8,0.0,0.0,0.0,N,Y,08/2018,Analyst
13-1161.00,1.A.3.c.4,Gross Body Equilibrium,IM,1.0,8,0.0,1.0,1.0,N,,08/2018,Analyst
13-1161.00,1.A.3.c.4,Gross Body Equilibrium,LV,0.0,8,0.0,0.0,0.0,N,Y,08/2018,Analyst
13-1161.00,1.A.4.a.1,Near Vision,IM,3.62,8,0.183,3.2664,3.9836,N,,08/2018,Analyst
13-1161.00,1.A.4.a.1,Near Vision,LV,3.88,8,0.125,3.63,4.12,N,N,08/2018,Analyst
13-1161.00,1.A.4.a.2,Far Vision,IM,2.75,8,0.1637,2.4292,3.0708,N,,08/2018,Analyst
13-1161.00,1.A.4.a.2,Far Vision,LV,2.75,8,0.1637,2.4292,3.0708,N,N,08/2018,Analyst
13-1161.00,1.A.4.a.3,Visual Color Discrimination,IM,2.0,8,0.189,1.6296,2.3704,N,,08/2018,Analyst
13-1161.00,1.A.4.a.3,Visual Color Discrimination,LV,1.75,8,0.25,1.26,2.24,N,N,08/2018,Analyst
13-1161.00,1.A.4.a.4,Night Vision,IM,1.0,8,0.0,1.0,1.0,N,,08/2018,Analyst
13-1161.00,1.A.4.a.4,Night Vision,LV,0.0,8,0.0,0.0,0.0,N,Y,08/2018,Analyst
13-1161.00,1.A.4.a.5,Peripheral Vision,IM,1.0,8,0.0,1.0,1.0,N,,08/2018,Analyst
13-1161.00,1.A.4.a.5,Peripheral Vision,LV,0.0,8,0.0,0.0,0.0,N,Y,08/2018,Analyst
13-1161.00,1.A.4.a.6,Depth Perception,IM,1.75,8,0.1637,1.4292,2.0708,N,,08/2018,Analyst
13-1161.00,1.A.4.a.6,Depth Perception,LV,0.75,8,0.1637,0.4292,1.0708,N,N,08/2018,Analyst
13-1161.00,1.A.4.a.7,Glare Sensitivity,IM,1.0,8,0.0,1.0,1.0,N,,08/2018,Analyst
13-1161.00,1.A.4.a.7,Glare Sensitivity,LV,0.0,8,0.0,0.0,0.0,N,Y,08/2018,Analyst
13-1161.00,1.A.4.b.1,Hearing Sensitivity,IM,1.88,8,0.125,1.63,2.12,N,,08/2018,Analyst
13-1161.00,1.A.4.b.1,Hearing Sensitivity,LV,1.62,8,0.2631,1.1094,2.1406,N,N,08/2018,Analyst
13-1161.00,1.A.4.b.2,Auditory Attention,IM,1.88,8,0.125,1.63,2.12,N,,08/2018,Analyst
13-1161.00,1.A.4.b.2,Auditory Attention,LV,1.75,8,0.25,1.26,2.24,N,N,08/2018,Analyst
13-1161.00,1.A.4.b.3,Sound Localization,IM,1.0,8,0.0,1.0,1.0,N,,08/2018,Analyst
13-1161.00,1.A.4.b.3,Sound Localization,LV,0.0,8,0.0,0.0,0.0,N,Y,08/2018,Analyst
13-1161.00,1.A.4.b.4,Speech Recognition,IM,3.25,8,0.1637,2.9292,3.5708,N,,08/2018,Analyst
13-1161.00,1.A.4.b.4,Speech Recognition,LV,3.75,8,0.25,3.26,4.24,N,N,08/2018,Analyst
13-1161.00,1.A.4.b.5,Speech Clarity,IM,3.75,8,0.1637,3.4292,4.0708,N,,08/2018,Analyst
13-1161.00,1.A.4.b.5,Speech Clarity,LV,3.62,8,0.183,3.2664,3.9836,N,N,08/2018,Analyst
13-1161.01,1.A.1.a.1,Oral Comprehension,IM,4.0,8,0.0,4.0,4.0,N,,08/2021,Analyst
13-1161.01,1.A.1.a.1,Oral Comprehension,LV,4.0,8,0.0,4.0,4.0,N,N,08/2021,Analyst
13-1161.01,1.A.1.a.2,Written Comprehension,IM,4.0,8,0.189,3.6296,4.3704,N,,08/2021,Analyst
13-1161.01,1.A.1.a.2,Written Comprehension,LV,4.0,8,0.0,4.0,4.0,N,N,08/2021,Analyst
13-1161.01,1.A.1.a.3,Oral Expression,IM,4.0,8,0.0,4.0,4.0,N,,08/2021,Analyst
13-1161.01,1.A.1.a.3,Oral Expression,LV,4.12,8,0.125,3.88,4.37,N,N,08/2021,Analyst
13-1161.01,1.A.1.a.4,Written Expression,IM,3.88,8,0.125,3.63,4.12,N,,08/2021,Analyst
13-1161.01,1.A.1.a.4,Written Expression,LV,4.12,8,0.125,3.88,4.37,N,N,08/2021,Analyst
13-1161.01,1.A.1.b.1,Fluency of Ideas,IM,3.88,8,0.125,3.63,4.12,N,,08/2021,Analyst
13-1161.01,1.A.1.b.1,Fluency of Ideas,LV,3.88,8,0.125,3.63,4.12,N,N,08/2021,Analyst
13-1161.01,1.A.1.b.2,Originality,IM,3.25,8,0.1637,2.9292,3.5708,N,,08/2021,Analyst
13-1161.01,1.A.1.b.2,Originality,LV,3.88,8,0.125,3.63,4.12,N,N,08/2021,Analyst
13-1161.01,1.A.1.b.3,Problem Sensitivity,IM,3.88,8,0.125,3.63,4.12,N,,08/2021,Analyst
13-1161.01,1.A.1.b.3,Problem Sensitivity,LV,3.88,8,0.125,3.63,4.12,N,N,08/2021,Analyst
13-1161.01,1.A.1.b.4,Deductive Reasoning,IM,3.88,8,0.125,3.63,4.12,N,,08/2021,Analyst
13-1161.01,1.A.1.b.4,Deductive Reasoning,LV,3.88,8,0.125,3.63,4.12,N,N,08/2021,Analyst
13-1161.01,1.A.1.b.5,Inductive Reasoning,IM,3.75,8,0.1637,3.4292,4.0708,N,,08/2021,Analyst
13-1161.01,1.A.1.b.5,Inductive Reasoning,LV,3.88,8,0.125,3.63,4.12,N,N,08/2021,Analyst
13-1161.01,1.A.1.b.6,Information Ordering,IM,3.75,8,0.1637,3.4292,4.0708,N,,08/2021,Analyst
13-1161.01,1.A.1.b.6,Information Ordering,LV,3.5,8,0.189,3.1296,3.8704,N,N,08/2021,Analyst
13-1161.01,1.A.1.b.7,Category Flexibility,IM,3.5,8,0.189,3.1296,3.8704,N,,08/2021,Analyst
13-1161.01,1.A.1.b.7,Category Flexibility,LV,3.25,8,0.1637,2.9292,3.5708,N,N,08/2021,Analyst
13-1161.01,1.A.1.c.1,Mathematical Reasoning,IM,2.75,8,0.1637,2.4292,3.0708,N,,08/2021,Analyst
13-1161.01,1.A.1.c.1,Mathematical Reasoning,LV,2.88,8,0.125,2.63,3.12,N,N,08/2021,Analyst
13-1161.01,1.A.1.c.2,Number Facility,IM,2.75,8,0.1637,2.4292,3.0708,N,,08/2021,Analyst
13-1161.01,1.A.1.c.2,Number Facility,LV,2.88,8,0.125,2.63,3.12,N,N,08/2021,Analyst
13-1161.01,1.A.1.d.1,Memorization,IM,2.5,8,0.189,2.1296,2.8704,N,,08/2021,Analyst
13-1161.01,1.A.1.d.1,Memorization,LV,2.38,8,0.2631,1.8594,2.8906,N,N,08/2021,Analyst
13-1161.01,1.A.1.e.1,Speed of Closure,IM,2.75,8,0.25,2.26,3.24,N,,08/2021,Analyst
13-1161.01,1.A.1.e.1,Speed of Closure,LV,2.62,8,0.3239,1.9902,3.2598,N,N,08/2021,Analyst
13-1161.01,1.A.1.e.2,Flexibility of Closure,IM,3.12,8,0.125,2.88,3.37,N,,08/2021,Analyst
13-1161.01,1.A.1.e.2,Flexibility of Closure,LV,3.12,8,0.125,2.88,3.37,N,N,08/2021,Analyst
13-1161.01,1.A.1.e.3,Perceptual Speed,IM,2.38,8,0.2631,1.8594,2.8906,N,,08/2021,Analyst
13-1161.01,1.A.1.e.3,Perceptual Speed,LV,2.62,8,0.183,2.2664,2.9836,N,N,08/2021,Analyst
13-1161.01,1.A.1.f.1,Spatial Orientation,IM,1.0,8,0.0,1.0,1.0,N,,08/2021,Analyst
13-1161.01,1.A.1.f.1,Spatial Orientation,LV,0.0,8,0.0,0.0,0.0,N,Y,08/2021,Analyst
13-1161.01,1.A.1.f.2,Visualization,IM,2.12,8,0.125,1.88,2.37,N,,08/2021,Analyst
13-1161.01,1.A.1.f.2,Visualization,LV,2.12,8,0.125,1.88,2.37,N,N,08/2021,Analyst
13-1161.01,1.A.1.g.1,Selective Attention,IM,3.0,8,0.0,3.0,3.0,N,,08/2021,Analyst
13-1161.01,1.A.1.g.1,Selective Attention,LV,3.0,8,0.0,3.0,3.0,N,N,08/2021,Analyst
13-1161.01,1.A.1.g.2,Time Sharing,IM,2.62,8,0.183,2.2664,2.9836,N,,08/2021,Analyst
13-1161.01,1.A.1.g.2,Time Sharing,LV,2.62,8,0.183,2.2664,2.9836,N,N,08/2021,Analyst
13-1161.01,1.A.2.a.1,Arm-Hand Steadiness,IM,1.38,8,0.183,1.0164,1.7336,N,,08/2021,Analyst
13-1161.01,1.A.2.a.1,Arm-Hand Steadiness,LV,0.5,8,0.2673,0.0,1.0238,N,N,08/2021,Analyst
13-1161.01,1.A.2.a.2,Manual Dexterity,IM,1.38,8,0.183,1.0164,1.7336,N,,08/2021,Analyst
13-1161.01,1.A.2.a.2,Manual Dexterity,LV,0.38,8,0.183,0.0164,0.7336,N,N,08/2021,Analyst
13-1161.01,1.A.2.a.3,Finger Dexterity,IM,1.62,8,0.183,1.2664,1.9836,N,,08/2021,Analyst
13-1161.01,1.A.2.a.3,Finger Dexterity,LV,1.25,8,0.366,0.5327,1.9673,N,N,08/2021,Analyst
13-1161.01,1.A.2.b.1,Control Precision,IM,1.38,8,0.183,1.0164,1.7336,N,,08/2021,Analyst
13-1161.01,1.A.2.b.1,Control Precision,LV,0.5,8,0.2673,0.0,1.0238,N,N,08/2021,Analyst
13-1161.01,1.A.2.b.2,Multilimb Coordination,IM,1.0,8,0.0,1.0,1.0,N,,08/2021,Analyst
13-1161.01,1.A.2.b.2,Multilimb Coordination,LV,0.0,8,0.0,0.0,0.0,N,Y,08/2021,Analyst
13-1161.01,1.A.2.b.3,Response Orientation,IM,1.0,8,0.0,1.0,1.0,N,,08/2021,Analyst
13-1161.01,1.A.2.b.3,Response Orientation,LV,0.0,8,0.0,0.0,0.0,N,Y,08/2021,Analyst
13-1161.01,1.A.2.b.4,Rate Control,IM,1.0,8,0.0,1.0,1.0,N,,08/2021,Analyst
13-1161.01,1.A.2.b.4,Rate Control,LV,0.0,8,0.0,0.0,0.0,N,Y,08/2021,Analyst
13-1161.01,1.A.2.c.1,Reaction Time,IM,1.0,8,0.0,1.0,1.0,N,,08/2021,Analyst
13-1161.01,1.A.2.c.1,Reaction Time,LV,0.0,8,0.0,0.0,0.0,N,Y,08/2021,Analyst
13-1161.01,1.A.2.c.2,Wrist-Finger Speed,IM,1.25,8,0.1637,1.0,1.5708,N,,08/2021,Analyst
13-1161.01,1.A.2.c.2,Wrist-Finger Speed,LV,0.25,8,0.1637,0.0,0.5708,N,Y,08/2021,Analyst
13-1161.01,1.A.2.c.3,Speed of Limb Movement,IM,1.0,8,0.0,1.0,1.0,N,,08/2021,Analyst
13-1161.01,1.A.2.c.3,Speed of Limb Movement,LV,0.0,8,0.0,0.0,0.0,N,Y,08/2021,Analyst
13-1161.01,1.A.3.a.1,Static Strength,IM,1.0,8,0.0,1.0,1.0,N,,08/2021,Analyst
13-1161.01,1.A.3.a.1,Static Strength,LV,0.0,8,0.0,0.0,0.0,N,Y,08/2021,Analyst
13-1161.01,1.A.3.a.2,Explosive Strength,IM,1.0,8,0.0,1.0,1.0,N,,08/2021,Analyst
13-1161.01,1.A.3.a.2,Explosive Strength,LV,0.0,8,0.0,0.0,0.0,N,Y,08/2021,Analyst
13-1161.01,1.A.3.a.3,Dynamic Strength,IM,1.0,8,0.0,1.0,1.0,N,,08/2021,Analyst
13-1161.01,1.A.3.a.3,Dynamic Strength,LV,0.0,8,0.0,0.0,0.0,N,Y,08/2021,Analyst
13-1161.01,1.A.3.a.4,Trunk Strength,IM,1.38,8,0.183,1.0164,1.7336,N,,08/2021,Analyst
13-1161.01,1.A.3.a.4,Trunk Strength,LV,0.62,8,0.3239,0.0,1.2598,N,N,08/2021,Analyst
13-1161.01,1.A.3.b.1,Stamina,IM,1.0,8,0.0,1.0,1.0,N,,08/2021,Analyst
13-1161.01,1.A.3.b.1,Stamina,LV,0.0,8,0.0,0.0,0.0,N,Y,08/2021,Analyst
13-1161.01,1.A.3.c.1,Extent Flexibility,IM,1.0,8,0.0,1.0,1.0,N,,08/2021,Analyst
13-1161.01,1.A.3.c.1,Extent Flexibility,LV,0.0,8,0.0,0.0,0.0,N,Y,08/2021,Analyst
13-1161.01,1.A.3.c.2,Dynamic Flexibility,IM,1.0,8,0.0,1.0,1.0,N,,08/2021,Analyst
13-1161.01,1.A.3.c.2,Dynamic Flexibility,LV,0.0,8,0.0,0.0,0.0,N,Y,08/2021,Analyst
13-1161.01,1.A.3.c.3,Gross Body Coordination,IM,1.0,8,0.0,1.0,1.0,N,,08/2021,Analyst
13-1161.01,1.A.3.c.3,Gross Body Coordination,LV,0.0,8,0.0,0.0,0.0,N,Y,08/2021,Analyst
13-1161.01,1.A.3.c.4,Gross Body Equilibrium,IM,1.0,8,0.0,1.0,1.0,N,,08/2021,Analyst
13-1161.01,1.A.3.c.4,Gross Body Equilibrium,LV,0.0,8,0.0,0.0,0.0,N,Y,08/2021,Analyst
13-1161.01,1.A.4.a.1,Near Vision,IM,3.12,8,0.125,2.88,3.37,N,,08/2021,Analyst
13-1161.01,1.A.4.a.1,Near Vision,LV,3.38,8,0.183,3.0164,3.7336,N,N,08/2021,Analyst
13-1161.01,1.A.4.a.2,Far Vision,IM,2.62,8,0.183,2.2664,2.9836,N,,08/2021,Analyst
13-1161.01,1.A.4.a.2,Far Vision,LV,2.75,8,0.1637,2.4292,3.0708,N,N,08/2021,Analyst
13-1161.01,1.A.4.a.3,Visual Color Discrimination,IM,2.0,8,0.0,2.0,2.0,N,,08/2021,Analyst
13-1161.01,1.A.4.a.3,Visual Color Discrimination,LV,2.0,8,0.0,2.0,2.0,N,N,08/2021,Analyst
13-1161.01,1.A.4.a.4,Night Vision,IM,1.0,8,0.0,1.0,1.0,N,,08/2021,Analyst
13-1161.01,1.A.4.a.4,Night Vision,LV,0.0,8,0.0,0.0,0.0,N,Y,08/2021,Analyst
13-1161.01,1.A.4.a.5,Peripheral Vision,IM,1.0,8,0.0,1.0,1.0,N,,08/2021,Analyst
13-1161.01,1.A.4.a.5,Peripheral Vision,LV,0.0,8,0.0,0.0,0.0,N,Y,08/2021,Analyst
13-1161.01,1.A.4.a.6,Depth Perception,IM,1.12,8,0.125,1.0,1.37,N,,08/2021,Analyst
13-1161.01,1.A.4.a.6,Depth Perception,LV,0.12,8,0.125,0.0,0.37,N,Y,08/2021,Analyst
13-1161.01,1.A.4.a.7,Glare Sensitivity,IM,1.0,8,0.0,1.0,1.0,N,,08/2021,Analyst
13-1161.01,1.A.4.a.7,Glare Sensitivity,LV,0.0,8,0.0,0.0,0.0,N,Y,08/2021,Analyst
13-1161.01,1.A.4.b.1,Hearing Sensitivity,IM,1.88,8,0.125,1.63,2.12,N,,08/2021,Analyst
13-1161.01,1.A.4.b.1,Hearing Sensitivity,LV,1.12,8,0.2266,0.6809,1.5691,N,N,08/2021,Analyst
13-1161.01,1.A.4.b.2,Auditory Attention,IM,1.75,8,0.1637,1.4292,2.0708,N,,08/2021,Analyst
13-1161.01,1.A.4.b.2,Auditory Attention,LV,0.75,8,0.1637,0.4292,1.0708,N,N,08/2021,Analyst
13-1161.01,1.A.4.b.3,Sound Localization,IM,1.0,8,0.0,1.0,1.0,N,,08/2021,Analyst
13-1161.01,1.A.4.b.3,Sound Localization,LV,0.0,8,0.0,0.0,0.0,N,Y,08/2021,Analyst
13-1161.01,1.A.4.b.4,Speech Recognition,IM,3.75,8,0.1637,3.4292,4.0708,N,,08/2021,Analyst
13-1161.01,1.A.4.b.4,Speech Recognition,LV,3.88,8,0.125,3.63,4.12,N,N,08/2021,Analyst
13-1161.01,1.A.4.b.5,Speech Clarity,IM,3.75,8,0.1637,3.4292,4.0708,N,,08/2021,Analyst
13-1161.01,1.A.4.b.5,Speech Clarity,LV,3.75,8,0.1637,3.4292,4.0708,N,N,08/2021,Analyst
13-1199.04,1.A.1.a.1,Oral Comprehension,IM,4.0,8,0.0,4.0,4.0,N,,08/2018,Analyst
13-1199.04,1.A.1.a.1,Oral Comprehension,LV,4.0,8,0.0,4.0,4.0,N,N,08/2018,Analyst
13-1199.04,1.A.1.a.2,Written Comprehension,IM,3.88,8,0.125,3.63,4.12,N,,08/2018,Analyst
13-1199.04,1.A.1.a.2,Written Comprehension,LV,4.12,8,0.125,3.88,4.37,N,N,08/2018,Analyst
13-1199.04,1.A.1.a.3,Oral Expression,IM,4.0,8,0.0,4.0,4.0,N,,08/2018,Analyst
13-1199.04,1.A.1.a.3,Oral Expression,LV,4.0,8,0.0,4.0,4.0,N,N,08/2018,Analyst
13-1199.04,1.A.1.a.4,Written Expression,IM,4.0,8,0.0,4.0,4.0,N,,08/2018,Analyst
13-1199.04,1.A.1.a.4,Written Expression,LV,4.62,8,0.183,4.2664,4.9836,N,N,08/2018,Analyst
13-1199.04,1.A.1.b.1,Fluency of Ideas,IM,3.88,8,0.125,3.63,4.12,N,,08/2018,Analyst
13-1199.04,1.A.1.b.1,Fluency of Ideas,LV,4.0,8,0.189,3.6296,4.3704,N,N,08/2018,Analyst
13-1199.04,1.A.1.b.2,Originality,IM,3.88,8,0.125,3.63,4.12,N,,08/2018,Analyst
13-1199.04,1.A.1.b.2,Originality,LV,3.88,8,0.125,3.63,4.12,N,N,08/2018,Analyst
13-1199.04,1.A.1.b.3,Problem Sensitivity,IM,4.12,8,0.125,3.88,4.37,N,,08/2018,Analyst
13-1199.04,1.A.1.b.3,Problem Sensitivity,LV,4.62,8,0.183,4.2664,4.9836,N,N,08/2018,Analyst
13-1199.04,1.A.1.b.4,Deductive Reasoning,IM,3.88,8,0.125,3.63,4.12,N,,08/2018,Analyst
13-1199.04,1.A.1.b.4,Deductive Reasoning,LV,4.5,8,0.189,4.1296,4.8704,N,N,08/2018,Analyst
13-1199.04,1.A.1.b.5,Inductive Reasoning,IM,4.0,8,0.0,4.0,4.0,N,,08/2018,Analyst
13-1199.04,1.A.1.b.5,Inductive Reasoning,LV,4.0,8,0.0,4.0,4.0,N,N,08/2018,Analyst
13-1199.04,1.A.1.b.6,Information Ordering,IM,3.88,8,0.125,3.63,4.12,N,,08/2018,Analyst
13-1199.04,1.A.1.b.6,Information Ordering,LV,3.88,8,0.125,3.63,4.12,N,N,08/2018,Analyst
13-1199.04,1.A.1.b.7,Category Flexibility,IM,3.62,8,0.183,3.2664,3.9836,N,,08/2018,Analyst
13-1199.04,1.A.1.b.7,Category Flexibility,LV,3.75,8,0.1637,3.4292,4.0708,N,N,08/2018,Analyst
13-1199.04,1.A.1.c.1,Mathematical Reasoning,IM,2.75,8,0.1637,2.4292,3.0708,N,,08/2018,Analyst
13-1199.04,1.A.1.c.1,Mathematical Reasoning,LV,3.12,8,0.125,2.88,3.37,N,N,08/2018,Analyst
13-1199.04,1.A.1.c.2,Number Facility,IM,2.75,8,0.1637,2.4292,3.0708,N,,08/2018,Analyst
13-1199.04,1.A.1.c.2,Number Facility,LV,3.12,8,0.125,2.88,3.37,N,N,08/2018,Analyst
13-1199.04,1.A.1.d.1,Memorization,IM,2.5,8,0.189,2.1296,2.8704,N,,08/2018,Analyst
13-1199.04,1.A.1.d.1,Memorization,LV,2.62,8,0.183,2.2664,2.9836,N,N,08/2018,Analyst
13-1199.04,1.A.1.e.1,Speed of Closure,IM,2.75,8,0.1637,2.4292,3.0708,N,,08/2018,Analyst
13-1199.04,1.A.1.e.1,Speed of Closure,LV,2.88,8,0.2266,2.4309,3.3191,N,N,08/2018,Analyst
13-1199.04,1.A.1.e.2,Flexibility of Closure,IM,3.5,8,0.189,3.1296,3.8704,N,,08/2018,Analyst
13-1199.04,1.A.1.e.2,Flexibility of Closure,LV,3.62,8,0.183,3.2664,3.9836,N,N,08/2018,Analyst
13-1199.04,1.A.1.e.3,Perceptual Speed,IM,2.88,8,0.125,2.63,3.12,N,,08/2018,Analyst
13-1199.04,1.A.1.e.3,Perceptual Speed,LV,2.88,8,0.125,2.63,3.12,N,N,08/2018,Analyst
13-1199.04,1.A.1.f.1,Spatial Orientation,IM,1.0,8,0.0,1.0,1.0,N,,08/2018,Analyst
13-1199.04,1.A.1.f.1,Spatial Orientation,LV,0.0,8,0.0,0.0,0.0,N,Y,08/2018,Analyst
13-1199.04,1.A.1.f.2,Visualization,IM,2.62,8,0.183,2.2664,2.9836,N,,08/2018,Analyst
13-1199.04,1.A.1.f.2,Visualization,LV,3.25,8,0.25,2.76,3.74,N,N,08/2018,Analyst
13-1199.04,1.A.1.g.1,Selective Attention,IM,3.0,8,0.0,3.0,3.0,N,,08/2018,Analyst
13-1199.04,1.A.1.g.1,Selective Attention,LV,2.88,8,0.125,2.63,3.12,N,N,08/2018,Analyst
13-1199.04,1.A.1.g.2,Time Sharing,IM,2.62,8,0.183,2.2664,2.9836,N,,08/2018,Analyst
13-1199.04,1.A.1.g.2,Time Sharing,LV,2.38,8,0.183,2.0164,2.7336,N,N,08/2018,Analyst
13-1199.04,1.A.2.a.1,Arm-Hand Steadiness,IM,1.0,8,0.0,1.0,1.0,N,,08/2018,Analyst
13-1199.04,1.A.2.a.1,Arm-Hand Steadiness,LV,0.0,8,0.0,0.0,0.0,N,Y,08/2018,Analyst
13-1199.04,1.A.2.a.2,Manual Dexterity,IM,1.0,8,0.0,1.0,1.0,N,,08/2018,Analyst
13-1199.04,1.A.2.a.2,Manual Dexterity,LV,0.0,8,0.0,0.0,0.0,N,Y,08/2018,Analyst
13-1199.04,1.A.2.a.3,Finger Dexterity,IM,1.75,8,0.3134,1.1358,2.3642,N,,08/2018,Analyst
13-1199.04,1.A.2.a.3,Finger Dexterity,LV,1.0,8,0.378,0.2592,1.7408,N,N,08/2018,Analyst
13-1199.04,1.A.2.b.1,Control Precision,IM,1.0,8,0.0,1.0,1.0,N,,08/2018,Analyst
13-1199.04,1.A.2.b.1,Control Precision,LV,0.0,8,0.0,0.0,0.0,N,Y,08/2018,Analyst
13-1199.04,1.A.2.b.2,Multilimb Coordination,IM,1.0,8,0.0,1.0,1.0,N,,08/2018,Analyst
13-1199.04,1.A.2.b.2,Multilimb Coordination,LV,0.0,8,0.0,0.0,0.0,N,Y,08/2018,Analyst
13-1199.04,1.A.2.b.3,Response Orientation,IM,1.0,8,0.0,1.0,1.0,N,,08/2018,Analyst
13-1199.04,1.A.2.b.3,Response Orientation,LV,0.0,8,0.0,0.0,0.0,N,Y,08/2018,Analyst
13-1199.04,1.A.2.b.4,Rate Control,IM,1.0,8,0.0,1.0,1.0,N,,08/2018,Analyst
13-1199.04,1.A.2.b.4,Rate Control,LV,0.0,8,0.0,0.0,0.0,N,Y,08/2018,Analyst
13-1199.04,1.A.2.c.1,Reaction Time,IM,1.0,8,0.0,1.0,1.0,N,,08/2018,Analyst
13-1199.04,1.A.2.c.1,Reaction Time,LV,0.0,8,0.0,0.0,0.0,N,Y,08/2018,Analyst
13-1199.04,1.A.2.c.2,Wrist-Finger Speed,IM,1.25,8,0.1637,1.0,1.5708,N,,08/2018,Analyst
13-1199.04,1.A.2.c.2,Wrist-Finger Speed,LV,0.38,8,0.2631,0.0,0.8906,N,Y,08/2018,Analyst
13-1199.04,1.A.2.c.3,Speed of Limb Movement,IM,1.0,8,0.0,1.0,1.0,N,,08/2018,Analyst
13-1199.04,1.A.2.c.3,Speed of Limb Movement,LV,0.0,8,0.0,0.0,0.0,N,Y,08/2018,Analyst
13-1199.04,1.A.3.a.1,Static Strength,IM,1.0,8,0.0,1.0,1.0,N,,08/2018,Analyst
13-1199.04,1.A.3.a.1,Static Strength,LV,0.0,8,0.0,0.0,0.0,N,Y,08/2018,Analyst
13-1199.04,1.A.3.a.2,Explosive Strength,IM,1.0,8,0.0,1.0,1.0,N,,08/2018,Analyst
13-1199.04,1.A.3.a.2,Explosive Strength,LV,0.0,8,0.0,0.0,0.0,N,Y,08/2018,Analyst
13-1199.04,1.A.3.a.3,Dynamic Strength,IM,1.0,8,0.0,1.0,1.0,N,,08/2018,Analyst
13-1199.04,1.A.3.a.3,Dynamic Strength,LV,0.0,8,0.0,0.0,0.0,N,Y,08/2018,Analyst
13-1199.04,1.A.3.a.4,Trunk Strength,IM,1.5,8,0.189,1.1296,1.8704,N,,08/2018,Analyst
13-1199.04,1.A.3.a.4,Trunk Strength,LV,0.75,8,0.3134,0.1358,1.3642,N,N,08/2018,Analyst
13-1199.04,1.A.3.b.1,Stamina,IM,1.0,8,0.0,1.0,1.0,N,,08/2018,Analyst
13-1199.04,1.A.3.b.1,Stamina,LV,0.0,8,0.0,0.0,0.0,N,Y,08/2018,Analyst
13-1199.04,1.A.3.c.1,Extent Flexibility,IM,1.0,8,0.0,1.0,1.0,N,,08/2018,Analyst
13-1199.04,1.A.3.c.1,Extent Flexibility,LV,0.0,8,0.0,0.0,0.0,N,Y,08/2018,Analyst
13-1199.04,1.A.3.c.2,Dynamic Flexibility,IM,1.0,8,0.0,1.0,1.0,N,,08/2018,Analyst
13-1199.04,1.A.3.c.2,Dynamic Flexibility,LV,0.0,8,0.0,0.0,0.0,N,Y,08/2018,Analyst
13-1199.04,1.A.3.c.3,Gross Body Coordination,IM,1.0,8,0.0,1.0,1.0,N,,08/2018,Analyst
13-1199.04,1.A.3.c.3,Gross Body Coordination,LV,0.0,8,0.0,0.0,0.0,N,Y,08/2018,Analyst
13-1199.04,1.A.3.c.4,Gross Body Equilibrium,IM,1.0,8,0.0,1.0,1.0,N,,08/2018,Analyst
13-1199.04,1.A.3.c.4,Gross Body Equilibrium,LV,0.0,8,0.0,0.0,0.0,N,Y,08/2018,Analyst
13-1199.04,1.A.4.a.1,Near Vision,IM,3.25,8,0.366,2.5327,3.9673,N,,08/2018,Analyst
13-1199.04,1.A.4.a.1,Near Vision,LV,3.12,8,0.4795,2.1852,4.0648,N,N,08/2018,Analyst
13-1199.04,1.A.4.a.2,Far Vision,IM,2.62,8,0.183,2.2664,2.9836,N,,08/2018,Analyst
13-1199.04,1.A.4.a.2,Far Vision,LV,2.75,8,0.1637,2.4292,3.0708,N,N,08/2018,Analyst
13-1199.04,1.A.4.a.3,Visual Color Discrimination,IM,2.0,8,0.0,2.0,2.0,N,,08/2018,Analyst
13-1199.04,1.A.4.a.3,Visual Color Discrimination,LV,2.0,8,0.0,2.0,2.0,N,N,08/2018,Analyst
13-1199.04,1.A.4.a.4,Night Vision,IM,1.0,8,0.0,1.0,1.0,N,,08/2018,Analyst
13-1199.04,1.A.4.a.4,Night Vision,LV,0.0,8,0.0,0.0,0.0,N,Y,08/2018,Analyst
13-1199.04,1.A.4.a.5,Peripheral Vision,IM,1.0,8,0.0,1.0,1.0,N,,08/2018,Analyst
13-1199.04,1.A.4.a.5,Peripheral Vision,LV,0.0,8,0.0,0.0,0.0,N,Y,08/2018,Analyst
13-1199.04,1.A.4.a.6,Depth Perception,IM,1.88,8,0.125,1.63,2.12,N,,08/2018,Analyst
13-1199.04,1.A.4.a.6,Depth Perception,LV,1.38,8,0.2631,0.8594,1.8906,N,N,08/2018,Analyst
13-1199.04,1.A.4.a.7,Glare Sensitivity,IM,1.0,8,0.0,1.0,1.0,N,,08/2018,Analyst
13-1199.04,1.A.4.a.7,Glare Sensitivity,LV,0.0,8,0.0,0.0,0.0,N,Y,08/2018,Analyst
13-1199.04,1.A.4.b.1,Hearing Sensitivity,IM,2.0,8,0.0,2.0,2.0,N,,08/2018,Analyst
13-1199.04,1.A.4.b.1,Hearing Sensitivity,LV,1.75,8,0.1637,1.4292,2.0708,N,N,08/2018,Analyst
13-1199.04,1.A.4.b.2,Auditory Attention,IM,2.0,8,0.0,2.0,2.0,N,,08/2018,Analyst
13-1199.04,1.A.4.b.2,Auditory Attention,LV,1.88,8,0.125,1.63,2.12,N,N,08/2018,Analyst
13-1199.04,1.A.4.b.3,Sound Localization,IM,1.0,8,0.0,1.0,1.0,N,,08/2018,Analyst
13-1199.04,1.A.4.b.3,Sound Localization,LV,0.0,8,0.0,0.0,0.0,N,Y,08/2018,Analyst
13-1199.04,1.A.4.b.4,Speech Recognition,IM,3.62,8,0.183,3.2664,3.9836,N,,08/2018,Analyst
13-1199.04,1.A.4.b.4,Speech Recognition,LV,3.75,8,0.1637,3.4292,4.0708,N,N,08/2018,Analyst
13-1199.04,1.A.4.b.5,Speech Clarity,IM,3.62,8,0.183,3.2664,3.9836,N,,08/2018,Analyst
13-1199.04,1.A.4.b.5,Speech Clarity,LV,3.88,8,0.125,3.63,4.12,N,N,08/2018,Analyst
13-1199.05,1.A.1.a.1,Oral Comprehension,IM,3.88,8,0.125,3.63,4.12,N,,08/2020,Analyst
13-1199.05,1.A.1.a.1,Oral Comprehension,LV,4.0,8,0.0,4.0,4.0,N,N,08/2020,Analyst
13-1199.05,1.A.1.a.2,Written Comprehension,IM,4.0,8,0.0,4.0,4.0,N,,08/2020,Analyst
13-1199.05,1.A.1.a.2,Written Comprehension,LV,4.12,8,0.125,3.88,4.37,N,N,08/2020,Analyst
13-1199.05,1.A.1.a.3,Oral Expression,IM,3.88,8,0.125,3.63,4.12,N,,08/2020,Analyst
13-1199.05,1.A.1.a.3,Oral Expression,LV,4.0,8,0.0,4.0,4.0,N,N,08/2020,Analyst
13-1199.05,1.A.1.a.4,Written Expression,IM,4.0,8,0.0,4.0,4.0,N,,08/2020,Analyst
13-1199.05,1.A.1.a.4,Written Expression,LV,4.12,8,0.125,3.88,4.37,N,N,08/2020,Analyst
13-1199.05,1.A.1.b.1,Fluency of Ideas,IM,3.38,8,0.183,3.0164,3.7336,N,,08/2020,Analyst
13-1199.05,1.A.1.b.1,Fluency of Ideas,LV,3.5,8,0.189,3.1296,3.8704,N,N,08/2020,Analyst
13-1199.05,1.A.1.b.2,Originality,IM,3.5,8,0.189,3.1296,3.8704,N,,08/2020,Analyst
13-1199.05,1.A.1.b.2,Originality,LV,3.62,8,0.183,3.2664,3.9836,N,N,08/2020,Analyst
13-1199.05,1.A.1.b.3,Problem Sensitivity,IM,3.62,8,0.183,3.2664,3.9836,N,,08/2020,Analyst
13-1199.05,1.A.1.b.3,Problem Sensitivity,LV,3.88,8,0.125,3.63,4.12,N,N,08/2020,Analyst
13-1199.05,1.A.1.b.4,Deductive Reasoning,IM,3.75,8,0.1637,3.4292,4.0708,N,,08/2020,Analyst
13-1199.05,1.A.1.b.4,Deductive Reasoning,LV,4.0,8,0.189,3.6296,4.3704,N,N,08/2020,Analyst
13-1199.05,1.A.1.b.5,Inductive Reasoning,IM,3.75,8,0.1637,3.4292,4.0708,N,,08/2020,Analyst
13-1199.05,1.A.1.b.5,Inductive Reasoning,LV,3.88,8,0.125,3.63,4.12,N,N,08/2020,Analyst
13-1199.05,1.A.1.b.6,Information Ordering,IM,3.5,8,0.189,3.1296,3.8704,N,,08/2020,Analyst
13-1199.05,1.A.1.b.6,Information Ordering,LV,3.12,8,0.125,2.88,3.37,N,N,08/2020,Analyst
13-1199.05,1.A.1.b.7,Category Flexibility,IM,3.25,8,0.1637,2.9292,3.5708,N,,08/2020,Analyst
13-1199.05,1.A.1.b.7,Category Flexibility,LV,3.25,8,0.1637,2.9292,3.5708,N,N,08/2020,Analyst
13-1199.05,1.A.1.c.1,Mathematical Reasoning,IM,3.0,8,0.0,3.0,3.0,N,,08/2020,Analyst
13-1199.05,1.A.1.c.1,Mathematical Reasoning,LV,3.0,8,0.0,3.0,3.0,N,N,08/2020,Analyst
13-1199.05,1.A.1.c.2,Number Facility,IM,2.88,8,0.125,2.63,3.12,N,,08/2020,Analyst
13-1199.05,1.A.1.c.2,Number Facility,LV,2.88,8,0.125,2.63,3.12,N,N,08/2020,Analyst
13-1199.05,1.A.1.d.1,Memorization,IM,2.12,8,0.125,1.88,2.37,N,,08/2020,Analyst
13-1199.05,1.A.1.d.1,Memorization,LV,2.25,8,0.1637,1.9292,2.5708,N,N,08/2020,Analyst
13-1199.05,1.A.1.e.1,Speed of Closure,IM,2.38,8,0.183,2.0164,2.7336,N,,08/2020,Analyst
13-1199.05,1.A.1.e.1,Speed of Closure,LV,2.25,8,0.1637,1.9292,2.5708,N,N,08/2020,Analyst
13-1199.05,1.A.1.e.2,Flexibility of Closure,IM,2.88,8,0.125,2.63,3.12,N,,08/2020,Analyst
13-1199.05,1.A.1.e.2,Flexibility of Closure,LV,3.12,8,0.125,2.88,3.37,N,N,08/2020,Analyst
13-1199.05,1.A.1.e.3,Perceptual Speed,IM,2.88,8,0.125,2.63,3.12,N,,08/2020,Analyst
13-1199.05,1.A.1.e.3,Perceptual Speed,LV,2.88,8,0.125,2.63,3.12,N,N,08/2020,Analyst
13-1199.05,1.A.1.f.1,Spatial Orientation,IM,1.12,8,0.125,1.0,1.37,N,,08/2020,Analyst
13-1199.05,1.A.1.f.1,Spatial Orientation,LV,0.12,8,0.125,0.0,0.37,N,Y,08/2020,Analyst
13-1199.05,1.A.1.f.2,Visualization,IM,2.5,8,0.189,2.1296,2.8704,N,,08/2020,Analyst
13-1199.05,1.A.1.f.2,Visualization,LV,2.62,8,0.183,2.2664,2.9836,N,N,08/2020,Analyst
13-1199.05,1.A.1.g.1,Selective Attention,IM,2.62,8,0.183,2.2664,2.9836,N,,08/2020,Analyst
13-1199.05,1.A.1.g.1,Selective Attention,LV,2.75,8,0.1637,2.4292,3.0708,N,N,08/2020,Analyst
13-1199.05,1.A.1.g.2,Time Sharing,IM,2.38,8,0.183,2.0164,2.7336,N,,08/2020,Analyst
13-1199.05,1.A.1.g.2,Time Sharing,LV,2.62,8,0.183,2.2664,2.9836,N,N,08/2020,Analyst
13-1199.05,1.A.2.a.1,Arm-Hand Steadiness,IM,1.0,8,0.0,1.0,1.0,N,,08/2020,Analyst
13-1199.05,1.A.2.a.1,Arm-Hand Steadiness,LV,0.0,8,0.0,0.0,0.0,N,Y,08/2020,Analyst
13-1199.05,1.A.2.a.2,Manual Dexterity,IM,1.0,8,0.0,1.0,1.0,N,,08/2020,Analyst
13-1199.05,1.A.2.a.2,Manual Dexterity,LV,0.0,8,0.0,0.0,0.0,N,Y,08/2020,Analyst
13-1199.05,1.A.2.a.3,Finger Dexterity,IM,1.75,8,0.1637,1.4292,2.0708,N,,08/2020,Analyst
13-1199.05,1.A.2.a.3,Finger Dexterity,LV,1.12,8,0.295,0.5467,1.7033,N,N,08/2020,Analyst
13-1199.05,1.A.2.b.1,Control Precision,IM,1.0,8,0.0,1.0,1.0,N,,08/2020,Analyst
13-1199.05,1.A.2.b.1,Control Precision,LV,0.0,8,0.0,0.0,0.0,N,Y,08/2020,Analyst
13-1199.05,1.A.2.b.2,Multilimb Coordination,IM,1.0,8,0.0,1.0,1.0,N,,08/2020,Analyst
13-1199.05,1.A.2.b.2,Multilimb Coordination,LV,0.0,8,0.0,0.0,0.0,N,Y,08/2020,Analyst
13-1199.05,1.A.2.b.3,Response Orientation,IM,1.0,8,0.0,1.0,1.0,N,,08/2020,Analyst
13-1199.05,1.A.2.b.3,Response Orientation,LV,0.0,8,0.0,0.0,0.0,N,Y,08/2020,Analyst
13-1199.05,1.A.2.b.4,Rate Control,IM,1.0,8,0.0,1.0,1.0,N,,08/2020,Analyst
13-1199.05,1.A.2.b.4,Rate Control,LV,0.0,8,0.0,0.0,0.0,N,Y,08/2020,Analyst
13-1199.05,1.A.2.c.1,Reaction Time,IM,1.0,8,0.0,1.0,1.0,N,,08/2020,Analyst
13-1199.05,1.A.2.c.1,Reaction Time,LV,0.0,8,0.0,0.0,0.0,N,Y,08/2020,Analyst
13-1199.05,1.A.2.c.2,Wrist-Finger Speed,IM,1.38,8,0.183,1.0164,1.7336,N,,08/2020,Analyst
13-1199.05,1.A.2.c.2,Wrist-Finger Speed,LV,0.5,8,0.2673,0.0,1.0238,N,N,08/2020,Analyst
13-1199.05,1.A.2.c.3,Speed of Limb Movement,IM,1.0,8,0.0,1.0,1.0,N,,08/2020,Analyst
13-1199.05,1.A.2.c.3,Speed of Limb Movement,LV,0.0,8,0.0,0.0,0.0,N,Y,08/2020,Analyst
13-1199.05,1.A.3.a.1,Static Strength,IM,1.0,8,0.0,1.0,1.0,N,,08/2020,Analyst
13-1199.05,1.A.3.a.1,Static Strength,LV,0.0,8,0.0,0.0,0.0,N,Y,08/2020,Analyst
13-1199.05,1.A.3.a.2,Explosive Strength,IM,1.0,8,0.0,1.0,1.0,N,,08/2020,Analyst
13-1199.05,1.A.3.a.2,Explosive Strength,LV,0.0,8,0.0,0.0,0.0,N,Y,08/2020,Analyst
13-1199.05,1.A.3.a.3,Dynamic Strength,IM,1.0,8,0.0,1.0,1.0,N,,08/2020,Analyst
13-1199.05,1.A.3.a.3,Dynamic Strength,LV,0.0,8,0.0,0.0,0.0,N,Y,08/2020,Analyst
13-1199.05,1.A.3.a.4,Trunk Strength,IM,1.62,8,0.183,1.2664,1.9836,N,,08/2020,Analyst
13-1199.05,1.A.3.a.4,Trunk Strength,LV,1.12,8,0.3504,0.4383,1.8117,N,N,08/2020,Analyst
13-1199.05,1.A.3.b.1,Stamina,IM,1.0,8,0.0,1.0,1.0,N,,08/2020,Analyst
13-1199.05,1.A.3.b.1,Stamina,LV,0.0,8,0.0,0.0,0.0,N,Y,08/2020,Analyst
13-1199.05,1.A.3.c.1,Extent Flexibility,IM,1.0,8,0.0,1.0,1.0,N,,08/2020,Analyst
13-1199.05,1.A.3.c.1,Extent Flexibility,LV,0.0,8,0.0,0.0,0.0,N,Y,08/2020,Analyst
13-1199.05,1.A.3.c.2,Dynamic Flexibility,IM,1.0,8,0.0,1.0,1.0,N,,08/2020,Analyst
13-1199.05,1.A.3.c.2,Dynamic Flexibility,LV,0.0,8,0.0,0.0,0.0,N,Y,08/2020,Analyst
13-1199.05,1.A.3.c.3,Gross Body Coordination,IM,1.0,8,0.0,1.0,1.0,N,,08/2020,Analyst
13-1199.05,1.A.3.c.3,Gross Body Coordination,LV,0.0,8,0.0,0.0,0.0,N,Y,08/2020,Analyst
13-1199.05,1.A.3.c.4,Gross Body Equilibrium,IM,1.0,8,0.0,1.0,1.0,N,,08/2020,Analyst
13-1199.05,1.A.3.c.4,Gross Body Equilibrium,LV,0.0,8,0.0,0.0,0.0,N,Y,08/2020,Analyst
13-1199.05,1.A.4.a.1,Near Vision,IM,3.12,8,0.125,2.88,3.37,N,,08/2020,Analyst
13-1199.05,1.A.4.a.1,Near Vision,LV,3.25,8,0.1637,2.9292,3.5708,N,N,08/2020,Analyst
13-1199.05,1.A.4.a.2,Far Vision,IM,2.88,8,0.125,2.63,3.12,N,,08/2020,Analyst
13-1199.05,1.A.4.a.2,Far Vision,LV,3.0,8,0.0,3.0,3.0,N,N,08/2020,Analyst
13-1199.05,1.A.4.a.3,Visual Color Discrimination,IM,2.12,8,0.2266,1.6809,2.5691,N,,08/2020,Analyst
13-1199.05,1.A.4.a.3,Visual Color Discrimination,LV,1.88,8,0.295,1.2967,2.4533,N,N,08/2020,Analyst
13-1199.05,1.A.4.a.4,Night Vision,IM,1.0,8,0.0,1.0,1.0,N,,08/2020,Analyst
13-1199.05,1.A.4.a.4,Night Vision,LV,0.0,8,0.0,0.0,0.0,N,Y,08/2020,Analyst
13-1199.05,1.A.4.a.5,Peripheral Vision,IM,1.0,8,0.0,1.0,1.0,N,,08/2020,Analyst
13-1199.05,1.A.4.a.5,Peripheral Vision,LV,0.0,8,0.0,0.0,0.0,N,Y,08/2020,Analyst
13-1199.05,1.A.4.a.6,Depth Perception,IM,1.62,8,0.183,1.2664,1.9836,N,,08/2020,Analyst
13-1199.05,1.A.4.a.6,Depth Perception,LV,0.62,8,0.183,0.2664,0.9836,N,N,08/2020,Analyst
13-1199.05,1.A.4.a.7,Glare Sensitivity,IM,1.0,8,0.0,1.0,1.0,N,,08/2020,Analyst
13-1199.05,1.A.4.a.7,Glare Sensitivity,LV,0.0,8,0.0,0.0,0.0,N,Y,08/2020,Analyst
13-1199.05,1.A.4.b.1,Hearing Sensitivity,IM,2.0,8,0.189,1.6296,2.3704,N,,08/2020,Analyst
13-1199.05,1.A.4.b.1,Hearing Sensitivity,LV,1.75,8,0.25,1.26,2.24,N,N,08/2020,Analyst
13-1199.05,1.A.4.b.2,Auditory Attention,IM,2.0,8,0.0,2.0,2.0,N,,08/2020,Analyst
13-1199.05,1.A.4.b.2,Auditory Attention,LV,2.0,8,0.0,2.0,2.0,N,N,08/2020,Analyst
13-1199.05,1.A.4.b.3,Sound Localization,IM,1.0,8,0.0,1.0,1.0,N,,08/2020,Analyst
13-1199.05,1.A.4.b.3,Sound Localization,LV,0.0,8,0.0,0.0,0.0,N,Y,08/2020,Analyst
13-1199.05,1.A.4.b.4,Speech Recognition,IM,3.38,8,0.183,3.0164,3.7336,N,,08/2020,Analyst
13-1199.05,1.A.4.b.4,Speech Recognition,LV,3.38,8,0.183,3.0164,3.7336,N,N,08/2020,Analyst
13-1199.05,1.A.4.b.5,Speech Clarity,IM,3.62,8,0.183,3.2664,3.9836,N,,08/2020,Analyst
13-1199.05,1.A.4.b.5,Speech Clarity,LV,3.62,8,0.183,3.2664,3.9836,N,N,08/2020,Analyst
13-1199.06,1.A.1.a.1,Oral Comprehension,IM,3.38,8,0.183,3.0164,3.7336,N,,07/2014,Analyst
13-1199.06,1.A.1.a.1,Oral Comprehension,LV,3.88,8,0.125,3.63,4.12,N,N,07/2014,Analyst
13-1199.06,1.A.1.a.2,Written Comprehension,IM,3.75,8,0.1637,3.4292,4.0708,N,,07/2014,Analyst
13-1199.06,1.A.1.a.2,Written Comprehension,LV,3.62,8,0.183,3.2664,3.9836,N,N,07/2014,Analyst
13-1199.06,1.A.1.a.3,Oral Expression,IM,3.5,8,0.189,3.1296,3.8704,N,,07/2014,Analyst
13-1199.06,1.A.1.a.3,Oral Expression,LV,3.75,8,0.1637,3.4292,4.0708,N,N,07/2014,Analyst
13-1199.06,1.A.1.a.4,Written Expression,IM,3.5,8,0.189,3.1296,3.8704,N,,07/2014,Analyst
13-1199.06,1.A.1.a.4,Written Expression,LV,3.62,8,0.183,3.2664,3.9836,N,N,07/2014,Analyst
13-1199.06,1.A.1.b.1,Fluency of Ideas,IM,3.0,8,0.0,3.0,3.0,N,,07/2014,Analyst
13-1199.06,1.A.1.b.1,Fluency of Ideas,LV,3.38,8,0.183,3.0164,3.7336,N,N,07/2014,Analyst
13-1199.06,1.A.1.b.2,Originality,IM,2.75,8,0.1637,2.4292,3.0708,N,,07/2014,Analyst
13-1199.06,1.A.1.b.2,Originality,LV,2.88,8,0.125,2.63,3.12,N,N,07/2014,Analyst
13-1199.06,1.A.1.b.3,Problem Sensitivity,IM,3.5,8,0.189,3.1296,3.8704,N,,07/2014,Analyst
13-1199.06,1.A.1.b.3,Problem Sensitivity,LV,3.0,8,0.189,2.6296,3.3704,N,N,07/2014,Analyst
13-1199.06,1.A.1.b.4,Deductive Reasoning,IM,3.38,8,0.183,3.0164,3.7336,N,,07/2014,Analyst
13-1199.06,1.A.1.b.4,Deductive Reasoning,LV,3.62,8,0.183,3.2664,3.9836,N,N,07/2014,Analyst
13-1199.06,1.A.1.b.5,Inductive Reasoning,IM,3.25,8,0.1637,2.9292,3.5708,N,,07/2014,Analyst
13-1199.06,1.A.1.b.5,Inductive Reasoning,LV,3.38,8,0.183,3.0164,3.7336,N,N,07/2014,Analyst
13-1199.06,1.A.1.b.6,Information Ordering,IM,3.12,8,0.125,2.88,3.37,N,,07/2014,Analyst
13-1199.06,1.A.1.b.6,Information Ordering,LV,3.25,8,0.1637,2.9292,3.5708,N,N,07/2014,Analyst
13-1199.06,1.A.1.b.7,Category Flexibility,IM,3.0,8,0.0,3.0,3.0,N,,07/2014,Analyst
13-1199.06,1.A.1.b.7,Category Flexibility,LV,3.12,8,0.125,2.88,3.37,N,N,07/2014,Analyst
13-1199.06,1.A.1.c.1,Mathematical Reasoning,IM,3.0,8,0.0,3.0,3.0,N,,07/2014,Analyst
13-1199.06,1.A.1.c.1,Mathematical Reasoning,LV,3.38,8,0.183,3.0164,3.7336,N,N,07/2014,Analyst
13-1199.06,1.A.1.c.2,Number Facility,IM,3.0,8,0.0,3.0,3.0,N,,07/2014,Analyst
13-1199.06,1.A.1.c.2,Number Facility,LV,3.25,8,0.1637,2.9292,3.5708,N,N,07/2014,Analyst
13-1199.06,1.A.1.d.1,Memorization,IM,2.25,8,0.1637,1.9292,2.5708,N,,07/2014,Analyst
13-1199.06,1.A.1.d.1,Memorization,LV,2.38,8,0.183,2.0164,2.7336,N,N,07/2014,Analyst
13-1199.06,1.A.1.e.1,Speed of Closure,IM,2.12,8,0.125,1.88,2.37,N,,07/2014,Analyst
13-1199.06,1.A.1.e.1,Speed of Closure,LV,2.25,8,0.1637,1.9292,2.5708,N,N,07/2014,Analyst
13-1199.06,1.A.1.e.2,Flexibility of Closure,IM,2.25,8,0.1637,1.9292,2.5708,N,,07/2014,Analyst
13-1199.06,1.A.1.e.2,Flexibility of Closure,LV,2.62,8,0.3239,1.9902,3.2598,N,N,07/2014,Analyst
13-1199.06,1.A.1.e.3,Perceptual Speed,IM,2.25,8,0.1637,1.9292,2.5708,N,,07/2014,Analyst
13-1199.06,1.A.1.e.3,Perceptual Speed,LV,2.38,8,0.183,2.0164,2.7336,N,N,07/2014,Analyst
13-1199.06,1.A.1.f.1,Spatial Orientation,IM,1.12,8,0.125,1.0,1.37,N,,07/2014,Analyst
13-1199.06,1.A.1.f.1,Spatial Orientation,LV,0.12,8,0.125,0.0,0.37,N,Y,07/2014,Analyst
13-1199.06,1.A.1.f.2,Visualization,IM,2.5,8,0.189,2.1296,2.8704,N,,07/2014,Analyst
13-1199.06,1.A.1.f.2,Visualization,LV,2.38,8,0.2631,1.8594,2.8906,N,N,07/2014,Analyst
13-1199.06,1.A.1.g.1,Selective Attention,IM,2.62,8,0.2631,2.1094,3.1406,N,,07/2014,Analyst
13-1199.06,1.A.1.g.1,Selective Attention,LV,2.38,8,0.375,1.64,3.11,N,N,07/2014,Analyst
13-1199.06,1.A.1.g.2,Time Sharing,IM,2.12,8,0.2266,1.6809,2.5691,N,,07/2014,Analyst
13-1199.06,1.A.1.g.2,Time Sharing,LV,2.0,8,0.3273,1.3584,2.6416,N,N,07/2014,Analyst
13-1199.06,1.A.2.a.1,Arm-Hand Steadiness,IM,1.12,8,0.125,1.0,1.37,N,,07/2014,Analyst
13-1199.06,1.A.2.a.1,Arm-Hand Steadiness,LV,0.12,8,0.125,0.0,0.37,N,Y,07/2014,Analyst
13-1199.06,1.A.2.a.2,Manual Dexterity,IM,1.38,8,0.183,1.0164,1.7336,N,,07/2014,Analyst
13-1199.06,1.A.2.a.2,Manual Dexterity,LV,0.5,8,0.2673,0.0,1.0238,N,N,07/2014,Analyst
13-1199.06,1.A.2.a.3,Finger Dexterity,IM,2.38,8,0.183,2.0164,2.7336,N,,07/2014,Analyst
13-1199.06,1.A.2.a.3,Finger Dexterity,LV,2.25,8,0.1637,1.9292,2.5708,N,N,07/2014,Analyst
13-1199.06,1.A.2.b.1,Control Precision,IM,1.0,8,0.0,1.0,1.0,N,,07/2014,Analyst
13-1199.06,1.A.2.b.1,Control Precision,LV,0.0,8,0.0,0.0,0.0,N,Y,07/2014,Analyst
13-1199.06,1.A.2.b.2,Multilimb Coordination,IM,1.12,8,0.125,1.0,1.37,N,,07/2014,Analyst
13-1199.06,1.A.2.b.2,Multilimb Coordination,LV,0.25,8,0.25,0.0,0.74,N,Y,07/2014,Analyst
13-1199.06,1.A.2.b.3,Response Orientation,IM,1.0,8,0.0,1.0,1.0,N,,07/2014,Analyst
13-1199.06,1.A.2.b.3,Response Orientation,LV,0.0,8,0.0,0.0,0.0,N,Y,07/2014,Analyst
13-1199.06,1.A.2.b.4,Rate Control,IM,1.0,8,0.0,1.0,1.0,N,,07/2014,Analyst
13-1199.06,1.A.2.b.4,Rate Control,LV,0.0,8,0.0,0.0,0.0,N,Y,07/2014,Analyst
13-1199.06,1.A.2.c.1,Reaction Time,IM,1.0,8,0.0,1.0,1.0,N,,07/2014,Analyst
13-1199.06,1.A.2.c.1,Reaction Time,LV,0.0,8,0.0,0.0,0.0,N,Y,07/2014,Analyst
13-1199.06,1.A.2.c.2,Wrist-Finger Speed,IM,1.25,8,0.1637,1.0,1.5708,N,,07/2014,Analyst
13-1199.06,1.A.2.c.2,Wrist-Finger Speed,LV,0.38,8,0.2631,0.0,0.8906,N,Y,07/2014,Analyst
13-1199.06,1.A.2.c.3,Speed of Limb Movement,IM,1.0,8,0.0,1.0,1.0,N,,07/2014,Analyst
13-1199.06,1.A.2.c.3,Speed of Limb Movement,LV,0.0,8,0.0,0.0,0.0,N,Y,07/2014,Analyst
13-1199.06,1.A.3.a.1,Static Strength,IM,1.25,8,0.1637,1.0,1.5708,N,,07/2014,Analyst
13-1199.06,1.A.3.a.1,Static Strength,LV,0.25,8,0.1637,0.0,0.5708,N,Y,07/2014,Analyst
13-1199.06,1.A.3.a.2,Explosive Strength,IM,1.0,8,0.0,1.0,1.0,N,,07/2014,Analyst
13-1199.06,1.A.3.a.2,Explosive Strength,LV,0.0,8,0.0,0.0,0.0,N,Y,07/2014,Analyst
13-1199.06,1.A.3.a.3,Dynamic Strength,IM,1.0,8,0.0,1.0,1.0,N,,07/2014,Analyst
13-1199.06,1.A.3.a.3,Dynamic Strength,LV,0.0,8,0.0,0.0,0.0,N,Y,07/2014,Analyst
13-1199.06,1.A.3.a.4,Trunk Strength,IM,1.38,8,0.183,1.0164,1.7336,N,,07/2014,Analyst
13-1199.06,1.A.3.a.4,Trunk Strength,LV,0.62,8,0.3239,0.0,1.2598,N,N,07/2014,Analyst
13-1199.06,1.A.3.b.1,Stamina,IM,1.0,8,0.0,1.0,1.0,N,,07/2014,Analyst
13-1199.06,1.A.3.b.1,Stamina,LV,0.0,8,0.0,0.0,0.0,N,Y,07/2014,Analyst
13-1199.06,1.A.3.c.1,Extent Flexibility,IM,1.12,8,0.125,1.0,1.37,N,,07/2014,Analyst
13-1199.06,1.A.3.c.1,Extent Flexibility,LV,0.12,8,0.125,0.0,0.37,N,Y,07/2014,Analyst
13-1199.06,1.A.3.c.2,Dynamic Flexibility,IM,1.12,8,0.125,1.0,1.37,N,,07/2014,Analyst
13-1199.06,1.A.3.c.2,Dynamic Flexibility,LV,0.12,8,0.125,0.0,0.37,N,Y,07/2014,Analyst
13-1199.06,1.A.3.c.3,Gross Body Coordination,IM,1.0,8,0.0,1.0,1.0,N,,07/2014,Analyst
13-1199.06,1.A.3.c.3,Gross Body Coordination,LV,0.0,8,0.0,0.0,0.0,N,Y,07/2014,Analyst
13-1199.06,1.A.3.c.4,Gross Body Equilibrium,IM,1.0,8,0.0,1.0,1.0,N,,07/2014,Analyst
13-1199.06,1.A.3.c.4,Gross Body Equilibrium,LV,0.0,8,0.0,0.0,0.0,N,Y,07/2014,Analyst
13-1199.06,1.A.4.a.1,Near Vision,IM,3.38,8,0.183,3.0164,3.7336,N,,07/2014,Analyst
13-1199.06,1.A.4.a.1,Near Vision,LV,3.5,8,0.189,3.1296,3.8704,N,N,07/2014,Analyst
13-1199.06,1.A.4.a.2,Far Vision,IM,2.25,8,0.1637,1.9292,2.5708,N,,07/2014,Analyst
13-1199.06,1.A.4.a.2,Far Vision,LV,2.25,8,0.3134,1.6358,2.8642,N,N,07/2014,Analyst
13-1199.06,1.A.4.a.3,Visual Color Discrimination,IM,2.12,8,0.2266,1.6809,2.5691,N,,07/2014,Analyst
13-1199.06,1.A.4.a.3,Visual Color Discrimination,LV,2.0,8,0.3273,1.3584,2.6416,N,N,07/2014,Analyst
13-1199.06,1.A.4.a.4,Night Vision,IM,1.0,8,0.0,1.0,1.0,N,,07/2014,Analyst
13-1199.06,1.A.4.a.4,Night Vision,LV,0.0,8,0.0,0.0,0.0,N,Y,07/2014,Analyst
13-1199.06,1.A.4.a.5,Peripheral Vision,IM,1.0,8,0.0,1.0,1.0,N,,07/2014,Analyst
13-1199.06,1.A.4.a.5,Peripheral Vision,LV,0.0,8,0.0,0.0,0.0,N,Y,07/2014,Analyst
13-1199.06,1.A.4.a.6,Depth Perception,IM,1.62,8,0.183,1.2664,1.9836,N,,07/2014,Analyst
13-1199.06,1.A.4.a.6,Depth Perception,LV,0.88,8,0.295,0.2967,1.4533,N,N,07/2014,Analyst
13-1199.06,1.A.4.a.7,Glare Sensitivity,IM,1.0,8,0.0,1.0,1.0,N,,07/2014,Analyst
13-1199.06,1.A.4.a.7,Glare Sensitivity,LV,0.0,8,0.0,0.0,0.0,N,Y,07/2014,Analyst
13-1199.06,1.A.4.b.1,Hearing Sensitivity,IM,1.88,8,0.2266,1.4309,2.3191,N,,07/2014,Analyst
13-1199.06,1.A.4.b.1,Hearing Sensitivity,LV,1.38,8,0.3239,0.7402,2.0098,N,N,07/2014,Analyst
13-1199.06,1.A.4.b.2,Auditory Attention,IM,1.62,8,0.183,1.2664,1.9836,N,,07/2014,Analyst
13-1199.06,1.A.4.b.2,Auditory Attention,LV,0.88,8,0.295,0.2967,1.4533,N,N,07/2014,Analyst
13-1199.06,1.A.4.b.3,Sound Localization,IM,1.0,8,0.0,1.0,1.0,N,,07/2014,Analyst
13-1199.06,1.A.4.b.3,Sound Localization,LV,0.0,8,0.0,0.0,0.0,N,Y,07/2014,Analyst
13-1199.06,1.A.4.b.4,Speech Recognition,IM,3.38,8,0.183,3.0164,3.7336,N,,07/2014,Analyst
13-1199.06,1.A.4.b.4,Speech Recognition,LV,3.5,8,0.189,3.1296,3.8704,N,N,07/2014,Analyst
13-1199.06,1.A.4.b.5,Speech Clarity,IM,3.38,8,0.183,3.0164,3.7336,N,,07/2014,Analyst
13-1199.06,1.A.4.b.5,Speech Clarity,LV,3.0,8,0.0,3.0,3.0,N,N,07/2014,Analyst
13-2011.00,1.A.1.a.1,Oral Comprehension,IM,4.0,8,0.0,4.0,4.0,N,,08/2024,Analyst
13-2011.00,1.A.1.a.1,Oral Comprehension,LV,4.12,8,0.125,3.88,4.37,N,N,08/2024,Analyst
13-2011.00,1.A.1.a.2,Written Comprehension,IM,3.88,8,0.125,3.63,4.12,N,,08/2024,Analyst
13-2011.00,1.A.1.a.2,Written Comprehension,LV,4.25,8,0.1637,3.9292,4.5708,N,N,08/2024,Analyst
13-2011.00,1.A.1.a.3,Oral Expression,IM,3.88,8,0.125,3.63,4.12,N,,08/2024,Analyst
13-2011.00,1.A.1.a.3,Oral Expression,LV,4.25,8,0.1637,3.9292,4.5708,N,N,08/2024,Analyst
13-2011.00,1.A.1.a.4,Written Expression,IM,3.75,8,0.1637,3.4292,4.0708,N,,08/2024,Analyst
13-2011.00,1.A.1.a.4,Written Expression,LV,4.12,8,0.125,3.88,4.37,N,N,08/2024,Analyst
13-2011.00,1.A.1.b.1,Fluency of Ideas,IM,2.88,8,0.125,2.63,3.12,N,,08/2024,Analyst
13-2011.00,1.A.1.b.1,Fluency of Ideas,LV,3.12,8,0.125,2.88,3.37,N,N,08/2024,Analyst
13-2011.00,1.A.1.b.2,Originality,IM,2.75,8,0.1637,2.4292,3.0708,N,,08/2024,Analyst
13-2011.00,1.A.1.b.2,Originality,LV,3.0,8,0.189,2.6296,3.3704,N,N,08/2024,Analyst
13-2011.00,1.A.1.b.3,Problem Sensitivity,IM,3.75,8,0.1637,3.4292,4.0708,N,,08/2024,Analyst
13-2011.00,1.A.1.b.3,Problem Sensitivity,LV,4.12,8,0.2266,3.6809,4.5691,N,N,08/2024,Analyst
13-2011.00,1.A.1.b.4,Deductive Reasoning,IM,3.75,8,0.1637,3.4292,4.0708,N,,08/2024,Analyst
13-2011.00,1.A.1.b.4,Deductive Reasoning,LV,4.5,8,0.189,4.1296,4.8704,N,N,08/2024,Analyst
13-2011.00,1.A.1.b.5,Inductive Reasoning,IM,3.75,8,0.1637,3.4292,4.0708,N,,08/2024,Analyst
13-2011.00,1.A.1.b.5,Inductive Reasoning,LV,4.38,8,0.183,4.0164,4.7336,N,N,08/2024,Analyst
13-2011.00,1.A.1.b.6,Information Ordering,IM,3.62,8,0.183,3.2664,3.9836,N,,08/2024,Analyst
13-2011.00,1.A.1.b.6,Information Ordering,LV,3.88,8,0.125,3.63,4.12,N,N,08/2024,Analyst
13-2011.00,1.A.1.b.7,Category Flexibility,IM,3.25,8,0.1637,2.9292,3.5708,N,,08/2024,Analyst
13-2011.00,1.A.1.b.7,Category Flexibility,LV,3.38,8,0.183,3.0164,3.7336,N,N,08/2024,Analyst
13-2011.00,1.A.1.c.1,Mathematical Reasoning,IM,3.38,8,0.183,3.0164,3.7336,N,,08/2024,Analyst
13-2011.00,1.A.1.c.1,Mathematical Reasoning,LV,3.75,8,0.1637,3.4292,4.0708,N,N,08/2024,Analyst
13-2011.00,1.A.1.c.2,Number Facility,IM,3.25,8,0.1637,2.9292,3.5708,N,,08/2024,Analyst
13-2011.00,1.A.1.c.2,Number Facility,LV,3.75,8,0.1637,3.4292,4.0708,N,N,08/2024,Analyst
13-2011.00,1.A.1.d.1,Memorization,IM,2.38,8,0.183,2.0164,2.7336,N,,08/2024,Analyst
13-2011.00,1.A.1.d.1,Memorization,LV,2.38,8,0.183,2.0164,2.7336,N,N,08/2024,Analyst
13-2011.00,1.A.1.e.1,Speed of Closure,IM,2.88,8,0.2266,2.4309,3.3191,N,,08/2024,Analyst
13-2011.00,1.A.1.e.1,Speed of Closure,LV,2.88,8,0.2266,2.4309,3.3191,N,N,08/2024,Analyst
13-2011.00,1.A.1.e.2,Flexibility of Closure,IM,3.0,8,0.2673,2.4762,3.5238,N,,08/2024,Analyst
13-2011.00,1.A.1.e.2,Flexibility of Closure,LV,3.38,8,0.2631,2.8594,3.8906,N,N,08/2024,Analyst
13-2011.00,1.A.1.e.3,Perceptual Speed,IM,3.0,8,0.2673,2.4762,3.5238,N,,08/2024,Analyst
13-2011.00,1.A.1.e.3,Perceptual Speed,LV,2.75,8,0.25,2.26,3.24,N,N,08/2024,Analyst
13-2011.00,1.A.1.f.1,Spatial Orientation,IM,1.12,8,0.125,1.0,1.37,N,,08/2024,Analyst
13-2011.00,1.A.1.f.1,Spatial Orientation,LV,0.12,8,0.125,0.0,0.37,N,Y,08/2024,Analyst
13-2011.00,1.A.1.f.2,Visualization,IM,2.12,8,0.2266,1.6809,2.5691,N,,08/2024,Analyst
13-2011.00,1.A.1.f.2,Visualization,LV,1.88,8,0.295,1.2967,2.4533,N,N,08/2024,Analyst
13-2011.00,1.A.1.g.1,Selective Attention,IM,2.88,8,0.125,2.63,3.12,N,,08/2024,Analyst
13-2011.00,1.A.1.g.1,Selective Attention,LV,2.62,8,0.183,2.2664,2.9836,N,N,08/2024,Analyst
13-2011.00,1.A.1.g.2,Time Sharing,IM,2.38,8,0.183,2.0164,2.7336,N,,08/2024,Analyst
13-2011.00,1.A.1.g.2,Time Sharing,LV,2.25,8,0.1637,1.9292,2.5708,N,N,08/2024,Analyst
13-2011.00,1.A.2.a.1,Arm-Hand Steadiness,IM,1.0,8,0.0,1.0,1.0,N,,08/2024,Analyst
13-2011.00,1.A.2.a.1,Arm-Hand Steadiness,LV,0.0,8,0.0,0.0,0.0,N,Y,08/2024,Analyst
13-2011.00,1.A.2.a.2,Manual Dexterity,IM,1.12,8,0.125,1.0,1.37,N,,08/2024,Analyst
13-2011.00,1.A.2.a.2,Manual Dexterity,LV,0.25,8,0.25,0.0,0.74,N,Y,08/2024,Analyst
13-2011.00,1.A.2.a.3,Finger Dexterity,IM,1.12,8,0.125,1.0,1.37,N,,08/2024,Analyst
13-2011.00,1.A.2.a.3,Finger Dexterity,LV,0.25,8,0.25,0.0,0.74,N,Y,08/2024,Analyst
13-2011.00,1.A.2.b.1,Control Precision,IM,1.0,8,0.0,1.0,1.0,N,,08/2024,Analyst
13-2011.00,1.A.2.b.1,Control Precision,LV,0.0,8,0.0,0.0,0.0,N,Y,08/2024,Analyst
13-2011.00,1.A.2.b.2,Multilimb Coordination,IM,1.0,8,0.0,1.0,1.0,N,,08/2024,Analyst
13-2011.00,1.A.2.b.2,Multilimb Coordination,LV,0.0,8,0.0,0.0,0.0,N,Y,08/2024,Analyst
13-2011.00,1.A.2.b.3,Response Orientation,IM,1.0,8,0.0,1.0,1.0,N,,08/2024,Analyst
13-2011.00,1.A.2.b.3,Response Orientation,LV,0.0,8,0.0,0.0,0.0,N,Y,08/2024,Analyst
13-2011.00,1.A.2.b.4,Rate Control,IM,1.0,8,0.0,1.0,1.0,N,,08/2024,Analyst
13-2011.00,1.A.2.b.4,Rate Control,LV,0.0,8,0.0,0.0,0.0,N,Y,08/2024,Analyst
13-2011.00,1.A.2.c.1,Reaction Time,IM,1.0,8,0.0,1.0,1.0,N,,08/2024,Analyst
13-2011.00,1.A.2.c.1,Reaction Time,LV,0.0,8,0.0,0.0,0.0,N,Y,08/2024,Analyst
13-2011.00,1.A.2.c.2,Wrist-Finger Speed,IM,1.88,8,0.125,1.63,2.12,N,,08/2024,Analyst
13-2011.00,1.A.2.c.2,Wrist-Finger Speed,LV,1.38,8,0.2631,0.8594,1.8906,N,N,08/2024,Analyst
13-2011.00,1.A.2.c.3,Speed of Limb Movement,IM,1.0,8,0.0,1.0,1.0,N,,08/2024,Analyst
13-2011.00,1.A.2.c.3,Speed of Limb Movement,LV,0.0,8,0.0,0.0,0.0,N,Y,08/2024,Analyst
13-2011.00,1.A.3.a.1,Static Strength,IM,1.0,8,0.0,1.0,1.0,N,,08/2024,Analyst
13-2011.00,1.A.3.a.1,Static Strength,LV,0.0,8,0.0,0.0,0.0,N,Y,08/2024,Analyst
13-2011.00,1.A.3.a.2,Explosive Strength,IM,1.0,8,0.0,1.0,1.0,N,,08/2024,Analyst
13-2011.00,1.A.3.a.2,Explosive Strength,LV,0.0,8,0.0,0.0,0.0,N,Y,08/2024,Analyst
13-2011.00,1.A.3.a.3,Dynamic Strength,IM,1.62,8,0.183,1.2664,1.9836,N,,08/2024,Analyst
13-2011.00,1.A.3.a.3,Dynamic Strength,LV,0.62,8,0.183,0.2664,0.9836,N,N,08/2024,Analyst
13-2011.00,1.A.3.a.4,Trunk Strength,IM,2.0,8,0.189,1.6296,2.3704,N,,08/2024,Analyst
13-2011.00,1.A.3.a.4,Trunk Strength,LV,1.38,8,0.2631,0.8594,1.8906,N,N,08/2024,Analyst
13-2011.00,1.A.3.b.1,Stamina,IM,1.0,8,0.0,1.0,1.0,N,,08/2024,Analyst
13-2011.00,1.A.3.b.1,Stamina,LV,0.0,8,0.0,0.0,0.0,N,Y,08/2024,Analyst
13-2011.00,1.A.3.c.1,Extent Flexibility,IM,1.0,8,0.0,1.0,1.0,N,,08/2024,Analyst
13-2011.00,1.A.3.c.1,Extent Flexibility,LV,0.0,8,0.0,0.0,0.0,N,Y,08/2024,Analyst
13-2011.00,1.A.3.c.2,Dynamic Flexibility,IM,1.0,8,0.0,1.0,1.0,N,,08/2024,Analyst
13-2011.00,1.A.3.c.2,Dynamic Flexibility,LV,0.0,8,0.0,0.0,0.0,N,Y,08/2024,Analyst
13-2011.00,1.A.3.c.3,Gross Body Coordination,IM,1.0,8,0.0,1.0,1.0,N,,08/2024,Analyst
13-2011.00,1.A.3.c.3,Gross Body Coordination,LV,0.0,8,0.0,0.0,0.0,N,Y,08/2024,Analyst
13-2011.00,1.A.3.c.4,Gross Body Equilibrium,IM,1.0,8,0.0,1.0,1.0,N,,08/2024,Analyst
13-2011.00,1.A.3.c.4,Gross Body Equilibrium,LV,0.0,8,0.0,0.0,0.0,N,Y,08/2024,Analyst
13-2011.00,1.A.4.a.1,Near Vision,IM,3.75,8,0.1637,3.4292,4.0708,N,,08/2024,Analyst
13-2011.00,1.A.4.a.1,Near Vision,LV,4.12,8,0.2266,3.6809,4.5691,N,N,08/2024,Analyst
13-2011.00,1.A.4.a.2,Far Vision,IM,2.25,8,0.1637,1.9292,2.5708,N,,08/2024,Analyst
13-2011.00,1.A.4.a.2,Far Vision,LV,2.25,8,0.1637,1.9292,2.5708,N,N,08/2024,Analyst
13-2011.00,1.A.4.a.3,Visual Color Discrimination,IM,1.88,8,0.2266,1.4309,2.3191,N,,08/2024,Analyst
13-2011.00,1.A.4.a.3,Visual Color Discrimination,LV,1.62,8,0.375,0.89,2.36,N,N,08/2024,Analyst
13-2011.00,1.A.4.a.4,Night Vision,IM,1.0,8,0.0,1.0,1.0,N,,08/2024,Analyst
13-2011.00,1.A.4.a.4,Night Vision,LV,0.0,8,0.0,0.0,0.0,N,Y,08/2024,Analyst
13-2011.00,1.A.4.a.5,Peripheral Vision,IM,1.0,8,0.0,1.0,1.0,N,,08/2024,Analyst
13-2011.00,1.A.4.a.5,Peripheral Vision,LV,0.0,8,0.0,0.0,0.0,N,Y,08/2024,Analyst
13-2011.00,1.A.4.a.6,Depth Perception,IM,1.5,8,0.189,1.1296,1.8704,N,,08/2024,Analyst
13-2011.00,1.A.4.a.6,Depth Perception,LV,0.62,8,0.2631,0.1094,1.1406,N,N,08/2024,Analyst
13-2011.00,1.A.4.a.7,Glare Sensitivity,IM,1.0,8,0.0,1.0,1.0,N,,08/2024,Analyst
13-2011.00,1.A.4.a.7,Glare Sensitivity,LV,0.0,8,0.0,0.0,0.0,N,Y,08/2024,Analyst
13-2011.00,1.A.4.b.1,Hearing Sensitivity,IM,1.75,8,0.1637,1.4292,2.0708,N,,08/2024,Analyst
13-2011.00,1.A.4.b.1,Hearing Sensitivity,LV,1.5,8,0.3273,0.8584,2.1416,N,N,08/2024,Analyst
13-2011.00,1.A.4.b.2,Auditory Attention,IM,2.12,8,0.125,1.88,2.37,N,,08/2024,Analyst
13-2011.00,1.A.4.b.2,Auditory Attention,LV,1.88,8,0.125,1.63,2.12,N,N,08/2024,Analyst
13-2011.00,1.A.4.b.3,Sound Localization,IM,1.12,8,0.125,1.0,1.37,N,,08/2024,Analyst
13-2011.00,1.A.4.b.3,Sound Localization,LV,0.25,8,0.25,0.0,0.74,N,Y,08/2024,Analyst
13-2011.00,1.A.4.b.4,Speech Recognition,IM,3.38,8,0.183,3.0164,3.7336,N,,08/2024,Analyst
13-2011.00,1.A.4.b.4,Speech Recognition,LV,3.5,8,0.189,3.1296,3.8704,N,N,08/2024,Analyst
13-2011.00,1.A.4.b.5,Speech Clarity,IM,3.38,8,0.183,3.0164,3.7336,N,,08/2024,Analyst
13-2011.00,1.A.4.b.5,Speech Clarity,LV,3.38,8,0.183,3.0164,3.7336,N,N,08/2024,Analyst
13-2023.00,1.A.1.a.1,Oral Comprehension,IM,3.88,8,0.125,3.63,4.12,N,,08/2024,Analyst
13-2023.00,1.A.1.a.1,Oral Comprehension,LV,4.0,8,0.0,4.0,4.0,N,N,08/2024,Analyst
13-2023.00,1.A.1.a.2,Written Comprehension,IM,4.0,8,0.189,3.6296,4.3704,N,,08/2024,Analyst
13-2023.00,1.A.1.a.2,Written Comprehension,LV,4.25,8,0.1637,3.9292,4.5708,N,N,08/2024,Analyst
13-2023.00,1.A.1.a.3,Oral Expression,IM,3.88,8,0.125,3.63,4.12,N,,08/2024,Analyst
13-2023.00,1.A.1.a.3,Oral Expression,LV,4.25,8,0.1637,3.9292,4.5708,N,N,08/2024,Analyst
13-2023.00,1.A.1.a.4,Written Expression,IM,3.5,8,0.189,3.1296,3.8704,N,,08/2024,Analyst
13-2023.00,1.A.1.a.4,Written Expression,LV,3.88,8,0.125,3.63,4.12,N,N,08/2024,Analyst
13-2023.00,1.A.1.b.1,Fluency of Ideas,IM,2.75,8,0.1637,2.4292,3.0708,N,,08/2024,Analyst
13-2023.00,1.A.1.b.1,Fluency of Ideas,LV,3.12,8,0.125,2.88,3.37,N,N,08/2024,Analyst
13-2023.00,1.A.1.b.2,Originality,IM,2.62,8,0.183,2.2664,2.9836,N,,08/2024,Analyst
13-2023.00,1.A.1.b.2,Originality,LV,2.88,8,0.2266,2.4309,3.3191,N,N,08/2024,Analyst
13-2023.00,1.A.1.b.3,Problem Sensitivity,IM,3.5,8,0.189,3.1296,3.8704,N,,08/2024,Analyst
13-2023.00,1.A.1.b.3,Problem Sensitivity,LV,3.5,8,0.189,3.1296,3.8704,N,N,08/2024,Analyst
13-2023.00,1.A.1.b.4,Deductive Reasoning,IM,3.88,8,0.125,3.63,4.12,N,,08/2024,Analyst
13-2023.00,1.A.1.b.4,Deductive Reasoning,LV,4.0,8,0.189,3.6296,4.3704,N,N,08/2024,Analyst
13-2023.00,1.A.1.b.5,Inductive Reasoning,IM,3.88,8,0.125,3.63,4.12,N,,08/2024,Analyst
13-2023.00,1.A.1.b.5,Inductive Reasoning,LV,3.62,8,0.183,3.2664,3.9836,N,N,08/2024,Analyst
13-2023.00,1.A.1.b.6,Information Ordering,IM,3.62,8,0.183,3.2664,3.9836,N,,08/2024,Analyst
13-2023.00,1.A.1.b.6,Information Ordering,LV,3.5,8,0.189,3.1296,3.8704,N,N,08/2024,Analyst
13-2023.00,1.A.1.b.7,Category Flexibility,IM,3.25,8,0.1637,2.9292,3.5708,N,,08/2024,Analyst
13-2023.00,1.A.1.b.7,Category Flexibility,LV,3.38,8,0.2631,2.8594,3.8906,N,N,08/2024,Analyst
13-2023.00,1.A.1.c.1,Mathematical Reasoning,IM,2.75,8,0.25,2.26,3.24,N,,08/2024,Analyst
13-2023.00,1.A.1.c.1,Mathematical Reasoning,LV,3.12,8,0.3504,2.4383,3.8117,N,N,08/2024,Analyst
13-2023.00,1.A.1.c.2,Number Facility,IM,2.88,8,0.3504,2.1883,3.5617,N,,08/2024,Analyst
13-2023.00,1.A.1.c.2,Number Facility,LV,3.25,8,0.4119,2.4427,4.0573,N,N,08/2024,Analyst
13-2023.00,1.A.1.d.1,Memorization,IM,2.25,8,0.1637,1.9292,2.5708,N,,08/2024,Analyst
13-2023.00,1.A.1.d.1,Memorization,LV,2.38,8,0.183,2.0164,2.7336,N,N,08/2024,Analyst
13-2023.00,1.A.1.e.1,Speed of Closure,IM,2.62,8,0.2631,2.1094,3.1406,N,,08/2024,Analyst
13-2023.00,1.A.1.e.1,Speed of Closure,LV,2.62,8,0.2631,2.1094,3.1406,N,N,08/2024,Analyst
13-2023.00,1.A.1.e.2,Flexibility of Closure,IM,2.88,8,0.2266,2.4309,3.3191,N,,08/2024,Analyst
13-2023.00,1.A.1.e.2,Flexibility of Closure,LV,3.0,8,0.189,2.6296,3.3704,N,N,08/2024,Analyst
13-2023.00,1.A.1.e.3,Perceptual Speed,IM,2.62,8,0.3239,1.9902,3.2598,N,,08/2024,Analyst
13-2023.00,1.A.1.e.3,Perceptual Speed,LV,2.62,8,0.2631,2.1094,3.1406,N,N,08/2024,Analyst
13-2023.00,1.A.1.f.1,Spatial Orientation,IM,2.12,8,0.125,1.88,2.37,N,,08/2024,Analyst
13-2023.00,1.A.1.f.1,Spatial Orientation,LV,1.88,8,0.2266,1.4309,2.3191,N,N,08/2024,Analyst
13-2023.00,1.A.1.f.2,Visualization,IM,2.62,8,0.183,2.2664,2.9836,N,,08/2024,Analyst
13-2023.00,1.A.1.f.2,Visualization,LV,2.62,8,0.2631,2.1094,3.1406,N,N,08/2024,Analyst
13-2023.00,1.A.1.g.1,Selective Attention,IM,2.75,8,0.1637,2.4292,3.0708,N,,08/2024,Analyst
13-2023.00,1.A.1.g.1,Selective Attention,LV,2.62,8,0.183,2.2664,2.9836,N,N,08/2024,Analyst
13-2023.00,1.A.1.g.2,Time Sharing,IM,2.38,8,0.183,2.0164,2.7336,N,,08/2024,Analyst
13-2023.00,1.A.1.g.2,Time Sharing,LV,2.25,8,0.1637,1.9292,2.5708,N,N,08/2024,Analyst
13-2023.00,1.A.2.a.1,Arm-Hand Steadiness,IM,1.75,8,0.1637,1.4292,2.0708,N,,08/2024,Analyst
13-2023.00,1.A.2.a.1,Arm-Hand Steadiness,LV,1.12,8,0.295,0.5467,1.7033,N,N,08/2024,Analyst
13-2023.00,1.A.2.a.2,Manual Dexterity,IM,1.25,8,0.1637,1.0,1.5708,N,,08/2024,Analyst
13-2023.00,1.A.2.a.2,Manual Dexterity,LV,0.38,8,0.2631,0.0,0.8906,N,Y,08/2024,Analyst
13-2023.00,1.A.2.a.3,Finger Dexterity,IM,1.25,8,0.1637,1.0,1.5708,N,,08/2024,Analyst
13-2023.00,1.A.2.a.3,Finger Dexterity,LV,0.38,8,0.2631,0.0,0.8906,N,Y,08/2024,Analyst
13-2023.00,1.A.2.b.1,Control Precision,IM,1.88,8,0.125,1.63,2.12,N,,08/2024,Analyst
13-2023.00,1.A.2.b.1,Control Precision,LV,1.38,8,0.2631,0.8594,1.8906,N,N,08/2024,Analyst
13-2023.00,1.A.2.b.2,Multilimb Coordination,IM,1.75,8,0.1637,1.4292,2.0708,N,,08/2024,Analyst
13-2023.00,1.A.2.b.2,Multilimb Coordination,LV,1.0,8,0.2673,0.4762,1.5238,N,N,08/2024,Analyst
13-2023.00,1.A.2.b.3,Response Orientation,IM,1.88,8,0.125,1.63,2.12,N,,08/2024,Analyst
13-2023.00,1.A.2.b.3,Response Orientation,LV,1.5,8,0.2673,0.9762,2.0238,N,N,08/2024,Analyst
13-2023.00,1.A.2.b.4,Rate Control,IM,1.88,8,0.125,1.63,2.12,N,,08/2024,Analyst
13-2023.00,1.A.2.b.4,Rate Control,LV,1.25,8,0.25,0.76,1.74,N,N,08/2024,Analyst
13-2023.00,1.A.2.c.1,Reaction Time,IM,1.88,8,0.125,1.63,2.12,N,,08/2024,Analyst
13-2023.00,1.A.2.c.1,Reaction Time,LV,1.5,8,0.2673,0.9762,2.0238,N,N,08/2024,Analyst
13-2023.00,1.A.2.c.2,Wrist-Finger Speed,IM,2.0,8,0.189,1.6296,2.3704,N,,08/2024,Analyst
13-2023.00,1.A.2.c.2,Wrist-Finger Speed,LV,1.38,8,0.3239,0.7402,2.0098,N,N,08/2024,Analyst
13-2023.00,1.A.2.c.3,Speed of Limb Movement,IM,1.0,8,0.0,1.0,1.0,N,,08/2024,Analyst
13-2023.00,1.A.2.c.3,Speed of Limb Movement,LV,0.0,8,0.0,0.0,0.0,N,Y,08/2024,Analyst
13-2023.00,1.A.3.a.1,Static Strength,IM,1.12,8,0.125,1.0,1.37,N,,08/2024,Analyst
13-2023.00,1.A.3.a.1,Static Strength,LV,0.12,8,0.125,0.0,0.37,N,Y,08/2024,Analyst
13-2023.00,1.A.3.a.2,Explosive Strength,IM,1.12,8,0.125,1.0,1.37,N,,08/2024,Analyst
13-2023.00,1.A.3.a.2,Explosive Strength,LV,0.12,8,0.125,0.0,0.37,N,Y,08/2024,Analyst
13-2023.00,1.A.3.a.3,Dynamic Strength,IM,1.12,8,0.125,1.0,1.37,N,,08/2024,Analyst
13-2023.00,1.A.3.a.3,Dynamic Strength,LV,0.12,8,0.125,0.0,0.37,N,Y,08/2024,Analyst
13-2023.00,1.A.3.a.4,Trunk Strength,IM,2.25,8,0.1637,1.9292,2.5708,N,,08/2024,Analyst
13-2023.00,1.A.3.a.4,Trunk Strength,LV,2.0,8,0.189,1.6296,2.3704,N,N,08/2024,Analyst
13-2023.00,1.A.3.b.1,Stamina,IM,1.0,8,0.0,1.0,1.0,N,,08/2024,Analyst
13-2023.00,1.A.3.b.1,Stamina,LV,0.0,8,0.0,0.0,0.0,N,Y,08/2024,Analyst
13-2023.00,1.A.3.c.1,Extent Flexibility,IM,1.0,8,0.0,1.0,1.0,N,,08/2024,Analyst
13-2023.00,1.A.3.c.1,Extent Flexibility,LV,0.0,8,0.0,0.0,0.0,N,Y,08/2024,Analyst
13-2023.00,1.A.3.c.2,Dynamic Flexibility,IM,1.0,8,0.0,1.0,1.0,N,,08/2024,Analyst
13-2023.00,1.A.3.c.2,Dynamic Flexibility,LV,0.0,8,0.0,0.0,0.0,N,Y,08/2024,Analyst
13-2023.00,1.A.3.c.3,Gross Body Coordination,IM,1.0,8,0.0,1.0,1.0,N,,08/2024,Analyst
13-2023.00,1.A.3.c.3,Gross Body Coordination,LV,0.0,8,0.0,0.0,0.0,N,Y,08/2024,Analyst
13-2023.00,1.A.3.c.4,Gross Body Equilibrium,IM,1.0,8,0.0,1.0,1.0,N,,08/2024,Analyst
13-2023.00,1.A.3.c.4,Gross Body Equilibrium,LV,0.0,8,0.0,0.0,0.0,N,Y,08/2024,Analyst
13-2023.00,1.A.4.a.1,Near Vision,IM,3.75,8,0.1637,3.4292,4.0708,N,,08/2024,Analyst
13-2023.00,1.A.4.a.1,Near Vision,LV,4.0,8,0.189,3.6296,4.3704,N,N,08/2024,Analyst
13-2023.00,1.A.4.a.2,Far Vision,IM,3.0,8,0.2673,2.4762,3.5238,N,,08/2024,Analyst
13-2023.00,1.A.4.a.2,Far Vision,LV,3.25,8,0.366,2.5327,3.9673,N,N,08/2024,Analyst
13-2023.00,1.A.4.a.3,Visual Color Discrimination,IM,2.12,8,0.2266,1.6809,2.5691,N,,08/2024,Analyst
13-2023.00,1.A.4.a.3,Visual Color Discrimination,LV,2.0,8,0.3273,1.3584,2.6416,N,N,08/2024,Analyst
13-2023.00,1.A.4.a.4,Night Vision,IM,1.75,8,0.1637,1.4292,2.0708,N,,08/2024,Analyst
13-2023.00,1.A.4.a.4,Night Vision,LV,1.38,8,0.3239,0.7402,2.0098,N,N,08/2024,Analyst
13-2023.00,1.A.4.a.5,Peripheral Vision,IM,2.0,8,0.189,1.6296,2.3704,N,,08/2024,Analyst
13-2023.00,1.A.4.a.5,Peripheral Vision,LV,1.5,8,0.2673,0.9762,2.0238,N,N,08/2024,Analyst
13-2023.00,1.A.4.a.6,Depth Perception,IM,2.12,8,0.125,1.88,2.37,N,,08/2024,Analyst
13-2023.00,1.A.4.a.6,Depth Perception,LV,2.12,8,0.125,1.88,2.37,N,N,08/2024,Analyst
13-2023.00,1.A.4.a.7,Glare Sensitivity,IM,1.75,8,0.1637,1.4292,2.0708,N,,08/2024,Analyst
13-2023.00,1.A.4.a.7,Glare Sensitivity,LV,1.38,8,0.3239,0.7402,2.0098,N,N,08/2024,Analyst
13-2023.00,1.A.4.b.1,Hearing Sensitivity,IM,2.0,8,0.189,1.6296,2.3704,N,,08/2024,Analyst
13-2023.00,1.A.4.b.1,Hearing Sensitivity,LV,1.88,8,0.3504,1.1883,2.5617,N,N,08/2024,Analyst
13-2023.00,1.A.4.b.2,Auditory Attention,IM,2.25,8,0.1637,1.9292,2.5708,N,,08/2024,Analyst
13-2023.00,1.A.4.b.2,Auditory Attention,LV,2.12,8,0.2266,1.6809,2.5691,N,N,08/2024,Analyst
13-2023.00,1.A.4.b.3,Sound Localization,IM,1.62,8,0.183,1.2664,1.9836,N,,08/2024,Analyst
13-2023.00,1.A.4.b.3,Sound Localization,LV,1.0,8,0.3273,0.3584,1.6416,N,N,08/2024,Analyst
13-2023.00,1.A.4.b.4,Speech Recognition,IM,3.75,8,0.1637,3.4292,4.0708,N,,08/2024,Analyst
13-2023.00,1.A.4.b.4,Speech Recognition,LV,3.88,8,0.125,3.63,4.12,N,N,08/2024,Analyst
13-2023.00,1.A.4.b.5,Speech Clarity,IM,3.75,8,0.1637,3.4292,4.0708,N,,08/2024,Analyst
13-2023.00,1.A.4.b.5,Speech Clarity,LV,3.62,8,0.183,3.2664,3.9836,N,N,08/2024,Analyst
13-2031.00,1.A.1.a.1,Oral Comprehension,IM,3.88,8,0.125,3.63,4.12,N,,08/2024,Analyst
13-2031.00,1.A.1.a.1,Oral Comprehension,LV,3.88,8,0.125,3.63,4.12,N,N,08/2024,Analyst
13-2031.00,1.A.1.a.2,Written Comprehension,IM,3.88,8,0.125,3.63,4.12,N,,08/2024,Analyst
13-2031.00,1.A.1.a.2,Written Comprehension,LV,4.0,8,0.0,4.0,4.0,N,N,08/2024,Analyst
13-2031.00,1.A.1.a.3,Oral Expression,IM,3.88,8,0.125,3.63,4.12,N,,08/2024,Analyst
13-2031.00,1.A.1.a.3,Oral Expression,LV,4.0,8,0.0,4.0,4.0,N,N,08/2024,Analyst
13-2031.00,1.A.1.a.4,Written Expression,IM,3.62,8,0.183,3.2664,3.9836,N,,08/2024,Analyst
13-2031.00,1.A.1.a.4,Written Expression,LV,4.0,8,0.0,4.0,4.0,N,N,08/2024,Analyst
13-2031.00,1.A.1.b.1,Fluency of Ideas,IM,3.0,8,0.0,3.0,3.0,N,,08/2024,Analyst
13-2031.00,1.A.1.b.1,Fluency of Ideas,LV,3.0,8,0.0,3.0,3.0,N,N,08/2024,Analyst
13-2031.00,1.A.1.b.2,Originality,IM,2.88,8,0.125,2.63,3.12,N,,08/2024,Analyst
13-2031.00,1.A.1.b.2,Originality,LV,3.0,8,0.0,3.0,3.0,N,N,08/2024,Analyst
13-2031.00,1.A.1.b.3,Problem Sensitivity,IM,3.75,8,0.1637,3.4292,4.0708,N,,08/2024,Analyst
13-2031.00,1.A.1.b.3,Problem Sensitivity,LV,3.75,8,0.1637,3.4292,4.0708,N,N,08/2024,Analyst
13-2031.00,1.A.1.b.4,Deductive Reasoning,IM,3.75,8,0.1637,3.4292,4.0708,N,,08/2024,Analyst
13-2031.00,1.A.1.b.4,Deductive Reasoning,LV,3.88,8,0.125,3.63,4.12,N,N,08/2024,Analyst
13-2031.00,1.A.1.b.5,Inductive Reasoning,IM,3.62,8,0.183,3.2664,3.9836,N,,08/2024,Analyst
13-2031.00,1.A.1.b.5,Inductive Reasoning,LV,3.75,8,0.1637,3.4292,4.0708,N,N,08/2024,Analyst
13-2031.00,1.A.1.b.6,Information Ordering,IM,3.75,8,0.1637,3.4292,4.0708,N,,08/2024,Analyst
13-2031.00,1.A.1.b.6,Information Ordering,LV,3.75,8,0.1637,3.4292,4.0708,N,N,08/2024,Analyst
13-2031.00,1.A.1.b.7,Category Flexibility,IM,3.12,8,0.125,2.88,3.37,N,,08/2024,Analyst
13-2031.00,1.A.1.b.7,Category Flexibility,LV,3.5,8,0.189,3.1296,3.8704,N,N,08/2024,Analyst
13-2031.00,1.A.1.c.1,Mathematical Reasoning,IM,3.88,8,0.125,3.63,4.12,N,,08/2024,Analyst
13-2031.00,1.A.1.c.1,Mathematical Reasoning,LV,4.25,8,0.1637,3.9292,4.5708,N,N,08/2024,Analyst
13-2031.00,1.A.1.c.2,Number Facility,IM,3.88,8,0.125,3.63,4.12,N,,08/2024,Analyst
13-2031.00,1.A.1.c.2,Number Facility,LV,4.25,8,0.1637,3.9292,4.5708,N,N,08/2024,Analyst
13-2031.00,1.A.1.d.1,Memorization,IM,2.25,8,0.3134,1.6358,2.8642,N,,08/2024,Analyst
13-2031.00,1.A.1.d.1,Memorization,LV,2.0,8,0.4629,1.0927,2.9073,N,N,08/2024,Analyst
13-2031.00,1.A.1.e.1,Speed of Closure,IM,2.12,8,0.125,1.88,2.37,N,,08/2024,Analyst
13-2031.00,1.A.1.e.1,Speed of Closure,LV,2.0,8,0.189,1.6296,2.3704,N,N,08/2024,Analyst
13-2031.00,1.A.1.e.2,Flexibility of Closure,IM,2.88,8,0.125,2.63,3.12,N,,08/2024,Analyst
13-2031.00,1.A.1.e.2,Flexibility of Closure,LV,3.0,8,0.189,2.6296,3.3704,N,N,08/2024,Analyst
13-2031.00,1.A.1.e.3,Perceptual Speed,IM,3.0,8,0.189,2.6296,3.3704,N,,08/2024,Analyst
13-2031.00,1.A.1.e.3,Perceptual Speed,LV,3.0,8,0.189,2.6296,3.3704,N,N,08/2024,Analyst
13-2031.00,1.A.1.f.1,Spatial Orientation,IM,1.0,8,0.0,1.0,1.0,N,,08/2024,Analyst
13-2031.00,1.A.1.f.1,Spatial Orientation,LV,0.0,8,0.0,0.0,0.0,N,Y,08/2024,Analyst
13-2031.00,1.A.1.f.2,Visualization,IM,2.0,8,0.0,2.0,2.0,N,,08/2024,Analyst
13-2031.00,1.A.1.f.2,Visualization,LV,1.75,8,0.1637,1.4292,2.0708,N,N,08/2024,Analyst
13-2031.00,1.A.1.g.1,Selective Attention,IM,3.0,8,0.0,3.0,3.0,N,,08/2024,Analyst
13-2031.00,1.A.1.g.1,Selective Attention,LV,3.0,8,0.0,3.0,3.0,N,N,08/2024,Analyst
13-2031.00,1.A.1.g.2,Time Sharing,IM,2.62,8,0.183,2.2664,2.9836,N,,08/2024,Analyst
13-2031.00,1.A.1.g.2,Time Sharing,LV,2.25,8,0.1637,1.9292,2.5708,N,N,08/2024,Analyst
13-2031.00,1.A.2.a.1,Arm-Hand Steadiness,IM,1.5,8,0.189,1.1296,1.8704,N,,08/2024,Analyst
13-2031.00,1.A.2.a.1,Arm-Hand Steadiness,LV,0.62,8,0.2631,0.1094,1.1406,N,N,08/2024,Analyst
13-2031.00,1.A.2.a.2,Manual Dexterity,IM,1.5,8,0.189,1.1296,1.8704,N,,08/2024,Analyst
13-2031.00,1.A.2.a.2,Manual Dexterity,LV,0.62,8,0.2631,0.1094,1.1406,N,N,08/2024,Analyst
13-2031.00,1.A.2.a.3,Finger Dexterity,IM,1.88,8,0.125,1.63,2.12,N,,08/2024,Analyst
13-2031.00,1.A.2.a.3,Finger Dexterity,LV,1.0,8,0.189,0.6296,1.3704,N,N,08/2024,Analyst
13-2031.00,1.A.2.b.1,Control Precision,IM,1.5,8,0.189,1.1296,1.8704,N,,08/2024,Analyst
13-2031.00,1.A.2.b.1,Control Precision,LV,0.5,8,0.189,0.1296,0.8704,N,N,08/2024,Analyst
13-2031.00,1.A.2.b.2,Multilimb Coordination,IM,1.0,8,0.0,1.0,1.0,N,,08/2024,Analyst
13-2031.00,1.A.2.b.2,Multilimb Coordination,LV,0.0,8,0.0,0.0,0.0,N,Y,08/2024,Analyst
13-2031.00,1.A.2.b.3,Response Orientation,IM,1.0,8,0.0,1.0,1.0,N,,08/2024,Analyst
13-2031.00,1.A.2.b.3,Response Orientation,LV,0.0,8,0.0,0.0,0.0,N,Y,08/2024,Analyst
13-2031.00,1.A.2.b.4,Rate Control,IM,1.0,8,0.0,1.0,1.0,N,,08/2024,Analyst
13-2031.00,1.A.2.b.4,Rate Control,LV,0.0,8,0.0,0.0,0.0,N,Y,08/2024,Analyst
13-2031.00,1.A.2.c.1,Reaction Time,IM,1.0,8,0.0,1.0,1.0,N,,08/2024,Analyst
13-2031.00,1.A.2.c.1,Reaction Time,LV,0.0,8,0.0,0.0,0.0,N,Y,08/2024,Analyst
13-2031.00,1.A.2.c.2,Wrist-Finger Speed,IM,1.38,8,0.183,1.0164,1.7336,N,,08/2024,Analyst
13-2031.00,1.A.2.c.2,Wrist-Finger Speed,LV,0.5,8,0.2673,0.0,1.0238,N,N,08/2024,Analyst
13-2031.00,1.A.2.c.3,Speed of Limb Movement,IM,1.0,8,0.0,1.0,1.0,N,,08/2024,Analyst
13-2031.00,1.A.2.c.3,Speed of Limb Movement,LV,0.0,8,0.0,0.0,0.0,N,Y,08/2024,Analyst
13-2031.00,1.A.3.a.1,Static Strength,IM,1.0,8,0.0,1.0,1.0,N,,08/2024,Analyst
13-2031.00,1.A.3.a.1,Static Strength,LV,0.0,8,0.0,0.0,0.0,N,Y,08/2024,Analyst
13-2031.00,1.A.3.a.2,Explosive Strength,IM,1.0,8,0.0,1.0,1.0,N,,08/2024,Analyst
13-2031.00,1.A.3.a.2,Explosive Strength,LV,0.0,8,0.0,0.0,0.0,N,Y,08/2024,Analyst
13-2031.00,1.A.3.a.3,Dynamic Strength,IM,1.12,8,0.125,1.0,1.37,N,,08/2024,Analyst
13-2031.00,1.A.3.a.3,Dynamic Strength,LV,0.12,8,0.125,0.0,0.37,N,Y,08/2024,Analyst
13-2031.00,1.A.3.a.4,Trunk Strength,IM,1.75,8,0.1637,1.4292,2.0708,N,,08/2024,Analyst
13-2031.00,1.A.3.a.4,Trunk Strength,LV,1.12,8,0.295,0.5467,1.7033,N,N,08/2024,Analyst
13-2031.00,1.A.3.b.1,Stamina,IM,1.0,8,0.0,1.0,1.0,N,,08/2024,Analyst
13-2031.00,1.A.3.b.1,Stamina,LV,0.0,8,0.0,0.0,0.0,N,Y,08/2024,Analyst
13-2031.00,1.A.3.c.1,Extent Flexibility,IM,1.0,8,0.0,1.0,1.0,N,,08/2024,Analyst
13-2031.00,1.A.3.c.1,Extent Flexibility,LV,0.0,8,0.0,0.0,0.0,N,Y,08/2024,Analyst
13-2031.00,1.A.3.c.2,Dynamic Flexibility,IM,1.0,8,0.0,1.0,1.0,N,,08/2024,Analyst
13-2031.00,1.A.3.c.2,Dynamic Flexibility,LV,0.0,8,0.0,0.0,0.0,N,Y,08/2024,Analyst
13-2031.00,1.A.3.c.3,Gross Body Coordination,IM,1.0,8,0.0,1.0,1.0,N,,08/2024,Analyst
13-2031.00,1.A.3.c.3,Gross Body Coordination,LV,0.0,8,0.0,0.0,0.0,N,Y,08/2024,Analyst
13-2031.00,1.A.3.c.4,Gross Body Equilibrium,IM,1.0,8,0.0,1.0,1.0,N,,08/2024,Analyst
13-2031.00,1.A.3.c.4,Gross Body Equilibrium,LV,0.0,8,0.0,0.0,0.0,N,Y,08/2024,Analyst
13-2031.00,1.A.4.a.1,Near Vision,IM,3.38,8,0.183,3.0164,3.7336,N,,08/2024,Analyst
13-2031.00,1.A.4.a.1,Near Vision,LV,3.38,8,0.183,3.0164,3.7336,N,N,08/2024,Analyst
13-2031.00,1.A.4.a.2,Far Vision,IM,2.62,8,0.183,2.2664,2.9836,N,,08/2024,Analyst
13-2031.00,1.A.4.a.2,Far Vision,LV,2.75,8,0.1637,2.4292,3.0708,N,N,08/2024,Analyst
13-2031.00,1.A.4.a.3,Visual Color Discrimination,IM,2.0,8,0.0,2.0,2.0,N,,08/2024,Analyst
13-2031.00,1.A.4.a.3,Visual Color Discrimination,LV,1.75,8,0.1637,1.4292,2.0708,N,N,08/2024,Analyst
13-2031.00,1.A.4.a.4,Night Vision,IM,1.0,8,0.0,1.0,1.0,N,,08/2024,Analyst
13-2031.00,1.A.4.a.4,Night Vision,LV,0.0,8,0.0,0.0,0.0,N,Y,08/2024,Analyst
13-2031.00,1.A.4.a.5,Peripheral Vision,IM,1.0,8,0.0,1.0,1.0,N,,08/2024,Analyst
13-2031.00,1.A.4.a.5,Peripheral Vision,LV,0.0,8,0.0,0.0,0.0,N,Y,08/2024,Analyst
13-2031.00,1.A.4.a.6,Depth Perception,IM,1.5,8,0.189,1.1296,1.8704,N,,08/2024,Analyst
13-2031.00,1.A.4.a.6,Depth Perception,LV,0.5,8,0.189,0.1296,0.8704,N,N,08/2024,Analyst
13-2031.00,1.A.4.a.7,Glare Sensitivity,IM,1.0,8,0.0,1.0,1.0,N,,08/2024,Analyst
13-2031.00,1.A.4.a.7,Glare Sensitivity,LV,0.0,8,0.0,0.0,0.0,N,Y,08/2024,Analyst
13-2031.00,1.A.4.b.1,Hearing Sensitivity,IM,2.0,8,0.0,2.0,2.0,N,,08/2024,Analyst
13-2031.00,1.A.4.b.1,Hearing Sensitivity,LV,1.62,8,0.183,1.2664,1.9836,N,N,08/2024,Analyst
13-2031.00,1.A.4.b.2,Auditory Attention,IM,2.0,8,0.0,2.0,2.0,N,,08/2024,Analyst
13-2031.00,1.A.4.b.2,Auditory Attention,LV,1.12,8,0.125,0.88,1.37,N,N,08/2024,Analyst
13-2031.00,1.A.4.b.3,Sound Localization,IM,1.0,8,0.0,1.0,1.0,N,,08/2024,Analyst
13-2031.00,1.A.4.b.3,Sound Localization,LV,0.0,8,0.0,0.0,0.0,N,Y,08/2024,Analyst
13-2031.00,1.A.4.b.4,Speech Recognition,IM,3.25,8,0.1637,2.9292,3.5708,N,,08/2024,Analyst
13-2031.00,1.A.4.b.4,Speech Recognition,LV,3.0,8,0.0,3.0,3.0,N,N,08/2024,Analyst
13-2031.00,1.A.4.b.5,Speech Clarity,IM,3.62,8,0.183,3.2664,3.9836,N,,08/2024,Analyst
13-2031.00,1.A.4.b.5,Speech Clarity,LV,3.12,8,0.125,2.88,3.37,N,N,08/2024,Analyst
13-2041.00,1.A.1.a.1,Oral Comprehension,IM,3.88,8,0.125,3.63,4.12,N,,08/2020,Analyst
13-2041.00,1.A.1.a.1,Oral Comprehension,LV,4.12,8,0.125,3.88,4.37,N,N,08/2020,Analyst
13-2041.00,1.A.1.a.2,Written Comprehension,IM,3.88,8,0.125,3.63,4.12,N,,08/2020,Analyst
13-2041.00,1.A.1.a.2,Written Comprehension,LV,4.12,8,0.125,3.88,4.37,N,N,08/2020,Analyst
13-2041.00,1.A.1.a.3,Oral Expression,IM,4.0,8,0.0,4.0,4.0,N,,08/2020,Analyst
13-2041.00,1.A.1.a.3,Oral Expression,LV,4.12,8,0.125,3.88,4.37,N,N,08/2020,Analyst
13-2041.00,1.A.1.a.4,Written Expression,IM,3.38,8,0.183,3.0164,3.7336,N,,08/2020,Analyst
13-2041.00,1.A.1.a.4,Written Expression,LV,4.0,8,0.0,4.0,4.0,N,N,08/2020,Analyst
13-2041.00,1.A.1.b.1,Fluency of Ideas,IM,2.88,8,0.125,2.63,3.12,N,,08/2020,Analyst
13-2041.00,1.A.1.b.1,Fluency of Ideas,LV,2.88,8,0.125,2.63,3.12,N,N,08/2020,Analyst
13-2041.00,1.A.1.b.2,Originality,IM,2.62,8,0.183,2.2664,2.9836,N,,08/2020,Analyst
13-2041.00,1.A.1.b.2,Originality,LV,2.62,8,0.183,2.2664,2.9836,N,N,08/2020,Analyst
13-2041.00,1.A.1.b.3,Problem Sensitivity,IM,3.75,8,0.1637,3.4292,4.0708,N,,08/2020,Analyst
13-2041.00,1.A.1.b.3,Problem Sensitivity,LV,4.0,8,0.189,3.6296,4.3704,N,N,08/2020,Analyst
13-2041.00,1.A.1.b.4,Deductive Reasoning,IM,3.75,8,0.1637,3.4292,4.0708,N,,08/2020,Analyst
13-2041.00,1.A.1.b.4,Deductive Reasoning,LV,4.5,8,0.189,4.1296,4.8704,N,N,08/2020,Analyst
13-2041.00,1.A.1.b.5,Inductive Reasoning,IM,3.88,8,0.2266,3.4309,4.3191,N,,08/2020,Analyst
13-2041.00,1.A.1.b.5,Inductive Reasoning,LV,4.12,8,0.125,3.88,4.37,N,N,08/2020,Analyst
13-2041.00,1.A.1.b.6,Information Ordering,IM,3.62,8,0.183,3.2664,3.9836,N,,08/2020,Analyst
13-2041.00,1.A.1.b.6,Information Ordering,LV,3.62,8,0.183,3.2664,3.9836,N,N,08/2020,Analyst
13-2041.00,1.A.1.b.7,Category Flexibility,IM,3.12,8,0.125,2.88,3.37,N,,08/2020,Analyst
13-2041.00,1.A.1.b.7,Category Flexibility,LV,3.5,8,0.189,3.1296,3.8704,N,N,08/2020,Analyst
13-2041.00,1.A.1.c.1,Mathematical Reasoning,IM,3.75,8,0.1637,3.4292,4.0708,N,,08/2020,Analyst
13-2041.00,1.A.1.c.1,Mathematical Reasoning,LV,4.12,8,0.125,3.88,4.37,N,N,08/2020,Analyst
13-2041.00,1.A.1.c.2,Number Facility,IM,3.75,8,0.1637,3.4292,4.0708,N,,08/2020,Analyst
13-2041.00,1.A.1.c.2,Number Facility,LV,4.38,8,0.183,4.0164,4.7336,N,N,08/2020,Analyst
13-2041.00,1.A.1.d.1,Memorization,IM,2.38,8,0.183,2.0164,2.7336,N,,08/2020,Analyst
13-2041.00,1.A.1.d.1,Memorization,LV,2.38,8,0.183,2.0164,2.7336,N,N,08/2020,Analyst
13-2041.00,1.A.1.e.1,Speed of Closure,IM,2.75,8,0.1637,2.4292,3.0708,N,,08/2020,Analyst
13-2041.00,1.A.1.e.1,Speed of Closure,LV,2.88,8,0.125,2.63,3.12,N,N,08/2020,Analyst
13-2041.00,1.A.1.e.2,Flexibility of Closure,IM,3.0,8,0.189,2.6296,3.3704,N,,08/2020,Analyst
13-2041.00,1.A.1.e.2,Flexibility of Closure,LV,3.12,8,0.125,2.88,3.37,N,N,08/2020,Analyst
13-2041.00,1.A.1.e.3,Perceptual Speed,IM,3.0,8,0.189,2.6296,3.3704,N,,08/2020,Analyst
13-2041.00,1.A.1.e.3,Perceptual Speed,LV,3.12,8,0.125,2.88,3.37,N,N,08/2020,Analyst
13-2041.00,1.A.1.f.1,Spatial Orientation,IM,1.0,8,0.0,1.0,1.0,N,,08/2020,Analyst
13-2041.00,1.A.1.f.1,Spatial Orientation,LV,0.0,8,0.0,0.0,0.0,N,Y,08/2020,Analyst
13-2041.00,1.A.1.f.2,Visualization,IM,1.88,8,0.125,1.63,2.12,N,,08/2020,Analyst
13-2041.00,1.A.1.f.2,Visualization,LV,1.75,8,0.25,1.26,2.24,N,N,08/2020,Analyst
13-2041.00,1.A.1.g.1,Selective Attention,IM,2.88,8,0.125,2.63,3.12,N,,08/2020,Analyst
13-2041.00,1.A.1.g.1,Selective Attention,LV,2.88,8,0.125,2.63,3.12,N,N,08/2020,Analyst
13-2041.00,1.A.1.g.2,Time Sharing,IM,2.0,8,0.0,2.0,2.0,N,,08/2020,Analyst
13-2041.00,1.A.1.g.2,Time Sharing,LV,2.0,8,0.0,2.0,2.0,N,N,08/2020,Analyst
13-2041.00,1.A.2.a.1,Arm-Hand Steadiness,IM,1.62,8,0.183,1.2664,1.9836,N,,08/2020,Analyst
13-2041.00,1.A.2.a.1,Arm-Hand Steadiness,LV,0.75,8,0.25,0.26,1.24,N,N,08/2020,Analyst
13-2041.00,1.A.2.a.2,Manual Dexterity,IM,1.62,8,0.183,1.2664,1.9836,N,,08/2020,Analyst
13-2041.00,1.A.2.a.2,Manual Dexterity,LV,0.62,8,0.183,0.2664,0.9836,N,N,08/2020,Analyst
13-2041.00,1.A.2.a.3,Finger Dexterity,IM,2.0,8,0.2673,1.4762,2.5238,N,,08/2020,Analyst
13-2041.00,1.A.2.a.3,Finger Dexterity,LV,1.75,8,0.4119,0.9427,2.5573,N,N,08/2020,Analyst
13-2041.00,1.A.2.b.1,Control Precision,IM,1.38,8,0.183,1.0164,1.7336,N,,08/2020,Analyst
13-2041.00,1.A.2.b.1,Control Precision,LV,0.5,8,0.2673,0.0,1.0238,N,N,08/2020,Analyst
13-2041.00,1.A.2.b.2,Multilimb Coordination,IM,1.0,8,0.0,1.0,1.0,N,,08/2020,Analyst
13-2041.00,1.A.2.b.2,Multilimb Coordination,LV,0.0,8,0.0,0.0,0.0,N,Y,08/2020,Analyst
13-2041.00,1.A.2.b.3,Response Orientation,IM,1.0,8,0.0,1.0,1.0,N,,08/2020,Analyst
13-2041.00,1.A.2.b.3,Response Orientation,LV,0.0,8,0.0,0.0,0.0,N,Y,08/2020,Analyst
13-2041.00,1.A.2.b.4,Rate Control,IM,1.0,8,0.0,1.0,1.0,N,,08/2020,Analyst
13-2041.00,1.A.2.b.4,Rate Control,LV,0.0,8,0.0,0.0,0.0,N,Y,08/2020,Analyst
13-2041.00,1.A.2.c.1,Reaction Time,IM,1.0,8,0.0,1.0,1.0,N,,08/2020,Analyst
13-2041.00,1.A.2.c.1,Reaction Time,LV,0.0,8,0.0,0.0,0.0,N,Y,08/2020,Analyst
13-2041.00,1.A.2.c.2,Wrist-Finger Speed,IM,1.25,8,0.1637,1.0,1.5708,N,,08/2020,Analyst
13-2041.00,1.A.2.c.2,Wrist-Finger Speed,LV,0.38,8,0.2631,0.0,0.8906,N,Y,08/2020,Analyst
13-2041.00,1.A.2.c.3,Speed of Limb Movement,IM,1.0,8,0.0,1.0,1.0,N,,08/2020,Analyst
13-2041.00,1.A.2.c.3,Speed of Limb Movement,LV,0.0,8,0.0,0.0,0.0,N,Y,08/2020,Analyst
13-2041.00,1.A.3.a.1,Static Strength,IM,1.0,8,0.0,1.0,1.0,N,,08/2020,Analyst
13-2041.00,1.A.3.a.1,Static Strength,LV,0.0,8,0.0,0.0,0.0,N,Y,08/2020,Analyst
13-2041.00,1.A.3.a.2,Explosive Strength,IM,1.0,8,0.0,1.0,1.0,N,,08/2020,Analyst
13-2041.00,1.A.3.a.2,Explosive Strength,LV,0.0,8,0.0,0.0,0.0,N,Y,08/2020,Analyst
13-2041.00,1.A.3.a.3,Dynamic Strength,IM,1.0,8,0.0,1.0,1.0,N,,08/2020,Analyst
13-2041.00,1.A.3.a.3,Dynamic Strength,LV,0.0,8,0.0,0.0,0.0,N,Y,08/2020,Analyst
13-2041.00,1.A.3.a.4,Trunk Strength,IM,1.5,8,0.189,1.1296,1.8704,N,,08/2020,Analyst
13-2041.00,1.A.3.a.4,Trunk Strength,LV,1.0,8,0.378,0.2592,1.7408,N,N,08/2020,Analyst
13-2041.00,1.A.3.b.1,Stamina,IM,1.0,8,0.0,1.0,1.0,N,,08/2020,Analyst
13-2041.00,1.A.3.b.1,Stamina,LV,0.0,8,0.0,0.0,0.0,N,Y,08/2020,Analyst
13-2041.00,1.A.3.c.1,Extent Flexibility,IM,1.0,8,0.0,1.0,1.0,N,,08/2020,Analyst
13-2041.00,1.A.3.c.1,Extent Flexibility,LV,0.0,8,0.0,0.0,0.0,N,Y,08/2020,Analyst
13-2041.00,1.A.3.c.2,Dynamic Flexibility,IM,1.0,8,0.0,1.0,1.0,N,,08/2020,Analyst
13-2041.00,1.A.3.c.2,Dynamic Flexibility,LV,0.0,8,0.0,0.0,0.0,N,Y,08/2020,Analyst
13-2041.00,1.A.3.c.3,Gross Body Coordination,IM,1.0,8,0.0,1.0,1.0,N,,08/2020,Analyst
13-2041.00,1.A.3.c.3,Gross Body Coordination,LV,0.0,8,0.0,0.0,0.0,N,Y,08/2020,Analyst
13-2041.00,1.A.3.c.4,Gross Body Equilibrium,IM,1.0,8,0.0,1.0,1.0,N,,08/2020,Analyst
13-2041.00,1.A.3.c.4,Gross Body Equilibrium,LV,0.0,8,0.0,0.0,0.0,N,Y,08/2020,Analyst
13-2041.00,1.A.4.a.1,Near Vision,IM,3.62,8,0.183,3.2664,3.9836,N,,08/2020,Analyst
13-2041.00,1.A.4.a.1,Near Vision,LV,4.25,8,0.1637,3.9292,4.5708,N,N,08/2020,Analyst
13-2041.00,1.A.4.a.2,Far Vision,IM,2.0,8,0.189,1.6296,2.3704,N,,08/2020,Analyst
13-2041.00,1.A.4.a.2,Far Vision,LV,2.12,8,0.3504,1.4383,2.8117,N,N,08/2020,Analyst
13-2041.00,1.A.4.a.3,Visual Color Discrimination,IM,1.75,8,0.1637,1.4292,2.0708,N,,08/2020,Analyst
13-2041.00,1.A.4.a.3,Visual Color Discrimination,LV,1.5,8,0.3273,0.8584,2.1416,N,N,08/2020,Analyst
13-2041.00,1.A.4.a.4,Night Vision,IM,1.0,8,0.0,1.0,1.0,N,,08/2020,Analyst
13-2041.00,1.A.4.a.4,Night Vision,LV,0.0,8,0.0,0.0,0.0,N,Y,08/2020,Analyst
13-2041.00,1.A.4.a.5,Peripheral Vision,IM,1.0,8,0.0,1.0,1.0,N,,08/2020,Analyst
13-2041.00,1.A.4.a.5,Peripheral Vision,LV,0.0,8,0.0,0.0,0.0,N,Y,08/2020,Analyst
13-2041.00,1.A.4.a.6,Depth Perception,IM,1.38,8,0.183,1.0164,1.7336,N,,08/2020,Analyst
13-2041.00,1.A.4.a.6,Depth Perception,LV,0.38,8,0.183,0.0164,0.7336,N,N,08/2020,Analyst
13-2041.00,1.A.4.a.7,Glare Sensitivity,IM,1.0,8,0.0,1.0,1.0,N,,08/2020,Analyst
13-2041.00,1.A.4.a.7,Glare Sensitivity,LV,0.0,8,0.0,0.0,0.0,N,Y,08/2020,Analyst
13-2041.00,1.A.4.b.1,Hearing Sensitivity,IM,1.62,8,0.183,1.2664,1.9836,N,,08/2020,Analyst
13-2041.00,1.A.4.b.1,Hearing Sensitivity,LV,1.12,8,0.3504,0.4383,1.8117,N,N,08/2020,Analyst
13-2041.00,1.A.4.b.2,Auditory Attention,IM,1.75,8,0.1637,1.4292,2.0708,N,,08/2020,Analyst
13-2041.00,1.A.4.b.2,Auditory Attention,LV,1.5,8,0.3273,0.8584,2.1416,N,N,08/2020,Analyst
13-2041.00,1.A.4.b.3,Sound Localization,IM,1.0,8,0.0,1.0,1.0,N,,08/2020,Analyst
13-2041.00,1.A.4.b.3,Sound Localization,LV,0.0,8,0.0,0.0,0.0,N,Y,08/2020,Analyst
13-2041.00,1.A.4.b.4,Speech Recognition,IM,3.25,8,0.1637,2.9292,3.5708,N,,08/2020,Analyst
13-2041.00,1.A.4.b.4,Speech Recognition,LV,3.5,8,0.189,3.1296,3.8704,N,N,08/2020,Analyst
13-2041.00,1.A.4.b.5,Speech Clarity,IM,3.12,8,0.125,2.88,3.37,N,,08/2020,Analyst
13-2041.00,1.A.4.b.5,Speech Clarity,LV,3.12,8,0.125,2.88,3.37,N,N,08/2020,Analyst
13-2052.00,1.A.1.a.1,Oral Comprehension,IM,4.0,8,0.189,3.6296,4.3704,N,,08/2024,Analyst
13-2052.00,1.A.1.a.1,Oral Comprehension,LV,4.0,8,0.0,4.0,4.0,N,N,08/2024,Analyst
13-2052.00,1.A.1.a.2,Written Comprehension,IM,4.0,8,0.189,3.6296,4.3704,N,,08/2024,Analyst
13-2052.00,1.A.1.a.2,Written Comprehension,LV,4.0,8,0.0,4.0,4.0,N,N,08/2024,Analyst
13-2052.00,1.A.1.a.3,Oral Expression,IM,4.0,8,0.0,4.0,4.0,N,,08/2024,Analyst
13-2052.00,1.A.1.a.3,Oral Expression,LV,4.5,8,0.189,4.1296,4.8704,N,N,08/2024,Analyst
13-2052.00,1.A.1.a.4,Written Expression,IM,3.75,8,0.1637,3.4292,4.0708,N,,08/2024,Analyst
13-2052.00,1.A.1.a.4,Written Expression,LV,4.0,8,0.0,4.0,4.0,N,N,08/2024,Analyst
13-2052.00,1.A.1.b.1,Fluency of Ideas,IM,3.12,8,0.125,2.88,3.37,N,,08/2024,Analyst
13-2052.00,1.A.1.b.1,Fluency of Ideas,LV,3.38,8,0.183,3.0164,3.7336,N,N,08/2024,Analyst
13-2052.00,1.A.1.b.2,Originality,IM,3.0,8,0.0,3.0,3.0,N,,08/2024,Analyst
13-2052.00,1.A.1.b.2,Originality,LV,3.0,8,0.0,3.0,3.0,N,N,08/2024,Analyst
13-2052.00,1.A.1.b.3,Problem Sensitivity,IM,3.62,8,0.183,3.2664,3.9836,N,,08/2024,Analyst
13-2052.00,1.A.1.b.3,Problem Sensitivity,LV,4.0,8,0.0,4.0,4.0,N,N,08/2024,Analyst
13-2052.00,1.A.1.b.4,Deductive Reasoning,IM,3.75,8,0.1637,3.4292,4.0708,N,,08/2024,Analyst
13-2052.00,1.A.1.b.4,Deductive Reasoning,LV,4.62,8,0.183,4.2664,4.9836,N,N,08/2024,Analyst
13-2052.00,1.A.1.b.5,Inductive Reasoning,IM,3.88,8,0.2266,3.4309,4.3191,N,,08/2024,Analyst
13-2052.00,1.A.1.b.5,Inductive Reasoning,LV,4.0,8,0.0,4.0,4.0,N,N,08/2024,Analyst
13-2052.00,1.A.1.b.6,Information Ordering,IM,3.38,8,0.183,3.0164,3.7336,N,,08/2024,Analyst
13-2052.00,1.A.1.b.6,Information Ordering,LV,3.25,8,0.1637,2.9292,3.5708,N,N,08/2024,Analyst
13-2052.00,1.A.1.b.7,Category Flexibility,IM,3.0,8,0.0,3.0,3.0,N,,08/2024,Analyst
13-2052.00,1.A.1.b.7,Category Flexibility,LV,3.0,8,0.0,3.0,3.0,N,N,08/2024,Analyst
13-2052.00,1.A.1.c.1,Mathematical Reasoning,IM,3.62,8,0.183,3.2664,3.9836,N,,08/2024,Analyst
13-2052.00,1.A.1.c.1,Mathematical Reasoning,LV,3.62,8,0.183,3.2664,3.9836,N,N,08/2024,Analyst
13-2052.00,1.A.1.c.2,Number Facility,IM,3.75,8,0.1637,3.4292,4.0708,N,,08/2024,Analyst
13-2052.00,1.A.1.c.2,Number Facility,LV,4.12,8,0.2266,3.6809,4.5691,N,N,08/2024,Analyst
13-2052.00,1.A.1.d.1,Memorization,IM,2.62,8,0.183,2.2664,2.9836,N,,08/2024,Analyst
13-2052.00,1.A.1.d.1,Memorization,LV,2.62,8,0.183,2.2664,2.9836,N,N,08/2024,Analyst
13-2052.00,1.A.1.e.1,Speed of Closure,IM,2.62,8,0.183,2.2664,2.9836,N,,08/2024,Analyst
13-2052.00,1.A.1.e.1,Speed of Closure,LV,2.62,8,0.183,2.2664,2.9836,N,N,08/2024,Analyst
13-2052.00,1.A.1.e.2,Flexibility of Closure,IM,2.75,8,0.1637,2.4292,3.0708,N,,08/2024,Analyst
13-2052.00,1.A.1.e.2,Flexibility of Closure,LV,2.88,8,0.125,2.63,3.12,N,N,08/2024,Analyst
13-2052.00,1.A.1.e.3,Perceptual Speed,IM,2.88,8,0.125,2.63,3.12,N,,08/2024,Analyst
13-2052.00,1.A.1.e.3,Perceptual Speed,LV,2.75,8,0.1637,2.4292,3.0708,N,N,08/2024,Analyst
13-2052.00,1.A.1.f.1,Spatial Orientation,IM,1.0,8,0.0,1.0,1.0,N,,08/2024,Analyst
13-2052.00,1.A.1.f.1,Spatial Orientation,LV,0.0,8,0.0,0.0,0.0,N,Y,08/2024,Analyst
13-2052.00,1.A.1.f.2,Visualization,IM,2.0,8,0.0,2.0,2.0,N,,08/2024,Analyst
13-2052.00,1.A.1.f.2,Visualization,LV,1.88,8,0.125,1.63,2.12,N,N,08/2024,Analyst
13-2052.00,1.A.1.g.1,Selective Attention,IM,2.88,8,0.125,2.63,3.12,N,,08/2024,Analyst
13-2052.00,1.A.1.g.1,Selective Attention,LV,2.62,8,0.183,2.2664,2.9836,N,N,08/2024,Analyst
13-2052.00,1.A.1.g.2,Time Sharing,IM,2.62,8,0.183,2.2664,2.9836,N,,08/2024,Analyst
13-2052.00,1.A.1.g.2,Time Sharing,LV,2.5,8,0.189,2.1296,2.8704,N,N,08/2024,Analyst
13-2052.00,1.A.2.a.1,Arm-Hand Steadiness,IM,1.0,8,0.0,1.0,1.0,N,,08/2024,Analyst
13-2052.00,1.A.2.a.1,Arm-Hand Steadiness,LV,0.0,8,0.0,0.0,0.0,N,Y,08/2024,Analyst
13-2052.00,1.A.2.a.2,Manual Dexterity,IM,1.0,8,0.0,1.0,1.0,N,,08/2024,Analyst
13-2052.00,1.A.2.a.2,Manual Dexterity,LV,0.0,8,0.0,0.0,0.0,N,Y,08/2024,Analyst
13-2052.00,1.A.2.a.3,Finger Dexterity,IM,1.38,8,0.183,1.0164,1.7336,N,,08/2024,Analyst
13-2052.00,1.A.2.a.3,Finger Dexterity,LV,0.38,8,0.183,0.0164,0.7336,N,N,08/2024,Analyst
13-2052.00,1.A.2.b.1,Control Precision,IM,1.0,8,0.0,1.0,1.0,N,,08/2024,Analyst
13-2052.00,1.A.2.b.1,Control Precision,LV,0.0,8,0.0,0.0,0.0,N,Y,08/2024,Analyst
13-2052.00,1.A.2.b.2,Multilimb Coordination,IM,1.0,8,0.0,1.0,1.0,N,,08/2024,Analyst
13-2052.00,1.A.2.b.2,Multilimb Coordination,LV,0.0,8,0.0,0.0,0.0,N,Y,08/2024,Analyst
13-2052.00,1.A.2.b.3,Response Orientation,IM,1.0,8,0.0,1.0,1.0,N,,08/2024,Analyst
13-2052.00,1.A.2.b.3,Response Orientation,LV,0.0,8,0.0,0.0,0.0,N,Y,08/2024,Analyst
13-2052.00,1.A.2.b.4,Rate Control,IM,1.0,8,0.0,1.0,1.0,N,,08/2024,Analyst
13-2052.00,1.A.2.b.4,Rate Control,LV,0.0,8,0.0,0.0,0.0,N,Y,08/2024,Analyst
13-2052.00,1.A.2.c.1,Reaction Time,IM,1.0,8,0.0,1.0,1.0,N,,08/2024,Analyst
13-2052.00,1.A.2.c.1,Reaction Time,LV,0.0,8,0.0,0.0,0.0,N,Y,08/2024,Analyst
13-2052.00,1.A.2.c.2,Wrist-Finger Speed,IM,1.5,8,0.189,1.1296,1.8704,N,,08/2024,Analyst
13-2052.00,1.A.2.c.2,Wrist-Finger Speed,LV,0.5,8,0.189,0.1296,0.8704,N,N,08/2024,Analyst
13-2052.00,1.A.2.c.3,Speed of Limb Movement,IM,1.0,8,0.0,1.0,1.0,N,,08/2024,Analyst
13-2052.00,1.A.2.c.3,Speed of Limb Movement,LV,0.0,8,0.0,0.0,0.0,N,Y,08/2024,Analyst
13-2052.00,1.A.3.a.1,Static Strength,IM,1.0,8,0.0,1.0,1.0,N,,08/2024,Analyst
13-2052.00,1.A.3.a.1,Static Strength,LV,0.0,8,0.0,0.0,0.0,N,Y,08/2024,Analyst
13-2052.00,1.A.3.a.2,Explosive Strength,IM,1.0,8,0.0,1.0,1.0,N,,08/2024,Analyst
13-2052.00,1.A.3.a.2,Explosive Strength,LV,0.0,8,0.0,0.0,0.0,N,Y,08/2024,Analyst
13-2052.00,1.A.3.a.3,Dynamic Strength,IM,1.0,8,0.0,1.0,1.0,N,,08/2024,Analyst
13-2052.00,1.A.3.a.3,Dynamic Strength,LV,0.0,8,0.0,0.0,0.0,N,Y,08/2024,Analyst
13-2052.00,1.A.3.a.4,Trunk Strength,IM,1.75,8,0.1637,1.4292,2.0708,N,,08/2024,Analyst
13-2052.00,1.A.3.a.4,Trunk Strength,LV,1.12,8,0.295,0.5467,1.7033,N,N,08/2024,Analyst
13-2052.00,1.A.3.b.1,Stamina,IM,1.0,8,0.0,1.0,1.0,N,,08/2024,Analyst
13-2052.00,1.A.3.b.1,Stamina,LV,0.0,8,0.0,0.0,0.0,N,Y,08/2024,Analyst
13-2052.00,1.A.3.c.1,Extent Flexibility,IM,1.0,8,0.0,1.0,1.0,N,,08/2024,Analyst
13-2052.00,1.A.3.c.1,Extent Flexibility,LV,0.0,8,0.0,0.0,0.0,N,Y,08/2024,Analyst
13-2052.00,1.A.3.c.2,Dynamic Flexibility,IM,1.0,8,0.0,1.0,1.0,N,,08/2024,Analyst
13-2052.00,1.A.3.c.2,Dynamic Flexibility,LV,0.0,8,0.0,0.0,0.0,N,Y,08/2024,Analyst
13-2052.00,1.A.3.c.3,Gross Body Coordination,IM,1.0,8,0.0,1.0,1.0,N,,08/2024,Analyst
13-2052.00,1.A.3.c.3,Gross Body Coordination,LV,0.0,8,0.0,0.0,0.0,N,Y,08/2024,Analyst
13-2052.00,1.A.3.c.4,Gross Body Equilibrium,IM,1.0,8,0.0,1.0,1.0,N,,08/2024,Analyst
13-2052.00,1.A.3.c.4,Gross Body Equilibrium,LV,0.0,8,0.0,0.0,0.0,N,Y,08/2024,Analyst
13-2052.00,1.A.4.a.1,Near Vision,IM,3.75,8,0.1637,3.4292,4.0708,N,,08/2024,Analyst
13-2052.00,1.A.4.a.1,Near Vision,LV,4.12,8,0.125,3.88,4.37,N,N,08/2024,Analyst
13-2052.00,1.A.4.a.2,Far Vision,IM,2.5,8,0.189,2.1296,2.8704,N,,08/2024,Analyst
13-2052.00,1.A.4.a.2,Far Vision,LV,2.38,8,0.183,2.0164,2.7336,N,N,08/2024,Analyst
13-2052.00,1.A.4.a.3,Visual Color Discrimination,IM,1.75,8,0.1637,1.4292,2.0708,N,,08/2024,Analyst
13-2052.00,1.A.4.a.3,Visual Color Discrimination,LV,1.5,8,0.3273,0.8584,2.1416,N,N,08/2024,Analyst
13-2052.00,1.A.4.a.4,Night Vision,IM,1.0,8,0.0,1.0,1.0,N,,08/2024,Analyst
13-2052.00,1.A.4.a.4,Night Vision,LV,0.0,8,0.0,0.0,0.0,N,Y,08/2024,Analyst
13-2052.00,1.A.4.a.5,Peripheral Vision,IM,1.0,8,0.0,1.0,1.0,N,,08/2024,Analyst
13-2052.00,1.A.4.a.5,Peripheral Vision,LV,0.0,8,0.0,0.0,0.0,N,Y,08/2024,Analyst
13-2052.00,1.A.4.a.6,Depth Perception,IM,1.38,8,0.183,1.0164,1.7336,N,,08/2024,Analyst
13-2052.00,1.A.4.a.6,Depth Perception,LV,0.38,8,0.183,0.0164,0.7336,N,N,08/2024,Analyst
13-2052.00,1.A.4.a.7,Glare Sensitivity,IM,1.0,8,0.0,1.0,1.0,N,,08/2024,Analyst
13-2052.00,1.A.4.a.7,Glare Sensitivity,LV,0.0,8,0.0,0.0,0.0,N,Y,08/2024,Analyst
13-2052.00,1.A.4.b.1,Hearing Sensitivity,IM,1.62,8,0.183,1.2664,1.9836,N,,08/2024,Analyst
13-2052.00,1.A.4.b.1,Hearing Sensitivity,LV,0.75,8,0.25,0.26,1.24,N,N,08/2024,Analyst
13-2052.00,1.A.4.b.2,Auditory Attention,IM,1.75,8,0.1637,1.4292,2.0708,N,,08/2024,Analyst
13-2052.00,1.A.4.b.2,Auditory Attention,LV,1.12,8,0.295,0.5467,1.7033,N,N,08/2024,Analyst
13-2052.00,1.A.4.b.3,Sound Localization,IM,1.0,8,0.0,1.0,1.0,N,,08/2024,Analyst
13-2052.00,1.A.4.b.3,Sound Localization,LV,0.0,8,0.0,0.0,0.0,N,Y,08/2024,Analyst
13-2052.00,1.A.4.b.4,Speech Recognition,IM,3.62,8,0.183,3.2664,3.9836,N,,08/2024,Analyst
13-2052.00,1.A.4.b.4,Speech Recognition,LV,3.88,8,0.125,3.63,4.12,N,N,08/2024,Analyst
13-2052.00,1.A.4.b.5,Speech Clarity,IM,4.0,8,0.0,4.0,4.0,N,,08/2024,Analyst
13-2052.00,1.A.4.b.5,Speech Clarity,LV,3.88,8,0.125,3.63,4.12,N,N,08/2024,Analyst
13-2053.00,1.A.1.a.1,Oral Comprehension,IM,3.5,8,0.189,3.1296,3.8704,N,,08/2018,Analyst
13-2053.00,1.A.1.a.1,Oral Comprehension,LV,3.88,8,0.125,3.63,4.12,N,N,08/2018,Analyst
13-2053.00,1.A.1.a.2,Written Comprehension,IM,3.88,8,0.2266,3.4309,4.3191,N,,08/2018,Analyst
13-2053.00,1.A.1.a.2,Written Comprehension,LV,4.25,8,0.1637,3.9292,4.5708,N,N,08/2018,Analyst
13-2053.00,1.A.1.a.3,Oral Expression,IM,3.62,8,0.183,3.2664,3.9836,N,,08/2018,Analyst
13-2053.00,1.A.1.a.3,Oral Expression,LV,3.88,8,0.125,3.63,4.12,N,N,08/2018,Analyst
13-2053.00,1.A.1.a.4,Written Expression,IM,3.75,8,0.1637,3.4292,4.0708,N,,08/2018,Analyst
13-2053.00,1.A.1.a.4,Written Expression,LV,3.88,8,0.125,3.63,4.12,N,N,08/2018,Analyst
13-2053.00,1.A.1.b.1,Fluency of Ideas,IM,2.88,8,0.125,2.63,3.12,N,,08/2018,Analyst
13-2053.00,1.A.1.b.1,Fluency of Ideas,LV,2.75,8,0.1637,2.4292,3.0708,N,N,08/2018,Analyst
13-2053.00,1.A.1.b.2,Originality,IM,2.88,8,0.125,2.63,3.12,N,,08/2018,Analyst
13-2053.00,1.A.1.b.2,Originality,LV,2.75,8,0.1637,2.4292,3.0708,N,N,08/2018,Analyst
13-2053.00,1.A.1.b.3,Problem Sensitivity,IM,3.38,8,0.183,3.0164,3.7336,N,,08/2018,Analyst
13-2053.00,1.A.1.b.3,Problem Sensitivity,LV,3.75,8,0.1637,3.4292,4.0708,N,N,08/2018,Analyst
13-2053.00,1.A.1.b.4,Deductive Reasoning,IM,3.5,8,0.189,3.1296,3.8704,N,,08/2018,Analyst
13-2053.00,1.A.1.b.4,Deductive Reasoning,LV,3.75,8,0.1637,3.4292,4.0708,N,N,08/2018,Analyst
13-2053.00,1.A.1.b.5,Inductive Reasoning,IM,3.75,8,0.1637,3.4292,4.0708,N,,08/2018,Analyst
13-2053.00,1.A.1.b.5,Inductive Reasoning,LV,3.88,8,0.125,3.63,4.12,N,N,08/2018,Analyst
13-2053.00,1.A.1.b.6,Information Ordering,IM,3.12,8,0.125,2.88,3.37,N,,08/2018,Analyst
13-2053.00,1.A.1.b.6,Information Ordering,LV,3.38,8,0.183,3.0164,3.7336,N,N,08/2018,Analyst
13-2053.00,1.A.1.b.7,Category Flexibility,IM,3.25,8,0.1637,2.9292,3.5708,N,,08/2018,Analyst
13-2053.00,1.A.1.b.7,Category Flexibility,LV,3.25,8,0.1637,2.9292,3.5708,N,N,08/2018,Analyst
13-2053.00,1.A.1.c.1,Mathematical Reasoning,IM,2.88,8,0.125,2.63,3.12,N,,08/2018,Analyst
13-2053.00,1.A.1.c.1,Mathematical Reasoning,LV,2.88,8,0.125,2.63,3.12,N,N,08/2018,Analyst
13-2053.00,1.A.1.c.2,Number Facility,IM,2.75,8,0.1637,2.4292,3.0708,N,,08/2018,Analyst
13-2053.00,1.A.1.c.2,Number Facility,LV,2.75,8,0.1637,2.4292,3.0708,N,N,08/2018,Analyst
13-2053.00,1.A.1.d.1,Memorization,IM,2.12,8,0.125,1.88,2.37,N,,08/2018,Analyst
13-2053.00,1.A.1.d.1,Memorization,LV,1.88,8,0.125,1.63,2.12,N,N,08/2018,Analyst
13-2053.00,1.A.1.e.1,Speed of Closure,IM,2.25,8,0.1637,1.9292,2.5708,N,,08/2018,Analyst
13-2053.00,1.A.1.e.1,Speed of Closure,LV,2.0,8,0.0,2.0,2.0,N,N,08/2018,Analyst
13-2053.00,1.A.1.e.2,Flexibility of Closure,IM,3.0,8,0.189,2.6296,3.3704,N,,08/2018,Analyst
13-2053.00,1.A.1.e.2,Flexibility of Closure,LV,3.0,8,0.189,2.6296,3.3704,N,N,08/2018,Analyst
13-2053.00,1.A.1.e.3,Perceptual Speed,IM,2.5,8,0.189,2.1296,2.8704,N,,08/2018,Analyst
13-2053.00,1.A.1.e.3,Perceptual Speed,LV,2.25,8,0.1637,1.9292,2.5708,N,N,08/2018,Analyst
13-2053.00,1.A.1.f.1,Spatial Orientation,IM,1.0,8,0.0,1.0,1.0,N,,08/2018,Analyst
13-2053.00,1.A.1.f.1,Spatial Orientation,LV,0.0,8,0.0,0.0,0.0,N,Y,08/2018,Analyst
13-2053.00,1.A.1.f.2,Visualization,IM,2.0,8,0.0,2.0,2.0,N,,08/2018,Analyst
13-2053.00,1.A.1.f.2,Visualization,LV,2.12,8,0.125,1.88,2.37,N,N,08/2018,Analyst
13-2053.00,1.A.1.g.1,Selective Attention,IM,2.88,8,0.125,2.63,3.12,N,,08/2018,Analyst
13-2053.00,1.A.1.g.1,Selective Attention,LV,2.75,8,0.1637,2.4292,3.0708,N,N,08/2018,Analyst
13-2053.00,1.A.1.g.2,Time Sharing,IM,2.38,8,0.183,2.0164,2.7336,N,,08/2018,Analyst
13-2053.00,1.A.1.g.2,Time Sharing,LV,2.0,8,0.0,2.0,2.0,N,N,08/2018,Analyst
13-2053.00,1.A.2.a.1,Arm-Hand Steadiness,IM,1.75,8,0.1637,1.4292,2.0708,N,,08/2018,Analyst
13-2053.00,1.A.2.a.1,Arm-Hand Steadiness,LV,0.75,8,0.1637,0.4292,1.0708,N,N,08/2018,Analyst
13-2053.00,1.A.2.a.2,Manual Dexterity,IM,1.75,8,0.1637,1.4292,2.0708,N,,08/2018,Analyst
13-2053.00,1.A.2.a.2,Manual Dexterity,LV,0.75,8,0.1637,0.4292,1.0708,N,N,08/2018,Analyst
13-2053.00,1.A.2.a.3,Finger Dexterity,IM,1.88,8,0.125,1.63,2.12,N,,08/2018,Analyst
13-2053.00,1.A.2.a.3,Finger Dexterity,LV,1.62,8,0.2631,1.1094,2.1406,N,N,08/2018,Analyst
13-2053.00,1.A.2.b.1,Control Precision,IM,1.75,8,0.1637,1.4292,2.0708,N,,08/2018,Analyst
13-2053.00,1.A.2.b.1,Control Precision,LV,0.88,8,0.2266,0.4309,1.3191,N,N,08/2018,Analyst
13-2053.00,1.A.2.b.2,Multilimb Coordination,IM,1.0,8,0.0,1.0,1.0,N,,08/2018,Analyst
13-2053.00,1.A.2.b.2,Multilimb Coordination,LV,0.0,8,0.0,0.0,0.0,N,Y,08/2018,Analyst
13-2053.00,1.A.2.b.3,Response Orientation,IM,1.0,8,0.0,1.0,1.0,N,,08/2018,Analyst
13-2053.00,1.A.2.b.3,Response Orientation,LV,0.0,8,0.0,0.0,0.0,N,Y,08/2018,Analyst
13-2053.00,1.A.2.b.4,Rate Control,IM,1.0,8,0.0,1.0,1.0,N,,08/2018,Analyst
13-2053.00,1.A.2.b.4,Rate Control,LV,0.0,8,0.0,0.0,0.0,N,Y,08/2018,Analyst
13-2053.00,1.A.2.c.1,Reaction Time,IM,1.0,8,0.0,1.0,1.0,N,,08/2018,Analyst
13-2053.00,1.A.2.c.1,Reaction Time,LV,0.0,8,0.0,0.0,0.0,N,Y,08/2018,Analyst
13-2053.00,1.A.2.c.2,Wrist-Finger Speed,IM,1.25,8,0.1637,1.0,1.5708,N,,08/2018,Analyst
13-2053.00,1.A.2.c.2,Wrist-Finger Speed,LV,0.5,8,0.3273,0.0,1.1416,N,Y,08/2018,Analyst
13-2053.00,1.A.2.c.3,Speed of Limb Movement,IM,1.0,8,0.0,1.0,1.0,N,,08/2018,Analyst
13-2053.00,1.A.2.c.3,Speed of Limb Movement,LV,0.0,8,0.0,0.0,0.0,N,Y,08/2018,Analyst
13-2053.00,1.A.3.a.1,Static Strength,IM,1.0,8,0.0,1.0,1.0,N,,08/2018,Analyst
13-2053.00,1.A.3.a.1,Static Strength,LV,0.0,8,0.0,0.0,0.0,N,Y,08/2018,Analyst
13-2053.00,1.A.3.a.2,Explosive Strength,IM,1.0,8,0.0,1.0,1.0,N,,08/2018,Analyst
13-2053.00,1.A.3.a.2,Explosive Strength,LV,0.0,8,0.0,0.0,0.0,N,Y,08/2018,Analyst
13-2053.00,1.A.3.a.3,Dynamic Strength,IM,1.25,8,0.1637,1.0,1.5708,N,,08/2018,Analyst
13-2053.00,1.A.3.a.3,Dynamic Strength,LV,0.25,8,0.1637,0.0,0.5708,N,Y,08/2018,Analyst
13-2053.00,1.A.3.a.4,Trunk Strength,IM,1.38,8,0.183,1.0164,1.7336,N,,08/2018,Analyst
13-2053.00,1.A.3.a.4,Trunk Strength,LV,0.62,8,0.3239,0.0,1.2598,N,N,08/2018,Analyst
13-2053.00,1.A.3.b.1,Stamina,IM,1.0,8,0.0,1.0,1.0,N,,08/2018,Analyst
13-2053.00,1.A.3.b.1,Stamina,LV,0.0,8,0.0,0.0,0.0,N,Y,08/2018,Analyst
13-2053.00,1.A.3.c.1,Extent Flexibility,IM,1.0,8,0.0,1.0,1.0,N,,08/2018,Analyst
13-2053.00,1.A.3.c.1,Extent Flexibility,LV,0.0,8,0.0,0.0,0.0,N,Y,08/2018,Analyst
13-2053.00,1.A.3.c.2,Dynamic Flexibility,IM,1.0,8,0.0,1.0,1.0,N,,08/2018,Analyst
13-2053.00,1.A.3.c.2,Dynamic Flexibility,LV,0.0,8,0.0,0.0,0.0,N,Y,08/2018,Analyst
13-2053.00,1.A.3.c.3,Gross Body Coordination,IM,1.0,8,0.0,1.0,1.0,N,,08/2018,Analyst
13-2053.00,1.A.3.c.3,Gross Body Coordination,LV,0.0,8,0.0,0.0,0.0,N,Y,08/2018,Analyst
13-2053.00,1.A.3.c.4,Gross Body Equilibrium,IM,1.0,8,0.0,1.0,1.0,N,,08/2018,Analyst
13-2053.00,1.A.3.c.4,Gross Body Equilibrium,LV,0.0,8,0.0,0.0,0.0,N,Y,08/2018,Analyst
13-2053.00,1.A.4.a.1,Near Vision,IM,3.25,8,0.1637,2.9292,3.5708,N,,08/2018,Analyst
13-2053.00,1.A.4.a.1,Near Vision,LV,3.62,8,0.183,3.2664,3.9836,N,N,08/2018,Analyst
13-2053.00,1.A.4.a.2,Far Vision,IM,2.38,8,0.183,2.0164,2.7336,N,,08/2018,Analyst
13-2053.00,1.A.4.a.2,Far Vision,LV,2.25,8,0.1637,1.9292,2.5708,N,N,08/2018,Analyst
13-2053.00,1.A.4.a.3,Visual Color Discrimination,IM,2.0,8,0.0,2.0,2.0,N,,08/2018,Analyst
13-2053.00,1.A.4.a.3,Visual Color Discrimination,LV,1.75,8,0.1637,1.4292,2.0708,N,N,08/2018,Analyst
13-2053.00,1.A.4.a.4,Night Vision,IM,1.0,8,0.0,1.0,1.0,N,,08/2018,Analyst
13-2053.00,1.A.4.a.4,Night Vision,LV,0.0,8,0.0,0.0,0.0,N,Y,08/2018,Analyst
13-2053.00,1.A.4.a.5,Peripheral Vision,IM,1.0,8,0.0,1.0,1.0,N,,08/2018,Analyst
13-2053.00,1.A.4.a.5,Peripheral Vision,LV,0.0,8,0.0,0.0,0.0,N,Y,08/2018,Analyst
13-2053.00,1.A.4.a.6,Depth Perception,IM,1.75,8,0.1637,1.4292,2.0708,N,,08/2018,Analyst
13-2053.00,1.A.4.a.6,Depth Perception,LV,0.88,8,0.2266,0.4309,1.3191,N,N,08/2018,Analyst
13-2053.00,1.A.4.a.7,Glare Sensitivity,IM,1.0,8,0.0,1.0,1.0,N,,08/2018,Analyst
13-2053.00,1.A.4.a.7,Glare Sensitivity,LV,0.0,8,0.0,0.0,0.0,N,Y,08/2018,Analyst
13-2053.00,1.A.4.b.1,Hearing Sensitivity,IM,1.75,8,0.1637,1.4292,2.0708,N,,08/2018,Analyst
13-2053.00,1.A.4.b.1,Hearing Sensitivity,LV,1.0,8,0.2673,0.4762,1.5238,N,N,08/2018,Analyst
13-2053.00,1.A.4.b.2,Auditory Attention,IM,1.75,8,0.1637,1.4292,2.0708,N,,08/2018,Analyst
13-2053.00,1.A.4.b.2,Auditory Attention,LV,0.88,8,0.2266,0.4309,1.3191,N,N,08/2018,Analyst
13-2053.00,1.A.4.b.3,Sound Localization,IM,1.0,8,0.0,1.0,1.0,N,,08/2018,Analyst
13-2053.00,1.A.4.b.3,Sound Localization,LV,0.0,8,0.0,0.0,0.0,N,Y,08/2018,Analyst
13-2053.00,1.A.4.b.4,Speech Recognition,IM,3.25,8,0.1637,2.9292,3.5708,N,,08/2018,Analyst
13-2053.00,1.A.4.b.4,Speech Recognition,LV,3.25,8,0.1637,2.9292,3.5708,N,N,08/2018,Analyst
13-2053.00,1.A.4.b.5,Speech Clarity,IM,3.38,8,0.183,3.0164,3.7336,N,,08/2018,Analyst
13-2053.00,1.A.4.b.5,Speech Clarity,LV,3.12,8,0.125,2.88,3.37,N,N,08/2018,Analyst
13-2061.00,1.A.1.a.1,Oral Comprehension,IM,4.0,8,0.0,4.0,4.0,N,,08/2020,Analyst
13-2061.00,1.A.1.a.1,Oral Comprehension,LV,4.62,8,0.183,4.2664,4.9836,N,N,08/2020,Analyst
13-2061.00,1.A.1.a.2,Written Comprehension,IM,4.25,8,0.1637,3.9292,4.5708,N,,08/2020,Analyst
13-2061.00,1.A.1.a.2,Written Comprehension,LV,4.75,8,0.1637,4.4292,5.0708,N,N,08/2020,Analyst
13-2061.00,1.A.1.a.3,Oral Expression,IM,4.12,8,0.125,3.88,4.37,N,,08/2020,Analyst
13-2061.00,1.A.1.a.3,Oral Expression,LV,4.88,8,0.125,4.63,5.12,N,N,08/2020,Analyst
13-2061.00,1.A.1.a.4,Written Expression,IM,4.0,8,0.0,4.0,4.0,N,,08/2020,Analyst
13-2061.00,1.A.1.a.4,Written Expression,LV,4.12,8,0.125,3.88,4.37,N,N,08/2020,Analyst
13-2061.00,1.A.1.b.1,Fluency of Ideas,IM,3.0,8,0.189,2.6296,3.3704,N,,08/2020,Analyst
13-2061.00,1.A.1.b.1,Fluency of Ideas,LV,3.38,8,0.183,3.0164,3.7336,N,N,08/2020,Analyst
13-2061.00,1.A.1.b.2,Originality,IM,3.0,8,0.189,2.6296,3.3704,N,,08/2020,Analyst
13-2061.00,1.A.1.b.2,Originality,LV,3.12,8,0.2266,2.6809,3.5691,N,N,08/2020,Analyst
13-2061.00,1.A.1.b.3,Problem Sensitivity,IM,4.0,8,0.0,4.0,4.0,N,,08/2020,Analyst
13-2061.00,1.A.1.b.3,Problem Sensitivity,LV,4.25,8,0.1637,3.9292,4.5708,N,N,08/2020,Analyst
13-2061.00,1.A.1.b.4,Deductive Reasoning,IM,4.12,8,0.125,3.88,4.37,N,,08/2020,Analyst
13-2061.00,1.A.1.b.4,Deductive Reasoning,LV,4.62,8,0.183,4.2664,4.9836,N,N,08/2020,Analyst
13-2061.00,1.A.1.b.5,Inductive Reasoning,IM,4.12,8,0.125,3.88,4.37,N,,08/2020,Analyst
13-2061.00,1.A.1.b.5,Inductive Reasoning,LV,4.5,8,0.2673,3.9762,5.0238,N,N,08/2020,Analyst
13-2061.00,1.A.1.b.6,Information Ordering,IM,3.75,8,0.1637,3.4292,4.0708,N,,08/2020,Analyst
13-2061.00,1.A.1.b.6,Information Ordering,LV,3.88,8,0.125,3.63,4.12,N,N,08/2020,Analyst
13-2061.00,1.A.1.b.7,Category Flexibility,IM,3.88,8,0.125,3.63,4.12,N,,08/2020,Analyst
13-2061.00,1.A.1.b.7,Category Flexibility,LV,4.0,8,0.0,4.0,4.0,N,N,08/2020,Analyst
13-2061.00,1.A.1.c.1,Mathematical Reasoning,IM,3.5,8,0.189,3.1296,3.8704,N,,08/2020,Analyst
13-2061.00,1.A.1.c.1,Mathematical Reasoning,LV,3.88,8,0.125,3.63,4.12,N,N,08/2020,Analyst
13-2061.00,1.A.1.c.2,Number Facility,IM,3.12,8,0.125,2.88,3.37,N,,08/2020,Analyst
13-2061.00,1.A.1.c.2,Number Facility,LV,4.0,8,0.189,3.6296,4.3704,N,N,08/2020,Analyst
13-2061.00,1.A.1.d.1,Memorization,IM,2.75,8,0.1637,2.4292,3.0708,N,,08/2020,Analyst
13-2061.00,1.A.1.d.1,Memorization,LV,2.88,8,0.2266,2.4309,3.3191,N,N,08/2020,Analyst
13-2061.00,1.A.1.e.1,Speed of Closure,IM,3.0,8,0.189,2.6296,3.3704,N,,08/2020,Analyst
13-2061.00,1.A.1.e.1,Speed of Closure,LV,3.0,8,0.189,2.6296,3.3704,N,N,08/2020,Analyst
13-2061.00,1.A.1.e.2,Flexibility of Closure,IM,3.12,8,0.2266,2.6809,3.5691,N,,08/2020,Analyst
13-2061.00,1.A.1.e.2,Flexibility of Closure,LV,3.12,8,0.2266,2.6809,3.5691,N,N,08/2020,Analyst
13-2061.00,1.A.1.e.3,Perceptual Speed,IM,3.0,8,0.189,2.6296,3.3704,N,,08/2020,Analyst
13-2061.00,1.A.1.e.3,Perceptual Speed,LV,3.0,8,0.189,2.6296,3.3704,N,N,08/2020,Analyst
13-2061.00,1.A.1.f.1,Spatial Orientation,IM,1.0,8,0.0,1.0,1.0,N,,08/2020,Analyst
13-2061.00,1.A.1.f.1,Spatial Orientation,LV,0.0,8,0.0,0.0,0.0,N,Y,08/2020,Analyst
13-2061.00,1.A.1.f.2,Visualization,IM,2.38,8,0.183,2.0164,2.7336,N,,08/2020,Analyst
13-2061.00,1.A.1.f.2,Visualization,LV,2.12,8,0.125,1.88,2.37,N,N,08/2020,Analyst
13-2061.00,1.A.1.g.1,Selective Attention,IM,3.12,8,0.125,2.88,3.37,N,,08/2020,Analyst
13-2061.00,1.A.1.g.1,Selective Attention,LV,3.0,8,0.0,3.0,3.0,N,N,08/2020,Analyst
13-2061.00,1.A.1.g.2,Time Sharing,IM,2.38,8,0.183,2.0164,2.7336,N,,08/2020,Analyst
13-2061.00,1.A.1.g.2,Time Sharing,LV,2.0,8,0.0,2.0,2.0,N,N,08/2020,Analyst
13-2061.00,1.A.2.a.1,Arm-Hand Steadiness,IM,1.12,8,0.125,1.0,1.37,N,,08/2020,Analyst
13-2061.00,1.A.2.a.1,Arm-Hand Steadiness,LV,0.12,8,0.125,0.0,0.37,N,Y,08/2020,Analyst
13-2061.00,1.A.2.a.2,Manual Dexterity,IM,1.12,8,0.125,1.0,1.37,N,,08/2020,Analyst
13-2061.00,1.A.2.a.2,Manual Dexterity,LV,0.12,8,0.125,0.0,0.37,N,Y,08/2020,Analyst
13-2061.00,1.A.2.a.3,Finger Dexterity,IM,1.75,8,0.1637,1.4292,2.0708,N,,08/2020,Analyst
13-2061.00,1.A.2.a.3,Finger Dexterity,LV,1.38,8,0.3239,0.7402,2.0098,N,N,08/2020,Analyst
13-2061.00,1.A.2.b.1,Control Precision,IM,1.0,8,0.0,1.0,1.0,N,,08/2020,Analyst
13-2061.00,1.A.2.b.1,Control Precision,LV,0.0,8,0.0,0.0,0.0,N,Y,08/2020,Analyst
13-2061.00,1.A.2.b.2,Multilimb Coordination,IM,1.0,8,0.0,1.0,1.0,N,,08/2020,Analyst
13-2061.00,1.A.2.b.2,Multilimb Coordination,LV,0.0,8,0.0,0.0,0.0,N,Y,08/2020,Analyst
13-2061.00,1.A.2.b.3,Response Orientation,IM,1.0,8,0.0,1.0,1.0,N,,08/2020,Analyst
13-2061.00,1.A.2.b.3,Response Orientation,LV,0.0,8,0.0,0.0,0.0,N,Y,08/2020,Analyst
13-2061.00,1.A.2.b.4,Rate Control,IM,1.0,8,0.0,1.0,1.0,N,,08/2020,Analyst
13-2061.00,1.A.2.b.4,Rate Control,LV,0.0,8,0.0,0.0,0.0,N,Y,08/2020,Analyst
13-2061.00,1.A.2.c.1,Reaction Time,IM,1.0,8,0.0,1.0,1.0,N,,08/2020,Analyst
13-2061.00,1.A.2.c.1,Reaction Time,LV,0.0,8,0.0,0.0,0.0,N,Y,08/2020,Analyst
13-2061.00,1.A.2.c.2,Wrist-Finger Speed,IM,1.38,8,0.183,1.0164,1.7336,N,,08/2020,Analyst
13-2061.00,1.A.2.c.2,Wrist-Finger Speed,LV,0.5,8,0.2673,0.0,1.0238,N,N,08/2020,Analyst
13-2061.00,1.A.2.c.3,Speed of Limb Movement,IM,1.0,8,0.0,1.0,1.0,N,,08/2020,Analyst
13-2061.00,1.A.2.c.3,Speed of Limb Movement,LV,0.0,8,0.0,0.0,0.0,N,Y,08/2020,Analyst
13-2061.00,1.A.3.a.1,Static Strength,IM,1.0,8,0.0,1.0,1.0,N,,08/2020,Analyst
13-2061.00,1.A.3.a.1,Static Strength,LV,0.0,8,0.0,0.0,0.0,N,Y,08/2020,Analyst
13-2061.00,1.A.3.a.2,Explosive Strength,IM,1.0,8,0.0,1.0,1.0,N,,08/2020,Analyst
13-2061.00,1.A.3.a.2,Explosive Strength,LV,0.0,8,0.0,0.0,0.0,N,Y,08/2020,Analyst
13-2061.00,1.A.3.a.3,Dynamic Strength,IM,1.0,8,0.0,1.0,1.0,N,,08/2020,Analyst
13-2061.00,1.A.3.a.3,Dynamic Strength,LV,0.0,8,0.0,0.0,0.0,N,Y,08/2020,Analyst
13-2061.00,1.A.3.a.4,Trunk Strength,IM,1.62,8,0.183,1.2664,1.9836,N,,08/2020,Analyst
13-2061.00,1.A.3.a.4,Trunk Strength,LV,1.12,8,0.3504,0.4383,1.8117,N,N,08/2020,Analyst
13-2061.00,1.A.3.b.1,Stamina,IM,1.0,8,0.0,1.0,1.0,N,,08/2020,Analyst
13-2061.00,1.A.3.b.1,Stamina,LV,0.0,8,0.0,0.0,0.0,N,Y,08/2020,Analyst
13-2061.00,1.A.3.c.1,Extent Flexibility,IM,1.0,8,0.0,1.0,1.0,N,,08/2020,Analyst
13-2061.00,1.A.3.c.1,Extent Flexibility,LV,0.0,8,0.0,0.0,0.0,N,Y,08/2020,Analyst
13-2061.00,1.A.3.c.2,Dynamic Flexibility,IM,1.0,8,0.0,1.0,1.0,N,,08/2020,Analyst
13-2061.00,1.A.3.c.2,Dynamic Flexibility,LV,0.0,8,0.0,0.0,0.0,N,Y,08/2020,Analyst
13-2061.00,1.A.3.c.3,Gross Body Coordination,IM,1.0,8,0.0,1.0,1.0,N,,08/2020,Analyst
13-2061.00,1.A.3.c.3,Gross Body Coordination,LV,0.0,8,0.0,0.0,0.0,N,Y,08/2020,Analyst
13-2061.00,1.A.3.c.4,Gross Body Equilibrium,IM,1.0,8,0.0,1.0,1.0,N,,08/2020,Analyst
13-2061.00,1.A.3.c.4,Gross Body Equilibrium,LV,0.0,8,0.0,0.0,0.0,N,Y,08/2020,Analyst
13-2061.00,1.A.4.a.1,Near Vision,IM,4.0,8,0.0,4.0,4.0,N,,08/2020,Analyst
13-2061.00,1.A.4.a.1,Near Vision,LV,4.12,8,0.125,3.88,4.37,N,N,08/2020,Analyst
13-2061.00,1.A.4.a.2,Far Vision,IM,2.62,8,0.183,2.2664,2.9836,N,,08/2020,Analyst
13-2061.00,1.A.4.a.2,Far Vision,LV,2.75,8,0.1637,2.4292,3.0708,N,N,08/2020,Analyst
13-2061.00,1.A.4.a.3,Visual Color Discrimination,IM,2.0,8,0.189,1.6296,2.3704,N,,08/2020,Analyst
13-2061.00,1.A.4.a.3,Visual Color Discrimination,LV,1.75,8,0.25,1.26,2.24,N,N,08/2020,Analyst
13-2061.00,1.A.4.a.4,Night Vision,IM,1.0,8,0.0,1.0,1.0,N,,08/2020,Analyst
13-2061.00,1.A.4.a.4,Night Vision,LV,0.0,8,0.0,0.0,0.0,N,Y,08/2020,Analyst
13-2061.00,1.A.4.a.5,Peripheral Vision,IM,1.0,8,0.0,1.0,1.0,N,,08/2020,Analyst
13-2061.00,1.A.4.a.5,Peripheral Vision,LV,0.0,8,0.0,0.0,0.0,N,Y,08/2020,Analyst
13-2061.00,1.A.4.a.6,Depth Perception,IM,1.25,8,0.1637,1.0,1.5708,N,,08/2020,Analyst
13-2061.00,1.A.4.a.6,Depth Perception,LV,0.25,8,0.1637,0.0,0.5708,N,Y,08/2020,Analyst
13-2061.00,1.A.4.a.7,Glare Sensitivity,IM,1.0,8,0.0,1.0,1.0,N,,08/2020,Analyst
13-2061.00,1.A.4.a.7,Glare Sensitivity,LV,0.0,8,0.0,0.0,0.0,N,Y,08/2020,Analyst
13-2061.00,1.A.4.b.1,Hearing Sensitivity,IM,1.75,8,0.1637,1.4292,2.0708,N,,08/2020,Analyst
13-2061.00,1.A.4.b.1,Hearing Sensitivity,LV,1.38,8,0.3239,0.7402,2.0098,N,N,08/2020,Analyst
13-2061.00,1.A.4.b.2,Auditory Attention,IM,1.88,8,0.125,1.63,2.12,N,,08/2020,Analyst
13-2061.00,1.A.4.b.2,Auditory Attention,LV,1.75,8,0.25,1.26,2.24,N,N,08/2020,Analyst
13-2061.00,1.A.4.b.3,Sound Localization,IM,1.0,8,0.0,1.0,1.0,N,,08/2020,Analyst
13-2061.00,1.A.4.b.3,Sound Localization,LV,0.0,8,0.0,0.0,0.0,N,Y,08/2020,Analyst
13-2061.00,1.A.4.b.4,Speech Recognition,IM,3.88,8,0.125,3.63,4.12,N,,08/2020,Analyst
13-2061.00,1.A.4.b.4,Speech Recognition,LV,3.88,8,0.125,3.63,4.12,N,N,08/2020,Analyst
13-2061.00,1.A.4.b.5,Speech Clarity,IM,3.88,8,0.125,3.63,4.12,N,,08/2020,Analyst
13-2061.00,1.A.4.b.5,Speech Clarity,LV,3.88,8,0.2266,3.4309,4.3191,N,N,08/2020,Analyst
13-2071.00,1.A.1.a.1,Oral Comprehension,IM,4.0,8,0.0,4.0,4.0,N,,08/2020,Analyst
13-2071.00,1.A.1.a.1,Oral Comprehension,LV,4.0,8,0.0,4.0,4.0,N,N,08/2020,Analyst
13-2071.00,1.A.1.a.2,Written Comprehension,IM,3.88,8,0.125,3.63,4.12,N,,08/2020,Analyst
13-2071.00,1.A.1.a.2,Written Comprehension,LV,4.0,8,0.0,4.0,4.0,N,N,08/2020,Analyst
13-2071.00,1.A.1.a.3,Oral Expression,IM,4.12,8,0.125,3.88,4.37,N,,08/2020,Analyst
13-2071.00,1.A.1.a.3,Oral Expression,LV,4.0,8,0.0,4.0,4.0,N,N,08/2020,Analyst
13-2071.00,1.A.1.a.4,Written Expression,IM,3.75,8,0.1637,3.4292,4.0708,N,,08/2020,Analyst
13-2071.00,1.A.1.a.4,Written Expression,LV,4.0,8,0.0,4.0,4.0,N,N,08/2020,Analyst
13-2071.00,1.A.1.b.1,Fluency of Ideas,IM,3.12,8,0.125,2.88,3.37,N,,08/2020,Analyst
13-2071.00,1.A.1.b.1,Fluency of Ideas,LV,3.62,8,0.183,3.2664,3.9836,N,N,08/2020,Analyst
13-2071.00,1.A.1.b.2,Originality,IM,2.88,8,0.125,2.63,3.12,N,,08/2020,Analyst
13-2071.00,1.A.1.b.2,Originality,LV,3.12,8,0.125,2.88,3.37,N,N,08/2020,Analyst
13-2071.00,1.A.1.b.3,Problem Sensitivity,IM,3.75,8,0.1637,3.4292,4.0708,N,,08/2020,Analyst
13-2071.00,1.A.1.b.3,Problem Sensitivity,LV,3.88,8,0.125,3.63,4.12,N,N,08/2020,Analyst
13-2071.00,1.A.1.b.4,Deductive Reasoning,IM,3.75,8,0.1637,3.4292,4.0708,N,,08/2020,Analyst
13-2071.00,1.A.1.b.4,Deductive Reasoning,LV,3.75,8,0.1637,3.4292,4.0708,N,N,08/2020,Analyst
13-2071.00,1.A.1.b.5,Inductive Reasoning,IM,3.75,8,0.1637,3.4292,4.0708,N,,08/2020,Analyst
13-2071.00,1.A.1.b.5,Inductive Reasoning,LV,3.75,8,0.1637,3.4292,4.0708,N,N,08/2020,Analyst
13-2071.00,1.A.1.b.6,Information Ordering,IM,3.25,8,0.1637,2.9292,3.5708,N,,08/2020,Analyst
13-2071.00,1.A.1.b.6,Information Ordering,LV,3.12,8,0.125,2.88,3.37,N,N,08/2020,Analyst
13-2071.00,1.A.1.b.7,Category Flexibility,IM,2.88,8,0.125,2.63,3.12,N,,08/2020,Analyst
13-2071.00,1.A.1.b.7,Category Flexibility,LV,3.0,8,0.0,3.0,3.0,N,N,08/2020,Analyst
13-2071.00,1.A.1.c.1,Mathematical Reasoning,IM,3.12,8,0.125,2.88,3.37,N,,08/2020,Analyst
13-2071.00,1.A.1.c.1,Mathematical Reasoning,LV,3.12,8,0.125,2.88,3.37,N,N,08/2020,Analyst
13-2071.00,1.A.1.c.2,Number Facility,IM,3.12,8,0.125,2.88,3.37,N,,08/2020,Analyst
13-2071.00,1.A.1.c.2,Number Facility,LV,3.12,8,0.125,2.88,3.37,N,N,08/2020,Analyst
13-2071.00,1.A.1.d.1,Memorization,IM,2.12,8,0.125,1.88,2.37,N,,08/2020,Analyst
13-2071.00,1.A.1.d.1,Memorization,LV,2.25,8,0.1637,1.9292,2.5708,N,N,08/2020,Analyst
13-2071.00,1.A.1.e.1,Speed of Closure,IM,2.5,8,0.189,2.1296,2.8704,N,,08/2020,Analyst
13-2071.00,1.A.1.e.1,Speed of Closure,LV,2.25,8,0.1637,1.9292,2.5708,N,N,08/2020,Analyst
13-2071.00,1.A.1.e.2,Flexibility of Closure,IM,2.62,8,0.183,2.2664,2.9836,N,,08/2020,Analyst
13-2071.00,1.A.1.e.2,Flexibility of Closure,LV,2.75,8,0.1637,2.4292,3.0708,N,N,08/2020,Analyst
13-2071.00,1.A.1.e.3,Perceptual Speed,IM,2.62,8,0.183,2.2664,2.9836,N,,08/2020,Analyst
13-2071.00,1.A.1.e.3,Perceptual Speed,LV,2.12,8,0.125,1.88,2.37,N,N,08/2020,Analyst
13-2071.00,1.A.1.f.1,Spatial Orientation,IM,1.0,8,0.0,1.0,1.0,N,,08/2020,Analyst
13-2071.00,1.A.1.f.1,Spatial Orientation,LV,0.0,8,0.0,0.0,0.0,N,Y,08/2020,Analyst
13-2071.00,1.A.1.f.2,Visualization,IM,2.12,8,0.125,1.88,2.37,N,,08/2020,Analyst
13-2071.00,1.A.1.f.2,Visualization,LV,2.0,8,0.189,1.6296,2.3704,N,N,08/2020,Analyst
13-2071.00,1.A.1.g.1,Selective Attention,IM,3.0,8,0.0,3.0,3.0,N,,08/2020,Analyst
13-2071.00,1.A.1.g.1,Selective Attention,LV,3.0,8,0.0,3.0,3.0,N,N,08/2020,Analyst
13-2071.00,1.A.1.g.2,Time Sharing,IM,2.75,8,0.1637,2.4292,3.0708,N,,08/2020,Analyst
13-2071.00,1.A.1.g.2,Time Sharing,LV,2.5,8,0.189,2.1296,2.8704,N,N,08/2020,Analyst
13-2071.00,1.A.2.a.1,Arm-Hand Steadiness,IM,1.5,8,0.189,1.1296,1.8704,N,,08/2020,Analyst
13-2071.00,1.A.2.a.1,Arm-Hand Steadiness,LV,0.88,8,0.3504,0.1883,1.5617,N,N,08/2020,Analyst
13-2071.00,1.A.2.a.2,Manual Dexterity,IM,1.5,8,0.189,1.1296,1.8704,N,,08/2020,Analyst
13-2071.00,1.A.2.a.2,Manual Dexterity,LV,0.62,8,0.2631,0.1094,1.1406,N,N,08/2020,Analyst
13-2071.00,1.A.2.a.3,Finger Dexterity,IM,2.0,8,0.0,2.0,2.0,N,,08/2020,Analyst
13-2071.00,1.A.2.a.3,Finger Dexterity,LV,1.5,8,0.189,1.1296,1.8704,N,N,08/2020,Analyst
13-2071.00,1.A.2.b.1,Control Precision,IM,1.5,8,0.189,1.1296,1.8704,N,,08/2020,Analyst
13-2071.00,1.A.2.b.1,Control Precision,LV,0.62,8,0.2631,0.1094,1.1406,N,N,08/2020,Analyst
13-2071.00,1.A.2.b.2,Multilimb Coordination,IM,1.0,8,0.0,1.0,1.0,N,,08/2020,Analyst
13-2071.00,1.A.2.b.2,Multilimb Coordination,LV,0.0,8,0.0,0.0,0.0,N,Y,08/2020,Analyst
13-2071.00,1.A.2.b.3,Response Orientation,IM,1.0,8,0.0,1.0,1.0,N,,08/2020,Analyst
13-2071.00,1.A.2.b.3,Response Orientation,LV,0.0,8,0.0,0.0,0.0,N,Y,08/2020,Analyst
13-2071.00,1.A.2.b.4,Rate Control,IM,1.0,8,0.0,1.0,1.0,N,,08/2020,Analyst
13-2071.00,1.A.2.b.4,Rate Control,LV,0.0,8,0.0,0.0,0.0,N,Y,08/2020,Analyst
13-2071.00,1.A.2.c.1,Reaction Time,IM,1.0,8,0.0,1.0,1.0,N,,08/2020,Analyst
13-2071.00,1.A.2.c.1,Reaction Time,LV,0.0,8,0.0,0.0,0.0,N,Y,08/2020,Analyst
13-2071.00,1.A.2.c.2,Wrist-Finger Speed,IM,1.38,8,0.183,1.0164,1.7336,N,,08/2020,Analyst
13-2071.00,1.A.2.c.2,Wrist-Finger Speed,LV,0.38,8,0.183,0.0164,0.7336,N,N,08/2020,Analyst
13-2071.00,1.A.2.c.3,Speed of Limb Movement,IM,1.0,8,0.0,1.0,1.0,N,,08/2020,Analyst
13-2071.00,1.A.2.c.3,Speed of Limb Movement,LV,0.0,8,0.0,0.0,0.0,N,Y,08/2020,Analyst
13-2071.00,1.A.3.a.1,Static Strength,IM,1.0,8,0.0,1.0,1.0,N,,08/2020,Analyst
13-2071.00,1.A.3.a.1,Static Strength,LV,0.0,8,0.0,0.0,0.0,N,Y,08/2020,Analyst
13-2071.00,1.A.3.a.2,Explosive Strength,IM,1.0,8,0.0,1.0,1.0,N,,08/2020,Analyst
13-2071.00,1.A.3.a.2,Explosive Strength,LV,0.0,8,0.0,0.0,0.0,N,Y,08/2020,Analyst
13-2071.00,1.A.3.a.3,Dynamic Strength,IM,1.38,8,0.183,1.0164,1.7336,N,,08/2020,Analyst
13-2071.00,1.A.3.a.3,Dynamic Strength,LV,0.38,8,0.183,0.0164,0.7336,N,N,08/2020,Analyst
13-2071.00,1.A.3.a.4,Trunk Strength,IM,1.38,8,0.183,1.0164,1.7336,N,,08/2020,Analyst
13-2071.00,1.A.3.a.4,Trunk Strength,LV,0.5,8,0.2673,0.0,1.0238,N,N,08/2020,Analyst
13-2071.00,1.A.3.b.1,Stamina,IM,1.0,8,0.0,1.0,1.0,N,,08/2020,Analyst
13-2071.00,1.A.3.b.1,Stamina,LV,0.0,8,0.0,0.0,0.0,N,Y,08/2020,Analyst
13-2071.00,1.A.3.c.1,Extent Flexibility,IM,1.0,8,0.0,1.0,1.0,N,,08/2020,Analyst
13-2071.00,1.A.3.c.1,Extent Flexibility,LV,0.0,8,0.0,0.0,0.0,N,Y,08/2020,Analyst
13-2071.00,1.A.3.c.2,Dynamic Flexibility,IM,1.0,8,0.0,1.0,1.0,N,,08/2020,Analyst
13-2071.00,1.A.3.c.2,Dynamic Flexibility,LV,0.0,8,0.0,0.0,0.0,N,Y,08/2020,Analyst
13-2071.00,1.A.3.c.3,Gross Body Coordination,IM,1.0,8,0.0,1.0,1.0,N,,08/2020,Analyst
13-2071.00,1.A.3.c.3,Gross Body Coordination,LV,0.0,8,0.0,0.0,0.0,N,Y,08/2020,Analyst
13-2071.00,1.A.3.c.4,Gross Body Equilibrium,IM,1.0,8,0.0,1.0,1.0,N,,08/2020,Analyst
13-2071.00,1.A.3.c.4,Gross Body Equilibrium,LV,0.0,8,0.0,0.0,0.0,N,Y,08/2020,Analyst
13-2071.00,1.A.4.a.1,Near Vision,IM,3.25,8,0.1637,2.9292,3.5708,N,,08/2020,Analyst
13-2071.00,1.A.4.a.1,Near Vision,LV,3.25,8,0.1637,2.9292,3.5708,N,N,08/2020,Analyst
13-2071.00,1.A.4.a.2,Far Vision,IM,1.88,8,0.125,1.63,2.12,N,,08/2020,Analyst
13-2071.00,1.A.4.a.2,Far Vision,LV,1.75,8,0.25,1.26,2.24,N,N,08/2020,Analyst
13-2071.00,1.A.4.a.3,Visual Color Discrimination,IM,1.88,8,0.125,1.63,2.12,N,,08/2020,Analyst
13-2071.00,1.A.4.a.3,Visual Color Discrimination,LV,1.38,8,0.2631,0.8594,1.8906,N,N,08/2020,Analyst
13-2071.00,1.A.4.a.4,Night Vision,IM,1.0,8,0.0,1.0,1.0,N,,08/2020,Analyst
13-2071.00,1.A.4.a.4,Night Vision,LV,0.0,8,0.0,0.0,0.0,N,Y,08/2020,Analyst
13-2071.00,1.A.4.a.5,Peripheral Vision,IM,1.0,8,0.0,1.0,1.0,N,,08/2020,Analyst
13-2071.00,1.A.4.a.5,Peripheral Vision,LV,0.0,8,0.0,0.0,0.0,N,Y,08/2020,Analyst
13-2071.00,1.A.4.a.6,Depth Perception,IM,1.0,8,0.0,1.0,1.0,N,,08/2020,Analyst
13-2071.00,1.A.4.a.6,Depth Perception,LV,0.0,8,0.0,0.0,0.0,N,Y,08/2020,Analyst
13-2071.00,1.A.4.a.7,Glare Sensitivity,IM,1.0,8,0.0,1.0,1.0,N,,08/2020,Analyst
13-2071.00,1.A.4.a.7,Glare Sensitivity,LV,0.0,8,0.0,0.0,0.0,N,Y,08/2020,Analyst
13-2071.00,1.A.4.b.1,Hearing Sensitivity,IM,2.0,8,0.0,2.0,2.0,N,,08/2020,Analyst
13-2071.00,1.A.4.b.1,Hearing Sensitivity,LV,1.62,8,0.183,1.2664,1.9836,N,N,08/2020,Analyst
13-2071.00,1.A.4.b.2,Auditory Attention,IM,1.62,8,0.183,1.2664,1.9836,N,,08/2020,Analyst
13-2071.00,1.A.4.b.2,Auditory Attention,LV,0.88,8,0.295,0.2967,1.4533,N,N,08/2020,Analyst
13-2071.00,1.A.4.b.3,Sound Localization,IM,1.0,8,0.0,1.0,1.0,N,,08/2020,Analyst
13-2071.00,1.A.4.b.3,Sound Localization,LV,0.0,8,0.0,0.0,0.0,N,Y,08/2020,Analyst
13-2071.00,1.A.4.b.4,Speech Recognition,IM,3.25,8,0.1637,2.9292,3.5708,N,,08/2020,Analyst
13-2071.00,1.A.4.b.4,Speech Recognition,LV,3.25,8,0.1637,2.9292,3.5708,N,N,08/2020,Analyst
13-2071.00,1.A.4.b.5,Speech Clarity,IM,3.25,8,0.1637,2.9292,3.5708,N,,08/2020,Analyst
13-2071.00,1.A.4.b.5,Speech Clarity,LV,3.5,8,0.189,3.1296,3.8704,N,N,08/2020,Analyst
13-2072.00,1.A.1.a.1,Oral Comprehension,IM,4.0,8,0.0,4.0,4.0,N,,08/2020,Analyst
13-2072.00,1.A.1.a.1,Oral Comprehension,LV,4.12,8,0.125,3.88,4.37,N,N,08/2020,Analyst
13-2072.00,1.A.1.a.2,Written Comprehension,IM,4.0,8,0.0,4.0,4.0,N,,08/2020,Analyst
13-2072.00,1.A.1.a.2,Written Comprehension,LV,4.0,8,0.0,4.0,4.0,N,N,08/2020,Analyst
13-2072.00,1.A.1.a.3,Oral Expression,IM,4.0,8,0.0,4.0,4.0,N,,08/2020,Analyst
13-2072.00,1.A.1.a.3,Oral Expression,LV,4.12,8,0.125,3.88,4.37,N,N,08/2020,Analyst
13-2072.00,1.A.1.a.4,Written Expression,IM,3.88,8,0.125,3.63,4.12,N,,08/2020,Analyst
13-2072.00,1.A.1.a.4,Written Expression,LV,4.0,8,0.0,4.0,4.0,N,N,08/2020,Analyst
13-2072.00,1.A.1.b.1,Fluency of Ideas,IM,3.0,8,0.0,3.0,3.0,N,,08/2020,Analyst
13-2072.00,1.A.1.b.1,Fluency of Ideas,LV,2.62,8,0.183,2.2664,2.9836,N,N,08/2020,Analyst
13-2072.00,1.A.1.b.2,Originality,IM,2.12,8,0.125,1.88,2.37,N,,08/2020,Analyst
13-2072.00,1.A.1.b.2,Originality,LV,2.5,8,0.189,2.1296,2.8704,N,N,08/2020,Analyst
13-2072.00,1.A.1.b.3,Problem Sensitivity,IM,3.75,8,0.1637,3.4292,4.0708,N,,08/2020,Analyst
13-2072.00,1.A.1.b.3,Problem Sensitivity,LV,3.5,8,0.189,3.1296,3.8704,N,N,08/2020,Analyst
13-2072.00,1.A.1.b.4,Deductive Reasoning,IM,3.75,8,0.1637,3.4292,4.0708,N,,08/2020,Analyst
13-2072.00,1.A.1.b.4,Deductive Reasoning,LV,3.88,8,0.125,3.63,4.12,N,N,08/2020,Analyst
13-2072.00,1.A.1.b.5,Inductive Reasoning,IM,3.75,8,0.1637,3.4292,4.0708,N,,08/2020,Analyst
13-2072.00,1.A.1.b.5,Inductive Reasoning,LV,3.88,8,0.125,3.63,4.12,N,N,08/2020,Analyst
13-2072.00,1.A.1.b.6,Information Ordering,IM,3.12,8,0.125,2.88,3.37,N,,08/2020,Analyst
13-2072.00,1.A.1.b.6,Information Ordering,LV,3.12,8,0.125,2.88,3.37,N,N,08/2020,Analyst
13-2072.00,1.A.1.b.7,Category Flexibility,IM,3.0,8,0.0,3.0,3.0,N,,08/2020,Analyst
13-2072.00,1.A.1.b.7,Category Flexibility,LV,3.0,8,0.0,3.0,3.0,N,N,08/2020,Analyst
13-2072.00,1.A.1.c.1,Mathematical Reasoning,IM,3.25,8,0.1637,2.9292,3.5708,N,,08/2020,Analyst
13-2072.00,1.A.1.c.1,Mathematical Reasoning,LV,3.12,8,0.125,2.88,3.37,N,N,08/2020,Analyst
13-2072.00,1.A.1.c.2,Number Facility,IM,3.25,8,0.1637,2.9292,3.5708,N,,08/2020,Analyst
13-2072.00,1.A.1.c.2,Number Facility,LV,3.5,8,0.189,3.1296,3.8704,N,N,08/2020,Analyst
13-2072.00,1.A.1.d.1,Memorization,IM,2.0,8,0.0,2.0,2.0,N,,08/2020,Analyst
13-2072.00,1.A.1.d.1,Memorization,LV,2.0,8,0.0,2.0,2.0,N,N,08/2020,Analyst
13-2072.00,1.A.1.e.1,Speed of Closure,IM,2.12,8,0.125,1.88,2.37,N,,08/2020,Analyst
13-2072.00,1.A.1.e.1,Speed of Closure,LV,2.12,8,0.125,1.88,2.37,N,N,08/2020,Analyst
13-2072.00,1.A.1.e.2,Flexibility of Closure,IM,2.75,8,0.25,2.26,3.24,N,,08/2020,Analyst
13-2072.00,1.A.1.e.2,Flexibility of Closure,LV,2.38,8,0.183,2.0164,2.7336,N,N,08/2020,Analyst
13-2072.00,1.A.1.e.3,Perceptual Speed,IM,2.25,8,0.1637,1.9292,2.5708,N,,08/2020,Analyst
13-2072.00,1.A.1.e.3,Perceptual Speed,LV,2.12,8,0.125,1.88,2.37,N,N,08/2020,Analyst
13-2072.00,1.A.1.f.1,Spatial Orientation,IM,1.0,8,0.0,1.0,1.0,N,,08/2020,Analyst
13-2072.00,1.A.1.f.1,Spatial Orientation,LV,0.0,8,0.0,0.0,0.0,N,Y,08/2020,Analyst
13-2072.00,1.A.1.f.2,Visualization,IM,1.88,8,0.125,1.63,2.12,N,,08/2020,Analyst
13-2072.00,1.A.1.f.2,Visualization,LV,1.12,8,0.2266,0.6809,1.5691,N,N,08/2020,Analyst
13-2072.00,1.A.1.g.1,Selective Attention,IM,3.0,8,0.189,2.6296,3.3704,N,,08/2020,Analyst
13-2072.00,1.A.1.g.1,Selective Attention,LV,2.38,8,0.2631,1.8594,2.8906,N,N,08/2020,Analyst
13-2072.00,1.A.1.g.2,Time Sharing,IM,2.25,8,0.1637,1.9292,2.5708,N,,08/2020,Analyst
13-2072.00,1.A.1.g.2,Time Sharing,LV,2.12,8,0.125,1.88,2.37,N,N,08/2020,Analyst
13-2072.00,1.A.2.a.1,Arm-Hand Steadiness,IM,2.0,8,0.0,2.0,2.0,N,,08/2020,Analyst
13-2072.00,1.A.2.a.1,Arm-Hand Steadiness,LV,1.0,8,0.0,1.0,1.0,N,N,08/2020,Analyst
13-2072.00,1.A.2.a.2,Manual Dexterity,IM,2.0,8,0.0,2.0,2.0,N,,08/2020,Analyst
13-2072.00,1.A.2.a.2,Manual Dexterity,LV,1.0,8,0.0,1.0,1.0,N,N,08/2020,Analyst
13-2072.00,1.A.2.a.3,Finger Dexterity,IM,2.0,8,0.0,2.0,2.0,N,,08/2020,Analyst
13-2072.00,1.A.2.a.3,Finger Dexterity,LV,1.62,8,0.183,1.2664,1.9836,N,N,08/2020,Analyst
13-2072.00,1.A.2.b.1,Control Precision,IM,1.88,8,0.125,1.63,2.12,N,,08/2020,Analyst
13-2072.00,1.A.2.b.1,Control Precision,LV,0.88,8,0.125,0.63,1.12,N,N,08/2020,Analyst
13-2072.00,1.A.2.b.2,Multilimb Coordination,IM,1.0,8,0.0,1.0,1.0,N,,08/2020,Analyst
13-2072.00,1.A.2.b.2,Multilimb Coordination,LV,0.0,8,0.0,0.0,0.0,N,Y,08/2020,Analyst
13-2072.00,1.A.2.b.3,Response Orientation,IM,1.0,8,0.0,1.0,1.0,N,,08/2020,Analyst
13-2072.00,1.A.2.b.3,Response Orientation,LV,0.0,8,0.0,0.0,0.0,N,Y,08/2020,Analyst
13-2072.00,1.A.2.b.4,Rate Control,IM,1.0,8,0.0,1.0,1.0,N,,08/2020,Analyst
13-2072.00,1.A.2.b.4,Rate Control,LV,0.0,8,0.0,0.0,0.0,N,Y,08/2020,Analyst
13-2072.00,1.A.2.c.1,Reaction Time,IM,1.0,8,0.0,1.0,1.0,N,,08/2020,Analyst
13-2072.00,1.A.2.c.1,Reaction Time,LV,0.0,8,0.0,0.0,0.0,N,Y,08/2020,Analyst
13-2072.00,1.A.2.c.2,Wrist-Finger Speed,IM,1.12,8,0.125,1.0,1.37,N,,08/2020,Analyst
13-2072.00,1.A.2.c.2,Wrist-Finger Speed,LV,0.25,8,0.25,0.0,0.74,N,Y,08/2020,Analyst
13-2072.00,1.A.2.c.3,Speed of Limb Movement,IM,1.0,8,0.0,1.0,1.0,N,,08/2020,Analyst
13-2072.00,1.A.2.c.3,Speed of Limb Movement,LV,0.0,8,0.0,0.0,0.0,N,Y,08/2020,Analyst
13-2072.00,1.A.3.a.1,Static Strength,IM,1.0,8,0.0,1.0,1.0,N,,08/2020,Analyst
13-2072.00,1.A.3.a.1,Static Strength,LV,0.0,8,0.0,0.0,0.0,N,Y,08/2020,Analyst
13-2072.00,1.A.3.a.2,Explosive Strength,IM,1.0,8,0.0,1.0,1.0,N,,08/2020,Analyst
13-2072.00,1.A.3.a.2,Explosive Strength,LV,0.0,8,0.0,0.0,0.0,N,Y,08/2020,Analyst
13-2072.00,1.A.3.a.3,Dynamic Strength,IM,1.25,8,0.1637,1.0,1.5708,N,,08/2020,Analyst
13-2072.00,1.A.3.a.3,Dynamic Strength,LV,0.25,8,0.1637,0.0,0.5708,N,Y,08/2020,Analyst
13-2072.00,1.A.3.a.4,Trunk Strength,IM,1.38,8,0.183,1.0164,1.7336,N,,08/2020,Analyst
13-2072.00,1.A.3.a.4,Trunk Strength,LV,0.62,8,0.3239,0.0,1.2598,N,N,08/2020,Analyst
13-2072.00,1.A.3.b.1,Stamina,IM,1.0,8,0.0,1.0,1.0,N,,08/2020,Analyst
13-2072.00,1.A.3.b.1,Stamina,LV,0.0,8,0.0,0.0,0.0,N,Y,08/2020,Analyst
13-2072.00,1.A.3.c.1,Extent Flexibility,IM,1.0,8,0.0,1.0,1.0,N,,08/2020,Analyst
13-2072.00,1.A.3.c.1,Extent Flexibility,LV,0.0,8,0.0,0.0,0.0,N,Y,08/2020,Analyst
13-2072.00,1.A.3.c.2,Dynamic Flexibility,IM,1.0,8,0.0,1.0,1.0,N,,08/2020,Analyst
13-2072.00,1.A.3.c.2,Dynamic Flexibility,LV,0.0,8,0.0,0.0,0.0,N,Y,08/2020,Analyst
13-2072.00,1.A.3.c.3,Gross Body Coordination,IM,1.0,8,0.0,1.0,1.0,N,,08/2020,Analyst
13-2072.00,1.A.3.c.3,Gross Body Coordination,LV,0.0,8,0.0,0.0,0.0,N,Y,08/2020,Analyst
13-2072.00,1.A.3.c.4,Gross Body Equilibrium,IM,1.0,8,0.0,1.0,1.0,N,,08/2020,Analyst
13-2072.00,1.A.3.c.4,Gross Body Equilibrium,LV,0.0,8,0.0,0.0,0.0,N,Y,08/2020,Analyst
13-2072.00,1.A.4.a.1,Near Vision,IM,3.88,8,0.125,3.63,4.12,N,,08/2020,Analyst
13-2072.00,1.A.4.a.1,Near Vision,LV,4.5,8,0.189,4.1296,4.8704,N,N,08/2020,Analyst
13-2072.00,1.A.4.a.2,Far Vision,IM,2.12,8,0.125,1.88,2.37,N,,08/2020,Analyst
13-2072.00,1.A.4.a.2,Far Vision,LV,1.5,8,0.2673,0.9762,2.0238,N,N,08/2020,Analyst
13-2072.00,1.A.4.a.3,Visual Color Discrimination,IM,2.0,8,0.0,2.0,2.0,N,,08/2020,Analyst
13-2072.00,1.A.4.a.3,Visual Color Discrimination,LV,1.12,8,0.125,0.88,1.37,N,N,08/2020,Analyst
13-2072.00,1.A.4.a.4,Night Vision,IM,1.0,8,0.0,1.0,1.0,N,,08/2020,Analyst
13-2072.00,1.A.4.a.4,Night Vision,LV,0.0,8,0.0,0.0,0.0,N,Y,08/2020,Analyst
13-2072.00,1.A.4.a.5,Peripheral Vision,IM,1.0,8,0.0,1.0,1.0,N,,08/2020,Analyst
13-2072.00,1.A.4.a.5,Peripheral Vision,LV,0.0,8,0.0,0.0,0.0,N,Y,08/2020,Analyst
13-2072.00,1.A.4.a.6,Depth Perception,IM,1.5,8,0.189,1.1296,1.8704,N,,08/2020,Analyst
13-2072.00,1.A.4.a.6,Depth Perception,LV,0.5,8,0.189,0.1296,0.8704,N,N,08/2020,Analyst
13-2072.00,1.A.4.a.7,Glare Sensitivity,IM,1.0,8,0.0,1.0,1.0,N,,08/2020,Analyst
13-2072.00,1.A.4.a.7,Glare Sensitivity,LV,0.0,8,0.0,0.0,0.0,N,Y,08/2020,Analyst
13-2072.00,1.A.4.b.1,Hearing Sensitivity,IM,1.88,8,0.125,1.63,2.12,N,,08/2020,Analyst
13-2072.00,1.A.4.b.1,Hearing Sensitivity,LV,1.12,8,0.2266,0.6809,1.5691,N,N,08/2020,Analyst
13-2072.00,1.A.4.b.2,Auditory Attention,IM,2.12,8,0.125,1.88,2.37,N,,08/2020,Analyst
13-2072.00,1.A.4.b.2,Auditory Attention,LV,1.75,8,0.1637,1.4292,2.0708,N,N,08/2020,Analyst
13-2072.00,1.A.4.b.3,Sound Localization,IM,1.0,8,0.0,1.0,1.0,N,,08/2020,Analyst
13-2072.00,1.A.4.b.3,Sound Localization,LV,0.0,8,0.0,0.0,0.0,N,Y,08/2020,Analyst
13-2072.00,1.A.4.b.4,Speech Recognition,IM,3.75,8,0.1637,3.4292,4.0708,N,,08/2020,Analyst
13-2072.00,1.A.4.b.4,Speech Recognition,LV,4.0,8,0.0,4.0,4.0,N,N,08/2020,Analyst
13-2072.00,1.A.4.b.5,Speech Clarity,IM,3.75,8,0.1637,3.4292,4.0708,N,,08/2020,Analyst
13-2072.00,1.A.4.b.5,Speech Clarity,LV,3.62,8,0.183,3.2664,3.9836,N,N,08/2020,Analyst
13-2081.00,1.A.1.a.1,Oral Comprehension,IM,4.0,8,0.0,4.0,4.0,N,,08/2022,Analyst
13-2081.00,1.A.1.a.1,Oral Comprehension,LV,4.12,8,0.125,3.88,4.37,N,N,08/2022,Analyst
13-2081.00,1.A.1.a.2,Written Comprehension,IM,4.0,8,0.0,4.0,4.0,N,,08/2022,Analyst
13-2081.00,1.A.1.a.2,Written Comprehension,LV,4.12,8,0.125,3.88,4.37,N,N,08/2022,Analyst
13-2081.00,1.A.1.a.3,Oral Expression,IM,4.0,8,0.0,4.0,4.0,N,,08/2022,Analyst
13-2081.00,1.A.1.a.3,Oral Expression,LV,4.12,8,0.125,3.88,4.37,N,N,08/2022,Analyst
13-2081.00,1.A.1.a.4,Written Expression,IM,3.62,8,0.183,3.2664,3.9836,N,,08/2022,Analyst
13-2081.00,1.A.1.a.4,Written Expression,LV,3.88,8,0.125,3.63,4.12,N,N,08/2022,Analyst
13-2081.00,1.A.1.b.1,Fluency of Ideas,IM,2.75,8,0.1637,2.4292,3.0708,N,,08/2022,Analyst
13-2081.00,1.A.1.b.1,Fluency of Ideas,LV,2.88,8,0.125,2.63,3.12,N,N,08/2022,Analyst
13-2081.00,1.A.1.b.2,Originality,IM,2.25,8,0.1637,1.9292,2.5708,N,,08/2022,Analyst
13-2081.00,1.A.1.b.2,Originality,LV,2.62,8,0.183,2.2664,2.9836,N,N,08/2022,Analyst
13-2081.00,1.A.1.b.3,Problem Sensitivity,IM,3.88,8,0.125,3.63,4.12,N,,08/2022,Analyst
13-2081.00,1.A.1.b.3,Problem Sensitivity,LV,3.38,8,0.183,3.0164,3.7336,N,N,08/2022,Analyst
13-2081.00,1.A.1.b.4,Deductive Reasoning,IM,4.0,8,0.0,4.0,4.0,N,,08/2022,Analyst
13-2081.00,1.A.1.b.4,Deductive Reasoning,LV,4.0,8,0.0,4.0,4.0,N,N,08/2022,Analyst
13-2081.00,1.A.1.b.5,Inductive Reasoning,IM,4.0,8,0.0,4.0,4.0,N,,08/2022,Analyst
13-2081.00,1.A.1.b.5,Inductive Reasoning,LV,4.0,8,0.0,4.0,4.0,N,N,08/2022,Analyst
13-2081.00,1.A.1.b.6,Information Ordering,IM,4.0,8,0.0,4.0,4.0,N,,08/2022,Analyst
13-2081.00,1.A.1.b.6,Information Ordering,LV,3.75,8,0.1637,3.4292,4.0708,N,N,08/2022,Analyst
13-2081.00,1.A.1.b.7,Category Flexibility,IM,3.12,8,0.125,2.88,3.37,N,,08/2022,Analyst
13-2081.00,1.A.1.b.7,Category Flexibility,LV,3.12,8,0.125,2.88,3.37,N,N,08/2022,Analyst
13-2081.00,1.A.1.c.1,Mathematical Reasoning,IM,3.12,8,0.125,2.88,3.37,N,,08/2022,Analyst
13-2081.00,1.A.1.c.1,Mathematical Reasoning,LV,3.12,8,0.125,2.88,3.37,N,N,08/2022,Analyst
13-2081.00,1.A.1.c.2,Number Facility,IM,3.12,8,0.125,2.88,3.37,N,,08/2022,Analyst
13-2081.00,1.A.1.c.2,Number Facility,LV,4.0,8,0.189,3.6296,4.3704,N,N,08/2022,Analyst
13-2081.00,1.A.1.d.1,Memorization,IM,2.88,8,0.125,2.63,3.12,N,,08/2022,Analyst
13-2081.00,1.A.1.d.1,Memorization,LV,2.75,8,0.1637,2.4292,3.0708,N,N,08/2022,Analyst
13-2081.00,1.A.1.e.1,Speed of Closure,IM,2.62,8,0.183,2.2664,2.9836,N,,08/2022,Analyst
13-2081.00,1.A.1.e.1,Speed of Closure,LV,2.62,8,0.183,2.2664,2.9836,N,N,08/2022,Analyst
13-2081.00,1.A.1.e.2,Flexibility of Closure,IM,3.0,8,0.0,3.0,3.0,N,,08/2022,Analyst
13-2081.00,1.A.1.e.2,Flexibility of Closure,LV,3.12,8,0.125,2.88,3.37,N,N,08/2022,Analyst
13-2081.00,1.A.1.e.3,Perceptual Speed,IM,2.88,8,0.125,2.63,3.12,N,,08/2022,Analyst
13-2081.00,1.A.1.e.3,Perceptual Speed,LV,2.75,8,0.1637,2.4292,3.0708,N,N,08/2022,Analyst
13-2081.00,1.A.1.f.1,Spatial Orientation,IM,1.0,8,0.0,1.0,1.0,N,,08/2022,Analyst
13-2081.00,1.A.1.f.1,Spatial Orientation,LV,0.0,8,0.0,0.0,0.0,N,Y,08/2022,Analyst
13-2081.00,1.A.1.f.2,Visualization,IM,2.12,8,0.125,1.88,2.37,N,,08/2022,Analyst
13-2081.00,1.A.1.f.2,Visualization,LV,2.12,8,0.125,1.88,2.37,N,N,08/2022,Analyst
13-2081.00,1.A.1.g.1,Selective Attention,IM,2.88,8,0.125,2.63,3.12,N,,08/2022,Analyst
13-2081.00,1.A.1.g.1,Selective Attention,LV,2.5,8,0.189,2.1296,2.8704,N,N,08/2022,Analyst
13-2081.00,1.A.1.g.2,Time Sharing,IM,2.5,8,0.189,2.1296,2.8704,N,,08/2022,Analyst
13-2081.00,1.A.1.g.2,Time Sharing,LV,2.0,8,0.0,2.0,2.0,N,N,08/2022,Analyst
13-2081.00,1.A.2.a.1,Arm-Hand Steadiness,IM,1.88,8,0.125,1.63,2.12,N,,08/2022,Analyst
13-2081.00,1.A.2.a.1,Arm-Hand Steadiness,LV,0.88,8,0.125,0.63,1.12,N,N,08/2022,Analyst
13-2081.00,1.A.2.a.2,Manual Dexterity,IM,1.88,8,0.125,1.63,2.12,N,,08/2022,Analyst
13-2081.00,1.A.2.a.2,Manual Dexterity,LV,1.0,8,0.189,0.6296,1.3704,N,N,08/2022,Analyst
13-2081.00,1.A.2.a.3,Finger Dexterity,IM,2.25,8,0.1637,1.9292,2.5708,N,,08/2022,Analyst
13-2081.00,1.A.2.a.3,Finger Dexterity,LV,2.12,8,0.125,1.88,2.37,N,N,08/2022,Analyst
13-2081.00,1.A.2.b.1,Control Precision,IM,1.62,8,0.183,1.2664,1.9836,N,,08/2022,Analyst
13-2081.00,1.A.2.b.1,Control Precision,LV,0.62,8,0.183,0.2664,0.9836,N,N,08/2022,Analyst
13-2081.00,1.A.2.b.2,Multilimb Coordination,IM,1.0,8,0.0,1.0,1.0,N,,08/2022,Analyst
13-2081.00,1.A.2.b.2,Multilimb Coordination,LV,0.0,8,0.0,0.0,0.0,N,Y,08/2022,Analyst
13-2081.00,1.A.2.b.3,Response Orientation,IM,1.0,8,0.0,1.0,1.0,N,,08/2022,Analyst
13-2081.00,1.A.2.b.3,Response Orientation,LV,0.0,8,0.0,0.0,0.0,N,Y,08/2022,Analyst
13-2081.00,1.A.2.b.4,Rate Control,IM,1.0,8,0.0,1.0,1.0,N,,08/2022,Analyst
13-2081.00,1.A.2.b.4,Rate Control,LV,0.0,8,0.0,0.0,0.0,N,Y,08/2022,Analyst
13-2081.00,1.A.2.c.1,Reaction Time,IM,1.0,8,0.0,1.0,1.0,N,,08/2022,Analyst
13-2081.00,1.A.2.c.1,Reaction Time,LV,0.0,8,0.0,0.0,0.0,N,Y,08/2022,Analyst
13-2081.00,1.A.2.c.2,Wrist-Finger Speed,IM,1.88,8,0.125,1.63,2.12,N,,08/2022,Analyst
13-2081.00,1.A.2.c.2,Wrist-Finger Speed,LV,1.0,8,0.189,0.6296,1.3704,N,N,08/2022,Analyst
13-2081.00,1.A.2.c.3,Speed of Limb Movement,IM,1.0,8,0.0,1.0,1.0,N,,08/2022,Analyst
13-2081.00,1.A.2.c.3,Speed of Limb Movement,LV,0.0,8,0.0,0.0,0.0,N,Y,08/2022,Analyst
13-2081.00,1.A.3.a.1,Static Strength,IM,1.0,8,0.0,1.0,1.0,N,,08/2022,Analyst
13-2081.00,1.A.3.a.1,Static Strength,LV,0.0,8,0.0,0.0,0.0,N,Y,08/2022,Analyst
13-2081.00,1.A.3.a.2,Explosive Strength,IM,1.0,8,0.0,1.0,1.0,N,,08/2022,Analyst
13-2081.00,1.A.3.a.2,Explosive Strength,LV,0.0,8,0.0,0.0,0.0,N,Y,08/2022,Analyst
13-2081.00,1.A.3.a.3,Dynamic Strength,IM,1.25,8,0.1637,1.0,1.5708,N,,08/2022,Analyst
13-2081.00,1.A.3.a.3,Dynamic Strength,LV,0.25,8,0.1637,0.0,0.5708,N,Y,08/2022,Analyst
13-2081.00,1.A.3.a.4,Trunk Strength,IM,1.88,8,0.125,1.63,2.12,N,,08/2022,Analyst
13-2081.00,1.A.3.a.4,Trunk Strength,LV,1.5,8,0.2673,0.9762,2.0238,N,N,08/2022,Analyst
13-2081.00,1.A.3.b.1,Stamina,IM,1.0,8,0.0,1.0,1.0,N,,08/2022,Analyst
13-2081.00,1.A.3.b.1,Stamina,LV,0.0,8,0.0,0.0,0.0,N,Y,08/2022,Analyst
13-2081.00,1.A.3.c.1,Extent Flexibility,IM,1.0,8,0.0,1.0,1.0,N,,08/2022,Analyst
13-2081.00,1.A.3.c.1,Extent Flexibility,LV,0.0,8,0.0,0.0,0.0,N,Y,08/2022,Analyst
13-2081.00,1.A.3.c.2,Dynamic Flexibility,IM,1.0,8,0.0,1.0,1.0,N,,08/2022,Analyst
13-2081.00,1.A.3.c.2,Dynamic Flexibility,LV,0.0,8,0.0,0.0,0.0,N,Y,08/2022,Analyst
13-2081.00,1.A.3.c.3,Gross Body Coordination,IM,1.0,8,0.0,1.0,1.0,N,,08/2022,Analyst
13-2081.00,1.A.3.c.3,Gross Body Coordination,LV,0.0,8,0.0,0.0,0.0,N,Y,08/2022,Analyst
13-2081.00,1.A.3.c.4,Gross Body Equilibrium,IM,1.0,8,0.0,1.0,1.0,N,,08/2022,Analyst
13-2081.00,1.A.3.c.4,Gross Body Equilibrium,LV,0.0,8,0.0,0.0,0.0,N,Y,08/2022,Analyst
13-2081.00,1.A.4.a.1,Near Vision,IM,3.75,8,0.1637,3.4292,4.0708,N,,08/2022,Analyst
13-2081.00,1.A.4.a.1,Near Vision,LV,3.88,8,0.125,3.63,4.12,N,N,08/2022,Analyst
13-2081.00,1.A.4.a.2,Far Vision,IM,2.75,8,0.1637,2.4292,3.0708,N,,08/2022,Analyst
13-2081.00,1.A.4.a.2,Far Vision,LV,2.75,8,0.1637,2.4292,3.0708,N,N,08/2022,Analyst
13-2081.00,1.A.4.a.3,Visual Color Discrimination,IM,1.75,8,0.1637,1.4292,2.0708,N,,08/2022,Analyst
13-2081.00,1.A.4.a.3,Visual Color Discrimination,LV,1.12,8,0.295,0.5467,1.7033,N,N,08/2022,Analyst
13-2081.00,1.A.4.a.4,Night Vision,IM,1.0,8,0.0,1.0,1.0,N,,08/2022,Analyst
13-2081.00,1.A.4.a.4,Night Vision,LV,0.0,8,0.0,0.0,0.0,N,Y,08/2022,Analyst
13-2081.00,1.A.4.a.5,Peripheral Vision,IM,1.0,8,0.0,1.0,1.0,N,,08/2022,Analyst
13-2081.00,1.A.4.a.5,Peripheral Vision,LV,0.0,8,0.0,0.0,0.0,N,Y,08/2022,Analyst
13-2081.00,1.A.4.a.6,Depth Perception,IM,1.25,8,0.1637,1.0,1.5708,N,,08/2022,Analyst
13-2081.00,1.A.4.a.6,Depth Perception,LV,0.25,8,0.1637,0.0,0.5708,N,Y,08/2022,Analyst
13-2081.00,1.A.4.a.7,Glare Sensitivity,IM,1.0,8,0.0,1.0,1.0,N,,08/2022,Analyst
13-2081.00,1.A.4.a.7,Glare Sensitivity,LV,0.0,8,0.0,0.0,0.0,N,Y,08/2022,Analyst
13-2081.00,1.A.4.b.1,Hearing Sensitivity,IM,1.62,8,0.183,1.2664,1.9836,N,,08/2022,Analyst
13-2081.00,1.A.4.b.1,Hearing Sensitivity,LV,0.75,8,0.25,0.26,1.24,N,N,08/2022,Analyst
13-2081.00,1.A.4.b.2,Auditory Attention,IM,2.25,8,0.1637,1.9292,2.5708,N,,08/2022,Analyst
13-2081.00,1.A.4.b.2,Auditory Attention,LV,2.0,8,0.0,2.0,2.0,N,N,08/2022,Analyst
13-2081.00,1.A.4.b.3,Sound Localization,IM,1.0,8,0.0,1.0,1.0,N,,08/2022,Analyst
13-2081.00,1.A.4.b.3,Sound Localization,LV,0.0,8,0.0,0.0,0.0,N,Y,08/2022,Analyst
13-2081.00,1.A.4.b.4,Speech Recognition,IM,3.75,8,0.1637,3.4292,4.0708,N,,08/2022,Analyst
13-2081.00,1.A.4.b.4,Speech Recognition,LV,3.5,8,0.189,3.1296,3.8704,N,N,08/2022,Analyst
13-2081.00,1.A.4.b.5,Speech Clarity,IM,3.75,8,0.1637,3.4292,4.0708,N,,08/2022,Analyst
13-2081.00,1.A.4.b.5,Speech Clarity,LV,3.12,8,0.125,2.88,3.37,N,N,08/2022,Analyst
13-2082.00,1.A.1.a.1,Oral Comprehension,IM,3.88,8,0.125,3.63,4.12,N,,08/2020,Analyst
13-2082.00,1.A.1.a.1,Oral Comprehension,LV,4.0,8,0.0,4.0,4.0,N,N,08/2020,Analyst
13-2082.00,1.A.1.a.2,Written Comprehension,IM,3.88,8,0.125,3.63,4.12,N,,08/2020,Analyst
13-2082.00,1.A.1.a.2,Written Comprehension,LV,4.0,8,0.0,4.0,4.0,N,N,08/2020,Analyst
13-2082.00,1.A.1.a.3,Oral Expression,IM,3.5,8,0.189,3.1296,3.8704,N,,08/2020,Analyst
13-2082.00,1.A.1.a.3,Oral Expression,LV,4.0,8,0.0,4.0,4.0,N,N,08/2020,Analyst
13-2082.00,1.A.1.a.4,Written Expression,IM,3.12,8,0.125,2.88,3.37,N,,08/2020,Analyst
13-2082.00,1.A.1.a.4,Written Expression,LV,3.25,8,0.1637,2.9292,3.5708,N,N,08/2020,Analyst
13-2082.00,1.A.1.b.1,Fluency of Ideas,IM,2.88,8,0.125,2.63,3.12,N,,08/2020,Analyst
13-2082.00,1.A.1.b.1,Fluency of Ideas,LV,3.0,8,0.189,2.6296,3.3704,N,N,08/2020,Analyst
13-2082.00,1.A.1.b.2,Originality,IM,2.75,8,0.1637,2.4292,3.0708,N,,08/2020,Analyst
13-2082.00,1.A.1.b.2,Originality,LV,2.75,8,0.1637,2.4292,3.0708,N,N,08/2020,Analyst
13-2082.00,1.A.1.b.3,Problem Sensitivity,IM,3.12,8,0.125,2.88,3.37,N,,08/2020,Analyst
13-2082.00,1.A.1.b.3,Problem Sensitivity,LV,3.0,8,0.0,3.0,3.0,N,N,08/2020,Analyst
13-2082.00,1.A.1.b.4,Deductive Reasoning,IM,3.62,8,0.183,3.2664,3.9836,N,,08/2020,Analyst
13-2082.00,1.A.1.b.4,Deductive Reasoning,LV,3.75,8,0.1637,3.4292,4.0708,N,N,08/2020,Analyst
13-2082.00,1.A.1.b.5,Inductive Reasoning,IM,3.38,8,0.183,3.0164,3.7336,N,,08/2020,Analyst
13-2082.00,1.A.1.b.5,Inductive Reasoning,LV,3.25,8,0.1637,2.9292,3.5708,N,N,08/2020,Analyst
13-2082.00,1.A.1.b.6,Information Ordering,IM,3.25,8,0.1637,2.9292,3.5708,N,,08/2020,Analyst
13-2082.00,1.A.1.b.6,Information Ordering,LV,3.12,8,0.125,2.88,3.37,N,N,08/2020,Analyst
13-2082.00,1.A.1.b.7,Category Flexibility,IM,3.12,8,0.125,2.88,3.37,N,,08/2020,Analyst
13-2082.00,1.A.1.b.7,Category Flexibility,LV,3.12,8,0.125,2.88,3.37,N,N,08/2020,Analyst
13-2082.00,1.A.1.c.1,Mathematical Reasoning,IM,3.25,8,0.1637,2.9292,3.5708,N,,08/2020,Analyst
13-2082.00,1.A.1.c.1,Mathematical Reasoning,LV,3.38,8,0.183,3.0164,3.7336,N,N,08/2020,Analyst
13-2082.00,1.A.1.c.2,Number Facility,IM,3.25,8,0.1637,2.9292,3.5708,N,,08/2020,Analyst
13-2082.00,1.A.1.c.2,Number Facility,LV,3.62,8,0.183,3.2664,3.9836,N,N,08/2020,Analyst
13-2082.00,1.A.1.d.1,Memorization,IM,2.25,8,0.1637,1.9292,2.5708,N,,08/2020,Analyst
13-2082.00,1.A.1.d.1,Memorization,LV,2.25,8,0.1637,1.9292,2.5708,N,N,08/2020,Analyst
13-2082.00,1.A.1.e.1,Speed of Closure,IM,2.12,8,0.125,1.88,2.37,N,,08/2020,Analyst
13-2082.00,1.A.1.e.1,Speed of Closure,LV,2.12,8,0.125,1.88,2.37,N,N,08/2020,Analyst
13-2082.00,1.A.1.e.2,Flexibility of Closure,IM,2.62,8,0.183,2.2664,2.9836,N,,08/2020,Analyst
13-2082.00,1.A.1.e.2,Flexibility of Closure,LV,2.62,8,0.183,2.2664,2.9836,N,N,08/2020,Analyst
13-2082.00,1.A.1.e.3,Perceptual Speed,IM,2.62,8,0.183,2.2664,2.9836,N,,08/2020,Analyst
13-2082.00,1.A.1.e.3,Perceptual Speed,LV,2.38,8,0.183,2.0164,2.7336,N,N,08/2020,Analyst
13-2082.00,1.A.1.f.1,Spatial Orientation,IM,1.0,8,0.0,1.0,1.0,N,,08/2020,Analyst
13-2082.00,1.A.1.f.1,Spatial Orientation,LV,0.0,8,0.0,0.0,0.0,N,Y,08/2020,Analyst
13-2082.00,1.A.1.f.2,Visualization,IM,2.12,8,0.125,1.88,2.37,N,,08/2020,Analyst
13-2082.00,1.A.1.f.2,Visualization,LV,1.5,8,0.2673,0.9762,2.0238,N,N,08/2020,Analyst
13-2082.00,1.A.1.g.1,Selective Attention,IM,2.88,8,0.2266,2.4309,3.3191,N,,08/2020,Analyst
13-2082.00,1.A.1.g.1,Selective Attention,LV,2.88,8,0.2266,2.4309,3.3191,N,N,08/2020,Analyst
13-2082.00,1.A.1.g.2,Time Sharing,IM,2.0,8,0.0,2.0,2.0,N,,08/2020,Analyst
13-2082.00,1.A.1.g.2,Time Sharing,LV,2.0,8,0.0,2.0,2.0,N,N,08/2020,Analyst
13-2082.00,1.A.2.a.1,Arm-Hand Steadiness,IM,1.88,8,0.125,1.63,2.12,N,,08/2020,Analyst
13-2082.00,1.A.2.a.1,Arm-Hand Steadiness,LV,1.12,8,0.2266,0.6809,1.5691,N,N,08/2020,Analyst
13-2082.00,1.A.2.a.2,Manual Dexterity,IM,1.88,8,0.125,1.63,2.12,N,,08/2020,Analyst
13-2082.00,1.A.2.a.2,Manual Dexterity,LV,1.0,8,0.189,0.6296,1.3704,N,N,08/2020,Analyst
13-2082.00,1.A.2.a.3,Finger Dexterity,IM,2.0,8,0.0,2.0,2.0,N,,08/2020,Analyst
13-2082.00,1.A.2.a.3,Finger Dexterity,LV,1.88,8,0.125,1.63,2.12,N,N,08/2020,Analyst
13-2082.00,1.A.2.b.1,Control Precision,IM,1.5,8,0.189,1.1296,1.8704,N,,08/2020,Analyst
13-2082.00,1.A.2.b.1,Control Precision,LV,0.5,8,0.189,0.1296,0.8704,N,N,08/2020,Analyst
13-2082.00,1.A.2.b.2,Multilimb Coordination,IM,1.0,8,0.0,1.0,1.0,N,,08/2020,Analyst
13-2082.00,1.A.2.b.2,Multilimb Coordination,LV,0.0,8,0.0,0.0,0.0,N,Y,08/2020,Analyst
13-2082.00,1.A.2.b.3,Response Orientation,IM,1.0,8,0.0,1.0,1.0,N,,08/2020,Analyst
13-2082.00,1.A.2.b.3,Response Orientation,LV,0.0,8,0.0,0.0,0.0,N,Y,08/2020,Analyst
13-2082.00,1.A.2.b.4,Rate Control,IM,1.0,8,0.0,1.0,1.0,N,,08/2020,Analyst
13-2082.00,1.A.2.b.4,Rate Control,LV,0.0,8,0.0,0.0,0.0,N,Y,08/2020,Analyst
13-2082.00,1.A.2.c.1,Reaction Time,IM,1.0,8,0.0,1.0,1.0,N,,08/2020,Analyst
13-2082.00,1.A.2.c.1,Reaction Time,LV,0.0,8,0.0,0.0,0.0,N,Y,08/2020,Analyst
13-2082.00,1.A.2.c.2,Wrist-Finger Speed,IM,1.75,8,0.1637,1.4292,2.0708,N,,08/2020,Analyst
13-2082.00,1.A.2.c.2,Wrist-Finger Speed,LV,1.0,8,0.2673,0.4762,1.5238,N,N,08/2020,Analyst
13-2082.00,1.A.2.c.3,Speed of Limb Movement,IM,1.0,8,0.0,1.0,1.0,N,,08/2020,Analyst
13-2082.00,1.A.2.c.3,Speed of Limb Movement,LV,0.0,8,0.0,0.0,0.0,N,Y,08/2020,Analyst
13-2082.00,1.A.3.a.1,Static Strength,IM,1.0,8,0.0,1.0,1.0,N,,08/2020,Analyst
13-2082.00,1.A.3.a.1,Static Strength,LV,0.0,8,0.0,0.0,0.0,N,Y,08/2020,Analyst
13-2082.00,1.A.3.a.2,Explosive Strength,IM,1.0,8,0.0,1.0,1.0,N,,08/2020,Analyst
13-2082.00,1.A.3.a.2,Explosive Strength,LV,0.0,8,0.0,0.0,0.0,N,Y,08/2020,Analyst
13-2082.00,1.A.3.a.3,Dynamic Strength,IM,1.0,8,0.0,1.0,1.0,N,,08/2020,Analyst
13-2082.00,1.A.3.a.3,Dynamic Strength,LV,0.0,8,0.0,0.0,0.0,N,Y,08/2020,Analyst
13-2082.00,1.A.3.a.4,Trunk Strength,IM,1.38,8,0.183,1.0164,1.7336,N,,08/2020,Analyst
13-2082.00,1.A.3.a.4,Trunk Strength,LV,0.75,8,0.366,0.0327,1.4673,N,N,08/2020,Analyst
13-2082.00,1.A.3.b.1,Stamina,IM,1.0,8,0.0,1.0,1.0,N,,08/2020,Analyst
13-2082.00,1.A.3.b.1,Stamina,LV,0.0,8,0.0,0.0,0.0,N,Y,08/2020,Analyst
13-2082.00,1.A.3.c.1,Extent Flexibility,IM,1.0,8,0.0,1.0,1.0,N,,08/2020,Analyst
13-2082.00,1.A.3.c.1,Extent Flexibility,LV,0.0,8,0.0,0.0,0.0,N,Y,08/2020,Analyst
13-2082.00,1.A.3.c.2,Dynamic Flexibility,IM,1.0,8,0.0,1.0,1.0,N,,08/2020,Analyst
13-2082.00,1.A.3.c.2,Dynamic Flexibility,LV,0.0,8,0.0,0.0,0.0,N,Y,08/2020,Analyst
13-2082.00,1.A.3.c.3,Gross Body Coordination,IM,1.0,8,0.0,1.0,1.0,N,,08/2020,Analyst
13-2082.00,1.A.3.c.3,Gross Body Coordination,LV,0.0,8,0.0,0.0,0.0,N,Y,08/2020,Analyst
13-2082.00,1.A.3.c.4,Gross Body Equilibrium,IM,1.0,8,0.0,1.0,1.0,N,,08/2020,Analyst
13-2082.00,1.A.3.c.4,Gross Body Equilibrium,LV,0.0,8,0.0,0.0,0.0,N,Y,08/2020,Analyst
13-2082.00,1.A.4.a.1,Near Vision,IM,4.0,8,0.0,4.0,4.0,N,,08/2020,Analyst
13-2082.00,1.A.4.a.1,Near Vision,LV,4.12,8,0.125,3.88,4.37,N,N,08/2020,Analyst
13-2082.00,1.A.4.a.2,Far Vision,IM,2.12,8,0.125,1.88,2.37,N,,08/2020,Analyst
13-2082.00,1.A.4.a.2,Far Vision,LV,1.88,8,0.125,1.63,2.12,N,N,08/2020,Analyst
13-2082.00,1.A.4.a.3,Visual Color Discrimination,IM,1.75,8,0.1637,1.4292,2.0708,N,,08/2020,Analyst
13-2082.00,1.A.4.a.3,Visual Color Discrimination,LV,1.38,8,0.3239,0.7402,2.0098,N,N,08/2020,Analyst
13-2082.00,1.A.4.a.4,Night Vision,IM,1.0,8,0.0,1.0,1.0,N,,08/2020,Analyst
13-2082.00,1.A.4.a.4,Night Vision,LV,0.0,8,0.0,0.0,0.0,N,Y,08/2020,Analyst
13-2082.00,1.A.4.a.5,Peripheral Vision,IM,1.0,8,0.0,1.0,1.0,N,,08/2020,Analyst
13-2082.00,1.A.4.a.5,Peripheral Vision,LV,0.0,8,0.0,0.0,0.0,N,Y,08/2020,Analyst
13-2082.00,1.A.4.a.6,Depth Perception,IM,1.0,8,0.0,1.0,1.0,N,,08/2020,Analyst
13-2082.00,1.A.4.a.6,Depth Perception,LV,0.0,8,0.0,0.0,0.0,N,Y,08/2020,Analyst
13-2082.00,1.A.4.a.7,Glare Sensitivity,IM,1.0,8,0.0,1.0,1.0,N,,08/2020,Analyst
13-2082.00,1.A.4.a.7,Glare Sensitivity,LV,0.0,8,0.0,0.0,0.0,N,Y,08/2020,Analyst
13-2082.00,1.A.4.b.1,Hearing Sensitivity,IM,1.75,8,0.1637,1.4292,2.0708,N,,08/2020,Analyst
13-2082.00,1.A.4.b.1,Hearing Sensitivity,LV,1.0,8,0.2673,0.4762,1.5238,N,N,08/2020,Analyst
13-2082.00,1.A.4.b.2,Auditory Attention,IM,1.75,8,0.1637,1.4292,2.0708,N,,08/2020,Analyst
13-2082.00,1.A.4.b.2,Auditory Attention,LV,0.88,8,0.2266,0.4309,1.3191,N,N,08/2020,Analyst
13-2082.00,1.A.4.b.3,Sound Localization,IM,1.0,8,0.0,1.0,1.0,N,,08/2020,Analyst
13-2082.00,1.A.4.b.3,Sound Localization,LV,0.0,8,0.0,0.0,0.0,N,Y,08/2020,Analyst
13-2082.00,1.A.4.b.4,Speech Recognition,IM,3.12,8,0.125,2.88,3.37,N,,08/2020,Analyst
13-2082.00,1.A.4.b.4,Speech Recognition,LV,3.12,8,0.125,2.88,3.37,N,N,08/2020,Analyst
13-2082.00,1.A.4.b.5,Speech Clarity,IM,3.25,8,0.1637,2.9292,3.5708,N,,08/2020,Analyst
13-2082.00,1.A.4.b.5,Speech Clarity,LV,3.0,8,0.0,3.0,3.0,N,N,08/2020,Analyst
13-2099.01,1.A.1.a.1,Oral Comprehension,IM,3.88,8,0.125,3.63,4.12,N,,08/2023,Analyst
13-2099.01,1.A.1.a.1,Oral Comprehension,LV,5.0,8,0.0,5.0,5.0,N,N,08/2023,Analyst
13-2099.01,1.A.1.a.2,Written Comprehension,IM,4.0,8,0.0,4.0,4.0,N,,08/2023,Analyst
13-2099.01,1.A.1.a.2,Written Comprehension,LV,4.88,8,0.125,4.63,5.12,N,N,08/2023,Analyst
13-2099.01,1.A.1.a.3,Oral Expression,IM,3.75,8,0.1637,3.4292,4.0708,N,,08/2023,Analyst
13-2099.01,1.A.1.a.3,Oral Expression,LV,4.12,8,0.125,3.88,4.37,N,N,08/2023,Analyst
13-2099.01,1.A.1.a.4,Written Expression,IM,3.88,8,0.125,3.63,4.12,N,,08/2023,Analyst
13-2099.01,1.A.1.a.4,Written Expression,LV,4.0,8,0.0,4.0,4.0,N,N,08/2023,Analyst
13-2099.01,1.A.1.b.1,Fluency of Ideas,IM,3.62,8,0.183,3.2664,3.9836,N,,08/2023,Analyst
13-2099.01,1.A.1.b.1,Fluency of Ideas,LV,3.88,8,0.125,3.63,4.12,N,N,08/2023,Analyst
13-2099.01,1.A.1.b.2,Originality,IM,3.12,8,0.125,2.88,3.37,N,,08/2023,Analyst
13-2099.01,1.A.1.b.2,Originality,LV,3.62,8,0.183,3.2664,3.9836,N,N,08/2023,Analyst
13-2099.01,1.A.1.b.3,Problem Sensitivity,IM,3.75,8,0.1637,3.4292,4.0708,N,,08/2023,Analyst
13-2099.01,1.A.1.b.3,Problem Sensitivity,LV,4.0,8,0.0,4.0,4.0,N,N,08/2023,Analyst
13-2099.01,1.A.1.b.4,Deductive Reasoning,IM,3.88,8,0.125,3.63,4.12,N,,08/2023,Analyst
13-2099.01,1.A.1.b.4,Deductive Reasoning,LV,4.75,8,0.25,4.26,5.24,N,N,08/2023,Analyst
13-2099.01,1.A.1.b.5,Inductive Reasoning,IM,3.75,8,0.1637,3.4292,4.0708,N,,08/2023,Analyst
13-2099.01,1.A.1.b.5,Inductive Reasoning,LV,4.5,8,0.2673,3.9762,5.0238,N,N,08/2023,Analyst
13-2099.01,1.A.1.b.6,Information Ordering,IM,3.75,8,0.1637,3.4292,4.0708,N,,08/2023,Analyst
13-2099.01,1.A.1.b.6,Information Ordering,LV,3.88,8,0.125,3.63,4.12,N,N,08/2023,Analyst
13-2099.01,1.A.1.b.7,Category Flexibility,IM,3.25,8,0.1637,2.9292,3.5708,N,,08/2023,Analyst
13-2099.01,1.A.1.b.7,Category Flexibility,LV,3.88,8,0.2266,3.4309,4.3191,N,N,08/2023,Analyst
13-2099.01,1.A.1.c.1,Mathematical Reasoning,IM,4.38,8,0.183,4.0164,4.7336,N,,08/2023,Analyst
13-2099.01,1.A.1.c.1,Mathematical Reasoning,LV,5.0,8,0.0,5.0,5.0,N,N,08/2023,Analyst
13-2099.01,1.A.1.c.2,Number Facility,IM,3.88,8,0.125,3.63,4.12,N,,08/2023,Analyst
13-2099.01,1.A.1.c.2,Number Facility,LV,4.75,8,0.1637,4.4292,5.0708,N,N,08/2023,Analyst
13-2099.01,1.A.1.d.1,Memorization,IM,2.38,8,0.183,2.0164,2.7336,N,,08/2023,Analyst
13-2099.01,1.A.1.d.1,Memorization,LV,2.25,8,0.25,1.76,2.74,N,N,08/2023,Analyst
13-2099.01,1.A.1.e.1,Speed of Closure,IM,2.62,8,0.183,2.2664,2.9836,N,,08/2023,Analyst
13-2099.01,1.A.1.e.1,Speed of Closure,LV,2.62,8,0.183,2.2664,2.9836,N,N,08/2023,Analyst
13-2099.01,1.A.1.e.2,Flexibility of Closure,IM,2.88,8,0.125,2.63,3.12,N,,08/2023,Analyst
13-2099.01,1.A.1.e.2,Flexibility of Closure,LV,3.0,8,0.0,3.0,3.0,N,N,08/2023,Analyst
13-2099.01,1.A.1.e.3,Perceptual Speed,IM,2.5,8,0.189,2.1296,2.8704,N,,08/2023,Analyst
13-2099.01,1.A.1.e.3,Perceptual Speed,LV,2.5,8,0.189,2.1296,2.8704,N,N,08/2023,Analyst
13-2099.01,1.A.1.f.1,Spatial Orientation,IM,1.0,8,0.0,1.0,1.0,N,,08/2023,Analyst
13-2099.01,1.A.1.f.1,Spatial Orientation,LV,0.0,8,0.0,0.0,0.0,N,Y,08/2023,Analyst
13-2099.01,1.A.1.f.2,Visualization,IM,2.0,8,0.0,2.0,2.0,N,,08/2023,Analyst
13-2099.01,1.A.1.f.2,Visualization,LV,2.0,8,0.189,1.6296,2.3704,N,N,08/2023,Analyst
13-2099.01,1.A.1.g.1,Selective Attention,IM,3.12,8,0.125,2.88,3.37,N,,08/2023,Analyst
13-2099.01,1.A.1.g.1,Selective Attention,LV,2.88,8,0.125,2.63,3.12,N,N,08/2023,Analyst
13-2099.01,1.A.1.g.2,Time Sharing,IM,2.12,8,0.125,1.88,2.37,N,,08/2023,Analyst
13-2099.01,1.A.1.g.2,Time Sharing,LV,1.88,8,0.125,1.63,2.12,N,N,08/2023,Analyst
13-2099.01,1.A.2.a.1,Arm-Hand Steadiness,IM,1.5,8,0.189,1.1296,1.8704,N,,08/2023,Analyst
13-2099.01,1.A.2.a.1,Arm-Hand Steadiness,LV,0.5,8,0.189,0.1296,0.8704,N,N,08/2023,Analyst
13-2099.01,1.A.2.a.2,Manual Dexterity,IM,1.5,8,0.189,1.1296,1.8704,N,,08/2023,Analyst
13-2099.01,1.A.2.a.2,Manual Dexterity,LV,0.5,8,0.189,0.1296,0.8704,N,N,08/2023,Analyst
13-2099.01,1.A.2.a.3,Finger Dexterity,IM,1.62,8,0.183,1.2664,1.9836,N,,08/2023,Analyst
13-2099.01,1.A.2.a.3,Finger Dexterity,LV,0.62,8,0.183,0.2664,0.9836,N,N,08/2023,Analyst
13-2099.01,1.A.2.b.1,Control Precision,IM,1.62,8,0.183,1.2664,1.9836,N,,08/2023,Analyst
13-2099.01,1.A.2.b.1,Control Precision,LV,0.62,8,0.183,0.2664,0.9836,N,N,08/2023,Analyst
13-2099.01,1.A.2.b.2,Multilimb Coordination,IM,1.0,8,0.0,1.0,1.0,N,,08/2023,Analyst
13-2099.01,1.A.2.b.2,Multilimb Coordination,LV,0.0,8,0.0,0.0,0.0,N,Y,08/2023,Analyst
13-2099.01,1.A.2.b.3,Response Orientation,IM,1.0,8,0.0,1.0,1.0,N,,08/2023,Analyst
13-2099.01,1.A.2.b.3,Response Orientation,LV,0.0,8,0.0,0.0,0.0,N,Y,08/2023,Analyst
13-2099.01,1.A.2.b.4,Rate Control,IM,1.0,8,0.0,1.0,1.0,N,,08/2023,Analyst
13-2099.01,1.A.2.b.4,Rate Control,LV,0.0,8,0.0,0.0,0.0,N,Y,08/2023,Analyst
13-2099.01,1.A.2.c.1,Reaction Time,IM,1.0,8,0.0,1.0,1.0,N,,08/2023,Analyst
13-2099.01,1.A.2.c.1,Reaction Time,LV,0.0,8,0.0,0.0,0.0,N,Y,08/2023,Analyst
13-2099.01,1.A.2.c.2,Wrist-Finger Speed,IM,1.88,8,0.125,1.63,2.12,N,,08/2023,Analyst
13-2099.01,1.A.2.c.2,Wrist-Finger Speed,LV,1.0,8,0.189,0.6296,1.3704,N,N,08/2023,Analyst
13-2099.01,1.A.2.c.3,Speed of Limb Movement,IM,1.0,8,0.0,1.0,1.0,N,,08/2023,Analyst
13-2099.01,1.A.2.c.3,Speed of Limb Movement,LV,0.0,8,0.0,0.0,0.0,N,Y,08/2023,Analyst
13-2099.01,1.A.3.a.1,Static Strength,IM,1.0,8,0.0,1.0,1.0,N,,08/2023,Analyst
13-2099.01,1.A.3.a.1,Static Strength,LV,0.0,8,0.0,0.0,0.0,N,Y,08/2023,Analyst
13-2099.01,1.A.3.a.2,Explosive Strength,IM,1.0,8,0.0,1.0,1.0,N,,08/2023,Analyst
13-2099.01,1.A.3.a.2,Explosive Strength,LV,0.0,8,0.0,0.0,0.0,N,Y,08/2023,Analyst
13-2099.01,1.A.3.a.3,Dynamic Strength,IM,1.25,8,0.1637,1.0,1.5708,N,,08/2023,Analyst
13-2099.01,1.A.3.a.3,Dynamic Strength,LV,0.25,8,0.1637,0.0,0.5708,N,Y,08/2023,Analyst
13-2099.01,1.A.3.a.4,Trunk Strength,IM,2.0,8,0.0,2.0,2.0,N,,08/2023,Analyst
13-2099.01,1.A.3.a.4,Trunk Strength,LV,1.62,8,0.183,1.2664,1.9836,N,N,08/2023,Analyst
13-2099.01,1.A.3.b.1,Stamina,IM,1.0,8,0.0,1.0,1.0,N,,08/2023,Analyst
13-2099.01,1.A.3.b.1,Stamina,LV,0.0,8,0.0,0.0,0.0,N,Y,08/2023,Analyst
13-2099.01,1.A.3.c.1,Extent Flexibility,IM,1.0,8,0.0,1.0,1.0,N,,08/2023,Analyst
13-2099.01,1.A.3.c.1,Extent Flexibility,LV,0.0,8,0.0,0.0,0.0,N,Y,08/2023,Analyst
13-2099.01,1.A.3.c.2,Dynamic Flexibility,IM,1.0,8,0.0,1.0,1.0,N,,08/2023,Analyst
13-2099.01,1.A.3.c.2,Dynamic Flexibility,LV,0.0,8,0.0,0.0,0.0,N,Y,08/2023,Analyst
13-2099.01,1.A.3.c.3,Gross Body Coordination,IM,1.0,8,0.0,1.0,1.0,N,,08/2023,Analyst
13-2099.01,1.A.3.c.3,Gross Body Coordination,LV,0.0,8,0.0,0.0,0.0,N,Y,08/2023,Analyst
13-2099.01,1.A.3.c.4,Gross Body Equilibrium,IM,1.0,8,0.0,1.0,1.0,N,,08/2023,Analyst
13-2099.01,1.A.3.c.4,Gross Body Equilibrium,LV,0.0,8,0.0,0.0,0.0,N,Y,08/2023,Analyst
13-2099.01,1.A.4.a.1,Near Vision,IM,3.38,8,0.183,3.0164,3.7336,N,,08/2023,Analyst
13-2099.01,1.A.4.a.1,Near Vision,LV,3.38,8,0.183,3.0164,3.7336,N,N,08/2023,Analyst
13-2099.01,1.A.4.a.2,Far Vision,IM,2.25,8,0.1637,1.9292,2.5708,N,,08/2023,Analyst
13-2099.01,1.A.4.a.2,Far Vision,LV,2.38,8,0.183,2.0164,2.7336,N,N,08/2023,Analyst
13-2099.01,1.A.4.a.3,Visual Color Discrimination,IM,2.0,8,0.0,2.0,2.0,N,,08/2023,Analyst
13-2099.01,1.A.4.a.3,Visual Color Discrimination,LV,1.88,8,0.125,1.63,2.12,N,N,08/2023,Analyst
13-2099.01,1.A.4.a.4,Night Vision,IM,1.0,8,0.0,1.0,1.0,N,,08/2023,Analyst
13-2099.01,1.A.4.a.4,Night Vision,LV,0.0,8,0.0,0.0,0.0,N,Y,08/2023,Analyst
13-2099.01,1.A.4.a.5,Peripheral Vision,IM,1.0,8,0.0,1.0,1.0,N,,08/2023,Analyst
13-2099.01,1.A.4.a.5,Peripheral Vision,LV,0.0,8,0.0,0.0,0.0,N,Y,08/2023,Analyst
13-2099.01,1.A.4.a.6,Depth Perception,IM,1.62,8,0.183,1.2664,1.9836,N,,08/2023,Analyst
13-2099.01,1.A.4.a.6,Depth Perception,LV,0.75,8,0.25,0.26,1.24,N,N,08/2023,Analyst
13-2099.01,1.A.4.a.7,Glare Sensitivity,IM,1.0,8,0.0,1.0,1.0,N,,08/2023,Analyst
13-2099.01,1.A.4.a.7,Glare Sensitivity,LV,0.0,8,0.0,0.0,0.0,N,Y,08/2023,Analyst
13-2099.01,1.A.4.b.1,Hearing Sensitivity,IM,2.0,8,0.0,2.0,2.0,N,,08/2023,Analyst
13-2099.01,1.A.4.b.1,Hearing Sensitivity,LV,1.5,8,0.189,1.1296,1.8704,N,N,08/2023,Analyst
13-2099.01,1.A.4.b.2,Auditory Attention,IM,2.0,8,0.0,2.0,2.0,N,,08/2023,Analyst
13-2099.01,1.A.4.b.2,Auditory Attention,LV,1.25,8,0.1637,0.9292,1.5708,N,N,08/2023,Analyst
13-2099.01,1.A.4.b.3,Sound Localization,IM,1.0,8,0.0,1.0,1.0,N,,08/2023,Analyst
13-2099.01,1.A.4.b.3,Sound Localization,LV,0.0,8,0.0,0.0,0.0,N,Y,08/2023,Analyst
13-2099.01,1.A.4.b.4,Speech Recognition,IM,3.5,8,0.189,3.1296,3.8704,N,,08/2023,Analyst
13-2099.01,1.A.4.b.4,Speech Recognition,LV,3.75,8,0.1637,3.4292,4.0708,N,N,08/2023,Analyst
13-2099.01,1.A.4.b.5,Speech Clarity,IM,3.5,8,0.189,3.1296,3.8704,N,,08/2023,Analyst
13-2099.01,1.A.4.b.5,Speech Clarity,LV,3.5,8,0.189,3.1296,3.8704,N,N,08/2023,Analyst
13-2099.04,1.A.1.a.1,Oral Comprehension,IM,4.12,8,0.125,3.88,4.37,N,,08/2023,Analyst
13-2099.04,1.A.1.a.1,Oral Comprehension,LV,4.25,8,0.1637,3.9292,4.5708,N,N,08/2023,Analyst
13-2099.04,1.A.1.a.2,Written Comprehension,IM,4.0,8,0.189,3.6296,4.3704,N,,08/2023,Analyst
13-2099.04,1.A.1.a.2,Written Comprehension,LV,4.12,8,0.125,3.88,4.37,N,N,08/2023,Analyst
13-2099.04,1.A.1.a.3,Oral Expression,IM,4.0,8,0.0,4.0,4.0,N,,08/2023,Analyst
13-2099.04,1.A.1.a.3,Oral Expression,LV,4.12,8,0.125,3.88,4.37,N,N,08/2023,Analyst
13-2099.04,1.A.1.a.4,Written Expression,IM,4.25,8,0.1637,3.9292,4.5708,N,,08/2023,Analyst
13-2099.04,1.A.1.a.4,Written Expression,LV,4.25,8,0.1637,3.9292,4.5708,N,N,08/2023,Analyst
13-2099.04,1.A.1.b.1,Fluency of Ideas,IM,3.0,8,0.0,3.0,3.0,N,,08/2023,Analyst
13-2099.04,1.A.1.b.1,Fluency of Ideas,LV,3.75,8,0.1637,3.4292,4.0708,N,N,08/2023,Analyst
13-2099.04,1.A.1.b.2,Originality,IM,3.0,8,0.0,3.0,3.0,N,,08/2023,Analyst
13-2099.04,1.A.1.b.2,Originality,LV,3.0,8,0.0,3.0,3.0,N,N,08/2023,Analyst
13-2099.04,1.A.1.b.3,Problem Sensitivity,IM,4.12,8,0.125,3.88,4.37,N,,08/2023,Analyst
13-2099.04,1.A.1.b.3,Problem Sensitivity,LV,4.0,8,0.0,4.0,4.0,N,N,08/2023,Analyst
13-2099.04,1.A.1.b.4,Deductive Reasoning,IM,4.0,8,0.0,4.0,4.0,N,,08/2023,Analyst
13-2099.04,1.A.1.b.4,Deductive Reasoning,LV,4.0,8,0.0,4.0,4.0,N,N,08/2023,Analyst
13-2099.04,1.A.1.b.5,Inductive Reasoning,IM,4.0,8,0.0,4.0,4.0,N,,08/2023,Analyst
13-2099.04,1.A.1.b.5,Inductive Reasoning,LV,4.0,8,0.0,4.0,4.0,N,N,08/2023,Analyst
13-2099.04,1.A.1.b.6,Information Ordering,IM,3.5,8,0.189,3.1296,3.8704,N,,08/2023,Analyst
13-2099.04,1.A.1.b.6,Information Ordering,LV,3.62,8,0.183,3.2664,3.9836,N,N,08/2023,Analyst
13-2099.04,1.A.1.b.7,Category Flexibility,IM,3.0,8,0.0,3.0,3.0,N,,08/2023,Analyst
13-2099.04,1.A.1.b.7,Category Flexibility,LV,3.0,8,0.0,3.0,3.0,N,N,08/2023,Analyst
13-2099.04,1.A.1.c.1,Mathematical Reasoning,IM,3.0,8,0.189,2.6296,3.3704,N,,08/2023,Analyst
13-2099.04,1.A.1.c.1,Mathematical Reasoning,LV,3.12,8,0.2266,2.6809,3.5691,N,N,08/2023,Analyst
13-2099.04,1.A.1.c.2,Number Facility,IM,2.88,8,0.125,2.63,3.12,N,,08/2023,Analyst
13-2099.04,1.A.1.c.2,Number Facility,LV,3.0,8,0.189,2.6296,3.3704,N,N,08/2023,Analyst
13-2099.04,1.A.1.d.1,Memorization,IM,2.62,8,0.183,2.2664,2.9836,N,,08/2023,Analyst
13-2099.04,1.A.1.d.1,Memorization,LV,2.62,8,0.183,2.2664,2.9836,N,N,08/2023,Analyst
13-2099.04,1.A.1.e.1,Speed of Closure,IM,2.75,8,0.1637,2.4292,3.0708,N,,08/2023,Analyst
13-2099.04,1.A.1.e.1,Speed of Closure,LV,2.38,8,0.183,2.0164,2.7336,N,N,08/2023,Analyst
13-2099.04,1.A.1.e.2,Flexibility of Closure,IM,3.38,8,0.183,3.0164,3.7336,N,,08/2023,Analyst
13-2099.04,1.A.1.e.2,Flexibility of Closure,LV,3.38,8,0.183,3.0164,3.7336,N,N,08/2023,Analyst
13-2099.04,1.A.1.e.3,Perceptual Speed,IM,2.75,8,0.1637,2.4292,3.0708,N,,08/2023,Analyst
13-2099.04,1.A.1.e.3,Perceptual Speed,LV,2.12,8,0.125,1.88,2.37,N,N,08/2023,Analyst
13-2099.04,1.A.1.f.1,Spatial Orientation,IM,1.0,8,0.0,1.0,1.0,N,,08/2023,Analyst
13-2099.04,1.A.1.f.1,Spatial Orientation,LV,0.0,8,0.0,0.0,0.0,N,Y,08/2023,Analyst
13-2099.04,1.A.1.f.2,Visualization,IM,2.0,8,0.0,2.0,2.0,N,,08/2023,Analyst
13-2099.04,1.A.1.f.2,Visualization,LV,2.0,8,0.0,2.0,2.0,N,N,08/2023,Analyst
13-2099.04,1.A.1.g.1,Selective Attention,IM,3.12,8,0.125,2.88,3.37,N,,08/2023,Analyst
13-2099.04,1.A.1.g.1,Selective Attention,LV,3.12,8,0.125,2.88,3.37,N,N,08/2023,Analyst
13-2099.04,1.A.1.g.2,Time Sharing,IM,2.75,8,0.1637,2.4292,3.0708,N,,08/2023,Analyst
13-2099.04,1.A.1.g.2,Time Sharing,LV,2.88,8,0.2266,2.4309,3.3191,N,N,08/2023,Analyst
13-2099.04,1.A.2.a.1,Arm-Hand Steadiness,IM,1.38,8,0.183,1.0164,1.7336,N,,08/2023,Analyst
13-2099.04,1.A.2.a.1,Arm-Hand Steadiness,LV,0.38,8,0.183,0.0164,0.7336,N,N,08/2023,Analyst
13-2099.04,1.A.2.a.2,Manual Dexterity,IM,1.38,8,0.183,1.0164,1.7336,N,,08/2023,Analyst
13-2099.04,1.A.2.a.2,Manual Dexterity,LV,0.38,8,0.183,0.0164,0.7336,N,N,08/2023,Analyst
13-2099.04,1.A.2.a.3,Finger Dexterity,IM,1.62,8,0.183,1.2664,1.9836,N,,08/2023,Analyst
13-2099.04,1.A.2.a.3,Finger Dexterity,LV,0.75,8,0.25,0.26,1.24,N,N,08/2023,Analyst
13-2099.04,1.A.2.b.1,Control Precision,IM,1.5,8,0.189,1.1296,1.8704,N,,08/2023,Analyst
13-2099.04,1.A.2.b.1,Control Precision,LV,0.5,8,0.189,0.1296,0.8704,N,N,08/2023,Analyst
13-2099.04,1.A.2.b.2,Multilimb Coordination,IM,1.25,8,0.1637,1.0,1.5708,N,,08/2023,Analyst
13-2099.04,1.A.2.b.2,Multilimb Coordination,LV,0.25,8,0.1637,0.0,0.5708,N,Y,08/2023,Analyst
13-2099.04,1.A.2.b.3,Response Orientation,IM,1.0,8,0.0,1.0,1.0,N,,08/2023,Analyst
13-2099.04,1.A.2.b.3,Response Orientation,LV,0.0,8,0.0,0.0,0.0,N,Y,08/2023,Analyst
13-2099.04,1.A.2.b.4,Rate Control,IM,1.0,8,0.0,1.0,1.0,N,,08/2023,Analyst
13-2099.04,1.A.2.b.4,Rate Control,LV,0.0,8,0.0,0.0,0.0,N,Y,08/2023,Analyst
13-2099.04,1.A.2.c.1,Reaction Time,IM,1.0,8,0.0,1.0,1.0,N,,08/2023,Analyst
13-2099.04,1.A.2.c.1,Reaction Time,LV,0.0,8,0.0,0.0,0.0,N,Y,08/2023,Analyst
13-2099.04,1.A.2.c.2,Wrist-Finger Speed,IM,1.5,8,0.189,1.1296,1.8704,N,,08/2023,Analyst
13-2099.04,1.A.2.c.2,Wrist-Finger Speed,LV,0.5,8,0.189,0.1296,0.8704,N,N,08/2023,Analyst
13-2099.04,1.A.2.c.3,Speed of Limb Movement,IM,1.0,8,0.0,1.0,1.0,N,,08/2023,Analyst
13-2099.04,1.A.2.c.3,Speed of Limb Movement,LV,0.0,8,0.0,0.0,0.0,N,Y,08/2023,Analyst
13-2099.04,1.A.3.a.1,Static Strength,IM,1.0,8,0.0,1.0,1.0,N,,08/2023,Analyst
13-2099.04,1.A.3.a.1,Static Strength,LV,0.0,8,0.0,0.0,0.0,N,Y,08/2023,Analyst
13-2099.04,1.A.3.a.2,Explosive Strength,IM,1.0,8,0.0,1.0,1.0,N,,08/2023,Analyst
13-2099.04,1.A.3.a.2,Explosive Strength,LV,0.0,8,0.0,0.0,0.0,N,Y,08/2023,Analyst
13-2099.04,1.A.3.a.3,Dynamic Strength,IM,1.25,8,0.1637,1.0,1.5708,N,,08/2023,Analyst
13-2099.04,1.A.3.a.3,Dynamic Strength,LV,0.25,8,0.1637,0.0,0.5708,N,Y,08/2023,Analyst
13-2099.04,1.A.3.a.4,Trunk Strength,IM,1.75,8,0.1637,1.4292,2.0708,N,,08/2023,Analyst
13-2099.04,1.A.3.a.4,Trunk Strength,LV,1.12,8,0.295,0.5467,1.7033,N,N,08/2023,Analyst
13-2099.04,1.A.3.b.1,Stamina,IM,1.0,8,0.0,1.0,1.0,N,,08/2023,Analyst
13-2099.04,1.A.3.b.1,Stamina,LV,0.0,8,0.0,0.0,0.0,N,Y,08/2023,Analyst
13-2099.04,1.A.3.c.1,Extent Flexibility,IM,1.0,8,0.0,1.0,1.0,N,,08/2023,Analyst
13-2099.04,1.A.3.c.1,Extent Flexibility,LV,0.0,8,0.0,0.0,0.0,N,Y,08/2023,Analyst
13-2099.04,1.A.3.c.2,Dynamic Flexibility,IM,1.0,8,0.0,1.0,1.0,N,,08/2023,Analyst
13-2099.04,1.A.3.c.2,Dynamic Flexibility,LV,0.0,8,0.0,0.0,0.0,N,Y,08/2023,Analyst
13-2099.04,1.A.3.c.3,Gross Body Coordination,IM,1.0,8,0.0,1.0,1.0,N,,08/2023,Analyst
13-2099.04,1.A.3.c.3,Gross Body Coordination,LV,0.0,8,0.0,0.0,0.0,N,Y,08/2023,Analyst
13-2099.04,1.A.3.c.4,Gross Body Equilibrium,IM,1.0,8,0.0,1.0,1.0,N,,08/2023,Analyst
13-2099.04,1.A.3.c.4,Gross Body Equilibrium,LV,0.0,8,0.0,0.0,0.0,N,Y,08/2023,Analyst
13-2099.04,1.A.4.a.1,Near Vision,IM,3.62,8,0.183,3.2664,3.9836,N,,08/2023,Analyst
13-2099.04,1.A.4.a.1,Near Vision,LV,4.12,8,0.125,3.88,4.37,N,N,08/2023,Analyst
13-2099.04,1.A.4.a.2,Far Vision,IM,2.75,8,0.1637,2.4292,3.0708,N,,08/2023,Analyst
13-2099.04,1.A.4.a.2,Far Vision,LV,3.0,8,0.0,3.0,3.0,N,N,08/2023,Analyst
13-2099.04,1.A.4.a.3,Visual Color Discrimination,IM,2.0,8,0.0,2.0,2.0,N,,08/2023,Analyst
13-2099.04,1.A.4.a.3,Visual Color Discrimination,LV,1.88,8,0.125,1.63,2.12,N,N,08/2023,Analyst
13-2099.04,1.A.4.a.4,Night Vision,IM,1.0,8,0.0,1.0,1.0,N,,08/2023,Analyst
13-2099.04,1.A.4.a.4,Night Vision,LV,0.0,8,0.0,0.0,0.0,N,Y,08/2023,Analyst
13-2099.04,1.A.4.a.5,Peripheral Vision,IM,1.0,8,0.0,1.0,1.0,N,,08/2023,Analyst
13-2099.04,1.A.4.a.5,Peripheral Vision,LV,0.0,8,0.0,0.0,0.0,N,Y,08/2023,Analyst
13-2099.04,1.A.4.a.6,Depth Perception,IM,1.62,8,0.183,1.2664,1.9836,N,,08/2023,Analyst
13-2099.04,1.A.4.a.6,Depth Perception,LV,0.88,8,0.295,0.2967,1.4533,N,N,08/2023,Analyst
13-2099.04,1.A.4.a.7,Glare Sensitivity,IM,1.0,8,0.0,1.0,1.0,N,,08/2023,Analyst
13-2099.04,1.A.4.a.7,Glare Sensitivity,LV,0.0,8,0.0,0.0,0.0,N,Y,08/2023,Analyst
13-2099.04,1.A.4.b.1,Hearing Sensitivity,IM,2.0,8,0.0,2.0,2.0,N,,08/2023,Analyst
13-2099.04,1.A.4.b.1,Hearing Sensitivity,LV,1.88,8,0.125,1.63,2.12,N,N,08/2023,Analyst
13-2099.04,1.A.4.b.2,Auditory Attention,IM,2.12,8,0.125,1.88,2.37,N,,08/2023,Analyst
13-2099.04,1.A.4.b.2,Auditory Attention,LV,2.0,8,0.0,2.0,2.0,N,N,08/2023,Analyst
13-2099.04,1.A.4.b.3,Sound Localization,IM,1.0,8,0.0,1.0,1.0,N,,08/2023,Analyst
13-2099.04,1.A.4.b.3,Sound Localization,LV,0.0,8,0.0,0.0,0.0,N,Y,08/2023,Analyst
13-2099.04,1.A.4.b.4,Speech Recognition,IM,3.88,8,0.2266,3.4309,4.3191,N,,08/2023,Analyst
13-2099.04,1.A.4.b.4,Speech Recognition,LV,3.62,8,0.2631,3.1094,4.1406,N,N,08/2023,Analyst
13-2099.04,1.A.4.b.5,Speech Clarity,IM,3.75,8,0.1637,3.4292,4.0708,N,,08/2023,Analyst
13-2099.04,1.A.4.b.5,Speech Clarity,LV,3.75,8,0.1637,3.4292,4.0708,N,N,08/2023,Analyst
15-1211.00,1.A.1.a.1,Oral Comprehension,IM,4.0,8,0.0,4.0,4.0,N,,08/2023,Analyst
15-1211.00,1.A.1.a.1,Oral Comprehension,LV,4.5,8,0.189,4.1296,4.8704,N,N,08/2023,Analyst
15-1211.00,1.A.1.a.2,Written Comprehension,IM,4.0,8,0.0,4.0,4.0,N,,08/2023,Analyst
15-1211.00,1.A.1.a.2,Written Comprehension,LV,4.25,8,0.1637,3.9292,4.5708,N,N,08/2023,Analyst
15-1211.00,1.A.1.a.3,Oral Expression,IM,4.0,8,0.0,4.0,4.0,N,,08/2023,Analyst
15-1211.00,1.A.1.a.3,Oral Expression,LV,4.38,8,0.183,4.0164,4.7336,N,N,08/2023,Analyst
15-1211.00,1.A.1.a.4,Written Expression,IM,3.38,8,0.183,3.0164,3.7336,N,,08/2023,Analyst
15-1211.00,1.A.1.a.4,Written Expression,LV,4.0,8,0.0,4.0,4.0,N,N,08/2023,Analyst
15-1211.00,1.A.1.b.1,Fluency of Ideas,IM,3.5,8,0.189,3.1296,3.8704,N,,08/2023,Analyst
15-1211.00,1.A.1.b.1,Fluency of Ideas,LV,4.0,8,0.189,3.6296,4.3704,N,N,08/2023,Analyst
15-1211.00,1.A.1.b.2,Originality,IM,3.0,8,0.0,3.0,3.0,N,,08/2023,Analyst
15-1211.00,1.A.1.b.2,Originality,LV,3.62,8,0.183,3.2664,3.9836,N,N,08/2023,Analyst
15-1211.00,1.A.1.b.3,Problem Sensitivity,IM,3.88,8,0.125,3.63,4.12,N,,08/2023,Analyst
15-1211.00,1.A.1.b.3,Problem Sensitivity,LV,4.12,8,0.125,3.88,4.37,N,N,08/2023,Analyst
15-1211.00,1.A.1.b.4,Deductive Reasoning,IM,4.12,8,0.125,3.88,4.37,N,,08/2023,Analyst
15-1211.00,1.A.1.b.4,Deductive Reasoning,LV,4.12,8,0.125,3.88,4.37,N,N,08/2023,Analyst
15-1211.00,1.A.1.b.5,Inductive Reasoning,IM,3.88,8,0.125,3.63,4.12,N,,08/2023,Analyst
15-1211.00,1.A.1.b.5,Inductive Reasoning,LV,4.12,8,0.125,3.88,4.37,N,N,08/2023,Analyst
15-1211.00,1.A.1.b.6,Information Ordering,IM,4.0,8,0.0,4.0,4.0,N,,08/2023,Analyst
15-1211.00,1.A.1.b.6,Information Ordering,LV,4.0,8,0.0,4.0,4.0,N,N,08/2023,Analyst
15-1211.00,1.A.1.b.7,Category Flexibility,IM,3.25,8,0.1637,2.9292,3.5708,N,,08/2023,Analyst
15-1211.00,1.A.1.b.7,Category Flexibility,LV,3.75,8,0.1637,3.4292,4.0708,N,N,08/2023,Analyst
15-1211.00,1.A.1.c.1,Mathematical Reasoning,IM,3.0,8,0.0,3.0,3.0,N,,08/2023,Analyst
15-1211.00,1.A.1.c.1,Mathematical Reasoning,LV,3.5,8,0.189,3.1296,3.8704,N,N,08/2023,Analyst
15-1211.00,1.A.1.c.2,Number Facility,IM,3.0,8,0.0,3.0,3.0,N,,08/2023,Analyst
15-1211.00,1.A.1.c.2,Number Facility,LV,3.25,8,0.1637,2.9292,3.5708,N,N,08/2023,Analyst
15-1211.00,1.A.1.d.1,Memorization,IM,2.5,8,0.189,2.1296,2.8704,N,,08/2023,Analyst
15-1211.00,1.A.1.d.1,Memorization,LV,2.75,8,0.1637,2.4292,3.0708,N,N,08/2023,Analyst
15-1211.00,1.A.1.e.1,Speed of Closure,IM,3.0,8,0.189,2.6296,3.3704,N,,08/2023,Analyst
15-1211.00,1.A.1.e.1,Speed of Closure,LV,3.25,8,0.1637,2.9292,3.5708,N,N,08/2023,Analyst
15-1211.00,1.A.1.e.2,Flexibility of Closure,IM,3.12,8,0.125,2.88,3.37,N,,08/2023,Analyst
15-1211.00,1.A.1.e.2,Flexibility of Closure,LV,3.12,8,0.125,2.88,3.37,N,N,08/2023,Analyst
15-1211.00,1.A.1.e.3,Perceptual Speed,IM,3.0,8,0.0,3.0,3.0,N,,08/2023,Analyst
15-1211.00,1.A.1.e.3,Perceptual Speed,LV,3.0,8,0.0,3.0,3.0,N,N,08/2023,Analyst
15-1211.00,1.A.1.f.1,Spatial Orientation,IM,1.0,8,0.0,1.0,1.0,N,,08/2023,Analyst
15-1211.00,1.A.1.f.1,Spatial Orientation,LV,0.0,8,0.0,0.0,0.0,N,Y,08/2023,Analyst
15-1211.00,1.A.1.f.2,Visualization,IM,3.12,8,0.125,2.88,3.37,N,,08/2023,Analyst
15-1211.00,1.A.1.f.2,Visualization,LV,3.62,8,0.2631,3.1094,4.1406,N,N,08/2023,Analyst
15-1211.00,1.A.1.g.1,Selective Attention,IM,2.88,8,0.125,2.63,3.12,N,,08/2023,Analyst
15-1211.00,1.A.1.g.1,Selective Attention,LV,3.0,8,0.0,3.0,3.0,N,N,08/2023,Analyst
15-1211.00,1.A.1.g.2,Time Sharing,IM,2.62,8,0.183,2.2664,2.9836,N,,08/2023,Analyst
15-1211.00,1.A.1.g.2,Time Sharing,LV,2.12,8,0.125,1.88,2.37,N,N,08/2023,Analyst
15-1211.00,1.A.2.a.1,Arm-Hand Steadiness,IM,1.88,8,0.125,1.63,2.12,N,,08/2023,Analyst
15-1211.00,1.A.2.a.1,Arm-Hand Steadiness,LV,1.62,8,0.2631,1.1094,2.1406,N,N,08/2023,Analyst
15-1211.00,1.A.2.a.2,Manual Dexterity,IM,1.88,8,0.125,1.63,2.12,N,,08/2023,Analyst
15-1211.00,1.A.2.a.2,Manual Dexterity,LV,1.38,8,0.2631,0.8594,1.8906,N,N,08/2023,Analyst
15-1211.00,1.A.2.a.3,Finger Dexterity,IM,2.62,8,0.183,2.2664,2.9836,N,,08/2023,Analyst
15-1211.00,1.A.2.a.3,Finger Dexterity,LV,2.75,8,0.1637,2.4292,3.0708,N,N,08/2023,Analyst
15-1211.00,1.A.2.b.1,Control Precision,IM,2.0,8,0.189,1.6296,2.3704,N,,08/2023,Analyst
15-1211.00,1.A.2.b.1,Control Precision,LV,1.88,8,0.295,1.2967,2.4533,N,N,08/2023,Analyst
15-1211.00,1.A.2.b.2,Multilimb Coordination,IM,1.12,8,0.125,1.0,1.37,N,,08/2023,Analyst
15-1211.00,1.A.2.b.2,Multilimb Coordination,LV,0.12,8,0.125,0.0,0.37,N,Y,08/2023,Analyst
15-1211.00,1.A.2.b.3,Response Orientation,IM,1.0,8,0.0,1.0,1.0,N,,08/2023,Analyst
15-1211.00,1.A.2.b.3,Response Orientation,LV,0.0,8,0.0,0.0,0.0,N,Y,08/2023,Analyst
15-1211.00,1.A.2.b.4,Rate Control,IM,1.12,8,0.125,1.0,1.37,N,,08/2023,Analyst
15-1211.00,1.A.2.b.4,Rate Control,LV,0.12,8,0.125,0.0,0.37,N,Y,08/2023,Analyst
15-1211.00,1.A.2.c.1,Reaction Time,IM,1.25,8,0.1637,1.0,1.5708,N,,08/2023,Analyst
15-1211.00,1.A.2.c.1,Reaction Time,LV,0.25,8,0.1637,0.0,0.5708,N,Y,08/2023,Analyst
15-1211.00,1.A.2.c.2,Wrist-Finger Speed,IM,1.62,8,0.183,1.2664,1.9836,N,,08/2023,Analyst
15-1211.00,1.A.2.c.2,Wrist-Finger Speed,LV,0.88,8,0.295,0.2967,1.4533,N,N,08/2023,Analyst
15-1211.00,1.A.2.c.3,Speed of Limb Movement,IM,1.0,8,0.0,1.0,1.0,N,,08/2023,Analyst
15-1211.00,1.A.2.c.3,Speed of Limb Movement,LV,0.0,8,0.0,0.0,0.0,N,Y,08/2023,Analyst
15-1211.00,1.A.3.a.1,Static Strength,IM,1.0,8,0.0,1.0,1.0,N,,08/2023,Analyst
15-1211.00,1.A.3.a.1,Static Strength,LV,0.0,8,0.0,0.0,0.0,N,Y,08/2023,Analyst
15-1211.00,1.A.3.a.2,Explosive Strength,IM,1.0,8,0.0,1.0,1.0,N,,08/2023,Analyst
15-1211.00,1.A.3.a.2,Explosive Strength,LV,0.0,8,0.0,0.0,0.0,N,Y,08/2023,Analyst
15-1211.00,1.A.3.a.3,Dynamic Strength,IM,1.25,8,0.1637,1.0,1.5708,N,,08/2023,Analyst
15-1211.00,1.A.3.a.3,Dynamic Strength,LV,0.25,8,0.1637,0.0,0.5708,N,Y,08/2023,Analyst
15-1211.00,1.A.3.a.4,Trunk Strength,IM,1.75,8,0.1637,1.4292,2.0708,N,,08/2023,Analyst
15-1211.00,1.A.3.a.4,Trunk Strength,LV,1.38,8,0.3239,0.7402,2.0098,N,N,08/2023,Analyst
15-1211.00,1.A.3.b.1,Stamina,IM,1.0,8,0.0,1.0,1.0,N,,08/2023,Analyst
15-1211.00,1.A.3.b.1,Stamina,LV,0.0,8,0.0,0.0,0.0,N,Y,08/2023,Analyst
15-1211.00,1.A.3.c.1,Extent Flexibility,IM,1.38,8,0.183,1.0164,1.7336,N,,08/2023,Analyst
15-1211.00,1.A.3.c.1,Extent Flexibility,LV,0.5,8,0.2673,0.0,1.0238,N,N,08/2023,Analyst
15-1211.00,1.A.3.c.2,Dynamic Flexibility,IM,1.0,8,0.0,1.0,1.0,N,,08/2023,Analyst
15-1211.00,1.A.3.c.2,Dynamic Flexibility,LV,0.0,8,0.0,0.0,0.0,N,Y,08/2023,Analyst
15-1211.00,1.A.3.c.3,Gross Body Coordination,IM,1.0,8,0.0,1.0,1.0,N,,08/2023,Analyst
15-1211.00,1.A.3.c.3,Gross Body Coordination,LV,0.0,8,0.0,0.0,0.0,N,Y,08/2023,Analyst
15-1211.00,1.A.3.c.4,Gross Body Equilibrium,IM,1.0,8,0.0,1.0,1.0,N,,08/2023,Analyst
15-1211.00,1.A.3.c.4,Gross Body Equilibrium,LV,0.0,8,0.0,0.0,0.0,N,Y,08/2023,Analyst
15-1211.00,1.A.4.a.1,Near Vision,IM,3.88,8,0.125,3.63,4.12,N,,08/2023,Analyst
15-1211.00,1.A.4.a.1,Near Vision,LV,4.0,8,0.0,4.0,4.0,N,N,08/2023,Analyst
15-1211.00,1.A.4.a.2,Far Vision,IM,3.0,8,0.189,2.6296,3.3704,N,,08/2023,Analyst
15-1211.00,1.A.4.a.2,Far Vision,LV,3.0,8,0.189,2.6296,3.3704,N,N,08/2023,Analyst
15-1211.00,1.A.4.a.3,Visual Color Discrimination,IM,2.5,8,0.189,2.1296,2.8704,N,,08/2023,Analyst
15-1211.00,1.A.4.a.3,Visual Color Discrimination,LV,2.38,8,0.183,2.0164,2.7336,N,N,08/2023,Analyst
15-1211.00,1.A.4.a.4,Night Vision,IM,1.0,8,0.0,1.0,1.0,N,,08/2023,Analyst
15-1211.00,1.A.4.a.4,Night Vision,LV,0.0,8,0.0,0.0,0.0,N,Y,08/2023,Analyst
15-1211.00,1.A.4.a.5,Peripheral Vision,IM,1.0,8,0.0,1.0,1.0,N,,08/2023,Analyst
15-1211.00,1.A.4.a.5,Peripheral Vision,LV,0.0,8,0.0,0.0,0.0,N,Y,08/2023,Analyst
15-1211.00,1.A.4.a.6,Depth Perception,IM,1.5,8,0.189,1.1296,1.8704,N,,08/2023,Analyst
15-1211.00,1.A.4.a.6,Depth Perception,LV,0.62,8,0.2631,0.1094,1.1406,N,N,08/2023,Analyst
15-1211.00,1.A.4.a.7,Glare Sensitivity,IM,1.0,8,0.0,1.0,1.0,N,,08/2023,Analyst
15-1211.00,1.A.4.a.7,Glare Sensitivity,LV,0.0,8,0.0,0.0,0.0,N,Y,08/2023,Analyst
15-1211.00,1.A.4.b.1,Hearing Sensitivity,IM,2.0,8,0.0,2.0,2.0,N,,08/2023,Analyst
15-1211.00,1.A.4.b.1,Hearing Sensitivity,LV,1.88,8,0.125,1.63,2.12,N,N,08/2023,Analyst
15-1211.00,1.A.4.b.2,Auditory Attention,IM,2.0,8,0.0,2.0,2.0,N,,08/2023,Analyst
15-1211.00,1.A.4.b.2,Auditory Attention,LV,2.0,8,0.0,2.0,2.0,N,N,08/2023,Analyst
15-1211.00,1.A.4.b.3,Sound Localization,IM,1.0,8,0.0,1.0,1.0,N,,08/2023,Analyst
15-1211.00,1.A.4.b.3,Sound Localization,LV,0.0,8,0.0,0.0,0.0,N,Y,08/2023,Analyst
15-1211.00,1.A.4.b.4,Speech Recognition,IM,3.62,8,0.183,3.2664,3.9836,N,,08/2023,Analyst
15-1211.00,1.A.4.b.4,Speech Recognition,LV,3.5,8,0.189,3.1296,3.8704,N,N,08/2023,Analyst
15-1211.00,1.A.4.b.5,Speech Clarity,IM,3.5,8,0.189,3.1296,3.8704,N,,08/2023,Analyst
15-1211.00,1.A.4.b.5,Speech Clarity,LV,3.12,8,0.125,2.88,3.37,N,N,08/2023,Analyst
15-1211.01,1.A.1.a.1,Oral Comprehension,IM,3.88,8,0.125,3.63,4.12,N,,08/2024,Analyst
15-1211.01,1.A.1.a.1,Oral Comprehension,LV,4.88,8,0.125,4.63,5.12,N,N,08/2024,Analyst
15-1211.01,1.A.1.a.2,Written Comprehension,IM,4.12,8,0.125,3.88,4.37,N,,08/2024,Analyst
15-1211.01,1.A.1.a.2,Written Comprehension,LV,4.88,8,0.125,4.63,5.12,N,N,08/2024,Analyst
15-1211.01,1.A.1.a.3,Oral Expression,IM,4.0,8,0.0,4.0,4.0,N,,08/2024,Analyst
15-1211.01,1.A.1.a.3,Oral Expression,LV,4.75,8,0.1637,4.4292,5.0708,N,N,08/2024,Analyst
15-1211.01,1.A.1.a.4,Written Expression,IM,4.0,8,0.0,4.0,4.0,N,,08/2024,Analyst
15-1211.01,1.A.1.a.4,Written Expression,LV,4.38,8,0.183,4.0164,4.7336,N,N,08/2024,Analyst
15-1211.01,1.A.1.b.1,Fluency of Ideas,IM,3.88,8,0.125,3.63,4.12,N,,08/2024,Analyst
15-1211.01,1.A.1.b.1,Fluency of Ideas,LV,4.0,8,0.0,4.0,4.0,N,N,08/2024,Analyst
15-1211.01,1.A.1.b.2,Originality,IM,3.88,8,0.125,3.63,4.12,N,,08/2024,Analyst
15-1211.01,1.A.1.b.2,Originality,LV,4.0,8,0.0,4.0,4.0,N,N,08/2024,Analyst
15-1211.01,1.A.1.b.3,Problem Sensitivity,IM,4.0,8,0.0,4.0,4.0,N,,08/2024,Analyst
15-1211.01,1.A.1.b.3,Problem Sensitivity,LV,4.0,8,0.0,4.0,4.0,N,N,08/2024,Analyst
15-1211.01,1.A.1.b.4,Deductive Reasoning,IM,4.0,8,0.0,4.0,4.0,N,,08/2024,Analyst
15-1211.01,1.A.1.b.4,Deductive Reasoning,LV,4.5,8,0.189,4.1296,4.8704,N,N,08/2024,Analyst
15-1211.01,1.A.1.b.5,Inductive Reasoning,IM,4.0,8,0.0,4.0,4.0,N,,08/2024,Analyst
15-1211.01,1.A.1.b.5,Inductive Reasoning,LV,4.12,8,0.125,3.88,4.37,N,N,08/2024,Analyst
15-1211.01,1.A.1.b.6,Information Ordering,IM,3.75,8,0.1637,3.4292,4.0708,N,,08/2024,Analyst
15-1211.01,1.A.1.b.6,Information Ordering,LV,4.0,8,0.0,4.0,4.0,N,N,08/2024,Analyst
15-1211.01,1.A.1.b.7,Category Flexibility,IM,3.75,8,0.1637,3.4292,4.0708,N,,08/2024,Analyst
15-1211.01,1.A.1.b.7,Category Flexibility,LV,4.0,8,0.0,4.0,4.0,N,N,08/2024,Analyst
15-1211.01,1.A.1.c.1,Mathematical Reasoning,IM,3.12,8,0.125,2.88,3.37,N,,08/2024,Analyst
15-1211.01,1.A.1.c.1,Mathematical Reasoning,LV,3.0,8,0.0,3.0,3.0,N,N,08/2024,Analyst
15-1211.01,1.A.1.c.2,Number Facility,IM,2.88,8,0.125,2.63,3.12,N,,08/2024,Analyst
15-1211.01,1.A.1.c.2,Number Facility,LV,3.0,8,0.0,3.0,3.0,N,N,08/2024,Analyst
15-1211.01,1.A.1.d.1,Memorization,IM,2.5,8,0.189,2.1296,2.8704,N,,08/2024,Analyst
15-1211.01,1.A.1.d.1,Memorization,LV,2.75,8,0.1637,2.4292,3.0708,N,N,08/2024,Analyst
15-1211.01,1.A.1.e.1,Speed of Closure,IM,2.62,8,0.183,2.2664,2.9836,N,,08/2024,Analyst
15-1211.01,1.A.1.e.1,Speed of Closure,LV,2.62,8,0.183,2.2664,2.9836,N,N,08/2024,Analyst
15-1211.01,1.A.1.e.2,Flexibility of Closure,IM,3.0,8,0.0,3.0,3.0,N,,08/2024,Analyst
15-1211.01,1.A.1.e.2,Flexibility of Closure,LV,3.12,8,0.125,2.88,3.37,N,N,08/2024,Analyst
15-1211.01,1.A.1.e.3,Perceptual Speed,IM,3.0,8,0.0,3.0,3.0,N,,08/2024,Analyst
15-1211.01,1.A.1.e.3,Perceptual Speed,LV,3.0,8,0.0,3.0,3.0,N,N,08/2024,Analyst
15-1211.01,1.A.1.f.1,Spatial Orientation,IM,1.0,8,0.0,1.0,1.0,N,,08/2024,Analyst
15-1211.01,1.A.1.f.1,Spatial Orientation,LV,0.0,8,0.0,0.0,0.0,N,Y,08/2024,Analyst
15-1211.01,1.A.1.f.2,Visualization,IM,2.88,8,0.125,2.63,3.12,N,,08/2024,Analyst
15-1211.01,1.A.1.f.2,Visualization,LV,3.0,8,0.0,3.0,3.0,N,N,08/2024,Analyst
15-1211.01,1.A.1.g.1,Selective Attention,IM,3.0,8,0.0,3.0,3.0,N,,08/2024,Analyst
15-1211.01,1.A.1.g.1,Selective Attention,LV,3.0,8,0.0,3.0,3.0,N,N,08/2024,Analyst
15-1211.01,1.A.1.g.2,Time Sharing,IM,2.5,8,0.189,2.1296,2.8704,N,,08/2024,Analyst
15-1211.01,1.A.1.g.2,Time Sharing,LV,2.38,8,0.183,2.0164,2.7336,N,N,08/2024,Analyst
15-1211.01,1.A.2.a.1,Arm-Hand Steadiness,IM,2.12,8,0.125,1.88,2.37,N,,08/2024,Analyst
15-1211.01,1.A.2.a.1,Arm-Hand Steadiness,LV,1.88,8,0.2266,1.4309,2.3191,N,N,08/2024,Analyst
15-1211.01,1.A.2.a.2,Manual Dexterity,IM,2.12,8,0.125,1.88,2.37,N,,08/2024,Analyst
15-1211.01,1.A.2.a.2,Manual Dexterity,LV,1.75,8,0.25,1.26,2.24,N,N,08/2024,Analyst
15-1211.01,1.A.2.a.3,Finger Dexterity,IM,2.0,8,0.0,2.0,2.0,N,,08/2024,Analyst
15-1211.01,1.A.2.a.3,Finger Dexterity,LV,1.88,8,0.125,1.63,2.12,N,N,08/2024,Analyst
15-1211.01,1.A.2.b.1,Control Precision,IM,2.0,8,0.0,2.0,2.0,N,,08/2024,Analyst
15-1211.01,1.A.2.b.1,Control Precision,LV,1.88,8,0.125,1.63,2.12,N,N,08/2024,Analyst
15-1211.01,1.A.2.b.2,Multilimb Coordination,IM,1.0,8,0.0,1.0,1.0,N,,08/2024,Analyst
15-1211.01,1.A.2.b.2,Multilimb Coordination,LV,0.0,8,0.0,0.0,0.0,N,Y,08/2024,Analyst
15-1211.01,1.A.2.b.3,Response Orientation,IM,1.0,8,0.0,1.0,1.0,N,,08/2024,Analyst
15-1211.01,1.A.2.b.3,Response Orientation,LV,0.0,8,0.0,0.0,0.0,N,Y,08/2024,Analyst
15-1211.01,1.A.2.b.4,Rate Control,IM,1.0,8,0.0,1.0,1.0,N,,08/2024,Analyst
15-1211.01,1.A.2.b.4,Rate Control,LV,0.0,8,0.0,0.0,0.0,N,Y,08/2024,Analyst
15-1211.01,1.A.2.c.1,Reaction Time,IM,1.0,8,0.0,1.0,1.0,N,,08/2024,Analyst
15-1211.01,1.A.2.c.1,Reaction Time,LV,0.0,8,0.0,0.0,0.0,N,Y,08/2024,Analyst
15-1211.01,1.A.2.c.2,Wrist-Finger Speed,IM,1.75,8,0.25,1.26,2.24,N,,08/2024,Analyst
15-1211.01,1.A.2.c.2,Wrist-Finger Speed,LV,0.75,8,0.25,0.26,1.24,N,N,08/2024,Analyst
15-1211.01,1.A.2.c.3,Speed of Limb Movement,IM,1.0,8,0.0,1.0,1.0,N,,08/2024,Analyst
15-1211.01,1.A.2.c.3,Speed of Limb Movement,LV,0.0,8,0.0,0.0,0.0,N,Y,08/2024,Analyst
15-1211.01,1.A.3.a.1,Static Strength,IM,1.0,8,0.0,1.0,1.0,N,,08/2024,Analyst
15-1211.01,1.A.3.a.1,Static Strength,LV,0.0,8,0.0,0.0,0.0,N,Y,08/2024,Analyst
15-1211.01,1.A.3.a.2,Explosive Strength,IM,1.0,8,0.0,1.0,1.0,N,,08/2024,Analyst
15-1211.01,1.A.3.a.2,Explosive Strength,LV,0.0,8,0.0,0.0,0.0,N,Y,08/2024,Analyst
15-1211.01,1.A.3.a.3,Dynamic Strength,IM,1.25,8,0.1637,1.0,1.5708,N,,08/2024,Analyst
15-1211.01,1.A.3.a.3,Dynamic Strength,LV,0.25,8,0.1637,0.0,0.5708,N,Y,08/2024,Analyst
15-1211.01,1.A.3.a.4,Trunk Strength,IM,1.88,8,0.125,1.63,2.12,N,,08/2024,Analyst
15-1211.01,1.A.3.a.4,Trunk Strength,LV,1.25,8,0.25,0.76,1.74,N,N,08/2024,Analyst
15-1211.01,1.A.3.b.1,Stamina,IM,1.0,8,0.0,1.0,1.0,N,,08/2024,Analyst
15-1211.01,1.A.3.b.1,Stamina,LV,0.0,8,0.0,0.0,0.0,N,Y,08/2024,Analyst
15-1211.01,1.A.3.c.1,Extent Flexibility,IM,1.0,8,0.0,1.0,1.0,N,,08/2024,Analyst
15-1211.01,1.A.3.c.1,Extent Flexibility,LV,0.0,8,0.0,0.0,0.0,N,Y,08/2024,Analyst
15-1211.01,1.A.3.c.2,Dynamic Flexibility,IM,1.0,8,0.0,1.0,1.0,N,,08/2024,Analyst
15-1211.01,1.A.3.c.2,Dynamic Flexibility,LV,0.0,8,0.0,0.0,0.0,N,Y,08/2024,Analyst
15-1211.01,1.A.3.c.3,Gross Body Coordination,IM,1.0,8,0.0,1.0,1.0,N,,08/2024,Analyst
15-1211.01,1.A.3.c.3,Gross Body Coordination,LV,0.0,8,0.0,0.0,0.0,N,Y,08/2024,Analyst
15-1211.01,1.A.3.c.4,Gross Body Equilibrium,IM,1.0,8,0.0,1.0,1.0,N,,08/2024,Analyst
15-1211.01,1.A.3.c.4,Gross Body Equilibrium,LV,0.0,8,0.0,0.0,0.0,N,Y,08/2024,Analyst
15-1211.01,1.A.4.a.1,Near Vision,IM,3.75,8,0.1637,3.4292,4.0708,N,,08/2024,Analyst
15-1211.01,1.A.4.a.1,Near Vision,LV,3.88,8,0.125,3.63,4.12,N,N,08/2024,Analyst
15-1211.01,1.A.4.a.2,Far Vision,IM,2.75,8,0.1637,2.4292,3.0708,N,,08/2024,Analyst
15-1211.01,1.A.4.a.2,Far Vision,LV,2.88,8,0.125,2.63,3.12,N,N,08/2024,Analyst
15-1211.01,1.A.4.a.3,Visual Color Discrimination,IM,2.0,8,0.0,2.0,2.0,N,,08/2024,Analyst
15-1211.01,1.A.4.a.3,Visual Color Discrimination,LV,2.0,8,0.0,2.0,2.0,N,N,08/2024,Analyst
15-1211.01,1.A.4.a.4,Night Vision,IM,1.0,8,0.0,1.0,1.0,N,,08/2024,Analyst
15-1211.01,1.A.4.a.4,Night Vision,LV,0.0,8,0.0,0.0,0.0,N,Y,08/2024,Analyst
15-1211.01,1.A.4.a.5,Peripheral Vision,IM,1.0,8,0.0,1.0,1.0,N,,08/2024,Analyst
15-1211.01,1.A.4.a.5,Peripheral Vision,LV,0.0,8,0.0,0.0,0.0,N,Y,08/2024,Analyst
15-1211.01,1.A.4.a.6,Depth Perception,IM,2.0,8,0.0,2.0,2.0,N,,08/2024,Analyst
15-1211.01,1.A.4.a.6,Depth Perception,LV,1.62,8,0.183,1.2664,1.9836,N,N,08/2024,Analyst
15-1211.01,1.A.4.a.7,Glare Sensitivity,IM,1.0,8,0.0,1.0,1.0,N,,08/2024,Analyst
15-1211.01,1.A.4.a.7,Glare Sensitivity,LV,0.0,8,0.0,0.0,0.0,N,Y,08/2024,Analyst
15-1211.01,1.A.4.b.1,Hearing Sensitivity,IM,2.0,8,0.0,2.0,2.0,N,,08/2024,Analyst
15-1211.01,1.A.4.b.1,Hearing Sensitivity,LV,2.0,8,0.0,2.0,2.0,N,N,08/2024,Analyst
15-1211.01,1.A.4.b.2,Auditory Attention,IM,2.0,8,0.0,2.0,2.0,N,,08/2024,Analyst
15-1211.01,1.A.4.b.2,Auditory Attention,LV,2.0,8,0.0,2.0,2.0,N,N,08/2024,Analyst
15-1211.01,1.A.4.b.3,Sound Localization,IM,1.0,8,0.0,1.0,1.0,N,,08/2024,Analyst
15-1211.01,1.A.4.b.3,Sound Localization,LV,0.0,8,0.0,0.0,0.0,N,Y,08/2024,Analyst
15-1211.01,1.A.4.b.4,Speech Recognition,IM,3.62,8,0.183,3.2664,3.9836,N,,08/2024,Analyst
15-1211.01,1.A.4.b.4,Speech Recognition,LV,3.62,8,0.183,3.2664,3.9836,N,N,08/2024,Analyst
15-1211.01,1.A.4.b.5,Speech Clarity,IM,3.75,8,0.1637,3.4292,4.0708,N,,08/2024,Analyst
15-1211.01,1.A.4.b.5,Speech Clarity,LV,3.75,8,0.1637,3.4292,4.0708,N,N,08/2024,Analyst
15-1212.00,1.A.1.a.1,Oral Comprehension,IM,4.0,8,0.0,4.0,4.0,N,,08/2018,Analyst
15-1212.00,1.A.1.a.1,Oral Comprehension,LV,4.25,8,0.1637,3.9292,4.5708,N,N,08/2018,Analyst
15-1212.00,1.A.1.a.2,Written Comprehension,IM,4.0,8,0.0,4.0,4.0,N,,08/2018,Analyst
15-1212.00,1.A.1.a.2,Written Comprehension,LV,4.12,8,0.125,3.88,4.37,N,N,08/2018,Analyst
15-1212.00,1.A.1.a.3,Oral Expression,IM,3.75,8,0.1637,3.4292,4.0708,N,,08/2018,Analyst
15-1212.00,1.A.1.a.3,Oral Expression,LV,4.12,8,0.125,3.88,4.37,N,N,08/2018,Analyst
15-1212.00,1.A.1.a.4,Written Expression,IM,3.88,8,0.125,3.63,4.12,N,,08/2018,Analyst
15-1212.00,1.A.1.a.4,Written Expression,LV,4.0,8,0.0,4.0,4.0,N,N,08/2018,Analyst
15-1212.00,1.A.1.b.1,Fluency of Ideas,IM,3.0,8,0.0,3.0,3.0,N,,08/2018,Analyst
15-1212.00,1.A.1.b.1,Fluency of Ideas,LV,3.75,8,0.25,3.26,4.24,N,N,08/2018,Analyst
15-1212.00,1.A.1.b.2,Originality,IM,3.0,8,0.0,3.0,3.0,N,,08/2018,Analyst
15-1212.00,1.A.1.b.2,Originality,LV,3.25,8,0.1637,2.9292,3.5708,N,N,08/2018,Analyst
15-1212.00,1.A.1.b.3,Problem Sensitivity,IM,4.0,8,0.0,4.0,4.0,N,,08/2018,Analyst
15-1212.00,1.A.1.b.3,Problem Sensitivity,LV,4.12,8,0.125,3.88,4.37,N,N,08/2018,Analyst
15-1212.00,1.A.1.b.4,Deductive Reasoning,IM,4.0,8,0.0,4.0,4.0,N,,08/2018,Analyst
15-1212.00,1.A.1.b.4,Deductive Reasoning,LV,4.12,8,0.125,3.88,4.37,N,N,08/2018,Analyst
15-1212.00,1.A.1.b.5,Inductive Reasoning,IM,4.0,8,0.0,4.0,4.0,N,,08/2018,Analyst
15-1212.00,1.A.1.b.5,Inductive Reasoning,LV,4.12,8,0.125,3.88,4.37,N,N,08/2018,Analyst
15-1212.00,1.A.1.b.6,Information Ordering,IM,3.88,8,0.125,3.63,4.12,N,,08/2018,Analyst
15-1212.00,1.A.1.b.6,Information Ordering,LV,3.88,8,0.125,3.63,4.12,N,N,08/2018,Analyst
15-1212.00,1.A.1.b.7,Category Flexibility,IM,3.5,8,0.189,3.1296,3.8704,N,,08/2018,Analyst
15-1212.00,1.A.1.b.7,Category Flexibility,LV,3.62,8,0.2631,3.1094,4.1406,N,N,08/2018,Analyst
15-1212.00,1.A.1.c.1,Mathematical Reasoning,IM,2.75,8,0.1637,2.4292,3.0708,N,,08/2018,Analyst
15-1212.00,1.A.1.c.1,Mathematical Reasoning,LV,2.88,8,0.125,2.63,3.12,N,N,08/2018,Analyst
15-1212.00,1.A.1.c.2,Number Facility,IM,2.25,8,0.1637,1.9292,2.5708,N,,08/2018,Analyst
15-1212.00,1.A.1.c.2,Number Facility,LV,2.75,8,0.25,2.26,3.24,N,N,08/2018,Analyst
15-1212.00,1.A.1.d.1,Memorization,IM,2.25,8,0.1637,1.9292,2.5708,N,,08/2018,Analyst
15-1212.00,1.A.1.d.1,Memorization,LV,2.75,8,0.1637,2.4292,3.0708,N,N,08/2018,Analyst
15-1212.00,1.A.1.e.1,Speed of Closure,IM,2.88,8,0.125,2.63,3.12,N,,08/2018,Analyst
15-1212.00,1.A.1.e.1,Speed of Closure,LV,3.0,8,0.189,2.6296,3.3704,N,N,08/2018,Analyst
15-1212.00,1.A.1.e.2,Flexibility of Closure,IM,3.38,8,0.183,3.0164,3.7336,N,,08/2018,Analyst
15-1212.00,1.A.1.e.2,Flexibility of Closure,LV,3.5,8,0.189,3.1296,3.8704,N,N,08/2018,Analyst
15-1212.00,1.A.1.e.3,Perceptual Speed,IM,3.0,8,0.0,3.0,3.0,N,,08/2018,Analyst
15-1212.00,1.A.1.e.3,Perceptual Speed,LV,3.0,8,0.0,3.0,3.0,N,N,08/2018,Analyst
15-1212.00,1.A.1.f.1,Spatial Orientation,IM,1.0,8,0.0,1.0,1.0,N,,08/2018,Analyst
15-1212.00,1.A.1.f.1,Spatial Orientation,LV,0.0,8,0.0,0.0,0.0,N,Y,08/2018,Analyst
15-1212.00,1.A.1.f.2,Visualization,IM,2.75,8,0.1637,2.4292,3.0708,N,,08/2018,Analyst
15-1212.00,1.A.1.f.2,Visualization,LV,3.0,8,0.189,2.6296,3.3704,N,N,08/2018,Analyst
15-1212.00,1.A.1.g.1,Selective Attention,IM,3.12,8,0.125,2.88,3.37,N,,08/2018,Analyst
15-1212.00,1.A.1.g.1,Selective Attention,LV,3.12,8,0.125,2.88,3.37,N,N,08/2018,Analyst
15-1212.00,1.A.1.g.2,Time Sharing,IM,2.75,8,0.1637,2.4292,3.0708,N,,08/2018,Analyst
15-1212.00,1.A.1.g.2,Time Sharing,LV,2.88,8,0.125,2.63,3.12,N,N,08/2018,Analyst
15-1212.00,1.A.2.a.1,Arm-Hand Steadiness,IM,2.0,8,0.189,1.6296,2.3704,N,,08/2018,Analyst
15-1212.00,1.A.2.a.1,Arm-Hand Steadiness,LV,1.75,8,0.25,1.26,2.24,N,N,08/2018,Analyst
15-1212.00,1.A.2.a.2,Manual Dexterity,IM,1.88,8,0.125,1.63,2.12,N,,08/2018,Analyst
15-1212.00,1.A.2.a.2,Manual Dexterity,LV,1.62,8,0.2631,1.1094,2.1406,N,N,08/2018,Analyst
15-1212.00,1.A.2.a.3,Finger Dexterity,IM,2.38,8,0.183,2.0164,2.7336,N,,08/2018,Analyst
15-1212.00,1.A.2.a.3,Finger Dexterity,LV,2.12,8,0.125,1.88,2.37,N,N,08/2018,Analyst
15-1212.00,1.A.2.b.1,Control Precision,IM,1.88,8,0.125,1.63,2.12,N,,08/2018,Analyst
15-1212.00,1.A.2.b.1,Control Precision,LV,1.5,8,0.2673,0.9762,2.0238,N,N,08/2018,Analyst
15-1212.00,1.A.2.b.2,Multilimb Coordination,IM,1.0,8,0.0,1.0,1.0,N,,08/2018,Analyst
15-1212.00,1.A.2.b.2,Multilimb Coordination,LV,0.0,8,0.0,0.0,0.0,N,Y,08/2018,Analyst
15-1212.00,1.A.2.b.3,Response Orientation,IM,1.12,8,0.125,1.0,1.37,N,,08/2018,Analyst
15-1212.00,1.A.2.b.3,Response Orientation,LV,0.12,8,0.125,0.0,0.37,N,Y,08/2018,Analyst
15-1212.00,1.A.2.b.4,Rate Control,IM,1.0,8,0.0,1.0,1.0,N,,08/2018,Analyst
15-1212.00,1.A.2.b.4,Rate Control,LV,0.0,8,0.0,0.0,0.0,N,Y,08/2018,Analyst
15-1212.00,1.A.2.c.1,Reaction Time,IM,1.0,8,0.0,1.0,1.0,N,,08/2018,Analyst
15-1212.00,1.A.2.c.1,Reaction Time,LV,0.0,8,0.0,0.0,0.0,N,Y,08/2018,Analyst
15-1212.00,1.A.2.c.2,Wrist-Finger Speed,IM,1.38,8,0.183,1.0164,1.7336,N,,08/2018,Analyst
15-1212.00,1.A.2.c.2,Wrist-Finger Speed,LV,0.38,8,0.183,0.0164,0.7336,N,N,08/2018,Analyst
15-1212.00,1.A.2.c.3,Speed of Limb Movement,IM,1.0,8,0.0,1.0,1.0,N,,08/2018,Analyst
15-1212.00,1.A.2.c.3,Speed of Limb Movement,LV,0.0,8,0.0,0.0,0.0,N,Y,08/2018,Analyst
15-1212.00,1.A.3.a.1,Static Strength,IM,1.0,8,0.0,1.0,1.0,N,,08/2018,Analyst
15-1212.00,1.A.3.a.1,Static Strength,LV,0.0,8,0.0,0.0,0.0,N,Y,08/2018,Analyst
15-1212.00,1.A.3.a.2,Explosive Strength,IM,1.0,8,0.0,1.0,1.0,N,,08/2018,Analyst
15-1212.00,1.A.3.a.2,Explosive Strength,LV,0.0,8,0.0,0.0,0.0,N,Y,08/2018,Analyst
15-1212.00,1.A.3.a.3,Dynamic Strength,IM,1.38,8,0.183,1.0164,1.7336,N,,08/2018,Analyst
15-1212.00,1.A.3.a.3,Dynamic Strength,LV,0.5,8,0.2673,0.0,1.0238,N,N,08/2018,Analyst
15-1212.00,1.A.3.a.4,Trunk Strength,IM,1.62,8,0.183,1.2664,1.9836,N,,08/2018,Analyst
15-1212.00,1.A.3.a.4,Trunk Strength,LV,1.0,8,0.378,0.2592,1.7408,N,N,08/2018,Analyst
15-1212.00,1.A.3.b.1,Stamina,IM,1.12,8,0.125,1.0,1.37,N,,08/2018,Analyst
15-1212.00,1.A.3.b.1,Stamina,LV,0.12,8,0.125,0.0,0.37,N,Y,08/2018,Analyst
15-1212.00,1.A.3.c.1,Extent Flexibility,IM,1.62,8,0.183,1.2664,1.9836,N,,08/2018,Analyst
15-1212.00,1.A.3.c.1,Extent Flexibility,LV,0.75,8,0.25,0.26,1.24,N,N,08/2018,Analyst
15-1212.00,1.A.3.c.2,Dynamic Flexibility,IM,1.0,8,0.0,1.0,1.0,N,,08/2018,Analyst
15-1212.00,1.A.3.c.2,Dynamic Flexibility,LV,0.0,8,0.0,0.0,0.0,N,Y,08/2018,Analyst
15-1212.00,1.A.3.c.3,Gross Body Coordination,IM,1.0,8,0.0,1.0,1.0,N,,08/2018,Analyst
15-1212.00,1.A.3.c.3,Gross Body Coordination,LV,0.0,8,0.0,0.0,0.0,N,Y,08/2018,Analyst
15-1212.00,1.A.3.c.4,Gross Body Equilibrium,IM,1.0,8,0.0,1.0,1.0,N,,08/2018,Analyst
15-1212.00,1.A.3.c.4,Gross Body Equilibrium,LV,0.0,8,0.0,0.0,0.0,N,Y,08/2018,Analyst
15-1212.00,1.A.4.a.1,Near Vision,IM,3.75,8,0.1637,3.4292,4.0708,N,,08/2018,Analyst
15-1212.00,1.A.4.a.1,Near Vision,LV,3.88,8,0.125,3.63,4.12,N,N,08/2018,Analyst
15-1212.00,1.A.4.a.2,Far Vision,IM,2.75,8,0.1637,2.4292,3.0708,N,,08/2018,Analyst
15-1212.00,1.A.4.a.2,Far Vision,LV,2.75,8,0.1637,2.4292,3.0708,N,N,08/2018,Analyst
15-1212.00,1.A.4.a.3,Visual Color Discrimination,IM,2.12,8,0.2266,1.6809,2.5691,N,,08/2018,Analyst
15-1212.00,1.A.4.a.3,Visual Color Discrimination,LV,1.88,8,0.295,1.2967,2.4533,N,N,08/2018,Analyst
15-1212.00,1.A.4.a.4,Night Vision,IM,1.0,8,0.0,1.0,1.0,N,,08/2018,Analyst
15-1212.00,1.A.4.a.4,Night Vision,LV,0.0,8,0.0,0.0,0.0,N,Y,08/2018,Analyst
15-1212.00,1.A.4.a.5,Peripheral Vision,IM,1.0,8,0.0,1.0,1.0,N,,08/2018,Analyst
15-1212.00,1.A.4.a.5,Peripheral Vision,LV,0.0,8,0.0,0.0,0.0,N,Y,08/2018,Analyst
15-1212.00,1.A.4.a.6,Depth Perception,IM,1.75,8,0.1637,1.4292,2.0708,N,,08/2018,Analyst
15-1212.00,1.A.4.a.6,Depth Perception,LV,0.75,8,0.1637,0.4292,1.0708,N,N,08/2018,Analyst
15-1212.00,1.A.4.a.7,Glare Sensitivity,IM,1.0,8,0.0,1.0,1.0,N,,08/2018,Analyst
15-1212.00,1.A.4.a.7,Glare Sensitivity,LV,0.0,8,0.0,0.0,0.0,N,Y,08/2018,Analyst
15-1212.00,1.A.4.b.1,Hearing Sensitivity,IM,1.88,8,0.125,1.63,2.12,N,,08/2018,Analyst
15-1212.00,1.A.4.b.1,Hearing Sensitivity,LV,1.75,8,0.25,1.26,2.24,N,N,08/2018,Analyst
15-1212.00,1.A.4.b.2,Auditory Attention,IM,1.75,8,0.1637,1.4292,2.0708,N,,08/2018,Analyst
15-1212.00,1.A.4.b.2,Auditory Attention,LV,1.5,8,0.3273,0.8584,2.1416,N,N,08/2018,Analyst
15-1212.00,1.A.4.b.3,Sound Localization,IM,1.0,8,0.0,1.0,1.0,N,,08/2018,Analyst
15-1212.00,1.A.4.b.3,Sound Localization,LV,0.0,8,0.0,0.0,0.0,N,Y,08/2018,Analyst
15-1212.00,1.A.4.b.4,Speech Recognition,IM,3.38,8,0.183,3.0164,3.7336,N,,08/2018,Analyst
15-1212.00,1.A.4.b.4,Speech Recognition,LV,3.12,8,0.125,2.88,3.37,N,N,08/2018,Analyst
15-1212.00,1.A.4.b.5,Speech Clarity,IM,3.38,8,0.183,3.0164,3.7336,N,,08/2018,Analyst
15-1212.00,1.A.4.b.5,Speech Clarity,LV,3.0,8,0.0,3.0,3.0,N,N,08/2018,Analyst
15-1221.00,1.A.1.a.1,Oral Comprehension,IM,4.0,8,0.0,4.0,4.0,N,,08/2019,Analyst
15-1221.00,1.A.1.a.1,Oral Comprehension,LV,4.75,8,0.25,4.26,5.24,N,N,08/2019,Analyst
15-1221.00,1.A.1.a.2,Written Comprehension,IM,3.88,8,0.125,3.63,4.12,N,,08/2019,Analyst
15-1221.00,1.A.1.a.2,Written Comprehension,LV,4.38,8,0.2631,3.8594,4.8906,N,N,08/2019,Analyst
15-1221.00,1.A.1.a.3,Oral Expression,IM,4.0,8,0.0,4.0,4.0,N,,08/2019,Analyst
15-1221.00,1.A.1.a.3,Oral Expression,LV,4.75,8,0.25,4.26,5.24,N,N,08/2019,Analyst
15-1221.00,1.A.1.a.4,Written Expression,IM,3.75,8,0.1637,3.4292,4.0708,N,,08/2019,Analyst
15-1221.00,1.A.1.a.4,Written Expression,LV,4.25,8,0.1637,3.9292,4.5708,N,N,08/2019,Analyst
15-1221.00,1.A.1.b.1,Fluency of Ideas,IM,3.88,8,0.2266,3.4309,4.3191,N,,08/2019,Analyst
15-1221.00,1.A.1.b.1,Fluency of Ideas,LV,4.12,8,0.295,3.5467,4.7033,N,N,08/2019,Analyst
15-1221.00,1.A.1.b.2,Originality,IM,3.62,8,0.183,3.2664,3.9836,N,,08/2019,Analyst
15-1221.00,1.A.1.b.2,Originality,LV,4.38,8,0.2631,3.8594,4.8906,N,N,08/2019,Analyst
15-1221.00,1.A.1.b.3,Problem Sensitivity,IM,3.88,8,0.125,3.63,4.12,N,,08/2019,Analyst
15-1221.00,1.A.1.b.3,Problem Sensitivity,LV,4.25,8,0.1637,3.9292,4.5708,N,N,08/2019,Analyst
15-1221.00,1.A.1.b.4,Deductive Reasoning,IM,4.12,8,0.125,3.88,4.37,N,,08/2019,Analyst
15-1221.00,1.A.1.b.4,Deductive Reasoning,LV,4.88,8,0.2266,4.4309,5.3191,N,N,08/2019,Analyst
15-1221.00,1.A.1.b.5,Inductive Reasoning,IM,4.12,8,0.125,3.88,4.37,N,,08/2019,Analyst
15-1221.00,1.A.1.b.5,Inductive Reasoning,LV,4.62,8,0.2631,4.1094,5.1406,N,N,08/2019,Analyst
15-1221.00,1.A.1.b.6,Information Ordering,IM,3.75,8,0.1637,3.4292,4.0708,N,,08/2019,Analyst
15-1221.00,1.A.1.b.6,Information Ordering,LV,4.25,8,0.25,3.76,4.74,N,N,08/2019,Analyst
15-1221.00,1.A.1.b.7,Category Flexibility,IM,3.75,8,0.1637,3.4292,4.0708,N,,08/2019,Analyst
15-1221.00,1.A.1.b.7,Category Flexibility,LV,4.38,8,0.2631,3.8594,4.8906,N,N,08/2019,Analyst
15-1221.00,1.A.1.c.1,Mathematical Reasoning,IM,3.38,8,0.183,3.0164,3.7336,N,,08/2019,Analyst
15-1221.00,1.A.1.c.1,Mathematical Reasoning,LV,4.25,8,0.25,3.76,4.74,N,N,08/2019,Analyst
15-1221.00,1.A.1.c.2,Number Facility,IM,3.25,8,0.1637,2.9292,3.5708,N,,08/2019,Analyst
15-1221.00,1.A.1.c.2,Number Facility,LV,3.75,8,0.25,3.26,4.24,N,N,08/2019,Analyst
15-1221.00,1.A.1.d.1,Memorization,IM,2.88,8,0.125,2.63,3.12,N,,08/2019,Analyst
15-1221.00,1.A.1.d.1,Memorization,LV,2.88,8,0.125,2.63,3.12,N,N,08/2019,Analyst
15-1221.00,1.A.1.e.1,Speed of Closure,IM,2.88,8,0.125,2.63,3.12,N,,08/2019,Analyst
15-1221.00,1.A.1.e.1,Speed of Closure,LV,3.0,8,0.0,3.0,3.0,N,N,08/2019,Analyst
15-1221.00,1.A.1.e.2,Flexibility of Closure,IM,3.0,8,0.189,2.6296,3.3704,N,,08/2019,Analyst
15-1221.00,1.A.1.e.2,Flexibility of Closure,LV,3.25,8,0.1637,2.9292,3.5708,N,N,08/2019,Analyst
15-1221.00,1.A.1.e.3,Perceptual Speed,IM,3.0,8,0.0,3.0,3.0,N,,08/2019,Analyst
15-1221.00,1.A.1.e.3,Perceptual Speed,LV,3.0,8,0.0,3.0,3.0,N,N,08/2019,Analyst
15-1221.00,1.A.1.f.1,Spatial Orientation,IM,1.0,8,0.0,1.0,1.0,N,,08/2019,Analyst
15-1221.00,1.A.1.f.1,Spatial Orientation,LV,0.0,8,0.0,0.0,0.0,N,Y,08/2019,Analyst
15-1221.00,1.A.1.f.2,Visualization,IM,3.25,8,0.1637,2.9292,3.5708,N,,08/2019,Analyst
15-1221.00,1.A.1.f.2,Visualization,LV,3.62,8,0.2631,3.1094,4.1406,N,N,08/2019,Analyst
15-1221.00,1.A.1.g.1,Selective Attention,IM,2.88,8,0.125,2.63,3.12,N,,08/2019,Analyst
15-1221.00,1.A.1.g.1,Selective Attention,LV,3.0,8,0.189,2.6296,3.3704,N,N,08/2019,Analyst
15-1221.00,1.A.1.g.2,Time Sharing,IM,2.5,8,0.189,2.1296,2.8704,N,,08/2019,Analyst
15-1221.00,1.A.1.g.2,Time Sharing,LV,2.12,8,0.125,1.88,2.37,N,N,08/2019,Analyst
15-1221.00,1.A.2.a.1,Arm-Hand Steadiness,IM,2.0,8,0.0,2.0,2.0,N,,08/2019,Analyst
15-1221.00,1.A.2.a.1,Arm-Hand Steadiness,LV,1.75,8,0.1637,1.4292,2.0708,N,N,08/2019,Analyst
15-1221.00,1.A.2.a.2,Manual Dexterity,IM,2.0,8,0.0,2.0,2.0,N,,08/2019,Analyst
15-1221.00,1.A.2.a.2,Manual Dexterity,LV,1.62,8,0.183,1.2664,1.9836,N,N,08/2019,Analyst
15-1221.00,1.A.2.a.3,Finger Dexterity,IM,2.62,8,0.183,2.2664,2.9836,N,,08/2019,Analyst
15-1221.00,1.A.2.a.3,Finger Dexterity,LV,2.88,8,0.125,2.63,3.12,N,N,08/2019,Analyst
15-1221.00,1.A.2.b.1,Control Precision,IM,2.0,8,0.0,2.0,2.0,N,,08/2019,Analyst
15-1221.00,1.A.2.b.1,Control Precision,LV,2.0,8,0.0,2.0,2.0,N,N,08/2019,Analyst
15-1221.00,1.A.2.b.2,Multilimb Coordination,IM,1.0,8,0.0,1.0,1.0,N,,08/2019,Analyst
15-1221.00,1.A.2.b.2,Multilimb Coordination,LV,0.0,8,0.0,0.0,0.0,N,Y,08/2019,Analyst
15-1221.00,1.A.2.b.3,Response Orientation,IM,1.12,8,0.125,1.0,1.37,N,,08/2019,Analyst
15-1221.00,1.A.2.b.3,Response Orientation,LV,0.12,8,0.125,0.0,0.37,N,Y,08/2019,Analyst
15-1221.00,1.A.2.b.4,Rate Control,IM,1.0,8,0.0,1.0,1.0,N,,08/2019,Analyst
15-1221.00,1.A.2.b.4,Rate Control,LV,0.0,8,0.0,0.0,0.0,N,Y,08/2019,Analyst
15-1221.00,1.A.2.c.1,Reaction Time,IM,1.0,8,0.0,1.0,1.0,N,,08/2019,Analyst
15-1221.00,1.A.2.c.1,Reaction Time,LV,0.0,8,0.0,0.0,0.0,N,Y,08/2019,Analyst
15-1221.00,1.A.2.c.2,Wrist-Finger Speed,IM,1.88,8,0.125,1.63,2.12,N,,08/2019,Analyst
15-1221.00,1.A.2.c.2,Wrist-Finger Speed,LV,1.0,8,0.189,0.6296,1.3704,N,N,08/2019,Analyst
15-1221.00,1.A.2.c.3,Speed of Limb Movement,IM,1.0,8,0.0,1.0,1.0,N,,08/2019,Analyst
15-1221.00,1.A.2.c.3,Speed of Limb Movement,LV,0.0,8,0.0,0.0,0.0,N,Y,08/2019,Analyst
15-1221.00,1.A.3.a.1,Static Strength,IM,1.0,8,0.0,1.0,1.0,N,,08/2019,Analyst
15-1221.00,1.A.3.a.1,Static Strength,LV,0.0,8,0.0,0.0,0.0,N,Y,08/2019,Analyst
15-1221.00,1.A.3.a.2,Explosive Strength,IM,1.0,8,0.0,1.0,1.0,N,,08/2019,Analyst
15-1221.00,1.A.3.a.2,Explosive Strength,LV,0.0,8,0.0,0.0,0.0,N,Y,08/2019,Analyst
15-1221.00,1.A.3.a.3,Dynamic Strength,IM,1.0,8,0.0,1.0,1.0,N,,08/2019,Analyst
15-1221.00,1.A.3.a.3,Dynamic Strength,LV,0.0,8,0.0,0.0,0.0,N,Y,08/2019,Analyst
15-1221.00,1.A.3.a.4,Trunk Strength,IM,1.88,8,0.125,1.63,2.12,N,,08/2019,Analyst
15-1221.00,1.A.3.a.4,Trunk Strength,LV,1.38,8,0.2631,0.8594,1.8906,N,N,08/2019,Analyst
15-1221.00,1.A.3.b.1,Stamina,IM,1.0,8,0.0,1.0,1.0,N,,08/2019,Analyst
15-1221.00,1.A.3.b.1,Stamina,LV,0.0,8,0.0,0.0,0.0,N,Y,08/2019,Analyst
15-1221.00,1.A.3.c.1,Extent Flexibility,IM,1.0,8,0.0,1.0,1.0,N,,08/2019,Analyst
15-1221.00,1.A.3.c.1,Extent Flexibility,LV,0.0,8,0.0,0.0,0.0,N,Y,08/2019,Analyst
15-1221.00,1.A.3.c.2,Dynamic Flexibility,IM,1.0,8,0.0,1.0,1.0,N,,08/2019,Analyst
15-1221.00,1.A.3.c.2,Dynamic Flexibility,LV,0.0,8,0.0,0.0,0.0,N,Y,08/2019,Analyst
15-1221.00,1.A.3.c.3,Gross Body Coordination,IM,1.0,8,0.0,1.0,1.0,N,,08/2019,Analyst
15-1221.00,1.A.3.c.3,Gross Body Coordination,LV,0.0,8,0.0,0.0,0.0,N,Y,08/2019,Analyst
15-1221.00,1.A.3.c.4,Gross Body Equilibrium,IM,1.0,8,0.0,1.0,1.0,N,,08/2019,Analyst
15-1221.00,1.A.3.c.4,Gross Body Equilibrium,LV,0.0,8,0.0,0.0,0.0,N,Y,08/2019,Analyst
15-1221.00,1.A.4.a.1,Near Vision,IM,3.75,8,0.1637,3.4292,4.0708,N,,08/2019,Analyst
15-1221.00,1.A.4.a.1,Near Vision,LV,4.0,8,0.189,3.6296,4.3704,N,N,08/2019,Analyst
15-1221.00,1.A.4.a.2,Far Vision,IM,2.62,8,0.183,2.2664,2.9836,N,,08/2019,Analyst
15-1221.00,1.A.4.a.2,Far Vision,LV,2.62,8,0.183,2.2664,2.9836,N,N,08/2019,Analyst
15-1221.00,1.A.4.a.3,Visual Color Discrimination,IM,2.0,8,0.0,2.0,2.0,N,,08/2019,Analyst
15-1221.00,1.A.4.a.3,Visual Color Discrimination,LV,2.0,8,0.0,2.0,2.0,N,N,08/2019,Analyst
15-1221.00,1.A.4.a.4,Night Vision,IM,1.0,8,0.0,1.0,1.0,N,,08/2019,Analyst
15-1221.00,1.A.4.a.4,Night Vision,LV,0.0,8,0.0,0.0,0.0,N,Y,08/2019,Analyst
15-1221.00,1.A.4.a.5,Peripheral Vision,IM,1.0,8,0.0,1.0,1.0,N,,08/2019,Analyst
15-1221.00,1.A.4.a.5,Peripheral Vision,LV,0.0,8,0.0,0.0,0.0,N,Y,08/2019,Analyst
15-1221.00,1.A.4.a.6,Depth Perception,IM,1.75,8,0.1637,1.4292,2.0708,N,,08/2019,Analyst
15-1221.00,1.A.4.a.6,Depth Perception,LV,0.75,8,0.1637,0.4292,1.0708,N,N,08/2019,Analyst
15-1221.00,1.A.4.a.7,Glare Sensitivity,IM,1.0,8,0.0,1.0,1.0,N,,08/2019,Analyst
15-1221.00,1.A.4.a.7,Glare Sensitivity,LV,0.0,8,0.0,0.0,0.0,N,Y,08/2019,Analyst
15-1221.00,1.A.4.b.1,Hearing Sensitivity,IM,2.12,8,0.125,1.88,2.37,N,,08/2019,Analyst
15-1221.00,1.A.4.b.1,Hearing Sensitivity,LV,1.5,8,0.189,1.1296,1.8704,N,N,08/2019,Analyst
15-1221.00,1.A.4.b.2,Auditory Attention,IM,2.0,8,0.0,2.0,2.0,N,,08/2019,Analyst
15-1221.00,1.A.4.b.2,Auditory Attention,LV,1.38,8,0.183,1.0164,1.7336,N,N,08/2019,Analyst
15-1221.00,1.A.4.b.3,Sound Localization,IM,1.0,8,0.0,1.0,1.0,N,,08/2019,Analyst
15-1221.00,1.A.4.b.3,Sound Localization,LV,0.0,8,0.0,0.0,0.0,N,Y,08/2019,Analyst
15-1221.00,1.A.4.b.4,Speech Recognition,IM,3.25,8,0.1637,2.9292,3.5708,N,,08/2019,Analyst
15-1221.00,1.A.4.b.4,Speech Recognition,LV,3.25,8,0.1637,2.9292,3.5708,N,N,08/2019,Analyst
15-1221.00,1.A.4.b.5,Speech Clarity,IM,3.25,8,0.1637,2.9292,3.5708,N,,08/2019,Analyst
15-1221.00,1.A.4.b.5,Speech Clarity,LV,3.25,8,0.1637,2.9292,3.5708,N,N,08/2019,Analyst
15-1231.00,1.A.1.a.1,Oral Comprehension,IM,3.88,8,0.125,3.63,4.12,N,,07/2014,Analyst
15-1231.00,1.A.1.a.1,Oral Comprehension,LV,4.25,8,0.1637,3.9292,4.5708,N,N,07/2014,Analyst
15-1231.00,1.A.1.a.2,Written Comprehension,IM,3.62,8,0.183,3.2664,3.9836,N,,07/2014,Analyst
15-1231.00,1.A.1.a.2,Written Comprehension,LV,4.0,8,0.2673,3.4762,4.5238,N,N,07/2014,Analyst
15-1231.00,1.A.1.a.3,Oral Expression,IM,3.75,8,0.1637,3.4292,4.0708,N,,07/2014,Analyst
15-1231.00,1.A.1.a.3,Oral Expression,LV,4.0,8,0.189,3.6296,4.3704,N,N,07/2014,Analyst
15-1231.00,1.A.1.a.4,Written Expression,IM,3.38,8,0.183,3.0164,3.7336,N,,07/2014,Analyst
15-1231.00,1.A.1.a.4,Written Expression,LV,3.75,8,0.1637,3.4292,4.0708,N,N,07/2014,Analyst
15-1231.00,1.A.1.b.1,Fluency of Ideas,IM,3.0,8,0.0,3.0,3.0,N,,07/2014,Analyst
15-1231.00,1.A.1.b.1,Fluency of Ideas,LV,3.5,8,0.189,3.1296,3.8704,N,N,07/2014,Analyst
15-1231.00,1.A.1.b.2,Originality,IM,2.62,8,0.183,2.2664,2.9836,N,,07/2014,Analyst
15-1231.00,1.A.1.b.2,Originality,LV,3.12,8,0.2266,2.6809,3.5691,N,N,07/2014,Analyst
15-1231.00,1.A.1.b.3,Problem Sensitivity,IM,3.88,8,0.125,3.63,4.12,N,,07/2014,Analyst
15-1231.00,1.A.1.b.3,Problem Sensitivity,LV,3.5,8,0.189,3.1296,3.8704,N,N,07/2014,Analyst
15-1231.00,1.A.1.b.4,Deductive Reasoning,IM,3.88,8,0.125,3.63,4.12,N,,07/2014,Analyst
15-1231.00,1.A.1.b.4,Deductive Reasoning,LV,4.0,8,0.0,4.0,4.0,N,N,07/2014,Analyst
15-1231.00,1.A.1.b.5,Inductive Reasoning,IM,3.75,8,0.1637,3.4292,4.0708,N,,07/2014,Analyst
15-1231.00,1.A.1.b.5,Inductive Reasoning,LV,3.62,8,0.183,3.2664,3.9836,N,N,07/2014,Analyst
15-1231.00,1.A.1.b.6,Information Ordering,IM,3.5,8,0.189,3.1296,3.8704,N,,07/2014,Analyst
15-1231.00,1.A.1.b.6,Information Ordering,LV,3.75,8,0.1637,3.4292,4.0708,N,N,07/2014,Analyst
15-1231.00,1.A.1.b.7,Category Flexibility,IM,3.0,8,0.0,3.0,3.0,N,,07/2014,Analyst
15-1231.00,1.A.1.b.7,Category Flexibility,LV,3.38,8,0.183,3.0164,3.7336,N,N,07/2014,Analyst
15-1231.00,1.A.1.c.1,Mathematical Reasoning,IM,2.38,8,0.183,2.0164,2.7336,N,,07/2014,Analyst
15-1231.00,1.A.1.c.1,Mathematical Reasoning,LV,2.38,8,0.2631,1.8594,2.8906,N,N,07/2014,Analyst
15-1231.00,1.A.1.c.2,Number Facility,IM,2.25,8,0.1637,1.9292,2.5708,N,,07/2014,Analyst
15-1231.00,1.A.1.c.2,Number Facility,LV,2.5,8,0.189,2.1296,2.8704,N,N,07/2014,Analyst
15-1231.00,1.A.1.d.1,Memorization,IM,2.5,8,0.189,2.1296,2.8704,N,,07/2014,Analyst
15-1231.00,1.A.1.d.1,Memorization,LV,2.75,8,0.1637,2.4292,3.0708,N,N,07/2014,Analyst
15-1231.00,1.A.1.e.1,Speed of Closure,IM,2.62,8,0.183,2.2664,2.9836,N,,07/2014,Analyst
15-1231.00,1.A.1.e.1,Speed of Closure,LV,2.62,8,0.183,2.2664,2.9836,N,N,07/2014,Analyst
15-1231.00,1.A.1.e.2,Flexibility of Closure,IM,3.0,8,0.189,2.6296,3.3704,N,,07/2014,Analyst
15-1231.00,1.A.1.e.2,Flexibility of Closure,LV,3.0,8,0.2673,2.4762,3.5238,N,N,07/2014,Analyst
15-1231.00,1.A.1.e.3,Perceptual Speed,IM,2.62,8,0.183,2.2664,2.9836,N,,07/2014,Analyst
15-1231.00,1.A.1.e.3,Perceptual Speed,LV,2.5,8,0.189,2.1296,2.8704,N,N,07/2014,Analyst
15-1231.00,1.A.1.f.1,Spatial Orientation,IM,1.12,8,0.125,1.0,1.37,N,,07/2014,Analyst
15-1231.00,1.A.1.f.1,Spatial Orientation,LV,0.12,8,0.125,0.0,0.37,N,Y,07/2014,Analyst
15-1231.00,1.A.1.f.2,Visualization,IM,2.88,8,0.2266,2.4309,3.3191,N,,07/2014,Analyst
15-1231.00,1.A.1.f.2,Visualization,LV,3.25,8,0.3134,2.6358,3.8642,N,N,07/2014,Analyst
15-1231.00,1.A.1.g.1,Selective Attention,IM,3.12,8,0.2266,2.6809,3.5691,N,,07/2014,Analyst
15-1231.00,1.A.1.g.1,Selective Attention,LV,3.12,8,0.2266,2.6809,3.5691,N,N,07/2014,Analyst
15-1231.00,1.A.1.g.2,Time Sharing,IM,2.25,8,0.25,1.76,2.74,N,,07/2014,Analyst
15-1231.00,1.A.1.g.2,Time Sharing,LV,2.25,8,0.1637,1.9292,2.5708,N,N,07/2014,Analyst
15-1231.00,1.A.2.a.1,Arm-Hand Steadiness,IM,2.62,8,0.183,2.2664,2.9836,N,,07/2014,Analyst
15-1231.00,1.A.2.a.1,Arm-Hand Steadiness,LV,2.62,8,0.183,2.2664,2.9836,N,N,07/2014,Analyst
15-1231.00,1.A.2.a.2,Manual Dexterity,IM,2.38,8,0.183,2.0164,2.7336,N,,07/2014,Analyst
15-1231.00,1.A.2.a.2,Manual Dexterity,LV,2.25,8,0.25,1.76,2.74,N,N,07/2014,Analyst
15-1231.00,1.A.2.a.3,Finger Dexterity,IM,3.0,8,0.189,2.6296,3.3704,N,,07/2014,Analyst
15-1231.00,1.A.2.a.3,Finger Dexterity,LV,2.88,8,0.2266,2.4309,3.3191,N,N,07/2014,Analyst
15-1231.00,1.A.2.b.1,Control Precision,IM,2.25,8,0.1637,1.9292,2.5708,N,,07/2014,Analyst
15-1231.00,1.A.2.b.1,Control Precision,LV,2.12,8,0.2266,1.6809,2.5691,N,N,07/2014,Analyst
15-1231.00,1.A.2.b.2,Multilimb Coordination,IM,2.38,8,0.183,2.0164,2.7336,N,,07/2014,Analyst
15-1231.00,1.A.2.b.2,Multilimb Coordination,LV,2.0,8,0.3273,1.3584,2.6416,N,N,07/2014,Analyst
15-1231.00,1.A.2.b.3,Response Orientation,IM,1.0,8,0.0,1.0,1.0,N,,07/2014,Analyst
15-1231.00,1.A.2.b.3,Response Orientation,LV,0.0,8,0.0,0.0,0.0,N,Y,07/2014,Analyst
15-1231.00,1.A.2.b.4,Rate Control,IM,1.0,8,0.0,1.0,1.0,N,,07/2014,Analyst
15-1231.00,1.A.2.b.4,Rate Control,LV,0.0,8,0.0,0.0,0.0,N,Y,07/2014,Analyst
15-1231.00,1.A.2.c.1,Reaction Time,IM,1.0,8,0.0,1.0,1.0,N,,07/2014,Analyst
15-1231.00,1.A.2.c.1,Reaction Time,LV,0.0,8,0.0,0.0,0.0,N,Y,07/2014,Analyst
15-1231.00,1.A.2.c.2,Wrist-Finger Speed,IM,1.38,8,0.183,1.0164,1.7336,N,,07/2014,Analyst
15-1231.00,1.A.2.c.2,Wrist-Finger Speed,LV,0.5,8,0.2673,0.0,1.0238,N,N,07/2014,Analyst
15-1231.00,1.A.2.c.3,Speed of Limb Movement,IM,1.0,8,0.0,1.0,1.0,N,,07/2014,Analyst
15-1231.00,1.A.2.c.3,Speed of Limb Movement,LV,0.0,8,0.0,0.0,0.0,N,Y,07/2014,Analyst
15-1231.00,1.A.3.a.1,Static Strength,IM,1.88,8,0.125,1.63,2.12,N,,07/2014,Analyst
15-1231.00,1.A.3.a.1,Static Strength,LV,1.25,8,0.25,0.76,1.74,N,N,07/2014,Analyst
15-1231.00,1.A.3.a.2,Explosive Strength,IM,1.0,8,0.0,1.0,1.0,N,,07/2014,Analyst
15-1231.00,1.A.3.a.2,Explosive Strength,LV,0.0,8,0.0,0.0,0.0,N,Y,07/2014,Analyst
15-1231.00,1.A.3.a.3,Dynamic Strength,IM,1.0,8,0.0,1.0,1.0,N,,07/2014,Analyst
15-1231.00,1.A.3.a.3,Dynamic Strength,LV,0.0,8,0.0,0.0,0.0,N,Y,07/2014,Analyst
15-1231.00,1.A.3.a.4,Trunk Strength,IM,1.12,8,0.125,1.0,1.37,N,,07/2014,Analyst
15-1231.00,1.A.3.a.4,Trunk Strength,LV,0.25,8,0.25,0.0,0.74,N,Y,07/2014,Analyst
15-1231.00,1.A.3.b.1,Stamina,IM,1.0,8,0.0,1.0,1.0,N,,07/2014,Analyst
15-1231.00,1.A.3.b.1,Stamina,LV,0.0,8,0.0,0.0,0.0,N,Y,07/2014,Analyst
15-1231.00,1.A.3.c.1,Extent Flexibility,IM,2.0,8,0.189,1.6296,2.3704,N,,07/2014,Analyst
15-1231.00,1.A.3.c.1,Extent Flexibility,LV,1.38,8,0.3239,0.7402,2.0098,N,N,07/2014,Analyst
15-1231.00,1.A.3.c.2,Dynamic Flexibility,IM,1.0,8,0.0,1.0,1.0,N,,07/2014,Analyst
15-1231.00,1.A.3.c.2,Dynamic Flexibility,LV,0.0,8,0.0,0.0,0.0,N,Y,07/2014,Analyst
15-1231.00,1.A.3.c.3,Gross Body Coordination,IM,1.0,8,0.0,1.0,1.0,N,,07/2014,Analyst
15-1231.00,1.A.3.c.3,Gross Body Coordination,LV,0.0,8,0.0,0.0,0.0,N,Y,07/2014,Analyst
15-1231.00,1.A.3.c.4,Gross Body Equilibrium,IM,1.0,8,0.0,1.0,1.0,N,,07/2014,Analyst
15-1231.00,1.A.3.c.4,Gross Body Equilibrium,LV,0.0,8,0.0,0.0,0.0,N,Y,07/2014,Analyst
15-1231.00,1.A.4.a.1,Near Vision,IM,3.38,8,0.2631,2.8594,3.8906,N,,07/2014,Analyst
15-1231.00,1.A.4.a.1,Near Vision,LV,3.25,8,0.25,2.76,3.74,N,N,07/2014,Analyst
15-1231.00,1.A.4.a.2,Far Vision,IM,2.75,8,0.25,2.26,3.24,N,,07/2014,Analyst
15-1231.00,1.A.4.a.2,Far Vision,LV,2.75,8,0.25,2.26,3.24,N,N,07/2014,Analyst
15-1231.00,1.A.4.a.3,Visual Color Discrimination,IM,2.5,8,0.189,2.1296,2.8704,N,,07/2014,Analyst
15-1231.00,1.A.4.a.3,Visual Color Discrimination,LV,2.88,8,0.2266,2.4309,3.3191,N,N,07/2014,Analyst
15-1231.00,1.A.4.a.4,Night Vision,IM,1.0,8,0.0,1.0,1.0,N,,07/2014,Analyst
15-1231.00,1.A.4.a.4,Night Vision,LV,0.0,8,0.0,0.0,0.0,N,Y,07/2014,Analyst
15-1231.00,1.A.4.a.5,Peripheral Vision,IM,1.0,8,0.0,1.0,1.0,N,,07/2014,Analyst
15-1231.00,1.A.4.a.5,Peripheral Vision,LV,0.0,8,0.0,0.0,0.0,N,Y,07/2014,Analyst
15-1231.00,1.A.4.a.6,Depth Perception,IM,2.12,8,0.125,1.88,2.37,N,,07/2014,Analyst
15-1231.00,1.A.4.a.6,Depth Perception,LV,1.88,8,0.2266,1.4309,2.3191,N,N,07/2014,Analyst
15-1231.00,1.A.4.a.7,Glare Sensitivity,IM,1.0,8,0.0,1.0,1.0,N,,07/2014,Analyst
15-1231.00,1.A.4.a.7,Glare Sensitivity,LV,0.0,8,0.0,0.0,0.0,N,Y,07/2014,Analyst
15-1231.00,1.A.4.b.1,Hearing Sensitivity,IM,2.0,8,0.189,1.6296,2.3704,N,,07/2014,Analyst
15-1231.00,1.A.4.b.1,Hearing Sensitivity,LV,1.88,8,0.295,1.2967,2.4533,N,N,07/2014,Analyst
15-1231.00,1.A.4.b.2,Auditory Attention,IM,2.25,8,0.1637,1.9292,2.5708,N,,07/2014,Analyst
15-1231.00,1.A.4.b.2,Auditory Attention,LV,2.38,8,0.183,2.0164,2.7336,N,N,07/2014,Analyst
15-1231.00,1.A.4.b.3,Sound Localization,IM,1.12,8,0.125,1.0,1.37,N,,07/2014,Analyst
15-1231.00,1.A.4.b.3,Sound Localization,LV,0.25,8,0.25,0.0,0.74,N,Y,07/2014,Analyst
15-1231.00,1.A.4.b.4,Speech Recognition,IM,3.38,8,0.183,3.0164,3.7336,N,,07/2014,Analyst
15-1231.00,1.A.4.b.4,Speech Recognition,LV,3.12,8,0.2266,2.6809,3.5691,N,N,07/2014,Analyst
15-1231.00,1.A.4.b.5,Speech Clarity,IM,3.38,8,0.183,3.0164,3.7336,N,,07/2014,Analyst
15-1231.00,1.A.4.b.5,Speech Clarity,LV,3.0,8,0.2673,2.4762,3.5238,N,N,07/2014,Analyst
15-1232.00,1.A.1.a.1,Oral Comprehension,IM,4.0,8,0.0,4.0,4.0,N,,08/2023,Analyst
15-1232.00,1.A.1.a.1,Oral Comprehension,LV,4.0,8,0.0,4.0,4.0,N,N,08/2023,Analyst
15-1232.00,1.A.1.a.2,Written Comprehension,IM,4.0,8,0.0,4.0,4.0,N,,08/2023,Analyst
15-1232.00,1.A.1.a.2,Written Comprehension,LV,4.0,8,0.0,4.0,4.0,N,N,08/2023,Analyst
15-1232.00,1.A.1.a.3,Oral Expression,IM,4.0,8,0.0,4.0,4.0,N,,08/2023,Analyst
15-1232.00,1.A.1.a.3,Oral Expression,LV,4.0,8,0.0,4.0,4.0,N,N,08/2023,Analyst
15-1232.00,1.A.1.a.4,Written Expression,IM,3.88,8,0.125,3.63,4.12,N,,08/2023,Analyst
15-1232.00,1.A.1.a.4,Written Expression,LV,3.75,8,0.1637,3.4292,4.0708,N,N,08/2023,Analyst
15-1232.00,1.A.1.b.1,Fluency of Ideas,IM,3.12,8,0.125,2.88,3.37,N,,08/2023,Analyst
15-1232.00,1.A.1.b.1,Fluency of Ideas,LV,3.0,8,0.189,2.6296,3.3704,N,N,08/2023,Analyst
15-1232.00,1.A.1.b.2,Originality,IM,2.88,8,0.125,2.63,3.12,N,,08/2023,Analyst
15-1232.00,1.A.1.b.2,Originality,LV,3.0,8,0.0,3.0,3.0,N,N,08/2023,Analyst
15-1232.00,1.A.1.b.3,Problem Sensitivity,IM,3.62,8,0.183,3.2664,3.9836,N,,08/2023,Analyst
15-1232.00,1.A.1.b.3,Problem Sensitivity,LV,3.62,8,0.183,3.2664,3.9836,N,N,08/2023,Analyst
15-1232.00,1.A.1.b.4,Deductive Reasoning,IM,3.62,8,0.183,3.2664,3.9836,N,,08/2023,Analyst
15-1232.00,1.A.1.b.4,Deductive Reasoning,LV,3.5,8,0.189,3.1296,3.8704,N,N,08/2023,Analyst
15-1232.00,1.A.1.b.5,Inductive Reasoning,IM,3.38,8,0.183,3.0164,3.7336,N,,08/2023,Analyst
15-1232.00,1.A.1.b.5,Inductive Reasoning,LV,3.5,8,0.189,3.1296,3.8704,N,N,08/2023,Analyst
15-1232.00,1.A.1.b.6,Information Ordering,IM,3.62,8,0.183,3.2664,3.9836,N,,08/2023,Analyst
15-1232.00,1.A.1.b.6,Information Ordering,LV,3.62,8,0.183,3.2664,3.9836,N,N,08/2023,Analyst
15-1232.00,1.A.1.b.7,Category Flexibility,IM,3.0,8,0.0,3.0,3.0,N,,08/2023,Analyst
15-1232.00,1.A.1.b.7,Category Flexibility,LV,3.0,8,0.0,3.0,3.0,N,N,08/2023,Analyst
15-1232.00,1.A.1.c.1,Mathematical Reasoning,IM,2.62,8,0.183,2.2664,2.9836,N,,08/2023,Analyst
15-1232.00,1.A.1.c.1,Mathematical Reasoning,LV,2.38,8,0.183,2.0164,2.7336,N,N,08/2023,Analyst
15-1232.00,1.A.1.c.2,Number Facility,IM,2.25,8,0.1637,1.9292,2.5708,N,,08/2023,Analyst
15-1232.00,1.A.1.c.2,Number Facility,LV,2.12,8,0.125,1.88,2.37,N,N,08/2023,Analyst
15-1232.00,1.A.1.d.1,Memorization,IM,2.62,8,0.183,2.2664,2.9836,N,,08/2023,Analyst
15-1232.00,1.A.1.d.1,Memorization,LV,2.62,8,0.183,2.2664,2.9836,N,N,08/2023,Analyst
15-1232.00,1.A.1.e.1,Speed of Closure,IM,2.38,8,0.183,2.0164,2.7336,N,,08/2023,Analyst
15-1232.00,1.A.1.e.1,Speed of Closure,LV,2.75,8,0.1637,2.4292,3.0708,N,N,08/2023,Analyst
15-1232.00,1.A.1.e.2,Flexibility of Closure,IM,2.88,8,0.125,2.63,3.12,N,,08/2023,Analyst
15-1232.00,1.A.1.e.2,Flexibility of Closure,LV,2.88,8,0.125,2.63,3.12,N,N,08/2023,Analyst
15-1232.00,1.A.1.e.3,Perceptual Speed,IM,3.0,8,0.0,3.0,3.0,N,,08/2023,Analyst
15-1232.00,1.A.1.e.3,Perceptual Speed,LV,3.0,8,0.0,3.0,3.0,N,N,08/2023,Analyst
15-1232.00,1.A.1.f.1,Spatial Orientation,IM,1.12,8,0.125,1.0,1.37,N,,08/2023,Analyst
15-1232.00,1.A.1.f.1,Spatial Orientation,LV,0.12,8,0.125,0.0,0.37,N,Y,08/2023,Analyst
15-1232.00,1.A.1.f.2,Visualization,IM,2.88,8,0.2266,2.4309,3.3191,N,,08/2023,Analyst
15-1232.00,1.A.1.f.2,Visualization,LV,2.88,8,0.2266,2.4309,3.3191,N,N,08/2023,Analyst
15-1232.00,1.A.1.g.1,Selective Attention,IM,3.0,8,0.189,2.6296,3.3704,N,,08/2023,Analyst
15-1232.00,1.A.1.g.1,Selective Attention,LV,2.88,8,0.125,2.63,3.12,N,N,08/2023,Analyst
15-1232.00,1.A.1.g.2,Time Sharing,IM,2.75,8,0.1637,2.4292,3.0708,N,,08/2023,Analyst
15-1232.00,1.A.1.g.2,Time Sharing,LV,2.5,8,0.189,2.1296,2.8704,N,N,08/2023,Analyst
15-1232.00,1.A.2.a.1,Arm-Hand Steadiness,IM,2.75,8,0.1637,2.4292,3.0708,N,,08/2023,Analyst
15-1232.00,1.A.2.a.1,Arm-Hand Steadiness,LV,2.62,8,0.183,2.2664,2.9836,N,N,08/2023,Analyst
15-1232.00,1.A.2.a.2,Manual Dexterity,IM,2.62,8,0.183,2.2664,2.9836,N,,08/2023,Analyst
15-1232.00,1.A.2.a.2,Manual Dexterity,LV,2.25,8,0.1637,1.9292,2.5708,N,N,08/2023,Analyst
15-1232.00,1.A.2.a.3,Finger Dexterity,IM,3.0,8,0.0,3.0,3.0,N,,08/2023,Analyst
15-1232.00,1.A.2.a.3,Finger Dexterity,LV,2.88,8,0.125,2.63,3.12,N,N,08/2023,Analyst
15-1232.00,1.A.2.b.1,Control Precision,IM,2.12,8,0.125,1.88,2.37,N,,08/2023,Analyst
15-1232.00,1.A.2.b.1,Control Precision,LV,2.0,8,0.0,2.0,2.0,N,N,08/2023,Analyst
15-1232.00,1.A.2.b.2,Multilimb Coordination,IM,1.88,8,0.125,1.63,2.12,N,,08/2023,Analyst
15-1232.00,1.A.2.b.2,Multilimb Coordination,LV,1.62,8,0.2631,1.1094,2.1406,N,N,08/2023,Analyst
15-1232.00,1.A.2.b.3,Response Orientation,IM,1.62,8,0.183,1.2664,1.9836,N,,08/2023,Analyst
15-1232.00,1.A.2.b.3,Response Orientation,LV,0.75,8,0.25,0.26,1.24,N,N,08/2023,Analyst
15-1232.00,1.A.2.b.4,Rate Control,IM,1.62,8,0.183,1.2664,1.9836,N,,08/2023,Analyst
15-1232.00,1.A.2.b.4,Rate Control,LV,0.62,8,0.183,0.2664,0.9836,N,N,08/2023,Analyst
15-1232.00,1.A.2.c.1,Reaction Time,IM,1.62,8,0.183,1.2664,1.9836,N,,08/2023,Analyst
15-1232.00,1.A.2.c.1,Reaction Time,LV,0.62,8,0.183,0.2664,0.9836,N,N,08/2023,Analyst
15-1232.00,1.A.2.c.2,Wrist-Finger Speed,IM,2.12,8,0.125,1.88,2.37,N,,08/2023,Analyst
15-1232.00,1.A.2.c.2,Wrist-Finger Speed,LV,2.0,8,0.0,2.0,2.0,N,N,08/2023,Analyst
15-1232.00,1.A.2.c.3,Speed of Limb Movement,IM,1.0,8,0.0,1.0,1.0,N,,08/2023,Analyst
15-1232.00,1.A.2.c.3,Speed of Limb Movement,LV,0.0,8,0.0,0.0,0.0,N,Y,08/2023,Analyst
15-1232.00,1.A.3.a.1,Static Strength,IM,2.0,8,0.0,2.0,2.0,N,,08/2023,Analyst
15-1232.00,1.A.3.a.1,Static Strength,LV,1.88,8,0.125,1.63,2.12,N,N,08/2023,Analyst
15-1232.00,1.A.3.a.2,Explosive Strength,IM,1.25,8,0.1637,1.0,1.5708,N,,08/2023,Analyst
15-1232.00,1.A.3.a.2,Explosive Strength,LV,0.25,8,0.1637,0.0,0.5708,N,Y,08/2023,Analyst
15-1232.00,1.A.3.a.3,Dynamic Strength,IM,1.62,8,0.183,1.2664,1.9836,N,,08/2023,Analyst
15-1232.00,1.A.3.a.3,Dynamic Strength,LV,0.62,8,0.183,0.2664,0.9836,N,N,08/2023,Analyst
15-1232.00,1.A.3.a.4,Trunk Strength,IM,1.88,8,0.125,1.63,2.12,N,,08/2023,Analyst
15-1232.00,1.A.3.a.4,Trunk Strength,LV,1.75,8,0.25,1.26,2.24,N,N,08/2023,Analyst
15-1232.00,1.A.3.b.1,Stamina,IM,1.38,8,0.183,1.0164,1.7336,N,,08/2023,Analyst
15-1232.00,1.A.3.b.1,Stamina,LV,0.38,8,0.183,0.0164,0.7336,N,N,08/2023,Analyst
15-1232.00,1.A.3.c.1,Extent Flexibility,IM,1.88,8,0.125,1.63,2.12,N,,08/2023,Analyst
15-1232.00,1.A.3.c.1,Extent Flexibility,LV,1.62,8,0.2631,1.1094,2.1406,N,N,08/2023,Analyst
15-1232.00,1.A.3.c.2,Dynamic Flexibility,IM,1.0,8,0.0,1.0,1.0,N,,08/2023,Analyst
15-1232.00,1.A.3.c.2,Dynamic Flexibility,LV,0.0,8,0.0,0.0,0.0,N,Y,08/2023,Analyst
15-1232.00,1.A.3.c.3,Gross Body Coordination,IM,1.38,8,0.183,1.0164,1.7336,N,,08/2023,Analyst
15-1232.00,1.A.3.c.3,Gross Body Coordination,LV,0.38,8,0.183,0.0164,0.7336,N,N,08/2023,Analyst
15-1232.00,1.A.3.c.4,Gross Body Equilibrium,IM,1.12,8,0.125,1.0,1.37,N,,08/2023,Analyst
15-1232.00,1.A.3.c.4,Gross Body Equilibrium,LV,0.12,8,0.125,0.0,0.37,N,Y,08/2023,Analyst
15-1232.00,1.A.4.a.1,Near Vision,IM,3.88,8,0.125,3.63,4.12,N,,08/2023,Analyst
15-1232.00,1.A.4.a.1,Near Vision,LV,3.75,8,0.1637,3.4292,4.0708,N,N,08/2023,Analyst
15-1232.00,1.A.4.a.2,Far Vision,IM,2.75,8,0.1637,2.4292,3.0708,N,,08/2023,Analyst
15-1232.00,1.A.4.a.2,Far Vision,LV,2.38,8,0.183,2.0164,2.7336,N,N,08/2023,Analyst
15-1232.00,1.A.4.a.3,Visual Color Discrimination,IM,2.25,8,0.25,1.76,2.74,N,,08/2023,Analyst
15-1232.00,1.A.4.a.3,Visual Color Discrimination,LV,1.88,8,0.295,1.2967,2.4533,N,N,08/2023,Analyst
15-1232.00,1.A.4.a.4,Night Vision,IM,1.0,8,0.0,1.0,1.0,N,,08/2023,Analyst
15-1232.00,1.A.4.a.4,Night Vision,LV,0.0,8,0.0,0.0,0.0,N,Y,08/2023,Analyst
15-1232.00,1.A.4.a.5,Peripheral Vision,IM,1.0,8,0.0,1.0,1.0,N,,08/2023,Analyst
15-1232.00,1.A.4.a.5,Peripheral Vision,LV,0.0,8,0.0,0.0,0.0,N,Y,08/2023,Analyst
15-1232.00,1.A.4.a.6,Depth Perception,IM,1.62,8,0.183,1.2664,1.9836,N,,08/2023,Analyst
15-1232.00,1.A.4.a.6,Depth Perception,LV,0.75,8,0.25,0.26,1.24,N,N,08/2023,Analyst
15-1232.00,1.A.4.a.7,Glare Sensitivity,IM,1.0,8,0.0,1.0,1.0,N,,08/2023,Analyst
15-1232.00,1.A.4.a.7,Glare Sensitivity,LV,0.0,8,0.0,0.0,0.0,N,Y,08/2023,Analyst
15-1232.00,1.A.4.b.1,Hearing Sensitivity,IM,1.62,8,0.183,1.2664,1.9836,N,,08/2023,Analyst
15-1232.00,1.A.4.b.1,Hearing Sensitivity,LV,1.0,8,0.3273,0.3584,1.6416,N,N,08/2023,Analyst
15-1232.00,1.A.4.b.2,Auditory Attention,IM,1.88,8,0.125,1.63,2.12,N,,08/2023,Analyst
15-1232.00,1.A.4.b.2,Auditory Attention,LV,1.75,8,0.25,1.26,2.24,N,N,08/2023,Analyst
15-1232.00,1.A.4.b.3,Sound Localization,IM,1.0,8,0.0,1.0,1.0,N,,08/2023,Analyst
15-1232.00,1.A.4.b.3,Sound Localization,LV,0.0,8,0.0,0.0,0.0,N,Y,08/2023,Analyst
15-1232.00,1.A.4.b.4,Speech Recognition,IM,3.62,8,0.183,3.2664,3.9836,N,,08/2023,Analyst
15-1232.00,1.A.4.b.4,Speech Recognition,LV,3.25,8,0.1637,2.9292,3.5708,N,N,08/2023,Analyst
15-1232.00,1.A.4.b.5,Speech Clarity,IM,3.62,8,0.183,3.2664,3.9836,N,,08/2023,Analyst
15-1232.00,1.A.4.b.5,Speech Clarity,LV,3.25,8,0.25,2.76,3.74,N,N,08/2023,Analyst
15-1241.00,1.A.1.a.1,Oral Comprehension,IM,4.0,8,0.0,4.0,4.0,N,,08/2024,Analyst
15-1241.00,1.A.1.a.1,Oral Comprehension,LV,4.38,8,0.183,4.0164,4.7336,N,N,08/2024,Analyst
15-1241.00,1.A.1.a.2,Written Comprehension,IM,4.0,8,0.0,4.0,4.0,N,,08/2024,Analyst
15-1241.00,1.A.1.a.2,Written Comprehension,LV,4.5,8,0.189,4.1296,4.8704,N,N,08/2024,Analyst
15-1241.00,1.A.1.a.3,Oral Expression,IM,3.75,8,0.1637,3.4292,4.0708,N,,08/2024,Analyst
15-1241.00,1.A.1.a.3,Oral Expression,LV,4.12,8,0.125,3.88,4.37,N,N,08/2024,Analyst
15-1241.00,1.A.1.a.4,Written Expression,IM,4.0,8,0.0,4.0,4.0,N,,08/2024,Analyst
15-1241.00,1.A.1.a.4,Written Expression,LV,4.12,8,0.125,3.88,4.37,N,N,08/2024,Analyst
15-1241.00,1.A.1.b.1,Fluency of Ideas,IM,3.12,8,0.125,2.88,3.37,N,,08/2024,Analyst
15-1241.00,1.A.1.b.1,Fluency of Ideas,LV,3.88,8,0.125,3.63,4.12,N,N,08/2024,Analyst
15-1241.00,1.A.1.b.2,Originality,IM,3.0,8,0.0,3.0,3.0,N,,08/2024,Analyst
15-1241.00,1.A.1.b.2,Originality,LV,3.62,8,0.183,3.2664,3.9836,N,N,08/2024,Analyst
15-1241.00,1.A.1.b.3,Problem Sensitivity,IM,4.0,8,0.0,4.0,4.0,N,,08/2024,Analyst
15-1241.00,1.A.1.b.3,Problem Sensitivity,LV,3.88,8,0.125,3.63,4.12,N,N,08/2024,Analyst
15-1241.00,1.A.1.b.4,Deductive Reasoning,IM,4.0,8,0.0,4.0,4.0,N,,08/2024,Analyst
15-1241.00,1.A.1.b.4,Deductive Reasoning,LV,4.12,8,0.125,3.88,4.37,N,N,08/2024,Analyst
15-1241.00,1.A.1.b.5,Inductive Reasoning,IM,4.0,8,0.0,4.0,4.0,N,,08/2024,Analyst
15-1241.00,1.A.1.b.5,Inductive Reasoning,LV,4.0,8,0.0,4.0,4.0,N,N,08/2024,Analyst
15-1241.00,1.A.1.b.6,Information Ordering,IM,4.0,8,0.0,4.0,4.0,N,,08/2024,Analyst
15-1241.00,1.A.1.b.6,Information Ordering,LV,4.12,8,0.125,3.88,4.37,N,N,08/2024,Analyst
15-1241.00,1.A.1.b.7,Category Flexibility,IM,4.0,8,0.0,4.0,4.0,N,,08/2024,Analyst
15-1241.00,1.A.1.b.7,Category Flexibility,LV,4.0,8,0.0,4.0,4.0,N,N,08/2024,Analyst
15-1241.00,1.A.1.c.1,Mathematical Reasoning,IM,3.0,8,0.0,3.0,3.0,N,,08/2024,Analyst
15-1241.00,1.A.1.c.1,Mathematical Reasoning,LV,3.25,8,0.1637,2.9292,3.5708,N,N,08/2024,Analyst
15-1241.00,1.A.1.c.2,Number Facility,IM,2.88,8,0.125,2.63,3.12,N,,08/2024,Analyst
15-1241.00,1.A.1.c.2,Number Facility,LV,3.0,8,0.0,3.0,3.0,N,N,08/2024,Analyst
15-1241.00,1.A.1.d.1,Memorization,IM,2.62,8,0.183,2.2664,2.9836,N,,08/2024,Analyst
15-1241.00,1.A.1.d.1,Memorization,LV,2.75,8,0.1637,2.4292,3.0708,N,N,08/2024,Analyst
15-1241.00,1.A.1.e.1,Speed of Closure,IM,2.5,8,0.189,2.1296,2.8704,N,,08/2024,Analyst
15-1241.00,1.A.1.e.1,Speed of Closure,LV,2.75,8,0.1637,2.4292,3.0708,N,N,08/2024,Analyst
15-1241.00,1.A.1.e.2,Flexibility of Closure,IM,3.12,8,0.125,2.88,3.37,N,,08/2024,Analyst
15-1241.00,1.A.1.e.2,Flexibility of Closure,LV,3.12,8,0.125,2.88,3.37,N,N,08/2024,Analyst
15-1241.00,1.A.1.e.3,Perceptual Speed,IM,3.0,8,0.0,3.0,3.0,N,,08/2024,Analyst
15-1241.00,1.A.1.e.3,Perceptual Speed,LV,3.0,8,0.0,3.0,3.0,N,N,08/2024,Analyst
15-1241.00,1.A.1.f.1,Spatial Orientation,IM,1.12,8,0.125,1.0,1.37,N,,08/2024,Analyst
15-1241.00,1.A.1.f.1,Spatial Orientation,LV,0.12,8,0.125,0.0,0.37,N,Y,08/2024,Analyst
15-1241.00,1.A.1.f.2,Visualization,IM,2.75,8,0.1637,2.4292,3.0708,N,,08/2024,Analyst
15-1241.00,1.A.1.f.2,Visualization,LV,3.12,8,0.125,2.88,3.37,N,N,08/2024,Analyst
15-1241.00,1.A.1.g.1,Selective Attention,IM,3.0,8,0.0,3.0,3.0,N,,08/2024,Analyst
15-1241.00,1.A.1.g.1,Selective Attention,LV,3.0,8,0.0,3.0,3.0,N,N,08/2024,Analyst
15-1241.00,1.A.1.g.2,Time Sharing,IM,2.62,8,0.183,2.2664,2.9836,N,,08/2024,Analyst
15-1241.00,1.A.1.g.2,Time Sharing,LV,2.38,8,0.183,2.0164,2.7336,N,N,08/2024,Analyst
15-1241.00,1.A.2.a.1,Arm-Hand Steadiness,IM,2.0,8,0.0,2.0,2.0,N,,08/2024,Analyst
15-1241.00,1.A.2.a.1,Arm-Hand Steadiness,LV,1.75,8,0.1637,1.4292,2.0708,N,N,08/2024,Analyst
15-1241.00,1.A.2.a.2,Manual Dexterity,IM,2.0,8,0.0,2.0,2.0,N,,08/2024,Analyst
15-1241.00,1.A.2.a.2,Manual Dexterity,LV,1.75,8,0.1637,1.4292,2.0708,N,N,08/2024,Analyst
15-1241.00,1.A.2.a.3,Finger Dexterity,IM,2.12,8,0.125,1.88,2.37,N,,08/2024,Analyst
15-1241.00,1.A.2.a.3,Finger Dexterity,LV,2.0,8,0.0,2.0,2.0,N,N,08/2024,Analyst
15-1241.00,1.A.2.b.1,Control Precision,IM,2.25,8,0.1637,1.9292,2.5708,N,,08/2024,Analyst
15-1241.00,1.A.2.b.1,Control Precision,LV,2.0,8,0.0,2.0,2.0,N,N,08/2024,Analyst
15-1241.00,1.A.2.b.2,Multilimb Coordination,IM,1.0,8,0.0,1.0,1.0,N,,08/2024,Analyst
15-1241.00,1.A.2.b.2,Multilimb Coordination,LV,0.0,8,0.0,0.0,0.0,N,Y,08/2024,Analyst
15-1241.00,1.A.2.b.3,Response Orientation,IM,1.0,8,0.0,1.0,1.0,N,,08/2024,Analyst
15-1241.00,1.A.2.b.3,Response Orientation,LV,0.0,8,0.0,0.0,0.0,N,Y,08/2024,Analyst
15-1241.00,1.A.2.b.4,Rate Control,IM,1.25,8,0.1637,1.0,1.5708,N,,08/2024,Analyst
15-1241.00,1.A.2.b.4,Rate Control,LV,0.38,8,0.2631,0.0,0.8906,N,Y,08/2024,Analyst
15-1241.00,1.A.2.c.1,Reaction Time,IM,1.25,8,0.1637,1.0,1.5708,N,,08/2024,Analyst
15-1241.00,1.A.2.c.1,Reaction Time,LV,0.25,8,0.1637,0.0,0.5708,N,Y,08/2024,Analyst
15-1241.00,1.A.2.c.2,Wrist-Finger Speed,IM,2.0,8,0.189,1.6296,2.3704,N,,08/2024,Analyst
15-1241.00,1.A.2.c.2,Wrist-Finger Speed,LV,1.62,8,0.2631,1.1094,2.1406,N,N,08/2024,Analyst
15-1241.00,1.A.2.c.3,Speed of Limb Movement,IM,1.0,8,0.0,1.0,1.0,N,,08/2024,Analyst
15-1241.00,1.A.2.c.3,Speed of Limb Movement,LV,0.0,8,0.0,0.0,0.0,N,Y,08/2024,Analyst
15-1241.00,1.A.3.a.1,Static Strength,IM,1.0,8,0.0,1.0,1.0,N,,08/2024,Analyst
15-1241.00,1.A.3.a.1,Static Strength,LV,0.0,8,0.0,0.0,0.0,N,Y,08/2024,Analyst
15-1241.00,1.A.3.a.2,Explosive Strength,IM,1.0,8,0.0,1.0,1.0,N,,08/2024,Analyst
15-1241.00,1.A.3.a.2,Explosive Strength,LV,0.0,8,0.0,0.0,0.0,N,Y,08/2024,Analyst
15-1241.00,1.A.3.a.3,Dynamic Strength,IM,1.25,8,0.1637,1.0,1.5708,N,,08/2024,Analyst
15-1241.00,1.A.3.a.3,Dynamic Strength,LV,0.25,8,0.1637,0.0,0.5708,N,Y,08/2024,Analyst
15-1241.00,1.A.3.a.4,Trunk Strength,IM,2.25,8,0.1637,1.9292,2.5708,N,,08/2024,Analyst
15-1241.00,1.A.3.a.4,Trunk Strength,LV,2.0,8,0.0,2.0,2.0,N,N,08/2024,Analyst
15-1241.00,1.A.3.b.1,Stamina,IM,1.0,8,0.0,1.0,1.0,N,,08/2024,Analyst
15-1241.00,1.A.3.b.1,Stamina,LV,0.0,8,0.0,0.0,0.0,N,Y,08/2024,Analyst
15-1241.00,1.A.3.c.1,Extent Flexibility,IM,1.88,8,0.125,1.63,2.12,N,,08/2024,Analyst
15-1241.00,1.A.3.c.1,Extent Flexibility,LV,0.88,8,0.125,0.63,1.12,N,N,08/2024,Analyst
15-1241.00,1.A.3.c.2,Dynamic Flexibility,IM,1.0,8,0.0,1.0,1.0,N,,08/2024,Analyst
15-1241.00,1.A.3.c.2,Dynamic Flexibility,LV,0.0,8,0.0,0.0,0.0,N,Y,08/2024,Analyst
15-1241.00,1.A.3.c.3,Gross Body Coordination,IM,1.0,8,0.0,1.0,1.0,N,,08/2024,Analyst
15-1241.00,1.A.3.c.3,Gross Body Coordination,LV,0.0,8,0.0,0.0,0.0,N,Y,08/2024,Analyst
15-1241.00,1.A.3.c.4,Gross Body Equilibrium,IM,1.0,8,0.0,1.0,1.0,N,,08/2024,Analyst
15-1241.00,1.A.3.c.4,Gross Body Equilibrium,LV,0.0,8,0.0,0.0,0.0,N,Y,08/2024,Analyst
15-1241.00,1.A.4.a.1,Near Vision,IM,3.75,8,0.1637,3.4292,4.0708,N,,08/2024,Analyst
15-1241.00,1.A.4.a.1,Near Vision,LV,3.88,8,0.125,3.63,4.12,N,N,08/2024,Analyst
15-1241.00,1.A.4.a.2,Far Vision,IM,2.75,8,0.1637,2.4292,3.0708,N,,08/2024,Analyst
15-1241.00,1.A.4.a.2,Far Vision,LV,2.75,8,0.1637,2.4292,3.0708,N,N,08/2024,Analyst
15-1241.00,1.A.4.a.3,Visual Color Discrimination,IM,2.75,8,0.1637,2.4292,3.0708,N,,08/2024,Analyst
15-1241.00,1.A.4.a.3,Visual Color Discrimination,LV,2.88,8,0.125,2.63,3.12,N,N,08/2024,Analyst
15-1241.00,1.A.4.a.4,Night Vision,IM,1.0,8,0.0,1.0,1.0,N,,08/2024,Analyst
15-1241.00,1.A.4.a.4,Night Vision,LV,0.0,8,0.0,0.0,0.0,N,Y,08/2024,Analyst
15-1241.00,1.A.4.a.5,Peripheral Vision,IM,1.0,8,0.0,1.0,1.0,N,,08/2024,Analyst
15-1241.00,1.A.4.a.5,Peripheral Vision,LV,0.0,8,0.0,0.0,0.0,N,Y,08/2024,Analyst
15-1241.00,1.A.4.a.6,Depth Perception,IM,2.0,8,0.0,2.0,2.0,N,,08/2024,Analyst
15-1241.00,1.A.4.a.6,Depth Perception,LV,1.5,8,0.189,1.1296,1.8704,N,N,08/2024,Analyst
15-1241.00,1.A.4.a.7,Glare Sensitivity,IM,1.0,8,0.0,1.0,1.0,N,,08/2024,Analyst
15-1241.00,1.A.4.a.7,Glare Sensitivity,LV,0.0,8,0.0,0.0,0.0,N,Y,08/2024,Analyst
15-1241.00,1.A.4.b.1,Hearing Sensitivity,IM,2.0,8,0.0,2.0,2.0,N,,08/2024,Analyst
15-1241.00,1.A.4.b.1,Hearing Sensitivity,LV,2.0,8,0.0,2.0,2.0,N,N,08/2024,Analyst
15-1241.00,1.A.4.b.2,Auditory Attention,IM,2.0,8,0.0,2.0,2.0,N,,08/2024,Analyst
15-1241.00,1.A.4.b.2,Auditory Attention,LV,1.88,8,0.125,1.63,2.12,N,N,08/2024,Analyst
15-1241.00,1.A.4.b.3,Sound Localization,IM,1.0,8,0.0,1.0,1.0,N,,08/2024,Analyst
15-1241.00,1.A.4.b.3,Sound Localization,LV,0.0,8,0.0,0.0,0.0,N,Y,08/2024,Analyst
15-1241.00,1.A.4.b.4,Speech Recognition,IM,3.25,8,0.1637,2.9292,3.5708,N,,08/2024,Analyst
15-1241.00,1.A.4.b.4,Speech Recognition,LV,2.88,8,0.125,2.63,3.12,N,N,08/2024,Analyst
15-1241.00,1.A.4.b.5,Speech Clarity,IM,3.5,8,0.189,3.1296,3.8704,N,,08/2024,Analyst
15-1241.00,1.A.4.b.5,Speech Clarity,LV,3.12,8,0.125,2.88,3.37,N,N,08/2024,Analyst
15-1241.01,1.A.1.a.1,Oral Comprehension,IM,3.75,8,0.1637,3.4292,4.0708,N,,08/2020,Analyst
15-1241.01,1.A.1.a.1,Oral Comprehension,LV,4.12,8,0.125,3.88,4.37,N,N,08/2020,Analyst
15-1241.01,1.A.1.a.2,Written Comprehension,IM,3.5,8,0.189,3.1296,3.8704,N,,08/2020,Analyst
15-1241.01,1.A.1.a.2,Written Comprehension,LV,3.88,8,0.125,3.63,4.12,N,N,08/2020,Analyst
15-1241.01,1.A.1.a.3,Oral Expression,IM,3.75,8,0.1637,3.4292,4.0708,N,,08/2020,Analyst
15-1241.01,1.A.1.a.3,Oral Expression,LV,4.0,8,0.0,4.0,4.0,N,N,08/2020,Analyst
15-1241.01,1.A.1.a.4,Written Expression,IM,3.25,8,0.1637,2.9292,3.5708,N,,08/2020,Analyst
15-1241.01,1.A.1.a.4,Written Expression,LV,3.88,8,0.125,3.63,4.12,N,N,08/2020,Analyst
15-1241.01,1.A.1.b.1,Fluency of Ideas,IM,3.12,8,0.125,2.88,3.37,N,,08/2020,Analyst
15-1241.01,1.A.1.b.1,Fluency of Ideas,LV,3.25,8,0.25,2.76,3.74,N,N,08/2020,Analyst
15-1241.01,1.A.1.b.2,Originality,IM,3.12,8,0.125,2.88,3.37,N,,08/2020,Analyst
15-1241.01,1.A.1.b.2,Originality,LV,3.25,8,0.1637,2.9292,3.5708,N,N,08/2020,Analyst
15-1241.01,1.A.1.b.3,Problem Sensitivity,IM,3.62,8,0.183,3.2664,3.9836,N,,08/2020,Analyst
15-1241.01,1.A.1.b.3,Problem Sensitivity,LV,3.88,8,0.125,3.63,4.12,N,N,08/2020,Analyst
15-1241.01,1.A.1.b.4,Deductive Reasoning,IM,3.25,8,0.1637,2.9292,3.5708,N,,08/2020,Analyst
15-1241.01,1.A.1.b.4,Deductive Reasoning,LV,4.0,8,0.189,3.6296,4.3704,N,N,08/2020,Analyst
15-1241.01,1.A.1.b.5,Inductive Reasoning,IM,3.25,8,0.1637,2.9292,3.5708,N,,08/2020,Analyst
15-1241.01,1.A.1.b.5,Inductive Reasoning,LV,3.38,8,0.183,3.0164,3.7336,N,N,08/2020,Analyst
15-1241.01,1.A.1.b.6,Information Ordering,IM,3.38,8,0.183,3.0164,3.7336,N,,08/2020,Analyst
15-1241.01,1.A.1.b.6,Information Ordering,LV,3.75,8,0.1637,3.4292,4.0708,N,N,08/2020,Analyst
15-1241.01,1.A.1.b.7,Category Flexibility,IM,3.12,8,0.125,2.88,3.37,N,,08/2020,Analyst
15-1241.01,1.A.1.b.7,Category Flexibility,LV,3.12,8,0.125,2.88,3.37,N,N,08/2020,Analyst
15-1241.01,1.A.1.c.1,Mathematical Reasoning,IM,3.12,8,0.125,2.88,3.37,N,,08/2020,Analyst
15-1241.01,1.A.1.c.1,Mathematical Reasoning,LV,3.0,8,0.0,3.0,3.0,N,N,08/2020,Analyst
15-1241.01,1.A.1.c.2,Number Facility,IM,3.12,8,0.125,2.88,3.37,N,,08/2020,Analyst
15-1241.01,1.A.1.c.2,Number Facility,LV,3.0,8,0.0,3.0,3.0,N,N,08/2020,Analyst
15-1241.01,1.A.1.d.1,Memorization,IM,2.12,8,0.125,1.88,2.37,N,,08/2020,Analyst
15-1241.01,1.A.1.d.1,Memorization,LV,2.5,8,0.189,2.1296,2.8704,N,N,08/2020,Analyst
15-1241.01,1.A.1.e.1,Speed of Closure,IM,2.25,8,0.1637,1.9292,2.5708,N,,08/2020,Analyst
15-1241.01,1.A.1.e.1,Speed of Closure,LV,2.5,8,0.189,2.1296,2.8704,N,N,08/2020,Analyst
15-1241.01,1.A.1.e.2,Flexibility of Closure,IM,3.0,8,0.0,3.0,3.0,N,,08/2020,Analyst
15-1241.01,1.A.1.e.2,Flexibility of Closure,LV,3.12,8,0.125,2.88,3.37,N,N,08/2020,Analyst
15-1241.01,1.A.1.e.3,Perceptual Speed,IM,3.0,8,0.0,3.0,3.0,N,,08/2020,Analyst
15-1241.01,1.A.1.e.3,Perceptual Speed,LV,3.0,8,0.0,3.0,3.0,N,N,08/2020,Analyst
15-1241.01,1.A.1.f.1,Spatial Orientation,IM,1.62,8,0.183,1.2664,1.9836,N,,08/2020,Analyst
15-1241.01,1.A.1.f.1,Spatial Orientation,LV,0.75,8,0.25,0.26,1.24,N,N,08/2020,Analyst
15-1241.01,1.A.1.f.2,Visualization,IM,2.88,8,0.2266,2.4309,3.3191,N,,08/2020,Analyst
15-1241.01,1.A.1.f.2,Visualization,LV,2.88,8,0.2266,2.4309,3.3191,N,N,08/2020,Analyst
15-1241.01,1.A.1.g.1,Selective Attention,IM,3.0,8,0.0,3.0,3.0,N,,08/2020,Analyst
15-1241.01,1.A.1.g.1,Selective Attention,LV,3.0,8,0.0,3.0,3.0,N,N,08/2020,Analyst
15-1241.01,1.A.1.g.2,Time Sharing,IM,2.5,8,0.189,2.1296,2.8704,N,,08/2020,Analyst
15-1241.01,1.A.1.g.2,Time Sharing,LV,2.5,8,0.189,2.1296,2.8704,N,N,08/2020,Analyst
15-1241.01,1.A.2.a.1,Arm-Hand Steadiness,IM,2.62,8,0.183,2.2664,2.9836,N,,08/2020,Analyst
15-1241.01,1.A.2.a.1,Arm-Hand Steadiness,LV,2.75,8,0.1637,2.4292,3.0708,N,N,08/2020,Analyst
15-1241.01,1.A.2.a.2,Manual Dexterity,IM,2.5,8,0.189,2.1296,2.8704,N,,08/2020,Analyst
15-1241.01,1.A.2.a.2,Manual Dexterity,LV,2.62,8,0.183,2.2664,2.9836,N,N,08/2020,Analyst
15-1241.01,1.A.2.a.3,Finger Dexterity,IM,2.88,8,0.125,2.63,3.12,N,,08/2020,Analyst
15-1241.01,1.A.2.a.3,Finger Dexterity,LV,3.0,8,0.189,2.6296,3.3704,N,N,08/2020,Analyst
15-1241.01,1.A.2.b.1,Control Precision,IM,2.12,8,0.125,1.88,2.37,N,,08/2020,Analyst
15-1241.01,1.A.2.b.1,Control Precision,LV,2.12,8,0.125,1.88,2.37,N,N,08/2020,Analyst
15-1241.01,1.A.2.b.2,Multilimb Coordination,IM,1.75,8,0.25,1.26,2.24,N,,08/2020,Analyst
15-1241.01,1.A.2.b.2,Multilimb Coordination,LV,1.38,8,0.4199,0.5519,2.1981,N,N,08/2020,Analyst
15-1241.01,1.A.2.b.3,Response Orientation,IM,1.12,8,0.125,1.0,1.37,N,,08/2020,Analyst
15-1241.01,1.A.2.b.3,Response Orientation,LV,0.12,8,0.125,0.0,0.37,N,Y,08/2020,Analyst
15-1241.01,1.A.2.b.4,Rate Control,IM,1.0,8,0.0,1.0,1.0,N,,08/2020,Analyst
15-1241.01,1.A.2.b.4,Rate Control,LV,0.0,8,0.0,0.0,0.0,N,Y,08/2020,Analyst
15-1241.01,1.A.2.c.1,Reaction Time,IM,1.12,8,0.125,1.0,1.37,N,,08/2020,Analyst
15-1241.01,1.A.2.c.1,Reaction Time,LV,0.12,8,0.125,0.0,0.37,N,Y,08/2020,Analyst
15-1241.01,1.A.2.c.2,Wrist-Finger Speed,IM,1.38,8,0.183,1.0164,1.7336,N,,08/2020,Analyst
15-1241.01,1.A.2.c.2,Wrist-Finger Speed,LV,0.5,8,0.2673,0.0,1.0238,N,N,08/2020,Analyst
15-1241.01,1.A.2.c.3,Speed of Limb Movement,IM,1.0,8,0.0,1.0,1.0,N,,08/2020,Analyst
15-1241.01,1.A.2.c.3,Speed of Limb Movement,LV,0.0,8,0.0,0.0,0.0,N,Y,08/2020,Analyst
15-1241.01,1.A.3.a.1,Static Strength,IM,1.5,8,0.189,1.1296,1.8704,N,,08/2020,Analyst
15-1241.01,1.A.3.a.1,Static Strength,LV,0.75,8,0.3134,0.1358,1.3642,N,N,08/2020,Analyst
15-1241.01,1.A.3.a.2,Explosive Strength,IM,1.0,8,0.0,1.0,1.0,N,,08/2020,Analyst
15-1241.01,1.A.3.a.2,Explosive Strength,LV,0.0,8,0.0,0.0,0.0,N,Y,08/2020,Analyst
15-1241.01,1.A.3.a.3,Dynamic Strength,IM,1.5,8,0.189,1.1296,1.8704,N,,08/2020,Analyst
15-1241.01,1.A.3.a.3,Dynamic Strength,LV,0.62,8,0.2631,0.1094,1.1406,N,N,08/2020,Analyst
15-1241.01,1.A.3.a.4,Trunk Strength,IM,2.0,8,0.189,1.6296,2.3704,N,,08/2020,Analyst
15-1241.01,1.A.3.a.4,Trunk Strength,LV,1.75,8,0.3134,1.1358,2.3642,N,N,08/2020,Analyst
15-1241.01,1.A.3.b.1,Stamina,IM,1.75,8,0.1637,1.4292,2.0708,N,,08/2020,Analyst
15-1241.01,1.A.3.b.1,Stamina,LV,1.5,8,0.3273,0.8584,2.1416,N,N,08/2020,Analyst
15-1241.01,1.A.3.c.1,Extent Flexibility,IM,2.0,8,0.0,2.0,2.0,N,,08/2020,Analyst
15-1241.01,1.A.3.c.1,Extent Flexibility,LV,2.38,8,0.183,2.0164,2.7336,N,N,08/2020,Analyst
15-1241.01,1.A.3.c.2,Dynamic Flexibility,IM,1.0,8,0.0,1.0,1.0,N,,08/2020,Analyst
15-1241.01,1.A.3.c.2,Dynamic Flexibility,LV,0.0,8,0.0,0.0,0.0,N,Y,08/2020,Analyst
15-1241.01,1.A.3.c.3,Gross Body Coordination,IM,1.5,8,0.189,1.1296,1.8704,N,,08/2020,Analyst
15-1241.01,1.A.3.c.3,Gross Body Coordination,LV,0.88,8,0.3504,0.1883,1.5617,N,N,08/2020,Analyst
15-1241.01,1.A.3.c.4,Gross Body Equilibrium,IM,1.5,8,0.189,1.1296,1.8704,N,,08/2020,Analyst
15-1241.01,1.A.3.c.4,Gross Body Equilibrium,LV,0.88,8,0.3504,0.1883,1.5617,N,N,08/2020,Analyst
15-1241.01,1.A.4.a.1,Near Vision,IM,3.5,8,0.189,3.1296,3.8704,N,,08/2020,Analyst
15-1241.01,1.A.4.a.1,Near Vision,LV,3.88,8,0.125,3.63,4.12,N,N,08/2020,Analyst
15-1241.01,1.A.4.a.2,Far Vision,IM,3.0,8,0.0,3.0,3.0,N,,08/2020,Analyst
15-1241.01,1.A.4.a.2,Far Vision,LV,3.0,8,0.0,3.0,3.0,N,N,08/2020,Analyst
15-1241.01,1.A.4.a.3,Visual Color Discrimination,IM,2.75,8,0.1637,2.4292,3.0708,N,,08/2020,Analyst
15-1241.01,1.A.4.a.3,Visual Color Discrimination,LV,3.0,8,0.0,3.0,3.0,N,N,08/2020,Analyst
15-1241.01,1.A.4.a.4,Night Vision,IM,1.12,8,0.125,1.0,1.37,N,,08/2020,Analyst
15-1241.01,1.A.4.a.4,Night Vision,LV,0.12,8,0.125,0.0,0.37,N,Y,08/2020,Analyst
15-1241.01,1.A.4.a.5,Peripheral Vision,IM,1.0,8,0.0,1.0,1.0,N,,08/2020,Analyst
15-1241.01,1.A.4.a.5,Peripheral Vision,LV,0.0,8,0.0,0.0,0.0,N,Y,08/2020,Analyst
15-1241.01,1.A.4.a.6,Depth Perception,IM,1.75,8,0.1637,1.4292,2.0708,N,,08/2020,Analyst
15-1241.01,1.A.4.a.6,Depth Perception,LV,1.5,8,0.3273,0.8584,2.1416,N,N,08/2020,Analyst
15-1241.01,1.A.4.a.7,Glare Sensitivity,IM,1.0,8,0.0,1.0,1.0,N,,08/2020,Analyst
15-1241.01,1.A.4.a.7,Glare Sensitivity,LV,0.0,8,0.0,0.0,0.0,N,Y,08/2020,Analyst
15-1241.01,1.A.4.b.1,Hearing Sensitivity,IM,2.75,8,0.25,2.26,3.24,N,,08/2020,Analyst
15-1241.01,1.A.4.b.1,Hearing Sensitivity,LV,2.75,8,0.25,2.26,3.24,N,N,08/2020,Analyst
15-1241.01,1.A.4.b.2,Auditory Attention,IM,2.5,8,0.189,2.1296,2.8704,N,,08/2020,Analyst
15-1241.01,1.A.4.b.2,Auditory Attention,LV,2.25,8,0.1637,1.9292,2.5708,N,N,08/2020,Analyst
15-1241.01,1.A.4.b.3,Sound Localization,IM,1.38,8,0.183,1.0164,1.7336,N,,08/2020,Analyst
15-1241.01,1.A.4.b.3,Sound Localization,LV,0.5,8,0.2673,0.0,1.0238,N,N,08/2020,Analyst
15-1241.01,1.A.4.b.4,Speech Recognition,IM,3.12,8,0.125,2.88,3.37,N,,08/2020,Analyst
15-1241.01,1.A.4.b.4,Speech Recognition,LV,3.12,8,0.125,2.88,3.37,N,N,08/2020,Analyst
15-1241.01,1.A.4.b.5,Speech Clarity,IM,3.12,8,0.125,2.88,3.37,N,,08/2020,Analyst
15-1241.01,1.A.4.b.5,Speech Clarity,LV,3.5,8,0.189,3.1296,3.8704,N,N,08/2020,Analyst
15-1242.00,1.A.1.a.1,Oral Comprehension,IM,3.88,8,0.125,3.63,4.12,N,,08/2023,Analyst
15-1242.00,1.A.1.a.1,Oral Comprehension,LV,4.12,8,0.125,3.88,4.37,N,N,08/2023,Analyst
15-1242.00,1.A.1.a.2,Written Comprehension,IM,3.88,8,0.125,3.63,4.12,N,,08/2023,Analyst
15-1242.00,1.A.1.a.2,Written Comprehension,LV,4.12,8,0.125,3.88,4.37,N,N,08/2023,Analyst
15-1242.00,1.A.1.a.3,Oral Expression,IM,3.5,8,0.189,3.1296,3.8704,N,,08/2023,Analyst
15-1242.00,1.A.1.a.3,Oral Expression,LV,4.25,8,0.1637,3.9292,4.5708,N,N,08/2023,Analyst
15-1242.00,1.A.1.a.4,Written Expression,IM,3.38,8,0.183,3.0164,3.7336,N,,08/2023,Analyst
15-1242.00,1.A.1.a.4,Written Expression,LV,4.12,8,0.125,3.88,4.37,N,N,08/2023,Analyst
15-1242.00,1.A.1.b.1,Fluency of Ideas,IM,3.12,8,0.125,2.88,3.37,N,,08/2023,Analyst
15-1242.00,1.A.1.b.1,Fluency of Ideas,LV,3.62,8,0.2631,3.1094,4.1406,N,N,08/2023,Analyst
15-1242.00,1.A.1.b.2,Originality,IM,3.0,8,0.0,3.0,3.0,N,,08/2023,Analyst
15-1242.00,1.A.1.b.2,Originality,LV,3.5,8,0.189,3.1296,3.8704,N,N,08/2023,Analyst
15-1242.00,1.A.1.b.3,Problem Sensitivity,IM,3.88,8,0.125,3.63,4.12,N,,08/2023,Analyst
15-1242.00,1.A.1.b.3,Problem Sensitivity,LV,3.88,8,0.125,3.63,4.12,N,N,08/2023,Analyst
15-1242.00,1.A.1.b.4,Deductive Reasoning,IM,4.0,8,0.0,4.0,4.0,N,,08/2023,Analyst
15-1242.00,1.A.1.b.4,Deductive Reasoning,LV,4.12,8,0.125,3.88,4.37,N,N,08/2023,Analyst
15-1242.00,1.A.1.b.5,Inductive Reasoning,IM,3.88,8,0.125,3.63,4.12,N,,08/2023,Analyst
15-1242.00,1.A.1.b.5,Inductive Reasoning,LV,4.12,8,0.125,3.88,4.37,N,N,08/2023,Analyst
15-1242.00,1.A.1.b.6,Information Ordering,IM,3.88,8,0.125,3.63,4.12,N,,08/2023,Analyst
15-1242.00,1.A.1.b.6,Information Ordering,LV,4.12,8,0.125,3.88,4.37,N,N,08/2023,Analyst
15-1242.00,1.A.1.b.7,Category Flexibility,IM,3.38,8,0.183,3.0164,3.7336,N,,08/2023,Analyst
15-1242.00,1.A.1.b.7,Category Flexibility,LV,3.88,8,0.125,3.63,4.12,N,N,08/2023,Analyst
15-1242.00,1.A.1.c.1,Mathematical Reasoning,IM,3.12,8,0.125,2.88,3.37,N,,08/2023,Analyst
15-1242.00,1.A.1.c.1,Mathematical Reasoning,LV,3.12,8,0.125,2.88,3.37,N,N,08/2023,Analyst
15-1242.00,1.A.1.c.2,Number Facility,IM,3.0,8,0.0,3.0,3.0,N,,08/2023,Analyst
15-1242.00,1.A.1.c.2,Number Facility,LV,3.0,8,0.0,3.0,3.0,N,N,08/2023,Analyst
15-1242.00,1.A.1.d.1,Memorization,IM,2.5,8,0.189,2.1296,2.8704,N,,08/2023,Analyst
15-1242.00,1.A.1.d.1,Memorization,LV,2.62,8,0.183,2.2664,2.9836,N,N,08/2023,Analyst
15-1242.00,1.A.1.e.1,Speed of Closure,IM,2.88,8,0.125,2.63,3.12,N,,08/2023,Analyst
15-1242.00,1.A.1.e.1,Speed of Closure,LV,3.0,8,0.0,3.0,3.0,N,N,08/2023,Analyst
15-1242.00,1.A.1.e.2,Flexibility of Closure,IM,3.25,8,0.1637,2.9292,3.5708,N,,08/2023,Analyst
15-1242.00,1.A.1.e.2,Flexibility of Closure,LV,3.38,8,0.183,3.0164,3.7336,N,N,08/2023,Analyst
15-1242.00,1.A.1.e.3,Perceptual Speed,IM,3.0,8,0.0,3.0,3.0,N,,08/2023,Analyst
15-1242.00,1.A.1.e.3,Perceptual Speed,LV,3.0,8,0.0,3.0,3.0,N,N,08/2023,Analyst
15-1242.00,1.A.1.f.1,Spatial Orientation,IM,1.0,8,0.0,1.0,1.0,N,,08/2023,Analyst
15-1242.00,1.A.1.f.1,Spatial Orientation,LV,0.0,8,0.0,0.0,0.0,N,Y,08/2023,Analyst
15-1242.00,1.A.1.f.2,Visualization,IM,3.0,8,0.0,3.0,3.0,N,,08/2023,Analyst
15-1242.00,1.A.1.f.2,Visualization,LV,3.0,8,0.0,3.0,3.0,N,N,08/2023,Analyst
15-1242.00,1.A.1.g.1,Selective Attention,IM,3.0,8,0.0,3.0,3.0,N,,08/2023,Analyst
15-1242.00,1.A.1.g.1,Selective Attention,LV,3.0,8,0.0,3.0,3.0,N,N,08/2023,Analyst
15-1242.00,1.A.1.g.2,Time Sharing,IM,2.25,8,0.1637,1.9292,2.5708,N,,08/2023,Analyst
15-1242.00,1.A.1.g.2,Time Sharing,LV,2.0,8,0.0,2.0,2.0,N,N,08/2023,Analyst
15-1242.00,1.A.2.a.1,Arm-Hand Steadiness,IM,2.0,8,0.0,2.0,2.0,N,,08/2023,Analyst
15-1242.00,1.A.2.a.1,Arm-Hand Steadiness,LV,1.88,8,0.125,1.63,2.12,N,N,08/2023,Analyst
15-1242.00,1.A.2.a.2,Manual Dexterity,IM,1.75,8,0.1637,1.4292,2.0708,N,,08/2023,Analyst
15-1242.00,1.A.2.a.2,Manual Dexterity,LV,1.12,8,0.295,0.5467,1.7033,N,N,08/2023,Analyst
15-1242.00,1.A.2.a.3,Finger Dexterity,IM,1.75,8,0.1637,1.4292,2.0708,N,,08/2023,Analyst
15-1242.00,1.A.2.a.3,Finger Dexterity,LV,1.62,8,0.375,0.89,2.36,N,N,08/2023,Analyst
15-1242.00,1.A.2.b.1,Control Precision,IM,1.88,8,0.125,1.63,2.12,N,,08/2023,Analyst
15-1242.00,1.A.2.b.1,Control Precision,LV,1.5,8,0.2673,0.9762,2.0238,N,N,08/2023,Analyst
15-1242.00,1.A.2.b.2,Multilimb Coordination,IM,1.0,8,0.0,1.0,1.0,N,,08/2023,Analyst
15-1242.00,1.A.2.b.2,Multilimb Coordination,LV,0.0,8,0.0,0.0,0.0,N,Y,08/2023,Analyst
15-1242.00,1.A.2.b.3,Response Orientation,IM,1.38,8,0.183,1.0164,1.7336,N,,08/2023,Analyst
15-1242.00,1.A.2.b.3,Response Orientation,LV,0.38,8,0.183,0.0164,0.7336,N,N,08/2023,Analyst
15-1242.00,1.A.2.b.4,Rate Control,IM,1.0,8,0.0,1.0,1.0,N,,08/2023,Analyst
15-1242.00,1.A.2.b.4,Rate Control,LV,0.0,8,0.0,0.0,0.0,N,Y,08/2023,Analyst
15-1242.00,1.A.2.c.1,Reaction Time,IM,1.12,8,0.125,1.0,1.37,N,,08/2023,Analyst
15-1242.00,1.A.2.c.1,Reaction Time,LV,0.12,8,0.125,0.0,0.37,N,Y,08/2023,Analyst
15-1242.00,1.A.2.c.2,Wrist-Finger Speed,IM,1.5,8,0.189,1.1296,1.8704,N,,08/2023,Analyst
15-1242.00,1.A.2.c.2,Wrist-Finger Speed,LV,0.5,8,0.189,0.1296,0.8704,N,N,08/2023,Analyst
15-1242.00,1.A.2.c.3,Speed of Limb Movement,IM,1.0,8,0.0,1.0,1.0,N,,08/2023,Analyst
15-1242.00,1.A.2.c.3,Speed of Limb Movement,LV,0.0,8,0.0,0.0,0.0,N,Y,08/2023,Analyst
15-1242.00,1.A.3.a.1,Static Strength,IM,1.0,8,0.0,1.0,1.0,N,,08/2023,Analyst
15-1242.00,1.A.3.a.1,Static Strength,LV,0.0,8,0.0,0.0,0.0,N,Y,08/2023,Analyst
15-1242.00,1.A.3.a.2,Explosive Strength,IM,1.0,8,0.0,1.0,1.0,N,,08/2023,Analyst
15-1242.00,1.A.3.a.2,Explosive Strength,LV,0.0,8,0.0,0.0,0.0,N,Y,08/2023,Analyst
15-1242.00,1.A.3.a.3,Dynamic Strength,IM,1.25,8,0.1637,1.0,1.5708,N,,08/2023,Analyst
15-1242.00,1.A.3.a.3,Dynamic Strength,LV,0.25,8,0.1637,0.0,0.5708,N,Y,08/2023,Analyst
15-1242.00,1.A.3.a.4,Trunk Strength,IM,1.75,8,0.1637,1.4292,2.0708,N,,08/2023,Analyst
15-1242.00,1.A.3.a.4,Trunk Strength,LV,1.12,8,0.295,0.5467,1.7033,N,N,08/2023,Analyst
15-1242.00,1.A.3.b.1,Stamina,IM,1.12,8,0.125,1.0,1.37,N,,08/2023,Analyst
15-1242.00,1.A.3.b.1,Stamina,LV,0.12,8,0.125,0.0,0.37,N,Y,08/2023,Analyst
15-1242.00,1.A.3.c.1,Extent Flexibility,IM,1.0,8,0.0,1.0,1.0,N,,08/2023,Analyst
15-1242.00,1.A.3.c.1,Extent Flexibility,LV,0.0,8,0.0,0.0,0.0,N,Y,08/2023,Analyst
15-1242.00,1.A.3.c.2,Dynamic Flexibility,IM,1.0,8,0.0,1.0,1.0,N,,08/2023,Analyst
15-1242.00,1.A.3.c.2,Dynamic Flexibility,LV,0.0,8,0.0,0.0,0.0,N,Y,08/2023,Analyst
15-1242.00,1.A.3.c.3,Gross Body Coordination,IM,1.0,8,0.0,1.0,1.0,N,,08/2023,Analyst
15-1242.00,1.A.3.c.3,Gross Body Coordination,LV,0.0,8,0.0,0.0,0.0,N,Y,08/2023,Analyst
15-1242.00,1.A.3.c.4,Gross Body Equilibrium,IM,1.0,8,0.0,1.0,1.0,N,,08/2023,Analyst
15-1242.00,1.A.3.c.4,Gross Body Equilibrium,LV,0.0,8,0.0,0.0,0.0,N,Y,08/2023,Analyst
15-1242.00,1.A.4.a.1,Near Vision,IM,3.62,8,0.183,3.2664,3.9836,N,,08/2023,Analyst
15-1242.00,1.A.4.a.1,Near Vision,LV,3.75,8,0.1637,3.4292,4.0708,N,N,08/2023,Analyst
15-1242.00,1.A.4.a.2,Far Vision,IM,2.62,8,0.183,2.2664,2.9836,N,,08/2023,Analyst
15-1242.00,1.A.4.a.2,Far Vision,LV,2.75,8,0.1637,2.4292,3.0708,N,N,08/2023,Analyst
15-1242.00,1.A.4.a.3,Visual Color Discrimination,IM,1.88,8,0.125,1.63,2.12,N,,08/2023,Analyst
15-1242.00,1.A.4.a.3,Visual Color Discrimination,LV,1.75,8,0.25,1.26,2.24,N,N,08/2023,Analyst
15-1242.00,1.A.4.a.4,Night Vision,IM,1.0,8,0.0,1.0,1.0,N,,08/2023,Analyst
15-1242.00,1.A.4.a.4,Night Vision,LV,0.0,8,0.0,0.0,0.0,N,Y,08/2023,Analyst
15-1242.00,1.A.4.a.5,Peripheral Vision,IM,1.0,8,0.0,1.0,1.0,N,,08/2023,Analyst
15-1242.00,1.A.4.a.5,Peripheral Vision,LV,0.0,8,0.0,0.0,0.0,N,Y,08/2023,Analyst
15-1242.00,1.A.4.a.6,Depth Perception,IM,1.38,8,0.183,1.0164,1.7336,N,,08/2023,Analyst
15-1242.00,1.A.4.a.6,Depth Perception,LV,0.38,8,0.183,0.0164,0.7336,N,N,08/2023,Analyst
15-1242.00,1.A.4.a.7,Glare Sensitivity,IM,1.0,8,0.0,1.0,1.0,N,,08/2023,Analyst
15-1242.00,1.A.4.a.7,Glare Sensitivity,LV,0.0,8,0.0,0.0,0.0,N,Y,08/2023,Analyst
15-1242.00,1.A.4.b.1,Hearing Sensitivity,IM,1.62,8,0.183,1.2664,1.9836,N,,08/2023,Analyst
15-1242.00,1.A.4.b.1,Hearing Sensitivity,LV,1.0,8,0.3273,0.3584,1.6416,N,N,08/2023,Analyst
15-1242.00,1.A.4.b.2,Auditory Attention,IM,1.88,8,0.125,1.63,2.12,N,,08/2023,Analyst
15-1242.00,1.A.4.b.2,Auditory Attention,LV,1.75,8,0.25,1.26,2.24,N,N,08/2023,Analyst
15-1242.00,1.A.4.b.3,Sound Localization,IM,1.0,8,0.0,1.0,1.0,N,,08/2023,Analyst
15-1242.00,1.A.4.b.3,Sound Localization,LV,0.0,8,0.0,0.0,0.0,N,Y,08/2023,Analyst
15-1242.00,1.A.4.b.4,Speech Recognition,IM,3.25,8,0.1637,2.9292,3.5708,N,,08/2023,Analyst
15-1242.00,1.A.4.b.4,Speech Recognition,LV,3.25,8,0.1637,2.9292,3.5708,N,N,08/2023,Analyst
15-1242.00,1.A.4.b.5,Speech Clarity,IM,3.12,8,0.125,2.88,3.37,N,,08/2023,Analyst
15-1242.00,1.A.4.b.5,Speech Clarity,LV,3.0,8,0.0,3.0,3.0,N,N,08/2023,Analyst
15-1243.00,1.A.1.a.1,Oral Comprehension,IM,3.88,8,0.125,3.63,4.12,N,,08/2023,Analyst
15-1243.00,1.A.1.a.1,Oral Comprehension,LV,4.5,8,0.189,4.1296,4.8704,N,N,08/2023,Analyst
15-1243.00,1.A.1.a.2,Written Comprehension,IM,3.88,8,0.125,3.63,4.12,N,,08/2023,Analyst
15-1243.00,1.A.1.a.2,Written Comprehension,LV,4.0,8,0.0,4.0,4.0,N,N,08/2023,Analyst
15-1243.00,1.A.1.a.3,Oral Expression,IM,3.75,8,0.1637,3.4292,4.0708,N,,08/2023,Analyst
15-1243.00,1.A.1.a.3,Oral Expression,LV,4.0,8,0.0,4.0,4.0,N,N,08/2023,Analyst
15-1243.00,1.A.1.a.4,Written Expression,IM,3.25,8,0.1637,2.9292,3.5708,N,,08/2023,Analyst
15-1243.00,1.A.1.a.4,Written Expression,LV,3.88,8,0.125,3.63,4.12,N,N,08/2023,Analyst
15-1243.00,1.A.1.b.1,Fluency of Ideas,IM,3.25,8,0.1637,2.9292,3.5708,N,,08/2023,Analyst
15-1243.00,1.A.1.b.1,Fluency of Ideas,LV,3.75,8,0.1637,3.4292,4.0708,N,N,08/2023,Analyst
15-1243.00,1.A.1.b.2,Originality,IM,3.0,8,0.0,3.0,3.0,N,,08/2023,Analyst
15-1243.00,1.A.1.b.2,Originality,LV,3.88,8,0.125,3.63,4.12,N,N,08/2023,Analyst
15-1243.00,1.A.1.b.3,Problem Sensitivity,IM,3.75,8,0.1637,3.4292,4.0708,N,,08/2023,Analyst
15-1243.00,1.A.1.b.3,Problem Sensitivity,LV,3.88,8,0.125,3.63,4.12,N,N,08/2023,Analyst
15-1243.00,1.A.1.b.4,Deductive Reasoning,IM,3.88,8,0.125,3.63,4.12,N,,08/2023,Analyst
15-1243.00,1.A.1.b.4,Deductive Reasoning,LV,4.38,8,0.183,4.0164,4.7336,N,N,08/2023,Analyst
15-1243.00,1.A.1.b.5,Inductive Reasoning,IM,3.75,8,0.1637,3.4292,4.0708,N,,08/2023,Analyst
15-1243.00,1.A.1.b.5,Inductive Reasoning,LV,4.0,8,0.0,4.0,4.0,N,N,08/2023,Analyst
15-1243.00,1.A.1.b.6,Information Ordering,IM,3.75,8,0.1637,3.4292,4.0708,N,,08/2023,Analyst
15-1243.00,1.A.1.b.6,Information Ordering,LV,4.12,8,0.125,3.88,4.37,N,N,08/2023,Analyst
15-1243.00,1.A.1.b.7,Category Flexibility,IM,3.38,8,0.183,3.0164,3.7336,N,,08/2023,Analyst
15-1243.00,1.A.1.b.7,Category Flexibility,LV,3.62,8,0.183,3.2664,3.9836,N,N,08/2023,Analyst
15-1243.00,1.A.1.c.1,Mathematical Reasoning,IM,3.12,8,0.125,2.88,3.37,N,,08/2023,Analyst
15-1243.00,1.A.1.c.1,Mathematical Reasoning,LV,3.25,8,0.1637,2.9292,3.5708,N,N,08/2023,Analyst
15-1243.00,1.A.1.c.2,Number Facility,IM,3.12,8,0.125,2.88,3.37,N,,08/2023,Analyst
15-1243.00,1.A.1.c.2,Number Facility,LV,3.12,8,0.125,2.88,3.37,N,N,08/2023,Analyst
15-1243.00,1.A.1.d.1,Memorization,IM,2.5,8,0.189,2.1296,2.8704,N,,08/2023,Analyst
15-1243.00,1.A.1.d.1,Memorization,LV,2.38,8,0.183,2.0164,2.7336,N,N,08/2023,Analyst
15-1243.00,1.A.1.e.1,Speed of Closure,IM,2.75,8,0.1637,2.4292,3.0708,N,,08/2023,Analyst
15-1243.00,1.A.1.e.1,Speed of Closure,LV,2.88,8,0.2266,2.4309,3.3191,N,N,08/2023,Analyst
15-1243.00,1.A.1.e.2,Flexibility of Closure,IM,3.25,8,0.1637,2.9292,3.5708,N,,08/2023,Analyst
15-1243.00,1.A.1.e.2,Flexibility of Closure,LV,3.12,8,0.125,2.88,3.37,N,N,08/2023,Analyst
15-1243.00,1.A.1.e.3,Perceptual Speed,IM,3.12,8,0.125,2.88,3.37,N,,08/2023,Analyst
15-1243.00,1.A.1.e.3,Perceptual Speed,LV,3.0,8,0.0,3.0,3.0,N,N,08/2023,Analyst
15-1243.00,1.A.1.f.1,Spatial Orientation,IM,1.0,8,0.0,1.0,1.0,N,,08/2023,Analyst
15-1243.00,1.A.1.f.1,Spatial Orientation,LV,0.0,8,0.0,0.0,0.0,N,Y,08/2023,Analyst
15-1243.00,1.A.1.f.2,Visualization,IM,2.88,8,0.125,2.63,3.12,N,,08/2023,Analyst
15-1243.00,1.A.1.f.2,Visualization,LV,3.0,8,0.0,3.0,3.0,N,N,08/2023,Analyst
15-1243.00,1.A.1.g.1,Selective Attention,IM,3.25,8,0.1637,2.9292,3.5708,N,,08/2023,Analyst
15-1243.00,1.A.1.g.1,Selective Attention,LV,3.0,8,0.0,3.0,3.0,N,N,08/2023,Analyst
15-1243.00,1.A.1.g.2,Time Sharing,IM,2.0,8,0.0,2.0,2.0,N,,08/2023,Analyst
15-1243.00,1.A.1.g.2,Time Sharing,LV,2.12,8,0.125,1.88,2.37,N,N,08/2023,Analyst
15-1243.00,1.A.2.a.1,Arm-Hand Steadiness,IM,1.88,8,0.125,1.63,2.12,N,,08/2023,Analyst
15-1243.00,1.A.2.a.1,Arm-Hand Steadiness,LV,1.12,8,0.2266,0.6809,1.5691,N,N,08/2023,Analyst
15-1243.00,1.A.2.a.2,Manual Dexterity,IM,1.88,8,0.125,1.63,2.12,N,,08/2023,Analyst
15-1243.00,1.A.2.a.2,Manual Dexterity,LV,1.12,8,0.2266,0.6809,1.5691,N,N,08/2023,Analyst
15-1243.00,1.A.2.a.3,Finger Dexterity,IM,1.88,8,0.125,1.63,2.12,N,,08/2023,Analyst
15-1243.00,1.A.2.a.3,Finger Dexterity,LV,1.12,8,0.2266,0.6809,1.5691,N,N,08/2023,Analyst
15-1243.00,1.A.2.b.1,Control Precision,IM,1.88,8,0.125,1.63,2.12,N,,08/2023,Analyst
15-1243.00,1.A.2.b.1,Control Precision,LV,1.0,8,0.189,0.6296,1.3704,N,N,08/2023,Analyst
15-1243.00,1.A.2.b.2,Multilimb Coordination,IM,1.0,8,0.0,1.0,1.0,N,,08/2023,Analyst
15-1243.00,1.A.2.b.2,Multilimb Coordination,LV,0.0,8,0.0,0.0,0.0,N,Y,08/2023,Analyst
15-1243.00,1.A.2.b.3,Response Orientation,IM,1.0,8,0.0,1.0,1.0,N,,08/2023,Analyst
15-1243.00,1.A.2.b.3,Response Orientation,LV,0.0,8,0.0,0.0,0.0,N,Y,08/2023,Analyst
15-1243.00,1.A.2.b.4,Rate Control,IM,1.0,8,0.0,1.0,1.0,N,,08/2023,Analyst
15-1243.00,1.A.2.b.4,Rate Control,LV,0.0,8,0.0,0.0,0.0,N,Y,08/2023,Analyst
15-1243.00,1.A.2.c.1,Reaction Time,IM,1.0,8,0.0,1.0,1.0,N,,08/2023,Analyst
15-1243.00,1.A.2.c.1,Reaction Time,LV,0.0,8,0.0,0.0,0.0,N,Y,08/2023,Analyst
15-1243.00,1.A.2.c.2,Wrist-Finger Speed,IM,1.88,8,0.125,1.63,2.12,N,,08/2023,Analyst
15-1243.00,1.A.2.c.2,Wrist-Finger Speed,LV,1.5,8,0.2673,0.9762,2.0238,N,N,08/2023,Analyst
15-1243.00,1.A.2.c.3,Speed of Limb Movement,IM,1.0,8,0.0,1.0,1.0,N,,08/2023,Analyst
15-1243.00,1.A.2.c.3,Speed of Limb Movement,LV,0.0,8,0.0,0.0,0.0,N,Y,08/2023,Analyst
15-1243.00,1.A.3.a.1,Static Strength,IM,1.0,8,0.0,1.0,1.0,N,,08/2023,Analyst
15-1243.00,1.A.3.a.1,Static Strength,LV,0.0,8,0.0,0.0,0.0,N,Y,08/2023,Analyst
15-1243.00,1.A.3.a.2,Explosive Strength,IM,1.0,8,0.0,1.0,1.0,N,,08/2023,Analyst
15-1243.00,1.A.3.a.2,Explosive Strength,LV,0.0,8,0.0,0.0,0.0,N,Y,08/2023,Analyst
15-1243.00,1.A.3.a.3,Dynamic Strength,IM,1.25,8,0.1637,1.0,1.5708,N,,08/2023,Analyst
15-1243.00,1.A.3.a.3,Dynamic Strength,LV,0.25,8,0.1637,0.0,0.5708,N,Y,08/2023,Analyst
15-1243.00,1.A.3.a.4,Trunk Strength,IM,1.88,8,0.125,1.63,2.12,N,,08/2023,Analyst
15-1243.00,1.A.3.a.4,Trunk Strength,LV,1.5,8,0.2673,0.9762,2.0238,N,N,08/2023,Analyst
15-1243.00,1.A.3.b.1,Stamina,IM,1.0,8,0.0,1.0,1.0,N,,08/2023,Analyst
15-1243.00,1.A.3.b.1,Stamina,LV,0.0,8,0.0,0.0,0.0,N,Y,08/2023,Analyst
15-1243.00,1.A.3.c.1,Extent Flexibility,IM,1.0,8,0.0,1.0,1.0,N,,08/2023,Analyst
15-1243.00,1.A.3.c.1,Extent Flexibility,LV,0.0,8,0.0,0.0,0.0,N,Y,08/2023,Analyst
15-1243.00,1.A.3.c.2,Dynamic Flexibility,IM,1.0,8,0.0,1.0,1.0,N,,08/2023,Analyst
15-1243.00,1.A.3.c.2,Dynamic Flexibility,LV,0.0,8,0.0,0.0,0.0,N,Y,08/2023,Analyst
15-1243.00,1.A.3.c.3,Gross Body Coordination,IM,1.0,8,0.0,1.0,1.0,N,,08/2023,Analyst
15-1243.00,1.A.3.c.3,Gross Body Coordination,LV,0.0,8,0.0,0.0,0.0,N,Y,08/2023,Analyst
15-1243.00,1.A.3.c.4,Gross Body Equilibrium,IM,1.0,8,0.0,1.0,1.0,N,,08/2023,Analyst
15-1243.00,1.A.3.c.4,Gross Body Equilibrium,LV,0.0,8,0.0,0.0,0.0,N,Y,08/2023,Analyst
15-1243.00,1.A.4.a.1,Near Vision,IM,3.62,8,0.183,3.2664,3.9836,N,,08/2023,Analyst
15-1243.00,1.A.4.a.1,Near Vision,LV,4.0,8,0.0,4.0,4.0,N,N,08/2023,Analyst
15-1243.00,1.A.4.a.2,Far Vision,IM,2.38,8,0.183,2.0164,2.7336,N,,08/2023,Analyst
15-1243.00,1.A.4.a.2,Far Vision,LV,2.5,8,0.189,2.1296,2.8704,N,N,08/2023,Analyst
15-1243.00,1.A.4.a.3,Visual Color Discrimination,IM,2.0,8,0.0,2.0,2.0,N,,08/2023,Analyst
15-1243.00,1.A.4.a.3,Visual Color Discrimination,LV,1.5,8,0.189,1.1296,1.8704,N,N,08/2023,Analyst
15-1243.00,1.A.4.a.4,Night Vision,IM,1.0,8,0.0,1.0,1.0,N,,08/2023,Analyst
15-1243.00,1.A.4.a.4,Night Vision,LV,0.0,8,0.0,0.0,0.0,N,Y,08/2023,Analyst
15-1243.00,1.A.4.a.5,Peripheral Vision,IM,1.0,8,0.0,1.0,1.0,N,,08/2023,Analyst
15-1243.00,1.A.4.a.5,Peripheral Vision,LV,0.0,8,0.0,0.0,0.0,N,Y,08/2023,Analyst
15-1243.00,1.A.4.a.6,Depth Perception,IM,2.0,8,0.0,2.0,2.0,N,,08/2023,Analyst
15-1243.00,1.A.4.a.6,Depth Perception,LV,1.12,8,0.125,0.88,1.37,N,N,08/2023,Analyst
15-1243.00,1.A.4.a.7,Glare Sensitivity,IM,1.0,8,0.0,1.0,1.0,N,,08/2023,Analyst
15-1243.00,1.A.4.a.7,Glare Sensitivity,LV,0.0,8,0.0,0.0,0.0,N,Y,08/2023,Analyst
15-1243.00,1.A.4.b.1,Hearing Sensitivity,IM,2.0,8,0.0,2.0,2.0,N,,08/2023,Analyst
15-1243.00,1.A.4.b.1,Hearing Sensitivity,LV,1.75,8,0.1637,1.4292,2.0708,N,N,08/2023,Analyst
15-1243.00,1.A.4.b.2,Auditory Attention,IM,2.0,8,0.0,2.0,2.0,N,,08/2023,Analyst
15-1243.00,1.A.4.b.2,Auditory Attention,LV,1.25,8,0.1637,0.9292,1.5708,N,N,08/2023,Analyst
15-1243.00,1.A.4.b.3,Sound Localization,IM,1.0,8,0.0,1.0,1.0,N,,08/2023,Analyst
15-1243.00,1.A.4.b.3,Sound Localization,LV,0.0,8,0.0,0.0,0.0,N,Y,08/2023,Analyst
15-1243.00,1.A.4.b.4,Speech Recognition,IM,3.0,8,0.0,3.0,3.0,N,,08/2023,Analyst
15-1243.00,1.A.4.b.4,Speech Recognition,LV,3.0,8,0.0,3.0,3.0,N,N,08/2023,Analyst
15-1243.00,1.A.4.b.5,Speech Clarity,IM,3.62,8,0.183,3.2664,3.9836,N,,08/2023,Analyst
15-1243.00,1.A.4.b.5,Speech Clarity,LV,3.0,8,0.0,3.0,3.0,N,N,08/2023,Analyst
15-1243.01,1.A.1.a.1,Oral Comprehension,IM,3.75,8,0.1637,3.4292,4.0708,N,,08/2018,Analyst
15-1243.01,1.A.1.a.1,Oral Comprehension,LV,4.0,8,0.0,4.0,4.0,N,N,08/2018,Analyst
15-1243.01,1.A.1.a.2,Written Comprehension,IM,3.88,8,0.125,3.63,4.12,N,,08/2018,Analyst
15-1243.01,1.A.1.a.2,Written Comprehension,LV,4.0,8,0.0,4.0,4.0,N,N,08/2018,Analyst
15-1243.01,1.A.1.a.3,Oral Expression,IM,3.5,8,0.189,3.1296,3.8704,N,,08/2018,Analyst
15-1243.01,1.A.1.a.3,Oral Expression,LV,4.0,8,0.189,3.6296,4.3704,N,N,08/2018,Analyst
15-1243.01,1.A.1.a.4,Written Expression,IM,3.5,8,0.189,3.1296,3.8704,N,,08/2018,Analyst
15-1243.01,1.A.1.a.4,Written Expression,LV,4.0,8,0.2673,3.4762,4.5238,N,N,08/2018,Analyst
15-1243.01,1.A.1.b.1,Fluency of Ideas,IM,3.12,8,0.125,2.88,3.37,N,,08/2018,Analyst
15-1243.01,1.A.1.b.1,Fluency of Ideas,LV,3.25,8,0.1637,2.9292,3.5708,N,N,08/2018,Analyst
15-1243.01,1.A.1.b.2,Originality,IM,3.0,8,0.189,2.6296,3.3704,N,,08/2018,Analyst
15-1243.01,1.A.1.b.2,Originality,LV,3.25,8,0.1637,2.9292,3.5708,N,N,08/2018,Analyst
15-1243.01,1.A.1.b.3,Problem Sensitivity,IM,3.38,8,0.183,3.0164,3.7336,N,,08/2018,Analyst
15-1243.01,1.A.1.b.3,Problem Sensitivity,LV,3.5,8,0.189,3.1296,3.8704,N,N,08/2018,Analyst
15-1243.01,1.A.1.b.4,Deductive Reasoning,IM,3.75,8,0.1637,3.4292,4.0708,N,,08/2018,Analyst
15-1243.01,1.A.1.b.4,Deductive Reasoning,LV,4.0,8,0.0,4.0,4.0,N,N,08/2018,Analyst
15-1243.01,1.A.1.b.5,Inductive Reasoning,IM,3.75,8,0.1637,3.4292,4.0708,N,,08/2018,Analyst
15-1243.01,1.A.1.b.5,Inductive Reasoning,LV,3.88,8,0.125,3.63,4.12,N,N,08/2018,Analyst
15-1243.01,1.A.1.b.6,Information Ordering,IM,3.88,8,0.125,3.63,4.12,N,,08/2018,Analyst
15-1243.01,1.A.1.b.6,Information Ordering,LV,4.0,8,0.0,4.0,4.0,N,N,08/2018,Analyst
15-1243.01,1.A.1.b.7,Category Flexibility,IM,3.5,8,0.189,3.1296,3.8704,N,,08/2018,Analyst
15-1243.01,1.A.1.b.7,Category Flexibility,LV,3.5,8,0.189,3.1296,3.8704,N,N,08/2018,Analyst
15-1243.01,1.A.1.c.1,Mathematical Reasoning,IM,3.12,8,0.125,2.88,3.37,N,,08/2018,Analyst
15-1243.01,1.A.1.c.1,Mathematical Reasoning,LV,3.12,8,0.125,2.88,3.37,N,N,08/2018,Analyst
15-1243.01,1.A.1.c.2,Number Facility,IM,3.0,8,0.0,3.0,3.0,N,,08/2018,Analyst
15-1243.01,1.A.1.c.2,Number Facility,LV,3.25,8,0.25,2.76,3.74,N,N,08/2018,Analyst
15-1243.01,1.A.1.d.1,Memorization,IM,2.25,8,0.1637,1.9292,2.5708,N,,08/2018,Analyst
15-1243.01,1.A.1.d.1,Memorization,LV,2.5,8,0.2673,1.9762,3.0238,N,N,08/2018,Analyst
15-1243.01,1.A.1.e.1,Speed of Closure,IM,2.5,8,0.189,2.1296,2.8704,N,,08/2018,Analyst
15-1243.01,1.A.1.e.1,Speed of Closure,LV,2.5,8,0.189,2.1296,2.8704,N,N,08/2018,Analyst
15-1243.01,1.A.1.e.2,Flexibility of Closure,IM,3.0,8,0.2673,2.4762,3.5238,N,,08/2018,Analyst
15-1243.01,1.A.1.e.2,Flexibility of Closure,LV,3.0,8,0.189,2.6296,3.3704,N,N,08/2018,Analyst
15-1243.01,1.A.1.e.3,Perceptual Speed,IM,2.62,8,0.183,2.2664,2.9836,N,,08/2018,Analyst
15-1243.01,1.A.1.e.3,Perceptual Speed,LV,2.88,8,0.2266,2.4309,3.3191,N,N,08/2018,Analyst
15-1243.01,1.A.1.f.1,Spatial Orientation,IM,1.0,8,0.0,1.0,1.0,N,,08/2018,Analyst
15-1243.01,1.A.1.f.1,Spatial Orientation,LV,0.0,8,0.0,0.0,0.0,N,Y,08/2018,Analyst
15-1243.01,1.A.1.f.2,Visualization,IM,2.62,8,0.2631,2.1094,3.1406,N,,08/2018,Analyst
15-1243.01,1.A.1.f.2,Visualization,LV,2.75,8,0.366,2.0327,3.4673,N,N,08/2018,Analyst
15-1243.01,1.A.1.g.1,Selective Attention,IM,3.0,8,0.189,2.6296,3.3704,N,,08/2018,Analyst
15-1243.01,1.A.1.g.1,Selective Attention,LV,3.0,8,0.0,3.0,3.0,N,N,08/2018,Analyst
15-1243.01,1.A.1.g.2,Time Sharing,IM,1.88,8,0.125,1.63,2.12,N,,08/2018,Analyst
15-1243.01,1.A.1.g.2,Time Sharing,LV,1.75,8,0.25,1.26,2.24,N,N,08/2018,Analyst
15-1243.01,1.A.2.a.1,Arm-Hand Steadiness,IM,1.25,8,0.25,1.0,1.74,N,,08/2018,Analyst
15-1243.01,1.A.2.a.1,Arm-Hand Steadiness,LV,0.38,8,0.375,0.0,1.11,N,Y,08/2018,Analyst
15-1243.01,1.A.2.a.2,Manual Dexterity,IM,1.0,8,0.0,1.0,1.0,N,,08/2018,Analyst
15-1243.01,1.A.2.a.2,Manual Dexterity,LV,0.0,8,0.0,0.0,0.0,N,Y,08/2018,Analyst
15-1243.01,1.A.2.a.3,Finger Dexterity,IM,1.25,8,0.1637,1.0,1.5708,N,,08/2018,Analyst
15-1243.01,1.A.2.a.3,Finger Dexterity,LV,0.25,8,0.1637,0.0,0.5708,N,Y,08/2018,Analyst
15-1243.01,1.A.2.b.1,Control Precision,IM,1.0,8,0.0,1.0,1.0,N,,08/2018,Analyst
15-1243.01,1.A.2.b.1,Control Precision,LV,0.0,8,0.0,0.0,0.0,N,Y,08/2018,Analyst
15-1243.01,1.A.2.b.2,Multilimb Coordination,IM,1.0,8,0.0,1.0,1.0,N,,08/2018,Analyst
15-1243.01,1.A.2.b.2,Multilimb Coordination,LV,0.0,8,0.0,0.0,0.0,N,Y,08/2018,Analyst
15-1243.01,1.A.2.b.3,Response Orientation,IM,1.0,8,0.0,1.0,1.0,N,,08/2018,Analyst
15-1243.01,1.A.2.b.3,Response Orientation,LV,0.0,8,0.0,0.0,0.0,N,Y,08/2018,Analyst
15-1243.01,1.A.2.b.4,Rate Control,IM,1.0,8,0.0,1.0,1.0,N,,08/2018,Analyst
15-1243.01,1.A.2.b.4,Rate Control,LV,0.0,8,0.0,0.0,0.0,N,Y,08/2018,Analyst
15-1243.01,1.A.2.c.1,Reaction Time,IM,1.0,8,0.0,1.0,1.0,N,,08/2018,Analyst
15-1243.01,1.A.2.c.1,Reaction Time,LV,0.0,8,0.0,0.0,0.0,N,Y,08/2018,Analyst
15-1243.01,1.A.2.c.2,Wrist-Finger Speed,IM,1.88,8,0.125,1.63,2.12,N,,08/2018,Analyst
15-1243.01,1.A.2.c.2,Wrist-Finger Speed,LV,1.38,8,0.2631,0.8594,1.8906,N,N,08/2018,Analyst
15-1243.01,1.A.2.c.3,Speed of Limb Movement,IM,1.12,8,0.125,1.0,1.37,N,,08/2018,Analyst
15-1243.01,1.A.2.c.3,Speed of Limb Movement,LV,0.12,8,0.125,0.0,0.37,N,Y,08/2018,Analyst
15-1243.01,1.A.3.a.1,Static Strength,IM,1.0,8,0.0,1.0,1.0,N,,08/2018,Analyst
15-1243.01,1.A.3.a.1,Static Strength,LV,0.0,8,0.0,0.0,0.0,N,Y,08/2018,Analyst
15-1243.01,1.A.3.a.2,Explosive Strength,IM,1.0,8,0.0,1.0,1.0,N,,08/2018,Analyst
15-1243.01,1.A.3.a.2,Explosive Strength,LV,0.0,8,0.0,0.0,0.0,N,Y,08/2018,Analyst
15-1243.01,1.A.3.a.3,Dynamic Strength,IM,1.62,8,0.183,1.2664,1.9836,N,,08/2018,Analyst
15-1243.01,1.A.3.a.3,Dynamic Strength,LV,0.75,8,0.25,0.26,1.24,N,N,08/2018,Analyst
15-1243.01,1.A.3.a.4,Trunk Strength,IM,2.12,8,0.125,1.88,2.37,N,,08/2018,Analyst
15-1243.01,1.A.3.a.4,Trunk Strength,LV,1.75,8,0.25,1.26,2.24,N,N,08/2018,Analyst
15-1243.01,1.A.3.b.1,Stamina,IM,1.0,8,0.0,1.0,1.0,N,,08/2018,Analyst
15-1243.01,1.A.3.b.1,Stamina,LV,0.0,8,0.0,0.0,0.0,N,Y,08/2018,Analyst
15-1243.01,1.A.3.c.1,Extent Flexibility,IM,1.0,8,0.0,1.0,1.0,N,,08/2018,Analyst
15-1243.01,1.A.3.c.1,Extent Flexibility,LV,0.0,8,0.0,0.0,0.0,N,Y,08/2018,Analyst
15-1243.01,1.A.3.c.2,Dynamic Flexibility,IM,1.0,8,0.0,1.0,1.0,N,,08/2018,Analyst
15-1243.01,1.A.3.c.2,Dynamic Flexibility,LV,0.0,8,0.0,0.0,0.0,N,Y,08/2018,Analyst
15-1243.01,1.A.3.c.3,Gross Body Coordination,IM,1.0,8,0.0,1.0,1.0,N,,08/2018,Analyst
15-1243.01,1.A.3.c.3,Gross Body Coordination,LV,0.0,8,0.0,0.0,0.0,N,Y,08/2018,Analyst
15-1243.01,1.A.3.c.4,Gross Body Equilibrium,IM,1.0,8,0.0,1.0,1.0,N,,08/2018,Analyst
15-1243.01,1.A.3.c.4,Gross Body Equilibrium,LV,0.0,8,0.0,0.0,0.0,N,Y,08/2018,Analyst
15-1243.01,1.A.4.a.1,Near Vision,IM,3.62,8,0.183,3.2664,3.9836,N,,08/2018,Analyst
15-1243.01,1.A.4.a.1,Near Vision,LV,3.88,8,0.125,3.63,4.12,N,N,08/2018,Analyst
15-1243.01,1.A.4.a.2,Far Vision,IM,2.38,8,0.183,2.0164,2.7336,N,,08/2018,Analyst
15-1243.01,1.A.4.a.2,Far Vision,LV,2.38,8,0.2631,1.8594,2.8906,N,N,08/2018,Analyst
15-1243.01,1.A.4.a.3,Visual Color Discrimination,IM,2.12,8,0.295,1.5467,2.7033,N,,08/2018,Analyst
15-1243.01,1.A.4.a.3,Visual Color Discrimination,LV,1.75,8,0.4119,0.9427,2.5573,N,N,08/2018,Analyst
15-1243.01,1.A.4.a.4,Night Vision,IM,1.0,8,0.0,1.0,1.0,N,,08/2018,Analyst
15-1243.01,1.A.4.a.4,Night Vision,LV,0.0,8,0.0,0.0,0.0,N,Y,08/2018,Analyst
15-1243.01,1.A.4.a.5,Peripheral Vision,IM,1.0,8,0.0,1.0,1.0,N,,08/2018,Analyst
15-1243.01,1.A.4.a.5,Peripheral Vision,LV,0.0,8,0.0,0.0,0.0,N,Y,08/2018,Analyst
15-1243.01,1.A.4.a.6,Depth Perception,IM,1.62,8,0.183,1.2664,1.9836,N,,08/2018,Analyst
15-1243.01,1.A.4.a.6,Depth Perception,LV,0.88,8,0.295,0.2967,1.4533,N,N,08/2018,Analyst
15-1243.01,1.A.4.a.7,Glare Sensitivity,IM,1.0,8,0.0,1.0,1.0,N,,08/2018,Analyst
15-1243.01,1.A.4.a.7,Glare Sensitivity,LV,0.0,8,0.0,0.0,0.0,N,Y,08/2018,Analyst
15-1243.01,1.A.4.b.1,Hearing Sensitivity,IM,1.88,8,0.2266,1.4309,2.3191,N,,08/2018,Analyst
15-1243.01,1.A.4.b.1,Hearing Sensitivity,LV,1.38,8,0.3239,0.7402,2.0098,N,N,08/2018,Analyst
15-1243.01,1.A.4.b.2,Auditory Attention,IM,1.75,8,0.1637,1.4292,2.0708,N,,08/2018,Analyst
15-1243.01,1.A.4.b.2,Auditory Attention,LV,1.25,8,0.3134,0.6358,1.8642,N,N,08/2018,Analyst
15-1243.01,1.A.4.b.3,Sound Localization,IM,1.0,8,0.0,1.0,1.0,N,,08/2018,Analyst
15-1243.01,1.A.4.b.3,Sound Localization,LV,0.0,8,0.0,0.0,0.0,N,Y,08/2018,Analyst
15-1243.01,1.A.4.b.4,Speech Recognition,IM,3.5,8,0.2673,2.9762,4.0238,N,,08/2018,Analyst
15-1243.01,1.A.4.b.4,Speech Recognition,LV,3.25,8,0.1637,2.9292,3.5708,N,N,08/2018,Analyst
15-1243.01,1.A.4.b.5,Speech Clarity,IM,3.38,8,0.2631,2.8594,3.8906,N,,08/2018,Analyst
15-1243.01,1.A.4.b.5,Speech Clarity,LV,3.0,8,0.0,3.0,3.0,N,N,08/2018,Analyst
15-1244.00,1.A.1.a.1,Oral Comprehension,IM,3.5,8,0.2673,2.9762,4.0238,N,,07/2017,Analyst
15-1244.00,1.A.1.a.1,Oral Comprehension,LV,4.25,8,0.1637,3.9292,4.5708,N,N,07/2017,Analyst
15-1244.00,1.A.1.a.2,Written Comprehension,IM,3.88,8,0.125,3.63,4.12,N,,07/2017,Analyst
15-1244.00,1.A.1.a.2,Written Comprehension,LV,4.12,8,0.125,3.88,4.37,N,N,07/2017,Analyst
15-1244.00,1.A.1.a.3,Oral Expression,IM,3.75,8,0.1637,3.4292,4.0708,N,,07/2017,Analyst
15-1244.00,1.A.1.a.3,Oral Expression,LV,4.0,8,0.0,4.0,4.0,N,N,07/2017,Analyst
15-1244.00,1.A.1.a.4,Written Expression,IM,3.25,8,0.1637,2.9292,3.5708,N,,07/2017,Analyst
15-1244.00,1.A.1.a.4,Written Expression,LV,3.75,8,0.1637,3.4292,4.0708,N,N,07/2017,Analyst
15-1244.00,1.A.1.b.1,Fluency of Ideas,IM,3.25,8,0.1637,2.9292,3.5708,N,,07/2017,Analyst
15-1244.00,1.A.1.b.1,Fluency of Ideas,LV,3.75,8,0.1637,3.4292,4.0708,N,N,07/2017,Analyst
15-1244.00,1.A.1.b.2,Originality,IM,3.12,8,0.125,2.88,3.37,N,,07/2017,Analyst
15-1244.00,1.A.1.b.2,Originality,LV,3.62,8,0.183,3.2664,3.9836,N,N,07/2017,Analyst
15-1244.00,1.A.1.b.3,Problem Sensitivity,IM,4.0,8,0.0,4.0,4.0,N,,07/2017,Analyst
15-1244.00,1.A.1.b.3,Problem Sensitivity,LV,4.0,8,0.0,4.0,4.0,N,N,07/2017,Analyst
15-1244.00,1.A.1.b.4,Deductive Reasoning,IM,3.75,8,0.1637,3.4292,4.0708,N,,07/2017,Analyst
15-1244.00,1.A.1.b.4,Deductive Reasoning,LV,4.0,8,0.0,4.0,4.0,N,N,07/2017,Analyst
15-1244.00,1.A.1.b.5,Inductive Reasoning,IM,3.75,8,0.1637,3.4292,4.0708,N,,07/2017,Analyst
15-1244.00,1.A.1.b.5,Inductive Reasoning,LV,4.0,8,0.0,4.0,4.0,N,N,07/2017,Analyst
15-1244.00,1.A.1.b.6,Information Ordering,IM,3.88,8,0.125,3.63,4.12,N,,07/2017,Analyst
15-1244.00,1.A.1.b.6,Information Ordering,LV,4.0,8,0.0,4.0,4.0,N,N,07/2017,Analyst
15-1244.00,1.A.1.b.7,Category Flexibility,IM,3.25,8,0.1637,2.9292,3.5708,N,,07/2017,Analyst
15-1244.00,1.A.1.b.7,Category Flexibility,LV,3.62,8,0.183,3.2664,3.9836,N,N,07/2017,Analyst
15-1244.00,1.A.1.c.1,Mathematical Reasoning,IM,3.0,8,0.0,3.0,3.0,N,,07/2017,Analyst
15-1244.00,1.A.1.c.1,Mathematical Reasoning,LV,3.12,8,0.125,2.88,3.37,N,N,07/2017,Analyst
15-1244.00,1.A.1.c.2,Number Facility,IM,3.0,8,0.0,3.0,3.0,N,,07/2017,Analyst
15-1244.00,1.A.1.c.2,Number Facility,LV,3.0,8,0.0,3.0,3.0,N,N,07/2017,Analyst
15-1244.00,1.A.1.d.1,Memorization,IM,2.75,8,0.1637,2.4292,3.0708,N,,07/2017,Analyst
15-1244.00,1.A.1.d.1,Memorization,LV,2.75,8,0.1637,2.4292,3.0708,N,N,07/2017,Analyst
15-1244.00,1.A.1.e.1,Speed of Closure,IM,2.62,8,0.183,2.2664,2.9836,N,,07/2017,Analyst
15-1244.00,1.A.1.e.1,Speed of Closure,LV,2.88,8,0.2266,2.4309,3.3191,N,N,07/2017,Analyst
15-1244.00,1.A.1.e.2,Flexibility of Closure,IM,3.12,8,0.125,2.88,3.37,N,,07/2017,Analyst
15-1244.00,1.A.1.e.2,Flexibility of Closure,LV,3.5,8,0.189,3.1296,3.8704,N,N,07/2017,Analyst
15-1244.00,1.A.1.e.3,Perceptual Speed,IM,3.0,8,0.0,3.0,3.0,N,,07/2017,Analyst
15-1244.00,1.A.1.e.3,Perceptual Speed,LV,3.0,8,0.0,3.0,3.0,N,N,07/2017,Analyst
15-1244.00,1.A.1.f.1,Spatial Orientation,IM,1.0,8,0.0,1.0,1.0,N,,07/2017,Analyst
15-1244.00,1.A.1.f.1,Spatial Orientation,LV,0.0,8,0.0,0.0,0.0,N,Y,07/2017,Analyst
15-1244.00,1.A.1.f.2,Visualization,IM,2.88,8,0.125,2.63,3.12,N,,07/2017,Analyst
15-1244.00,1.A.1.f.2,Visualization,LV,3.5,8,0.189,3.1296,3.8704,N,N,07/2017,Analyst
15-1244.00,1.A.1.g.1,Selective Attention,IM,3.12,8,0.125,2.88,3.37,N,,07/2017,Analyst
15-1244.00,1.A.1.g.1,Selective Attention,LV,3.5,8,0.189,3.1296,3.8704,N,N,07/2017,Analyst
15-1244.00,1.A.1.g.2,Time Sharing,IM,2.62,8,0.183,2.2664,2.9836,N,,07/2017,Analyst
15-1244.00,1.A.1.g.2,Time Sharing,LV,2.25,8,0.1637,1.9292,2.5708,N,N,07/2017,Analyst
15-1244.00,1.A.2.a.1,Arm-Hand Steadiness,IM,2.62,8,0.183,2.2664,2.9836,N,,07/2017,Analyst
15-1244.00,1.A.2.a.1,Arm-Hand Steadiness,LV,2.5,8,0.189,2.1296,2.8704,N,N,07/2017,Analyst
15-1244.00,1.A.2.a.2,Manual Dexterity,IM,2.5,8,0.189,2.1296,2.8704,N,,07/2017,Analyst
15-1244.00,1.A.2.a.2,Manual Dexterity,LV,2.12,8,0.125,1.88,2.37,N,N,07/2017,Analyst
15-1244.00,1.A.2.a.3,Finger Dexterity,IM,2.75,8,0.1637,2.4292,3.0708,N,,07/2017,Analyst
15-1244.00,1.A.2.a.3,Finger Dexterity,LV,2.75,8,0.1637,2.4292,3.0708,N,N,07/2017,Analyst
15-1244.00,1.A.2.b.1,Control Precision,IM,2.75,8,0.1637,2.4292,3.0708,N,,07/2017,Analyst
15-1244.00,1.A.2.b.1,Control Precision,LV,2.12,8,0.125,1.88,2.37,N,N,07/2017,Analyst
15-1244.00,1.A.2.b.2,Multilimb Coordination,IM,1.75,8,0.1637,1.4292,2.0708,N,,07/2017,Analyst
15-1244.00,1.A.2.b.2,Multilimb Coordination,LV,1.38,8,0.3239,0.7402,2.0098,N,N,07/2017,Analyst
15-1244.00,1.A.2.b.3,Response Orientation,IM,1.75,8,0.1637,1.4292,2.0708,N,,07/2017,Analyst
15-1244.00,1.A.2.b.3,Response Orientation,LV,1.38,8,0.3239,0.7402,2.0098,N,N,07/2017,Analyst
15-1244.00,1.A.2.b.4,Rate Control,IM,2.0,8,0.0,2.0,2.0,N,,07/2017,Analyst
15-1244.00,1.A.2.b.4,Rate Control,LV,1.25,8,0.1637,0.9292,1.5708,N,N,07/2017,Analyst
15-1244.00,1.A.2.c.1,Reaction Time,IM,2.0,8,0.0,2.0,2.0,N,,07/2017,Analyst
15-1244.00,1.A.2.c.1,Reaction Time,LV,1.25,8,0.1637,0.9292,1.5708,N,N,07/2017,Analyst
15-1244.00,1.A.2.c.2,Wrist-Finger Speed,IM,2.25,8,0.1637,1.9292,2.5708,N,,07/2017,Analyst
15-1244.00,1.A.2.c.2,Wrist-Finger Speed,LV,1.88,8,0.125,1.63,2.12,N,N,07/2017,Analyst
15-1244.00,1.A.2.c.3,Speed of Limb Movement,IM,1.0,8,0.0,1.0,1.0,N,,07/2017,Analyst
15-1244.00,1.A.2.c.3,Speed of Limb Movement,LV,0.0,8,0.0,0.0,0.0,N,Y,07/2017,Analyst
15-1244.00,1.A.3.a.1,Static Strength,IM,1.0,8,0.0,1.0,1.0,N,,07/2017,Analyst
15-1244.00,1.A.3.a.1,Static Strength,LV,0.0,8,0.0,0.0,0.0,N,Y,07/2017,Analyst
15-1244.00,1.A.3.a.2,Explosive Strength,IM,1.0,8,0.0,1.0,1.0,N,,07/2017,Analyst
15-1244.00,1.A.3.a.2,Explosive Strength,LV,0.0,8,0.0,0.0,0.0,N,Y,07/2017,Analyst
15-1244.00,1.A.3.a.3,Dynamic Strength,IM,1.25,8,0.1637,1.0,1.5708,N,,07/2017,Analyst
15-1244.00,1.A.3.a.3,Dynamic Strength,LV,0.38,8,0.2631,0.0,0.8906,N,Y,07/2017,Analyst
15-1244.00,1.A.3.a.4,Trunk Strength,IM,1.62,8,0.183,1.2664,1.9836,N,,07/2017,Analyst
15-1244.00,1.A.3.a.4,Trunk Strength,LV,0.88,8,0.295,0.2967,1.4533,N,N,07/2017,Analyst
15-1244.00,1.A.3.b.1,Stamina,IM,1.0,8,0.0,1.0,1.0,N,,07/2017,Analyst
15-1244.00,1.A.3.b.1,Stamina,LV,0.0,8,0.0,0.0,0.0,N,Y,07/2017,Analyst
15-1244.00,1.A.3.c.1,Extent Flexibility,IM,2.0,8,0.0,2.0,2.0,N,,07/2017,Analyst
15-1244.00,1.A.3.c.1,Extent Flexibility,LV,2.0,8,0.189,1.6296,2.3704,N,N,07/2017,Analyst
15-1244.00,1.A.3.c.2,Dynamic Flexibility,IM,1.0,8,0.0,1.0,1.0,N,,07/2017,Analyst
15-1244.00,1.A.3.c.2,Dynamic Flexibility,LV,0.0,8,0.0,0.0,0.0,N,Y,07/2017,Analyst
15-1244.00,1.A.3.c.3,Gross Body Coordination,IM,1.0,8,0.0,1.0,1.0,N,,07/2017,Analyst
15-1244.00,1.A.3.c.3,Gross Body Coordination,LV,0.0,8,0.0,0.0,0.0,N,Y,07/2017,Analyst
15-1244.00,1.A.3.c.4,Gross Body Equilibrium,IM,1.0,8,0.0,1.0,1.0,N,,07/2017,Analyst
15-1244.00,1.A.3.c.4,Gross Body Equilibrium,LV,0.0,8,0.0,0.0,0.0,N,Y,07/2017,Analyst
15-1244.00,1.A.4.a.1,Near Vision,IM,3.62,8,0.183,3.2664,3.9836,N,,07/2017,Analyst
15-1244.00,1.A.4.a.1,Near Vision,LV,3.88,8,0.125,3.63,4.12,N,N,07/2017,Analyst
15-1244.00,1.A.4.a.2,Far Vision,IM,2.88,8,0.125,2.63,3.12,N,,07/2017,Analyst
15-1244.00,1.A.4.a.2,Far Vision,LV,3.12,8,0.125,2.88,3.37,N,N,07/2017,Analyst
15-1244.00,1.A.4.a.3,Visual Color Discrimination,IM,2.88,8,0.125,2.63,3.12,N,,07/2017,Analyst
15-1244.00,1.A.4.a.3,Visual Color Discrimination,LV,3.0,8,0.189,2.6296,3.3704,N,N,07/2017,Analyst
15-1244.00,1.A.4.a.4,Night Vision,IM,1.0,8,0.0,1.0,1.0,N,,07/2017,Analyst
15-1244.00,1.A.4.a.4,Night Vision,LV,0.0,8,0.0,0.0,0.0,N,Y,07/2017,Analyst
15-1244.00,1.A.4.a.5,Peripheral Vision,IM,1.0,8,0.0,1.0,1.0,N,,07/2017,Analyst
15-1244.00,1.A.4.a.5,Peripheral Vision,LV,0.0,8,0.0,0.0,0.0,N,Y,07/2017,Analyst
15-1244.00,1.A.4.a.6,Depth Perception,IM,2.0,8,0.0,2.0,2.0,N,,07/2017,Analyst
15-1244.00,1.A.4.a.6,Depth Perception,LV,2.0,8,0.0,2.0,2.0,N,N,07/2017,Analyst
15-1244.00,1.A.4.a.7,Glare Sensitivity,IM,1.0,8,0.0,1.0,1.0,N,,07/2017,Analyst
15-1244.00,1.A.4.a.7,Glare Sensitivity,LV,0.0,8,0.0,0.0,0.0,N,Y,07/2017,Analyst
15-1244.00,1.A.4.b.1,Hearing Sensitivity,IM,2.12,8,0.125,1.88,2.37,N,,07/2017,Analyst
15-1244.00,1.A.4.b.1,Hearing Sensitivity,LV,2.12,8,0.125,1.88,2.37,N,N,07/2017,Analyst
15-1244.00,1.A.4.b.2,Auditory Attention,IM,2.25,8,0.1637,1.9292,2.5708,N,,07/2017,Analyst
15-1244.00,1.A.4.b.2,Auditory Attention,LV,2.12,8,0.125,1.88,2.37,N,N,07/2017,Analyst
15-1244.00,1.A.4.b.3,Sound Localization,IM,1.0,8,0.0,1.0,1.0,N,,07/2017,Analyst
15-1244.00,1.A.4.b.3,Sound Localization,LV,0.0,8,0.0,0.0,0.0,N,Y,07/2017,Analyst
15-1244.00,1.A.4.b.4,Speech Recognition,IM,3.38,8,0.183,3.0164,3.7336,N,,07/2017,Analyst
15-1244.00,1.A.4.b.4,Speech Recognition,LV,3.12,8,0.125,2.88,3.37,N,N,07/2017,Analyst
15-1244.00,1.A.4.b.5,Speech Clarity,IM,3.12,8,0.125,2.88,3.37,N,,07/2017,Analyst
15-1244.00,1.A.4.b.5,Speech Clarity,LV,3.0,8,0.0,3.0,3.0,N,N,07/2017,Analyst
15-1251.00,1.A.1.a.1,Oral Comprehension,IM,3.88,8,0.125,3.63,4.12,N,,08/2018,Analyst
15-1251.00,1.A.1.a.1,Oral Comprehension,LV,4.0,8,0.0,4.0,4.0,N,N,08/2018,Analyst
15-1251.00,1.A.1.a.2,Written Comprehension,IM,4.0,8,0.0,4.0,4.0,N,,08/2018,Analyst
15-1251.00,1.A.1.a.2,Written Comprehension,LV,4.0,8,0.0,4.0,4.0,N,N,08/2018,Analyst
15-1251.00,1.A.1.a.3,Oral Expression,IM,3.5,8,0.189,3.1296,3.8704,N,,08/2018,Analyst
15-1251.00,1.A.1.a.3,Oral Expression,LV,3.75,8,0.1637,3.4292,4.0708,N,N,08/2018,Analyst
15-1251.00,1.A.1.a.4,Written Expression,IM,3.25,8,0.1637,2.9292,3.5708,N,,08/2018,Analyst
15-1251.00,1.A.1.a.4,Written Expression,LV,3.75,8,0.1637,3.4292,4.0708,N,N,08/2018,Analyst
15-1251.00,1.A.1.b.1,Fluency of Ideas,IM,3.0,8,0.0,3.0,3.0,N,,08/2018,Analyst
15-1251.00,1.A.1.b.1,Fluency of Ideas,LV,3.38,8,0.183,3.0164,3.7336,N,N,08/2018,Analyst
15-1251.00,1.A.1.b.2,Originality,IM,3.0,8,0.0,3.0,3.0,N,,08/2018,Analyst
15-1251.00,1.A.1.b.2,Originality,LV,3.25,8,0.1637,2.9292,3.5708,N,N,08/2018,Analyst
15-1251.00,1.A.1.b.3,Problem Sensitivity,IM,3.75,8,0.1637,3.4292,4.0708,N,,08/2018,Analyst
15-1251.00,1.A.1.b.3,Problem Sensitivity,LV,3.75,8,0.1637,3.4292,4.0708,N,N,08/2018,Analyst
15-1251.00,1.A.1.b.4,Deductive Reasoning,IM,3.75,8,0.1637,3.4292,4.0708,N,,08/2018,Analyst
15-1251.00,1.A.1.b.4,Deductive Reasoning,LV,3.88,8,0.125,3.63,4.12,N,N,08/2018,Analyst
15-1251.00,1.A.1.b.5,Inductive Reasoning,IM,3.75,8,0.1637,3.4292,4.0708,N,,08/2018,Analyst
15-1251.00,1.A.1.b.5,Inductive Reasoning,LV,3.88,8,0.125,3.63,4.12,N,N,08/2018,Analyst
15-1251.00,1.A.1.b.6,Information Ordering,IM,3.75,8,0.1637,3.4292,4.0708,N,,08/2018,Analyst
15-1251.00,1.A.1.b.6,Information Ordering,LV,4.0,8,0.0,4.0,4.0,N,N,08/2018,Analyst
15-1251.00,1.A.1.b.7,Category Flexibility,IM,2.88,8,0.125,2.63,3.12,N,,08/2018,Analyst
15-1251.00,1.A.1.b.7,Category Flexibility,LV,3.12,8,0.125,2.88,3.37,N,N,08/2018,Analyst
15-1251.00,1.A.1.c.1,Mathematical Reasoning,IM,3.12,8,0.125,2.88,3.37,N,,08/2018,Analyst
15-1251.00,1.A.1.c.1,Mathematical Reasoning,LV,3.12,8,0.125,2.88,3.37,N,N,08/2018,Analyst
15-1251.00,1.A.1.c.2,Number Facility,IM,3.12,8,0.125,2.88,3.37,N,,08/2018,Analyst
15-1251.00,1.A.1.c.2,Number Facility,LV,3.12,8,0.125,2.88,3.37,N,N,08/2018,Analyst
15-1251.00,1.A.1.d.1,Memorization,IM,2.25,8,0.1637,1.9292,2.5708,N,,08/2018,Analyst
15-1251.00,1.A.1.d.1,Memorization,LV,2.12,8,0.2266,1.6809,2.5691,N,N,08/2018,Analyst
15-1251.00,1.A.1.e.1,Speed of Closure,IM,2.0,8,0.0,2.0,2.0,N,,08/2018,Analyst
15-1251.00,1.A.1.e.1,Speed of Closure,LV,2.12,8,0.125,1.88,2.37,N,N,08/2018,Analyst
15-1251.00,1.A.1.e.2,Flexibility of Closure,IM,3.0,8,0.0,3.0,3.0,N,,08/2018,Analyst
15-1251.00,1.A.1.e.2,Flexibility of Closure,LV,3.12,8,0.125,2.88,3.37,N,N,08/2018,Analyst
15-1251.00,1.A.1.e.3,Perceptual Speed,IM,2.88,8,0.125,2.63,3.12,N,,08/2018,Analyst
15-1251.00,1.A.1.e.3,Perceptual Speed,LV,2.88,8,0.125,2.63,3.12,N,N,08/2018,Analyst
15-1251.00,1.A.1.f.1,Spatial Orientation,IM,1.0,8,0.0,1.0,1.0,N,,08/2018,Analyst
15-1251.00,1.A.1.f.1,Spatial Orientation,LV,0.0,8,0.0,0.0,0.0,N,Y,08/2018,Analyst
15-1251.00,1.A.1.f.2,Visualization,IM,2.88,8,0.125,2.63,3.12,N,,08/2018,Analyst
15-1251.00,1.A.1.f.2,Visualization,LV,2.75,8,0.1637,2.4292,3.0708,N,N,08/2018,Analyst
15-1251.00,1.A.1.g.1,Selective Attention,IM,3.12,8,0.125,2.88,3.37,N,,08/2018,Analyst
15-1251.00,1.A.1.g.1,Selective Attention,LV,3.12,8,0.125,2.88,3.37,N,N,08/2018,Analyst
15-1251.00,1.A.1.g.2,Time Sharing,IM,2.25,8,0.1637,1.9292,2.5708,N,,08/2018,Analyst
15-1251.00,1.A.1.g.2,Time Sharing,LV,2.12,8,0.125,1.88,2.37,N,N,08/2018,Analyst
15-1251.00,1.A.2.a.1,Arm-Hand Steadiness,IM,2.0,8,0.189,1.6296,2.3704,N,,08/2018,Analyst
15-1251.00,1.A.2.a.1,Arm-Hand Steadiness,LV,1.12,8,0.2266,0.6809,1.5691,N,N,08/2018,Analyst
15-1251.00,1.A.2.a.2,Manual Dexterity,IM,2.0,8,0.189,1.6296,2.3704,N,,08/2018,Analyst
15-1251.00,1.A.2.a.2,Manual Dexterity,LV,1.0,8,0.189,0.6296,1.3704,N,N,08/2018,Analyst
15-1251.00,1.A.2.a.3,Finger Dexterity,IM,2.25,8,0.1637,1.9292,2.5708,N,,08/2018,Analyst
15-1251.00,1.A.2.a.3,Finger Dexterity,LV,1.88,8,0.125,1.63,2.12,N,N,08/2018,Analyst
15-1251.00,1.A.2.b.1,Control Precision,IM,1.88,8,0.125,1.63,2.12,N,,08/2018,Analyst
15-1251.00,1.A.2.b.1,Control Precision,LV,1.12,8,0.2266,0.6809,1.5691,N,N,08/2018,Analyst
15-1251.00,1.A.2.b.2,Multilimb Coordination,IM,1.0,8,0.0,1.0,1.0,N,,08/2018,Analyst
15-1251.00,1.A.2.b.2,Multilimb Coordination,LV,0.0,8,0.0,0.0,0.0,N,Y,08/2018,Analyst
15-1251.00,1.A.2.b.3,Response Orientation,IM,1.0,8,0.0,1.0,1.0,N,,08/2018,Analyst
15-1251.00,1.A.2.b.3,Response Orientation,LV,0.0,8,0.0,0.0,0.0,N,Y,08/2018,Analyst
15-1251.00,1.A.2.b.4,Rate Control,IM,1.0,8,0.0,1.0,1.0,N,,08/2018,Analyst
15-1251.00,1.A.2.b.4,Rate Control,LV,0.0,8,0.0,0.0,0.0,N,Y,08/2018,Analyst
15-1251.00,1.A.2.c.1,Reaction Time,IM,1.0,8,0.0,1.0,1.0,N,,08/2018,Analyst
15-1251.00,1.A.2.c.1,Reaction Time,LV,0.0,8,0.0,0.0,0.0,N,Y,08/2018,Analyst
15-1251.00,1.A.2.c.2,Wrist-Finger Speed,IM,1.38,8,0.183,1.0164,1.7336,N,,08/2018,Analyst
15-1251.00,1.A.2.c.2,Wrist-Finger Speed,LV,0.62,8,0.3239,0.0,1.2598,N,N,08/2018,Analyst
15-1251.00,1.A.2.c.3,Speed of Limb Movement,IM,1.0,8,0.0,1.0,1.0,N,,08/2018,Analyst
15-1251.00,1.A.2.c.3,Speed of Limb Movement,LV,0.0,8,0.0,0.0,0.0,N,Y,08/2018,Analyst
15-1251.00,1.A.3.a.1,Static Strength,IM,1.0,8,0.0,1.0,1.0,N,,08/2018,Analyst
15-1251.00,1.A.3.a.1,Static Strength,LV,0.0,8,0.0,0.0,0.0,N,Y,08/2018,Analyst
15-1251.00,1.A.3.a.2,Explosive Strength,IM,1.0,8,0.0,1.0,1.0,N,,08/2018,Analyst
15-1251.00,1.A.3.a.2,Explosive Strength,LV,0.0,8,0.0,0.0,0.0,N,Y,08/2018,Analyst
15-1251.00,1.A.3.a.3,Dynamic Strength,IM,1.25,8,0.1637,1.0,1.5708,N,,08/2018,Analyst
15-1251.00,1.A.3.a.3,Dynamic Strength,LV,0.38,8,0.2631,0.0,0.8906,N,Y,08/2018,Analyst
15-1251.00,1.A.3.a.4,Trunk Strength,IM,1.62,8,0.2631,1.1094,2.1406,N,,08/2018,Analyst
15-1251.00,1.A.3.a.4,Trunk Strength,LV,0.75,8,0.3134,0.1358,1.3642,N,N,08/2018,Analyst
15-1251.00,1.A.3.b.1,Stamina,IM,1.0,8,0.0,1.0,1.0,N,,08/2018,Analyst
15-1251.00,1.A.3.b.1,Stamina,LV,0.0,8,0.0,0.0,0.0,N,Y,08/2018,Analyst
15-1251.00,1.A.3.c.1,Extent Flexibility,IM,1.0,8,0.0,1.0,1.0,N,,08/2018,Analyst
15-1251.00,1.A.3.c.1,Extent Flexibility,LV,0.0,8,0.0,0.0,0.0,N,Y,08/2018,Analyst
15-1251.00,1.A.3.c.2,Dynamic Flexibility,IM,1.0,8,0.0,1.0,1.0,N,,08/2018,Analyst
15-1251.00,1.A.3.c.2,Dynamic Flexibility,LV,0.0,8,0.0,0.0,0.0,N,Y,08/2018,Analyst
15-1251.00,1.A.3.c.3,Gross Body Coordination,IM,1.0,8,0.0,1.0,1.0,N,,08/2018,Analyst
15-1251.00,1.A.3.c.3,Gross Body Coordination,LV,0.0,8,0.0,0.0,0.0,N,Y,08/2018,Analyst
15-1251.00,1.A.3.c.4,Gross Body Equilibrium,IM,1.0,8,0.0,1.0,1.0,N,,08/2018,Analyst
15-1251.00,1.A.3.c.4,Gross Body Equilibrium,LV,0.0,8,0.0,0.0,0.0,N,Y,08/2018,Analyst
15-1251.00,1.A.4.a.1,Near Vision,IM,3.88,8,0.125,3.63,4.12,N,,08/2018,Analyst
15-1251.00,1.A.4.a.1,Near Vision,LV,3.88,8,0.125,3.63,4.12,N,N,08/2018,Analyst
15-1251.00,1.A.4.a.2,Far Vision,IM,2.5,8,0.189,2.1296,2.8704,N,,08/2018,Analyst
15-1251.00,1.A.4.a.2,Far Vision,LV,2.25,8,0.25,1.76,2.74,N,N,08/2018,Analyst
15-1251.00,1.A.4.a.3,Visual Color Discrimination,IM,2.0,8,0.0,2.0,2.0,N,,08/2018,Analyst
15-1251.00,1.A.4.a.3,Visual Color Discrimination,LV,2.0,8,0.189,1.6296,2.3704,N,N,08/2018,Analyst
15-1251.00,1.A.4.a.4,Night Vision,IM,1.0,8,0.0,1.0,1.0,N,,08/2018,Analyst
15-1251.00,1.A.4.a.4,Night Vision,LV,0.0,8,0.0,0.0,0.0,N,Y,08/2018,Analyst
15-1251.00,1.A.4.a.5,Peripheral Vision,IM,1.0,8,0.0,1.0,1.0,N,,08/2018,Analyst
15-1251.00,1.A.4.a.5,Peripheral Vision,LV,0.0,8,0.0,0.0,0.0,N,Y,08/2018,Analyst
15-1251.00,1.A.4.a.6,Depth Perception,IM,1.5,8,0.189,1.1296,1.8704,N,,08/2018,Analyst
15-1251.00,1.A.4.a.6,Depth Perception,LV,0.88,8,0.3504,0.1883,1.5617,N,N,08/2018,Analyst
15-1251.00,1.A.4.a.7,Glare Sensitivity,IM,1.0,8,0.0,1.0,1.0,N,,08/2018,Analyst
15-1251.00,1.A.4.a.7,Glare Sensitivity,LV,0.0,8,0.0,0.0,0.0,N,Y,08/2018,Analyst
15-1251.00,1.A.4.b.1,Hearing Sensitivity,IM,1.75,8,0.1637,1.4292,2.0708,N,,08/2018,Analyst
15-1251.00,1.A.4.b.1,Hearing Sensitivity,LV,1.12,8,0.295,0.5467,1.7033,N,N,08/2018,Analyst
15-1251.00,1.A.4.b.2,Auditory Attention,IM,2.0,8,0.0,2.0,2.0,N,,08/2018,Analyst
15-1251.00,1.A.4.b.2,Auditory Attention,LV,1.5,8,0.189,1.1296,1.8704,N,N,08/2018,Analyst
15-1251.00,1.A.4.b.3,Sound Localization,IM,1.0,8,0.0,1.0,1.0,N,,08/2018,Analyst
15-1251.00,1.A.4.b.3,Sound Localization,LV,0.0,8,0.0,0.0,0.0,N,Y,08/2018,Analyst
15-1251.00,1.A.4.b.4,Speech Recognition,IM,3.25,8,0.1637,2.9292,3.5708,N,,08/2018,Analyst
15-1251.00,1.A.4.b.4,Speech Recognition,LV,3.0,8,0.0,3.0,3.0,N,N,08/2018,Analyst
15-1251.00,1.A.4.b.5,Speech Clarity,IM,3.12,8,0.125,2.88,3.37,N,,08/2018,Analyst
15-1251.00,1.A.4.b.5,Speech Clarity,LV,3.12,8,0.125,2.88,3.37,N,N,08/2018,Analyst
15-1253.00,1.A.1.a.1,Oral Comprehension,IM,4.0,8,0.0,4.0,4.0,N,,08/2022,Analyst
15-1253.00,1.A.1.a.1,Oral Comprehension,LV,4.12,8,0.125,3.88,4.37,N,N,08/2022,Analyst
15-1253.00,1.A.1.a.2,Written Comprehension,IM,4.0,8,0.0,4.0,4.0,N,,08/2022,Analyst
15-1253.00,1.A.1.a.2,Written Comprehension,LV,4.12,8,0.125,3.88,4.37,N,N,08/2022,Analyst
15-1253.00,1.A.1.a.3,Oral Expression,IM,4.0,8,0.0,4.0,4.0,N,,08/2022,Analyst
15-1253.00,1.A.1.a.3,Oral Expression,LV,4.12,8,0.125,3.88,4.37,N,N,08/2022,Analyst
15-1253.00,1.A.1.a.4,Written Expression,IM,3.88,8,0.125,3.63,4.12,N,,08/2022,Analyst
15-1253.00,1.A.1.a.4,Written Expression,LV,3.88,8,0.125,3.63,4.12,N,N,08/2022,Analyst
15-1253.00,1.A.1.b.1,Fluency of Ideas,IM,3.0,8,0.0,3.0,3.0,N,,08/2022,Analyst
15-1253.00,1.A.1.b.1,Fluency of Ideas,LV,3.12,8,0.125,2.88,3.37,N,N,08/2022,Analyst
15-1253.00,1.A.1.b.2,Originality,IM,3.0,8,0.0,3.0,3.0,N,,08/2022,Analyst
15-1253.00,1.A.1.b.2,Originality,LV,3.0,8,0.0,3.0,3.0,N,N,08/2022,Analyst
15-1253.00,1.A.1.b.3,Problem Sensitivity,IM,4.0,8,0.0,4.0,4.0,N,,08/2022,Analyst
15-1253.00,1.A.1.b.3,Problem Sensitivity,LV,4.12,8,0.125,3.88,4.37,N,N,08/2022,Analyst
15-1253.00,1.A.1.b.4,Deductive Reasoning,IM,4.0,8,0.0,4.0,4.0,N,,08/2022,Analyst
15-1253.00,1.A.1.b.4,Deductive Reasoning,LV,4.0,8,0.0,4.0,4.0,N,N,08/2022,Analyst
15-1253.00,1.A.1.b.5,Inductive Reasoning,IM,4.0,8,0.0,4.0,4.0,N,,08/2022,Analyst
15-1253.00,1.A.1.b.5,Inductive Reasoning,LV,4.0,8,0.0,4.0,4.0,N,N,08/2022,Analyst
15-1253.00,1.A.1.b.6,Information Ordering,IM,3.75,8,0.1637,3.4292,4.0708,N,,08/2022,Analyst
15-1253.00,1.A.1.b.6,Information Ordering,LV,4.0,8,0.0,4.0,4.0,N,N,08/2022,Analyst
15-1253.00,1.A.1.b.7,Category Flexibility,IM,3.12,8,0.125,2.88,3.37,N,,08/2022,Analyst
15-1253.00,1.A.1.b.7,Category Flexibility,LV,3.12,8,0.125,2.88,3.37,N,N,08/2022,Analyst
15-1253.00,1.A.1.c.1,Mathematical Reasoning,IM,2.88,8,0.125,2.63,3.12,N,,08/2022,Analyst
15-1253.00,1.A.1.c.1,Mathematical Reasoning,LV,3.0,8,0.0,3.0,3.0,N,N,08/2022,Analyst
15-1253.00,1.A.1.c.2,Number Facility,IM,2.38,8,0.183,2.0164,2.7336,N,,08/2022,Analyst
15-1253.00,1.A.1.c.2,Number Facility,LV,2.38,8,0.183,2.0164,2.7336,N,N,08/2022,Analyst
15-1253.00,1.A.1.d.1,Memorization,IM,2.25,8,0.1637,1.9292,2.5708,N,,08/2022,Analyst
15-1253.00,1.A.1.d.1,Memorization,LV,2.25,8,0.1637,1.9292,2.5708,N,N,08/2022,Analyst
15-1253.00,1.A.1.e.1,Speed of Closure,IM,2.25,8,0.1637,1.9292,2.5708,N,,08/2022,Analyst
15-1253.00,1.A.1.e.1,Speed of Closure,LV,2.5,8,0.2673,1.9762,3.0238,N,N,08/2022,Analyst
15-1253.00,1.A.1.e.2,Flexibility of Closure,IM,3.12,8,0.125,2.88,3.37,N,,08/2022,Analyst
15-1253.00,1.A.1.e.2,Flexibility of Closure,LV,3.38,8,0.2631,2.8594,3.8906,N,N,08/2022,Analyst
15-1253.00,1.A.1.e.3,Perceptual Speed,IM,3.12,8,0.125,2.88,3.37,N,,08/2022,Analyst
15-1253.00,1.A.1.e.3,Perceptual Speed,LV,3.12,8,0.125,2.88,3.37,N,N,08/2022,Analyst
15-1253.00,1.A.1.f.1,Spatial Orientation,IM,1.0,8,0.0,1.0,1.0,N,,08/2022,Analyst
15-1253.00,1.A.1.f.1,Spatial Orientation,LV,0.0,8,0.0,0.0,0.0,N,Y,08/2022,Analyst
15-1253.00,1.A.1.f.2,Visualization,IM,2.62,8,0.183,2.2664,2.9836,N,,08/2022,Analyst
15-1253.00,1.A.1.f.2,Visualization,LV,2.75,8,0.1637,2.4292,3.0708,N,N,08/2022,Analyst
15-1253.00,1.A.1.g.1,Selective Attention,IM,3.0,8,0.0,3.0,3.0,N,,08/2022,Analyst
15-1253.00,1.A.1.g.1,Selective Attention,LV,3.0,8,0.0,3.0,3.0,N,N,08/2022,Analyst
15-1253.00,1.A.1.g.2,Time Sharing,IM,2.75,8,0.1637,2.4292,3.0708,N,,08/2022,Analyst
15-1253.00,1.A.1.g.2,Time Sharing,LV,2.5,8,0.189,2.1296,2.8704,N,N,08/2022,Analyst
15-1253.00,1.A.2.a.1,Arm-Hand Steadiness,IM,1.88,8,0.125,1.63,2.12,N,,08/2022,Analyst
15-1253.00,1.A.2.a.1,Arm-Hand Steadiness,LV,1.62,8,0.2631,1.1094,2.1406,N,N,08/2022,Analyst
15-1253.00,1.A.2.a.2,Manual Dexterity,IM,2.0,8,0.0,2.0,2.0,N,,08/2022,Analyst
15-1253.00,1.A.2.a.2,Manual Dexterity,LV,1.88,8,0.125,1.63,2.12,N,N,08/2022,Analyst
15-1253.00,1.A.2.a.3,Finger Dexterity,IM,2.0,8,0.0,2.0,2.0,N,,08/2022,Analyst
15-1253.00,1.A.2.a.3,Finger Dexterity,LV,2.0,8,0.0,2.0,2.0,N,N,08/2022,Analyst
15-1253.00,1.A.2.b.1,Control Precision,IM,1.88,8,0.125,1.63,2.12,N,,08/2022,Analyst
15-1253.00,1.A.2.b.1,Control Precision,LV,1.5,8,0.2673,0.9762,2.0238,N,N,08/2022,Analyst
15-1253.00,1.A.2.b.2,Multilimb Coordination,IM,1.0,8,0.0,1.0,1.0,N,,08/2022,Analyst
15-1253.00,1.A.2.b.2,Multilimb Coordination,LV,0.0,8,0.0,0.0,0.0,N,Y,08/2022,Analyst
15-1253.00,1.A.2.b.3,Response Orientation,IM,1.0,8,0.0,1.0,1.0,N,,08/2022,Analyst
15-1253.00,1.A.2.b.3,Response Orientation,LV,0.0,8,0.0,0.0,0.0,N,Y,08/2022,Analyst
15-1253.00,1.A.2.b.4,Rate Control,IM,1.0,8,0.0,1.0,1.0,N,,08/2022,Analyst
15-1253.00,1.A.2.b.4,Rate Control,LV,0.0,8,0.0,0.0,0.0,N,Y,08/2022,Analyst
15-1253.00,1.A.2.c.1,Reaction Time,IM,1.0,8,0.0,1.0,1.0,N,,08/2022,Analyst
15-1253.00,1.A.2.c.1,Reaction Time,LV,0.0,8,0.0,0.0,0.0,N,Y,08/2022,Analyst
15-1253.00,1.A.2.c.2,Wrist-Finger Speed,IM,1.88,8,0.125,1.63,2.12,N,,08/2022,Analyst
15-1253.00,1.A.2.c.2,Wrist-Finger Speed,LV,1.0,8,0.189,0.6296,1.3704,N,N,08/2022,Analyst
15-1253.00,1.A.2.c.3,Speed of Limb Movement,IM,1.0,8,0.0,1.0,1.0,N,,08/2022,Analyst
15-1253.00,1.A.2.c.3,Speed of Limb Movement,LV,0.0,8,0.0,0.0,0.0,N,Y,08/2022,Analyst
15-1253.00,1.A.3.a.1,Static Strength,IM,1.0,8,0.0,1.0,1.0,N,,08/2022,Analyst
15-1253.00,1.A.3.a.1,Static Strength,LV,0.0,8,0.0,0.0,0.0,N,Y,08/2022,Analyst
15-1253.00,1.A.3.a.2,Explosive Strength,IM,1.0,8,0.0,1.0,1.0,N,,08/2022,Analyst
15-1253.00,1.A.3.a.2,Explosive Strength,LV,0.0,8,0.0,0.0,0.0,N,Y,08/2022,Analyst
15-1253.00,1.A.3.a.3,Dynamic Strength,IM,1.38,8,0.183,1.0164,1.7336,N,,08/2022,Analyst
15-1253.00,1.A.3.a.3,Dynamic Strength,LV,0.38,8,0.183,0.0164,0.7336,N,N,08/2022,Analyst
15-1253.00,1.A.3.a.4,Trunk Strength,IM,1.75,8,0.1637,1.4292,2.0708,N,,08/2022,Analyst
15-1253.00,1.A.3.a.4,Trunk Strength,LV,1.38,8,0.3239,0.7402,2.0098,N,N,08/2022,Analyst
15-1253.00,1.A.3.b.1,Stamina,IM,1.0,8,0.0,1.0,1.0,N,,08/2022,Analyst
15-1253.00,1.A.3.b.1,Stamina,LV,0.0,8,0.0,0.0,0.0,N,Y,08/2022,Analyst
15-1253.00,1.A.3.c.1,Extent Flexibility,IM,1.0,8,0.0,1.0,1.0,N,,08/2022,Analyst
15-1253.00,1.A.3.c.1,Extent Flexibility,LV,0.0,8,0.0,0.0,0.0,N,Y,08/2022,Analyst
15-1253.00,1.A.3.c.2,Dynamic Flexibility,IM,1.0,8,0.0,1.0,1.0,N,,08/2022,Analyst
15-1253.00,1.A.3.c.2,Dynamic Flexibility,LV,0.0,8,0.0,0.0,0.0,N,Y,08/2022,Analyst
15-1253.00,1.A.3.c.3,Gross Body Coordination,IM,1.0,8,0.0,1.0,1.0,N,,08/2022,Analyst
15-1253.00,1.A.3.c.3,Gross Body Coordination,LV,0.0,8,0.0,0.0,0.0,N,Y,08/2022,Analyst
15-1253.00,1.A.3.c.4,Gross Body Equilibrium,IM,1.0,8,0.0,1.0,1.0,N,,08/2022,Analyst
15-1253.00,1.A.3.c.4,Gross Body Equilibrium,LV,0.0,8,0.0,0.0,0.0,N,Y,08/2022,Analyst
15-1253.00,1.A.4.a.1,Near Vision,IM,3.62,8,0.183,3.2664,3.9836,N,,08/2022,Analyst
15-1253.00,1.A.4.a.1,Near Vision,LV,3.62,8,0.183,3.2664,3.9836,N,N,08/2022,Analyst
15-1253.00,1.A.4.a.2,Far Vision,IM,2.38,8,0.183,2.0164,2.7336,N,,08/2022,Analyst
15-1253.00,1.A.4.a.2,Far Vision,LV,2.5,8,0.189,2.1296,2.8704,N,N,08/2022,Analyst
15-1253.00,1.A.4.a.3,Visual Color Discrimination,IM,1.88,8,0.125,1.63,2.12,N,,08/2022,Analyst
15-1253.00,1.A.4.a.3,Visual Color Discrimination,LV,1.88,8,0.295,1.2967,2.4533,N,N,08/2022,Analyst
15-1253.00,1.A.4.a.4,Night Vision,IM,1.0,8,0.0,1.0,1.0,N,,08/2022,Analyst
15-1253.00,1.A.4.a.4,Night Vision,LV,0.0,8,0.0,0.0,0.0,N,Y,08/2022,Analyst
15-1253.00,1.A.4.a.5,Peripheral Vision,IM,1.0,8,0.0,1.0,1.0,N,,08/2022,Analyst
15-1253.00,1.A.4.a.5,Peripheral Vision,LV,0.0,8,0.0,0.0,0.0,N,Y,08/2022,Analyst
15-1253.00,1.A.4.a.6,Depth Perception,IM,1.5,8,0.189,1.1296,1.8704,N,,08/2022,Analyst
15-1253.00,1.A.4.a.6,Depth Perception,LV,0.62,8,0.2631,0.1094,1.1406,N,N,08/2022,Analyst
15-1253.00,1.A.4.a.7,Glare Sensitivity,IM,1.0,8,0.0,1.0,1.0,N,,08/2022,Analyst
15-1253.00,1.A.4.a.7,Glare Sensitivity,LV,0.0,8,0.0,0.0,0.0,N,Y,08/2022,Analyst
15-1253.00,1.A.4.b.1,Hearing Sensitivity,IM,1.88,8,0.125,1.63,2.12,N,,08/2022,Analyst
15-1253.00,1.A.4.b.1,Hearing Sensitivity,LV,1.75,8,0.25,1.26,2.24,N,N,08/2022,Analyst
15-1253.00,1.A.4.b.2,Auditory Attention,IM,2.0,8,0.0,2.0,2.0,N,,08/2022,Analyst
15-1253.00,1.A.4.b.2,Auditory Attention,LV,2.0,8,0.0,2.0,2.0,N,N,08/2022,Analyst
15-1253.00,1.A.4.b.3,Sound Localization,IM,1.0,8,0.0,1.0,1.0,N,,08/2022,Analyst
15-1253.00,1.A.4.b.3,Sound Localization,LV,0.0,8,0.0,0.0,0.0,N,Y,08/2022,Analyst
15-1253.00,1.A.4.b.4,Speech Recognition,IM,3.25,8,0.1637,2.9292,3.5708,N,,08/2022,Analyst
15-1253.00,1.A.4.b.4,Speech Recognition,LV,3.12,8,0.125,2.88,3.37,N,N,08/2022,Analyst
15-1253.00,1.A.4.b.5,Speech Clarity,IM,3.0,8,0.0,3.0,3.0,N,,08/2022,Analyst
15-1253.00,1.A.4.b.5,Speech Clarity,LV,3.0,8,0.0,3.0,3.0,N,N,08/2022,Analyst
15-1254.00,1.A.1.a.1,Oral Comprehension,IM,3.75,8,0.1637,3.4292,4.0708,N,,07/2017,Analyst
15-1254.00,1.A.1.a.1,Oral Comprehension,LV,4.0,8,0.0,4.0,4.0,N,N,07/2017,Analyst
15-1254.00,1.A.1.a.2,Written Comprehension,IM,3.62,8,0.183,3.2664,3.9836,N,,07/2017,Analyst
15-1254.00,1.A.1.a.2,Written Comprehension,LV,3.88,8,0.125,3.63,4.12,N,N,07/2017,Analyst
15-1254.00,1.A.1.a.3,Oral Expression,IM,3.25,8,0.1637,2.9292,3.5708,N,,07/2017,Analyst
15-1254.00,1.A.1.a.3,Oral Expression,LV,4.0,8,0.0,4.0,4.0,N,N,07/2017,Analyst
15-1254.00,1.A.1.a.4,Written Expression,IM,3.12,8,0.125,2.88,3.37,N,,07/2017,Analyst
15-1254.00,1.A.1.a.4,Written Expression,LV,3.62,8,0.183,3.2664,3.9836,N,N,07/2017,Analyst
15-1254.00,1.A.1.b.1,Fluency of Ideas,IM,3.25,8,0.1637,2.9292,3.5708,N,,07/2017,Analyst
15-1254.00,1.A.1.b.1,Fluency of Ideas,LV,3.62,8,0.183,3.2664,3.9836,N,N,07/2017,Analyst
15-1254.00,1.A.1.b.2,Originality,IM,3.12,8,0.125,2.88,3.37,N,,07/2017,Analyst
15-1254.00,1.A.1.b.2,Originality,LV,3.62,8,0.183,3.2664,3.9836,N,N,07/2017,Analyst
15-1254.00,1.A.1.b.3,Problem Sensitivity,IM,3.62,8,0.183,3.2664,3.9836,N,,07/2017,Analyst
15-1254.00,1.A.1.b.3,Problem Sensitivity,LV,3.75,8,0.1637,3.4292,4.0708,N,N,07/2017,Analyst
15-1254.00,1.A.1.b.4,Deductive Reasoning,IM,3.88,8,0.125,3.63,4.12,N,,07/2017,Analyst
15-1254.00,1.A.1.b.4,Deductive Reasoning,LV,4.0,8,0.0,4.0,4.0,N,N,07/2017,Analyst
15-1254.00,1.A.1.b.5,Inductive Reasoning,IM,3.5,8,0.189,3.1296,3.8704,N,,07/2017,Analyst
15-1254.00,1.A.1.b.5,Inductive Reasoning,LV,3.38,8,0.183,3.0164,3.7336,N,N,07/2017,Analyst
15-1254.00,1.A.1.b.6,Information Ordering,IM,3.5,8,0.189,3.1296,3.8704,N,,07/2017,Analyst
15-1254.00,1.A.1.b.6,Information Ordering,LV,3.75,8,0.1637,3.4292,4.0708,N,N,07/2017,Analyst
15-1254.00,1.A.1.b.7,Category Flexibility,IM,3.25,8,0.1637,2.9292,3.5708,N,,07/2017,Analyst
15-1254.00,1.A.1.b.7,Category Flexibility,LV,3.5,8,0.189,3.1296,3.8704,N,N,07/2017,Analyst
15-1254.00,1.A.1.c.1,Mathematical Reasoning,IM,3.12,8,0.125,2.88,3.37,N,,07/2017,Analyst
15-1254.00,1.A.1.c.1,Mathematical Reasoning,LV,2.88,8,0.125,2.63,3.12,N,N,07/2017,Analyst
15-1254.00,1.A.1.c.2,Number Facility,IM,2.75,8,0.25,2.26,3.24,N,,07/2017,Analyst
15-1254.00,1.A.1.c.2,Number Facility,LV,3.0,8,0.0,3.0,3.0,N,N,07/2017,Analyst
15-1254.00,1.A.1.d.1,Memorization,IM,2.5,8,0.189,2.1296,2.8704,N,,07/2017,Analyst
15-1254.00,1.A.1.d.1,Memorization,LV,2.38,8,0.183,2.0164,2.7336,N,N,07/2017,Analyst
15-1254.00,1.A.1.e.1,Speed of Closure,IM,2.88,8,0.125,2.63,3.12,N,,07/2017,Analyst
15-1254.00,1.A.1.e.1,Speed of Closure,LV,3.12,8,0.125,2.88,3.37,N,N,07/2017,Analyst
15-1254.00,1.A.1.e.2,Flexibility of Closure,IM,3.12,8,0.125,2.88,3.37,N,,07/2017,Analyst
15-1254.00,1.A.1.e.2,Flexibility of Closure,LV,3.38,8,0.183,3.0164,3.7336,N,N,07/2017,Analyst
15-1254.00,1.A.1.e.3,Perceptual Speed,IM,3.0,8,0.0,3.0,3.0,N,,07/2017,Analyst
15-1254.00,1.A.1.e.3,Perceptual Speed,LV,3.12,8,0.125,2.88,3.37,N,N,07/2017,Analyst
15-1254.00,1.A.1.f.1,Spatial Orientation,IM,1.0,8,0.0,1.0,1.0,N,,07/2017,Analyst
15-1254.00,1.A.1.f.1,Spatial Orientation,LV,0.0,8,0.0,0.0,0.0,N,Y,07/2017,Analyst
15-1254.00,1.A.1.f.2,Visualization,IM,3.12,8,0.125,2.88,3.37,N,,07/2017,Analyst
15-1254.00,1.A.1.f.2,Visualization,LV,3.62,8,0.183,3.2664,3.9836,N,N,07/2017,Analyst
15-1254.00,1.A.1.g.1,Selective Attention,IM,3.12,8,0.2266,2.6809,3.5691,N,,07/2017,Analyst
15-1254.00,1.A.1.g.1,Selective Attention,LV,3.25,8,0.1637,2.9292,3.5708,N,N,07/2017,Analyst
15-1254.00,1.A.1.g.2,Time Sharing,IM,1.88,8,0.125,1.63,2.12,N,,07/2017,Analyst
15-1254.00,1.A.1.g.2,Time Sharing,LV,1.75,8,0.25,1.26,2.24,N,N,07/2017,Analyst
15-1254.00,1.A.2.a.1,Arm-Hand Steadiness,IM,2.0,8,0.0,2.0,2.0,N,,07/2017,Analyst
15-1254.00,1.A.2.a.1,Arm-Hand Steadiness,LV,1.88,8,0.125,1.63,2.12,N,N,07/2017,Analyst
15-1254.00,1.A.2.a.2,Manual Dexterity,IM,2.0,8,0.0,2.0,2.0,N,,07/2017,Analyst
15-1254.00,1.A.2.a.2,Manual Dexterity,LV,2.0,8,0.0,2.0,2.0,N,N,07/2017,Analyst
15-1254.00,1.A.2.a.3,Finger Dexterity,IM,2.75,8,0.1637,2.4292,3.0708,N,,07/2017,Analyst
15-1254.00,1.A.2.a.3,Finger Dexterity,LV,3.0,8,0.0,3.0,3.0,N,N,07/2017,Analyst
15-1254.00,1.A.2.b.1,Control Precision,IM,1.88,8,0.125,1.63,2.12,N,,07/2017,Analyst
15-1254.00,1.A.2.b.1,Control Precision,LV,1.62,8,0.2631,1.1094,2.1406,N,N,07/2017,Analyst
15-1254.00,1.A.2.b.2,Multilimb Coordination,IM,1.0,8,0.0,1.0,1.0,N,,07/2017,Analyst
15-1254.00,1.A.2.b.2,Multilimb Coordination,LV,0.0,8,0.0,0.0,0.0,N,Y,07/2017,Analyst
15-1254.00,1.A.2.b.3,Response Orientation,IM,1.12,8,0.125,1.0,1.37,N,,07/2017,Analyst
15-1254.00,1.A.2.b.3,Response Orientation,LV,0.12,8,0.125,0.0,0.37,N,Y,07/2017,Analyst
15-1254.00,1.A.2.b.4,Rate Control,IM,1.0,8,0.0,1.0,1.0,N,,07/2017,Analyst
15-1254.00,1.A.2.b.4,Rate Control,LV,0.0,8,0.0,0.0,0.0,N,Y,07/2017,Analyst
15-1254.00,1.A.2.c.1,Reaction Time,IM,1.0,8,0.0,1.0,1.0,N,,07/2017,Analyst
15-1254.00,1.A.2.c.1,Reaction Time,LV,0.0,8,0.0,0.0,0.0,N,Y,07/2017,Analyst
15-1254.00,1.A.2.c.2,Wrist-Finger Speed,IM,2.0,8,0.189,1.6296,2.3704,N,,07/2017,Analyst
15-1254.00,1.A.2.c.2,Wrist-Finger Speed,LV,1.0,8,0.189,0.6296,1.3704,N,N,07/2017,Analyst
15-1254.00,1.A.2.c.3,Speed of Limb Movement,IM,1.0,8,0.0,1.0,1.0,N,,07/2017,Analyst
15-1254.00,1.A.2.c.3,Speed of Limb Movement,LV,0.0,8,0.0,0.0,0.0,N,Y,07/2017,Analyst
15-1254.00,1.A.3.a.1,Static Strength,IM,1.0,8,0.0,1.0,1.0,N,,07/2017,Analyst
15-1254.00,1.A.3.a.1,Static Strength,LV,0.0,8,0.0,0.0,0.0,N,Y,07/2017,Analyst
15-1254.00,1.A.3.a.2,Explosive Strength,IM,1.0,8,0.0,1.0,1.0,N,,07/2017,Analyst
15-1254.00,1.A.3.a.2,Explosive Strength,LV,0.0,8,0.0,0.0,0.0,N,Y,07/2017,Analyst
15-1254.00,1.A.3.a.3,Dynamic Strength,IM,1.25,8,0.1637,1.0,1.5708,N,,07/2017,Analyst
15-1254.00,1.A.3.a.3,Dynamic Strength,LV,0.38,8,0.2631,0.0,0.8906,N,Y,07/2017,Analyst
15-1254.00,1.A.3.a.4,Trunk Strength,IM,1.88,8,0.125,1.63,2.12,N,,07/2017,Analyst
15-1254.00,1.A.3.a.4,Trunk Strength,LV,1.12,8,0.2266,0.6809,1.5691,N,N,07/2017,Analyst
15-1254.00,1.A.3.b.1,Stamina,IM,1.0,8,0.0,1.0,1.0,N,,07/2017,Analyst
15-1254.00,1.A.3.b.1,Stamina,LV,0.0,8,0.0,0.0,0.0,N,Y,07/2017,Analyst
15-1254.00,1.A.3.c.1,Extent Flexibility,IM,1.0,8,0.0,1.0,1.0,N,,07/2017,Analyst
15-1254.00,1.A.3.c.1,Extent Flexibility,LV,0.0,8,0.0,0.0,0.0,N,Y,07/2017,Analyst
15-1254.00,1.A.3.c.2,Dynamic Flexibility,IM,1.0,8,0.0,1.0,1.0,N,,07/2017,Analyst
15-1254.00,1.A.3.c.2,Dynamic Flexibility,LV,0.0,8,0.0,0.0,0.0,N,Y,07/2017,Analyst
15-1254.00,1.A.3.c.3,Gross Body Coordination,IM,1.0,8,0.0,1.0,1.0,N,,07/2017,Analyst
15-1254.00,1.A.3.c.3,Gross Body Coordination,LV,0.0,8,0.0,0.0,0.0,N,Y,07/2017,Analyst
15-1254.00,1.A.3.c.4,Gross Body Equilibrium,IM,1.0,8,0.0,1.0,1.0,N,,07/2017,Analyst
15-1254.00,1.A.3.c.4,Gross Body Equilibrium,LV,0.0,8,0.0,0.0,0.0,N,Y,07/2017,Analyst
15-1254.00,1.A.4.a.1,Near Vision,IM,3.62,8,0.183,3.2664,3.9836,N,,07/2017,Analyst
15-1254.00,1.A.4.a.1,Near Vision,LV,4.0,8,0.0,4.0,4.0,N,N,07/2017,Analyst
15-1254.00,1.A.4.a.2,Far Vision,IM,2.38,8,0.183,2.0164,2.7336,N,,07/2017,Analyst
15-1254.00,1.A.4.a.2,Far Vision,LV,2.5,8,0.189,2.1296,2.8704,N,N,07/2017,Analyst
15-1254.00,1.A.4.a.3,Visual Color Discrimination,IM,2.62,8,0.3239,1.9902,3.2598,N,,07/2017,Analyst
15-1254.00,1.A.4.a.3,Visual Color Discrimination,LV,2.5,8,0.378,1.7592,3.2408,N,N,07/2017,Analyst
15-1254.00,1.A.4.a.4,Night Vision,IM,1.0,8,0.0,1.0,1.0,N,,07/2017,Analyst
15-1254.00,1.A.4.a.4,Night Vision,LV,0.0,8,0.0,0.0,0.0,N,Y,07/2017,Analyst
15-1254.00,1.A.4.a.5,Peripheral Vision,IM,1.0,8,0.0,1.0,1.0,N,,07/2017,Analyst
15-1254.00,1.A.4.a.5,Peripheral Vision,LV,0.0,8,0.0,0.0,0.0,N,Y,07/2017,Analyst
15-1254.00,1.A.4.a.6,Depth Perception,IM,1.75,8,0.1637,1.4292,2.0708,N,,07/2017,Analyst
15-1254.00,1.A.4.a.6,Depth Perception,LV,0.75,8,0.1637,0.4292,1.0708,N,N,07/2017,Analyst
15-1254.00,1.A.4.a.7,Glare Sensitivity,IM,1.0,8,0.0,1.0,1.0,N,,07/2017,Analyst
15-1254.00,1.A.4.a.7,Glare Sensitivity,LV,0.0,8,0.0,0.0,0.0,N,Y,07/2017,Analyst
15-1254.00,1.A.4.b.1,Hearing Sensitivity,IM,1.75,8,0.1637,1.4292,2.0708,N,,07/2017,Analyst
15-1254.00,1.A.4.b.1,Hearing Sensitivity,LV,1.5,8,0.3273,0.8584,2.1416,N,N,07/2017,Analyst
15-1254.00,1.A.4.b.2,Auditory Attention,IM,1.88,8,0.125,1.63,2.12,N,,07/2017,Analyst
15-1254.00,1.A.4.b.2,Auditory Attention,LV,1.75,8,0.3134,1.1358,2.3642,N,N,07/2017,Analyst
15-1254.00,1.A.4.b.3,Sound Localization,IM,1.0,8,0.0,1.0,1.0,N,,07/2017,Analyst
15-1254.00,1.A.4.b.3,Sound Localization,LV,0.0,8,0.0,0.0,0.0,N,Y,07/2017,Analyst
15-1254.00,1.A.4.b.4,Speech Recognition,IM,3.38,8,0.183,3.0164,3.7336,N,,07/2017,Analyst
15-1254.00,1.A.4.b.4,Speech Recognition,LV,3.62,8,0.183,3.2664,3.9836,N,N,07/2017,Analyst
15-1254.00,1.A.4.b.5,Speech Clarity,IM,3.38,8,0.183,3.0164,3.7336,N,,07/2017,Analyst
15-1254.00,1.A.4.b.5,Speech Clarity,LV,3.12,8,0.125,2.88,3.37,N,N,07/2017,Analyst
15-1255.01,1.A.1.a.1,Oral Comprehension,IM,3.88,8,0.125,3.63,4.12,N,,08/2022,Analyst
15-1255.01,1.A.1.a.1,Oral Comprehension,LV,4.0,8,0.0,4.0,4.0,N,N,08/2022,Analyst
15-1255.01,1.A.1.a.2,Written Comprehension,IM,4.0,8,0.0,4.0,4.0,N,,08/2022,Analyst
15-1255.01,1.A.1.a.2,Written Comprehension,LV,3.88,8,0.125,3.63,4.12,N,N,08/2022,Analyst
15-1255.01,1.A.1.a.3,Oral Expression,IM,3.75,8,0.1637,3.4292,4.0708,N,,08/2022,Analyst
15-1255.01,1.A.1.a.3,Oral Expression,LV,4.0,8,0.0,4.0,4.0,N,N,08/2022,Analyst
15-1255.01,1.A.1.a.4,Written Expression,IM,3.88,8,0.125,3.63,4.12,N,,08/2022,Analyst
15-1255.01,1.A.1.a.4,Written Expression,LV,3.88,8,0.125,3.63,4.12,N,N,08/2022,Analyst
15-1255.01,1.A.1.b.1,Fluency of Ideas,IM,4.12,8,0.125,3.88,4.37,N,,08/2022,Analyst
15-1255.01,1.A.1.b.1,Fluency of Ideas,LV,4.12,8,0.125,3.88,4.37,N,N,08/2022,Analyst
15-1255.01,1.A.1.b.2,Originality,IM,4.0,8,0.0,4.0,4.0,N,,08/2022,Analyst
15-1255.01,1.A.1.b.2,Originality,LV,4.12,8,0.125,3.88,4.37,N,N,08/2022,Analyst
15-1255.01,1.A.1.b.3,Problem Sensitivity,IM,3.75,8,0.1637,3.4292,4.0708,N,,08/2022,Analyst
15-1255.01,1.A.1.b.3,Problem Sensitivity,LV,3.88,8,0.125,3.63,4.12,N,N,08/2022,Analyst
15-1255.01,1.A.1.b.4,Deductive Reasoning,IM,3.75,8,0.1637,3.4292,4.0708,N,,08/2022,Analyst
15-1255.01,1.A.1.b.4,Deductive Reasoning,LV,3.88,8,0.125,3.63,4.12,N,N,08/2022,Analyst
15-1255.01,1.A.1.b.5,Inductive Reasoning,IM,3.75,8,0.1637,3.4292,4.0708,N,,08/2022,Analyst
15-1255.01,1.A.1.b.5,Inductive Reasoning,LV,4.0,8,0.0,4.0,4.0,N,N,08/2022,Analyst
15-1255.01,1.A.1.b.6,Information Ordering,IM,3.88,8,0.125,3.63,4.12,N,,08/2022,Analyst
15-1255.01,1.A.1.b.6,Information Ordering,LV,3.88,8,0.125,3.63,4.12,N,N,08/2022,Analyst
15-1255.01,1.A.1.b.7,Category Flexibility,IM,3.0,8,0.0,3.0,3.0,N,,08/2022,Analyst
15-1255.01,1.A.1.b.7,Category Flexibility,LV,3.38,8,0.183,3.0164,3.7336,N,N,08/2022,Analyst
15-1255.01,1.A.1.c.1,Mathematical Reasoning,IM,2.88,8,0.125,2.63,3.12,N,,08/2022,Analyst
15-1255.01,1.A.1.c.1,Mathematical Reasoning,LV,3.0,8,0.0,3.0,3.0,N,N,08/2022,Analyst
15-1255.01,1.A.1.c.2,Number Facility,IM,2.88,8,0.125,2.63,3.12,N,,08/2022,Analyst
15-1255.01,1.A.1.c.2,Number Facility,LV,3.0,8,0.0,3.0,3.0,N,N,08/2022,Analyst
15-1255.01,1.A.1.d.1,Memorization,IM,2.62,8,0.183,2.2664,2.9836,N,,08/2022,Analyst
15-1255.01,1.A.1.d.1,Memorization,LV,2.75,8,0.1637,2.4292,3.0708,N,N,08/2022,Analyst
15-1255.01,1.A.1.e.1,Speed of Closure,IM,2.75,8,0.1637,2.4292,3.0708,N,,08/2022,Analyst
15-1255.01,1.A.1.e.1,Speed of Closure,LV,2.88,8,0.125,2.63,3.12,N,N,08/2022,Analyst
15-1255.01,1.A.1.e.2,Flexibility of Closure,IM,3.0,8,0.189,2.6296,3.3704,N,,08/2022,Analyst
15-1255.01,1.A.1.e.2,Flexibility of Closure,LV,3.12,8,0.125,2.88,3.37,N,N,08/2022,Analyst
15-1255.01,1.A.1.e.3,Perceptual Speed,IM,3.0,8,0.0,3.0,3.0,N,,08/2022,Analyst
15-1255.01,1.A.1.e.3,Perceptual Speed,LV,2.88,8,0.125,2.63,3.12,N,N,08/2022,Analyst
15-1255.01,1.A.1.f.1,Spatial Orientation,IM,1.0,8,0.0,1.0,1.0,N,,08/2022,Analyst
15-1255.01,1.A.1.f.1,Spatial Orientation,LV,0.0,8,0.0,0.0,0.0,N,Y,08/2022,Analyst
15-1255.01,1.A.1.f.2,Visualization,IM,3.25,8,0.1637,2.9292,3.5708,N,,08/2022,Analyst
15-1255.01,1.A.1.f.2,Visualization,LV,3.75,8,0.1637,3.4292,4.0708,N,N,08/2022,Analyst
15-1255.01,1.A.1.g.1,Selective Attention,IM,3.38,8,0.183,3.0164,3.7336,N,,08/2022,Analyst
15-1255.01,1.A.1.g.1,Selective Attention,LV,3.75,8,0.1637,3.4292,4.0708,N,N,08/2022,Analyst
15-1255.01,1.A.1.g.2,Time Sharing,IM,2.62,8,0.183,2.2664,2.9836,N,,08/2022,Analyst
15-1255.01,1.A.1.g.2,Time Sharing,LV,2.62,8,0.183,2.2664,2.9836,N,N,08/2022,Analyst
15-1255.01,1.A.2.a.1,Arm-Hand Steadiness,IM,2.12,8,0.125,1.88,2.37,N,,08/2022,Analyst
15-1255.01,1.A.2.a.1,Arm-Hand Steadiness,LV,2.12,8,0.125,1.88,2.37,N,N,08/2022,Analyst
15-1255.01,1.A.2.a.2,Manual Dexterity,IM,2.0,8,0.0,2.0,2.0,N,,08/2022,Analyst
15-1255.01,1.A.2.a.2,Manual Dexterity,LV,2.0,8,0.0,2.0,2.0,N,N,08/2022,Analyst
15-1255.01,1.A.2.a.3,Finger Dexterity,IM,2.62,8,0.183,2.2664,2.9836,N,,08/2022,Analyst
15-1255.01,1.A.2.a.3,Finger Dexterity,LV,2.38,8,0.183,2.0164,2.7336,N,N,08/2022,Analyst
15-1255.01,1.A.2.b.1,Control Precision,IM,2.0,8,0.0,2.0,2.0,N,,08/2022,Analyst
15-1255.01,1.A.2.b.1,Control Precision,LV,2.12,8,0.125,1.88,2.37,N,N,08/2022,Analyst
15-1255.01,1.A.2.b.2,Multilimb Coordination,IM,1.0,8,0.0,1.0,1.0,N,,08/2022,Analyst
15-1255.01,1.A.2.b.2,Multilimb Coordination,LV,0.0,8,0.0,0.0,0.0,N,Y,08/2022,Analyst
15-1255.01,1.A.2.b.3,Response Orientation,IM,1.0,8,0.0,1.0,1.0,N,,08/2022,Analyst
15-1255.01,1.A.2.b.3,Response Orientation,LV,0.0,8,0.0,0.0,0.0,N,Y,08/2022,Analyst
15-1255.01,1.A.2.b.4,Rate Control,IM,1.0,8,0.0,1.0,1.0,N,,08/2022,Analyst
15-1255.01,1.A.2.b.4,Rate Control,LV,0.0,8,0.0,0.0,0.0,N,Y,08/2022,Analyst
15-1255.01,1.A.2.c.1,Reaction Time,IM,1.0,8,0.0,1.0,1.0,N,,08/2022,Analyst
15-1255.01,1.A.2.c.1,Reaction Time,LV,0.0,8,0.0,0.0,0.0,N,Y,08/2022,Analyst
15-1255.01,1.A.2.c.2,Wrist-Finger Speed,IM,1.5,8,0.189,1.1296,1.8704,N,,08/2022,Analyst
15-1255.01,1.A.2.c.2,Wrist-Finger Speed,LV,0.62,8,0.2631,0.1094,1.1406,N,N,08/2022,Analyst
15-1255.01,1.A.2.c.3,Speed of Limb Movement,IM,1.0,8,0.0,1.0,1.0,N,,08/2022,Analyst
15-1255.01,1.A.2.c.3,Speed of Limb Movement,LV,0.0,8,0.0,0.0,0.0,N,Y,08/2022,Analyst
15-1255.01,1.A.3.a.1,Static Strength,IM,1.0,8,0.0,1.0,1.0,N,,08/2022,Analyst
15-1255.01,1.A.3.a.1,Static Strength,LV,0.0,8,0.0,0.0,0.0,N,Y,08/2022,Analyst
15-1255.01,1.A.3.a.2,Explosive Strength,IM,1.0,8,0.0,1.0,1.0,N,,08/2022,Analyst
15-1255.01,1.A.3.a.2,Explosive Strength,LV,0.0,8,0.0,0.0,0.0,N,Y,08/2022,Analyst
15-1255.01,1.A.3.a.3,Dynamic Strength,IM,1.12,8,0.125,1.0,1.37,N,,08/2022,Analyst
15-1255.01,1.A.3.a.3,Dynamic Strength,LV,0.12,8,0.125,0.0,0.37,N,Y,08/2022,Analyst
15-1255.01,1.A.3.a.4,Trunk Strength,IM,1.62,8,0.183,1.2664,1.9836,N,,08/2022,Analyst
15-1255.01,1.A.3.a.4,Trunk Strength,LV,0.88,8,0.295,0.2967,1.4533,N,N,08/2022,Analyst
15-1255.01,1.A.3.b.1,Stamina,IM,1.0,8,0.0,1.0,1.0,N,,08/2022,Analyst
15-1255.01,1.A.3.b.1,Stamina,LV,0.0,8,0.0,0.0,0.0,N,Y,08/2022,Analyst
15-1255.01,1.A.3.c.1,Extent Flexibility,IM,1.0,8,0.0,1.0,1.0,N,,08/2022,Analyst
15-1255.01,1.A.3.c.1,Extent Flexibility,LV,0.0,8,0.0,0.0,0.0,N,Y,08/2022,Analyst
15-1255.01,1.A.3.c.2,Dynamic Flexibility,IM,1.0,8,0.0,1.0,1.0,N,,08/2022,Analyst
15-1255.01,1.A.3.c.2,Dynamic Flexibility,LV,0.0,8,0.0,0.0,0.0,N,Y,08/2022,Analyst
15-1255.01,1.A.3.c.3,Gross Body Coordination,IM,1.0,8,0.0,1.0,1.0,N,,08/2022,Analyst
15-1255.01,1.A.3.c.3,Gross Body Coordination,LV,0.0,8,0.0,0.0,0.0,N,Y,08/2022,Analyst
15-1255.01,1.A.3.c.4,Gross Body Equilibrium,IM,1.0,8,0.0,1.0,1.0,N,,08/2022,Analyst
15-1255.01,1.A.3.c.4,Gross Body Equilibrium,LV,0.0,8,0.0,0.0,0.0,N,Y,08/2022,Analyst
15-1255.01,1.A.4.a.1,Near Vision,IM,4.0,8,0.0,4.0,4.0,N,,08/2022,Analyst
15-1255.01,1.A.4.a.1,Near Vision,LV,4.0,8,0.0,4.0,4.0,N,N,08/2022,Analyst
15-1255.01,1.A.4.a.2,Far Vision,IM,2.88,8,0.125,2.63,3.12,N,,08/2022,Analyst
15-1255.01,1.A.4.a.2,Far Vision,LV,3.0,8,0.0,3.0,3.0,N,N,08/2022,Analyst
15-1255.01,1.A.4.a.3,Visual Color Discrimination,IM,2.88,8,0.125,2.63,3.12,N,,08/2022,Analyst
15-1255.01,1.A.4.a.3,Visual Color Discrimination,LV,3.12,8,0.125,2.88,3.37,N,N,08/2022,Analyst
15-1255.01,1.A.4.a.4,Night Vision,IM,1.0,8,0.0,1.0,1.0,N,,08/2022,Analyst
15-1255.01,1.A.4.a.4,Night Vision,LV,0.0,8,0.0,0.0,0.0,N,Y,08/2022,Analyst
15-1255.01,1.A.4.a.5,Peripheral Vision,IM,1.0,8,0.0,1.0,1.0,N,,08/2022,Analyst
15-1255.01,1.A.4.a.5,Peripheral Vision,LV,0.0,8,0.0,0.0,0.0,N,Y,08/2022,Analyst
15-1255.01,1.A.4.a.6,Depth Perception,IM,1.62,8,0.183,1.2664,1.9836,N,,08/2022,Analyst
15-1255.01,1.A.4.a.6,Depth Perception,LV,0.62,8,0.183,0.2664,0.9836,N,N,08/2022,Analyst
15-1255.01,1.A.4.a.7,Glare Sensitivity,IM,1.0,8,0.0,1.0,1.0,N,,08/2022,Analyst
15-1255.01,1.A.4.a.7,Glare Sensitivity,LV,0.0,8,0.0,0.0,0.0,N,Y,08/2022,Analyst
15-1255.01,1.A.4.b.1,Hearing Sensitivity,IM,2.12,8,0.125,1.88,2.37,N,,08/2022,Analyst
15-1255.01,1.A.4.b.1,Hearing Sensitivity,LV,2.12,8,0.125,1.88,2.37,N,N,08/2022,Analyst
15-1255.01,1.A.4.b.2,Auditory Attention,IM,2.0,8,0.0,2.0,2.0,N,,08/2022,Analyst
15-1255.01,1.A.4.b.2,Auditory Attention,LV,1.12,8,0.125,0.88,1.37,N,N,08/2022,Analyst
15-1255.01,1.A.4.b.3,Sound Localization,IM,1.0,8,0.0,1.0,1.0,N,,08/2022,Analyst
15-1255.01,1.A.4.b.3,Sound Localization,LV,0.0,8,0.0,0.0,0.0,N,Y,08/2022,Analyst
15-1255.01,1.A.4.b.4,Speech Recognition,IM,3.25,8,0.1637,2.9292,3.5708,N,,08/2022,Analyst
15-1255.01,1.A.4.b.4,Speech Recognition,LV,3.25,8,0.1637,2.9292,3.5708,N,N,08/2022,Analyst
15-1255.01,1.A.4.b.5,Speech Clarity,IM,3.12,8,0.125,2.88,3.37,N,,08/2022,Analyst
15-1255.01,1.A.4.b.5,Speech Clarity,LV,3.12,8,0.125,2.88,3.37,N,N,08/2022,Analyst
15-1299.01,1.A.1.a.1,Oral Comprehension,IM,4.0,8,0.0,4.0,4.0,N,,08/2018,Analyst
15-1299.01,1.A.1.a.1,Oral Comprehension,LV,4.25,8,0.1637,3.9292,4.5708,N,N,08/2018,Analyst
15-1299.01,1.A.1.a.2,Written Comprehension,IM,4.0,8,0.0,4.0,4.0,N,,08/2018,Analyst
15-1299.01,1.A.1.a.2,Written Comprehension,LV,4.12,8,0.125,3.88,4.37,N,N,08/2018,Analyst
15-1299.01,1.A.1.a.3,Oral Expression,IM,3.88,8,0.125,3.63,4.12,N,,08/2018,Analyst
15-1299.01,1.A.1.a.3,Oral Expression,LV,4.12,8,0.125,3.88,4.37,N,N,08/2018,Analyst
15-1299.01,1.A.1.a.4,Written Expression,IM,3.62,8,0.183,3.2664,3.9836,N,,08/2018,Analyst
15-1299.01,1.A.1.a.4,Written Expression,LV,3.88,8,0.125,3.63,4.12,N,N,08/2018,Analyst
15-1299.01,1.A.1.b.1,Fluency of Ideas,IM,3.12,8,0.125,2.88,3.37,N,,08/2018,Analyst
15-1299.01,1.A.1.b.1,Fluency of Ideas,LV,3.12,8,0.125,2.88,3.37,N,N,08/2018,Analyst
15-1299.01,1.A.1.b.2,Originality,IM,3.0,8,0.0,3.0,3.0,N,,08/2018,Analyst
15-1299.01,1.A.1.b.2,Originality,LV,3.25,8,0.1637,2.9292,3.5708,N,N,08/2018,Analyst
15-1299.01,1.A.1.b.3,Problem Sensitivity,IM,3.88,8,0.125,3.63,4.12,N,,08/2018,Analyst
15-1299.01,1.A.1.b.3,Problem Sensitivity,LV,4.0,8,0.189,3.6296,4.3704,N,N,08/2018,Analyst
15-1299.01,1.A.1.b.4,Deductive Reasoning,IM,3.88,8,0.125,3.63,4.12,N,,08/2018,Analyst
15-1299.01,1.A.1.b.4,Deductive Reasoning,LV,4.0,8,0.0,4.0,4.0,N,N,08/2018,Analyst
15-1299.01,1.A.1.b.5,Inductive Reasoning,IM,3.75,8,0.1637,3.4292,4.0708,N,,08/2018,Analyst
15-1299.01,1.A.1.b.5,Inductive Reasoning,LV,3.88,8,0.125,3.63,4.12,N,N,08/2018,Analyst
15-1299.01,1.A.1.b.6,Information Ordering,IM,3.38,8,0.183,3.0164,3.7336,N,,08/2018,Analyst
15-1299.01,1.A.1.b.6,Information Ordering,LV,3.75,8,0.1637,3.4292,4.0708,N,N,08/2018,Analyst
15-1299.01,1.A.1.b.7,Category Flexibility,IM,3.12,8,0.125,2.88,3.37,N,,08/2018,Analyst
15-1299.01,1.A.1.b.7,Category Flexibility,LV,3.25,8,0.1637,2.9292,3.5708,N,N,08/2018,Analyst
15-1299.01,1.A.1.c.1,Mathematical Reasoning,IM,2.88,8,0.125,2.63,3.12,N,,08/2018,Analyst
15-1299.01,1.A.1.c.1,Mathematical Reasoning,LV,3.0,8,0.0,3.0,3.0,N,N,08/2018,Analyst
15-1299.01,1.A.1.c.2,Number Facility,IM,2.62,8,0.183,2.2664,2.9836,N,,08/2018,Analyst
15-1299.01,1.A.1.c.2,Number Facility,LV,2.88,8,0.125,2.63,3.12,N,N,08/2018,Analyst
15-1299.01,1.A.1.d.1,Memorization,IM,2.62,8,0.183,2.2664,2.9836,N,,08/2018,Analyst
15-1299.01,1.A.1.d.1,Memorization,LV,3.0,8,0.189,2.6296,3.3704,N,N,08/2018,Analyst
15-1299.01,1.A.1.e.1,Speed of Closure,IM,2.88,8,0.125,2.63,3.12,N,,08/2018,Analyst
15-1299.01,1.A.1.e.1,Speed of Closure,LV,2.88,8,0.125,2.63,3.12,N,N,08/2018,Analyst
15-1299.01,1.A.1.e.2,Flexibility of Closure,IM,3.0,8,0.0,3.0,3.0,N,,08/2018,Analyst
15-1299.01,1.A.1.e.2,Flexibility of Closure,LV,3.12,8,0.125,2.88,3.37,N,N,08/2018,Analyst
15-1299.01,1.A.1.e.3,Perceptual Speed,IM,2.75,8,0.1637,2.4292,3.0708,N,,08/2018,Analyst
15-1299.01,1.A.1.e.3,Perceptual Speed,LV,2.88,8,0.125,2.63,3.12,N,N,08/2018,Analyst
15-1299.01,1.A.1.f.1,Spatial Orientation,IM,1.0,8,0.0,1.0,1.0,N,,08/2018,Analyst
15-1299.01,1.A.1.f.1,Spatial Orientation,LV,0.0,8,0.0,0.0,0.0,N,Y,08/2018,Analyst
15-1299.01,1.A.1.f.2,Visualization,IM,2.88,8,0.125,2.63,3.12,N,,08/2018,Analyst
15-1299.01,1.A.1.f.2,Visualization,LV,2.88,8,0.125,2.63,3.12,N,N,08/2018,Analyst
15-1299.01,1.A.1.g.1,Selective Attention,IM,2.88,8,0.125,2.63,3.12,N,,08/2018,Analyst
15-1299.01,1.A.1.g.1,Selective Attention,LV,3.0,8,0.189,2.6296,3.3704,N,N,08/2018,Analyst
15-1299.01,1.A.1.g.2,Time Sharing,IM,2.25,8,0.25,1.76,2.74,N,,08/2018,Analyst
15-1299.01,1.A.1.g.2,Time Sharing,LV,1.88,8,0.295,1.2967,2.4533,N,N,08/2018,Analyst
15-1299.01,1.A.2.a.1,Arm-Hand Steadiness,IM,1.88,8,0.125,1.63,2.12,N,,08/2018,Analyst
15-1299.01,1.A.2.a.1,Arm-Hand Steadiness,LV,1.62,8,0.2631,1.1094,2.1406,N,N,08/2018,Analyst
15-1299.01,1.A.2.a.2,Manual Dexterity,IM,2.0,8,0.0,2.0,2.0,N,,08/2018,Analyst
15-1299.01,1.A.2.a.2,Manual Dexterity,LV,1.88,8,0.125,1.63,2.12,N,N,08/2018,Analyst
15-1299.01,1.A.2.a.3,Finger Dexterity,IM,2.75,8,0.1637,2.4292,3.0708,N,,08/2018,Analyst
15-1299.01,1.A.2.a.3,Finger Dexterity,LV,2.75,8,0.1637,2.4292,3.0708,N,N,08/2018,Analyst
15-1299.01,1.A.2.b.1,Control Precision,IM,1.88,8,0.125,1.63,2.12,N,,08/2018,Analyst
15-1299.01,1.A.2.b.1,Control Precision,LV,1.62,8,0.2631,1.1094,2.1406,N,N,08/2018,Analyst
15-1299.01,1.A.2.b.2,Multilimb Coordination,IM,1.0,8,0.0,1.0,1.0,N,,08/2018,Analyst
15-1299.01,1.A.2.b.2,Multilimb Coordination,LV,0.0,8,0.0,0.0,0.0,N,Y,08/2018,Analyst
15-1299.01,1.A.2.b.3,Response Orientation,IM,1.0,8,0.0,1.0,1.0,N,,08/2018,Analyst
15-1299.01,1.A.2.b.3,Response Orientation,LV,0.0,8,0.0,0.0,0.0,N,Y,08/2018,Analyst
15-1299.01,1.A.2.b.4,Rate Control,IM,1.0,8,0.0,1.0,1.0,N,,08/2018,Analyst
15-1299.01,1.A.2.b.4,Rate Control,LV,0.0,8,0.0,0.0,0.0,N,Y,08/2018,Analyst
15-1299.01,1.A.2.c.1,Reaction Time,IM,1.0,8,0.0,1.0,1.0,N,,08/2018,Analyst
15-1299.01,1.A.2.c.1,Reaction Time,LV,0.0,8,0.0,0.0,0.0,N,Y,08/2018,Analyst
15-1299.01,1.A.2.c.2,Wrist-Finger Speed,IM,1.38,8,0.183,1.0164,1.7336,N,,08/2018,Analyst
15-1299.01,1.A.2.c.2,Wrist-Finger Speed,LV,0.38,8,0.183,0.0164,0.7336,N,N,08/2018,Analyst
15-1299.01,1.A.2.c.3,Speed of Limb Movement,IM,1.0,8,0.0,1.0,1.0,N,,08/2018,Analyst
15-1299.01,1.A.2.c.3,Speed of Limb Movement,LV,0.0,8,0.0,0.0,0.0,N,Y,08/2018,Analyst
15-1299.01,1.A.3.a.1,Static Strength,IM,1.0,8,0.0,1.0,1.0,N,,08/2018,Analyst
15-1299.01,1.A.3.a.1,Static Strength,LV,0.0,8,0.0,0.0,0.0,N,Y,08/2018,Analyst
15-1299.01,1.A.3.a.2,Explosive Strength,IM,1.0,8,0.0,1.0,1.0,N,,08/2018,Analyst
15-1299.01,1.A.3.a.2,Explosive Strength,LV,0.0,8,0.0,0.0,0.0,N,Y,08/2018,Analyst
15-1299.01,1.A.3.a.3,Dynamic Strength,IM,1.12,8,0.125,1.0,1.37,N,,08/2018,Analyst
15-1299.01,1.A.3.a.3,Dynamic Strength,LV,0.12,8,0.125,0.0,0.37,N,Y,08/2018,Analyst
15-1299.01,1.A.3.a.4,Trunk Strength,IM,1.5,8,0.189,1.1296,1.8704,N,,08/2018,Analyst
15-1299.01,1.A.3.a.4,Trunk Strength,LV,0.88,8,0.3504,0.1883,1.5617,N,N,08/2018,Analyst
15-1299.01,1.A.3.b.1,Stamina,IM,1.0,8,0.0,1.0,1.0,N,,08/2018,Analyst
15-1299.01,1.A.3.b.1,Stamina,LV,0.0,8,0.0,0.0,0.0,N,Y,08/2018,Analyst
15-1299.01,1.A.3.c.1,Extent Flexibility,IM,1.0,8,0.0,1.0,1.0,N,,08/2018,Analyst
15-1299.01,1.A.3.c.1,Extent Flexibility,LV,0.0,8,0.0,0.0,0.0,N,Y,08/2018,Analyst
15-1299.01,1.A.3.c.2,Dynamic Flexibility,IM,1.0,8,0.0,1.0,1.0,N,,08/2018,Analyst
15-1299.01,1.A.3.c.2,Dynamic Flexibility,LV,0.0,8,0.0,0.0,0.0,N,Y,08/2018,Analyst
15-1299.01,1.A.3.c.3,Gross Body Coordination,IM,1.0,8,0.0,1.0,1.0,N,,08/2018,Analyst
15-1299.01,1.A.3.c.3,Gross Body Coordination,LV,0.0,8,0.0,0.0,0.0,N,Y,08/2018,Analyst
15-1299.01,1.A.3.c.4,Gross Body Equilibrium,IM,1.0,8,0.0,1.0,1.0,N,,08/2018,Analyst
15-1299.01,1.A.3.c.4,Gross Body Equilibrium,LV,0.0,8,0.0,0.0,0.0,N,Y,08/2018,Analyst
15-1299.01,1.A.4.a.1,Near Vision,IM,3.88,8,0.125,3.63,4.12,N,,08/2018,Analyst
15-1299.01,1.A.4.a.1,Near Vision,LV,3.88,8,0.125,3.63,4.12,N,N,08/2018,Analyst
15-1299.01,1.A.4.a.2,Far Vision,IM,2.62,8,0.183,2.2664,2.9836,N,,08/2018,Analyst
15-1299.01,1.A.4.a.2,Far Vision,LV,2.75,8,0.1637,2.4292,3.0708,N,N,08/2018,Analyst
15-1299.01,1.A.4.a.3,Visual Color Discrimination,IM,2.38,8,0.2631,1.8594,2.8906,N,,08/2018,Analyst
15-1299.01,1.A.4.a.3,Visual Color Discrimination,LV,2.12,8,0.3504,1.4383,2.8117,N,N,08/2018,Analyst
15-1299.01,1.A.4.a.4,Night Vision,IM,1.0,8,0.0,1.0,1.0,N,,08/2018,Analyst
15-1299.01,1.A.4.a.4,Night Vision,LV,0.0,8,0.0,0.0,0.0,N,Y,08/2018,Analyst
15-1299.01,1.A.4.a.5,Peripheral Vision,IM,1.0,8,0.0,1.0,1.0,N,,08/2018,Analyst
15-1299.01,1.A.4.a.5,Peripheral Vision,LV,0.0,8,0.0,0.0,0.0,N,Y,08/2018,Analyst
15-1299.01,1.A.4.a.6,Depth Perception,IM,1.75,8,0.1637,1.4292,2.0708,N,,08/2018,Analyst
15-1299.01,1.A.4.a.6,Depth Perception,LV,0.75,8,0.1637,0.4292,1.0708,N,N,08/2018,Analyst
15-1299.01,1.A.4.a.7,Glare Sensitivity,IM,1.0,8,0.0,1.0,1.0,N,,08/2018,Analyst
15-1299.01,1.A.4.a.7,Glare Sensitivity,LV,0.0,8,0.0,0.0,0.0,N,Y,08/2018,Analyst
15-1299.01,1.A.4.b.1,Hearing Sensitivity,IM,1.75,8,0.1637,1.4292,2.0708,N,,08/2018,Analyst
15-1299.01,1.A.4.b.1,Hearing Sensitivity,LV,1.38,8,0.3239,0.7402,2.0098,N,N,08/2018,Analyst
15-1299.01,1.A.4.b.2,Auditory Attention,IM,1.75,8,0.1637,1.4292,2.0708,N,,08/2018,Analyst
15-1299.01,1.A.4.b.2,Auditory Attention,LV,1.38,8,0.3239,0.7402,2.0098,N,N,08/2018,Analyst
15-1299.01,1.A.4.b.3,Sound Localization,IM,1.0,8,0.0,1.0,1.0,N,,08/2018,Analyst
15-1299.01,1.A.4.b.3,Sound Localization,LV,0.0,8,0.0,0.0,0.0,N,Y,08/2018,Analyst
15-1299.01,1.A.4.b.4,Speech Recognition,IM,3.25,8,0.1637,2.9292,3.5708,N,,08/2018,Analyst
15-1299.01,1.A.4.b.4,Speech Recognition,LV,3.12,8,0.125,2.88,3.37,N,N,08/2018,Analyst
15-1299.01,1.A.4.b.5,Speech Clarity,IM,3.25,8,0.25,2.76,3.74,N,,08/2018,Analyst
15-1299.01,1.A.4.b.5,Speech Clarity,LV,3.12,8,0.125,2.88,3.37,N,N,08/2018,Analyst
15-1299.02,1.A.1.a.1,Oral Comprehension,IM,3.75,8,0.1637,3.4292,4.0708,N,,08/2024,Analyst
15-1299.02,1.A.1.a.1,Oral Comprehension,LV,4.0,8,0.189,3.6296,4.3704,N,N,08/2024,Analyst
15-1299.02,1.A.1.a.2,Written Comprehension,IM,3.75,8,0.1637,3.4292,4.0708,N,,08/2024,Analyst
15-1299.02,1.A.1.a.2,Written Comprehension,LV,4.0,8,0.2673,3.4762,4.5238,N,N,08/2024,Analyst
15-1299.02,1.A.1.a.3,Oral Expression,IM,3.5,8,0.189,3.1296,3.8704,N,,08/2024,Analyst
15-1299.02,1.A.1.a.3,Oral Expression,LV,4.25,8,0.1637,3.9292,4.5708,N,N,08/2024,Analyst
15-1299.02,1.A.1.a.4,Written Expression,IM,3.25,8,0.1637,2.9292,3.5708,N,,08/2024,Analyst
15-1299.02,1.A.1.a.4,Written Expression,LV,3.5,8,0.189,3.1296,3.8704,N,N,08/2024,Analyst
15-1299.02,1.A.1.b.1,Fluency of Ideas,IM,2.88,8,0.125,2.63,3.12,N,,08/2024,Analyst
15-1299.02,1.A.1.b.1,Fluency of Ideas,LV,3.0,8,0.0,3.0,3.0,N,N,08/2024,Analyst
15-1299.02,1.A.1.b.2,Originality,IM,2.88,8,0.125,2.63,3.12,N,,08/2024,Analyst
15-1299.02,1.A.1.b.2,Originality,LV,3.0,8,0.0,3.0,3.0,N,N,08/2024,Analyst
15-1299.02,1.A.1.b.3,Problem Sensitivity,IM,3.5,8,0.189,3.1296,3.8704,N,,08/2024,Analyst
15-1299.02,1.A.1.b.3,Problem Sensitivity,LV,3.5,8,0.189,3.1296,3.8704,N,N,08/2024,Analyst
15-1299.02,1.A.1.b.4,Deductive Reasoning,IM,3.75,8,0.25,3.26,4.24,N,,08/2024,Analyst
15-1299.02,1.A.1.b.4,Deductive Reasoning,LV,3.88,8,0.295,3.2967,4.4533,N,N,08/2024,Analyst
15-1299.02,1.A.1.b.5,Inductive Reasoning,IM,3.62,8,0.2631,3.1094,4.1406,N,,08/2024,Analyst
15-1299.02,1.A.1.b.5,Inductive Reasoning,LV,3.62,8,0.2631,3.1094,4.1406,N,N,08/2024,Analyst
15-1299.02,1.A.1.b.6,Information Ordering,IM,3.62,8,0.183,3.2664,3.9836,N,,08/2024,Analyst
15-1299.02,1.A.1.b.6,Information Ordering,LV,3.62,8,0.183,3.2664,3.9836,N,N,08/2024,Analyst
15-1299.02,1.A.1.b.7,Category Flexibility,IM,3.25,8,0.1637,2.9292,3.5708,N,,08/2024,Analyst
15-1299.02,1.A.1.b.7,Category Flexibility,LV,3.38,8,0.183,3.0164,3.7336,N,N,08/2024,Analyst
15-1299.02,1.A.1.c.1,Mathematical Reasoning,IM,3.12,8,0.295,2.5467,3.7033,N,,08/2024,Analyst
15-1299.02,1.A.1.c.1,Mathematical Reasoning,LV,3.5,8,0.3273,2.8584,4.1416,N,N,08/2024,Analyst
15-1299.02,1.A.1.c.2,Number Facility,IM,3.0,8,0.2673,2.4762,3.5238,N,,08/2024,Analyst
15-1299.02,1.A.1.c.2,Number Facility,LV,3.12,8,0.2266,2.6809,3.5691,N,N,08/2024,Analyst
15-1299.02,1.A.1.d.1,Memorization,IM,2.38,8,0.183,2.0164,2.7336,N,,08/2024,Analyst
15-1299.02,1.A.1.d.1,Memorization,LV,2.25,8,0.25,1.76,2.74,N,N,08/2024,Analyst
15-1299.02,1.A.1.e.1,Speed of Closure,IM,2.38,8,0.183,2.0164,2.7336,N,,08/2024,Analyst
15-1299.02,1.A.1.e.1,Speed of Closure,LV,2.62,8,0.183,2.2664,2.9836,N,N,08/2024,Analyst
15-1299.02,1.A.1.e.2,Flexibility of Closure,IM,3.0,8,0.2673,2.4762,3.5238,N,,08/2024,Analyst
15-1299.02,1.A.1.e.2,Flexibility of Closure,LV,3.38,8,0.2631,2.8594,3.8906,N,N,08/2024,Analyst
15-1299.02,1.A.1.e.3,Perceptual Speed,IM,2.75,8,0.25,2.26,3.24,N,,08/2024,Analyst
15-1299.02,1.A.1.e.3,Perceptual Speed,LV,2.5,8,0.189,2.1296,2.8704,N,N,08/2024,Analyst
15-1299.02,1.A.1.f.1,Spatial Orientation,IM,1.62,8,0.183,1.2664,1.9836,N,,08/2024,Analyst
15-1299.02,1.A.1.f.1,Spatial Orientation,LV,0.88,8,0.295,0.2967,1.4533,N,N,08/2024,Analyst
15-1299.02,1.A.1.f.2,Visualization,IM,3.38,8,0.2631,2.8594,3.8906,N,,08/2024,Analyst
15-1299.02,1.A.1.f.2,Visualization,LV,3.25,8,0.25,2.76,3.74,N,N,08/2024,Analyst
15-1299.02,1.A.1.g.1,Selective Attention,IM,3.25,8,0.1637,2.9292,3.5708,N,,08/2024,Analyst
15-1299.02,1.A.1.g.1,Selective Attention,LV,2.88,8,0.295,2.2967,3.4533,N,N,08/2024,Analyst
15-1299.02,1.A.1.g.2,Time Sharing,IM,2.5,8,0.189,2.1296,2.8704,N,,08/2024,Analyst
15-1299.02,1.A.1.g.2,Time Sharing,LV,2.12,8,0.125,1.88,2.37,N,N,08/2024,Analyst
15-1299.02,1.A.2.a.1,Arm-Hand Steadiness,IM,2.12,8,0.125,1.88,2.37,N,,08/2024,Analyst
15-1299.02,1.A.2.a.1,Arm-Hand Steadiness,LV,1.62,8,0.183,1.2664,1.9836,N,N,08/2024,Analyst
15-1299.02,1.A.2.a.2,Manual Dexterity,IM,2.12,8,0.125,1.88,2.37,N,,08/2024,Analyst
15-1299.02,1.A.2.a.2,Manual Dexterity,LV,1.5,8,0.189,1.1296,1.8704,N,N,08/2024,Analyst
15-1299.02,1.A.2.a.3,Finger Dexterity,IM,2.0,8,0.189,1.6296,2.3704,N,,08/2024,Analyst
15-1299.02,1.A.2.a.3,Finger Dexterity,LV,1.5,8,0.3273,0.8584,2.1416,N,N,08/2024,Analyst
15-1299.02,1.A.2.b.1,Control Precision,IM,2.0,8,0.189,1.6296,2.3704,N,,08/2024,Analyst
15-1299.02,1.A.2.b.1,Control Precision,LV,1.38,8,0.3239,0.7402,2.0098,N,N,08/2024,Analyst
15-1299.02,1.A.2.b.2,Multilimb Coordination,IM,1.0,8,0.0,1.0,1.0,N,,08/2024,Analyst
15-1299.02,1.A.2.b.2,Multilimb Coordination,LV,0.0,8,0.0,0.0,0.0,N,Y,08/2024,Analyst
15-1299.02,1.A.2.b.3,Response Orientation,IM,1.12,8,0.125,1.0,1.37,N,,08/2024,Analyst
15-1299.02,1.A.2.b.3,Response Orientation,LV,0.12,8,0.125,0.0,0.37,N,Y,08/2024,Analyst
15-1299.02,1.A.2.b.4,Rate Control,IM,1.0,8,0.0,1.0,1.0,N,,08/2024,Analyst
15-1299.02,1.A.2.b.4,Rate Control,LV,0.0,8,0.0,0.0,0.0,N,Y,08/2024,Analyst
15-1299.02,1.A.2.c.1,Reaction Time,IM,1.0,8,0.0,1.0,1.0,N,,08/2024,Analyst
15-1299.02,1.A.2.c.1,Reaction Time,LV,0.0,8,0.0,0.0,0.0,N,Y,08/2024,Analyst
15-1299.02,1.A.2.c.2,Wrist-Finger Speed,IM,2.12,8,0.2266,1.6809,2.5691,N,,08/2024,Analyst
15-1299.02,1.A.2.c.2,Wrist-Finger Speed,LV,1.62,8,0.3239,0.9902,2.2598,N,N,08/2024,Analyst
15-1299.02,1.A.2.c.3,Speed of Limb Movement,IM,1.0,8,0.0,1.0,1.0,N,,08/2024,Analyst
15-1299.02,1.A.2.c.3,Speed of Limb Movement,LV,0.0,8,0.0,0.0,0.0,N,Y,08/2024,Analyst
15-1299.02,1.A.3.a.1,Static Strength,IM,1.0,8,0.0,1.0,1.0,N,,08/2024,Analyst
15-1299.02,1.A.3.a.1,Static Strength,LV,0.0,8,0.0,0.0,0.0,N,Y,08/2024,Analyst
15-1299.02,1.A.3.a.2,Explosive Strength,IM,1.0,8,0.0,1.0,1.0,N,,08/2024,Analyst
15-1299.02,1.A.3.a.2,Explosive Strength,LV,0.0,8,0.0,0.0,0.0,N,Y,08/2024,Analyst
15-1299.02,1.A.3.a.3,Dynamic Strength,IM,1.62,8,0.183,1.2664,1.9836,N,,08/2024,Analyst
15-1299.02,1.A.3.a.3,Dynamic Strength,LV,0.75,8,0.25,0.26,1.24,N,N,08/2024,Analyst
15-1299.02,1.A.3.a.4,Trunk Strength,IM,2.0,8,0.2673,1.4762,2.5238,N,,08/2024,Analyst
15-1299.02,1.A.3.a.4,Trunk Strength,LV,1.38,8,0.3239,0.7402,2.0098,N,N,08/2024,Analyst
15-1299.02,1.A.3.b.1,Stamina,IM,1.0,8,0.0,1.0,1.0,N,,08/2024,Analyst
15-1299.02,1.A.3.b.1,Stamina,LV,0.0,8,0.0,0.0,0.0,N,Y,08/2024,Analyst
15-1299.02,1.A.3.c.1,Extent Flexibility,IM,1.0,8,0.0,1.0,1.0,N,,08/2024,Analyst
15-1299.02,1.A.3.c.1,Extent Flexibility,LV,0.0,8,0.0,0.0,0.0,N,Y,08/2024,Analyst
15-1299.02,1.A.3.c.2,Dynamic Flexibility,IM,1.0,8,0.0,1.0,1.0,N,,08/2024,Analyst
15-1299.02,1.A.3.c.2,Dynamic Flexibility,LV,0.0,8,0.0,0.0,0.0,N,Y,08/2024,Analyst
15-1299.02,1.A.3.c.3,Gross Body Coordination,IM,1.0,8,0.0,1.0,1.0,N,,08/2024,Analyst
15-1299.02,1.A.3.c.3,Gross Body Coordination,LV,0.0,8,0.0,0.0,0.0,N,Y,08/2024,Analyst
15-1299.02,1.A.3.c.4,Gross Body Equilibrium,IM,1.0,8,0.0,1.0,1.0,N,,08/2024,Analyst
15-1299.02,1.A.3.c.4,Gross Body Equilibrium,LV,0.0,8,0.0,0.0,0.0,N,Y,08/2024,Analyst
15-1299.02,1.A.4.a.1,Near Vision,IM,3.62,8,0.183,3.2664,3.9836,N,,08/2024,Analyst
15-1299.02,1.A.4.a.1,Near Vision,LV,3.88,8,0.125,3.63,4.12,N,N,08/2024,Analyst
15-1299.02,1.A.4.a.2,Far Vision,IM,2.5,8,0.2673,1.9762,3.0238,N,,08/2024,Analyst
15-1299.02,1.A.4.a.2,Far Vision,LV,2.75,8,0.3134,2.1358,3.3642,N,N,08/2024,Analyst
15-1299.02,1.A.4.a.3,Visual Color Discrimination,IM,2.38,8,0.2631,1.8594,2.8906,N,,08/2024,Analyst
15-1299.02,1.A.4.a.3,Visual Color Discrimination,LV,2.12,8,0.3504,1.4383,2.8117,N,N,08/2024,Analyst
15-1299.02,1.A.4.a.4,Night Vision,IM,1.0,8,0.0,1.0,1.0,N,,08/2024,Analyst
15-1299.02,1.A.4.a.4,Night Vision,LV,0.0,8,0.0,0.0,0.0,N,Y,08/2024,Analyst
15-1299.02,1.A.4.a.5,Peripheral Vision,IM,1.0,8,0.0,1.0,1.0,N,,08/2024,Analyst
15-1299.02,1.A.4.a.5,Peripheral Vision,LV,0.0,8,0.0,0.0,0.0,N,Y,08/2024,Analyst
15-1299.02,1.A.4.a.6,Depth Perception,IM,1.38,8,0.183,1.0164,1.7336,N,,08/2024,Analyst
15-1299.02,1.A.4.a.6,Depth Perception,LV,0.62,8,0.3239,0.0,1.2598,N,N,08/2024,Analyst
15-1299.02,1.A.4.a.7,Glare Sensitivity,IM,1.0,8,0.0,1.0,1.0,N,,08/2024,Analyst
15-1299.02,1.A.4.a.7,Glare Sensitivity,LV,0.0,8,0.0,0.0,0.0,N,Y,08/2024,Analyst
15-1299.02,1.A.4.b.1,Hearing Sensitivity,IM,1.88,8,0.2266,1.4309,2.3191,N,,08/2024,Analyst
15-1299.02,1.A.4.b.1,Hearing Sensitivity,LV,1.38,8,0.3239,0.7402,2.0098,N,N,08/2024,Analyst
15-1299.02,1.A.4.b.2,Auditory Attention,IM,2.0,8,0.189,1.6296,2.3704,N,,08/2024,Analyst
15-1299.02,1.A.4.b.2,Auditory Attention,LV,1.62,8,0.2631,1.1094,2.1406,N,N,08/2024,Analyst
15-1299.02,1.A.4.b.3,Sound Localization,IM,1.12,8,0.125,1.0,1.37,N,,08/2024,Analyst
15-1299.02,1.A.4.b.3,Sound Localization,LV,0.12,8,0.125,0.0,0.37,N,Y,08/2024,Analyst
15-1299.02,1.A.4.b.4,Speech Recognition,IM,3.38,8,0.183,3.0164,3.7336,N,,08/2024,Analyst
15-1299.02,1.A.4.b.4,Speech Recognition,LV,3.38,8,0.183,3.0164,3.7336,N,N,08/2024,Analyst
15-1299.02,1.A.4.b.5,Speech Clarity,IM,3.38,8,0.183,3.0164,3.7336,N,,08/2024,Analyst
15-1299.02,1.A.4.b.5,Speech Clarity,LV,3.12,8,0.125,2.88,3.37,N,N,08/2024,Analyst
15-1299.03,1.A.1.a.1,Oral Comprehension,IM,4.0,8,0.0,4.0,4.0,N,,08/2021,Analyst
15-1299.03,1.A.1.a.1,Oral Comprehension,LV,4.0,8,0.0,4.0,4.0,N,N,08/2021,Analyst
15-1299.03,1.A.1.a.2,Written Comprehension,IM,3.88,8,0.125,3.63,4.12,N,,08/2021,Analyst
15-1299.03,1.A.1.a.2,Written Comprehension,LV,4.0,8,0.0,4.0,4.0,N,N,08/2021,Analyst
15-1299.03,1.A.1.a.3,Oral Expression,IM,4.0,8,0.0,4.0,4.0,N,,08/2021,Analyst
15-1299.03,1.A.1.a.3,Oral Expression,LV,4.0,8,0.0,4.0,4.0,N,N,08/2021,Analyst
15-1299.03,1.A.1.a.4,Written Expression,IM,3.75,8,0.1637,3.4292,4.0708,N,,08/2021,Analyst
15-1299.03,1.A.1.a.4,Written Expression,LV,4.0,8,0.0,4.0,4.0,N,N,08/2021,Analyst
15-1299.03,1.A.1.b.1,Fluency of Ideas,IM,3.0,8,0.0,3.0,3.0,N,,08/2021,Analyst
15-1299.03,1.A.1.b.1,Fluency of Ideas,LV,3.0,8,0.0,3.0,3.0,N,N,08/2021,Analyst
15-1299.03,1.A.1.b.2,Originality,IM,3.0,8,0.0,3.0,3.0,N,,08/2021,Analyst
15-1299.03,1.A.1.b.2,Originality,LV,3.0,8,0.0,3.0,3.0,N,N,08/2021,Analyst
15-1299.03,1.A.1.b.3,Problem Sensitivity,IM,3.75,8,0.1637,3.4292,4.0708,N,,08/2021,Analyst
15-1299.03,1.A.1.b.3,Problem Sensitivity,LV,3.62,8,0.183,3.2664,3.9836,N,N,08/2021,Analyst
15-1299.03,1.A.1.b.4,Deductive Reasoning,IM,3.62,8,0.183,3.2664,3.9836,N,,08/2021,Analyst
15-1299.03,1.A.1.b.4,Deductive Reasoning,LV,3.62,8,0.183,3.2664,3.9836,N,N,08/2021,Analyst
15-1299.03,1.A.1.b.5,Inductive Reasoning,IM,3.75,8,0.1637,3.4292,4.0708,N,,08/2021,Analyst
15-1299.03,1.A.1.b.5,Inductive Reasoning,LV,3.62,8,0.183,3.2664,3.9836,N,N,08/2021,Analyst
15-1299.03,1.A.1.b.6,Information Ordering,IM,3.75,8,0.1637,3.4292,4.0708,N,,08/2021,Analyst
15-1299.03,1.A.1.b.6,Information Ordering,LV,3.88,8,0.125,3.63,4.12,N,N,08/2021,Analyst
15-1299.03,1.A.1.b.7,Category Flexibility,IM,3.5,8,0.189,3.1296,3.8704,N,,08/2021,Analyst
15-1299.03,1.A.1.b.7,Category Flexibility,LV,3.25,8,0.1637,2.9292,3.5708,N,N,08/2021,Analyst
15-1299.03,1.A.1.c.1,Mathematical Reasoning,IM,2.62,8,0.183,2.2664,2.9836,N,,08/2021,Analyst
15-1299.03,1.A.1.c.1,Mathematical Reasoning,LV,2.62,8,0.183,2.2664,2.9836,N,N,08/2021,Analyst
15-1299.03,1.A.1.c.2,Number Facility,IM,2.25,8,0.1637,1.9292,2.5708,N,,08/2021,Analyst
15-1299.03,1.A.1.c.2,Number Facility,LV,2.62,8,0.183,2.2664,2.9836,N,N,08/2021,Analyst
15-1299.03,1.A.1.d.1,Memorization,IM,2.5,8,0.189,2.1296,2.8704,N,,08/2021,Analyst
15-1299.03,1.A.1.d.1,Memorization,LV,2.38,8,0.2631,1.8594,2.8906,N,N,08/2021,Analyst
15-1299.03,1.A.1.e.1,Speed of Closure,IM,2.75,8,0.1637,2.4292,3.0708,N,,08/2021,Analyst
15-1299.03,1.A.1.e.1,Speed of Closure,LV,2.62,8,0.183,2.2664,2.9836,N,N,08/2021,Analyst
15-1299.03,1.A.1.e.2,Flexibility of Closure,IM,3.12,8,0.125,2.88,3.37,N,,08/2021,Analyst
15-1299.03,1.A.1.e.2,Flexibility of Closure,LV,3.0,8,0.0,3.0,3.0,N,N,08/2021,Analyst
15-1299.03,1.A.1.e.3,Perceptual Speed,IM,2.88,8,0.125,2.63,3.12,N,,08/2021,Analyst
15-1299.03,1.A.1.e.3,Perceptual Speed,LV,2.75,8,0.1637,2.4292,3.0708,N,N,08/2021,Analyst
15-1299.03,1.A.1.f.1,Spatial Orientation,IM,1.0,8,0.0,1.0,1.0,N,,08/2021,Analyst
15-1299.03,1.A.1.f.1,Spatial Orientation,LV,0.0,8,0.0,0.0,0.0,N,Y,08/2021,Analyst
15-1299.03,1.A.1.f.2,Visualization,IM,2.62,8,0.183,2.2664,2.9836,N,,08/2021,Analyst
15-1299.03,1.A.1.f.2,Visualization,LV,2.88,8,0.125,2.63,3.12,N,N,08/2021,Analyst
15-1299.03,1.A.1.g.1,Selective Attention,IM,3.0,8,0.0,3.0,3.0,N,,08/2021,Analyst
15-1299.03,1.A.1.g.1,Selective Attention,LV,3.0,8,0.0,3.0,3.0,N,N,08/2021,Analyst
15-1299.03,1.A.1.g.2,Time Sharing,IM,2.62,8,0.183,2.2664,2.9836,N,,08/2021,Analyst
15-1299.03,1.A.1.g.2,Time Sharing,LV,2.62,8,0.183,2.2664,2.9836,N,N,08/2021,Analyst
15-1299.03,1.A.2.a.1,Arm-Hand Steadiness,IM,2.0,8,0.0,2.0,2.0,N,,08/2021,Analyst
15-1299.03,1.A.2.a.1,Arm-Hand Steadiness,LV,1.88,8,0.125,1.63,2.12,N,N,08/2021,Analyst
15-1299.03,1.A.2.a.2,Manual Dexterity,IM,2.0,8,0.0,2.0,2.0,N,,08/2021,Analyst
15-1299.03,1.A.2.a.2,Manual Dexterity,LV,1.75,8,0.1637,1.4292,2.0708,N,N,08/2021,Analyst
15-1299.03,1.A.2.a.3,Finger Dexterity,IM,2.5,8,0.189,2.1296,2.8704,N,,08/2021,Analyst
15-1299.03,1.A.2.a.3,Finger Dexterity,LV,2.25,8,0.25,1.76,2.74,N,N,08/2021,Analyst
15-1299.03,1.A.2.b.1,Control Precision,IM,2.0,8,0.0,2.0,2.0,N,,08/2021,Analyst
15-1299.03,1.A.2.b.1,Control Precision,LV,1.75,8,0.1637,1.4292,2.0708,N,N,08/2021,Analyst
15-1299.03,1.A.2.b.2,Multilimb Coordination,IM,1.0,8,0.0,1.0,1.0,N,,08/2021,Analyst
15-1299.03,1.A.2.b.2,Multilimb Coordination,LV,0.0,8,0.0,0.0,0.0,N,Y,08/2021,Analyst
15-1299.03,1.A.2.b.3,Response Orientation,IM,1.0,8,0.0,1.0,1.0,N,,08/2021,Analyst
15-1299.03,1.A.2.b.3,Response Orientation,LV,0.0,8,0.0,0.0,0.0,N,Y,08/2021,Analyst
15-1299.03,1.A.2.b.4,Rate Control,IM,1.0,8,0.0,1.0,1.0,N,,08/2021,Analyst
15-1299.03,1.A.2.b.4,Rate Control,LV,0.0,8,0.0,0.0,0.0,N,Y,08/2021,Analyst
15-1299.03,1.A.2.c.1,Reaction Time,IM,1.0,8,0.0,1.0,1.0,N,,08/2021,Analyst
15-1299.03,1.A.2.c.1,Reaction Time,LV,0.0,8,0.0,0.0,0.0,N,Y,08/2021,Analyst
15-1299.03,1.A.2.c.2,Wrist-Finger Speed,IM,1.12,8,0.125,1.0,1.37,N,,08/2021,Analyst
15-1299.03,1.A.2.c.2,Wrist-Finger Speed,LV,0.25,8,0.25,0.0,0.74,N,Y,08/2021,Analyst
15-1299.03,1.A.2.c.3,Speed of Limb Movement,IM,1.0,8,0.0,1.0,1.0,N,,08/2021,Analyst
15-1299.03,1.A.2.c.3,Speed of Limb Movement,LV,0.0,8,0.0,0.0,0.0,N,Y,08/2021,Analyst
15-1299.03,1.A.3.a.1,Static Strength,IM,1.0,8,0.0,1.0,1.0,N,,08/2021,Analyst
15-1299.03,1.A.3.a.1,Static Strength,LV,0.0,8,0.0,0.0,0.0,N,Y,08/2021,Analyst
15-1299.03,1.A.3.a.2,Explosive Strength,IM,1.0,8,0.0,1.0,1.0,N,,08/2021,Analyst
15-1299.03,1.A.3.a.2,Explosive Strength,LV,0.0,8,0.0,0.0,0.0,N,Y,08/2021,Analyst
15-1299.03,1.A.3.a.3,Dynamic Strength,IM,1.0,8,0.0,1.0,1.0,N,,08/2021,Analyst
15-1299.03,1.A.3.a.3,Dynamic Strength,LV,0.0,8,0.0,0.0,0.0,N,Y,08/2021,Analyst
15-1299.03,1.A.3.a.4,Trunk Strength,IM,1.38,8,0.183,1.0164,1.7336,N,,08/2021,Analyst
15-1299.03,1.A.3.a.4,Trunk Strength,LV,0.62,8,0.3239,0.0,1.2598,N,N,08/2021,Analyst
15-1299.03,1.A.3.b.1,Stamina,IM,1.0,8,0.0,1.0,1.0,N,,08/2021,Analyst
15-1299.03,1.A.3.b.1,Stamina,LV,0.0,8,0.0,0.0,0.0,N,Y,08/2021,Analyst
15-1299.03,1.A.3.c.1,Extent Flexibility,IM,1.0,8,0.0,1.0,1.0,N,,08/2021,Analyst
15-1299.03,1.A.3.c.1,Extent Flexibility,LV,0.0,8,0.0,0.0,0.0,N,Y,08/2021,Analyst
15-1299.03,1.A.3.c.2,Dynamic Flexibility,IM,1.0,8,0.0,1.0,1.0,N,,08/2021,Analyst
15-1299.03,1.A.3.c.2,Dynamic Flexibility,LV,0.0,8,0.0,0.0,0.0,N,Y,08/2021,Analyst
15-1299.03,1.A.3.c.3,Gross Body Coordination,IM,1.0,8,0.0,1.0,1.0,N,,08/2021,Analyst
15-1299.03,1.A.3.c.3,Gross Body Coordination,LV,0.0,8,0.0,0.0,0.0,N,Y,08/2021,Analyst
15-1299.03,1.A.3.c.4,Gross Body Equilibrium,IM,1.0,8,0.0,1.0,1.0,N,,08/2021,Analyst
15-1299.03,1.A.3.c.4,Gross Body Equilibrium,LV,0.0,8,0.0,0.0,0.0,N,Y,08/2021,Analyst
15-1299.03,1.A.4.a.1,Near Vision,IM,3.5,8,0.189,3.1296,3.8704,N,,08/2021,Analyst
15-1299.03,1.A.4.a.1,Near Vision,LV,3.88,8,0.125,3.63,4.12,N,N,08/2021,Analyst
15-1299.03,1.A.4.a.2,Far Vision,IM,2.38,8,0.183,2.0164,2.7336,N,,08/2021,Analyst
15-1299.03,1.A.4.a.2,Far Vision,LV,2.62,8,0.183,2.2664,2.9836,N,N,08/2021,Analyst
15-1299.03,1.A.4.a.3,Visual Color Discrimination,IM,2.12,8,0.125,1.88,2.37,N,,08/2021,Analyst
15-1299.03,1.A.4.a.3,Visual Color Discrimination,LV,2.12,8,0.125,1.88,2.37,N,N,08/2021,Analyst
15-1299.03,1.A.4.a.4,Night Vision,IM,1.0,8,0.0,1.0,1.0,N,,08/2021,Analyst
15-1299.03,1.A.4.a.4,Night Vision,LV,0.0,8,0.0,0.0,0.0,N,Y,08/2021,Analyst
15-1299.03,1.A.4.a.5,Peripheral Vision,IM,1.0,8,0.0,1.0,1.0,N,,08/2021,Analyst
15-1299.03,1.A.4.a.5,Peripheral Vision,LV,0.0,8,0.0,0.0,0.0,N,Y,08/2021,Analyst
15-1299.03,1.A.4.a.6,Depth Perception,IM,1.75,8,0.1637,1.4292,2.0708,N,,08/2021,Analyst
15-1299.03,1.A.4.a.6,Depth Perception,LV,0.75,8,0.1637,0.4292,1.0708,N,N,08/2021,Analyst
15-1299.03,1.A.4.a.7,Glare Sensitivity,IM,1.0,8,0.0,1.0,1.0,N,,08/2021,Analyst
15-1299.03,1.A.4.a.7,Glare Sensitivity,LV,0.0,8,0.0,0.0,0.0,N,Y,08/2021,Analyst
15-1299.03,1.A.4.b.1,Hearing Sensitivity,IM,2.0,8,0.0,2.0,2.0,N,,08/2021,Analyst
15-1299.03,1.A.4.b.1,Hearing Sensitivity,LV,1.75,8,0.1637,1.4292,2.0708,N,N,08/2021,Analyst
15-1299.03,1.A.4.b.2,Auditory Attention,IM,1.88,8,0.125,1.63,2.12,N,,08/2021,Analyst
15-1299.03,1.A.4.b.2,Auditory Attention,LV,1.38,8,0.2631,0.8594,1.8906,N,N,08/2021,Analyst
15-1299.03,1.A.4.b.3,Sound Localization,IM,1.0,8,0.0,1.0,1.0,N,,08/2021,Analyst
15-1299.03,1.A.4.b.3,Sound Localization,LV,0.0,8,0.0,0.0,0.0,N,Y,08/2021,Analyst
15-1299.03,1.A.4.b.4,Speech Recognition,IM,3.12,8,0.125,2.88,3.37,N,,08/2021,Analyst
15-1299.03,1.A.4.b.4,Speech Recognition,LV,3.12,8,0.125,2.88,3.37,N,N,08/2021,Analyst
15-1299.03,1.A.4.b.5,Speech Clarity,IM,3.0,8,0.0,3.0,3.0,N,,08/2021,Analyst
15-1299.03,1.A.4.b.5,Speech Clarity,LV,3.25,8,0.1637,2.9292,3.5708,N,N,08/2021,Analyst
15-1299.08,1.A.1.a.1,Oral Comprehension,IM,4.0,8,0.0,4.0,4.0,N,,08/2024,Analyst
15-1299.08,1.A.1.a.1,Oral Comprehension,LV,4.5,8,0.189,4.1296,4.8704,N,N,08/2024,Analyst
15-1299.08,1.A.1.a.2,Written Comprehension,IM,4.0,8,0.0,4.0,4.0,N,,08/2024,Analyst
15-1299.08,1.A.1.a.2,Written Comprehension,LV,4.12,8,0.125,3.88,4.37,N,N,08/2024,Analyst
15-1299.08,1.A.1.a.3,Oral Expression,IM,4.0,8,0.0,4.0,4.0,N,,08/2024,Analyst
15-1299.08,1.A.1.a.3,Oral Expression,LV,4.0,8,0.0,4.0,4.0,N,N,08/2024,Analyst
15-1299.08,1.A.1.a.4,Written Expression,IM,4.0,8,0.0,4.0,4.0,N,,08/2024,Analyst
15-1299.08,1.A.1.a.4,Written Expression,LV,4.25,8,0.1637,3.9292,4.5708,N,N,08/2024,Analyst
15-1299.08,1.A.1.b.1,Fluency of Ideas,IM,3.38,8,0.183,3.0164,3.7336,N,,08/2024,Analyst
15-1299.08,1.A.1.b.1,Fluency of Ideas,LV,3.88,8,0.125,3.63,4.12,N,N,08/2024,Analyst
15-1299.08,1.A.1.b.2,Originality,IM,3.75,8,0.1637,3.4292,4.0708,N,,08/2024,Analyst
15-1299.08,1.A.1.b.2,Originality,LV,3.88,8,0.125,3.63,4.12,N,N,08/2024,Analyst
15-1299.08,1.A.1.b.3,Problem Sensitivity,IM,4.0,8,0.0,4.0,4.0,N,,08/2024,Analyst
15-1299.08,1.A.1.b.3,Problem Sensitivity,LV,4.12,8,0.125,3.88,4.37,N,N,08/2024,Analyst
15-1299.08,1.A.1.b.4,Deductive Reasoning,IM,4.0,8,0.0,4.0,4.0,N,,08/2024,Analyst
15-1299.08,1.A.1.b.4,Deductive Reasoning,LV,4.12,8,0.125,3.88,4.37,N,N,08/2024,Analyst
15-1299.08,1.A.1.b.5,Inductive Reasoning,IM,4.0,8,0.0,4.0,4.0,N,,08/2024,Analyst
15-1299.08,1.A.1.b.5,Inductive Reasoning,LV,4.0,8,0.0,4.0,4.0,N,N,08/2024,Analyst
15-1299.08,1.A.1.b.6,Information Ordering,IM,3.88,8,0.125,3.63,4.12,N,,08/2024,Analyst
15-1299.08,1.A.1.b.6,Information Ordering,LV,4.0,8,0.0,4.0,4.0,N,N,08/2024,Analyst
15-1299.08,1.A.1.b.7,Category Flexibility,IM,3.25,8,0.1637,2.9292,3.5708,N,,08/2024,Analyst
15-1299.08,1.A.1.b.7,Category Flexibility,LV,3.88,8,0.125,3.63,4.12,N,N,08/2024,Analyst
15-1299.08,1.A.1.c.1,Mathematical Reasoning,IM,3.12,8,0.125,2.88,3.37,N,,08/2024,Analyst
15-1299.08,1.A.1.c.1,Mathematical Reasoning,LV,3.12,8,0.125,2.88,3.37,N,N,08/2024,Analyst
15-1299.08,1.A.1.c.2,Number Facility,IM,3.12,8,0.125,2.88,3.37,N,,08/2024,Analyst
15-1299.08,1.A.1.c.2,Number Facility,LV,3.12,8,0.125,2.88,3.37,N,N,08/2024,Analyst
15-1299.08,1.A.1.d.1,Memorization,IM,2.88,8,0.125,2.63,3.12,N,,08/2024,Analyst
15-1299.08,1.A.1.d.1,Memorization,LV,2.88,8,0.125,2.63,3.12,N,N,08/2024,Analyst
15-1299.08,1.A.1.e.1,Speed of Closure,IM,2.75,8,0.1637,2.4292,3.0708,N,,08/2024,Analyst
15-1299.08,1.A.1.e.1,Speed of Closure,LV,2.88,8,0.125,2.63,3.12,N,N,08/2024,Analyst
15-1299.08,1.A.1.e.2,Flexibility of Closure,IM,3.12,8,0.125,2.88,3.37,N,,08/2024,Analyst
15-1299.08,1.A.1.e.2,Flexibility of Closure,LV,3.12,8,0.125,2.88,3.37,N,N,08/2024,Analyst
15-1299.08,1.A.1.e.3,Perceptual Speed,IM,3.0,8,0.0,3.0,3.0,N,,08/2024,Analyst
15-1299.08,1.A.1.e.3,Perceptual Speed,LV,3.0,8,0.0,3.0,3.0,N,N,08/2024,Analyst
15-1299.08,1.A.1.f.1,Spatial Orientation,IM,1.0,8,0.0,1.0,1.0,N,,08/2024,Analyst
15-1299.08,1.A.1.f.1,Spatial Orientation,LV,0.0,8,0.0,0.0,0.0,N,Y,08/2024,Analyst
15-1299.08,1.A.1.f.2,Visualization,IM,2.88,8,0.125,2.63,3.12,N,,08/2024,Analyst
15-1299.08,1.A.1.f.2,Visualization,LV,3.12,8,0.125,2.88,3.37,N,N,08/2024,Analyst
15-1299.08,1.A.1.g.1,Selective Attention,IM,3.0,8,0.0,3.0,3.0,N,,08/2024,Analyst
15-1299.08,1.A.1.g.1,Selective Attention,LV,3.0,8,0.0,3.0,3.0,N,N,08/2024,Analyst
15-1299.08,1.A.1.g.2,Time Sharing,IM,2.12,8,0.125,1.88,2.37,N,,08/2024,Analyst
15-1299.08,1.A.1.g.2,Time Sharing,LV,2.12,8,0.125,1.88,2.37,N,N,08/2024,Analyst
15-1299.08,1.A.2.a.1,Arm-Hand Steadiness,IM,1.88,8,0.125,1.63,2.12,N,,08/2024,Analyst
15-1299.08,1.A.2.a.1,Arm-Hand Steadiness,LV,1.5,8,0.2673,0.9762,2.0238,N,N,08/2024,Analyst
15-1299.08,1.A.2.a.2,Manual Dexterity,IM,1.88,8,0.125,1.63,2.12,N,,08/2024,Analyst
15-1299.08,1.A.2.a.2,Manual Dexterity,LV,1.38,8,0.2631,0.8594,1.8906,N,N,08/2024,Analyst
15-1299.08,1.A.2.a.3,Finger Dexterity,IM,2.0,8,0.0,2.0,2.0,N,,08/2024,Analyst
15-1299.08,1.A.2.a.3,Finger Dexterity,LV,2.0,8,0.0,2.0,2.0,N,N,08/2024,Analyst
15-1299.08,1.A.2.b.1,Control Precision,IM,1.88,8,0.125,1.63,2.12,N,,08/2024,Analyst
15-1299.08,1.A.2.b.1,Control Precision,LV,1.38,8,0.2631,0.8594,1.8906,N,N,08/2024,Analyst
15-1299.08,1.A.2.b.2,Multilimb Coordination,IM,1.0,8,0.0,1.0,1.0,N,,08/2024,Analyst
15-1299.08,1.A.2.b.2,Multilimb Coordination,LV,0.0,8,0.0,0.0,0.0,N,Y,08/2024,Analyst
15-1299.08,1.A.2.b.3,Response Orientation,IM,1.0,8,0.0,1.0,1.0,N,,08/2024,Analyst
15-1299.08,1.A.2.b.3,Response Orientation,LV,0.0,8,0.0,0.0,0.0,N,Y,08/2024,Analyst
15-1299.08,1.A.2.b.4,Rate Control,IM,1.38,8,0.183,1.0164,1.7336,N,,08/2024,Analyst
15-1299.08,1.A.2.b.4,Rate Control,LV,0.38,8,0.183,0.0164,0.7336,N,N,08/2024,Analyst
15-1299.08,1.A.2.c.1,Reaction Time,IM,1.38,8,0.183,1.0164,1.7336,N,,08/2024,Analyst
15-1299.08,1.A.2.c.1,Reaction Time,LV,0.38,8,0.183,0.0164,0.7336,N,N,08/2024,Analyst
15-1299.08,1.A.2.c.2,Wrist-Finger Speed,IM,1.62,8,0.183,1.2664,1.9836,N,,08/2024,Analyst
15-1299.08,1.A.2.c.2,Wrist-Finger Speed,LV,0.62,8,0.183,0.2664,0.9836,N,N,08/2024,Analyst
15-1299.08,1.A.2.c.3,Speed of Limb Movement,IM,1.0,8,0.0,1.0,1.0,N,,08/2024,Analyst
15-1299.08,1.A.2.c.3,Speed of Limb Movement,LV,0.0,8,0.0,0.0,0.0,N,Y,08/2024,Analyst
15-1299.08,1.A.3.a.1,Static Strength,IM,1.0,8,0.0,1.0,1.0,N,,08/2024,Analyst
15-1299.08,1.A.3.a.1,Static Strength,LV,0.0,8,0.0,0.0,0.0,N,Y,08/2024,Analyst
15-1299.08,1.A.3.a.2,Explosive Strength,IM,1.0,8,0.0,1.0,1.0,N,,08/2024,Analyst
15-1299.08,1.A.3.a.2,Explosive Strength,LV,0.0,8,0.0,0.0,0.0,N,Y,08/2024,Analyst
15-1299.08,1.A.3.a.3,Dynamic Strength,IM,1.25,8,0.1637,1.0,1.5708,N,,08/2024,Analyst
15-1299.08,1.A.3.a.3,Dynamic Strength,LV,0.25,8,0.1637,0.0,0.5708,N,Y,08/2024,Analyst
15-1299.08,1.A.3.a.4,Trunk Strength,IM,1.75,8,0.1637,1.4292,2.0708,N,,08/2024,Analyst
15-1299.08,1.A.3.a.4,Trunk Strength,LV,1.12,8,0.295,0.5467,1.7033,N,N,08/2024,Analyst
15-1299.08,1.A.3.b.1,Stamina,IM,1.0,8,0.0,1.0,1.0,N,,08/2024,Analyst
15-1299.08,1.A.3.b.1,Stamina,LV,0.0,8,0.0,0.0,0.0,N,Y,08/2024,Analyst
15-1299.08,1.A.3.c.1,Extent Flexibility,IM,1.38,8,0.183,1.0164,1.7336,N,,08/2024,Analyst
15-1299.08,1.A.3.c.1,Extent Flexibility,LV,0.38,8,0.183,0.0164,0.7336,N,N,08/2024,Analyst
15-1299.08,1.A.3.c.2,Dynamic Flexibility,IM,1.0,8,0.0,1.0,1.0,N,,08/2024,Analyst
15-1299.08,1.A.3.c.2,Dynamic Flexibility,LV,0.0,8,0.0,0.0,0.0,N,Y,08/2024,Analyst
15-1299.08,1.A.3.c.3,Gross Body Coordination,IM,1.0,8,0.0,1.0,1.0,N,,08/2024,Analyst
15-1299.08,1.A.3.c.3,Gross Body Coordination,LV,0.0,8,0.0,0.0,0.0,N,Y,08/2024,Analyst
15-1299.08,1.A.3.c.4,Gross Body Equilibrium,IM,1.0,8,0.0,1.0,1.0,N,,08/2024,Analyst
15-1299.08,1.A.3.c.4,Gross Body Equilibrium,LV,0.0,8,0.0,0.0,0.0,N,Y,08/2024,Analyst
15-1299.08,1.A.4.a.1,Near Vision,IM,3.5,8,0.189,3.1296,3.8704,N,,08/2024,Analyst
15-1299.08,1.A.4.a.1,Near Vision,LV,3.62,8,0.183,3.2664,3.9836,N,N,08/2024,Analyst
15-1299.08,1.A.4.a.2,Far Vision,IM,2.62,8,0.183,2.2664,2.9836,N,,08/2024,Analyst
15-1299.08,1.A.4.a.2,Far Vision,LV,2.75,8,0.1637,2.4292,3.0708,N,N,08/2024,Analyst
15-1299.08,1.A.4.a.3,Visual Color Discrimination,IM,2.0,8,0.189,1.6296,2.3704,N,,08/2024,Analyst
15-1299.08,1.A.4.a.3,Visual Color Discrimination,LV,1.75,8,0.25,1.26,2.24,N,N,08/2024,Analyst
15-1299.08,1.A.4.a.4,Night Vision,IM,1.0,8,0.0,1.0,1.0,N,,08/2024,Analyst
15-1299.08,1.A.4.a.4,Night Vision,LV,0.0,8,0.0,0.0,0.0,N,Y,08/2024,Analyst
15-1299.08,1.A.4.a.5,Peripheral Vision,IM,1.0,8,0.0,1.0,1.0,N,,08/2024,Analyst
15-1299.08,1.A.4.a.5,Peripheral Vision,LV,0.0,8,0.0,0.0,0.0,N,Y,08/2024,Analyst
15-1299.08,1.A.4.a.6,Depth Perception,IM,1.62,8,0.183,1.2664,1.9836,N,,08/2024,Analyst
15-1299.08,1.A.4.a.6,Depth Perception,LV,0.62,8,0.183,0.2664,0.9836,N,N,08/2024,Analyst
15-1299.08,1.A.4.a.7,Glare Sensitivity,IM,1.0,8,0.0,1.0,1.0,N,,08/2024,Analyst
15-1299.08,1.A.4.a.7,Glare Sensitivity,LV,0.0,8,0.0,0.0,0.0,N,Y,08/2024,Analyst
15-1299.08,1.A.4.b.1,Hearing Sensitivity,IM,1.75,8,0.1637,1.4292,2.0708,N,,08/2024,Analyst
15-1299.08,1.A.4.b.1,Hearing Sensitivity,LV,1.5,8,0.3273,0.8584,2.1416,N,N,08/2024,Analyst
15-1299.08,1.A.4.b.2,Auditory Attention,IM,2.0,8,0.0,2.0,2.0,N,,08/2024,Analyst
15-1299.08,1.A.4.b.2,Auditory Attention,LV,1.88,8,0.125,1.63,2.12,N,N,08/2024,Analyst
15-1299.08,1.A.4.b.3,Sound Localization,IM,1.0,8,0.0,1.0,1.0,N,,08/2024,Analyst
15-1299.08,1.A.4.b.3,Sound Localization,LV,0.0,8,0.0,0.0,0.0,N,Y,08/2024,Analyst
15-1299.08,1.A.4.b.4,Speech Recognition,IM,3.12,8,0.125,2.88,3.37,N,,08/2024,Analyst
15-1299.08,1.A.4.b.4,Speech Recognition,LV,3.12,8,0.125,2.88,3.37,N,N,08/2024,Analyst
15-1299.08,1.A.4.b.5,Speech Clarity,IM,3.25,8,0.1637,2.9292,3.5708,N,,08/2024,Analyst
15-1299.08,1.A.4.b.5,Speech Clarity,LV,3.12,8,0.125,2.88,3.37,N,N,08/2024,Analyst
15-1299.09,1.A.1.a.1,Oral Comprehension,IM,3.88,8,0.125,3.63,4.12,N,,08/2019,Analyst
15-1299.09,1.A.1.a.1,Oral Comprehension,LV,4.12,8,0.125,3.88,4.37,N,N,08/2019,Analyst
15-1299.09,1.A.1.a.2,Written Comprehension,IM,4.0,8,0.0,4.0,4.0,N,,08/2019,Analyst
15-1299.09,1.A.1.a.2,Written Comprehension,LV,4.25,8,0.1637,3.9292,4.5708,N,N,08/2019,Analyst
15-1299.09,1.A.1.a.3,Oral Expression,IM,4.0,8,0.0,4.0,4.0,N,,08/2019,Analyst
15-1299.09,1.A.1.a.3,Oral Expression,LV,4.0,8,0.0,4.0,4.0,N,N,08/2019,Analyst
15-1299.09,1.A.1.a.4,Written Expression,IM,4.0,8,0.0,4.0,4.0,N,,08/2019,Analyst
15-1299.09,1.A.1.a.4,Written Expression,LV,4.0,8,0.0,4.0,4.0,N,N,08/2019,Analyst
15-1299.09,1.A.1.b.1,Fluency of Ideas,IM,3.62,8,0.183,3.2664,3.9836,N,,08/2019,Analyst
15-1299.09,1.A.1.b.1,Fluency of Ideas,LV,3.88,8,0.125,3.63,4.12,N,N,08/2019,Analyst
15-1299.09,1.A.1.b.2,Originality,IM,3.25,8,0.1637,2.9292,3.5708,N,,08/2019,Analyst
15-1299.09,1.A.1.b.2,Originality,LV,3.25,8,0.1637,2.9292,3.5708,N,N,08/2019,Analyst
15-1299.09,1.A.1.b.3,Problem Sensitivity,IM,3.88,8,0.125,3.63,4.12,N,,08/2019,Analyst
15-1299.09,1.A.1.b.3,Problem Sensitivity,LV,4.0,8,0.0,4.0,4.0,N,N,08/2019,Analyst
15-1299.09,1.A.1.b.4,Deductive Reasoning,IM,3.88,8,0.125,3.63,4.12,N,,08/2019,Analyst
15-1299.09,1.A.1.b.4,Deductive Reasoning,LV,4.0,8,0.189,3.6296,4.3704,N,N,08/2019,Analyst
15-1299.09,1.A.1.b.5,Inductive Reasoning,IM,3.88,8,0.125,3.63,4.12,N,,08/2019,Analyst
15-1299.09,1.A.1.b.5,Inductive Reasoning,LV,4.0,8,0.0,4.0,4.0,N,N,08/2019,Analyst
15-1299.09,1.A.1.b.6,Information Ordering,IM,3.88,8,0.125,3.63,4.12,N,,08/2019,Analyst
15-1299.09,1.A.1.b.6,Information Ordering,LV,3.88,8,0.125,3.63,4.12,N,N,08/2019,Analyst
15-1299.09,1.A.1.b.7,Category Flexibility,IM,3.25,8,0.1637,2.9292,3.5708,N,,08/2019,Analyst
15-1299.09,1.A.1.b.7,Category Flexibility,LV,3.75,8,0.1637,3.4292,4.0708,N,N,08/2019,Analyst
15-1299.09,1.A.1.c.1,Mathematical Reasoning,IM,3.0,8,0.189,2.6296,3.3704,N,,08/2019,Analyst
15-1299.09,1.A.1.c.1,Mathematical Reasoning,LV,3.12,8,0.125,2.88,3.37,N,N,08/2019,Analyst
15-1299.09,1.A.1.c.2,Number Facility,IM,3.12,8,0.125,2.88,3.37,N,,08/2019,Analyst
15-1299.09,1.A.1.c.2,Number Facility,LV,3.12,8,0.125,2.88,3.37,N,N,08/2019,Analyst
15-1299.09,1.A.1.d.1,Memorization,IM,2.5,8,0.189,2.1296,2.8704,N,,08/2019,Analyst
15-1299.09,1.A.1.d.1,Memorization,LV,2.75,8,0.1637,2.4292,3.0708,N,N,08/2019,Analyst
15-1299.09,1.A.1.e.1,Speed of Closure,IM,2.62,8,0.183,2.2664,2.9836,N,,08/2019,Analyst
15-1299.09,1.A.1.e.1,Speed of Closure,LV,2.88,8,0.125,2.63,3.12,N,N,08/2019,Analyst
15-1299.09,1.A.1.e.2,Flexibility of Closure,IM,3.0,8,0.0,3.0,3.0,N,,08/2019,Analyst
15-1299.09,1.A.1.e.2,Flexibility of Closure,LV,3.12,8,0.125,2.88,3.37,N,N,08/2019,Analyst
15-1299.09,1.A.1.e.3,Perceptual Speed,IM,2.75,8,0.1637,2.4292,3.0708,N,,08/2019,Analyst
15-1299.09,1.A.1.e.3,Perceptual Speed,LV,2.75,8,0.1637,2.4292,3.0708,N,N,08/2019,Analyst
15-1299.09,1.A.1.f.1,Spatial Orientation,IM,1.0,8,0.0,1.0,1.0,N,,08/2019,Analyst
15-1299.09,1.A.1.f.1,Spatial Orientation,LV,0.0,8,0.0,0.0,0.0,N,Y,08/2019,Analyst
15-1299.09,1.A.1.f.2,Visualization,IM,2.88,8,0.125,2.63,3.12,N,,08/2019,Analyst
15-1299.09,1.A.1.f.2,Visualization,LV,3.0,8,0.0,3.0,3.0,N,N,08/2019,Analyst
15-1299.09,1.A.1.g.1,Selective Attention,IM,2.88,8,0.125,2.63,3.12,N,,08/2019,Analyst
15-1299.09,1.A.1.g.1,Selective Attention,LV,2.88,8,0.125,2.63,3.12,N,N,08/2019,Analyst
15-1299.09,1.A.1.g.2,Time Sharing,IM,2.12,8,0.125,1.88,2.37,N,,08/2019,Analyst
15-1299.09,1.A.1.g.2,Time Sharing,LV,2.0,8,0.0,2.0,2.0,N,N,08/2019,Analyst
15-1299.09,1.A.2.a.1,Arm-Hand Steadiness,IM,1.0,8,0.0,1.0,1.0,N,,08/2019,Analyst
15-1299.09,1.A.2.a.1,Arm-Hand Steadiness,LV,0.0,8,0.0,0.0,0.0,N,Y,08/2019,Analyst
15-1299.09,1.A.2.a.2,Manual Dexterity,IM,1.0,8,0.0,1.0,1.0,N,,08/2019,Analyst
15-1299.09,1.A.2.a.2,Manual Dexterity,LV,0.0,8,0.0,0.0,0.0,N,Y,08/2019,Analyst
15-1299.09,1.A.2.a.3,Finger Dexterity,IM,1.75,8,0.1637,1.4292,2.0708,N,,08/2019,Analyst
15-1299.09,1.A.2.a.3,Finger Dexterity,LV,1.5,8,0.3273,0.8584,2.1416,N,N,08/2019,Analyst
15-1299.09,1.A.2.b.1,Control Precision,IM,1.0,8,0.0,1.0,1.0,N,,08/2019,Analyst
15-1299.09,1.A.2.b.1,Control Precision,LV,0.0,8,0.0,0.0,0.0,N,Y,08/2019,Analyst
15-1299.09,1.A.2.b.2,Multilimb Coordination,IM,1.0,8,0.0,1.0,1.0,N,,08/2019,Analyst
15-1299.09,1.A.2.b.2,Multilimb Coordination,LV,0.0,8,0.0,0.0,0.0,N,Y,08/2019,Analyst
15-1299.09,1.A.2.b.3,Response Orientation,IM,1.0,8,0.0,1.0,1.0,N,,08/2019,Analyst
15-1299.09,1.A.2.b.3,Response Orientation,LV,0.0,8,0.0,0.0,0.0,N,Y,08/2019,Analyst
15-1299.09,1.A.2.b.4,Rate Control,IM,1.0,8,0.0,1.0,1.0,N,,08/2019,Analyst
15-1299.09,1.A.2.b.4,Rate Control,LV,0.0,8,0.0,0.0,0.0,N,Y,08/2019,Analyst
15-1299.09,1.A.2.c.1,Reaction Time,IM,1.0,8,0.0,1.0,1.0,N,,08/2019,Analyst
15-1299.09,1.A.2.c.1,Reaction Time,LV,0.0,8,0.0,0.0,0.0,N,Y,08/2019,Analyst
15-1299.09,1.A.2.c.2,Wrist-Finger Speed,IM,1.12,8,0.125,1.0,1.37,N,,08/2019,Analyst
15-1299.09,1.A.2.c.2,Wrist-Finger Speed,LV,0.12,8,0.125,0.0,0.37,N,Y,08/2019,Analyst
15-1299.09,1.A.2.c.3,Speed of Limb Movement,IM,1.0,8,0.0,1.0,1.0,N,,08/2019,Analyst
15-1299.09,1.A.2.c.3,Speed of Limb Movement,LV,0.0,8,0.0,0.0,0.0,N,Y,08/2019,Analyst
15-1299.09,1.A.3.a.1,Static Strength,IM,1.0,8,0.0,1.0,1.0,N,,08/2019,Analyst
15-1299.09,1.A.3.a.1,Static Strength,LV,0.0,8,0.0,0.0,0.0,N,Y,08/2019,Analyst
15-1299.09,1.A.3.a.2,Explosive Strength,IM,1.0,8,0.0,1.0,1.0,N,,08/2019,Analyst
15-1299.09,1.A.3.a.2,Explosive Strength,LV,0.0,8,0.0,0.0,0.0,N,Y,08/2019,Analyst
15-1299.09,1.A.3.a.3,Dynamic Strength,IM,1.0,8,0.0,1.0,1.0,N,,08/2019,Analyst
15-1299.09,1.A.3.a.3,Dynamic Strength,LV,0.0,8,0.0,0.0,0.0,N,Y,08/2019,Analyst
15-1299.09,1.A.3.a.4,Trunk Strength,IM,1.5,8,0.189,1.1296,1.8704,N,,08/2019,Analyst
15-1299.09,1.A.3.a.4,Trunk Strength,LV,0.62,8,0.2631,0.1094,1.1406,N,N,08/2019,Analyst
15-1299.09,1.A.3.b.1,Stamina,IM,1.0,8,0.0,1.0,1.0,N,,08/2019,Analyst
15-1299.09,1.A.3.b.1,Stamina,LV,0.0,8,0.0,0.0,0.0,N,Y,08/2019,Analyst
15-1299.09,1.A.3.c.1,Extent Flexibility,IM,1.0,8,0.0,1.0,1.0,N,,08/2019,Analyst
15-1299.09,1.A.3.c.1,Extent Flexibility,LV,0.0,8,0.0,0.0,0.0,N,Y,08/2019,Analyst
15-1299.09,1.A.3.c.2,Dynamic Flexibility,IM,1.0,8,0.0,1.0,1.0,N,,08/2019,Analyst
15-1299.09,1.A.3.c.2,Dynamic Flexibility,LV,0.0,8,0.0,0.0,0.0,N,Y,08/2019,Analyst
15-1299.09,1.A.3.c.3,Gross Body Coordination,IM,1.0,8,0.0,1.0,1.0,N,,08/2019,Analyst
15-1299.09,1.A.3.c.3,Gross Body Coordination,LV,0.0,8,0.0,0.0,0.0,N,Y,08/2019,Analyst
15-1299.09,1.A.3.c.4,Gross Body Equilibrium,IM,1.0,8,0.0,1.0,1.0,N,,08/2019,Analyst
15-1299.09,1.A.3.c.4,Gross Body Equilibrium,LV,0.0,8,0.0,0.0,0.0,N,Y,08/2019,Analyst
15-1299.09,1.A.4.a.1,Near Vision,IM,3.62,8,0.183,3.2664,3.9836,N,,08/2019,Analyst
15-1299.09,1.A.4.a.1,Near Vision,LV,3.88,8,0.125,3.63,4.12,N,N,08/2019,Analyst
15-1299.09,1.A.4.a.2,Far Vision,IM,2.5,8,0.189,2.1296,2.8704,N,,08/2019,Analyst
15-1299.09,1.A.4.a.2,Far Vision,LV,2.88,8,0.2266,2.4309,3.3191,N,N,08/2019,Analyst
15-1299.09,1.A.4.a.3,Visual Color Discrimination,IM,2.0,8,0.0,2.0,2.0,N,,08/2019,Analyst
15-1299.09,1.A.4.a.3,Visual Color Discrimination,LV,2.0,8,0.189,1.6296,2.3704,N,N,08/2019,Analyst
15-1299.09,1.A.4.a.4,Night Vision,IM,1.0,8,0.0,1.0,1.0,N,,08/2019,Analyst
15-1299.09,1.A.4.a.4,Night Vision,LV,0.0,8,0.0,0.0,0.0,N,Y,08/2019,Analyst
15-1299.09,1.A.4.a.5,Peripheral Vision,IM,1.0,8,0.0,1.0,1.0,N,,08/2019,Analyst
15-1299.09,1.A.4.a.5,Peripheral Vision,LV,0.0,8,0.0,0.0,0.0,N,Y,08/2019,Analyst
15-1299.09,1.A.4.a.6,Depth Perception,IM,1.88,8,0.125,1.63,2.12,N,,08/2019,Analyst
15-1299.09,1.A.4.a.6,Depth Perception,LV,1.12,8,0.2266,0.6809,1.5691,N,N,08/2019,Analyst
15-1299.09,1.A.4.a.7,Glare Sensitivity,IM,1.0,8,0.0,1.0,1.0,N,,08/2019,Analyst
15-1299.09,1.A.4.a.7,Glare Sensitivity,LV,0.0,8,0.0,0.0,0.0,N,Y,08/2019,Analyst
15-1299.09,1.A.4.b.1,Hearing Sensitivity,IM,2.12,8,0.125,1.88,2.37,N,,08/2019,Analyst
15-1299.09,1.A.4.b.1,Hearing Sensitivity,LV,1.75,8,0.1637,1.4292,2.0708,N,N,08/2019,Analyst
15-1299.09,1.A.4.b.2,Auditory Attention,IM,2.12,8,0.125,1.88,2.37,N,,08/2019,Analyst
15-1299.09,1.A.4.b.2,Auditory Attention,LV,1.88,8,0.125,1.63,2.12,N,N,08/2019,Analyst
15-1299.09,1.A.4.b.3,Sound Localization,IM,1.12,8,0.125,1.0,1.37,N,,08/2019,Analyst
15-1299.09,1.A.4.b.3,Sound Localization,LV,0.12,8,0.125,0.0,0.37,N,Y,08/2019,Analyst
15-1299.09,1.A.4.b.4,Speech Recognition,IM,3.62,8,0.183,3.2664,3.9836,N,,08/2019,Analyst
15-1299.09,1.A.4.b.4,Speech Recognition,LV,3.62,8,0.183,3.2664,3.9836,N,N,08/2019,Analyst
15-1299.09,1.A.4.b.5,Speech Clarity,IM,3.62,8,0.183,3.2664,3.9836,N,,08/2019,Analyst
15-1299.09,1.A.4.b.5,Speech Clarity,LV,3.5,8,0.189,3.1296,3.8704,N,N,08/2019,Analyst
15-2011.00,1.A.1.a.1,Oral Comprehension,IM,4.0,8,0.0,4.0,4.0,N,,08/2023,Analyst
15-2011.00,1.A.1.a.1,Oral Comprehension,LV,4.75,8,0.1637,4.4292,5.0708,N,N,08/2023,Analyst
15-2011.00,1.A.1.a.2,Written Comprehension,IM,4.0,8,0.0,4.0,4.0,N,,08/2023,Analyst
15-2011.00,1.A.1.a.2,Written Comprehension,LV,4.75,8,0.1637,4.4292,5.0708,N,N,08/2023,Analyst
15-2011.00,1.A.1.a.3,Oral Expression,IM,4.0,8,0.0,4.0,4.0,N,,08/2023,Analyst
15-2011.00,1.A.1.a.3,Oral Expression,LV,4.75,8,0.1637,4.4292,5.0708,N,N,08/2023,Analyst
15-2011.00,1.A.1.a.4,Written Expression,IM,4.0,8,0.0,4.0,4.0,N,,08/2023,Analyst
15-2011.00,1.A.1.a.4,Written Expression,LV,4.0,8,0.0,4.0,4.0,N,N,08/2023,Analyst
15-2011.00,1.A.1.b.1,Fluency of Ideas,IM,3.12,8,0.125,2.88,3.37,N,,08/2023,Analyst
15-2011.00,1.A.1.b.1,Fluency of Ideas,LV,3.75,8,0.1637,3.4292,4.0708,N,N,08/2023,Analyst
15-2011.00,1.A.1.b.2,Originality,IM,2.88,8,0.125,2.63,3.12,N,,08/2023,Analyst
15-2011.00,1.A.1.b.2,Originality,LV,3.5,8,0.189,3.1296,3.8704,N,N,08/2023,Analyst
15-2011.00,1.A.1.b.3,Problem Sensitivity,IM,3.88,8,0.125,3.63,4.12,N,,08/2023,Analyst
15-2011.00,1.A.1.b.3,Problem Sensitivity,LV,4.12,8,0.125,3.88,4.37,N,N,08/2023,Analyst
15-2011.00,1.A.1.b.4,Deductive Reasoning,IM,4.0,8,0.0,4.0,4.0,N,,08/2023,Analyst
15-2011.00,1.A.1.b.4,Deductive Reasoning,LV,4.88,8,0.125,4.63,5.12,N,N,08/2023,Analyst
15-2011.00,1.A.1.b.5,Inductive Reasoning,IM,4.12,8,0.125,3.88,4.37,N,,08/2023,Analyst
15-2011.00,1.A.1.b.5,Inductive Reasoning,LV,4.62,8,0.183,4.2664,4.9836,N,N,08/2023,Analyst
15-2011.00,1.A.1.b.6,Information Ordering,IM,3.88,8,0.125,3.63,4.12,N,,08/2023,Analyst
15-2011.00,1.A.1.b.6,Information Ordering,LV,4.0,8,0.189,3.6296,4.3704,N,N,08/2023,Analyst
15-2011.00,1.A.1.b.7,Category Flexibility,IM,4.0,8,0.189,3.6296,4.3704,N,,08/2023,Analyst
15-2011.00,1.A.1.b.7,Category Flexibility,LV,4.0,8,0.189,3.6296,4.3704,N,N,08/2023,Analyst
15-2011.00,1.A.1.c.1,Mathematical Reasoning,IM,4.62,8,0.183,4.2664,4.9836,N,,08/2023,Analyst
15-2011.00,1.A.1.c.1,Mathematical Reasoning,LV,5.0,8,0.189,4.6296,5.3704,N,N,08/2023,Analyst
15-2011.00,1.A.1.c.2,Number Facility,IM,4.12,8,0.125,3.88,4.37,N,,08/2023,Analyst
15-2011.00,1.A.1.c.2,Number Facility,LV,4.88,8,0.125,4.63,5.12,N,N,08/2023,Analyst
15-2011.00,1.A.1.d.1,Memorization,IM,2.5,8,0.189,2.1296,2.8704,N,,08/2023,Analyst
15-2011.00,1.A.1.d.1,Memorization,LV,2.5,8,0.2673,1.9762,3.0238,N,N,08/2023,Analyst
15-2011.00,1.A.1.e.1,Speed of Closure,IM,2.62,8,0.183,2.2664,2.9836,N,,08/2023,Analyst
15-2011.00,1.A.1.e.1,Speed of Closure,LV,2.62,8,0.183,2.2664,2.9836,N,N,08/2023,Analyst
15-2011.00,1.A.1.e.2,Flexibility of Closure,IM,3.25,8,0.25,2.76,3.74,N,,08/2023,Analyst
15-2011.00,1.A.1.e.2,Flexibility of Closure,LV,3.38,8,0.2631,2.8594,3.8906,N,N,08/2023,Analyst
15-2011.00,1.A.1.e.3,Perceptual Speed,IM,2.75,8,0.1637,2.4292,3.0708,N,,08/2023,Analyst
15-2011.00,1.A.1.e.3,Perceptual Speed,LV,2.88,8,0.125,2.63,3.12,N,N,08/2023,Analyst
15-2011.00,1.A.1.f.1,Spatial Orientation,IM,1.0,8,0.0,1.0,1.0,N,,08/2023,Analyst
15-2011.00,1.A.1.f.1,Spatial Orientation,LV,0.0,8,0.0,0.0,0.0,N,Y,08/2023,Analyst
15-2011.00,1.A.1.f.2,Visualization,IM,2.38,8,0.183,2.0164,2.7336,N,,08/2023,Analyst
15-2011.00,1.A.1.f.2,Visualization,LV,2.62,8,0.183,2.2664,2.9836,N,N,08/2023,Analyst
15-2011.00,1.A.1.g.1,Selective Attention,IM,3.25,8,0.1637,2.9292,3.5708,N,,08/2023,Analyst
15-2011.00,1.A.1.g.1,Selective Attention,LV,3.38,8,0.183,3.0164,3.7336,N,N,08/2023,Analyst
15-2011.00,1.A.1.g.2,Time Sharing,IM,2.5,8,0.189,2.1296,2.8704,N,,08/2023,Analyst
15-2011.00,1.A.1.g.2,Time Sharing,LV,2.12,8,0.125,1.88,2.37,N,N,08/2023,Analyst
15-2011.00,1.A.2.a.1,Arm-Hand Steadiness,IM,1.0,8,0.0,1.0,1.0,N,,08/2023,Analyst
15-2011.00,1.A.2.a.1,Arm-Hand Steadiness,LV,0.0,8,0.0,0.0,0.0,N,Y,08/2023,Analyst
15-2011.00,1.A.2.a.2,Manual Dexterity,IM,1.0,8,0.0,1.0,1.0,N,,08/2023,Analyst
15-2011.00,1.A.2.a.2,Manual Dexterity,LV,0.0,8,0.0,0.0,0.0,N,Y,08/2023,Analyst
15-2011.00,1.A.2.a.3,Finger Dexterity,IM,1.5,8,0.189,1.1296,1.8704,N,,08/2023,Analyst
15-2011.00,1.A.2.a.3,Finger Dexterity,LV,0.5,8,0.189,0.1296,0.8704,N,N,08/2023,Analyst
15-2011.00,1.A.2.b.1,Control Precision,IM,1.0,8,0.0,1.0,1.0,N,,08/2023,Analyst
15-2011.00,1.A.2.b.1,Control Precision,LV,0.0,8,0.0,0.0,0.0,N,Y,08/2023,Analyst
15-2011.00,1.A.2.b.2,Multilimb Coordination,IM,1.0,8,0.0,1.0,1.0,N,,08/2023,Analyst
15-2011.00,1.A.2.b.2,Multilimb Coordination,LV,0.0,8,0.0,0.0,0.0,N,Y,08/2023,Analyst
15-2011.00,1.A.2.b.3,Response Orientation,IM,1.0,8,0.0,1.0,1.0,N,,08/2023,Analyst
15-2011.00,1.A.2.b.3,Response Orientation,LV,0.0,8,0.0,0.0,0.0,N,Y,08/2023,Analyst
15-2011.00,1.A.2.b.4,Rate Control,IM,1.0,8,0.0,1.0,1.0,N,,08/2023,Analyst
15-2011.00,1.A.2.b.4,Rate Control,LV,0.0,8,0.0,0.0,0.0,N,Y,08/2023,Analyst
15-2011.00,1.A.2.c.1,Reaction Time,IM,1.0,8,0.0,1.0,1.0,N,,08/2023,Analyst
15-2011.00,1.A.2.c.1,Reaction Time,LV,0.0,8,0.0,0.0,0.0,N,Y,08/2023,Analyst
15-2011.00,1.A.2.c.2,Wrist-Finger Speed,IM,1.5,8,0.189,1.1296,1.8704,N,,08/2023,Analyst
15-2011.00,1.A.2.c.2,Wrist-Finger Speed,LV,0.5,8,0.189,0.1296,0.8704,N,N,08/2023,Analyst
15-2011.00,1.A.2.c.3,Speed of Limb Movement,IM,1.0,8,0.0,1.0,1.0,N,,08/2023,Analyst
15-2011.00,1.A.2.c.3,Speed of Limb Movement,LV,0.0,8,0.0,0.0,0.0,N,Y,08/2023,Analyst
15-2011.00,1.A.3.a.1,Static Strength,IM,1.0,8,0.0,1.0,1.0,N,,08/2023,Analyst
15-2011.00,1.A.3.a.1,Static Strength,LV,0.0,8,0.0,0.0,0.0,N,Y,08/2023,Analyst
15-2011.00,1.A.3.a.2,Explosive Strength,IM,1.0,8,0.0,1.0,1.0,N,,08/2023,Analyst
15-2011.00,1.A.3.a.2,Explosive Strength,LV,0.0,8,0.0,0.0,0.0,N,Y,08/2023,Analyst
15-2011.00,1.A.3.a.3,Dynamic Strength,IM,1.0,8,0.0,1.0,1.0,N,,08/2023,Analyst
15-2011.00,1.A.3.a.3,Dynamic Strength,LV,0.0,8,0.0,0.0,0.0,N,Y,08/2023,Analyst
15-2011.00,1.A.3.a.4,Trunk Strength,IM,1.75,8,0.1637,1.4292,2.0708,N,,08/2023,Analyst
15-2011.00,1.A.3.a.4,Trunk Strength,LV,1.0,8,0.2673,0.4762,1.5238,N,N,08/2023,Analyst
15-2011.00,1.A.3.b.1,Stamina,IM,1.0,8,0.0,1.0,1.0,N,,08/2023,Analyst
15-2011.00,1.A.3.b.1,Stamina,LV,0.0,8,0.0,0.0,0.0,N,Y,08/2023,Analyst
15-2011.00,1.A.3.c.1,Extent Flexibility,IM,1.0,8,0.0,1.0,1.0,N,,08/2023,Analyst
15-2011.00,1.A.3.c.1,Extent Flexibility,LV,0.0,8,0.0,0.0,0.0,N,Y,08/2023,Analyst
15-2011.00,1.A.3.c.2,Dynamic Flexibility,IM,1.0,8,0.0,1.0,1.0,N,,08/2023,Analyst
15-2011.00,1.A.3.c.2,Dynamic Flexibility,LV,0.0,8,0.0,0.0,0.0,N,Y,08/2023,Analyst
15-2011.00,1.A.3.c.3,Gross Body Coordination,IM,1.0,8,0.0,1.0,1.0,N,,08/2023,Analyst
15-2011.00,1.A.3.c.3,Gross Body Coordination,LV,0.0,8,0.0,0.0,0.0,N,Y,08/2023,Analyst
15-2011.00,1.A.3.c.4,Gross Body Equilibrium,IM,1.0,8,0.0,1.0,1.0,N,,08/2023,Analyst
15-2011.00,1.A.3.c.4,Gross Body Equilibrium,LV,0.0,8,0.0,0.0,0.0,N,Y,08/2023,Analyst
15-2011.00,1.A.4.a.1,Near Vision,IM,3.75,8,0.1637,3.4292,4.0708,N,,08/2023,Analyst
15-2011.00,1.A.4.a.1,Near Vision,LV,4.12,8,0.125,3.88,4.37,N,N,08/2023,Analyst
15-2011.00,1.A.4.a.2,Far Vision,IM,2.62,8,0.183,2.2664,2.9836,N,,08/2023,Analyst
15-2011.00,1.A.4.a.2,Far Vision,LV,2.75,8,0.1637,2.4292,3.0708,N,N,08/2023,Analyst
15-2011.00,1.A.4.a.3,Visual Color Discrimination,IM,2.0,8,0.0,2.0,2.0,N,,08/2023,Analyst
15-2011.00,1.A.4.a.3,Visual Color Discrimination,LV,1.75,8,0.1637,1.4292,2.0708,N,N,08/2023,Analyst
15-2011.00,1.A.4.a.4,Night Vision,IM,1.0,8,0.0,1.0,1.0,N,,08/2023,Analyst
15-2011.00,1.A.4.a.4,Night Vision,LV,0.0,8,0.0,0.0,0.0,N,Y,08/2023,Analyst
15-2011.00,1.A.4.a.5,Peripheral Vision,IM,1.0,8,0.0,1.0,1.0,N,,08/2023,Analyst
15-2011.00,1.A.4.a.5,Peripheral Vision,LV,0.0,8,0.0,0.0,0.0,N,Y,08/2023,Analyst
15-2011.00,1.A.4.a.6,Depth Perception,IM,1.88,8,0.125,1.63,2.12,N,,08/2023,Analyst
15-2011.00,1.A.4.a.6,Depth Perception,LV,1.0,8,0.189,0.6296,1.3704,N,N,08/2023,Analyst
15-2011.00,1.A.4.a.7,Glare Sensitivity,IM,1.0,8,0.0,1.0,1.0,N,,08/2023,Analyst
15-2011.00,1.A.4.a.7,Glare Sensitivity,LV,0.0,8,0.0,0.0,0.0,N,Y,08/2023,Analyst
15-2011.00,1.A.4.b.1,Hearing Sensitivity,IM,1.88,8,0.125,1.63,2.12,N,,08/2023,Analyst
15-2011.00,1.A.4.b.1,Hearing Sensitivity,LV,1.5,8,0.2673,0.9762,2.0238,N,N,08/2023,Analyst
15-2011.00,1.A.4.b.2,Auditory Attention,IM,2.0,8,0.0,2.0,2.0,N,,08/2023,Analyst
15-2011.00,1.A.4.b.2,Auditory Attention,LV,1.62,8,0.183,1.2664,1.9836,N,N,08/2023,Analyst
15-2011.00,1.A.4.b.3,Sound Localization,IM,1.0,8,0.0,1.0,1.0,N,,08/2023,Analyst
15-2011.00,1.A.4.b.3,Sound Localization,LV,0.0,8,0.0,0.0,0.0,N,Y,08/2023,Analyst
15-2011.00,1.A.4.b.4,Speech Recognition,IM,3.38,8,0.183,3.0164,3.7336,N,,08/2023,Analyst
15-2011.00,1.A.4.b.4,Speech Recognition,LV,4.0,8,0.0,4.0,4.0,N,N,08/2023,Analyst
15-2011.00,1.A.4.b.5,Speech Clarity,IM,3.62,8,0.183,3.2664,3.9836,N,,08/2023,Analyst
15-2011.00,1.A.4.b.5,Speech Clarity,LV,4.0,8,0.0,4.0,4.0,N,N,08/2023,Analyst
15-2021.00,1.A.1.a.1,Oral Comprehension,IM,4.0,8,0.0,4.0,4.0,N,,08/2021,Analyst
15-2021.00,1.A.1.a.1,Oral Comprehension,LV,5.38,8,0.183,5.0164,5.7336,N,N,08/2021,Analyst
15-2021.00,1.A.1.a.2,Written Comprehension,IM,4.0,8,0.0,4.0,4.0,N,,08/2021,Analyst
15-2021.00,1.A.1.a.2,Written Comprehension,LV,5.0,8,0.0,5.0,5.0,N,N,08/2021,Analyst
15-2021.00,1.A.1.a.3,Oral Expression,IM,3.88,8,0.125,3.63,4.12,N,,08/2021,Analyst
15-2021.00,1.A.1.a.3,Oral Expression,LV,5.0,8,0.0,5.0,5.0,N,N,08/2021,Analyst
15-2021.00,1.A.1.a.4,Written Expression,IM,3.75,8,0.1637,3.4292,4.0708,N,,08/2021,Analyst
15-2021.00,1.A.1.a.4,Written Expression,LV,4.75,8,0.1637,4.4292,5.0708,N,N,08/2021,Analyst
15-2021.00,1.A.1.b.1,Fluency of Ideas,IM,3.75,8,0.1637,3.4292,4.0708,N,,08/2021,Analyst
15-2021.00,1.A.1.b.1,Fluency of Ideas,LV,4.75,8,0.25,4.26,5.24,N,N,08/2021,Analyst
15-2021.00,1.A.1.b.2,Originality,IM,3.5,8,0.189,3.1296,3.8704,N,,08/2021,Analyst
15-2021.00,1.A.1.b.2,Originality,LV,4.88,8,0.125,4.63,5.12,N,N,08/2021,Analyst
15-2021.00,1.A.1.b.3,Problem Sensitivity,IM,3.75,8,0.1637,3.4292,4.0708,N,,08/2021,Analyst
15-2021.00,1.A.1.b.3,Problem Sensitivity,LV,4.0,8,0.0,4.0,4.0,N,N,08/2021,Analyst
15-2021.00,1.A.1.b.4,Deductive Reasoning,IM,4.12,8,0.125,3.88,4.37,N,,08/2021,Analyst
15-2021.00,1.A.1.b.4,Deductive Reasoning,LV,5.25,8,0.1637,4.9292,5.5708,N,N,08/2021,Analyst
15-2021.00,1.A.1.b.5,Inductive Reasoning,IM,4.12,8,0.125,3.88,4.37,N,,08/2021,Analyst
15-2021.00,1.A.1.b.5,Inductive Reasoning,LV,5.0,8,0.189,4.6296,5.3704,N,N,08/2021,Analyst
15-2021.00,1.A.1.b.6,Information Ordering,IM,4.0,8,0.0,4.0,4.0,N,,08/2021,Analyst
15-2021.00,1.A.1.b.6,Information Ordering,LV,4.75,8,0.1637,4.4292,5.0708,N,N,08/2021,Analyst
15-2021.00,1.A.1.b.7,Category Flexibility,IM,3.75,8,0.1637,3.4292,4.0708,N,,08/2021,Analyst
15-2021.00,1.A.1.b.7,Category Flexibility,LV,4.12,8,0.125,3.88,4.37,N,N,08/2021,Analyst
15-2021.00,1.A.1.c.1,Mathematical Reasoning,IM,5.0,8,0.0,5.0,5.0,N,,08/2021,Analyst
15-2021.00,1.A.1.c.1,Mathematical Reasoning,LV,6.0,8,0.0,6.0,6.0,N,N,08/2021,Analyst
15-2021.00,1.A.1.c.2,Number Facility,IM,4.5,8,0.189,4.1296,4.8704,N,,08/2021,Analyst
15-2021.00,1.A.1.c.2,Number Facility,LV,5.25,8,0.1637,4.9292,5.5708,N,N,08/2021,Analyst
15-2021.00,1.A.1.d.1,Memorization,IM,2.75,8,0.1637,2.4292,3.0708,N,,08/2021,Analyst
15-2021.00,1.A.1.d.1,Memorization,LV,2.88,8,0.125,2.63,3.12,N,N,08/2021,Analyst
15-2021.00,1.A.1.e.1,Speed of Closure,IM,3.0,8,0.0,3.0,3.0,N,,08/2021,Analyst
15-2021.00,1.A.1.e.1,Speed of Closure,LV,3.62,8,0.183,3.2664,3.9836,N,N,08/2021,Analyst
15-2021.00,1.A.1.e.2,Flexibility of Closure,IM,3.0,8,0.189,2.6296,3.3704,N,,08/2021,Analyst
15-2021.00,1.A.1.e.2,Flexibility of Closure,LV,3.5,8,0.2673,2.9762,4.0238,N,N,08/2021,Analyst
15-2021.00,1.A.1.e.3,Perceptual Speed,IM,3.0,8,0.0,3.0,3.0,N,,08/2021,Analyst
15-2021.00,1.A.1.e.3,Perceptual Speed,LV,3.0,8,0.0,3.0,3.0,N,N,08/2021,Analyst
15-2021.00,1.A.1.f.1,Spatial Orientation,IM,1.0,8,0.0,1.0,1.0,N,,08/2021,Analyst
15-2021.00,1.A.1.f.1,Spatial Orientation,LV,0.0,8,0.0,0.0,0.0,N,Y,08/2021,Analyst
15-2021.00,1.A.1.f.2,Visualization,IM,2.75,8,0.1637,2.4292,3.0708,N,,08/2021,Analyst
15-2021.00,1.A.1.f.2,Visualization,LV,3.0,8,0.0,3.0,3.0,N,N,08/2021,Analyst
15-2021.00,1.A.1.g.1,Selective Attention,IM,3.0,8,0.0,3.0,3.0,N,,08/2021,Analyst
15-2021.00,1.A.1.g.1,Selective Attention,LV,3.0,8,0.0,3.0,3.0,N,N,08/2021,Analyst
15-2021.00,1.A.1.g.2,Time Sharing,IM,2.12,8,0.125,1.88,2.37,N,,08/2021,Analyst
15-2021.00,1.A.1.g.2,Time Sharing,LV,2.0,8,0.0,2.0,2.0,N,N,08/2021,Analyst
15-2021.00,1.A.2.a.1,Arm-Hand Steadiness,IM,1.0,8,0.0,1.0,1.0,N,,08/2021,Analyst
15-2021.00,1.A.2.a.1,Arm-Hand Steadiness,LV,0.0,8,0.0,0.0,0.0,N,Y,08/2021,Analyst
15-2021.00,1.A.2.a.2,Manual Dexterity,IM,1.0,8,0.0,1.0,1.0,N,,08/2021,Analyst
15-2021.00,1.A.2.a.2,Manual Dexterity,LV,0.0,8,0.0,0.0,0.0,N,Y,08/2021,Analyst
15-2021.00,1.A.2.a.3,Finger Dexterity,IM,1.88,8,0.125,1.63,2.12,N,,08/2021,Analyst
15-2021.00,1.A.2.a.3,Finger Dexterity,LV,1.75,8,0.25,1.26,2.24,N,N,08/2021,Analyst
15-2021.00,1.A.2.b.1,Control Precision,IM,1.0,8,0.0,1.0,1.0,N,,08/2021,Analyst
15-2021.00,1.A.2.b.1,Control Precision,LV,0.0,8,0.0,0.0,0.0,N,Y,08/2021,Analyst
15-2021.00,1.A.2.b.2,Multilimb Coordination,IM,1.0,8,0.0,1.0,1.0,N,,08/2021,Analyst
15-2021.00,1.A.2.b.2,Multilimb Coordination,LV,0.0,8,0.0,0.0,0.0,N,Y,08/2021,Analyst
15-2021.00,1.A.2.b.3,Response Orientation,IM,1.0,8,0.0,1.0,1.0,N,,08/2021,Analyst
15-2021.00,1.A.2.b.3,Response Orientation,LV,0.0,8,0.0,0.0,0.0,N,Y,08/2021,Analyst
15-2021.00,1.A.2.b.4,Rate Control,IM,1.0,8,0.0,1.0,1.0,N,,08/2021,Analyst
15-2021.00,1.A.2.b.4,Rate Control,LV,0.0,8,0.0,0.0,0.0,N,Y,08/2021,Analyst
15-2021.00,1.A.2.c.1,Reaction Time,IM,1.0,8,0.0,1.0,1.0,N,,08/2021,Analyst
15-2021.00,1.A.2.c.1,Reaction Time,LV,0.0,8,0.0,0.0,0.0,N,Y,08/2021,Analyst
15-2021.00,1.A.2.c.2,Wrist-Finger Speed,IM,1.38,8,0.183,1.0164,1.7336,N,,08/2021,Analyst
15-2021.00,1.A.2.c.2,Wrist-Finger Speed,LV,0.38,8,0.183,0.0164,0.7336,N,N,08/2021,Analyst
15-2021.00,1.A.2.c.3,Speed of Limb Movement,IM,1.0,8,0.0,1.0,1.0,N,,08/2021,Analyst
15-2021.00,1.A.2.c.3,Speed of Limb Movement,LV,0.0,8,0.0,0.0,0.0,N,Y,08/2021,Analyst
15-2021.00,1.A.3.a.1,Static Strength,IM,1.0,8,0.0,1.0,1.0,N,,08/2021,Analyst
15-2021.00,1.A.3.a.1,Static Strength,LV,0.0,8,0.0,0.0,0.0,N,Y,08/2021,Analyst
15-2021.00,1.A.3.a.2,Explosive Strength,IM,1.0,8,0.0,1.0,1.0,N,,08/2021,Analyst
15-2021.00,1.A.3.a.2,Explosive Strength,LV,0.0,8,0.0,0.0,0.0,N,Y,08/2021,Analyst
15-2021.00,1.A.3.a.3,Dynamic Strength,IM,1.0,8,0.0,1.0,1.0,N,,08/2021,Analyst
15-2021.00,1.A.3.a.3,Dynamic Strength,LV,0.0,8,0.0,0.0,0.0,N,Y,08/2021,Analyst
15-2021.00,1.A.3.a.4,Trunk Strength,IM,1.5,8,0.189,1.1296,1.8704,N,,08/2021,Analyst
15-2021.00,1.A.3.a.4,Trunk Strength,LV,0.75,8,0.3134,0.1358,1.3642,N,N,08/2021,Analyst
15-2021.00,1.A.3.b.1,Stamina,IM,1.0,8,0.0,1.0,1.0,N,,08/2021,Analyst
15-2021.00,1.A.3.b.1,Stamina,LV,0.0,8,0.0,0.0,0.0,N,Y,08/2021,Analyst
15-2021.00,1.A.3.c.1,Extent Flexibility,IM,1.0,8,0.0,1.0,1.0,N,,08/2021,Analyst
15-2021.00,1.A.3.c.1,Extent Flexibility,LV,0.0,8,0.0,0.0,0.0,N,Y,08/2021,Analyst
15-2021.00,1.A.3.c.2,Dynamic Flexibility,IM,1.0,8,0.0,1.0,1.0,N,,08/2021,Analyst
15-2021.00,1.A.3.c.2,Dynamic Flexibility,LV,0.0,8,0.0,0.0,0.0,N,Y,08/2021,Analyst
15-2021.00,1.A.3.c.3,Gross Body Coordination,IM,1.0,8,0.0,1.0,1.0,N,,08/2021,Analyst
15-2021.00,1.A.3.c.3,Gross Body Coordination,LV,0.0,8,0.0,0.0,0.0,N,Y,08/2021,Analyst
15-2021.00,1.A.3.c.4,Gross Body Equilibrium,IM,1.0,8,0.0,1.0,1.0,N,,08/2021,Analyst
15-2021.00,1.A.3.c.4,Gross Body Equilibrium,LV,0.0,8,0.0,0.0,0.0,N,Y,08/2021,Analyst
15-2021.00,1.A.4.a.1,Near Vision,IM,3.62,8,0.183,3.2664,3.9836,N,,08/2021,Analyst
15-2021.00,1.A.4.a.1,Near Vision,LV,3.88,8,0.125,3.63,4.12,N,N,08/2021,Analyst
15-2021.00,1.A.4.a.2,Far Vision,IM,2.12,8,0.125,1.88,2.37,N,,08/2021,Analyst
15-2021.00,1.A.4.a.2,Far Vision,LV,2.0,8,0.0,2.0,2.0,N,N,08/2021,Analyst
15-2021.00,1.A.4.a.3,Visual Color Discrimination,IM,1.75,8,0.1637,1.4292,2.0708,N,,08/2021,Analyst
15-2021.00,1.A.4.a.3,Visual Color Discrimination,LV,1.0,8,0.2673,0.4762,1.5238,N,N,08/2021,Analyst
15-2021.00,1.A.4.a.4,Night Vision,IM,1.0,8,0.0,1.0,1.0,N,,08/2021,Analyst
15-2021.00,1.A.4.a.4,Night Vision,LV,0.0,8,0.0,0.0,0.0,N,Y,08/2021,Analyst
15-2021.00,1.A.4.a.5,Peripheral Vision,IM,1.0,8,0.0,1.0,1.0,N,,08/2021,Analyst
15-2021.00,1.A.4.a.5,Peripheral Vision,LV,0.0,8,0.0,0.0,0.0,N,Y,08/2021,Analyst
15-2021.00,1.A.4.a.6,Depth Perception,IM,1.5,8,0.189,1.1296,1.8704,N,,08/2021,Analyst
15-2021.00,1.A.4.a.6,Depth Perception,LV,0.62,8,0.2631,0.1094,1.1406,N,N,08/2021,Analyst
15-2021.00,1.A.4.a.7,Glare Sensitivity,IM,1.0,8,0.0,1.0,1.0,N,,08/2021,Analyst
15-2021.00,1.A.4.a.7,Glare Sensitivity,LV,0.0,8,0.0,0.0,0.0,N,Y,08/2021,Analyst
15-2021.00,1.A.4.b.1,Hearing Sensitivity,IM,1.62,8,0.183,1.2664,1.9836,N,,08/2021,Analyst
15-2021.00,1.A.4.b.1,Hearing Sensitivity,LV,0.88,8,0.295,0.2967,1.4533,N,N,08/2021,Analyst
15-2021.00,1.A.4.b.2,Auditory Attention,IM,1.62,8,0.183,1.2664,1.9836,N,,08/2021,Analyst
15-2021.00,1.A.4.b.2,Auditory Attention,LV,0.75,8,0.25,0.26,1.24,N,N,08/2021,Analyst
15-2021.00,1.A.4.b.3,Sound Localization,IM,1.0,8,0.0,1.0,1.0,N,,08/2021,Analyst
15-2021.00,1.A.4.b.3,Sound Localization,LV,0.0,8,0.0,0.0,0.0,N,Y,08/2021,Analyst
15-2021.00,1.A.4.b.4,Speech Recognition,IM,3.0,8,0.0,3.0,3.0,N,,08/2021,Analyst
15-2021.00,1.A.4.b.4,Speech Recognition,LV,3.0,8,0.0,3.0,3.0,N,N,08/2021,Analyst
15-2021.00,1.A.4.b.5,Speech Clarity,IM,3.0,8,0.0,3.0,3.0,N,,08/2021,Analyst
15-2021.00,1.A.4.b.5,Speech Clarity,LV,3.0,8,0.0,3.0,3.0,N,N,08/2021,Analyst
15-2031.00,1.A.1.a.1,Oral Comprehension,IM,4.0,8,0.0,4.0,4.0,N,,08/2024,Analyst
15-2031.00,1.A.1.a.1,Oral Comprehension,LV,4.75,8,0.1637,4.4292,5.0708,N,N,08/2024,Analyst
15-2031.00,1.A.1.a.2,Written Comprehension,IM,4.0,8,0.0,4.0,4.0,N,,08/2024,Analyst
15-2031.00,1.A.1.a.2,Written Comprehension,LV,4.75,8,0.1637,4.4292,5.0708,N,N,08/2024,Analyst
15-2031.00,1.A.1.a.3,Oral Expression,IM,4.0,8,0.0,4.0,4.0,N,,08/2024,Analyst
15-2031.00,1.A.1.a.3,Oral Expression,LV,4.5,8,0.189,4.1296,4.8704,N,N,08/2024,Analyst
15-2031.00,1.A.1.a.4,Written Expression,IM,4.0,8,0.0,4.0,4.0,N,,08/2024,Analyst
15-2031.00,1.A.1.a.4,Written Expression,LV,4.0,8,0.0,4.0,4.0,N,N,08/2024,Analyst
15-2031.00,1.A.1.b.1,Fluency of Ideas,IM,3.62,8,0.183,3.2664,3.9836,N,,08/2024,Analyst
15-2031.00,1.A.1.b.1,Fluency of Ideas,LV,4.12,8,0.125,3.88,4.37,N,N,08/2024,Analyst
15-2031.00,1.A.1.b.2,Originality,IM,3.62,8,0.183,3.2664,3.9836,N,,08/2024,Analyst
15-2031.00,1.A.1.b.2,Originality,LV,4.0,8,0.0,4.0,4.0,N,N,08/2024,Analyst
15-2031.00,1.A.1.b.3,Problem Sensitivity,IM,4.0,8,0.0,4.0,4.0,N,,08/2024,Analyst
15-2031.00,1.A.1.b.3,Problem Sensitivity,LV,4.12,8,0.125,3.88,4.37,N,N,08/2024,Analyst
15-2031.00,1.A.1.b.4,Deductive Reasoning,IM,4.12,8,0.125,3.88,4.37,N,,08/2024,Analyst
15-2031.00,1.A.1.b.4,Deductive Reasoning,LV,4.5,8,0.2673,3.9762,5.0238,N,N,08/2024,Analyst
15-2031.00,1.A.1.b.5,Inductive Reasoning,IM,4.12,8,0.125,3.88,4.37,N,,08/2024,Analyst
15-2031.00,1.A.1.b.5,Inductive Reasoning,LV,4.62,8,0.2631,4.1094,5.1406,N,N,08/2024,Analyst
15-2031.00,1.A.1.b.6,Information Ordering,IM,3.88,8,0.125,3.63,4.12,N,,08/2024,Analyst
15-2031.00,1.A.1.b.6,Information Ordering,LV,4.12,8,0.125,3.88,4.37,N,N,08/2024,Analyst
15-2031.00,1.A.1.b.7,Category Flexibility,IM,3.62,8,0.183,3.2664,3.9836,N,,08/2024,Analyst
15-2031.00,1.A.1.b.7,Category Flexibility,LV,4.0,8,0.0,4.0,4.0,N,N,08/2024,Analyst
15-2031.00,1.A.1.c.1,Mathematical Reasoning,IM,4.5,8,0.189,4.1296,4.8704,N,,08/2024,Analyst
15-2031.00,1.A.1.c.1,Mathematical Reasoning,LV,4.75,8,0.1637,4.4292,5.0708,N,N,08/2024,Analyst
15-2031.00,1.A.1.c.2,Number Facility,IM,4.0,8,0.189,3.6296,4.3704,N,,08/2024,Analyst
15-2031.00,1.A.1.c.2,Number Facility,LV,4.38,8,0.183,4.0164,4.7336,N,N,08/2024,Analyst
15-2031.00,1.A.1.d.1,Memorization,IM,2.88,8,0.125,2.63,3.12,N,,08/2024,Analyst
15-2031.00,1.A.1.d.1,Memorization,LV,2.75,8,0.1637,2.4292,3.0708,N,N,08/2024,Analyst
15-2031.00,1.A.1.e.1,Speed of Closure,IM,2.5,8,0.189,2.1296,2.8704,N,,08/2024,Analyst
15-2031.00,1.A.1.e.1,Speed of Closure,LV,2.5,8,0.189,2.1296,2.8704,N,N,08/2024,Analyst
15-2031.00,1.A.1.e.2,Flexibility of Closure,IM,3.12,8,0.125,2.88,3.37,N,,08/2024,Analyst
15-2031.00,1.A.1.e.2,Flexibility of Closure,LV,3.25,8,0.1637,2.9292,3.5708,N,N,08/2024,Analyst
15-2031.00,1.A.1.e.3,Perceptual Speed,IM,2.75,8,0.1637,2.4292,3.0708,N,,08/2024,Analyst
15-2031.00,1.A.1.e.3,Perceptual Speed,LV,2.5,8,0.189,2.1296,2.8704,N,N,08/2024,Analyst
15-2031.00,1.A.1.f.1,Spatial Orientation,IM,1.0,8,0.0,1.0,1.0,N,,08/2024,Analyst
15-2031.00,1.A.1.f.1,Spatial Orientation,LV,0.0,8,0.0,0.0,0.0,N,Y,08/2024,Analyst
15-2031.00,1.A.1.f.2,Visualization,IM,2.12,8,0.125,1.88,2.37,N,,08/2024,Analyst
15-2031.00,1.A.1.f.2,Visualization,LV,2.62,8,0.2631,2.1094,3.1406,N,N,08/2024,Analyst
15-2031.00,1.A.1.g.1,Selective Attention,IM,3.0,8,0.0,3.0,3.0,N,,08/2024,Analyst
15-2031.00,1.A.1.g.1,Selective Attention,LV,3.0,8,0.0,3.0,3.0,N,N,08/2024,Analyst
15-2031.00,1.A.1.g.2,Time Sharing,IM,2.0,8,0.0,2.0,2.0,N,,08/2024,Analyst
15-2031.00,1.A.1.g.2,Time Sharing,LV,2.0,8,0.0,2.0,2.0,N,N,08/2024,Analyst
15-2031.00,1.A.2.a.1,Arm-Hand Steadiness,IM,1.0,8,0.0,1.0,1.0,N,,08/2024,Analyst
15-2031.00,1.A.2.a.1,Arm-Hand Steadiness,LV,0.0,8,0.0,0.0,0.0,N,Y,08/2024,Analyst
15-2031.00,1.A.2.a.2,Manual Dexterity,IM,1.0,8,0.0,1.0,1.0,N,,08/2024,Analyst
15-2031.00,1.A.2.a.2,Manual Dexterity,LV,0.0,8,0.0,0.0,0.0,N,Y,08/2024,Analyst
15-2031.00,1.A.2.a.3,Finger Dexterity,IM,1.38,8,0.183,1.0164,1.7336,N,,08/2024,Analyst
15-2031.00,1.A.2.a.3,Finger Dexterity,LV,0.38,8,0.183,0.0164,0.7336,N,N,08/2024,Analyst
15-2031.00,1.A.2.b.1,Control Precision,IM,1.0,8,0.0,1.0,1.0,N,,08/2024,Analyst
15-2031.00,1.A.2.b.1,Control Precision,LV,0.0,8,0.0,0.0,0.0,N,Y,08/2024,Analyst
15-2031.00,1.A.2.b.2,Multilimb Coordination,IM,1.0,8,0.0,1.0,1.0,N,,08/2024,Analyst
15-2031.00,1.A.2.b.2,Multilimb Coordination,LV,0.0,8,0.0,0.0,0.0,N,Y,08/2024,Analyst
15-2031.00,1.A.2.b.3,Response Orientation,IM,1.0,8,0.0,1.0,1.0,N,,08/2024,Analyst
15-2031.00,1.A.2.b.3,Response Orientation,LV,0.0,8,0.0,0.0,0.0,N,Y,08/2024,Analyst
15-2031.00,1.A.2.b.4,Rate Control,IM,1.0,8,0.0,1.0,1.0,N,,08/2024,Analyst
15-2031.00,1.A.2.b.4,Rate Control,LV,0.0,8,0.0,0.0,0.0,N,Y,08/2024,Analyst
15-2031.00,1.A.2.c.1,Reaction Time,IM,1.0,8,0.0,1.0,1.0,N,,08/2024,Analyst
15-2031.00,1.A.2.c.1,Reaction Time,LV,0.0,8,0.0,0.0,0.0,N,Y,08/2024,Analyst
15-2031.00,1.A.2.c.2,Wrist-Finger Speed,IM,1.38,8,0.183,1.0164,1.7336,N,,08/2024,Analyst
15-2031.00,1.A.2.c.2,Wrist-Finger Speed,LV,0.38,8,0.183,0.0164,0.7336,N,N,08/2024,Analyst
15-2031.00,1.A.2.c.3,Speed of Limb Movement,IM,1.0,8,0.0,1.0,1.0,N,,08/2024,Analyst
15-2031.00,1.A.2.c.3,Speed of Limb Movement,LV,0.0,8,0.0,0.0,0.0,N,Y,08/2024,Analyst
15-2031.00,1.A.3.a.1,Static Strength,IM,1.0,8,0.0,1.0,1.0,N,,08/2024,Analyst
15-2031.00,1.A.3.a.1,Static Strength,LV,0.0,8,0.0,0.0,0.0,N,Y,08/2024,Analyst
15-2031.00,1.A.3.a.2,Explosive Strength,IM,1.0,8,0.0,1.0,1.0,N,,08/2024,Analyst
15-2031.00,1.A.3.a.2,Explosive Strength,LV,0.0,8,0.0,0.0,0.0,N,Y,08/2024,Analyst
15-2031.00,1.A.3.a.3,Dynamic Strength,IM,1.0,8,0.0,1.0,1.0,N,,08/2024,Analyst
15-2031.00,1.A.3.a.3,Dynamic Strength,LV,0.0,8,0.0,0.0,0.0,N,Y,08/2024,Analyst
15-2031.00,1.A.3.a.4,Trunk Strength,IM,1.75,8,0.1637,1.4292,2.0708,N,,08/2024,Analyst
15-2031.00,1.A.3.a.4,Trunk Strength,LV,1.12,8,0.295,0.5467,1.7033,N,N,08/2024,Analyst
15-2031.00,1.A.3.b.1,Stamina,IM,1.0,8,0.0,1.0,1.0,N,,08/2024,Analyst
15-2031.00,1.A.3.b.1,Stamina,LV,0.0,8,0.0,0.0,0.0,N,Y,08/2024,Analyst
15-2031.00,1.A.3.c.1,Extent Flexibility,IM,1.0,8,0.0,1.0,1.0,N,,08/2024,Analyst
15-2031.00,1.A.3.c.1,Extent Flexibility,LV,0.0,8,0.0,0.0,0.0,N,Y,08/2024,Analyst
15-2031.00,1.A.3.c.2,Dynamic Flexibility,IM,1.0,8,0.0,1.0,1.0,N,,08/2024,Analyst
15-2031.00,1.A.3.c.2,Dynamic Flexibility,LV,0.0,8,0.0,0.0,0.0,N,Y,08/2024,Analyst
15-2031.00,1.A.3.c.3,Gross Body Coordination,IM,1.0,8,0.0,1.0,1.0,N,,08/2024,Analyst
15-2031.00,1.A.3.c.3,Gross Body Coordination,LV,0.0,8,0.0,0.0,0.0,N,Y,08/2024,Analyst
15-2031.00,1.A.3.c.4,Gross Body Equilibrium,IM,1.0,8,0.0,1.0,1.0,N,,08/2024,Analyst
15-2031.00,1.A.3.c.4,Gross Body Equilibrium,LV,0.0,8,0.0,0.0,0.0,N,Y,08/2024,Analyst
15-2031.00,1.A.4.a.1,Near Vision,IM,3.75,8,0.1637,3.4292,4.0708,N,,08/2024,Analyst
15-2031.00,1.A.4.a.1,Near Vision,LV,3.75,8,0.1637,3.4292,4.0708,N,N,08/2024,Analyst
15-2031.00,1.A.4.a.2,Far Vision,IM,2.75,8,0.1637,2.4292,3.0708,N,,08/2024,Analyst
15-2031.00,1.A.4.a.2,Far Vision,LV,2.62,8,0.183,2.2664,2.9836,N,N,08/2024,Analyst
15-2031.00,1.A.4.a.3,Visual Color Discrimination,IM,1.75,8,0.1637,1.4292,2.0708,N,,08/2024,Analyst
15-2031.00,1.A.4.a.3,Visual Color Discrimination,LV,1.12,8,0.295,0.5467,1.7033,N,N,08/2024,Analyst
15-2031.00,1.A.4.a.4,Night Vision,IM,1.0,8,0.0,1.0,1.0,N,,08/2024,Analyst
15-2031.00,1.A.4.a.4,Night Vision,LV,0.0,8,0.0,0.0,0.0,N,Y,08/2024,Analyst
15-2031.00,1.A.4.a.5,Peripheral Vision,IM,1.0,8,0.0,1.0,1.0,N,,08/2024,Analyst
15-2031.00,1.A.4.a.5,Peripheral Vision,LV,0.0,8,0.0,0.0,0.0,N,Y,08/2024,Analyst
15-2031.00,1.A.4.a.6,Depth Perception,IM,1.25,8,0.1637,1.0,1.5708,N,,08/2024,Analyst
15-2031.00,1.A.4.a.6,Depth Perception,LV,0.25,8,0.1637,0.0,0.5708,N,Y,08/2024,Analyst
15-2031.00,1.A.4.a.7,Glare Sensitivity,IM,1.0,8,0.0,1.0,1.0,N,,08/2024,Analyst
15-2031.00,1.A.4.a.7,Glare Sensitivity,LV,0.0,8,0.0,0.0,0.0,N,Y,08/2024,Analyst
15-2031.00,1.A.4.b.1,Hearing Sensitivity,IM,1.62,8,0.183,1.2664,1.9836,N,,08/2024,Analyst
15-2031.00,1.A.4.b.1,Hearing Sensitivity,LV,0.75,8,0.25,0.26,1.24,N,N,08/2024,Analyst
15-2031.00,1.A.4.b.2,Auditory Attention,IM,1.75,8,0.25,1.26,2.24,N,,08/2024,Analyst
15-2031.00,1.A.4.b.2,Auditory Attention,LV,0.75,8,0.25,0.26,1.24,N,N,08/2024,Analyst
15-2031.00,1.A.4.b.3,Sound Localization,IM,1.0,8,0.0,1.0,1.0,N,,08/2024,Analyst
15-2031.00,1.A.4.b.3,Sound Localization,LV,0.0,8,0.0,0.0,0.0,N,Y,08/2024,Analyst
15-2031.00,1.A.4.b.4,Speech Recognition,IM,3.12,8,0.125,2.88,3.37,N,,08/2024,Analyst
15-2031.00,1.A.4.b.4,Speech Recognition,LV,3.0,8,0.0,3.0,3.0,N,N,08/2024,Analyst
15-2031.00,1.A.4.b.5,Speech Clarity,IM,3.25,8,0.1637,2.9292,3.5708,N,,08/2024,Analyst
15-2031.00,1.A.4.b.5,Speech Clarity,LV,3.25,8,0.1637,2.9292,3.5708,N,N,08/2024,Analyst
15-2041.00,1.A.1.a.1,Oral Comprehension,IM,4.0,8,0.0,4.0,4.0,N,,08/2024,Analyst
15-2041.00,1.A.1.a.1,Oral Comprehension,LV,4.88,8,0.125,4.63,5.12,N,N,08/2024,Analyst
15-2041.00,1.A.1.a.2,Written Comprehension,IM,4.12,8,0.125,3.88,4.37,N,,08/2024,Analyst
15-2041.00,1.A.1.a.2,Written Comprehension,LV,4.75,8,0.1637,4.4292,5.0708,N,N,08/2024,Analyst
15-2041.00,1.A.1.a.3,Oral Expression,IM,4.0,8,0.0,4.0,4.0,N,,08/2024,Analyst
15-2041.00,1.A.1.a.3,Oral Expression,LV,4.75,8,0.1637,4.4292,5.0708,N,N,08/2024,Analyst
15-2041.00,1.A.1.a.4,Written Expression,IM,4.0,8,0.0,4.0,4.0,N,,08/2024,Analyst
15-2041.00,1.A.1.a.4,Written Expression,LV,4.88,8,0.125,4.63,5.12,N,N,08/2024,Analyst
15-2041.00,1.A.1.b.1,Fluency of Ideas,IM,3.38,8,0.183,3.0164,3.7336,N,,08/2024,Analyst
15-2041.00,1.A.1.b.1,Fluency of Ideas,LV,3.88,8,0.125,3.63,4.12,N,N,08/2024,Analyst
15-2041.00,1.A.1.b.2,Originality,IM,3.0,8,0.0,3.0,3.0,N,,08/2024,Analyst
15-2041.00,1.A.1.b.2,Originality,LV,3.62,8,0.183,3.2664,3.9836,N,N,08/2024,Analyst
15-2041.00,1.A.1.b.3,Problem Sensitivity,IM,3.25,8,0.1637,2.9292,3.5708,N,,08/2024,Analyst
15-2041.00,1.A.1.b.3,Problem Sensitivity,LV,3.5,8,0.189,3.1296,3.8704,N,N,08/2024,Analyst
15-2041.00,1.A.1.b.4,Deductive Reasoning,IM,3.88,8,0.125,3.63,4.12,N,,08/2024,Analyst
15-2041.00,1.A.1.b.4,Deductive Reasoning,LV,4.88,8,0.125,4.63,5.12,N,N,08/2024,Analyst
15-2041.00,1.A.1.b.5,Inductive Reasoning,IM,4.0,8,0.189,3.6296,4.3704,N,,08/2024,Analyst
15-2041.00,1.A.1.b.5,Inductive Reasoning,LV,4.88,8,0.125,4.63,5.12,N,N,08/2024,Analyst
15-2041.00,1.A.1.b.6,Information Ordering,IM,3.75,8,0.1637,3.4292,4.0708,N,,08/2024,Analyst
15-2041.00,1.A.1.b.6,Information Ordering,LV,4.0,8,0.0,4.0,4.0,N,N,08/2024,Analyst
15-2041.00,1.A.1.b.7,Category Flexibility,IM,3.62,8,0.183,3.2664,3.9836,N,,08/2024,Analyst
15-2041.00,1.A.1.b.7,Category Flexibility,LV,3.75,8,0.1637,3.4292,4.0708,N,N,08/2024,Analyst
15-2041.00,1.A.1.c.1,Mathematical Reasoning,IM,4.75,8,0.1637,4.4292,5.0,N,,08/2024,Analyst
15-2041.00,1.A.1.c.1,Mathematical Reasoning,LV,5.0,8,0.0,5.0,5.0,N,N,08/2024,Analyst
15-2041.00,1.A.1.c.2,Number Facility,IM,4.38,8,0.183,4.0164,4.7336,N,,08/2024,Analyst
15-2041.00,1.A.1.c.2,Number Facility,LV,5.12,8,0.125,4.88,5.37,N,N,08/2024,Analyst
15-2041.00,1.A.1.d.1,Memorization,IM,2.75,8,0.1637,2.4292,3.0708,N,,08/2024,Analyst
15-2041.00,1.A.1.d.1,Memorization,LV,2.75,8,0.1637,2.4292,3.0708,N,N,08/2024,Analyst
15-2041.00,1.A.1.e.1,Speed of Closure,IM,2.88,8,0.2266,2.4309,3.3191,N,,08/2024,Analyst
15-2041.00,1.A.1.e.1,Speed of Closure,LV,2.88,8,0.2266,2.4309,3.3191,N,N,08/2024,Analyst
15-2041.00,1.A.1.e.2,Flexibility of Closure,IM,3.0,8,0.189,2.6296,3.3704,N,,08/2024,Analyst
15-2041.00,1.A.1.e.2,Flexibility of Closure,LV,3.12,8,0.2266,2.6809,3.5691,N,N,08/2024,Analyst
15-2041.00,1.A.1.e.3,Perceptual Speed,IM,2.88,8,0.2266,2.4309,3.3191,N,,08/2024,Analyst
15-2041.00,1.A.1.e.3,Perceptual Speed,LV,2.88,8,0.2266,2.4309,3.3191,N,N,08/2024,Analyst
15-2041.00,1.A.1.f.1,Spatial Orientation,IM,1.0,8,0.0,1.0,1.0,N,,08/2024,Analyst
15-2041.00,1.A.1.f.1,Spatial Orientation,LV,0.0,8,0.0,0.0,0.0,N,Y,08/2024,Analyst
15-2041.00,1.A.1.f.2,Visualization,IM,2.62,8,0.183,2.2664,2.9836,N,,08/2024,Analyst
15-2041.00,1.A.1.f.2,Visualization,LV,2.75,8,0.1637,2.4292,3.0708,N,N,08/2024,Analyst
15-2041.00,1.A.1.g.1,Selective Attention,IM,2.88,8,0.125,2.63,3.12,N,,08/2024,Analyst
15-2041.00,1.A.1.g.1,Selective Attention,LV,3.0,8,0.0,3.0,3.0,N,N,08/2024,Analyst
15-2041.00,1.A.1.g.2,Time Sharing,IM,2.0,8,0.0,2.0,2.0,N,,08/2024,Analyst
15-2041.00,1.A.1.g.2,Time Sharing,LV,2.0,8,0.0,2.0,2.0,N,N,08/2024,Analyst
15-2041.00,1.A.2.a.1,Arm-Hand Steadiness,IM,1.0,8,0.0,1.0,1.0,N,,08/2024,Analyst
15-2041.00,1.A.2.a.1,Arm-Hand Steadiness,LV,0.0,8,0.0,0.0,0.0,N,Y,08/2024,Analyst
15-2041.00,1.A.2.a.2,Manual Dexterity,IM,1.0,8,0.0,1.0,1.0,N,,08/2024,Analyst
15-2041.00,1.A.2.a.2,Manual Dexterity,LV,0.0,8,0.0,0.0,0.0,N,Y,08/2024,Analyst
15-2041.00,1.A.2.a.3,Finger Dexterity,IM,1.62,8,0.183,1.2664,1.9836,N,,08/2024,Analyst
15-2041.00,1.A.2.a.3,Finger Dexterity,LV,1.0,8,0.3273,0.3584,1.6416,N,N,08/2024,Analyst
15-2041.00,1.A.2.b.1,Control Precision,IM,1.0,8,0.0,1.0,1.0,N,,08/2024,Analyst
15-2041.00,1.A.2.b.1,Control Precision,LV,0.0,8,0.0,0.0,0.0,N,Y,08/2024,Analyst
15-2041.00,1.A.2.b.2,Multilimb Coordination,IM,1.0,8,0.0,1.0,1.0,N,,08/2024,Analyst
15-2041.00,1.A.2.b.2,Multilimb Coordination,LV,0.0,8,0.0,0.0,0.0,N,Y,08/2024,Analyst
15-2041.00,1.A.2.b.3,Response Orientation,IM,1.0,8,0.0,1.0,1.0,N,,08/2024,Analyst
15-2041.00,1.A.2.b.3,Response Orientation,LV,0.0,8,0.0,0.0,0.0,N,Y,08/2024,Analyst
15-2041.00,1.A.2.b.4,Rate Control,IM,1.0,8,0.0,1.0,1.0,N,,08/2024,Analyst
15-2041.00,1.A.2.b.4,Rate Control,LV,0.0,8,0.0,0.0,0.0,N,Y,08/2024,Analyst
15-2041.00,1.A.2.c.1,Reaction Time,IM,1.0,8,0.0,1.0,1.0,N,,08/2024,Analyst
15-2041.00,1.A.2.c.1,Reaction Time,LV,0.0,8,0.0,0.0,0.0,N,Y,08/2024,Analyst
15-2041.00,1.A.2.c.2,Wrist-Finger Speed,IM,1.62,8,0.183,1.2664,1.9836,N,,08/2024,Analyst
15-2041.00,1.A.2.c.2,Wrist-Finger Speed,LV,0.75,8,0.25,0.26,1.24,N,N,08/2024,Analyst
15-2041.00,1.A.2.c.3,Speed of Limb Movement,IM,1.0,8,0.0,1.0,1.0,N,,08/2024,Analyst
15-2041.00,1.A.2.c.3,Speed of Limb Movement,LV,0.0,8,0.0,0.0,0.0,N,Y,08/2024,Analyst
15-2041.00,1.A.3.a.1,Static Strength,IM,1.0,8,0.0,1.0,1.0,N,,08/2024,Analyst
15-2041.00,1.A.3.a.1,Static Strength,LV,0.0,8,0.0,0.0,0.0,N,Y,08/2024,Analyst
15-2041.00,1.A.3.a.2,Explosive Strength,IM,1.0,8,0.0,1.0,1.0,N,,08/2024,Analyst
15-2041.00,1.A.3.a.2,Explosive Strength,LV,0.0,8,0.0,0.0,0.0,N,Y,08/2024,Analyst
15-2041.00,1.A.3.a.3,Dynamic Strength,IM,1.0,8,0.0,1.0,1.0,N,,08/2024,Analyst
15-2041.00,1.A.3.a.3,Dynamic Strength,LV,0.0,8,0.0,0.0,0.0,N,Y,08/2024,Analyst
15-2041.00,1.A.3.a.4,Trunk Strength,IM,2.0,8,0.0,2.0,2.0,N,,08/2024,Analyst
15-2041.00,1.A.3.a.4,Trunk Strength,LV,1.38,8,0.183,1.0164,1.7336,N,N,08/2024,Analyst
15-2041.00,1.A.3.b.1,Stamina,IM,1.0,8,0.0,1.0,1.0,N,,08/2024,Analyst
15-2041.00,1.A.3.b.1,Stamina,LV,0.0,8,0.0,0.0,0.0,N,Y,08/2024,Analyst
15-2041.00,1.A.3.c.1,Extent Flexibility,IM,1.0,8,0.0,1.0,1.0,N,,08/2024,Analyst
15-2041.00,1.A.3.c.1,Extent Flexibility,LV,0.0,8,0.0,0.0,0.0,N,Y,08/2024,Analyst
15-2041.00,1.A.3.c.2,Dynamic Flexibility,IM,1.0,8,0.0,1.0,1.0,N,,08/2024,Analyst
15-2041.00,1.A.3.c.2,Dynamic Flexibility,LV,0.0,8,0.0,0.0,0.0,N,Y,08/2024,Analyst
15-2041.00,1.A.3.c.3,Gross Body Coordination,IM,1.0,8,0.0,1.0,1.0,N,,08/2024,Analyst
15-2041.00,1.A.3.c.3,Gross Body Coordination,LV,0.0,8,0.0,0.0,0.0,N,Y,08/2024,Analyst
15-2041.00,1.A.3.c.4,Gross Body Equilibrium,IM,1.0,8,0.0,1.0,1.0,N,,08/2024,Analyst
15-2041.00,1.A.3.c.4,Gross Body Equilibrium,LV,0.0,8,0.0,0.0,0.0,N,Y,08/2024,Analyst
15-2041.00,1.A.4.a.1,Near Vision,IM,4.0,8,0.0,4.0,4.0,N,,08/2024,Analyst
15-2041.00,1.A.4.a.1,Near Vision,LV,4.0,8,0.0,4.0,4.0,N,N,08/2024,Analyst
15-2041.00,1.A.4.a.2,Far Vision,IM,2.75,8,0.1637,2.4292,3.0708,N,,08/2024,Analyst
15-2041.00,1.A.4.a.2,Far Vision,LV,2.88,8,0.125,2.63,3.12,N,N,08/2024,Analyst
15-2041.00,1.A.4.a.3,Visual Color Discrimination,IM,2.0,8,0.0,2.0,2.0,N,,08/2024,Analyst
15-2041.00,1.A.4.a.3,Visual Color Discrimination,LV,1.12,8,0.125,0.88,1.37,N,N,08/2024,Analyst
15-2041.00,1.A.4.a.4,Night Vision,IM,1.0,8,0.0,1.0,1.0,N,,08/2024,Analyst
15-2041.00,1.A.4.a.4,Night Vision,LV,0.0,8,0.0,0.0,0.0,N,Y,08/2024,Analyst
15-2041.00,1.A.4.a.5,Peripheral Vision,IM,1.0,8,0.0,1.0,1.0,N,,08/2024,Analyst
15-2041.00,1.A.4.a.5,Peripheral Vision,LV,0.0,8,0.0,0.0,0.0,N,Y,08/2024,Analyst
15-2041.00,1.A.4.a.6,Depth Perception,IM,1.62,8,0.183,1.2664,1.9836,N,,08/2024,Analyst
15-2041.00,1.A.4.a.6,Depth Perception,LV,0.62,8,0.183,0.2664,0.9836,N,N,08/2024,Analyst
15-2041.00,1.A.4.a.7,Glare Sensitivity,IM,1.0,8,0.0,1.0,1.0,N,,08/2024,Analyst
15-2041.00,1.A.4.a.7,Glare Sensitivity,LV,0.0,8,0.0,0.0,0.0,N,Y,08/2024,Analyst
15-2041.00,1.A.4.b.1,Hearing Sensitivity,IM,1.88,8,0.125,1.63,2.12,N,,08/2024,Analyst
15-2041.00,1.A.4.b.1,Hearing Sensitivity,LV,1.0,8,0.189,0.6296,1.3704,N,N,08/2024,Analyst
15-2041.00,1.A.4.b.2,Auditory Attention,IM,1.88,8,0.125,1.63,2.12,N,,08/2024,Analyst
15-2041.00,1.A.4.b.2,Auditory Attention,LV,1.0,8,0.189,0.6296,1.3704,N,N,08/2024,Analyst
15-2041.00,1.A.4.b.3,Sound Localization,IM,1.0,8,0.0,1.0,1.0,N,,08/2024,Analyst
15-2041.00,1.A.4.b.3,Sound Localization,LV,0.0,8,0.0,0.0,0.0,N,Y,08/2024,Analyst
15-2041.00,1.A.4.b.4,Speech Recognition,IM,3.12,8,0.125,2.88,3.37,N,,08/2024,Analyst
15-2041.00,1.A.4.b.4,Speech Recognition,LV,3.12,8,0.125,2.88,3.37,N,N,08/2024,Analyst
15-2041.00,1.A.4.b.5,Speech Clarity,IM,3.62,8,0.183,3.2664,3.9836,N,,08/2024,Analyst
15-2041.00,1.A.4.b.5,Speech Clarity,LV,3.62,8,0.183,3.2664,3.9836,N,N,08/2024,Analyst
15-2041.01,1.A.1.a.1,Oral Comprehension,IM,4.0,8,0.0,4.0,4.0,N,,08/2021,Analyst
15-2041.01,1.A.1.a.1,Oral Comprehension,LV,5.12,8,0.125,4.88,5.37,N,N,08/2021,Analyst
15-2041.01,1.A.1.a.2,Written Comprehension,IM,4.12,8,0.125,3.88,4.37,N,,08/2021,Analyst
15-2041.01,1.A.1.a.2,Written Comprehension,LV,5.0,8,0.0,5.0,5.0,N,N,08/2021,Analyst
15-2041.01,1.A.1.a.3,Oral Expression,IM,4.12,8,0.125,3.88,4.37,N,,08/2021,Analyst
15-2041.01,1.A.1.a.3,Oral Expression,LV,5.12,8,0.125,4.88,5.37,N,N,08/2021,Analyst
15-2041.01,1.A.1.a.4,Written Expression,IM,3.88,8,0.125,3.63,4.12,N,,08/2021,Analyst
15-2041.01,1.A.1.a.4,Written Expression,LV,4.88,8,0.125,4.63,5.12,N,N,08/2021,Analyst
15-2041.01,1.A.1.b.1,Fluency of Ideas,IM,3.62,8,0.183,3.2664,3.9836,N,,08/2021,Analyst
15-2041.01,1.A.1.b.1,Fluency of Ideas,LV,4.0,8,0.2673,3.4762,4.5238,N,N,08/2021,Analyst
15-2041.01,1.A.1.b.2,Originality,IM,3.25,8,0.1637,2.9292,3.5708,N,,08/2021,Analyst
15-2041.01,1.A.1.b.2,Originality,LV,3.88,8,0.2266,3.4309,4.3191,N,N,08/2021,Analyst
15-2041.01,1.A.1.b.3,Problem Sensitivity,IM,3.88,8,0.125,3.63,4.12,N,,08/2021,Analyst
15-2041.01,1.A.1.b.3,Problem Sensitivity,LV,4.0,8,0.189,3.6296,4.3704,N,N,08/2021,Analyst
15-2041.01,1.A.1.b.4,Deductive Reasoning,IM,4.12,8,0.125,3.88,4.37,N,,08/2021,Analyst
15-2041.01,1.A.1.b.4,Deductive Reasoning,LV,4.88,8,0.125,4.63,5.12,N,N,08/2021,Analyst
15-2041.01,1.A.1.b.5,Inductive Reasoning,IM,4.25,8,0.1637,3.9292,4.5708,N,,08/2021,Analyst
15-2041.01,1.A.1.b.5,Inductive Reasoning,LV,5.0,8,0.189,4.6296,5.3704,N,N,08/2021,Analyst
15-2041.01,1.A.1.b.6,Information Ordering,IM,3.88,8,0.125,3.63,4.12,N,,08/2021,Analyst
15-2041.01,1.A.1.b.6,Information Ordering,LV,4.25,8,0.1637,3.9292,4.5708,N,N,08/2021,Analyst
15-2041.01,1.A.1.b.7,Category Flexibility,IM,3.62,8,0.183,3.2664,3.9836,N,,08/2021,Analyst
15-2041.01,1.A.1.b.7,Category Flexibility,LV,4.0,8,0.0,4.0,4.0,N,N,08/2021,Analyst
15-2041.01,1.A.1.c.1,Mathematical Reasoning,IM,4.25,8,0.1637,3.9292,4.5708,N,,08/2021,Analyst
15-2041.01,1.A.1.c.1,Mathematical Reasoning,LV,5.0,8,0.189,4.6296,5.3704,N,N,08/2021,Analyst
15-2041.01,1.A.1.c.2,Number Facility,IM,3.75,8,0.1637,3.4292,4.0708,N,,08/2021,Analyst
15-2041.01,1.A.1.c.2,Number Facility,LV,4.12,8,0.125,3.88,4.37,N,N,08/2021,Analyst
15-2041.01,1.A.1.d.1,Memorization,IM,2.88,8,0.125,2.63,3.12,N,,08/2021,Analyst
15-2041.01,1.A.1.d.1,Memorization,LV,2.88,8,0.125,2.63,3.12,N,N,08/2021,Analyst
15-2041.01,1.A.1.e.1,Speed of Closure,IM,3.0,8,0.0,3.0,3.0,N,,08/2021,Analyst
15-2041.01,1.A.1.e.1,Speed of Closure,LV,3.0,8,0.0,3.0,3.0,N,N,08/2021,Analyst
15-2041.01,1.A.1.e.2,Flexibility of Closure,IM,3.0,8,0.189,2.6296,3.3704,N,,08/2021,Analyst
15-2041.01,1.A.1.e.2,Flexibility of Closure,LV,3.0,8,0.189,2.6296,3.3704,N,N,08/2021,Analyst
15-2041.01,1.A.1.e.3,Perceptual Speed,IM,2.88,8,0.125,2.63,3.12,N,,08/2021,Analyst
15-2041.01,1.A.1.e.3,Perceptual Speed,LV,2.88,8,0.125,2.63,3.12,N,N,08/2021,Analyst
15-2041.01,1.A.1.f.1,Spatial Orientation,IM,1.0,8,0.0,1.0,1.0,N,,08/2021,Analyst
15-2041.01,1.A.1.f.1,Spatial Orientation,LV,0.0,8,0.0,0.0,0.0,N,Y,08/2021,Analyst
15-2041.01,1.A.1.f.2,Visualization,IM,3.0,8,0.0,3.0,3.0,N,,08/2021,Analyst
15-2041.01,1.A.1.f.2,Visualization,LV,3.12,8,0.125,2.88,3.37,N,N,08/2021,Analyst
15-2041.01,1.A.1.g.1,Selective Attention,IM,2.88,8,0.125,2.63,3.12,N,,08/2021,Analyst
15-2041.01,1.A.1.g.1,Selective Attention,LV,2.88,8,0.125,2.63,3.12,N,N,08/2021,Analyst
15-2041.01,1.A.1.g.2,Time Sharing,IM,1.88,8,0.125,1.63,2.12,N,,08/2021,Analyst
15-2041.01,1.A.1.g.2,Time Sharing,LV,1.75,8,0.25,1.26,2.24,N,N,08/2021,Analyst
15-2041.01,1.A.2.a.1,Arm-Hand Steadiness,IM,1.5,8,0.189,1.1296,1.8704,N,,08/2021,Analyst
15-2041.01,1.A.2.a.1,Arm-Hand Steadiness,LV,0.5,8,0.189,0.1296,0.8704,N,N,08/2021,Analyst
15-2041.01,1.A.2.a.2,Manual Dexterity,IM,1.5,8,0.189,1.1296,1.8704,N,,08/2021,Analyst
15-2041.01,1.A.2.a.2,Manual Dexterity,LV,0.5,8,0.189,0.1296,0.8704,N,N,08/2021,Analyst
15-2041.01,1.A.2.a.3,Finger Dexterity,IM,1.75,8,0.1637,1.4292,2.0708,N,,08/2021,Analyst
15-2041.01,1.A.2.a.3,Finger Dexterity,LV,1.62,8,0.375,0.89,2.36,N,N,08/2021,Analyst
15-2041.01,1.A.2.b.1,Control Precision,IM,1.38,8,0.183,1.0164,1.7336,N,,08/2021,Analyst
15-2041.01,1.A.2.b.1,Control Precision,LV,0.38,8,0.183,0.0164,0.7336,N,N,08/2021,Analyst
15-2041.01,1.A.2.b.2,Multilimb Coordination,IM,1.0,8,0.0,1.0,1.0,N,,08/2021,Analyst
15-2041.01,1.A.2.b.2,Multilimb Coordination,LV,0.0,8,0.0,0.0,0.0,N,Y,08/2021,Analyst
15-2041.01,1.A.2.b.3,Response Orientation,IM,1.0,8,0.0,1.0,1.0,N,,08/2021,Analyst
15-2041.01,1.A.2.b.3,Response Orientation,LV,0.0,8,0.0,0.0,0.0,N,Y,08/2021,Analyst
15-2041.01,1.A.2.b.4,Rate Control,IM,1.0,8,0.0,1.0,1.0,N,,08/2021,Analyst
15-2041.01,1.A.2.b.4,Rate Control,LV,0.0,8,0.0,0.0,0.0,N,Y,08/2021,Analyst
15-2041.01,1.A.2.c.1,Reaction Time,IM,1.0,8,0.0,1.0,1.0,N,,08/2021,Analyst
15-2041.01,1.A.2.c.1,Reaction Time,LV,0.0,8,0.0,0.0,0.0,N,Y,08/2021,Analyst
15-2041.01,1.A.2.c.2,Wrist-Finger Speed,IM,1.38,8,0.183,1.0164,1.7336,N,,08/2021,Analyst
15-2041.01,1.A.2.c.2,Wrist-Finger Speed,LV,0.5,8,0.2673,0.0,1.0238,N,N,08/2021,Analyst
15-2041.01,1.A.2.c.3,Speed of Limb Movement,IM,1.0,8,0.0,1.0,1.0,N,,08/2021,Analyst
15-2041.01,1.A.2.c.3,Speed of Limb Movement,LV,0.0,8,0.0,0.0,0.0,N,Y,08/2021,Analyst
15-2041.01,1.A.3.a.1,Static Strength,IM,1.12,8,0.125,1.0,1.37,N,,08/2021,Analyst
15-2041.01,1.A.3.a.1,Static Strength,LV,0.12,8,0.125,0.0,0.37,N,Y,08/2021,Analyst
15-2041.01,1.A.3.a.2,Explosive Strength,IM,1.0,8,0.0,1.0,1.0,N,,08/2021,Analyst
15-2041.01,1.A.3.a.2,Explosive Strength,LV,0.0,8,0.0,0.0,0.0,N,Y,08/2021,Analyst
15-2041.01,1.A.3.a.3,Dynamic Strength,IM,1.0,8,0.0,1.0,1.0,N,,08/2021,Analyst
15-2041.01,1.A.3.a.3,Dynamic Strength,LV,0.0,8,0.0,0.0,0.0,N,Y,08/2021,Analyst
15-2041.01,1.A.3.a.4,Trunk Strength,IM,1.5,8,0.189,1.1296,1.8704,N,,08/2021,Analyst
15-2041.01,1.A.3.a.4,Trunk Strength,LV,1.0,8,0.378,0.2592,1.7408,N,N,08/2021,Analyst
15-2041.01,1.A.3.b.1,Stamina,IM,1.0,8,0.0,1.0,1.0,N,,08/2021,Analyst
15-2041.01,1.A.3.b.1,Stamina,LV,0.0,8,0.0,0.0,0.0,N,Y,08/2021,Analyst
15-2041.01,1.A.3.c.1,Extent Flexibility,IM,1.0,8,0.0,1.0,1.0,N,,08/2021,Analyst
15-2041.01,1.A.3.c.1,Extent Flexibility,LV,0.0,8,0.0,0.0,0.0,N,Y,08/2021,Analyst
15-2041.01,1.A.3.c.2,Dynamic Flexibility,IM,1.0,8,0.0,1.0,1.0,N,,08/2021,Analyst
15-2041.01,1.A.3.c.2,Dynamic Flexibility,LV,0.0,8,0.0,0.0,0.0,N,Y,08/2021,Analyst
15-2041.01,1.A.3.c.3,Gross Body Coordination,IM,1.0,8,0.0,1.0,1.0,N,,08/2021,Analyst
15-2041.01,1.A.3.c.3,Gross Body Coordination,LV,0.0,8,0.0,0.0,0.0,N,Y,08/2021,Analyst
15-2041.01,1.A.3.c.4,Gross Body Equilibrium,IM,1.0,8,0.0,1.0,1.0,N,,08/2021,Analyst
15-2041.01,1.A.3.c.4,Gross Body Equilibrium,LV,0.0,8,0.0,0.0,0.0,N,Y,08/2021,Analyst
15-2041.01,1.A.4.a.1,Near Vision,IM,3.62,8,0.183,3.2664,3.9836,N,,08/2021,Analyst
15-2041.01,1.A.4.a.1,Near Vision,LV,3.75,8,0.1637,3.4292,4.0708,N,N,08/2021,Analyst
15-2041.01,1.A.4.a.2,Far Vision,IM,2.62,8,0.183,2.2664,2.9836,N,,08/2021,Analyst
15-2041.01,1.A.4.a.2,Far Vision,LV,2.62,8,0.183,2.2664,2.9836,N,N,08/2021,Analyst
15-2041.01,1.A.4.a.3,Visual Color Discrimination,IM,1.62,8,0.183,1.2664,1.9836,N,,08/2021,Analyst
15-2041.01,1.A.4.a.3,Visual Color Discrimination,LV,1.12,8,0.3504,0.4383,1.8117,N,N,08/2021,Analyst
15-2041.01,1.A.4.a.4,Night Vision,IM,1.0,8,0.0,1.0,1.0,N,,08/2021,Analyst
15-2041.01,1.A.4.a.4,Night Vision,LV,0.0,8,0.0,0.0,0.0,N,Y,08/2021,Analyst
15-2041.01,1.A.4.a.5,Peripheral Vision,IM,1.0,8,0.0,1.0,1.0,N,,08/2021,Analyst
15-2041.01,1.A.4.a.5,Peripheral Vision,LV,0.0,8,0.0,0.0,0.0,N,Y,08/2021,Analyst
15-2041.01,1.A.4.a.6,Depth Perception,IM,1.62,8,0.183,1.2664,1.9836,N,,08/2021,Analyst
15-2041.01,1.A.4.a.6,Depth Perception,LV,0.75,8,0.25,0.26,1.24,N,N,08/2021,Analyst
15-2041.01,1.A.4.a.7,Glare Sensitivity,IM,1.0,8,0.0,1.0,1.0,N,,08/2021,Analyst
15-2041.01,1.A.4.a.7,Glare Sensitivity,LV,0.0,8,0.0,0.0,0.0,N,Y,08/2021,Analyst
15-2041.01,1.A.4.b.1,Hearing Sensitivity,IM,1.62,8,0.183,1.2664,1.9836,N,,08/2021,Analyst
15-2041.01,1.A.4.b.1,Hearing Sensitivity,LV,0.88,8,0.295,0.2967,1.4533,N,N,08/2021,Analyst
15-2041.01,1.A.4.b.2,Auditory Attention,IM,1.62,8,0.183,1.2664,1.9836,N,,08/2021,Analyst
15-2041.01,1.A.4.b.2,Auditory Attention,LV,0.75,8,0.25,0.26,1.24,N,N,08/2021,Analyst
15-2041.01,1.A.4.b.3,Sound Localization,IM,1.0,8,0.0,1.0,1.0,N,,08/2021,Analyst
15-2041.01,1.A.4.b.3,Sound Localization,LV,0.0,8,0.0,0.0,0.0,N,Y,08/2021,Analyst
15-2041.01,1.A.4.b.4,Speech Recognition,IM,3.75,8,0.1637,3.4292,4.0708,N,,08/2021,Analyst
15-2041.01,1.A.4.b.4,Speech Recognition,LV,3.88,8,0.125,3.63,4.12,N,N,08/2021,Analyst
15-2041.01,1.A.4.b.5,Speech Clarity,IM,3.88,8,0.125,3.63,4.12,N,,08/2021,Analyst
15-2041.01,1.A.4.b.5,Speech Clarity,LV,4.12,8,0.2266,3.6809,4.5691,N,N,08/2021,Analyst
15-2051.01,1.A.1.a.1,Oral Comprehension,IM,4.0,8,0.0,4.0,4.0,N,,08/2024,Analyst
15-2051.01,1.A.1.a.1,Oral Comprehension,LV,4.75,8,0.1637,4.4292,5.0708,N,N,08/2024,Analyst
15-2051.01,1.A.1.a.2,Written Comprehension,IM,4.0,8,0.0,4.0,4.0,N,,08/2024,Analyst
15-2051.01,1.A.1.a.2,Written Comprehension,LV,4.62,8,0.183,4.2664,4.9836,N,N,08/2024,Analyst
15-2051.01,1.A.1.a.3,Oral Expression,IM,4.0,8,0.0,4.0,4.0,N,,08/2024,Analyst
15-2051.01,1.A.1.a.3,Oral Expression,LV,4.75,8,0.1637,4.4292,5.0708,N,N,08/2024,Analyst
15-2051.01,1.A.1.a.4,Written Expression,IM,4.0,8,0.0,4.0,4.0,N,,08/2024,Analyst
15-2051.01,1.A.1.a.4,Written Expression,LV,4.12,8,0.125,3.88,4.37,N,N,08/2024,Analyst
15-2051.01,1.A.1.b.1,Fluency of Ideas,IM,3.38,8,0.183,3.0164,3.7336,N,,08/2024,Analyst
15-2051.01,1.A.1.b.1,Fluency of Ideas,LV,3.88,8,0.125,3.63,4.12,N,N,08/2024,Analyst
15-2051.01,1.A.1.b.2,Originality,IM,3.12,8,0.125,2.88,3.37,N,,08/2024,Analyst
15-2051.01,1.A.1.b.2,Originality,LV,3.25,8,0.1637,2.9292,3.5708,N,N,08/2024,Analyst
15-2051.01,1.A.1.b.3,Problem Sensitivity,IM,3.25,8,0.1637,2.9292,3.5708,N,,08/2024,Analyst
15-2051.01,1.A.1.b.3,Problem Sensitivity,LV,3.5,8,0.189,3.1296,3.8704,N,N,08/2024,Analyst
15-2051.01,1.A.1.b.4,Deductive Reasoning,IM,3.75,8,0.1637,3.4292,4.0708,N,,08/2024,Analyst
15-2051.01,1.A.1.b.4,Deductive Reasoning,LV,4.5,8,0.189,4.1296,4.8704,N,N,08/2024,Analyst
15-2051.01,1.A.1.b.5,Inductive Reasoning,IM,4.0,8,0.189,3.6296,4.3704,N,,08/2024,Analyst
15-2051.01,1.A.1.b.5,Inductive Reasoning,LV,4.38,8,0.183,4.0164,4.7336,N,N,08/2024,Analyst
15-2051.01,1.A.1.b.6,Information Ordering,IM,3.62,8,0.183,3.2664,3.9836,N,,08/2024,Analyst
15-2051.01,1.A.1.b.6,Information Ordering,LV,4.0,8,0.0,4.0,4.0,N,N,08/2024,Analyst
15-2051.01,1.A.1.b.7,Category Flexibility,IM,3.62,8,0.183,3.2664,3.9836,N,,08/2024,Analyst
15-2051.01,1.A.1.b.7,Category Flexibility,LV,4.0,8,0.0,4.0,4.0,N,N,08/2024,Analyst
15-2051.01,1.A.1.c.1,Mathematical Reasoning,IM,3.5,8,0.189,3.1296,3.8704,N,,08/2024,Analyst
15-2051.01,1.A.1.c.1,Mathematical Reasoning,LV,3.75,8,0.25,3.26,4.24,N,N,08/2024,Analyst
15-2051.01,1.A.1.c.2,Number Facility,IM,3.12,8,0.125,2.88,3.37,N,,08/2024,Analyst
15-2051.01,1.A.1.c.2,Number Facility,LV,3.62,8,0.2631,3.1094,4.1406,N,N,08/2024,Analyst
15-2051.01,1.A.1.d.1,Memorization,IM,2.0,8,0.0,2.0,2.0,N,,08/2024,Analyst
15-2051.01,1.A.1.d.1,Memorization,LV,2.25,8,0.1637,1.9292,2.5708,N,N,08/2024,Analyst
15-2051.01,1.A.1.e.1,Speed of Closure,IM,2.75,8,0.1637,2.4292,3.0708,N,,08/2024,Analyst
15-2051.01,1.A.1.e.1,Speed of Closure,LV,2.88,8,0.125,2.63,3.12,N,N,08/2024,Analyst
15-2051.01,1.A.1.e.2,Flexibility of Closure,IM,3.25,8,0.1637,2.9292,3.5708,N,,08/2024,Analyst
15-2051.01,1.A.1.e.2,Flexibility of Closure,LV,3.12,8,0.2266,2.6809,3.5691,N,N,08/2024,Analyst
15-2051.01,1.A.1.e.3,Perceptual Speed,IM,2.5,8,0.189,2.1296,2.8704,N,,08/2024,Analyst
15-2051.01,1.A.1.e.3,Perceptual Speed,LV,2.75,8,0.1637,2.4292,3.0708,N,N,08/2024,Analyst
15-2051.01,1.A.1.f.1,Spatial Orientation,IM,1.0,8,0.0,1.0,1.0,N,,08/2024,Analyst
15-2051.01,1.A.1.f.1,Spatial Orientation,LV,0.0,8,0.0,0.0,0.0,N,Y,08/2024,Analyst
15-2051.01,1.A.1.f.2,Visualization,IM,2.25,8,0.1637,1.9292,2.5708,N,,08/2024,Analyst
15-2051.01,1.A.1.f.2,Visualization,LV,2.0,8,0.189,1.6296,2.3704,N,N,08/2024,Analyst
15-2051.01,1.A.1.g.1,Selective Attention,IM,2.75,8,0.1637,2.4292,3.0708,N,,08/2024,Analyst
15-2051.01,1.A.1.g.1,Selective Attention,LV,3.0,8,0.0,3.0,3.0,N,N,08/2024,Analyst
15-2051.01,1.A.1.g.2,Time Sharing,IM,2.12,8,0.125,1.88,2.37,N,,08/2024,Analyst
15-2051.01,1.A.1.g.2,Time Sharing,LV,2.12,8,0.125,1.88,2.37,N,N,08/2024,Analyst
15-2051.01,1.A.2.a.1,Arm-Hand Steadiness,IM,1.0,8,0.0,1.0,1.0,N,,08/2024,Analyst
15-2051.01,1.A.2.a.1,Arm-Hand Steadiness,LV,0.0,8,0.0,0.0,0.0,N,Y,08/2024,Analyst
15-2051.01,1.A.2.a.2,Manual Dexterity,IM,1.0,8,0.0,1.0,1.0,N,,08/2024,Analyst
15-2051.01,1.A.2.a.2,Manual Dexterity,LV,0.0,8,0.0,0.0,0.0,N,Y,08/2024,Analyst
15-2051.01,1.A.2.a.3,Finger Dexterity,IM,1.5,8,0.189,1.1296,1.8704,N,,08/2024,Analyst
15-2051.01,1.A.2.a.3,Finger Dexterity,LV,0.5,8,0.189,0.1296,0.8704,N,N,08/2024,Analyst
15-2051.01,1.A.2.b.1,Control Precision,IM,1.0,8,0.0,1.0,1.0,N,,08/2024,Analyst
15-2051.01,1.A.2.b.1,Control Precision,LV,0.0,8,0.0,0.0,0.0,N,Y,08/2024,Analyst
15-2051.01,1.A.2.b.2,Multilimb Coordination,IM,1.0,8,0.0,1.0,1.0,N,,08/2024,Analyst
15-2051.01,1.A.2.b.2,Multilimb Coordination,LV,0.0,8,0.0,0.0,0.0,N,Y,08/2024,Analyst
15-2051.01,1.A.2.b.3,Response Orientation,IM,1.0,8,0.0,1.0,1.0,N,,08/2024,Analyst
15-2051.01,1.A.2.b.3,Response Orientation,LV,0.0,8,0.0,0.0,0.0,N,Y,08/2024,Analyst
15-2051.01,1.A.2.b.4,Rate Control,IM,1.0,8,0.0,1.0,1.0,N,,08/2024,Analyst
15-2051.01,1.A.2.b.4,Rate Control,LV,0.0,8,0.0,0.0,0.0,N,Y,08/2024,Analyst
15-2051.01,1.A.2.c.1,Reaction Time,IM,1.0,8,0.0,1.0,1.0,N,,08/2024,Analyst
15-2051.01,1.A.2.c.1,Reaction Time,LV,0.0,8,0.0,0.0,0.0,N,Y,08/2024,Analyst
15-2051.01,1.A.2.c.2,Wrist-Finger Speed,IM,1.62,8,0.183,1.2664,1.9836,N,,08/2024,Analyst
15-2051.01,1.A.2.c.2,Wrist-Finger Speed,LV,0.62,8,0.183,0.2664,0.9836,N,N,08/2024,Analyst
15-2051.01,1.A.2.c.3,Speed of Limb Movement,IM,1.0,8,0.0,1.0,1.0,N,,08/2024,Analyst
15-2051.01,1.A.2.c.3,Speed of Limb Movement,LV,0.0,8,0.0,0.0,0.0,N,Y,08/2024,Analyst
15-2051.01,1.A.3.a.1,Static Strength,IM,1.0,8,0.0,1.0,1.0,N,,08/2024,Analyst
15-2051.01,1.A.3.a.1,Static Strength,LV,0.0,8,0.0,0.0,0.0,N,Y,08/2024,Analyst
15-2051.01,1.A.3.a.2,Explosive Strength,IM,1.0,8,0.0,1.0,1.0,N,,08/2024,Analyst
15-2051.01,1.A.3.a.2,Explosive Strength,LV,0.0,8,0.0,0.0,0.0,N,Y,08/2024,Analyst
15-2051.01,1.A.3.a.3,Dynamic Strength,IM,1.25,8,0.1637,1.0,1.5708,N,,08/2024,Analyst
15-2051.01,1.A.3.a.3,Dynamic Strength,LV,0.25,8,0.1637,0.0,0.5708,N,Y,08/2024,Analyst
15-2051.01,1.A.3.a.4,Trunk Strength,IM,1.75,8,0.25,1.26,2.24,N,,08/2024,Analyst
15-2051.01,1.A.3.a.4,Trunk Strength,LV,1.12,8,0.3504,0.4383,1.8117,N,N,08/2024,Analyst
15-2051.01,1.A.3.b.1,Stamina,IM,1.0,8,0.0,1.0,1.0,N,,08/2024,Analyst
15-2051.01,1.A.3.b.1,Stamina,LV,0.0,8,0.0,0.0,0.0,N,Y,08/2024,Analyst
15-2051.01,1.A.3.c.1,Extent Flexibility,IM,1.0,8,0.0,1.0,1.0,N,,08/2024,Analyst
15-2051.01,1.A.3.c.1,Extent Flexibility,LV,0.0,8,0.0,0.0,0.0,N,Y,08/2024,Analyst
15-2051.01,1.A.3.c.2,Dynamic Flexibility,IM,1.0,8,0.0,1.0,1.0,N,,08/2024,Analyst
15-2051.01,1.A.3.c.2,Dynamic Flexibility,LV,0.0,8,0.0,0.0,0.0,N,Y,08/2024,Analyst
15-2051.01,1.A.3.c.3,Gross Body Coordination,IM,1.0,8,0.0,1.0,1.0,N,,08/2024,Analyst
15-2051.01,1.A.3.c.3,Gross Body Coordination,LV,0.0,8,0.0,0.0,0.0,N,Y,08/2024,Analyst
15-2051.01,1.A.3.c.4,Gross Body Equilibrium,IM,1.0,8,0.0,1.0,1.0,N,,08/2024,Analyst
15-2051.01,1.A.3.c.4,Gross Body Equilibrium,LV,0.0,8,0.0,0.0,0.0,N,Y,08/2024,Analyst
15-2051.01,1.A.4.a.1,Near Vision,IM,3.12,8,0.125,2.88,3.37,N,,08/2024,Analyst
15-2051.01,1.A.4.a.1,Near Vision,LV,3.5,8,0.189,3.1296,3.8704,N,N,08/2024,Analyst
15-2051.01,1.A.4.a.2,Far Vision,IM,2.62,8,0.183,2.2664,2.9836,N,,08/2024,Analyst
15-2051.01,1.A.4.a.2,Far Vision,LV,2.62,8,0.183,2.2664,2.9836,N,N,08/2024,Analyst
15-2051.01,1.A.4.a.3,Visual Color Discrimination,IM,1.62,8,0.183,1.2664,1.9836,N,,08/2024,Analyst
15-2051.01,1.A.4.a.3,Visual Color Discrimination,LV,0.88,8,0.295,0.2967,1.4533,N,N,08/2024,Analyst
15-2051.01,1.A.4.a.4,Night Vision,IM,1.0,8,0.0,1.0,1.0,N,,08/2024,Analyst
15-2051.01,1.A.4.a.4,Night Vision,LV,0.0,8,0.0,0.0,0.0,N,Y,08/2024,Analyst
15-2051.01,1.A.4.a.5,Peripheral Vision,IM,1.0,8,0.0,1.0,1.0,N,,08/2024,Analyst
15-2051.01,1.A.4.a.5,Peripheral Vision,LV,0.0,8,0.0,0.0,0.0,N,Y,08/2024,Analyst
15-2051.01,1.A.4.a.6,Depth Perception,IM,1.38,8,0.183,1.0164,1.7336,N,,08/2024,Analyst
15-2051.01,1.A.4.a.6,Depth Perception,LV,0.38,8,0.183,0.0164,0.7336,N,N,08/2024,Analyst
15-2051.01,1.A.4.a.7,Glare Sensitivity,IM,1.0,8,0.0,1.0,1.0,N,,08/2024,Analyst
15-2051.01,1.A.4.a.7,Glare Sensitivity,LV,0.0,8,0.0,0.0,0.0,N,Y,08/2024,Analyst
15-2051.01,1.A.4.b.1,Hearing Sensitivity,IM,1.62,8,0.183,1.2664,1.9836,N,,08/2024,Analyst
15-2051.01,1.A.4.b.1,Hearing Sensitivity,LV,0.75,8,0.25,0.26,1.24,N,N,08/2024,Analyst
15-2051.01,1.A.4.b.2,Auditory Attention,IM,1.62,8,0.183,1.2664,1.9836,N,,08/2024,Analyst
15-2051.01,1.A.4.b.2,Auditory Attention,LV,0.75,8,0.25,0.26,1.24,N,N,08/2024,Analyst
15-2051.01,1.A.4.b.3,Sound Localization,IM,1.0,8,0.0,1.0,1.0,N,,08/2024,Analyst
15-2051.01,1.A.4.b.3,Sound Localization,LV,0.0,8,0.0,0.0,0.0,N,Y,08/2024,Analyst
15-2051.01,1.A.4.b.4,Speech Recognition,IM,3.38,8,0.183,3.0164,3.7336,N,,08/2024,Analyst
15-2051.01,1.A.4.b.4,Speech Recognition,LV,3.38,8,0.183,3.0164,3.7336,N,N,08/2024,Analyst
15-2051.01,1.A.4.b.5,Speech Clarity,IM,3.5,8,0.189,3.1296,3.8704,N,,08/2024,Analyst
15-2051.01,1.A.4.b.5,Speech Clarity,LV,3.5,8,0.189,3.1296,3.8704,N,N,08/2024,Analyst
15-2051.02,1.A.1.a.1,Oral Comprehension,IM,4.0,8,0.0,4.0,4.0,N,,07/2016,Analyst
15-2051.02,1.A.1.a.1,Oral Comprehension,LV,4.25,8,0.1637,3.9292,4.5708,N,N,07/2016,Analyst
15-2051.02,1.A.1.a.2,Written Comprehension,IM,4.0,8,0.0,4.0,4.0,N,,07/2016,Analyst
15-2051.02,1.A.1.a.2,Written Comprehension,LV,4.25,8,0.1637,3.9292,4.5708,N,N,07/2016,Analyst
15-2051.02,1.A.1.a.3,Oral Expression,IM,4.0,8,0.0,4.0,4.0,N,,07/2016,Analyst
15-2051.02,1.A.1.a.3,Oral Expression,LV,4.12,8,0.125,3.88,4.37,N,N,07/2016,Analyst
15-2051.02,1.A.1.a.4,Written Expression,IM,3.88,8,0.125,3.63,4.12,N,,07/2016,Analyst
15-2051.02,1.A.1.a.4,Written Expression,LV,4.12,8,0.125,3.88,4.37,N,N,07/2016,Analyst
15-2051.02,1.A.1.b.1,Fluency of Ideas,IM,3.12,8,0.125,2.88,3.37,N,,07/2016,Analyst
15-2051.02,1.A.1.b.1,Fluency of Ideas,LV,3.5,8,0.189,3.1296,3.8704,N,N,07/2016,Analyst
15-2051.02,1.A.1.b.2,Originality,IM,3.0,8,0.0,3.0,3.0,N,,07/2016,Analyst
15-2051.02,1.A.1.b.2,Originality,LV,3.38,8,0.183,3.0164,3.7336,N,N,07/2016,Analyst
15-2051.02,1.A.1.b.3,Problem Sensitivity,IM,3.88,8,0.125,3.63,4.12,N,,07/2016,Analyst
15-2051.02,1.A.1.b.3,Problem Sensitivity,LV,3.88,8,0.125,3.63,4.12,N,N,07/2016,Analyst
15-2051.02,1.A.1.b.4,Deductive Reasoning,IM,4.12,8,0.125,3.88,4.37,N,,07/2016,Analyst
15-2051.02,1.A.1.b.4,Deductive Reasoning,LV,4.25,8,0.1637,3.9292,4.5708,N,N,07/2016,Analyst
15-2051.02,1.A.1.b.5,Inductive Reasoning,IM,3.88,8,0.2266,3.4309,4.3191,N,,07/2016,Analyst
15-2051.02,1.A.1.b.5,Inductive Reasoning,LV,3.88,8,0.2266,3.4309,4.3191,N,N,07/2016,Analyst
15-2051.02,1.A.1.b.6,Information Ordering,IM,4.12,8,0.125,3.88,4.37,N,,07/2016,Analyst
15-2051.02,1.A.1.b.6,Information Ordering,LV,4.0,8,0.0,4.0,4.0,N,N,07/2016,Analyst
15-2051.02,1.A.1.b.7,Category Flexibility,IM,3.25,8,0.1637,2.9292,3.5708,N,,07/2016,Analyst
15-2051.02,1.A.1.b.7,Category Flexibility,LV,3.88,8,0.125,3.63,4.12,N,N,07/2016,Analyst
15-2051.02,1.A.1.c.1,Mathematical Reasoning,IM,3.38,8,0.183,3.0164,3.7336,N,,07/2016,Analyst
15-2051.02,1.A.1.c.1,Mathematical Reasoning,LV,3.62,8,0.183,3.2664,3.9836,N,N,07/2016,Analyst
15-2051.02,1.A.1.c.2,Number Facility,IM,3.12,8,0.125,2.88,3.37,N,,07/2016,Analyst
15-2051.02,1.A.1.c.2,Number Facility,LV,3.25,8,0.1637,2.9292,3.5708,N,N,07/2016,Analyst
15-2051.02,1.A.1.d.1,Memorization,IM,2.62,8,0.183,2.2664,2.9836,N,,07/2016,Analyst
15-2051.02,1.A.1.d.1,Memorization,LV,2.62,8,0.183,2.2664,2.9836,N,N,07/2016,Analyst
15-2051.02,1.A.1.e.1,Speed of Closure,IM,2.62,8,0.183,2.2664,2.9836,N,,07/2016,Analyst
15-2051.02,1.A.1.e.1,Speed of Closure,LV,2.75,8,0.1637,2.4292,3.0708,N,N,07/2016,Analyst
15-2051.02,1.A.1.e.2,Flexibility of Closure,IM,3.12,8,0.125,2.88,3.37,N,,07/2016,Analyst
15-2051.02,1.A.1.e.2,Flexibility of Closure,LV,3.25,8,0.1637,2.9292,3.5708,N,N,07/2016,Analyst
15-2051.02,1.A.1.e.3,Perceptual Speed,IM,2.88,8,0.125,2.63,3.12,N,,07/2016,Analyst
15-2051.02,1.A.1.e.3,Perceptual Speed,LV,3.0,8,0.0,3.0,3.0,N,N,07/2016,Analyst
15-2051.02,1.A.1.f.1,Spatial Orientation,IM,1.0,8,0.0,1.0,1.0,N,,07/2016,Analyst
15-2051.02,1.A.1.f.1,Spatial Orientation,LV,0.0,8,0.0,0.0,0.0,N,Y,07/2016,Analyst
15-2051.02,1.A.1.f.2,Visualization,IM,2.25,8,0.1637,1.9292,2.5708,N,,07/2016,Analyst
15-2051.02,1.A.1.f.2,Visualization,LV,2.12,8,0.125,1.88,2.37,N,N,07/2016,Analyst
15-2051.02,1.A.1.g.1,Selective Attention,IM,3.0,8,0.0,3.0,3.0,N,,07/2016,Analyst
15-2051.02,1.A.1.g.1,Selective Attention,LV,3.0,8,0.0,3.0,3.0,N,N,07/2016,Analyst
15-2051.02,1.A.1.g.2,Time Sharing,IM,2.25,8,0.25,1.76,2.74,N,,07/2016,Analyst
15-2051.02,1.A.1.g.2,Time Sharing,LV,1.75,8,0.25,1.26,2.24,N,N,07/2016,Analyst
15-2051.02,1.A.2.a.1,Arm-Hand Steadiness,IM,1.38,8,0.183,1.0164,1.7336,N,,07/2016,Analyst
15-2051.02,1.A.2.a.1,Arm-Hand Steadiness,LV,0.38,8,0.183,0.0164,0.7336,N,N,07/2016,Analyst
15-2051.02,1.A.2.a.2,Manual Dexterity,IM,1.38,8,0.183,1.0164,1.7336,N,,07/2016,Analyst
15-2051.02,1.A.2.a.2,Manual Dexterity,LV,0.38,8,0.183,0.0164,0.7336,N,N,07/2016,Analyst
15-2051.02,1.A.2.a.3,Finger Dexterity,IM,1.88,8,0.125,1.63,2.12,N,,07/2016,Analyst
15-2051.02,1.A.2.a.3,Finger Dexterity,LV,1.62,8,0.2631,1.1094,2.1406,N,N,07/2016,Analyst
15-2051.02,1.A.2.b.1,Control Precision,IM,1.25,8,0.1637,1.0,1.5708,N,,07/2016,Analyst
15-2051.02,1.A.2.b.1,Control Precision,LV,0.25,8,0.1637,0.0,0.5708,N,Y,07/2016,Analyst
15-2051.02,1.A.2.b.2,Multilimb Coordination,IM,1.0,8,0.0,1.0,1.0,N,,07/2016,Analyst
15-2051.02,1.A.2.b.2,Multilimb Coordination,LV,0.0,8,0.0,0.0,0.0,N,Y,07/2016,Analyst
15-2051.02,1.A.2.b.3,Response Orientation,IM,1.0,8,0.0,1.0,1.0,N,,07/2016,Analyst
15-2051.02,1.A.2.b.3,Response Orientation,LV,0.0,8,0.0,0.0,0.0,N,Y,07/2016,Analyst
15-2051.02,1.A.2.b.4,Rate Control,IM,1.0,8,0.0,1.0,1.0,N,,07/2016,Analyst
15-2051.02,1.A.2.b.4,Rate Control,LV,0.0,8,0.0,0.0,0.0,N,Y,07/2016,Analyst
15-2051.02,1.A.2.c.1,Reaction Time,IM,1.0,8,0.0,1.0,1.0,N,,07/2016,Analyst
15-2051.02,1.A.2.c.1,Reaction Time,LV,0.0,8,0.0,0.0,0.0,N,Y,07/2016,Analyst
15-2051.02,1.A.2.c.2,Wrist-Finger Speed,IM,1.75,8,0.1637,1.4292,2.0708,N,,07/2016,Analyst
15-2051.02,1.A.2.c.2,Wrist-Finger Speed,LV,0.88,8,0.2266,0.4309,1.3191,N,N,07/2016,Analyst
15-2051.02,1.A.2.c.3,Speed of Limb Movement,IM,1.0,8,0.0,1.0,1.0,N,,07/2016,Analyst
15-2051.02,1.A.2.c.3,Speed of Limb Movement,LV,0.0,8,0.0,0.0,0.0,N,Y,07/2016,Analyst
15-2051.02,1.A.3.a.1,Static Strength,IM,1.0,8,0.0,1.0,1.0,N,,07/2016,Analyst
15-2051.02,1.A.3.a.1,Static Strength,LV,0.0,8,0.0,0.0,0.0,N,Y,07/2016,Analyst
15-2051.02,1.A.3.a.2,Explosive Strength,IM,1.0,8,0.0,1.0,1.0,N,,07/2016,Analyst
15-2051.02,1.A.3.a.2,Explosive Strength,LV,0.0,8,0.0,0.0,0.0,N,Y,07/2016,Analyst
15-2051.02,1.A.3.a.3,Dynamic Strength,IM,1.38,8,0.183,1.0164,1.7336,N,,07/2016,Analyst
15-2051.02,1.A.3.a.3,Dynamic Strength,LV,0.38,8,0.183,0.0164,0.7336,N,N,07/2016,Analyst
15-2051.02,1.A.3.a.4,Trunk Strength,IM,1.62,8,0.183,1.2664,1.9836,N,,07/2016,Analyst
15-2051.02,1.A.3.a.4,Trunk Strength,LV,0.88,8,0.295,0.2967,1.4533,N,N,07/2016,Analyst
15-2051.02,1.A.3.b.1,Stamina,IM,1.0,8,0.0,1.0,1.0,N,,07/2016,Analyst
15-2051.02,1.A.3.b.1,Stamina,LV,0.0,8,0.0,0.0,0.0,N,Y,07/2016,Analyst
15-2051.02,1.A.3.c.1,Extent Flexibility,IM,1.0,8,0.0,1.0,1.0,N,,07/2016,Analyst
15-2051.02,1.A.3.c.1,Extent Flexibility,LV,0.0,8,0.0,0.0,0.0,N,Y,07/2016,Analyst
15-2051.02,1.A.3.c.2,Dynamic Flexibility,IM,1.0,8,0.0,1.0,1.0,N,,07/2016,Analyst
15-2051.02,1.A.3.c.2,Dynamic Flexibility,LV,0.0,8,0.0,0.0,0.0,N,Y,07/2016,Analyst
15-2051.02,1.A.3.c.3,Gross Body Coordination,IM,1.0,8,0.0,1.0,1.0,N,,07/2016,Analyst
15-2051.02,1.A.3.c.3,Gross Body Coordination,LV,0.0,8,0.0,0.0,0.0,N,Y,07/2016,Analyst
15-2051.02,1.A.3.c.4,Gross Body Equilibrium,IM,1.0,8,0.0,1.0,1.0,N,,07/2016,Analyst
15-2051.02,1.A.3.c.4,Gross Body Equilibrium,LV,0.0,8,0.0,0.0,0.0,N,Y,07/2016,Analyst
15-2051.02,1.A.4.a.1,Near Vision,IM,3.88,8,0.125,3.63,4.12,N,,07/2016,Analyst
15-2051.02,1.A.4.a.1,Near Vision,LV,3.62,8,0.183,3.2664,3.9836,N,N,07/2016,Analyst
15-2051.02,1.A.4.a.2,Far Vision,IM,2.38,8,0.183,2.0164,2.7336,N,,07/2016,Analyst
15-2051.02,1.A.4.a.2,Far Vision,LV,2.5,8,0.189,2.1296,2.8704,N,N,07/2016,Analyst
15-2051.02,1.A.4.a.3,Visual Color Discrimination,IM,1.75,8,0.1637,1.4292,2.0708,N,,07/2016,Analyst
15-2051.02,1.A.4.a.3,Visual Color Discrimination,LV,0.88,8,0.2266,0.4309,1.3191,N,N,07/2016,Analyst
15-2051.02,1.A.4.a.4,Night Vision,IM,1.0,8,0.0,1.0,1.0,N,,07/2016,Analyst
15-2051.02,1.A.4.a.4,Night Vision,LV,0.0,8,0.0,0.0,0.0,N,Y,07/2016,Analyst
15-2051.02,1.A.4.a.5,Peripheral Vision,IM,1.0,8,0.0,1.0,1.0,N,,07/2016,Analyst
15-2051.02,1.A.4.a.5,Peripheral Vision,LV,0.0,8,0.0,0.0,0.0,N,Y,07/2016,Analyst
15-2051.02,1.A.4.a.6,Depth Perception,IM,1.38,8,0.183,1.0164,1.7336,N,,07/2016,Analyst
15-2051.02,1.A.4.a.6,Depth Perception,LV,0.38,8,0.183,0.0164,0.7336,N,N,07/2016,Analyst
15-2051.02,1.A.4.a.7,Glare Sensitivity,IM,1.0,8,0.0,1.0,1.0,N,,07/2016,Analyst
15-2051.02,1.A.4.a.7,Glare Sensitivity,LV,0.0,8,0.0,0.0,0.0,N,Y,07/2016,Analyst
15-2051.02,1.A.4.b.1,Hearing Sensitivity,IM,1.75,8,0.1637,1.4292,2.0708,N,,07/2016,Analyst
15-2051.02,1.A.4.b.1,Hearing Sensitivity,LV,1.0,8,0.2673,0.4762,1.5238,N,N,07/2016,Analyst
15-2051.02,1.A.4.b.2,Auditory Attention,IM,1.88,8,0.125,1.63,2.12,N,,07/2016,Analyst
15-2051.02,1.A.4.b.2,Auditory Attention,LV,0.88,8,0.125,0.63,1.12,N,N,07/2016,Analyst
15-2051.02,1.A.4.b.3,Sound Localization,IM,1.0,8,0.0,1.0,1.0,N,,07/2016,Analyst
15-2051.02,1.A.4.b.3,Sound Localization,LV,0.0,8,0.0,0.0,0.0,N,Y,07/2016,Analyst
15-2051.02,1.A.4.b.4,Speech Recognition,IM,3.75,8,0.1637,3.4292,4.0708,N,,07/2016,Analyst
15-2051.02,1.A.4.b.4,Speech Recognition,LV,3.38,8,0.2631,2.8594,3.8906,N,N,07/2016,Analyst
15-2051.02,1.A.4.b.5,Speech Clarity,IM,3.75,8,0.1637,3.4292,4.0708,N,,07/2016,Analyst
15-2051.02,1.A.4.b.5,Speech Clarity,LV,3.38,8,0.2631,2.8594,3.8906,N,N,07/2016,Analyst
15-2099.01,1.A.1.a.1,Oral Comprehension,IM,3.75,8,0.25,3.26,4.24,N,,07/2014,Analyst
15-2099.01,1.A.1.a.1,Oral Comprehension,LV,4.38,8,0.183,4.0164,4.7336,N,N,07/2014,Analyst
15-2099.01,1.A.1.a.2,Written Comprehension,IM,4.0,8,0.2673,3.4762,4.5238,N,,07/2014,Analyst
15-2099.01,1.A.1.a.2,Written Comprehension,LV,4.5,8,0.189,4.1296,4.8704,N,N,07/2014,Analyst
15-2099.01,1.A.1.a.3,Oral Expression,IM,3.5,8,0.2673,2.9762,4.0238,N,,07/2014,Analyst
15-2099.01,1.A.1.a.3,Oral Expression,LV,4.38,8,0.2631,3.8594,4.8906,N,N,07/2014,Analyst
15-2099.01,1.A.1.a.4,Written Expression,IM,3.62,8,0.2631,3.1094,4.1406,N,,07/2014,Analyst
15-2099.01,1.A.1.a.4,Written Expression,LV,4.12,8,0.2266,3.6809,4.5691,N,N,07/2014,Analyst
15-2099.01,1.A.1.b.1,Fluency of Ideas,IM,3.25,8,0.25,2.76,3.74,N,,07/2014,Analyst
15-2099.01,1.A.1.b.1,Fluency of Ideas,LV,3.5,8,0.189,3.1296,3.8704,N,N,07/2014,Analyst
15-2099.01,1.A.1.b.2,Originality,IM,3.0,8,0.189,2.6296,3.3704,N,,07/2014,Analyst
15-2099.01,1.A.1.b.2,Originality,LV,3.25,8,0.1637,2.9292,3.5708,N,N,07/2014,Analyst
15-2099.01,1.A.1.b.3,Problem Sensitivity,IM,3.38,8,0.183,3.0164,3.7336,N,,07/2014,Analyst
15-2099.01,1.A.1.b.3,Problem Sensitivity,LV,3.88,8,0.2266,3.4309,4.3191,N,N,07/2014,Analyst
15-2099.01,1.A.1.b.4,Deductive Reasoning,IM,3.75,8,0.1637,3.4292,4.0708,N,,07/2014,Analyst
15-2099.01,1.A.1.b.4,Deductive Reasoning,LV,3.75,8,0.1637,3.4292,4.0708,N,N,07/2014,Analyst
15-2099.01,1.A.1.b.5,Inductive Reasoning,IM,3.75,8,0.1637,3.4292,4.0708,N,,07/2014,Analyst
15-2099.01,1.A.1.b.5,Inductive Reasoning,LV,3.88,8,0.2266,3.4309,4.3191,N,N,07/2014,Analyst
15-2099.01,1.A.1.b.6,Information Ordering,IM,3.62,8,0.183,3.2664,3.9836,N,,07/2014,Analyst
15-2099.01,1.A.1.b.6,Information Ordering,LV,3.62,8,0.183,3.2664,3.9836,N,N,07/2014,Analyst
15-2099.01,1.A.1.b.7,Category Flexibility,IM,3.38,8,0.183,3.0164,3.7336,N,,07/2014,Analyst
15-2099.01,1.A.1.b.7,Category Flexibility,LV,3.88,8,0.2266,3.4309,4.3191,N,N,07/2014,Analyst
15-2099.01,1.A.1.c.1,Mathematical Reasoning,IM,3.62,8,0.183,3.2664,3.9836,N,,07/2014,Analyst
15-2099.01,1.A.1.c.1,Mathematical Reasoning,LV,4.12,8,0.125,3.88,4.37,N,N,07/2014,Analyst
15-2099.01,1.A.1.c.2,Number Facility,IM,3.12,8,0.2266,2.6809,3.5691,N,,07/2014,Analyst
15-2099.01,1.A.1.c.2,Number Facility,LV,3.38,8,0.183,3.0164,3.7336,N,N,07/2014,Analyst
15-2099.01,1.A.1.d.1,Memorization,IM,2.88,8,0.2266,2.4309,3.3191,N,,07/2014,Analyst
15-2099.01,1.A.1.d.1,Memorization,LV,2.88,8,0.295,2.2967,3.4533,N,N,07/2014,Analyst
15-2099.01,1.A.1.e.1,Speed of Closure,IM,2.75,8,0.25,2.26,3.24,N,,07/2014,Analyst
15-2099.01,1.A.1.e.1,Speed of Closure,LV,2.88,8,0.3504,2.1883,3.5617,N,N,07/2014,Analyst
15-2099.01,1.A.1.e.2,Flexibility of Closure,IM,3.38,8,0.2631,2.8594,3.8906,N,,07/2014,Analyst
15-2099.01,1.A.1.e.2,Flexibility of Closure,LV,3.62,8,0.2631,3.1094,4.1406,N,N,07/2014,Analyst
15-2099.01,1.A.1.e.3,Perceptual Speed,IM,3.0,8,0.189,2.6296,3.3704,N,,07/2014,Analyst
15-2099.01,1.A.1.e.3,Perceptual Speed,LV,3.25,8,0.25,2.76,3.74,N,N,07/2014,Analyst
15-2099.01,1.A.1.f.1,Spatial Orientation,IM,1.0,8,0.0,1.0,1.0,N,,07/2014,Analyst
15-2099.01,1.A.1.f.1,Spatial Orientation,LV,0.0,8,0.0,0.0,0.0,N,Y,07/2014,Analyst
15-2099.01,1.A.1.f.2,Visualization,IM,3.0,8,0.2673,2.4762,3.5238,N,,07/2014,Analyst
15-2099.01,1.A.1.f.2,Visualization,LV,3.12,8,0.2266,2.6809,3.5691,N,N,07/2014,Analyst
15-2099.01,1.A.1.g.1,Selective Attention,IM,3.5,8,0.3273,2.8584,4.1416,N,,07/2014,Analyst
15-2099.01,1.A.1.g.1,Selective Attention,LV,3.25,8,0.25,2.76,3.74,N,N,07/2014,Analyst
15-2099.01,1.A.1.g.2,Time Sharing,IM,2.75,8,0.1637,2.4292,3.0708,N,,07/2014,Analyst
15-2099.01,1.A.1.g.2,Time Sharing,LV,2.75,8,0.25,2.26,3.24,N,N,07/2014,Analyst
15-2099.01,1.A.2.a.1,Arm-Hand Steadiness,IM,1.0,8,0.0,1.0,1.0,N,,07/2014,Analyst
15-2099.01,1.A.2.a.1,Arm-Hand Steadiness,LV,0.0,8,0.0,0.0,0.0,N,Y,07/2014,Analyst
15-2099.01,1.A.2.a.2,Manual Dexterity,IM,1.0,8,0.0,1.0,1.0,N,,07/2014,Analyst
15-2099.01,1.A.2.a.2,Manual Dexterity,LV,0.0,8,0.0,0.0,0.0,N,Y,07/2014,Analyst
15-2099.01,1.A.2.a.3,Finger Dexterity,IM,2.5,8,0.3273,1.8584,3.1416,N,,07/2014,Analyst
15-2099.01,1.A.2.a.3,Finger Dexterity,LV,2.25,8,0.4119,1.4427,3.0573,N,N,07/2014,Analyst
15-2099.01,1.A.2.b.1,Control Precision,IM,1.12,8,0.125,1.0,1.37,N,,07/2014,Analyst
15-2099.01,1.A.2.b.1,Control Precision,LV,0.25,8,0.25,0.0,0.74,N,Y,07/2014,Analyst
15-2099.01,1.A.2.b.2,Multilimb Coordination,IM,1.0,8,0.0,1.0,1.0,N,,07/2014,Analyst
15-2099.01,1.A.2.b.2,Multilimb Coordination,LV,0.0,8,0.0,0.0,0.0,N,Y,07/2014,Analyst
15-2099.01,1.A.2.b.3,Response Orientation,IM,1.0,8,0.0,1.0,1.0,N,,07/2014,Analyst
15-2099.01,1.A.2.b.3,Response Orientation,LV,0.0,8,0.0,0.0,0.0,N,Y,07/2014,Analyst
15-2099.01,1.A.2.b.4,Rate Control,IM,1.0,8,0.0,1.0,1.0,N,,07/2014,Analyst
15-2099.01,1.A.2.b.4,Rate Control,LV,0.0,8,0.0,0.0,0.0,N,Y,07/2014,Analyst
15-2099.01,1.A.2.c.1,Reaction Time,IM,1.0,8,0.0,1.0,1.0,N,,07/2014,Analyst
15-2099.01,1.A.2.c.1,Reaction Time,LV,0.0,8,0.0,0.0,0.0,N,Y,07/2014,Analyst
15-2099.01,1.A.2.c.2,Wrist-Finger Speed,IM,1.25,8,0.25,1.0,1.74,N,,07/2014,Analyst
15-2099.01,1.A.2.c.2,Wrist-Finger Speed,LV,0.38,8,0.375,0.0,1.11,N,Y,07/2014,Analyst
15-2099.01,1.A.2.c.3,Speed of Limb Movement,IM,1.0,8,0.0,1.0,1.0,N,,07/2014,Analyst
15-2099.01,1.A.2.c.3,Speed of Limb Movement,LV,0.0,8,0.0,0.0,0.0,N,Y,07/2014,Analyst
15-2099.01,1.A.3.a.1,Static Strength,IM,1.0,8,0.0,1.0,1.0,N,,07/2014,Analyst
15-2099.01,1.A.3.a.1,Static Strength,LV,0.0,8,0.0,0.0,0.0,N,Y,07/2014,Analyst
15-2099.01,1.A.3.a.2,Explosive Strength,IM,1.0,8,0.0,1.0,1.0,N,,07/2014,Analyst
15-2099.01,1.A.3.a.2,Explosive Strength,LV,0.0,8,0.0,0.0,0.0,N,Y,07/2014,Analyst
15-2099.01,1.A.3.a.3,Dynamic Strength,IM,1.0,8,0.0,1.0,1.0,N,,07/2014,Analyst
15-2099.01,1.A.3.a.3,Dynamic Strength,LV,0.0,8,0.0,0.0,0.0,N,Y,07/2014,Analyst
15-2099.01,1.A.3.a.4,Trunk Strength,IM,1.0,8,0.0,1.0,1.0,N,,07/2014,Analyst
15-2099.01,1.A.3.a.4,Trunk Strength,LV,0.0,8,0.0,0.0,0.0,N,Y,07/2014,Analyst
15-2099.01,1.A.3.b.1,Stamina,IM,1.0,8,0.0,1.0,1.0,N,,07/2014,Analyst
15-2099.01,1.A.3.b.1,Stamina,LV,0.0,8,0.0,0.0,0.0,N,Y,07/2014,Analyst
15-2099.01,1.A.3.c.1,Extent Flexibility,IM,1.0,8,0.0,1.0,1.0,N,,07/2014,Analyst
15-2099.01,1.A.3.c.1,Extent Flexibility,LV,0.0,8,0.0,0.0,0.0,N,Y,07/2014,Analyst
15-2099.01,1.A.3.c.2,Dynamic Flexibility,IM,1.0,8,0.0,1.0,1.0,N,,07/2014,Analyst
15-2099.01,1.A.3.c.2,Dynamic Flexibility,LV,0.0,8,0.0,0.0,0.0,N,Y,07/2014,Analyst
15-2099.01,1.A.3.c.3,Gross Body Coordination,IM,1.0,8,0.0,1.0,1.0,N,,07/2014,Analyst
15-2099.01,1.A.3.c.3,Gross Body Coordination,LV,0.0,8,0.0,0.0,0.0,N,Y,07/2014,Analyst
15-2099.01,1.A.3.c.4,Gross Body Equilibrium,IM,1.0,8,0.0,1.0,1.0,N,,07/2014,Analyst
15-2099.01,1.A.3.c.4,Gross Body Equilibrium,LV,0.0,8,0.0,0.0,0.0,N,Y,07/2014,Analyst
15-2099.01,1.A.4.a.1,Near Vision,IM,3.38,8,0.183,3.0164,3.7336,N,,07/2014,Analyst
15-2099.01,1.A.4.a.1,Near Vision,LV,4.0,8,0.189,3.6296,4.3704,N,N,07/2014,Analyst
15-2099.01,1.A.4.a.2,Far Vision,IM,2.88,8,0.2266,2.4309,3.3191,N,,07/2014,Analyst
15-2099.01,1.A.4.a.2,Far Vision,LV,3.0,8,0.189,2.6296,3.3704,N,N,07/2014,Analyst
15-2099.01,1.A.4.a.3,Visual Color Discrimination,IM,2.5,8,0.189,2.1296,2.8704,N,,07/2014,Analyst
15-2099.01,1.A.4.a.3,Visual Color Discrimination,LV,2.38,8,0.2631,1.8594,2.8906,N,N,07/2014,Analyst
15-2099.01,1.A.4.a.4,Night Vision,IM,1.0,8,0.0,1.0,1.0,N,,07/2014,Analyst
15-2099.01,1.A.4.a.4,Night Vision,LV,0.0,8,0.0,0.0,0.0,N,Y,07/2014,Analyst
15-2099.01,1.A.4.a.5,Peripheral Vision,IM,1.0,8,0.0,1.0,1.0,N,,07/2014,Analyst
15-2099.01,1.A.4.a.5,Peripheral Vision,LV,0.0,8,0.0,0.0,0.0,N,Y,07/2014,Analyst
15-2099.01,1.A.4.a.6,Depth Perception,IM,1.62,8,0.183,1.2664,1.9836,N,,07/2014,Analyst
15-2099.01,1.A.4.a.6,Depth Perception,LV,0.88,8,0.295,0.2967,1.4533,N,N,07/2014,Analyst
15-2099.01,1.A.4.a.7,Glare Sensitivity,IM,1.0,8,0.0,1.0,1.0,N,,07/2014,Analyst
15-2099.01,1.A.4.a.7,Glare Sensitivity,LV,0.0,8,0.0,0.0,0.0,N,Y,07/2014,Analyst
15-2099.01,1.A.4.b.1,Hearing Sensitivity,IM,1.88,8,0.2266,1.4309,2.3191,N,,07/2014,Analyst
15-2099.01,1.A.4.b.1,Hearing Sensitivity,LV,1.5,8,0.378,0.7592,2.2408,N,N,07/2014,Analyst
15-2099.01,1.A.4.b.2,Auditory Attention,IM,1.88,8,0.2266,1.4309,2.3191,N,,07/2014,Analyst
15-2099.01,1.A.4.b.2,Auditory Attention,LV,1.5,8,0.378,0.7592,2.2408,N,N,07/2014,Analyst
15-2099.01,1.A.4.b.3,Sound Localization,IM,1.0,8,0.0,1.0,1.0,N,,07/2014,Analyst
15-2099.01,1.A.4.b.3,Sound Localization,LV,0.0,8,0.0,0.0,0.0,N,Y,07/2014,Analyst
15-2099.01,1.A.4.b.4,Speech Recognition,IM,3.38,8,0.183,3.0164,3.7336,N,,07/2014,Analyst
15-2099.01,1.A.4.b.4,Speech Recognition,LV,3.5,8,0.189,3.1296,3.8704,N,N,07/2014,Analyst
15-2099.01,1.A.4.b.5,Speech Clarity,IM,3.38,8,0.183,3.0164,3.7336,N,,07/2014,Analyst
15-2099.01,1.A.4.b.5,Speech Clarity,LV,3.25,8,0.1637,2.9292,3.5708,N,N,07/2014,Analyst
17-1011.00,1.A.1.a.1,Oral Comprehension,IM,4.0,8,0.0,4.0,4.0,N,,08/2021,Analyst
17-1011.00,1.A.1.a.1,Oral Comprehension,LV,4.88,8,0.125,4.63,5.12,N,N,08/2021,Analyst
17-1011.00,1.A.1.a.2,Written Comprehension,IM,4.0,8,0.0,4.0,4.0,N,,08/2021,Analyst
17-1011.00,1.A.1.a.2,Written Comprehension,LV,4.38,8,0.183,4.0164,4.7336,N,N,08/2021,Analyst
17-1011.00,1.A.1.a.3,Oral Expression,IM,4.0,8,0.0,4.0,4.0,N,,08/2021,Analyst
17-1011.00,1.A.1.a.3,Oral Expression,LV,4.88,8,0.125,4.63,5.12,N,N,08/2021,Analyst
17-1011.00,1.A.1.a.4,Written Expression,IM,4.0,8,0.0,4.0,4.0,N,,08/2021,Analyst
17-1011.00,1.A.1.a.4,Written Expression,LV,4.12,8,0.125,3.88,4.37,N,N,08/2021,Analyst
17-1011.00,1.A.1.b.1,Fluency of Ideas,IM,4.0,8,0.0,4.0,4.0,N,,08/2021,Analyst
17-1011.00,1.A.1.b.1,Fluency of Ideas,LV,4.38,8,0.183,4.0164,4.7336,N,N,08/2021,Analyst
17-1011.00,1.A.1.b.2,Originality,IM,4.0,8,0.0,4.0,4.0,N,,08/2021,Analyst
17-1011.00,1.A.1.b.2,Originality,LV,4.25,8,0.1637,3.9292,4.5708,N,N,08/2021,Analyst
17-1011.00,1.A.1.b.3,Problem Sensitivity,IM,4.0,8,0.0,4.0,4.0,N,,08/2021,Analyst
17-1011.00,1.A.1.b.3,Problem Sensitivity,LV,4.62,8,0.183,4.2664,4.9836,N,N,08/2021,Analyst
17-1011.00,1.A.1.b.4,Deductive Reasoning,IM,4.0,8,0.0,4.0,4.0,N,,08/2021,Analyst
17-1011.00,1.A.1.b.4,Deductive Reasoning,LV,5.0,8,0.0,5.0,5.0,N,N,08/2021,Analyst
17-1011.00,1.A.1.b.5,Inductive Reasoning,IM,4.0,8,0.0,4.0,4.0,N,,08/2021,Analyst
17-1011.00,1.A.1.b.5,Inductive Reasoning,LV,4.12,8,0.125,3.88,4.37,N,N,08/2021,Analyst
17-1011.00,1.A.1.b.6,Information Ordering,IM,4.0,8,0.0,4.0,4.0,N,,08/2021,Analyst
17-1011.00,1.A.1.b.6,Information Ordering,LV,4.0,8,0.0,4.0,4.0,N,N,08/2021,Analyst
17-1011.00,1.A.1.b.7,Category Flexibility,IM,4.0,8,0.0,4.0,4.0,N,,08/2021,Analyst
17-1011.00,1.A.1.b.7,Category Flexibility,LV,4.25,8,0.1637,3.9292,4.5708,N,N,08/2021,Analyst
17-1011.00,1.A.1.c.1,Mathematical Reasoning,IM,3.25,8,0.1637,2.9292,3.5708,N,,08/2021,Analyst
17-1011.00,1.A.1.c.1,Mathematical Reasoning,LV,3.88,8,0.125,3.63,4.12,N,N,08/2021,Analyst
17-1011.00,1.A.1.c.2,Number Facility,IM,3.38,8,0.183,3.0164,3.7336,N,,08/2021,Analyst
17-1011.00,1.A.1.c.2,Number Facility,LV,4.12,8,0.125,3.88,4.37,N,N,08/2021,Analyst
17-1011.00,1.A.1.d.1,Memorization,IM,2.88,8,0.125,2.63,3.12,N,,08/2021,Analyst
17-1011.00,1.A.1.d.1,Memorization,LV,2.88,8,0.125,2.63,3.12,N,N,08/2021,Analyst
17-1011.00,1.A.1.e.1,Speed of Closure,IM,3.0,8,0.0,3.0,3.0,N,,08/2021,Analyst
17-1011.00,1.A.1.e.1,Speed of Closure,LV,3.12,8,0.2266,2.6809,3.5691,N,N,08/2021,Analyst
17-1011.00,1.A.1.e.2,Flexibility of Closure,IM,3.62,8,0.183,3.2664,3.9836,N,,08/2021,Analyst
17-1011.00,1.A.1.e.2,Flexibility of Closure,LV,3.88,8,0.125,3.63,4.12,N,N,08/2021,Analyst
17-1011.00,1.A.1.e.3,Perceptual Speed,IM,3.25,8,0.1637,2.9292,3.5708,N,,08/2021,Analyst
17-1011.00,1.A.1.e.3,Perceptual Speed,LV,3.12,8,0.125,2.88,3.37,N,N,08/2021,Analyst
17-1011.00,1.A.1.f.1,Spatial Orientation,IM,2.25,8,0.25,1.76,2.74,N,,08/2021,Analyst
17-1011.00,1.A.1.f.1,Spatial Orientation,LV,1.75,8,0.25,1.26,2.24,N,N,08/2021,Analyst
17-1011.00,1.A.1.f.2,Visualization,IM,4.12,8,0.125,3.88,4.37,N,,08/2021,Analyst
17-1011.00,1.A.1.f.2,Visualization,LV,4.75,8,0.1637,4.4292,5.0708,N,N,08/2021,Analyst
17-1011.00,1.A.1.g.1,Selective Attention,IM,3.12,8,0.125,2.88,3.37,N,,08/2021,Analyst
17-1011.00,1.A.1.g.1,Selective Attention,LV,3.12,8,0.2266,2.6809,3.5691,N,N,08/2021,Analyst
17-1011.00,1.A.1.g.2,Time Sharing,IM,2.75,8,0.1637,2.4292,3.0708,N,,08/2021,Analyst
17-1011.00,1.A.1.g.2,Time Sharing,LV,2.75,8,0.1637,2.4292,3.0708,N,N,08/2021,Analyst
17-1011.00,1.A.2.a.1,Arm-Hand Steadiness,IM,2.0,8,0.0,2.0,2.0,N,,08/2021,Analyst
17-1011.00,1.A.2.a.1,Arm-Hand Steadiness,LV,1.88,8,0.125,1.63,2.12,N,N,08/2021,Analyst
17-1011.00,1.A.2.a.2,Manual Dexterity,IM,2.0,8,0.0,2.0,2.0,N,,08/2021,Analyst
17-1011.00,1.A.2.a.2,Manual Dexterity,LV,1.75,8,0.1637,1.4292,2.0708,N,N,08/2021,Analyst
17-1011.00,1.A.2.a.3,Finger Dexterity,IM,2.25,8,0.25,1.76,2.74,N,,08/2021,Analyst
17-1011.00,1.A.2.a.3,Finger Dexterity,LV,2.38,8,0.375,1.64,3.11,N,N,08/2021,Analyst
17-1011.00,1.A.2.b.1,Control Precision,IM,2.0,8,0.0,2.0,2.0,N,,08/2021,Analyst
17-1011.00,1.A.2.b.1,Control Precision,LV,2.12,8,0.125,1.88,2.37,N,N,08/2021,Analyst
17-1011.00,1.A.2.b.2,Multilimb Coordination,IM,1.75,8,0.1637,1.4292,2.0708,N,,08/2021,Analyst
17-1011.00,1.A.2.b.2,Multilimb Coordination,LV,1.12,8,0.295,0.5467,1.7033,N,N,08/2021,Analyst
17-1011.00,1.A.2.b.3,Response Orientation,IM,1.0,8,0.0,1.0,1.0,N,,08/2021,Analyst
17-1011.00,1.A.2.b.3,Response Orientation,LV,0.0,8,0.0,0.0,0.0,N,Y,08/2021,Analyst
17-1011.00,1.A.2.b.4,Rate Control,IM,1.0,8,0.0,1.0,1.0,N,,08/2021,Analyst
17-1011.00,1.A.2.b.4,Rate Control,LV,0.0,8,0.0,0.0,0.0,N,Y,08/2021,Analyst
17-1011.00,1.A.2.c.1,Reaction Time,IM,1.0,8,0.0,1.0,1.0,N,,08/2021,Analyst
17-1011.00,1.A.2.c.1,Reaction Time,LV,0.0,8,0.0,0.0,0.0,N,Y,08/2021,Analyst
17-1011.00,1.A.2.c.2,Wrist-Finger Speed,IM,1.5,8,0.189,1.1296,1.8704,N,,08/2021,Analyst
17-1011.00,1.A.2.c.2,Wrist-Finger Speed,LV,0.62,8,0.2631,0.1094,1.1406,N,N,08/2021,Analyst
17-1011.00,1.A.2.c.3,Speed of Limb Movement,IM,1.0,8,0.0,1.0,1.0,N,,08/2021,Analyst
17-1011.00,1.A.2.c.3,Speed of Limb Movement,LV,0.0,8,0.0,0.0,0.0,N,Y,08/2021,Analyst
17-1011.00,1.A.3.a.1,Static Strength,IM,1.0,8,0.0,1.0,1.0,N,,08/2021,Analyst
17-1011.00,1.A.3.a.1,Static Strength,LV,0.0,8,0.0,0.0,0.0,N,Y,08/2021,Analyst
17-1011.00,1.A.3.a.2,Explosive Strength,IM,1.0,8,0.0,1.0,1.0,N,,08/2021,Analyst
17-1011.00,1.A.3.a.2,Explosive Strength,LV,0.0,8,0.0,0.0,0.0,N,Y,08/2021,Analyst
17-1011.00,1.A.3.a.3,Dynamic Strength,IM,1.12,8,0.125,1.0,1.37,N,,08/2021,Analyst
17-1011.00,1.A.3.a.3,Dynamic Strength,LV,0.12,8,0.125,0.0,0.37,N,Y,08/2021,Analyst
17-1011.00,1.A.3.a.4,Trunk Strength,IM,1.5,8,0.189,1.1296,1.8704,N,,08/2021,Analyst
17-1011.00,1.A.3.a.4,Trunk Strength,LV,1.0,8,0.378,0.2592,1.7408,N,N,08/2021,Analyst
17-1011.00,1.A.3.b.1,Stamina,IM,1.0,8,0.0,1.0,1.0,N,,08/2021,Analyst
17-1011.00,1.A.3.b.1,Stamina,LV,0.0,8,0.0,0.0,0.0,N,Y,08/2021,Analyst
17-1011.00,1.A.3.c.1,Extent Flexibility,IM,1.0,8,0.0,1.0,1.0,N,,08/2021,Analyst
17-1011.00,1.A.3.c.1,Extent Flexibility,LV,0.0,8,0.0,0.0,0.0,N,Y,08/2021,Analyst
17-1011.00,1.A.3.c.2,Dynamic Flexibility,IM,1.0,8,0.0,1.0,1.0,N,,08/2021,Analyst
17-1011.00,1.A.3.c.2,Dynamic Flexibility,LV,0.0,8,0.0,0.0,0.0,N,Y,08/2021,Analyst
17-1011.00,1.A.3.c.3,Gross Body Coordination,IM,1.0,8,0.0,1.0,1.0,N,,08/2021,Analyst
17-1011.00,1.A.3.c.3,Gross Body Coordination,LV,0.0,8,0.0,0.0,0.0,N,Y,08/2021,Analyst
17-1011.00,1.A.3.c.4,Gross Body Equilibrium,IM,1.0,8,0.0,1.0,1.0,N,,08/2021,Analyst
17-1011.00,1.A.3.c.4,Gross Body Equilibrium,LV,0.0,8,0.0,0.0,0.0,N,Y,08/2021,Analyst
17-1011.00,1.A.4.a.1,Near Vision,IM,3.88,8,0.125,3.63,4.12,N,,08/2021,Analyst
17-1011.00,1.A.4.a.1,Near Vision,LV,4.5,8,0.189,4.1296,4.8704,N,N,08/2021,Analyst
17-1011.00,1.A.4.a.2,Far Vision,IM,3.62,8,0.183,3.2664,3.9836,N,,08/2021,Analyst
17-1011.00,1.A.4.a.2,Far Vision,LV,4.0,8,0.0,4.0,4.0,N,N,08/2021,Analyst
17-1011.00,1.A.4.a.3,Visual Color Discrimination,IM,2.88,8,0.125,2.63,3.12,N,,08/2021,Analyst
17-1011.00,1.A.4.a.3,Visual Color Discrimination,LV,2.88,8,0.125,2.63,3.12,N,N,08/2021,Analyst
17-1011.00,1.A.4.a.4,Night Vision,IM,1.0,8,0.0,1.0,1.0,N,,08/2021,Analyst
17-1011.00,1.A.4.a.4,Night Vision,LV,0.0,8,0.0,0.0,0.0,N,Y,08/2021,Analyst
17-1011.00,1.A.4.a.5,Peripheral Vision,IM,1.12,8,0.125,1.0,1.37,N,,08/2021,Analyst
17-1011.00,1.A.4.a.5,Peripheral Vision,LV,0.12,8,0.125,0.0,0.37,N,Y,08/2021,Analyst
17-1011.00,1.A.4.a.6,Depth Perception,IM,2.5,8,0.2673,1.9762,3.0238,N,,08/2021,Analyst
17-1011.00,1.A.4.a.6,Depth Perception,LV,2.5,8,0.378,1.7592,3.2408,N,N,08/2021,Analyst
17-1011.00,1.A.4.a.7,Glare Sensitivity,IM,1.0,8,0.0,1.0,1.0,N,,08/2021,Analyst
17-1011.00,1.A.4.a.7,Glare Sensitivity,LV,0.0,8,0.0,0.0,0.0,N,Y,08/2021,Analyst
17-1011.00,1.A.4.b.1,Hearing Sensitivity,IM,1.75,8,0.1637,1.4292,2.0708,N,,08/2021,Analyst
17-1011.00,1.A.4.b.1,Hearing Sensitivity,LV,1.38,8,0.3239,0.7402,2.0098,N,N,08/2021,Analyst
17-1011.00,1.A.4.b.2,Auditory Attention,IM,2.12,8,0.2266,1.6809,2.5691,N,,08/2021,Analyst
17-1011.00,1.A.4.b.2,Auditory Attention,LV,1.88,8,0.295,1.2967,2.4533,N,N,08/2021,Analyst
17-1011.00,1.A.4.b.3,Sound Localization,IM,1.0,8,0.0,1.0,1.0,N,,08/2021,Analyst
17-1011.00,1.A.4.b.3,Sound Localization,LV,0.0,8,0.0,0.0,0.0,N,Y,08/2021,Analyst
17-1011.00,1.A.4.b.4,Speech Recognition,IM,3.5,8,0.189,3.1296,3.8704,N,,08/2021,Analyst
17-1011.00,1.A.4.b.4,Speech Recognition,LV,3.62,8,0.183,3.2664,3.9836,N,N,08/2021,Analyst
17-1011.00,1.A.4.b.5,Speech Clarity,IM,3.5,8,0.189,3.1296,3.8704,N,,08/2021,Analyst
17-1011.00,1.A.4.b.5,Speech Clarity,LV,3.62,8,0.183,3.2664,3.9836,N,N,08/2021,Analyst
17-1012.00,1.A.1.a.1,Oral Comprehension,IM,4.0,8,0.0,4.0,4.0,N,,08/2021,Analyst
17-1012.00,1.A.1.a.1,Oral Comprehension,LV,4.12,8,0.125,3.88,4.37,N,N,08/2021,Analyst
17-1012.00,1.A.1.a.2,Written Comprehension,IM,4.0,8,0.0,4.0,4.0,N,,08/2021,Analyst
17-1012.00,1.A.1.a.2,Written Comprehension,LV,4.0,8,0.0,4.0,4.0,N,N,08/2021,Analyst
17-1012.00,1.A.1.a.3,Oral Expression,IM,4.0,8,0.0,4.0,4.0,N,,08/2021,Analyst
17-1012.00,1.A.1.a.3,Oral Expression,LV,4.0,8,0.0,4.0,4.0,N,N,08/2021,Analyst
17-1012.00,1.A.1.a.4,Written Expression,IM,3.75,8,0.1637,3.4292,4.0708,N,,08/2021,Analyst
17-1012.00,1.A.1.a.4,Written Expression,LV,3.88,8,0.125,3.63,4.12,N,N,08/2021,Analyst
17-1012.00,1.A.1.b.1,Fluency of Ideas,IM,3.75,8,0.1637,3.4292,4.0708,N,,08/2021,Analyst
17-1012.00,1.A.1.b.1,Fluency of Ideas,LV,3.88,8,0.125,3.63,4.12,N,N,08/2021,Analyst
17-1012.00,1.A.1.b.2,Originality,IM,3.88,8,0.125,3.63,4.12,N,,08/2021,Analyst
17-1012.00,1.A.1.b.2,Originality,LV,3.88,8,0.125,3.63,4.12,N,N,08/2021,Analyst
17-1012.00,1.A.1.b.3,Problem Sensitivity,IM,3.88,8,0.125,3.63,4.12,N,,08/2021,Analyst
17-1012.00,1.A.1.b.3,Problem Sensitivity,LV,3.88,8,0.125,3.63,4.12,N,N,08/2021,Analyst
17-1012.00,1.A.1.b.4,Deductive Reasoning,IM,3.88,8,0.125,3.63,4.12,N,,08/2021,Analyst
17-1012.00,1.A.1.b.4,Deductive Reasoning,LV,3.88,8,0.125,3.63,4.12,N,N,08/2021,Analyst
17-1012.00,1.A.1.b.5,Inductive Reasoning,IM,3.88,8,0.125,3.63,4.12,N,,08/2021,Analyst
17-1012.00,1.A.1.b.5,Inductive Reasoning,LV,3.88,8,0.125,3.63,4.12,N,N,08/2021,Analyst
17-1012.00,1.A.1.b.6,Information Ordering,IM,3.75,8,0.1637,3.4292,4.0708,N,,08/2021,Analyst
17-1012.00,1.A.1.b.6,Information Ordering,LV,3.88,8,0.125,3.63,4.12,N,N,08/2021,Analyst
17-1012.00,1.A.1.b.7,Category Flexibility,IM,3.88,8,0.125,3.63,4.12,N,,08/2021,Analyst
17-1012.00,1.A.1.b.7,Category Flexibility,LV,4.0,8,0.0,4.0,4.0,N,N,08/2021,Analyst
17-1012.00,1.A.1.c.1,Mathematical Reasoning,IM,2.88,8,0.125,2.63,3.12,N,,08/2021,Analyst
17-1012.00,1.A.1.c.1,Mathematical Reasoning,LV,3.12,8,0.125,2.88,3.37,N,N,08/2021,Analyst
17-1012.00,1.A.1.c.2,Number Facility,IM,2.88,8,0.125,2.63,3.12,N,,08/2021,Analyst
17-1012.00,1.A.1.c.2,Number Facility,LV,3.12,8,0.125,2.88,3.37,N,N,08/2021,Analyst
17-1012.00,1.A.1.d.1,Memorization,IM,2.25,8,0.1637,1.9292,2.5708,N,,08/2021,Analyst
17-1012.00,1.A.1.d.1,Memorization,LV,2.38,8,0.183,2.0164,2.7336,N,N,08/2021,Analyst
17-1012.00,1.A.1.e.1,Speed of Closure,IM,2.12,8,0.125,1.88,2.37,N,,08/2021,Analyst
17-1012.00,1.A.1.e.1,Speed of Closure,LV,2.25,8,0.1637,1.9292,2.5708,N,N,08/2021,Analyst
17-1012.00,1.A.1.e.2,Flexibility of Closure,IM,3.0,8,0.0,3.0,3.0,N,,08/2021,Analyst
17-1012.00,1.A.1.e.2,Flexibility of Closure,LV,3.0,8,0.0,3.0,3.0,N,N,08/2021,Analyst
17-1012.00,1.A.1.e.3,Perceptual Speed,IM,2.75,8,0.1637,2.4292,3.0708,N,,08/2021,Analyst
17-1012.00,1.A.1.e.3,Perceptual Speed,LV,2.88,8,0.125,2.63,3.12,N,N,08/2021,Analyst
17-1012.00,1.A.1.f.1,Spatial Orientation,IM,1.25,8,0.1637,1.0,1.5708,N,,08/2021,Analyst
17-1012.00,1.A.1.f.1,Spatial Orientation,LV,0.5,8,0.3273,0.0,1.1416,N,Y,08/2021,Analyst
17-1012.00,1.A.1.f.2,Visualization,IM,4.0,8,0.0,4.0,4.0,N,,08/2021,Analyst
17-1012.00,1.A.1.f.2,Visualization,LV,4.12,8,0.125,3.88,4.37,N,N,08/2021,Analyst
17-1012.00,1.A.1.g.1,Selective Attention,IM,3.25,8,0.1637,2.9292,3.5708,N,,08/2021,Analyst
17-1012.00,1.A.1.g.1,Selective Attention,LV,3.25,8,0.1637,2.9292,3.5708,N,N,08/2021,Analyst
17-1012.00,1.A.1.g.2,Time Sharing,IM,2.88,8,0.125,2.63,3.12,N,,08/2021,Analyst
17-1012.00,1.A.1.g.2,Time Sharing,LV,3.0,8,0.0,3.0,3.0,N,N,08/2021,Analyst
17-1012.00,1.A.2.a.1,Arm-Hand Steadiness,IM,2.0,8,0.0,2.0,2.0,N,,08/2021,Analyst
17-1012.00,1.A.2.a.1,Arm-Hand Steadiness,LV,1.75,8,0.1637,1.4292,2.0708,N,N,08/2021,Analyst
17-1012.00,1.A.2.a.2,Manual Dexterity,IM,2.0,8,0.0,2.0,2.0,N,,08/2021,Analyst
17-1012.00,1.A.2.a.2,Manual Dexterity,LV,1.75,8,0.1637,1.4292,2.0708,N,N,08/2021,Analyst
17-1012.00,1.A.2.a.3,Finger Dexterity,IM,2.38,8,0.183,2.0164,2.7336,N,,08/2021,Analyst
17-1012.00,1.A.2.a.3,Finger Dexterity,LV,1.88,8,0.125,1.63,2.12,N,N,08/2021,Analyst
17-1012.00,1.A.2.b.1,Control Precision,IM,2.0,8,0.0,2.0,2.0,N,,08/2021,Analyst
17-1012.00,1.A.2.b.1,Control Precision,LV,1.88,8,0.125,1.63,2.12,N,N,08/2021,Analyst
17-1012.00,1.A.2.b.2,Multilimb Coordination,IM,1.5,8,0.189,1.1296,1.8704,N,,08/2021,Analyst
17-1012.00,1.A.2.b.2,Multilimb Coordination,LV,0.88,8,0.3504,0.1883,1.5617,N,N,08/2021,Analyst
17-1012.00,1.A.2.b.3,Response Orientation,IM,1.0,8,0.0,1.0,1.0,N,,08/2021,Analyst
17-1012.00,1.A.2.b.3,Response Orientation,LV,0.0,8,0.0,0.0,0.0,N,Y,08/2021,Analyst
17-1012.00,1.A.2.b.4,Rate Control,IM,1.0,8,0.0,1.0,1.0,N,,08/2021,Analyst
17-1012.00,1.A.2.b.4,Rate Control,LV,0.0,8,0.0,0.0,0.0,N,Y,08/2021,Analyst
17-1012.00,1.A.2.c.1,Reaction Time,IM,1.0,8,0.0,1.0,1.0,N,,08/2021,Analyst
17-1012.00,1.A.2.c.1,Reaction Time,LV,0.0,8,0.0,0.0,0.0,N,Y,08/2021,Analyst
17-1012.00,1.A.2.c.2,Wrist-Finger Speed,IM,1.12,8,0.125,1.0,1.37,N,,08/2021,Analyst
17-1012.00,1.A.2.c.2,Wrist-Finger Speed,LV,0.25,8,0.25,0.0,0.74,N,Y,08/2021,Analyst
17-1012.00,1.A.2.c.3,Speed of Limb Movement,IM,1.0,8,0.0,1.0,1.0,N,,08/2021,Analyst
17-1012.00,1.A.2.c.3,Speed of Limb Movement,LV,0.0,8,0.0,0.0,0.0,N,Y,08/2021,Analyst
17-1012.00,1.A.3.a.1,Static Strength,IM,1.0,8,0.0,1.0,1.0,N,,08/2021,Analyst
17-1012.00,1.A.3.a.1,Static Strength,LV,0.0,8,0.0,0.0,0.0,N,Y,08/2021,Analyst
17-1012.00,1.A.3.a.2,Explosive Strength,IM,1.0,8,0.0,1.0,1.0,N,,08/2021,Analyst
17-1012.00,1.A.3.a.2,Explosive Strength,LV,0.0,8,0.0,0.0,0.0,N,Y,08/2021,Analyst
17-1012.00,1.A.3.a.3,Dynamic Strength,IM,1.12,8,0.125,1.0,1.37,N,,08/2021,Analyst
17-1012.00,1.A.3.a.3,Dynamic Strength,LV,0.12,8,0.125,0.0,0.37,N,Y,08/2021,Analyst
17-1012.00,1.A.3.a.4,Trunk Strength,IM,1.38,8,0.183,1.0164,1.7336,N,,08/2021,Analyst
17-1012.00,1.A.3.a.4,Trunk Strength,LV,0.62,8,0.3239,0.0,1.2598,N,N,08/2021,Analyst
17-1012.00,1.A.3.b.1,Stamina,IM,1.0,8,0.0,1.0,1.0,N,,08/2021,Analyst
17-1012.00,1.A.3.b.1,Stamina,LV,0.0,8,0.0,0.0,0.0,N,Y,08/2021,Analyst
17-1012.00,1.A.3.c.1,Extent Flexibility,IM,1.0,8,0.0,1.0,1.0,N,,08/2021,Analyst
17-1012.00,1.A.3.c.1,Extent Flexibility,LV,0.0,8,0.0,0.0,0.0,N,Y,08/2021,Analyst
17-1012.00,1.A.3.c.2,Dynamic Flexibility,IM,1.0,8,0.0,1.0,1.0,N,,08/2021,Analyst
17-1012.00,1.A.3.c.2,Dynamic Flexibility,LV,0.0,8,0.0,0.0,0.0,N,Y,08/2021,Analyst
17-1012.00,1.A.3.c.3,Gross Body Coordination,IM,1.0,8,0.0,1.0,1.0,N,,08/2021,Analyst
17-1012.00,1.A.3.c.3,Gross Body Coordination,LV,0.0,8,0.0,0.0,0.0,N,Y,08/2021,Analyst
17-1012.00,1.A.3.c.4,Gross Body Equilibrium,IM,1.0,8,0.0,1.0,1.0,N,,08/2021,Analyst
17-1012.00,1.A.3.c.4,Gross Body Equilibrium,LV,0.0,8,0.0,0.0,0.0,N,Y,08/2021,Analyst
17-1012.00,1.A.4.a.1,Near Vision,IM,3.75,8,0.1637,3.4292,4.0708,N,,08/2021,Analyst
17-1012.00,1.A.4.a.1,Near Vision,LV,3.88,8,0.125,3.63,4.12,N,N,08/2021,Analyst
17-1012.00,1.A.4.a.2,Far Vision,IM,3.0,8,0.0,3.0,3.0,N,,08/2021,Analyst
17-1012.00,1.A.4.a.2,Far Vision,LV,3.12,8,0.125,2.88,3.37,N,N,08/2021,Analyst
17-1012.00,1.A.4.a.3,Visual Color Discrimination,IM,2.62,8,0.183,2.2664,2.9836,N,,08/2021,Analyst
17-1012.00,1.A.4.a.3,Visual Color Discrimination,LV,2.62,8,0.2631,2.1094,3.1406,N,N,08/2021,Analyst
17-1012.00,1.A.4.a.4,Night Vision,IM,1.0,8,0.0,1.0,1.0,N,,08/2021,Analyst
17-1012.00,1.A.4.a.4,Night Vision,LV,0.0,8,0.0,0.0,0.0,N,Y,08/2021,Analyst
17-1012.00,1.A.4.a.5,Peripheral Vision,IM,1.0,8,0.0,1.0,1.0,N,,08/2021,Analyst
17-1012.00,1.A.4.a.5,Peripheral Vision,LV,0.0,8,0.0,0.0,0.0,N,Y,08/2021,Analyst
17-1012.00,1.A.4.a.6,Depth Perception,IM,2.12,8,0.125,1.88,2.37,N,,08/2021,Analyst
17-1012.00,1.A.4.a.6,Depth Perception,LV,2.0,8,0.0,2.0,2.0,N,N,08/2021,Analyst
17-1012.00,1.A.4.a.7,Glare Sensitivity,IM,1.0,8,0.0,1.0,1.0,N,,08/2021,Analyst
17-1012.00,1.A.4.a.7,Glare Sensitivity,LV,0.0,8,0.0,0.0,0.0,N,Y,08/2021,Analyst
17-1012.00,1.A.4.b.1,Hearing Sensitivity,IM,2.0,8,0.0,2.0,2.0,N,,08/2021,Analyst
17-1012.00,1.A.4.b.1,Hearing Sensitivity,LV,2.0,8,0.189,1.6296,2.3704,N,N,08/2021,Analyst
17-1012.00,1.A.4.b.2,Auditory Attention,IM,2.0,8,0.0,2.0,2.0,N,,08/2021,Analyst
17-1012.00,1.A.4.b.2,Auditory Attention,LV,1.38,8,0.183,1.0164,1.7336,N,N,08/2021,Analyst
17-1012.00,1.A.4.b.3,Sound Localization,IM,1.0,8,0.0,1.0,1.0,N,,08/2021,Analyst
17-1012.00,1.A.4.b.3,Sound Localization,LV,0.0,8,0.0,0.0,0.0,N,Y,08/2021,Analyst
17-1012.00,1.A.4.b.4,Speech Recognition,IM,3.75,8,0.1637,3.4292,4.0708,N,,08/2021,Analyst
17-1012.00,1.A.4.b.4,Speech Recognition,LV,3.88,8,0.125,3.63,4.12,N,N,08/2021,Analyst
17-1012.00,1.A.4.b.5,Speech Clarity,IM,3.75,8,0.1637,3.4292,4.0708,N,,08/2021,Analyst
17-1012.00,1.A.4.b.5,Speech Clarity,LV,3.88,8,0.125,3.63,4.12,N,N,08/2021,Analyst
17-1021.00,1.A.1.a.1,Oral Comprehension,IM,3.88,8,0.125,3.63,4.12,N,,08/2018,Analyst
17-1021.00,1.A.1.a.1,Oral Comprehension,LV,4.12,8,0.125,3.88,4.37,N,N,08/2018,Analyst
17-1021.00,1.A.1.a.2,Written Comprehension,IM,4.0,8,0.0,4.0,4.0,N,,08/2018,Analyst
17-1021.00,1.A.1.a.2,Written Comprehension,LV,4.12,8,0.125,3.88,4.37,N,N,08/2018,Analyst
17-1021.00,1.A.1.a.3,Oral Expression,IM,3.5,8,0.189,3.1296,3.8704,N,,08/2018,Analyst
17-1021.00,1.A.1.a.3,Oral Expression,LV,4.0,8,0.189,3.6296,4.3704,N,N,08/2018,Analyst
17-1021.00,1.A.1.a.4,Written Expression,IM,3.5,8,0.189,3.1296,3.8704,N,,08/2018,Analyst
17-1021.00,1.A.1.a.4,Written Expression,LV,3.88,8,0.125,3.63,4.12,N,N,08/2018,Analyst
17-1021.00,1.A.1.b.1,Fluency of Ideas,IM,3.0,8,0.0,3.0,3.0,N,,08/2018,Analyst
17-1021.00,1.A.1.b.1,Fluency of Ideas,LV,3.0,8,0.0,3.0,3.0,N,N,08/2018,Analyst
17-1021.00,1.A.1.b.2,Originality,IM,3.0,8,0.0,3.0,3.0,N,,08/2018,Analyst
17-1021.00,1.A.1.b.2,Originality,LV,3.0,8,0.0,3.0,3.0,N,N,08/2018,Analyst
17-1021.00,1.A.1.b.3,Problem Sensitivity,IM,3.12,8,0.125,2.88,3.37,N,,08/2018,Analyst
17-1021.00,1.A.1.b.3,Problem Sensitivity,LV,3.38,8,0.183,3.0164,3.7336,N,N,08/2018,Analyst
17-1021.00,1.A.1.b.4,Deductive Reasoning,IM,3.5,8,0.189,3.1296,3.8704,N,,08/2018,Analyst
17-1021.00,1.A.1.b.4,Deductive Reasoning,LV,3.88,8,0.125,3.63,4.12,N,N,08/2018,Analyst
17-1021.00,1.A.1.b.5,Inductive Reasoning,IM,3.62,8,0.183,3.2664,3.9836,N,,08/2018,Analyst
17-1021.00,1.A.1.b.5,Inductive Reasoning,LV,4.0,8,0.189,3.6296,4.3704,N,N,08/2018,Analyst
17-1021.00,1.A.1.b.6,Information Ordering,IM,3.25,8,0.1637,2.9292,3.5708,N,,08/2018,Analyst
17-1021.00,1.A.1.b.6,Information Ordering,LV,3.5,8,0.189,3.1296,3.8704,N,N,08/2018,Analyst
17-1021.00,1.A.1.b.7,Category Flexibility,IM,3.12,8,0.125,2.88,3.37,N,,08/2018,Analyst
17-1021.00,1.A.1.b.7,Category Flexibility,LV,3.62,8,0.183,3.2664,3.9836,N,N,08/2018,Analyst
17-1021.00,1.A.1.c.1,Mathematical Reasoning,IM,3.0,8,0.189,2.6296,3.3704,N,,08/2018,Analyst
17-1021.00,1.A.1.c.1,Mathematical Reasoning,LV,3.0,8,0.189,2.6296,3.3704,N,N,08/2018,Analyst
17-1021.00,1.A.1.c.2,Number Facility,IM,2.88,8,0.2266,2.4309,3.3191,N,,08/2018,Analyst
17-1021.00,1.A.1.c.2,Number Facility,LV,3.12,8,0.295,2.5467,3.7033,N,N,08/2018,Analyst
17-1021.00,1.A.1.d.1,Memorization,IM,2.5,8,0.189,2.1296,2.8704,N,,08/2018,Analyst
17-1021.00,1.A.1.d.1,Memorization,LV,2.88,8,0.125,2.63,3.12,N,N,08/2018,Analyst
17-1021.00,1.A.1.e.1,Speed of Closure,IM,2.75,8,0.1637,2.4292,3.0708,N,,08/2018,Analyst
17-1021.00,1.A.1.e.1,Speed of Closure,LV,2.88,8,0.125,2.63,3.12,N,N,08/2018,Analyst
17-1021.00,1.A.1.e.2,Flexibility of Closure,IM,3.38,8,0.183,3.0164,3.7336,N,,08/2018,Analyst
17-1021.00,1.A.1.e.2,Flexibility of Closure,LV,3.5,8,0.189,3.1296,3.8704,N,N,08/2018,Analyst
17-1021.00,1.A.1.e.3,Perceptual Speed,IM,3.0,8,0.0,3.0,3.0,N,,08/2018,Analyst
17-1021.00,1.A.1.e.3,Perceptual Speed,LV,3.0,8,0.0,3.0,3.0,N,N,08/2018,Analyst
17-1021.00,1.A.1.f.1,Spatial Orientation,IM,1.38,8,0.183,1.0164,1.7336,N,,08/2018,Analyst
17-1021.00,1.A.1.f.1,Spatial Orientation,LV,0.62,8,0.3239,0.0,1.2598,N,N,08/2018,Analyst
17-1021.00,1.A.1.f.2,Visualization,IM,3.25,8,0.1637,2.9292,3.5708,N,,08/2018,Analyst
17-1021.00,1.A.1.f.2,Visualization,LV,3.38,8,0.2631,2.8594,3.8906,N,N,08/2018,Analyst
17-1021.00,1.A.1.g.1,Selective Attention,IM,3.0,8,0.0,3.0,3.0,N,,08/2018,Analyst
17-1021.00,1.A.1.g.1,Selective Attention,LV,2.88,8,0.125,2.63,3.12,N,N,08/2018,Analyst
17-1021.00,1.A.1.g.2,Time Sharing,IM,2.62,8,0.183,2.2664,2.9836,N,,08/2018,Analyst
17-1021.00,1.A.1.g.2,Time Sharing,LV,2.62,8,0.183,2.2664,2.9836,N,N,08/2018,Analyst
17-1021.00,1.A.2.a.1,Arm-Hand Steadiness,IM,2.88,8,0.125,2.63,3.12,N,,08/2018,Analyst
17-1021.00,1.A.2.a.1,Arm-Hand Steadiness,LV,2.75,8,0.1637,2.4292,3.0708,N,N,08/2018,Analyst
17-1021.00,1.A.2.a.2,Manual Dexterity,IM,2.25,8,0.1637,1.9292,2.5708,N,,08/2018,Analyst
17-1021.00,1.A.2.a.2,Manual Dexterity,LV,2.0,8,0.0,2.0,2.0,N,N,08/2018,Analyst
17-1021.00,1.A.2.a.3,Finger Dexterity,IM,2.88,8,0.125,2.63,3.12,N,,08/2018,Analyst
17-1021.00,1.A.2.a.3,Finger Dexterity,LV,2.88,8,0.125,2.63,3.12,N,N,08/2018,Analyst
17-1021.00,1.A.2.b.1,Control Precision,IM,2.75,8,0.1637,2.4292,3.0708,N,,08/2018,Analyst
17-1021.00,1.A.2.b.1,Control Precision,LV,2.88,8,0.125,2.63,3.12,N,N,08/2018,Analyst
17-1021.00,1.A.2.b.2,Multilimb Coordination,IM,1.25,8,0.1637,1.0,1.5708,N,,08/2018,Analyst
17-1021.00,1.A.2.b.2,Multilimb Coordination,LV,0.25,8,0.1637,0.0,0.5708,N,Y,08/2018,Analyst
17-1021.00,1.A.2.b.3,Response Orientation,IM,1.12,8,0.125,1.0,1.37,N,,08/2018,Analyst
17-1021.00,1.A.2.b.3,Response Orientation,LV,0.12,8,0.125,0.0,0.37,N,Y,08/2018,Analyst
17-1021.00,1.A.2.b.4,Rate Control,IM,1.0,8,0.0,1.0,1.0,N,,08/2018,Analyst
17-1021.00,1.A.2.b.4,Rate Control,LV,0.0,8,0.0,0.0,0.0,N,Y,08/2018,Analyst
17-1021.00,1.A.2.c.1,Reaction Time,IM,1.12,8,0.125,1.0,1.37,N,,08/2018,Analyst
17-1021.00,1.A.2.c.1,Reaction Time,LV,0.12,8,0.125,0.0,0.37,N,Y,08/2018,Analyst
17-1021.00,1.A.2.c.2,Wrist-Finger Speed,IM,1.38,8,0.183,1.0164,1.7336,N,,08/2018,Analyst
17-1021.00,1.A.2.c.2,Wrist-Finger Speed,LV,0.62,8,0.3239,0.0,1.2598,N,N,08/2018,Analyst
17-1021.00,1.A.2.c.3,Speed of Limb Movement,IM,1.0,8,0.0,1.0,1.0,N,,08/2018,Analyst
17-1021.00,1.A.2.c.3,Speed of Limb Movement,LV,0.0,8,0.0,0.0,0.0,N,Y,08/2018,Analyst
17-1021.00,1.A.3.a.1,Static Strength,IM,1.0,8,0.0,1.0,1.0,N,,08/2018,Analyst
17-1021.00,1.A.3.a.1,Static Strength,LV,0.0,8,0.0,0.0,0.0,N,Y,08/2018,Analyst
17-1021.00,1.A.3.a.2,Explosive Strength,IM,1.0,8,0.0,1.0,1.0,N,,08/2018,Analyst
17-1021.00,1.A.3.a.2,Explosive Strength,LV,0.0,8,0.0,0.0,0.0,N,Y,08/2018,Analyst
17-1021.00,1.A.3.a.3,Dynamic Strength,IM,1.5,8,0.189,1.1296,1.8704,N,,08/2018,Analyst
17-1021.00,1.A.3.a.3,Dynamic Strength,LV,0.62,8,0.2631,0.1094,1.1406,N,N,08/2018,Analyst
17-1021.00,1.A.3.a.4,Trunk Strength,IM,2.0,8,0.189,1.6296,2.3704,N,,08/2018,Analyst
17-1021.00,1.A.3.a.4,Trunk Strength,LV,1.38,8,0.2631,0.8594,1.8906,N,N,08/2018,Analyst
17-1021.00,1.A.3.b.1,Stamina,IM,1.0,8,0.0,1.0,1.0,N,,08/2018,Analyst
17-1021.00,1.A.3.b.1,Stamina,LV,0.0,8,0.0,0.0,0.0,N,Y,08/2018,Analyst
17-1021.00,1.A.3.c.1,Extent Flexibility,IM,1.5,8,0.189,1.1296,1.8704,N,,08/2018,Analyst
17-1021.00,1.A.3.c.1,Extent Flexibility,LV,0.75,8,0.3134,0.1358,1.3642,N,N,08/2018,Analyst
17-1021.00,1.A.3.c.2,Dynamic Flexibility,IM,1.0,8,0.0,1.0,1.0,N,,08/2018,Analyst
17-1021.00,1.A.3.c.2,Dynamic Flexibility,LV,0.0,8,0.0,0.0,0.0,N,Y,08/2018,Analyst
17-1021.00,1.A.3.c.3,Gross Body Coordination,IM,1.0,8,0.0,1.0,1.0,N,,08/2018,Analyst
17-1021.00,1.A.3.c.3,Gross Body Coordination,LV,0.0,8,0.0,0.0,0.0,N,Y,08/2018,Analyst
17-1021.00,1.A.3.c.4,Gross Body Equilibrium,IM,1.0,8,0.0,1.0,1.0,N,,08/2018,Analyst
17-1021.00,1.A.3.c.4,Gross Body Equilibrium,LV,0.0,8,0.0,0.0,0.0,N,Y,08/2018,Analyst
17-1021.00,1.A.4.a.1,Near Vision,IM,3.88,8,0.125,3.63,4.12,N,,08/2018,Analyst
17-1021.00,1.A.4.a.1,Near Vision,LV,4.12,8,0.2266,3.6809,4.5691,N,N,08/2018,Analyst
17-1021.00,1.A.4.a.2,Far Vision,IM,3.25,8,0.1637,2.9292,3.5708,N,,08/2018,Analyst
17-1021.00,1.A.4.a.2,Far Vision,LV,3.5,8,0.2673,2.9762,4.0238,N,N,08/2018,Analyst
17-1021.00,1.A.4.a.3,Visual Color Discrimination,IM,2.88,8,0.2266,2.4309,3.3191,N,,08/2018,Analyst
17-1021.00,1.A.4.a.3,Visual Color Discrimination,LV,3.0,8,0.189,2.6296,3.3704,N,N,08/2018,Analyst
17-1021.00,1.A.4.a.4,Night Vision,IM,1.0,8,0.0,1.0,1.0,N,,08/2018,Analyst
17-1021.00,1.A.4.a.4,Night Vision,LV,0.0,8,0.0,0.0,0.0,N,Y,08/2018,Analyst
17-1021.00,1.A.4.a.5,Peripheral Vision,IM,1.0,8,0.0,1.0,1.0,N,,08/2018,Analyst
17-1021.00,1.A.4.a.5,Peripheral Vision,LV,0.0,8,0.0,0.0,0.0,N,Y,08/2018,Analyst
17-1021.00,1.A.4.a.6,Depth Perception,IM,2.25,8,0.25,1.76,2.74,N,,08/2018,Analyst
17-1021.00,1.A.4.a.6,Depth Perception,LV,2.0,8,0.3273,1.3584,2.6416,N,N,08/2018,Analyst
17-1021.00,1.A.4.a.7,Glare Sensitivity,IM,1.0,8,0.0,1.0,1.0,N,,08/2018,Analyst
17-1021.00,1.A.4.a.7,Glare Sensitivity,LV,0.0,8,0.0,0.0,0.0,N,Y,08/2018,Analyst
17-1021.00,1.A.4.b.1,Hearing Sensitivity,IM,1.75,8,0.1637,1.4292,2.0708,N,,08/2018,Analyst
17-1021.00,1.A.4.b.1,Hearing Sensitivity,LV,1.5,8,0.3273,0.8584,2.1416,N,N,08/2018,Analyst
17-1021.00,1.A.4.b.2,Auditory Attention,IM,2.25,8,0.1637,1.9292,2.5708,N,,08/2018,Analyst
17-1021.00,1.A.4.b.2,Auditory Attention,LV,2.0,8,0.0,2.0,2.0,N,N,08/2018,Analyst
17-1021.00,1.A.4.b.3,Sound Localization,IM,1.0,8,0.0,1.0,1.0,N,,08/2018,Analyst
17-1021.00,1.A.4.b.3,Sound Localization,LV,0.0,8,0.0,0.0,0.0,N,Y,08/2018,Analyst
17-1021.00,1.A.4.b.4,Speech Recognition,IM,3.12,8,0.125,2.88,3.37,N,,08/2018,Analyst
17-1021.00,1.A.4.b.4,Speech Recognition,LV,3.12,8,0.125,2.88,3.37,N,N,08/2018,Analyst
17-1021.00,1.A.4.b.5,Speech Clarity,IM,3.12,8,0.125,2.88,3.37,N,,08/2018,Analyst
17-1021.00,1.A.4.b.5,Speech Clarity,LV,3.0,8,0.0,3.0,3.0,N,N,08/2018,Analyst
17-1022.00,1.A.1.a.1,Oral Comprehension,IM,3.75,8,0.1637,3.4292,4.0708,N,,08/2023,Analyst
17-1022.00,1.A.1.a.1,Oral Comprehension,LV,4.12,8,0.125,3.88,4.37,N,N,08/2023,Analyst
17-1022.00,1.A.1.a.2,Written Comprehension,IM,4.0,8,0.0,4.0,4.0,N,,08/2023,Analyst
17-1022.00,1.A.1.a.2,Written Comprehension,LV,4.12,8,0.125,3.88,4.37,N,N,08/2023,Analyst
17-1022.00,1.A.1.a.3,Oral Expression,IM,3.75,8,0.1637,3.4292,4.0708,N,,08/2023,Analyst
17-1022.00,1.A.1.a.3,Oral Expression,LV,4.12,8,0.125,3.88,4.37,N,N,08/2023,Analyst
17-1022.00,1.A.1.a.4,Written Expression,IM,3.88,8,0.2266,3.4309,4.3191,N,,08/2023,Analyst
17-1022.00,1.A.1.a.4,Written Expression,LV,4.12,8,0.125,3.88,4.37,N,N,08/2023,Analyst
17-1022.00,1.A.1.b.1,Fluency of Ideas,IM,3.0,8,0.189,2.6296,3.3704,N,,08/2023,Analyst
17-1022.00,1.A.1.b.1,Fluency of Ideas,LV,3.0,8,0.189,2.6296,3.3704,N,N,08/2023,Analyst
17-1022.00,1.A.1.b.2,Originality,IM,2.88,8,0.125,2.63,3.12,N,,08/2023,Analyst
17-1022.00,1.A.1.b.2,Originality,LV,3.0,8,0.0,3.0,3.0,N,N,08/2023,Analyst
17-1022.00,1.A.1.b.3,Problem Sensitivity,IM,3.62,8,0.183,3.2664,3.9836,N,,08/2023,Analyst
17-1022.00,1.A.1.b.3,Problem Sensitivity,LV,3.38,8,0.183,3.0164,3.7336,N,N,08/2023,Analyst
17-1022.00,1.A.1.b.4,Deductive Reasoning,IM,4.0,8,0.0,4.0,4.0,N,,08/2023,Analyst
17-1022.00,1.A.1.b.4,Deductive Reasoning,LV,4.12,8,0.125,3.88,4.37,N,N,08/2023,Analyst
17-1022.00,1.A.1.b.5,Inductive Reasoning,IM,3.88,8,0.125,3.63,4.12,N,,08/2023,Analyst
17-1022.00,1.A.1.b.5,Inductive Reasoning,LV,4.12,8,0.125,3.88,4.37,N,N,08/2023,Analyst
17-1022.00,1.A.1.b.6,Information Ordering,IM,3.62,8,0.183,3.2664,3.9836,N,,08/2023,Analyst
17-1022.00,1.A.1.b.6,Information Ordering,LV,4.0,8,0.189,3.6296,4.3704,N,N,08/2023,Analyst
17-1022.00,1.A.1.b.7,Category Flexibility,IM,3.12,8,0.125,2.88,3.37,N,,08/2023,Analyst
17-1022.00,1.A.1.b.7,Category Flexibility,LV,3.75,8,0.25,3.26,4.24,N,N,08/2023,Analyst
17-1022.00,1.A.1.c.1,Mathematical Reasoning,IM,4.0,8,0.0,4.0,4.0,N,,08/2023,Analyst
17-1022.00,1.A.1.c.1,Mathematical Reasoning,LV,4.12,8,0.125,3.88,4.37,N,N,08/2023,Analyst
17-1022.00,1.A.1.c.2,Number Facility,IM,3.75,8,0.1637,3.4292,4.0708,N,,08/2023,Analyst
17-1022.00,1.A.1.c.2,Number Facility,LV,4.12,8,0.125,3.88,4.37,N,N,08/2023,Analyst
17-1022.00,1.A.1.d.1,Memorization,IM,2.62,8,0.183,2.2664,2.9836,N,,08/2023,Analyst
17-1022.00,1.A.1.d.1,Memorization,LV,2.75,8,0.1637,2.4292,3.0708,N,N,08/2023,Analyst
17-1022.00,1.A.1.e.1,Speed of Closure,IM,3.0,8,0.189,2.6296,3.3704,N,,08/2023,Analyst
17-1022.00,1.A.1.e.1,Speed of Closure,LV,3.12,8,0.125,2.88,3.37,N,N,08/2023,Analyst
17-1022.00,1.A.1.e.2,Flexibility of Closure,IM,3.12,8,0.125,2.88,3.37,N,,08/2023,Analyst
17-1022.00,1.A.1.e.2,Flexibility of Closure,LV,3.62,8,0.183,3.2664,3.9836,N,N,08/2023,Analyst
17-1022.00,1.A.1.e.3,Perceptual Speed,IM,3.12,8,0.125,2.88,3.37,N,,08/2023,Analyst
17-1022.00,1.A.1.e.3,Perceptual Speed,LV,3.12,8,0.125,2.88,3.37,N,N,08/2023,Analyst
17-1022.00,1.A.1.f.1,Spatial Orientation,IM,3.12,8,0.125,2.88,3.37,N,,08/2023,Analyst
17-1022.00,1.A.1.f.1,Spatial Orientation,LV,3.38,8,0.183,3.0164,3.7336,N,N,08/2023,Analyst
17-1022.00,1.A.1.f.2,Visualization,IM,3.12,8,0.125,2.88,3.37,N,,08/2023,Analyst
17-1022.00,1.A.1.f.2,Visualization,LV,3.75,8,0.1637,3.4292,4.0708,N,N,08/2023,Analyst
17-1022.00,1.A.1.g.1,Selective Attention,IM,3.0,8,0.0,3.0,3.0,N,,08/2023,Analyst
17-1022.00,1.A.1.g.1,Selective Attention,LV,3.0,8,0.0,3.0,3.0,N,N,08/2023,Analyst
17-1022.00,1.A.1.g.2,Time Sharing,IM,2.75,8,0.1637,2.4292,3.0708,N,,08/2023,Analyst
17-1022.00,1.A.1.g.2,Time Sharing,LV,2.75,8,0.1637,2.4292,3.0708,N,N,08/2023,Analyst
17-1022.00,1.A.2.a.1,Arm-Hand Steadiness,IM,3.0,8,0.0,3.0,3.0,N,,08/2023,Analyst
17-1022.00,1.A.2.a.1,Arm-Hand Steadiness,LV,3.0,8,0.0,3.0,3.0,N,N,08/2023,Analyst
17-1022.00,1.A.2.a.2,Manual Dexterity,IM,2.88,8,0.125,2.63,3.12,N,,08/2023,Analyst
17-1022.00,1.A.2.a.2,Manual Dexterity,LV,2.75,8,0.1637,2.4292,3.0708,N,N,08/2023,Analyst
17-1022.00,1.A.2.a.3,Finger Dexterity,IM,3.0,8,0.0,3.0,3.0,N,,08/2023,Analyst
17-1022.00,1.A.2.a.3,Finger Dexterity,LV,2.88,8,0.125,2.63,3.12,N,N,08/2023,Analyst
17-1022.00,1.A.2.b.1,Control Precision,IM,3.0,8,0.0,3.0,3.0,N,,08/2023,Analyst
17-1022.00,1.A.2.b.1,Control Precision,LV,2.88,8,0.125,2.63,3.12,N,N,08/2023,Analyst
17-1022.00,1.A.2.b.2,Multilimb Coordination,IM,2.75,8,0.1637,2.4292,3.0708,N,,08/2023,Analyst
17-1022.00,1.A.2.b.2,Multilimb Coordination,LV,2.88,8,0.125,2.63,3.12,N,N,08/2023,Analyst
17-1022.00,1.A.2.b.3,Response Orientation,IM,1.75,8,0.1637,1.4292,2.0708,N,,08/2023,Analyst
17-1022.00,1.A.2.b.3,Response Orientation,LV,1.5,8,0.3273,0.8584,2.1416,N,N,08/2023,Analyst
17-1022.00,1.A.2.b.4,Rate Control,IM,1.75,8,0.1637,1.4292,2.0708,N,,08/2023,Analyst
17-1022.00,1.A.2.b.4,Rate Control,LV,1.38,8,0.3239,0.7402,2.0098,N,N,08/2023,Analyst
17-1022.00,1.A.2.c.1,Reaction Time,IM,2.12,8,0.2266,1.6809,2.5691,N,,08/2023,Analyst
17-1022.00,1.A.2.c.1,Reaction Time,LV,1.88,8,0.295,1.2967,2.4533,N,N,08/2023,Analyst
17-1022.00,1.A.2.c.2,Wrist-Finger Speed,IM,2.0,8,0.0,2.0,2.0,N,,08/2023,Analyst
17-1022.00,1.A.2.c.2,Wrist-Finger Speed,LV,2.0,8,0.0,2.0,2.0,N,N,08/2023,Analyst
17-1022.00,1.A.2.c.3,Speed of Limb Movement,IM,1.62,8,0.183,1.2664,1.9836,N,,08/2023,Analyst
17-1022.00,1.A.2.c.3,Speed of Limb Movement,LV,0.75,8,0.25,0.26,1.24,N,N,08/2023,Analyst
17-1022.00,1.A.3.a.1,Static Strength,IM,2.12,8,0.125,1.88,2.37,N,,08/2023,Analyst
17-1022.00,1.A.3.a.1,Static Strength,LV,2.0,8,0.0,2.0,2.0,N,N,08/2023,Analyst
17-1022.00,1.A.3.a.2,Explosive Strength,IM,1.62,8,0.183,1.2664,1.9836,N,,08/2023,Analyst
17-1022.00,1.A.3.a.2,Explosive Strength,LV,0.75,8,0.25,0.26,1.24,N,N,08/2023,Analyst
17-1022.00,1.A.3.a.3,Dynamic Strength,IM,2.0,8,0.189,1.6296,2.3704,N,,08/2023,Analyst
17-1022.00,1.A.3.a.3,Dynamic Strength,LV,1.75,8,0.25,1.26,2.24,N,N,08/2023,Analyst
17-1022.00,1.A.3.a.4,Trunk Strength,IM,2.5,8,0.189,2.1296,2.8704,N,,08/2023,Analyst
17-1022.00,1.A.3.a.4,Trunk Strength,LV,2.5,8,0.189,2.1296,2.8704,N,N,08/2023,Analyst
17-1022.00,1.A.3.b.1,Stamina,IM,2.12,8,0.125,1.88,2.37,N,,08/2023,Analyst
17-1022.00,1.A.3.b.1,Stamina,LV,2.12,8,0.125,1.88,2.37,N,N,08/2023,Analyst
17-1022.00,1.A.3.c.1,Extent Flexibility,IM,2.38,8,0.183,2.0164,2.7336,N,,08/2023,Analyst
17-1022.00,1.A.3.c.1,Extent Flexibility,LV,2.5,8,0.189,2.1296,2.8704,N,N,08/2023,Analyst
17-1022.00,1.A.3.c.2,Dynamic Flexibility,IM,1.0,8,0.0,1.0,1.0,N,,08/2023,Analyst
17-1022.00,1.A.3.c.2,Dynamic Flexibility,LV,0.0,8,0.0,0.0,0.0,N,Y,08/2023,Analyst
17-1022.00,1.A.3.c.3,Gross Body Coordination,IM,2.0,8,0.0,2.0,2.0,N,,08/2023,Analyst
17-1022.00,1.A.3.c.3,Gross Body Coordination,LV,2.0,8,0.0,2.0,2.0,N,N,08/2023,Analyst
17-1022.00,1.A.3.c.4,Gross Body Equilibrium,IM,1.88,8,0.125,1.63,2.12,N,,08/2023,Analyst
17-1022.00,1.A.3.c.4,Gross Body Equilibrium,LV,1.75,8,0.25,1.26,2.24,N,N,08/2023,Analyst
17-1022.00,1.A.4.a.1,Near Vision,IM,3.88,8,0.125,3.63,4.12,N,,08/2023,Analyst
17-1022.00,1.A.4.a.1,Near Vision,LV,3.88,8,0.125,3.63,4.12,N,N,08/2023,Analyst
17-1022.00,1.A.4.a.2,Far Vision,IM,3.62,8,0.183,3.2664,3.9836,N,,08/2023,Analyst
17-1022.00,1.A.4.a.2,Far Vision,LV,4.0,8,0.189,3.6296,4.3704,N,N,08/2023,Analyst
17-1022.00,1.A.4.a.3,Visual Color Discrimination,IM,2.88,8,0.125,2.63,3.12,N,,08/2023,Analyst
17-1022.00,1.A.4.a.3,Visual Color Discrimination,LV,2.88,8,0.125,2.63,3.12,N,N,08/2023,Analyst
17-1022.00,1.A.4.a.4,Night Vision,IM,1.5,8,0.189,1.1296,1.8704,N,,08/2023,Analyst
17-1022.00,1.A.4.a.4,Night Vision,LV,0.5,8,0.189,0.1296,0.8704,N,N,08/2023,Analyst
17-1022.00,1.A.4.a.5,Peripheral Vision,IM,1.88,8,0.2266,1.4309,2.3191,N,,08/2023,Analyst
17-1022.00,1.A.4.a.5,Peripheral Vision,LV,1.0,8,0.2673,0.4762,1.5238,N,N,08/2023,Analyst
17-1022.00,1.A.4.a.6,Depth Perception,IM,3.0,8,0.0,3.0,3.0,N,,08/2023,Analyst
17-1022.00,1.A.4.a.6,Depth Perception,LV,3.0,8,0.0,3.0,3.0,N,N,08/2023,Analyst
17-1022.00,1.A.4.a.7,Glare Sensitivity,IM,2.12,8,0.125,1.88,2.37,N,,08/2023,Analyst
17-1022.00,1.A.4.a.7,Glare Sensitivity,LV,2.0,8,0.0,2.0,2.0,N,N,08/2023,Analyst
17-1022.00,1.A.4.b.1,Hearing Sensitivity,IM,1.88,8,0.125,1.63,2.12,N,,08/2023,Analyst
17-1022.00,1.A.4.b.1,Hearing Sensitivity,LV,1.62,8,0.2631,1.1094,2.1406,N,N,08/2023,Analyst
17-1022.00,1.A.4.b.2,Auditory Attention,IM,2.0,8,0.0,2.0,2.0,N,,08/2023,Analyst
17-1022.00,1.A.4.b.2,Auditory Attention,LV,2.0,8,0.0,2.0,2.0,N,N,08/2023,Analyst
17-1022.00,1.A.4.b.3,Sound Localization,IM,1.62,8,0.183,1.2664,1.9836,N,,08/2023,Analyst
17-1022.00,1.A.4.b.3,Sound Localization,LV,0.62,8,0.183,0.2664,0.9836,N,N,08/2023,Analyst
17-1022.00,1.A.4.b.4,Speech Recognition,IM,3.62,8,0.183,3.2664,3.9836,N,,08/2023,Analyst
17-1022.00,1.A.4.b.4,Speech Recognition,LV,3.38,8,0.183,3.0164,3.7336,N,N,08/2023,Analyst
17-1022.00,1.A.4.b.5,Speech Clarity,IM,3.62,8,0.183,3.2664,3.9836,N,,08/2023,Analyst
17-1022.00,1.A.4.b.5,Speech Clarity,LV,3.62,8,0.183,3.2664,3.9836,N,N,08/2023,Analyst
17-1022.01,1.A.1.a.1,Oral Comprehension,IM,4.0,8,0.0,4.0,4.0,N,,08/2022,Analyst
17-1022.01,1.A.1.a.1,Oral Comprehension,LV,4.88,8,0.125,4.63,5.12,N,N,08/2022,Analyst
17-1022.01,1.A.1.a.2,Written Comprehension,IM,4.0,8,0.0,4.0,4.0,N,,08/2022,Analyst
17-1022.01,1.A.1.a.2,Written Comprehension,LV,4.88,8,0.125,4.63,5.12,N,N,08/2022,Analyst
17-1022.01,1.A.1.a.3,Oral Expression,IM,4.0,8,0.0,4.0,4.0,N,,08/2022,Analyst
17-1022.01,1.A.1.a.3,Oral Expression,LV,4.62,8,0.183,4.2664,4.9836,N,N,08/2022,Analyst
17-1022.01,1.A.1.a.4,Written Expression,IM,4.0,8,0.0,4.0,4.0,N,,08/2022,Analyst
17-1022.01,1.A.1.a.4,Written Expression,LV,4.12,8,0.125,3.88,4.37,N,N,08/2022,Analyst
17-1022.01,1.A.1.b.1,Fluency of Ideas,IM,3.12,8,0.125,2.88,3.37,N,,08/2022,Analyst
17-1022.01,1.A.1.b.1,Fluency of Ideas,LV,3.12,8,0.125,2.88,3.37,N,N,08/2022,Analyst
17-1022.01,1.A.1.b.2,Originality,IM,2.88,8,0.125,2.63,3.12,N,,08/2022,Analyst
17-1022.01,1.A.1.b.2,Originality,LV,2.88,8,0.125,2.63,3.12,N,N,08/2022,Analyst
17-1022.01,1.A.1.b.3,Problem Sensitivity,IM,3.5,8,0.189,3.1296,3.8704,N,,08/2022,Analyst
17-1022.01,1.A.1.b.3,Problem Sensitivity,LV,4.0,8,0.189,3.6296,4.3704,N,N,08/2022,Analyst
17-1022.01,1.A.1.b.4,Deductive Reasoning,IM,3.88,8,0.125,3.63,4.12,N,,08/2022,Analyst
17-1022.01,1.A.1.b.4,Deductive Reasoning,LV,4.12,8,0.125,3.88,4.37,N,N,08/2022,Analyst
17-1022.01,1.A.1.b.5,Inductive Reasoning,IM,4.0,8,0.189,3.6296,4.3704,N,,08/2022,Analyst
17-1022.01,1.A.1.b.5,Inductive Reasoning,LV,4.12,8,0.125,3.88,4.37,N,N,08/2022,Analyst
17-1022.01,1.A.1.b.6,Information Ordering,IM,4.0,8,0.0,4.0,4.0,N,,08/2022,Analyst
17-1022.01,1.A.1.b.6,Information Ordering,LV,4.0,8,0.0,4.0,4.0,N,N,08/2022,Analyst
17-1022.01,1.A.1.b.7,Category Flexibility,IM,3.75,8,0.1637,3.4292,4.0708,N,,08/2022,Analyst
17-1022.01,1.A.1.b.7,Category Flexibility,LV,3.88,8,0.125,3.63,4.12,N,N,08/2022,Analyst
17-1022.01,1.A.1.c.1,Mathematical Reasoning,IM,4.0,8,0.189,3.6296,4.3704,N,,08/2022,Analyst
17-1022.01,1.A.1.c.1,Mathematical Reasoning,LV,4.75,8,0.1637,4.4292,5.0708,N,N,08/2022,Analyst
17-1022.01,1.A.1.c.2,Number Facility,IM,3.88,8,0.125,3.63,4.12,N,,08/2022,Analyst
17-1022.01,1.A.1.c.2,Number Facility,LV,4.25,8,0.1637,3.9292,4.5708,N,N,08/2022,Analyst
17-1022.01,1.A.1.d.1,Memorization,IM,3.0,8,0.0,3.0,3.0,N,,08/2022,Analyst
17-1022.01,1.A.1.d.1,Memorization,LV,3.0,8,0.0,3.0,3.0,N,N,08/2022,Analyst
17-1022.01,1.A.1.e.1,Speed of Closure,IM,3.0,8,0.0,3.0,3.0,N,,08/2022,Analyst
17-1022.01,1.A.1.e.1,Speed of Closure,LV,3.12,8,0.125,2.88,3.37,N,N,08/2022,Analyst
17-1022.01,1.A.1.e.2,Flexibility of Closure,IM,4.0,8,0.0,4.0,4.0,N,,08/2022,Analyst
17-1022.01,1.A.1.e.2,Flexibility of Closure,LV,4.12,8,0.125,3.88,4.37,N,N,08/2022,Analyst
17-1022.01,1.A.1.e.3,Perceptual Speed,IM,3.0,8,0.0,3.0,3.0,N,,08/2022,Analyst
17-1022.01,1.A.1.e.3,Perceptual Speed,LV,3.12,8,0.125,2.88,3.37,N,N,08/2022,Analyst
17-1022.01,1.A.1.f.1,Spatial Orientation,IM,2.0,8,0.0,2.0,2.0,N,,08/2022,Analyst
17-1022.01,1.A.1.f.1,Spatial Orientation,LV,2.12,8,0.125,1.88,2.37,N,N,08/2022,Analyst
17-1022.01,1.A.1.f.2,Visualization,IM,3.25,8,0.1637,2.9292,3.5708,N,,08/2022,Analyst
17-1022.01,1.A.1.f.2,Visualization,LV,3.62,8,0.183,3.2664,3.9836,N,N,08/2022,Analyst
17-1022.01,1.A.1.g.1,Selective Attention,IM,3.0,8,0.0,3.0,3.0,N,,08/2022,Analyst
17-1022.01,1.A.1.g.1,Selective Attention,LV,3.0,8,0.0,3.0,3.0,N,N,08/2022,Analyst
17-1022.01,1.A.1.g.2,Time Sharing,IM,2.75,8,0.1637,2.4292,3.0708,N,,08/2022,Analyst
17-1022.01,1.A.1.g.2,Time Sharing,LV,2.62,8,0.183,2.2664,2.9836,N,N,08/2022,Analyst
17-1022.01,1.A.2.a.1,Arm-Hand Steadiness,IM,2.75,8,0.1637,2.4292,3.0708,N,,08/2022,Analyst
17-1022.01,1.A.2.a.1,Arm-Hand Steadiness,LV,2.88,8,0.125,2.63,3.12,N,N,08/2022,Analyst
17-1022.01,1.A.2.a.2,Manual Dexterity,IM,2.38,8,0.183,2.0164,2.7336,N,,08/2022,Analyst
17-1022.01,1.A.2.a.2,Manual Dexterity,LV,2.0,8,0.0,2.0,2.0,N,N,08/2022,Analyst
17-1022.01,1.A.2.a.3,Finger Dexterity,IM,2.62,8,0.183,2.2664,2.9836,N,,08/2022,Analyst
17-1022.01,1.A.2.a.3,Finger Dexterity,LV,2.75,8,0.1637,2.4292,3.0708,N,N,08/2022,Analyst
17-1022.01,1.A.2.b.1,Control Precision,IM,2.75,8,0.1637,2.4292,3.0708,N,,08/2022,Analyst
17-1022.01,1.A.2.b.1,Control Precision,LV,2.75,8,0.1637,2.4292,3.0708,N,N,08/2022,Analyst
17-1022.01,1.A.2.b.2,Multilimb Coordination,IM,2.5,8,0.2673,1.9762,3.0238,N,,08/2022,Analyst
17-1022.01,1.A.2.b.2,Multilimb Coordination,LV,2.25,8,0.366,1.5327,2.9673,N,N,08/2022,Analyst
17-1022.01,1.A.2.b.3,Response Orientation,IM,1.75,8,0.1637,1.4292,2.0708,N,,08/2022,Analyst
17-1022.01,1.A.2.b.3,Response Orientation,LV,1.5,8,0.3273,0.8584,2.1416,N,N,08/2022,Analyst
17-1022.01,1.A.2.b.4,Rate Control,IM,1.75,8,0.1637,1.4292,2.0708,N,,08/2022,Analyst
17-1022.01,1.A.2.b.4,Rate Control,LV,1.25,8,0.3134,0.6358,1.8642,N,N,08/2022,Analyst
17-1022.01,1.A.2.c.1,Reaction Time,IM,2.0,8,0.189,1.6296,2.3704,N,,08/2022,Analyst
17-1022.01,1.A.2.c.1,Reaction Time,LV,1.75,8,0.3134,1.1358,2.3642,N,N,08/2022,Analyst
17-1022.01,1.A.2.c.2,Wrist-Finger Speed,IM,1.75,8,0.1637,1.4292,2.0708,N,,08/2022,Analyst
17-1022.01,1.A.2.c.2,Wrist-Finger Speed,LV,1.0,8,0.2673,0.4762,1.5238,N,N,08/2022,Analyst
17-1022.01,1.A.2.c.3,Speed of Limb Movement,IM,1.25,8,0.1637,1.0,1.5708,N,,08/2022,Analyst
17-1022.01,1.A.2.c.3,Speed of Limb Movement,LV,0.25,8,0.1637,0.0,0.5708,N,Y,08/2022,Analyst
17-1022.01,1.A.3.a.1,Static Strength,IM,2.0,8,0.189,1.6296,2.3704,N,,08/2022,Analyst
17-1022.01,1.A.3.a.1,Static Strength,LV,1.62,8,0.2631,1.1094,2.1406,N,N,08/2022,Analyst
17-1022.01,1.A.3.a.2,Explosive Strength,IM,1.25,8,0.1637,1.0,1.5708,N,,08/2022,Analyst
17-1022.01,1.A.3.a.2,Explosive Strength,LV,0.25,8,0.1637,0.0,0.5708,N,Y,08/2022,Analyst
17-1022.01,1.A.3.a.3,Dynamic Strength,IM,1.62,8,0.183,1.2664,1.9836,N,,08/2022,Analyst
17-1022.01,1.A.3.a.3,Dynamic Strength,LV,0.75,8,0.25,0.26,1.24,N,N,08/2022,Analyst
17-1022.01,1.A.3.a.4,Trunk Strength,IM,2.12,8,0.2266,1.6809,2.5691,N,,08/2022,Analyst
17-1022.01,1.A.3.a.4,Trunk Strength,LV,1.88,8,0.295,1.2967,2.4533,N,N,08/2022,Analyst
17-1022.01,1.A.3.b.1,Stamina,IM,1.88,8,0.125,1.63,2.12,N,,08/2022,Analyst
17-1022.01,1.A.3.b.1,Stamina,LV,1.25,8,0.25,0.76,1.74,N,N,08/2022,Analyst
17-1022.01,1.A.3.c.1,Extent Flexibility,IM,1.88,8,0.125,1.63,2.12,N,,08/2022,Analyst
17-1022.01,1.A.3.c.1,Extent Flexibility,LV,1.38,8,0.2631,0.8594,1.8906,N,N,08/2022,Analyst
17-1022.01,1.A.3.c.2,Dynamic Flexibility,IM,1.0,8,0.0,1.0,1.0,N,,08/2022,Analyst
17-1022.01,1.A.3.c.2,Dynamic Flexibility,LV,0.0,8,0.0,0.0,0.0,N,Y,08/2022,Analyst
17-1022.01,1.A.3.c.3,Gross Body Coordination,IM,1.75,8,0.1637,1.4292,2.0708,N,,08/2022,Analyst
17-1022.01,1.A.3.c.3,Gross Body Coordination,LV,1.38,8,0.3239,0.7402,2.0098,N,N,08/2022,Analyst
17-1022.01,1.A.3.c.4,Gross Body Equilibrium,IM,1.62,8,0.183,1.2664,1.9836,N,,08/2022,Analyst
17-1022.01,1.A.3.c.4,Gross Body Equilibrium,LV,0.62,8,0.183,0.2664,0.9836,N,N,08/2022,Analyst
17-1022.01,1.A.4.a.1,Near Vision,IM,3.88,8,0.125,3.63,4.12,N,,08/2022,Analyst
17-1022.01,1.A.4.a.1,Near Vision,LV,3.88,8,0.125,3.63,4.12,N,N,08/2022,Analyst
17-1022.01,1.A.4.a.2,Far Vision,IM,3.0,8,0.0,3.0,3.0,N,,08/2022,Analyst
17-1022.01,1.A.4.a.2,Far Vision,LV,3.62,8,0.183,3.2664,3.9836,N,N,08/2022,Analyst
17-1022.01,1.A.4.a.3,Visual Color Discrimination,IM,2.62,8,0.183,2.2664,2.9836,N,,08/2022,Analyst
17-1022.01,1.A.4.a.3,Visual Color Discrimination,LV,2.62,8,0.183,2.2664,2.9836,N,N,08/2022,Analyst
17-1022.01,1.A.4.a.4,Night Vision,IM,1.62,8,0.183,1.2664,1.9836,N,,08/2022,Analyst
17-1022.01,1.A.4.a.4,Night Vision,LV,1.12,8,0.3504,0.4383,1.8117,N,N,08/2022,Analyst
17-1022.01,1.A.4.a.5,Peripheral Vision,IM,1.88,8,0.2266,1.4309,2.3191,N,,08/2022,Analyst
17-1022.01,1.A.4.a.5,Peripheral Vision,LV,1.0,8,0.3273,0.3584,1.6416,N,N,08/2022,Analyst
17-1022.01,1.A.4.a.6,Depth Perception,IM,2.25,8,0.25,1.76,2.74,N,,08/2022,Analyst
17-1022.01,1.A.4.a.6,Depth Perception,LV,2.25,8,0.366,1.5327,2.9673,N,N,08/2022,Analyst
17-1022.01,1.A.4.a.7,Glare Sensitivity,IM,2.0,8,0.189,1.6296,2.3704,N,,08/2022,Analyst
17-1022.01,1.A.4.a.7,Glare Sensitivity,LV,1.38,8,0.3239,0.7402,2.0098,N,N,08/2022,Analyst
17-1022.01,1.A.4.b.1,Hearing Sensitivity,IM,1.88,8,0.125,1.63,2.12,N,,08/2022,Analyst
17-1022.01,1.A.4.b.1,Hearing Sensitivity,LV,1.75,8,0.25,1.26,2.24,N,N,08/2022,Analyst
17-1022.01,1.A.4.b.2,Auditory Attention,IM,1.88,8,0.125,1.63,2.12,N,,08/2022,Analyst
17-1022.01,1.A.4.b.2,Auditory Attention,LV,1.75,8,0.25,1.26,2.24,N,N,08/2022,Analyst
17-1022.01,1.A.4.b.3,Sound Localization,IM,1.62,8,0.183,1.2664,1.9836,N,,08/2022,Analyst
17-1022.01,1.A.4.b.3,Sound Localization,LV,0.62,8,0.183,0.2664,0.9836,N,N,08/2022,Analyst
17-1022.01,1.A.4.b.4,Speech Recognition,IM,3.0,8,0.0,3.0,3.0,N,,08/2022,Analyst
17-1022.01,1.A.4.b.4,Speech Recognition,LV,3.0,8,0.0,3.0,3.0,N,N,08/2022,Analyst
17-1022.01,1.A.4.b.5,Speech Clarity,IM,3.12,8,0.125,2.88,3.37,N,,08/2022,Analyst
17-1022.01,1.A.4.b.5,Speech Clarity,LV,3.12,8,0.125,2.88,3.37,N,N,08/2022,Analyst
17-2011.00,1.A.1.a.1,Oral Comprehension,IM,3.88,8,0.125,3.63,4.12,N,,07/2015,Analyst
17-2011.00,1.A.1.a.1,Oral Comprehension,LV,4.88,8,0.125,4.63,5.12,N,N,07/2015,Analyst
17-2011.00,1.A.1.a.2,Written Comprehension,IM,4.12,8,0.125,3.88,4.37,N,,07/2015,Analyst
17-2011.00,1.A.1.a.2,Written Comprehension,LV,5.12,8,0.125,4.88,5.37,N,N,07/2015,Analyst
17-2011.00,1.A.1.a.3,Oral Expression,IM,3.88,8,0.125,3.63,4.12,N,,07/2015,Analyst
17-2011.00,1.A.1.a.3,Oral Expression,LV,4.75,8,0.1637,4.4292,5.0708,N,N,07/2015,Analyst
17-2011.00,1.A.1.a.4,Written Expression,IM,3.88,8,0.125,3.63,4.12,N,,07/2015,Analyst
17-2011.00,1.A.1.a.4,Written Expression,LV,4.75,8,0.25,4.26,5.24,N,N,07/2015,Analyst
17-2011.00,1.A.1.b.1,Fluency of Ideas,IM,3.5,8,0.189,3.1296,3.8704,N,,07/2015,Analyst
17-2011.00,1.A.1.b.1,Fluency of Ideas,LV,4.0,8,0.0,4.0,4.0,N,N,07/2015,Analyst
17-2011.00,1.A.1.b.2,Originality,IM,3.38,8,0.183,3.0164,3.7336,N,,07/2015,Analyst
17-2011.00,1.A.1.b.2,Originality,LV,4.12,8,0.125,3.88,4.37,N,N,07/2015,Analyst
17-2011.00,1.A.1.b.3,Problem Sensitivity,IM,4.0,8,0.0,4.0,4.0,N,,07/2015,Analyst
17-2011.00,1.A.1.b.3,Problem Sensitivity,LV,4.12,8,0.125,3.88,4.37,N,N,07/2015,Analyst
17-2011.00,1.A.1.b.4,Deductive Reasoning,IM,4.0,8,0.0,4.0,4.0,N,,07/2015,Analyst
17-2011.00,1.A.1.b.4,Deductive Reasoning,LV,4.75,8,0.1637,4.4292,5.0708,N,N,07/2015,Analyst
17-2011.00,1.A.1.b.5,Inductive Reasoning,IM,4.0,8,0.0,4.0,4.0,N,,07/2015,Analyst
17-2011.00,1.A.1.b.5,Inductive Reasoning,LV,4.25,8,0.1637,3.9292,4.5708,N,N,07/2015,Analyst
17-2011.00,1.A.1.b.6,Information Ordering,IM,4.0,8,0.0,4.0,4.0,N,,07/2015,Analyst
17-2011.00,1.A.1.b.6,Information Ordering,LV,4.0,8,0.0,4.0,4.0,N,N,07/2015,Analyst
17-2011.00,1.A.1.b.7,Category Flexibility,IM,3.5,8,0.189,3.1296,3.8704,N,,07/2015,Analyst
17-2011.00,1.A.1.b.7,Category Flexibility,LV,4.0,8,0.189,3.6296,4.3704,N,N,07/2015,Analyst
17-2011.00,1.A.1.c.1,Mathematical Reasoning,IM,3.88,8,0.125,3.63,4.12,N,,07/2015,Analyst
17-2011.00,1.A.1.c.1,Mathematical Reasoning,LV,4.75,8,0.1637,4.4292,5.0708,N,N,07/2015,Analyst
17-2011.00,1.A.1.c.2,Number Facility,IM,3.38,8,0.183,3.0164,3.7336,N,,07/2015,Analyst
17-2011.00,1.A.1.c.2,Number Facility,LV,3.75,8,0.1637,3.4292,4.0708,N,N,07/2015,Analyst
17-2011.00,1.A.1.d.1,Memorization,IM,2.62,8,0.183,2.2664,2.9836,N,,07/2015,Analyst
17-2011.00,1.A.1.d.1,Memorization,LV,2.62,8,0.183,2.2664,2.9836,N,N,07/2015,Analyst
17-2011.00,1.A.1.e.1,Speed of Closure,IM,2.75,8,0.1637,2.4292,3.0708,N,,07/2015,Analyst
17-2011.00,1.A.1.e.1,Speed of Closure,LV,2.62,8,0.183,2.2664,2.9836,N,N,07/2015,Analyst
17-2011.00,1.A.1.e.2,Flexibility of Closure,IM,3.12,8,0.125,2.88,3.37,N,,07/2015,Analyst
17-2011.00,1.A.1.e.2,Flexibility of Closure,LV,3.25,8,0.1637,2.9292,3.5708,N,N,07/2015,Analyst
17-2011.00,1.A.1.e.3,Perceptual Speed,IM,3.0,8,0.0,3.0,3.0,N,,07/2015,Analyst
17-2011.00,1.A.1.e.3,Perceptual Speed,LV,3.12,8,0.125,2.88,3.37,N,N,07/2015,Analyst
17-2011.00,1.A.1.f.1,Spatial Orientation,IM,1.0,8,0.0,1.0,1.0,N,,07/2015,Analyst
17-2011.00,1.A.1.f.1,Spatial Orientation,LV,0.0,8,0.0,0.0,0.0,N,Y,07/2015,Analyst
17-2011.00,1.A.1.f.2,Visualization,IM,3.25,8,0.1637,2.9292,3.5708,N,,07/2015,Analyst
17-2011.00,1.A.1.f.2,Visualization,LV,3.38,8,0.183,3.0164,3.7336,N,N,07/2015,Analyst
17-2011.00,1.A.1.g.1,Selective Attention,IM,3.0,8,0.0,3.0,3.0,N,,07/2015,Analyst
17-2011.00,1.A.1.g.1,Selective Attention,LV,3.12,8,0.125,2.88,3.37,N,N,07/2015,Analyst
17-2011.00,1.A.1.g.2,Time Sharing,IM,2.75,8,0.1637,2.4292,3.0708,N,,07/2015,Analyst
17-2011.00,1.A.1.g.2,Time Sharing,LV,2.75,8,0.1637,2.4292,3.0708,N,N,07/2015,Analyst
17-2011.00,1.A.2.a.1,Arm-Hand Steadiness,IM,1.0,8,0.0,1.0,1.0,N,,07/2015,Analyst
17-2011.00,1.A.2.a.1,Arm-Hand Steadiness,LV,0.0,8,0.0,0.0,0.0,N,Y,07/2015,Analyst
17-2011.00,1.A.2.a.2,Manual Dexterity,IM,1.0,8,0.0,1.0,1.0,N,,07/2015,Analyst
17-2011.00,1.A.2.a.2,Manual Dexterity,LV,0.0,8,0.0,0.0,0.0,N,Y,07/2015,Analyst
17-2011.00,1.A.2.a.3,Finger Dexterity,IM,2.25,8,0.3134,1.6358,2.8642,N,,07/2015,Analyst
17-2011.00,1.A.2.a.3,Finger Dexterity,LV,2.0,8,0.4629,1.0927,2.9073,N,N,07/2015,Analyst
17-2011.00,1.A.2.b.1,Control Precision,IM,1.0,8,0.0,1.0,1.0,N,,07/2015,Analyst
17-2011.00,1.A.2.b.1,Control Precision,LV,0.0,8,0.0,0.0,0.0,N,Y,07/2015,Analyst
17-2011.00,1.A.2.b.2,Multilimb Coordination,IM,1.0,8,0.0,1.0,1.0,N,,07/2015,Analyst
17-2011.00,1.A.2.b.2,Multilimb Coordination,LV,0.0,8,0.0,0.0,0.0,N,Y,07/2015,Analyst
17-2011.00,1.A.2.b.3,Response Orientation,IM,1.0,8,0.0,1.0,1.0,N,,07/2015,Analyst
17-2011.00,1.A.2.b.3,Response Orientation,LV,0.0,8,0.0,0.0,0.0,N,Y,07/2015,Analyst
17-2011.00,1.A.2.b.4,Rate Control,IM,1.0,8,0.0,1.0,1.0,N,,07/2015,Analyst
17-2011.00,1.A.2.b.4,Rate Control,LV,0.0,8,0.0,0.0,0.0,N,Y,07/2015,Analyst
17-2011.00,1.A.2.c.1,Reaction Time,IM,1.0,8,0.0,1.0,1.0,N,,07/2015,Analyst
17-2011.00,1.A.2.c.1,Reaction Time,LV,0.0,8,0.0,0.0,0.0,N,Y,07/2015,Analyst
17-2011.00,1.A.2.c.2,Wrist-Finger Speed,IM,1.25,8,0.1637,1.0,1.5708,N,,07/2015,Analyst
17-2011.00,1.A.2.c.2,Wrist-Finger Speed,LV,0.25,8,0.1637,0.0,0.5708,N,Y,07/2015,Analyst
17-2011.00,1.A.2.c.3,Speed of Limb Movement,IM,1.0,8,0.0,1.0,1.0,N,,07/2015,Analyst
17-2011.00,1.A.2.c.3,Speed of Limb Movement,LV,0.0,8,0.0,0.0,0.0,N,Y,07/2015,Analyst
17-2011.00,1.A.3.a.1,Static Strength,IM,1.0,8,0.0,1.0,1.0,N,,07/2015,Analyst
17-2011.00,1.A.3.a.1,Static Strength,LV,0.0,8,0.0,0.0,0.0,N,Y,07/2015,Analyst
17-2011.00,1.A.3.a.2,Explosive Strength,IM,1.0,8,0.0,1.0,1.0,N,,07/2015,Analyst
17-2011.00,1.A.3.a.2,Explosive Strength,LV,0.0,8,0.0,0.0,0.0,N,Y,07/2015,Analyst
17-2011.00,1.A.3.a.3,Dynamic Strength,IM,1.0,8,0.0,1.0,1.0,N,,07/2015,Analyst
17-2011.00,1.A.3.a.3,Dynamic Strength,LV,0.0,8,0.0,0.0,0.0,N,Y,07/2015,Analyst
17-2011.00,1.A.3.a.4,Trunk Strength,IM,1.5,8,0.189,1.1296,1.8704,N,,07/2015,Analyst
17-2011.00,1.A.3.a.4,Trunk Strength,LV,0.62,8,0.2631,0.1094,1.1406,N,N,07/2015,Analyst
17-2011.00,1.A.3.b.1,Stamina,IM,1.0,8,0.0,1.0,1.0,N,,07/2015,Analyst
17-2011.00,1.A.3.b.1,Stamina,LV,0.0,8,0.0,0.0,0.0,N,Y,07/2015,Analyst
17-2011.00,1.A.3.c.1,Extent Flexibility,IM,1.0,8,0.0,1.0,1.0,N,,07/2015,Analyst
17-2011.00,1.A.3.c.1,Extent Flexibility,LV,0.0,8,0.0,0.0,0.0,N,Y,07/2015,Analyst
17-2011.00,1.A.3.c.2,Dynamic Flexibility,IM,1.0,8,0.0,1.0,1.0,N,,07/2015,Analyst
17-2011.00,1.A.3.c.2,Dynamic Flexibility,LV,0.0,8,0.0,0.0,0.0,N,Y,07/2015,Analyst
17-2011.00,1.A.3.c.3,Gross Body Coordination,IM,1.0,8,0.0,1.0,1.0,N,,07/2015,Analyst
17-2011.00,1.A.3.c.3,Gross Body Coordination,LV,0.0,8,0.0,0.0,0.0,N,Y,07/2015,Analyst
17-2011.00,1.A.3.c.4,Gross Body Equilibrium,IM,1.0,8,0.0,1.0,1.0,N,,07/2015,Analyst
17-2011.00,1.A.3.c.4,Gross Body Equilibrium,LV,0.0,8,0.0,0.0,0.0,N,Y,07/2015,Analyst
17-2011.00,1.A.4.a.1,Near Vision,IM,3.75,8,0.1637,3.4292,4.0708,N,,07/2015,Analyst
17-2011.00,1.A.4.a.1,Near Vision,LV,3.88,8,0.125,3.63,4.12,N,N,07/2015,Analyst
17-2011.00,1.A.4.a.2,Far Vision,IM,3.12,8,0.125,2.88,3.37,N,,07/2015,Analyst
17-2011.00,1.A.4.a.2,Far Vision,LV,3.12,8,0.125,2.88,3.37,N,N,07/2015,Analyst
17-2011.00,1.A.4.a.3,Visual Color Discrimination,IM,3.0,8,0.0,3.0,3.0,N,,07/2015,Analyst
17-2011.00,1.A.4.a.3,Visual Color Discrimination,LV,3.0,8,0.189,2.6296,3.3704,N,N,07/2015,Analyst
17-2011.00,1.A.4.a.4,Night Vision,IM,1.0,8,0.0,1.0,1.0,N,,07/2015,Analyst
17-2011.00,1.A.4.a.4,Night Vision,LV,0.0,8,0.0,0.0,0.0,N,Y,07/2015,Analyst
17-2011.00,1.A.4.a.5,Peripheral Vision,IM,1.0,8,0.0,1.0,1.0,N,,07/2015,Analyst
17-2011.00,1.A.4.a.5,Peripheral Vision,LV,0.0,8,0.0,0.0,0.0,N,Y,07/2015,Analyst
17-2011.00,1.A.4.a.6,Depth Perception,IM,2.0,8,0.189,1.6296,2.3704,N,,07/2015,Analyst
17-2011.00,1.A.4.a.6,Depth Perception,LV,1.75,8,0.25,1.26,2.24,N,N,07/2015,Analyst
17-2011.00,1.A.4.a.7,Glare Sensitivity,IM,1.0,8,0.0,1.0,1.0,N,,07/2015,Analyst
17-2011.00,1.A.4.a.7,Glare Sensitivity,LV,0.0,8,0.0,0.0,0.0,N,Y,07/2015,Analyst
17-2011.00,1.A.4.b.1,Hearing Sensitivity,IM,2.62,8,0.183,2.2664,2.9836,N,,07/2015,Analyst
17-2011.00,1.A.4.b.1,Hearing Sensitivity,LV,2.62,8,0.183,2.2664,2.9836,N,N,07/2015,Analyst
17-2011.00,1.A.4.b.2,Auditory Attention,IM,2.75,8,0.1637,2.4292,3.0708,N,,07/2015,Analyst
17-2011.00,1.A.4.b.2,Auditory Attention,LV,2.62,8,0.183,2.2664,2.9836,N,N,07/2015,Analyst
17-2011.00,1.A.4.b.3,Sound Localization,IM,1.0,8,0.0,1.0,1.0,N,,07/2015,Analyst
17-2011.00,1.A.4.b.3,Sound Localization,LV,0.0,8,0.0,0.0,0.0,N,Y,07/2015,Analyst
17-2011.00,1.A.4.b.4,Speech Recognition,IM,3.38,8,0.183,3.0164,3.7336,N,,07/2015,Analyst
17-2011.00,1.A.4.b.4,Speech Recognition,LV,3.5,8,0.189,3.1296,3.8704,N,N,07/2015,Analyst
17-2011.00,1.A.4.b.5,Speech Clarity,IM,3.62,8,0.183,3.2664,3.9836,N,,07/2015,Analyst
17-2011.00,1.A.4.b.5,Speech Clarity,LV,3.12,8,0.125,2.88,3.37,N,N,07/2015,Analyst
17-2021.00,1.A.1.a.1,Oral Comprehension,IM,4.0,8,0.0,4.0,4.0,N,,08/2024,Analyst
17-2021.00,1.A.1.a.1,Oral Comprehension,LV,4.25,8,0.1637,3.9292,4.5708,N,N,08/2024,Analyst
17-2021.00,1.A.1.a.2,Written Comprehension,IM,4.0,8,0.0,4.0,4.0,N,,08/2024,Analyst
17-2021.00,1.A.1.a.2,Written Comprehension,LV,4.75,8,0.1637,4.4292,5.0708,N,N,08/2024,Analyst
17-2021.00,1.A.1.a.3,Oral Expression,IM,4.0,8,0.0,4.0,4.0,N,,08/2024,Analyst
17-2021.00,1.A.1.a.3,Oral Expression,LV,4.62,8,0.183,4.2664,4.9836,N,N,08/2024,Analyst
17-2021.00,1.A.1.a.4,Written Expression,IM,4.0,8,0.0,4.0,4.0,N,,08/2024,Analyst
17-2021.00,1.A.1.a.4,Written Expression,LV,4.25,8,0.1637,3.9292,4.5708,N,N,08/2024,Analyst
17-2021.00,1.A.1.b.1,Fluency of Ideas,IM,3.5,8,0.189,3.1296,3.8704,N,,08/2024,Analyst
17-2021.00,1.A.1.b.1,Fluency of Ideas,LV,3.75,8,0.25,3.26,4.24,N,N,08/2024,Analyst
17-2021.00,1.A.1.b.2,Originality,IM,3.38,8,0.183,3.0164,3.7336,N,,08/2024,Analyst
17-2021.00,1.A.1.b.2,Originality,LV,3.62,8,0.2631,3.1094,4.1406,N,N,08/2024,Analyst
17-2021.00,1.A.1.b.3,Problem Sensitivity,IM,3.88,8,0.125,3.63,4.12,N,,08/2024,Analyst
17-2021.00,1.A.1.b.3,Problem Sensitivity,LV,4.25,8,0.1637,3.9292,4.5708,N,N,08/2024,Analyst
17-2021.00,1.A.1.b.4,Deductive Reasoning,IM,4.0,8,0.0,4.0,4.0,N,,08/2024,Analyst
17-2021.00,1.A.1.b.4,Deductive Reasoning,LV,4.5,8,0.189,4.1296,4.8704,N,N,08/2024,Analyst
17-2021.00,1.A.1.b.5,Inductive Reasoning,IM,4.0,8,0.0,4.0,4.0,N,,08/2024,Analyst
17-2021.00,1.A.1.b.5,Inductive Reasoning,LV,4.38,8,0.183,4.0164,4.7336,N,N,08/2024,Analyst
17-2021.00,1.A.1.b.6,Information Ordering,IM,3.75,8,0.1637,3.4292,4.0708,N,,08/2024,Analyst
17-2021.00,1.A.1.b.6,Information Ordering,LV,4.25,8,0.1637,3.9292,4.5708,N,N,08/2024,Analyst
17-2021.00,1.A.1.b.7,Category Flexibility,IM,3.75,8,0.1637,3.4292,4.0708,N,,08/2024,Analyst
17-2021.00,1.A.1.b.7,Category Flexibility,LV,4.12,8,0.125,3.88,4.37,N,N,08/2024,Analyst
17-2021.00,1.A.1.c.1,Mathematical Reasoning,IM,3.38,8,0.183,3.0164,3.7336,N,,08/2024,Analyst
17-2021.00,1.A.1.c.1,Mathematical Reasoning,LV,4.12,8,0.125,3.88,4.37,N,N,08/2024,Analyst
17-2021.00,1.A.1.c.2,Number Facility,IM,3.25,8,0.1637,2.9292,3.5708,N,,08/2024,Analyst
17-2021.00,1.A.1.c.2,Number Facility,LV,3.88,8,0.2266,3.4309,4.3191,N,N,08/2024,Analyst
17-2021.00,1.A.1.d.1,Memorization,IM,2.25,8,0.1637,1.9292,2.5708,N,,08/2024,Analyst
17-2021.00,1.A.1.d.1,Memorization,LV,2.5,8,0.189,2.1296,2.8704,N,N,08/2024,Analyst
17-2021.00,1.A.1.e.1,Speed of Closure,IM,2.25,8,0.1637,1.9292,2.5708,N,,08/2024,Analyst
17-2021.00,1.A.1.e.1,Speed of Closure,LV,2.38,8,0.183,2.0164,2.7336,N,N,08/2024,Analyst
17-2021.00,1.A.1.e.2,Flexibility of Closure,IM,3.0,8,0.0,3.0,3.0,N,,08/2024,Analyst
17-2021.00,1.A.1.e.2,Flexibility of Closure,LV,3.0,8,0.0,3.0,3.0,N,N,08/2024,Analyst
17-2021.00,1.A.1.e.3,Perceptual Speed,IM,2.88,8,0.125,2.63,3.12,N,,08/2024,Analyst
17-2021.00,1.A.1.e.3,Perceptual Speed,LV,3.0,8,0.0,3.0,3.0,N,N,08/2024,Analyst
17-2021.00,1.A.1.f.1,Spatial Orientation,IM,2.0,8,0.189,1.6296,2.3704,N,,08/2024,Analyst
17-2021.00,1.A.1.f.1,Spatial Orientation,LV,1.25,8,0.3134,0.6358,1.8642,N,N,08/2024,Analyst
17-2021.00,1.A.1.f.2,Visualization,IM,3.62,8,0.183,3.2664,3.9836,N,,08/2024,Analyst
17-2021.00,1.A.1.f.2,Visualization,LV,3.62,8,0.183,3.2664,3.9836,N,N,08/2024,Analyst
17-2021.00,1.A.1.g.1,Selective Attention,IM,3.0,8,0.0,3.0,3.0,N,,08/2024,Analyst
17-2021.00,1.A.1.g.1,Selective Attention,LV,3.0,8,0.0,3.0,3.0,N,N,08/2024,Analyst
17-2021.00,1.A.1.g.2,Time Sharing,IM,2.88,8,0.125,2.63,3.12,N,,08/2024,Analyst
17-2021.00,1.A.1.g.2,Time Sharing,LV,2.88,8,0.125,2.63,3.12,N,N,08/2024,Analyst
17-2021.00,1.A.2.a.1,Arm-Hand Steadiness,IM,2.0,8,0.189,1.6296,2.3704,N,,08/2024,Analyst
17-2021.00,1.A.2.a.1,Arm-Hand Steadiness,LV,1.38,8,0.2631,0.8594,1.8906,N,N,08/2024,Analyst
17-2021.00,1.A.2.a.2,Manual Dexterity,IM,1.88,8,0.125,1.63,2.12,N,,08/2024,Analyst
17-2021.00,1.A.2.a.2,Manual Dexterity,LV,1.25,8,0.25,0.76,1.74,N,N,08/2024,Analyst
17-2021.00,1.A.2.a.3,Finger Dexterity,IM,2.0,8,0.0,2.0,2.0,N,,08/2024,Analyst
17-2021.00,1.A.2.a.3,Finger Dexterity,LV,2.0,8,0.0,2.0,2.0,N,N,08/2024,Analyst
17-2021.00,1.A.2.b.1,Control Precision,IM,2.25,8,0.1637,1.9292,2.5708,N,,08/2024,Analyst
17-2021.00,1.A.2.b.1,Control Precision,LV,2.12,8,0.125,1.88,2.37,N,N,08/2024,Analyst
17-2021.00,1.A.2.b.2,Multilimb Coordination,IM,2.0,8,0.0,2.0,2.0,N,,08/2024,Analyst
17-2021.00,1.A.2.b.2,Multilimb Coordination,LV,1.88,8,0.125,1.63,2.12,N,N,08/2024,Analyst
17-2021.00,1.A.2.b.3,Response Orientation,IM,1.88,8,0.125,1.63,2.12,N,,08/2024,Analyst
17-2021.00,1.A.2.b.3,Response Orientation,LV,0.88,8,0.125,0.63,1.12,N,N,08/2024,Analyst
17-2021.00,1.A.2.b.4,Rate Control,IM,1.88,8,0.125,1.63,2.12,N,,08/2024,Analyst
17-2021.00,1.A.2.b.4,Rate Control,LV,1.0,8,0.189,0.6296,1.3704,N,N,08/2024,Analyst
17-2021.00,1.A.2.c.1,Reaction Time,IM,2.0,8,0.0,2.0,2.0,N,,08/2024,Analyst
17-2021.00,1.A.2.c.1,Reaction Time,LV,2.0,8,0.0,2.0,2.0,N,N,08/2024,Analyst
17-2021.00,1.A.2.c.2,Wrist-Finger Speed,IM,1.5,8,0.189,1.1296,1.8704,N,,08/2024,Analyst
17-2021.00,1.A.2.c.2,Wrist-Finger Speed,LV,0.5,8,0.189,0.1296,0.8704,N,N,08/2024,Analyst
17-2021.00,1.A.2.c.3,Speed of Limb Movement,IM,1.0,8,0.0,1.0,1.0,N,,08/2024,Analyst
17-2021.00,1.A.2.c.3,Speed of Limb Movement,LV,0.0,8,0.0,0.0,0.0,N,Y,08/2024,Analyst
17-2021.00,1.A.3.a.1,Static Strength,IM,1.88,8,0.125,1.63,2.12,N,,08/2024,Analyst
17-2021.00,1.A.3.a.1,Static Strength,LV,1.0,8,0.189,0.6296,1.3704,N,N,08/2024,Analyst
17-2021.00,1.A.3.a.2,Explosive Strength,IM,1.38,8,0.183,1.0164,1.7336,N,,08/2024,Analyst
17-2021.00,1.A.3.a.2,Explosive Strength,LV,0.38,8,0.183,0.0164,0.7336,N,N,08/2024,Analyst
17-2021.00,1.A.3.a.3,Dynamic Strength,IM,1.5,8,0.189,1.1296,1.8704,N,,08/2024,Analyst
17-2021.00,1.A.3.a.3,Dynamic Strength,LV,0.5,8,0.189,0.1296,0.8704,N,N,08/2024,Analyst
17-2021.00,1.A.3.a.4,Trunk Strength,IM,1.88,8,0.125,1.63,2.12,N,,08/2024,Analyst
17-2021.00,1.A.3.a.4,Trunk Strength,LV,1.38,8,0.2631,0.8594,1.8906,N,N,08/2024,Analyst
17-2021.00,1.A.3.b.1,Stamina,IM,1.5,8,0.189,1.1296,1.8704,N,,08/2024,Analyst
17-2021.00,1.A.3.b.1,Stamina,LV,0.5,8,0.189,0.1296,0.8704,N,N,08/2024,Analyst
17-2021.00,1.A.3.c.1,Extent Flexibility,IM,1.75,8,0.1637,1.4292,2.0708,N,,08/2024,Analyst
17-2021.00,1.A.3.c.1,Extent Flexibility,LV,0.88,8,0.2266,0.4309,1.3191,N,N,08/2024,Analyst
17-2021.00,1.A.3.c.2,Dynamic Flexibility,IM,1.0,8,0.0,1.0,1.0,N,,08/2024,Analyst
17-2021.00,1.A.3.c.2,Dynamic Flexibility,LV,0.0,8,0.0,0.0,0.0,N,Y,08/2024,Analyst
17-2021.00,1.A.3.c.3,Gross Body Coordination,IM,1.5,8,0.189,1.1296,1.8704,N,,08/2024,Analyst
17-2021.00,1.A.3.c.3,Gross Body Coordination,LV,0.5,8,0.189,0.1296,0.8704,N,N,08/2024,Analyst
17-2021.00,1.A.3.c.4,Gross Body Equilibrium,IM,1.5,8,0.189,1.1296,1.8704,N,,08/2024,Analyst
17-2021.00,1.A.3.c.4,Gross Body Equilibrium,LV,0.5,8,0.189,0.1296,0.8704,N,N,08/2024,Analyst
17-2021.00,1.A.4.a.1,Near Vision,IM,3.62,8,0.183,3.2664,3.9836,N,,08/2024,Analyst
17-2021.00,1.A.4.a.1,Near Vision,LV,3.75,8,0.1637,3.4292,4.0708,N,N,08/2024,Analyst
17-2021.00,1.A.4.a.2,Far Vision,IM,3.0,8,0.0,3.0,3.0,N,,08/2024,Analyst
17-2021.00,1.A.4.a.2,Far Vision,LV,3.0,8,0.0,3.0,3.0,N,N,08/2024,Analyst
17-2021.00,1.A.4.a.3,Visual Color Discrimination,IM,2.75,8,0.1637,2.4292,3.0708,N,,08/2024,Analyst
17-2021.00,1.A.4.a.3,Visual Color Discrimination,LV,2.88,8,0.125,2.63,3.12,N,N,08/2024,Analyst
17-2021.00,1.A.4.a.4,Night Vision,IM,1.5,8,0.189,1.1296,1.8704,N,,08/2024,Analyst
17-2021.00,1.A.4.a.4,Night Vision,LV,0.62,8,0.2631,0.1094,1.1406,N,N,08/2024,Analyst
17-2021.00,1.A.4.a.5,Peripheral Vision,IM,1.88,8,0.125,1.63,2.12,N,,08/2024,Analyst
17-2021.00,1.A.4.a.5,Peripheral Vision,LV,0.88,8,0.125,0.63,1.12,N,N,08/2024,Analyst
17-2021.00,1.A.4.a.6,Depth Perception,IM,2.12,8,0.125,1.88,2.37,N,,08/2024,Analyst
17-2021.00,1.A.4.a.6,Depth Perception,LV,2.38,8,0.183,2.0164,2.7336,N,N,08/2024,Analyst
17-2021.00,1.A.4.a.7,Glare Sensitivity,IM,1.62,8,0.183,1.2664,1.9836,N,,08/2024,Analyst
17-2021.00,1.A.4.a.7,Glare Sensitivity,LV,0.75,8,0.25,0.26,1.24,N,N,08/2024,Analyst
17-2021.00,1.A.4.b.1,Hearing Sensitivity,IM,2.62,8,0.183,2.2664,2.9836,N,,08/2024,Analyst
17-2021.00,1.A.4.b.1,Hearing Sensitivity,LV,2.38,8,0.183,2.0164,2.7336,N,N,08/2024,Analyst
17-2021.00,1.A.4.b.2,Auditory Attention,IM,2.62,8,0.183,2.2664,2.9836,N,,08/2024,Analyst
17-2021.00,1.A.4.b.2,Auditory Attention,LV,2.62,8,0.183,2.2664,2.9836,N,N,08/2024,Analyst
17-2021.00,1.A.4.b.3,Sound Localization,IM,1.75,8,0.1637,1.4292,2.0708,N,,08/2024,Analyst
17-2021.00,1.A.4.b.3,Sound Localization,LV,0.75,8,0.1637,0.4292,1.0708,N,N,08/2024,Analyst
17-2021.00,1.A.4.b.4,Speech Recognition,IM,3.5,8,0.189,3.1296,3.8704,N,,08/2024,Analyst
17-2021.00,1.A.4.b.4,Speech Recognition,LV,3.38,8,0.183,3.0164,3.7336,N,N,08/2024,Analyst
17-2021.00,1.A.4.b.5,Speech Clarity,IM,3.62,8,0.183,3.2664,3.9836,N,,08/2024,Analyst
17-2021.00,1.A.4.b.5,Speech Clarity,LV,3.12,8,0.125,2.88,3.37,N,N,08/2024,Analyst
17-2031.00,1.A.1.a.1,Oral Comprehension,IM,4.0,8,0.0,4.0,4.0,N,,08/2024,Analyst
17-2031.00,1.A.1.a.1,Oral Comprehension,LV,4.88,8,0.125,4.63,5.12,N,N,08/2024,Analyst
17-2031.00,1.A.1.a.2,Written Comprehension,IM,4.0,8,0.0,4.0,4.0,N,,08/2024,Analyst
17-2031.00,1.A.1.a.2,Written Comprehension,LV,4.88,8,0.125,4.63,5.12,N,N,08/2024,Analyst
17-2031.00,1.A.1.a.3,Oral Expression,IM,4.0,8,0.0,4.0,4.0,N,,08/2024,Analyst
17-2031.00,1.A.1.a.3,Oral Expression,LV,4.75,8,0.1637,4.4292,5.0708,N,N,08/2024,Analyst
17-2031.00,1.A.1.a.4,Written Expression,IM,4.0,8,0.0,4.0,4.0,N,,08/2024,Analyst
17-2031.00,1.A.1.a.4,Written Expression,LV,4.75,8,0.1637,4.4292,5.0708,N,N,08/2024,Analyst
17-2031.00,1.A.1.b.1,Fluency of Ideas,IM,3.75,8,0.1637,3.4292,4.0708,N,,08/2024,Analyst
17-2031.00,1.A.1.b.1,Fluency of Ideas,LV,4.0,8,0.0,4.0,4.0,N,N,08/2024,Analyst
17-2031.00,1.A.1.b.2,Originality,IM,3.62,8,0.183,3.2664,3.9836,N,,08/2024,Analyst
17-2031.00,1.A.1.b.2,Originality,LV,4.38,8,0.183,4.0164,4.7336,N,N,08/2024,Analyst
17-2031.00,1.A.1.b.3,Problem Sensitivity,IM,4.0,8,0.0,4.0,4.0,N,,08/2024,Analyst
17-2031.00,1.A.1.b.3,Problem Sensitivity,LV,4.75,8,0.1637,4.4292,5.0708,N,N,08/2024,Analyst
17-2031.00,1.A.1.b.4,Deductive Reasoning,IM,4.0,8,0.0,4.0,4.0,N,,08/2024,Analyst
17-2031.00,1.A.1.b.4,Deductive Reasoning,LV,4.75,8,0.1637,4.4292,5.0708,N,N,08/2024,Analyst
17-2031.00,1.A.1.b.5,Inductive Reasoning,IM,4.12,8,0.125,3.88,4.37,N,,08/2024,Analyst
17-2031.00,1.A.1.b.5,Inductive Reasoning,LV,4.75,8,0.1637,4.4292,5.0708,N,N,08/2024,Analyst
17-2031.00,1.A.1.b.6,Information Ordering,IM,3.88,8,0.125,3.63,4.12,N,,08/2024,Analyst
17-2031.00,1.A.1.b.6,Information Ordering,LV,4.12,8,0.125,3.88,4.37,N,N,08/2024,Analyst
17-2031.00,1.A.1.b.7,Category Flexibility,IM,3.62,8,0.183,3.2664,3.9836,N,,08/2024,Analyst
17-2031.00,1.A.1.b.7,Category Flexibility,LV,4.38,8,0.183,4.0164,4.7336,N,N,08/2024,Analyst
17-2031.00,1.A.1.c.1,Mathematical Reasoning,IM,3.75,8,0.1637,3.4292,4.0708,N,,08/2024,Analyst
17-2031.00,1.A.1.c.1,Mathematical Reasoning,LV,4.0,8,0.189,3.6296,4.3704,N,N,08/2024,Analyst
17-2031.00,1.A.1.c.2,Number Facility,IM,3.38,8,0.183,3.0164,3.7336,N,,08/2024,Analyst
17-2031.00,1.A.1.c.2,Number Facility,LV,3.62,8,0.2631,3.1094,4.1406,N,N,08/2024,Analyst
17-2031.00,1.A.1.d.1,Memorization,IM,2.75,8,0.1637,2.4292,3.0708,N,,08/2024,Analyst
17-2031.00,1.A.1.d.1,Memorization,LV,2.75,8,0.1637,2.4292,3.0708,N,N,08/2024,Analyst
17-2031.00,1.A.1.e.1,Speed of Closure,IM,2.75,8,0.1637,2.4292,3.0708,N,,08/2024,Analyst
17-2031.00,1.A.1.e.1,Speed of Closure,LV,2.75,8,0.1637,2.4292,3.0708,N,N,08/2024,Analyst
17-2031.00,1.A.1.e.2,Flexibility of Closure,IM,3.38,8,0.183,3.0164,3.7336,N,,08/2024,Analyst
17-2031.00,1.A.1.e.2,Flexibility of Closure,LV,3.62,8,0.183,3.2664,3.9836,N,N,08/2024,Analyst
17-2031.00,1.A.1.e.3,Perceptual Speed,IM,3.0,8,0.0,3.0,3.0,N,,08/2024,Analyst
17-2031.00,1.A.1.e.3,Perceptual Speed,LV,3.0,8,0.0,3.0,3.0,N,N,08/2024,Analyst
17-2031.00,1.A.1.f.1,Spatial Orientation,IM,1.12,8,0.125,1.0,1.37,N,,08/2024,Analyst
17-2031.00,1.A.1.f.1,Spatial Orientation,LV,0.12,8,0.125,0.0,0.37,N,Y,08/2024,Analyst
17-2031.00,1.A.1.f.2,Visualization,IM,3.5,8,0.189,3.1296,3.8704,N,,08/2024,Analyst
17-2031.00,1.A.1.f.2,Visualization,LV,3.75,8,0.1637,3.4292,4.0708,N,N,08/2024,Analyst
17-2031.00,1.A.1.g.1,Selective Attention,IM,3.12,8,0.125,2.88,3.37,N,,08/2024,Analyst
17-2031.00,1.A.1.g.1,Selective Attention,LV,3.12,8,0.125,2.88,3.37,N,N,08/2024,Analyst
17-2031.00,1.A.1.g.2,Time Sharing,IM,2.62,8,0.183,2.2664,2.9836,N,,08/2024,Analyst
17-2031.00,1.A.1.g.2,Time Sharing,LV,2.25,8,0.1637,1.9292,2.5708,N,N,08/2024,Analyst
17-2031.00,1.A.2.a.1,Arm-Hand Steadiness,IM,2.62,8,0.183,2.2664,2.9836,N,,08/2024,Analyst
17-2031.00,1.A.2.a.1,Arm-Hand Steadiness,LV,2.38,8,0.183,2.0164,2.7336,N,N,08/2024,Analyst
17-2031.00,1.A.2.a.2,Manual Dexterity,IM,2.12,8,0.125,1.88,2.37,N,,08/2024,Analyst
17-2031.00,1.A.2.a.2,Manual Dexterity,LV,1.88,8,0.125,1.63,2.12,N,N,08/2024,Analyst
17-2031.00,1.A.2.a.3,Finger Dexterity,IM,2.12,8,0.125,1.88,2.37,N,,08/2024,Analyst
17-2031.00,1.A.2.a.3,Finger Dexterity,LV,2.5,8,0.189,2.1296,2.8704,N,N,08/2024,Analyst
17-2031.00,1.A.2.b.1,Control Precision,IM,2.12,8,0.125,1.88,2.37,N,,08/2024,Analyst
17-2031.00,1.A.2.b.1,Control Precision,LV,2.25,8,0.1637,1.9292,2.5708,N,N,08/2024,Analyst
17-2031.00,1.A.2.b.2,Multilimb Coordination,IM,1.38,8,0.183,1.0164,1.7336,N,,08/2024,Analyst
17-2031.00,1.A.2.b.2,Multilimb Coordination,LV,0.38,8,0.183,0.0164,0.7336,N,N,08/2024,Analyst
17-2031.00,1.A.2.b.3,Response Orientation,IM,1.12,8,0.125,1.0,1.37,N,,08/2024,Analyst
17-2031.00,1.A.2.b.3,Response Orientation,LV,0.12,8,0.125,0.0,0.37,N,Y,08/2024,Analyst
17-2031.00,1.A.2.b.4,Rate Control,IM,1.25,8,0.1637,1.0,1.5708,N,,08/2024,Analyst
17-2031.00,1.A.2.b.4,Rate Control,LV,0.25,8,0.1637,0.0,0.5708,N,Y,08/2024,Analyst
17-2031.00,1.A.2.c.1,Reaction Time,IM,1.25,8,0.1637,1.0,1.5708,N,,08/2024,Analyst
17-2031.00,1.A.2.c.1,Reaction Time,LV,0.38,8,0.2631,0.0,0.8906,N,Y,08/2024,Analyst
17-2031.00,1.A.2.c.2,Wrist-Finger Speed,IM,1.75,8,0.1637,1.4292,2.0708,N,,08/2024,Analyst
17-2031.00,1.A.2.c.2,Wrist-Finger Speed,LV,1.0,8,0.2673,0.4762,1.5238,N,N,08/2024,Analyst
17-2031.00,1.A.2.c.3,Speed of Limb Movement,IM,1.0,8,0.0,1.0,1.0,N,,08/2024,Analyst
17-2031.00,1.A.2.c.3,Speed of Limb Movement,LV,0.0,8,0.0,0.0,0.0,N,Y,08/2024,Analyst
17-2031.00,1.A.3.a.1,Static Strength,IM,1.12,8,0.125,1.0,1.37,N,,08/2024,Analyst
17-2031.00,1.A.3.a.1,Static Strength,LV,0.12,8,0.125,0.0,0.37,N,Y,08/2024,Analyst
17-2031.00,1.A.3.a.2,Explosive Strength,IM,1.0,8,0.0,1.0,1.0,N,,08/2024,Analyst
17-2031.00,1.A.3.a.2,Explosive Strength,LV,0.0,8,0.0,0.0,0.0,N,Y,08/2024,Analyst
17-2031.00,1.A.3.a.3,Dynamic Strength,IM,1.0,8,0.0,1.0,1.0,N,,08/2024,Analyst
17-2031.00,1.A.3.a.3,Dynamic Strength,LV,0.0,8,0.0,0.0,0.0,N,Y,08/2024,Analyst
17-2031.00,1.A.3.a.4,Trunk Strength,IM,1.62,8,0.183,1.2664,1.9836,N,,08/2024,Analyst
17-2031.00,1.A.3.a.4,Trunk Strength,LV,1.12,8,0.3504,0.4383,1.8117,N,N,08/2024,Analyst
17-2031.00,1.A.3.b.1,Stamina,IM,1.0,8,0.0,1.0,1.0,N,,08/2024,Analyst
17-2031.00,1.A.3.b.1,Stamina,LV,0.0,8,0.0,0.0,0.0,N,Y,08/2024,Analyst
17-2031.00,1.A.3.c.1,Extent Flexibility,IM,1.62,8,0.183,1.2664,1.9836,N,,08/2024,Analyst
17-2031.00,1.A.3.c.1,Extent Flexibility,LV,0.62,8,0.183,0.2664,0.9836,N,N,08/2024,Analyst
17-2031.00,1.A.3.c.2,Dynamic Flexibility,IM,1.0,8,0.0,1.0,1.0,N,,08/2024,Analyst
17-2031.00,1.A.3.c.2,Dynamic Flexibility,LV,0.0,8,0.0,0.0,0.0,N,Y,08/2024,Analyst
17-2031.00,1.A.3.c.3,Gross Body Coordination,IM,1.0,8,0.0,1.0,1.0,N,,08/2024,Analyst
17-2031.00,1.A.3.c.3,Gross Body Coordination,LV,0.0,8,0.0,0.0,0.0,N,Y,08/2024,Analyst
17-2031.00,1.A.3.c.4,Gross Body Equilibrium,IM,1.0,8,0.0,1.0,1.0,N,,08/2024,Analyst
17-2031.00,1.A.3.c.4,Gross Body Equilibrium,LV,0.0,8,0.0,0.0,0.0,N,Y,08/2024,Analyst
17-2031.00,1.A.4.a.1,Near Vision,IM,3.88,8,0.125,3.63,4.12,N,,08/2024,Analyst
17-2031.00,1.A.4.a.1,Near Vision,LV,4.0,8,0.0,4.0,4.0,N,N,08/2024,Analyst
17-2031.00,1.A.4.a.2,Far Vision,IM,2.88,8,0.125,2.63,3.12,N,,08/2024,Analyst
17-2031.00,1.A.4.a.2,Far Vision,LV,2.88,8,0.125,2.63,3.12,N,N,08/2024,Analyst
17-2031.00,1.A.4.a.3,Visual Color Discrimination,IM,2.75,8,0.1637,2.4292,3.0708,N,,08/2024,Analyst
17-2031.00,1.A.4.a.3,Visual Color Discrimination,LV,3.0,8,0.0,3.0,3.0,N,N,08/2024,Analyst
17-2031.00,1.A.4.a.4,Night Vision,IM,1.0,8,0.0,1.0,1.0,N,,08/2024,Analyst
17-2031.00,1.A.4.a.4,Night Vision,LV,0.0,8,0.0,0.0,0.0,N,Y,08/2024,Analyst
17-2031.00,1.A.4.a.5,Peripheral Vision,IM,1.12,8,0.125,1.0,1.37,N,,08/2024,Analyst
17-2031.00,1.A.4.a.5,Peripheral Vision,LV,0.12,8,0.125,0.0,0.37,N,Y,08/2024,Analyst
17-2031.00,1.A.4.a.6,Depth Perception,IM,2.12,8,0.125,1.88,2.37,N,,08/2024,Analyst
17-2031.00,1.A.4.a.6,Depth Perception,LV,1.88,8,0.125,1.63,2.12,N,N,08/2024,Analyst
17-2031.00,1.A.4.a.7,Glare Sensitivity,IM,1.0,8,0.0,1.0,1.0,N,,08/2024,Analyst
17-2031.00,1.A.4.a.7,Glare Sensitivity,LV,0.0,8,0.0,0.0,0.0,N,Y,08/2024,Analyst
17-2031.00,1.A.4.b.1,Hearing Sensitivity,IM,1.88,8,0.125,1.63,2.12,N,,08/2024,Analyst
17-2031.00,1.A.4.b.1,Hearing Sensitivity,LV,1.75,8,0.25,1.26,2.24,N,N,08/2024,Analyst
17-2031.00,1.A.4.b.2,Auditory Attention,IM,2.12,8,0.125,1.88,2.37,N,,08/2024,Analyst
17-2031.00,1.A.4.b.2,Auditory Attention,LV,2.0,8,0.0,2.0,2.0,N,N,08/2024,Analyst
17-2031.00,1.A.4.b.3,Sound Localization,IM,1.0,8,0.0,1.0,1.0,N,,08/2024,Analyst
17-2031.00,1.A.4.b.3,Sound Localization,LV,0.0,8,0.0,0.0,0.0,N,Y,08/2024,Analyst
17-2031.00,1.A.4.b.4,Speech Recognition,IM,3.5,8,0.189,3.1296,3.8704,N,,08/2024,Analyst
17-2031.00,1.A.4.b.4,Speech Recognition,LV,3.5,8,0.189,3.1296,3.8704,N,N,08/2024,Analyst
17-2031.00,1.A.4.b.5,Speech Clarity,IM,3.38,8,0.183,3.0164,3.7336,N,,08/2024,Analyst
17-2031.00,1.A.4.b.5,Speech Clarity,LV,3.38,8,0.183,3.0164,3.7336,N,N,08/2024,Analyst
17-2041.00,1.A.1.a.1,Oral Comprehension,IM,4.0,8,0.0,4.0,4.0,N,,07/2017,Analyst
17-2041.00,1.A.1.a.1,Oral Comprehension,LV,5.0,8,0.0,5.0,5.0,N,N,07/2017,Analyst
17-2041.00,1.A.1.a.2,Written Comprehension,IM,4.12,8,0.125,3.88,4.37,N,,07/2017,Analyst
17-2041.00,1.A.1.a.2,Written Comprehension,LV,5.0,8,0.0,5.0,5.0,N,N,07/2017,Analyst
17-2041.00,1.A.1.a.3,Oral Expression,IM,3.75,8,0.1637,3.4292,4.0708,N,,07/2017,Analyst
17-2041.00,1.A.1.a.3,Oral Expression,LV,4.38,8,0.183,4.0164,4.7336,N,N,07/2017,Analyst
17-2041.00,1.A.1.a.4,Written Expression,IM,3.25,8,0.1637,2.9292,3.5708,N,,07/2017,Analyst
17-2041.00,1.A.1.a.4,Written Expression,LV,4.12,8,0.125,3.88,4.37,N,N,07/2017,Analyst
17-2041.00,1.A.1.b.1,Fluency of Ideas,IM,3.75,8,0.1637,3.4292,4.0708,N,,07/2017,Analyst
17-2041.00,1.A.1.b.1,Fluency of Ideas,LV,3.88,8,0.125,3.63,4.12,N,N,07/2017,Analyst
17-2041.00,1.A.1.b.2,Originality,IM,3.75,8,0.1637,3.4292,4.0708,N,,07/2017,Analyst
17-2041.00,1.A.1.b.2,Originality,LV,4.12,8,0.2266,3.6809,4.5691,N,N,07/2017,Analyst
17-2041.00,1.A.1.b.3,Problem Sensitivity,IM,4.0,8,0.0,4.0,4.0,N,,07/2017,Analyst
17-2041.00,1.A.1.b.3,Problem Sensitivity,LV,4.62,8,0.183,4.2664,4.9836,N,N,07/2017,Analyst
17-2041.00,1.A.1.b.4,Deductive Reasoning,IM,4.0,8,0.0,4.0,4.0,N,,07/2017,Analyst
17-2041.00,1.A.1.b.4,Deductive Reasoning,LV,4.88,8,0.125,4.63,5.12,N,N,07/2017,Analyst
17-2041.00,1.A.1.b.5,Inductive Reasoning,IM,3.88,8,0.125,3.63,4.12,N,,07/2017,Analyst
17-2041.00,1.A.1.b.5,Inductive Reasoning,LV,4.62,8,0.183,4.2664,4.9836,N,N,07/2017,Analyst
17-2041.00,1.A.1.b.6,Information Ordering,IM,4.0,8,0.0,4.0,4.0,N,,07/2017,Analyst
17-2041.00,1.A.1.b.6,Information Ordering,LV,4.62,8,0.183,4.2664,4.9836,N,N,07/2017,Analyst
17-2041.00,1.A.1.b.7,Category Flexibility,IM,4.0,8,0.0,4.0,4.0,N,,07/2017,Analyst
17-2041.00,1.A.1.b.7,Category Flexibility,LV,4.88,8,0.125,4.63,5.12,N,N,07/2017,Analyst
17-2041.00,1.A.1.c.1,Mathematical Reasoning,IM,4.0,8,0.189,3.6296,4.3704,N,,07/2017,Analyst
17-2041.00,1.A.1.c.1,Mathematical Reasoning,LV,4.25,8,0.1637,3.9292,4.5708,N,N,07/2017,Analyst
17-2041.00,1.A.1.c.2,Number Facility,IM,3.75,8,0.25,3.26,4.24,N,,07/2017,Analyst
17-2041.00,1.A.1.c.2,Number Facility,LV,4.12,8,0.2266,3.6809,4.5691,N,N,07/2017,Analyst
17-2041.00,1.A.1.d.1,Memorization,IM,2.75,8,0.1637,2.4292,3.0708,N,,07/2017,Analyst
17-2041.00,1.A.1.d.1,Memorization,LV,2.75,8,0.25,2.26,3.24,N,N,07/2017,Analyst
17-2041.00,1.A.1.e.1,Speed of Closure,IM,3.0,8,0.189,2.6296,3.3704,N,,07/2017,Analyst
17-2041.00,1.A.1.e.1,Speed of Closure,LV,3.0,8,0.189,2.6296,3.3704,N,N,07/2017,Analyst
17-2041.00,1.A.1.e.2,Flexibility of Closure,IM,3.5,8,0.2673,2.9762,4.0238,N,,07/2017,Analyst
17-2041.00,1.A.1.e.2,Flexibility of Closure,LV,3.88,8,0.2266,3.4309,4.3191,N,N,07/2017,Analyst
17-2041.00,1.A.1.e.3,Perceptual Speed,IM,3.38,8,0.2631,2.8594,3.8906,N,,07/2017,Analyst
17-2041.00,1.A.1.e.3,Perceptual Speed,LV,3.62,8,0.183,3.2664,3.9836,N,N,07/2017,Analyst
17-2041.00,1.A.1.f.1,Spatial Orientation,IM,1.12,8,0.125,1.0,1.37,N,,07/2017,Analyst
17-2041.00,1.A.1.f.1,Spatial Orientation,LV,0.25,8,0.25,0.0,0.74,N,Y,07/2017,Analyst
17-2041.00,1.A.1.f.2,Visualization,IM,3.25,8,0.1637,2.9292,3.5708,N,,07/2017,Analyst
17-2041.00,1.A.1.f.2,Visualization,LV,3.75,8,0.1637,3.4292,4.0708,N,N,07/2017,Analyst
17-2041.00,1.A.1.g.1,Selective Attention,IM,3.25,8,0.1637,2.9292,3.5708,N,,07/2017,Analyst
17-2041.00,1.A.1.g.1,Selective Attention,LV,3.38,8,0.183,3.0164,3.7336,N,N,07/2017,Analyst
17-2041.00,1.A.1.g.2,Time Sharing,IM,2.5,8,0.189,2.1296,2.8704,N,,07/2017,Analyst
17-2041.00,1.A.1.g.2,Time Sharing,LV,2.38,8,0.183,2.0164,2.7336,N,N,07/2017,Analyst
17-2041.00,1.A.2.a.1,Arm-Hand Steadiness,IM,1.75,8,0.1637,1.4292,2.0708,N,,07/2017,Analyst
17-2041.00,1.A.2.a.1,Arm-Hand Steadiness,LV,1.12,8,0.295,0.5467,1.7033,N,N,07/2017,Analyst
17-2041.00,1.A.2.a.2,Manual Dexterity,IM,1.12,8,0.125,1.0,1.37,N,,07/2017,Analyst
17-2041.00,1.A.2.a.2,Manual Dexterity,LV,0.12,8,0.125,0.0,0.37,N,Y,07/2017,Analyst
17-2041.00,1.A.2.a.3,Finger Dexterity,IM,2.0,8,0.2673,1.4762,2.5238,N,,07/2017,Analyst
17-2041.00,1.A.2.a.3,Finger Dexterity,LV,1.88,8,0.4407,1.0113,2.7387,N,N,07/2017,Analyst
17-2041.00,1.A.2.b.1,Control Precision,IM,1.62,8,0.183,1.2664,1.9836,N,,07/2017,Analyst
17-2041.00,1.A.2.b.1,Control Precision,LV,1.0,8,0.3273,0.3584,1.6416,N,N,07/2017,Analyst
17-2041.00,1.A.2.b.2,Multilimb Coordination,IM,1.0,8,0.0,1.0,1.0,N,,07/2017,Analyst
17-2041.00,1.A.2.b.2,Multilimb Coordination,LV,0.0,8,0.0,0.0,0.0,N,Y,07/2017,Analyst
17-2041.00,1.A.2.b.3,Response Orientation,IM,1.0,8,0.0,1.0,1.0,N,,07/2017,Analyst
17-2041.00,1.A.2.b.3,Response Orientation,LV,0.0,8,0.0,0.0,0.0,N,Y,07/2017,Analyst
17-2041.00,1.A.2.b.4,Rate Control,IM,1.62,8,0.183,1.2664,1.9836,N,,07/2017,Analyst
17-2041.00,1.A.2.b.4,Rate Control,LV,1.0,8,0.3273,0.3584,1.6416,N,N,07/2017,Analyst
17-2041.00,1.A.2.c.1,Reaction Time,IM,1.62,8,0.183,1.2664,1.9836,N,,07/2017,Analyst
17-2041.00,1.A.2.c.1,Reaction Time,LV,1.25,8,0.366,0.5327,1.9673,N,N,07/2017,Analyst
17-2041.00,1.A.2.c.2,Wrist-Finger Speed,IM,1.62,8,0.183,1.2664,1.9836,N,,07/2017,Analyst
17-2041.00,1.A.2.c.2,Wrist-Finger Speed,LV,1.0,8,0.3273,0.3584,1.6416,N,N,07/2017,Analyst
17-2041.00,1.A.2.c.3,Speed of Limb Movement,IM,1.0,8,0.0,1.0,1.0,N,,07/2017,Analyst
17-2041.00,1.A.2.c.3,Speed of Limb Movement,LV,0.0,8,0.0,0.0,0.0,N,Y,07/2017,Analyst
17-2041.00,1.A.3.a.1,Static Strength,IM,1.0,8,0.0,1.0,1.0,N,,07/2017,Analyst
17-2041.00,1.A.3.a.1,Static Strength,LV,0.0,8,0.0,0.0,0.0,N,Y,07/2017,Analyst
17-2041.00,1.A.3.a.2,Explosive Strength,IM,1.0,8,0.0,1.0,1.0,N,,07/2017,Analyst
17-2041.00,1.A.3.a.2,Explosive Strength,LV,0.0,8,0.0,0.0,0.0,N,Y,07/2017,Analyst
17-2041.00,1.A.3.a.3,Dynamic Strength,IM,1.0,8,0.0,1.0,1.0,N,,07/2017,Analyst
17-2041.00,1.A.3.a.3,Dynamic Strength,LV,0.0,8,0.0,0.0,0.0,N,Y,07/2017,Analyst
17-2041.00,1.A.3.a.4,Trunk Strength,IM,1.62,8,0.2631,1.1094,2.1406,N,,07/2017,Analyst
17-2041.00,1.A.3.a.4,Trunk Strength,LV,0.88,8,0.3504,0.1883,1.5617,N,N,07/2017,Analyst
17-2041.00,1.A.3.b.1,Stamina,IM,1.0,8,0.0,1.0,1.0,N,,07/2017,Analyst
17-2041.00,1.A.3.b.1,Stamina,LV,0.0,8,0.0,0.0,0.0,N,Y,07/2017,Analyst
17-2041.00,1.A.3.c.1,Extent Flexibility,IM,1.0,8,0.0,1.0,1.0,N,,07/2017,Analyst
17-2041.00,1.A.3.c.1,Extent Flexibility,LV,0.0,8,0.0,0.0,0.0,N,Y,07/2017,Analyst
17-2041.00,1.A.3.c.2,Dynamic Flexibility,IM,1.0,8,0.0,1.0,1.0,N,,07/2017,Analyst
17-2041.00,1.A.3.c.2,Dynamic Flexibility,LV,0.0,8,0.0,0.0,0.0,N,Y,07/2017,Analyst
17-2041.00,1.A.3.c.3,Gross Body Coordination,IM,1.0,8,0.0,1.0,1.0,N,,07/2017,Analyst
17-2041.00,1.A.3.c.3,Gross Body Coordination,LV,0.0,8,0.0,0.0,0.0,N,Y,07/2017,Analyst
17-2041.00,1.A.3.c.4,Gross Body Equilibrium,IM,1.0,8,0.0,1.0,1.0,N,,07/2017,Analyst
17-2041.00,1.A.3.c.4,Gross Body Equilibrium,LV,0.0,8,0.0,0.0,0.0,N,Y,07/2017,Analyst
17-2041.00,1.A.4.a.1,Near Vision,IM,3.62,8,0.183,3.2664,3.9836,N,,07/2017,Analyst
17-2041.00,1.A.4.a.1,Near Vision,LV,4.12,8,0.125,3.88,4.37,N,N,07/2017,Analyst
17-2041.00,1.A.4.a.2,Far Vision,IM,3.25,8,0.25,2.76,3.74,N,,07/2017,Analyst
17-2041.00,1.A.4.a.2,Far Vision,LV,3.75,8,0.1637,3.4292,4.0708,N,N,07/2017,Analyst
17-2041.00,1.A.4.a.3,Visual Color Discrimination,IM,3.0,8,0.189,2.6296,3.3704,N,,07/2017,Analyst
17-2041.00,1.A.4.a.3,Visual Color Discrimination,LV,3.5,8,0.189,3.1296,3.8704,N,N,07/2017,Analyst
17-2041.00,1.A.4.a.4,Night Vision,IM,1.0,8,0.0,1.0,1.0,N,,07/2017,Analyst
17-2041.00,1.A.4.a.4,Night Vision,LV,0.0,8,0.0,0.0,0.0,N,Y,07/2017,Analyst
17-2041.00,1.A.4.a.5,Peripheral Vision,IM,1.0,8,0.0,1.0,1.0,N,,07/2017,Analyst
17-2041.00,1.A.4.a.5,Peripheral Vision,LV,0.0,8,0.0,0.0,0.0,N,Y,07/2017,Analyst
17-2041.00,1.A.4.a.6,Depth Perception,IM,2.12,8,0.125,1.88,2.37,N,,07/2017,Analyst
17-2041.00,1.A.4.a.6,Depth Perception,LV,2.0,8,0.0,2.0,2.0,N,N,07/2017,Analyst
17-2041.00,1.A.4.a.7,Glare Sensitivity,IM,1.0,8,0.0,1.0,1.0,N,,07/2017,Analyst
17-2041.00,1.A.4.a.7,Glare Sensitivity,LV,0.0,8,0.0,0.0,0.0,N,Y,07/2017,Analyst
17-2041.00,1.A.4.b.1,Hearing Sensitivity,IM,2.38,8,0.183,2.0164,2.7336,N,,07/2017,Analyst
17-2041.00,1.A.4.b.1,Hearing Sensitivity,LV,2.12,8,0.125,1.88,2.37,N,N,07/2017,Analyst
17-2041.00,1.A.4.b.2,Auditory Attention,IM,2.62,8,0.183,2.2664,2.9836,N,,07/2017,Analyst
17-2041.00,1.A.4.b.2,Auditory Attention,LV,2.5,8,0.189,2.1296,2.8704,N,N,07/2017,Analyst
17-2041.00,1.A.4.b.3,Sound Localization,IM,1.0,8,0.0,1.0,1.0,N,,07/2017,Analyst
17-2041.00,1.A.4.b.3,Sound Localization,LV,0.0,8,0.0,0.0,0.0,N,Y,07/2017,Analyst
17-2041.00,1.A.4.b.4,Speech Recognition,IM,3.12,8,0.125,2.88,3.37,N,,07/2017,Analyst
17-2041.00,1.A.4.b.4,Speech Recognition,LV,3.75,8,0.1637,3.4292,4.0708,N,N,07/2017,Analyst
17-2041.00,1.A.4.b.5,Speech Clarity,IM,3.25,8,0.1637,2.9292,3.5708,N,,07/2017,Analyst
17-2041.00,1.A.4.b.5,Speech Clarity,LV,3.12,8,0.125,2.88,3.37,N,N,07/2017,Analyst
17-2051.00,1.A.1.a.1,Oral Comprehension,IM,4.0,8,0.0,4.0,4.0,N,,08/2021,Analyst
17-2051.00,1.A.1.a.1,Oral Comprehension,LV,5.0,8,0.0,5.0,5.0,N,N,08/2021,Analyst
17-2051.00,1.A.1.a.2,Written Comprehension,IM,4.0,8,0.0,4.0,4.0,N,,08/2021,Analyst
17-2051.00,1.A.1.a.2,Written Comprehension,LV,5.0,8,0.0,5.0,5.0,N,N,08/2021,Analyst
17-2051.00,1.A.1.a.3,Oral Expression,IM,4.0,8,0.0,4.0,4.0,N,,08/2021,Analyst
17-2051.00,1.A.1.a.3,Oral Expression,LV,5.0,8,0.0,5.0,5.0,N,N,08/2021,Analyst
17-2051.00,1.A.1.a.4,Written Expression,IM,4.0,8,0.0,4.0,4.0,N,,08/2021,Analyst
17-2051.00,1.A.1.a.4,Written Expression,LV,4.0,8,0.0,4.0,4.0,N,N,08/2021,Analyst
17-2051.00,1.A.1.b.1,Fluency of Ideas,IM,3.75,8,0.1637,3.4292,4.0708,N,,08/2021,Analyst
17-2051.00,1.A.1.b.1,Fluency of Ideas,LV,4.0,8,0.0,4.0,4.0,N,N,08/2021,Analyst
17-2051.00,1.A.1.b.2,Originality,IM,3.25,8,0.1637,2.9292,3.5708,N,,08/2021,Analyst
17-2051.00,1.A.1.b.2,Originality,LV,4.0,8,0.0,4.0,4.0,N,N,08/2021,Analyst
17-2051.00,1.A.1.b.3,Problem Sensitivity,IM,4.0,8,0.0,4.0,4.0,N,,08/2021,Analyst
17-2051.00,1.A.1.b.3,Problem Sensitivity,LV,4.75,8,0.1637,4.4292,5.0708,N,N,08/2021,Analyst
17-2051.00,1.A.1.b.4,Deductive Reasoning,IM,4.0,8,0.0,4.0,4.0,N,,08/2021,Analyst
17-2051.00,1.A.1.b.4,Deductive Reasoning,LV,4.88,8,0.125,4.63,5.12,N,N,08/2021,Analyst
17-2051.00,1.A.1.b.5,Inductive Reasoning,IM,4.0,8,0.0,4.0,4.0,N,,08/2021,Analyst
17-2051.00,1.A.1.b.5,Inductive Reasoning,LV,4.0,8,0.0,4.0,4.0,N,N,08/2021,Analyst
17-2051.00,1.A.1.b.6,Information Ordering,IM,3.88,8,0.125,3.63,4.12,N,,08/2021,Analyst
17-2051.00,1.A.1.b.6,Information Ordering,LV,4.0,8,0.0,4.0,4.0,N,N,08/2021,Analyst
17-2051.00,1.A.1.b.7,Category Flexibility,IM,3.75,8,0.1637,3.4292,4.0708,N,,08/2021,Analyst
17-2051.00,1.A.1.b.7,Category Flexibility,LV,4.12,8,0.125,3.88,4.37,N,N,08/2021,Analyst
17-2051.00,1.A.1.c.1,Mathematical Reasoning,IM,3.88,8,0.125,3.63,4.12,N,,08/2021,Analyst
17-2051.00,1.A.1.c.1,Mathematical Reasoning,LV,4.75,8,0.1637,4.4292,5.0708,N,N,08/2021,Analyst
17-2051.00,1.A.1.c.2,Number Facility,IM,3.75,8,0.1637,3.4292,4.0708,N,,08/2021,Analyst
17-2051.00,1.A.1.c.2,Number Facility,LV,4.0,8,0.0,4.0,4.0,N,N,08/2021,Analyst
17-2051.00,1.A.1.d.1,Memorization,IM,2.62,8,0.183,2.2664,2.9836,N,,08/2021,Analyst
17-2051.00,1.A.1.d.1,Memorization,LV,2.88,8,0.125,2.63,3.12,N,N,08/2021,Analyst
17-2051.00,1.A.1.e.1,Speed of Closure,IM,2.88,8,0.125,2.63,3.12,N,,08/2021,Analyst
17-2051.00,1.A.1.e.1,Speed of Closure,LV,3.62,8,0.2631,3.1094,4.1406,N,N,08/2021,Analyst
17-2051.00,1.A.1.e.2,Flexibility of Closure,IM,3.62,8,0.183,3.2664,3.9836,N,,08/2021,Analyst
17-2051.00,1.A.1.e.2,Flexibility of Closure,LV,3.75,8,0.25,3.26,4.24,N,N,08/2021,Analyst
17-2051.00,1.A.1.e.3,Perceptual Speed,IM,3.62,8,0.183,3.2664,3.9836,N,,08/2021,Analyst
17-2051.00,1.A.1.e.3,Perceptual Speed,LV,3.75,8,0.25,3.26,4.24,N,N,08/2021,Analyst
17-2051.00,1.A.1.f.1,Spatial Orientation,IM,1.88,8,0.125,1.63,2.12,N,,08/2021,Analyst
17-2051.00,1.A.1.f.1,Spatial Orientation,LV,1.5,8,0.2673,0.9762,2.0238,N,N,08/2021,Analyst
17-2051.00,1.A.1.f.2,Visualization,IM,3.75,8,0.1637,3.4292,4.0708,N,,08/2021,Analyst
17-2051.00,1.A.1.f.2,Visualization,LV,4.12,8,0.125,3.88,4.37,N,N,08/2021,Analyst
17-2051.00,1.A.1.g.1,Selective Attention,IM,3.0,8,0.0,3.0,3.0,N,,08/2021,Analyst
17-2051.00,1.A.1.g.1,Selective Attention,LV,3.12,8,0.125,2.88,3.37,N,N,08/2021,Analyst
17-2051.00,1.A.1.g.2,Time Sharing,IM,2.62,8,0.183,2.2664,2.9836,N,,08/2021,Analyst
17-2051.00,1.A.1.g.2,Time Sharing,LV,2.75,8,0.1637,2.4292,3.0708,N,N,08/2021,Analyst
17-2051.00,1.A.2.a.1,Arm-Hand Steadiness,IM,1.0,8,0.0,1.0,1.0,N,,08/2021,Analyst
17-2051.00,1.A.2.a.1,Arm-Hand Steadiness,LV,0.0,8,0.0,0.0,0.0,N,Y,08/2021,Analyst
17-2051.00,1.A.2.a.2,Manual Dexterity,IM,1.0,8,0.0,1.0,1.0,N,,08/2021,Analyst
17-2051.00,1.A.2.a.2,Manual Dexterity,LV,0.0,8,0.0,0.0,0.0,N,Y,08/2021,Analyst
17-2051.00,1.A.2.a.3,Finger Dexterity,IM,2.12,8,0.295,1.5467,2.7033,N,,08/2021,Analyst
17-2051.00,1.A.2.a.3,Finger Dexterity,LV,1.62,8,0.375,0.89,2.36,N,N,08/2021,Analyst
17-2051.00,1.A.2.b.1,Control Precision,IM,1.62,8,0.183,1.2664,1.9836,N,,08/2021,Analyst
17-2051.00,1.A.2.b.1,Control Precision,LV,1.12,8,0.3504,0.4383,1.8117,N,N,08/2021,Analyst
17-2051.00,1.A.2.b.2,Multilimb Coordination,IM,1.5,8,0.189,1.1296,1.8704,N,,08/2021,Analyst
17-2051.00,1.A.2.b.2,Multilimb Coordination,LV,0.5,8,0.189,0.1296,0.8704,N,N,08/2021,Analyst
17-2051.00,1.A.2.b.3,Response Orientation,IM,1.0,8,0.0,1.0,1.0,N,,08/2021,Analyst
17-2051.00,1.A.2.b.3,Response Orientation,LV,0.0,8,0.0,0.0,0.0,N,Y,08/2021,Analyst
17-2051.00,1.A.2.b.4,Rate Control,IM,1.0,8,0.0,1.0,1.0,N,,08/2021,Analyst
17-2051.00,1.A.2.b.4,Rate Control,LV,0.0,8,0.0,0.0,0.0,N,Y,08/2021,Analyst
17-2051.00,1.A.2.c.1,Reaction Time,IM,1.0,8,0.0,1.0,1.0,N,,08/2021,Analyst
17-2051.00,1.A.2.c.1,Reaction Time,LV,0.0,8,0.0,0.0,0.0,N,Y,08/2021,Analyst
17-2051.00,1.A.2.c.2,Wrist-Finger Speed,IM,1.38,8,0.183,1.0164,1.7336,N,,08/2021,Analyst
17-2051.00,1.A.2.c.2,Wrist-Finger Speed,LV,0.5,8,0.2673,0.0,1.0238,N,N,08/2021,Analyst
17-2051.00,1.A.2.c.3,Speed of Limb Movement,IM,1.0,8,0.0,1.0,1.0,N,,08/2021,Analyst
17-2051.00,1.A.2.c.3,Speed of Limb Movement,LV,0.0,8,0.0,0.0,0.0,N,Y,08/2021,Analyst
17-2051.00,1.A.3.a.1,Static Strength,IM,1.0,8,0.0,1.0,1.0,N,,08/2021,Analyst
17-2051.00,1.A.3.a.1,Static Strength,LV,0.0,8,0.0,0.0,0.0,N,Y,08/2021,Analyst
17-2051.00,1.A.3.a.2,Explosive Strength,IM,1.0,8,0.0,1.0,1.0,N,,08/2021,Analyst
17-2051.00,1.A.3.a.2,Explosive Strength,LV,0.0,8,0.0,0.0,0.0,N,Y,08/2021,Analyst
17-2051.00,1.A.3.a.3,Dynamic Strength,IM,1.0,8,0.0,1.0,1.0,N,,08/2021,Analyst
17-2051.00,1.A.3.a.3,Dynamic Strength,LV,0.0,8,0.0,0.0,0.0,N,Y,08/2021,Analyst
17-2051.00,1.A.3.a.4,Trunk Strength,IM,1.5,8,0.189,1.1296,1.8704,N,,08/2021,Analyst
17-2051.00,1.A.3.a.4,Trunk Strength,LV,0.75,8,0.3134,0.1358,1.3642,N,N,08/2021,Analyst
17-2051.00,1.A.3.b.1,Stamina,IM,1.0,8,0.0,1.0,1.0,N,,08/2021,Analyst
17-2051.00,1.A.3.b.1,Stamina,LV,0.0,8,0.0,0.0,0.0,N,Y,08/2021,Analyst
17-2051.00,1.A.3.c.1,Extent Flexibility,IM,1.0,8,0.0,1.0,1.0,N,,08/2021,Analyst
17-2051.00,1.A.3.c.1,Extent Flexibility,LV,0.0,8,0.0,0.0,0.0,N,Y,08/2021,Analyst
17-2051.00,1.A.3.c.2,Dynamic Flexibility,IM,1.0,8,0.0,1.0,1.0,N,,08/2021,Analyst
17-2051.00,1.A.3.c.2,Dynamic Flexibility,LV,0.0,8,0.0,0.0,0.0,N,Y,08/2021,Analyst
17-2051.00,1.A.3.c.3,Gross Body Coordination,IM,1.0,8,0.0,1.0,1.0,N,,08/2021,Analyst
17-2051.00,1.A.3.c.3,Gross Body Coordination,LV,0.0,8,0.0,0.0,0.0,N,Y,08/2021,Analyst
17-2051.00,1.A.3.c.4,Gross Body Equilibrium,IM,1.0,8,0.0,1.0,1.0,N,,08/2021,Analyst
17-2051.00,1.A.3.c.4,Gross Body Equilibrium,LV,0.0,8,0.0,0.0,0.0,N,Y,08/2021,Analyst
17-2051.00,1.A.4.a.1,Near Vision,IM,3.75,8,0.1637,3.4292,4.0708,N,,08/2021,Analyst
17-2051.00,1.A.4.a.1,Near Vision,LV,4.12,8,0.125,3.88,4.37,N,N,08/2021,Analyst
17-2051.00,1.A.4.a.2,Far Vision,IM,3.62,8,0.183,3.2664,3.9836,N,,08/2021,Analyst
17-2051.00,1.A.4.a.2,Far Vision,LV,3.62,8,0.183,3.2664,3.9836,N,N,08/2021,Analyst
17-2051.00,1.A.4.a.3,Visual Color Discrimination,IM,2.62,8,0.183,2.2664,2.9836,N,,08/2021,Analyst
17-2051.00,1.A.4.a.3,Visual Color Discrimination,LV,2.62,8,0.183,2.2664,2.9836,N,N,08/2021,Analyst
17-2051.00,1.A.4.a.4,Night Vision,IM,1.0,8,0.0,1.0,1.0,N,,08/2021,Analyst
17-2051.00,1.A.4.a.4,Night Vision,LV,0.0,8,0.0,0.0,0.0,N,Y,08/2021,Analyst
17-2051.00,1.A.4.a.5,Peripheral Vision,IM,1.0,8,0.0,1.0,1.0,N,,08/2021,Analyst
17-2051.00,1.A.4.a.5,Peripheral Vision,LV,0.0,8,0.0,0.0,0.0,N,Y,08/2021,Analyst
17-2051.00,1.A.4.a.6,Depth Perception,IM,2.5,8,0.189,2.1296,2.8704,N,,08/2021,Analyst
17-2051.00,1.A.4.a.6,Depth Perception,LV,2.62,8,0.183,2.2664,2.9836,N,N,08/2021,Analyst
17-2051.00,1.A.4.a.7,Glare Sensitivity,IM,1.25,8,0.25,1.0,1.74,N,,08/2021,Analyst
17-2051.00,1.A.4.a.7,Glare Sensitivity,LV,0.12,8,0.125,0.0,0.37,N,Y,08/2021,Analyst
17-2051.00,1.A.4.b.1,Hearing Sensitivity,IM,2.5,8,0.189,2.1296,2.8704,N,,08/2021,Analyst
17-2051.00,1.A.4.b.1,Hearing Sensitivity,LV,2.5,8,0.189,2.1296,2.8704,N,N,08/2021,Analyst
17-2051.00,1.A.4.b.2,Auditory Attention,IM,2.62,8,0.183,2.2664,2.9836,N,,08/2021,Analyst
17-2051.00,1.A.4.b.2,Auditory Attention,LV,2.62,8,0.183,2.2664,2.9836,N,N,08/2021,Analyst
17-2051.00,1.A.4.b.3,Sound Localization,IM,1.0,8,0.0,1.0,1.0,N,,08/2021,Analyst
17-2051.00,1.A.4.b.3,Sound Localization,LV,0.0,8,0.0,0.0,0.0,N,Y,08/2021,Analyst
17-2051.00,1.A.4.b.4,Speech Recognition,IM,3.62,8,0.183,3.2664,3.9836,N,,08/2021,Analyst
17-2051.00,1.A.4.b.4,Speech Recognition,LV,4.0,8,0.0,4.0,4.0,N,N,08/2021,Analyst
17-2051.00,1.A.4.b.5,Speech Clarity,IM,3.62,8,0.183,3.2664,3.9836,N,,08/2021,Analyst
17-2051.00,1.A.4.b.5,Speech Clarity,LV,3.75,8,0.1637,3.4292,4.0708,N,N,08/2021,Analyst
17-2051.01,1.A.1.a.1,Oral Comprehension,IM,4.0,8,0.0,4.0,4.0,N,,08/2023,Analyst
17-2051.01,1.A.1.a.1,Oral Comprehension,LV,4.75,8,0.1637,4.4292,5.0708,N,N,08/2023,Analyst
17-2051.01,1.A.1.a.2,Written Comprehension,IM,4.0,8,0.0,4.0,4.0,N,,08/2023,Analyst
17-2051.01,1.A.1.a.2,Written Comprehension,LV,4.75,8,0.1637,4.4292,5.0708,N,N,08/2023,Analyst
17-2051.01,1.A.1.a.3,Oral Expression,IM,4.0,8,0.0,4.0,4.0,N,,08/2023,Analyst
17-2051.01,1.A.1.a.3,Oral Expression,LV,4.75,8,0.1637,4.4292,5.0708,N,N,08/2023,Analyst
17-2051.01,1.A.1.a.4,Written Expression,IM,4.0,8,0.0,4.0,4.0,N,,08/2023,Analyst
17-2051.01,1.A.1.a.4,Written Expression,LV,4.12,8,0.125,3.88,4.37,N,N,08/2023,Analyst
17-2051.01,1.A.1.b.1,Fluency of Ideas,IM,3.75,8,0.1637,3.4292,4.0708,N,,08/2023,Analyst
17-2051.01,1.A.1.b.1,Fluency of Ideas,LV,4.0,8,0.0,4.0,4.0,N,N,08/2023,Analyst
17-2051.01,1.A.1.b.2,Originality,IM,3.25,8,0.1637,2.9292,3.5708,N,,08/2023,Analyst
17-2051.01,1.A.1.b.2,Originality,LV,3.75,8,0.1637,3.4292,4.0708,N,N,08/2023,Analyst
17-2051.01,1.A.1.b.3,Problem Sensitivity,IM,4.0,8,0.0,4.0,4.0,N,,08/2023,Analyst
17-2051.01,1.A.1.b.3,Problem Sensitivity,LV,4.62,8,0.183,4.2664,4.9836,N,N,08/2023,Analyst
17-2051.01,1.A.1.b.4,Deductive Reasoning,IM,4.0,8,0.0,4.0,4.0,N,,08/2023,Analyst
17-2051.01,1.A.1.b.4,Deductive Reasoning,LV,4.75,8,0.1637,4.4292,5.0708,N,N,08/2023,Analyst
17-2051.01,1.A.1.b.5,Inductive Reasoning,IM,4.0,8,0.0,4.0,4.0,N,,08/2023,Analyst
17-2051.01,1.A.1.b.5,Inductive Reasoning,LV,4.38,8,0.183,4.0164,4.7336,N,N,08/2023,Analyst
17-2051.01,1.A.1.b.6,Information Ordering,IM,3.88,8,0.125,3.63,4.12,N,,08/2023,Analyst
17-2051.01,1.A.1.b.6,Information Ordering,LV,4.25,8,0.1637,3.9292,4.5708,N,N,08/2023,Analyst
17-2051.01,1.A.1.b.7,Category Flexibility,IM,4.0,8,0.0,4.0,4.0,N,,08/2023,Analyst
17-2051.01,1.A.1.b.7,Category Flexibility,LV,4.0,8,0.0,4.0,4.0,N,N,08/2023,Analyst
17-2051.01,1.A.1.c.1,Mathematical Reasoning,IM,3.88,8,0.125,3.63,4.12,N,,08/2023,Analyst
17-2051.01,1.A.1.c.1,Mathematical Reasoning,LV,4.25,8,0.1637,3.9292,4.5708,N,N,08/2023,Analyst
17-2051.01,1.A.1.c.2,Number Facility,IM,3.88,8,0.125,3.63,4.12,N,,08/2023,Analyst
17-2051.01,1.A.1.c.2,Number Facility,LV,4.0,8,0.0,4.0,4.0,N,N,08/2023,Analyst
17-2051.01,1.A.1.d.1,Memorization,IM,2.75,8,0.1637,2.4292,3.0708,N,,08/2023,Analyst
17-2051.01,1.A.1.d.1,Memorization,LV,2.75,8,0.1637,2.4292,3.0708,N,N,08/2023,Analyst
17-2051.01,1.A.1.e.1,Speed of Closure,IM,2.75,8,0.1637,2.4292,3.0708,N,,08/2023,Analyst
17-2051.01,1.A.1.e.1,Speed of Closure,LV,3.12,8,0.125,2.88,3.37,N,N,08/2023,Analyst
17-2051.01,1.A.1.e.2,Flexibility of Closure,IM,3.12,8,0.125,2.88,3.37,N,,08/2023,Analyst
17-2051.01,1.A.1.e.2,Flexibility of Closure,LV,3.25,8,0.1637,2.9292,3.5708,N,N,08/2023,Analyst
17-2051.01,1.A.1.e.3,Perceptual Speed,IM,3.0,8,0.0,3.0,3.0,N,,08/2023,Analyst
17-2051.01,1.A.1.e.3,Perceptual Speed,LV,3.0,8,0.0,3.0,3.0,N,N,08/2023,Analyst
17-2051.01,1.A.1.f.1,Spatial Orientation,IM,1.62,8,0.183,1.2664,1.9836,N,,08/2023,Analyst
17-2051.01,1.A.1.f.1,Spatial Orientation,LV,0.75,8,0.25,0.26,1.24,N,N,08/2023,Analyst
17-2051.01,1.A.1.f.2,Visualization,IM,3.75,8,0.1637,3.4292,4.0708,N,,08/2023,Analyst
17-2051.01,1.A.1.f.2,Visualization,LV,4.12,8,0.125,3.88,4.37,N,N,08/2023,Analyst
17-2051.01,1.A.1.g.1,Selective Attention,IM,3.0,8,0.0,3.0,3.0,N,,08/2023,Analyst
17-2051.01,1.A.1.g.1,Selective Attention,LV,3.0,8,0.0,3.0,3.0,N,N,08/2023,Analyst
17-2051.01,1.A.1.g.2,Time Sharing,IM,2.5,8,0.189,2.1296,2.8704,N,,08/2023,Analyst
17-2051.01,1.A.1.g.2,Time Sharing,LV,2.25,8,0.1637,1.9292,2.5708,N,N,08/2023,Analyst
17-2051.01,1.A.2.a.1,Arm-Hand Steadiness,IM,1.38,8,0.183,1.0164,1.7336,N,,08/2023,Analyst
17-2051.01,1.A.2.a.1,Arm-Hand Steadiness,LV,0.38,8,0.183,0.0164,0.7336,N,N,08/2023,Analyst
17-2051.01,1.A.2.a.2,Manual Dexterity,IM,1.5,8,0.189,1.1296,1.8704,N,,08/2023,Analyst
17-2051.01,1.A.2.a.2,Manual Dexterity,LV,0.5,8,0.189,0.1296,0.8704,N,N,08/2023,Analyst
17-2051.01,1.A.2.a.3,Finger Dexterity,IM,1.75,8,0.1637,1.4292,2.0708,N,,08/2023,Analyst
17-2051.01,1.A.2.a.3,Finger Dexterity,LV,1.25,8,0.3134,0.6358,1.8642,N,N,08/2023,Analyst
17-2051.01,1.A.2.b.1,Control Precision,IM,1.5,8,0.189,1.1296,1.8704,N,,08/2023,Analyst
17-2051.01,1.A.2.b.1,Control Precision,LV,0.88,8,0.3504,0.1883,1.5617,N,N,08/2023,Analyst
17-2051.01,1.A.2.b.2,Multilimb Coordination,IM,1.38,8,0.183,1.0164,1.7336,N,,08/2023,Analyst
17-2051.01,1.A.2.b.2,Multilimb Coordination,LV,0.38,8,0.183,0.0164,0.7336,N,N,08/2023,Analyst
17-2051.01,1.A.2.b.3,Response Orientation,IM,1.0,8,0.0,1.0,1.0,N,,08/2023,Analyst
17-2051.01,1.A.2.b.3,Response Orientation,LV,0.0,8,0.0,0.0,0.0,N,Y,08/2023,Analyst
17-2051.01,1.A.2.b.4,Rate Control,IM,1.0,8,0.0,1.0,1.0,N,,08/2023,Analyst
17-2051.01,1.A.2.b.4,Rate Control,LV,0.0,8,0.0,0.0,0.0,N,Y,08/2023,Analyst
17-2051.01,1.A.2.c.1,Reaction Time,IM,1.0,8,0.0,1.0,1.0,N,,08/2023,Analyst
17-2051.01,1.A.2.c.1,Reaction Time,LV,0.0,8,0.0,0.0,0.0,N,Y,08/2023,Analyst
17-2051.01,1.A.2.c.2,Wrist-Finger Speed,IM,1.75,8,0.1637,1.4292,2.0708,N,,08/2023,Analyst
17-2051.01,1.A.2.c.2,Wrist-Finger Speed,LV,0.88,8,0.2266,0.4309,1.3191,N,N,08/2023,Analyst
17-2051.01,1.A.2.c.3,Speed of Limb Movement,IM,1.0,8,0.0,1.0,1.0,N,,08/2023,Analyst
17-2051.01,1.A.2.c.3,Speed of Limb Movement,LV,0.0,8,0.0,0.0,0.0,N,Y,08/2023,Analyst
17-2051.01,1.A.3.a.1,Static Strength,IM,1.0,8,0.0,1.0,1.0,N,,08/2023,Analyst
17-2051.01,1.A.3.a.1,Static Strength,LV,0.0,8,0.0,0.0,0.0,N,Y,08/2023,Analyst
17-2051.01,1.A.3.a.2,Explosive Strength,IM,1.0,8,0.0,1.0,1.0,N,,08/2023,Analyst
17-2051.01,1.A.3.a.2,Explosive Strength,LV,0.0,8,0.0,0.0,0.0,N,Y,08/2023,Analyst
17-2051.01,1.A.3.a.3,Dynamic Strength,IM,1.0,8,0.0,1.0,1.0,N,,08/2023,Analyst
17-2051.01,1.A.3.a.3,Dynamic Strength,LV,0.0,8,0.0,0.0,0.0,N,Y,08/2023,Analyst
17-2051.01,1.A.3.a.4,Trunk Strength,IM,1.88,8,0.125,1.63,2.12,N,,08/2023,Analyst
17-2051.01,1.A.3.a.4,Trunk Strength,LV,1.12,8,0.2266,0.6809,1.5691,N,N,08/2023,Analyst
17-2051.01,1.A.3.b.1,Stamina,IM,1.0,8,0.0,1.0,1.0,N,,08/2023,Analyst
17-2051.01,1.A.3.b.1,Stamina,LV,0.0,8,0.0,0.0,0.0,N,Y,08/2023,Analyst
17-2051.01,1.A.3.c.1,Extent Flexibility,IM,1.0,8,0.0,1.0,1.0,N,,08/2023,Analyst
17-2051.01,1.A.3.c.1,Extent Flexibility,LV,0.0,8,0.0,0.0,0.0,N,Y,08/2023,Analyst
17-2051.01,1.A.3.c.2,Dynamic Flexibility,IM,1.0,8,0.0,1.0,1.0,N,,08/2023,Analyst
17-2051.01,1.A.3.c.2,Dynamic Flexibility,LV,0.0,8,0.0,0.0,0.0,N,Y,08/2023,Analyst
17-2051.01,1.A.3.c.3,Gross Body Coordination,IM,1.0,8,0.0,1.0,1.0,N,,08/2023,Analyst
17-2051.01,1.A.3.c.3,Gross Body Coordination,LV,0.0,8,0.0,0.0,0.0,N,Y,08/2023,Analyst
17-2051.01,1.A.3.c.4,Gross Body Equilibrium,IM,1.0,8,0.0,1.0,1.0,N,,08/2023,Analyst
17-2051.01,1.A.3.c.4,Gross Body Equilibrium,LV,0.0,8,0.0,0.0,0.0,N,Y,08/2023,Analyst
17-2051.01,1.A.4.a.1,Near Vision,IM,3.75,8,0.1637,3.4292,4.0708,N,,08/2023,Analyst
17-2051.01,1.A.4.a.1,Near Vision,LV,4.12,8,0.125,3.88,4.37,N,N,08/2023,Analyst
17-2051.01,1.A.4.a.2,Far Vision,IM,3.25,8,0.1637,2.9292,3.5708,N,,08/2023,Analyst
17-2051.01,1.A.4.a.2,Far Vision,LV,3.25,8,0.1637,2.9292,3.5708,N,N,08/2023,Analyst
17-2051.01,1.A.4.a.3,Visual Color Discrimination,IM,2.62,8,0.183,2.2664,2.9836,N,,08/2023,Analyst
17-2051.01,1.A.4.a.3,Visual Color Discrimination,LV,2.25,8,0.1637,1.9292,2.5708,N,N,08/2023,Analyst
17-2051.01,1.A.4.a.4,Night Vision,IM,1.0,8,0.0,1.0,1.0,N,,08/2023,Analyst
17-2051.01,1.A.4.a.4,Night Vision,LV,0.0,8,0.0,0.0,0.0,N,Y,08/2023,Analyst
17-2051.01,1.A.4.a.5,Peripheral Vision,IM,1.0,8,0.0,1.0,1.0,N,,08/2023,Analyst
17-2051.01,1.A.4.a.5,Peripheral Vision,LV,0.0,8,0.0,0.0,0.0,N,Y,08/2023,Analyst
17-2051.01,1.A.4.a.6,Depth Perception,IM,2.0,8,0.0,2.0,2.0,N,,08/2023,Analyst
17-2051.01,1.A.4.a.6,Depth Perception,LV,2.0,8,0.0,2.0,2.0,N,N,08/2023,Analyst
17-2051.01,1.A.4.a.7,Glare Sensitivity,IM,1.0,8,0.0,1.0,1.0,N,,08/2023,Analyst
17-2051.01,1.A.4.a.7,Glare Sensitivity,LV,0.0,8,0.0,0.0,0.0,N,Y,08/2023,Analyst
17-2051.01,1.A.4.b.1,Hearing Sensitivity,IM,2.0,8,0.0,2.0,2.0,N,,08/2023,Analyst
17-2051.01,1.A.4.b.1,Hearing Sensitivity,LV,1.75,8,0.25,1.26,2.24,N,N,08/2023,Analyst
17-2051.01,1.A.4.b.2,Auditory Attention,IM,2.12,8,0.125,1.88,2.37,N,,08/2023,Analyst
17-2051.01,1.A.4.b.2,Auditory Attention,LV,2.12,8,0.125,1.88,2.37,N,N,08/2023,Analyst
17-2051.01,1.A.4.b.3,Sound Localization,IM,1.0,8,0.0,1.0,1.0,N,,08/2023,Analyst
17-2051.01,1.A.4.b.3,Sound Localization,LV,0.0,8,0.0,0.0,0.0,N,Y,08/2023,Analyst
17-2051.01,1.A.4.b.4,Speech Recognition,IM,3.75,8,0.1637,3.4292,4.0708,N,,08/2023,Analyst
17-2051.01,1.A.4.b.4,Speech Recognition,LV,4.0,8,0.0,4.0,4.0,N,N,08/2023,Analyst
17-2051.01,1.A.4.b.5,Speech Clarity,IM,3.62,8,0.183,3.2664,3.9836,N,,08/2023,Analyst
17-2051.01,1.A.4.b.5,Speech Clarity,LV,3.75,8,0.1637,3.4292,4.0708,N,N,08/2023,Analyst
17-2051.02,1.A.1.a.1,Oral Comprehension,IM,4.0,8,0.0,4.0,4.0,N,,08/2020,Analyst
17-2051.02,1.A.1.a.1,Oral Comprehension,LV,4.88,8,0.125,4.63,5.12,N,N,08/2020,Analyst
17-2051.02,1.A.1.a.2,Written Comprehension,IM,4.0,8,0.0,4.0,4.0,N,,08/2020,Analyst
17-2051.02,1.A.1.a.2,Written Comprehension,LV,4.62,8,0.183,4.2664,4.9836,N,N,08/2020,Analyst
17-2051.02,1.A.1.a.3,Oral Expression,IM,4.0,8,0.0,4.0,4.0,N,,08/2020,Analyst
17-2051.02,1.A.1.a.3,Oral Expression,LV,4.75,8,0.1637,4.4292,5.0708,N,N,08/2020,Analyst
17-2051.02,1.A.1.a.4,Written Expression,IM,4.0,8,0.0,4.0,4.0,N,,08/2020,Analyst
17-2051.02,1.A.1.a.4,Written Expression,LV,4.12,8,0.125,3.88,4.37,N,N,08/2020,Analyst
17-2051.02,1.A.1.b.1,Fluency of Ideas,IM,3.88,8,0.125,3.63,4.12,N,,08/2020,Analyst
17-2051.02,1.A.1.b.1,Fluency of Ideas,LV,4.0,8,0.189,3.6296,4.3704,N,N,08/2020,Analyst
17-2051.02,1.A.1.b.2,Originality,IM,3.62,8,0.183,3.2664,3.9836,N,,08/2020,Analyst
17-2051.02,1.A.1.b.2,Originality,LV,3.88,8,0.125,3.63,4.12,N,N,08/2020,Analyst
17-2051.02,1.A.1.b.3,Problem Sensitivity,IM,3.88,8,0.125,3.63,4.12,N,,08/2020,Analyst
17-2051.02,1.A.1.b.3,Problem Sensitivity,LV,4.38,8,0.183,4.0164,4.7336,N,N,08/2020,Analyst
17-2051.02,1.A.1.b.4,Deductive Reasoning,IM,4.0,8,0.0,4.0,4.0,N,,08/2020,Analyst
17-2051.02,1.A.1.b.4,Deductive Reasoning,LV,4.88,8,0.125,4.63,5.12,N,N,08/2020,Analyst
17-2051.02,1.A.1.b.5,Inductive Reasoning,IM,4.0,8,0.0,4.0,4.0,N,,08/2020,Analyst
17-2051.02,1.A.1.b.5,Inductive Reasoning,LV,4.12,8,0.125,3.88,4.37,N,N,08/2020,Analyst
17-2051.02,1.A.1.b.6,Information Ordering,IM,4.0,8,0.0,4.0,4.0,N,,08/2020,Analyst
17-2051.02,1.A.1.b.6,Information Ordering,LV,4.0,8,0.0,4.0,4.0,N,N,08/2020,Analyst
17-2051.02,1.A.1.b.7,Category Flexibility,IM,3.75,8,0.1637,3.4292,4.0708,N,,08/2020,Analyst
17-2051.02,1.A.1.b.7,Category Flexibility,LV,4.0,8,0.0,4.0,4.0,N,N,08/2020,Analyst
17-2051.02,1.A.1.c.1,Mathematical Reasoning,IM,3.88,8,0.125,3.63,4.12,N,,08/2020,Analyst
17-2051.02,1.A.1.c.1,Mathematical Reasoning,LV,4.5,8,0.189,4.1296,4.8704,N,N,08/2020,Analyst
17-2051.02,1.A.1.c.2,Number Facility,IM,3.75,8,0.1637,3.4292,4.0708,N,,08/2020,Analyst
17-2051.02,1.A.1.c.2,Number Facility,LV,4.0,8,0.0,4.0,4.0,N,N,08/2020,Analyst
17-2051.02,1.A.1.d.1,Memorization,IM,2.38,8,0.183,2.0164,2.7336,N,,08/2020,Analyst
17-2051.02,1.A.1.d.1,Memorization,LV,2.88,8,0.125,2.63,3.12,N,N,08/2020,Analyst
17-2051.02,1.A.1.e.1,Speed of Closure,IM,2.75,8,0.1637,2.4292,3.0708,N,,08/2020,Analyst
17-2051.02,1.A.1.e.1,Speed of Closure,LV,3.0,8,0.0,3.0,3.0,N,N,08/2020,Analyst
17-2051.02,1.A.1.e.2,Flexibility of Closure,IM,3.25,8,0.1637,2.9292,3.5708,N,,08/2020,Analyst
17-2051.02,1.A.1.e.2,Flexibility of Closure,LV,3.62,8,0.183,3.2664,3.9836,N,N,08/2020,Analyst
17-2051.02,1.A.1.e.3,Perceptual Speed,IM,2.88,8,0.125,2.63,3.12,N,,08/2020,Analyst
17-2051.02,1.A.1.e.3,Perceptual Speed,LV,3.0,8,0.0,3.0,3.0,N,N,08/2020,Analyst
17-2051.02,1.A.1.f.1,Spatial Orientation,IM,1.5,8,0.189,1.1296,1.8704,N,,08/2020,Analyst
17-2051.02,1.A.1.f.1,Spatial Orientation,LV,0.5,8,0.189,0.1296,0.8704,N,N,08/2020,Analyst
17-2051.02,1.A.1.f.2,Visualization,IM,3.75,8,0.1637,3.4292,4.0708,N,,08/2020,Analyst
17-2051.02,1.A.1.f.2,Visualization,LV,4.0,8,0.189,3.6296,4.3704,N,N,08/2020,Analyst
17-2051.02,1.A.1.g.1,Selective Attention,IM,3.12,8,0.125,2.88,3.37,N,,08/2020,Analyst
17-2051.02,1.A.1.g.1,Selective Attention,LV,3.12,8,0.125,2.88,3.37,N,N,08/2020,Analyst
17-2051.02,1.A.1.g.2,Time Sharing,IM,2.88,8,0.125,2.63,3.12,N,,08/2020,Analyst
17-2051.02,1.A.1.g.2,Time Sharing,LV,2.88,8,0.125,2.63,3.12,N,N,08/2020,Analyst
17-2051.02,1.A.2.a.1,Arm-Hand Steadiness,IM,1.0,8,0.0,1.0,1.0,N,,08/2020,Analyst
17-2051.02,1.A.2.a.1,Arm-Hand Steadiness,LV,0.0,8,0.0,0.0,0.0,N,Y,08/2020,Analyst
17-2051.02,1.A.2.a.2,Manual Dexterity,IM,1.0,8,0.0,1.0,1.0,N,,08/2020,Analyst
17-2051.02,1.A.2.a.2,Manual Dexterity,LV,0.0,8,0.0,0.0,0.0,N,Y,08/2020,Analyst
17-2051.02,1.A.2.a.3,Finger Dexterity,IM,1.62,8,0.183,1.2664,1.9836,N,,08/2020,Analyst
17-2051.02,1.A.2.a.3,Finger Dexterity,LV,1.25,8,0.366,0.5327,1.9673,N,N,08/2020,Analyst
17-2051.02,1.A.2.b.1,Control Precision,IM,1.62,8,0.183,1.2664,1.9836,N,,08/2020,Analyst
17-2051.02,1.A.2.b.1,Control Precision,LV,0.88,8,0.295,0.2967,1.4533,N,N,08/2020,Analyst
17-2051.02,1.A.2.b.2,Multilimb Coordination,IM,1.38,8,0.183,1.0164,1.7336,N,,08/2020,Analyst
17-2051.02,1.A.2.b.2,Multilimb Coordination,LV,0.38,8,0.183,0.0164,0.7336,N,N,08/2020,Analyst
17-2051.02,1.A.2.b.3,Response Orientation,IM,1.0,8,0.0,1.0,1.0,N,,08/2020,Analyst
17-2051.02,1.A.2.b.3,Response Orientation,LV,0.0,8,0.0,0.0,0.0,N,Y,08/2020,Analyst
17-2051.02,1.A.2.b.4,Rate Control,IM,1.0,8,0.0,1.0,1.0,N,,08/2020,Analyst
17-2051.02,1.A.2.b.4,Rate Control,LV,0.0,8,0.0,0.0,0.0,N,Y,08/2020,Analyst
17-2051.02,1.A.2.c.1,Reaction Time,IM,1.0,8,0.0,1.0,1.0,N,,08/2020,Analyst
17-2051.02,1.A.2.c.1,Reaction Time,LV,0.0,8,0.0,0.0,0.0,N,Y,08/2020,Analyst
17-2051.02,1.A.2.c.2,Wrist-Finger Speed,IM,1.12,8,0.125,1.0,1.37,N,,08/2020,Analyst
17-2051.02,1.A.2.c.2,Wrist-Finger Speed,LV,0.25,8,0.25,0.0,0.74,N,Y,08/2020,Analyst
17-2051.02,1.A.2.c.3,Speed of Limb Movement,IM,1.0,8,0.0,1.0,1.0,N,,08/2020,Analyst
17-2051.02,1.A.2.c.3,Speed of Limb Movement,LV,0.0,8,0.0,0.0,0.0,N,Y,08/2020,Analyst
17-2051.02,1.A.3.a.1,Static Strength,IM,1.0,8,0.0,1.0,1.0,N,,08/2020,Analyst
17-2051.02,1.A.3.a.1,Static Strength,LV,0.0,8,0.0,0.0,0.0,N,Y,08/2020,Analyst
17-2051.02,1.A.3.a.2,Explosive Strength,IM,1.0,8,0.0,1.0,1.0,N,,08/2020,Analyst
17-2051.02,1.A.3.a.2,Explosive Strength,LV,0.0,8,0.0,0.0,0.0,N,Y,08/2020,Analyst
17-2051.02,1.A.3.a.3,Dynamic Strength,IM,1.0,8,0.0,1.0,1.0,N,,08/2020,Analyst
17-2051.02,1.A.3.a.3,Dynamic Strength,LV,0.0,8,0.0,0.0,0.0,N,Y,08/2020,Analyst
17-2051.02,1.A.3.a.4,Trunk Strength,IM,1.38,8,0.183,1.0164,1.7336,N,,08/2020,Analyst
17-2051.02,1.A.3.a.4,Trunk Strength,LV,0.5,8,0.2673,0.0,1.0238,N,N,08/2020,Analyst
17-2051.02,1.A.3.b.1,Stamina,IM,1.0,8,0.0,1.0,1.0,N,,08/2020,Analyst
17-2051.02,1.A.3.b.1,Stamina,LV,0.0,8,0.0,0.0,0.0,N,Y,08/2020,Analyst
17-2051.02,1.A.3.c.1,Extent Flexibility,IM,1.0,8,0.0,1.0,1.0,N,,08/2020,Analyst
17-2051.02,1.A.3.c.1,Extent Flexibility,LV,0.0,8,0.0,0.0,0.0,N,Y,08/2020,Analyst
17-2051.02,1.A.3.c.2,Dynamic Flexibility,IM,1.0,8,0.0,1.0,1.0,N,,08/2020,Analyst
17-2051.02,1.A.3.c.2,Dynamic Flexibility,LV,0.0,8,0.0,0.0,0.0,N,Y,08/2020,Analyst
17-2051.02,1.A.3.c.3,Gross Body Coordination,IM,1.0,8,0.0,1.0,1.0,N,,08/2020,Analyst
17-2051.02,1.A.3.c.3,Gross Body Coordination,LV,0.0,8,0.0,0.0,0.0,N,Y,08/2020,Analyst
17-2051.02,1.A.3.c.4,Gross Body Equilibrium,IM,1.0,8,0.0,1.0,1.0,N,,08/2020,Analyst
17-2051.02,1.A.3.c.4,Gross Body Equilibrium,LV,0.0,8,0.0,0.0,0.0,N,Y,08/2020,Analyst
17-2051.02,1.A.4.a.1,Near Vision,IM,3.75,8,0.1637,3.4292,4.0708,N,,08/2020,Analyst
17-2051.02,1.A.4.a.1,Near Vision,LV,4.0,8,0.0,4.0,4.0,N,N,08/2020,Analyst
17-2051.02,1.A.4.a.2,Far Vision,IM,3.12,8,0.125,2.88,3.37,N,,08/2020,Analyst
17-2051.02,1.A.4.a.2,Far Vision,LV,3.25,8,0.1637,2.9292,3.5708,N,N,08/2020,Analyst
17-2051.02,1.A.4.a.3,Visual Color Discrimination,IM,2.12,8,0.125,1.88,2.37,N,,08/2020,Analyst
17-2051.02,1.A.4.a.3,Visual Color Discrimination,LV,2.38,8,0.183,2.0164,2.7336,N,N,08/2020,Analyst
17-2051.02,1.A.4.a.4,Night Vision,IM,1.0,8,0.0,1.0,1.0,N,,08/2020,Analyst
17-2051.02,1.A.4.a.4,Night Vision,LV,0.0,8,0.0,0.0,0.0,N,Y,08/2020,Analyst
17-2051.02,1.A.4.a.5,Peripheral Vision,IM,1.0,8,0.0,1.0,1.0,N,,08/2020,Analyst
17-2051.02,1.A.4.a.5,Peripheral Vision,LV,0.0,8,0.0,0.0,0.0,N,Y,08/2020,Analyst
17-2051.02,1.A.4.a.6,Depth Perception,IM,2.0,8,0.0,2.0,2.0,N,,08/2020,Analyst
17-2051.02,1.A.4.a.6,Depth Perception,LV,2.0,8,0.0,2.0,2.0,N,N,08/2020,Analyst
17-2051.02,1.A.4.a.7,Glare Sensitivity,IM,1.0,8,0.0,1.0,1.0,N,,08/2020,Analyst
17-2051.02,1.A.4.a.7,Glare Sensitivity,LV,0.0,8,0.0,0.0,0.0,N,Y,08/2020,Analyst
17-2051.02,1.A.4.b.1,Hearing Sensitivity,IM,2.0,8,0.0,2.0,2.0,N,,08/2020,Analyst
17-2051.02,1.A.4.b.1,Hearing Sensitivity,LV,1.88,8,0.125,1.63,2.12,N,N,08/2020,Analyst
17-2051.02,1.A.4.b.2,Auditory Attention,IM,2.12,8,0.125,1.88,2.37,N,,08/2020,Analyst
17-2051.02,1.A.4.b.2,Auditory Attention,LV,2.0,8,0.0,2.0,2.0,N,N,08/2020,Analyst
17-2051.02,1.A.4.b.3,Sound Localization,IM,1.0,8,0.0,1.0,1.0,N,,08/2020,Analyst
17-2051.02,1.A.4.b.3,Sound Localization,LV,0.0,8,0.0,0.0,0.0,N,Y,08/2020,Analyst
17-2051.02,1.A.4.b.4,Speech Recognition,IM,3.25,8,0.1637,2.9292,3.5708,N,,08/2020,Analyst
17-2051.02,1.A.4.b.4,Speech Recognition,LV,3.25,8,0.1637,2.9292,3.5708,N,N,08/2020,Analyst
17-2051.02,1.A.4.b.5,Speech Clarity,IM,3.38,8,0.183,3.0164,3.7336,N,,08/2020,Analyst
17-2051.02,1.A.4.b.5,Speech Clarity,LV,3.25,8,0.1637,2.9292,3.5708,N,N,08/2020,Analyst
17-2061.00,1.A.1.a.1,Oral Comprehension,IM,4.0,8,0.0,4.0,4.0,N,,08/2021,Analyst
17-2061.00,1.A.1.a.1,Oral Comprehension,LV,4.75,8,0.1637,4.4292,5.0708,N,N,08/2021,Analyst
17-2061.00,1.A.1.a.2,Written Comprehension,IM,4.0,8,0.0,4.0,4.0,N,,08/2021,Analyst
17-2061.00,1.A.1.a.2,Written Comprehension,LV,4.5,8,0.189,4.1296,4.8704,N,N,08/2021,Analyst
17-2061.00,1.A.1.a.3,Oral Expression,IM,4.0,8,0.0,4.0,4.0,N,,08/2021,Analyst
17-2061.00,1.A.1.a.3,Oral Expression,LV,4.12,8,0.125,3.88,4.37,N,N,08/2021,Analyst
17-2061.00,1.A.1.a.4,Written Expression,IM,3.75,8,0.1637,3.4292,4.0708,N,,08/2021,Analyst
17-2061.00,1.A.1.a.4,Written Expression,LV,4.12,8,0.125,3.88,4.37,N,N,08/2021,Analyst
17-2061.00,1.A.1.b.1,Fluency of Ideas,IM,3.25,8,0.1637,2.9292,3.5708,N,,08/2021,Analyst
17-2061.00,1.A.1.b.1,Fluency of Ideas,LV,3.88,8,0.2266,3.4309,4.3191,N,N,08/2021,Analyst
17-2061.00,1.A.1.b.2,Originality,IM,3.5,8,0.189,3.1296,3.8704,N,,08/2021,Analyst
17-2061.00,1.A.1.b.2,Originality,LV,4.0,8,0.189,3.6296,4.3704,N,N,08/2021,Analyst
17-2061.00,1.A.1.b.3,Problem Sensitivity,IM,3.88,8,0.125,3.63,4.12,N,,08/2021,Analyst
17-2061.00,1.A.1.b.3,Problem Sensitivity,LV,4.0,8,0.0,4.0,4.0,N,N,08/2021,Analyst
17-2061.00,1.A.1.b.4,Deductive Reasoning,IM,4.0,8,0.0,4.0,4.0,N,,08/2021,Analyst
17-2061.00,1.A.1.b.4,Deductive Reasoning,LV,4.25,8,0.25,3.76,4.74,N,N,08/2021,Analyst
17-2061.00,1.A.1.b.5,Inductive Reasoning,IM,4.0,8,0.0,4.0,4.0,N,,08/2021,Analyst
17-2061.00,1.A.1.b.5,Inductive Reasoning,LV,4.12,8,0.125,3.88,4.37,N,N,08/2021,Analyst
17-2061.00,1.A.1.b.6,Information Ordering,IM,4.0,8,0.0,4.0,4.0,N,,08/2021,Analyst
17-2061.00,1.A.1.b.6,Information Ordering,LV,4.12,8,0.125,3.88,4.37,N,N,08/2021,Analyst
17-2061.00,1.A.1.b.7,Category Flexibility,IM,3.5,8,0.189,3.1296,3.8704,N,,08/2021,Analyst
17-2061.00,1.A.1.b.7,Category Flexibility,LV,4.12,8,0.125,3.88,4.37,N,N,08/2021,Analyst
17-2061.00,1.A.1.c.1,Mathematical Reasoning,IM,3.12,8,0.125,2.88,3.37,N,,08/2021,Analyst
17-2061.00,1.A.1.c.1,Mathematical Reasoning,LV,3.38,8,0.2631,2.8594,3.8906,N,N,08/2021,Analyst
17-2061.00,1.A.1.c.2,Number Facility,IM,3.12,8,0.125,2.88,3.37,N,,08/2021,Analyst
17-2061.00,1.A.1.c.2,Number Facility,LV,3.25,8,0.25,2.76,3.74,N,N,08/2021,Analyst
17-2061.00,1.A.1.d.1,Memorization,IM,2.75,8,0.1637,2.4292,3.0708,N,,08/2021,Analyst
17-2061.00,1.A.1.d.1,Memorization,LV,2.88,8,0.125,2.63,3.12,N,N,08/2021,Analyst
17-2061.00,1.A.1.e.1,Speed of Closure,IM,2.12,8,0.125,1.88,2.37,N,,08/2021,Analyst
17-2061.00,1.A.1.e.1,Speed of Closure,LV,2.25,8,0.1637,1.9292,2.5708,N,N,08/2021,Analyst
17-2061.00,1.A.1.e.2,Flexibility of Closure,IM,3.12,8,0.125,2.88,3.37,N,,08/2021,Analyst
17-2061.00,1.A.1.e.2,Flexibility of Closure,LV,3.12,8,0.125,2.88,3.37,N,N,08/2021,Analyst
17-2061.00,1.A.1.e.3,Perceptual Speed,IM,2.88,8,0.125,2.63,3.12,N,,08/2021,Analyst
17-2061.00,1.A.1.e.3,Perceptual Speed,LV,3.0,8,0.0,3.0,3.0,N,N,08/2021,Analyst
17-2061.00,1.A.1.f.1,Spatial Orientation,IM,1.0,8,0.0,1.0,1.0,N,,08/2021,Analyst
17-2061.00,1.A.1.f.1,Spatial Orientation,LV,0.0,8,0.0,0.0,0.0,N,Y,08/2021,Analyst
17-2061.00,1.A.1.f.2,Visualization,IM,3.25,8,0.1637,2.9292,3.5708,N,,08/2021,Analyst
17-2061.00,1.A.1.f.2,Visualization,LV,3.88,8,0.2266,3.4309,4.3191,N,N,08/2021,Analyst
17-2061.00,1.A.1.g.1,Selective Attention,IM,2.88,8,0.125,2.63,3.12,N,,08/2021,Analyst
17-2061.00,1.A.1.g.1,Selective Attention,LV,3.0,8,0.189,2.6296,3.3704,N,N,08/2021,Analyst
17-2061.00,1.A.1.g.2,Time Sharing,IM,2.12,8,0.2266,1.6809,2.5691,N,,08/2021,Analyst
17-2061.00,1.A.1.g.2,Time Sharing,LV,1.88,8,0.295,1.2967,2.4533,N,N,08/2021,Analyst
17-2061.00,1.A.2.a.1,Arm-Hand Steadiness,IM,2.12,8,0.125,1.88,2.37,N,,08/2021,Analyst
17-2061.00,1.A.2.a.1,Arm-Hand Steadiness,LV,2.25,8,0.1637,1.9292,2.5708,N,N,08/2021,Analyst
17-2061.00,1.A.2.a.2,Manual Dexterity,IM,2.25,8,0.1637,1.9292,2.5708,N,,08/2021,Analyst
17-2061.00,1.A.2.a.2,Manual Dexterity,LV,1.88,8,0.125,1.63,2.12,N,N,08/2021,Analyst
17-2061.00,1.A.2.a.3,Finger Dexterity,IM,2.62,8,0.183,2.2664,2.9836,N,,08/2021,Analyst
17-2061.00,1.A.2.a.3,Finger Dexterity,LV,2.62,8,0.183,2.2664,2.9836,N,N,08/2021,Analyst
17-2061.00,1.A.2.b.1,Control Precision,IM,2.12,8,0.125,1.88,2.37,N,,08/2021,Analyst
17-2061.00,1.A.2.b.1,Control Precision,LV,1.62,8,0.2631,1.1094,2.1406,N,N,08/2021,Analyst
17-2061.00,1.A.2.b.2,Multilimb Coordination,IM,1.0,8,0.0,1.0,1.0,N,,08/2021,Analyst
17-2061.00,1.A.2.b.2,Multilimb Coordination,LV,0.0,8,0.0,0.0,0.0,N,Y,08/2021,Analyst
17-2061.00,1.A.2.b.3,Response Orientation,IM,1.0,8,0.0,1.0,1.0,N,,08/2021,Analyst
17-2061.00,1.A.2.b.3,Response Orientation,LV,0.0,8,0.0,0.0,0.0,N,Y,08/2021,Analyst
17-2061.00,1.A.2.b.4,Rate Control,IM,1.0,8,0.0,1.0,1.0,N,,08/2021,Analyst
17-2061.00,1.A.2.b.4,Rate Control,LV,0.0,8,0.0,0.0,0.0,N,Y,08/2021,Analyst
17-2061.00,1.A.2.c.1,Reaction Time,IM,1.0,8,0.0,1.0,1.0,N,,08/2021,Analyst
17-2061.00,1.A.2.c.1,Reaction Time,LV,0.0,8,0.0,0.0,0.0,N,Y,08/2021,Analyst
17-2061.00,1.A.2.c.2,Wrist-Finger Speed,IM,1.5,8,0.189,1.1296,1.8704,N,,08/2021,Analyst
17-2061.00,1.A.2.c.2,Wrist-Finger Speed,LV,0.75,8,0.3134,0.1358,1.3642,N,N,08/2021,Analyst
17-2061.00,1.A.2.c.3,Speed of Limb Movement,IM,1.0,8,0.0,1.0,1.0,N,,08/2021,Analyst
17-2061.00,1.A.2.c.3,Speed of Limb Movement,LV,0.0,8,0.0,0.0,0.0,N,Y,08/2021,Analyst
17-2061.00,1.A.3.a.1,Static Strength,IM,1.0,8,0.0,1.0,1.0,N,,08/2021,Analyst
17-2061.00,1.A.3.a.1,Static Strength,LV,0.0,8,0.0,0.0,0.0,N,Y,08/2021,Analyst
17-2061.00,1.A.3.a.2,Explosive Strength,IM,1.0,8,0.0,1.0,1.0,N,,08/2021,Analyst
17-2061.00,1.A.3.a.2,Explosive Strength,LV,0.0,8,0.0,0.0,0.0,N,Y,08/2021,Analyst
17-2061.00,1.A.3.a.3,Dynamic Strength,IM,1.0,8,0.0,1.0,1.0,N,,08/2021,Analyst
17-2061.00,1.A.3.a.3,Dynamic Strength,LV,0.0,8,0.0,0.0,0.0,N,Y,08/2021,Analyst
17-2061.00,1.A.3.a.4,Trunk Strength,IM,1.5,8,0.189,1.1296,1.8704,N,,08/2021,Analyst
17-2061.00,1.A.3.a.4,Trunk Strength,LV,1.0,8,0.378,0.2592,1.7408,N,N,08/2021,Analyst
17-2061.00,1.A.3.b.1,Stamina,IM,1.0,8,0.0,1.0,1.0,N,,08/2021,Analyst
17-2061.00,1.A.3.b.1,Stamina,LV,0.0,8,0.0,0.0,0.0,N,Y,08/2021,Analyst
17-2061.00,1.A.3.c.1,Extent Flexibility,IM,1.38,8,0.183,1.0164,1.7336,N,,08/2021,Analyst
17-2061.00,1.A.3.c.1,Extent Flexibility,LV,0.38,8,0.183,0.0164,0.7336,N,N,08/2021,Analyst
17-2061.00,1.A.3.c.2,Dynamic Flexibility,IM,1.0,8,0.0,1.0,1.0,N,,08/2021,Analyst
17-2061.00,1.A.3.c.2,Dynamic Flexibility,LV,0.0,8,0.0,0.0,0.0,N,Y,08/2021,Analyst
17-2061.00,1.A.3.c.3,Gross Body Coordination,IM,1.0,8,0.0,1.0,1.0,N,,08/2021,Analyst
17-2061.00,1.A.3.c.3,Gross Body Coordination,LV,0.0,8,0.0,0.0,0.0,N,Y,08/2021,Analyst
17-2061.00,1.A.3.c.4,Gross Body Equilibrium,IM,1.0,8,0.0,1.0,1.0,N,,08/2021,Analyst
17-2061.00,1.A.3.c.4,Gross Body Equilibrium,LV,0.0,8,0.0,0.0,0.0,N,Y,08/2021,Analyst
17-2061.00,1.A.4.a.1,Near Vision,IM,3.62,8,0.183,3.2664,3.9836,N,,08/2021,Analyst
17-2061.00,1.A.4.a.1,Near Vision,LV,3.62,8,0.183,3.2664,3.9836,N,N,08/2021,Analyst
17-2061.00,1.A.4.a.2,Far Vision,IM,2.5,8,0.189,2.1296,2.8704,N,,08/2021,Analyst
17-2061.00,1.A.4.a.2,Far Vision,LV,2.62,8,0.183,2.2664,2.9836,N,N,08/2021,Analyst
17-2061.00,1.A.4.a.3,Visual Color Discrimination,IM,2.5,8,0.189,2.1296,2.8704,N,,08/2021,Analyst
17-2061.00,1.A.4.a.3,Visual Color Discrimination,LV,2.75,8,0.25,2.26,3.24,N,N,08/2021,Analyst
17-2061.00,1.A.4.a.4,Night Vision,IM,1.0,8,0.0,1.0,1.0,N,,08/2021,Analyst
17-2061.00,1.A.4.a.4,Night Vision,LV,0.0,8,0.0,0.0,0.0,N,Y,08/2021,Analyst
17-2061.00,1.A.4.a.5,Peripheral Vision,IM,1.0,8,0.0,1.0,1.0,N,,08/2021,Analyst
17-2061.00,1.A.4.a.5,Peripheral Vision,LV,0.0,8,0.0,0.0,0.0,N,Y,08/2021,Analyst
17-2061.00,1.A.4.a.6,Depth Perception,IM,1.88,8,0.125,1.63,2.12,N,,08/2021,Analyst
17-2061.00,1.A.4.a.6,Depth Perception,LV,1.38,8,0.2631,0.8594,1.8906,N,N,08/2021,Analyst
17-2061.00,1.A.4.a.7,Glare Sensitivity,IM,1.0,8,0.0,1.0,1.0,N,,08/2021,Analyst
17-2061.00,1.A.4.a.7,Glare Sensitivity,LV,0.0,8,0.0,0.0,0.0,N,Y,08/2021,Analyst
17-2061.00,1.A.4.b.1,Hearing Sensitivity,IM,1.88,8,0.125,1.63,2.12,N,,08/2021,Analyst
17-2061.00,1.A.4.b.1,Hearing Sensitivity,LV,1.5,8,0.2673,0.9762,2.0238,N,N,08/2021,Analyst
17-2061.00,1.A.4.b.2,Auditory Attention,IM,2.0,8,0.0,2.0,2.0,N,,08/2021,Analyst
17-2061.00,1.A.4.b.2,Auditory Attention,LV,2.0,8,0.0,2.0,2.0,N,N,08/2021,Analyst
17-2061.00,1.A.4.b.3,Sound Localization,IM,1.12,8,0.125,1.0,1.37,N,,08/2021,Analyst
17-2061.00,1.A.4.b.3,Sound Localization,LV,0.12,8,0.125,0.0,0.37,N,Y,08/2021,Analyst
17-2061.00,1.A.4.b.4,Speech Recognition,IM,3.25,8,0.1637,2.9292,3.5708,N,,08/2021,Analyst
17-2061.00,1.A.4.b.4,Speech Recognition,LV,3.0,8,0.0,3.0,3.0,N,N,08/2021,Analyst
17-2061.00,1.A.4.b.5,Speech Clarity,IM,3.38,8,0.183,3.0164,3.7336,N,,08/2021,Analyst
17-2061.00,1.A.4.b.5,Speech Clarity,LV,3.12,8,0.125,2.88,3.37,N,N,08/2021,Analyst
17-2071.00,1.A.1.a.1,Oral Comprehension,IM,4.0,8,0.0,4.0,4.0,N,,08/2023,Analyst
17-2071.00,1.A.1.a.1,Oral Comprehension,LV,4.5,8,0.189,4.1296,4.8704,N,N,08/2023,Analyst
17-2071.00,1.A.1.a.2,Written Comprehension,IM,4.12,8,0.125,3.88,4.37,N,,08/2023,Analyst
17-2071.00,1.A.1.a.2,Written Comprehension,LV,4.75,8,0.1637,4.4292,5.0708,N,N,08/2023,Analyst
17-2071.00,1.A.1.a.3,Oral Expression,IM,4.0,8,0.0,4.0,4.0,N,,08/2023,Analyst
17-2071.00,1.A.1.a.3,Oral Expression,LV,4.62,8,0.183,4.2664,4.9836,N,N,08/2023,Analyst
17-2071.00,1.A.1.a.4,Written Expression,IM,4.12,8,0.125,3.88,4.37,N,,08/2023,Analyst
17-2071.00,1.A.1.a.4,Written Expression,LV,4.38,8,0.183,4.0164,4.7336,N,N,08/2023,Analyst
17-2071.00,1.A.1.b.1,Fluency of Ideas,IM,3.25,8,0.1637,2.9292,3.5708,N,,08/2023,Analyst
17-2071.00,1.A.1.b.1,Fluency of Ideas,LV,4.0,8,0.189,3.6296,4.3704,N,N,08/2023,Analyst
17-2071.00,1.A.1.b.2,Originality,IM,3.25,8,0.1637,2.9292,3.5708,N,,08/2023,Analyst
17-2071.00,1.A.1.b.2,Originality,LV,3.5,8,0.2673,2.9762,4.0238,N,N,08/2023,Analyst
17-2071.00,1.A.1.b.3,Problem Sensitivity,IM,4.0,8,0.0,4.0,4.0,N,,08/2023,Analyst
17-2071.00,1.A.1.b.3,Problem Sensitivity,LV,4.38,8,0.183,4.0164,4.7336,N,N,08/2023,Analyst
17-2071.00,1.A.1.b.4,Deductive Reasoning,IM,4.0,8,0.0,4.0,4.0,N,,08/2023,Analyst
17-2071.00,1.A.1.b.4,Deductive Reasoning,LV,4.25,8,0.25,3.76,4.74,N,N,08/2023,Analyst
17-2071.00,1.A.1.b.5,Inductive Reasoning,IM,4.0,8,0.0,4.0,4.0,N,,08/2023,Analyst
17-2071.00,1.A.1.b.5,Inductive Reasoning,LV,4.12,8,0.125,3.88,4.37,N,N,08/2023,Analyst
17-2071.00,1.A.1.b.6,Information Ordering,IM,3.88,8,0.125,3.63,4.12,N,,08/2023,Analyst
17-2071.00,1.A.1.b.6,Information Ordering,LV,4.25,8,0.25,3.76,4.74,N,N,08/2023,Analyst
17-2071.00,1.A.1.b.7,Category Flexibility,IM,3.88,8,0.125,3.63,4.12,N,,08/2023,Analyst
17-2071.00,1.A.1.b.7,Category Flexibility,LV,4.0,8,0.189,3.6296,4.3704,N,N,08/2023,Analyst
17-2071.00,1.A.1.c.1,Mathematical Reasoning,IM,3.5,8,0.189,3.1296,3.8704,N,,08/2023,Analyst
17-2071.00,1.A.1.c.1,Mathematical Reasoning,LV,4.12,8,0.2266,3.6809,4.5691,N,N,08/2023,Analyst
17-2071.00,1.A.1.c.2,Number Facility,IM,3.38,8,0.183,3.0164,3.7336,N,,08/2023,Analyst
17-2071.00,1.A.1.c.2,Number Facility,LV,3.75,8,0.3134,3.1358,4.3642,N,N,08/2023,Analyst
17-2071.00,1.A.1.d.1,Memorization,IM,2.75,8,0.1637,2.4292,3.0708,N,,08/2023,Analyst
17-2071.00,1.A.1.d.1,Memorization,LV,2.62,8,0.183,2.2664,2.9836,N,N,08/2023,Analyst
17-2071.00,1.A.1.e.1,Speed of Closure,IM,2.12,8,0.125,1.88,2.37,N,,08/2023,Analyst
17-2071.00,1.A.1.e.1,Speed of Closure,LV,2.12,8,0.125,1.88,2.37,N,N,08/2023,Analyst
17-2071.00,1.A.1.e.2,Flexibility of Closure,IM,3.0,8,0.0,3.0,3.0,N,,08/2023,Analyst
17-2071.00,1.A.1.e.2,Flexibility of Closure,LV,3.0,8,0.0,3.0,3.0,N,N,08/2023,Analyst
17-2071.00,1.A.1.e.3,Perceptual Speed,IM,3.12,8,0.125,2.88,3.37,N,,08/2023,Analyst
17-2071.00,1.A.1.e.3,Perceptual Speed,LV,3.12,8,0.125,2.88,3.37,N,N,08/2023,Analyst
17-2071.00,1.A.1.f.1,Spatial Orientation,IM,1.12,8,0.125,1.0,1.37,N,,08/2023,Analyst
17-2071.00,1.A.1.f.1,Spatial Orientation,LV,0.12,8,0.125,0.0,0.37,N,Y,08/2023,Analyst
17-2071.00,1.A.1.f.2,Visualization,IM,3.12,8,0.125,2.88,3.37,N,,08/2023,Analyst
17-2071.00,1.A.1.f.2,Visualization,LV,3.5,8,0.2673,2.9762,4.0238,N,N,08/2023,Analyst
17-2071.00,1.A.1.g.1,Selective Attention,IM,3.12,8,0.125,2.88,3.37,N,,08/2023,Analyst
17-2071.00,1.A.1.g.1,Selective Attention,LV,3.12,8,0.125,2.88,3.37,N,N,08/2023,Analyst
17-2071.00,1.A.1.g.2,Time Sharing,IM,2.88,8,0.125,2.63,3.12,N,,08/2023,Analyst
17-2071.00,1.A.1.g.2,Time Sharing,LV,2.88,8,0.125,2.63,3.12,N,N,08/2023,Analyst
17-2071.00,1.A.2.a.1,Arm-Hand Steadiness,IM,2.0,8,0.0,2.0,2.0,N,,08/2023,Analyst
17-2071.00,1.A.2.a.1,Arm-Hand Steadiness,LV,2.0,8,0.0,2.0,2.0,N,N,08/2023,Analyst
17-2071.00,1.A.2.a.2,Manual Dexterity,IM,2.12,8,0.125,1.88,2.37,N,,08/2023,Analyst
17-2071.00,1.A.2.a.2,Manual Dexterity,LV,2.12,8,0.125,1.88,2.37,N,N,08/2023,Analyst
17-2071.00,1.A.2.a.3,Finger Dexterity,IM,2.12,8,0.125,1.88,2.37,N,,08/2023,Analyst
17-2071.00,1.A.2.a.3,Finger Dexterity,LV,2.12,8,0.125,1.88,2.37,N,N,08/2023,Analyst
17-2071.00,1.A.2.b.1,Control Precision,IM,2.12,8,0.125,1.88,2.37,N,,08/2023,Analyst
17-2071.00,1.A.2.b.1,Control Precision,LV,2.0,8,0.0,2.0,2.0,N,N,08/2023,Analyst
17-2071.00,1.A.2.b.2,Multilimb Coordination,IM,1.0,8,0.0,1.0,1.0,N,,08/2023,Analyst
17-2071.00,1.A.2.b.2,Multilimb Coordination,LV,0.0,8,0.0,0.0,0.0,N,Y,08/2023,Analyst
17-2071.00,1.A.2.b.3,Response Orientation,IM,1.0,8,0.0,1.0,1.0,N,,08/2023,Analyst
17-2071.00,1.A.2.b.3,Response Orientation,LV,0.0,8,0.0,0.0,0.0,N,Y,08/2023,Analyst
17-2071.00,1.A.2.b.4,Rate Control,IM,1.0,8,0.0,1.0,1.0,N,,08/2023,Analyst
17-2071.00,1.A.2.b.4,Rate Control,LV,0.0,8,0.0,0.0,0.0,N,Y,08/2023,Analyst
17-2071.00,1.A.2.c.1,Reaction Time,IM,1.12,8,0.125,1.0,1.37,N,,08/2023,Analyst
17-2071.00,1.A.2.c.1,Reaction Time,LV,0.12,8,0.125,0.0,0.37,N,Y,08/2023,Analyst
17-2071.00,1.A.2.c.2,Wrist-Finger Speed,IM,1.62,8,0.183,1.2664,1.9836,N,,08/2023,Analyst
17-2071.00,1.A.2.c.2,Wrist-Finger Speed,LV,0.88,8,0.295,0.2967,1.4533,N,N,08/2023,Analyst
17-2071.00,1.A.2.c.3,Speed of Limb Movement,IM,1.0,8,0.0,1.0,1.0,N,,08/2023,Analyst
17-2071.00,1.A.2.c.3,Speed of Limb Movement,LV,0.0,8,0.0,0.0,0.0,N,Y,08/2023,Analyst
17-2071.00,1.A.3.a.1,Static Strength,IM,1.0,8,0.0,1.0,1.0,N,,08/2023,Analyst
17-2071.00,1.A.3.a.1,Static Strength,LV,0.0,8,0.0,0.0,0.0,N,Y,08/2023,Analyst
17-2071.00,1.A.3.a.2,Explosive Strength,IM,1.0,8,0.0,1.0,1.0,N,,08/2023,Analyst
17-2071.00,1.A.3.a.2,Explosive Strength,LV,0.0,8,0.0,0.0,0.0,N,Y,08/2023,Analyst
17-2071.00,1.A.3.a.3,Dynamic Strength,IM,1.5,8,0.189,1.1296,1.8704,N,,08/2023,Analyst
17-2071.00,1.A.3.a.3,Dynamic Strength,LV,0.62,8,0.2631,0.1094,1.1406,N,N,08/2023,Analyst
17-2071.00,1.A.3.a.4,Trunk Strength,IM,1.75,8,0.1637,1.4292,2.0708,N,,08/2023,Analyst
17-2071.00,1.A.3.a.4,Trunk Strength,LV,1.25,8,0.3134,0.6358,1.8642,N,N,08/2023,Analyst
17-2071.00,1.A.3.b.1,Stamina,IM,1.0,8,0.0,1.0,1.0,N,,08/2023,Analyst
17-2071.00,1.A.3.b.1,Stamina,LV,0.0,8,0.0,0.0,0.0,N,Y,08/2023,Analyst
17-2071.00,1.A.3.c.1,Extent Flexibility,IM,1.38,8,0.183,1.0164,1.7336,N,,08/2023,Analyst
17-2071.00,1.A.3.c.1,Extent Flexibility,LV,0.38,8,0.183,0.0164,0.7336,N,N,08/2023,Analyst
17-2071.00,1.A.3.c.2,Dynamic Flexibility,IM,1.0,8,0.0,1.0,1.0,N,,08/2023,Analyst
17-2071.00,1.A.3.c.2,Dynamic Flexibility,LV,0.0,8,0.0,0.0,0.0,N,Y,08/2023,Analyst
17-2071.00,1.A.3.c.3,Gross Body Coordination,IM,1.0,8,0.0,1.0,1.0,N,,08/2023,Analyst
17-2071.00,1.A.3.c.3,Gross Body Coordination,LV,0.0,8,0.0,0.0,0.0,N,Y,08/2023,Analyst
17-2071.00,1.A.3.c.4,Gross Body Equilibrium,IM,1.0,8,0.0,1.0,1.0,N,,08/2023,Analyst
17-2071.00,1.A.3.c.4,Gross Body Equilibrium,LV,0.0,8,0.0,0.0,0.0,N,Y,08/2023,Analyst
17-2071.00,1.A.4.a.1,Near Vision,IM,3.75,8,0.1637,3.4292,4.0708,N,,08/2023,Analyst
17-2071.00,1.A.4.a.1,Near Vision,LV,3.75,8,0.1637,3.4292,4.0708,N,N,08/2023,Analyst
17-2071.00,1.A.4.a.2,Far Vision,IM,3.0,8,0.189,2.6296,3.3704,N,,08/2023,Analyst
17-2071.00,1.A.4.a.2,Far Vision,LV,3.12,8,0.125,2.88,3.37,N,N,08/2023,Analyst
17-2071.00,1.A.4.a.3,Visual Color Discrimination,IM,2.75,8,0.1637,2.4292,3.0708,N,,08/2023,Analyst
17-2071.00,1.A.4.a.3,Visual Color Discrimination,LV,3.0,8,0.0,3.0,3.0,N,N,08/2023,Analyst
17-2071.00,1.A.4.a.4,Night Vision,IM,1.0,8,0.0,1.0,1.0,N,,08/2023,Analyst
17-2071.00,1.A.4.a.4,Night Vision,LV,0.0,8,0.0,0.0,0.0,N,Y,08/2023,Analyst
17-2071.00,1.A.4.a.5,Peripheral Vision,IM,1.12,8,0.125,1.0,1.37,N,,08/2023,Analyst
17-2071.00,1.A.4.a.5,Peripheral Vision,LV,0.12,8,0.125,0.0,0.37,N,Y,08/2023,Analyst
17-2071.00,1.A.4.a.6,Depth Perception,IM,2.0,8,0.0,2.0,2.0,N,,08/2023,Analyst
17-2071.00,1.A.4.a.6,Depth Perception,LV,2.0,8,0.0,2.0,2.0,N,N,08/2023,Analyst
17-2071.00,1.A.4.a.7,Glare Sensitivity,IM,1.0,8,0.0,1.0,1.0,N,,08/2023,Analyst
17-2071.00,1.A.4.a.7,Glare Sensitivity,LV,0.0,8,0.0,0.0,0.0,N,Y,08/2023,Analyst
17-2071.00,1.A.4.b.1,Hearing Sensitivity,IM,2.12,8,0.125,1.88,2.37,N,,08/2023,Analyst
17-2071.00,1.A.4.b.1,Hearing Sensitivity,LV,2.12,8,0.125,1.88,2.37,N,N,08/2023,Analyst
17-2071.00,1.A.4.b.2,Auditory Attention,IM,2.12,8,0.125,1.88,2.37,N,,08/2023,Analyst
17-2071.00,1.A.4.b.2,Auditory Attention,LV,2.12,8,0.125,1.88,2.37,N,N,08/2023,Analyst
17-2071.00,1.A.4.b.3,Sound Localization,IM,1.12,8,0.125,1.0,1.37,N,,08/2023,Analyst
17-2071.00,1.A.4.b.3,Sound Localization,LV,0.25,8,0.25,0.0,0.74,N,Y,08/2023,Analyst
17-2071.00,1.A.4.b.4,Speech Recognition,IM,3.62,8,0.183,3.2664,3.9836,N,,08/2023,Analyst
17-2071.00,1.A.4.b.4,Speech Recognition,LV,3.38,8,0.183,3.0164,3.7336,N,N,08/2023,Analyst
17-2071.00,1.A.4.b.5,Speech Clarity,IM,3.25,8,0.1637,2.9292,3.5708,N,,08/2023,Analyst
17-2071.00,1.A.4.b.5,Speech Clarity,LV,3.12,8,0.125,2.88,3.37,N,N,08/2023,Analyst
17-2072.00,1.A.1.a.1,Oral Comprehension,IM,4.0,8,0.0,4.0,4.0,N,,08/2022,Analyst
17-2072.00,1.A.1.a.1,Oral Comprehension,LV,4.38,8,0.183,4.0164,4.7336,N,N,08/2022,Analyst
17-2072.00,1.A.1.a.2,Written Comprehension,IM,4.0,8,0.0,4.0,4.0,N,,08/2022,Analyst
17-2072.00,1.A.1.a.2,Written Comprehension,LV,4.38,8,0.183,4.0164,4.7336,N,N,08/2022,Analyst
17-2072.00,1.A.1.a.3,Oral Expression,IM,4.0,8,0.0,4.0,4.0,N,,08/2022,Analyst
17-2072.00,1.A.1.a.3,Oral Expression,LV,4.25,8,0.1637,3.9292,4.5708,N,N,08/2022,Analyst
17-2072.00,1.A.1.a.4,Written Expression,IM,3.88,8,0.125,3.63,4.12,N,,08/2022,Analyst
17-2072.00,1.A.1.a.4,Written Expression,LV,4.12,8,0.125,3.88,4.37,N,N,08/2022,Analyst
17-2072.00,1.A.1.b.1,Fluency of Ideas,IM,3.5,8,0.189,3.1296,3.8704,N,,08/2022,Analyst
17-2072.00,1.A.1.b.1,Fluency of Ideas,LV,3.88,8,0.2266,3.4309,4.3191,N,N,08/2022,Analyst
17-2072.00,1.A.1.b.2,Originality,IM,3.38,8,0.183,3.0164,3.7336,N,,08/2022,Analyst
17-2072.00,1.A.1.b.2,Originality,LV,4.0,8,0.189,3.6296,4.3704,N,N,08/2022,Analyst
17-2072.00,1.A.1.b.3,Problem Sensitivity,IM,3.88,8,0.125,3.63,4.12,N,,08/2022,Analyst
17-2072.00,1.A.1.b.3,Problem Sensitivity,LV,4.12,8,0.125,3.88,4.37,N,N,08/2022,Analyst
17-2072.00,1.A.1.b.4,Deductive Reasoning,IM,4.0,8,0.0,4.0,4.0,N,,08/2022,Analyst
17-2072.00,1.A.1.b.4,Deductive Reasoning,LV,4.25,8,0.25,3.76,4.74,N,N,08/2022,Analyst
17-2072.00,1.A.1.b.5,Inductive Reasoning,IM,4.0,8,0.0,4.0,4.0,N,,08/2022,Analyst
17-2072.00,1.A.1.b.5,Inductive Reasoning,LV,4.25,8,0.25,3.76,4.74,N,N,08/2022,Analyst
17-2072.00,1.A.1.b.6,Information Ordering,IM,4.0,8,0.0,4.0,4.0,N,,08/2022,Analyst
17-2072.00,1.A.1.b.6,Information Ordering,LV,4.12,8,0.125,3.88,4.37,N,N,08/2022,Analyst
17-2072.00,1.A.1.b.7,Category Flexibility,IM,3.5,8,0.189,3.1296,3.8704,N,,08/2022,Analyst
17-2072.00,1.A.1.b.7,Category Flexibility,LV,4.12,8,0.125,3.88,4.37,N,N,08/2022,Analyst
17-2072.00,1.A.1.c.1,Mathematical Reasoning,IM,3.75,8,0.1637,3.4292,4.0708,N,,08/2022,Analyst
17-2072.00,1.A.1.c.1,Mathematical Reasoning,LV,4.12,8,0.125,3.88,4.37,N,N,08/2022,Analyst
17-2072.00,1.A.1.c.2,Number Facility,IM,3.25,8,0.1637,2.9292,3.5708,N,,08/2022,Analyst
17-2072.00,1.A.1.c.2,Number Facility,LV,3.38,8,0.2631,2.8594,3.8906,N,N,08/2022,Analyst
17-2072.00,1.A.1.d.1,Memorization,IM,2.75,8,0.1637,2.4292,3.0708,N,,08/2022,Analyst
17-2072.00,1.A.1.d.1,Memorization,LV,2.88,8,0.125,2.63,3.12,N,N,08/2022,Analyst
17-2072.00,1.A.1.e.1,Speed of Closure,IM,3.0,8,0.0,3.0,3.0,N,,08/2022,Analyst
17-2072.00,1.A.1.e.1,Speed of Closure,LV,3.0,8,0.0,3.0,3.0,N,N,08/2022,Analyst
17-2072.00,1.A.1.e.2,Flexibility of Closure,IM,3.12,8,0.125,2.88,3.37,N,,08/2022,Analyst
17-2072.00,1.A.1.e.2,Flexibility of Closure,LV,3.38,8,0.183,3.0164,3.7336,N,N,08/2022,Analyst
17-2072.00,1.A.1.e.3,Perceptual Speed,IM,3.0,8,0.0,3.0,3.0,N,,08/2022,Analyst
17-2072.00,1.A.1.e.3,Perceptual Speed,LV,3.0,8,0.0,3.0,3.0,N,N,08/2022,Analyst
17-2072.00,1.A.1.f.1,Spatial Orientation,IM,1.0,8,0.0,1.0,1.0,N,,08/2022,Analyst
17-2072.00,1.A.1.f.1,Spatial Orientation,LV,0.0,8,0.0,0.0,0.0,N,Y,08/2022,Analyst
17-2072.00,1.A.1.f.2,Visualization,IM,3.38,8,0.183,3.0164,3.7336,N,,08/2022,Analyst
17-2072.00,1.A.1.f.2,Visualization,LV,4.12,8,0.125,3.88,4.37,N,N,08/2022,Analyst
17-2072.00,1.A.1.g.1,Selective Attention,IM,2.88,8,0.125,2.63,3.12,N,,08/2022,Analyst
17-2072.00,1.A.1.g.1,Selective Attention,LV,3.0,8,0.0,3.0,3.0,N,N,08/2022,Analyst
17-2072.00,1.A.1.g.2,Time Sharing,IM,2.75,8,0.1637,2.4292,3.0708,N,,08/2022,Analyst
17-2072.00,1.A.1.g.2,Time Sharing,LV,2.5,8,0.189,2.1296,2.8704,N,N,08/2022,Analyst
17-2072.00,1.A.2.a.1,Arm-Hand Steadiness,IM,3.0,8,0.0,3.0,3.0,N,,08/2022,Analyst
17-2072.00,1.A.2.a.1,Arm-Hand Steadiness,LV,3.12,8,0.125,2.88,3.37,N,N,08/2022,Analyst
17-2072.00,1.A.2.a.2,Manual Dexterity,IM,2.88,8,0.125,2.63,3.12,N,,08/2022,Analyst
17-2072.00,1.A.2.a.2,Manual Dexterity,LV,2.88,8,0.125,2.63,3.12,N,N,08/2022,Analyst
17-2072.00,1.A.2.a.3,Finger Dexterity,IM,3.0,8,0.0,3.0,3.0,N,,08/2022,Analyst
17-2072.00,1.A.2.a.3,Finger Dexterity,LV,3.25,8,0.1637,2.9292,3.5708,N,N,08/2022,Analyst
17-2072.00,1.A.2.b.1,Control Precision,IM,2.5,8,0.189,2.1296,2.8704,N,,08/2022,Analyst
17-2072.00,1.A.2.b.1,Control Precision,LV,2.88,8,0.125,2.63,3.12,N,N,08/2022,Analyst
17-2072.00,1.A.2.b.2,Multilimb Coordination,IM,1.62,8,0.183,1.2664,1.9836,N,,08/2022,Analyst
17-2072.00,1.A.2.b.2,Multilimb Coordination,LV,1.12,8,0.3504,0.4383,1.8117,N,N,08/2022,Analyst
17-2072.00,1.A.2.b.3,Response Orientation,IM,1.62,8,0.183,1.2664,1.9836,N,,08/2022,Analyst
17-2072.00,1.A.2.b.3,Response Orientation,LV,1.0,8,0.3273,0.3584,1.6416,N,N,08/2022,Analyst
17-2072.00,1.A.2.b.4,Rate Control,IM,1.75,8,0.1637,1.4292,2.0708,N,,08/2022,Analyst
17-2072.00,1.A.2.b.4,Rate Control,LV,1.0,8,0.2673,0.4762,1.5238,N,N,08/2022,Analyst
17-2072.00,1.A.2.c.1,Reaction Time,IM,1.75,8,0.1637,1.4292,2.0708,N,,08/2022,Analyst
17-2072.00,1.A.2.c.1,Reaction Time,LV,1.5,8,0.3273,0.8584,2.1416,N,N,08/2022,Analyst
17-2072.00,1.A.2.c.2,Wrist-Finger Speed,IM,2.0,8,0.0,2.0,2.0,N,,08/2022,Analyst
17-2072.00,1.A.2.c.2,Wrist-Finger Speed,LV,1.75,8,0.1637,1.4292,2.0708,N,N,08/2022,Analyst
17-2072.00,1.A.2.c.3,Speed of Limb Movement,IM,1.0,8,0.0,1.0,1.0,N,,08/2022,Analyst
17-2072.00,1.A.2.c.3,Speed of Limb Movement,LV,0.0,8,0.0,0.0,0.0,N,Y,08/2022,Analyst
17-2072.00,1.A.3.a.1,Static Strength,IM,1.5,8,0.189,1.1296,1.8704,N,,08/2022,Analyst
17-2072.00,1.A.3.a.1,Static Strength,LV,0.5,8,0.189,0.1296,0.8704,N,N,08/2022,Analyst
17-2072.00,1.A.3.a.2,Explosive Strength,IM,1.0,8,0.0,1.0,1.0,N,,08/2022,Analyst
17-2072.00,1.A.3.a.2,Explosive Strength,LV,0.0,8,0.0,0.0,0.0,N,Y,08/2022,Analyst
17-2072.00,1.A.3.a.3,Dynamic Strength,IM,1.25,8,0.1637,1.0,1.5708,N,,08/2022,Analyst
17-2072.00,1.A.3.a.3,Dynamic Strength,LV,0.25,8,0.1637,0.0,0.5708,N,Y,08/2022,Analyst
17-2072.00,1.A.3.a.4,Trunk Strength,IM,1.75,8,0.1637,1.4292,2.0708,N,,08/2022,Analyst
17-2072.00,1.A.3.a.4,Trunk Strength,LV,1.38,8,0.3239,0.7402,2.0098,N,N,08/2022,Analyst
17-2072.00,1.A.3.b.1,Stamina,IM,1.25,8,0.1637,1.0,1.5708,N,,08/2022,Analyst
17-2072.00,1.A.3.b.1,Stamina,LV,0.25,8,0.1637,0.0,0.5708,N,Y,08/2022,Analyst
17-2072.00,1.A.3.c.1,Extent Flexibility,IM,1.75,8,0.1637,1.4292,2.0708,N,,08/2022,Analyst
17-2072.00,1.A.3.c.1,Extent Flexibility,LV,1.12,8,0.295,0.5467,1.7033,N,N,08/2022,Analyst
17-2072.00,1.A.3.c.2,Dynamic Flexibility,IM,1.0,8,0.0,1.0,1.0,N,,08/2022,Analyst
17-2072.00,1.A.3.c.2,Dynamic Flexibility,LV,0.0,8,0.0,0.0,0.0,N,Y,08/2022,Analyst
17-2072.00,1.A.3.c.3,Gross Body Coordination,IM,1.0,8,0.0,1.0,1.0,N,,08/2022,Analyst
17-2072.00,1.A.3.c.3,Gross Body Coordination,LV,0.0,8,0.0,0.0,0.0,N,Y,08/2022,Analyst
17-2072.00,1.A.3.c.4,Gross Body Equilibrium,IM,1.12,8,0.125,1.0,1.37,N,,08/2022,Analyst
17-2072.00,1.A.3.c.4,Gross Body Equilibrium,LV,0.12,8,0.125,0.0,0.37,N,Y,08/2022,Analyst
17-2072.00,1.A.4.a.1,Near Vision,IM,4.0,8,0.0,4.0,4.0,N,,08/2022,Analyst
17-2072.00,1.A.4.a.1,Near Vision,LV,4.12,8,0.125,3.88,4.37,N,N,08/2022,Analyst
17-2072.00,1.A.4.a.2,Far Vision,IM,2.75,8,0.1637,2.4292,3.0708,N,,08/2022,Analyst
17-2072.00,1.A.4.a.2,Far Vision,LV,2.88,8,0.125,2.63,3.12,N,N,08/2022,Analyst
17-2072.00,1.A.4.a.3,Visual Color Discrimination,IM,2.88,8,0.125,2.63,3.12,N,,08/2022,Analyst
17-2072.00,1.A.4.a.3,Visual Color Discrimination,LV,3.25,8,0.25,2.76,3.74,N,N,08/2022,Analyst
17-2072.00,1.A.4.a.4,Night Vision,IM,1.0,8,0.0,1.0,1.0,N,,08/2022,Analyst
17-2072.00,1.A.4.a.4,Night Vision,LV,0.0,8,0.0,0.0,0.0,N,Y,08/2022,Analyst
17-2072.00,1.A.4.a.5,Peripheral Vision,IM,1.0,8,0.0,1.0,1.0,N,,08/2022,Analyst
17-2072.00,1.A.4.a.5,Peripheral Vision,LV,0.0,8,0.0,0.0,0.0,N,Y,08/2022,Analyst
17-2072.00,1.A.4.a.6,Depth Perception,IM,1.88,8,0.125,1.63,2.12,N,,08/2022,Analyst
17-2072.00,1.A.4.a.6,Depth Perception,LV,1.75,8,0.25,1.26,2.24,N,N,08/2022,Analyst
17-2072.00,1.A.4.a.7,Glare Sensitivity,IM,1.0,8,0.0,1.0,1.0,N,,08/2022,Analyst
17-2072.00,1.A.4.a.7,Glare Sensitivity,LV,0.0,8,0.0,0.0,0.0,N,Y,08/2022,Analyst
17-2072.00,1.A.4.b.1,Hearing Sensitivity,IM,2.62,8,0.183,2.2664,2.9836,N,,08/2022,Analyst
17-2072.00,1.A.4.b.1,Hearing Sensitivity,LV,2.62,8,0.183,2.2664,2.9836,N,N,08/2022,Analyst
17-2072.00,1.A.4.b.2,Auditory Attention,IM,1.88,8,0.125,1.63,2.12,N,,08/2022,Analyst
17-2072.00,1.A.4.b.2,Auditory Attention,LV,1.75,8,0.25,1.26,2.24,N,N,08/2022,Analyst
17-2072.00,1.A.4.b.3,Sound Localization,IM,1.0,8,0.0,1.0,1.0,N,,08/2022,Analyst
17-2072.00,1.A.4.b.3,Sound Localization,LV,0.0,8,0.0,0.0,0.0,N,Y,08/2022,Analyst
17-2072.00,1.A.4.b.4,Speech Recognition,IM,3.25,8,0.1637,2.9292,3.5708,N,,08/2022,Analyst
17-2072.00,1.A.4.b.4,Speech Recognition,LV,3.12,8,0.125,2.88,3.37,N,N,08/2022,Analyst
17-2072.00,1.A.4.b.5,Speech Clarity,IM,3.12,8,0.125,2.88,3.37,N,,08/2022,Analyst
17-2072.00,1.A.4.b.5,Speech Clarity,LV,3.12,8,0.125,2.88,3.37,N,N,08/2022,Analyst
17-2072.01,1.A.1.a.1,Oral Comprehension,IM,4.0,8,0.0,4.0,4.0,N,,07/2015,Analyst
17-2072.01,1.A.1.a.1,Oral Comprehension,LV,4.12,8,0.125,3.88,4.37,N,N,07/2015,Analyst
17-2072.01,1.A.1.a.2,Written Comprehension,IM,3.88,8,0.125,3.63,4.12,N,,07/2015,Analyst
17-2072.01,1.A.1.a.2,Written Comprehension,LV,4.0,8,0.189,3.6296,4.3704,N,N,07/2015,Analyst
17-2072.01,1.A.1.a.3,Oral Expression,IM,3.75,8,0.1637,3.4292,4.0708,N,,07/2015,Analyst
17-2072.01,1.A.1.a.3,Oral Expression,LV,3.88,8,0.125,3.63,4.12,N,N,07/2015,Analyst
17-2072.01,1.A.1.a.4,Written Expression,IM,3.38,8,0.183,3.0164,3.7336,N,,07/2015,Analyst
17-2072.01,1.A.1.a.4,Written Expression,LV,3.75,8,0.1637,3.4292,4.0708,N,N,07/2015,Analyst
17-2072.01,1.A.1.b.1,Fluency of Ideas,IM,3.25,8,0.1637,2.9292,3.5708,N,,07/2015,Analyst
17-2072.01,1.A.1.b.1,Fluency of Ideas,LV,3.38,8,0.183,3.0164,3.7336,N,N,07/2015,Analyst
17-2072.01,1.A.1.b.2,Originality,IM,3.0,8,0.189,2.6296,3.3704,N,,07/2015,Analyst
17-2072.01,1.A.1.b.2,Originality,LV,3.12,8,0.125,2.88,3.37,N,N,07/2015,Analyst
17-2072.01,1.A.1.b.3,Problem Sensitivity,IM,4.0,8,0.0,4.0,4.0,N,,07/2015,Analyst
17-2072.01,1.A.1.b.3,Problem Sensitivity,LV,3.5,8,0.189,3.1296,3.8704,N,N,07/2015,Analyst
17-2072.01,1.A.1.b.4,Deductive Reasoning,IM,4.0,8,0.0,4.0,4.0,N,,07/2015,Analyst
17-2072.01,1.A.1.b.4,Deductive Reasoning,LV,4.25,8,0.1637,3.9292,4.5708,N,N,07/2015,Analyst
17-2072.01,1.A.1.b.5,Inductive Reasoning,IM,3.88,8,0.125,3.63,4.12,N,,07/2015,Analyst
17-2072.01,1.A.1.b.5,Inductive Reasoning,LV,3.75,8,0.25,3.26,4.24,N,N,07/2015,Analyst
17-2072.01,1.A.1.b.6,Information Ordering,IM,3.75,8,0.1637,3.4292,4.0708,N,,07/2015,Analyst
17-2072.01,1.A.1.b.6,Information Ordering,LV,3.75,8,0.1637,3.4292,4.0708,N,N,07/2015,Analyst
17-2072.01,1.A.1.b.7,Category Flexibility,IM,3.25,8,0.1637,2.9292,3.5708,N,,07/2015,Analyst
17-2072.01,1.A.1.b.7,Category Flexibility,LV,3.62,8,0.2631,3.1094,4.1406,N,N,07/2015,Analyst
17-2072.01,1.A.1.c.1,Mathematical Reasoning,IM,2.88,8,0.125,2.63,3.12,N,,07/2015,Analyst
17-2072.01,1.A.1.c.1,Mathematical Reasoning,LV,3.12,8,0.2266,2.6809,3.5691,N,N,07/2015,Analyst
17-2072.01,1.A.1.c.2,Number Facility,IM,2.88,8,0.125,2.63,3.12,N,,07/2015,Analyst
17-2072.01,1.A.1.c.2,Number Facility,LV,3.25,8,0.1637,2.9292,3.5708,N,N,07/2015,Analyst
17-2072.01,1.A.1.d.1,Memorization,IM,2.12,8,0.125,1.88,2.37,N,,07/2015,Analyst
17-2072.01,1.A.1.d.1,Memorization,LV,2.12,8,0.125,1.88,2.37,N,N,07/2015,Analyst
17-2072.01,1.A.1.e.1,Speed of Closure,IM,2.12,8,0.125,1.88,2.37,N,,07/2015,Analyst
17-2072.01,1.A.1.e.1,Speed of Closure,LV,2.12,8,0.125,1.88,2.37,N,N,07/2015,Analyst
17-2072.01,1.A.1.e.2,Flexibility of Closure,IM,2.75,8,0.1637,2.4292,3.0708,N,,07/2015,Analyst
17-2072.01,1.A.1.e.2,Flexibility of Closure,LV,2.88,8,0.2266,2.4309,3.3191,N,N,07/2015,Analyst
17-2072.01,1.A.1.e.3,Perceptual Speed,IM,2.38,8,0.183,2.0164,2.7336,N,,07/2015,Analyst
17-2072.01,1.A.1.e.3,Perceptual Speed,LV,2.5,8,0.189,2.1296,2.8704,N,N,07/2015,Analyst
17-2072.01,1.A.1.f.1,Spatial Orientation,IM,1.12,8,0.125,1.0,1.37,N,,07/2015,Analyst
17-2072.01,1.A.1.f.1,Spatial Orientation,LV,0.25,8,0.25,0.0,0.74,N,Y,07/2015,Analyst
17-2072.01,1.A.1.f.2,Visualization,IM,2.88,8,0.125,2.63,3.12,N,,07/2015,Analyst
17-2072.01,1.A.1.f.2,Visualization,LV,3.12,8,0.2266,2.6809,3.5691,N,N,07/2015,Analyst
17-2072.01,1.A.1.g.1,Selective Attention,IM,2.88,8,0.2266,2.4309,3.3191,N,,07/2015,Analyst
17-2072.01,1.A.1.g.1,Selective Attention,LV,2.88,8,0.2266,2.4309,3.3191,N,N,07/2015,Analyst
17-2072.01,1.A.1.g.2,Time Sharing,IM,2.25,8,0.1637,1.9292,2.5708,N,,07/2015,Analyst
17-2072.01,1.A.1.g.2,Time Sharing,LV,2.12,8,0.125,1.88,2.37,N,N,07/2015,Analyst
17-2072.01,1.A.2.a.1,Arm-Hand Steadiness,IM,2.12,8,0.125,1.88,2.37,N,,07/2015,Analyst
17-2072.01,1.A.2.a.1,Arm-Hand Steadiness,LV,2.5,8,0.189,2.1296,2.8704,N,N,07/2015,Analyst
17-2072.01,1.A.2.a.2,Manual Dexterity,IM,2.12,8,0.125,1.88,2.37,N,,07/2015,Analyst
17-2072.01,1.A.2.a.2,Manual Dexterity,LV,2.0,8,0.2673,1.4762,2.5238,N,N,07/2015,Analyst
17-2072.01,1.A.2.a.3,Finger Dexterity,IM,2.25,8,0.1637,1.9292,2.5708,N,,07/2015,Analyst
17-2072.01,1.A.2.a.3,Finger Dexterity,LV,2.38,8,0.3239,1.7402,3.0098,N,N,07/2015,Analyst
17-2072.01,1.A.2.b.1,Control Precision,IM,2.25,8,0.1637,1.9292,2.5708,N,,07/2015,Analyst
17-2072.01,1.A.2.b.1,Control Precision,LV,2.62,8,0.183,2.2664,2.9836,N,N,07/2015,Analyst
17-2072.01,1.A.2.b.2,Multilimb Coordination,IM,1.25,8,0.1637,1.0,1.5708,N,,07/2015,Analyst
17-2072.01,1.A.2.b.2,Multilimb Coordination,LV,0.62,8,0.4199,0.0,1.4481,N,Y,07/2015,Analyst
17-2072.01,1.A.2.b.3,Response Orientation,IM,1.0,8,0.0,1.0,1.0,N,,07/2015,Analyst
17-2072.01,1.A.2.b.3,Response Orientation,LV,0.0,8,0.0,0.0,0.0,N,Y,07/2015,Analyst
17-2072.01,1.A.2.b.4,Rate Control,IM,1.62,8,0.183,1.2664,1.9836,N,,07/2015,Analyst
17-2072.01,1.A.2.b.4,Rate Control,LV,0.88,8,0.295,0.2967,1.4533,N,N,07/2015,Analyst
17-2072.01,1.A.2.c.1,Reaction Time,IM,1.75,8,0.1637,1.4292,2.0708,N,,07/2015,Analyst
17-2072.01,1.A.2.c.1,Reaction Time,LV,1.0,8,0.2673,0.4762,1.5238,N,N,07/2015,Analyst
17-2072.01,1.A.2.c.2,Wrist-Finger Speed,IM,2.0,8,0.0,2.0,2.0,N,,07/2015,Analyst
17-2072.01,1.A.2.c.2,Wrist-Finger Speed,LV,1.62,8,0.183,1.2664,1.9836,N,N,07/2015,Analyst
17-2072.01,1.A.2.c.3,Speed of Limb Movement,IM,1.12,8,0.125,1.0,1.37,N,,07/2015,Analyst
17-2072.01,1.A.2.c.3,Speed of Limb Movement,LV,0.12,8,0.125,0.0,0.37,N,Y,07/2015,Analyst
17-2072.01,1.A.3.a.1,Static Strength,IM,1.12,8,0.125,1.0,1.37,N,,07/2015,Analyst
17-2072.01,1.A.3.a.1,Static Strength,LV,0.25,8,0.25,0.0,0.74,N,Y,07/2015,Analyst
17-2072.01,1.A.3.a.2,Explosive Strength,IM,1.0,8,0.0,1.0,1.0,N,,07/2015,Analyst
17-2072.01,1.A.3.a.2,Explosive Strength,LV,0.0,8,0.0,0.0,0.0,N,Y,07/2015,Analyst
17-2072.01,1.A.3.a.3,Dynamic Strength,IM,1.0,8,0.0,1.0,1.0,N,,07/2015,Analyst
17-2072.01,1.A.3.a.3,Dynamic Strength,LV,0.0,8,0.0,0.0,0.0,N,Y,07/2015,Analyst
17-2072.01,1.A.3.a.4,Trunk Strength,IM,2.25,8,0.1637,1.9292,2.5708,N,,07/2015,Analyst
17-2072.01,1.A.3.a.4,Trunk Strength,LV,2.0,8,0.0,2.0,2.0,N,N,07/2015,Analyst
17-2072.01,1.A.3.b.1,Stamina,IM,1.0,8,0.0,1.0,1.0,N,,07/2015,Analyst
17-2072.01,1.A.3.b.1,Stamina,LV,0.0,8,0.0,0.0,0.0,N,Y,07/2015,Analyst
17-2072.01,1.A.3.c.1,Extent Flexibility,IM,1.88,8,0.125,1.63,2.12,N,,07/2015,Analyst
17-2072.01,1.A.3.c.1,Extent Flexibility,LV,1.25,8,0.25,0.76,1.74,N,N,07/2015,Analyst
17-2072.01,1.A.3.c.2,Dynamic Flexibility,IM,1.0,8,0.0,1.0,1.0,N,,07/2015,Analyst
17-2072.01,1.A.3.c.2,Dynamic Flexibility,LV,0.0,8,0.0,0.0,0.0,N,Y,07/2015,Analyst
17-2072.01,1.A.3.c.3,Gross Body Coordination,IM,1.0,8,0.0,1.0,1.0,N,,07/2015,Analyst
17-2072.01,1.A.3.c.3,Gross Body Coordination,LV,0.0,8,0.0,0.0,0.0,N,Y,07/2015,Analyst
17-2072.01,1.A.3.c.4,Gross Body Equilibrium,IM,1.0,8,0.0,1.0,1.0,N,,07/2015,Analyst
17-2072.01,1.A.3.c.4,Gross Body Equilibrium,LV,0.0,8,0.0,0.0,0.0,N,Y,07/2015,Analyst
17-2072.01,1.A.4.a.1,Near Vision,IM,3.75,8,0.1637,3.4292,4.0708,N,,07/2015,Analyst
17-2072.01,1.A.4.a.1,Near Vision,LV,4.0,8,0.189,3.6296,4.3704,N,N,07/2015,Analyst
17-2072.01,1.A.4.a.2,Far Vision,IM,2.62,8,0.183,2.2664,2.9836,N,,07/2015,Analyst
17-2072.01,1.A.4.a.2,Far Vision,LV,2.75,8,0.1637,2.4292,3.0708,N,N,07/2015,Analyst
17-2072.01,1.A.4.a.3,Visual Color Discrimination,IM,2.38,8,0.183,2.0164,2.7336,N,,07/2015,Analyst
17-2072.01,1.A.4.a.3,Visual Color Discrimination,LV,2.25,8,0.1637,1.9292,2.5708,N,N,07/2015,Analyst
17-2072.01,1.A.4.a.4,Night Vision,IM,1.0,8,0.0,1.0,1.0,N,,07/2015,Analyst
17-2072.01,1.A.4.a.4,Night Vision,LV,0.0,8,0.0,0.0,0.0,N,Y,07/2015,Analyst
17-2072.01,1.A.4.a.5,Peripheral Vision,IM,1.0,8,0.0,1.0,1.0,N,,07/2015,Analyst
17-2072.01,1.A.4.a.5,Peripheral Vision,LV,0.0,8,0.0,0.0,0.0,N,Y,07/2015,Analyst
17-2072.01,1.A.4.a.6,Depth Perception,IM,1.88,8,0.125,1.63,2.12,N,,07/2015,Analyst
17-2072.01,1.A.4.a.6,Depth Perception,LV,1.38,8,0.2631,0.8594,1.8906,N,N,07/2015,Analyst
17-2072.01,1.A.4.a.7,Glare Sensitivity,IM,1.0,8,0.0,1.0,1.0,N,,07/2015,Analyst
17-2072.01,1.A.4.a.7,Glare Sensitivity,LV,0.0,8,0.0,0.0,0.0,N,Y,07/2015,Analyst
17-2072.01,1.A.4.b.1,Hearing Sensitivity,IM,2.12,8,0.2266,1.6809,2.5691,N,,07/2015,Analyst
17-2072.01,1.A.4.b.1,Hearing Sensitivity,LV,2.0,8,0.3273,1.3584,2.6416,N,N,07/2015,Analyst
17-2072.01,1.A.4.b.2,Auditory Attention,IM,2.12,8,0.125,1.88,2.37,N,,07/2015,Analyst
17-2072.01,1.A.4.b.2,Auditory Attention,LV,2.12,8,0.2266,1.6809,2.5691,N,N,07/2015,Analyst
17-2072.01,1.A.4.b.3,Sound Localization,IM,1.0,8,0.0,1.0,1.0,N,,07/2015,Analyst
17-2072.01,1.A.4.b.3,Sound Localization,LV,0.0,8,0.0,0.0,0.0,N,Y,07/2015,Analyst
17-2072.01,1.A.4.b.4,Speech Recognition,IM,3.62,8,0.183,3.2664,3.9836,N,,07/2015,Analyst
17-2072.01,1.A.4.b.4,Speech Recognition,LV,3.5,8,0.189,3.1296,3.8704,N,N,07/2015,Analyst
17-2072.01,1.A.4.b.5,Speech Clarity,IM,3.62,8,0.183,3.2664,3.9836,N,,07/2015,Analyst
17-2072.01,1.A.4.b.5,Speech Clarity,LV,3.38,8,0.183,3.0164,3.7336,N,N,07/2015,Analyst
17-2081.00,1.A.1.a.1,Oral Comprehension,IM,4.0,8,0.0,4.0,4.0,N,,08/2024,Analyst
17-2081.00,1.A.1.a.1,Oral Comprehension,LV,4.88,8,0.125,4.63,5.12,N,N,08/2024,Analyst
17-2081.00,1.A.1.a.2,Written Comprehension,IM,4.0,8,0.0,4.0,4.0,N,,08/2024,Analyst
17-2081.00,1.A.1.a.2,Written Comprehension,LV,4.75,8,0.1637,4.4292,5.0708,N,N,08/2024,Analyst
17-2081.00,1.A.1.a.3,Oral Expression,IM,4.0,8,0.0,4.0,4.0,N,,08/2024,Analyst
17-2081.00,1.A.1.a.3,Oral Expression,LV,4.38,8,0.183,4.0164,4.7336,N,N,08/2024,Analyst
17-2081.00,1.A.1.a.4,Written Expression,IM,4.0,8,0.0,4.0,4.0,N,,08/2024,Analyst
17-2081.00,1.A.1.a.4,Written Expression,LV,4.88,8,0.125,4.63,5.12,N,N,08/2024,Analyst
17-2081.00,1.A.1.b.1,Fluency of Ideas,IM,3.75,8,0.1637,3.4292,4.0708,N,,08/2024,Analyst
17-2081.00,1.A.1.b.1,Fluency of Ideas,LV,4.12,8,0.125,3.88,4.37,N,N,08/2024,Analyst
17-2081.00,1.A.1.b.2,Originality,IM,3.62,8,0.183,3.2664,3.9836,N,,08/2024,Analyst
17-2081.00,1.A.1.b.2,Originality,LV,4.0,8,0.0,4.0,4.0,N,N,08/2024,Analyst
17-2081.00,1.A.1.b.3,Problem Sensitivity,IM,4.0,8,0.0,4.0,4.0,N,,08/2024,Analyst
17-2081.00,1.A.1.b.3,Problem Sensitivity,LV,4.25,8,0.1637,3.9292,4.5708,N,N,08/2024,Analyst
17-2081.00,1.A.1.b.4,Deductive Reasoning,IM,4.0,8,0.0,4.0,4.0,N,,08/2024,Analyst
17-2081.00,1.A.1.b.4,Deductive Reasoning,LV,4.12,8,0.125,3.88,4.37,N,N,08/2024,Analyst
17-2081.00,1.A.1.b.5,Inductive Reasoning,IM,4.0,8,0.0,4.0,4.0,N,,08/2024,Analyst
17-2081.00,1.A.1.b.5,Inductive Reasoning,LV,4.5,8,0.189,4.1296,4.8704,N,N,08/2024,Analyst
17-2081.00,1.A.1.b.6,Information Ordering,IM,3.62,8,0.183,3.2664,3.9836,N,,08/2024,Analyst
17-2081.00,1.A.1.b.6,Information Ordering,LV,4.12,8,0.125,3.88,4.37,N,N,08/2024,Analyst
17-2081.00,1.A.1.b.7,Category Flexibility,IM,3.12,8,0.125,2.88,3.37,N,,08/2024,Analyst
17-2081.00,1.A.1.b.7,Category Flexibility,LV,3.75,8,0.1637,3.4292,4.0708,N,N,08/2024,Analyst
17-2081.00,1.A.1.c.1,Mathematical Reasoning,IM,3.12,8,0.125,2.88,3.37,N,,08/2024,Analyst
17-2081.00,1.A.1.c.1,Mathematical Reasoning,LV,3.88,8,0.125,3.63,4.12,N,N,08/2024,Analyst
17-2081.00,1.A.1.c.2,Number Facility,IM,3.25,8,0.1637,2.9292,3.5708,N,,08/2024,Analyst
17-2081.00,1.A.1.c.2,Number Facility,LV,3.5,8,0.189,3.1296,3.8704,N,N,08/2024,Analyst
17-2081.00,1.A.1.d.1,Memorization,IM,3.0,8,0.189,2.6296,3.3704,N,,08/2024,Analyst
17-2081.00,1.A.1.d.1,Memorization,LV,3.0,8,0.189,2.6296,3.3704,N,N,08/2024,Analyst
17-2081.00,1.A.1.e.1,Speed of Closure,IM,2.88,8,0.125,2.63,3.12,N,,08/2024,Analyst
17-2081.00,1.A.1.e.1,Speed of Closure,LV,3.0,8,0.0,3.0,3.0,N,N,08/2024,Analyst
17-2081.00,1.A.1.e.2,Flexibility of Closure,IM,3.12,8,0.125,2.88,3.37,N,,08/2024,Analyst
17-2081.00,1.A.1.e.2,Flexibility of Closure,LV,3.25,8,0.1637,2.9292,3.5708,N,N,08/2024,Analyst
17-2081.00,1.A.1.e.3,Perceptual Speed,IM,3.0,8,0.0,3.0,3.0,N,,08/2024,Analyst
17-2081.00,1.A.1.e.3,Perceptual Speed,LV,3.0,8,0.0,3.0,3.0,N,N,08/2024,Analyst
17-2081.00,1.A.1.f.1,Spatial Orientation,IM,1.12,8,0.125,1.0,1.37,N,,08/2024,Analyst
17-2081.00,1.A.1.f.1,Spatial Orientation,LV,0.25,8,0.25,0.0,0.74,N,Y,08/2024,Analyst
17-2081.00,1.A.1.f.2,Visualization,IM,3.0,8,0.0,3.0,3.0,N,,08/2024,Analyst
17-2081.00,1.A.1.f.2,Visualization,LV,3.12,8,0.125,2.88,3.37,N,N,08/2024,Analyst
17-2081.00,1.A.1.g.1,Selective Attention,IM,3.0,8,0.0,3.0,3.0,N,,08/2024,Analyst
17-2081.00,1.A.1.g.1,Selective Attention,LV,3.0,8,0.0,3.0,3.0,N,N,08/2024,Analyst
17-2081.00,1.A.1.g.2,Time Sharing,IM,2.75,8,0.1637,2.4292,3.0708,N,,08/2024,Analyst
17-2081.00,1.A.1.g.2,Time Sharing,LV,2.5,8,0.189,2.1296,2.8704,N,N,08/2024,Analyst
17-2081.00,1.A.2.a.1,Arm-Hand Steadiness,IM,1.0,8,0.0,1.0,1.0,N,,08/2024,Analyst
17-2081.00,1.A.2.a.1,Arm-Hand Steadiness,LV,0.0,8,0.0,0.0,0.0,N,Y,08/2024,Analyst
17-2081.00,1.A.2.a.2,Manual Dexterity,IM,1.0,8,0.0,1.0,1.0,N,,08/2024,Analyst
17-2081.00,1.A.2.a.2,Manual Dexterity,LV,0.0,8,0.0,0.0,0.0,N,Y,08/2024,Analyst
17-2081.00,1.A.2.a.3,Finger Dexterity,IM,1.38,8,0.183,1.0164,1.7336,N,,08/2024,Analyst
17-2081.00,1.A.2.a.3,Finger Dexterity,LV,0.38,8,0.183,0.0164,0.7336,N,N,08/2024,Analyst
17-2081.00,1.A.2.b.1,Control Precision,IM,1.0,8,0.0,1.0,1.0,N,,08/2024,Analyst
17-2081.00,1.A.2.b.1,Control Precision,LV,0.0,8,0.0,0.0,0.0,N,Y,08/2024,Analyst
17-2081.00,1.A.2.b.2,Multilimb Coordination,IM,1.0,8,0.0,1.0,1.0,N,,08/2024,Analyst
17-2081.00,1.A.2.b.2,Multilimb Coordination,LV,0.0,8,0.0,0.0,0.0,N,Y,08/2024,Analyst
17-2081.00,1.A.2.b.3,Response Orientation,IM,1.0,8,0.0,1.0,1.0,N,,08/2024,Analyst
17-2081.00,1.A.2.b.3,Response Orientation,LV,0.0,8,0.0,0.0,0.0,N,Y,08/2024,Analyst
17-2081.00,1.A.2.b.4,Rate Control,IM,1.0,8,0.0,1.0,1.0,N,,08/2024,Analyst
17-2081.00,1.A.2.b.4,Rate Control,LV,0.0,8,0.0,0.0,0.0,N,Y,08/2024,Analyst
17-2081.00,1.A.2.c.1,Reaction Time,IM,1.0,8,0.0,1.0,1.0,N,,08/2024,Analyst
17-2081.00,1.A.2.c.1,Reaction Time,LV,0.0,8,0.0,0.0,0.0,N,Y,08/2024,Analyst
17-2081.00,1.A.2.c.2,Wrist-Finger Speed,IM,1.75,8,0.1637,1.4292,2.0708,N,,08/2024,Analyst
17-2081.00,1.A.2.c.2,Wrist-Finger Speed,LV,0.88,8,0.2266,0.4309,1.3191,N,N,08/2024,Analyst
17-2081.00,1.A.2.c.3,Speed of Limb Movement,IM,1.0,8,0.0,1.0,1.0,N,,08/2024,Analyst
17-2081.00,1.A.2.c.3,Speed of Limb Movement,LV,0.0,8,0.0,0.0,0.0,N,Y,08/2024,Analyst
17-2081.00,1.A.3.a.1,Static Strength,IM,1.0,8,0.0,1.0,1.0,N,,08/2024,Analyst
17-2081.00,1.A.3.a.1,Static Strength,LV,0.0,8,0.0,0.0,0.0,N,Y,08/2024,Analyst
17-2081.00,1.A.3.a.2,Explosive Strength,IM,1.0,8,0.0,1.0,1.0,N,,08/2024,Analyst
17-2081.00,1.A.3.a.2,Explosive Strength,LV,0.0,8,0.0,0.0,0.0,N,Y,08/2024,Analyst
17-2081.00,1.A.3.a.3,Dynamic Strength,IM,1.0,8,0.0,1.0,1.0,N,,08/2024,Analyst
17-2081.00,1.A.3.a.3,Dynamic Strength,LV,0.0,8,0.0,0.0,0.0,N,Y,08/2024,Analyst
17-2081.00,1.A.3.a.4,Trunk Strength,IM,1.88,8,0.2266,1.4309,2.3191,N,,08/2024,Analyst
17-2081.00,1.A.3.a.4,Trunk Strength,LV,1.12,8,0.295,0.5467,1.7033,N,N,08/2024,Analyst
17-2081.00,1.A.3.b.1,Stamina,IM,1.0,8,0.0,1.0,1.0,N,,08/2024,Analyst
17-2081.00,1.A.3.b.1,Stamina,LV,0.0,8,0.0,0.0,0.0,N,Y,08/2024,Analyst
17-2081.00,1.A.3.c.1,Extent Flexibility,IM,1.0,8,0.0,1.0,1.0,N,,08/2024,Analyst
17-2081.00,1.A.3.c.1,Extent Flexibility,LV,0.0,8,0.0,0.0,0.0,N,Y,08/2024,Analyst
17-2081.00,1.A.3.c.2,Dynamic Flexibility,IM,1.0,8,0.0,1.0,1.0,N,,08/2024,Analyst
17-2081.00,1.A.3.c.2,Dynamic Flexibility,LV,0.0,8,0.0,0.0,0.0,N,Y,08/2024,Analyst
17-2081.00,1.A.3.c.3,Gross Body Coordination,IM,1.0,8,0.0,1.0,1.0,N,,08/2024,Analyst
17-2081.00,1.A.3.c.3,Gross Body Coordination,LV,0.0,8,0.0,0.0,0.0,N,Y,08/2024,Analyst
17-2081.00,1.A.3.c.4,Gross Body Equilibrium,IM,1.0,8,0.0,1.0,1.0,N,,08/2024,Analyst
17-2081.00,1.A.3.c.4,Gross Body Equilibrium,LV,0.0,8,0.0,0.0,0.0,N,Y,08/2024,Analyst
17-2081.00,1.A.4.a.1,Near Vision,IM,3.62,8,0.183,3.2664,3.9836,N,,08/2024,Analyst
17-2081.00,1.A.4.a.1,Near Vision,LV,3.88,8,0.125,3.63,4.12,N,N,08/2024,Analyst
17-2081.00,1.A.4.a.2,Far Vision,IM,2.88,8,0.125,2.63,3.12,N,,08/2024,Analyst
17-2081.00,1.A.4.a.2,Far Vision,LV,3.0,8,0.0,3.0,3.0,N,N,08/2024,Analyst
17-2081.00,1.A.4.a.3,Visual Color Discrimination,IM,2.5,8,0.189,2.1296,2.8704,N,,08/2024,Analyst
17-2081.00,1.A.4.a.3,Visual Color Discrimination,LV,2.5,8,0.189,2.1296,2.8704,N,N,08/2024,Analyst
17-2081.00,1.A.4.a.4,Night Vision,IM,1.0,8,0.0,1.0,1.0,N,,08/2024,Analyst
17-2081.00,1.A.4.a.4,Night Vision,LV,0.0,8,0.0,0.0,0.0,N,Y,08/2024,Analyst
17-2081.00,1.A.4.a.5,Peripheral Vision,IM,1.0,8,0.0,1.0,1.0,N,,08/2024,Analyst
17-2081.00,1.A.4.a.5,Peripheral Vision,LV,0.0,8,0.0,0.0,0.0,N,Y,08/2024,Analyst
17-2081.00,1.A.4.a.6,Depth Perception,IM,1.75,8,0.1637,1.4292,2.0708,N,,08/2024,Analyst
17-2081.00,1.A.4.a.6,Depth Perception,LV,1.0,8,0.2673,0.4762,1.5238,N,N,08/2024,Analyst
17-2081.00,1.A.4.a.7,Glare Sensitivity,IM,1.0,8,0.0,1.0,1.0,N,,08/2024,Analyst
17-2081.00,1.A.4.a.7,Glare Sensitivity,LV,0.0,8,0.0,0.0,0.0,N,Y,08/2024,Analyst
17-2081.00,1.A.4.b.1,Hearing Sensitivity,IM,1.62,8,0.183,1.2664,1.9836,N,,08/2024,Analyst
17-2081.00,1.A.4.b.1,Hearing Sensitivity,LV,1.12,8,0.3504,0.4383,1.8117,N,N,08/2024,Analyst
17-2081.00,1.A.4.b.2,Auditory Attention,IM,1.75,8,0.1637,1.4292,2.0708,N,,08/2024,Analyst
17-2081.00,1.A.4.b.2,Auditory Attention,LV,1.38,8,0.3239,0.7402,2.0098,N,N,08/2024,Analyst
17-2081.00,1.A.4.b.3,Sound Localization,IM,1.0,8,0.0,1.0,1.0,N,,08/2024,Analyst
17-2081.00,1.A.4.b.3,Sound Localization,LV,0.0,8,0.0,0.0,0.0,N,Y,08/2024,Analyst
17-2081.00,1.A.4.b.4,Speech Recognition,IM,3.62,8,0.183,3.2664,3.9836,N,,08/2024,Analyst
17-2081.00,1.A.4.b.4,Speech Recognition,LV,3.88,8,0.125,3.63,4.12,N,N,08/2024,Analyst
17-2081.00,1.A.4.b.5,Speech Clarity,IM,3.62,8,0.183,3.2664,3.9836,N,,08/2024,Analyst
17-2081.00,1.A.4.b.5,Speech Clarity,LV,3.88,8,0.125,3.63,4.12,N,N,08/2024,Analyst
17-2111.00,1.A.1.a.1,Oral Comprehension,IM,4.0,8,0.189,3.6296,4.3704,N,,08/2024,Analyst
17-2111.00,1.A.1.a.1,Oral Comprehension,LV,4.25,8,0.25,3.76,4.74,N,N,08/2024,Analyst
17-2111.00,1.A.1.a.2,Written Comprehension,IM,3.88,8,0.125,3.63,4.12,N,,08/2024,Analyst
17-2111.00,1.A.1.a.2,Written Comprehension,LV,4.12,8,0.2266,3.6809,4.5691,N,N,08/2024,Analyst
17-2111.00,1.A.1.a.3,Oral Expression,IM,3.88,8,0.125,3.63,4.12,N,,08/2024,Analyst
17-2111.00,1.A.1.a.3,Oral Expression,LV,4.12,8,0.2266,3.6809,4.5691,N,N,08/2024,Analyst
17-2111.00,1.A.1.a.4,Written Expression,IM,3.62,8,0.183,3.2664,3.9836,N,,08/2024,Analyst
17-2111.00,1.A.1.a.4,Written Expression,LV,3.75,8,0.1637,3.4292,4.0708,N,N,08/2024,Analyst
17-2111.00,1.A.1.b.1,Fluency of Ideas,IM,3.5,8,0.189,3.1296,3.8704,N,,08/2024,Analyst
17-2111.00,1.A.1.b.1,Fluency of Ideas,LV,3.5,8,0.189,3.1296,3.8704,N,N,08/2024,Analyst
17-2111.00,1.A.1.b.2,Originality,IM,3.38,8,0.183,3.0164,3.7336,N,,08/2024,Analyst
17-2111.00,1.A.1.b.2,Originality,LV,3.25,8,0.25,2.76,3.74,N,N,08/2024,Analyst
17-2111.00,1.A.1.b.3,Problem Sensitivity,IM,3.88,8,0.2266,3.4309,4.3191,N,,08/2024,Analyst
17-2111.00,1.A.1.b.3,Problem Sensitivity,LV,3.75,8,0.25,3.26,4.24,N,N,08/2024,Analyst
17-2111.00,1.A.1.b.4,Deductive Reasoning,IM,4.0,8,0.189,3.6296,4.3704,N,,08/2024,Analyst
17-2111.00,1.A.1.b.4,Deductive Reasoning,LV,3.75,8,0.1637,3.4292,4.0708,N,N,08/2024,Analyst
17-2111.00,1.A.1.b.5,Inductive Reasoning,IM,4.12,8,0.2266,3.6809,4.5691,N,,08/2024,Analyst
17-2111.00,1.A.1.b.5,Inductive Reasoning,LV,3.75,8,0.1637,3.4292,4.0708,N,N,08/2024,Analyst
17-2111.00,1.A.1.b.6,Information Ordering,IM,3.38,8,0.183,3.0164,3.7336,N,,08/2024,Analyst
17-2111.00,1.A.1.b.6,Information Ordering,LV,3.5,8,0.189,3.1296,3.8704,N,N,08/2024,Analyst
17-2111.00,1.A.1.b.7,Category Flexibility,IM,3.5,8,0.189,3.1296,3.8704,N,,08/2024,Analyst
17-2111.00,1.A.1.b.7,Category Flexibility,LV,3.75,8,0.1637,3.4292,4.0708,N,N,08/2024,Analyst
17-2111.00,1.A.1.c.1,Mathematical Reasoning,IM,2.62,8,0.2631,2.1094,3.1406,N,,08/2024,Analyst
17-2111.00,1.A.1.c.1,Mathematical Reasoning,LV,2.62,8,0.183,2.2664,2.9836,N,N,08/2024,Analyst
17-2111.00,1.A.1.c.2,Number Facility,IM,2.5,8,0.189,2.1296,2.8704,N,,08/2024,Analyst
17-2111.00,1.A.1.c.2,Number Facility,LV,2.88,8,0.2266,2.4309,3.3191,N,N,08/2024,Analyst
17-2111.00,1.A.1.d.1,Memorization,IM,2.38,8,0.183,2.0164,2.7336,N,,08/2024,Analyst
17-2111.00,1.A.1.d.1,Memorization,LV,2.5,8,0.2673,1.9762,3.0238,N,N,08/2024,Analyst
17-2111.00,1.A.1.e.1,Speed of Closure,IM,2.75,8,0.25,2.26,3.24,N,,08/2024,Analyst
17-2111.00,1.A.1.e.1,Speed of Closure,LV,3.0,8,0.189,2.6296,3.3704,N,N,08/2024,Analyst
17-2111.00,1.A.1.e.2,Flexibility of Closure,IM,3.38,8,0.2631,2.8594,3.8906,N,,08/2024,Analyst
17-2111.00,1.A.1.e.2,Flexibility of Closure,LV,3.38,8,0.2631,2.8594,3.8906,N,N,08/2024,Analyst
17-2111.00,1.A.1.e.3,Perceptual Speed,IM,3.0,8,0.189,2.6296,3.3704,N,,08/2024,Analyst
17-2111.00,1.A.1.e.3,Perceptual Speed,LV,3.25,8,0.25,2.76,3.74,N,N,08/2024,Analyst
17-2111.00,1.A.1.f.1,Spatial Orientation,IM,2.0,8,0.189,1.6296,2.3704,N,,08/2024,Analyst
17-2111.00,1.A.1.f.1,Spatial Orientation,LV,1.5,8,0.3273,0.8584,2.1416,N,N,08/2024,Analyst
17-2111.00,1.A.1.f.2,Visualization,IM,2.88,8,0.2266,2.4309,3.3191,N,,08/2024,Analyst
17-2111.00,1.A.1.f.2,Visualization,LV,3.12,8,0.2266,2.6809,3.5691,N,N,08/2024,Analyst
17-2111.00,1.A.1.g.1,Selective Attention,IM,3.38,8,0.2631,2.8594,3.8906,N,,08/2024,Analyst
17-2111.00,1.A.1.g.1,Selective Attention,LV,3.38,8,0.2631,2.8594,3.8906,N,N,08/2024,Analyst
17-2111.00,1.A.1.g.2,Time Sharing,IM,2.75,8,0.25,2.26,3.24,N,,08/2024,Analyst
17-2111.00,1.A.1.g.2,Time Sharing,LV,2.62,8,0.183,2.2664,2.9836,N,N,08/2024,Analyst
17-2111.00,1.A.2.a.1,Arm-Hand Steadiness,IM,1.62,8,0.183,1.2664,1.9836,N,,08/2024,Analyst
17-2111.00,1.A.2.a.1,Arm-Hand Steadiness,LV,1.0,8,0.3273,0.3584,1.6416,N,N,08/2024,Analyst
17-2111.00,1.A.2.a.2,Manual Dexterity,IM,1.0,8,0.0,1.0,1.0,N,,08/2024,Analyst
17-2111.00,1.A.2.a.2,Manual Dexterity,LV,0.0,8,0.0,0.0,0.0,N,Y,08/2024,Analyst
17-2111.00,1.A.2.a.3,Finger Dexterity,IM,1.12,8,0.125,1.0,1.37,N,,08/2024,Analyst
17-2111.00,1.A.2.a.3,Finger Dexterity,LV,0.25,8,0.25,0.0,0.74,N,Y,08/2024,Analyst
17-2111.00,1.A.2.b.1,Control Precision,IM,1.75,8,0.25,1.26,2.24,N,,08/2024,Analyst
17-2111.00,1.A.2.b.1,Control Precision,LV,1.0,8,0.3273,0.3584,1.6416,N,N,08/2024,Analyst
17-2111.00,1.A.2.b.2,Multilimb Coordination,IM,1.75,8,0.25,1.26,2.24,N,,08/2024,Analyst
17-2111.00,1.A.2.b.2,Multilimb Coordination,LV,1.12,8,0.3504,0.4383,1.8117,N,N,08/2024,Analyst
17-2111.00,1.A.2.b.3,Response Orientation,IM,1.88,8,0.295,1.2967,2.4533,N,,08/2024,Analyst
17-2111.00,1.A.2.b.3,Response Orientation,LV,1.0,8,0.3273,0.3584,1.6416,N,N,08/2024,Analyst
17-2111.00,1.A.2.b.4,Rate Control,IM,1.62,8,0.183,1.2664,1.9836,N,,08/2024,Analyst
17-2111.00,1.A.2.b.4,Rate Control,LV,1.12,8,0.3981,0.3447,1.9053,N,N,08/2024,Analyst
17-2111.00,1.A.2.c.1,Reaction Time,IM,1.88,8,0.295,1.2967,2.4533,N,,08/2024,Analyst
17-2111.00,1.A.2.c.1,Reaction Time,LV,1.5,8,0.5345,0.4523,2.5477,Y,N,08/2024,Analyst
17-2111.00,1.A.2.c.2,Wrist-Finger Speed,IM,1.88,8,0.3504,1.1883,2.5617,N,,08/2024,Analyst
17-2111.00,1.A.2.c.2,Wrist-Finger Speed,LV,1.62,8,0.5957,0.4573,2.7927,Y,N,08/2024,Analyst
17-2111.00,1.A.2.c.3,Speed of Limb Movement,IM,1.12,8,0.125,1.0,1.37,N,,08/2024,Analyst
17-2111.00,1.A.2.c.3,Speed of Limb Movement,LV,0.25,8,0.25,0.0,0.74,N,Y,08/2024,Analyst
17-2111.00,1.A.3.a.1,Static Strength,IM,1.75,8,0.25,1.26,2.24,N,,08/2024,Analyst
17-2111.00,1.A.3.a.1,Static Strength,LV,1.12,8,0.3981,0.3447,1.9053,N,N,08/2024,Analyst
17-2111.00,1.A.3.a.2,Explosive Strength,IM,1.62,8,0.2631,1.1094,2.1406,N,,08/2024,Analyst
17-2111.00,1.A.3.a.2,Explosive Strength,LV,0.62,8,0.2631,0.1094,1.1406,N,N,08/2024,Analyst
17-2111.00,1.A.3.a.3,Dynamic Strength,IM,1.5,8,0.189,1.1296,1.8704,N,,08/2024,Analyst
17-2111.00,1.A.3.a.3,Dynamic Strength,LV,0.62,8,0.2631,0.1094,1.1406,N,N,08/2024,Analyst
17-2111.00,1.A.3.a.4,Trunk Strength,IM,1.88,8,0.2266,1.4309,2.3191,N,,08/2024,Analyst
17-2111.00,1.A.3.a.4,Trunk Strength,LV,1.75,8,0.4119,0.9427,2.5573,N,N,08/2024,Analyst
17-2111.00,1.A.3.b.1,Stamina,IM,1.62,8,0.183,1.2664,1.9836,N,,08/2024,Analyst
17-2111.00,1.A.3.b.1,Stamina,LV,0.75,8,0.25,0.26,1.24,N,N,08/2024,Analyst
17-2111.00,1.A.3.c.1,Extent Flexibility,IM,1.62,8,0.183,1.2664,1.9836,N,,08/2024,Analyst
17-2111.00,1.A.3.c.1,Extent Flexibility,LV,0.88,8,0.295,0.2967,1.4533,N,N,08/2024,Analyst
17-2111.00,1.A.3.c.2,Dynamic Flexibility,IM,1.12,8,0.125,1.0,1.37,N,,08/2024,Analyst
17-2111.00,1.A.3.c.2,Dynamic Flexibility,LV,0.12,8,0.125,0.0,0.37,N,Y,08/2024,Analyst
17-2111.00,1.A.3.c.3,Gross Body Coordination,IM,1.62,8,0.183,1.2664,1.9836,N,,08/2024,Analyst
17-2111.00,1.A.3.c.3,Gross Body Coordination,LV,0.88,8,0.295,0.2967,1.4533,N,N,08/2024,Analyst
17-2111.00,1.A.3.c.4,Gross Body Equilibrium,IM,1.88,8,0.2266,1.4309,2.3191,N,,08/2024,Analyst
17-2111.00,1.A.3.c.4,Gross Body Equilibrium,LV,1.5,8,0.378,0.7592,2.2408,N,N,08/2024,Analyst
17-2111.00,1.A.4.a.1,Near Vision,IM,3.5,8,0.189,3.1296,3.8704,N,,08/2024,Analyst
17-2111.00,1.A.4.a.1,Near Vision,LV,3.75,8,0.1637,3.4292,4.0708,N,N,08/2024,Analyst
17-2111.00,1.A.4.a.2,Far Vision,IM,3.38,8,0.183,3.0164,3.7336,N,,08/2024,Analyst
17-2111.00,1.A.4.a.2,Far Vision,LV,3.12,8,0.125,2.88,3.37,N,N,08/2024,Analyst
17-2111.00,1.A.4.a.3,Visual Color Discrimination,IM,3.0,8,0.2673,2.4762,3.5238,N,,08/2024,Analyst
17-2111.00,1.A.4.a.3,Visual Color Discrimination,LV,2.88,8,0.2266,2.4309,3.3191,N,N,08/2024,Analyst
17-2111.00,1.A.4.a.4,Night Vision,IM,1.88,8,0.2266,1.4309,2.3191,N,,08/2024,Analyst
17-2111.00,1.A.4.a.4,Night Vision,LV,1.12,8,0.295,0.5467,1.7033,N,N,08/2024,Analyst
17-2111.00,1.A.4.a.5,Peripheral Vision,IM,1.88,8,0.2266,1.4309,2.3191,N,,08/2024,Analyst
17-2111.00,1.A.4.a.5,Peripheral Vision,LV,1.0,8,0.2673,0.4762,1.5238,N,N,08/2024,Analyst
17-2111.00,1.A.4.a.6,Depth Perception,IM,2.12,8,0.2266,1.6809,2.5691,N,,08/2024,Analyst
17-2111.00,1.A.4.a.6,Depth Perception,LV,1.88,8,0.3504,1.1883,2.5617,N,N,08/2024,Analyst
17-2111.00,1.A.4.a.7,Glare Sensitivity,IM,1.88,8,0.2266,1.4309,2.3191,N,,08/2024,Analyst
17-2111.00,1.A.4.a.7,Glare Sensitivity,LV,1.38,8,0.375,0.64,2.11,N,N,08/2024,Analyst
17-2111.00,1.A.4.b.1,Hearing Sensitivity,IM,2.75,8,0.366,2.0327,3.4673,N,,08/2024,Analyst
17-2111.00,1.A.4.b.1,Hearing Sensitivity,LV,2.5,8,0.4226,1.6717,3.3283,N,N,08/2024,Analyst
17-2111.00,1.A.4.b.2,Auditory Attention,IM,2.5,8,0.3273,1.8584,3.1416,N,,08/2024,Analyst
17-2111.00,1.A.4.b.2,Auditory Attention,LV,2.5,8,0.4226,1.6717,3.3283,N,N,08/2024,Analyst
17-2111.00,1.A.4.b.3,Sound Localization,IM,1.88,8,0.2266,1.4309,2.3191,N,,08/2024,Analyst
17-2111.00,1.A.4.b.3,Sound Localization,LV,1.12,8,0.3504,0.4383,1.8117,N,N,08/2024,Analyst
17-2111.00,1.A.4.b.4,Speech Recognition,IM,3.5,8,0.189,3.1296,3.8704,N,,08/2024,Analyst
17-2111.00,1.A.4.b.4,Speech Recognition,LV,3.38,8,0.183,3.0164,3.7336,N,N,08/2024,Analyst
17-2111.00,1.A.4.b.5,Speech Clarity,IM,3.62,8,0.183,3.2664,3.9836,N,,08/2024,Analyst
17-2111.00,1.A.4.b.5,Speech Clarity,LV,3.62,8,0.2631,3.1094,4.1406,N,N,08/2024,Analyst
17-2111.02,1.A.1.a.1,Oral Comprehension,IM,3.88,8,0.125,3.63,4.12,N,,08/2021,Analyst
17-2111.02,1.A.1.a.1,Oral Comprehension,LV,4.0,8,0.0,4.0,4.0,N,N,08/2021,Analyst
17-2111.02,1.A.1.a.2,Written Comprehension,IM,4.0,8,0.0,4.0,4.0,N,,08/2021,Analyst
17-2111.02,1.A.1.a.2,Written Comprehension,LV,4.0,8,0.0,4.0,4.0,N,N,08/2021,Analyst
17-2111.02,1.A.1.a.3,Oral Expression,IM,4.0,8,0.0,4.0,4.0,N,,08/2021,Analyst
17-2111.02,1.A.1.a.3,Oral Expression,LV,4.12,8,0.125,3.88,4.37,N,N,08/2021,Analyst
17-2111.02,1.A.1.a.4,Written Expression,IM,3.88,8,0.125,3.63,4.12,N,,08/2021,Analyst
17-2111.02,1.A.1.a.4,Written Expression,LV,4.0,8,0.0,4.0,4.0,N,N,08/2021,Analyst
17-2111.02,1.A.1.b.1,Fluency of Ideas,IM,3.12,8,0.125,2.88,3.37,N,,08/2021,Analyst
17-2111.02,1.A.1.b.1,Fluency of Ideas,LV,3.88,8,0.125,3.63,4.12,N,N,08/2021,Analyst
17-2111.02,1.A.1.b.2,Originality,IM,3.25,8,0.1637,2.9292,3.5708,N,,08/2021,Analyst
17-2111.02,1.A.1.b.2,Originality,LV,3.88,8,0.125,3.63,4.12,N,N,08/2021,Analyst
17-2111.02,1.A.1.b.3,Problem Sensitivity,IM,4.0,8,0.0,4.0,4.0,N,,08/2021,Analyst
17-2111.02,1.A.1.b.3,Problem Sensitivity,LV,4.12,8,0.125,3.88,4.37,N,N,08/2021,Analyst
17-2111.02,1.A.1.b.4,Deductive Reasoning,IM,4.0,8,0.0,4.0,4.0,N,,08/2021,Analyst
17-2111.02,1.A.1.b.4,Deductive Reasoning,LV,4.25,8,0.1637,3.9292,4.5708,N,N,08/2021,Analyst
17-2111.02,1.A.1.b.5,Inductive Reasoning,IM,3.88,8,0.125,3.63,4.12,N,,08/2021,Analyst
17-2111.02,1.A.1.b.5,Inductive Reasoning,LV,4.0,8,0.0,4.0,4.0,N,N,08/2021,Analyst
17-2111.02,1.A.1.b.6,Information Ordering,IM,3.88,8,0.125,3.63,4.12,N,,08/2021,Analyst
17-2111.02,1.A.1.b.6,Information Ordering,LV,4.0,8,0.0,4.0,4.0,N,N,08/2021,Analyst
17-2111.02,1.A.1.b.7,Category Flexibility,IM,3.88,8,0.125,3.63,4.12,N,,08/2021,Analyst
17-2111.02,1.A.1.b.7,Category Flexibility,LV,4.0,8,0.0,4.0,4.0,N,N,08/2021,Analyst
17-2111.02,1.A.1.c.1,Mathematical Reasoning,IM,3.0,8,0.0,3.0,3.0,N,,08/2021,Analyst
17-2111.02,1.A.1.c.1,Mathematical Reasoning,LV,3.0,8,0.0,3.0,3.0,N,N,08/2021,Analyst
17-2111.02,1.A.1.c.2,Number Facility,IM,3.0,8,0.0,3.0,3.0,N,,08/2021,Analyst
17-2111.02,1.A.1.c.2,Number Facility,LV,3.0,8,0.0,3.0,3.0,N,N,08/2021,Analyst
17-2111.02,1.A.1.d.1,Memorization,IM,2.62,8,0.183,2.2664,2.9836,N,,08/2021,Analyst
17-2111.02,1.A.1.d.1,Memorization,LV,2.5,8,0.2673,1.9762,3.0238,N,N,08/2021,Analyst
17-2111.02,1.A.1.e.1,Speed of Closure,IM,2.75,8,0.1637,2.4292,3.0708,N,,08/2021,Analyst
17-2111.02,1.A.1.e.1,Speed of Closure,LV,3.0,8,0.0,3.0,3.0,N,N,08/2021,Analyst
17-2111.02,1.A.1.e.2,Flexibility of Closure,IM,3.75,8,0.1637,3.4292,4.0708,N,,08/2021,Analyst
17-2111.02,1.A.1.e.2,Flexibility of Closure,LV,3.75,8,0.1637,3.4292,4.0708,N,N,08/2021,Analyst
17-2111.02,1.A.1.e.3,Perceptual Speed,IM,3.0,8,0.0,3.0,3.0,N,,08/2021,Analyst
17-2111.02,1.A.1.e.3,Perceptual Speed,LV,3.0,8,0.0,3.0,3.0,N,N,08/2021,Analyst
17-2111.02,1.A.1.f.1,Spatial Orientation,IM,1.25,8,0.1637,1.0,1.5708,N,,08/2021,Analyst
17-2111.02,1.A.1.f.1,Spatial Orientation,LV,0.38,8,0.2631,0.0,0.8906,N,Y,08/2021,Analyst
17-2111.02,1.A.1.f.2,Visualization,IM,3.25,8,0.1637,2.9292,3.5708,N,,08/2021,Analyst
17-2111.02,1.A.1.f.2,Visualization,LV,3.62,8,0.183,3.2664,3.9836,N,N,08/2021,Analyst
17-2111.02,1.A.1.g.1,Selective Attention,IM,3.12,8,0.125,2.88,3.37,N,,08/2021,Analyst
17-2111.02,1.A.1.g.1,Selective Attention,LV,3.0,8,0.0,3.0,3.0,N,N,08/2021,Analyst
17-2111.02,1.A.1.g.2,Time Sharing,IM,2.62,8,0.183,2.2664,2.9836,N,,08/2021,Analyst
17-2111.02,1.A.1.g.2,Time Sharing,LV,2.0,8,0.0,2.0,2.0,N,N,08/2021,Analyst
17-2111.02,1.A.2.a.1,Arm-Hand Steadiness,IM,1.0,8,0.0,1.0,1.0,N,,08/2021,Analyst
17-2111.02,1.A.2.a.1,Arm-Hand Steadiness,LV,0.0,8,0.0,0.0,0.0,N,Y,08/2021,Analyst
17-2111.02,1.A.2.a.2,Manual Dexterity,IM,1.0,8,0.0,1.0,1.0,N,,08/2021,Analyst
17-2111.02,1.A.2.a.2,Manual Dexterity,LV,0.0,8,0.0,0.0,0.0,N,Y,08/2021,Analyst
17-2111.02,1.A.2.a.3,Finger Dexterity,IM,2.12,8,0.295,1.5467,2.7033,N,,08/2021,Analyst
17-2111.02,1.A.2.a.3,Finger Dexterity,LV,1.88,8,0.4407,1.0113,2.7387,N,N,08/2021,Analyst
17-2111.02,1.A.2.b.1,Control Precision,IM,1.75,8,0.1637,1.4292,2.0708,N,,08/2021,Analyst
17-2111.02,1.A.2.b.1,Control Precision,LV,1.38,8,0.3239,0.7402,2.0098,N,N,08/2021,Analyst
17-2111.02,1.A.2.b.2,Multilimb Coordination,IM,1.88,8,0.125,1.63,2.12,N,,08/2021,Analyst
17-2111.02,1.A.2.b.2,Multilimb Coordination,LV,1.5,8,0.2673,0.9762,2.0238,N,N,08/2021,Analyst
17-2111.02,1.A.2.b.3,Response Orientation,IM,1.0,8,0.0,1.0,1.0,N,,08/2021,Analyst
17-2111.02,1.A.2.b.3,Response Orientation,LV,0.0,8,0.0,0.0,0.0,N,Y,08/2021,Analyst
17-2111.02,1.A.2.b.4,Rate Control,IM,1.0,8,0.0,1.0,1.0,N,,08/2021,Analyst
17-2111.02,1.A.2.b.4,Rate Control,LV,0.0,8,0.0,0.0,0.0,N,Y,08/2021,Analyst
17-2111.02,1.A.2.c.1,Reaction Time,IM,1.0,8,0.0,1.0,1.0,N,,08/2021,Analyst
17-2111.02,1.A.2.c.1,Reaction Time,LV,0.0,8,0.0,0.0,0.0,N,Y,08/2021,Analyst
17-2111.02,1.A.2.c.2,Wrist-Finger Speed,IM,1.12,8,0.125,1.0,1.37,N,,08/2021,Analyst
17-2111.02,1.A.2.c.2,Wrist-Finger Speed,LV,0.25,8,0.25,0.0,0.74,N,Y,08/2021,Analyst
17-2111.02,1.A.2.c.3,Speed of Limb Movement,IM,1.0,8,0.0,1.0,1.0,N,,08/2021,Analyst
17-2111.02,1.A.2.c.3,Speed of Limb Movement,LV,0.0,8,0.0,0.0,0.0,N,Y,08/2021,Analyst
17-2111.02,1.A.3.a.1,Static Strength,IM,1.5,8,0.189,1.1296,1.8704,N,,08/2021,Analyst
17-2111.02,1.A.3.a.1,Static Strength,LV,0.5,8,0.189,0.1296,0.8704,N,N,08/2021,Analyst
17-2111.02,1.A.3.a.2,Explosive Strength,IM,1.38,8,0.183,1.0164,1.7336,N,,08/2021,Analyst
17-2111.02,1.A.3.a.2,Explosive Strength,LV,0.38,8,0.183,0.0164,0.7336,N,N,08/2021,Analyst
17-2111.02,1.A.3.a.3,Dynamic Strength,IM,1.25,8,0.1637,1.0,1.5708,N,,08/2021,Analyst
17-2111.02,1.A.3.a.3,Dynamic Strength,LV,0.25,8,0.1637,0.0,0.5708,N,Y,08/2021,Analyst
17-2111.02,1.A.3.a.4,Trunk Strength,IM,1.5,8,0.189,1.1296,1.8704,N,,08/2021,Analyst
17-2111.02,1.A.3.a.4,Trunk Strength,LV,0.75,8,0.3134,0.1358,1.3642,N,N,08/2021,Analyst
17-2111.02,1.A.3.b.1,Stamina,IM,1.25,8,0.1637,1.0,1.5708,N,,08/2021,Analyst
17-2111.02,1.A.3.b.1,Stamina,LV,0.25,8,0.1637,0.0,0.5708,N,Y,08/2021,Analyst
17-2111.02,1.A.3.c.1,Extent Flexibility,IM,1.25,8,0.1637,1.0,1.5708,N,,08/2021,Analyst
17-2111.02,1.A.3.c.1,Extent Flexibility,LV,0.25,8,0.1637,0.0,0.5708,N,Y,08/2021,Analyst
17-2111.02,1.A.3.c.2,Dynamic Flexibility,IM,1.0,8,0.0,1.0,1.0,N,,08/2021,Analyst
17-2111.02,1.A.3.c.2,Dynamic Flexibility,LV,0.0,8,0.0,0.0,0.0,N,Y,08/2021,Analyst
17-2111.02,1.A.3.c.3,Gross Body Coordination,IM,1.25,8,0.1637,1.0,1.5708,N,,08/2021,Analyst
17-2111.02,1.A.3.c.3,Gross Body Coordination,LV,0.25,8,0.1637,0.0,0.5708,N,Y,08/2021,Analyst
17-2111.02,1.A.3.c.4,Gross Body Equilibrium,IM,1.25,8,0.1637,1.0,1.5708,N,,08/2021,Analyst
17-2111.02,1.A.3.c.4,Gross Body Equilibrium,LV,0.25,8,0.1637,0.0,0.5708,N,Y,08/2021,Analyst
17-2111.02,1.A.4.a.1,Near Vision,IM,3.75,8,0.1637,3.4292,4.0708,N,,08/2021,Analyst
17-2111.02,1.A.4.a.1,Near Vision,LV,4.0,8,0.0,4.0,4.0,N,N,08/2021,Analyst
17-2111.02,1.A.4.a.2,Far Vision,IM,3.12,8,0.125,2.88,3.37,N,,08/2021,Analyst
17-2111.02,1.A.4.a.2,Far Vision,LV,3.62,8,0.183,3.2664,3.9836,N,N,08/2021,Analyst
17-2111.02,1.A.4.a.3,Visual Color Discrimination,IM,3.0,8,0.189,2.6296,3.3704,N,,08/2021,Analyst
17-2111.02,1.A.4.a.3,Visual Color Discrimination,LV,3.0,8,0.0,3.0,3.0,N,N,08/2021,Analyst
17-2111.02,1.A.4.a.4,Night Vision,IM,1.0,8,0.0,1.0,1.0,N,,08/2021,Analyst
17-2111.02,1.A.4.a.4,Night Vision,LV,0.0,8,0.0,0.0,0.0,N,Y,08/2021,Analyst
17-2111.02,1.A.4.a.5,Peripheral Vision,IM,1.0,8,0.0,1.0,1.0,N,,08/2021,Analyst
17-2111.02,1.A.4.a.5,Peripheral Vision,LV,0.0,8,0.0,0.0,0.0,N,Y,08/2021,Analyst
17-2111.02,1.A.4.a.6,Depth Perception,IM,2.25,8,0.1637,1.9292,2.5708,N,,08/2021,Analyst
17-2111.02,1.A.4.a.6,Depth Perception,LV,2.0,8,0.0,2.0,2.0,N,N,08/2021,Analyst
17-2111.02,1.A.4.a.7,Glare Sensitivity,IM,1.0,8,0.0,1.0,1.0,N,,08/2021,Analyst
17-2111.02,1.A.4.a.7,Glare Sensitivity,LV,0.0,8,0.0,0.0,0.0,N,Y,08/2021,Analyst
17-2111.02,1.A.4.b.1,Hearing Sensitivity,IM,2.5,8,0.189,2.1296,2.8704,N,,08/2021,Analyst
17-2111.02,1.A.4.b.1,Hearing Sensitivity,LV,2.12,8,0.125,1.88,2.37,N,N,08/2021,Analyst
17-2111.02,1.A.4.b.2,Auditory Attention,IM,2.5,8,0.189,2.1296,2.8704,N,,08/2021,Analyst
17-2111.02,1.A.4.b.2,Auditory Attention,LV,2.62,8,0.183,2.2664,2.9836,N,N,08/2021,Analyst
17-2111.02,1.A.4.b.3,Sound Localization,IM,1.0,8,0.0,1.0,1.0,N,,08/2021,Analyst
17-2111.02,1.A.4.b.3,Sound Localization,LV,0.0,8,0.0,0.0,0.0,N,Y,08/2021,Analyst
17-2111.02,1.A.4.b.4,Speech Recognition,IM,3.75,8,0.1637,3.4292,4.0708,N,,08/2021,Analyst
17-2111.02,1.A.4.b.4,Speech Recognition,LV,4.0,8,0.0,4.0,4.0,N,N,08/2021,Analyst
17-2111.02,1.A.4.b.5,Speech Clarity,IM,3.75,8,0.1637,3.4292,4.0708,N,,08/2021,Analyst
17-2111.02,1.A.4.b.5,Speech Clarity,LV,3.88,8,0.125,3.63,4.12,N,N,08/2021,Analyst
17-2112.00,1.A.1.a.1,Oral Comprehension,IM,4.0,8,0.0,4.0,4.0,N,,08/2020,Analyst
17-2112.00,1.A.1.a.1,Oral Comprehension,LV,4.25,8,0.1637,3.9292,4.5708,N,N,08/2020,Analyst
17-2112.00,1.A.1.a.2,Written Comprehension,IM,4.0,8,0.0,4.0,4.0,N,,08/2020,Analyst
17-2112.00,1.A.1.a.2,Written Comprehension,LV,4.38,8,0.183,4.0164,4.7336,N,N,08/2020,Analyst
17-2112.00,1.A.1.a.3,Oral Expression,IM,4.0,8,0.0,4.0,4.0,N,,08/2020,Analyst
17-2112.00,1.A.1.a.3,Oral Expression,LV,4.38,8,0.183,4.0164,4.7336,N,N,08/2020,Analyst
17-2112.00,1.A.1.a.4,Written Expression,IM,4.0,8,0.0,4.0,4.0,N,,08/2020,Analyst
17-2112.00,1.A.1.a.4,Written Expression,LV,4.25,8,0.1637,3.9292,4.5708,N,N,08/2020,Analyst
17-2112.00,1.A.1.b.1,Fluency of Ideas,IM,3.25,8,0.1637,2.9292,3.5708,N,,08/2020,Analyst
17-2112.00,1.A.1.b.1,Fluency of Ideas,LV,3.62,8,0.2631,3.1094,4.1406,N,N,08/2020,Analyst
17-2112.00,1.A.1.b.2,Originality,IM,3.25,8,0.1637,2.9292,3.5708,N,,08/2020,Analyst
17-2112.00,1.A.1.b.2,Originality,LV,3.5,8,0.2673,2.9762,4.0238,N,N,08/2020,Analyst
17-2112.00,1.A.1.b.3,Problem Sensitivity,IM,3.88,8,0.125,3.63,4.12,N,,08/2020,Analyst
17-2112.00,1.A.1.b.3,Problem Sensitivity,LV,4.0,8,0.0,4.0,4.0,N,N,08/2020,Analyst
17-2112.00,1.A.1.b.4,Deductive Reasoning,IM,4.0,8,0.0,4.0,4.0,N,,08/2020,Analyst
17-2112.00,1.A.1.b.4,Deductive Reasoning,LV,4.12,8,0.125,3.88,4.37,N,N,08/2020,Analyst
17-2112.00,1.A.1.b.5,Inductive Reasoning,IM,4.0,8,0.0,4.0,4.0,N,,08/2020,Analyst
17-2112.00,1.A.1.b.5,Inductive Reasoning,LV,4.25,8,0.1637,3.9292,4.5708,N,N,08/2020,Analyst
17-2112.00,1.A.1.b.6,Information Ordering,IM,3.62,8,0.183,3.2664,3.9836,N,,08/2020,Analyst
17-2112.00,1.A.1.b.6,Information Ordering,LV,4.0,8,0.189,3.6296,4.3704,N,N,08/2020,Analyst
17-2112.00,1.A.1.b.7,Category Flexibility,IM,3.38,8,0.183,3.0164,3.7336,N,,08/2020,Analyst
17-2112.00,1.A.1.b.7,Category Flexibility,LV,3.88,8,0.2266,3.4309,4.3191,N,N,08/2020,Analyst
17-2112.00,1.A.1.c.1,Mathematical Reasoning,IM,3.12,8,0.125,2.88,3.37,N,,08/2020,Analyst
17-2112.00,1.A.1.c.1,Mathematical Reasoning,LV,3.5,8,0.2673,2.9762,4.0238,N,N,08/2020,Analyst
17-2112.00,1.A.1.c.2,Number Facility,IM,3.12,8,0.125,2.88,3.37,N,,08/2020,Analyst
17-2112.00,1.A.1.c.2,Number Facility,LV,3.38,8,0.2631,2.8594,3.8906,N,N,08/2020,Analyst
17-2112.00,1.A.1.d.1,Memorization,IM,2.12,8,0.125,1.88,2.37,N,,08/2020,Analyst
17-2112.00,1.A.1.d.1,Memorization,LV,2.25,8,0.1637,1.9292,2.5708,N,N,08/2020,Analyst
17-2112.00,1.A.1.e.1,Speed of Closure,IM,2.12,8,0.125,1.88,2.37,N,,08/2020,Analyst
17-2112.00,1.A.1.e.1,Speed of Closure,LV,2.12,8,0.125,1.88,2.37,N,N,08/2020,Analyst
17-2112.00,1.A.1.e.2,Flexibility of Closure,IM,3.0,8,0.0,3.0,3.0,N,,08/2020,Analyst
17-2112.00,1.A.1.e.2,Flexibility of Closure,LV,3.12,8,0.125,2.88,3.37,N,N,08/2020,Analyst
17-2112.00,1.A.1.e.3,Perceptual Speed,IM,2.75,8,0.1637,2.4292,3.0708,N,,08/2020,Analyst
17-2112.00,1.A.1.e.3,Perceptual Speed,LV,2.75,8,0.1637,2.4292,3.0708,N,N,08/2020,Analyst
17-2112.00,1.A.1.f.1,Spatial Orientation,IM,1.38,8,0.183,1.0164,1.7336,N,,08/2020,Analyst
17-2112.00,1.A.1.f.1,Spatial Orientation,LV,0.5,8,0.2673,0.0,1.0238,N,N,08/2020,Analyst
17-2112.00,1.A.1.f.2,Visualization,IM,3.12,8,0.125,2.88,3.37,N,,08/2020,Analyst
17-2112.00,1.A.1.f.2,Visualization,LV,3.88,8,0.2266,3.4309,4.3191,N,N,08/2020,Analyst
17-2112.00,1.A.1.g.1,Selective Attention,IM,3.38,8,0.183,3.0164,3.7336,N,,08/2020,Analyst
17-2112.00,1.A.1.g.1,Selective Attention,LV,3.0,8,0.0,3.0,3.0,N,N,08/2020,Analyst
17-2112.00,1.A.1.g.2,Time Sharing,IM,2.75,8,0.1637,2.4292,3.0708,N,,08/2020,Analyst
17-2112.00,1.A.1.g.2,Time Sharing,LV,2.75,8,0.1637,2.4292,3.0708,N,N,08/2020,Analyst
17-2112.00,1.A.2.a.1,Arm-Hand Steadiness,IM,2.12,8,0.125,1.88,2.37,N,,08/2020,Analyst
17-2112.00,1.A.2.a.1,Arm-Hand Steadiness,LV,2.0,8,0.0,2.0,2.0,N,N,08/2020,Analyst
17-2112.00,1.A.2.a.2,Manual Dexterity,IM,1.12,8,0.125,1.0,1.37,N,,08/2020,Analyst
17-2112.00,1.A.2.a.2,Manual Dexterity,LV,0.12,8,0.125,0.0,0.37,N,Y,08/2020,Analyst
17-2112.00,1.A.2.a.3,Finger Dexterity,IM,1.88,8,0.2266,1.4309,2.3191,N,,08/2020,Analyst
17-2112.00,1.A.2.a.3,Finger Dexterity,LV,1.5,8,0.3273,0.8584,2.1416,N,N,08/2020,Analyst
17-2112.00,1.A.2.b.1,Control Precision,IM,2.0,8,0.0,2.0,2.0,N,,08/2020,Analyst
17-2112.00,1.A.2.b.1,Control Precision,LV,2.0,8,0.0,2.0,2.0,N,N,08/2020,Analyst
17-2112.00,1.A.2.b.2,Multilimb Coordination,IM,2.0,8,0.0,2.0,2.0,N,,08/2020,Analyst
17-2112.00,1.A.2.b.2,Multilimb Coordination,LV,1.75,8,0.1637,1.4292,2.0708,N,N,08/2020,Analyst
17-2112.00,1.A.2.b.3,Response Orientation,IM,1.62,8,0.183,1.2664,1.9836,N,,08/2020,Analyst
17-2112.00,1.A.2.b.3,Response Orientation,LV,1.0,8,0.3273,0.3584,1.6416,N,N,08/2020,Analyst
17-2112.00,1.A.2.b.4,Rate Control,IM,1.88,8,0.125,1.63,2.12,N,,08/2020,Analyst
17-2112.00,1.A.2.b.4,Rate Control,LV,1.5,8,0.2673,0.9762,2.0238,N,N,08/2020,Analyst
17-2112.00,1.A.2.c.1,Reaction Time,IM,2.0,8,0.0,2.0,2.0,N,,08/2020,Analyst
17-2112.00,1.A.2.c.1,Reaction Time,LV,1.88,8,0.125,1.63,2.12,N,N,08/2020,Analyst
17-2112.00,1.A.2.c.2,Wrist-Finger Speed,IM,1.75,8,0.1637,1.4292,2.0708,N,,08/2020,Analyst
17-2112.00,1.A.2.c.2,Wrist-Finger Speed,LV,1.0,8,0.2673,0.4762,1.5238,N,N,08/2020,Analyst
17-2112.00,1.A.2.c.3,Speed of Limb Movement,IM,1.0,8,0.0,1.0,1.0,N,,08/2020,Analyst
17-2112.00,1.A.2.c.3,Speed of Limb Movement,LV,0.0,8,0.0,0.0,0.0,N,Y,08/2020,Analyst
17-2112.00,1.A.3.a.1,Static Strength,IM,1.38,8,0.183,1.0164,1.7336,N,,08/2020,Analyst
17-2112.00,1.A.3.a.1,Static Strength,LV,0.5,8,0.2673,0.0,1.0238,N,N,08/2020,Analyst
17-2112.00,1.A.3.a.2,Explosive Strength,IM,1.12,8,0.125,1.0,1.37,N,,08/2020,Analyst
17-2112.00,1.A.3.a.2,Explosive Strength,LV,0.12,8,0.125,0.0,0.37,N,Y,08/2020,Analyst
17-2112.00,1.A.3.a.3,Dynamic Strength,IM,1.12,8,0.125,1.0,1.37,N,,08/2020,Analyst
17-2112.00,1.A.3.a.3,Dynamic Strength,LV,0.12,8,0.125,0.0,0.37,N,Y,08/2020,Analyst
17-2112.00,1.A.3.a.4,Trunk Strength,IM,1.75,8,0.1637,1.4292,2.0708,N,,08/2020,Analyst
17-2112.00,1.A.3.a.4,Trunk Strength,LV,1.38,8,0.3239,0.7402,2.0098,N,N,08/2020,Analyst
17-2112.00,1.A.3.b.1,Stamina,IM,1.38,8,0.183,1.0164,1.7336,N,,08/2020,Analyst
17-2112.00,1.A.3.b.1,Stamina,LV,0.38,8,0.183,0.0164,0.7336,N,N,08/2020,Analyst
17-2112.00,1.A.3.c.1,Extent Flexibility,IM,1.25,8,0.1637,1.0,1.5708,N,,08/2020,Analyst
17-2112.00,1.A.3.c.1,Extent Flexibility,LV,0.25,8,0.1637,0.0,0.5708,N,Y,08/2020,Analyst
17-2112.00,1.A.3.c.2,Dynamic Flexibility,IM,1.0,8,0.0,1.0,1.0,N,,08/2020,Analyst
17-2112.00,1.A.3.c.2,Dynamic Flexibility,LV,0.0,8,0.0,0.0,0.0,N,Y,08/2020,Analyst
17-2112.00,1.A.3.c.3,Gross Body Coordination,IM,1.25,8,0.1637,1.0,1.5708,N,,08/2020,Analyst
17-2112.00,1.A.3.c.3,Gross Body Coordination,LV,0.25,8,0.1637,0.0,0.5708,N,Y,08/2020,Analyst
17-2112.00,1.A.3.c.4,Gross Body Equilibrium,IM,1.12,8,0.125,1.0,1.37,N,,08/2020,Analyst
17-2112.00,1.A.3.c.4,Gross Body Equilibrium,LV,0.12,8,0.125,0.0,0.37,N,Y,08/2020,Analyst
17-2112.00,1.A.4.a.1,Near Vision,IM,3.62,8,0.183,3.2664,3.9836,N,,08/2020,Analyst
17-2112.00,1.A.4.a.1,Near Vision,LV,3.88,8,0.125,3.63,4.12,N,N,08/2020,Analyst
17-2112.00,1.A.4.a.2,Far Vision,IM,3.0,8,0.0,3.0,3.0,N,,08/2020,Analyst
17-2112.00,1.A.4.a.2,Far Vision,LV,3.0,8,0.0,3.0,3.0,N,N,08/2020,Analyst
17-2112.00,1.A.4.a.3,Visual Color Discrimination,IM,2.75,8,0.1637,2.4292,3.0708,N,,08/2020,Analyst
17-2112.00,1.A.4.a.3,Visual Color Discrimination,LV,2.75,8,0.1637,2.4292,3.0708,N,N,08/2020,Analyst
17-2112.00,1.A.4.a.4,Night Vision,IM,1.12,8,0.125,1.0,1.37,N,,08/2020,Analyst
17-2112.00,1.A.4.a.4,Night Vision,LV,0.12,8,0.125,0.0,0.37,N,Y,08/2020,Analyst
17-2112.00,1.A.4.a.5,Peripheral Vision,IM,1.0,8,0.0,1.0,1.0,N,,08/2020,Analyst
17-2112.00,1.A.4.a.5,Peripheral Vision,LV,0.0,8,0.0,0.0,0.0,N,Y,08/2020,Analyst
17-2112.00,1.A.4.a.6,Depth Perception,IM,2.0,8,0.0,2.0,2.0,N,,08/2020,Analyst
17-2112.00,1.A.4.a.6,Depth Perception,LV,2.0,8,0.0,2.0,2.0,N,N,08/2020,Analyst
17-2112.00,1.A.4.a.7,Glare Sensitivity,IM,1.0,8,0.0,1.0,1.0,N,,08/2020,Analyst
17-2112.00,1.A.4.a.7,Glare Sensitivity,LV,0.0,8,0.0,0.0,0.0,N,Y,08/2020,Analyst
17-2112.00,1.A.4.b.1,Hearing Sensitivity,IM,2.5,8,0.189,2.1296,2.8704,N,,08/2020,Analyst
17-2112.00,1.A.4.b.1,Hearing Sensitivity,LV,2.5,8,0.189,2.1296,2.8704,N,N,08/2020,Analyst
17-2112.00,1.A.4.b.2,Auditory Attention,IM,2.62,8,0.183,2.2664,2.9836,N,,08/2020,Analyst
17-2112.00,1.A.4.b.2,Auditory Attention,LV,2.75,8,0.1637,2.4292,3.0708,N,N,08/2020,Analyst
17-2112.00,1.A.4.b.3,Sound Localization,IM,1.0,8,0.0,1.0,1.0,N,,08/2020,Analyst
17-2112.00,1.A.4.b.3,Sound Localization,LV,0.0,8,0.0,0.0,0.0,N,Y,08/2020,Analyst
17-2112.00,1.A.4.b.4,Speech Recognition,IM,3.25,8,0.1637,2.9292,3.5708,N,,08/2020,Analyst
17-2112.00,1.A.4.b.4,Speech Recognition,LV,3.25,8,0.1637,2.9292,3.5708,N,N,08/2020,Analyst
17-2112.00,1.A.4.b.5,Speech Clarity,IM,3.25,8,0.1637,2.9292,3.5708,N,,08/2020,Analyst
17-2112.00,1.A.4.b.5,Speech Clarity,LV,3.25,8,0.1637,2.9292,3.5708,N,N,08/2020,Analyst
17-2112.01,1.A.1.a.1,Oral Comprehension,IM,4.0,8,0.0,4.0,4.0,N,,08/2024,Analyst
17-2112.01,1.A.1.a.1,Oral Comprehension,LV,4.88,8,0.125,4.63,5.12,N,N,08/2024,Analyst
17-2112.01,1.A.1.a.2,Written Comprehension,IM,4.0,8,0.0,4.0,4.0,N,,08/2024,Analyst
17-2112.01,1.A.1.a.2,Written Comprehension,LV,4.88,8,0.125,4.63,5.12,N,N,08/2024,Analyst
17-2112.01,1.A.1.a.3,Oral Expression,IM,4.0,8,0.0,4.0,4.0,N,,08/2024,Analyst
17-2112.01,1.A.1.a.3,Oral Expression,LV,5.0,8,0.0,5.0,5.0,N,N,08/2024,Analyst
17-2112.01,1.A.1.a.4,Written Expression,IM,4.0,8,0.0,4.0,4.0,N,,08/2024,Analyst
17-2112.01,1.A.1.a.4,Written Expression,LV,4.62,8,0.183,4.2664,4.9836,N,N,08/2024,Analyst
17-2112.01,1.A.1.b.1,Fluency of Ideas,IM,3.88,8,0.125,3.63,4.12,N,,08/2024,Analyst
17-2112.01,1.A.1.b.1,Fluency of Ideas,LV,4.25,8,0.1637,3.9292,4.5708,N,N,08/2024,Analyst
17-2112.01,1.A.1.b.2,Originality,IM,3.62,8,0.183,3.2664,3.9836,N,,08/2024,Analyst
17-2112.01,1.A.1.b.2,Originality,LV,3.88,8,0.125,3.63,4.12,N,N,08/2024,Analyst
17-2112.01,1.A.1.b.3,Problem Sensitivity,IM,3.88,8,0.125,3.63,4.12,N,,08/2024,Analyst
17-2112.01,1.A.1.b.3,Problem Sensitivity,LV,4.12,8,0.125,3.88,4.37,N,N,08/2024,Analyst
17-2112.01,1.A.1.b.4,Deductive Reasoning,IM,4.0,8,0.0,4.0,4.0,N,,08/2024,Analyst
17-2112.01,1.A.1.b.4,Deductive Reasoning,LV,4.75,8,0.1637,4.4292,5.0708,N,N,08/2024,Analyst
17-2112.01,1.A.1.b.5,Inductive Reasoning,IM,4.0,8,0.0,4.0,4.0,N,,08/2024,Analyst
17-2112.01,1.A.1.b.5,Inductive Reasoning,LV,4.5,8,0.189,4.1296,4.8704,N,N,08/2024,Analyst
17-2112.01,1.A.1.b.6,Information Ordering,IM,3.88,8,0.125,3.63,4.12,N,,08/2024,Analyst
17-2112.01,1.A.1.b.6,Information Ordering,LV,4.25,8,0.1637,3.9292,4.5708,N,N,08/2024,Analyst
17-2112.01,1.A.1.b.7,Category Flexibility,IM,3.75,8,0.1637,3.4292,4.0708,N,,08/2024,Analyst
17-2112.01,1.A.1.b.7,Category Flexibility,LV,4.0,8,0.0,4.0,4.0,N,N,08/2024,Analyst
17-2112.01,1.A.1.c.1,Mathematical Reasoning,IM,3.5,8,0.189,3.1296,3.8704,N,,08/2024,Analyst
17-2112.01,1.A.1.c.1,Mathematical Reasoning,LV,3.88,8,0.125,3.63,4.12,N,N,08/2024,Analyst
17-2112.01,1.A.1.c.2,Number Facility,IM,3.25,8,0.1637,2.9292,3.5708,N,,08/2024,Analyst
17-2112.01,1.A.1.c.2,Number Facility,LV,3.75,8,0.1637,3.4292,4.0708,N,N,08/2024,Analyst
17-2112.01,1.A.1.d.1,Memorization,IM,2.75,8,0.1637,2.4292,3.0708,N,,08/2024,Analyst
17-2112.01,1.A.1.d.1,Memorization,LV,3.0,8,0.189,2.6296,3.3704,N,N,08/2024,Analyst
17-2112.01,1.A.1.e.1,Speed of Closure,IM,3.0,8,0.0,3.0,3.0,N,,08/2024,Analyst
17-2112.01,1.A.1.e.1,Speed of Closure,LV,3.0,8,0.0,3.0,3.0,N,N,08/2024,Analyst
17-2112.01,1.A.1.e.2,Flexibility of Closure,IM,3.0,8,0.0,3.0,3.0,N,,08/2024,Analyst
17-2112.01,1.A.1.e.2,Flexibility of Closure,LV,3.0,8,0.0,3.0,3.0,N,N,08/2024,Analyst
17-2112.01,1.A.1.e.3,Perceptual Speed,IM,3.0,8,0.0,3.0,3.0,N,,08/2024,Analyst
17-2112.01,1.A.1.e.3,Perceptual Speed,LV,3.0,8,0.0,3.0,3.0,N,N,08/2024,Analyst
17-2112.01,1.A.1.f.1,Spatial Orientation,IM,1.75,8,0.25,1.26,2.24,N,,08/2024,Analyst
17-2112.01,1.A.1.f.1,Spatial Orientation,LV,0.88,8,0.295,0.2967,1.4533,N,N,08/2024,Analyst
17-2112.01,1.A.1.f.2,Visualization,IM,3.25,8,0.1637,2.9292,3.5708,N,,08/2024,Analyst
17-2112.01,1.A.1.f.2,Visualization,LV,3.88,8,0.125,3.63,4.12,N,N,08/2024,Analyst
17-2112.01,1.A.1.g.1,Selective Attention,IM,2.88,8,0.125,2.63,3.12,N,,08/2024,Analyst
17-2112.01,1.A.1.g.1,Selective Attention,LV,2.88,8,0.125,2.63,3.12,N,N,08/2024,Analyst
17-2112.01,1.A.1.g.2,Time Sharing,IM,2.25,8,0.1637,1.9292,2.5708,N,,08/2024,Analyst
17-2112.01,1.A.1.g.2,Time Sharing,LV,2.12,8,0.125,1.88,2.37,N,N,08/2024,Analyst
17-2112.01,1.A.2.a.1,Arm-Hand Steadiness,IM,1.38,8,0.183,1.0164,1.7336,N,,08/2024,Analyst
17-2112.01,1.A.2.a.1,Arm-Hand Steadiness,LV,0.38,8,0.183,0.0164,0.7336,N,N,08/2024,Analyst
17-2112.01,1.A.2.a.2,Manual Dexterity,IM,1.0,8,0.0,1.0,1.0,N,,08/2024,Analyst
17-2112.01,1.A.2.a.2,Manual Dexterity,LV,0.0,8,0.0,0.0,0.0,N,Y,08/2024,Analyst
17-2112.01,1.A.2.a.3,Finger Dexterity,IM,1.25,8,0.1637,1.0,1.5708,N,,08/2024,Analyst
17-2112.01,1.A.2.a.3,Finger Dexterity,LV,0.25,8,0.1637,0.0,0.5708,N,Y,08/2024,Analyst
17-2112.01,1.A.2.b.1,Control Precision,IM,1.0,8,0.0,1.0,1.0,N,,08/2024,Analyst
17-2112.01,1.A.2.b.1,Control Precision,LV,0.0,8,0.0,0.0,0.0,N,Y,08/2024,Analyst
17-2112.01,1.A.2.b.2,Multilimb Coordination,IM,1.25,8,0.1637,1.0,1.5708,N,,08/2024,Analyst
17-2112.01,1.A.2.b.2,Multilimb Coordination,LV,0.25,8,0.1637,0.0,0.5708,N,Y,08/2024,Analyst
17-2112.01,1.A.2.b.3,Response Orientation,IM,1.0,8,0.0,1.0,1.0,N,,08/2024,Analyst
17-2112.01,1.A.2.b.3,Response Orientation,LV,0.0,8,0.0,0.0,0.0,N,Y,08/2024,Analyst
17-2112.01,1.A.2.b.4,Rate Control,IM,1.0,8,0.0,1.0,1.0,N,,08/2024,Analyst
17-2112.01,1.A.2.b.4,Rate Control,LV,0.0,8,0.0,0.0,0.0,N,Y,08/2024,Analyst
17-2112.01,1.A.2.c.1,Reaction Time,IM,1.0,8,0.0,1.0,1.0,N,,08/2024,Analyst
17-2112.01,1.A.2.c.1,Reaction Time,LV,0.0,8,0.0,0.0,0.0,N,Y,08/2024,Analyst
17-2112.01,1.A.2.c.2,Wrist-Finger Speed,IM,1.62,8,0.183,1.2664,1.9836,N,,08/2024,Analyst
17-2112.01,1.A.2.c.2,Wrist-Finger Speed,LV,0.62,8,0.183,0.2664,0.9836,N,N,08/2024,Analyst
17-2112.01,1.A.2.c.3,Speed of Limb Movement,IM,1.0,8,0.0,1.0,1.0,N,,08/2024,Analyst
17-2112.01,1.A.2.c.3,Speed of Limb Movement,LV,0.0,8,0.0,0.0,0.0,N,Y,08/2024,Analyst
17-2112.01,1.A.3.a.1,Static Strength,IM,1.38,8,0.183,1.0164,1.7336,N,,08/2024,Analyst
17-2112.01,1.A.3.a.1,Static Strength,LV,0.38,8,0.183,0.0164,0.7336,N,N,08/2024,Analyst
17-2112.01,1.A.3.a.2,Explosive Strength,IM,1.38,8,0.183,1.0164,1.7336,N,,08/2024,Analyst
17-2112.01,1.A.3.a.2,Explosive Strength,LV,0.38,8,0.183,0.0164,0.7336,N,N,08/2024,Analyst
17-2112.01,1.A.3.a.3,Dynamic Strength,IM,1.38,8,0.183,1.0164,1.7336,N,,08/2024,Analyst
17-2112.01,1.A.3.a.3,Dynamic Strength,LV,0.38,8,0.183,0.0164,0.7336,N,N,08/2024,Analyst
17-2112.01,1.A.3.a.4,Trunk Strength,IM,1.75,8,0.1637,1.4292,2.0708,N,,08/2024,Analyst
17-2112.01,1.A.3.a.4,Trunk Strength,LV,1.25,8,0.3134,0.6358,1.8642,N,N,08/2024,Analyst
17-2112.01,1.A.3.b.1,Stamina,IM,1.38,8,0.183,1.0164,1.7336,N,,08/2024,Analyst
17-2112.01,1.A.3.b.1,Stamina,LV,0.38,8,0.183,0.0164,0.7336,N,N,08/2024,Analyst
17-2112.01,1.A.3.c.1,Extent Flexibility,IM,1.38,8,0.183,1.0164,1.7336,N,,08/2024,Analyst
17-2112.01,1.A.3.c.1,Extent Flexibility,LV,0.38,8,0.183,0.0164,0.7336,N,N,08/2024,Analyst
17-2112.01,1.A.3.c.2,Dynamic Flexibility,IM,1.12,8,0.125,1.0,1.37,N,,08/2024,Analyst
17-2112.01,1.A.3.c.2,Dynamic Flexibility,LV,0.12,8,0.125,0.0,0.37,N,Y,08/2024,Analyst
17-2112.01,1.A.3.c.3,Gross Body Coordination,IM,1.25,8,0.1637,1.0,1.5708,N,,08/2024,Analyst
17-2112.01,1.A.3.c.3,Gross Body Coordination,LV,0.25,8,0.1637,0.0,0.5708,N,Y,08/2024,Analyst
17-2112.01,1.A.3.c.4,Gross Body Equilibrium,IM,1.25,8,0.1637,1.0,1.5708,N,,08/2024,Analyst
17-2112.01,1.A.3.c.4,Gross Body Equilibrium,LV,0.25,8,0.1637,0.0,0.5708,N,Y,08/2024,Analyst
17-2112.01,1.A.4.a.1,Near Vision,IM,3.5,8,0.189,3.1296,3.8704,N,,08/2024,Analyst
17-2112.01,1.A.4.a.1,Near Vision,LV,3.75,8,0.1637,3.4292,4.0708,N,N,08/2024,Analyst
17-2112.01,1.A.4.a.2,Far Vision,IM,3.12,8,0.2266,2.6809,3.5691,N,,08/2024,Analyst
17-2112.01,1.A.4.a.2,Far Vision,LV,3.12,8,0.125,2.88,3.37,N,N,08/2024,Analyst
17-2112.01,1.A.4.a.3,Visual Color Discrimination,IM,2.25,8,0.1637,1.9292,2.5708,N,,08/2024,Analyst
17-2112.01,1.A.4.a.3,Visual Color Discrimination,LV,2.25,8,0.1637,1.9292,2.5708,N,N,08/2024,Analyst
17-2112.01,1.A.4.a.4,Night Vision,IM,1.12,8,0.125,1.0,1.37,N,,08/2024,Analyst
17-2112.01,1.A.4.a.4,Night Vision,LV,0.12,8,0.125,0.0,0.37,N,Y,08/2024,Analyst
17-2112.01,1.A.4.a.5,Peripheral Vision,IM,1.12,8,0.125,1.0,1.37,N,,08/2024,Analyst
17-2112.01,1.A.4.a.5,Peripheral Vision,LV,0.12,8,0.125,0.0,0.37,N,Y,08/2024,Analyst
17-2112.01,1.A.4.a.6,Depth Perception,IM,1.88,8,0.125,1.63,2.12,N,,08/2024,Analyst
17-2112.01,1.A.4.a.6,Depth Perception,LV,1.62,8,0.2631,1.1094,2.1406,N,N,08/2024,Analyst
17-2112.01,1.A.4.a.7,Glare Sensitivity,IM,1.0,8,0.0,1.0,1.0,N,,08/2024,Analyst
17-2112.01,1.A.4.a.7,Glare Sensitivity,LV,0.0,8,0.0,0.0,0.0,N,Y,08/2024,Analyst
17-2112.01,1.A.4.b.1,Hearing Sensitivity,IM,1.75,8,0.25,1.26,2.24,N,,08/2024,Analyst
17-2112.01,1.A.4.b.1,Hearing Sensitivity,LV,1.12,8,0.3504,0.4383,1.8117,N,N,08/2024,Analyst
17-2112.01,1.A.4.b.2,Auditory Attention,IM,2.12,8,0.2266,1.6809,2.5691,N,,08/2024,Analyst
17-2112.01,1.A.4.b.2,Auditory Attention,LV,1.75,8,0.25,1.26,2.24,N,N,08/2024,Analyst
17-2112.01,1.A.4.b.3,Sound Localization,IM,1.0,8,0.0,1.0,1.0,N,,08/2024,Analyst
17-2112.01,1.A.4.b.3,Sound Localization,LV,0.0,8,0.0,0.0,0.0,N,Y,08/2024,Analyst
17-2112.01,1.A.4.b.4,Speech Recognition,IM,3.38,8,0.183,3.0164,3.7336,N,,08/2024,Analyst
17-2112.01,1.A.4.b.4,Speech Recognition,LV,3.62,8,0.183,3.2664,3.9836,N,N,08/2024,Analyst
17-2112.01,1.A.4.b.5,Speech Clarity,IM,3.62,8,0.183,3.2664,3.9836,N,,08/2024,Analyst
17-2112.01,1.A.4.b.5,Speech Clarity,LV,3.62,8,0.183,3.2664,3.9836,N,N,08/2024,Analyst
17-2112.02,1.A.1.a.1,Oral Comprehension,IM,4.0,8,0.0,4.0,4.0,N,,08/2018,Analyst
17-2112.02,1.A.1.a.1,Oral Comprehension,LV,4.38,8,0.183,4.0164,4.7336,N,N,08/2018,Analyst
17-2112.02,1.A.1.a.2,Written Comprehension,IM,4.12,8,0.125,3.88,4.37,N,,08/2018,Analyst
17-2112.02,1.A.1.a.2,Written Comprehension,LV,4.38,8,0.183,4.0164,4.7336,N,N,08/2018,Analyst
17-2112.02,1.A.1.a.3,Oral Expression,IM,4.0,8,0.0,4.0,4.0,N,,08/2018,Analyst
17-2112.02,1.A.1.a.3,Oral Expression,LV,4.12,8,0.125,3.88,4.37,N,N,08/2018,Analyst
17-2112.02,1.A.1.a.4,Written Expression,IM,4.12,8,0.125,3.88,4.37,N,,08/2018,Analyst
17-2112.02,1.A.1.a.4,Written Expression,LV,4.12,8,0.125,3.88,4.37,N,N,08/2018,Analyst
17-2112.02,1.A.1.b.1,Fluency of Ideas,IM,3.12,8,0.125,2.88,3.37,N,,08/2018,Analyst
17-2112.02,1.A.1.b.1,Fluency of Ideas,LV,3.12,8,0.125,2.88,3.37,N,N,08/2018,Analyst
17-2112.02,1.A.1.b.2,Originality,IM,3.0,8,0.0,3.0,3.0,N,,08/2018,Analyst
17-2112.02,1.A.1.b.2,Originality,LV,3.12,8,0.125,2.88,3.37,N,N,08/2018,Analyst
17-2112.02,1.A.1.b.3,Problem Sensitivity,IM,4.0,8,0.0,4.0,4.0,N,,08/2018,Analyst
17-2112.02,1.A.1.b.3,Problem Sensitivity,LV,4.12,8,0.125,3.88,4.37,N,N,08/2018,Analyst
17-2112.02,1.A.1.b.4,Deductive Reasoning,IM,4.12,8,0.125,3.88,4.37,N,,08/2018,Analyst
17-2112.02,1.A.1.b.4,Deductive Reasoning,LV,4.38,8,0.183,4.0164,4.7336,N,N,08/2018,Analyst
17-2112.02,1.A.1.b.5,Inductive Reasoning,IM,4.0,8,0.0,4.0,4.0,N,,08/2018,Analyst
17-2112.02,1.A.1.b.5,Inductive Reasoning,LV,4.12,8,0.125,3.88,4.37,N,N,08/2018,Analyst
17-2112.02,1.A.1.b.6,Information Ordering,IM,3.75,8,0.1637,3.4292,4.0708,N,,08/2018,Analyst
17-2112.02,1.A.1.b.6,Information Ordering,LV,4.0,8,0.0,4.0,4.0,N,N,08/2018,Analyst
17-2112.02,1.A.1.b.7,Category Flexibility,IM,3.75,8,0.1637,3.4292,4.0708,N,,08/2018,Analyst
17-2112.02,1.A.1.b.7,Category Flexibility,LV,3.88,8,0.2266,3.4309,4.3191,N,N,08/2018,Analyst
17-2112.02,1.A.1.c.1,Mathematical Reasoning,IM,3.25,8,0.1637,2.9292,3.5708,N,,08/2018,Analyst
17-2112.02,1.A.1.c.1,Mathematical Reasoning,LV,3.88,8,0.2266,3.4309,4.3191,N,N,08/2018,Analyst
17-2112.02,1.A.1.c.2,Number Facility,IM,3.12,8,0.125,2.88,3.37,N,,08/2018,Analyst
17-2112.02,1.A.1.c.2,Number Facility,LV,3.5,8,0.2673,2.9762,4.0238,N,N,08/2018,Analyst
17-2112.02,1.A.1.d.1,Memorization,IM,2.12,8,0.125,1.88,2.37,N,,08/2018,Analyst
17-2112.02,1.A.1.d.1,Memorization,LV,2.12,8,0.125,1.88,2.37,N,N,08/2018,Analyst
17-2112.02,1.A.1.e.1,Speed of Closure,IM,2.25,8,0.1637,1.9292,2.5708,N,,08/2018,Analyst
17-2112.02,1.A.1.e.1,Speed of Closure,LV,2.38,8,0.183,2.0164,2.7336,N,N,08/2018,Analyst
17-2112.02,1.A.1.e.2,Flexibility of Closure,IM,3.0,8,0.189,2.6296,3.3704,N,,08/2018,Analyst
17-2112.02,1.A.1.e.2,Flexibility of Closure,LV,3.0,8,0.189,2.6296,3.3704,N,N,08/2018,Analyst
17-2112.02,1.A.1.e.3,Perceptual Speed,IM,3.0,8,0.0,3.0,3.0,N,,08/2018,Analyst
17-2112.02,1.A.1.e.3,Perceptual Speed,LV,2.88,8,0.125,2.63,3.12,N,N,08/2018,Analyst
17-2112.02,1.A.1.f.1,Spatial Orientation,IM,1.0,8,0.0,1.0,1.0,N,,08/2018,Analyst
17-2112.02,1.A.1.f.1,Spatial Orientation,LV,0.0,8,0.0,0.0,0.0,N,Y,08/2018,Analyst
17-2112.02,1.A.1.f.2,Visualization,IM,2.75,8,0.25,2.26,3.24,N,,08/2018,Analyst
17-2112.02,1.A.1.f.2,Visualization,LV,3.0,8,0.189,2.6296,3.3704,N,N,08/2018,Analyst
17-2112.02,1.A.1.g.1,Selective Attention,IM,3.0,8,0.0,3.0,3.0,N,,08/2018,Analyst
17-2112.02,1.A.1.g.1,Selective Attention,LV,3.0,8,0.0,3.0,3.0,N,N,08/2018,Analyst
17-2112.02,1.A.1.g.2,Time Sharing,IM,2.75,8,0.1637,2.4292,3.0708,N,,08/2018,Analyst
17-2112.02,1.A.1.g.2,Time Sharing,LV,2.88,8,0.125,2.63,3.12,N,N,08/2018,Analyst
17-2112.02,1.A.2.a.1,Arm-Hand Steadiness,IM,2.0,8,0.0,2.0,2.0,N,,08/2018,Analyst
17-2112.02,1.A.2.a.1,Arm-Hand Steadiness,LV,1.88,8,0.125,1.63,2.12,N,N,08/2018,Analyst
17-2112.02,1.A.2.a.2,Manual Dexterity,IM,1.25,8,0.1637,1.0,1.5708,N,,08/2018,Analyst
17-2112.02,1.A.2.a.2,Manual Dexterity,LV,0.25,8,0.1637,0.0,0.5708,N,Y,08/2018,Analyst
17-2112.02,1.A.2.a.3,Finger Dexterity,IM,2.0,8,0.2673,1.4762,2.5238,N,,08/2018,Analyst
17-2112.02,1.A.2.a.3,Finger Dexterity,LV,1.38,8,0.3239,0.7402,2.0098,N,N,08/2018,Analyst
17-2112.02,1.A.2.b.1,Control Precision,IM,2.12,8,0.125,1.88,2.37,N,,08/2018,Analyst
17-2112.02,1.A.2.b.1,Control Precision,LV,1.88,8,0.2266,1.4309,2.3191,N,N,08/2018,Analyst
17-2112.02,1.A.2.b.2,Multilimb Coordination,IM,1.62,8,0.183,1.2664,1.9836,N,,08/2018,Analyst
17-2112.02,1.A.2.b.2,Multilimb Coordination,LV,0.75,8,0.25,0.26,1.24,N,N,08/2018,Analyst
17-2112.02,1.A.2.b.3,Response Orientation,IM,1.75,8,0.1637,1.4292,2.0708,N,,08/2018,Analyst
17-2112.02,1.A.2.b.3,Response Orientation,LV,0.75,8,0.1637,0.4292,1.0708,N,N,08/2018,Analyst
17-2112.02,1.A.2.b.4,Rate Control,IM,1.75,8,0.1637,1.4292,2.0708,N,,08/2018,Analyst
17-2112.02,1.A.2.b.4,Rate Control,LV,0.75,8,0.1637,0.4292,1.0708,N,N,08/2018,Analyst
17-2112.02,1.A.2.c.1,Reaction Time,IM,1.75,8,0.1637,1.4292,2.0708,N,,08/2018,Analyst
17-2112.02,1.A.2.c.1,Reaction Time,LV,0.75,8,0.1637,0.4292,1.0708,N,N,08/2018,Analyst
17-2112.02,1.A.2.c.2,Wrist-Finger Speed,IM,2.0,8,0.0,2.0,2.0,N,,08/2018,Analyst
17-2112.02,1.A.2.c.2,Wrist-Finger Speed,LV,1.38,8,0.183,1.0164,1.7336,N,N,08/2018,Analyst
17-2112.02,1.A.2.c.3,Speed of Limb Movement,IM,1.0,8,0.0,1.0,1.0,N,,08/2018,Analyst
17-2112.02,1.A.2.c.3,Speed of Limb Movement,LV,0.0,8,0.0,0.0,0.0,N,Y,08/2018,Analyst
17-2112.02,1.A.3.a.1,Static Strength,IM,1.0,8,0.0,1.0,1.0,N,,08/2018,Analyst
17-2112.02,1.A.3.a.1,Static Strength,LV,0.0,8,0.0,0.0,0.0,N,Y,08/2018,Analyst
17-2112.02,1.A.3.a.2,Explosive Strength,IM,1.0,8,0.0,1.0,1.0,N,,08/2018,Analyst
17-2112.02,1.A.3.a.2,Explosive Strength,LV,0.0,8,0.0,0.0,0.0,N,Y,08/2018,Analyst
17-2112.02,1.A.3.a.3,Dynamic Strength,IM,1.0,8,0.0,1.0,1.0,N,,08/2018,Analyst
17-2112.02,1.A.3.a.3,Dynamic Strength,LV,0.0,8,0.0,0.0,0.0,N,Y,08/2018,Analyst
17-2112.02,1.A.3.a.4,Trunk Strength,IM,2.12,8,0.125,1.88,2.37,N,,08/2018,Analyst
17-2112.02,1.A.3.a.4,Trunk Strength,LV,1.75,8,0.1637,1.4292,2.0708,N,N,08/2018,Analyst
17-2112.02,1.A.3.b.1,Stamina,IM,1.0,8,0.0,1.0,1.0,N,,08/2018,Analyst
17-2112.02,1.A.3.b.1,Stamina,LV,0.0,8,0.0,0.0,0.0,N,Y,08/2018,Analyst
17-2112.02,1.A.3.c.1,Extent Flexibility,IM,1.0,8,0.0,1.0,1.0,N,,08/2018,Analyst
17-2112.02,1.A.3.c.1,Extent Flexibility,LV,0.0,8,0.0,0.0,0.0,N,Y,08/2018,Analyst
17-2112.02,1.A.3.c.2,Dynamic Flexibility,IM,1.0,8,0.0,1.0,1.0,N,,08/2018,Analyst
17-2112.02,1.A.3.c.2,Dynamic Flexibility,LV,0.0,8,0.0,0.0,0.0,N,Y,08/2018,Analyst
17-2112.02,1.A.3.c.3,Gross Body Coordination,IM,1.0,8,0.0,1.0,1.0,N,,08/2018,Analyst
17-2112.02,1.A.3.c.3,Gross Body Coordination,LV,0.0,8,0.0,0.0,0.0,N,Y,08/2018,Analyst
17-2112.02,1.A.3.c.4,Gross Body Equilibrium,IM,1.0,8,0.0,1.0,1.0,N,,08/2018,Analyst
17-2112.02,1.A.3.c.4,Gross Body Equilibrium,LV,0.0,8,0.0,0.0,0.0,N,Y,08/2018,Analyst
17-2112.02,1.A.4.a.1,Near Vision,IM,3.88,8,0.125,3.63,4.12,N,,08/2018,Analyst
17-2112.02,1.A.4.a.1,Near Vision,LV,3.88,8,0.125,3.63,4.12,N,N,08/2018,Analyst
17-2112.02,1.A.4.a.2,Far Vision,IM,2.88,8,0.125,2.63,3.12,N,,08/2018,Analyst
17-2112.02,1.A.4.a.2,Far Vision,LV,2.88,8,0.125,2.63,3.12,N,N,08/2018,Analyst
17-2112.02,1.A.4.a.3,Visual Color Discrimination,IM,2.5,8,0.2673,1.9762,3.0238,N,,08/2018,Analyst
17-2112.02,1.A.4.a.3,Visual Color Discrimination,LV,2.38,8,0.375,1.64,3.11,N,N,08/2018,Analyst
17-2112.02,1.A.4.a.4,Night Vision,IM,1.0,8,0.0,1.0,1.0,N,,08/2018,Analyst
17-2112.02,1.A.4.a.4,Night Vision,LV,0.0,8,0.0,0.0,0.0,N,Y,08/2018,Analyst
17-2112.02,1.A.4.a.5,Peripheral Vision,IM,1.0,8,0.0,1.0,1.0,N,,08/2018,Analyst
17-2112.02,1.A.4.a.5,Peripheral Vision,LV,0.0,8,0.0,0.0,0.0,N,Y,08/2018,Analyst
17-2112.02,1.A.4.a.6,Depth Perception,IM,1.88,8,0.125,1.63,2.12,N,,08/2018,Analyst
17-2112.02,1.A.4.a.6,Depth Perception,LV,1.75,8,0.25,1.26,2.24,N,N,08/2018,Analyst
17-2112.02,1.A.4.a.7,Glare Sensitivity,IM,1.0,8,0.0,1.0,1.0,N,,08/2018,Analyst
17-2112.02,1.A.4.a.7,Glare Sensitivity,LV,0.0,8,0.0,0.0,0.0,N,Y,08/2018,Analyst
17-2112.02,1.A.4.b.1,Hearing Sensitivity,IM,2.25,8,0.1637,1.9292,2.5708,N,,08/2018,Analyst
17-2112.02,1.A.4.b.1,Hearing Sensitivity,LV,2.12,8,0.125,1.88,2.37,N,N,08/2018,Analyst
17-2112.02,1.A.4.b.2,Auditory Attention,IM,2.25,8,0.1637,1.9292,2.5708,N,,08/2018,Analyst
17-2112.02,1.A.4.b.2,Auditory Attention,LV,2.12,8,0.125,1.88,2.37,N,N,08/2018,Analyst
17-2112.02,1.A.4.b.3,Sound Localization,IM,1.0,8,0.0,1.0,1.0,N,,08/2018,Analyst
17-2112.02,1.A.4.b.3,Sound Localization,LV,0.0,8,0.0,0.0,0.0,N,Y,08/2018,Analyst
17-2112.02,1.A.4.b.4,Speech Recognition,IM,3.62,8,0.183,3.2664,3.9836,N,,08/2018,Analyst
17-2112.02,1.A.4.b.4,Speech Recognition,LV,3.5,8,0.189,3.1296,3.8704,N,N,08/2018,Analyst
17-2112.02,1.A.4.b.5,Speech Clarity,IM,3.75,8,0.1637,3.4292,4.0708,N,,08/2018,Analyst
17-2112.02,1.A.4.b.5,Speech Clarity,LV,3.12,8,0.125,2.88,3.37,N,N,08/2018,Analyst
17-2112.03,1.A.1.a.1,Oral Comprehension,IM,4.0,8,0.0,4.0,4.0,N,,07/2017,Analyst
17-2112.03,1.A.1.a.1,Oral Comprehension,LV,4.88,8,0.125,4.63,5.12,N,N,07/2017,Analyst
17-2112.03,1.A.1.a.2,Written Comprehension,IM,3.88,8,0.125,3.63,4.12,N,,07/2017,Analyst
17-2112.03,1.A.1.a.2,Written Comprehension,LV,4.88,8,0.125,4.63,5.12,N,N,07/2017,Analyst
17-2112.03,1.A.1.a.3,Oral Expression,IM,3.88,8,0.125,3.63,4.12,N,,07/2017,Analyst
17-2112.03,1.A.1.a.3,Oral Expression,LV,4.75,8,0.1637,4.4292,5.0708,N,N,07/2017,Analyst
17-2112.03,1.A.1.a.4,Written Expression,IM,3.62,8,0.183,3.2664,3.9836,N,,07/2017,Analyst
17-2112.03,1.A.1.a.4,Written Expression,LV,4.38,8,0.2631,3.8594,4.8906,N,N,07/2017,Analyst
17-2112.03,1.A.1.b.1,Fluency of Ideas,IM,3.62,8,0.183,3.2664,3.9836,N,,07/2017,Analyst
17-2112.03,1.A.1.b.1,Fluency of Ideas,LV,4.12,8,0.125,3.88,4.37,N,N,07/2017,Analyst
17-2112.03,1.A.1.b.2,Originality,IM,3.62,8,0.183,3.2664,3.9836,N,,07/2017,Analyst
17-2112.03,1.A.1.b.2,Originality,LV,4.12,8,0.2266,3.6809,4.5691,N,N,07/2017,Analyst
17-2112.03,1.A.1.b.3,Problem Sensitivity,IM,4.0,8,0.0,4.0,4.0,N,,07/2017,Analyst
17-2112.03,1.A.1.b.3,Problem Sensitivity,LV,4.38,8,0.183,4.0164,4.7336,N,N,07/2017,Analyst
17-2112.03,1.A.1.b.4,Deductive Reasoning,IM,4.0,8,0.0,4.0,4.0,N,,07/2017,Analyst
17-2112.03,1.A.1.b.4,Deductive Reasoning,LV,4.88,8,0.125,4.63,5.12,N,N,07/2017,Analyst
17-2112.03,1.A.1.b.5,Inductive Reasoning,IM,4.0,8,0.0,4.0,4.0,N,,07/2017,Analyst
17-2112.03,1.A.1.b.5,Inductive Reasoning,LV,4.38,8,0.183,4.0164,4.7336,N,N,07/2017,Analyst
17-2112.03,1.A.1.b.6,Information Ordering,IM,3.88,8,0.125,3.63,4.12,N,,07/2017,Analyst
17-2112.03,1.A.1.b.6,Information Ordering,LV,4.12,8,0.125,3.88,4.37,N,N,07/2017,Analyst
17-2112.03,1.A.1.b.7,Category Flexibility,IM,4.0,8,0.0,4.0,4.0,N,,07/2017,Analyst
17-2112.03,1.A.1.b.7,Category Flexibility,LV,4.38,8,0.183,4.0164,4.7336,N,N,07/2017,Analyst
17-2112.03,1.A.1.c.1,Mathematical Reasoning,IM,3.75,8,0.1637,3.4292,4.0708,N,,07/2017,Analyst
17-2112.03,1.A.1.c.1,Mathematical Reasoning,LV,4.62,8,0.183,4.2664,4.9836,N,N,07/2017,Analyst
17-2112.03,1.A.1.c.2,Number Facility,IM,3.75,8,0.1637,3.4292,4.0708,N,,07/2017,Analyst
17-2112.03,1.A.1.c.2,Number Facility,LV,4.5,8,0.189,4.1296,4.8704,N,N,07/2017,Analyst
17-2112.03,1.A.1.d.1,Memorization,IM,2.75,8,0.1637,2.4292,3.0708,N,,07/2017,Analyst
17-2112.03,1.A.1.d.1,Memorization,LV,3.12,8,0.2266,2.6809,3.5691,N,N,07/2017,Analyst
17-2112.03,1.A.1.e.1,Speed of Closure,IM,3.0,8,0.189,2.6296,3.3704,N,,07/2017,Analyst
17-2112.03,1.A.1.e.1,Speed of Closure,LV,3.62,8,0.183,3.2664,3.9836,N,N,07/2017,Analyst
17-2112.03,1.A.1.e.2,Flexibility of Closure,IM,3.62,8,0.183,3.2664,3.9836,N,,07/2017,Analyst
17-2112.03,1.A.1.e.2,Flexibility of Closure,LV,4.0,8,0.0,4.0,4.0,N,N,07/2017,Analyst
17-2112.03,1.A.1.e.3,Perceptual Speed,IM,3.12,8,0.125,2.88,3.37,N,,07/2017,Analyst
17-2112.03,1.A.1.e.3,Perceptual Speed,LV,3.75,8,0.1637,3.4292,4.0708,N,N,07/2017,Analyst
17-2112.03,1.A.1.f.1,Spatial Orientation,IM,1.75,8,0.1637,1.4292,2.0708,N,,07/2017,Analyst
17-2112.03,1.A.1.f.1,Spatial Orientation,LV,1.0,8,0.2673,0.4762,1.5238,N,N,07/2017,Analyst
17-2112.03,1.A.1.f.2,Visualization,IM,4.0,8,0.0,4.0,4.0,N,,07/2017,Analyst
17-2112.03,1.A.1.f.2,Visualization,LV,4.0,8,0.0,4.0,4.0,N,N,07/2017,Analyst
17-2112.03,1.A.1.g.1,Selective Attention,IM,3.12,8,0.125,2.88,3.37,N,,07/2017,Analyst
17-2112.03,1.A.1.g.1,Selective Attention,LV,3.75,8,0.1637,3.4292,4.0708,N,N,07/2017,Analyst
17-2112.03,1.A.1.g.2,Time Sharing,IM,2.5,8,0.189,2.1296,2.8704,N,,07/2017,Analyst
17-2112.03,1.A.1.g.2,Time Sharing,LV,2.5,8,0.189,2.1296,2.8704,N,N,07/2017,Analyst
17-2112.03,1.A.2.a.1,Arm-Hand Steadiness,IM,2.5,8,0.189,2.1296,2.8704,N,,07/2017,Analyst
17-2112.03,1.A.2.a.1,Arm-Hand Steadiness,LV,2.5,8,0.189,2.1296,2.8704,N,N,07/2017,Analyst
17-2112.03,1.A.2.a.2,Manual Dexterity,IM,2.38,8,0.183,2.0164,2.7336,N,,07/2017,Analyst
17-2112.03,1.A.2.a.2,Manual Dexterity,LV,2.25,8,0.3134,1.6358,2.8642,N,N,07/2017,Analyst
17-2112.03,1.A.2.a.3,Finger Dexterity,IM,2.5,8,0.189,2.1296,2.8704,N,,07/2017,Analyst
17-2112.03,1.A.2.a.3,Finger Dexterity,LV,2.38,8,0.2631,1.8594,2.8906,N,N,07/2017,Analyst
17-2112.03,1.A.2.b.1,Control Precision,IM,2.5,8,0.189,2.1296,2.8704,N,,07/2017,Analyst
17-2112.03,1.A.2.b.1,Control Precision,LV,2.5,8,0.189,2.1296,2.8704,N,N,07/2017,Analyst
17-2112.03,1.A.2.b.2,Multilimb Coordination,IM,2.38,8,0.183,2.0164,2.7336,N,,07/2017,Analyst
17-2112.03,1.A.2.b.2,Multilimb Coordination,LV,2.25,8,0.25,1.76,2.74,N,N,07/2017,Analyst
17-2112.03,1.A.2.b.3,Response Orientation,IM,1.75,8,0.1637,1.4292,2.0708,N,,07/2017,Analyst
17-2112.03,1.A.2.b.3,Response Orientation,LV,1.5,8,0.3273,0.8584,2.1416,N,N,07/2017,Analyst
17-2112.03,1.A.2.b.4,Rate Control,IM,2.0,8,0.189,1.6296,2.3704,N,,07/2017,Analyst
17-2112.03,1.A.2.b.4,Rate Control,LV,1.38,8,0.2631,0.8594,1.8906,N,N,07/2017,Analyst
17-2112.03,1.A.2.c.1,Reaction Time,IM,2.12,8,0.125,1.88,2.37,N,,07/2017,Analyst
17-2112.03,1.A.2.c.1,Reaction Time,LV,2.5,8,0.189,2.1296,2.8704,N,N,07/2017,Analyst
17-2112.03,1.A.2.c.2,Wrist-Finger Speed,IM,2.12,8,0.125,1.88,2.37,N,,07/2017,Analyst
17-2112.03,1.A.2.c.2,Wrist-Finger Speed,LV,2.0,8,0.0,2.0,2.0,N,N,07/2017,Analyst
17-2112.03,1.A.2.c.3,Speed of Limb Movement,IM,1.12,8,0.125,1.0,1.37,N,,07/2017,Analyst
17-2112.03,1.A.2.c.3,Speed of Limb Movement,LV,0.25,8,0.25,0.0,0.74,N,Y,07/2017,Analyst
17-2112.03,1.A.3.a.1,Static Strength,IM,2.12,8,0.125,1.88,2.37,N,,07/2017,Analyst
17-2112.03,1.A.3.a.1,Static Strength,LV,1.88,8,0.125,1.63,2.12,N,N,07/2017,Analyst
17-2112.03,1.A.3.a.2,Explosive Strength,IM,1.38,8,0.183,1.0164,1.7336,N,,07/2017,Analyst
17-2112.03,1.A.3.a.2,Explosive Strength,LV,0.62,8,0.3239,0.0,1.2598,N,N,07/2017,Analyst
17-2112.03,1.A.3.a.3,Dynamic Strength,IM,1.88,8,0.125,1.63,2.12,N,,07/2017,Analyst
17-2112.03,1.A.3.a.3,Dynamic Strength,LV,1.25,8,0.25,0.76,1.74,N,N,07/2017,Analyst
17-2112.03,1.A.3.a.4,Trunk Strength,IM,2.12,8,0.125,1.88,2.37,N,,07/2017,Analyst
17-2112.03,1.A.3.a.4,Trunk Strength,LV,2.25,8,0.1637,1.9292,2.5708,N,N,07/2017,Analyst
17-2112.03,1.A.3.b.1,Stamina,IM,2.0,8,0.0,2.0,2.0,N,,07/2017,Analyst
17-2112.03,1.A.3.b.1,Stamina,LV,1.12,8,0.125,0.88,1.37,N,N,07/2017,Analyst
17-2112.03,1.A.3.c.1,Extent Flexibility,IM,2.0,8,0.189,1.6296,2.3704,N,,07/2017,Analyst
17-2112.03,1.A.3.c.1,Extent Flexibility,LV,1.75,8,0.25,1.26,2.24,N,N,07/2017,Analyst
17-2112.03,1.A.3.c.2,Dynamic Flexibility,IM,1.0,8,0.0,1.0,1.0,N,,07/2017,Analyst
17-2112.03,1.A.3.c.2,Dynamic Flexibility,LV,0.0,8,0.0,0.0,0.0,N,Y,07/2017,Analyst
17-2112.03,1.A.3.c.3,Gross Body Coordination,IM,1.88,8,0.125,1.63,2.12,N,,07/2017,Analyst
17-2112.03,1.A.3.c.3,Gross Body Coordination,LV,1.38,8,0.2631,0.8594,1.8906,N,N,07/2017,Analyst
17-2112.03,1.A.3.c.4,Gross Body Equilibrium,IM,1.88,8,0.125,1.63,2.12,N,,07/2017,Analyst
17-2112.03,1.A.3.c.4,Gross Body Equilibrium,LV,0.88,8,0.125,0.63,1.12,N,N,07/2017,Analyst
17-2112.03,1.A.4.a.1,Near Vision,IM,4.0,8,0.0,4.0,4.0,N,,07/2017,Analyst
17-2112.03,1.A.4.a.1,Near Vision,LV,3.88,8,0.125,3.63,4.12,N,N,07/2017,Analyst
17-2112.03,1.A.4.a.2,Far Vision,IM,3.25,8,0.1637,2.9292,3.5708,N,,07/2017,Analyst
17-2112.03,1.A.4.a.2,Far Vision,LV,3.75,8,0.1637,3.4292,4.0708,N,N,07/2017,Analyst
17-2112.03,1.A.4.a.3,Visual Color Discrimination,IM,2.88,8,0.125,2.63,3.12,N,,07/2017,Analyst
17-2112.03,1.A.4.a.3,Visual Color Discrimination,LV,3.38,8,0.2631,2.8594,3.8906,N,N,07/2017,Analyst
17-2112.03,1.A.4.a.4,Night Vision,IM,1.0,8,0.0,1.0,1.0,N,,07/2017,Analyst
17-2112.03,1.A.4.a.4,Night Vision,LV,0.0,8,0.0,0.0,0.0,N,Y,07/2017,Analyst
17-2112.03,1.A.4.a.5,Peripheral Vision,IM,1.0,8,0.0,1.0,1.0,N,,07/2017,Analyst
17-2112.03,1.A.4.a.5,Peripheral Vision,LV,0.0,8,0.0,0.0,0.0,N,Y,07/2017,Analyst
17-2112.03,1.A.4.a.6,Depth Perception,IM,2.62,8,0.183,2.2664,2.9836,N,,07/2017,Analyst
17-2112.03,1.A.4.a.6,Depth Perception,LV,2.5,8,0.189,2.1296,2.8704,N,N,07/2017,Analyst
17-2112.03,1.A.4.a.7,Glare Sensitivity,IM,1.0,8,0.0,1.0,1.0,N,,07/2017,Analyst
17-2112.03,1.A.4.a.7,Glare Sensitivity,LV,0.0,8,0.0,0.0,0.0,N,Y,07/2017,Analyst
17-2112.03,1.A.4.b.1,Hearing Sensitivity,IM,2.75,8,0.1637,2.4292,3.0708,N,,07/2017,Analyst
17-2112.03,1.A.4.b.1,Hearing Sensitivity,LV,2.88,8,0.125,2.63,3.12,N,N,07/2017,Analyst
17-2112.03,1.A.4.b.2,Auditory Attention,IM,2.88,8,0.125,2.63,3.12,N,,07/2017,Analyst
17-2112.03,1.A.4.b.2,Auditory Attention,LV,3.0,8,0.0,3.0,3.0,N,N,07/2017,Analyst
17-2112.03,1.A.4.b.3,Sound Localization,IM,1.25,8,0.1637,1.0,1.5708,N,,07/2017,Analyst
17-2112.03,1.A.4.b.3,Sound Localization,LV,0.25,8,0.1637,0.0,0.5708,N,Y,07/2017,Analyst
17-2112.03,1.A.4.b.4,Speech Recognition,IM,3.5,8,0.189,3.1296,3.8704,N,,07/2017,Analyst
17-2112.03,1.A.4.b.4,Speech Recognition,LV,3.62,8,0.183,3.2664,3.9836,N,N,07/2017,Analyst
17-2112.03,1.A.4.b.5,Speech Clarity,IM,3.25,8,0.1637,2.9292,3.5708,N,,07/2017,Analyst
17-2112.03,1.A.4.b.5,Speech Clarity,LV,3.62,8,0.183,3.2664,3.9836,N,N,07/2017,Analyst
17-2121.00,1.A.1.a.1,Oral Comprehension,IM,4.12,8,0.125,3.88,4.37,N,,08/2024,Analyst
17-2121.00,1.A.1.a.1,Oral Comprehension,LV,4.88,8,0.295,4.2967,5.4533,N,N,08/2024,Analyst
17-2121.00,1.A.1.a.2,Written Comprehension,IM,4.0,8,0.0,4.0,4.0,N,,08/2024,Analyst
17-2121.00,1.A.1.a.2,Written Comprehension,LV,4.62,8,0.2631,4.1094,5.1406,N,N,08/2024,Analyst
17-2121.00,1.A.1.a.3,Oral Expression,IM,4.0,8,0.189,3.6296,4.3704,N,,08/2024,Analyst
17-2121.00,1.A.1.a.3,Oral Expression,LV,4.38,8,0.2631,3.8594,4.8906,N,N,08/2024,Analyst
17-2121.00,1.A.1.a.4,Written Expression,IM,3.88,8,0.125,3.63,4.12,N,,08/2024,Analyst
17-2121.00,1.A.1.a.4,Written Expression,LV,4.38,8,0.183,4.0164,4.7336,N,N,08/2024,Analyst
17-2121.00,1.A.1.b.1,Fluency of Ideas,IM,3.25,8,0.1637,2.9292,3.5708,N,,08/2024,Analyst
17-2121.00,1.A.1.b.1,Fluency of Ideas,LV,3.88,8,0.2266,3.4309,4.3191,N,N,08/2024,Analyst
17-2121.00,1.A.1.b.2,Originality,IM,3.25,8,0.1637,2.9292,3.5708,N,,08/2024,Analyst
17-2121.00,1.A.1.b.2,Originality,LV,3.62,8,0.2631,3.1094,4.1406,N,N,08/2024,Analyst
17-2121.00,1.A.1.b.3,Problem Sensitivity,IM,4.0,8,0.0,4.0,4.0,N,,08/2024,Analyst
17-2121.00,1.A.1.b.3,Problem Sensitivity,LV,4.75,8,0.25,4.26,5.24,N,N,08/2024,Analyst
17-2121.00,1.A.1.b.4,Deductive Reasoning,IM,4.0,8,0.0,4.0,4.0,N,,08/2024,Analyst
17-2121.00,1.A.1.b.4,Deductive Reasoning,LV,4.75,8,0.366,4.0327,5.4673,N,N,08/2024,Analyst
17-2121.00,1.A.1.b.5,Inductive Reasoning,IM,4.0,8,0.0,4.0,4.0,N,,08/2024,Analyst
17-2121.00,1.A.1.b.5,Inductive Reasoning,LV,4.38,8,0.183,4.0164,4.7336,N,N,08/2024,Analyst
17-2121.00,1.A.1.b.6,Information Ordering,IM,3.88,8,0.125,3.63,4.12,N,,08/2024,Analyst
17-2121.00,1.A.1.b.6,Information Ordering,LV,4.38,8,0.2631,3.8594,4.8906,N,N,08/2024,Analyst
17-2121.00,1.A.1.b.7,Category Flexibility,IM,3.62,8,0.183,3.2664,3.9836,N,,08/2024,Analyst
17-2121.00,1.A.1.b.7,Category Flexibility,LV,4.12,8,0.3504,3.4383,4.8117,N,N,08/2024,Analyst
17-2121.00,1.A.1.c.1,Mathematical Reasoning,IM,3.38,8,0.183,3.0164,3.7336,N,,08/2024,Analyst
17-2121.00,1.A.1.c.1,Mathematical Reasoning,LV,4.25,8,0.366,3.5327,4.9673,N,N,08/2024,Analyst
17-2121.00,1.A.1.c.2,Number Facility,IM,3.25,8,0.1637,2.9292,3.5708,N,,08/2024,Analyst
17-2121.00,1.A.1.c.2,Number Facility,LV,4.0,8,0.378,3.2592,4.7408,N,N,08/2024,Analyst
17-2121.00,1.A.1.d.1,Memorization,IM,2.62,8,0.183,2.2664,2.9836,N,,08/2024,Analyst
17-2121.00,1.A.1.d.1,Memorization,LV,2.88,8,0.295,2.2967,3.4533,N,N,08/2024,Analyst
17-2121.00,1.A.1.e.1,Speed of Closure,IM,2.88,8,0.2266,2.4309,3.3191,N,,08/2024,Analyst
17-2121.00,1.A.1.e.1,Speed of Closure,LV,3.25,8,0.366,2.5327,3.9673,N,N,08/2024,Analyst
17-2121.00,1.A.1.e.2,Flexibility of Closure,IM,3.5,8,0.189,3.1296,3.8704,N,,08/2024,Analyst
17-2121.00,1.A.1.e.2,Flexibility of Closure,LV,3.75,8,0.25,3.26,4.24,N,N,08/2024,Analyst
17-2121.00,1.A.1.e.3,Perceptual Speed,IM,3.38,8,0.2631,2.8594,3.8906,N,,08/2024,Analyst
17-2121.00,1.A.1.e.3,Perceptual Speed,LV,3.75,8,0.366,3.0327,4.4673,N,N,08/2024,Analyst
17-2121.00,1.A.1.f.1,Spatial Orientation,IM,2.0,8,0.378,1.2592,2.7408,N,,08/2024,Analyst
17-2121.00,1.A.1.f.1,Spatial Orientation,LV,1.5,8,0.5345,0.4523,2.5477,Y,N,08/2024,Analyst
17-2121.00,1.A.1.f.2,Visualization,IM,3.62,8,0.2631,3.1094,4.1406,N,,08/2024,Analyst
17-2121.00,1.A.1.f.2,Visualization,LV,4.0,8,0.378,3.2592,4.7408,N,N,08/2024,Analyst
17-2121.00,1.A.1.g.1,Selective Attention,IM,3.12,8,0.125,2.88,3.37,N,,08/2024,Analyst
17-2121.00,1.A.1.g.1,Selective Attention,LV,3.25,8,0.1637,2.9292,3.5708,N,N,08/2024,Analyst
17-2121.00,1.A.1.g.2,Time Sharing,IM,2.88,8,0.295,2.2967,3.4533,N,,08/2024,Analyst
17-2121.00,1.A.1.g.2,Time Sharing,LV,2.75,8,0.25,2.26,3.24,N,N,08/2024,Analyst
17-2121.00,1.A.2.a.1,Arm-Hand Steadiness,IM,2.25,8,0.1637,1.9292,2.5708,N,,08/2024,Analyst
17-2121.00,1.A.2.a.1,Arm-Hand Steadiness,LV,2.12,8,0.2266,1.6809,2.5691,N,N,08/2024,Analyst
17-2121.00,1.A.2.a.2,Manual Dexterity,IM,2.12,8,0.125,1.88,2.37,N,,08/2024,Analyst
17-2121.00,1.A.2.a.2,Manual Dexterity,LV,1.88,8,0.2266,1.4309,2.3191,N,N,08/2024,Analyst
17-2121.00,1.A.2.a.3,Finger Dexterity,IM,2.0,8,0.0,2.0,2.0,N,,08/2024,Analyst
17-2121.00,1.A.2.a.3,Finger Dexterity,LV,1.75,8,0.1637,1.4292,2.0708,N,N,08/2024,Analyst
17-2121.00,1.A.2.b.1,Control Precision,IM,2.12,8,0.125,1.88,2.37,N,,08/2024,Analyst
17-2121.00,1.A.2.b.1,Control Precision,LV,1.75,8,0.25,1.26,2.24,N,N,08/2024,Analyst
17-2121.00,1.A.2.b.2,Multilimb Coordination,IM,1.12,8,0.125,1.0,1.37,N,,08/2024,Analyst
17-2121.00,1.A.2.b.2,Multilimb Coordination,LV,0.25,8,0.25,0.0,0.74,N,Y,08/2024,Analyst
17-2121.00,1.A.2.b.3,Response Orientation,IM,1.38,8,0.2631,1.0,1.8906,N,,08/2024,Analyst
17-2121.00,1.A.2.b.3,Response Orientation,LV,0.5,8,0.378,0.0,1.2408,N,Y,08/2024,Analyst
17-2121.00,1.A.2.b.4,Rate Control,IM,1.25,8,0.1637,1.0,1.5708,N,,08/2024,Analyst
17-2121.00,1.A.2.b.4,Rate Control,LV,0.38,8,0.2631,0.0,0.8906,N,Y,08/2024,Analyst
17-2121.00,1.A.2.c.1,Reaction Time,IM,2.0,8,0.0,2.0,2.0,N,,08/2024,Analyst
17-2121.00,1.A.2.c.1,Reaction Time,LV,1.62,8,0.2631,1.1094,2.1406,N,N,08/2024,Analyst
17-2121.00,1.A.2.c.2,Wrist-Finger Speed,IM,2.0,8,0.189,1.6296,2.3704,N,,08/2024,Analyst
17-2121.00,1.A.2.c.2,Wrist-Finger Speed,LV,1.62,8,0.3239,0.9902,2.2598,N,N,08/2024,Analyst
17-2121.00,1.A.2.c.3,Speed of Limb Movement,IM,1.0,8,0.0,1.0,1.0,N,,08/2024,Analyst
17-2121.00,1.A.2.c.3,Speed of Limb Movement,LV,0.0,8,0.0,0.0,0.0,N,Y,08/2024,Analyst
17-2121.00,1.A.3.a.1,Static Strength,IM,1.0,8,0.0,1.0,1.0,N,,08/2024,Analyst
17-2121.00,1.A.3.a.1,Static Strength,LV,0.0,8,0.0,0.0,0.0,N,Y,08/2024,Analyst
17-2121.00,1.A.3.a.2,Explosive Strength,IM,1.0,8,0.0,1.0,1.0,N,,08/2024,Analyst
17-2121.00,1.A.3.a.2,Explosive Strength,LV,0.0,8,0.0,0.0,0.0,N,Y,08/2024,Analyst
17-2121.00,1.A.3.a.3,Dynamic Strength,IM,1.5,8,0.189,1.1296,1.8704,N,,08/2024,Analyst
17-2121.00,1.A.3.a.3,Dynamic Strength,LV,0.62,8,0.2631,0.1094,1.1406,N,N,08/2024,Analyst
17-2121.00,1.A.3.a.4,Trunk Strength,IM,2.12,8,0.2266,1.6809,2.5691,N,,08/2024,Analyst
17-2121.00,1.A.3.a.4,Trunk Strength,LV,1.88,8,0.3504,1.1883,2.5617,N,N,08/2024,Analyst
17-2121.00,1.A.3.b.1,Stamina,IM,1.12,8,0.125,1.0,1.37,N,,08/2024,Analyst
17-2121.00,1.A.3.b.1,Stamina,LV,0.25,8,0.25,0.0,0.74,N,Y,08/2024,Analyst
17-2121.00,1.A.3.c.1,Extent Flexibility,IM,1.75,8,0.1637,1.4292,2.0708,N,,08/2024,Analyst
17-2121.00,1.A.3.c.1,Extent Flexibility,LV,1.12,8,0.295,0.5467,1.7033,N,N,08/2024,Analyst
17-2121.00,1.A.3.c.2,Dynamic Flexibility,IM,1.0,8,0.0,1.0,1.0,N,,08/2024,Analyst
17-2121.00,1.A.3.c.2,Dynamic Flexibility,LV,0.0,8,0.0,0.0,0.0,N,Y,08/2024,Analyst
17-2121.00,1.A.3.c.3,Gross Body Coordination,IM,1.12,8,0.125,1.0,1.37,N,,08/2024,Analyst
17-2121.00,1.A.3.c.3,Gross Body Coordination,LV,0.25,8,0.25,0.0,0.74,N,Y,08/2024,Analyst
17-2121.00,1.A.3.c.4,Gross Body Equilibrium,IM,1.0,8,0.0,1.0,1.0,N,,08/2024,Analyst
17-2121.00,1.A.3.c.4,Gross Body Equilibrium,LV,0.0,8,0.0,0.0,0.0,N,Y,08/2024,Analyst
17-2121.00,1.A.4.a.1,Near Vision,IM,3.75,8,0.1637,3.4292,4.0708,N,,08/2024,Analyst
17-2121.00,1.A.4.a.1,Near Vision,LV,3.75,8,0.25,3.26,4.24,N,N,08/2024,Analyst
17-2121.00,1.A.4.a.2,Far Vision,IM,3.38,8,0.2631,2.8594,3.8906,N,,08/2024,Analyst
17-2121.00,1.A.4.a.2,Far Vision,LV,3.5,8,0.378,2.7592,4.2408,N,N,08/2024,Analyst
17-2121.00,1.A.4.a.3,Visual Color Discrimination,IM,2.88,8,0.295,2.2967,3.4533,N,,08/2024,Analyst
17-2121.00,1.A.4.a.3,Visual Color Discrimination,LV,3.12,8,0.295,2.5467,3.7033,N,N,08/2024,Analyst
17-2121.00,1.A.4.a.4,Night Vision,IM,1.0,8,0.0,1.0,1.0,N,,08/2024,Analyst
17-2121.00,1.A.4.a.4,Night Vision,LV,0.0,8,0.0,0.0,0.0,N,Y,08/2024,Analyst
17-2121.00,1.A.4.a.5,Peripheral Vision,IM,1.38,8,0.2631,1.0,1.8906,N,,08/2024,Analyst
17-2121.00,1.A.4.a.5,Peripheral Vision,LV,0.5,8,0.3273,0.0,1.1416,N,Y,08/2024,Analyst
17-2121.00,1.A.4.a.6,Depth Perception,IM,2.38,8,0.183,2.0164,2.7336,N,,08/2024,Analyst
17-2121.00,1.A.4.a.6,Depth Perception,LV,2.38,8,0.183,2.0164,2.7336,N,N,08/2024,Analyst
17-2121.00,1.A.4.a.7,Glare Sensitivity,IM,2.0,8,0.189,1.6296,2.3704,N,,08/2024,Analyst
17-2121.00,1.A.4.a.7,Glare Sensitivity,LV,1.62,8,0.3239,0.9902,2.2598,N,N,08/2024,Analyst
17-2121.00,1.A.4.b.1,Hearing Sensitivity,IM,2.5,8,0.189,2.1296,2.8704,N,,08/2024,Analyst
17-2121.00,1.A.4.b.1,Hearing Sensitivity,LV,2.5,8,0.3273,1.8584,3.1416,N,N,08/2024,Analyst
17-2121.00,1.A.4.b.2,Auditory Attention,IM,2.5,8,0.189,2.1296,2.8704,N,,08/2024,Analyst
17-2121.00,1.A.4.b.2,Auditory Attention,LV,2.5,8,0.2673,1.9762,3.0238,N,N,08/2024,Analyst
17-2121.00,1.A.4.b.3,Sound Localization,IM,1.25,8,0.1637,1.0,1.5708,N,,08/2024,Analyst
17-2121.00,1.A.4.b.3,Sound Localization,LV,0.5,8,0.378,0.0,1.2408,N,Y,08/2024,Analyst
17-2121.00,1.A.4.b.4,Speech Recognition,IM,3.88,8,0.125,3.63,4.12,N,,08/2024,Analyst
17-2121.00,1.A.4.b.4,Speech Recognition,LV,4.0,8,0.189,3.6296,4.3704,N,N,08/2024,Analyst
17-2121.00,1.A.4.b.5,Speech Clarity,IM,4.0,8,0.0,4.0,4.0,N,,08/2024,Analyst
17-2121.00,1.A.4.b.5,Speech Clarity,LV,3.88,8,0.2266,3.4309,4.3191,N,N,08/2024,Analyst
17-2131.00,1.A.1.a.1,Oral Comprehension,IM,4.0,8,0.0,4.0,4.0,N,,08/2020,Analyst
17-2131.00,1.A.1.a.1,Oral Comprehension,LV,4.75,8,0.1637,4.4292,5.0708,N,N,08/2020,Analyst
17-2131.00,1.A.1.a.2,Written Comprehension,IM,4.0,8,0.0,4.0,4.0,N,,08/2020,Analyst
17-2131.00,1.A.1.a.2,Written Comprehension,LV,4.88,8,0.125,4.63,5.12,N,N,08/2020,Analyst
17-2131.00,1.A.1.a.3,Oral Expression,IM,4.0,8,0.0,4.0,4.0,N,,08/2020,Analyst
17-2131.00,1.A.1.a.3,Oral Expression,LV,4.75,8,0.1637,4.4292,5.0708,N,N,08/2020,Analyst
17-2131.00,1.A.1.a.4,Written Expression,IM,3.88,8,0.125,3.63,4.12,N,,08/2020,Analyst
17-2131.00,1.A.1.a.4,Written Expression,LV,4.88,8,0.125,4.63,5.12,N,N,08/2020,Analyst
17-2131.00,1.A.1.b.1,Fluency of Ideas,IM,3.5,8,0.189,3.1296,3.8704,N,,08/2020,Analyst
17-2131.00,1.A.1.b.1,Fluency of Ideas,LV,3.88,8,0.125,3.63,4.12,N,N,08/2020,Analyst
17-2131.00,1.A.1.b.2,Originality,IM,3.38,8,0.183,3.0164,3.7336,N,,08/2020,Analyst
17-2131.00,1.A.1.b.2,Originality,LV,4.0,8,0.189,3.6296,4.3704,N,N,08/2020,Analyst
17-2131.00,1.A.1.b.3,Problem Sensitivity,IM,3.88,8,0.125,3.63,4.12,N,,08/2020,Analyst
17-2131.00,1.A.1.b.3,Problem Sensitivity,LV,4.25,8,0.1637,3.9292,4.5708,N,N,08/2020,Analyst
17-2131.00,1.A.1.b.4,Deductive Reasoning,IM,4.0,8,0.0,4.0,4.0,N,,08/2020,Analyst
17-2131.00,1.A.1.b.4,Deductive Reasoning,LV,4.75,8,0.1637,4.4292,5.0708,N,N,08/2020,Analyst
17-2131.00,1.A.1.b.5,Inductive Reasoning,IM,4.0,8,0.0,4.0,4.0,N,,08/2020,Analyst
17-2131.00,1.A.1.b.5,Inductive Reasoning,LV,4.25,8,0.1637,3.9292,4.5708,N,N,08/2020,Analyst
17-2131.00,1.A.1.b.6,Information Ordering,IM,3.75,8,0.1637,3.4292,4.0708,N,,08/2020,Analyst
17-2131.00,1.A.1.b.6,Information Ordering,LV,3.88,8,0.125,3.63,4.12,N,N,08/2020,Analyst
17-2131.00,1.A.1.b.7,Category Flexibility,IM,4.0,8,0.0,4.0,4.0,N,,08/2020,Analyst
17-2131.00,1.A.1.b.7,Category Flexibility,LV,4.75,8,0.1637,4.4292,5.0708,N,N,08/2020,Analyst
17-2131.00,1.A.1.c.1,Mathematical Reasoning,IM,3.75,8,0.1637,3.4292,4.0708,N,,08/2020,Analyst
17-2131.00,1.A.1.c.1,Mathematical Reasoning,LV,4.62,8,0.2631,4.1094,5.1406,N,N,08/2020,Analyst
17-2131.00,1.A.1.c.2,Number Facility,IM,3.12,8,0.125,2.88,3.37,N,,08/2020,Analyst
17-2131.00,1.A.1.c.2,Number Facility,LV,3.75,8,0.1637,3.4292,4.0708,N,N,08/2020,Analyst
17-2131.00,1.A.1.d.1,Memorization,IM,2.12,8,0.125,1.88,2.37,N,,08/2020,Analyst
17-2131.00,1.A.1.d.1,Memorization,LV,2.25,8,0.1637,1.9292,2.5708,N,N,08/2020,Analyst
17-2131.00,1.A.1.e.1,Speed of Closure,IM,2.62,8,0.183,2.2664,2.9836,N,,08/2020,Analyst
17-2131.00,1.A.1.e.1,Speed of Closure,LV,2.75,8,0.1637,2.4292,3.0708,N,N,08/2020,Analyst
17-2131.00,1.A.1.e.2,Flexibility of Closure,IM,3.25,8,0.1637,2.9292,3.5708,N,,08/2020,Analyst
17-2131.00,1.A.1.e.2,Flexibility of Closure,LV,3.25,8,0.1637,2.9292,3.5708,N,N,08/2020,Analyst
17-2131.00,1.A.1.e.3,Perceptual Speed,IM,3.25,8,0.1637,2.9292,3.5708,N,,08/2020,Analyst
17-2131.00,1.A.1.e.3,Perceptual Speed,LV,3.12,8,0.125,2.88,3.37,N,N,08/2020,Analyst
17-2131.00,1.A.1.f.1,Spatial Orientation,IM,1.12,8,0.125,1.0,1.37,N,,08/2020,Analyst
17-2131.00,1.A.1.f.1,Spatial Orientation,LV,0.12,8,0.125,0.0,0.37,N,Y,08/2020,Analyst
17-2131.00,1.A.1.f.2,Visualization,IM,3.25,8,0.1637,2.9292,3.5708,N,,08/2020,Analyst
17-2131.00,1.A.1.f.2,Visualization,LV,3.88,8,0.2266,3.4309,4.3191,N,N,08/2020,Analyst
17-2131.00,1.A.1.g.1,Selective Attention,IM,3.12,8,0.125,2.88,3.37,N,,08/2020,Analyst
17-2131.00,1.A.1.g.1,Selective Attention,LV,3.0,8,0.0,3.0,3.0,N,N,08/2020,Analyst
17-2131.00,1.A.1.g.2,Time Sharing,IM,2.25,8,0.1637,1.9292,2.5708,N,,08/2020,Analyst
17-2131.00,1.A.1.g.2,Time Sharing,LV,2.12,8,0.125,1.88,2.37,N,N,08/2020,Analyst
17-2131.00,1.A.2.a.1,Arm-Hand Steadiness,IM,2.38,8,0.183,2.0164,2.7336,N,,08/2020,Analyst
17-2131.00,1.A.2.a.1,Arm-Hand Steadiness,LV,2.12,8,0.125,1.88,2.37,N,N,08/2020,Analyst
17-2131.00,1.A.2.a.2,Manual Dexterity,IM,2.38,8,0.183,2.0164,2.7336,N,,08/2020,Analyst
17-2131.00,1.A.2.a.2,Manual Dexterity,LV,2.12,8,0.125,1.88,2.37,N,N,08/2020,Analyst
17-2131.00,1.A.2.a.3,Finger Dexterity,IM,2.75,8,0.1637,2.4292,3.0708,N,,08/2020,Analyst
17-2131.00,1.A.2.a.3,Finger Dexterity,LV,2.25,8,0.1637,1.9292,2.5708,N,N,08/2020,Analyst
17-2131.00,1.A.2.b.1,Control Precision,IM,2.38,8,0.183,2.0164,2.7336,N,,08/2020,Analyst
17-2131.00,1.A.2.b.1,Control Precision,LV,2.38,8,0.183,2.0164,2.7336,N,N,08/2020,Analyst
17-2131.00,1.A.2.b.2,Multilimb Coordination,IM,1.75,8,0.1637,1.4292,2.0708,N,,08/2020,Analyst
17-2131.00,1.A.2.b.2,Multilimb Coordination,LV,0.75,8,0.1637,0.4292,1.0708,N,N,08/2020,Analyst
17-2131.00,1.A.2.b.3,Response Orientation,IM,1.5,8,0.189,1.1296,1.8704,N,,08/2020,Analyst
17-2131.00,1.A.2.b.3,Response Orientation,LV,0.5,8,0.189,0.1296,0.8704,N,N,08/2020,Analyst
17-2131.00,1.A.2.b.4,Rate Control,IM,2.0,8,0.0,2.0,2.0,N,,08/2020,Analyst
17-2131.00,1.A.2.b.4,Rate Control,LV,1.12,8,0.125,0.88,1.37,N,N,08/2020,Analyst
17-2131.00,1.A.2.c.1,Reaction Time,IM,2.0,8,0.0,2.0,2.0,N,,08/2020,Analyst
17-2131.00,1.A.2.c.1,Reaction Time,LV,1.88,8,0.125,1.63,2.12,N,N,08/2020,Analyst
17-2131.00,1.A.2.c.2,Wrist-Finger Speed,IM,2.0,8,0.0,2.0,2.0,N,,08/2020,Analyst
17-2131.00,1.A.2.c.2,Wrist-Finger Speed,LV,1.38,8,0.183,1.0164,1.7336,N,N,08/2020,Analyst
17-2131.00,1.A.2.c.3,Speed of Limb Movement,IM,1.0,8,0.0,1.0,1.0,N,,08/2020,Analyst
17-2131.00,1.A.2.c.3,Speed of Limb Movement,LV,0.0,8,0.0,0.0,0.0,N,Y,08/2020,Analyst
17-2131.00,1.A.3.a.1,Static Strength,IM,1.0,8,0.0,1.0,1.0,N,,08/2020,Analyst
17-2131.00,1.A.3.a.1,Static Strength,LV,0.0,8,0.0,0.0,0.0,N,Y,08/2020,Analyst
17-2131.00,1.A.3.a.2,Explosive Strength,IM,1.0,8,0.0,1.0,1.0,N,,08/2020,Analyst
17-2131.00,1.A.3.a.2,Explosive Strength,LV,0.0,8,0.0,0.0,0.0,N,Y,08/2020,Analyst
17-2131.00,1.A.3.a.3,Dynamic Strength,IM,1.0,8,0.0,1.0,1.0,N,,08/2020,Analyst
17-2131.00,1.A.3.a.3,Dynamic Strength,LV,0.0,8,0.0,0.0,0.0,N,Y,08/2020,Analyst
17-2131.00,1.A.3.a.4,Trunk Strength,IM,1.38,8,0.183,1.0164,1.7336,N,,08/2020,Analyst
17-2131.00,1.A.3.a.4,Trunk Strength,LV,0.62,8,0.3239,0.0,1.2598,N,N,08/2020,Analyst
17-2131.00,1.A.3.b.1,Stamina,IM,1.0,8,0.0,1.0,1.0,N,,08/2020,Analyst
17-2131.00,1.A.3.b.1,Stamina,LV,0.0,8,0.0,0.0,0.0,N,Y,08/2020,Analyst
17-2131.00,1.A.3.c.1,Extent Flexibility,IM,1.5,8,0.189,1.1296,1.8704,N,,08/2020,Analyst
17-2131.00,1.A.3.c.1,Extent Flexibility,LV,0.88,8,0.3504,0.1883,1.5617,N,N,08/2020,Analyst
17-2131.00,1.A.3.c.2,Dynamic Flexibility,IM,1.0,8,0.0,1.0,1.0,N,,08/2020,Analyst
17-2131.00,1.A.3.c.2,Dynamic Flexibility,LV,0.0,8,0.0,0.0,0.0,N,Y,08/2020,Analyst
17-2131.00,1.A.3.c.3,Gross Body Coordination,IM,1.0,8,0.0,1.0,1.0,N,,08/2020,Analyst
17-2131.00,1.A.3.c.3,Gross Body Coordination,LV,0.0,8,0.0,0.0,0.0,N,Y,08/2020,Analyst
17-2131.00,1.A.3.c.4,Gross Body Equilibrium,IM,1.0,8,0.0,1.0,1.0,N,,08/2020,Analyst
17-2131.00,1.A.3.c.4,Gross Body Equilibrium,LV,0.0,8,0.0,0.0,0.0,N,Y,08/2020,Analyst
17-2131.00,1.A.4.a.1,Near Vision,IM,3.75,8,0.1637,3.4292,4.0708,N,,08/2020,Analyst
17-2131.00,1.A.4.a.1,Near Vision,LV,3.75,8,0.1637,3.4292,4.0708,N,N,08/2020,Analyst
17-2131.00,1.A.4.a.2,Far Vision,IM,2.88,8,0.125,2.63,3.12,N,,08/2020,Analyst
17-2131.00,1.A.4.a.2,Far Vision,LV,3.12,8,0.2266,2.6809,3.5691,N,N,08/2020,Analyst
17-2131.00,1.A.4.a.3,Visual Color Discrimination,IM,3.0,8,0.189,2.6296,3.3704,N,,08/2020,Analyst
17-2131.00,1.A.4.a.3,Visual Color Discrimination,LV,3.12,8,0.2266,2.6809,3.5691,N,N,08/2020,Analyst
17-2131.00,1.A.4.a.4,Night Vision,IM,1.0,8,0.0,1.0,1.0,N,,08/2020,Analyst
17-2131.00,1.A.4.a.4,Night Vision,LV,0.0,8,0.0,0.0,0.0,N,Y,08/2020,Analyst
17-2131.00,1.A.4.a.5,Peripheral Vision,IM,1.0,8,0.0,1.0,1.0,N,,08/2020,Analyst
17-2131.00,1.A.4.a.5,Peripheral Vision,LV,0.0,8,0.0,0.0,0.0,N,Y,08/2020,Analyst
17-2131.00,1.A.4.a.6,Depth Perception,IM,2.12,8,0.125,1.88,2.37,N,,08/2020,Analyst
17-2131.00,1.A.4.a.6,Depth Perception,LV,2.0,8,0.0,2.0,2.0,N,N,08/2020,Analyst
17-2131.00,1.A.4.a.7,Glare Sensitivity,IM,1.0,8,0.0,1.0,1.0,N,,08/2020,Analyst
17-2131.00,1.A.4.a.7,Glare Sensitivity,LV,0.0,8,0.0,0.0,0.0,N,Y,08/2020,Analyst
17-2131.00,1.A.4.b.1,Hearing Sensitivity,IM,2.12,8,0.125,1.88,2.37,N,,08/2020,Analyst
17-2131.00,1.A.4.b.1,Hearing Sensitivity,LV,2.0,8,0.0,2.0,2.0,N,N,08/2020,Analyst
17-2131.00,1.A.4.b.2,Auditory Attention,IM,2.12,8,0.125,1.88,2.37,N,,08/2020,Analyst
17-2131.00,1.A.4.b.2,Auditory Attention,LV,2.12,8,0.125,1.88,2.37,N,N,08/2020,Analyst
17-2131.00,1.A.4.b.3,Sound Localization,IM,1.0,8,0.0,1.0,1.0,N,,08/2020,Analyst
17-2131.00,1.A.4.b.3,Sound Localization,LV,0.0,8,0.0,0.0,0.0,N,Y,08/2020,Analyst
17-2131.00,1.A.4.b.4,Speech Recognition,IM,3.25,8,0.1637,2.9292,3.5708,N,,08/2020,Analyst
17-2131.00,1.A.4.b.4,Speech Recognition,LV,3.12,8,0.125,2.88,3.37,N,N,08/2020,Analyst
17-2131.00,1.A.4.b.5,Speech Clarity,IM,3.25,8,0.1637,2.9292,3.5708,N,,08/2020,Analyst
17-2131.00,1.A.4.b.5,Speech Clarity,LV,3.5,8,0.189,3.1296,3.8704,N,N,08/2020,Analyst
17-2141.00,1.A.1.a.1,Oral Comprehension,IM,4.0,8,0.0,4.0,4.0,N,,08/2024,Analyst
17-2141.00,1.A.1.a.1,Oral Comprehension,LV,4.75,8,0.1637,4.4292,5.0708,N,N,08/2024,Analyst
17-2141.00,1.A.1.a.2,Written Comprehension,IM,4.0,8,0.0,4.0,4.0,N,,08/2024,Analyst
17-2141.00,1.A.1.a.2,Written Comprehension,LV,4.75,8,0.1637,4.4292,5.0708,N,N,08/2024,Analyst
17-2141.00,1.A.1.a.3,Oral Expression,IM,4.0,8,0.0,4.0,4.0,N,,08/2024,Analyst
17-2141.00,1.A.1.a.3,Oral Expression,LV,4.75,8,0.1637,4.4292,5.0708,N,N,08/2024,Analyst
17-2141.00,1.A.1.a.4,Written Expression,IM,3.62,8,0.183,3.2664,3.9836,N,,08/2024,Analyst
17-2141.00,1.A.1.a.4,Written Expression,LV,4.0,8,0.0,4.0,4.0,N,N,08/2024,Analyst
17-2141.00,1.A.1.b.1,Fluency of Ideas,IM,3.5,8,0.189,3.1296,3.8704,N,,08/2024,Analyst
17-2141.00,1.A.1.b.1,Fluency of Ideas,LV,3.88,8,0.125,3.63,4.12,N,N,08/2024,Analyst
17-2141.00,1.A.1.b.2,Originality,IM,3.38,8,0.183,3.0164,3.7336,N,,08/2024,Analyst
17-2141.00,1.A.1.b.2,Originality,LV,4.0,8,0.189,3.6296,4.3704,N,N,08/2024,Analyst
17-2141.00,1.A.1.b.3,Problem Sensitivity,IM,4.0,8,0.0,4.0,4.0,N,,08/2024,Analyst
17-2141.00,1.A.1.b.3,Problem Sensitivity,LV,4.12,8,0.125,3.88,4.37,N,N,08/2024,Analyst
17-2141.00,1.A.1.b.4,Deductive Reasoning,IM,4.0,8,0.0,4.0,4.0,N,,08/2024,Analyst
17-2141.00,1.A.1.b.4,Deductive Reasoning,LV,4.75,8,0.1637,4.4292,5.0708,N,N,08/2024,Analyst
17-2141.00,1.A.1.b.5,Inductive Reasoning,IM,4.0,8,0.0,4.0,4.0,N,,08/2024,Analyst
17-2141.00,1.A.1.b.5,Inductive Reasoning,LV,4.25,8,0.1637,3.9292,4.5708,N,N,08/2024,Analyst
17-2141.00,1.A.1.b.6,Information Ordering,IM,3.88,8,0.125,3.63,4.12,N,,08/2024,Analyst
17-2141.00,1.A.1.b.6,Information Ordering,LV,4.25,8,0.1637,3.9292,4.5708,N,N,08/2024,Analyst
17-2141.00,1.A.1.b.7,Category Flexibility,IM,3.5,8,0.189,3.1296,3.8704,N,,08/2024,Analyst
17-2141.00,1.A.1.b.7,Category Flexibility,LV,4.12,8,0.125,3.88,4.37,N,N,08/2024,Analyst
17-2141.00,1.A.1.c.1,Mathematical Reasoning,IM,3.88,8,0.125,3.63,4.12,N,,08/2024,Analyst
17-2141.00,1.A.1.c.1,Mathematical Reasoning,LV,4.5,8,0.2673,3.9762,5.0238,N,N,08/2024,Analyst
17-2141.00,1.A.1.c.2,Number Facility,IM,3.62,8,0.183,3.2664,3.9836,N,,08/2024,Analyst
17-2141.00,1.A.1.c.2,Number Facility,LV,4.12,8,0.2266,3.6809,4.5691,N,N,08/2024,Analyst
17-2141.00,1.A.1.d.1,Memorization,IM,3.0,8,0.189,2.6296,3.3704,N,,08/2024,Analyst
17-2141.00,1.A.1.d.1,Memorization,LV,3.0,8,0.189,2.6296,3.3704,N,N,08/2024,Analyst
17-2141.00,1.A.1.e.1,Speed of Closure,IM,2.88,8,0.125,2.63,3.12,N,,08/2024,Analyst
17-2141.00,1.A.1.e.1,Speed of Closure,LV,2.88,8,0.125,2.63,3.12,N,N,08/2024,Analyst
17-2141.00,1.A.1.e.2,Flexibility of Closure,IM,3.25,8,0.1637,2.9292,3.5708,N,,08/2024,Analyst
17-2141.00,1.A.1.e.2,Flexibility of Closure,LV,3.38,8,0.183,3.0164,3.7336,N,N,08/2024,Analyst
17-2141.00,1.A.1.e.3,Perceptual Speed,IM,3.0,8,0.0,3.0,3.0,N,,08/2024,Analyst
17-2141.00,1.A.1.e.3,Perceptual Speed,LV,3.25,8,0.1637,2.9292,3.5708,N,N,08/2024,Analyst
17-2141.00,1.A.1.f.1,Spatial Orientation,IM,1.5,8,0.2673,1.0,2.0238,N,,08/2024,Analyst
17-2141.00,1.A.1.f.1,Spatial Orientation,LV,0.5,8,0.2673,0.0,1.0238,N,N,08/2024,Analyst
17-2141.00,1.A.1.f.2,Visualization,IM,3.5,8,0.189,3.1296,3.8704,N,,08/2024,Analyst
17-2141.00,1.A.1.f.2,Visualization,LV,3.88,8,0.2266,3.4309,4.3191,N,N,08/2024,Analyst
17-2141.00,1.A.1.g.1,Selective Attention,IM,3.0,8,0.0,3.0,3.0,N,,08/2024,Analyst
17-2141.00,1.A.1.g.1,Selective Attention,LV,3.25,8,0.1637,2.9292,3.5708,N,N,08/2024,Analyst
17-2141.00,1.A.1.g.2,Time Sharing,IM,2.62,8,0.183,2.2664,2.9836,N,,08/2024,Analyst
17-2141.00,1.A.1.g.2,Time Sharing,LV,2.75,8,0.1637,2.4292,3.0708,N,N,08/2024,Analyst
17-2141.00,1.A.2.a.1,Arm-Hand Steadiness,IM,2.0,8,0.0,2.0,2.0,N,,08/2024,Analyst
17-2141.00,1.A.2.a.1,Arm-Hand Steadiness,LV,2.0,8,0.0,2.0,2.0,N,N,08/2024,Analyst
17-2141.00,1.A.2.a.2,Manual Dexterity,IM,1.62,8,0.183,1.2664,1.9836,N,,08/2024,Analyst
17-2141.00,1.A.2.a.2,Manual Dexterity,LV,1.0,8,0.3273,0.3584,1.6416,N,N,08/2024,Analyst
17-2141.00,1.A.2.a.3,Finger Dexterity,IM,2.25,8,0.1637,1.9292,2.5708,N,,08/2024,Analyst
17-2141.00,1.A.2.a.3,Finger Dexterity,LV,2.12,8,0.125,1.88,2.37,N,N,08/2024,Analyst
17-2141.00,1.A.2.b.1,Control Precision,IM,1.88,8,0.125,1.63,2.12,N,,08/2024,Analyst
17-2141.00,1.A.2.b.1,Control Precision,LV,1.25,8,0.25,0.76,1.74,N,N,08/2024,Analyst
17-2141.00,1.A.2.b.2,Multilimb Coordination,IM,1.0,8,0.0,1.0,1.0,N,,08/2024,Analyst
17-2141.00,1.A.2.b.2,Multilimb Coordination,LV,0.0,8,0.0,0.0,0.0,N,Y,08/2024,Analyst
17-2141.00,1.A.2.b.3,Response Orientation,IM,1.0,8,0.0,1.0,1.0,N,,08/2024,Analyst
17-2141.00,1.A.2.b.3,Response Orientation,LV,0.0,8,0.0,0.0,0.0,N,Y,08/2024,Analyst
17-2141.00,1.A.2.b.4,Rate Control,IM,1.38,8,0.183,1.0164,1.7336,N,,08/2024,Analyst
17-2141.00,1.A.2.b.4,Rate Control,LV,0.38,8,0.183,0.0164,0.7336,N,N,08/2024,Analyst
17-2141.00,1.A.2.c.1,Reaction Time,IM,1.88,8,0.125,1.63,2.12,N,,08/2024,Analyst
17-2141.00,1.A.2.c.1,Reaction Time,LV,1.5,8,0.2673,0.9762,2.0238,N,N,08/2024,Analyst
17-2141.00,1.A.2.c.2,Wrist-Finger Speed,IM,1.75,8,0.1637,1.4292,2.0708,N,,08/2024,Analyst
17-2141.00,1.A.2.c.2,Wrist-Finger Speed,LV,0.88,8,0.2266,0.4309,1.3191,N,N,08/2024,Analyst
17-2141.00,1.A.2.c.3,Speed of Limb Movement,IM,1.0,8,0.0,1.0,1.0,N,,08/2024,Analyst
17-2141.00,1.A.2.c.3,Speed of Limb Movement,LV,0.0,8,0.0,0.0,0.0,N,Y,08/2024,Analyst
17-2141.00,1.A.3.a.1,Static Strength,IM,1.0,8,0.0,1.0,1.0,N,,08/2024,Analyst
17-2141.00,1.A.3.a.1,Static Strength,LV,0.0,8,0.0,0.0,0.0,N,Y,08/2024,Analyst
17-2141.00,1.A.3.a.2,Explosive Strength,IM,1.0,8,0.0,1.0,1.0,N,,08/2024,Analyst
17-2141.00,1.A.3.a.2,Explosive Strength,LV,0.0,8,0.0,0.0,0.0,N,Y,08/2024,Analyst
17-2141.00,1.A.3.a.3,Dynamic Strength,IM,1.0,8,0.0,1.0,1.0,N,,08/2024,Analyst
17-2141.00,1.A.3.a.3,Dynamic Strength,LV,0.0,8,0.0,0.0,0.0,N,Y,08/2024,Analyst
17-2141.00,1.A.3.a.4,Trunk Strength,IM,1.75,8,0.1637,1.4292,2.0708,N,,08/2024,Analyst
17-2141.00,1.A.3.a.4,Trunk Strength,LV,1.25,8,0.3134,0.6358,1.8642,N,N,08/2024,Analyst
17-2141.00,1.A.3.b.1,Stamina,IM,1.0,8,0.0,1.0,1.0,N,,08/2024,Analyst
17-2141.00,1.A.3.b.1,Stamina,LV,0.0,8,0.0,0.0,0.0,N,Y,08/2024,Analyst
17-2141.00,1.A.3.c.1,Extent Flexibility,IM,1.38,8,0.183,1.0164,1.7336,N,,08/2024,Analyst
17-2141.00,1.A.3.c.1,Extent Flexibility,LV,0.38,8,0.183,0.0164,0.7336,N,N,08/2024,Analyst
17-2141.00,1.A.3.c.2,Dynamic Flexibility,IM,1.0,8,0.0,1.0,1.0,N,,08/2024,Analyst
17-2141.00,1.A.3.c.2,Dynamic Flexibility,LV,0.0,8,0.0,0.0,0.0,N,Y,08/2024,Analyst
17-2141.00,1.A.3.c.3,Gross Body Coordination,IM,1.0,8,0.0,1.0,1.0,N,,08/2024,Analyst
17-2141.00,1.A.3.c.3,Gross Body Coordination,LV,0.0,8,0.0,0.0,0.0,N,Y,08/2024,Analyst
17-2141.00,1.A.3.c.4,Gross Body Equilibrium,IM,1.0,8,0.0,1.0,1.0,N,,08/2024,Analyst
17-2141.00,1.A.3.c.4,Gross Body Equilibrium,LV,0.0,8,0.0,0.0,0.0,N,Y,08/2024,Analyst
17-2141.00,1.A.4.a.1,Near Vision,IM,3.88,8,0.125,3.63,4.12,N,,08/2024,Analyst
17-2141.00,1.A.4.a.1,Near Vision,LV,4.0,8,0.0,4.0,4.0,N,N,08/2024,Analyst
17-2141.00,1.A.4.a.2,Far Vision,IM,2.88,8,0.125,2.63,3.12,N,,08/2024,Analyst
17-2141.00,1.A.4.a.2,Far Vision,LV,3.12,8,0.125,2.88,3.37,N,N,08/2024,Analyst
17-2141.00,1.A.4.a.3,Visual Color Discrimination,IM,2.75,8,0.1637,2.4292,3.0708,N,,08/2024,Analyst
17-2141.00,1.A.4.a.3,Visual Color Discrimination,LV,2.88,8,0.125,2.63,3.12,N,N,08/2024,Analyst
17-2141.00,1.A.4.a.4,Night Vision,IM,1.0,8,0.0,1.0,1.0,N,,08/2024,Analyst
17-2141.00,1.A.4.a.4,Night Vision,LV,0.0,8,0.0,0.0,0.0,N,Y,08/2024,Analyst
17-2141.00,1.A.4.a.5,Peripheral Vision,IM,1.12,8,0.125,1.0,1.37,N,,08/2024,Analyst
17-2141.00,1.A.4.a.5,Peripheral Vision,LV,0.12,8,0.125,0.0,0.37,N,Y,08/2024,Analyst
17-2141.00,1.A.4.a.6,Depth Perception,IM,1.88,8,0.125,1.63,2.12,N,,08/2024,Analyst
17-2141.00,1.A.4.a.6,Depth Perception,LV,1.75,8,0.25,1.26,2.24,N,N,08/2024,Analyst
17-2141.00,1.A.4.a.7,Glare Sensitivity,IM,1.0,8,0.0,1.0,1.0,N,,08/2024,Analyst
17-2141.00,1.A.4.a.7,Glare Sensitivity,LV,0.0,8,0.0,0.0,0.0,N,Y,08/2024,Analyst
17-2141.00,1.A.4.b.1,Hearing Sensitivity,IM,2.25,8,0.1637,1.9292,2.5708,N,,08/2024,Analyst
17-2141.00,1.A.4.b.1,Hearing Sensitivity,LV,2.5,8,0.189,2.1296,2.8704,N,N,08/2024,Analyst
17-2141.00,1.A.4.b.2,Auditory Attention,IM,2.5,8,0.189,2.1296,2.8704,N,,08/2024,Analyst
17-2141.00,1.A.4.b.2,Auditory Attention,LV,2.5,8,0.189,2.1296,2.8704,N,N,08/2024,Analyst
17-2141.00,1.A.4.b.3,Sound Localization,IM,1.0,8,0.0,1.0,1.0,N,,08/2024,Analyst
17-2141.00,1.A.4.b.3,Sound Localization,LV,0.0,8,0.0,0.0,0.0,N,Y,08/2024,Analyst
17-2141.00,1.A.4.b.4,Speech Recognition,IM,3.25,8,0.1637,2.9292,3.5708,N,,08/2024,Analyst
17-2141.00,1.A.4.b.4,Speech Recognition,LV,3.5,8,0.189,3.1296,3.8704,N,N,08/2024,Analyst
17-2141.00,1.A.4.b.5,Speech Clarity,IM,3.25,8,0.1637,2.9292,3.5708,N,,08/2024,Analyst
17-2141.00,1.A.4.b.5,Speech Clarity,LV,3.25,8,0.1637,2.9292,3.5708,N,N,08/2024,Analyst
17-2141.01,1.A.1.a.1,Oral Comprehension,IM,4.0,8,0.0,4.0,4.0,N,,08/2022,Analyst
17-2141.01,1.A.1.a.1,Oral Comprehension,LV,4.88,8,0.2266,4.4309,5.3191,N,N,08/2022,Analyst
17-2141.01,1.A.1.a.2,Written Comprehension,IM,4.0,8,0.0,4.0,4.0,N,,08/2022,Analyst
17-2141.01,1.A.1.a.2,Written Comprehension,LV,4.88,8,0.125,4.63,5.12,N,N,08/2022,Analyst
17-2141.01,1.A.1.a.3,Oral Expression,IM,4.0,8,0.0,4.0,4.0,N,,08/2022,Analyst
17-2141.01,1.A.1.a.3,Oral Expression,LV,4.75,8,0.1637,4.4292,5.0708,N,N,08/2022,Analyst
17-2141.01,1.A.1.a.4,Written Expression,IM,4.0,8,0.0,4.0,4.0,N,,08/2022,Analyst
17-2141.01,1.A.1.a.4,Written Expression,LV,4.5,8,0.189,4.1296,4.8704,N,N,08/2022,Analyst
17-2141.01,1.A.1.b.1,Fluency of Ideas,IM,3.62,8,0.183,3.2664,3.9836,N,,08/2022,Analyst
17-2141.01,1.A.1.b.1,Fluency of Ideas,LV,4.25,8,0.1637,3.9292,4.5708,N,N,08/2022,Analyst
17-2141.01,1.A.1.b.2,Originality,IM,3.5,8,0.189,3.1296,3.8704,N,,08/2022,Analyst
17-2141.01,1.A.1.b.2,Originality,LV,4.0,8,0.189,3.6296,4.3704,N,N,08/2022,Analyst
17-2141.01,1.A.1.b.3,Problem Sensitivity,IM,4.0,8,0.0,4.0,4.0,N,,08/2022,Analyst
17-2141.01,1.A.1.b.3,Problem Sensitivity,LV,4.25,8,0.1637,3.9292,4.5708,N,N,08/2022,Analyst
17-2141.01,1.A.1.b.4,Deductive Reasoning,IM,4.0,8,0.0,4.0,4.0,N,,08/2022,Analyst
17-2141.01,1.A.1.b.4,Deductive Reasoning,LV,4.12,8,0.125,3.88,4.37,N,N,08/2022,Analyst
17-2141.01,1.A.1.b.5,Inductive Reasoning,IM,4.0,8,0.0,4.0,4.0,N,,08/2022,Analyst
17-2141.01,1.A.1.b.5,Inductive Reasoning,LV,4.12,8,0.125,3.88,4.37,N,N,08/2022,Analyst
17-2141.01,1.A.1.b.6,Information Ordering,IM,3.75,8,0.1637,3.4292,4.0708,N,,08/2022,Analyst
17-2141.01,1.A.1.b.6,Information Ordering,LV,4.0,8,0.189,3.6296,4.3704,N,N,08/2022,Analyst
17-2141.01,1.A.1.b.7,Category Flexibility,IM,3.75,8,0.1637,3.4292,4.0708,N,,08/2022,Analyst
17-2141.01,1.A.1.b.7,Category Flexibility,LV,4.0,8,0.189,3.6296,4.3704,N,N,08/2022,Analyst
17-2141.01,1.A.1.c.1,Mathematical Reasoning,IM,3.88,8,0.125,3.63,4.12,N,,08/2022,Analyst
17-2141.01,1.A.1.c.1,Mathematical Reasoning,LV,4.12,8,0.125,3.88,4.37,N,N,08/2022,Analyst
17-2141.01,1.A.1.c.2,Number Facility,IM,3.25,8,0.1637,2.9292,3.5708,N,,08/2022,Analyst
17-2141.01,1.A.1.c.2,Number Facility,LV,3.75,8,0.25,3.26,4.24,N,N,08/2022,Analyst
17-2141.01,1.A.1.d.1,Memorization,IM,2.88,8,0.125,2.63,3.12,N,,08/2022,Analyst
17-2141.01,1.A.1.d.1,Memorization,LV,2.88,8,0.125,2.63,3.12,N,N,08/2022,Analyst
17-2141.01,1.A.1.e.1,Speed of Closure,IM,3.0,8,0.0,3.0,3.0,N,,08/2022,Analyst
17-2141.01,1.A.1.e.1,Speed of Closure,LV,3.0,8,0.0,3.0,3.0,N,N,08/2022,Analyst
17-2141.01,1.A.1.e.2,Flexibility of Closure,IM,3.38,8,0.183,3.0164,3.7336,N,,08/2022,Analyst
17-2141.01,1.A.1.e.2,Flexibility of Closure,LV,3.62,8,0.183,3.2664,3.9836,N,N,08/2022,Analyst
17-2141.01,1.A.1.e.3,Perceptual Speed,IM,3.0,8,0.0,3.0,3.0,N,,08/2022,Analyst
17-2141.01,1.A.1.e.3,Perceptual Speed,LV,3.62,8,0.183,3.2664,3.9836,N,N,08/2022,Analyst
17-2141.01,1.A.1.f.1,Spatial Orientation,IM,1.25,8,0.1637,1.0,1.5708,N,,08/2022,Analyst
17-2141.01,1.A.1.f.1,Spatial Orientation,LV,0.38,8,0.2631,0.0,0.8906,N,Y,08/2022,Analyst
17-2141.01,1.A.1.f.2,Visualization,IM,3.25,8,0.1637,2.9292,3.5708,N,,08/2022,Analyst
17-2141.01,1.A.1.f.2,Visualization,LV,3.88,8,0.2266,3.4309,4.3191,N,N,08/2022,Analyst
17-2141.01,1.A.1.g.1,Selective Attention,IM,3.38,8,0.183,3.0164,3.7336,N,,08/2022,Analyst
17-2141.01,1.A.1.g.1,Selective Attention,LV,3.25,8,0.1637,2.9292,3.5708,N,N,08/2022,Analyst
17-2141.01,1.A.1.g.2,Time Sharing,IM,2.75,8,0.1637,2.4292,3.0708,N,,08/2022,Analyst
17-2141.01,1.A.1.g.2,Time Sharing,LV,2.75,8,0.1637,2.4292,3.0708,N,N,08/2022,Analyst
17-2141.01,1.A.2.a.1,Arm-Hand Steadiness,IM,2.75,8,0.1637,2.4292,3.0708,N,,08/2022,Analyst
17-2141.01,1.A.2.a.1,Arm-Hand Steadiness,LV,3.0,8,0.0,3.0,3.0,N,N,08/2022,Analyst
17-2141.01,1.A.2.a.2,Manual Dexterity,IM,2.25,8,0.1637,1.9292,2.5708,N,,08/2022,Analyst
17-2141.01,1.A.2.a.2,Manual Dexterity,LV,2.25,8,0.1637,1.9292,2.5708,N,N,08/2022,Analyst
17-2141.01,1.A.2.a.3,Finger Dexterity,IM,2.88,8,0.125,2.63,3.12,N,,08/2022,Analyst
17-2141.01,1.A.2.a.3,Finger Dexterity,LV,2.88,8,0.125,2.63,3.12,N,N,08/2022,Analyst
17-2141.01,1.A.2.b.1,Control Precision,IM,2.75,8,0.1637,2.4292,3.0708,N,,08/2022,Analyst
17-2141.01,1.A.2.b.1,Control Precision,LV,2.88,8,0.125,2.63,3.12,N,N,08/2022,Analyst
17-2141.01,1.A.2.b.2,Multilimb Coordination,IM,1.62,8,0.183,1.2664,1.9836,N,,08/2022,Analyst
17-2141.01,1.A.2.b.2,Multilimb Coordination,LV,1.0,8,0.3273,0.3584,1.6416,N,N,08/2022,Analyst
17-2141.01,1.A.2.b.3,Response Orientation,IM,1.75,8,0.1637,1.4292,2.0708,N,,08/2022,Analyst
17-2141.01,1.A.2.b.3,Response Orientation,LV,1.0,8,0.2673,0.4762,1.5238,N,N,08/2022,Analyst
17-2141.01,1.A.2.b.4,Rate Control,IM,1.62,8,0.183,1.2664,1.9836,N,,08/2022,Analyst
17-2141.01,1.A.2.b.4,Rate Control,LV,0.75,8,0.25,0.26,1.24,N,N,08/2022,Analyst
17-2141.01,1.A.2.c.1,Reaction Time,IM,1.5,8,0.189,1.1296,1.8704,N,,08/2022,Analyst
17-2141.01,1.A.2.c.1,Reaction Time,LV,0.62,8,0.2631,0.1094,1.1406,N,N,08/2022,Analyst
17-2141.01,1.A.2.c.2,Wrist-Finger Speed,IM,1.88,8,0.125,1.63,2.12,N,,08/2022,Analyst
17-2141.01,1.A.2.c.2,Wrist-Finger Speed,LV,1.25,8,0.25,0.76,1.74,N,N,08/2022,Analyst
17-2141.01,1.A.2.c.3,Speed of Limb Movement,IM,1.0,8,0.0,1.0,1.0,N,,08/2022,Analyst
17-2141.01,1.A.2.c.3,Speed of Limb Movement,LV,0.0,8,0.0,0.0,0.0,N,Y,08/2022,Analyst
17-2141.01,1.A.3.a.1,Static Strength,IM,1.0,8,0.0,1.0,1.0,N,,08/2022,Analyst
17-2141.01,1.A.3.a.1,Static Strength,LV,0.0,8,0.0,0.0,0.0,N,Y,08/2022,Analyst
17-2141.01,1.A.3.a.2,Explosive Strength,IM,1.0,8,0.0,1.0,1.0,N,,08/2022,Analyst
17-2141.01,1.A.3.a.2,Explosive Strength,LV,0.0,8,0.0,0.0,0.0,N,Y,08/2022,Analyst
17-2141.01,1.A.3.a.3,Dynamic Strength,IM,1.0,8,0.0,1.0,1.0,N,,08/2022,Analyst
17-2141.01,1.A.3.a.3,Dynamic Strength,LV,0.0,8,0.0,0.0,0.0,N,Y,08/2022,Analyst
17-2141.01,1.A.3.a.4,Trunk Strength,IM,1.62,8,0.183,1.2664,1.9836,N,,08/2022,Analyst
17-2141.01,1.A.3.a.4,Trunk Strength,LV,1.0,8,0.3273,0.3584,1.6416,N,N,08/2022,Analyst
17-2141.01,1.A.3.b.1,Stamina,IM,1.0,8,0.0,1.0,1.0,N,,08/2022,Analyst
17-2141.01,1.A.3.b.1,Stamina,LV,0.0,8,0.0,0.0,0.0,N,Y,08/2022,Analyst
17-2141.01,1.A.3.c.1,Extent Flexibility,IM,1.38,8,0.183,1.0164,1.7336,N,,08/2022,Analyst
17-2141.01,1.A.3.c.1,Extent Flexibility,LV,0.38,8,0.183,0.0164,0.7336,N,N,08/2022,Analyst
17-2141.01,1.A.3.c.2,Dynamic Flexibility,IM,1.0,8,0.0,1.0,1.0,N,,08/2022,Analyst
17-2141.01,1.A.3.c.2,Dynamic Flexibility,LV,0.0,8,0.0,0.0,0.0,N,Y,08/2022,Analyst
17-2141.01,1.A.3.c.3,Gross Body Coordination,IM,1.0,8,0.0,1.0,1.0,N,,08/2022,Analyst
17-2141.01,1.A.3.c.3,Gross Body Coordination,LV,0.0,8,0.0,0.0,0.0,N,Y,08/2022,Analyst
17-2141.01,1.A.3.c.4,Gross Body Equilibrium,IM,1.0,8,0.0,1.0,1.0,N,,08/2022,Analyst
17-2141.01,1.A.3.c.4,Gross Body Equilibrium,LV,0.0,8,0.0,0.0,0.0,N,Y,08/2022,Analyst
17-2141.01,1.A.4.a.1,Near Vision,IM,3.75,8,0.1637,3.4292,4.0708,N,,08/2022,Analyst
17-2141.01,1.A.4.a.1,Near Vision,LV,3.88,8,0.125,3.63,4.12,N,N,08/2022,Analyst
17-2141.01,1.A.4.a.2,Far Vision,IM,3.0,8,0.189,2.6296,3.3704,N,,08/2022,Analyst
17-2141.01,1.A.4.a.2,Far Vision,LV,3.12,8,0.125,2.88,3.37,N,N,08/2022,Analyst
17-2141.01,1.A.4.a.3,Visual Color Discrimination,IM,2.75,8,0.1637,2.4292,3.0708,N,,08/2022,Analyst
17-2141.01,1.A.4.a.3,Visual Color Discrimination,LV,2.88,8,0.125,2.63,3.12,N,N,08/2022,Analyst
17-2141.01,1.A.4.a.4,Night Vision,IM,1.0,8,0.0,1.0,1.0,N,,08/2022,Analyst
17-2141.01,1.A.4.a.4,Night Vision,LV,0.0,8,0.0,0.0,0.0,N,Y,08/2022,Analyst
17-2141.01,1.A.4.a.5,Peripheral Vision,IM,1.12,8,0.125,1.0,1.37,N,,08/2022,Analyst
17-2141.01,1.A.4.a.5,Peripheral Vision,LV,0.12,8,0.125,0.0,0.37,N,Y,08/2022,Analyst
17-2141.01,1.A.4.a.6,Depth Perception,IM,2.12,8,0.125,1.88,2.37,N,,08/2022,Analyst
17-2141.01,1.A.4.a.6,Depth Perception,LV,2.0,8,0.189,1.6296,2.3704,N,N,08/2022,Analyst
17-2141.01,1.A.4.a.7,Glare Sensitivity,IM,1.0,8,0.0,1.0,1.0,N,,08/2022,Analyst
17-2141.01,1.A.4.a.7,Glare Sensitivity,LV,0.0,8,0.0,0.0,0.0,N,Y,08/2022,Analyst
17-2141.01,1.A.4.b.1,Hearing Sensitivity,IM,2.38,8,0.183,2.0164,2.7336,N,,08/2022,Analyst
17-2141.01,1.A.4.b.1,Hearing Sensitivity,LV,2.62,8,0.183,2.2664,2.9836,N,N,08/2022,Analyst
17-2141.01,1.A.4.b.2,Auditory Attention,IM,2.12,8,0.125,1.88,2.37,N,,08/2022,Analyst
17-2141.01,1.A.4.b.2,Auditory Attention,LV,2.12,8,0.125,1.88,2.37,N,N,08/2022,Analyst
17-2141.01,1.A.4.b.3,Sound Localization,IM,1.25,8,0.1637,1.0,1.5708,N,,08/2022,Analyst
17-2141.01,1.A.4.b.3,Sound Localization,LV,0.25,8,0.1637,0.0,0.5708,N,Y,08/2022,Analyst
17-2141.01,1.A.4.b.4,Speech Recognition,IM,3.25,8,0.1637,2.9292,3.5708,N,,08/2022,Analyst
17-2141.01,1.A.4.b.4,Speech Recognition,LV,3.38,8,0.183,3.0164,3.7336,N,N,08/2022,Analyst
17-2141.01,1.A.4.b.5,Speech Clarity,IM,3.0,8,0.0,3.0,3.0,N,,08/2022,Analyst
17-2141.01,1.A.4.b.5,Speech Clarity,LV,3.12,8,0.125,2.88,3.37,N,N,08/2022,Analyst
17-2141.02,1.A.1.a.1,Oral Comprehension,IM,4.0,8,0.0,4.0,4.0,N,,08/2022,Analyst
17-2141.02,1.A.1.a.1,Oral Comprehension,LV,4.75,8,0.1637,4.4292,5.0708,N,N,08/2022,Analyst
17-2141.02,1.A.1.a.2,Written Comprehension,IM,4.0,8,0.0,4.0,4.0,N,,08/2022,Analyst
17-2141.02,1.A.1.a.2,Written Comprehension,LV,4.75,8,0.1637,4.4292,5.0708,N,N,08/2022,Analyst
17-2141.02,1.A.1.a.3,Oral Expression,IM,4.0,8,0.0,4.0,4.0,N,,08/2022,Analyst
17-2141.02,1.A.1.a.3,Oral Expression,LV,4.38,8,0.183,4.0164,4.7336,N,N,08/2022,Analyst
17-2141.02,1.A.1.a.4,Written Expression,IM,3.88,8,0.125,3.63,4.12,N,,08/2022,Analyst
17-2141.02,1.A.1.a.4,Written Expression,LV,4.0,8,0.0,4.0,4.0,N,N,08/2022,Analyst
17-2141.02,1.A.1.b.1,Fluency of Ideas,IM,3.88,8,0.125,3.63,4.12,N,,08/2022,Analyst
17-2141.02,1.A.1.b.1,Fluency of Ideas,LV,4.0,8,0.189,3.6296,4.3704,N,N,08/2022,Analyst
17-2141.02,1.A.1.b.2,Originality,IM,3.88,8,0.125,3.63,4.12,N,,08/2022,Analyst
17-2141.02,1.A.1.b.2,Originality,LV,4.62,8,0.2631,4.1094,5.1406,N,N,08/2022,Analyst
17-2141.02,1.A.1.b.3,Problem Sensitivity,IM,4.0,8,0.189,3.6296,4.3704,N,,08/2022,Analyst
17-2141.02,1.A.1.b.3,Problem Sensitivity,LV,4.25,8,0.1637,3.9292,4.5708,N,N,08/2022,Analyst
17-2141.02,1.A.1.b.4,Deductive Reasoning,IM,4.0,8,0.0,4.0,4.0,N,,08/2022,Analyst
17-2141.02,1.A.1.b.4,Deductive Reasoning,LV,4.88,8,0.125,4.63,5.12,N,N,08/2022,Analyst
17-2141.02,1.A.1.b.5,Inductive Reasoning,IM,4.0,8,0.0,4.0,4.0,N,,08/2022,Analyst
17-2141.02,1.A.1.b.5,Inductive Reasoning,LV,4.62,8,0.183,4.2664,4.9836,N,N,08/2022,Analyst
17-2141.02,1.A.1.b.6,Information Ordering,IM,3.75,8,0.1637,3.4292,4.0708,N,,08/2022,Analyst
17-2141.02,1.A.1.b.6,Information Ordering,LV,4.5,8,0.189,4.1296,4.8704,N,N,08/2022,Analyst
17-2141.02,1.A.1.b.7,Category Flexibility,IM,3.62,8,0.183,3.2664,3.9836,N,,08/2022,Analyst
17-2141.02,1.A.1.b.7,Category Flexibility,LV,4.0,8,0.189,3.6296,4.3704,N,N,08/2022,Analyst
17-2141.02,1.A.1.c.1,Mathematical Reasoning,IM,3.88,8,0.125,3.63,4.12,N,,08/2022,Analyst
17-2141.02,1.A.1.c.1,Mathematical Reasoning,LV,4.75,8,0.1637,4.4292,5.0708,N,N,08/2022,Analyst
17-2141.02,1.A.1.c.2,Number Facility,IM,3.75,8,0.1637,3.4292,4.0708,N,,08/2022,Analyst
17-2141.02,1.A.1.c.2,Number Facility,LV,4.12,8,0.2266,3.6809,4.5691,N,N,08/2022,Analyst
17-2141.02,1.A.1.d.1,Memorization,IM,2.62,8,0.183,2.2664,2.9836,N,,08/2022,Analyst
17-2141.02,1.A.1.d.1,Memorization,LV,2.62,8,0.2631,2.1094,3.1406,N,N,08/2022,Analyst
17-2141.02,1.A.1.e.1,Speed of Closure,IM,2.75,8,0.1637,2.4292,3.0708,N,,08/2022,Analyst
17-2141.02,1.A.1.e.1,Speed of Closure,LV,3.0,8,0.2673,2.4762,3.5238,N,N,08/2022,Analyst
17-2141.02,1.A.1.e.2,Flexibility of Closure,IM,2.88,8,0.125,2.63,3.12,N,,08/2022,Analyst
17-2141.02,1.A.1.e.2,Flexibility of Closure,LV,3.0,8,0.189,2.6296,3.3704,N,N,08/2022,Analyst
17-2141.02,1.A.1.e.3,Perceptual Speed,IM,2.88,8,0.125,2.63,3.12,N,,08/2022,Analyst
17-2141.02,1.A.1.e.3,Perceptual Speed,LV,2.88,8,0.125,2.63,3.12,N,N,08/2022,Analyst
17-2141.02,1.A.1.f.1,Spatial Orientation,IM,2.0,8,0.0,2.0,2.0,N,,08/2022,Analyst
17-2141.02,1.A.1.f.1,Spatial Orientation,LV,1.62,8,0.183,1.2664,1.9836,N,N,08/2022,Analyst
17-2141.02,1.A.1.f.2,Visualization,IM,3.75,8,0.1637,3.4292,4.0708,N,,08/2022,Analyst
17-2141.02,1.A.1.f.2,Visualization,LV,4.12,8,0.125,3.88,4.37,N,N,08/2022,Analyst
17-2141.02,1.A.1.g.1,Selective Attention,IM,3.0,8,0.0,3.0,3.0,N,,08/2022,Analyst
17-2141.02,1.A.1.g.1,Selective Attention,LV,3.0,8,0.0,3.0,3.0,N,N,08/2022,Analyst
17-2141.02,1.A.1.g.2,Time Sharing,IM,2.25,8,0.1637,1.9292,2.5708,N,,08/2022,Analyst
17-2141.02,1.A.1.g.2,Time Sharing,LV,2.62,8,0.183,2.2664,2.9836,N,N,08/2022,Analyst
17-2141.02,1.A.2.a.1,Arm-Hand Steadiness,IM,2.0,8,0.0,2.0,2.0,N,,08/2022,Analyst
17-2141.02,1.A.2.a.1,Arm-Hand Steadiness,LV,1.62,8,0.183,1.2664,1.9836,N,N,08/2022,Analyst
17-2141.02,1.A.2.a.2,Manual Dexterity,IM,1.62,8,0.183,1.2664,1.9836,N,,08/2022,Analyst
17-2141.02,1.A.2.a.2,Manual Dexterity,LV,1.0,8,0.3273,0.3584,1.6416,N,N,08/2022,Analyst
17-2141.02,1.A.2.a.3,Finger Dexterity,IM,2.12,8,0.295,1.5467,2.7033,N,,08/2022,Analyst
17-2141.02,1.A.2.a.3,Finger Dexterity,LV,1.75,8,0.4119,0.9427,2.5573,N,N,08/2022,Analyst
17-2141.02,1.A.2.b.1,Control Precision,IM,2.0,8,0.0,2.0,2.0,N,,08/2022,Analyst
17-2141.02,1.A.2.b.1,Control Precision,LV,2.0,8,0.189,1.6296,2.3704,N,N,08/2022,Analyst
17-2141.02,1.A.2.b.2,Multilimb Coordination,IM,2.0,8,0.0,2.0,2.0,N,,08/2022,Analyst
17-2141.02,1.A.2.b.2,Multilimb Coordination,LV,1.62,8,0.183,1.2664,1.9836,N,N,08/2022,Analyst
17-2141.02,1.A.2.b.3,Response Orientation,IM,2.0,8,0.0,2.0,2.0,N,,08/2022,Analyst
17-2141.02,1.A.2.b.3,Response Orientation,LV,1.62,8,0.183,1.2664,1.9836,N,N,08/2022,Analyst
17-2141.02,1.A.2.b.4,Rate Control,IM,2.0,8,0.0,2.0,2.0,N,,08/2022,Analyst
17-2141.02,1.A.2.b.4,Rate Control,LV,1.12,8,0.125,0.88,1.37,N,N,08/2022,Analyst
17-2141.02,1.A.2.c.1,Reaction Time,IM,2.0,8,0.0,2.0,2.0,N,,08/2022,Analyst
17-2141.02,1.A.2.c.1,Reaction Time,LV,1.62,8,0.183,1.2664,1.9836,N,N,08/2022,Analyst
17-2141.02,1.A.2.c.2,Wrist-Finger Speed,IM,1.5,8,0.189,1.1296,1.8704,N,,08/2022,Analyst
17-2141.02,1.A.2.c.2,Wrist-Finger Speed,LV,0.62,8,0.2631,0.1094,1.1406,N,N,08/2022,Analyst
17-2141.02,1.A.2.c.3,Speed of Limb Movement,IM,1.5,8,0.189,1.1296,1.8704,N,,08/2022,Analyst
17-2141.02,1.A.2.c.3,Speed of Limb Movement,LV,0.5,8,0.189,0.1296,0.8704,N,N,08/2022,Analyst
17-2141.02,1.A.3.a.1,Static Strength,IM,1.0,8,0.0,1.0,1.0,N,,08/2022,Analyst
17-2141.02,1.A.3.a.1,Static Strength,LV,0.0,8,0.0,0.0,0.0,N,Y,08/2022,Analyst
17-2141.02,1.A.3.a.2,Explosive Strength,IM,1.0,8,0.0,1.0,1.0,N,,08/2022,Analyst
17-2141.02,1.A.3.a.2,Explosive Strength,LV,0.0,8,0.0,0.0,0.0,N,Y,08/2022,Analyst
17-2141.02,1.A.3.a.3,Dynamic Strength,IM,1.0,8,0.0,1.0,1.0,N,,08/2022,Analyst
17-2141.02,1.A.3.a.3,Dynamic Strength,LV,0.0,8,0.0,0.0,0.0,N,Y,08/2022,Analyst
17-2141.02,1.A.3.a.4,Trunk Strength,IM,1.5,8,0.189,1.1296,1.8704,N,,08/2022,Analyst
17-2141.02,1.A.3.a.4,Trunk Strength,LV,0.75,8,0.3134,0.1358,1.3642,N,N,08/2022,Analyst
17-2141.02,1.A.3.b.1,Stamina,IM,1.0,8,0.0,1.0,1.0,N,,08/2022,Analyst
17-2141.02,1.A.3.b.1,Stamina,LV,0.0,8,0.0,0.0,0.0,N,Y,08/2022,Analyst
17-2141.02,1.A.3.c.1,Extent Flexibility,IM,1.0,8,0.0,1.0,1.0,N,,08/2022,Analyst
17-2141.02,1.A.3.c.1,Extent Flexibility,LV,0.0,8,0.0,0.0,0.0,N,Y,08/2022,Analyst
17-2141.02,1.A.3.c.2,Dynamic Flexibility,IM,1.0,8,0.0,1.0,1.0,N,,08/2022,Analyst
17-2141.02,1.A.3.c.2,Dynamic Flexibility,LV,0.0,8,0.0,0.0,0.0,N,Y,08/2022,Analyst
17-2141.02,1.A.3.c.3,Gross Body Coordination,IM,1.0,8,0.0,1.0,1.0,N,,08/2022,Analyst
17-2141.02,1.A.3.c.3,Gross Body Coordination,LV,0.0,8,0.0,0.0,0.0,N,Y,08/2022,Analyst
17-2141.02,1.A.3.c.4,Gross Body Equilibrium,IM,1.0,8,0.0,1.0,1.0,N,,08/2022,Analyst
17-2141.02,1.A.3.c.4,Gross Body Equilibrium,LV,0.0,8,0.0,0.0,0.0,N,Y,08/2022,Analyst
17-2141.02,1.A.4.a.1,Near Vision,IM,3.75,8,0.1637,3.4292,4.0708,N,,08/2022,Analyst
17-2141.02,1.A.4.a.1,Near Vision,LV,4.0,8,0.189,3.6296,4.3704,N,N,08/2022,Analyst
17-2141.02,1.A.4.a.2,Far Vision,IM,3.0,8,0.0,3.0,3.0,N,,08/2022,Analyst
17-2141.02,1.A.4.a.2,Far Vision,LV,3.12,8,0.125,2.88,3.37,N,N,08/2022,Analyst
17-2141.02,1.A.4.a.3,Visual Color Discrimination,IM,2.88,8,0.125,2.63,3.12,N,,08/2022,Analyst
17-2141.02,1.A.4.a.3,Visual Color Discrimination,LV,3.12,8,0.125,2.88,3.37,N,N,08/2022,Analyst
17-2141.02,1.A.4.a.4,Night Vision,IM,2.0,8,0.0,2.0,2.0,N,,08/2022,Analyst
17-2141.02,1.A.4.a.4,Night Vision,LV,1.25,8,0.1637,0.9292,1.5708,N,N,08/2022,Analyst
17-2141.02,1.A.4.a.5,Peripheral Vision,IM,2.0,8,0.0,2.0,2.0,N,,08/2022,Analyst
17-2141.02,1.A.4.a.5,Peripheral Vision,LV,1.12,8,0.125,0.88,1.37,N,N,08/2022,Analyst
17-2141.02,1.A.4.a.6,Depth Perception,IM,2.25,8,0.1637,1.9292,2.5708,N,,08/2022,Analyst
17-2141.02,1.A.4.a.6,Depth Perception,LV,2.0,8,0.0,2.0,2.0,N,N,08/2022,Analyst
17-2141.02,1.A.4.a.7,Glare Sensitivity,IM,2.0,8,0.0,2.0,2.0,N,,08/2022,Analyst
17-2141.02,1.A.4.a.7,Glare Sensitivity,LV,1.25,8,0.1637,0.9292,1.5708,N,N,08/2022,Analyst
17-2141.02,1.A.4.b.1,Hearing Sensitivity,IM,2.12,8,0.125,1.88,2.37,N,,08/2022,Analyst
17-2141.02,1.A.4.b.1,Hearing Sensitivity,LV,2.88,8,0.125,2.63,3.12,N,N,08/2022,Analyst
17-2141.02,1.A.4.b.2,Auditory Attention,IM,2.12,8,0.125,1.88,2.37,N,,08/2022,Analyst
17-2141.02,1.A.4.b.2,Auditory Attention,LV,2.12,8,0.125,1.88,2.37,N,N,08/2022,Analyst
17-2141.02,1.A.4.b.3,Sound Localization,IM,2.0,8,0.0,2.0,2.0,N,,08/2022,Analyst
17-2141.02,1.A.4.b.3,Sound Localization,LV,1.5,8,0.189,1.1296,1.8704,N,N,08/2022,Analyst
17-2141.02,1.A.4.b.4,Speech Recognition,IM,3.75,8,0.1637,3.4292,4.0708,N,,08/2022,Analyst
17-2141.02,1.A.4.b.4,Speech Recognition,LV,3.38,8,0.183,3.0164,3.7336,N,N,08/2022,Analyst
17-2141.02,1.A.4.b.5,Speech Clarity,IM,3.75,8,0.1637,3.4292,4.0708,N,,08/2022,Analyst
17-2141.02,1.A.4.b.5,Speech Clarity,LV,3.12,8,0.125,2.88,3.37,N,N,08/2022,Analyst
17-2151.00,1.A.1.a.1,Oral Comprehension,IM,4.0,8,0.0,4.0,4.0,N,,08/2018,Analyst
17-2151.00,1.A.1.a.1,Oral Comprehension,LV,5.0,8,0.0,5.0,5.0,N,N,08/2018,Analyst
17-2151.00,1.A.1.a.2,Written Comprehension,IM,4.0,8,0.0,4.0,4.0,N,,08/2018,Analyst
17-2151.00,1.A.1.a.2,Written Comprehension,LV,4.88,8,0.125,4.63,5.12,N,N,08/2018,Analyst
17-2151.00,1.A.1.a.3,Oral Expression,IM,4.0,8,0.0,4.0,4.0,N,,08/2018,Analyst
17-2151.00,1.A.1.a.3,Oral Expression,LV,4.62,8,0.183,4.2664,4.9836,N,N,08/2018,Analyst
17-2151.00,1.A.1.a.4,Written Expression,IM,4.0,8,0.0,4.0,4.0,N,,08/2018,Analyst
17-2151.00,1.A.1.a.4,Written Expression,LV,4.62,8,0.183,4.2664,4.9836,N,N,08/2018,Analyst
17-2151.00,1.A.1.b.1,Fluency of Ideas,IM,3.75,8,0.1637,3.4292,4.0708,N,,08/2018,Analyst
17-2151.00,1.A.1.b.1,Fluency of Ideas,LV,4.0,8,0.189,3.6296,4.3704,N,N,08/2018,Analyst
17-2151.00,1.A.1.b.2,Originality,IM,3.5,8,0.189,3.1296,3.8704,N,,08/2018,Analyst
17-2151.00,1.A.1.b.2,Originality,LV,3.88,8,0.125,3.63,4.12,N,N,08/2018,Analyst
17-2151.00,1.A.1.b.3,Problem Sensitivity,IM,4.0,8,0.0,4.0,4.0,N,,08/2018,Analyst
17-2151.00,1.A.1.b.3,Problem Sensitivity,LV,4.5,8,0.189,4.1296,4.8704,N,N,08/2018,Analyst
17-2151.00,1.A.1.b.4,Deductive Reasoning,IM,4.0,8,0.0,4.0,4.0,N,,08/2018,Analyst
17-2151.00,1.A.1.b.4,Deductive Reasoning,LV,4.88,8,0.125,4.63,5.12,N,N,08/2018,Analyst
17-2151.00,1.A.1.b.5,Inductive Reasoning,IM,4.0,8,0.0,4.0,4.0,N,,08/2018,Analyst
17-2151.00,1.A.1.b.5,Inductive Reasoning,LV,4.62,8,0.183,4.2664,4.9836,N,N,08/2018,Analyst
17-2151.00,1.A.1.b.6,Information Ordering,IM,4.0,8,0.0,4.0,4.0,N,,08/2018,Analyst
17-2151.00,1.A.1.b.6,Information Ordering,LV,4.12,8,0.125,3.88,4.37,N,N,08/2018,Analyst
17-2151.00,1.A.1.b.7,Category Flexibility,IM,4.0,8,0.0,4.0,4.0,N,,08/2018,Analyst
17-2151.00,1.A.1.b.7,Category Flexibility,LV,4.12,8,0.125,3.88,4.37,N,N,08/2018,Analyst
17-2151.00,1.A.1.c.1,Mathematical Reasoning,IM,3.88,8,0.125,3.63,4.12,N,,08/2018,Analyst
17-2151.00,1.A.1.c.1,Mathematical Reasoning,LV,4.38,8,0.183,4.0164,4.7336,N,N,08/2018,Analyst
17-2151.00,1.A.1.c.2,Number Facility,IM,3.38,8,0.183,3.0164,3.7336,N,,08/2018,Analyst
17-2151.00,1.A.1.c.2,Number Facility,LV,3.75,8,0.25,3.26,4.24,N,N,08/2018,Analyst
17-2151.00,1.A.1.d.1,Memorization,IM,2.75,8,0.1637,2.4292,3.0708,N,,08/2018,Analyst
17-2151.00,1.A.1.d.1,Memorization,LV,2.75,8,0.1637,2.4292,3.0708,N,N,08/2018,Analyst
17-2151.00,1.A.1.e.1,Speed of Closure,IM,3.0,8,0.189,2.6296,3.3704,N,,08/2018,Analyst
17-2151.00,1.A.1.e.1,Speed of Closure,LV,3.38,8,0.2631,2.8594,3.8906,N,N,08/2018,Analyst
17-2151.00,1.A.1.e.2,Flexibility of Closure,IM,3.62,8,0.183,3.2664,3.9836,N,,08/2018,Analyst
17-2151.00,1.A.1.e.2,Flexibility of Closure,LV,3.88,8,0.125,3.63,4.12,N,N,08/2018,Analyst
17-2151.00,1.A.1.e.3,Perceptual Speed,IM,3.12,8,0.125,2.88,3.37,N,,08/2018,Analyst
17-2151.00,1.A.1.e.3,Perceptual Speed,LV,3.25,8,0.1637,2.9292,3.5708,N,N,08/2018,Analyst
17-2151.00,1.A.1.f.1,Spatial Orientation,IM,1.88,8,0.125,1.63,2.12,N,,08/2018,Analyst
17-2151.00,1.A.1.f.1,Spatial Orientation,LV,1.5,8,0.2673,0.9762,2.0238,N,N,08/2018,Analyst
17-2151.00,1.A.1.f.2,Visualization,IM,3.38,8,0.183,3.0164,3.7336,N,,08/2018,Analyst
17-2151.00,1.A.1.f.2,Visualization,LV,4.0,8,0.189,3.6296,4.3704,N,N,08/2018,Analyst
17-2151.00,1.A.1.g.1,Selective Attention,IM,3.38,8,0.183,3.0164,3.7336,N,,08/2018,Analyst
17-2151.00,1.A.1.g.1,Selective Attention,LV,3.5,8,0.189,3.1296,3.8704,N,N,08/2018,Analyst
17-2151.00,1.A.1.g.2,Time Sharing,IM,2.5,8,0.189,2.1296,2.8704,N,,08/2018,Analyst
17-2151.00,1.A.1.g.2,Time Sharing,LV,2.38,8,0.183,2.0164,2.7336,N,N,08/2018,Analyst
17-2151.00,1.A.2.a.1,Arm-Hand Steadiness,IM,1.12,8,0.125,1.0,1.37,N,,08/2018,Analyst
17-2151.00,1.A.2.a.1,Arm-Hand Steadiness,LV,0.12,8,0.125,0.0,0.37,N,Y,08/2018,Analyst
17-2151.00,1.A.2.a.2,Manual Dexterity,IM,1.0,8,0.0,1.0,1.0,N,,08/2018,Analyst
17-2151.00,1.A.2.a.2,Manual Dexterity,LV,0.0,8,0.0,0.0,0.0,N,Y,08/2018,Analyst
17-2151.00,1.A.2.a.3,Finger Dexterity,IM,1.75,8,0.1637,1.4292,2.0708,N,,08/2018,Analyst
17-2151.00,1.A.2.a.3,Finger Dexterity,LV,1.38,8,0.3239,0.7402,2.0098,N,N,08/2018,Analyst
17-2151.00,1.A.2.b.1,Control Precision,IM,1.38,8,0.183,1.0164,1.7336,N,,08/2018,Analyst
17-2151.00,1.A.2.b.1,Control Precision,LV,0.38,8,0.183,0.0164,0.7336,N,N,08/2018,Analyst
17-2151.00,1.A.2.b.2,Multilimb Coordination,IM,1.38,8,0.183,1.0164,1.7336,N,,08/2018,Analyst
17-2151.00,1.A.2.b.2,Multilimb Coordination,LV,0.38,8,0.183,0.0164,0.7336,N,N,08/2018,Analyst
17-2151.00,1.A.2.b.3,Response Orientation,IM,1.12,8,0.125,1.0,1.37,N,,08/2018,Analyst
17-2151.00,1.A.2.b.3,Response Orientation,LV,0.12,8,0.125,0.0,0.37,N,Y,08/2018,Analyst
17-2151.00,1.A.2.b.4,Rate Control,IM,1.0,8,0.0,1.0,1.0,N,,08/2018,Analyst
17-2151.00,1.A.2.b.4,Rate Control,LV,0.0,8,0.0,0.0,0.0,N,Y,08/2018,Analyst
17-2151.00,1.A.2.c.1,Reaction Time,IM,2.0,8,0.0,2.0,2.0,N,,08/2018,Analyst
17-2151.00,1.A.2.c.1,Reaction Time,LV,1.62,8,0.183,1.2664,1.9836,N,N,08/2018,Analyst
17-2151.00,1.A.2.c.2,Wrist-Finger Speed,IM,1.75,8,0.1637,1.4292,2.0708,N,,08/2018,Analyst
17-2151.00,1.A.2.c.2,Wrist-Finger Speed,LV,0.88,8,0.2266,0.4309,1.3191,N,N,08/2018,Analyst
17-2151.00,1.A.2.c.3,Speed of Limb Movement,IM,1.0,8,0.0,1.0,1.0,N,,08/2018,Analyst
17-2151.00,1.A.2.c.3,Speed of Limb Movement,LV,0.0,8,0.0,0.0,0.0,N,Y,08/2018,Analyst
17-2151.00,1.A.3.a.1,Static Strength,IM,1.0,8,0.0,1.0,1.0,N,,08/2018,Analyst
17-2151.00,1.A.3.a.1,Static Strength,LV,0.0,8,0.0,0.0,0.0,N,Y,08/2018,Analyst
17-2151.00,1.A.3.a.2,Explosive Strength,IM,1.0,8,0.0,1.0,1.0,N,,08/2018,Analyst
17-2151.00,1.A.3.a.2,Explosive Strength,LV,0.0,8,0.0,0.0,0.0,N,Y,08/2018,Analyst
17-2151.00,1.A.3.a.3,Dynamic Strength,IM,1.0,8,0.0,1.0,1.0,N,,08/2018,Analyst
17-2151.00,1.A.3.a.3,Dynamic Strength,LV,0.0,8,0.0,0.0,0.0,N,Y,08/2018,Analyst
17-2151.00,1.A.3.a.4,Trunk Strength,IM,1.88,8,0.125,1.63,2.12,N,,08/2018,Analyst
17-2151.00,1.A.3.a.4,Trunk Strength,LV,1.25,8,0.25,0.76,1.74,N,N,08/2018,Analyst
17-2151.00,1.A.3.b.1,Stamina,IM,1.0,8,0.0,1.0,1.0,N,,08/2018,Analyst
17-2151.00,1.A.3.b.1,Stamina,LV,0.0,8,0.0,0.0,0.0,N,Y,08/2018,Analyst
17-2151.00,1.A.3.c.1,Extent Flexibility,IM,1.0,8,0.0,1.0,1.0,N,,08/2018,Analyst
17-2151.00,1.A.3.c.1,Extent Flexibility,LV,0.0,8,0.0,0.0,0.0,N,Y,08/2018,Analyst
17-2151.00,1.A.3.c.2,Dynamic Flexibility,IM,1.0,8,0.0,1.0,1.0,N,,08/2018,Analyst
17-2151.00,1.A.3.c.2,Dynamic Flexibility,LV,0.0,8,0.0,0.0,0.0,N,Y,08/2018,Analyst
17-2151.00,1.A.3.c.3,Gross Body Coordination,IM,1.0,8,0.0,1.0,1.0,N,,08/2018,Analyst
17-2151.00,1.A.3.c.3,Gross Body Coordination,LV,0.0,8,0.0,0.0,0.0,N,Y,08/2018,Analyst
17-2151.00,1.A.3.c.4,Gross Body Equilibrium,IM,1.0,8,0.0,1.0,1.0,N,,08/2018,Analyst
17-2151.00,1.A.3.c.4,Gross Body Equilibrium,LV,0.0,8,0.0,0.0,0.0,N,Y,08/2018,Analyst
17-2151.00,1.A.4.a.1,Near Vision,IM,3.75,8,0.1637,3.4292,4.0708,N,,08/2018,Analyst
17-2151.00,1.A.4.a.1,Near Vision,LV,3.88,8,0.125,3.63,4.12,N,N,08/2018,Analyst
17-2151.00,1.A.4.a.2,Far Vision,IM,3.12,8,0.125,2.88,3.37,N,,08/2018,Analyst
17-2151.00,1.A.4.a.2,Far Vision,LV,3.75,8,0.1637,3.4292,4.0708,N,N,08/2018,Analyst
17-2151.00,1.A.4.a.3,Visual Color Discrimination,IM,2.75,8,0.25,2.26,3.24,N,,08/2018,Analyst
17-2151.00,1.A.4.a.3,Visual Color Discrimination,LV,2.5,8,0.378,1.7592,3.2408,N,N,08/2018,Analyst
17-2151.00,1.A.4.a.4,Night Vision,IM,1.12,8,0.125,1.0,1.37,N,,08/2018,Analyst
17-2151.00,1.A.4.a.4,Night Vision,LV,0.12,8,0.125,0.0,0.37,N,Y,08/2018,Analyst
17-2151.00,1.A.4.a.5,Peripheral Vision,IM,1.0,8,0.0,1.0,1.0,N,,08/2018,Analyst
17-2151.00,1.A.4.a.5,Peripheral Vision,LV,0.0,8,0.0,0.0,0.0,N,Y,08/2018,Analyst
17-2151.00,1.A.4.a.6,Depth Perception,IM,2.12,8,0.125,1.88,2.37,N,,08/2018,Analyst
17-2151.00,1.A.4.a.6,Depth Perception,LV,2.25,8,0.1637,1.9292,2.5708,N,N,08/2018,Analyst
17-2151.00,1.A.4.a.7,Glare Sensitivity,IM,1.5,8,0.189,1.1296,1.8704,N,,08/2018,Analyst
17-2151.00,1.A.4.a.7,Glare Sensitivity,LV,0.62,8,0.2631,0.1094,1.1406,N,N,08/2018,Analyst
17-2151.00,1.A.4.b.1,Hearing Sensitivity,IM,2.25,8,0.1637,1.9292,2.5708,N,,08/2018,Analyst
17-2151.00,1.A.4.b.1,Hearing Sensitivity,LV,2.12,8,0.125,1.88,2.37,N,N,08/2018,Analyst
17-2151.00,1.A.4.b.2,Auditory Attention,IM,2.12,8,0.125,1.88,2.37,N,,08/2018,Analyst
17-2151.00,1.A.4.b.2,Auditory Attention,LV,1.88,8,0.2266,1.4309,2.3191,N,N,08/2018,Analyst
17-2151.00,1.A.4.b.3,Sound Localization,IM,1.12,8,0.125,1.0,1.37,N,,08/2018,Analyst
17-2151.00,1.A.4.b.3,Sound Localization,LV,0.12,8,0.125,0.0,0.37,N,Y,08/2018,Analyst
17-2151.00,1.A.4.b.4,Speech Recognition,IM,3.88,8,0.125,3.63,4.12,N,,08/2018,Analyst
17-2151.00,1.A.4.b.4,Speech Recognition,LV,3.88,8,0.125,3.63,4.12,N,N,08/2018,Analyst
17-2151.00,1.A.4.b.5,Speech Clarity,IM,3.88,8,0.125,3.63,4.12,N,,08/2018,Analyst
17-2151.00,1.A.4.b.5,Speech Clarity,LV,3.75,8,0.1637,3.4292,4.0708,N,N,08/2018,Analyst
17-2161.00,1.A.1.a.1,Oral Comprehension,IM,3.75,8,0.25,3.26,4.24,N,,08/2024,Analyst
17-2161.00,1.A.1.a.1,Oral Comprehension,LV,5.0,8,0.0,5.0,5.0,N,N,08/2024,Analyst
17-2161.00,1.A.1.a.2,Written Comprehension,IM,4.0,8,0.0,4.0,4.0,N,,08/2024,Analyst
17-2161.00,1.A.1.a.2,Written Comprehension,LV,5.0,8,0.0,5.0,5.0,N,N,08/2024,Analyst
17-2161.00,1.A.1.a.3,Oral Expression,IM,4.0,8,0.0,4.0,4.0,N,,08/2024,Analyst
17-2161.00,1.A.1.a.3,Oral Expression,LV,5.0,8,0.0,5.0,5.0,N,N,08/2024,Analyst
17-2161.00,1.A.1.a.4,Written Expression,IM,4.12,8,0.125,3.88,4.37,N,,08/2024,Analyst
17-2161.00,1.A.1.a.4,Written Expression,LV,5.0,8,0.0,5.0,5.0,N,N,08/2024,Analyst
17-2161.00,1.A.1.b.1,Fluency of Ideas,IM,3.75,8,0.1637,3.4292,4.0708,N,,08/2024,Analyst
17-2161.00,1.A.1.b.1,Fluency of Ideas,LV,4.0,8,0.189,3.6296,4.3704,N,N,08/2024,Analyst
17-2161.00,1.A.1.b.2,Originality,IM,3.38,8,0.183,3.0164,3.7336,N,,08/2024,Analyst
17-2161.00,1.A.1.b.2,Originality,LV,3.88,8,0.125,3.63,4.12,N,N,08/2024,Analyst
17-2161.00,1.A.1.b.3,Problem Sensitivity,IM,4.62,8,0.183,4.2664,4.9836,N,,08/2024,Analyst
17-2161.00,1.A.1.b.3,Problem Sensitivity,LV,4.75,8,0.1637,4.4292,5.0708,N,N,08/2024,Analyst
17-2161.00,1.A.1.b.4,Deductive Reasoning,IM,4.0,8,0.0,4.0,4.0,N,,08/2024,Analyst
17-2161.00,1.A.1.b.4,Deductive Reasoning,LV,4.38,8,0.183,4.0164,4.7336,N,N,08/2024,Analyst
17-2161.00,1.A.1.b.5,Inductive Reasoning,IM,4.0,8,0.0,4.0,4.0,N,,08/2024,Analyst
17-2161.00,1.A.1.b.5,Inductive Reasoning,LV,4.25,8,0.1637,3.9292,4.5708,N,N,08/2024,Analyst
17-2161.00,1.A.1.b.6,Information Ordering,IM,4.0,8,0.0,4.0,4.0,N,,08/2024,Analyst
17-2161.00,1.A.1.b.6,Information Ordering,LV,4.12,8,0.125,3.88,4.37,N,N,08/2024,Analyst
17-2161.00,1.A.1.b.7,Category Flexibility,IM,4.0,8,0.0,4.0,4.0,N,,08/2024,Analyst
17-2161.00,1.A.1.b.7,Category Flexibility,LV,4.0,8,0.0,4.0,4.0,N,N,08/2024,Analyst
17-2161.00,1.A.1.c.1,Mathematical Reasoning,IM,4.0,8,0.189,3.6296,4.3704,N,,08/2024,Analyst
17-2161.00,1.A.1.c.1,Mathematical Reasoning,LV,4.12,8,0.125,3.88,4.37,N,N,08/2024,Analyst
17-2161.00,1.A.1.c.2,Number Facility,IM,3.75,8,0.1637,3.4292,4.0708,N,,08/2024,Analyst
17-2161.00,1.A.1.c.2,Number Facility,LV,4.0,8,0.0,4.0,4.0,N,N,08/2024,Analyst
17-2161.00,1.A.1.d.1,Memorization,IM,2.62,8,0.183,2.2664,2.9836,N,,08/2024,Analyst
17-2161.00,1.A.1.d.1,Memorization,LV,2.75,8,0.1637,2.4292,3.0708,N,N,08/2024,Analyst
17-2161.00,1.A.1.e.1,Speed of Closure,IM,2.88,8,0.125,2.63,3.12,N,,08/2024,Analyst
17-2161.00,1.A.1.e.1,Speed of Closure,LV,3.0,8,0.0,3.0,3.0,N,N,08/2024,Analyst
17-2161.00,1.A.1.e.2,Flexibility of Closure,IM,3.5,8,0.189,3.1296,3.8704,N,,08/2024,Analyst
17-2161.00,1.A.1.e.2,Flexibility of Closure,LV,3.62,8,0.183,3.2664,3.9836,N,N,08/2024,Analyst
17-2161.00,1.A.1.e.3,Perceptual Speed,IM,3.25,8,0.1637,2.9292,3.5708,N,,08/2024,Analyst
17-2161.00,1.A.1.e.3,Perceptual Speed,LV,3.5,8,0.189,3.1296,3.8704,N,N,08/2024,Analyst
17-2161.00,1.A.1.f.1,Spatial Orientation,IM,1.0,8,0.0,1.0,1.0,N,,08/2024,Analyst
17-2161.00,1.A.1.f.1,Spatial Orientation,LV,0.0,8,0.0,0.0,0.0,N,Y,08/2024,Analyst
17-2161.00,1.A.1.f.2,Visualization,IM,3.12,8,0.125,2.88,3.37,N,,08/2024,Analyst
17-2161.00,1.A.1.f.2,Visualization,LV,3.0,8,0.0,3.0,3.0,N,N,08/2024,Analyst
17-2161.00,1.A.1.g.1,Selective Attention,IM,3.12,8,0.125,2.88,3.37,N,,08/2024,Analyst
17-2161.00,1.A.1.g.1,Selective Attention,LV,3.12,8,0.125,2.88,3.37,N,N,08/2024,Analyst
17-2161.00,1.A.1.g.2,Time Sharing,IM,2.75,8,0.1637,2.4292,3.0708,N,,08/2024,Analyst
17-2161.00,1.A.1.g.2,Time Sharing,LV,2.88,8,0.125,2.63,3.12,N,N,08/2024,Analyst
17-2161.00,1.A.2.a.1,Arm-Hand Steadiness,IM,2.0,8,0.0,2.0,2.0,N,,08/2024,Analyst
17-2161.00,1.A.2.a.1,Arm-Hand Steadiness,LV,1.75,8,0.1637,1.4292,2.0708,N,N,08/2024,Analyst
17-2161.00,1.A.2.a.2,Manual Dexterity,IM,1.5,8,0.189,1.1296,1.8704,N,,08/2024,Analyst
17-2161.00,1.A.2.a.2,Manual Dexterity,LV,0.5,8,0.189,0.1296,0.8704,N,N,08/2024,Analyst
17-2161.00,1.A.2.a.3,Finger Dexterity,IM,1.62,8,0.183,1.2664,1.9836,N,,08/2024,Analyst
17-2161.00,1.A.2.a.3,Finger Dexterity,LV,0.75,8,0.25,0.26,1.24,N,N,08/2024,Analyst
17-2161.00,1.A.2.b.1,Control Precision,IM,1.88,8,0.125,1.63,2.12,N,,08/2024,Analyst
17-2161.00,1.A.2.b.1,Control Precision,LV,1.12,8,0.2266,0.6809,1.5691,N,N,08/2024,Analyst
17-2161.00,1.A.2.b.2,Multilimb Coordination,IM,1.0,8,0.0,1.0,1.0,N,,08/2024,Analyst
17-2161.00,1.A.2.b.2,Multilimb Coordination,LV,0.0,8,0.0,0.0,0.0,N,Y,08/2024,Analyst
17-2161.00,1.A.2.b.3,Response Orientation,IM,1.0,8,0.0,1.0,1.0,N,,08/2024,Analyst
17-2161.00,1.A.2.b.3,Response Orientation,LV,0.0,8,0.0,0.0,0.0,N,Y,08/2024,Analyst
17-2161.00,1.A.2.b.4,Rate Control,IM,1.12,8,0.125,1.0,1.37,N,,08/2024,Analyst
17-2161.00,1.A.2.b.4,Rate Control,LV,0.12,8,0.125,0.0,0.37,N,Y,08/2024,Analyst
17-2161.00,1.A.2.c.1,Reaction Time,IM,1.75,8,0.1637,1.4292,2.0708,N,,08/2024,Analyst
17-2161.00,1.A.2.c.1,Reaction Time,LV,0.75,8,0.1637,0.4292,1.0708,N,N,08/2024,Analyst
17-2161.00,1.A.2.c.2,Wrist-Finger Speed,IM,1.38,8,0.183,1.0164,1.7336,N,,08/2024,Analyst
17-2161.00,1.A.2.c.2,Wrist-Finger Speed,LV,0.5,8,0.2673,0.0,1.0238,N,N,08/2024,Analyst
17-2161.00,1.A.2.c.3,Speed of Limb Movement,IM,1.0,8,0.0,1.0,1.0,N,,08/2024,Analyst
17-2161.00,1.A.2.c.3,Speed of Limb Movement,LV,0.0,8,0.0,0.0,0.0,N,Y,08/2024,Analyst
17-2161.00,1.A.3.a.1,Static Strength,IM,1.0,8,0.0,1.0,1.0,N,,08/2024,Analyst
17-2161.00,1.A.3.a.1,Static Strength,LV,0.0,8,0.0,0.0,0.0,N,Y,08/2024,Analyst
17-2161.00,1.A.3.a.2,Explosive Strength,IM,1.0,8,0.0,1.0,1.0,N,,08/2024,Analyst
17-2161.00,1.A.3.a.2,Explosive Strength,LV,0.0,8,0.0,0.0,0.0,N,Y,08/2024,Analyst
17-2161.00,1.A.3.a.3,Dynamic Strength,IM,1.0,8,0.0,1.0,1.0,N,,08/2024,Analyst
17-2161.00,1.A.3.a.3,Dynamic Strength,LV,0.0,8,0.0,0.0,0.0,N,Y,08/2024,Analyst
17-2161.00,1.A.3.a.4,Trunk Strength,IM,1.75,8,0.1637,1.4292,2.0708,N,,08/2024,Analyst
17-2161.00,1.A.3.a.4,Trunk Strength,LV,0.88,8,0.2266,0.4309,1.3191,N,N,08/2024,Analyst
17-2161.00,1.A.3.b.1,Stamina,IM,1.0,8,0.0,1.0,1.0,N,,08/2024,Analyst
17-2161.00,1.A.3.b.1,Stamina,LV,0.0,8,0.0,0.0,0.0,N,Y,08/2024,Analyst
17-2161.00,1.A.3.c.1,Extent Flexibility,IM,1.0,8,0.0,1.0,1.0,N,,08/2024,Analyst
17-2161.00,1.A.3.c.1,Extent Flexibility,LV,0.0,8,0.0,0.0,0.0,N,Y,08/2024,Analyst
17-2161.00,1.A.3.c.2,Dynamic Flexibility,IM,1.0,8,0.0,1.0,1.0,N,,08/2024,Analyst
17-2161.00,1.A.3.c.2,Dynamic Flexibility,LV,0.0,8,0.0,0.0,0.0,N,Y,08/2024,Analyst
17-2161.00,1.A.3.c.3,Gross Body Coordination,IM,1.0,8,0.0,1.0,1.0,N,,08/2024,Analyst
17-2161.00,1.A.3.c.3,Gross Body Coordination,LV,0.0,8,0.0,0.0,0.0,N,Y,08/2024,Analyst
17-2161.00,1.A.3.c.4,Gross Body Equilibrium,IM,1.0,8,0.0,1.0,1.0,N,,08/2024,Analyst
17-2161.00,1.A.3.c.4,Gross Body Equilibrium,LV,0.0,8,0.0,0.0,0.0,N,Y,08/2024,Analyst
17-2161.00,1.A.4.a.1,Near Vision,IM,3.88,8,0.125,3.63,4.12,N,,08/2024,Analyst
17-2161.00,1.A.4.a.1,Near Vision,LV,3.88,8,0.125,3.63,4.12,N,N,08/2024,Analyst
17-2161.00,1.A.4.a.2,Far Vision,IM,3.0,8,0.0,3.0,3.0,N,,08/2024,Analyst
17-2161.00,1.A.4.a.2,Far Vision,LV,3.0,8,0.0,3.0,3.0,N,N,08/2024,Analyst
17-2161.00,1.A.4.a.3,Visual Color Discrimination,IM,2.62,8,0.183,2.2664,2.9836,N,,08/2024,Analyst
17-2161.00,1.A.4.a.3,Visual Color Discrimination,LV,2.62,8,0.183,2.2664,2.9836,N,N,08/2024,Analyst
17-2161.00,1.A.4.a.4,Night Vision,IM,1.0,8,0.0,1.0,1.0,N,,08/2024,Analyst
17-2161.00,1.A.4.a.4,Night Vision,LV,0.0,8,0.0,0.0,0.0,N,Y,08/2024,Analyst
17-2161.00,1.A.4.a.5,Peripheral Vision,IM,1.0,8,0.0,1.0,1.0,N,,08/2024,Analyst
17-2161.00,1.A.4.a.5,Peripheral Vision,LV,0.0,8,0.0,0.0,0.0,N,Y,08/2024,Analyst
17-2161.00,1.A.4.a.6,Depth Perception,IM,2.0,8,0.0,2.0,2.0,N,,08/2024,Analyst
17-2161.00,1.A.4.a.6,Depth Perception,LV,2.0,8,0.0,2.0,2.0,N,N,08/2024,Analyst
17-2161.00,1.A.4.a.7,Glare Sensitivity,IM,1.0,8,0.0,1.0,1.0,N,,08/2024,Analyst
17-2161.00,1.A.4.a.7,Glare Sensitivity,LV,0.0,8,0.0,0.0,0.0,N,Y,08/2024,Analyst
17-2161.00,1.A.4.b.1,Hearing Sensitivity,IM,2.5,8,0.189,2.1296,2.8704,N,,08/2024,Analyst
17-2161.00,1.A.4.b.1,Hearing Sensitivity,LV,2.0,8,0.0,2.0,2.0,N,N,08/2024,Analyst
17-2161.00,1.A.4.b.2,Auditory Attention,IM,2.5,8,0.189,2.1296,2.8704,N,,08/2024,Analyst
17-2161.00,1.A.4.b.2,Auditory Attention,LV,2.12,8,0.125,1.88,2.37,N,N,08/2024,Analyst
17-2161.00,1.A.4.b.3,Sound Localization,IM,1.0,8,0.0,1.0,1.0,N,,08/2024,Analyst
17-2161.00,1.A.4.b.3,Sound Localization,LV,0.0,8,0.0,0.0,0.0,N,Y,08/2024,Analyst
17-2161.00,1.A.4.b.4,Speech Recognition,IM,3.5,8,0.189,3.1296,3.8704,N,,08/2024,Analyst
17-2161.00,1.A.4.b.4,Speech Recognition,LV,3.25,8,0.1637,2.9292,3.5708,N,N,08/2024,Analyst
17-2161.00,1.A.4.b.5,Speech Clarity,IM,3.62,8,0.183,3.2664,3.9836,N,,08/2024,Analyst
17-2161.00,1.A.4.b.5,Speech Clarity,LV,3.5,8,0.189,3.1296,3.8704,N,N,08/2024,Analyst
17-2171.00,1.A.1.a.1,Oral Comprehension,IM,4.0,8,0.0,4.0,4.0,N,,08/2020,Analyst
17-2171.00,1.A.1.a.1,Oral Comprehension,LV,4.12,8,0.125,3.88,4.37,N,N,08/2020,Analyst
17-2171.00,1.A.1.a.2,Written Comprehension,IM,4.0,8,0.0,4.0,4.0,N,,08/2020,Analyst
17-2171.00,1.A.1.a.2,Written Comprehension,LV,4.62,8,0.183,4.2664,4.9836,N,N,08/2020,Analyst
17-2171.00,1.A.1.a.3,Oral Expression,IM,4.0,8,0.0,4.0,4.0,N,,08/2020,Analyst
17-2171.00,1.A.1.a.3,Oral Expression,LV,4.62,8,0.183,4.2664,4.9836,N,N,08/2020,Analyst
17-2171.00,1.A.1.a.4,Written Expression,IM,4.0,8,0.0,4.0,4.0,N,,08/2020,Analyst
17-2171.00,1.A.1.a.4,Written Expression,LV,4.62,8,0.183,4.2664,4.9836,N,N,08/2020,Analyst
17-2171.00,1.A.1.b.1,Fluency of Ideas,IM,3.75,8,0.1637,3.4292,4.0708,N,,08/2020,Analyst
17-2171.00,1.A.1.b.1,Fluency of Ideas,LV,4.0,8,0.189,3.6296,4.3704,N,N,08/2020,Analyst
17-2171.00,1.A.1.b.2,Originality,IM,3.38,8,0.183,3.0164,3.7336,N,,08/2020,Analyst
17-2171.00,1.A.1.b.2,Originality,LV,3.88,8,0.125,3.63,4.12,N,N,08/2020,Analyst
17-2171.00,1.A.1.b.3,Problem Sensitivity,IM,4.0,8,0.0,4.0,4.0,N,,08/2020,Analyst
17-2171.00,1.A.1.b.3,Problem Sensitivity,LV,4.0,8,0.0,4.0,4.0,N,N,08/2020,Analyst
17-2171.00,1.A.1.b.4,Deductive Reasoning,IM,4.0,8,0.0,4.0,4.0,N,,08/2020,Analyst
17-2171.00,1.A.1.b.4,Deductive Reasoning,LV,4.0,8,0.0,4.0,4.0,N,N,08/2020,Analyst
17-2171.00,1.A.1.b.5,Inductive Reasoning,IM,4.0,8,0.0,4.0,4.0,N,,08/2020,Analyst
17-2171.00,1.A.1.b.5,Inductive Reasoning,LV,4.0,8,0.0,4.0,4.0,N,N,08/2020,Analyst
17-2171.00,1.A.1.b.6,Information Ordering,IM,3.75,8,0.1637,3.4292,4.0708,N,,08/2020,Analyst
17-2171.00,1.A.1.b.6,Information Ordering,LV,4.0,8,0.0,4.0,4.0,N,N,08/2020,Analyst
17-2171.00,1.A.1.b.7,Category Flexibility,IM,3.88,8,0.125,3.63,4.12,N,,08/2020,Analyst
17-2171.00,1.A.1.b.7,Category Flexibility,LV,4.0,8,0.0,4.0,4.0,N,N,08/2020,Analyst
17-2171.00,1.A.1.c.1,Mathematical Reasoning,IM,3.25,8,0.1637,2.9292,3.5708,N,,08/2020,Analyst
17-2171.00,1.A.1.c.1,Mathematical Reasoning,LV,3.88,8,0.125,3.63,4.12,N,N,08/2020,Analyst
17-2171.00,1.A.1.c.2,Number Facility,IM,3.12,8,0.125,2.88,3.37,N,,08/2020,Analyst
17-2171.00,1.A.1.c.2,Number Facility,LV,3.25,8,0.1637,2.9292,3.5708,N,N,08/2020,Analyst
17-2171.00,1.A.1.d.1,Memorization,IM,2.62,8,0.183,2.2664,2.9836,N,,08/2020,Analyst
17-2171.00,1.A.1.d.1,Memorization,LV,2.0,8,0.189,1.6296,2.3704,N,N,08/2020,Analyst
17-2171.00,1.A.1.e.1,Speed of Closure,IM,2.75,8,0.1637,2.4292,3.0708,N,,08/2020,Analyst
17-2171.00,1.A.1.e.1,Speed of Closure,LV,3.0,8,0.0,3.0,3.0,N,N,08/2020,Analyst
17-2171.00,1.A.1.e.2,Flexibility of Closure,IM,3.0,8,0.0,3.0,3.0,N,,08/2020,Analyst
17-2171.00,1.A.1.e.2,Flexibility of Closure,LV,3.0,8,0.0,3.0,3.0,N,N,08/2020,Analyst
17-2171.00,1.A.1.e.3,Perceptual Speed,IM,3.0,8,0.0,3.0,3.0,N,,08/2020,Analyst
17-2171.00,1.A.1.e.3,Perceptual Speed,LV,3.0,8,0.0,3.0,3.0,N,N,08/2020,Analyst
17-2171.00,1.A.1.f.1,Spatial Orientation,IM,1.12,8,0.125,1.0,1.37,N,,08/2020,Analyst
17-2171.00,1.A.1.f.1,Spatial Orientation,LV,0.12,8,0.125,0.0,0.37,N,Y,08/2020,Analyst
17-2171.00,1.A.1.f.2,Visualization,IM,3.25,8,0.1637,2.9292,3.5708,N,,08/2020,Analyst
17-2171.00,1.A.1.f.2,Visualization,LV,3.25,8,0.1637,2.9292,3.5708,N,N,08/2020,Analyst
17-2171.00,1.A.1.g.1,Selective Attention,IM,3.12,8,0.125,2.88,3.37,N,,08/2020,Analyst
17-2171.00,1.A.1.g.1,Selective Attention,LV,3.0,8,0.0,3.0,3.0,N,N,08/2020,Analyst
17-2171.00,1.A.1.g.2,Time Sharing,IM,2.88,8,0.125,2.63,3.12,N,,08/2020,Analyst
17-2171.00,1.A.1.g.2,Time Sharing,LV,2.88,8,0.125,2.63,3.12,N,N,08/2020,Analyst
17-2171.00,1.A.2.a.1,Arm-Hand Steadiness,IM,1.0,8,0.0,1.0,1.0,N,,08/2020,Analyst
17-2171.00,1.A.2.a.1,Arm-Hand Steadiness,LV,0.0,8,0.0,0.0,0.0,N,Y,08/2020,Analyst
17-2171.00,1.A.2.a.2,Manual Dexterity,IM,1.0,8,0.0,1.0,1.0,N,,08/2020,Analyst
17-2171.00,1.A.2.a.2,Manual Dexterity,LV,0.0,8,0.0,0.0,0.0,N,Y,08/2020,Analyst
17-2171.00,1.A.2.a.3,Finger Dexterity,IM,2.12,8,0.295,1.5467,2.7033,N,,08/2020,Analyst
17-2171.00,1.A.2.a.3,Finger Dexterity,LV,1.5,8,0.3273,0.8584,2.1416,N,N,08/2020,Analyst
17-2171.00,1.A.2.b.1,Control Precision,IM,1.75,8,0.1637,1.4292,2.0708,N,,08/2020,Analyst
17-2171.00,1.A.2.b.1,Control Precision,LV,1.25,8,0.3134,0.6358,1.8642,N,N,08/2020,Analyst
17-2171.00,1.A.2.b.2,Multilimb Coordination,IM,1.5,8,0.189,1.1296,1.8704,N,,08/2020,Analyst
17-2171.00,1.A.2.b.2,Multilimb Coordination,LV,0.62,8,0.2631,0.1094,1.1406,N,N,08/2020,Analyst
17-2171.00,1.A.2.b.3,Response Orientation,IM,1.0,8,0.0,1.0,1.0,N,,08/2020,Analyst
17-2171.00,1.A.2.b.3,Response Orientation,LV,0.0,8,0.0,0.0,0.0,N,Y,08/2020,Analyst
17-2171.00,1.A.2.b.4,Rate Control,IM,1.0,8,0.0,1.0,1.0,N,,08/2020,Analyst
17-2171.00,1.A.2.b.4,Rate Control,LV,0.0,8,0.0,0.0,0.0,N,Y,08/2020,Analyst
17-2171.00,1.A.2.c.1,Reaction Time,IM,1.12,8,0.125,1.0,1.37,N,,08/2020,Analyst
17-2171.00,1.A.2.c.1,Reaction Time,LV,0.25,8,0.25,0.0,0.74,N,Y,08/2020,Analyst
17-2171.00,1.A.2.c.2,Wrist-Finger Speed,IM,1.12,8,0.125,1.0,1.37,N,,08/2020,Analyst
17-2171.00,1.A.2.c.2,Wrist-Finger Speed,LV,0.25,8,0.25,0.0,0.74,N,Y,08/2020,Analyst
17-2171.00,1.A.2.c.3,Speed of Limb Movement,IM,1.0,8,0.0,1.0,1.0,N,,08/2020,Analyst
17-2171.00,1.A.2.c.3,Speed of Limb Movement,LV,0.0,8,0.0,0.0,0.0,N,Y,08/2020,Analyst
17-2171.00,1.A.3.a.1,Static Strength,IM,1.0,8,0.0,1.0,1.0,N,,08/2020,Analyst
17-2171.00,1.A.3.a.1,Static Strength,LV,0.0,8,0.0,0.0,0.0,N,Y,08/2020,Analyst
17-2171.00,1.A.3.a.2,Explosive Strength,IM,1.0,8,0.0,1.0,1.0,N,,08/2020,Analyst
17-2171.00,1.A.3.a.2,Explosive Strength,LV,0.0,8,0.0,0.0,0.0,N,Y,08/2020,Analyst
17-2171.00,1.A.3.a.3,Dynamic Strength,IM,1.0,8,0.0,1.0,1.0,N,,08/2020,Analyst
17-2171.00,1.A.3.a.3,Dynamic Strength,LV,0.0,8,0.0,0.0,0.0,N,Y,08/2020,Analyst
17-2171.00,1.A.3.a.4,Trunk Strength,IM,1.38,8,0.183,1.0164,1.7336,N,,08/2020,Analyst
17-2171.00,1.A.3.a.4,Trunk Strength,LV,0.62,8,0.3239,0.0,1.2598,N,N,08/2020,Analyst
17-2171.00,1.A.3.b.1,Stamina,IM,1.0,8,0.0,1.0,1.0,N,,08/2020,Analyst
17-2171.00,1.A.3.b.1,Stamina,LV,0.0,8,0.0,0.0,0.0,N,Y,08/2020,Analyst
17-2171.00,1.A.3.c.1,Extent Flexibility,IM,1.0,8,0.0,1.0,1.0,N,,08/2020,Analyst
17-2171.00,1.A.3.c.1,Extent Flexibility,LV,0.0,8,0.0,0.0,0.0,N,Y,08/2020,Analyst
17-2171.00,1.A.3.c.2,Dynamic Flexibility,IM,1.0,8,0.0,1.0,1.0,N,,08/2020,Analyst
17-2171.00,1.A.3.c.2,Dynamic Flexibility,LV,0.0,8,0.0,0.0,0.0,N,Y,08/2020,Analyst
17-2171.00,1.A.3.c.3,Gross Body Coordination,IM,1.0,8,0.0,1.0,1.0,N,,08/2020,Analyst
17-2171.00,1.A.3.c.3,Gross Body Coordination,LV,0.0,8,0.0,0.0,0.0,N,Y,08/2020,Analyst
17-2171.00,1.A.3.c.4,Gross Body Equilibrium,IM,1.0,8,0.0,1.0,1.0,N,,08/2020,Analyst
17-2171.00,1.A.3.c.4,Gross Body Equilibrium,LV,0.0,8,0.0,0.0,0.0,N,Y,08/2020,Analyst
17-2171.00,1.A.4.a.1,Near Vision,IM,3.62,8,0.183,3.2664,3.9836,N,,08/2020,Analyst
17-2171.00,1.A.4.a.1,Near Vision,LV,3.75,8,0.1637,3.4292,4.0708,N,N,08/2020,Analyst
17-2171.00,1.A.4.a.2,Far Vision,IM,2.88,8,0.125,2.63,3.12,N,,08/2020,Analyst
17-2171.00,1.A.4.a.2,Far Vision,LV,3.0,8,0.0,3.0,3.0,N,N,08/2020,Analyst
17-2171.00,1.A.4.a.3,Visual Color Discrimination,IM,2.62,8,0.183,2.2664,2.9836,N,,08/2020,Analyst
17-2171.00,1.A.4.a.3,Visual Color Discrimination,LV,2.75,8,0.1637,2.4292,3.0708,N,N,08/2020,Analyst
17-2171.00,1.A.4.a.4,Night Vision,IM,1.0,8,0.0,1.0,1.0,N,,08/2020,Analyst
17-2171.00,1.A.4.a.4,Night Vision,LV,0.0,8,0.0,0.0,0.0,N,Y,08/2020,Analyst
17-2171.00,1.A.4.a.5,Peripheral Vision,IM,1.0,8,0.0,1.0,1.0,N,,08/2020,Analyst
17-2171.00,1.A.4.a.5,Peripheral Vision,LV,0.0,8,0.0,0.0,0.0,N,Y,08/2020,Analyst
17-2171.00,1.A.4.a.6,Depth Perception,IM,2.0,8,0.0,2.0,2.0,N,,08/2020,Analyst
17-2171.00,1.A.4.a.6,Depth Perception,LV,2.0,8,0.0,2.0,2.0,N,N,08/2020,Analyst
17-2171.00,1.A.4.a.7,Glare Sensitivity,IM,1.0,8,0.0,1.0,1.0,N,,08/2020,Analyst
17-2171.00,1.A.4.a.7,Glare Sensitivity,LV,0.0,8,0.0,0.0,0.0,N,Y,08/2020,Analyst
17-2171.00,1.A.4.b.1,Hearing Sensitivity,IM,2.38,8,0.183,2.0164,2.7336,N,,08/2020,Analyst
17-2171.00,1.A.4.b.1,Hearing Sensitivity,LV,2.25,8,0.25,1.76,2.74,N,N,08/2020,Analyst
17-2171.00,1.A.4.b.2,Auditory Attention,IM,2.0,8,0.0,2.0,2.0,N,,08/2020,Analyst
17-2171.00,1.A.4.b.2,Auditory Attention,LV,2.0,8,0.0,2.0,2.0,N,N,08/2020,Analyst
17-2171.00,1.A.4.b.3,Sound Localization,IM,1.0,8,0.0,1.0,1.0,N,,08/2020,Analyst
17-2171.00,1.A.4.b.3,Sound Localization,LV,0.0,8,0.0,0.0,0.0,N,Y,08/2020,Analyst
17-2171.00,1.A.4.b.4,Speech Recognition,IM,3.5,8,0.189,3.1296,3.8704,N,,08/2020,Analyst
17-2171.00,1.A.4.b.4,Speech Recognition,LV,3.25,8,0.1637,2.9292,3.5708,N,N,08/2020,Analyst
17-2171.00,1.A.4.b.5,Speech Clarity,IM,3.5,8,0.189,3.1296,3.8704,N,,08/2020,Analyst
17-2171.00,1.A.4.b.5,Speech Clarity,LV,3.25,8,0.1637,2.9292,3.5708,N,N,08/2020,Analyst
17-2199.03,1.A.1.a.1,Oral Comprehension,IM,4.0,8,0.0,4.0,4.0,N,,07/2016,Analyst
17-2199.03,1.A.1.a.1,Oral Comprehension,LV,4.75,8,0.1637,4.4292,5.0708,N,N,07/2016,Analyst
17-2199.03,1.A.1.a.2,Written Comprehension,IM,4.0,8,0.0,4.0,4.0,N,,07/2016,Analyst
17-2199.03,1.A.1.a.2,Written Comprehension,LV,4.62,8,0.183,4.2664,4.9836,N,N,07/2016,Analyst
17-2199.03,1.A.1.a.3,Oral Expression,IM,3.88,8,0.125,3.63,4.12,N,,07/2016,Analyst
17-2199.03,1.A.1.a.3,Oral Expression,LV,4.12,8,0.125,3.88,4.37,N,N,07/2016,Analyst
17-2199.03,1.A.1.a.4,Written Expression,IM,3.75,8,0.1637,3.4292,4.0708,N,,07/2016,Analyst
17-2199.03,1.A.1.a.4,Written Expression,LV,3.88,8,0.125,3.63,4.12,N,N,07/2016,Analyst
17-2199.03,1.A.1.b.1,Fluency of Ideas,IM,3.25,8,0.1637,2.9292,3.5708,N,,07/2016,Analyst
17-2199.03,1.A.1.b.1,Fluency of Ideas,LV,3.62,8,0.183,3.2664,3.9836,N,N,07/2016,Analyst
17-2199.03,1.A.1.b.2,Originality,IM,3.25,8,0.1637,2.9292,3.5708,N,,07/2016,Analyst
17-2199.03,1.A.1.b.2,Originality,LV,3.62,8,0.183,3.2664,3.9836,N,N,07/2016,Analyst
17-2199.03,1.A.1.b.3,Problem Sensitivity,IM,4.12,8,0.125,3.88,4.37,N,,07/2016,Analyst
17-2199.03,1.A.1.b.3,Problem Sensitivity,LV,4.12,8,0.125,3.88,4.37,N,N,07/2016,Analyst
17-2199.03,1.A.1.b.4,Deductive Reasoning,IM,4.0,8,0.0,4.0,4.0,N,,07/2016,Analyst
17-2199.03,1.A.1.b.4,Deductive Reasoning,LV,4.12,8,0.125,3.88,4.37,N,N,07/2016,Analyst
17-2199.03,1.A.1.b.5,Inductive Reasoning,IM,4.0,8,0.0,4.0,4.0,N,,07/2016,Analyst
17-2199.03,1.A.1.b.5,Inductive Reasoning,LV,4.12,8,0.125,3.88,4.37,N,N,07/2016,Analyst
17-2199.03,1.A.1.b.6,Information Ordering,IM,4.0,8,0.0,4.0,4.0,N,,07/2016,Analyst
17-2199.03,1.A.1.b.6,Information Ordering,LV,4.0,8,0.0,4.0,4.0,N,N,07/2016,Analyst
17-2199.03,1.A.1.b.7,Category Flexibility,IM,3.38,8,0.183,3.0164,3.7336,N,,07/2016,Analyst
17-2199.03,1.A.1.b.7,Category Flexibility,LV,3.75,8,0.1637,3.4292,4.0708,N,N,07/2016,Analyst
17-2199.03,1.A.1.c.1,Mathematical Reasoning,IM,3.88,8,0.125,3.63,4.12,N,,07/2016,Analyst
17-2199.03,1.A.1.c.1,Mathematical Reasoning,LV,4.0,8,0.0,4.0,4.0,N,N,07/2016,Analyst
17-2199.03,1.A.1.c.2,Number Facility,IM,3.25,8,0.1637,2.9292,3.5708,N,,07/2016,Analyst
17-2199.03,1.A.1.c.2,Number Facility,LV,4.0,8,0.0,4.0,4.0,N,N,07/2016,Analyst
17-2199.03,1.A.1.d.1,Memorization,IM,2.5,8,0.2673,1.9762,3.0238,N,,07/2016,Analyst
17-2199.03,1.A.1.d.1,Memorization,LV,2.5,8,0.2673,1.9762,3.0238,N,N,07/2016,Analyst
17-2199.03,1.A.1.e.1,Speed of Closure,IM,2.75,8,0.1637,2.4292,3.0708,N,,07/2016,Analyst
17-2199.03,1.A.1.e.1,Speed of Closure,LV,2.5,8,0.189,2.1296,2.8704,N,N,07/2016,Analyst
17-2199.03,1.A.1.e.2,Flexibility of Closure,IM,3.0,8,0.0,3.0,3.0,N,,07/2016,Analyst
17-2199.03,1.A.1.e.2,Flexibility of Closure,LV,3.12,8,0.125,2.88,3.37,N,N,07/2016,Analyst
17-2199.03,1.A.1.e.3,Perceptual Speed,IM,2.88,8,0.125,2.63,3.12,N,,07/2016,Analyst
17-2199.03,1.A.1.e.3,Perceptual Speed,LV,3.0,8,0.0,3.0,3.0,N,N,07/2016,Analyst
17-2199.03,1.A.1.f.1,Spatial Orientation,IM,1.0,8,0.0,1.0,1.0,N,,07/2016,Analyst
17-2199.03,1.A.1.f.1,Spatial Orientation,LV,0.0,8,0.0,0.0,0.0,N,Y,07/2016,Analyst
17-2199.03,1.A.1.f.2,Visualization,IM,3.25,8,0.1637,2.9292,3.5708,N,,07/2016,Analyst
17-2199.03,1.A.1.f.2,Visualization,LV,3.62,8,0.183,3.2664,3.9836,N,N,07/2016,Analyst
17-2199.03,1.A.1.g.1,Selective Attention,IM,3.25,8,0.1637,2.9292,3.5708,N,,07/2016,Analyst
17-2199.03,1.A.1.g.1,Selective Attention,LV,3.12,8,0.125,2.88,3.37,N,N,07/2016,Analyst
17-2199.03,1.A.1.g.2,Time Sharing,IM,2.75,8,0.1637,2.4292,3.0708,N,,07/2016,Analyst
17-2199.03,1.A.1.g.2,Time Sharing,LV,2.75,8,0.1637,2.4292,3.0708,N,N,07/2016,Analyst
17-2199.03,1.A.2.a.1,Arm-Hand Steadiness,IM,1.0,8,0.0,1.0,1.0,N,,07/2016,Analyst
17-2199.03,1.A.2.a.1,Arm-Hand Steadiness,LV,0.0,8,0.0,0.0,0.0,N,Y,07/2016,Analyst
17-2199.03,1.A.2.a.2,Manual Dexterity,IM,1.0,8,0.0,1.0,1.0,N,,07/2016,Analyst
17-2199.03,1.A.2.a.2,Manual Dexterity,LV,0.0,8,0.0,0.0,0.0,N,Y,07/2016,Analyst
17-2199.03,1.A.2.a.3,Finger Dexterity,IM,2.0,8,0.3273,1.3584,2.6416,N,,07/2016,Analyst
17-2199.03,1.A.2.a.3,Finger Dexterity,LV,1.25,8,0.366,0.5327,1.9673,N,N,07/2016,Analyst
17-2199.03,1.A.2.b.1,Control Precision,IM,1.62,8,0.183,1.2664,1.9836,N,,07/2016,Analyst
17-2199.03,1.A.2.b.1,Control Precision,LV,1.25,8,0.366,0.5327,1.9673,N,N,07/2016,Analyst
17-2199.03,1.A.2.b.2,Multilimb Coordination,IM,1.38,8,0.183,1.0164,1.7336,N,,07/2016,Analyst
17-2199.03,1.A.2.b.2,Multilimb Coordination,LV,0.5,8,0.2673,0.0,1.0238,N,N,07/2016,Analyst
17-2199.03,1.A.2.b.3,Response Orientation,IM,1.0,8,0.0,1.0,1.0,N,,07/2016,Analyst
17-2199.03,1.A.2.b.3,Response Orientation,LV,0.0,8,0.0,0.0,0.0,N,Y,07/2016,Analyst
17-2199.03,1.A.2.b.4,Rate Control,IM,1.0,8,0.0,1.0,1.0,N,,07/2016,Analyst
17-2199.03,1.A.2.b.4,Rate Control,LV,0.0,8,0.0,0.0,0.0,N,Y,07/2016,Analyst
17-2199.03,1.A.2.c.1,Reaction Time,IM,1.0,8,0.0,1.0,1.0,N,,07/2016,Analyst
17-2199.03,1.A.2.c.1,Reaction Time,LV,0.0,8,0.0,0.0,0.0,N,Y,07/2016,Analyst
17-2199.03,1.A.2.c.2,Wrist-Finger Speed,IM,1.12,8,0.125,1.0,1.37,N,,07/2016,Analyst
17-2199.03,1.A.2.c.2,Wrist-Finger Speed,LV,0.12,8,0.125,0.0,0.37,N,Y,07/2016,Analyst
17-2199.03,1.A.2.c.3,Speed of Limb Movement,IM,1.0,8,0.0,1.0,1.0,N,,07/2016,Analyst
17-2199.03,1.A.2.c.3,Speed of Limb Movement,LV,0.0,8,0.0,0.0,0.0,N,Y,07/2016,Analyst
17-2199.03,1.A.3.a.1,Static Strength,IM,1.0,8,0.0,1.0,1.0,N,,07/2016,Analyst
17-2199.03,1.A.3.a.1,Static Strength,LV,0.0,8,0.0,0.0,0.0,N,Y,07/2016,Analyst
17-2199.03,1.A.3.a.2,Explosive Strength,IM,1.0,8,0.0,1.0,1.0,N,,07/2016,Analyst
17-2199.03,1.A.3.a.2,Explosive Strength,LV,0.0,8,0.0,0.0,0.0,N,Y,07/2016,Analyst
17-2199.03,1.A.3.a.3,Dynamic Strength,IM,1.0,8,0.0,1.0,1.0,N,,07/2016,Analyst
17-2199.03,1.A.3.a.3,Dynamic Strength,LV,0.0,8,0.0,0.0,0.0,N,Y,07/2016,Analyst
17-2199.03,1.A.3.a.4,Trunk Strength,IM,1.62,8,0.183,1.2664,1.9836,N,,07/2016,Analyst
17-2199.03,1.A.3.a.4,Trunk Strength,LV,0.88,8,0.295,0.2967,1.4533,N,N,07/2016,Analyst
17-2199.03,1.A.3.b.1,Stamina,IM,1.0,8,0.0,1.0,1.0,N,,07/2016,Analyst
17-2199.03,1.A.3.b.1,Stamina,LV,0.0,8,0.0,0.0,0.0,N,Y,07/2016,Analyst
17-2199.03,1.A.3.c.1,Extent Flexibility,IM,1.0,8,0.0,1.0,1.0,N,,07/2016,Analyst
17-2199.03,1.A.3.c.1,Extent Flexibility,LV,0.0,8,0.0,0.0,0.0,N,Y,07/2016,Analyst
17-2199.03,1.A.3.c.2,Dynamic Flexibility,IM,1.0,8,0.0,1.0,1.0,N,,07/2016,Analyst
17-2199.03,1.A.3.c.2,Dynamic Flexibility,LV,0.0,8,0.0,0.0,0.0,N,Y,07/2016,Analyst
17-2199.03,1.A.3.c.3,Gross Body Coordination,IM,1.0,8,0.0,1.0,1.0,N,,07/2016,Analyst
17-2199.03,1.A.3.c.3,Gross Body Coordination,LV,0.0,8,0.0,0.0,0.0,N,Y,07/2016,Analyst
17-2199.03,1.A.3.c.4,Gross Body Equilibrium,IM,1.0,8,0.0,1.0,1.0,N,,07/2016,Analyst
17-2199.03,1.A.3.c.4,Gross Body Equilibrium,LV,0.0,8,0.0,0.0,0.0,N,Y,07/2016,Analyst
17-2199.03,1.A.4.a.1,Near Vision,IM,3.75,8,0.1637,3.4292,4.0708,N,,07/2016,Analyst
17-2199.03,1.A.4.a.1,Near Vision,LV,3.88,8,0.125,3.63,4.12,N,N,07/2016,Analyst
17-2199.03,1.A.4.a.2,Far Vision,IM,3.12,8,0.125,2.88,3.37,N,,07/2016,Analyst
17-2199.03,1.A.4.a.2,Far Vision,LV,3.0,8,0.0,3.0,3.0,N,N,07/2016,Analyst
17-2199.03,1.A.4.a.3,Visual Color Discrimination,IM,2.75,8,0.1637,2.4292,3.0708,N,,07/2016,Analyst
17-2199.03,1.A.4.a.3,Visual Color Discrimination,LV,2.88,8,0.125,2.63,3.12,N,N,07/2016,Analyst
17-2199.03,1.A.4.a.4,Night Vision,IM,1.0,8,0.0,1.0,1.0,N,,07/2016,Analyst
17-2199.03,1.A.4.a.4,Night Vision,LV,0.0,8,0.0,0.0,0.0,N,Y,07/2016,Analyst
17-2199.03,1.A.4.a.5,Peripheral Vision,IM,1.0,8,0.0,1.0,1.0,N,,07/2016,Analyst
17-2199.03,1.A.4.a.5,Peripheral Vision,LV,0.0,8,0.0,0.0,0.0,N,Y,07/2016,Analyst
17-2199.03,1.A.4.a.6,Depth Perception,IM,1.88,8,0.125,1.63,2.12,N,,07/2016,Analyst
17-2199.03,1.A.4.a.6,Depth Perception,LV,1.75,8,0.25,1.26,2.24,N,N,07/2016,Analyst
17-2199.03,1.A.4.a.7,Glare Sensitivity,IM,1.0,8,0.0,1.0,1.0,N,,07/2016,Analyst
17-2199.03,1.A.4.a.7,Glare Sensitivity,LV,0.0,8,0.0,0.0,0.0,N,Y,07/2016,Analyst
17-2199.03,1.A.4.b.1,Hearing Sensitivity,IM,2.12,8,0.125,1.88,2.37,N,,07/2016,Analyst
17-2199.03,1.A.4.b.1,Hearing Sensitivity,LV,2.12,8,0.125,1.88,2.37,N,N,07/2016,Analyst
17-2199.03,1.A.4.b.2,Auditory Attention,IM,2.25,8,0.1637,1.9292,2.5708,N,,07/2016,Analyst
17-2199.03,1.A.4.b.2,Auditory Attention,LV,2.0,8,0.0,2.0,2.0,N,N,07/2016,Analyst
17-2199.03,1.A.4.b.3,Sound Localization,IM,1.0,8,0.0,1.0,1.0,N,,07/2016,Analyst
17-2199.03,1.A.4.b.3,Sound Localization,LV,0.0,8,0.0,0.0,0.0,N,Y,07/2016,Analyst
17-2199.03,1.A.4.b.4,Speech Recognition,IM,3.75,8,0.1637,3.4292,4.0708,N,,07/2016,Analyst
17-2199.03,1.A.4.b.4,Speech Recognition,LV,3.88,8,0.125,3.63,4.12,N,N,07/2016,Analyst
17-2199.03,1.A.4.b.5,Speech Clarity,IM,3.88,8,0.125,3.63,4.12,N,,07/2016,Analyst
17-2199.03,1.A.4.b.5,Speech Clarity,LV,3.75,8,0.1637,3.4292,4.0708,N,N,07/2016,Analyst
17-2199.05,1.A.1.a.1,Oral Comprehension,IM,4.12,8,0.125,3.88,4.37,N,,08/2022,Analyst
17-2199.05,1.A.1.a.1,Oral Comprehension,LV,4.75,8,0.1637,4.4292,5.0708,N,N,08/2022,Analyst
17-2199.05,1.A.1.a.2,Written Comprehension,IM,4.0,8,0.0,4.0,4.0,N,,08/2022,Analyst
17-2199.05,1.A.1.a.2,Written Comprehension,LV,4.62,8,0.183,4.2664,4.9836,N,N,08/2022,Analyst
17-2199.05,1.A.1.a.3,Oral Expression,IM,3.88,8,0.125,3.63,4.12,N,,08/2022,Analyst
17-2199.05,1.A.1.a.3,Oral Expression,LV,4.62,8,0.183,4.2664,4.9836,N,N,08/2022,Analyst
17-2199.05,1.A.1.a.4,Written Expression,IM,3.88,8,0.125,3.63,4.12,N,,08/2022,Analyst
17-2199.05,1.A.1.a.4,Written Expression,LV,4.62,8,0.183,4.2664,4.9836,N,N,08/2022,Analyst
17-2199.05,1.A.1.b.1,Fluency of Ideas,IM,3.5,8,0.189,3.1296,3.8704,N,,08/2022,Analyst
17-2199.05,1.A.1.b.1,Fluency of Ideas,LV,4.0,8,0.189,3.6296,4.3704,N,N,08/2022,Analyst
17-2199.05,1.A.1.b.2,Originality,IM,3.38,8,0.183,3.0164,3.7336,N,,08/2022,Analyst
17-2199.05,1.A.1.b.2,Originality,LV,4.12,8,0.125,3.88,4.37,N,N,08/2022,Analyst
17-2199.05,1.A.1.b.3,Problem Sensitivity,IM,3.88,8,0.125,3.63,4.12,N,,08/2022,Analyst
17-2199.05,1.A.1.b.3,Problem Sensitivity,LV,4.12,8,0.125,3.88,4.37,N,N,08/2022,Analyst
17-2199.05,1.A.1.b.4,Deductive Reasoning,IM,4.0,8,0.0,4.0,4.0,N,,08/2022,Analyst
17-2199.05,1.A.1.b.4,Deductive Reasoning,LV,4.62,8,0.2631,4.1094,5.1406,N,N,08/2022,Analyst
17-2199.05,1.A.1.b.5,Inductive Reasoning,IM,3.88,8,0.125,3.63,4.12,N,,08/2022,Analyst
17-2199.05,1.A.1.b.5,Inductive Reasoning,LV,4.0,8,0.189,3.6296,4.3704,N,N,08/2022,Analyst
17-2199.05,1.A.1.b.6,Information Ordering,IM,3.75,8,0.1637,3.4292,4.0708,N,,08/2022,Analyst
17-2199.05,1.A.1.b.6,Information Ordering,LV,4.12,8,0.125,3.88,4.37,N,N,08/2022,Analyst
17-2199.05,1.A.1.b.7,Category Flexibility,IM,3.25,8,0.1637,2.9292,3.5708,N,,08/2022,Analyst
17-2199.05,1.A.1.b.7,Category Flexibility,LV,3.62,8,0.2631,3.1094,4.1406,N,N,08/2022,Analyst
17-2199.05,1.A.1.c.1,Mathematical Reasoning,IM,3.12,8,0.125,2.88,3.37,N,,08/2022,Analyst
17-2199.05,1.A.1.c.1,Mathematical Reasoning,LV,4.0,8,0.189,3.6296,4.3704,N,N,08/2022,Analyst
17-2199.05,1.A.1.c.2,Number Facility,IM,3.0,8,0.0,3.0,3.0,N,,08/2022,Analyst
17-2199.05,1.A.1.c.2,Number Facility,LV,3.25,8,0.1637,2.9292,3.5708,N,N,08/2022,Analyst
17-2199.05,1.A.1.d.1,Memorization,IM,2.88,8,0.125,2.63,3.12,N,,08/2022,Analyst
17-2199.05,1.A.1.d.1,Memorization,LV,2.88,8,0.125,2.63,3.12,N,N,08/2022,Analyst
17-2199.05,1.A.1.e.1,Speed of Closure,IM,2.88,8,0.125,2.63,3.12,N,,08/2022,Analyst
17-2199.05,1.A.1.e.1,Speed of Closure,LV,2.88,8,0.125,2.63,3.12,N,N,08/2022,Analyst
17-2199.05,1.A.1.e.2,Flexibility of Closure,IM,3.0,8,0.189,2.6296,3.3704,N,,08/2022,Analyst
17-2199.05,1.A.1.e.2,Flexibility of Closure,LV,3.0,8,0.189,2.6296,3.3704,N,N,08/2022,Analyst
17-2199.05,1.A.1.e.3,Perceptual Speed,IM,2.75,8,0.1637,2.4292,3.0708,N,,08/2022,Analyst
17-2199.05,1.A.1.e.3,Perceptual Speed,LV,2.88,8,0.125,2.63,3.12,N,N,08/2022,Analyst
17-2199.05,1.A.1.f.1,Spatial Orientation,IM,1.5,8,0.189,1.1296,1.8704,N,,08/2022,Analyst
17-2199.05,1.A.1.f.1,Spatial Orientation,LV,0.5,8,0.189,0.1296,0.8704,N,N,08/2022,Analyst
17-2199.05,1.A.1.f.2,Visualization,IM,3.25,8,0.1637,2.9292,3.5708,N,,08/2022,Analyst
17-2199.05,1.A.1.f.2,Visualization,LV,3.75,8,0.25,3.26,4.24,N,N,08/2022,Analyst
17-2199.05,1.A.1.g.1,Selective Attention,IM,3.12,8,0.125,2.88,3.37,N,,08/2022,Analyst
17-2199.05,1.A.1.g.1,Selective Attention,LV,3.12,8,0.125,2.88,3.37,N,N,08/2022,Analyst
17-2199.05,1.A.1.g.2,Time Sharing,IM,2.88,8,0.125,2.63,3.12,N,,08/2022,Analyst
17-2199.05,1.A.1.g.2,Time Sharing,LV,2.75,8,0.1637,2.4292,3.0708,N,N,08/2022,Analyst
17-2199.05,1.A.2.a.1,Arm-Hand Steadiness,IM,2.25,8,0.1637,1.9292,2.5708,N,,08/2022,Analyst
17-2199.05,1.A.2.a.1,Arm-Hand Steadiness,LV,2.25,8,0.1637,1.9292,2.5708,N,N,08/2022,Analyst
17-2199.05,1.A.2.a.2,Manual Dexterity,IM,2.0,8,0.2673,1.4762,2.5238,N,,08/2022,Analyst
17-2199.05,1.A.2.a.2,Manual Dexterity,LV,1.25,8,0.3134,0.6358,1.8642,N,N,08/2022,Analyst
17-2199.05,1.A.2.a.3,Finger Dexterity,IM,2.25,8,0.1637,1.9292,2.5708,N,,08/2022,Analyst
17-2199.05,1.A.2.a.3,Finger Dexterity,LV,2.25,8,0.1637,1.9292,2.5708,N,N,08/2022,Analyst
17-2199.05,1.A.2.b.1,Control Precision,IM,2.25,8,0.1637,1.9292,2.5708,N,,08/2022,Analyst
17-2199.05,1.A.2.b.1,Control Precision,LV,2.25,8,0.1637,1.9292,2.5708,N,N,08/2022,Analyst
17-2199.05,1.A.2.b.2,Multilimb Coordination,IM,1.75,8,0.1637,1.4292,2.0708,N,,08/2022,Analyst
17-2199.05,1.A.2.b.2,Multilimb Coordination,LV,0.88,8,0.2266,0.4309,1.3191,N,N,08/2022,Analyst
17-2199.05,1.A.2.b.3,Response Orientation,IM,1.5,8,0.189,1.1296,1.8704,N,,08/2022,Analyst
17-2199.05,1.A.2.b.3,Response Orientation,LV,0.62,8,0.2631,0.1094,1.1406,N,N,08/2022,Analyst
17-2199.05,1.A.2.b.4,Rate Control,IM,1.88,8,0.125,1.63,2.12,N,,08/2022,Analyst
17-2199.05,1.A.2.b.4,Rate Control,LV,1.25,8,0.25,0.76,1.74,N,N,08/2022,Analyst
17-2199.05,1.A.2.c.1,Reaction Time,IM,1.75,8,0.1637,1.4292,2.0708,N,,08/2022,Analyst
17-2199.05,1.A.2.c.1,Reaction Time,LV,1.25,8,0.3134,0.6358,1.8642,N,N,08/2022,Analyst
17-2199.05,1.A.2.c.2,Wrist-Finger Speed,IM,1.88,8,0.125,1.63,2.12,N,,08/2022,Analyst
17-2199.05,1.A.2.c.2,Wrist-Finger Speed,LV,1.12,8,0.2266,0.6809,1.5691,N,N,08/2022,Analyst
17-2199.05,1.A.2.c.3,Speed of Limb Movement,IM,1.0,8,0.0,1.0,1.0,N,,08/2022,Analyst
17-2199.05,1.A.2.c.3,Speed of Limb Movement,LV,0.0,8,0.0,0.0,0.0,N,Y,08/2022,Analyst
17-2199.05,1.A.3.a.1,Static Strength,IM,1.0,8,0.0,1.0,1.0,N,,08/2022,Analyst
17-2199.05,1.A.3.a.1,Static Strength,LV,0.0,8,0.0,0.0,0.0,N,Y,08/2022,Analyst
17-2199.05,1.A.3.a.2,Explosive Strength,IM,1.0,8,0.0,1.0,1.0,N,,08/2022,Analyst
17-2199.05,1.A.3.a.2,Explosive Strength,LV,0.0,8,0.0,0.0,0.0,N,Y,08/2022,Analyst
17-2199.05,1.A.3.a.3,Dynamic Strength,IM,1.0,8,0.0,1.0,1.0,N,,08/2022,Analyst
17-2199.05,1.A.3.a.3,Dynamic Strength,LV,0.0,8,0.0,0.0,0.0,N,Y,08/2022,Analyst
17-2199.05,1.A.3.a.4,Trunk Strength,IM,1.75,8,0.1637,1.4292,2.0708,N,,08/2022,Analyst
17-2199.05,1.A.3.a.4,Trunk Strength,LV,1.38,8,0.375,0.64,2.11,N,N,08/2022,Analyst
17-2199.05,1.A.3.b.1,Stamina,IM,1.0,8,0.0,1.0,1.0,N,,08/2022,Analyst
17-2199.05,1.A.3.b.1,Stamina,LV,0.0,8,0.0,0.0,0.0,N,Y,08/2022,Analyst
17-2199.05,1.A.3.c.1,Extent Flexibility,IM,1.5,8,0.189,1.1296,1.8704,N,,08/2022,Analyst
17-2199.05,1.A.3.c.1,Extent Flexibility,LV,0.75,8,0.3134,0.1358,1.3642,N,N,08/2022,Analyst
17-2199.05,1.A.3.c.2,Dynamic Flexibility,IM,1.0,8,0.0,1.0,1.0,N,,08/2022,Analyst
17-2199.05,1.A.3.c.2,Dynamic Flexibility,LV,0.0,8,0.0,0.0,0.0,N,Y,08/2022,Analyst
17-2199.05,1.A.3.c.3,Gross Body Coordination,IM,1.0,8,0.0,1.0,1.0,N,,08/2022,Analyst
17-2199.05,1.A.3.c.3,Gross Body Coordination,LV,0.0,8,0.0,0.0,0.0,N,Y,08/2022,Analyst
17-2199.05,1.A.3.c.4,Gross Body Equilibrium,IM,1.0,8,0.0,1.0,1.0,N,,08/2022,Analyst
17-2199.05,1.A.3.c.4,Gross Body Equilibrium,LV,0.0,8,0.0,0.0,0.0,N,Y,08/2022,Analyst
17-2199.05,1.A.4.a.1,Near Vision,IM,3.75,8,0.1637,3.4292,4.0708,N,,08/2022,Analyst
17-2199.05,1.A.4.a.1,Near Vision,LV,3.88,8,0.125,3.63,4.12,N,N,08/2022,Analyst
17-2199.05,1.A.4.a.2,Far Vision,IM,3.0,8,0.0,3.0,3.0,N,,08/2022,Analyst
17-2199.05,1.A.4.a.2,Far Vision,LV,3.0,8,0.0,3.0,3.0,N,N,08/2022,Analyst
17-2199.05,1.A.4.a.3,Visual Color Discrimination,IM,2.88,8,0.125,2.63,3.12,N,,08/2022,Analyst
17-2199.05,1.A.4.a.3,Visual Color Discrimination,LV,3.0,8,0.0,3.0,3.0,N,N,08/2022,Analyst
17-2199.05,1.A.4.a.4,Night Vision,IM,1.0,8,0.0,1.0,1.0,N,,08/2022,Analyst
17-2199.05,1.A.4.a.4,Night Vision,LV,0.0,8,0.0,0.0,0.0,N,Y,08/2022,Analyst
17-2199.05,1.A.4.a.5,Peripheral Vision,IM,1.0,8,0.0,1.0,1.0,N,,08/2022,Analyst
17-2199.05,1.A.4.a.5,Peripheral Vision,LV,0.0,8,0.0,0.0,0.0,N,Y,08/2022,Analyst
17-2199.05,1.A.4.a.6,Depth Perception,IM,2.12,8,0.125,1.88,2.37,N,,08/2022,Analyst
17-2199.05,1.A.4.a.6,Depth Perception,LV,2.0,8,0.189,1.6296,2.3704,N,N,08/2022,Analyst
17-2199.05,1.A.4.a.7,Glare Sensitivity,IM,1.0,8,0.0,1.0,1.0,N,,08/2022,Analyst
17-2199.05,1.A.4.a.7,Glare Sensitivity,LV,0.0,8,0.0,0.0,0.0,N,Y,08/2022,Analyst
17-2199.05,1.A.4.b.1,Hearing Sensitivity,IM,2.62,8,0.183,2.2664,2.9836,N,,08/2022,Analyst
17-2199.05,1.A.4.b.1,Hearing Sensitivity,LV,2.62,8,0.183,2.2664,2.9836,N,N,08/2022,Analyst
17-2199.05,1.A.4.b.2,Auditory Attention,IM,2.75,8,0.1637,2.4292,3.0708,N,,08/2022,Analyst
17-2199.05,1.A.4.b.2,Auditory Attention,LV,2.88,8,0.125,2.63,3.12,N,N,08/2022,Analyst
17-2199.05,1.A.4.b.3,Sound Localization,IM,1.12,8,0.125,1.0,1.37,N,,08/2022,Analyst
17-2199.05,1.A.4.b.3,Sound Localization,LV,0.12,8,0.125,0.0,0.37,N,Y,08/2022,Analyst
17-2199.05,1.A.4.b.4,Speech Recognition,IM,3.25,8,0.1637,2.9292,3.5708,N,,08/2022,Analyst
17-2199.05,1.A.4.b.4,Speech Recognition,LV,3.25,8,0.1637,2.9292,3.5708,N,N,08/2022,Analyst
17-2199.05,1.A.4.b.5,Speech Clarity,IM,3.38,8,0.183,3.0164,3.7336,N,,08/2022,Analyst
17-2199.05,1.A.4.b.5,Speech Clarity,LV,3.12,8,0.125,2.88,3.37,N,N,08/2022,Analyst
17-2199.06,1.A.1.a.1,Oral Comprehension,IM,4.12,8,0.125,3.88,4.37,N,,07/2016,Analyst
17-2199.06,1.A.1.a.1,Oral Comprehension,LV,4.75,8,0.3134,4.1358,5.3642,N,N,07/2016,Analyst
17-2199.06,1.A.1.a.2,Written Comprehension,IM,4.12,8,0.2266,3.6809,4.5691,N,,07/2016,Analyst
17-2199.06,1.A.1.a.2,Written Comprehension,LV,4.62,8,0.2631,4.1094,5.1406,N,N,07/2016,Analyst
17-2199.06,1.A.1.a.3,Oral Expression,IM,3.88,8,0.2266,3.4309,4.3191,N,,07/2016,Analyst
17-2199.06,1.A.1.a.3,Oral Expression,LV,4.5,8,0.3273,3.8584,5.1416,N,N,07/2016,Analyst
17-2199.06,1.A.1.a.4,Written Expression,IM,3.75,8,0.25,3.26,4.24,N,,07/2016,Analyst
17-2199.06,1.A.1.a.4,Written Expression,LV,4.5,8,0.3273,3.8584,5.1416,N,N,07/2016,Analyst
17-2199.06,1.A.1.b.1,Fluency of Ideas,IM,3.62,8,0.3239,2.9902,4.2598,N,,07/2016,Analyst
17-2199.06,1.A.1.b.1,Fluency of Ideas,LV,4.0,8,0.3273,3.3584,4.6416,N,N,07/2016,Analyst
17-2199.06,1.A.1.b.2,Originality,IM,3.5,8,0.3273,2.8584,4.1416,N,,07/2016,Analyst
17-2199.06,1.A.1.b.2,Originality,LV,4.0,8,0.3273,3.3584,4.6416,N,N,07/2016,Analyst
17-2199.06,1.A.1.b.3,Problem Sensitivity,IM,3.75,8,0.1637,3.4292,4.0708,N,,07/2016,Analyst
17-2199.06,1.A.1.b.3,Problem Sensitivity,LV,4.25,8,0.25,3.76,4.74,N,N,07/2016,Analyst
17-2199.06,1.A.1.b.4,Deductive Reasoning,IM,3.88,8,0.2266,3.4309,4.3191,N,,07/2016,Analyst
17-2199.06,1.A.1.b.4,Deductive Reasoning,LV,4.5,8,0.3273,3.8584,5.1416,N,N,07/2016,Analyst
17-2199.06,1.A.1.b.5,Inductive Reasoning,IM,3.88,8,0.2266,3.4309,4.3191,N,,07/2016,Analyst
17-2199.06,1.A.1.b.5,Inductive Reasoning,LV,4.38,8,0.375,3.64,5.11,N,N,07/2016,Analyst
17-2199.06,1.A.1.b.6,Information Ordering,IM,3.62,8,0.183,3.2664,3.9836,N,,07/2016,Analyst
17-2199.06,1.A.1.b.6,Information Ordering,LV,4.12,8,0.125,3.88,4.37,N,N,07/2016,Analyst
17-2199.06,1.A.1.b.7,Category Flexibility,IM,3.5,8,0.189,3.1296,3.8704,N,,07/2016,Analyst
17-2199.06,1.A.1.b.7,Category Flexibility,LV,4.0,8,0.189,3.6296,4.3704,N,N,07/2016,Analyst
17-2199.06,1.A.1.c.1,Mathematical Reasoning,IM,3.38,8,0.2631,2.8594,3.8906,N,,07/2016,Analyst
17-2199.06,1.A.1.c.1,Mathematical Reasoning,LV,3.75,8,0.3134,3.1358,4.3642,N,N,07/2016,Analyst
17-2199.06,1.A.1.c.2,Number Facility,IM,3.25,8,0.25,2.76,3.74,N,,07/2016,Analyst
17-2199.06,1.A.1.c.2,Number Facility,LV,3.88,8,0.2266,3.4309,4.3191,N,N,07/2016,Analyst
17-2199.06,1.A.1.d.1,Memorization,IM,2.88,8,0.295,2.2967,3.4533,N,,07/2016,Analyst
17-2199.06,1.A.1.d.1,Memorization,LV,3.25,8,0.25,2.76,3.74,N,N,07/2016,Analyst
17-2199.06,1.A.1.e.1,Speed of Closure,IM,2.88,8,0.2266,2.4309,3.3191,N,,07/2016,Analyst
17-2199.06,1.A.1.e.1,Speed of Closure,LV,3.0,8,0.378,2.2592,3.7408,N,N,07/2016,Analyst
17-2199.06,1.A.1.e.2,Flexibility of Closure,IM,3.25,8,0.25,2.76,3.74,N,,07/2016,Analyst
17-2199.06,1.A.1.e.2,Flexibility of Closure,LV,3.5,8,0.3273,2.8584,4.1416,N,N,07/2016,Analyst
17-2199.06,1.A.1.e.3,Perceptual Speed,IM,3.25,8,0.25,2.76,3.74,N,,07/2016,Analyst
17-2199.06,1.A.1.e.3,Perceptual Speed,LV,3.38,8,0.2631,2.8594,3.8906,N,N,07/2016,Analyst
17-2199.06,1.A.1.f.1,Spatial Orientation,IM,1.38,8,0.375,1.0,2.11,N,,07/2016,Analyst
17-2199.06,1.A.1.f.1,Spatial Orientation,LV,0.5,8,0.5,0.0,1.48,N,Y,07/2016,Analyst
17-2199.06,1.A.1.f.2,Visualization,IM,3.5,8,0.2673,2.9762,4.0238,N,,07/2016,Analyst
17-2199.06,1.A.1.f.2,Visualization,LV,3.62,8,0.2631,3.1094,4.1406,N,N,07/2016,Analyst
17-2199.06,1.A.1.g.1,Selective Attention,IM,3.5,8,0.189,3.1296,3.8704,N,,07/2016,Analyst
17-2199.06,1.A.1.g.1,Selective Attention,LV,3.38,8,0.2631,2.8594,3.8906,N,N,07/2016,Analyst
17-2199.06,1.A.1.g.2,Time Sharing,IM,3.0,8,0.2673,2.4762,3.5238,N,,07/2016,Analyst
17-2199.06,1.A.1.g.2,Time Sharing,LV,3.25,8,0.25,2.76,3.74,N,N,07/2016,Analyst
17-2199.06,1.A.2.a.1,Arm-Hand Steadiness,IM,2.62,8,0.183,2.2664,2.9836,N,,07/2016,Analyst
17-2199.06,1.A.2.a.1,Arm-Hand Steadiness,LV,3.0,8,0.189,2.6296,3.3704,N,N,07/2016,Analyst
17-2199.06,1.A.2.a.2,Manual Dexterity,IM,2.5,8,0.189,2.1296,2.8704,N,,07/2016,Analyst
17-2199.06,1.A.2.a.2,Manual Dexterity,LV,2.75,8,0.1637,2.4292,3.0708,N,N,07/2016,Analyst
17-2199.06,1.A.2.a.3,Finger Dexterity,IM,2.62,8,0.183,2.2664,2.9836,N,,07/2016,Analyst
17-2199.06,1.A.2.a.3,Finger Dexterity,LV,2.88,8,0.125,2.63,3.12,N,N,07/2016,Analyst
17-2199.06,1.A.2.b.1,Control Precision,IM,2.62,8,0.183,2.2664,2.9836,N,,07/2016,Analyst
17-2199.06,1.A.2.b.1,Control Precision,LV,2.62,8,0.183,2.2664,2.9836,N,N,07/2016,Analyst
17-2199.06,1.A.2.b.2,Multilimb Coordination,IM,1.88,8,0.2266,1.4309,2.3191,N,,07/2016,Analyst
17-2199.06,1.A.2.b.2,Multilimb Coordination,LV,1.25,8,0.366,0.5327,1.9673,N,N,07/2016,Analyst
17-2199.06,1.A.2.b.3,Response Orientation,IM,1.12,8,0.125,1.0,1.37,N,,07/2016,Analyst
17-2199.06,1.A.2.b.3,Response Orientation,LV,0.25,8,0.25,0.0,0.74,N,Y,07/2016,Analyst
17-2199.06,1.A.2.b.4,Rate Control,IM,1.88,8,0.2266,1.4309,2.3191,N,,07/2016,Analyst
17-2199.06,1.A.2.b.4,Rate Control,LV,1.25,8,0.366,0.5327,1.9673,N,N,07/2016,Analyst
17-2199.06,1.A.2.c.1,Reaction Time,IM,1.75,8,0.1637,1.4292,2.0708,N,,07/2016,Analyst
17-2199.06,1.A.2.c.1,Reaction Time,LV,1.12,8,0.295,0.5467,1.7033,N,N,07/2016,Analyst
17-2199.06,1.A.2.c.2,Wrist-Finger Speed,IM,2.0,8,0.2673,1.4762,2.5238,N,,07/2016,Analyst
17-2199.06,1.A.2.c.2,Wrist-Finger Speed,LV,1.5,8,0.378,0.7592,2.2408,N,N,07/2016,Analyst
17-2199.06,1.A.2.c.3,Speed of Limb Movement,IM,1.0,8,0.0,1.0,1.0,N,,07/2016,Analyst
17-2199.06,1.A.2.c.3,Speed of Limb Movement,LV,0.0,8,0.0,0.0,0.0,N,Y,07/2016,Analyst
17-2199.06,1.A.3.a.1,Static Strength,IM,1.75,8,0.1637,1.4292,2.0708,N,,07/2016,Analyst
17-2199.06,1.A.3.a.1,Static Strength,LV,1.12,8,0.295,0.5467,1.7033,N,N,07/2016,Analyst
17-2199.06,1.A.3.a.2,Explosive Strength,IM,1.62,8,0.183,1.2664,1.9836,N,,07/2016,Analyst
17-2199.06,1.A.3.a.2,Explosive Strength,LV,0.88,8,0.295,0.2967,1.4533,N,N,07/2016,Analyst
17-2199.06,1.A.3.a.3,Dynamic Strength,IM,1.0,8,0.0,1.0,1.0,N,,07/2016,Analyst
17-2199.06,1.A.3.a.3,Dynamic Strength,LV,0.0,8,0.0,0.0,0.0,N,Y,07/2016,Analyst
17-2199.06,1.A.3.a.4,Trunk Strength,IM,2.12,8,0.2266,1.6809,2.5691,N,,07/2016,Analyst
17-2199.06,1.A.3.a.4,Trunk Strength,LV,1.88,8,0.3504,1.1883,2.5617,N,N,07/2016,Analyst
17-2199.06,1.A.3.b.1,Stamina,IM,1.12,8,0.125,1.0,1.37,N,,07/2016,Analyst
17-2199.06,1.A.3.b.1,Stamina,LV,0.25,8,0.25,0.0,0.74,N,Y,07/2016,Analyst
17-2199.06,1.A.3.c.1,Extent Flexibility,IM,1.75,8,0.25,1.26,2.24,N,,07/2016,Analyst
17-2199.06,1.A.3.c.1,Extent Flexibility,LV,1.25,8,0.366,0.5327,1.9673,N,N,07/2016,Analyst
17-2199.06,1.A.3.c.2,Dynamic Flexibility,IM,1.0,8,0.0,1.0,1.0,N,,07/2016,Analyst
17-2199.06,1.A.3.c.2,Dynamic Flexibility,LV,0.0,8,0.0,0.0,0.0,N,Y,07/2016,Analyst
17-2199.06,1.A.3.c.3,Gross Body Coordination,IM,1.0,8,0.0,1.0,1.0,N,,07/2016,Analyst
17-2199.06,1.A.3.c.3,Gross Body Coordination,LV,0.0,8,0.0,0.0,0.0,N,Y,07/2016,Analyst
17-2199.06,1.A.3.c.4,Gross Body Equilibrium,IM,1.0,8,0.0,1.0,1.0,N,,07/2016,Analyst
17-2199.06,1.A.3.c.4,Gross Body Equilibrium,LV,0.0,8,0.0,0.0,0.0,N,Y,07/2016,Analyst
17-2199.06,1.A.4.a.1,Near Vision,IM,3.5,8,0.189,3.1296,3.8704,N,,07/2016,Analyst
17-2199.06,1.A.4.a.1,Near Vision,LV,3.88,8,0.2266,3.4309,4.3191,N,N,07/2016,Analyst
17-2199.06,1.A.4.a.2,Far Vision,IM,2.88,8,0.2266,2.4309,3.3191,N,,07/2016,Analyst
17-2199.06,1.A.4.a.2,Far Vision,LV,2.75,8,0.25,2.26,3.24,N,N,07/2016,Analyst
17-2199.06,1.A.4.a.3,Visual Color Discrimination,IM,3.0,8,0.2673,2.4762,3.5238,N,,07/2016,Analyst
17-2199.06,1.A.4.a.3,Visual Color Discrimination,LV,3.25,8,0.1637,2.9292,3.5708,N,N,07/2016,Analyst
17-2199.06,1.A.4.a.4,Night Vision,IM,1.0,8,0.0,1.0,1.0,N,,07/2016,Analyst
17-2199.06,1.A.4.a.4,Night Vision,LV,0.0,8,0.0,0.0,0.0,N,Y,07/2016,Analyst
17-2199.06,1.A.4.a.5,Peripheral Vision,IM,1.0,8,0.0,1.0,1.0,N,,07/2016,Analyst
17-2199.06,1.A.4.a.5,Peripheral Vision,LV,0.0,8,0.0,0.0,0.0,N,Y,07/2016,Analyst
17-2199.06,1.A.4.a.6,Depth Perception,IM,2.25,8,0.1637,1.9292,2.5708,N,,07/2016,Analyst
17-2199.06,1.A.4.a.6,Depth Perception,LV,2.25,8,0.366,1.5327,2.9673,N,N,07/2016,Analyst
17-2199.06,1.A.4.a.7,Glare Sensitivity,IM,1.0,8,0.0,1.0,1.0,N,,07/2016,Analyst
17-2199.06,1.A.4.a.7,Glare Sensitivity,LV,0.0,8,0.0,0.0,0.0,N,Y,07/2016,Analyst
17-2199.06,1.A.4.b.1,Hearing Sensitivity,IM,2.5,8,0.189,2.1296,2.8704,N,,07/2016,Analyst
17-2199.06,1.A.4.b.1,Hearing Sensitivity,LV,2.75,8,0.3134,2.1358,3.3642,N,N,07/2016,Analyst
17-2199.06,1.A.4.b.2,Auditory Attention,IM,2.38,8,0.183,2.0164,2.7336,N,,07/2016,Analyst
17-2199.06,1.A.4.b.2,Auditory Attention,LV,2.5,8,0.2673,1.9762,3.0238,N,N,07/2016,Analyst
17-2199.06,1.A.4.b.3,Sound Localization,IM,1.0,8,0.0,1.0,1.0,N,,07/2016,Analyst
17-2199.06,1.A.4.b.3,Sound Localization,LV,0.0,8,0.0,0.0,0.0,N,Y,07/2016,Analyst
17-2199.06,1.A.4.b.4,Speech Recognition,IM,3.5,8,0.2673,2.9762,4.0238,N,,07/2016,Analyst
17-2199.06,1.A.4.b.4,Speech Recognition,LV,3.62,8,0.2631,3.1094,4.1406,N,N,07/2016,Analyst
17-2199.06,1.A.4.b.5,Speech Clarity,IM,3.38,8,0.2631,2.8594,3.8906,N,,07/2016,Analyst
17-2199.06,1.A.4.b.5,Speech Clarity,LV,3.62,8,0.2631,3.1094,4.1406,N,N,07/2016,Analyst
17-2199.07,1.A.1.a.1,Oral Comprehension,IM,3.88,8,0.125,3.63,4.12,N,,08/2018,Analyst
17-2199.07,1.A.1.a.1,Oral Comprehension,LV,4.88,8,0.2266,4.4309,5.3191,N,N,08/2018,Analyst
17-2199.07,1.A.1.a.2,Written Comprehension,IM,4.0,8,0.0,4.0,4.0,N,,08/2018,Analyst
17-2199.07,1.A.1.a.2,Written Comprehension,LV,5.0,8,0.189,4.6296,5.3704,N,N,08/2018,Analyst
17-2199.07,1.A.1.a.3,Oral Expression,IM,3.75,8,0.1637,3.4292,4.0708,N,,08/2018,Analyst
17-2199.07,1.A.1.a.3,Oral Expression,LV,4.88,8,0.125,4.63,5.12,N,N,08/2018,Analyst
17-2199.07,1.A.1.a.4,Written Expression,IM,3.88,8,0.125,3.63,4.12,N,,08/2018,Analyst
17-2199.07,1.A.1.a.4,Written Expression,LV,4.62,8,0.183,4.2664,4.9836,N,N,08/2018,Analyst
17-2199.07,1.A.1.b.1,Fluency of Ideas,IM,3.75,8,0.1637,3.4292,4.0708,N,,08/2018,Analyst
17-2199.07,1.A.1.b.1,Fluency of Ideas,LV,4.25,8,0.1637,3.9292,4.5708,N,N,08/2018,Analyst
17-2199.07,1.A.1.b.2,Originality,IM,3.75,8,0.1637,3.4292,4.0708,N,,08/2018,Analyst
17-2199.07,1.A.1.b.2,Originality,LV,4.62,8,0.183,4.2664,4.9836,N,N,08/2018,Analyst
17-2199.07,1.A.1.b.3,Problem Sensitivity,IM,3.75,8,0.1637,3.4292,4.0708,N,,08/2018,Analyst
17-2199.07,1.A.1.b.3,Problem Sensitivity,LV,4.12,8,0.125,3.88,4.37,N,N,08/2018,Analyst
17-2199.07,1.A.1.b.4,Deductive Reasoning,IM,4.0,8,0.0,4.0,4.0,N,,08/2018,Analyst
17-2199.07,1.A.1.b.4,Deductive Reasoning,LV,5.12,8,0.125,4.88,5.37,N,N,08/2018,Analyst
17-2199.07,1.A.1.b.5,Inductive Reasoning,IM,4.0,8,0.0,4.0,4.0,N,,08/2018,Analyst
17-2199.07,1.A.1.b.5,Inductive Reasoning,LV,4.5,8,0.189,4.1296,4.8704,N,N,08/2018,Analyst
17-2199.07,1.A.1.b.6,Information Ordering,IM,4.0,8,0.0,4.0,4.0,N,,08/2018,Analyst
17-2199.07,1.A.1.b.6,Information Ordering,LV,4.38,8,0.183,4.0164,4.7336,N,N,08/2018,Analyst
17-2199.07,1.A.1.b.7,Category Flexibility,IM,3.62,8,0.183,3.2664,3.9836,N,,08/2018,Analyst
17-2199.07,1.A.1.b.7,Category Flexibility,LV,4.62,8,0.2631,4.1094,5.1406,N,N,08/2018,Analyst
17-2199.07,1.A.1.c.1,Mathematical Reasoning,IM,3.88,8,0.125,3.63,4.12,N,,08/2018,Analyst
17-2199.07,1.A.1.c.1,Mathematical Reasoning,LV,4.88,8,0.2266,4.4309,5.3191,N,N,08/2018,Analyst
17-2199.07,1.A.1.c.2,Number Facility,IM,3.5,8,0.189,3.1296,3.8704,N,,08/2018,Analyst
17-2199.07,1.A.1.c.2,Number Facility,LV,4.25,8,0.1637,3.9292,4.5708,N,N,08/2018,Analyst
17-2199.07,1.A.1.d.1,Memorization,IM,2.75,8,0.1637,2.4292,3.0708,N,,08/2018,Analyst
17-2199.07,1.A.1.d.1,Memorization,LV,2.75,8,0.1637,2.4292,3.0708,N,N,08/2018,Analyst
17-2199.07,1.A.1.e.1,Speed of Closure,IM,2.88,8,0.125,2.63,3.12,N,,08/2018,Analyst
17-2199.07,1.A.1.e.1,Speed of Closure,LV,3.0,8,0.189,2.6296,3.3704,N,N,08/2018,Analyst
17-2199.07,1.A.1.e.2,Flexibility of Closure,IM,3.25,8,0.1637,2.9292,3.5708,N,,08/2018,Analyst
17-2199.07,1.A.1.e.2,Flexibility of Closure,LV,3.62,8,0.183,3.2664,3.9836,N,N,08/2018,Analyst
17-2199.07,1.A.1.e.3,Perceptual Speed,IM,3.0,8,0.0,3.0,3.0,N,,08/2018,Analyst
17-2199.07,1.A.1.e.3,Perceptual Speed,LV,3.12,8,0.125,2.88,3.37,N,N,08/2018,Analyst
17-2199.07,1.A.1.f.1,Spatial Orientation,IM,1.0,8,0.0,1.0,1.0,N,,08/2018,Analyst
17-2199.07,1.A.1.f.1,Spatial Orientation,LV,0.0,8,0.0,0.0,0.0,N,Y,08/2018,Analyst
17-2199.07,1.A.1.f.2,Visualization,IM,3.25,8,0.1637,2.9292,3.5708,N,,08/2018,Analyst
17-2199.07,1.A.1.f.2,Visualization,LV,4.12,8,0.125,3.88,4.37,N,N,08/2018,Analyst
17-2199.07,1.A.1.g.1,Selective Attention,IM,2.88,8,0.125,2.63,3.12,N,,08/2018,Analyst
17-2199.07,1.A.1.g.1,Selective Attention,LV,3.0,8,0.0,3.0,3.0,N,N,08/2018,Analyst
17-2199.07,1.A.1.g.2,Time Sharing,IM,2.25,8,0.1637,1.9292,2.5708,N,,08/2018,Analyst
17-2199.07,1.A.1.g.2,Time Sharing,LV,2.25,8,0.1637,1.9292,2.5708,N,N,08/2018,Analyst
17-2199.07,1.A.2.a.1,Arm-Hand Steadiness,IM,2.62,8,0.183,2.2664,2.9836,N,,08/2018,Analyst
17-2199.07,1.A.2.a.1,Arm-Hand Steadiness,LV,3.0,8,0.0,3.0,3.0,N,N,08/2018,Analyst
17-2199.07,1.A.2.a.2,Manual Dexterity,IM,2.5,8,0.189,2.1296,2.8704,N,,08/2018,Analyst
17-2199.07,1.A.2.a.2,Manual Dexterity,LV,2.5,8,0.189,2.1296,2.8704,N,N,08/2018,Analyst
17-2199.07,1.A.2.a.3,Finger Dexterity,IM,2.62,8,0.183,2.2664,2.9836,N,,08/2018,Analyst
17-2199.07,1.A.2.a.3,Finger Dexterity,LV,3.0,8,0.189,2.6296,3.3704,N,N,08/2018,Analyst
17-2199.07,1.A.2.b.1,Control Precision,IM,2.62,8,0.183,2.2664,2.9836,N,,08/2018,Analyst
17-2199.07,1.A.2.b.1,Control Precision,LV,3.12,8,0.125,2.88,3.37,N,N,08/2018,Analyst
17-2199.07,1.A.2.b.2,Multilimb Coordination,IM,1.62,8,0.183,1.2664,1.9836,N,,08/2018,Analyst
17-2199.07,1.A.2.b.2,Multilimb Coordination,LV,1.12,8,0.3504,0.4383,1.8117,N,N,08/2018,Analyst
17-2199.07,1.A.2.b.3,Response Orientation,IM,1.75,8,0.1637,1.4292,2.0708,N,,08/2018,Analyst
17-2199.07,1.A.2.b.3,Response Orientation,LV,1.12,8,0.295,0.5467,1.7033,N,N,08/2018,Analyst
17-2199.07,1.A.2.b.4,Rate Control,IM,1.75,8,0.1637,1.4292,2.0708,N,,08/2018,Analyst
17-2199.07,1.A.2.b.4,Rate Control,LV,0.75,8,0.1637,0.4292,1.0708,N,N,08/2018,Analyst
17-2199.07,1.A.2.c.1,Reaction Time,IM,1.75,8,0.1637,1.4292,2.0708,N,,08/2018,Analyst
17-2199.07,1.A.2.c.1,Reaction Time,LV,1.0,8,0.2673,0.4762,1.5238,N,N,08/2018,Analyst
17-2199.07,1.A.2.c.2,Wrist-Finger Speed,IM,1.75,8,0.1637,1.4292,2.0708,N,,08/2018,Analyst
17-2199.07,1.A.2.c.2,Wrist-Finger Speed,LV,0.75,8,0.1637,0.4292,1.0708,N,N,08/2018,Analyst
17-2199.07,1.A.2.c.3,Speed of Limb Movement,IM,1.0,8,0.0,1.0,1.0,N,,08/2018,Analyst
17-2199.07,1.A.2.c.3,Speed of Limb Movement,LV,0.0,8,0.0,0.0,0.0,N,Y,08/2018,Analyst
17-2199.07,1.A.3.a.1,Static Strength,IM,1.38,8,0.183,1.0164,1.7336,N,,08/2018,Analyst
17-2199.07,1.A.3.a.1,Static Strength,LV,0.38,8,0.183,0.0164,0.7336,N,N,08/2018,Analyst
17-2199.07,1.A.3.a.2,Explosive Strength,IM,1.0,8,0.0,1.0,1.0,N,,08/2018,Analyst
17-2199.07,1.A.3.a.2,Explosive Strength,LV,0.0,8,0.0,0.0,0.0,N,Y,08/2018,Analyst
17-2199.07,1.A.3.a.3,Dynamic Strength,IM,1.0,8,0.0,1.0,1.0,N,,08/2018,Analyst
17-2199.07,1.A.3.a.3,Dynamic Strength,LV,0.0,8,0.0,0.0,0.0,N,Y,08/2018,Analyst
17-2199.07,1.A.3.a.4,Trunk Strength,IM,1.62,8,0.183,1.2664,1.9836,N,,08/2018,Analyst
17-2199.07,1.A.3.a.4,Trunk Strength,LV,1.0,8,0.3273,0.3584,1.6416,N,N,08/2018,Analyst
17-2199.07,1.A.3.b.1,Stamina,IM,1.0,8,0.0,1.0,1.0,N,,08/2018,Analyst
17-2199.07,1.A.3.b.1,Stamina,LV,0.0,8,0.0,0.0,0.0,N,Y,08/2018,Analyst
17-2199.07,1.A.3.c.1,Extent Flexibility,IM,1.12,8,0.125,1.0,1.37,N,,08/2018,Analyst
17-2199.07,1.A.3.c.1,Extent Flexibility,LV,0.12,8,0.125,0.0,0.37,N,Y,08/2018,Analyst
17-2199.07,1.A.3.c.2,Dynamic Flexibility,IM,1.0,8,0.0,1.0,1.0,N,,08/2018,Analyst
17-2199.07,1.A.3.c.2,Dynamic Flexibility,LV,0.0,8,0.0,0.0,0.0,N,Y,08/2018,Analyst
17-2199.07,1.A.3.c.3,Gross Body Coordination,IM,1.0,8,0.0,1.0,1.0,N,,08/2018,Analyst
17-2199.07,1.A.3.c.3,Gross Body Coordination,LV,0.0,8,0.0,0.0,0.0,N,Y,08/2018,Analyst
17-2199.07,1.A.3.c.4,Gross Body Equilibrium,IM,1.0,8,0.0,1.0,1.0,N,,08/2018,Analyst
17-2199.07,1.A.3.c.4,Gross Body Equilibrium,LV,0.0,8,0.0,0.0,0.0,N,Y,08/2018,Analyst
17-2199.07,1.A.4.a.1,Near Vision,IM,3.62,8,0.183,3.2664,3.9836,N,,08/2018,Analyst
17-2199.07,1.A.4.a.1,Near Vision,LV,4.12,8,0.125,3.88,4.37,N,N,08/2018,Analyst
17-2199.07,1.A.4.a.2,Far Vision,IM,2.88,8,0.125,2.63,3.12,N,,08/2018,Analyst
17-2199.07,1.A.4.a.2,Far Vision,LV,3.5,8,0.189,3.1296,3.8704,N,N,08/2018,Analyst
17-2199.07,1.A.4.a.3,Visual Color Discrimination,IM,2.88,8,0.125,2.63,3.12,N,,08/2018,Analyst
17-2199.07,1.A.4.a.3,Visual Color Discrimination,LV,3.0,8,0.189,2.6296,3.3704,N,N,08/2018,Analyst
17-2199.07,1.A.4.a.4,Night Vision,IM,1.0,8,0.0,1.0,1.0,N,,08/2018,Analyst
17-2199.07,1.A.4.a.4,Night Vision,LV,0.0,8,0.0,0.0,0.0,N,Y,08/2018,Analyst
17-2199.07,1.A.4.a.5,Peripheral Vision,IM,1.0,8,0.0,1.0,1.0,N,,08/2018,Analyst
17-2199.07,1.A.4.a.5,Peripheral Vision,LV,0.0,8,0.0,0.0,0.0,N,Y,08/2018,Analyst
17-2199.07,1.A.4.a.6,Depth Perception,IM,2.5,8,0.189,2.1296,2.8704,N,,08/2018,Analyst
17-2199.07,1.A.4.a.6,Depth Perception,LV,2.62,8,0.183,2.2664,2.9836,N,N,08/2018,Analyst
17-2199.07,1.A.4.a.7,Glare Sensitivity,IM,1.75,8,0.1637,1.4292,2.0708,N,,08/2018,Analyst
17-2199.07,1.A.4.a.7,Glare Sensitivity,LV,1.38,8,0.3239,0.7402,2.0098,N,N,08/2018,Analyst
17-2199.07,1.A.4.b.1,Hearing Sensitivity,IM,2.12,8,0.125,1.88,2.37,N,,08/2018,Analyst
17-2199.07,1.A.4.b.1,Hearing Sensitivity,LV,2.25,8,0.1637,1.9292,2.5708,N,N,08/2018,Analyst
17-2199.07,1.A.4.b.2,Auditory Attention,IM,1.88,8,0.125,1.63,2.12,N,,08/2018,Analyst
17-2199.07,1.A.4.b.2,Auditory Attention,LV,1.62,8,0.2631,1.1094,2.1406,N,N,08/2018,Analyst
17-2199.07,1.A.4.b.3,Sound Localization,IM,1.0,8,0.0,1.0,1.0,N,,08/2018,Analyst
17-2199.07,1.A.4.b.3,Sound Localization,LV,0.0,8,0.0,0.0,0.0,N,Y,08/2018,Analyst
17-2199.07,1.A.4.b.4,Speech Recognition,IM,3.25,8,0.1637,2.9292,3.5708,N,,08/2018,Analyst
17-2199.07,1.A.4.b.4,Speech Recognition,LV,3.5,8,0.189,3.1296,3.8704,N,N,08/2018,Analyst
17-2199.07,1.A.4.b.5,Speech Clarity,IM,3.5,8,0.189,3.1296,3.8704,N,,08/2018,Analyst
17-2199.07,1.A.4.b.5,Speech Clarity,LV,3.62,8,0.183,3.2664,3.9836,N,N,08/2018,Analyst
17-2199.08,1.A.1.a.1,Oral Comprehension,IM,4.0,8,0.0,4.0,4.0,N,,08/2018,Analyst
17-2199.08,1.A.1.a.1,Oral Comprehension,LV,4.88,8,0.125,4.63,5.12,N,N,08/2018,Analyst
17-2199.08,1.A.1.a.2,Written Comprehension,IM,4.0,8,0.0,4.0,4.0,N,,08/2018,Analyst
17-2199.08,1.A.1.a.2,Written Comprehension,LV,5.0,8,0.189,4.6296,5.3704,N,N,08/2018,Analyst
17-2199.08,1.A.1.a.3,Oral Expression,IM,3.88,8,0.125,3.63,4.12,N,,08/2018,Analyst
17-2199.08,1.A.1.a.3,Oral Expression,LV,4.62,8,0.183,4.2664,4.9836,N,N,08/2018,Analyst
17-2199.08,1.A.1.a.4,Written Expression,IM,3.88,8,0.125,3.63,4.12,N,,08/2018,Analyst
17-2199.08,1.A.1.a.4,Written Expression,LV,4.62,8,0.183,4.2664,4.9836,N,N,08/2018,Analyst
17-2199.08,1.A.1.b.1,Fluency of Ideas,IM,3.88,8,0.125,3.63,4.12,N,,08/2018,Analyst
17-2199.08,1.A.1.b.1,Fluency of Ideas,LV,4.12,8,0.125,3.88,4.37,N,N,08/2018,Analyst
17-2199.08,1.A.1.b.2,Originality,IM,3.88,8,0.125,3.63,4.12,N,,08/2018,Analyst
17-2199.08,1.A.1.b.2,Originality,LV,4.62,8,0.2631,4.1094,5.1406,N,N,08/2018,Analyst
17-2199.08,1.A.1.b.3,Problem Sensitivity,IM,4.12,8,0.125,3.88,4.37,N,,08/2018,Analyst
17-2199.08,1.A.1.b.3,Problem Sensitivity,LV,4.5,8,0.189,4.1296,4.8704,N,N,08/2018,Analyst
17-2199.08,1.A.1.b.4,Deductive Reasoning,IM,4.0,8,0.0,4.0,4.0,N,,08/2018,Analyst
17-2199.08,1.A.1.b.4,Deductive Reasoning,LV,4.75,8,0.1637,4.4292,5.0708,N,N,08/2018,Analyst
17-2199.08,1.A.1.b.5,Inductive Reasoning,IM,4.0,8,0.0,4.0,4.0,N,,08/2018,Analyst
17-2199.08,1.A.1.b.5,Inductive Reasoning,LV,4.5,8,0.189,4.1296,4.8704,N,N,08/2018,Analyst
17-2199.08,1.A.1.b.6,Information Ordering,IM,4.0,8,0.0,4.0,4.0,N,,08/2018,Analyst
17-2199.08,1.A.1.b.6,Information Ordering,LV,4.5,8,0.189,4.1296,4.8704,N,N,08/2018,Analyst
17-2199.08,1.A.1.b.7,Category Flexibility,IM,3.88,8,0.125,3.63,4.12,N,,08/2018,Analyst
17-2199.08,1.A.1.b.7,Category Flexibility,LV,3.88,8,0.125,3.63,4.12,N,N,08/2018,Analyst
17-2199.08,1.A.1.c.1,Mathematical Reasoning,IM,3.88,8,0.125,3.63,4.12,N,,08/2018,Analyst
17-2199.08,1.A.1.c.1,Mathematical Reasoning,LV,4.75,8,0.1637,4.4292,5.0708,N,N,08/2018,Analyst
17-2199.08,1.A.1.c.2,Number Facility,IM,3.38,8,0.183,3.0164,3.7336,N,,08/2018,Analyst
17-2199.08,1.A.1.c.2,Number Facility,LV,4.0,8,0.0,4.0,4.0,N,N,08/2018,Analyst
17-2199.08,1.A.1.d.1,Memorization,IM,3.0,8,0.189,2.6296,3.3704,N,,08/2018,Analyst
17-2199.08,1.A.1.d.1,Memorization,LV,3.0,8,0.189,2.6296,3.3704,N,N,08/2018,Analyst
17-2199.08,1.A.1.e.1,Speed of Closure,IM,2.88,8,0.125,2.63,3.12,N,,08/2018,Analyst
17-2199.08,1.A.1.e.1,Speed of Closure,LV,3.38,8,0.183,3.0164,3.7336,N,N,08/2018,Analyst
17-2199.08,1.A.1.e.2,Flexibility of Closure,IM,3.75,8,0.1637,3.4292,4.0708,N,,08/2018,Analyst
17-2199.08,1.A.1.e.2,Flexibility of Closure,LV,3.88,8,0.125,3.63,4.12,N,N,08/2018,Analyst
17-2199.08,1.A.1.e.3,Perceptual Speed,IM,3.38,8,0.183,3.0164,3.7336,N,,08/2018,Analyst
17-2199.08,1.A.1.e.3,Perceptual Speed,LV,3.75,8,0.1637,3.4292,4.0708,N,N,08/2018,Analyst
17-2199.08,1.A.1.f.1,Spatial Orientation,IM,1.5,8,0.189,1.1296,1.8704,N,,08/2018,Analyst
17-2199.08,1.A.1.f.1,Spatial Orientation,LV,1.0,8,0.378,0.2592,1.7408,N,N,08/2018,Analyst
17-2199.08,1.A.1.f.2,Visualization,IM,3.88,8,0.125,3.63,4.12,N,,08/2018,Analyst
17-2199.08,1.A.1.f.2,Visualization,LV,4.62,8,0.183,4.2664,4.9836,N,N,08/2018,Analyst
17-2199.08,1.A.1.g.1,Selective Attention,IM,3.12,8,0.125,2.88,3.37,N,,08/2018,Analyst
17-2199.08,1.A.1.g.1,Selective Attention,LV,3.12,8,0.125,2.88,3.37,N,N,08/2018,Analyst
17-2199.08,1.A.1.g.2,Time Sharing,IM,3.0,8,0.0,3.0,3.0,N,,08/2018,Analyst
17-2199.08,1.A.1.g.2,Time Sharing,LV,2.88,8,0.125,2.63,3.12,N,N,08/2018,Analyst
17-2199.08,1.A.2.a.1,Arm-Hand Steadiness,IM,3.12,8,0.125,2.88,3.37,N,,08/2018,Analyst
17-2199.08,1.A.2.a.1,Arm-Hand Steadiness,LV,3.0,8,0.0,3.0,3.0,N,N,08/2018,Analyst
17-2199.08,1.A.2.a.2,Manual Dexterity,IM,3.0,8,0.0,3.0,3.0,N,,08/2018,Analyst
17-2199.08,1.A.2.a.2,Manual Dexterity,LV,3.0,8,0.0,3.0,3.0,N,N,08/2018,Analyst
17-2199.08,1.A.2.a.3,Finger Dexterity,IM,3.5,8,0.189,3.1296,3.8704,N,,08/2018,Analyst
17-2199.08,1.A.2.a.3,Finger Dexterity,LV,3.62,8,0.183,3.2664,3.9836,N,N,08/2018,Analyst
17-2199.08,1.A.2.b.1,Control Precision,IM,3.0,8,0.0,3.0,3.0,N,,08/2018,Analyst
17-2199.08,1.A.2.b.1,Control Precision,LV,3.25,8,0.1637,2.9292,3.5708,N,N,08/2018,Analyst
17-2199.08,1.A.2.b.2,Multilimb Coordination,IM,2.62,8,0.183,2.2664,2.9836,N,,08/2018,Analyst
17-2199.08,1.A.2.b.2,Multilimb Coordination,LV,2.38,8,0.3239,1.7402,3.0098,N,N,08/2018,Analyst
17-2199.08,1.A.2.b.3,Response Orientation,IM,1.75,8,0.1637,1.4292,2.0708,N,,08/2018,Analyst
17-2199.08,1.A.2.b.3,Response Orientation,LV,1.38,8,0.3239,0.7402,2.0098,N,N,08/2018,Analyst
17-2199.08,1.A.2.b.4,Rate Control,IM,2.75,8,0.1637,2.4292,3.0708,N,,08/2018,Analyst
17-2199.08,1.A.2.b.4,Rate Control,LV,2.62,8,0.2631,2.1094,3.1406,N,N,08/2018,Analyst
17-2199.08,1.A.2.c.1,Reaction Time,IM,2.62,8,0.183,2.2664,2.9836,N,,08/2018,Analyst
17-2199.08,1.A.2.c.1,Reaction Time,LV,3.0,8,0.0,3.0,3.0,N,N,08/2018,Analyst
17-2199.08,1.A.2.c.2,Wrist-Finger Speed,IM,2.0,8,0.0,2.0,2.0,N,,08/2018,Analyst
17-2199.08,1.A.2.c.2,Wrist-Finger Speed,LV,1.88,8,0.125,1.63,2.12,N,N,08/2018,Analyst
17-2199.08,1.A.2.c.3,Speed of Limb Movement,IM,1.38,8,0.183,1.0164,1.7336,N,,08/2018,Analyst
17-2199.08,1.A.2.c.3,Speed of Limb Movement,LV,0.5,8,0.2673,0.0,1.0238,N,N,08/2018,Analyst
17-2199.08,1.A.3.a.1,Static Strength,IM,1.62,8,0.183,1.2664,1.9836,N,,08/2018,Analyst
17-2199.08,1.A.3.a.1,Static Strength,LV,0.62,8,0.183,0.2664,0.9836,N,N,08/2018,Analyst
17-2199.08,1.A.3.a.2,Explosive Strength,IM,1.5,8,0.189,1.1296,1.8704,N,,08/2018,Analyst
17-2199.08,1.A.3.a.2,Explosive Strength,LV,0.5,8,0.189,0.1296,0.8704,N,N,08/2018,Analyst
17-2199.08,1.A.3.a.3,Dynamic Strength,IM,1.0,8,0.0,1.0,1.0,N,,08/2018,Analyst
17-2199.08,1.A.3.a.3,Dynamic Strength,LV,0.0,8,0.0,0.0,0.0,N,Y,08/2018,Analyst
17-2199.08,1.A.3.a.4,Trunk Strength,IM,2.12,8,0.125,1.88,2.37,N,,08/2018,Analyst
17-2199.08,1.A.3.a.4,Trunk Strength,LV,2.0,8,0.0,2.0,2.0,N,N,08/2018,Analyst
17-2199.08,1.A.3.b.1,Stamina,IM,1.0,8,0.0,1.0,1.0,N,,08/2018,Analyst
17-2199.08,1.A.3.b.1,Stamina,LV,0.0,8,0.0,0.0,0.0,N,Y,08/2018,Analyst
17-2199.08,1.A.3.c.1,Extent Flexibility,IM,2.12,8,0.125,1.88,2.37,N,,08/2018,Analyst
17-2199.08,1.A.3.c.1,Extent Flexibility,LV,1.88,8,0.125,1.63,2.12,N,N,08/2018,Analyst
17-2199.08,1.A.3.c.2,Dynamic Flexibility,IM,1.0,8,0.0,1.0,1.0,N,,08/2018,Analyst
17-2199.08,1.A.3.c.2,Dynamic Flexibility,LV,0.0,8,0.0,0.0,0.0,N,Y,08/2018,Analyst
17-2199.08,1.A.3.c.3,Gross Body Coordination,IM,1.0,8,0.0,1.0,1.0,N,,08/2018,Analyst
17-2199.08,1.A.3.c.3,Gross Body Coordination,LV,0.0,8,0.0,0.0,0.0,N,Y,08/2018,Analyst
17-2199.08,1.A.3.c.4,Gross Body Equilibrium,IM,1.0,8,0.0,1.0,1.0,N,,08/2018,Analyst
17-2199.08,1.A.3.c.4,Gross Body Equilibrium,LV,0.0,8,0.0,0.0,0.0,N,Y,08/2018,Analyst
17-2199.08,1.A.4.a.1,Near Vision,IM,3.88,8,0.125,3.63,4.12,N,,08/2018,Analyst
17-2199.08,1.A.4.a.1,Near Vision,LV,3.88,8,0.125,3.63,4.12,N,N,08/2018,Analyst
17-2199.08,1.A.4.a.2,Far Vision,IM,2.88,8,0.125,2.63,3.12,N,,08/2018,Analyst
17-2199.08,1.A.4.a.2,Far Vision,LV,3.5,8,0.189,3.1296,3.8704,N,N,08/2018,Analyst
17-2199.08,1.A.4.a.3,Visual Color Discrimination,IM,3.12,8,0.125,2.88,3.37,N,,08/2018,Analyst
17-2199.08,1.A.4.a.3,Visual Color Discrimination,LV,3.5,8,0.189,3.1296,3.8704,N,N,08/2018,Analyst
17-2199.08,1.A.4.a.4,Night Vision,IM,1.38,8,0.183,1.0164,1.7336,N,,08/2018,Analyst
17-2199.08,1.A.4.a.4,Night Vision,LV,0.38,8,0.183,0.0164,0.7336,N,N,08/2018,Analyst
17-2199.08,1.A.4.a.5,Peripheral Vision,IM,1.38,8,0.183,1.0164,1.7336,N,,08/2018,Analyst
17-2199.08,1.A.4.a.5,Peripheral Vision,LV,0.38,8,0.183,0.0164,0.7336,N,N,08/2018,Analyst
17-2199.08,1.A.4.a.6,Depth Perception,IM,2.75,8,0.1637,2.4292,3.0708,N,,08/2018,Analyst
17-2199.08,1.A.4.a.6,Depth Perception,LV,2.62,8,0.183,2.2664,2.9836,N,N,08/2018,Analyst
17-2199.08,1.A.4.a.7,Glare Sensitivity,IM,1.38,8,0.183,1.0164,1.7336,N,,08/2018,Analyst
17-2199.08,1.A.4.a.7,Glare Sensitivity,LV,0.75,8,0.366,0.0327,1.4673,N,N,08/2018,Analyst
17-2199.08,1.A.4.b.1,Hearing Sensitivity,IM,2.75,8,0.1637,2.4292,3.0708,N,,08/2018,Analyst
17-2199.08,1.A.4.b.1,Hearing Sensitivity,LV,2.88,8,0.125,2.63,3.12,N,N,08/2018,Analyst
17-2199.08,1.A.4.b.2,Auditory Attention,IM,2.5,8,0.189,2.1296,2.8704,N,,08/2018,Analyst
17-2199.08,1.A.4.b.2,Auditory Attention,LV,2.62,8,0.183,2.2664,2.9836,N,N,08/2018,Analyst
17-2199.08,1.A.4.b.3,Sound Localization,IM,1.38,8,0.183,1.0164,1.7336,N,,08/2018,Analyst
17-2199.08,1.A.4.b.3,Sound Localization,LV,0.5,8,0.2673,0.0,1.0238,N,N,08/2018,Analyst
17-2199.08,1.A.4.b.4,Speech Recognition,IM,3.5,8,0.189,3.1296,3.8704,N,,08/2018,Analyst
17-2199.08,1.A.4.b.4,Speech Recognition,LV,3.38,8,0.183,3.0164,3.7336,N,N,08/2018,Analyst
17-2199.08,1.A.4.b.5,Speech Clarity,IM,3.12,8,0.125,2.88,3.37,N,,08/2018,Analyst
17-2199.08,1.A.4.b.5,Speech Clarity,LV,3.0,8,0.0,3.0,3.0,N,N,08/2018,Analyst
17-2199.09,1.A.1.a.1,Oral Comprehension,IM,4.0,8,0.0,4.0,4.0,N,,08/2023,Analyst
17-2199.09,1.A.1.a.1,Oral Comprehension,LV,5.38,8,0.183,5.0164,5.7336,N,N,08/2023,Analyst
17-2199.09,1.A.1.a.2,Written Comprehension,IM,4.0,8,0.0,4.0,4.0,N,,08/2023,Analyst
17-2199.09,1.A.1.a.2,Written Comprehension,LV,5.38,8,0.183,5.0164,5.7336,N,N,08/2023,Analyst
17-2199.09,1.A.1.a.3,Oral Expression,IM,4.0,8,0.0,4.0,4.0,N,,08/2023,Analyst
17-2199.09,1.A.1.a.3,Oral Expression,LV,4.88,8,0.125,4.63,5.12,N,N,08/2023,Analyst
17-2199.09,1.A.1.a.4,Written Expression,IM,3.88,8,0.125,3.63,4.12,N,,08/2023,Analyst
17-2199.09,1.A.1.a.4,Written Expression,LV,5.0,8,0.0,5.0,5.0,N,N,08/2023,Analyst
17-2199.09,1.A.1.b.1,Fluency of Ideas,IM,3.62,8,0.183,3.2664,3.9836,N,,08/2023,Analyst
17-2199.09,1.A.1.b.1,Fluency of Ideas,LV,4.12,8,0.125,3.88,4.37,N,N,08/2023,Analyst
17-2199.09,1.A.1.b.2,Originality,IM,3.75,8,0.1637,3.4292,4.0708,N,,08/2023,Analyst
17-2199.09,1.A.1.b.2,Originality,LV,4.38,8,0.183,4.0164,4.7336,N,N,08/2023,Analyst
17-2199.09,1.A.1.b.3,Problem Sensitivity,IM,3.75,8,0.1637,3.4292,4.0708,N,,08/2023,Analyst
17-2199.09,1.A.1.b.3,Problem Sensitivity,LV,4.38,8,0.183,4.0164,4.7336,N,N,08/2023,Analyst
17-2199.09,1.A.1.b.4,Deductive Reasoning,IM,4.0,8,0.0,4.0,4.0,N,,08/2023,Analyst
17-2199.09,1.A.1.b.4,Deductive Reasoning,LV,5.0,8,0.0,5.0,5.0,N,N,08/2023,Analyst
17-2199.09,1.A.1.b.5,Inductive Reasoning,IM,4.0,8,0.0,4.0,4.0,N,,08/2023,Analyst
17-2199.09,1.A.1.b.5,Inductive Reasoning,LV,4.88,8,0.125,4.63,5.12,N,N,08/2023,Analyst
17-2199.09,1.A.1.b.6,Information Ordering,IM,3.88,8,0.125,3.63,4.12,N,,08/2023,Analyst
17-2199.09,1.A.1.b.6,Information Ordering,LV,4.25,8,0.1637,3.9292,4.5708,N,N,08/2023,Analyst
17-2199.09,1.A.1.b.7,Category Flexibility,IM,3.88,8,0.125,3.63,4.12,N,,08/2023,Analyst
17-2199.09,1.A.1.b.7,Category Flexibility,LV,4.75,8,0.1637,4.4292,5.0708,N,N,08/2023,Analyst
17-2199.09,1.A.1.c.1,Mathematical Reasoning,IM,3.75,8,0.1637,3.4292,4.0708,N,,08/2023,Analyst
17-2199.09,1.A.1.c.1,Mathematical Reasoning,LV,4.62,8,0.183,4.2664,4.9836,N,N,08/2023,Analyst
17-2199.09,1.A.1.c.2,Number Facility,IM,3.38,8,0.183,3.0164,3.7336,N,,08/2023,Analyst
17-2199.09,1.A.1.c.2,Number Facility,LV,4.12,8,0.125,3.88,4.37,N,N,08/2023,Analyst
17-2199.09,1.A.1.d.1,Memorization,IM,2.88,8,0.125,2.63,3.12,N,,08/2023,Analyst
17-2199.09,1.A.1.d.1,Memorization,LV,3.0,8,0.0,3.0,3.0,N,N,08/2023,Analyst
17-2199.09,1.A.1.e.1,Speed of Closure,IM,2.75,8,0.1637,2.4292,3.0708,N,,08/2023,Analyst
17-2199.09,1.A.1.e.1,Speed of Closure,LV,3.0,8,0.0,3.0,3.0,N,N,08/2023,Analyst
17-2199.09,1.A.1.e.2,Flexibility of Closure,IM,3.75,8,0.1637,3.4292,4.0708,N,,08/2023,Analyst
17-2199.09,1.A.1.e.2,Flexibility of Closure,LV,3.88,8,0.125,3.63,4.12,N,N,08/2023,Analyst
17-2199.09,1.A.1.e.3,Perceptual Speed,IM,2.88,8,0.125,2.63,3.12,N,,08/2023,Analyst
17-2199.09,1.A.1.e.3,Perceptual Speed,LV,3.0,8,0.0,3.0,3.0,N,N,08/2023,Analyst
17-2199.09,1.A.1.f.1,Spatial Orientation,IM,1.0,8,0.0,1.0,1.0,N,,08/2023,Analyst
17-2199.09,1.A.1.f.1,Spatial Orientation,LV,0.0,8,0.0,0.0,0.0,N,Y,08/2023,Analyst
17-2199.09,1.A.1.f.2,Visualization,IM,3.12,8,0.125,2.88,3.37,N,,08/2023,Analyst
17-2199.09,1.A.1.f.2,Visualization,LV,3.88,8,0.2266,3.4309,4.3191,N,N,08/2023,Analyst
17-2199.09,1.A.1.g.1,Selective Attention,IM,3.25,8,0.1637,2.9292,3.5708,N,,08/2023,Analyst
17-2199.09,1.A.1.g.1,Selective Attention,LV,3.25,8,0.1637,2.9292,3.5708,N,N,08/2023,Analyst
17-2199.09,1.A.1.g.2,Time Sharing,IM,2.12,8,0.125,1.88,2.37,N,,08/2023,Analyst
17-2199.09,1.A.1.g.2,Time Sharing,LV,2.25,8,0.1637,1.9292,2.5708,N,N,08/2023,Analyst
17-2199.09,1.A.2.a.1,Arm-Hand Steadiness,IM,2.62,8,0.183,2.2664,2.9836,N,,08/2023,Analyst
17-2199.09,1.A.2.a.1,Arm-Hand Steadiness,LV,3.12,8,0.125,2.88,3.37,N,N,08/2023,Analyst
17-2199.09,1.A.2.a.2,Manual Dexterity,IM,2.25,8,0.1637,1.9292,2.5708,N,,08/2023,Analyst
17-2199.09,1.A.2.a.2,Manual Dexterity,LV,2.62,8,0.183,2.2664,2.9836,N,N,08/2023,Analyst
17-2199.09,1.A.2.a.3,Finger Dexterity,IM,2.88,8,0.125,2.63,3.12,N,,08/2023,Analyst
17-2199.09,1.A.2.a.3,Finger Dexterity,LV,2.88,8,0.125,2.63,3.12,N,N,08/2023,Analyst
17-2199.09,1.A.2.b.1,Control Precision,IM,2.88,8,0.125,2.63,3.12,N,,08/2023,Analyst
17-2199.09,1.A.2.b.1,Control Precision,LV,3.0,8,0.0,3.0,3.0,N,N,08/2023,Analyst
17-2199.09,1.A.2.b.2,Multilimb Coordination,IM,2.0,8,0.0,2.0,2.0,N,,08/2023,Analyst
17-2199.09,1.A.2.b.2,Multilimb Coordination,LV,1.75,8,0.1637,1.4292,2.0708,N,N,08/2023,Analyst
17-2199.09,1.A.2.b.3,Response Orientation,IM,1.0,8,0.0,1.0,1.0,N,,08/2023,Analyst
17-2199.09,1.A.2.b.3,Response Orientation,LV,0.0,8,0.0,0.0,0.0,N,Y,08/2023,Analyst
17-2199.09,1.A.2.b.4,Rate Control,IM,1.88,8,0.125,1.63,2.12,N,,08/2023,Analyst
17-2199.09,1.A.2.b.4,Rate Control,LV,1.0,8,0.189,0.6296,1.3704,N,N,08/2023,Analyst
17-2199.09,1.A.2.c.1,Reaction Time,IM,2.12,8,0.125,1.88,2.37,N,,08/2023,Analyst
17-2199.09,1.A.2.c.1,Reaction Time,LV,1.25,8,0.1637,0.9292,1.5708,N,N,08/2023,Analyst
17-2199.09,1.A.2.c.2,Wrist-Finger Speed,IM,2.0,8,0.0,2.0,2.0,N,,08/2023,Analyst
17-2199.09,1.A.2.c.2,Wrist-Finger Speed,LV,2.0,8,0.0,2.0,2.0,N,N,08/2023,Analyst
17-2199.09,1.A.2.c.3,Speed of Limb Movement,IM,1.0,8,0.0,1.0,1.0,N,,08/2023,Analyst
17-2199.09,1.A.2.c.3,Speed of Limb Movement,LV,0.0,8,0.0,0.0,0.0,N,Y,08/2023,Analyst
17-2199.09,1.A.3.a.1,Static Strength,IM,2.0,8,0.0,2.0,2.0,N,,08/2023,Analyst
17-2199.09,1.A.3.a.1,Static Strength,LV,1.0,8,0.0,1.0,1.0,N,N,08/2023,Analyst
17-2199.09,1.A.3.a.2,Explosive Strength,IM,1.75,8,0.1637,1.4292,2.0708,N,,08/2023,Analyst
17-2199.09,1.A.3.a.2,Explosive Strength,LV,0.75,8,0.1637,0.4292,1.0708,N,N,08/2023,Analyst
17-2199.09,1.A.3.a.3,Dynamic Strength,IM,1.0,8,0.0,1.0,1.0,N,,08/2023,Analyst
17-2199.09,1.A.3.a.3,Dynamic Strength,LV,0.0,8,0.0,0.0,0.0,N,Y,08/2023,Analyst
17-2199.09,1.A.3.a.4,Trunk Strength,IM,2.0,8,0.0,2.0,2.0,N,,08/2023,Analyst
17-2199.09,1.A.3.a.4,Trunk Strength,LV,1.62,8,0.183,1.2664,1.9836,N,N,08/2023,Analyst
17-2199.09,1.A.3.b.1,Stamina,IM,1.0,8,0.0,1.0,1.0,N,,08/2023,Analyst
17-2199.09,1.A.3.b.1,Stamina,LV,0.0,8,0.0,0.0,0.0,N,Y,08/2023,Analyst
17-2199.09,1.A.3.c.1,Extent Flexibility,IM,2.0,8,0.0,2.0,2.0,N,,08/2023,Analyst
17-2199.09,1.A.3.c.1,Extent Flexibility,LV,1.88,8,0.125,1.63,2.12,N,N,08/2023,Analyst
17-2199.09,1.A.3.c.2,Dynamic Flexibility,IM,1.0,8,0.0,1.0,1.0,N,,08/2023,Analyst
17-2199.09,1.A.3.c.2,Dynamic Flexibility,LV,0.0,8,0.0,0.0,0.0,N,Y,08/2023,Analyst
17-2199.09,1.A.3.c.3,Gross Body Coordination,IM,1.0,8,0.0,1.0,1.0,N,,08/2023,Analyst
17-2199.09,1.A.3.c.3,Gross Body Coordination,LV,0.0,8,0.0,0.0,0.0,N,Y,08/2023,Analyst
17-2199.09,1.A.3.c.4,Gross Body Equilibrium,IM,1.0,8,0.0,1.0,1.0,N,,08/2023,Analyst
17-2199.09,1.A.3.c.4,Gross Body Equilibrium,LV,0.0,8,0.0,0.0,0.0,N,Y,08/2023,Analyst
17-2199.09,1.A.4.a.1,Near Vision,IM,4.0,8,0.0,4.0,4.0,N,,08/2023,Analyst
17-2199.09,1.A.4.a.1,Near Vision,LV,4.62,8,0.183,4.2664,4.9836,N,N,08/2023,Analyst
17-2199.09,1.A.4.a.2,Far Vision,IM,3.0,8,0.0,3.0,3.0,N,,08/2023,Analyst
17-2199.09,1.A.4.a.2,Far Vision,LV,3.12,8,0.125,2.88,3.37,N,N,08/2023,Analyst
17-2199.09,1.A.4.a.3,Visual Color Discrimination,IM,2.75,8,0.1637,2.4292,3.0708,N,,08/2023,Analyst
17-2199.09,1.A.4.a.3,Visual Color Discrimination,LV,2.88,8,0.125,2.63,3.12,N,N,08/2023,Analyst
17-2199.09,1.A.4.a.4,Night Vision,IM,1.0,8,0.0,1.0,1.0,N,,08/2023,Analyst
17-2199.09,1.A.4.a.4,Night Vision,LV,0.0,8,0.0,0.0,0.0,N,Y,08/2023,Analyst
17-2199.09,1.A.4.a.5,Peripheral Vision,IM,1.0,8,0.0,1.0,1.0,N,,08/2023,Analyst
17-2199.09,1.A.4.a.5,Peripheral Vision,LV,0.0,8,0.0,0.0,0.0,N,Y,08/2023,Analyst
17-2199.09,1.A.4.a.6,Depth Perception,IM,2.0,8,0.0,2.0,2.0,N,,08/2023,Analyst
17-2199.09,1.A.4.a.6,Depth Perception,LV,1.88,8,0.125,1.63,2.12,N,N,08/2023,Analyst
17-2199.09,1.A.4.a.7,Glare Sensitivity,IM,1.0,8,0.0,1.0,1.0,N,,08/2023,Analyst
17-2199.09,1.A.4.a.7,Glare Sensitivity,LV,0.0,8,0.0,0.0,0.0,N,Y,08/2023,Analyst
17-2199.09,1.A.4.b.1,Hearing Sensitivity,IM,2.0,8,0.0,2.0,2.0,N,,08/2023,Analyst
17-2199.09,1.A.4.b.1,Hearing Sensitivity,LV,1.88,8,0.125,1.63,2.12,N,N,08/2023,Analyst
17-2199.09,1.A.4.b.2,Auditory Attention,IM,2.12,8,0.125,1.88,2.37,N,,08/2023,Analyst
17-2199.09,1.A.4.b.2,Auditory Attention,LV,2.12,8,0.125,1.88,2.37,N,N,08/2023,Analyst
17-2199.09,1.A.4.b.3,Sound Localization,IM,1.0,8,0.0,1.0,1.0,N,,08/2023,Analyst
17-2199.09,1.A.4.b.3,Sound Localization,LV,0.0,8,0.0,0.0,0.0,N,Y,08/2023,Analyst
17-2199.09,1.A.4.b.4,Speech Recognition,IM,3.5,8,0.189,3.1296,3.8704,N,,08/2023,Analyst
17-2199.09,1.A.4.b.4,Speech Recognition,LV,3.75,8,0.1637,3.4292,4.0708,N,N,08/2023,Analyst
17-2199.09,1.A.4.b.5,Speech Clarity,IM,3.62,8,0.183,3.2664,3.9836,N,,08/2023,Analyst
17-2199.09,1.A.4.b.5,Speech Clarity,LV,3.75,8,0.1637,3.4292,4.0708,N,N,08/2023,Analyst
17-2199.10,1.A.1.a.1,Oral Comprehension,IM,3.38,8,0.183,3.0164,3.7336,N,,07/2012,Analyst
17-2199.10,1.A.1.a.1,Oral Comprehension,LV,4.38,8,0.183,4.0164,4.7336,N,N,07/2012,Analyst
17-2199.10,1.A.1.a.2,Written Comprehension,IM,3.75,8,0.1637,3.4292,4.0708,N,,07/2012,Analyst
17-2199.10,1.A.1.a.2,Written Comprehension,LV,4.38,8,0.183,4.0164,4.7336,N,N,07/2012,Analyst
17-2199.10,1.A.1.a.3,Oral Expression,IM,3.38,8,0.183,3.0164,3.7336,N,,07/2012,Analyst
17-2199.10,1.A.1.a.3,Oral Expression,LV,4.38,8,0.183,4.0164,4.7336,N,N,07/2012,Analyst
17-2199.10,1.A.1.a.4,Written Expression,IM,3.38,8,0.183,3.0164,3.7336,N,,07/2012,Analyst
17-2199.10,1.A.1.a.4,Written Expression,LV,3.88,8,0.2266,3.4309,4.3191,N,N,07/2012,Analyst
17-2199.10,1.A.1.b.1,Fluency of Ideas,IM,3.12,8,0.125,2.88,3.37,N,,07/2012,Analyst
17-2199.10,1.A.1.b.1,Fluency of Ideas,LV,3.5,8,0.189,3.1296,3.8704,N,N,07/2012,Analyst
17-2199.10,1.A.1.b.2,Originality,IM,3.12,8,0.125,2.88,3.37,N,,07/2012,Analyst
17-2199.10,1.A.1.b.2,Originality,LV,3.62,8,0.2631,3.1094,4.1406,N,N,07/2012,Analyst
17-2199.10,1.A.1.b.3,Problem Sensitivity,IM,3.38,8,0.183,3.0164,3.7336,N,,07/2012,Analyst
17-2199.10,1.A.1.b.3,Problem Sensitivity,LV,3.75,8,0.25,3.26,4.24,N,N,07/2012,Analyst
17-2199.10,1.A.1.b.4,Deductive Reasoning,IM,3.88,8,0.125,3.63,4.12,N,,07/2012,Analyst
17-2199.10,1.A.1.b.4,Deductive Reasoning,LV,4.38,8,0.183,4.0164,4.7336,N,N,07/2012,Analyst
17-2199.10,1.A.1.b.5,Inductive Reasoning,IM,3.75,8,0.1637,3.4292,4.0708,N,,07/2012,Analyst
17-2199.10,1.A.1.b.5,Inductive Reasoning,LV,3.88,8,0.125,3.63,4.12,N,N,07/2012,Analyst
17-2199.10,1.A.1.b.6,Information Ordering,IM,3.12,8,0.2266,2.6809,3.5691,N,,07/2012,Analyst
17-2199.10,1.A.1.b.6,Information Ordering,LV,3.75,8,0.1637,3.4292,4.0708,N,N,07/2012,Analyst
17-2199.10,1.A.1.b.7,Category Flexibility,IM,2.88,8,0.125,2.63,3.12,N,,07/2012,Analyst
17-2199.10,1.A.1.b.7,Category Flexibility,LV,3.5,8,0.189,3.1296,3.8704,N,N,07/2012,Analyst
17-2199.10,1.A.1.c.1,Mathematical Reasoning,IM,3.75,8,0.1637,3.4292,4.0708,N,,07/2012,Analyst
17-2199.10,1.A.1.c.1,Mathematical Reasoning,LV,4.38,8,0.183,4.0164,4.7336,N,N,07/2012,Analyst
17-2199.10,1.A.1.c.2,Number Facility,IM,3.5,8,0.189,3.1296,3.8704,N,,07/2012,Analyst
17-2199.10,1.A.1.c.2,Number Facility,LV,3.75,8,0.25,3.26,4.24,N,N,07/2012,Analyst
17-2199.10,1.A.1.d.1,Memorization,IM,2.5,8,0.189,2.1296,2.8704,N,,07/2012,Analyst
17-2199.10,1.A.1.d.1,Memorization,LV,2.62,8,0.183,2.2664,2.9836,N,N,07/2012,Analyst
17-2199.10,1.A.1.e.1,Speed of Closure,IM,2.5,8,0.189,2.1296,2.8704,N,,07/2012,Analyst
17-2199.10,1.A.1.e.1,Speed of Closure,LV,2.5,8,0.189,2.1296,2.8704,N,N,07/2012,Analyst
17-2199.10,1.A.1.e.2,Flexibility of Closure,IM,2.88,8,0.125,2.63,3.12,N,,07/2012,Analyst
17-2199.10,1.A.1.e.2,Flexibility of Closure,LV,3.25,8,0.25,2.76,3.74,N,N,07/2012,Analyst
17-2199.10,1.A.1.e.3,Perceptual Speed,IM,2.75,8,0.1637,2.4292,3.0708,N,,07/2012,Analyst
17-2199.10,1.A.1.e.3,Perceptual Speed,LV,2.88,8,0.2266,2.4309,3.3191,N,N,07/2012,Analyst
17-2199.10,1.A.1.f.1,Spatial Orientation,IM,1.38,8,0.2631,1.0,1.8906,N,,07/2012,Analyst
17-2199.10,1.A.1.f.1,Spatial Orientation,LV,0.5,8,0.3273,0.0,1.1416,N,Y,07/2012,Analyst
17-2199.10,1.A.1.f.2,Visualization,IM,3.12,8,0.2266,2.6809,3.5691,N,,07/2012,Analyst
17-2199.10,1.A.1.f.2,Visualization,LV,4.0,8,0.3273,3.3584,4.6416,N,N,07/2012,Analyst
17-2199.10,1.A.1.g.1,Selective Attention,IM,2.62,8,0.183,2.2664,2.9836,N,,07/2012,Analyst
17-2199.10,1.A.1.g.1,Selective Attention,LV,2.62,8,0.183,2.2664,2.9836,N,N,07/2012,Analyst
17-2199.10,1.A.1.g.2,Time Sharing,IM,2.12,8,0.295,1.5467,2.7033,N,,07/2012,Analyst
17-2199.10,1.A.1.g.2,Time Sharing,LV,1.75,8,0.4119,0.9427,2.5573,N,N,07/2012,Analyst
17-2199.10,1.A.2.a.1,Arm-Hand Steadiness,IM,2.0,8,0.0,2.0,2.0,N,,07/2012,Analyst
17-2199.10,1.A.2.a.1,Arm-Hand Steadiness,LV,1.62,8,0.2631,1.1094,2.1406,N,N,07/2012,Analyst
17-2199.10,1.A.2.a.2,Manual Dexterity,IM,1.25,8,0.1637,1.0,1.5708,N,,07/2012,Analyst
17-2199.10,1.A.2.a.2,Manual Dexterity,LV,0.25,8,0.1637,0.0,0.5708,N,Y,07/2012,Analyst
17-2199.10,1.A.2.a.3,Finger Dexterity,IM,2.5,8,0.189,2.1296,2.8704,N,,07/2012,Analyst
17-2199.10,1.A.2.a.3,Finger Dexterity,LV,2.25,8,0.25,1.76,2.74,N,N,07/2012,Analyst
17-2199.10,1.A.2.b.1,Control Precision,IM,1.88,8,0.125,1.63,2.12,N,,07/2012,Analyst
17-2199.10,1.A.2.b.1,Control Precision,LV,1.38,8,0.3239,0.7402,2.0098,N,N,07/2012,Analyst
17-2199.10,1.A.2.b.2,Multilimb Coordination,IM,1.75,8,0.1637,1.4292,2.0708,N,,07/2012,Analyst
17-2199.10,1.A.2.b.2,Multilimb Coordination,LV,1.12,8,0.3504,0.4383,1.8117,N,N,07/2012,Analyst
17-2199.10,1.A.2.b.3,Response Orientation,IM,1.75,8,0.1637,1.4292,2.0708,N,,07/2012,Analyst
17-2199.10,1.A.2.b.3,Response Orientation,LV,1.12,8,0.295,0.5467,1.7033,N,N,07/2012,Analyst
17-2199.10,1.A.2.b.4,Rate Control,IM,1.75,8,0.1637,1.4292,2.0708,N,,07/2012,Analyst
17-2199.10,1.A.2.b.4,Rate Control,LV,1.0,8,0.2673,0.4762,1.5238,N,N,07/2012,Analyst
17-2199.10,1.A.2.c.1,Reaction Time,IM,1.62,8,0.183,1.2664,1.9836,N,,07/2012,Analyst
17-2199.10,1.A.2.c.1,Reaction Time,LV,0.88,8,0.295,0.2967,1.4533,N,N,07/2012,Analyst
17-2199.10,1.A.2.c.2,Wrist-Finger Speed,IM,1.62,8,0.183,1.2664,1.9836,N,,07/2012,Analyst
17-2199.10,1.A.2.c.2,Wrist-Finger Speed,LV,0.75,8,0.25,0.26,1.24,N,N,07/2012,Analyst
17-2199.10,1.A.2.c.3,Speed of Limb Movement,IM,1.12,8,0.125,1.0,1.37,N,,07/2012,Analyst
17-2199.10,1.A.2.c.3,Speed of Limb Movement,LV,0.12,8,0.125,0.0,0.37,N,Y,07/2012,Analyst
17-2199.10,1.A.3.a.1,Static Strength,IM,1.12,8,0.125,1.0,1.37,N,,07/2012,Analyst
17-2199.10,1.A.3.a.1,Static Strength,LV,0.12,8,0.125,0.0,0.37,N,Y,07/2012,Analyst
17-2199.10,1.A.3.a.2,Explosive Strength,IM,1.0,8,0.0,1.0,1.0,N,,07/2012,Analyst
17-2199.10,1.A.3.a.2,Explosive Strength,LV,0.0,8,0.0,0.0,0.0,N,Y,07/2012,Analyst
17-2199.10,1.A.3.a.3,Dynamic Strength,IM,1.0,8,0.0,1.0,1.0,N,,07/2012,Analyst
17-2199.10,1.A.3.a.3,Dynamic Strength,LV,0.0,8,0.0,0.0,0.0,N,Y,07/2012,Analyst
17-2199.10,1.A.3.a.4,Trunk Strength,IM,1.12,8,0.125,1.0,1.37,N,,07/2012,Analyst
17-2199.10,1.A.3.a.4,Trunk Strength,LV,0.25,8,0.25,0.0,0.74,N,Y,07/2012,Analyst
17-2199.10,1.A.3.b.1,Stamina,IM,1.0,8,0.0,1.0,1.0,N,,07/2012,Analyst
17-2199.10,1.A.3.b.1,Stamina,LV,0.0,8,0.0,0.0,0.0,N,Y,07/2012,Analyst
17-2199.10,1.A.3.c.1,Extent Flexibility,IM,1.0,8,0.0,1.0,1.0,N,,07/2012,Analyst
17-2199.10,1.A.3.c.1,Extent Flexibility,LV,0.0,8,0.0,0.0,0.0,N,Y,07/2012,Analyst
17-2199.10,1.A.3.c.2,Dynamic Flexibility,IM,1.0,8,0.0,1.0,1.0,N,,07/2012,Analyst
17-2199.10,1.A.3.c.2,Dynamic Flexibility,LV,0.0,8,0.0,0.0,0.0,N,Y,07/2012,Analyst
17-2199.10,1.A.3.c.3,Gross Body Coordination,IM,1.0,8,0.0,1.0,1.0,N,,07/2012,Analyst
17-2199.10,1.A.3.c.3,Gross Body Coordination,LV,0.0,8,0.0,0.0,0.0,N,Y,07/2012,Analyst
17-2199.10,1.A.3.c.4,Gross Body Equilibrium,IM,1.0,8,0.0,1.0,1.0,N,,07/2012,Analyst
17-2199.10,1.A.3.c.4,Gross Body Equilibrium,LV,0.0,8,0.0,0.0,0.0,N,Y,07/2012,Analyst
17-2199.10,1.A.4.a.1,Near Vision,IM,3.25,8,0.25,2.76,3.74,N,,07/2012,Analyst
17-2199.10,1.A.4.a.1,Near Vision,LV,3.75,8,0.25,3.26,4.24,N,N,07/2012,Analyst
17-2199.10,1.A.4.a.2,Far Vision,IM,2.62,8,0.183,2.2664,2.9836,N,,07/2012,Analyst
17-2199.10,1.A.4.a.2,Far Vision,LV,3.12,8,0.3504,2.4383,3.8117,N,N,07/2012,Analyst
17-2199.10,1.A.4.a.3,Visual Color Discrimination,IM,2.12,8,0.2266,1.6809,2.5691,N,,07/2012,Analyst
17-2199.10,1.A.4.a.3,Visual Color Discrimination,LV,2.25,8,0.4119,1.4427,3.0573,N,N,07/2012,Analyst
17-2199.10,1.A.4.a.4,Night Vision,IM,1.0,8,0.0,1.0,1.0,N,,07/2012,Analyst
17-2199.10,1.A.4.a.4,Night Vision,LV,0.0,8,0.0,0.0,0.0,N,Y,07/2012,Analyst
17-2199.10,1.A.4.a.5,Peripheral Vision,IM,1.0,8,0.0,1.0,1.0,N,,07/2012,Analyst
17-2199.10,1.A.4.a.5,Peripheral Vision,LV,0.0,8,0.0,0.0,0.0,N,Y,07/2012,Analyst
17-2199.10,1.A.4.a.6,Depth Perception,IM,2.25,8,0.1637,1.9292,2.5708,N,,07/2012,Analyst
17-2199.10,1.A.4.a.6,Depth Perception,LV,2.25,8,0.25,1.76,2.74,N,N,07/2012,Analyst
17-2199.10,1.A.4.a.7,Glare Sensitivity,IM,1.0,8,0.0,1.0,1.0,N,,07/2012,Analyst
17-2199.10,1.A.4.a.7,Glare Sensitivity,LV,0.0,8,0.0,0.0,0.0,N,Y,07/2012,Analyst
17-2199.10,1.A.4.b.1,Hearing Sensitivity,IM,2.0,8,0.2673,1.4762,2.5238,N,,07/2012,Analyst
17-2199.10,1.A.4.b.1,Hearing Sensitivity,LV,1.88,8,0.4407,1.0113,2.7387,N,N,07/2012,Analyst
17-2199.10,1.A.4.b.2,Auditory Attention,IM,1.88,8,0.125,1.63,2.12,N,,07/2012,Analyst
17-2199.10,1.A.4.b.2,Auditory Attention,LV,1.5,8,0.2673,0.9762,2.0238,N,N,07/2012,Analyst
17-2199.10,1.A.4.b.3,Sound Localization,IM,1.12,8,0.125,1.0,1.37,N,,07/2012,Analyst
17-2199.10,1.A.4.b.3,Sound Localization,LV,0.12,8,0.125,0.0,0.37,N,Y,07/2012,Analyst
17-2199.10,1.A.4.b.4,Speech Recognition,IM,3.12,8,0.125,2.88,3.37,N,,07/2012,Analyst
17-2199.10,1.A.4.b.4,Speech Recognition,LV,3.12,8,0.125,2.88,3.37,N,N,07/2012,Analyst
17-2199.10,1.A.4.b.5,Speech Clarity,IM,3.25,8,0.1637,2.9292,3.5708,N,,07/2012,Analyst
17-2199.10,1.A.4.b.5,Speech Clarity,LV,3.38,8,0.183,3.0164,3.7336,N,N,07/2012,Analyst
17-2199.11,1.A.1.a.1,Oral Comprehension,IM,3.75,8,0.25,3.26,4.24,N,,08/2023,Analyst
17-2199.11,1.A.1.a.1,Oral Comprehension,LV,4.5,8,0.189,4.1296,4.8704,N,N,08/2023,Analyst
17-2199.11,1.A.1.a.2,Written Comprehension,IM,4.0,8,0.0,4.0,4.0,N,,08/2023,Analyst
17-2199.11,1.A.1.a.2,Written Comprehension,LV,4.88,8,0.125,4.63,5.12,N,N,08/2023,Analyst
17-2199.11,1.A.1.a.3,Oral Expression,IM,3.88,8,0.125,3.63,4.12,N,,08/2023,Analyst
17-2199.11,1.A.1.a.3,Oral Expression,LV,4.5,8,0.189,4.1296,4.8704,N,N,08/2023,Analyst
17-2199.11,1.A.1.a.4,Written Expression,IM,4.0,8,0.0,4.0,4.0,N,,08/2023,Analyst
17-2199.11,1.A.1.a.4,Written Expression,LV,4.25,8,0.1637,3.9292,4.5708,N,N,08/2023,Analyst
17-2199.11,1.A.1.b.1,Fluency of Ideas,IM,3.88,8,0.125,3.63,4.12,N,,08/2023,Analyst
17-2199.11,1.A.1.b.1,Fluency of Ideas,LV,3.88,8,0.125,3.63,4.12,N,N,08/2023,Analyst
17-2199.11,1.A.1.b.2,Originality,IM,3.5,8,0.189,3.1296,3.8704,N,,08/2023,Analyst
17-2199.11,1.A.1.b.2,Originality,LV,3.88,8,0.125,3.63,4.12,N,N,08/2023,Analyst
17-2199.11,1.A.1.b.3,Problem Sensitivity,IM,4.0,8,0.0,4.0,4.0,N,,08/2023,Analyst
17-2199.11,1.A.1.b.3,Problem Sensitivity,LV,4.25,8,0.1637,3.9292,4.5708,N,N,08/2023,Analyst
17-2199.11,1.A.1.b.4,Deductive Reasoning,IM,4.0,8,0.0,4.0,4.0,N,,08/2023,Analyst
17-2199.11,1.A.1.b.4,Deductive Reasoning,LV,4.25,8,0.1637,3.9292,4.5708,N,N,08/2023,Analyst
17-2199.11,1.A.1.b.5,Inductive Reasoning,IM,3.88,8,0.125,3.63,4.12,N,,08/2023,Analyst
17-2199.11,1.A.1.b.5,Inductive Reasoning,LV,4.12,8,0.125,3.88,4.37,N,N,08/2023,Analyst
17-2199.11,1.A.1.b.6,Information Ordering,IM,3.62,8,0.183,3.2664,3.9836,N,,08/2023,Analyst
17-2199.11,1.A.1.b.6,Information Ordering,LV,4.12,8,0.125,3.88,4.37,N,N,08/2023,Analyst
17-2199.11,1.A.1.b.7,Category Flexibility,IM,3.5,8,0.189,3.1296,3.8704,N,,08/2023,Analyst
17-2199.11,1.A.1.b.7,Category Flexibility,LV,3.88,8,0.125,3.63,4.12,N,N,08/2023,Analyst
17-2199.11,1.A.1.c.1,Mathematical Reasoning,IM,3.62,8,0.183,3.2664,3.9836,N,,08/2023,Analyst
17-2199.11,1.A.1.c.1,Mathematical Reasoning,LV,3.88,8,0.125,3.63,4.12,N,N,08/2023,Analyst
17-2199.11,1.A.1.c.2,Number Facility,IM,3.0,8,0.0,3.0,3.0,N,,08/2023,Analyst
17-2199.11,1.A.1.c.2,Number Facility,LV,3.75,8,0.1637,3.4292,4.0708,N,N,08/2023,Analyst
17-2199.11,1.A.1.d.1,Memorization,IM,2.5,8,0.189,2.1296,2.8704,N,,08/2023,Analyst
17-2199.11,1.A.1.d.1,Memorization,LV,2.75,8,0.1637,2.4292,3.0708,N,N,08/2023,Analyst
17-2199.11,1.A.1.e.1,Speed of Closure,IM,2.62,8,0.183,2.2664,2.9836,N,,08/2023,Analyst
17-2199.11,1.A.1.e.1,Speed of Closure,LV,2.75,8,0.1637,2.4292,3.0708,N,N,08/2023,Analyst
17-2199.11,1.A.1.e.2,Flexibility of Closure,IM,3.0,8,0.0,3.0,3.0,N,,08/2023,Analyst
17-2199.11,1.A.1.e.2,Flexibility of Closure,LV,3.0,8,0.0,3.0,3.0,N,N,08/2023,Analyst
17-2199.11,1.A.1.e.3,Perceptual Speed,IM,2.88,8,0.125,2.63,3.12,N,,08/2023,Analyst
17-2199.11,1.A.1.e.3,Perceptual Speed,LV,3.0,8,0.0,3.0,3.0,N,N,08/2023,Analyst
17-2199.11,1.A.1.f.1,Spatial Orientation,IM,1.5,8,0.189,1.1296,1.8704,N,,08/2023,Analyst
17-2199.11,1.A.1.f.1,Spatial Orientation,LV,0.75,8,0.3134,0.1358,1.3642,N,N,08/2023,Analyst
17-2199.11,1.A.1.f.2,Visualization,IM,3.0,8,0.0,3.0,3.0,N,,08/2023,Analyst
17-2199.11,1.A.1.f.2,Visualization,LV,3.5,8,0.189,3.1296,3.8704,N,N,08/2023,Analyst
17-2199.11,1.A.1.g.1,Selective Attention,IM,3.0,8,0.0,3.0,3.0,N,,08/2023,Analyst
17-2199.11,1.A.1.g.1,Selective Attention,LV,3.0,8,0.0,3.0,3.0,N,N,08/2023,Analyst
17-2199.11,1.A.1.g.2,Time Sharing,IM,2.75,8,0.1637,2.4292,3.0708,N,,08/2023,Analyst
17-2199.11,1.A.1.g.2,Time Sharing,LV,2.88,8,0.125,2.63,3.12,N,N,08/2023,Analyst
17-2199.11,1.A.2.a.1,Arm-Hand Steadiness,IM,2.38,8,0.183,2.0164,2.7336,N,,08/2023,Analyst
17-2199.11,1.A.2.a.1,Arm-Hand Steadiness,LV,2.12,8,0.125,1.88,2.37,N,N,08/2023,Analyst
17-2199.11,1.A.2.a.2,Manual Dexterity,IM,2.12,8,0.125,1.88,2.37,N,,08/2023,Analyst
17-2199.11,1.A.2.a.2,Manual Dexterity,LV,2.25,8,0.1637,1.9292,2.5708,N,N,08/2023,Analyst
17-2199.11,1.A.2.a.3,Finger Dexterity,IM,2.0,8,0.0,2.0,2.0,N,,08/2023,Analyst
17-2199.11,1.A.2.a.3,Finger Dexterity,LV,2.38,8,0.183,2.0164,2.7336,N,N,08/2023,Analyst
17-2199.11,1.A.2.b.1,Control Precision,IM,2.25,8,0.1637,1.9292,2.5708,N,,08/2023,Analyst
17-2199.11,1.A.2.b.1,Control Precision,LV,2.12,8,0.125,1.88,2.37,N,N,08/2023,Analyst
17-2199.11,1.A.2.b.2,Multilimb Coordination,IM,2.12,8,0.125,1.88,2.37,N,,08/2023,Analyst
17-2199.11,1.A.2.b.2,Multilimb Coordination,LV,1.75,8,0.1637,1.4292,2.0708,N,N,08/2023,Analyst
17-2199.11,1.A.2.b.3,Response Orientation,IM,1.5,8,0.189,1.1296,1.8704,N,,08/2023,Analyst
17-2199.11,1.A.2.b.3,Response Orientation,LV,0.62,8,0.2631,0.1094,1.1406,N,N,08/2023,Analyst
17-2199.11,1.A.2.b.4,Rate Control,IM,1.5,8,0.189,1.1296,1.8704,N,,08/2023,Analyst
17-2199.11,1.A.2.b.4,Rate Control,LV,0.5,8,0.189,0.1296,0.8704,N,N,08/2023,Analyst
17-2199.11,1.A.2.c.1,Reaction Time,IM,1.5,8,0.189,1.1296,1.8704,N,,08/2023,Analyst
17-2199.11,1.A.2.c.1,Reaction Time,LV,0.5,8,0.189,0.1296,0.8704,N,N,08/2023,Analyst
17-2199.11,1.A.2.c.2,Wrist-Finger Speed,IM,1.75,8,0.1637,1.4292,2.0708,N,,08/2023,Analyst
17-2199.11,1.A.2.c.2,Wrist-Finger Speed,LV,1.12,8,0.295,0.5467,1.7033,N,N,08/2023,Analyst
17-2199.11,1.A.2.c.3,Speed of Limb Movement,IM,1.0,8,0.0,1.0,1.0,N,,08/2023,Analyst
17-2199.11,1.A.2.c.3,Speed of Limb Movement,LV,0.0,8,0.0,0.0,0.0,N,Y,08/2023,Analyst
17-2199.11,1.A.3.a.1,Static Strength,IM,1.88,8,0.125,1.63,2.12,N,,08/2023,Analyst
17-2199.11,1.A.3.a.1,Static Strength,LV,1.38,8,0.2631,0.8594,1.8906,N,N,08/2023,Analyst
17-2199.11,1.A.3.a.2,Explosive Strength,IM,1.62,8,0.183,1.2664,1.9836,N,,08/2023,Analyst
17-2199.11,1.A.3.a.2,Explosive Strength,LV,1.0,8,0.3273,0.3584,1.6416,N,N,08/2023,Analyst
17-2199.11,1.A.3.a.3,Dynamic Strength,IM,1.75,8,0.1637,1.4292,2.0708,N,,08/2023,Analyst
17-2199.11,1.A.3.a.3,Dynamic Strength,LV,0.88,8,0.2266,0.4309,1.3191,N,N,08/2023,Analyst
17-2199.11,1.A.3.a.4,Trunk Strength,IM,2.25,8,0.1637,1.9292,2.5708,N,,08/2023,Analyst
17-2199.11,1.A.3.a.4,Trunk Strength,LV,2.0,8,0.0,2.0,2.0,N,N,08/2023,Analyst
17-2199.11,1.A.3.b.1,Stamina,IM,1.88,8,0.125,1.63,2.12,N,,08/2023,Analyst
17-2199.11,1.A.3.b.1,Stamina,LV,1.12,8,0.2266,0.6809,1.5691,N,N,08/2023,Analyst
17-2199.11,1.A.3.c.1,Extent Flexibility,IM,1.88,8,0.125,1.63,2.12,N,,08/2023,Analyst
17-2199.11,1.A.3.c.1,Extent Flexibility,LV,1.38,8,0.2631,0.8594,1.8906,N,N,08/2023,Analyst
17-2199.11,1.A.3.c.2,Dynamic Flexibility,IM,1.0,8,0.0,1.0,1.0,N,,08/2023,Analyst
17-2199.11,1.A.3.c.2,Dynamic Flexibility,LV,0.0,8,0.0,0.0,0.0,N,Y,08/2023,Analyst
17-2199.11,1.A.3.c.3,Gross Body Coordination,IM,1.75,8,0.1637,1.4292,2.0708,N,,08/2023,Analyst
17-2199.11,1.A.3.c.3,Gross Body Coordination,LV,0.88,8,0.2266,0.4309,1.3191,N,N,08/2023,Analyst
17-2199.11,1.A.3.c.4,Gross Body Equilibrium,IM,2.0,8,0.0,2.0,2.0,N,,08/2023,Analyst
17-2199.11,1.A.3.c.4,Gross Body Equilibrium,LV,1.75,8,0.1637,1.4292,2.0708,N,N,08/2023,Analyst
17-2199.11,1.A.4.a.1,Near Vision,IM,3.38,8,0.183,3.0164,3.7336,N,,08/2023,Analyst
17-2199.11,1.A.4.a.1,Near Vision,LV,3.75,8,0.1637,3.4292,4.0708,N,N,08/2023,Analyst
17-2199.11,1.A.4.a.2,Far Vision,IM,3.0,8,0.0,3.0,3.0,N,,08/2023,Analyst
17-2199.11,1.A.4.a.2,Far Vision,LV,3.38,8,0.183,3.0164,3.7336,N,N,08/2023,Analyst
17-2199.11,1.A.4.a.3,Visual Color Discrimination,IM,2.75,8,0.1637,2.4292,3.0708,N,,08/2023,Analyst
17-2199.11,1.A.4.a.3,Visual Color Discrimination,LV,3.12,8,0.125,2.88,3.37,N,N,08/2023,Analyst
17-2199.11,1.A.4.a.4,Night Vision,IM,1.5,8,0.189,1.1296,1.8704,N,,08/2023,Analyst
17-2199.11,1.A.4.a.4,Night Vision,LV,0.62,8,0.2631,0.1094,1.1406,N,N,08/2023,Analyst
17-2199.11,1.A.4.a.5,Peripheral Vision,IM,1.5,8,0.189,1.1296,1.8704,N,,08/2023,Analyst
17-2199.11,1.A.4.a.5,Peripheral Vision,LV,0.62,8,0.2631,0.1094,1.1406,N,N,08/2023,Analyst
17-2199.11,1.A.4.a.6,Depth Perception,IM,2.12,8,0.125,1.88,2.37,N,,08/2023,Analyst
17-2199.11,1.A.4.a.6,Depth Perception,LV,1.88,8,0.2266,1.4309,2.3191,N,N,08/2023,Analyst
17-2199.11,1.A.4.a.7,Glare Sensitivity,IM,1.88,8,0.125,1.63,2.12,N,,08/2023,Analyst
17-2199.11,1.A.4.a.7,Glare Sensitivity,LV,1.5,8,0.2673,0.9762,2.0238,N,N,08/2023,Analyst
17-2199.11,1.A.4.b.1,Hearing Sensitivity,IM,2.25,8,0.1637,1.9292,2.5708,N,,08/2023,Analyst
17-2199.11,1.A.4.b.1,Hearing Sensitivity,LV,2.12,8,0.125,1.88,2.37,N,N,08/2023,Analyst
17-2199.11,1.A.4.b.2,Auditory Attention,IM,2.25,8,0.1637,1.9292,2.5708,N,,08/2023,Analyst
17-2199.11,1.A.4.b.2,Auditory Attention,LV,2.25,8,0.1637,1.9292,2.5708,N,N,08/2023,Analyst
17-2199.11,1.A.4.b.3,Sound Localization,IM,1.5,8,0.189,1.1296,1.8704,N,,08/2023,Analyst
17-2199.11,1.A.4.b.3,Sound Localization,LV,0.62,8,0.2631,0.1094,1.1406,N,N,08/2023,Analyst
17-2199.11,1.A.4.b.4,Speech Recognition,IM,3.38,8,0.183,3.0164,3.7336,N,,08/2023,Analyst
17-2199.11,1.A.4.b.4,Speech Recognition,LV,3.5,8,0.189,3.1296,3.8704,N,N,08/2023,Analyst
17-2199.11,1.A.4.b.5,Speech Clarity,IM,3.38,8,0.183,3.0164,3.7336,N,,08/2023,Analyst
17-2199.11,1.A.4.b.5,Speech Clarity,LV,3.25,8,0.1637,2.9292,3.5708,N,N,08/2023,Analyst
17-3011.00,1.A.1.a.1,Oral Comprehension,IM,3.62,8,0.183,3.2664,3.9836,N,,08/2024,Analyst
17-3011.00,1.A.1.a.1,Oral Comprehension,LV,3.88,8,0.125,3.63,4.12,N,N,08/2024,Analyst
17-3011.00,1.A.1.a.2,Written Comprehension,IM,3.62,8,0.183,3.2664,3.9836,N,,08/2024,Analyst
17-3011.00,1.A.1.a.2,Written Comprehension,LV,3.75,8,0.1637,3.4292,4.0708,N,N,08/2024,Analyst
17-3011.00,1.A.1.a.3,Oral Expression,IM,3.38,8,0.183,3.0164,3.7336,N,,08/2024,Analyst
17-3011.00,1.A.1.a.3,Oral Expression,LV,3.75,8,0.1637,3.4292,4.0708,N,N,08/2024,Analyst
17-3011.00,1.A.1.a.4,Written Expression,IM,3.62,8,0.2631,3.1094,4.1406,N,,08/2024,Analyst
17-3011.00,1.A.1.a.4,Written Expression,LV,3.5,8,0.2673,2.9762,4.0238,N,N,08/2024,Analyst
17-3011.00,1.A.1.b.1,Fluency of Ideas,IM,3.38,8,0.183,3.0164,3.7336,N,,08/2024,Analyst
17-3011.00,1.A.1.b.1,Fluency of Ideas,LV,3.25,8,0.25,2.76,3.74,N,N,08/2024,Analyst
17-3011.00,1.A.1.b.2,Originality,IM,3.38,8,0.183,3.0164,3.7336,N,,08/2024,Analyst
17-3011.00,1.A.1.b.2,Originality,LV,3.12,8,0.2266,2.6809,3.5691,N,N,08/2024,Analyst
17-3011.00,1.A.1.b.3,Problem Sensitivity,IM,3.12,8,0.125,2.88,3.37,N,,08/2024,Analyst
17-3011.00,1.A.1.b.3,Problem Sensitivity,LV,3.38,8,0.183,3.0164,3.7336,N,N,08/2024,Analyst
17-3011.00,1.A.1.b.4,Deductive Reasoning,IM,3.5,8,0.189,3.1296,3.8704,N,,08/2024,Analyst
17-3011.00,1.A.1.b.4,Deductive Reasoning,LV,3.62,8,0.2631,3.1094,4.1406,N,N,08/2024,Analyst
17-3011.00,1.A.1.b.5,Inductive Reasoning,IM,3.38,8,0.183,3.0164,3.7336,N,,08/2024,Analyst
17-3011.00,1.A.1.b.5,Inductive Reasoning,LV,3.25,8,0.25,2.76,3.74,N,N,08/2024,Analyst
17-3011.00,1.A.1.b.6,Information Ordering,IM,3.38,8,0.183,3.0164,3.7336,N,,08/2024,Analyst
17-3011.00,1.A.1.b.6,Information Ordering,LV,3.5,8,0.2673,2.9762,4.0238,N,N,08/2024,Analyst
17-3011.00,1.A.1.b.7,Category Flexibility,IM,3.38,8,0.183,3.0164,3.7336,N,,08/2024,Analyst
17-3011.00,1.A.1.b.7,Category Flexibility,LV,3.38,8,0.183,3.0164,3.7336,N,N,08/2024,Analyst
17-3011.00,1.A.1.c.1,Mathematical Reasoning,IM,3.38,8,0.2631,2.8594,3.8906,N,,08/2024,Analyst
17-3011.00,1.A.1.c.1,Mathematical Reasoning,LV,3.25,8,0.25,2.76,3.74,N,N,08/2024,Analyst
17-3011.00,1.A.1.c.2,Number Facility,IM,3.0,8,0.2673,2.4762,3.5238,N,,08/2024,Analyst
17-3011.00,1.A.1.c.2,Number Facility,LV,3.12,8,0.2266,2.6809,3.5691,N,N,08/2024,Analyst
17-3011.00,1.A.1.d.1,Memorization,IM,2.5,8,0.189,2.1296,2.8704,N,,08/2024,Analyst
17-3011.00,1.A.1.d.1,Memorization,LV,2.62,8,0.4199,1.8019,3.4481,N,N,08/2024,Analyst
17-3011.00,1.A.1.e.1,Speed of Closure,IM,2.75,8,0.1637,2.4292,3.0708,N,,08/2024,Analyst
17-3011.00,1.A.1.e.1,Speed of Closure,LV,3.12,8,0.2266,2.6809,3.5691,N,N,08/2024,Analyst
17-3011.00,1.A.1.e.2,Flexibility of Closure,IM,3.12,8,0.295,2.5467,3.7033,N,,08/2024,Analyst
17-3011.00,1.A.1.e.2,Flexibility of Closure,LV,3.25,8,0.1637,2.9292,3.5708,N,N,08/2024,Analyst
17-3011.00,1.A.1.e.3,Perceptual Speed,IM,2.62,8,0.3239,1.9902,3.2598,N,,08/2024,Analyst
17-3011.00,1.A.1.e.3,Perceptual Speed,LV,2.38,8,0.4199,1.5519,3.1981,N,N,08/2024,Analyst
17-3011.00,1.A.1.f.1,Spatial Orientation,IM,1.5,8,0.3273,1.0,2.1416,N,,08/2024,Analyst
17-3011.00,1.A.1.f.1,Spatial Orientation,LV,0.75,8,0.491,0.0,1.7123,N,Y,08/2024,Analyst
17-3011.00,1.A.1.f.2,Visualization,IM,3.62,8,0.2631,3.1094,4.1406,N,,08/2024,Analyst
17-3011.00,1.A.1.f.2,Visualization,LV,4.0,8,0.3273,3.3584,4.6416,N,N,08/2024,Analyst
17-3011.00,1.A.1.g.1,Selective Attention,IM,3.12,8,0.295,2.5467,3.7033,N,,08/2024,Analyst
17-3011.00,1.A.1.g.1,Selective Attention,LV,3.25,8,0.366,2.5327,3.9673,N,N,08/2024,Analyst
17-3011.00,1.A.1.g.2,Time Sharing,IM,2.38,8,0.183,2.0164,2.7336,N,,08/2024,Analyst
17-3011.00,1.A.1.g.2,Time Sharing,LV,2.38,8,0.183,2.0164,2.7336,N,N,08/2024,Analyst
17-3011.00,1.A.2.a.1,Arm-Hand Steadiness,IM,2.5,8,0.189,2.1296,2.8704,N,,08/2024,Analyst
17-3011.00,1.A.2.a.1,Arm-Hand Steadiness,LV,2.25,8,0.366,1.5327,2.9673,N,N,08/2024,Analyst
17-3011.00,1.A.2.a.2,Manual Dexterity,IM,2.38,8,0.183,2.0164,2.7336,N,,08/2024,Analyst
17-3011.00,1.A.2.a.2,Manual Dexterity,LV,1.88,8,0.3504,1.1883,2.5617,N,N,08/2024,Analyst
17-3011.00,1.A.2.a.3,Finger Dexterity,IM,2.38,8,0.3239,1.7402,3.0098,N,,08/2024,Analyst
17-3011.00,1.A.2.a.3,Finger Dexterity,LV,2.12,8,0.5154,1.1148,3.1352,Y,N,08/2024,Analyst
17-3011.00,1.A.2.b.1,Control Precision,IM,2.38,8,0.183,2.0164,2.7336,N,,08/2024,Analyst
17-3011.00,1.A.2.b.1,Control Precision,LV,2.0,8,0.4226,1.1717,2.8283,N,N,08/2024,Analyst
17-3011.00,1.A.2.b.2,Multilimb Coordination,IM,1.25,8,0.25,1.0,1.74,N,,08/2024,Analyst
17-3011.00,1.A.2.b.2,Multilimb Coordination,LV,0.38,8,0.375,0.0,1.11,N,Y,08/2024,Analyst
17-3011.00,1.A.2.b.3,Response Orientation,IM,1.25,8,0.25,1.0,1.74,N,,08/2024,Analyst
17-3011.00,1.A.2.b.3,Response Orientation,LV,0.38,8,0.375,0.0,1.11,N,Y,08/2024,Analyst
17-3011.00,1.A.2.b.4,Rate Control,IM,1.25,8,0.25,1.0,1.74,N,,08/2024,Analyst
17-3011.00,1.A.2.b.4,Rate Control,LV,0.38,8,0.375,0.0,1.11,N,Y,08/2024,Analyst
17-3011.00,1.A.2.c.1,Reaction Time,IM,1.25,8,0.25,1.0,1.74,N,,08/2024,Analyst
17-3011.00,1.A.2.c.1,Reaction Time,LV,0.38,8,0.375,0.0,1.11,N,Y,08/2024,Analyst
17-3011.00,1.A.2.c.2,Wrist-Finger Speed,IM,2.12,8,0.3504,1.4383,2.8117,N,,08/2024,Analyst
17-3011.00,1.A.2.c.2,Wrist-Finger Speed,LV,2.12,8,0.6391,0.8723,3.3777,Y,N,08/2024,Analyst
17-3011.00,1.A.2.c.3,Speed of Limb Movement,IM,1.25,8,0.25,1.0,1.74,N,,08/2024,Analyst
17-3011.00,1.A.2.c.3,Speed of Limb Movement,LV,0.38,8,0.375,0.0,1.11,N,Y,08/2024,Analyst
17-3011.00,1.A.3.a.1,Static Strength,IM,1.25,8,0.25,1.0,1.74,N,,08/2024,Analyst
17-3011.00,1.A.3.a.1,Static Strength,LV,0.38,8,0.375,0.0,1.11,N,Y,08/2024,Analyst
17-3011.00,1.A.3.a.2,Explosive Strength,IM,1.25,8,0.25,1.0,1.74,N,,08/2024,Analyst
17-3011.00,1.A.3.a.2,Explosive Strength,LV,0.38,8,0.375,0.0,1.11,N,Y,08/2024,Analyst
17-3011.00,1.A.3.a.3,Dynamic Strength,IM,1.75,8,0.25,1.26,2.24,N,,08/2024,Analyst
17-3011.00,1.A.3.a.3,Dynamic Strength,LV,1.0,8,0.378,0.2592,1.7408,N,N,08/2024,Analyst
17-3011.00,1.A.3.a.4,Trunk Strength,IM,2.5,8,0.2673,1.9762,3.0238,N,,08/2024,Analyst
17-3011.00,1.A.3.a.4,Trunk Strength,LV,2.25,8,0.1637,1.9292,2.5708,N,N,08/2024,Analyst
17-3011.00,1.A.3.b.1,Stamina,IM,1.25,8,0.25,1.0,1.74,N,,08/2024,Analyst
17-3011.00,1.A.3.b.1,Stamina,LV,0.38,8,0.375,0.0,1.11,N,Y,08/2024,Analyst
17-3011.00,1.A.3.c.1,Extent Flexibility,IM,1.25,8,0.25,1.0,1.74,N,,08/2024,Analyst
17-3011.00,1.A.3.c.1,Extent Flexibility,LV,0.38,8,0.375,0.0,1.11,N,Y,08/2024,Analyst
17-3011.00,1.A.3.c.2,Dynamic Flexibility,IM,1.25,8,0.25,1.0,1.74,N,,08/2024,Analyst
17-3011.00,1.A.3.c.2,Dynamic Flexibility,LV,0.38,8,0.375,0.0,1.11,N,Y,08/2024,Analyst
17-3011.00,1.A.3.c.3,Gross Body Coordination,IM,1.25,8,0.25,1.0,1.74,N,,08/2024,Analyst
17-3011.00,1.A.3.c.3,Gross Body Coordination,LV,0.38,8,0.375,0.0,1.11,N,Y,08/2024,Analyst
17-3011.00,1.A.3.c.4,Gross Body Equilibrium,IM,1.25,8,0.25,1.0,1.74,N,,08/2024,Analyst
17-3011.00,1.A.3.c.4,Gross Body Equilibrium,LV,0.38,8,0.375,0.0,1.11,N,Y,08/2024,Analyst
17-3011.00,1.A.4.a.1,Near Vision,IM,3.62,8,0.2631,3.1094,4.1406,N,,08/2024,Analyst
17-3011.00,1.A.4.a.1,Near Vision,LV,3.75,8,0.25,3.26,4.24,N,N,08/2024,Analyst
17-3011.00,1.A.4.a.2,Far Vision,IM,2.88,8,0.125,2.63,3.12,N,,08/2024,Analyst
17-3011.00,1.A.4.a.2,Far Vision,LV,3.38,8,0.2631,2.8594,3.8906,N,N,08/2024,Analyst
17-3011.00,1.A.4.a.3,Visual Color Discrimination,IM,2.88,8,0.2266,2.4309,3.3191,N,,08/2024,Analyst
17-3011.00,1.A.4.a.3,Visual Color Discrimination,LV,3.38,8,0.375,2.64,4.11,N,N,08/2024,Analyst
17-3011.00,1.A.4.a.4,Night Vision,IM,1.12,8,0.125,1.0,1.37,N,,08/2024,Analyst
17-3011.00,1.A.4.a.4,Night Vision,LV,0.25,8,0.25,0.0,0.74,N,Y,08/2024,Analyst
17-3011.00,1.A.4.a.5,Peripheral Vision,IM,1.25,8,0.1637,1.0,1.5708,N,,08/2024,Analyst
17-3011.00,1.A.4.a.5,Peripheral Vision,LV,0.5,8,0.3273,0.0,1.1416,N,Y,08/2024,Analyst
17-3011.00,1.A.4.a.6,Depth Perception,IM,1.88,8,0.125,1.63,2.12,N,,08/2024,Analyst
17-3011.00,1.A.4.a.6,Depth Perception,LV,1.75,8,0.366,1.0327,2.4673,N,N,08/2024,Analyst
17-3011.00,1.A.4.a.7,Glare Sensitivity,IM,1.0,8,0.0,1.0,1.0,N,,08/2024,Analyst
17-3011.00,1.A.4.a.7,Glare Sensitivity,LV,0.0,8,0.0,0.0,0.0,N,Y,08/2024,Analyst
17-3011.00,1.A.4.b.1,Hearing Sensitivity,IM,2.12,8,0.2266,1.6809,2.5691,N,,08/2024,Analyst
17-3011.00,1.A.4.b.1,Hearing Sensitivity,LV,2.12,8,0.3504,1.4383,2.8117,N,N,08/2024,Analyst
17-3011.00,1.A.4.b.2,Auditory Attention,IM,2.25,8,0.25,1.76,2.74,N,,08/2024,Analyst
17-3011.00,1.A.4.b.2,Auditory Attention,LV,2.0,8,0.3273,1.3584,2.6416,N,N,08/2024,Analyst
17-3011.00,1.A.4.b.3,Sound Localization,IM,1.0,8,0.0,1.0,1.0,N,,08/2024,Analyst
17-3011.00,1.A.4.b.3,Sound Localization,LV,0.0,8,0.0,0.0,0.0,N,Y,08/2024,Analyst
17-3011.00,1.A.4.b.4,Speech Recognition,IM,3.0,8,0.189,2.6296,3.3704,N,,08/2024,Analyst
17-3011.00,1.A.4.b.4,Speech Recognition,LV,3.25,8,0.1637,2.9292,3.5708,N,N,08/2024,Analyst
17-3011.00,1.A.4.b.5,Speech Clarity,IM,3.0,8,0.189,2.6296,3.3704,N,,08/2024,Analyst
17-3011.00,1.A.4.b.5,Speech Clarity,LV,3.12,8,0.125,2.88,3.37,N,N,08/2024,Analyst
17-3012.00,1.A.1.a.1,Oral Comprehension,IM,3.88,8,0.2266,3.4309,4.3191,N,,08/2022,Analyst
17-3012.00,1.A.1.a.1,Oral Comprehension,LV,4.25,8,0.1637,3.9292,4.5708,N,N,08/2022,Analyst
17-3012.00,1.A.1.a.2,Written Comprehension,IM,4.0,8,0.2673,3.4762,4.5238,N,,08/2022,Analyst
17-3012.00,1.A.1.a.2,Written Comprehension,LV,4.0,8,0.189,3.6296,4.3704,N,N,08/2022,Analyst
17-3012.00,1.A.1.a.3,Oral Expression,IM,3.62,8,0.183,3.2664,3.9836,N,,08/2022,Analyst
17-3012.00,1.A.1.a.3,Oral Expression,LV,4.0,8,0.189,3.6296,4.3704,N,N,08/2022,Analyst
17-3012.00,1.A.1.a.4,Written Expression,IM,3.62,8,0.2631,3.1094,4.1406,N,,08/2022,Analyst
17-3012.00,1.A.1.a.4,Written Expression,LV,3.75,8,0.25,3.26,4.24,N,N,08/2022,Analyst
17-3012.00,1.A.1.b.1,Fluency of Ideas,IM,2.88,8,0.125,2.63,3.12,N,,08/2022,Analyst
17-3012.00,1.A.1.b.1,Fluency of Ideas,LV,3.12,8,0.125,2.88,3.37,N,N,08/2022,Analyst
17-3012.00,1.A.1.b.2,Originality,IM,2.88,8,0.125,2.63,3.12,N,,08/2022,Analyst
17-3012.00,1.A.1.b.2,Originality,LV,3.0,8,0.0,3.0,3.0,N,N,08/2022,Analyst
17-3012.00,1.A.1.b.3,Problem Sensitivity,IM,3.38,8,0.183,3.0164,3.7336,N,,08/2022,Analyst
17-3012.00,1.A.1.b.3,Problem Sensitivity,LV,3.38,8,0.183,3.0164,3.7336,N,N,08/2022,Analyst
17-3012.00,1.A.1.b.4,Deductive Reasoning,IM,3.25,8,0.1637,2.9292,3.5708,N,,08/2022,Analyst
17-3012.00,1.A.1.b.4,Deductive Reasoning,LV,3.75,8,0.25,3.26,4.24,N,N,08/2022,Analyst
17-3012.00,1.A.1.b.5,Inductive Reasoning,IM,3.25,8,0.1637,2.9292,3.5708,N,,08/2022,Analyst
17-3012.00,1.A.1.b.5,Inductive Reasoning,LV,3.38,8,0.183,3.0164,3.7336,N,N,08/2022,Analyst
17-3012.00,1.A.1.b.6,Information Ordering,IM,3.38,8,0.183,3.0164,3.7336,N,,08/2022,Analyst
17-3012.00,1.A.1.b.6,Information Ordering,LV,3.62,8,0.183,3.2664,3.9836,N,N,08/2022,Analyst
17-3012.00,1.A.1.b.7,Category Flexibility,IM,3.12,8,0.125,2.88,3.37,N,,08/2022,Analyst
17-3012.00,1.A.1.b.7,Category Flexibility,LV,3.25,8,0.1637,2.9292,3.5708,N,N,08/2022,Analyst
17-3012.00,1.A.1.c.1,Mathematical Reasoning,IM,3.0,8,0.2673,2.4762,3.5238,N,,08/2022,Analyst
17-3012.00,1.A.1.c.1,Mathematical Reasoning,LV,2.88,8,0.2266,2.4309,3.3191,N,N,08/2022,Analyst
17-3012.00,1.A.1.c.2,Number Facility,IM,2.88,8,0.2266,2.4309,3.3191,N,,08/2022,Analyst
17-3012.00,1.A.1.c.2,Number Facility,LV,3.12,8,0.2266,2.6809,3.5691,N,N,08/2022,Analyst
17-3012.00,1.A.1.d.1,Memorization,IM,2.62,8,0.183,2.2664,2.9836,N,,08/2022,Analyst
17-3012.00,1.A.1.d.1,Memorization,LV,2.62,8,0.3239,1.9902,3.2598,N,N,08/2022,Analyst
17-3012.00,1.A.1.e.1,Speed of Closure,IM,2.88,8,0.2266,2.4309,3.3191,N,,08/2022,Analyst
17-3012.00,1.A.1.e.1,Speed of Closure,LV,2.88,8,0.295,2.2967,3.4533,N,N,08/2022,Analyst
17-3012.00,1.A.1.e.2,Flexibility of Closure,IM,3.0,8,0.189,2.6296,3.3704,N,,08/2022,Analyst
17-3012.00,1.A.1.e.2,Flexibility of Closure,LV,3.0,8,0.189,2.6296,3.3704,N,N,08/2022,Analyst
17-3012.00,1.A.1.e.3,Perceptual Speed,IM,2.88,8,0.2266,2.4309,3.3191,N,,08/2022,Analyst
17-3012.00,1.A.1.e.3,Perceptual Speed,LV,2.88,8,0.125,2.63,3.12,N,N,08/2022,Analyst
17-3012.00,1.A.1.f.1,Spatial Orientation,IM,1.38,8,0.2631,1.0,1.8906,N,,08/2022,Analyst
17-3012.00,1.A.1.f.1,Spatial Orientation,LV,0.62,8,0.4199,0.0,1.4481,N,Y,08/2022,Analyst
17-3012.00,1.A.1.f.2,Visualization,IM,3.62,8,0.3239,2.9902,4.2598,N,,08/2022,Analyst
17-3012.00,1.A.1.f.2,Visualization,LV,3.88,8,0.3504,3.1883,4.5617,N,N,08/2022,Analyst
17-3012.00,1.A.1.g.1,Selective Attention,IM,2.88,8,0.2266,2.4309,3.3191,N,,08/2022,Analyst
17-3012.00,1.A.1.g.1,Selective Attention,LV,2.88,8,0.2266,2.4309,3.3191,N,N,08/2022,Analyst
17-3012.00,1.A.1.g.2,Time Sharing,IM,2.38,8,0.183,2.0164,2.7336,N,,08/2022,Analyst
17-3012.00,1.A.1.g.2,Time Sharing,LV,2.38,8,0.183,2.0164,2.7336,N,N,08/2022,Analyst
17-3012.00,1.A.2.a.1,Arm-Hand Steadiness,IM,2.25,8,0.1637,1.9292,2.5708,N,,08/2022,Analyst
17-3012.00,1.A.2.a.1,Arm-Hand Steadiness,LV,2.25,8,0.366,1.5327,2.9673,N,N,08/2022,Analyst
17-3012.00,1.A.2.a.2,Manual Dexterity,IM,2.38,8,0.183,2.0164,2.7336,N,,08/2022,Analyst
17-3012.00,1.A.2.a.2,Manual Dexterity,LV,1.62,8,0.2631,1.1094,2.1406,N,N,08/2022,Analyst
17-3012.00,1.A.2.a.3,Finger Dexterity,IM,2.5,8,0.189,2.1296,2.8704,N,,08/2022,Analyst
17-3012.00,1.A.2.a.3,Finger Dexterity,LV,2.25,8,0.3134,1.6358,2.8642,N,N,08/2022,Analyst
17-3012.00,1.A.2.b.1,Control Precision,IM,2.12,8,0.125,1.88,2.37,N,,08/2022,Analyst
17-3012.00,1.A.2.b.1,Control Precision,LV,1.88,8,0.295,1.2967,2.4533,N,N,08/2022,Analyst
17-3012.00,1.A.2.b.2,Multilimb Coordination,IM,1.25,8,0.1637,1.0,1.5708,N,,08/2022,Analyst
17-3012.00,1.A.2.b.2,Multilimb Coordination,LV,0.38,8,0.2631,0.0,0.8906,N,Y,08/2022,Analyst
17-3012.00,1.A.2.b.3,Response Orientation,IM,1.25,8,0.1637,1.0,1.5708,N,,08/2022,Analyst
17-3012.00,1.A.2.b.3,Response Orientation,LV,0.5,8,0.3273,0.0,1.1416,N,Y,08/2022,Analyst
17-3012.00,1.A.2.b.4,Rate Control,IM,1.25,8,0.1637,1.0,1.5708,N,,08/2022,Analyst
17-3012.00,1.A.2.b.4,Rate Control,LV,0.38,8,0.2631,0.0,0.8906,N,Y,08/2022,Analyst
17-3012.00,1.A.2.c.1,Reaction Time,IM,1.12,8,0.125,1.0,1.37,N,,08/2022,Analyst
17-3012.00,1.A.2.c.1,Reaction Time,LV,0.38,8,0.375,0.0,1.11,N,Y,08/2022,Analyst
17-3012.00,1.A.2.c.2,Wrist-Finger Speed,IM,2.25,8,0.366,1.5327,2.9673,N,,08/2022,Analyst
17-3012.00,1.A.2.c.2,Wrist-Finger Speed,LV,1.75,8,0.491,0.7877,2.7123,N,N,08/2022,Analyst
17-3012.00,1.A.2.c.3,Speed of Limb Movement,IM,1.12,8,0.125,1.0,1.37,N,,08/2022,Analyst
17-3012.00,1.A.2.c.3,Speed of Limb Movement,LV,0.12,8,0.125,0.0,0.37,N,Y,08/2022,Analyst
17-3012.00,1.A.3.a.1,Static Strength,IM,1.12,8,0.125,1.0,1.37,N,,08/2022,Analyst
17-3012.00,1.A.3.a.1,Static Strength,LV,0.12,8,0.125,0.0,0.37,N,Y,08/2022,Analyst
17-3012.00,1.A.3.a.2,Explosive Strength,IM,1.12,8,0.125,1.0,1.37,N,,08/2022,Analyst
17-3012.00,1.A.3.a.2,Explosive Strength,LV,0.12,8,0.125,0.0,0.37,N,Y,08/2022,Analyst
17-3012.00,1.A.3.a.3,Dynamic Strength,IM,1.62,8,0.183,1.2664,1.9836,N,,08/2022,Analyst
17-3012.00,1.A.3.a.3,Dynamic Strength,LV,0.75,8,0.25,0.26,1.24,N,N,08/2022,Analyst
17-3012.00,1.A.3.a.4,Trunk Strength,IM,2.0,8,0.189,1.6296,2.3704,N,,08/2022,Analyst
17-3012.00,1.A.3.a.4,Trunk Strength,LV,1.5,8,0.2673,0.9762,2.0238,N,N,08/2022,Analyst
17-3012.00,1.A.3.b.1,Stamina,IM,1.12,8,0.125,1.0,1.37,N,,08/2022,Analyst
17-3012.00,1.A.3.b.1,Stamina,LV,0.12,8,0.125,0.0,0.37,N,Y,08/2022,Analyst
17-3012.00,1.A.3.c.1,Extent Flexibility,IM,1.12,8,0.125,1.0,1.37,N,,08/2022,Analyst
17-3012.00,1.A.3.c.1,Extent Flexibility,LV,0.12,8,0.125,0.0,0.37,N,Y,08/2022,Analyst
17-3012.00,1.A.3.c.2,Dynamic Flexibility,IM,1.12,8,0.125,1.0,1.37,N,,08/2022,Analyst
17-3012.00,1.A.3.c.2,Dynamic Flexibility,LV,0.12,8,0.125,0.0,0.37,N,Y,08/2022,Analyst
17-3012.00,1.A.3.c.3,Gross Body Coordination,IM,1.0,8,0.0,1.0,1.0,N,,08/2022,Analyst
17-3012.00,1.A.3.c.3,Gross Body Coordination,LV,0.0,8,0.0,0.0,0.0,N,Y,08/2022,Analyst
17-3012.00,1.A.3.c.4,Gross Body Equilibrium,IM,1.0,8,0.0,1.0,1.0,N,,08/2022,Analyst
17-3012.00,1.A.3.c.4,Gross Body Equilibrium,LV,0.0,8,0.0,0.0,0.0,N,Y,08/2022,Analyst
17-3012.00,1.A.4.a.1,Near Vision,IM,3.88,8,0.295,3.2967,4.4533,N,,08/2022,Analyst
17-3012.00,1.A.4.a.1,Near Vision,LV,4.0,8,0.189,3.6296,4.3704,N,N,08/2022,Analyst
17-3012.00,1.A.4.a.2,Far Vision,IM,2.5,8,0.189,2.1296,2.8704,N,,08/2022,Analyst
17-3012.00,1.A.4.a.2,Far Vision,LV,2.75,8,0.1637,2.4292,3.0708,N,N,08/2022,Analyst
17-3012.00,1.A.4.a.3,Visual Color Discrimination,IM,2.62,8,0.2631,2.1094,3.1406,N,,08/2022,Analyst
17-3012.00,1.A.4.a.3,Visual Color Discrimination,LV,2.62,8,0.375,1.89,3.36,N,N,08/2022,Analyst
17-3012.00,1.A.4.a.4,Night Vision,IM,1.12,8,0.125,1.0,1.37,N,,08/2022,Analyst
17-3012.00,1.A.4.a.4,Night Vision,LV,0.5,8,0.5,0.0,1.48,N,Y,08/2022,Analyst
17-3012.00,1.A.4.a.5,Peripheral Vision,IM,1.12,8,0.125,1.0,1.37,N,,08/2022,Analyst
17-3012.00,1.A.4.a.5,Peripheral Vision,LV,0.12,8,0.125,0.0,0.37,N,Y,08/2022,Analyst
17-3012.00,1.A.4.a.6,Depth Perception,IM,2.12,8,0.2266,1.6809,2.5691,N,,08/2022,Analyst
17-3012.00,1.A.4.a.6,Depth Perception,LV,1.62,8,0.3239,0.9902,2.2598,N,N,08/2022,Analyst
17-3012.00,1.A.4.a.7,Glare Sensitivity,IM,1.25,8,0.1637,1.0,1.5708,N,,08/2022,Analyst
17-3012.00,1.A.4.a.7,Glare Sensitivity,LV,0.5,8,0.3273,0.0,1.1416,N,Y,08/2022,Analyst
17-3012.00,1.A.4.b.1,Hearing Sensitivity,IM,2.0,8,0.189,1.6296,2.3704,N,,08/2022,Analyst
17-3012.00,1.A.4.b.1,Hearing Sensitivity,LV,1.5,8,0.2673,0.9762,2.0238,N,N,08/2022,Analyst
17-3012.00,1.A.4.b.2,Auditory Attention,IM,2.25,8,0.25,1.76,2.74,N,,08/2022,Analyst
17-3012.00,1.A.4.b.2,Auditory Attention,LV,1.88,8,0.3504,1.1883,2.5617,N,N,08/2022,Analyst
17-3012.00,1.A.4.b.3,Sound Localization,IM,1.12,8,0.125,1.0,1.37,N,,08/2022,Analyst
17-3012.00,1.A.4.b.3,Sound Localization,LV,0.12,8,0.125,0.0,0.37,N,Y,08/2022,Analyst
17-3012.00,1.A.4.b.4,Speech Recognition,IM,3.5,8,0.189,3.1296,3.8704,N,,08/2022,Analyst
17-3012.00,1.A.4.b.4,Speech Recognition,LV,3.12,8,0.2266,2.6809,3.5691,N,N,08/2022,Analyst
17-3012.00,1.A.4.b.5,Speech Clarity,IM,3.25,8,0.1637,2.9292,3.5708,N,,08/2022,Analyst
17-3012.00,1.A.4.b.5,Speech Clarity,LV,3.0,8,0.0,3.0,3.0,N,N,08/2022,Analyst
17-3013.00,1.A.1.a.1,Oral Comprehension,IM,3.25,8,0.1637,2.9292,3.5708,N,,07/2017,Analyst
17-3013.00,1.A.1.a.1,Oral Comprehension,LV,3.88,8,0.125,3.63,4.12,N,N,07/2017,Analyst
17-3013.00,1.A.1.a.2,Written Comprehension,IM,3.12,8,0.125,2.88,3.37,N,,07/2017,Analyst
17-3013.00,1.A.1.a.2,Written Comprehension,LV,3.75,8,0.1637,3.4292,4.0708,N,N,07/2017,Analyst
17-3013.00,1.A.1.a.3,Oral Expression,IM,3.25,8,0.1637,2.9292,3.5708,N,,07/2017,Analyst
17-3013.00,1.A.1.a.3,Oral Expression,LV,3.88,8,0.125,3.63,4.12,N,N,07/2017,Analyst
17-3013.00,1.A.1.a.4,Written Expression,IM,3.25,8,0.1637,2.9292,3.5708,N,,07/2017,Analyst
17-3013.00,1.A.1.a.4,Written Expression,LV,3.25,8,0.1637,2.9292,3.5708,N,N,07/2017,Analyst
17-3013.00,1.A.1.b.1,Fluency of Ideas,IM,3.25,8,0.1637,2.9292,3.5708,N,,07/2017,Analyst
17-3013.00,1.A.1.b.1,Fluency of Ideas,LV,3.25,8,0.1637,2.9292,3.5708,N,N,07/2017,Analyst
17-3013.00,1.A.1.b.2,Originality,IM,3.25,8,0.1637,2.9292,3.5708,N,,07/2017,Analyst
17-3013.00,1.A.1.b.2,Originality,LV,3.38,8,0.183,3.0164,3.7336,N,N,07/2017,Analyst
17-3013.00,1.A.1.b.3,Problem Sensitivity,IM,3.12,8,0.125,2.88,3.37,N,,07/2017,Analyst
17-3013.00,1.A.1.b.3,Problem Sensitivity,LV,3.5,8,0.189,3.1296,3.8704,N,N,07/2017,Analyst
17-3013.00,1.A.1.b.4,Deductive Reasoning,IM,3.12,8,0.125,2.88,3.37,N,,07/2017,Analyst
17-3013.00,1.A.1.b.4,Deductive Reasoning,LV,3.62,8,0.183,3.2664,3.9836,N,N,07/2017,Analyst
17-3013.00,1.A.1.b.5,Inductive Reasoning,IM,3.12,8,0.125,2.88,3.37,N,,07/2017,Analyst
17-3013.00,1.A.1.b.5,Inductive Reasoning,LV,3.5,8,0.189,3.1296,3.8704,N,N,07/2017,Analyst
17-3013.00,1.A.1.b.6,Information Ordering,IM,3.0,8,0.0,3.0,3.0,N,,07/2017,Analyst
17-3013.00,1.A.1.b.6,Information Ordering,LV,3.75,8,0.1637,3.4292,4.0708,N,N,07/2017,Analyst
17-3013.00,1.A.1.b.7,Category Flexibility,IM,3.0,8,0.0,3.0,3.0,N,,07/2017,Analyst
17-3013.00,1.A.1.b.7,Category Flexibility,LV,3.5,8,0.189,3.1296,3.8704,N,N,07/2017,Analyst
17-3013.00,1.A.1.c.1,Mathematical Reasoning,IM,3.5,8,0.189,3.1296,3.8704,N,,07/2017,Analyst
17-3013.00,1.A.1.c.1,Mathematical Reasoning,LV,3.62,8,0.183,3.2664,3.9836,N,N,07/2017,Analyst
17-3013.00,1.A.1.c.2,Number Facility,IM,3.0,8,0.0,3.0,3.0,N,,07/2017,Analyst
17-3013.00,1.A.1.c.2,Number Facility,LV,3.38,8,0.183,3.0164,3.7336,N,N,07/2017,Analyst
17-3013.00,1.A.1.d.1,Memorization,IM,2.25,8,0.3134,1.6358,2.8642,N,,07/2017,Analyst
17-3013.00,1.A.1.d.1,Memorization,LV,1.75,8,0.4119,0.9427,2.5573,N,N,07/2017,Analyst
17-3013.00,1.A.1.e.1,Speed of Closure,IM,2.5,8,0.189,2.1296,2.8704,N,,07/2017,Analyst
17-3013.00,1.A.1.e.1,Speed of Closure,LV,2.75,8,0.1637,2.4292,3.0708,N,N,07/2017,Analyst
17-3013.00,1.A.1.e.2,Flexibility of Closure,IM,3.0,8,0.0,3.0,3.0,N,,07/2017,Analyst
17-3013.00,1.A.1.e.2,Flexibility of Closure,LV,3.62,8,0.183,3.2664,3.9836,N,N,07/2017,Analyst
17-3013.00,1.A.1.e.3,Perceptual Speed,IM,2.88,8,0.125,2.63,3.12,N,,07/2017,Analyst
17-3013.00,1.A.1.e.3,Perceptual Speed,LV,3.0,8,0.0,3.0,3.0,N,N,07/2017,Analyst
17-3013.00,1.A.1.f.1,Spatial Orientation,IM,1.12,8,0.125,1.0,1.37,N,,07/2017,Analyst
17-3013.00,1.A.1.f.1,Spatial Orientation,LV,0.12,8,0.125,0.0,0.37,N,Y,07/2017,Analyst
17-3013.00,1.A.1.f.2,Visualization,IM,3.5,8,0.189,3.1296,3.8704,N,,07/2017,Analyst
17-3013.00,1.A.1.f.2,Visualization,LV,4.0,8,0.0,4.0,4.0,N,N,07/2017,Analyst
17-3013.00,1.A.1.g.1,Selective Attention,IM,3.25,8,0.1637,2.9292,3.5708,N,,07/2017,Analyst
17-3013.00,1.A.1.g.1,Selective Attention,LV,3.25,8,0.1637,2.9292,3.5708,N,N,07/2017,Analyst
17-3013.00,1.A.1.g.2,Time Sharing,IM,2.12,8,0.125,1.88,2.37,N,,07/2017,Analyst
17-3013.00,1.A.1.g.2,Time Sharing,LV,2.25,8,0.1637,1.9292,2.5708,N,N,07/2017,Analyst
17-3013.00,1.A.2.a.1,Arm-Hand Steadiness,IM,2.5,8,0.189,2.1296,2.8704,N,,07/2017,Analyst
17-3013.00,1.A.2.a.1,Arm-Hand Steadiness,LV,2.38,8,0.183,2.0164,2.7336,N,N,07/2017,Analyst
17-3013.00,1.A.2.a.2,Manual Dexterity,IM,2.0,8,0.0,2.0,2.0,N,,07/2017,Analyst
17-3013.00,1.A.2.a.2,Manual Dexterity,LV,1.88,8,0.125,1.63,2.12,N,N,07/2017,Analyst
17-3013.00,1.A.2.a.3,Finger Dexterity,IM,3.0,8,0.189,2.6296,3.3704,N,,07/2017,Analyst
17-3013.00,1.A.2.a.3,Finger Dexterity,LV,3.25,8,0.25,2.76,3.74,N,N,07/2017,Analyst
17-3013.00,1.A.2.b.1,Control Precision,IM,2.38,8,0.183,2.0164,2.7336,N,,07/2017,Analyst
17-3013.00,1.A.2.b.1,Control Precision,LV,2.75,8,0.1637,2.4292,3.0708,N,N,07/2017,Analyst
17-3013.00,1.A.2.b.2,Multilimb Coordination,IM,1.12,8,0.125,1.0,1.37,N,,07/2017,Analyst
17-3013.00,1.A.2.b.2,Multilimb Coordination,LV,0.12,8,0.125,0.0,0.37,N,Y,07/2017,Analyst
17-3013.00,1.A.2.b.3,Response Orientation,IM,1.0,8,0.0,1.0,1.0,N,,07/2017,Analyst
17-3013.00,1.A.2.b.3,Response Orientation,LV,0.0,8,0.0,0.0,0.0,N,Y,07/2017,Analyst
17-3013.00,1.A.2.b.4,Rate Control,IM,1.0,8,0.0,1.0,1.0,N,,07/2017,Analyst
17-3013.00,1.A.2.b.4,Rate Control,LV,0.0,8,0.0,0.0,0.0,N,Y,07/2017,Analyst
17-3013.00,1.A.2.c.1,Reaction Time,IM,1.0,8,0.0,1.0,1.0,N,,07/2017,Analyst
17-3013.00,1.A.2.c.1,Reaction Time,LV,0.0,8,0.0,0.0,0.0,N,Y,07/2017,Analyst
17-3013.00,1.A.2.c.2,Wrist-Finger Speed,IM,1.5,8,0.189,1.1296,1.8704,N,,07/2017,Analyst
17-3013.00,1.A.2.c.2,Wrist-Finger Speed,LV,0.75,8,0.3134,0.1358,1.3642,N,N,07/2017,Analyst
17-3013.00,1.A.2.c.3,Speed of Limb Movement,IM,1.0,8,0.0,1.0,1.0,N,,07/2017,Analyst
17-3013.00,1.A.2.c.3,Speed of Limb Movement,LV,0.0,8,0.0,0.0,0.0,N,Y,07/2017,Analyst
17-3013.00,1.A.3.a.1,Static Strength,IM,1.0,8,0.0,1.0,1.0,N,,07/2017,Analyst
17-3013.00,1.A.3.a.1,Static Strength,LV,0.0,8,0.0,0.0,0.0,N,Y,07/2017,Analyst
17-3013.00,1.A.3.a.2,Explosive Strength,IM,1.0,8,0.0,1.0,1.0,N,,07/2017,Analyst
17-3013.00,1.A.3.a.2,Explosive Strength,LV,0.0,8,0.0,0.0,0.0,N,Y,07/2017,Analyst
17-3013.00,1.A.3.a.3,Dynamic Strength,IM,1.25,8,0.1637,1.0,1.5708,N,,07/2017,Analyst
17-3013.00,1.A.3.a.3,Dynamic Strength,LV,0.5,8,0.3273,0.0,1.1416,N,Y,07/2017,Analyst
17-3013.00,1.A.3.a.4,Trunk Strength,IM,1.5,8,0.189,1.1296,1.8704,N,,07/2017,Analyst
17-3013.00,1.A.3.a.4,Trunk Strength,LV,0.75,8,0.3134,0.1358,1.3642,N,N,07/2017,Analyst
17-3013.00,1.A.3.b.1,Stamina,IM,1.0,8,0.0,1.0,1.0,N,,07/2017,Analyst
17-3013.00,1.A.3.b.1,Stamina,LV,0.0,8,0.0,0.0,0.0,N,Y,07/2017,Analyst
17-3013.00,1.A.3.c.1,Extent Flexibility,IM,1.0,8,0.0,1.0,1.0,N,,07/2017,Analyst
17-3013.00,1.A.3.c.1,Extent Flexibility,LV,0.0,8,0.0,0.0,0.0,N,Y,07/2017,Analyst
17-3013.00,1.A.3.c.2,Dynamic Flexibility,IM,1.0,8,0.0,1.0,1.0,N,,07/2017,Analyst
17-3013.00,1.A.3.c.2,Dynamic Flexibility,LV,0.0,8,0.0,0.0,0.0,N,Y,07/2017,Analyst
17-3013.00,1.A.3.c.3,Gross Body Coordination,IM,1.0,8,0.0,1.0,1.0,N,,07/2017,Analyst
17-3013.00,1.A.3.c.3,Gross Body Coordination,LV,0.0,8,0.0,0.0,0.0,N,Y,07/2017,Analyst
17-3013.00,1.A.3.c.4,Gross Body Equilibrium,IM,1.0,8,0.0,1.0,1.0,N,,07/2017,Analyst
17-3013.00,1.A.3.c.4,Gross Body Equilibrium,LV,0.0,8,0.0,0.0,0.0,N,Y,07/2017,Analyst
17-3013.00,1.A.4.a.1,Near Vision,IM,3.75,8,0.1637,3.4292,4.0708,N,,07/2017,Analyst
17-3013.00,1.A.4.a.1,Near Vision,LV,4.0,8,0.0,4.0,4.0,N,N,07/2017,Analyst
17-3013.00,1.A.4.a.2,Far Vision,IM,2.88,8,0.125,2.63,3.12,N,,07/2017,Analyst
17-3013.00,1.A.4.a.2,Far Vision,LV,3.0,8,0.0,3.0,3.0,N,N,07/2017,Analyst
17-3013.00,1.A.4.a.3,Visual Color Discrimination,IM,3.0,8,0.189,2.6296,3.3704,N,,07/2017,Analyst
17-3013.00,1.A.4.a.3,Visual Color Discrimination,LV,3.0,8,0.0,3.0,3.0,N,N,07/2017,Analyst
17-3013.00,1.A.4.a.4,Night Vision,IM,1.0,8,0.0,1.0,1.0,N,,07/2017,Analyst
17-3013.00,1.A.4.a.4,Night Vision,LV,0.0,8,0.0,0.0,0.0,N,Y,07/2017,Analyst
17-3013.00,1.A.4.a.5,Peripheral Vision,IM,1.0,8,0.0,1.0,1.0,N,,07/2017,Analyst
17-3013.00,1.A.4.a.5,Peripheral Vision,LV,0.0,8,0.0,0.0,0.0,N,Y,07/2017,Analyst
17-3013.00,1.A.4.a.6,Depth Perception,IM,2.12,8,0.125,1.88,2.37,N,,07/2017,Analyst
17-3013.00,1.A.4.a.6,Depth Perception,LV,1.88,8,0.125,1.63,2.12,N,N,07/2017,Analyst
17-3013.00,1.A.4.a.7,Glare Sensitivity,IM,1.0,8,0.0,1.0,1.0,N,,07/2017,Analyst
17-3013.00,1.A.4.a.7,Glare Sensitivity,LV,0.0,8,0.0,0.0,0.0,N,Y,07/2017,Analyst
17-3013.00,1.A.4.b.1,Hearing Sensitivity,IM,2.0,8,0.0,2.0,2.0,N,,07/2017,Analyst
17-3013.00,1.A.4.b.1,Hearing Sensitivity,LV,2.0,8,0.0,2.0,2.0,N,N,07/2017,Analyst
17-3013.00,1.A.4.b.2,Auditory Attention,IM,2.12,8,0.125,1.88,2.37,N,,07/2017,Analyst
17-3013.00,1.A.4.b.2,Auditory Attention,LV,2.0,8,0.0,2.0,2.0,N,N,07/2017,Analyst
17-3013.00,1.A.4.b.3,Sound Localization,IM,1.0,8,0.0,1.0,1.0,N,,07/2017,Analyst
17-3013.00,1.A.4.b.3,Sound Localization,LV,0.0,8,0.0,0.0,0.0,N,Y,07/2017,Analyst
17-3013.00,1.A.4.b.4,Speech Recognition,IM,3.25,8,0.1637,2.9292,3.5708,N,,07/2017,Analyst
17-3013.00,1.A.4.b.4,Speech Recognition,LV,3.0,8,0.0,3.0,3.0,N,N,07/2017,Analyst
17-3013.00,1.A.4.b.5,Speech Clarity,IM,3.25,8,0.1637,2.9292,3.5708,N,,07/2017,Analyst
17-3013.00,1.A.4.b.5,Speech Clarity,LV,3.0,8,0.0,3.0,3.0,N,N,07/2017,Analyst
17-3021.00,1.A.1.a.1,Oral Comprehension,IM,4.0,8,0.0,4.0,4.0,N,,08/2019,Analyst
17-3021.00,1.A.1.a.1,Oral Comprehension,LV,4.5,8,0.189,4.1296,4.8704,N,N,08/2019,Analyst
17-3021.00,1.A.1.a.2,Written Comprehension,IM,4.0,8,0.0,4.0,4.0,N,,08/2019,Analyst
17-3021.00,1.A.1.a.2,Written Comprehension,LV,4.0,8,0.0,4.0,4.0,N,N,08/2019,Analyst
17-3021.00,1.A.1.a.3,Oral Expression,IM,4.0,8,0.0,4.0,4.0,N,,08/2019,Analyst
17-3021.00,1.A.1.a.3,Oral Expression,LV,4.0,8,0.0,4.0,4.0,N,N,08/2019,Analyst
17-3021.00,1.A.1.a.4,Written Expression,IM,3.75,8,0.1637,3.4292,4.0708,N,,08/2019,Analyst
17-3021.00,1.A.1.a.4,Written Expression,LV,4.0,8,0.0,4.0,4.0,N,N,08/2019,Analyst
17-3021.00,1.A.1.b.1,Fluency of Ideas,IM,3.0,8,0.0,3.0,3.0,N,,08/2019,Analyst
17-3021.00,1.A.1.b.1,Fluency of Ideas,LV,3.12,8,0.125,2.88,3.37,N,N,08/2019,Analyst
17-3021.00,1.A.1.b.2,Originality,IM,2.88,8,0.125,2.63,3.12,N,,08/2019,Analyst
17-3021.00,1.A.1.b.2,Originality,LV,3.0,8,0.0,3.0,3.0,N,N,08/2019,Analyst
17-3021.00,1.A.1.b.3,Problem Sensitivity,IM,3.88,8,0.125,3.63,4.12,N,,08/2019,Analyst
17-3021.00,1.A.1.b.3,Problem Sensitivity,LV,4.12,8,0.125,3.88,4.37,N,N,08/2019,Analyst
17-3021.00,1.A.1.b.4,Deductive Reasoning,IM,3.88,8,0.125,3.63,4.12,N,,08/2019,Analyst
17-3021.00,1.A.1.b.4,Deductive Reasoning,LV,4.0,8,0.0,4.0,4.0,N,N,08/2019,Analyst
17-3021.00,1.A.1.b.5,Inductive Reasoning,IM,3.88,8,0.125,3.63,4.12,N,,08/2019,Analyst
17-3021.00,1.A.1.b.5,Inductive Reasoning,LV,4.0,8,0.0,4.0,4.0,N,N,08/2019,Analyst
17-3021.00,1.A.1.b.6,Information Ordering,IM,3.88,8,0.125,3.63,4.12,N,,08/2019,Analyst
17-3021.00,1.A.1.b.6,Information Ordering,LV,3.88,8,0.125,3.63,4.12,N,N,08/2019,Analyst
17-3021.00,1.A.1.b.7,Category Flexibility,IM,3.12,8,0.125,2.88,3.37,N,,08/2019,Analyst
17-3021.00,1.A.1.b.7,Category Flexibility,LV,3.62,8,0.183,3.2664,3.9836,N,N,08/2019,Analyst
17-3021.00,1.A.1.c.1,Mathematical Reasoning,IM,3.0,8,0.189,2.6296,3.3704,N,,08/2019,Analyst
17-3021.00,1.A.1.c.1,Mathematical Reasoning,LV,3.12,8,0.125,2.88,3.37,N,N,08/2019,Analyst
17-3021.00,1.A.1.c.2,Number Facility,IM,3.0,8,0.0,3.0,3.0,N,,08/2019,Analyst
17-3021.00,1.A.1.c.2,Number Facility,LV,3.0,8,0.0,3.0,3.0,N,N,08/2019,Analyst
17-3021.00,1.A.1.d.1,Memorization,IM,2.75,8,0.1637,2.4292,3.0708,N,,08/2019,Analyst
17-3021.00,1.A.1.d.1,Memorization,LV,2.88,8,0.125,2.63,3.12,N,N,08/2019,Analyst
17-3021.00,1.A.1.e.1,Speed of Closure,IM,2.62,8,0.183,2.2664,2.9836,N,,08/2019,Analyst
17-3021.00,1.A.1.e.1,Speed of Closure,LV,2.75,8,0.1637,2.4292,3.0708,N,N,08/2019,Analyst
17-3021.00,1.A.1.e.2,Flexibility of Closure,IM,3.38,8,0.183,3.0164,3.7336,N,,08/2019,Analyst
17-3021.00,1.A.1.e.2,Flexibility of Closure,LV,3.38,8,0.183,3.0164,3.7336,N,N,08/2019,Analyst
17-3021.00,1.A.1.e.3,Perceptual Speed,IM,3.25,8,0.1637,2.9292,3.5708,N,,08/2019,Analyst
17-3021.00,1.A.1.e.3,Perceptual Speed,LV,3.38,8,0.183,3.0164,3.7336,N,N,08/2019,Analyst
17-3021.00,1.A.1.f.1,Spatial Orientation,IM,1.12,8,0.125,1.0,1.37,N,,08/2019,Analyst
17-3021.00,1.A.1.f.1,Spatial Orientation,LV,0.12,8,0.125,0.0,0.37,N,Y,08/2019,Analyst
17-3021.00,1.A.1.f.2,Visualization,IM,3.25,8,0.1637,2.9292,3.5708,N,,08/2019,Analyst
17-3021.00,1.A.1.f.2,Visualization,LV,3.75,8,0.1637,3.4292,4.0708,N,N,08/2019,Analyst
17-3021.00,1.A.1.g.1,Selective Attention,IM,3.12,8,0.125,2.88,3.37,N,,08/2019,Analyst
17-3021.00,1.A.1.g.1,Selective Attention,LV,3.25,8,0.1637,2.9292,3.5708,N,N,08/2019,Analyst
17-3021.00,1.A.1.g.2,Time Sharing,IM,2.88,8,0.125,2.63,3.12,N,,08/2019,Analyst
17-3021.00,1.A.1.g.2,Time Sharing,LV,2.75,8,0.1637,2.4292,3.0708,N,N,08/2019,Analyst
17-3021.00,1.A.2.a.1,Arm-Hand Steadiness,IM,3.0,8,0.0,3.0,3.0,N,,08/2019,Analyst
17-3021.00,1.A.2.a.1,Arm-Hand Steadiness,LV,3.0,8,0.0,3.0,3.0,N,N,08/2019,Analyst
17-3021.00,1.A.2.a.2,Manual Dexterity,IM,3.0,8,0.0,3.0,3.0,N,,08/2019,Analyst
17-3021.00,1.A.2.a.2,Manual Dexterity,LV,3.0,8,0.0,3.0,3.0,N,N,08/2019,Analyst
17-3021.00,1.A.2.a.3,Finger Dexterity,IM,3.0,8,0.0,3.0,3.0,N,,08/2019,Analyst
17-3021.00,1.A.2.a.3,Finger Dexterity,LV,3.0,8,0.0,3.0,3.0,N,N,08/2019,Analyst
17-3021.00,1.A.2.b.1,Control Precision,IM,3.12,8,0.125,2.88,3.37,N,,08/2019,Analyst
17-3021.00,1.A.2.b.1,Control Precision,LV,3.0,8,0.189,2.6296,3.3704,N,N,08/2019,Analyst
17-3021.00,1.A.2.b.2,Multilimb Coordination,IM,2.62,8,0.183,2.2664,2.9836,N,,08/2019,Analyst
17-3021.00,1.A.2.b.2,Multilimb Coordination,LV,2.25,8,0.25,1.76,2.74,N,N,08/2019,Analyst
17-3021.00,1.A.2.b.3,Response Orientation,IM,1.75,8,0.1637,1.4292,2.0708,N,,08/2019,Analyst
17-3021.00,1.A.2.b.3,Response Orientation,LV,1.0,8,0.2673,0.4762,1.5238,N,N,08/2019,Analyst
17-3021.00,1.A.2.b.4,Rate Control,IM,2.0,8,0.0,2.0,2.0,N,,08/2019,Analyst
17-3021.00,1.A.2.b.4,Rate Control,LV,1.25,8,0.1637,0.9292,1.5708,N,N,08/2019,Analyst
17-3021.00,1.A.2.c.1,Reaction Time,IM,2.12,8,0.125,1.88,2.37,N,,08/2019,Analyst
17-3021.00,1.A.2.c.1,Reaction Time,LV,1.62,8,0.2631,1.1094,2.1406,N,N,08/2019,Analyst
17-3021.00,1.A.2.c.2,Wrist-Finger Speed,IM,2.0,8,0.0,2.0,2.0,N,,08/2019,Analyst
17-3021.00,1.A.2.c.2,Wrist-Finger Speed,LV,1.5,8,0.2673,0.9762,2.0238,N,N,08/2019,Analyst
17-3021.00,1.A.2.c.3,Speed of Limb Movement,IM,1.0,8,0.0,1.0,1.0,N,,08/2019,Analyst
17-3021.00,1.A.2.c.3,Speed of Limb Movement,LV,0.0,8,0.0,0.0,0.0,N,Y,08/2019,Analyst
17-3021.00,1.A.3.a.1,Static Strength,IM,2.0,8,0.0,2.0,2.0,N,,08/2019,Analyst
17-3021.00,1.A.3.a.1,Static Strength,LV,1.38,8,0.183,1.0164,1.7336,N,N,08/2019,Analyst
17-3021.00,1.A.3.a.2,Explosive Strength,IM,1.38,8,0.183,1.0164,1.7336,N,,08/2019,Analyst
17-3021.00,1.A.3.a.2,Explosive Strength,LV,0.5,8,0.2673,0.0,1.0238,N,N,08/2019,Analyst
17-3021.00,1.A.3.a.3,Dynamic Strength,IM,2.0,8,0.0,2.0,2.0,N,,08/2019,Analyst
17-3021.00,1.A.3.a.3,Dynamic Strength,LV,1.25,8,0.1637,0.9292,1.5708,N,N,08/2019,Analyst
17-3021.00,1.A.3.a.4,Trunk Strength,IM,2.0,8,0.0,2.0,2.0,N,,08/2019,Analyst
17-3021.00,1.A.3.a.4,Trunk Strength,LV,1.88,8,0.125,1.63,2.12,N,N,08/2019,Analyst
17-3021.00,1.A.3.b.1,Stamina,IM,1.25,8,0.1637,1.0,1.5708,N,,08/2019,Analyst
17-3021.00,1.A.3.b.1,Stamina,LV,0.25,8,0.1637,0.0,0.5708,N,Y,08/2019,Analyst
17-3021.00,1.A.3.c.1,Extent Flexibility,IM,2.38,8,0.183,2.0164,2.7336,N,,08/2019,Analyst
17-3021.00,1.A.3.c.1,Extent Flexibility,LV,2.0,8,0.2673,1.4762,2.5238,N,N,08/2019,Analyst
17-3021.00,1.A.3.c.2,Dynamic Flexibility,IM,1.0,8,0.0,1.0,1.0,N,,08/2019,Analyst
17-3021.00,1.A.3.c.2,Dynamic Flexibility,LV,0.0,8,0.0,0.0,0.0,N,Y,08/2019,Analyst
17-3021.00,1.A.3.c.3,Gross Body Coordination,IM,1.38,8,0.183,1.0164,1.7336,N,,08/2019,Analyst
17-3021.00,1.A.3.c.3,Gross Body Coordination,LV,0.38,8,0.183,0.0164,0.7336,N,N,08/2019,Analyst
17-3021.00,1.A.3.c.4,Gross Body Equilibrium,IM,1.75,8,0.1637,1.4292,2.0708,N,,08/2019,Analyst
17-3021.00,1.A.3.c.4,Gross Body Equilibrium,LV,0.75,8,0.1637,0.4292,1.0708,N,N,08/2019,Analyst
17-3021.00,1.A.4.a.1,Near Vision,IM,3.88,8,0.125,3.63,4.12,N,,08/2019,Analyst
17-3021.00,1.A.4.a.1,Near Vision,LV,3.75,8,0.1637,3.4292,4.0708,N,N,08/2019,Analyst
17-3021.00,1.A.4.a.2,Far Vision,IM,2.88,8,0.125,2.63,3.12,N,,08/2019,Analyst
17-3021.00,1.A.4.a.2,Far Vision,LV,3.0,8,0.189,2.6296,3.3704,N,N,08/2019,Analyst
17-3021.00,1.A.4.a.3,Visual Color Discrimination,IM,2.75,8,0.1637,2.4292,3.0708,N,,08/2019,Analyst
17-3021.00,1.A.4.a.3,Visual Color Discrimination,LV,2.88,8,0.2266,2.4309,3.3191,N,N,08/2019,Analyst
17-3021.00,1.A.4.a.4,Night Vision,IM,1.0,8,0.0,1.0,1.0,N,,08/2019,Analyst
17-3021.00,1.A.4.a.4,Night Vision,LV,0.0,8,0.0,0.0,0.0,N,Y,08/2019,Analyst
17-3021.00,1.A.4.a.5,Peripheral Vision,IM,1.0,8,0.0,1.0,1.0,N,,08/2019,Analyst
17-3021.00,1.A.4.a.5,Peripheral Vision,LV,0.0,8,0.0,0.0,0.0,N,Y,08/2019,Analyst
17-3021.00,1.A.4.a.6,Depth Perception,IM,2.62,8,0.183,2.2664,2.9836,N,,08/2019,Analyst
17-3021.00,1.A.4.a.6,Depth Perception,LV,2.25,8,0.1637,1.9292,2.5708,N,N,08/2019,Analyst
17-3021.00,1.A.4.a.7,Glare Sensitivity,IM,1.75,8,0.1637,1.4292,2.0708,N,,08/2019,Analyst
17-3021.00,1.A.4.a.7,Glare Sensitivity,LV,0.75,8,0.1637,0.4292,1.0708,N,N,08/2019,Analyst
17-3021.00,1.A.4.b.1,Hearing Sensitivity,IM,2.88,8,0.125,2.63,3.12,N,,08/2019,Analyst
17-3021.00,1.A.4.b.1,Hearing Sensitivity,LV,2.75,8,0.1637,2.4292,3.0708,N,N,08/2019,Analyst
17-3021.00,1.A.4.b.2,Auditory Attention,IM,2.88,8,0.125,2.63,3.12,N,,08/2019,Analyst
17-3021.00,1.A.4.b.2,Auditory Attention,LV,2.88,8,0.125,2.63,3.12,N,N,08/2019,Analyst
17-3021.00,1.A.4.b.3,Sound Localization,IM,1.12,8,0.125,1.0,1.37,N,,08/2019,Analyst
17-3021.00,1.A.4.b.3,Sound Localization,LV,0.12,8,0.125,0.0,0.37,N,Y,08/2019,Analyst
17-3021.00,1.A.4.b.4,Speech Recognition,IM,3.12,8,0.125,2.88,3.37,N,,08/2019,Analyst
17-3021.00,1.A.4.b.4,Speech Recognition,LV,3.12,8,0.125,2.88,3.37,N,N,08/2019,Analyst
17-3021.00,1.A.4.b.5,Speech Clarity,IM,3.12,8,0.125,2.88,3.37,N,,08/2019,Analyst
17-3021.00,1.A.4.b.5,Speech Clarity,LV,3.0,8,0.0,3.0,3.0,N,N,08/2019,Analyst
17-3022.00,1.A.1.a.1,Oral Comprehension,IM,3.88,8,0.125,3.63,4.12,N,,07/2017,Analyst
17-3022.00,1.A.1.a.1,Oral Comprehension,LV,4.12,8,0.125,3.88,4.37,N,N,07/2017,Analyst
17-3022.00,1.A.1.a.2,Written Comprehension,IM,3.88,8,0.125,3.63,4.12,N,,07/2017,Analyst
17-3022.00,1.A.1.a.2,Written Comprehension,LV,4.0,8,0.0,4.0,4.0,N,N,07/2017,Analyst
17-3022.00,1.A.1.a.3,Oral Expression,IM,3.75,8,0.1637,3.4292,4.0708,N,,07/2017,Analyst
17-3022.00,1.A.1.a.3,Oral Expression,LV,4.0,8,0.0,4.0,4.0,N,N,07/2017,Analyst
17-3022.00,1.A.1.a.4,Written Expression,IM,3.62,8,0.183,3.2664,3.9836,N,,07/2017,Analyst
17-3022.00,1.A.1.a.4,Written Expression,LV,4.0,8,0.0,4.0,4.0,N,N,07/2017,Analyst
17-3022.00,1.A.1.b.1,Fluency of Ideas,IM,3.0,8,0.0,3.0,3.0,N,,07/2017,Analyst
17-3022.00,1.A.1.b.1,Fluency of Ideas,LV,3.12,8,0.125,2.88,3.37,N,N,07/2017,Analyst
17-3022.00,1.A.1.b.2,Originality,IM,3.0,8,0.0,3.0,3.0,N,,07/2017,Analyst
17-3022.00,1.A.1.b.2,Originality,LV,2.88,8,0.125,2.63,3.12,N,N,07/2017,Analyst
17-3022.00,1.A.1.b.3,Problem Sensitivity,IM,3.75,8,0.1637,3.4292,4.0708,N,,07/2017,Analyst
17-3022.00,1.A.1.b.3,Problem Sensitivity,LV,3.88,8,0.125,3.63,4.12,N,N,07/2017,Analyst
17-3022.00,1.A.1.b.4,Deductive Reasoning,IM,3.88,8,0.125,3.63,4.12,N,,07/2017,Analyst
17-3022.00,1.A.1.b.4,Deductive Reasoning,LV,4.0,8,0.0,4.0,4.0,N,N,07/2017,Analyst
17-3022.00,1.A.1.b.5,Inductive Reasoning,IM,3.38,8,0.183,3.0164,3.7336,N,,07/2017,Analyst
17-3022.00,1.A.1.b.5,Inductive Reasoning,LV,3.75,8,0.1637,3.4292,4.0708,N,N,07/2017,Analyst
17-3022.00,1.A.1.b.6,Information Ordering,IM,3.38,8,0.183,3.0164,3.7336,N,,07/2017,Analyst
17-3022.00,1.A.1.b.6,Information Ordering,LV,3.88,8,0.125,3.63,4.12,N,N,07/2017,Analyst
17-3022.00,1.A.1.b.7,Category Flexibility,IM,3.25,8,0.1637,2.9292,3.5708,N,,07/2017,Analyst
17-3022.00,1.A.1.b.7,Category Flexibility,LV,3.5,8,0.189,3.1296,3.8704,N,N,07/2017,Analyst
17-3022.00,1.A.1.c.1,Mathematical Reasoning,IM,3.88,8,0.125,3.63,4.12,N,,07/2017,Analyst
17-3022.00,1.A.1.c.1,Mathematical Reasoning,LV,3.75,8,0.1637,3.4292,4.0708,N,N,07/2017,Analyst
17-3022.00,1.A.1.c.2,Number Facility,IM,3.5,8,0.189,3.1296,3.8704,N,,07/2017,Analyst
17-3022.00,1.A.1.c.2,Number Facility,LV,3.38,8,0.183,3.0164,3.7336,N,N,07/2017,Analyst
17-3022.00,1.A.1.d.1,Memorization,IM,2.25,8,0.1637,1.9292,2.5708,N,,07/2017,Analyst
17-3022.00,1.A.1.d.1,Memorization,LV,2.5,8,0.189,2.1296,2.8704,N,N,07/2017,Analyst
17-3022.00,1.A.1.e.1,Speed of Closure,IM,3.0,8,0.0,3.0,3.0,N,,07/2017,Analyst
17-3022.00,1.A.1.e.1,Speed of Closure,LV,2.88,8,0.125,2.63,3.12,N,N,07/2017,Analyst
17-3022.00,1.A.1.e.2,Flexibility of Closure,IM,3.12,8,0.125,2.88,3.37,N,,07/2017,Analyst
17-3022.00,1.A.1.e.2,Flexibility of Closure,LV,3.12,8,0.125,2.88,3.37,N,N,07/2017,Analyst
17-3022.00,1.A.1.e.3,Perceptual Speed,IM,2.88,8,0.2266,2.4309,3.3191,N,,07/2017,Analyst
17-3022.00,1.A.1.e.3,Perceptual Speed,LV,2.88,8,0.2266,2.4309,3.3191,N,N,07/2017,Analyst
17-3022.00,1.A.1.f.1,Spatial Orientation,IM,2.0,8,0.189,1.6296,2.3704,N,,07/2017,Analyst
17-3022.00,1.A.1.f.1,Spatial Orientation,LV,1.12,8,0.2266,0.6809,1.5691,N,N,07/2017,Analyst
17-3022.00,1.A.1.f.2,Visualization,IM,3.62,8,0.183,3.2664,3.9836,N,,07/2017,Analyst
17-3022.00,1.A.1.f.2,Visualization,LV,4.0,8,0.189,3.6296,4.3704,N,N,07/2017,Analyst
17-3022.00,1.A.1.g.1,Selective Attention,IM,3.0,8,0.0,3.0,3.0,N,,07/2017,Analyst
17-3022.00,1.A.1.g.1,Selective Attention,LV,3.0,8,0.0,3.0,3.0,N,N,07/2017,Analyst
17-3022.00,1.A.1.g.2,Time Sharing,IM,2.62,8,0.183,2.2664,2.9836,N,,07/2017,Analyst
17-3022.00,1.A.1.g.2,Time Sharing,LV,2.62,8,0.183,2.2664,2.9836,N,N,07/2017,Analyst
17-3022.00,1.A.2.a.1,Arm-Hand Steadiness,IM,2.12,8,0.125,1.88,2.37,N,,07/2017,Analyst
17-3022.00,1.A.2.a.1,Arm-Hand Steadiness,LV,1.88,8,0.125,1.63,2.12,N,N,07/2017,Analyst
17-3022.00,1.A.2.a.2,Manual Dexterity,IM,2.0,8,0.0,2.0,2.0,N,,07/2017,Analyst
17-3022.00,1.A.2.a.2,Manual Dexterity,LV,1.88,8,0.125,1.63,2.12,N,N,07/2017,Analyst
17-3022.00,1.A.2.a.3,Finger Dexterity,IM,2.5,8,0.189,2.1296,2.8704,N,,07/2017,Analyst
17-3022.00,1.A.2.a.3,Finger Dexterity,LV,2.38,8,0.183,2.0164,2.7336,N,N,07/2017,Analyst
17-3022.00,1.A.2.b.1,Control Precision,IM,2.0,8,0.0,2.0,2.0,N,,07/2017,Analyst
17-3022.00,1.A.2.b.1,Control Precision,LV,2.0,8,0.0,2.0,2.0,N,N,07/2017,Analyst
17-3022.00,1.A.2.b.2,Multilimb Coordination,IM,1.88,8,0.125,1.63,2.12,N,,07/2017,Analyst
17-3022.00,1.A.2.b.2,Multilimb Coordination,LV,1.25,8,0.25,0.76,1.74,N,N,07/2017,Analyst
17-3022.00,1.A.2.b.3,Response Orientation,IM,1.5,8,0.189,1.1296,1.8704,N,,07/2017,Analyst
17-3022.00,1.A.2.b.3,Response Orientation,LV,0.75,8,0.3134,0.1358,1.3642,N,N,07/2017,Analyst
17-3022.00,1.A.2.b.4,Rate Control,IM,1.5,8,0.189,1.1296,1.8704,N,,07/2017,Analyst
17-3022.00,1.A.2.b.4,Rate Control,LV,0.62,8,0.2631,0.1094,1.1406,N,N,07/2017,Analyst
17-3022.00,1.A.2.c.1,Reaction Time,IM,1.62,8,0.183,1.2664,1.9836,N,,07/2017,Analyst
17-3022.00,1.A.2.c.1,Reaction Time,LV,1.12,8,0.3504,0.4383,1.8117,N,N,07/2017,Analyst
17-3022.00,1.A.2.c.2,Wrist-Finger Speed,IM,1.62,8,0.183,1.2664,1.9836,N,,07/2017,Analyst
17-3022.00,1.A.2.c.2,Wrist-Finger Speed,LV,0.88,8,0.295,0.2967,1.4533,N,N,07/2017,Analyst
17-3022.00,1.A.2.c.3,Speed of Limb Movement,IM,1.0,8,0.0,1.0,1.0,N,,07/2017,Analyst
17-3022.00,1.A.2.c.3,Speed of Limb Movement,LV,0.0,8,0.0,0.0,0.0,N,Y,07/2017,Analyst
17-3022.00,1.A.3.a.1,Static Strength,IM,1.0,8,0.0,1.0,1.0,N,,07/2017,Analyst
17-3022.00,1.A.3.a.1,Static Strength,LV,0.0,8,0.0,0.0,0.0,N,Y,07/2017,Analyst
17-3022.00,1.A.3.a.2,Explosive Strength,IM,1.0,8,0.0,1.0,1.0,N,,07/2017,Analyst
17-3022.00,1.A.3.a.2,Explosive Strength,LV,0.0,8,0.0,0.0,0.0,N,Y,07/2017,Analyst
17-3022.00,1.A.3.a.3,Dynamic Strength,IM,1.38,8,0.183,1.0164,1.7336,N,,07/2017,Analyst
17-3022.00,1.A.3.a.3,Dynamic Strength,LV,0.5,8,0.2673,0.0,1.0238,N,N,07/2017,Analyst
17-3022.00,1.A.3.a.4,Trunk Strength,IM,1.75,8,0.1637,1.4292,2.0708,N,,07/2017,Analyst
17-3022.00,1.A.3.a.4,Trunk Strength,LV,1.12,8,0.295,0.5467,1.7033,N,N,07/2017,Analyst
17-3022.00,1.A.3.b.1,Stamina,IM,1.0,8,0.0,1.0,1.0,N,,07/2017,Analyst
17-3022.00,1.A.3.b.1,Stamina,LV,0.0,8,0.0,0.0,0.0,N,Y,07/2017,Analyst
17-3022.00,1.A.3.c.1,Extent Flexibility,IM,1.0,8,0.0,1.0,1.0,N,,07/2017,Analyst
17-3022.00,1.A.3.c.1,Extent Flexibility,LV,0.0,8,0.0,0.0,0.0,N,Y,07/2017,Analyst
17-3022.00,1.A.3.c.2,Dynamic Flexibility,IM,1.0,8,0.0,1.0,1.0,N,,07/2017,Analyst
17-3022.00,1.A.3.c.2,Dynamic Flexibility,LV,0.0,8,0.0,0.0,0.0,N,Y,07/2017,Analyst
17-3022.00,1.A.3.c.3,Gross Body Coordination,IM,1.0,8,0.0,1.0,1.0,N,,07/2017,Analyst
17-3022.00,1.A.3.c.3,Gross Body Coordination,LV,0.0,8,0.0,0.0,0.0,N,Y,07/2017,Analyst
17-3022.00,1.A.3.c.4,Gross Body Equilibrium,IM,1.0,8,0.0,1.0,1.0,N,,07/2017,Analyst
17-3022.00,1.A.3.c.4,Gross Body Equilibrium,LV,0.0,8,0.0,0.0,0.0,N,Y,07/2017,Analyst
17-3022.00,1.A.4.a.1,Near Vision,IM,3.88,8,0.125,3.63,4.12,N,,07/2017,Analyst
17-3022.00,1.A.4.a.1,Near Vision,LV,3.88,8,0.125,3.63,4.12,N,N,07/2017,Analyst
17-3022.00,1.A.4.a.2,Far Vision,IM,3.38,8,0.183,3.0164,3.7336,N,,07/2017,Analyst
17-3022.00,1.A.4.a.2,Far Vision,LV,3.25,8,0.1637,2.9292,3.5708,N,N,07/2017,Analyst
17-3022.00,1.A.4.a.3,Visual Color Discrimination,IM,2.62,8,0.183,2.2664,2.9836,N,,07/2017,Analyst
17-3022.00,1.A.4.a.3,Visual Color Discrimination,LV,2.38,8,0.183,2.0164,2.7336,N,N,07/2017,Analyst
17-3022.00,1.A.4.a.4,Night Vision,IM,1.5,8,0.189,1.1296,1.8704,N,,07/2017,Analyst
17-3022.00,1.A.4.a.4,Night Vision,LV,0.62,8,0.2631,0.1094,1.1406,N,N,07/2017,Analyst
17-3022.00,1.A.4.a.5,Peripheral Vision,IM,1.38,8,0.183,1.0164,1.7336,N,,07/2017,Analyst
17-3022.00,1.A.4.a.5,Peripheral Vision,LV,0.38,8,0.183,0.0164,0.7336,N,N,07/2017,Analyst
17-3022.00,1.A.4.a.6,Depth Perception,IM,2.12,8,0.2266,1.6809,2.5691,N,,07/2017,Analyst
17-3022.00,1.A.4.a.6,Depth Perception,LV,1.88,8,0.295,1.2967,2.4533,N,N,07/2017,Analyst
17-3022.00,1.A.4.a.7,Glare Sensitivity,IM,1.38,8,0.183,1.0164,1.7336,N,,07/2017,Analyst
17-3022.00,1.A.4.a.7,Glare Sensitivity,LV,0.5,8,0.2673,0.0,1.0238,N,N,07/2017,Analyst
17-3022.00,1.A.4.b.1,Hearing Sensitivity,IM,2.25,8,0.1637,1.9292,2.5708,N,,07/2017,Analyst
17-3022.00,1.A.4.b.1,Hearing Sensitivity,LV,2.12,8,0.125,1.88,2.37,N,N,07/2017,Analyst
17-3022.00,1.A.4.b.2,Auditory Attention,IM,2.5,8,0.189,2.1296,2.8704,N,,07/2017,Analyst
17-3022.00,1.A.4.b.2,Auditory Attention,LV,2.12,8,0.125,1.88,2.37,N,N,07/2017,Analyst
17-3022.00,1.A.4.b.3,Sound Localization,IM,1.38,8,0.183,1.0164,1.7336,N,,07/2017,Analyst
17-3022.00,1.A.4.b.3,Sound Localization,LV,0.38,8,0.183,0.0164,0.7336,N,N,07/2017,Analyst
17-3022.00,1.A.4.b.4,Speech Recognition,IM,3.38,8,0.183,3.0164,3.7336,N,,07/2017,Analyst
17-3022.00,1.A.4.b.4,Speech Recognition,LV,3.25,8,0.1637,2.9292,3.5708,N,N,07/2017,Analyst
17-3022.00,1.A.4.b.5,Speech Clarity,IM,3.38,8,0.183,3.0164,3.7336,N,,07/2017,Analyst
17-3022.00,1.A.4.b.5,Speech Clarity,LV,3.12,8,0.125,2.88,3.37,N,N,07/2017,Analyst
17-3023.00,1.A.1.a.1,Oral Comprehension,IM,3.75,8,0.1637,3.4292,4.0708,N,,08/2024,Analyst
17-3023.00,1.A.1.a.1,Oral Comprehension,LV,4.12,8,0.125,3.88,4.37,N,N,08/2024,Analyst
17-3023.00,1.A.1.a.2,Written Comprehension,IM,3.88,8,0.125,3.63,4.12,N,,08/2024,Analyst
17-3023.00,1.A.1.a.2,Written Comprehension,LV,4.12,8,0.125,3.88,4.37,N,N,08/2024,Analyst
17-3023.00,1.A.1.a.3,Oral Expression,IM,3.5,8,0.189,3.1296,3.8704,N,,08/2024,Analyst
17-3023.00,1.A.1.a.3,Oral Expression,LV,4.0,8,0.2673,3.4762,4.5238,N,N,08/2024,Analyst
17-3023.00,1.A.1.a.4,Written Expression,IM,3.38,8,0.183,3.0164,3.7336,N,,08/2024,Analyst
17-3023.00,1.A.1.a.4,Written Expression,LV,3.62,8,0.183,3.2664,3.9836,N,N,08/2024,Analyst
17-3023.00,1.A.1.b.1,Fluency of Ideas,IM,3.0,8,0.189,2.6296,3.3704,N,,08/2024,Analyst
17-3023.00,1.A.1.b.1,Fluency of Ideas,LV,3.12,8,0.125,2.88,3.37,N,N,08/2024,Analyst
17-3023.00,1.A.1.b.2,Originality,IM,3.0,8,0.189,2.6296,3.3704,N,,08/2024,Analyst
17-3023.00,1.A.1.b.2,Originality,LV,3.25,8,0.1637,2.9292,3.5708,N,N,08/2024,Analyst
17-3023.00,1.A.1.b.3,Problem Sensitivity,IM,3.62,8,0.183,3.2664,3.9836,N,,08/2024,Analyst
17-3023.00,1.A.1.b.3,Problem Sensitivity,LV,3.25,8,0.25,2.76,3.74,N,N,08/2024,Analyst
17-3023.00,1.A.1.b.4,Deductive Reasoning,IM,3.88,8,0.125,3.63,4.12,N,,08/2024,Analyst
17-3023.00,1.A.1.b.4,Deductive Reasoning,LV,3.75,8,0.1637,3.4292,4.0708,N,N,08/2024,Analyst
17-3023.00,1.A.1.b.5,Inductive Reasoning,IM,3.88,8,0.125,3.63,4.12,N,,08/2024,Analyst
17-3023.00,1.A.1.b.5,Inductive Reasoning,LV,3.62,8,0.183,3.2664,3.9836,N,N,08/2024,Analyst
17-3023.00,1.A.1.b.6,Information Ordering,IM,3.5,8,0.189,3.1296,3.8704,N,,08/2024,Analyst
17-3023.00,1.A.1.b.6,Information Ordering,LV,3.75,8,0.1637,3.4292,4.0708,N,N,08/2024,Analyst
17-3023.00,1.A.1.b.7,Category Flexibility,IM,3.25,8,0.1637,2.9292,3.5708,N,,08/2024,Analyst
17-3023.00,1.A.1.b.7,Category Flexibility,LV,3.38,8,0.183,3.0164,3.7336,N,N,08/2024,Analyst
17-3023.00,1.A.1.c.1,Mathematical Reasoning,IM,2.75,8,0.1637,2.4292,3.0708,N,,08/2024,Analyst
17-3023.00,1.A.1.c.1,Mathematical Reasoning,LV,2.88,8,0.125,2.63,3.12,N,N,08/2024,Analyst
17-3023.00,1.A.1.c.2,Number Facility,IM,2.62,8,0.183,2.2664,2.9836,N,,08/2024,Analyst
17-3023.00,1.A.1.c.2,Number Facility,LV,2.75,8,0.1637,2.4292,3.0708,N,N,08/2024,Analyst
17-3023.00,1.A.1.d.1,Memorization,IM,2.5,8,0.189,2.1296,2.8704,N,,08/2024,Analyst
17-3023.00,1.A.1.d.1,Memorization,LV,2.62,8,0.183,2.2664,2.9836,N,N,08/2024,Analyst
17-3023.00,1.A.1.e.1,Speed of Closure,IM,2.75,8,0.25,2.26,3.24,N,,08/2024,Analyst
17-3023.00,1.A.1.e.1,Speed of Closure,LV,2.62,8,0.2631,2.1094,3.1406,N,N,08/2024,Analyst
17-3023.00,1.A.1.e.2,Flexibility of Closure,IM,3.0,8,0.2673,2.4762,3.5238,N,,08/2024,Analyst
17-3023.00,1.A.1.e.2,Flexibility of Closure,LV,3.25,8,0.25,2.76,3.74,N,N,08/2024,Analyst
17-3023.00,1.A.1.e.3,Perceptual Speed,IM,3.25,8,0.25,2.76,3.74,N,,08/2024,Analyst
17-3023.00,1.A.1.e.3,Perceptual Speed,LV,3.12,8,0.295,2.5467,3.7033,N,N,08/2024,Analyst
17-3023.00,1.A.1.f.1,Spatial Orientation,IM,1.62,8,0.3239,1.0,2.2598,N,,08/2024,Analyst
17-3023.00,1.A.1.f.1,Spatial Orientation,LV,0.75,8,0.4119,0.0,1.5573,N,N,08/2024,Analyst
17-3023.00,1.A.1.f.2,Visualization,IM,3.38,8,0.183,3.0164,3.7336,N,,08/2024,Analyst
17-3023.00,1.A.1.f.2,Visualization,LV,3.88,8,0.2266,3.4309,4.3191,N,N,08/2024,Analyst
17-3023.00,1.A.1.g.1,Selective Attention,IM,3.12,8,0.125,2.88,3.37,N,,08/2024,Analyst
17-3023.00,1.A.1.g.1,Selective Attention,LV,2.75,8,0.1637,2.4292,3.0708,N,N,08/2024,Analyst
17-3023.00,1.A.1.g.2,Time Sharing,IM,2.5,8,0.189,2.1296,2.8704,N,,08/2024,Analyst
17-3023.00,1.A.1.g.2,Time Sharing,LV,2.38,8,0.183,2.0164,2.7336,N,N,08/2024,Analyst
17-3023.00,1.A.2.a.1,Arm-Hand Steadiness,IM,2.75,8,0.1637,2.4292,3.0708,N,,08/2024,Analyst
17-3023.00,1.A.2.a.1,Arm-Hand Steadiness,LV,3.0,8,0.2673,2.4762,3.5238,N,N,08/2024,Analyst
17-3023.00,1.A.2.a.2,Manual Dexterity,IM,2.75,8,0.1637,2.4292,3.0708,N,,08/2024,Analyst
17-3023.00,1.A.2.a.2,Manual Dexterity,LV,2.62,8,0.183,2.2664,2.9836,N,N,08/2024,Analyst
17-3023.00,1.A.2.a.3,Finger Dexterity,IM,2.75,8,0.1637,2.4292,3.0708,N,,08/2024,Analyst
17-3023.00,1.A.2.a.3,Finger Dexterity,LV,3.25,8,0.3134,2.6358,3.8642,N,N,08/2024,Analyst
17-3023.00,1.A.2.b.1,Control Precision,IM,2.75,8,0.1637,2.4292,3.0708,N,,08/2024,Analyst
17-3023.00,1.A.2.b.1,Control Precision,LV,2.62,8,0.183,2.2664,2.9836,N,N,08/2024,Analyst
17-3023.00,1.A.2.b.2,Multilimb Coordination,IM,2.12,8,0.2266,1.6809,2.5691,N,,08/2024,Analyst
17-3023.00,1.A.2.b.2,Multilimb Coordination,LV,1.75,8,0.366,1.0327,2.4673,N,N,08/2024,Analyst
17-3023.00,1.A.2.b.3,Response Orientation,IM,1.25,8,0.1637,1.0,1.5708,N,,08/2024,Analyst
17-3023.00,1.A.2.b.3,Response Orientation,LV,0.38,8,0.2631,0.0,0.8906,N,Y,08/2024,Analyst
17-3023.00,1.A.2.b.4,Rate Control,IM,1.75,8,0.1637,1.4292,2.0708,N,,08/2024,Analyst
17-3023.00,1.A.2.b.4,Rate Control,LV,1.0,8,0.2673,0.4762,1.5238,N,N,08/2024,Analyst
17-3023.00,1.A.2.c.1,Reaction Time,IM,2.0,8,0.189,1.6296,2.3704,N,,08/2024,Analyst
17-3023.00,1.A.2.c.1,Reaction Time,LV,1.62,8,0.3239,0.9902,2.2598,N,N,08/2024,Analyst
17-3023.00,1.A.2.c.2,Wrist-Finger Speed,IM,2.0,8,0.189,1.6296,2.3704,N,,08/2024,Analyst
17-3023.00,1.A.2.c.2,Wrist-Finger Speed,LV,1.62,8,0.3239,0.9902,2.2598,N,N,08/2024,Analyst
17-3023.00,1.A.2.c.3,Speed of Limb Movement,IM,1.0,8,0.0,1.0,1.0,N,,08/2024,Analyst
17-3023.00,1.A.2.c.3,Speed of Limb Movement,LV,0.0,8,0.0,0.0,0.0,N,Y,08/2024,Analyst
17-3023.00,1.A.3.a.1,Static Strength,IM,1.62,8,0.183,1.2664,1.9836,N,,08/2024,Analyst
17-3023.00,1.A.3.a.1,Static Strength,LV,1.12,8,0.3504,0.4383,1.8117,N,N,08/2024,Analyst
17-3023.00,1.A.3.a.2,Explosive Strength,IM,1.62,8,0.183,1.2664,1.9836,N,,08/2024,Analyst
17-3023.00,1.A.3.a.2,Explosive Strength,LV,0.75,8,0.25,0.26,1.24,N,N,08/2024,Analyst
17-3023.00,1.A.3.a.3,Dynamic Strength,IM,1.88,8,0.2266,1.4309,2.3191,N,,08/2024,Analyst
17-3023.00,1.A.3.a.3,Dynamic Strength,LV,1.38,8,0.3239,0.7402,2.0098,N,N,08/2024,Analyst
17-3023.00,1.A.3.a.4,Trunk Strength,IM,2.25,8,0.25,1.76,2.74,N,,08/2024,Analyst
17-3023.00,1.A.3.a.4,Trunk Strength,LV,2.0,8,0.3273,1.3584,2.6416,N,N,08/2024,Analyst
17-3023.00,1.A.3.b.1,Stamina,IM,1.75,8,0.1637,1.4292,2.0708,N,,08/2024,Analyst
17-3023.00,1.A.3.b.1,Stamina,LV,0.88,8,0.2266,0.4309,1.3191,N,N,08/2024,Analyst
17-3023.00,1.A.3.c.1,Extent Flexibility,IM,2.5,8,0.2673,1.9762,3.0238,N,,08/2024,Analyst
17-3023.00,1.A.3.c.1,Extent Flexibility,LV,2.38,8,0.375,1.64,3.11,N,N,08/2024,Analyst
17-3023.00,1.A.3.c.2,Dynamic Flexibility,IM,1.25,8,0.1637,1.0,1.5708,N,,08/2024,Analyst
17-3023.00,1.A.3.c.2,Dynamic Flexibility,LV,0.25,8,0.1637,0.0,0.5708,N,Y,08/2024,Analyst
17-3023.00,1.A.3.c.3,Gross Body Coordination,IM,1.75,8,0.1637,1.4292,2.0708,N,,08/2024,Analyst
17-3023.00,1.A.3.c.3,Gross Body Coordination,LV,1.0,8,0.2673,0.4762,1.5238,N,N,08/2024,Analyst
17-3023.00,1.A.3.c.4,Gross Body Equilibrium,IM,1.75,8,0.1637,1.4292,2.0708,N,,08/2024,Analyst
17-3023.00,1.A.3.c.4,Gross Body Equilibrium,LV,1.0,8,0.2673,0.4762,1.5238,N,N,08/2024,Analyst
17-3023.00,1.A.4.a.1,Near Vision,IM,3.75,8,0.1637,3.4292,4.0708,N,,08/2024,Analyst
17-3023.00,1.A.4.a.1,Near Vision,LV,3.88,8,0.125,3.63,4.12,N,N,08/2024,Analyst
17-3023.00,1.A.4.a.2,Far Vision,IM,2.75,8,0.25,2.26,3.24,N,,08/2024,Analyst
17-3023.00,1.A.4.a.2,Far Vision,LV,3.0,8,0.189,2.6296,3.3704,N,N,08/2024,Analyst
17-3023.00,1.A.4.a.3,Visual Color Discrimination,IM,3.25,8,0.25,2.76,3.74,N,,08/2024,Analyst
17-3023.00,1.A.4.a.3,Visual Color Discrimination,LV,3.5,8,0.189,3.1296,3.8704,N,N,08/2024,Analyst
17-3023.00,1.A.4.a.4,Night Vision,IM,1.0,8,0.0,1.0,1.0,N,,08/2024,Analyst
17-3023.00,1.A.4.a.4,Night Vision,LV,0.0,8,0.0,0.0,0.0,N,Y,08/2024,Analyst
17-3023.00,1.A.4.a.5,Peripheral Vision,IM,1.38,8,0.2631,1.0,1.8906,N,,08/2024,Analyst
17-3023.00,1.A.4.a.5,Peripheral Vision,LV,0.62,8,0.4199,0.0,1.4481,N,Y,08/2024,Analyst
17-3023.00,1.A.4.a.6,Depth Perception,IM,2.5,8,0.2673,1.9762,3.0238,N,,08/2024,Analyst
17-3023.00,1.A.4.a.6,Depth Perception,LV,2.38,8,0.3239,1.7402,3.0098,N,N,08/2024,Analyst
17-3023.00,1.A.4.a.7,Glare Sensitivity,IM,1.25,8,0.25,1.0,1.74,N,,08/2024,Analyst
17-3023.00,1.A.4.a.7,Glare Sensitivity,LV,0.38,8,0.375,0.0,1.11,N,Y,08/2024,Analyst
17-3023.00,1.A.4.b.1,Hearing Sensitivity,IM,2.38,8,0.2631,1.8594,2.8906,N,,08/2024,Analyst
17-3023.00,1.A.4.b.1,Hearing Sensitivity,LV,2.12,8,0.3981,1.3447,2.9053,N,N,08/2024,Analyst
17-3023.00,1.A.4.b.2,Auditory Attention,IM,2.5,8,0.189,2.1296,2.8704,N,,08/2024,Analyst
17-3023.00,1.A.4.b.2,Auditory Attention,LV,2.5,8,0.189,2.1296,2.8704,N,N,08/2024,Analyst
17-3023.00,1.A.4.b.3,Sound Localization,IM,1.75,8,0.25,1.26,2.24,N,,08/2024,Analyst
17-3023.00,1.A.4.b.3,Sound Localization,LV,1.25,8,0.4119,0.4427,2.0573,N,N,08/2024,Analyst
17-3023.00,1.A.4.b.4,Speech Recognition,IM,3.25,8,0.1637,2.9292,3.5708,N,,08/2024,Analyst
17-3023.00,1.A.4.b.4,Speech Recognition,LV,3.0,8,0.0,3.0,3.0,N,N,08/2024,Analyst
17-3023.00,1.A.4.b.5,Speech Clarity,IM,3.38,8,0.183,3.0164,3.7336,N,,08/2024,Analyst
17-3023.00,1.A.4.b.5,Speech Clarity,LV,3.0,8,0.0,3.0,3.0,N,N,08/2024,Analyst
17-3024.00,1.A.1.a.1,Oral Comprehension,IM,3.38,8,0.183,3.0164,3.7336,N,,08/2022,Analyst
17-3024.00,1.A.1.a.1,Oral Comprehension,LV,3.88,8,0.125,3.63,4.12,N,N,08/2022,Analyst
17-3024.00,1.A.1.a.2,Written Comprehension,IM,3.25,8,0.1637,2.9292,3.5708,N,,08/2022,Analyst
17-3024.00,1.A.1.a.2,Written Comprehension,LV,3.75,8,0.1637,3.4292,4.0708,N,N,08/2022,Analyst
17-3024.00,1.A.1.a.3,Oral Expression,IM,3.12,8,0.125,2.88,3.37,N,,08/2022,Analyst
17-3024.00,1.A.1.a.3,Oral Expression,LV,3.88,8,0.125,3.63,4.12,N,N,08/2022,Analyst
17-3024.00,1.A.1.a.4,Written Expression,IM,3.25,8,0.1637,2.9292,3.5708,N,,08/2022,Analyst
17-3024.00,1.A.1.a.4,Written Expression,LV,3.25,8,0.1637,2.9292,3.5708,N,N,08/2022,Analyst
17-3024.00,1.A.1.b.1,Fluency of Ideas,IM,3.0,8,0.0,3.0,3.0,N,,08/2022,Analyst
17-3024.00,1.A.1.b.1,Fluency of Ideas,LV,3.12,8,0.125,2.88,3.37,N,N,08/2022,Analyst
17-3024.00,1.A.1.b.2,Originality,IM,3.0,8,0.0,3.0,3.0,N,,08/2022,Analyst
17-3024.00,1.A.1.b.2,Originality,LV,3.12,8,0.125,2.88,3.37,N,N,08/2022,Analyst
17-3024.00,1.A.1.b.3,Problem Sensitivity,IM,3.75,8,0.1637,3.4292,4.0708,N,,08/2022,Analyst
17-3024.00,1.A.1.b.3,Problem Sensitivity,LV,3.62,8,0.183,3.2664,3.9836,N,N,08/2022,Analyst
17-3024.00,1.A.1.b.4,Deductive Reasoning,IM,3.75,8,0.1637,3.4292,4.0708,N,,08/2022,Analyst
17-3024.00,1.A.1.b.4,Deductive Reasoning,LV,3.88,8,0.125,3.63,4.12,N,N,08/2022,Analyst
17-3024.00,1.A.1.b.5,Inductive Reasoning,IM,3.75,8,0.1637,3.4292,4.0708,N,,08/2022,Analyst
17-3024.00,1.A.1.b.5,Inductive Reasoning,LV,3.88,8,0.125,3.63,4.12,N,N,08/2022,Analyst
17-3024.00,1.A.1.b.6,Information Ordering,IM,3.75,8,0.1637,3.4292,4.0708,N,,08/2022,Analyst
17-3024.00,1.A.1.b.6,Information Ordering,LV,3.88,8,0.125,3.63,4.12,N,N,08/2022,Analyst
17-3024.00,1.A.1.b.7,Category Flexibility,IM,3.12,8,0.125,2.88,3.37,N,,08/2022,Analyst
17-3024.00,1.A.1.b.7,Category Flexibility,LV,3.12,8,0.125,2.88,3.37,N,N,08/2022,Analyst
17-3024.00,1.A.1.c.1,Mathematical Reasoning,IM,3.0,8,0.0,3.0,3.0,N,,08/2022,Analyst
17-3024.00,1.A.1.c.1,Mathematical Reasoning,LV,3.0,8,0.0,3.0,3.0,N,N,08/2022,Analyst
17-3024.00,1.A.1.c.2,Number Facility,IM,3.0,8,0.0,3.0,3.0,N,,08/2022,Analyst
17-3024.00,1.A.1.c.2,Number Facility,LV,3.0,8,0.0,3.0,3.0,N,N,08/2022,Analyst
17-3024.00,1.A.1.d.1,Memorization,IM,2.75,8,0.1637,2.4292,3.0708,N,,08/2022,Analyst
17-3024.00,1.A.1.d.1,Memorization,LV,2.88,8,0.125,2.63,3.12,N,N,08/2022,Analyst
17-3024.00,1.A.1.e.1,Speed of Closure,IM,3.12,8,0.125,2.88,3.37,N,,08/2022,Analyst
17-3024.00,1.A.1.e.1,Speed of Closure,LV,2.88,8,0.125,2.63,3.12,N,N,08/2022,Analyst
17-3024.00,1.A.1.e.2,Flexibility of Closure,IM,3.12,8,0.125,2.88,3.37,N,,08/2022,Analyst
17-3024.00,1.A.1.e.2,Flexibility of Closure,LV,3.25,8,0.1637,2.9292,3.5708,N,N,08/2022,Analyst
17-3024.00,1.A.1.e.3,Perceptual Speed,IM,3.5,8,0.189,3.1296,3.8704,N,,08/2022,Analyst
17-3024.00,1.A.1.e.3,Perceptual Speed,LV,3.62,8,0.183,3.2664,3.9836,N,N,08/2022,Analyst
17-3024.00,1.A.1.f.1,Spatial Orientation,IM,2.12,8,0.125,1.88,2.37,N,,08/2022,Analyst
17-3024.00,1.A.1.f.1,Spatial Orientation,LV,1.75,8,0.25,1.26,2.24,N,N,08/2022,Analyst
17-3024.00,1.A.1.f.2,Visualization,IM,3.12,8,0.125,2.88,3.37,N,,08/2022,Analyst
17-3024.00,1.A.1.f.2,Visualization,LV,4.0,8,0.189,3.6296,4.3704,N,N,08/2022,Analyst
17-3024.00,1.A.1.g.1,Selective Attention,IM,3.12,8,0.125,2.88,3.37,N,,08/2022,Analyst
17-3024.00,1.A.1.g.1,Selective Attention,LV,3.25,8,0.1637,2.9292,3.5708,N,N,08/2022,Analyst
17-3024.00,1.A.1.g.2,Time Sharing,IM,3.0,8,0.0,3.0,3.0,N,,08/2022,Analyst
17-3024.00,1.A.1.g.2,Time Sharing,LV,2.88,8,0.125,2.63,3.12,N,N,08/2022,Analyst
17-3024.00,1.A.2.a.1,Arm-Hand Steadiness,IM,3.75,8,0.1637,3.4292,4.0708,N,,08/2022,Analyst
17-3024.00,1.A.2.a.1,Arm-Hand Steadiness,LV,3.88,8,0.125,3.63,4.12,N,N,08/2022,Analyst
17-3024.00,1.A.2.a.2,Manual Dexterity,IM,3.5,8,0.189,3.1296,3.8704,N,,08/2022,Analyst
17-3024.00,1.A.2.a.2,Manual Dexterity,LV,3.38,8,0.183,3.0164,3.7336,N,N,08/2022,Analyst
17-3024.00,1.A.2.a.3,Finger Dexterity,IM,3.75,8,0.1637,3.4292,4.0708,N,,08/2022,Analyst
17-3024.00,1.A.2.a.3,Finger Dexterity,LV,3.88,8,0.125,3.63,4.12,N,N,08/2022,Analyst
17-3024.00,1.A.2.b.1,Control Precision,IM,4.0,8,0.0,4.0,4.0,N,,08/2022,Analyst
17-3024.00,1.A.2.b.1,Control Precision,LV,4.12,8,0.125,3.88,4.37,N,N,08/2022,Analyst
17-3024.00,1.A.2.b.2,Multilimb Coordination,IM,3.0,8,0.0,3.0,3.0,N,,08/2022,Analyst
17-3024.00,1.A.2.b.2,Multilimb Coordination,LV,3.12,8,0.125,2.88,3.37,N,N,08/2022,Analyst
17-3024.00,1.A.2.b.3,Response Orientation,IM,2.5,8,0.189,2.1296,2.8704,N,,08/2022,Analyst
17-3024.00,1.A.2.b.3,Response Orientation,LV,2.5,8,0.2673,1.9762,3.0238,N,N,08/2022,Analyst
17-3024.00,1.A.2.b.4,Rate Control,IM,2.62,8,0.183,2.2664,2.9836,N,,08/2022,Analyst
17-3024.00,1.A.2.b.4,Rate Control,LV,2.25,8,0.1637,1.9292,2.5708,N,N,08/2022,Analyst
17-3024.00,1.A.2.c.1,Reaction Time,IM,3.0,8,0.0,3.0,3.0,N,,08/2022,Analyst
17-3024.00,1.A.2.c.1,Reaction Time,LV,3.62,8,0.183,3.2664,3.9836,N,N,08/2022,Analyst
17-3024.00,1.A.2.c.2,Wrist-Finger Speed,IM,2.12,8,0.125,1.88,2.37,N,,08/2022,Analyst
17-3024.00,1.A.2.c.2,Wrist-Finger Speed,LV,2.0,8,0.0,2.0,2.0,N,N,08/2022,Analyst
17-3024.00,1.A.2.c.3,Speed of Limb Movement,IM,1.75,8,0.1637,1.4292,2.0708,N,,08/2022,Analyst
17-3024.00,1.A.2.c.3,Speed of Limb Movement,LV,1.25,8,0.3134,0.6358,1.8642,N,N,08/2022,Analyst
17-3024.00,1.A.3.a.1,Static Strength,IM,2.5,8,0.189,2.1296,2.8704,N,,08/2022,Analyst
17-3024.00,1.A.3.a.1,Static Strength,LV,2.75,8,0.1637,2.4292,3.0708,N,N,08/2022,Analyst
17-3024.00,1.A.3.a.2,Explosive Strength,IM,1.62,8,0.183,1.2664,1.9836,N,,08/2022,Analyst
17-3024.00,1.A.3.a.2,Explosive Strength,LV,0.88,8,0.295,0.2967,1.4533,N,N,08/2022,Analyst
17-3024.00,1.A.3.a.3,Dynamic Strength,IM,1.88,8,0.125,1.63,2.12,N,,08/2022,Analyst
17-3024.00,1.A.3.a.3,Dynamic Strength,LV,1.12,8,0.2266,0.6809,1.5691,N,N,08/2022,Analyst
17-3024.00,1.A.3.a.4,Trunk Strength,IM,2.62,8,0.183,2.2664,2.9836,N,,08/2022,Analyst
17-3024.00,1.A.3.a.4,Trunk Strength,LV,2.62,8,0.183,2.2664,2.9836,N,N,08/2022,Analyst
17-3024.00,1.A.3.b.1,Stamina,IM,1.88,8,0.125,1.63,2.12,N,,08/2022,Analyst
17-3024.00,1.A.3.b.1,Stamina,LV,1.62,8,0.2631,1.1094,2.1406,N,N,08/2022,Analyst
17-3024.00,1.A.3.c.1,Extent Flexibility,IM,2.12,8,0.2266,1.6809,2.5691,N,,08/2022,Analyst
17-3024.00,1.A.3.c.1,Extent Flexibility,LV,1.75,8,0.3134,1.1358,2.3642,N,N,08/2022,Analyst
17-3024.00,1.A.3.c.2,Dynamic Flexibility,IM,1.0,8,0.0,1.0,1.0,N,,08/2022,Analyst
17-3024.00,1.A.3.c.2,Dynamic Flexibility,LV,0.0,8,0.0,0.0,0.0,N,Y,08/2022,Analyst
17-3024.00,1.A.3.c.3,Gross Body Coordination,IM,2.0,8,0.0,2.0,2.0,N,,08/2022,Analyst
17-3024.00,1.A.3.c.3,Gross Body Coordination,LV,2.0,8,0.0,2.0,2.0,N,N,08/2022,Analyst
17-3024.00,1.A.3.c.4,Gross Body Equilibrium,IM,1.88,8,0.125,1.63,2.12,N,,08/2022,Analyst
17-3024.00,1.A.3.c.4,Gross Body Equilibrium,LV,1.12,8,0.2266,0.6809,1.5691,N,N,08/2022,Analyst
17-3024.00,1.A.4.a.1,Near Vision,IM,3.88,8,0.125,3.63,4.12,N,,08/2022,Analyst
17-3024.00,1.A.4.a.1,Near Vision,LV,4.0,8,0.0,4.0,4.0,N,N,08/2022,Analyst
17-3024.00,1.A.4.a.2,Far Vision,IM,3.5,8,0.189,3.1296,3.8704,N,,08/2022,Analyst
17-3024.00,1.A.4.a.2,Far Vision,LV,3.5,8,0.189,3.1296,3.8704,N,N,08/2022,Analyst
17-3024.00,1.A.4.a.3,Visual Color Discrimination,IM,3.38,8,0.2631,2.8594,3.8906,N,,08/2022,Analyst
17-3024.00,1.A.4.a.3,Visual Color Discrimination,LV,3.62,8,0.2631,3.1094,4.1406,N,N,08/2022,Analyst
17-3024.00,1.A.4.a.4,Night Vision,IM,1.62,8,0.183,1.2664,1.9836,N,,08/2022,Analyst
17-3024.00,1.A.4.a.4,Night Vision,LV,0.75,8,0.25,0.26,1.24,N,N,08/2022,Analyst
17-3024.00,1.A.4.a.5,Peripheral Vision,IM,1.88,8,0.125,1.63,2.12,N,,08/2022,Analyst
17-3024.00,1.A.4.a.5,Peripheral Vision,LV,1.12,8,0.2266,0.6809,1.5691,N,N,08/2022,Analyst
17-3024.00,1.A.4.a.6,Depth Perception,IM,2.62,8,0.183,2.2664,2.9836,N,,08/2022,Analyst
17-3024.00,1.A.4.a.6,Depth Perception,LV,2.62,8,0.183,2.2664,2.9836,N,N,08/2022,Analyst
17-3024.00,1.A.4.a.7,Glare Sensitivity,IM,1.88,8,0.125,1.63,2.12,N,,08/2022,Analyst
17-3024.00,1.A.4.a.7,Glare Sensitivity,LV,1.75,8,0.25,1.26,2.24,N,N,08/2022,Analyst
17-3024.00,1.A.4.b.1,Hearing Sensitivity,IM,3.12,8,0.125,2.88,3.37,N,,08/2022,Analyst
17-3024.00,1.A.4.b.1,Hearing Sensitivity,LV,3.12,8,0.125,2.88,3.37,N,N,08/2022,Analyst
17-3024.00,1.A.4.b.2,Auditory Attention,IM,3.12,8,0.125,2.88,3.37,N,,08/2022,Analyst
17-3024.00,1.A.4.b.2,Auditory Attention,LV,3.25,8,0.1637,2.9292,3.5708,N,N,08/2022,Analyst
17-3024.00,1.A.4.b.3,Sound Localization,IM,2.0,8,0.189,1.6296,2.3704,N,,08/2022,Analyst
17-3024.00,1.A.4.b.3,Sound Localization,LV,1.25,8,0.25,0.76,1.74,N,N,08/2022,Analyst
17-3024.00,1.A.4.b.4,Speech Recognition,IM,3.0,8,0.0,3.0,3.0,N,,08/2022,Analyst
17-3024.00,1.A.4.b.4,Speech Recognition,LV,3.0,8,0.0,3.0,3.0,N,N,08/2022,Analyst
17-3024.00,1.A.4.b.5,Speech Clarity,IM,3.0,8,0.0,3.0,3.0,N,,08/2022,Analyst
17-3024.00,1.A.4.b.5,Speech Clarity,LV,3.0,8,0.0,3.0,3.0,N,N,08/2022,Analyst
17-3024.01,1.A.1.a.1,Oral Comprehension,IM,4.0,8,0.0,4.0,4.0,N,,08/2018,Analyst
17-3024.01,1.A.1.a.1,Oral Comprehension,LV,4.0,8,0.0,4.0,4.0,N,N,08/2018,Analyst
17-3024.01,1.A.1.a.2,Written Comprehension,IM,4.0,8,0.0,4.0,4.0,N,,08/2018,Analyst
17-3024.01,1.A.1.a.2,Written Comprehension,LV,4.25,8,0.1637,3.9292,4.5708,N,N,08/2018,Analyst
17-3024.01,1.A.1.a.3,Oral Expression,IM,3.88,8,0.125,3.63,4.12,N,,08/2018,Analyst
17-3024.01,1.A.1.a.3,Oral Expression,LV,4.0,8,0.0,4.0,4.0,N,N,08/2018,Analyst
17-3024.01,1.A.1.a.4,Written Expression,IM,3.12,8,0.125,2.88,3.37,N,,08/2018,Analyst
17-3024.01,1.A.1.a.4,Written Expression,LV,3.88,8,0.125,3.63,4.12,N,N,08/2018,Analyst
17-3024.01,1.A.1.b.1,Fluency of Ideas,IM,3.12,8,0.125,2.88,3.37,N,,08/2018,Analyst
17-3024.01,1.A.1.b.1,Fluency of Ideas,LV,3.12,8,0.125,2.88,3.37,N,N,08/2018,Analyst
17-3024.01,1.A.1.b.2,Originality,IM,3.0,8,0.0,3.0,3.0,N,,08/2018,Analyst
17-3024.01,1.A.1.b.2,Originality,LV,3.25,8,0.1637,2.9292,3.5708,N,N,08/2018,Analyst
17-3024.01,1.A.1.b.3,Problem Sensitivity,IM,3.88,8,0.125,3.63,4.12,N,,08/2018,Analyst
17-3024.01,1.A.1.b.3,Problem Sensitivity,LV,4.0,8,0.189,3.6296,4.3704,N,N,08/2018,Analyst
17-3024.01,1.A.1.b.4,Deductive Reasoning,IM,4.12,8,0.125,3.88,4.37,N,,08/2018,Analyst
17-3024.01,1.A.1.b.4,Deductive Reasoning,LV,4.12,8,0.125,3.88,4.37,N,N,08/2018,Analyst
17-3024.01,1.A.1.b.5,Inductive Reasoning,IM,4.0,8,0.0,4.0,4.0,N,,08/2018,Analyst
17-3024.01,1.A.1.b.5,Inductive Reasoning,LV,4.0,8,0.0,4.0,4.0,N,N,08/2018,Analyst
17-3024.01,1.A.1.b.6,Information Ordering,IM,3.88,8,0.125,3.63,4.12,N,,08/2018,Analyst
17-3024.01,1.A.1.b.6,Information Ordering,LV,4.0,8,0.0,4.0,4.0,N,N,08/2018,Analyst
17-3024.01,1.A.1.b.7,Category Flexibility,IM,3.12,8,0.125,2.88,3.37,N,,08/2018,Analyst
17-3024.01,1.A.1.b.7,Category Flexibility,LV,3.62,8,0.183,3.2664,3.9836,N,N,08/2018,Analyst
17-3024.01,1.A.1.c.1,Mathematical Reasoning,IM,3.0,8,0.0,3.0,3.0,N,,08/2018,Analyst
17-3024.01,1.A.1.c.1,Mathematical Reasoning,LV,3.0,8,0.0,3.0,3.0,N,N,08/2018,Analyst
17-3024.01,1.A.1.c.2,Number Facility,IM,2.75,8,0.1637,2.4292,3.0708,N,,08/2018,Analyst
17-3024.01,1.A.1.c.2,Number Facility,LV,3.0,8,0.0,3.0,3.0,N,N,08/2018,Analyst
17-3024.01,1.A.1.d.1,Memorization,IM,3.0,8,0.0,3.0,3.0,N,,08/2018,Analyst
17-3024.01,1.A.1.d.1,Memorization,LV,3.12,8,0.125,2.88,3.37,N,N,08/2018,Analyst
17-3024.01,1.A.1.e.1,Speed of Closure,IM,3.0,8,0.0,3.0,3.0,N,,08/2018,Analyst
17-3024.01,1.A.1.e.1,Speed of Closure,LV,3.12,8,0.125,2.88,3.37,N,N,08/2018,Analyst
17-3024.01,1.A.1.e.2,Flexibility of Closure,IM,3.25,8,0.1637,2.9292,3.5708,N,,08/2018,Analyst
17-3024.01,1.A.1.e.2,Flexibility of Closure,LV,3.38,8,0.183,3.0164,3.7336,N,N,08/2018,Analyst
17-3024.01,1.A.1.e.3,Perceptual Speed,IM,3.25,8,0.1637,2.9292,3.5708,N,,08/2018,Analyst
17-3024.01,1.A.1.e.3,Perceptual Speed,LV,3.25,8,0.1637,2.9292,3.5708,N,N,08/2018,Analyst
17-3024.01,1.A.1.f.1,Spatial Orientation,IM,2.0,8,0.0,2.0,2.0,N,,08/2018,Analyst
17-3024.01,1.A.1.f.1,Spatial Orientation,LV,1.75,8,0.1637,1.4292,2.0708,N,N,08/2018,Analyst
17-3024.01,1.A.1.f.2,Visualization,IM,3.75,8,0.1637,3.4292,4.0708,N,,08/2018,Analyst
17-3024.01,1.A.1.f.2,Visualization,LV,3.88,8,0.125,3.63,4.12,N,N,08/2018,Analyst
17-3024.01,1.A.1.g.1,Selective Attention,IM,3.62,8,0.183,3.2664,3.9836,N,,08/2018,Analyst
17-3024.01,1.A.1.g.1,Selective Attention,LV,3.25,8,0.1637,2.9292,3.5708,N,N,08/2018,Analyst
17-3024.01,1.A.1.g.2,Time Sharing,IM,2.75,8,0.1637,2.4292,3.0708,N,,08/2018,Analyst
17-3024.01,1.A.1.g.2,Time Sharing,LV,2.75,8,0.1637,2.4292,3.0708,N,N,08/2018,Analyst
17-3024.01,1.A.2.a.1,Arm-Hand Steadiness,IM,3.5,8,0.189,3.1296,3.8704,N,,08/2018,Analyst
17-3024.01,1.A.2.a.1,Arm-Hand Steadiness,LV,3.88,8,0.125,3.63,4.12,N,N,08/2018,Analyst
17-3024.01,1.A.2.a.2,Manual Dexterity,IM,3.75,8,0.1637,3.4292,4.0708,N,,08/2018,Analyst
17-3024.01,1.A.2.a.2,Manual Dexterity,LV,3.88,8,0.2266,3.4309,4.3191,N,N,08/2018,Analyst
17-3024.01,1.A.2.a.3,Finger Dexterity,IM,3.88,8,0.125,3.63,4.12,N,,08/2018,Analyst
17-3024.01,1.A.2.a.3,Finger Dexterity,LV,4.12,8,0.125,3.88,4.37,N,N,08/2018,Analyst
17-3024.01,1.A.2.b.1,Control Precision,IM,3.62,8,0.183,3.2664,3.9836,N,,08/2018,Analyst
17-3024.01,1.A.2.b.1,Control Precision,LV,4.0,8,0.189,3.6296,4.3704,N,N,08/2018,Analyst
17-3024.01,1.A.2.b.2,Multilimb Coordination,IM,2.75,8,0.1637,2.4292,3.0708,N,,08/2018,Analyst
17-3024.01,1.A.2.b.2,Multilimb Coordination,LV,2.88,8,0.125,2.63,3.12,N,N,08/2018,Analyst
17-3024.01,1.A.2.b.3,Response Orientation,IM,2.38,8,0.183,2.0164,2.7336,N,,08/2018,Analyst
17-3024.01,1.A.2.b.3,Response Orientation,LV,2.62,8,0.183,2.2664,2.9836,N,N,08/2018,Analyst
17-3024.01,1.A.2.b.4,Rate Control,IM,2.62,8,0.183,2.2664,2.9836,N,,08/2018,Analyst
17-3024.01,1.A.2.b.4,Rate Control,LV,2.75,8,0.1637,2.4292,3.0708,N,N,08/2018,Analyst
17-3024.01,1.A.2.c.1,Reaction Time,IM,3.0,8,0.0,3.0,3.0,N,,08/2018,Analyst
17-3024.01,1.A.2.c.1,Reaction Time,LV,3.0,8,0.0,3.0,3.0,N,N,08/2018,Analyst
17-3024.01,1.A.2.c.2,Wrist-Finger Speed,IM,2.38,8,0.183,2.0164,2.7336,N,,08/2018,Analyst
17-3024.01,1.A.2.c.2,Wrist-Finger Speed,LV,2.5,8,0.189,2.1296,2.8704,N,N,08/2018,Analyst
17-3024.01,1.A.2.c.3,Speed of Limb Movement,IM,1.88,8,0.125,1.63,2.12,N,,08/2018,Analyst
17-3024.01,1.A.2.c.3,Speed of Limb Movement,LV,1.62,8,0.2631,1.1094,2.1406,N,N,08/2018,Analyst
17-3024.01,1.A.3.a.1,Static Strength,IM,2.5,8,0.189,2.1296,2.8704,N,,08/2018,Analyst
17-3024.01,1.A.3.a.1,Static Strength,LV,2.62,8,0.183,2.2664,2.9836,N,N,08/2018,Analyst
17-3024.01,1.A.3.a.2,Explosive Strength,IM,1.75,8,0.1637,1.4292,2.0708,N,,08/2018,Analyst
17-3024.01,1.A.3.a.2,Explosive Strength,LV,0.88,8,0.2266,0.4309,1.3191,N,N,08/2018,Analyst
17-3024.01,1.A.3.a.3,Dynamic Strength,IM,2.12,8,0.125,1.88,2.37,N,,08/2018,Analyst
17-3024.01,1.A.3.a.3,Dynamic Strength,LV,1.88,8,0.2266,1.4309,2.3191,N,N,08/2018,Analyst
17-3024.01,1.A.3.a.4,Trunk Strength,IM,2.25,8,0.1637,1.9292,2.5708,N,,08/2018,Analyst
17-3024.01,1.A.3.a.4,Trunk Strength,LV,2.38,8,0.183,2.0164,2.7336,N,N,08/2018,Analyst
17-3024.01,1.A.3.b.1,Stamina,IM,2.25,8,0.1637,1.9292,2.5708,N,,08/2018,Analyst
17-3024.01,1.A.3.b.1,Stamina,LV,1.88,8,0.2266,1.4309,2.3191,N,N,08/2018,Analyst
17-3024.01,1.A.3.c.1,Extent Flexibility,IM,2.25,8,0.1637,1.9292,2.5708,N,,08/2018,Analyst
17-3024.01,1.A.3.c.1,Extent Flexibility,LV,2.38,8,0.2631,1.8594,2.8906,N,N,08/2018,Analyst
17-3024.01,1.A.3.c.2,Dynamic Flexibility,IM,1.12,8,0.125,1.0,1.37,N,,08/2018,Analyst
17-3024.01,1.A.3.c.2,Dynamic Flexibility,LV,0.25,8,0.25,0.0,0.74,N,Y,08/2018,Analyst
17-3024.01,1.A.3.c.3,Gross Body Coordination,IM,2.12,8,0.2266,1.6809,2.5691,N,,08/2018,Analyst
17-3024.01,1.A.3.c.3,Gross Body Coordination,LV,1.88,8,0.295,1.2967,2.4533,N,N,08/2018,Analyst
17-3024.01,1.A.3.c.4,Gross Body Equilibrium,IM,1.88,8,0.125,1.63,2.12,N,,08/2018,Analyst
17-3024.01,1.A.3.c.4,Gross Body Equilibrium,LV,1.75,8,0.25,1.26,2.24,N,N,08/2018,Analyst
17-3024.01,1.A.4.a.1,Near Vision,IM,4.0,8,0.0,4.0,4.0,N,,08/2018,Analyst
17-3024.01,1.A.4.a.1,Near Vision,LV,4.12,8,0.125,3.88,4.37,N,N,08/2018,Analyst
17-3024.01,1.A.4.a.2,Far Vision,IM,3.0,8,0.0,3.0,3.0,N,,08/2018,Analyst
17-3024.01,1.A.4.a.2,Far Vision,LV,3.0,8,0.0,3.0,3.0,N,N,08/2018,Analyst
17-3024.01,1.A.4.a.3,Visual Color Discrimination,IM,3.5,8,0.189,3.1296,3.8704,N,,08/2018,Analyst
17-3024.01,1.A.4.a.3,Visual Color Discrimination,LV,3.62,8,0.183,3.2664,3.9836,N,N,08/2018,Analyst
17-3024.01,1.A.4.a.4,Night Vision,IM,1.75,8,0.1637,1.4292,2.0708,N,,08/2018,Analyst
17-3024.01,1.A.4.a.4,Night Vision,LV,1.38,8,0.3239,0.7402,2.0098,N,N,08/2018,Analyst
17-3024.01,1.A.4.a.5,Peripheral Vision,IM,1.88,8,0.125,1.63,2.12,N,,08/2018,Analyst
17-3024.01,1.A.4.a.5,Peripheral Vision,LV,1.62,8,0.2631,1.1094,2.1406,N,N,08/2018,Analyst
17-3024.01,1.A.4.a.6,Depth Perception,IM,2.75,8,0.1637,2.4292,3.0708,N,,08/2018,Analyst
17-3024.01,1.A.4.a.6,Depth Perception,LV,2.88,8,0.125,2.63,3.12,N,N,08/2018,Analyst
17-3024.01,1.A.4.a.7,Glare Sensitivity,IM,2.0,8,0.0,2.0,2.0,N,,08/2018,Analyst
17-3024.01,1.A.4.a.7,Glare Sensitivity,LV,1.88,8,0.125,1.63,2.12,N,N,08/2018,Analyst
17-3024.01,1.A.4.b.1,Hearing Sensitivity,IM,2.38,8,0.183,2.0164,2.7336,N,,08/2018,Analyst
17-3024.01,1.A.4.b.1,Hearing Sensitivity,LV,2.5,8,0.189,2.1296,2.8704,N,N,08/2018,Analyst
17-3024.01,1.A.4.b.2,Auditory Attention,IM,2.5,8,0.189,2.1296,2.8704,N,,08/2018,Analyst
17-3024.01,1.A.4.b.2,Auditory Attention,LV,2.62,8,0.183,2.2664,2.9836,N,N,08/2018,Analyst
17-3024.01,1.A.4.b.3,Sound Localization,IM,2.0,8,0.0,2.0,2.0,N,,08/2018,Analyst
17-3024.01,1.A.4.b.3,Sound Localization,LV,1.88,8,0.125,1.63,2.12,N,N,08/2018,Analyst
17-3024.01,1.A.4.b.4,Speech Recognition,IM,3.12,8,0.125,2.88,3.37,N,,08/2018,Analyst
17-3024.01,1.A.4.b.4,Speech Recognition,LV,3.38,8,0.183,3.0164,3.7336,N,N,08/2018,Analyst
17-3024.01,1.A.4.b.5,Speech Clarity,IM,3.62,8,0.183,3.2664,3.9836,N,,08/2018,Analyst
17-3024.01,1.A.4.b.5,Speech Clarity,LV,3.12,8,0.125,2.88,3.37,N,N,08/2018,Analyst
17-3025.00,1.A.1.a.1,Oral Comprehension,IM,3.88,8,0.125,3.63,4.12,N,,07/2014,Analyst
17-3025.00,1.A.1.a.1,Oral Comprehension,LV,4.5,8,0.189,4.1296,4.8704,N,N,07/2014,Analyst
17-3025.00,1.A.1.a.2,Written Comprehension,IM,4.0,8,0.0,4.0,4.0,N,,07/2014,Analyst
17-3025.00,1.A.1.a.2,Written Comprehension,LV,4.75,8,0.1637,4.4292,5.0708,N,N,07/2014,Analyst
17-3025.00,1.A.1.a.3,Oral Expression,IM,3.88,8,0.125,3.63,4.12,N,,07/2014,Analyst
17-3025.00,1.A.1.a.3,Oral Expression,LV,4.0,8,0.0,4.0,4.0,N,N,07/2014,Analyst
17-3025.00,1.A.1.a.4,Written Expression,IM,3.12,8,0.125,2.88,3.37,N,,07/2014,Analyst
17-3025.00,1.A.1.a.4,Written Expression,LV,4.0,8,0.0,4.0,4.0,N,N,07/2014,Analyst
17-3025.00,1.A.1.b.1,Fluency of Ideas,IM,3.0,8,0.0,3.0,3.0,N,,07/2014,Analyst
17-3025.00,1.A.1.b.1,Fluency of Ideas,LV,3.12,8,0.125,2.88,3.37,N,N,07/2014,Analyst
17-3025.00,1.A.1.b.2,Originality,IM,3.0,8,0.0,3.0,3.0,N,,07/2014,Analyst
17-3025.00,1.A.1.b.2,Originality,LV,3.0,8,0.0,3.0,3.0,N,N,07/2014,Analyst
17-3025.00,1.A.1.b.3,Problem Sensitivity,IM,3.88,8,0.125,3.63,4.12,N,,07/2014,Analyst
17-3025.00,1.A.1.b.3,Problem Sensitivity,LV,4.12,8,0.125,3.88,4.37,N,N,07/2014,Analyst
17-3025.00,1.A.1.b.4,Deductive Reasoning,IM,4.0,8,0.0,4.0,4.0,N,,07/2014,Analyst
17-3025.00,1.A.1.b.4,Deductive Reasoning,LV,3.88,8,0.125,3.63,4.12,N,N,07/2014,Analyst
17-3025.00,1.A.1.b.5,Inductive Reasoning,IM,4.0,8,0.0,4.0,4.0,N,,07/2014,Analyst
17-3025.00,1.A.1.b.5,Inductive Reasoning,LV,4.0,8,0.0,4.0,4.0,N,N,07/2014,Analyst
17-3025.00,1.A.1.b.6,Information Ordering,IM,3.88,8,0.125,3.63,4.12,N,,07/2014,Analyst
17-3025.00,1.A.1.b.6,Information Ordering,LV,4.0,8,0.0,4.0,4.0,N,N,07/2014,Analyst
17-3025.00,1.A.1.b.7,Category Flexibility,IM,3.62,8,0.183,3.2664,3.9836,N,,07/2014,Analyst
17-3025.00,1.A.1.b.7,Category Flexibility,LV,4.0,8,0.0,4.0,4.0,N,N,07/2014,Analyst
17-3025.00,1.A.1.c.1,Mathematical Reasoning,IM,3.0,8,0.0,3.0,3.0,N,,07/2014,Analyst
17-3025.00,1.A.1.c.1,Mathematical Reasoning,LV,3.5,8,0.189,3.1296,3.8704,N,N,07/2014,Analyst
17-3025.00,1.A.1.c.2,Number Facility,IM,3.0,8,0.0,3.0,3.0,N,,07/2014,Analyst
17-3025.00,1.A.1.c.2,Number Facility,LV,3.5,8,0.189,3.1296,3.8704,N,N,07/2014,Analyst
17-3025.00,1.A.1.d.1,Memorization,IM,2.75,8,0.1637,2.4292,3.0708,N,,07/2014,Analyst
17-3025.00,1.A.1.d.1,Memorization,LV,2.88,8,0.125,2.63,3.12,N,N,07/2014,Analyst
17-3025.00,1.A.1.e.1,Speed of Closure,IM,2.75,8,0.1637,2.4292,3.0708,N,,07/2014,Analyst
17-3025.00,1.A.1.e.1,Speed of Closure,LV,2.88,8,0.2266,2.4309,3.3191,N,N,07/2014,Analyst
17-3025.00,1.A.1.e.2,Flexibility of Closure,IM,3.0,8,0.0,3.0,3.0,N,,07/2014,Analyst
17-3025.00,1.A.1.e.2,Flexibility of Closure,LV,3.12,8,0.125,2.88,3.37,N,N,07/2014,Analyst
17-3025.00,1.A.1.e.3,Perceptual Speed,IM,3.0,8,0.0,3.0,3.0,N,,07/2014,Analyst
17-3025.00,1.A.1.e.3,Perceptual Speed,LV,3.0,8,0.0,3.0,3.0,N,N,07/2014,Analyst
17-3025.00,1.A.1.f.1,Spatial Orientation,IM,2.0,8,0.0,2.0,2.0,N,,07/2014,Analyst
17-3025.00,1.A.1.f.1,Spatial Orientation,LV,1.88,8,0.2266,1.4309,2.3191,N,N,07/2014,Analyst
17-3025.00,1.A.1.f.2,Visualization,IM,2.88,8,0.125,2.63,3.12,N,,07/2014,Analyst
17-3025.00,1.A.1.f.2,Visualization,LV,3.25,8,0.1637,2.9292,3.5708,N,N,07/2014,Analyst
17-3025.00,1.A.1.g.1,Selective Attention,IM,3.12,8,0.125,2.88,3.37,N,,07/2014,Analyst
17-3025.00,1.A.1.g.1,Selective Attention,LV,3.12,8,0.125,2.88,3.37,N,N,07/2014,Analyst
17-3025.00,1.A.1.g.2,Time Sharing,IM,2.88,8,0.125,2.63,3.12,N,,07/2014,Analyst
17-3025.00,1.A.1.g.2,Time Sharing,LV,2.88,8,0.125,2.63,3.12,N,N,07/2014,Analyst
17-3025.00,1.A.2.a.1,Arm-Hand Steadiness,IM,3.0,8,0.0,3.0,3.0,N,,07/2014,Analyst
17-3025.00,1.A.2.a.1,Arm-Hand Steadiness,LV,3.0,8,0.0,3.0,3.0,N,N,07/2014,Analyst
17-3025.00,1.A.2.a.2,Manual Dexterity,IM,2.88,8,0.125,2.63,3.12,N,,07/2014,Analyst
17-3025.00,1.A.2.a.2,Manual Dexterity,LV,2.75,8,0.1637,2.4292,3.0708,N,N,07/2014,Analyst
17-3025.00,1.A.2.a.3,Finger Dexterity,IM,3.0,8,0.0,3.0,3.0,N,,07/2014,Analyst
17-3025.00,1.A.2.a.3,Finger Dexterity,LV,2.88,8,0.125,2.63,3.12,N,N,07/2014,Analyst
17-3025.00,1.A.2.b.1,Control Precision,IM,3.0,8,0.0,3.0,3.0,N,,07/2014,Analyst
17-3025.00,1.A.2.b.1,Control Precision,LV,3.0,8,0.0,3.0,3.0,N,N,07/2014,Analyst
17-3025.00,1.A.2.b.2,Multilimb Coordination,IM,2.75,8,0.1637,2.4292,3.0708,N,,07/2014,Analyst
17-3025.00,1.A.2.b.2,Multilimb Coordination,LV,2.62,8,0.183,2.2664,2.9836,N,N,07/2014,Analyst
17-3025.00,1.A.2.b.3,Response Orientation,IM,2.0,8,0.0,2.0,2.0,N,,07/2014,Analyst
17-3025.00,1.A.2.b.3,Response Orientation,LV,2.0,8,0.0,2.0,2.0,N,N,07/2014,Analyst
17-3025.00,1.A.2.b.4,Rate Control,IM,2.0,8,0.0,2.0,2.0,N,,07/2014,Analyst
17-3025.00,1.A.2.b.4,Rate Control,LV,1.88,8,0.125,1.63,2.12,N,N,07/2014,Analyst
17-3025.00,1.A.2.c.1,Reaction Time,IM,2.25,8,0.1637,1.9292,2.5708,N,,07/2014,Analyst
17-3025.00,1.A.2.c.1,Reaction Time,LV,2.75,8,0.1637,2.4292,3.0708,N,N,07/2014,Analyst
17-3025.00,1.A.2.c.2,Wrist-Finger Speed,IM,2.0,8,0.0,2.0,2.0,N,,07/2014,Analyst
17-3025.00,1.A.2.c.2,Wrist-Finger Speed,LV,1.88,8,0.125,1.63,2.12,N,N,07/2014,Analyst
17-3025.00,1.A.2.c.3,Speed of Limb Movement,IM,2.0,8,0.0,2.0,2.0,N,,07/2014,Analyst
17-3025.00,1.A.2.c.3,Speed of Limb Movement,LV,1.12,8,0.125,0.88,1.37,N,N,07/2014,Analyst
17-3025.00,1.A.3.a.1,Static Strength,IM,2.25,8,0.1637,1.9292,2.5708,N,,07/2014,Analyst
17-3025.00,1.A.3.a.1,Static Strength,LV,2.25,8,0.1637,1.9292,2.5708,N,N,07/2014,Analyst
17-3025.00,1.A.3.a.2,Explosive Strength,IM,1.38,8,0.183,1.0164,1.7336,N,,07/2014,Analyst
17-3025.00,1.A.3.a.2,Explosive Strength,LV,0.5,8,0.2673,0.0,1.0238,N,N,07/2014,Analyst
17-3025.00,1.A.3.a.3,Dynamic Strength,IM,2.0,8,0.0,2.0,2.0,N,,07/2014,Analyst
17-3025.00,1.A.3.a.3,Dynamic Strength,LV,1.88,8,0.125,1.63,2.12,N,N,07/2014,Analyst
17-3025.00,1.A.3.a.4,Trunk Strength,IM,2.25,8,0.1637,1.9292,2.5708,N,,07/2014,Analyst
17-3025.00,1.A.3.a.4,Trunk Strength,LV,2.12,8,0.125,1.88,2.37,N,N,07/2014,Analyst
17-3025.00,1.A.3.b.1,Stamina,IM,2.12,8,0.125,1.88,2.37,N,,07/2014,Analyst
17-3025.00,1.A.3.b.1,Stamina,LV,1.88,8,0.2266,1.4309,2.3191,N,N,07/2014,Analyst
17-3025.00,1.A.3.c.1,Extent Flexibility,IM,2.0,8,0.0,2.0,2.0,N,,07/2014,Analyst
17-3025.00,1.A.3.c.1,Extent Flexibility,LV,2.12,8,0.125,1.88,2.37,N,N,07/2014,Analyst
17-3025.00,1.A.3.c.2,Dynamic Flexibility,IM,1.0,8,0.0,1.0,1.0,N,,07/2014,Analyst
17-3025.00,1.A.3.c.2,Dynamic Flexibility,LV,0.0,8,0.0,0.0,0.0,N,Y,07/2014,Analyst
17-3025.00,1.A.3.c.3,Gross Body Coordination,IM,2.0,8,0.0,2.0,2.0,N,,07/2014,Analyst
17-3025.00,1.A.3.c.3,Gross Body Coordination,LV,1.75,8,0.1637,1.4292,2.0708,N,N,07/2014,Analyst
17-3025.00,1.A.3.c.4,Gross Body Equilibrium,IM,2.0,8,0.0,2.0,2.0,N,,07/2014,Analyst
17-3025.00,1.A.3.c.4,Gross Body Equilibrium,LV,1.75,8,0.1637,1.4292,2.0708,N,N,07/2014,Analyst
17-3025.00,1.A.4.a.1,Near Vision,IM,3.75,8,0.1637,3.4292,4.0708,N,,07/2014,Analyst
17-3025.00,1.A.4.a.1,Near Vision,LV,4.0,8,0.189,3.6296,4.3704,N,N,07/2014,Analyst
17-3025.00,1.A.4.a.2,Far Vision,IM,3.0,8,0.0,3.0,3.0,N,,07/2014,Analyst
17-3025.00,1.A.4.a.2,Far Vision,LV,3.12,8,0.125,2.88,3.37,N,N,07/2014,Analyst
17-3025.00,1.A.4.a.3,Visual Color Discrimination,IM,2.88,8,0.125,2.63,3.12,N,,07/2014,Analyst
17-3025.00,1.A.4.a.3,Visual Color Discrimination,LV,3.12,8,0.125,2.88,3.37,N,N,07/2014,Analyst
17-3025.00,1.A.4.a.4,Night Vision,IM,2.0,8,0.0,2.0,2.0,N,,07/2014,Analyst
17-3025.00,1.A.4.a.4,Night Vision,LV,1.12,8,0.125,0.88,1.37,N,N,07/2014,Analyst
17-3025.00,1.A.4.a.5,Peripheral Vision,IM,2.12,8,0.125,1.88,2.37,N,,07/2014,Analyst
17-3025.00,1.A.4.a.5,Peripheral Vision,LV,1.25,8,0.1637,0.9292,1.5708,N,N,07/2014,Analyst
17-3025.00,1.A.4.a.6,Depth Perception,IM,2.75,8,0.1637,2.4292,3.0708,N,,07/2014,Analyst
17-3025.00,1.A.4.a.6,Depth Perception,LV,2.12,8,0.125,1.88,2.37,N,N,07/2014,Analyst
17-3025.00,1.A.4.a.7,Glare Sensitivity,IM,2.0,8,0.0,2.0,2.0,N,,07/2014,Analyst
17-3025.00,1.A.4.a.7,Glare Sensitivity,LV,1.75,8,0.1637,1.4292,2.0708,N,N,07/2014,Analyst
17-3025.00,1.A.4.b.1,Hearing Sensitivity,IM,2.25,8,0.1637,1.9292,2.5708,N,,07/2014,Analyst
17-3025.00,1.A.4.b.1,Hearing Sensitivity,LV,2.0,8,0.0,2.0,2.0,N,N,07/2014,Analyst
17-3025.00,1.A.4.b.2,Auditory Attention,IM,2.25,8,0.1637,1.9292,2.5708,N,,07/2014,Analyst
17-3025.00,1.A.4.b.2,Auditory Attention,LV,2.0,8,0.0,2.0,2.0,N,N,07/2014,Analyst
17-3025.00,1.A.4.b.3,Sound Localization,IM,2.0,8,0.0,2.0,2.0,N,,07/2014,Analyst
17-3025.00,1.A.4.b.3,Sound Localization,LV,1.25,8,0.1637,0.9292,1.5708,N,N,07/2014,Analyst
17-3025.00,1.A.4.b.4,Speech Recognition,IM,3.12,8,0.125,2.88,3.37,N,,07/2014,Analyst
17-3025.00,1.A.4.b.4,Speech Recognition,LV,3.38,8,0.183,3.0164,3.7336,N,N,07/2014,Analyst
17-3025.00,1.A.4.b.5,Speech Clarity,IM,3.75,8,0.1637,3.4292,4.0708,N,,07/2014,Analyst
17-3025.00,1.A.4.b.5,Speech Clarity,LV,3.12,8,0.125,2.88,3.37,N,N,07/2014,Analyst
17-3026.00,1.A.1.a.1,Oral Comprehension,IM,4.0,8,0.0,4.0,4.0,N,,07/2014,Analyst
17-3026.00,1.A.1.a.1,Oral Comprehension,LV,4.0,8,0.0,4.0,4.0,N,N,07/2014,Analyst
17-3026.00,1.A.1.a.2,Written Comprehension,IM,3.75,8,0.1637,3.4292,4.0708,N,,07/2014,Analyst
17-3026.00,1.A.1.a.2,Written Comprehension,LV,4.0,8,0.0,4.0,4.0,N,N,07/2014,Analyst
17-3026.00,1.A.1.a.3,Oral Expression,IM,3.5,8,0.189,3.1296,3.8704,N,,07/2014,Analyst
17-3026.00,1.A.1.a.3,Oral Expression,LV,4.0,8,0.0,4.0,4.0,N,N,07/2014,Analyst
17-3026.00,1.A.1.a.4,Written Expression,IM,3.25,8,0.1637,2.9292,3.5708,N,,07/2014,Analyst
17-3026.00,1.A.1.a.4,Written Expression,LV,3.88,8,0.125,3.63,4.12,N,N,07/2014,Analyst
17-3026.00,1.A.1.b.1,Fluency of Ideas,IM,3.25,8,0.1637,2.9292,3.5708,N,,07/2014,Analyst
17-3026.00,1.A.1.b.1,Fluency of Ideas,LV,3.75,8,0.1637,3.4292,4.0708,N,N,07/2014,Analyst
17-3026.00,1.A.1.b.2,Originality,IM,3.25,8,0.1637,2.9292,3.5708,N,,07/2014,Analyst
17-3026.00,1.A.1.b.2,Originality,LV,3.62,8,0.183,3.2664,3.9836,N,N,07/2014,Analyst
17-3026.00,1.A.1.b.3,Problem Sensitivity,IM,4.0,8,0.0,4.0,4.0,N,,07/2014,Analyst
17-3026.00,1.A.1.b.3,Problem Sensitivity,LV,3.88,8,0.125,3.63,4.12,N,N,07/2014,Analyst
17-3026.00,1.A.1.b.4,Deductive Reasoning,IM,4.0,8,0.0,4.0,4.0,N,,07/2014,Analyst
17-3026.00,1.A.1.b.4,Deductive Reasoning,LV,4.0,8,0.0,4.0,4.0,N,N,07/2014,Analyst
17-3026.00,1.A.1.b.5,Inductive Reasoning,IM,4.0,8,0.0,4.0,4.0,N,,07/2014,Analyst
17-3026.00,1.A.1.b.5,Inductive Reasoning,LV,4.0,8,0.0,4.0,4.0,N,N,07/2014,Analyst
17-3026.00,1.A.1.b.6,Information Ordering,IM,3.38,8,0.183,3.0164,3.7336,N,,07/2014,Analyst
17-3026.00,1.A.1.b.6,Information Ordering,LV,3.75,8,0.1637,3.4292,4.0708,N,N,07/2014,Analyst
17-3026.00,1.A.1.b.7,Category Flexibility,IM,3.38,8,0.183,3.0164,3.7336,N,,07/2014,Analyst
17-3026.00,1.A.1.b.7,Category Flexibility,LV,3.75,8,0.1637,3.4292,4.0708,N,N,07/2014,Analyst
17-3026.00,1.A.1.c.1,Mathematical Reasoning,IM,3.12,8,0.125,2.88,3.37,N,,07/2014,Analyst
17-3026.00,1.A.1.c.1,Mathematical Reasoning,LV,3.62,8,0.183,3.2664,3.9836,N,N,07/2014,Analyst
17-3026.00,1.A.1.c.2,Number Facility,IM,3.12,8,0.125,2.88,3.37,N,,07/2014,Analyst
17-3026.00,1.A.1.c.2,Number Facility,LV,3.38,8,0.183,3.0164,3.7336,N,N,07/2014,Analyst
17-3026.00,1.A.1.d.1,Memorization,IM,2.62,8,0.183,2.2664,2.9836,N,,07/2014,Analyst
17-3026.00,1.A.1.d.1,Memorization,LV,2.62,8,0.183,2.2664,2.9836,N,N,07/2014,Analyst
17-3026.00,1.A.1.e.1,Speed of Closure,IM,2.75,8,0.1637,2.4292,3.0708,N,,07/2014,Analyst
17-3026.00,1.A.1.e.1,Speed of Closure,LV,2.75,8,0.1637,2.4292,3.0708,N,N,07/2014,Analyst
17-3026.00,1.A.1.e.2,Flexibility of Closure,IM,3.0,8,0.189,2.6296,3.3704,N,,07/2014,Analyst
17-3026.00,1.A.1.e.2,Flexibility of Closure,LV,3.0,8,0.0,3.0,3.0,N,N,07/2014,Analyst
17-3026.00,1.A.1.e.3,Perceptual Speed,IM,3.12,8,0.125,2.88,3.37,N,,07/2014,Analyst
17-3026.00,1.A.1.e.3,Perceptual Speed,LV,3.0,8,0.0,3.0,3.0,N,N,07/2014,Analyst
17-3026.00,1.A.1.f.1,Spatial Orientation,IM,1.38,8,0.183,1.0164,1.7336,N,,07/2014,Analyst
17-3026.00,1.A.1.f.1,Spatial Orientation,LV,0.62,8,0.3239,0.0,1.2598,N,N,07/2014,Analyst
17-3026.00,1.A.1.f.2,Visualization,IM,3.25,8,0.1637,2.9292,3.5708,N,,07/2014,Analyst
17-3026.00,1.A.1.f.2,Visualization,LV,3.75,8,0.1637,3.4292,4.0708,N,N,07/2014,Analyst
17-3026.00,1.A.1.g.1,Selective Attention,IM,3.25,8,0.1637,2.9292,3.5708,N,,07/2014,Analyst
17-3026.00,1.A.1.g.1,Selective Attention,LV,3.0,8,0.189,2.6296,3.3704,N,N,07/2014,Analyst
17-3026.00,1.A.1.g.2,Time Sharing,IM,2.88,8,0.125,2.63,3.12,N,,07/2014,Analyst
17-3026.00,1.A.1.g.2,Time Sharing,LV,2.75,8,0.1637,2.4292,3.0708,N,N,07/2014,Analyst
17-3026.00,1.A.2.a.1,Arm-Hand Steadiness,IM,2.25,8,0.1637,1.9292,2.5708,N,,07/2014,Analyst
17-3026.00,1.A.2.a.1,Arm-Hand Steadiness,LV,2.38,8,0.183,2.0164,2.7336,N,N,07/2014,Analyst
17-3026.00,1.A.2.a.2,Manual Dexterity,IM,2.12,8,0.125,1.88,2.37,N,,07/2014,Analyst
17-3026.00,1.A.2.a.2,Manual Dexterity,LV,1.88,8,0.2266,1.4309,2.3191,N,N,07/2014,Analyst
17-3026.00,1.A.2.a.3,Finger Dexterity,IM,2.62,8,0.183,2.2664,2.9836,N,,07/2014,Analyst
17-3026.00,1.A.2.a.3,Finger Dexterity,LV,2.38,8,0.2631,1.8594,2.8906,N,N,07/2014,Analyst
17-3026.00,1.A.2.b.1,Control Precision,IM,2.25,8,0.1637,1.9292,2.5708,N,,07/2014,Analyst
17-3026.00,1.A.2.b.1,Control Precision,LV,2.12,8,0.125,1.88,2.37,N,N,07/2014,Analyst
17-3026.00,1.A.2.b.2,Multilimb Coordination,IM,2.25,8,0.1637,1.9292,2.5708,N,,07/2014,Analyst
17-3026.00,1.A.2.b.2,Multilimb Coordination,LV,1.75,8,0.25,1.26,2.24,N,N,07/2014,Analyst
17-3026.00,1.A.2.b.3,Response Orientation,IM,2.0,8,0.0,2.0,2.0,N,,07/2014,Analyst
17-3026.00,1.A.2.b.3,Response Orientation,LV,1.38,8,0.183,1.0164,1.7336,N,N,07/2014,Analyst
17-3026.00,1.A.2.b.4,Rate Control,IM,2.0,8,0.0,2.0,2.0,N,,07/2014,Analyst
17-3026.00,1.A.2.b.4,Rate Control,LV,1.38,8,0.183,1.0164,1.7336,N,N,07/2014,Analyst
17-3026.00,1.A.2.c.1,Reaction Time,IM,2.12,8,0.125,1.88,2.37,N,,07/2014,Analyst
17-3026.00,1.A.2.c.1,Reaction Time,LV,2.0,8,0.189,1.6296,2.3704,N,N,07/2014,Analyst
17-3026.00,1.A.2.c.2,Wrist-Finger Speed,IM,2.0,8,0.0,2.0,2.0,N,,07/2014,Analyst
17-3026.00,1.A.2.c.2,Wrist-Finger Speed,LV,1.75,8,0.1637,1.4292,2.0708,N,N,07/2014,Analyst
17-3026.00,1.A.2.c.3,Speed of Limb Movement,IM,2.0,8,0.0,2.0,2.0,N,,07/2014,Analyst
17-3026.00,1.A.2.c.3,Speed of Limb Movement,LV,1.12,8,0.125,0.88,1.37,N,N,07/2014,Analyst
17-3026.00,1.A.3.a.1,Static Strength,IM,1.5,8,0.189,1.1296,1.8704,N,,07/2014,Analyst
17-3026.00,1.A.3.a.1,Static Strength,LV,0.62,8,0.2631,0.1094,1.1406,N,N,07/2014,Analyst
17-3026.00,1.A.3.a.2,Explosive Strength,IM,1.0,8,0.0,1.0,1.0,N,,07/2014,Analyst
17-3026.00,1.A.3.a.2,Explosive Strength,LV,0.0,8,0.0,0.0,0.0,N,Y,07/2014,Analyst
17-3026.00,1.A.3.a.3,Dynamic Strength,IM,1.25,8,0.1637,1.0,1.5708,N,,07/2014,Analyst
17-3026.00,1.A.3.a.3,Dynamic Strength,LV,0.38,8,0.2631,0.0,0.8906,N,Y,07/2014,Analyst
17-3026.00,1.A.3.a.4,Trunk Strength,IM,2.0,8,0.0,2.0,2.0,N,,07/2014,Analyst
17-3026.00,1.A.3.a.4,Trunk Strength,LV,1.75,8,0.1637,1.4292,2.0708,N,N,07/2014,Analyst
17-3026.00,1.A.3.b.1,Stamina,IM,2.0,8,0.0,2.0,2.0,N,,07/2014,Analyst
17-3026.00,1.A.3.b.1,Stamina,LV,1.12,8,0.125,0.88,1.37,N,N,07/2014,Analyst
17-3026.00,1.A.3.c.1,Extent Flexibility,IM,1.25,8,0.1637,1.0,1.5708,N,,07/2014,Analyst
17-3026.00,1.A.3.c.1,Extent Flexibility,LV,0.38,8,0.2631,0.0,0.8906,N,Y,07/2014,Analyst
17-3026.00,1.A.3.c.2,Dynamic Flexibility,IM,1.25,8,0.1637,1.0,1.5708,N,,07/2014,Analyst
17-3026.00,1.A.3.c.2,Dynamic Flexibility,LV,0.38,8,0.2631,0.0,0.8906,N,Y,07/2014,Analyst
17-3026.00,1.A.3.c.3,Gross Body Coordination,IM,1.75,8,0.1637,1.4292,2.0708,N,,07/2014,Analyst
17-3026.00,1.A.3.c.3,Gross Body Coordination,LV,0.88,8,0.2266,0.4309,1.3191,N,N,07/2014,Analyst
17-3026.00,1.A.3.c.4,Gross Body Equilibrium,IM,1.38,8,0.183,1.0164,1.7336,N,,07/2014,Analyst
17-3026.00,1.A.3.c.4,Gross Body Equilibrium,LV,0.5,8,0.2673,0.0,1.0238,N,N,07/2014,Analyst
17-3026.00,1.A.4.a.1,Near Vision,IM,3.75,8,0.1637,3.4292,4.0708,N,,07/2014,Analyst
17-3026.00,1.A.4.a.1,Near Vision,LV,3.88,8,0.125,3.63,4.12,N,N,07/2014,Analyst
17-3026.00,1.A.4.a.2,Far Vision,IM,3.0,8,0.189,2.6296,3.3704,N,,07/2014,Analyst
17-3026.00,1.A.4.a.2,Far Vision,LV,3.12,8,0.125,2.88,3.37,N,N,07/2014,Analyst
17-3026.00,1.A.4.a.3,Visual Color Discrimination,IM,2.75,8,0.1637,2.4292,3.0708,N,,07/2014,Analyst
17-3026.00,1.A.4.a.3,Visual Color Discrimination,LV,2.62,8,0.183,2.2664,2.9836,N,N,07/2014,Analyst
17-3026.00,1.A.4.a.4,Night Vision,IM,1.25,8,0.1637,1.0,1.5708,N,,07/2014,Analyst
17-3026.00,1.A.4.a.4,Night Vision,LV,0.38,8,0.2631,0.0,0.8906,N,Y,07/2014,Analyst
17-3026.00,1.A.4.a.5,Peripheral Vision,IM,1.25,8,0.1637,1.0,1.5708,N,,07/2014,Analyst
17-3026.00,1.A.4.a.5,Peripheral Vision,LV,0.38,8,0.2631,0.0,0.8906,N,Y,07/2014,Analyst
17-3026.00,1.A.4.a.6,Depth Perception,IM,2.0,8,0.0,2.0,2.0,N,,07/2014,Analyst
17-3026.00,1.A.4.a.6,Depth Perception,LV,2.0,8,0.0,2.0,2.0,N,N,07/2014,Analyst
17-3026.00,1.A.4.a.7,Glare Sensitivity,IM,1.38,8,0.183,1.0164,1.7336,N,,07/2014,Analyst
17-3026.00,1.A.4.a.7,Glare Sensitivity,LV,0.5,8,0.2673,0.0,1.0238,N,N,07/2014,Analyst
17-3026.00,1.A.4.b.1,Hearing Sensitivity,IM,2.5,8,0.189,2.1296,2.8704,N,,07/2014,Analyst
17-3026.00,1.A.4.b.1,Hearing Sensitivity,LV,2.12,8,0.125,1.88,2.37,N,N,07/2014,Analyst
17-3026.00,1.A.4.b.2,Auditory Attention,IM,2.5,8,0.189,2.1296,2.8704,N,,07/2014,Analyst
17-3026.00,1.A.4.b.2,Auditory Attention,LV,2.12,8,0.125,1.88,2.37,N,N,07/2014,Analyst
17-3026.00,1.A.4.b.3,Sound Localization,IM,1.38,8,0.183,1.0164,1.7336,N,,07/2014,Analyst
17-3026.00,1.A.4.b.3,Sound Localization,LV,0.5,8,0.2673,0.0,1.0238,N,N,07/2014,Analyst
17-3026.00,1.A.4.b.4,Speech Recognition,IM,3.25,8,0.1637,2.9292,3.5708,N,,07/2014,Analyst
17-3026.00,1.A.4.b.4,Speech Recognition,LV,3.25,8,0.1637,2.9292,3.5708,N,N,07/2014,Analyst
17-3026.00,1.A.4.b.5,Speech Clarity,IM,3.12,8,0.125,2.88,3.37,N,,07/2014,Analyst
17-3026.00,1.A.4.b.5,Speech Clarity,LV,3.12,8,0.125,2.88,3.37,N,N,07/2014,Analyst
17-3026.01,1.A.1.a.1,Oral Comprehension,IM,3.75,8,0.1637,3.4292,4.0708,N,,08/2024,Analyst
17-3026.01,1.A.1.a.1,Oral Comprehension,LV,4.38,8,0.183,4.0164,4.7336,N,N,08/2024,Analyst
17-3026.01,1.A.1.a.2,Written Comprehension,IM,3.75,8,0.1637,3.4292,4.0708,N,,08/2024,Analyst
17-3026.01,1.A.1.a.2,Written Comprehension,LV,4.38,8,0.183,4.0164,4.7336,N,N,08/2024,Analyst
17-3026.01,1.A.1.a.3,Oral Expression,IM,3.5,8,0.189,3.1296,3.8704,N,,08/2024,Analyst
17-3026.01,1.A.1.a.3,Oral Expression,LV,4.12,8,0.2266,3.6809,4.5691,N,N,08/2024,Analyst
17-3026.01,1.A.1.a.4,Written Expression,IM,3.5,8,0.189,3.1296,3.8704,N,,08/2024,Analyst
17-3026.01,1.A.1.a.4,Written Expression,LV,4.0,8,0.189,3.6296,4.3704,N,N,08/2024,Analyst
17-3026.01,1.A.1.b.1,Fluency of Ideas,IM,3.38,8,0.183,3.0164,3.7336,N,,08/2024,Analyst
17-3026.01,1.A.1.b.1,Fluency of Ideas,LV,3.38,8,0.183,3.0164,3.7336,N,N,08/2024,Analyst
17-3026.01,1.A.1.b.2,Originality,IM,3.12,8,0.125,2.88,3.37,N,,08/2024,Analyst
17-3026.01,1.A.1.b.2,Originality,LV,3.25,8,0.3134,2.6358,3.8642,N,N,08/2024,Analyst
17-3026.01,1.A.1.b.3,Problem Sensitivity,IM,3.5,8,0.189,3.1296,3.8704,N,,08/2024,Analyst
17-3026.01,1.A.1.b.3,Problem Sensitivity,LV,3.75,8,0.25,3.26,4.24,N,N,08/2024,Analyst
17-3026.01,1.A.1.b.4,Deductive Reasoning,IM,3.5,8,0.189,3.1296,3.8704,N,,08/2024,Analyst
17-3026.01,1.A.1.b.4,Deductive Reasoning,LV,3.75,8,0.3134,3.1358,4.3642,N,N,08/2024,Analyst
17-3026.01,1.A.1.b.5,Inductive Reasoning,IM,3.75,8,0.1637,3.4292,4.0708,N,,08/2024,Analyst
17-3026.01,1.A.1.b.5,Inductive Reasoning,LV,3.62,8,0.183,3.2664,3.9836,N,N,08/2024,Analyst
17-3026.01,1.A.1.b.6,Information Ordering,IM,3.88,8,0.125,3.63,4.12,N,,08/2024,Analyst
17-3026.01,1.A.1.b.6,Information Ordering,LV,4.0,8,0.2673,3.4762,4.5238,N,N,08/2024,Analyst
17-3026.01,1.A.1.b.7,Category Flexibility,IM,3.5,8,0.189,3.1296,3.8704,N,,08/2024,Analyst
17-3026.01,1.A.1.b.7,Category Flexibility,LV,3.88,8,0.125,3.63,4.12,N,N,08/2024,Analyst
17-3026.01,1.A.1.c.1,Mathematical Reasoning,IM,3.12,8,0.2266,2.6809,3.5691,N,,08/2024,Analyst
17-3026.01,1.A.1.c.1,Mathematical Reasoning,LV,3.5,8,0.189,3.1296,3.8704,N,N,08/2024,Analyst
17-3026.01,1.A.1.c.2,Number Facility,IM,3.12,8,0.2266,2.6809,3.5691,N,,08/2024,Analyst
17-3026.01,1.A.1.c.2,Number Facility,LV,3.38,8,0.2631,2.8594,3.8906,N,N,08/2024,Analyst
17-3026.01,1.A.1.d.1,Memorization,IM,2.62,8,0.183,2.2664,2.9836,N,,08/2024,Analyst
17-3026.01,1.A.1.d.1,Memorization,LV,2.88,8,0.125,2.63,3.12,N,N,08/2024,Analyst
17-3026.01,1.A.1.e.1,Speed of Closure,IM,2.5,8,0.2673,1.9762,3.0238,N,,08/2024,Analyst
17-3026.01,1.A.1.e.1,Speed of Closure,LV,2.5,8,0.3273,1.8584,3.1416,N,N,08/2024,Analyst
17-3026.01,1.A.1.e.2,Flexibility of Closure,IM,3.38,8,0.2631,2.8594,3.8906,N,,08/2024,Analyst
17-3026.01,1.A.1.e.2,Flexibility of Closure,LV,3.75,8,0.25,3.26,4.24,N,N,08/2024,Analyst
17-3026.01,1.A.1.e.3,Perceptual Speed,IM,3.12,8,0.2266,2.6809,3.5691,N,,08/2024,Analyst
17-3026.01,1.A.1.e.3,Perceptual Speed,LV,3.25,8,0.3134,2.6358,3.8642,N,N,08/2024,Analyst
17-3026.01,1.A.1.f.1,Spatial Orientation,IM,1.12,8,0.125,1.0,1.37,N,,08/2024,Analyst
17-3026.01,1.A.1.f.1,Spatial Orientation,LV,0.25,8,0.25,0.0,0.74,N,Y,08/2024,Analyst
17-3026.01,1.A.1.f.2,Visualization,IM,3.12,8,0.2266,2.6809,3.5691,N,,08/2024,Analyst
17-3026.01,1.A.1.f.2,Visualization,LV,3.25,8,0.25,2.76,3.74,N,N,08/2024,Analyst
17-3026.01,1.A.1.g.1,Selective Attention,IM,3.25,8,0.25,2.76,3.74,N,,08/2024,Analyst
17-3026.01,1.A.1.g.1,Selective Attention,LV,3.25,8,0.3134,2.6358,3.8642,N,N,08/2024,Analyst
17-3026.01,1.A.1.g.2,Time Sharing,IM,2.75,8,0.3134,2.1358,3.3642,N,,08/2024,Analyst
17-3026.01,1.A.1.g.2,Time Sharing,LV,2.62,8,0.183,2.2664,2.9836,N,N,08/2024,Analyst
17-3026.01,1.A.2.a.1,Arm-Hand Steadiness,IM,2.75,8,0.1637,2.4292,3.0708,N,,08/2024,Analyst
17-3026.01,1.A.2.a.1,Arm-Hand Steadiness,LV,2.62,8,0.3239,1.9902,3.2598,N,N,08/2024,Analyst
17-3026.01,1.A.2.a.2,Manual Dexterity,IM,2.62,8,0.183,2.2664,2.9836,N,,08/2024,Analyst
17-3026.01,1.A.2.a.2,Manual Dexterity,LV,2.5,8,0.2673,1.9762,3.0238,N,N,08/2024,Analyst
17-3026.01,1.A.2.a.3,Finger Dexterity,IM,2.62,8,0.183,2.2664,2.9836,N,,08/2024,Analyst
17-3026.01,1.A.2.a.3,Finger Dexterity,LV,2.88,8,0.2266,2.4309,3.3191,N,N,08/2024,Analyst
17-3026.01,1.A.2.b.1,Control Precision,IM,2.88,8,0.125,2.63,3.12,N,,08/2024,Analyst
17-3026.01,1.A.2.b.1,Control Precision,LV,2.88,8,0.2266,2.4309,3.3191,N,N,08/2024,Analyst
17-3026.01,1.A.2.b.2,Multilimb Coordination,IM,2.0,8,0.189,1.6296,2.3704,N,,08/2024,Analyst
17-3026.01,1.A.2.b.2,Multilimb Coordination,LV,1.38,8,0.3239,0.7402,2.0098,N,N,08/2024,Analyst
17-3026.01,1.A.2.b.3,Response Orientation,IM,1.25,8,0.25,1.0,1.74,N,,08/2024,Analyst
17-3026.01,1.A.2.b.3,Response Orientation,LV,0.38,8,0.375,0.0,1.11,N,Y,08/2024,Analyst
17-3026.01,1.A.2.b.4,Rate Control,IM,1.75,8,0.25,1.26,2.24,N,,08/2024,Analyst
17-3026.01,1.A.2.b.4,Rate Control,LV,1.12,8,0.3981,0.3447,1.9053,N,N,08/2024,Analyst
17-3026.01,1.A.2.c.1,Reaction Time,IM,2.25,8,0.1637,1.9292,2.5708,N,,08/2024,Analyst
17-3026.01,1.A.2.c.1,Reaction Time,LV,2.25,8,0.25,1.76,2.74,N,N,08/2024,Analyst
17-3026.01,1.A.2.c.2,Wrist-Finger Speed,IM,2.5,8,0.2673,1.9762,3.0238,N,,08/2024,Analyst
17-3026.01,1.A.2.c.2,Wrist-Finger Speed,LV,2.5,8,0.378,1.7592,3.2408,N,N,08/2024,Analyst
17-3026.01,1.A.2.c.3,Speed of Limb Movement,IM,1.25,8,0.25,1.0,1.74,N,,08/2024,Analyst
17-3026.01,1.A.2.c.3,Speed of Limb Movement,LV,0.38,8,0.375,0.0,1.11,N,Y,08/2024,Analyst
17-3026.01,1.A.3.a.1,Static Strength,IM,2.0,8,0.0,2.0,2.0,N,,08/2024,Analyst
17-3026.01,1.A.3.a.1,Static Strength,LV,1.38,8,0.183,1.0164,1.7336,N,N,08/2024,Analyst
17-3026.01,1.A.3.a.2,Explosive Strength,IM,1.5,8,0.189,1.1296,1.8704,N,,08/2024,Analyst
17-3026.01,1.A.3.a.2,Explosive Strength,LV,0.75,8,0.3134,0.1358,1.3642,N,N,08/2024,Analyst
17-3026.01,1.A.3.a.3,Dynamic Strength,IM,1.12,8,0.125,1.0,1.37,N,,08/2024,Analyst
17-3026.01,1.A.3.a.3,Dynamic Strength,LV,0.25,8,0.25,0.0,0.74,N,Y,08/2024,Analyst
17-3026.01,1.A.3.a.4,Trunk Strength,IM,2.25,8,0.1637,1.9292,2.5708,N,,08/2024,Analyst
17-3026.01,1.A.3.a.4,Trunk Strength,LV,1.88,8,0.125,1.63,2.12,N,N,08/2024,Analyst
17-3026.01,1.A.3.b.1,Stamina,IM,1.12,8,0.125,1.0,1.37,N,,08/2024,Analyst
17-3026.01,1.A.3.b.1,Stamina,LV,0.25,8,0.25,0.0,0.74,N,Y,08/2024,Analyst
17-3026.01,1.A.3.c.1,Extent Flexibility,IM,2.0,8,0.189,1.6296,2.3704,N,,08/2024,Analyst
17-3026.01,1.A.3.c.1,Extent Flexibility,LV,1.75,8,0.3134,1.1358,2.3642,N,N,08/2024,Analyst
17-3026.01,1.A.3.c.2,Dynamic Flexibility,IM,1.12,8,0.125,1.0,1.37,N,,08/2024,Analyst
17-3026.01,1.A.3.c.2,Dynamic Flexibility,LV,0.25,8,0.25,0.0,0.74,N,Y,08/2024,Analyst
17-3026.01,1.A.3.c.3,Gross Body Coordination,IM,1.12,8,0.125,1.0,1.37,N,,08/2024,Analyst
17-3026.01,1.A.3.c.3,Gross Body Coordination,LV,0.25,8,0.25,0.0,0.74,N,Y,08/2024,Analyst
17-3026.01,1.A.3.c.4,Gross Body Equilibrium,IM,1.12,8,0.125,1.0,1.37,N,,08/2024,Analyst
17-3026.01,1.A.3.c.4,Gross Body Equilibrium,LV,0.25,8,0.25,0.0,0.74,N,Y,08/2024,Analyst
17-3026.01,1.A.4.a.1,Near Vision,IM,3.5,8,0.189,3.1296,3.8704,N,,08/2024,Analyst
17-3026.01,1.A.4.a.1,Near Vision,LV,3.75,8,0.1637,3.4292,4.0708,N,N,08/2024,Analyst
17-3026.01,1.A.4.a.2,Far Vision,IM,3.0,8,0.189,2.6296,3.3704,N,,08/2024,Analyst
17-3026.01,1.A.4.a.2,Far Vision,LV,3.12,8,0.2266,2.6809,3.5691,N,N,08/2024,Analyst
17-3026.01,1.A.4.a.3,Visual Color Discrimination,IM,2.88,8,0.2266,2.4309,3.3191,N,,08/2024,Analyst
17-3026.01,1.A.4.a.3,Visual Color Discrimination,LV,3.0,8,0.3273,2.3584,3.6416,N,N,08/2024,Analyst
17-3026.01,1.A.4.a.4,Night Vision,IM,1.0,8,0.0,1.0,1.0,N,,08/2024,Analyst
17-3026.01,1.A.4.a.4,Night Vision,LV,0.0,8,0.0,0.0,0.0,N,Y,08/2024,Analyst
17-3026.01,1.A.4.a.5,Peripheral Vision,IM,1.0,8,0.0,1.0,1.0,N,,08/2024,Analyst
17-3026.01,1.A.4.a.5,Peripheral Vision,LV,0.0,8,0.0,0.0,0.0,N,Y,08/2024,Analyst
17-3026.01,1.A.4.a.6,Depth Perception,IM,2.0,8,0.189,1.6296,2.3704,N,,08/2024,Analyst
17-3026.01,1.A.4.a.6,Depth Perception,LV,1.62,8,0.4199,0.8019,2.4481,N,N,08/2024,Analyst
17-3026.01,1.A.4.a.7,Glare Sensitivity,IM,1.12,8,0.125,1.0,1.37,N,,08/2024,Analyst
17-3026.01,1.A.4.a.7,Glare Sensitivity,LV,0.12,8,0.125,0.0,0.37,N,Y,08/2024,Analyst
17-3026.01,1.A.4.b.1,Hearing Sensitivity,IM,2.25,8,0.3134,1.6358,2.8642,N,,08/2024,Analyst
17-3026.01,1.A.4.b.1,Hearing Sensitivity,LV,2.25,8,0.366,1.5327,2.9673,N,N,08/2024,Analyst
17-3026.01,1.A.4.b.2,Auditory Attention,IM,2.12,8,0.2266,1.6809,2.5691,N,,08/2024,Analyst
17-3026.01,1.A.4.b.2,Auditory Attention,LV,2.12,8,0.3504,1.4383,2.8117,N,N,08/2024,Analyst
17-3026.01,1.A.4.b.3,Sound Localization,IM,1.0,8,0.0,1.0,1.0,N,,08/2024,Analyst
17-3026.01,1.A.4.b.3,Sound Localization,LV,0.0,8,0.0,0.0,0.0,N,Y,08/2024,Analyst
17-3026.01,1.A.4.b.4,Speech Recognition,IM,3.25,8,0.1637,2.9292,3.5708,N,,08/2024,Analyst
17-3026.01,1.A.4.b.4,Speech Recognition,LV,3.0,8,0.189,2.6296,3.3704,N,N,08/2024,Analyst
17-3026.01,1.A.4.b.5,Speech Clarity,IM,3.25,8,0.1637,2.9292,3.5708,N,,08/2024,Analyst
17-3026.01,1.A.4.b.5,Speech Clarity,LV,2.88,8,0.125,2.63,3.12,N,N,08/2024,Analyst
17-3027.00,1.A.1.a.1,Oral Comprehension,IM,4.0,8,0.0,4.0,4.0,N,,08/2022,Analyst
17-3027.00,1.A.1.a.1,Oral Comprehension,LV,4.0,8,0.0,4.0,4.0,N,N,08/2022,Analyst
17-3027.00,1.A.1.a.2,Written Comprehension,IM,4.0,8,0.0,4.0,4.0,N,,08/2022,Analyst
17-3027.00,1.A.1.a.2,Written Comprehension,LV,4.25,8,0.1637,3.9292,4.5708,N,N,08/2022,Analyst
17-3027.00,1.A.1.a.3,Oral Expression,IM,3.75,8,0.1637,3.4292,4.0708,N,,08/2022,Analyst
17-3027.00,1.A.1.a.3,Oral Expression,LV,4.0,8,0.0,4.0,4.0,N,N,08/2022,Analyst
17-3027.00,1.A.1.a.4,Written Expression,IM,3.38,8,0.183,3.0164,3.7336,N,,08/2022,Analyst
17-3027.00,1.A.1.a.4,Written Expression,LV,3.88,8,0.125,3.63,4.12,N,N,08/2022,Analyst
17-3027.00,1.A.1.b.1,Fluency of Ideas,IM,3.12,8,0.125,2.88,3.37,N,,08/2022,Analyst
17-3027.00,1.A.1.b.1,Fluency of Ideas,LV,3.12,8,0.125,2.88,3.37,N,N,08/2022,Analyst
17-3027.00,1.A.1.b.2,Originality,IM,3.12,8,0.125,2.88,3.37,N,,08/2022,Analyst
17-3027.00,1.A.1.b.2,Originality,LV,3.25,8,0.1637,2.9292,3.5708,N,N,08/2022,Analyst
17-3027.00,1.A.1.b.3,Problem Sensitivity,IM,3.75,8,0.1637,3.4292,4.0708,N,,08/2022,Analyst
17-3027.00,1.A.1.b.3,Problem Sensitivity,LV,4.0,8,0.0,4.0,4.0,N,N,08/2022,Analyst
17-3027.00,1.A.1.b.4,Deductive Reasoning,IM,3.75,8,0.1637,3.4292,4.0708,N,,08/2022,Analyst
17-3027.00,1.A.1.b.4,Deductive Reasoning,LV,4.12,8,0.125,3.88,4.37,N,N,08/2022,Analyst
17-3027.00,1.A.1.b.5,Inductive Reasoning,IM,3.75,8,0.1637,3.4292,4.0708,N,,08/2022,Analyst
17-3027.00,1.A.1.b.5,Inductive Reasoning,LV,4.0,8,0.0,4.0,4.0,N,N,08/2022,Analyst
17-3027.00,1.A.1.b.6,Information Ordering,IM,3.88,8,0.125,3.63,4.12,N,,08/2022,Analyst
17-3027.00,1.A.1.b.6,Information Ordering,LV,4.12,8,0.125,3.88,4.37,N,N,08/2022,Analyst
17-3027.00,1.A.1.b.7,Category Flexibility,IM,3.5,8,0.189,3.1296,3.8704,N,,08/2022,Analyst
17-3027.00,1.A.1.b.7,Category Flexibility,LV,4.25,8,0.1637,3.9292,4.5708,N,N,08/2022,Analyst
17-3027.00,1.A.1.c.1,Mathematical Reasoning,IM,3.38,8,0.183,3.0164,3.7336,N,,08/2022,Analyst
17-3027.00,1.A.1.c.1,Mathematical Reasoning,LV,3.5,8,0.189,3.1296,3.8704,N,N,08/2022,Analyst
17-3027.00,1.A.1.c.2,Number Facility,IM,3.5,8,0.189,3.1296,3.8704,N,,08/2022,Analyst
17-3027.00,1.A.1.c.2,Number Facility,LV,3.88,8,0.125,3.63,4.12,N,N,08/2022,Analyst
17-3027.00,1.A.1.d.1,Memorization,IM,2.75,8,0.1637,2.4292,3.0708,N,,08/2022,Analyst
17-3027.00,1.A.1.d.1,Memorization,LV,2.88,8,0.125,2.63,3.12,N,N,08/2022,Analyst
17-3027.00,1.A.1.e.1,Speed of Closure,IM,2.62,8,0.183,2.2664,2.9836,N,,08/2022,Analyst
17-3027.00,1.A.1.e.1,Speed of Closure,LV,2.62,8,0.183,2.2664,2.9836,N,N,08/2022,Analyst
17-3027.00,1.A.1.e.2,Flexibility of Closure,IM,3.38,8,0.183,3.0164,3.7336,N,,08/2022,Analyst
17-3027.00,1.A.1.e.2,Flexibility of Closure,LV,3.38,8,0.183,3.0164,3.7336,N,N,08/2022,Analyst
17-3027.00,1.A.1.e.3,Perceptual Speed,IM,3.25,8,0.1637,2.9292,3.5708,N,,08/2022,Analyst
17-3027.00,1.A.1.e.3,Perceptual Speed,LV,3.25,8,0.1637,2.9292,3.5708,N,N,08/2022,Analyst
17-3027.00,1.A.1.f.1,Spatial Orientation,IM,2.0,8,0.0,2.0,2.0,N,,08/2022,Analyst
17-3027.00,1.A.1.f.1,Spatial Orientation,LV,1.62,8,0.183,1.2664,1.9836,N,N,08/2022,Analyst
17-3027.00,1.A.1.f.2,Visualization,IM,3.38,8,0.183,3.0164,3.7336,N,,08/2022,Analyst
17-3027.00,1.A.1.f.2,Visualization,LV,3.88,8,0.125,3.63,4.12,N,N,08/2022,Analyst
17-3027.00,1.A.1.g.1,Selective Attention,IM,3.5,8,0.189,3.1296,3.8704,N,,08/2022,Analyst
17-3027.00,1.A.1.g.1,Selective Attention,LV,3.25,8,0.1637,2.9292,3.5708,N,N,08/2022,Analyst
17-3027.00,1.A.1.g.2,Time Sharing,IM,2.62,8,0.183,2.2664,2.9836,N,,08/2022,Analyst
17-3027.00,1.A.1.g.2,Time Sharing,LV,2.62,8,0.183,2.2664,2.9836,N,N,08/2022,Analyst
17-3027.00,1.A.2.a.1,Arm-Hand Steadiness,IM,3.12,8,0.125,2.88,3.37,N,,08/2022,Analyst
17-3027.00,1.A.2.a.1,Arm-Hand Steadiness,LV,3.0,8,0.0,3.0,3.0,N,N,08/2022,Analyst
17-3027.00,1.A.2.a.2,Manual Dexterity,IM,3.0,8,0.189,2.6296,3.3704,N,,08/2022,Analyst
17-3027.00,1.A.2.a.2,Manual Dexterity,LV,2.88,8,0.2266,2.4309,3.3191,N,N,08/2022,Analyst
17-3027.00,1.A.2.a.3,Finger Dexterity,IM,3.12,8,0.125,2.88,3.37,N,,08/2022,Analyst
17-3027.00,1.A.2.a.3,Finger Dexterity,LV,3.12,8,0.125,2.88,3.37,N,N,08/2022,Analyst
17-3027.00,1.A.2.b.1,Control Precision,IM,3.12,8,0.125,2.88,3.37,N,,08/2022,Analyst
17-3027.00,1.A.2.b.1,Control Precision,LV,3.0,8,0.0,3.0,3.0,N,N,08/2022,Analyst
17-3027.00,1.A.2.b.2,Multilimb Coordination,IM,2.88,8,0.125,2.63,3.12,N,,08/2022,Analyst
17-3027.00,1.A.2.b.2,Multilimb Coordination,LV,2.88,8,0.125,2.63,3.12,N,N,08/2022,Analyst
17-3027.00,1.A.2.b.3,Response Orientation,IM,2.12,8,0.125,1.88,2.37,N,,08/2022,Analyst
17-3027.00,1.A.2.b.3,Response Orientation,LV,2.5,8,0.2673,1.9762,3.0238,N,N,08/2022,Analyst
17-3027.00,1.A.2.b.4,Rate Control,IM,2.38,8,0.183,2.0164,2.7336,N,,08/2022,Analyst
17-3027.00,1.A.2.b.4,Rate Control,LV,2.25,8,0.1637,1.9292,2.5708,N,N,08/2022,Analyst
17-3027.00,1.A.2.c.1,Reaction Time,IM,2.75,8,0.1637,2.4292,3.0708,N,,08/2022,Analyst
17-3027.00,1.A.2.c.1,Reaction Time,LV,3.12,8,0.125,2.88,3.37,N,N,08/2022,Analyst
17-3027.00,1.A.2.c.2,Wrist-Finger Speed,IM,2.25,8,0.1637,1.9292,2.5708,N,,08/2022,Analyst
17-3027.00,1.A.2.c.2,Wrist-Finger Speed,LV,2.12,8,0.125,1.88,2.37,N,N,08/2022,Analyst
17-3027.00,1.A.2.c.3,Speed of Limb Movement,IM,1.62,8,0.183,1.2664,1.9836,N,,08/2022,Analyst
17-3027.00,1.A.2.c.3,Speed of Limb Movement,LV,1.0,8,0.3273,0.3584,1.6416,N,N,08/2022,Analyst
17-3027.00,1.A.3.a.1,Static Strength,IM,2.12,8,0.125,1.88,2.37,N,,08/2022,Analyst
17-3027.00,1.A.3.a.1,Static Strength,LV,2.12,8,0.125,1.88,2.37,N,N,08/2022,Analyst
17-3027.00,1.A.3.a.2,Explosive Strength,IM,2.0,8,0.0,2.0,2.0,N,,08/2022,Analyst
17-3027.00,1.A.3.a.2,Explosive Strength,LV,1.62,8,0.2631,1.1094,2.1406,N,N,08/2022,Analyst
17-3027.00,1.A.3.a.3,Dynamic Strength,IM,2.0,8,0.0,2.0,2.0,N,,08/2022,Analyst
17-3027.00,1.A.3.a.3,Dynamic Strength,LV,1.88,8,0.125,1.63,2.12,N,N,08/2022,Analyst
17-3027.00,1.A.3.a.4,Trunk Strength,IM,2.38,8,0.183,2.0164,2.7336,N,,08/2022,Analyst
17-3027.00,1.A.3.a.4,Trunk Strength,LV,2.62,8,0.183,2.2664,2.9836,N,N,08/2022,Analyst
17-3027.00,1.A.3.b.1,Stamina,IM,2.12,8,0.125,1.88,2.37,N,,08/2022,Analyst
17-3027.00,1.A.3.b.1,Stamina,LV,1.75,8,0.1637,1.4292,2.0708,N,N,08/2022,Analyst
17-3027.00,1.A.3.c.1,Extent Flexibility,IM,2.38,8,0.183,2.0164,2.7336,N,,08/2022,Analyst
17-3027.00,1.A.3.c.1,Extent Flexibility,LV,2.62,8,0.183,2.2664,2.9836,N,N,08/2022,Analyst
17-3027.00,1.A.3.c.2,Dynamic Flexibility,IM,1.0,8,0.0,1.0,1.0,N,,08/2022,Analyst
17-3027.00,1.A.3.c.2,Dynamic Flexibility,LV,0.0,8,0.0,0.0,0.0,N,Y,08/2022,Analyst
17-3027.00,1.A.3.c.3,Gross Body Coordination,IM,2.0,8,0.0,2.0,2.0,N,,08/2022,Analyst
17-3027.00,1.A.3.c.3,Gross Body Coordination,LV,2.0,8,0.0,2.0,2.0,N,N,08/2022,Analyst
17-3027.00,1.A.3.c.4,Gross Body Equilibrium,IM,2.0,8,0.0,2.0,2.0,N,,08/2022,Analyst
17-3027.00,1.A.3.c.4,Gross Body Equilibrium,LV,1.38,8,0.183,1.0164,1.7336,N,N,08/2022,Analyst
17-3027.00,1.A.4.a.1,Near Vision,IM,3.88,8,0.125,3.63,4.12,N,,08/2022,Analyst
17-3027.00,1.A.4.a.1,Near Vision,LV,4.0,8,0.0,4.0,4.0,N,N,08/2022,Analyst
17-3027.00,1.A.4.a.2,Far Vision,IM,3.12,8,0.125,2.88,3.37,N,,08/2022,Analyst
17-3027.00,1.A.4.a.2,Far Vision,LV,3.0,8,0.0,3.0,3.0,N,N,08/2022,Analyst
17-3027.00,1.A.4.a.3,Visual Color Discrimination,IM,3.0,8,0.0,3.0,3.0,N,,08/2022,Analyst
17-3027.00,1.A.4.a.3,Visual Color Discrimination,LV,3.25,8,0.1637,2.9292,3.5708,N,N,08/2022,Analyst
17-3027.00,1.A.4.a.4,Night Vision,IM,2.0,8,0.0,2.0,2.0,N,,08/2022,Analyst
17-3027.00,1.A.4.a.4,Night Vision,LV,1.25,8,0.1637,0.9292,1.5708,N,N,08/2022,Analyst
17-3027.00,1.A.4.a.5,Peripheral Vision,IM,2.0,8,0.0,2.0,2.0,N,,08/2022,Analyst
17-3027.00,1.A.4.a.5,Peripheral Vision,LV,1.0,8,0.0,1.0,1.0,N,N,08/2022,Analyst
17-3027.00,1.A.4.a.6,Depth Perception,IM,2.25,8,0.1637,1.9292,2.5708,N,,08/2022,Analyst
17-3027.00,1.A.4.a.6,Depth Perception,LV,2.0,8,0.0,2.0,2.0,N,N,08/2022,Analyst
17-3027.00,1.A.4.a.7,Glare Sensitivity,IM,2.0,8,0.0,2.0,2.0,N,,08/2022,Analyst
17-3027.00,1.A.4.a.7,Glare Sensitivity,LV,1.38,8,0.183,1.0164,1.7336,N,N,08/2022,Analyst
17-3027.00,1.A.4.b.1,Hearing Sensitivity,IM,2.62,8,0.183,2.2664,2.9836,N,,08/2022,Analyst
17-3027.00,1.A.4.b.1,Hearing Sensitivity,LV,2.75,8,0.1637,2.4292,3.0708,N,N,08/2022,Analyst
17-3027.00,1.A.4.b.2,Auditory Attention,IM,2.88,8,0.2266,2.4309,3.3191,N,,08/2022,Analyst
17-3027.00,1.A.4.b.2,Auditory Attention,LV,2.75,8,0.1637,2.4292,3.0708,N,N,08/2022,Analyst
17-3027.00,1.A.4.b.3,Sound Localization,IM,2.0,8,0.0,2.0,2.0,N,,08/2022,Analyst
17-3027.00,1.A.4.b.3,Sound Localization,LV,1.25,8,0.1637,0.9292,1.5708,N,N,08/2022,Analyst
17-3027.00,1.A.4.b.4,Speech Recognition,IM,3.75,8,0.1637,3.4292,4.0708,N,,08/2022,Analyst
17-3027.00,1.A.4.b.4,Speech Recognition,LV,3.62,8,0.183,3.2664,3.9836,N,N,08/2022,Analyst
17-3027.00,1.A.4.b.5,Speech Clarity,IM,3.25,8,0.1637,2.9292,3.5708,N,,08/2022,Analyst
17-3027.00,1.A.4.b.5,Speech Clarity,LV,3.12,8,0.125,2.88,3.37,N,N,08/2022,Analyst
17-3027.01,1.A.1.a.1,Oral Comprehension,IM,3.62,8,0.183,3.2664,3.9836,N,,07/2016,Analyst
17-3027.01,1.A.1.a.1,Oral Comprehension,LV,4.0,8,0.2673,3.4762,4.5238,N,N,07/2016,Analyst
17-3027.01,1.A.1.a.2,Written Comprehension,IM,3.88,8,0.125,3.63,4.12,N,,07/2016,Analyst
17-3027.01,1.A.1.a.2,Written Comprehension,LV,4.0,8,0.2673,3.4762,4.5238,N,N,07/2016,Analyst
17-3027.01,1.A.1.a.3,Oral Expression,IM,3.5,8,0.189,3.1296,3.8704,N,,07/2016,Analyst
17-3027.01,1.A.1.a.3,Oral Expression,LV,3.75,8,0.25,3.26,4.24,N,N,07/2016,Analyst
17-3027.01,1.A.1.a.4,Written Expression,IM,3.38,8,0.183,3.0164,3.7336,N,,07/2016,Analyst
17-3027.01,1.A.1.a.4,Written Expression,LV,3.38,8,0.183,3.0164,3.7336,N,N,07/2016,Analyst
17-3027.01,1.A.1.b.1,Fluency of Ideas,IM,3.0,8,0.189,2.6296,3.3704,N,,07/2016,Analyst
17-3027.01,1.A.1.b.1,Fluency of Ideas,LV,3.5,8,0.3273,2.8584,4.1416,N,N,07/2016,Analyst
17-3027.01,1.A.1.b.2,Originality,IM,3.0,8,0.189,2.6296,3.3704,N,,07/2016,Analyst
17-3027.01,1.A.1.b.2,Originality,LV,3.25,8,0.25,2.76,3.74,N,N,07/2016,Analyst
17-3027.01,1.A.1.b.3,Problem Sensitivity,IM,3.75,8,0.1637,3.4292,4.0708,N,,07/2016,Analyst
17-3027.01,1.A.1.b.3,Problem Sensitivity,LV,3.75,8,0.25,3.26,4.24,N,N,07/2016,Analyst
17-3027.01,1.A.1.b.4,Deductive Reasoning,IM,3.88,8,0.125,3.63,4.12,N,,07/2016,Analyst
17-3027.01,1.A.1.b.4,Deductive Reasoning,LV,3.75,8,0.3134,3.1358,4.3642,N,N,07/2016,Analyst
17-3027.01,1.A.1.b.5,Inductive Reasoning,IM,3.75,8,0.1637,3.4292,4.0708,N,,07/2016,Analyst
17-3027.01,1.A.1.b.5,Inductive Reasoning,LV,3.5,8,0.2673,2.9762,4.0238,N,N,07/2016,Analyst
17-3027.01,1.A.1.b.6,Information Ordering,IM,3.5,8,0.189,3.1296,3.8704,N,,07/2016,Analyst
17-3027.01,1.A.1.b.6,Information Ordering,LV,3.5,8,0.189,3.1296,3.8704,N,N,07/2016,Analyst
17-3027.01,1.A.1.b.7,Category Flexibility,IM,3.38,8,0.183,3.0164,3.7336,N,,07/2016,Analyst
17-3027.01,1.A.1.b.7,Category Flexibility,LV,3.5,8,0.2673,2.9762,4.0238,N,N,07/2016,Analyst
17-3027.01,1.A.1.c.1,Mathematical Reasoning,IM,3.0,8,0.189,2.6296,3.3704,N,,07/2016,Analyst
17-3027.01,1.A.1.c.1,Mathematical Reasoning,LV,3.0,8,0.189,2.6296,3.3704,N,N,07/2016,Analyst
17-3027.01,1.A.1.c.2,Number Facility,IM,2.75,8,0.25,2.26,3.24,N,,07/2016,Analyst
17-3027.01,1.A.1.c.2,Number Facility,LV,2.62,8,0.2631,2.1094,3.1406,N,N,07/2016,Analyst
17-3027.01,1.A.1.d.1,Memorization,IM,2.5,8,0.189,2.1296,2.8704,N,,07/2016,Analyst
17-3027.01,1.A.1.d.1,Memorization,LV,2.38,8,0.183,2.0164,2.7336,N,N,07/2016,Analyst
17-3027.01,1.A.1.e.1,Speed of Closure,IM,2.62,8,0.2631,2.1094,3.1406,N,,07/2016,Analyst
17-3027.01,1.A.1.e.1,Speed of Closure,LV,2.75,8,0.4119,1.9427,3.5573,N,N,07/2016,Analyst
17-3027.01,1.A.1.e.2,Flexibility of Closure,IM,3.12,8,0.2266,2.6809,3.5691,N,,07/2016,Analyst
17-3027.01,1.A.1.e.2,Flexibility of Closure,LV,3.38,8,0.2631,2.8594,3.8906,N,N,07/2016,Analyst
17-3027.01,1.A.1.e.3,Perceptual Speed,IM,3.12,8,0.295,2.5467,3.7033,N,,07/2016,Analyst
17-3027.01,1.A.1.e.3,Perceptual Speed,LV,3.25,8,0.3134,2.6358,3.8642,N,N,07/2016,Analyst
17-3027.01,1.A.1.f.1,Spatial Orientation,IM,2.25,8,0.25,1.76,2.74,N,,07/2016,Analyst
17-3027.01,1.A.1.f.1,Spatial Orientation,LV,2.12,8,0.3504,1.4383,2.8117,N,N,07/2016,Analyst
17-3027.01,1.A.1.f.2,Visualization,IM,3.12,8,0.295,2.5467,3.7033,N,,07/2016,Analyst
17-3027.01,1.A.1.f.2,Visualization,LV,3.25,8,0.366,2.5327,3.9673,N,N,07/2016,Analyst
17-3027.01,1.A.1.g.1,Selective Attention,IM,3.25,8,0.25,2.76,3.74,N,,07/2016,Analyst
17-3027.01,1.A.1.g.1,Selective Attention,LV,3.25,8,0.1637,2.9292,3.5708,N,N,07/2016,Analyst
17-3027.01,1.A.1.g.2,Time Sharing,IM,2.62,8,0.183,2.2664,2.9836,N,,07/2016,Analyst
17-3027.01,1.A.1.g.2,Time Sharing,LV,2.75,8,0.1637,2.4292,3.0708,N,N,07/2016,Analyst
17-3027.01,1.A.2.a.1,Arm-Hand Steadiness,IM,3.25,8,0.1637,2.9292,3.5708,N,,07/2016,Analyst
17-3027.01,1.A.2.a.1,Arm-Hand Steadiness,LV,3.0,8,0.0,3.0,3.0,N,N,07/2016,Analyst
17-3027.01,1.A.2.a.2,Manual Dexterity,IM,3.12,8,0.2266,2.6809,3.5691,N,,07/2016,Analyst
17-3027.01,1.A.2.a.2,Manual Dexterity,LV,2.62,8,0.183,2.2664,2.9836,N,N,07/2016,Analyst
17-3027.01,1.A.2.a.3,Finger Dexterity,IM,3.38,8,0.183,3.0164,3.7336,N,,07/2016,Analyst
17-3027.01,1.A.2.a.3,Finger Dexterity,LV,3.12,8,0.2266,2.6809,3.5691,N,N,07/2016,Analyst
17-3027.01,1.A.2.b.1,Control Precision,IM,3.0,8,0.189,2.6296,3.3704,N,,07/2016,Analyst
17-3027.01,1.A.2.b.1,Control Precision,LV,3.12,8,0.2266,2.6809,3.5691,N,N,07/2016,Analyst
17-3027.01,1.A.2.b.2,Multilimb Coordination,IM,2.75,8,0.25,2.26,3.24,N,,07/2016,Analyst
17-3027.01,1.A.2.b.2,Multilimb Coordination,LV,3.0,8,0.2673,2.4762,3.5238,N,N,07/2016,Analyst
17-3027.01,1.A.2.b.3,Response Orientation,IM,2.5,8,0.189,2.1296,2.8704,N,,07/2016,Analyst
17-3027.01,1.A.2.b.3,Response Orientation,LV,2.62,8,0.2631,2.1094,3.1406,N,N,07/2016,Analyst
17-3027.01,1.A.2.b.4,Rate Control,IM,2.25,8,0.1637,1.9292,2.5708,N,,07/2016,Analyst
17-3027.01,1.A.2.b.4,Rate Control,LV,2.0,8,0.2673,1.4762,2.5238,N,N,07/2016,Analyst
17-3027.01,1.A.2.c.1,Reaction Time,IM,2.62,8,0.183,2.2664,2.9836,N,,07/2016,Analyst
17-3027.01,1.A.2.c.1,Reaction Time,LV,2.62,8,0.183,2.2664,2.9836,N,N,07/2016,Analyst
17-3027.01,1.A.2.c.2,Wrist-Finger Speed,IM,2.38,8,0.183,2.0164,2.7336,N,,07/2016,Analyst
17-3027.01,1.A.2.c.2,Wrist-Finger Speed,LV,2.25,8,0.1637,1.9292,2.5708,N,N,07/2016,Analyst
17-3027.01,1.A.2.c.3,Speed of Limb Movement,IM,1.0,8,0.0,1.0,1.0,N,,07/2016,Analyst
17-3027.01,1.A.2.c.3,Speed of Limb Movement,LV,0.0,8,0.0,0.0,0.0,N,Y,07/2016,Analyst
17-3027.01,1.A.3.a.1,Static Strength,IM,2.38,8,0.183,2.0164,2.7336,N,,07/2016,Analyst
17-3027.01,1.A.3.a.1,Static Strength,LV,2.12,8,0.125,1.88,2.37,N,N,07/2016,Analyst
17-3027.01,1.A.3.a.2,Explosive Strength,IM,2.12,8,0.2266,1.6809,2.5691,N,,07/2016,Analyst
17-3027.01,1.A.3.a.2,Explosive Strength,LV,2.0,8,0.3273,1.3584,2.6416,N,N,07/2016,Analyst
17-3027.01,1.A.3.a.3,Dynamic Strength,IM,1.88,8,0.125,1.63,2.12,N,,07/2016,Analyst
17-3027.01,1.A.3.a.3,Dynamic Strength,LV,1.5,8,0.2673,0.9762,2.0238,N,N,07/2016,Analyst
17-3027.01,1.A.3.a.4,Trunk Strength,IM,2.38,8,0.183,2.0164,2.7336,N,,07/2016,Analyst
17-3027.01,1.A.3.a.4,Trunk Strength,LV,2.5,8,0.189,2.1296,2.8704,N,N,07/2016,Analyst
17-3027.01,1.A.3.b.1,Stamina,IM,2.0,8,0.189,1.6296,2.3704,N,,07/2016,Analyst
17-3027.01,1.A.3.b.1,Stamina,LV,1.25,8,0.25,0.76,1.74,N,N,07/2016,Analyst
17-3027.01,1.A.3.c.1,Extent Flexibility,IM,2.5,8,0.189,2.1296,2.8704,N,,07/2016,Analyst
17-3027.01,1.A.3.c.1,Extent Flexibility,LV,2.62,8,0.183,2.2664,2.9836,N,N,07/2016,Analyst
17-3027.01,1.A.3.c.2,Dynamic Flexibility,IM,1.0,8,0.0,1.0,1.0,N,,07/2016,Analyst
17-3027.01,1.A.3.c.2,Dynamic Flexibility,LV,0.0,8,0.0,0.0,0.0,N,Y,07/2016,Analyst
17-3027.01,1.A.3.c.3,Gross Body Coordination,IM,2.0,8,0.0,2.0,2.0,N,,07/2016,Analyst
17-3027.01,1.A.3.c.3,Gross Body Coordination,LV,1.75,8,0.1637,1.4292,2.0708,N,N,07/2016,Analyst
17-3027.01,1.A.3.c.4,Gross Body Equilibrium,IM,1.88,8,0.125,1.63,2.12,N,,07/2016,Analyst
17-3027.01,1.A.3.c.4,Gross Body Equilibrium,LV,1.25,8,0.25,0.76,1.74,N,N,07/2016,Analyst
17-3027.01,1.A.4.a.1,Near Vision,IM,3.75,8,0.1637,3.4292,4.0708,N,,07/2016,Analyst
17-3027.01,1.A.4.a.1,Near Vision,LV,3.5,8,0.189,3.1296,3.8704,N,N,07/2016,Analyst
17-3027.01,1.A.4.a.2,Far Vision,IM,3.12,8,0.2266,2.6809,3.5691,N,,07/2016,Analyst
17-3027.01,1.A.4.a.2,Far Vision,LV,3.0,8,0.189,2.6296,3.3704,N,N,07/2016,Analyst
17-3027.01,1.A.4.a.3,Visual Color Discrimination,IM,2.62,8,0.2631,2.1094,3.1406,N,,07/2016,Analyst
17-3027.01,1.A.4.a.3,Visual Color Discrimination,LV,2.88,8,0.295,2.2967,3.4533,N,N,07/2016,Analyst
17-3027.01,1.A.4.a.4,Night Vision,IM,1.88,8,0.2266,1.4309,2.3191,N,,07/2016,Analyst
17-3027.01,1.A.4.a.4,Night Vision,LV,1.62,8,0.375,0.89,2.36,N,N,07/2016,Analyst
17-3027.01,1.A.4.a.5,Peripheral Vision,IM,2.12,8,0.125,1.88,2.37,N,,07/2016,Analyst
17-3027.01,1.A.4.a.5,Peripheral Vision,LV,1.75,8,0.25,1.26,2.24,N,N,07/2016,Analyst
17-3027.01,1.A.4.a.6,Depth Perception,IM,2.5,8,0.189,2.1296,2.8704,N,,07/2016,Analyst
17-3027.01,1.A.4.a.6,Depth Perception,LV,2.38,8,0.183,2.0164,2.7336,N,N,07/2016,Analyst
17-3027.01,1.A.4.a.7,Glare Sensitivity,IM,2.0,8,0.189,1.6296,2.3704,N,,07/2016,Analyst
17-3027.01,1.A.4.a.7,Glare Sensitivity,LV,1.62,8,0.2631,1.1094,2.1406,N,N,07/2016,Analyst
17-3027.01,1.A.4.b.1,Hearing Sensitivity,IM,2.5,8,0.2673,1.9762,3.0238,N,,07/2016,Analyst
17-3027.01,1.A.4.b.1,Hearing Sensitivity,LV,2.5,8,0.3273,1.8584,3.1416,N,N,07/2016,Analyst
17-3027.01,1.A.4.b.2,Auditory Attention,IM,2.5,8,0.2673,1.9762,3.0238,N,,07/2016,Analyst
17-3027.01,1.A.4.b.2,Auditory Attention,LV,2.5,8,0.189,2.1296,2.8704,N,N,07/2016,Analyst
17-3027.01,1.A.4.b.3,Sound Localization,IM,2.25,8,0.1637,1.9292,2.5708,N,,07/2016,Analyst
17-3027.01,1.A.4.b.3,Sound Localization,LV,1.88,8,0.295,1.2967,2.4533,N,N,07/2016,Analyst
17-3027.01,1.A.4.b.4,Speech Recognition,IM,3.38,8,0.183,3.0164,3.7336,N,,07/2016,Analyst
17-3027.01,1.A.4.b.4,Speech Recognition,LV,3.0,8,0.0,3.0,3.0,N,N,07/2016,Analyst
17-3027.01,1.A.4.b.5,Speech Clarity,IM,3.38,8,0.183,3.0164,3.7336,N,,07/2016,Analyst
17-3027.01,1.A.4.b.5,Speech Clarity,LV,3.12,8,0.125,2.88,3.37,N,N,07/2016,Analyst
17-3029.01,1.A.1.a.1,Oral Comprehension,IM,3.75,8,0.1637,3.4292,4.0708,N,,08/2023,Analyst
17-3029.01,1.A.1.a.1,Oral Comprehension,LV,4.0,8,0.189,3.6296,4.3704,N,N,08/2023,Analyst
17-3029.01,1.A.1.a.2,Written Comprehension,IM,4.0,8,0.189,3.6296,4.3704,N,,08/2023,Analyst
17-3029.01,1.A.1.a.2,Written Comprehension,LV,3.75,8,0.1637,3.4292,4.0708,N,N,08/2023,Analyst
17-3029.01,1.A.1.a.3,Oral Expression,IM,3.62,8,0.183,3.2664,3.9836,N,,08/2023,Analyst
17-3029.01,1.A.1.a.3,Oral Expression,LV,3.88,8,0.125,3.63,4.12,N,N,08/2023,Analyst
17-3029.01,1.A.1.a.4,Written Expression,IM,3.5,8,0.189,3.1296,3.8704,N,,08/2023,Analyst
17-3029.01,1.A.1.a.4,Written Expression,LV,3.75,8,0.1637,3.4292,4.0708,N,N,08/2023,Analyst
17-3029.01,1.A.1.b.1,Fluency of Ideas,IM,2.75,8,0.1637,2.4292,3.0708,N,,08/2023,Analyst
17-3029.01,1.A.1.b.1,Fluency of Ideas,LV,2.88,8,0.125,2.63,3.12,N,N,08/2023,Analyst
17-3029.01,1.A.1.b.2,Originality,IM,2.5,8,0.189,2.1296,2.8704,N,,08/2023,Analyst
17-3029.01,1.A.1.b.2,Originality,LV,2.88,8,0.125,2.63,3.12,N,N,08/2023,Analyst
17-3029.01,1.A.1.b.3,Problem Sensitivity,IM,4.12,8,0.125,3.88,4.37,N,,08/2023,Analyst
17-3029.01,1.A.1.b.3,Problem Sensitivity,LV,4.25,8,0.25,3.76,4.74,N,N,08/2023,Analyst
17-3029.01,1.A.1.b.4,Deductive Reasoning,IM,4.0,8,0.189,3.6296,4.3704,N,,08/2023,Analyst
17-3029.01,1.A.1.b.4,Deductive Reasoning,LV,4.0,8,0.189,3.6296,4.3704,N,N,08/2023,Analyst
17-3029.01,1.A.1.b.5,Inductive Reasoning,IM,3.75,8,0.1637,3.4292,4.0708,N,,08/2023,Analyst
17-3029.01,1.A.1.b.5,Inductive Reasoning,LV,4.12,8,0.125,3.88,4.37,N,N,08/2023,Analyst
17-3029.01,1.A.1.b.6,Information Ordering,IM,3.75,8,0.1637,3.4292,4.0708,N,,08/2023,Analyst
17-3029.01,1.A.1.b.6,Information Ordering,LV,3.5,8,0.189,3.1296,3.8704,N,N,08/2023,Analyst
17-3029.01,1.A.1.b.7,Category Flexibility,IM,3.12,8,0.125,2.88,3.37,N,,08/2023,Analyst
17-3029.01,1.A.1.b.7,Category Flexibility,LV,3.25,8,0.1637,2.9292,3.5708,N,N,08/2023,Analyst
17-3029.01,1.A.1.c.1,Mathematical Reasoning,IM,3.0,8,0.189,2.6296,3.3704,N,,08/2023,Analyst
17-3029.01,1.A.1.c.1,Mathematical Reasoning,LV,3.0,8,0.0,3.0,3.0,N,N,08/2023,Analyst
17-3029.01,1.A.1.c.2,Number Facility,IM,2.88,8,0.2266,2.4309,3.3191,N,,08/2023,Analyst
17-3029.01,1.A.1.c.2,Number Facility,LV,3.0,8,0.0,3.0,3.0,N,N,08/2023,Analyst
17-3029.01,1.A.1.d.1,Memorization,IM,2.62,8,0.183,2.2664,2.9836,N,,08/2023,Analyst
17-3029.01,1.A.1.d.1,Memorization,LV,2.88,8,0.125,2.63,3.12,N,N,08/2023,Analyst
17-3029.01,1.A.1.e.1,Speed of Closure,IM,3.0,8,0.189,2.6296,3.3704,N,,08/2023,Analyst
17-3029.01,1.A.1.e.1,Speed of Closure,LV,3.12,8,0.125,2.88,3.37,N,N,08/2023,Analyst
17-3029.01,1.A.1.e.2,Flexibility of Closure,IM,3.25,8,0.1637,2.9292,3.5708,N,,08/2023,Analyst
17-3029.01,1.A.1.e.2,Flexibility of Closure,LV,3.62,8,0.2631,3.1094,4.1406,N,N,08/2023,Analyst
17-3029.01,1.A.1.e.3,Perceptual Speed,IM,3.12,8,0.125,2.88,3.37,N,,08/2023,Analyst
17-3029.01,1.A.1.e.3,Perceptual Speed,LV,3.12,8,0.125,2.88,3.37,N,N,08/2023,Analyst
17-3029.01,1.A.1.f.1,Spatial Orientation,IM,2.12,8,0.125,1.88,2.37,N,,08/2023,Analyst
17-3029.01,1.A.1.f.1,Spatial Orientation,LV,1.88,8,0.125,1.63,2.12,N,N,08/2023,Analyst
17-3029.01,1.A.1.f.2,Visualization,IM,3.12,8,0.125,2.88,3.37,N,,08/2023,Analyst
17-3029.01,1.A.1.f.2,Visualization,LV,3.12,8,0.125,2.88,3.37,N,N,08/2023,Analyst
17-3029.01,1.A.1.g.1,Selective Attention,IM,3.12,8,0.125,2.88,3.37,N,,08/2023,Analyst
17-3029.01,1.A.1.g.1,Selective Attention,LV,3.0,8,0.0,3.0,3.0,N,N,08/2023,Analyst
17-3029.01,1.A.1.g.2,Time Sharing,IM,2.75,8,0.1637,2.4292,3.0708,N,,08/2023,Analyst
17-3029.01,1.A.1.g.2,Time Sharing,LV,3.0,8,0.0,3.0,3.0,N,N,08/2023,Analyst
17-3029.01,1.A.2.a.1,Arm-Hand Steadiness,IM,3.0,8,0.0,3.0,3.0,N,,08/2023,Analyst
17-3029.01,1.A.2.a.1,Arm-Hand Steadiness,LV,3.0,8,0.0,3.0,3.0,N,N,08/2023,Analyst
17-3029.01,1.A.2.a.2,Manual Dexterity,IM,3.0,8,0.0,3.0,3.0,N,,08/2023,Analyst
17-3029.01,1.A.2.a.2,Manual Dexterity,LV,3.0,8,0.0,3.0,3.0,N,N,08/2023,Analyst
17-3029.01,1.A.2.a.3,Finger Dexterity,IM,2.88,8,0.125,2.63,3.12,N,,08/2023,Analyst
17-3029.01,1.A.2.a.3,Finger Dexterity,LV,2.88,8,0.125,2.63,3.12,N,N,08/2023,Analyst
17-3029.01,1.A.2.b.1,Control Precision,IM,3.12,8,0.125,2.88,3.37,N,,08/2023,Analyst
17-3029.01,1.A.2.b.1,Control Precision,LV,3.12,8,0.125,2.88,3.37,N,N,08/2023,Analyst
17-3029.01,1.A.2.b.2,Multilimb Coordination,IM,2.88,8,0.125,2.63,3.12,N,,08/2023,Analyst
17-3029.01,1.A.2.b.2,Multilimb Coordination,LV,3.0,8,0.0,3.0,3.0,N,N,08/2023,Analyst
17-3029.01,1.A.2.b.3,Response Orientation,IM,2.0,8,0.0,2.0,2.0,N,,08/2023,Analyst
17-3029.01,1.A.2.b.3,Response Orientation,LV,2.0,8,0.0,2.0,2.0,N,N,08/2023,Analyst
17-3029.01,1.A.2.b.4,Rate Control,IM,2.38,8,0.183,2.0164,2.7336,N,,08/2023,Analyst
17-3029.01,1.A.2.b.4,Rate Control,LV,2.0,8,0.0,2.0,2.0,N,N,08/2023,Analyst
17-3029.01,1.A.2.c.1,Reaction Time,IM,2.75,8,0.1637,2.4292,3.0708,N,,08/2023,Analyst
17-3029.01,1.A.2.c.1,Reaction Time,LV,2.75,8,0.1637,2.4292,3.0708,N,N,08/2023,Analyst
17-3029.01,1.A.2.c.2,Wrist-Finger Speed,IM,2.0,8,0.0,2.0,2.0,N,,08/2023,Analyst
17-3029.01,1.A.2.c.2,Wrist-Finger Speed,LV,2.0,8,0.0,2.0,2.0,N,N,08/2023,Analyst
17-3029.01,1.A.2.c.3,Speed of Limb Movement,IM,1.62,8,0.183,1.2664,1.9836,N,,08/2023,Analyst
17-3029.01,1.A.2.c.3,Speed of Limb Movement,LV,0.88,8,0.295,0.2967,1.4533,N,N,08/2023,Analyst
17-3029.01,1.A.3.a.1,Static Strength,IM,2.12,8,0.125,1.88,2.37,N,,08/2023,Analyst
17-3029.01,1.A.3.a.1,Static Strength,LV,2.12,8,0.125,1.88,2.37,N,N,08/2023,Analyst
17-3029.01,1.A.3.a.2,Explosive Strength,IM,1.75,8,0.1637,1.4292,2.0708,N,,08/2023,Analyst
17-3029.01,1.A.3.a.2,Explosive Strength,LV,0.88,8,0.2266,0.4309,1.3191,N,N,08/2023,Analyst
17-3029.01,1.A.3.a.3,Dynamic Strength,IM,2.0,8,0.0,2.0,2.0,N,,08/2023,Analyst
17-3029.01,1.A.3.a.3,Dynamic Strength,LV,2.0,8,0.0,2.0,2.0,N,N,08/2023,Analyst
17-3029.01,1.A.3.a.4,Trunk Strength,IM,2.62,8,0.183,2.2664,2.9836,N,,08/2023,Analyst
17-3029.01,1.A.3.a.4,Trunk Strength,LV,2.62,8,0.183,2.2664,2.9836,N,N,08/2023,Analyst
17-3029.01,1.A.3.b.1,Stamina,IM,2.0,8,0.0,2.0,2.0,N,,08/2023,Analyst
17-3029.01,1.A.3.b.1,Stamina,LV,2.0,8,0.0,2.0,2.0,N,N,08/2023,Analyst
17-3029.01,1.A.3.c.1,Extent Flexibility,IM,2.25,8,0.1637,1.9292,2.5708,N,,08/2023,Analyst
17-3029.01,1.A.3.c.1,Extent Flexibility,LV,2.62,8,0.183,2.2664,2.9836,N,N,08/2023,Analyst
17-3029.01,1.A.3.c.2,Dynamic Flexibility,IM,1.0,8,0.0,1.0,1.0,N,,08/2023,Analyst
17-3029.01,1.A.3.c.2,Dynamic Flexibility,LV,0.0,8,0.0,0.0,0.0,N,Y,08/2023,Analyst
17-3029.01,1.A.3.c.3,Gross Body Coordination,IM,2.0,8,0.0,2.0,2.0,N,,08/2023,Analyst
17-3029.01,1.A.3.c.3,Gross Body Coordination,LV,2.0,8,0.0,2.0,2.0,N,N,08/2023,Analyst
17-3029.01,1.A.3.c.4,Gross Body Equilibrium,IM,2.12,8,0.125,1.88,2.37,N,,08/2023,Analyst
17-3029.01,1.A.3.c.4,Gross Body Equilibrium,LV,2.12,8,0.125,1.88,2.37,N,N,08/2023,Analyst
17-3029.01,1.A.4.a.1,Near Vision,IM,4.0,8,0.0,4.0,4.0,N,,08/2023,Analyst
17-3029.01,1.A.4.a.1,Near Vision,LV,4.0,8,0.0,4.0,4.0,N,N,08/2023,Analyst
17-3029.01,1.A.4.a.2,Far Vision,IM,3.62,8,0.183,3.2664,3.9836,N,,08/2023,Analyst
17-3029.01,1.A.4.a.2,Far Vision,LV,3.62,8,0.2631,3.1094,4.1406,N,N,08/2023,Analyst
17-3029.01,1.A.4.a.3,Visual Color Discrimination,IM,3.0,8,0.0,3.0,3.0,N,,08/2023,Analyst
17-3029.01,1.A.4.a.3,Visual Color Discrimination,LV,3.0,8,0.0,3.0,3.0,N,N,08/2023,Analyst
17-3029.01,1.A.4.a.4,Night Vision,IM,1.62,8,0.183,1.2664,1.9836,N,,08/2023,Analyst
17-3029.01,1.A.4.a.4,Night Vision,LV,0.88,8,0.295,0.2967,1.4533,N,N,08/2023,Analyst
17-3029.01,1.A.4.a.5,Peripheral Vision,IM,1.75,8,0.1637,1.4292,2.0708,N,,08/2023,Analyst
17-3029.01,1.A.4.a.5,Peripheral Vision,LV,1.25,8,0.3134,0.6358,1.8642,N,N,08/2023,Analyst
17-3029.01,1.A.4.a.6,Depth Perception,IM,2.88,8,0.125,2.63,3.12,N,,08/2023,Analyst
17-3029.01,1.A.4.a.6,Depth Perception,LV,2.75,8,0.1637,2.4292,3.0708,N,N,08/2023,Analyst
17-3029.01,1.A.4.a.7,Glare Sensitivity,IM,2.0,8,0.0,2.0,2.0,N,,08/2023,Analyst
17-3029.01,1.A.4.a.7,Glare Sensitivity,LV,2.0,8,0.0,2.0,2.0,N,N,08/2023,Analyst
17-3029.01,1.A.4.b.1,Hearing Sensitivity,IM,2.38,8,0.183,2.0164,2.7336,N,,08/2023,Analyst
17-3029.01,1.A.4.b.1,Hearing Sensitivity,LV,2.12,8,0.125,1.88,2.37,N,N,08/2023,Analyst
17-3029.01,1.A.4.b.2,Auditory Attention,IM,2.88,8,0.125,2.63,3.12,N,,08/2023,Analyst
17-3029.01,1.A.4.b.2,Auditory Attention,LV,2.75,8,0.1637,2.4292,3.0708,N,N,08/2023,Analyst
17-3029.01,1.A.4.b.3,Sound Localization,IM,1.88,8,0.125,1.63,2.12,N,,08/2023,Analyst
17-3029.01,1.A.4.b.3,Sound Localization,LV,1.75,8,0.25,1.26,2.24,N,N,08/2023,Analyst
17-3029.01,1.A.4.b.4,Speech Recognition,IM,3.25,8,0.1637,2.9292,3.5708,N,,08/2023,Analyst
17-3029.01,1.A.4.b.4,Speech Recognition,LV,3.0,8,0.0,3.0,3.0,N,N,08/2023,Analyst
17-3029.01,1.A.4.b.5,Speech Clarity,IM,3.25,8,0.1637,2.9292,3.5708,N,,08/2023,Analyst
17-3029.01,1.A.4.b.5,Speech Clarity,LV,3.0,8,0.0,3.0,3.0,N,N,08/2023,Analyst
17-3029.08,1.A.1.a.1,Oral Comprehension,IM,3.62,8,0.183,3.2664,3.9836,N,,08/2024,Analyst
17-3029.08,1.A.1.a.1,Oral Comprehension,LV,4.0,8,0.189,3.6296,4.3704,N,N,08/2024,Analyst
17-3029.08,1.A.1.a.2,Written Comprehension,IM,3.5,8,0.189,3.1296,3.8704,N,,08/2024,Analyst
17-3029.08,1.A.1.a.2,Written Comprehension,LV,3.88,8,0.125,3.63,4.12,N,N,08/2024,Analyst
17-3029.08,1.A.1.a.3,Oral Expression,IM,3.25,8,0.1637,2.9292,3.5708,N,,08/2024,Analyst
17-3029.08,1.A.1.a.3,Oral Expression,LV,3.75,8,0.1637,3.4292,4.0708,N,N,08/2024,Analyst
17-3029.08,1.A.1.a.4,Written Expression,IM,3.25,8,0.1637,2.9292,3.5708,N,,08/2024,Analyst
17-3029.08,1.A.1.a.4,Written Expression,LV,3.38,8,0.183,3.0164,3.7336,N,N,08/2024,Analyst
17-3029.08,1.A.1.b.1,Fluency of Ideas,IM,2.75,8,0.1637,2.4292,3.0708,N,,08/2024,Analyst
17-3029.08,1.A.1.b.1,Fluency of Ideas,LV,3.0,8,0.0,3.0,3.0,N,N,08/2024,Analyst
17-3029.08,1.A.1.b.2,Originality,IM,2.62,8,0.183,2.2664,2.9836,N,,08/2024,Analyst
17-3029.08,1.A.1.b.2,Originality,LV,2.88,8,0.125,2.63,3.12,N,N,08/2024,Analyst
17-3029.08,1.A.1.b.3,Problem Sensitivity,IM,3.62,8,0.183,3.2664,3.9836,N,,08/2024,Analyst
17-3029.08,1.A.1.b.3,Problem Sensitivity,LV,3.5,8,0.189,3.1296,3.8704,N,N,08/2024,Analyst
17-3029.08,1.A.1.b.4,Deductive Reasoning,IM,3.25,8,0.1637,2.9292,3.5708,N,,08/2024,Analyst
17-3029.08,1.A.1.b.4,Deductive Reasoning,LV,3.12,8,0.125,2.88,3.37,N,N,08/2024,Analyst
17-3029.08,1.A.1.b.5,Inductive Reasoning,IM,3.12,8,0.125,2.88,3.37,N,,08/2024,Analyst
17-3029.08,1.A.1.b.5,Inductive Reasoning,LV,3.0,8,0.0,3.0,3.0,N,N,08/2024,Analyst
17-3029.08,1.A.1.b.6,Information Ordering,IM,3.38,8,0.183,3.0164,3.7336,N,,08/2024,Analyst
17-3029.08,1.A.1.b.6,Information Ordering,LV,3.38,8,0.183,3.0164,3.7336,N,N,08/2024,Analyst
17-3029.08,1.A.1.b.7,Category Flexibility,IM,3.12,8,0.125,2.88,3.37,N,,08/2024,Analyst
17-3029.08,1.A.1.b.7,Category Flexibility,LV,3.12,8,0.125,2.88,3.37,N,N,08/2024,Analyst
17-3029.08,1.A.1.c.1,Mathematical Reasoning,IM,2.88,8,0.125,2.63,3.12,N,,08/2024,Analyst
17-3029.08,1.A.1.c.1,Mathematical Reasoning,LV,2.88,8,0.125,2.63,3.12,N,N,08/2024,Analyst
17-3029.08,1.A.1.c.2,Number Facility,IM,2.88,8,0.125,2.63,3.12,N,,08/2024,Analyst
17-3029.08,1.A.1.c.2,Number Facility,LV,2.88,8,0.125,2.63,3.12,N,N,08/2024,Analyst
17-3029.08,1.A.1.d.1,Memorization,IM,2.25,8,0.1637,1.9292,2.5708,N,,08/2024,Analyst
17-3029.08,1.A.1.d.1,Memorization,LV,2.38,8,0.183,2.0164,2.7336,N,N,08/2024,Analyst
17-3029.08,1.A.1.e.1,Speed of Closure,IM,2.75,8,0.1637,2.4292,3.0708,N,,08/2024,Analyst
17-3029.08,1.A.1.e.1,Speed of Closure,LV,2.62,8,0.183,2.2664,2.9836,N,N,08/2024,Analyst
17-3029.08,1.A.1.e.2,Flexibility of Closure,IM,2.62,8,0.183,2.2664,2.9836,N,,08/2024,Analyst
17-3029.08,1.A.1.e.2,Flexibility of Closure,LV,2.75,8,0.1637,2.4292,3.0708,N,N,08/2024,Analyst
17-3029.08,1.A.1.e.3,Perceptual Speed,IM,3.25,8,0.1637,2.9292,3.5708,N,,08/2024,Analyst
17-3029.08,1.A.1.e.3,Perceptual Speed,LV,3.0,8,0.0,3.0,3.0,N,N,08/2024,Analyst
17-3029.08,1.A.1.f.1,Spatial Orientation,IM,1.25,8,0.1637,1.0,1.5708,N,,08/2024,Analyst
17-3029.08,1.A.1.f.1,Spatial Orientation,LV,0.25,8,0.1637,0.0,0.5708,N,Y,08/2024,Analyst
17-3029.08,1.A.1.f.2,Visualization,IM,3.12,8,0.125,2.88,3.37,N,,08/2024,Analyst
17-3029.08,1.A.1.f.2,Visualization,LV,3.12,8,0.125,2.88,3.37,N,N,08/2024,Analyst
17-3029.08,1.A.1.g.1,Selective Attention,IM,3.0,8,0.0,3.0,3.0,N,,08/2024,Analyst
17-3029.08,1.A.1.g.1,Selective Attention,LV,3.0,8,0.0,3.0,3.0,N,N,08/2024,Analyst
17-3029.08,1.A.1.g.2,Time Sharing,IM,2.5,8,0.189,2.1296,2.8704,N,,08/2024,Analyst
17-3029.08,1.A.1.g.2,Time Sharing,LV,2.5,8,0.189,2.1296,2.8704,N,N,08/2024,Analyst
17-3029.08,1.A.2.a.1,Arm-Hand Steadiness,IM,3.12,8,0.125,2.88,3.37,N,,08/2024,Analyst
17-3029.08,1.A.2.a.1,Arm-Hand Steadiness,LV,3.12,8,0.125,2.88,3.37,N,N,08/2024,Analyst
17-3029.08,1.A.2.a.2,Manual Dexterity,IM,3.12,8,0.125,2.88,3.37,N,,08/2024,Analyst
17-3029.08,1.A.2.a.2,Manual Dexterity,LV,3.0,8,0.0,3.0,3.0,N,N,08/2024,Analyst
17-3029.08,1.A.2.a.3,Finger Dexterity,IM,3.38,8,0.183,3.0164,3.7336,N,,08/2024,Analyst
17-3029.08,1.A.2.a.3,Finger Dexterity,LV,3.75,8,0.1637,3.4292,4.0708,N,N,08/2024,Analyst
17-3029.08,1.A.2.b.1,Control Precision,IM,3.12,8,0.125,2.88,3.37,N,,08/2024,Analyst
17-3029.08,1.A.2.b.1,Control Precision,LV,3.38,8,0.183,3.0164,3.7336,N,N,08/2024,Analyst
17-3029.08,1.A.2.b.2,Multilimb Coordination,IM,2.75,8,0.1637,2.4292,3.0708,N,,08/2024,Analyst
17-3029.08,1.A.2.b.2,Multilimb Coordination,LV,3.0,8,0.0,3.0,3.0,N,N,08/2024,Analyst
17-3029.08,1.A.2.b.3,Response Orientation,IM,2.0,8,0.189,1.6296,2.3704,N,,08/2024,Analyst
17-3029.08,1.A.2.b.3,Response Orientation,LV,1.88,8,0.295,1.2967,2.4533,N,N,08/2024,Analyst
17-3029.08,1.A.2.b.4,Rate Control,IM,2.0,8,0.0,2.0,2.0,N,,08/2024,Analyst
17-3029.08,1.A.2.b.4,Rate Control,LV,2.0,8,0.0,2.0,2.0,N,N,08/2024,Analyst
17-3029.08,1.A.2.c.1,Reaction Time,IM,2.25,8,0.1637,1.9292,2.5708,N,,08/2024,Analyst
17-3029.08,1.A.2.c.1,Reaction Time,LV,2.62,8,0.183,2.2664,2.9836,N,N,08/2024,Analyst
17-3029.08,1.A.2.c.2,Wrist-Finger Speed,IM,2.12,8,0.125,1.88,2.37,N,,08/2024,Analyst
17-3029.08,1.A.2.c.2,Wrist-Finger Speed,LV,2.0,8,0.0,2.0,2.0,N,N,08/2024,Analyst
17-3029.08,1.A.2.c.3,Speed of Limb Movement,IM,1.0,8,0.0,1.0,1.0,N,,08/2024,Analyst
17-3029.08,1.A.2.c.3,Speed of Limb Movement,LV,0.0,8,0.0,0.0,0.0,N,Y,08/2024,Analyst
17-3029.08,1.A.3.a.1,Static Strength,IM,2.12,8,0.125,1.88,2.37,N,,08/2024,Analyst
17-3029.08,1.A.3.a.1,Static Strength,LV,2.0,8,0.0,2.0,2.0,N,N,08/2024,Analyst
17-3029.08,1.A.3.a.2,Explosive Strength,IM,1.38,8,0.183,1.0164,1.7336,N,,08/2024,Analyst
17-3029.08,1.A.3.a.2,Explosive Strength,LV,0.75,8,0.366,0.0327,1.4673,N,N,08/2024,Analyst
17-3029.08,1.A.3.a.3,Dynamic Strength,IM,1.5,8,0.189,1.1296,1.8704,N,,08/2024,Analyst
17-3029.08,1.A.3.a.3,Dynamic Strength,LV,0.88,8,0.3504,0.1883,1.5617,N,N,08/2024,Analyst
17-3029.08,1.A.3.a.4,Trunk Strength,IM,2.25,8,0.1637,1.9292,2.5708,N,,08/2024,Analyst
17-3029.08,1.A.3.a.4,Trunk Strength,LV,2.12,8,0.125,1.88,2.37,N,N,08/2024,Analyst
17-3029.08,1.A.3.b.1,Stamina,IM,1.5,8,0.189,1.1296,1.8704,N,,08/2024,Analyst
17-3029.08,1.A.3.b.1,Stamina,LV,0.62,8,0.2631,0.1094,1.1406,N,N,08/2024,Analyst
17-3029.08,1.A.3.c.1,Extent Flexibility,IM,1.75,8,0.25,1.26,2.24,N,,08/2024,Analyst
17-3029.08,1.A.3.c.1,Extent Flexibility,LV,1.12,8,0.3504,0.4383,1.8117,N,N,08/2024,Analyst
17-3029.08,1.A.3.c.2,Dynamic Flexibility,IM,1.0,8,0.0,1.0,1.0,N,,08/2024,Analyst
17-3029.08,1.A.3.c.2,Dynamic Flexibility,LV,0.0,8,0.0,0.0,0.0,N,Y,08/2024,Analyst
17-3029.08,1.A.3.c.3,Gross Body Coordination,IM,1.38,8,0.183,1.0164,1.7336,N,,08/2024,Analyst
17-3029.08,1.A.3.c.3,Gross Body Coordination,LV,0.5,8,0.2673,0.0,1.0238,N,N,08/2024,Analyst
17-3029.08,1.A.3.c.4,Gross Body Equilibrium,IM,1.38,8,0.183,1.0164,1.7336,N,,08/2024,Analyst
17-3029.08,1.A.3.c.4,Gross Body Equilibrium,LV,0.5,8,0.2673,0.0,1.0238,N,N,08/2024,Analyst
17-3029.08,1.A.4.a.1,Near Vision,IM,3.75,8,0.1637,3.4292,4.0708,N,,08/2024,Analyst
17-3029.08,1.A.4.a.1,Near Vision,LV,3.88,8,0.125,3.63,4.12,N,N,08/2024,Analyst
17-3029.08,1.A.4.a.2,Far Vision,IM,2.88,8,0.125,2.63,3.12,N,,08/2024,Analyst
17-3029.08,1.A.4.a.2,Far Vision,LV,3.0,8,0.0,3.0,3.0,N,N,08/2024,Analyst
17-3029.08,1.A.4.a.3,Visual Color Discrimination,IM,3.0,8,0.0,3.0,3.0,N,,08/2024,Analyst
17-3029.08,1.A.4.a.3,Visual Color Discrimination,LV,3.0,8,0.0,3.0,3.0,N,N,08/2024,Analyst
17-3029.08,1.A.4.a.4,Night Vision,IM,1.0,8,0.0,1.0,1.0,N,,08/2024,Analyst
17-3029.08,1.A.4.a.4,Night Vision,LV,0.0,8,0.0,0.0,0.0,N,Y,08/2024,Analyst
17-3029.08,1.A.4.a.5,Peripheral Vision,IM,1.0,8,0.0,1.0,1.0,N,,08/2024,Analyst
17-3029.08,1.A.4.a.5,Peripheral Vision,LV,0.0,8,0.0,0.0,0.0,N,Y,08/2024,Analyst
17-3029.08,1.A.4.a.6,Depth Perception,IM,2.5,8,0.189,2.1296,2.8704,N,,08/2024,Analyst
17-3029.08,1.A.4.a.6,Depth Perception,LV,2.62,8,0.183,2.2664,2.9836,N,N,08/2024,Analyst
17-3029.08,1.A.4.a.7,Glare Sensitivity,IM,1.25,8,0.1637,1.0,1.5708,N,,08/2024,Analyst
17-3029.08,1.A.4.a.7,Glare Sensitivity,LV,0.38,8,0.2631,0.0,0.8906,N,Y,08/2024,Analyst
17-3029.08,1.A.4.b.1,Hearing Sensitivity,IM,2.38,8,0.183,2.0164,2.7336,N,,08/2024,Analyst
17-3029.08,1.A.4.b.1,Hearing Sensitivity,LV,2.75,8,0.1637,2.4292,3.0708,N,N,08/2024,Analyst
17-3029.08,1.A.4.b.2,Auditory Attention,IM,2.38,8,0.183,2.0164,2.7336,N,,08/2024,Analyst
17-3029.08,1.A.4.b.2,Auditory Attention,LV,2.38,8,0.183,2.0164,2.7336,N,N,08/2024,Analyst
17-3029.08,1.A.4.b.3,Sound Localization,IM,1.0,8,0.0,1.0,1.0,N,,08/2024,Analyst
17-3029.08,1.A.4.b.3,Sound Localization,LV,0.0,8,0.0,0.0,0.0,N,Y,08/2024,Analyst
17-3029.08,1.A.4.b.4,Speech Recognition,IM,3.0,8,0.0,3.0,3.0,N,,08/2024,Analyst
17-3029.08,1.A.4.b.4,Speech Recognition,LV,3.0,8,0.0,3.0,3.0,N,N,08/2024,Analyst
17-3029.08,1.A.4.b.5,Speech Clarity,IM,3.0,8,0.0,3.0,3.0,N,,08/2024,Analyst
17-3029.08,1.A.4.b.5,Speech Clarity,LV,3.0,8,0.0,3.0,3.0,N,N,08/2024,Analyst
17-3031.00,1.A.1.a.1,Oral Comprehension,IM,3.38,8,0.183,3.0164,3.7336,N,,08/2024,Analyst
17-3031.00,1.A.1.a.1,Oral Comprehension,LV,3.75,8,0.25,3.26,4.24,N,N,08/2024,Analyst
17-3031.00,1.A.1.a.2,Written Comprehension,IM,3.75,8,0.1637,3.4292,4.0708,N,,08/2024,Analyst
17-3031.00,1.A.1.a.2,Written Comprehension,LV,3.5,8,0.189,3.1296,3.8704,N,N,08/2024,Analyst
17-3031.00,1.A.1.a.3,Oral Expression,IM,3.38,8,0.183,3.0164,3.7336,N,,08/2024,Analyst
17-3031.00,1.A.1.a.3,Oral Expression,LV,3.62,8,0.183,3.2664,3.9836,N,N,08/2024,Analyst
17-3031.00,1.A.1.a.4,Written Expression,IM,3.25,8,0.1637,2.9292,3.5708,N,,08/2024,Analyst
17-3031.00,1.A.1.a.4,Written Expression,LV,3.38,8,0.183,3.0164,3.7336,N,N,08/2024,Analyst
17-3031.00,1.A.1.b.1,Fluency of Ideas,IM,3.0,8,0.189,2.6296,3.3704,N,,08/2024,Analyst
17-3031.00,1.A.1.b.1,Fluency of Ideas,LV,3.12,8,0.125,2.88,3.37,N,N,08/2024,Analyst
17-3031.00,1.A.1.b.2,Originality,IM,2.75,8,0.1637,2.4292,3.0708,N,,08/2024,Analyst
17-3031.00,1.A.1.b.2,Originality,LV,2.5,8,0.2673,1.9762,3.0238,N,N,08/2024,Analyst
17-3031.00,1.A.1.b.3,Problem Sensitivity,IM,3.25,8,0.1637,2.9292,3.5708,N,,08/2024,Analyst
17-3031.00,1.A.1.b.3,Problem Sensitivity,LV,3.12,8,0.2266,2.6809,3.5691,N,N,08/2024,Analyst
17-3031.00,1.A.1.b.4,Deductive Reasoning,IM,3.25,8,0.1637,2.9292,3.5708,N,,08/2024,Analyst
17-3031.00,1.A.1.b.4,Deductive Reasoning,LV,3.25,8,0.1637,2.9292,3.5708,N,N,08/2024,Analyst
17-3031.00,1.A.1.b.5,Inductive Reasoning,IM,3.38,8,0.183,3.0164,3.7336,N,,08/2024,Analyst
17-3031.00,1.A.1.b.5,Inductive Reasoning,LV,3.12,8,0.125,2.88,3.37,N,N,08/2024,Analyst
17-3031.00,1.A.1.b.6,Information Ordering,IM,3.25,8,0.1637,2.9292,3.5708,N,,08/2024,Analyst
17-3031.00,1.A.1.b.6,Information Ordering,LV,3.5,8,0.189,3.1296,3.8704,N,N,08/2024,Analyst
17-3031.00,1.A.1.b.7,Category Flexibility,IM,3.12,8,0.125,2.88,3.37,N,,08/2024,Analyst
17-3031.00,1.A.1.b.7,Category Flexibility,LV,3.12,8,0.2266,2.6809,3.5691,N,N,08/2024,Analyst
17-3031.00,1.A.1.c.1,Mathematical Reasoning,IM,2.88,8,0.295,2.2967,3.4533,N,,08/2024,Analyst
17-3031.00,1.A.1.c.1,Mathematical Reasoning,LV,2.75,8,0.1637,2.4292,3.0708,N,N,08/2024,Analyst
17-3031.00,1.A.1.c.2,Number Facility,IM,2.62,8,0.2631,2.1094,3.1406,N,,08/2024,Analyst
17-3031.00,1.A.1.c.2,Number Facility,LV,2.75,8,0.25,2.26,3.24,N,N,08/2024,Analyst
17-3031.00,1.A.1.d.1,Memorization,IM,2.38,8,0.183,2.0164,2.7336,N,,08/2024,Analyst
17-3031.00,1.A.1.d.1,Memorization,LV,2.38,8,0.3239,1.7402,3.0098,N,N,08/2024,Analyst
17-3031.00,1.A.1.e.1,Speed of Closure,IM,2.5,8,0.189,2.1296,2.8704,N,,08/2024,Analyst
17-3031.00,1.A.1.e.1,Speed of Closure,LV,2.12,8,0.3504,1.4383,2.8117,N,N,08/2024,Analyst
17-3031.00,1.A.1.e.2,Flexibility of Closure,IM,3.12,8,0.2266,2.6809,3.5691,N,,08/2024,Analyst
17-3031.00,1.A.1.e.2,Flexibility of Closure,LV,3.38,8,0.3239,2.7402,4.0098,N,N,08/2024,Analyst
17-3031.00,1.A.1.e.3,Perceptual Speed,IM,2.88,8,0.2266,2.4309,3.3191,N,,08/2024,Analyst
17-3031.00,1.A.1.e.3,Perceptual Speed,LV,2.62,8,0.183,2.2664,2.9836,N,N,08/2024,Analyst
17-3031.00,1.A.1.f.1,Spatial Orientation,IM,2.25,8,0.25,1.76,2.74,N,,08/2024,Analyst
17-3031.00,1.A.1.f.1,Spatial Orientation,LV,2.12,8,0.5154,1.1148,3.1352,Y,N,08/2024,Analyst
17-3031.00,1.A.1.f.2,Visualization,IM,2.75,8,0.1637,2.4292,3.0708,N,,08/2024,Analyst
17-3031.00,1.A.1.f.2,Visualization,LV,3.0,8,0.189,2.6296,3.3704,N,N,08/2024,Analyst
17-3031.00,1.A.1.g.1,Selective Attention,IM,2.88,8,0.2266,2.4309,3.3191,N,,08/2024,Analyst
17-3031.00,1.A.1.g.1,Selective Attention,LV,2.62,8,0.183,2.2664,2.9836,N,N,08/2024,Analyst
17-3031.00,1.A.1.g.2,Time Sharing,IM,2.5,8,0.189,2.1296,2.8704,N,,08/2024,Analyst
17-3031.00,1.A.1.g.2,Time Sharing,LV,2.5,8,0.2673,1.9762,3.0238,N,N,08/2024,Analyst
17-3031.00,1.A.2.a.1,Arm-Hand Steadiness,IM,2.75,8,0.25,2.26,3.24,N,,08/2024,Analyst
17-3031.00,1.A.2.a.1,Arm-Hand Steadiness,LV,2.62,8,0.2631,2.1094,3.1406,N,N,08/2024,Analyst
17-3031.00,1.A.2.a.2,Manual Dexterity,IM,2.5,8,0.2673,1.9762,3.0238,N,,08/2024,Analyst
17-3031.00,1.A.2.a.2,Manual Dexterity,LV,2.5,8,0.3273,1.8584,3.1416,N,N,08/2024,Analyst
17-3031.00,1.A.2.a.3,Finger Dexterity,IM,2.5,8,0.3273,1.8584,3.1416,N,,08/2024,Analyst
17-3031.00,1.A.2.a.3,Finger Dexterity,LV,2.38,8,0.4199,1.5519,3.1981,N,N,08/2024,Analyst
17-3031.00,1.A.2.b.1,Control Precision,IM,2.62,8,0.183,2.2664,2.9836,N,,08/2024,Analyst
17-3031.00,1.A.2.b.1,Control Precision,LV,2.5,8,0.3273,1.8584,3.1416,N,N,08/2024,Analyst
17-3031.00,1.A.2.b.2,Multilimb Coordination,IM,2.5,8,0.189,2.1296,2.8704,N,,08/2024,Analyst
17-3031.00,1.A.2.b.2,Multilimb Coordination,LV,2.25,8,0.25,1.76,2.74,N,N,08/2024,Analyst
17-3031.00,1.A.2.b.3,Response Orientation,IM,2.0,8,0.189,1.6296,2.3704,N,,08/2024,Analyst
17-3031.00,1.A.2.b.3,Response Orientation,LV,1.62,8,0.375,0.89,2.36,N,N,08/2024,Analyst
17-3031.00,1.A.2.b.4,Rate Control,IM,1.88,8,0.2266,1.4309,2.3191,N,,08/2024,Analyst
17-3031.00,1.A.2.b.4,Rate Control,LV,1.38,8,0.375,0.64,2.11,N,N,08/2024,Analyst
17-3031.00,1.A.2.c.1,Reaction Time,IM,2.38,8,0.183,2.0164,2.7336,N,,08/2024,Analyst
17-3031.00,1.A.2.c.1,Reaction Time,LV,2.38,8,0.3239,1.7402,3.0098,N,N,08/2024,Analyst
17-3031.00,1.A.2.c.2,Wrist-Finger Speed,IM,2.25,8,0.366,1.5327,2.9673,N,,08/2024,Analyst
17-3031.00,1.A.2.c.2,Wrist-Finger Speed,LV,1.62,8,0.4199,0.8019,2.4481,N,N,08/2024,Analyst
17-3031.00,1.A.2.c.3,Speed of Limb Movement,IM,1.38,8,0.2631,1.0,1.8906,N,,08/2024,Analyst
17-3031.00,1.A.2.c.3,Speed of Limb Movement,LV,0.5,8,0.378,0.0,1.2408,N,Y,08/2024,Analyst
17-3031.00,1.A.3.a.1,Static Strength,IM,2.12,8,0.2266,1.6809,2.5691,N,,08/2024,Analyst
17-3031.00,1.A.3.a.1,Static Strength,LV,2.0,8,0.378,1.2592,2.7408,N,N,08/2024,Analyst
17-3031.00,1.A.3.a.2,Explosive Strength,IM,2.0,8,0.189,1.6296,2.3704,N,,08/2024,Analyst
17-3031.00,1.A.3.a.2,Explosive Strength,LV,1.5,8,0.3273,0.8584,2.1416,N,N,08/2024,Analyst
17-3031.00,1.A.3.a.3,Dynamic Strength,IM,2.25,8,0.25,1.76,2.74,N,,08/2024,Analyst
17-3031.00,1.A.3.a.3,Dynamic Strength,LV,1.75,8,0.3134,1.1358,2.3642,N,N,08/2024,Analyst
17-3031.00,1.A.3.a.4,Trunk Strength,IM,2.62,8,0.183,2.2664,2.9836,N,,08/2024,Analyst
17-3031.00,1.A.3.a.4,Trunk Strength,LV,2.5,8,0.2673,1.9762,3.0238,N,N,08/2024,Analyst
17-3031.00,1.A.3.b.1,Stamina,IM,2.12,8,0.2266,1.6809,2.5691,N,,08/2024,Analyst
17-3031.00,1.A.3.b.1,Stamina,LV,1.5,8,0.3273,0.8584,2.1416,N,N,08/2024,Analyst
17-3031.00,1.A.3.c.1,Extent Flexibility,IM,2.0,8,0.2673,1.4762,2.5238,N,,08/2024,Analyst
17-3031.00,1.A.3.c.1,Extent Flexibility,LV,1.38,8,0.4199,0.5519,2.1981,N,N,08/2024,Analyst
17-3031.00,1.A.3.c.2,Dynamic Flexibility,IM,1.25,8,0.25,1.0,1.74,N,,08/2024,Analyst
17-3031.00,1.A.3.c.2,Dynamic Flexibility,LV,0.38,8,0.375,0.0,1.11,N,Y,08/2024,Analyst
17-3031.00,1.A.3.c.3,Gross Body Coordination,IM,2.12,8,0.2266,1.6809,2.5691,N,,08/2024,Analyst
17-3031.00,1.A.3.c.3,Gross Body Coordination,LV,1.75,8,0.3134,1.1358,2.3642,N,N,08/2024,Analyst
17-3031.00,1.A.3.c.4,Gross Body Equilibrium,IM,2.0,8,0.189,1.6296,2.3704,N,,08/2024,Analyst
17-3031.00,1.A.3.c.4,Gross Body Equilibrium,LV,1.5,8,0.3273,0.8584,2.1416,N,N,08/2024,Analyst
17-3031.00,1.A.4.a.1,Near Vision,IM,3.5,8,0.189,3.1296,3.8704,N,,08/2024,Analyst
17-3031.00,1.A.4.a.1,Near Vision,LV,3.75,8,0.1637,3.4292,4.0708,N,N,08/2024,Analyst
17-3031.00,1.A.4.a.2,Far Vision,IM,3.12,8,0.2266,2.6809,3.5691,N,,08/2024,Analyst
17-3031.00,1.A.4.a.2,Far Vision,LV,3.38,8,0.3239,2.7402,4.0098,N,N,08/2024,Analyst
17-3031.00,1.A.4.a.3,Visual Color Discrimination,IM,2.88,8,0.2266,2.4309,3.3191,N,,08/2024,Analyst
17-3031.00,1.A.4.a.3,Visual Color Discrimination,LV,3.0,8,0.189,2.6296,3.3704,N,N,08/2024,Analyst
17-3031.00,1.A.4.a.4,Night Vision,IM,1.62,8,0.2631,1.1094,2.1406,N,,08/2024,Analyst
17-3031.00,1.A.4.a.4,Night Vision,LV,0.75,8,0.3134,0.1358,1.3642,N,N,08/2024,Analyst
17-3031.00,1.A.4.a.5,Peripheral Vision,IM,1.62,8,0.183,1.2664,1.9836,N,,08/2024,Analyst
17-3031.00,1.A.4.a.5,Peripheral Vision,LV,0.75,8,0.25,0.26,1.24,N,N,08/2024,Analyst
17-3031.00,1.A.4.a.6,Depth Perception,IM,2.25,8,0.25,1.76,2.74,N,,08/2024,Analyst
17-3031.00,1.A.4.a.6,Depth Perception,LV,1.88,8,0.295,1.2967,2.4533,N,N,08/2024,Analyst
17-3031.00,1.A.4.a.7,Glare Sensitivity,IM,1.75,8,0.1637,1.4292,2.0708,N,,08/2024,Analyst
17-3031.00,1.A.4.a.7,Glare Sensitivity,LV,1.5,8,0.3273,0.8584,2.1416,N,N,08/2024,Analyst
17-3031.00,1.A.4.b.1,Hearing Sensitivity,IM,2.12,8,0.2266,1.6809,2.5691,N,,08/2024,Analyst
17-3031.00,1.A.4.b.1,Hearing Sensitivity,LV,2.0,8,0.3273,1.3584,2.6416,N,N,08/2024,Analyst
17-3031.00,1.A.4.b.2,Auditory Attention,IM,2.25,8,0.25,1.76,2.74,N,,08/2024,Analyst
17-3031.00,1.A.4.b.2,Auditory Attention,LV,1.88,8,0.295,1.2967,2.4533,N,N,08/2024,Analyst
17-3031.00,1.A.4.b.3,Sound Localization,IM,1.62,8,0.2631,1.1094,2.1406,N,,08/2024,Analyst
17-3031.00,1.A.4.b.3,Sound Localization,LV,0.62,8,0.2631,0.1094,1.1406,N,N,08/2024,Analyst
17-3031.00,1.A.4.b.4,Speech Recognition,IM,3.12,8,0.125,2.88,3.37,N,,08/2024,Analyst
17-3031.00,1.A.4.b.4,Speech Recognition,LV,3.0,8,0.189,2.6296,3.3704,N,N,08/2024,Analyst
17-3031.00,1.A.4.b.5,Speech Clarity,IM,3.12,8,0.125,2.88,3.37,N,,08/2024,Analyst
17-3031.00,1.A.4.b.5,Speech Clarity,LV,3.0,8,0.0,3.0,3.0,N,N,08/2024,Analyst
19-1011.00,1.A.1.a.1,Oral Comprehension,IM,4.0,8,0.0,4.0,4.0,N,,08/2022,Analyst
19-1011.00,1.A.1.a.1,Oral Comprehension,LV,5.0,8,0.0,5.0,5.0,N,N,08/2022,Analyst
19-1011.00,1.A.1.a.2,Written Comprehension,IM,4.0,8,0.0,4.0,4.0,N,,08/2022,Analyst
19-1011.00,1.A.1.a.2,Written Comprehension,LV,5.0,8,0.0,5.0,5.0,N,N,08/2022,Analyst
19-1011.00,1.A.1.a.3,Oral Expression,IM,4.0,8,0.0,4.0,4.0,N,,08/2022,Analyst
19-1011.00,1.A.1.a.3,Oral Expression,LV,4.75,8,0.1637,4.4292,5.0708,N,N,08/2022,Analyst
19-1011.00,1.A.1.a.4,Written Expression,IM,4.0,8,0.0,4.0,4.0,N,,08/2022,Analyst
19-1011.00,1.A.1.a.4,Written Expression,LV,4.88,8,0.125,4.63,5.12,N,N,08/2022,Analyst
19-1011.00,1.A.1.b.1,Fluency of Ideas,IM,3.75,8,0.1637,3.4292,4.0708,N,,08/2022,Analyst
19-1011.00,1.A.1.b.1,Fluency of Ideas,LV,3.88,8,0.125,3.63,4.12,N,N,08/2022,Analyst
19-1011.00,1.A.1.b.2,Originality,IM,3.25,8,0.1637,2.9292,3.5708,N,,08/2022,Analyst
19-1011.00,1.A.1.b.2,Originality,LV,3.88,8,0.125,3.63,4.12,N,N,08/2022,Analyst
19-1011.00,1.A.1.b.3,Problem Sensitivity,IM,4.0,8,0.0,4.0,4.0,N,,08/2022,Analyst
19-1011.00,1.A.1.b.3,Problem Sensitivity,LV,4.38,8,0.183,4.0164,4.7336,N,N,08/2022,Analyst
19-1011.00,1.A.1.b.4,Deductive Reasoning,IM,4.0,8,0.0,4.0,4.0,N,,08/2022,Analyst
19-1011.00,1.A.1.b.4,Deductive Reasoning,LV,4.38,8,0.183,4.0164,4.7336,N,N,08/2022,Analyst
19-1011.00,1.A.1.b.5,Inductive Reasoning,IM,4.0,8,0.0,4.0,4.0,N,,08/2022,Analyst
19-1011.00,1.A.1.b.5,Inductive Reasoning,LV,4.75,8,0.1637,4.4292,5.0708,N,N,08/2022,Analyst
19-1011.00,1.A.1.b.6,Information Ordering,IM,3.88,8,0.125,3.63,4.12,N,,08/2022,Analyst
19-1011.00,1.A.1.b.6,Information Ordering,LV,4.0,8,0.0,4.0,4.0,N,N,08/2022,Analyst
19-1011.00,1.A.1.b.7,Category Flexibility,IM,3.88,8,0.125,3.63,4.12,N,,08/2022,Analyst
19-1011.00,1.A.1.b.7,Category Flexibility,LV,4.0,8,0.0,4.0,4.0,N,N,08/2022,Analyst
19-1011.00,1.A.1.c.1,Mathematical Reasoning,IM,3.25,8,0.1637,2.9292,3.5708,N,,08/2022,Analyst
19-1011.00,1.A.1.c.1,Mathematical Reasoning,LV,3.38,8,0.183,3.0164,3.7336,N,N,08/2022,Analyst
19-1011.00,1.A.1.c.2,Number Facility,IM,3.25,8,0.1637,2.9292,3.5708,N,,08/2022,Analyst
19-1011.00,1.A.1.c.2,Number Facility,LV,3.62,8,0.183,3.2664,3.9836,N,N,08/2022,Analyst
19-1011.00,1.A.1.d.1,Memorization,IM,2.75,8,0.1637,2.4292,3.0708,N,,08/2022,Analyst
19-1011.00,1.A.1.d.1,Memorization,LV,2.88,8,0.125,2.63,3.12,N,N,08/2022,Analyst
19-1011.00,1.A.1.e.1,Speed of Closure,IM,2.25,8,0.1637,1.9292,2.5708,N,,08/2022,Analyst
19-1011.00,1.A.1.e.1,Speed of Closure,LV,2.5,8,0.189,2.1296,2.8704,N,N,08/2022,Analyst
19-1011.00,1.A.1.e.2,Flexibility of Closure,IM,3.0,8,0.0,3.0,3.0,N,,08/2022,Analyst
19-1011.00,1.A.1.e.2,Flexibility of Closure,LV,3.0,8,0.0,3.0,3.0,N,N,08/2022,Analyst
19-1011.00,1.A.1.e.3,Perceptual Speed,IM,3.0,8,0.0,3.0,3.0,N,,08/2022,Analyst
19-1011.00,1.A.1.e.3,Perceptual Speed,LV,2.88,8,0.125,2.63,3.12,N,N,08/2022,Analyst
19-1011.00,1.A.1.f.1,Spatial Orientation,IM,2.0,8,0.0,2.0,2.0,N,,08/2022,Analyst
19-1011.00,1.A.1.f.1,Spatial Orientation,LV,1.25,8,0.1637,0.9292,1.5708,N,N,08/2022,Analyst
19-1011.00,1.A.1.f.2,Visualization,IM,2.75,8,0.1637,2.4292,3.0708,N,,08/2022,Analyst
19-1011.00,1.A.1.f.2,Visualization,LV,3.0,8,0.0,3.0,3.0,N,N,08/2022,Analyst
19-1011.00,1.A.1.g.1,Selective Attention,IM,3.12,8,0.125,2.88,3.37,N,,08/2022,Analyst
19-1011.00,1.A.1.g.1,Selective Attention,LV,3.0,8,0.189,2.6296,3.3704,N,N,08/2022,Analyst
19-1011.00,1.A.1.g.2,Time Sharing,IM,2.62,8,0.183,2.2664,2.9836,N,,08/2022,Analyst
19-1011.00,1.A.1.g.2,Time Sharing,LV,2.75,8,0.1637,2.4292,3.0708,N,N,08/2022,Analyst
19-1011.00,1.A.2.a.1,Arm-Hand Steadiness,IM,2.0,8,0.0,2.0,2.0,N,,08/2022,Analyst
19-1011.00,1.A.2.a.1,Arm-Hand Steadiness,LV,1.25,8,0.1637,0.9292,1.5708,N,N,08/2022,Analyst
19-1011.00,1.A.2.a.2,Manual Dexterity,IM,1.12,8,0.125,1.0,1.37,N,,08/2022,Analyst
19-1011.00,1.A.2.a.2,Manual Dexterity,LV,0.12,8,0.125,0.0,0.37,N,Y,08/2022,Analyst
19-1011.00,1.A.2.a.3,Finger Dexterity,IM,1.62,8,0.183,1.2664,1.9836,N,,08/2022,Analyst
19-1011.00,1.A.2.a.3,Finger Dexterity,LV,1.0,8,0.3273,0.3584,1.6416,N,N,08/2022,Analyst
19-1011.00,1.A.2.b.1,Control Precision,IM,2.0,8,0.0,2.0,2.0,N,,08/2022,Analyst
19-1011.00,1.A.2.b.1,Control Precision,LV,1.75,8,0.1637,1.4292,2.0708,N,N,08/2022,Analyst
19-1011.00,1.A.2.b.2,Multilimb Coordination,IM,2.0,8,0.0,2.0,2.0,N,,08/2022,Analyst
19-1011.00,1.A.2.b.2,Multilimb Coordination,LV,2.0,8,0.0,2.0,2.0,N,N,08/2022,Analyst
19-1011.00,1.A.2.b.3,Response Orientation,IM,2.0,8,0.0,2.0,2.0,N,,08/2022,Analyst
19-1011.00,1.A.2.b.3,Response Orientation,LV,1.0,8,0.0,1.0,1.0,N,N,08/2022,Analyst
19-1011.00,1.A.2.b.4,Rate Control,IM,1.5,8,0.189,1.1296,1.8704,N,,08/2022,Analyst
19-1011.00,1.A.2.b.4,Rate Control,LV,0.5,8,0.189,0.1296,0.8704,N,N,08/2022,Analyst
19-1011.00,1.A.2.c.1,Reaction Time,IM,1.88,8,0.2266,1.4309,2.3191,N,,08/2022,Analyst
19-1011.00,1.A.2.c.1,Reaction Time,LV,0.88,8,0.2266,0.4309,1.3191,N,N,08/2022,Analyst
19-1011.00,1.A.2.c.2,Wrist-Finger Speed,IM,1.88,8,0.125,1.63,2.12,N,,08/2022,Analyst
19-1011.00,1.A.2.c.2,Wrist-Finger Speed,LV,1.12,8,0.2266,0.6809,1.5691,N,N,08/2022,Analyst
19-1011.00,1.A.2.c.3,Speed of Limb Movement,IM,1.0,8,0.0,1.0,1.0,N,,08/2022,Analyst
19-1011.00,1.A.2.c.3,Speed of Limb Movement,LV,0.0,8,0.0,0.0,0.0,N,Y,08/2022,Analyst
19-1011.00,1.A.3.a.1,Static Strength,IM,2.0,8,0.0,2.0,2.0,N,,08/2022,Analyst
19-1011.00,1.A.3.a.1,Static Strength,LV,1.12,8,0.125,0.88,1.37,N,N,08/2022,Analyst
19-1011.00,1.A.3.a.2,Explosive Strength,IM,1.38,8,0.183,1.0164,1.7336,N,,08/2022,Analyst
19-1011.00,1.A.3.a.2,Explosive Strength,LV,0.38,8,0.183,0.0164,0.7336,N,N,08/2022,Analyst
19-1011.00,1.A.3.a.3,Dynamic Strength,IM,1.25,8,0.1637,1.0,1.5708,N,,08/2022,Analyst
19-1011.00,1.A.3.a.3,Dynamic Strength,LV,0.25,8,0.1637,0.0,0.5708,N,Y,08/2022,Analyst
19-1011.00,1.A.3.a.4,Trunk Strength,IM,2.12,8,0.125,1.88,2.37,N,,08/2022,Analyst
19-1011.00,1.A.3.a.4,Trunk Strength,LV,2.25,8,0.1637,1.9292,2.5708,N,N,08/2022,Analyst
19-1011.00,1.A.3.b.1,Stamina,IM,1.5,8,0.189,1.1296,1.8704,N,,08/2022,Analyst
19-1011.00,1.A.3.b.1,Stamina,LV,0.5,8,0.189,0.1296,0.8704,N,N,08/2022,Analyst
19-1011.00,1.A.3.c.1,Extent Flexibility,IM,1.38,8,0.183,1.0164,1.7336,N,,08/2022,Analyst
19-1011.00,1.A.3.c.1,Extent Flexibility,LV,0.38,8,0.183,0.0164,0.7336,N,N,08/2022,Analyst
19-1011.00,1.A.3.c.2,Dynamic Flexibility,IM,1.0,8,0.0,1.0,1.0,N,,08/2022,Analyst
19-1011.00,1.A.3.c.2,Dynamic Flexibility,LV,0.0,8,0.0,0.0,0.0,N,Y,08/2022,Analyst
19-1011.00,1.A.3.c.3,Gross Body Coordination,IM,1.62,8,0.183,1.2664,1.9836,N,,08/2022,Analyst
19-1011.00,1.A.3.c.3,Gross Body Coordination,LV,0.75,8,0.25,0.26,1.24,N,N,08/2022,Analyst
19-1011.00,1.A.3.c.4,Gross Body Equilibrium,IM,1.38,8,0.183,1.0164,1.7336,N,,08/2022,Analyst
19-1011.00,1.A.3.c.4,Gross Body Equilibrium,LV,0.38,8,0.183,0.0164,0.7336,N,N,08/2022,Analyst
19-1011.00,1.A.4.a.1,Near Vision,IM,3.88,8,0.125,3.63,4.12,N,,08/2022,Analyst
19-1011.00,1.A.4.a.1,Near Vision,LV,3.88,8,0.125,3.63,4.12,N,N,08/2022,Analyst
19-1011.00,1.A.4.a.2,Far Vision,IM,3.0,8,0.0,3.0,3.0,N,,08/2022,Analyst
19-1011.00,1.A.4.a.2,Far Vision,LV,3.12,8,0.125,2.88,3.37,N,N,08/2022,Analyst
19-1011.00,1.A.4.a.3,Visual Color Discrimination,IM,2.62,8,0.183,2.2664,2.9836,N,,08/2022,Analyst
19-1011.00,1.A.4.a.3,Visual Color Discrimination,LV,2.75,8,0.1637,2.4292,3.0708,N,N,08/2022,Analyst
19-1011.00,1.A.4.a.4,Night Vision,IM,1.5,8,0.189,1.1296,1.8704,N,,08/2022,Analyst
19-1011.00,1.A.4.a.4,Night Vision,LV,0.62,8,0.2631,0.1094,1.1406,N,N,08/2022,Analyst
19-1011.00,1.A.4.a.5,Peripheral Vision,IM,1.5,8,0.189,1.1296,1.8704,N,,08/2022,Analyst
19-1011.00,1.A.4.a.5,Peripheral Vision,LV,0.62,8,0.2631,0.1094,1.1406,N,N,08/2022,Analyst
19-1011.00,1.A.4.a.6,Depth Perception,IM,2.0,8,0.0,2.0,2.0,N,,08/2022,Analyst
19-1011.00,1.A.4.a.6,Depth Perception,LV,2.0,8,0.189,1.6296,2.3704,N,N,08/2022,Analyst
19-1011.00,1.A.4.a.7,Glare Sensitivity,IM,1.75,8,0.1637,1.4292,2.0708,N,,08/2022,Analyst
19-1011.00,1.A.4.a.7,Glare Sensitivity,LV,1.0,8,0.2673,0.4762,1.5238,N,N,08/2022,Analyst
19-1011.00,1.A.4.b.1,Hearing Sensitivity,IM,2.12,8,0.125,1.88,2.37,N,,08/2022,Analyst
19-1011.00,1.A.4.b.1,Hearing Sensitivity,LV,1.75,8,0.25,1.26,2.24,N,N,08/2022,Analyst
19-1011.00,1.A.4.b.2,Auditory Attention,IM,2.62,8,0.183,2.2664,2.9836,N,,08/2022,Analyst
19-1011.00,1.A.4.b.2,Auditory Attention,LV,2.38,8,0.183,2.0164,2.7336,N,N,08/2022,Analyst
19-1011.00,1.A.4.b.3,Sound Localization,IM,1.38,8,0.183,1.0164,1.7336,N,,08/2022,Analyst
19-1011.00,1.A.4.b.3,Sound Localization,LV,0.38,8,0.183,0.0164,0.7336,N,N,08/2022,Analyst
19-1011.00,1.A.4.b.4,Speech Recognition,IM,3.75,8,0.1637,3.4292,4.0708,N,,08/2022,Analyst
19-1011.00,1.A.4.b.4,Speech Recognition,LV,4.0,8,0.0,4.0,4.0,N,N,08/2022,Analyst
19-1011.00,1.A.4.b.5,Speech Clarity,IM,4.0,8,0.0,4.0,4.0,N,,08/2022,Analyst
19-1011.00,1.A.4.b.5,Speech Clarity,LV,4.0,8,0.0,4.0,4.0,N,N,08/2022,Analyst
19-1012.00,1.A.1.a.1,Oral Comprehension,IM,4.12,8,0.125,3.88,4.37,N,,08/2020,Analyst
19-1012.00,1.A.1.a.1,Oral Comprehension,LV,4.25,8,0.1637,3.9292,4.5708,N,N,08/2020,Analyst
19-1012.00,1.A.1.a.2,Written Comprehension,IM,4.0,8,0.0,4.0,4.0,N,,08/2020,Analyst
19-1012.00,1.A.1.a.2,Written Comprehension,LV,4.25,8,0.1637,3.9292,4.5708,N,N,08/2020,Analyst
19-1012.00,1.A.1.a.3,Oral Expression,IM,3.88,8,0.125,3.63,4.12,N,,08/2020,Analyst
19-1012.00,1.A.1.a.3,Oral Expression,LV,4.12,8,0.125,3.88,4.37,N,N,08/2020,Analyst
19-1012.00,1.A.1.a.4,Written Expression,IM,3.88,8,0.125,3.63,4.12,N,,08/2020,Analyst
19-1012.00,1.A.1.a.4,Written Expression,LV,4.0,8,0.0,4.0,4.0,N,N,08/2020,Analyst
19-1012.00,1.A.1.b.1,Fluency of Ideas,IM,3.38,8,0.183,3.0164,3.7336,N,,08/2020,Analyst
19-1012.00,1.A.1.b.1,Fluency of Ideas,LV,3.75,8,0.1637,3.4292,4.0708,N,N,08/2020,Analyst
19-1012.00,1.A.1.b.2,Originality,IM,3.75,8,0.1637,3.4292,4.0708,N,,08/2020,Analyst
19-1012.00,1.A.1.b.2,Originality,LV,3.88,8,0.125,3.63,4.12,N,N,08/2020,Analyst
19-1012.00,1.A.1.b.3,Problem Sensitivity,IM,4.12,8,0.125,3.88,4.37,N,,08/2020,Analyst
19-1012.00,1.A.1.b.3,Problem Sensitivity,LV,4.12,8,0.125,3.88,4.37,N,N,08/2020,Analyst
19-1012.00,1.A.1.b.4,Deductive Reasoning,IM,4.0,8,0.0,4.0,4.0,N,,08/2020,Analyst
19-1012.00,1.A.1.b.4,Deductive Reasoning,LV,4.0,8,0.0,4.0,4.0,N,N,08/2020,Analyst
19-1012.00,1.A.1.b.5,Inductive Reasoning,IM,4.0,8,0.0,4.0,4.0,N,,08/2020,Analyst
19-1012.00,1.A.1.b.5,Inductive Reasoning,LV,4.0,8,0.0,4.0,4.0,N,N,08/2020,Analyst
19-1012.00,1.A.1.b.6,Information Ordering,IM,3.88,8,0.125,3.63,4.12,N,,08/2020,Analyst
19-1012.00,1.A.1.b.6,Information Ordering,LV,3.88,8,0.125,3.63,4.12,N,N,08/2020,Analyst
19-1012.00,1.A.1.b.7,Category Flexibility,IM,3.88,8,0.125,3.63,4.12,N,,08/2020,Analyst
19-1012.00,1.A.1.b.7,Category Flexibility,LV,4.0,8,0.0,4.0,4.0,N,N,08/2020,Analyst
19-1012.00,1.A.1.c.1,Mathematical Reasoning,IM,3.12,8,0.125,2.88,3.37,N,,08/2020,Analyst
19-1012.00,1.A.1.c.1,Mathematical Reasoning,LV,3.75,8,0.1637,3.4292,4.0708,N,N,08/2020,Analyst
19-1012.00,1.A.1.c.2,Number Facility,IM,3.12,8,0.125,2.88,3.37,N,,08/2020,Analyst
19-1012.00,1.A.1.c.2,Number Facility,LV,3.75,8,0.1637,3.4292,4.0708,N,N,08/2020,Analyst
19-1012.00,1.A.1.d.1,Memorization,IM,2.75,8,0.1637,2.4292,3.0708,N,,08/2020,Analyst
19-1012.00,1.A.1.d.1,Memorization,LV,2.75,8,0.1637,2.4292,3.0708,N,N,08/2020,Analyst
19-1012.00,1.A.1.e.1,Speed of Closure,IM,2.75,8,0.1637,2.4292,3.0708,N,,08/2020,Analyst
19-1012.00,1.A.1.e.1,Speed of Closure,LV,2.75,8,0.1637,2.4292,3.0708,N,N,08/2020,Analyst
19-1012.00,1.A.1.e.2,Flexibility of Closure,IM,3.38,8,0.183,3.0164,3.7336,N,,08/2020,Analyst
19-1012.00,1.A.1.e.2,Flexibility of Closure,LV,3.38,8,0.183,3.0164,3.7336,N,N,08/2020,Analyst
19-1012.00,1.A.1.e.3,Perceptual Speed,IM,3.0,8,0.0,3.0,3.0,N,,08/2020,Analyst
19-1012.00,1.A.1.e.3,Perceptual Speed,LV,3.12,8,0.125,2.88,3.37,N,N,08/2020,Analyst
19-1012.00,1.A.1.f.1,Spatial Orientation,IM,1.0,8,0.0,1.0,1.0,N,,08/2020,Analyst
19-1012.00,1.A.1.f.1,Spatial Orientation,LV,0.0,8,0.0,0.0,0.0,N,Y,08/2020,Analyst
19-1012.00,1.A.1.f.2,Visualization,IM,2.88,8,0.125,2.63,3.12,N,,08/2020,Analyst
19-1012.00,1.A.1.f.2,Visualization,LV,2.88,8,0.125,2.63,3.12,N,N,08/2020,Analyst
19-1012.00,1.A.1.g.1,Selective Attention,IM,3.0,8,0.0,3.0,3.0,N,,08/2020,Analyst
19-1012.00,1.A.1.g.1,Selective Attention,LV,3.0,8,0.0,3.0,3.0,N,N,08/2020,Analyst
19-1012.00,1.A.1.g.2,Time Sharing,IM,2.62,8,0.183,2.2664,2.9836,N,,08/2020,Analyst
19-1012.00,1.A.1.g.2,Time Sharing,LV,2.5,8,0.189,2.1296,2.8704,N,N,08/2020,Analyst
19-1012.00,1.A.2.a.1,Arm-Hand Steadiness,IM,2.0,8,0.0,2.0,2.0,N,,08/2020,Analyst
19-1012.00,1.A.2.a.1,Arm-Hand Steadiness,LV,2.0,8,0.0,2.0,2.0,N,N,08/2020,Analyst
19-1012.00,1.A.2.a.2,Manual Dexterity,IM,2.0,8,0.0,2.0,2.0,N,,08/2020,Analyst
19-1012.00,1.A.2.a.2,Manual Dexterity,LV,1.75,8,0.1637,1.4292,2.0708,N,N,08/2020,Analyst
19-1012.00,1.A.2.a.3,Finger Dexterity,IM,2.38,8,0.183,2.0164,2.7336,N,,08/2020,Analyst
19-1012.00,1.A.2.a.3,Finger Dexterity,LV,2.5,8,0.2673,1.9762,3.0238,N,N,08/2020,Analyst
19-1012.00,1.A.2.b.1,Control Precision,IM,2.0,8,0.0,2.0,2.0,N,,08/2020,Analyst
19-1012.00,1.A.2.b.1,Control Precision,LV,1.88,8,0.125,1.63,2.12,N,N,08/2020,Analyst
19-1012.00,1.A.2.b.2,Multilimb Coordination,IM,2.0,8,0.0,2.0,2.0,N,,08/2020,Analyst
19-1012.00,1.A.2.b.2,Multilimb Coordination,LV,1.88,8,0.125,1.63,2.12,N,N,08/2020,Analyst
19-1012.00,1.A.2.b.3,Response Orientation,IM,1.75,8,0.1637,1.4292,2.0708,N,,08/2020,Analyst
19-1012.00,1.A.2.b.3,Response Orientation,LV,1.38,8,0.3239,0.7402,2.0098,N,N,08/2020,Analyst
19-1012.00,1.A.2.b.4,Rate Control,IM,1.88,8,0.125,1.63,2.12,N,,08/2020,Analyst
19-1012.00,1.A.2.b.4,Rate Control,LV,1.5,8,0.2673,0.9762,2.0238,N,N,08/2020,Analyst
19-1012.00,1.A.2.c.1,Reaction Time,IM,2.12,8,0.125,1.88,2.37,N,,08/2020,Analyst
19-1012.00,1.A.2.c.1,Reaction Time,LV,2.12,8,0.125,1.88,2.37,N,N,08/2020,Analyst
19-1012.00,1.A.2.c.2,Wrist-Finger Speed,IM,1.88,8,0.125,1.63,2.12,N,,08/2020,Analyst
19-1012.00,1.A.2.c.2,Wrist-Finger Speed,LV,1.5,8,0.2673,0.9762,2.0238,N,N,08/2020,Analyst
19-1012.00,1.A.2.c.3,Speed of Limb Movement,IM,1.0,8,0.0,1.0,1.0,N,,08/2020,Analyst
19-1012.00,1.A.2.c.3,Speed of Limb Movement,LV,0.0,8,0.0,0.0,0.0,N,Y,08/2020,Analyst
19-1012.00,1.A.3.a.1,Static Strength,IM,1.62,8,0.183,1.2664,1.9836,N,,08/2020,Analyst
19-1012.00,1.A.3.a.1,Static Strength,LV,0.88,8,0.295,0.2967,1.4533,N,N,08/2020,Analyst
19-1012.00,1.A.3.a.2,Explosive Strength,IM,1.5,8,0.189,1.1296,1.8704,N,,08/2020,Analyst
19-1012.00,1.A.3.a.2,Explosive Strength,LV,0.62,8,0.2631,0.1094,1.1406,N,N,08/2020,Analyst
19-1012.00,1.A.3.a.3,Dynamic Strength,IM,1.62,8,0.183,1.2664,1.9836,N,,08/2020,Analyst
19-1012.00,1.A.3.a.3,Dynamic Strength,LV,0.75,8,0.25,0.26,1.24,N,N,08/2020,Analyst
19-1012.00,1.A.3.a.4,Trunk Strength,IM,2.0,8,0.0,2.0,2.0,N,,08/2020,Analyst
19-1012.00,1.A.3.a.4,Trunk Strength,LV,1.88,8,0.125,1.63,2.12,N,N,08/2020,Analyst
19-1012.00,1.A.3.b.1,Stamina,IM,1.62,8,0.183,1.2664,1.9836,N,,08/2020,Analyst
19-1012.00,1.A.3.b.1,Stamina,LV,0.62,8,0.183,0.2664,0.9836,N,N,08/2020,Analyst
19-1012.00,1.A.3.c.1,Extent Flexibility,IM,1.62,8,0.183,1.2664,1.9836,N,,08/2020,Analyst
19-1012.00,1.A.3.c.1,Extent Flexibility,LV,0.75,8,0.25,0.26,1.24,N,N,08/2020,Analyst
19-1012.00,1.A.3.c.2,Dynamic Flexibility,IM,1.0,8,0.0,1.0,1.0,N,,08/2020,Analyst
19-1012.00,1.A.3.c.2,Dynamic Flexibility,LV,0.0,8,0.0,0.0,0.0,N,Y,08/2020,Analyst
19-1012.00,1.A.3.c.3,Gross Body Coordination,IM,1.62,8,0.183,1.2664,1.9836,N,,08/2020,Analyst
19-1012.00,1.A.3.c.3,Gross Body Coordination,LV,0.62,8,0.183,0.2664,0.9836,N,N,08/2020,Analyst
19-1012.00,1.A.3.c.4,Gross Body Equilibrium,IM,1.5,8,0.189,1.1296,1.8704,N,,08/2020,Analyst
19-1012.00,1.A.3.c.4,Gross Body Equilibrium,LV,0.5,8,0.189,0.1296,0.8704,N,N,08/2020,Analyst
19-1012.00,1.A.4.a.1,Near Vision,IM,4.0,8,0.0,4.0,4.0,N,,08/2020,Analyst
19-1012.00,1.A.4.a.1,Near Vision,LV,4.12,8,0.125,3.88,4.37,N,N,08/2020,Analyst
19-1012.00,1.A.4.a.2,Far Vision,IM,2.88,8,0.125,2.63,3.12,N,,08/2020,Analyst
19-1012.00,1.A.4.a.2,Far Vision,LV,3.0,8,0.0,3.0,3.0,N,N,08/2020,Analyst
19-1012.00,1.A.4.a.3,Visual Color Discrimination,IM,3.12,8,0.125,2.88,3.37,N,,08/2020,Analyst
19-1012.00,1.A.4.a.3,Visual Color Discrimination,LV,3.25,8,0.1637,2.9292,3.5708,N,N,08/2020,Analyst
19-1012.00,1.A.4.a.4,Night Vision,IM,1.0,8,0.0,1.0,1.0,N,,08/2020,Analyst
19-1012.00,1.A.4.a.4,Night Vision,LV,0.0,8,0.0,0.0,0.0,N,Y,08/2020,Analyst
19-1012.00,1.A.4.a.5,Peripheral Vision,IM,1.0,8,0.0,1.0,1.0,N,,08/2020,Analyst
19-1012.00,1.A.4.a.5,Peripheral Vision,LV,0.0,8,0.0,0.0,0.0,N,Y,08/2020,Analyst
19-1012.00,1.A.4.a.6,Depth Perception,IM,2.0,8,0.0,2.0,2.0,N,,08/2020,Analyst
19-1012.00,1.A.4.a.6,Depth Perception,LV,1.88,8,0.125,1.63,2.12,N,N,08/2020,Analyst
19-1012.00,1.A.4.a.7,Glare Sensitivity,IM,1.0,8,0.0,1.0,1.0,N,,08/2020,Analyst
19-1012.00,1.A.4.a.7,Glare Sensitivity,LV,0.0,8,0.0,0.0,0.0,N,Y,08/2020,Analyst
19-1012.00,1.A.4.b.1,Hearing Sensitivity,IM,2.62,8,0.183,2.2664,2.9836,N,,08/2020,Analyst
19-1012.00,1.A.4.b.1,Hearing Sensitivity,LV,2.5,8,0.189,2.1296,2.8704,N,N,08/2020,Analyst
19-1012.00,1.A.4.b.2,Auditory Attention,IM,2.12,8,0.125,1.88,2.37,N,,08/2020,Analyst
19-1012.00,1.A.4.b.2,Auditory Attention,LV,2.0,8,0.0,2.0,2.0,N,N,08/2020,Analyst
19-1012.00,1.A.4.b.3,Sound Localization,IM,1.0,8,0.0,1.0,1.0,N,,08/2020,Analyst
19-1012.00,1.A.4.b.3,Sound Localization,LV,0.0,8,0.0,0.0,0.0,N,Y,08/2020,Analyst
19-1012.00,1.A.4.b.4,Speech Recognition,IM,3.62,8,0.183,3.2664,3.9836,N,,08/2020,Analyst
19-1012.00,1.A.4.b.4,Speech Recognition,LV,3.25,8,0.1637,2.9292,3.5708,N,N,08/2020,Analyst
19-1012.00,1.A.4.b.5,Speech Clarity,IM,3.62,8,0.183,3.2664,3.9836,N,,08/2020,Analyst
19-1012.00,1.A.4.b.5,Speech Clarity,LV,3.62,8,0.183,3.2664,3.9836,N,N,08/2020,Analyst
19-1013.00,1.A.1.a.1,Oral Comprehension,IM,4.0,8,0.0,4.0,4.0,N,,08/2021,Analyst
19-1013.00,1.A.1.a.1,Oral Comprehension,LV,5.12,8,0.125,4.88,5.37,N,N,08/2021,Analyst
19-1013.00,1.A.1.a.2,Written Comprehension,IM,4.0,8,0.0,4.0,4.0,N,,08/2021,Analyst
19-1013.00,1.A.1.a.2,Written Comprehension,LV,5.12,8,0.125,4.88,5.37,N,N,08/2021,Analyst
19-1013.00,1.A.1.a.3,Oral Expression,IM,4.0,8,0.0,4.0,4.0,N,,08/2021,Analyst
19-1013.00,1.A.1.a.3,Oral Expression,LV,5.0,8,0.189,4.6296,5.3704,N,N,08/2021,Analyst
19-1013.00,1.A.1.a.4,Written Expression,IM,4.0,8,0.0,4.0,4.0,N,,08/2021,Analyst
19-1013.00,1.A.1.a.4,Written Expression,LV,4.75,8,0.1637,4.4292,5.0708,N,N,08/2021,Analyst
19-1013.00,1.A.1.b.1,Fluency of Ideas,IM,3.5,8,0.189,3.1296,3.8704,N,,08/2021,Analyst
19-1013.00,1.A.1.b.1,Fluency of Ideas,LV,4.12,8,0.125,3.88,4.37,N,N,08/2021,Analyst
19-1013.00,1.A.1.b.2,Originality,IM,3.88,8,0.125,3.63,4.12,N,,08/2021,Analyst
19-1013.00,1.A.1.b.2,Originality,LV,4.0,8,0.189,3.6296,4.3704,N,N,08/2021,Analyst
19-1013.00,1.A.1.b.3,Problem Sensitivity,IM,3.88,8,0.125,3.63,4.12,N,,08/2021,Analyst
19-1013.00,1.A.1.b.3,Problem Sensitivity,LV,4.38,8,0.183,4.0164,4.7336,N,N,08/2021,Analyst
19-1013.00,1.A.1.b.4,Deductive Reasoning,IM,4.0,8,0.0,4.0,4.0,N,,08/2021,Analyst
19-1013.00,1.A.1.b.4,Deductive Reasoning,LV,4.88,8,0.2266,4.4309,5.3191,N,N,08/2021,Analyst
19-1013.00,1.A.1.b.5,Inductive Reasoning,IM,4.0,8,0.0,4.0,4.0,N,,08/2021,Analyst
19-1013.00,1.A.1.b.5,Inductive Reasoning,LV,5.0,8,0.189,4.6296,5.3704,N,N,08/2021,Analyst
19-1013.00,1.A.1.b.6,Information Ordering,IM,4.0,8,0.0,4.0,4.0,N,,08/2021,Analyst
19-1013.00,1.A.1.b.6,Information Ordering,LV,4.12,8,0.125,3.88,4.37,N,N,08/2021,Analyst
19-1013.00,1.A.1.b.7,Category Flexibility,IM,4.0,8,0.0,4.0,4.0,N,,08/2021,Analyst
19-1013.00,1.A.1.b.7,Category Flexibility,LV,4.12,8,0.125,3.88,4.37,N,N,08/2021,Analyst
19-1013.00,1.A.1.c.1,Mathematical Reasoning,IM,3.12,8,0.125,2.88,3.37,N,,08/2021,Analyst
19-1013.00,1.A.1.c.1,Mathematical Reasoning,LV,3.62,8,0.2631,3.1094,4.1406,N,N,08/2021,Analyst
19-1013.00,1.A.1.c.2,Number Facility,IM,3.12,8,0.125,2.88,3.37,N,,08/2021,Analyst
19-1013.00,1.A.1.c.2,Number Facility,LV,3.12,8,0.125,2.88,3.37,N,N,08/2021,Analyst
19-1013.00,1.A.1.d.1,Memorization,IM,2.88,8,0.125,2.63,3.12,N,,08/2021,Analyst
19-1013.00,1.A.1.d.1,Memorization,LV,2.88,8,0.125,2.63,3.12,N,N,08/2021,Analyst
19-1013.00,1.A.1.e.1,Speed of Closure,IM,2.88,8,0.125,2.63,3.12,N,,08/2021,Analyst
19-1013.00,1.A.1.e.1,Speed of Closure,LV,3.0,8,0.0,3.0,3.0,N,N,08/2021,Analyst
19-1013.00,1.A.1.e.2,Flexibility of Closure,IM,3.38,8,0.183,3.0164,3.7336,N,,08/2021,Analyst
19-1013.00,1.A.1.e.2,Flexibility of Closure,LV,3.5,8,0.189,3.1296,3.8704,N,N,08/2021,Analyst
19-1013.00,1.A.1.e.3,Perceptual Speed,IM,3.0,8,0.0,3.0,3.0,N,,08/2021,Analyst
19-1013.00,1.A.1.e.3,Perceptual Speed,LV,3.0,8,0.0,3.0,3.0,N,N,08/2021,Analyst
19-1013.00,1.A.1.f.1,Spatial Orientation,IM,1.75,8,0.1637,1.4292,2.0708,N,,08/2021,Analyst
19-1013.00,1.A.1.f.1,Spatial Orientation,LV,1.12,8,0.295,0.5467,1.7033,N,N,08/2021,Analyst
19-1013.00,1.A.1.f.2,Visualization,IM,2.88,8,0.125,2.63,3.12,N,,08/2021,Analyst
19-1013.00,1.A.1.f.2,Visualization,LV,2.88,8,0.125,2.63,3.12,N,N,08/2021,Analyst
19-1013.00,1.A.1.g.1,Selective Attention,IM,3.0,8,0.0,3.0,3.0,N,,08/2021,Analyst
19-1013.00,1.A.1.g.1,Selective Attention,LV,3.0,8,0.0,3.0,3.0,N,N,08/2021,Analyst
19-1013.00,1.A.1.g.2,Time Sharing,IM,2.75,8,0.1637,2.4292,3.0708,N,,08/2021,Analyst
19-1013.00,1.A.1.g.2,Time Sharing,LV,2.75,8,0.1637,2.4292,3.0708,N,N,08/2021,Analyst
19-1013.00,1.A.2.a.1,Arm-Hand Steadiness,IM,2.12,8,0.125,1.88,2.37,N,,08/2021,Analyst
19-1013.00,1.A.2.a.1,Arm-Hand Steadiness,LV,2.12,8,0.125,1.88,2.37,N,N,08/2021,Analyst
19-1013.00,1.A.2.a.2,Manual Dexterity,IM,2.0,8,0.0,2.0,2.0,N,,08/2021,Analyst
19-1013.00,1.A.2.a.2,Manual Dexterity,LV,1.88,8,0.125,1.63,2.12,N,N,08/2021,Analyst
19-1013.00,1.A.2.a.3,Finger Dexterity,IM,2.62,8,0.183,2.2664,2.9836,N,,08/2021,Analyst
19-1013.00,1.A.2.a.3,Finger Dexterity,LV,2.62,8,0.183,2.2664,2.9836,N,N,08/2021,Analyst
19-1013.00,1.A.2.b.1,Control Precision,IM,2.12,8,0.125,1.88,2.37,N,,08/2021,Analyst
19-1013.00,1.A.2.b.1,Control Precision,LV,2.0,8,0.0,2.0,2.0,N,N,08/2021,Analyst
19-1013.00,1.A.2.b.2,Multilimb Coordination,IM,2.0,8,0.0,2.0,2.0,N,,08/2021,Analyst
19-1013.00,1.A.2.b.2,Multilimb Coordination,LV,2.0,8,0.0,2.0,2.0,N,N,08/2021,Analyst
19-1013.00,1.A.2.b.3,Response Orientation,IM,1.75,8,0.1637,1.4292,2.0708,N,,08/2021,Analyst
19-1013.00,1.A.2.b.3,Response Orientation,LV,1.0,8,0.2673,0.4762,1.5238,N,N,08/2021,Analyst
19-1013.00,1.A.2.b.4,Rate Control,IM,1.62,8,0.183,1.2664,1.9836,N,,08/2021,Analyst
19-1013.00,1.A.2.b.4,Rate Control,LV,0.62,8,0.183,0.2664,0.9836,N,N,08/2021,Analyst
19-1013.00,1.A.2.c.1,Reaction Time,IM,1.62,8,0.183,1.2664,1.9836,N,,08/2021,Analyst
19-1013.00,1.A.2.c.1,Reaction Time,LV,0.75,8,0.25,0.26,1.24,N,N,08/2021,Analyst
19-1013.00,1.A.2.c.2,Wrist-Finger Speed,IM,1.75,8,0.1637,1.4292,2.0708,N,,08/2021,Analyst
19-1013.00,1.A.2.c.2,Wrist-Finger Speed,LV,1.12,8,0.295,0.5467,1.7033,N,N,08/2021,Analyst
19-1013.00,1.A.2.c.3,Speed of Limb Movement,IM,1.5,8,0.189,1.1296,1.8704,N,,08/2021,Analyst
19-1013.00,1.A.2.c.3,Speed of Limb Movement,LV,0.5,8,0.189,0.1296,0.8704,N,N,08/2021,Analyst
19-1013.00,1.A.3.a.1,Static Strength,IM,2.12,8,0.125,1.88,2.37,N,,08/2021,Analyst
19-1013.00,1.A.3.a.1,Static Strength,LV,1.88,8,0.2266,1.4309,2.3191,N,N,08/2021,Analyst
19-1013.00,1.A.3.a.2,Explosive Strength,IM,1.25,8,0.1637,1.0,1.5708,N,,08/2021,Analyst
19-1013.00,1.A.3.a.2,Explosive Strength,LV,0.25,8,0.1637,0.0,0.5708,N,Y,08/2021,Analyst
19-1013.00,1.A.3.a.3,Dynamic Strength,IM,2.0,8,0.189,1.6296,2.3704,N,,08/2021,Analyst
19-1013.00,1.A.3.a.3,Dynamic Strength,LV,1.12,8,0.2266,0.6809,1.5691,N,N,08/2021,Analyst
19-1013.00,1.A.3.a.4,Trunk Strength,IM,2.38,8,0.183,2.0164,2.7336,N,,08/2021,Analyst
19-1013.00,1.A.3.a.4,Trunk Strength,LV,2.25,8,0.1637,1.9292,2.5708,N,N,08/2021,Analyst
19-1013.00,1.A.3.b.1,Stamina,IM,2.12,8,0.125,1.88,2.37,N,,08/2021,Analyst
19-1013.00,1.A.3.b.1,Stamina,LV,1.62,8,0.183,1.2664,1.9836,N,N,08/2021,Analyst
19-1013.00,1.A.3.c.1,Extent Flexibility,IM,2.12,8,0.125,1.88,2.37,N,,08/2021,Analyst
19-1013.00,1.A.3.c.1,Extent Flexibility,LV,1.75,8,0.1637,1.4292,2.0708,N,N,08/2021,Analyst
19-1013.00,1.A.3.c.2,Dynamic Flexibility,IM,1.12,8,0.125,1.0,1.37,N,,08/2021,Analyst
19-1013.00,1.A.3.c.2,Dynamic Flexibility,LV,0.12,8,0.125,0.0,0.37,N,Y,08/2021,Analyst
19-1013.00,1.A.3.c.3,Gross Body Coordination,IM,1.75,8,0.1637,1.4292,2.0708,N,,08/2021,Analyst
19-1013.00,1.A.3.c.3,Gross Body Coordination,LV,0.88,8,0.2266,0.4309,1.3191,N,N,08/2021,Analyst
19-1013.00,1.A.3.c.4,Gross Body Equilibrium,IM,1.62,8,0.183,1.2664,1.9836,N,,08/2021,Analyst
19-1013.00,1.A.3.c.4,Gross Body Equilibrium,LV,0.62,8,0.183,0.2664,0.9836,N,N,08/2021,Analyst
19-1013.00,1.A.4.a.1,Near Vision,IM,3.75,8,0.1637,3.4292,4.0708,N,,08/2021,Analyst
19-1013.00,1.A.4.a.1,Near Vision,LV,3.88,8,0.125,3.63,4.12,N,N,08/2021,Analyst
19-1013.00,1.A.4.a.2,Far Vision,IM,3.0,8,0.0,3.0,3.0,N,,08/2021,Analyst
19-1013.00,1.A.4.a.2,Far Vision,LV,3.0,8,0.0,3.0,3.0,N,N,08/2021,Analyst
19-1013.00,1.A.4.a.3,Visual Color Discrimination,IM,2.88,8,0.125,2.63,3.12,N,,08/2021,Analyst
19-1013.00,1.A.4.a.3,Visual Color Discrimination,LV,2.88,8,0.125,2.63,3.12,N,N,08/2021,Analyst
19-1013.00,1.A.4.a.4,Night Vision,IM,1.75,8,0.1637,1.4292,2.0708,N,,08/2021,Analyst
19-1013.00,1.A.4.a.4,Night Vision,LV,0.88,8,0.2266,0.4309,1.3191,N,N,08/2021,Analyst
19-1013.00,1.A.4.a.5,Peripheral Vision,IM,1.75,8,0.1637,1.4292,2.0708,N,,08/2021,Analyst
19-1013.00,1.A.4.a.5,Peripheral Vision,LV,0.88,8,0.2266,0.4309,1.3191,N,N,08/2021,Analyst
19-1013.00,1.A.4.a.6,Depth Perception,IM,2.62,8,0.183,2.2664,2.9836,N,,08/2021,Analyst
19-1013.00,1.A.4.a.6,Depth Perception,LV,2.12,8,0.125,1.88,2.37,N,N,08/2021,Analyst
19-1013.00,1.A.4.a.7,Glare Sensitivity,IM,1.75,8,0.1637,1.4292,2.0708,N,,08/2021,Analyst
19-1013.00,1.A.4.a.7,Glare Sensitivity,LV,0.88,8,0.2266,0.4309,1.3191,N,N,08/2021,Analyst
19-1013.00,1.A.4.b.1,Hearing Sensitivity,IM,2.0,8,0.189,1.6296,2.3704,N,,08/2021,Analyst
19-1013.00,1.A.4.b.1,Hearing Sensitivity,LV,1.75,8,0.25,1.26,2.24,N,N,08/2021,Analyst
19-1013.00,1.A.4.b.2,Auditory Attention,IM,2.12,8,0.125,1.88,2.37,N,,08/2021,Analyst
19-1013.00,1.A.4.b.2,Auditory Attention,LV,2.0,8,0.0,2.0,2.0,N,N,08/2021,Analyst
19-1013.00,1.A.4.b.3,Sound Localization,IM,1.62,8,0.183,1.2664,1.9836,N,,08/2021,Analyst
19-1013.00,1.A.4.b.3,Sound Localization,LV,0.62,8,0.183,0.2664,0.9836,N,N,08/2021,Analyst
19-1013.00,1.A.4.b.4,Speech Recognition,IM,3.38,8,0.183,3.0164,3.7336,N,,08/2021,Analyst
19-1013.00,1.A.4.b.4,Speech Recognition,LV,3.62,8,0.183,3.2664,3.9836,N,N,08/2021,Analyst
19-1013.00,1.A.4.b.5,Speech Clarity,IM,3.75,8,0.1637,3.4292,4.0708,N,,08/2021,Analyst
19-1013.00,1.A.4.b.5,Speech Clarity,LV,3.88,8,0.2266,3.4309,4.3191,N,N,08/2021,Analyst
19-1021.00,1.A.1.a.1,Oral Comprehension,IM,4.12,8,0.125,3.88,4.37,N,,08/2020,Analyst
19-1021.00,1.A.1.a.1,Oral Comprehension,LV,5.88,8,0.125,5.63,6.12,N,N,08/2020,Analyst
19-1021.00,1.A.1.a.2,Written Comprehension,IM,4.25,8,0.1637,3.9292,4.5708,N,,08/2020,Analyst
19-1021.00,1.A.1.a.2,Written Comprehension,LV,5.25,8,0.1637,4.9292,5.5708,N,N,08/2020,Analyst
19-1021.00,1.A.1.a.3,Oral Expression,IM,4.12,8,0.125,3.88,4.37,N,,08/2020,Analyst
19-1021.00,1.A.1.a.3,Oral Expression,LV,5.5,8,0.189,5.1296,5.8704,N,N,08/2020,Analyst
19-1021.00,1.A.1.a.4,Written Expression,IM,4.25,8,0.1637,3.9292,4.5708,N,,08/2020,Analyst
19-1021.00,1.A.1.a.4,Written Expression,LV,5.38,8,0.183,5.0164,5.7336,N,N,08/2020,Analyst
19-1021.00,1.A.1.b.1,Fluency of Ideas,IM,3.75,8,0.1637,3.4292,4.0708,N,,08/2020,Analyst
19-1021.00,1.A.1.b.1,Fluency of Ideas,LV,4.75,8,0.25,4.26,5.24,N,N,08/2020,Analyst
19-1021.00,1.A.1.b.2,Originality,IM,3.75,8,0.1637,3.4292,4.0708,N,,08/2020,Analyst
19-1021.00,1.A.1.b.2,Originality,LV,4.62,8,0.183,4.2664,4.9836,N,N,08/2020,Analyst
19-1021.00,1.A.1.b.3,Problem Sensitivity,IM,3.88,8,0.125,3.63,4.12,N,,08/2020,Analyst
19-1021.00,1.A.1.b.3,Problem Sensitivity,LV,4.62,8,0.183,4.2664,4.9836,N,N,08/2020,Analyst
19-1021.00,1.A.1.b.4,Deductive Reasoning,IM,4.0,8,0.189,3.6296,4.3704,N,,08/2020,Analyst
19-1021.00,1.A.1.b.4,Deductive Reasoning,LV,5.0,8,0.189,4.6296,5.3704,N,N,08/2020,Analyst
19-1021.00,1.A.1.b.5,Inductive Reasoning,IM,4.25,8,0.1637,3.9292,4.5708,N,,08/2020,Analyst
19-1021.00,1.A.1.b.5,Inductive Reasoning,LV,5.25,8,0.1637,4.9292,5.5708,N,N,08/2020,Analyst
19-1021.00,1.A.1.b.6,Information Ordering,IM,4.0,8,0.0,4.0,4.0,N,,08/2020,Analyst
19-1021.00,1.A.1.b.6,Information Ordering,LV,4.25,8,0.1637,3.9292,4.5708,N,N,08/2020,Analyst
19-1021.00,1.A.1.b.7,Category Flexibility,IM,4.0,8,0.0,4.0,4.0,N,,08/2020,Analyst
19-1021.00,1.A.1.b.7,Category Flexibility,LV,5.12,8,0.125,4.88,5.37,N,N,08/2020,Analyst
19-1021.00,1.A.1.c.1,Mathematical Reasoning,IM,4.0,8,0.0,4.0,4.0,N,,08/2020,Analyst
19-1021.00,1.A.1.c.1,Mathematical Reasoning,LV,4.75,8,0.1637,4.4292,5.0708,N,N,08/2020,Analyst
19-1021.00,1.A.1.c.2,Number Facility,IM,3.5,8,0.189,3.1296,3.8704,N,,08/2020,Analyst
19-1021.00,1.A.1.c.2,Number Facility,LV,4.12,8,0.2266,3.6809,4.5691,N,N,08/2020,Analyst
19-1021.00,1.A.1.d.1,Memorization,IM,3.0,8,0.0,3.0,3.0,N,,08/2020,Analyst
19-1021.00,1.A.1.d.1,Memorization,LV,3.12,8,0.125,2.88,3.37,N,N,08/2020,Analyst
19-1021.00,1.A.1.e.1,Speed of Closure,IM,3.0,8,0.0,3.0,3.0,N,,08/2020,Analyst
19-1021.00,1.A.1.e.1,Speed of Closure,LV,3.12,8,0.125,2.88,3.37,N,N,08/2020,Analyst
19-1021.00,1.A.1.e.2,Flexibility of Closure,IM,3.62,8,0.183,3.2664,3.9836,N,,08/2020,Analyst
19-1021.00,1.A.1.e.2,Flexibility of Closure,LV,3.88,8,0.2266,3.4309,4.3191,N,N,08/2020,Analyst
19-1021.00,1.A.1.e.3,Perceptual Speed,IM,3.12,8,0.125,2.88,3.37,N,,08/2020,Analyst
19-1021.00,1.A.1.e.3,Perceptual Speed,LV,3.12,8,0.125,2.88,3.37,N,N,08/2020,Analyst
19-1021.00,1.A.1.f.1,Spatial Orientation,IM,1.0,8,0.0,1.0,1.0,N,,08/2020,Analyst
19-1021.00,1.A.1.f.1,Spatial Orientation,LV,0.0,8,0.0,0.0,0.0,N,Y,08/2020,Analyst
19-1021.00,1.A.1.f.2,Visualization,IM,3.25,8,0.1637,2.9292,3.5708,N,,08/2020,Analyst
19-1021.00,1.A.1.f.2,Visualization,LV,3.38,8,0.2631,2.8594,3.8906,N,N,08/2020,Analyst
19-1021.00,1.A.1.g.1,Selective Attention,IM,3.0,8,0.0,3.0,3.0,N,,08/2020,Analyst
19-1021.00,1.A.1.g.1,Selective Attention,LV,3.0,8,0.0,3.0,3.0,N,N,08/2020,Analyst
19-1021.00,1.A.1.g.2,Time Sharing,IM,2.25,8,0.1637,1.9292,2.5708,N,,08/2020,Analyst
19-1021.00,1.A.1.g.2,Time Sharing,LV,2.0,8,0.0,2.0,2.0,N,N,08/2020,Analyst
19-1021.00,1.A.2.a.1,Arm-Hand Steadiness,IM,2.75,8,0.1637,2.4292,3.0708,N,,08/2020,Analyst
19-1021.00,1.A.2.a.1,Arm-Hand Steadiness,LV,2.88,8,0.125,2.63,3.12,N,N,08/2020,Analyst
19-1021.00,1.A.2.a.2,Manual Dexterity,IM,2.25,8,0.1637,1.9292,2.5708,N,,08/2020,Analyst
19-1021.00,1.A.2.a.2,Manual Dexterity,LV,2.12,8,0.125,1.88,2.37,N,N,08/2020,Analyst
19-1021.00,1.A.2.a.3,Finger Dexterity,IM,2.62,8,0.183,2.2664,2.9836,N,,08/2020,Analyst
19-1021.00,1.A.2.a.3,Finger Dexterity,LV,2.75,8,0.1637,2.4292,3.0708,N,N,08/2020,Analyst
19-1021.00,1.A.2.b.1,Control Precision,IM,2.12,8,0.125,1.88,2.37,N,,08/2020,Analyst
19-1021.00,1.A.2.b.1,Control Precision,LV,2.0,8,0.0,2.0,2.0,N,N,08/2020,Analyst
19-1021.00,1.A.2.b.2,Multilimb Coordination,IM,1.75,8,0.1637,1.4292,2.0708,N,,08/2020,Analyst
19-1021.00,1.A.2.b.2,Multilimb Coordination,LV,1.12,8,0.295,0.5467,1.7033,N,N,08/2020,Analyst
19-1021.00,1.A.2.b.3,Response Orientation,IM,1.5,8,0.189,1.1296,1.8704,N,,08/2020,Analyst
19-1021.00,1.A.2.b.3,Response Orientation,LV,0.62,8,0.2631,0.1094,1.1406,N,N,08/2020,Analyst
19-1021.00,1.A.2.b.4,Rate Control,IM,1.62,8,0.183,1.2664,1.9836,N,,08/2020,Analyst
19-1021.00,1.A.2.b.4,Rate Control,LV,0.62,8,0.183,0.2664,0.9836,N,N,08/2020,Analyst
19-1021.00,1.A.2.c.1,Reaction Time,IM,1.75,8,0.1637,1.4292,2.0708,N,,08/2020,Analyst
19-1021.00,1.A.2.c.1,Reaction Time,LV,0.75,8,0.1637,0.4292,1.0708,N,N,08/2020,Analyst
19-1021.00,1.A.2.c.2,Wrist-Finger Speed,IM,2.12,8,0.125,1.88,2.37,N,,08/2020,Analyst
19-1021.00,1.A.2.c.2,Wrist-Finger Speed,LV,1.75,8,0.1637,1.4292,2.0708,N,N,08/2020,Analyst
19-1021.00,1.A.2.c.3,Speed of Limb Movement,IM,1.0,8,0.0,1.0,1.0,N,,08/2020,Analyst
19-1021.00,1.A.2.c.3,Speed of Limb Movement,LV,0.0,8,0.0,0.0,0.0,N,Y,08/2020,Analyst
19-1021.00,1.A.3.a.1,Static Strength,IM,1.75,8,0.1637,1.4292,2.0708,N,,08/2020,Analyst
19-1021.00,1.A.3.a.1,Static Strength,LV,0.88,8,0.2266,0.4309,1.3191,N,N,08/2020,Analyst
19-1021.00,1.A.3.a.2,Explosive Strength,IM,1.0,8,0.0,1.0,1.0,N,,08/2020,Analyst
19-1021.00,1.A.3.a.2,Explosive Strength,LV,0.0,8,0.0,0.0,0.0,N,Y,08/2020,Analyst
19-1021.00,1.A.3.a.3,Dynamic Strength,IM,1.12,8,0.125,1.0,1.37,N,,08/2020,Analyst
19-1021.00,1.A.3.a.3,Dynamic Strength,LV,0.12,8,0.125,0.0,0.37,N,Y,08/2020,Analyst
19-1021.00,1.A.3.a.4,Trunk Strength,IM,2.12,8,0.125,1.88,2.37,N,,08/2020,Analyst
19-1021.00,1.A.3.a.4,Trunk Strength,LV,1.75,8,0.1637,1.4292,2.0708,N,N,08/2020,Analyst
19-1021.00,1.A.3.b.1,Stamina,IM,1.0,8,0.0,1.0,1.0,N,,08/2020,Analyst
19-1021.00,1.A.3.b.1,Stamina,LV,0.0,8,0.0,0.0,0.0,N,Y,08/2020,Analyst
19-1021.00,1.A.3.c.1,Extent Flexibility,IM,1.38,8,0.183,1.0164,1.7336,N,,08/2020,Analyst
19-1021.00,1.A.3.c.1,Extent Flexibility,LV,0.62,8,0.3239,0.0,1.2598,N,N,08/2020,Analyst
19-1021.00,1.A.3.c.2,Dynamic Flexibility,IM,1.0,8,0.0,1.0,1.0,N,,08/2020,Analyst
19-1021.00,1.A.3.c.2,Dynamic Flexibility,LV,0.0,8,0.0,0.0,0.0,N,Y,08/2020,Analyst
19-1021.00,1.A.3.c.3,Gross Body Coordination,IM,1.0,8,0.0,1.0,1.0,N,,08/2020,Analyst
19-1021.00,1.A.3.c.3,Gross Body Coordination,LV,0.0,8,0.0,0.0,0.0,N,Y,08/2020,Analyst
19-1021.00,1.A.3.c.4,Gross Body Equilibrium,IM,1.0,8,0.0,1.0,1.0,N,,08/2020,Analyst
19-1021.00,1.A.3.c.4,Gross Body Equilibrium,LV,0.0,8,0.0,0.0,0.0,N,Y,08/2020,Analyst
19-1021.00,1.A.4.a.1,Near Vision,IM,4.0,8,0.0,4.0,4.0,N,,08/2020,Analyst
19-1021.00,1.A.4.a.1,Near Vision,LV,4.12,8,0.125,3.88,4.37,N,N,08/2020,Analyst
19-1021.00,1.A.4.a.2,Far Vision,IM,2.88,8,0.125,2.63,3.12,N,,08/2020,Analyst
19-1021.00,1.A.4.a.2,Far Vision,LV,3.12,8,0.125,2.88,3.37,N,N,08/2020,Analyst
19-1021.00,1.A.4.a.3,Visual Color Discrimination,IM,2.88,8,0.125,2.63,3.12,N,,08/2020,Analyst
19-1021.00,1.A.4.a.3,Visual Color Discrimination,LV,2.88,8,0.125,2.63,3.12,N,N,08/2020,Analyst
19-1021.00,1.A.4.a.4,Night Vision,IM,1.0,8,0.0,1.0,1.0,N,,08/2020,Analyst
19-1021.00,1.A.4.a.4,Night Vision,LV,0.0,8,0.0,0.0,0.0,N,Y,08/2020,Analyst
19-1021.00,1.A.4.a.5,Peripheral Vision,IM,1.0,8,0.0,1.0,1.0,N,,08/2020,Analyst
19-1021.00,1.A.4.a.5,Peripheral Vision,LV,0.0,8,0.0,0.0,0.0,N,Y,08/2020,Analyst
19-1021.00,1.A.4.a.6,Depth Perception,IM,1.88,8,0.125,1.63,2.12,N,,08/2020,Analyst
19-1021.00,1.A.4.a.6,Depth Perception,LV,1.75,8,0.25,1.26,2.24,N,N,08/2020,Analyst
19-1021.00,1.A.4.a.7,Glare Sensitivity,IM,1.0,8,0.0,1.0,1.0,N,,08/2020,Analyst
19-1021.00,1.A.4.a.7,Glare Sensitivity,LV,0.0,8,0.0,0.0,0.0,N,Y,08/2020,Analyst
19-1021.00,1.A.4.b.1,Hearing Sensitivity,IM,1.88,8,0.125,1.63,2.12,N,,08/2020,Analyst
19-1021.00,1.A.4.b.1,Hearing Sensitivity,LV,1.75,8,0.25,1.26,2.24,N,N,08/2020,Analyst
19-1021.00,1.A.4.b.2,Auditory Attention,IM,2.0,8,0.189,1.6296,2.3704,N,,08/2020,Analyst
19-1021.00,1.A.4.b.2,Auditory Attention,LV,1.75,8,0.25,1.26,2.24,N,N,08/2020,Analyst
19-1021.00,1.A.4.b.3,Sound Localization,IM,1.0,8,0.0,1.0,1.0,N,,08/2020,Analyst
19-1021.00,1.A.4.b.3,Sound Localization,LV,0.0,8,0.0,0.0,0.0,N,Y,08/2020,Analyst
19-1021.00,1.A.4.b.4,Speech Recognition,IM,3.12,8,0.125,2.88,3.37,N,,08/2020,Analyst
19-1021.00,1.A.4.b.4,Speech Recognition,LV,3.25,8,0.1637,2.9292,3.5708,N,N,08/2020,Analyst
19-1021.00,1.A.4.b.5,Speech Clarity,IM,3.75,8,0.1637,3.4292,4.0708,N,,08/2020,Analyst
19-1021.00,1.A.4.b.5,Speech Clarity,LV,5.0,8,0.0,5.0,5.0,N,N,08/2020,Analyst
19-1022.00,1.A.1.a.1,Oral Comprehension,IM,4.0,8,0.0,4.0,4.0,N,,08/2024,Analyst
19-1022.00,1.A.1.a.1,Oral Comprehension,LV,5.0,8,0.0,5.0,5.0,N,N,08/2024,Analyst
19-1022.00,1.A.1.a.2,Written Comprehension,IM,4.25,8,0.1637,3.9292,4.5708,N,,08/2024,Analyst
19-1022.00,1.A.1.a.2,Written Comprehension,LV,5.0,8,0.0,5.0,5.0,N,N,08/2024,Analyst
19-1022.00,1.A.1.a.3,Oral Expression,IM,4.0,8,0.0,4.0,4.0,N,,08/2024,Analyst
19-1022.00,1.A.1.a.3,Oral Expression,LV,5.0,8,0.0,5.0,5.0,N,N,08/2024,Analyst
19-1022.00,1.A.1.a.4,Written Expression,IM,4.12,8,0.125,3.88,4.37,N,,08/2024,Analyst
19-1022.00,1.A.1.a.4,Written Expression,LV,5.0,8,0.0,5.0,5.0,N,N,08/2024,Analyst
19-1022.00,1.A.1.b.1,Fluency of Ideas,IM,3.75,8,0.1637,3.4292,4.0708,N,,08/2024,Analyst
19-1022.00,1.A.1.b.1,Fluency of Ideas,LV,4.12,8,0.125,3.88,4.37,N,N,08/2024,Analyst
19-1022.00,1.A.1.b.2,Originality,IM,3.12,8,0.125,2.88,3.37,N,,08/2024,Analyst
19-1022.00,1.A.1.b.2,Originality,LV,4.38,8,0.183,4.0164,4.7336,N,N,08/2024,Analyst
19-1022.00,1.A.1.b.3,Problem Sensitivity,IM,4.0,8,0.0,4.0,4.0,N,,08/2024,Analyst
19-1022.00,1.A.1.b.3,Problem Sensitivity,LV,5.0,8,0.0,5.0,5.0,N,N,08/2024,Analyst
19-1022.00,1.A.1.b.4,Deductive Reasoning,IM,4.0,8,0.0,4.0,4.0,N,,08/2024,Analyst
19-1022.00,1.A.1.b.4,Deductive Reasoning,LV,5.0,8,0.0,5.0,5.0,N,N,08/2024,Analyst
19-1022.00,1.A.1.b.5,Inductive Reasoning,IM,4.12,8,0.125,3.88,4.37,N,,08/2024,Analyst
19-1022.00,1.A.1.b.5,Inductive Reasoning,LV,5.12,8,0.125,4.88,5.37,N,N,08/2024,Analyst
19-1022.00,1.A.1.b.6,Information Ordering,IM,3.88,8,0.125,3.63,4.12,N,,08/2024,Analyst
19-1022.00,1.A.1.b.6,Information Ordering,LV,4.12,8,0.125,3.88,4.37,N,N,08/2024,Analyst
19-1022.00,1.A.1.b.7,Category Flexibility,IM,4.0,8,0.0,4.0,4.0,N,,08/2024,Analyst
19-1022.00,1.A.1.b.7,Category Flexibility,LV,4.75,8,0.1637,4.4292,5.0708,N,N,08/2024,Analyst
19-1022.00,1.A.1.c.1,Mathematical Reasoning,IM,2.88,8,0.125,2.63,3.12,N,,08/2024,Analyst
19-1022.00,1.A.1.c.1,Mathematical Reasoning,LV,3.88,8,0.125,3.63,4.12,N,N,08/2024,Analyst
19-1022.00,1.A.1.c.2,Number Facility,IM,2.88,8,0.125,2.63,3.12,N,,08/2024,Analyst
19-1022.00,1.A.1.c.2,Number Facility,LV,3.75,8,0.1637,3.4292,4.0708,N,N,08/2024,Analyst
19-1022.00,1.A.1.d.1,Memorization,IM,2.75,8,0.1637,2.4292,3.0708,N,,08/2024,Analyst
19-1022.00,1.A.1.d.1,Memorization,LV,2.75,8,0.1637,2.4292,3.0708,N,N,08/2024,Analyst
19-1022.00,1.A.1.e.1,Speed of Closure,IM,2.62,8,0.183,2.2664,2.9836,N,,08/2024,Analyst
19-1022.00,1.A.1.e.1,Speed of Closure,LV,3.12,8,0.125,2.88,3.37,N,N,08/2024,Analyst
19-1022.00,1.A.1.e.2,Flexibility of Closure,IM,3.75,8,0.1637,3.4292,4.0708,N,,08/2024,Analyst
19-1022.00,1.A.1.e.2,Flexibility of Closure,LV,4.0,8,0.189,3.6296,4.3704,N,N,08/2024,Analyst
19-1022.00,1.A.1.e.3,Perceptual Speed,IM,3.0,8,0.0,3.0,3.0,N,,08/2024,Analyst
19-1022.00,1.A.1.e.3,Perceptual Speed,LV,3.38,8,0.183,3.0164,3.7336,N,N,08/2024,Analyst
19-1022.00,1.A.1.f.1,Spatial Orientation,IM,1.0,8,0.0,1.0,1.0,N,,08/2024,Analyst
19-1022.00,1.A.1.f.1,Spatial Orientation,LV,0.0,8,0.0,0.0,0.0,N,Y,08/2024,Analyst
19-1022.00,1.A.1.f.2,Visualization,IM,3.0,8,0.0,3.0,3.0,N,,08/2024,Analyst
19-1022.00,1.A.1.f.2,Visualization,LV,3.38,8,0.183,3.0164,3.7336,N,N,08/2024,Analyst
19-1022.00,1.A.1.g.1,Selective Attention,IM,3.5,8,0.189,3.1296,3.8704,N,,08/2024,Analyst
19-1022.00,1.A.1.g.1,Selective Attention,LV,3.62,8,0.183,3.2664,3.9836,N,N,08/2024,Analyst
19-1022.00,1.A.1.g.2,Time Sharing,IM,2.62,8,0.183,2.2664,2.9836,N,,08/2024,Analyst
19-1022.00,1.A.1.g.2,Time Sharing,LV,2.25,8,0.1637,1.9292,2.5708,N,N,08/2024,Analyst
19-1022.00,1.A.2.a.1,Arm-Hand Steadiness,IM,2.75,8,0.1637,2.4292,3.0708,N,,08/2024,Analyst
19-1022.00,1.A.2.a.1,Arm-Hand Steadiness,LV,3.5,8,0.189,3.1296,3.8704,N,N,08/2024,Analyst
19-1022.00,1.A.2.a.2,Manual Dexterity,IM,2.62,8,0.183,2.2664,2.9836,N,,08/2024,Analyst
19-1022.00,1.A.2.a.2,Manual Dexterity,LV,2.5,8,0.189,2.1296,2.8704,N,N,08/2024,Analyst
19-1022.00,1.A.2.a.3,Finger Dexterity,IM,3.0,8,0.0,3.0,3.0,N,,08/2024,Analyst
19-1022.00,1.A.2.a.3,Finger Dexterity,LV,3.38,8,0.183,3.0164,3.7336,N,N,08/2024,Analyst
19-1022.00,1.A.2.b.1,Control Precision,IM,2.75,8,0.1637,2.4292,3.0708,N,,08/2024,Analyst
19-1022.00,1.A.2.b.1,Control Precision,LV,3.0,8,0.0,3.0,3.0,N,N,08/2024,Analyst
19-1022.00,1.A.2.b.2,Multilimb Coordination,IM,2.12,8,0.125,1.88,2.37,N,,08/2024,Analyst
19-1022.00,1.A.2.b.2,Multilimb Coordination,LV,2.0,8,0.0,2.0,2.0,N,N,08/2024,Analyst
19-1022.00,1.A.2.b.3,Response Orientation,IM,1.75,8,0.1637,1.4292,2.0708,N,,08/2024,Analyst
19-1022.00,1.A.2.b.3,Response Orientation,LV,1.0,8,0.2673,0.4762,1.5238,N,N,08/2024,Analyst
19-1022.00,1.A.2.b.4,Rate Control,IM,2.0,8,0.0,2.0,2.0,N,,08/2024,Analyst
19-1022.00,1.A.2.b.4,Rate Control,LV,1.5,8,0.189,1.1296,1.8704,N,N,08/2024,Analyst
19-1022.00,1.A.2.c.1,Reaction Time,IM,2.12,8,0.125,1.88,2.37,N,,08/2024,Analyst
19-1022.00,1.A.2.c.1,Reaction Time,LV,1.88,8,0.2266,1.4309,2.3191,N,N,08/2024,Analyst
19-1022.00,1.A.2.c.2,Wrist-Finger Speed,IM,1.88,8,0.125,1.63,2.12,N,,08/2024,Analyst
19-1022.00,1.A.2.c.2,Wrist-Finger Speed,LV,1.75,8,0.25,1.26,2.24,N,N,08/2024,Analyst
19-1022.00,1.A.2.c.3,Speed of Limb Movement,IM,1.0,8,0.0,1.0,1.0,N,,08/2024,Analyst
19-1022.00,1.A.2.c.3,Speed of Limb Movement,LV,0.0,8,0.0,0.0,0.0,N,Y,08/2024,Analyst
19-1022.00,1.A.3.a.1,Static Strength,IM,2.0,8,0.0,2.0,2.0,N,,08/2024,Analyst
19-1022.00,1.A.3.a.1,Static Strength,LV,1.25,8,0.1637,0.9292,1.5708,N,N,08/2024,Analyst
19-1022.00,1.A.3.a.2,Explosive Strength,IM,1.38,8,0.183,1.0164,1.7336,N,,08/2024,Analyst
19-1022.00,1.A.3.a.2,Explosive Strength,LV,0.38,8,0.183,0.0164,0.7336,N,N,08/2024,Analyst
19-1022.00,1.A.3.a.3,Dynamic Strength,IM,1.5,8,0.189,1.1296,1.8704,N,,08/2024,Analyst
19-1022.00,1.A.3.a.3,Dynamic Strength,LV,0.5,8,0.189,0.1296,0.8704,N,N,08/2024,Analyst
19-1022.00,1.A.3.a.4,Trunk Strength,IM,2.0,8,0.0,2.0,2.0,N,,08/2024,Analyst
19-1022.00,1.A.3.a.4,Trunk Strength,LV,2.0,8,0.0,2.0,2.0,N,N,08/2024,Analyst
19-1022.00,1.A.3.b.1,Stamina,IM,1.5,8,0.189,1.1296,1.8704,N,,08/2024,Analyst
19-1022.00,1.A.3.b.1,Stamina,LV,0.5,8,0.189,0.1296,0.8704,N,N,08/2024,Analyst
19-1022.00,1.A.3.c.1,Extent Flexibility,IM,1.5,8,0.189,1.1296,1.8704,N,,08/2024,Analyst
19-1022.00,1.A.3.c.1,Extent Flexibility,LV,0.5,8,0.189,0.1296,0.8704,N,N,08/2024,Analyst
19-1022.00,1.A.3.c.2,Dynamic Flexibility,IM,1.0,8,0.0,1.0,1.0,N,,08/2024,Analyst
19-1022.00,1.A.3.c.2,Dynamic Flexibility,LV,0.0,8,0.0,0.0,0.0,N,Y,08/2024,Analyst
19-1022.00,1.A.3.c.3,Gross Body Coordination,IM,1.38,8,0.183,1.0164,1.7336,N,,08/2024,Analyst
19-1022.00,1.A.3.c.3,Gross Body Coordination,LV,0.38,8,0.183,0.0164,0.7336,N,N,08/2024,Analyst
19-1022.00,1.A.3.c.4,Gross Body Equilibrium,IM,1.38,8,0.183,1.0164,1.7336,N,,08/2024,Analyst
19-1022.00,1.A.3.c.4,Gross Body Equilibrium,LV,0.38,8,0.183,0.0164,0.7336,N,N,08/2024,Analyst
19-1022.00,1.A.4.a.1,Near Vision,IM,3.75,8,0.1637,3.4292,4.0708,N,,08/2024,Analyst
19-1022.00,1.A.4.a.1,Near Vision,LV,4.62,8,0.183,4.2664,4.9836,N,N,08/2024,Analyst
19-1022.00,1.A.4.a.2,Far Vision,IM,2.88,8,0.125,2.63,3.12,N,,08/2024,Analyst
19-1022.00,1.A.4.a.2,Far Vision,LV,3.25,8,0.1637,2.9292,3.5708,N,N,08/2024,Analyst
19-1022.00,1.A.4.a.3,Visual Color Discrimination,IM,3.0,8,0.0,3.0,3.0,N,,08/2024,Analyst
19-1022.00,1.A.4.a.3,Visual Color Discrimination,LV,3.12,8,0.125,2.88,3.37,N,N,08/2024,Analyst
19-1022.00,1.A.4.a.4,Night Vision,IM,1.0,8,0.0,1.0,1.0,N,,08/2024,Analyst
19-1022.00,1.A.4.a.4,Night Vision,LV,0.0,8,0.0,0.0,0.0,N,Y,08/2024,Analyst
19-1022.00,1.A.4.a.5,Peripheral Vision,IM,1.0,8,0.0,1.0,1.0,N,,08/2024,Analyst
19-1022.00,1.A.4.a.5,Peripheral Vision,LV,0.0,8,0.0,0.0,0.0,N,Y,08/2024,Analyst
19-1022.00,1.A.4.a.6,Depth Perception,IM,2.12,8,0.125,1.88,2.37,N,,08/2024,Analyst
19-1022.00,1.A.4.a.6,Depth Perception,LV,2.0,8,0.0,2.0,2.0,N,N,08/2024,Analyst
19-1022.00,1.A.4.a.7,Glare Sensitivity,IM,1.0,8,0.0,1.0,1.0,N,,08/2024,Analyst
19-1022.00,1.A.4.a.7,Glare Sensitivity,LV,0.0,8,0.0,0.0,0.0,N,Y,08/2024,Analyst
19-1022.00,1.A.4.b.1,Hearing Sensitivity,IM,2.0,8,0.0,2.0,2.0,N,,08/2024,Analyst
19-1022.00,1.A.4.b.1,Hearing Sensitivity,LV,2.0,8,0.0,2.0,2.0,N,N,08/2024,Analyst
19-1022.00,1.A.4.b.2,Auditory Attention,IM,2.0,8,0.0,2.0,2.0,N,,08/2024,Analyst
19-1022.00,1.A.4.b.2,Auditory Attention,LV,2.0,8,0.0,2.0,2.0,N,N,08/2024,Analyst
19-1022.00,1.A.4.b.3,Sound Localization,IM,1.0,8,0.0,1.0,1.0,N,,08/2024,Analyst
19-1022.00,1.A.4.b.3,Sound Localization,LV,0.0,8,0.0,0.0,0.0,N,Y,08/2024,Analyst
19-1022.00,1.A.4.b.4,Speech Recognition,IM,3.62,8,0.183,3.2664,3.9836,N,,08/2024,Analyst
19-1022.00,1.A.4.b.4,Speech Recognition,LV,3.88,8,0.125,3.63,4.12,N,N,08/2024,Analyst
19-1022.00,1.A.4.b.5,Speech Clarity,IM,3.12,8,0.125,2.88,3.37,N,,08/2024,Analyst
19-1022.00,1.A.4.b.5,Speech Clarity,LV,3.12,8,0.125,2.88,3.37,N,N,08/2024,Analyst
19-1023.00,1.A.1.a.1,Oral Comprehension,IM,4.0,8,0.0,4.0,4.0,N,,08/2023,Analyst
19-1023.00,1.A.1.a.1,Oral Comprehension,LV,4.88,8,0.125,4.63,5.12,N,N,08/2023,Analyst
19-1023.00,1.A.1.a.2,Written Comprehension,IM,4.0,8,0.0,4.0,4.0,N,,08/2023,Analyst
19-1023.00,1.A.1.a.2,Written Comprehension,LV,5.0,8,0.0,5.0,5.0,N,N,08/2023,Analyst
19-1023.00,1.A.1.a.3,Oral Expression,IM,4.0,8,0.0,4.0,4.0,N,,08/2023,Analyst
19-1023.00,1.A.1.a.3,Oral Expression,LV,4.88,8,0.125,4.63,5.12,N,N,08/2023,Analyst
19-1023.00,1.A.1.a.4,Written Expression,IM,4.0,8,0.0,4.0,4.0,N,,08/2023,Analyst
19-1023.00,1.A.1.a.4,Written Expression,LV,5.0,8,0.0,5.0,5.0,N,N,08/2023,Analyst
19-1023.00,1.A.1.b.1,Fluency of Ideas,IM,3.38,8,0.183,3.0164,3.7336,N,,08/2023,Analyst
19-1023.00,1.A.1.b.1,Fluency of Ideas,LV,3.25,8,0.1637,2.9292,3.5708,N,N,08/2023,Analyst
19-1023.00,1.A.1.b.2,Originality,IM,3.25,8,0.1637,2.9292,3.5708,N,,08/2023,Analyst
19-1023.00,1.A.1.b.2,Originality,LV,3.12,8,0.125,2.88,3.37,N,N,08/2023,Analyst
19-1023.00,1.A.1.b.3,Problem Sensitivity,IM,3.75,8,0.1637,3.4292,4.0708,N,,08/2023,Analyst
19-1023.00,1.A.1.b.3,Problem Sensitivity,LV,3.88,8,0.125,3.63,4.12,N,N,08/2023,Analyst
19-1023.00,1.A.1.b.4,Deductive Reasoning,IM,4.0,8,0.0,4.0,4.0,N,,08/2023,Analyst
19-1023.00,1.A.1.b.4,Deductive Reasoning,LV,4.0,8,0.0,4.0,4.0,N,N,08/2023,Analyst
19-1023.00,1.A.1.b.5,Inductive Reasoning,IM,4.0,8,0.0,4.0,4.0,N,,08/2023,Analyst
19-1023.00,1.A.1.b.5,Inductive Reasoning,LV,4.0,8,0.0,4.0,4.0,N,N,08/2023,Analyst
19-1023.00,1.A.1.b.6,Information Ordering,IM,3.75,8,0.1637,3.4292,4.0708,N,,08/2023,Analyst
19-1023.00,1.A.1.b.6,Information Ordering,LV,3.88,8,0.125,3.63,4.12,N,N,08/2023,Analyst
19-1023.00,1.A.1.b.7,Category Flexibility,IM,3.5,8,0.189,3.1296,3.8704,N,,08/2023,Analyst
19-1023.00,1.A.1.b.7,Category Flexibility,LV,3.88,8,0.125,3.63,4.12,N,N,08/2023,Analyst
19-1023.00,1.A.1.c.1,Mathematical Reasoning,IM,3.0,8,0.0,3.0,3.0,N,,08/2023,Analyst
19-1023.00,1.A.1.c.1,Mathematical Reasoning,LV,3.0,8,0.0,3.0,3.0,N,N,08/2023,Analyst
19-1023.00,1.A.1.c.2,Number Facility,IM,3.0,8,0.0,3.0,3.0,N,,08/2023,Analyst
19-1023.00,1.A.1.c.2,Number Facility,LV,3.12,8,0.125,2.88,3.37,N,N,08/2023,Analyst
19-1023.00,1.A.1.d.1,Memorization,IM,2.25,8,0.1637,1.9292,2.5708,N,,08/2023,Analyst
19-1023.00,1.A.1.d.1,Memorization,LV,2.12,8,0.125,1.88,2.37,N,N,08/2023,Analyst
19-1023.00,1.A.1.e.1,Speed of Closure,IM,2.25,8,0.1637,1.9292,2.5708,N,,08/2023,Analyst
19-1023.00,1.A.1.e.1,Speed of Closure,LV,2.75,8,0.1637,2.4292,3.0708,N,N,08/2023,Analyst
19-1023.00,1.A.1.e.2,Flexibility of Closure,IM,3.12,8,0.125,2.88,3.37,N,,08/2023,Analyst
19-1023.00,1.A.1.e.2,Flexibility of Closure,LV,3.38,8,0.183,3.0164,3.7336,N,N,08/2023,Analyst
19-1023.00,1.A.1.e.3,Perceptual Speed,IM,3.0,8,0.189,2.6296,3.3704,N,,08/2023,Analyst
19-1023.00,1.A.1.e.3,Perceptual Speed,LV,2.75,8,0.1637,2.4292,3.0708,N,N,08/2023,Analyst
19-1023.00,1.A.1.f.1,Spatial Orientation,IM,2.12,8,0.125,1.88,2.37,N,,08/2023,Analyst
19-1023.00,1.A.1.f.1,Spatial Orientation,LV,1.88,8,0.125,1.63,2.12,N,N,08/2023,Analyst
19-1023.00,1.A.1.f.2,Visualization,IM,2.88,8,0.125,2.63,3.12,N,,08/2023,Analyst
19-1023.00,1.A.1.f.2,Visualization,LV,2.88,8,0.125,2.63,3.12,N,N,08/2023,Analyst
19-1023.00,1.A.1.g.1,Selective Attention,IM,3.25,8,0.1637,2.9292,3.5708,N,,08/2023,Analyst
19-1023.00,1.A.1.g.1,Selective Attention,LV,3.25,8,0.1637,2.9292,3.5708,N,N,08/2023,Analyst
19-1023.00,1.A.1.g.2,Time Sharing,IM,3.0,8,0.189,2.6296,3.3704,N,,08/2023,Analyst
19-1023.00,1.A.1.g.2,Time Sharing,LV,3.0,8,0.189,2.6296,3.3704,N,N,08/2023,Analyst
19-1023.00,1.A.2.a.1,Arm-Hand Steadiness,IM,2.38,8,0.183,2.0164,2.7336,N,,08/2023,Analyst
19-1023.00,1.A.2.a.1,Arm-Hand Steadiness,LV,2.12,8,0.125,1.88,2.37,N,N,08/2023,Analyst
19-1023.00,1.A.2.a.2,Manual Dexterity,IM,2.0,8,0.0,2.0,2.0,N,,08/2023,Analyst
19-1023.00,1.A.2.a.2,Manual Dexterity,LV,2.0,8,0.0,2.0,2.0,N,N,08/2023,Analyst
19-1023.00,1.A.2.a.3,Finger Dexterity,IM,2.25,8,0.1637,1.9292,2.5708,N,,08/2023,Analyst
19-1023.00,1.A.2.a.3,Finger Dexterity,LV,2.25,8,0.1637,1.9292,2.5708,N,N,08/2023,Analyst
19-1023.00,1.A.2.b.1,Control Precision,IM,2.0,8,0.0,2.0,2.0,N,,08/2023,Analyst
19-1023.00,1.A.2.b.1,Control Precision,LV,2.12,8,0.125,1.88,2.37,N,N,08/2023,Analyst
19-1023.00,1.A.2.b.2,Multilimb Coordination,IM,2.0,8,0.0,2.0,2.0,N,,08/2023,Analyst
19-1023.00,1.A.2.b.2,Multilimb Coordination,LV,2.0,8,0.0,2.0,2.0,N,N,08/2023,Analyst
19-1023.00,1.A.2.b.3,Response Orientation,IM,2.0,8,0.0,2.0,2.0,N,,08/2023,Analyst
19-1023.00,1.A.2.b.3,Response Orientation,LV,2.0,8,0.0,2.0,2.0,N,N,08/2023,Analyst
19-1023.00,1.A.2.b.4,Rate Control,IM,2.0,8,0.0,2.0,2.0,N,,08/2023,Analyst
19-1023.00,1.A.2.b.4,Rate Control,LV,2.0,8,0.0,2.0,2.0,N,N,08/2023,Analyst
19-1023.00,1.A.2.c.1,Reaction Time,IM,2.0,8,0.0,2.0,2.0,N,,08/2023,Analyst
19-1023.00,1.A.2.c.1,Reaction Time,LV,1.88,8,0.125,1.63,2.12,N,N,08/2023,Analyst
19-1023.00,1.A.2.c.2,Wrist-Finger Speed,IM,2.0,8,0.0,2.0,2.0,N,,08/2023,Analyst
19-1023.00,1.A.2.c.2,Wrist-Finger Speed,LV,1.75,8,0.1637,1.4292,2.0708,N,N,08/2023,Analyst
19-1023.00,1.A.2.c.3,Speed of Limb Movement,IM,1.25,8,0.1637,1.0,1.5708,N,,08/2023,Analyst
19-1023.00,1.A.2.c.3,Speed of Limb Movement,LV,0.25,8,0.1637,0.0,0.5708,N,Y,08/2023,Analyst
19-1023.00,1.A.3.a.1,Static Strength,IM,2.0,8,0.0,2.0,2.0,N,,08/2023,Analyst
19-1023.00,1.A.3.a.1,Static Strength,LV,2.0,8,0.0,2.0,2.0,N,N,08/2023,Analyst
19-1023.00,1.A.3.a.2,Explosive Strength,IM,2.0,8,0.0,2.0,2.0,N,,08/2023,Analyst
19-1023.00,1.A.3.a.2,Explosive Strength,LV,1.12,8,0.125,0.88,1.37,N,N,08/2023,Analyst
19-1023.00,1.A.3.a.3,Dynamic Strength,IM,2.0,8,0.0,2.0,2.0,N,,08/2023,Analyst
19-1023.00,1.A.3.a.3,Dynamic Strength,LV,1.38,8,0.183,1.0164,1.7336,N,N,08/2023,Analyst
19-1023.00,1.A.3.a.4,Trunk Strength,IM,2.0,8,0.0,2.0,2.0,N,,08/2023,Analyst
19-1023.00,1.A.3.a.4,Trunk Strength,LV,2.12,8,0.125,1.88,2.37,N,N,08/2023,Analyst
19-1023.00,1.A.3.b.1,Stamina,IM,2.0,8,0.0,2.0,2.0,N,,08/2023,Analyst
19-1023.00,1.A.3.b.1,Stamina,LV,1.5,8,0.189,1.1296,1.8704,N,N,08/2023,Analyst
19-1023.00,1.A.3.c.1,Extent Flexibility,IM,2.0,8,0.0,2.0,2.0,N,,08/2023,Analyst
19-1023.00,1.A.3.c.1,Extent Flexibility,LV,2.0,8,0.0,2.0,2.0,N,N,08/2023,Analyst
19-1023.00,1.A.3.c.2,Dynamic Flexibility,IM,1.0,8,0.0,1.0,1.0,N,,08/2023,Analyst
19-1023.00,1.A.3.c.2,Dynamic Flexibility,LV,0.0,8,0.0,0.0,0.0,N,Y,08/2023,Analyst
19-1023.00,1.A.3.c.3,Gross Body Coordination,IM,2.0,8,0.0,2.0,2.0,N,,08/2023,Analyst
19-1023.00,1.A.3.c.3,Gross Body Coordination,LV,1.5,8,0.189,1.1296,1.8704,N,N,08/2023,Analyst
19-1023.00,1.A.3.c.4,Gross Body Equilibrium,IM,2.0,8,0.0,2.0,2.0,N,,08/2023,Analyst
19-1023.00,1.A.3.c.4,Gross Body Equilibrium,LV,1.0,8,0.0,1.0,1.0,N,N,08/2023,Analyst
19-1023.00,1.A.4.a.1,Near Vision,IM,3.5,8,0.189,3.1296,3.8704,N,,08/2023,Analyst
19-1023.00,1.A.4.a.1,Near Vision,LV,3.75,8,0.1637,3.4292,4.0708,N,N,08/2023,Analyst
19-1023.00,1.A.4.a.2,Far Vision,IM,3.0,8,0.0,3.0,3.0,N,,08/2023,Analyst
19-1023.00,1.A.4.a.2,Far Vision,LV,3.12,8,0.125,2.88,3.37,N,N,08/2023,Analyst
19-1023.00,1.A.4.a.3,Visual Color Discrimination,IM,2.75,8,0.1637,2.4292,3.0708,N,,08/2023,Analyst
19-1023.00,1.A.4.a.3,Visual Color Discrimination,LV,2.88,8,0.125,2.63,3.12,N,N,08/2023,Analyst
19-1023.00,1.A.4.a.4,Night Vision,IM,2.0,8,0.0,2.0,2.0,N,,08/2023,Analyst
19-1023.00,1.A.4.a.4,Night Vision,LV,1.88,8,0.125,1.63,2.12,N,N,08/2023,Analyst
19-1023.00,1.A.4.a.5,Peripheral Vision,IM,2.0,8,0.0,2.0,2.0,N,,08/2023,Analyst
19-1023.00,1.A.4.a.5,Peripheral Vision,LV,1.38,8,0.183,1.0164,1.7336,N,N,08/2023,Analyst
19-1023.00,1.A.4.a.6,Depth Perception,IM,2.0,8,0.0,2.0,2.0,N,,08/2023,Analyst
19-1023.00,1.A.4.a.6,Depth Perception,LV,2.12,8,0.125,1.88,2.37,N,N,08/2023,Analyst
19-1023.00,1.A.4.a.7,Glare Sensitivity,IM,2.0,8,0.0,2.0,2.0,N,,08/2023,Analyst
19-1023.00,1.A.4.a.7,Glare Sensitivity,LV,1.5,8,0.189,1.1296,1.8704,N,N,08/2023,Analyst
19-1023.00,1.A.4.b.1,Hearing Sensitivity,IM,2.5,8,0.189,2.1296,2.8704,N,,08/2023,Analyst
19-1023.00,1.A.4.b.1,Hearing Sensitivity,LV,2.88,8,0.125,2.63,3.12,N,N,08/2023,Analyst
19-1023.00,1.A.4.b.2,Auditory Attention,IM,2.38,8,0.183,2.0164,2.7336,N,,08/2023,Analyst
19-1023.00,1.A.4.b.2,Auditory Attention,LV,2.25,8,0.1637,1.9292,2.5708,N,N,08/2023,Analyst
19-1023.00,1.A.4.b.3,Sound Localization,IM,2.0,8,0.0,2.0,2.0,N,,08/2023,Analyst
19-1023.00,1.A.4.b.3,Sound Localization,LV,1.5,8,0.189,1.1296,1.8704,N,N,08/2023,Analyst
19-1023.00,1.A.4.b.4,Speech Recognition,IM,3.62,8,0.183,3.2664,3.9836,N,,08/2023,Analyst
19-1023.00,1.A.4.b.4,Speech Recognition,LV,3.12,8,0.125,2.88,3.37,N,N,08/2023,Analyst
19-1023.00,1.A.4.b.5,Speech Clarity,IM,3.75,8,0.1637,3.4292,4.0708,N,,08/2023,Analyst
19-1023.00,1.A.4.b.5,Speech Clarity,LV,3.88,8,0.125,3.63,4.12,N,N,08/2023,Analyst
19-1029.01,1.A.1.a.1,Oral Comprehension,IM,4.12,8,0.125,3.88,4.37,N,,07/2012,Analyst
19-1029.01,1.A.1.a.1,Oral Comprehension,LV,4.75,8,0.3134,4.1358,5.3642,N,N,07/2012,Analyst
19-1029.01,1.A.1.a.2,Written Comprehension,IM,4.25,8,0.1637,3.9292,4.5708,N,,07/2012,Analyst
19-1029.01,1.A.1.a.2,Written Comprehension,LV,4.88,8,0.295,4.2967,5.4533,N,N,07/2012,Analyst
19-1029.01,1.A.1.a.3,Oral Expression,IM,4.0,8,0.0,4.0,4.0,N,,07/2012,Analyst
19-1029.01,1.A.1.a.3,Oral Expression,LV,4.75,8,0.3134,4.1358,5.3642,N,N,07/2012,Analyst
19-1029.01,1.A.1.a.4,Written Expression,IM,4.25,8,0.1637,3.9292,4.5708,N,,07/2012,Analyst
19-1029.01,1.A.1.a.4,Written Expression,LV,4.88,8,0.295,4.2967,5.4533,N,N,07/2012,Analyst
19-1029.01,1.A.1.b.1,Fluency of Ideas,IM,3.88,8,0.3981,3.0947,4.6553,N,,07/2012,Analyst
19-1029.01,1.A.1.b.1,Fluency of Ideas,LV,4.12,8,0.3504,3.4383,4.8117,N,N,07/2012,Analyst
19-1029.01,1.A.1.b.2,Originality,IM,3.75,8,0.366,3.0327,4.4673,N,,07/2012,Analyst
19-1029.01,1.A.1.b.2,Originality,LV,4.25,8,0.4119,3.4427,5.0573,N,N,07/2012,Analyst
19-1029.01,1.A.1.b.3,Problem Sensitivity,IM,4.0,8,0.189,3.6296,4.3704,N,,07/2012,Analyst
19-1029.01,1.A.1.b.3,Problem Sensitivity,LV,4.62,8,0.3239,3.9902,5.2598,N,N,07/2012,Analyst
19-1029.01,1.A.1.b.4,Deductive Reasoning,IM,4.0,8,0.2673,3.4762,4.5238,N,,07/2012,Analyst
19-1029.01,1.A.1.b.4,Deductive Reasoning,LV,4.75,8,0.25,4.26,5.24,N,N,07/2012,Analyst
19-1029.01,1.A.1.b.5,Inductive Reasoning,IM,4.0,8,0.189,3.6296,4.3704,N,,07/2012,Analyst
19-1029.01,1.A.1.b.5,Inductive Reasoning,LV,4.62,8,0.183,4.2664,4.9836,N,N,07/2012,Analyst
19-1029.01,1.A.1.b.6,Information Ordering,IM,4.0,8,0.189,3.6296,4.3704,N,,07/2012,Analyst
19-1029.01,1.A.1.b.6,Information Ordering,LV,4.25,8,0.1637,3.9292,4.5708,N,N,07/2012,Analyst
19-1029.01,1.A.1.b.7,Category Flexibility,IM,3.75,8,0.1637,3.4292,4.0708,N,,07/2012,Analyst
19-1029.01,1.A.1.b.7,Category Flexibility,LV,4.12,8,0.3504,3.4383,4.8117,N,N,07/2012,Analyst
19-1029.01,1.A.1.c.1,Mathematical Reasoning,IM,3.88,8,0.295,3.2967,4.4533,N,,07/2012,Analyst
19-1029.01,1.A.1.c.1,Mathematical Reasoning,LV,4.38,8,0.2631,3.8594,4.8906,N,N,07/2012,Analyst
19-1029.01,1.A.1.c.2,Number Facility,IM,3.62,8,0.2631,3.1094,4.1406,N,,07/2012,Analyst
19-1029.01,1.A.1.c.2,Number Facility,LV,4.25,8,0.1637,3.9292,4.5708,N,N,07/2012,Analyst
19-1029.01,1.A.1.d.1,Memorization,IM,3.12,8,0.2266,2.6809,3.5691,N,,07/2012,Analyst
19-1029.01,1.A.1.d.1,Memorization,LV,3.25,8,0.25,2.76,3.74,N,N,07/2012,Analyst
19-1029.01,1.A.1.e.1,Speed of Closure,IM,2.88,8,0.2266,2.4309,3.3191,N,,07/2012,Analyst
19-1029.01,1.A.1.e.1,Speed of Closure,LV,3.38,8,0.3239,2.7402,4.0098,N,N,07/2012,Analyst
19-1029.01,1.A.1.e.2,Flexibility of Closure,IM,3.38,8,0.2631,2.8594,3.8906,N,,07/2012,Analyst
19-1029.01,1.A.1.e.2,Flexibility of Closure,LV,3.62,8,0.4199,2.8019,4.4481,N,N,07/2012,Analyst
19-1029.01,1.A.1.e.3,Perceptual Speed,IM,3.12,8,0.2266,2.6809,3.5691,N,,07/2012,Analyst
19-1029.01,1.A.1.e.3,Perceptual Speed,LV,3.5,8,0.3273,2.8584,4.1416,N,N,07/2012,Analyst
19-1029.01,1.A.1.f.1,Spatial Orientation,IM,1.12,8,0.125,1.0,1.37,N,,07/2012,Analyst
19-1029.01,1.A.1.f.1,Spatial Orientation,LV,0.25,8,0.25,0.0,0.74,N,Y,07/2012,Analyst
19-1029.01,1.A.1.f.2,Visualization,IM,2.88,8,0.2266,2.4309,3.3191,N,,07/2012,Analyst
19-1029.01,1.A.1.f.2,Visualization,LV,3.5,8,0.3273,2.8584,4.1416,N,N,07/2012,Analyst
19-1029.01,1.A.1.g.1,Selective Attention,IM,3.38,8,0.2631,2.8594,3.8906,N,,07/2012,Analyst
19-1029.01,1.A.1.g.1,Selective Attention,LV,3.62,8,0.4199,2.8019,4.4481,N,N,07/2012,Analyst
19-1029.01,1.A.1.g.2,Time Sharing,IM,2.75,8,0.3134,2.1358,3.3642,N,,07/2012,Analyst
19-1029.01,1.A.1.g.2,Time Sharing,LV,2.62,8,0.4605,1.7224,3.5276,N,N,07/2012,Analyst
19-1029.01,1.A.2.a.1,Arm-Hand Steadiness,IM,1.75,8,0.1637,1.4292,2.0708,N,,07/2012,Analyst
19-1029.01,1.A.2.a.1,Arm-Hand Steadiness,LV,1.25,8,0.366,0.5327,1.9673,N,N,07/2012,Analyst
19-1029.01,1.A.2.a.2,Manual Dexterity,IM,1.75,8,0.1637,1.4292,2.0708,N,,07/2012,Analyst
19-1029.01,1.A.2.a.2,Manual Dexterity,LV,1.38,8,0.4199,0.5519,2.1981,N,N,07/2012,Analyst
19-1029.01,1.A.2.a.3,Finger Dexterity,IM,2.62,8,0.2631,2.1094,3.1406,N,,07/2012,Analyst
19-1029.01,1.A.2.a.3,Finger Dexterity,LV,2.75,8,0.3134,2.1358,3.3642,N,N,07/2012,Analyst
19-1029.01,1.A.2.b.1,Control Precision,IM,2.0,8,0.0,2.0,2.0,N,,07/2012,Analyst
19-1029.01,1.A.2.b.1,Control Precision,LV,1.75,8,0.3134,1.1358,2.3642,N,N,07/2012,Analyst
19-1029.01,1.A.2.b.2,Multilimb Coordination,IM,1.0,8,0.0,1.0,1.0,N,,07/2012,Analyst
19-1029.01,1.A.2.b.2,Multilimb Coordination,LV,0.0,8,0.0,0.0,0.0,N,Y,07/2012,Analyst
19-1029.01,1.A.2.b.3,Response Orientation,IM,1.0,8,0.0,1.0,1.0,N,,07/2012,Analyst
19-1029.01,1.A.2.b.3,Response Orientation,LV,0.0,8,0.0,0.0,0.0,N,Y,07/2012,Analyst
19-1029.01,1.A.2.b.4,Rate Control,IM,1.0,8,0.0,1.0,1.0,N,,07/2012,Analyst
19-1029.01,1.A.2.b.4,Rate Control,LV,0.0,8,0.0,0.0,0.0,N,Y,07/2012,Analyst
19-1029.01,1.A.2.c.1,Reaction Time,IM,1.0,8,0.0,1.0,1.0,N,,07/2012,Analyst
19-1029.01,1.A.2.c.1,Reaction Time,LV,0.0,8,0.0,0.0,0.0,N,Y,07/2012,Analyst
19-1029.01,1.A.2.c.2,Wrist-Finger Speed,IM,1.0,8,0.0,1.0,1.0,N,,07/2012,Analyst
19-1029.01,1.A.2.c.2,Wrist-Finger Speed,LV,0.0,8,0.0,0.0,0.0,N,Y,07/2012,Analyst
19-1029.01,1.A.2.c.3,Speed of Limb Movement,IM,1.0,8,0.0,1.0,1.0,N,,07/2012,Analyst
19-1029.01,1.A.2.c.3,Speed of Limb Movement,LV,0.0,8,0.0,0.0,0.0,N,Y,07/2012,Analyst
19-1029.01,1.A.3.a.1,Static Strength,IM,1.0,8,0.0,1.0,1.0,N,,07/2012,Analyst
19-1029.01,1.A.3.a.1,Static Strength,LV,0.0,8,0.0,0.0,0.0,N,Y,07/2012,Analyst
19-1029.01,1.A.3.a.2,Explosive Strength,IM,1.0,8,0.0,1.0,1.0,N,,07/2012,Analyst
19-1029.01,1.A.3.a.2,Explosive Strength,LV,0.0,8,0.0,0.0,0.0,N,Y,07/2012,Analyst
19-1029.01,1.A.3.a.3,Dynamic Strength,IM,1.0,8,0.0,1.0,1.0,N,,07/2012,Analyst
19-1029.01,1.A.3.a.3,Dynamic Strength,LV,0.0,8,0.0,0.0,0.0,N,Y,07/2012,Analyst
19-1029.01,1.A.3.a.4,Trunk Strength,IM,1.25,8,0.1637,1.0,1.5708,N,,07/2012,Analyst
19-1029.01,1.A.3.a.4,Trunk Strength,LV,0.38,8,0.2631,0.0,0.8906,N,Y,07/2012,Analyst
19-1029.01,1.A.3.b.1,Stamina,IM,1.0,8,0.0,1.0,1.0,N,,07/2012,Analyst
19-1029.01,1.A.3.b.1,Stamina,LV,0.0,8,0.0,0.0,0.0,N,Y,07/2012,Analyst
19-1029.01,1.A.3.c.1,Extent Flexibility,IM,1.0,8,0.0,1.0,1.0,N,,07/2012,Analyst
19-1029.01,1.A.3.c.1,Extent Flexibility,LV,0.0,8,0.0,0.0,0.0,N,Y,07/2012,Analyst
19-1029.01,1.A.3.c.2,Dynamic Flexibility,IM,1.0,8,0.0,1.0,1.0,N,,07/2012,Analyst
19-1029.01,1.A.3.c.2,Dynamic Flexibility,LV,0.0,8,0.0,0.0,0.0,N,Y,07/2012,Analyst
19-1029.01,1.A.3.c.3,Gross Body Coordination,IM,1.0,8,0.0,1.0,1.0,N,,07/2012,Analyst
19-1029.01,1.A.3.c.3,Gross Body Coordination,LV,0.0,8,0.0,0.0,0.0,N,Y,07/2012,Analyst
19-1029.01,1.A.3.c.4,Gross Body Equilibrium,IM,1.0,8,0.0,1.0,1.0,N,,07/2012,Analyst
19-1029.01,1.A.3.c.4,Gross Body Equilibrium,LV,0.0,8,0.0,0.0,0.0,N,Y,07/2012,Analyst
19-1029.01,1.A.4.a.1,Near Vision,IM,3.75,8,0.1637,3.4292,4.0708,N,,07/2012,Analyst
19-1029.01,1.A.4.a.1,Near Vision,LV,4.0,8,0.2673,3.4762,4.5238,N,N,07/2012,Analyst
19-1029.01,1.A.4.a.2,Far Vision,IM,3.12,8,0.295,2.5467,3.7033,N,,07/2012,Analyst
19-1029.01,1.A.4.a.2,Far Vision,LV,3.12,8,0.2266,2.6809,3.5691,N,N,07/2012,Analyst
19-1029.01,1.A.4.a.3,Visual Color Discrimination,IM,2.62,8,0.2631,2.1094,3.1406,N,,07/2012,Analyst
19-1029.01,1.A.4.a.3,Visual Color Discrimination,LV,2.62,8,0.2631,2.1094,3.1406,N,N,07/2012,Analyst
19-1029.01,1.A.4.a.4,Night Vision,IM,1.0,8,0.0,1.0,1.0,N,,07/2012,Analyst
19-1029.01,1.A.4.a.4,Night Vision,LV,0.0,8,0.0,0.0,0.0,N,Y,07/2012,Analyst
19-1029.01,1.A.4.a.5,Peripheral Vision,IM,1.0,8,0.0,1.0,1.0,N,,07/2012,Analyst
19-1029.01,1.A.4.a.5,Peripheral Vision,LV,0.0,8,0.0,0.0,0.0,N,Y,07/2012,Analyst
19-1029.01,1.A.4.a.6,Depth Perception,IM,2.12,8,0.125,1.88,2.37,N,,07/2012,Analyst
19-1029.01,1.A.4.a.6,Depth Perception,LV,2.12,8,0.2266,1.6809,2.5691,N,N,07/2012,Analyst
19-1029.01,1.A.4.a.7,Glare Sensitivity,IM,1.0,8,0.0,1.0,1.0,N,,07/2012,Analyst
19-1029.01,1.A.4.a.7,Glare Sensitivity,LV,0.0,8,0.0,0.0,0.0,N,Y,07/2012,Analyst
19-1029.01,1.A.4.b.1,Hearing Sensitivity,IM,2.5,8,0.2673,1.9762,3.0238,N,,07/2012,Analyst
19-1029.01,1.A.4.b.1,Hearing Sensitivity,LV,2.62,8,0.2631,2.1094,3.1406,N,N,07/2012,Analyst
19-1029.01,1.A.4.b.2,Auditory Attention,IM,2.25,8,0.25,1.76,2.74,N,,07/2012,Analyst
19-1029.01,1.A.4.b.2,Auditory Attention,LV,2.12,8,0.3504,1.4383,2.8117,N,N,07/2012,Analyst
19-1029.01,1.A.4.b.3,Sound Localization,IM,1.0,8,0.0,1.0,1.0,N,,07/2012,Analyst
19-1029.01,1.A.4.b.3,Sound Localization,LV,0.0,8,0.0,0.0,0.0,N,Y,07/2012,Analyst
19-1029.01,1.A.4.b.4,Speech Recognition,IM,3.38,8,0.183,3.0164,3.7336,N,,07/2012,Analyst
19-1029.01,1.A.4.b.4,Speech Recognition,LV,3.75,8,0.1637,3.4292,4.0708,N,N,07/2012,Analyst
19-1029.01,1.A.4.b.5,Speech Clarity,IM,3.38,8,0.2631,2.8594,3.8906,N,,07/2012,Analyst
19-1029.01,1.A.4.b.5,Speech Clarity,LV,4.0,8,0.189,3.6296,4.3704,N,N,07/2012,Analyst
19-1029.02,1.A.1.a.1,Oral Comprehension,IM,4.25,8,0.1637,3.9292,4.5708,N,,08/2021,Analyst
19-1029.02,1.A.1.a.1,Oral Comprehension,LV,5.75,8,0.1637,5.4292,6.0708,N,N,08/2021,Analyst
19-1029.02,1.A.1.a.2,Written Comprehension,IM,4.62,8,0.183,4.2664,4.9836,N,,08/2021,Analyst
19-1029.02,1.A.1.a.2,Written Comprehension,LV,5.5,8,0.189,5.1296,5.8704,N,N,08/2021,Analyst
19-1029.02,1.A.1.a.3,Oral Expression,IM,4.12,8,0.125,3.88,4.37,N,,08/2021,Analyst
19-1029.02,1.A.1.a.3,Oral Expression,LV,5.62,8,0.183,5.2664,5.9836,N,N,08/2021,Analyst
19-1029.02,1.A.1.a.4,Written Expression,IM,4.12,8,0.125,3.88,4.37,N,,08/2021,Analyst
19-1029.02,1.A.1.a.4,Written Expression,LV,5.38,8,0.183,5.0164,5.7336,N,N,08/2021,Analyst
19-1029.02,1.A.1.b.1,Fluency of Ideas,IM,3.88,8,0.125,3.63,4.12,N,,08/2021,Analyst
19-1029.02,1.A.1.b.1,Fluency of Ideas,LV,4.12,8,0.125,3.88,4.37,N,N,08/2021,Analyst
19-1029.02,1.A.1.b.2,Originality,IM,3.75,8,0.1637,3.4292,4.0708,N,,08/2021,Analyst
19-1029.02,1.A.1.b.2,Originality,LV,4.5,8,0.189,4.1296,4.8704,N,N,08/2021,Analyst
19-1029.02,1.A.1.b.3,Problem Sensitivity,IM,4.0,8,0.0,4.0,4.0,N,,08/2021,Analyst
19-1029.02,1.A.1.b.3,Problem Sensitivity,LV,4.62,8,0.183,4.2664,4.9836,N,N,08/2021,Analyst
19-1029.02,1.A.1.b.4,Deductive Reasoning,IM,4.0,8,0.0,4.0,4.0,N,,08/2021,Analyst
19-1029.02,1.A.1.b.4,Deductive Reasoning,LV,5.0,8,0.189,4.6296,5.3704,N,N,08/2021,Analyst
19-1029.02,1.A.1.b.5,Inductive Reasoning,IM,4.12,8,0.125,3.88,4.37,N,,08/2021,Analyst
19-1029.02,1.A.1.b.5,Inductive Reasoning,LV,5.38,8,0.183,5.0164,5.7336,N,N,08/2021,Analyst
19-1029.02,1.A.1.b.6,Information Ordering,IM,3.88,8,0.125,3.63,4.12,N,,08/2021,Analyst
19-1029.02,1.A.1.b.6,Information Ordering,LV,4.5,8,0.189,4.1296,4.8704,N,N,08/2021,Analyst
19-1029.02,1.A.1.b.7,Category Flexibility,IM,4.0,8,0.0,4.0,4.0,N,,08/2021,Analyst
19-1029.02,1.A.1.b.7,Category Flexibility,LV,4.75,8,0.1637,4.4292,5.0708,N,N,08/2021,Analyst
19-1029.02,1.A.1.c.1,Mathematical Reasoning,IM,3.88,8,0.125,3.63,4.12,N,,08/2021,Analyst
19-1029.02,1.A.1.c.1,Mathematical Reasoning,LV,4.5,8,0.189,4.1296,4.8704,N,N,08/2021,Analyst
19-1029.02,1.A.1.c.2,Number Facility,IM,3.5,8,0.2673,2.9762,4.0238,N,,08/2021,Analyst
19-1029.02,1.A.1.c.2,Number Facility,LV,4.12,8,0.125,3.88,4.37,N,N,08/2021,Analyst
19-1029.02,1.A.1.d.1,Memorization,IM,2.62,8,0.183,2.2664,2.9836,N,,08/2021,Analyst
19-1029.02,1.A.1.d.1,Memorization,LV,2.75,8,0.1637,2.4292,3.0708,N,N,08/2021,Analyst
19-1029.02,1.A.1.e.1,Speed of Closure,IM,3.0,8,0.189,2.6296,3.3704,N,,08/2021,Analyst
19-1029.02,1.A.1.e.1,Speed of Closure,LV,3.25,8,0.1637,2.9292,3.5708,N,N,08/2021,Analyst
19-1029.02,1.A.1.e.2,Flexibility of Closure,IM,3.25,8,0.1637,2.9292,3.5708,N,,08/2021,Analyst
19-1029.02,1.A.1.e.2,Flexibility of Closure,LV,3.75,8,0.1637,3.4292,4.0708,N,N,08/2021,Analyst
19-1029.02,1.A.1.e.3,Perceptual Speed,IM,3.0,8,0.0,3.0,3.0,N,,08/2021,Analyst
19-1029.02,1.A.1.e.3,Perceptual Speed,LV,3.0,8,0.0,3.0,3.0,N,N,08/2021,Analyst
19-1029.02,1.A.1.f.1,Spatial Orientation,IM,1.0,8,0.0,1.0,1.0,N,,08/2021,Analyst
19-1029.02,1.A.1.f.1,Spatial Orientation,LV,0.0,8,0.0,0.0,0.0,N,Y,08/2021,Analyst
19-1029.02,1.A.1.f.2,Visualization,IM,2.88,8,0.125,2.63,3.12,N,,08/2021,Analyst
19-1029.02,1.A.1.f.2,Visualization,LV,3.0,8,0.0,3.0,3.0,N,N,08/2021,Analyst
19-1029.02,1.A.1.g.1,Selective Attention,IM,3.25,8,0.1637,2.9292,3.5708,N,,08/2021,Analyst
19-1029.02,1.A.1.g.1,Selective Attention,LV,3.25,8,0.1637,2.9292,3.5708,N,N,08/2021,Analyst
19-1029.02,1.A.1.g.2,Time Sharing,IM,2.62,8,0.183,2.2664,2.9836,N,,08/2021,Analyst
19-1029.02,1.A.1.g.2,Time Sharing,LV,2.5,8,0.189,2.1296,2.8704,N,N,08/2021,Analyst
19-1029.02,1.A.2.a.1,Arm-Hand Steadiness,IM,2.75,8,0.1637,2.4292,3.0708,N,,08/2021,Analyst
19-1029.02,1.A.2.a.1,Arm-Hand Steadiness,LV,2.75,8,0.1637,2.4292,3.0708,N,N,08/2021,Analyst
19-1029.02,1.A.2.a.2,Manual Dexterity,IM,2.0,8,0.0,2.0,2.0,N,,08/2021,Analyst
19-1029.02,1.A.2.a.2,Manual Dexterity,LV,2.0,8,0.0,2.0,2.0,N,N,08/2021,Analyst
19-1029.02,1.A.2.a.3,Finger Dexterity,IM,2.88,8,0.125,2.63,3.12,N,,08/2021,Analyst
19-1029.02,1.A.2.a.3,Finger Dexterity,LV,2.88,8,0.125,2.63,3.12,N,N,08/2021,Analyst
19-1029.02,1.A.2.b.1,Control Precision,IM,2.38,8,0.183,2.0164,2.7336,N,,08/2021,Analyst
19-1029.02,1.A.2.b.1,Control Precision,LV,2.5,8,0.189,2.1296,2.8704,N,N,08/2021,Analyst
19-1029.02,1.A.2.b.2,Multilimb Coordination,IM,2.0,8,0.0,2.0,2.0,N,,08/2021,Analyst
19-1029.02,1.A.2.b.2,Multilimb Coordination,LV,1.62,8,0.183,1.2664,1.9836,N,N,08/2021,Analyst
19-1029.02,1.A.2.b.3,Response Orientation,IM,1.62,8,0.183,1.2664,1.9836,N,,08/2021,Analyst
19-1029.02,1.A.2.b.3,Response Orientation,LV,0.62,8,0.183,0.2664,0.9836,N,N,08/2021,Analyst
19-1029.02,1.A.2.b.4,Rate Control,IM,2.0,8,0.0,2.0,2.0,N,,08/2021,Analyst
19-1029.02,1.A.2.b.4,Rate Control,LV,1.0,8,0.0,1.0,1.0,N,N,08/2021,Analyst
19-1029.02,1.A.2.c.1,Reaction Time,IM,2.0,8,0.0,2.0,2.0,N,,08/2021,Analyst
19-1029.02,1.A.2.c.1,Reaction Time,LV,1.0,8,0.0,1.0,1.0,N,N,08/2021,Analyst
19-1029.02,1.A.2.c.2,Wrist-Finger Speed,IM,2.0,8,0.0,2.0,2.0,N,,08/2021,Analyst
19-1029.02,1.A.2.c.2,Wrist-Finger Speed,LV,1.38,8,0.183,1.0164,1.7336,N,N,08/2021,Analyst
19-1029.02,1.A.2.c.3,Speed of Limb Movement,IM,1.0,8,0.0,1.0,1.0,N,,08/2021,Analyst
19-1029.02,1.A.2.c.3,Speed of Limb Movement,LV,0.0,8,0.0,0.0,0.0,N,Y,08/2021,Analyst
19-1029.02,1.A.3.a.1,Static Strength,IM,1.88,8,0.125,1.63,2.12,N,,08/2021,Analyst
19-1029.02,1.A.3.a.1,Static Strength,LV,0.88,8,0.125,0.63,1.12,N,N,08/2021,Analyst
19-1029.02,1.A.3.a.2,Explosive Strength,IM,1.38,8,0.183,1.0164,1.7336,N,,08/2021,Analyst
19-1029.02,1.A.3.a.2,Explosive Strength,LV,0.38,8,0.183,0.0164,0.7336,N,N,08/2021,Analyst
19-1029.02,1.A.3.a.3,Dynamic Strength,IM,1.38,8,0.183,1.0164,1.7336,N,,08/2021,Analyst
19-1029.02,1.A.3.a.3,Dynamic Strength,LV,0.38,8,0.183,0.0164,0.7336,N,N,08/2021,Analyst
19-1029.02,1.A.3.a.4,Trunk Strength,IM,2.12,8,0.125,1.88,2.37,N,,08/2021,Analyst
19-1029.02,1.A.3.a.4,Trunk Strength,LV,1.88,8,0.125,1.63,2.12,N,N,08/2021,Analyst
19-1029.02,1.A.3.b.1,Stamina,IM,1.12,8,0.125,1.0,1.37,N,,08/2021,Analyst
19-1029.02,1.A.3.b.1,Stamina,LV,0.12,8,0.125,0.0,0.37,N,Y,08/2021,Analyst
19-1029.02,1.A.3.c.1,Extent Flexibility,IM,2.0,8,0.0,2.0,2.0,N,,08/2021,Analyst
19-1029.02,1.A.3.c.1,Extent Flexibility,LV,1.0,8,0.0,1.0,1.0,N,N,08/2021,Analyst
19-1029.02,1.A.3.c.2,Dynamic Flexibility,IM,1.0,8,0.0,1.0,1.0,N,,08/2021,Analyst
19-1029.02,1.A.3.c.2,Dynamic Flexibility,LV,0.0,8,0.0,0.0,0.0,N,Y,08/2021,Analyst
19-1029.02,1.A.3.c.3,Gross Body Coordination,IM,1.0,8,0.0,1.0,1.0,N,,08/2021,Analyst
19-1029.02,1.A.3.c.3,Gross Body Coordination,LV,0.0,8,0.0,0.0,0.0,N,Y,08/2021,Analyst
19-1029.02,1.A.3.c.4,Gross Body Equilibrium,IM,1.0,8,0.0,1.0,1.0,N,,08/2021,Analyst
19-1029.02,1.A.3.c.4,Gross Body Equilibrium,LV,0.0,8,0.0,0.0,0.0,N,Y,08/2021,Analyst
19-1029.02,1.A.4.a.1,Near Vision,IM,3.88,8,0.125,3.63,4.12,N,,08/2021,Analyst
19-1029.02,1.A.4.a.1,Near Vision,LV,4.5,8,0.2673,3.9762,5.0238,N,N,08/2021,Analyst
19-1029.02,1.A.4.a.2,Far Vision,IM,3.12,8,0.125,2.88,3.37,N,,08/2021,Analyst
19-1029.02,1.A.4.a.2,Far Vision,LV,3.38,8,0.183,3.0164,3.7336,N,N,08/2021,Analyst
19-1029.02,1.A.4.a.3,Visual Color Discrimination,IM,3.0,8,0.189,2.6296,3.3704,N,,08/2021,Analyst
19-1029.02,1.A.4.a.3,Visual Color Discrimination,LV,2.88,8,0.125,2.63,3.12,N,N,08/2021,Analyst
19-1029.02,1.A.4.a.4,Night Vision,IM,1.0,8,0.0,1.0,1.0,N,,08/2021,Analyst
19-1029.02,1.A.4.a.4,Night Vision,LV,0.0,8,0.0,0.0,0.0,N,Y,08/2021,Analyst
19-1029.02,1.A.4.a.5,Peripheral Vision,IM,1.0,8,0.0,1.0,1.0,N,,08/2021,Analyst
19-1029.02,1.A.4.a.5,Peripheral Vision,LV,0.0,8,0.0,0.0,0.0,N,Y,08/2021,Analyst
19-1029.02,1.A.4.a.6,Depth Perception,IM,2.12,8,0.125,1.88,2.37,N,,08/2021,Analyst
19-1029.02,1.A.4.a.6,Depth Perception,LV,1.88,8,0.125,1.63,2.12,N,N,08/2021,Analyst
19-1029.02,1.A.4.a.7,Glare Sensitivity,IM,1.0,8,0.0,1.0,1.0,N,,08/2021,Analyst
19-1029.02,1.A.4.a.7,Glare Sensitivity,LV,0.0,8,0.0,0.0,0.0,N,Y,08/2021,Analyst
19-1029.02,1.A.4.b.1,Hearing Sensitivity,IM,2.0,8,0.0,2.0,2.0,N,,08/2021,Analyst
19-1029.02,1.A.4.b.1,Hearing Sensitivity,LV,1.88,8,0.125,1.63,2.12,N,N,08/2021,Analyst
19-1029.02,1.A.4.b.2,Auditory Attention,IM,2.0,8,0.0,2.0,2.0,N,,08/2021,Analyst
19-1029.02,1.A.4.b.2,Auditory Attention,LV,1.62,8,0.183,1.2664,1.9836,N,N,08/2021,Analyst
19-1029.02,1.A.4.b.3,Sound Localization,IM,1.0,8,0.0,1.0,1.0,N,,08/2021,Analyst
19-1029.02,1.A.4.b.3,Sound Localization,LV,0.0,8,0.0,0.0,0.0,N,Y,08/2021,Analyst
19-1029.02,1.A.4.b.4,Speech Recognition,IM,3.62,8,0.2631,3.1094,4.1406,N,,08/2021,Analyst
19-1029.02,1.A.4.b.4,Speech Recognition,LV,3.88,8,0.125,3.63,4.12,N,N,08/2021,Analyst
19-1029.02,1.A.4.b.5,Speech Clarity,IM,3.88,8,0.125,3.63,4.12,N,,08/2021,Analyst
19-1029.02,1.A.4.b.5,Speech Clarity,LV,4.25,8,0.1637,3.9292,4.5708,N,N,08/2021,Analyst
19-1029.03,1.A.1.a.1,Oral Comprehension,IM,4.25,8,0.1637,3.9292,4.5708,N,,08/2021,Analyst
19-1029.03,1.A.1.a.1,Oral Comprehension,LV,5.0,8,0.0,5.0,5.0,N,N,08/2021,Analyst
19-1029.03,1.A.1.a.2,Written Comprehension,IM,4.75,8,0.1637,4.4292,5.0,N,,08/2021,Analyst
19-1029.03,1.A.1.a.2,Written Comprehension,LV,5.12,8,0.125,4.88,5.37,N,N,08/2021,Analyst
19-1029.03,1.A.1.a.3,Oral Expression,IM,4.25,8,0.1637,3.9292,4.5708,N,,08/2021,Analyst
19-1029.03,1.A.1.a.3,Oral Expression,LV,5.0,8,0.0,5.0,5.0,N,N,08/2021,Analyst
19-1029.03,1.A.1.a.4,Written Expression,IM,4.38,8,0.183,4.0164,4.7336,N,,08/2021,Analyst
19-1029.03,1.A.1.a.4,Written Expression,LV,5.0,8,0.0,5.0,5.0,N,N,08/2021,Analyst
19-1029.03,1.A.1.b.1,Fluency of Ideas,IM,3.88,8,0.125,3.63,4.12,N,,08/2021,Analyst
19-1029.03,1.A.1.b.1,Fluency of Ideas,LV,4.12,8,0.125,3.88,4.37,N,N,08/2021,Analyst
19-1029.03,1.A.1.b.2,Originality,IM,3.75,8,0.1637,3.4292,4.0708,N,,08/2021,Analyst
19-1029.03,1.A.1.b.2,Originality,LV,4.0,8,0.0,4.0,4.0,N,N,08/2021,Analyst
19-1029.03,1.A.1.b.3,Problem Sensitivity,IM,4.0,8,0.0,4.0,4.0,N,,08/2021,Analyst
19-1029.03,1.A.1.b.3,Problem Sensitivity,LV,4.75,8,0.1637,4.4292,5.0708,N,N,08/2021,Analyst
19-1029.03,1.A.1.b.4,Deductive Reasoning,IM,4.0,8,0.0,4.0,4.0,N,,08/2021,Analyst
19-1029.03,1.A.1.b.4,Deductive Reasoning,LV,4.75,8,0.1637,4.4292,5.0708,N,N,08/2021,Analyst
19-1029.03,1.A.1.b.5,Inductive Reasoning,IM,4.25,8,0.1637,3.9292,4.5708,N,,08/2021,Analyst
19-1029.03,1.A.1.b.5,Inductive Reasoning,LV,4.88,8,0.125,4.63,5.12,N,N,08/2021,Analyst
19-1029.03,1.A.1.b.6,Information Ordering,IM,3.88,8,0.125,3.63,4.12,N,,08/2021,Analyst
19-1029.03,1.A.1.b.6,Information Ordering,LV,4.0,8,0.0,4.0,4.0,N,N,08/2021,Analyst
19-1029.03,1.A.1.b.7,Category Flexibility,IM,4.0,8,0.0,4.0,4.0,N,,08/2021,Analyst
19-1029.03,1.A.1.b.7,Category Flexibility,LV,4.12,8,0.125,3.88,4.37,N,N,08/2021,Analyst
19-1029.03,1.A.1.c.1,Mathematical Reasoning,IM,3.88,8,0.125,3.63,4.12,N,,08/2021,Analyst
19-1029.03,1.A.1.c.1,Mathematical Reasoning,LV,4.0,8,0.0,4.0,4.0,N,N,08/2021,Analyst
19-1029.03,1.A.1.c.2,Number Facility,IM,3.75,8,0.1637,3.4292,4.0708,N,,08/2021,Analyst
19-1029.03,1.A.1.c.2,Number Facility,LV,3.75,8,0.1637,3.4292,4.0708,N,N,08/2021,Analyst
19-1029.03,1.A.1.d.1,Memorization,IM,2.62,8,0.183,2.2664,2.9836,N,,08/2021,Analyst
19-1029.03,1.A.1.d.1,Memorization,LV,2.62,8,0.183,2.2664,2.9836,N,N,08/2021,Analyst
19-1029.03,1.A.1.e.1,Speed of Closure,IM,2.88,8,0.2266,2.4309,3.3191,N,,08/2021,Analyst
19-1029.03,1.A.1.e.1,Speed of Closure,LV,2.75,8,0.25,2.26,3.24,N,N,08/2021,Analyst
19-1029.03,1.A.1.e.2,Flexibility of Closure,IM,3.5,8,0.189,3.1296,3.8704,N,,08/2021,Analyst
19-1029.03,1.A.1.e.2,Flexibility of Closure,LV,3.5,8,0.189,3.1296,3.8704,N,N,08/2021,Analyst
19-1029.03,1.A.1.e.3,Perceptual Speed,IM,2.88,8,0.125,2.63,3.12,N,,08/2021,Analyst
19-1029.03,1.A.1.e.3,Perceptual Speed,LV,2.88,8,0.125,2.63,3.12,N,N,08/2021,Analyst
19-1029.03,1.A.1.f.1,Spatial Orientation,IM,1.0,8,0.0,1.0,1.0,N,,08/2021,Analyst
19-1029.03,1.A.1.f.1,Spatial Orientation,LV,0.0,8,0.0,0.0,0.0,N,Y,08/2021,Analyst
19-1029.03,1.A.1.f.2,Visualization,IM,2.88,8,0.125,2.63,3.12,N,,08/2021,Analyst
19-1029.03,1.A.1.f.2,Visualization,LV,2.88,8,0.125,2.63,3.12,N,N,08/2021,Analyst
19-1029.03,1.A.1.g.1,Selective Attention,IM,3.0,8,0.0,3.0,3.0,N,,08/2021,Analyst
19-1029.03,1.A.1.g.1,Selective Attention,LV,2.88,8,0.125,2.63,3.12,N,N,08/2021,Analyst
19-1029.03,1.A.1.g.2,Time Sharing,IM,2.5,8,0.189,2.1296,2.8704,N,,08/2021,Analyst
19-1029.03,1.A.1.g.2,Time Sharing,LV,2.62,8,0.183,2.2664,2.9836,N,N,08/2021,Analyst
19-1029.03,1.A.2.a.1,Arm-Hand Steadiness,IM,2.0,8,0.0,2.0,2.0,N,,08/2021,Analyst
19-1029.03,1.A.2.a.1,Arm-Hand Steadiness,LV,1.88,8,0.125,1.63,2.12,N,N,08/2021,Analyst
19-1029.03,1.A.2.a.2,Manual Dexterity,IM,2.0,8,0.0,2.0,2.0,N,,08/2021,Analyst
19-1029.03,1.A.2.a.2,Manual Dexterity,LV,1.88,8,0.125,1.63,2.12,N,N,08/2021,Analyst
19-1029.03,1.A.2.a.3,Finger Dexterity,IM,2.25,8,0.1637,1.9292,2.5708,N,,08/2021,Analyst
19-1029.03,1.A.2.a.3,Finger Dexterity,LV,2.25,8,0.25,1.76,2.74,N,N,08/2021,Analyst
19-1029.03,1.A.2.b.1,Control Precision,IM,2.0,8,0.0,2.0,2.0,N,,08/2021,Analyst
19-1029.03,1.A.2.b.1,Control Precision,LV,1.88,8,0.125,1.63,2.12,N,N,08/2021,Analyst
19-1029.03,1.A.2.b.2,Multilimb Coordination,IM,1.62,8,0.183,1.2664,1.9836,N,,08/2021,Analyst
19-1029.03,1.A.2.b.2,Multilimb Coordination,LV,0.75,8,0.25,0.26,1.24,N,N,08/2021,Analyst
19-1029.03,1.A.2.b.3,Response Orientation,IM,1.25,8,0.1637,1.0,1.5708,N,,08/2021,Analyst
19-1029.03,1.A.2.b.3,Response Orientation,LV,0.25,8,0.1637,0.0,0.5708,N,Y,08/2021,Analyst
19-1029.03,1.A.2.b.4,Rate Control,IM,1.0,8,0.0,1.0,1.0,N,,08/2021,Analyst
19-1029.03,1.A.2.b.4,Rate Control,LV,0.0,8,0.0,0.0,0.0,N,Y,08/2021,Analyst
19-1029.03,1.A.2.c.1,Reaction Time,IM,1.62,8,0.183,1.2664,1.9836,N,,08/2021,Analyst
19-1029.03,1.A.2.c.1,Reaction Time,LV,0.62,8,0.183,0.2664,0.9836,N,N,08/2021,Analyst
19-1029.03,1.A.2.c.2,Wrist-Finger Speed,IM,1.88,8,0.125,1.63,2.12,N,,08/2021,Analyst
19-1029.03,1.A.2.c.2,Wrist-Finger Speed,LV,1.5,8,0.2673,0.9762,2.0238,N,N,08/2021,Analyst
19-1029.03,1.A.2.c.3,Speed of Limb Movement,IM,1.0,8,0.0,1.0,1.0,N,,08/2021,Analyst
19-1029.03,1.A.2.c.3,Speed of Limb Movement,LV,0.0,8,0.0,0.0,0.0,N,Y,08/2021,Analyst
19-1029.03,1.A.3.a.1,Static Strength,IM,1.12,8,0.125,1.0,1.37,N,,08/2021,Analyst
19-1029.03,1.A.3.a.1,Static Strength,LV,0.12,8,0.125,0.0,0.37,N,Y,08/2021,Analyst
19-1029.03,1.A.3.a.2,Explosive Strength,IM,1.0,8,0.0,1.0,1.0,N,,08/2021,Analyst
19-1029.03,1.A.3.a.2,Explosive Strength,LV,0.0,8,0.0,0.0,0.0,N,Y,08/2021,Analyst
19-1029.03,1.A.3.a.3,Dynamic Strength,IM,1.12,8,0.125,1.0,1.37,N,,08/2021,Analyst
19-1029.03,1.A.3.a.3,Dynamic Strength,LV,0.12,8,0.125,0.0,0.37,N,Y,08/2021,Analyst
19-1029.03,1.A.3.a.4,Trunk Strength,IM,2.0,8,0.0,2.0,2.0,N,,08/2021,Analyst
19-1029.03,1.A.3.a.4,Trunk Strength,LV,1.75,8,0.1637,1.4292,2.0708,N,N,08/2021,Analyst
19-1029.03,1.A.3.b.1,Stamina,IM,1.0,8,0.0,1.0,1.0,N,,08/2021,Analyst
19-1029.03,1.A.3.b.1,Stamina,LV,0.0,8,0.0,0.0,0.0,N,Y,08/2021,Analyst
19-1029.03,1.A.3.c.1,Extent Flexibility,IM,1.0,8,0.0,1.0,1.0,N,,08/2021,Analyst
19-1029.03,1.A.3.c.1,Extent Flexibility,LV,0.0,8,0.0,0.0,0.0,N,Y,08/2021,Analyst
19-1029.03,1.A.3.c.2,Dynamic Flexibility,IM,1.0,8,0.0,1.0,1.0,N,,08/2021,Analyst
19-1029.03,1.A.3.c.2,Dynamic Flexibility,LV,0.0,8,0.0,0.0,0.0,N,Y,08/2021,Analyst
19-1029.03,1.A.3.c.3,Gross Body Coordination,IM,1.0,8,0.0,1.0,1.0,N,,08/2021,Analyst
19-1029.03,1.A.3.c.3,Gross Body Coordination,LV,0.0,8,0.0,0.0,0.0,N,Y,08/2021,Analyst
19-1029.03,1.A.3.c.4,Gross Body Equilibrium,IM,1.0,8,0.0,1.0,1.0,N,,08/2021,Analyst
19-1029.03,1.A.3.c.4,Gross Body Equilibrium,LV,0.0,8,0.0,0.0,0.0,N,Y,08/2021,Analyst
19-1029.03,1.A.4.a.1,Near Vision,IM,3.88,8,0.125,3.63,4.12,N,,08/2021,Analyst
19-1029.03,1.A.4.a.1,Near Vision,LV,4.12,8,0.125,3.88,4.37,N,N,08/2021,Analyst
19-1029.03,1.A.4.a.2,Far Vision,IM,3.0,8,0.0,3.0,3.0,N,,08/2021,Analyst
19-1029.03,1.A.4.a.2,Far Vision,LV,3.12,8,0.125,2.88,3.37,N,N,08/2021,Analyst
19-1029.03,1.A.4.a.3,Visual Color Discrimination,IM,2.62,8,0.183,2.2664,2.9836,N,,08/2021,Analyst
19-1029.03,1.A.4.a.3,Visual Color Discrimination,LV,2.88,8,0.125,2.63,3.12,N,N,08/2021,Analyst
19-1029.03,1.A.4.a.4,Night Vision,IM,1.0,8,0.0,1.0,1.0,N,,08/2021,Analyst
19-1029.03,1.A.4.a.4,Night Vision,LV,0.0,8,0.0,0.0,0.0,N,Y,08/2021,Analyst
19-1029.03,1.A.4.a.5,Peripheral Vision,IM,1.0,8,0.0,1.0,1.0,N,,08/2021,Analyst
19-1029.03,1.A.4.a.5,Peripheral Vision,LV,0.0,8,0.0,0.0,0.0,N,Y,08/2021,Analyst
19-1029.03,1.A.4.a.6,Depth Perception,IM,2.0,8,0.0,2.0,2.0,N,,08/2021,Analyst
19-1029.03,1.A.4.a.6,Depth Perception,LV,1.88,8,0.125,1.63,2.12,N,N,08/2021,Analyst
19-1029.03,1.A.4.a.7,Glare Sensitivity,IM,1.0,8,0.0,1.0,1.0,N,,08/2021,Analyst
19-1029.03,1.A.4.a.7,Glare Sensitivity,LV,0.0,8,0.0,0.0,0.0,N,Y,08/2021,Analyst
19-1029.03,1.A.4.b.1,Hearing Sensitivity,IM,2.0,8,0.0,2.0,2.0,N,,08/2021,Analyst
19-1029.03,1.A.4.b.1,Hearing Sensitivity,LV,2.12,8,0.125,1.88,2.37,N,N,08/2021,Analyst
19-1029.03,1.A.4.b.2,Auditory Attention,IM,2.0,8,0.0,2.0,2.0,N,,08/2021,Analyst
19-1029.03,1.A.4.b.2,Auditory Attention,LV,2.0,8,0.0,2.0,2.0,N,N,08/2021,Analyst
19-1029.03,1.A.4.b.3,Sound Localization,IM,1.0,8,0.0,1.0,1.0,N,,08/2021,Analyst
19-1029.03,1.A.4.b.3,Sound Localization,LV,0.0,8,0.0,0.0,0.0,N,Y,08/2021,Analyst
19-1029.03,1.A.4.b.4,Speech Recognition,IM,3.38,8,0.183,3.0164,3.7336,N,,08/2021,Analyst
19-1029.03,1.A.4.b.4,Speech Recognition,LV,3.38,8,0.183,3.0164,3.7336,N,N,08/2021,Analyst
19-1029.03,1.A.4.b.5,Speech Clarity,IM,3.88,8,0.125,3.63,4.12,N,,08/2021,Analyst
19-1029.03,1.A.4.b.5,Speech Clarity,LV,3.88,8,0.125,3.63,4.12,N,N,08/2021,Analyst
19-1029.04,1.A.1.a.1,Oral Comprehension,IM,4.0,8,0.0,4.0,4.0,N,,08/2018,Analyst
19-1029.04,1.A.1.a.1,Oral Comprehension,LV,5.12,8,0.125,4.88,5.37,N,N,08/2018,Analyst
19-1029.04,1.A.1.a.2,Written Comprehension,IM,4.0,8,0.0,4.0,4.0,N,,08/2018,Analyst
19-1029.04,1.A.1.a.2,Written Comprehension,LV,5.0,8,0.0,5.0,5.0,N,N,08/2018,Analyst
19-1029.04,1.A.1.a.3,Oral Expression,IM,4.0,8,0.0,4.0,4.0,N,,08/2018,Analyst
19-1029.04,1.A.1.a.3,Oral Expression,LV,5.25,8,0.1637,4.9292,5.5708,N,N,08/2018,Analyst
19-1029.04,1.A.1.a.4,Written Expression,IM,4.0,8,0.0,4.0,4.0,N,,08/2018,Analyst
19-1029.04,1.A.1.a.4,Written Expression,LV,4.88,8,0.125,4.63,5.12,N,N,08/2018,Analyst
19-1029.04,1.A.1.b.1,Fluency of Ideas,IM,3.62,8,0.183,3.2664,3.9836,N,,08/2018,Analyst
19-1029.04,1.A.1.b.1,Fluency of Ideas,LV,3.88,8,0.125,3.63,4.12,N,N,08/2018,Analyst
19-1029.04,1.A.1.b.2,Originality,IM,3.25,8,0.1637,2.9292,3.5708,N,,08/2018,Analyst
19-1029.04,1.A.1.b.2,Originality,LV,3.88,8,0.125,3.63,4.12,N,N,08/2018,Analyst
19-1029.04,1.A.1.b.3,Problem Sensitivity,IM,3.75,8,0.1637,3.4292,4.0708,N,,08/2018,Analyst
19-1029.04,1.A.1.b.3,Problem Sensitivity,LV,4.25,8,0.1637,3.9292,4.5708,N,N,08/2018,Analyst
19-1029.04,1.A.1.b.4,Deductive Reasoning,IM,4.0,8,0.0,4.0,4.0,N,,08/2018,Analyst
19-1029.04,1.A.1.b.4,Deductive Reasoning,LV,4.88,8,0.2266,4.4309,5.3191,N,N,08/2018,Analyst
19-1029.04,1.A.1.b.5,Inductive Reasoning,IM,4.12,8,0.125,3.88,4.37,N,,08/2018,Analyst
19-1029.04,1.A.1.b.5,Inductive Reasoning,LV,5.0,8,0.189,4.6296,5.3704,N,N,08/2018,Analyst
19-1029.04,1.A.1.b.6,Information Ordering,IM,3.88,8,0.125,3.63,4.12,N,,08/2018,Analyst
19-1029.04,1.A.1.b.6,Information Ordering,LV,4.12,8,0.125,3.88,4.37,N,N,08/2018,Analyst
19-1029.04,1.A.1.b.7,Category Flexibility,IM,4.0,8,0.0,4.0,4.0,N,,08/2018,Analyst
19-1029.04,1.A.1.b.7,Category Flexibility,LV,4.75,8,0.25,4.26,5.24,N,N,08/2018,Analyst
19-1029.04,1.A.1.c.1,Mathematical Reasoning,IM,3.88,8,0.125,3.63,4.12,N,,08/2018,Analyst
19-1029.04,1.A.1.c.1,Mathematical Reasoning,LV,4.12,8,0.125,3.88,4.37,N,N,08/2018,Analyst
19-1029.04,1.A.1.c.2,Number Facility,IM,3.12,8,0.125,2.88,3.37,N,,08/2018,Analyst
19-1029.04,1.A.1.c.2,Number Facility,LV,3.38,8,0.2631,2.8594,3.8906,N,N,08/2018,Analyst
19-1029.04,1.A.1.d.1,Memorization,IM,3.0,8,0.0,3.0,3.0,N,,08/2018,Analyst
19-1029.04,1.A.1.d.1,Memorization,LV,3.0,8,0.0,3.0,3.0,N,N,08/2018,Analyst
19-1029.04,1.A.1.e.1,Speed of Closure,IM,2.88,8,0.125,2.63,3.12,N,,08/2018,Analyst
19-1029.04,1.A.1.e.1,Speed of Closure,LV,2.88,8,0.125,2.63,3.12,N,N,08/2018,Analyst
19-1029.04,1.A.1.e.2,Flexibility of Closure,IM,3.25,8,0.1637,2.9292,3.5708,N,,08/2018,Analyst
19-1029.04,1.A.1.e.2,Flexibility of Closure,LV,3.75,8,0.1637,3.4292,4.0708,N,N,08/2018,Analyst
19-1029.04,1.A.1.e.3,Perceptual Speed,IM,2.88,8,0.125,2.63,3.12,N,,08/2018,Analyst
19-1029.04,1.A.1.e.3,Perceptual Speed,LV,2.75,8,0.1637,2.4292,3.0708,N,N,08/2018,Analyst
19-1029.04,1.A.1.f.1,Spatial Orientation,IM,1.38,8,0.183,1.0164,1.7336,N,,08/2018,Analyst
19-1029.04,1.A.1.f.1,Spatial Orientation,LV,0.38,8,0.183,0.0164,0.7336,N,N,08/2018,Analyst
19-1029.04,1.A.1.f.2,Visualization,IM,3.12,8,0.125,2.88,3.37,N,,08/2018,Analyst
19-1029.04,1.A.1.f.2,Visualization,LV,3.25,8,0.1637,2.9292,3.5708,N,N,08/2018,Analyst
19-1029.04,1.A.1.g.1,Selective Attention,IM,3.0,8,0.0,3.0,3.0,N,,08/2018,Analyst
19-1029.04,1.A.1.g.1,Selective Attention,LV,2.88,8,0.125,2.63,3.12,N,N,08/2018,Analyst
19-1029.04,1.A.1.g.2,Time Sharing,IM,2.75,8,0.1637,2.4292,3.0708,N,,08/2018,Analyst
19-1029.04,1.A.1.g.2,Time Sharing,LV,2.38,8,0.183,2.0164,2.7336,N,N,08/2018,Analyst
19-1029.04,1.A.2.a.1,Arm-Hand Steadiness,IM,2.88,8,0.125,2.63,3.12,N,,08/2018,Analyst
19-1029.04,1.A.2.a.1,Arm-Hand Steadiness,LV,2.62,8,0.183,2.2664,2.9836,N,N,08/2018,Analyst
19-1029.04,1.A.2.a.2,Manual Dexterity,IM,2.0,8,0.0,2.0,2.0,N,,08/2018,Analyst
19-1029.04,1.A.2.a.2,Manual Dexterity,LV,2.0,8,0.0,2.0,2.0,N,N,08/2018,Analyst
19-1029.04,1.A.2.a.3,Finger Dexterity,IM,2.75,8,0.1637,2.4292,3.0708,N,,08/2018,Analyst
19-1029.04,1.A.2.a.3,Finger Dexterity,LV,2.62,8,0.183,2.2664,2.9836,N,N,08/2018,Analyst
19-1029.04,1.A.2.b.1,Control Precision,IM,2.12,8,0.125,1.88,2.37,N,,08/2018,Analyst
19-1029.04,1.A.2.b.1,Control Precision,LV,1.5,8,0.2673,0.9762,2.0238,N,N,08/2018,Analyst
19-1029.04,1.A.2.b.2,Multilimb Coordination,IM,2.0,8,0.0,2.0,2.0,N,,08/2018,Analyst
19-1029.04,1.A.2.b.2,Multilimb Coordination,LV,1.88,8,0.125,1.63,2.12,N,N,08/2018,Analyst
19-1029.04,1.A.2.b.3,Response Orientation,IM,1.38,8,0.183,1.0164,1.7336,N,,08/2018,Analyst
19-1029.04,1.A.2.b.3,Response Orientation,LV,0.5,8,0.2673,0.0,1.0238,N,N,08/2018,Analyst
19-1029.04,1.A.2.b.4,Rate Control,IM,1.5,8,0.189,1.1296,1.8704,N,,08/2018,Analyst
19-1029.04,1.A.2.b.4,Rate Control,LV,0.75,8,0.3134,0.1358,1.3642,N,N,08/2018,Analyst
19-1029.04,1.A.2.c.1,Reaction Time,IM,1.5,8,0.189,1.1296,1.8704,N,,08/2018,Analyst
19-1029.04,1.A.2.c.1,Reaction Time,LV,0.62,8,0.2631,0.1094,1.1406,N,N,08/2018,Analyst
19-1029.04,1.A.2.c.2,Wrist-Finger Speed,IM,1.62,8,0.183,1.2664,1.9836,N,,08/2018,Analyst
19-1029.04,1.A.2.c.2,Wrist-Finger Speed,LV,0.75,8,0.25,0.26,1.24,N,N,08/2018,Analyst
19-1029.04,1.A.2.c.3,Speed of Limb Movement,IM,1.0,8,0.0,1.0,1.0,N,,08/2018,Analyst
19-1029.04,1.A.2.c.3,Speed of Limb Movement,LV,0.0,8,0.0,0.0,0.0,N,Y,08/2018,Analyst
19-1029.04,1.A.3.a.1,Static Strength,IM,2.0,8,0.189,1.6296,2.3704,N,,08/2018,Analyst
19-1029.04,1.A.3.a.1,Static Strength,LV,1.12,8,0.2266,0.6809,1.5691,N,N,08/2018,Analyst
19-1029.04,1.A.3.a.2,Explosive Strength,IM,1.25,8,0.1637,1.0,1.5708,N,,08/2018,Analyst
19-1029.04,1.A.3.a.2,Explosive Strength,LV,0.25,8,0.1637,0.0,0.5708,N,Y,08/2018,Analyst
19-1029.04,1.A.3.a.3,Dynamic Strength,IM,1.88,8,0.125,1.63,2.12,N,,08/2018,Analyst
19-1029.04,1.A.3.a.3,Dynamic Strength,LV,1.0,8,0.189,0.6296,1.3704,N,N,08/2018,Analyst
19-1029.04,1.A.3.a.4,Trunk Strength,IM,2.0,8,0.189,1.6296,2.3704,N,,08/2018,Analyst
19-1029.04,1.A.3.a.4,Trunk Strength,LV,1.75,8,0.25,1.26,2.24,N,N,08/2018,Analyst
19-1029.04,1.A.3.b.1,Stamina,IM,1.88,8,0.125,1.63,2.12,N,,08/2018,Analyst
19-1029.04,1.A.3.b.1,Stamina,LV,1.0,8,0.189,0.6296,1.3704,N,N,08/2018,Analyst
19-1029.04,1.A.3.c.1,Extent Flexibility,IM,1.88,8,0.125,1.63,2.12,N,,08/2018,Analyst
19-1029.04,1.A.3.c.1,Extent Flexibility,LV,1.0,8,0.189,0.6296,1.3704,N,N,08/2018,Analyst
19-1029.04,1.A.3.c.2,Dynamic Flexibility,IM,1.0,8,0.0,1.0,1.0,N,,08/2018,Analyst
19-1029.04,1.A.3.c.2,Dynamic Flexibility,LV,0.0,8,0.0,0.0,0.0,N,Y,08/2018,Analyst
19-1029.04,1.A.3.c.3,Gross Body Coordination,IM,1.75,8,0.1637,1.4292,2.0708,N,,08/2018,Analyst
19-1029.04,1.A.3.c.3,Gross Body Coordination,LV,0.75,8,0.1637,0.4292,1.0708,N,N,08/2018,Analyst
19-1029.04,1.A.3.c.4,Gross Body Equilibrium,IM,1.75,8,0.1637,1.4292,2.0708,N,,08/2018,Analyst
19-1029.04,1.A.3.c.4,Gross Body Equilibrium,LV,0.75,8,0.1637,0.4292,1.0708,N,N,08/2018,Analyst
19-1029.04,1.A.4.a.1,Near Vision,IM,3.88,8,0.125,3.63,4.12,N,,08/2018,Analyst
19-1029.04,1.A.4.a.1,Near Vision,LV,3.88,8,0.125,3.63,4.12,N,N,08/2018,Analyst
19-1029.04,1.A.4.a.2,Far Vision,IM,3.25,8,0.1637,2.9292,3.5708,N,,08/2018,Analyst
19-1029.04,1.A.4.a.2,Far Vision,LV,3.75,8,0.1637,3.4292,4.0708,N,N,08/2018,Analyst
19-1029.04,1.A.4.a.3,Visual Color Discrimination,IM,3.0,8,0.0,3.0,3.0,N,,08/2018,Analyst
19-1029.04,1.A.4.a.3,Visual Color Discrimination,LV,3.12,8,0.125,2.88,3.37,N,N,08/2018,Analyst
19-1029.04,1.A.4.a.4,Night Vision,IM,1.38,8,0.183,1.0164,1.7336,N,,08/2018,Analyst
19-1029.04,1.A.4.a.4,Night Vision,LV,0.5,8,0.2673,0.0,1.0238,N,N,08/2018,Analyst
19-1029.04,1.A.4.a.5,Peripheral Vision,IM,1.5,8,0.189,1.1296,1.8704,N,,08/2018,Analyst
19-1029.04,1.A.4.a.5,Peripheral Vision,LV,0.5,8,0.189,0.1296,0.8704,N,N,08/2018,Analyst
19-1029.04,1.A.4.a.6,Depth Perception,IM,1.88,8,0.125,1.63,2.12,N,,08/2018,Analyst
19-1029.04,1.A.4.a.6,Depth Perception,LV,1.62,8,0.2631,1.1094,2.1406,N,N,08/2018,Analyst
19-1029.04,1.A.4.a.7,Glare Sensitivity,IM,1.5,8,0.189,1.1296,1.8704,N,,08/2018,Analyst
19-1029.04,1.A.4.a.7,Glare Sensitivity,LV,0.62,8,0.2631,0.1094,1.1406,N,N,08/2018,Analyst
19-1029.04,1.A.4.b.1,Hearing Sensitivity,IM,2.0,8,0.189,1.6296,2.3704,N,,08/2018,Analyst
19-1029.04,1.A.4.b.1,Hearing Sensitivity,LV,1.88,8,0.295,1.2967,2.4533,N,N,08/2018,Analyst
19-1029.04,1.A.4.b.2,Auditory Attention,IM,2.12,8,0.125,1.88,2.37,N,,08/2018,Analyst
19-1029.04,1.A.4.b.2,Auditory Attention,LV,2.0,8,0.0,2.0,2.0,N,N,08/2018,Analyst
19-1029.04,1.A.4.b.3,Sound Localization,IM,1.5,8,0.189,1.1296,1.8704,N,,08/2018,Analyst
19-1029.04,1.A.4.b.3,Sound Localization,LV,0.5,8,0.189,0.1296,0.8704,N,N,08/2018,Analyst
19-1029.04,1.A.4.b.4,Speech Recognition,IM,3.62,8,0.183,3.2664,3.9836,N,,08/2018,Analyst
19-1029.04,1.A.4.b.4,Speech Recognition,LV,3.75,8,0.1637,3.4292,4.0708,N,N,08/2018,Analyst
19-1029.04,1.A.4.b.5,Speech Clarity,IM,3.75,8,0.1637,3.4292,4.0708,N,,08/2018,Analyst
19-1029.04,1.A.4.b.5,Speech Clarity,LV,3.88,8,0.2266,3.4309,4.3191,N,N,08/2018,Analyst
19-1031.00,1.A.1.a.1,Oral Comprehension,IM,4.12,8,0.125,3.88,4.37,N,,08/2022,Analyst
19-1031.00,1.A.1.a.1,Oral Comprehension,LV,4.12,8,0.2266,3.6809,4.5691,N,N,08/2022,Analyst
19-1031.00,1.A.1.a.2,Written Comprehension,IM,4.0,8,0.0,4.0,4.0,N,,08/2022,Analyst
19-1031.00,1.A.1.a.2,Written Comprehension,LV,4.5,8,0.189,4.1296,4.8704,N,N,08/2022,Analyst
19-1031.00,1.A.1.a.3,Oral Expression,IM,3.88,8,0.125,3.63,4.12,N,,08/2022,Analyst
19-1031.00,1.A.1.a.3,Oral Expression,LV,3.88,8,0.2266,3.4309,4.3191,N,N,08/2022,Analyst
19-1031.00,1.A.1.a.4,Written Expression,IM,3.62,8,0.183,3.2664,3.9836,N,,08/2022,Analyst
19-1031.00,1.A.1.a.4,Written Expression,LV,4.12,8,0.295,3.5467,4.7033,N,N,08/2022,Analyst
19-1031.00,1.A.1.b.1,Fluency of Ideas,IM,3.25,8,0.1637,2.9292,3.5708,N,,08/2022,Analyst
19-1031.00,1.A.1.b.1,Fluency of Ideas,LV,3.62,8,0.2631,3.1094,4.1406,N,N,08/2022,Analyst
19-1031.00,1.A.1.b.2,Originality,IM,3.25,8,0.1637,2.9292,3.5708,N,,08/2022,Analyst
19-1031.00,1.A.1.b.2,Originality,LV,3.62,8,0.183,3.2664,3.9836,N,N,08/2022,Analyst
19-1031.00,1.A.1.b.3,Problem Sensitivity,IM,3.75,8,0.1637,3.4292,4.0708,N,,08/2022,Analyst
19-1031.00,1.A.1.b.3,Problem Sensitivity,LV,3.62,8,0.4199,2.8019,4.4481,N,N,08/2022,Analyst
19-1031.00,1.A.1.b.4,Deductive Reasoning,IM,3.75,8,0.25,3.26,4.24,N,,08/2022,Analyst
19-1031.00,1.A.1.b.4,Deductive Reasoning,LV,3.88,8,0.295,3.2967,4.4533,N,N,08/2022,Analyst
19-1031.00,1.A.1.b.5,Inductive Reasoning,IM,3.5,8,0.189,3.1296,3.8704,N,,08/2022,Analyst
19-1031.00,1.A.1.b.5,Inductive Reasoning,LV,3.62,8,0.3239,2.9902,4.2598,N,N,08/2022,Analyst
19-1031.00,1.A.1.b.6,Information Ordering,IM,3.75,8,0.1637,3.4292,4.0708,N,,08/2022,Analyst
19-1031.00,1.A.1.b.6,Information Ordering,LV,3.75,8,0.1637,3.4292,4.0708,N,N,08/2022,Analyst
19-1031.00,1.A.1.b.7,Category Flexibility,IM,3.38,8,0.183,3.0164,3.7336,N,,08/2022,Analyst
19-1031.00,1.A.1.b.7,Category Flexibility,LV,3.62,8,0.183,3.2664,3.9836,N,N,08/2022,Analyst
19-1031.00,1.A.1.c.1,Mathematical Reasoning,IM,3.25,8,0.1637,2.9292,3.5708,N,,08/2022,Analyst
19-1031.00,1.A.1.c.1,Mathematical Reasoning,LV,3.12,8,0.295,2.5467,3.7033,N,N,08/2022,Analyst
19-1031.00,1.A.1.c.2,Number Facility,IM,3.25,8,0.1637,2.9292,3.5708,N,,08/2022,Analyst
19-1031.00,1.A.1.c.2,Number Facility,LV,3.12,8,0.2266,2.6809,3.5691,N,N,08/2022,Analyst
19-1031.00,1.A.1.d.1,Memorization,IM,2.62,8,0.183,2.2664,2.9836,N,,08/2022,Analyst
19-1031.00,1.A.1.d.1,Memorization,LV,2.75,8,0.1637,2.4292,3.0708,N,N,08/2022,Analyst
19-1031.00,1.A.1.e.1,Speed of Closure,IM,2.62,8,0.183,2.2664,2.9836,N,,08/2022,Analyst
19-1031.00,1.A.1.e.1,Speed of Closure,LV,3.25,8,0.25,2.76,3.74,N,N,08/2022,Analyst
19-1031.00,1.A.1.e.2,Flexibility of Closure,IM,3.38,8,0.183,3.0164,3.7336,N,,08/2022,Analyst
19-1031.00,1.A.1.e.2,Flexibility of Closure,LV,3.5,8,0.2673,2.9762,4.0238,N,N,08/2022,Analyst
19-1031.00,1.A.1.e.3,Perceptual Speed,IM,3.0,8,0.189,2.6296,3.3704,N,,08/2022,Analyst
19-1031.00,1.A.1.e.3,Perceptual Speed,LV,2.62,8,0.3239,1.9902,3.2598,N,N,08/2022,Analyst
19-1031.00,1.A.1.f.1,Spatial Orientation,IM,2.38,8,0.2631,1.8594,2.8906,N,,08/2022,Analyst
19-1031.00,1.A.1.f.1,Spatial Orientation,LV,1.75,8,0.366,1.0327,2.4673,N,N,08/2022,Analyst
19-1031.00,1.A.1.f.2,Visualization,IM,2.88,8,0.125,2.63,3.12,N,,08/2022,Analyst
19-1031.00,1.A.1.f.2,Visualization,LV,3.0,8,0.189,2.6296,3.3704,N,N,08/2022,Analyst
19-1031.00,1.A.1.g.1,Selective Attention,IM,2.88,8,0.125,2.63,3.12,N,,08/2022,Analyst
19-1031.00,1.A.1.g.1,Selective Attention,LV,2.75,8,0.25,2.26,3.24,N,N,08/2022,Analyst
19-1031.00,1.A.1.g.2,Time Sharing,IM,2.62,8,0.2631,2.1094,3.1406,N,,08/2022,Analyst
19-1031.00,1.A.1.g.2,Time Sharing,LV,2.75,8,0.25,2.26,3.24,N,N,08/2022,Analyst
19-1031.00,1.A.2.a.1,Arm-Hand Steadiness,IM,2.62,8,0.183,2.2664,2.9836,N,,08/2022,Analyst
19-1031.00,1.A.2.a.1,Arm-Hand Steadiness,LV,2.38,8,0.2631,1.8594,2.8906,N,N,08/2022,Analyst
19-1031.00,1.A.2.a.2,Manual Dexterity,IM,2.25,8,0.1637,1.9292,2.5708,N,,08/2022,Analyst
19-1031.00,1.A.2.a.2,Manual Dexterity,LV,2.12,8,0.295,1.5467,2.7033,N,N,08/2022,Analyst
19-1031.00,1.A.2.a.3,Finger Dexterity,IM,2.25,8,0.1637,1.9292,2.5708,N,,08/2022,Analyst
19-1031.00,1.A.2.a.3,Finger Dexterity,LV,2.12,8,0.295,1.5467,2.7033,N,N,08/2022,Analyst
19-1031.00,1.A.2.b.1,Control Precision,IM,2.25,8,0.1637,1.9292,2.5708,N,,08/2022,Analyst
19-1031.00,1.A.2.b.1,Control Precision,LV,2.25,8,0.25,1.76,2.74,N,N,08/2022,Analyst
19-1031.00,1.A.2.b.2,Multilimb Coordination,IM,2.25,8,0.1637,1.9292,2.5708,N,,08/2022,Analyst
19-1031.00,1.A.2.b.2,Multilimb Coordination,LV,2.12,8,0.295,1.5467,2.7033,N,N,08/2022,Analyst
19-1031.00,1.A.2.b.3,Response Orientation,IM,2.0,8,0.189,1.6296,2.3704,N,,08/2022,Analyst
19-1031.00,1.A.2.b.3,Response Orientation,LV,1.5,8,0.3273,0.8584,2.1416,N,N,08/2022,Analyst
19-1031.00,1.A.2.b.4,Rate Control,IM,2.0,8,0.189,1.6296,2.3704,N,,08/2022,Analyst
19-1031.00,1.A.2.b.4,Rate Control,LV,1.5,8,0.3273,0.8584,2.1416,N,N,08/2022,Analyst
19-1031.00,1.A.2.c.1,Reaction Time,IM,2.0,8,0.189,1.6296,2.3704,N,,08/2022,Analyst
19-1031.00,1.A.2.c.1,Reaction Time,LV,1.75,8,0.3134,1.1358,2.3642,N,N,08/2022,Analyst
19-1031.00,1.A.2.c.2,Wrist-Finger Speed,IM,2.38,8,0.183,2.0164,2.7336,N,,08/2022,Analyst
19-1031.00,1.A.2.c.2,Wrist-Finger Speed,LV,2.12,8,0.2266,1.6809,2.5691,N,N,08/2022,Analyst
19-1031.00,1.A.2.c.3,Speed of Limb Movement,IM,1.38,8,0.2631,1.0,1.8906,N,,08/2022,Analyst
19-1031.00,1.A.2.c.3,Speed of Limb Movement,LV,0.5,8,0.378,0.0,1.2408,N,Y,08/2022,Analyst
19-1031.00,1.A.3.a.1,Static Strength,IM,2.5,8,0.189,2.1296,2.8704,N,,08/2022,Analyst
19-1031.00,1.A.3.a.1,Static Strength,LV,2.12,8,0.295,1.5467,2.7033,N,N,08/2022,Analyst
19-1031.00,1.A.3.a.2,Explosive Strength,IM,2.25,8,0.1637,1.9292,2.5708,N,,08/2022,Analyst
19-1031.00,1.A.3.a.2,Explosive Strength,LV,1.88,8,0.2266,1.4309,2.3191,N,N,08/2022,Analyst
19-1031.00,1.A.3.a.3,Dynamic Strength,IM,2.25,8,0.1637,1.9292,2.5708,N,,08/2022,Analyst
19-1031.00,1.A.3.a.3,Dynamic Strength,LV,1.88,8,0.2266,1.4309,2.3191,N,N,08/2022,Analyst
19-1031.00,1.A.3.a.4,Trunk Strength,IM,2.5,8,0.189,2.1296,2.8704,N,,08/2022,Analyst
19-1031.00,1.A.3.a.4,Trunk Strength,LV,2.5,8,0.189,2.1296,2.8704,N,N,08/2022,Analyst
19-1031.00,1.A.3.b.1,Stamina,IM,2.25,8,0.1637,1.9292,2.5708,N,,08/2022,Analyst
19-1031.00,1.A.3.b.1,Stamina,LV,2.0,8,0.2673,1.4762,2.5238,N,N,08/2022,Analyst
19-1031.00,1.A.3.c.1,Extent Flexibility,IM,2.12,8,0.125,1.88,2.37,N,,08/2022,Analyst
19-1031.00,1.A.3.c.1,Extent Flexibility,LV,1.75,8,0.1637,1.4292,2.0708,N,N,08/2022,Analyst
19-1031.00,1.A.3.c.2,Dynamic Flexibility,IM,1.25,8,0.1637,1.0,1.5708,N,,08/2022,Analyst
19-1031.00,1.A.3.c.2,Dynamic Flexibility,LV,0.62,8,0.4199,0.0,1.4481,N,Y,08/2022,Analyst
19-1031.00,1.A.3.c.3,Gross Body Coordination,IM,2.0,8,0.0,2.0,2.0,N,,08/2022,Analyst
19-1031.00,1.A.3.c.3,Gross Body Coordination,LV,1.88,8,0.125,1.63,2.12,N,N,08/2022,Analyst
19-1031.00,1.A.3.c.4,Gross Body Equilibrium,IM,2.0,8,0.0,2.0,2.0,N,,08/2022,Analyst
19-1031.00,1.A.3.c.4,Gross Body Equilibrium,LV,1.62,8,0.183,1.2664,1.9836,N,N,08/2022,Analyst
19-1031.00,1.A.4.a.1,Near Vision,IM,3.38,8,0.183,3.0164,3.7336,N,,08/2022,Analyst
19-1031.00,1.A.4.a.1,Near Vision,LV,3.5,8,0.189,3.1296,3.8704,N,N,08/2022,Analyst
19-1031.00,1.A.4.a.2,Far Vision,IM,3.0,8,0.189,2.6296,3.3704,N,,08/2022,Analyst
19-1031.00,1.A.4.a.2,Far Vision,LV,3.0,8,0.2673,2.4762,3.5238,N,N,08/2022,Analyst
19-1031.00,1.A.4.a.3,Visual Color Discrimination,IM,2.75,8,0.3134,2.1358,3.3642,N,,08/2022,Analyst
19-1031.00,1.A.4.a.3,Visual Color Discrimination,LV,2.62,8,0.3239,1.9902,3.2598,N,N,08/2022,Analyst
19-1031.00,1.A.4.a.4,Night Vision,IM,2.0,8,0.0,2.0,2.0,N,,08/2022,Analyst
19-1031.00,1.A.4.a.4,Night Vision,LV,1.62,8,0.183,1.2664,1.9836,N,N,08/2022,Analyst
19-1031.00,1.A.4.a.5,Peripheral Vision,IM,2.0,8,0.0,2.0,2.0,N,,08/2022,Analyst
19-1031.00,1.A.4.a.5,Peripheral Vision,LV,1.62,8,0.183,1.2664,1.9836,N,N,08/2022,Analyst
19-1031.00,1.A.4.a.6,Depth Perception,IM,2.0,8,0.0,2.0,2.0,N,,08/2022,Analyst
19-1031.00,1.A.4.a.6,Depth Perception,LV,2.12,8,0.125,1.88,2.37,N,N,08/2022,Analyst
19-1031.00,1.A.4.a.7,Glare Sensitivity,IM,1.88,8,0.125,1.63,2.12,N,,08/2022,Analyst
19-1031.00,1.A.4.a.7,Glare Sensitivity,LV,1.38,8,0.3239,0.7402,2.0098,N,N,08/2022,Analyst
19-1031.00,1.A.4.b.1,Hearing Sensitivity,IM,2.0,8,0.189,1.6296,2.3704,N,,08/2022,Analyst
19-1031.00,1.A.4.b.1,Hearing Sensitivity,LV,1.88,8,0.3981,1.0947,2.6553,N,N,08/2022,Analyst
19-1031.00,1.A.4.b.2,Auditory Attention,IM,2.25,8,0.25,1.76,2.74,N,,08/2022,Analyst
19-1031.00,1.A.4.b.2,Auditory Attention,LV,2.12,8,0.3504,1.4383,2.8117,N,N,08/2022,Analyst
19-1031.00,1.A.4.b.3,Sound Localization,IM,1.75,8,0.1637,1.4292,2.0708,N,,08/2022,Analyst
19-1031.00,1.A.4.b.3,Sound Localization,LV,1.0,8,0.2673,0.4762,1.5238,N,N,08/2022,Analyst
19-1031.00,1.A.4.b.4,Speech Recognition,IM,3.38,8,0.183,3.0164,3.7336,N,,08/2022,Analyst
19-1031.00,1.A.4.b.4,Speech Recognition,LV,3.25,8,0.25,2.76,3.74,N,N,08/2022,Analyst
19-1031.00,1.A.4.b.5,Speech Clarity,IM,3.5,8,0.189,3.1296,3.8704,N,,08/2022,Analyst
19-1031.00,1.A.4.b.5,Speech Clarity,LV,3.25,8,0.25,2.76,3.74,N,N,08/2022,Analyst
19-1031.02,1.A.1.a.1,Oral Comprehension,IM,3.88,8,0.125,3.63,4.12,N,,08/2020,Analyst
19-1031.02,1.A.1.a.1,Oral Comprehension,LV,4.12,8,0.125,3.88,4.37,N,N,08/2020,Analyst
19-1031.02,1.A.1.a.2,Written Comprehension,IM,4.0,8,0.0,4.0,4.0,N,,08/2020,Analyst
19-1031.02,1.A.1.a.2,Written Comprehension,LV,4.12,8,0.125,3.88,4.37,N,N,08/2020,Analyst
19-1031.02,1.A.1.a.3,Oral Expression,IM,4.0,8,0.0,4.0,4.0,N,,08/2020,Analyst
19-1031.02,1.A.1.a.3,Oral Expression,LV,4.38,8,0.183,4.0164,4.7336,N,N,08/2020,Analyst
19-1031.02,1.A.1.a.4,Written Expression,IM,3.88,8,0.125,3.63,4.12,N,,08/2020,Analyst
19-1031.02,1.A.1.a.4,Written Expression,LV,4.12,8,0.125,3.88,4.37,N,N,08/2020,Analyst
19-1031.02,1.A.1.b.1,Fluency of Ideas,IM,3.25,8,0.1637,2.9292,3.5708,N,,08/2020,Analyst
19-1031.02,1.A.1.b.1,Fluency of Ideas,LV,3.75,8,0.25,3.26,4.24,N,N,08/2020,Analyst
19-1031.02,1.A.1.b.2,Originality,IM,3.25,8,0.1637,2.9292,3.5708,N,,08/2020,Analyst
19-1031.02,1.A.1.b.2,Originality,LV,3.62,8,0.183,3.2664,3.9836,N,N,08/2020,Analyst
19-1031.02,1.A.1.b.3,Problem Sensitivity,IM,3.88,8,0.125,3.63,4.12,N,,08/2020,Analyst
19-1031.02,1.A.1.b.3,Problem Sensitivity,LV,4.12,8,0.125,3.88,4.37,N,N,08/2020,Analyst
19-1031.02,1.A.1.b.4,Deductive Reasoning,IM,3.75,8,0.1637,3.4292,4.0708,N,,08/2020,Analyst
19-1031.02,1.A.1.b.4,Deductive Reasoning,LV,4.12,8,0.125,3.88,4.37,N,N,08/2020,Analyst
19-1031.02,1.A.1.b.5,Inductive Reasoning,IM,3.75,8,0.1637,3.4292,4.0708,N,,08/2020,Analyst
19-1031.02,1.A.1.b.5,Inductive Reasoning,LV,4.12,8,0.125,3.88,4.37,N,N,08/2020,Analyst
19-1031.02,1.A.1.b.6,Information Ordering,IM,3.38,8,0.183,3.0164,3.7336,N,,08/2020,Analyst
19-1031.02,1.A.1.b.6,Information Ordering,LV,3.38,8,0.183,3.0164,3.7336,N,N,08/2020,Analyst
19-1031.02,1.A.1.b.7,Category Flexibility,IM,3.25,8,0.1637,2.9292,3.5708,N,,08/2020,Analyst
19-1031.02,1.A.1.b.7,Category Flexibility,LV,3.62,8,0.183,3.2664,3.9836,N,N,08/2020,Analyst
19-1031.02,1.A.1.c.1,Mathematical Reasoning,IM,3.0,8,0.189,2.6296,3.3704,N,,08/2020,Analyst
19-1031.02,1.A.1.c.1,Mathematical Reasoning,LV,3.12,8,0.125,2.88,3.37,N,N,08/2020,Analyst
19-1031.02,1.A.1.c.2,Number Facility,IM,2.88,8,0.125,2.63,3.12,N,,08/2020,Analyst
19-1031.02,1.A.1.c.2,Number Facility,LV,3.12,8,0.125,2.88,3.37,N,N,08/2020,Analyst
19-1031.02,1.A.1.d.1,Memorization,IM,2.25,8,0.1637,1.9292,2.5708,N,,08/2020,Analyst
19-1031.02,1.A.1.d.1,Memorization,LV,2.0,8,0.0,2.0,2.0,N,N,08/2020,Analyst
19-1031.02,1.A.1.e.1,Speed of Closure,IM,2.12,8,0.125,1.88,2.37,N,,08/2020,Analyst
19-1031.02,1.A.1.e.1,Speed of Closure,LV,2.0,8,0.189,1.6296,2.3704,N,N,08/2020,Analyst
19-1031.02,1.A.1.e.2,Flexibility of Closure,IM,3.0,8,0.189,2.6296,3.3704,N,,08/2020,Analyst
19-1031.02,1.A.1.e.2,Flexibility of Closure,LV,3.0,8,0.189,2.6296,3.3704,N,N,08/2020,Analyst
19-1031.02,1.A.1.e.3,Perceptual Speed,IM,2.62,8,0.183,2.2664,2.9836,N,,08/2020,Analyst
19-1031.02,1.A.1.e.3,Perceptual Speed,LV,2.25,8,0.1637,1.9292,2.5708,N,N,08/2020,Analyst
19-1031.02,1.A.1.f.1,Spatial Orientation,IM,2.38,8,0.183,2.0164,2.7336,N,,08/2020,Analyst
19-1031.02,1.A.1.f.1,Spatial Orientation,LV,2.25,8,0.1637,1.9292,2.5708,N,N,08/2020,Analyst
19-1031.02,1.A.1.f.2,Visualization,IM,2.88,8,0.125,2.63,3.12,N,,08/2020,Analyst
19-1031.02,1.A.1.f.2,Visualization,LV,3.0,8,0.0,3.0,3.0,N,N,08/2020,Analyst
19-1031.02,1.A.1.g.1,Selective Attention,IM,3.0,8,0.0,3.0,3.0,N,,08/2020,Analyst
19-1031.02,1.A.1.g.1,Selective Attention,LV,2.88,8,0.125,2.63,3.12,N,N,08/2020,Analyst
19-1031.02,1.A.1.g.2,Time Sharing,IM,2.38,8,0.2631,1.8594,2.8906,N,,08/2020,Analyst
19-1031.02,1.A.1.g.2,Time Sharing,LV,2.12,8,0.3504,1.4383,2.8117,N,N,08/2020,Analyst
19-1031.02,1.A.2.a.1,Arm-Hand Steadiness,IM,2.25,8,0.1637,1.9292,2.5708,N,,08/2020,Analyst
19-1031.02,1.A.2.a.1,Arm-Hand Steadiness,LV,2.0,8,0.0,2.0,2.0,N,N,08/2020,Analyst
19-1031.02,1.A.2.a.2,Manual Dexterity,IM,2.12,8,0.125,1.88,2.37,N,,08/2020,Analyst
19-1031.02,1.A.2.a.2,Manual Dexterity,LV,2.0,8,0.0,2.0,2.0,N,N,08/2020,Analyst
19-1031.02,1.A.2.a.3,Finger Dexterity,IM,2.0,8,0.0,2.0,2.0,N,,08/2020,Analyst
19-1031.02,1.A.2.a.3,Finger Dexterity,LV,2.0,8,0.0,2.0,2.0,N,N,08/2020,Analyst
19-1031.02,1.A.2.b.1,Control Precision,IM,2.12,8,0.125,1.88,2.37,N,,08/2020,Analyst
19-1031.02,1.A.2.b.1,Control Precision,LV,2.38,8,0.183,2.0164,2.7336,N,N,08/2020,Analyst
19-1031.02,1.A.2.b.2,Multilimb Coordination,IM,2.38,8,0.183,2.0164,2.7336,N,,08/2020,Analyst
19-1031.02,1.A.2.b.2,Multilimb Coordination,LV,2.75,8,0.1637,2.4292,3.0708,N,N,08/2020,Analyst
19-1031.02,1.A.2.b.3,Response Orientation,IM,2.0,8,0.0,2.0,2.0,N,,08/2020,Analyst
19-1031.02,1.A.2.b.3,Response Orientation,LV,2.0,8,0.0,2.0,2.0,N,N,08/2020,Analyst
19-1031.02,1.A.2.b.4,Rate Control,IM,1.88,8,0.125,1.63,2.12,N,,08/2020,Analyst
19-1031.02,1.A.2.b.4,Rate Control,LV,1.62,8,0.2631,1.1094,2.1406,N,N,08/2020,Analyst
19-1031.02,1.A.2.c.1,Reaction Time,IM,1.75,8,0.1637,1.4292,2.0708,N,,08/2020,Analyst
19-1031.02,1.A.2.c.1,Reaction Time,LV,1.5,8,0.3273,0.8584,2.1416,N,N,08/2020,Analyst
19-1031.02,1.A.2.c.2,Wrist-Finger Speed,IM,1.88,8,0.125,1.63,2.12,N,,08/2020,Analyst
19-1031.02,1.A.2.c.2,Wrist-Finger Speed,LV,1.12,8,0.2266,0.6809,1.5691,N,N,08/2020,Analyst
19-1031.02,1.A.2.c.3,Speed of Limb Movement,IM,1.5,8,0.189,1.1296,1.8704,N,,08/2020,Analyst
19-1031.02,1.A.2.c.3,Speed of Limb Movement,LV,0.62,8,0.2631,0.1094,1.1406,N,N,08/2020,Analyst
19-1031.02,1.A.3.a.1,Static Strength,IM,2.0,8,0.0,2.0,2.0,N,,08/2020,Analyst
19-1031.02,1.A.3.a.1,Static Strength,LV,2.0,8,0.0,2.0,2.0,N,N,08/2020,Analyst
19-1031.02,1.A.3.a.2,Explosive Strength,IM,1.0,8,0.0,1.0,1.0,N,,08/2020,Analyst
19-1031.02,1.A.3.a.2,Explosive Strength,LV,0.0,8,0.0,0.0,0.0,N,Y,08/2020,Analyst
19-1031.02,1.A.3.a.3,Dynamic Strength,IM,2.0,8,0.0,2.0,2.0,N,,08/2020,Analyst
19-1031.02,1.A.3.a.3,Dynamic Strength,LV,1.75,8,0.1637,1.4292,2.0708,N,N,08/2020,Analyst
19-1031.02,1.A.3.a.4,Trunk Strength,IM,2.38,8,0.183,2.0164,2.7336,N,,08/2020,Analyst
19-1031.02,1.A.3.a.4,Trunk Strength,LV,2.12,8,0.125,1.88,2.37,N,N,08/2020,Analyst
19-1031.02,1.A.3.b.1,Stamina,IM,2.0,8,0.0,2.0,2.0,N,,08/2020,Analyst
19-1031.02,1.A.3.b.1,Stamina,LV,1.62,8,0.183,1.2664,1.9836,N,N,08/2020,Analyst
19-1031.02,1.A.3.c.1,Extent Flexibility,IM,2.0,8,0.0,2.0,2.0,N,,08/2020,Analyst
19-1031.02,1.A.3.c.1,Extent Flexibility,LV,1.75,8,0.1637,1.4292,2.0708,N,N,08/2020,Analyst
19-1031.02,1.A.3.c.2,Dynamic Flexibility,IM,1.0,8,0.0,1.0,1.0,N,,08/2020,Analyst
19-1031.02,1.A.3.c.2,Dynamic Flexibility,LV,0.0,8,0.0,0.0,0.0,N,Y,08/2020,Analyst
19-1031.02,1.A.3.c.3,Gross Body Coordination,IM,1.88,8,0.125,1.63,2.12,N,,08/2020,Analyst
19-1031.02,1.A.3.c.3,Gross Body Coordination,LV,1.62,8,0.2631,1.1094,2.1406,N,N,08/2020,Analyst
19-1031.02,1.A.3.c.4,Gross Body Equilibrium,IM,1.62,8,0.183,1.2664,1.9836,N,,08/2020,Analyst
19-1031.02,1.A.3.c.4,Gross Body Equilibrium,LV,0.75,8,0.25,0.26,1.24,N,N,08/2020,Analyst
19-1031.02,1.A.4.a.1,Near Vision,IM,3.5,8,0.189,3.1296,3.8704,N,,08/2020,Analyst
19-1031.02,1.A.4.a.1,Near Vision,LV,3.25,8,0.1637,2.9292,3.5708,N,N,08/2020,Analyst
19-1031.02,1.A.4.a.2,Far Vision,IM,3.38,8,0.183,3.0164,3.7336,N,,08/2020,Analyst
19-1031.02,1.A.4.a.2,Far Vision,LV,3.25,8,0.1637,2.9292,3.5708,N,N,08/2020,Analyst
19-1031.02,1.A.4.a.3,Visual Color Discrimination,IM,2.75,8,0.25,2.26,3.24,N,,08/2020,Analyst
19-1031.02,1.A.4.a.3,Visual Color Discrimination,LV,3.0,8,0.189,2.6296,3.3704,N,N,08/2020,Analyst
19-1031.02,1.A.4.a.4,Night Vision,IM,1.62,8,0.183,1.2664,1.9836,N,,08/2020,Analyst
19-1031.02,1.A.4.a.4,Night Vision,LV,0.88,8,0.295,0.2967,1.4533,N,N,08/2020,Analyst
19-1031.02,1.A.4.a.5,Peripheral Vision,IM,1.88,8,0.125,1.63,2.12,N,,08/2020,Analyst
19-1031.02,1.A.4.a.5,Peripheral Vision,LV,1.38,8,0.2631,0.8594,1.8906,N,N,08/2020,Analyst
19-1031.02,1.A.4.a.6,Depth Perception,IM,2.75,8,0.1637,2.4292,3.0708,N,,08/2020,Analyst
19-1031.02,1.A.4.a.6,Depth Perception,LV,2.75,8,0.1637,2.4292,3.0708,N,N,08/2020,Analyst
19-1031.02,1.A.4.a.7,Glare Sensitivity,IM,2.0,8,0.0,2.0,2.0,N,,08/2020,Analyst
19-1031.02,1.A.4.a.7,Glare Sensitivity,LV,2.0,8,0.0,2.0,2.0,N,N,08/2020,Analyst
19-1031.02,1.A.4.b.1,Hearing Sensitivity,IM,2.38,8,0.183,2.0164,2.7336,N,,08/2020,Analyst
19-1031.02,1.A.4.b.1,Hearing Sensitivity,LV,2.12,8,0.125,1.88,2.37,N,N,08/2020,Analyst
19-1031.02,1.A.4.b.2,Auditory Attention,IM,2.25,8,0.1637,1.9292,2.5708,N,,08/2020,Analyst
19-1031.02,1.A.4.b.2,Auditory Attention,LV,2.0,8,0.0,2.0,2.0,N,N,08/2020,Analyst
19-1031.02,1.A.4.b.3,Sound Localization,IM,1.75,8,0.1637,1.4292,2.0708,N,,08/2020,Analyst
19-1031.02,1.A.4.b.3,Sound Localization,LV,0.88,8,0.2266,0.4309,1.3191,N,N,08/2020,Analyst
19-1031.02,1.A.4.b.4,Speech Recognition,IM,3.38,8,0.183,3.0164,3.7336,N,,08/2020,Analyst
19-1031.02,1.A.4.b.4,Speech Recognition,LV,3.12,8,0.125,2.88,3.37,N,N,08/2020,Analyst
19-1031.02,1.A.4.b.5,Speech Clarity,IM,3.5,8,0.189,3.1296,3.8704,N,,08/2020,Analyst
19-1031.02,1.A.4.b.5,Speech Clarity,LV,3.12,8,0.125,2.88,3.37,N,N,08/2020,Analyst
19-1031.03,1.A.1.a.1,Oral Comprehension,IM,4.0,8,0.0,4.0,4.0,N,,08/2023,Analyst
19-1031.03,1.A.1.a.1,Oral Comprehension,LV,4.12,8,0.125,3.88,4.37,N,N,08/2023,Analyst
19-1031.03,1.A.1.a.2,Written Comprehension,IM,3.75,8,0.1637,3.4292,4.0708,N,,08/2023,Analyst
19-1031.03,1.A.1.a.2,Written Comprehension,LV,4.12,8,0.125,3.88,4.37,N,N,08/2023,Analyst
19-1031.03,1.A.1.a.3,Oral Expression,IM,4.12,8,0.125,3.88,4.37,N,,08/2023,Analyst
19-1031.03,1.A.1.a.3,Oral Expression,LV,4.38,8,0.183,4.0164,4.7336,N,N,08/2023,Analyst
19-1031.03,1.A.1.a.4,Written Expression,IM,3.75,8,0.1637,3.4292,4.0708,N,,08/2023,Analyst
19-1031.03,1.A.1.a.4,Written Expression,LV,4.12,8,0.125,3.88,4.37,N,N,08/2023,Analyst
19-1031.03,1.A.1.b.1,Fluency of Ideas,IM,3.25,8,0.1637,2.9292,3.5708,N,,08/2023,Analyst
19-1031.03,1.A.1.b.1,Fluency of Ideas,LV,3.25,8,0.1637,2.9292,3.5708,N,N,08/2023,Analyst
19-1031.03,1.A.1.b.2,Originality,IM,3.12,8,0.125,2.88,3.37,N,,08/2023,Analyst
19-1031.03,1.A.1.b.2,Originality,LV,3.25,8,0.1637,2.9292,3.5708,N,N,08/2023,Analyst
19-1031.03,1.A.1.b.3,Problem Sensitivity,IM,3.5,8,0.189,3.1296,3.8704,N,,08/2023,Analyst
19-1031.03,1.A.1.b.3,Problem Sensitivity,LV,3.38,8,0.183,3.0164,3.7336,N,N,08/2023,Analyst
19-1031.03,1.A.1.b.4,Deductive Reasoning,IM,3.62,8,0.183,3.2664,3.9836,N,,08/2023,Analyst
19-1031.03,1.A.1.b.4,Deductive Reasoning,LV,3.38,8,0.183,3.0164,3.7336,N,N,08/2023,Analyst
19-1031.03,1.A.1.b.5,Inductive Reasoning,IM,3.38,8,0.183,3.0164,3.7336,N,,08/2023,Analyst
19-1031.03,1.A.1.b.5,Inductive Reasoning,LV,3.12,8,0.125,2.88,3.37,N,N,08/2023,Analyst
19-1031.03,1.A.1.b.6,Information Ordering,IM,3.38,8,0.183,3.0164,3.7336,N,,08/2023,Analyst
19-1031.03,1.A.1.b.6,Information Ordering,LV,3.25,8,0.1637,2.9292,3.5708,N,N,08/2023,Analyst
19-1031.03,1.A.1.b.7,Category Flexibility,IM,3.12,8,0.125,2.88,3.37,N,,08/2023,Analyst
19-1031.03,1.A.1.b.7,Category Flexibility,LV,3.12,8,0.125,2.88,3.37,N,N,08/2023,Analyst
19-1031.03,1.A.1.c.1,Mathematical Reasoning,IM,2.12,8,0.125,1.88,2.37,N,,08/2023,Analyst
19-1031.03,1.A.1.c.1,Mathematical Reasoning,LV,2.0,8,0.0,2.0,2.0,N,N,08/2023,Analyst
19-1031.03,1.A.1.c.2,Number Facility,IM,2.25,8,0.1637,1.9292,2.5708,N,,08/2023,Analyst
19-1031.03,1.A.1.c.2,Number Facility,LV,2.12,8,0.125,1.88,2.37,N,N,08/2023,Analyst
19-1031.03,1.A.1.d.1,Memorization,IM,2.75,8,0.1637,2.4292,3.0708,N,,08/2023,Analyst
19-1031.03,1.A.1.d.1,Memorization,LV,2.75,8,0.1637,2.4292,3.0708,N,N,08/2023,Analyst
19-1031.03,1.A.1.e.1,Speed of Closure,IM,2.62,8,0.183,2.2664,2.9836,N,,08/2023,Analyst
19-1031.03,1.A.1.e.1,Speed of Closure,LV,2.38,8,0.183,2.0164,2.7336,N,N,08/2023,Analyst
19-1031.03,1.A.1.e.2,Flexibility of Closure,IM,3.0,8,0.0,3.0,3.0,N,,08/2023,Analyst
19-1031.03,1.A.1.e.2,Flexibility of Closure,LV,3.0,8,0.0,3.0,3.0,N,N,08/2023,Analyst
19-1031.03,1.A.1.e.3,Perceptual Speed,IM,3.0,8,0.0,3.0,3.0,N,,08/2023,Analyst
19-1031.03,1.A.1.e.3,Perceptual Speed,LV,3.0,8,0.0,3.0,3.0,N,N,08/2023,Analyst
19-1031.03,1.A.1.f.1,Spatial Orientation,IM,2.12,8,0.125,1.88,2.37,N,,08/2023,Analyst
19-1031.03,1.A.1.f.1,Spatial Orientation,LV,2.0,8,0.0,2.0,2.0,N,N,08/2023,Analyst
19-1031.03,1.A.1.f.2,Visualization,IM,2.88,8,0.2266,2.4309,3.3191,N,,08/2023,Analyst
19-1031.03,1.A.1.f.2,Visualization,LV,3.0,8,0.189,2.6296,3.3704,N,N,08/2023,Analyst
19-1031.03,1.A.1.g.1,Selective Attention,IM,3.0,8,0.0,3.0,3.0,N,,08/2023,Analyst
19-1031.03,1.A.1.g.1,Selective Attention,LV,3.0,8,0.0,3.0,3.0,N,N,08/2023,Analyst
19-1031.03,1.A.1.g.2,Time Sharing,IM,2.88,8,0.125,2.63,3.12,N,,08/2023,Analyst
19-1031.03,1.A.1.g.2,Time Sharing,LV,3.0,8,0.0,3.0,3.0,N,N,08/2023,Analyst
19-1031.03,1.A.2.a.1,Arm-Hand Steadiness,IM,2.62,8,0.183,2.2664,2.9836,N,,08/2023,Analyst
19-1031.03,1.A.2.a.1,Arm-Hand Steadiness,LV,2.12,8,0.125,1.88,2.37,N,N,08/2023,Analyst
19-1031.03,1.A.2.a.2,Manual Dexterity,IM,2.25,8,0.1637,1.9292,2.5708,N,,08/2023,Analyst
19-1031.03,1.A.2.a.2,Manual Dexterity,LV,1.88,8,0.125,1.63,2.12,N,N,08/2023,Analyst
19-1031.03,1.A.2.a.3,Finger Dexterity,IM,2.38,8,0.183,2.0164,2.7336,N,,08/2023,Analyst
19-1031.03,1.A.2.a.3,Finger Dexterity,LV,1.88,8,0.125,1.63,2.12,N,N,08/2023,Analyst
19-1031.03,1.A.2.b.1,Control Precision,IM,2.12,8,0.125,1.88,2.37,N,,08/2023,Analyst
19-1031.03,1.A.2.b.1,Control Precision,LV,2.0,8,0.0,2.0,2.0,N,N,08/2023,Analyst
19-1031.03,1.A.2.b.2,Multilimb Coordination,IM,2.25,8,0.1637,1.9292,2.5708,N,,08/2023,Analyst
19-1031.03,1.A.2.b.2,Multilimb Coordination,LV,2.0,8,0.0,2.0,2.0,N,N,08/2023,Analyst
19-1031.03,1.A.2.b.3,Response Orientation,IM,1.88,8,0.125,1.63,2.12,N,,08/2023,Analyst
19-1031.03,1.A.2.b.3,Response Orientation,LV,1.62,8,0.2631,1.1094,2.1406,N,N,08/2023,Analyst
19-1031.03,1.A.2.b.4,Rate Control,IM,1.75,8,0.1637,1.4292,2.0708,N,,08/2023,Analyst
19-1031.03,1.A.2.b.4,Rate Control,LV,1.38,8,0.3239,0.7402,2.0098,N,N,08/2023,Analyst
19-1031.03,1.A.2.c.1,Reaction Time,IM,1.75,8,0.1637,1.4292,2.0708,N,,08/2023,Analyst
19-1031.03,1.A.2.c.1,Reaction Time,LV,1.38,8,0.3239,0.7402,2.0098,N,N,08/2023,Analyst
19-1031.03,1.A.2.c.2,Wrist-Finger Speed,IM,1.75,8,0.1637,1.4292,2.0708,N,,08/2023,Analyst
19-1031.03,1.A.2.c.2,Wrist-Finger Speed,LV,1.25,8,0.3134,0.6358,1.8642,N,N,08/2023,Analyst
19-1031.03,1.A.2.c.3,Speed of Limb Movement,IM,1.0,8,0.0,1.0,1.0,N,,08/2023,Analyst
19-1031.03,1.A.2.c.3,Speed of Limb Movement,LV,0.0,8,0.0,0.0,0.0,N,Y,08/2023,Analyst
19-1031.03,1.A.3.a.1,Static Strength,IM,2.38,8,0.183,2.0164,2.7336,N,,08/2023,Analyst
19-1031.03,1.A.3.a.1,Static Strength,LV,2.12,8,0.125,1.88,2.37,N,N,08/2023,Analyst
19-1031.03,1.A.3.a.2,Explosive Strength,IM,1.75,8,0.1637,1.4292,2.0708,N,,08/2023,Analyst
19-1031.03,1.A.3.a.2,Explosive Strength,LV,1.25,8,0.3134,0.6358,1.8642,N,N,08/2023,Analyst
19-1031.03,1.A.3.a.3,Dynamic Strength,IM,2.0,8,0.189,1.6296,2.3704,N,,08/2023,Analyst
19-1031.03,1.A.3.a.3,Dynamic Strength,LV,1.75,8,0.25,1.26,2.24,N,N,08/2023,Analyst
19-1031.03,1.A.3.a.4,Trunk Strength,IM,2.38,8,0.183,2.0164,2.7336,N,,08/2023,Analyst
19-1031.03,1.A.3.a.4,Trunk Strength,LV,2.25,8,0.1637,1.9292,2.5708,N,N,08/2023,Analyst
19-1031.03,1.A.3.b.1,Stamina,IM,2.0,8,0.0,2.0,2.0,N,,08/2023,Analyst
19-1031.03,1.A.3.b.1,Stamina,LV,1.88,8,0.125,1.63,2.12,N,N,08/2023,Analyst
19-1031.03,1.A.3.c.1,Extent Flexibility,IM,2.0,8,0.0,2.0,2.0,N,,08/2023,Analyst
19-1031.03,1.A.3.c.1,Extent Flexibility,LV,1.88,8,0.125,1.63,2.12,N,N,08/2023,Analyst
19-1031.03,1.A.3.c.2,Dynamic Flexibility,IM,1.0,8,0.0,1.0,1.0,N,,08/2023,Analyst
19-1031.03,1.A.3.c.2,Dynamic Flexibility,LV,0.0,8,0.0,0.0,0.0,N,Y,08/2023,Analyst
19-1031.03,1.A.3.c.3,Gross Body Coordination,IM,1.88,8,0.125,1.63,2.12,N,,08/2023,Analyst
19-1031.03,1.A.3.c.3,Gross Body Coordination,LV,1.75,8,0.25,1.26,2.24,N,N,08/2023,Analyst
19-1031.03,1.A.3.c.4,Gross Body Equilibrium,IM,1.75,8,0.1637,1.4292,2.0708,N,,08/2023,Analyst
19-1031.03,1.A.3.c.4,Gross Body Equilibrium,LV,1.12,8,0.295,0.5467,1.7033,N,N,08/2023,Analyst
19-1031.03,1.A.4.a.1,Near Vision,IM,3.5,8,0.189,3.1296,3.8704,N,,08/2023,Analyst
19-1031.03,1.A.4.a.1,Near Vision,LV,3.12,8,0.125,2.88,3.37,N,N,08/2023,Analyst
19-1031.03,1.A.4.a.2,Far Vision,IM,3.25,8,0.1637,2.9292,3.5708,N,,08/2023,Analyst
19-1031.03,1.A.4.a.2,Far Vision,LV,3.12,8,0.125,2.88,3.37,N,N,08/2023,Analyst
19-1031.03,1.A.4.a.3,Visual Color Discrimination,IM,2.88,8,0.125,2.63,3.12,N,,08/2023,Analyst
19-1031.03,1.A.4.a.3,Visual Color Discrimination,LV,2.88,8,0.125,2.63,3.12,N,N,08/2023,Analyst
19-1031.03,1.A.4.a.4,Night Vision,IM,2.0,8,0.0,2.0,2.0,N,,08/2023,Analyst
19-1031.03,1.A.4.a.4,Night Vision,LV,1.62,8,0.183,1.2664,1.9836,N,N,08/2023,Analyst
19-1031.03,1.A.4.a.5,Peripheral Vision,IM,2.12,8,0.125,1.88,2.37,N,,08/2023,Analyst
19-1031.03,1.A.4.a.5,Peripheral Vision,LV,1.5,8,0.189,1.1296,1.8704,N,N,08/2023,Analyst
19-1031.03,1.A.4.a.6,Depth Perception,IM,2.38,8,0.183,2.0164,2.7336,N,,08/2023,Analyst
19-1031.03,1.A.4.a.6,Depth Perception,LV,2.12,8,0.125,1.88,2.37,N,N,08/2023,Analyst
19-1031.03,1.A.4.a.7,Glare Sensitivity,IM,1.88,8,0.125,1.63,2.12,N,,08/2023,Analyst
19-1031.03,1.A.4.a.7,Glare Sensitivity,LV,1.75,8,0.25,1.26,2.24,N,N,08/2023,Analyst
19-1031.03,1.A.4.b.1,Hearing Sensitivity,IM,2.38,8,0.183,2.0164,2.7336,N,,08/2023,Analyst
19-1031.03,1.A.4.b.1,Hearing Sensitivity,LV,2.12,8,0.125,1.88,2.37,N,N,08/2023,Analyst
19-1031.03,1.A.4.b.2,Auditory Attention,IM,2.62,8,0.183,2.2664,2.9836,N,,08/2023,Analyst
19-1031.03,1.A.4.b.2,Auditory Attention,LV,2.38,8,0.183,2.0164,2.7336,N,N,08/2023,Analyst
19-1031.03,1.A.4.b.3,Sound Localization,IM,2.0,8,0.189,1.6296,2.3704,N,,08/2023,Analyst
19-1031.03,1.A.4.b.3,Sound Localization,LV,1.25,8,0.25,0.76,1.74,N,N,08/2023,Analyst
19-1031.03,1.A.4.b.4,Speech Recognition,IM,3.75,8,0.1637,3.4292,4.0708,N,,08/2023,Analyst
19-1031.03,1.A.4.b.4,Speech Recognition,LV,3.75,8,0.1637,3.4292,4.0708,N,N,08/2023,Analyst
19-1031.03,1.A.4.b.5,Speech Clarity,IM,4.12,8,0.125,3.88,4.37,N,,08/2023,Analyst
19-1031.03,1.A.4.b.5,Speech Clarity,LV,4.12,8,0.125,3.88,4.37,N,N,08/2023,Analyst
19-1032.00,1.A.1.a.1,Oral Comprehension,IM,4.0,8,0.0,4.0,4.0,N,,08/2023,Analyst
19-1032.00,1.A.1.a.1,Oral Comprehension,LV,4.12,8,0.125,3.88,4.37,N,N,08/2023,Analyst
19-1032.00,1.A.1.a.2,Written Comprehension,IM,3.88,8,0.125,3.63,4.12,N,,08/2023,Analyst
19-1032.00,1.A.1.a.2,Written Comprehension,LV,4.12,8,0.125,3.88,4.37,N,N,08/2023,Analyst
19-1032.00,1.A.1.a.3,Oral Expression,IM,3.88,8,0.125,3.63,4.12,N,,08/2023,Analyst
19-1032.00,1.A.1.a.3,Oral Expression,LV,4.12,8,0.125,3.88,4.37,N,N,08/2023,Analyst
19-1032.00,1.A.1.a.4,Written Expression,IM,3.75,8,0.1637,3.4292,4.0708,N,,08/2023,Analyst
19-1032.00,1.A.1.a.4,Written Expression,LV,4.0,8,0.0,4.0,4.0,N,N,08/2023,Analyst
19-1032.00,1.A.1.b.1,Fluency of Ideas,IM,3.0,8,0.189,2.6296,3.3704,N,,08/2023,Analyst
19-1032.00,1.A.1.b.1,Fluency of Ideas,LV,3.62,8,0.183,3.2664,3.9836,N,N,08/2023,Analyst
19-1032.00,1.A.1.b.2,Originality,IM,3.25,8,0.25,2.76,3.74,N,,08/2023,Analyst
19-1032.00,1.A.1.b.2,Originality,LV,3.62,8,0.2631,3.1094,4.1406,N,N,08/2023,Analyst
19-1032.00,1.A.1.b.3,Problem Sensitivity,IM,3.75,8,0.1637,3.4292,4.0708,N,,08/2023,Analyst
19-1032.00,1.A.1.b.3,Problem Sensitivity,LV,4.0,8,0.0,4.0,4.0,N,N,08/2023,Analyst
19-1032.00,1.A.1.b.4,Deductive Reasoning,IM,3.88,8,0.125,3.63,4.12,N,,08/2023,Analyst
19-1032.00,1.A.1.b.4,Deductive Reasoning,LV,4.0,8,0.0,4.0,4.0,N,N,08/2023,Analyst
19-1032.00,1.A.1.b.5,Inductive Reasoning,IM,3.88,8,0.125,3.63,4.12,N,,08/2023,Analyst
19-1032.00,1.A.1.b.5,Inductive Reasoning,LV,4.0,8,0.0,4.0,4.0,N,N,08/2023,Analyst
19-1032.00,1.A.1.b.6,Information Ordering,IM,3.88,8,0.125,3.63,4.12,N,,08/2023,Analyst
19-1032.00,1.A.1.b.6,Information Ordering,LV,4.0,8,0.0,4.0,4.0,N,N,08/2023,Analyst
19-1032.00,1.A.1.b.7,Category Flexibility,IM,3.88,8,0.125,3.63,4.12,N,,08/2023,Analyst
19-1032.00,1.A.1.b.7,Category Flexibility,LV,4.0,8,0.0,4.0,4.0,N,N,08/2023,Analyst
19-1032.00,1.A.1.c.1,Mathematical Reasoning,IM,2.88,8,0.125,2.63,3.12,N,,08/2023,Analyst
19-1032.00,1.A.1.c.1,Mathematical Reasoning,LV,3.25,8,0.1637,2.9292,3.5708,N,N,08/2023,Analyst
19-1032.00,1.A.1.c.2,Number Facility,IM,2.88,8,0.125,2.63,3.12,N,,08/2023,Analyst
19-1032.00,1.A.1.c.2,Number Facility,LV,3.12,8,0.125,2.88,3.37,N,N,08/2023,Analyst
19-1032.00,1.A.1.d.1,Memorization,IM,2.5,8,0.189,2.1296,2.8704,N,,08/2023,Analyst
19-1032.00,1.A.1.d.1,Memorization,LV,2.75,8,0.1637,2.4292,3.0708,N,N,08/2023,Analyst
19-1032.00,1.A.1.e.1,Speed of Closure,IM,2.62,8,0.183,2.2664,2.9836,N,,08/2023,Analyst
19-1032.00,1.A.1.e.1,Speed of Closure,LV,2.88,8,0.125,2.63,3.12,N,N,08/2023,Analyst
19-1032.00,1.A.1.e.2,Flexibility of Closure,IM,3.38,8,0.183,3.0164,3.7336,N,,08/2023,Analyst
19-1032.00,1.A.1.e.2,Flexibility of Closure,LV,3.88,8,0.125,3.63,4.12,N,N,08/2023,Analyst
19-1032.00,1.A.1.e.3,Perceptual Speed,IM,2.88,8,0.125,2.63,3.12,N,,08/2023,Analyst
19-1032.00,1.A.1.e.3,Perceptual Speed,LV,2.75,8,0.1637,2.4292,3.0708,N,N,08/2023,Analyst
19-1032.00,1.A.1.f.1,Spatial Orientation,IM,2.62,8,0.183,2.2664,2.9836,N,,08/2023,Analyst
19-1032.00,1.A.1.f.1,Spatial Orientation,LV,2.62,8,0.183,2.2664,2.9836,N,N,08/2023,Analyst
19-1032.00,1.A.1.f.2,Visualization,IM,3.12,8,0.125,2.88,3.37,N,,08/2023,Analyst
19-1032.00,1.A.1.f.2,Visualization,LV,3.25,8,0.1637,2.9292,3.5708,N,N,08/2023,Analyst
19-1032.00,1.A.1.g.1,Selective Attention,IM,3.0,8,0.0,3.0,3.0,N,,08/2023,Analyst
19-1032.00,1.A.1.g.1,Selective Attention,LV,2.88,8,0.125,2.63,3.12,N,N,08/2023,Analyst
19-1032.00,1.A.1.g.2,Time Sharing,IM,2.88,8,0.125,2.63,3.12,N,,08/2023,Analyst
19-1032.00,1.A.1.g.2,Time Sharing,LV,3.0,8,0.0,3.0,3.0,N,N,08/2023,Analyst
19-1032.00,1.A.2.a.1,Arm-Hand Steadiness,IM,2.88,8,0.125,2.63,3.12,N,,08/2023,Analyst
19-1032.00,1.A.2.a.1,Arm-Hand Steadiness,LV,2.88,8,0.125,2.63,3.12,N,N,08/2023,Analyst
19-1032.00,1.A.2.a.2,Manual Dexterity,IM,2.0,8,0.0,2.0,2.0,N,,08/2023,Analyst
19-1032.00,1.A.2.a.2,Manual Dexterity,LV,2.0,8,0.0,2.0,2.0,N,N,08/2023,Analyst
19-1032.00,1.A.2.a.3,Finger Dexterity,IM,2.38,8,0.183,2.0164,2.7336,N,,08/2023,Analyst
19-1032.00,1.A.2.a.3,Finger Dexterity,LV,2.0,8,0.0,2.0,2.0,N,N,08/2023,Analyst
19-1032.00,1.A.2.b.1,Control Precision,IM,2.75,8,0.1637,2.4292,3.0708,N,,08/2023,Analyst
19-1032.00,1.A.2.b.1,Control Precision,LV,2.75,8,0.1637,2.4292,3.0708,N,N,08/2023,Analyst
19-1032.00,1.A.2.b.2,Multilimb Coordination,IM,2.5,8,0.189,2.1296,2.8704,N,,08/2023,Analyst
19-1032.00,1.A.2.b.2,Multilimb Coordination,LV,3.0,8,0.0,3.0,3.0,N,N,08/2023,Analyst
19-1032.00,1.A.2.b.3,Response Orientation,IM,2.0,8,0.0,2.0,2.0,N,,08/2023,Analyst
19-1032.00,1.A.2.b.3,Response Orientation,LV,2.12,8,0.125,1.88,2.37,N,N,08/2023,Analyst
19-1032.00,1.A.2.b.4,Rate Control,IM,2.0,8,0.0,2.0,2.0,N,,08/2023,Analyst
19-1032.00,1.A.2.b.4,Rate Control,LV,1.88,8,0.125,1.63,2.12,N,N,08/2023,Analyst
19-1032.00,1.A.2.c.1,Reaction Time,IM,2.25,8,0.1637,1.9292,2.5708,N,,08/2023,Analyst
19-1032.00,1.A.2.c.1,Reaction Time,LV,2.25,8,0.1637,1.9292,2.5708,N,N,08/2023,Analyst
19-1032.00,1.A.2.c.2,Wrist-Finger Speed,IM,2.0,8,0.189,1.6296,2.3704,N,,08/2023,Analyst
19-1032.00,1.A.2.c.2,Wrist-Finger Speed,LV,1.38,8,0.2631,0.8594,1.8906,N,N,08/2023,Analyst
19-1032.00,1.A.2.c.3,Speed of Limb Movement,IM,1.75,8,0.1637,1.4292,2.0708,N,,08/2023,Analyst
19-1032.00,1.A.2.c.3,Speed of Limb Movement,LV,0.88,8,0.2266,0.4309,1.3191,N,N,08/2023,Analyst
19-1032.00,1.A.3.a.1,Static Strength,IM,2.62,8,0.183,2.2664,2.9836,N,,08/2023,Analyst
19-1032.00,1.A.3.a.1,Static Strength,LV,2.75,8,0.1637,2.4292,3.0708,N,N,08/2023,Analyst
19-1032.00,1.A.3.a.2,Explosive Strength,IM,2.0,8,0.0,2.0,2.0,N,,08/2023,Analyst
19-1032.00,1.A.3.a.2,Explosive Strength,LV,1.38,8,0.183,1.0164,1.7336,N,N,08/2023,Analyst
19-1032.00,1.A.3.a.3,Dynamic Strength,IM,2.25,8,0.1637,1.9292,2.5708,N,,08/2023,Analyst
19-1032.00,1.A.3.a.3,Dynamic Strength,LV,2.25,8,0.1637,1.9292,2.5708,N,N,08/2023,Analyst
19-1032.00,1.A.3.a.4,Trunk Strength,IM,3.12,8,0.125,2.88,3.37,N,,08/2023,Analyst
19-1032.00,1.A.3.a.4,Trunk Strength,LV,3.0,8,0.0,3.0,3.0,N,N,08/2023,Analyst
19-1032.00,1.A.3.b.1,Stamina,IM,2.12,8,0.125,1.88,2.37,N,,08/2023,Analyst
19-1032.00,1.A.3.b.1,Stamina,LV,2.12,8,0.125,1.88,2.37,N,N,08/2023,Analyst
19-1032.00,1.A.3.c.1,Extent Flexibility,IM,2.0,8,0.0,2.0,2.0,N,,08/2023,Analyst
19-1032.00,1.A.3.c.1,Extent Flexibility,LV,2.25,8,0.1637,1.9292,2.5708,N,N,08/2023,Analyst
19-1032.00,1.A.3.c.2,Dynamic Flexibility,IM,1.0,8,0.0,1.0,1.0,N,,08/2023,Analyst
19-1032.00,1.A.3.c.2,Dynamic Flexibility,LV,0.0,8,0.0,0.0,0.0,N,Y,08/2023,Analyst
19-1032.00,1.A.3.c.3,Gross Body Coordination,IM,2.0,8,0.0,2.0,2.0,N,,08/2023,Analyst
19-1032.00,1.A.3.c.3,Gross Body Coordination,LV,2.0,8,0.0,2.0,2.0,N,N,08/2023,Analyst
19-1032.00,1.A.3.c.4,Gross Body Equilibrium,IM,2.0,8,0.0,2.0,2.0,N,,08/2023,Analyst
19-1032.00,1.A.3.c.4,Gross Body Equilibrium,LV,2.0,8,0.0,2.0,2.0,N,N,08/2023,Analyst
19-1032.00,1.A.4.a.1,Near Vision,IM,3.62,8,0.2631,3.1094,4.1406,N,,08/2023,Analyst
19-1032.00,1.A.4.a.1,Near Vision,LV,3.88,8,0.125,3.63,4.12,N,N,08/2023,Analyst
19-1032.00,1.A.4.a.2,Far Vision,IM,3.25,8,0.1637,2.9292,3.5708,N,,08/2023,Analyst
19-1032.00,1.A.4.a.2,Far Vision,LV,3.5,8,0.189,3.1296,3.8704,N,N,08/2023,Analyst
19-1032.00,1.A.4.a.3,Visual Color Discrimination,IM,2.75,8,0.1637,2.4292,3.0708,N,,08/2023,Analyst
19-1032.00,1.A.4.a.3,Visual Color Discrimination,LV,2.75,8,0.1637,2.4292,3.0708,N,N,08/2023,Analyst
19-1032.00,1.A.4.a.4,Night Vision,IM,2.0,8,0.0,2.0,2.0,N,,08/2023,Analyst
19-1032.00,1.A.4.a.4,Night Vision,LV,2.0,8,0.0,2.0,2.0,N,N,08/2023,Analyst
19-1032.00,1.A.4.a.5,Peripheral Vision,IM,2.0,8,0.0,2.0,2.0,N,,08/2023,Analyst
19-1032.00,1.A.4.a.5,Peripheral Vision,LV,2.0,8,0.0,2.0,2.0,N,N,08/2023,Analyst
19-1032.00,1.A.4.a.6,Depth Perception,IM,2.62,8,0.183,2.2664,2.9836,N,,08/2023,Analyst
19-1032.00,1.A.4.a.6,Depth Perception,LV,2.75,8,0.1637,2.4292,3.0708,N,N,08/2023,Analyst
19-1032.00,1.A.4.a.7,Glare Sensitivity,IM,2.0,8,0.0,2.0,2.0,N,,08/2023,Analyst
19-1032.00,1.A.4.a.7,Glare Sensitivity,LV,2.0,8,0.0,2.0,2.0,N,N,08/2023,Analyst
19-1032.00,1.A.4.b.1,Hearing Sensitivity,IM,2.5,8,0.189,2.1296,2.8704,N,,08/2023,Analyst
19-1032.00,1.A.4.b.1,Hearing Sensitivity,LV,2.25,8,0.1637,1.9292,2.5708,N,N,08/2023,Analyst
19-1032.00,1.A.4.b.2,Auditory Attention,IM,2.38,8,0.183,2.0164,2.7336,N,,08/2023,Analyst
19-1032.00,1.A.4.b.2,Auditory Attention,LV,2.62,8,0.183,2.2664,2.9836,N,N,08/2023,Analyst
19-1032.00,1.A.4.b.3,Sound Localization,IM,2.0,8,0.0,2.0,2.0,N,,08/2023,Analyst
19-1032.00,1.A.4.b.3,Sound Localization,LV,1.25,8,0.1637,0.9292,1.5708,N,N,08/2023,Analyst
19-1032.00,1.A.4.b.4,Speech Recognition,IM,3.62,8,0.183,3.2664,3.9836,N,,08/2023,Analyst
19-1032.00,1.A.4.b.4,Speech Recognition,LV,3.12,8,0.125,2.88,3.37,N,N,08/2023,Analyst
19-1032.00,1.A.4.b.5,Speech Clarity,IM,3.62,8,0.183,3.2664,3.9836,N,,08/2023,Analyst
19-1032.00,1.A.4.b.5,Speech Clarity,LV,3.0,8,0.0,3.0,3.0,N,N,08/2023,Analyst
19-1041.00,1.A.1.a.1,Oral Comprehension,IM,4.38,8,0.183,4.0164,4.7336,N,,08/2023,Analyst
19-1041.00,1.A.1.a.1,Oral Comprehension,LV,5.25,8,0.1637,4.9292,5.5708,N,N,08/2023,Analyst
19-1041.00,1.A.1.a.2,Written Comprehension,IM,4.38,8,0.183,4.0164,4.7336,N,,08/2023,Analyst
19-1041.00,1.A.1.a.2,Written Comprehension,LV,5.25,8,0.1637,4.9292,5.5708,N,N,08/2023,Analyst
19-1041.00,1.A.1.a.3,Oral Expression,IM,4.25,8,0.1637,3.9292,4.5708,N,,08/2023,Analyst
19-1041.00,1.A.1.a.3,Oral Expression,LV,5.12,8,0.125,4.88,5.37,N,N,08/2023,Analyst
19-1041.00,1.A.1.a.4,Written Expression,IM,4.25,8,0.1637,3.9292,4.5708,N,,08/2023,Analyst
19-1041.00,1.A.1.a.4,Written Expression,LV,5.0,8,0.0,5.0,5.0,N,N,08/2023,Analyst
19-1041.00,1.A.1.b.1,Fluency of Ideas,IM,4.0,8,0.0,4.0,4.0,N,,08/2023,Analyst
19-1041.00,1.A.1.b.1,Fluency of Ideas,LV,4.12,8,0.125,3.88,4.37,N,N,08/2023,Analyst
19-1041.00,1.A.1.b.2,Originality,IM,3.88,8,0.125,3.63,4.12,N,,08/2023,Analyst
19-1041.00,1.A.1.b.2,Originality,LV,4.12,8,0.125,3.88,4.37,N,N,08/2023,Analyst
19-1041.00,1.A.1.b.3,Problem Sensitivity,IM,4.25,8,0.1637,3.9292,4.5708,N,,08/2023,Analyst
19-1041.00,1.A.1.b.3,Problem Sensitivity,LV,4.75,8,0.1637,4.4292,5.0708,N,N,08/2023,Analyst
19-1041.00,1.A.1.b.4,Deductive Reasoning,IM,4.12,8,0.125,3.88,4.37,N,,08/2023,Analyst
19-1041.00,1.A.1.b.4,Deductive Reasoning,LV,5.0,8,0.189,4.6296,5.3704,N,N,08/2023,Analyst
19-1041.00,1.A.1.b.5,Inductive Reasoning,IM,4.38,8,0.183,4.0164,4.7336,N,,08/2023,Analyst
19-1041.00,1.A.1.b.5,Inductive Reasoning,LV,5.0,8,0.189,4.6296,5.3704,N,N,08/2023,Analyst
19-1041.00,1.A.1.b.6,Information Ordering,IM,3.75,8,0.1637,3.4292,4.0708,N,,08/2023,Analyst
19-1041.00,1.A.1.b.6,Information Ordering,LV,4.12,8,0.125,3.88,4.37,N,N,08/2023,Analyst
19-1041.00,1.A.1.b.7,Category Flexibility,IM,4.0,8,0.0,4.0,4.0,N,,08/2023,Analyst
19-1041.00,1.A.1.b.7,Category Flexibility,LV,4.5,8,0.2673,3.9762,5.0238,N,N,08/2023,Analyst
19-1041.00,1.A.1.c.1,Mathematical Reasoning,IM,3.62,8,0.183,3.2664,3.9836,N,,08/2023,Analyst
19-1041.00,1.A.1.c.1,Mathematical Reasoning,LV,4.0,8,0.2673,3.4762,4.5238,N,N,08/2023,Analyst
19-1041.00,1.A.1.c.2,Number Facility,IM,3.38,8,0.183,3.0164,3.7336,N,,08/2023,Analyst
19-1041.00,1.A.1.c.2,Number Facility,LV,3.75,8,0.1637,3.4292,4.0708,N,N,08/2023,Analyst
19-1041.00,1.A.1.d.1,Memorization,IM,2.88,8,0.125,2.63,3.12,N,,08/2023,Analyst
19-1041.00,1.A.1.d.1,Memorization,LV,2.88,8,0.125,2.63,3.12,N,N,08/2023,Analyst
19-1041.00,1.A.1.e.1,Speed of Closure,IM,3.0,8,0.189,2.6296,3.3704,N,,08/2023,Analyst
19-1041.00,1.A.1.e.1,Speed of Closure,LV,3.25,8,0.1637,2.9292,3.5708,N,N,08/2023,Analyst
19-1041.00,1.A.1.e.2,Flexibility of Closure,IM,3.62,8,0.183,3.2664,3.9836,N,,08/2023,Analyst
19-1041.00,1.A.1.e.2,Flexibility of Closure,LV,3.75,8,0.1637,3.4292,4.0708,N,N,08/2023,Analyst
19-1041.00,1.A.1.e.3,Perceptual Speed,IM,3.0,8,0.189,2.6296,3.3704,N,,08/2023,Analyst
19-1041.00,1.A.1.e.3,Perceptual Speed,LV,3.0,8,0.0,3.0,3.0,N,N,08/2023,Analyst
19-1041.00,1.A.1.f.1,Spatial Orientation,IM,1.0,8,0.0,1.0,1.0,N,,08/2023,Analyst
19-1041.00,1.A.1.f.1,Spatial Orientation,LV,0.0,8,0.0,0.0,0.0,N,Y,08/2023,Analyst
19-1041.00,1.A.1.f.2,Visualization,IM,3.0,8,0.189,2.6296,3.3704,N,,08/2023,Analyst
19-1041.00,1.A.1.f.2,Visualization,LV,3.12,8,0.295,2.5467,3.7033,N,N,08/2023,Analyst
19-1041.00,1.A.1.g.1,Selective Attention,IM,3.12,8,0.125,2.88,3.37,N,,08/2023,Analyst
19-1041.00,1.A.1.g.1,Selective Attention,LV,3.0,8,0.0,3.0,3.0,N,N,08/2023,Analyst
19-1041.00,1.A.1.g.2,Time Sharing,IM,2.75,8,0.1637,2.4292,3.0708,N,,08/2023,Analyst
19-1041.00,1.A.1.g.2,Time Sharing,LV,2.5,8,0.189,2.1296,2.8704,N,N,08/2023,Analyst
19-1041.00,1.A.2.a.1,Arm-Hand Steadiness,IM,1.0,8,0.0,1.0,1.0,N,,08/2023,Analyst
19-1041.00,1.A.2.a.1,Arm-Hand Steadiness,LV,0.0,8,0.0,0.0,0.0,N,Y,08/2023,Analyst
19-1041.00,1.A.2.a.2,Manual Dexterity,IM,1.12,8,0.125,1.0,1.37,N,,08/2023,Analyst
19-1041.00,1.A.2.a.2,Manual Dexterity,LV,0.12,8,0.125,0.0,0.37,N,Y,08/2023,Analyst
19-1041.00,1.A.2.a.3,Finger Dexterity,IM,1.75,8,0.1637,1.4292,2.0708,N,,08/2023,Analyst
19-1041.00,1.A.2.a.3,Finger Dexterity,LV,1.38,8,0.3239,0.7402,2.0098,N,N,08/2023,Analyst
19-1041.00,1.A.2.b.1,Control Precision,IM,1.0,8,0.0,1.0,1.0,N,,08/2023,Analyst
19-1041.00,1.A.2.b.1,Control Precision,LV,0.0,8,0.0,0.0,0.0,N,Y,08/2023,Analyst
19-1041.00,1.A.2.b.2,Multilimb Coordination,IM,1.0,8,0.0,1.0,1.0,N,,08/2023,Analyst
19-1041.00,1.A.2.b.2,Multilimb Coordination,LV,0.0,8,0.0,0.0,0.0,N,Y,08/2023,Analyst
19-1041.00,1.A.2.b.3,Response Orientation,IM,1.0,8,0.0,1.0,1.0,N,,08/2023,Analyst
19-1041.00,1.A.2.b.3,Response Orientation,LV,0.0,8,0.0,0.0,0.0,N,Y,08/2023,Analyst
19-1041.00,1.A.2.b.4,Rate Control,IM,1.0,8,0.0,1.0,1.0,N,,08/2023,Analyst
19-1041.00,1.A.2.b.4,Rate Control,LV,0.0,8,0.0,0.0,0.0,N,Y,08/2023,Analyst
19-1041.00,1.A.2.c.1,Reaction Time,IM,1.0,8,0.0,1.0,1.0,N,,08/2023,Analyst
19-1041.00,1.A.2.c.1,Reaction Time,LV,0.0,8,0.0,0.0,0.0,N,Y,08/2023,Analyst
19-1041.00,1.A.2.c.2,Wrist-Finger Speed,IM,1.5,8,0.189,1.1296,1.8704,N,,08/2023,Analyst
19-1041.00,1.A.2.c.2,Wrist-Finger Speed,LV,0.62,8,0.2631,0.1094,1.1406,N,N,08/2023,Analyst
19-1041.00,1.A.2.c.3,Speed of Limb Movement,IM,1.0,8,0.0,1.0,1.0,N,,08/2023,Analyst
19-1041.00,1.A.2.c.3,Speed of Limb Movement,LV,0.0,8,0.0,0.0,0.0,N,Y,08/2023,Analyst
19-1041.00,1.A.3.a.1,Static Strength,IM,1.0,8,0.0,1.0,1.0,N,,08/2023,Analyst
19-1041.00,1.A.3.a.1,Static Strength,LV,0.0,8,0.0,0.0,0.0,N,Y,08/2023,Analyst
19-1041.00,1.A.3.a.2,Explosive Strength,IM,1.0,8,0.0,1.0,1.0,N,,08/2023,Analyst
19-1041.00,1.A.3.a.2,Explosive Strength,LV,0.0,8,0.0,0.0,0.0,N,Y,08/2023,Analyst
19-1041.00,1.A.3.a.3,Dynamic Strength,IM,1.0,8,0.0,1.0,1.0,N,,08/2023,Analyst
19-1041.00,1.A.3.a.3,Dynamic Strength,LV,0.0,8,0.0,0.0,0.0,N,Y,08/2023,Analyst
19-1041.00,1.A.3.a.4,Trunk Strength,IM,1.62,8,0.183,1.2664,1.9836,N,,08/2023,Analyst
19-1041.00,1.A.3.a.4,Trunk Strength,LV,1.12,8,0.3504,0.4383,1.8117,N,N,08/2023,Analyst
19-1041.00,1.A.3.b.1,Stamina,IM,1.0,8,0.0,1.0,1.0,N,,08/2023,Analyst
19-1041.00,1.A.3.b.1,Stamina,LV,0.0,8,0.0,0.0,0.0,N,Y,08/2023,Analyst
19-1041.00,1.A.3.c.1,Extent Flexibility,IM,1.0,8,0.0,1.0,1.0,N,,08/2023,Analyst
19-1041.00,1.A.3.c.1,Extent Flexibility,LV,0.0,8,0.0,0.0,0.0,N,Y,08/2023,Analyst
19-1041.00,1.A.3.c.2,Dynamic Flexibility,IM,1.0,8,0.0,1.0,1.0,N,,08/2023,Analyst
19-1041.00,1.A.3.c.2,Dynamic Flexibility,LV,0.0,8,0.0,0.0,0.0,N,Y,08/2023,Analyst
19-1041.00,1.A.3.c.3,Gross Body Coordination,IM,1.12,8,0.125,1.0,1.37,N,,08/2023,Analyst
19-1041.00,1.A.3.c.3,Gross Body Coordination,LV,0.12,8,0.125,0.0,0.37,N,Y,08/2023,Analyst
19-1041.00,1.A.3.c.4,Gross Body Equilibrium,IM,1.0,8,0.0,1.0,1.0,N,,08/2023,Analyst
19-1041.00,1.A.3.c.4,Gross Body Equilibrium,LV,0.0,8,0.0,0.0,0.0,N,Y,08/2023,Analyst
19-1041.00,1.A.4.a.1,Near Vision,IM,3.75,8,0.1637,3.4292,4.0708,N,,08/2023,Analyst
19-1041.00,1.A.4.a.1,Near Vision,LV,3.88,8,0.125,3.63,4.12,N,N,08/2023,Analyst
19-1041.00,1.A.4.a.2,Far Vision,IM,2.88,8,0.125,2.63,3.12,N,,08/2023,Analyst
19-1041.00,1.A.4.a.2,Far Vision,LV,3.12,8,0.125,2.88,3.37,N,N,08/2023,Analyst
19-1041.00,1.A.4.a.3,Visual Color Discrimination,IM,2.5,8,0.189,2.1296,2.8704,N,,08/2023,Analyst
19-1041.00,1.A.4.a.3,Visual Color Discrimination,LV,2.5,8,0.189,2.1296,2.8704,N,N,08/2023,Analyst
19-1041.00,1.A.4.a.4,Night Vision,IM,1.0,8,0.0,1.0,1.0,N,,08/2023,Analyst
19-1041.00,1.A.4.a.4,Night Vision,LV,0.0,8,0.0,0.0,0.0,N,Y,08/2023,Analyst
19-1041.00,1.A.4.a.5,Peripheral Vision,IM,1.0,8,0.0,1.0,1.0,N,,08/2023,Analyst
19-1041.00,1.A.4.a.5,Peripheral Vision,LV,0.0,8,0.0,0.0,0.0,N,Y,08/2023,Analyst
19-1041.00,1.A.4.a.6,Depth Perception,IM,1.38,8,0.183,1.0164,1.7336,N,,08/2023,Analyst
19-1041.00,1.A.4.a.6,Depth Perception,LV,0.5,8,0.2673,0.0,1.0238,N,N,08/2023,Analyst
19-1041.00,1.A.4.a.7,Glare Sensitivity,IM,1.0,8,0.0,1.0,1.0,N,,08/2023,Analyst
19-1041.00,1.A.4.a.7,Glare Sensitivity,LV,0.0,8,0.0,0.0,0.0,N,Y,08/2023,Analyst
19-1041.00,1.A.4.b.1,Hearing Sensitivity,IM,1.62,8,0.183,1.2664,1.9836,N,,08/2023,Analyst
19-1041.00,1.A.4.b.1,Hearing Sensitivity,LV,0.75,8,0.25,0.26,1.24,N,N,08/2023,Analyst
19-1041.00,1.A.4.b.2,Auditory Attention,IM,1.75,8,0.1637,1.4292,2.0708,N,,08/2023,Analyst
19-1041.00,1.A.4.b.2,Auditory Attention,LV,1.25,8,0.3134,0.6358,1.8642,N,N,08/2023,Analyst
19-1041.00,1.A.4.b.3,Sound Localization,IM,1.0,8,0.0,1.0,1.0,N,,08/2023,Analyst
19-1041.00,1.A.4.b.3,Sound Localization,LV,0.0,8,0.0,0.0,0.0,N,Y,08/2023,Analyst
19-1041.00,1.A.4.b.4,Speech Recognition,IM,3.75,8,0.1637,3.4292,4.0708,N,,08/2023,Analyst
19-1041.00,1.A.4.b.4,Speech Recognition,LV,3.88,8,0.125,3.63,4.12,N,N,08/2023,Analyst
19-1041.00,1.A.4.b.5,Speech Clarity,IM,4.0,8,0.189,3.6296,4.3704,N,,08/2023,Analyst
19-1041.00,1.A.4.b.5,Speech Clarity,LV,4.0,8,0.2673,3.4762,4.5238,N,N,08/2023,Analyst
19-1042.00,1.A.1.a.1,Oral Comprehension,IM,4.0,8,0.0,4.0,4.0,N,,08/2021,Analyst
19-1042.00,1.A.1.a.1,Oral Comprehension,LV,5.12,8,0.125,4.88,5.37,N,N,08/2021,Analyst
19-1042.00,1.A.1.a.2,Written Comprehension,IM,4.0,8,0.0,4.0,4.0,N,,08/2021,Analyst
19-1042.00,1.A.1.a.2,Written Comprehension,LV,5.12,8,0.125,4.88,5.37,N,N,08/2021,Analyst
19-1042.00,1.A.1.a.3,Oral Expression,IM,4.12,8,0.125,3.88,4.37,N,,08/2021,Analyst
19-1042.00,1.A.1.a.3,Oral Expression,LV,5.12,8,0.125,4.88,5.37,N,N,08/2021,Analyst
19-1042.00,1.A.1.a.4,Written Expression,IM,4.12,8,0.125,3.88,4.37,N,,08/2021,Analyst
19-1042.00,1.A.1.a.4,Written Expression,LV,5.0,8,0.0,5.0,5.0,N,N,08/2021,Analyst
19-1042.00,1.A.1.b.1,Fluency of Ideas,IM,3.25,8,0.1637,2.9292,3.5708,N,,08/2021,Analyst
19-1042.00,1.A.1.b.1,Fluency of Ideas,LV,4.0,8,0.189,3.6296,4.3704,N,N,08/2021,Analyst
19-1042.00,1.A.1.b.2,Originality,IM,3.25,8,0.1637,2.9292,3.5708,N,,08/2021,Analyst
19-1042.00,1.A.1.b.2,Originality,LV,4.0,8,0.189,3.6296,4.3704,N,N,08/2021,Analyst
19-1042.00,1.A.1.b.3,Problem Sensitivity,IM,3.88,8,0.125,3.63,4.12,N,,08/2021,Analyst
19-1042.00,1.A.1.b.3,Problem Sensitivity,LV,5.0,8,0.0,5.0,5.0,N,N,08/2021,Analyst
19-1042.00,1.A.1.b.4,Deductive Reasoning,IM,4.0,8,0.0,4.0,4.0,N,,08/2021,Analyst
19-1042.00,1.A.1.b.4,Deductive Reasoning,LV,4.88,8,0.125,4.63,5.12,N,N,08/2021,Analyst
19-1042.00,1.A.1.b.5,Inductive Reasoning,IM,4.12,8,0.125,3.88,4.37,N,,08/2021,Analyst
19-1042.00,1.A.1.b.5,Inductive Reasoning,LV,5.25,8,0.1637,4.9292,5.5708,N,N,08/2021,Analyst
19-1042.00,1.A.1.b.6,Information Ordering,IM,4.0,8,0.0,4.0,4.0,N,,08/2021,Analyst
19-1042.00,1.A.1.b.6,Information Ordering,LV,4.25,8,0.1637,3.9292,4.5708,N,N,08/2021,Analyst
19-1042.00,1.A.1.b.7,Category Flexibility,IM,4.0,8,0.0,4.0,4.0,N,,08/2021,Analyst
19-1042.00,1.A.1.b.7,Category Flexibility,LV,4.25,8,0.25,3.76,4.74,N,N,08/2021,Analyst
19-1042.00,1.A.1.c.1,Mathematical Reasoning,IM,3.38,8,0.183,3.0164,3.7336,N,,08/2021,Analyst
19-1042.00,1.A.1.c.1,Mathematical Reasoning,LV,4.0,8,0.189,3.6296,4.3704,N,N,08/2021,Analyst
19-1042.00,1.A.1.c.2,Number Facility,IM,3.12,8,0.125,2.88,3.37,N,,08/2021,Analyst
19-1042.00,1.A.1.c.2,Number Facility,LV,3.75,8,0.1637,3.4292,4.0708,N,N,08/2021,Analyst
19-1042.00,1.A.1.d.1,Memorization,IM,3.0,8,0.0,3.0,3.0,N,,08/2021,Analyst
19-1042.00,1.A.1.d.1,Memorization,LV,3.0,8,0.0,3.0,3.0,N,N,08/2021,Analyst
19-1042.00,1.A.1.e.1,Speed of Closure,IM,3.0,8,0.189,2.6296,3.3704,N,,08/2021,Analyst
19-1042.00,1.A.1.e.1,Speed of Closure,LV,3.0,8,0.189,2.6296,3.3704,N,N,08/2021,Analyst
19-1042.00,1.A.1.e.2,Flexibility of Closure,IM,3.25,8,0.1637,2.9292,3.5708,N,,08/2021,Analyst
19-1042.00,1.A.1.e.2,Flexibility of Closure,LV,3.75,8,0.1637,3.4292,4.0708,N,N,08/2021,Analyst
19-1042.00,1.A.1.e.3,Perceptual Speed,IM,3.0,8,0.0,3.0,3.0,N,,08/2021,Analyst
19-1042.00,1.A.1.e.3,Perceptual Speed,LV,3.0,8,0.0,3.0,3.0,N,N,08/2021,Analyst
19-1042.00,1.A.1.f.1,Spatial Orientation,IM,1.0,8,0.0,1.0,1.0,N,,08/2021,Analyst
19-1042.00,1.A.1.f.1,Spatial Orientation,LV,0.0,8,0.0,0.0,0.0,N,Y,08/2021,Analyst
19-1042.00,1.A.1.f.2,Visualization,IM,2.5,8,0.2673,1.9762,3.0238,N,,08/2021,Analyst
19-1042.00,1.A.1.f.2,Visualization,LV,2.88,8,0.2266,2.4309,3.3191,N,N,08/2021,Analyst
19-1042.00,1.A.1.g.1,Selective Attention,IM,3.12,8,0.125,2.88,3.37,N,,08/2021,Analyst
19-1042.00,1.A.1.g.1,Selective Attention,LV,3.12,8,0.125,2.88,3.37,N,N,08/2021,Analyst
19-1042.00,1.A.1.g.2,Time Sharing,IM,2.88,8,0.125,2.63,3.12,N,,08/2021,Analyst
19-1042.00,1.A.1.g.2,Time Sharing,LV,2.88,8,0.125,2.63,3.12,N,N,08/2021,Analyst
19-1042.00,1.A.2.a.1,Arm-Hand Steadiness,IM,2.5,8,0.189,2.1296,2.8704,N,,08/2021,Analyst
19-1042.00,1.A.2.a.1,Arm-Hand Steadiness,LV,2.38,8,0.183,2.0164,2.7336,N,N,08/2021,Analyst
19-1042.00,1.A.2.a.2,Manual Dexterity,IM,2.25,8,0.1637,1.9292,2.5708,N,,08/2021,Analyst
19-1042.00,1.A.2.a.2,Manual Dexterity,LV,2.12,8,0.125,1.88,2.37,N,N,08/2021,Analyst
19-1042.00,1.A.2.a.3,Finger Dexterity,IM,2.75,8,0.1637,2.4292,3.0708,N,,08/2021,Analyst
19-1042.00,1.A.2.a.3,Finger Dexterity,LV,2.88,8,0.2266,2.4309,3.3191,N,N,08/2021,Analyst
19-1042.00,1.A.2.b.1,Control Precision,IM,2.12,8,0.125,1.88,2.37,N,,08/2021,Analyst
19-1042.00,1.A.2.b.1,Control Precision,LV,2.25,8,0.25,1.76,2.74,N,N,08/2021,Analyst
19-1042.00,1.A.2.b.2,Multilimb Coordination,IM,1.12,8,0.125,1.0,1.37,N,,08/2021,Analyst
19-1042.00,1.A.2.b.2,Multilimb Coordination,LV,0.25,8,0.25,0.0,0.74,N,Y,08/2021,Analyst
19-1042.00,1.A.2.b.3,Response Orientation,IM,1.0,8,0.0,1.0,1.0,N,,08/2021,Analyst
19-1042.00,1.A.2.b.3,Response Orientation,LV,0.0,8,0.0,0.0,0.0,N,Y,08/2021,Analyst
19-1042.00,1.A.2.b.4,Rate Control,IM,1.0,8,0.0,1.0,1.0,N,,08/2021,Analyst
19-1042.00,1.A.2.b.4,Rate Control,LV,0.0,8,0.0,0.0,0.0,N,Y,08/2021,Analyst
19-1042.00,1.A.2.c.1,Reaction Time,IM,1.0,8,0.0,1.0,1.0,N,,08/2021,Analyst
19-1042.00,1.A.2.c.1,Reaction Time,LV,0.0,8,0.0,0.0,0.0,N,Y,08/2021,Analyst
19-1042.00,1.A.2.c.2,Wrist-Finger Speed,IM,1.5,8,0.189,1.1296,1.8704,N,,08/2021,Analyst
19-1042.00,1.A.2.c.2,Wrist-Finger Speed,LV,0.75,8,0.366,0.0327,1.4673,N,N,08/2021,Analyst
19-1042.00,1.A.2.c.3,Speed of Limb Movement,IM,1.0,8,0.0,1.0,1.0,N,,08/2021,Analyst
19-1042.00,1.A.2.c.3,Speed of Limb Movement,LV,0.0,8,0.0,0.0,0.0,N,Y,08/2021,Analyst
19-1042.00,1.A.3.a.1,Static Strength,IM,1.0,8,0.0,1.0,1.0,N,,08/2021,Analyst
19-1042.00,1.A.3.a.1,Static Strength,LV,0.0,8,0.0,0.0,0.0,N,Y,08/2021,Analyst
19-1042.00,1.A.3.a.2,Explosive Strength,IM,1.0,8,0.0,1.0,1.0,N,,08/2021,Analyst
19-1042.00,1.A.3.a.2,Explosive Strength,LV,0.0,8,0.0,0.0,0.0,N,Y,08/2021,Analyst
19-1042.00,1.A.3.a.3,Dynamic Strength,IM,1.25,8,0.1637,1.0,1.5708,N,,08/2021,Analyst
19-1042.00,1.A.3.a.3,Dynamic Strength,LV,0.38,8,0.2631,0.0,0.8906,N,Y,08/2021,Analyst
19-1042.00,1.A.3.a.4,Trunk Strength,IM,1.5,8,0.189,1.1296,1.8704,N,,08/2021,Analyst
19-1042.00,1.A.3.a.4,Trunk Strength,LV,0.88,8,0.3504,0.1883,1.5617,N,N,08/2021,Analyst
19-1042.00,1.A.3.b.1,Stamina,IM,1.0,8,0.0,1.0,1.0,N,,08/2021,Analyst
19-1042.00,1.A.3.b.1,Stamina,LV,0.0,8,0.0,0.0,0.0,N,Y,08/2021,Analyst
19-1042.00,1.A.3.c.1,Extent Flexibility,IM,1.12,8,0.125,1.0,1.37,N,,08/2021,Analyst
19-1042.00,1.A.3.c.1,Extent Flexibility,LV,0.12,8,0.125,0.0,0.37,N,Y,08/2021,Analyst
19-1042.00,1.A.3.c.2,Dynamic Flexibility,IM,1.0,8,0.0,1.0,1.0,N,,08/2021,Analyst
19-1042.00,1.A.3.c.2,Dynamic Flexibility,LV,0.0,8,0.0,0.0,0.0,N,Y,08/2021,Analyst
19-1042.00,1.A.3.c.3,Gross Body Coordination,IM,1.0,8,0.0,1.0,1.0,N,,08/2021,Analyst
19-1042.00,1.A.3.c.3,Gross Body Coordination,LV,0.0,8,0.0,0.0,0.0,N,Y,08/2021,Analyst
19-1042.00,1.A.3.c.4,Gross Body Equilibrium,IM,1.0,8,0.0,1.0,1.0,N,,08/2021,Analyst
19-1042.00,1.A.3.c.4,Gross Body Equilibrium,LV,0.0,8,0.0,0.0,0.0,N,Y,08/2021,Analyst
19-1042.00,1.A.4.a.1,Near Vision,IM,3.75,8,0.1637,3.4292,4.0708,N,,08/2021,Analyst
19-1042.00,1.A.4.a.1,Near Vision,LV,3.88,8,0.125,3.63,4.12,N,N,08/2021,Analyst
19-1042.00,1.A.4.a.2,Far Vision,IM,2.88,8,0.125,2.63,3.12,N,,08/2021,Analyst
19-1042.00,1.A.4.a.2,Far Vision,LV,3.0,8,0.0,3.0,3.0,N,N,08/2021,Analyst
19-1042.00,1.A.4.a.3,Visual Color Discrimination,IM,2.88,8,0.125,2.63,3.12,N,,08/2021,Analyst
19-1042.00,1.A.4.a.3,Visual Color Discrimination,LV,3.0,8,0.0,3.0,3.0,N,N,08/2021,Analyst
19-1042.00,1.A.4.a.4,Night Vision,IM,1.0,8,0.0,1.0,1.0,N,,08/2021,Analyst
19-1042.00,1.A.4.a.4,Night Vision,LV,0.0,8,0.0,0.0,0.0,N,Y,08/2021,Analyst
19-1042.00,1.A.4.a.5,Peripheral Vision,IM,1.0,8,0.0,1.0,1.0,N,,08/2021,Analyst
19-1042.00,1.A.4.a.5,Peripheral Vision,LV,0.0,8,0.0,0.0,0.0,N,Y,08/2021,Analyst
19-1042.00,1.A.4.a.6,Depth Perception,IM,1.75,8,0.1637,1.4292,2.0708,N,,08/2021,Analyst
19-1042.00,1.A.4.a.6,Depth Perception,LV,1.38,8,0.3239,0.7402,2.0098,N,N,08/2021,Analyst
19-1042.00,1.A.4.a.7,Glare Sensitivity,IM,1.0,8,0.0,1.0,1.0,N,,08/2021,Analyst
19-1042.00,1.A.4.a.7,Glare Sensitivity,LV,0.0,8,0.0,0.0,0.0,N,Y,08/2021,Analyst
19-1042.00,1.A.4.b.1,Hearing Sensitivity,IM,1.88,8,0.125,1.63,2.12,N,,08/2021,Analyst
19-1042.00,1.A.4.b.1,Hearing Sensitivity,LV,1.75,8,0.25,1.26,2.24,N,N,08/2021,Analyst
19-1042.00,1.A.4.b.2,Auditory Attention,IM,1.88,8,0.125,1.63,2.12,N,,08/2021,Analyst
19-1042.00,1.A.4.b.2,Auditory Attention,LV,1.75,8,0.25,1.26,2.24,N,N,08/2021,Analyst
19-1042.00,1.A.4.b.3,Sound Localization,IM,1.0,8,0.0,1.0,1.0,N,,08/2021,Analyst
19-1042.00,1.A.4.b.3,Sound Localization,LV,0.0,8,0.0,0.0,0.0,N,Y,08/2021,Analyst
19-1042.00,1.A.4.b.4,Speech Recognition,IM,3.75,8,0.1637,3.4292,4.0708,N,,08/2021,Analyst
19-1042.00,1.A.4.b.4,Speech Recognition,LV,3.75,8,0.1637,3.4292,4.0708,N,N,08/2021,Analyst
19-1042.00,1.A.4.b.5,Speech Clarity,IM,4.0,8,0.189,3.6296,4.3704,N,,08/2021,Analyst
19-1042.00,1.A.4.b.5,Speech Clarity,LV,4.25,8,0.1637,3.9292,4.5708,N,N,08/2021,Analyst
19-2011.00,1.A.1.a.1,Oral Comprehension,IM,4.12,8,0.125,3.88,4.37,N,,08/2024,Analyst
19-2011.00,1.A.1.a.1,Oral Comprehension,LV,5.12,8,0.125,4.88,5.37,N,N,08/2024,Analyst
19-2011.00,1.A.1.a.2,Written Comprehension,IM,4.12,8,0.125,3.88,4.37,N,,08/2024,Analyst
19-2011.00,1.A.1.a.2,Written Comprehension,LV,5.0,8,0.0,5.0,5.0,N,N,08/2024,Analyst
19-2011.00,1.A.1.a.3,Oral Expression,IM,4.12,8,0.125,3.88,4.37,N,,08/2024,Analyst
19-2011.00,1.A.1.a.3,Oral Expression,LV,5.0,8,0.189,4.6296,5.3704,N,N,08/2024,Analyst
19-2011.00,1.A.1.a.4,Written Expression,IM,4.12,8,0.125,3.88,4.37,N,,08/2024,Analyst
19-2011.00,1.A.1.a.4,Written Expression,LV,5.0,8,0.0,5.0,5.0,N,N,08/2024,Analyst
19-2011.00,1.A.1.b.1,Fluency of Ideas,IM,3.75,8,0.1637,3.4292,4.0708,N,,08/2024,Analyst
19-2011.00,1.A.1.b.1,Fluency of Ideas,LV,4.25,8,0.1637,3.9292,4.5708,N,N,08/2024,Analyst
19-2011.00,1.A.1.b.2,Originality,IM,3.75,8,0.1637,3.4292,4.0708,N,,08/2024,Analyst
19-2011.00,1.A.1.b.2,Originality,LV,4.12,8,0.125,3.88,4.37,N,N,08/2024,Analyst
19-2011.00,1.A.1.b.3,Problem Sensitivity,IM,3.62,8,0.183,3.2664,3.9836,N,,08/2024,Analyst
19-2011.00,1.A.1.b.3,Problem Sensitivity,LV,4.0,8,0.0,4.0,4.0,N,N,08/2024,Analyst
19-2011.00,1.A.1.b.4,Deductive Reasoning,IM,4.12,8,0.125,3.88,4.37,N,,08/2024,Analyst
19-2011.00,1.A.1.b.4,Deductive Reasoning,LV,4.75,8,0.25,4.26,5.24,N,N,08/2024,Analyst
19-2011.00,1.A.1.b.5,Inductive Reasoning,IM,4.12,8,0.125,3.88,4.37,N,,08/2024,Analyst
19-2011.00,1.A.1.b.5,Inductive Reasoning,LV,4.88,8,0.2266,4.4309,5.3191,N,N,08/2024,Analyst
19-2011.00,1.A.1.b.6,Information Ordering,IM,3.88,8,0.125,3.63,4.12,N,,08/2024,Analyst
19-2011.00,1.A.1.b.6,Information Ordering,LV,4.25,8,0.1637,3.9292,4.5708,N,N,08/2024,Analyst
19-2011.00,1.A.1.b.7,Category Flexibility,IM,3.62,8,0.183,3.2664,3.9836,N,,08/2024,Analyst
19-2011.00,1.A.1.b.7,Category Flexibility,LV,4.12,8,0.125,3.88,4.37,N,N,08/2024,Analyst
19-2011.00,1.A.1.c.1,Mathematical Reasoning,IM,4.0,8,0.189,3.6296,4.3704,N,,08/2024,Analyst
19-2011.00,1.A.1.c.1,Mathematical Reasoning,LV,4.88,8,0.2266,4.4309,5.3191,N,N,08/2024,Analyst
19-2011.00,1.A.1.c.2,Number Facility,IM,4.0,8,0.189,3.6296,4.3704,N,,08/2024,Analyst
19-2011.00,1.A.1.c.2,Number Facility,LV,4.38,8,0.2631,3.8594,4.8906,N,N,08/2024,Analyst
19-2011.00,1.A.1.d.1,Memorization,IM,2.88,8,0.2266,2.4309,3.3191,N,,08/2024,Analyst
19-2011.00,1.A.1.d.1,Memorization,LV,2.62,8,0.183,2.2664,2.9836,N,N,08/2024,Analyst
19-2011.00,1.A.1.e.1,Speed of Closure,IM,2.62,8,0.183,2.2664,2.9836,N,,08/2024,Analyst
19-2011.00,1.A.1.e.1,Speed of Closure,LV,2.62,8,0.183,2.2664,2.9836,N,N,08/2024,Analyst
19-2011.00,1.A.1.e.2,Flexibility of Closure,IM,3.88,8,0.125,3.63,4.12,N,,08/2024,Analyst
19-2011.00,1.A.1.e.2,Flexibility of Closure,LV,4.38,8,0.183,4.0164,4.7336,N,N,08/2024,Analyst
19-2011.00,1.A.1.e.3,Perceptual Speed,IM,3.12,8,0.125,2.88,3.37,N,,08/2024,Analyst
19-2011.00,1.A.1.e.3,Perceptual Speed,LV,3.12,8,0.125,2.88,3.37,N,N,08/2024,Analyst
19-2011.00,1.A.1.f.1,Spatial Orientation,IM,1.5,8,0.189,1.1296,1.8704,N,,08/2024,Analyst
19-2011.00,1.A.1.f.1,Spatial Orientation,LV,0.62,8,0.2631,0.1094,1.1406,N,N,08/2024,Analyst
19-2011.00,1.A.1.f.2,Visualization,IM,2.88,8,0.125,2.63,3.12,N,,08/2024,Analyst
19-2011.00,1.A.1.f.2,Visualization,LV,3.12,8,0.125,2.88,3.37,N,N,08/2024,Analyst
19-2011.00,1.A.1.g.1,Selective Attention,IM,3.5,8,0.189,3.1296,3.8704,N,,08/2024,Analyst
19-2011.00,1.A.1.g.1,Selective Attention,LV,3.38,8,0.183,3.0164,3.7336,N,N,08/2024,Analyst
19-2011.00,1.A.1.g.2,Time Sharing,IM,2.62,8,0.183,2.2664,2.9836,N,,08/2024,Analyst
19-2011.00,1.A.1.g.2,Time Sharing,LV,2.62,8,0.183,2.2664,2.9836,N,N,08/2024,Analyst
19-2011.00,1.A.2.a.1,Arm-Hand Steadiness,IM,1.38,8,0.183,1.0164,1.7336,N,,08/2024,Analyst
19-2011.00,1.A.2.a.1,Arm-Hand Steadiness,LV,0.5,8,0.2673,0.0,1.0238,N,N,08/2024,Analyst
19-2011.00,1.A.2.a.2,Manual Dexterity,IM,1.25,8,0.1637,1.0,1.5708,N,,08/2024,Analyst
19-2011.00,1.A.2.a.2,Manual Dexterity,LV,0.25,8,0.1637,0.0,0.5708,N,Y,08/2024,Analyst
19-2011.00,1.A.2.a.3,Finger Dexterity,IM,1.62,8,0.183,1.2664,1.9836,N,,08/2024,Analyst
19-2011.00,1.A.2.a.3,Finger Dexterity,LV,0.75,8,0.25,0.26,1.24,N,N,08/2024,Analyst
19-2011.00,1.A.2.b.1,Control Precision,IM,1.25,8,0.1637,1.0,1.5708,N,,08/2024,Analyst
19-2011.00,1.A.2.b.1,Control Precision,LV,0.25,8,0.1637,0.0,0.5708,N,Y,08/2024,Analyst
19-2011.00,1.A.2.b.2,Multilimb Coordination,IM,1.0,8,0.0,1.0,1.0,N,,08/2024,Analyst
19-2011.00,1.A.2.b.2,Multilimb Coordination,LV,0.0,8,0.0,0.0,0.0,N,Y,08/2024,Analyst
19-2011.00,1.A.2.b.3,Response Orientation,IM,1.0,8,0.0,1.0,1.0,N,,08/2024,Analyst
19-2011.00,1.A.2.b.3,Response Orientation,LV,0.0,8,0.0,0.0,0.0,N,Y,08/2024,Analyst
19-2011.00,1.A.2.b.4,Rate Control,IM,1.0,8,0.0,1.0,1.0,N,,08/2024,Analyst
19-2011.00,1.A.2.b.4,Rate Control,LV,0.0,8,0.0,0.0,0.0,N,Y,08/2024,Analyst
19-2011.00,1.A.2.c.1,Reaction Time,IM,1.0,8,0.0,1.0,1.0,N,,08/2024,Analyst
19-2011.00,1.A.2.c.1,Reaction Time,LV,0.0,8,0.0,0.0,0.0,N,Y,08/2024,Analyst
19-2011.00,1.A.2.c.2,Wrist-Finger Speed,IM,1.5,8,0.189,1.1296,1.8704,N,,08/2024,Analyst
19-2011.00,1.A.2.c.2,Wrist-Finger Speed,LV,0.5,8,0.189,0.1296,0.8704,N,N,08/2024,Analyst
19-2011.00,1.A.2.c.3,Speed of Limb Movement,IM,1.0,8,0.0,1.0,1.0,N,,08/2024,Analyst
19-2011.00,1.A.2.c.3,Speed of Limb Movement,LV,0.0,8,0.0,0.0,0.0,N,Y,08/2024,Analyst
19-2011.00,1.A.3.a.1,Static Strength,IM,1.0,8,0.0,1.0,1.0,N,,08/2024,Analyst
19-2011.00,1.A.3.a.1,Static Strength,LV,0.0,8,0.0,0.0,0.0,N,Y,08/2024,Analyst
19-2011.00,1.A.3.a.2,Explosive Strength,IM,1.0,8,0.0,1.0,1.0,N,,08/2024,Analyst
19-2011.00,1.A.3.a.2,Explosive Strength,LV,0.0,8,0.0,0.0,0.0,N,Y,08/2024,Analyst
19-2011.00,1.A.3.a.3,Dynamic Strength,IM,1.0,8,0.0,1.0,1.0,N,,08/2024,Analyst
19-2011.00,1.A.3.a.3,Dynamic Strength,LV,0.0,8,0.0,0.0,0.0,N,Y,08/2024,Analyst
19-2011.00,1.A.3.a.4,Trunk Strength,IM,1.75,8,0.1637,1.4292,2.0708,N,,08/2024,Analyst
19-2011.00,1.A.3.a.4,Trunk Strength,LV,1.25,8,0.3134,0.6358,1.8642,N,N,08/2024,Analyst
19-2011.00,1.A.3.b.1,Stamina,IM,1.0,8,0.0,1.0,1.0,N,,08/2024,Analyst
19-2011.00,1.A.3.b.1,Stamina,LV,0.0,8,0.0,0.0,0.0,N,Y,08/2024,Analyst
19-2011.00,1.A.3.c.1,Extent Flexibility,IM,1.0,8,0.0,1.0,1.0,N,,08/2024,Analyst
19-2011.00,1.A.3.c.1,Extent Flexibility,LV,0.0,8,0.0,0.0,0.0,N,Y,08/2024,Analyst
19-2011.00,1.A.3.c.2,Dynamic Flexibility,IM,1.0,8,0.0,1.0,1.0,N,,08/2024,Analyst
19-2011.00,1.A.3.c.2,Dynamic Flexibility,LV,0.0,8,0.0,0.0,0.0,N,Y,08/2024,Analyst
19-2011.00,1.A.3.c.3,Gross Body Coordination,IM,1.0,8,0.0,1.0,1.0,N,,08/2024,Analyst
19-2011.00,1.A.3.c.3,Gross Body Coordination,LV,0.0,8,0.0,0.0,0.0,N,Y,08/2024,Analyst
19-2011.00,1.A.3.c.4,Gross Body Equilibrium,IM,1.0,8,0.0,1.0,1.0,N,,08/2024,Analyst
19-2011.00,1.A.3.c.4,Gross Body Equilibrium,LV,0.0,8,0.0,0.0,0.0,N,Y,08/2024,Analyst
19-2011.00,1.A.4.a.1,Near Vision,IM,3.88,8,0.125,3.63,4.12,N,,08/2024,Analyst
19-2011.00,1.A.4.a.1,Near Vision,LV,4.12,8,0.125,3.88,4.37,N,N,08/2024,Analyst
19-2011.00,1.A.4.a.2,Far Vision,IM,3.75,8,0.1637,3.4292,4.0708,N,,08/2024,Analyst
19-2011.00,1.A.4.a.2,Far Vision,LV,4.0,8,0.0,4.0,4.0,N,N,08/2024,Analyst
19-2011.00,1.A.4.a.3,Visual Color Discrimination,IM,3.0,8,0.0,3.0,3.0,N,,08/2024,Analyst
19-2011.00,1.A.4.a.3,Visual Color Discrimination,LV,3.0,8,0.0,3.0,3.0,N,N,08/2024,Analyst
19-2011.00,1.A.4.a.4,Night Vision,IM,1.62,8,0.183,1.2664,1.9836,N,,08/2024,Analyst
19-2011.00,1.A.4.a.4,Night Vision,LV,0.75,8,0.25,0.26,1.24,N,N,08/2024,Analyst
19-2011.00,1.A.4.a.5,Peripheral Vision,IM,1.0,8,0.0,1.0,1.0,N,,08/2024,Analyst
19-2011.00,1.A.4.a.5,Peripheral Vision,LV,0.0,8,0.0,0.0,0.0,N,Y,08/2024,Analyst
19-2011.00,1.A.4.a.6,Depth Perception,IM,2.0,8,0.0,2.0,2.0,N,,08/2024,Analyst
19-2011.00,1.A.4.a.6,Depth Perception,LV,1.88,8,0.125,1.63,2.12,N,N,08/2024,Analyst
19-2011.00,1.A.4.a.7,Glare Sensitivity,IM,1.0,8,0.0,1.0,1.0,N,,08/2024,Analyst
19-2011.00,1.A.4.a.7,Glare Sensitivity,LV,0.0,8,0.0,0.0,0.0,N,Y,08/2024,Analyst
19-2011.00,1.A.4.b.1,Hearing Sensitivity,IM,1.88,8,0.125,1.63,2.12,N,,08/2024,Analyst
19-2011.00,1.A.4.b.1,Hearing Sensitivity,LV,1.5,8,0.2673,0.9762,2.0238,N,N,08/2024,Analyst
19-2011.00,1.A.4.b.2,Auditory Attention,IM,1.88,8,0.125,1.63,2.12,N,,08/2024,Analyst
19-2011.00,1.A.4.b.2,Auditory Attention,LV,1.5,8,0.2673,0.9762,2.0238,N,N,08/2024,Analyst
19-2011.00,1.A.4.b.3,Sound Localization,IM,1.0,8,0.0,1.0,1.0,N,,08/2024,Analyst
19-2011.00,1.A.4.b.3,Sound Localization,LV,0.0,8,0.0,0.0,0.0,N,Y,08/2024,Analyst
19-2011.00,1.A.4.b.4,Speech Recognition,IM,3.38,8,0.183,3.0164,3.7336,N,,08/2024,Analyst
19-2011.00,1.A.4.b.4,Speech Recognition,LV,3.5,8,0.189,3.1296,3.8704,N,N,08/2024,Analyst
19-2011.00,1.A.4.b.5,Speech Clarity,IM,3.88,8,0.125,3.63,4.12,N,,08/2024,Analyst
19-2011.00,1.A.4.b.5,Speech Clarity,LV,3.88,8,0.125,3.63,4.12,N,N,08/2024,Analyst
19-2012.00,1.A.1.a.1,Oral Comprehension,IM,4.12,8,0.125,3.88,4.37,N,,08/2020,Analyst
19-2012.00,1.A.1.a.1,Oral Comprehension,LV,5.88,8,0.125,5.63,6.12,N,N,08/2020,Analyst
19-2012.00,1.A.1.a.2,Written Comprehension,IM,4.25,8,0.1637,3.9292,4.5708,N,,08/2020,Analyst
19-2012.00,1.A.1.a.2,Written Comprehension,LV,5.5,8,0.189,5.1296,5.8704,N,N,08/2020,Analyst
19-2012.00,1.A.1.a.3,Oral Expression,IM,4.12,8,0.125,3.88,4.37,N,,08/2020,Analyst
19-2012.00,1.A.1.a.3,Oral Expression,LV,5.75,8,0.1637,5.4292,6.0708,N,N,08/2020,Analyst
19-2012.00,1.A.1.a.4,Written Expression,IM,4.0,8,0.0,4.0,4.0,N,,08/2020,Analyst
19-2012.00,1.A.1.a.4,Written Expression,LV,5.62,8,0.183,5.2664,5.9836,N,N,08/2020,Analyst
19-2012.00,1.A.1.b.1,Fluency of Ideas,IM,4.12,8,0.125,3.88,4.37,N,,08/2020,Analyst
19-2012.00,1.A.1.b.1,Fluency of Ideas,LV,5.12,8,0.125,4.88,5.37,N,N,08/2020,Analyst
19-2012.00,1.A.1.b.2,Originality,IM,4.12,8,0.125,3.88,4.37,N,,08/2020,Analyst
19-2012.00,1.A.1.b.2,Originality,LV,5.25,8,0.1637,4.9292,5.5708,N,N,08/2020,Analyst
19-2012.00,1.A.1.b.3,Problem Sensitivity,IM,4.0,8,0.0,4.0,4.0,N,,08/2020,Analyst
19-2012.00,1.A.1.b.3,Problem Sensitivity,LV,4.88,8,0.125,4.63,5.12,N,N,08/2020,Analyst
19-2012.00,1.A.1.b.4,Deductive Reasoning,IM,4.12,8,0.125,3.88,4.37,N,,08/2020,Analyst
19-2012.00,1.A.1.b.4,Deductive Reasoning,LV,5.5,8,0.189,5.1296,5.8704,N,N,08/2020,Analyst
19-2012.00,1.A.1.b.5,Inductive Reasoning,IM,4.12,8,0.125,3.88,4.37,N,,08/2020,Analyst
19-2012.00,1.A.1.b.5,Inductive Reasoning,LV,5.5,8,0.189,5.1296,5.8704,N,N,08/2020,Analyst
19-2012.00,1.A.1.b.6,Information Ordering,IM,4.0,8,0.0,4.0,4.0,N,,08/2020,Analyst
19-2012.00,1.A.1.b.6,Information Ordering,LV,5.0,8,0.189,4.6296,5.3704,N,N,08/2020,Analyst
19-2012.00,1.A.1.b.7,Category Flexibility,IM,3.88,8,0.125,3.63,4.12,N,,08/2020,Analyst
19-2012.00,1.A.1.b.7,Category Flexibility,LV,5.12,8,0.125,4.88,5.37,N,N,08/2020,Analyst
19-2012.00,1.A.1.c.1,Mathematical Reasoning,IM,4.75,8,0.1637,4.4292,5.0,N,,08/2020,Analyst
19-2012.00,1.A.1.c.1,Mathematical Reasoning,LV,5.88,8,0.125,5.63,6.12,N,N,08/2020,Analyst
19-2012.00,1.A.1.c.2,Number Facility,IM,4.25,8,0.1637,3.9292,4.5708,N,,08/2020,Analyst
19-2012.00,1.A.1.c.2,Number Facility,LV,5.5,8,0.189,5.1296,5.8704,N,N,08/2020,Analyst
19-2012.00,1.A.1.d.1,Memorization,IM,2.88,8,0.2266,2.4309,3.3191,N,,08/2020,Analyst
19-2012.00,1.A.1.d.1,Memorization,LV,3.38,8,0.3239,2.7402,4.0098,N,N,08/2020,Analyst
19-2012.00,1.A.1.e.1,Speed of Closure,IM,3.38,8,0.2631,2.8594,3.8906,N,,08/2020,Analyst
19-2012.00,1.A.1.e.1,Speed of Closure,LV,3.88,8,0.2266,3.4309,4.3191,N,N,08/2020,Analyst
19-2012.00,1.A.1.e.2,Flexibility of Closure,IM,3.38,8,0.183,3.0164,3.7336,N,,08/2020,Analyst
19-2012.00,1.A.1.e.2,Flexibility of Closure,LV,3.88,8,0.125,3.63,4.12,N,N,08/2020,Analyst
19-2012.00,1.A.1.e.3,Perceptual Speed,IM,3.0,8,0.0,3.0,3.0,N,,08/2020,Analyst
19-2012.00,1.A.1.e.3,Perceptual Speed,LV,3.25,8,0.1637,2.9292,3.5708,N,N,08/2020,Analyst
19-2012.00,1.A.1.f.1,Spatial Orientation,IM,1.12,8,0.125,1.0,1.37,N,,08/2020,Analyst
19-2012.00,1.A.1.f.1,Spatial Orientation,LV,0.25,8,0.25,0.0,0.74,N,Y,08/2020,Analyst
19-2012.00,1.A.1.f.2,Visualization,IM,3.62,8,0.183,3.2664,3.9836,N,,08/2020,Analyst
19-2012.00,1.A.1.f.2,Visualization,LV,4.25,8,0.25,3.76,4.74,N,N,08/2020,Analyst
19-2012.00,1.A.1.g.1,Selective Attention,IM,3.25,8,0.1637,2.9292,3.5708,N,,08/2020,Analyst
19-2012.00,1.A.1.g.1,Selective Attention,LV,4.0,8,0.0,4.0,4.0,N,N,08/2020,Analyst
19-2012.00,1.A.1.g.2,Time Sharing,IM,2.62,8,0.183,2.2664,2.9836,N,,08/2020,Analyst
19-2012.00,1.A.1.g.2,Time Sharing,LV,2.88,8,0.125,2.63,3.12,N,N,08/2020,Analyst
19-2012.00,1.A.2.a.1,Arm-Hand Steadiness,IM,1.0,8,0.0,1.0,1.0,N,,08/2020,Analyst
19-2012.00,1.A.2.a.1,Arm-Hand Steadiness,LV,0.0,8,0.0,0.0,0.0,N,Y,08/2020,Analyst
19-2012.00,1.A.2.a.2,Manual Dexterity,IM,1.0,8,0.0,1.0,1.0,N,,08/2020,Analyst
19-2012.00,1.A.2.a.2,Manual Dexterity,LV,0.0,8,0.0,0.0,0.0,N,Y,08/2020,Analyst
19-2012.00,1.A.2.a.3,Finger Dexterity,IM,2.38,8,0.3239,1.7402,3.0098,N,,08/2020,Analyst
19-2012.00,1.A.2.a.3,Finger Dexterity,LV,2.0,8,0.4629,1.0927,2.9073,N,N,08/2020,Analyst
19-2012.00,1.A.2.b.1,Control Precision,IM,1.0,8,0.0,1.0,1.0,N,,08/2020,Analyst
19-2012.00,1.A.2.b.1,Control Precision,LV,0.0,8,0.0,0.0,0.0,N,Y,08/2020,Analyst
19-2012.00,1.A.2.b.2,Multilimb Coordination,IM,1.0,8,0.0,1.0,1.0,N,,08/2020,Analyst
19-2012.00,1.A.2.b.2,Multilimb Coordination,LV,0.0,8,0.0,0.0,0.0,N,Y,08/2020,Analyst
19-2012.00,1.A.2.b.3,Response Orientation,IM,1.0,8,0.0,1.0,1.0,N,,08/2020,Analyst
19-2012.00,1.A.2.b.3,Response Orientation,LV,0.0,8,0.0,0.0,0.0,N,Y,08/2020,Analyst
19-2012.00,1.A.2.b.4,Rate Control,IM,1.0,8,0.0,1.0,1.0,N,,08/2020,Analyst
19-2012.00,1.A.2.b.4,Rate Control,LV,0.0,8,0.0,0.0,0.0,N,Y,08/2020,Analyst
19-2012.00,1.A.2.c.1,Reaction Time,IM,1.0,8,0.0,1.0,1.0,N,,08/2020,Analyst
19-2012.00,1.A.2.c.1,Reaction Time,LV,0.0,8,0.0,0.0,0.0,N,Y,08/2020,Analyst
19-2012.00,1.A.2.c.2,Wrist-Finger Speed,IM,1.12,8,0.125,1.0,1.37,N,,08/2020,Analyst
19-2012.00,1.A.2.c.2,Wrist-Finger Speed,LV,0.25,8,0.25,0.0,0.74,N,Y,08/2020,Analyst
19-2012.00,1.A.2.c.3,Speed of Limb Movement,IM,1.0,8,0.0,1.0,1.0,N,,08/2020,Analyst
19-2012.00,1.A.2.c.3,Speed of Limb Movement,LV,0.0,8,0.0,0.0,0.0,N,Y,08/2020,Analyst
19-2012.00,1.A.3.a.1,Static Strength,IM,1.0,8,0.0,1.0,1.0,N,,08/2020,Analyst
19-2012.00,1.A.3.a.1,Static Strength,LV,0.0,8,0.0,0.0,0.0,N,Y,08/2020,Analyst
19-2012.00,1.A.3.a.2,Explosive Strength,IM,1.0,8,0.0,1.0,1.0,N,,08/2020,Analyst
19-2012.00,1.A.3.a.2,Explosive Strength,LV,0.0,8,0.0,0.0,0.0,N,Y,08/2020,Analyst
19-2012.00,1.A.3.a.3,Dynamic Strength,IM,1.0,8,0.0,1.0,1.0,N,,08/2020,Analyst
19-2012.00,1.A.3.a.3,Dynamic Strength,LV,0.0,8,0.0,0.0,0.0,N,Y,08/2020,Analyst
19-2012.00,1.A.3.a.4,Trunk Strength,IM,1.62,8,0.183,1.2664,1.9836,N,,08/2020,Analyst
19-2012.00,1.A.3.a.4,Trunk Strength,LV,1.0,8,0.3273,0.3584,1.6416,N,N,08/2020,Analyst
19-2012.00,1.A.3.b.1,Stamina,IM,1.0,8,0.0,1.0,1.0,N,,08/2020,Analyst
19-2012.00,1.A.3.b.1,Stamina,LV,0.0,8,0.0,0.0,0.0,N,Y,08/2020,Analyst
19-2012.00,1.A.3.c.1,Extent Flexibility,IM,1.0,8,0.0,1.0,1.0,N,,08/2020,Analyst
19-2012.00,1.A.3.c.1,Extent Flexibility,LV,0.0,8,0.0,0.0,0.0,N,Y,08/2020,Analyst
19-2012.00,1.A.3.c.2,Dynamic Flexibility,IM,1.0,8,0.0,1.0,1.0,N,,08/2020,Analyst
19-2012.00,1.A.3.c.2,Dynamic Flexibility,LV,0.0,8,0.0,0.0,0.0,N,Y,08/2020,Analyst
19-2012.00,1.A.3.c.3,Gross Body Coordination,IM,1.0,8,0.0,1.0,1.0,N,,08/2020,Analyst
19-2012.00,1.A.3.c.3,Gross Body Coordination,LV,0.0,8,0.0,0.0,0.0,N,Y,08/2020,Analyst
19-2012.00,1.A.3.c.4,Gross Body Equilibrium,IM,1.0,8,0.0,1.0,1.0,N,,08/2020,Analyst
19-2012.00,1.A.3.c.4,Gross Body Equilibrium,LV,0.0,8,0.0,0.0,0.0,N,Y,08/2020,Analyst
19-2012.00,1.A.4.a.1,Near Vision,IM,3.88,8,0.125,3.63,4.12,N,,08/2020,Analyst
19-2012.00,1.A.4.a.1,Near Vision,LV,4.0,8,0.0,4.0,4.0,N,N,08/2020,Analyst
19-2012.00,1.A.4.a.2,Far Vision,IM,3.0,8,0.0,3.0,3.0,N,,08/2020,Analyst
19-2012.00,1.A.4.a.2,Far Vision,LV,3.62,8,0.183,3.2664,3.9836,N,N,08/2020,Analyst
19-2012.00,1.A.4.a.3,Visual Color Discrimination,IM,2.75,8,0.1637,2.4292,3.0708,N,,08/2020,Analyst
19-2012.00,1.A.4.a.3,Visual Color Discrimination,LV,2.88,8,0.125,2.63,3.12,N,N,08/2020,Analyst
19-2012.00,1.A.4.a.4,Night Vision,IM,1.0,8,0.0,1.0,1.0,N,,08/2020,Analyst
19-2012.00,1.A.4.a.4,Night Vision,LV,0.0,8,0.0,0.0,0.0,N,Y,08/2020,Analyst
19-2012.00,1.A.4.a.5,Peripheral Vision,IM,1.0,8,0.0,1.0,1.0,N,,08/2020,Analyst
19-2012.00,1.A.4.a.5,Peripheral Vision,LV,0.0,8,0.0,0.0,0.0,N,Y,08/2020,Analyst
19-2012.00,1.A.4.a.6,Depth Perception,IM,2.38,8,0.183,2.0164,2.7336,N,,08/2020,Analyst
19-2012.00,1.A.4.a.6,Depth Perception,LV,2.12,8,0.125,1.88,2.37,N,N,08/2020,Analyst
19-2012.00,1.A.4.a.7,Glare Sensitivity,IM,1.0,8,0.0,1.0,1.0,N,,08/2020,Analyst
19-2012.00,1.A.4.a.7,Glare Sensitivity,LV,0.0,8,0.0,0.0,0.0,N,Y,08/2020,Analyst
19-2012.00,1.A.4.b.1,Hearing Sensitivity,IM,2.0,8,0.0,2.0,2.0,N,,08/2020,Analyst
19-2012.00,1.A.4.b.1,Hearing Sensitivity,LV,2.12,8,0.125,1.88,2.37,N,N,08/2020,Analyst
19-2012.00,1.A.4.b.2,Auditory Attention,IM,2.25,8,0.1637,1.9292,2.5708,N,,08/2020,Analyst
19-2012.00,1.A.4.b.2,Auditory Attention,LV,2.25,8,0.1637,1.9292,2.5708,N,N,08/2020,Analyst
19-2012.00,1.A.4.b.3,Sound Localization,IM,1.0,8,0.0,1.0,1.0,N,,08/2020,Analyst
19-2012.00,1.A.4.b.3,Sound Localization,LV,0.0,8,0.0,0.0,0.0,N,Y,08/2020,Analyst
19-2012.00,1.A.4.b.4,Speech Recognition,IM,3.88,8,0.125,3.63,4.12,N,,08/2020,Analyst
19-2012.00,1.A.4.b.4,Speech Recognition,LV,4.0,8,0.0,4.0,4.0,N,N,08/2020,Analyst
19-2012.00,1.A.4.b.5,Speech Clarity,IM,3.88,8,0.125,3.63,4.12,N,,08/2020,Analyst
19-2012.00,1.A.4.b.5,Speech Clarity,LV,5.0,8,0.189,4.6296,5.3704,N,N,08/2020,Analyst
19-2021.00,1.A.1.a.1,Oral Comprehension,IM,4.12,8,0.125,3.88,4.37,N,,08/2024,Analyst
19-2021.00,1.A.1.a.1,Oral Comprehension,LV,5.0,8,0.0,5.0,5.0,N,N,08/2024,Analyst
19-2021.00,1.A.1.a.2,Written Comprehension,IM,4.12,8,0.125,3.88,4.37,N,,08/2024,Analyst
19-2021.00,1.A.1.a.2,Written Comprehension,LV,5.0,8,0.0,5.0,5.0,N,N,08/2024,Analyst
19-2021.00,1.A.1.a.3,Oral Expression,IM,4.25,8,0.1637,3.9292,4.5708,N,,08/2024,Analyst
19-2021.00,1.A.1.a.3,Oral Expression,LV,5.0,8,0.0,5.0,5.0,N,N,08/2024,Analyst
19-2021.00,1.A.1.a.4,Written Expression,IM,3.88,8,0.125,3.63,4.12,N,,08/2024,Analyst
19-2021.00,1.A.1.a.4,Written Expression,LV,4.75,8,0.1637,4.4292,5.0708,N,N,08/2024,Analyst
19-2021.00,1.A.1.b.1,Fluency of Ideas,IM,3.25,8,0.1637,2.9292,3.5708,N,,08/2024,Analyst
19-2021.00,1.A.1.b.1,Fluency of Ideas,LV,3.5,8,0.189,3.1296,3.8704,N,N,08/2024,Analyst
19-2021.00,1.A.1.b.2,Originality,IM,3.0,8,0.0,3.0,3.0,N,,08/2024,Analyst
19-2021.00,1.A.1.b.2,Originality,LV,3.12,8,0.125,2.88,3.37,N,N,08/2024,Analyst
19-2021.00,1.A.1.b.3,Problem Sensitivity,IM,3.88,8,0.125,3.63,4.12,N,,08/2024,Analyst
19-2021.00,1.A.1.b.3,Problem Sensitivity,LV,4.0,8,0.0,4.0,4.0,N,N,08/2024,Analyst
19-2021.00,1.A.1.b.4,Deductive Reasoning,IM,4.0,8,0.0,4.0,4.0,N,,08/2024,Analyst
19-2021.00,1.A.1.b.4,Deductive Reasoning,LV,4.25,8,0.1637,3.9292,4.5708,N,N,08/2024,Analyst
19-2021.00,1.A.1.b.5,Inductive Reasoning,IM,4.12,8,0.125,3.88,4.37,N,,08/2024,Analyst
19-2021.00,1.A.1.b.5,Inductive Reasoning,LV,4.25,8,0.1637,3.9292,4.5708,N,N,08/2024,Analyst
19-2021.00,1.A.1.b.6,Information Ordering,IM,3.75,8,0.1637,3.4292,4.0708,N,,08/2024,Analyst
19-2021.00,1.A.1.b.6,Information Ordering,LV,4.0,8,0.0,4.0,4.0,N,N,08/2024,Analyst
19-2021.00,1.A.1.b.7,Category Flexibility,IM,3.38,8,0.183,3.0164,3.7336,N,,08/2024,Analyst
19-2021.00,1.A.1.b.7,Category Flexibility,LV,3.88,8,0.125,3.63,4.12,N,N,08/2024,Analyst
19-2021.00,1.A.1.c.1,Mathematical Reasoning,IM,3.5,8,0.189,3.1296,3.8704,N,,08/2024,Analyst
19-2021.00,1.A.1.c.1,Mathematical Reasoning,LV,4.0,8,0.189,3.6296,4.3704,N,N,08/2024,Analyst
19-2021.00,1.A.1.c.2,Number Facility,IM,3.0,8,0.0,3.0,3.0,N,,08/2024,Analyst
19-2021.00,1.A.1.c.2,Number Facility,LV,3.38,8,0.183,3.0164,3.7336,N,N,08/2024,Analyst
19-2021.00,1.A.1.d.1,Memorization,IM,2.88,8,0.125,2.63,3.12,N,,08/2024,Analyst
19-2021.00,1.A.1.d.1,Memorization,LV,2.88,8,0.125,2.63,3.12,N,N,08/2024,Analyst
19-2021.00,1.A.1.e.1,Speed of Closure,IM,2.88,8,0.125,2.63,3.12,N,,08/2024,Analyst
19-2021.00,1.A.1.e.1,Speed of Closure,LV,2.88,8,0.2266,2.4309,3.3191,N,N,08/2024,Analyst
19-2021.00,1.A.1.e.2,Flexibility of Closure,IM,3.38,8,0.183,3.0164,3.7336,N,,08/2024,Analyst
19-2021.00,1.A.1.e.2,Flexibility of Closure,LV,3.88,8,0.125,3.63,4.12,N,N,08/2024,Analyst
19-2021.00,1.A.1.e.3,Perceptual Speed,IM,2.88,8,0.125,2.63,3.12,N,,08/2024,Analyst
19-2021.00,1.A.1.e.3,Perceptual Speed,LV,3.0,8,0.0,3.0,3.0,N,N,08/2024,Analyst
19-2021.00,1.A.1.f.1,Spatial Orientation,IM,1.0,8,0.0,1.0,1.0,N,,08/2024,Analyst
19-2021.00,1.A.1.f.1,Spatial Orientation,LV,0.0,8,0.0,0.0,0.0,N,Y,08/2024,Analyst
19-2021.00,1.A.1.f.2,Visualization,IM,2.62,8,0.2631,2.1094,3.1406,N,,08/2024,Analyst
19-2021.00,1.A.1.f.2,Visualization,LV,2.5,8,0.378,1.7592,3.2408,N,N,08/2024,Analyst
19-2021.00,1.A.1.g.1,Selective Attention,IM,2.88,8,0.125,2.63,3.12,N,,08/2024,Analyst
19-2021.00,1.A.1.g.1,Selective Attention,LV,2.88,8,0.125,2.63,3.12,N,N,08/2024,Analyst
19-2021.00,1.A.1.g.2,Time Sharing,IM,2.62,8,0.183,2.2664,2.9836,N,,08/2024,Analyst
19-2021.00,1.A.1.g.2,Time Sharing,LV,2.88,8,0.125,2.63,3.12,N,N,08/2024,Analyst
19-2021.00,1.A.2.a.1,Arm-Hand Steadiness,IM,1.38,8,0.183,1.0164,1.7336,N,,08/2024,Analyst
19-2021.00,1.A.2.a.1,Arm-Hand Steadiness,LV,0.38,8,0.183,0.0164,0.7336,N,N,08/2024,Analyst
19-2021.00,1.A.2.a.2,Manual Dexterity,IM,1.25,8,0.1637,1.0,1.5708,N,,08/2024,Analyst
19-2021.00,1.A.2.a.2,Manual Dexterity,LV,0.25,8,0.1637,0.0,0.5708,N,Y,08/2024,Analyst
19-2021.00,1.A.2.a.3,Finger Dexterity,IM,1.38,8,0.183,1.0164,1.7336,N,,08/2024,Analyst
19-2021.00,1.A.2.a.3,Finger Dexterity,LV,0.38,8,0.183,0.0164,0.7336,N,N,08/2024,Analyst
19-2021.00,1.A.2.b.1,Control Precision,IM,1.0,8,0.0,1.0,1.0,N,,08/2024,Analyst
19-2021.00,1.A.2.b.1,Control Precision,LV,0.0,8,0.0,0.0,0.0,N,Y,08/2024,Analyst
19-2021.00,1.A.2.b.2,Multilimb Coordination,IM,1.0,8,0.0,1.0,1.0,N,,08/2024,Analyst
19-2021.00,1.A.2.b.2,Multilimb Coordination,LV,0.0,8,0.0,0.0,0.0,N,Y,08/2024,Analyst
19-2021.00,1.A.2.b.3,Response Orientation,IM,1.0,8,0.0,1.0,1.0,N,,08/2024,Analyst
19-2021.00,1.A.2.b.3,Response Orientation,LV,0.0,8,0.0,0.0,0.0,N,Y,08/2024,Analyst
19-2021.00,1.A.2.b.4,Rate Control,IM,1.0,8,0.0,1.0,1.0,N,,08/2024,Analyst
19-2021.00,1.A.2.b.4,Rate Control,LV,0.0,8,0.0,0.0,0.0,N,Y,08/2024,Analyst
19-2021.00,1.A.2.c.1,Reaction Time,IM,1.0,8,0.0,1.0,1.0,N,,08/2024,Analyst
19-2021.00,1.A.2.c.1,Reaction Time,LV,0.0,8,0.0,0.0,0.0,N,Y,08/2024,Analyst
19-2021.00,1.A.2.c.2,Wrist-Finger Speed,IM,1.62,8,0.183,1.2664,1.9836,N,,08/2024,Analyst
19-2021.00,1.A.2.c.2,Wrist-Finger Speed,LV,0.62,8,0.183,0.2664,0.9836,N,N,08/2024,Analyst
19-2021.00,1.A.2.c.3,Speed of Limb Movement,IM,1.0,8,0.0,1.0,1.0,N,,08/2024,Analyst
19-2021.00,1.A.2.c.3,Speed of Limb Movement,LV,0.0,8,0.0,0.0,0.0,N,Y,08/2024,Analyst
19-2021.00,1.A.3.a.1,Static Strength,IM,1.0,8,0.0,1.0,1.0,N,,08/2024,Analyst
19-2021.00,1.A.3.a.1,Static Strength,LV,0.0,8,0.0,0.0,0.0,N,Y,08/2024,Analyst
19-2021.00,1.A.3.a.2,Explosive Strength,IM,1.0,8,0.0,1.0,1.0,N,,08/2024,Analyst
19-2021.00,1.A.3.a.2,Explosive Strength,LV,0.0,8,0.0,0.0,0.0,N,Y,08/2024,Analyst
19-2021.00,1.A.3.a.3,Dynamic Strength,IM,1.38,8,0.183,1.0164,1.7336,N,,08/2024,Analyst
19-2021.00,1.A.3.a.3,Dynamic Strength,LV,0.38,8,0.183,0.0164,0.7336,N,N,08/2024,Analyst
19-2021.00,1.A.3.a.4,Trunk Strength,IM,1.75,8,0.1637,1.4292,2.0708,N,,08/2024,Analyst
19-2021.00,1.A.3.a.4,Trunk Strength,LV,1.12,8,0.295,0.5467,1.7033,N,N,08/2024,Analyst
19-2021.00,1.A.3.b.1,Stamina,IM,1.0,8,0.0,1.0,1.0,N,,08/2024,Analyst
19-2021.00,1.A.3.b.1,Stamina,LV,0.0,8,0.0,0.0,0.0,N,Y,08/2024,Analyst
19-2021.00,1.A.3.c.1,Extent Flexibility,IM,1.0,8,0.0,1.0,1.0,N,,08/2024,Analyst
19-2021.00,1.A.3.c.1,Extent Flexibility,LV,0.0,8,0.0,0.0,0.0,N,Y,08/2024,Analyst
19-2021.00,1.A.3.c.2,Dynamic Flexibility,IM,1.0,8,0.0,1.0,1.0,N,,08/2024,Analyst
19-2021.00,1.A.3.c.2,Dynamic Flexibility,LV,0.0,8,0.0,0.0,0.0,N,Y,08/2024,Analyst
19-2021.00,1.A.3.c.3,Gross Body Coordination,IM,1.0,8,0.0,1.0,1.0,N,,08/2024,Analyst
19-2021.00,1.A.3.c.3,Gross Body Coordination,LV,0.0,8,0.0,0.0,0.0,N,Y,08/2024,Analyst
19-2021.00,1.A.3.c.4,Gross Body Equilibrium,IM,1.0,8,0.0,1.0,1.0,N,,08/2024,Analyst
19-2021.00,1.A.3.c.4,Gross Body Equilibrium,LV,0.0,8,0.0,0.0,0.0,N,Y,08/2024,Analyst
19-2021.00,1.A.4.a.1,Near Vision,IM,3.75,8,0.1637,3.4292,4.0708,N,,08/2024,Analyst
19-2021.00,1.A.4.a.1,Near Vision,LV,4.0,8,0.0,4.0,4.0,N,N,08/2024,Analyst
19-2021.00,1.A.4.a.2,Far Vision,IM,3.0,8,0.0,3.0,3.0,N,,08/2024,Analyst
19-2021.00,1.A.4.a.2,Far Vision,LV,3.0,8,0.0,3.0,3.0,N,N,08/2024,Analyst
19-2021.00,1.A.4.a.3,Visual Color Discrimination,IM,2.75,8,0.1637,2.4292,3.0708,N,,08/2024,Analyst
19-2021.00,1.A.4.a.3,Visual Color Discrimination,LV,2.88,8,0.125,2.63,3.12,N,N,08/2024,Analyst
19-2021.00,1.A.4.a.4,Night Vision,IM,1.0,8,0.0,1.0,1.0,N,,08/2024,Analyst
19-2021.00,1.A.4.a.4,Night Vision,LV,0.0,8,0.0,0.0,0.0,N,Y,08/2024,Analyst
19-2021.00,1.A.4.a.5,Peripheral Vision,IM,1.0,8,0.0,1.0,1.0,N,,08/2024,Analyst
19-2021.00,1.A.4.a.5,Peripheral Vision,LV,0.0,8,0.0,0.0,0.0,N,Y,08/2024,Analyst
19-2021.00,1.A.4.a.6,Depth Perception,IM,1.62,8,0.183,1.2664,1.9836,N,,08/2024,Analyst
19-2021.00,1.A.4.a.6,Depth Perception,LV,0.62,8,0.183,0.2664,0.9836,N,N,08/2024,Analyst
19-2021.00,1.A.4.a.7,Glare Sensitivity,IM,1.0,8,0.0,1.0,1.0,N,,08/2024,Analyst
19-2021.00,1.A.4.a.7,Glare Sensitivity,LV,0.0,8,0.0,0.0,0.0,N,Y,08/2024,Analyst
19-2021.00,1.A.4.b.1,Hearing Sensitivity,IM,1.88,8,0.125,1.63,2.12,N,,08/2024,Analyst
19-2021.00,1.A.4.b.1,Hearing Sensitivity,LV,1.62,8,0.2631,1.1094,2.1406,N,N,08/2024,Analyst
19-2021.00,1.A.4.b.2,Auditory Attention,IM,1.88,8,0.125,1.63,2.12,N,,08/2024,Analyst
19-2021.00,1.A.4.b.2,Auditory Attention,LV,1.75,8,0.25,1.26,2.24,N,N,08/2024,Analyst
19-2021.00,1.A.4.b.3,Sound Localization,IM,1.0,8,0.0,1.0,1.0,N,,08/2024,Analyst
19-2021.00,1.A.4.b.3,Sound Localization,LV,0.0,8,0.0,0.0,0.0,N,Y,08/2024,Analyst
19-2021.00,1.A.4.b.4,Speech Recognition,IM,3.75,8,0.1637,3.4292,4.0708,N,,08/2024,Analyst
19-2021.00,1.A.4.b.4,Speech Recognition,LV,3.5,8,0.189,3.1296,3.8704,N,N,08/2024,Analyst
19-2021.00,1.A.4.b.5,Speech Clarity,IM,3.88,8,0.125,3.63,4.12,N,,08/2024,Analyst
19-2021.00,1.A.4.b.5,Speech Clarity,LV,4.0,8,0.0,4.0,4.0,N,N,08/2024,Analyst
19-2031.00,1.A.1.a.1,Oral Comprehension,IM,4.0,8,0.0,4.0,4.0,N,,08/2023,Analyst
19-2031.00,1.A.1.a.1,Oral Comprehension,LV,4.88,8,0.125,4.63,5.12,N,N,08/2023,Analyst
19-2031.00,1.A.1.a.2,Written Comprehension,IM,4.0,8,0.0,4.0,4.0,N,,08/2023,Analyst
19-2031.00,1.A.1.a.2,Written Comprehension,LV,4.88,8,0.125,4.63,5.12,N,N,08/2023,Analyst
19-2031.00,1.A.1.a.3,Oral Expression,IM,4.0,8,0.0,4.0,4.0,N,,08/2023,Analyst
19-2031.00,1.A.1.a.3,Oral Expression,LV,5.0,8,0.0,5.0,5.0,N,N,08/2023,Analyst
19-2031.00,1.A.1.a.4,Written Expression,IM,4.0,8,0.0,4.0,4.0,N,,08/2023,Analyst
19-2031.00,1.A.1.a.4,Written Expression,LV,4.88,8,0.125,4.63,5.12,N,N,08/2023,Analyst
19-2031.00,1.A.1.b.1,Fluency of Ideas,IM,3.12,8,0.125,2.88,3.37,N,,08/2023,Analyst
19-2031.00,1.A.1.b.1,Fluency of Ideas,LV,3.62,8,0.183,3.2664,3.9836,N,N,08/2023,Analyst
19-2031.00,1.A.1.b.2,Originality,IM,3.0,8,0.0,3.0,3.0,N,,08/2023,Analyst
19-2031.00,1.A.1.b.2,Originality,LV,3.38,8,0.183,3.0164,3.7336,N,N,08/2023,Analyst
19-2031.00,1.A.1.b.3,Problem Sensitivity,IM,3.88,8,0.125,3.63,4.12,N,,08/2023,Analyst
19-2031.00,1.A.1.b.3,Problem Sensitivity,LV,4.12,8,0.125,3.88,4.37,N,N,08/2023,Analyst
19-2031.00,1.A.1.b.4,Deductive Reasoning,IM,4.0,8,0.0,4.0,4.0,N,,08/2023,Analyst
19-2031.00,1.A.1.b.4,Deductive Reasoning,LV,4.88,8,0.2266,4.4309,5.3191,N,N,08/2023,Analyst
19-2031.00,1.A.1.b.5,Inductive Reasoning,IM,4.0,8,0.0,4.0,4.0,N,,08/2023,Analyst
19-2031.00,1.A.1.b.5,Inductive Reasoning,LV,4.88,8,0.2266,4.4309,5.3191,N,N,08/2023,Analyst
19-2031.00,1.A.1.b.6,Information Ordering,IM,3.88,8,0.125,3.63,4.12,N,,08/2023,Analyst
19-2031.00,1.A.1.b.6,Information Ordering,LV,4.25,8,0.25,3.76,4.74,N,N,08/2023,Analyst
19-2031.00,1.A.1.b.7,Category Flexibility,IM,3.88,8,0.125,3.63,4.12,N,,08/2023,Analyst
19-2031.00,1.A.1.b.7,Category Flexibility,LV,4.38,8,0.2631,3.8594,4.8906,N,N,08/2023,Analyst
19-2031.00,1.A.1.c.1,Mathematical Reasoning,IM,3.75,8,0.1637,3.4292,4.0708,N,,08/2023,Analyst
19-2031.00,1.A.1.c.1,Mathematical Reasoning,LV,4.12,8,0.125,3.88,4.37,N,N,08/2023,Analyst
19-2031.00,1.A.1.c.2,Number Facility,IM,3.62,8,0.183,3.2664,3.9836,N,,08/2023,Analyst
19-2031.00,1.A.1.c.2,Number Facility,LV,4.12,8,0.125,3.88,4.37,N,N,08/2023,Analyst
19-2031.00,1.A.1.d.1,Memorization,IM,2.75,8,0.1637,2.4292,3.0708,N,,08/2023,Analyst
19-2031.00,1.A.1.d.1,Memorization,LV,2.88,8,0.125,2.63,3.12,N,N,08/2023,Analyst
19-2031.00,1.A.1.e.1,Speed of Closure,IM,2.62,8,0.183,2.2664,2.9836,N,,08/2023,Analyst
19-2031.00,1.A.1.e.1,Speed of Closure,LV,2.88,8,0.2266,2.4309,3.3191,N,N,08/2023,Analyst
19-2031.00,1.A.1.e.2,Flexibility of Closure,IM,3.38,8,0.183,3.0164,3.7336,N,,08/2023,Analyst
19-2031.00,1.A.1.e.2,Flexibility of Closure,LV,3.5,8,0.189,3.1296,3.8704,N,N,08/2023,Analyst
19-2031.00,1.A.1.e.3,Perceptual Speed,IM,3.12,8,0.125,2.88,3.37,N,,08/2023,Analyst
19-2031.00,1.A.1.e.3,Perceptual Speed,LV,3.0,8,0.0,3.0,3.0,N,N,08/2023,Analyst
19-2031.00,1.A.1.f.1,Spatial Orientation,IM,1.12,8,0.125,1.0,1.37,N,,08/2023,Analyst
19-2031.00,1.A.1.f.1,Spatial Orientation,LV,0.12,8,0.125,0.0,0.37,N,Y,08/2023,Analyst
19-2031.00,1.A.1.f.2,Visualization,IM,3.0,8,0.189,2.6296,3.3704,N,,08/2023,Analyst
19-2031.00,1.A.1.f.2,Visualization,LV,3.5,8,0.189,3.1296,3.8704,N,N,08/2023,Analyst
19-2031.00,1.A.1.g.1,Selective Attention,IM,3.0,8,0.0,3.0,3.0,N,,08/2023,Analyst
19-2031.00,1.A.1.g.1,Selective Attention,LV,3.0,8,0.0,3.0,3.0,N,N,08/2023,Analyst
19-2031.00,1.A.1.g.2,Time Sharing,IM,2.75,8,0.1637,2.4292,3.0708,N,,08/2023,Analyst
19-2031.00,1.A.1.g.2,Time Sharing,LV,2.38,8,0.183,2.0164,2.7336,N,N,08/2023,Analyst
19-2031.00,1.A.2.a.1,Arm-Hand Steadiness,IM,3.0,8,0.0,3.0,3.0,N,,08/2023,Analyst
19-2031.00,1.A.2.a.1,Arm-Hand Steadiness,LV,3.0,8,0.0,3.0,3.0,N,N,08/2023,Analyst
19-2031.00,1.A.2.a.2,Manual Dexterity,IM,2.75,8,0.1637,2.4292,3.0708,N,,08/2023,Analyst
19-2031.00,1.A.2.a.2,Manual Dexterity,LV,2.62,8,0.183,2.2664,2.9836,N,N,08/2023,Analyst
19-2031.00,1.A.2.a.3,Finger Dexterity,IM,3.0,8,0.0,3.0,3.0,N,,08/2023,Analyst
19-2031.00,1.A.2.a.3,Finger Dexterity,LV,3.25,8,0.1637,2.9292,3.5708,N,N,08/2023,Analyst
19-2031.00,1.A.2.b.1,Control Precision,IM,2.62,8,0.183,2.2664,2.9836,N,,08/2023,Analyst
19-2031.00,1.A.2.b.1,Control Precision,LV,2.88,8,0.125,2.63,3.12,N,N,08/2023,Analyst
19-2031.00,1.A.2.b.2,Multilimb Coordination,IM,2.25,8,0.1637,1.9292,2.5708,N,,08/2023,Analyst
19-2031.00,1.A.2.b.2,Multilimb Coordination,LV,2.12,8,0.125,1.88,2.37,N,N,08/2023,Analyst
19-2031.00,1.A.2.b.3,Response Orientation,IM,1.75,8,0.1637,1.4292,2.0708,N,,08/2023,Analyst
19-2031.00,1.A.2.b.3,Response Orientation,LV,1.38,8,0.3239,0.7402,2.0098,N,N,08/2023,Analyst
19-2031.00,1.A.2.b.4,Rate Control,IM,1.62,8,0.183,1.2664,1.9836,N,,08/2023,Analyst
19-2031.00,1.A.2.b.4,Rate Control,LV,0.62,8,0.183,0.2664,0.9836,N,N,08/2023,Analyst
19-2031.00,1.A.2.c.1,Reaction Time,IM,1.88,8,0.125,1.63,2.12,N,,08/2023,Analyst
19-2031.00,1.A.2.c.1,Reaction Time,LV,1.38,8,0.3239,0.7402,2.0098,N,N,08/2023,Analyst
19-2031.00,1.A.2.c.2,Wrist-Finger Speed,IM,1.88,8,0.125,1.63,2.12,N,,08/2023,Analyst
19-2031.00,1.A.2.c.2,Wrist-Finger Speed,LV,1.12,8,0.2266,0.6809,1.5691,N,N,08/2023,Analyst
19-2031.00,1.A.2.c.3,Speed of Limb Movement,IM,1.0,8,0.0,1.0,1.0,N,,08/2023,Analyst
19-2031.00,1.A.2.c.3,Speed of Limb Movement,LV,0.0,8,0.0,0.0,0.0,N,Y,08/2023,Analyst
19-2031.00,1.A.3.a.1,Static Strength,IM,1.75,8,0.1637,1.4292,2.0708,N,,08/2023,Analyst
19-2031.00,1.A.3.a.1,Static Strength,LV,1.38,8,0.3239,0.7402,2.0098,N,N,08/2023,Analyst
19-2031.00,1.A.3.a.2,Explosive Strength,IM,1.25,8,0.1637,1.0,1.5708,N,,08/2023,Analyst
19-2031.00,1.A.3.a.2,Explosive Strength,LV,0.25,8,0.1637,0.0,0.5708,N,Y,08/2023,Analyst
19-2031.00,1.A.3.a.3,Dynamic Strength,IM,1.38,8,0.183,1.0164,1.7336,N,,08/2023,Analyst
19-2031.00,1.A.3.a.3,Dynamic Strength,LV,0.38,8,0.183,0.0164,0.7336,N,N,08/2023,Analyst
19-2031.00,1.A.3.a.4,Trunk Strength,IM,2.25,8,0.1637,1.9292,2.5708,N,,08/2023,Analyst
19-2031.00,1.A.3.a.4,Trunk Strength,LV,2.25,8,0.1637,1.9292,2.5708,N,N,08/2023,Analyst
19-2031.00,1.A.3.b.1,Stamina,IM,1.62,8,0.183,1.2664,1.9836,N,,08/2023,Analyst
19-2031.00,1.A.3.b.1,Stamina,LV,0.62,8,0.183,0.2664,0.9836,N,N,08/2023,Analyst
19-2031.00,1.A.3.c.1,Extent Flexibility,IM,1.75,8,0.1637,1.4292,2.0708,N,,08/2023,Analyst
19-2031.00,1.A.3.c.1,Extent Flexibility,LV,0.88,8,0.2266,0.4309,1.3191,N,N,08/2023,Analyst
19-2031.00,1.A.3.c.2,Dynamic Flexibility,IM,1.0,8,0.0,1.0,1.0,N,,08/2023,Analyst
19-2031.00,1.A.3.c.2,Dynamic Flexibility,LV,0.0,8,0.0,0.0,0.0,N,Y,08/2023,Analyst
19-2031.00,1.A.3.c.3,Gross Body Coordination,IM,1.38,8,0.183,1.0164,1.7336,N,,08/2023,Analyst
19-2031.00,1.A.3.c.3,Gross Body Coordination,LV,0.5,8,0.2673,0.0,1.0238,N,N,08/2023,Analyst
19-2031.00,1.A.3.c.4,Gross Body Equilibrium,IM,1.62,8,0.183,1.2664,1.9836,N,,08/2023,Analyst
19-2031.00,1.A.3.c.4,Gross Body Equilibrium,LV,0.75,8,0.25,0.26,1.24,N,N,08/2023,Analyst
19-2031.00,1.A.4.a.1,Near Vision,IM,3.88,8,0.125,3.63,4.12,N,,08/2023,Analyst
19-2031.00,1.A.4.a.1,Near Vision,LV,4.0,8,0.0,4.0,4.0,N,N,08/2023,Analyst
19-2031.00,1.A.4.a.2,Far Vision,IM,2.62,8,0.183,2.2664,2.9836,N,,08/2023,Analyst
19-2031.00,1.A.4.a.2,Far Vision,LV,2.88,8,0.2266,2.4309,3.3191,N,N,08/2023,Analyst
19-2031.00,1.A.4.a.3,Visual Color Discrimination,IM,3.12,8,0.125,2.88,3.37,N,,08/2023,Analyst
19-2031.00,1.A.4.a.3,Visual Color Discrimination,LV,3.5,8,0.189,3.1296,3.8704,N,N,08/2023,Analyst
19-2031.00,1.A.4.a.4,Night Vision,IM,1.0,8,0.0,1.0,1.0,N,,08/2023,Analyst
19-2031.00,1.A.4.a.4,Night Vision,LV,0.0,8,0.0,0.0,0.0,N,Y,08/2023,Analyst
19-2031.00,1.A.4.a.5,Peripheral Vision,IM,1.0,8,0.0,1.0,1.0,N,,08/2023,Analyst
19-2031.00,1.A.4.a.5,Peripheral Vision,LV,0.0,8,0.0,0.0,0.0,N,Y,08/2023,Analyst
19-2031.00,1.A.4.a.6,Depth Perception,IM,2.0,8,0.0,2.0,2.0,N,,08/2023,Analyst
19-2031.00,1.A.4.a.6,Depth Perception,LV,2.0,8,0.0,2.0,2.0,N,N,08/2023,Analyst
19-2031.00,1.A.4.a.7,Glare Sensitivity,IM,1.0,8,0.0,1.0,1.0,N,,08/2023,Analyst
19-2031.00,1.A.4.a.7,Glare Sensitivity,LV,0.0,8,0.0,0.0,0.0,N,Y,08/2023,Analyst
19-2031.00,1.A.4.b.1,Hearing Sensitivity,IM,2.12,8,0.125,1.88,2.37,N,,08/2023,Analyst
19-2031.00,1.A.4.b.1,Hearing Sensitivity,LV,2.25,8,0.1637,1.9292,2.5708,N,N,08/2023,Analyst
19-2031.00,1.A.4.b.2,Auditory Attention,IM,2.0,8,0.0,2.0,2.0,N,,08/2023,Analyst
19-2031.00,1.A.4.b.2,Auditory Attention,LV,2.25,8,0.1637,1.9292,2.5708,N,N,08/2023,Analyst
19-2031.00,1.A.4.b.3,Sound Localization,IM,1.0,8,0.0,1.0,1.0,N,,08/2023,Analyst
19-2031.00,1.A.4.b.3,Sound Localization,LV,0.0,8,0.0,0.0,0.0,N,Y,08/2023,Analyst
19-2031.00,1.A.4.b.4,Speech Recognition,IM,3.25,8,0.1637,2.9292,3.5708,N,,08/2023,Analyst
19-2031.00,1.A.4.b.4,Speech Recognition,LV,3.5,8,0.189,3.1296,3.8704,N,N,08/2023,Analyst
19-2031.00,1.A.4.b.5,Speech Clarity,IM,3.12,8,0.125,2.88,3.37,N,,08/2023,Analyst
19-2031.00,1.A.4.b.5,Speech Clarity,LV,3.62,8,0.183,3.2664,3.9836,N,N,08/2023,Analyst
19-2032.00,1.A.1.a.1,Oral Comprehension,IM,4.0,8,0.0,4.0,4.0,N,,08/2024,Analyst
19-2032.00,1.A.1.a.1,Oral Comprehension,LV,4.88,8,0.125,4.63,5.12,N,N,08/2024,Analyst
19-2032.00,1.A.1.a.2,Written Comprehension,IM,4.0,8,0.0,4.0,4.0,N,,08/2024,Analyst
19-2032.00,1.A.1.a.2,Written Comprehension,LV,4.88,8,0.125,4.63,5.12,N,N,08/2024,Analyst
19-2032.00,1.A.1.a.3,Oral Expression,IM,4.0,8,0.0,4.0,4.0,N,,08/2024,Analyst
19-2032.00,1.A.1.a.3,Oral Expression,LV,5.0,8,0.0,5.0,5.0,N,N,08/2024,Analyst
19-2032.00,1.A.1.a.4,Written Expression,IM,4.0,8,0.0,4.0,4.0,N,,08/2024,Analyst
19-2032.00,1.A.1.a.4,Written Expression,LV,4.88,8,0.125,4.63,5.12,N,N,08/2024,Analyst
19-2032.00,1.A.1.b.1,Fluency of Ideas,IM,3.38,8,0.183,3.0164,3.7336,N,,08/2024,Analyst
19-2032.00,1.A.1.b.1,Fluency of Ideas,LV,3.88,8,0.125,3.63,4.12,N,N,08/2024,Analyst
19-2032.00,1.A.1.b.2,Originality,IM,3.25,8,0.1637,2.9292,3.5708,N,,08/2024,Analyst
19-2032.00,1.A.1.b.2,Originality,LV,4.12,8,0.125,3.88,4.37,N,N,08/2024,Analyst
19-2032.00,1.A.1.b.3,Problem Sensitivity,IM,4.0,8,0.0,4.0,4.0,N,,08/2024,Analyst
19-2032.00,1.A.1.b.3,Problem Sensitivity,LV,4.0,8,0.0,4.0,4.0,N,N,08/2024,Analyst
19-2032.00,1.A.1.b.4,Deductive Reasoning,IM,4.0,8,0.0,4.0,4.0,N,,08/2024,Analyst
19-2032.00,1.A.1.b.4,Deductive Reasoning,LV,4.88,8,0.125,4.63,5.12,N,N,08/2024,Analyst
19-2032.00,1.A.1.b.5,Inductive Reasoning,IM,4.0,8,0.0,4.0,4.0,N,,08/2024,Analyst
19-2032.00,1.A.1.b.5,Inductive Reasoning,LV,4.75,8,0.1637,4.4292,5.0708,N,N,08/2024,Analyst
19-2032.00,1.A.1.b.6,Information Ordering,IM,3.88,8,0.125,3.63,4.12,N,,08/2024,Analyst
19-2032.00,1.A.1.b.6,Information Ordering,LV,4.0,8,0.0,4.0,4.0,N,N,08/2024,Analyst
19-2032.00,1.A.1.b.7,Category Flexibility,IM,3.88,8,0.125,3.63,4.12,N,,08/2024,Analyst
19-2032.00,1.A.1.b.7,Category Flexibility,LV,4.38,8,0.2631,3.8594,4.8906,N,N,08/2024,Analyst
19-2032.00,1.A.1.c.1,Mathematical Reasoning,IM,3.25,8,0.1637,2.9292,3.5708,N,,08/2024,Analyst
19-2032.00,1.A.1.c.1,Mathematical Reasoning,LV,3.88,8,0.125,3.63,4.12,N,N,08/2024,Analyst
19-2032.00,1.A.1.c.2,Number Facility,IM,3.12,8,0.125,2.88,3.37,N,,08/2024,Analyst
19-2032.00,1.A.1.c.2,Number Facility,LV,3.38,8,0.183,3.0164,3.7336,N,N,08/2024,Analyst
19-2032.00,1.A.1.d.1,Memorization,IM,2.5,8,0.189,2.1296,2.8704,N,,08/2024,Analyst
19-2032.00,1.A.1.d.1,Memorization,LV,2.5,8,0.189,2.1296,2.8704,N,N,08/2024,Analyst
19-2032.00,1.A.1.e.1,Speed of Closure,IM,2.5,8,0.189,2.1296,2.8704,N,,08/2024,Analyst
19-2032.00,1.A.1.e.1,Speed of Closure,LV,2.75,8,0.1637,2.4292,3.0708,N,N,08/2024,Analyst
19-2032.00,1.A.1.e.2,Flexibility of Closure,IM,3.25,8,0.1637,2.9292,3.5708,N,,08/2024,Analyst
19-2032.00,1.A.1.e.2,Flexibility of Closure,LV,3.62,8,0.183,3.2664,3.9836,N,N,08/2024,Analyst
19-2032.00,1.A.1.e.3,Perceptual Speed,IM,3.0,8,0.0,3.0,3.0,N,,08/2024,Analyst
19-2032.00,1.A.1.e.3,Perceptual Speed,LV,3.0,8,0.0,3.0,3.0,N,N,08/2024,Analyst
19-2032.00,1.A.1.f.1,Spatial Orientation,IM,1.0,8,0.0,1.0,1.0,N,,08/2024,Analyst
19-2032.00,1.A.1.f.1,Spatial Orientation,LV,0.0,8,0.0,0.0,0.0,N,Y,08/2024,Analyst
19-2032.00,1.A.1.f.2,Visualization,IM,3.0,8,0.0,3.0,3.0,N,,08/2024,Analyst
19-2032.00,1.A.1.f.2,Visualization,LV,3.5,8,0.189,3.1296,3.8704,N,N,08/2024,Analyst
19-2032.00,1.A.1.g.1,Selective Attention,IM,2.88,8,0.125,2.63,3.12,N,,08/2024,Analyst
19-2032.00,1.A.1.g.1,Selective Attention,LV,3.0,8,0.0,3.0,3.0,N,N,08/2024,Analyst
19-2032.00,1.A.1.g.2,Time Sharing,IM,2.62,8,0.183,2.2664,2.9836,N,,08/2024,Analyst
19-2032.00,1.A.1.g.2,Time Sharing,LV,2.5,8,0.189,2.1296,2.8704,N,N,08/2024,Analyst
19-2032.00,1.A.2.a.1,Arm-Hand Steadiness,IM,2.0,8,0.0,2.0,2.0,N,,08/2024,Analyst
19-2032.00,1.A.2.a.1,Arm-Hand Steadiness,LV,1.88,8,0.125,1.63,2.12,N,N,08/2024,Analyst
19-2032.00,1.A.2.a.2,Manual Dexterity,IM,1.62,8,0.183,1.2664,1.9836,N,,08/2024,Analyst
19-2032.00,1.A.2.a.2,Manual Dexterity,LV,1.12,8,0.3504,0.4383,1.8117,N,N,08/2024,Analyst
19-2032.00,1.A.2.a.3,Finger Dexterity,IM,1.75,8,0.1637,1.4292,2.0708,N,,08/2024,Analyst
19-2032.00,1.A.2.a.3,Finger Dexterity,LV,1.38,8,0.3239,0.7402,2.0098,N,N,08/2024,Analyst
19-2032.00,1.A.2.b.1,Control Precision,IM,1.88,8,0.125,1.63,2.12,N,,08/2024,Analyst
19-2032.00,1.A.2.b.1,Control Precision,LV,1.5,8,0.2673,0.9762,2.0238,N,N,08/2024,Analyst
19-2032.00,1.A.2.b.2,Multilimb Coordination,IM,1.25,8,0.1637,1.0,1.5708,N,,08/2024,Analyst
19-2032.00,1.A.2.b.2,Multilimb Coordination,LV,0.25,8,0.1637,0.0,0.5708,N,Y,08/2024,Analyst
19-2032.00,1.A.2.b.3,Response Orientation,IM,1.25,8,0.1637,1.0,1.5708,N,,08/2024,Analyst
19-2032.00,1.A.2.b.3,Response Orientation,LV,0.25,8,0.1637,0.0,0.5708,N,Y,08/2024,Analyst
19-2032.00,1.A.2.b.4,Rate Control,IM,1.75,8,0.1637,1.4292,2.0708,N,,08/2024,Analyst
19-2032.00,1.A.2.b.4,Rate Control,LV,0.88,8,0.2266,0.4309,1.3191,N,N,08/2024,Analyst
19-2032.00,1.A.2.c.1,Reaction Time,IM,1.75,8,0.1637,1.4292,2.0708,N,,08/2024,Analyst
19-2032.00,1.A.2.c.1,Reaction Time,LV,0.88,8,0.2266,0.4309,1.3191,N,N,08/2024,Analyst
19-2032.00,1.A.2.c.2,Wrist-Finger Speed,IM,2.0,8,0.189,1.6296,2.3704,N,,08/2024,Analyst
19-2032.00,1.A.2.c.2,Wrist-Finger Speed,LV,1.12,8,0.2266,0.6809,1.5691,N,N,08/2024,Analyst
19-2032.00,1.A.2.c.3,Speed of Limb Movement,IM,1.0,8,0.0,1.0,1.0,N,,08/2024,Analyst
19-2032.00,1.A.2.c.3,Speed of Limb Movement,LV,0.0,8,0.0,0.0,0.0,N,Y,08/2024,Analyst
19-2032.00,1.A.3.a.1,Static Strength,IM,1.0,8,0.0,1.0,1.0,N,,08/2024,Analyst
19-2032.00,1.A.3.a.1,Static Strength,LV,0.0,8,0.0,0.0,0.0,N,Y,08/2024,Analyst
19-2032.00,1.A.3.a.2,Explosive Strength,IM,1.0,8,0.0,1.0,1.0,N,,08/2024,Analyst
19-2032.00,1.A.3.a.2,Explosive Strength,LV,0.0,8,0.0,0.0,0.0,N,Y,08/2024,Analyst
19-2032.00,1.A.3.a.3,Dynamic Strength,IM,1.0,8,0.0,1.0,1.0,N,,08/2024,Analyst
19-2032.00,1.A.3.a.3,Dynamic Strength,LV,0.0,8,0.0,0.0,0.0,N,Y,08/2024,Analyst
19-2032.00,1.A.3.a.4,Trunk Strength,IM,1.62,8,0.183,1.2664,1.9836,N,,08/2024,Analyst
19-2032.00,1.A.3.a.4,Trunk Strength,LV,0.88,8,0.295,0.2967,1.4533,N,N,08/2024,Analyst
19-2032.00,1.A.3.b.1,Stamina,IM,1.0,8,0.0,1.0,1.0,N,,08/2024,Analyst
19-2032.00,1.A.3.b.1,Stamina,LV,0.0,8,0.0,0.0,0.0,N,Y,08/2024,Analyst
19-2032.00,1.A.3.c.1,Extent Flexibility,IM,1.0,8,0.0,1.0,1.0,N,,08/2024,Analyst
19-2032.00,1.A.3.c.1,Extent Flexibility,LV,0.0,8,0.0,0.0,0.0,N,Y,08/2024,Analyst
19-2032.00,1.A.3.c.2,Dynamic Flexibility,IM,1.0,8,0.0,1.0,1.0,N,,08/2024,Analyst
19-2032.00,1.A.3.c.2,Dynamic Flexibility,LV,0.0,8,0.0,0.0,0.0,N,Y,08/2024,Analyst
19-2032.00,1.A.3.c.3,Gross Body Coordination,IM,1.0,8,0.0,1.0,1.0,N,,08/2024,Analyst
19-2032.00,1.A.3.c.3,Gross Body Coordination,LV,0.0,8,0.0,0.0,0.0,N,Y,08/2024,Analyst
19-2032.00,1.A.3.c.4,Gross Body Equilibrium,IM,1.0,8,0.0,1.0,1.0,N,,08/2024,Analyst
19-2032.00,1.A.3.c.4,Gross Body Equilibrium,LV,0.0,8,0.0,0.0,0.0,N,Y,08/2024,Analyst
19-2032.00,1.A.4.a.1,Near Vision,IM,3.75,8,0.1637,3.4292,4.0708,N,,08/2024,Analyst
19-2032.00,1.A.4.a.1,Near Vision,LV,4.0,8,0.0,4.0,4.0,N,N,08/2024,Analyst
19-2032.00,1.A.4.a.2,Far Vision,IM,3.0,8,0.0,3.0,3.0,N,,08/2024,Analyst
19-2032.00,1.A.4.a.2,Far Vision,LV,3.0,8,0.0,3.0,3.0,N,N,08/2024,Analyst
19-2032.00,1.A.4.a.3,Visual Color Discrimination,IM,2.75,8,0.1637,2.4292,3.0708,N,,08/2024,Analyst
19-2032.00,1.A.4.a.3,Visual Color Discrimination,LV,2.75,8,0.25,2.26,3.24,N,N,08/2024,Analyst
19-2032.00,1.A.4.a.4,Night Vision,IM,1.0,8,0.0,1.0,1.0,N,,08/2024,Analyst
19-2032.00,1.A.4.a.4,Night Vision,LV,0.0,8,0.0,0.0,0.0,N,Y,08/2024,Analyst
19-2032.00,1.A.4.a.5,Peripheral Vision,IM,1.0,8,0.0,1.0,1.0,N,,08/2024,Analyst
19-2032.00,1.A.4.a.5,Peripheral Vision,LV,0.0,8,0.0,0.0,0.0,N,Y,08/2024,Analyst
19-2032.00,1.A.4.a.6,Depth Perception,IM,2.0,8,0.0,2.0,2.0,N,,08/2024,Analyst
19-2032.00,1.A.4.a.6,Depth Perception,LV,1.75,8,0.1637,1.4292,2.0708,N,N,08/2024,Analyst
19-2032.00,1.A.4.a.7,Glare Sensitivity,IM,1.0,8,0.0,1.0,1.0,N,,08/2024,Analyst
19-2032.00,1.A.4.a.7,Glare Sensitivity,LV,0.0,8,0.0,0.0,0.0,N,Y,08/2024,Analyst
19-2032.00,1.A.4.b.1,Hearing Sensitivity,IM,2.0,8,0.0,2.0,2.0,N,,08/2024,Analyst
19-2032.00,1.A.4.b.1,Hearing Sensitivity,LV,1.88,8,0.125,1.63,2.12,N,N,08/2024,Analyst
19-2032.00,1.A.4.b.2,Auditory Attention,IM,2.12,8,0.125,1.88,2.37,N,,08/2024,Analyst
19-2032.00,1.A.4.b.2,Auditory Attention,LV,2.0,8,0.0,2.0,2.0,N,N,08/2024,Analyst
19-2032.00,1.A.4.b.3,Sound Localization,IM,1.0,8,0.0,1.0,1.0,N,,08/2024,Analyst
19-2032.00,1.A.4.b.3,Sound Localization,LV,0.0,8,0.0,0.0,0.0,N,Y,08/2024,Analyst
19-2032.00,1.A.4.b.4,Speech Recognition,IM,3.12,8,0.125,2.88,3.37,N,,08/2024,Analyst
19-2032.00,1.A.4.b.4,Speech Recognition,LV,3.0,8,0.0,3.0,3.0,N,N,08/2024,Analyst
19-2032.00,1.A.4.b.5,Speech Clarity,IM,3.12,8,0.125,2.88,3.37,N,,08/2024,Analyst
19-2032.00,1.A.4.b.5,Speech Clarity,LV,3.0,8,0.0,3.0,3.0,N,N,08/2024,Analyst
19-2041.00,1.A.1.a.1,Oral Comprehension,IM,4.12,8,0.125,3.88,4.37,N,,08/2023,Analyst
19-2041.00,1.A.1.a.1,Oral Comprehension,LV,5.0,8,0.0,5.0,5.0,N,N,08/2023,Analyst
19-2041.00,1.A.1.a.2,Written Comprehension,IM,4.12,8,0.125,3.88,4.37,N,,08/2023,Analyst
19-2041.00,1.A.1.a.2,Written Comprehension,LV,5.0,8,0.0,5.0,5.0,N,N,08/2023,Analyst
19-2041.00,1.A.1.a.3,Oral Expression,IM,4.0,8,0.0,4.0,4.0,N,,08/2023,Analyst
19-2041.00,1.A.1.a.3,Oral Expression,LV,4.88,8,0.125,4.63,5.12,N,N,08/2023,Analyst
19-2041.00,1.A.1.a.4,Written Expression,IM,4.0,8,0.0,4.0,4.0,N,,08/2023,Analyst
19-2041.00,1.A.1.a.4,Written Expression,LV,4.5,8,0.189,4.1296,4.8704,N,N,08/2023,Analyst
19-2041.00,1.A.1.b.1,Fluency of Ideas,IM,3.12,8,0.125,2.88,3.37,N,,08/2023,Analyst
19-2041.00,1.A.1.b.1,Fluency of Ideas,LV,3.62,8,0.183,3.2664,3.9836,N,N,08/2023,Analyst
19-2041.00,1.A.1.b.2,Originality,IM,3.12,8,0.125,2.88,3.37,N,,08/2023,Analyst
19-2041.00,1.A.1.b.2,Originality,LV,3.62,8,0.183,3.2664,3.9836,N,N,08/2023,Analyst
19-2041.00,1.A.1.b.3,Problem Sensitivity,IM,4.12,8,0.125,3.88,4.37,N,,08/2023,Analyst
19-2041.00,1.A.1.b.3,Problem Sensitivity,LV,4.62,8,0.183,4.2664,4.9836,N,N,08/2023,Analyst
19-2041.00,1.A.1.b.4,Deductive Reasoning,IM,4.12,8,0.125,3.88,4.37,N,,08/2023,Analyst
19-2041.00,1.A.1.b.4,Deductive Reasoning,LV,4.12,8,0.125,3.88,4.37,N,N,08/2023,Analyst
19-2041.00,1.A.1.b.5,Inductive Reasoning,IM,4.0,8,0.0,4.0,4.0,N,,08/2023,Analyst
19-2041.00,1.A.1.b.5,Inductive Reasoning,LV,4.62,8,0.183,4.2664,4.9836,N,N,08/2023,Analyst
19-2041.00,1.A.1.b.6,Information Ordering,IM,3.88,8,0.125,3.63,4.12,N,,08/2023,Analyst
19-2041.00,1.A.1.b.6,Information Ordering,LV,4.0,8,0.0,4.0,4.0,N,N,08/2023,Analyst
19-2041.00,1.A.1.b.7,Category Flexibility,IM,3.88,8,0.125,3.63,4.12,N,,08/2023,Analyst
19-2041.00,1.A.1.b.7,Category Flexibility,LV,4.0,8,0.0,4.0,4.0,N,N,08/2023,Analyst
19-2041.00,1.A.1.c.1,Mathematical Reasoning,IM,3.12,8,0.125,2.88,3.37,N,,08/2023,Analyst
19-2041.00,1.A.1.c.1,Mathematical Reasoning,LV,3.62,8,0.183,3.2664,3.9836,N,N,08/2023,Analyst
19-2041.00,1.A.1.c.2,Number Facility,IM,3.0,8,0.0,3.0,3.0,N,,08/2023,Analyst
19-2041.00,1.A.1.c.2,Number Facility,LV,3.62,8,0.183,3.2664,3.9836,N,N,08/2023,Analyst
19-2041.00,1.A.1.d.1,Memorization,IM,2.75,8,0.1637,2.4292,3.0708,N,,08/2023,Analyst
19-2041.00,1.A.1.d.1,Memorization,LV,2.75,8,0.1637,2.4292,3.0708,N,N,08/2023,Analyst
19-2041.00,1.A.1.e.1,Speed of Closure,IM,2.75,8,0.1637,2.4292,3.0708,N,,08/2023,Analyst
19-2041.00,1.A.1.e.1,Speed of Closure,LV,3.0,8,0.2673,2.4762,3.5238,N,N,08/2023,Analyst
19-2041.00,1.A.1.e.2,Flexibility of Closure,IM,3.38,8,0.183,3.0164,3.7336,N,,08/2023,Analyst
19-2041.00,1.A.1.e.2,Flexibility of Closure,LV,3.75,8,0.1637,3.4292,4.0708,N,N,08/2023,Analyst
19-2041.00,1.A.1.e.3,Perceptual Speed,IM,2.62,8,0.183,2.2664,2.9836,N,,08/2023,Analyst
19-2041.00,1.A.1.e.3,Perceptual Speed,LV,2.88,8,0.125,2.63,3.12,N,N,08/2023,Analyst
19-2041.00,1.A.1.f.1,Spatial Orientation,IM,1.88,8,0.2266,1.4309,2.3191,N,,08/2023,Analyst
19-2041.00,1.A.1.f.1,Spatial Orientation,LV,1.38,8,0.3239,0.7402,2.0098,N,N,08/2023,Analyst
19-2041.00,1.A.1.f.2,Visualization,IM,2.5,8,0.189,2.1296,2.8704,N,,08/2023,Analyst
19-2041.00,1.A.1.f.2,Visualization,LV,2.75,8,0.1637,2.4292,3.0708,N,N,08/2023,Analyst
19-2041.00,1.A.1.g.1,Selective Attention,IM,2.88,8,0.125,2.63,3.12,N,,08/2023,Analyst
19-2041.00,1.A.1.g.1,Selective Attention,LV,3.12,8,0.125,2.88,3.37,N,N,08/2023,Analyst
19-2041.00,1.A.1.g.2,Time Sharing,IM,2.62,8,0.183,2.2664,2.9836,N,,08/2023,Analyst
19-2041.00,1.A.1.g.2,Time Sharing,LV,2.62,8,0.183,2.2664,2.9836,N,N,08/2023,Analyst
19-2041.00,1.A.2.a.1,Arm-Hand Steadiness,IM,1.75,8,0.1637,1.4292,2.0708,N,,08/2023,Analyst
19-2041.00,1.A.2.a.1,Arm-Hand Steadiness,LV,1.38,8,0.3239,0.7402,2.0098,N,N,08/2023,Analyst
19-2041.00,1.A.2.a.2,Manual Dexterity,IM,1.75,8,0.1637,1.4292,2.0708,N,,08/2023,Analyst
19-2041.00,1.A.2.a.2,Manual Dexterity,LV,0.88,8,0.2266,0.4309,1.3191,N,N,08/2023,Analyst
19-2041.00,1.A.2.a.3,Finger Dexterity,IM,1.88,8,0.2266,1.4309,2.3191,N,,08/2023,Analyst
19-2041.00,1.A.2.a.3,Finger Dexterity,LV,1.5,8,0.3273,0.8584,2.1416,N,N,08/2023,Analyst
19-2041.00,1.A.2.b.1,Control Precision,IM,1.75,8,0.1637,1.4292,2.0708,N,,08/2023,Analyst
19-2041.00,1.A.2.b.1,Control Precision,LV,1.5,8,0.3273,0.8584,2.1416,N,N,08/2023,Analyst
19-2041.00,1.A.2.b.2,Multilimb Coordination,IM,1.88,8,0.125,1.63,2.12,N,,08/2023,Analyst
19-2041.00,1.A.2.b.2,Multilimb Coordination,LV,1.5,8,0.2673,0.9762,2.0238,N,N,08/2023,Analyst
19-2041.00,1.A.2.b.3,Response Orientation,IM,1.5,8,0.189,1.1296,1.8704,N,,08/2023,Analyst
19-2041.00,1.A.2.b.3,Response Orientation,LV,0.5,8,0.189,0.1296,0.8704,N,N,08/2023,Analyst
19-2041.00,1.A.2.b.4,Rate Control,IM,1.5,8,0.189,1.1296,1.8704,N,,08/2023,Analyst
19-2041.00,1.A.2.b.4,Rate Control,LV,0.5,8,0.189,0.1296,0.8704,N,N,08/2023,Analyst
19-2041.00,1.A.2.c.1,Reaction Time,IM,1.5,8,0.189,1.1296,1.8704,N,,08/2023,Analyst
19-2041.00,1.A.2.c.1,Reaction Time,LV,0.75,8,0.3134,0.1358,1.3642,N,N,08/2023,Analyst
19-2041.00,1.A.2.c.2,Wrist-Finger Speed,IM,1.12,8,0.125,1.0,1.37,N,,08/2023,Analyst
19-2041.00,1.A.2.c.2,Wrist-Finger Speed,LV,0.25,8,0.25,0.0,0.74,N,Y,08/2023,Analyst
19-2041.00,1.A.2.c.3,Speed of Limb Movement,IM,1.38,8,0.183,1.0164,1.7336,N,,08/2023,Analyst
19-2041.00,1.A.2.c.3,Speed of Limb Movement,LV,0.38,8,0.183,0.0164,0.7336,N,N,08/2023,Analyst
19-2041.00,1.A.3.a.1,Static Strength,IM,1.38,8,0.183,1.0164,1.7336,N,,08/2023,Analyst
19-2041.00,1.A.3.a.1,Static Strength,LV,0.38,8,0.183,0.0164,0.7336,N,N,08/2023,Analyst
19-2041.00,1.A.3.a.2,Explosive Strength,IM,1.12,8,0.125,1.0,1.37,N,,08/2023,Analyst
19-2041.00,1.A.3.a.2,Explosive Strength,LV,0.12,8,0.125,0.0,0.37,N,Y,08/2023,Analyst
19-2041.00,1.A.3.a.3,Dynamic Strength,IM,1.38,8,0.183,1.0164,1.7336,N,,08/2023,Analyst
19-2041.00,1.A.3.a.3,Dynamic Strength,LV,0.5,8,0.2673,0.0,1.0238,N,N,08/2023,Analyst
19-2041.00,1.A.3.a.4,Trunk Strength,IM,1.62,8,0.183,1.2664,1.9836,N,,08/2023,Analyst
19-2041.00,1.A.3.a.4,Trunk Strength,LV,0.88,8,0.295,0.2967,1.4533,N,N,08/2023,Analyst
19-2041.00,1.A.3.b.1,Stamina,IM,1.25,8,0.1637,1.0,1.5708,N,,08/2023,Analyst
19-2041.00,1.A.3.b.1,Stamina,LV,0.25,8,0.1637,0.0,0.5708,N,Y,08/2023,Analyst
19-2041.00,1.A.3.c.1,Extent Flexibility,IM,1.5,8,0.189,1.1296,1.8704,N,,08/2023,Analyst
19-2041.00,1.A.3.c.1,Extent Flexibility,LV,0.5,8,0.189,0.1296,0.8704,N,N,08/2023,Analyst
19-2041.00,1.A.3.c.2,Dynamic Flexibility,IM,1.0,8,0.0,1.0,1.0,N,,08/2023,Analyst
19-2041.00,1.A.3.c.2,Dynamic Flexibility,LV,0.0,8,0.0,0.0,0.0,N,Y,08/2023,Analyst
19-2041.00,1.A.3.c.3,Gross Body Coordination,IM,1.5,8,0.189,1.1296,1.8704,N,,08/2023,Analyst
19-2041.00,1.A.3.c.3,Gross Body Coordination,LV,0.5,8,0.189,0.1296,0.8704,N,N,08/2023,Analyst
19-2041.00,1.A.3.c.4,Gross Body Equilibrium,IM,1.5,8,0.189,1.1296,1.8704,N,,08/2023,Analyst
19-2041.00,1.A.3.c.4,Gross Body Equilibrium,LV,0.5,8,0.189,0.1296,0.8704,N,N,08/2023,Analyst
19-2041.00,1.A.4.a.1,Near Vision,IM,3.38,8,0.375,2.64,4.11,N,,08/2023,Analyst
19-2041.00,1.A.4.a.1,Near Vision,LV,3.5,8,0.5,2.52,4.48,N,N,08/2023,Analyst
19-2041.00,1.A.4.a.2,Far Vision,IM,3.12,8,0.125,2.88,3.37,N,,08/2023,Analyst
19-2041.00,1.A.4.a.2,Far Vision,LV,3.25,8,0.1637,2.9292,3.5708,N,N,08/2023,Analyst
19-2041.00,1.A.4.a.3,Visual Color Discrimination,IM,2.62,8,0.183,2.2664,2.9836,N,,08/2023,Analyst
19-2041.00,1.A.4.a.3,Visual Color Discrimination,LV,2.62,8,0.183,2.2664,2.9836,N,N,08/2023,Analyst
19-2041.00,1.A.4.a.4,Night Vision,IM,1.62,8,0.183,1.2664,1.9836,N,,08/2023,Analyst
19-2041.00,1.A.4.a.4,Night Vision,LV,0.75,8,0.25,0.26,1.24,N,N,08/2023,Analyst
19-2041.00,1.A.4.a.5,Peripheral Vision,IM,1.62,8,0.183,1.2664,1.9836,N,,08/2023,Analyst
19-2041.00,1.A.4.a.5,Peripheral Vision,LV,0.62,8,0.183,0.2664,0.9836,N,N,08/2023,Analyst
19-2041.00,1.A.4.a.6,Depth Perception,IM,2.0,8,0.0,2.0,2.0,N,,08/2023,Analyst
19-2041.00,1.A.4.a.6,Depth Perception,LV,2.0,8,0.0,2.0,2.0,N,N,08/2023,Analyst
19-2041.00,1.A.4.a.7,Glare Sensitivity,IM,1.75,8,0.1637,1.4292,2.0708,N,,08/2023,Analyst
19-2041.00,1.A.4.a.7,Glare Sensitivity,LV,0.88,8,0.2266,0.4309,1.3191,N,N,08/2023,Analyst
19-2041.00,1.A.4.b.1,Hearing Sensitivity,IM,2.12,8,0.125,1.88,2.37,N,,08/2023,Analyst
19-2041.00,1.A.4.b.1,Hearing Sensitivity,LV,2.0,8,0.0,2.0,2.0,N,N,08/2023,Analyst
19-2041.00,1.A.4.b.2,Auditory Attention,IM,2.0,8,0.0,2.0,2.0,N,,08/2023,Analyst
19-2041.00,1.A.4.b.2,Auditory Attention,LV,2.0,8,0.0,2.0,2.0,N,N,08/2023,Analyst
19-2041.00,1.A.4.b.3,Sound Localization,IM,1.5,8,0.189,1.1296,1.8704,N,,08/2023,Analyst
19-2041.00,1.A.4.b.3,Sound Localization,LV,0.5,8,0.189,0.1296,0.8704,N,N,08/2023,Analyst
19-2041.00,1.A.4.b.4,Speech Recognition,IM,3.75,8,0.1637,3.4292,4.0708,N,,08/2023,Analyst
19-2041.00,1.A.4.b.4,Speech Recognition,LV,3.75,8,0.1637,3.4292,4.0708,N,N,08/2023,Analyst
19-2041.00,1.A.4.b.5,Speech Clarity,IM,3.75,8,0.1637,3.4292,4.0708,N,,08/2023,Analyst
19-2041.00,1.A.4.b.5,Speech Clarity,LV,3.75,8,0.1637,3.4292,4.0708,N,N,08/2023,Analyst
19-2041.01,1.A.1.a.1,Oral Comprehension,IM,4.0,8,0.0,4.0,4.0,N,,08/2021,Analyst
19-2041.01,1.A.1.a.1,Oral Comprehension,LV,4.25,8,0.1637,3.9292,4.5708,N,N,08/2021,Analyst
19-2041.01,1.A.1.a.2,Written Comprehension,IM,4.25,8,0.1637,3.9292,4.5708,N,,08/2021,Analyst
19-2041.01,1.A.1.a.2,Written Comprehension,LV,4.38,8,0.183,4.0164,4.7336,N,N,08/2021,Analyst
19-2041.01,1.A.1.a.3,Oral Expression,IM,4.0,8,0.0,4.0,4.0,N,,08/2021,Analyst
19-2041.01,1.A.1.a.3,Oral Expression,LV,4.25,8,0.1637,3.9292,4.5708,N,N,08/2021,Analyst
19-2041.01,1.A.1.a.4,Written Expression,IM,4.0,8,0.0,4.0,4.0,N,,08/2021,Analyst
19-2041.01,1.A.1.a.4,Written Expression,LV,4.12,8,0.125,3.88,4.37,N,N,08/2021,Analyst
19-2041.01,1.A.1.b.1,Fluency of Ideas,IM,3.12,8,0.125,2.88,3.37,N,,08/2021,Analyst
19-2041.01,1.A.1.b.1,Fluency of Ideas,LV,3.12,8,0.125,2.88,3.37,N,N,08/2021,Analyst
19-2041.01,1.A.1.b.2,Originality,IM,3.12,8,0.125,2.88,3.37,N,,08/2021,Analyst
19-2041.01,1.A.1.b.2,Originality,LV,3.5,8,0.189,3.1296,3.8704,N,N,08/2021,Analyst
19-2041.01,1.A.1.b.3,Problem Sensitivity,IM,3.75,8,0.1637,3.4292,4.0708,N,,08/2021,Analyst
19-2041.01,1.A.1.b.3,Problem Sensitivity,LV,4.0,8,0.0,4.0,4.0,N,N,08/2021,Analyst
19-2041.01,1.A.1.b.4,Deductive Reasoning,IM,4.0,8,0.0,4.0,4.0,N,,08/2021,Analyst
19-2041.01,1.A.1.b.4,Deductive Reasoning,LV,4.0,8,0.0,4.0,4.0,N,N,08/2021,Analyst
19-2041.01,1.A.1.b.5,Inductive Reasoning,IM,4.0,8,0.0,4.0,4.0,N,,08/2021,Analyst
19-2041.01,1.A.1.b.5,Inductive Reasoning,LV,4.0,8,0.0,4.0,4.0,N,N,08/2021,Analyst
19-2041.01,1.A.1.b.6,Information Ordering,IM,3.5,8,0.189,3.1296,3.8704,N,,08/2021,Analyst
19-2041.01,1.A.1.b.6,Information Ordering,LV,3.75,8,0.1637,3.4292,4.0708,N,N,08/2021,Analyst
19-2041.01,1.A.1.b.7,Category Flexibility,IM,3.12,8,0.125,2.88,3.37,N,,08/2021,Analyst
19-2041.01,1.A.1.b.7,Category Flexibility,LV,3.25,8,0.1637,2.9292,3.5708,N,N,08/2021,Analyst
19-2041.01,1.A.1.c.1,Mathematical Reasoning,IM,3.0,8,0.0,3.0,3.0,N,,08/2021,Analyst
19-2041.01,1.A.1.c.1,Mathematical Reasoning,LV,3.0,8,0.0,3.0,3.0,N,N,08/2021,Analyst
19-2041.01,1.A.1.c.2,Number Facility,IM,3.0,8,0.0,3.0,3.0,N,,08/2021,Analyst
19-2041.01,1.A.1.c.2,Number Facility,LV,3.0,8,0.0,3.0,3.0,N,N,08/2021,Analyst
19-2041.01,1.A.1.d.1,Memorization,IM,2.62,8,0.183,2.2664,2.9836,N,,08/2021,Analyst
19-2041.01,1.A.1.d.1,Memorization,LV,2.75,8,0.1637,2.4292,3.0708,N,N,08/2021,Analyst
19-2041.01,1.A.1.e.1,Speed of Closure,IM,2.75,8,0.1637,2.4292,3.0708,N,,08/2021,Analyst
19-2041.01,1.A.1.e.1,Speed of Closure,LV,2.75,8,0.1637,2.4292,3.0708,N,N,08/2021,Analyst
19-2041.01,1.A.1.e.2,Flexibility of Closure,IM,3.12,8,0.125,2.88,3.37,N,,08/2021,Analyst
19-2041.01,1.A.1.e.2,Flexibility of Closure,LV,3.12,8,0.125,2.88,3.37,N,N,08/2021,Analyst
19-2041.01,1.A.1.e.3,Perceptual Speed,IM,2.25,8,0.1637,1.9292,2.5708,N,,08/2021,Analyst
19-2041.01,1.A.1.e.3,Perceptual Speed,LV,2.12,8,0.125,1.88,2.37,N,N,08/2021,Analyst
19-2041.01,1.A.1.f.1,Spatial Orientation,IM,1.0,8,0.0,1.0,1.0,N,,08/2021,Analyst
19-2041.01,1.A.1.f.1,Spatial Orientation,LV,0.0,8,0.0,0.0,0.0,N,Y,08/2021,Analyst
19-2041.01,1.A.1.f.2,Visualization,IM,2.62,8,0.183,2.2664,2.9836,N,,08/2021,Analyst
19-2041.01,1.A.1.f.2,Visualization,LV,2.62,8,0.183,2.2664,2.9836,N,N,08/2021,Analyst
19-2041.01,1.A.1.g.1,Selective Attention,IM,3.0,8,0.0,3.0,3.0,N,,08/2021,Analyst
19-2041.01,1.A.1.g.1,Selective Attention,LV,3.0,8,0.0,3.0,3.0,N,N,08/2021,Analyst
19-2041.01,1.A.1.g.2,Time Sharing,IM,2.62,8,0.183,2.2664,2.9836,N,,08/2021,Analyst
19-2041.01,1.A.1.g.2,Time Sharing,LV,2.62,8,0.183,2.2664,2.9836,N,N,08/2021,Analyst
19-2041.01,1.A.2.a.1,Arm-Hand Steadiness,IM,1.0,8,0.0,1.0,1.0,N,,08/2021,Analyst
19-2041.01,1.A.2.a.1,Arm-Hand Steadiness,LV,0.0,8,0.0,0.0,0.0,N,Y,08/2021,Analyst
19-2041.01,1.A.2.a.2,Manual Dexterity,IM,1.0,8,0.0,1.0,1.0,N,,08/2021,Analyst
19-2041.01,1.A.2.a.2,Manual Dexterity,LV,0.0,8,0.0,0.0,0.0,N,Y,08/2021,Analyst
19-2041.01,1.A.2.a.3,Finger Dexterity,IM,1.62,8,0.183,1.2664,1.9836,N,,08/2021,Analyst
19-2041.01,1.A.2.a.3,Finger Dexterity,LV,0.62,8,0.183,0.2664,0.9836,N,N,08/2021,Analyst
19-2041.01,1.A.2.b.1,Control Precision,IM,1.0,8,0.0,1.0,1.0,N,,08/2021,Analyst
19-2041.01,1.A.2.b.1,Control Precision,LV,0.0,8,0.0,0.0,0.0,N,Y,08/2021,Analyst
19-2041.01,1.A.2.b.2,Multilimb Coordination,IM,1.0,8,0.0,1.0,1.0,N,,08/2021,Analyst
19-2041.01,1.A.2.b.2,Multilimb Coordination,LV,0.0,8,0.0,0.0,0.0,N,Y,08/2021,Analyst
19-2041.01,1.A.2.b.3,Response Orientation,IM,1.0,8,0.0,1.0,1.0,N,,08/2021,Analyst
19-2041.01,1.A.2.b.3,Response Orientation,LV,0.0,8,0.0,0.0,0.0,N,Y,08/2021,Analyst
19-2041.01,1.A.2.b.4,Rate Control,IM,1.0,8,0.0,1.0,1.0,N,,08/2021,Analyst
19-2041.01,1.A.2.b.4,Rate Control,LV,0.0,8,0.0,0.0,0.0,N,Y,08/2021,Analyst
19-2041.01,1.A.2.c.1,Reaction Time,IM,1.0,8,0.0,1.0,1.0,N,,08/2021,Analyst
19-2041.01,1.A.2.c.1,Reaction Time,LV,0.0,8,0.0,0.0,0.0,N,Y,08/2021,Analyst
19-2041.01,1.A.2.c.2,Wrist-Finger Speed,IM,1.12,8,0.125,1.0,1.37,N,,08/2021,Analyst
19-2041.01,1.A.2.c.2,Wrist-Finger Speed,LV,0.12,8,0.125,0.0,0.37,N,Y,08/2021,Analyst
19-2041.01,1.A.2.c.3,Speed of Limb Movement,IM,1.0,8,0.0,1.0,1.0,N,,08/2021,Analyst
19-2041.01,1.A.2.c.3,Speed of Limb Movement,LV,0.0,8,0.0,0.0,0.0,N,Y,08/2021,Analyst
19-2041.01,1.A.3.a.1,Static Strength,IM,1.0,8,0.0,1.0,1.0,N,,08/2021,Analyst
19-2041.01,1.A.3.a.1,Static Strength,LV,0.0,8,0.0,0.0,0.0,N,Y,08/2021,Analyst
19-2041.01,1.A.3.a.2,Explosive Strength,IM,1.0,8,0.0,1.0,1.0,N,,08/2021,Analyst
19-2041.01,1.A.3.a.2,Explosive Strength,LV,0.0,8,0.0,0.0,0.0,N,Y,08/2021,Analyst
19-2041.01,1.A.3.a.3,Dynamic Strength,IM,1.0,8,0.0,1.0,1.0,N,,08/2021,Analyst
19-2041.01,1.A.3.a.3,Dynamic Strength,LV,0.0,8,0.0,0.0,0.0,N,Y,08/2021,Analyst
19-2041.01,1.A.3.a.4,Trunk Strength,IM,1.38,8,0.183,1.0164,1.7336,N,,08/2021,Analyst
19-2041.01,1.A.3.a.4,Trunk Strength,LV,0.62,8,0.3239,0.0,1.2598,N,N,08/2021,Analyst
19-2041.01,1.A.3.b.1,Stamina,IM,1.0,8,0.0,1.0,1.0,N,,08/2021,Analyst
19-2041.01,1.A.3.b.1,Stamina,LV,0.0,8,0.0,0.0,0.0,N,Y,08/2021,Analyst
19-2041.01,1.A.3.c.1,Extent Flexibility,IM,1.0,8,0.0,1.0,1.0,N,,08/2021,Analyst
19-2041.01,1.A.3.c.1,Extent Flexibility,LV,0.0,8,0.0,0.0,0.0,N,Y,08/2021,Analyst
19-2041.01,1.A.3.c.2,Dynamic Flexibility,IM,1.0,8,0.0,1.0,1.0,N,,08/2021,Analyst
19-2041.01,1.A.3.c.2,Dynamic Flexibility,LV,0.0,8,0.0,0.0,0.0,N,Y,08/2021,Analyst
19-2041.01,1.A.3.c.3,Gross Body Coordination,IM,1.0,8,0.0,1.0,1.0,N,,08/2021,Analyst
19-2041.01,1.A.3.c.3,Gross Body Coordination,LV,0.0,8,0.0,0.0,0.0,N,Y,08/2021,Analyst
19-2041.01,1.A.3.c.4,Gross Body Equilibrium,IM,1.0,8,0.0,1.0,1.0,N,,08/2021,Analyst
19-2041.01,1.A.3.c.4,Gross Body Equilibrium,LV,0.0,8,0.0,0.0,0.0,N,Y,08/2021,Analyst
19-2041.01,1.A.4.a.1,Near Vision,IM,3.75,8,0.1637,3.4292,4.0708,N,,08/2021,Analyst
19-2041.01,1.A.4.a.1,Near Vision,LV,3.25,8,0.1637,2.9292,3.5708,N,N,08/2021,Analyst
19-2041.01,1.A.4.a.2,Far Vision,IM,2.88,8,0.125,2.63,3.12,N,,08/2021,Analyst
19-2041.01,1.A.4.a.2,Far Vision,LV,3.0,8,0.0,3.0,3.0,N,N,08/2021,Analyst
19-2041.01,1.A.4.a.3,Visual Color Discrimination,IM,2.12,8,0.125,1.88,2.37,N,,08/2021,Analyst
19-2041.01,1.A.4.a.3,Visual Color Discrimination,LV,2.0,8,0.0,2.0,2.0,N,N,08/2021,Analyst
19-2041.01,1.A.4.a.4,Night Vision,IM,1.0,8,0.0,1.0,1.0,N,,08/2021,Analyst
19-2041.01,1.A.4.a.4,Night Vision,LV,0.0,8,0.0,0.0,0.0,N,Y,08/2021,Analyst
19-2041.01,1.A.4.a.5,Peripheral Vision,IM,1.0,8,0.0,1.0,1.0,N,,08/2021,Analyst
19-2041.01,1.A.4.a.5,Peripheral Vision,LV,0.0,8,0.0,0.0,0.0,N,Y,08/2021,Analyst
19-2041.01,1.A.4.a.6,Depth Perception,IM,1.62,8,0.183,1.2664,1.9836,N,,08/2021,Analyst
19-2041.01,1.A.4.a.6,Depth Perception,LV,0.62,8,0.183,0.2664,0.9836,N,N,08/2021,Analyst
19-2041.01,1.A.4.a.7,Glare Sensitivity,IM,1.0,8,0.0,1.0,1.0,N,,08/2021,Analyst
19-2041.01,1.A.4.a.7,Glare Sensitivity,LV,0.0,8,0.0,0.0,0.0,N,Y,08/2021,Analyst
19-2041.01,1.A.4.b.1,Hearing Sensitivity,IM,1.88,8,0.125,1.63,2.12,N,,08/2021,Analyst
19-2041.01,1.A.4.b.1,Hearing Sensitivity,LV,1.12,8,0.2266,0.6809,1.5691,N,N,08/2021,Analyst
19-2041.01,1.A.4.b.2,Auditory Attention,IM,1.88,8,0.125,1.63,2.12,N,,08/2021,Analyst
19-2041.01,1.A.4.b.2,Auditory Attention,LV,1.0,8,0.189,0.6296,1.3704,N,N,08/2021,Analyst
19-2041.01,1.A.4.b.3,Sound Localization,IM,1.0,8,0.0,1.0,1.0,N,,08/2021,Analyst
19-2041.01,1.A.4.b.3,Sound Localization,LV,0.0,8,0.0,0.0,0.0,N,Y,08/2021,Analyst
19-2041.01,1.A.4.b.4,Speech Recognition,IM,3.38,8,0.183,3.0164,3.7336,N,,08/2021,Analyst
19-2041.01,1.A.4.b.4,Speech Recognition,LV,3.88,8,0.125,3.63,4.12,N,N,08/2021,Analyst
19-2041.01,1.A.4.b.5,Speech Clarity,IM,3.38,8,0.183,3.0164,3.7336,N,,08/2021,Analyst
19-2041.01,1.A.4.b.5,Speech Clarity,LV,3.88,8,0.125,3.63,4.12,N,N,08/2021,Analyst
19-2041.02,1.A.1.a.1,Oral Comprehension,IM,4.0,8,0.0,4.0,4.0,N,,08/2021,Analyst
19-2041.02,1.A.1.a.1,Oral Comprehension,LV,4.75,8,0.25,4.26,5.24,N,N,08/2021,Analyst
19-2041.02,1.A.1.a.2,Written Comprehension,IM,4.0,8,0.0,4.0,4.0,N,,08/2021,Analyst
19-2041.02,1.A.1.a.2,Written Comprehension,LV,4.62,8,0.183,4.2664,4.9836,N,N,08/2021,Analyst
19-2041.02,1.A.1.a.3,Oral Expression,IM,4.0,8,0.0,4.0,4.0,N,,08/2021,Analyst
19-2041.02,1.A.1.a.3,Oral Expression,LV,4.5,8,0.189,4.1296,4.8704,N,N,08/2021,Analyst
19-2041.02,1.A.1.a.4,Written Expression,IM,4.0,8,0.0,4.0,4.0,N,,08/2021,Analyst
19-2041.02,1.A.1.a.4,Written Expression,LV,4.38,8,0.183,4.0164,4.7336,N,N,08/2021,Analyst
19-2041.02,1.A.1.b.1,Fluency of Ideas,IM,3.38,8,0.183,3.0164,3.7336,N,,08/2021,Analyst
19-2041.02,1.A.1.b.1,Fluency of Ideas,LV,3.88,8,0.2266,3.4309,4.3191,N,N,08/2021,Analyst
19-2041.02,1.A.1.b.2,Originality,IM,3.12,8,0.125,2.88,3.37,N,,08/2021,Analyst
19-2041.02,1.A.1.b.2,Originality,LV,3.88,8,0.2266,3.4309,4.3191,N,N,08/2021,Analyst
19-2041.02,1.A.1.b.3,Problem Sensitivity,IM,3.75,8,0.1637,3.4292,4.0708,N,,08/2021,Analyst
19-2041.02,1.A.1.b.3,Problem Sensitivity,LV,4.0,8,0.0,4.0,4.0,N,N,08/2021,Analyst
19-2041.02,1.A.1.b.4,Deductive Reasoning,IM,3.88,8,0.125,3.63,4.12,N,,08/2021,Analyst
19-2041.02,1.A.1.b.4,Deductive Reasoning,LV,4.25,8,0.1637,3.9292,4.5708,N,N,08/2021,Analyst
19-2041.02,1.A.1.b.5,Inductive Reasoning,IM,4.0,8,0.0,4.0,4.0,N,,08/2021,Analyst
19-2041.02,1.A.1.b.5,Inductive Reasoning,LV,4.25,8,0.1637,3.9292,4.5708,N,N,08/2021,Analyst
19-2041.02,1.A.1.b.6,Information Ordering,IM,3.75,8,0.1637,3.4292,4.0708,N,,08/2021,Analyst
19-2041.02,1.A.1.b.6,Information Ordering,LV,4.12,8,0.125,3.88,4.37,N,N,08/2021,Analyst
19-2041.02,1.A.1.b.7,Category Flexibility,IM,3.38,8,0.183,3.0164,3.7336,N,,08/2021,Analyst
19-2041.02,1.A.1.b.7,Category Flexibility,LV,3.88,8,0.2266,3.4309,4.3191,N,N,08/2021,Analyst
19-2041.02,1.A.1.c.1,Mathematical Reasoning,IM,3.38,8,0.183,3.0164,3.7336,N,,08/2021,Analyst
19-2041.02,1.A.1.c.1,Mathematical Reasoning,LV,3.5,8,0.2673,2.9762,4.0238,N,N,08/2021,Analyst
19-2041.02,1.A.1.c.2,Number Facility,IM,3.25,8,0.1637,2.9292,3.5708,N,,08/2021,Analyst
19-2041.02,1.A.1.c.2,Number Facility,LV,3.25,8,0.1637,2.9292,3.5708,N,N,08/2021,Analyst
19-2041.02,1.A.1.d.1,Memorization,IM,2.38,8,0.2631,1.8594,2.8906,N,,08/2021,Analyst
19-2041.02,1.A.1.d.1,Memorization,LV,2.88,8,0.2266,2.4309,3.3191,N,N,08/2021,Analyst
19-2041.02,1.A.1.e.1,Speed of Closure,IM,2.62,8,0.183,2.2664,2.9836,N,,08/2021,Analyst
19-2041.02,1.A.1.e.1,Speed of Closure,LV,3.0,8,0.189,2.6296,3.3704,N,N,08/2021,Analyst
19-2041.02,1.A.1.e.2,Flexibility of Closure,IM,3.0,8,0.0,3.0,3.0,N,,08/2021,Analyst
19-2041.02,1.A.1.e.2,Flexibility of Closure,LV,3.12,8,0.125,2.88,3.37,N,N,08/2021,Analyst
19-2041.02,1.A.1.e.3,Perceptual Speed,IM,2.88,8,0.125,2.63,3.12,N,,08/2021,Analyst
19-2041.02,1.A.1.e.3,Perceptual Speed,LV,3.0,8,0.0,3.0,3.0,N,N,08/2021,Analyst
19-2041.02,1.A.1.f.1,Spatial Orientation,IM,1.88,8,0.125,1.63,2.12,N,,08/2021,Analyst
19-2041.02,1.A.1.f.1,Spatial Orientation,LV,1.75,8,0.25,1.26,2.24,N,N,08/2021,Analyst
19-2041.02,1.A.1.f.2,Visualization,IM,3.12,8,0.125,2.88,3.37,N,,08/2021,Analyst
19-2041.02,1.A.1.f.2,Visualization,LV,3.38,8,0.2631,2.8594,3.8906,N,N,08/2021,Analyst
19-2041.02,1.A.1.g.1,Selective Attention,IM,2.88,8,0.125,2.63,3.12,N,,08/2021,Analyst
19-2041.02,1.A.1.g.1,Selective Attention,LV,3.0,8,0.0,3.0,3.0,N,N,08/2021,Analyst
19-2041.02,1.A.1.g.2,Time Sharing,IM,2.75,8,0.1637,2.4292,3.0708,N,,08/2021,Analyst
19-2041.02,1.A.1.g.2,Time Sharing,LV,2.88,8,0.125,2.63,3.12,N,N,08/2021,Analyst
19-2041.02,1.A.2.a.1,Arm-Hand Steadiness,IM,1.88,8,0.125,1.63,2.12,N,,08/2021,Analyst
19-2041.02,1.A.2.a.1,Arm-Hand Steadiness,LV,1.75,8,0.25,1.26,2.24,N,N,08/2021,Analyst
19-2041.02,1.A.2.a.2,Manual Dexterity,IM,1.88,8,0.125,1.63,2.12,N,,08/2021,Analyst
19-2041.02,1.A.2.a.2,Manual Dexterity,LV,1.75,8,0.25,1.26,2.24,N,N,08/2021,Analyst
19-2041.02,1.A.2.a.3,Finger Dexterity,IM,2.25,8,0.1637,1.9292,2.5708,N,,08/2021,Analyst
19-2041.02,1.A.2.a.3,Finger Dexterity,LV,2.12,8,0.125,1.88,2.37,N,N,08/2021,Analyst
19-2041.02,1.A.2.b.1,Control Precision,IM,1.88,8,0.125,1.63,2.12,N,,08/2021,Analyst
19-2041.02,1.A.2.b.1,Control Precision,LV,2.0,8,0.3273,1.3584,2.6416,N,N,08/2021,Analyst
19-2041.02,1.A.2.b.2,Multilimb Coordination,IM,2.0,8,0.0,2.0,2.0,N,,08/2021,Analyst
19-2041.02,1.A.2.b.2,Multilimb Coordination,LV,2.12,8,0.125,1.88,2.37,N,N,08/2021,Analyst
19-2041.02,1.A.2.b.3,Response Orientation,IM,1.88,8,0.125,1.63,2.12,N,,08/2021,Analyst
19-2041.02,1.A.2.b.3,Response Orientation,LV,1.62,8,0.2631,1.1094,2.1406,N,N,08/2021,Analyst
19-2041.02,1.A.2.b.4,Rate Control,IM,1.88,8,0.125,1.63,2.12,N,,08/2021,Analyst
19-2041.02,1.A.2.b.4,Rate Control,LV,0.88,8,0.125,0.63,1.12,N,N,08/2021,Analyst
19-2041.02,1.A.2.c.1,Reaction Time,IM,1.88,8,0.125,1.63,2.12,N,,08/2021,Analyst
19-2041.02,1.A.2.c.1,Reaction Time,LV,1.12,8,0.2266,0.6809,1.5691,N,N,08/2021,Analyst
19-2041.02,1.A.2.c.2,Wrist-Finger Speed,IM,1.5,8,0.189,1.1296,1.8704,N,,08/2021,Analyst
19-2041.02,1.A.2.c.2,Wrist-Finger Speed,LV,0.62,8,0.2631,0.1094,1.1406,N,N,08/2021,Analyst
19-2041.02,1.A.2.c.3,Speed of Limb Movement,IM,1.5,8,0.189,1.1296,1.8704,N,,08/2021,Analyst
19-2041.02,1.A.2.c.3,Speed of Limb Movement,LV,0.5,8,0.189,0.1296,0.8704,N,N,08/2021,Analyst
19-2041.02,1.A.3.a.1,Static Strength,IM,1.88,8,0.125,1.63,2.12,N,,08/2021,Analyst
19-2041.02,1.A.3.a.1,Static Strength,LV,1.62,8,0.2631,1.1094,2.1406,N,N,08/2021,Analyst
19-2041.02,1.A.3.a.2,Explosive Strength,IM,1.12,8,0.125,1.0,1.37,N,,08/2021,Analyst
19-2041.02,1.A.3.a.2,Explosive Strength,LV,0.12,8,0.125,0.0,0.37,N,Y,08/2021,Analyst
19-2041.02,1.A.3.a.3,Dynamic Strength,IM,1.5,8,0.189,1.1296,1.8704,N,,08/2021,Analyst
19-2041.02,1.A.3.a.3,Dynamic Strength,LV,0.5,8,0.189,0.1296,0.8704,N,N,08/2021,Analyst
19-2041.02,1.A.3.a.4,Trunk Strength,IM,2.12,8,0.125,1.88,2.37,N,,08/2021,Analyst
19-2041.02,1.A.3.a.4,Trunk Strength,LV,2.0,8,0.0,2.0,2.0,N,N,08/2021,Analyst
19-2041.02,1.A.3.b.1,Stamina,IM,1.75,8,0.1637,1.4292,2.0708,N,,08/2021,Analyst
19-2041.02,1.A.3.b.1,Stamina,LV,1.38,8,0.3239,0.7402,2.0098,N,N,08/2021,Analyst
19-2041.02,1.A.3.c.1,Extent Flexibility,IM,1.88,8,0.125,1.63,2.12,N,,08/2021,Analyst
19-2041.02,1.A.3.c.1,Extent Flexibility,LV,1.25,8,0.25,0.76,1.74,N,N,08/2021,Analyst
19-2041.02,1.A.3.c.2,Dynamic Flexibility,IM,1.0,8,0.0,1.0,1.0,N,,08/2021,Analyst
19-2041.02,1.A.3.c.2,Dynamic Flexibility,LV,0.0,8,0.0,0.0,0.0,N,Y,08/2021,Analyst
19-2041.02,1.A.3.c.3,Gross Body Coordination,IM,1.62,8,0.183,1.2664,1.9836,N,,08/2021,Analyst
19-2041.02,1.A.3.c.3,Gross Body Coordination,LV,0.75,8,0.25,0.26,1.24,N,N,08/2021,Analyst
19-2041.02,1.A.3.c.4,Gross Body Equilibrium,IM,1.62,8,0.183,1.2664,1.9836,N,,08/2021,Analyst
19-2041.02,1.A.3.c.4,Gross Body Equilibrium,LV,0.62,8,0.183,0.2664,0.9836,N,N,08/2021,Analyst
19-2041.02,1.A.4.a.1,Near Vision,IM,3.62,8,0.183,3.2664,3.9836,N,,08/2021,Analyst
19-2041.02,1.A.4.a.1,Near Vision,LV,3.75,8,0.1637,3.4292,4.0708,N,N,08/2021,Analyst
19-2041.02,1.A.4.a.2,Far Vision,IM,3.25,8,0.1637,2.9292,3.5708,N,,08/2021,Analyst
19-2041.02,1.A.4.a.2,Far Vision,LV,3.25,8,0.1637,2.9292,3.5708,N,N,08/2021,Analyst
19-2041.02,1.A.4.a.3,Visual Color Discrimination,IM,2.88,8,0.125,2.63,3.12,N,,08/2021,Analyst
19-2041.02,1.A.4.a.3,Visual Color Discrimination,LV,2.88,8,0.125,2.63,3.12,N,N,08/2021,Analyst
19-2041.02,1.A.4.a.4,Night Vision,IM,1.62,8,0.183,1.2664,1.9836,N,,08/2021,Analyst
19-2041.02,1.A.4.a.4,Night Vision,LV,1.0,8,0.3273,0.3584,1.6416,N,N,08/2021,Analyst
19-2041.02,1.A.4.a.5,Peripheral Vision,IM,1.75,8,0.1637,1.4292,2.0708,N,,08/2021,Analyst
19-2041.02,1.A.4.a.5,Peripheral Vision,LV,1.12,8,0.295,0.5467,1.7033,N,N,08/2021,Analyst
19-2041.02,1.A.4.a.6,Depth Perception,IM,2.25,8,0.1637,1.9292,2.5708,N,,08/2021,Analyst
19-2041.02,1.A.4.a.6,Depth Perception,LV,2.25,8,0.1637,1.9292,2.5708,N,N,08/2021,Analyst
19-2041.02,1.A.4.a.7,Glare Sensitivity,IM,1.88,8,0.2266,1.4309,2.3191,N,,08/2021,Analyst
19-2041.02,1.A.4.a.7,Glare Sensitivity,LV,1.0,8,0.2673,0.4762,1.5238,N,N,08/2021,Analyst
19-2041.02,1.A.4.b.1,Hearing Sensitivity,IM,2.0,8,0.189,1.6296,2.3704,N,,08/2021,Analyst
19-2041.02,1.A.4.b.1,Hearing Sensitivity,LV,1.75,8,0.25,1.26,2.24,N,N,08/2021,Analyst
19-2041.02,1.A.4.b.2,Auditory Attention,IM,2.0,8,0.0,2.0,2.0,N,,08/2021,Analyst
19-2041.02,1.A.4.b.2,Auditory Attention,LV,2.0,8,0.0,2.0,2.0,N,N,08/2021,Analyst
19-2041.02,1.A.4.b.3,Sound Localization,IM,1.62,8,0.183,1.2664,1.9836,N,,08/2021,Analyst
19-2041.02,1.A.4.b.3,Sound Localization,LV,0.75,8,0.25,0.26,1.24,N,N,08/2021,Analyst
19-2041.02,1.A.4.b.4,Speech Recognition,IM,3.75,8,0.1637,3.4292,4.0708,N,,08/2021,Analyst
19-2041.02,1.A.4.b.4,Speech Recognition,LV,3.88,8,0.125,3.63,4.12,N,N,08/2021,Analyst
19-2041.02,1.A.4.b.5,Speech Clarity,IM,3.75,8,0.1637,3.4292,4.0708,N,,08/2021,Analyst
19-2041.02,1.A.4.b.5,Speech Clarity,LV,3.88,8,0.125,3.63,4.12,N,N,08/2021,Analyst
19-2041.03,1.A.1.a.1,Oral Comprehension,IM,3.75,8,0.25,3.26,4.24,N,,08/2021,Analyst
19-2041.03,1.A.1.a.1,Oral Comprehension,LV,4.88,8,0.125,4.63,5.12,N,N,08/2021,Analyst
19-2041.03,1.A.1.a.2,Written Comprehension,IM,3.75,8,0.25,3.26,4.24,N,,08/2021,Analyst
19-2041.03,1.A.1.a.2,Written Comprehension,LV,4.88,8,0.125,4.63,5.12,N,N,08/2021,Analyst
19-2041.03,1.A.1.a.3,Oral Expression,IM,3.88,8,0.125,3.63,4.12,N,,08/2021,Analyst
19-2041.03,1.A.1.a.3,Oral Expression,LV,4.75,8,0.1637,4.4292,5.0708,N,N,08/2021,Analyst
19-2041.03,1.A.1.a.4,Written Expression,IM,4.0,8,0.0,4.0,4.0,N,,08/2021,Analyst
19-2041.03,1.A.1.a.4,Written Expression,LV,4.88,8,0.125,4.63,5.12,N,N,08/2021,Analyst
19-2041.03,1.A.1.b.1,Fluency of Ideas,IM,3.38,8,0.183,3.0164,3.7336,N,,08/2021,Analyst
19-2041.03,1.A.1.b.1,Fluency of Ideas,LV,4.0,8,0.0,4.0,4.0,N,N,08/2021,Analyst
19-2041.03,1.A.1.b.2,Originality,IM,3.38,8,0.183,3.0164,3.7336,N,,08/2021,Analyst
19-2041.03,1.A.1.b.2,Originality,LV,4.0,8,0.0,4.0,4.0,N,N,08/2021,Analyst
19-2041.03,1.A.1.b.3,Problem Sensitivity,IM,3.88,8,0.125,3.63,4.12,N,,08/2021,Analyst
19-2041.03,1.A.1.b.3,Problem Sensitivity,LV,4.62,8,0.183,4.2664,4.9836,N,N,08/2021,Analyst
19-2041.03,1.A.1.b.4,Deductive Reasoning,IM,4.12,8,0.125,3.88,4.37,N,,08/2021,Analyst
19-2041.03,1.A.1.b.4,Deductive Reasoning,LV,4.75,8,0.1637,4.4292,5.0708,N,N,08/2021,Analyst
19-2041.03,1.A.1.b.5,Inductive Reasoning,IM,4.12,8,0.125,3.88,4.37,N,,08/2021,Analyst
19-2041.03,1.A.1.b.5,Inductive Reasoning,LV,4.62,8,0.183,4.2664,4.9836,N,N,08/2021,Analyst
19-2041.03,1.A.1.b.6,Information Ordering,IM,3.75,8,0.1637,3.4292,4.0708,N,,08/2021,Analyst
19-2041.03,1.A.1.b.6,Information Ordering,LV,3.88,8,0.125,3.63,4.12,N,N,08/2021,Analyst
19-2041.03,1.A.1.b.7,Category Flexibility,IM,3.5,8,0.189,3.1296,3.8704,N,,08/2021,Analyst
19-2041.03,1.A.1.b.7,Category Flexibility,LV,3.88,8,0.125,3.63,4.12,N,N,08/2021,Analyst
19-2041.03,1.A.1.c.1,Mathematical Reasoning,IM,3.62,8,0.183,3.2664,3.9836,N,,08/2021,Analyst
19-2041.03,1.A.1.c.1,Mathematical Reasoning,LV,3.88,8,0.2266,3.4309,4.3191,N,N,08/2021,Analyst
19-2041.03,1.A.1.c.2,Number Facility,IM,3.0,8,0.189,2.6296,3.3704,N,,08/2021,Analyst
19-2041.03,1.A.1.c.2,Number Facility,LV,3.75,8,0.25,3.26,4.24,N,N,08/2021,Analyst
19-2041.03,1.A.1.d.1,Memorization,IM,2.38,8,0.183,2.0164,2.7336,N,,08/2021,Analyst
19-2041.03,1.A.1.d.1,Memorization,LV,2.62,8,0.2631,2.1094,3.1406,N,N,08/2021,Analyst
19-2041.03,1.A.1.e.1,Speed of Closure,IM,2.75,8,0.1637,2.4292,3.0708,N,,08/2021,Analyst
19-2041.03,1.A.1.e.1,Speed of Closure,LV,3.0,8,0.189,2.6296,3.3704,N,N,08/2021,Analyst
19-2041.03,1.A.1.e.2,Flexibility of Closure,IM,3.25,8,0.1637,2.9292,3.5708,N,,08/2021,Analyst
19-2041.03,1.A.1.e.2,Flexibility of Closure,LV,3.75,8,0.1637,3.4292,4.0708,N,N,08/2021,Analyst
19-2041.03,1.A.1.e.3,Perceptual Speed,IM,2.88,8,0.125,2.63,3.12,N,,08/2021,Analyst
19-2041.03,1.A.1.e.3,Perceptual Speed,LV,2.88,8,0.125,2.63,3.12,N,N,08/2021,Analyst
19-2041.03,1.A.1.f.1,Spatial Orientation,IM,1.12,8,0.125,1.0,1.37,N,,08/2021,Analyst
19-2041.03,1.A.1.f.1,Spatial Orientation,LV,0.12,8,0.125,0.0,0.37,N,Y,08/2021,Analyst
19-2041.03,1.A.1.f.2,Visualization,IM,2.75,8,0.1637,2.4292,3.0708,N,,08/2021,Analyst
19-2041.03,1.A.1.f.2,Visualization,LV,2.88,8,0.125,2.63,3.12,N,N,08/2021,Analyst
19-2041.03,1.A.1.g.1,Selective Attention,IM,2.88,8,0.125,2.63,3.12,N,,08/2021,Analyst
19-2041.03,1.A.1.g.1,Selective Attention,LV,2.75,8,0.1637,2.4292,3.0708,N,N,08/2021,Analyst
19-2041.03,1.A.1.g.2,Time Sharing,IM,2.0,8,0.0,2.0,2.0,N,,08/2021,Analyst
19-2041.03,1.A.1.g.2,Time Sharing,LV,2.0,8,0.0,2.0,2.0,N,N,08/2021,Analyst
19-2041.03,1.A.2.a.1,Arm-Hand Steadiness,IM,1.0,8,0.0,1.0,1.0,N,,08/2021,Analyst
19-2041.03,1.A.2.a.1,Arm-Hand Steadiness,LV,0.0,8,0.0,0.0,0.0,N,Y,08/2021,Analyst
19-2041.03,1.A.2.a.2,Manual Dexterity,IM,1.0,8,0.0,1.0,1.0,N,,08/2021,Analyst
19-2041.03,1.A.2.a.2,Manual Dexterity,LV,0.0,8,0.0,0.0,0.0,N,Y,08/2021,Analyst
19-2041.03,1.A.2.a.3,Finger Dexterity,IM,1.0,8,0.0,1.0,1.0,N,,08/2021,Analyst
19-2041.03,1.A.2.a.3,Finger Dexterity,LV,0.0,8,0.0,0.0,0.0,N,Y,08/2021,Analyst
19-2041.03,1.A.2.b.1,Control Precision,IM,1.0,8,0.0,1.0,1.0,N,,08/2021,Analyst
19-2041.03,1.A.2.b.1,Control Precision,LV,0.0,8,0.0,0.0,0.0,N,Y,08/2021,Analyst
19-2041.03,1.A.2.b.2,Multilimb Coordination,IM,1.0,8,0.0,1.0,1.0,N,,08/2021,Analyst
19-2041.03,1.A.2.b.2,Multilimb Coordination,LV,0.0,8,0.0,0.0,0.0,N,Y,08/2021,Analyst
19-2041.03,1.A.2.b.3,Response Orientation,IM,1.0,8,0.0,1.0,1.0,N,,08/2021,Analyst
19-2041.03,1.A.2.b.3,Response Orientation,LV,0.0,8,0.0,0.0,0.0,N,Y,08/2021,Analyst
19-2041.03,1.A.2.b.4,Rate Control,IM,1.0,8,0.0,1.0,1.0,N,,08/2021,Analyst
19-2041.03,1.A.2.b.4,Rate Control,LV,0.0,8,0.0,0.0,0.0,N,Y,08/2021,Analyst
19-2041.03,1.A.2.c.1,Reaction Time,IM,1.0,8,0.0,1.0,1.0,N,,08/2021,Analyst
19-2041.03,1.A.2.c.1,Reaction Time,LV,0.0,8,0.0,0.0,0.0,N,Y,08/2021,Analyst
19-2041.03,1.A.2.c.2,Wrist-Finger Speed,IM,1.75,8,0.1637,1.4292,2.0708,N,,08/2021,Analyst
19-2041.03,1.A.2.c.2,Wrist-Finger Speed,LV,1.25,8,0.3134,0.6358,1.8642,N,N,08/2021,Analyst
19-2041.03,1.A.2.c.3,Speed of Limb Movement,IM,1.0,8,0.0,1.0,1.0,N,,08/2021,Analyst
19-2041.03,1.A.2.c.3,Speed of Limb Movement,LV,0.0,8,0.0,0.0,0.0,N,Y,08/2021,Analyst
19-2041.03,1.A.3.a.1,Static Strength,IM,1.0,8,0.0,1.0,1.0,N,,08/2021,Analyst
19-2041.03,1.A.3.a.1,Static Strength,LV,0.0,8,0.0,0.0,0.0,N,Y,08/2021,Analyst
19-2041.03,1.A.3.a.2,Explosive Strength,IM,1.0,8,0.0,1.0,1.0,N,,08/2021,Analyst
19-2041.03,1.A.3.a.2,Explosive Strength,LV,0.0,8,0.0,0.0,0.0,N,Y,08/2021,Analyst
19-2041.03,1.A.3.a.3,Dynamic Strength,IM,1.0,8,0.0,1.0,1.0,N,,08/2021,Analyst
19-2041.03,1.A.3.a.3,Dynamic Strength,LV,0.0,8,0.0,0.0,0.0,N,Y,08/2021,Analyst
19-2041.03,1.A.3.a.4,Trunk Strength,IM,2.0,8,0.0,2.0,2.0,N,,08/2021,Analyst
19-2041.03,1.A.3.a.4,Trunk Strength,LV,1.25,8,0.1637,0.9292,1.5708,N,N,08/2021,Analyst
19-2041.03,1.A.3.b.1,Stamina,IM,1.0,8,0.0,1.0,1.0,N,,08/2021,Analyst
19-2041.03,1.A.3.b.1,Stamina,LV,0.0,8,0.0,0.0,0.0,N,Y,08/2021,Analyst
19-2041.03,1.A.3.c.1,Extent Flexibility,IM,1.0,8,0.0,1.0,1.0,N,,08/2021,Analyst
19-2041.03,1.A.3.c.1,Extent Flexibility,LV,0.0,8,0.0,0.0,0.0,N,Y,08/2021,Analyst
19-2041.03,1.A.3.c.2,Dynamic Flexibility,IM,1.0,8,0.0,1.0,1.0,N,,08/2021,Analyst
19-2041.03,1.A.3.c.2,Dynamic Flexibility,LV,0.0,8,0.0,0.0,0.0,N,Y,08/2021,Analyst
19-2041.03,1.A.3.c.3,Gross Body Coordination,IM,1.0,8,0.0,1.0,1.0,N,,08/2021,Analyst
19-2041.03,1.A.3.c.3,Gross Body Coordination,LV,0.0,8,0.0,0.0,0.0,N,Y,08/2021,Analyst
19-2041.03,1.A.3.c.4,Gross Body Equilibrium,IM,1.0,8,0.0,1.0,1.0,N,,08/2021,Analyst
19-2041.03,1.A.3.c.4,Gross Body Equilibrium,LV,0.0,8,0.0,0.0,0.0,N,Y,08/2021,Analyst
19-2041.03,1.A.4.a.1,Near Vision,IM,3.75,8,0.1637,3.4292,4.0708,N,,08/2021,Analyst
19-2041.03,1.A.4.a.1,Near Vision,LV,3.75,8,0.1637,3.4292,4.0708,N,N,08/2021,Analyst
19-2041.03,1.A.4.a.2,Far Vision,IM,3.0,8,0.0,3.0,3.0,N,,08/2021,Analyst
19-2041.03,1.A.4.a.2,Far Vision,LV,3.0,8,0.0,3.0,3.0,N,N,08/2021,Analyst
19-2041.03,1.A.4.a.3,Visual Color Discrimination,IM,1.88,8,0.125,1.63,2.12,N,,08/2021,Analyst
19-2041.03,1.A.4.a.3,Visual Color Discrimination,LV,1.75,8,0.25,1.26,2.24,N,N,08/2021,Analyst
19-2041.03,1.A.4.a.4,Night Vision,IM,1.0,8,0.0,1.0,1.0,N,,08/2021,Analyst
19-2041.03,1.A.4.a.4,Night Vision,LV,0.0,8,0.0,0.0,0.0,N,Y,08/2021,Analyst
19-2041.03,1.A.4.a.5,Peripheral Vision,IM,1.0,8,0.0,1.0,1.0,N,,08/2021,Analyst
19-2041.03,1.A.4.a.5,Peripheral Vision,LV,0.0,8,0.0,0.0,0.0,N,Y,08/2021,Analyst
19-2041.03,1.A.4.a.6,Depth Perception,IM,1.88,8,0.125,1.63,2.12,N,,08/2021,Analyst
19-2041.03,1.A.4.a.6,Depth Perception,LV,1.25,8,0.25,0.76,1.74,N,N,08/2021,Analyst
19-2041.03,1.A.4.a.7,Glare Sensitivity,IM,1.0,8,0.0,1.0,1.0,N,,08/2021,Analyst
19-2041.03,1.A.4.a.7,Glare Sensitivity,LV,0.0,8,0.0,0.0,0.0,N,Y,08/2021,Analyst
19-2041.03,1.A.4.b.1,Hearing Sensitivity,IM,2.0,8,0.0,2.0,2.0,N,,08/2021,Analyst
19-2041.03,1.A.4.b.1,Hearing Sensitivity,LV,1.62,8,0.183,1.2664,1.9836,N,N,08/2021,Analyst
19-2041.03,1.A.4.b.2,Auditory Attention,IM,2.0,8,0.0,2.0,2.0,N,,08/2021,Analyst
19-2041.03,1.A.4.b.2,Auditory Attention,LV,1.5,8,0.189,1.1296,1.8704,N,N,08/2021,Analyst
19-2041.03,1.A.4.b.3,Sound Localization,IM,1.0,8,0.0,1.0,1.0,N,,08/2021,Analyst
19-2041.03,1.A.4.b.3,Sound Localization,LV,0.0,8,0.0,0.0,0.0,N,Y,08/2021,Analyst
19-2041.03,1.A.4.b.4,Speech Recognition,IM,3.62,8,0.183,3.2664,3.9836,N,,08/2021,Analyst
19-2041.03,1.A.4.b.4,Speech Recognition,LV,3.75,8,0.1637,3.4292,4.0708,N,N,08/2021,Analyst
19-2041.03,1.A.4.b.5,Speech Clarity,IM,3.75,8,0.1637,3.4292,4.0708,N,,08/2021,Analyst
19-2041.03,1.A.4.b.5,Speech Clarity,LV,3.38,8,0.183,3.0164,3.7336,N,N,08/2021,Analyst
19-2042.00,1.A.1.a.1,Oral Comprehension,IM,4.0,8,0.0,4.0,4.0,N,,08/2020,Analyst
19-2042.00,1.A.1.a.1,Oral Comprehension,LV,5.12,8,0.125,4.88,5.37,N,N,08/2020,Analyst
19-2042.00,1.A.1.a.2,Written Comprehension,IM,4.12,8,0.125,3.88,4.37,N,,08/2020,Analyst
19-2042.00,1.A.1.a.2,Written Comprehension,LV,5.0,8,0.189,4.6296,5.3704,N,N,08/2020,Analyst
19-2042.00,1.A.1.a.3,Oral Expression,IM,4.0,8,0.0,4.0,4.0,N,,08/2020,Analyst
19-2042.00,1.A.1.a.3,Oral Expression,LV,5.0,8,0.189,4.6296,5.3704,N,N,08/2020,Analyst
19-2042.00,1.A.1.a.4,Written Expression,IM,4.0,8,0.0,4.0,4.0,N,,08/2020,Analyst
19-2042.00,1.A.1.a.4,Written Expression,LV,4.38,8,0.183,4.0164,4.7336,N,N,08/2020,Analyst
19-2042.00,1.A.1.b.1,Fluency of Ideas,IM,3.38,8,0.183,3.0164,3.7336,N,,08/2020,Analyst
19-2042.00,1.A.1.b.1,Fluency of Ideas,LV,3.88,8,0.3504,3.1883,4.5617,N,N,08/2020,Analyst
19-2042.00,1.A.1.b.2,Originality,IM,3.12,8,0.125,2.88,3.37,N,,08/2020,Analyst
19-2042.00,1.A.1.b.2,Originality,LV,3.38,8,0.2631,2.8594,3.8906,N,N,08/2020,Analyst
19-2042.00,1.A.1.b.3,Problem Sensitivity,IM,4.0,8,0.0,4.0,4.0,N,,08/2020,Analyst
19-2042.00,1.A.1.b.3,Problem Sensitivity,LV,4.25,8,0.1637,3.9292,4.5708,N,N,08/2020,Analyst
19-2042.00,1.A.1.b.4,Deductive Reasoning,IM,4.0,8,0.0,4.0,4.0,N,,08/2020,Analyst
19-2042.00,1.A.1.b.4,Deductive Reasoning,LV,4.38,8,0.2631,3.8594,4.8906,N,N,08/2020,Analyst
19-2042.00,1.A.1.b.5,Inductive Reasoning,IM,4.12,8,0.125,3.88,4.37,N,,08/2020,Analyst
19-2042.00,1.A.1.b.5,Inductive Reasoning,LV,4.5,8,0.2673,3.9762,5.0238,N,N,08/2020,Analyst
19-2042.00,1.A.1.b.6,Information Ordering,IM,3.88,8,0.125,3.63,4.12,N,,08/2020,Analyst
19-2042.00,1.A.1.b.6,Information Ordering,LV,4.12,8,0.125,3.88,4.37,N,N,08/2020,Analyst
19-2042.00,1.A.1.b.7,Category Flexibility,IM,4.0,8,0.0,4.0,4.0,N,,08/2020,Analyst
19-2042.00,1.A.1.b.7,Category Flexibility,LV,4.25,8,0.25,3.76,4.74,N,N,08/2020,Analyst
19-2042.00,1.A.1.c.1,Mathematical Reasoning,IM,3.75,8,0.1637,3.4292,4.0708,N,,08/2020,Analyst
19-2042.00,1.A.1.c.1,Mathematical Reasoning,LV,4.25,8,0.1637,3.9292,4.5708,N,N,08/2020,Analyst
19-2042.00,1.A.1.c.2,Number Facility,IM,3.25,8,0.1637,2.9292,3.5708,N,,08/2020,Analyst
19-2042.00,1.A.1.c.2,Number Facility,LV,3.5,8,0.2673,2.9762,4.0238,N,N,08/2020,Analyst
19-2042.00,1.A.1.d.1,Memorization,IM,2.38,8,0.183,2.0164,2.7336,N,,08/2020,Analyst
19-2042.00,1.A.1.d.1,Memorization,LV,2.38,8,0.183,2.0164,2.7336,N,N,08/2020,Analyst
19-2042.00,1.A.1.e.1,Speed of Closure,IM,2.88,8,0.2266,2.4309,3.3191,N,,08/2020,Analyst
19-2042.00,1.A.1.e.1,Speed of Closure,LV,2.88,8,0.2266,2.4309,3.3191,N,N,08/2020,Analyst
19-2042.00,1.A.1.e.2,Flexibility of Closure,IM,3.25,8,0.1637,2.9292,3.5708,N,,08/2020,Analyst
19-2042.00,1.A.1.e.2,Flexibility of Closure,LV,3.5,8,0.189,3.1296,3.8704,N,N,08/2020,Analyst
19-2042.00,1.A.1.e.3,Perceptual Speed,IM,3.0,8,0.0,3.0,3.0,N,,08/2020,Analyst
19-2042.00,1.A.1.e.3,Perceptual Speed,LV,3.0,8,0.0,3.0,3.0,N,N,08/2020,Analyst
19-2042.00,1.A.1.f.1,Spatial Orientation,IM,2.0,8,0.189,1.6296,2.3704,N,,08/2020,Analyst
19-2042.00,1.A.1.f.1,Spatial Orientation,LV,1.25,8,0.25,0.76,1.74,N,N,08/2020,Analyst
19-2042.00,1.A.1.f.2,Visualization,IM,3.0,8,0.0,3.0,3.0,N,,08/2020,Analyst
19-2042.00,1.A.1.f.2,Visualization,LV,3.25,8,0.1637,2.9292,3.5708,N,N,08/2020,Analyst
19-2042.00,1.A.1.g.1,Selective Attention,IM,3.0,8,0.0,3.0,3.0,N,,08/2020,Analyst
19-2042.00,1.A.1.g.1,Selective Attention,LV,2.88,8,0.125,2.63,3.12,N,N,08/2020,Analyst
19-2042.00,1.A.1.g.2,Time Sharing,IM,2.25,8,0.1637,1.9292,2.5708,N,,08/2020,Analyst
19-2042.00,1.A.1.g.2,Time Sharing,LV,2.0,8,0.0,2.0,2.0,N,N,08/2020,Analyst
19-2042.00,1.A.2.a.1,Arm-Hand Steadiness,IM,2.0,8,0.0,2.0,2.0,N,,08/2020,Analyst
19-2042.00,1.A.2.a.1,Arm-Hand Steadiness,LV,1.75,8,0.1637,1.4292,2.0708,N,N,08/2020,Analyst
19-2042.00,1.A.2.a.2,Manual Dexterity,IM,1.75,8,0.1637,1.4292,2.0708,N,,08/2020,Analyst
19-2042.00,1.A.2.a.2,Manual Dexterity,LV,1.0,8,0.2673,0.4762,1.5238,N,N,08/2020,Analyst
19-2042.00,1.A.2.a.3,Finger Dexterity,IM,1.75,8,0.1637,1.4292,2.0708,N,,08/2020,Analyst
19-2042.00,1.A.2.a.3,Finger Dexterity,LV,1.5,8,0.3273,0.8584,2.1416,N,N,08/2020,Analyst
19-2042.00,1.A.2.b.1,Control Precision,IM,2.0,8,0.0,2.0,2.0,N,,08/2020,Analyst
19-2042.00,1.A.2.b.1,Control Precision,LV,2.0,8,0.0,2.0,2.0,N,N,08/2020,Analyst
19-2042.00,1.A.2.b.2,Multilimb Coordination,IM,2.0,8,0.0,2.0,2.0,N,,08/2020,Analyst
19-2042.00,1.A.2.b.2,Multilimb Coordination,LV,2.0,8,0.0,2.0,2.0,N,N,08/2020,Analyst
19-2042.00,1.A.2.b.3,Response Orientation,IM,1.88,8,0.125,1.63,2.12,N,,08/2020,Analyst
19-2042.00,1.A.2.b.3,Response Orientation,LV,1.12,8,0.2266,0.6809,1.5691,N,N,08/2020,Analyst
19-2042.00,1.A.2.b.4,Rate Control,IM,1.88,8,0.125,1.63,2.12,N,,08/2020,Analyst
19-2042.00,1.A.2.b.4,Rate Control,LV,0.88,8,0.125,0.63,1.12,N,N,08/2020,Analyst
19-2042.00,1.A.2.c.1,Reaction Time,IM,1.88,8,0.125,1.63,2.12,N,,08/2020,Analyst
19-2042.00,1.A.2.c.1,Reaction Time,LV,1.0,8,0.189,0.6296,1.3704,N,N,08/2020,Analyst
19-2042.00,1.A.2.c.2,Wrist-Finger Speed,IM,2.0,8,0.0,2.0,2.0,N,,08/2020,Analyst
19-2042.00,1.A.2.c.2,Wrist-Finger Speed,LV,1.25,8,0.1637,0.9292,1.5708,N,N,08/2020,Analyst
19-2042.00,1.A.2.c.3,Speed of Limb Movement,IM,1.38,8,0.183,1.0164,1.7336,N,,08/2020,Analyst
19-2042.00,1.A.2.c.3,Speed of Limb Movement,LV,0.38,8,0.183,0.0164,0.7336,N,N,08/2020,Analyst
19-2042.00,1.A.3.a.1,Static Strength,IM,1.75,8,0.1637,1.4292,2.0708,N,,08/2020,Analyst
19-2042.00,1.A.3.a.1,Static Strength,LV,1.0,8,0.2673,0.4762,1.5238,N,N,08/2020,Analyst
19-2042.00,1.A.3.a.2,Explosive Strength,IM,1.12,8,0.125,1.0,1.37,N,,08/2020,Analyst
19-2042.00,1.A.3.a.2,Explosive Strength,LV,0.12,8,0.125,0.0,0.37,N,Y,08/2020,Analyst
19-2042.00,1.A.3.a.3,Dynamic Strength,IM,1.75,8,0.1637,1.4292,2.0708,N,,08/2020,Analyst
19-2042.00,1.A.3.a.3,Dynamic Strength,LV,0.88,8,0.2266,0.4309,1.3191,N,N,08/2020,Analyst
19-2042.00,1.A.3.a.4,Trunk Strength,IM,2.25,8,0.25,1.76,2.74,N,,08/2020,Analyst
19-2042.00,1.A.3.a.4,Trunk Strength,LV,1.38,8,0.2631,0.8594,1.8906,N,N,08/2020,Analyst
19-2042.00,1.A.3.b.1,Stamina,IM,1.75,8,0.1637,1.4292,2.0708,N,,08/2020,Analyst
19-2042.00,1.A.3.b.1,Stamina,LV,0.88,8,0.2266,0.4309,1.3191,N,N,08/2020,Analyst
19-2042.00,1.A.3.c.1,Extent Flexibility,IM,1.62,8,0.183,1.2664,1.9836,N,,08/2020,Analyst
19-2042.00,1.A.3.c.1,Extent Flexibility,LV,0.75,8,0.25,0.26,1.24,N,N,08/2020,Analyst
19-2042.00,1.A.3.c.2,Dynamic Flexibility,IM,1.0,8,0.0,1.0,1.0,N,,08/2020,Analyst
19-2042.00,1.A.3.c.2,Dynamic Flexibility,LV,0.0,8,0.0,0.0,0.0,N,Y,08/2020,Analyst
19-2042.00,1.A.3.c.3,Gross Body Coordination,IM,1.88,8,0.125,1.63,2.12,N,,08/2020,Analyst
19-2042.00,1.A.3.c.3,Gross Body Coordination,LV,0.88,8,0.125,0.63,1.12,N,N,08/2020,Analyst
19-2042.00,1.A.3.c.4,Gross Body Equilibrium,IM,1.75,8,0.1637,1.4292,2.0708,N,,08/2020,Analyst
19-2042.00,1.A.3.c.4,Gross Body Equilibrium,LV,0.75,8,0.1637,0.4292,1.0708,N,N,08/2020,Analyst
19-2042.00,1.A.4.a.1,Near Vision,IM,3.62,8,0.183,3.2664,3.9836,N,,08/2020,Analyst
19-2042.00,1.A.4.a.1,Near Vision,LV,4.0,8,0.0,4.0,4.0,N,N,08/2020,Analyst
19-2042.00,1.A.4.a.2,Far Vision,IM,3.25,8,0.25,2.76,3.74,N,,08/2020,Analyst
19-2042.00,1.A.4.a.2,Far Vision,LV,3.38,8,0.183,3.0164,3.7336,N,N,08/2020,Analyst
19-2042.00,1.A.4.a.3,Visual Color Discrimination,IM,2.62,8,0.183,2.2664,2.9836,N,,08/2020,Analyst
19-2042.00,1.A.4.a.3,Visual Color Discrimination,LV,2.88,8,0.125,2.63,3.12,N,N,08/2020,Analyst
19-2042.00,1.A.4.a.4,Night Vision,IM,1.62,8,0.183,1.2664,1.9836,N,,08/2020,Analyst
19-2042.00,1.A.4.a.4,Night Vision,LV,0.75,8,0.25,0.26,1.24,N,N,08/2020,Analyst
19-2042.00,1.A.4.a.5,Peripheral Vision,IM,1.75,8,0.1637,1.4292,2.0708,N,,08/2020,Analyst
19-2042.00,1.A.4.a.5,Peripheral Vision,LV,0.88,8,0.2266,0.4309,1.3191,N,N,08/2020,Analyst
19-2042.00,1.A.4.a.6,Depth Perception,IM,1.88,8,0.125,1.63,2.12,N,,08/2020,Analyst
19-2042.00,1.A.4.a.6,Depth Perception,LV,2.0,8,0.3273,1.3584,2.6416,N,N,08/2020,Analyst
19-2042.00,1.A.4.a.7,Glare Sensitivity,IM,1.75,8,0.1637,1.4292,2.0708,N,,08/2020,Analyst
19-2042.00,1.A.4.a.7,Glare Sensitivity,LV,0.75,8,0.1637,0.4292,1.0708,N,N,08/2020,Analyst
19-2042.00,1.A.4.b.1,Hearing Sensitivity,IM,1.75,8,0.1637,1.4292,2.0708,N,,08/2020,Analyst
19-2042.00,1.A.4.b.1,Hearing Sensitivity,LV,1.38,8,0.3239,0.7402,2.0098,N,N,08/2020,Analyst
19-2042.00,1.A.4.b.2,Auditory Attention,IM,2.0,8,0.189,1.6296,2.3704,N,,08/2020,Analyst
19-2042.00,1.A.4.b.2,Auditory Attention,LV,1.75,8,0.25,1.26,2.24,N,N,08/2020,Analyst
19-2042.00,1.A.4.b.3,Sound Localization,IM,1.62,8,0.183,1.2664,1.9836,N,,08/2020,Analyst
19-2042.00,1.A.4.b.3,Sound Localization,LV,0.62,8,0.183,0.2664,0.9836,N,N,08/2020,Analyst
19-2042.00,1.A.4.b.4,Speech Recognition,IM,3.62,8,0.183,3.2664,3.9836,N,,08/2020,Analyst
19-2042.00,1.A.4.b.4,Speech Recognition,LV,3.38,8,0.183,3.0164,3.7336,N,N,08/2020,Analyst
19-2042.00,1.A.4.b.5,Speech Clarity,IM,3.75,8,0.1637,3.4292,4.0708,N,,08/2020,Analyst
19-2042.00,1.A.4.b.5,Speech Clarity,LV,4.12,8,0.2266,3.6809,4.5691,N,N,08/2020,Analyst
19-2043.00,1.A.1.a.1,Oral Comprehension,IM,4.0,8,0.0,4.0,4.0,N,,08/2018,Analyst
19-2043.00,1.A.1.a.1,Oral Comprehension,LV,5.0,8,0.189,4.6296,5.3704,N,N,08/2018,Analyst
19-2043.00,1.A.1.a.2,Written Comprehension,IM,4.0,8,0.189,3.6296,4.3704,N,,08/2018,Analyst
19-2043.00,1.A.1.a.2,Written Comprehension,LV,5.0,8,0.189,4.6296,5.3704,N,N,08/2018,Analyst
19-2043.00,1.A.1.a.3,Oral Expression,IM,4.0,8,0.0,4.0,4.0,N,,08/2018,Analyst
19-2043.00,1.A.1.a.3,Oral Expression,LV,4.88,8,0.2266,4.4309,5.3191,N,N,08/2018,Analyst
19-2043.00,1.A.1.a.4,Written Expression,IM,4.0,8,0.0,4.0,4.0,N,,08/2018,Analyst
19-2043.00,1.A.1.a.4,Written Expression,LV,4.62,8,0.183,4.2664,4.9836,N,N,08/2018,Analyst
19-2043.00,1.A.1.b.1,Fluency of Ideas,IM,3.5,8,0.189,3.1296,3.8704,N,,08/2018,Analyst
19-2043.00,1.A.1.b.1,Fluency of Ideas,LV,4.12,8,0.125,3.88,4.37,N,N,08/2018,Analyst
19-2043.00,1.A.1.b.2,Originality,IM,3.25,8,0.1637,2.9292,3.5708,N,,08/2018,Analyst
19-2043.00,1.A.1.b.2,Originality,LV,4.12,8,0.125,3.88,4.37,N,N,08/2018,Analyst
19-2043.00,1.A.1.b.3,Problem Sensitivity,IM,3.88,8,0.125,3.63,4.12,N,,08/2018,Analyst
19-2043.00,1.A.1.b.3,Problem Sensitivity,LV,4.25,8,0.1637,3.9292,4.5708,N,N,08/2018,Analyst
19-2043.00,1.A.1.b.4,Deductive Reasoning,IM,3.88,8,0.125,3.63,4.12,N,,08/2018,Analyst
19-2043.00,1.A.1.b.4,Deductive Reasoning,LV,4.5,8,0.2673,3.9762,5.0238,N,N,08/2018,Analyst
19-2043.00,1.A.1.b.5,Inductive Reasoning,IM,3.88,8,0.125,3.63,4.12,N,,08/2018,Analyst
19-2043.00,1.A.1.b.5,Inductive Reasoning,LV,4.62,8,0.2631,4.1094,5.1406,N,N,08/2018,Analyst
19-2043.00,1.A.1.b.6,Information Ordering,IM,3.62,8,0.183,3.2664,3.9836,N,,08/2018,Analyst
19-2043.00,1.A.1.b.6,Information Ordering,LV,3.88,8,0.125,3.63,4.12,N,N,08/2018,Analyst
19-2043.00,1.A.1.b.7,Category Flexibility,IM,3.75,8,0.1637,3.4292,4.0708,N,,08/2018,Analyst
19-2043.00,1.A.1.b.7,Category Flexibility,LV,4.0,8,0.189,3.6296,4.3704,N,N,08/2018,Analyst
19-2043.00,1.A.1.c.1,Mathematical Reasoning,IM,3.88,8,0.125,3.63,4.12,N,,08/2018,Analyst
19-2043.00,1.A.1.c.1,Mathematical Reasoning,LV,4.38,8,0.2631,3.8594,4.8906,N,N,08/2018,Analyst
19-2043.00,1.A.1.c.2,Number Facility,IM,3.25,8,0.1637,2.9292,3.5708,N,,08/2018,Analyst
19-2043.00,1.A.1.c.2,Number Facility,LV,4.0,8,0.378,3.2592,4.7408,N,N,08/2018,Analyst
19-2043.00,1.A.1.d.1,Memorization,IM,2.88,8,0.125,2.63,3.12,N,,08/2018,Analyst
19-2043.00,1.A.1.d.1,Memorization,LV,2.75,8,0.1637,2.4292,3.0708,N,N,08/2018,Analyst
19-2043.00,1.A.1.e.1,Speed of Closure,IM,2.75,8,0.1637,2.4292,3.0708,N,,08/2018,Analyst
19-2043.00,1.A.1.e.1,Speed of Closure,LV,2.88,8,0.125,2.63,3.12,N,N,08/2018,Analyst
19-2043.00,1.A.1.e.2,Flexibility of Closure,IM,3.62,8,0.183,3.2664,3.9836,N,,08/2018,Analyst
19-2043.00,1.A.1.e.2,Flexibility of Closure,LV,3.75,8,0.1637,3.4292,4.0708,N,N,08/2018,Analyst
19-2043.00,1.A.1.e.3,Perceptual Speed,IM,3.25,8,0.1637,2.9292,3.5708,N,,08/2018,Analyst
19-2043.00,1.A.1.e.3,Perceptual Speed,LV,3.12,8,0.125,2.88,3.37,N,N,08/2018,Analyst
19-2043.00,1.A.1.f.1,Spatial Orientation,IM,1.75,8,0.1637,1.4292,2.0708,N,,08/2018,Analyst
19-2043.00,1.A.1.f.1,Spatial Orientation,LV,1.5,8,0.3273,0.8584,2.1416,N,N,08/2018,Analyst
19-2043.00,1.A.1.f.2,Visualization,IM,3.0,8,0.0,3.0,3.0,N,,08/2018,Analyst
19-2043.00,1.A.1.f.2,Visualization,LV,3.62,8,0.183,3.2664,3.9836,N,N,08/2018,Analyst
19-2043.00,1.A.1.g.1,Selective Attention,IM,2.88,8,0.125,2.63,3.12,N,,08/2018,Analyst
19-2043.00,1.A.1.g.1,Selective Attention,LV,2.88,8,0.125,2.63,3.12,N,N,08/2018,Analyst
19-2043.00,1.A.1.g.2,Time Sharing,IM,2.25,8,0.1637,1.9292,2.5708,N,,08/2018,Analyst
19-2043.00,1.A.1.g.2,Time Sharing,LV,2.25,8,0.1637,1.9292,2.5708,N,N,08/2018,Analyst
19-2043.00,1.A.2.a.1,Arm-Hand Steadiness,IM,2.0,8,0.0,2.0,2.0,N,,08/2018,Analyst
19-2043.00,1.A.2.a.1,Arm-Hand Steadiness,LV,2.0,8,0.0,2.0,2.0,N,N,08/2018,Analyst
19-2043.00,1.A.2.a.2,Manual Dexterity,IM,2.12,8,0.125,1.88,2.37,N,,08/2018,Analyst
19-2043.00,1.A.2.a.2,Manual Dexterity,LV,1.62,8,0.183,1.2664,1.9836,N,N,08/2018,Analyst
19-2043.00,1.A.2.a.3,Finger Dexterity,IM,2.25,8,0.1637,1.9292,2.5708,N,,08/2018,Analyst
19-2043.00,1.A.2.a.3,Finger Dexterity,LV,2.25,8,0.1637,1.9292,2.5708,N,N,08/2018,Analyst
19-2043.00,1.A.2.b.1,Control Precision,IM,2.12,8,0.125,1.88,2.37,N,,08/2018,Analyst
19-2043.00,1.A.2.b.1,Control Precision,LV,2.12,8,0.125,1.88,2.37,N,N,08/2018,Analyst
19-2043.00,1.A.2.b.2,Multilimb Coordination,IM,2.0,8,0.0,2.0,2.0,N,,08/2018,Analyst
19-2043.00,1.A.2.b.2,Multilimb Coordination,LV,2.0,8,0.0,2.0,2.0,N,N,08/2018,Analyst
19-2043.00,1.A.2.b.3,Response Orientation,IM,1.38,8,0.183,1.0164,1.7336,N,,08/2018,Analyst
19-2043.00,1.A.2.b.3,Response Orientation,LV,0.5,8,0.2673,0.0,1.0238,N,N,08/2018,Analyst
19-2043.00,1.A.2.b.4,Rate Control,IM,1.25,8,0.1637,1.0,1.5708,N,,08/2018,Analyst
19-2043.00,1.A.2.b.4,Rate Control,LV,0.25,8,0.1637,0.0,0.5708,N,Y,08/2018,Analyst
19-2043.00,1.A.2.c.1,Reaction Time,IM,1.25,8,0.1637,1.0,1.5708,N,,08/2018,Analyst
19-2043.00,1.A.2.c.1,Reaction Time,LV,0.38,8,0.2631,0.0,0.8906,N,Y,08/2018,Analyst
19-2043.00,1.A.2.c.2,Wrist-Finger Speed,IM,1.88,8,0.125,1.63,2.12,N,,08/2018,Analyst
19-2043.00,1.A.2.c.2,Wrist-Finger Speed,LV,1.12,8,0.2266,0.6809,1.5691,N,N,08/2018,Analyst
19-2043.00,1.A.2.c.3,Speed of Limb Movement,IM,1.12,8,0.125,1.0,1.37,N,,08/2018,Analyst
19-2043.00,1.A.2.c.3,Speed of Limb Movement,LV,0.12,8,0.125,0.0,0.37,N,Y,08/2018,Analyst
19-2043.00,1.A.3.a.1,Static Strength,IM,2.12,8,0.125,1.88,2.37,N,,08/2018,Analyst
19-2043.00,1.A.3.a.1,Static Strength,LV,1.62,8,0.2631,1.1094,2.1406,N,N,08/2018,Analyst
19-2043.00,1.A.3.a.2,Explosive Strength,IM,1.5,8,0.189,1.1296,1.8704,N,,08/2018,Analyst
19-2043.00,1.A.3.a.2,Explosive Strength,LV,0.75,8,0.3134,0.1358,1.3642,N,N,08/2018,Analyst
19-2043.00,1.A.3.a.3,Dynamic Strength,IM,1.88,8,0.2266,1.4309,2.3191,N,,08/2018,Analyst
19-2043.00,1.A.3.a.3,Dynamic Strength,LV,1.12,8,0.3504,0.4383,1.8117,N,N,08/2018,Analyst
19-2043.00,1.A.3.a.4,Trunk Strength,IM,2.12,8,0.125,1.88,2.37,N,,08/2018,Analyst
19-2043.00,1.A.3.a.4,Trunk Strength,LV,1.88,8,0.2266,1.4309,2.3191,N,N,08/2018,Analyst
19-2043.00,1.A.3.b.1,Stamina,IM,2.12,8,0.125,1.88,2.37,N,,08/2018,Analyst
19-2043.00,1.A.3.b.1,Stamina,LV,1.38,8,0.2631,0.8594,1.8906,N,N,08/2018,Analyst
19-2043.00,1.A.3.c.1,Extent Flexibility,IM,2.0,8,0.189,1.6296,2.3704,N,,08/2018,Analyst
19-2043.00,1.A.3.c.1,Extent Flexibility,LV,1.38,8,0.3239,0.7402,2.0098,N,N,08/2018,Analyst
19-2043.00,1.A.3.c.2,Dynamic Flexibility,IM,1.0,8,0.0,1.0,1.0,N,,08/2018,Analyst
19-2043.00,1.A.3.c.2,Dynamic Flexibility,LV,0.0,8,0.0,0.0,0.0,N,Y,08/2018,Analyst
19-2043.00,1.A.3.c.3,Gross Body Coordination,IM,1.88,8,0.125,1.63,2.12,N,,08/2018,Analyst
19-2043.00,1.A.3.c.3,Gross Body Coordination,LV,1.12,8,0.2266,0.6809,1.5691,N,N,08/2018,Analyst
19-2043.00,1.A.3.c.4,Gross Body Equilibrium,IM,1.88,8,0.125,1.63,2.12,N,,08/2018,Analyst
19-2043.00,1.A.3.c.4,Gross Body Equilibrium,LV,1.12,8,0.2266,0.6809,1.5691,N,N,08/2018,Analyst
19-2043.00,1.A.4.a.1,Near Vision,IM,3.75,8,0.1637,3.4292,4.0708,N,,08/2018,Analyst
19-2043.00,1.A.4.a.1,Near Vision,LV,3.88,8,0.125,3.63,4.12,N,N,08/2018,Analyst
19-2043.00,1.A.4.a.2,Far Vision,IM,3.12,8,0.125,2.88,3.37,N,,08/2018,Analyst
19-2043.00,1.A.4.a.2,Far Vision,LV,3.25,8,0.1637,2.9292,3.5708,N,N,08/2018,Analyst
19-2043.00,1.A.4.a.3,Visual Color Discrimination,IM,2.62,8,0.183,2.2664,2.9836,N,,08/2018,Analyst
19-2043.00,1.A.4.a.3,Visual Color Discrimination,LV,2.62,8,0.183,2.2664,2.9836,N,N,08/2018,Analyst
19-2043.00,1.A.4.a.4,Night Vision,IM,1.25,8,0.1637,1.0,1.5708,N,,08/2018,Analyst
19-2043.00,1.A.4.a.4,Night Vision,LV,0.25,8,0.1637,0.0,0.5708,N,Y,08/2018,Analyst
19-2043.00,1.A.4.a.5,Peripheral Vision,IM,1.38,8,0.183,1.0164,1.7336,N,,08/2018,Analyst
19-2043.00,1.A.4.a.5,Peripheral Vision,LV,0.38,8,0.183,0.0164,0.7336,N,N,08/2018,Analyst
19-2043.00,1.A.4.a.6,Depth Perception,IM,2.12,8,0.125,1.88,2.37,N,,08/2018,Analyst
19-2043.00,1.A.4.a.6,Depth Perception,LV,2.12,8,0.125,1.88,2.37,N,N,08/2018,Analyst
19-2043.00,1.A.4.a.7,Glare Sensitivity,IM,1.25,8,0.1637,1.0,1.5708,N,,08/2018,Analyst
19-2043.00,1.A.4.a.7,Glare Sensitivity,LV,0.25,8,0.1637,0.0,0.5708,N,Y,08/2018,Analyst
19-2043.00,1.A.4.b.1,Hearing Sensitivity,IM,2.25,8,0.1637,1.9292,2.5708,N,,08/2018,Analyst
19-2043.00,1.A.4.b.1,Hearing Sensitivity,LV,1.88,8,0.125,1.63,2.12,N,N,08/2018,Analyst
19-2043.00,1.A.4.b.2,Auditory Attention,IM,2.12,8,0.125,1.88,2.37,N,,08/2018,Analyst
19-2043.00,1.A.4.b.2,Auditory Attention,LV,2.0,8,0.0,2.0,2.0,N,N,08/2018,Analyst
19-2043.00,1.A.4.b.3,Sound Localization,IM,1.38,8,0.183,1.0164,1.7336,N,,08/2018,Analyst
19-2043.00,1.A.4.b.3,Sound Localization,LV,0.38,8,0.183,0.0164,0.7336,N,N,08/2018,Analyst
19-2043.00,1.A.4.b.4,Speech Recognition,IM,3.62,8,0.183,3.2664,3.9836,N,,08/2018,Analyst
19-2043.00,1.A.4.b.4,Speech Recognition,LV,3.38,8,0.183,3.0164,3.7336,N,N,08/2018,Analyst
19-2043.00,1.A.4.b.5,Speech Clarity,IM,3.5,8,0.189,3.1296,3.8704,N,,08/2018,Analyst
19-2043.00,1.A.4.b.5,Speech Clarity,LV,3.5,8,0.189,3.1296,3.8704,N,N,08/2018,Analyst
19-2099.01,1.A.1.a.1,Oral Comprehension,IM,4.0,8,0.0,4.0,4.0,N,,08/2023,Analyst
19-2099.01,1.A.1.a.1,Oral Comprehension,LV,4.75,8,0.1637,4.4292,5.0708,N,N,08/2023,Analyst
19-2099.01,1.A.1.a.2,Written Comprehension,IM,4.0,8,0.0,4.0,4.0,N,,08/2023,Analyst
19-2099.01,1.A.1.a.2,Written Comprehension,LV,4.88,8,0.125,4.63,5.12,N,N,08/2023,Analyst
19-2099.01,1.A.1.a.3,Oral Expression,IM,4.0,8,0.0,4.0,4.0,N,,08/2023,Analyst
19-2099.01,1.A.1.a.3,Oral Expression,LV,4.75,8,0.1637,4.4292,5.0708,N,N,08/2023,Analyst
19-2099.01,1.A.1.a.4,Written Expression,IM,4.0,8,0.0,4.0,4.0,N,,08/2023,Analyst
19-2099.01,1.A.1.a.4,Written Expression,LV,4.62,8,0.183,4.2664,4.9836,N,N,08/2023,Analyst
19-2099.01,1.A.1.b.1,Fluency of Ideas,IM,3.62,8,0.183,3.2664,3.9836,N,,08/2023,Analyst
19-2099.01,1.A.1.b.1,Fluency of Ideas,LV,3.88,8,0.2266,3.4309,4.3191,N,N,08/2023,Analyst
19-2099.01,1.A.1.b.2,Originality,IM,3.38,8,0.183,3.0164,3.7336,N,,08/2023,Analyst
19-2099.01,1.A.1.b.2,Originality,LV,3.88,8,0.2266,3.4309,4.3191,N,N,08/2023,Analyst
19-2099.01,1.A.1.b.3,Problem Sensitivity,IM,4.0,8,0.0,4.0,4.0,N,,08/2023,Analyst
19-2099.01,1.A.1.b.3,Problem Sensitivity,LV,4.12,8,0.125,3.88,4.37,N,N,08/2023,Analyst
19-2099.01,1.A.1.b.4,Deductive Reasoning,IM,4.25,8,0.1637,3.9292,4.5708,N,,08/2023,Analyst
19-2099.01,1.A.1.b.4,Deductive Reasoning,LV,4.62,8,0.2631,4.1094,5.1406,N,N,08/2023,Analyst
19-2099.01,1.A.1.b.5,Inductive Reasoning,IM,4.25,8,0.1637,3.9292,4.5708,N,,08/2023,Analyst
19-2099.01,1.A.1.b.5,Inductive Reasoning,LV,4.5,8,0.189,4.1296,4.8704,N,N,08/2023,Analyst
19-2099.01,1.A.1.b.6,Information Ordering,IM,3.88,8,0.125,3.63,4.12,N,,08/2023,Analyst
19-2099.01,1.A.1.b.6,Information Ordering,LV,4.12,8,0.125,3.88,4.37,N,N,08/2023,Analyst
19-2099.01,1.A.1.b.7,Category Flexibility,IM,3.75,8,0.1637,3.4292,4.0708,N,,08/2023,Analyst
19-2099.01,1.A.1.b.7,Category Flexibility,LV,4.12,8,0.125,3.88,4.37,N,N,08/2023,Analyst
19-2099.01,1.A.1.c.1,Mathematical Reasoning,IM,3.88,8,0.125,3.63,4.12,N,,08/2023,Analyst
19-2099.01,1.A.1.c.1,Mathematical Reasoning,LV,4.25,8,0.1637,3.9292,4.5708,N,N,08/2023,Analyst
19-2099.01,1.A.1.c.2,Number Facility,IM,3.62,8,0.183,3.2664,3.9836,N,,08/2023,Analyst
19-2099.01,1.A.1.c.2,Number Facility,LV,4.0,8,0.189,3.6296,4.3704,N,N,08/2023,Analyst
19-2099.01,1.A.1.d.1,Memorization,IM,2.62,8,0.183,2.2664,2.9836,N,,08/2023,Analyst
19-2099.01,1.A.1.d.1,Memorization,LV,2.62,8,0.183,2.2664,2.9836,N,N,08/2023,Analyst
19-2099.01,1.A.1.e.1,Speed of Closure,IM,2.5,8,0.189,2.1296,2.8704,N,,08/2023,Analyst
19-2099.01,1.A.1.e.1,Speed of Closure,LV,2.38,8,0.183,2.0164,2.7336,N,N,08/2023,Analyst
19-2099.01,1.A.1.e.2,Flexibility of Closure,IM,3.5,8,0.189,3.1296,3.8704,N,,08/2023,Analyst
19-2099.01,1.A.1.e.2,Flexibility of Closure,LV,3.38,8,0.183,3.0164,3.7336,N,N,08/2023,Analyst
19-2099.01,1.A.1.e.3,Perceptual Speed,IM,3.0,8,0.0,3.0,3.0,N,,08/2023,Analyst
19-2099.01,1.A.1.e.3,Perceptual Speed,LV,3.0,8,0.0,3.0,3.0,N,N,08/2023,Analyst
19-2099.01,1.A.1.f.1,Spatial Orientation,IM,1.38,8,0.183,1.0164,1.7336,N,,08/2023,Analyst
19-2099.01,1.A.1.f.1,Spatial Orientation,LV,0.5,8,0.2673,0.0,1.0238,N,N,08/2023,Analyst
19-2099.01,1.A.1.f.2,Visualization,IM,3.12,8,0.125,2.88,3.37,N,,08/2023,Analyst
19-2099.01,1.A.1.f.2,Visualization,LV,3.25,8,0.25,2.76,3.74,N,N,08/2023,Analyst
19-2099.01,1.A.1.g.1,Selective Attention,IM,3.0,8,0.0,3.0,3.0,N,,08/2023,Analyst
19-2099.01,1.A.1.g.1,Selective Attention,LV,3.0,8,0.0,3.0,3.0,N,N,08/2023,Analyst
19-2099.01,1.A.1.g.2,Time Sharing,IM,2.5,8,0.189,2.1296,2.8704,N,,08/2023,Analyst
19-2099.01,1.A.1.g.2,Time Sharing,LV,2.38,8,0.183,2.0164,2.7336,N,N,08/2023,Analyst
19-2099.01,1.A.2.a.1,Arm-Hand Steadiness,IM,2.0,8,0.0,2.0,2.0,N,,08/2023,Analyst
19-2099.01,1.A.2.a.1,Arm-Hand Steadiness,LV,1.88,8,0.125,1.63,2.12,N,N,08/2023,Analyst
19-2099.01,1.A.2.a.2,Manual Dexterity,IM,1.88,8,0.125,1.63,2.12,N,,08/2023,Analyst
19-2099.01,1.A.2.a.2,Manual Dexterity,LV,1.62,8,0.2631,1.1094,2.1406,N,N,08/2023,Analyst
19-2099.01,1.A.2.a.3,Finger Dexterity,IM,2.38,8,0.183,2.0164,2.7336,N,,08/2023,Analyst
19-2099.01,1.A.2.a.3,Finger Dexterity,LV,1.88,8,0.2266,1.4309,2.3191,N,N,08/2023,Analyst
19-2099.01,1.A.2.b.1,Control Precision,IM,2.12,8,0.125,1.88,2.37,N,,08/2023,Analyst
19-2099.01,1.A.2.b.1,Control Precision,LV,2.12,8,0.125,1.88,2.37,N,N,08/2023,Analyst
19-2099.01,1.A.2.b.2,Multilimb Coordination,IM,1.0,8,0.0,1.0,1.0,N,,08/2023,Analyst
19-2099.01,1.A.2.b.2,Multilimb Coordination,LV,0.0,8,0.0,0.0,0.0,N,Y,08/2023,Analyst
19-2099.01,1.A.2.b.3,Response Orientation,IM,1.0,8,0.0,1.0,1.0,N,,08/2023,Analyst
19-2099.01,1.A.2.b.3,Response Orientation,LV,0.0,8,0.0,0.0,0.0,N,Y,08/2023,Analyst
19-2099.01,1.A.2.b.4,Rate Control,IM,1.25,8,0.1637,1.0,1.5708,N,,08/2023,Analyst
19-2099.01,1.A.2.b.4,Rate Control,LV,0.25,8,0.1637,0.0,0.5708,N,Y,08/2023,Analyst
19-2099.01,1.A.2.c.1,Reaction Time,IM,1.38,8,0.183,1.0164,1.7336,N,,08/2023,Analyst
19-2099.01,1.A.2.c.1,Reaction Time,LV,0.5,8,0.2673,0.0,1.0238,N,N,08/2023,Analyst
19-2099.01,1.A.2.c.2,Wrist-Finger Speed,IM,1.38,8,0.183,1.0164,1.7336,N,,08/2023,Analyst
19-2099.01,1.A.2.c.2,Wrist-Finger Speed,LV,0.5,8,0.2673,0.0,1.0238,N,N,08/2023,Analyst
19-2099.01,1.A.2.c.3,Speed of Limb Movement,IM,1.0,8,0.0,1.0,1.0,N,,08/2023,Analyst
19-2099.01,1.A.2.c.3,Speed of Limb Movement,LV,0.0,8,0.0,0.0,0.0,N,Y,08/2023,Analyst
19-2099.01,1.A.3.a.1,Static Strength,IM,1.12,8,0.125,1.0,1.37,N,,08/2023,Analyst
19-2099.01,1.A.3.a.1,Static Strength,LV,0.12,8,0.125,0.0,0.37,N,Y,08/2023,Analyst
19-2099.01,1.A.3.a.2,Explosive Strength,IM,1.0,8,0.0,1.0,1.0,N,,08/2023,Analyst
19-2099.01,1.A.3.a.2,Explosive Strength,LV,0.0,8,0.0,0.0,0.0,N,Y,08/2023,Analyst
19-2099.01,1.A.3.a.3,Dynamic Strength,IM,1.12,8,0.125,1.0,1.37,N,,08/2023,Analyst
19-2099.01,1.A.3.a.3,Dynamic Strength,LV,0.12,8,0.125,0.0,0.37,N,Y,08/2023,Analyst
19-2099.01,1.A.3.a.4,Trunk Strength,IM,1.75,8,0.1637,1.4292,2.0708,N,,08/2023,Analyst
19-2099.01,1.A.3.a.4,Trunk Strength,LV,1.38,8,0.3239,0.7402,2.0098,N,N,08/2023,Analyst
19-2099.01,1.A.3.b.1,Stamina,IM,1.0,8,0.0,1.0,1.0,N,,08/2023,Analyst
19-2099.01,1.A.3.b.1,Stamina,LV,0.0,8,0.0,0.0,0.0,N,Y,08/2023,Analyst
19-2099.01,1.A.3.c.1,Extent Flexibility,IM,1.12,8,0.125,1.0,1.37,N,,08/2023,Analyst
19-2099.01,1.A.3.c.1,Extent Flexibility,LV,0.12,8,0.125,0.0,0.37,N,Y,08/2023,Analyst
19-2099.01,1.A.3.c.2,Dynamic Flexibility,IM,1.0,8,0.0,1.0,1.0,N,,08/2023,Analyst
19-2099.01,1.A.3.c.2,Dynamic Flexibility,LV,0.0,8,0.0,0.0,0.0,N,Y,08/2023,Analyst
19-2099.01,1.A.3.c.3,Gross Body Coordination,IM,1.12,8,0.125,1.0,1.37,N,,08/2023,Analyst
19-2099.01,1.A.3.c.3,Gross Body Coordination,LV,0.12,8,0.125,0.0,0.37,N,Y,08/2023,Analyst
19-2099.01,1.A.3.c.4,Gross Body Equilibrium,IM,1.0,8,0.0,1.0,1.0,N,,08/2023,Analyst
19-2099.01,1.A.3.c.4,Gross Body Equilibrium,LV,0.0,8,0.0,0.0,0.0,N,Y,08/2023,Analyst
19-2099.01,1.A.4.a.1,Near Vision,IM,4.0,8,0.0,4.0,4.0,N,,08/2023,Analyst
19-2099.01,1.A.4.a.1,Near Vision,LV,3.88,8,0.125,3.63,4.12,N,N,08/2023,Analyst
19-2099.01,1.A.4.a.2,Far Vision,IM,3.0,8,0.0,3.0,3.0,N,,08/2023,Analyst
19-2099.01,1.A.4.a.2,Far Vision,LV,2.88,8,0.125,2.63,3.12,N,N,08/2023,Analyst
19-2099.01,1.A.4.a.3,Visual Color Discrimination,IM,2.5,8,0.189,2.1296,2.8704,N,,08/2023,Analyst
19-2099.01,1.A.4.a.3,Visual Color Discrimination,LV,2.62,8,0.183,2.2664,2.9836,N,N,08/2023,Analyst
19-2099.01,1.A.4.a.4,Night Vision,IM,1.0,8,0.0,1.0,1.0,N,,08/2023,Analyst
19-2099.01,1.A.4.a.4,Night Vision,LV,0.0,8,0.0,0.0,0.0,N,Y,08/2023,Analyst
19-2099.01,1.A.4.a.5,Peripheral Vision,IM,1.0,8,0.0,1.0,1.0,N,,08/2023,Analyst
19-2099.01,1.A.4.a.5,Peripheral Vision,LV,0.0,8,0.0,0.0,0.0,N,Y,08/2023,Analyst
19-2099.01,1.A.4.a.6,Depth Perception,IM,2.0,8,0.0,2.0,2.0,N,,08/2023,Analyst
19-2099.01,1.A.4.a.6,Depth Perception,LV,1.88,8,0.125,1.63,2.12,N,N,08/2023,Analyst
19-2099.01,1.A.4.a.7,Glare Sensitivity,IM,1.0,8,0.0,1.0,1.0,N,,08/2023,Analyst
19-2099.01,1.A.4.a.7,Glare Sensitivity,LV,0.0,8,0.0,0.0,0.0,N,Y,08/2023,Analyst
19-2099.01,1.A.4.b.1,Hearing Sensitivity,IM,2.0,8,0.0,2.0,2.0,N,,08/2023,Analyst
19-2099.01,1.A.4.b.1,Hearing Sensitivity,LV,2.0,8,0.0,2.0,2.0,N,N,08/2023,Analyst
19-2099.01,1.A.4.b.2,Auditory Attention,IM,2.0,8,0.0,2.0,2.0,N,,08/2023,Analyst
19-2099.01,1.A.4.b.2,Auditory Attention,LV,1.75,8,0.1637,1.4292,2.0708,N,N,08/2023,Analyst
19-2099.01,1.A.4.b.3,Sound Localization,IM,1.0,8,0.0,1.0,1.0,N,,08/2023,Analyst
19-2099.01,1.A.4.b.3,Sound Localization,LV,0.0,8,0.0,0.0,0.0,N,Y,08/2023,Analyst
19-2099.01,1.A.4.b.4,Speech Recognition,IM,3.38,8,0.183,3.0164,3.7336,N,,08/2023,Analyst
19-2099.01,1.A.4.b.4,Speech Recognition,LV,3.25,8,0.1637,2.9292,3.5708,N,N,08/2023,Analyst
19-2099.01,1.A.4.b.5,Speech Clarity,IM,3.62,8,0.183,3.2664,3.9836,N,,08/2023,Analyst
19-2099.01,1.A.4.b.5,Speech Clarity,LV,3.62,8,0.183,3.2664,3.9836,N,N,08/2023,Analyst
19-3011.00,1.A.1.a.1,Oral Comprehension,IM,4.0,8,0.0,4.0,4.0,N,,08/2024,Analyst
19-3011.00,1.A.1.a.1,Oral Comprehension,LV,4.88,8,0.125,4.63,5.12,N,N,08/2024,Analyst
19-3011.00,1.A.1.a.2,Written Comprehension,IM,4.12,8,0.125,3.88,4.37,N,,08/2024,Analyst
19-3011.00,1.A.1.a.2,Written Comprehension,LV,5.0,8,0.0,5.0,5.0,N,N,08/2024,Analyst
19-3011.00,1.A.1.a.3,Oral Expression,IM,4.0,8,0.0,4.0,4.0,N,,08/2024,Analyst
19-3011.00,1.A.1.a.3,Oral Expression,LV,4.88,8,0.125,4.63,5.12,N,N,08/2024,Analyst
19-3011.00,1.A.1.a.4,Written Expression,IM,4.0,8,0.0,4.0,4.0,N,,08/2024,Analyst
19-3011.00,1.A.1.a.4,Written Expression,LV,5.0,8,0.0,5.0,5.0,N,N,08/2024,Analyst
19-3011.00,1.A.1.b.1,Fluency of Ideas,IM,3.88,8,0.125,3.63,4.12,N,,08/2024,Analyst
19-3011.00,1.A.1.b.1,Fluency of Ideas,LV,4.0,8,0.0,4.0,4.0,N,N,08/2024,Analyst
19-3011.00,1.A.1.b.2,Originality,IM,3.12,8,0.125,2.88,3.37,N,,08/2024,Analyst
19-3011.00,1.A.1.b.2,Originality,LV,3.5,8,0.189,3.1296,3.8704,N,N,08/2024,Analyst
19-3011.00,1.A.1.b.3,Problem Sensitivity,IM,3.62,8,0.183,3.2664,3.9836,N,,08/2024,Analyst
19-3011.00,1.A.1.b.3,Problem Sensitivity,LV,4.0,8,0.0,4.0,4.0,N,N,08/2024,Analyst
19-3011.00,1.A.1.b.4,Deductive Reasoning,IM,4.0,8,0.0,4.0,4.0,N,,08/2024,Analyst
19-3011.00,1.A.1.b.4,Deductive Reasoning,LV,4.5,8,0.189,4.1296,4.8704,N,N,08/2024,Analyst
19-3011.00,1.A.1.b.5,Inductive Reasoning,IM,4.12,8,0.125,3.88,4.37,N,,08/2024,Analyst
19-3011.00,1.A.1.b.5,Inductive Reasoning,LV,4.38,8,0.183,4.0164,4.7336,N,N,08/2024,Analyst
19-3011.00,1.A.1.b.6,Information Ordering,IM,3.25,8,0.1637,2.9292,3.5708,N,,08/2024,Analyst
19-3011.00,1.A.1.b.6,Information Ordering,LV,3.75,8,0.1637,3.4292,4.0708,N,N,08/2024,Analyst
19-3011.00,1.A.1.b.7,Category Flexibility,IM,3.12,8,0.125,2.88,3.37,N,,08/2024,Analyst
19-3011.00,1.A.1.b.7,Category Flexibility,LV,3.25,8,0.1637,2.9292,3.5708,N,N,08/2024,Analyst
19-3011.00,1.A.1.c.1,Mathematical Reasoning,IM,4.12,8,0.125,3.88,4.37,N,,08/2024,Analyst
19-3011.00,1.A.1.c.1,Mathematical Reasoning,LV,4.38,8,0.183,4.0164,4.7336,N,N,08/2024,Analyst
19-3011.00,1.A.1.c.2,Number Facility,IM,3.5,8,0.189,3.1296,3.8704,N,,08/2024,Analyst
19-3011.00,1.A.1.c.2,Number Facility,LV,4.12,8,0.295,3.5467,4.7033,N,N,08/2024,Analyst
19-3011.00,1.A.1.d.1,Memorization,IM,2.88,8,0.125,2.63,3.12,N,,08/2024,Analyst
19-3011.00,1.A.1.d.1,Memorization,LV,2.88,8,0.125,2.63,3.12,N,N,08/2024,Analyst
19-3011.00,1.A.1.e.1,Speed of Closure,IM,2.38,8,0.183,2.0164,2.7336,N,,08/2024,Analyst
19-3011.00,1.A.1.e.1,Speed of Closure,LV,2.12,8,0.125,1.88,2.37,N,N,08/2024,Analyst
19-3011.00,1.A.1.e.2,Flexibility of Closure,IM,2.88,8,0.125,2.63,3.12,N,,08/2024,Analyst
19-3011.00,1.A.1.e.2,Flexibility of Closure,LV,2.75,8,0.1637,2.4292,3.0708,N,N,08/2024,Analyst
19-3011.00,1.A.1.e.3,Perceptual Speed,IM,2.38,8,0.183,2.0164,2.7336,N,,08/2024,Analyst
19-3011.00,1.A.1.e.3,Perceptual Speed,LV,2.12,8,0.125,1.88,2.37,N,N,08/2024,Analyst
19-3011.00,1.A.1.f.1,Spatial Orientation,IM,1.0,8,0.0,1.0,1.0,N,,08/2024,Analyst
19-3011.00,1.A.1.f.1,Spatial Orientation,LV,0.0,8,0.0,0.0,0.0,N,Y,08/2024,Analyst
19-3011.00,1.A.1.f.2,Visualization,IM,2.38,8,0.183,2.0164,2.7336,N,,08/2024,Analyst
19-3011.00,1.A.1.f.2,Visualization,LV,2.12,8,0.125,1.88,2.37,N,N,08/2024,Analyst
19-3011.00,1.A.1.g.1,Selective Attention,IM,2.75,8,0.1637,2.4292,3.0708,N,,08/2024,Analyst
19-3011.00,1.A.1.g.1,Selective Attention,LV,2.75,8,0.1637,2.4292,3.0708,N,N,08/2024,Analyst
19-3011.00,1.A.1.g.2,Time Sharing,IM,2.0,8,0.0,2.0,2.0,N,,08/2024,Analyst
19-3011.00,1.A.1.g.2,Time Sharing,LV,2.0,8,0.0,2.0,2.0,N,N,08/2024,Analyst
19-3011.00,1.A.2.a.1,Arm-Hand Steadiness,IM,1.0,8,0.0,1.0,1.0,N,,08/2024,Analyst
19-3011.00,1.A.2.a.1,Arm-Hand Steadiness,LV,0.0,8,0.0,0.0,0.0,N,Y,08/2024,Analyst
19-3011.00,1.A.2.a.2,Manual Dexterity,IM,1.0,8,0.0,1.0,1.0,N,,08/2024,Analyst
19-3011.00,1.A.2.a.2,Manual Dexterity,LV,0.0,8,0.0,0.0,0.0,N,Y,08/2024,Analyst
19-3011.00,1.A.2.a.3,Finger Dexterity,IM,1.38,8,0.183,1.0164,1.7336,N,,08/2024,Analyst
19-3011.00,1.A.2.a.3,Finger Dexterity,LV,0.38,8,0.183,0.0164,0.7336,N,N,08/2024,Analyst
19-3011.00,1.A.2.b.1,Control Precision,IM,1.0,8,0.0,1.0,1.0,N,,08/2024,Analyst
19-3011.00,1.A.2.b.1,Control Precision,LV,0.0,8,0.0,0.0,0.0,N,Y,08/2024,Analyst
19-3011.00,1.A.2.b.2,Multilimb Coordination,IM,1.0,8,0.0,1.0,1.0,N,,08/2024,Analyst
19-3011.00,1.A.2.b.2,Multilimb Coordination,LV,0.0,8,0.0,0.0,0.0,N,Y,08/2024,Analyst
19-3011.00,1.A.2.b.3,Response Orientation,IM,1.0,8,0.0,1.0,1.0,N,,08/2024,Analyst
19-3011.00,1.A.2.b.3,Response Orientation,LV,0.0,8,0.0,0.0,0.0,N,Y,08/2024,Analyst
19-3011.00,1.A.2.b.4,Rate Control,IM,1.0,8,0.0,1.0,1.0,N,,08/2024,Analyst
19-3011.00,1.A.2.b.4,Rate Control,LV,0.0,8,0.0,0.0,0.0,N,Y,08/2024,Analyst
19-3011.00,1.A.2.c.1,Reaction Time,IM,1.0,8,0.0,1.0,1.0,N,,08/2024,Analyst
19-3011.00,1.A.2.c.1,Reaction Time,LV,0.0,8,0.0,0.0,0.0,N,Y,08/2024,Analyst
19-3011.00,1.A.2.c.2,Wrist-Finger Speed,IM,1.38,8,0.183,1.0164,1.7336,N,,08/2024,Analyst
19-3011.00,1.A.2.c.2,Wrist-Finger Speed,LV,0.38,8,0.183,0.0164,0.7336,N,N,08/2024,Analyst
19-3011.00,1.A.2.c.3,Speed of Limb Movement,IM,1.0,8,0.0,1.0,1.0,N,,08/2024,Analyst
19-3011.00,1.A.2.c.3,Speed of Limb Movement,LV,0.0,8,0.0,0.0,0.0,N,Y,08/2024,Analyst
19-3011.00,1.A.3.a.1,Static Strength,IM,1.0,8,0.0,1.0,1.0,N,,08/2024,Analyst
19-3011.00,1.A.3.a.1,Static Strength,LV,0.0,8,0.0,0.0,0.0,N,Y,08/2024,Analyst
19-3011.00,1.A.3.a.2,Explosive Strength,IM,1.0,8,0.0,1.0,1.0,N,,08/2024,Analyst
19-3011.00,1.A.3.a.2,Explosive Strength,LV,0.0,8,0.0,0.0,0.0,N,Y,08/2024,Analyst
19-3011.00,1.A.3.a.3,Dynamic Strength,IM,1.0,8,0.0,1.0,1.0,N,,08/2024,Analyst
19-3011.00,1.A.3.a.3,Dynamic Strength,LV,0.0,8,0.0,0.0,0.0,N,Y,08/2024,Analyst
19-3011.00,1.A.3.a.4,Trunk Strength,IM,1.62,8,0.183,1.2664,1.9836,N,,08/2024,Analyst
19-3011.00,1.A.3.a.4,Trunk Strength,LV,1.0,8,0.3273,0.3584,1.6416,N,N,08/2024,Analyst
19-3011.00,1.A.3.b.1,Stamina,IM,1.0,8,0.0,1.0,1.0,N,,08/2024,Analyst
19-3011.00,1.A.3.b.1,Stamina,LV,0.0,8,0.0,0.0,0.0,N,Y,08/2024,Analyst
19-3011.00,1.A.3.c.1,Extent Flexibility,IM,1.0,8,0.0,1.0,1.0,N,,08/2024,Analyst
19-3011.00,1.A.3.c.1,Extent Flexibility,LV,0.0,8,0.0,0.0,0.0,N,Y,08/2024,Analyst
19-3011.00,1.A.3.c.2,Dynamic Flexibility,IM,1.0,8,0.0,1.0,1.0,N,,08/2024,Analyst
19-3011.00,1.A.3.c.2,Dynamic Flexibility,LV,0.0,8,0.0,0.0,0.0,N,Y,08/2024,Analyst
19-3011.00,1.A.3.c.3,Gross Body Coordination,IM,1.0,8,0.0,1.0,1.0,N,,08/2024,Analyst
19-3011.00,1.A.3.c.3,Gross Body Coordination,LV,0.0,8,0.0,0.0,0.0,N,Y,08/2024,Analyst
19-3011.00,1.A.3.c.4,Gross Body Equilibrium,IM,1.0,8,0.0,1.0,1.0,N,,08/2024,Analyst
19-3011.00,1.A.3.c.4,Gross Body Equilibrium,LV,0.0,8,0.0,0.0,0.0,N,Y,08/2024,Analyst
19-3011.00,1.A.4.a.1,Near Vision,IM,3.5,8,0.189,3.1296,3.8704,N,,08/2024,Analyst
19-3011.00,1.A.4.a.1,Near Vision,LV,3.75,8,0.1637,3.4292,4.0708,N,N,08/2024,Analyst
19-3011.00,1.A.4.a.2,Far Vision,IM,2.38,8,0.183,2.0164,2.7336,N,,08/2024,Analyst
19-3011.00,1.A.4.a.2,Far Vision,LV,2.5,8,0.189,2.1296,2.8704,N,N,08/2024,Analyst
19-3011.00,1.A.4.a.3,Visual Color Discrimination,IM,1.75,8,0.1637,1.4292,2.0708,N,,08/2024,Analyst
19-3011.00,1.A.4.a.3,Visual Color Discrimination,LV,1.25,8,0.3134,0.6358,1.8642,N,N,08/2024,Analyst
19-3011.00,1.A.4.a.4,Night Vision,IM,1.0,8,0.0,1.0,1.0,N,,08/2024,Analyst
19-3011.00,1.A.4.a.4,Night Vision,LV,0.0,8,0.0,0.0,0.0,N,Y,08/2024,Analyst
19-3011.00,1.A.4.a.5,Peripheral Vision,IM,1.0,8,0.0,1.0,1.0,N,,08/2024,Analyst
19-3011.00,1.A.4.a.5,Peripheral Vision,LV,0.0,8,0.0,0.0,0.0,N,Y,08/2024,Analyst
19-3011.00,1.A.4.a.6,Depth Perception,IM,1.5,8,0.189,1.1296,1.8704,N,,08/2024,Analyst
19-3011.00,1.A.4.a.6,Depth Perception,LV,0.5,8,0.189,0.1296,0.8704,N,N,08/2024,Analyst
19-3011.00,1.A.4.a.7,Glare Sensitivity,IM,1.0,8,0.0,1.0,1.0,N,,08/2024,Analyst
19-3011.00,1.A.4.a.7,Glare Sensitivity,LV,0.0,8,0.0,0.0,0.0,N,Y,08/2024,Analyst
19-3011.00,1.A.4.b.1,Hearing Sensitivity,IM,1.75,8,0.1637,1.4292,2.0708,N,,08/2024,Analyst
19-3011.00,1.A.4.b.1,Hearing Sensitivity,LV,1.0,8,0.2673,0.4762,1.5238,N,N,08/2024,Analyst
19-3011.00,1.A.4.b.2,Auditory Attention,IM,1.75,8,0.1637,1.4292,2.0708,N,,08/2024,Analyst
19-3011.00,1.A.4.b.2,Auditory Attention,LV,0.75,8,0.1637,0.4292,1.0708,N,N,08/2024,Analyst
19-3011.00,1.A.4.b.3,Sound Localization,IM,1.0,8,0.0,1.0,1.0,N,,08/2024,Analyst
19-3011.00,1.A.4.b.3,Sound Localization,LV,0.0,8,0.0,0.0,0.0,N,Y,08/2024,Analyst
19-3011.00,1.A.4.b.4,Speech Recognition,IM,3.62,8,0.183,3.2664,3.9836,N,,08/2024,Analyst
19-3011.00,1.A.4.b.4,Speech Recognition,LV,3.75,8,0.1637,3.4292,4.0708,N,N,08/2024,Analyst
19-3011.00,1.A.4.b.5,Speech Clarity,IM,4.0,8,0.0,4.0,4.0,N,,08/2024,Analyst
19-3011.00,1.A.4.b.5,Speech Clarity,LV,4.25,8,0.1637,3.9292,4.5708,N,N,08/2024,Analyst
19-3011.01,1.A.1.a.1,Oral Comprehension,IM,4.0,8,0.0,4.0,4.0,N,,08/2020,Analyst
19-3011.01,1.A.1.a.1,Oral Comprehension,LV,4.88,8,0.125,4.63,5.12,N,N,08/2020,Analyst
19-3011.01,1.A.1.a.2,Written Comprehension,IM,4.25,8,0.1637,3.9292,4.5708,N,,08/2020,Analyst
19-3011.01,1.A.1.a.2,Written Comprehension,LV,4.88,8,0.125,4.63,5.12,N,N,08/2020,Analyst
19-3011.01,1.A.1.a.3,Oral Expression,IM,4.0,8,0.0,4.0,4.0,N,,08/2020,Analyst
19-3011.01,1.A.1.a.3,Oral Expression,LV,4.88,8,0.125,4.63,5.12,N,N,08/2020,Analyst
19-3011.01,1.A.1.a.4,Written Expression,IM,4.0,8,0.0,4.0,4.0,N,,08/2020,Analyst
19-3011.01,1.A.1.a.4,Written Expression,LV,4.75,8,0.1637,4.4292,5.0708,N,N,08/2020,Analyst
19-3011.01,1.A.1.b.1,Fluency of Ideas,IM,3.25,8,0.1637,2.9292,3.5708,N,,08/2020,Analyst
19-3011.01,1.A.1.b.1,Fluency of Ideas,LV,4.0,8,0.189,3.6296,4.3704,N,N,08/2020,Analyst
19-3011.01,1.A.1.b.2,Originality,IM,3.25,8,0.1637,2.9292,3.5708,N,,08/2020,Analyst
19-3011.01,1.A.1.b.2,Originality,LV,4.0,8,0.0,4.0,4.0,N,N,08/2020,Analyst
19-3011.01,1.A.1.b.3,Problem Sensitivity,IM,3.88,8,0.125,3.63,4.12,N,,08/2020,Analyst
19-3011.01,1.A.1.b.3,Problem Sensitivity,LV,4.12,8,0.125,3.88,4.37,N,N,08/2020,Analyst
19-3011.01,1.A.1.b.4,Deductive Reasoning,IM,3.88,8,0.125,3.63,4.12,N,,08/2020,Analyst
19-3011.01,1.A.1.b.4,Deductive Reasoning,LV,4.0,8,0.0,4.0,4.0,N,N,08/2020,Analyst
19-3011.01,1.A.1.b.5,Inductive Reasoning,IM,3.88,8,0.125,3.63,4.12,N,,08/2020,Analyst
19-3011.01,1.A.1.b.5,Inductive Reasoning,LV,4.0,8,0.0,4.0,4.0,N,N,08/2020,Analyst
19-3011.01,1.A.1.b.6,Information Ordering,IM,3.25,8,0.1637,2.9292,3.5708,N,,08/2020,Analyst
19-3011.01,1.A.1.b.6,Information Ordering,LV,3.12,8,0.125,2.88,3.37,N,N,08/2020,Analyst
19-3011.01,1.A.1.b.7,Category Flexibility,IM,3.25,8,0.1637,2.9292,3.5708,N,,08/2020,Analyst
19-3011.01,1.A.1.b.7,Category Flexibility,LV,3.25,8,0.1637,2.9292,3.5708,N,N,08/2020,Analyst
19-3011.01,1.A.1.c.1,Mathematical Reasoning,IM,4.12,8,0.125,3.88,4.37,N,,08/2020,Analyst
19-3011.01,1.A.1.c.1,Mathematical Reasoning,LV,4.75,8,0.1637,4.4292,5.0708,N,N,08/2020,Analyst
19-3011.01,1.A.1.c.2,Number Facility,IM,3.88,8,0.125,3.63,4.12,N,,08/2020,Analyst
19-3011.01,1.A.1.c.2,Number Facility,LV,4.12,8,0.2266,3.6809,4.5691,N,N,08/2020,Analyst
19-3011.01,1.A.1.d.1,Memorization,IM,3.0,8,0.189,2.6296,3.3704,N,,08/2020,Analyst
19-3011.01,1.A.1.d.1,Memorization,LV,3.0,8,0.189,2.6296,3.3704,N,N,08/2020,Analyst
19-3011.01,1.A.1.e.1,Speed of Closure,IM,2.5,8,0.189,2.1296,2.8704,N,,08/2020,Analyst
19-3011.01,1.A.1.e.1,Speed of Closure,LV,2.62,8,0.183,2.2664,2.9836,N,N,08/2020,Analyst
19-3011.01,1.A.1.e.2,Flexibility of Closure,IM,3.0,8,0.2673,2.4762,3.5238,N,,08/2020,Analyst
19-3011.01,1.A.1.e.2,Flexibility of Closure,LV,3.62,8,0.2631,3.1094,4.1406,N,N,08/2020,Analyst
19-3011.01,1.A.1.e.3,Perceptual Speed,IM,2.88,8,0.125,2.63,3.12,N,,08/2020,Analyst
19-3011.01,1.A.1.e.3,Perceptual Speed,LV,2.88,8,0.125,2.63,3.12,N,N,08/2020,Analyst
19-3011.01,1.A.1.f.1,Spatial Orientation,IM,1.0,8,0.0,1.0,1.0,N,,08/2020,Analyst
19-3011.01,1.A.1.f.1,Spatial Orientation,LV,0.0,8,0.0,0.0,0.0,N,Y,08/2020,Analyst
19-3011.01,1.A.1.f.2,Visualization,IM,2.75,8,0.1637,2.4292,3.0708,N,,08/2020,Analyst
19-3011.01,1.A.1.f.2,Visualization,LV,3.0,8,0.0,3.0,3.0,N,N,08/2020,Analyst
19-3011.01,1.A.1.g.1,Selective Attention,IM,3.12,8,0.125,2.88,3.37,N,,08/2020,Analyst
19-3011.01,1.A.1.g.1,Selective Attention,LV,3.12,8,0.125,2.88,3.37,N,N,08/2020,Analyst
19-3011.01,1.A.1.g.2,Time Sharing,IM,2.38,8,0.183,2.0164,2.7336,N,,08/2020,Analyst
19-3011.01,1.A.1.g.2,Time Sharing,LV,2.12,8,0.2266,1.6809,2.5691,N,N,08/2020,Analyst
19-3011.01,1.A.2.a.1,Arm-Hand Steadiness,IM,1.0,8,0.0,1.0,1.0,N,,08/2020,Analyst
19-3011.01,1.A.2.a.1,Arm-Hand Steadiness,LV,0.0,8,0.0,0.0,0.0,N,Y,08/2020,Analyst
19-3011.01,1.A.2.a.2,Manual Dexterity,IM,1.0,8,0.0,1.0,1.0,N,,08/2020,Analyst
19-3011.01,1.A.2.a.2,Manual Dexterity,LV,0.0,8,0.0,0.0,0.0,N,Y,08/2020,Analyst
19-3011.01,1.A.2.a.3,Finger Dexterity,IM,1.62,8,0.183,1.2664,1.9836,N,,08/2020,Analyst
19-3011.01,1.A.2.a.3,Finger Dexterity,LV,0.75,8,0.25,0.26,1.24,N,N,08/2020,Analyst
19-3011.01,1.A.2.b.1,Control Precision,IM,1.0,8,0.0,1.0,1.0,N,,08/2020,Analyst
19-3011.01,1.A.2.b.1,Control Precision,LV,0.0,8,0.0,0.0,0.0,N,Y,08/2020,Analyst
19-3011.01,1.A.2.b.2,Multilimb Coordination,IM,1.0,8,0.0,1.0,1.0,N,,08/2020,Analyst
19-3011.01,1.A.2.b.2,Multilimb Coordination,LV,0.0,8,0.0,0.0,0.0,N,Y,08/2020,Analyst
19-3011.01,1.A.2.b.3,Response Orientation,IM,1.0,8,0.0,1.0,1.0,N,,08/2020,Analyst
19-3011.01,1.A.2.b.3,Response Orientation,LV,0.0,8,0.0,0.0,0.0,N,Y,08/2020,Analyst
19-3011.01,1.A.2.b.4,Rate Control,IM,1.0,8,0.0,1.0,1.0,N,,08/2020,Analyst
19-3011.01,1.A.2.b.4,Rate Control,LV,0.0,8,0.0,0.0,0.0,N,Y,08/2020,Analyst
19-3011.01,1.A.2.c.1,Reaction Time,IM,1.0,8,0.0,1.0,1.0,N,,08/2020,Analyst
19-3011.01,1.A.2.c.1,Reaction Time,LV,0.0,8,0.0,0.0,0.0,N,Y,08/2020,Analyst
19-3011.01,1.A.2.c.2,Wrist-Finger Speed,IM,1.12,8,0.125,1.0,1.37,N,,08/2020,Analyst
19-3011.01,1.A.2.c.2,Wrist-Finger Speed,LV,0.12,8,0.125,0.0,0.37,N,Y,08/2020,Analyst
19-3011.01,1.A.2.c.3,Speed of Limb Movement,IM,1.0,8,0.0,1.0,1.0,N,,08/2020,Analyst
19-3011.01,1.A.2.c.3,Speed of Limb Movement,LV,0.0,8,0.0,0.0,0.0,N,Y,08/2020,Analyst
19-3011.01,1.A.3.a.1,Static Strength,IM,1.0,8,0.0,1.0,1.0,N,,08/2020,Analyst
19-3011.01,1.A.3.a.1,Static Strength,LV,0.0,8,0.0,0.0,0.0,N,Y,08/2020,Analyst
19-3011.01,1.A.3.a.2,Explosive Strength,IM,1.0,8,0.0,1.0,1.0,N,,08/2020,Analyst
19-3011.01,1.A.3.a.2,Explosive Strength,LV,0.0,8,0.0,0.0,0.0,N,Y,08/2020,Analyst
19-3011.01,1.A.3.a.3,Dynamic Strength,IM,1.0,8,0.0,1.0,1.0,N,,08/2020,Analyst
19-3011.01,1.A.3.a.3,Dynamic Strength,LV,0.0,8,0.0,0.0,0.0,N,Y,08/2020,Analyst
19-3011.01,1.A.3.a.4,Trunk Strength,IM,1.38,8,0.183,1.0164,1.7336,N,,08/2020,Analyst
19-3011.01,1.A.3.a.4,Trunk Strength,LV,0.5,8,0.2673,0.0,1.0238,N,N,08/2020,Analyst
19-3011.01,1.A.3.b.1,Stamina,IM,1.0,8,0.0,1.0,1.0,N,,08/2020,Analyst
19-3011.01,1.A.3.b.1,Stamina,LV,0.0,8,0.0,0.0,0.0,N,Y,08/2020,Analyst
19-3011.01,1.A.3.c.1,Extent Flexibility,IM,1.0,8,0.0,1.0,1.0,N,,08/2020,Analyst
19-3011.01,1.A.3.c.1,Extent Flexibility,LV,0.0,8,0.0,0.0,0.0,N,Y,08/2020,Analyst
19-3011.01,1.A.3.c.2,Dynamic Flexibility,IM,1.0,8,0.0,1.0,1.0,N,,08/2020,Analyst
19-3011.01,1.A.3.c.2,Dynamic Flexibility,LV,0.0,8,0.0,0.0,0.0,N,Y,08/2020,Analyst
19-3011.01,1.A.3.c.3,Gross Body Coordination,IM,1.0,8,0.0,1.0,1.0,N,,08/2020,Analyst
19-3011.01,1.A.3.c.3,Gross Body Coordination,LV,0.0,8,0.0,0.0,0.0,N,Y,08/2020,Analyst
19-3011.01,1.A.3.c.4,Gross Body Equilibrium,IM,1.0,8,0.0,1.0,1.0,N,,08/2020,Analyst
19-3011.01,1.A.3.c.4,Gross Body Equilibrium,LV,0.0,8,0.0,0.0,0.0,N,Y,08/2020,Analyst
19-3011.01,1.A.4.a.1,Near Vision,IM,3.75,8,0.1637,3.4292,4.0708,N,,08/2020,Analyst
19-3011.01,1.A.4.a.1,Near Vision,LV,3.88,8,0.125,3.63,4.12,N,N,08/2020,Analyst
19-3011.01,1.A.4.a.2,Far Vision,IM,2.75,8,0.25,2.26,3.24,N,,08/2020,Analyst
19-3011.01,1.A.4.a.2,Far Vision,LV,2.88,8,0.2266,2.4309,3.3191,N,N,08/2020,Analyst
19-3011.01,1.A.4.a.3,Visual Color Discrimination,IM,2.0,8,0.0,2.0,2.0,N,,08/2020,Analyst
19-3011.01,1.A.4.a.3,Visual Color Discrimination,LV,2.0,8,0.0,2.0,2.0,N,N,08/2020,Analyst
19-3011.01,1.A.4.a.4,Night Vision,IM,1.0,8,0.0,1.0,1.0,N,,08/2020,Analyst
19-3011.01,1.A.4.a.4,Night Vision,LV,0.0,8,0.0,0.0,0.0,N,Y,08/2020,Analyst
19-3011.01,1.A.4.a.5,Peripheral Vision,IM,1.0,8,0.0,1.0,1.0,N,,08/2020,Analyst
19-3011.01,1.A.4.a.5,Peripheral Vision,LV,0.0,8,0.0,0.0,0.0,N,Y,08/2020,Analyst
19-3011.01,1.A.4.a.6,Depth Perception,IM,1.25,8,0.1637,1.0,1.5708,N,,08/2020,Analyst
19-3011.01,1.A.4.a.6,Depth Perception,LV,0.38,8,0.2631,0.0,0.8906,N,Y,08/2020,Analyst
19-3011.01,1.A.4.a.7,Glare Sensitivity,IM,1.0,8,0.0,1.0,1.0,N,,08/2020,Analyst
19-3011.01,1.A.4.a.7,Glare Sensitivity,LV,0.0,8,0.0,0.0,0.0,N,Y,08/2020,Analyst
19-3011.01,1.A.4.b.1,Hearing Sensitivity,IM,1.88,8,0.2266,1.4309,2.3191,N,,08/2020,Analyst
19-3011.01,1.A.4.b.1,Hearing Sensitivity,LV,1.0,8,0.2673,0.4762,1.5238,N,N,08/2020,Analyst
19-3011.01,1.A.4.b.2,Auditory Attention,IM,1.12,8,0.125,1.0,1.37,N,,08/2020,Analyst
19-3011.01,1.A.4.b.2,Auditory Attention,LV,0.25,8,0.25,0.0,0.74,N,Y,08/2020,Analyst
19-3011.01,1.A.4.b.3,Sound Localization,IM,1.12,8,0.125,1.0,1.37,N,,08/2020,Analyst
19-3011.01,1.A.4.b.3,Sound Localization,LV,0.25,8,0.25,0.0,0.74,N,Y,08/2020,Analyst
19-3011.01,1.A.4.b.4,Speech Recognition,IM,3.62,8,0.183,3.2664,3.9836,N,,08/2020,Analyst
19-3011.01,1.A.4.b.4,Speech Recognition,LV,4.0,8,0.0,4.0,4.0,N,N,08/2020,Analyst
19-3011.01,1.A.4.b.5,Speech Clarity,IM,3.88,8,0.125,3.63,4.12,N,,08/2020,Analyst
19-3011.01,1.A.4.b.5,Speech Clarity,LV,4.38,8,0.183,4.0164,4.7336,N,N,08/2020,Analyst
19-3022.00,1.A.1.a.1,Oral Comprehension,IM,4.0,8,0.0,4.0,4.0,N,,08/2019,Analyst
19-3022.00,1.A.1.a.1,Oral Comprehension,LV,4.0,8,0.0,4.0,4.0,N,N,08/2019,Analyst
19-3022.00,1.A.1.a.2,Written Comprehension,IM,4.12,8,0.125,3.88,4.37,N,,08/2019,Analyst
19-3022.00,1.A.1.a.2,Written Comprehension,LV,4.25,8,0.1637,3.9292,4.5708,N,N,08/2019,Analyst
19-3022.00,1.A.1.a.3,Oral Expression,IM,4.0,8,0.0,4.0,4.0,N,,08/2019,Analyst
19-3022.00,1.A.1.a.3,Oral Expression,LV,4.12,8,0.125,3.88,4.37,N,N,08/2019,Analyst
19-3022.00,1.A.1.a.4,Written Expression,IM,4.12,8,0.125,3.88,4.37,N,,08/2019,Analyst
19-3022.00,1.A.1.a.4,Written Expression,LV,4.25,8,0.1637,3.9292,4.5708,N,N,08/2019,Analyst
19-3022.00,1.A.1.b.1,Fluency of Ideas,IM,3.0,8,0.0,3.0,3.0,N,,08/2019,Analyst
19-3022.00,1.A.1.b.1,Fluency of Ideas,LV,3.5,8,0.189,3.1296,3.8704,N,N,08/2019,Analyst
19-3022.00,1.A.1.b.2,Originality,IM,3.0,8,0.0,3.0,3.0,N,,08/2019,Analyst
19-3022.00,1.A.1.b.2,Originality,LV,3.38,8,0.183,3.0164,3.7336,N,N,08/2019,Analyst
19-3022.00,1.A.1.b.3,Problem Sensitivity,IM,3.5,8,0.189,3.1296,3.8704,N,,08/2019,Analyst
19-3022.00,1.A.1.b.3,Problem Sensitivity,LV,3.62,8,0.183,3.2664,3.9836,N,N,08/2019,Analyst
19-3022.00,1.A.1.b.4,Deductive Reasoning,IM,4.0,8,0.0,4.0,4.0,N,,08/2019,Analyst
19-3022.00,1.A.1.b.4,Deductive Reasoning,LV,4.12,8,0.125,3.88,4.37,N,N,08/2019,Analyst
19-3022.00,1.A.1.b.5,Inductive Reasoning,IM,4.12,8,0.125,3.88,4.37,N,,08/2019,Analyst
19-3022.00,1.A.1.b.5,Inductive Reasoning,LV,4.25,8,0.1637,3.9292,4.5708,N,N,08/2019,Analyst
19-3022.00,1.A.1.b.6,Information Ordering,IM,3.75,8,0.1637,3.4292,4.0708,N,,08/2019,Analyst
19-3022.00,1.A.1.b.6,Information Ordering,LV,4.0,8,0.0,4.0,4.0,N,N,08/2019,Analyst
19-3022.00,1.A.1.b.7,Category Flexibility,IM,3.12,8,0.125,2.88,3.37,N,,08/2019,Analyst
19-3022.00,1.A.1.b.7,Category Flexibility,LV,3.88,8,0.125,3.63,4.12,N,N,08/2019,Analyst
19-3022.00,1.A.1.c.1,Mathematical Reasoning,IM,4.0,8,0.0,4.0,4.0,N,,08/2019,Analyst
19-3022.00,1.A.1.c.1,Mathematical Reasoning,LV,4.12,8,0.125,3.88,4.37,N,N,08/2019,Analyst
19-3022.00,1.A.1.c.2,Number Facility,IM,3.88,8,0.125,3.63,4.12,N,,08/2019,Analyst
19-3022.00,1.A.1.c.2,Number Facility,LV,4.25,8,0.1637,3.9292,4.5708,N,N,08/2019,Analyst
19-3022.00,1.A.1.d.1,Memorization,IM,2.88,8,0.125,2.63,3.12,N,,08/2019,Analyst
19-3022.00,1.A.1.d.1,Memorization,LV,2.88,8,0.125,2.63,3.12,N,N,08/2019,Analyst
19-3022.00,1.A.1.e.1,Speed of Closure,IM,2.75,8,0.1637,2.4292,3.0708,N,,08/2019,Analyst
19-3022.00,1.A.1.e.1,Speed of Closure,LV,2.75,8,0.1637,2.4292,3.0708,N,N,08/2019,Analyst
19-3022.00,1.A.1.e.2,Flexibility of Closure,IM,3.12,8,0.125,2.88,3.37,N,,08/2019,Analyst
19-3022.00,1.A.1.e.2,Flexibility of Closure,LV,3.0,8,0.189,2.6296,3.3704,N,N,08/2019,Analyst
19-3022.00,1.A.1.e.3,Perceptual Speed,IM,2.75,8,0.1637,2.4292,3.0708,N,,08/2019,Analyst
19-3022.00,1.A.1.e.3,Perceptual Speed,LV,2.75,8,0.1637,2.4292,3.0708,N,N,08/2019,Analyst
19-3022.00,1.A.1.f.1,Spatial Orientation,IM,1.12,8,0.125,1.0,1.37,N,,08/2019,Analyst
19-3022.00,1.A.1.f.1,Spatial Orientation,LV,0.12,8,0.125,0.0,0.37,N,Y,08/2019,Analyst
19-3022.00,1.A.1.f.2,Visualization,IM,2.12,8,0.125,1.88,2.37,N,,08/2019,Analyst
19-3022.00,1.A.1.f.2,Visualization,LV,2.12,8,0.125,1.88,2.37,N,N,08/2019,Analyst
19-3022.00,1.A.1.g.1,Selective Attention,IM,3.0,8,0.0,3.0,3.0,N,,08/2019,Analyst
19-3022.00,1.A.1.g.1,Selective Attention,LV,2.88,8,0.125,2.63,3.12,N,N,08/2019,Analyst
19-3022.00,1.A.1.g.2,Time Sharing,IM,2.0,8,0.0,2.0,2.0,N,,08/2019,Analyst
19-3022.00,1.A.1.g.2,Time Sharing,LV,2.0,8,0.0,2.0,2.0,N,N,08/2019,Analyst
19-3022.00,1.A.2.a.1,Arm-Hand Steadiness,IM,1.38,8,0.183,1.0164,1.7336,N,,08/2019,Analyst
19-3022.00,1.A.2.a.1,Arm-Hand Steadiness,LV,0.5,8,0.2673,0.0,1.0238,N,N,08/2019,Analyst
19-3022.00,1.A.2.a.2,Manual Dexterity,IM,1.5,8,0.189,1.1296,1.8704,N,,08/2019,Analyst
19-3022.00,1.A.2.a.2,Manual Dexterity,LV,0.5,8,0.189,0.1296,0.8704,N,N,08/2019,Analyst
19-3022.00,1.A.2.a.3,Finger Dexterity,IM,1.88,8,0.125,1.63,2.12,N,,08/2019,Analyst
19-3022.00,1.A.2.a.3,Finger Dexterity,LV,1.75,8,0.25,1.26,2.24,N,N,08/2019,Analyst
19-3022.00,1.A.2.b.1,Control Precision,IM,1.5,8,0.189,1.1296,1.8704,N,,08/2019,Analyst
19-3022.00,1.A.2.b.1,Control Precision,LV,0.75,8,0.3134,0.1358,1.3642,N,N,08/2019,Analyst
19-3022.00,1.A.2.b.2,Multilimb Coordination,IM,1.0,8,0.0,1.0,1.0,N,,08/2019,Analyst
19-3022.00,1.A.2.b.2,Multilimb Coordination,LV,0.0,8,0.0,0.0,0.0,N,Y,08/2019,Analyst
19-3022.00,1.A.2.b.3,Response Orientation,IM,1.0,8,0.0,1.0,1.0,N,,08/2019,Analyst
19-3022.00,1.A.2.b.3,Response Orientation,LV,0.0,8,0.0,0.0,0.0,N,Y,08/2019,Analyst
19-3022.00,1.A.2.b.4,Rate Control,IM,1.0,8,0.0,1.0,1.0,N,,08/2019,Analyst
19-3022.00,1.A.2.b.4,Rate Control,LV,0.0,8,0.0,0.0,0.0,N,Y,08/2019,Analyst
19-3022.00,1.A.2.c.1,Reaction Time,IM,1.0,8,0.0,1.0,1.0,N,,08/2019,Analyst
19-3022.00,1.A.2.c.1,Reaction Time,LV,0.0,8,0.0,0.0,0.0,N,Y,08/2019,Analyst
19-3022.00,1.A.2.c.2,Wrist-Finger Speed,IM,1.25,8,0.1637,1.0,1.5708,N,,08/2019,Analyst
19-3022.00,1.A.2.c.2,Wrist-Finger Speed,LV,0.38,8,0.2631,0.0,0.8906,N,Y,08/2019,Analyst
19-3022.00,1.A.2.c.3,Speed of Limb Movement,IM,1.0,8,0.0,1.0,1.0,N,,08/2019,Analyst
19-3022.00,1.A.2.c.3,Speed of Limb Movement,LV,0.0,8,0.0,0.0,0.0,N,Y,08/2019,Analyst
19-3022.00,1.A.3.a.1,Static Strength,IM,1.0,8,0.0,1.0,1.0,N,,08/2019,Analyst
19-3022.00,1.A.3.a.1,Static Strength,LV,0.0,8,0.0,0.0,0.0,N,Y,08/2019,Analyst
19-3022.00,1.A.3.a.2,Explosive Strength,IM,1.0,8,0.0,1.0,1.0,N,,08/2019,Analyst
19-3022.00,1.A.3.a.2,Explosive Strength,LV,0.0,8,0.0,0.0,0.0,N,Y,08/2019,Analyst
19-3022.00,1.A.3.a.3,Dynamic Strength,IM,1.0,8,0.0,1.0,1.0,N,,08/2019,Analyst
19-3022.00,1.A.3.a.3,Dynamic Strength,LV,0.0,8,0.0,0.0,0.0,N,Y,08/2019,Analyst
19-3022.00,1.A.3.a.4,Trunk Strength,IM,1.5,8,0.189,1.1296,1.8704,N,,08/2019,Analyst
19-3022.00,1.A.3.a.4,Trunk Strength,LV,0.88,8,0.3504,0.1883,1.5617,N,N,08/2019,Analyst
19-3022.00,1.A.3.b.1,Stamina,IM,1.0,8,0.0,1.0,1.0,N,,08/2019,Analyst
19-3022.00,1.A.3.b.1,Stamina,LV,0.0,8,0.0,0.0,0.0,N,Y,08/2019,Analyst
19-3022.00,1.A.3.c.1,Extent Flexibility,IM,1.0,8,0.0,1.0,1.0,N,,08/2019,Analyst
19-3022.00,1.A.3.c.1,Extent Flexibility,LV,0.0,8,0.0,0.0,0.0,N,Y,08/2019,Analyst
19-3022.00,1.A.3.c.2,Dynamic Flexibility,IM,1.0,8,0.0,1.0,1.0,N,,08/2019,Analyst
19-3022.00,1.A.3.c.2,Dynamic Flexibility,LV,0.0,8,0.0,0.0,0.0,N,Y,08/2019,Analyst
19-3022.00,1.A.3.c.3,Gross Body Coordination,IM,1.0,8,0.0,1.0,1.0,N,,08/2019,Analyst
19-3022.00,1.A.3.c.3,Gross Body Coordination,LV,0.0,8,0.0,0.0,0.0,N,Y,08/2019,Analyst
19-3022.00,1.A.3.c.4,Gross Body Equilibrium,IM,1.0,8,0.0,1.0,1.0,N,,08/2019,Analyst
19-3022.00,1.A.3.c.4,Gross Body Equilibrium,LV,0.0,8,0.0,0.0,0.0,N,Y,08/2019,Analyst
19-3022.00,1.A.4.a.1,Near Vision,IM,3.88,8,0.125,3.63,4.12,N,,08/2019,Analyst
19-3022.00,1.A.4.a.1,Near Vision,LV,4.0,8,0.0,4.0,4.0,N,N,08/2019,Analyst
19-3022.00,1.A.4.a.2,Far Vision,IM,2.75,8,0.1637,2.4292,3.0708,N,,08/2019,Analyst
19-3022.00,1.A.4.a.2,Far Vision,LV,2.75,8,0.1637,2.4292,3.0708,N,N,08/2019,Analyst
19-3022.00,1.A.4.a.3,Visual Color Discrimination,IM,1.75,8,0.1637,1.4292,2.0708,N,,08/2019,Analyst
19-3022.00,1.A.4.a.3,Visual Color Discrimination,LV,1.5,8,0.3273,0.8584,2.1416,N,N,08/2019,Analyst
19-3022.00,1.A.4.a.4,Night Vision,IM,1.0,8,0.0,1.0,1.0,N,,08/2019,Analyst
19-3022.00,1.A.4.a.4,Night Vision,LV,0.0,8,0.0,0.0,0.0,N,Y,08/2019,Analyst
19-3022.00,1.A.4.a.5,Peripheral Vision,IM,1.0,8,0.0,1.0,1.0,N,,08/2019,Analyst
19-3022.00,1.A.4.a.5,Peripheral Vision,LV,0.0,8,0.0,0.0,0.0,N,Y,08/2019,Analyst
19-3022.00,1.A.4.a.6,Depth Perception,IM,1.62,8,0.183,1.2664,1.9836,N,,08/2019,Analyst
19-3022.00,1.A.4.a.6,Depth Perception,LV,0.62,8,0.183,0.2664,0.9836,N,N,08/2019,Analyst
19-3022.00,1.A.4.a.7,Glare Sensitivity,IM,1.0,8,0.0,1.0,1.0,N,,08/2019,Analyst
19-3022.00,1.A.4.a.7,Glare Sensitivity,LV,0.0,8,0.0,0.0,0.0,N,Y,08/2019,Analyst
19-3022.00,1.A.4.b.1,Hearing Sensitivity,IM,1.75,8,0.1637,1.4292,2.0708,N,,08/2019,Analyst
19-3022.00,1.A.4.b.1,Hearing Sensitivity,LV,1.25,8,0.3134,0.6358,1.8642,N,N,08/2019,Analyst
19-3022.00,1.A.4.b.2,Auditory Attention,IM,1.75,8,0.1637,1.4292,2.0708,N,,08/2019,Analyst
19-3022.00,1.A.4.b.2,Auditory Attention,LV,1.25,8,0.3134,0.6358,1.8642,N,N,08/2019,Analyst
19-3022.00,1.A.4.b.3,Sound Localization,IM,1.0,8,0.0,1.0,1.0,N,,08/2019,Analyst
19-3022.00,1.A.4.b.3,Sound Localization,LV,0.0,8,0.0,0.0,0.0,N,Y,08/2019,Analyst
19-3022.00,1.A.4.b.4,Speech Recognition,IM,3.75,8,0.1637,3.4292,4.0708,N,,08/2019,Analyst
19-3022.00,1.A.4.b.4,Speech Recognition,LV,3.75,8,0.1637,3.4292,4.0708,N,N,08/2019,Analyst
19-3022.00,1.A.4.b.5,Speech Clarity,IM,3.88,8,0.125,3.63,4.12,N,,08/2019,Analyst
19-3022.00,1.A.4.b.5,Speech Clarity,LV,4.0,8,0.189,3.6296,4.3704,N,N,08/2019,Analyst
19-3032.00,1.A.1.a.1,Oral Comprehension,IM,4.25,8,0.25,3.76,4.74,N,,08/2023,Analyst
19-3032.00,1.A.1.a.1,Oral Comprehension,LV,4.75,8,0.1637,4.4292,5.0708,N,N,08/2023,Analyst
19-3032.00,1.A.1.a.2,Written Comprehension,IM,4.38,8,0.183,4.0164,4.7336,N,,08/2023,Analyst
19-3032.00,1.A.1.a.2,Written Comprehension,LV,4.88,8,0.125,4.63,5.12,N,N,08/2023,Analyst
19-3032.00,1.A.1.a.3,Oral Expression,IM,4.38,8,0.183,4.0164,4.7336,N,,08/2023,Analyst
19-3032.00,1.A.1.a.3,Oral Expression,LV,4.88,8,0.125,4.63,5.12,N,N,08/2023,Analyst
19-3032.00,1.A.1.a.4,Written Expression,IM,4.25,8,0.1637,3.9292,4.5708,N,,08/2023,Analyst
19-3032.00,1.A.1.a.4,Written Expression,LV,4.88,8,0.125,4.63,5.12,N,N,08/2023,Analyst
19-3032.00,1.A.1.b.1,Fluency of Ideas,IM,3.88,8,0.125,3.63,4.12,N,,08/2023,Analyst
19-3032.00,1.A.1.b.1,Fluency of Ideas,LV,4.25,8,0.1637,3.9292,4.5708,N,N,08/2023,Analyst
19-3032.00,1.A.1.b.2,Originality,IM,3.88,8,0.125,3.63,4.12,N,,08/2023,Analyst
19-3032.00,1.A.1.b.2,Originality,LV,4.0,8,0.0,4.0,4.0,N,N,08/2023,Analyst
19-3032.00,1.A.1.b.3,Problem Sensitivity,IM,4.0,8,0.189,3.6296,4.3704,N,,08/2023,Analyst
19-3032.00,1.A.1.b.3,Problem Sensitivity,LV,4.25,8,0.1637,3.9292,4.5708,N,N,08/2023,Analyst
19-3032.00,1.A.1.b.4,Deductive Reasoning,IM,4.12,8,0.125,3.88,4.37,N,,08/2023,Analyst
19-3032.00,1.A.1.b.4,Deductive Reasoning,LV,4.62,8,0.183,4.2664,4.9836,N,N,08/2023,Analyst
19-3032.00,1.A.1.b.5,Inductive Reasoning,IM,4.12,8,0.125,3.88,4.37,N,,08/2023,Analyst
19-3032.00,1.A.1.b.5,Inductive Reasoning,LV,4.12,8,0.125,3.88,4.37,N,N,08/2023,Analyst
19-3032.00,1.A.1.b.6,Information Ordering,IM,4.0,8,0.189,3.6296,4.3704,N,,08/2023,Analyst
19-3032.00,1.A.1.b.6,Information Ordering,LV,4.0,8,0.0,4.0,4.0,N,N,08/2023,Analyst
19-3032.00,1.A.1.b.7,Category Flexibility,IM,3.75,8,0.25,3.26,4.24,N,,08/2023,Analyst
19-3032.00,1.A.1.b.7,Category Flexibility,LV,4.0,8,0.189,3.6296,4.3704,N,N,08/2023,Analyst
19-3032.00,1.A.1.c.1,Mathematical Reasoning,IM,3.88,8,0.2266,3.4309,4.3191,N,,08/2023,Analyst
19-3032.00,1.A.1.c.1,Mathematical Reasoning,LV,3.88,8,0.2266,3.4309,4.3191,N,N,08/2023,Analyst
19-3032.00,1.A.1.c.2,Number Facility,IM,3.12,8,0.125,2.88,3.37,N,,08/2023,Analyst
19-3032.00,1.A.1.c.2,Number Facility,LV,3.62,8,0.183,3.2664,3.9836,N,N,08/2023,Analyst
19-3032.00,1.A.1.d.1,Memorization,IM,2.62,8,0.183,2.2664,2.9836,N,,08/2023,Analyst
19-3032.00,1.A.1.d.1,Memorization,LV,3.0,8,0.189,2.6296,3.3704,N,N,08/2023,Analyst
19-3032.00,1.A.1.e.1,Speed of Closure,IM,2.75,8,0.1637,2.4292,3.0708,N,,08/2023,Analyst
19-3032.00,1.A.1.e.1,Speed of Closure,LV,3.0,8,0.189,2.6296,3.3704,N,N,08/2023,Analyst
19-3032.00,1.A.1.e.2,Flexibility of Closure,IM,2.88,8,0.125,2.63,3.12,N,,08/2023,Analyst
19-3032.00,1.A.1.e.2,Flexibility of Closure,LV,3.0,8,0.0,3.0,3.0,N,N,08/2023,Analyst
19-3032.00,1.A.1.e.3,Perceptual Speed,IM,2.75,8,0.1637,2.4292,3.0708,N,,08/2023,Analyst
19-3032.00,1.A.1.e.3,Perceptual Speed,LV,2.75,8,0.1637,2.4292,3.0708,N,N,08/2023,Analyst
19-3032.00,1.A.1.f.1,Spatial Orientation,IM,1.0,8,0.0,1.0,1.0,N,,08/2023,Analyst
19-3032.00,1.A.1.f.1,Spatial Orientation,LV,0.0,8,0.0,0.0,0.0,N,Y,08/2023,Analyst
19-3032.00,1.A.1.f.2,Visualization,IM,2.62,8,0.183,2.2664,2.9836,N,,08/2023,Analyst
19-3032.00,1.A.1.f.2,Visualization,LV,2.38,8,0.183,2.0164,2.7336,N,N,08/2023,Analyst
19-3032.00,1.A.1.g.1,Selective Attention,IM,3.12,8,0.125,2.88,3.37,N,,08/2023,Analyst
19-3032.00,1.A.1.g.1,Selective Attention,LV,2.75,8,0.1637,2.4292,3.0708,N,N,08/2023,Analyst
19-3032.00,1.A.1.g.2,Time Sharing,IM,2.25,8,0.1637,1.9292,2.5708,N,,08/2023,Analyst
19-3032.00,1.A.1.g.2,Time Sharing,LV,2.5,8,0.189,2.1296,2.8704,N,N,08/2023,Analyst
19-3032.00,1.A.2.a.1,Arm-Hand Steadiness,IM,1.0,8,0.0,1.0,1.0,N,,08/2023,Analyst
19-3032.00,1.A.2.a.1,Arm-Hand Steadiness,LV,0.0,8,0.0,0.0,0.0,N,Y,08/2023,Analyst
19-3032.00,1.A.2.a.2,Manual Dexterity,IM,1.0,8,0.0,1.0,1.0,N,,08/2023,Analyst
19-3032.00,1.A.2.a.2,Manual Dexterity,LV,0.0,8,0.0,0.0,0.0,N,Y,08/2023,Analyst
19-3032.00,1.A.2.a.3,Finger Dexterity,IM,1.5,8,0.189,1.1296,1.8704,N,,08/2023,Analyst
19-3032.00,1.A.2.a.3,Finger Dexterity,LV,0.75,8,0.3134,0.1358,1.3642,N,N,08/2023,Analyst
19-3032.00,1.A.2.b.1,Control Precision,IM,1.0,8,0.0,1.0,1.0,N,,08/2023,Analyst
19-3032.00,1.A.2.b.1,Control Precision,LV,0.0,8,0.0,0.0,0.0,N,Y,08/2023,Analyst
19-3032.00,1.A.2.b.2,Multilimb Coordination,IM,1.0,8,0.0,1.0,1.0,N,,08/2023,Analyst
19-3032.00,1.A.2.b.2,Multilimb Coordination,LV,0.0,8,0.0,0.0,0.0,N,Y,08/2023,Analyst
19-3032.00,1.A.2.b.3,Response Orientation,IM,1.0,8,0.0,1.0,1.0,N,,08/2023,Analyst
19-3032.00,1.A.2.b.3,Response Orientation,LV,0.0,8,0.0,0.0,0.0,N,Y,08/2023,Analyst
19-3032.00,1.A.2.b.4,Rate Control,IM,1.0,8,0.0,1.0,1.0,N,,08/2023,Analyst
19-3032.00,1.A.2.b.4,Rate Control,LV,0.0,8,0.0,0.0,0.0,N,Y,08/2023,Analyst
19-3032.00,1.A.2.c.1,Reaction Time,IM,1.0,8,0.0,1.0,1.0,N,,08/2023,Analyst
19-3032.00,1.A.2.c.1,Reaction Time,LV,0.0,8,0.0,0.0,0.0,N,Y,08/2023,Analyst
19-3032.00,1.A.2.c.2,Wrist-Finger Speed,IM,1.0,8,0.0,1.0,1.0,N,,08/2023,Analyst
19-3032.00,1.A.2.c.2,Wrist-Finger Speed,LV,0.0,8,0.0,0.0,0.0,N,Y,08/2023,Analyst
19-3032.00,1.A.2.c.3,Speed of Limb Movement,IM,1.0,8,0.0,1.0,1.0,N,,08/2023,Analyst
19-3032.00,1.A.2.c.3,Speed of Limb Movement,LV,0.0,8,0.0,0.0,0.0,N,Y,08/2023,Analyst
19-3032.00,1.A.3.a.1,Static Strength,IM,1.0,8,0.0,1.0,1.0,N,,08/2023,Analyst
19-3032.00,1.A.3.a.1,Static Strength,LV,0.0,8,0.0,0.0,0.0,N,Y,08/2023,Analyst
19-3032.00,1.A.3.a.2,Explosive Strength,IM,1.0,8,0.0,1.0,1.0,N,,08/2023,Analyst
19-3032.00,1.A.3.a.2,Explosive Strength,LV,0.0,8,0.0,0.0,0.0,N,Y,08/2023,Analyst
19-3032.00,1.A.3.a.3,Dynamic Strength,IM,1.0,8,0.0,1.0,1.0,N,,08/2023,Analyst
19-3032.00,1.A.3.a.3,Dynamic Strength,LV,0.0,8,0.0,0.0,0.0,N,Y,08/2023,Analyst
19-3032.00,1.A.3.a.4,Trunk Strength,IM,1.38,8,0.183,1.0164,1.7336,N,,08/2023,Analyst
19-3032.00,1.A.3.a.4,Trunk Strength,LV,0.5,8,0.2673,0.0,1.0238,N,N,08/2023,Analyst
19-3032.00,1.A.3.b.1,Stamina,IM,1.0,8,0.0,1.0,1.0,N,,08/2023,Analyst
19-3032.00,1.A.3.b.1,Stamina,LV,0.0,8,0.0,0.0,0.0,N,Y,08/2023,Analyst
19-3032.00,1.A.3.c.1,Extent Flexibility,IM,1.0,8,0.0,1.0,1.0,N,,08/2023,Analyst
19-3032.00,1.A.3.c.1,Extent Flexibility,LV,0.0,8,0.0,0.0,0.0,N,Y,08/2023,Analyst
19-3032.00,1.A.3.c.2,Dynamic Flexibility,IM,1.0,8,0.0,1.0,1.0,N,,08/2023,Analyst
19-3032.00,1.A.3.c.2,Dynamic Flexibility,LV,0.0,8,0.0,0.0,0.0,N,Y,08/2023,Analyst
19-3032.00,1.A.3.c.3,Gross Body Coordination,IM,1.0,8,0.0,1.0,1.0,N,,08/2023,Analyst
19-3032.00,1.A.3.c.3,Gross Body Coordination,LV,0.0,8,0.0,0.0,0.0,N,Y,08/2023,Analyst
19-3032.00,1.A.3.c.4,Gross Body Equilibrium,IM,1.0,8,0.0,1.0,1.0,N,,08/2023,Analyst
19-3032.00,1.A.3.c.4,Gross Body Equilibrium,LV,0.0,8,0.0,0.0,0.0,N,Y,08/2023,Analyst
19-3032.00,1.A.4.a.1,Near Vision,IM,3.75,8,0.1637,3.4292,4.0708,N,,08/2023,Analyst
19-3032.00,1.A.4.a.1,Near Vision,LV,3.88,8,0.125,3.63,4.12,N,N,08/2023,Analyst
19-3032.00,1.A.4.a.2,Far Vision,IM,3.0,8,0.0,3.0,3.0,N,,08/2023,Analyst
19-3032.00,1.A.4.a.2,Far Vision,LV,3.38,8,0.183,3.0164,3.7336,N,N,08/2023,Analyst
19-3032.00,1.A.4.a.3,Visual Color Discrimination,IM,2.12,8,0.125,1.88,2.37,N,,08/2023,Analyst
19-3032.00,1.A.4.a.3,Visual Color Discrimination,LV,1.75,8,0.1637,1.4292,2.0708,N,N,08/2023,Analyst
19-3032.00,1.A.4.a.4,Night Vision,IM,1.0,8,0.0,1.0,1.0,N,,08/2023,Analyst
19-3032.00,1.A.4.a.4,Night Vision,LV,0.0,8,0.0,0.0,0.0,N,Y,08/2023,Analyst
19-3032.00,1.A.4.a.5,Peripheral Vision,IM,1.0,8,0.0,1.0,1.0,N,,08/2023,Analyst
19-3032.00,1.A.4.a.5,Peripheral Vision,LV,0.0,8,0.0,0.0,0.0,N,Y,08/2023,Analyst
19-3032.00,1.A.4.a.6,Depth Perception,IM,1.5,8,0.189,1.1296,1.8704,N,,08/2023,Analyst
19-3032.00,1.A.4.a.6,Depth Perception,LV,0.5,8,0.189,0.1296,0.8704,N,N,08/2023,Analyst
19-3032.00,1.A.4.a.7,Glare Sensitivity,IM,1.0,8,0.0,1.0,1.0,N,,08/2023,Analyst
19-3032.00,1.A.4.a.7,Glare Sensitivity,LV,0.0,8,0.0,0.0,0.0,N,Y,08/2023,Analyst
19-3032.00,1.A.4.b.1,Hearing Sensitivity,IM,1.88,8,0.125,1.63,2.12,N,,08/2023,Analyst
19-3032.00,1.A.4.b.1,Hearing Sensitivity,LV,1.25,8,0.25,0.76,1.74,N,N,08/2023,Analyst
19-3032.00,1.A.4.b.2,Auditory Attention,IM,1.75,8,0.1637,1.4292,2.0708,N,,08/2023,Analyst
19-3032.00,1.A.4.b.2,Auditory Attention,LV,0.75,8,0.1637,0.4292,1.0708,N,N,08/2023,Analyst
19-3032.00,1.A.4.b.3,Sound Localization,IM,1.0,8,0.0,1.0,1.0,N,,08/2023,Analyst
19-3032.00,1.A.4.b.3,Sound Localization,LV,0.0,8,0.0,0.0,0.0,N,Y,08/2023,Analyst
19-3032.00,1.A.4.b.4,Speech Recognition,IM,4.0,8,0.0,4.0,4.0,N,,08/2023,Analyst
19-3032.00,1.A.4.b.4,Speech Recognition,LV,4.12,8,0.125,3.88,4.37,N,N,08/2023,Analyst
19-3032.00,1.A.4.b.5,Speech Clarity,IM,4.0,8,0.0,4.0,4.0,N,,08/2023,Analyst
19-3032.00,1.A.4.b.5,Speech Clarity,LV,4.25,8,0.1637,3.9292,4.5708,N,N,08/2023,Analyst
19-3033.00,1.A.1.a.1,Oral Comprehension,IM,4.38,8,0.375,3.64,5.0,N,,08/2024,Analyst
19-3033.00,1.A.1.a.1,Oral Comprehension,LV,5.0,8,0.0,5.0,5.0,N,N,08/2024,Analyst
19-3033.00,1.A.1.a.2,Written Comprehension,IM,4.5,8,0.189,4.1296,4.8704,N,,08/2024,Analyst
19-3033.00,1.A.1.a.2,Written Comprehension,LV,4.5,8,0.189,4.1296,4.8704,N,N,08/2024,Analyst
19-3033.00,1.A.1.a.3,Oral Expression,IM,4.62,8,0.183,4.2664,4.9836,N,,08/2024,Analyst
19-3033.00,1.A.1.a.3,Oral Expression,LV,5.0,8,0.0,5.0,5.0,N,N,08/2024,Analyst
19-3033.00,1.A.1.a.4,Written Expression,IM,4.25,8,0.1637,3.9292,4.5708,N,,08/2024,Analyst
19-3033.00,1.A.1.a.4,Written Expression,LV,4.38,8,0.183,4.0164,4.7336,N,N,08/2024,Analyst
19-3033.00,1.A.1.b.1,Fluency of Ideas,IM,3.75,8,0.1637,3.4292,4.0708,N,,08/2024,Analyst
19-3033.00,1.A.1.b.1,Fluency of Ideas,LV,4.0,8,0.0,4.0,4.0,N,N,08/2024,Analyst
19-3033.00,1.A.1.b.2,Originality,IM,3.38,8,0.183,3.0164,3.7336,N,,08/2024,Analyst
19-3033.00,1.A.1.b.2,Originality,LV,3.88,8,0.125,3.63,4.12,N,N,08/2024,Analyst
19-3033.00,1.A.1.b.3,Problem Sensitivity,IM,4.38,8,0.183,4.0164,4.7336,N,,08/2024,Analyst
19-3033.00,1.A.1.b.3,Problem Sensitivity,LV,4.25,8,0.1637,3.9292,4.5708,N,N,08/2024,Analyst
19-3033.00,1.A.1.b.4,Deductive Reasoning,IM,4.0,8,0.0,4.0,4.0,N,,08/2024,Analyst
19-3033.00,1.A.1.b.4,Deductive Reasoning,LV,4.0,8,0.0,4.0,4.0,N,N,08/2024,Analyst
19-3033.00,1.A.1.b.5,Inductive Reasoning,IM,4.0,8,0.0,4.0,4.0,N,,08/2024,Analyst
19-3033.00,1.A.1.b.5,Inductive Reasoning,LV,4.12,8,0.125,3.88,4.37,N,N,08/2024,Analyst
19-3033.00,1.A.1.b.6,Information Ordering,IM,3.38,8,0.183,3.0164,3.7336,N,,08/2024,Analyst
19-3033.00,1.A.1.b.6,Information Ordering,LV,3.75,8,0.1637,3.4292,4.0708,N,N,08/2024,Analyst
19-3033.00,1.A.1.b.7,Category Flexibility,IM,3.38,8,0.183,3.0164,3.7336,N,,08/2024,Analyst
19-3033.00,1.A.1.b.7,Category Flexibility,LV,3.88,8,0.125,3.63,4.12,N,N,08/2024,Analyst
19-3033.00,1.A.1.c.1,Mathematical Reasoning,IM,2.25,8,0.1637,1.9292,2.5708,N,,08/2024,Analyst
19-3033.00,1.A.1.c.1,Mathematical Reasoning,LV,2.25,8,0.25,1.76,2.74,N,N,08/2024,Analyst
19-3033.00,1.A.1.c.2,Number Facility,IM,2.12,8,0.125,1.88,2.37,N,,08/2024,Analyst
19-3033.00,1.A.1.c.2,Number Facility,LV,2.12,8,0.125,1.88,2.37,N,N,08/2024,Analyst
19-3033.00,1.A.1.d.1,Memorization,IM,2.75,8,0.1637,2.4292,3.0708,N,,08/2024,Analyst
19-3033.00,1.A.1.d.1,Memorization,LV,2.75,8,0.1637,2.4292,3.0708,N,N,08/2024,Analyst
19-3033.00,1.A.1.e.1,Speed of Closure,IM,2.62,8,0.183,2.2664,2.9836,N,,08/2024,Analyst
19-3033.00,1.A.1.e.1,Speed of Closure,LV,2.62,8,0.183,2.2664,2.9836,N,N,08/2024,Analyst
19-3033.00,1.A.1.e.2,Flexibility of Closure,IM,3.0,8,0.189,2.6296,3.3704,N,,08/2024,Analyst
19-3033.00,1.A.1.e.2,Flexibility of Closure,LV,3.12,8,0.2266,2.6809,3.5691,N,N,08/2024,Analyst
19-3033.00,1.A.1.e.3,Perceptual Speed,IM,2.5,8,0.189,2.1296,2.8704,N,,08/2024,Analyst
19-3033.00,1.A.1.e.3,Perceptual Speed,LV,2.12,8,0.125,1.88,2.37,N,N,08/2024,Analyst
19-3033.00,1.A.1.f.1,Spatial Orientation,IM,1.12,8,0.125,1.0,1.37,N,,08/2024,Analyst
19-3033.00,1.A.1.f.1,Spatial Orientation,LV,0.12,8,0.125,0.0,0.37,N,Y,08/2024,Analyst
19-3033.00,1.A.1.f.2,Visualization,IM,2.0,8,0.0,2.0,2.0,N,,08/2024,Analyst
19-3033.00,1.A.1.f.2,Visualization,LV,2.0,8,0.0,2.0,2.0,N,N,08/2024,Analyst
19-3033.00,1.A.1.g.1,Selective Attention,IM,3.25,8,0.1637,2.9292,3.5708,N,,08/2024,Analyst
19-3033.00,1.A.1.g.1,Selective Attention,LV,2.75,8,0.1637,2.4292,3.0708,N,N,08/2024,Analyst
19-3033.00,1.A.1.g.2,Time Sharing,IM,2.38,8,0.183,2.0164,2.7336,N,,08/2024,Analyst
19-3033.00,1.A.1.g.2,Time Sharing,LV,2.12,8,0.125,1.88,2.37,N,N,08/2024,Analyst
19-3033.00,1.A.2.a.1,Arm-Hand Steadiness,IM,1.0,8,0.0,1.0,1.0,N,,08/2024,Analyst
19-3033.00,1.A.2.a.1,Arm-Hand Steadiness,LV,0.0,8,0.0,0.0,0.0,N,Y,08/2024,Analyst
19-3033.00,1.A.2.a.2,Manual Dexterity,IM,1.0,8,0.0,1.0,1.0,N,,08/2024,Analyst
19-3033.00,1.A.2.a.2,Manual Dexterity,LV,0.0,8,0.0,0.0,0.0,N,Y,08/2024,Analyst
19-3033.00,1.A.2.a.3,Finger Dexterity,IM,1.0,8,0.0,1.0,1.0,N,,08/2024,Analyst
19-3033.00,1.A.2.a.3,Finger Dexterity,LV,0.0,8,0.0,0.0,0.0,N,Y,08/2024,Analyst
19-3033.00,1.A.2.b.1,Control Precision,IM,1.0,8,0.0,1.0,1.0,N,,08/2024,Analyst
19-3033.00,1.A.2.b.1,Control Precision,LV,0.0,8,0.0,0.0,0.0,N,Y,08/2024,Analyst
19-3033.00,1.A.2.b.2,Multilimb Coordination,IM,1.0,8,0.0,1.0,1.0,N,,08/2024,Analyst
19-3033.00,1.A.2.b.2,Multilimb Coordination,LV,0.0,8,0.0,0.0,0.0,N,Y,08/2024,Analyst
19-3033.00,1.A.2.b.3,Response Orientation,IM,1.0,8,0.0,1.0,1.0,N,,08/2024,Analyst
19-3033.00,1.A.2.b.3,Response Orientation,LV,0.0,8,0.0,0.0,0.0,N,Y,08/2024,Analyst
19-3033.00,1.A.2.b.4,Rate Control,IM,1.0,8,0.0,1.0,1.0,N,,08/2024,Analyst
19-3033.00,1.A.2.b.4,Rate Control,LV,0.0,8,0.0,0.0,0.0,N,Y,08/2024,Analyst
19-3033.00,1.A.2.c.1,Reaction Time,IM,1.0,8,0.0,1.0,1.0,N,,08/2024,Analyst
19-3033.00,1.A.2.c.1,Reaction Time,LV,0.0,8,0.0,0.0,0.0,N,Y,08/2024,Analyst
19-3033.00,1.A.2.c.2,Wrist-Finger Speed,IM,1.5,8,0.189,1.1296,1.8704,N,,08/2024,Analyst
19-3033.00,1.A.2.c.2,Wrist-Finger Speed,LV,0.5,8,0.189,0.1296,0.8704,N,N,08/2024,Analyst
19-3033.00,1.A.2.c.3,Speed of Limb Movement,IM,1.0,8,0.0,1.0,1.0,N,,08/2024,Analyst
19-3033.00,1.A.2.c.3,Speed of Limb Movement,LV,0.0,8,0.0,0.0,0.0,N,Y,08/2024,Analyst
19-3033.00,1.A.3.a.1,Static Strength,IM,1.0,8,0.0,1.0,1.0,N,,08/2024,Analyst
19-3033.00,1.A.3.a.1,Static Strength,LV,0.0,8,0.0,0.0,0.0,N,Y,08/2024,Analyst
19-3033.00,1.A.3.a.2,Explosive Strength,IM,1.0,8,0.0,1.0,1.0,N,,08/2024,Analyst
19-3033.00,1.A.3.a.2,Explosive Strength,LV,0.0,8,0.0,0.0,0.0,N,Y,08/2024,Analyst
19-3033.00,1.A.3.a.3,Dynamic Strength,IM,1.0,8,0.0,1.0,1.0,N,,08/2024,Analyst
19-3033.00,1.A.3.a.3,Dynamic Strength,LV,0.0,8,0.0,0.0,0.0,N,Y,08/2024,Analyst
19-3033.00,1.A.3.a.4,Trunk Strength,IM,1.88,8,0.125,1.63,2.12,N,,08/2024,Analyst
19-3033.00,1.A.3.a.4,Trunk Strength,LV,1.5,8,0.2673,0.9762,2.0238,N,N,08/2024,Analyst
19-3033.00,1.A.3.b.1,Stamina,IM,1.0,8,0.0,1.0,1.0,N,,08/2024,Analyst
19-3033.00,1.A.3.b.1,Stamina,LV,0.0,8,0.0,0.0,0.0,N,Y,08/2024,Analyst
19-3033.00,1.A.3.c.1,Extent Flexibility,IM,1.0,8,0.0,1.0,1.0,N,,08/2024,Analyst
19-3033.00,1.A.3.c.1,Extent Flexibility,LV,0.0,8,0.0,0.0,0.0,N,Y,08/2024,Analyst
19-3033.00,1.A.3.c.2,Dynamic Flexibility,IM,1.0,8,0.0,1.0,1.0,N,,08/2024,Analyst
19-3033.00,1.A.3.c.2,Dynamic Flexibility,LV,0.0,8,0.0,0.0,0.0,N,Y,08/2024,Analyst
19-3033.00,1.A.3.c.3,Gross Body Coordination,IM,1.0,8,0.0,1.0,1.0,N,,08/2024,Analyst
19-3033.00,1.A.3.c.3,Gross Body Coordination,LV,0.0,8,0.0,0.0,0.0,N,Y,08/2024,Analyst
19-3033.00,1.A.3.c.4,Gross Body Equilibrium,IM,1.0,8,0.0,1.0,1.0,N,,08/2024,Analyst
19-3033.00,1.A.3.c.4,Gross Body Equilibrium,LV,0.0,8,0.0,0.0,0.0,N,Y,08/2024,Analyst
19-3033.00,1.A.4.a.1,Near Vision,IM,3.25,8,0.1637,2.9292,3.5708,N,,08/2024,Analyst
19-3033.00,1.A.4.a.1,Near Vision,LV,3.75,8,0.1637,3.4292,4.0708,N,N,08/2024,Analyst
19-3033.00,1.A.4.a.2,Far Vision,IM,2.62,8,0.183,2.2664,2.9836,N,,08/2024,Analyst
19-3033.00,1.A.4.a.2,Far Vision,LV,2.88,8,0.125,2.63,3.12,N,N,08/2024,Analyst
19-3033.00,1.A.4.a.3,Visual Color Discrimination,IM,2.0,8,0.0,2.0,2.0,N,,08/2024,Analyst
19-3033.00,1.A.4.a.3,Visual Color Discrimination,LV,2.0,8,0.0,2.0,2.0,N,N,08/2024,Analyst
19-3033.00,1.A.4.a.4,Night Vision,IM,1.0,8,0.0,1.0,1.0,N,,08/2024,Analyst
19-3033.00,1.A.4.a.4,Night Vision,LV,0.0,8,0.0,0.0,0.0,N,Y,08/2024,Analyst
19-3033.00,1.A.4.a.5,Peripheral Vision,IM,1.0,8,0.0,1.0,1.0,N,,08/2024,Analyst
19-3033.00,1.A.4.a.5,Peripheral Vision,LV,0.0,8,0.0,0.0,0.0,N,Y,08/2024,Analyst
19-3033.00,1.A.4.a.6,Depth Perception,IM,1.25,8,0.1637,1.0,1.5708,N,,08/2024,Analyst
19-3033.00,1.A.4.a.6,Depth Perception,LV,0.25,8,0.1637,0.0,0.5708,N,Y,08/2024,Analyst
19-3033.00,1.A.4.a.7,Glare Sensitivity,IM,1.0,8,0.0,1.0,1.0,N,,08/2024,Analyst
19-3033.00,1.A.4.a.7,Glare Sensitivity,LV,0.0,8,0.0,0.0,0.0,N,Y,08/2024,Analyst
19-3033.00,1.A.4.b.1,Hearing Sensitivity,IM,1.88,8,0.125,1.63,2.12,N,,08/2024,Analyst
19-3033.00,1.A.4.b.1,Hearing Sensitivity,LV,1.62,8,0.2631,1.1094,2.1406,N,N,08/2024,Analyst
19-3033.00,1.A.4.b.2,Auditory Attention,IM,2.5,8,0.189,2.1296,2.8704,N,,08/2024,Analyst
19-3033.00,1.A.4.b.2,Auditory Attention,LV,2.12,8,0.125,1.88,2.37,N,N,08/2024,Analyst
19-3033.00,1.A.4.b.3,Sound Localization,IM,1.0,8,0.0,1.0,1.0,N,,08/2024,Analyst
19-3033.00,1.A.4.b.3,Sound Localization,LV,0.0,8,0.0,0.0,0.0,N,Y,08/2024,Analyst
19-3033.00,1.A.4.b.4,Speech Recognition,IM,4.0,8,0.0,4.0,4.0,N,,08/2024,Analyst
19-3033.00,1.A.4.b.4,Speech Recognition,LV,4.12,8,0.125,3.88,4.37,N,N,08/2024,Analyst
19-3033.00,1.A.4.b.5,Speech Clarity,IM,4.0,8,0.0,4.0,4.0,N,,08/2024,Analyst
19-3033.00,1.A.4.b.5,Speech Clarity,LV,4.12,8,0.125,3.88,4.37,N,N,08/2024,Analyst
19-3034.00,1.A.1.a.1,Oral Comprehension,IM,4.38,8,0.183,4.0164,4.7336,N,,08/2019,Analyst
19-3034.00,1.A.1.a.1,Oral Comprehension,LV,4.88,8,0.125,4.63,5.12,N,N,08/2019,Analyst
19-3034.00,1.A.1.a.2,Written Comprehension,IM,4.12,8,0.125,3.88,4.37,N,,08/2019,Analyst
19-3034.00,1.A.1.a.2,Written Comprehension,LV,4.88,8,0.125,4.63,5.12,N,N,08/2019,Analyst
19-3034.00,1.A.1.a.3,Oral Expression,IM,4.38,8,0.183,4.0164,4.7336,N,,08/2019,Analyst
19-3034.00,1.A.1.a.3,Oral Expression,LV,4.75,8,0.1637,4.4292,5.0708,N,N,08/2019,Analyst
19-3034.00,1.A.1.a.4,Written Expression,IM,4.0,8,0.0,4.0,4.0,N,,08/2019,Analyst
19-3034.00,1.A.1.a.4,Written Expression,LV,4.75,8,0.1637,4.4292,5.0708,N,N,08/2019,Analyst
19-3034.00,1.A.1.b.1,Fluency of Ideas,IM,3.12,8,0.125,2.88,3.37,N,,08/2019,Analyst
19-3034.00,1.A.1.b.1,Fluency of Ideas,LV,3.38,8,0.183,3.0164,3.7336,N,N,08/2019,Analyst
19-3034.00,1.A.1.b.2,Originality,IM,3.0,8,0.189,2.6296,3.3704,N,,08/2019,Analyst
19-3034.00,1.A.1.b.2,Originality,LV,3.5,8,0.189,3.1296,3.8704,N,N,08/2019,Analyst
19-3034.00,1.A.1.b.3,Problem Sensitivity,IM,4.0,8,0.0,4.0,4.0,N,,08/2019,Analyst
19-3034.00,1.A.1.b.3,Problem Sensitivity,LV,4.25,8,0.1637,3.9292,4.5708,N,N,08/2019,Analyst
19-3034.00,1.A.1.b.4,Deductive Reasoning,IM,4.12,8,0.125,3.88,4.37,N,,08/2019,Analyst
19-3034.00,1.A.1.b.4,Deductive Reasoning,LV,4.12,8,0.125,3.88,4.37,N,N,08/2019,Analyst
19-3034.00,1.A.1.b.5,Inductive Reasoning,IM,4.0,8,0.0,4.0,4.0,N,,08/2019,Analyst
19-3034.00,1.A.1.b.5,Inductive Reasoning,LV,4.38,8,0.183,4.0164,4.7336,N,N,08/2019,Analyst
19-3034.00,1.A.1.b.6,Information Ordering,IM,3.38,8,0.183,3.0164,3.7336,N,,08/2019,Analyst
19-3034.00,1.A.1.b.6,Information Ordering,LV,3.5,8,0.189,3.1296,3.8704,N,N,08/2019,Analyst
19-3034.00,1.A.1.b.7,Category Flexibility,IM,3.25,8,0.1637,2.9292,3.5708,N,,08/2019,Analyst
19-3034.00,1.A.1.b.7,Category Flexibility,LV,3.38,8,0.183,3.0164,3.7336,N,N,08/2019,Analyst
19-3034.00,1.A.1.c.1,Mathematical Reasoning,IM,2.88,8,0.125,2.63,3.12,N,,08/2019,Analyst
19-3034.00,1.A.1.c.1,Mathematical Reasoning,LV,3.12,8,0.125,2.88,3.37,N,N,08/2019,Analyst
19-3034.00,1.A.1.c.2,Number Facility,IM,2.75,8,0.1637,2.4292,3.0708,N,,08/2019,Analyst
19-3034.00,1.A.1.c.2,Number Facility,LV,3.0,8,0.189,2.6296,3.3704,N,N,08/2019,Analyst
19-3034.00,1.A.1.d.1,Memorization,IM,2.75,8,0.1637,2.4292,3.0708,N,,08/2019,Analyst
19-3034.00,1.A.1.d.1,Memorization,LV,2.62,8,0.183,2.2664,2.9836,N,N,08/2019,Analyst
19-3034.00,1.A.1.e.1,Speed of Closure,IM,2.25,8,0.1637,1.9292,2.5708,N,,08/2019,Analyst
19-3034.00,1.A.1.e.1,Speed of Closure,LV,2.38,8,0.2631,1.8594,2.8906,N,N,08/2019,Analyst
19-3034.00,1.A.1.e.2,Flexibility of Closure,IM,3.0,8,0.0,3.0,3.0,N,,08/2019,Analyst
19-3034.00,1.A.1.e.2,Flexibility of Closure,LV,3.12,8,0.125,2.88,3.37,N,N,08/2019,Analyst
19-3034.00,1.A.1.e.3,Perceptual Speed,IM,2.88,8,0.125,2.63,3.12,N,,08/2019,Analyst
19-3034.00,1.A.1.e.3,Perceptual Speed,LV,2.88,8,0.125,2.63,3.12,N,N,08/2019,Analyst
19-3034.00,1.A.1.f.1,Spatial Orientation,IM,1.25,8,0.1637,1.0,1.5708,N,,08/2019,Analyst
19-3034.00,1.A.1.f.1,Spatial Orientation,LV,0.25,8,0.1637,0.0,0.5708,N,Y,08/2019,Analyst
19-3034.00,1.A.1.f.2,Visualization,IM,2.5,8,0.189,2.1296,2.8704,N,,08/2019,Analyst
19-3034.00,1.A.1.f.2,Visualization,LV,2.25,8,0.1637,1.9292,2.5708,N,N,08/2019,Analyst
19-3034.00,1.A.1.g.1,Selective Attention,IM,3.0,8,0.189,2.6296,3.3704,N,,08/2019,Analyst
19-3034.00,1.A.1.g.1,Selective Attention,LV,2.88,8,0.125,2.63,3.12,N,N,08/2019,Analyst
19-3034.00,1.A.1.g.2,Time Sharing,IM,2.88,8,0.125,2.63,3.12,N,,08/2019,Analyst
19-3034.00,1.A.1.g.2,Time Sharing,LV,2.88,8,0.125,2.63,3.12,N,N,08/2019,Analyst
19-3034.00,1.A.2.a.1,Arm-Hand Steadiness,IM,1.0,8,0.0,1.0,1.0,N,,08/2019,Analyst
19-3034.00,1.A.2.a.1,Arm-Hand Steadiness,LV,0.0,8,0.0,0.0,0.0,N,Y,08/2019,Analyst
19-3034.00,1.A.2.a.2,Manual Dexterity,IM,1.0,8,0.0,1.0,1.0,N,,08/2019,Analyst
19-3034.00,1.A.2.a.2,Manual Dexterity,LV,0.0,8,0.0,0.0,0.0,N,Y,08/2019,Analyst
19-3034.00,1.A.2.a.3,Finger Dexterity,IM,1.88,8,0.125,1.63,2.12,N,,08/2019,Analyst
19-3034.00,1.A.2.a.3,Finger Dexterity,LV,1.75,8,0.25,1.26,2.24,N,N,08/2019,Analyst
19-3034.00,1.A.2.b.1,Control Precision,IM,1.0,8,0.0,1.0,1.0,N,,08/2019,Analyst
19-3034.00,1.A.2.b.1,Control Precision,LV,0.0,8,0.0,0.0,0.0,N,Y,08/2019,Analyst
19-3034.00,1.A.2.b.2,Multilimb Coordination,IM,1.0,8,0.0,1.0,1.0,N,,08/2019,Analyst
19-3034.00,1.A.2.b.2,Multilimb Coordination,LV,0.0,8,0.0,0.0,0.0,N,Y,08/2019,Analyst
19-3034.00,1.A.2.b.3,Response Orientation,IM,1.0,8,0.0,1.0,1.0,N,,08/2019,Analyst
19-3034.00,1.A.2.b.3,Response Orientation,LV,0.0,8,0.0,0.0,0.0,N,Y,08/2019,Analyst
19-3034.00,1.A.2.b.4,Rate Control,IM,1.0,8,0.0,1.0,1.0,N,,08/2019,Analyst
19-3034.00,1.A.2.b.4,Rate Control,LV,0.0,8,0.0,0.0,0.0,N,Y,08/2019,Analyst
19-3034.00,1.A.2.c.1,Reaction Time,IM,1.0,8,0.0,1.0,1.0,N,,08/2019,Analyst
19-3034.00,1.A.2.c.1,Reaction Time,LV,0.0,8,0.0,0.0,0.0,N,Y,08/2019,Analyst
19-3034.00,1.A.2.c.2,Wrist-Finger Speed,IM,1.38,8,0.183,1.0164,1.7336,N,,08/2019,Analyst
19-3034.00,1.A.2.c.2,Wrist-Finger Speed,LV,0.5,8,0.2673,0.0,1.0238,N,N,08/2019,Analyst
19-3034.00,1.A.2.c.3,Speed of Limb Movement,IM,1.0,8,0.0,1.0,1.0,N,,08/2019,Analyst
19-3034.00,1.A.2.c.3,Speed of Limb Movement,LV,0.0,8,0.0,0.0,0.0,N,Y,08/2019,Analyst
19-3034.00,1.A.3.a.1,Static Strength,IM,1.0,8,0.0,1.0,1.0,N,,08/2019,Analyst
19-3034.00,1.A.3.a.1,Static Strength,LV,0.0,8,0.0,0.0,0.0,N,Y,08/2019,Analyst
19-3034.00,1.A.3.a.2,Explosive Strength,IM,1.0,8,0.0,1.0,1.0,N,,08/2019,Analyst
19-3034.00,1.A.3.a.2,Explosive Strength,LV,0.0,8,0.0,0.0,0.0,N,Y,08/2019,Analyst
19-3034.00,1.A.3.a.3,Dynamic Strength,IM,1.0,8,0.0,1.0,1.0,N,,08/2019,Analyst
19-3034.00,1.A.3.a.3,Dynamic Strength,LV,0.0,8,0.0,0.0,0.0,N,Y,08/2019,Analyst
19-3034.00,1.A.3.a.4,Trunk Strength,IM,1.88,8,0.125,1.63,2.12,N,,08/2019,Analyst
19-3034.00,1.A.3.a.4,Trunk Strength,LV,1.38,8,0.2631,0.8594,1.8906,N,N,08/2019,Analyst
19-3034.00,1.A.3.b.1,Stamina,IM,1.0,8,0.0,1.0,1.0,N,,08/2019,Analyst
19-3034.00,1.A.3.b.1,Stamina,LV,0.0,8,0.0,0.0,0.0,N,Y,08/2019,Analyst
19-3034.00,1.A.3.c.1,Extent Flexibility,IM,1.0,8,0.0,1.0,1.0,N,,08/2019,Analyst
19-3034.00,1.A.3.c.1,Extent Flexibility,LV,0.0,8,0.0,0.0,0.0,N,Y,08/2019,Analyst
19-3034.00,1.A.3.c.2,Dynamic Flexibility,IM,1.0,8,0.0,1.0,1.0,N,,08/2019,Analyst
19-3034.00,1.A.3.c.2,Dynamic Flexibility,LV,0.0,8,0.0,0.0,0.0,N,Y,08/2019,Analyst
19-3034.00,1.A.3.c.3,Gross Body Coordination,IM,1.0,8,0.0,1.0,1.0,N,,08/2019,Analyst
19-3034.00,1.A.3.c.3,Gross Body Coordination,LV,0.0,8,0.0,0.0,0.0,N,Y,08/2019,Analyst
19-3034.00,1.A.3.c.4,Gross Body Equilibrium,IM,1.0,8,0.0,1.0,1.0,N,,08/2019,Analyst
19-3034.00,1.A.3.c.4,Gross Body Equilibrium,LV,0.0,8,0.0,0.0,0.0,N,Y,08/2019,Analyst
19-3034.00,1.A.4.a.1,Near Vision,IM,3.62,8,0.183,3.2664,3.9836,N,,08/2019,Analyst
19-3034.00,1.A.4.a.1,Near Vision,LV,3.62,8,0.183,3.2664,3.9836,N,N,08/2019,Analyst
19-3034.00,1.A.4.a.2,Far Vision,IM,2.75,8,0.1637,2.4292,3.0708,N,,08/2019,Analyst
19-3034.00,1.A.4.a.2,Far Vision,LV,2.75,8,0.1637,2.4292,3.0708,N,N,08/2019,Analyst
19-3034.00,1.A.4.a.3,Visual Color Discrimination,IM,1.75,8,0.1637,1.4292,2.0708,N,,08/2019,Analyst
19-3034.00,1.A.4.a.3,Visual Color Discrimination,LV,1.38,8,0.3239,0.7402,2.0098,N,N,08/2019,Analyst
19-3034.00,1.A.4.a.4,Night Vision,IM,1.0,8,0.0,1.0,1.0,N,,08/2019,Analyst
19-3034.00,1.A.4.a.4,Night Vision,LV,0.0,8,0.0,0.0,0.0,N,Y,08/2019,Analyst
19-3034.00,1.A.4.a.5,Peripheral Vision,IM,1.0,8,0.0,1.0,1.0,N,,08/2019,Analyst
19-3034.00,1.A.4.a.5,Peripheral Vision,LV,0.0,8,0.0,0.0,0.0,N,Y,08/2019,Analyst
19-3034.00,1.A.4.a.6,Depth Perception,IM,1.0,8,0.0,1.0,1.0,N,,08/2019,Analyst
19-3034.00,1.A.4.a.6,Depth Perception,LV,0.0,8,0.0,0.0,0.0,N,Y,08/2019,Analyst
19-3034.00,1.A.4.a.7,Glare Sensitivity,IM,1.0,8,0.0,1.0,1.0,N,,08/2019,Analyst
19-3034.00,1.A.4.a.7,Glare Sensitivity,LV,0.0,8,0.0,0.0,0.0,N,Y,08/2019,Analyst
19-3034.00,1.A.4.b.1,Hearing Sensitivity,IM,1.88,8,0.125,1.63,2.12,N,,08/2019,Analyst
19-3034.00,1.A.4.b.1,Hearing Sensitivity,LV,1.5,8,0.2673,0.9762,2.0238,N,N,08/2019,Analyst
19-3034.00,1.A.4.b.2,Auditory Attention,IM,1.88,8,0.125,1.63,2.12,N,,08/2019,Analyst
19-3034.00,1.A.4.b.2,Auditory Attention,LV,1.62,8,0.2631,1.1094,2.1406,N,N,08/2019,Analyst
19-3034.00,1.A.4.b.3,Sound Localization,IM,1.0,8,0.0,1.0,1.0,N,,08/2019,Analyst
19-3034.00,1.A.4.b.3,Sound Localization,LV,0.0,8,0.0,0.0,0.0,N,Y,08/2019,Analyst
19-3034.00,1.A.4.b.4,Speech Recognition,IM,3.88,8,0.125,3.63,4.12,N,,08/2019,Analyst
19-3034.00,1.A.4.b.4,Speech Recognition,LV,4.0,8,0.0,4.0,4.0,N,N,08/2019,Analyst
19-3034.00,1.A.4.b.5,Speech Clarity,IM,4.0,8,0.0,4.0,4.0,N,,08/2019,Analyst
19-3034.00,1.A.4.b.5,Speech Clarity,LV,4.0,8,0.0,4.0,4.0,N,N,08/2019,Analyst
19-3039.02,1.A.1.a.1,Oral Comprehension,IM,4.5,8,0.189,4.1296,4.8704,N,,08/2024,Analyst
19-3039.02,1.A.1.a.1,Oral Comprehension,LV,5.38,8,0.183,5.0164,5.7336,N,N,08/2024,Analyst
19-3039.02,1.A.1.a.2,Written Comprehension,IM,4.62,8,0.183,4.2664,4.9836,N,,08/2024,Analyst
19-3039.02,1.A.1.a.2,Written Comprehension,LV,5.0,8,0.189,4.6296,5.3704,N,N,08/2024,Analyst
19-3039.02,1.A.1.a.3,Oral Expression,IM,4.5,8,0.189,4.1296,4.8704,N,,08/2024,Analyst
19-3039.02,1.A.1.a.3,Oral Expression,LV,5.25,8,0.25,4.76,5.74,N,N,08/2024,Analyst
19-3039.02,1.A.1.a.4,Written Expression,IM,4.5,8,0.189,4.1296,4.8704,N,,08/2024,Analyst
19-3039.02,1.A.1.a.4,Written Expression,LV,5.25,8,0.1637,4.9292,5.5708,N,N,08/2024,Analyst
19-3039.02,1.A.1.b.1,Fluency of Ideas,IM,3.25,8,0.1637,2.9292,3.5708,N,,08/2024,Analyst
19-3039.02,1.A.1.b.1,Fluency of Ideas,LV,3.75,8,0.3134,3.1358,4.3642,N,N,08/2024,Analyst
19-3039.02,1.A.1.b.2,Originality,IM,3.12,8,0.125,2.88,3.37,N,,08/2024,Analyst
19-3039.02,1.A.1.b.2,Originality,LV,3.62,8,0.2631,3.1094,4.1406,N,N,08/2024,Analyst
19-3039.02,1.A.1.b.3,Problem Sensitivity,IM,4.12,8,0.2266,3.6809,4.5691,N,,08/2024,Analyst
19-3039.02,1.A.1.b.3,Problem Sensitivity,LV,5.0,8,0.189,4.6296,5.3704,N,N,08/2024,Analyst
19-3039.02,1.A.1.b.4,Deductive Reasoning,IM,4.25,8,0.1637,3.9292,4.5708,N,,08/2024,Analyst
19-3039.02,1.A.1.b.4,Deductive Reasoning,LV,4.88,8,0.2266,4.4309,5.3191,N,N,08/2024,Analyst
19-3039.02,1.A.1.b.5,Inductive Reasoning,IM,4.38,8,0.183,4.0164,4.7336,N,,08/2024,Analyst
19-3039.02,1.A.1.b.5,Inductive Reasoning,LV,5.38,8,0.183,5.0164,5.7336,N,N,08/2024,Analyst
19-3039.02,1.A.1.b.6,Information Ordering,IM,3.62,8,0.183,3.2664,3.9836,N,,08/2024,Analyst
19-3039.02,1.A.1.b.6,Information Ordering,LV,3.88,8,0.125,3.63,4.12,N,N,08/2024,Analyst
19-3039.02,1.A.1.b.7,Category Flexibility,IM,3.75,8,0.1637,3.4292,4.0708,N,,08/2024,Analyst
19-3039.02,1.A.1.b.7,Category Flexibility,LV,4.12,8,0.125,3.88,4.37,N,N,08/2024,Analyst
19-3039.02,1.A.1.c.1,Mathematical Reasoning,IM,3.0,8,0.2673,2.4762,3.5238,N,,08/2024,Analyst
19-3039.02,1.A.1.c.1,Mathematical Reasoning,LV,3.25,8,0.25,2.76,3.74,N,N,08/2024,Analyst
19-3039.02,1.A.1.c.2,Number Facility,IM,2.62,8,0.2631,2.1094,3.1406,N,,08/2024,Analyst
19-3039.02,1.A.1.c.2,Number Facility,LV,2.88,8,0.295,2.2967,3.4533,N,N,08/2024,Analyst
19-3039.02,1.A.1.d.1,Memorization,IM,2.88,8,0.125,2.63,3.12,N,,08/2024,Analyst
19-3039.02,1.A.1.d.1,Memorization,LV,3.0,8,0.189,2.6296,3.3704,N,N,08/2024,Analyst
19-3039.02,1.A.1.e.1,Speed of Closure,IM,2.75,8,0.1637,2.4292,3.0708,N,,08/2024,Analyst
19-3039.02,1.A.1.e.1,Speed of Closure,LV,3.12,8,0.295,2.5467,3.7033,N,N,08/2024,Analyst
19-3039.02,1.A.1.e.2,Flexibility of Closure,IM,3.12,8,0.125,2.88,3.37,N,,08/2024,Analyst
19-3039.02,1.A.1.e.2,Flexibility of Closure,LV,3.25,8,0.1637,2.9292,3.5708,N,N,08/2024,Analyst
19-3039.02,1.A.1.e.3,Perceptual Speed,IM,2.88,8,0.125,2.63,3.12,N,,08/2024,Analyst
19-3039.02,1.A.1.e.3,Perceptual Speed,LV,3.0,8,0.189,2.6296,3.3704,N,N,08/2024,Analyst
19-3039.02,1.A.1.f.1,Spatial Orientation,IM,1.12,8,0.125,1.0,1.37,N,,08/2024,Analyst
19-3039.02,1.A.1.f.1,Spatial Orientation,LV,0.12,8,0.125,0.0,0.37,N,Y,08/2024,Analyst
19-3039.02,1.A.1.f.2,Visualization,IM,2.5,8,0.189,2.1296,2.8704,N,,08/2024,Analyst
19-3039.02,1.A.1.f.2,Visualization,LV,2.5,8,0.189,2.1296,2.8704,N,N,08/2024,Analyst
19-3039.02,1.A.1.g.1,Selective Attention,IM,3.12,8,0.125,2.88,3.37,N,,08/2024,Analyst
19-3039.02,1.A.1.g.1,Selective Attention,LV,3.12,8,0.2266,2.6809,3.5691,N,N,08/2024,Analyst
19-3039.02,1.A.1.g.2,Time Sharing,IM,2.75,8,0.1637,2.4292,3.0708,N,,08/2024,Analyst
19-3039.02,1.A.1.g.2,Time Sharing,LV,2.62,8,0.2631,2.1094,3.1406,N,N,08/2024,Analyst
19-3039.02,1.A.2.a.1,Arm-Hand Steadiness,IM,2.12,8,0.2266,1.6809,2.5691,N,,08/2024,Analyst
19-3039.02,1.A.2.a.1,Arm-Hand Steadiness,LV,1.62,8,0.375,0.89,2.36,N,N,08/2024,Analyst
19-3039.02,1.A.2.a.2,Manual Dexterity,IM,2.0,8,0.189,1.6296,2.3704,N,,08/2024,Analyst
19-3039.02,1.A.2.a.2,Manual Dexterity,LV,1.38,8,0.2631,0.8594,1.8906,N,N,08/2024,Analyst
19-3039.02,1.A.2.a.3,Finger Dexterity,IM,1.88,8,0.2266,1.4309,2.3191,N,,08/2024,Analyst
19-3039.02,1.A.2.a.3,Finger Dexterity,LV,1.38,8,0.375,0.64,2.11,N,N,08/2024,Analyst
19-3039.02,1.A.2.b.1,Control Precision,IM,1.88,8,0.125,1.63,2.12,N,,08/2024,Analyst
19-3039.02,1.A.2.b.1,Control Precision,LV,1.25,8,0.25,0.76,1.74,N,N,08/2024,Analyst
19-3039.02,1.A.2.b.2,Multilimb Coordination,IM,1.0,8,0.0,1.0,1.0,N,,08/2024,Analyst
19-3039.02,1.A.2.b.2,Multilimb Coordination,LV,0.0,8,0.0,0.0,0.0,N,Y,08/2024,Analyst
19-3039.02,1.A.2.b.3,Response Orientation,IM,1.12,8,0.125,1.0,1.37,N,,08/2024,Analyst
19-3039.02,1.A.2.b.3,Response Orientation,LV,0.12,8,0.125,0.0,0.37,N,Y,08/2024,Analyst
19-3039.02,1.A.2.b.4,Rate Control,IM,1.0,8,0.0,1.0,1.0,N,,08/2024,Analyst
19-3039.02,1.A.2.b.4,Rate Control,LV,0.0,8,0.0,0.0,0.0,N,Y,08/2024,Analyst
19-3039.02,1.A.2.c.1,Reaction Time,IM,1.0,8,0.0,1.0,1.0,N,,08/2024,Analyst
19-3039.02,1.A.2.c.1,Reaction Time,LV,0.0,8,0.0,0.0,0.0,N,Y,08/2024,Analyst
19-3039.02,1.A.2.c.2,Wrist-Finger Speed,IM,2.12,8,0.125,1.88,2.37,N,,08/2024,Analyst
19-3039.02,1.A.2.c.2,Wrist-Finger Speed,LV,1.62,8,0.2631,1.1094,2.1406,N,N,08/2024,Analyst
19-3039.02,1.A.2.c.3,Speed of Limb Movement,IM,1.0,8,0.0,1.0,1.0,N,,08/2024,Analyst
19-3039.02,1.A.2.c.3,Speed of Limb Movement,LV,0.0,8,0.0,0.0,0.0,N,Y,08/2024,Analyst
19-3039.02,1.A.3.a.1,Static Strength,IM,1.0,8,0.0,1.0,1.0,N,,08/2024,Analyst
19-3039.02,1.A.3.a.1,Static Strength,LV,0.0,8,0.0,0.0,0.0,N,Y,08/2024,Analyst
19-3039.02,1.A.3.a.2,Explosive Strength,IM,1.0,8,0.0,1.0,1.0,N,,08/2024,Analyst
19-3039.02,1.A.3.a.2,Explosive Strength,LV,0.0,8,0.0,0.0,0.0,N,Y,08/2024,Analyst
19-3039.02,1.A.3.a.3,Dynamic Strength,IM,1.0,8,0.0,1.0,1.0,N,,08/2024,Analyst
19-3039.02,1.A.3.a.3,Dynamic Strength,LV,0.0,8,0.0,0.0,0.0,N,Y,08/2024,Analyst
19-3039.02,1.A.3.a.4,Trunk Strength,IM,2.38,8,0.183,2.0164,2.7336,N,,08/2024,Analyst
19-3039.02,1.A.3.a.4,Trunk Strength,LV,1.75,8,0.1637,1.4292,2.0708,N,N,08/2024,Analyst
19-3039.02,1.A.3.b.1,Stamina,IM,1.0,8,0.0,1.0,1.0,N,,08/2024,Analyst
19-3039.02,1.A.3.b.1,Stamina,LV,0.0,8,0.0,0.0,0.0,N,Y,08/2024,Analyst
19-3039.02,1.A.3.c.1,Extent Flexibility,IM,1.0,8,0.0,1.0,1.0,N,,08/2024,Analyst
19-3039.02,1.A.3.c.1,Extent Flexibility,LV,0.0,8,0.0,0.0,0.0,N,Y,08/2024,Analyst
19-3039.02,1.A.3.c.2,Dynamic Flexibility,IM,1.0,8,0.0,1.0,1.0,N,,08/2024,Analyst
19-3039.02,1.A.3.c.2,Dynamic Flexibility,LV,0.0,8,0.0,0.0,0.0,N,Y,08/2024,Analyst
19-3039.02,1.A.3.c.3,Gross Body Coordination,IM,1.0,8,0.0,1.0,1.0,N,,08/2024,Analyst
19-3039.02,1.A.3.c.3,Gross Body Coordination,LV,0.0,8,0.0,0.0,0.0,N,Y,08/2024,Analyst
19-3039.02,1.A.3.c.4,Gross Body Equilibrium,IM,1.0,8,0.0,1.0,1.0,N,,08/2024,Analyst
19-3039.02,1.A.3.c.4,Gross Body Equilibrium,LV,0.0,8,0.0,0.0,0.0,N,Y,08/2024,Analyst
19-3039.02,1.A.4.a.1,Near Vision,IM,3.62,8,0.183,3.2664,3.9836,N,,08/2024,Analyst
19-3039.02,1.A.4.a.1,Near Vision,LV,4.0,8,0.2673,3.4762,4.5238,N,N,08/2024,Analyst
19-3039.02,1.A.4.a.2,Far Vision,IM,2.88,8,0.2266,2.4309,3.3191,N,,08/2024,Analyst
19-3039.02,1.A.4.a.2,Far Vision,LV,3.38,8,0.2631,2.8594,3.8906,N,N,08/2024,Analyst
19-3039.02,1.A.4.a.3,Visual Color Discrimination,IM,2.12,8,0.2266,1.6809,2.5691,N,,08/2024,Analyst
19-3039.02,1.A.4.a.3,Visual Color Discrimination,LV,1.88,8,0.295,1.2967,2.4533,N,N,08/2024,Analyst
19-3039.02,1.A.4.a.4,Night Vision,IM,1.0,8,0.0,1.0,1.0,N,,08/2024,Analyst
19-3039.02,1.A.4.a.4,Night Vision,LV,0.0,8,0.0,0.0,0.0,N,Y,08/2024,Analyst
19-3039.02,1.A.4.a.5,Peripheral Vision,IM,1.0,8,0.0,1.0,1.0,N,,08/2024,Analyst
19-3039.02,1.A.4.a.5,Peripheral Vision,LV,0.0,8,0.0,0.0,0.0,N,Y,08/2024,Analyst
19-3039.02,1.A.4.a.6,Depth Perception,IM,1.75,8,0.1637,1.4292,2.0708,N,,08/2024,Analyst
19-3039.02,1.A.4.a.6,Depth Perception,LV,1.25,8,0.3134,0.6358,1.8642,N,N,08/2024,Analyst
19-3039.02,1.A.4.a.7,Glare Sensitivity,IM,1.0,8,0.0,1.0,1.0,N,,08/2024,Analyst
19-3039.02,1.A.4.a.7,Glare Sensitivity,LV,0.0,8,0.0,0.0,0.0,N,Y,08/2024,Analyst
19-3039.02,1.A.4.b.1,Hearing Sensitivity,IM,2.0,8,0.189,1.6296,2.3704,N,,08/2024,Analyst
19-3039.02,1.A.4.b.1,Hearing Sensitivity,LV,1.75,8,0.3134,1.1358,2.3642,N,N,08/2024,Analyst
19-3039.02,1.A.4.b.2,Auditory Attention,IM,2.38,8,0.183,2.0164,2.7336,N,,08/2024,Analyst
19-3039.02,1.A.4.b.2,Auditory Attention,LV,2.25,8,0.1637,1.9292,2.5708,N,N,08/2024,Analyst
19-3039.02,1.A.4.b.3,Sound Localization,IM,1.0,8,0.0,1.0,1.0,N,,08/2024,Analyst
19-3039.02,1.A.4.b.3,Sound Localization,LV,0.0,8,0.0,0.0,0.0,N,Y,08/2024,Analyst
19-3039.02,1.A.4.b.4,Speech Recognition,IM,4.0,8,0.0,4.0,4.0,N,,08/2024,Analyst
19-3039.02,1.A.4.b.4,Speech Recognition,LV,4.12,8,0.2266,3.6809,4.5691,N,N,08/2024,Analyst
19-3039.02,1.A.4.b.5,Speech Clarity,IM,4.0,8,0.0,4.0,4.0,N,,08/2024,Analyst
19-3039.02,1.A.4.b.5,Speech Clarity,LV,4.38,8,0.3239,3.7402,5.0098,N,N,08/2024,Analyst
19-3039.03,1.A.1.a.1,Oral Comprehension,IM,4.75,8,0.1637,4.4292,5.0,N,,08/2024,Analyst
19-3039.03,1.A.1.a.1,Oral Comprehension,LV,4.88,8,0.2266,4.4309,5.3191,N,N,08/2024,Analyst
19-3039.03,1.A.1.a.2,Written Comprehension,IM,4.62,8,0.183,4.2664,4.9836,N,,08/2024,Analyst
19-3039.03,1.A.1.a.2,Written Comprehension,LV,4.75,8,0.1637,4.4292,5.0708,N,N,08/2024,Analyst
19-3039.03,1.A.1.a.3,Oral Expression,IM,4.5,8,0.189,4.1296,4.8704,N,,08/2024,Analyst
19-3039.03,1.A.1.a.3,Oral Expression,LV,4.75,8,0.1637,4.4292,5.0708,N,N,08/2024,Analyst
19-3039.03,1.A.1.a.4,Written Expression,IM,4.25,8,0.25,3.76,4.74,N,,08/2024,Analyst
19-3039.03,1.A.1.a.4,Written Expression,LV,4.62,8,0.2631,4.1094,5.1406,N,N,08/2024,Analyst
19-3039.03,1.A.1.b.1,Fluency of Ideas,IM,3.25,8,0.1637,2.9292,3.5708,N,,08/2024,Analyst
19-3039.03,1.A.1.b.1,Fluency of Ideas,LV,3.88,8,0.3504,3.1883,4.5617,N,N,08/2024,Analyst
19-3039.03,1.A.1.b.2,Originality,IM,3.12,8,0.125,2.88,3.37,N,,08/2024,Analyst
19-3039.03,1.A.1.b.2,Originality,LV,3.62,8,0.2631,3.1094,4.1406,N,N,08/2024,Analyst
19-3039.03,1.A.1.b.3,Problem Sensitivity,IM,4.25,8,0.3134,3.6358,4.8642,N,,08/2024,Analyst
19-3039.03,1.A.1.b.3,Problem Sensitivity,LV,5.0,8,0.378,4.2592,5.7408,N,N,08/2024,Analyst
19-3039.03,1.A.1.b.4,Deductive Reasoning,IM,4.38,8,0.2631,3.8594,4.8906,N,,08/2024,Analyst
19-3039.03,1.A.1.b.4,Deductive Reasoning,LV,4.5,8,0.2673,3.9762,5.0238,N,N,08/2024,Analyst
19-3039.03,1.A.1.b.5,Inductive Reasoning,IM,4.38,8,0.2631,3.8594,4.8906,N,,08/2024,Analyst
19-3039.03,1.A.1.b.5,Inductive Reasoning,LV,4.75,8,0.366,4.0327,5.4673,N,N,08/2024,Analyst
19-3039.03,1.A.1.b.6,Information Ordering,IM,3.75,8,0.1637,3.4292,4.0708,N,,08/2024,Analyst
19-3039.03,1.A.1.b.6,Information Ordering,LV,4.0,8,0.189,3.6296,4.3704,N,N,08/2024,Analyst
19-3039.03,1.A.1.b.7,Category Flexibility,IM,3.88,8,0.2266,3.4309,4.3191,N,,08/2024,Analyst
19-3039.03,1.A.1.b.7,Category Flexibility,LV,4.25,8,0.3134,3.6358,4.8642,N,N,08/2024,Analyst
19-3039.03,1.A.1.c.1,Mathematical Reasoning,IM,3.0,8,0.2673,2.4762,3.5238,N,,08/2024,Analyst
19-3039.03,1.A.1.c.1,Mathematical Reasoning,LV,2.88,8,0.3504,2.1883,3.5617,N,N,08/2024,Analyst
19-3039.03,1.A.1.c.2,Number Facility,IM,2.75,8,0.25,2.26,3.24,N,,08/2024,Analyst
19-3039.03,1.A.1.c.2,Number Facility,LV,2.88,8,0.2266,2.4309,3.3191,N,N,08/2024,Analyst
19-3039.03,1.A.1.d.1,Memorization,IM,3.0,8,0.2673,2.4762,3.5238,N,,08/2024,Analyst
19-3039.03,1.A.1.d.1,Memorization,LV,3.12,8,0.2266,2.6809,3.5691,N,N,08/2024,Analyst
19-3039.03,1.A.1.e.1,Speed of Closure,IM,3.0,8,0.2673,2.4762,3.5238,N,,08/2024,Analyst
19-3039.03,1.A.1.e.1,Speed of Closure,LV,3.0,8,0.3273,2.3584,3.6416,N,N,08/2024,Analyst
19-3039.03,1.A.1.e.2,Flexibility of Closure,IM,3.5,8,0.3273,2.8584,4.1416,N,,08/2024,Analyst
19-3039.03,1.A.1.e.2,Flexibility of Closure,LV,3.75,8,0.3134,3.1358,4.3642,N,N,08/2024,Analyst
19-3039.03,1.A.1.e.3,Perceptual Speed,IM,3.0,8,0.2673,2.4762,3.5238,N,,08/2024,Analyst
19-3039.03,1.A.1.e.3,Perceptual Speed,LV,2.88,8,0.295,2.2967,3.4533,N,N,08/2024,Analyst
19-3039.03,1.A.1.f.1,Spatial Orientation,IM,1.25,8,0.25,1.0,1.74,N,,08/2024,Analyst
19-3039.03,1.A.1.f.1,Spatial Orientation,LV,0.38,8,0.375,0.0,1.11,N,Y,08/2024,Analyst
19-3039.03,1.A.1.f.2,Visualization,IM,2.5,8,0.2673,1.9762,3.0238,N,,08/2024,Analyst
19-3039.03,1.A.1.f.2,Visualization,LV,2.25,8,0.366,1.5327,2.9673,N,N,08/2024,Analyst
19-3039.03,1.A.1.g.1,Selective Attention,IM,3.38,8,0.3239,2.7402,4.0098,N,,08/2024,Analyst
19-3039.03,1.A.1.g.1,Selective Attention,LV,3.12,8,0.2266,2.6809,3.5691,N,N,08/2024,Analyst
19-3039.03,1.A.1.g.2,Time Sharing,IM,2.88,8,0.125,2.63,3.12,N,,08/2024,Analyst
19-3039.03,1.A.1.g.2,Time Sharing,LV,2.75,8,0.1637,2.4292,3.0708,N,N,08/2024,Analyst
19-3039.03,1.A.2.a.1,Arm-Hand Steadiness,IM,2.0,8,0.3273,1.3584,2.6416,N,,08/2024,Analyst
19-3039.03,1.A.2.a.1,Arm-Hand Steadiness,LV,1.38,8,0.375,0.64,2.11,N,N,08/2024,Analyst
19-3039.03,1.A.2.a.2,Manual Dexterity,IM,1.88,8,0.2266,1.4309,2.3191,N,,08/2024,Analyst
19-3039.03,1.A.2.a.2,Manual Dexterity,LV,1.38,8,0.375,0.64,2.11,N,N,08/2024,Analyst
19-3039.03,1.A.2.a.3,Finger Dexterity,IM,2.0,8,0.189,1.6296,2.3704,N,,08/2024,Analyst
19-3039.03,1.A.2.a.3,Finger Dexterity,LV,1.62,8,0.3239,0.9902,2.2598,N,N,08/2024,Analyst
19-3039.03,1.A.2.b.1,Control Precision,IM,1.88,8,0.2266,1.4309,2.3191,N,,08/2024,Analyst
19-3039.03,1.A.2.b.1,Control Precision,LV,1.38,8,0.375,0.64,2.11,N,N,08/2024,Analyst
19-3039.03,1.A.2.b.2,Multilimb Coordination,IM,1.12,8,0.125,1.0,1.37,N,,08/2024,Analyst
19-3039.03,1.A.2.b.2,Multilimb Coordination,LV,0.25,8,0.25,0.0,0.74,N,Y,08/2024,Analyst
19-3039.03,1.A.2.b.3,Response Orientation,IM,1.12,8,0.125,1.0,1.37,N,,08/2024,Analyst
19-3039.03,1.A.2.b.3,Response Orientation,LV,0.25,8,0.25,0.0,0.74,N,Y,08/2024,Analyst
19-3039.03,1.A.2.b.4,Rate Control,IM,1.12,8,0.125,1.0,1.37,N,,08/2024,Analyst
19-3039.03,1.A.2.b.4,Rate Control,LV,0.25,8,0.25,0.0,0.74,N,Y,08/2024,Analyst
19-3039.03,1.A.2.c.1,Reaction Time,IM,1.12,8,0.125,1.0,1.37,N,,08/2024,Analyst
19-3039.03,1.A.2.c.1,Reaction Time,LV,0.25,8,0.25,0.0,0.74,N,Y,08/2024,Analyst
19-3039.03,1.A.2.c.2,Wrist-Finger Speed,IM,2.0,8,0.3273,1.3584,2.6416,N,,08/2024,Analyst
19-3039.03,1.A.2.c.2,Wrist-Finger Speed,LV,1.75,8,0.5901,0.5934,2.9066,Y,N,08/2024,Analyst
19-3039.03,1.A.2.c.3,Speed of Limb Movement,IM,1.12,8,0.125,1.0,1.37,N,,08/2024,Analyst
19-3039.03,1.A.2.c.3,Speed of Limb Movement,LV,0.25,8,0.25,0.0,0.74,N,Y,08/2024,Analyst
19-3039.03,1.A.3.a.1,Static Strength,IM,1.25,8,0.1637,1.0,1.5708,N,,08/2024,Analyst
19-3039.03,1.A.3.a.1,Static Strength,LV,0.38,8,0.2631,0.0,0.8906,N,Y,08/2024,Analyst
19-3039.03,1.A.3.a.2,Explosive Strength,IM,1.12,8,0.125,1.0,1.37,N,,08/2024,Analyst
19-3039.03,1.A.3.a.2,Explosive Strength,LV,0.25,8,0.25,0.0,0.74,N,Y,08/2024,Analyst
19-3039.03,1.A.3.a.3,Dynamic Strength,IM,1.12,8,0.125,1.0,1.37,N,,08/2024,Analyst
19-3039.03,1.A.3.a.3,Dynamic Strength,LV,0.25,8,0.25,0.0,0.74,N,Y,08/2024,Analyst
19-3039.03,1.A.3.a.4,Trunk Strength,IM,2.12,8,0.125,1.88,2.37,N,,08/2024,Analyst
19-3039.03,1.A.3.a.4,Trunk Strength,LV,1.88,8,0.125,1.63,2.12,N,N,08/2024,Analyst
19-3039.03,1.A.3.b.1,Stamina,IM,1.12,8,0.125,1.0,1.37,N,,08/2024,Analyst
19-3039.03,1.A.3.b.1,Stamina,LV,0.25,8,0.25,0.0,0.74,N,Y,08/2024,Analyst
19-3039.03,1.A.3.c.1,Extent Flexibility,IM,1.12,8,0.125,1.0,1.37,N,,08/2024,Analyst
19-3039.03,1.A.3.c.1,Extent Flexibility,LV,0.25,8,0.25,0.0,0.74,N,Y,08/2024,Analyst
19-3039.03,1.A.3.c.2,Dynamic Flexibility,IM,1.12,8,0.125,1.0,1.37,N,,08/2024,Analyst
19-3039.03,1.A.3.c.2,Dynamic Flexibility,LV,0.25,8,0.25,0.0,0.74,N,Y,08/2024,Analyst
19-3039.03,1.A.3.c.3,Gross Body Coordination,IM,1.12,8,0.125,1.0,1.37,N,,08/2024,Analyst
19-3039.03,1.A.3.c.3,Gross Body Coordination,LV,0.25,8,0.25,0.0,0.74,N,Y,08/2024,Analyst
19-3039.03,1.A.3.c.4,Gross Body Equilibrium,IM,1.12,8,0.125,1.0,1.37,N,,08/2024,Analyst
19-3039.03,1.A.3.c.4,Gross Body Equilibrium,LV,0.25,8,0.25,0.0,0.74,N,Y,08/2024,Analyst
19-3039.03,1.A.4.a.1,Near Vision,IM,3.62,8,0.2631,3.1094,4.1406,N,,08/2024,Analyst
19-3039.03,1.A.4.a.1,Near Vision,LV,3.75,8,0.25,3.26,4.24,N,N,08/2024,Analyst
19-3039.03,1.A.4.a.2,Far Vision,IM,3.0,8,0.2673,2.4762,3.5238,N,,08/2024,Analyst
19-3039.03,1.A.4.a.2,Far Vision,LV,3.25,8,0.1637,2.9292,3.5708,N,N,08/2024,Analyst
19-3039.03,1.A.4.a.3,Visual Color Discrimination,IM,2.25,8,0.1637,1.9292,2.5708,N,,08/2024,Analyst
19-3039.03,1.A.4.a.3,Visual Color Discrimination,LV,2.0,8,0.2673,1.4762,2.5238,N,N,08/2024,Analyst
19-3039.03,1.A.4.a.4,Night Vision,IM,1.0,8,0.0,1.0,1.0,N,,08/2024,Analyst
19-3039.03,1.A.4.a.4,Night Vision,LV,0.0,8,0.0,0.0,0.0,N,Y,08/2024,Analyst
19-3039.03,1.A.4.a.5,Peripheral Vision,IM,1.0,8,0.0,1.0,1.0,N,,08/2024,Analyst
19-3039.03,1.A.4.a.5,Peripheral Vision,LV,0.0,8,0.0,0.0,0.0,N,Y,08/2024,Analyst
19-3039.03,1.A.4.a.6,Depth Perception,IM,1.5,8,0.189,1.1296,1.8704,N,,08/2024,Analyst
19-3039.03,1.A.4.a.6,Depth Perception,LV,0.62,8,0.2631,0.1094,1.1406,N,N,08/2024,Analyst
19-3039.03,1.A.4.a.7,Glare Sensitivity,IM,1.0,8,0.0,1.0,1.0,N,,08/2024,Analyst
19-3039.03,1.A.4.a.7,Glare Sensitivity,LV,0.0,8,0.0,0.0,0.0,N,Y,08/2024,Analyst
19-3039.03,1.A.4.b.1,Hearing Sensitivity,IM,2.38,8,0.3239,1.7402,3.0098,N,,08/2024,Analyst
19-3039.03,1.A.4.b.1,Hearing Sensitivity,LV,1.88,8,0.3981,1.0947,2.6553,N,N,08/2024,Analyst
19-3039.03,1.A.4.b.2,Auditory Attention,IM,2.25,8,0.3134,1.6358,2.8642,N,,08/2024,Analyst
19-3039.03,1.A.4.b.2,Auditory Attention,LV,1.88,8,0.3981,1.0947,2.6553,N,N,08/2024,Analyst
19-3039.03,1.A.4.b.3,Sound Localization,IM,1.0,8,0.0,1.0,1.0,N,,08/2024,Analyst
19-3039.03,1.A.4.b.3,Sound Localization,LV,0.0,8,0.0,0.0,0.0,N,Y,08/2024,Analyst
19-3039.03,1.A.4.b.4,Speech Recognition,IM,3.88,8,0.2266,3.4309,4.3191,N,,08/2024,Analyst
19-3039.03,1.A.4.b.4,Speech Recognition,LV,4.25,8,0.25,3.76,4.74,N,N,08/2024,Analyst
19-3039.03,1.A.4.b.5,Speech Clarity,IM,3.75,8,0.25,3.26,4.24,N,,08/2024,Analyst
19-3039.03,1.A.4.b.5,Speech Clarity,LV,4.0,8,0.2673,3.4762,4.5238,N,N,08/2024,Analyst
19-3041.00,1.A.1.a.1,Oral Comprehension,IM,4.25,8,0.1637,3.9292,4.5708,N,,08/2023,Analyst
19-3041.00,1.A.1.a.1,Oral Comprehension,LV,5.0,8,0.0,5.0,5.0,N,N,08/2023,Analyst
19-3041.00,1.A.1.a.2,Written Comprehension,IM,4.12,8,0.125,3.88,4.37,N,,08/2023,Analyst
19-3041.00,1.A.1.a.2,Written Comprehension,LV,4.75,8,0.1637,4.4292,5.0708,N,N,08/2023,Analyst
19-3041.00,1.A.1.a.3,Oral Expression,IM,4.25,8,0.1637,3.9292,4.5708,N,,08/2023,Analyst
19-3041.00,1.A.1.a.3,Oral Expression,LV,5.0,8,0.0,5.0,5.0,N,N,08/2023,Analyst
19-3041.00,1.A.1.a.4,Written Expression,IM,4.12,8,0.125,3.88,4.37,N,,08/2023,Analyst
19-3041.00,1.A.1.a.4,Written Expression,LV,4.75,8,0.1637,4.4292,5.0708,N,N,08/2023,Analyst
19-3041.00,1.A.1.b.1,Fluency of Ideas,IM,3.25,8,0.1637,2.9292,3.5708,N,,08/2023,Analyst
19-3041.00,1.A.1.b.1,Fluency of Ideas,LV,3.88,8,0.2266,3.4309,4.3191,N,N,08/2023,Analyst
19-3041.00,1.A.1.b.2,Originality,IM,3.12,8,0.125,2.88,3.37,N,,08/2023,Analyst
19-3041.00,1.A.1.b.2,Originality,LV,3.88,8,0.125,3.63,4.12,N,N,08/2023,Analyst
19-3041.00,1.A.1.b.3,Problem Sensitivity,IM,3.5,8,0.189,3.1296,3.8704,N,,08/2023,Analyst
19-3041.00,1.A.1.b.3,Problem Sensitivity,LV,3.62,8,0.183,3.2664,3.9836,N,N,08/2023,Analyst
19-3041.00,1.A.1.b.4,Deductive Reasoning,IM,4.0,8,0.0,4.0,4.0,N,,08/2023,Analyst
19-3041.00,1.A.1.b.4,Deductive Reasoning,LV,4.12,8,0.125,3.88,4.37,N,N,08/2023,Analyst
19-3041.00,1.A.1.b.5,Inductive Reasoning,IM,4.12,8,0.125,3.88,4.37,N,,08/2023,Analyst
19-3041.00,1.A.1.b.5,Inductive Reasoning,LV,4.12,8,0.125,3.88,4.37,N,N,08/2023,Analyst
19-3041.00,1.A.1.b.6,Information Ordering,IM,3.12,8,0.125,2.88,3.37,N,,08/2023,Analyst
19-3041.00,1.A.1.b.6,Information Ordering,LV,3.75,8,0.1637,3.4292,4.0708,N,N,08/2023,Analyst
19-3041.00,1.A.1.b.7,Category Flexibility,IM,3.5,8,0.189,3.1296,3.8704,N,,08/2023,Analyst
19-3041.00,1.A.1.b.7,Category Flexibility,LV,3.88,8,0.2266,3.4309,4.3191,N,N,08/2023,Analyst
19-3041.00,1.A.1.c.1,Mathematical Reasoning,IM,3.0,8,0.189,2.6296,3.3704,N,,08/2023,Analyst
19-3041.00,1.A.1.c.1,Mathematical Reasoning,LV,3.5,8,0.2673,2.9762,4.0238,N,N,08/2023,Analyst
19-3041.00,1.A.1.c.2,Number Facility,IM,2.38,8,0.183,2.0164,2.7336,N,,08/2023,Analyst
19-3041.00,1.A.1.c.2,Number Facility,LV,2.62,8,0.3239,1.9902,3.2598,N,N,08/2023,Analyst
19-3041.00,1.A.1.d.1,Memorization,IM,2.5,8,0.189,2.1296,2.8704,N,,08/2023,Analyst
19-3041.00,1.A.1.d.1,Memorization,LV,2.75,8,0.1637,2.4292,3.0708,N,N,08/2023,Analyst
19-3041.00,1.A.1.e.1,Speed of Closure,IM,2.12,8,0.125,1.88,2.37,N,,08/2023,Analyst
19-3041.00,1.A.1.e.1,Speed of Closure,LV,2.12,8,0.125,1.88,2.37,N,N,08/2023,Analyst
19-3041.00,1.A.1.e.2,Flexibility of Closure,IM,2.75,8,0.1637,2.4292,3.0708,N,,08/2023,Analyst
19-3041.00,1.A.1.e.2,Flexibility of Closure,LV,2.88,8,0.125,2.63,3.12,N,N,08/2023,Analyst
19-3041.00,1.A.1.e.3,Perceptual Speed,IM,2.12,8,0.125,1.88,2.37,N,,08/2023,Analyst
19-3041.00,1.A.1.e.3,Perceptual Speed,LV,2.12,8,0.125,1.88,2.37,N,N,08/2023,Analyst
19-3041.00,1.A.1.f.1,Spatial Orientation,IM,1.0,8,0.0,1.0,1.0,N,,08/2023,Analyst
19-3041.00,1.A.1.f.1,Spatial Orientation,LV,0.0,8,0.0,0.0,0.0,N,Y,08/2023,Analyst
19-3041.00,1.A.1.f.2,Visualization,IM,2.0,8,0.189,1.6296,2.3704,N,,08/2023,Analyst
19-3041.00,1.A.1.f.2,Visualization,LV,1.88,8,0.295,1.2967,2.4533,N,N,08/2023,Analyst
19-3041.00,1.A.1.g.1,Selective Attention,IM,2.75,8,0.1637,2.4292,3.0708,N,,08/2023,Analyst
19-3041.00,1.A.1.g.1,Selective Attention,LV,2.88,8,0.2266,2.4309,3.3191,N,N,08/2023,Analyst
19-3041.00,1.A.1.g.2,Time Sharing,IM,2.12,8,0.125,1.88,2.37,N,,08/2023,Analyst
19-3041.00,1.A.1.g.2,Time Sharing,LV,2.0,8,0.0,2.0,2.0,N,N,08/2023,Analyst
19-3041.00,1.A.2.a.1,Arm-Hand Steadiness,IM,1.0,8,0.0,1.0,1.0,N,,08/2023,Analyst
19-3041.00,1.A.2.a.1,Arm-Hand Steadiness,LV,0.0,8,0.0,0.0,0.0,N,Y,08/2023,Analyst
19-3041.00,1.A.2.a.2,Manual Dexterity,IM,1.0,8,0.0,1.0,1.0,N,,08/2023,Analyst
19-3041.00,1.A.2.a.2,Manual Dexterity,LV,0.0,8,0.0,0.0,0.0,N,Y,08/2023,Analyst
19-3041.00,1.A.2.a.3,Finger Dexterity,IM,1.12,8,0.125,1.0,1.37,N,,08/2023,Analyst
19-3041.00,1.A.2.a.3,Finger Dexterity,LV,0.12,8,0.125,0.0,0.37,N,Y,08/2023,Analyst
19-3041.00,1.A.2.b.1,Control Precision,IM,1.0,8,0.0,1.0,1.0,N,,08/2023,Analyst
19-3041.00,1.A.2.b.1,Control Precision,LV,0.0,8,0.0,0.0,0.0,N,Y,08/2023,Analyst
19-3041.00,1.A.2.b.2,Multilimb Coordination,IM,1.0,8,0.0,1.0,1.0,N,,08/2023,Analyst
19-3041.00,1.A.2.b.2,Multilimb Coordination,LV,0.0,8,0.0,0.0,0.0,N,Y,08/2023,Analyst
19-3041.00,1.A.2.b.3,Response Orientation,IM,1.0,8,0.0,1.0,1.0,N,,08/2023,Analyst
19-3041.00,1.A.2.b.3,Response Orientation,LV,0.0,8,0.0,0.0,0.0,N,Y,08/2023,Analyst
19-3041.00,1.A.2.b.4,Rate Control,IM,1.0,8,0.0,1.0,1.0,N,,08/2023,Analyst
19-3041.00,1.A.2.b.4,Rate Control,LV,0.0,8,0.0,0.0,0.0,N,Y,08/2023,Analyst
19-3041.00,1.A.2.c.1,Reaction Time,IM,1.0,8,0.0,1.0,1.0,N,,08/2023,Analyst
19-3041.00,1.A.2.c.1,Reaction Time,LV,0.0,8,0.0,0.0,0.0,N,Y,08/2023,Analyst
19-3041.00,1.A.2.c.2,Wrist-Finger Speed,IM,1.38,8,0.183,1.0164,1.7336,N,,08/2023,Analyst
19-3041.00,1.A.2.c.2,Wrist-Finger Speed,LV,0.5,8,0.2673,0.0,1.0238,N,N,08/2023,Analyst
19-3041.00,1.A.2.c.3,Speed of Limb Movement,IM,1.0,8,0.0,1.0,1.0,N,,08/2023,Analyst
19-3041.00,1.A.2.c.3,Speed of Limb Movement,LV,0.0,8,0.0,0.0,0.0,N,Y,08/2023,Analyst
19-3041.00,1.A.3.a.1,Static Strength,IM,1.0,8,0.0,1.0,1.0,N,,08/2023,Analyst
19-3041.00,1.A.3.a.1,Static Strength,LV,0.0,8,0.0,0.0,0.0,N,Y,08/2023,Analyst
19-3041.00,1.A.3.a.2,Explosive Strength,IM,1.0,8,0.0,1.0,1.0,N,,08/2023,Analyst
19-3041.00,1.A.3.a.2,Explosive Strength,LV,0.0,8,0.0,0.0,0.0,N,Y,08/2023,Analyst
19-3041.00,1.A.3.a.3,Dynamic Strength,IM,1.0,8,0.0,1.0,1.0,N,,08/2023,Analyst
19-3041.00,1.A.3.a.3,Dynamic Strength,LV,0.0,8,0.0,0.0,0.0,N,Y,08/2023,Analyst
19-3041.00,1.A.3.a.4,Trunk Strength,IM,1.75,8,0.1637,1.4292,2.0708,N,,08/2023,Analyst
19-3041.00,1.A.3.a.4,Trunk Strength,LV,1.25,8,0.3134,0.6358,1.8642,N,N,08/2023,Analyst
19-3041.00,1.A.3.b.1,Stamina,IM,1.0,8,0.0,1.0,1.0,N,,08/2023,Analyst
19-3041.00,1.A.3.b.1,Stamina,LV,0.0,8,0.0,0.0,0.0,N,Y,08/2023,Analyst
19-3041.00,1.A.3.c.1,Extent Flexibility,IM,1.0,8,0.0,1.0,1.0,N,,08/2023,Analyst
19-3041.00,1.A.3.c.1,Extent Flexibility,LV,0.0,8,0.0,0.0,0.0,N,Y,08/2023,Analyst
19-3041.00,1.A.3.c.2,Dynamic Flexibility,IM,1.0,8,0.0,1.0,1.0,N,,08/2023,Analyst
19-3041.00,1.A.3.c.2,Dynamic Flexibility,LV,0.0,8,0.0,0.0,0.0,N,Y,08/2023,Analyst
19-3041.00,1.A.3.c.3,Gross Body Coordination,IM,1.0,8,0.0,1.0,1.0,N,,08/2023,Analyst
19-3041.00,1.A.3.c.3,Gross Body Coordination,LV,0.0,8,0.0,0.0,0.0,N,Y,08/2023,Analyst
19-3041.00,1.A.3.c.4,Gross Body Equilibrium,IM,1.0,8,0.0,1.0,1.0,N,,08/2023,Analyst
19-3041.00,1.A.3.c.4,Gross Body Equilibrium,LV,0.0,8,0.0,0.0,0.0,N,Y,08/2023,Analyst
19-3041.00,1.A.4.a.1,Near Vision,IM,3.62,8,0.183,3.2664,3.9836,N,,08/2023,Analyst
19-3041.00,1.A.4.a.1,Near Vision,LV,3.62,8,0.183,3.2664,3.9836,N,N,08/2023,Analyst
19-3041.00,1.A.4.a.2,Far Vision,IM,2.5,8,0.189,2.1296,2.8704,N,,08/2023,Analyst
19-3041.00,1.A.4.a.2,Far Vision,LV,2.5,8,0.189,2.1296,2.8704,N,N,08/2023,Analyst
19-3041.00,1.A.4.a.3,Visual Color Discrimination,IM,1.75,8,0.1637,1.4292,2.0708,N,,08/2023,Analyst
19-3041.00,1.A.4.a.3,Visual Color Discrimination,LV,1.38,8,0.3239,0.7402,2.0098,N,N,08/2023,Analyst
19-3041.00,1.A.4.a.4,Night Vision,IM,1.0,8,0.0,1.0,1.0,N,,08/2023,Analyst
19-3041.00,1.A.4.a.4,Night Vision,LV,0.0,8,0.0,0.0,0.0,N,Y,08/2023,Analyst
19-3041.00,1.A.4.a.5,Peripheral Vision,IM,1.0,8,0.0,1.0,1.0,N,,08/2023,Analyst
19-3041.00,1.A.4.a.5,Peripheral Vision,LV,0.0,8,0.0,0.0,0.0,N,Y,08/2023,Analyst
19-3041.00,1.A.4.a.6,Depth Perception,IM,1.38,8,0.183,1.0164,1.7336,N,,08/2023,Analyst
19-3041.00,1.A.4.a.6,Depth Perception,LV,0.38,8,0.183,0.0164,0.7336,N,N,08/2023,Analyst
19-3041.00,1.A.4.a.7,Glare Sensitivity,IM,1.0,8,0.0,1.0,1.0,N,,08/2023,Analyst
19-3041.00,1.A.4.a.7,Glare Sensitivity,LV,0.0,8,0.0,0.0,0.0,N,Y,08/2023,Analyst
19-3041.00,1.A.4.b.1,Hearing Sensitivity,IM,1.62,8,0.183,1.2664,1.9836,N,,08/2023,Analyst
19-3041.00,1.A.4.b.1,Hearing Sensitivity,LV,0.75,8,0.25,0.26,1.24,N,N,08/2023,Analyst
19-3041.00,1.A.4.b.2,Auditory Attention,IM,1.62,8,0.183,1.2664,1.9836,N,,08/2023,Analyst
19-3041.00,1.A.4.b.2,Auditory Attention,LV,0.88,8,0.295,0.2967,1.4533,N,N,08/2023,Analyst
19-3041.00,1.A.4.b.3,Sound Localization,IM,1.0,8,0.0,1.0,1.0,N,,08/2023,Analyst
19-3041.00,1.A.4.b.3,Sound Localization,LV,0.0,8,0.0,0.0,0.0,N,Y,08/2023,Analyst
19-3041.00,1.A.4.b.4,Speech Recognition,IM,3.62,8,0.183,3.2664,3.9836,N,,08/2023,Analyst
19-3041.00,1.A.4.b.4,Speech Recognition,LV,3.88,8,0.2266,3.4309,4.3191,N,N,08/2023,Analyst
19-3041.00,1.A.4.b.5,Speech Clarity,IM,3.88,8,0.125,3.63,4.12,N,,08/2023,Analyst
19-3041.00,1.A.4.b.5,Speech Clarity,LV,4.75,8,0.25,4.26,5.24,N,N,08/2023,Analyst
19-3051.00,1.A.1.a.1,Oral Comprehension,IM,4.12,8,0.125,3.88,4.37,N,,08/2021,Analyst
19-3051.00,1.A.1.a.1,Oral Comprehension,LV,4.5,8,0.189,4.1296,4.8704,N,N,08/2021,Analyst
19-3051.00,1.A.1.a.2,Written Comprehension,IM,4.0,8,0.0,4.0,4.0,N,,08/2021,Analyst
19-3051.00,1.A.1.a.2,Written Comprehension,LV,4.25,8,0.1637,3.9292,4.5708,N,N,08/2021,Analyst
19-3051.00,1.A.1.a.3,Oral Expression,IM,4.12,8,0.125,3.88,4.37,N,,08/2021,Analyst
19-3051.00,1.A.1.a.3,Oral Expression,LV,4.62,8,0.183,4.2664,4.9836,N,N,08/2021,Analyst
19-3051.00,1.A.1.a.4,Written Expression,IM,4.0,8,0.0,4.0,4.0,N,,08/2021,Analyst
19-3051.00,1.A.1.a.4,Written Expression,LV,4.38,8,0.183,4.0164,4.7336,N,N,08/2021,Analyst
19-3051.00,1.A.1.b.1,Fluency of Ideas,IM,3.62,8,0.183,3.2664,3.9836,N,,08/2021,Analyst
19-3051.00,1.A.1.b.1,Fluency of Ideas,LV,4.12,8,0.125,3.88,4.37,N,N,08/2021,Analyst
19-3051.00,1.A.1.b.2,Originality,IM,3.25,8,0.1637,2.9292,3.5708,N,,08/2021,Analyst
19-3051.00,1.A.1.b.2,Originality,LV,4.0,8,0.0,4.0,4.0,N,N,08/2021,Analyst
19-3051.00,1.A.1.b.3,Problem Sensitivity,IM,4.0,8,0.0,4.0,4.0,N,,08/2021,Analyst
19-3051.00,1.A.1.b.3,Problem Sensitivity,LV,4.12,8,0.125,3.88,4.37,N,N,08/2021,Analyst
19-3051.00,1.A.1.b.4,Deductive Reasoning,IM,3.88,8,0.125,3.63,4.12,N,,08/2021,Analyst
19-3051.00,1.A.1.b.4,Deductive Reasoning,LV,4.12,8,0.125,3.88,4.37,N,N,08/2021,Analyst
19-3051.00,1.A.1.b.5,Inductive Reasoning,IM,3.88,8,0.125,3.63,4.12,N,,08/2021,Analyst
19-3051.00,1.A.1.b.5,Inductive Reasoning,LV,4.0,8,0.0,4.0,4.0,N,N,08/2021,Analyst
19-3051.00,1.A.1.b.6,Information Ordering,IM,3.62,8,0.183,3.2664,3.9836,N,,08/2021,Analyst
19-3051.00,1.A.1.b.6,Information Ordering,LV,3.88,8,0.125,3.63,4.12,N,N,08/2021,Analyst
19-3051.00,1.A.1.b.7,Category Flexibility,IM,3.5,8,0.189,3.1296,3.8704,N,,08/2021,Analyst
19-3051.00,1.A.1.b.7,Category Flexibility,LV,3.88,8,0.125,3.63,4.12,N,N,08/2021,Analyst
19-3051.00,1.A.1.c.1,Mathematical Reasoning,IM,3.0,8,0.0,3.0,3.0,N,,08/2021,Analyst
19-3051.00,1.A.1.c.1,Mathematical Reasoning,LV,3.38,8,0.183,3.0164,3.7336,N,N,08/2021,Analyst
19-3051.00,1.A.1.c.2,Number Facility,IM,3.0,8,0.0,3.0,3.0,N,,08/2021,Analyst
19-3051.00,1.A.1.c.2,Number Facility,LV,3.25,8,0.1637,2.9292,3.5708,N,N,08/2021,Analyst
19-3051.00,1.A.1.d.1,Memorization,IM,2.25,8,0.1637,1.9292,2.5708,N,,08/2021,Analyst
19-3051.00,1.A.1.d.1,Memorization,LV,2.5,8,0.189,2.1296,2.8704,N,N,08/2021,Analyst
19-3051.00,1.A.1.e.1,Speed of Closure,IM,2.25,8,0.1637,1.9292,2.5708,N,,08/2021,Analyst
19-3051.00,1.A.1.e.1,Speed of Closure,LV,2.75,8,0.1637,2.4292,3.0708,N,N,08/2021,Analyst
19-3051.00,1.A.1.e.2,Flexibility of Closure,IM,3.0,8,0.0,3.0,3.0,N,,08/2021,Analyst
19-3051.00,1.A.1.e.2,Flexibility of Closure,LV,3.12,8,0.125,2.88,3.37,N,N,08/2021,Analyst
19-3051.00,1.A.1.e.3,Perceptual Speed,IM,2.62,8,0.183,2.2664,2.9836,N,,08/2021,Analyst
19-3051.00,1.A.1.e.3,Perceptual Speed,LV,2.75,8,0.1637,2.4292,3.0708,N,N,08/2021,Analyst
19-3051.00,1.A.1.f.1,Spatial Orientation,IM,1.75,8,0.1637,1.4292,2.0708,N,,08/2021,Analyst
19-3051.00,1.A.1.f.1,Spatial Orientation,LV,1.0,8,0.2673,0.4762,1.5238,N,N,08/2021,Analyst
19-3051.00,1.A.1.f.2,Visualization,IM,3.12,8,0.125,2.88,3.37,N,,08/2021,Analyst
19-3051.00,1.A.1.f.2,Visualization,LV,3.75,8,0.1637,3.4292,4.0708,N,N,08/2021,Analyst
19-3051.00,1.A.1.g.1,Selective Attention,IM,2.88,8,0.125,2.63,3.12,N,,08/2021,Analyst
19-3051.00,1.A.1.g.1,Selective Attention,LV,2.88,8,0.125,2.63,3.12,N,N,08/2021,Analyst
19-3051.00,1.A.1.g.2,Time Sharing,IM,2.75,8,0.1637,2.4292,3.0708,N,,08/2021,Analyst
19-3051.00,1.A.1.g.2,Time Sharing,LV,2.75,8,0.1637,2.4292,3.0708,N,N,08/2021,Analyst
19-3051.00,1.A.2.a.1,Arm-Hand Steadiness,IM,1.0,8,0.0,1.0,1.0,N,,08/2021,Analyst
19-3051.00,1.A.2.a.1,Arm-Hand Steadiness,LV,0.0,8,0.0,0.0,0.0,N,Y,08/2021,Analyst
19-3051.00,1.A.2.a.2,Manual Dexterity,IM,1.0,8,0.0,1.0,1.0,N,,08/2021,Analyst
19-3051.00,1.A.2.a.2,Manual Dexterity,LV,0.0,8,0.0,0.0,0.0,N,Y,08/2021,Analyst
19-3051.00,1.A.2.a.3,Finger Dexterity,IM,1.88,8,0.125,1.63,2.12,N,,08/2021,Analyst
19-3051.00,1.A.2.a.3,Finger Dexterity,LV,1.75,8,0.25,1.26,2.24,N,N,08/2021,Analyst
19-3051.00,1.A.2.b.1,Control Precision,IM,1.62,8,0.183,1.2664,1.9836,N,,08/2021,Analyst
19-3051.00,1.A.2.b.1,Control Precision,LV,1.0,8,0.3273,0.3584,1.6416,N,N,08/2021,Analyst
19-3051.00,1.A.2.b.2,Multilimb Coordination,IM,1.62,8,0.183,1.2664,1.9836,N,,08/2021,Analyst
19-3051.00,1.A.2.b.2,Multilimb Coordination,LV,0.62,8,0.183,0.2664,0.9836,N,N,08/2021,Analyst
19-3051.00,1.A.2.b.3,Response Orientation,IM,1.0,8,0.0,1.0,1.0,N,,08/2021,Analyst
19-3051.00,1.A.2.b.3,Response Orientation,LV,0.0,8,0.0,0.0,0.0,N,Y,08/2021,Analyst
19-3051.00,1.A.2.b.4,Rate Control,IM,1.0,8,0.0,1.0,1.0,N,,08/2021,Analyst
19-3051.00,1.A.2.b.4,Rate Control,LV,0.0,8,0.0,0.0,0.0,N,Y,08/2021,Analyst
19-3051.00,1.A.2.c.1,Reaction Time,IM,1.0,8,0.0,1.0,1.0,N,,08/2021,Analyst
19-3051.00,1.A.2.c.1,Reaction Time,LV,0.0,8,0.0,0.0,0.0,N,Y,08/2021,Analyst
19-3051.00,1.A.2.c.2,Wrist-Finger Speed,IM,1.62,8,0.183,1.2664,1.9836,N,,08/2021,Analyst
19-3051.00,1.A.2.c.2,Wrist-Finger Speed,LV,0.88,8,0.295,0.2967,1.4533,N,N,08/2021,Analyst
19-3051.00,1.A.2.c.3,Speed of Limb Movement,IM,1.0,8,0.0,1.0,1.0,N,,08/2021,Analyst
19-3051.00,1.A.2.c.3,Speed of Limb Movement,LV,0.0,8,0.0,0.0,0.0,N,Y,08/2021,Analyst
19-3051.00,1.A.3.a.1,Static Strength,IM,1.0,8,0.0,1.0,1.0,N,,08/2021,Analyst
19-3051.00,1.A.3.a.1,Static Strength,LV,0.0,8,0.0,0.0,0.0,N,Y,08/2021,Analyst
19-3051.00,1.A.3.a.2,Explosive Strength,IM,1.0,8,0.0,1.0,1.0,N,,08/2021,Analyst
19-3051.00,1.A.3.a.2,Explosive Strength,LV,0.0,8,0.0,0.0,0.0,N,Y,08/2021,Analyst
19-3051.00,1.A.3.a.3,Dynamic Strength,IM,1.0,8,0.0,1.0,1.0,N,,08/2021,Analyst
19-3051.00,1.A.3.a.3,Dynamic Strength,LV,0.0,8,0.0,0.0,0.0,N,Y,08/2021,Analyst
19-3051.00,1.A.3.a.4,Trunk Strength,IM,1.5,8,0.189,1.1296,1.8704,N,,08/2021,Analyst
19-3051.00,1.A.3.a.4,Trunk Strength,LV,0.88,8,0.3504,0.1883,1.5617,N,N,08/2021,Analyst
19-3051.00,1.A.3.b.1,Stamina,IM,1.0,8,0.0,1.0,1.0,N,,08/2021,Analyst
19-3051.00,1.A.3.b.1,Stamina,LV,0.0,8,0.0,0.0,0.0,N,Y,08/2021,Analyst
19-3051.00,1.A.3.c.1,Extent Flexibility,IM,1.0,8,0.0,1.0,1.0,N,,08/2021,Analyst
19-3051.00,1.A.3.c.1,Extent Flexibility,LV,0.0,8,0.0,0.0,0.0,N,Y,08/2021,Analyst
19-3051.00,1.A.3.c.2,Dynamic Flexibility,IM,1.0,8,0.0,1.0,1.0,N,,08/2021,Analyst
19-3051.00,1.A.3.c.2,Dynamic Flexibility,LV,0.0,8,0.0,0.0,0.0,N,Y,08/2021,Analyst
19-3051.00,1.A.3.c.3,Gross Body Coordination,IM,1.0,8,0.0,1.0,1.0,N,,08/2021,Analyst
19-3051.00,1.A.3.c.3,Gross Body Coordination,LV,0.0,8,0.0,0.0,0.0,N,Y,08/2021,Analyst
19-3051.00,1.A.3.c.4,Gross Body Equilibrium,IM,1.0,8,0.0,1.0,1.0,N,,08/2021,Analyst
19-3051.00,1.A.3.c.4,Gross Body Equilibrium,LV,0.0,8,0.0,0.0,0.0,N,Y,08/2021,Analyst
19-3051.00,1.A.4.a.1,Near Vision,IM,3.88,8,0.125,3.63,4.12,N,,08/2021,Analyst
19-3051.00,1.A.4.a.1,Near Vision,LV,4.12,8,0.125,3.88,4.37,N,N,08/2021,Analyst
19-3051.00,1.A.4.a.2,Far Vision,IM,3.0,8,0.0,3.0,3.0,N,,08/2021,Analyst
19-3051.00,1.A.4.a.2,Far Vision,LV,3.5,8,0.189,3.1296,3.8704,N,N,08/2021,Analyst
19-3051.00,1.A.4.a.3,Visual Color Discrimination,IM,2.75,8,0.1637,2.4292,3.0708,N,,08/2021,Analyst
19-3051.00,1.A.4.a.3,Visual Color Discrimination,LV,2.75,8,0.1637,2.4292,3.0708,N,N,08/2021,Analyst
19-3051.00,1.A.4.a.4,Night Vision,IM,1.0,8,0.0,1.0,1.0,N,,08/2021,Analyst
19-3051.00,1.A.4.a.4,Night Vision,LV,0.0,8,0.0,0.0,0.0,N,Y,08/2021,Analyst
19-3051.00,1.A.4.a.5,Peripheral Vision,IM,1.0,8,0.0,1.0,1.0,N,,08/2021,Analyst
19-3051.00,1.A.4.a.5,Peripheral Vision,LV,0.0,8,0.0,0.0,0.0,N,Y,08/2021,Analyst
19-3051.00,1.A.4.a.6,Depth Perception,IM,1.88,8,0.125,1.63,2.12,N,,08/2021,Analyst
19-3051.00,1.A.4.a.6,Depth Perception,LV,1.5,8,0.2673,0.9762,2.0238,N,N,08/2021,Analyst
19-3051.00,1.A.4.a.7,Glare Sensitivity,IM,1.0,8,0.0,1.0,1.0,N,,08/2021,Analyst
19-3051.00,1.A.4.a.7,Glare Sensitivity,LV,0.0,8,0.0,0.0,0.0,N,Y,08/2021,Analyst
19-3051.00,1.A.4.b.1,Hearing Sensitivity,IM,1.75,8,0.1637,1.4292,2.0708,N,,08/2021,Analyst
19-3051.00,1.A.4.b.1,Hearing Sensitivity,LV,1.38,8,0.3239,0.7402,2.0098,N,N,08/2021,Analyst
19-3051.00,1.A.4.b.2,Auditory Attention,IM,2.0,8,0.189,1.6296,2.3704,N,,08/2021,Analyst
19-3051.00,1.A.4.b.2,Auditory Attention,LV,1.62,8,0.2631,1.1094,2.1406,N,N,08/2021,Analyst
19-3051.00,1.A.4.b.3,Sound Localization,IM,1.0,8,0.0,1.0,1.0,N,,08/2021,Analyst
19-3051.00,1.A.4.b.3,Sound Localization,LV,0.0,8,0.0,0.0,0.0,N,Y,08/2021,Analyst
19-3051.00,1.A.4.b.4,Speech Recognition,IM,3.88,8,0.125,3.63,4.12,N,,08/2021,Analyst
19-3051.00,1.A.4.b.4,Speech Recognition,LV,3.88,8,0.125,3.63,4.12,N,N,08/2021,Analyst
19-3051.00,1.A.4.b.5,Speech Clarity,IM,4.0,8,0.0,4.0,4.0,N,,08/2021,Analyst
19-3051.00,1.A.4.b.5,Speech Clarity,LV,4.0,8,0.0,4.0,4.0,N,N,08/2021,Analyst
19-3091.00,1.A.1.a.1,Oral Comprehension,IM,4.25,8,0.1637,3.9292,4.5708,N,,08/2024,Analyst
19-3091.00,1.A.1.a.1,Oral Comprehension,LV,5.0,8,0.189,4.6296,5.3704,N,N,08/2024,Analyst
19-3091.00,1.A.1.a.2,Written Comprehension,IM,4.38,8,0.183,4.0164,4.7336,N,,08/2024,Analyst
19-3091.00,1.A.1.a.2,Written Comprehension,LV,5.0,8,0.0,5.0,5.0,N,N,08/2024,Analyst
19-3091.00,1.A.1.a.3,Oral Expression,IM,4.38,8,0.183,4.0164,4.7336,N,,08/2024,Analyst
19-3091.00,1.A.1.a.3,Oral Expression,LV,5.12,8,0.125,4.88,5.37,N,N,08/2024,Analyst
19-3091.00,1.A.1.a.4,Written Expression,IM,4.38,8,0.183,4.0164,4.7336,N,,08/2024,Analyst
19-3091.00,1.A.1.a.4,Written Expression,LV,5.12,8,0.125,4.88,5.37,N,N,08/2024,Analyst
19-3091.00,1.A.1.b.1,Fluency of Ideas,IM,3.75,8,0.25,3.26,4.24,N,,08/2024,Analyst
19-3091.00,1.A.1.b.1,Fluency of Ideas,LV,4.0,8,0.189,3.6296,4.3704,N,N,08/2024,Analyst
19-3091.00,1.A.1.b.2,Originality,IM,3.12,8,0.125,2.88,3.37,N,,08/2024,Analyst
19-3091.00,1.A.1.b.2,Originality,LV,3.25,8,0.1637,2.9292,3.5708,N,N,08/2024,Analyst
19-3091.00,1.A.1.b.3,Problem Sensitivity,IM,3.38,8,0.183,3.0164,3.7336,N,,08/2024,Analyst
19-3091.00,1.A.1.b.3,Problem Sensitivity,LV,3.5,8,0.189,3.1296,3.8704,N,N,08/2024,Analyst
19-3091.00,1.A.1.b.4,Deductive Reasoning,IM,4.12,8,0.125,3.88,4.37,N,,08/2024,Analyst
19-3091.00,1.A.1.b.4,Deductive Reasoning,LV,4.62,8,0.183,4.2664,4.9836,N,N,08/2024,Analyst
19-3091.00,1.A.1.b.5,Inductive Reasoning,IM,4.0,8,0.0,4.0,4.0,N,,08/2024,Analyst
19-3091.00,1.A.1.b.5,Inductive Reasoning,LV,4.75,8,0.1637,4.4292,5.0708,N,N,08/2024,Analyst
19-3091.00,1.A.1.b.6,Information Ordering,IM,3.88,8,0.125,3.63,4.12,N,,08/2024,Analyst
19-3091.00,1.A.1.b.6,Information Ordering,LV,4.0,8,0.0,4.0,4.0,N,N,08/2024,Analyst
19-3091.00,1.A.1.b.7,Category Flexibility,IM,3.88,8,0.125,3.63,4.12,N,,08/2024,Analyst
19-3091.00,1.A.1.b.7,Category Flexibility,LV,4.12,8,0.125,3.88,4.37,N,N,08/2024,Analyst
19-3091.00,1.A.1.c.1,Mathematical Reasoning,IM,2.88,8,0.125,2.63,3.12,N,,08/2024,Analyst
19-3091.00,1.A.1.c.1,Mathematical Reasoning,LV,2.88,8,0.125,2.63,3.12,N,N,08/2024,Analyst
19-3091.00,1.A.1.c.2,Number Facility,IM,2.88,8,0.125,2.63,3.12,N,,08/2024,Analyst
19-3091.00,1.A.1.c.2,Number Facility,LV,2.62,8,0.183,2.2664,2.9836,N,N,08/2024,Analyst
19-3091.00,1.A.1.d.1,Memorization,IM,2.88,8,0.125,2.63,3.12,N,,08/2024,Analyst
19-3091.00,1.A.1.d.1,Memorization,LV,2.88,8,0.125,2.63,3.12,N,N,08/2024,Analyst
19-3091.00,1.A.1.e.1,Speed of Closure,IM,2.88,8,0.125,2.63,3.12,N,,08/2024,Analyst
19-3091.00,1.A.1.e.1,Speed of Closure,LV,3.0,8,0.189,2.6296,3.3704,N,N,08/2024,Analyst
19-3091.00,1.A.1.e.2,Flexibility of Closure,IM,3.75,8,0.1637,3.4292,4.0708,N,,08/2024,Analyst
19-3091.00,1.A.1.e.2,Flexibility of Closure,LV,3.88,8,0.125,3.63,4.12,N,N,08/2024,Analyst
19-3091.00,1.A.1.e.3,Perceptual Speed,IM,2.88,8,0.125,2.63,3.12,N,,08/2024,Analyst
19-3091.00,1.A.1.e.3,Perceptual Speed,LV,2.88,8,0.125,2.63,3.12,N,N,08/2024,Analyst
19-3091.00,1.A.1.f.1,Spatial Orientation,IM,1.75,8,0.25,1.26,2.24,N,,08/2024,Analyst
19-3091.00,1.A.1.f.1,Spatial Orientation,LV,1.0,8,0.3273,0.3584,1.6416,N,N,08/2024,Analyst
19-3091.00,1.A.1.f.2,Visualization,IM,3.0,8,0.189,2.6296,3.3704,N,,08/2024,Analyst
19-3091.00,1.A.1.f.2,Visualization,LV,3.38,8,0.2631,2.8594,3.8906,N,N,08/2024,Analyst
19-3091.00,1.A.1.g.1,Selective Attention,IM,3.12,8,0.125,2.88,3.37,N,,08/2024,Analyst
19-3091.00,1.A.1.g.1,Selective Attention,LV,3.12,8,0.125,2.88,3.37,N,N,08/2024,Analyst
19-3091.00,1.A.1.g.2,Time Sharing,IM,2.75,8,0.1637,2.4292,3.0708,N,,08/2024,Analyst
19-3091.00,1.A.1.g.2,Time Sharing,LV,2.75,8,0.1637,2.4292,3.0708,N,N,08/2024,Analyst
19-3091.00,1.A.2.a.1,Arm-Hand Steadiness,IM,1.75,8,0.1637,1.4292,2.0708,N,,08/2024,Analyst
19-3091.00,1.A.2.a.1,Arm-Hand Steadiness,LV,1.38,8,0.3239,0.7402,2.0098,N,N,08/2024,Analyst
19-3091.00,1.A.2.a.2,Manual Dexterity,IM,1.75,8,0.1637,1.4292,2.0708,N,,08/2024,Analyst
19-3091.00,1.A.2.a.2,Manual Dexterity,LV,1.38,8,0.3239,0.7402,2.0098,N,N,08/2024,Analyst
19-3091.00,1.A.2.a.3,Finger Dexterity,IM,1.88,8,0.2266,1.4309,2.3191,N,,08/2024,Analyst
19-3091.00,1.A.2.a.3,Finger Dexterity,LV,1.5,8,0.378,0.7592,2.2408,N,N,08/2024,Analyst
19-3091.00,1.A.2.b.1,Control Precision,IM,1.62,8,0.183,1.2664,1.9836,N,,08/2024,Analyst
19-3091.00,1.A.2.b.1,Control Precision,LV,0.88,8,0.295,0.2967,1.4533,N,N,08/2024,Analyst
19-3091.00,1.A.2.b.2,Multilimb Coordination,IM,1.62,8,0.183,1.2664,1.9836,N,,08/2024,Analyst
19-3091.00,1.A.2.b.2,Multilimb Coordination,LV,0.75,8,0.25,0.26,1.24,N,N,08/2024,Analyst
19-3091.00,1.A.2.b.3,Response Orientation,IM,1.12,8,0.125,1.0,1.37,N,,08/2024,Analyst
19-3091.00,1.A.2.b.3,Response Orientation,LV,0.12,8,0.125,0.0,0.37,N,Y,08/2024,Analyst
19-3091.00,1.A.2.b.4,Rate Control,IM,1.0,8,0.0,1.0,1.0,N,,08/2024,Analyst
19-3091.00,1.A.2.b.4,Rate Control,LV,0.0,8,0.0,0.0,0.0,N,Y,08/2024,Analyst
19-3091.00,1.A.2.c.1,Reaction Time,IM,1.0,8,0.0,1.0,1.0,N,,08/2024,Analyst
19-3091.00,1.A.2.c.1,Reaction Time,LV,0.0,8,0.0,0.0,0.0,N,Y,08/2024,Analyst
19-3091.00,1.A.2.c.2,Wrist-Finger Speed,IM,1.75,8,0.1637,1.4292,2.0708,N,,08/2024,Analyst
19-3091.00,1.A.2.c.2,Wrist-Finger Speed,LV,1.38,8,0.3239,0.7402,2.0098,N,N,08/2024,Analyst
19-3091.00,1.A.2.c.3,Speed of Limb Movement,IM,1.0,8,0.0,1.0,1.0,N,,08/2024,Analyst
19-3091.00,1.A.2.c.3,Speed of Limb Movement,LV,0.0,8,0.0,0.0,0.0,N,Y,08/2024,Analyst
19-3091.00,1.A.3.a.1,Static Strength,IM,1.62,8,0.183,1.2664,1.9836,N,,08/2024,Analyst
19-3091.00,1.A.3.a.1,Static Strength,LV,0.88,8,0.295,0.2967,1.4533,N,N,08/2024,Analyst
19-3091.00,1.A.3.a.2,Explosive Strength,IM,1.25,8,0.1637,1.0,1.5708,N,,08/2024,Analyst
19-3091.00,1.A.3.a.2,Explosive Strength,LV,0.25,8,0.1637,0.0,0.5708,N,Y,08/2024,Analyst
19-3091.00,1.A.3.a.3,Dynamic Strength,IM,1.38,8,0.183,1.0164,1.7336,N,,08/2024,Analyst
19-3091.00,1.A.3.a.3,Dynamic Strength,LV,0.5,8,0.2673,0.0,1.0238,N,N,08/2024,Analyst
19-3091.00,1.A.3.a.4,Trunk Strength,IM,2.0,8,0.0,2.0,2.0,N,,08/2024,Analyst
19-3091.00,1.A.3.a.4,Trunk Strength,LV,1.75,8,0.1637,1.4292,2.0708,N,N,08/2024,Analyst
19-3091.00,1.A.3.b.1,Stamina,IM,1.5,8,0.189,1.1296,1.8704,N,,08/2024,Analyst
19-3091.00,1.A.3.b.1,Stamina,LV,0.5,8,0.189,0.1296,0.8704,N,N,08/2024,Analyst
19-3091.00,1.A.3.c.1,Extent Flexibility,IM,1.75,8,0.1637,1.4292,2.0708,N,,08/2024,Analyst
19-3091.00,1.A.3.c.1,Extent Flexibility,LV,1.5,8,0.3273,0.8584,2.1416,N,N,08/2024,Analyst
19-3091.00,1.A.3.c.2,Dynamic Flexibility,IM,1.12,8,0.125,1.0,1.37,N,,08/2024,Analyst
19-3091.00,1.A.3.c.2,Dynamic Flexibility,LV,0.12,8,0.125,0.0,0.37,N,Y,08/2024,Analyst
19-3091.00,1.A.3.c.3,Gross Body Coordination,IM,1.62,8,0.183,1.2664,1.9836,N,,08/2024,Analyst
19-3091.00,1.A.3.c.3,Gross Body Coordination,LV,0.75,8,0.25,0.26,1.24,N,N,08/2024,Analyst
19-3091.00,1.A.3.c.4,Gross Body Equilibrium,IM,1.38,8,0.183,1.0164,1.7336,N,,08/2024,Analyst
19-3091.00,1.A.3.c.4,Gross Body Equilibrium,LV,0.5,8,0.2673,0.0,1.0238,N,N,08/2024,Analyst
19-3091.00,1.A.4.a.1,Near Vision,IM,3.62,8,0.183,3.2664,3.9836,N,,08/2024,Analyst
19-3091.00,1.A.4.a.1,Near Vision,LV,3.88,8,0.125,3.63,4.12,N,N,08/2024,Analyst
19-3091.00,1.A.4.a.2,Far Vision,IM,3.12,8,0.125,2.88,3.37,N,,08/2024,Analyst
19-3091.00,1.A.4.a.2,Far Vision,LV,3.25,8,0.1637,2.9292,3.5708,N,N,08/2024,Analyst
19-3091.00,1.A.4.a.3,Visual Color Discrimination,IM,2.88,8,0.125,2.63,3.12,N,,08/2024,Analyst
19-3091.00,1.A.4.a.3,Visual Color Discrimination,LV,2.75,8,0.1637,2.4292,3.0708,N,N,08/2024,Analyst
19-3091.00,1.A.4.a.4,Night Vision,IM,1.0,8,0.0,1.0,1.0,N,,08/2024,Analyst
19-3091.00,1.A.4.a.4,Night Vision,LV,0.0,8,0.0,0.0,0.0,N,Y,08/2024,Analyst
19-3091.00,1.A.4.a.5,Peripheral Vision,IM,1.12,8,0.125,1.0,1.37,N,,08/2024,Analyst
19-3091.00,1.A.4.a.5,Peripheral Vision,LV,0.12,8,0.125,0.0,0.37,N,Y,08/2024,Analyst
19-3091.00,1.A.4.a.6,Depth Perception,IM,1.5,8,0.189,1.1296,1.8704,N,,08/2024,Analyst
19-3091.00,1.A.4.a.6,Depth Perception,LV,0.5,8,0.189,0.1296,0.8704,N,N,08/2024,Analyst
19-3091.00,1.A.4.a.7,Glare Sensitivity,IM,1.25,8,0.1637,1.0,1.5708,N,,08/2024,Analyst
19-3091.00,1.A.4.a.7,Glare Sensitivity,LV,0.25,8,0.1637,0.0,0.5708,N,Y,08/2024,Analyst
19-3091.00,1.A.4.b.1,Hearing Sensitivity,IM,1.75,8,0.1637,1.4292,2.0708,N,,08/2024,Analyst
19-3091.00,1.A.4.b.1,Hearing Sensitivity,LV,1.25,8,0.3134,0.6358,1.8642,N,N,08/2024,Analyst
19-3091.00,1.A.4.b.2,Auditory Attention,IM,2.0,8,0.0,2.0,2.0,N,,08/2024,Analyst
19-3091.00,1.A.4.b.2,Auditory Attention,LV,1.88,8,0.125,1.63,2.12,N,N,08/2024,Analyst
19-3091.00,1.A.4.b.3,Sound Localization,IM,1.0,8,0.0,1.0,1.0,N,,08/2024,Analyst
19-3091.00,1.A.4.b.3,Sound Localization,LV,0.0,8,0.0,0.0,0.0,N,Y,08/2024,Analyst
19-3091.00,1.A.4.b.4,Speech Recognition,IM,3.75,8,0.1637,3.4292,4.0708,N,,08/2024,Analyst
19-3091.00,1.A.4.b.4,Speech Recognition,LV,3.75,8,0.1637,3.4292,4.0708,N,N,08/2024,Analyst
19-3091.00,1.A.4.b.5,Speech Clarity,IM,4.0,8,0.0,4.0,4.0,N,,08/2024,Analyst
19-3091.00,1.A.4.b.5,Speech Clarity,LV,4.25,8,0.1637,3.9292,4.5708,N,N,08/2024,Analyst
19-3092.00,1.A.1.a.1,Oral Comprehension,IM,4.0,8,0.0,4.0,4.0,N,,08/2023,Analyst
19-3092.00,1.A.1.a.1,Oral Comprehension,LV,4.75,8,0.1637,4.4292,5.0708,N,N,08/2023,Analyst
19-3092.00,1.A.1.a.2,Written Comprehension,IM,4.12,8,0.125,3.88,4.37,N,,08/2023,Analyst
19-3092.00,1.A.1.a.2,Written Comprehension,LV,4.75,8,0.1637,4.4292,5.0708,N,N,08/2023,Analyst
19-3092.00,1.A.1.a.3,Oral Expression,IM,4.0,8,0.0,4.0,4.0,N,,08/2023,Analyst
19-3092.00,1.A.1.a.3,Oral Expression,LV,5.0,8,0.0,5.0,5.0,N,N,08/2023,Analyst
19-3092.00,1.A.1.a.4,Written Expression,IM,4.12,8,0.125,3.88,4.37,N,,08/2023,Analyst
19-3092.00,1.A.1.a.4,Written Expression,LV,4.88,8,0.125,4.63,5.12,N,N,08/2023,Analyst
19-3092.00,1.A.1.b.1,Fluency of Ideas,IM,3.25,8,0.1637,2.9292,3.5708,N,,08/2023,Analyst
19-3092.00,1.A.1.b.1,Fluency of Ideas,LV,3.5,8,0.2673,2.9762,4.0238,N,N,08/2023,Analyst
19-3092.00,1.A.1.b.2,Originality,IM,3.12,8,0.125,2.88,3.37,N,,08/2023,Analyst
19-3092.00,1.A.1.b.2,Originality,LV,3.38,8,0.183,3.0164,3.7336,N,N,08/2023,Analyst
19-3092.00,1.A.1.b.3,Problem Sensitivity,IM,3.62,8,0.183,3.2664,3.9836,N,,08/2023,Analyst
19-3092.00,1.A.1.b.3,Problem Sensitivity,LV,3.75,8,0.1637,3.4292,4.0708,N,N,08/2023,Analyst
19-3092.00,1.A.1.b.4,Deductive Reasoning,IM,4.0,8,0.0,4.0,4.0,N,,08/2023,Analyst
19-3092.00,1.A.1.b.4,Deductive Reasoning,LV,4.12,8,0.125,3.88,4.37,N,N,08/2023,Analyst
19-3092.00,1.A.1.b.5,Inductive Reasoning,IM,4.12,8,0.125,3.88,4.37,N,,08/2023,Analyst
19-3092.00,1.A.1.b.5,Inductive Reasoning,LV,4.25,8,0.1637,3.9292,4.5708,N,N,08/2023,Analyst
19-3092.00,1.A.1.b.6,Information Ordering,IM,3.75,8,0.1637,3.4292,4.0708,N,,08/2023,Analyst
19-3092.00,1.A.1.b.6,Information Ordering,LV,4.0,8,0.0,4.0,4.0,N,N,08/2023,Analyst
19-3092.00,1.A.1.b.7,Category Flexibility,IM,3.62,8,0.183,3.2664,3.9836,N,,08/2023,Analyst
19-3092.00,1.A.1.b.7,Category Flexibility,LV,4.12,8,0.125,3.88,4.37,N,N,08/2023,Analyst
19-3092.00,1.A.1.c.1,Mathematical Reasoning,IM,3.0,8,0.0,3.0,3.0,N,,08/2023,Analyst
19-3092.00,1.A.1.c.1,Mathematical Reasoning,LV,3.25,8,0.1637,2.9292,3.5708,N,N,08/2023,Analyst
19-3092.00,1.A.1.c.2,Number Facility,IM,3.0,8,0.0,3.0,3.0,N,,08/2023,Analyst
19-3092.00,1.A.1.c.2,Number Facility,LV,3.25,8,0.1637,2.9292,3.5708,N,N,08/2023,Analyst
19-3092.00,1.A.1.d.1,Memorization,IM,2.75,8,0.1637,2.4292,3.0708,N,,08/2023,Analyst
19-3092.00,1.A.1.d.1,Memorization,LV,2.88,8,0.125,2.63,3.12,N,N,08/2023,Analyst
19-3092.00,1.A.1.e.1,Speed of Closure,IM,2.5,8,0.189,2.1296,2.8704,N,,08/2023,Analyst
19-3092.00,1.A.1.e.1,Speed of Closure,LV,2.62,8,0.2631,2.1094,3.1406,N,N,08/2023,Analyst
19-3092.00,1.A.1.e.2,Flexibility of Closure,IM,3.12,8,0.125,2.88,3.37,N,,08/2023,Analyst
19-3092.00,1.A.1.e.2,Flexibility of Closure,LV,3.5,8,0.189,3.1296,3.8704,N,N,08/2023,Analyst
19-3092.00,1.A.1.e.3,Perceptual Speed,IM,3.12,8,0.125,2.88,3.37,N,,08/2023,Analyst
19-3092.00,1.A.1.e.3,Perceptual Speed,LV,3.12,8,0.125,2.88,3.37,N,N,08/2023,Analyst
19-3092.00,1.A.1.f.1,Spatial Orientation,IM,1.25,8,0.1637,1.0,1.5708,N,,08/2023,Analyst
19-3092.00,1.A.1.f.1,Spatial Orientation,LV,0.5,8,0.3273,0.0,1.1416,N,Y,08/2023,Analyst
19-3092.00,1.A.1.f.2,Visualization,IM,3.0,8,0.189,2.6296,3.3704,N,,08/2023,Analyst
19-3092.00,1.A.1.f.2,Visualization,LV,3.12,8,0.295,2.5467,3.7033,N,N,08/2023,Analyst
19-3092.00,1.A.1.g.1,Selective Attention,IM,2.88,8,0.125,2.63,3.12,N,,08/2023,Analyst
19-3092.00,1.A.1.g.1,Selective Attention,LV,2.88,8,0.125,2.63,3.12,N,N,08/2023,Analyst
19-3092.00,1.A.1.g.2,Time Sharing,IM,2.5,8,0.189,2.1296,2.8704,N,,08/2023,Analyst
19-3092.00,1.A.1.g.2,Time Sharing,LV,2.38,8,0.183,2.0164,2.7336,N,N,08/2023,Analyst
19-3092.00,1.A.2.a.1,Arm-Hand Steadiness,IM,1.12,8,0.125,1.0,1.37,N,,08/2023,Analyst
19-3092.00,1.A.2.a.1,Arm-Hand Steadiness,LV,0.12,8,0.125,0.0,0.37,N,Y,08/2023,Analyst
19-3092.00,1.A.2.a.2,Manual Dexterity,IM,1.25,8,0.1637,1.0,1.5708,N,,08/2023,Analyst
19-3092.00,1.A.2.a.2,Manual Dexterity,LV,0.25,8,0.1637,0.0,0.5708,N,Y,08/2023,Analyst
19-3092.00,1.A.2.a.3,Finger Dexterity,IM,1.38,8,0.183,1.0164,1.7336,N,,08/2023,Analyst
19-3092.00,1.A.2.a.3,Finger Dexterity,LV,0.38,8,0.183,0.0164,0.7336,N,N,08/2023,Analyst
19-3092.00,1.A.2.b.1,Control Precision,IM,1.12,8,0.125,1.0,1.37,N,,08/2023,Analyst
19-3092.00,1.A.2.b.1,Control Precision,LV,0.25,8,0.25,0.0,0.74,N,Y,08/2023,Analyst
19-3092.00,1.A.2.b.2,Multilimb Coordination,IM,1.0,8,0.0,1.0,1.0,N,,08/2023,Analyst
19-3092.00,1.A.2.b.2,Multilimb Coordination,LV,0.0,8,0.0,0.0,0.0,N,Y,08/2023,Analyst
19-3092.00,1.A.2.b.3,Response Orientation,IM,1.0,8,0.0,1.0,1.0,N,,08/2023,Analyst
19-3092.00,1.A.2.b.3,Response Orientation,LV,0.0,8,0.0,0.0,0.0,N,Y,08/2023,Analyst
19-3092.00,1.A.2.b.4,Rate Control,IM,1.0,8,0.0,1.0,1.0,N,,08/2023,Analyst
19-3092.00,1.A.2.b.4,Rate Control,LV,0.0,8,0.0,0.0,0.0,N,Y,08/2023,Analyst
19-3092.00,1.A.2.c.1,Reaction Time,IM,1.0,8,0.0,1.0,1.0,N,,08/2023,Analyst
19-3092.00,1.A.2.c.1,Reaction Time,LV,0.0,8,0.0,0.0,0.0,N,Y,08/2023,Analyst
19-3092.00,1.A.2.c.2,Wrist-Finger Speed,IM,1.38,8,0.183,1.0164,1.7336,N,,08/2023,Analyst
19-3092.00,1.A.2.c.2,Wrist-Finger Speed,LV,0.38,8,0.183,0.0164,0.7336,N,N,08/2023,Analyst
19-3092.00,1.A.2.c.3,Speed of Limb Movement,IM,1.0,8,0.0,1.0,1.0,N,,08/2023,Analyst
19-3092.00,1.A.2.c.3,Speed of Limb Movement,LV,0.0,8,0.0,0.0,0.0,N,Y,08/2023,Analyst
19-3092.00,1.A.3.a.1,Static Strength,IM,1.0,8,0.0,1.0,1.0,N,,08/2023,Analyst
19-3092.00,1.A.3.a.1,Static Strength,LV,0.0,8,0.0,0.0,0.0,N,Y,08/2023,Analyst
19-3092.00,1.A.3.a.2,Explosive Strength,IM,1.0,8,0.0,1.0,1.0,N,,08/2023,Analyst
19-3092.00,1.A.3.a.2,Explosive Strength,LV,0.0,8,0.0,0.0,0.0,N,Y,08/2023,Analyst
19-3092.00,1.A.3.a.3,Dynamic Strength,IM,1.5,8,0.189,1.1296,1.8704,N,,08/2023,Analyst
19-3092.00,1.A.3.a.3,Dynamic Strength,LV,0.5,8,0.189,0.1296,0.8704,N,N,08/2023,Analyst
19-3092.00,1.A.3.a.4,Trunk Strength,IM,1.88,8,0.2266,1.4309,2.3191,N,,08/2023,Analyst
19-3092.00,1.A.3.a.4,Trunk Strength,LV,1.25,8,0.3134,0.6358,1.8642,N,N,08/2023,Analyst
19-3092.00,1.A.3.b.1,Stamina,IM,1.0,8,0.0,1.0,1.0,N,,08/2023,Analyst
19-3092.00,1.A.3.b.1,Stamina,LV,0.0,8,0.0,0.0,0.0,N,Y,08/2023,Analyst
19-3092.00,1.A.3.c.1,Extent Flexibility,IM,1.12,8,0.125,1.0,1.37,N,,08/2023,Analyst
19-3092.00,1.A.3.c.1,Extent Flexibility,LV,0.12,8,0.125,0.0,0.37,N,Y,08/2023,Analyst
19-3092.00,1.A.3.c.2,Dynamic Flexibility,IM,1.0,8,0.0,1.0,1.0,N,,08/2023,Analyst
19-3092.00,1.A.3.c.2,Dynamic Flexibility,LV,0.0,8,0.0,0.0,0.0,N,Y,08/2023,Analyst
19-3092.00,1.A.3.c.3,Gross Body Coordination,IM,1.0,8,0.0,1.0,1.0,N,,08/2023,Analyst
19-3092.00,1.A.3.c.3,Gross Body Coordination,LV,0.0,8,0.0,0.0,0.0,N,Y,08/2023,Analyst
19-3092.00,1.A.3.c.4,Gross Body Equilibrium,IM,1.0,8,0.0,1.0,1.0,N,,08/2023,Analyst
19-3092.00,1.A.3.c.4,Gross Body Equilibrium,LV,0.0,8,0.0,0.0,0.0,N,Y,08/2023,Analyst
19-3092.00,1.A.4.a.1,Near Vision,IM,3.88,8,0.125,3.63,4.12,N,,08/2023,Analyst
19-3092.00,1.A.4.a.1,Near Vision,LV,4.0,8,0.0,4.0,4.0,N,N,08/2023,Analyst
19-3092.00,1.A.4.a.2,Far Vision,IM,3.0,8,0.0,3.0,3.0,N,,08/2023,Analyst
19-3092.00,1.A.4.a.2,Far Vision,LV,3.25,8,0.1637,2.9292,3.5708,N,N,08/2023,Analyst
19-3092.00,1.A.4.a.3,Visual Color Discrimination,IM,2.75,8,0.1637,2.4292,3.0708,N,,08/2023,Analyst
19-3092.00,1.A.4.a.3,Visual Color Discrimination,LV,2.75,8,0.1637,2.4292,3.0708,N,N,08/2023,Analyst
19-3092.00,1.A.4.a.4,Night Vision,IM,1.0,8,0.0,1.0,1.0,N,,08/2023,Analyst
19-3092.00,1.A.4.a.4,Night Vision,LV,0.0,8,0.0,0.0,0.0,N,Y,08/2023,Analyst
19-3092.00,1.A.4.a.5,Peripheral Vision,IM,1.0,8,0.0,1.0,1.0,N,,08/2023,Analyst
19-3092.00,1.A.4.a.5,Peripheral Vision,LV,0.0,8,0.0,0.0,0.0,N,Y,08/2023,Analyst
19-3092.00,1.A.4.a.6,Depth Perception,IM,1.5,8,0.189,1.1296,1.8704,N,,08/2023,Analyst
19-3092.00,1.A.4.a.6,Depth Perception,LV,0.5,8,0.189,0.1296,0.8704,N,N,08/2023,Analyst
19-3092.00,1.A.4.a.7,Glare Sensitivity,IM,1.12,8,0.125,1.0,1.37,N,,08/2023,Analyst
19-3092.00,1.A.4.a.7,Glare Sensitivity,LV,0.12,8,0.125,0.0,0.37,N,Y,08/2023,Analyst
19-3092.00,1.A.4.b.1,Hearing Sensitivity,IM,1.75,8,0.1637,1.4292,2.0708,N,,08/2023,Analyst
19-3092.00,1.A.4.b.1,Hearing Sensitivity,LV,1.38,8,0.3239,0.7402,2.0098,N,N,08/2023,Analyst
19-3092.00,1.A.4.b.2,Auditory Attention,IM,1.75,8,0.1637,1.4292,2.0708,N,,08/2023,Analyst
19-3092.00,1.A.4.b.2,Auditory Attention,LV,1.5,8,0.3273,0.8584,2.1416,N,N,08/2023,Analyst
19-3092.00,1.A.4.b.3,Sound Localization,IM,1.0,8,0.0,1.0,1.0,N,,08/2023,Analyst
19-3092.00,1.A.4.b.3,Sound Localization,LV,0.0,8,0.0,0.0,0.0,N,Y,08/2023,Analyst
19-3092.00,1.A.4.b.4,Speech Recognition,IM,3.75,8,0.1637,3.4292,4.0708,N,,08/2023,Analyst
19-3092.00,1.A.4.b.4,Speech Recognition,LV,3.75,8,0.25,3.26,4.24,N,N,08/2023,Analyst
19-3092.00,1.A.4.b.5,Speech Clarity,IM,3.75,8,0.1637,3.4292,4.0708,N,,08/2023,Analyst
19-3092.00,1.A.4.b.5,Speech Clarity,LV,4.38,8,0.2631,3.8594,4.8906,N,N,08/2023,Analyst
19-3093.00,1.A.1.a.1,Oral Comprehension,IM,4.0,8,0.0,4.0,4.0,N,,07/2015,Analyst
19-3093.00,1.A.1.a.1,Oral Comprehension,LV,4.62,8,0.183,4.2664,4.9836,N,N,07/2015,Analyst
19-3093.00,1.A.1.a.2,Written Comprehension,IM,4.75,8,0.1637,4.4292,5.0,N,,07/2015,Analyst
19-3093.00,1.A.1.a.2,Written Comprehension,LV,5.0,8,0.0,5.0,5.0,N,N,07/2015,Analyst
19-3093.00,1.A.1.a.3,Oral Expression,IM,4.0,8,0.0,4.0,4.0,N,,07/2015,Analyst
19-3093.00,1.A.1.a.3,Oral Expression,LV,4.75,8,0.1637,4.4292,5.0708,N,N,07/2015,Analyst
19-3093.00,1.A.1.a.4,Written Expression,IM,4.25,8,0.1637,3.9292,4.5708,N,,07/2015,Analyst
19-3093.00,1.A.1.a.4,Written Expression,LV,4.88,8,0.125,4.63,5.12,N,N,07/2015,Analyst
19-3093.00,1.A.1.b.1,Fluency of Ideas,IM,3.12,8,0.125,2.88,3.37,N,,07/2015,Analyst
19-3093.00,1.A.1.b.1,Fluency of Ideas,LV,3.5,8,0.189,3.1296,3.8704,N,N,07/2015,Analyst
19-3093.00,1.A.1.b.2,Originality,IM,3.0,8,0.0,3.0,3.0,N,,07/2015,Analyst
19-3093.00,1.A.1.b.2,Originality,LV,3.12,8,0.125,2.88,3.37,N,N,07/2015,Analyst
19-3093.00,1.A.1.b.3,Problem Sensitivity,IM,3.38,8,0.183,3.0164,3.7336,N,,07/2015,Analyst
19-3093.00,1.A.1.b.3,Problem Sensitivity,LV,3.5,8,0.189,3.1296,3.8704,N,N,07/2015,Analyst
19-3093.00,1.A.1.b.4,Deductive Reasoning,IM,3.5,8,0.189,3.1296,3.8704,N,,07/2015,Analyst
19-3093.00,1.A.1.b.4,Deductive Reasoning,LV,3.62,8,0.183,3.2664,3.9836,N,N,07/2015,Analyst
19-3093.00,1.A.1.b.5,Inductive Reasoning,IM,3.88,8,0.125,3.63,4.12,N,,07/2015,Analyst
19-3093.00,1.A.1.b.5,Inductive Reasoning,LV,3.88,8,0.125,3.63,4.12,N,N,07/2015,Analyst
19-3093.00,1.A.1.b.6,Information Ordering,IM,3.38,8,0.183,3.0164,3.7336,N,,07/2015,Analyst
19-3093.00,1.A.1.b.6,Information Ordering,LV,3.25,8,0.1637,2.9292,3.5708,N,N,07/2015,Analyst
19-3093.00,1.A.1.b.7,Category Flexibility,IM,3.25,8,0.1637,2.9292,3.5708,N,,07/2015,Analyst
19-3093.00,1.A.1.b.7,Category Flexibility,LV,3.38,8,0.183,3.0164,3.7336,N,N,07/2015,Analyst
19-3093.00,1.A.1.c.1,Mathematical Reasoning,IM,2.0,8,0.0,2.0,2.0,N,,07/2015,Analyst
19-3093.00,1.A.1.c.1,Mathematical Reasoning,LV,1.5,8,0.189,1.1296,1.8704,N,N,07/2015,Analyst
19-3093.00,1.A.1.c.2,Number Facility,IM,1.62,8,0.183,1.2664,1.9836,N,,07/2015,Analyst
19-3093.00,1.A.1.c.2,Number Facility,LV,1.25,8,0.366,0.5327,1.9673,N,N,07/2015,Analyst
19-3093.00,1.A.1.d.1,Memorization,IM,2.25,8,0.1637,1.9292,2.5708,N,,07/2015,Analyst
19-3093.00,1.A.1.d.1,Memorization,LV,2.12,8,0.125,1.88,2.37,N,N,07/2015,Analyst
19-3093.00,1.A.1.e.1,Speed of Closure,IM,2.0,8,0.0,2.0,2.0,N,,07/2015,Analyst
19-3093.00,1.A.1.e.1,Speed of Closure,LV,1.88,8,0.125,1.63,2.12,N,N,07/2015,Analyst
19-3093.00,1.A.1.e.2,Flexibility of Closure,IM,2.38,8,0.183,2.0164,2.7336,N,,07/2015,Analyst
19-3093.00,1.A.1.e.2,Flexibility of Closure,LV,2.75,8,0.1637,2.4292,3.0708,N,N,07/2015,Analyst
19-3093.00,1.A.1.e.3,Perceptual Speed,IM,2.12,8,0.125,1.88,2.37,N,,07/2015,Analyst
19-3093.00,1.A.1.e.3,Perceptual Speed,LV,2.0,8,0.0,2.0,2.0,N,N,07/2015,Analyst
19-3093.00,1.A.1.f.1,Spatial Orientation,IM,1.0,8,0.0,1.0,1.0,N,,07/2015,Analyst
19-3093.00,1.A.1.f.1,Spatial Orientation,LV,0.0,8,0.0,0.0,0.0,N,Y,07/2015,Analyst
19-3093.00,1.A.1.f.2,Visualization,IM,2.0,8,0.0,2.0,2.0,N,,07/2015,Analyst
19-3093.00,1.A.1.f.2,Visualization,LV,1.88,8,0.125,1.63,2.12,N,N,07/2015,Analyst
19-3093.00,1.A.1.g.1,Selective Attention,IM,3.0,8,0.189,2.6296,3.3704,N,,07/2015,Analyst
19-3093.00,1.A.1.g.1,Selective Attention,LV,2.75,8,0.1637,2.4292,3.0708,N,N,07/2015,Analyst
19-3093.00,1.A.1.g.2,Time Sharing,IM,2.12,8,0.125,1.88,2.37,N,,07/2015,Analyst
19-3093.00,1.A.1.g.2,Time Sharing,LV,2.0,8,0.0,2.0,2.0,N,N,07/2015,Analyst
19-3093.00,1.A.2.a.1,Arm-Hand Steadiness,IM,1.5,8,0.189,1.1296,1.8704,N,,07/2015,Analyst
19-3093.00,1.A.2.a.1,Arm-Hand Steadiness,LV,0.5,8,0.189,0.1296,0.8704,N,N,07/2015,Analyst
19-3093.00,1.A.2.a.2,Manual Dexterity,IM,1.88,8,0.125,1.63,2.12,N,,07/2015,Analyst
19-3093.00,1.A.2.a.2,Manual Dexterity,LV,1.0,8,0.189,0.6296,1.3704,N,N,07/2015,Analyst
19-3093.00,1.A.2.a.3,Finger Dexterity,IM,1.5,8,0.189,1.1296,1.8704,N,,07/2015,Analyst
19-3093.00,1.A.2.a.3,Finger Dexterity,LV,0.5,8,0.189,0.1296,0.8704,N,N,07/2015,Analyst
19-3093.00,1.A.2.b.1,Control Precision,IM,1.75,8,0.1637,1.4292,2.0708,N,,07/2015,Analyst
19-3093.00,1.A.2.b.1,Control Precision,LV,0.88,8,0.2266,0.4309,1.3191,N,N,07/2015,Analyst
19-3093.00,1.A.2.b.2,Multilimb Coordination,IM,1.38,8,0.183,1.0164,1.7336,N,,07/2015,Analyst
19-3093.00,1.A.2.b.2,Multilimb Coordination,LV,0.38,8,0.183,0.0164,0.7336,N,N,07/2015,Analyst
19-3093.00,1.A.2.b.3,Response Orientation,IM,1.0,8,0.0,1.0,1.0,N,,07/2015,Analyst
19-3093.00,1.A.2.b.3,Response Orientation,LV,0.0,8,0.0,0.0,0.0,N,Y,07/2015,Analyst
19-3093.00,1.A.2.b.4,Rate Control,IM,1.0,8,0.0,1.0,1.0,N,,07/2015,Analyst
19-3093.00,1.A.2.b.4,Rate Control,LV,0.0,8,0.0,0.0,0.0,N,Y,07/2015,Analyst
19-3093.00,1.A.2.c.1,Reaction Time,IM,1.0,8,0.0,1.0,1.0,N,,07/2015,Analyst
19-3093.00,1.A.2.c.1,Reaction Time,LV,0.0,8,0.0,0.0,0.0,N,Y,07/2015,Analyst
19-3093.00,1.A.2.c.2,Wrist-Finger Speed,IM,1.5,8,0.189,1.1296,1.8704,N,,07/2015,Analyst
19-3093.00,1.A.2.c.2,Wrist-Finger Speed,LV,0.5,8,0.189,0.1296,0.8704,N,N,07/2015,Analyst
19-3093.00,1.A.2.c.3,Speed of Limb Movement,IM,1.12,8,0.125,1.0,1.37,N,,07/2015,Analyst
19-3093.00,1.A.2.c.3,Speed of Limb Movement,LV,0.12,8,0.125,0.0,0.37,N,Y,07/2015,Analyst
19-3093.00,1.A.3.a.1,Static Strength,IM,1.0,8,0.0,1.0,1.0,N,,07/2015,Analyst
19-3093.00,1.A.3.a.1,Static Strength,LV,0.0,8,0.0,0.0,0.0,N,Y,07/2015,Analyst
19-3093.00,1.A.3.a.2,Explosive Strength,IM,1.0,8,0.0,1.0,1.0,N,,07/2015,Analyst
19-3093.00,1.A.3.a.2,Explosive Strength,LV,0.0,8,0.0,0.0,0.0,N,Y,07/2015,Analyst
19-3093.00,1.A.3.a.3,Dynamic Strength,IM,1.5,8,0.189,1.1296,1.8704,N,,07/2015,Analyst
19-3093.00,1.A.3.a.3,Dynamic Strength,LV,0.62,8,0.2631,0.1094,1.1406,N,N,07/2015,Analyst
19-3093.00,1.A.3.a.4,Trunk Strength,IM,2.0,8,0.0,2.0,2.0,N,,07/2015,Analyst
19-3093.00,1.A.3.a.4,Trunk Strength,LV,1.88,8,0.125,1.63,2.12,N,N,07/2015,Analyst
19-3093.00,1.A.3.b.1,Stamina,IM,1.5,8,0.189,1.1296,1.8704,N,,07/2015,Analyst
19-3093.00,1.A.3.b.1,Stamina,LV,0.62,8,0.2631,0.1094,1.1406,N,N,07/2015,Analyst
19-3093.00,1.A.3.c.1,Extent Flexibility,IM,1.38,8,0.183,1.0164,1.7336,N,,07/2015,Analyst
19-3093.00,1.A.3.c.1,Extent Flexibility,LV,0.5,8,0.2673,0.0,1.0238,N,N,07/2015,Analyst
19-3093.00,1.A.3.c.2,Dynamic Flexibility,IM,1.0,8,0.0,1.0,1.0,N,,07/2015,Analyst
19-3093.00,1.A.3.c.2,Dynamic Flexibility,LV,0.0,8,0.0,0.0,0.0,N,Y,07/2015,Analyst
19-3093.00,1.A.3.c.3,Gross Body Coordination,IM,1.38,8,0.183,1.0164,1.7336,N,,07/2015,Analyst
19-3093.00,1.A.3.c.3,Gross Body Coordination,LV,0.5,8,0.2673,0.0,1.0238,N,N,07/2015,Analyst
19-3093.00,1.A.3.c.4,Gross Body Equilibrium,IM,1.0,8,0.0,1.0,1.0,N,,07/2015,Analyst
19-3093.00,1.A.3.c.4,Gross Body Equilibrium,LV,0.0,8,0.0,0.0,0.0,N,Y,07/2015,Analyst
19-3093.00,1.A.4.a.1,Near Vision,IM,3.75,8,0.1637,3.4292,4.0708,N,,07/2015,Analyst
19-3093.00,1.A.4.a.1,Near Vision,LV,3.88,8,0.2266,3.4309,4.3191,N,N,07/2015,Analyst
19-3093.00,1.A.4.a.2,Far Vision,IM,2.38,8,0.183,2.0164,2.7336,N,,07/2015,Analyst
19-3093.00,1.A.4.a.2,Far Vision,LV,2.38,8,0.183,2.0164,2.7336,N,N,07/2015,Analyst
19-3093.00,1.A.4.a.3,Visual Color Discrimination,IM,2.0,8,0.0,2.0,2.0,N,,07/2015,Analyst
19-3093.00,1.A.4.a.3,Visual Color Discrimination,LV,1.25,8,0.1637,0.9292,1.5708,N,N,07/2015,Analyst
19-3093.00,1.A.4.a.4,Night Vision,IM,1.0,8,0.0,1.0,1.0,N,,07/2015,Analyst
19-3093.00,1.A.4.a.4,Night Vision,LV,0.0,8,0.0,0.0,0.0,N,Y,07/2015,Analyst
19-3093.00,1.A.4.a.5,Peripheral Vision,IM,1.0,8,0.0,1.0,1.0,N,,07/2015,Analyst
19-3093.00,1.A.4.a.5,Peripheral Vision,LV,0.0,8,0.0,0.0,0.0,N,Y,07/2015,Analyst
19-3093.00,1.A.4.a.6,Depth Perception,IM,1.62,8,0.183,1.2664,1.9836,N,,07/2015,Analyst
19-3093.00,1.A.4.a.6,Depth Perception,LV,0.62,8,0.183,0.2664,0.9836,N,N,07/2015,Analyst
19-3093.00,1.A.4.a.7,Glare Sensitivity,IM,1.25,8,0.1637,1.0,1.5708,N,,07/2015,Analyst
19-3093.00,1.A.4.a.7,Glare Sensitivity,LV,0.25,8,0.1637,0.0,0.5708,N,Y,07/2015,Analyst
19-3093.00,1.A.4.b.1,Hearing Sensitivity,IM,1.38,8,0.183,1.0164,1.7336,N,,07/2015,Analyst
19-3093.00,1.A.4.b.1,Hearing Sensitivity,LV,0.38,8,0.183,0.0164,0.7336,N,N,07/2015,Analyst
19-3093.00,1.A.4.b.2,Auditory Attention,IM,2.12,8,0.125,1.88,2.37,N,,07/2015,Analyst
19-3093.00,1.A.4.b.2,Auditory Attention,LV,1.88,8,0.125,1.63,2.12,N,N,07/2015,Analyst
19-3093.00,1.A.4.b.3,Sound Localization,IM,1.0,8,0.0,1.0,1.0,N,,07/2015,Analyst
19-3093.00,1.A.4.b.3,Sound Localization,LV,0.0,8,0.0,0.0,0.0,N,Y,07/2015,Analyst
19-3093.00,1.A.4.b.4,Speech Recognition,IM,3.62,8,0.183,3.2664,3.9836,N,,07/2015,Analyst
19-3093.00,1.A.4.b.4,Speech Recognition,LV,3.5,8,0.189,3.1296,3.8704,N,N,07/2015,Analyst
19-3093.00,1.A.4.b.5,Speech Clarity,IM,3.75,8,0.1637,3.4292,4.0708,N,,07/2015,Analyst
19-3093.00,1.A.4.b.5,Speech Clarity,LV,3.88,8,0.125,3.63,4.12,N,N,07/2015,Analyst
19-3094.00,1.A.1.a.1,Oral Comprehension,IM,4.12,8,0.125,3.88,4.37,N,,08/2022,Analyst
19-3094.00,1.A.1.a.1,Oral Comprehension,LV,4.88,8,0.125,4.63,5.12,N,N,08/2022,Analyst
19-3094.00,1.A.1.a.2,Written Comprehension,IM,4.62,8,0.183,4.2664,4.9836,N,,08/2022,Analyst
19-3094.00,1.A.1.a.2,Written Comprehension,LV,4.88,8,0.125,4.63,5.12,N,N,08/2022,Analyst
19-3094.00,1.A.1.a.3,Oral Expression,IM,4.12,8,0.125,3.88,4.37,N,,08/2022,Analyst
19-3094.00,1.A.1.a.3,Oral Expression,LV,4.88,8,0.125,4.63,5.12,N,N,08/2022,Analyst
19-3094.00,1.A.1.a.4,Written Expression,IM,4.0,8,0.0,4.0,4.0,N,,08/2022,Analyst
19-3094.00,1.A.1.a.4,Written Expression,LV,4.88,8,0.125,4.63,5.12,N,N,08/2022,Analyst
19-3094.00,1.A.1.b.1,Fluency of Ideas,IM,3.12,8,0.125,2.88,3.37,N,,08/2022,Analyst
19-3094.00,1.A.1.b.1,Fluency of Ideas,LV,3.75,8,0.1637,3.4292,4.0708,N,N,08/2022,Analyst
19-3094.00,1.A.1.b.2,Originality,IM,3.12,8,0.125,2.88,3.37,N,,08/2022,Analyst
19-3094.00,1.A.1.b.2,Originality,LV,3.5,8,0.189,3.1296,3.8704,N,N,08/2022,Analyst
19-3094.00,1.A.1.b.3,Problem Sensitivity,IM,3.62,8,0.183,3.2664,3.9836,N,,08/2022,Analyst
19-3094.00,1.A.1.b.3,Problem Sensitivity,LV,3.75,8,0.1637,3.4292,4.0708,N,N,08/2022,Analyst
19-3094.00,1.A.1.b.4,Deductive Reasoning,IM,3.75,8,0.1637,3.4292,4.0708,N,,08/2022,Analyst
19-3094.00,1.A.1.b.4,Deductive Reasoning,LV,4.0,8,0.0,4.0,4.0,N,N,08/2022,Analyst
19-3094.00,1.A.1.b.5,Inductive Reasoning,IM,4.0,8,0.189,3.6296,4.3704,N,,08/2022,Analyst
19-3094.00,1.A.1.b.5,Inductive Reasoning,LV,4.12,8,0.125,3.88,4.37,N,N,08/2022,Analyst
19-3094.00,1.A.1.b.6,Information Ordering,IM,3.25,8,0.1637,2.9292,3.5708,N,,08/2022,Analyst
19-3094.00,1.A.1.b.6,Information Ordering,LV,3.38,8,0.183,3.0164,3.7336,N,N,08/2022,Analyst
19-3094.00,1.A.1.b.7,Category Flexibility,IM,3.12,8,0.125,2.88,3.37,N,,08/2022,Analyst
19-3094.00,1.A.1.b.7,Category Flexibility,LV,3.38,8,0.183,3.0164,3.7336,N,N,08/2022,Analyst
19-3094.00,1.A.1.c.1,Mathematical Reasoning,IM,3.0,8,0.189,2.6296,3.3704,N,,08/2022,Analyst
19-3094.00,1.A.1.c.1,Mathematical Reasoning,LV,3.12,8,0.125,2.88,3.37,N,N,08/2022,Analyst
19-3094.00,1.A.1.c.2,Number Facility,IM,2.12,8,0.125,1.88,2.37,N,,08/2022,Analyst
19-3094.00,1.A.1.c.2,Number Facility,LV,2.25,8,0.1637,1.9292,2.5708,N,N,08/2022,Analyst
19-3094.00,1.A.1.d.1,Memorization,IM,2.88,8,0.125,2.63,3.12,N,,08/2022,Analyst
19-3094.00,1.A.1.d.1,Memorization,LV,2.88,8,0.125,2.63,3.12,N,N,08/2022,Analyst
19-3094.00,1.A.1.e.1,Speed of Closure,IM,2.25,8,0.1637,1.9292,2.5708,N,,08/2022,Analyst
19-3094.00,1.A.1.e.1,Speed of Closure,LV,2.38,8,0.183,2.0164,2.7336,N,N,08/2022,Analyst
19-3094.00,1.A.1.e.2,Flexibility of Closure,IM,2.88,8,0.2266,2.4309,3.3191,N,,08/2022,Analyst
19-3094.00,1.A.1.e.2,Flexibility of Closure,LV,2.88,8,0.125,2.63,3.12,N,N,08/2022,Analyst
19-3094.00,1.A.1.e.3,Perceptual Speed,IM,2.12,8,0.125,1.88,2.37,N,,08/2022,Analyst
19-3094.00,1.A.1.e.3,Perceptual Speed,LV,2.12,8,0.125,1.88,2.37,N,N,08/2022,Analyst
19-3094.00,1.A.1.f.1,Spatial Orientation,IM,1.0,8,0.0,1.0,1.0,N,,08/2022,Analyst
19-3094.00,1.A.1.f.1,Spatial Orientation,LV,0.0,8,0.0,0.0,0.0,N,Y,08/2022,Analyst
19-3094.00,1.A.1.f.2,Visualization,IM,2.12,8,0.125,1.88,2.37,N,,08/2022,Analyst
19-3094.00,1.A.1.f.2,Visualization,LV,2.0,8,0.189,1.6296,2.3704,N,N,08/2022,Analyst
19-3094.00,1.A.1.g.1,Selective Attention,IM,2.88,8,0.125,2.63,3.12,N,,08/2022,Analyst
19-3094.00,1.A.1.g.1,Selective Attention,LV,2.88,8,0.125,2.63,3.12,N,N,08/2022,Analyst
19-3094.00,1.A.1.g.2,Time Sharing,IM,2.38,8,0.183,2.0164,2.7336,N,,08/2022,Analyst
19-3094.00,1.A.1.g.2,Time Sharing,LV,2.25,8,0.1637,1.9292,2.5708,N,N,08/2022,Analyst
19-3094.00,1.A.2.a.1,Arm-Hand Steadiness,IM,1.0,8,0.0,1.0,1.0,N,,08/2022,Analyst
19-3094.00,1.A.2.a.1,Arm-Hand Steadiness,LV,0.0,8,0.0,0.0,0.0,N,Y,08/2022,Analyst
19-3094.00,1.A.2.a.2,Manual Dexterity,IM,1.0,8,0.0,1.0,1.0,N,,08/2022,Analyst
19-3094.00,1.A.2.a.2,Manual Dexterity,LV,0.0,8,0.0,0.0,0.0,N,Y,08/2022,Analyst
19-3094.00,1.A.2.a.3,Finger Dexterity,IM,1.5,8,0.189,1.1296,1.8704,N,,08/2022,Analyst
19-3094.00,1.A.2.a.3,Finger Dexterity,LV,0.5,8,0.189,0.1296,0.8704,N,N,08/2022,Analyst
19-3094.00,1.A.2.b.1,Control Precision,IM,1.0,8,0.0,1.0,1.0,N,,08/2022,Analyst
19-3094.00,1.A.2.b.1,Control Precision,LV,0.0,8,0.0,0.0,0.0,N,Y,08/2022,Analyst
19-3094.00,1.A.2.b.2,Multilimb Coordination,IM,1.0,8,0.0,1.0,1.0,N,,08/2022,Analyst
19-3094.00,1.A.2.b.2,Multilimb Coordination,LV,0.0,8,0.0,0.0,0.0,N,Y,08/2022,Analyst
19-3094.00,1.A.2.b.3,Response Orientation,IM,1.0,8,0.0,1.0,1.0,N,,08/2022,Analyst
19-3094.00,1.A.2.b.3,Response Orientation,LV,0.0,8,0.0,0.0,0.0,N,Y,08/2022,Analyst
19-3094.00,1.A.2.b.4,Rate Control,IM,1.0,8,0.0,1.0,1.0,N,,08/2022,Analyst
19-3094.00,1.A.2.b.4,Rate Control,LV,0.0,8,0.0,0.0,0.0,N,Y,08/2022,Analyst
19-3094.00,1.A.2.c.1,Reaction Time,IM,1.0,8,0.0,1.0,1.0,N,,08/2022,Analyst
19-3094.00,1.A.2.c.1,Reaction Time,LV,0.0,8,0.0,0.0,0.0,N,Y,08/2022,Analyst
19-3094.00,1.A.2.c.2,Wrist-Finger Speed,IM,1.25,8,0.1637,1.0,1.5708,N,,08/2022,Analyst
19-3094.00,1.A.2.c.2,Wrist-Finger Speed,LV,0.38,8,0.2631,0.0,0.8906,N,Y,08/2022,Analyst
19-3094.00,1.A.2.c.3,Speed of Limb Movement,IM,1.0,8,0.0,1.0,1.0,N,,08/2022,Analyst
19-3094.00,1.A.2.c.3,Speed of Limb Movement,LV,0.0,8,0.0,0.0,0.0,N,Y,08/2022,Analyst
19-3094.00,1.A.3.a.1,Static Strength,IM,1.0,8,0.0,1.0,1.0,N,,08/2022,Analyst
19-3094.00,1.A.3.a.1,Static Strength,LV,0.0,8,0.0,0.0,0.0,N,Y,08/2022,Analyst
19-3094.00,1.A.3.a.2,Explosive Strength,IM,1.0,8,0.0,1.0,1.0,N,,08/2022,Analyst
19-3094.00,1.A.3.a.2,Explosive Strength,LV,0.0,8,0.0,0.0,0.0,N,Y,08/2022,Analyst
19-3094.00,1.A.3.a.3,Dynamic Strength,IM,1.0,8,0.0,1.0,1.0,N,,08/2022,Analyst
19-3094.00,1.A.3.a.3,Dynamic Strength,LV,0.0,8,0.0,0.0,0.0,N,Y,08/2022,Analyst
19-3094.00,1.A.3.a.4,Trunk Strength,IM,1.75,8,0.1637,1.4292,2.0708,N,,08/2022,Analyst
19-3094.00,1.A.3.a.4,Trunk Strength,LV,1.25,8,0.3134,0.6358,1.8642,N,N,08/2022,Analyst
19-3094.00,1.A.3.b.1,Stamina,IM,1.0,8,0.0,1.0,1.0,N,,08/2022,Analyst
19-3094.00,1.A.3.b.1,Stamina,LV,0.0,8,0.0,0.0,0.0,N,Y,08/2022,Analyst
19-3094.00,1.A.3.c.1,Extent Flexibility,IM,1.0,8,0.0,1.0,1.0,N,,08/2022,Analyst
19-3094.00,1.A.3.c.1,Extent Flexibility,LV,0.0,8,0.0,0.0,0.0,N,Y,08/2022,Analyst
19-3094.00,1.A.3.c.2,Dynamic Flexibility,IM,1.0,8,0.0,1.0,1.0,N,,08/2022,Analyst
19-3094.00,1.A.3.c.2,Dynamic Flexibility,LV,0.0,8,0.0,0.0,0.0,N,Y,08/2022,Analyst
19-3094.00,1.A.3.c.3,Gross Body Coordination,IM,1.0,8,0.0,1.0,1.0,N,,08/2022,Analyst
19-3094.00,1.A.3.c.3,Gross Body Coordination,LV,0.0,8,0.0,0.0,0.0,N,Y,08/2022,Analyst
19-3094.00,1.A.3.c.4,Gross Body Equilibrium,IM,1.0,8,0.0,1.0,1.0,N,,08/2022,Analyst
19-3094.00,1.A.3.c.4,Gross Body Equilibrium,LV,0.0,8,0.0,0.0,0.0,N,Y,08/2022,Analyst
19-3094.00,1.A.4.a.1,Near Vision,IM,3.62,8,0.183,3.2664,3.9836,N,,08/2022,Analyst
19-3094.00,1.A.4.a.1,Near Vision,LV,3.62,8,0.183,3.2664,3.9836,N,N,08/2022,Analyst
19-3094.00,1.A.4.a.2,Far Vision,IM,2.5,8,0.189,2.1296,2.8704,N,,08/2022,Analyst
19-3094.00,1.A.4.a.2,Far Vision,LV,2.62,8,0.183,2.2664,2.9836,N,N,08/2022,Analyst
19-3094.00,1.A.4.a.3,Visual Color Discrimination,IM,1.62,8,0.183,1.2664,1.9836,N,,08/2022,Analyst
19-3094.00,1.A.4.a.3,Visual Color Discrimination,LV,0.88,8,0.295,0.2967,1.4533,N,N,08/2022,Analyst
19-3094.00,1.A.4.a.4,Night Vision,IM,1.0,8,0.0,1.0,1.0,N,,08/2022,Analyst
19-3094.00,1.A.4.a.4,Night Vision,LV,0.0,8,0.0,0.0,0.0,N,Y,08/2022,Analyst
19-3094.00,1.A.4.a.5,Peripheral Vision,IM,1.0,8,0.0,1.0,1.0,N,,08/2022,Analyst
19-3094.00,1.A.4.a.5,Peripheral Vision,LV,0.0,8,0.0,0.0,0.0,N,Y,08/2022,Analyst
19-3094.00,1.A.4.a.6,Depth Perception,IM,1.38,8,0.183,1.0164,1.7336,N,,08/2022,Analyst
19-3094.00,1.A.4.a.6,Depth Perception,LV,0.38,8,0.183,0.0164,0.7336,N,N,08/2022,Analyst
19-3094.00,1.A.4.a.7,Glare Sensitivity,IM,1.0,8,0.0,1.0,1.0,N,,08/2022,Analyst
19-3094.00,1.A.4.a.7,Glare Sensitivity,LV,0.0,8,0.0,0.0,0.0,N,Y,08/2022,Analyst
19-3094.00,1.A.4.b.1,Hearing Sensitivity,IM,1.62,8,0.183,1.2664,1.9836,N,,08/2022,Analyst
19-3094.00,1.A.4.b.1,Hearing Sensitivity,LV,0.62,8,0.183,0.2664,0.9836,N,N,08/2022,Analyst
19-3094.00,1.A.4.b.2,Auditory Attention,IM,1.88,8,0.125,1.63,2.12,N,,08/2022,Analyst
19-3094.00,1.A.4.b.2,Auditory Attention,LV,1.5,8,0.2673,0.9762,2.0238,N,N,08/2022,Analyst
19-3094.00,1.A.4.b.3,Sound Localization,IM,1.0,8,0.0,1.0,1.0,N,,08/2022,Analyst
19-3094.00,1.A.4.b.3,Sound Localization,LV,0.0,8,0.0,0.0,0.0,N,Y,08/2022,Analyst
19-3094.00,1.A.4.b.4,Speech Recognition,IM,3.88,8,0.125,3.63,4.12,N,,08/2022,Analyst
19-3094.00,1.A.4.b.4,Speech Recognition,LV,3.88,8,0.125,3.63,4.12,N,N,08/2022,Analyst
19-3094.00,1.A.4.b.5,Speech Clarity,IM,4.0,8,0.0,4.0,4.0,N,,08/2022,Analyst
19-3094.00,1.A.4.b.5,Speech Clarity,LV,4.88,8,0.125,4.63,5.12,N,N,08/2022,Analyst
19-3099.01,1.A.1.a.1,Oral Comprehension,IM,4.0,8,0.0,4.0,4.0,N,,08/2023,Analyst
19-3099.01,1.A.1.a.1,Oral Comprehension,LV,4.12,8,0.125,3.88,4.37,N,N,08/2023,Analyst
19-3099.01,1.A.1.a.2,Written Comprehension,IM,4.0,8,0.0,4.0,4.0,N,,08/2023,Analyst
19-3099.01,1.A.1.a.2,Written Comprehension,LV,4.12,8,0.125,3.88,4.37,N,N,08/2023,Analyst
19-3099.01,1.A.1.a.3,Oral Expression,IM,4.0,8,0.0,4.0,4.0,N,,08/2023,Analyst
19-3099.01,1.A.1.a.3,Oral Expression,LV,4.12,8,0.125,3.88,4.37,N,N,08/2023,Analyst
19-3099.01,1.A.1.a.4,Written Expression,IM,4.0,8,0.0,4.0,4.0,N,,08/2023,Analyst
19-3099.01,1.A.1.a.4,Written Expression,LV,4.12,8,0.125,3.88,4.37,N,N,08/2023,Analyst
19-3099.01,1.A.1.b.1,Fluency of Ideas,IM,4.0,8,0.0,4.0,4.0,N,,08/2023,Analyst
19-3099.01,1.A.1.b.1,Fluency of Ideas,LV,4.0,8,0.189,3.6296,4.3704,N,N,08/2023,Analyst
19-3099.01,1.A.1.b.2,Originality,IM,3.62,8,0.183,3.2664,3.9836,N,,08/2023,Analyst
19-3099.01,1.A.1.b.2,Originality,LV,4.0,8,0.189,3.6296,4.3704,N,N,08/2023,Analyst
19-3099.01,1.A.1.b.3,Problem Sensitivity,IM,3.88,8,0.125,3.63,4.12,N,,08/2023,Analyst
19-3099.01,1.A.1.b.3,Problem Sensitivity,LV,4.12,8,0.125,3.88,4.37,N,N,08/2023,Analyst
19-3099.01,1.A.1.b.4,Deductive Reasoning,IM,4.0,8,0.0,4.0,4.0,N,,08/2023,Analyst
19-3099.01,1.A.1.b.4,Deductive Reasoning,LV,4.38,8,0.2631,3.8594,4.8906,N,N,08/2023,Analyst
19-3099.01,1.A.1.b.5,Inductive Reasoning,IM,4.0,8,0.0,4.0,4.0,N,,08/2023,Analyst
19-3099.01,1.A.1.b.5,Inductive Reasoning,LV,4.12,8,0.125,3.88,4.37,N,N,08/2023,Analyst
19-3099.01,1.A.1.b.6,Information Ordering,IM,3.62,8,0.183,3.2664,3.9836,N,,08/2023,Analyst
19-3099.01,1.A.1.b.6,Information Ordering,LV,4.12,8,0.125,3.88,4.37,N,N,08/2023,Analyst
19-3099.01,1.A.1.b.7,Category Flexibility,IM,3.25,8,0.1637,2.9292,3.5708,N,,08/2023,Analyst
19-3099.01,1.A.1.b.7,Category Flexibility,LV,3.88,8,0.2266,3.4309,4.3191,N,N,08/2023,Analyst
19-3099.01,1.A.1.c.1,Mathematical Reasoning,IM,3.12,8,0.125,2.88,3.37,N,,08/2023,Analyst
19-3099.01,1.A.1.c.1,Mathematical Reasoning,LV,3.62,8,0.183,3.2664,3.9836,N,N,08/2023,Analyst
19-3099.01,1.A.1.c.2,Number Facility,IM,3.0,8,0.189,2.6296,3.3704,N,,08/2023,Analyst
19-3099.01,1.A.1.c.2,Number Facility,LV,3.25,8,0.1637,2.9292,3.5708,N,N,08/2023,Analyst
19-3099.01,1.A.1.d.1,Memorization,IM,2.88,8,0.125,2.63,3.12,N,,08/2023,Analyst
19-3099.01,1.A.1.d.1,Memorization,LV,2.88,8,0.125,2.63,3.12,N,N,08/2023,Analyst
19-3099.01,1.A.1.e.1,Speed of Closure,IM,3.0,8,0.189,2.6296,3.3704,N,,08/2023,Analyst
19-3099.01,1.A.1.e.1,Speed of Closure,LV,2.88,8,0.2266,2.4309,3.3191,N,N,08/2023,Analyst
19-3099.01,1.A.1.e.2,Flexibility of Closure,IM,3.12,8,0.125,2.88,3.37,N,,08/2023,Analyst
19-3099.01,1.A.1.e.2,Flexibility of Closure,LV,3.38,8,0.2631,2.8594,3.8906,N,N,08/2023,Analyst
19-3099.01,1.A.1.e.3,Perceptual Speed,IM,2.88,8,0.125,2.63,3.12,N,,08/2023,Analyst
19-3099.01,1.A.1.e.3,Perceptual Speed,LV,3.0,8,0.0,3.0,3.0,N,N,08/2023,Analyst
19-3099.01,1.A.1.f.1,Spatial Orientation,IM,1.5,8,0.189,1.1296,1.8704,N,,08/2023,Analyst
19-3099.01,1.A.1.f.1,Spatial Orientation,LV,0.75,8,0.3134,0.1358,1.3642,N,N,08/2023,Analyst
19-3099.01,1.A.1.f.2,Visualization,IM,3.88,8,0.125,3.63,4.12,N,,08/2023,Analyst
19-3099.01,1.A.1.f.2,Visualization,LV,4.0,8,0.189,3.6296,4.3704,N,N,08/2023,Analyst
19-3099.01,1.A.1.g.1,Selective Attention,IM,3.0,8,0.189,2.6296,3.3704,N,,08/2023,Analyst
19-3099.01,1.A.1.g.1,Selective Attention,LV,3.12,8,0.2266,2.6809,3.5691,N,N,08/2023,Analyst
19-3099.01,1.A.1.g.2,Time Sharing,IM,2.62,8,0.183,2.2664,2.9836,N,,08/2023,Analyst
19-3099.01,1.A.1.g.2,Time Sharing,LV,2.75,8,0.1637,2.4292,3.0708,N,N,08/2023,Analyst
19-3099.01,1.A.2.a.1,Arm-Hand Steadiness,IM,1.12,8,0.125,1.0,1.37,N,,08/2023,Analyst
19-3099.01,1.A.2.a.1,Arm-Hand Steadiness,LV,0.12,8,0.125,0.0,0.37,N,Y,08/2023,Analyst
19-3099.01,1.A.2.a.2,Manual Dexterity,IM,1.12,8,0.125,1.0,1.37,N,,08/2023,Analyst
19-3099.01,1.A.2.a.2,Manual Dexterity,LV,0.12,8,0.125,0.0,0.37,N,Y,08/2023,Analyst
19-3099.01,1.A.2.a.3,Finger Dexterity,IM,1.62,8,0.183,1.2664,1.9836,N,,08/2023,Analyst
19-3099.01,1.A.2.a.3,Finger Dexterity,LV,0.88,8,0.295,0.2967,1.4533,N,N,08/2023,Analyst
19-3099.01,1.A.2.b.1,Control Precision,IM,1.38,8,0.183,1.0164,1.7336,N,,08/2023,Analyst
19-3099.01,1.A.2.b.1,Control Precision,LV,0.38,8,0.183,0.0164,0.7336,N,N,08/2023,Analyst
19-3099.01,1.A.2.b.2,Multilimb Coordination,IM,1.25,8,0.1637,1.0,1.5708,N,,08/2023,Analyst
19-3099.01,1.A.2.b.2,Multilimb Coordination,LV,0.38,8,0.2631,0.0,0.8906,N,Y,08/2023,Analyst
19-3099.01,1.A.2.b.3,Response Orientation,IM,1.0,8,0.0,1.0,1.0,N,,08/2023,Analyst
19-3099.01,1.A.2.b.3,Response Orientation,LV,0.0,8,0.0,0.0,0.0,N,Y,08/2023,Analyst
19-3099.01,1.A.2.b.4,Rate Control,IM,1.0,8,0.0,1.0,1.0,N,,08/2023,Analyst
19-3099.01,1.A.2.b.4,Rate Control,LV,0.0,8,0.0,0.0,0.0,N,Y,08/2023,Analyst
19-3099.01,1.A.2.c.1,Reaction Time,IM,1.0,8,0.0,1.0,1.0,N,,08/2023,Analyst
19-3099.01,1.A.2.c.1,Reaction Time,LV,0.0,8,0.0,0.0,0.0,N,Y,08/2023,Analyst
19-3099.01,1.A.2.c.2,Wrist-Finger Speed,IM,1.62,8,0.183,1.2664,1.9836,N,,08/2023,Analyst
19-3099.01,1.A.2.c.2,Wrist-Finger Speed,LV,0.62,8,0.183,0.2664,0.9836,N,N,08/2023,Analyst
19-3099.01,1.A.2.c.3,Speed of Limb Movement,IM,1.0,8,0.0,1.0,1.0,N,,08/2023,Analyst
19-3099.01,1.A.2.c.3,Speed of Limb Movement,LV,0.0,8,0.0,0.0,0.0,N,Y,08/2023,Analyst
19-3099.01,1.A.3.a.1,Static Strength,IM,1.0,8,0.0,1.0,1.0,N,,08/2023,Analyst
19-3099.01,1.A.3.a.1,Static Strength,LV,0.0,8,0.0,0.0,0.0,N,Y,08/2023,Analyst
19-3099.01,1.A.3.a.2,Explosive Strength,IM,1.0,8,0.0,1.0,1.0,N,,08/2023,Analyst
19-3099.01,1.A.3.a.2,Explosive Strength,LV,0.0,8,0.0,0.0,0.0,N,Y,08/2023,Analyst
19-3099.01,1.A.3.a.3,Dynamic Strength,IM,1.0,8,0.0,1.0,1.0,N,,08/2023,Analyst
19-3099.01,1.A.3.a.3,Dynamic Strength,LV,0.0,8,0.0,0.0,0.0,N,Y,08/2023,Analyst
19-3099.01,1.A.3.a.4,Trunk Strength,IM,1.75,8,0.1637,1.4292,2.0708,N,,08/2023,Analyst
19-3099.01,1.A.3.a.4,Trunk Strength,LV,1.25,8,0.3134,0.6358,1.8642,N,N,08/2023,Analyst
19-3099.01,1.A.3.b.1,Stamina,IM,1.0,8,0.0,1.0,1.0,N,,08/2023,Analyst
19-3099.01,1.A.3.b.1,Stamina,LV,0.0,8,0.0,0.0,0.0,N,Y,08/2023,Analyst
19-3099.01,1.A.3.c.1,Extent Flexibility,IM,1.0,8,0.0,1.0,1.0,N,,08/2023,Analyst
19-3099.01,1.A.3.c.1,Extent Flexibility,LV,0.0,8,0.0,0.0,0.0,N,Y,08/2023,Analyst
19-3099.01,1.A.3.c.2,Dynamic Flexibility,IM,1.0,8,0.0,1.0,1.0,N,,08/2023,Analyst
19-3099.01,1.A.3.c.2,Dynamic Flexibility,LV,0.0,8,0.0,0.0,0.0,N,Y,08/2023,Analyst
19-3099.01,1.A.3.c.3,Gross Body Coordination,IM,1.0,8,0.0,1.0,1.0,N,,08/2023,Analyst
19-3099.01,1.A.3.c.3,Gross Body Coordination,LV,0.0,8,0.0,0.0,0.0,N,Y,08/2023,Analyst
19-3099.01,1.A.3.c.4,Gross Body Equilibrium,IM,1.0,8,0.0,1.0,1.0,N,,08/2023,Analyst
19-3099.01,1.A.3.c.4,Gross Body Equilibrium,LV,0.0,8,0.0,0.0,0.0,N,Y,08/2023,Analyst
19-3099.01,1.A.4.a.1,Near Vision,IM,3.75,8,0.1637,3.4292,4.0708,N,,08/2023,Analyst
19-3099.01,1.A.4.a.1,Near Vision,LV,3.88,8,0.125,3.63,4.12,N,N,08/2023,Analyst
19-3099.01,1.A.4.a.2,Far Vision,IM,3.12,8,0.125,2.88,3.37,N,,08/2023,Analyst
19-3099.01,1.A.4.a.2,Far Vision,LV,3.12,8,0.125,2.88,3.37,N,N,08/2023,Analyst
19-3099.01,1.A.4.a.3,Visual Color Discrimination,IM,2.38,8,0.183,2.0164,2.7336,N,,08/2023,Analyst
19-3099.01,1.A.4.a.3,Visual Color Discrimination,LV,2.38,8,0.183,2.0164,2.7336,N,N,08/2023,Analyst
19-3099.01,1.A.4.a.4,Night Vision,IM,1.0,8,0.0,1.0,1.0,N,,08/2023,Analyst
19-3099.01,1.A.4.a.4,Night Vision,LV,0.0,8,0.0,0.0,0.0,N,Y,08/2023,Analyst
19-3099.01,1.A.4.a.5,Peripheral Vision,IM,1.0,8,0.0,1.0,1.0,N,,08/2023,Analyst
19-3099.01,1.A.4.a.5,Peripheral Vision,LV,0.0,8,0.0,0.0,0.0,N,Y,08/2023,Analyst
19-3099.01,1.A.4.a.6,Depth Perception,IM,1.75,8,0.1637,1.4292,2.0708,N,,08/2023,Analyst
19-3099.01,1.A.4.a.6,Depth Perception,LV,1.5,8,0.3273,0.8584,2.1416,N,N,08/2023,Analyst
19-3099.01,1.A.4.a.7,Glare Sensitivity,IM,1.0,8,0.0,1.0,1.0,N,,08/2023,Analyst
19-3099.01,1.A.4.a.7,Glare Sensitivity,LV,0.0,8,0.0,0.0,0.0,N,Y,08/2023,Analyst
19-3099.01,1.A.4.b.1,Hearing Sensitivity,IM,1.88,8,0.125,1.63,2.12,N,,08/2023,Analyst
19-3099.01,1.A.4.b.1,Hearing Sensitivity,LV,1.62,8,0.2631,1.1094,2.1406,N,N,08/2023,Analyst
19-3099.01,1.A.4.b.2,Auditory Attention,IM,2.0,8,0.189,1.6296,2.3704,N,,08/2023,Analyst
19-3099.01,1.A.4.b.2,Auditory Attention,LV,1.75,8,0.25,1.26,2.24,N,N,08/2023,Analyst
19-3099.01,1.A.4.b.3,Sound Localization,IM,1.0,8,0.0,1.0,1.0,N,,08/2023,Analyst
19-3099.01,1.A.4.b.3,Sound Localization,LV,0.0,8,0.0,0.0,0.0,N,Y,08/2023,Analyst
19-3099.01,1.A.4.b.4,Speech Recognition,IM,3.5,8,0.189,3.1296,3.8704,N,,08/2023,Analyst
19-3099.01,1.A.4.b.4,Speech Recognition,LV,3.88,8,0.125,3.63,4.12,N,N,08/2023,Analyst
19-3099.01,1.A.4.b.5,Speech Clarity,IM,3.75,8,0.1637,3.4292,4.0708,N,,08/2023,Analyst
19-3099.01,1.A.4.b.5,Speech Clarity,LV,3.88,8,0.125,3.63,4.12,N,N,08/2023,Analyst
19-4012.00,1.A.1.a.1,Oral Comprehension,IM,3.75,8,0.1637,3.4292,4.0708,N,,08/2024,Analyst
19-4012.00,1.A.1.a.1,Oral Comprehension,LV,4.0,8,0.0,4.0,4.0,N,N,08/2024,Analyst
19-4012.00,1.A.1.a.2,Written Comprehension,IM,3.5,8,0.189,3.1296,3.8704,N,,08/2024,Analyst
19-4012.00,1.A.1.a.2,Written Comprehension,LV,3.88,8,0.125,3.63,4.12,N,N,08/2024,Analyst
19-4012.00,1.A.1.a.3,Oral Expression,IM,3.75,8,0.1637,3.4292,4.0708,N,,08/2024,Analyst
19-4012.00,1.A.1.a.3,Oral Expression,LV,4.0,8,0.0,4.0,4.0,N,N,08/2024,Analyst
19-4012.00,1.A.1.a.4,Written Expression,IM,3.38,8,0.183,3.0164,3.7336,N,,08/2024,Analyst
19-4012.00,1.A.1.a.4,Written Expression,LV,3.75,8,0.1637,3.4292,4.0708,N,N,08/2024,Analyst
19-4012.00,1.A.1.b.1,Fluency of Ideas,IM,3.0,8,0.0,3.0,3.0,N,,08/2024,Analyst
19-4012.00,1.A.1.b.1,Fluency of Ideas,LV,3.0,8,0.0,3.0,3.0,N,N,08/2024,Analyst
19-4012.00,1.A.1.b.2,Originality,IM,3.0,8,0.0,3.0,3.0,N,,08/2024,Analyst
19-4012.00,1.A.1.b.2,Originality,LV,3.0,8,0.0,3.0,3.0,N,N,08/2024,Analyst
19-4012.00,1.A.1.b.3,Problem Sensitivity,IM,3.75,8,0.1637,3.4292,4.0708,N,,08/2024,Analyst
19-4012.00,1.A.1.b.3,Problem Sensitivity,LV,3.62,8,0.183,3.2664,3.9836,N,N,08/2024,Analyst
19-4012.00,1.A.1.b.4,Deductive Reasoning,IM,3.38,8,0.183,3.0164,3.7336,N,,08/2024,Analyst
19-4012.00,1.A.1.b.4,Deductive Reasoning,LV,3.38,8,0.183,3.0164,3.7336,N,N,08/2024,Analyst
19-4012.00,1.A.1.b.5,Inductive Reasoning,IM,3.25,8,0.1637,2.9292,3.5708,N,,08/2024,Analyst
19-4012.00,1.A.1.b.5,Inductive Reasoning,LV,3.62,8,0.183,3.2664,3.9836,N,N,08/2024,Analyst
19-4012.00,1.A.1.b.6,Information Ordering,IM,3.25,8,0.1637,2.9292,3.5708,N,,08/2024,Analyst
19-4012.00,1.A.1.b.6,Information Ordering,LV,3.38,8,0.183,3.0164,3.7336,N,N,08/2024,Analyst
19-4012.00,1.A.1.b.7,Category Flexibility,IM,3.12,8,0.125,2.88,3.37,N,,08/2024,Analyst
19-4012.00,1.A.1.b.7,Category Flexibility,LV,3.25,8,0.1637,2.9292,3.5708,N,N,08/2024,Analyst
19-4012.00,1.A.1.c.1,Mathematical Reasoning,IM,3.0,8,0.0,3.0,3.0,N,,08/2024,Analyst
19-4012.00,1.A.1.c.1,Mathematical Reasoning,LV,3.0,8,0.0,3.0,3.0,N,N,08/2024,Analyst
19-4012.00,1.A.1.c.2,Number Facility,IM,3.0,8,0.0,3.0,3.0,N,,08/2024,Analyst
19-4012.00,1.A.1.c.2,Number Facility,LV,3.0,8,0.0,3.0,3.0,N,N,08/2024,Analyst
19-4012.00,1.A.1.d.1,Memorization,IM,2.0,8,0.0,2.0,2.0,N,,08/2024,Analyst
19-4012.00,1.A.1.d.1,Memorization,LV,2.12,8,0.125,1.88,2.37,N,N,08/2024,Analyst
19-4012.00,1.A.1.e.1,Speed of Closure,IM,2.12,8,0.125,1.88,2.37,N,,08/2024,Analyst
19-4012.00,1.A.1.e.1,Speed of Closure,LV,2.0,8,0.0,2.0,2.0,N,N,08/2024,Analyst
19-4012.00,1.A.1.e.2,Flexibility of Closure,IM,3.0,8,0.0,3.0,3.0,N,,08/2024,Analyst
19-4012.00,1.A.1.e.2,Flexibility of Closure,LV,3.0,8,0.0,3.0,3.0,N,N,08/2024,Analyst
19-4012.00,1.A.1.e.3,Perceptual Speed,IM,3.0,8,0.0,3.0,3.0,N,,08/2024,Analyst
19-4012.00,1.A.1.e.3,Perceptual Speed,LV,2.88,8,0.125,2.63,3.12,N,N,08/2024,Analyst
19-4012.00,1.A.1.f.1,Spatial Orientation,IM,2.25,8,0.1637,1.9292,2.5708,N,,08/2024,Analyst
19-4012.00,1.A.1.f.1,Spatial Orientation,LV,2.12,8,0.295,1.5467,2.7033,N,N,08/2024,Analyst
19-4012.00,1.A.1.f.2,Visualization,IM,2.75,8,0.1637,2.4292,3.0708,N,,08/2024,Analyst
19-4012.00,1.A.1.f.2,Visualization,LV,2.75,8,0.1637,2.4292,3.0708,N,N,08/2024,Analyst
19-4012.00,1.A.1.g.1,Selective Attention,IM,3.0,8,0.0,3.0,3.0,N,,08/2024,Analyst
19-4012.00,1.A.1.g.1,Selective Attention,LV,2.88,8,0.125,2.63,3.12,N,N,08/2024,Analyst
19-4012.00,1.A.1.g.2,Time Sharing,IM,2.75,8,0.1637,2.4292,3.0708,N,,08/2024,Analyst
19-4012.00,1.A.1.g.2,Time Sharing,LV,2.88,8,0.125,2.63,3.12,N,N,08/2024,Analyst
19-4012.00,1.A.2.a.1,Arm-Hand Steadiness,IM,3.12,8,0.125,2.88,3.37,N,,08/2024,Analyst
19-4012.00,1.A.2.a.1,Arm-Hand Steadiness,LV,3.0,8,0.0,3.0,3.0,N,N,08/2024,Analyst
19-4012.00,1.A.2.a.2,Manual Dexterity,IM,2.88,8,0.125,2.63,3.12,N,,08/2024,Analyst
19-4012.00,1.A.2.a.2,Manual Dexterity,LV,2.88,8,0.125,2.63,3.12,N,N,08/2024,Analyst
19-4012.00,1.A.2.a.3,Finger Dexterity,IM,2.88,8,0.125,2.63,3.12,N,,08/2024,Analyst
19-4012.00,1.A.2.a.3,Finger Dexterity,LV,2.88,8,0.125,2.63,3.12,N,N,08/2024,Analyst
19-4012.00,1.A.2.b.1,Control Precision,IM,3.0,8,0.0,3.0,3.0,N,,08/2024,Analyst
19-4012.00,1.A.2.b.1,Control Precision,LV,3.38,8,0.183,3.0164,3.7336,N,N,08/2024,Analyst
19-4012.00,1.A.2.b.2,Multilimb Coordination,IM,2.88,8,0.125,2.63,3.12,N,,08/2024,Analyst
19-4012.00,1.A.2.b.2,Multilimb Coordination,LV,2.88,8,0.125,2.63,3.12,N,N,08/2024,Analyst
19-4012.00,1.A.2.b.3,Response Orientation,IM,2.12,8,0.125,1.88,2.37,N,,08/2024,Analyst
19-4012.00,1.A.2.b.3,Response Orientation,LV,2.25,8,0.1637,1.9292,2.5708,N,N,08/2024,Analyst
19-4012.00,1.A.2.b.4,Rate Control,IM,2.0,8,0.0,2.0,2.0,N,,08/2024,Analyst
19-4012.00,1.A.2.b.4,Rate Control,LV,2.12,8,0.125,1.88,2.37,N,N,08/2024,Analyst
19-4012.00,1.A.2.c.1,Reaction Time,IM,2.38,8,0.183,2.0164,2.7336,N,,08/2024,Analyst
19-4012.00,1.A.2.c.1,Reaction Time,LV,2.38,8,0.183,2.0164,2.7336,N,N,08/2024,Analyst
19-4012.00,1.A.2.c.2,Wrist-Finger Speed,IM,2.0,8,0.0,2.0,2.0,N,,08/2024,Analyst
19-4012.00,1.A.2.c.2,Wrist-Finger Speed,LV,1.88,8,0.125,1.63,2.12,N,N,08/2024,Analyst
19-4012.00,1.A.2.c.3,Speed of Limb Movement,IM,1.62,8,0.183,1.2664,1.9836,N,,08/2024,Analyst
19-4012.00,1.A.2.c.3,Speed of Limb Movement,LV,0.88,8,0.295,0.2967,1.4533,N,N,08/2024,Analyst
19-4012.00,1.A.3.a.1,Static Strength,IM,2.62,8,0.2631,2.1094,3.1406,N,,08/2024,Analyst
19-4012.00,1.A.3.a.1,Static Strength,LV,2.62,8,0.2631,2.1094,3.1406,N,N,08/2024,Analyst
19-4012.00,1.A.3.a.2,Explosive Strength,IM,1.62,8,0.183,1.2664,1.9836,N,,08/2024,Analyst
19-4012.00,1.A.3.a.2,Explosive Strength,LV,0.88,8,0.295,0.2967,1.4533,N,N,08/2024,Analyst
19-4012.00,1.A.3.a.3,Dynamic Strength,IM,2.0,8,0.189,1.6296,2.3704,N,,08/2024,Analyst
19-4012.00,1.A.3.a.3,Dynamic Strength,LV,1.25,8,0.25,0.76,1.74,N,N,08/2024,Analyst
19-4012.00,1.A.3.a.4,Trunk Strength,IM,2.62,8,0.183,2.2664,2.9836,N,,08/2024,Analyst
19-4012.00,1.A.3.a.4,Trunk Strength,LV,2.75,8,0.25,2.26,3.24,N,N,08/2024,Analyst
19-4012.00,1.A.3.b.1,Stamina,IM,2.12,8,0.125,1.88,2.37,N,,08/2024,Analyst
19-4012.00,1.A.3.b.1,Stamina,LV,2.12,8,0.125,1.88,2.37,N,N,08/2024,Analyst
19-4012.00,1.A.3.c.1,Extent Flexibility,IM,2.25,8,0.1637,1.9292,2.5708,N,,08/2024,Analyst
19-4012.00,1.A.3.c.1,Extent Flexibility,LV,2.0,8,0.0,2.0,2.0,N,N,08/2024,Analyst
19-4012.00,1.A.3.c.2,Dynamic Flexibility,IM,1.38,8,0.183,1.0164,1.7336,N,,08/2024,Analyst
19-4012.00,1.A.3.c.2,Dynamic Flexibility,LV,0.5,8,0.2673,0.0,1.0238,N,N,08/2024,Analyst
19-4012.00,1.A.3.c.3,Gross Body Coordination,IM,2.12,8,0.125,1.88,2.37,N,,08/2024,Analyst
19-4012.00,1.A.3.c.3,Gross Body Coordination,LV,1.75,8,0.1637,1.4292,2.0708,N,N,08/2024,Analyst
19-4012.00,1.A.3.c.4,Gross Body Equilibrium,IM,2.0,8,0.0,2.0,2.0,N,,08/2024,Analyst
19-4012.00,1.A.3.c.4,Gross Body Equilibrium,LV,1.88,8,0.125,1.63,2.12,N,N,08/2024,Analyst
19-4012.00,1.A.4.a.1,Near Vision,IM,3.62,8,0.183,3.2664,3.9836,N,,08/2024,Analyst
19-4012.00,1.A.4.a.1,Near Vision,LV,3.88,8,0.125,3.63,4.12,N,N,08/2024,Analyst
19-4012.00,1.A.4.a.2,Far Vision,IM,3.0,8,0.0,3.0,3.0,N,,08/2024,Analyst
19-4012.00,1.A.4.a.2,Far Vision,LV,3.0,8,0.0,3.0,3.0,N,N,08/2024,Analyst
19-4012.00,1.A.4.a.3,Visual Color Discrimination,IM,3.12,8,0.125,2.88,3.37,N,,08/2024,Analyst
19-4012.00,1.A.4.a.3,Visual Color Discrimination,LV,3.0,8,0.0,3.0,3.0,N,N,08/2024,Analyst
19-4012.00,1.A.4.a.4,Night Vision,IM,1.62,8,0.183,1.2664,1.9836,N,,08/2024,Analyst
19-4012.00,1.A.4.a.4,Night Vision,LV,0.88,8,0.295,0.2967,1.4533,N,N,08/2024,Analyst
19-4012.00,1.A.4.a.5,Peripheral Vision,IM,1.88,8,0.125,1.63,2.12,N,,08/2024,Analyst
19-4012.00,1.A.4.a.5,Peripheral Vision,LV,1.5,8,0.2673,0.9762,2.0238,N,N,08/2024,Analyst
19-4012.00,1.A.4.a.6,Depth Perception,IM,2.75,8,0.1637,2.4292,3.0708,N,,08/2024,Analyst
19-4012.00,1.A.4.a.6,Depth Perception,LV,2.75,8,0.1637,2.4292,3.0708,N,N,08/2024,Analyst
19-4012.00,1.A.4.a.7,Glare Sensitivity,IM,2.0,8,0.0,2.0,2.0,N,,08/2024,Analyst
19-4012.00,1.A.4.a.7,Glare Sensitivity,LV,2.0,8,0.0,2.0,2.0,N,N,08/2024,Analyst
19-4012.00,1.A.4.b.1,Hearing Sensitivity,IM,2.25,8,0.1637,1.9292,2.5708,N,,08/2024,Analyst
19-4012.00,1.A.4.b.1,Hearing Sensitivity,LV,2.12,8,0.125,1.88,2.37,N,N,08/2024,Analyst
19-4012.00,1.A.4.b.2,Auditory Attention,IM,2.25,8,0.1637,1.9292,2.5708,N,,08/2024,Analyst
19-4012.00,1.A.4.b.2,Auditory Attention,LV,2.12,8,0.125,1.88,2.37,N,N,08/2024,Analyst
19-4012.00,1.A.4.b.3,Sound Localization,IM,2.0,8,0.0,2.0,2.0,N,,08/2024,Analyst
19-4012.00,1.A.4.b.3,Sound Localization,LV,1.38,8,0.183,1.0164,1.7336,N,N,08/2024,Analyst
19-4012.00,1.A.4.b.4,Speech Recognition,IM,3.0,8,0.0,3.0,3.0,N,,08/2024,Analyst
19-4012.00,1.A.4.b.4,Speech Recognition,LV,3.0,8,0.0,3.0,3.0,N,N,08/2024,Analyst
19-4012.00,1.A.4.b.5,Speech Clarity,IM,3.0,8,0.0,3.0,3.0,N,,08/2024,Analyst
19-4012.00,1.A.4.b.5,Speech Clarity,LV,3.0,8,0.0,3.0,3.0,N,N,08/2024,Analyst
19-4012.01,1.A.1.a.1,Oral Comprehension,IM,3.88,8,0.125,3.63,4.12,N,,08/2023,Analyst
19-4012.01,1.A.1.a.1,Oral Comprehension,LV,4.0,8,0.0,4.0,4.0,N,N,08/2023,Analyst
19-4012.01,1.A.1.a.2,Written Comprehension,IM,3.88,8,0.125,3.63,4.12,N,,08/2023,Analyst
19-4012.01,1.A.1.a.2,Written Comprehension,LV,3.88,8,0.125,3.63,4.12,N,N,08/2023,Analyst
19-4012.01,1.A.1.a.3,Oral Expression,IM,3.88,8,0.125,3.63,4.12,N,,08/2023,Analyst
19-4012.01,1.A.1.a.3,Oral Expression,LV,4.0,8,0.0,4.0,4.0,N,N,08/2023,Analyst
19-4012.01,1.A.1.a.4,Written Expression,IM,3.88,8,0.125,3.63,4.12,N,,08/2023,Analyst
19-4012.01,1.A.1.a.4,Written Expression,LV,3.88,8,0.125,3.63,4.12,N,N,08/2023,Analyst
19-4012.01,1.A.1.b.1,Fluency of Ideas,IM,3.12,8,0.125,2.88,3.37,N,,08/2023,Analyst
19-4012.01,1.A.1.b.1,Fluency of Ideas,LV,3.12,8,0.125,2.88,3.37,N,N,08/2023,Analyst
19-4012.01,1.A.1.b.2,Originality,IM,3.0,8,0.0,3.0,3.0,N,,08/2023,Analyst
19-4012.01,1.A.1.b.2,Originality,LV,3.0,8,0.0,3.0,3.0,N,N,08/2023,Analyst
19-4012.01,1.A.1.b.3,Problem Sensitivity,IM,3.38,8,0.183,3.0164,3.7336,N,,08/2023,Analyst
19-4012.01,1.A.1.b.3,Problem Sensitivity,LV,3.75,8,0.1637,3.4292,4.0708,N,N,08/2023,Analyst
19-4012.01,1.A.1.b.4,Deductive Reasoning,IM,4.0,8,0.0,4.0,4.0,N,,08/2023,Analyst
19-4012.01,1.A.1.b.4,Deductive Reasoning,LV,4.0,8,0.189,3.6296,4.3704,N,N,08/2023,Analyst
19-4012.01,1.A.1.b.5,Inductive Reasoning,IM,4.0,8,0.0,4.0,4.0,N,,08/2023,Analyst
19-4012.01,1.A.1.b.5,Inductive Reasoning,LV,4.12,8,0.125,3.88,4.37,N,N,08/2023,Analyst
19-4012.01,1.A.1.b.6,Information Ordering,IM,3.62,8,0.183,3.2664,3.9836,N,,08/2023,Analyst
19-4012.01,1.A.1.b.6,Information Ordering,LV,3.75,8,0.1637,3.4292,4.0708,N,N,08/2023,Analyst
19-4012.01,1.A.1.b.7,Category Flexibility,IM,3.12,8,0.125,2.88,3.37,N,,08/2023,Analyst
19-4012.01,1.A.1.b.7,Category Flexibility,LV,3.62,8,0.183,3.2664,3.9836,N,N,08/2023,Analyst
19-4012.01,1.A.1.c.1,Mathematical Reasoning,IM,3.12,8,0.125,2.88,3.37,N,,08/2023,Analyst
19-4012.01,1.A.1.c.1,Mathematical Reasoning,LV,3.25,8,0.1637,2.9292,3.5708,N,N,08/2023,Analyst
19-4012.01,1.A.1.c.2,Number Facility,IM,3.0,8,0.189,2.6296,3.3704,N,,08/2023,Analyst
19-4012.01,1.A.1.c.2,Number Facility,LV,3.25,8,0.1637,2.9292,3.5708,N,N,08/2023,Analyst
19-4012.01,1.A.1.d.1,Memorization,IM,2.75,8,0.1637,2.4292,3.0708,N,,08/2023,Analyst
19-4012.01,1.A.1.d.1,Memorization,LV,2.88,8,0.125,2.63,3.12,N,N,08/2023,Analyst
19-4012.01,1.A.1.e.1,Speed of Closure,IM,3.0,8,0.0,3.0,3.0,N,,08/2023,Analyst
19-4012.01,1.A.1.e.1,Speed of Closure,LV,3.0,8,0.0,3.0,3.0,N,N,08/2023,Analyst
19-4012.01,1.A.1.e.2,Flexibility of Closure,IM,3.12,8,0.125,2.88,3.37,N,,08/2023,Analyst
19-4012.01,1.A.1.e.2,Flexibility of Closure,LV,3.62,8,0.183,3.2664,3.9836,N,N,08/2023,Analyst
19-4012.01,1.A.1.e.3,Perceptual Speed,IM,3.12,8,0.125,2.88,3.37,N,,08/2023,Analyst
19-4012.01,1.A.1.e.3,Perceptual Speed,LV,3.0,8,0.0,3.0,3.0,N,N,08/2023,Analyst
19-4012.01,1.A.1.f.1,Spatial Orientation,IM,2.25,8,0.1637,1.9292,2.5708,N,,08/2023,Analyst
19-4012.01,1.A.1.f.1,Spatial Orientation,LV,2.25,8,0.1637,1.9292,2.5708,N,N,08/2023,Analyst
19-4012.01,1.A.1.f.2,Visualization,IM,3.0,8,0.189,2.6296,3.3704,N,,08/2023,Analyst
19-4012.01,1.A.1.f.2,Visualization,LV,3.5,8,0.189,3.1296,3.8704,N,N,08/2023,Analyst
19-4012.01,1.A.1.g.1,Selective Attention,IM,3.0,8,0.0,3.0,3.0,N,,08/2023,Analyst
19-4012.01,1.A.1.g.1,Selective Attention,LV,3.0,8,0.0,3.0,3.0,N,N,08/2023,Analyst
19-4012.01,1.A.1.g.2,Time Sharing,IM,2.75,8,0.1637,2.4292,3.0708,N,,08/2023,Analyst
19-4012.01,1.A.1.g.2,Time Sharing,LV,2.75,8,0.1637,2.4292,3.0708,N,N,08/2023,Analyst
19-4012.01,1.A.2.a.1,Arm-Hand Steadiness,IM,3.0,8,0.0,3.0,3.0,N,,08/2023,Analyst
19-4012.01,1.A.2.a.1,Arm-Hand Steadiness,LV,2.75,8,0.1637,2.4292,3.0708,N,N,08/2023,Analyst
19-4012.01,1.A.2.a.2,Manual Dexterity,IM,3.0,8,0.0,3.0,3.0,N,,08/2023,Analyst
19-4012.01,1.A.2.a.2,Manual Dexterity,LV,2.62,8,0.183,2.2664,2.9836,N,N,08/2023,Analyst
19-4012.01,1.A.2.a.3,Finger Dexterity,IM,2.75,8,0.1637,2.4292,3.0708,N,,08/2023,Analyst
19-4012.01,1.A.2.a.3,Finger Dexterity,LV,2.88,8,0.125,2.63,3.12,N,N,08/2023,Analyst
19-4012.01,1.A.2.b.1,Control Precision,IM,3.0,8,0.0,3.0,3.0,N,,08/2023,Analyst
19-4012.01,1.A.2.b.1,Control Precision,LV,3.12,8,0.125,2.88,3.37,N,N,08/2023,Analyst
19-4012.01,1.A.2.b.2,Multilimb Coordination,IM,2.88,8,0.125,2.63,3.12,N,,08/2023,Analyst
19-4012.01,1.A.2.b.2,Multilimb Coordination,LV,2.88,8,0.125,2.63,3.12,N,N,08/2023,Analyst
19-4012.01,1.A.2.b.3,Response Orientation,IM,2.0,8,0.0,2.0,2.0,N,,08/2023,Analyst
19-4012.01,1.A.2.b.3,Response Orientation,LV,2.0,8,0.0,2.0,2.0,N,N,08/2023,Analyst
19-4012.01,1.A.2.b.4,Rate Control,IM,1.88,8,0.125,1.63,2.12,N,,08/2023,Analyst
19-4012.01,1.A.2.b.4,Rate Control,LV,1.75,8,0.25,1.26,2.24,N,N,08/2023,Analyst
19-4012.01,1.A.2.c.1,Reaction Time,IM,2.5,8,0.189,2.1296,2.8704,N,,08/2023,Analyst
19-4012.01,1.A.2.c.1,Reaction Time,LV,1.88,8,0.125,1.63,2.12,N,N,08/2023,Analyst
19-4012.01,1.A.2.c.2,Wrist-Finger Speed,IM,2.0,8,0.0,2.0,2.0,N,,08/2023,Analyst
19-4012.01,1.A.2.c.2,Wrist-Finger Speed,LV,1.75,8,0.1637,1.4292,2.0708,N,N,08/2023,Analyst
19-4012.01,1.A.2.c.3,Speed of Limb Movement,IM,1.25,8,0.1637,1.0,1.5708,N,,08/2023,Analyst
19-4012.01,1.A.2.c.3,Speed of Limb Movement,LV,0.25,8,0.1637,0.0,0.5708,N,Y,08/2023,Analyst
19-4012.01,1.A.3.a.1,Static Strength,IM,2.0,8,0.0,2.0,2.0,N,,08/2023,Analyst
19-4012.01,1.A.3.a.1,Static Strength,LV,2.0,8,0.0,2.0,2.0,N,N,08/2023,Analyst
19-4012.01,1.A.3.a.2,Explosive Strength,IM,1.25,8,0.1637,1.0,1.5708,N,,08/2023,Analyst
19-4012.01,1.A.3.a.2,Explosive Strength,LV,0.25,8,0.1637,0.0,0.5708,N,Y,08/2023,Analyst
19-4012.01,1.A.3.a.3,Dynamic Strength,IM,1.75,8,0.1637,1.4292,2.0708,N,,08/2023,Analyst
19-4012.01,1.A.3.a.3,Dynamic Strength,LV,0.88,8,0.2266,0.4309,1.3191,N,N,08/2023,Analyst
19-4012.01,1.A.3.a.4,Trunk Strength,IM,2.25,8,0.1637,1.9292,2.5708,N,,08/2023,Analyst
19-4012.01,1.A.3.a.4,Trunk Strength,LV,2.12,8,0.125,1.88,2.37,N,N,08/2023,Analyst
19-4012.01,1.A.3.b.1,Stamina,IM,2.0,8,0.0,2.0,2.0,N,,08/2023,Analyst
19-4012.01,1.A.3.b.1,Stamina,LV,1.62,8,0.183,1.2664,1.9836,N,N,08/2023,Analyst
19-4012.01,1.A.3.c.1,Extent Flexibility,IM,2.0,8,0.0,2.0,2.0,N,,08/2023,Analyst
19-4012.01,1.A.3.c.1,Extent Flexibility,LV,1.75,8,0.1637,1.4292,2.0708,N,N,08/2023,Analyst
19-4012.01,1.A.3.c.2,Dynamic Flexibility,IM,1.0,8,0.0,1.0,1.0,N,,08/2023,Analyst
19-4012.01,1.A.3.c.2,Dynamic Flexibility,LV,0.0,8,0.0,0.0,0.0,N,Y,08/2023,Analyst
19-4012.01,1.A.3.c.3,Gross Body Coordination,IM,1.88,8,0.125,1.63,2.12,N,,08/2023,Analyst
19-4012.01,1.A.3.c.3,Gross Body Coordination,LV,1.38,8,0.2631,0.8594,1.8906,N,N,08/2023,Analyst
19-4012.01,1.A.3.c.4,Gross Body Equilibrium,IM,1.75,8,0.1637,1.4292,2.0708,N,,08/2023,Analyst
19-4012.01,1.A.3.c.4,Gross Body Equilibrium,LV,0.75,8,0.1637,0.4292,1.0708,N,N,08/2023,Analyst
19-4012.01,1.A.4.a.1,Near Vision,IM,3.75,8,0.1637,3.4292,4.0708,N,,08/2023,Analyst
19-4012.01,1.A.4.a.1,Near Vision,LV,3.75,8,0.1637,3.4292,4.0708,N,N,08/2023,Analyst
19-4012.01,1.A.4.a.2,Far Vision,IM,3.0,8,0.0,3.0,3.0,N,,08/2023,Analyst
19-4012.01,1.A.4.a.2,Far Vision,LV,3.0,8,0.0,3.0,3.0,N,N,08/2023,Analyst
19-4012.01,1.A.4.a.3,Visual Color Discrimination,IM,2.75,8,0.1637,2.4292,3.0708,N,,08/2023,Analyst
19-4012.01,1.A.4.a.3,Visual Color Discrimination,LV,2.75,8,0.1637,2.4292,3.0708,N,N,08/2023,Analyst
19-4012.01,1.A.4.a.4,Night Vision,IM,1.62,8,0.183,1.2664,1.9836,N,,08/2023,Analyst
19-4012.01,1.A.4.a.4,Night Vision,LV,0.75,8,0.25,0.26,1.24,N,N,08/2023,Analyst
19-4012.01,1.A.4.a.5,Peripheral Vision,IM,1.88,8,0.125,1.63,2.12,N,,08/2023,Analyst
19-4012.01,1.A.4.a.5,Peripheral Vision,LV,1.0,8,0.189,0.6296,1.3704,N,N,08/2023,Analyst
19-4012.01,1.A.4.a.6,Depth Perception,IM,2.12,8,0.125,1.88,2.37,N,,08/2023,Analyst
19-4012.01,1.A.4.a.6,Depth Perception,LV,2.12,8,0.125,1.88,2.37,N,N,08/2023,Analyst
19-4012.01,1.A.4.a.7,Glare Sensitivity,IM,1.88,8,0.125,1.63,2.12,N,,08/2023,Analyst
19-4012.01,1.A.4.a.7,Glare Sensitivity,LV,1.25,8,0.25,0.76,1.74,N,N,08/2023,Analyst
19-4012.01,1.A.4.b.1,Hearing Sensitivity,IM,2.0,8,0.0,2.0,2.0,N,,08/2023,Analyst
19-4012.01,1.A.4.b.1,Hearing Sensitivity,LV,2.0,8,0.0,2.0,2.0,N,N,08/2023,Analyst
19-4012.01,1.A.4.b.2,Auditory Attention,IM,2.12,8,0.125,1.88,2.37,N,,08/2023,Analyst
19-4012.01,1.A.4.b.2,Auditory Attention,LV,2.12,8,0.125,1.88,2.37,N,N,08/2023,Analyst
19-4012.01,1.A.4.b.3,Sound Localization,IM,1.62,8,0.183,1.2664,1.9836,N,,08/2023,Analyst
19-4012.01,1.A.4.b.3,Sound Localization,LV,0.62,8,0.183,0.2664,0.9836,N,N,08/2023,Analyst
19-4012.01,1.A.4.b.4,Speech Recognition,IM,3.0,8,0.0,3.0,3.0,N,,08/2023,Analyst
19-4012.01,1.A.4.b.4,Speech Recognition,LV,3.0,8,0.0,3.0,3.0,N,N,08/2023,Analyst
19-4012.01,1.A.4.b.5,Speech Clarity,IM,3.12,8,0.125,2.88,3.37,N,,08/2023,Analyst
19-4012.01,1.A.4.b.5,Speech Clarity,LV,3.25,8,0.1637,2.9292,3.5708,N,N,08/2023,Analyst
19-4013.00,1.A.1.a.1,Oral Comprehension,IM,3.75,8,0.1637,3.4292,4.0708,N,,08/2023,Analyst
19-4013.00,1.A.1.a.1,Oral Comprehension,LV,4.12,8,0.125,3.88,4.37,N,N,08/2023,Analyst
19-4013.00,1.A.1.a.2,Written Comprehension,IM,3.75,8,0.1637,3.4292,4.0708,N,,08/2023,Analyst
19-4013.00,1.A.1.a.2,Written Comprehension,LV,3.75,8,0.1637,3.4292,4.0708,N,N,08/2023,Analyst
19-4013.00,1.A.1.a.3,Oral Expression,IM,3.75,8,0.1637,3.4292,4.0708,N,,08/2023,Analyst
19-4013.00,1.A.1.a.3,Oral Expression,LV,4.0,8,0.0,4.0,4.0,N,N,08/2023,Analyst
19-4013.00,1.A.1.a.4,Written Expression,IM,3.75,8,0.1637,3.4292,4.0708,N,,08/2023,Analyst
19-4013.00,1.A.1.a.4,Written Expression,LV,3.75,8,0.1637,3.4292,4.0708,N,N,08/2023,Analyst
19-4013.00,1.A.1.b.1,Fluency of Ideas,IM,2.75,8,0.1637,2.4292,3.0708,N,,08/2023,Analyst
19-4013.00,1.A.1.b.1,Fluency of Ideas,LV,2.88,8,0.125,2.63,3.12,N,N,08/2023,Analyst
19-4013.00,1.A.1.b.2,Originality,IM,2.25,8,0.1637,1.9292,2.5708,N,,08/2023,Analyst
19-4013.00,1.A.1.b.2,Originality,LV,2.38,8,0.183,2.0164,2.7336,N,N,08/2023,Analyst
19-4013.00,1.A.1.b.3,Problem Sensitivity,IM,3.5,8,0.189,3.1296,3.8704,N,,08/2023,Analyst
19-4013.00,1.A.1.b.3,Problem Sensitivity,LV,3.12,8,0.125,2.88,3.37,N,N,08/2023,Analyst
19-4013.00,1.A.1.b.4,Deductive Reasoning,IM,3.62,8,0.183,3.2664,3.9836,N,,08/2023,Analyst
19-4013.00,1.A.1.b.4,Deductive Reasoning,LV,3.5,8,0.189,3.1296,3.8704,N,N,08/2023,Analyst
19-4013.00,1.A.1.b.5,Inductive Reasoning,IM,3.62,8,0.183,3.2664,3.9836,N,,08/2023,Analyst
19-4013.00,1.A.1.b.5,Inductive Reasoning,LV,3.5,8,0.189,3.1296,3.8704,N,N,08/2023,Analyst
19-4013.00,1.A.1.b.6,Information Ordering,IM,3.12,8,0.125,2.88,3.37,N,,08/2023,Analyst
19-4013.00,1.A.1.b.6,Information Ordering,LV,3.0,8,0.0,3.0,3.0,N,N,08/2023,Analyst
19-4013.00,1.A.1.b.7,Category Flexibility,IM,3.12,8,0.125,2.88,3.37,N,,08/2023,Analyst
19-4013.00,1.A.1.b.7,Category Flexibility,LV,3.12,8,0.125,2.88,3.37,N,N,08/2023,Analyst
19-4013.00,1.A.1.c.1,Mathematical Reasoning,IM,3.0,8,0.0,3.0,3.0,N,,08/2023,Analyst
19-4013.00,1.A.1.c.1,Mathematical Reasoning,LV,3.0,8,0.0,3.0,3.0,N,N,08/2023,Analyst
19-4013.00,1.A.1.c.2,Number Facility,IM,3.0,8,0.0,3.0,3.0,N,,08/2023,Analyst
19-4013.00,1.A.1.c.2,Number Facility,LV,3.0,8,0.0,3.0,3.0,N,N,08/2023,Analyst
19-4013.00,1.A.1.d.1,Memorization,IM,2.0,8,0.0,2.0,2.0,N,,08/2023,Analyst
19-4013.00,1.A.1.d.1,Memorization,LV,2.12,8,0.125,1.88,2.37,N,N,08/2023,Analyst
19-4013.00,1.A.1.e.1,Speed of Closure,IM,2.12,8,0.125,1.88,2.37,N,,08/2023,Analyst
19-4013.00,1.A.1.e.1,Speed of Closure,LV,2.0,8,0.0,2.0,2.0,N,N,08/2023,Analyst
19-4013.00,1.A.1.e.2,Flexibility of Closure,IM,3.12,8,0.125,2.88,3.37,N,,08/2023,Analyst
19-4013.00,1.A.1.e.2,Flexibility of Closure,LV,3.0,8,0.189,2.6296,3.3704,N,N,08/2023,Analyst
19-4013.00,1.A.1.e.3,Perceptual Speed,IM,3.12,8,0.125,2.88,3.37,N,,08/2023,Analyst
19-4013.00,1.A.1.e.3,Perceptual Speed,LV,3.12,8,0.125,2.88,3.37,N,N,08/2023,Analyst
19-4013.00,1.A.1.f.1,Spatial Orientation,IM,1.0,8,0.0,1.0,1.0,N,,08/2023,Analyst
19-4013.00,1.A.1.f.1,Spatial Orientation,LV,0.0,8,0.0,0.0,0.0,N,Y,08/2023,Analyst
19-4013.00,1.A.1.f.2,Visualization,IM,2.62,8,0.183,2.2664,2.9836,N,,08/2023,Analyst
19-4013.00,1.A.1.f.2,Visualization,LV,2.75,8,0.25,2.26,3.24,N,N,08/2023,Analyst
19-4013.00,1.A.1.g.1,Selective Attention,IM,3.12,8,0.125,2.88,3.37,N,,08/2023,Analyst
19-4013.00,1.A.1.g.1,Selective Attention,LV,3.0,8,0.0,3.0,3.0,N,N,08/2023,Analyst
19-4013.00,1.A.1.g.2,Time Sharing,IM,2.62,8,0.183,2.2664,2.9836,N,,08/2023,Analyst
19-4013.00,1.A.1.g.2,Time Sharing,LV,2.5,8,0.189,2.1296,2.8704,N,N,08/2023,Analyst
19-4013.00,1.A.2.a.1,Arm-Hand Steadiness,IM,2.75,8,0.1637,2.4292,3.0708,N,,08/2023,Analyst
19-4013.00,1.A.2.a.1,Arm-Hand Steadiness,LV,2.5,8,0.189,2.1296,2.8704,N,N,08/2023,Analyst
19-4013.00,1.A.2.a.2,Manual Dexterity,IM,2.5,8,0.189,2.1296,2.8704,N,,08/2023,Analyst
19-4013.00,1.A.2.a.2,Manual Dexterity,LV,2.12,8,0.125,1.88,2.37,N,N,08/2023,Analyst
19-4013.00,1.A.2.a.3,Finger Dexterity,IM,2.75,8,0.1637,2.4292,3.0708,N,,08/2023,Analyst
19-4013.00,1.A.2.a.3,Finger Dexterity,LV,2.62,8,0.183,2.2664,2.9836,N,N,08/2023,Analyst
19-4013.00,1.A.2.b.1,Control Precision,IM,2.75,8,0.1637,2.4292,3.0708,N,,08/2023,Analyst
19-4013.00,1.A.2.b.1,Control Precision,LV,2.25,8,0.1637,1.9292,2.5708,N,N,08/2023,Analyst
19-4013.00,1.A.2.b.2,Multilimb Coordination,IM,1.75,8,0.1637,1.4292,2.0708,N,,08/2023,Analyst
19-4013.00,1.A.2.b.2,Multilimb Coordination,LV,1.38,8,0.3239,0.7402,2.0098,N,N,08/2023,Analyst
19-4013.00,1.A.2.b.3,Response Orientation,IM,1.5,8,0.189,1.1296,1.8704,N,,08/2023,Analyst
19-4013.00,1.A.2.b.3,Response Orientation,LV,0.62,8,0.2631,0.1094,1.1406,N,N,08/2023,Analyst
19-4013.00,1.A.2.b.4,Rate Control,IM,2.12,8,0.2266,1.6809,2.5691,N,,08/2023,Analyst
19-4013.00,1.A.2.b.4,Rate Control,LV,1.25,8,0.25,0.76,1.74,N,N,08/2023,Analyst
19-4013.00,1.A.2.c.1,Reaction Time,IM,2.25,8,0.1637,1.9292,2.5708,N,,08/2023,Analyst
19-4013.00,1.A.2.c.1,Reaction Time,LV,1.75,8,0.25,1.26,2.24,N,N,08/2023,Analyst
19-4013.00,1.A.2.c.2,Wrist-Finger Speed,IM,2.0,8,0.0,2.0,2.0,N,,08/2023,Analyst
19-4013.00,1.A.2.c.2,Wrist-Finger Speed,LV,1.12,8,0.125,0.88,1.37,N,N,08/2023,Analyst
19-4013.00,1.A.2.c.3,Speed of Limb Movement,IM,1.38,8,0.183,1.0164,1.7336,N,,08/2023,Analyst
19-4013.00,1.A.2.c.3,Speed of Limb Movement,LV,0.38,8,0.183,0.0164,0.7336,N,N,08/2023,Analyst
19-4013.00,1.A.3.a.1,Static Strength,IM,1.38,8,0.183,1.0164,1.7336,N,,08/2023,Analyst
19-4013.00,1.A.3.a.1,Static Strength,LV,0.62,8,0.3239,0.0,1.2598,N,N,08/2023,Analyst
19-4013.00,1.A.3.a.2,Explosive Strength,IM,1.12,8,0.125,1.0,1.37,N,,08/2023,Analyst
19-4013.00,1.A.3.a.2,Explosive Strength,LV,0.12,8,0.125,0.0,0.37,N,Y,08/2023,Analyst
19-4013.00,1.A.3.a.3,Dynamic Strength,IM,1.38,8,0.183,1.0164,1.7336,N,,08/2023,Analyst
19-4013.00,1.A.3.a.3,Dynamic Strength,LV,0.5,8,0.2673,0.0,1.0238,N,N,08/2023,Analyst
19-4013.00,1.A.3.a.4,Trunk Strength,IM,2.25,8,0.1637,1.9292,2.5708,N,,08/2023,Analyst
19-4013.00,1.A.3.a.4,Trunk Strength,LV,2.12,8,0.125,1.88,2.37,N,N,08/2023,Analyst
19-4013.00,1.A.3.b.1,Stamina,IM,1.88,8,0.125,1.63,2.12,N,,08/2023,Analyst
19-4013.00,1.A.3.b.1,Stamina,LV,1.0,8,0.189,0.6296,1.3704,N,N,08/2023,Analyst
19-4013.00,1.A.3.c.1,Extent Flexibility,IM,1.38,8,0.183,1.0164,1.7336,N,,08/2023,Analyst
19-4013.00,1.A.3.c.1,Extent Flexibility,LV,0.38,8,0.183,0.0164,0.7336,N,N,08/2023,Analyst
19-4013.00,1.A.3.c.2,Dynamic Flexibility,IM,1.0,8,0.0,1.0,1.0,N,,08/2023,Analyst
19-4013.00,1.A.3.c.2,Dynamic Flexibility,LV,0.0,8,0.0,0.0,0.0,N,Y,08/2023,Analyst
19-4013.00,1.A.3.c.3,Gross Body Coordination,IM,1.75,8,0.1637,1.4292,2.0708,N,,08/2023,Analyst
19-4013.00,1.A.3.c.3,Gross Body Coordination,LV,0.88,8,0.2266,0.4309,1.3191,N,N,08/2023,Analyst
19-4013.00,1.A.3.c.4,Gross Body Equilibrium,IM,1.75,8,0.1637,1.4292,2.0708,N,,08/2023,Analyst
19-4013.00,1.A.3.c.4,Gross Body Equilibrium,LV,1.0,8,0.2673,0.4762,1.5238,N,N,08/2023,Analyst
19-4013.00,1.A.4.a.1,Near Vision,IM,3.88,8,0.125,3.63,4.12,N,,08/2023,Analyst
19-4013.00,1.A.4.a.1,Near Vision,LV,3.75,8,0.1637,3.4292,4.0708,N,N,08/2023,Analyst
19-4013.00,1.A.4.a.2,Far Vision,IM,2.62,8,0.183,2.2664,2.9836,N,,08/2023,Analyst
19-4013.00,1.A.4.a.2,Far Vision,LV,2.62,8,0.183,2.2664,2.9836,N,N,08/2023,Analyst
19-4013.00,1.A.4.a.3,Visual Color Discrimination,IM,3.25,8,0.1637,2.9292,3.5708,N,,08/2023,Analyst
19-4013.00,1.A.4.a.3,Visual Color Discrimination,LV,3.12,8,0.125,2.88,3.37,N,N,08/2023,Analyst
19-4013.00,1.A.4.a.4,Night Vision,IM,1.0,8,0.0,1.0,1.0,N,,08/2023,Analyst
19-4013.00,1.A.4.a.4,Night Vision,LV,0.0,8,0.0,0.0,0.0,N,Y,08/2023,Analyst
19-4013.00,1.A.4.a.5,Peripheral Vision,IM,1.12,8,0.125,1.0,1.37,N,,08/2023,Analyst
19-4013.00,1.A.4.a.5,Peripheral Vision,LV,0.12,8,0.125,0.0,0.37,N,Y,08/2023,Analyst
19-4013.00,1.A.4.a.6,Depth Perception,IM,1.75,8,0.1637,1.4292,2.0708,N,,08/2023,Analyst
19-4013.00,1.A.4.a.6,Depth Perception,LV,1.38,8,0.3239,0.7402,2.0098,N,N,08/2023,Analyst
19-4013.00,1.A.4.a.7,Glare Sensitivity,IM,1.25,8,0.1637,1.0,1.5708,N,,08/2023,Analyst
19-4013.00,1.A.4.a.7,Glare Sensitivity,LV,0.25,8,0.1637,0.0,0.5708,N,Y,08/2023,Analyst
19-4013.00,1.A.4.b.1,Hearing Sensitivity,IM,1.88,8,0.125,1.63,2.12,N,,08/2023,Analyst
19-4013.00,1.A.4.b.1,Hearing Sensitivity,LV,1.62,8,0.2631,1.1094,2.1406,N,N,08/2023,Analyst
19-4013.00,1.A.4.b.2,Auditory Attention,IM,2.25,8,0.1637,1.9292,2.5708,N,,08/2023,Analyst
19-4013.00,1.A.4.b.2,Auditory Attention,LV,2.12,8,0.125,1.88,2.37,N,N,08/2023,Analyst
19-4013.00,1.A.4.b.3,Sound Localization,IM,1.25,8,0.1637,1.0,1.5708,N,,08/2023,Analyst
19-4013.00,1.A.4.b.3,Sound Localization,LV,0.25,8,0.1637,0.0,0.5708,N,Y,08/2023,Analyst
19-4013.00,1.A.4.b.4,Speech Recognition,IM,3.25,8,0.1637,2.9292,3.5708,N,,08/2023,Analyst
19-4013.00,1.A.4.b.4,Speech Recognition,LV,3.0,8,0.0,3.0,3.0,N,N,08/2023,Analyst
19-4013.00,1.A.4.b.5,Speech Clarity,IM,3.25,8,0.1637,2.9292,3.5708,N,,08/2023,Analyst
19-4013.00,1.A.4.b.5,Speech Clarity,LV,3.0,8,0.0,3.0,3.0,N,N,08/2023,Analyst
19-4021.00,1.A.1.a.1,Oral Comprehension,IM,3.88,8,0.125,3.63,4.12,N,,07/2017,Analyst
19-4021.00,1.A.1.a.1,Oral Comprehension,LV,4.62,8,0.183,4.2664,4.9836,N,N,07/2017,Analyst
19-4021.00,1.A.1.a.2,Written Comprehension,IM,3.62,8,0.183,3.2664,3.9836,N,,07/2017,Analyst
19-4021.00,1.A.1.a.2,Written Comprehension,LV,4.12,8,0.125,3.88,4.37,N,N,07/2017,Analyst
19-4021.00,1.A.1.a.3,Oral Expression,IM,3.75,8,0.1637,3.4292,4.0708,N,,07/2017,Analyst
19-4021.00,1.A.1.a.3,Oral Expression,LV,4.0,8,0.0,4.0,4.0,N,N,07/2017,Analyst
19-4021.00,1.A.1.a.4,Written Expression,IM,3.62,8,0.183,3.2664,3.9836,N,,07/2017,Analyst
19-4021.00,1.A.1.a.4,Written Expression,LV,3.88,8,0.125,3.63,4.12,N,N,07/2017,Analyst
19-4021.00,1.A.1.b.1,Fluency of Ideas,IM,3.0,8,0.0,3.0,3.0,N,,07/2017,Analyst
19-4021.00,1.A.1.b.1,Fluency of Ideas,LV,3.25,8,0.1637,2.9292,3.5708,N,N,07/2017,Analyst
19-4021.00,1.A.1.b.2,Originality,IM,2.88,8,0.125,2.63,3.12,N,,07/2017,Analyst
19-4021.00,1.A.1.b.2,Originality,LV,3.12,8,0.125,2.88,3.37,N,N,07/2017,Analyst
19-4021.00,1.A.1.b.3,Problem Sensitivity,IM,3.5,8,0.189,3.1296,3.8704,N,,07/2017,Analyst
19-4021.00,1.A.1.b.3,Problem Sensitivity,LV,4.0,8,0.0,4.0,4.0,N,N,07/2017,Analyst
19-4021.00,1.A.1.b.4,Deductive Reasoning,IM,3.62,8,0.183,3.2664,3.9836,N,,07/2017,Analyst
19-4021.00,1.A.1.b.4,Deductive Reasoning,LV,4.0,8,0.0,4.0,4.0,N,N,07/2017,Analyst
19-4021.00,1.A.1.b.5,Inductive Reasoning,IM,3.88,8,0.125,3.63,4.12,N,,07/2017,Analyst
19-4021.00,1.A.1.b.5,Inductive Reasoning,LV,4.12,8,0.125,3.88,4.37,N,N,07/2017,Analyst
19-4021.00,1.A.1.b.6,Information Ordering,IM,3.75,8,0.1637,3.4292,4.0708,N,,07/2017,Analyst
19-4021.00,1.A.1.b.6,Information Ordering,LV,3.88,8,0.125,3.63,4.12,N,N,07/2017,Analyst
19-4021.00,1.A.1.b.7,Category Flexibility,IM,3.5,8,0.189,3.1296,3.8704,N,,07/2017,Analyst
19-4021.00,1.A.1.b.7,Category Flexibility,LV,3.88,8,0.125,3.63,4.12,N,N,07/2017,Analyst
19-4021.00,1.A.1.c.1,Mathematical Reasoning,IM,3.0,8,0.0,3.0,3.0,N,,07/2017,Analyst
19-4021.00,1.A.1.c.1,Mathematical Reasoning,LV,3.5,8,0.189,3.1296,3.8704,N,N,07/2017,Analyst
19-4021.00,1.A.1.c.2,Number Facility,IM,3.0,8,0.0,3.0,3.0,N,,07/2017,Analyst
19-4021.00,1.A.1.c.2,Number Facility,LV,3.12,8,0.125,2.88,3.37,N,N,07/2017,Analyst
19-4021.00,1.A.1.d.1,Memorization,IM,2.5,8,0.189,2.1296,2.8704,N,,07/2017,Analyst
19-4021.00,1.A.1.d.1,Memorization,LV,2.12,8,0.125,1.88,2.37,N,N,07/2017,Analyst
19-4021.00,1.A.1.e.1,Speed of Closure,IM,2.75,8,0.1637,2.4292,3.0708,N,,07/2017,Analyst
19-4021.00,1.A.1.e.1,Speed of Closure,LV,2.75,8,0.1637,2.4292,3.0708,N,N,07/2017,Analyst
19-4021.00,1.A.1.e.2,Flexibility of Closure,IM,3.12,8,0.125,2.88,3.37,N,,07/2017,Analyst
19-4021.00,1.A.1.e.2,Flexibility of Closure,LV,3.75,8,0.1637,3.4292,4.0708,N,N,07/2017,Analyst
19-4021.00,1.A.1.e.3,Perceptual Speed,IM,3.0,8,0.0,3.0,3.0,N,,07/2017,Analyst
19-4021.00,1.A.1.e.3,Perceptual Speed,LV,3.12,8,0.125,2.88,3.37,N,N,07/2017,Analyst
19-4021.00,1.A.1.f.1,Spatial Orientation,IM,1.12,8,0.125,1.0,1.37,N,,07/2017,Analyst
19-4021.00,1.A.1.f.1,Spatial Orientation,LV,0.12,8,0.125,0.0,0.37,N,Y,07/2017,Analyst
19-4021.00,1.A.1.f.2,Visualization,IM,3.0,8,0.189,2.6296,3.3704,N,,07/2017,Analyst
19-4021.00,1.A.1.f.2,Visualization,LV,3.12,8,0.125,2.88,3.37,N,N,07/2017,Analyst
19-4021.00,1.A.1.g.1,Selective Attention,IM,3.38,8,0.2631,2.8594,3.8906,N,,07/2017,Analyst
19-4021.00,1.A.1.g.1,Selective Attention,LV,3.5,8,0.2673,2.9762,4.0238,N,N,07/2017,Analyst
19-4021.00,1.A.1.g.2,Time Sharing,IM,2.5,8,0.189,2.1296,2.8704,N,,07/2017,Analyst
19-4021.00,1.A.1.g.2,Time Sharing,LV,2.12,8,0.125,1.88,2.37,N,N,07/2017,Analyst
19-4021.00,1.A.2.a.1,Arm-Hand Steadiness,IM,3.0,8,0.0,3.0,3.0,N,,07/2017,Analyst
19-4021.00,1.A.2.a.1,Arm-Hand Steadiness,LV,3.0,8,0.0,3.0,3.0,N,N,07/2017,Analyst
19-4021.00,1.A.2.a.2,Manual Dexterity,IM,2.88,8,0.125,2.63,3.12,N,,07/2017,Analyst
19-4021.00,1.A.2.a.2,Manual Dexterity,LV,2.75,8,0.1637,2.4292,3.0708,N,N,07/2017,Analyst
19-4021.00,1.A.2.a.3,Finger Dexterity,IM,3.0,8,0.0,3.0,3.0,N,,07/2017,Analyst
19-4021.00,1.A.2.a.3,Finger Dexterity,LV,3.0,8,0.189,2.6296,3.3704,N,N,07/2017,Analyst
19-4021.00,1.A.2.b.1,Control Precision,IM,2.75,8,0.1637,2.4292,3.0708,N,,07/2017,Analyst
19-4021.00,1.A.2.b.1,Control Precision,LV,2.75,8,0.1637,2.4292,3.0708,N,N,07/2017,Analyst
19-4021.00,1.A.2.b.2,Multilimb Coordination,IM,2.62,8,0.183,2.2664,2.9836,N,,07/2017,Analyst
19-4021.00,1.A.2.b.2,Multilimb Coordination,LV,2.5,8,0.189,2.1296,2.8704,N,N,07/2017,Analyst
19-4021.00,1.A.2.b.3,Response Orientation,IM,2.0,8,0.189,1.6296,2.3704,N,,07/2017,Analyst
19-4021.00,1.A.2.b.3,Response Orientation,LV,1.75,8,0.25,1.26,2.24,N,N,07/2017,Analyst
19-4021.00,1.A.2.b.4,Rate Control,IM,1.62,8,0.183,1.2664,1.9836,N,,07/2017,Analyst
19-4021.00,1.A.2.b.4,Rate Control,LV,0.75,8,0.25,0.26,1.24,N,N,07/2017,Analyst
19-4021.00,1.A.2.c.1,Reaction Time,IM,2.0,8,0.0,2.0,2.0,N,,07/2017,Analyst
19-4021.00,1.A.2.c.1,Reaction Time,LV,1.62,8,0.2631,1.1094,2.1406,N,N,07/2017,Analyst
19-4021.00,1.A.2.c.2,Wrist-Finger Speed,IM,2.25,8,0.1637,1.9292,2.5708,N,,07/2017,Analyst
19-4021.00,1.A.2.c.2,Wrist-Finger Speed,LV,2.12,8,0.295,1.5467,2.7033,N,N,07/2017,Analyst
19-4021.00,1.A.2.c.3,Speed of Limb Movement,IM,1.12,8,0.125,1.0,1.37,N,,07/2017,Analyst
19-4021.00,1.A.2.c.3,Speed of Limb Movement,LV,0.12,8,0.125,0.0,0.37,N,Y,07/2017,Analyst
19-4021.00,1.A.3.a.1,Static Strength,IM,2.25,8,0.1637,1.9292,2.5708,N,,07/2017,Analyst
19-4021.00,1.A.3.a.1,Static Strength,LV,1.88,8,0.125,1.63,2.12,N,N,07/2017,Analyst
19-4021.00,1.A.3.a.2,Explosive Strength,IM,1.38,8,0.183,1.0164,1.7336,N,,07/2017,Analyst
19-4021.00,1.A.3.a.2,Explosive Strength,LV,0.38,8,0.183,0.0164,0.7336,N,N,07/2017,Analyst
19-4021.00,1.A.3.a.3,Dynamic Strength,IM,2.12,8,0.125,1.88,2.37,N,,07/2017,Analyst
19-4021.00,1.A.3.a.3,Dynamic Strength,LV,1.25,8,0.1637,0.9292,1.5708,N,N,07/2017,Analyst
19-4021.00,1.A.3.a.4,Trunk Strength,IM,2.25,8,0.1637,1.9292,2.5708,N,,07/2017,Analyst
19-4021.00,1.A.3.a.4,Trunk Strength,LV,2.0,8,0.0,2.0,2.0,N,N,07/2017,Analyst
19-4021.00,1.A.3.b.1,Stamina,IM,2.0,8,0.0,2.0,2.0,N,,07/2017,Analyst
19-4021.00,1.A.3.b.1,Stamina,LV,1.12,8,0.125,0.88,1.37,N,N,07/2017,Analyst
19-4021.00,1.A.3.c.1,Extent Flexibility,IM,2.0,8,0.0,2.0,2.0,N,,07/2017,Analyst
19-4021.00,1.A.3.c.1,Extent Flexibility,LV,1.38,8,0.183,1.0164,1.7336,N,N,07/2017,Analyst
19-4021.00,1.A.3.c.2,Dynamic Flexibility,IM,1.0,8,0.0,1.0,1.0,N,,07/2017,Analyst
19-4021.00,1.A.3.c.2,Dynamic Flexibility,LV,0.0,8,0.0,0.0,0.0,N,Y,07/2017,Analyst
19-4021.00,1.A.3.c.3,Gross Body Coordination,IM,1.75,8,0.1637,1.4292,2.0708,N,,07/2017,Analyst
19-4021.00,1.A.3.c.3,Gross Body Coordination,LV,0.75,8,0.1637,0.4292,1.0708,N,N,07/2017,Analyst
19-4021.00,1.A.3.c.4,Gross Body Equilibrium,IM,1.75,8,0.1637,1.4292,2.0708,N,,07/2017,Analyst
19-4021.00,1.A.3.c.4,Gross Body Equilibrium,LV,0.75,8,0.1637,0.4292,1.0708,N,N,07/2017,Analyst
19-4021.00,1.A.4.a.1,Near Vision,IM,3.88,8,0.125,3.63,4.12,N,,07/2017,Analyst
19-4021.00,1.A.4.a.1,Near Vision,LV,4.12,8,0.2266,3.6809,4.5691,N,N,07/2017,Analyst
19-4021.00,1.A.4.a.2,Far Vision,IM,2.88,8,0.125,2.63,3.12,N,,07/2017,Analyst
19-4021.00,1.A.4.a.2,Far Vision,LV,3.25,8,0.1637,2.9292,3.5708,N,N,07/2017,Analyst
19-4021.00,1.A.4.a.3,Visual Color Discrimination,IM,3.0,8,0.0,3.0,3.0,N,,07/2017,Analyst
19-4021.00,1.A.4.a.3,Visual Color Discrimination,LV,3.0,8,0.189,2.6296,3.3704,N,N,07/2017,Analyst
19-4021.00,1.A.4.a.4,Night Vision,IM,1.12,8,0.125,1.0,1.37,N,,07/2017,Analyst
19-4021.00,1.A.4.a.4,Night Vision,LV,0.12,8,0.125,0.0,0.37,N,Y,07/2017,Analyst
19-4021.00,1.A.4.a.5,Peripheral Vision,IM,1.0,8,0.0,1.0,1.0,N,,07/2017,Analyst
19-4021.00,1.A.4.a.5,Peripheral Vision,LV,0.0,8,0.0,0.0,0.0,N,Y,07/2017,Analyst
19-4021.00,1.A.4.a.6,Depth Perception,IM,2.0,8,0.189,1.6296,2.3704,N,,07/2017,Analyst
19-4021.00,1.A.4.a.6,Depth Perception,LV,1.88,8,0.295,1.2967,2.4533,N,N,07/2017,Analyst
19-4021.00,1.A.4.a.7,Glare Sensitivity,IM,1.12,8,0.125,1.0,1.37,N,,07/2017,Analyst
19-4021.00,1.A.4.a.7,Glare Sensitivity,LV,0.12,8,0.125,0.0,0.37,N,Y,07/2017,Analyst
19-4021.00,1.A.4.b.1,Hearing Sensitivity,IM,2.12,8,0.125,1.88,2.37,N,,07/2017,Analyst
19-4021.00,1.A.4.b.1,Hearing Sensitivity,LV,2.12,8,0.125,1.88,2.37,N,N,07/2017,Analyst
19-4021.00,1.A.4.b.2,Auditory Attention,IM,2.25,8,0.1637,1.9292,2.5708,N,,07/2017,Analyst
19-4021.00,1.A.4.b.2,Auditory Attention,LV,2.12,8,0.125,1.88,2.37,N,N,07/2017,Analyst
19-4021.00,1.A.4.b.3,Sound Localization,IM,1.12,8,0.125,1.0,1.37,N,,07/2017,Analyst
19-4021.00,1.A.4.b.3,Sound Localization,LV,0.12,8,0.125,0.0,0.37,N,Y,07/2017,Analyst
19-4021.00,1.A.4.b.4,Speech Recognition,IM,3.5,8,0.189,3.1296,3.8704,N,,07/2017,Analyst
19-4021.00,1.A.4.b.4,Speech Recognition,LV,3.25,8,0.1637,2.9292,3.5708,N,N,07/2017,Analyst
19-4021.00,1.A.4.b.5,Speech Clarity,IM,3.5,8,0.189,3.1296,3.8704,N,,07/2017,Analyst
19-4021.00,1.A.4.b.5,Speech Clarity,LV,3.12,8,0.125,2.88,3.37,N,N,07/2017,Analyst
19-4031.00,1.A.1.a.1,Oral Comprehension,IM,3.75,8,0.25,3.26,4.24,N,,08/2021,Analyst
19-4031.00,1.A.1.a.1,Oral Comprehension,LV,4.12,8,0.125,3.88,4.37,N,N,08/2021,Analyst
19-4031.00,1.A.1.a.2,Written Comprehension,IM,4.0,8,0.0,4.0,4.0,N,,08/2021,Analyst
19-4031.00,1.A.1.a.2,Written Comprehension,LV,4.12,8,0.125,3.88,4.37,N,N,08/2021,Analyst
19-4031.00,1.A.1.a.3,Oral Expression,IM,3.62,8,0.183,3.2664,3.9836,N,,08/2021,Analyst
19-4031.00,1.A.1.a.3,Oral Expression,LV,4.12,8,0.125,3.88,4.37,N,N,08/2021,Analyst
19-4031.00,1.A.1.a.4,Written Expression,IM,3.88,8,0.125,3.63,4.12,N,,08/2021,Analyst
19-4031.00,1.A.1.a.4,Written Expression,LV,4.0,8,0.0,4.0,4.0,N,N,08/2021,Analyst
19-4031.00,1.A.1.b.1,Fluency of Ideas,IM,3.0,8,0.0,3.0,3.0,N,,08/2021,Analyst
19-4031.00,1.A.1.b.1,Fluency of Ideas,LV,3.12,8,0.125,2.88,3.37,N,N,08/2021,Analyst
19-4031.00,1.A.1.b.2,Originality,IM,3.0,8,0.0,3.0,3.0,N,,08/2021,Analyst
19-4031.00,1.A.1.b.2,Originality,LV,3.12,8,0.125,2.88,3.37,N,N,08/2021,Analyst
19-4031.00,1.A.1.b.3,Problem Sensitivity,IM,3.75,8,0.1637,3.4292,4.0708,N,,08/2021,Analyst
19-4031.00,1.A.1.b.3,Problem Sensitivity,LV,4.0,8,0.189,3.6296,4.3704,N,N,08/2021,Analyst
19-4031.00,1.A.1.b.4,Deductive Reasoning,IM,3.62,8,0.183,3.2664,3.9836,N,,08/2021,Analyst
19-4031.00,1.A.1.b.4,Deductive Reasoning,LV,4.0,8,0.189,3.6296,4.3704,N,N,08/2021,Analyst
19-4031.00,1.A.1.b.5,Inductive Reasoning,IM,3.75,8,0.1637,3.4292,4.0708,N,,08/2021,Analyst
19-4031.00,1.A.1.b.5,Inductive Reasoning,LV,4.0,8,0.189,3.6296,4.3704,N,N,08/2021,Analyst
19-4031.00,1.A.1.b.6,Information Ordering,IM,3.75,8,0.1637,3.4292,4.0708,N,,08/2021,Analyst
19-4031.00,1.A.1.b.6,Information Ordering,LV,3.88,8,0.125,3.63,4.12,N,N,08/2021,Analyst
19-4031.00,1.A.1.b.7,Category Flexibility,IM,3.62,8,0.183,3.2664,3.9836,N,,08/2021,Analyst
19-4031.00,1.A.1.b.7,Category Flexibility,LV,4.0,8,0.189,3.6296,4.3704,N,N,08/2021,Analyst
19-4031.00,1.A.1.c.1,Mathematical Reasoning,IM,3.12,8,0.125,2.88,3.37,N,,08/2021,Analyst
19-4031.00,1.A.1.c.1,Mathematical Reasoning,LV,3.12,8,0.125,2.88,3.37,N,N,08/2021,Analyst
19-4031.00,1.A.1.c.2,Number Facility,IM,3.0,8,0.0,3.0,3.0,N,,08/2021,Analyst
19-4031.00,1.A.1.c.2,Number Facility,LV,3.12,8,0.125,2.88,3.37,N,N,08/2021,Analyst
19-4031.00,1.A.1.d.1,Memorization,IM,2.75,8,0.1637,2.4292,3.0708,N,,08/2021,Analyst
19-4031.00,1.A.1.d.1,Memorization,LV,2.88,8,0.125,2.63,3.12,N,N,08/2021,Analyst
19-4031.00,1.A.1.e.1,Speed of Closure,IM,3.0,8,0.0,3.0,3.0,N,,08/2021,Analyst
19-4031.00,1.A.1.e.1,Speed of Closure,LV,3.0,8,0.0,3.0,3.0,N,N,08/2021,Analyst
19-4031.00,1.A.1.e.2,Flexibility of Closure,IM,3.12,8,0.125,2.88,3.37,N,,08/2021,Analyst
19-4031.00,1.A.1.e.2,Flexibility of Closure,LV,3.12,8,0.125,2.88,3.37,N,N,08/2021,Analyst
19-4031.00,1.A.1.e.3,Perceptual Speed,IM,3.0,8,0.0,3.0,3.0,N,,08/2021,Analyst
19-4031.00,1.A.1.e.3,Perceptual Speed,LV,3.25,8,0.1637,2.9292,3.5708,N,N,08/2021,Analyst
19-4031.00,1.A.1.f.1,Spatial Orientation,IM,1.38,8,0.183,1.0164,1.7336,N,,08/2021,Analyst
19-4031.00,1.A.1.f.1,Spatial Orientation,LV,0.5,8,0.2673,0.0,1.0238,N,N,08/2021,Analyst
19-4031.00,1.A.1.f.2,Visualization,IM,3.12,8,0.125,2.88,3.37,N,,08/2021,Analyst
19-4031.00,1.A.1.f.2,Visualization,LV,3.12,8,0.125,2.88,3.37,N,N,08/2021,Analyst
19-4031.00,1.A.1.g.1,Selective Attention,IM,3.12,8,0.125,2.88,3.37,N,,08/2021,Analyst
19-4031.00,1.A.1.g.1,Selective Attention,LV,3.12,8,0.125,2.88,3.37,N,N,08/2021,Analyst
19-4031.00,1.A.1.g.2,Time Sharing,IM,2.62,8,0.183,2.2664,2.9836,N,,08/2021,Analyst
19-4031.00,1.A.1.g.2,Time Sharing,LV,2.5,8,0.189,2.1296,2.8704,N,N,08/2021,Analyst
19-4031.00,1.A.2.a.1,Arm-Hand Steadiness,IM,3.12,8,0.125,2.88,3.37,N,,08/2021,Analyst
19-4031.00,1.A.2.a.1,Arm-Hand Steadiness,LV,3.0,8,0.0,3.0,3.0,N,N,08/2021,Analyst
19-4031.00,1.A.2.a.2,Manual Dexterity,IM,3.12,8,0.125,2.88,3.37,N,,08/2021,Analyst
19-4031.00,1.A.2.a.2,Manual Dexterity,LV,3.0,8,0.0,3.0,3.0,N,N,08/2021,Analyst
19-4031.00,1.A.2.a.3,Finger Dexterity,IM,3.12,8,0.125,2.88,3.37,N,,08/2021,Analyst
19-4031.00,1.A.2.a.3,Finger Dexterity,LV,3.25,8,0.1637,2.9292,3.5708,N,N,08/2021,Analyst
19-4031.00,1.A.2.b.1,Control Precision,IM,3.12,8,0.125,2.88,3.37,N,,08/2021,Analyst
19-4031.00,1.A.2.b.1,Control Precision,LV,3.0,8,0.0,3.0,3.0,N,N,08/2021,Analyst
19-4031.00,1.A.2.b.2,Multilimb Coordination,IM,2.88,8,0.125,2.63,3.12,N,,08/2021,Analyst
19-4031.00,1.A.2.b.2,Multilimb Coordination,LV,3.0,8,0.0,3.0,3.0,N,N,08/2021,Analyst
19-4031.00,1.A.2.b.3,Response Orientation,IM,1.88,8,0.125,1.63,2.12,N,,08/2021,Analyst
19-4031.00,1.A.2.b.3,Response Orientation,LV,1.75,8,0.25,1.26,2.24,N,N,08/2021,Analyst
19-4031.00,1.A.2.b.4,Rate Control,IM,2.12,8,0.125,1.88,2.37,N,,08/2021,Analyst
19-4031.00,1.A.2.b.4,Rate Control,LV,2.12,8,0.125,1.88,2.37,N,N,08/2021,Analyst
19-4031.00,1.A.2.c.1,Reaction Time,IM,2.12,8,0.125,1.88,2.37,N,,08/2021,Analyst
19-4031.00,1.A.2.c.1,Reaction Time,LV,2.12,8,0.125,1.88,2.37,N,N,08/2021,Analyst
19-4031.00,1.A.2.c.2,Wrist-Finger Speed,IM,2.12,8,0.125,1.88,2.37,N,,08/2021,Analyst
19-4031.00,1.A.2.c.2,Wrist-Finger Speed,LV,2.0,8,0.0,2.0,2.0,N,N,08/2021,Analyst
19-4031.00,1.A.2.c.3,Speed of Limb Movement,IM,1.88,8,0.125,1.63,2.12,N,,08/2021,Analyst
19-4031.00,1.A.2.c.3,Speed of Limb Movement,LV,1.5,8,0.2673,0.9762,2.0238,N,N,08/2021,Analyst
19-4031.00,1.A.3.a.1,Static Strength,IM,2.12,8,0.125,1.88,2.37,N,,08/2021,Analyst
19-4031.00,1.A.3.a.1,Static Strength,LV,1.88,8,0.125,1.63,2.12,N,N,08/2021,Analyst
19-4031.00,1.A.3.a.2,Explosive Strength,IM,1.25,8,0.1637,1.0,1.5708,N,,08/2021,Analyst
19-4031.00,1.A.3.a.2,Explosive Strength,LV,0.25,8,0.1637,0.0,0.5708,N,Y,08/2021,Analyst
19-4031.00,1.A.3.a.3,Dynamic Strength,IM,2.0,8,0.0,2.0,2.0,N,,08/2021,Analyst
19-4031.00,1.A.3.a.3,Dynamic Strength,LV,1.88,8,0.125,1.63,2.12,N,N,08/2021,Analyst
19-4031.00,1.A.3.a.4,Trunk Strength,IM,2.25,8,0.1637,1.9292,2.5708,N,,08/2021,Analyst
19-4031.00,1.A.3.a.4,Trunk Strength,LV,2.12,8,0.125,1.88,2.37,N,N,08/2021,Analyst
19-4031.00,1.A.3.b.1,Stamina,IM,1.88,8,0.125,1.63,2.12,N,,08/2021,Analyst
19-4031.00,1.A.3.b.1,Stamina,LV,1.75,8,0.25,1.26,2.24,N,N,08/2021,Analyst
19-4031.00,1.A.3.c.1,Extent Flexibility,IM,2.0,8,0.0,2.0,2.0,N,,08/2021,Analyst
19-4031.00,1.A.3.c.1,Extent Flexibility,LV,1.88,8,0.125,1.63,2.12,N,N,08/2021,Analyst
19-4031.00,1.A.3.c.2,Dynamic Flexibility,IM,1.0,8,0.0,1.0,1.0,N,,08/2021,Analyst
19-4031.00,1.A.3.c.2,Dynamic Flexibility,LV,0.0,8,0.0,0.0,0.0,N,Y,08/2021,Analyst
19-4031.00,1.A.3.c.3,Gross Body Coordination,IM,2.0,8,0.0,2.0,2.0,N,,08/2021,Analyst
19-4031.00,1.A.3.c.3,Gross Body Coordination,LV,1.88,8,0.125,1.63,2.12,N,N,08/2021,Analyst
19-4031.00,1.A.3.c.4,Gross Body Equilibrium,IM,1.75,8,0.1637,1.4292,2.0708,N,,08/2021,Analyst
19-4031.00,1.A.3.c.4,Gross Body Equilibrium,LV,0.88,8,0.2266,0.4309,1.3191,N,N,08/2021,Analyst
19-4031.00,1.A.4.a.1,Near Vision,IM,4.0,8,0.0,4.0,4.0,N,,08/2021,Analyst
19-4031.00,1.A.4.a.1,Near Vision,LV,4.0,8,0.0,4.0,4.0,N,N,08/2021,Analyst
19-4031.00,1.A.4.a.2,Far Vision,IM,2.88,8,0.125,2.63,3.12,N,,08/2021,Analyst
19-4031.00,1.A.4.a.2,Far Vision,LV,3.0,8,0.0,3.0,3.0,N,N,08/2021,Analyst
19-4031.00,1.A.4.a.3,Visual Color Discrimination,IM,3.0,8,0.0,3.0,3.0,N,,08/2021,Analyst
19-4031.00,1.A.4.a.3,Visual Color Discrimination,LV,3.0,8,0.0,3.0,3.0,N,N,08/2021,Analyst
19-4031.00,1.A.4.a.4,Night Vision,IM,1.0,8,0.0,1.0,1.0,N,,08/2021,Analyst
19-4031.00,1.A.4.a.4,Night Vision,LV,0.0,8,0.0,0.0,0.0,N,Y,08/2021,Analyst
19-4031.00,1.A.4.a.5,Peripheral Vision,IM,1.0,8,0.0,1.0,1.0,N,,08/2021,Analyst
19-4031.00,1.A.4.a.5,Peripheral Vision,LV,0.0,8,0.0,0.0,0.0,N,Y,08/2021,Analyst
19-4031.00,1.A.4.a.6,Depth Perception,IM,1.88,8,0.125,1.63,2.12,N,,08/2021,Analyst
19-4031.00,1.A.4.a.6,Depth Perception,LV,1.75,8,0.25,1.26,2.24,N,N,08/2021,Analyst
19-4031.00,1.A.4.a.7,Glare Sensitivity,IM,1.0,8,0.0,1.0,1.0,N,,08/2021,Analyst
19-4031.00,1.A.4.a.7,Glare Sensitivity,LV,0.0,8,0.0,0.0,0.0,N,Y,08/2021,Analyst
19-4031.00,1.A.4.b.1,Hearing Sensitivity,IM,2.12,8,0.125,1.88,2.37,N,,08/2021,Analyst
19-4031.00,1.A.4.b.1,Hearing Sensitivity,LV,2.0,8,0.0,2.0,2.0,N,N,08/2021,Analyst
19-4031.00,1.A.4.b.2,Auditory Attention,IM,2.62,8,0.183,2.2664,2.9836,N,,08/2021,Analyst
19-4031.00,1.A.4.b.2,Auditory Attention,LV,2.12,8,0.125,1.88,2.37,N,N,08/2021,Analyst
19-4031.00,1.A.4.b.3,Sound Localization,IM,1.0,8,0.0,1.0,1.0,N,,08/2021,Analyst
19-4031.00,1.A.4.b.3,Sound Localization,LV,0.0,8,0.0,0.0,0.0,N,Y,08/2021,Analyst
19-4031.00,1.A.4.b.4,Speech Recognition,IM,3.25,8,0.1637,2.9292,3.5708,N,,08/2021,Analyst
19-4031.00,1.A.4.b.4,Speech Recognition,LV,3.0,8,0.0,3.0,3.0,N,N,08/2021,Analyst
19-4031.00,1.A.4.b.5,Speech Clarity,IM,3.38,8,0.183,3.0164,3.7336,N,,08/2021,Analyst
19-4031.00,1.A.4.b.5,Speech Clarity,LV,3.12,8,0.125,2.88,3.37,N,N,08/2021,Analyst
19-4042.00,1.A.1.a.1,Oral Comprehension,IM,4.0,8,0.0,4.0,4.0,N,,08/2023,Analyst
19-4042.00,1.A.1.a.1,Oral Comprehension,LV,4.12,8,0.125,3.88,4.37,N,N,08/2023,Analyst
19-4042.00,1.A.1.a.2,Written Comprehension,IM,4.0,8,0.0,4.0,4.0,N,,08/2023,Analyst
19-4042.00,1.A.1.a.2,Written Comprehension,LV,4.12,8,0.125,3.88,4.37,N,N,08/2023,Analyst
19-4042.00,1.A.1.a.3,Oral Expression,IM,4.0,8,0.0,4.0,4.0,N,,08/2023,Analyst
19-4042.00,1.A.1.a.3,Oral Expression,LV,4.12,8,0.125,3.88,4.37,N,N,08/2023,Analyst
19-4042.00,1.A.1.a.4,Written Expression,IM,3.88,8,0.125,3.63,4.12,N,,08/2023,Analyst
19-4042.00,1.A.1.a.4,Written Expression,LV,4.0,8,0.0,4.0,4.0,N,N,08/2023,Analyst
19-4042.00,1.A.1.b.1,Fluency of Ideas,IM,3.0,8,0.0,3.0,3.0,N,,08/2023,Analyst
19-4042.00,1.A.1.b.1,Fluency of Ideas,LV,3.12,8,0.125,2.88,3.37,N,N,08/2023,Analyst
19-4042.00,1.A.1.b.2,Originality,IM,2.88,8,0.125,2.63,3.12,N,,08/2023,Analyst
19-4042.00,1.A.1.b.2,Originality,LV,3.12,8,0.125,2.88,3.37,N,N,08/2023,Analyst
19-4042.00,1.A.1.b.3,Problem Sensitivity,IM,3.62,8,0.183,3.2664,3.9836,N,,08/2023,Analyst
19-4042.00,1.A.1.b.3,Problem Sensitivity,LV,4.0,8,0.189,3.6296,4.3704,N,N,08/2023,Analyst
19-4042.00,1.A.1.b.4,Deductive Reasoning,IM,3.88,8,0.125,3.63,4.12,N,,08/2023,Analyst
19-4042.00,1.A.1.b.4,Deductive Reasoning,LV,4.0,8,0.189,3.6296,4.3704,N,N,08/2023,Analyst
19-4042.00,1.A.1.b.5,Inductive Reasoning,IM,3.62,8,0.183,3.2664,3.9836,N,,08/2023,Analyst
19-4042.00,1.A.1.b.5,Inductive Reasoning,LV,3.88,8,0.2266,3.4309,4.3191,N,N,08/2023,Analyst
19-4042.00,1.A.1.b.6,Information Ordering,IM,3.38,8,0.183,3.0164,3.7336,N,,08/2023,Analyst
19-4042.00,1.A.1.b.6,Information Ordering,LV,3.75,8,0.25,3.26,4.24,N,N,08/2023,Analyst
19-4042.00,1.A.1.b.7,Category Flexibility,IM,3.25,8,0.1637,2.9292,3.5708,N,,08/2023,Analyst
19-4042.00,1.A.1.b.7,Category Flexibility,LV,3.75,8,0.25,3.26,4.24,N,N,08/2023,Analyst
19-4042.00,1.A.1.c.1,Mathematical Reasoning,IM,3.0,8,0.0,3.0,3.0,N,,08/2023,Analyst
19-4042.00,1.A.1.c.1,Mathematical Reasoning,LV,3.12,8,0.125,2.88,3.37,N,N,08/2023,Analyst
19-4042.00,1.A.1.c.2,Number Facility,IM,3.12,8,0.125,2.88,3.37,N,,08/2023,Analyst
19-4042.00,1.A.1.c.2,Number Facility,LV,3.12,8,0.125,2.88,3.37,N,N,08/2023,Analyst
19-4042.00,1.A.1.d.1,Memorization,IM,2.5,8,0.189,2.1296,2.8704,N,,08/2023,Analyst
19-4042.00,1.A.1.d.1,Memorization,LV,2.75,8,0.1637,2.4292,3.0708,N,N,08/2023,Analyst
19-4042.00,1.A.1.e.1,Speed of Closure,IM,2.88,8,0.2266,2.4309,3.3191,N,,08/2023,Analyst
19-4042.00,1.A.1.e.1,Speed of Closure,LV,2.88,8,0.2266,2.4309,3.3191,N,N,08/2023,Analyst
19-4042.00,1.A.1.e.2,Flexibility of Closure,IM,3.12,8,0.125,2.88,3.37,N,,08/2023,Analyst
19-4042.00,1.A.1.e.2,Flexibility of Closure,LV,3.12,8,0.125,2.88,3.37,N,N,08/2023,Analyst
19-4042.00,1.A.1.e.3,Perceptual Speed,IM,3.0,8,0.0,3.0,3.0,N,,08/2023,Analyst
19-4042.00,1.A.1.e.3,Perceptual Speed,LV,3.0,8,0.0,3.0,3.0,N,N,08/2023,Analyst
19-4042.00,1.A.1.f.1,Spatial Orientation,IM,2.0,8,0.189,1.6296,2.3704,N,,08/2023,Analyst
19-4042.00,1.A.1.f.1,Spatial Orientation,LV,1.75,8,0.25,1.26,2.24,N,N,08/2023,Analyst
19-4042.00,1.A.1.f.2,Visualization,IM,3.0,8,0.0,3.0,3.0,N,,08/2023,Analyst
19-4042.00,1.A.1.f.2,Visualization,LV,3.12,8,0.125,2.88,3.37,N,N,08/2023,Analyst
19-4042.00,1.A.1.g.1,Selective Attention,IM,3.0,8,0.0,3.0,3.0,N,,08/2023,Analyst
19-4042.00,1.A.1.g.1,Selective Attention,LV,2.88,8,0.125,2.63,3.12,N,N,08/2023,Analyst
19-4042.00,1.A.1.g.2,Time Sharing,IM,2.88,8,0.125,2.63,3.12,N,,08/2023,Analyst
19-4042.00,1.A.1.g.2,Time Sharing,LV,2.88,8,0.125,2.63,3.12,N,N,08/2023,Analyst
19-4042.00,1.A.2.a.1,Arm-Hand Steadiness,IM,3.0,8,0.0,3.0,3.0,N,,08/2023,Analyst
19-4042.00,1.A.2.a.1,Arm-Hand Steadiness,LV,2.88,8,0.125,2.63,3.12,N,N,08/2023,Analyst
19-4042.00,1.A.2.a.2,Manual Dexterity,IM,2.88,8,0.125,2.63,3.12,N,,08/2023,Analyst
19-4042.00,1.A.2.a.2,Manual Dexterity,LV,2.75,8,0.1637,2.4292,3.0708,N,N,08/2023,Analyst
19-4042.00,1.A.2.a.3,Finger Dexterity,IM,2.88,8,0.125,2.63,3.12,N,,08/2023,Analyst
19-4042.00,1.A.2.a.3,Finger Dexterity,LV,2.88,8,0.125,2.63,3.12,N,N,08/2023,Analyst
19-4042.00,1.A.2.b.1,Control Precision,IM,2.75,8,0.1637,2.4292,3.0708,N,,08/2023,Analyst
19-4042.00,1.A.2.b.1,Control Precision,LV,2.88,8,0.125,2.63,3.12,N,N,08/2023,Analyst
19-4042.00,1.A.2.b.2,Multilimb Coordination,IM,2.5,8,0.189,2.1296,2.8704,N,,08/2023,Analyst
19-4042.00,1.A.2.b.2,Multilimb Coordination,LV,2.5,8,0.189,2.1296,2.8704,N,N,08/2023,Analyst
19-4042.00,1.A.2.b.3,Response Orientation,IM,2.0,8,0.0,2.0,2.0,N,,08/2023,Analyst
19-4042.00,1.A.2.b.3,Response Orientation,LV,1.88,8,0.125,1.63,2.12,N,N,08/2023,Analyst
19-4042.00,1.A.2.b.4,Rate Control,IM,1.88,8,0.125,1.63,2.12,N,,08/2023,Analyst
19-4042.00,1.A.2.b.4,Rate Control,LV,1.75,8,0.25,1.26,2.24,N,N,08/2023,Analyst
19-4042.00,1.A.2.c.1,Reaction Time,IM,2.12,8,0.2266,1.6809,2.5691,N,,08/2023,Analyst
19-4042.00,1.A.2.c.1,Reaction Time,LV,2.25,8,0.366,1.5327,2.9673,N,N,08/2023,Analyst
19-4042.00,1.A.2.c.2,Wrist-Finger Speed,IM,2.0,8,0.0,2.0,2.0,N,,08/2023,Analyst
19-4042.00,1.A.2.c.2,Wrist-Finger Speed,LV,2.0,8,0.0,2.0,2.0,N,N,08/2023,Analyst
19-4042.00,1.A.2.c.3,Speed of Limb Movement,IM,1.25,8,0.1637,1.0,1.5708,N,,08/2023,Analyst
19-4042.00,1.A.2.c.3,Speed of Limb Movement,LV,0.25,8,0.1637,0.0,0.5708,N,Y,08/2023,Analyst
19-4042.00,1.A.3.a.1,Static Strength,IM,2.12,8,0.125,1.88,2.37,N,,08/2023,Analyst
19-4042.00,1.A.3.a.1,Static Strength,LV,1.88,8,0.125,1.63,2.12,N,N,08/2023,Analyst
19-4042.00,1.A.3.a.2,Explosive Strength,IM,1.5,8,0.189,1.1296,1.8704,N,,08/2023,Analyst
19-4042.00,1.A.3.a.2,Explosive Strength,LV,0.62,8,0.2631,0.1094,1.1406,N,N,08/2023,Analyst
19-4042.00,1.A.3.a.3,Dynamic Strength,IM,2.12,8,0.125,1.88,2.37,N,,08/2023,Analyst
19-4042.00,1.A.3.a.3,Dynamic Strength,LV,1.62,8,0.183,1.2664,1.9836,N,N,08/2023,Analyst
19-4042.00,1.A.3.a.4,Trunk Strength,IM,2.12,8,0.125,1.88,2.37,N,,08/2023,Analyst
19-4042.00,1.A.3.a.4,Trunk Strength,LV,2.12,8,0.125,1.88,2.37,N,N,08/2023,Analyst
19-4042.00,1.A.3.b.1,Stamina,IM,2.0,8,0.0,2.0,2.0,N,,08/2023,Analyst
19-4042.00,1.A.3.b.1,Stamina,LV,1.62,8,0.183,1.2664,1.9836,N,N,08/2023,Analyst
19-4042.00,1.A.3.c.1,Extent Flexibility,IM,1.88,8,0.125,1.63,2.12,N,,08/2023,Analyst
19-4042.00,1.A.3.c.1,Extent Flexibility,LV,1.75,8,0.25,1.26,2.24,N,N,08/2023,Analyst
19-4042.00,1.A.3.c.2,Dynamic Flexibility,IM,1.0,8,0.0,1.0,1.0,N,,08/2023,Analyst
19-4042.00,1.A.3.c.2,Dynamic Flexibility,LV,0.0,8,0.0,0.0,0.0,N,Y,08/2023,Analyst
19-4042.00,1.A.3.c.3,Gross Body Coordination,IM,2.0,8,0.0,2.0,2.0,N,,08/2023,Analyst
19-4042.00,1.A.3.c.3,Gross Body Coordination,LV,1.5,8,0.189,1.1296,1.8704,N,N,08/2023,Analyst
19-4042.00,1.A.3.c.4,Gross Body Equilibrium,IM,1.88,8,0.125,1.63,2.12,N,,08/2023,Analyst
19-4042.00,1.A.3.c.4,Gross Body Equilibrium,LV,1.0,8,0.189,0.6296,1.3704,N,N,08/2023,Analyst
19-4042.00,1.A.4.a.1,Near Vision,IM,3.88,8,0.125,3.63,4.12,N,,08/2023,Analyst
19-4042.00,1.A.4.a.1,Near Vision,LV,4.0,8,0.0,4.0,4.0,N,N,08/2023,Analyst
19-4042.00,1.A.4.a.2,Far Vision,IM,3.0,8,0.0,3.0,3.0,N,,08/2023,Analyst
19-4042.00,1.A.4.a.2,Far Vision,LV,3.12,8,0.125,2.88,3.37,N,N,08/2023,Analyst
19-4042.00,1.A.4.a.3,Visual Color Discrimination,IM,2.88,8,0.125,2.63,3.12,N,,08/2023,Analyst
19-4042.00,1.A.4.a.3,Visual Color Discrimination,LV,2.88,8,0.125,2.63,3.12,N,N,08/2023,Analyst
19-4042.00,1.A.4.a.4,Night Vision,IM,1.88,8,0.125,1.63,2.12,N,,08/2023,Analyst
19-4042.00,1.A.4.a.4,Night Vision,LV,1.62,8,0.2631,1.1094,2.1406,N,N,08/2023,Analyst
19-4042.00,1.A.4.a.5,Peripheral Vision,IM,1.88,8,0.125,1.63,2.12,N,,08/2023,Analyst
19-4042.00,1.A.4.a.5,Peripheral Vision,LV,1.75,8,0.25,1.26,2.24,N,N,08/2023,Analyst
19-4042.00,1.A.4.a.6,Depth Perception,IM,2.38,8,0.183,2.0164,2.7336,N,,08/2023,Analyst
19-4042.00,1.A.4.a.6,Depth Perception,LV,2.25,8,0.1637,1.9292,2.5708,N,N,08/2023,Analyst
19-4042.00,1.A.4.a.7,Glare Sensitivity,IM,1.88,8,0.125,1.63,2.12,N,,08/2023,Analyst
19-4042.00,1.A.4.a.7,Glare Sensitivity,LV,1.62,8,0.2631,1.1094,2.1406,N,N,08/2023,Analyst
19-4042.00,1.A.4.b.1,Hearing Sensitivity,IM,2.0,8,0.0,2.0,2.0,N,,08/2023,Analyst
19-4042.00,1.A.4.b.1,Hearing Sensitivity,LV,2.0,8,0.0,2.0,2.0,N,N,08/2023,Analyst
19-4042.00,1.A.4.b.2,Auditory Attention,IM,2.5,8,0.189,2.1296,2.8704,N,,08/2023,Analyst
19-4042.00,1.A.4.b.2,Auditory Attention,LV,2.5,8,0.189,2.1296,2.8704,N,N,08/2023,Analyst
19-4042.00,1.A.4.b.3,Sound Localization,IM,1.88,8,0.125,1.63,2.12,N,,08/2023,Analyst
19-4042.00,1.A.4.b.3,Sound Localization,LV,1.25,8,0.25,0.76,1.74,N,N,08/2023,Analyst
19-4042.00,1.A.4.b.4,Speech Recognition,IM,3.5,8,0.189,3.1296,3.8704,N,,08/2023,Analyst
19-4042.00,1.A.4.b.4,Speech Recognition,LV,3.12,8,0.125,2.88,3.37,N,N,08/2023,Analyst
19-4042.00,1.A.4.b.5,Speech Clarity,IM,3.62,8,0.183,3.2664,3.9836,N,,08/2023,Analyst
19-4042.00,1.A.4.b.5,Speech Clarity,LV,3.12,8,0.125,2.88,3.37,N,N,08/2023,Analyst
19-4043.00,1.A.1.a.1,Oral Comprehension,IM,3.75,8,0.1637,3.4292,4.0708,N,,08/2024,Analyst
19-4043.00,1.A.1.a.1,Oral Comprehension,LV,4.12,8,0.2266,3.6809,4.5691,N,N,08/2024,Analyst
19-4043.00,1.A.1.a.2,Written Comprehension,IM,3.88,8,0.125,3.63,4.12,N,,08/2024,Analyst
19-4043.00,1.A.1.a.2,Written Comprehension,LV,4.0,8,0.189,3.6296,4.3704,N,N,08/2024,Analyst
19-4043.00,1.A.1.a.3,Oral Expression,IM,3.38,8,0.183,3.0164,3.7336,N,,08/2024,Analyst
19-4043.00,1.A.1.a.3,Oral Expression,LV,3.88,8,0.2266,3.4309,4.3191,N,N,08/2024,Analyst
19-4043.00,1.A.1.a.4,Written Expression,IM,3.38,8,0.183,3.0164,3.7336,N,,08/2024,Analyst
19-4043.00,1.A.1.a.4,Written Expression,LV,3.38,8,0.183,3.0164,3.7336,N,N,08/2024,Analyst
19-4043.00,1.A.1.b.1,Fluency of Ideas,IM,2.88,8,0.125,2.63,3.12,N,,08/2024,Analyst
19-4043.00,1.A.1.b.1,Fluency of Ideas,LV,3.0,8,0.189,2.6296,3.3704,N,N,08/2024,Analyst
19-4043.00,1.A.1.b.2,Originality,IM,2.62,8,0.183,2.2664,2.9836,N,,08/2024,Analyst
19-4043.00,1.A.1.b.2,Originality,LV,2.75,8,0.1637,2.4292,3.0708,N,N,08/2024,Analyst
19-4043.00,1.A.1.b.3,Problem Sensitivity,IM,3.0,8,0.189,2.6296,3.3704,N,,08/2024,Analyst
19-4043.00,1.A.1.b.3,Problem Sensitivity,LV,3.25,8,0.1637,2.9292,3.5708,N,N,08/2024,Analyst
19-4043.00,1.A.1.b.4,Deductive Reasoning,IM,3.25,8,0.1637,2.9292,3.5708,N,,08/2024,Analyst
19-4043.00,1.A.1.b.4,Deductive Reasoning,LV,3.38,8,0.183,3.0164,3.7336,N,N,08/2024,Analyst
19-4043.00,1.A.1.b.5,Inductive Reasoning,IM,3.38,8,0.183,3.0164,3.7336,N,,08/2024,Analyst
19-4043.00,1.A.1.b.5,Inductive Reasoning,LV,3.38,8,0.183,3.0164,3.7336,N,N,08/2024,Analyst
19-4043.00,1.A.1.b.6,Information Ordering,IM,3.5,8,0.189,3.1296,3.8704,N,,08/2024,Analyst
19-4043.00,1.A.1.b.6,Information Ordering,LV,3.5,8,0.189,3.1296,3.8704,N,N,08/2024,Analyst
19-4043.00,1.A.1.b.7,Category Flexibility,IM,3.25,8,0.1637,2.9292,3.5708,N,,08/2024,Analyst
19-4043.00,1.A.1.b.7,Category Flexibility,LV,3.5,8,0.189,3.1296,3.8704,N,N,08/2024,Analyst
19-4043.00,1.A.1.c.1,Mathematical Reasoning,IM,3.0,8,0.189,2.6296,3.3704,N,,08/2024,Analyst
19-4043.00,1.A.1.c.1,Mathematical Reasoning,LV,3.25,8,0.1637,2.9292,3.5708,N,N,08/2024,Analyst
19-4043.00,1.A.1.c.2,Number Facility,IM,2.75,8,0.1637,2.4292,3.0708,N,,08/2024,Analyst
19-4043.00,1.A.1.c.2,Number Facility,LV,3.25,8,0.25,2.76,3.74,N,N,08/2024,Analyst
19-4043.00,1.A.1.d.1,Memorization,IM,2.38,8,0.183,2.0164,2.7336,N,,08/2024,Analyst
19-4043.00,1.A.1.d.1,Memorization,LV,2.5,8,0.189,2.1296,2.8704,N,N,08/2024,Analyst
19-4043.00,1.A.1.e.1,Speed of Closure,IM,2.38,8,0.183,2.0164,2.7336,N,,08/2024,Analyst
19-4043.00,1.A.1.e.1,Speed of Closure,LV,2.5,8,0.189,2.1296,2.8704,N,N,08/2024,Analyst
19-4043.00,1.A.1.e.2,Flexibility of Closure,IM,3.12,8,0.295,2.5467,3.7033,N,,08/2024,Analyst
19-4043.00,1.A.1.e.2,Flexibility of Closure,LV,3.5,8,0.2673,2.9762,4.0238,N,N,08/2024,Analyst
19-4043.00,1.A.1.e.3,Perceptual Speed,IM,3.0,8,0.189,2.6296,3.3704,N,,08/2024,Analyst
19-4043.00,1.A.1.e.3,Perceptual Speed,LV,3.0,8,0.189,2.6296,3.3704,N,N,08/2024,Analyst
19-4043.00,1.A.1.f.1,Spatial Orientation,IM,2.25,8,0.1637,1.9292,2.5708,N,,08/2024,Analyst
19-4043.00,1.A.1.f.1,Spatial Orientation,LV,1.62,8,0.183,1.2664,1.9836,N,N,08/2024,Analyst
19-4043.00,1.A.1.f.2,Visualization,IM,2.62,8,0.183,2.2664,2.9836,N,,08/2024,Analyst
19-4043.00,1.A.1.f.2,Visualization,LV,3.0,8,0.189,2.6296,3.3704,N,N,08/2024,Analyst
19-4043.00,1.A.1.g.1,Selective Attention,IM,3.0,8,0.189,2.6296,3.3704,N,,08/2024,Analyst
19-4043.00,1.A.1.g.1,Selective Attention,LV,2.75,8,0.1637,2.4292,3.0708,N,N,08/2024,Analyst
19-4043.00,1.A.1.g.2,Time Sharing,IM,2.5,8,0.189,2.1296,2.8704,N,,08/2024,Analyst
19-4043.00,1.A.1.g.2,Time Sharing,LV,2.75,8,0.1637,2.4292,3.0708,N,N,08/2024,Analyst
19-4043.00,1.A.2.a.1,Arm-Hand Steadiness,IM,2.75,8,0.1637,2.4292,3.0708,N,,08/2024,Analyst
19-4043.00,1.A.2.a.1,Arm-Hand Steadiness,LV,2.5,8,0.189,2.1296,2.8704,N,N,08/2024,Analyst
19-4043.00,1.A.2.a.2,Manual Dexterity,IM,2.5,8,0.189,2.1296,2.8704,N,,08/2024,Analyst
19-4043.00,1.A.2.a.2,Manual Dexterity,LV,2.12,8,0.295,1.5467,2.7033,N,N,08/2024,Analyst
19-4043.00,1.A.2.a.3,Finger Dexterity,IM,2.62,8,0.183,2.2664,2.9836,N,,08/2024,Analyst
19-4043.00,1.A.2.a.3,Finger Dexterity,LV,2.38,8,0.183,2.0164,2.7336,N,N,08/2024,Analyst
19-4043.00,1.A.2.b.1,Control Precision,IM,2.62,8,0.183,2.2664,2.9836,N,,08/2024,Analyst
19-4043.00,1.A.2.b.1,Control Precision,LV,2.62,8,0.2631,2.1094,3.1406,N,N,08/2024,Analyst
19-4043.00,1.A.2.b.2,Multilimb Coordination,IM,2.25,8,0.1637,1.9292,2.5708,N,,08/2024,Analyst
19-4043.00,1.A.2.b.2,Multilimb Coordination,LV,2.0,8,0.189,1.6296,2.3704,N,N,08/2024,Analyst
19-4043.00,1.A.2.b.3,Response Orientation,IM,2.0,8,0.189,1.6296,2.3704,N,,08/2024,Analyst
19-4043.00,1.A.2.b.3,Response Orientation,LV,1.62,8,0.375,0.89,2.36,N,N,08/2024,Analyst
19-4043.00,1.A.2.b.4,Rate Control,IM,2.12,8,0.125,1.88,2.37,N,,08/2024,Analyst
19-4043.00,1.A.2.b.4,Rate Control,LV,2.0,8,0.2673,1.4762,2.5238,N,N,08/2024,Analyst
19-4043.00,1.A.2.c.1,Reaction Time,IM,2.25,8,0.1637,1.9292,2.5708,N,,08/2024,Analyst
19-4043.00,1.A.2.c.1,Reaction Time,LV,2.12,8,0.295,1.5467,2.7033,N,N,08/2024,Analyst
19-4043.00,1.A.2.c.2,Wrist-Finger Speed,IM,2.5,8,0.2673,1.9762,3.0238,N,,08/2024,Analyst
19-4043.00,1.A.2.c.2,Wrist-Finger Speed,LV,2.12,8,0.2266,1.6809,2.5691,N,N,08/2024,Analyst
19-4043.00,1.A.2.c.3,Speed of Limb Movement,IM,1.25,8,0.1637,1.0,1.5708,N,,08/2024,Analyst
19-4043.00,1.A.2.c.3,Speed of Limb Movement,LV,0.38,8,0.2631,0.0,0.8906,N,Y,08/2024,Analyst
19-4043.00,1.A.3.a.1,Static Strength,IM,2.25,8,0.25,1.76,2.74,N,,08/2024,Analyst
19-4043.00,1.A.3.a.1,Static Strength,LV,2.0,8,0.3273,1.3584,2.6416,N,N,08/2024,Analyst
19-4043.00,1.A.3.a.2,Explosive Strength,IM,1.75,8,0.25,1.26,2.24,N,,08/2024,Analyst
19-4043.00,1.A.3.a.2,Explosive Strength,LV,1.12,8,0.3504,0.4383,1.8117,N,N,08/2024,Analyst
19-4043.00,1.A.3.a.3,Dynamic Strength,IM,1.88,8,0.2266,1.4309,2.3191,N,,08/2024,Analyst
19-4043.00,1.A.3.a.3,Dynamic Strength,LV,1.5,8,0.4226,0.6717,2.3283,N,N,08/2024,Analyst
19-4043.00,1.A.3.a.4,Trunk Strength,IM,2.25,8,0.25,1.76,2.74,N,,08/2024,Analyst
19-4043.00,1.A.3.a.4,Trunk Strength,LV,2.0,8,0.378,1.2592,2.7408,N,N,08/2024,Analyst
19-4043.00,1.A.3.b.1,Stamina,IM,1.88,8,0.2266,1.4309,2.3191,N,,08/2024,Analyst
19-4043.00,1.A.3.b.1,Stamina,LV,1.12,8,0.295,0.5467,1.7033,N,N,08/2024,Analyst
19-4043.00,1.A.3.c.1,Extent Flexibility,IM,2.12,8,0.295,1.5467,2.7033,N,,08/2024,Analyst
19-4043.00,1.A.3.c.1,Extent Flexibility,LV,1.75,8,0.4532,0.8618,2.6382,N,N,08/2024,Analyst
19-4043.00,1.A.3.c.2,Dynamic Flexibility,IM,1.0,8,0.0,1.0,1.0,N,,08/2024,Analyst
19-4043.00,1.A.3.c.2,Dynamic Flexibility,LV,0.0,8,0.0,0.0,0.0,N,Y,08/2024,Analyst
19-4043.00,1.A.3.c.3,Gross Body Coordination,IM,1.75,8,0.1637,1.4292,2.0708,N,,08/2024,Analyst
19-4043.00,1.A.3.c.3,Gross Body Coordination,LV,1.12,8,0.295,0.5467,1.7033,N,N,08/2024,Analyst
19-4043.00,1.A.3.c.4,Gross Body Equilibrium,IM,1.75,8,0.1637,1.4292,2.0708,N,,08/2024,Analyst
19-4043.00,1.A.3.c.4,Gross Body Equilibrium,LV,1.12,8,0.295,0.5467,1.7033,N,N,08/2024,Analyst
19-4043.00,1.A.4.a.1,Near Vision,IM,3.5,8,0.189,3.1296,3.8704,N,,08/2024,Analyst
19-4043.00,1.A.4.a.1,Near Vision,LV,3.75,8,0.25,3.26,4.24,N,N,08/2024,Analyst
19-4043.00,1.A.4.a.2,Far Vision,IM,3.0,8,0.189,2.6296,3.3704,N,,08/2024,Analyst
19-4043.00,1.A.4.a.2,Far Vision,LV,3.0,8,0.189,2.6296,3.3704,N,N,08/2024,Analyst
19-4043.00,1.A.4.a.3,Visual Color Discrimination,IM,2.88,8,0.2266,2.4309,3.3191,N,,08/2024,Analyst
19-4043.00,1.A.4.a.3,Visual Color Discrimination,LV,2.88,8,0.2266,2.4309,3.3191,N,N,08/2024,Analyst
19-4043.00,1.A.4.a.4,Night Vision,IM,1.75,8,0.25,1.26,2.24,N,,08/2024,Analyst
19-4043.00,1.A.4.a.4,Night Vision,LV,1.12,8,0.3981,0.3447,1.9053,N,N,08/2024,Analyst
19-4043.00,1.A.4.a.5,Peripheral Vision,IM,1.88,8,0.2266,1.4309,2.3191,N,,08/2024,Analyst
19-4043.00,1.A.4.a.5,Peripheral Vision,LV,1.25,8,0.366,0.5327,1.9673,N,N,08/2024,Analyst
19-4043.00,1.A.4.a.6,Depth Perception,IM,2.38,8,0.2631,1.8594,2.8906,N,,08/2024,Analyst
19-4043.00,1.A.4.a.6,Depth Perception,LV,2.0,8,0.378,1.2592,2.7408,N,N,08/2024,Analyst
19-4043.00,1.A.4.a.7,Glare Sensitivity,IM,1.75,8,0.1637,1.4292,2.0708,N,,08/2024,Analyst
19-4043.00,1.A.4.a.7,Glare Sensitivity,LV,1.12,8,0.295,0.5467,1.7033,N,N,08/2024,Analyst
19-4043.00,1.A.4.b.1,Hearing Sensitivity,IM,2.25,8,0.25,1.76,2.74,N,,08/2024,Analyst
19-4043.00,1.A.4.b.1,Hearing Sensitivity,LV,2.0,8,0.3273,1.3584,2.6416,N,N,08/2024,Analyst
19-4043.00,1.A.4.b.2,Auditory Attention,IM,2.25,8,0.25,1.76,2.74,N,,08/2024,Analyst
19-4043.00,1.A.4.b.2,Auditory Attention,LV,2.12,8,0.3504,1.4383,2.8117,N,N,08/2024,Analyst
19-4043.00,1.A.4.b.3,Sound Localization,IM,1.88,8,0.2266,1.4309,2.3191,N,,08/2024,Analyst
19-4043.00,1.A.4.b.3,Sound Localization,LV,1.25,8,0.3134,0.6358,1.8642,N,N,08/2024,Analyst
19-4043.00,1.A.4.b.4,Speech Recognition,IM,3.12,8,0.2266,2.6809,3.5691,N,,08/2024,Analyst
19-4043.00,1.A.4.b.4,Speech Recognition,LV,3.25,8,0.1637,2.9292,3.5708,N,N,08/2024,Analyst
19-4043.00,1.A.4.b.5,Speech Clarity,IM,3.25,8,0.25,2.76,3.74,N,,08/2024,Analyst
19-4043.00,1.A.4.b.5,Speech Clarity,LV,3.0,8,0.189,2.6296,3.3704,N,N,08/2024,Analyst
19-4051.00,1.A.1.a.1,Oral Comprehension,IM,3.88,8,0.125,3.63,4.12,N,,08/2024,Analyst
19-4051.00,1.A.1.a.1,Oral Comprehension,LV,4.25,8,0.1637,3.9292,4.5708,N,N,08/2024,Analyst
19-4051.00,1.A.1.a.2,Written Comprehension,IM,3.88,8,0.125,3.63,4.12,N,,08/2024,Analyst
19-4051.00,1.A.1.a.2,Written Comprehension,LV,4.0,8,0.189,3.6296,4.3704,N,N,08/2024,Analyst
19-4051.00,1.A.1.a.3,Oral Expression,IM,3.62,8,0.183,3.2664,3.9836,N,,08/2024,Analyst
19-4051.00,1.A.1.a.3,Oral Expression,LV,4.0,8,0.189,3.6296,4.3704,N,N,08/2024,Analyst
19-4051.00,1.A.1.a.4,Written Expression,IM,3.38,8,0.183,3.0164,3.7336,N,,08/2024,Analyst
19-4051.00,1.A.1.a.4,Written Expression,LV,3.62,8,0.183,3.2664,3.9836,N,N,08/2024,Analyst
19-4051.00,1.A.1.b.1,Fluency of Ideas,IM,2.75,8,0.1637,2.4292,3.0708,N,,08/2024,Analyst
19-4051.00,1.A.1.b.1,Fluency of Ideas,LV,2.62,8,0.183,2.2664,2.9836,N,N,08/2024,Analyst
19-4051.00,1.A.1.b.2,Originality,IM,2.75,8,0.1637,2.4292,3.0708,N,,08/2024,Analyst
19-4051.00,1.A.1.b.2,Originality,LV,2.62,8,0.183,2.2664,2.9836,N,N,08/2024,Analyst
19-4051.00,1.A.1.b.3,Problem Sensitivity,IM,4.0,8,0.189,3.6296,4.3704,N,,08/2024,Analyst
19-4051.00,1.A.1.b.3,Problem Sensitivity,LV,3.75,8,0.25,3.26,4.24,N,N,08/2024,Analyst
19-4051.00,1.A.1.b.4,Deductive Reasoning,IM,3.5,8,0.189,3.1296,3.8704,N,,08/2024,Analyst
19-4051.00,1.A.1.b.4,Deductive Reasoning,LV,3.62,8,0.183,3.2664,3.9836,N,N,08/2024,Analyst
19-4051.00,1.A.1.b.5,Inductive Reasoning,IM,3.62,8,0.183,3.2664,3.9836,N,,08/2024,Analyst
19-4051.00,1.A.1.b.5,Inductive Reasoning,LV,3.38,8,0.183,3.0164,3.7336,N,N,08/2024,Analyst
19-4051.00,1.A.1.b.6,Information Ordering,IM,3.88,8,0.2266,3.4309,4.3191,N,,08/2024,Analyst
19-4051.00,1.A.1.b.6,Information Ordering,LV,3.5,8,0.189,3.1296,3.8704,N,N,08/2024,Analyst
19-4051.00,1.A.1.b.7,Category Flexibility,IM,3.25,8,0.1637,2.9292,3.5708,N,,08/2024,Analyst
19-4051.00,1.A.1.b.7,Category Flexibility,LV,3.12,8,0.125,2.88,3.37,N,N,08/2024,Analyst
19-4051.00,1.A.1.c.1,Mathematical Reasoning,IM,2.88,8,0.295,2.2967,3.4533,N,,08/2024,Analyst
19-4051.00,1.A.1.c.1,Mathematical Reasoning,LV,2.88,8,0.2266,2.4309,3.3191,N,N,08/2024,Analyst
19-4051.00,1.A.1.c.2,Number Facility,IM,2.62,8,0.2631,2.1094,3.1406,N,,08/2024,Analyst
19-4051.00,1.A.1.c.2,Number Facility,LV,2.75,8,0.25,2.26,3.24,N,N,08/2024,Analyst
19-4051.00,1.A.1.d.1,Memorization,IM,2.5,8,0.3273,1.8584,3.1416,N,,08/2024,Analyst
19-4051.00,1.A.1.d.1,Memorization,LV,2.5,8,0.4226,1.6717,3.3283,N,N,08/2024,Analyst
19-4051.00,1.A.1.e.1,Speed of Closure,IM,2.75,8,0.25,2.26,3.24,N,,08/2024,Analyst
19-4051.00,1.A.1.e.1,Speed of Closure,LV,2.75,8,0.25,2.26,3.24,N,N,08/2024,Analyst
19-4051.00,1.A.1.e.2,Flexibility of Closure,IM,3.25,8,0.3134,2.6358,3.8642,N,,08/2024,Analyst
19-4051.00,1.A.1.e.2,Flexibility of Closure,LV,3.62,8,0.2631,3.1094,4.1406,N,N,08/2024,Analyst
19-4051.00,1.A.1.e.3,Perceptual Speed,IM,3.62,8,0.2631,3.1094,4.1406,N,,08/2024,Analyst
19-4051.00,1.A.1.e.3,Perceptual Speed,LV,3.75,8,0.1637,3.4292,4.0708,N,N,08/2024,Analyst
19-4051.00,1.A.1.f.1,Spatial Orientation,IM,2.0,8,0.189,1.6296,2.3704,N,,08/2024,Analyst
19-4051.00,1.A.1.f.1,Spatial Orientation,LV,1.62,8,0.3239,0.9902,2.2598,N,N,08/2024,Analyst
19-4051.00,1.A.1.f.2,Visualization,IM,2.62,8,0.183,2.2664,2.9836,N,,08/2024,Analyst
19-4051.00,1.A.1.f.2,Visualization,LV,2.62,8,0.3239,1.9902,3.2598,N,N,08/2024,Analyst
19-4051.00,1.A.1.g.1,Selective Attention,IM,3.25,8,0.25,2.76,3.74,N,,08/2024,Analyst
19-4051.00,1.A.1.g.1,Selective Attention,LV,3.5,8,0.2673,2.9762,4.0238,N,N,08/2024,Analyst
19-4051.00,1.A.1.g.2,Time Sharing,IM,3.12,8,0.295,2.5467,3.7033,N,,08/2024,Analyst
19-4051.00,1.A.1.g.2,Time Sharing,LV,3.25,8,0.3134,2.6358,3.8642,N,N,08/2024,Analyst
19-4051.00,1.A.2.a.1,Arm-Hand Steadiness,IM,3.12,8,0.2266,2.6809,3.5691,N,,08/2024,Analyst
19-4051.00,1.A.2.a.1,Arm-Hand Steadiness,LV,2.88,8,0.295,2.2967,3.4533,N,N,08/2024,Analyst
19-4051.00,1.A.2.a.2,Manual Dexterity,IM,3.12,8,0.2266,2.6809,3.5691,N,,08/2024,Analyst
19-4051.00,1.A.2.a.2,Manual Dexterity,LV,2.88,8,0.295,2.2967,3.4533,N,N,08/2024,Analyst
19-4051.00,1.A.2.a.3,Finger Dexterity,IM,3.12,8,0.2266,2.6809,3.5691,N,,08/2024,Analyst
19-4051.00,1.A.2.a.3,Finger Dexterity,LV,2.62,8,0.3239,1.9902,3.2598,N,N,08/2024,Analyst
19-4051.00,1.A.2.b.1,Control Precision,IM,3.12,8,0.125,2.88,3.37,N,,08/2024,Analyst
19-4051.00,1.A.2.b.1,Control Precision,LV,3.0,8,0.189,2.6296,3.3704,N,N,08/2024,Analyst
19-4051.00,1.A.2.b.2,Multilimb Coordination,IM,2.75,8,0.25,2.26,3.24,N,,08/2024,Analyst
19-4051.00,1.A.2.b.2,Multilimb Coordination,LV,2.5,8,0.2673,1.9762,3.0238,N,N,08/2024,Analyst
19-4051.00,1.A.2.b.3,Response Orientation,IM,2.5,8,0.2673,1.9762,3.0238,N,,08/2024,Analyst
19-4051.00,1.A.2.b.3,Response Orientation,LV,1.88,8,0.295,1.2967,2.4533,N,N,08/2024,Analyst
19-4051.00,1.A.2.b.4,Rate Control,IM,2.62,8,0.2631,2.1094,3.1406,N,,08/2024,Analyst
19-4051.00,1.A.2.b.4,Rate Control,LV,2.12,8,0.295,1.5467,2.7033,N,N,08/2024,Analyst
19-4051.00,1.A.2.c.1,Reaction Time,IM,3.0,8,0.2673,2.4762,3.5238,N,,08/2024,Analyst
19-4051.00,1.A.2.c.1,Reaction Time,LV,3.38,8,0.2631,2.8594,3.8906,N,N,08/2024,Analyst
19-4051.00,1.A.2.c.2,Wrist-Finger Speed,IM,2.88,8,0.3981,2.0947,3.6553,N,,08/2024,Analyst
19-4051.00,1.A.2.c.2,Wrist-Finger Speed,LV,2.62,8,0.2631,2.1094,3.1406,N,N,08/2024,Analyst
19-4051.00,1.A.2.c.3,Speed of Limb Movement,IM,1.38,8,0.375,1.0,2.11,N,,08/2024,Analyst
19-4051.00,1.A.2.c.3,Speed of Limb Movement,LV,0.38,8,0.375,0.0,1.11,N,Y,08/2024,Analyst
19-4051.00,1.A.3.a.1,Static Strength,IM,2.25,8,0.25,1.76,2.74,N,,08/2024,Analyst
19-4051.00,1.A.3.a.1,Static Strength,LV,1.75,8,0.3134,1.1358,2.3642,N,N,08/2024,Analyst
19-4051.00,1.A.3.a.2,Explosive Strength,IM,2.12,8,0.295,1.5467,2.7033,N,,08/2024,Analyst
19-4051.00,1.A.3.a.2,Explosive Strength,LV,1.62,8,0.375,0.89,2.36,N,N,08/2024,Analyst
19-4051.00,1.A.3.a.3,Dynamic Strength,IM,1.88,8,0.2266,1.4309,2.3191,N,,08/2024,Analyst
19-4051.00,1.A.3.a.3,Dynamic Strength,LV,1.12,8,0.3504,0.4383,1.8117,N,N,08/2024,Analyst
19-4051.00,1.A.3.a.4,Trunk Strength,IM,2.62,8,0.183,2.2664,2.9836,N,,08/2024,Analyst
19-4051.00,1.A.3.a.4,Trunk Strength,LV,2.38,8,0.2631,1.8594,2.8906,N,N,08/2024,Analyst
19-4051.00,1.A.3.b.1,Stamina,IM,2.12,8,0.2266,1.6809,2.5691,N,,08/2024,Analyst
19-4051.00,1.A.3.b.1,Stamina,LV,1.5,8,0.3273,0.8584,2.1416,N,N,08/2024,Analyst
19-4051.00,1.A.3.c.1,Extent Flexibility,IM,2.38,8,0.2631,1.8594,2.8906,N,,08/2024,Analyst
19-4051.00,1.A.3.c.1,Extent Flexibility,LV,2.38,8,0.375,1.64,3.11,N,N,08/2024,Analyst
19-4051.00,1.A.3.c.2,Dynamic Flexibility,IM,1.25,8,0.25,1.0,1.74,N,,08/2024,Analyst
19-4051.00,1.A.3.c.2,Dynamic Flexibility,LV,0.38,8,0.375,0.0,1.11,N,Y,08/2024,Analyst
19-4051.00,1.A.3.c.3,Gross Body Coordination,IM,2.0,8,0.189,1.6296,2.3704,N,,08/2024,Analyst
19-4051.00,1.A.3.c.3,Gross Body Coordination,LV,1.5,8,0.3273,0.8584,2.1416,N,N,08/2024,Analyst
19-4051.00,1.A.3.c.4,Gross Body Equilibrium,IM,2.12,8,0.2266,1.6809,2.5691,N,,08/2024,Analyst
19-4051.00,1.A.3.c.4,Gross Body Equilibrium,LV,1.62,8,0.3239,0.9902,2.2598,N,N,08/2024,Analyst
19-4051.00,1.A.4.a.1,Near Vision,IM,3.5,8,0.189,3.1296,3.8704,N,,08/2024,Analyst
19-4051.00,1.A.4.a.1,Near Vision,LV,3.75,8,0.25,3.26,4.24,N,N,08/2024,Analyst
19-4051.00,1.A.4.a.2,Far Vision,IM,3.25,8,0.25,2.76,3.74,N,,08/2024,Analyst
19-4051.00,1.A.4.a.2,Far Vision,LV,3.25,8,0.1637,2.9292,3.5708,N,N,08/2024,Analyst
19-4051.00,1.A.4.a.3,Visual Color Discrimination,IM,3.25,8,0.25,2.76,3.74,N,,08/2024,Analyst
19-4051.00,1.A.4.a.3,Visual Color Discrimination,LV,3.12,8,0.295,2.5467,3.7033,N,N,08/2024,Analyst
19-4051.00,1.A.4.a.4,Night Vision,IM,1.75,8,0.25,1.26,2.24,N,,08/2024,Analyst
19-4051.00,1.A.4.a.4,Night Vision,LV,1.0,8,0.3273,0.3584,1.6416,N,N,08/2024,Analyst
19-4051.00,1.A.4.a.5,Peripheral Vision,IM,1.88,8,0.2266,1.4309,2.3191,N,,08/2024,Analyst
19-4051.00,1.A.4.a.5,Peripheral Vision,LV,1.25,8,0.366,0.5327,1.9673,N,N,08/2024,Analyst
19-4051.00,1.A.4.a.6,Depth Perception,IM,2.25,8,0.1637,1.9292,2.5708,N,,08/2024,Analyst
19-4051.00,1.A.4.a.6,Depth Perception,LV,2.0,8,0.189,1.6296,2.3704,N,N,08/2024,Analyst
19-4051.00,1.A.4.a.7,Glare Sensitivity,IM,1.88,8,0.2266,1.4309,2.3191,N,,08/2024,Analyst
19-4051.00,1.A.4.a.7,Glare Sensitivity,LV,1.12,8,0.295,0.5467,1.7033,N,N,08/2024,Analyst
19-4051.00,1.A.4.b.1,Hearing Sensitivity,IM,2.75,8,0.3134,2.1358,3.3642,N,,08/2024,Analyst
19-4051.00,1.A.4.b.1,Hearing Sensitivity,LV,2.5,8,0.4226,1.6717,3.3283,N,N,08/2024,Analyst
19-4051.00,1.A.4.b.2,Auditory Attention,IM,2.5,8,0.3273,1.8584,3.1416,N,,08/2024,Analyst
19-4051.00,1.A.4.b.2,Auditory Attention,LV,2.62,8,0.4605,1.7224,3.5276,N,N,08/2024,Analyst
19-4051.00,1.A.4.b.3,Sound Localization,IM,1.62,8,0.183,1.2664,1.9836,N,,08/2024,Analyst
19-4051.00,1.A.4.b.3,Sound Localization,LV,1.0,8,0.3273,0.3584,1.6416,N,N,08/2024,Analyst
19-4051.00,1.A.4.b.4,Speech Recognition,IM,3.38,8,0.183,3.0164,3.7336,N,,08/2024,Analyst
19-4051.00,1.A.4.b.4,Speech Recognition,LV,3.25,8,0.25,2.76,3.74,N,N,08/2024,Analyst
19-4051.00,1.A.4.b.5,Speech Clarity,IM,3.38,8,0.183,3.0164,3.7336,N,,08/2024,Analyst
19-4051.00,1.A.4.b.5,Speech Clarity,LV,3.25,8,0.1637,2.9292,3.5708,N,N,08/2024,Analyst
19-4051.02,1.A.1.a.1,Oral Comprehension,IM,4.0,8,0.0,4.0,4.0,N,,07/2014,Analyst
19-4051.02,1.A.1.a.1,Oral Comprehension,LV,4.0,8,0.0,4.0,4.0,N,N,07/2014,Analyst
19-4051.02,1.A.1.a.2,Written Comprehension,IM,3.88,8,0.125,3.63,4.12,N,,07/2014,Analyst
19-4051.02,1.A.1.a.2,Written Comprehension,LV,4.0,8,0.0,4.0,4.0,N,N,07/2014,Analyst
19-4051.02,1.A.1.a.3,Oral Expression,IM,4.0,8,0.189,3.6296,4.3704,N,,07/2014,Analyst
19-4051.02,1.A.1.a.3,Oral Expression,LV,4.0,8,0.0,4.0,4.0,N,N,07/2014,Analyst
19-4051.02,1.A.1.a.4,Written Expression,IM,3.75,8,0.1637,3.4292,4.0708,N,,07/2014,Analyst
19-4051.02,1.A.1.a.4,Written Expression,LV,3.88,8,0.125,3.63,4.12,N,N,07/2014,Analyst
19-4051.02,1.A.1.b.1,Fluency of Ideas,IM,2.88,8,0.125,2.63,3.12,N,,07/2014,Analyst
19-4051.02,1.A.1.b.1,Fluency of Ideas,LV,3.0,8,0.0,3.0,3.0,N,N,07/2014,Analyst
19-4051.02,1.A.1.b.2,Originality,IM,3.0,8,0.0,3.0,3.0,N,,07/2014,Analyst
19-4051.02,1.A.1.b.2,Originality,LV,3.0,8,0.0,3.0,3.0,N,N,07/2014,Analyst
19-4051.02,1.A.1.b.3,Problem Sensitivity,IM,4.12,8,0.125,3.88,4.37,N,,07/2014,Analyst
19-4051.02,1.A.1.b.3,Problem Sensitivity,LV,4.25,8,0.1637,3.9292,4.5708,N,N,07/2014,Analyst
19-4051.02,1.A.1.b.4,Deductive Reasoning,IM,4.0,8,0.0,4.0,4.0,N,,07/2014,Analyst
19-4051.02,1.A.1.b.4,Deductive Reasoning,LV,4.0,8,0.0,4.0,4.0,N,N,07/2014,Analyst
19-4051.02,1.A.1.b.5,Inductive Reasoning,IM,4.0,8,0.0,4.0,4.0,N,,07/2014,Analyst
19-4051.02,1.A.1.b.5,Inductive Reasoning,LV,4.0,8,0.0,4.0,4.0,N,N,07/2014,Analyst
19-4051.02,1.A.1.b.6,Information Ordering,IM,3.75,8,0.1637,3.4292,4.0708,N,,07/2014,Analyst
19-4051.02,1.A.1.b.6,Information Ordering,LV,3.88,8,0.125,3.63,4.12,N,N,07/2014,Analyst
19-4051.02,1.A.1.b.7,Category Flexibility,IM,3.5,8,0.189,3.1296,3.8704,N,,07/2014,Analyst
19-4051.02,1.A.1.b.7,Category Flexibility,LV,3.62,8,0.183,3.2664,3.9836,N,N,07/2014,Analyst
19-4051.02,1.A.1.c.1,Mathematical Reasoning,IM,3.12,8,0.125,2.88,3.37,N,,07/2014,Analyst
19-4051.02,1.A.1.c.1,Mathematical Reasoning,LV,3.0,8,0.0,3.0,3.0,N,N,07/2014,Analyst
19-4051.02,1.A.1.c.2,Number Facility,IM,3.12,8,0.125,2.88,3.37,N,,07/2014,Analyst
19-4051.02,1.A.1.c.2,Number Facility,LV,3.0,8,0.0,3.0,3.0,N,N,07/2014,Analyst
19-4051.02,1.A.1.d.1,Memorization,IM,2.62,8,0.183,2.2664,2.9836,N,,07/2014,Analyst
19-4051.02,1.A.1.d.1,Memorization,LV,2.88,8,0.125,2.63,3.12,N,N,07/2014,Analyst
19-4051.02,1.A.1.e.1,Speed of Closure,IM,2.75,8,0.1637,2.4292,3.0708,N,,07/2014,Analyst
19-4051.02,1.A.1.e.1,Speed of Closure,LV,2.75,8,0.1637,2.4292,3.0708,N,N,07/2014,Analyst
19-4051.02,1.A.1.e.2,Flexibility of Closure,IM,3.38,8,0.183,3.0164,3.7336,N,,07/2014,Analyst
19-4051.02,1.A.1.e.2,Flexibility of Closure,LV,3.12,8,0.125,2.88,3.37,N,N,07/2014,Analyst
19-4051.02,1.A.1.e.3,Perceptual Speed,IM,3.62,8,0.183,3.2664,3.9836,N,,07/2014,Analyst
19-4051.02,1.A.1.e.3,Perceptual Speed,LV,3.38,8,0.183,3.0164,3.7336,N,N,07/2014,Analyst
19-4051.02,1.A.1.f.1,Spatial Orientation,IM,1.12,8,0.125,1.0,1.37,N,,07/2014,Analyst
19-4051.02,1.A.1.f.1,Spatial Orientation,LV,0.25,8,0.25,0.0,0.74,N,Y,07/2014,Analyst
19-4051.02,1.A.1.f.2,Visualization,IM,2.88,8,0.125,2.63,3.12,N,,07/2014,Analyst
19-4051.02,1.A.1.f.2,Visualization,LV,2.88,8,0.125,2.63,3.12,N,N,07/2014,Analyst
19-4051.02,1.A.1.g.1,Selective Attention,IM,3.75,8,0.1637,3.4292,4.0708,N,,07/2014,Analyst
19-4051.02,1.A.1.g.1,Selective Attention,LV,3.88,8,0.125,3.63,4.12,N,N,07/2014,Analyst
19-4051.02,1.A.1.g.2,Time Sharing,IM,3.0,8,0.0,3.0,3.0,N,,07/2014,Analyst
19-4051.02,1.A.1.g.2,Time Sharing,LV,2.88,8,0.125,2.63,3.12,N,N,07/2014,Analyst
19-4051.02,1.A.2.a.1,Arm-Hand Steadiness,IM,3.0,8,0.0,3.0,3.0,N,,07/2014,Analyst
19-4051.02,1.A.2.a.1,Arm-Hand Steadiness,LV,3.0,8,0.0,3.0,3.0,N,N,07/2014,Analyst
19-4051.02,1.A.2.a.2,Manual Dexterity,IM,2.75,8,0.1637,2.4292,3.0708,N,,07/2014,Analyst
19-4051.02,1.A.2.a.2,Manual Dexterity,LV,2.38,8,0.183,2.0164,2.7336,N,N,07/2014,Analyst
19-4051.02,1.A.2.a.3,Finger Dexterity,IM,2.88,8,0.125,2.63,3.12,N,,07/2014,Analyst
19-4051.02,1.A.2.a.3,Finger Dexterity,LV,3.0,8,0.0,3.0,3.0,N,N,07/2014,Analyst
19-4051.02,1.A.2.b.1,Control Precision,IM,2.75,8,0.1637,2.4292,3.0708,N,,07/2014,Analyst
19-4051.02,1.A.2.b.1,Control Precision,LV,2.75,8,0.1637,2.4292,3.0708,N,N,07/2014,Analyst
19-4051.02,1.A.2.b.2,Multilimb Coordination,IM,2.12,8,0.125,1.88,2.37,N,,07/2014,Analyst
19-4051.02,1.A.2.b.2,Multilimb Coordination,LV,2.0,8,0.0,2.0,2.0,N,N,07/2014,Analyst
19-4051.02,1.A.2.b.3,Response Orientation,IM,2.12,8,0.125,1.88,2.37,N,,07/2014,Analyst
19-4051.02,1.A.2.b.3,Response Orientation,LV,2.0,8,0.189,1.6296,2.3704,N,N,07/2014,Analyst
19-4051.02,1.A.2.b.4,Rate Control,IM,2.0,8,0.0,2.0,2.0,N,,07/2014,Analyst
19-4051.02,1.A.2.b.4,Rate Control,LV,1.75,8,0.1637,1.4292,2.0708,N,N,07/2014,Analyst
19-4051.02,1.A.2.c.1,Reaction Time,IM,2.25,8,0.1637,1.9292,2.5708,N,,07/2014,Analyst
19-4051.02,1.A.2.c.1,Reaction Time,LV,2.5,8,0.189,2.1296,2.8704,N,N,07/2014,Analyst
19-4051.02,1.A.2.c.2,Wrist-Finger Speed,IM,2.0,8,0.0,2.0,2.0,N,,07/2014,Analyst
19-4051.02,1.A.2.c.2,Wrist-Finger Speed,LV,1.75,8,0.1637,1.4292,2.0708,N,N,07/2014,Analyst
19-4051.02,1.A.2.c.3,Speed of Limb Movement,IM,1.75,8,0.1637,1.4292,2.0708,N,,07/2014,Analyst
19-4051.02,1.A.2.c.3,Speed of Limb Movement,LV,1.25,8,0.3134,0.6358,1.8642,N,N,07/2014,Analyst
19-4051.02,1.A.3.a.1,Static Strength,IM,2.12,8,0.125,1.88,2.37,N,,07/2014,Analyst
19-4051.02,1.A.3.a.1,Static Strength,LV,2.0,8,0.0,2.0,2.0,N,N,07/2014,Analyst
19-4051.02,1.A.3.a.2,Explosive Strength,IM,1.0,8,0.0,1.0,1.0,N,,07/2014,Analyst
19-4051.02,1.A.3.a.2,Explosive Strength,LV,0.0,8,0.0,0.0,0.0,N,Y,07/2014,Analyst
19-4051.02,1.A.3.a.3,Dynamic Strength,IM,2.0,8,0.0,2.0,2.0,N,,07/2014,Analyst
19-4051.02,1.A.3.a.3,Dynamic Strength,LV,1.5,8,0.189,1.1296,1.8704,N,N,07/2014,Analyst
19-4051.02,1.A.3.a.4,Trunk Strength,IM,2.12,8,0.125,1.88,2.37,N,,07/2014,Analyst
19-4051.02,1.A.3.a.4,Trunk Strength,LV,2.0,8,0.0,2.0,2.0,N,N,07/2014,Analyst
19-4051.02,1.A.3.b.1,Stamina,IM,2.12,8,0.125,1.88,2.37,N,,07/2014,Analyst
19-4051.02,1.A.3.b.1,Stamina,LV,1.62,8,0.183,1.2664,1.9836,N,N,07/2014,Analyst
19-4051.02,1.A.3.c.1,Extent Flexibility,IM,2.12,8,0.125,1.88,2.37,N,,07/2014,Analyst
19-4051.02,1.A.3.c.1,Extent Flexibility,LV,1.88,8,0.125,1.63,2.12,N,N,07/2014,Analyst
19-4051.02,1.A.3.c.2,Dynamic Flexibility,IM,1.0,8,0.0,1.0,1.0,N,,07/2014,Analyst
19-4051.02,1.A.3.c.2,Dynamic Flexibility,LV,0.0,8,0.0,0.0,0.0,N,Y,07/2014,Analyst
19-4051.02,1.A.3.c.3,Gross Body Coordination,IM,2.0,8,0.0,2.0,2.0,N,,07/2014,Analyst
19-4051.02,1.A.3.c.3,Gross Body Coordination,LV,1.62,8,0.183,1.2664,1.9836,N,N,07/2014,Analyst
19-4051.02,1.A.3.c.4,Gross Body Equilibrium,IM,2.12,8,0.125,1.88,2.37,N,,07/2014,Analyst
19-4051.02,1.A.3.c.4,Gross Body Equilibrium,LV,1.88,8,0.125,1.63,2.12,N,N,07/2014,Analyst
19-4051.02,1.A.4.a.1,Near Vision,IM,3.88,8,0.125,3.63,4.12,N,,07/2014,Analyst
19-4051.02,1.A.4.a.1,Near Vision,LV,4.0,8,0.0,4.0,4.0,N,N,07/2014,Analyst
19-4051.02,1.A.4.a.2,Far Vision,IM,3.0,8,0.0,3.0,3.0,N,,07/2014,Analyst
19-4051.02,1.A.4.a.2,Far Vision,LV,3.12,8,0.125,2.88,3.37,N,N,07/2014,Analyst
19-4051.02,1.A.4.a.3,Visual Color Discrimination,IM,3.0,8,0.189,2.6296,3.3704,N,,07/2014,Analyst
19-4051.02,1.A.4.a.3,Visual Color Discrimination,LV,3.25,8,0.1637,2.9292,3.5708,N,N,07/2014,Analyst
19-4051.02,1.A.4.a.4,Night Vision,IM,1.0,8,0.0,1.0,1.0,N,,07/2014,Analyst
19-4051.02,1.A.4.a.4,Night Vision,LV,0.0,8,0.0,0.0,0.0,N,Y,07/2014,Analyst
19-4051.02,1.A.4.a.5,Peripheral Vision,IM,1.0,8,0.0,1.0,1.0,N,,07/2014,Analyst
19-4051.02,1.A.4.a.5,Peripheral Vision,LV,0.0,8,0.0,0.0,0.0,N,Y,07/2014,Analyst
19-4051.02,1.A.4.a.6,Depth Perception,IM,2.25,8,0.1637,1.9292,2.5708,N,,07/2014,Analyst
19-4051.02,1.A.4.a.6,Depth Perception,LV,2.0,8,0.0,2.0,2.0,N,N,07/2014,Analyst
19-4051.02,1.A.4.a.7,Glare Sensitivity,IM,2.0,8,0.0,2.0,2.0,N,,07/2014,Analyst
19-4051.02,1.A.4.a.7,Glare Sensitivity,LV,1.12,8,0.125,0.88,1.37,N,N,07/2014,Analyst
19-4051.02,1.A.4.b.1,Hearing Sensitivity,IM,2.75,8,0.1637,2.4292,3.0708,N,,07/2014,Analyst
19-4051.02,1.A.4.b.1,Hearing Sensitivity,LV,2.25,8,0.1637,1.9292,2.5708,N,N,07/2014,Analyst
19-4051.02,1.A.4.b.2,Auditory Attention,IM,2.88,8,0.125,2.63,3.12,N,,07/2014,Analyst
19-4051.02,1.A.4.b.2,Auditory Attention,LV,2.88,8,0.125,2.63,3.12,N,N,07/2014,Analyst
19-4051.02,1.A.4.b.3,Sound Localization,IM,1.0,8,0.0,1.0,1.0,N,,07/2014,Analyst
19-4051.02,1.A.4.b.3,Sound Localization,LV,0.0,8,0.0,0.0,0.0,N,Y,07/2014,Analyst
19-4051.02,1.A.4.b.4,Speech Recognition,IM,3.12,8,0.125,2.88,3.37,N,,07/2014,Analyst
19-4051.02,1.A.4.b.4,Speech Recognition,LV,3.25,8,0.1637,2.9292,3.5708,N,N,07/2014,Analyst
19-4051.02,1.A.4.b.5,Speech Clarity,IM,3.5,8,0.189,3.1296,3.8704,N,,07/2014,Analyst
19-4051.02,1.A.4.b.5,Speech Clarity,LV,3.12,8,0.125,2.88,3.37,N,N,07/2014,Analyst
19-4061.00,1.A.1.a.1,Oral Comprehension,IM,4.0,8,0.0,4.0,4.0,N,,08/2019,Analyst
19-4061.00,1.A.1.a.1,Oral Comprehension,LV,4.12,8,0.125,3.88,4.37,N,N,08/2019,Analyst
19-4061.00,1.A.1.a.2,Written Comprehension,IM,4.0,8,0.0,4.0,4.0,N,,08/2019,Analyst
19-4061.00,1.A.1.a.2,Written Comprehension,LV,4.25,8,0.1637,3.9292,4.5708,N,N,08/2019,Analyst
19-4061.00,1.A.1.a.3,Oral Expression,IM,4.0,8,0.0,4.0,4.0,N,,08/2019,Analyst
19-4061.00,1.A.1.a.3,Oral Expression,LV,4.25,8,0.1637,3.9292,4.5708,N,N,08/2019,Analyst
19-4061.00,1.A.1.a.4,Written Expression,IM,3.75,8,0.1637,3.4292,4.0708,N,,08/2019,Analyst
19-4061.00,1.A.1.a.4,Written Expression,LV,3.88,8,0.125,3.63,4.12,N,N,08/2019,Analyst
19-4061.00,1.A.1.b.1,Fluency of Ideas,IM,3.0,8,0.0,3.0,3.0,N,,08/2019,Analyst
19-4061.00,1.A.1.b.1,Fluency of Ideas,LV,3.0,8,0.0,3.0,3.0,N,N,08/2019,Analyst
19-4061.00,1.A.1.b.2,Originality,IM,3.0,8,0.0,3.0,3.0,N,,08/2019,Analyst
19-4061.00,1.A.1.b.2,Originality,LV,3.0,8,0.0,3.0,3.0,N,N,08/2019,Analyst
19-4061.00,1.A.1.b.3,Problem Sensitivity,IM,3.12,8,0.125,2.88,3.37,N,,08/2019,Analyst
19-4061.00,1.A.1.b.3,Problem Sensitivity,LV,3.5,8,0.189,3.1296,3.8704,N,N,08/2019,Analyst
19-4061.00,1.A.1.b.4,Deductive Reasoning,IM,3.5,8,0.189,3.1296,3.8704,N,,08/2019,Analyst
19-4061.00,1.A.1.b.4,Deductive Reasoning,LV,3.75,8,0.1637,3.4292,4.0708,N,N,08/2019,Analyst
19-4061.00,1.A.1.b.5,Inductive Reasoning,IM,3.25,8,0.1637,2.9292,3.5708,N,,08/2019,Analyst
19-4061.00,1.A.1.b.5,Inductive Reasoning,LV,3.5,8,0.2673,2.9762,4.0238,N,N,08/2019,Analyst
19-4061.00,1.A.1.b.6,Information Ordering,IM,3.62,8,0.183,3.2664,3.9836,N,,08/2019,Analyst
19-4061.00,1.A.1.b.6,Information Ordering,LV,3.38,8,0.183,3.0164,3.7336,N,N,08/2019,Analyst
19-4061.00,1.A.1.b.7,Category Flexibility,IM,3.0,8,0.0,3.0,3.0,N,,08/2019,Analyst
19-4061.00,1.A.1.b.7,Category Flexibility,LV,3.12,8,0.125,2.88,3.37,N,N,08/2019,Analyst
19-4061.00,1.A.1.c.1,Mathematical Reasoning,IM,3.12,8,0.125,2.88,3.37,N,,08/2019,Analyst
19-4061.00,1.A.1.c.1,Mathematical Reasoning,LV,3.12,8,0.125,2.88,3.37,N,N,08/2019,Analyst
19-4061.00,1.A.1.c.2,Number Facility,IM,3.0,8,0.0,3.0,3.0,N,,08/2019,Analyst
19-4061.00,1.A.1.c.2,Number Facility,LV,3.12,8,0.125,2.88,3.37,N,N,08/2019,Analyst
19-4061.00,1.A.1.d.1,Memorization,IM,2.38,8,0.183,2.0164,2.7336,N,,08/2019,Analyst
19-4061.00,1.A.1.d.1,Memorization,LV,2.75,8,0.1637,2.4292,3.0708,N,N,08/2019,Analyst
19-4061.00,1.A.1.e.1,Speed of Closure,IM,2.38,8,0.183,2.0164,2.7336,N,,08/2019,Analyst
19-4061.00,1.A.1.e.1,Speed of Closure,LV,2.5,8,0.189,2.1296,2.8704,N,N,08/2019,Analyst
19-4061.00,1.A.1.e.2,Flexibility of Closure,IM,2.88,8,0.125,2.63,3.12,N,,08/2019,Analyst
19-4061.00,1.A.1.e.2,Flexibility of Closure,LV,3.12,8,0.2266,2.6809,3.5691,N,N,08/2019,Analyst
19-4061.00,1.A.1.e.3,Perceptual Speed,IM,2.62,8,0.183,2.2664,2.9836,N,,08/2019,Analyst
19-4061.00,1.A.1.e.3,Perceptual Speed,LV,2.62,8,0.183,2.2664,2.9836,N,N,08/2019,Analyst
19-4061.00,1.A.1.f.1,Spatial Orientation,IM,1.0,8,0.0,1.0,1.0,N,,08/2019,Analyst
19-4061.00,1.A.1.f.1,Spatial Orientation,LV,0.0,8,0.0,0.0,0.0,N,Y,08/2019,Analyst
19-4061.00,1.A.1.f.2,Visualization,IM,2.62,8,0.183,2.2664,2.9836,N,,08/2019,Analyst
19-4061.00,1.A.1.f.2,Visualization,LV,2.75,8,0.1637,2.4292,3.0708,N,N,08/2019,Analyst
19-4061.00,1.A.1.g.1,Selective Attention,IM,3.12,8,0.125,2.88,3.37,N,,08/2019,Analyst
19-4061.00,1.A.1.g.1,Selective Attention,LV,3.12,8,0.125,2.88,3.37,N,N,08/2019,Analyst
19-4061.00,1.A.1.g.2,Time Sharing,IM,2.0,8,0.0,2.0,2.0,N,,08/2019,Analyst
19-4061.00,1.A.1.g.2,Time Sharing,LV,2.0,8,0.0,2.0,2.0,N,N,08/2019,Analyst
19-4061.00,1.A.2.a.1,Arm-Hand Steadiness,IM,1.0,8,0.0,1.0,1.0,N,,08/2019,Analyst
19-4061.00,1.A.2.a.1,Arm-Hand Steadiness,LV,0.0,8,0.0,0.0,0.0,N,Y,08/2019,Analyst
19-4061.00,1.A.2.a.2,Manual Dexterity,IM,1.25,8,0.1637,1.0,1.5708,N,,08/2019,Analyst
19-4061.00,1.A.2.a.2,Manual Dexterity,LV,0.25,8,0.1637,0.0,0.5708,N,Y,08/2019,Analyst
19-4061.00,1.A.2.a.3,Finger Dexterity,IM,2.5,8,0.189,2.1296,2.8704,N,,08/2019,Analyst
19-4061.00,1.A.2.a.3,Finger Dexterity,LV,2.38,8,0.183,2.0164,2.7336,N,N,08/2019,Analyst
19-4061.00,1.A.2.b.1,Control Precision,IM,1.0,8,0.0,1.0,1.0,N,,08/2019,Analyst
19-4061.00,1.A.2.b.1,Control Precision,LV,0.0,8,0.0,0.0,0.0,N,Y,08/2019,Analyst
19-4061.00,1.A.2.b.2,Multilimb Coordination,IM,1.0,8,0.0,1.0,1.0,N,,08/2019,Analyst
19-4061.00,1.A.2.b.2,Multilimb Coordination,LV,0.0,8,0.0,0.0,0.0,N,Y,08/2019,Analyst
19-4061.00,1.A.2.b.3,Response Orientation,IM,1.0,8,0.0,1.0,1.0,N,,08/2019,Analyst
19-4061.00,1.A.2.b.3,Response Orientation,LV,0.0,8,0.0,0.0,0.0,N,Y,08/2019,Analyst
19-4061.00,1.A.2.b.4,Rate Control,IM,1.0,8,0.0,1.0,1.0,N,,08/2019,Analyst
19-4061.00,1.A.2.b.4,Rate Control,LV,0.0,8,0.0,0.0,0.0,N,Y,08/2019,Analyst
19-4061.00,1.A.2.c.1,Reaction Time,IM,1.12,8,0.125,1.0,1.37,N,,08/2019,Analyst
19-4061.00,1.A.2.c.1,Reaction Time,LV,0.25,8,0.25,0.0,0.74,N,Y,08/2019,Analyst
19-4061.00,1.A.2.c.2,Wrist-Finger Speed,IM,1.5,8,0.189,1.1296,1.8704,N,,08/2019,Analyst
19-4061.00,1.A.2.c.2,Wrist-Finger Speed,LV,0.5,8,0.189,0.1296,0.8704,N,N,08/2019,Analyst
19-4061.00,1.A.2.c.3,Speed of Limb Movement,IM,1.0,8,0.0,1.0,1.0,N,,08/2019,Analyst
19-4061.00,1.A.2.c.3,Speed of Limb Movement,LV,0.0,8,0.0,0.0,0.0,N,Y,08/2019,Analyst
19-4061.00,1.A.3.a.1,Static Strength,IM,1.0,8,0.0,1.0,1.0,N,,08/2019,Analyst
19-4061.00,1.A.3.a.1,Static Strength,LV,0.0,8,0.0,0.0,0.0,N,Y,08/2019,Analyst
19-4061.00,1.A.3.a.2,Explosive Strength,IM,1.0,8,0.0,1.0,1.0,N,,08/2019,Analyst
19-4061.00,1.A.3.a.2,Explosive Strength,LV,0.0,8,0.0,0.0,0.0,N,Y,08/2019,Analyst
19-4061.00,1.A.3.a.3,Dynamic Strength,IM,1.38,8,0.183,1.0164,1.7336,N,,08/2019,Analyst
19-4061.00,1.A.3.a.3,Dynamic Strength,LV,0.38,8,0.183,0.0164,0.7336,N,N,08/2019,Analyst
19-4061.00,1.A.3.a.4,Trunk Strength,IM,1.88,8,0.125,1.63,2.12,N,,08/2019,Analyst
19-4061.00,1.A.3.a.4,Trunk Strength,LV,1.38,8,0.2631,0.8594,1.8906,N,N,08/2019,Analyst
19-4061.00,1.A.3.b.1,Stamina,IM,1.0,8,0.0,1.0,1.0,N,,08/2019,Analyst
19-4061.00,1.A.3.b.1,Stamina,LV,0.0,8,0.0,0.0,0.0,N,Y,08/2019,Analyst
19-4061.00,1.A.3.c.1,Extent Flexibility,IM,1.0,8,0.0,1.0,1.0,N,,08/2019,Analyst
19-4061.00,1.A.3.c.1,Extent Flexibility,LV,0.0,8,0.0,0.0,0.0,N,Y,08/2019,Analyst
19-4061.00,1.A.3.c.2,Dynamic Flexibility,IM,1.0,8,0.0,1.0,1.0,N,,08/2019,Analyst
19-4061.00,1.A.3.c.2,Dynamic Flexibility,LV,0.0,8,0.0,0.0,0.0,N,Y,08/2019,Analyst
19-4061.00,1.A.3.c.3,Gross Body Coordination,IM,1.0,8,0.0,1.0,1.0,N,,08/2019,Analyst
19-4061.00,1.A.3.c.3,Gross Body Coordination,LV,0.0,8,0.0,0.0,0.0,N,Y,08/2019,Analyst
19-4061.00,1.A.3.c.4,Gross Body Equilibrium,IM,1.0,8,0.0,1.0,1.0,N,,08/2019,Analyst
19-4061.00,1.A.3.c.4,Gross Body Equilibrium,LV,0.0,8,0.0,0.0,0.0,N,Y,08/2019,Analyst
19-4061.00,1.A.4.a.1,Near Vision,IM,3.38,8,0.183,3.0164,3.7336,N,,08/2019,Analyst
19-4061.00,1.A.4.a.1,Near Vision,LV,3.75,8,0.1637,3.4292,4.0708,N,N,08/2019,Analyst
19-4061.00,1.A.4.a.2,Far Vision,IM,2.75,8,0.1637,2.4292,3.0708,N,,08/2019,Analyst
19-4061.00,1.A.4.a.2,Far Vision,LV,2.88,8,0.125,2.63,3.12,N,N,08/2019,Analyst
19-4061.00,1.A.4.a.3,Visual Color Discrimination,IM,2.0,8,0.189,1.6296,2.3704,N,,08/2019,Analyst
19-4061.00,1.A.4.a.3,Visual Color Discrimination,LV,1.75,8,0.25,1.26,2.24,N,N,08/2019,Analyst
19-4061.00,1.A.4.a.4,Night Vision,IM,1.0,8,0.0,1.0,1.0,N,,08/2019,Analyst
19-4061.00,1.A.4.a.4,Night Vision,LV,0.0,8,0.0,0.0,0.0,N,Y,08/2019,Analyst
19-4061.00,1.A.4.a.5,Peripheral Vision,IM,1.0,8,0.0,1.0,1.0,N,,08/2019,Analyst
19-4061.00,1.A.4.a.5,Peripheral Vision,LV,0.0,8,0.0,0.0,0.0,N,Y,08/2019,Analyst
19-4061.00,1.A.4.a.6,Depth Perception,IM,1.75,8,0.1637,1.4292,2.0708,N,,08/2019,Analyst
19-4061.00,1.A.4.a.6,Depth Perception,LV,1.5,8,0.3273,0.8584,2.1416,N,N,08/2019,Analyst
19-4061.00,1.A.4.a.7,Glare Sensitivity,IM,1.0,8,0.0,1.0,1.0,N,,08/2019,Analyst
19-4061.00,1.A.4.a.7,Glare Sensitivity,LV,0.0,8,0.0,0.0,0.0,N,Y,08/2019,Analyst
19-4061.00,1.A.4.b.1,Hearing Sensitivity,IM,1.75,8,0.1637,1.4292,2.0708,N,,08/2019,Analyst
19-4061.00,1.A.4.b.1,Hearing Sensitivity,LV,1.5,8,0.3273,0.8584,2.1416,N,N,08/2019,Analyst
19-4061.00,1.A.4.b.2,Auditory Attention,IM,1.88,8,0.125,1.63,2.12,N,,08/2019,Analyst
19-4061.00,1.A.4.b.2,Auditory Attention,LV,1.5,8,0.2673,0.9762,2.0238,N,N,08/2019,Analyst
19-4061.00,1.A.4.b.3,Sound Localization,IM,1.0,8,0.0,1.0,1.0,N,,08/2019,Analyst
19-4061.00,1.A.4.b.3,Sound Localization,LV,0.0,8,0.0,0.0,0.0,N,Y,08/2019,Analyst
19-4061.00,1.A.4.b.4,Speech Recognition,IM,3.12,8,0.125,2.88,3.37,N,,08/2019,Analyst
19-4061.00,1.A.4.b.4,Speech Recognition,LV,3.0,8,0.0,3.0,3.0,N,N,08/2019,Analyst
19-4061.00,1.A.4.b.5,Speech Clarity,IM,3.25,8,0.1637,2.9292,3.5708,N,,08/2019,Analyst
19-4061.00,1.A.4.b.5,Speech Clarity,LV,3.5,8,0.189,3.1296,3.8704,N,N,08/2019,Analyst
19-4071.00,1.A.1.a.1,Oral Comprehension,IM,3.75,8,0.1637,3.4292,4.0708,N,,08/2018,Analyst
19-4071.00,1.A.1.a.1,Oral Comprehension,LV,3.88,8,0.125,3.63,4.12,N,N,08/2018,Analyst
19-4071.00,1.A.1.a.2,Written Comprehension,IM,3.62,8,0.183,3.2664,3.9836,N,,08/2018,Analyst
19-4071.00,1.A.1.a.2,Written Comprehension,LV,3.62,8,0.183,3.2664,3.9836,N,N,08/2018,Analyst
19-4071.00,1.A.1.a.3,Oral Expression,IM,3.75,8,0.1637,3.4292,4.0708,N,,08/2018,Analyst
19-4071.00,1.A.1.a.3,Oral Expression,LV,3.88,8,0.125,3.63,4.12,N,N,08/2018,Analyst
19-4071.00,1.A.1.a.4,Written Expression,IM,3.12,8,0.125,2.88,3.37,N,,08/2018,Analyst
19-4071.00,1.A.1.a.4,Written Expression,LV,3.25,8,0.1637,2.9292,3.5708,N,N,08/2018,Analyst
19-4071.00,1.A.1.b.1,Fluency of Ideas,IM,2.88,8,0.125,2.63,3.12,N,,08/2018,Analyst
19-4071.00,1.A.1.b.1,Fluency of Ideas,LV,2.88,8,0.125,2.63,3.12,N,N,08/2018,Analyst
19-4071.00,1.A.1.b.2,Originality,IM,3.0,8,0.0,3.0,3.0,N,,08/2018,Analyst
19-4071.00,1.A.1.b.2,Originality,LV,2.88,8,0.125,2.63,3.12,N,N,08/2018,Analyst
19-4071.00,1.A.1.b.3,Problem Sensitivity,IM,3.75,8,0.1637,3.4292,4.0708,N,,08/2018,Analyst
19-4071.00,1.A.1.b.3,Problem Sensitivity,LV,3.75,8,0.1637,3.4292,4.0708,N,N,08/2018,Analyst
19-4071.00,1.A.1.b.4,Deductive Reasoning,IM,3.62,8,0.183,3.2664,3.9836,N,,08/2018,Analyst
19-4071.00,1.A.1.b.4,Deductive Reasoning,LV,3.75,8,0.1637,3.4292,4.0708,N,N,08/2018,Analyst
19-4071.00,1.A.1.b.5,Inductive Reasoning,IM,3.62,8,0.183,3.2664,3.9836,N,,08/2018,Analyst
19-4071.00,1.A.1.b.5,Inductive Reasoning,LV,3.25,8,0.1637,2.9292,3.5708,N,N,08/2018,Analyst
19-4071.00,1.A.1.b.6,Information Ordering,IM,3.75,8,0.1637,3.4292,4.0708,N,,08/2018,Analyst
19-4071.00,1.A.1.b.6,Information Ordering,LV,3.5,8,0.189,3.1296,3.8704,N,N,08/2018,Analyst
19-4071.00,1.A.1.b.7,Category Flexibility,IM,3.12,8,0.125,2.88,3.37,N,,08/2018,Analyst
19-4071.00,1.A.1.b.7,Category Flexibility,LV,3.12,8,0.125,2.88,3.37,N,N,08/2018,Analyst
19-4071.00,1.A.1.c.1,Mathematical Reasoning,IM,2.75,8,0.1637,2.4292,3.0708,N,,08/2018,Analyst
19-4071.00,1.A.1.c.1,Mathematical Reasoning,LV,2.88,8,0.125,2.63,3.12,N,N,08/2018,Analyst
19-4071.00,1.A.1.c.2,Number Facility,IM,2.75,8,0.1637,2.4292,3.0708,N,,08/2018,Analyst
19-4071.00,1.A.1.c.2,Number Facility,LV,2.75,8,0.1637,2.4292,3.0708,N,N,08/2018,Analyst
19-4071.00,1.A.1.d.1,Memorization,IM,2.5,8,0.189,2.1296,2.8704,N,,08/2018,Analyst
19-4071.00,1.A.1.d.1,Memorization,LV,2.62,8,0.183,2.2664,2.9836,N,N,08/2018,Analyst
19-4071.00,1.A.1.e.1,Speed of Closure,IM,2.62,8,0.183,2.2664,2.9836,N,,08/2018,Analyst
19-4071.00,1.A.1.e.1,Speed of Closure,LV,2.62,8,0.183,2.2664,2.9836,N,N,08/2018,Analyst
19-4071.00,1.A.1.e.2,Flexibility of Closure,IM,2.88,8,0.125,2.63,3.12,N,,08/2018,Analyst
19-4071.00,1.A.1.e.2,Flexibility of Closure,LV,3.38,8,0.183,3.0164,3.7336,N,N,08/2018,Analyst
19-4071.00,1.A.1.e.3,Perceptual Speed,IM,2.88,8,0.125,2.63,3.12,N,,08/2018,Analyst
19-4071.00,1.A.1.e.3,Perceptual Speed,LV,2.88,8,0.125,2.63,3.12,N,N,08/2018,Analyst
19-4071.00,1.A.1.f.1,Spatial Orientation,IM,2.75,8,0.1637,2.4292,3.0708,N,,08/2018,Analyst
19-4071.00,1.A.1.f.1,Spatial Orientation,LV,2.62,8,0.183,2.2664,2.9836,N,N,08/2018,Analyst
19-4071.00,1.A.1.f.2,Visualization,IM,3.25,8,0.1637,2.9292,3.5708,N,,08/2018,Analyst
19-4071.00,1.A.1.f.2,Visualization,LV,3.62,8,0.183,3.2664,3.9836,N,N,08/2018,Analyst
19-4071.00,1.A.1.g.1,Selective Attention,IM,3.12,8,0.125,2.88,3.37,N,,08/2018,Analyst
19-4071.00,1.A.1.g.1,Selective Attention,LV,3.12,8,0.125,2.88,3.37,N,N,08/2018,Analyst
19-4071.00,1.A.1.g.2,Time Sharing,IM,2.88,8,0.125,2.63,3.12,N,,08/2018,Analyst
19-4071.00,1.A.1.g.2,Time Sharing,LV,2.88,8,0.125,2.63,3.12,N,N,08/2018,Analyst
19-4071.00,1.A.2.a.1,Arm-Hand Steadiness,IM,3.12,8,0.125,2.88,3.37,N,,08/2018,Analyst
19-4071.00,1.A.2.a.1,Arm-Hand Steadiness,LV,3.12,8,0.125,2.88,3.37,N,N,08/2018,Analyst
19-4071.00,1.A.2.a.2,Manual Dexterity,IM,3.12,8,0.125,2.88,3.37,N,,08/2018,Analyst
19-4071.00,1.A.2.a.2,Manual Dexterity,LV,3.0,8,0.0,3.0,3.0,N,N,08/2018,Analyst
19-4071.00,1.A.2.a.3,Finger Dexterity,IM,3.0,8,0.0,3.0,3.0,N,,08/2018,Analyst
19-4071.00,1.A.2.a.3,Finger Dexterity,LV,3.0,8,0.0,3.0,3.0,N,N,08/2018,Analyst
19-4071.00,1.A.2.b.1,Control Precision,IM,3.0,8,0.0,3.0,3.0,N,,08/2018,Analyst
19-4071.00,1.A.2.b.1,Control Precision,LV,3.0,8,0.0,3.0,3.0,N,N,08/2018,Analyst
19-4071.00,1.A.2.b.2,Multilimb Coordination,IM,3.0,8,0.0,3.0,3.0,N,,08/2018,Analyst
19-4071.00,1.A.2.b.2,Multilimb Coordination,LV,3.0,8,0.0,3.0,3.0,N,N,08/2018,Analyst
19-4071.00,1.A.2.b.3,Response Orientation,IM,2.62,8,0.183,2.2664,2.9836,N,,08/2018,Analyst
19-4071.00,1.A.2.b.3,Response Orientation,LV,2.5,8,0.189,2.1296,2.8704,N,N,08/2018,Analyst
19-4071.00,1.A.2.b.4,Rate Control,IM,2.5,8,0.189,2.1296,2.8704,N,,08/2018,Analyst
19-4071.00,1.A.2.b.4,Rate Control,LV,2.38,8,0.183,2.0164,2.7336,N,N,08/2018,Analyst
19-4071.00,1.A.2.c.1,Reaction Time,IM,2.75,8,0.1637,2.4292,3.0708,N,,08/2018,Analyst
19-4071.00,1.A.2.c.1,Reaction Time,LV,2.88,8,0.2266,2.4309,3.3191,N,N,08/2018,Analyst
19-4071.00,1.A.2.c.2,Wrist-Finger Speed,IM,2.0,8,0.0,2.0,2.0,N,,08/2018,Analyst
19-4071.00,1.A.2.c.2,Wrist-Finger Speed,LV,1.88,8,0.125,1.63,2.12,N,N,08/2018,Analyst
19-4071.00,1.A.2.c.3,Speed of Limb Movement,IM,2.25,8,0.25,1.76,2.74,N,,08/2018,Analyst
19-4071.00,1.A.2.c.3,Speed of Limb Movement,LV,1.75,8,0.25,1.26,2.24,N,N,08/2018,Analyst
19-4071.00,1.A.3.a.1,Static Strength,IM,3.0,8,0.0,3.0,3.0,N,,08/2018,Analyst
19-4071.00,1.A.3.a.1,Static Strength,LV,3.0,8,0.0,3.0,3.0,N,N,08/2018,Analyst
19-4071.00,1.A.3.a.2,Explosive Strength,IM,1.62,8,0.2631,1.1094,2.1406,N,,08/2018,Analyst
19-4071.00,1.A.3.a.2,Explosive Strength,LV,0.88,8,0.3981,0.0947,1.6553,N,N,08/2018,Analyst
19-4071.00,1.A.3.a.3,Dynamic Strength,IM,2.5,8,0.189,2.1296,2.8704,N,,08/2018,Analyst
19-4071.00,1.A.3.a.3,Dynamic Strength,LV,2.0,8,0.0,2.0,2.0,N,N,08/2018,Analyst
19-4071.00,1.A.3.a.4,Trunk Strength,IM,3.0,8,0.0,3.0,3.0,N,,08/2018,Analyst
19-4071.00,1.A.3.a.4,Trunk Strength,LV,3.0,8,0.0,3.0,3.0,N,N,08/2018,Analyst
19-4071.00,1.A.3.b.1,Stamina,IM,2.88,8,0.125,2.63,3.12,N,,08/2018,Analyst
19-4071.00,1.A.3.b.1,Stamina,LV,2.75,8,0.1637,2.4292,3.0708,N,N,08/2018,Analyst
19-4071.00,1.A.3.c.1,Extent Flexibility,IM,2.88,8,0.125,2.63,3.12,N,,08/2018,Analyst
19-4071.00,1.A.3.c.1,Extent Flexibility,LV,2.88,8,0.125,2.63,3.12,N,N,08/2018,Analyst
19-4071.00,1.A.3.c.2,Dynamic Flexibility,IM,1.5,8,0.2673,1.0,2.0238,N,,08/2018,Analyst
19-4071.00,1.A.3.c.2,Dynamic Flexibility,LV,0.5,8,0.2673,0.0,1.0238,N,N,08/2018,Analyst
19-4071.00,1.A.3.c.3,Gross Body Coordination,IM,2.62,8,0.183,2.2664,2.9836,N,,08/2018,Analyst
19-4071.00,1.A.3.c.3,Gross Body Coordination,LV,2.38,8,0.183,2.0164,2.7336,N,N,08/2018,Analyst
19-4071.00,1.A.3.c.4,Gross Body Equilibrium,IM,2.62,8,0.183,2.2664,2.9836,N,,08/2018,Analyst
19-4071.00,1.A.3.c.4,Gross Body Equilibrium,LV,2.25,8,0.1637,1.9292,2.5708,N,N,08/2018,Analyst
19-4071.00,1.A.4.a.1,Near Vision,IM,3.5,8,0.189,3.1296,3.8704,N,,08/2018,Analyst
19-4071.00,1.A.4.a.1,Near Vision,LV,3.75,8,0.1637,3.4292,4.0708,N,N,08/2018,Analyst
19-4071.00,1.A.4.a.2,Far Vision,IM,3.5,8,0.189,3.1296,3.8704,N,,08/2018,Analyst
19-4071.00,1.A.4.a.2,Far Vision,LV,3.75,8,0.1637,3.4292,4.0708,N,N,08/2018,Analyst
19-4071.00,1.A.4.a.3,Visual Color Discrimination,IM,3.0,8,0.0,3.0,3.0,N,,08/2018,Analyst
19-4071.00,1.A.4.a.3,Visual Color Discrimination,LV,3.0,8,0.0,3.0,3.0,N,N,08/2018,Analyst
19-4071.00,1.A.4.a.4,Night Vision,IM,2.0,8,0.0,2.0,2.0,N,,08/2018,Analyst
19-4071.00,1.A.4.a.4,Night Vision,LV,1.38,8,0.183,1.0164,1.7336,N,N,08/2018,Analyst
19-4071.00,1.A.4.a.5,Peripheral Vision,IM,2.12,8,0.125,1.88,2.37,N,,08/2018,Analyst
19-4071.00,1.A.4.a.5,Peripheral Vision,LV,1.75,8,0.1637,1.4292,2.0708,N,N,08/2018,Analyst
19-4071.00,1.A.4.a.6,Depth Perception,IM,2.75,8,0.1637,2.4292,3.0708,N,,08/2018,Analyst
19-4071.00,1.A.4.a.6,Depth Perception,LV,2.88,8,0.125,2.63,3.12,N,N,08/2018,Analyst
19-4071.00,1.A.4.a.7,Glare Sensitivity,IM,2.5,8,0.189,2.1296,2.8704,N,,08/2018,Analyst
19-4071.00,1.A.4.a.7,Glare Sensitivity,LV,2.38,8,0.183,2.0164,2.7336,N,N,08/2018,Analyst
19-4071.00,1.A.4.b.1,Hearing Sensitivity,IM,2.25,8,0.1637,1.9292,2.5708,N,,08/2018,Analyst
19-4071.00,1.A.4.b.1,Hearing Sensitivity,LV,2.12,8,0.125,1.88,2.37,N,N,08/2018,Analyst
19-4071.00,1.A.4.b.2,Auditory Attention,IM,2.5,8,0.189,2.1296,2.8704,N,,08/2018,Analyst
19-4071.00,1.A.4.b.2,Auditory Attention,LV,2.5,8,0.189,2.1296,2.8704,N,N,08/2018,Analyst
19-4071.00,1.A.4.b.3,Sound Localization,IM,2.0,8,0.0,2.0,2.0,N,,08/2018,Analyst
19-4071.00,1.A.4.b.3,Sound Localization,LV,1.38,8,0.183,1.0164,1.7336,N,N,08/2018,Analyst
19-4071.00,1.A.4.b.4,Speech Recognition,IM,3.12,8,0.125,2.88,3.37,N,,08/2018,Analyst
19-4071.00,1.A.4.b.4,Speech Recognition,LV,3.25,8,0.1637,2.9292,3.5708,N,N,08/2018,Analyst
19-4071.00,1.A.4.b.5,Speech Clarity,IM,3.12,8,0.125,2.88,3.37,N,,08/2018,Analyst
19-4071.00,1.A.4.b.5,Speech Clarity,LV,3.25,8,0.1637,2.9292,3.5708,N,N,08/2018,Analyst
19-4092.00,1.A.1.a.1,Oral Comprehension,IM,4.0,8,0.0,4.0,4.0,N,,08/2023,Analyst
19-4092.00,1.A.1.a.1,Oral Comprehension,LV,4.75,8,0.1637,4.4292,5.0708,N,N,08/2023,Analyst
19-4092.00,1.A.1.a.2,Written Comprehension,IM,4.0,8,0.0,4.0,4.0,N,,08/2023,Analyst
19-4092.00,1.A.1.a.2,Written Comprehension,LV,4.38,8,0.183,4.0164,4.7336,N,N,08/2023,Analyst
19-4092.00,1.A.1.a.3,Oral Expression,IM,4.0,8,0.0,4.0,4.0,N,,08/2023,Analyst
19-4092.00,1.A.1.a.3,Oral Expression,LV,4.62,8,0.183,4.2664,4.9836,N,N,08/2023,Analyst
19-4092.00,1.A.1.a.4,Written Expression,IM,4.0,8,0.0,4.0,4.0,N,,08/2023,Analyst
19-4092.00,1.A.1.a.4,Written Expression,LV,4.12,8,0.125,3.88,4.37,N,N,08/2023,Analyst
19-4092.00,1.A.1.b.1,Fluency of Ideas,IM,3.25,8,0.1637,2.9292,3.5708,N,,08/2023,Analyst
19-4092.00,1.A.1.b.1,Fluency of Ideas,LV,3.75,8,0.1637,3.4292,4.0708,N,N,08/2023,Analyst
19-4092.00,1.A.1.b.2,Originality,IM,2.88,8,0.125,2.63,3.12,N,,08/2023,Analyst
19-4092.00,1.A.1.b.2,Originality,LV,3.12,8,0.2266,2.6809,3.5691,N,N,08/2023,Analyst
19-4092.00,1.A.1.b.3,Problem Sensitivity,IM,3.88,8,0.125,3.63,4.12,N,,08/2023,Analyst
19-4092.00,1.A.1.b.3,Problem Sensitivity,LV,3.88,8,0.125,3.63,4.12,N,N,08/2023,Analyst
19-4092.00,1.A.1.b.4,Deductive Reasoning,IM,3.88,8,0.125,3.63,4.12,N,,08/2023,Analyst
19-4092.00,1.A.1.b.4,Deductive Reasoning,LV,4.25,8,0.1637,3.9292,4.5708,N,N,08/2023,Analyst
19-4092.00,1.A.1.b.5,Inductive Reasoning,IM,4.0,8,0.189,3.6296,4.3704,N,,08/2023,Analyst
19-4092.00,1.A.1.b.5,Inductive Reasoning,LV,4.12,8,0.125,3.88,4.37,N,N,08/2023,Analyst
19-4092.00,1.A.1.b.6,Information Ordering,IM,3.75,8,0.1637,3.4292,4.0708,N,,08/2023,Analyst
19-4092.00,1.A.1.b.6,Information Ordering,LV,4.0,8,0.0,4.0,4.0,N,N,08/2023,Analyst
19-4092.00,1.A.1.b.7,Category Flexibility,IM,3.75,8,0.1637,3.4292,4.0708,N,,08/2023,Analyst
19-4092.00,1.A.1.b.7,Category Flexibility,LV,4.12,8,0.125,3.88,4.37,N,N,08/2023,Analyst
19-4092.00,1.A.1.c.1,Mathematical Reasoning,IM,2.75,8,0.1637,2.4292,3.0708,N,,08/2023,Analyst
19-4092.00,1.A.1.c.1,Mathematical Reasoning,LV,2.88,8,0.125,2.63,3.12,N,N,08/2023,Analyst
19-4092.00,1.A.1.c.2,Number Facility,IM,2.62,8,0.183,2.2664,2.9836,N,,08/2023,Analyst
19-4092.00,1.A.1.c.2,Number Facility,LV,2.88,8,0.125,2.63,3.12,N,N,08/2023,Analyst
19-4092.00,1.A.1.d.1,Memorization,IM,2.75,8,0.1637,2.4292,3.0708,N,,08/2023,Analyst
19-4092.00,1.A.1.d.1,Memorization,LV,2.75,8,0.1637,2.4292,3.0708,N,N,08/2023,Analyst
19-4092.00,1.A.1.e.1,Speed of Closure,IM,3.12,8,0.125,2.88,3.37,N,,08/2023,Analyst
19-4092.00,1.A.1.e.1,Speed of Closure,LV,3.75,8,0.25,3.26,4.24,N,N,08/2023,Analyst
19-4092.00,1.A.1.e.2,Flexibility of Closure,IM,4.0,8,0.0,4.0,4.0,N,,08/2023,Analyst
19-4092.00,1.A.1.e.2,Flexibility of Closure,LV,4.12,8,0.125,3.88,4.37,N,N,08/2023,Analyst
19-4092.00,1.A.1.e.3,Perceptual Speed,IM,3.25,8,0.1637,2.9292,3.5708,N,,08/2023,Analyst
19-4092.00,1.A.1.e.3,Perceptual Speed,LV,3.5,8,0.189,3.1296,3.8704,N,N,08/2023,Analyst
19-4092.00,1.A.1.f.1,Spatial Orientation,IM,2.0,8,0.189,1.6296,2.3704,N,,08/2023,Analyst
19-4092.00,1.A.1.f.1,Spatial Orientation,LV,1.88,8,0.295,1.2967,2.4533,N,N,08/2023,Analyst
19-4092.00,1.A.1.f.2,Visualization,IM,3.0,8,0.0,3.0,3.0,N,,08/2023,Analyst
19-4092.00,1.A.1.f.2,Visualization,LV,3.5,8,0.189,3.1296,3.8704,N,N,08/2023,Analyst
19-4092.00,1.A.1.g.1,Selective Attention,IM,3.0,8,0.0,3.0,3.0,N,,08/2023,Analyst
19-4092.00,1.A.1.g.1,Selective Attention,LV,3.0,8,0.0,3.0,3.0,N,N,08/2023,Analyst
19-4092.00,1.A.1.g.2,Time Sharing,IM,2.75,8,0.1637,2.4292,3.0708,N,,08/2023,Analyst
19-4092.00,1.A.1.g.2,Time Sharing,LV,2.5,8,0.189,2.1296,2.8704,N,N,08/2023,Analyst
19-4092.00,1.A.2.a.1,Arm-Hand Steadiness,IM,3.0,8,0.0,3.0,3.0,N,,08/2023,Analyst
19-4092.00,1.A.2.a.1,Arm-Hand Steadiness,LV,3.12,8,0.125,2.88,3.37,N,N,08/2023,Analyst
19-4092.00,1.A.2.a.2,Manual Dexterity,IM,2.88,8,0.125,2.63,3.12,N,,08/2023,Analyst
19-4092.00,1.A.2.a.2,Manual Dexterity,LV,2.88,8,0.125,2.63,3.12,N,N,08/2023,Analyst
19-4092.00,1.A.2.a.3,Finger Dexterity,IM,2.88,8,0.125,2.63,3.12,N,,08/2023,Analyst
19-4092.00,1.A.2.a.3,Finger Dexterity,LV,2.88,8,0.125,2.63,3.12,N,N,08/2023,Analyst
19-4092.00,1.A.2.b.1,Control Precision,IM,2.75,8,0.1637,2.4292,3.0708,N,,08/2023,Analyst
19-4092.00,1.A.2.b.1,Control Precision,LV,2.88,8,0.125,2.63,3.12,N,N,08/2023,Analyst
19-4092.00,1.A.2.b.2,Multilimb Coordination,IM,2.75,8,0.1637,2.4292,3.0708,N,,08/2023,Analyst
19-4092.00,1.A.2.b.2,Multilimb Coordination,LV,2.88,8,0.125,2.63,3.12,N,N,08/2023,Analyst
19-4092.00,1.A.2.b.3,Response Orientation,IM,2.0,8,0.0,2.0,2.0,N,,08/2023,Analyst
19-4092.00,1.A.2.b.3,Response Orientation,LV,1.88,8,0.125,1.63,2.12,N,N,08/2023,Analyst
19-4092.00,1.A.2.b.4,Rate Control,IM,1.88,8,0.125,1.63,2.12,N,,08/2023,Analyst
19-4092.00,1.A.2.b.4,Rate Control,LV,1.62,8,0.2631,1.1094,2.1406,N,N,08/2023,Analyst
19-4092.00,1.A.2.c.1,Reaction Time,IM,1.88,8,0.125,1.63,2.12,N,,08/2023,Analyst
19-4092.00,1.A.2.c.1,Reaction Time,LV,1.62,8,0.2631,1.1094,2.1406,N,N,08/2023,Analyst
19-4092.00,1.A.2.c.2,Wrist-Finger Speed,IM,2.0,8,0.0,2.0,2.0,N,,08/2023,Analyst
19-4092.00,1.A.2.c.2,Wrist-Finger Speed,LV,1.75,8,0.1637,1.4292,2.0708,N,N,08/2023,Analyst
19-4092.00,1.A.2.c.3,Speed of Limb Movement,IM,1.88,8,0.125,1.63,2.12,N,,08/2023,Analyst
19-4092.00,1.A.2.c.3,Speed of Limb Movement,LV,1.25,8,0.25,0.76,1.74,N,N,08/2023,Analyst
19-4092.00,1.A.3.a.1,Static Strength,IM,2.38,8,0.183,2.0164,2.7336,N,,08/2023,Analyst
19-4092.00,1.A.3.a.1,Static Strength,LV,2.12,8,0.125,1.88,2.37,N,N,08/2023,Analyst
19-4092.00,1.A.3.a.2,Explosive Strength,IM,1.5,8,0.189,1.1296,1.8704,N,,08/2023,Analyst
19-4092.00,1.A.3.a.2,Explosive Strength,LV,0.88,8,0.3504,0.1883,1.5617,N,N,08/2023,Analyst
19-4092.00,1.A.3.a.3,Dynamic Strength,IM,2.0,8,0.189,1.6296,2.3704,N,,08/2023,Analyst
19-4092.00,1.A.3.a.3,Dynamic Strength,LV,1.62,8,0.2631,1.1094,2.1406,N,N,08/2023,Analyst
19-4092.00,1.A.3.a.4,Trunk Strength,IM,2.38,8,0.183,2.0164,2.7336,N,,08/2023,Analyst
19-4092.00,1.A.3.a.4,Trunk Strength,LV,2.38,8,0.183,2.0164,2.7336,N,N,08/2023,Analyst
19-4092.00,1.A.3.b.1,Stamina,IM,2.12,8,0.125,1.88,2.37,N,,08/2023,Analyst
19-4092.00,1.A.3.b.1,Stamina,LV,1.62,8,0.183,1.2664,1.9836,N,N,08/2023,Analyst
19-4092.00,1.A.3.c.1,Extent Flexibility,IM,2.25,8,0.1637,1.9292,2.5708,N,,08/2023,Analyst
19-4092.00,1.A.3.c.1,Extent Flexibility,LV,2.25,8,0.1637,1.9292,2.5708,N,N,08/2023,Analyst
19-4092.00,1.A.3.c.2,Dynamic Flexibility,IM,1.0,8,0.0,1.0,1.0,N,,08/2023,Analyst
19-4092.00,1.A.3.c.2,Dynamic Flexibility,LV,0.0,8,0.0,0.0,0.0,N,Y,08/2023,Analyst
19-4092.00,1.A.3.c.3,Gross Body Coordination,IM,2.0,8,0.189,1.6296,2.3704,N,,08/2023,Analyst
19-4092.00,1.A.3.c.3,Gross Body Coordination,LV,1.62,8,0.2631,1.1094,2.1406,N,N,08/2023,Analyst
19-4092.00,1.A.3.c.4,Gross Body Equilibrium,IM,1.75,8,0.1637,1.4292,2.0708,N,,08/2023,Analyst
19-4092.00,1.A.3.c.4,Gross Body Equilibrium,LV,1.12,8,0.295,0.5467,1.7033,N,N,08/2023,Analyst
19-4092.00,1.A.4.a.1,Near Vision,IM,4.0,8,0.0,4.0,4.0,N,,08/2023,Analyst
19-4092.00,1.A.4.a.1,Near Vision,LV,4.38,8,0.183,4.0164,4.7336,N,N,08/2023,Analyst
19-4092.00,1.A.4.a.2,Far Vision,IM,3.75,8,0.1637,3.4292,4.0708,N,,08/2023,Analyst
19-4092.00,1.A.4.a.2,Far Vision,LV,4.0,8,0.189,3.6296,4.3704,N,N,08/2023,Analyst
19-4092.00,1.A.4.a.3,Visual Color Discrimination,IM,3.38,8,0.183,3.0164,3.7336,N,,08/2023,Analyst
19-4092.00,1.A.4.a.3,Visual Color Discrimination,LV,3.5,8,0.189,3.1296,3.8704,N,N,08/2023,Analyst
19-4092.00,1.A.4.a.4,Night Vision,IM,1.75,8,0.25,1.26,2.24,N,,08/2023,Analyst
19-4092.00,1.A.4.a.4,Night Vision,LV,1.25,8,0.4119,0.4427,2.0573,N,N,08/2023,Analyst
19-4092.00,1.A.4.a.5,Peripheral Vision,IM,1.88,8,0.2266,1.4309,2.3191,N,,08/2023,Analyst
19-4092.00,1.A.4.a.5,Peripheral Vision,LV,1.38,8,0.375,0.64,2.11,N,N,08/2023,Analyst
19-4092.00,1.A.4.a.6,Depth Perception,IM,2.75,8,0.1637,2.4292,3.0708,N,,08/2023,Analyst
19-4092.00,1.A.4.a.6,Depth Perception,LV,2.25,8,0.1637,1.9292,2.5708,N,N,08/2023,Analyst
19-4092.00,1.A.4.a.7,Glare Sensitivity,IM,2.0,8,0.189,1.6296,2.3704,N,,08/2023,Analyst
19-4092.00,1.A.4.a.7,Glare Sensitivity,LV,1.88,8,0.295,1.2967,2.4533,N,N,08/2023,Analyst
19-4092.00,1.A.4.b.1,Hearing Sensitivity,IM,2.38,8,0.183,2.0164,2.7336,N,,08/2023,Analyst
19-4092.00,1.A.4.b.1,Hearing Sensitivity,LV,2.12,8,0.125,1.88,2.37,N,N,08/2023,Analyst
19-4092.00,1.A.4.b.2,Auditory Attention,IM,2.5,8,0.189,2.1296,2.8704,N,,08/2023,Analyst
19-4092.00,1.A.4.b.2,Auditory Attention,LV,2.5,8,0.189,2.1296,2.8704,N,N,08/2023,Analyst
19-4092.00,1.A.4.b.3,Sound Localization,IM,1.75,8,0.1637,1.4292,2.0708,N,,08/2023,Analyst
19-4092.00,1.A.4.b.3,Sound Localization,LV,0.88,8,0.2266,0.4309,1.3191,N,N,08/2023,Analyst
19-4092.00,1.A.4.b.4,Speech Recognition,IM,3.75,8,0.1637,3.4292,4.0708,N,,08/2023,Analyst
19-4092.00,1.A.4.b.4,Speech Recognition,LV,3.62,8,0.183,3.2664,3.9836,N,N,08/2023,Analyst
19-4092.00,1.A.4.b.5,Speech Clarity,IM,3.75,8,0.1637,3.4292,4.0708,N,,08/2023,Analyst
19-4092.00,1.A.4.b.5,Speech Clarity,LV,3.88,8,0.125,3.63,4.12,N,N,08/2023,Analyst
19-4099.01,1.A.1.a.1,Oral Comprehension,IM,3.88,8,0.125,3.63,4.12,N,,08/2020,Analyst
19-4099.01,1.A.1.a.1,Oral Comprehension,LV,4.0,8,0.0,4.0,4.0,N,N,08/2020,Analyst
19-4099.01,1.A.1.a.2,Written Comprehension,IM,4.0,8,0.0,4.0,4.0,N,,08/2020,Analyst
19-4099.01,1.A.1.a.2,Written Comprehension,LV,4.0,8,0.0,4.0,4.0,N,N,08/2020,Analyst
19-4099.01,1.A.1.a.3,Oral Expression,IM,3.75,8,0.1637,3.4292,4.0708,N,,08/2020,Analyst
19-4099.01,1.A.1.a.3,Oral Expression,LV,4.0,8,0.0,4.0,4.0,N,N,08/2020,Analyst
19-4099.01,1.A.1.a.4,Written Expression,IM,3.88,8,0.125,3.63,4.12,N,,08/2020,Analyst
19-4099.01,1.A.1.a.4,Written Expression,LV,3.88,8,0.125,3.63,4.12,N,N,08/2020,Analyst
19-4099.01,1.A.1.b.1,Fluency of Ideas,IM,2.88,8,0.125,2.63,3.12,N,,08/2020,Analyst
19-4099.01,1.A.1.b.1,Fluency of Ideas,LV,2.88,8,0.125,2.63,3.12,N,N,08/2020,Analyst
19-4099.01,1.A.1.b.2,Originality,IM,2.88,8,0.125,2.63,3.12,N,,08/2020,Analyst
19-4099.01,1.A.1.b.2,Originality,LV,3.12,8,0.125,2.88,3.37,N,N,08/2020,Analyst
19-4099.01,1.A.1.b.3,Problem Sensitivity,IM,3.62,8,0.183,3.2664,3.9836,N,,08/2020,Analyst
19-4099.01,1.A.1.b.3,Problem Sensitivity,LV,3.75,8,0.1637,3.4292,4.0708,N,N,08/2020,Analyst
19-4099.01,1.A.1.b.4,Deductive Reasoning,IM,3.62,8,0.183,3.2664,3.9836,N,,08/2020,Analyst
19-4099.01,1.A.1.b.4,Deductive Reasoning,LV,4.0,8,0.189,3.6296,4.3704,N,N,08/2020,Analyst
19-4099.01,1.A.1.b.5,Inductive Reasoning,IM,3.38,8,0.183,3.0164,3.7336,N,,08/2020,Analyst
19-4099.01,1.A.1.b.5,Inductive Reasoning,LV,3.38,8,0.2631,2.8594,3.8906,N,N,08/2020,Analyst
19-4099.01,1.A.1.b.6,Information Ordering,IM,3.12,8,0.125,2.88,3.37,N,,08/2020,Analyst
19-4099.01,1.A.1.b.6,Information Ordering,LV,3.25,8,0.1637,2.9292,3.5708,N,N,08/2020,Analyst
19-4099.01,1.A.1.b.7,Category Flexibility,IM,3.0,8,0.0,3.0,3.0,N,,08/2020,Analyst
19-4099.01,1.A.1.b.7,Category Flexibility,LV,3.12,8,0.125,2.88,3.37,N,N,08/2020,Analyst
19-4099.01,1.A.1.c.1,Mathematical Reasoning,IM,3.12,8,0.125,2.88,3.37,N,,08/2020,Analyst
19-4099.01,1.A.1.c.1,Mathematical Reasoning,LV,3.12,8,0.125,2.88,3.37,N,N,08/2020,Analyst
19-4099.01,1.A.1.c.2,Number Facility,IM,2.88,8,0.2266,2.4309,3.3191,N,,08/2020,Analyst
19-4099.01,1.A.1.c.2,Number Facility,LV,3.0,8,0.189,2.6296,3.3704,N,N,08/2020,Analyst
19-4099.01,1.A.1.d.1,Memorization,IM,2.75,8,0.1637,2.4292,3.0708,N,,08/2020,Analyst
19-4099.01,1.A.1.d.1,Memorization,LV,2.75,8,0.1637,2.4292,3.0708,N,N,08/2020,Analyst
19-4099.01,1.A.1.e.1,Speed of Closure,IM,2.75,8,0.25,2.26,3.24,N,,08/2020,Analyst
19-4099.01,1.A.1.e.1,Speed of Closure,LV,2.62,8,0.2631,2.1094,3.1406,N,N,08/2020,Analyst
19-4099.01,1.A.1.e.2,Flexibility of Closure,IM,3.12,8,0.125,2.88,3.37,N,,08/2020,Analyst
19-4099.01,1.A.1.e.2,Flexibility of Closure,LV,3.25,8,0.1637,2.9292,3.5708,N,N,08/2020,Analyst
19-4099.01,1.A.1.e.3,Perceptual Speed,IM,3.12,8,0.125,2.88,3.37,N,,08/2020,Analyst
19-4099.01,1.A.1.e.3,Perceptual Speed,LV,3.25,8,0.1637,2.9292,3.5708,N,N,08/2020,Analyst
19-4099.01,1.A.1.f.1,Spatial Orientation,IM,1.0,8,0.0,1.0,1.0,N,,08/2020,Analyst
19-4099.01,1.A.1.f.1,Spatial Orientation,LV,0.0,8,0.0,0.0,0.0,N,Y,08/2020,Analyst
19-4099.01,1.A.1.f.2,Visualization,IM,2.75,8,0.25,2.26,3.24,N,,08/2020,Analyst
19-4099.01,1.A.1.f.2,Visualization,LV,2.88,8,0.2266,2.4309,3.3191,N,N,08/2020,Analyst
19-4099.01,1.A.1.g.1,Selective Attention,IM,3.12,8,0.125,2.88,3.37,N,,08/2020,Analyst
19-4099.01,1.A.1.g.1,Selective Attention,LV,3.12,8,0.125,2.88,3.37,N,N,08/2020,Analyst
19-4099.01,1.A.1.g.2,Time Sharing,IM,2.62,8,0.183,2.2664,2.9836,N,,08/2020,Analyst
19-4099.01,1.A.1.g.2,Time Sharing,LV,2.5,8,0.189,2.1296,2.8704,N,N,08/2020,Analyst
19-4099.01,1.A.2.a.1,Arm-Hand Steadiness,IM,3.0,8,0.0,3.0,3.0,N,,08/2020,Analyst
19-4099.01,1.A.2.a.1,Arm-Hand Steadiness,LV,3.0,8,0.0,3.0,3.0,N,N,08/2020,Analyst
19-4099.01,1.A.2.a.2,Manual Dexterity,IM,2.88,8,0.125,2.63,3.12,N,,08/2020,Analyst
19-4099.01,1.A.2.a.2,Manual Dexterity,LV,3.0,8,0.0,3.0,3.0,N,N,08/2020,Analyst
19-4099.01,1.A.2.a.3,Finger Dexterity,IM,3.0,8,0.0,3.0,3.0,N,,08/2020,Analyst
19-4099.01,1.A.2.a.3,Finger Dexterity,LV,3.0,8,0.0,3.0,3.0,N,N,08/2020,Analyst
19-4099.01,1.A.2.b.1,Control Precision,IM,2.75,8,0.1637,2.4292,3.0708,N,,08/2020,Analyst
19-4099.01,1.A.2.b.1,Control Precision,LV,2.62,8,0.183,2.2664,2.9836,N,N,08/2020,Analyst
19-4099.01,1.A.2.b.2,Multilimb Coordination,IM,2.12,8,0.125,1.88,2.37,N,,08/2020,Analyst
19-4099.01,1.A.2.b.2,Multilimb Coordination,LV,2.12,8,0.125,1.88,2.37,N,N,08/2020,Analyst
19-4099.01,1.A.2.b.3,Response Orientation,IM,1.62,8,0.183,1.2664,1.9836,N,,08/2020,Analyst
19-4099.01,1.A.2.b.3,Response Orientation,LV,0.75,8,0.25,0.26,1.24,N,N,08/2020,Analyst
19-4099.01,1.A.2.b.4,Rate Control,IM,1.88,8,0.125,1.63,2.12,N,,08/2020,Analyst
19-4099.01,1.A.2.b.4,Rate Control,LV,1.25,8,0.25,0.76,1.74,N,N,08/2020,Analyst
19-4099.01,1.A.2.c.1,Reaction Time,IM,2.0,8,0.0,2.0,2.0,N,,08/2020,Analyst
19-4099.01,1.A.2.c.1,Reaction Time,LV,1.25,8,0.1637,0.9292,1.5708,N,N,08/2020,Analyst
19-4099.01,1.A.2.c.2,Wrist-Finger Speed,IM,1.88,8,0.125,1.63,2.12,N,,08/2020,Analyst
19-4099.01,1.A.2.c.2,Wrist-Finger Speed,LV,1.5,8,0.2673,0.9762,2.0238,N,N,08/2020,Analyst
19-4099.01,1.A.2.c.3,Speed of Limb Movement,IM,1.62,8,0.183,1.2664,1.9836,N,,08/2020,Analyst
19-4099.01,1.A.2.c.3,Speed of Limb Movement,LV,0.62,8,0.183,0.2664,0.9836,N,N,08/2020,Analyst
19-4099.01,1.A.3.a.1,Static Strength,IM,2.12,8,0.125,1.88,2.37,N,,08/2020,Analyst
19-4099.01,1.A.3.a.1,Static Strength,LV,2.0,8,0.0,2.0,2.0,N,N,08/2020,Analyst
19-4099.01,1.A.3.a.2,Explosive Strength,IM,1.25,8,0.1637,1.0,1.5708,N,,08/2020,Analyst
19-4099.01,1.A.3.a.2,Explosive Strength,LV,0.38,8,0.2631,0.0,0.8906,N,Y,08/2020,Analyst
19-4099.01,1.A.3.a.3,Dynamic Strength,IM,2.0,8,0.189,1.6296,2.3704,N,,08/2020,Analyst
19-4099.01,1.A.3.a.3,Dynamic Strength,LV,1.12,8,0.2266,0.6809,1.5691,N,N,08/2020,Analyst
19-4099.01,1.A.3.a.4,Trunk Strength,IM,2.25,8,0.1637,1.9292,2.5708,N,,08/2020,Analyst
19-4099.01,1.A.3.a.4,Trunk Strength,LV,2.12,8,0.125,1.88,2.37,N,N,08/2020,Analyst
19-4099.01,1.A.3.b.1,Stamina,IM,2.0,8,0.0,2.0,2.0,N,,08/2020,Analyst
19-4099.01,1.A.3.b.1,Stamina,LV,1.75,8,0.1637,1.4292,2.0708,N,N,08/2020,Analyst
19-4099.01,1.A.3.c.1,Extent Flexibility,IM,2.0,8,0.0,2.0,2.0,N,,08/2020,Analyst
19-4099.01,1.A.3.c.1,Extent Flexibility,LV,1.62,8,0.183,1.2664,1.9836,N,N,08/2020,Analyst
19-4099.01,1.A.3.c.2,Dynamic Flexibility,IM,1.0,8,0.0,1.0,1.0,N,,08/2020,Analyst
19-4099.01,1.A.3.c.2,Dynamic Flexibility,LV,0.0,8,0.0,0.0,0.0,N,Y,08/2020,Analyst
19-4099.01,1.A.3.c.3,Gross Body Coordination,IM,2.0,8,0.0,2.0,2.0,N,,08/2020,Analyst
19-4099.01,1.A.3.c.3,Gross Body Coordination,LV,1.75,8,0.1637,1.4292,2.0708,N,N,08/2020,Analyst
19-4099.01,1.A.3.c.4,Gross Body Equilibrium,IM,1.62,8,0.183,1.2664,1.9836,N,,08/2020,Analyst
19-4099.01,1.A.3.c.4,Gross Body Equilibrium,LV,0.75,8,0.25,0.26,1.24,N,N,08/2020,Analyst
19-4099.01,1.A.4.a.1,Near Vision,IM,4.0,8,0.0,4.0,4.0,N,,08/2020,Analyst
19-4099.01,1.A.4.a.1,Near Vision,LV,4.0,8,0.0,4.0,4.0,N,N,08/2020,Analyst
19-4099.01,1.A.4.a.2,Far Vision,IM,3.25,8,0.1637,2.9292,3.5708,N,,08/2020,Analyst
19-4099.01,1.A.4.a.2,Far Vision,LV,3.25,8,0.1637,2.9292,3.5708,N,N,08/2020,Analyst
19-4099.01,1.A.4.a.3,Visual Color Discrimination,IM,2.88,8,0.125,2.63,3.12,N,,08/2020,Analyst
19-4099.01,1.A.4.a.3,Visual Color Discrimination,LV,2.88,8,0.125,2.63,3.12,N,N,08/2020,Analyst
19-4099.01,1.A.4.a.4,Night Vision,IM,1.0,8,0.0,1.0,1.0,N,,08/2020,Analyst
19-4099.01,1.A.4.a.4,Night Vision,LV,0.0,8,0.0,0.0,0.0,N,Y,08/2020,Analyst
19-4099.01,1.A.4.a.5,Peripheral Vision,IM,1.0,8,0.0,1.0,1.0,N,,08/2020,Analyst
19-4099.01,1.A.4.a.5,Peripheral Vision,LV,0.0,8,0.0,0.0,0.0,N,Y,08/2020,Analyst
19-4099.01,1.A.4.a.6,Depth Perception,IM,2.0,8,0.189,1.6296,2.3704,N,,08/2020,Analyst
19-4099.01,1.A.4.a.6,Depth Perception,LV,1.75,8,0.25,1.26,2.24,N,N,08/2020,Analyst
19-4099.01,1.A.4.a.7,Glare Sensitivity,IM,1.0,8,0.0,1.0,1.0,N,,08/2020,Analyst
19-4099.01,1.A.4.a.7,Glare Sensitivity,LV,0.0,8,0.0,0.0,0.0,N,Y,08/2020,Analyst
19-4099.01,1.A.4.b.1,Hearing Sensitivity,IM,2.12,8,0.125,1.88,2.37,N,,08/2020,Analyst
19-4099.01,1.A.4.b.1,Hearing Sensitivity,LV,2.12,8,0.125,1.88,2.37,N,N,08/2020,Analyst
19-4099.01,1.A.4.b.2,Auditory Attention,IM,2.12,8,0.125,1.88,2.37,N,,08/2020,Analyst
19-4099.01,1.A.4.b.2,Auditory Attention,LV,2.0,8,0.0,2.0,2.0,N,N,08/2020,Analyst
19-4099.01,1.A.4.b.3,Sound Localization,IM,1.0,8,0.0,1.0,1.0,N,,08/2020,Analyst
19-4099.01,1.A.4.b.3,Sound Localization,LV,0.0,8,0.0,0.0,0.0,N,Y,08/2020,Analyst
19-4099.01,1.A.4.b.4,Speech Recognition,IM,3.12,8,0.125,2.88,3.37,N,,08/2020,Analyst
19-4099.01,1.A.4.b.4,Speech Recognition,LV,3.12,8,0.125,2.88,3.37,N,N,08/2020,Analyst
19-4099.01,1.A.4.b.5,Speech Clarity,IM,3.12,8,0.125,2.88,3.37,N,,08/2020,Analyst
19-4099.01,1.A.4.b.5,Speech Clarity,LV,3.0,8,0.0,3.0,3.0,N,N,08/2020,Analyst
19-4099.03,1.A.1.a.1,Oral Comprehension,IM,3.62,8,0.183,3.2664,3.9836,N,,07/2012,Analyst
19-4099.03,1.A.1.a.1,Oral Comprehension,LV,4.5,8,0.189,4.1296,4.8704,N,N,07/2012,Analyst
19-4099.03,1.A.1.a.2,Written Comprehension,IM,3.5,8,0.189,3.1296,3.8704,N,,07/2012,Analyst
19-4099.03,1.A.1.a.2,Written Comprehension,LV,4.25,8,0.1637,3.9292,4.5708,N,N,07/2012,Analyst
19-4099.03,1.A.1.a.3,Oral Expression,IM,3.62,8,0.183,3.2664,3.9836,N,,07/2012,Analyst
19-4099.03,1.A.1.a.3,Oral Expression,LV,4.5,8,0.189,4.1296,4.8704,N,N,07/2012,Analyst
19-4099.03,1.A.1.a.4,Written Expression,IM,3.5,8,0.189,3.1296,3.8704,N,,07/2012,Analyst
19-4099.03,1.A.1.a.4,Written Expression,LV,4.12,8,0.125,3.88,4.37,N,N,07/2012,Analyst
19-4099.03,1.A.1.b.1,Fluency of Ideas,IM,3.38,8,0.183,3.0164,3.7336,N,,07/2012,Analyst
19-4099.03,1.A.1.b.1,Fluency of Ideas,LV,3.75,8,0.25,3.26,4.24,N,N,07/2012,Analyst
19-4099.03,1.A.1.b.2,Originality,IM,3.25,8,0.1637,2.9292,3.5708,N,,07/2012,Analyst
19-4099.03,1.A.1.b.2,Originality,LV,3.38,8,0.183,3.0164,3.7336,N,N,07/2012,Analyst
19-4099.03,1.A.1.b.3,Problem Sensitivity,IM,3.75,8,0.1637,3.4292,4.0708,N,,07/2012,Analyst
19-4099.03,1.A.1.b.3,Problem Sensitivity,LV,3.75,8,0.25,3.26,4.24,N,N,07/2012,Analyst
19-4099.03,1.A.1.b.4,Deductive Reasoning,IM,3.75,8,0.1637,3.4292,4.0708,N,,07/2012,Analyst
19-4099.03,1.A.1.b.4,Deductive Reasoning,LV,3.88,8,0.125,3.63,4.12,N,N,07/2012,Analyst
19-4099.03,1.A.1.b.5,Inductive Reasoning,IM,3.62,8,0.183,3.2664,3.9836,N,,07/2012,Analyst
19-4099.03,1.A.1.b.5,Inductive Reasoning,LV,3.75,8,0.25,3.26,4.24,N,N,07/2012,Analyst
19-4099.03,1.A.1.b.6,Information Ordering,IM,3.75,8,0.1637,3.4292,4.0708,N,,07/2012,Analyst
19-4099.03,1.A.1.b.6,Information Ordering,LV,3.88,8,0.2266,3.4309,4.3191,N,N,07/2012,Analyst
19-4099.03,1.A.1.b.7,Category Flexibility,IM,3.25,8,0.1637,2.9292,3.5708,N,,07/2012,Analyst
19-4099.03,1.A.1.b.7,Category Flexibility,LV,3.88,8,0.295,3.2967,4.4533,N,N,07/2012,Analyst
19-4099.03,1.A.1.c.1,Mathematical Reasoning,IM,3.25,8,0.25,2.76,3.74,N,,07/2012,Analyst
19-4099.03,1.A.1.c.1,Mathematical Reasoning,LV,4.12,8,0.3504,3.4383,4.8117,N,N,07/2012,Analyst
19-4099.03,1.A.1.c.2,Number Facility,IM,3.12,8,0.2266,2.6809,3.5691,N,,07/2012,Analyst
19-4099.03,1.A.1.c.2,Number Facility,LV,3.75,8,0.3134,3.1358,4.3642,N,N,07/2012,Analyst
19-4099.03,1.A.1.d.1,Memorization,IM,2.62,8,0.2631,2.1094,3.1406,N,,07/2012,Analyst
19-4099.03,1.A.1.d.1,Memorization,LV,2.62,8,0.183,2.2664,2.9836,N,N,07/2012,Analyst
19-4099.03,1.A.1.e.1,Speed of Closure,IM,2.62,8,0.183,2.2664,2.9836,N,,07/2012,Analyst
19-4099.03,1.A.1.e.1,Speed of Closure,LV,3.0,8,0.3273,2.3584,3.6416,N,N,07/2012,Analyst
19-4099.03,1.A.1.e.2,Flexibility of Closure,IM,3.38,8,0.183,3.0164,3.7336,N,,07/2012,Analyst
19-4099.03,1.A.1.e.2,Flexibility of Closure,LV,4.12,8,0.295,3.5467,4.7033,N,N,07/2012,Analyst
19-4099.03,1.A.1.e.3,Perceptual Speed,IM,3.12,8,0.295,2.5467,3.7033,N,,07/2012,Analyst
19-4099.03,1.A.1.e.3,Perceptual Speed,LV,3.0,8,0.189,2.6296,3.3704,N,N,07/2012,Analyst
19-4099.03,1.A.1.f.1,Spatial Orientation,IM,1.75,8,0.25,1.26,2.24,N,,07/2012,Analyst
19-4099.03,1.A.1.f.1,Spatial Orientation,LV,1.38,8,0.4605,0.4724,2.2776,N,N,07/2012,Analyst
19-4099.03,1.A.1.f.2,Visualization,IM,3.25,8,0.1637,2.9292,3.5708,N,,07/2012,Analyst
19-4099.03,1.A.1.f.2,Visualization,LV,3.62,8,0.2631,3.1094,4.1406,N,N,07/2012,Analyst
19-4099.03,1.A.1.g.1,Selective Attention,IM,3.25,8,0.1637,2.9292,3.5708,N,,07/2012,Analyst
19-4099.03,1.A.1.g.1,Selective Attention,LV,3.38,8,0.183,3.0164,3.7336,N,N,07/2012,Analyst
19-4099.03,1.A.1.g.2,Time Sharing,IM,2.5,8,0.189,2.1296,2.8704,N,,07/2012,Analyst
19-4099.03,1.A.1.g.2,Time Sharing,LV,2.75,8,0.25,2.26,3.24,N,N,07/2012,Analyst
19-4099.03,1.A.2.a.1,Arm-Hand Steadiness,IM,2.5,8,0.189,2.1296,2.8704,N,,07/2012,Analyst
19-4099.03,1.A.2.a.1,Arm-Hand Steadiness,LV,2.38,8,0.183,2.0164,2.7336,N,N,07/2012,Analyst
19-4099.03,1.A.2.a.2,Manual Dexterity,IM,2.25,8,0.1637,1.9292,2.5708,N,,07/2012,Analyst
19-4099.03,1.A.2.a.2,Manual Dexterity,LV,2.0,8,0.189,1.6296,2.3704,N,N,07/2012,Analyst
19-4099.03,1.A.2.a.3,Finger Dexterity,IM,2.75,8,0.25,2.26,3.24,N,,07/2012,Analyst
19-4099.03,1.A.2.a.3,Finger Dexterity,LV,2.88,8,0.2266,2.4309,3.3191,N,N,07/2012,Analyst
19-4099.03,1.A.2.b.1,Control Precision,IM,2.62,8,0.183,2.2664,2.9836,N,,07/2012,Analyst
19-4099.03,1.A.2.b.1,Control Precision,LV,2.75,8,0.1637,2.4292,3.0708,N,N,07/2012,Analyst
19-4099.03,1.A.2.b.2,Multilimb Coordination,IM,2.12,8,0.125,1.88,2.37,N,,07/2012,Analyst
19-4099.03,1.A.2.b.2,Multilimb Coordination,LV,2.0,8,0.189,1.6296,2.3704,N,N,07/2012,Analyst
19-4099.03,1.A.2.b.3,Response Orientation,IM,2.12,8,0.125,1.88,2.37,N,,07/2012,Analyst
19-4099.03,1.A.2.b.3,Response Orientation,LV,1.62,8,0.183,1.2664,1.9836,N,N,07/2012,Analyst
19-4099.03,1.A.2.b.4,Rate Control,IM,1.88,8,0.125,1.63,2.12,N,,07/2012,Analyst
19-4099.03,1.A.2.b.4,Rate Control,LV,1.25,8,0.25,0.76,1.74,N,N,07/2012,Analyst
19-4099.03,1.A.2.c.1,Reaction Time,IM,1.62,8,0.183,1.2664,1.9836,N,,07/2012,Analyst
19-4099.03,1.A.2.c.1,Reaction Time,LV,1.0,8,0.3273,0.3584,1.6416,N,N,07/2012,Analyst
19-4099.03,1.A.2.c.2,Wrist-Finger Speed,IM,1.75,8,0.1637,1.4292,2.0708,N,,07/2012,Analyst
19-4099.03,1.A.2.c.2,Wrist-Finger Speed,LV,1.0,8,0.2673,0.4762,1.5238,N,N,07/2012,Analyst
19-4099.03,1.A.2.c.3,Speed of Limb Movement,IM,1.0,8,0.0,1.0,1.0,N,,07/2012,Analyst
19-4099.03,1.A.2.c.3,Speed of Limb Movement,LV,0.0,8,0.0,0.0,0.0,N,Y,07/2012,Analyst
19-4099.03,1.A.3.a.1,Static Strength,IM,1.0,8,0.0,1.0,1.0,N,,07/2012,Analyst
19-4099.03,1.A.3.a.1,Static Strength,LV,0.0,8,0.0,0.0,0.0,N,Y,07/2012,Analyst
19-4099.03,1.A.3.a.2,Explosive Strength,IM,1.0,8,0.0,1.0,1.0,N,,07/2012,Analyst
19-4099.03,1.A.3.a.2,Explosive Strength,LV,0.0,8,0.0,0.0,0.0,N,Y,07/2012,Analyst
19-4099.03,1.A.3.a.3,Dynamic Strength,IM,1.0,8,0.0,1.0,1.0,N,,07/2012,Analyst
19-4099.03,1.A.3.a.3,Dynamic Strength,LV,0.0,8,0.0,0.0,0.0,N,Y,07/2012,Analyst
19-4099.03,1.A.3.a.4,Trunk Strength,IM,1.25,8,0.1637,1.0,1.5708,N,,07/2012,Analyst
19-4099.03,1.A.3.a.4,Trunk Strength,LV,0.5,8,0.3273,0.0,1.1416,N,Y,07/2012,Analyst
19-4099.03,1.A.3.b.1,Stamina,IM,1.0,8,0.0,1.0,1.0,N,,07/2012,Analyst
19-4099.03,1.A.3.b.1,Stamina,LV,0.0,8,0.0,0.0,0.0,N,Y,07/2012,Analyst
19-4099.03,1.A.3.c.1,Extent Flexibility,IM,1.0,8,0.0,1.0,1.0,N,,07/2012,Analyst
19-4099.03,1.A.3.c.1,Extent Flexibility,LV,0.0,8,0.0,0.0,0.0,N,Y,07/2012,Analyst
19-4099.03,1.A.3.c.2,Dynamic Flexibility,IM,1.0,8,0.0,1.0,1.0,N,,07/2012,Analyst
19-4099.03,1.A.3.c.2,Dynamic Flexibility,LV,0.0,8,0.0,0.0,0.0,N,Y,07/2012,Analyst
19-4099.03,1.A.3.c.3,Gross Body Coordination,IM,1.0,8,0.0,1.0,1.0,N,,07/2012,Analyst
19-4099.03,1.A.3.c.3,Gross Body Coordination,LV,0.0,8,0.0,0.0,0.0,N,Y,07/2012,Analyst
19-4099.03,1.A.3.c.4,Gross Body Equilibrium,IM,1.0,8,0.0,1.0,1.0,N,,07/2012,Analyst
19-4099.03,1.A.3.c.4,Gross Body Equilibrium,LV,0.0,8,0.0,0.0,0.0,N,Y,07/2012,Analyst
19-4099.03,1.A.4.a.1,Near Vision,IM,3.62,8,0.183,3.2664,3.9836,N,,07/2012,Analyst
19-4099.03,1.A.4.a.1,Near Vision,LV,3.62,8,0.2631,3.1094,4.1406,N,N,07/2012,Analyst
19-4099.03,1.A.4.a.2,Far Vision,IM,2.75,8,0.25,2.26,3.24,N,,07/2012,Analyst
19-4099.03,1.A.4.a.2,Far Vision,LV,3.38,8,0.3239,2.7402,4.0098,N,N,07/2012,Analyst
19-4099.03,1.A.4.a.3,Visual Color Discrimination,IM,2.75,8,0.25,2.26,3.24,N,,07/2012,Analyst
19-4099.03,1.A.4.a.3,Visual Color Discrimination,LV,3.0,8,0.3273,2.3584,3.6416,N,N,07/2012,Analyst
19-4099.03,1.A.4.a.4,Night Vision,IM,1.25,8,0.1637,1.0,1.5708,N,,07/2012,Analyst
19-4099.03,1.A.4.a.4,Night Vision,LV,0.25,8,0.1637,0.0,0.5708,N,Y,07/2012,Analyst
19-4099.03,1.A.4.a.5,Peripheral Vision,IM,1.12,8,0.125,1.0,1.37,N,,07/2012,Analyst
19-4099.03,1.A.4.a.5,Peripheral Vision,LV,0.12,8,0.125,0.0,0.37,N,Y,07/2012,Analyst
19-4099.03,1.A.4.a.6,Depth Perception,IM,2.25,8,0.1637,1.9292,2.5708,N,,07/2012,Analyst
19-4099.03,1.A.4.a.6,Depth Perception,LV,2.12,8,0.125,1.88,2.37,N,N,07/2012,Analyst
19-4099.03,1.A.4.a.7,Glare Sensitivity,IM,1.12,8,0.125,1.0,1.37,N,,07/2012,Analyst
19-4099.03,1.A.4.a.7,Glare Sensitivity,LV,0.12,8,0.125,0.0,0.37,N,Y,07/2012,Analyst
19-4099.03,1.A.4.b.1,Hearing Sensitivity,IM,2.25,8,0.1637,1.9292,2.5708,N,,07/2012,Analyst
19-4099.03,1.A.4.b.1,Hearing Sensitivity,LV,2.38,8,0.183,2.0164,2.7336,N,N,07/2012,Analyst
19-4099.03,1.A.4.b.2,Auditory Attention,IM,2.5,8,0.189,2.1296,2.8704,N,,07/2012,Analyst
19-4099.03,1.A.4.b.2,Auditory Attention,LV,2.38,8,0.183,2.0164,2.7336,N,N,07/2012,Analyst
19-4099.03,1.A.4.b.3,Sound Localization,IM,1.0,8,0.0,1.0,1.0,N,,07/2012,Analyst
19-4099.03,1.A.4.b.3,Sound Localization,LV,0.0,8,0.0,0.0,0.0,N,Y,07/2012,Analyst
19-4099.03,1.A.4.b.4,Speech Recognition,IM,3.38,8,0.183,3.0164,3.7336,N,,07/2012,Analyst
19-4099.03,1.A.4.b.4,Speech Recognition,LV,3.0,8,0.189,2.6296,3.3704,N,N,07/2012,Analyst
19-4099.03,1.A.4.b.5,Speech Clarity,IM,3.5,8,0.189,3.1296,3.8704,N,,07/2012,Analyst
19-4099.03,1.A.4.b.5,Speech Clarity,LV,3.0,8,0.189,2.6296,3.3704,N,N,07/2012,Analyst
19-5011.00,1.A.1.a.1,Oral Comprehension,IM,4.0,8,0.0,4.0,4.0,N,,08/2024,Analyst
19-5011.00,1.A.1.a.1,Oral Comprehension,LV,4.12,8,0.125,3.88,4.37,N,N,08/2024,Analyst
19-5011.00,1.A.1.a.2,Written Comprehension,IM,3.88,8,0.125,3.63,4.12,N,,08/2024,Analyst
19-5011.00,1.A.1.a.2,Written Comprehension,LV,4.0,8,0.0,4.0,4.0,N,N,08/2024,Analyst
19-5011.00,1.A.1.a.3,Oral Expression,IM,4.0,8,0.0,4.0,4.0,N,,08/2024,Analyst
19-5011.00,1.A.1.a.3,Oral Expression,LV,4.5,8,0.189,4.1296,4.8704,N,N,08/2024,Analyst
19-5011.00,1.A.1.a.4,Written Expression,IM,3.88,8,0.125,3.63,4.12,N,,08/2024,Analyst
19-5011.00,1.A.1.a.4,Written Expression,LV,4.0,8,0.0,4.0,4.0,N,N,08/2024,Analyst
19-5011.00,1.A.1.b.1,Fluency of Ideas,IM,3.12,8,0.125,2.88,3.37,N,,08/2024,Analyst
19-5011.00,1.A.1.b.1,Fluency of Ideas,LV,3.12,8,0.125,2.88,3.37,N,N,08/2024,Analyst
19-5011.00,1.A.1.b.2,Originality,IM,3.0,8,0.0,3.0,3.0,N,,08/2024,Analyst
19-5011.00,1.A.1.b.2,Originality,LV,3.0,8,0.0,3.0,3.0,N,N,08/2024,Analyst
19-5011.00,1.A.1.b.3,Problem Sensitivity,IM,4.0,8,0.189,3.6296,4.3704,N,,08/2024,Analyst
19-5011.00,1.A.1.b.3,Problem Sensitivity,LV,4.88,8,0.125,4.63,5.12,N,N,08/2024,Analyst
19-5011.00,1.A.1.b.4,Deductive Reasoning,IM,4.0,8,0.0,4.0,4.0,N,,08/2024,Analyst
19-5011.00,1.A.1.b.4,Deductive Reasoning,LV,4.12,8,0.125,3.88,4.37,N,N,08/2024,Analyst
19-5011.00,1.A.1.b.5,Inductive Reasoning,IM,4.0,8,0.0,4.0,4.0,N,,08/2024,Analyst
19-5011.00,1.A.1.b.5,Inductive Reasoning,LV,4.12,8,0.125,3.88,4.37,N,N,08/2024,Analyst
19-5011.00,1.A.1.b.6,Information Ordering,IM,3.75,8,0.1637,3.4292,4.0708,N,,08/2024,Analyst
19-5011.00,1.A.1.b.6,Information Ordering,LV,3.88,8,0.125,3.63,4.12,N,N,08/2024,Analyst
19-5011.00,1.A.1.b.7,Category Flexibility,IM,3.25,8,0.1637,2.9292,3.5708,N,,08/2024,Analyst
19-5011.00,1.A.1.b.7,Category Flexibility,LV,3.75,8,0.1637,3.4292,4.0708,N,N,08/2024,Analyst
19-5011.00,1.A.1.c.1,Mathematical Reasoning,IM,3.12,8,0.125,2.88,3.37,N,,08/2024,Analyst
19-5011.00,1.A.1.c.1,Mathematical Reasoning,LV,3.0,8,0.0,3.0,3.0,N,N,08/2024,Analyst
19-5011.00,1.A.1.c.2,Number Facility,IM,3.0,8,0.0,3.0,3.0,N,,08/2024,Analyst
19-5011.00,1.A.1.c.2,Number Facility,LV,3.0,8,0.0,3.0,3.0,N,N,08/2024,Analyst
19-5011.00,1.A.1.d.1,Memorization,IM,2.75,8,0.1637,2.4292,3.0708,N,,08/2024,Analyst
19-5011.00,1.A.1.d.1,Memorization,LV,2.88,8,0.125,2.63,3.12,N,N,08/2024,Analyst
19-5011.00,1.A.1.e.1,Speed of Closure,IM,3.0,8,0.0,3.0,3.0,N,,08/2024,Analyst
19-5011.00,1.A.1.e.1,Speed of Closure,LV,3.0,8,0.0,3.0,3.0,N,N,08/2024,Analyst
19-5011.00,1.A.1.e.2,Flexibility of Closure,IM,3.88,8,0.125,3.63,4.12,N,,08/2024,Analyst
19-5011.00,1.A.1.e.2,Flexibility of Closure,LV,3.88,8,0.125,3.63,4.12,N,N,08/2024,Analyst
19-5011.00,1.A.1.e.3,Perceptual Speed,IM,3.12,8,0.125,2.88,3.37,N,,08/2024,Analyst
19-5011.00,1.A.1.e.3,Perceptual Speed,LV,3.0,8,0.0,3.0,3.0,N,N,08/2024,Analyst
19-5011.00,1.A.1.f.1,Spatial Orientation,IM,2.0,8,0.0,2.0,2.0,N,,08/2024,Analyst
19-5011.00,1.A.1.f.1,Spatial Orientation,LV,1.25,8,0.1637,0.9292,1.5708,N,N,08/2024,Analyst
19-5011.00,1.A.1.f.2,Visualization,IM,3.0,8,0.0,3.0,3.0,N,,08/2024,Analyst
19-5011.00,1.A.1.f.2,Visualization,LV,3.0,8,0.0,3.0,3.0,N,N,08/2024,Analyst
19-5011.00,1.A.1.g.1,Selective Attention,IM,3.12,8,0.125,2.88,3.37,N,,08/2024,Analyst
19-5011.00,1.A.1.g.1,Selective Attention,LV,3.0,8,0.0,3.0,3.0,N,N,08/2024,Analyst
19-5011.00,1.A.1.g.2,Time Sharing,IM,2.88,8,0.125,2.63,3.12,N,,08/2024,Analyst
19-5011.00,1.A.1.g.2,Time Sharing,LV,3.0,8,0.0,3.0,3.0,N,N,08/2024,Analyst
19-5011.00,1.A.2.a.1,Arm-Hand Steadiness,IM,2.0,8,0.0,2.0,2.0,N,,08/2024,Analyst
19-5011.00,1.A.2.a.1,Arm-Hand Steadiness,LV,1.5,8,0.189,1.1296,1.8704,N,N,08/2024,Analyst
19-5011.00,1.A.2.a.2,Manual Dexterity,IM,2.0,8,0.0,2.0,2.0,N,,08/2024,Analyst
19-5011.00,1.A.2.a.2,Manual Dexterity,LV,1.5,8,0.189,1.1296,1.8704,N,N,08/2024,Analyst
19-5011.00,1.A.2.a.3,Finger Dexterity,IM,2.5,8,0.189,2.1296,2.8704,N,,08/2024,Analyst
19-5011.00,1.A.2.a.3,Finger Dexterity,LV,2.5,8,0.189,2.1296,2.8704,N,N,08/2024,Analyst
19-5011.00,1.A.2.b.1,Control Precision,IM,2.0,8,0.0,2.0,2.0,N,,08/2024,Analyst
19-5011.00,1.A.2.b.1,Control Precision,LV,1.88,8,0.125,1.63,2.12,N,N,08/2024,Analyst
19-5011.00,1.A.2.b.2,Multilimb Coordination,IM,2.0,8,0.0,2.0,2.0,N,,08/2024,Analyst
19-5011.00,1.A.2.b.2,Multilimb Coordination,LV,1.75,8,0.1637,1.4292,2.0708,N,N,08/2024,Analyst
19-5011.00,1.A.2.b.3,Response Orientation,IM,1.5,8,0.189,1.1296,1.8704,N,,08/2024,Analyst
19-5011.00,1.A.2.b.3,Response Orientation,LV,0.5,8,0.189,0.1296,0.8704,N,N,08/2024,Analyst
19-5011.00,1.A.2.b.4,Rate Control,IM,1.75,8,0.1637,1.4292,2.0708,N,,08/2024,Analyst
19-5011.00,1.A.2.b.4,Rate Control,LV,0.75,8,0.1637,0.4292,1.0708,N,N,08/2024,Analyst
19-5011.00,1.A.2.c.1,Reaction Time,IM,2.0,8,0.0,2.0,2.0,N,,08/2024,Analyst
19-5011.00,1.A.2.c.1,Reaction Time,LV,1.75,8,0.1637,1.4292,2.0708,N,N,08/2024,Analyst
19-5011.00,1.A.2.c.2,Wrist-Finger Speed,IM,1.5,8,0.189,1.1296,1.8704,N,,08/2024,Analyst
19-5011.00,1.A.2.c.2,Wrist-Finger Speed,LV,0.5,8,0.189,0.1296,0.8704,N,N,08/2024,Analyst
19-5011.00,1.A.2.c.3,Speed of Limb Movement,IM,1.0,8,0.0,1.0,1.0,N,,08/2024,Analyst
19-5011.00,1.A.2.c.3,Speed of Limb Movement,LV,0.0,8,0.0,0.0,0.0,N,Y,08/2024,Analyst
19-5011.00,1.A.3.a.1,Static Strength,IM,2.0,8,0.0,2.0,2.0,N,,08/2024,Analyst
19-5011.00,1.A.3.a.1,Static Strength,LV,1.25,8,0.1637,0.9292,1.5708,N,N,08/2024,Analyst
19-5011.00,1.A.3.a.2,Explosive Strength,IM,1.5,8,0.189,1.1296,1.8704,N,,08/2024,Analyst
19-5011.00,1.A.3.a.2,Explosive Strength,LV,0.62,8,0.2631,0.1094,1.1406,N,N,08/2024,Analyst
19-5011.00,1.A.3.a.3,Dynamic Strength,IM,1.5,8,0.189,1.1296,1.8704,N,,08/2024,Analyst
19-5011.00,1.A.3.a.3,Dynamic Strength,LV,0.5,8,0.189,0.1296,0.8704,N,N,08/2024,Analyst
19-5011.00,1.A.3.a.4,Trunk Strength,IM,2.0,8,0.0,2.0,2.0,N,,08/2024,Analyst
19-5011.00,1.A.3.a.4,Trunk Strength,LV,2.0,8,0.0,2.0,2.0,N,N,08/2024,Analyst
19-5011.00,1.A.3.b.1,Stamina,IM,1.88,8,0.125,1.63,2.12,N,,08/2024,Analyst
19-5011.00,1.A.3.b.1,Stamina,LV,0.88,8,0.125,0.63,1.12,N,N,08/2024,Analyst
19-5011.00,1.A.3.c.1,Extent Flexibility,IM,1.88,8,0.125,1.63,2.12,N,,08/2024,Analyst
19-5011.00,1.A.3.c.1,Extent Flexibility,LV,1.12,8,0.2266,0.6809,1.5691,N,N,08/2024,Analyst
19-5011.00,1.A.3.c.2,Dynamic Flexibility,IM,1.0,8,0.0,1.0,1.0,N,,08/2024,Analyst
19-5011.00,1.A.3.c.2,Dynamic Flexibility,LV,0.0,8,0.0,0.0,0.0,N,Y,08/2024,Analyst
19-5011.00,1.A.3.c.3,Gross Body Coordination,IM,1.5,8,0.189,1.1296,1.8704,N,,08/2024,Analyst
19-5011.00,1.A.3.c.3,Gross Body Coordination,LV,0.5,8,0.189,0.1296,0.8704,N,N,08/2024,Analyst
19-5011.00,1.A.3.c.4,Gross Body Equilibrium,IM,2.0,8,0.0,2.0,2.0,N,,08/2024,Analyst
19-5011.00,1.A.3.c.4,Gross Body Equilibrium,LV,1.0,8,0.0,1.0,1.0,N,N,08/2024,Analyst
19-5011.00,1.A.4.a.1,Near Vision,IM,4.0,8,0.0,4.0,4.0,N,,08/2024,Analyst
19-5011.00,1.A.4.a.1,Near Vision,LV,4.0,8,0.0,4.0,4.0,N,N,08/2024,Analyst
19-5011.00,1.A.4.a.2,Far Vision,IM,3.12,8,0.125,2.88,3.37,N,,08/2024,Analyst
19-5011.00,1.A.4.a.2,Far Vision,LV,3.5,8,0.189,3.1296,3.8704,N,N,08/2024,Analyst
19-5011.00,1.A.4.a.3,Visual Color Discrimination,IM,2.75,8,0.1637,2.4292,3.0708,N,,08/2024,Analyst
19-5011.00,1.A.4.a.3,Visual Color Discrimination,LV,3.0,8,0.0,3.0,3.0,N,N,08/2024,Analyst
19-5011.00,1.A.4.a.4,Night Vision,IM,1.38,8,0.183,1.0164,1.7336,N,,08/2024,Analyst
19-5011.00,1.A.4.a.4,Night Vision,LV,0.38,8,0.183,0.0164,0.7336,N,N,08/2024,Analyst
19-5011.00,1.A.4.a.5,Peripheral Vision,IM,1.5,8,0.189,1.1296,1.8704,N,,08/2024,Analyst
19-5011.00,1.A.4.a.5,Peripheral Vision,LV,0.5,8,0.189,0.1296,0.8704,N,N,08/2024,Analyst
19-5011.00,1.A.4.a.6,Depth Perception,IM,2.0,8,0.0,2.0,2.0,N,,08/2024,Analyst
19-5011.00,1.A.4.a.6,Depth Perception,LV,2.0,8,0.0,2.0,2.0,N,N,08/2024,Analyst
19-5011.00,1.A.4.a.7,Glare Sensitivity,IM,1.88,8,0.125,1.63,2.12,N,,08/2024,Analyst
19-5011.00,1.A.4.a.7,Glare Sensitivity,LV,0.88,8,0.125,0.63,1.12,N,N,08/2024,Analyst
19-5011.00,1.A.4.b.1,Hearing Sensitivity,IM,2.38,8,0.183,2.0164,2.7336,N,,08/2024,Analyst
19-5011.00,1.A.4.b.1,Hearing Sensitivity,LV,2.62,8,0.183,2.2664,2.9836,N,N,08/2024,Analyst
19-5011.00,1.A.4.b.2,Auditory Attention,IM,2.75,8,0.1637,2.4292,3.0708,N,,08/2024,Analyst
19-5011.00,1.A.4.b.2,Auditory Attention,LV,2.75,8,0.1637,2.4292,3.0708,N,N,08/2024,Analyst
19-5011.00,1.A.4.b.3,Sound Localization,IM,2.0,8,0.0,2.0,2.0,N,,08/2024,Analyst
19-5011.00,1.A.4.b.3,Sound Localization,LV,1.25,8,0.1637,0.9292,1.5708,N,N,08/2024,Analyst
19-5011.00,1.A.4.b.4,Speech Recognition,IM,3.75,8,0.1637,3.4292,4.0708,N,,08/2024,Analyst
19-5011.00,1.A.4.b.4,Speech Recognition,LV,3.62,8,0.183,3.2664,3.9836,N,N,08/2024,Analyst
19-5011.00,1.A.4.b.5,Speech Clarity,IM,3.75,8,0.1637,3.4292,4.0708,N,,08/2024,Analyst
19-5011.00,1.A.4.b.5,Speech Clarity,LV,3.75,8,0.1637,3.4292,4.0708,N,N,08/2024,Analyst
19-5012.00,1.A.1.a.1,Oral Comprehension,IM,3.88,8,0.125,3.63,4.12,N,,08/2024,Analyst
19-5012.00,1.A.1.a.1,Oral Comprehension,LV,4.0,8,0.0,4.0,4.0,N,N,08/2024,Analyst
19-5012.00,1.A.1.a.2,Written Comprehension,IM,3.88,8,0.125,3.63,4.12,N,,08/2024,Analyst
19-5012.00,1.A.1.a.2,Written Comprehension,LV,4.0,8,0.0,4.0,4.0,N,N,08/2024,Analyst
19-5012.00,1.A.1.a.3,Oral Expression,IM,3.88,8,0.125,3.63,4.12,N,,08/2024,Analyst
19-5012.00,1.A.1.a.3,Oral Expression,LV,4.0,8,0.0,4.0,4.0,N,N,08/2024,Analyst
19-5012.00,1.A.1.a.4,Written Expression,IM,3.75,8,0.1637,3.4292,4.0708,N,,08/2024,Analyst
19-5012.00,1.A.1.a.4,Written Expression,LV,3.75,8,0.1637,3.4292,4.0708,N,N,08/2024,Analyst
19-5012.00,1.A.1.b.1,Fluency of Ideas,IM,3.0,8,0.0,3.0,3.0,N,,08/2024,Analyst
19-5012.00,1.A.1.b.1,Fluency of Ideas,LV,3.0,8,0.0,3.0,3.0,N,N,08/2024,Analyst
19-5012.00,1.A.1.b.2,Originality,IM,3.0,8,0.0,3.0,3.0,N,,08/2024,Analyst
19-5012.00,1.A.1.b.2,Originality,LV,3.0,8,0.0,3.0,3.0,N,N,08/2024,Analyst
19-5012.00,1.A.1.b.3,Problem Sensitivity,IM,3.88,8,0.125,3.63,4.12,N,,08/2024,Analyst
19-5012.00,1.A.1.b.3,Problem Sensitivity,LV,4.12,8,0.125,3.88,4.37,N,N,08/2024,Analyst
19-5012.00,1.A.1.b.4,Deductive Reasoning,IM,3.88,8,0.125,3.63,4.12,N,,08/2024,Analyst
19-5012.00,1.A.1.b.4,Deductive Reasoning,LV,4.0,8,0.0,4.0,4.0,N,N,08/2024,Analyst
19-5012.00,1.A.1.b.5,Inductive Reasoning,IM,3.88,8,0.125,3.63,4.12,N,,08/2024,Analyst
19-5012.00,1.A.1.b.5,Inductive Reasoning,LV,4.0,8,0.0,4.0,4.0,N,N,08/2024,Analyst
19-5012.00,1.A.1.b.6,Information Ordering,IM,3.38,8,0.183,3.0164,3.7336,N,,08/2024,Analyst
19-5012.00,1.A.1.b.6,Information Ordering,LV,3.25,8,0.1637,2.9292,3.5708,N,N,08/2024,Analyst
19-5012.00,1.A.1.b.7,Category Flexibility,IM,3.25,8,0.1637,2.9292,3.5708,N,,08/2024,Analyst
19-5012.00,1.A.1.b.7,Category Flexibility,LV,3.25,8,0.1637,2.9292,3.5708,N,N,08/2024,Analyst
19-5012.00,1.A.1.c.1,Mathematical Reasoning,IM,2.75,8,0.1637,2.4292,3.0708,N,,08/2024,Analyst
19-5012.00,1.A.1.c.1,Mathematical Reasoning,LV,2.75,8,0.1637,2.4292,3.0708,N,N,08/2024,Analyst
19-5012.00,1.A.1.c.2,Number Facility,IM,2.62,8,0.183,2.2664,2.9836,N,,08/2024,Analyst
19-5012.00,1.A.1.c.2,Number Facility,LV,2.62,8,0.183,2.2664,2.9836,N,N,08/2024,Analyst
19-5012.00,1.A.1.d.1,Memorization,IM,2.5,8,0.189,2.1296,2.8704,N,,08/2024,Analyst
19-5012.00,1.A.1.d.1,Memorization,LV,2.25,8,0.1637,1.9292,2.5708,N,N,08/2024,Analyst
19-5012.00,1.A.1.e.1,Speed of Closure,IM,2.75,8,0.1637,2.4292,3.0708,N,,08/2024,Analyst
19-5012.00,1.A.1.e.1,Speed of Closure,LV,3.0,8,0.189,2.6296,3.3704,N,N,08/2024,Analyst
19-5012.00,1.A.1.e.2,Flexibility of Closure,IM,3.25,8,0.1637,2.9292,3.5708,N,,08/2024,Analyst
19-5012.00,1.A.1.e.2,Flexibility of Closure,LV,3.38,8,0.183,3.0164,3.7336,N,N,08/2024,Analyst
19-5012.00,1.A.1.e.3,Perceptual Speed,IM,3.0,8,0.0,3.0,3.0,N,,08/2024,Analyst
19-5012.00,1.A.1.e.3,Perceptual Speed,LV,3.0,8,0.0,3.0,3.0,N,N,08/2024,Analyst
19-5012.00,1.A.1.f.1,Spatial Orientation,IM,2.0,8,0.0,2.0,2.0,N,,08/2024,Analyst
19-5012.00,1.A.1.f.1,Spatial Orientation,LV,1.38,8,0.183,1.0164,1.7336,N,N,08/2024,Analyst
19-5012.00,1.A.1.f.2,Visualization,IM,2.25,8,0.1637,1.9292,2.5708,N,,08/2024,Analyst
19-5012.00,1.A.1.f.2,Visualization,LV,2.25,8,0.1637,1.9292,2.5708,N,N,08/2024,Analyst
19-5012.00,1.A.1.g.1,Selective Attention,IM,3.0,8,0.0,3.0,3.0,N,,08/2024,Analyst
19-5012.00,1.A.1.g.1,Selective Attention,LV,3.0,8,0.0,3.0,3.0,N,N,08/2024,Analyst
19-5012.00,1.A.1.g.2,Time Sharing,IM,2.62,8,0.183,2.2664,2.9836,N,,08/2024,Analyst
19-5012.00,1.A.1.g.2,Time Sharing,LV,2.62,8,0.183,2.2664,2.9836,N,N,08/2024,Analyst
19-5012.00,1.A.2.a.1,Arm-Hand Steadiness,IM,2.12,8,0.125,1.88,2.37,N,,08/2024,Analyst
19-5012.00,1.A.2.a.1,Arm-Hand Steadiness,LV,1.75,8,0.1637,1.4292,2.0708,N,N,08/2024,Analyst
19-5012.00,1.A.2.a.2,Manual Dexterity,IM,1.88,8,0.125,1.63,2.12,N,,08/2024,Analyst
19-5012.00,1.A.2.a.2,Manual Dexterity,LV,1.38,8,0.2631,0.8594,1.8906,N,N,08/2024,Analyst
19-5012.00,1.A.2.a.3,Finger Dexterity,IM,2.38,8,0.183,2.0164,2.7336,N,,08/2024,Analyst
19-5012.00,1.A.2.a.3,Finger Dexterity,LV,2.38,8,0.183,2.0164,2.7336,N,N,08/2024,Analyst
19-5012.00,1.A.2.b.1,Control Precision,IM,2.12,8,0.125,1.88,2.37,N,,08/2024,Analyst
19-5012.00,1.A.2.b.1,Control Precision,LV,1.38,8,0.183,1.0164,1.7336,N,N,08/2024,Analyst
19-5012.00,1.A.2.b.2,Multilimb Coordination,IM,2.0,8,0.0,2.0,2.0,N,,08/2024,Analyst
19-5012.00,1.A.2.b.2,Multilimb Coordination,LV,1.88,8,0.125,1.63,2.12,N,N,08/2024,Analyst
19-5012.00,1.A.2.b.3,Response Orientation,IM,1.88,8,0.125,1.63,2.12,N,,08/2024,Analyst
19-5012.00,1.A.2.b.3,Response Orientation,LV,1.0,8,0.189,0.6296,1.3704,N,N,08/2024,Analyst
19-5012.00,1.A.2.b.4,Rate Control,IM,1.62,8,0.183,1.2664,1.9836,N,,08/2024,Analyst
19-5012.00,1.A.2.b.4,Rate Control,LV,0.88,8,0.295,0.2967,1.4533,N,N,08/2024,Analyst
19-5012.00,1.A.2.c.1,Reaction Time,IM,1.88,8,0.125,1.63,2.12,N,,08/2024,Analyst
19-5012.00,1.A.2.c.1,Reaction Time,LV,1.75,8,0.25,1.26,2.24,N,N,08/2024,Analyst
19-5012.00,1.A.2.c.2,Wrist-Finger Speed,IM,2.0,8,0.189,1.6296,2.3704,N,,08/2024,Analyst
19-5012.00,1.A.2.c.2,Wrist-Finger Speed,LV,1.12,8,0.2266,0.6809,1.5691,N,N,08/2024,Analyst
19-5012.00,1.A.2.c.3,Speed of Limb Movement,IM,1.25,8,0.1637,1.0,1.5708,N,,08/2024,Analyst
19-5012.00,1.A.2.c.3,Speed of Limb Movement,LV,0.25,8,0.1637,0.0,0.5708,N,Y,08/2024,Analyst
19-5012.00,1.A.3.a.1,Static Strength,IM,2.0,8,0.0,2.0,2.0,N,,08/2024,Analyst
19-5012.00,1.A.3.a.1,Static Strength,LV,1.25,8,0.1637,0.9292,1.5708,N,N,08/2024,Analyst
19-5012.00,1.A.3.a.2,Explosive Strength,IM,1.88,8,0.125,1.63,2.12,N,,08/2024,Analyst
19-5012.00,1.A.3.a.2,Explosive Strength,LV,1.0,8,0.189,0.6296,1.3704,N,N,08/2024,Analyst
19-5012.00,1.A.3.a.3,Dynamic Strength,IM,1.88,8,0.125,1.63,2.12,N,,08/2024,Analyst
19-5012.00,1.A.3.a.3,Dynamic Strength,LV,1.0,8,0.189,0.6296,1.3704,N,N,08/2024,Analyst
19-5012.00,1.A.3.a.4,Trunk Strength,IM,2.38,8,0.183,2.0164,2.7336,N,,08/2024,Analyst
19-5012.00,1.A.3.a.4,Trunk Strength,LV,2.25,8,0.1637,1.9292,2.5708,N,N,08/2024,Analyst
19-5012.00,1.A.3.b.1,Stamina,IM,2.0,8,0.0,2.0,2.0,N,,08/2024,Analyst
19-5012.00,1.A.3.b.1,Stamina,LV,1.38,8,0.183,1.0164,1.7336,N,N,08/2024,Analyst
19-5012.00,1.A.3.c.1,Extent Flexibility,IM,2.0,8,0.0,2.0,2.0,N,,08/2024,Analyst
19-5012.00,1.A.3.c.1,Extent Flexibility,LV,1.88,8,0.125,1.63,2.12,N,N,08/2024,Analyst
19-5012.00,1.A.3.c.2,Dynamic Flexibility,IM,1.0,8,0.0,1.0,1.0,N,,08/2024,Analyst
19-5012.00,1.A.3.c.2,Dynamic Flexibility,LV,0.0,8,0.0,0.0,0.0,N,Y,08/2024,Analyst
19-5012.00,1.A.3.c.3,Gross Body Coordination,IM,2.0,8,0.0,2.0,2.0,N,,08/2024,Analyst
19-5012.00,1.A.3.c.3,Gross Body Coordination,LV,1.62,8,0.183,1.2664,1.9836,N,N,08/2024,Analyst
19-5012.00,1.A.3.c.4,Gross Body Equilibrium,IM,2.12,8,0.125,1.88,2.37,N,,08/2024,Analyst
19-5012.00,1.A.3.c.4,Gross Body Equilibrium,LV,1.75,8,0.1637,1.4292,2.0708,N,N,08/2024,Analyst
19-5012.00,1.A.4.a.1,Near Vision,IM,3.62,8,0.183,3.2664,3.9836,N,,08/2024,Analyst
19-5012.00,1.A.4.a.1,Near Vision,LV,3.88,8,0.125,3.63,4.12,N,N,08/2024,Analyst
19-5012.00,1.A.4.a.2,Far Vision,IM,3.25,8,0.1637,2.9292,3.5708,N,,08/2024,Analyst
19-5012.00,1.A.4.a.2,Far Vision,LV,3.25,8,0.1637,2.9292,3.5708,N,N,08/2024,Analyst
19-5012.00,1.A.4.a.3,Visual Color Discrimination,IM,2.88,8,0.125,2.63,3.12,N,,08/2024,Analyst
19-5012.00,1.A.4.a.3,Visual Color Discrimination,LV,2.88,8,0.125,2.63,3.12,N,N,08/2024,Analyst
19-5012.00,1.A.4.a.4,Night Vision,IM,1.5,8,0.189,1.1296,1.8704,N,,08/2024,Analyst
19-5012.00,1.A.4.a.4,Night Vision,LV,0.62,8,0.2631,0.1094,1.1406,N,N,08/2024,Analyst
19-5012.00,1.A.4.a.5,Peripheral Vision,IM,1.75,8,0.1637,1.4292,2.0708,N,,08/2024,Analyst
19-5012.00,1.A.4.a.5,Peripheral Vision,LV,0.75,8,0.1637,0.4292,1.0708,N,N,08/2024,Analyst
19-5012.00,1.A.4.a.6,Depth Perception,IM,2.12,8,0.125,1.88,2.37,N,,08/2024,Analyst
19-5012.00,1.A.4.a.6,Depth Perception,LV,2.0,8,0.0,2.0,2.0,N,N,08/2024,Analyst
19-5012.00,1.A.4.a.7,Glare Sensitivity,IM,1.88,8,0.125,1.63,2.12,N,,08/2024,Analyst
19-5012.00,1.A.4.a.7,Glare Sensitivity,LV,1.25,8,0.25,0.76,1.74,N,N,08/2024,Analyst
19-5012.00,1.A.4.b.1,Hearing Sensitivity,IM,2.12,8,0.125,1.88,2.37,N,,08/2024,Analyst
19-5012.00,1.A.4.b.1,Hearing Sensitivity,LV,2.12,8,0.125,1.88,2.37,N,N,08/2024,Analyst
19-5012.00,1.A.4.b.2,Auditory Attention,IM,2.38,8,0.183,2.0164,2.7336,N,,08/2024,Analyst
19-5012.00,1.A.4.b.2,Auditory Attention,LV,2.0,8,0.0,2.0,2.0,N,N,08/2024,Analyst
19-5012.00,1.A.4.b.3,Sound Localization,IM,2.0,8,0.0,2.0,2.0,N,,08/2024,Analyst
19-5012.00,1.A.4.b.3,Sound Localization,LV,1.0,8,0.0,1.0,1.0,N,N,08/2024,Analyst
19-5012.00,1.A.4.b.4,Speech Recognition,IM,3.38,8,0.183,3.0164,3.7336,N,,08/2024,Analyst
19-5012.00,1.A.4.b.4,Speech Recognition,LV,3.0,8,0.0,3.0,3.0,N,N,08/2024,Analyst
19-5012.00,1.A.4.b.5,Speech Clarity,IM,3.5,8,0.189,3.1296,3.8704,N,,08/2024,Analyst
19-5012.00,1.A.4.b.5,Speech Clarity,LV,3.5,8,0.189,3.1296,3.8704,N,N,08/2024,Analyst
21-1011.00,1.A.1.a.1,Oral Comprehension,IM,4.0,8,0.3273,3.3584,4.6416,N,,08/2021,Analyst
21-1011.00,1.A.1.a.1,Oral Comprehension,LV,4.62,8,0.183,4.2664,4.9836,N,N,08/2021,Analyst
21-1011.00,1.A.1.a.2,Written Comprehension,IM,4.0,8,0.0,4.0,4.0,N,,08/2021,Analyst
21-1011.00,1.A.1.a.2,Written Comprehension,LV,4.25,8,0.1637,3.9292,4.5708,N,N,08/2021,Analyst
21-1011.00,1.A.1.a.3,Oral Expression,IM,4.12,8,0.125,3.88,4.37,N,,08/2021,Analyst
21-1011.00,1.A.1.a.3,Oral Expression,LV,4.75,8,0.1637,4.4292,5.0708,N,N,08/2021,Analyst
21-1011.00,1.A.1.a.4,Written Expression,IM,4.0,8,0.0,4.0,4.0,N,,08/2021,Analyst
21-1011.00,1.A.1.a.4,Written Expression,LV,4.0,8,0.0,4.0,4.0,N,N,08/2021,Analyst
21-1011.00,1.A.1.b.1,Fluency of Ideas,IM,3.38,8,0.183,3.0164,3.7336,N,,08/2021,Analyst
21-1011.00,1.A.1.b.1,Fluency of Ideas,LV,3.38,8,0.183,3.0164,3.7336,N,N,08/2021,Analyst
21-1011.00,1.A.1.b.2,Originality,IM,3.12,8,0.125,2.88,3.37,N,,08/2021,Analyst
21-1011.00,1.A.1.b.2,Originality,LV,3.12,8,0.125,2.88,3.37,N,N,08/2021,Analyst
21-1011.00,1.A.1.b.3,Problem Sensitivity,IM,4.12,8,0.125,3.88,4.37,N,,08/2021,Analyst
21-1011.00,1.A.1.b.3,Problem Sensitivity,LV,4.25,8,0.1637,3.9292,4.5708,N,N,08/2021,Analyst
21-1011.00,1.A.1.b.4,Deductive Reasoning,IM,4.0,8,0.0,4.0,4.0,N,,08/2021,Analyst
21-1011.00,1.A.1.b.4,Deductive Reasoning,LV,4.0,8,0.0,4.0,4.0,N,N,08/2021,Analyst
21-1011.00,1.A.1.b.5,Inductive Reasoning,IM,4.0,8,0.0,4.0,4.0,N,,08/2021,Analyst
21-1011.00,1.A.1.b.5,Inductive Reasoning,LV,4.0,8,0.0,4.0,4.0,N,N,08/2021,Analyst
21-1011.00,1.A.1.b.6,Information Ordering,IM,3.62,8,0.183,3.2664,3.9836,N,,08/2021,Analyst
21-1011.00,1.A.1.b.6,Information Ordering,LV,3.62,8,0.183,3.2664,3.9836,N,N,08/2021,Analyst
21-1011.00,1.A.1.b.7,Category Flexibility,IM,3.25,8,0.1637,2.9292,3.5708,N,,08/2021,Analyst
21-1011.00,1.A.1.b.7,Category Flexibility,LV,3.25,8,0.1637,2.9292,3.5708,N,N,08/2021,Analyst
21-1011.00,1.A.1.c.1,Mathematical Reasoning,IM,2.0,8,0.0,2.0,2.0,N,,08/2021,Analyst
21-1011.00,1.A.1.c.1,Mathematical Reasoning,LV,2.12,8,0.125,1.88,2.37,N,N,08/2021,Analyst
21-1011.00,1.A.1.c.2,Number Facility,IM,2.0,8,0.0,2.0,2.0,N,,08/2021,Analyst
21-1011.00,1.A.1.c.2,Number Facility,LV,2.0,8,0.0,2.0,2.0,N,N,08/2021,Analyst
21-1011.00,1.A.1.d.1,Memorization,IM,2.62,8,0.183,2.2664,2.9836,N,,08/2021,Analyst
21-1011.00,1.A.1.d.1,Memorization,LV,2.75,8,0.1637,2.4292,3.0708,N,N,08/2021,Analyst
21-1011.00,1.A.1.e.1,Speed of Closure,IM,2.75,8,0.1637,2.4292,3.0708,N,,08/2021,Analyst
21-1011.00,1.A.1.e.1,Speed of Closure,LV,2.38,8,0.183,2.0164,2.7336,N,N,08/2021,Analyst
21-1011.00,1.A.1.e.2,Flexibility of Closure,IM,3.0,8,0.0,3.0,3.0,N,,08/2021,Analyst
21-1011.00,1.A.1.e.2,Flexibility of Closure,LV,3.0,8,0.0,3.0,3.0,N,N,08/2021,Analyst
21-1011.00,1.A.1.e.3,Perceptual Speed,IM,2.25,8,0.1637,1.9292,2.5708,N,,08/2021,Analyst
21-1011.00,1.A.1.e.3,Perceptual Speed,LV,2.75,8,0.1637,2.4292,3.0708,N,N,08/2021,Analyst
21-1011.00,1.A.1.f.1,Spatial Orientation,IM,1.5,8,0.189,1.1296,1.8704,N,,08/2021,Analyst
21-1011.00,1.A.1.f.1,Spatial Orientation,LV,0.62,8,0.2631,0.1094,1.1406,N,N,08/2021,Analyst
21-1011.00,1.A.1.f.2,Visualization,IM,2.5,8,0.189,2.1296,2.8704,N,,08/2021,Analyst
21-1011.00,1.A.1.f.2,Visualization,LV,2.62,8,0.183,2.2664,2.9836,N,N,08/2021,Analyst
21-1011.00,1.A.1.g.1,Selective Attention,IM,3.12,8,0.125,2.88,3.37,N,,08/2021,Analyst
21-1011.00,1.A.1.g.1,Selective Attention,LV,3.0,8,0.0,3.0,3.0,N,N,08/2021,Analyst
21-1011.00,1.A.1.g.2,Time Sharing,IM,3.0,8,0.0,3.0,3.0,N,,08/2021,Analyst
21-1011.00,1.A.1.g.2,Time Sharing,LV,3.0,8,0.0,3.0,3.0,N,N,08/2021,Analyst
21-1011.00,1.A.2.a.1,Arm-Hand Steadiness,IM,1.62,8,0.183,1.2664,1.9836,N,,08/2021,Analyst
21-1011.00,1.A.2.a.1,Arm-Hand Steadiness,LV,1.0,8,0.3273,0.3584,1.6416,N,N,08/2021,Analyst
21-1011.00,1.A.2.a.2,Manual Dexterity,IM,1.25,8,0.1637,1.0,1.5708,N,,08/2021,Analyst
21-1011.00,1.A.2.a.2,Manual Dexterity,LV,0.25,8,0.1637,0.0,0.5708,N,Y,08/2021,Analyst
21-1011.00,1.A.2.a.3,Finger Dexterity,IM,1.62,8,0.183,1.2664,1.9836,N,,08/2021,Analyst
21-1011.00,1.A.2.a.3,Finger Dexterity,LV,0.75,8,0.25,0.26,1.24,N,N,08/2021,Analyst
21-1011.00,1.A.2.b.1,Control Precision,IM,1.62,8,0.183,1.2664,1.9836,N,,08/2021,Analyst
21-1011.00,1.A.2.b.1,Control Precision,LV,0.88,8,0.295,0.2967,1.4533,N,N,08/2021,Analyst
21-1011.00,1.A.2.b.2,Multilimb Coordination,IM,1.62,8,0.183,1.2664,1.9836,N,,08/2021,Analyst
21-1011.00,1.A.2.b.2,Multilimb Coordination,LV,1.0,8,0.3273,0.3584,1.6416,N,N,08/2021,Analyst
21-1011.00,1.A.2.b.3,Response Orientation,IM,2.0,8,0.0,2.0,2.0,N,,08/2021,Analyst
21-1011.00,1.A.2.b.3,Response Orientation,LV,1.75,8,0.1637,1.4292,2.0708,N,N,08/2021,Analyst
21-1011.00,1.A.2.b.4,Rate Control,IM,1.62,8,0.183,1.2664,1.9836,N,,08/2021,Analyst
21-1011.00,1.A.2.b.4,Rate Control,LV,1.0,8,0.3273,0.3584,1.6416,N,N,08/2021,Analyst
21-1011.00,1.A.2.c.1,Reaction Time,IM,2.0,8,0.0,2.0,2.0,N,,08/2021,Analyst
21-1011.00,1.A.2.c.1,Reaction Time,LV,1.75,8,0.1637,1.4292,2.0708,N,N,08/2021,Analyst
21-1011.00,1.A.2.c.2,Wrist-Finger Speed,IM,1.25,8,0.1637,1.0,1.5708,N,,08/2021,Analyst
21-1011.00,1.A.2.c.2,Wrist-Finger Speed,LV,0.5,8,0.3273,0.0,1.1416,N,Y,08/2021,Analyst
21-1011.00,1.A.2.c.3,Speed of Limb Movement,IM,1.38,8,0.183,1.0164,1.7336,N,,08/2021,Analyst
21-1011.00,1.A.2.c.3,Speed of Limb Movement,LV,0.38,8,0.183,0.0164,0.7336,N,N,08/2021,Analyst
21-1011.00,1.A.3.a.1,Static Strength,IM,2.0,8,0.0,2.0,2.0,N,,08/2021,Analyst
21-1011.00,1.A.3.a.1,Static Strength,LV,1.75,8,0.1637,1.4292,2.0708,N,N,08/2021,Analyst
21-1011.00,1.A.3.a.2,Explosive Strength,IM,2.0,8,0.0,2.0,2.0,N,,08/2021,Analyst
21-1011.00,1.A.3.a.2,Explosive Strength,LV,1.75,8,0.1637,1.4292,2.0708,N,N,08/2021,Analyst
21-1011.00,1.A.3.a.3,Dynamic Strength,IM,1.5,8,0.189,1.1296,1.8704,N,,08/2021,Analyst
21-1011.00,1.A.3.a.3,Dynamic Strength,LV,0.75,8,0.3134,0.1358,1.3642,N,N,08/2021,Analyst
21-1011.00,1.A.3.a.4,Trunk Strength,IM,2.0,8,0.0,2.0,2.0,N,,08/2021,Analyst
21-1011.00,1.A.3.a.4,Trunk Strength,LV,1.75,8,0.25,1.26,2.24,N,N,08/2021,Analyst
21-1011.00,1.A.3.b.1,Stamina,IM,1.88,8,0.125,1.63,2.12,N,,08/2021,Analyst
21-1011.00,1.A.3.b.1,Stamina,LV,1.12,8,0.2266,0.6809,1.5691,N,N,08/2021,Analyst
21-1011.00,1.A.3.c.1,Extent Flexibility,IM,1.5,8,0.189,1.1296,1.8704,N,,08/2021,Analyst
21-1011.00,1.A.3.c.1,Extent Flexibility,LV,0.88,8,0.3504,0.1883,1.5617,N,N,08/2021,Analyst
21-1011.00,1.A.3.c.2,Dynamic Flexibility,IM,1.0,8,0.0,1.0,1.0,N,,08/2021,Analyst
21-1011.00,1.A.3.c.2,Dynamic Flexibility,LV,0.0,8,0.0,0.0,0.0,N,Y,08/2021,Analyst
21-1011.00,1.A.3.c.3,Gross Body Coordination,IM,2.0,8,0.0,2.0,2.0,N,,08/2021,Analyst
21-1011.00,1.A.3.c.3,Gross Body Coordination,LV,1.25,8,0.1637,0.9292,1.5708,N,N,08/2021,Analyst
21-1011.00,1.A.3.c.4,Gross Body Equilibrium,IM,2.0,8,0.0,2.0,2.0,N,,08/2021,Analyst
21-1011.00,1.A.3.c.4,Gross Body Equilibrium,LV,1.25,8,0.1637,0.9292,1.5708,N,N,08/2021,Analyst
21-1011.00,1.A.4.a.1,Near Vision,IM,3.12,8,0.125,2.88,3.37,N,,08/2021,Analyst
21-1011.00,1.A.4.a.1,Near Vision,LV,3.12,8,0.125,2.88,3.37,N,N,08/2021,Analyst
21-1011.00,1.A.4.a.2,Far Vision,IM,3.0,8,0.0,3.0,3.0,N,,08/2021,Analyst
21-1011.00,1.A.4.a.2,Far Vision,LV,3.0,8,0.0,3.0,3.0,N,N,08/2021,Analyst
21-1011.00,1.A.4.a.3,Visual Color Discrimination,IM,2.0,8,0.0,2.0,2.0,N,,08/2021,Analyst
21-1011.00,1.A.4.a.3,Visual Color Discrimination,LV,1.88,8,0.2266,1.4309,2.3191,N,N,08/2021,Analyst
21-1011.00,1.A.4.a.4,Night Vision,IM,1.62,8,0.183,1.2664,1.9836,N,,08/2021,Analyst
21-1011.00,1.A.4.a.4,Night Vision,LV,0.75,8,0.25,0.26,1.24,N,N,08/2021,Analyst
21-1011.00,1.A.4.a.5,Peripheral Vision,IM,1.62,8,0.183,1.2664,1.9836,N,,08/2021,Analyst
21-1011.00,1.A.4.a.5,Peripheral Vision,LV,0.75,8,0.25,0.26,1.24,N,N,08/2021,Analyst
21-1011.00,1.A.4.a.6,Depth Perception,IM,1.88,8,0.125,1.63,2.12,N,,08/2021,Analyst
21-1011.00,1.A.4.a.6,Depth Perception,LV,1.25,8,0.25,0.76,1.74,N,N,08/2021,Analyst
21-1011.00,1.A.4.a.7,Glare Sensitivity,IM,1.5,8,0.189,1.1296,1.8704,N,,08/2021,Analyst
21-1011.00,1.A.4.a.7,Glare Sensitivity,LV,0.75,8,0.3134,0.1358,1.3642,N,N,08/2021,Analyst
21-1011.00,1.A.4.b.1,Hearing Sensitivity,IM,2.0,8,0.0,2.0,2.0,N,,08/2021,Analyst
21-1011.00,1.A.4.b.1,Hearing Sensitivity,LV,2.0,8,0.189,1.6296,2.3704,N,N,08/2021,Analyst
21-1011.00,1.A.4.b.2,Auditory Attention,IM,2.0,8,0.0,2.0,2.0,N,,08/2021,Analyst
21-1011.00,1.A.4.b.2,Auditory Attention,LV,2.0,8,0.189,1.6296,2.3704,N,N,08/2021,Analyst
21-1011.00,1.A.4.b.3,Sound Localization,IM,1.5,8,0.189,1.1296,1.8704,N,,08/2021,Analyst
21-1011.00,1.A.4.b.3,Sound Localization,LV,0.5,8,0.189,0.1296,0.8704,N,N,08/2021,Analyst
21-1011.00,1.A.4.b.4,Speech Recognition,IM,3.88,8,0.125,3.63,4.12,N,,08/2021,Analyst
21-1011.00,1.A.4.b.4,Speech Recognition,LV,4.0,8,0.0,4.0,4.0,N,N,08/2021,Analyst
21-1011.00,1.A.4.b.5,Speech Clarity,IM,4.12,8,0.125,3.88,4.37,N,,08/2021,Analyst
21-1011.00,1.A.4.b.5,Speech Clarity,LV,4.0,8,0.0,4.0,4.0,N,N,08/2021,Analyst
21-1012.00,1.A.1.a.1,Oral Comprehension,IM,4.25,8,0.1637,3.9292,4.5708,N,,08/2024,Analyst
21-1012.00,1.A.1.a.1,Oral Comprehension,LV,4.5,8,0.189,4.1296,4.8704,N,N,08/2024,Analyst
21-1012.00,1.A.1.a.2,Written Comprehension,IM,4.0,8,0.0,4.0,4.0,N,,08/2024,Analyst
21-1012.00,1.A.1.a.2,Written Comprehension,LV,4.38,8,0.183,4.0164,4.7336,N,N,08/2024,Analyst
21-1012.00,1.A.1.a.3,Oral Expression,IM,4.25,8,0.1637,3.9292,4.5708,N,,08/2024,Analyst
21-1012.00,1.A.1.a.3,Oral Expression,LV,4.38,8,0.183,4.0164,4.7336,N,N,08/2024,Analyst
21-1012.00,1.A.1.a.4,Written Expression,IM,4.0,8,0.0,4.0,4.0,N,,08/2024,Analyst
21-1012.00,1.A.1.a.4,Written Expression,LV,4.25,8,0.1637,3.9292,4.5708,N,N,08/2024,Analyst
21-1012.00,1.A.1.b.1,Fluency of Ideas,IM,3.62,8,0.183,3.2664,3.9836,N,,08/2024,Analyst
21-1012.00,1.A.1.b.1,Fluency of Ideas,LV,3.88,8,0.125,3.63,4.12,N,N,08/2024,Analyst
21-1012.00,1.A.1.b.2,Originality,IM,3.12,8,0.125,2.88,3.37,N,,08/2024,Analyst
21-1012.00,1.A.1.b.2,Originality,LV,3.5,8,0.189,3.1296,3.8704,N,N,08/2024,Analyst
21-1012.00,1.A.1.b.3,Problem Sensitivity,IM,3.75,8,0.1637,3.4292,4.0708,N,,08/2024,Analyst
21-1012.00,1.A.1.b.3,Problem Sensitivity,LV,4.25,8,0.1637,3.9292,4.5708,N,N,08/2024,Analyst
21-1012.00,1.A.1.b.4,Deductive Reasoning,IM,3.75,8,0.1637,3.4292,4.0708,N,,08/2024,Analyst
21-1012.00,1.A.1.b.4,Deductive Reasoning,LV,4.25,8,0.1637,3.9292,4.5708,N,N,08/2024,Analyst
21-1012.00,1.A.1.b.5,Inductive Reasoning,IM,3.75,8,0.1637,3.4292,4.0708,N,,08/2024,Analyst
21-1012.00,1.A.1.b.5,Inductive Reasoning,LV,4.12,8,0.125,3.88,4.37,N,N,08/2024,Analyst
21-1012.00,1.A.1.b.6,Information Ordering,IM,3.38,8,0.183,3.0164,3.7336,N,,08/2024,Analyst
21-1012.00,1.A.1.b.6,Information Ordering,LV,3.12,8,0.125,2.88,3.37,N,N,08/2024,Analyst
21-1012.00,1.A.1.b.7,Category Flexibility,IM,3.12,8,0.125,2.88,3.37,N,,08/2024,Analyst
21-1012.00,1.A.1.b.7,Category Flexibility,LV,3.25,8,0.1637,2.9292,3.5708,N,N,08/2024,Analyst
21-1012.00,1.A.1.c.1,Mathematical Reasoning,IM,2.62,8,0.183,2.2664,2.9836,N,,08/2024,Analyst
21-1012.00,1.A.1.c.1,Mathematical Reasoning,LV,2.5,8,0.189,2.1296,2.8704,N,N,08/2024,Analyst
21-1012.00,1.A.1.c.2,Number Facility,IM,2.12,8,0.125,1.88,2.37,N,,08/2024,Analyst
21-1012.00,1.A.1.c.2,Number Facility,LV,2.12,8,0.125,1.88,2.37,N,N,08/2024,Analyst
21-1012.00,1.A.1.d.1,Memorization,IM,2.62,8,0.183,2.2664,2.9836,N,,08/2024,Analyst
21-1012.00,1.A.1.d.1,Memorization,LV,2.75,8,0.1637,2.4292,3.0708,N,N,08/2024,Analyst
21-1012.00,1.A.1.e.1,Speed of Closure,IM,2.38,8,0.183,2.0164,2.7336,N,,08/2024,Analyst
21-1012.00,1.A.1.e.1,Speed of Closure,LV,2.5,8,0.189,2.1296,2.8704,N,N,08/2024,Analyst
21-1012.00,1.A.1.e.2,Flexibility of Closure,IM,2.75,8,0.1637,2.4292,3.0708,N,,08/2024,Analyst
21-1012.00,1.A.1.e.2,Flexibility of Closure,LV,2.62,8,0.183,2.2664,2.9836,N,N,08/2024,Analyst
21-1012.00,1.A.1.e.3,Perceptual Speed,IM,2.62,8,0.183,2.2664,2.9836,N,,08/2024,Analyst
21-1012.00,1.A.1.e.3,Perceptual Speed,LV,2.12,8,0.125,1.88,2.37,N,N,08/2024,Analyst
21-1012.00,1.A.1.f.1,Spatial Orientation,IM,1.0,8,0.0,1.0,1.0,N,,08/2024,Analyst
21-1012.00,1.A.1.f.1,Spatial Orientation,LV,0.0,8,0.0,0.0,0.0,N,Y,08/2024,Analyst
21-1012.00,1.A.1.f.2,Visualization,IM,2.38,8,0.183,2.0164,2.7336,N,,08/2024,Analyst
21-1012.00,1.A.1.f.2,Visualization,LV,2.25,8,0.1637,1.9292,2.5708,N,N,08/2024,Analyst
21-1012.00,1.A.1.g.1,Selective Attention,IM,3.12,8,0.125,2.88,3.37,N,,08/2024,Analyst
21-1012.00,1.A.1.g.1,Selective Attention,LV,2.88,8,0.125,2.63,3.12,N,N,08/2024,Analyst
21-1012.00,1.A.1.g.2,Time Sharing,IM,2.5,8,0.189,2.1296,2.8704,N,,08/2024,Analyst
21-1012.00,1.A.1.g.2,Time Sharing,LV,2.62,8,0.183,2.2664,2.9836,N,N,08/2024,Analyst
21-1012.00,1.A.2.a.1,Arm-Hand Steadiness,IM,1.0,8,0.0,1.0,1.0,N,,08/2024,Analyst
21-1012.00,1.A.2.a.1,Arm-Hand Steadiness,LV,0.0,8,0.0,0.0,0.0,N,Y,08/2024,Analyst
21-1012.00,1.A.2.a.2,Manual Dexterity,IM,1.25,8,0.1637,1.0,1.5708,N,,08/2024,Analyst
21-1012.00,1.A.2.a.2,Manual Dexterity,LV,0.25,8,0.1637,0.0,0.5708,N,Y,08/2024,Analyst
21-1012.00,1.A.2.a.3,Finger Dexterity,IM,1.0,8,0.0,1.0,1.0,N,,08/2024,Analyst
21-1012.00,1.A.2.a.3,Finger Dexterity,LV,0.0,8,0.0,0.0,0.0,N,Y,08/2024,Analyst
21-1012.00,1.A.2.b.1,Control Precision,IM,1.0,8,0.0,1.0,1.0,N,,08/2024,Analyst
21-1012.00,1.A.2.b.1,Control Precision,LV,0.0,8,0.0,0.0,0.0,N,Y,08/2024,Analyst
21-1012.00,1.A.2.b.2,Multilimb Coordination,IM,1.0,8,0.0,1.0,1.0,N,,08/2024,Analyst
21-1012.00,1.A.2.b.2,Multilimb Coordination,LV,0.0,8,0.0,0.0,0.0,N,Y,08/2024,Analyst
21-1012.00,1.A.2.b.3,Response Orientation,IM,1.12,8,0.125,1.0,1.37,N,,08/2024,Analyst
21-1012.00,1.A.2.b.3,Response Orientation,LV,0.12,8,0.125,0.0,0.37,N,Y,08/2024,Analyst
21-1012.00,1.A.2.b.4,Rate Control,IM,1.0,8,0.0,1.0,1.0,N,,08/2024,Analyst
21-1012.00,1.A.2.b.4,Rate Control,LV,0.0,8,0.0,0.0,0.0,N,Y,08/2024,Analyst
21-1012.00,1.A.2.c.1,Reaction Time,IM,1.25,8,0.1637,1.0,1.5708,N,,08/2024,Analyst
21-1012.00,1.A.2.c.1,Reaction Time,LV,0.25,8,0.1637,0.0,0.5708,N,Y,08/2024,Analyst
21-1012.00,1.A.2.c.2,Wrist-Finger Speed,IM,1.5,8,0.189,1.1296,1.8704,N,,08/2024,Analyst
21-1012.00,1.A.2.c.2,Wrist-Finger Speed,LV,0.5,8,0.189,0.1296,0.8704,N,N,08/2024,Analyst
21-1012.00,1.A.2.c.3,Speed of Limb Movement,IM,1.0,8,0.0,1.0,1.0,N,,08/2024,Analyst
21-1012.00,1.A.2.c.3,Speed of Limb Movement,LV,0.0,8,0.0,0.0,0.0,N,Y,08/2024,Analyst
21-1012.00,1.A.3.a.1,Static Strength,IM,1.0,8,0.0,1.0,1.0,N,,08/2024,Analyst
21-1012.00,1.A.3.a.1,Static Strength,LV,0.0,8,0.0,0.0,0.0,N,Y,08/2024,Analyst
21-1012.00,1.A.3.a.2,Explosive Strength,IM,1.0,8,0.0,1.0,1.0,N,,08/2024,Analyst
21-1012.00,1.A.3.a.2,Explosive Strength,LV,0.0,8,0.0,0.0,0.0,N,Y,08/2024,Analyst
21-1012.00,1.A.3.a.3,Dynamic Strength,IM,1.0,8,0.0,1.0,1.0,N,,08/2024,Analyst
21-1012.00,1.A.3.a.3,Dynamic Strength,LV,0.0,8,0.0,0.0,0.0,N,Y,08/2024,Analyst
21-1012.00,1.A.3.a.4,Trunk Strength,IM,1.75,8,0.25,1.26,2.24,N,,08/2024,Analyst
21-1012.00,1.A.3.a.4,Trunk Strength,LV,1.12,8,0.3504,0.4383,1.8117,N,N,08/2024,Analyst
21-1012.00,1.A.3.b.1,Stamina,IM,1.12,8,0.125,1.0,1.37,N,,08/2024,Analyst
21-1012.00,1.A.3.b.1,Stamina,LV,0.12,8,0.125,0.0,0.37,N,Y,08/2024,Analyst
21-1012.00,1.A.3.c.1,Extent Flexibility,IM,1.0,8,0.0,1.0,1.0,N,,08/2024,Analyst
21-1012.00,1.A.3.c.1,Extent Flexibility,LV,0.0,8,0.0,0.0,0.0,N,Y,08/2024,Analyst
21-1012.00,1.A.3.c.2,Dynamic Flexibility,IM,1.0,8,0.0,1.0,1.0,N,,08/2024,Analyst
21-1012.00,1.A.3.c.2,Dynamic Flexibility,LV,0.0,8,0.0,0.0,0.0,N,Y,08/2024,Analyst
21-1012.00,1.A.3.c.3,Gross Body Coordination,IM,1.0,8,0.0,1.0,1.0,N,,08/2024,Analyst
21-1012.00,1.A.3.c.3,Gross Body Coordination,LV,0.0,8,0.0,0.0,0.0,N,Y,08/2024,Analyst
21-1012.00,1.A.3.c.4,Gross Body Equilibrium,IM,1.0,8,0.0,1.0,1.0,N,,08/2024,Analyst
21-1012.00,1.A.3.c.4,Gross Body Equilibrium,LV,0.0,8,0.0,0.0,0.0,N,Y,08/2024,Analyst
21-1012.00,1.A.4.a.1,Near Vision,IM,3.38,8,0.183,3.0164,3.7336,N,,08/2024,Analyst
21-1012.00,1.A.4.a.1,Near Vision,LV,3.38,8,0.183,3.0164,3.7336,N,N,08/2024,Analyst
21-1012.00,1.A.4.a.2,Far Vision,IM,2.5,8,0.189,2.1296,2.8704,N,,08/2024,Analyst
21-1012.00,1.A.4.a.2,Far Vision,LV,2.62,8,0.183,2.2664,2.9836,N,N,08/2024,Analyst
21-1012.00,1.A.4.a.3,Visual Color Discrimination,IM,1.88,8,0.125,1.63,2.12,N,,08/2024,Analyst
21-1012.00,1.A.4.a.3,Visual Color Discrimination,LV,1.62,8,0.2631,1.1094,2.1406,N,N,08/2024,Analyst
21-1012.00,1.A.4.a.4,Night Vision,IM,1.0,8,0.0,1.0,1.0,N,,08/2024,Analyst
21-1012.00,1.A.4.a.4,Night Vision,LV,0.0,8,0.0,0.0,0.0,N,Y,08/2024,Analyst
21-1012.00,1.A.4.a.5,Peripheral Vision,IM,1.0,8,0.0,1.0,1.0,N,,08/2024,Analyst
21-1012.00,1.A.4.a.5,Peripheral Vision,LV,0.0,8,0.0,0.0,0.0,N,Y,08/2024,Analyst
21-1012.00,1.A.4.a.6,Depth Perception,IM,1.38,8,0.183,1.0164,1.7336,N,,08/2024,Analyst
21-1012.00,1.A.4.a.6,Depth Perception,LV,0.38,8,0.183,0.0164,0.7336,N,N,08/2024,Analyst
21-1012.00,1.A.4.a.7,Glare Sensitivity,IM,1.0,8,0.0,1.0,1.0,N,,08/2024,Analyst
21-1012.00,1.A.4.a.7,Glare Sensitivity,LV,0.0,8,0.0,0.0,0.0,N,Y,08/2024,Analyst
21-1012.00,1.A.4.b.1,Hearing Sensitivity,IM,1.75,8,0.1637,1.4292,2.0708,N,,08/2024,Analyst
21-1012.00,1.A.4.b.1,Hearing Sensitivity,LV,1.38,8,0.3239,0.7402,2.0098,N,N,08/2024,Analyst
21-1012.00,1.A.4.b.2,Auditory Attention,IM,2.0,8,0.0,2.0,2.0,N,,08/2024,Analyst
21-1012.00,1.A.4.b.2,Auditory Attention,LV,1.88,8,0.125,1.63,2.12,N,N,08/2024,Analyst
21-1012.00,1.A.4.b.3,Sound Localization,IM,1.0,8,0.0,1.0,1.0,N,,08/2024,Analyst
21-1012.00,1.A.4.b.3,Sound Localization,LV,0.0,8,0.0,0.0,0.0,N,Y,08/2024,Analyst
21-1012.00,1.A.4.b.4,Speech Recognition,IM,3.62,8,0.183,3.2664,3.9836,N,,08/2024,Analyst
21-1012.00,1.A.4.b.4,Speech Recognition,LV,3.5,8,0.189,3.1296,3.8704,N,N,08/2024,Analyst
21-1012.00,1.A.4.b.5,Speech Clarity,IM,3.75,8,0.1637,3.4292,4.0708,N,,08/2024,Analyst
21-1012.00,1.A.4.b.5,Speech Clarity,LV,4.0,8,0.0,4.0,4.0,N,N,08/2024,Analyst
21-1013.00,1.A.1.a.1,Oral Comprehension,IM,4.25,8,0.1637,3.9292,4.5708,N,,08/2020,Analyst
21-1013.00,1.A.1.a.1,Oral Comprehension,LV,4.5,8,0.189,4.1296,4.8704,N,N,08/2020,Analyst
21-1013.00,1.A.1.a.2,Written Comprehension,IM,4.0,8,0.0,4.0,4.0,N,,08/2020,Analyst
21-1013.00,1.A.1.a.2,Written Comprehension,LV,4.38,8,0.183,4.0164,4.7336,N,N,08/2020,Analyst
21-1013.00,1.A.1.a.3,Oral Expression,IM,4.25,8,0.1637,3.9292,4.5708,N,,08/2020,Analyst
21-1013.00,1.A.1.a.3,Oral Expression,LV,4.88,8,0.125,4.63,5.12,N,N,08/2020,Analyst
21-1013.00,1.A.1.a.4,Written Expression,IM,4.0,8,0.0,4.0,4.0,N,,08/2020,Analyst
21-1013.00,1.A.1.a.4,Written Expression,LV,4.12,8,0.125,3.88,4.37,N,N,08/2020,Analyst
21-1013.00,1.A.1.b.1,Fluency of Ideas,IM,3.62,8,0.183,3.2664,3.9836,N,,08/2020,Analyst
21-1013.00,1.A.1.b.1,Fluency of Ideas,LV,4.12,8,0.125,3.88,4.37,N,N,08/2020,Analyst
21-1013.00,1.A.1.b.2,Originality,IM,3.62,8,0.183,3.2664,3.9836,N,,08/2020,Analyst
21-1013.00,1.A.1.b.2,Originality,LV,3.5,8,0.189,3.1296,3.8704,N,N,08/2020,Analyst
21-1013.00,1.A.1.b.3,Problem Sensitivity,IM,4.0,8,0.0,4.0,4.0,N,,08/2020,Analyst
21-1013.00,1.A.1.b.3,Problem Sensitivity,LV,4.5,8,0.2673,3.9762,5.0238,N,N,08/2020,Analyst
21-1013.00,1.A.1.b.4,Deductive Reasoning,IM,4.0,8,0.0,4.0,4.0,N,,08/2020,Analyst
21-1013.00,1.A.1.b.4,Deductive Reasoning,LV,4.12,8,0.125,3.88,4.37,N,N,08/2020,Analyst
21-1013.00,1.A.1.b.5,Inductive Reasoning,IM,4.0,8,0.0,4.0,4.0,N,,08/2020,Analyst
21-1013.00,1.A.1.b.5,Inductive Reasoning,LV,4.38,8,0.2631,3.8594,4.8906,N,N,08/2020,Analyst
21-1013.00,1.A.1.b.6,Information Ordering,IM,3.62,8,0.183,3.2664,3.9836,N,,08/2020,Analyst
21-1013.00,1.A.1.b.6,Information Ordering,LV,3.75,8,0.25,3.26,4.24,N,N,08/2020,Analyst
21-1013.00,1.A.1.b.7,Category Flexibility,IM,3.75,8,0.1637,3.4292,4.0708,N,,08/2020,Analyst
21-1013.00,1.A.1.b.7,Category Flexibility,LV,3.5,8,0.189,3.1296,3.8704,N,N,08/2020,Analyst
21-1013.00,1.A.1.c.1,Mathematical Reasoning,IM,2.0,8,0.0,2.0,2.0,N,,08/2020,Analyst
21-1013.00,1.A.1.c.1,Mathematical Reasoning,LV,1.88,8,0.125,1.63,2.12,N,N,08/2020,Analyst
21-1013.00,1.A.1.c.2,Number Facility,IM,2.0,8,0.0,2.0,2.0,N,,08/2020,Analyst
21-1013.00,1.A.1.c.2,Number Facility,LV,1.88,8,0.125,1.63,2.12,N,N,08/2020,Analyst
21-1013.00,1.A.1.d.1,Memorization,IM,2.88,8,0.125,2.63,3.12,N,,08/2020,Analyst
21-1013.00,1.A.1.d.1,Memorization,LV,2.88,8,0.125,2.63,3.12,N,N,08/2020,Analyst
21-1013.00,1.A.1.e.1,Speed of Closure,IM,3.0,8,0.189,2.6296,3.3704,N,,08/2020,Analyst
21-1013.00,1.A.1.e.1,Speed of Closure,LV,3.5,8,0.3273,2.8584,4.1416,N,N,08/2020,Analyst
21-1013.00,1.A.1.e.2,Flexibility of Closure,IM,3.12,8,0.2266,2.6809,3.5691,N,,08/2020,Analyst
21-1013.00,1.A.1.e.2,Flexibility of Closure,LV,3.0,8,0.189,2.6296,3.3704,N,N,08/2020,Analyst
21-1013.00,1.A.1.e.3,Perceptual Speed,IM,2.75,8,0.1637,2.4292,3.0708,N,,08/2020,Analyst
21-1013.00,1.A.1.e.3,Perceptual Speed,LV,2.5,8,0.189,2.1296,2.8704,N,N,08/2020,Analyst
21-1013.00,1.A.1.f.1,Spatial Orientation,IM,1.0,8,0.0,1.0,1.0,N,,08/2020,Analyst
21-1013.00,1.A.1.f.1,Spatial Orientation,LV,0.0,8,0.0,0.0,0.0,N,Y,08/2020,Analyst
21-1013.00,1.A.1.f.2,Visualization,IM,2.0,8,0.189,1.6296,2.3704,N,,08/2020,Analyst
21-1013.00,1.A.1.f.2,Visualization,LV,2.12,8,0.3504,1.4383,2.8117,N,N,08/2020,Analyst
21-1013.00,1.A.1.g.1,Selective Attention,IM,3.12,8,0.125,2.88,3.37,N,,08/2020,Analyst
21-1013.00,1.A.1.g.1,Selective Attention,LV,3.12,8,0.125,2.88,3.37,N,N,08/2020,Analyst
21-1013.00,1.A.1.g.2,Time Sharing,IM,2.75,8,0.1637,2.4292,3.0708,N,,08/2020,Analyst
21-1013.00,1.A.1.g.2,Time Sharing,LV,2.88,8,0.125,2.63,3.12,N,N,08/2020,Analyst
21-1013.00,1.A.2.a.1,Arm-Hand Steadiness,IM,1.0,8,0.0,1.0,1.0,N,,08/2020,Analyst
21-1013.00,1.A.2.a.1,Arm-Hand Steadiness,LV,0.0,8,0.0,0.0,0.0,N,Y,08/2020,Analyst
21-1013.00,1.A.2.a.2,Manual Dexterity,IM,1.12,8,0.125,1.0,1.37,N,,08/2020,Analyst
21-1013.00,1.A.2.a.2,Manual Dexterity,LV,0.12,8,0.125,0.0,0.37,N,Y,08/2020,Analyst
21-1013.00,1.A.2.a.3,Finger Dexterity,IM,1.62,8,0.2631,1.1094,2.1406,N,,08/2020,Analyst
21-1013.00,1.A.2.a.3,Finger Dexterity,LV,1.0,8,0.378,0.2592,1.7408,N,N,08/2020,Analyst
21-1013.00,1.A.2.b.1,Control Precision,IM,1.0,8,0.0,1.0,1.0,N,,08/2020,Analyst
21-1013.00,1.A.2.b.1,Control Precision,LV,0.0,8,0.0,0.0,0.0,N,Y,08/2020,Analyst
21-1013.00,1.A.2.b.2,Multilimb Coordination,IM,1.12,8,0.125,1.0,1.37,N,,08/2020,Analyst
21-1013.00,1.A.2.b.2,Multilimb Coordination,LV,0.12,8,0.125,0.0,0.37,N,Y,08/2020,Analyst
21-1013.00,1.A.2.b.3,Response Orientation,IM,1.12,8,0.125,1.0,1.37,N,,08/2020,Analyst
21-1013.00,1.A.2.b.3,Response Orientation,LV,0.12,8,0.125,0.0,0.37,N,Y,08/2020,Analyst
21-1013.00,1.A.2.b.4,Rate Control,IM,1.0,8,0.0,1.0,1.0,N,,08/2020,Analyst
21-1013.00,1.A.2.b.4,Rate Control,LV,0.0,8,0.0,0.0,0.0,N,Y,08/2020,Analyst
21-1013.00,1.A.2.c.1,Reaction Time,IM,1.38,8,0.183,1.0164,1.7336,N,,08/2020,Analyst
21-1013.00,1.A.2.c.1,Reaction Time,LV,0.38,8,0.183,0.0164,0.7336,N,N,08/2020,Analyst
21-1013.00,1.A.2.c.2,Wrist-Finger Speed,IM,1.38,8,0.183,1.0164,1.7336,N,,08/2020,Analyst
21-1013.00,1.A.2.c.2,Wrist-Finger Speed,LV,0.62,8,0.3239,0.0,1.2598,N,N,08/2020,Analyst
21-1013.00,1.A.2.c.3,Speed of Limb Movement,IM,1.12,8,0.125,1.0,1.37,N,,08/2020,Analyst
21-1013.00,1.A.2.c.3,Speed of Limb Movement,LV,0.12,8,0.125,0.0,0.37,N,Y,08/2020,Analyst
21-1013.00,1.A.3.a.1,Static Strength,IM,1.38,8,0.183,1.0164,1.7336,N,,08/2020,Analyst
21-1013.00,1.A.3.a.1,Static Strength,LV,0.38,8,0.183,0.0164,0.7336,N,N,08/2020,Analyst
21-1013.00,1.A.3.a.2,Explosive Strength,IM,1.38,8,0.183,1.0164,1.7336,N,,08/2020,Analyst
21-1013.00,1.A.3.a.2,Explosive Strength,LV,0.38,8,0.183,0.0164,0.7336,N,N,08/2020,Analyst
21-1013.00,1.A.3.a.3,Dynamic Strength,IM,1.0,8,0.0,1.0,1.0,N,,08/2020,Analyst
21-1013.00,1.A.3.a.3,Dynamic Strength,LV,0.0,8,0.0,0.0,0.0,N,Y,08/2020,Analyst
21-1013.00,1.A.3.a.4,Trunk Strength,IM,1.5,8,0.189,1.1296,1.8704,N,,08/2020,Analyst
21-1013.00,1.A.3.a.4,Trunk Strength,LV,1.0,8,0.378,0.2592,1.7408,N,N,08/2020,Analyst
21-1013.00,1.A.3.b.1,Stamina,IM,1.12,8,0.125,1.0,1.37,N,,08/2020,Analyst
21-1013.00,1.A.3.b.1,Stamina,LV,0.12,8,0.125,0.0,0.37,N,Y,08/2020,Analyst
21-1013.00,1.A.3.c.1,Extent Flexibility,IM,1.12,8,0.125,1.0,1.37,N,,08/2020,Analyst
21-1013.00,1.A.3.c.1,Extent Flexibility,LV,0.12,8,0.125,0.0,0.37,N,Y,08/2020,Analyst
21-1013.00,1.A.3.c.2,Dynamic Flexibility,IM,1.0,8,0.0,1.0,1.0,N,,08/2020,Analyst
21-1013.00,1.A.3.c.2,Dynamic Flexibility,LV,0.0,8,0.0,0.0,0.0,N,Y,08/2020,Analyst
21-1013.00,1.A.3.c.3,Gross Body Coordination,IM,1.38,8,0.183,1.0164,1.7336,N,,08/2020,Analyst
21-1013.00,1.A.3.c.3,Gross Body Coordination,LV,0.38,8,0.183,0.0164,0.7336,N,N,08/2020,Analyst
21-1013.00,1.A.3.c.4,Gross Body Equilibrium,IM,1.38,8,0.183,1.0164,1.7336,N,,08/2020,Analyst
21-1013.00,1.A.3.c.4,Gross Body Equilibrium,LV,0.38,8,0.183,0.0164,0.7336,N,N,08/2020,Analyst
21-1013.00,1.A.4.a.1,Near Vision,IM,3.25,8,0.1637,2.9292,3.5708,N,,08/2020,Analyst
21-1013.00,1.A.4.a.1,Near Vision,LV,3.62,8,0.183,3.2664,3.9836,N,N,08/2020,Analyst
21-1013.00,1.A.4.a.2,Far Vision,IM,2.75,8,0.1637,2.4292,3.0708,N,,08/2020,Analyst
21-1013.00,1.A.4.a.2,Far Vision,LV,2.75,8,0.1637,2.4292,3.0708,N,N,08/2020,Analyst
21-1013.00,1.A.4.a.3,Visual Color Discrimination,IM,1.75,8,0.1637,1.4292,2.0708,N,,08/2020,Analyst
21-1013.00,1.A.4.a.3,Visual Color Discrimination,LV,1.5,8,0.3273,0.8584,2.1416,N,N,08/2020,Analyst
21-1013.00,1.A.4.a.4,Night Vision,IM,1.0,8,0.0,1.0,1.0,N,,08/2020,Analyst
21-1013.00,1.A.4.a.4,Night Vision,LV,0.0,8,0.0,0.0,0.0,N,Y,08/2020,Analyst
21-1013.00,1.A.4.a.5,Peripheral Vision,IM,1.0,8,0.0,1.0,1.0,N,,08/2020,Analyst
21-1013.00,1.A.4.a.5,Peripheral Vision,LV,0.0,8,0.0,0.0,0.0,N,Y,08/2020,Analyst
21-1013.00,1.A.4.a.6,Depth Perception,IM,1.0,8,0.0,1.0,1.0,N,,08/2020,Analyst
21-1013.00,1.A.4.a.6,Depth Perception,LV,0.0,8,0.0,0.0,0.0,N,Y,08/2020,Analyst
21-1013.00,1.A.4.a.7,Glare Sensitivity,IM,1.0,8,0.0,1.0,1.0,N,,08/2020,Analyst
21-1013.00,1.A.4.a.7,Glare Sensitivity,LV,0.0,8,0.0,0.0,0.0,N,Y,08/2020,Analyst
21-1013.00,1.A.4.b.1,Hearing Sensitivity,IM,1.75,8,0.1637,1.4292,2.0708,N,,08/2020,Analyst
21-1013.00,1.A.4.b.1,Hearing Sensitivity,LV,1.5,8,0.3273,0.8584,2.1416,N,N,08/2020,Analyst
21-1013.00,1.A.4.b.2,Auditory Attention,IM,2.25,8,0.25,1.76,2.74,N,,08/2020,Analyst
21-1013.00,1.A.4.b.2,Auditory Attention,LV,1.88,8,0.295,1.2967,2.4533,N,N,08/2020,Analyst
21-1013.00,1.A.4.b.3,Sound Localization,IM,1.0,8,0.0,1.0,1.0,N,,08/2020,Analyst
21-1013.00,1.A.4.b.3,Sound Localization,LV,0.0,8,0.0,0.0,0.0,N,Y,08/2020,Analyst
21-1013.00,1.A.4.b.4,Speech Recognition,IM,4.0,8,0.0,4.0,4.0,N,,08/2020,Analyst
21-1013.00,1.A.4.b.4,Speech Recognition,LV,4.0,8,0.0,4.0,4.0,N,N,08/2020,Analyst
21-1013.00,1.A.4.b.5,Speech Clarity,IM,4.0,8,0.0,4.0,4.0,N,,08/2020,Analyst
21-1013.00,1.A.4.b.5,Speech Clarity,LV,4.12,8,0.125,3.88,4.37,N,N,08/2020,Analyst
21-1014.00,1.A.1.a.1,Oral Comprehension,IM,4.62,8,0.183,4.2664,4.9836,N,,08/2021,Analyst
21-1014.00,1.A.1.a.1,Oral Comprehension,LV,4.88,8,0.125,4.63,5.12,N,N,08/2021,Analyst
21-1014.00,1.A.1.a.2,Written Comprehension,IM,4.12,8,0.125,3.88,4.37,N,,08/2021,Analyst
21-1014.00,1.A.1.a.2,Written Comprehension,LV,4.25,8,0.1637,3.9292,4.5708,N,N,08/2021,Analyst
21-1014.00,1.A.1.a.3,Oral Expression,IM,4.5,8,0.189,4.1296,4.8704,N,,08/2021,Analyst
21-1014.00,1.A.1.a.3,Oral Expression,LV,4.88,8,0.125,4.63,5.12,N,N,08/2021,Analyst
21-1014.00,1.A.1.a.4,Written Expression,IM,4.12,8,0.125,3.88,4.37,N,,08/2021,Analyst
21-1014.00,1.A.1.a.4,Written Expression,LV,4.25,8,0.1637,3.9292,4.5708,N,N,08/2021,Analyst
21-1014.00,1.A.1.b.1,Fluency of Ideas,IM,3.75,8,0.1637,3.4292,4.0708,N,,08/2021,Analyst
21-1014.00,1.A.1.b.1,Fluency of Ideas,LV,4.12,8,0.125,3.88,4.37,N,N,08/2021,Analyst
21-1014.00,1.A.1.b.2,Originality,IM,3.5,8,0.189,3.1296,3.8704,N,,08/2021,Analyst
21-1014.00,1.A.1.b.2,Originality,LV,4.0,8,0.0,4.0,4.0,N,N,08/2021,Analyst
21-1014.00,1.A.1.b.3,Problem Sensitivity,IM,4.25,8,0.1637,3.9292,4.5708,N,,08/2021,Analyst
21-1014.00,1.A.1.b.3,Problem Sensitivity,LV,5.12,8,0.125,4.88,5.37,N,N,08/2021,Analyst
21-1014.00,1.A.1.b.4,Deductive Reasoning,IM,4.0,8,0.0,4.0,4.0,N,,08/2021,Analyst
21-1014.00,1.A.1.b.4,Deductive Reasoning,LV,4.75,8,0.1637,4.4292,5.0708,N,N,08/2021,Analyst
21-1014.00,1.A.1.b.5,Inductive Reasoning,IM,4.0,8,0.0,4.0,4.0,N,,08/2021,Analyst
21-1014.00,1.A.1.b.5,Inductive Reasoning,LV,5.0,8,0.0,5.0,5.0,N,N,08/2021,Analyst
21-1014.00,1.A.1.b.6,Information Ordering,IM,3.62,8,0.183,3.2664,3.9836,N,,08/2021,Analyst
21-1014.00,1.A.1.b.6,Information Ordering,LV,3.88,8,0.125,3.63,4.12,N,N,08/2021,Analyst
21-1014.00,1.A.1.b.7,Category Flexibility,IM,3.62,8,0.183,3.2664,3.9836,N,,08/2021,Analyst
21-1014.00,1.A.1.b.7,Category Flexibility,LV,4.12,8,0.125,3.88,4.37,N,N,08/2021,Analyst
21-1014.00,1.A.1.c.1,Mathematical Reasoning,IM,2.25,8,0.1637,1.9292,2.5708,N,,08/2021,Analyst
21-1014.00,1.A.1.c.1,Mathematical Reasoning,LV,2.25,8,0.1637,1.9292,2.5708,N,N,08/2021,Analyst
21-1014.00,1.A.1.c.2,Number Facility,IM,2.12,8,0.125,1.88,2.37,N,,08/2021,Analyst
21-1014.00,1.A.1.c.2,Number Facility,LV,2.12,8,0.125,1.88,2.37,N,N,08/2021,Analyst
21-1014.00,1.A.1.d.1,Memorization,IM,2.75,8,0.1637,2.4292,3.0708,N,,08/2021,Analyst
21-1014.00,1.A.1.d.1,Memorization,LV,2.75,8,0.1637,2.4292,3.0708,N,N,08/2021,Analyst
21-1014.00,1.A.1.e.1,Speed of Closure,IM,2.88,8,0.125,2.63,3.12,N,,08/2021,Analyst
21-1014.00,1.A.1.e.1,Speed of Closure,LV,3.0,8,0.189,2.6296,3.3704,N,N,08/2021,Analyst
21-1014.00,1.A.1.e.2,Flexibility of Closure,IM,3.0,8,0.189,2.6296,3.3704,N,,08/2021,Analyst
21-1014.00,1.A.1.e.2,Flexibility of Closure,LV,3.12,8,0.125,2.88,3.37,N,N,08/2021,Analyst
21-1014.00,1.A.1.e.3,Perceptual Speed,IM,2.25,8,0.1637,1.9292,2.5708,N,,08/2021,Analyst
21-1014.00,1.A.1.e.3,Perceptual Speed,LV,2.62,8,0.183,2.2664,2.9836,N,N,08/2021,Analyst
21-1014.00,1.A.1.f.1,Spatial Orientation,IM,1.0,8,0.0,1.0,1.0,N,,08/2021,Analyst
21-1014.00,1.A.1.f.1,Spatial Orientation,LV,0.0,8,0.0,0.0,0.0,N,Y,08/2021,Analyst
21-1014.00,1.A.1.f.2,Visualization,IM,2.12,8,0.125,1.88,2.37,N,,08/2021,Analyst
21-1014.00,1.A.1.f.2,Visualization,LV,2.12,8,0.125,1.88,2.37,N,N,08/2021,Analyst
21-1014.00,1.A.1.g.1,Selective Attention,IM,3.38,8,0.183,3.0164,3.7336,N,,08/2021,Analyst
21-1014.00,1.A.1.g.1,Selective Attention,LV,3.62,8,0.183,3.2664,3.9836,N,N,08/2021,Analyst
21-1014.00,1.A.1.g.2,Time Sharing,IM,2.62,8,0.183,2.2664,2.9836,N,,08/2021,Analyst
21-1014.00,1.A.1.g.2,Time Sharing,LV,2.25,8,0.1637,1.9292,2.5708,N,N,08/2021,Analyst
21-1014.00,1.A.2.a.1,Arm-Hand Steadiness,IM,1.0,8,0.0,1.0,1.0,N,,08/2021,Analyst
21-1014.00,1.A.2.a.1,Arm-Hand Steadiness,LV,0.0,8,0.0,0.0,0.0,N,Y,08/2021,Analyst
21-1014.00,1.A.2.a.2,Manual Dexterity,IM,1.38,8,0.183,1.0164,1.7336,N,,08/2021,Analyst
21-1014.00,1.A.2.a.2,Manual Dexterity,LV,0.5,8,0.2673,0.0,1.0238,N,N,08/2021,Analyst
21-1014.00,1.A.2.a.3,Finger Dexterity,IM,1.75,8,0.1637,1.4292,2.0708,N,,08/2021,Analyst
21-1014.00,1.A.2.a.3,Finger Dexterity,LV,1.5,8,0.3273,0.8584,2.1416,N,N,08/2021,Analyst
21-1014.00,1.A.2.b.1,Control Precision,IM,1.0,8,0.0,1.0,1.0,N,,08/2021,Analyst
21-1014.00,1.A.2.b.1,Control Precision,LV,0.0,8,0.0,0.0,0.0,N,Y,08/2021,Analyst
21-1014.00,1.A.2.b.2,Multilimb Coordination,IM,1.38,8,0.183,1.0164,1.7336,N,,08/2021,Analyst
21-1014.00,1.A.2.b.2,Multilimb Coordination,LV,0.5,8,0.2673,0.0,1.0238,N,N,08/2021,Analyst
21-1014.00,1.A.2.b.3,Response Orientation,IM,1.62,8,0.183,1.2664,1.9836,N,,08/2021,Analyst
21-1014.00,1.A.2.b.3,Response Orientation,LV,0.88,8,0.3504,0.1883,1.5617,N,N,08/2021,Analyst
21-1014.00,1.A.2.b.4,Rate Control,IM,1.0,8,0.0,1.0,1.0,N,,08/2021,Analyst
21-1014.00,1.A.2.b.4,Rate Control,LV,0.0,8,0.0,0.0,0.0,N,Y,08/2021,Analyst
21-1014.00,1.A.2.c.1,Reaction Time,IM,1.62,8,0.183,1.2664,1.9836,N,,08/2021,Analyst
21-1014.00,1.A.2.c.1,Reaction Time,LV,0.88,8,0.3504,0.1883,1.5617,N,N,08/2021,Analyst
21-1014.00,1.A.2.c.2,Wrist-Finger Speed,IM,1.5,8,0.189,1.1296,1.8704,N,,08/2021,Analyst
21-1014.00,1.A.2.c.2,Wrist-Finger Speed,LV,0.62,8,0.2631,0.1094,1.1406,N,N,08/2021,Analyst
21-1014.00,1.A.2.c.3,Speed of Limb Movement,IM,1.25,8,0.1637,1.0,1.5708,N,,08/2021,Analyst
21-1014.00,1.A.2.c.3,Speed of Limb Movement,LV,0.25,8,0.1637,0.0,0.5708,N,Y,08/2021,Analyst
21-1014.00,1.A.3.a.1,Static Strength,IM,1.62,8,0.183,1.2664,1.9836,N,,08/2021,Analyst
21-1014.00,1.A.3.a.1,Static Strength,LV,0.75,8,0.25,0.26,1.24,N,N,08/2021,Analyst
21-1014.00,1.A.3.a.2,Explosive Strength,IM,1.75,8,0.1637,1.4292,2.0708,N,,08/2021,Analyst
21-1014.00,1.A.3.a.2,Explosive Strength,LV,0.88,8,0.2266,0.4309,1.3191,N,N,08/2021,Analyst
21-1014.00,1.A.3.a.3,Dynamic Strength,IM,1.12,8,0.125,1.0,1.37,N,,08/2021,Analyst
21-1014.00,1.A.3.a.3,Dynamic Strength,LV,0.12,8,0.125,0.0,0.37,N,Y,08/2021,Analyst
21-1014.00,1.A.3.a.4,Trunk Strength,IM,1.5,8,0.189,1.1296,1.8704,N,,08/2021,Analyst
21-1014.00,1.A.3.a.4,Trunk Strength,LV,1.0,8,0.4226,0.1717,1.8283,N,N,08/2021,Analyst
21-1014.00,1.A.3.b.1,Stamina,IM,1.5,8,0.189,1.1296,1.8704,N,,08/2021,Analyst
21-1014.00,1.A.3.b.1,Stamina,LV,0.5,8,0.189,0.1296,0.8704,N,N,08/2021,Analyst
21-1014.00,1.A.3.c.1,Extent Flexibility,IM,1.25,8,0.1637,1.0,1.5708,N,,08/2021,Analyst
21-1014.00,1.A.3.c.1,Extent Flexibility,LV,0.38,8,0.2631,0.0,0.8906,N,Y,08/2021,Analyst
21-1014.00,1.A.3.c.2,Dynamic Flexibility,IM,1.0,8,0.0,1.0,1.0,N,,08/2021,Analyst
21-1014.00,1.A.3.c.2,Dynamic Flexibility,LV,0.0,8,0.0,0.0,0.0,N,Y,08/2021,Analyst
21-1014.00,1.A.3.c.3,Gross Body Coordination,IM,1.62,8,0.183,1.2664,1.9836,N,,08/2021,Analyst
21-1014.00,1.A.3.c.3,Gross Body Coordination,LV,0.62,8,0.183,0.2664,0.9836,N,N,08/2021,Analyst
21-1014.00,1.A.3.c.4,Gross Body Equilibrium,IM,1.75,8,0.1637,1.4292,2.0708,N,,08/2021,Analyst
21-1014.00,1.A.3.c.4,Gross Body Equilibrium,LV,0.88,8,0.2266,0.4309,1.3191,N,N,08/2021,Analyst
21-1014.00,1.A.4.a.1,Near Vision,IM,3.38,8,0.183,3.0164,3.7336,N,,08/2021,Analyst
21-1014.00,1.A.4.a.1,Near Vision,LV,3.75,8,0.1637,3.4292,4.0708,N,N,08/2021,Analyst
21-1014.00,1.A.4.a.2,Far Vision,IM,2.88,8,0.125,2.63,3.12,N,,08/2021,Analyst
21-1014.00,1.A.4.a.2,Far Vision,LV,2.88,8,0.125,2.63,3.12,N,N,08/2021,Analyst
21-1014.00,1.A.4.a.3,Visual Color Discrimination,IM,1.75,8,0.1637,1.4292,2.0708,N,,08/2021,Analyst
21-1014.00,1.A.4.a.3,Visual Color Discrimination,LV,1.12,8,0.295,0.5467,1.7033,N,N,08/2021,Analyst
21-1014.00,1.A.4.a.4,Night Vision,IM,1.0,8,0.0,1.0,1.0,N,,08/2021,Analyst
21-1014.00,1.A.4.a.4,Night Vision,LV,0.0,8,0.0,0.0,0.0,N,Y,08/2021,Analyst
21-1014.00,1.A.4.a.5,Peripheral Vision,IM,1.0,8,0.0,1.0,1.0,N,,08/2021,Analyst
21-1014.00,1.A.4.a.5,Peripheral Vision,LV,0.0,8,0.0,0.0,0.0,N,Y,08/2021,Analyst
21-1014.00,1.A.4.a.6,Depth Perception,IM,1.0,8,0.0,1.0,1.0,N,,08/2021,Analyst
21-1014.00,1.A.4.a.6,Depth Perception,LV,0.0,8,0.0,0.0,0.0,N,Y,08/2021,Analyst
21-1014.00,1.A.4.a.7,Glare Sensitivity,IM,1.0,8,0.0,1.0,1.0,N,,08/2021,Analyst
21-1014.00,1.A.4.a.7,Glare Sensitivity,LV,0.0,8,0.0,0.0,0.0,N,Y,08/2021,Analyst
21-1014.00,1.A.4.b.1,Hearing Sensitivity,IM,1.62,8,0.183,1.2664,1.9836,N,,08/2021,Analyst
21-1014.00,1.A.4.b.1,Hearing Sensitivity,LV,1.25,8,0.366,0.5327,1.9673,N,N,08/2021,Analyst
21-1014.00,1.A.4.b.2,Auditory Attention,IM,2.25,8,0.1637,1.9292,2.5708,N,,08/2021,Analyst
21-1014.00,1.A.4.b.2,Auditory Attention,LV,1.75,8,0.1637,1.4292,2.0708,N,N,08/2021,Analyst
21-1014.00,1.A.4.b.3,Sound Localization,IM,1.0,8,0.0,1.0,1.0,N,,08/2021,Analyst
21-1014.00,1.A.4.b.3,Sound Localization,LV,0.0,8,0.0,0.0,0.0,N,Y,08/2021,Analyst
21-1014.00,1.A.4.b.4,Speech Recognition,IM,4.0,8,0.0,4.0,4.0,N,,08/2021,Analyst
21-1014.00,1.A.4.b.4,Speech Recognition,LV,4.62,8,0.183,4.2664,4.9836,N,N,08/2021,Analyst
21-1014.00,1.A.4.b.5,Speech Clarity,IM,4.12,8,0.125,3.88,4.37,N,,08/2021,Analyst
21-1014.00,1.A.4.b.5,Speech Clarity,LV,4.62,8,0.183,4.2664,4.9836,N,N,08/2021,Analyst
21-1015.00,1.A.1.a.1,Oral Comprehension,IM,4.0,8,0.0,4.0,4.0,N,,08/2020,Analyst
21-1015.00,1.A.1.a.1,Oral Comprehension,LV,4.12,8,0.125,3.88,4.37,N,N,08/2020,Analyst
21-1015.00,1.A.1.a.2,Written Comprehension,IM,3.88,8,0.125,3.63,4.12,N,,08/2020,Analyst
21-1015.00,1.A.1.a.2,Written Comprehension,LV,4.0,8,0.0,4.0,4.0,N,N,08/2020,Analyst
21-1015.00,1.A.1.a.3,Oral Expression,IM,4.0,8,0.0,4.0,4.0,N,,08/2020,Analyst
21-1015.00,1.A.1.a.3,Oral Expression,LV,4.12,8,0.125,3.88,4.37,N,N,08/2020,Analyst
21-1015.00,1.A.1.a.4,Written Expression,IM,3.88,8,0.125,3.63,4.12,N,,08/2020,Analyst
21-1015.00,1.A.1.a.4,Written Expression,LV,4.0,8,0.0,4.0,4.0,N,N,08/2020,Analyst
21-1015.00,1.A.1.b.1,Fluency of Ideas,IM,3.12,8,0.125,2.88,3.37,N,,08/2020,Analyst
21-1015.00,1.A.1.b.1,Fluency of Ideas,LV,3.38,8,0.2631,2.8594,3.8906,N,N,08/2020,Analyst
21-1015.00,1.A.1.b.2,Originality,IM,3.12,8,0.125,2.88,3.37,N,,08/2020,Analyst
21-1015.00,1.A.1.b.2,Originality,LV,3.38,8,0.183,3.0164,3.7336,N,N,08/2020,Analyst
21-1015.00,1.A.1.b.3,Problem Sensitivity,IM,3.88,8,0.125,3.63,4.12,N,,08/2020,Analyst
21-1015.00,1.A.1.b.3,Problem Sensitivity,LV,4.12,8,0.125,3.88,4.37,N,N,08/2020,Analyst
21-1015.00,1.A.1.b.4,Deductive Reasoning,IM,3.88,8,0.125,3.63,4.12,N,,08/2020,Analyst
21-1015.00,1.A.1.b.4,Deductive Reasoning,LV,4.0,8,0.189,3.6296,4.3704,N,N,08/2020,Analyst
21-1015.00,1.A.1.b.5,Inductive Reasoning,IM,3.75,8,0.1637,3.4292,4.0708,N,,08/2020,Analyst
21-1015.00,1.A.1.b.5,Inductive Reasoning,LV,3.88,8,0.125,3.63,4.12,N,N,08/2020,Analyst
21-1015.00,1.A.1.b.6,Information Ordering,IM,3.12,8,0.125,2.88,3.37,N,,08/2020,Analyst
21-1015.00,1.A.1.b.6,Information Ordering,LV,3.12,8,0.125,2.88,3.37,N,N,08/2020,Analyst
21-1015.00,1.A.1.b.7,Category Flexibility,IM,3.12,8,0.125,2.88,3.37,N,,08/2020,Analyst
21-1015.00,1.A.1.b.7,Category Flexibility,LV,3.12,8,0.125,2.88,3.37,N,N,08/2020,Analyst
21-1015.00,1.A.1.c.1,Mathematical Reasoning,IM,2.12,8,0.125,1.88,2.37,N,,08/2020,Analyst
21-1015.00,1.A.1.c.1,Mathematical Reasoning,LV,2.12,8,0.125,1.88,2.37,N,N,08/2020,Analyst
21-1015.00,1.A.1.c.2,Number Facility,IM,2.12,8,0.125,1.88,2.37,N,,08/2020,Analyst
21-1015.00,1.A.1.c.2,Number Facility,LV,2.0,8,0.189,1.6296,2.3704,N,N,08/2020,Analyst
21-1015.00,1.A.1.d.1,Memorization,IM,2.12,8,0.125,1.88,2.37,N,,08/2020,Analyst
21-1015.00,1.A.1.d.1,Memorization,LV,2.5,8,0.189,2.1296,2.8704,N,N,08/2020,Analyst
21-1015.00,1.A.1.e.1,Speed of Closure,IM,2.5,8,0.189,2.1296,2.8704,N,,08/2020,Analyst
21-1015.00,1.A.1.e.1,Speed of Closure,LV,2.5,8,0.189,2.1296,2.8704,N,N,08/2020,Analyst
21-1015.00,1.A.1.e.2,Flexibility of Closure,IM,2.75,8,0.1637,2.4292,3.0708,N,,08/2020,Analyst
21-1015.00,1.A.1.e.2,Flexibility of Closure,LV,2.75,8,0.1637,2.4292,3.0708,N,N,08/2020,Analyst
21-1015.00,1.A.1.e.3,Perceptual Speed,IM,2.38,8,0.183,2.0164,2.7336,N,,08/2020,Analyst
21-1015.00,1.A.1.e.3,Perceptual Speed,LV,2.12,8,0.125,1.88,2.37,N,N,08/2020,Analyst
21-1015.00,1.A.1.f.1,Spatial Orientation,IM,1.0,8,0.0,1.0,1.0,N,,08/2020,Analyst
21-1015.00,1.A.1.f.1,Spatial Orientation,LV,0.0,8,0.0,0.0,0.0,N,Y,08/2020,Analyst
21-1015.00,1.A.1.f.2,Visualization,IM,2.0,8,0.0,2.0,2.0,N,,08/2020,Analyst
21-1015.00,1.A.1.f.2,Visualization,LV,1.88,8,0.125,1.63,2.12,N,N,08/2020,Analyst
21-1015.00,1.A.1.g.1,Selective Attention,IM,2.62,8,0.183,2.2664,2.9836,N,,08/2020,Analyst
21-1015.00,1.A.1.g.1,Selective Attention,LV,2.38,8,0.183,2.0164,2.7336,N,N,08/2020,Analyst
21-1015.00,1.A.1.g.2,Time Sharing,IM,2.62,8,0.183,2.2664,2.9836,N,,08/2020,Analyst
21-1015.00,1.A.1.g.2,Time Sharing,LV,2.62,8,0.183,2.2664,2.9836,N,N,08/2020,Analyst
21-1015.00,1.A.2.a.1,Arm-Hand Steadiness,IM,1.38,8,0.183,1.0164,1.7336,N,,08/2020,Analyst
21-1015.00,1.A.2.a.1,Arm-Hand Steadiness,LV,0.38,8,0.183,0.0164,0.7336,N,N,08/2020,Analyst
21-1015.00,1.A.2.a.2,Manual Dexterity,IM,1.12,8,0.125,1.0,1.37,N,,08/2020,Analyst
21-1015.00,1.A.2.a.2,Manual Dexterity,LV,0.12,8,0.125,0.0,0.37,N,Y,08/2020,Analyst
21-1015.00,1.A.2.a.3,Finger Dexterity,IM,1.88,8,0.2266,1.4309,2.3191,N,,08/2020,Analyst
21-1015.00,1.A.2.a.3,Finger Dexterity,LV,1.25,8,0.3134,0.6358,1.8642,N,N,08/2020,Analyst
21-1015.00,1.A.2.b.1,Control Precision,IM,1.0,8,0.0,1.0,1.0,N,,08/2020,Analyst
21-1015.00,1.A.2.b.1,Control Precision,LV,0.0,8,0.0,0.0,0.0,N,Y,08/2020,Analyst
21-1015.00,1.A.2.b.2,Multilimb Coordination,IM,1.12,8,0.125,1.0,1.37,N,,08/2020,Analyst
21-1015.00,1.A.2.b.2,Multilimb Coordination,LV,0.12,8,0.125,0.0,0.37,N,Y,08/2020,Analyst
21-1015.00,1.A.2.b.3,Response Orientation,IM,1.62,8,0.183,1.2664,1.9836,N,,08/2020,Analyst
21-1015.00,1.A.2.b.3,Response Orientation,LV,0.88,8,0.295,0.2967,1.4533,N,N,08/2020,Analyst
21-1015.00,1.A.2.b.4,Rate Control,IM,1.0,8,0.0,1.0,1.0,N,,08/2020,Analyst
21-1015.00,1.A.2.b.4,Rate Control,LV,0.0,8,0.0,0.0,0.0,N,Y,08/2020,Analyst
21-1015.00,1.A.2.c.1,Reaction Time,IM,1.38,8,0.183,1.0164,1.7336,N,,08/2020,Analyst
21-1015.00,1.A.2.c.1,Reaction Time,LV,0.5,8,0.2673,0.0,1.0238,N,N,08/2020,Analyst
21-1015.00,1.A.2.c.2,Wrist-Finger Speed,IM,1.12,8,0.125,1.0,1.37,N,,08/2020,Analyst
21-1015.00,1.A.2.c.2,Wrist-Finger Speed,LV,0.12,8,0.125,0.0,0.37,N,Y,08/2020,Analyst
21-1015.00,1.A.2.c.3,Speed of Limb Movement,IM,1.25,8,0.1637,1.0,1.5708,N,,08/2020,Analyst
21-1015.00,1.A.2.c.3,Speed of Limb Movement,LV,0.25,8,0.1637,0.0,0.5708,N,Y,08/2020,Analyst
21-1015.00,1.A.3.a.1,Static Strength,IM,1.38,8,0.183,1.0164,1.7336,N,,08/2020,Analyst
21-1015.00,1.A.3.a.1,Static Strength,LV,0.75,8,0.366,0.0327,1.4673,N,N,08/2020,Analyst
21-1015.00,1.A.3.a.2,Explosive Strength,IM,1.38,8,0.183,1.0164,1.7336,N,,08/2020,Analyst
21-1015.00,1.A.3.a.2,Explosive Strength,LV,0.62,8,0.3239,0.0,1.2598,N,N,08/2020,Analyst
21-1015.00,1.A.3.a.3,Dynamic Strength,IM,1.25,8,0.1637,1.0,1.5708,N,,08/2020,Analyst
21-1015.00,1.A.3.a.3,Dynamic Strength,LV,0.25,8,0.1637,0.0,0.5708,N,Y,08/2020,Analyst
21-1015.00,1.A.3.a.4,Trunk Strength,IM,1.75,8,0.1637,1.4292,2.0708,N,,08/2020,Analyst
21-1015.00,1.A.3.a.4,Trunk Strength,LV,1.38,8,0.3239,0.7402,2.0098,N,N,08/2020,Analyst
21-1015.00,1.A.3.b.1,Stamina,IM,1.38,8,0.183,1.0164,1.7336,N,,08/2020,Analyst
21-1015.00,1.A.3.b.1,Stamina,LV,0.75,8,0.366,0.0327,1.4673,N,N,08/2020,Analyst
21-1015.00,1.A.3.c.1,Extent Flexibility,IM,1.5,8,0.189,1.1296,1.8704,N,,08/2020,Analyst
21-1015.00,1.A.3.c.1,Extent Flexibility,LV,0.75,8,0.3134,0.1358,1.3642,N,N,08/2020,Analyst
21-1015.00,1.A.3.c.2,Dynamic Flexibility,IM,1.0,8,0.0,1.0,1.0,N,,08/2020,Analyst
21-1015.00,1.A.3.c.2,Dynamic Flexibility,LV,0.0,8,0.0,0.0,0.0,N,Y,08/2020,Analyst
21-1015.00,1.A.3.c.3,Gross Body Coordination,IM,1.38,8,0.183,1.0164,1.7336,N,,08/2020,Analyst
21-1015.00,1.A.3.c.3,Gross Body Coordination,LV,0.62,8,0.3239,0.0,1.2598,N,N,08/2020,Analyst
21-1015.00,1.A.3.c.4,Gross Body Equilibrium,IM,1.38,8,0.183,1.0164,1.7336,N,,08/2020,Analyst
21-1015.00,1.A.3.c.4,Gross Body Equilibrium,LV,0.75,8,0.366,0.0327,1.4673,N,N,08/2020,Analyst
21-1015.00,1.A.4.a.1,Near Vision,IM,3.25,8,0.1637,2.9292,3.5708,N,,08/2020,Analyst
21-1015.00,1.A.4.a.1,Near Vision,LV,3.5,8,0.189,3.1296,3.8704,N,N,08/2020,Analyst
21-1015.00,1.A.4.a.2,Far Vision,IM,2.88,8,0.125,2.63,3.12,N,,08/2020,Analyst
21-1015.00,1.A.4.a.2,Far Vision,LV,2.88,8,0.125,2.63,3.12,N,N,08/2020,Analyst
21-1015.00,1.A.4.a.3,Visual Color Discrimination,IM,1.75,8,0.1637,1.4292,2.0708,N,,08/2020,Analyst
21-1015.00,1.A.4.a.3,Visual Color Discrimination,LV,1.5,8,0.3273,0.8584,2.1416,N,N,08/2020,Analyst
21-1015.00,1.A.4.a.4,Night Vision,IM,1.0,8,0.0,1.0,1.0,N,,08/2020,Analyst
21-1015.00,1.A.4.a.4,Night Vision,LV,0.0,8,0.0,0.0,0.0,N,Y,08/2020,Analyst
21-1015.00,1.A.4.a.5,Peripheral Vision,IM,1.0,8,0.0,1.0,1.0,N,,08/2020,Analyst
21-1015.00,1.A.4.a.5,Peripheral Vision,LV,0.0,8,0.0,0.0,0.0,N,Y,08/2020,Analyst
21-1015.00,1.A.4.a.6,Depth Perception,IM,1.0,8,0.0,1.0,1.0,N,,08/2020,Analyst
21-1015.00,1.A.4.a.6,Depth Perception,LV,0.0,8,0.0,0.0,0.0,N,Y,08/2020,Analyst
21-1015.00,1.A.4.a.7,Glare Sensitivity,IM,1.0,8,0.0,1.0,1.0,N,,08/2020,Analyst
21-1015.00,1.A.4.a.7,Glare Sensitivity,LV,0.0,8,0.0,0.0,0.0,N,Y,08/2020,Analyst
21-1015.00,1.A.4.b.1,Hearing Sensitivity,IM,1.75,8,0.1637,1.4292,2.0708,N,,08/2020,Analyst
21-1015.00,1.A.4.b.1,Hearing Sensitivity,LV,1.38,8,0.3239,0.7402,2.0098,N,N,08/2020,Analyst
21-1015.00,1.A.4.b.2,Auditory Attention,IM,2.0,8,0.189,1.6296,2.3704,N,,08/2020,Analyst
21-1015.00,1.A.4.b.2,Auditory Attention,LV,1.75,8,0.25,1.26,2.24,N,N,08/2020,Analyst
21-1015.00,1.A.4.b.3,Sound Localization,IM,1.0,8,0.0,1.0,1.0,N,,08/2020,Analyst
21-1015.00,1.A.4.b.3,Sound Localization,LV,0.0,8,0.0,0.0,0.0,N,Y,08/2020,Analyst
21-1015.00,1.A.4.b.4,Speech Recognition,IM,3.75,8,0.1637,3.4292,4.0708,N,,08/2020,Analyst
21-1015.00,1.A.4.b.4,Speech Recognition,LV,3.88,8,0.125,3.63,4.12,N,N,08/2020,Analyst
21-1015.00,1.A.4.b.5,Speech Clarity,IM,4.0,8,0.0,4.0,4.0,N,,08/2020,Analyst
21-1015.00,1.A.4.b.5,Speech Clarity,LV,3.88,8,0.125,3.63,4.12,N,N,08/2020,Analyst
21-1021.00,1.A.1.a.1,Oral Comprehension,IM,4.38,8,0.183,4.0164,4.7336,N,,08/2018,Analyst
21-1021.00,1.A.1.a.1,Oral Comprehension,LV,4.12,8,0.125,3.88,4.37,N,N,08/2018,Analyst
21-1021.00,1.A.1.a.2,Written Comprehension,IM,4.12,8,0.125,3.88,4.37,N,,08/2018,Analyst
21-1021.00,1.A.1.a.2,Written Comprehension,LV,4.12,8,0.125,3.88,4.37,N,N,08/2018,Analyst
21-1021.00,1.A.1.a.3,Oral Expression,IM,4.62,8,0.183,4.2664,4.9836,N,,08/2018,Analyst
21-1021.00,1.A.1.a.3,Oral Expression,LV,4.12,8,0.125,3.88,4.37,N,N,08/2018,Analyst
21-1021.00,1.A.1.a.4,Written Expression,IM,4.12,8,0.125,3.88,4.37,N,,08/2018,Analyst
21-1021.00,1.A.1.a.4,Written Expression,LV,4.0,8,0.0,4.0,4.0,N,N,08/2018,Analyst
21-1021.00,1.A.1.b.1,Fluency of Ideas,IM,3.12,8,0.125,2.88,3.37,N,,08/2018,Analyst
21-1021.00,1.A.1.b.1,Fluency of Ideas,LV,3.38,8,0.183,3.0164,3.7336,N,N,08/2018,Analyst
21-1021.00,1.A.1.b.2,Originality,IM,3.12,8,0.125,2.88,3.37,N,,08/2018,Analyst
21-1021.00,1.A.1.b.2,Originality,LV,3.38,8,0.183,3.0164,3.7336,N,N,08/2018,Analyst
21-1021.00,1.A.1.b.3,Problem Sensitivity,IM,4.25,8,0.1637,3.9292,4.5708,N,,08/2018,Analyst
21-1021.00,1.A.1.b.3,Problem Sensitivity,LV,4.38,8,0.183,4.0164,4.7336,N,N,08/2018,Analyst
21-1021.00,1.A.1.b.4,Deductive Reasoning,IM,3.88,8,0.125,3.63,4.12,N,,08/2018,Analyst
21-1021.00,1.A.1.b.4,Deductive Reasoning,LV,3.88,8,0.125,3.63,4.12,N,N,08/2018,Analyst
21-1021.00,1.A.1.b.5,Inductive Reasoning,IM,3.88,8,0.125,3.63,4.12,N,,08/2018,Analyst
21-1021.00,1.A.1.b.5,Inductive Reasoning,LV,3.88,8,0.125,3.63,4.12,N,N,08/2018,Analyst
21-1021.00,1.A.1.b.6,Information Ordering,IM,3.5,8,0.189,3.1296,3.8704,N,,08/2018,Analyst
21-1021.00,1.A.1.b.6,Information Ordering,LV,3.38,8,0.183,3.0164,3.7336,N,N,08/2018,Analyst
21-1021.00,1.A.1.b.7,Category Flexibility,IM,3.12,8,0.125,2.88,3.37,N,,08/2018,Analyst
21-1021.00,1.A.1.b.7,Category Flexibility,LV,3.25,8,0.1637,2.9292,3.5708,N,N,08/2018,Analyst
21-1021.00,1.A.1.c.1,Mathematical Reasoning,IM,2.12,8,0.125,1.88,2.37,N,,08/2018,Analyst
21-1021.00,1.A.1.c.1,Mathematical Reasoning,LV,2.38,8,0.183,2.0164,2.7336,N,N,08/2018,Analyst
21-1021.00,1.A.1.c.2,Number Facility,IM,2.0,8,0.0,2.0,2.0,N,,08/2018,Analyst
21-1021.00,1.A.1.c.2,Number Facility,LV,2.0,8,0.0,2.0,2.0,N,N,08/2018,Analyst
21-1021.00,1.A.1.d.1,Memorization,IM,2.62,8,0.183,2.2664,2.9836,N,,08/2018,Analyst
21-1021.00,1.A.1.d.1,Memorization,LV,2.62,8,0.183,2.2664,2.9836,N,N,08/2018,Analyst
21-1021.00,1.A.1.e.1,Speed of Closure,IM,2.62,8,0.183,2.2664,2.9836,N,,08/2018,Analyst
21-1021.00,1.A.1.e.1,Speed of Closure,LV,2.75,8,0.1637,2.4292,3.0708,N,N,08/2018,Analyst
21-1021.00,1.A.1.e.2,Flexibility of Closure,IM,2.88,8,0.2266,2.4309,3.3191,N,,08/2018,Analyst
21-1021.00,1.A.1.e.2,Flexibility of Closure,LV,2.88,8,0.125,2.63,3.12,N,N,08/2018,Analyst
21-1021.00,1.A.1.e.3,Perceptual Speed,IM,2.62,8,0.183,2.2664,2.9836,N,,08/2018,Analyst
21-1021.00,1.A.1.e.3,Perceptual Speed,LV,2.62,8,0.183,2.2664,2.9836,N,N,08/2018,Analyst
21-1021.00,1.A.1.f.1,Spatial Orientation,IM,1.5,8,0.189,1.1296,1.8704,N,,08/2018,Analyst
21-1021.00,1.A.1.f.1,Spatial Orientation,LV,0.75,8,0.3134,0.1358,1.3642,N,N,08/2018,Analyst
21-1021.00,1.A.1.f.2,Visualization,IM,2.25,8,0.1637,1.9292,2.5708,N,,08/2018,Analyst
21-1021.00,1.A.1.f.2,Visualization,LV,2.0,8,0.0,2.0,2.0,N,N,08/2018,Analyst
21-1021.00,1.A.1.g.1,Selective Attention,IM,3.0,8,0.0,3.0,3.0,N,,08/2018,Analyst
21-1021.00,1.A.1.g.1,Selective Attention,LV,3.0,8,0.0,3.0,3.0,N,N,08/2018,Analyst
21-1021.00,1.A.1.g.2,Time Sharing,IM,2.88,8,0.125,2.63,3.12,N,,08/2018,Analyst
21-1021.00,1.A.1.g.2,Time Sharing,LV,2.75,8,0.1637,2.4292,3.0708,N,N,08/2018,Analyst
21-1021.00,1.A.2.a.1,Arm-Hand Steadiness,IM,2.0,8,0.0,2.0,2.0,N,,08/2018,Analyst
21-1021.00,1.A.2.a.1,Arm-Hand Steadiness,LV,1.12,8,0.125,0.88,1.37,N,N,08/2018,Analyst
21-1021.00,1.A.2.a.2,Manual Dexterity,IM,1.12,8,0.125,1.0,1.37,N,,08/2018,Analyst
21-1021.00,1.A.2.a.2,Manual Dexterity,LV,0.12,8,0.125,0.0,0.37,N,Y,08/2018,Analyst
21-1021.00,1.A.2.a.3,Finger Dexterity,IM,1.88,8,0.295,1.2967,2.4533,N,,08/2018,Analyst
21-1021.00,1.A.2.a.3,Finger Dexterity,LV,1.25,8,0.366,0.5327,1.9673,N,N,08/2018,Analyst
21-1021.00,1.A.2.b.1,Control Precision,IM,1.88,8,0.125,1.63,2.12,N,,08/2018,Analyst
21-1021.00,1.A.2.b.1,Control Precision,LV,1.0,8,0.189,0.6296,1.3704,N,N,08/2018,Analyst
21-1021.00,1.A.2.b.2,Multilimb Coordination,IM,2.0,8,0.0,2.0,2.0,N,,08/2018,Analyst
21-1021.00,1.A.2.b.2,Multilimb Coordination,LV,1.75,8,0.1637,1.4292,2.0708,N,N,08/2018,Analyst
21-1021.00,1.A.2.b.3,Response Orientation,IM,1.88,8,0.125,1.63,2.12,N,,08/2018,Analyst
21-1021.00,1.A.2.b.3,Response Orientation,LV,1.12,8,0.2266,0.6809,1.5691,N,N,08/2018,Analyst
21-1021.00,1.A.2.b.4,Rate Control,IM,1.5,8,0.189,1.1296,1.8704,N,,08/2018,Analyst
21-1021.00,1.A.2.b.4,Rate Control,LV,0.62,8,0.2631,0.1094,1.1406,N,N,08/2018,Analyst
21-1021.00,1.A.2.c.1,Reaction Time,IM,2.0,8,0.0,2.0,2.0,N,,08/2018,Analyst
21-1021.00,1.A.2.c.1,Reaction Time,LV,1.25,8,0.1637,0.9292,1.5708,N,N,08/2018,Analyst
21-1021.00,1.A.2.c.2,Wrist-Finger Speed,IM,1.38,8,0.183,1.0164,1.7336,N,,08/2018,Analyst
21-1021.00,1.A.2.c.2,Wrist-Finger Speed,LV,0.62,8,0.3239,0.0,1.2598,N,N,08/2018,Analyst
21-1021.00,1.A.2.c.3,Speed of Limb Movement,IM,1.12,8,0.125,1.0,1.37,N,,08/2018,Analyst
21-1021.00,1.A.2.c.3,Speed of Limb Movement,LV,0.12,8,0.125,0.0,0.37,N,Y,08/2018,Analyst
21-1021.00,1.A.3.a.1,Static Strength,IM,1.88,8,0.125,1.63,2.12,N,,08/2018,Analyst
21-1021.00,1.A.3.a.1,Static Strength,LV,1.5,8,0.2673,0.9762,2.0238,N,N,08/2018,Analyst
21-1021.00,1.A.3.a.2,Explosive Strength,IM,1.75,8,0.1637,1.4292,2.0708,N,,08/2018,Analyst
21-1021.00,1.A.3.a.2,Explosive Strength,LV,0.88,8,0.2266,0.4309,1.3191,N,N,08/2018,Analyst
21-1021.00,1.A.3.a.3,Dynamic Strength,IM,1.88,8,0.125,1.63,2.12,N,,08/2018,Analyst
21-1021.00,1.A.3.a.3,Dynamic Strength,LV,1.12,8,0.2266,0.6809,1.5691,N,N,08/2018,Analyst
21-1021.00,1.A.3.a.4,Trunk Strength,IM,2.0,8,0.0,2.0,2.0,N,,08/2018,Analyst
21-1021.00,1.A.3.a.4,Trunk Strength,LV,2.0,8,0.0,2.0,2.0,N,N,08/2018,Analyst
21-1021.00,1.A.3.b.1,Stamina,IM,1.75,8,0.1637,1.4292,2.0708,N,,08/2018,Analyst
21-1021.00,1.A.3.b.1,Stamina,LV,1.25,8,0.3134,0.6358,1.8642,N,N,08/2018,Analyst
21-1021.00,1.A.3.c.1,Extent Flexibility,IM,1.62,8,0.183,1.2664,1.9836,N,,08/2018,Analyst
21-1021.00,1.A.3.c.1,Extent Flexibility,LV,0.62,8,0.183,0.2664,0.9836,N,N,08/2018,Analyst
21-1021.00,1.A.3.c.2,Dynamic Flexibility,IM,1.0,8,0.0,1.0,1.0,N,,08/2018,Analyst
21-1021.00,1.A.3.c.2,Dynamic Flexibility,LV,0.0,8,0.0,0.0,0.0,N,Y,08/2018,Analyst
21-1021.00,1.A.3.c.3,Gross Body Coordination,IM,1.75,8,0.1637,1.4292,2.0708,N,,08/2018,Analyst
21-1021.00,1.A.3.c.3,Gross Body Coordination,LV,1.12,8,0.295,0.5467,1.7033,N,N,08/2018,Analyst
21-1021.00,1.A.3.c.4,Gross Body Equilibrium,IM,1.75,8,0.1637,1.4292,2.0708,N,,08/2018,Analyst
21-1021.00,1.A.3.c.4,Gross Body Equilibrium,LV,0.75,8,0.1637,0.4292,1.0708,N,N,08/2018,Analyst
21-1021.00,1.A.4.a.1,Near Vision,IM,3.5,8,0.189,3.1296,3.8704,N,,08/2018,Analyst
21-1021.00,1.A.4.a.1,Near Vision,LV,3.62,8,0.183,3.2664,3.9836,N,N,08/2018,Analyst
21-1021.00,1.A.4.a.2,Far Vision,IM,2.75,8,0.25,2.26,3.24,N,,08/2018,Analyst
21-1021.00,1.A.4.a.2,Far Vision,LV,2.88,8,0.125,2.63,3.12,N,N,08/2018,Analyst
21-1021.00,1.A.4.a.3,Visual Color Discrimination,IM,2.12,8,0.125,1.88,2.37,N,,08/2018,Analyst
21-1021.00,1.A.4.a.3,Visual Color Discrimination,LV,2.0,8,0.189,1.6296,2.3704,N,N,08/2018,Analyst
21-1021.00,1.A.4.a.4,Night Vision,IM,1.5,8,0.189,1.1296,1.8704,N,,08/2018,Analyst
21-1021.00,1.A.4.a.4,Night Vision,LV,0.62,8,0.2631,0.1094,1.1406,N,N,08/2018,Analyst
21-1021.00,1.A.4.a.5,Peripheral Vision,IM,1.5,8,0.189,1.1296,1.8704,N,,08/2018,Analyst
21-1021.00,1.A.4.a.5,Peripheral Vision,LV,0.62,8,0.2631,0.1094,1.1406,N,N,08/2018,Analyst
21-1021.00,1.A.4.a.6,Depth Perception,IM,1.88,8,0.125,1.63,2.12,N,,08/2018,Analyst
21-1021.00,1.A.4.a.6,Depth Perception,LV,1.12,8,0.2266,0.6809,1.5691,N,N,08/2018,Analyst
21-1021.00,1.A.4.a.7,Glare Sensitivity,IM,1.5,8,0.189,1.1296,1.8704,N,,08/2018,Analyst
21-1021.00,1.A.4.a.7,Glare Sensitivity,LV,0.62,8,0.2631,0.1094,1.1406,N,N,08/2018,Analyst
21-1021.00,1.A.4.b.1,Hearing Sensitivity,IM,2.12,8,0.125,1.88,2.37,N,,08/2018,Analyst
21-1021.00,1.A.4.b.1,Hearing Sensitivity,LV,1.88,8,0.2266,1.4309,2.3191,N,N,08/2018,Analyst
21-1021.00,1.A.4.b.2,Auditory Attention,IM,2.38,8,0.183,2.0164,2.7336,N,,08/2018,Analyst
21-1021.00,1.A.4.b.2,Auditory Attention,LV,2.12,8,0.125,1.88,2.37,N,N,08/2018,Analyst
21-1021.00,1.A.4.b.3,Sound Localization,IM,1.5,8,0.189,1.1296,1.8704,N,,08/2018,Analyst
21-1021.00,1.A.4.b.3,Sound Localization,LV,0.5,8,0.189,0.1296,0.8704,N,N,08/2018,Analyst
21-1021.00,1.A.4.b.4,Speech Recognition,IM,3.88,8,0.125,3.63,4.12,N,,08/2018,Analyst
21-1021.00,1.A.4.b.4,Speech Recognition,LV,4.0,8,0.0,4.0,4.0,N,N,08/2018,Analyst
21-1021.00,1.A.4.b.5,Speech Clarity,IM,4.0,8,0.0,4.0,4.0,N,,08/2018,Analyst
21-1021.00,1.A.4.b.5,Speech Clarity,LV,3.88,8,0.125,3.63,4.12,N,N,08/2018,Analyst
21-1022.00,1.A.1.a.1,Oral Comprehension,IM,4.0,8,0.0,4.0,4.0,N,,08/2021,Analyst
21-1022.00,1.A.1.a.1,Oral Comprehension,LV,4.88,8,0.125,4.63,5.12,N,N,08/2021,Analyst
21-1022.00,1.A.1.a.2,Written Comprehension,IM,4.0,8,0.0,4.0,4.0,N,,08/2021,Analyst
21-1022.00,1.A.1.a.2,Written Comprehension,LV,4.25,8,0.1637,3.9292,4.5708,N,N,08/2021,Analyst
21-1022.00,1.A.1.a.3,Oral Expression,IM,4.12,8,0.125,3.88,4.37,N,,08/2021,Analyst
21-1022.00,1.A.1.a.3,Oral Expression,LV,4.62,8,0.183,4.2664,4.9836,N,N,08/2021,Analyst
21-1022.00,1.A.1.a.4,Written Expression,IM,3.88,8,0.125,3.63,4.12,N,,08/2021,Analyst
21-1022.00,1.A.1.a.4,Written Expression,LV,4.12,8,0.125,3.88,4.37,N,N,08/2021,Analyst
21-1022.00,1.A.1.b.1,Fluency of Ideas,IM,3.75,8,0.1637,3.4292,4.0708,N,,08/2021,Analyst
21-1022.00,1.A.1.b.1,Fluency of Ideas,LV,4.12,8,0.125,3.88,4.37,N,N,08/2021,Analyst
21-1022.00,1.A.1.b.2,Originality,IM,3.0,8,0.0,3.0,3.0,N,,08/2021,Analyst
21-1022.00,1.A.1.b.2,Originality,LV,3.62,8,0.183,3.2664,3.9836,N,N,08/2021,Analyst
21-1022.00,1.A.1.b.3,Problem Sensitivity,IM,4.0,8,0.0,4.0,4.0,N,,08/2021,Analyst
21-1022.00,1.A.1.b.3,Problem Sensitivity,LV,4.38,8,0.183,4.0164,4.7336,N,N,08/2021,Analyst
21-1022.00,1.A.1.b.4,Deductive Reasoning,IM,4.0,8,0.0,4.0,4.0,N,,08/2021,Analyst
21-1022.00,1.A.1.b.4,Deductive Reasoning,LV,4.12,8,0.125,3.88,4.37,N,N,08/2021,Analyst
21-1022.00,1.A.1.b.5,Inductive Reasoning,IM,3.88,8,0.125,3.63,4.12,N,,08/2021,Analyst
21-1022.00,1.A.1.b.5,Inductive Reasoning,LV,4.0,8,0.189,3.6296,4.3704,N,N,08/2021,Analyst
21-1022.00,1.A.1.b.6,Information Ordering,IM,3.38,8,0.183,3.0164,3.7336,N,,08/2021,Analyst
21-1022.00,1.A.1.b.6,Information Ordering,LV,3.62,8,0.183,3.2664,3.9836,N,N,08/2021,Analyst
21-1022.00,1.A.1.b.7,Category Flexibility,IM,3.0,8,0.0,3.0,3.0,N,,08/2021,Analyst
21-1022.00,1.A.1.b.7,Category Flexibility,LV,3.5,8,0.189,3.1296,3.8704,N,N,08/2021,Analyst
21-1022.00,1.A.1.c.1,Mathematical Reasoning,IM,2.0,8,0.0,2.0,2.0,N,,08/2021,Analyst
21-1022.00,1.A.1.c.1,Mathematical Reasoning,LV,2.0,8,0.0,2.0,2.0,N,N,08/2021,Analyst
21-1022.00,1.A.1.c.2,Number Facility,IM,2.0,8,0.0,2.0,2.0,N,,08/2021,Analyst
21-1022.00,1.A.1.c.2,Number Facility,LV,2.0,8,0.0,2.0,2.0,N,N,08/2021,Analyst
21-1022.00,1.A.1.d.1,Memorization,IM,2.88,8,0.125,2.63,3.12,N,,08/2021,Analyst
21-1022.00,1.A.1.d.1,Memorization,LV,2.75,8,0.1637,2.4292,3.0708,N,N,08/2021,Analyst
21-1022.00,1.A.1.e.1,Speed of Closure,IM,2.75,8,0.1637,2.4292,3.0708,N,,08/2021,Analyst
21-1022.00,1.A.1.e.1,Speed of Closure,LV,2.88,8,0.125,2.63,3.12,N,N,08/2021,Analyst
21-1022.00,1.A.1.e.2,Flexibility of Closure,IM,2.88,8,0.125,2.63,3.12,N,,08/2021,Analyst
21-1022.00,1.A.1.e.2,Flexibility of Closure,LV,2.88,8,0.125,2.63,3.12,N,N,08/2021,Analyst
21-1022.00,1.A.1.e.3,Perceptual Speed,IM,2.5,8,0.189,2.1296,2.8704,N,,08/2021,Analyst
21-1022.00,1.A.1.e.3,Perceptual Speed,LV,2.88,8,0.125,2.63,3.12,N,N,08/2021,Analyst
21-1022.00,1.A.1.f.1,Spatial Orientation,IM,1.0,8,0.0,1.0,1.0,N,,08/2021,Analyst
21-1022.00,1.A.1.f.1,Spatial Orientation,LV,0.0,8,0.0,0.0,0.0,N,Y,08/2021,Analyst
21-1022.00,1.A.1.f.2,Visualization,IM,2.0,8,0.189,1.6296,2.3704,N,,08/2021,Analyst
21-1022.00,1.A.1.f.2,Visualization,LV,1.75,8,0.25,1.26,2.24,N,N,08/2021,Analyst
21-1022.00,1.A.1.g.1,Selective Attention,IM,3.0,8,0.0,3.0,3.0,N,,08/2021,Analyst
21-1022.00,1.A.1.g.1,Selective Attention,LV,3.0,8,0.0,3.0,3.0,N,N,08/2021,Analyst
21-1022.00,1.A.1.g.2,Time Sharing,IM,2.75,8,0.1637,2.4292,3.0708,N,,08/2021,Analyst
21-1022.00,1.A.1.g.2,Time Sharing,LV,2.88,8,0.125,2.63,3.12,N,N,08/2021,Analyst
21-1022.00,1.A.2.a.1,Arm-Hand Steadiness,IM,1.0,8,0.0,1.0,1.0,N,,08/2021,Analyst
21-1022.00,1.A.2.a.1,Arm-Hand Steadiness,LV,0.0,8,0.0,0.0,0.0,N,Y,08/2021,Analyst
21-1022.00,1.A.2.a.2,Manual Dexterity,IM,1.5,8,0.189,1.1296,1.8704,N,,08/2021,Analyst
21-1022.00,1.A.2.a.2,Manual Dexterity,LV,0.5,8,0.189,0.1296,0.8704,N,N,08/2021,Analyst
21-1022.00,1.A.2.a.3,Finger Dexterity,IM,1.88,8,0.125,1.63,2.12,N,,08/2021,Analyst
21-1022.00,1.A.2.a.3,Finger Dexterity,LV,1.62,8,0.2631,1.1094,2.1406,N,N,08/2021,Analyst
21-1022.00,1.A.2.b.1,Control Precision,IM,1.25,8,0.1637,1.0,1.5708,N,,08/2021,Analyst
21-1022.00,1.A.2.b.1,Control Precision,LV,0.25,8,0.1637,0.0,0.5708,N,Y,08/2021,Analyst
21-1022.00,1.A.2.b.2,Multilimb Coordination,IM,1.62,8,0.183,1.2664,1.9836,N,,08/2021,Analyst
21-1022.00,1.A.2.b.2,Multilimb Coordination,LV,0.62,8,0.183,0.2664,0.9836,N,N,08/2021,Analyst
21-1022.00,1.A.2.b.3,Response Orientation,IM,1.88,8,0.125,1.63,2.12,N,,08/2021,Analyst
21-1022.00,1.A.2.b.3,Response Orientation,LV,1.38,8,0.2631,0.8594,1.8906,N,N,08/2021,Analyst
21-1022.00,1.A.2.b.4,Rate Control,IM,1.0,8,0.0,1.0,1.0,N,,08/2021,Analyst
21-1022.00,1.A.2.b.4,Rate Control,LV,0.0,8,0.0,0.0,0.0,N,Y,08/2021,Analyst
21-1022.00,1.A.2.c.1,Reaction Time,IM,1.88,8,0.125,1.63,2.12,N,,08/2021,Analyst
21-1022.00,1.A.2.c.1,Reaction Time,LV,1.62,8,0.2631,1.1094,2.1406,N,N,08/2021,Analyst
21-1022.00,1.A.2.c.2,Wrist-Finger Speed,IM,1.5,8,0.189,1.1296,1.8704,N,,08/2021,Analyst
21-1022.00,1.A.2.c.2,Wrist-Finger Speed,LV,0.75,8,0.3134,0.1358,1.3642,N,N,08/2021,Analyst
21-1022.00,1.A.2.c.3,Speed of Limb Movement,IM,1.25,8,0.1637,1.0,1.5708,N,,08/2021,Analyst
21-1022.00,1.A.2.c.3,Speed of Limb Movement,LV,0.25,8,0.1637,0.0,0.5708,N,Y,08/2021,Analyst
21-1022.00,1.A.3.a.1,Static Strength,IM,1.62,8,0.183,1.2664,1.9836,N,,08/2021,Analyst
21-1022.00,1.A.3.a.1,Static Strength,LV,0.88,8,0.295,0.2967,1.4533,N,N,08/2021,Analyst
21-1022.00,1.A.3.a.2,Explosive Strength,IM,1.75,8,0.1637,1.4292,2.0708,N,,08/2021,Analyst
21-1022.00,1.A.3.a.2,Explosive Strength,LV,1.0,8,0.2673,0.4762,1.5238,N,N,08/2021,Analyst
21-1022.00,1.A.3.a.3,Dynamic Strength,IM,1.25,8,0.1637,1.0,1.5708,N,,08/2021,Analyst
21-1022.00,1.A.3.a.3,Dynamic Strength,LV,0.25,8,0.1637,0.0,0.5708,N,Y,08/2021,Analyst
21-1022.00,1.A.3.a.4,Trunk Strength,IM,2.12,8,0.125,1.88,2.37,N,,08/2021,Analyst
21-1022.00,1.A.3.a.4,Trunk Strength,LV,2.0,8,0.189,1.6296,2.3704,N,N,08/2021,Analyst
21-1022.00,1.A.3.b.1,Stamina,IM,1.88,8,0.125,1.63,2.12,N,,08/2021,Analyst
21-1022.00,1.A.3.b.1,Stamina,LV,1.0,8,0.189,0.6296,1.3704,N,N,08/2021,Analyst
21-1022.00,1.A.3.c.1,Extent Flexibility,IM,1.38,8,0.183,1.0164,1.7336,N,,08/2021,Analyst
21-1022.00,1.A.3.c.1,Extent Flexibility,LV,0.38,8,0.183,0.0164,0.7336,N,N,08/2021,Analyst
21-1022.00,1.A.3.c.2,Dynamic Flexibility,IM,1.0,8,0.0,1.0,1.0,N,,08/2021,Analyst
21-1022.00,1.A.3.c.2,Dynamic Flexibility,LV,0.0,8,0.0,0.0,0.0,N,Y,08/2021,Analyst
21-1022.00,1.A.3.c.3,Gross Body Coordination,IM,1.75,8,0.1637,1.4292,2.0708,N,,08/2021,Analyst
21-1022.00,1.A.3.c.3,Gross Body Coordination,LV,0.88,8,0.2266,0.4309,1.3191,N,N,08/2021,Analyst
21-1022.00,1.A.3.c.4,Gross Body Equilibrium,IM,1.75,8,0.1637,1.4292,2.0708,N,,08/2021,Analyst
21-1022.00,1.A.3.c.4,Gross Body Equilibrium,LV,0.88,8,0.2266,0.4309,1.3191,N,N,08/2021,Analyst
21-1022.00,1.A.4.a.1,Near Vision,IM,3.0,8,0.0,3.0,3.0,N,,08/2021,Analyst
21-1022.00,1.A.4.a.1,Near Vision,LV,3.5,8,0.189,3.1296,3.8704,N,N,08/2021,Analyst
21-1022.00,1.A.4.a.2,Far Vision,IM,2.88,8,0.125,2.63,3.12,N,,08/2021,Analyst
21-1022.00,1.A.4.a.2,Far Vision,LV,3.0,8,0.0,3.0,3.0,N,N,08/2021,Analyst
21-1022.00,1.A.4.a.3,Visual Color Discrimination,IM,1.62,8,0.183,1.2664,1.9836,N,,08/2021,Analyst
21-1022.00,1.A.4.a.3,Visual Color Discrimination,LV,1.12,8,0.3504,0.4383,1.8117,N,N,08/2021,Analyst
21-1022.00,1.A.4.a.4,Night Vision,IM,1.0,8,0.0,1.0,1.0,N,,08/2021,Analyst
21-1022.00,1.A.4.a.4,Night Vision,LV,0.0,8,0.0,0.0,0.0,N,Y,08/2021,Analyst
21-1022.00,1.A.4.a.5,Peripheral Vision,IM,1.0,8,0.0,1.0,1.0,N,,08/2021,Analyst
21-1022.00,1.A.4.a.5,Peripheral Vision,LV,0.0,8,0.0,0.0,0.0,N,Y,08/2021,Analyst
21-1022.00,1.A.4.a.6,Depth Perception,IM,1.25,8,0.1637,1.0,1.5708,N,,08/2021,Analyst
21-1022.00,1.A.4.a.6,Depth Perception,LV,0.38,8,0.2631,0.0,0.8906,N,Y,08/2021,Analyst
21-1022.00,1.A.4.a.7,Glare Sensitivity,IM,1.0,8,0.0,1.0,1.0,N,,08/2021,Analyst
21-1022.00,1.A.4.a.7,Glare Sensitivity,LV,0.0,8,0.0,0.0,0.0,N,Y,08/2021,Analyst
21-1022.00,1.A.4.b.1,Hearing Sensitivity,IM,1.62,8,0.183,1.2664,1.9836,N,,08/2021,Analyst
21-1022.00,1.A.4.b.1,Hearing Sensitivity,LV,1.25,8,0.366,0.5327,1.9673,N,N,08/2021,Analyst
21-1022.00,1.A.4.b.2,Auditory Attention,IM,2.0,8,0.0,2.0,2.0,N,,08/2021,Analyst
21-1022.00,1.A.4.b.2,Auditory Attention,LV,2.0,8,0.0,2.0,2.0,N,N,08/2021,Analyst
21-1022.00,1.A.4.b.3,Sound Localization,IM,1.0,8,0.0,1.0,1.0,N,,08/2021,Analyst
21-1022.00,1.A.4.b.3,Sound Localization,LV,0.0,8,0.0,0.0,0.0,N,Y,08/2021,Analyst
21-1022.00,1.A.4.b.4,Speech Recognition,IM,4.0,8,0.0,4.0,4.0,N,,08/2021,Analyst
21-1022.00,1.A.4.b.4,Speech Recognition,LV,4.0,8,0.0,4.0,4.0,N,N,08/2021,Analyst
21-1022.00,1.A.4.b.5,Speech Clarity,IM,4.0,8,0.0,4.0,4.0,N,,08/2021,Analyst
21-1022.00,1.A.4.b.5,Speech Clarity,LV,4.0,8,0.0,4.0,4.0,N,N,08/2021,Analyst
21-1023.00,1.A.1.a.1,Oral Comprehension,IM,4.5,8,0.189,4.1296,4.8704,N,,08/2021,Analyst
21-1023.00,1.A.1.a.1,Oral Comprehension,LV,4.88,8,0.125,4.63,5.12,N,N,08/2021,Analyst
21-1023.00,1.A.1.a.2,Written Comprehension,IM,4.12,8,0.125,3.88,4.37,N,,08/2021,Analyst
21-1023.00,1.A.1.a.2,Written Comprehension,LV,4.25,8,0.1637,3.9292,4.5708,N,N,08/2021,Analyst
21-1023.00,1.A.1.a.3,Oral Expression,IM,4.25,8,0.1637,3.9292,4.5708,N,,08/2021,Analyst
21-1023.00,1.A.1.a.3,Oral Expression,LV,4.75,8,0.1637,4.4292,5.0708,N,N,08/2021,Analyst
21-1023.00,1.A.1.a.4,Written Expression,IM,4.12,8,0.125,3.88,4.37,N,,08/2021,Analyst
21-1023.00,1.A.1.a.4,Written Expression,LV,4.25,8,0.1637,3.9292,4.5708,N,N,08/2021,Analyst
21-1023.00,1.A.1.b.1,Fluency of Ideas,IM,3.88,8,0.125,3.63,4.12,N,,08/2021,Analyst
21-1023.00,1.A.1.b.1,Fluency of Ideas,LV,3.88,8,0.125,3.63,4.12,N,N,08/2021,Analyst
21-1023.00,1.A.1.b.2,Originality,IM,3.75,8,0.1637,3.4292,4.0708,N,,08/2021,Analyst
21-1023.00,1.A.1.b.2,Originality,LV,3.88,8,0.125,3.63,4.12,N,N,08/2021,Analyst
21-1023.00,1.A.1.b.3,Problem Sensitivity,IM,4.12,8,0.125,3.88,4.37,N,,08/2021,Analyst
21-1023.00,1.A.1.b.3,Problem Sensitivity,LV,4.88,8,0.125,4.63,5.12,N,N,08/2021,Analyst
21-1023.00,1.A.1.b.4,Deductive Reasoning,IM,4.0,8,0.0,4.0,4.0,N,,08/2021,Analyst
21-1023.00,1.A.1.b.4,Deductive Reasoning,LV,4.38,8,0.183,4.0164,4.7336,N,N,08/2021,Analyst
21-1023.00,1.A.1.b.5,Inductive Reasoning,IM,4.0,8,0.0,4.0,4.0,N,,08/2021,Analyst
21-1023.00,1.A.1.b.5,Inductive Reasoning,LV,4.25,8,0.1637,3.9292,4.5708,N,N,08/2021,Analyst
21-1023.00,1.A.1.b.6,Information Ordering,IM,3.75,8,0.1637,3.4292,4.0708,N,,08/2021,Analyst
21-1023.00,1.A.1.b.6,Information Ordering,LV,4.0,8,0.0,4.0,4.0,N,N,08/2021,Analyst
21-1023.00,1.A.1.b.7,Category Flexibility,IM,3.75,8,0.1637,3.4292,4.0708,N,,08/2021,Analyst
21-1023.00,1.A.1.b.7,Category Flexibility,LV,3.62,8,0.183,3.2664,3.9836,N,N,08/2021,Analyst
21-1023.00,1.A.1.c.1,Mathematical Reasoning,IM,2.5,8,0.189,2.1296,2.8704,N,,08/2021,Analyst
21-1023.00,1.A.1.c.1,Mathematical Reasoning,LV,2.5,8,0.189,2.1296,2.8704,N,N,08/2021,Analyst
21-1023.00,1.A.1.c.2,Number Facility,IM,2.12,8,0.125,1.88,2.37,N,,08/2021,Analyst
21-1023.00,1.A.1.c.2,Number Facility,LV,2.5,8,0.189,2.1296,2.8704,N,N,08/2021,Analyst
21-1023.00,1.A.1.d.1,Memorization,IM,2.75,8,0.1637,2.4292,3.0708,N,,08/2021,Analyst
21-1023.00,1.A.1.d.1,Memorization,LV,3.0,8,0.0,3.0,3.0,N,N,08/2021,Analyst
21-1023.00,1.A.1.e.1,Speed of Closure,IM,2.75,8,0.1637,2.4292,3.0708,N,,08/2021,Analyst
21-1023.00,1.A.1.e.1,Speed of Closure,LV,3.12,8,0.125,2.88,3.37,N,N,08/2021,Analyst
21-1023.00,1.A.1.e.2,Flexibility of Closure,IM,3.25,8,0.1637,2.9292,3.5708,N,,08/2021,Analyst
21-1023.00,1.A.1.e.2,Flexibility of Closure,LV,3.0,8,0.0,3.0,3.0,N,N,08/2021,Analyst
21-1023.00,1.A.1.e.3,Perceptual Speed,IM,2.75,8,0.1637,2.4292,3.0708,N,,08/2021,Analyst
21-1023.00,1.A.1.e.3,Perceptual Speed,LV,3.0,8,0.0,3.0,3.0,N,N,08/2021,Analyst
21-1023.00,1.A.1.f.1,Spatial Orientation,IM,1.0,8,0.0,1.0,1.0,N,,08/2021,Analyst
21-1023.00,1.A.1.f.1,Spatial Orientation,LV,0.0,8,0.0,0.0,0.0,N,Y,08/2021,Analyst
21-1023.00,1.A.1.f.2,Visualization,IM,2.0,8,0.0,2.0,2.0,N,,08/2021,Analyst
21-1023.00,1.A.1.f.2,Visualization,LV,2.12,8,0.125,1.88,2.37,N,N,08/2021,Analyst
21-1023.00,1.A.1.g.1,Selective Attention,IM,3.12,8,0.125,2.88,3.37,N,,08/2021,Analyst
21-1023.00,1.A.1.g.1,Selective Attention,LV,3.0,8,0.0,3.0,3.0,N,N,08/2021,Analyst
21-1023.00,1.A.1.g.2,Time Sharing,IM,2.62,8,0.183,2.2664,2.9836,N,,08/2021,Analyst
21-1023.00,1.A.1.g.2,Time Sharing,LV,2.75,8,0.1637,2.4292,3.0708,N,N,08/2021,Analyst
21-1023.00,1.A.2.a.1,Arm-Hand Steadiness,IM,1.0,8,0.0,1.0,1.0,N,,08/2021,Analyst
21-1023.00,1.A.2.a.1,Arm-Hand Steadiness,LV,0.0,8,0.0,0.0,0.0,N,Y,08/2021,Analyst
21-1023.00,1.A.2.a.2,Manual Dexterity,IM,1.12,8,0.125,1.0,1.37,N,,08/2021,Analyst
21-1023.00,1.A.2.a.2,Manual Dexterity,LV,0.12,8,0.125,0.0,0.37,N,Y,08/2021,Analyst
21-1023.00,1.A.2.a.3,Finger Dexterity,IM,1.62,8,0.183,1.2664,1.9836,N,,08/2021,Analyst
21-1023.00,1.A.2.a.3,Finger Dexterity,LV,1.12,8,0.3504,0.4383,1.8117,N,N,08/2021,Analyst
21-1023.00,1.A.2.b.1,Control Precision,IM,1.0,8,0.0,1.0,1.0,N,,08/2021,Analyst
21-1023.00,1.A.2.b.1,Control Precision,LV,0.0,8,0.0,0.0,0.0,N,Y,08/2021,Analyst
21-1023.00,1.A.2.b.2,Multilimb Coordination,IM,1.12,8,0.125,1.0,1.37,N,,08/2021,Analyst
21-1023.00,1.A.2.b.2,Multilimb Coordination,LV,0.12,8,0.125,0.0,0.37,N,Y,08/2021,Analyst
21-1023.00,1.A.2.b.3,Response Orientation,IM,1.88,8,0.125,1.63,2.12,N,,08/2021,Analyst
21-1023.00,1.A.2.b.3,Response Orientation,LV,1.38,8,0.2631,0.8594,1.8906,N,N,08/2021,Analyst
21-1023.00,1.A.2.b.4,Rate Control,IM,1.0,8,0.0,1.0,1.0,N,,08/2021,Analyst
21-1023.00,1.A.2.b.4,Rate Control,LV,0.0,8,0.0,0.0,0.0,N,Y,08/2021,Analyst
21-1023.00,1.A.2.c.1,Reaction Time,IM,1.88,8,0.125,1.63,2.12,N,,08/2021,Analyst
21-1023.00,1.A.2.c.1,Reaction Time,LV,1.0,8,0.189,0.6296,1.3704,N,N,08/2021,Analyst
21-1023.00,1.A.2.c.2,Wrist-Finger Speed,IM,1.25,8,0.1637,1.0,1.5708,N,,08/2021,Analyst
21-1023.00,1.A.2.c.2,Wrist-Finger Speed,LV,0.38,8,0.2631,0.0,0.8906,N,Y,08/2021,Analyst
21-1023.00,1.A.2.c.3,Speed of Limb Movement,IM,1.12,8,0.125,1.0,1.37,N,,08/2021,Analyst
21-1023.00,1.A.2.c.3,Speed of Limb Movement,LV,0.12,8,0.125,0.0,0.37,N,Y,08/2021,Analyst
21-1023.00,1.A.3.a.1,Static Strength,IM,1.88,8,0.125,1.63,2.12,N,,08/2021,Analyst
21-1023.00,1.A.3.a.1,Static Strength,LV,1.25,8,0.25,0.76,1.74,N,N,08/2021,Analyst
21-1023.00,1.A.3.a.2,Explosive Strength,IM,1.88,8,0.125,1.63,2.12,N,,08/2021,Analyst
21-1023.00,1.A.3.a.2,Explosive Strength,LV,1.0,8,0.189,0.6296,1.3704,N,N,08/2021,Analyst
21-1023.00,1.A.3.a.3,Dynamic Strength,IM,1.12,8,0.125,1.0,1.37,N,,08/2021,Analyst
21-1023.00,1.A.3.a.3,Dynamic Strength,LV,0.12,8,0.125,0.0,0.37,N,Y,08/2021,Analyst
21-1023.00,1.A.3.a.4,Trunk Strength,IM,2.0,8,0.0,2.0,2.0,N,,08/2021,Analyst
21-1023.00,1.A.3.a.4,Trunk Strength,LV,1.88,8,0.125,1.63,2.12,N,N,08/2021,Analyst
21-1023.00,1.A.3.b.1,Stamina,IM,1.62,8,0.183,1.2664,1.9836,N,,08/2021,Analyst
21-1023.00,1.A.3.b.1,Stamina,LV,0.62,8,0.183,0.2664,0.9836,N,N,08/2021,Analyst
21-1023.00,1.A.3.c.1,Extent Flexibility,IM,1.12,8,0.125,1.0,1.37,N,,08/2021,Analyst
21-1023.00,1.A.3.c.1,Extent Flexibility,LV,0.12,8,0.125,0.0,0.37,N,Y,08/2021,Analyst
21-1023.00,1.A.3.c.2,Dynamic Flexibility,IM,1.0,8,0.0,1.0,1.0,N,,08/2021,Analyst
21-1023.00,1.A.3.c.2,Dynamic Flexibility,LV,0.0,8,0.0,0.0,0.0,N,Y,08/2021,Analyst
21-1023.00,1.A.3.c.3,Gross Body Coordination,IM,1.88,8,0.125,1.63,2.12,N,,08/2021,Analyst
21-1023.00,1.A.3.c.3,Gross Body Coordination,LV,0.88,8,0.125,0.63,1.12,N,N,08/2021,Analyst
21-1023.00,1.A.3.c.4,Gross Body Equilibrium,IM,1.88,8,0.125,1.63,2.12,N,,08/2021,Analyst
21-1023.00,1.A.3.c.4,Gross Body Equilibrium,LV,0.88,8,0.125,0.63,1.12,N,N,08/2021,Analyst
21-1023.00,1.A.4.a.1,Near Vision,IM,3.25,8,0.1637,2.9292,3.5708,N,,08/2021,Analyst
21-1023.00,1.A.4.a.1,Near Vision,LV,3.62,8,0.183,3.2664,3.9836,N,N,08/2021,Analyst
21-1023.00,1.A.4.a.2,Far Vision,IM,2.62,8,0.183,2.2664,2.9836,N,,08/2021,Analyst
21-1023.00,1.A.4.a.2,Far Vision,LV,2.75,8,0.1637,2.4292,3.0708,N,N,08/2021,Analyst
21-1023.00,1.A.4.a.3,Visual Color Discrimination,IM,2.12,8,0.125,1.88,2.37,N,,08/2021,Analyst
21-1023.00,1.A.4.a.3,Visual Color Discrimination,LV,1.88,8,0.125,1.63,2.12,N,N,08/2021,Analyst
21-1023.00,1.A.4.a.4,Night Vision,IM,1.0,8,0.0,1.0,1.0,N,,08/2021,Analyst
21-1023.00,1.A.4.a.4,Night Vision,LV,0.0,8,0.0,0.0,0.0,N,Y,08/2021,Analyst
21-1023.00,1.A.4.a.5,Peripheral Vision,IM,1.0,8,0.0,1.0,1.0,N,,08/2021,Analyst
21-1023.00,1.A.4.a.5,Peripheral Vision,LV,0.0,8,0.0,0.0,0.0,N,Y,08/2021,Analyst
21-1023.00,1.A.4.a.6,Depth Perception,IM,1.12,8,0.125,1.0,1.37,N,,08/2021,Analyst
21-1023.00,1.A.4.a.6,Depth Perception,LV,0.12,8,0.125,0.0,0.37,N,Y,08/2021,Analyst
21-1023.00,1.A.4.a.7,Glare Sensitivity,IM,1.0,8,0.0,1.0,1.0,N,,08/2021,Analyst
21-1023.00,1.A.4.a.7,Glare Sensitivity,LV,0.0,8,0.0,0.0,0.0,N,Y,08/2021,Analyst
21-1023.00,1.A.4.b.1,Hearing Sensitivity,IM,2.25,8,0.1637,1.9292,2.5708,N,,08/2021,Analyst
21-1023.00,1.A.4.b.1,Hearing Sensitivity,LV,2.0,8,0.0,2.0,2.0,N,N,08/2021,Analyst
21-1023.00,1.A.4.b.2,Auditory Attention,IM,2.62,8,0.183,2.2664,2.9836,N,,08/2021,Analyst
21-1023.00,1.A.4.b.2,Auditory Attention,LV,2.5,8,0.189,2.1296,2.8704,N,N,08/2021,Analyst
21-1023.00,1.A.4.b.3,Sound Localization,IM,1.0,8,0.0,1.0,1.0,N,,08/2021,Analyst
21-1023.00,1.A.4.b.3,Sound Localization,LV,0.0,8,0.0,0.0,0.0,N,Y,08/2021,Analyst
21-1023.00,1.A.4.b.4,Speech Recognition,IM,3.88,8,0.125,3.63,4.12,N,,08/2021,Analyst
21-1023.00,1.A.4.b.4,Speech Recognition,LV,4.0,8,0.0,4.0,4.0,N,N,08/2021,Analyst
21-1023.00,1.A.4.b.5,Speech Clarity,IM,4.0,8,0.0,4.0,4.0,N,,08/2021,Analyst
21-1023.00,1.A.4.b.5,Speech Clarity,LV,4.0,8,0.0,4.0,4.0,N,N,08/2021,Analyst
21-1091.00,1.A.1.a.1,Oral Comprehension,IM,4.0,8,0.0,4.0,4.0,N,,08/2019,Analyst
21-1091.00,1.A.1.a.1,Oral Comprehension,LV,4.12,8,0.125,3.88,4.37,N,N,08/2019,Analyst
21-1091.00,1.A.1.a.2,Written Comprehension,IM,4.0,8,0.0,4.0,4.0,N,,08/2019,Analyst
21-1091.00,1.A.1.a.2,Written Comprehension,LV,4.25,8,0.1637,3.9292,4.5708,N,N,08/2019,Analyst
21-1091.00,1.A.1.a.3,Oral Expression,IM,4.25,8,0.1637,3.9292,4.5708,N,,08/2019,Analyst
21-1091.00,1.A.1.a.3,Oral Expression,LV,4.38,8,0.183,4.0164,4.7336,N,N,08/2019,Analyst
21-1091.00,1.A.1.a.4,Written Expression,IM,4.0,8,0.0,4.0,4.0,N,,08/2019,Analyst
21-1091.00,1.A.1.a.4,Written Expression,LV,4.25,8,0.1637,3.9292,4.5708,N,N,08/2019,Analyst
21-1091.00,1.A.1.b.1,Fluency of Ideas,IM,3.38,8,0.183,3.0164,3.7336,N,,08/2019,Analyst
21-1091.00,1.A.1.b.1,Fluency of Ideas,LV,3.75,8,0.1637,3.4292,4.0708,N,N,08/2019,Analyst
21-1091.00,1.A.1.b.2,Originality,IM,3.25,8,0.1637,2.9292,3.5708,N,,08/2019,Analyst
21-1091.00,1.A.1.b.2,Originality,LV,3.38,8,0.183,3.0164,3.7336,N,N,08/2019,Analyst
21-1091.00,1.A.1.b.3,Problem Sensitivity,IM,3.75,8,0.1637,3.4292,4.0708,N,,08/2019,Analyst
21-1091.00,1.A.1.b.3,Problem Sensitivity,LV,3.38,8,0.183,3.0164,3.7336,N,N,08/2019,Analyst
21-1091.00,1.A.1.b.4,Deductive Reasoning,IM,3.62,8,0.183,3.2664,3.9836,N,,08/2019,Analyst
21-1091.00,1.A.1.b.4,Deductive Reasoning,LV,3.88,8,0.125,3.63,4.12,N,N,08/2019,Analyst
21-1091.00,1.A.1.b.5,Inductive Reasoning,IM,3.88,8,0.125,3.63,4.12,N,,08/2019,Analyst
21-1091.00,1.A.1.b.5,Inductive Reasoning,LV,3.75,8,0.1637,3.4292,4.0708,N,N,08/2019,Analyst
21-1091.00,1.A.1.b.6,Information Ordering,IM,3.12,8,0.125,2.88,3.37,N,,08/2019,Analyst
21-1091.00,1.A.1.b.6,Information Ordering,LV,3.0,8,0.0,3.0,3.0,N,N,08/2019,Analyst
21-1091.00,1.A.1.b.7,Category Flexibility,IM,3.0,8,0.0,3.0,3.0,N,,08/2019,Analyst
21-1091.00,1.A.1.b.7,Category Flexibility,LV,3.0,8,0.0,3.0,3.0,N,N,08/2019,Analyst
21-1091.00,1.A.1.c.1,Mathematical Reasoning,IM,2.12,8,0.125,1.88,2.37,N,,08/2019,Analyst
21-1091.00,1.A.1.c.1,Mathematical Reasoning,LV,2.38,8,0.183,2.0164,2.7336,N,N,08/2019,Analyst
21-1091.00,1.A.1.c.2,Number Facility,IM,2.25,8,0.1637,1.9292,2.5708,N,,08/2019,Analyst
21-1091.00,1.A.1.c.2,Number Facility,LV,2.12,8,0.125,1.88,2.37,N,N,08/2019,Analyst
21-1091.00,1.A.1.d.1,Memorization,IM,2.12,8,0.125,1.88,2.37,N,,08/2019,Analyst
21-1091.00,1.A.1.d.1,Memorization,LV,2.38,8,0.183,2.0164,2.7336,N,N,08/2019,Analyst
21-1091.00,1.A.1.e.1,Speed of Closure,IM,2.12,8,0.125,1.88,2.37,N,,08/2019,Analyst
21-1091.00,1.A.1.e.1,Speed of Closure,LV,2.12,8,0.125,1.88,2.37,N,N,08/2019,Analyst
21-1091.00,1.A.1.e.2,Flexibility of Closure,IM,2.5,8,0.189,2.1296,2.8704,N,,08/2019,Analyst
21-1091.00,1.A.1.e.2,Flexibility of Closure,LV,2.25,8,0.1637,1.9292,2.5708,N,N,08/2019,Analyst
21-1091.00,1.A.1.e.3,Perceptual Speed,IM,2.12,8,0.125,1.88,2.37,N,,08/2019,Analyst
21-1091.00,1.A.1.e.3,Perceptual Speed,LV,2.0,8,0.0,2.0,2.0,N,N,08/2019,Analyst
21-1091.00,1.A.1.f.1,Spatial Orientation,IM,1.12,8,0.125,1.0,1.37,N,,08/2019,Analyst
21-1091.00,1.A.1.f.1,Spatial Orientation,LV,0.12,8,0.125,0.0,0.37,N,Y,08/2019,Analyst
21-1091.00,1.A.1.f.2,Visualization,IM,2.12,8,0.125,1.88,2.37,N,,08/2019,Analyst
21-1091.00,1.A.1.f.2,Visualization,LV,2.12,8,0.125,1.88,2.37,N,N,08/2019,Analyst
21-1091.00,1.A.1.g.1,Selective Attention,IM,3.0,8,0.0,3.0,3.0,N,,08/2019,Analyst
21-1091.00,1.A.1.g.1,Selective Attention,LV,2.88,8,0.125,2.63,3.12,N,N,08/2019,Analyst
21-1091.00,1.A.1.g.2,Time Sharing,IM,2.62,8,0.183,2.2664,2.9836,N,,08/2019,Analyst
21-1091.00,1.A.1.g.2,Time Sharing,LV,2.62,8,0.183,2.2664,2.9836,N,N,08/2019,Analyst
21-1091.00,1.A.2.a.1,Arm-Hand Steadiness,IM,2.0,8,0.0,2.0,2.0,N,,08/2019,Analyst
21-1091.00,1.A.2.a.1,Arm-Hand Steadiness,LV,2.0,8,0.0,2.0,2.0,N,N,08/2019,Analyst
21-1091.00,1.A.2.a.2,Manual Dexterity,IM,2.0,8,0.0,2.0,2.0,N,,08/2019,Analyst
21-1091.00,1.A.2.a.2,Manual Dexterity,LV,1.75,8,0.1637,1.4292,2.0708,N,N,08/2019,Analyst
21-1091.00,1.A.2.a.3,Finger Dexterity,IM,2.25,8,0.1637,1.9292,2.5708,N,,08/2019,Analyst
21-1091.00,1.A.2.a.3,Finger Dexterity,LV,1.88,8,0.125,1.63,2.12,N,N,08/2019,Analyst
21-1091.00,1.A.2.b.1,Control Precision,IM,2.0,8,0.0,2.0,2.0,N,,08/2019,Analyst
21-1091.00,1.A.2.b.1,Control Precision,LV,1.62,8,0.183,1.2664,1.9836,N,N,08/2019,Analyst
21-1091.00,1.A.2.b.2,Multilimb Coordination,IM,2.0,8,0.0,2.0,2.0,N,,08/2019,Analyst
21-1091.00,1.A.2.b.2,Multilimb Coordination,LV,1.88,8,0.125,1.63,2.12,N,N,08/2019,Analyst
21-1091.00,1.A.2.b.3,Response Orientation,IM,1.12,8,0.125,1.0,1.37,N,,08/2019,Analyst
21-1091.00,1.A.2.b.3,Response Orientation,LV,0.12,8,0.125,0.0,0.37,N,Y,08/2019,Analyst
21-1091.00,1.A.2.b.4,Rate Control,IM,1.25,8,0.1637,1.0,1.5708,N,,08/2019,Analyst
21-1091.00,1.A.2.b.4,Rate Control,LV,0.25,8,0.1637,0.0,0.5708,N,Y,08/2019,Analyst
21-1091.00,1.A.2.c.1,Reaction Time,IM,1.25,8,0.1637,1.0,1.5708,N,,08/2019,Analyst
21-1091.00,1.A.2.c.1,Reaction Time,LV,0.25,8,0.1637,0.0,0.5708,N,Y,08/2019,Analyst
21-1091.00,1.A.2.c.2,Wrist-Finger Speed,IM,1.38,8,0.183,1.0164,1.7336,N,,08/2019,Analyst
21-1091.00,1.A.2.c.2,Wrist-Finger Speed,LV,0.5,8,0.2673,0.0,1.0238,N,N,08/2019,Analyst
21-1091.00,1.A.2.c.3,Speed of Limb Movement,IM,1.0,8,0.0,1.0,1.0,N,,08/2019,Analyst
21-1091.00,1.A.2.c.3,Speed of Limb Movement,LV,0.0,8,0.0,0.0,0.0,N,Y,08/2019,Analyst
21-1091.00,1.A.3.a.1,Static Strength,IM,2.0,8,0.0,2.0,2.0,N,,08/2019,Analyst
21-1091.00,1.A.3.a.1,Static Strength,LV,1.38,8,0.183,1.0164,1.7336,N,N,08/2019,Analyst
21-1091.00,1.A.3.a.2,Explosive Strength,IM,1.25,8,0.1637,1.0,1.5708,N,,08/2019,Analyst
21-1091.00,1.A.3.a.2,Explosive Strength,LV,0.38,8,0.2631,0.0,0.8906,N,Y,08/2019,Analyst
21-1091.00,1.A.3.a.3,Dynamic Strength,IM,1.38,8,0.183,1.0164,1.7336,N,,08/2019,Analyst
21-1091.00,1.A.3.a.3,Dynamic Strength,LV,0.5,8,0.2673,0.0,1.0238,N,N,08/2019,Analyst
21-1091.00,1.A.3.a.4,Trunk Strength,IM,1.88,8,0.125,1.63,2.12,N,,08/2019,Analyst
21-1091.00,1.A.3.a.4,Trunk Strength,LV,1.12,8,0.2266,0.6809,1.5691,N,N,08/2019,Analyst
21-1091.00,1.A.3.b.1,Stamina,IM,1.62,8,0.183,1.2664,1.9836,N,,08/2019,Analyst
21-1091.00,1.A.3.b.1,Stamina,LV,0.62,8,0.183,0.2664,0.9836,N,N,08/2019,Analyst
21-1091.00,1.A.3.c.1,Extent Flexibility,IM,1.5,8,0.189,1.1296,1.8704,N,,08/2019,Analyst
21-1091.00,1.A.3.c.1,Extent Flexibility,LV,0.62,8,0.2631,0.1094,1.1406,N,N,08/2019,Analyst
21-1091.00,1.A.3.c.2,Dynamic Flexibility,IM,1.0,8,0.0,1.0,1.0,N,,08/2019,Analyst
21-1091.00,1.A.3.c.2,Dynamic Flexibility,LV,0.0,8,0.0,0.0,0.0,N,Y,08/2019,Analyst
21-1091.00,1.A.3.c.3,Gross Body Coordination,IM,1.25,8,0.1637,1.0,1.5708,N,,08/2019,Analyst
21-1091.00,1.A.3.c.3,Gross Body Coordination,LV,0.25,8,0.1637,0.0,0.5708,N,Y,08/2019,Analyst
21-1091.00,1.A.3.c.4,Gross Body Equilibrium,IM,1.25,8,0.1637,1.0,1.5708,N,,08/2019,Analyst
21-1091.00,1.A.3.c.4,Gross Body Equilibrium,LV,0.25,8,0.1637,0.0,0.5708,N,Y,08/2019,Analyst
21-1091.00,1.A.4.a.1,Near Vision,IM,3.62,8,0.183,3.2664,3.9836,N,,08/2019,Analyst
21-1091.00,1.A.4.a.1,Near Vision,LV,3.88,8,0.125,3.63,4.12,N,N,08/2019,Analyst
21-1091.00,1.A.4.a.2,Far Vision,IM,2.88,8,0.125,2.63,3.12,N,,08/2019,Analyst
21-1091.00,1.A.4.a.2,Far Vision,LV,2.88,8,0.125,2.63,3.12,N,N,08/2019,Analyst
21-1091.00,1.A.4.a.3,Visual Color Discrimination,IM,2.12,8,0.125,1.88,2.37,N,,08/2019,Analyst
21-1091.00,1.A.4.a.3,Visual Color Discrimination,LV,2.12,8,0.2266,1.6809,2.5691,N,N,08/2019,Analyst
21-1091.00,1.A.4.a.4,Night Vision,IM,1.0,8,0.0,1.0,1.0,N,,08/2019,Analyst
21-1091.00,1.A.4.a.4,Night Vision,LV,0.0,8,0.0,0.0,0.0,N,Y,08/2019,Analyst
21-1091.00,1.A.4.a.5,Peripheral Vision,IM,1.0,8,0.0,1.0,1.0,N,,08/2019,Analyst
21-1091.00,1.A.4.a.5,Peripheral Vision,LV,0.0,8,0.0,0.0,0.0,N,Y,08/2019,Analyst
21-1091.00,1.A.4.a.6,Depth Perception,IM,1.75,8,0.1637,1.4292,2.0708,N,,08/2019,Analyst
21-1091.00,1.A.4.a.6,Depth Perception,LV,0.88,8,0.2266,0.4309,1.3191,N,N,08/2019,Analyst
21-1091.00,1.A.4.a.7,Glare Sensitivity,IM,1.0,8,0.0,1.0,1.0,N,,08/2019,Analyst
21-1091.00,1.A.4.a.7,Glare Sensitivity,LV,0.0,8,0.0,0.0,0.0,N,Y,08/2019,Analyst
21-1091.00,1.A.4.b.1,Hearing Sensitivity,IM,1.88,8,0.125,1.63,2.12,N,,08/2019,Analyst
21-1091.00,1.A.4.b.1,Hearing Sensitivity,LV,1.62,8,0.2631,1.1094,2.1406,N,N,08/2019,Analyst
21-1091.00,1.A.4.b.2,Auditory Attention,IM,2.0,8,0.0,2.0,2.0,N,,08/2019,Analyst
21-1091.00,1.A.4.b.2,Auditory Attention,LV,1.75,8,0.1637,1.4292,2.0708,N,N,08/2019,Analyst
21-1091.00,1.A.4.b.3,Sound Localization,IM,1.0,8,0.0,1.0,1.0,N,,08/2019,Analyst
21-1091.00,1.A.4.b.3,Sound Localization,LV,0.0,8,0.0,0.0,0.0,N,Y,08/2019,Analyst
21-1091.00,1.A.4.b.4,Speech Recognition,IM,3.75,8,0.1637,3.4292,4.0708,N,,08/2019,Analyst
21-1091.00,1.A.4.b.4,Speech Recognition,LV,3.38,8,0.183,3.0164,3.7336,N,N,08/2019,Analyst
21-1091.00,1.A.4.b.5,Speech Clarity,IM,4.0,8,0.189,3.6296,4.3704,N,,08/2019,Analyst
21-1091.00,1.A.4.b.5,Speech Clarity,LV,3.88,8,0.125,3.63,4.12,N,N,08/2019,Analyst
21-1092.00,1.A.1.a.1,Oral Comprehension,IM,3.88,8,0.125,3.63,4.12,N,,08/2020,Analyst
21-1092.00,1.A.1.a.1,Oral Comprehension,LV,4.0,8,0.0,4.0,4.0,N,N,08/2020,Analyst
21-1092.00,1.A.1.a.2,Written Comprehension,IM,4.0,8,0.0,4.0,4.0,N,,08/2020,Analyst
21-1092.00,1.A.1.a.2,Written Comprehension,LV,4.0,8,0.0,4.0,4.0,N,N,08/2020,Analyst
21-1092.00,1.A.1.a.3,Oral Expression,IM,4.12,8,0.125,3.88,4.37,N,,08/2020,Analyst
21-1092.00,1.A.1.a.3,Oral Expression,LV,4.12,8,0.125,3.88,4.37,N,N,08/2020,Analyst
21-1092.00,1.A.1.a.4,Written Expression,IM,3.75,8,0.1637,3.4292,4.0708,N,,08/2020,Analyst
21-1092.00,1.A.1.a.4,Written Expression,LV,4.0,8,0.0,4.0,4.0,N,N,08/2020,Analyst
21-1092.00,1.A.1.b.1,Fluency of Ideas,IM,2.88,8,0.125,2.63,3.12,N,,08/2020,Analyst
21-1092.00,1.A.1.b.1,Fluency of Ideas,LV,3.12,8,0.125,2.88,3.37,N,N,08/2020,Analyst
21-1092.00,1.A.1.b.2,Originality,IM,2.75,8,0.1637,2.4292,3.0708,N,,08/2020,Analyst
21-1092.00,1.A.1.b.2,Originality,LV,3.12,8,0.125,2.88,3.37,N,N,08/2020,Analyst
21-1092.00,1.A.1.b.3,Problem Sensitivity,IM,4.0,8,0.0,4.0,4.0,N,,08/2020,Analyst
21-1092.00,1.A.1.b.3,Problem Sensitivity,LV,4.0,8,0.0,4.0,4.0,N,N,08/2020,Analyst
21-1092.00,1.A.1.b.4,Deductive Reasoning,IM,4.0,8,0.0,4.0,4.0,N,,08/2020,Analyst
21-1092.00,1.A.1.b.4,Deductive Reasoning,LV,4.0,8,0.0,4.0,4.0,N,N,08/2020,Analyst
21-1092.00,1.A.1.b.5,Inductive Reasoning,IM,3.88,8,0.125,3.63,4.12,N,,08/2020,Analyst
21-1092.00,1.A.1.b.5,Inductive Reasoning,LV,3.88,8,0.125,3.63,4.12,N,N,08/2020,Analyst
21-1092.00,1.A.1.b.6,Information Ordering,IM,3.0,8,0.0,3.0,3.0,N,,08/2020,Analyst
21-1092.00,1.A.1.b.6,Information Ordering,LV,3.0,8,0.0,3.0,3.0,N,N,08/2020,Analyst
21-1092.00,1.A.1.b.7,Category Flexibility,IM,3.0,8,0.0,3.0,3.0,N,,08/2020,Analyst
21-1092.00,1.A.1.b.7,Category Flexibility,LV,3.0,8,0.0,3.0,3.0,N,N,08/2020,Analyst
21-1092.00,1.A.1.c.1,Mathematical Reasoning,IM,2.0,8,0.0,2.0,2.0,N,,08/2020,Analyst
21-1092.00,1.A.1.c.1,Mathematical Reasoning,LV,1.5,8,0.2673,0.9762,2.0238,N,N,08/2020,Analyst
21-1092.00,1.A.1.c.2,Number Facility,IM,2.0,8,0.0,2.0,2.0,N,,08/2020,Analyst
21-1092.00,1.A.1.c.2,Number Facility,LV,1.38,8,0.183,1.0164,1.7336,N,N,08/2020,Analyst
21-1092.00,1.A.1.d.1,Memorization,IM,2.12,8,0.125,1.88,2.37,N,,08/2020,Analyst
21-1092.00,1.A.1.d.1,Memorization,LV,2.0,8,0.0,2.0,2.0,N,N,08/2020,Analyst
21-1092.00,1.A.1.e.1,Speed of Closure,IM,2.25,8,0.1637,1.9292,2.5708,N,,08/2020,Analyst
21-1092.00,1.A.1.e.1,Speed of Closure,LV,2.12,8,0.125,1.88,2.37,N,N,08/2020,Analyst
21-1092.00,1.A.1.e.2,Flexibility of Closure,IM,2.88,8,0.2266,2.4309,3.3191,N,,08/2020,Analyst
21-1092.00,1.A.1.e.2,Flexibility of Closure,LV,2.25,8,0.1637,1.9292,2.5708,N,N,08/2020,Analyst
21-1092.00,1.A.1.e.3,Perceptual Speed,IM,2.12,8,0.125,1.88,2.37,N,,08/2020,Analyst
21-1092.00,1.A.1.e.3,Perceptual Speed,LV,2.0,8,0.0,2.0,2.0,N,N,08/2020,Analyst
21-1092.00,1.A.1.f.1,Spatial Orientation,IM,1.5,8,0.189,1.1296,1.8704,N,,08/2020,Analyst
21-1092.00,1.A.1.f.1,Spatial Orientation,LV,0.62,8,0.2631,0.1094,1.1406,N,N,08/2020,Analyst
21-1092.00,1.A.1.f.2,Visualization,IM,2.0,8,0.0,2.0,2.0,N,,08/2020,Analyst
21-1092.00,1.A.1.f.2,Visualization,LV,2.0,8,0.0,2.0,2.0,N,N,08/2020,Analyst
21-1092.00,1.A.1.g.1,Selective Attention,IM,3.0,8,0.0,3.0,3.0,N,,08/2020,Analyst
21-1092.00,1.A.1.g.1,Selective Attention,LV,2.88,8,0.125,2.63,3.12,N,N,08/2020,Analyst
21-1092.00,1.A.1.g.2,Time Sharing,IM,2.62,8,0.183,2.2664,2.9836,N,,08/2020,Analyst
21-1092.00,1.A.1.g.2,Time Sharing,LV,2.25,8,0.1637,1.9292,2.5708,N,N,08/2020,Analyst
21-1092.00,1.A.2.a.1,Arm-Hand Steadiness,IM,2.0,8,0.0,2.0,2.0,N,,08/2020,Analyst
21-1092.00,1.A.2.a.1,Arm-Hand Steadiness,LV,1.62,8,0.183,1.2664,1.9836,N,N,08/2020,Analyst
21-1092.00,1.A.2.a.2,Manual Dexterity,IM,2.0,8,0.0,2.0,2.0,N,,08/2020,Analyst
21-1092.00,1.A.2.a.2,Manual Dexterity,LV,1.38,8,0.183,1.0164,1.7336,N,N,08/2020,Analyst
21-1092.00,1.A.2.a.3,Finger Dexterity,IM,2.0,8,0.0,2.0,2.0,N,,08/2020,Analyst
21-1092.00,1.A.2.a.3,Finger Dexterity,LV,1.62,8,0.183,1.2664,1.9836,N,N,08/2020,Analyst
21-1092.00,1.A.2.b.1,Control Precision,IM,2.0,8,0.0,2.0,2.0,N,,08/2020,Analyst
21-1092.00,1.A.2.b.1,Control Precision,LV,1.62,8,0.183,1.2664,1.9836,N,N,08/2020,Analyst
21-1092.00,1.A.2.b.2,Multilimb Coordination,IM,2.12,8,0.125,1.88,2.37,N,,08/2020,Analyst
21-1092.00,1.A.2.b.2,Multilimb Coordination,LV,1.88,8,0.2266,1.4309,2.3191,N,N,08/2020,Analyst
21-1092.00,1.A.2.b.3,Response Orientation,IM,2.12,8,0.125,1.88,2.37,N,,08/2020,Analyst
21-1092.00,1.A.2.b.3,Response Orientation,LV,2.12,8,0.125,1.88,2.37,N,N,08/2020,Analyst
21-1092.00,1.A.2.b.4,Rate Control,IM,1.62,8,0.183,1.2664,1.9836,N,,08/2020,Analyst
21-1092.00,1.A.2.b.4,Rate Control,LV,0.62,8,0.183,0.2664,0.9836,N,N,08/2020,Analyst
21-1092.00,1.A.2.c.1,Reaction Time,IM,2.12,8,0.125,1.88,2.37,N,,08/2020,Analyst
21-1092.00,1.A.2.c.1,Reaction Time,LV,2.12,8,0.125,1.88,2.37,N,N,08/2020,Analyst
21-1092.00,1.A.2.c.2,Wrist-Finger Speed,IM,1.38,8,0.183,1.0164,1.7336,N,,08/2020,Analyst
21-1092.00,1.A.2.c.2,Wrist-Finger Speed,LV,0.5,8,0.2673,0.0,1.0238,N,N,08/2020,Analyst
21-1092.00,1.A.2.c.3,Speed of Limb Movement,IM,2.0,8,0.0,2.0,2.0,N,,08/2020,Analyst
21-1092.00,1.A.2.c.3,Speed of Limb Movement,LV,1.38,8,0.183,1.0164,1.7336,N,N,08/2020,Analyst
21-1092.00,1.A.3.a.1,Static Strength,IM,2.12,8,0.125,1.88,2.37,N,,08/2020,Analyst
21-1092.00,1.A.3.a.1,Static Strength,LV,2.12,8,0.125,1.88,2.37,N,N,08/2020,Analyst
21-1092.00,1.A.3.a.2,Explosive Strength,IM,2.12,8,0.125,1.88,2.37,N,,08/2020,Analyst
21-1092.00,1.A.3.a.2,Explosive Strength,LV,1.75,8,0.25,1.26,2.24,N,N,08/2020,Analyst
21-1092.00,1.A.3.a.3,Dynamic Strength,IM,1.38,8,0.183,1.0164,1.7336,N,,08/2020,Analyst
21-1092.00,1.A.3.a.3,Dynamic Strength,LV,0.62,8,0.3239,0.0,1.2598,N,N,08/2020,Analyst
21-1092.00,1.A.3.a.4,Trunk Strength,IM,2.25,8,0.1637,1.9292,2.5708,N,,08/2020,Analyst
21-1092.00,1.A.3.a.4,Trunk Strength,LV,2.12,8,0.125,1.88,2.37,N,N,08/2020,Analyst
21-1092.00,1.A.3.b.1,Stamina,IM,2.0,8,0.0,2.0,2.0,N,,08/2020,Analyst
21-1092.00,1.A.3.b.1,Stamina,LV,1.88,8,0.125,1.63,2.12,N,N,08/2020,Analyst
21-1092.00,1.A.3.c.1,Extent Flexibility,IM,1.5,8,0.189,1.1296,1.8704,N,,08/2020,Analyst
21-1092.00,1.A.3.c.1,Extent Flexibility,LV,0.62,8,0.2631,0.1094,1.1406,N,N,08/2020,Analyst
21-1092.00,1.A.3.c.2,Dynamic Flexibility,IM,1.0,8,0.0,1.0,1.0,N,,08/2020,Analyst
21-1092.00,1.A.3.c.2,Dynamic Flexibility,LV,0.0,8,0.0,0.0,0.0,N,Y,08/2020,Analyst
21-1092.00,1.A.3.c.3,Gross Body Coordination,IM,2.12,8,0.125,1.88,2.37,N,,08/2020,Analyst
21-1092.00,1.A.3.c.3,Gross Body Coordination,LV,2.12,8,0.125,1.88,2.37,N,N,08/2020,Analyst
21-1092.00,1.A.3.c.4,Gross Body Equilibrium,IM,2.0,8,0.0,2.0,2.0,N,,08/2020,Analyst
21-1092.00,1.A.3.c.4,Gross Body Equilibrium,LV,1.38,8,0.183,1.0164,1.7336,N,N,08/2020,Analyst
21-1092.00,1.A.4.a.1,Near Vision,IM,3.25,8,0.1637,2.9292,3.5708,N,,08/2020,Analyst
21-1092.00,1.A.4.a.1,Near Vision,LV,3.62,8,0.183,3.2664,3.9836,N,N,08/2020,Analyst
21-1092.00,1.A.4.a.2,Far Vision,IM,2.5,8,0.189,2.1296,2.8704,N,,08/2020,Analyst
21-1092.00,1.A.4.a.2,Far Vision,LV,2.38,8,0.183,2.0164,2.7336,N,N,08/2020,Analyst
21-1092.00,1.A.4.a.3,Visual Color Discrimination,IM,1.62,8,0.183,1.2664,1.9836,N,,08/2020,Analyst
21-1092.00,1.A.4.a.3,Visual Color Discrimination,LV,0.88,8,0.295,0.2967,1.4533,N,N,08/2020,Analyst
21-1092.00,1.A.4.a.4,Night Vision,IM,1.5,8,0.189,1.1296,1.8704,N,,08/2020,Analyst
21-1092.00,1.A.4.a.4,Night Vision,LV,0.62,8,0.2631,0.1094,1.1406,N,N,08/2020,Analyst
21-1092.00,1.A.4.a.5,Peripheral Vision,IM,1.5,8,0.189,1.1296,1.8704,N,,08/2020,Analyst
21-1092.00,1.A.4.a.5,Peripheral Vision,LV,0.62,8,0.2631,0.1094,1.1406,N,N,08/2020,Analyst
21-1092.00,1.A.4.a.6,Depth Perception,IM,2.12,8,0.125,1.88,2.37,N,,08/2020,Analyst
21-1092.00,1.A.4.a.6,Depth Perception,LV,1.62,8,0.183,1.2664,1.9836,N,N,08/2020,Analyst
21-1092.00,1.A.4.a.7,Glare Sensitivity,IM,1.62,8,0.183,1.2664,1.9836,N,,08/2020,Analyst
21-1092.00,1.A.4.a.7,Glare Sensitivity,LV,0.75,8,0.25,0.26,1.24,N,N,08/2020,Analyst
21-1092.00,1.A.4.b.1,Hearing Sensitivity,IM,2.12,8,0.125,1.88,2.37,N,,08/2020,Analyst
21-1092.00,1.A.4.b.1,Hearing Sensitivity,LV,1.38,8,0.183,1.0164,1.7336,N,N,08/2020,Analyst
21-1092.00,1.A.4.b.2,Auditory Attention,IM,2.12,8,0.125,1.88,2.37,N,,08/2020,Analyst
21-1092.00,1.A.4.b.2,Auditory Attention,LV,2.25,8,0.1637,1.9292,2.5708,N,N,08/2020,Analyst
21-1092.00,1.A.4.b.3,Sound Localization,IM,1.5,8,0.189,1.1296,1.8704,N,,08/2020,Analyst
21-1092.00,1.A.4.b.3,Sound Localization,LV,0.5,8,0.189,0.1296,0.8704,N,N,08/2020,Analyst
21-1092.00,1.A.4.b.4,Speech Recognition,IM,3.75,8,0.1637,3.4292,4.0708,N,,08/2020,Analyst
21-1092.00,1.A.4.b.4,Speech Recognition,LV,3.75,8,0.1637,3.4292,4.0708,N,N,08/2020,Analyst
21-1092.00,1.A.4.b.5,Speech Clarity,IM,3.75,8,0.1637,3.4292,4.0708,N,,08/2020,Analyst
21-1092.00,1.A.4.b.5,Speech Clarity,LV,3.5,8,0.189,3.1296,3.8704,N,N,08/2020,Analyst
21-1093.00,1.A.1.a.1,Oral Comprehension,IM,3.88,8,0.125,3.63,4.12,N,,08/2020,Analyst
21-1093.00,1.A.1.a.1,Oral Comprehension,LV,4.0,8,0.0,4.0,4.0,N,N,08/2020,Analyst
21-1093.00,1.A.1.a.2,Written Comprehension,IM,3.88,8,0.125,3.63,4.12,N,,08/2020,Analyst
21-1093.00,1.A.1.a.2,Written Comprehension,LV,3.88,8,0.125,3.63,4.12,N,N,08/2020,Analyst
21-1093.00,1.A.1.a.3,Oral Expression,IM,4.0,8,0.0,4.0,4.0,N,,08/2020,Analyst
21-1093.00,1.A.1.a.3,Oral Expression,LV,4.0,8,0.0,4.0,4.0,N,N,08/2020,Analyst
21-1093.00,1.A.1.a.4,Written Expression,IM,3.88,8,0.125,3.63,4.12,N,,08/2020,Analyst
21-1093.00,1.A.1.a.4,Written Expression,LV,3.88,8,0.125,3.63,4.12,N,N,08/2020,Analyst
21-1093.00,1.A.1.b.1,Fluency of Ideas,IM,3.25,8,0.25,2.76,3.74,N,,08/2020,Analyst
21-1093.00,1.A.1.b.1,Fluency of Ideas,LV,3.5,8,0.189,3.1296,3.8704,N,N,08/2020,Analyst
21-1093.00,1.A.1.b.2,Originality,IM,3.0,8,0.189,2.6296,3.3704,N,,08/2020,Analyst
21-1093.00,1.A.1.b.2,Originality,LV,3.25,8,0.1637,2.9292,3.5708,N,N,08/2020,Analyst
21-1093.00,1.A.1.b.3,Problem Sensitivity,IM,3.88,8,0.125,3.63,4.12,N,,08/2020,Analyst
21-1093.00,1.A.1.b.3,Problem Sensitivity,LV,3.88,8,0.125,3.63,4.12,N,N,08/2020,Analyst
21-1093.00,1.A.1.b.4,Deductive Reasoning,IM,3.88,8,0.125,3.63,4.12,N,,08/2020,Analyst
21-1093.00,1.A.1.b.4,Deductive Reasoning,LV,4.0,8,0.0,4.0,4.0,N,N,08/2020,Analyst
21-1093.00,1.A.1.b.5,Inductive Reasoning,IM,3.25,8,0.1637,2.9292,3.5708,N,,08/2020,Analyst
21-1093.00,1.A.1.b.5,Inductive Reasoning,LV,3.38,8,0.183,3.0164,3.7336,N,N,08/2020,Analyst
21-1093.00,1.A.1.b.6,Information Ordering,IM,3.0,8,0.0,3.0,3.0,N,,08/2020,Analyst
21-1093.00,1.A.1.b.6,Information Ordering,LV,3.0,8,0.0,3.0,3.0,N,N,08/2020,Analyst
21-1093.00,1.A.1.b.7,Category Flexibility,IM,3.0,8,0.189,2.6296,3.3704,N,,08/2020,Analyst
21-1093.00,1.A.1.b.7,Category Flexibility,LV,3.12,8,0.125,2.88,3.37,N,N,08/2020,Analyst
21-1093.00,1.A.1.c.1,Mathematical Reasoning,IM,2.0,8,0.0,2.0,2.0,N,,08/2020,Analyst
21-1093.00,1.A.1.c.1,Mathematical Reasoning,LV,2.0,8,0.0,2.0,2.0,N,N,08/2020,Analyst
21-1093.00,1.A.1.c.2,Number Facility,IM,2.0,8,0.0,2.0,2.0,N,,08/2020,Analyst
21-1093.00,1.A.1.c.2,Number Facility,LV,2.25,8,0.1637,1.9292,2.5708,N,N,08/2020,Analyst
21-1093.00,1.A.1.d.1,Memorization,IM,2.75,8,0.1637,2.4292,3.0708,N,,08/2020,Analyst
21-1093.00,1.A.1.d.1,Memorization,LV,2.88,8,0.2266,2.4309,3.3191,N,N,08/2020,Analyst
21-1093.00,1.A.1.e.1,Speed of Closure,IM,2.75,8,0.1637,2.4292,3.0708,N,,08/2020,Analyst
21-1093.00,1.A.1.e.1,Speed of Closure,LV,2.88,8,0.125,2.63,3.12,N,N,08/2020,Analyst
21-1093.00,1.A.1.e.2,Flexibility of Closure,IM,3.0,8,0.189,2.6296,3.3704,N,,08/2020,Analyst
21-1093.00,1.A.1.e.2,Flexibility of Closure,LV,3.12,8,0.125,2.88,3.37,N,N,08/2020,Analyst
21-1093.00,1.A.1.e.3,Perceptual Speed,IM,2.75,8,0.1637,2.4292,3.0708,N,,08/2020,Analyst
21-1093.00,1.A.1.e.3,Perceptual Speed,LV,2.62,8,0.183,2.2664,2.9836,N,N,08/2020,Analyst
21-1093.00,1.A.1.f.1,Spatial Orientation,IM,1.62,8,0.183,1.2664,1.9836,N,,08/2020,Analyst
21-1093.00,1.A.1.f.1,Spatial Orientation,LV,0.75,8,0.25,0.26,1.24,N,N,08/2020,Analyst
21-1093.00,1.A.1.f.2,Visualization,IM,2.12,8,0.125,1.88,2.37,N,,08/2020,Analyst
21-1093.00,1.A.1.f.2,Visualization,LV,2.12,8,0.125,1.88,2.37,N,N,08/2020,Analyst
21-1093.00,1.A.1.g.1,Selective Attention,IM,3.0,8,0.0,3.0,3.0,N,,08/2020,Analyst
21-1093.00,1.A.1.g.1,Selective Attention,LV,3.12,8,0.125,2.88,3.37,N,N,08/2020,Analyst
21-1093.00,1.A.1.g.2,Time Sharing,IM,2.75,8,0.1637,2.4292,3.0708,N,,08/2020,Analyst
21-1093.00,1.A.1.g.2,Time Sharing,LV,3.0,8,0.0,3.0,3.0,N,N,08/2020,Analyst
21-1093.00,1.A.2.a.1,Arm-Hand Steadiness,IM,1.5,8,0.189,1.1296,1.8704,N,,08/2020,Analyst
21-1093.00,1.A.2.a.1,Arm-Hand Steadiness,LV,0.88,8,0.3504,0.1883,1.5617,N,N,08/2020,Analyst
21-1093.00,1.A.2.a.2,Manual Dexterity,IM,1.5,8,0.189,1.1296,1.8704,N,,08/2020,Analyst
21-1093.00,1.A.2.a.2,Manual Dexterity,LV,0.5,8,0.189,0.1296,0.8704,N,N,08/2020,Analyst
21-1093.00,1.A.2.a.3,Finger Dexterity,IM,1.75,8,0.25,1.26,2.24,N,,08/2020,Analyst
21-1093.00,1.A.2.a.3,Finger Dexterity,LV,1.25,8,0.366,0.5327,1.9673,N,N,08/2020,Analyst
21-1093.00,1.A.2.b.1,Control Precision,IM,1.62,8,0.183,1.2664,1.9836,N,,08/2020,Analyst
21-1093.00,1.A.2.b.1,Control Precision,LV,1.25,8,0.366,0.5327,1.9673,N,N,08/2020,Analyst
21-1093.00,1.A.2.b.2,Multilimb Coordination,IM,2.0,8,0.0,2.0,2.0,N,,08/2020,Analyst
21-1093.00,1.A.2.b.2,Multilimb Coordination,LV,1.75,8,0.1637,1.4292,2.0708,N,N,08/2020,Analyst
21-1093.00,1.A.2.b.3,Response Orientation,IM,1.5,8,0.189,1.1296,1.8704,N,,08/2020,Analyst
21-1093.00,1.A.2.b.3,Response Orientation,LV,1.0,8,0.378,0.2592,1.7408,N,N,08/2020,Analyst
21-1093.00,1.A.2.b.4,Rate Control,IM,1.25,8,0.1637,1.0,1.5708,N,,08/2020,Analyst
21-1093.00,1.A.2.b.4,Rate Control,LV,0.25,8,0.1637,0.0,0.5708,N,Y,08/2020,Analyst
21-1093.00,1.A.2.c.1,Reaction Time,IM,1.5,8,0.189,1.1296,1.8704,N,,08/2020,Analyst
21-1093.00,1.A.2.c.1,Reaction Time,LV,1.0,8,0.378,0.2592,1.7408,N,N,08/2020,Analyst
21-1093.00,1.A.2.c.2,Wrist-Finger Speed,IM,1.25,8,0.1637,1.0,1.5708,N,,08/2020,Analyst
21-1093.00,1.A.2.c.2,Wrist-Finger Speed,LV,0.5,8,0.3273,0.0,1.1416,N,Y,08/2020,Analyst
21-1093.00,1.A.2.c.3,Speed of Limb Movement,IM,1.0,8,0.0,1.0,1.0,N,,08/2020,Analyst
21-1093.00,1.A.2.c.3,Speed of Limb Movement,LV,0.0,8,0.0,0.0,0.0,N,Y,08/2020,Analyst
21-1093.00,1.A.3.a.1,Static Strength,IM,1.88,8,0.125,1.63,2.12,N,,08/2020,Analyst
21-1093.00,1.A.3.a.1,Static Strength,LV,1.25,8,0.25,0.76,1.74,N,N,08/2020,Analyst
21-1093.00,1.A.3.a.2,Explosive Strength,IM,1.75,8,0.1637,1.4292,2.0708,N,,08/2020,Analyst
21-1093.00,1.A.3.a.2,Explosive Strength,LV,0.75,8,0.1637,0.4292,1.0708,N,N,08/2020,Analyst
21-1093.00,1.A.3.a.3,Dynamic Strength,IM,1.88,8,0.125,1.63,2.12,N,,08/2020,Analyst
21-1093.00,1.A.3.a.3,Dynamic Strength,LV,1.12,8,0.2266,0.6809,1.5691,N,N,08/2020,Analyst
21-1093.00,1.A.3.a.4,Trunk Strength,IM,2.0,8,0.0,2.0,2.0,N,,08/2020,Analyst
21-1093.00,1.A.3.a.4,Trunk Strength,LV,1.88,8,0.125,1.63,2.12,N,N,08/2020,Analyst
21-1093.00,1.A.3.b.1,Stamina,IM,1.88,8,0.125,1.63,2.12,N,,08/2020,Analyst
21-1093.00,1.A.3.b.1,Stamina,LV,0.88,8,0.125,0.63,1.12,N,N,08/2020,Analyst
21-1093.00,1.A.3.c.1,Extent Flexibility,IM,1.88,8,0.125,1.63,2.12,N,,08/2020,Analyst
21-1093.00,1.A.3.c.1,Extent Flexibility,LV,0.88,8,0.125,0.63,1.12,N,N,08/2020,Analyst
21-1093.00,1.A.3.c.2,Dynamic Flexibility,IM,1.0,8,0.0,1.0,1.0,N,,08/2020,Analyst
21-1093.00,1.A.3.c.2,Dynamic Flexibility,LV,0.0,8,0.0,0.0,0.0,N,Y,08/2020,Analyst
21-1093.00,1.A.3.c.3,Gross Body Coordination,IM,1.75,8,0.1637,1.4292,2.0708,N,,08/2020,Analyst
21-1093.00,1.A.3.c.3,Gross Body Coordination,LV,0.88,8,0.2266,0.4309,1.3191,N,N,08/2020,Analyst
21-1093.00,1.A.3.c.4,Gross Body Equilibrium,IM,1.75,8,0.1637,1.4292,2.0708,N,,08/2020,Analyst
21-1093.00,1.A.3.c.4,Gross Body Equilibrium,LV,0.75,8,0.1637,0.4292,1.0708,N,N,08/2020,Analyst
21-1093.00,1.A.4.a.1,Near Vision,IM,3.25,8,0.1637,2.9292,3.5708,N,,08/2020,Analyst
21-1093.00,1.A.4.a.1,Near Vision,LV,3.88,8,0.125,3.63,4.12,N,N,08/2020,Analyst
21-1093.00,1.A.4.a.2,Far Vision,IM,2.75,8,0.1637,2.4292,3.0708,N,,08/2020,Analyst
21-1093.00,1.A.4.a.2,Far Vision,LV,2.75,8,0.1637,2.4292,3.0708,N,N,08/2020,Analyst
21-1093.00,1.A.4.a.3,Visual Color Discrimination,IM,2.0,8,0.0,2.0,2.0,N,,08/2020,Analyst
21-1093.00,1.A.4.a.3,Visual Color Discrimination,LV,1.75,8,0.1637,1.4292,2.0708,N,N,08/2020,Analyst
21-1093.00,1.A.4.a.4,Night Vision,IM,1.25,8,0.1637,1.0,1.5708,N,,08/2020,Analyst
21-1093.00,1.A.4.a.4,Night Vision,LV,0.38,8,0.2631,0.0,0.8906,N,Y,08/2020,Analyst
21-1093.00,1.A.4.a.5,Peripheral Vision,IM,1.38,8,0.183,1.0164,1.7336,N,,08/2020,Analyst
21-1093.00,1.A.4.a.5,Peripheral Vision,LV,0.5,8,0.2673,0.0,1.0238,N,N,08/2020,Analyst
21-1093.00,1.A.4.a.6,Depth Perception,IM,2.0,8,0.0,2.0,2.0,N,,08/2020,Analyst
21-1093.00,1.A.4.a.6,Depth Perception,LV,1.75,8,0.1637,1.4292,2.0708,N,N,08/2020,Analyst
21-1093.00,1.A.4.a.7,Glare Sensitivity,IM,1.38,8,0.183,1.0164,1.7336,N,,08/2020,Analyst
21-1093.00,1.A.4.a.7,Glare Sensitivity,LV,0.5,8,0.2673,0.0,1.0238,N,N,08/2020,Analyst
21-1093.00,1.A.4.b.1,Hearing Sensitivity,IM,2.0,8,0.0,2.0,2.0,N,,08/2020,Analyst
21-1093.00,1.A.4.b.1,Hearing Sensitivity,LV,2.0,8,0.0,2.0,2.0,N,N,08/2020,Analyst
21-1093.00,1.A.4.b.2,Auditory Attention,IM,2.25,8,0.1637,1.9292,2.5708,N,,08/2020,Analyst
21-1093.00,1.A.4.b.2,Auditory Attention,LV,1.88,8,0.125,1.63,2.12,N,N,08/2020,Analyst
21-1093.00,1.A.4.b.3,Sound Localization,IM,1.0,8,0.0,1.0,1.0,N,,08/2020,Analyst
21-1093.00,1.A.4.b.3,Sound Localization,LV,0.0,8,0.0,0.0,0.0,N,Y,08/2020,Analyst
21-1093.00,1.A.4.b.4,Speech Recognition,IM,3.62,8,0.183,3.2664,3.9836,N,,08/2020,Analyst
21-1093.00,1.A.4.b.4,Speech Recognition,LV,3.62,8,0.183,3.2664,3.9836,N,N,08/2020,Analyst
21-1093.00,1.A.4.b.5,Speech Clarity,IM,3.88,8,0.125,3.63,4.12,N,,08/2020,Analyst
21-1093.00,1.A.4.b.5,Speech Clarity,LV,3.75,8,0.1637,3.4292,4.0708,N,N,08/2020,Analyst
21-1094.00,1.A.1.a.1,Oral Comprehension,IM,4.25,8,0.1637,3.9292,4.5708,N,,07/2013,Analyst
21-1094.00,1.A.1.a.1,Oral Comprehension,LV,3.88,8,0.125,3.63,4.12,N,N,07/2013,Analyst
21-1094.00,1.A.1.a.2,Written Comprehension,IM,3.88,8,0.125,3.63,4.12,N,,07/2013,Analyst
21-1094.00,1.A.1.a.2,Written Comprehension,LV,3.75,8,0.1637,3.4292,4.0708,N,N,07/2013,Analyst
21-1094.00,1.A.1.a.3,Oral Expression,IM,4.12,8,0.125,3.88,4.37,N,,07/2013,Analyst
21-1094.00,1.A.1.a.3,Oral Expression,LV,3.88,8,0.125,3.63,4.12,N,N,07/2013,Analyst
21-1094.00,1.A.1.a.4,Written Expression,IM,3.75,8,0.1637,3.4292,4.0708,N,,07/2013,Analyst
21-1094.00,1.A.1.a.4,Written Expression,LV,3.62,8,0.183,3.2664,3.9836,N,N,07/2013,Analyst
21-1094.00,1.A.1.b.1,Fluency of Ideas,IM,2.88,8,0.2266,2.4309,3.3191,N,,07/2013,Analyst
21-1094.00,1.A.1.b.1,Fluency of Ideas,LV,3.5,8,0.189,3.1296,3.8704,N,N,07/2013,Analyst
21-1094.00,1.A.1.b.2,Originality,IM,3.0,8,0.2673,2.4762,3.5238,N,,07/2013,Analyst
21-1094.00,1.A.1.b.2,Originality,LV,3.0,8,0.189,2.6296,3.3704,N,N,07/2013,Analyst
21-1094.00,1.A.1.b.3,Problem Sensitivity,IM,3.75,8,0.1637,3.4292,4.0708,N,,07/2013,Analyst
21-1094.00,1.A.1.b.3,Problem Sensitivity,LV,3.75,8,0.25,3.26,4.24,N,N,07/2013,Analyst
21-1094.00,1.A.1.b.4,Deductive Reasoning,IM,3.62,8,0.183,3.2664,3.9836,N,,07/2013,Analyst
21-1094.00,1.A.1.b.4,Deductive Reasoning,LV,3.75,8,0.1637,3.4292,4.0708,N,N,07/2013,Analyst
21-1094.00,1.A.1.b.5,Inductive Reasoning,IM,3.5,8,0.189,3.1296,3.8704,N,,07/2013,Analyst
21-1094.00,1.A.1.b.5,Inductive Reasoning,LV,3.75,8,0.1637,3.4292,4.0708,N,N,07/2013,Analyst
21-1094.00,1.A.1.b.6,Information Ordering,IM,3.25,8,0.25,2.76,3.74,N,,07/2013,Analyst
21-1094.00,1.A.1.b.6,Information Ordering,LV,3.12,8,0.125,2.88,3.37,N,N,07/2013,Analyst
21-1094.00,1.A.1.b.7,Category Flexibility,IM,3.25,8,0.25,2.76,3.74,N,,07/2013,Analyst
21-1094.00,1.A.1.b.7,Category Flexibility,LV,3.12,8,0.2266,2.6809,3.5691,N,N,07/2013,Analyst
21-1094.00,1.A.1.c.1,Mathematical Reasoning,IM,2.38,8,0.183,2.0164,2.7336,N,,07/2013,Analyst
21-1094.00,1.A.1.c.1,Mathematical Reasoning,LV,2.62,8,0.183,2.2664,2.9836,N,N,07/2013,Analyst
21-1094.00,1.A.1.c.2,Number Facility,IM,2.12,8,0.125,1.88,2.37,N,,07/2013,Analyst
21-1094.00,1.A.1.c.2,Number Facility,LV,2.5,8,0.189,2.1296,2.8704,N,N,07/2013,Analyst
21-1094.00,1.A.1.d.1,Memorization,IM,2.5,8,0.189,2.1296,2.8704,N,,07/2013,Analyst
21-1094.00,1.A.1.d.1,Memorization,LV,2.38,8,0.2631,1.8594,2.8906,N,N,07/2013,Analyst
21-1094.00,1.A.1.e.1,Speed of Closure,IM,2.62,8,0.2631,2.1094,3.1406,N,,07/2013,Analyst
21-1094.00,1.A.1.e.1,Speed of Closure,LV,2.12,8,0.295,1.5467,2.7033,N,N,07/2013,Analyst
21-1094.00,1.A.1.e.2,Flexibility of Closure,IM,2.62,8,0.183,2.2664,2.9836,N,,07/2013,Analyst
21-1094.00,1.A.1.e.2,Flexibility of Closure,LV,2.88,8,0.2266,2.4309,3.3191,N,N,07/2013,Analyst
21-1094.00,1.A.1.e.3,Perceptual Speed,IM,2.38,8,0.183,2.0164,2.7336,N,,07/2013,Analyst
21-1094.00,1.A.1.e.3,Perceptual Speed,LV,2.62,8,0.2631,2.1094,3.1406,N,N,07/2013,Analyst
21-1094.00,1.A.1.f.1,Spatial Orientation,IM,1.75,8,0.1637,1.4292,2.0708,N,,07/2013,Analyst
21-1094.00,1.A.1.f.1,Spatial Orientation,LV,1.12,8,0.3504,0.4383,1.8117,N,N,07/2013,Analyst
21-1094.00,1.A.1.f.2,Visualization,IM,2.5,8,0.189,2.1296,2.8704,N,,07/2013,Analyst
21-1094.00,1.A.1.f.2,Visualization,LV,2.5,8,0.189,2.1296,2.8704,N,N,07/2013,Analyst
21-1094.00,1.A.1.g.1,Selective Attention,IM,2.88,8,0.125,2.63,3.12,N,,07/2013,Analyst
21-1094.00,1.A.1.g.1,Selective Attention,LV,2.88,8,0.125,2.63,3.12,N,N,07/2013,Analyst
21-1094.00,1.A.1.g.2,Time Sharing,IM,3.0,8,0.189,2.6296,3.3704,N,,07/2013,Analyst
21-1094.00,1.A.1.g.2,Time Sharing,LV,2.75,8,0.1637,2.4292,3.0708,N,N,07/2013,Analyst
21-1094.00,1.A.2.a.1,Arm-Hand Steadiness,IM,2.62,8,0.183,2.2664,2.9836,N,,07/2013,Analyst
21-1094.00,1.A.2.a.1,Arm-Hand Steadiness,LV,2.75,8,0.25,2.26,3.24,N,N,07/2013,Analyst
21-1094.00,1.A.2.a.2,Manual Dexterity,IM,2.38,8,0.183,2.0164,2.7336,N,,07/2013,Analyst
21-1094.00,1.A.2.a.2,Manual Dexterity,LV,2.75,8,0.25,2.26,3.24,N,N,07/2013,Analyst
21-1094.00,1.A.2.a.3,Finger Dexterity,IM,3.0,8,0.2673,2.4762,3.5238,N,,07/2013,Analyst
21-1094.00,1.A.2.a.3,Finger Dexterity,LV,3.0,8,0.2673,2.4762,3.5238,N,N,07/2013,Analyst
21-1094.00,1.A.2.b.1,Control Precision,IM,2.5,8,0.189,2.1296,2.8704,N,,07/2013,Analyst
21-1094.00,1.A.2.b.1,Control Precision,LV,2.38,8,0.183,2.0164,2.7336,N,N,07/2013,Analyst
21-1094.00,1.A.2.b.2,Multilimb Coordination,IM,2.38,8,0.2631,1.8594,2.8906,N,,07/2013,Analyst
21-1094.00,1.A.2.b.2,Multilimb Coordination,LV,2.25,8,0.4119,1.4427,3.0573,N,N,07/2013,Analyst
21-1094.00,1.A.2.b.3,Response Orientation,IM,2.12,8,0.2266,1.6809,2.5691,N,,07/2013,Analyst
21-1094.00,1.A.2.b.3,Response Orientation,LV,2.0,8,0.4226,1.1717,2.8283,N,N,07/2013,Analyst
21-1094.00,1.A.2.b.4,Rate Control,IM,2.12,8,0.2266,1.6809,2.5691,N,,07/2013,Analyst
21-1094.00,1.A.2.b.4,Rate Control,LV,1.88,8,0.3981,1.0947,2.6553,N,N,07/2013,Analyst
21-1094.00,1.A.2.c.1,Reaction Time,IM,2.12,8,0.2266,1.6809,2.5691,N,,07/2013,Analyst
21-1094.00,1.A.2.c.1,Reaction Time,LV,1.75,8,0.366,1.0327,2.4673,N,N,07/2013,Analyst
21-1094.00,1.A.2.c.2,Wrist-Finger Speed,IM,1.88,8,0.2266,1.4309,2.3191,N,,07/2013,Analyst
21-1094.00,1.A.2.c.2,Wrist-Finger Speed,LV,1.38,8,0.375,0.64,2.11,N,N,07/2013,Analyst
21-1094.00,1.A.2.c.3,Speed of Limb Movement,IM,1.88,8,0.2266,1.4309,2.3191,N,,07/2013,Analyst
21-1094.00,1.A.2.c.3,Speed of Limb Movement,LV,1.62,8,0.375,0.89,2.36,N,N,07/2013,Analyst
21-1094.00,1.A.3.a.1,Static Strength,IM,2.12,8,0.2266,1.6809,2.5691,N,,07/2013,Analyst
21-1094.00,1.A.3.a.1,Static Strength,LV,1.75,8,0.3134,1.1358,2.3642,N,N,07/2013,Analyst
21-1094.00,1.A.3.a.2,Explosive Strength,IM,1.0,8,0.0,1.0,1.0,N,,07/2013,Analyst
21-1094.00,1.A.3.a.2,Explosive Strength,LV,0.0,8,0.0,0.0,0.0,N,Y,07/2013,Analyst
21-1094.00,1.A.3.a.3,Dynamic Strength,IM,1.88,8,0.125,1.63,2.12,N,,07/2013,Analyst
21-1094.00,1.A.3.a.3,Dynamic Strength,LV,1.38,8,0.3239,0.7402,2.0098,N,N,07/2013,Analyst
21-1094.00,1.A.3.a.4,Trunk Strength,IM,2.12,8,0.125,1.88,2.37,N,,07/2013,Analyst
21-1094.00,1.A.3.a.4,Trunk Strength,LV,2.12,8,0.125,1.88,2.37,N,N,07/2013,Analyst
21-1094.00,1.A.3.b.1,Stamina,IM,2.12,8,0.125,1.88,2.37,N,,07/2013,Analyst
21-1094.00,1.A.3.b.1,Stamina,LV,1.88,8,0.295,1.2967,2.4533,N,N,07/2013,Analyst
21-1094.00,1.A.3.c.1,Extent Flexibility,IM,1.88,8,0.125,1.63,2.12,N,,07/2013,Analyst
21-1094.00,1.A.3.c.1,Extent Flexibility,LV,1.38,8,0.2631,0.8594,1.8906,N,N,07/2013,Analyst
21-1094.00,1.A.3.c.2,Dynamic Flexibility,IM,1.0,8,0.0,1.0,1.0,N,,07/2013,Analyst
21-1094.00,1.A.3.c.2,Dynamic Flexibility,LV,0.0,8,0.0,0.0,0.0,N,Y,07/2013,Analyst
21-1094.00,1.A.3.c.3,Gross Body Coordination,IM,1.88,8,0.125,1.63,2.12,N,,07/2013,Analyst
21-1094.00,1.A.3.c.3,Gross Body Coordination,LV,1.62,8,0.2631,1.1094,2.1406,N,N,07/2013,Analyst
21-1094.00,1.A.3.c.4,Gross Body Equilibrium,IM,1.62,8,0.183,1.2664,1.9836,N,,07/2013,Analyst
21-1094.00,1.A.3.c.4,Gross Body Equilibrium,LV,1.0,8,0.3273,0.3584,1.6416,N,N,07/2013,Analyst
21-1094.00,1.A.4.a.1,Near Vision,IM,3.62,8,0.183,3.2664,3.9836,N,,07/2013,Analyst
21-1094.00,1.A.4.a.1,Near Vision,LV,3.38,8,0.183,3.0164,3.7336,N,N,07/2013,Analyst
21-1094.00,1.A.4.a.2,Far Vision,IM,2.75,8,0.3134,2.1358,3.3642,N,,07/2013,Analyst
21-1094.00,1.A.4.a.2,Far Vision,LV,2.62,8,0.4199,1.8019,3.4481,N,N,07/2013,Analyst
21-1094.00,1.A.4.a.3,Visual Color Discrimination,IM,2.38,8,0.183,2.0164,2.7336,N,,07/2013,Analyst
21-1094.00,1.A.4.a.3,Visual Color Discrimination,LV,2.5,8,0.2673,1.9762,3.0238,N,N,07/2013,Analyst
21-1094.00,1.A.4.a.4,Night Vision,IM,1.75,8,0.1637,1.4292,2.0708,N,,07/2013,Analyst
21-1094.00,1.A.4.a.4,Night Vision,LV,1.12,8,0.295,0.5467,1.7033,N,N,07/2013,Analyst
21-1094.00,1.A.4.a.5,Peripheral Vision,IM,1.75,8,0.1637,1.4292,2.0708,N,,07/2013,Analyst
21-1094.00,1.A.4.a.5,Peripheral Vision,LV,1.12,8,0.295,0.5467,1.7033,N,N,07/2013,Analyst
21-1094.00,1.A.4.a.6,Depth Perception,IM,2.25,8,0.1637,1.9292,2.5708,N,,07/2013,Analyst
21-1094.00,1.A.4.a.6,Depth Perception,LV,2.38,8,0.2631,1.8594,2.8906,N,N,07/2013,Analyst
21-1094.00,1.A.4.a.7,Glare Sensitivity,IM,1.62,8,0.183,1.2664,1.9836,N,,07/2013,Analyst
21-1094.00,1.A.4.a.7,Glare Sensitivity,LV,1.0,8,0.3273,0.3584,1.6416,N,N,07/2013,Analyst
21-1094.00,1.A.4.b.1,Hearing Sensitivity,IM,2.38,8,0.2631,1.8594,2.8906,N,,07/2013,Analyst
21-1094.00,1.A.4.b.1,Hearing Sensitivity,LV,1.88,8,0.3504,1.1883,2.5617,N,N,07/2013,Analyst
21-1094.00,1.A.4.b.2,Auditory Attention,IM,2.25,8,0.25,1.76,2.74,N,,07/2013,Analyst
21-1094.00,1.A.4.b.2,Auditory Attention,LV,1.75,8,0.3134,1.1358,2.3642,N,N,07/2013,Analyst
21-1094.00,1.A.4.b.3,Sound Localization,IM,1.62,8,0.183,1.2664,1.9836,N,,07/2013,Analyst
21-1094.00,1.A.4.b.3,Sound Localization,LV,1.0,8,0.3273,0.3584,1.6416,N,N,07/2013,Analyst
21-1094.00,1.A.4.b.4,Speech Recognition,IM,3.75,8,0.25,3.26,4.24,N,,07/2013,Analyst
21-1094.00,1.A.4.b.4,Speech Recognition,LV,3.5,8,0.2673,2.9762,4.0238,N,N,07/2013,Analyst
21-1094.00,1.A.4.b.5,Speech Clarity,IM,3.75,8,0.25,3.26,4.24,N,,07/2013,Analyst
21-1094.00,1.A.4.b.5,Speech Clarity,LV,3.88,8,0.295,3.2967,4.4533,N,N,07/2013,Analyst
21-2011.00,1.A.1.a.1,Oral Comprehension,IM,4.12,8,0.125,3.88,4.37,N,,08/2023,Analyst
21-2011.00,1.A.1.a.1,Oral Comprehension,LV,4.0,8,0.0,4.0,4.0,N,N,08/2023,Analyst
21-2011.00,1.A.1.a.2,Written Comprehension,IM,4.0,8,0.0,4.0,4.0,N,,08/2023,Analyst
21-2011.00,1.A.1.a.2,Written Comprehension,LV,4.0,8,0.0,4.0,4.0,N,N,08/2023,Analyst
21-2011.00,1.A.1.a.3,Oral Expression,IM,4.75,8,0.1637,4.4292,5.0,N,,08/2023,Analyst
21-2011.00,1.A.1.a.3,Oral Expression,LV,4.5,8,0.189,4.1296,4.8704,N,N,08/2023,Analyst
21-2011.00,1.A.1.a.4,Written Expression,IM,4.0,8,0.0,4.0,4.0,N,,08/2023,Analyst
21-2011.00,1.A.1.a.4,Written Expression,LV,4.0,8,0.0,4.0,4.0,N,N,08/2023,Analyst
21-2011.00,1.A.1.b.1,Fluency of Ideas,IM,3.88,8,0.125,3.63,4.12,N,,08/2023,Analyst
21-2011.00,1.A.1.b.1,Fluency of Ideas,LV,3.88,8,0.125,3.63,4.12,N,N,08/2023,Analyst
21-2011.00,1.A.1.b.2,Originality,IM,3.88,8,0.125,3.63,4.12,N,,08/2023,Analyst
21-2011.00,1.A.1.b.2,Originality,LV,3.88,8,0.125,3.63,4.12,N,N,08/2023,Analyst
21-2011.00,1.A.1.b.3,Problem Sensitivity,IM,4.0,8,0.0,4.0,4.0,N,,08/2023,Analyst
21-2011.00,1.A.1.b.3,Problem Sensitivity,LV,4.38,8,0.183,4.0164,4.7336,N,N,08/2023,Analyst
21-2011.00,1.A.1.b.4,Deductive Reasoning,IM,4.0,8,0.0,4.0,4.0,N,,08/2023,Analyst
21-2011.00,1.A.1.b.4,Deductive Reasoning,LV,4.0,8,0.0,4.0,4.0,N,N,08/2023,Analyst
21-2011.00,1.A.1.b.5,Inductive Reasoning,IM,4.0,8,0.0,4.0,4.0,N,,08/2023,Analyst
21-2011.00,1.A.1.b.5,Inductive Reasoning,LV,3.88,8,0.125,3.63,4.12,N,N,08/2023,Analyst
21-2011.00,1.A.1.b.6,Information Ordering,IM,3.75,8,0.1637,3.4292,4.0708,N,,08/2023,Analyst
21-2011.00,1.A.1.b.6,Information Ordering,LV,3.62,8,0.183,3.2664,3.9836,N,N,08/2023,Analyst
21-2011.00,1.A.1.b.7,Category Flexibility,IM,3.25,8,0.1637,2.9292,3.5708,N,,08/2023,Analyst
21-2011.00,1.A.1.b.7,Category Flexibility,LV,3.62,8,0.183,3.2664,3.9836,N,N,08/2023,Analyst
21-2011.00,1.A.1.c.1,Mathematical Reasoning,IM,1.75,8,0.25,1.26,2.24,N,,08/2023,Analyst
21-2011.00,1.A.1.c.1,Mathematical Reasoning,LV,1.62,8,0.4978,0.6494,2.6006,N,N,08/2023,Analyst
21-2011.00,1.A.1.c.2,Number Facility,IM,2.38,8,0.183,2.0164,2.7336,N,,08/2023,Analyst
21-2011.00,1.A.1.c.2,Number Facility,LV,2.5,8,0.2673,1.9762,3.0238,N,N,08/2023,Analyst
21-2011.00,1.A.1.d.1,Memorization,IM,3.12,8,0.2266,2.6809,3.5691,N,,08/2023,Analyst
21-2011.00,1.A.1.d.1,Memorization,LV,3.38,8,0.2631,2.8594,3.8906,N,N,08/2023,Analyst
21-2011.00,1.A.1.e.1,Speed of Closure,IM,2.75,8,0.1637,2.4292,3.0708,N,,08/2023,Analyst
21-2011.00,1.A.1.e.1,Speed of Closure,LV,2.88,8,0.125,2.63,3.12,N,N,08/2023,Analyst
21-2011.00,1.A.1.e.2,Flexibility of Closure,IM,3.0,8,0.0,3.0,3.0,N,,08/2023,Analyst
21-2011.00,1.A.1.e.2,Flexibility of Closure,LV,3.0,8,0.0,3.0,3.0,N,N,08/2023,Analyst
21-2011.00,1.A.1.e.3,Perceptual Speed,IM,2.5,8,0.189,2.1296,2.8704,N,,08/2023,Analyst
21-2011.00,1.A.1.e.3,Perceptual Speed,LV,2.38,8,0.183,2.0164,2.7336,N,N,08/2023,Analyst
21-2011.00,1.A.1.f.1,Spatial Orientation,IM,1.12,8,0.125,1.0,1.37,N,,08/2023,Analyst
21-2011.00,1.A.1.f.1,Spatial Orientation,LV,0.12,8,0.125,0.0,0.37,N,Y,08/2023,Analyst
21-2011.00,1.A.1.f.2,Visualization,IM,2.0,8,0.0,2.0,2.0,N,,08/2023,Analyst
21-2011.00,1.A.1.f.2,Visualization,LV,2.0,8,0.0,2.0,2.0,N,N,08/2023,Analyst
21-2011.00,1.A.1.g.1,Selective Attention,IM,3.38,8,0.183,3.0164,3.7336,N,,08/2023,Analyst
21-2011.00,1.A.1.g.1,Selective Attention,LV,3.12,8,0.125,2.88,3.37,N,N,08/2023,Analyst
21-2011.00,1.A.1.g.2,Time Sharing,IM,2.88,8,0.125,2.63,3.12,N,,08/2023,Analyst
21-2011.00,1.A.1.g.2,Time Sharing,LV,2.88,8,0.125,2.63,3.12,N,N,08/2023,Analyst
21-2011.00,1.A.2.a.1,Arm-Hand Steadiness,IM,1.0,8,0.0,1.0,1.0,N,,08/2023,Analyst
21-2011.00,1.A.2.a.1,Arm-Hand Steadiness,LV,0.0,8,0.0,0.0,0.0,N,Y,08/2023,Analyst
21-2011.00,1.A.2.a.2,Manual Dexterity,IM,1.25,8,0.1637,1.0,1.5708,N,,08/2023,Analyst
21-2011.00,1.A.2.a.2,Manual Dexterity,LV,0.25,8,0.1637,0.0,0.5708,N,Y,08/2023,Analyst
21-2011.00,1.A.2.a.3,Finger Dexterity,IM,1.38,8,0.183,1.0164,1.7336,N,,08/2023,Analyst
21-2011.00,1.A.2.a.3,Finger Dexterity,LV,0.38,8,0.183,0.0164,0.7336,N,N,08/2023,Analyst
21-2011.00,1.A.2.b.1,Control Precision,IM,1.0,8,0.0,1.0,1.0,N,,08/2023,Analyst
21-2011.00,1.A.2.b.1,Control Precision,LV,0.0,8,0.0,0.0,0.0,N,Y,08/2023,Analyst
21-2011.00,1.A.2.b.2,Multilimb Coordination,IM,1.25,8,0.1637,1.0,1.5708,N,,08/2023,Analyst
21-2011.00,1.A.2.b.2,Multilimb Coordination,LV,0.25,8,0.1637,0.0,0.5708,N,Y,08/2023,Analyst
21-2011.00,1.A.2.b.3,Response Orientation,IM,1.0,8,0.0,1.0,1.0,N,,08/2023,Analyst
21-2011.00,1.A.2.b.3,Response Orientation,LV,0.0,8,0.0,0.0,0.0,N,Y,08/2023,Analyst
21-2011.00,1.A.2.b.4,Rate Control,IM,1.0,8,0.0,1.0,1.0,N,,08/2023,Analyst
21-2011.00,1.A.2.b.4,Rate Control,LV,0.0,8,0.0,0.0,0.0,N,Y,08/2023,Analyst
21-2011.00,1.A.2.c.1,Reaction Time,IM,1.0,8,0.0,1.0,1.0,N,,08/2023,Analyst
21-2011.00,1.A.2.c.1,Reaction Time,LV,0.0,8,0.0,0.0,0.0,N,Y,08/2023,Analyst
21-2011.00,1.A.2.c.2,Wrist-Finger Speed,IM,1.75,8,0.1637,1.4292,2.0708,N,,08/2023,Analyst
21-2011.00,1.A.2.c.2,Wrist-Finger Speed,LV,0.75,8,0.1637,0.4292,1.0708,N,N,08/2023,Analyst
21-2011.00,1.A.2.c.3,Speed of Limb Movement,IM,1.0,8,0.0,1.0,1.0,N,,08/2023,Analyst
21-2011.00,1.A.2.c.3,Speed of Limb Movement,LV,0.0,8,0.0,0.0,0.0,N,Y,08/2023,Analyst
21-2011.00,1.A.3.a.1,Static Strength,IM,1.0,8,0.0,1.0,1.0,N,,08/2023,Analyst
21-2011.00,1.A.3.a.1,Static Strength,LV,0.0,8,0.0,0.0,0.0,N,Y,08/2023,Analyst
21-2011.00,1.A.3.a.2,Explosive Strength,IM,1.0,8,0.0,1.0,1.0,N,,08/2023,Analyst
21-2011.00,1.A.3.a.2,Explosive Strength,LV,0.0,8,0.0,0.0,0.0,N,Y,08/2023,Analyst
21-2011.00,1.A.3.a.3,Dynamic Strength,IM,1.0,8,0.0,1.0,1.0,N,,08/2023,Analyst
21-2011.00,1.A.3.a.3,Dynamic Strength,LV,0.0,8,0.0,0.0,0.0,N,Y,08/2023,Analyst
21-2011.00,1.A.3.a.4,Trunk Strength,IM,1.88,8,0.125,1.63,2.12,N,,08/2023,Analyst
21-2011.00,1.A.3.a.4,Trunk Strength,LV,1.75,8,0.25,1.26,2.24,N,N,08/2023,Analyst
21-2011.00,1.A.3.b.1,Stamina,IM,1.0,8,0.0,1.0,1.0,N,,08/2023,Analyst
21-2011.00,1.A.3.b.1,Stamina,LV,0.0,8,0.0,0.0,0.0,N,Y,08/2023,Analyst
21-2011.00,1.A.3.c.1,Extent Flexibility,IM,1.0,8,0.0,1.0,1.0,N,,08/2023,Analyst
21-2011.00,1.A.3.c.1,Extent Flexibility,LV,0.0,8,0.0,0.0,0.0,N,Y,08/2023,Analyst
21-2011.00,1.A.3.c.2,Dynamic Flexibility,IM,1.0,8,0.0,1.0,1.0,N,,08/2023,Analyst
21-2011.00,1.A.3.c.2,Dynamic Flexibility,LV,0.0,8,0.0,0.0,0.0,N,Y,08/2023,Analyst
21-2011.00,1.A.3.c.3,Gross Body Coordination,IM,1.0,8,0.0,1.0,1.0,N,,08/2023,Analyst
21-2011.00,1.A.3.c.3,Gross Body Coordination,LV,0.0,8,0.0,0.0,0.0,N,Y,08/2023,Analyst
21-2011.00,1.A.3.c.4,Gross Body Equilibrium,IM,1.0,8,0.0,1.0,1.0,N,,08/2023,Analyst
21-2011.00,1.A.3.c.4,Gross Body Equilibrium,LV,0.0,8,0.0,0.0,0.0,N,Y,08/2023,Analyst
21-2011.00,1.A.4.a.1,Near Vision,IM,3.38,8,0.183,3.0164,3.7336,N,,08/2023,Analyst
21-2011.00,1.A.4.a.1,Near Vision,LV,3.88,8,0.125,3.63,4.12,N,N,08/2023,Analyst
21-2011.00,1.A.4.a.2,Far Vision,IM,3.0,8,0.0,3.0,3.0,N,,08/2023,Analyst
21-2011.00,1.A.4.a.2,Far Vision,LV,3.0,8,0.0,3.0,3.0,N,N,08/2023,Analyst
21-2011.00,1.A.4.a.3,Visual Color Discrimination,IM,2.0,8,0.0,2.0,2.0,N,,08/2023,Analyst
21-2011.00,1.A.4.a.3,Visual Color Discrimination,LV,1.5,8,0.189,1.1296,1.8704,N,N,08/2023,Analyst
21-2011.00,1.A.4.a.4,Night Vision,IM,1.0,8,0.0,1.0,1.0,N,,08/2023,Analyst
21-2011.00,1.A.4.a.4,Night Vision,LV,0.0,8,0.0,0.0,0.0,N,Y,08/2023,Analyst
21-2011.00,1.A.4.a.5,Peripheral Vision,IM,1.0,8,0.0,1.0,1.0,N,,08/2023,Analyst
21-2011.00,1.A.4.a.5,Peripheral Vision,LV,0.0,8,0.0,0.0,0.0,N,Y,08/2023,Analyst
21-2011.00,1.A.4.a.6,Depth Perception,IM,1.0,8,0.0,1.0,1.0,N,,08/2023,Analyst
21-2011.00,1.A.4.a.6,Depth Perception,LV,0.0,8,0.0,0.0,0.0,N,Y,08/2023,Analyst
21-2011.00,1.A.4.a.7,Glare Sensitivity,IM,1.0,8,0.0,1.0,1.0,N,,08/2023,Analyst
21-2011.00,1.A.4.a.7,Glare Sensitivity,LV,0.0,8,0.0,0.0,0.0,N,Y,08/2023,Analyst
21-2011.00,1.A.4.b.1,Hearing Sensitivity,IM,1.88,8,0.125,1.63,2.12,N,,08/2023,Analyst
21-2011.00,1.A.4.b.1,Hearing Sensitivity,LV,1.62,8,0.2631,1.1094,2.1406,N,N,08/2023,Analyst
21-2011.00,1.A.4.b.2,Auditory Attention,IM,2.12,8,0.125,1.88,2.37,N,,08/2023,Analyst
21-2011.00,1.A.4.b.2,Auditory Attention,LV,1.88,8,0.125,1.63,2.12,N,N,08/2023,Analyst
21-2011.00,1.A.4.b.3,Sound Localization,IM,1.0,8,0.0,1.0,1.0,N,,08/2023,Analyst
21-2011.00,1.A.4.b.3,Sound Localization,LV,0.0,8,0.0,0.0,0.0,N,Y,08/2023,Analyst
21-2011.00,1.A.4.b.4,Speech Recognition,IM,4.0,8,0.0,4.0,4.0,N,,08/2023,Analyst
21-2011.00,1.A.4.b.4,Speech Recognition,LV,4.5,8,0.189,4.1296,4.8704,N,N,08/2023,Analyst
21-2011.00,1.A.4.b.5,Speech Clarity,IM,4.88,8,0.125,4.63,5.0,N,,08/2023,Analyst
21-2011.00,1.A.4.b.5,Speech Clarity,LV,5.5,8,0.2673,4.9762,6.0238,N,N,08/2023,Analyst
21-2021.00,1.A.1.a.1,Oral Comprehension,IM,3.88,8,0.125,3.63,4.12,N,,08/2023,Analyst
21-2021.00,1.A.1.a.1,Oral Comprehension,LV,4.0,8,0.0,4.0,4.0,N,N,08/2023,Analyst
21-2021.00,1.A.1.a.2,Written Comprehension,IM,4.0,8,0.0,4.0,4.0,N,,08/2023,Analyst
21-2021.00,1.A.1.a.2,Written Comprehension,LV,4.0,8,0.0,4.0,4.0,N,N,08/2023,Analyst
21-2021.00,1.A.1.a.3,Oral Expression,IM,4.0,8,0.0,4.0,4.0,N,,08/2023,Analyst
21-2021.00,1.A.1.a.3,Oral Expression,LV,4.12,8,0.125,3.88,4.37,N,N,08/2023,Analyst
21-2021.00,1.A.1.a.4,Written Expression,IM,4.0,8,0.0,4.0,4.0,N,,08/2023,Analyst
21-2021.00,1.A.1.a.4,Written Expression,LV,4.0,8,0.0,4.0,4.0,N,N,08/2023,Analyst
21-2021.00,1.A.1.b.1,Fluency of Ideas,IM,3.38,8,0.183,3.0164,3.7336,N,,08/2023,Analyst
21-2021.00,1.A.1.b.1,Fluency of Ideas,LV,3.62,8,0.183,3.2664,3.9836,N,N,08/2023,Analyst
21-2021.00,1.A.1.b.2,Originality,IM,3.38,8,0.183,3.0164,3.7336,N,,08/2023,Analyst
21-2021.00,1.A.1.b.2,Originality,LV,3.25,8,0.1637,2.9292,3.5708,N,N,08/2023,Analyst
21-2021.00,1.A.1.b.3,Problem Sensitivity,IM,3.62,8,0.183,3.2664,3.9836,N,,08/2023,Analyst
21-2021.00,1.A.1.b.3,Problem Sensitivity,LV,3.88,8,0.125,3.63,4.12,N,N,08/2023,Analyst
21-2021.00,1.A.1.b.4,Deductive Reasoning,IM,3.75,8,0.1637,3.4292,4.0708,N,,08/2023,Analyst
21-2021.00,1.A.1.b.4,Deductive Reasoning,LV,3.75,8,0.1637,3.4292,4.0708,N,N,08/2023,Analyst
21-2021.00,1.A.1.b.5,Inductive Reasoning,IM,3.38,8,0.183,3.0164,3.7336,N,,08/2023,Analyst
21-2021.00,1.A.1.b.5,Inductive Reasoning,LV,3.62,8,0.183,3.2664,3.9836,N,N,08/2023,Analyst
21-2021.00,1.A.1.b.6,Information Ordering,IM,3.25,8,0.1637,2.9292,3.5708,N,,08/2023,Analyst
21-2021.00,1.A.1.b.6,Information Ordering,LV,3.12,8,0.125,2.88,3.37,N,N,08/2023,Analyst
21-2021.00,1.A.1.b.7,Category Flexibility,IM,3.12,8,0.125,2.88,3.37,N,,08/2023,Analyst
21-2021.00,1.A.1.b.7,Category Flexibility,LV,3.0,8,0.0,3.0,3.0,N,N,08/2023,Analyst
21-2021.00,1.A.1.c.1,Mathematical Reasoning,IM,2.62,8,0.183,2.2664,2.9836,N,,08/2023,Analyst
21-2021.00,1.A.1.c.1,Mathematical Reasoning,LV,2.25,8,0.1637,1.9292,2.5708,N,N,08/2023,Analyst
21-2021.00,1.A.1.c.2,Number Facility,IM,2.75,8,0.1637,2.4292,3.0708,N,,08/2023,Analyst
21-2021.00,1.A.1.c.2,Number Facility,LV,2.62,8,0.183,2.2664,2.9836,N,N,08/2023,Analyst
21-2021.00,1.A.1.d.1,Memorization,IM,2.88,8,0.125,2.63,3.12,N,,08/2023,Analyst
21-2021.00,1.A.1.d.1,Memorization,LV,2.88,8,0.125,2.63,3.12,N,N,08/2023,Analyst
21-2021.00,1.A.1.e.1,Speed of Closure,IM,2.62,8,0.183,2.2664,2.9836,N,,08/2023,Analyst
21-2021.00,1.A.1.e.1,Speed of Closure,LV,2.75,8,0.1637,2.4292,3.0708,N,N,08/2023,Analyst
21-2021.00,1.A.1.e.2,Flexibility of Closure,IM,2.88,8,0.125,2.63,3.12,N,,08/2023,Analyst
21-2021.00,1.A.1.e.2,Flexibility of Closure,LV,2.75,8,0.1637,2.4292,3.0708,N,N,08/2023,Analyst
21-2021.00,1.A.1.e.3,Perceptual Speed,IM,2.25,8,0.1637,1.9292,2.5708,N,,08/2023,Analyst
21-2021.00,1.A.1.e.3,Perceptual Speed,LV,2.12,8,0.125,1.88,2.37,N,N,08/2023,Analyst
21-2021.00,1.A.1.f.1,Spatial Orientation,IM,1.12,8,0.125,1.0,1.37,N,,08/2023,Analyst
21-2021.00,1.A.1.f.1,Spatial Orientation,LV,0.12,8,0.125,0.0,0.37,N,Y,08/2023,Analyst
21-2021.00,1.A.1.f.2,Visualization,IM,2.5,8,0.189,2.1296,2.8704,N,,08/2023,Analyst
21-2021.00,1.A.1.f.2,Visualization,LV,2.62,8,0.183,2.2664,2.9836,N,N,08/2023,Analyst
21-2021.00,1.A.1.g.1,Selective Attention,IM,3.0,8,0.0,3.0,3.0,N,,08/2023,Analyst
21-2021.00,1.A.1.g.1,Selective Attention,LV,2.88,8,0.2266,2.4309,3.3191,N,N,08/2023,Analyst
21-2021.00,1.A.1.g.2,Time Sharing,IM,2.5,8,0.189,2.1296,2.8704,N,,08/2023,Analyst
21-2021.00,1.A.1.g.2,Time Sharing,LV,2.25,8,0.1637,1.9292,2.5708,N,N,08/2023,Analyst
21-2021.00,1.A.2.a.1,Arm-Hand Steadiness,IM,1.0,8,0.0,1.0,1.0,N,,08/2023,Analyst
21-2021.00,1.A.2.a.1,Arm-Hand Steadiness,LV,0.0,8,0.0,0.0,0.0,N,Y,08/2023,Analyst
21-2021.00,1.A.2.a.2,Manual Dexterity,IM,1.0,8,0.0,1.0,1.0,N,,08/2023,Analyst
21-2021.00,1.A.2.a.2,Manual Dexterity,LV,0.0,8,0.0,0.0,0.0,N,Y,08/2023,Analyst
21-2021.00,1.A.2.a.3,Finger Dexterity,IM,1.38,8,0.183,1.0164,1.7336,N,,08/2023,Analyst
21-2021.00,1.A.2.a.3,Finger Dexterity,LV,0.5,8,0.2673,0.0,1.0238,N,N,08/2023,Analyst
21-2021.00,1.A.2.b.1,Control Precision,IM,1.0,8,0.0,1.0,1.0,N,,08/2023,Analyst
21-2021.00,1.A.2.b.1,Control Precision,LV,0.0,8,0.0,0.0,0.0,N,Y,08/2023,Analyst
21-2021.00,1.A.2.b.2,Multilimb Coordination,IM,1.38,8,0.183,1.0164,1.7336,N,,08/2023,Analyst
21-2021.00,1.A.2.b.2,Multilimb Coordination,LV,0.38,8,0.183,0.0164,0.7336,N,N,08/2023,Analyst
21-2021.00,1.A.2.b.3,Response Orientation,IM,1.0,8,0.0,1.0,1.0,N,,08/2023,Analyst
21-2021.00,1.A.2.b.3,Response Orientation,LV,0.0,8,0.0,0.0,0.0,N,Y,08/2023,Analyst
21-2021.00,1.A.2.b.4,Rate Control,IM,1.0,8,0.0,1.0,1.0,N,,08/2023,Analyst
21-2021.00,1.A.2.b.4,Rate Control,LV,0.0,8,0.0,0.0,0.0,N,Y,08/2023,Analyst
21-2021.00,1.A.2.c.1,Reaction Time,IM,1.0,8,0.0,1.0,1.0,N,,08/2023,Analyst
21-2021.00,1.A.2.c.1,Reaction Time,LV,0.0,8,0.0,0.0,0.0,N,Y,08/2023,Analyst
21-2021.00,1.A.2.c.2,Wrist-Finger Speed,IM,1.5,8,0.189,1.1296,1.8704,N,,08/2023,Analyst
21-2021.00,1.A.2.c.2,Wrist-Finger Speed,LV,0.62,8,0.2631,0.1094,1.1406,N,N,08/2023,Analyst
21-2021.00,1.A.2.c.3,Speed of Limb Movement,IM,1.0,8,0.0,1.0,1.0,N,,08/2023,Analyst
21-2021.00,1.A.2.c.3,Speed of Limb Movement,LV,0.0,8,0.0,0.0,0.0,N,Y,08/2023,Analyst
21-2021.00,1.A.3.a.1,Static Strength,IM,1.25,8,0.1637,1.0,1.5708,N,,08/2023,Analyst
21-2021.00,1.A.3.a.1,Static Strength,LV,0.25,8,0.1637,0.0,0.5708,N,Y,08/2023,Analyst
21-2021.00,1.A.3.a.2,Explosive Strength,IM,1.25,8,0.1637,1.0,1.5708,N,,08/2023,Analyst
21-2021.00,1.A.3.a.2,Explosive Strength,LV,0.25,8,0.1637,0.0,0.5708,N,Y,08/2023,Analyst
21-2021.00,1.A.3.a.3,Dynamic Strength,IM,1.25,8,0.1637,1.0,1.5708,N,,08/2023,Analyst
21-2021.00,1.A.3.a.3,Dynamic Strength,LV,0.25,8,0.1637,0.0,0.5708,N,Y,08/2023,Analyst
21-2021.00,1.A.3.a.4,Trunk Strength,IM,2.12,8,0.125,1.88,2.37,N,,08/2023,Analyst
21-2021.00,1.A.3.a.4,Trunk Strength,LV,1.88,8,0.125,1.63,2.12,N,N,08/2023,Analyst
21-2021.00,1.A.3.b.1,Stamina,IM,1.25,8,0.1637,1.0,1.5708,N,,08/2023,Analyst
21-2021.00,1.A.3.b.1,Stamina,LV,0.25,8,0.1637,0.0,0.5708,N,Y,08/2023,Analyst
21-2021.00,1.A.3.c.1,Extent Flexibility,IM,1.12,8,0.125,1.0,1.37,N,,08/2023,Analyst
21-2021.00,1.A.3.c.1,Extent Flexibility,LV,0.12,8,0.125,0.0,0.37,N,Y,08/2023,Analyst
21-2021.00,1.A.3.c.2,Dynamic Flexibility,IM,1.12,8,0.125,1.0,1.37,N,,08/2023,Analyst
21-2021.00,1.A.3.c.2,Dynamic Flexibility,LV,0.12,8,0.125,0.0,0.37,N,Y,08/2023,Analyst
21-2021.00,1.A.3.c.3,Gross Body Coordination,IM,1.25,8,0.1637,1.0,1.5708,N,,08/2023,Analyst
21-2021.00,1.A.3.c.3,Gross Body Coordination,LV,0.25,8,0.1637,0.0,0.5708,N,Y,08/2023,Analyst
21-2021.00,1.A.3.c.4,Gross Body Equilibrium,IM,1.12,8,0.125,1.0,1.37,N,,08/2023,Analyst
21-2021.00,1.A.3.c.4,Gross Body Equilibrium,LV,0.12,8,0.125,0.0,0.37,N,Y,08/2023,Analyst
21-2021.00,1.A.4.a.1,Near Vision,IM,3.12,8,0.125,2.88,3.37,N,,08/2023,Analyst
21-2021.00,1.A.4.a.1,Near Vision,LV,3.62,8,0.183,3.2664,3.9836,N,N,08/2023,Analyst
21-2021.00,1.A.4.a.2,Far Vision,IM,2.88,8,0.125,2.63,3.12,N,,08/2023,Analyst
21-2021.00,1.A.4.a.2,Far Vision,LV,3.0,8,0.189,2.6296,3.3704,N,N,08/2023,Analyst
21-2021.00,1.A.4.a.3,Visual Color Discrimination,IM,2.0,8,0.0,2.0,2.0,N,,08/2023,Analyst
21-2021.00,1.A.4.a.3,Visual Color Discrimination,LV,1.38,8,0.2631,0.8594,1.8906,N,N,08/2023,Analyst
21-2021.00,1.A.4.a.4,Night Vision,IM,1.0,8,0.0,1.0,1.0,N,,08/2023,Analyst
21-2021.00,1.A.4.a.4,Night Vision,LV,0.0,8,0.0,0.0,0.0,N,Y,08/2023,Analyst
21-2021.00,1.A.4.a.5,Peripheral Vision,IM,1.0,8,0.0,1.0,1.0,N,,08/2023,Analyst
21-2021.00,1.A.4.a.5,Peripheral Vision,LV,0.0,8,0.0,0.0,0.0,N,Y,08/2023,Analyst
21-2021.00,1.A.4.a.6,Depth Perception,IM,2.0,8,0.0,2.0,2.0,N,,08/2023,Analyst
21-2021.00,1.A.4.a.6,Depth Perception,LV,1.12,8,0.125,0.88,1.37,N,N,08/2023,Analyst
21-2021.00,1.A.4.a.7,Glare Sensitivity,IM,1.0,8,0.0,1.0,1.0,N,,08/2023,Analyst
21-2021.00,1.A.4.a.7,Glare Sensitivity,LV,0.0,8,0.0,0.0,0.0,N,Y,08/2023,Analyst
21-2021.00,1.A.4.b.1,Hearing Sensitivity,IM,2.0,8,0.0,2.0,2.0,N,,08/2023,Analyst
21-2021.00,1.A.4.b.1,Hearing Sensitivity,LV,1.75,8,0.1637,1.4292,2.0708,N,N,08/2023,Analyst
21-2021.00,1.A.4.b.2,Auditory Attention,IM,2.0,8,0.0,2.0,2.0,N,,08/2023,Analyst
21-2021.00,1.A.4.b.2,Auditory Attention,LV,1.88,8,0.125,1.63,2.12,N,N,08/2023,Analyst
21-2021.00,1.A.4.b.3,Sound Localization,IM,1.0,8,0.0,1.0,1.0,N,,08/2023,Analyst
21-2021.00,1.A.4.b.3,Sound Localization,LV,0.0,8,0.0,0.0,0.0,N,Y,08/2023,Analyst
21-2021.00,1.A.4.b.4,Speech Recognition,IM,3.88,8,0.125,3.63,4.12,N,,08/2023,Analyst
21-2021.00,1.A.4.b.4,Speech Recognition,LV,3.75,8,0.1637,3.4292,4.0708,N,N,08/2023,Analyst
21-2021.00,1.A.4.b.5,Speech Clarity,IM,3.88,8,0.125,3.63,4.12,N,,08/2023,Analyst
21-2021.00,1.A.4.b.5,Speech Clarity,LV,4.0,8,0.0,4.0,4.0,N,N,08/2023,Analyst
23-1011.00,1.A.1.a.1,Oral Comprehension,IM,4.62,8,0.183,4.2664,4.9836,N,,08/2024,Analyst
23-1011.00,1.A.1.a.1,Oral Comprehension,LV,5.0,8,0.0,5.0,5.0,N,N,08/2024,Analyst
23-1011.00,1.A.1.a.2,Written Comprehension,IM,4.62,8,0.183,4.2664,4.9836,N,,08/2024,Analyst
23-1011.00,1.A.1.a.2,Written Comprehension,LV,5.0,8,0.0,5.0,5.0,N,N,08/2024,Analyst
23-1011.00,1.A.1.a.3,Oral Expression,IM,4.88,8,0.125,4.63,5.0,N,,08/2024,Analyst
23-1011.00,1.A.1.a.3,Oral Expression,LV,5.0,8,0.0,5.0,5.0,N,N,08/2024,Analyst
23-1011.00,1.A.1.a.4,Written Expression,IM,4.5,8,0.189,4.1296,4.8704,N,,08/2024,Analyst
23-1011.00,1.A.1.a.4,Written Expression,LV,5.0,8,0.0,5.0,5.0,N,N,08/2024,Analyst
23-1011.00,1.A.1.b.1,Fluency of Ideas,IM,3.75,8,0.1637,3.4292,4.0708,N,,08/2024,Analyst
23-1011.00,1.A.1.b.1,Fluency of Ideas,LV,4.25,8,0.1637,3.9292,4.5708,N,N,08/2024,Analyst
23-1011.00,1.A.1.b.2,Originality,IM,3.75,8,0.1637,3.4292,4.0708,N,,08/2024,Analyst
23-1011.00,1.A.1.b.2,Originality,LV,4.0,8,0.189,3.6296,4.3704,N,N,08/2024,Analyst
23-1011.00,1.A.1.b.3,Problem Sensitivity,IM,4.0,8,0.0,4.0,4.0,N,,08/2024,Analyst
23-1011.00,1.A.1.b.3,Problem Sensitivity,LV,4.0,8,0.0,4.0,4.0,N,N,08/2024,Analyst
23-1011.00,1.A.1.b.4,Deductive Reasoning,IM,4.12,8,0.125,3.88,4.37,N,,08/2024,Analyst
23-1011.00,1.A.1.b.4,Deductive Reasoning,LV,4.5,8,0.189,4.1296,4.8704,N,N,08/2024,Analyst
23-1011.00,1.A.1.b.5,Inductive Reasoning,IM,4.0,8,0.0,4.0,4.0,N,,08/2024,Analyst
23-1011.00,1.A.1.b.5,Inductive Reasoning,LV,4.25,8,0.1637,3.9292,4.5708,N,N,08/2024,Analyst
23-1011.00,1.A.1.b.6,Information Ordering,IM,3.88,8,0.125,3.63,4.12,N,,08/2024,Analyst
23-1011.00,1.A.1.b.6,Information Ordering,LV,4.12,8,0.125,3.88,4.37,N,N,08/2024,Analyst
23-1011.00,1.A.1.b.7,Category Flexibility,IM,3.75,8,0.1637,3.4292,4.0708,N,,08/2024,Analyst
23-1011.00,1.A.1.b.7,Category Flexibility,LV,4.0,8,0.0,4.0,4.0,N,N,08/2024,Analyst
23-1011.00,1.A.1.c.1,Mathematical Reasoning,IM,2.62,8,0.183,2.2664,2.9836,N,,08/2024,Analyst
23-1011.00,1.A.1.c.1,Mathematical Reasoning,LV,2.5,8,0.189,2.1296,2.8704,N,N,08/2024,Analyst
23-1011.00,1.A.1.c.2,Number Facility,IM,2.38,8,0.183,2.0164,2.7336,N,,08/2024,Analyst
23-1011.00,1.A.1.c.2,Number Facility,LV,2.38,8,0.183,2.0164,2.7336,N,N,08/2024,Analyst
23-1011.00,1.A.1.d.1,Memorization,IM,2.88,8,0.125,2.63,3.12,N,,08/2024,Analyst
23-1011.00,1.A.1.d.1,Memorization,LV,3.12,8,0.125,2.88,3.37,N,N,08/2024,Analyst
23-1011.00,1.A.1.e.1,Speed of Closure,IM,2.88,8,0.125,2.63,3.12,N,,08/2024,Analyst
23-1011.00,1.A.1.e.1,Speed of Closure,LV,2.88,8,0.125,2.63,3.12,N,N,08/2024,Analyst
23-1011.00,1.A.1.e.2,Flexibility of Closure,IM,3.0,8,0.189,2.6296,3.3704,N,,08/2024,Analyst
23-1011.00,1.A.1.e.2,Flexibility of Closure,LV,3.0,8,0.189,2.6296,3.3704,N,N,08/2024,Analyst
23-1011.00,1.A.1.e.3,Perceptual Speed,IM,2.62,8,0.183,2.2664,2.9836,N,,08/2024,Analyst
23-1011.00,1.A.1.e.3,Perceptual Speed,LV,2.62,8,0.183,2.2664,2.9836,N,N,08/2024,Analyst
23-1011.00,1.A.1.f.1,Spatial Orientation,IM,1.12,8,0.125,1.0,1.37,N,,08/2024,Analyst
23-1011.00,1.A.1.f.1,Spatial Orientation,LV,0.12,8,0.125,0.0,0.37,N,Y,08/2024,Analyst
23-1011.00,1.A.1.f.2,Visualization,IM,2.5,8,0.189,2.1296,2.8704,N,,08/2024,Analyst
23-1011.00,1.A.1.f.2,Visualization,LV,2.5,8,0.189,2.1296,2.8704,N,N,08/2024,Analyst
23-1011.00,1.A.1.g.1,Selective Attention,IM,3.25,8,0.1637,2.9292,3.5708,N,,08/2024,Analyst
23-1011.00,1.A.1.g.1,Selective Attention,LV,3.12,8,0.125,2.88,3.37,N,N,08/2024,Analyst
23-1011.00,1.A.1.g.2,Time Sharing,IM,2.88,8,0.2266,2.4309,3.3191,N,,08/2024,Analyst
23-1011.00,1.A.1.g.2,Time Sharing,LV,2.62,8,0.183,2.2664,2.9836,N,N,08/2024,Analyst
23-1011.00,1.A.2.a.1,Arm-Hand Steadiness,IM,1.12,8,0.125,1.0,1.37,N,,08/2024,Analyst
23-1011.00,1.A.2.a.1,Arm-Hand Steadiness,LV,0.12,8,0.125,0.0,0.37,N,Y,08/2024,Analyst
23-1011.00,1.A.2.a.2,Manual Dexterity,IM,1.12,8,0.125,1.0,1.37,N,,08/2024,Analyst
23-1011.00,1.A.2.a.2,Manual Dexterity,LV,0.12,8,0.125,0.0,0.37,N,Y,08/2024,Analyst
23-1011.00,1.A.2.a.3,Finger Dexterity,IM,1.75,8,0.1637,1.4292,2.0708,N,,08/2024,Analyst
23-1011.00,1.A.2.a.3,Finger Dexterity,LV,1.12,8,0.295,0.5467,1.7033,N,N,08/2024,Analyst
23-1011.00,1.A.2.b.1,Control Precision,IM,1.12,8,0.125,1.0,1.37,N,,08/2024,Analyst
23-1011.00,1.A.2.b.1,Control Precision,LV,0.12,8,0.125,0.0,0.37,N,Y,08/2024,Analyst
23-1011.00,1.A.2.b.2,Multilimb Coordination,IM,1.0,8,0.0,1.0,1.0,N,,08/2024,Analyst
23-1011.00,1.A.2.b.2,Multilimb Coordination,LV,0.0,8,0.0,0.0,0.0,N,Y,08/2024,Analyst
23-1011.00,1.A.2.b.3,Response Orientation,IM,1.0,8,0.0,1.0,1.0,N,,08/2024,Analyst
23-1011.00,1.A.2.b.3,Response Orientation,LV,0.0,8,0.0,0.0,0.0,N,Y,08/2024,Analyst
23-1011.00,1.A.2.b.4,Rate Control,IM,1.0,8,0.0,1.0,1.0,N,,08/2024,Analyst
23-1011.00,1.A.2.b.4,Rate Control,LV,0.0,8,0.0,0.0,0.0,N,Y,08/2024,Analyst
23-1011.00,1.A.2.c.1,Reaction Time,IM,1.0,8,0.0,1.0,1.0,N,,08/2024,Analyst
23-1011.00,1.A.2.c.1,Reaction Time,LV,0.0,8,0.0,0.0,0.0,N,Y,08/2024,Analyst
23-1011.00,1.A.2.c.2,Wrist-Finger Speed,IM,1.62,8,0.183,1.2664,1.9836,N,,08/2024,Analyst
23-1011.00,1.A.2.c.2,Wrist-Finger Speed,LV,0.62,8,0.183,0.2664,0.9836,N,N,08/2024,Analyst
23-1011.00,1.A.2.c.3,Speed of Limb Movement,IM,1.0,8,0.0,1.0,1.0,N,,08/2024,Analyst
23-1011.00,1.A.2.c.3,Speed of Limb Movement,LV,0.0,8,0.0,0.0,0.0,N,Y,08/2024,Analyst
23-1011.00,1.A.3.a.1,Static Strength,IM,1.0,8,0.0,1.0,1.0,N,,08/2024,Analyst
23-1011.00,1.A.3.a.1,Static Strength,LV,0.0,8,0.0,0.0,0.0,N,Y,08/2024,Analyst
23-1011.00,1.A.3.a.2,Explosive Strength,IM,1.0,8,0.0,1.0,1.0,N,,08/2024,Analyst
23-1011.00,1.A.3.a.2,Explosive Strength,LV,0.0,8,0.0,0.0,0.0,N,Y,08/2024,Analyst
23-1011.00,1.A.3.a.3,Dynamic Strength,IM,1.0,8,0.0,1.0,1.0,N,,08/2024,Analyst
23-1011.00,1.A.3.a.3,Dynamic Strength,LV,0.0,8,0.0,0.0,0.0,N,Y,08/2024,Analyst
23-1011.00,1.A.3.a.4,Trunk Strength,IM,1.75,8,0.1637,1.4292,2.0708,N,,08/2024,Analyst
23-1011.00,1.A.3.a.4,Trunk Strength,LV,1.12,8,0.295,0.5467,1.7033,N,N,08/2024,Analyst
23-1011.00,1.A.3.b.1,Stamina,IM,1.0,8,0.0,1.0,1.0,N,,08/2024,Analyst
23-1011.00,1.A.3.b.1,Stamina,LV,0.0,8,0.0,0.0,0.0,N,Y,08/2024,Analyst
23-1011.00,1.A.3.c.1,Extent Flexibility,IM,1.0,8,0.0,1.0,1.0,N,,08/2024,Analyst
23-1011.00,1.A.3.c.1,Extent Flexibility,LV,0.0,8,0.0,0.0,0.0,N,Y,08/2024,Analyst
23-1011.00,1.A.3.c.2,Dynamic Flexibility,IM,1.0,8,0.0,1.0,1.0,N,,08/2024,Analyst
23-1011.00,1.A.3.c.2,Dynamic Flexibility,LV,0.0,8,0.0,0.0,0.0,N,Y,08/2024,Analyst
23-1011.00,1.A.3.c.3,Gross Body Coordination,IM,1.0,8,0.0,1.0,1.0,N,,08/2024,Analyst
23-1011.00,1.A.3.c.3,Gross Body Coordination,LV,0.0,8,0.0,0.0,0.0,N,Y,08/2024,Analyst
23-1011.00,1.A.3.c.4,Gross Body Equilibrium,IM,1.0,8,0.0,1.0,1.0,N,,08/2024,Analyst
23-1011.00,1.A.3.c.4,Gross Body Equilibrium,LV,0.0,8,0.0,0.0,0.0,N,Y,08/2024,Analyst
23-1011.00,1.A.4.a.1,Near Vision,IM,3.75,8,0.1637,3.4292,4.0708,N,,08/2024,Analyst
23-1011.00,1.A.4.a.1,Near Vision,LV,4.62,8,0.183,4.2664,4.9836,N,N,08/2024,Analyst
23-1011.00,1.A.4.a.2,Far Vision,IM,2.75,8,0.1637,2.4292,3.0708,N,,08/2024,Analyst
23-1011.00,1.A.4.a.2,Far Vision,LV,3.0,8,0.0,3.0,3.0,N,N,08/2024,Analyst
23-1011.00,1.A.4.a.3,Visual Color Discrimination,IM,1.75,8,0.1637,1.4292,2.0708,N,,08/2024,Analyst
23-1011.00,1.A.4.a.3,Visual Color Discrimination,LV,1.5,8,0.3273,0.8584,2.1416,N,N,08/2024,Analyst
23-1011.00,1.A.4.a.4,Night Vision,IM,1.0,8,0.0,1.0,1.0,N,,08/2024,Analyst
23-1011.00,1.A.4.a.4,Night Vision,LV,0.0,8,0.0,0.0,0.0,N,Y,08/2024,Analyst
23-1011.00,1.A.4.a.5,Peripheral Vision,IM,1.0,8,0.0,1.0,1.0,N,,08/2024,Analyst
23-1011.00,1.A.4.a.5,Peripheral Vision,LV,0.0,8,0.0,0.0,0.0,N,Y,08/2024,Analyst
23-1011.00,1.A.4.a.6,Depth Perception,IM,1.5,8,0.189,1.1296,1.8704,N,,08/2024,Analyst
23-1011.00,1.A.4.a.6,Depth Perception,LV,0.62,8,0.2631,0.1094,1.1406,N,N,08/2024,Analyst
23-1011.00,1.A.4.a.7,Glare Sensitivity,IM,1.0,8,0.0,1.0,1.0,N,,08/2024,Analyst
23-1011.00,1.A.4.a.7,Glare Sensitivity,LV,0.0,8,0.0,0.0,0.0,N,Y,08/2024,Analyst
23-1011.00,1.A.4.b.1,Hearing Sensitivity,IM,1.75,8,0.1637,1.4292,2.0708,N,,08/2024,Analyst
23-1011.00,1.A.4.b.1,Hearing Sensitivity,LV,1.0,8,0.2673,0.4762,1.5238,N,N,08/2024,Analyst
23-1011.00,1.A.4.b.2,Auditory Attention,IM,2.12,8,0.125,1.88,2.37,N,,08/2024,Analyst
23-1011.00,1.A.4.b.2,Auditory Attention,LV,2.0,8,0.0,2.0,2.0,N,N,08/2024,Analyst
23-1011.00,1.A.4.b.3,Sound Localization,IM,1.0,8,0.0,1.0,1.0,N,,08/2024,Analyst
23-1011.00,1.A.4.b.3,Sound Localization,LV,0.0,8,0.0,0.0,0.0,N,Y,08/2024,Analyst
23-1011.00,1.A.4.b.4,Speech Recognition,IM,3.75,8,0.1637,3.4292,4.0708,N,,08/2024,Analyst
23-1011.00,1.A.4.b.4,Speech Recognition,LV,3.62,8,0.183,3.2664,3.9836,N,N,08/2024,Analyst
23-1011.00,1.A.4.b.5,Speech Clarity,IM,4.38,8,0.183,4.0164,4.7336,N,,08/2024,Analyst
23-1011.00,1.A.4.b.5,Speech Clarity,LV,4.75,8,0.25,4.26,5.24,N,N,08/2024,Analyst
23-1012.00,1.A.1.a.1,Oral Comprehension,IM,4.25,8,0.1637,3.9292,4.5708,N,,08/2021,Analyst
23-1012.00,1.A.1.a.1,Oral Comprehension,LV,4.75,8,0.25,4.26,5.24,N,N,08/2021,Analyst
23-1012.00,1.A.1.a.2,Written Comprehension,IM,4.5,8,0.189,4.1296,4.8704,N,,08/2021,Analyst
23-1012.00,1.A.1.a.2,Written Comprehension,LV,4.88,8,0.125,4.63,5.12,N,N,08/2021,Analyst
23-1012.00,1.A.1.a.3,Oral Expression,IM,4.12,8,0.125,3.88,4.37,N,,08/2021,Analyst
23-1012.00,1.A.1.a.3,Oral Expression,LV,4.38,8,0.183,4.0164,4.7336,N,N,08/2021,Analyst
23-1012.00,1.A.1.a.4,Written Expression,IM,4.25,8,0.1637,3.9292,4.5708,N,,08/2021,Analyst
23-1012.00,1.A.1.a.4,Written Expression,LV,4.5,8,0.189,4.1296,4.8704,N,N,08/2021,Analyst
23-1012.00,1.A.1.b.1,Fluency of Ideas,IM,3.0,8,0.0,3.0,3.0,N,,08/2021,Analyst
23-1012.00,1.A.1.b.1,Fluency of Ideas,LV,3.0,8,0.0,3.0,3.0,N,N,08/2021,Analyst
23-1012.00,1.A.1.b.2,Originality,IM,2.75,8,0.1637,2.4292,3.0708,N,,08/2021,Analyst
23-1012.00,1.A.1.b.2,Originality,LV,2.88,8,0.125,2.63,3.12,N,N,08/2021,Analyst
23-1012.00,1.A.1.b.3,Problem Sensitivity,IM,3.75,8,0.1637,3.4292,4.0708,N,,08/2021,Analyst
23-1012.00,1.A.1.b.3,Problem Sensitivity,LV,3.75,8,0.1637,3.4292,4.0708,N,N,08/2021,Analyst
23-1012.00,1.A.1.b.4,Deductive Reasoning,IM,3.75,8,0.1637,3.4292,4.0708,N,,08/2021,Analyst
23-1012.00,1.A.1.b.4,Deductive Reasoning,LV,4.0,8,0.189,3.6296,4.3704,N,N,08/2021,Analyst
23-1012.00,1.A.1.b.5,Inductive Reasoning,IM,3.88,8,0.2266,3.4309,4.3191,N,,08/2021,Analyst
23-1012.00,1.A.1.b.5,Inductive Reasoning,LV,4.0,8,0.189,3.6296,4.3704,N,N,08/2021,Analyst
23-1012.00,1.A.1.b.6,Information Ordering,IM,3.75,8,0.1637,3.4292,4.0708,N,,08/2021,Analyst
23-1012.00,1.A.1.b.6,Information Ordering,LV,3.62,8,0.183,3.2664,3.9836,N,N,08/2021,Analyst
23-1012.00,1.A.1.b.7,Category Flexibility,IM,3.5,8,0.189,3.1296,3.8704,N,,08/2021,Analyst
23-1012.00,1.A.1.b.7,Category Flexibility,LV,3.5,8,0.189,3.1296,3.8704,N,N,08/2021,Analyst
23-1012.00,1.A.1.c.1,Mathematical Reasoning,IM,2.5,8,0.189,2.1296,2.8704,N,,08/2021,Analyst
23-1012.00,1.A.1.c.1,Mathematical Reasoning,LV,2.88,8,0.125,2.63,3.12,N,N,08/2021,Analyst
23-1012.00,1.A.1.c.2,Number Facility,IM,2.5,8,0.189,2.1296,2.8704,N,,08/2021,Analyst
23-1012.00,1.A.1.c.2,Number Facility,LV,2.5,8,0.189,2.1296,2.8704,N,N,08/2021,Analyst
23-1012.00,1.A.1.d.1,Memorization,IM,2.62,8,0.183,2.2664,2.9836,N,,08/2021,Analyst
23-1012.00,1.A.1.d.1,Memorization,LV,2.88,8,0.125,2.63,3.12,N,N,08/2021,Analyst
23-1012.00,1.A.1.e.1,Speed of Closure,IM,2.25,8,0.1637,1.9292,2.5708,N,,08/2021,Analyst
23-1012.00,1.A.1.e.1,Speed of Closure,LV,2.5,8,0.189,2.1296,2.8704,N,N,08/2021,Analyst
23-1012.00,1.A.1.e.2,Flexibility of Closure,IM,2.75,8,0.1637,2.4292,3.0708,N,,08/2021,Analyst
23-1012.00,1.A.1.e.2,Flexibility of Closure,LV,3.0,8,0.189,2.6296,3.3704,N,N,08/2021,Analyst
23-1012.00,1.A.1.e.3,Perceptual Speed,IM,2.5,8,0.189,2.1296,2.8704,N,,08/2021,Analyst
23-1012.00,1.A.1.e.3,Perceptual Speed,LV,2.38,8,0.183,2.0164,2.7336,N,N,08/2021,Analyst
23-1012.00,1.A.1.f.1,Spatial Orientation,IM,1.0,8,0.0,1.0,1.0,N,,08/2021,Analyst
23-1012.00,1.A.1.f.1,Spatial Orientation,LV,0.0,8,0.0,0.0,0.0,N,Y,08/2021,Analyst
23-1012.00,1.A.1.f.2,Visualization,IM,1.88,8,0.125,1.63,2.12,N,,08/2021,Analyst
23-1012.00,1.A.1.f.2,Visualization,LV,1.88,8,0.295,1.2967,2.4533,N,N,08/2021,Analyst
23-1012.00,1.A.1.g.1,Selective Attention,IM,3.0,8,0.189,2.6296,3.3704,N,,08/2021,Analyst
23-1012.00,1.A.1.g.1,Selective Attention,LV,2.88,8,0.125,2.63,3.12,N,N,08/2021,Analyst
23-1012.00,1.A.1.g.2,Time Sharing,IM,2.38,8,0.2631,1.8594,2.8906,N,,08/2021,Analyst
23-1012.00,1.A.1.g.2,Time Sharing,LV,2.0,8,0.3273,1.3584,2.6416,N,N,08/2021,Analyst
23-1012.00,1.A.2.a.1,Arm-Hand Steadiness,IM,1.25,8,0.1637,1.0,1.5708,N,,08/2021,Analyst
23-1012.00,1.A.2.a.1,Arm-Hand Steadiness,LV,0.25,8,0.1637,0.0,0.5708,N,Y,08/2021,Analyst
23-1012.00,1.A.2.a.2,Manual Dexterity,IM,1.38,8,0.183,1.0164,1.7336,N,,08/2021,Analyst
23-1012.00,1.A.2.a.2,Manual Dexterity,LV,0.38,8,0.183,0.0164,0.7336,N,N,08/2021,Analyst
23-1012.00,1.A.2.a.3,Finger Dexterity,IM,1.88,8,0.125,1.63,2.12,N,,08/2021,Analyst
23-1012.00,1.A.2.a.3,Finger Dexterity,LV,1.5,8,0.2673,0.9762,2.0238,N,N,08/2021,Analyst
23-1012.00,1.A.2.b.1,Control Precision,IM,1.25,8,0.1637,1.0,1.5708,N,,08/2021,Analyst
23-1012.00,1.A.2.b.1,Control Precision,LV,0.38,8,0.2631,0.0,0.8906,N,Y,08/2021,Analyst
23-1012.00,1.A.2.b.2,Multilimb Coordination,IM,1.0,8,0.0,1.0,1.0,N,,08/2021,Analyst
23-1012.00,1.A.2.b.2,Multilimb Coordination,LV,0.0,8,0.0,0.0,0.0,N,Y,08/2021,Analyst
23-1012.00,1.A.2.b.3,Response Orientation,IM,1.0,8,0.0,1.0,1.0,N,,08/2021,Analyst
23-1012.00,1.A.2.b.3,Response Orientation,LV,0.0,8,0.0,0.0,0.0,N,Y,08/2021,Analyst
23-1012.00,1.A.2.b.4,Rate Control,IM,1.0,8,0.0,1.0,1.0,N,,08/2021,Analyst
23-1012.00,1.A.2.b.4,Rate Control,LV,0.0,8,0.0,0.0,0.0,N,Y,08/2021,Analyst
23-1012.00,1.A.2.c.1,Reaction Time,IM,1.0,8,0.0,1.0,1.0,N,,08/2021,Analyst
23-1012.00,1.A.2.c.1,Reaction Time,LV,0.0,8,0.0,0.0,0.0,N,Y,08/2021,Analyst
23-1012.00,1.A.2.c.2,Wrist-Finger Speed,IM,1.62,8,0.183,1.2664,1.9836,N,,08/2021,Analyst
23-1012.00,1.A.2.c.2,Wrist-Finger Speed,LV,0.75,8,0.25,0.26,1.24,N,N,08/2021,Analyst
23-1012.00,1.A.2.c.3,Speed of Limb Movement,IM,1.0,8,0.0,1.0,1.0,N,,08/2021,Analyst
23-1012.00,1.A.2.c.3,Speed of Limb Movement,LV,0.0,8,0.0,0.0,0.0,N,Y,08/2021,Analyst
23-1012.00,1.A.3.a.1,Static Strength,IM,1.0,8,0.0,1.0,1.0,N,,08/2021,Analyst
23-1012.00,1.A.3.a.1,Static Strength,LV,0.0,8,0.0,0.0,0.0,N,Y,08/2021,Analyst
23-1012.00,1.A.3.a.2,Explosive Strength,IM,1.0,8,0.0,1.0,1.0,N,,08/2021,Analyst
23-1012.00,1.A.3.a.2,Explosive Strength,LV,0.0,8,0.0,0.0,0.0,N,Y,08/2021,Analyst
23-1012.00,1.A.3.a.3,Dynamic Strength,IM,1.25,8,0.1637,1.0,1.5708,N,,08/2021,Analyst
23-1012.00,1.A.3.a.3,Dynamic Strength,LV,0.25,8,0.1637,0.0,0.5708,N,Y,08/2021,Analyst
23-1012.00,1.A.3.a.4,Trunk Strength,IM,1.5,8,0.189,1.1296,1.8704,N,,08/2021,Analyst
23-1012.00,1.A.3.a.4,Trunk Strength,LV,1.0,8,0.378,0.2592,1.7408,N,N,08/2021,Analyst
23-1012.00,1.A.3.b.1,Stamina,IM,1.0,8,0.0,1.0,1.0,N,,08/2021,Analyst
23-1012.00,1.A.3.b.1,Stamina,LV,0.0,8,0.0,0.0,0.0,N,Y,08/2021,Analyst
23-1012.00,1.A.3.c.1,Extent Flexibility,IM,1.0,8,0.0,1.0,1.0,N,,08/2021,Analyst
23-1012.00,1.A.3.c.1,Extent Flexibility,LV,0.0,8,0.0,0.0,0.0,N,Y,08/2021,Analyst
23-1012.00,1.A.3.c.2,Dynamic Flexibility,IM,1.0,8,0.0,1.0,1.0,N,,08/2021,Analyst
23-1012.00,1.A.3.c.2,Dynamic Flexibility,LV,0.0,8,0.0,0.0,0.0,N,Y,08/2021,Analyst
23-1012.00,1.A.3.c.3,Gross Body Coordination,IM,1.0,8,0.0,1.0,1.0,N,,08/2021,Analyst
23-1012.00,1.A.3.c.3,Gross Body Coordination,LV,0.0,8,0.0,0.0,0.0,N,Y,08/2021,Analyst
23-1012.00,1.A.3.c.4,Gross Body Equilibrium,IM,1.0,8,0.0,1.0,1.0,N,,08/2021,Analyst
23-1012.00,1.A.3.c.4,Gross Body Equilibrium,LV,0.0,8,0.0,0.0,0.0,N,Y,08/2021,Analyst
23-1012.00,1.A.4.a.1,Near Vision,IM,3.88,8,0.125,3.63,4.12,N,,08/2021,Analyst
23-1012.00,1.A.4.a.1,Near Vision,LV,4.25,8,0.25,3.76,4.74,N,N,08/2021,Analyst
23-1012.00,1.A.4.a.2,Far Vision,IM,2.88,8,0.125,2.63,3.12,N,,08/2021,Analyst
23-1012.00,1.A.4.a.2,Far Vision,LV,2.88,8,0.125,2.63,3.12,N,N,08/2021,Analyst
23-1012.00,1.A.4.a.3,Visual Color Discrimination,IM,2.5,8,0.189,2.1296,2.8704,N,,08/2021,Analyst
23-1012.00,1.A.4.a.3,Visual Color Discrimination,LV,2.25,8,0.1637,1.9292,2.5708,N,N,08/2021,Analyst
23-1012.00,1.A.4.a.4,Night Vision,IM,1.0,8,0.0,1.0,1.0,N,,08/2021,Analyst
23-1012.00,1.A.4.a.4,Night Vision,LV,0.0,8,0.0,0.0,0.0,N,Y,08/2021,Analyst
23-1012.00,1.A.4.a.5,Peripheral Vision,IM,1.0,8,0.0,1.0,1.0,N,,08/2021,Analyst
23-1012.00,1.A.4.a.5,Peripheral Vision,LV,0.0,8,0.0,0.0,0.0,N,Y,08/2021,Analyst
23-1012.00,1.A.4.a.6,Depth Perception,IM,1.0,8,0.0,1.0,1.0,N,,08/2021,Analyst
23-1012.00,1.A.4.a.6,Depth Perception,LV,0.0,8,0.0,0.0,0.0,N,Y,08/2021,Analyst
23-1012.00,1.A.4.a.7,Glare Sensitivity,IM,1.0,8,0.0,1.0,1.0,N,,08/2021,Analyst
23-1012.00,1.A.4.a.7,Glare Sensitivity,LV,0.0,8,0.0,0.0,0.0,N,Y,08/2021,Analyst
23-1012.00,1.A.4.b.1,Hearing Sensitivity,IM,1.75,8,0.1637,1.4292,2.0708,N,,08/2021,Analyst
23-1012.00,1.A.4.b.1,Hearing Sensitivity,LV,1.38,8,0.3239,0.7402,2.0098,N,N,08/2021,Analyst
23-1012.00,1.A.4.b.2,Auditory Attention,IM,2.0,8,0.189,1.6296,2.3704,N,,08/2021,Analyst
23-1012.00,1.A.4.b.2,Auditory Attention,LV,1.62,8,0.2631,1.1094,2.1406,N,N,08/2021,Analyst
23-1012.00,1.A.4.b.3,Sound Localization,IM,1.0,8,0.0,1.0,1.0,N,,08/2021,Analyst
23-1012.00,1.A.4.b.3,Sound Localization,LV,0.0,8,0.0,0.0,0.0,N,Y,08/2021,Analyst
23-1012.00,1.A.4.b.4,Speech Recognition,IM,3.88,8,0.125,3.63,4.12,N,,08/2021,Analyst
23-1012.00,1.A.4.b.4,Speech Recognition,LV,3.88,8,0.125,3.63,4.12,N,N,08/2021,Analyst
23-1012.00,1.A.4.b.5,Speech Clarity,IM,3.88,8,0.125,3.63,4.12,N,,08/2021,Analyst
23-1012.00,1.A.4.b.5,Speech Clarity,LV,3.88,8,0.125,3.63,4.12,N,N,08/2021,Analyst
23-1021.00,1.A.1.a.1,Oral Comprehension,IM,4.25,8,0.1637,3.9292,4.5708,N,,08/2020,Analyst
23-1021.00,1.A.1.a.1,Oral Comprehension,LV,5.0,8,0.0,5.0,5.0,N,N,08/2020,Analyst
23-1021.00,1.A.1.a.2,Written Comprehension,IM,4.25,8,0.1637,3.9292,4.5708,N,,08/2020,Analyst
23-1021.00,1.A.1.a.2,Written Comprehension,LV,5.0,8,0.0,5.0,5.0,N,N,08/2020,Analyst
23-1021.00,1.A.1.a.3,Oral Expression,IM,4.0,8,0.0,4.0,4.0,N,,08/2020,Analyst
23-1021.00,1.A.1.a.3,Oral Expression,LV,5.0,8,0.0,5.0,5.0,N,N,08/2020,Analyst
23-1021.00,1.A.1.a.4,Written Expression,IM,4.12,8,0.125,3.88,4.37,N,,08/2020,Analyst
23-1021.00,1.A.1.a.4,Written Expression,LV,5.0,8,0.0,5.0,5.0,N,N,08/2020,Analyst
23-1021.00,1.A.1.b.1,Fluency of Ideas,IM,2.88,8,0.125,2.63,3.12,N,,08/2020,Analyst
23-1021.00,1.A.1.b.1,Fluency of Ideas,LV,3.12,8,0.125,2.88,3.37,N,N,08/2020,Analyst
23-1021.00,1.A.1.b.2,Originality,IM,2.88,8,0.125,2.63,3.12,N,,08/2020,Analyst
23-1021.00,1.A.1.b.2,Originality,LV,3.0,8,0.0,3.0,3.0,N,N,08/2020,Analyst
23-1021.00,1.A.1.b.3,Problem Sensitivity,IM,4.0,8,0.0,4.0,4.0,N,,08/2020,Analyst
23-1021.00,1.A.1.b.3,Problem Sensitivity,LV,4.0,8,0.0,4.0,4.0,N,N,08/2020,Analyst
23-1021.00,1.A.1.b.4,Deductive Reasoning,IM,4.12,8,0.125,3.88,4.37,N,,08/2020,Analyst
23-1021.00,1.A.1.b.4,Deductive Reasoning,LV,4.75,8,0.1637,4.4292,5.0708,N,N,08/2020,Analyst
23-1021.00,1.A.1.b.5,Inductive Reasoning,IM,4.25,8,0.1637,3.9292,4.5708,N,,08/2020,Analyst
23-1021.00,1.A.1.b.5,Inductive Reasoning,LV,4.88,8,0.125,4.63,5.12,N,N,08/2020,Analyst
23-1021.00,1.A.1.b.6,Information Ordering,IM,3.75,8,0.1637,3.4292,4.0708,N,,08/2020,Analyst
23-1021.00,1.A.1.b.6,Information Ordering,LV,3.75,8,0.1637,3.4292,4.0708,N,N,08/2020,Analyst
23-1021.00,1.A.1.b.7,Category Flexibility,IM,3.12,8,0.125,2.88,3.37,N,,08/2020,Analyst
23-1021.00,1.A.1.b.7,Category Flexibility,LV,3.25,8,0.1637,2.9292,3.5708,N,N,08/2020,Analyst
23-1021.00,1.A.1.c.1,Mathematical Reasoning,IM,2.25,8,0.1637,1.9292,2.5708,N,,08/2020,Analyst
23-1021.00,1.A.1.c.1,Mathematical Reasoning,LV,2.38,8,0.183,2.0164,2.7336,N,N,08/2020,Analyst
23-1021.00,1.A.1.c.2,Number Facility,IM,2.12,8,0.125,1.88,2.37,N,,08/2020,Analyst
23-1021.00,1.A.1.c.2,Number Facility,LV,2.62,8,0.183,2.2664,2.9836,N,N,08/2020,Analyst
23-1021.00,1.A.1.d.1,Memorization,IM,2.62,8,0.183,2.2664,2.9836,N,,08/2020,Analyst
23-1021.00,1.A.1.d.1,Memorization,LV,2.75,8,0.1637,2.4292,3.0708,N,N,08/2020,Analyst
23-1021.00,1.A.1.e.1,Speed of Closure,IM,2.75,8,0.1637,2.4292,3.0708,N,,08/2020,Analyst
23-1021.00,1.A.1.e.1,Speed of Closure,LV,2.38,8,0.183,2.0164,2.7336,N,N,08/2020,Analyst
23-1021.00,1.A.1.e.2,Flexibility of Closure,IM,2.88,8,0.125,2.63,3.12,N,,08/2020,Analyst
23-1021.00,1.A.1.e.2,Flexibility of Closure,LV,2.88,8,0.125,2.63,3.12,N,N,08/2020,Analyst
23-1021.00,1.A.1.e.3,Perceptual Speed,IM,2.62,8,0.183,2.2664,2.9836,N,,08/2020,Analyst
23-1021.00,1.A.1.e.3,Perceptual Speed,LV,2.5,8,0.189,2.1296,2.8704,N,N,08/2020,Analyst
23-1021.00,1.A.1.f.1,Spatial Orientation,IM,1.0,8,0.0,1.0,1.0,N,,08/2020,Analyst
23-1021.00,1.A.1.f.1,Spatial Orientation,LV,0.0,8,0.0,0.0,0.0,N,Y,08/2020,Analyst
23-1021.00,1.A.1.f.2,Visualization,IM,1.75,8,0.1637,1.4292,2.0708,N,,08/2020,Analyst
23-1021.00,1.A.1.f.2,Visualization,LV,1.25,8,0.3134,0.6358,1.8642,N,N,08/2020,Analyst
23-1021.00,1.A.1.g.1,Selective Attention,IM,3.12,8,0.125,2.88,3.37,N,,08/2020,Analyst
23-1021.00,1.A.1.g.1,Selective Attention,LV,3.0,8,0.0,3.0,3.0,N,N,08/2020,Analyst
23-1021.00,1.A.1.g.2,Time Sharing,IM,2.75,8,0.1637,2.4292,3.0708,N,,08/2020,Analyst
23-1021.00,1.A.1.g.2,Time Sharing,LV,2.62,8,0.183,2.2664,2.9836,N,N,08/2020,Analyst
23-1021.00,1.A.2.a.1,Arm-Hand Steadiness,IM,1.75,8,0.1637,1.4292,2.0708,N,,08/2020,Analyst
23-1021.00,1.A.2.a.1,Arm-Hand Steadiness,LV,0.75,8,0.1637,0.4292,1.0708,N,N,08/2020,Analyst
23-1021.00,1.A.2.a.2,Manual Dexterity,IM,1.75,8,0.1637,1.4292,2.0708,N,,08/2020,Analyst
23-1021.00,1.A.2.a.2,Manual Dexterity,LV,0.75,8,0.1637,0.4292,1.0708,N,N,08/2020,Analyst
23-1021.00,1.A.2.a.3,Finger Dexterity,IM,1.88,8,0.125,1.63,2.12,N,,08/2020,Analyst
23-1021.00,1.A.2.a.3,Finger Dexterity,LV,1.5,8,0.2673,0.9762,2.0238,N,N,08/2020,Analyst
23-1021.00,1.A.2.b.1,Control Precision,IM,1.62,8,0.183,1.2664,1.9836,N,,08/2020,Analyst
23-1021.00,1.A.2.b.1,Control Precision,LV,0.62,8,0.183,0.2664,0.9836,N,N,08/2020,Analyst
23-1021.00,1.A.2.b.2,Multilimb Coordination,IM,1.0,8,0.0,1.0,1.0,N,,08/2020,Analyst
23-1021.00,1.A.2.b.2,Multilimb Coordination,LV,0.0,8,0.0,0.0,0.0,N,Y,08/2020,Analyst
23-1021.00,1.A.2.b.3,Response Orientation,IM,1.0,8,0.0,1.0,1.0,N,,08/2020,Analyst
23-1021.00,1.A.2.b.3,Response Orientation,LV,0.0,8,0.0,0.0,0.0,N,Y,08/2020,Analyst
23-1021.00,1.A.2.b.4,Rate Control,IM,1.0,8,0.0,1.0,1.0,N,,08/2020,Analyst
23-1021.00,1.A.2.b.4,Rate Control,LV,0.0,8,0.0,0.0,0.0,N,Y,08/2020,Analyst
23-1021.00,1.A.2.c.1,Reaction Time,IM,1.0,8,0.0,1.0,1.0,N,,08/2020,Analyst
23-1021.00,1.A.2.c.1,Reaction Time,LV,0.0,8,0.0,0.0,0.0,N,Y,08/2020,Analyst
23-1021.00,1.A.2.c.2,Wrist-Finger Speed,IM,1.25,8,0.1637,1.0,1.5708,N,,08/2020,Analyst
23-1021.00,1.A.2.c.2,Wrist-Finger Speed,LV,0.38,8,0.2631,0.0,0.8906,N,Y,08/2020,Analyst
23-1021.00,1.A.2.c.3,Speed of Limb Movement,IM,1.0,8,0.0,1.0,1.0,N,,08/2020,Analyst
23-1021.00,1.A.2.c.3,Speed of Limb Movement,LV,0.0,8,0.0,0.0,0.0,N,Y,08/2020,Analyst
23-1021.00,1.A.3.a.1,Static Strength,IM,1.0,8,0.0,1.0,1.0,N,,08/2020,Analyst
23-1021.00,1.A.3.a.1,Static Strength,LV,0.0,8,0.0,0.0,0.0,N,Y,08/2020,Analyst
23-1021.00,1.A.3.a.2,Explosive Strength,IM,1.0,8,0.0,1.0,1.0,N,,08/2020,Analyst
23-1021.00,1.A.3.a.2,Explosive Strength,LV,0.0,8,0.0,0.0,0.0,N,Y,08/2020,Analyst
23-1021.00,1.A.3.a.3,Dynamic Strength,IM,1.12,8,0.125,1.0,1.37,N,,08/2020,Analyst
23-1021.00,1.A.3.a.3,Dynamic Strength,LV,0.25,8,0.25,0.0,0.74,N,Y,08/2020,Analyst
23-1021.00,1.A.3.a.4,Trunk Strength,IM,1.38,8,0.183,1.0164,1.7336,N,,08/2020,Analyst
23-1021.00,1.A.3.a.4,Trunk Strength,LV,0.62,8,0.3239,0.0,1.2598,N,N,08/2020,Analyst
23-1021.00,1.A.3.b.1,Stamina,IM,1.0,8,0.0,1.0,1.0,N,,08/2020,Analyst
23-1021.00,1.A.3.b.1,Stamina,LV,0.0,8,0.0,0.0,0.0,N,Y,08/2020,Analyst
23-1021.00,1.A.3.c.1,Extent Flexibility,IM,1.0,8,0.0,1.0,1.0,N,,08/2020,Analyst
23-1021.00,1.A.3.c.1,Extent Flexibility,LV,0.0,8,0.0,0.0,0.0,N,Y,08/2020,Analyst
23-1021.00,1.A.3.c.2,Dynamic Flexibility,IM,1.0,8,0.0,1.0,1.0,N,,08/2020,Analyst
23-1021.00,1.A.3.c.2,Dynamic Flexibility,LV,0.0,8,0.0,0.0,0.0,N,Y,08/2020,Analyst
23-1021.00,1.A.3.c.3,Gross Body Coordination,IM,1.0,8,0.0,1.0,1.0,N,,08/2020,Analyst
23-1021.00,1.A.3.c.3,Gross Body Coordination,LV,0.0,8,0.0,0.0,0.0,N,Y,08/2020,Analyst
23-1021.00,1.A.3.c.4,Gross Body Equilibrium,IM,1.0,8,0.0,1.0,1.0,N,,08/2020,Analyst
23-1021.00,1.A.3.c.4,Gross Body Equilibrium,LV,0.0,8,0.0,0.0,0.0,N,Y,08/2020,Analyst
23-1021.00,1.A.4.a.1,Near Vision,IM,3.75,8,0.1637,3.4292,4.0708,N,,08/2020,Analyst
23-1021.00,1.A.4.a.1,Near Vision,LV,4.25,8,0.25,3.76,4.74,N,N,08/2020,Analyst
23-1021.00,1.A.4.a.2,Far Vision,IM,2.75,8,0.1637,2.4292,3.0708,N,,08/2020,Analyst
23-1021.00,1.A.4.a.2,Far Vision,LV,3.0,8,0.0,3.0,3.0,N,N,08/2020,Analyst
23-1021.00,1.A.4.a.3,Visual Color Discrimination,IM,1.88,8,0.125,1.63,2.12,N,,08/2020,Analyst
23-1021.00,1.A.4.a.3,Visual Color Discrimination,LV,1.0,8,0.189,0.6296,1.3704,N,N,08/2020,Analyst
23-1021.00,1.A.4.a.4,Night Vision,IM,1.0,8,0.0,1.0,1.0,N,,08/2020,Analyst
23-1021.00,1.A.4.a.4,Night Vision,LV,0.0,8,0.0,0.0,0.0,N,Y,08/2020,Analyst
23-1021.00,1.A.4.a.5,Peripheral Vision,IM,1.0,8,0.0,1.0,1.0,N,,08/2020,Analyst
23-1021.00,1.A.4.a.5,Peripheral Vision,LV,0.0,8,0.0,0.0,0.0,N,Y,08/2020,Analyst
23-1021.00,1.A.4.a.6,Depth Perception,IM,1.0,8,0.0,1.0,1.0,N,,08/2020,Analyst
23-1021.00,1.A.4.a.6,Depth Perception,LV,0.0,8,0.0,0.0,0.0,N,Y,08/2020,Analyst
23-1021.00,1.A.4.a.7,Glare Sensitivity,IM,1.0,8,0.0,1.0,1.0,N,,08/2020,Analyst
23-1021.00,1.A.4.a.7,Glare Sensitivity,LV,0.0,8,0.0,0.0,0.0,N,Y,08/2020,Analyst
23-1021.00,1.A.4.b.1,Hearing Sensitivity,IM,2.0,8,0.0,2.0,2.0,N,,08/2020,Analyst
23-1021.00,1.A.4.b.1,Hearing Sensitivity,LV,1.38,8,0.183,1.0164,1.7336,N,N,08/2020,Analyst
23-1021.00,1.A.4.b.2,Auditory Attention,IM,2.0,8,0.0,2.0,2.0,N,,08/2020,Analyst
23-1021.00,1.A.4.b.2,Auditory Attention,LV,2.0,8,0.0,2.0,2.0,N,N,08/2020,Analyst
23-1021.00,1.A.4.b.3,Sound Localization,IM,1.0,8,0.0,1.0,1.0,N,,08/2020,Analyst
23-1021.00,1.A.4.b.3,Sound Localization,LV,0.0,8,0.0,0.0,0.0,N,Y,08/2020,Analyst
23-1021.00,1.A.4.b.4,Speech Recognition,IM,3.75,8,0.1637,3.4292,4.0708,N,,08/2020,Analyst
23-1021.00,1.A.4.b.4,Speech Recognition,LV,4.0,8,0.0,4.0,4.0,N,N,08/2020,Analyst
23-1021.00,1.A.4.b.5,Speech Clarity,IM,3.88,8,0.125,3.63,4.12,N,,08/2020,Analyst
23-1021.00,1.A.4.b.5,Speech Clarity,LV,4.38,8,0.183,4.0164,4.7336,N,N,08/2020,Analyst
23-1022.00,1.A.1.a.1,Oral Comprehension,IM,4.12,8,0.2266,3.6809,4.5691,N,,08/2024,Analyst
23-1022.00,1.A.1.a.1,Oral Comprehension,LV,5.0,8,0.0,5.0,5.0,N,N,08/2024,Analyst
23-1022.00,1.A.1.a.2,Written Comprehension,IM,4.25,8,0.1637,3.9292,4.5708,N,,08/2024,Analyst
23-1022.00,1.A.1.a.2,Written Comprehension,LV,4.88,8,0.125,4.63,5.12,N,N,08/2024,Analyst
23-1022.00,1.A.1.a.3,Oral Expression,IM,4.12,8,0.125,3.88,4.37,N,,08/2024,Analyst
23-1022.00,1.A.1.a.3,Oral Expression,LV,5.0,8,0.0,5.0,5.0,N,N,08/2024,Analyst
23-1022.00,1.A.1.a.4,Written Expression,IM,4.25,8,0.1637,3.9292,4.5708,N,,08/2024,Analyst
23-1022.00,1.A.1.a.4,Written Expression,LV,4.75,8,0.1637,4.4292,5.0708,N,N,08/2024,Analyst
23-1022.00,1.A.1.b.1,Fluency of Ideas,IM,3.12,8,0.125,2.88,3.37,N,,08/2024,Analyst
23-1022.00,1.A.1.b.1,Fluency of Ideas,LV,3.5,8,0.189,3.1296,3.8704,N,N,08/2024,Analyst
23-1022.00,1.A.1.b.2,Originality,IM,3.0,8,0.0,3.0,3.0,N,,08/2024,Analyst
23-1022.00,1.A.1.b.2,Originality,LV,3.12,8,0.125,2.88,3.37,N,N,08/2024,Analyst
23-1022.00,1.A.1.b.3,Problem Sensitivity,IM,3.75,8,0.1637,3.4292,4.0708,N,,08/2024,Analyst
23-1022.00,1.A.1.b.3,Problem Sensitivity,LV,3.88,8,0.125,3.63,4.12,N,N,08/2024,Analyst
23-1022.00,1.A.1.b.4,Deductive Reasoning,IM,4.0,8,0.0,4.0,4.0,N,,08/2024,Analyst
23-1022.00,1.A.1.b.4,Deductive Reasoning,LV,4.12,8,0.125,3.88,4.37,N,N,08/2024,Analyst
23-1022.00,1.A.1.b.5,Inductive Reasoning,IM,4.0,8,0.0,4.0,4.0,N,,08/2024,Analyst
23-1022.00,1.A.1.b.5,Inductive Reasoning,LV,4.0,8,0.0,4.0,4.0,N,N,08/2024,Analyst
23-1022.00,1.A.1.b.6,Information Ordering,IM,3.12,8,0.125,2.88,3.37,N,,08/2024,Analyst
23-1022.00,1.A.1.b.6,Information Ordering,LV,3.25,8,0.1637,2.9292,3.5708,N,N,08/2024,Analyst
23-1022.00,1.A.1.b.7,Category Flexibility,IM,3.0,8,0.0,3.0,3.0,N,,08/2024,Analyst
23-1022.00,1.A.1.b.7,Category Flexibility,LV,3.0,8,0.0,3.0,3.0,N,N,08/2024,Analyst
23-1022.00,1.A.1.c.1,Mathematical Reasoning,IM,2.12,8,0.125,1.88,2.37,N,,08/2024,Analyst
23-1022.00,1.A.1.c.1,Mathematical Reasoning,LV,2.0,8,0.189,1.6296,2.3704,N,N,08/2024,Analyst
23-1022.00,1.A.1.c.2,Number Facility,IM,2.0,8,0.0,2.0,2.0,N,,08/2024,Analyst
23-1022.00,1.A.1.c.2,Number Facility,LV,2.0,8,0.0,2.0,2.0,N,N,08/2024,Analyst
23-1022.00,1.A.1.d.1,Memorization,IM,2.0,8,0.0,2.0,2.0,N,,08/2024,Analyst
23-1022.00,1.A.1.d.1,Memorization,LV,2.0,8,0.0,2.0,2.0,N,N,08/2024,Analyst
23-1022.00,1.A.1.e.1,Speed of Closure,IM,2.75,8,0.1637,2.4292,3.0708,N,,08/2024,Analyst
23-1022.00,1.A.1.e.1,Speed of Closure,LV,2.88,8,0.2266,2.4309,3.3191,N,N,08/2024,Analyst
23-1022.00,1.A.1.e.2,Flexibility of Closure,IM,2.88,8,0.125,2.63,3.12,N,,08/2024,Analyst
23-1022.00,1.A.1.e.2,Flexibility of Closure,LV,3.0,8,0.0,3.0,3.0,N,N,08/2024,Analyst
23-1022.00,1.A.1.e.3,Perceptual Speed,IM,2.0,8,0.0,2.0,2.0,N,,08/2024,Analyst
23-1022.00,1.A.1.e.3,Perceptual Speed,LV,1.88,8,0.125,1.63,2.12,N,N,08/2024,Analyst
23-1022.00,1.A.1.f.1,Spatial Orientation,IM,1.0,8,0.0,1.0,1.0,N,,08/2024,Analyst
23-1022.00,1.A.1.f.1,Spatial Orientation,LV,0.0,8,0.0,0.0,0.0,N,Y,08/2024,Analyst
23-1022.00,1.A.1.f.2,Visualization,IM,2.0,8,0.0,2.0,2.0,N,,08/2024,Analyst
23-1022.00,1.A.1.f.2,Visualization,LV,2.0,8,0.0,2.0,2.0,N,N,08/2024,Analyst
23-1022.00,1.A.1.g.1,Selective Attention,IM,3.25,8,0.1637,2.9292,3.5708,N,,08/2024,Analyst
23-1022.00,1.A.1.g.1,Selective Attention,LV,2.88,8,0.125,2.63,3.12,N,N,08/2024,Analyst
23-1022.00,1.A.1.g.2,Time Sharing,IM,2.5,8,0.189,2.1296,2.8704,N,,08/2024,Analyst
23-1022.00,1.A.1.g.2,Time Sharing,LV,2.0,8,0.0,2.0,2.0,N,N,08/2024,Analyst
23-1022.00,1.A.2.a.1,Arm-Hand Steadiness,IM,1.0,8,0.0,1.0,1.0,N,,08/2024,Analyst
23-1022.00,1.A.2.a.1,Arm-Hand Steadiness,LV,0.0,8,0.0,0.0,0.0,N,Y,08/2024,Analyst
23-1022.00,1.A.2.a.2,Manual Dexterity,IM,1.0,8,0.0,1.0,1.0,N,,08/2024,Analyst
23-1022.00,1.A.2.a.2,Manual Dexterity,LV,0.0,8,0.0,0.0,0.0,N,Y,08/2024,Analyst
23-1022.00,1.A.2.a.3,Finger Dexterity,IM,1.25,8,0.1637,1.0,1.5708,N,,08/2024,Analyst
23-1022.00,1.A.2.a.3,Finger Dexterity,LV,0.25,8,0.1637,0.0,0.5708,N,Y,08/2024,Analyst
23-1022.00,1.A.2.b.1,Control Precision,IM,1.0,8,0.0,1.0,1.0,N,,08/2024,Analyst
23-1022.00,1.A.2.b.1,Control Precision,LV,0.0,8,0.0,0.0,0.0,N,Y,08/2024,Analyst
23-1022.00,1.A.2.b.2,Multilimb Coordination,IM,1.0,8,0.0,1.0,1.0,N,,08/2024,Analyst
23-1022.00,1.A.2.b.2,Multilimb Coordination,LV,0.0,8,0.0,0.0,0.0,N,Y,08/2024,Analyst
23-1022.00,1.A.2.b.3,Response Orientation,IM,1.0,8,0.0,1.0,1.0,N,,08/2024,Analyst
23-1022.00,1.A.2.b.3,Response Orientation,LV,0.0,8,0.0,0.0,0.0,N,Y,08/2024,Analyst
23-1022.00,1.A.2.b.4,Rate Control,IM,1.0,8,0.0,1.0,1.0,N,,08/2024,Analyst
23-1022.00,1.A.2.b.4,Rate Control,LV,0.0,8,0.0,0.0,0.0,N,Y,08/2024,Analyst
23-1022.00,1.A.2.c.1,Reaction Time,IM,1.0,8,0.0,1.0,1.0,N,,08/2024,Analyst
23-1022.00,1.A.2.c.1,Reaction Time,LV,0.0,8,0.0,0.0,0.0,N,Y,08/2024,Analyst
23-1022.00,1.A.2.c.2,Wrist-Finger Speed,IM,1.5,8,0.189,1.1296,1.8704,N,,08/2024,Analyst
23-1022.00,1.A.2.c.2,Wrist-Finger Speed,LV,0.5,8,0.189,0.1296,0.8704,N,N,08/2024,Analyst
23-1022.00,1.A.2.c.3,Speed of Limb Movement,IM,1.0,8,0.0,1.0,1.0,N,,08/2024,Analyst
23-1022.00,1.A.2.c.3,Speed of Limb Movement,LV,0.0,8,0.0,0.0,0.0,N,Y,08/2024,Analyst
23-1022.00,1.A.3.a.1,Static Strength,IM,1.0,8,0.0,1.0,1.0,N,,08/2024,Analyst
23-1022.00,1.A.3.a.1,Static Strength,LV,0.0,8,0.0,0.0,0.0,N,Y,08/2024,Analyst
23-1022.00,1.A.3.a.2,Explosive Strength,IM,1.0,8,0.0,1.0,1.0,N,,08/2024,Analyst
23-1022.00,1.A.3.a.2,Explosive Strength,LV,0.0,8,0.0,0.0,0.0,N,Y,08/2024,Analyst
23-1022.00,1.A.3.a.3,Dynamic Strength,IM,1.0,8,0.0,1.0,1.0,N,,08/2024,Analyst
23-1022.00,1.A.3.a.3,Dynamic Strength,LV,0.0,8,0.0,0.0,0.0,N,Y,08/2024,Analyst
23-1022.00,1.A.3.a.4,Trunk Strength,IM,1.88,8,0.2266,1.4309,2.3191,N,,08/2024,Analyst
23-1022.00,1.A.3.a.4,Trunk Strength,LV,1.12,8,0.295,0.5467,1.7033,N,N,08/2024,Analyst
23-1022.00,1.A.3.b.1,Stamina,IM,1.0,8,0.0,1.0,1.0,N,,08/2024,Analyst
23-1022.00,1.A.3.b.1,Stamina,LV,0.0,8,0.0,0.0,0.0,N,Y,08/2024,Analyst
23-1022.00,1.A.3.c.1,Extent Flexibility,IM,1.0,8,0.0,1.0,1.0,N,,08/2024,Analyst
23-1022.00,1.A.3.c.1,Extent Flexibility,LV,0.0,8,0.0,0.0,0.0,N,Y,08/2024,Analyst
23-1022.00,1.A.3.c.2,Dynamic Flexibility,IM,1.0,8,0.0,1.0,1.0,N,,08/2024,Analyst
23-1022.00,1.A.3.c.2,Dynamic Flexibility,LV,0.0,8,0.0,0.0,0.0,N,Y,08/2024,Analyst
23-1022.00,1.A.3.c.3,Gross Body Coordination,IM,1.0,8,0.0,1.0,1.0,N,,08/2024,Analyst
23-1022.00,1.A.3.c.3,Gross Body Coordination,LV,0.0,8,0.0,0.0,0.0,N,Y,08/2024,Analyst
23-1022.00,1.A.3.c.4,Gross Body Equilibrium,IM,1.0,8,0.0,1.0,1.0,N,,08/2024,Analyst
23-1022.00,1.A.3.c.4,Gross Body Equilibrium,LV,0.0,8,0.0,0.0,0.0,N,Y,08/2024,Analyst
23-1022.00,1.A.4.a.1,Near Vision,IM,3.38,8,0.183,3.0164,3.7336,N,,08/2024,Analyst
23-1022.00,1.A.4.a.1,Near Vision,LV,4.0,8,0.2673,3.4762,4.5238,N,N,08/2024,Analyst
23-1022.00,1.A.4.a.2,Far Vision,IM,2.88,8,0.2266,2.4309,3.3191,N,,08/2024,Analyst
23-1022.00,1.A.4.a.2,Far Vision,LV,2.75,8,0.1637,2.4292,3.0708,N,N,08/2024,Analyst
23-1022.00,1.A.4.a.3,Visual Color Discrimination,IM,2.0,8,0.0,2.0,2.0,N,,08/2024,Analyst
23-1022.00,1.A.4.a.3,Visual Color Discrimination,LV,1.12,8,0.125,0.88,1.37,N,N,08/2024,Analyst
23-1022.00,1.A.4.a.4,Night Vision,IM,1.0,8,0.0,1.0,1.0,N,,08/2024,Analyst
23-1022.00,1.A.4.a.4,Night Vision,LV,0.0,8,0.0,0.0,0.0,N,Y,08/2024,Analyst
23-1022.00,1.A.4.a.5,Peripheral Vision,IM,1.0,8,0.0,1.0,1.0,N,,08/2024,Analyst
23-1022.00,1.A.4.a.5,Peripheral Vision,LV,0.0,8,0.0,0.0,0.0,N,Y,08/2024,Analyst
23-1022.00,1.A.4.a.6,Depth Perception,IM,1.12,8,0.125,1.0,1.37,N,,08/2024,Analyst
23-1022.00,1.A.4.a.6,Depth Perception,LV,0.25,8,0.25,0.0,0.74,N,Y,08/2024,Analyst
23-1022.00,1.A.4.a.7,Glare Sensitivity,IM,1.0,8,0.0,1.0,1.0,N,,08/2024,Analyst
23-1022.00,1.A.4.a.7,Glare Sensitivity,LV,0.0,8,0.0,0.0,0.0,N,Y,08/2024,Analyst
23-1022.00,1.A.4.b.1,Hearing Sensitivity,IM,2.0,8,0.0,2.0,2.0,N,,08/2024,Analyst
23-1022.00,1.A.4.b.1,Hearing Sensitivity,LV,1.12,8,0.125,0.88,1.37,N,N,08/2024,Analyst
23-1022.00,1.A.4.b.2,Auditory Attention,IM,1.88,8,0.125,1.63,2.12,N,,08/2024,Analyst
23-1022.00,1.A.4.b.2,Auditory Attention,LV,1.25,8,0.25,0.76,1.74,N,N,08/2024,Analyst
23-1022.00,1.A.4.b.3,Sound Localization,IM,1.0,8,0.0,1.0,1.0,N,,08/2024,Analyst
23-1022.00,1.A.4.b.3,Sound Localization,LV,0.0,8,0.0,0.0,0.0,N,Y,08/2024,Analyst
23-1022.00,1.A.4.b.4,Speech Recognition,IM,3.75,8,0.1637,3.4292,4.0708,N,,08/2024,Analyst
23-1022.00,1.A.4.b.4,Speech Recognition,LV,4.0,8,0.0,4.0,4.0,N,N,08/2024,Analyst
23-1022.00,1.A.4.b.5,Speech Clarity,IM,4.0,8,0.0,4.0,4.0,N,,08/2024,Analyst
23-1022.00,1.A.4.b.5,Speech Clarity,LV,4.0,8,0.0,4.0,4.0,N,N,08/2024,Analyst
23-1023.00,1.A.1.a.1,Oral Comprehension,IM,4.62,8,0.183,4.2664,4.9836,N,,08/2020,Analyst
23-1023.00,1.A.1.a.1,Oral Comprehension,LV,5.0,8,0.0,5.0,5.0,N,N,08/2020,Analyst
23-1023.00,1.A.1.a.2,Written Comprehension,IM,4.38,8,0.183,4.0164,4.7336,N,,08/2020,Analyst
23-1023.00,1.A.1.a.2,Written Comprehension,LV,5.0,8,0.0,5.0,5.0,N,N,08/2020,Analyst
23-1023.00,1.A.1.a.3,Oral Expression,IM,4.25,8,0.1637,3.9292,4.5708,N,,08/2020,Analyst
23-1023.00,1.A.1.a.3,Oral Expression,LV,5.0,8,0.189,4.6296,5.3704,N,N,08/2020,Analyst
23-1023.00,1.A.1.a.4,Written Expression,IM,4.12,8,0.125,3.88,4.37,N,,08/2020,Analyst
23-1023.00,1.A.1.a.4,Written Expression,LV,5.0,8,0.0,5.0,5.0,N,N,08/2020,Analyst
23-1023.00,1.A.1.b.1,Fluency of Ideas,IM,3.0,8,0.0,3.0,3.0,N,,08/2020,Analyst
23-1023.00,1.A.1.b.1,Fluency of Ideas,LV,3.75,8,0.1637,3.4292,4.0708,N,N,08/2020,Analyst
23-1023.00,1.A.1.b.2,Originality,IM,3.0,8,0.0,3.0,3.0,N,,08/2020,Analyst
23-1023.00,1.A.1.b.2,Originality,LV,3.12,8,0.125,2.88,3.37,N,N,08/2020,Analyst
23-1023.00,1.A.1.b.3,Problem Sensitivity,IM,4.0,8,0.0,4.0,4.0,N,,08/2020,Analyst
23-1023.00,1.A.1.b.3,Problem Sensitivity,LV,4.0,8,0.0,4.0,4.0,N,N,08/2020,Analyst
23-1023.00,1.A.1.b.4,Deductive Reasoning,IM,4.62,8,0.183,4.2664,4.9836,N,,08/2020,Analyst
23-1023.00,1.A.1.b.4,Deductive Reasoning,LV,5.0,8,0.0,5.0,5.0,N,N,08/2020,Analyst
23-1023.00,1.A.1.b.5,Inductive Reasoning,IM,4.25,8,0.1637,3.9292,4.5708,N,,08/2020,Analyst
23-1023.00,1.A.1.b.5,Inductive Reasoning,LV,5.0,8,0.0,5.0,5.0,N,N,08/2020,Analyst
23-1023.00,1.A.1.b.6,Information Ordering,IM,3.88,8,0.125,3.63,4.12,N,,08/2020,Analyst
23-1023.00,1.A.1.b.6,Information Ordering,LV,4.0,8,0.0,4.0,4.0,N,N,08/2020,Analyst
23-1023.00,1.A.1.b.7,Category Flexibility,IM,3.25,8,0.1637,2.9292,3.5708,N,,08/2020,Analyst
23-1023.00,1.A.1.b.7,Category Flexibility,LV,3.12,8,0.125,2.88,3.37,N,N,08/2020,Analyst
23-1023.00,1.A.1.c.1,Mathematical Reasoning,IM,2.12,8,0.125,1.88,2.37,N,,08/2020,Analyst
23-1023.00,1.A.1.c.1,Mathematical Reasoning,LV,2.62,8,0.183,2.2664,2.9836,N,N,08/2020,Analyst
23-1023.00,1.A.1.c.2,Number Facility,IM,2.0,8,0.0,2.0,2.0,N,,08/2020,Analyst
23-1023.00,1.A.1.c.2,Number Facility,LV,2.25,8,0.1637,1.9292,2.5708,N,N,08/2020,Analyst
23-1023.00,1.A.1.d.1,Memorization,IM,2.75,8,0.1637,2.4292,3.0708,N,,08/2020,Analyst
23-1023.00,1.A.1.d.1,Memorization,LV,2.88,8,0.125,2.63,3.12,N,N,08/2020,Analyst
23-1023.00,1.A.1.e.1,Speed of Closure,IM,2.88,8,0.2266,2.4309,3.3191,N,,08/2020,Analyst
23-1023.00,1.A.1.e.1,Speed of Closure,LV,3.0,8,0.189,2.6296,3.3704,N,N,08/2020,Analyst
23-1023.00,1.A.1.e.2,Flexibility of Closure,IM,2.88,8,0.125,2.63,3.12,N,,08/2020,Analyst
23-1023.00,1.A.1.e.2,Flexibility of Closure,LV,3.12,8,0.125,2.88,3.37,N,N,08/2020,Analyst
23-1023.00,1.A.1.e.3,Perceptual Speed,IM,2.75,8,0.1637,2.4292,3.0708,N,,08/2020,Analyst
23-1023.00,1.A.1.e.3,Perceptual Speed,LV,2.62,8,0.183,2.2664,2.9836,N,N,08/2020,Analyst
23-1023.00,1.A.1.f.1,Spatial Orientation,IM,1.0,8,0.0,1.0,1.0,N,,08/2020,Analyst
23-1023.00,1.A.1.f.1,Spatial Orientation,LV,0.0,8,0.0,0.0,0.0,N,Y,08/2020,Analyst
23-1023.00,1.A.1.f.2,Visualization,IM,2.0,8,0.0,2.0,2.0,N,,08/2020,Analyst
23-1023.00,1.A.1.f.2,Visualization,LV,1.88,8,0.2266,1.4309,2.3191,N,N,08/2020,Analyst
23-1023.00,1.A.1.g.1,Selective Attention,IM,3.0,8,0.0,3.0,3.0,N,,08/2020,Analyst
23-1023.00,1.A.1.g.1,Selective Attention,LV,3.0,8,0.0,3.0,3.0,N,N,08/2020,Analyst
23-1023.00,1.A.1.g.2,Time Sharing,IM,2.62,8,0.183,2.2664,2.9836,N,,08/2020,Analyst
23-1023.00,1.A.1.g.2,Time Sharing,LV,2.75,8,0.1637,2.4292,3.0708,N,N,08/2020,Analyst
23-1023.00,1.A.2.a.1,Arm-Hand Steadiness,IM,1.0,8,0.0,1.0,1.0,N,,08/2020,Analyst
23-1023.00,1.A.2.a.1,Arm-Hand Steadiness,LV,0.0,8,0.0,0.0,0.0,N,Y,08/2020,Analyst
23-1023.00,1.A.2.a.2,Manual Dexterity,IM,1.0,8,0.0,1.0,1.0,N,,08/2020,Analyst
23-1023.00,1.A.2.a.2,Manual Dexterity,LV,0.0,8,0.0,0.0,0.0,N,Y,08/2020,Analyst
23-1023.00,1.A.2.a.3,Finger Dexterity,IM,1.5,8,0.189,1.1296,1.8704,N,,08/2020,Analyst
23-1023.00,1.A.2.a.3,Finger Dexterity,LV,0.62,8,0.2631,0.1094,1.1406,N,N,08/2020,Analyst
23-1023.00,1.A.2.b.1,Control Precision,IM,1.0,8,0.0,1.0,1.0,N,,08/2020,Analyst
23-1023.00,1.A.2.b.1,Control Precision,LV,0.0,8,0.0,0.0,0.0,N,Y,08/2020,Analyst
23-1023.00,1.A.2.b.2,Multilimb Coordination,IM,1.0,8,0.0,1.0,1.0,N,,08/2020,Analyst
23-1023.00,1.A.2.b.2,Multilimb Coordination,LV,0.0,8,0.0,0.0,0.0,N,Y,08/2020,Analyst
23-1023.00,1.A.2.b.3,Response Orientation,IM,1.12,8,0.125,1.0,1.37,N,,08/2020,Analyst
23-1023.00,1.A.2.b.3,Response Orientation,LV,0.12,8,0.125,0.0,0.37,N,Y,08/2020,Analyst
23-1023.00,1.A.2.b.4,Rate Control,IM,1.0,8,0.0,1.0,1.0,N,,08/2020,Analyst
23-1023.00,1.A.2.b.4,Rate Control,LV,0.0,8,0.0,0.0,0.0,N,Y,08/2020,Analyst
23-1023.00,1.A.2.c.1,Reaction Time,IM,1.12,8,0.125,1.0,1.37,N,,08/2020,Analyst
23-1023.00,1.A.2.c.1,Reaction Time,LV,0.12,8,0.125,0.0,0.37,N,Y,08/2020,Analyst
23-1023.00,1.A.2.c.2,Wrist-Finger Speed,IM,1.0,8,0.0,1.0,1.0,N,,08/2020,Analyst
23-1023.00,1.A.2.c.2,Wrist-Finger Speed,LV,0.0,8,0.0,0.0,0.0,N,Y,08/2020,Analyst
23-1023.00,1.A.2.c.3,Speed of Limb Movement,IM,1.0,8,0.0,1.0,1.0,N,,08/2020,Analyst
23-1023.00,1.A.2.c.3,Speed of Limb Movement,LV,0.0,8,0.0,0.0,0.0,N,Y,08/2020,Analyst
23-1023.00,1.A.3.a.1,Static Strength,IM,1.12,8,0.125,1.0,1.37,N,,08/2020,Analyst
23-1023.00,1.A.3.a.1,Static Strength,LV,0.12,8,0.125,0.0,0.37,N,Y,08/2020,Analyst
23-1023.00,1.A.3.a.2,Explosive Strength,IM,1.0,8,0.0,1.0,1.0,N,,08/2020,Analyst
23-1023.00,1.A.3.a.2,Explosive Strength,LV,0.0,8,0.0,0.0,0.0,N,Y,08/2020,Analyst
23-1023.00,1.A.3.a.3,Dynamic Strength,IM,1.12,8,0.125,1.0,1.37,N,,08/2020,Analyst
23-1023.00,1.A.3.a.3,Dynamic Strength,LV,0.12,8,0.125,0.0,0.37,N,Y,08/2020,Analyst
23-1023.00,1.A.3.a.4,Trunk Strength,IM,1.12,8,0.125,1.0,1.37,N,,08/2020,Analyst
23-1023.00,1.A.3.a.4,Trunk Strength,LV,0.25,8,0.25,0.0,0.74,N,Y,08/2020,Analyst
23-1023.00,1.A.3.b.1,Stamina,IM,1.0,8,0.0,1.0,1.0,N,,08/2020,Analyst
23-1023.00,1.A.3.b.1,Stamina,LV,0.0,8,0.0,0.0,0.0,N,Y,08/2020,Analyst
23-1023.00,1.A.3.c.1,Extent Flexibility,IM,1.0,8,0.0,1.0,1.0,N,,08/2020,Analyst
23-1023.00,1.A.3.c.1,Extent Flexibility,LV,0.0,8,0.0,0.0,0.0,N,Y,08/2020,Analyst
23-1023.00,1.A.3.c.2,Dynamic Flexibility,IM,1.0,8,0.0,1.0,1.0,N,,08/2020,Analyst
23-1023.00,1.A.3.c.2,Dynamic Flexibility,LV,0.0,8,0.0,0.0,0.0,N,Y,08/2020,Analyst
23-1023.00,1.A.3.c.3,Gross Body Coordination,IM,1.38,8,0.183,1.0164,1.7336,N,,08/2020,Analyst
23-1023.00,1.A.3.c.3,Gross Body Coordination,LV,0.5,8,0.2673,0.0,1.0238,N,N,08/2020,Analyst
23-1023.00,1.A.3.c.4,Gross Body Equilibrium,IM,1.0,8,0.0,1.0,1.0,N,,08/2020,Analyst
23-1023.00,1.A.3.c.4,Gross Body Equilibrium,LV,0.0,8,0.0,0.0,0.0,N,Y,08/2020,Analyst
23-1023.00,1.A.4.a.1,Near Vision,IM,4.0,8,0.0,4.0,4.0,N,,08/2020,Analyst
23-1023.00,1.A.4.a.1,Near Vision,LV,4.5,8,0.189,4.1296,4.8704,N,N,08/2020,Analyst
23-1023.00,1.A.4.a.2,Far Vision,IM,2.38,8,0.183,2.0164,2.7336,N,,08/2020,Analyst
23-1023.00,1.A.4.a.2,Far Vision,LV,2.88,8,0.125,2.63,3.12,N,N,08/2020,Analyst
23-1023.00,1.A.4.a.3,Visual Color Discrimination,IM,2.0,8,0.0,2.0,2.0,N,,08/2020,Analyst
23-1023.00,1.A.4.a.3,Visual Color Discrimination,LV,1.12,8,0.125,0.88,1.37,N,N,08/2020,Analyst
23-1023.00,1.A.4.a.4,Night Vision,IM,1.0,8,0.0,1.0,1.0,N,,08/2020,Analyst
23-1023.00,1.A.4.a.4,Night Vision,LV,0.0,8,0.0,0.0,0.0,N,Y,08/2020,Analyst
23-1023.00,1.A.4.a.5,Peripheral Vision,IM,1.0,8,0.0,1.0,1.0,N,,08/2020,Analyst
23-1023.00,1.A.4.a.5,Peripheral Vision,LV,0.0,8,0.0,0.0,0.0,N,Y,08/2020,Analyst
23-1023.00,1.A.4.a.6,Depth Perception,IM,1.0,8,0.0,1.0,1.0,N,,08/2020,Analyst
23-1023.00,1.A.4.a.6,Depth Perception,LV,0.0,8,0.0,0.0,0.0,N,Y,08/2020,Analyst
23-1023.00,1.A.4.a.7,Glare Sensitivity,IM,1.0,8,0.0,1.0,1.0,N,,08/2020,Analyst
23-1023.00,1.A.4.a.7,Glare Sensitivity,LV,0.0,8,0.0,0.0,0.0,N,Y,08/2020,Analyst
23-1023.00,1.A.4.b.1,Hearing Sensitivity,IM,1.88,8,0.125,1.63,2.12,N,,08/2020,Analyst
23-1023.00,1.A.4.b.1,Hearing Sensitivity,LV,1.0,8,0.189,0.6296,1.3704,N,N,08/2020,Analyst
23-1023.00,1.A.4.b.2,Auditory Attention,IM,1.88,8,0.125,1.63,2.12,N,,08/2020,Analyst
23-1023.00,1.A.4.b.2,Auditory Attention,LV,1.25,8,0.25,0.76,1.74,N,N,08/2020,Analyst
23-1023.00,1.A.4.b.3,Sound Localization,IM,1.0,8,0.0,1.0,1.0,N,,08/2020,Analyst
23-1023.00,1.A.4.b.3,Sound Localization,LV,0.0,8,0.0,0.0,0.0,N,Y,08/2020,Analyst
23-1023.00,1.A.4.b.4,Speech Recognition,IM,4.0,8,0.0,4.0,4.0,N,,08/2020,Analyst
23-1023.00,1.A.4.b.4,Speech Recognition,LV,4.0,8,0.0,4.0,4.0,N,N,08/2020,Analyst
23-1023.00,1.A.4.b.5,Speech Clarity,IM,4.12,8,0.125,3.88,4.37,N,,08/2020,Analyst
23-1023.00,1.A.4.b.5,Speech Clarity,LV,4.38,8,0.183,4.0164,4.7336,N,N,08/2020,Analyst
23-2011.00,1.A.1.a.1,Oral Comprehension,IM,3.88,8,0.125,3.63,4.12,N,,08/2024,Analyst
23-2011.00,1.A.1.a.1,Oral Comprehension,LV,4.0,8,0.0,4.0,4.0,N,N,08/2024,Analyst
23-2011.00,1.A.1.a.2,Written Comprehension,IM,4.0,8,0.189,3.6296,4.3704,N,,08/2024,Analyst
23-2011.00,1.A.1.a.2,Written Comprehension,LV,4.0,8,0.0,4.0,4.0,N,N,08/2024,Analyst
23-2011.00,1.A.1.a.3,Oral Expression,IM,3.88,8,0.125,3.63,4.12,N,,08/2024,Analyst
23-2011.00,1.A.1.a.3,Oral Expression,LV,4.0,8,0.0,4.0,4.0,N,N,08/2024,Analyst
23-2011.00,1.A.1.a.4,Written Expression,IM,3.88,8,0.125,3.63,4.12,N,,08/2024,Analyst
23-2011.00,1.A.1.a.4,Written Expression,LV,4.0,8,0.0,4.0,4.0,N,N,08/2024,Analyst
23-2011.00,1.A.1.b.1,Fluency of Ideas,IM,2.75,8,0.1637,2.4292,3.0708,N,,08/2024,Analyst
23-2011.00,1.A.1.b.1,Fluency of Ideas,LV,2.88,8,0.125,2.63,3.12,N,N,08/2024,Analyst
23-2011.00,1.A.1.b.2,Originality,IM,2.62,8,0.183,2.2664,2.9836,N,,08/2024,Analyst
23-2011.00,1.A.1.b.2,Originality,LV,2.88,8,0.125,2.63,3.12,N,N,08/2024,Analyst
23-2011.00,1.A.1.b.3,Problem Sensitivity,IM,3.5,8,0.189,3.1296,3.8704,N,,08/2024,Analyst
23-2011.00,1.A.1.b.3,Problem Sensitivity,LV,3.0,8,0.0,3.0,3.0,N,N,08/2024,Analyst
23-2011.00,1.A.1.b.4,Deductive Reasoning,IM,3.25,8,0.1637,2.9292,3.5708,N,,08/2024,Analyst
23-2011.00,1.A.1.b.4,Deductive Reasoning,LV,3.0,8,0.0,3.0,3.0,N,N,08/2024,Analyst
23-2011.00,1.A.1.b.5,Inductive Reasoning,IM,3.25,8,0.1637,2.9292,3.5708,N,,08/2024,Analyst
23-2011.00,1.A.1.b.5,Inductive Reasoning,LV,3.0,8,0.0,3.0,3.0,N,N,08/2024,Analyst
23-2011.00,1.A.1.b.6,Information Ordering,IM,3.12,8,0.125,2.88,3.37,N,,08/2024,Analyst
23-2011.00,1.A.1.b.6,Information Ordering,LV,3.0,8,0.0,3.0,3.0,N,N,08/2024,Analyst
23-2011.00,1.A.1.b.7,Category Flexibility,IM,3.0,8,0.0,3.0,3.0,N,,08/2024,Analyst
23-2011.00,1.A.1.b.7,Category Flexibility,LV,3.0,8,0.0,3.0,3.0,N,N,08/2024,Analyst
23-2011.00,1.A.1.c.1,Mathematical Reasoning,IM,2.0,8,0.0,2.0,2.0,N,,08/2024,Analyst
23-2011.00,1.A.1.c.1,Mathematical Reasoning,LV,2.0,8,0.0,2.0,2.0,N,N,08/2024,Analyst
23-2011.00,1.A.1.c.2,Number Facility,IM,2.0,8,0.0,2.0,2.0,N,,08/2024,Analyst
23-2011.00,1.A.1.c.2,Number Facility,LV,2.25,8,0.1637,1.9292,2.5708,N,N,08/2024,Analyst
23-2011.00,1.A.1.d.1,Memorization,IM,2.62,8,0.183,2.2664,2.9836,N,,08/2024,Analyst
23-2011.00,1.A.1.d.1,Memorization,LV,2.62,8,0.183,2.2664,2.9836,N,N,08/2024,Analyst
23-2011.00,1.A.1.e.1,Speed of Closure,IM,2.0,8,0.0,2.0,2.0,N,,08/2024,Analyst
23-2011.00,1.A.1.e.1,Speed of Closure,LV,2.0,8,0.0,2.0,2.0,N,N,08/2024,Analyst
23-2011.00,1.A.1.e.2,Flexibility of Closure,IM,2.88,8,0.125,2.63,3.12,N,,08/2024,Analyst
23-2011.00,1.A.1.e.2,Flexibility of Closure,LV,2.88,8,0.125,2.63,3.12,N,N,08/2024,Analyst
23-2011.00,1.A.1.e.3,Perceptual Speed,IM,2.88,8,0.125,2.63,3.12,N,,08/2024,Analyst
23-2011.00,1.A.1.e.3,Perceptual Speed,LV,2.88,8,0.125,2.63,3.12,N,N,08/2024,Analyst
23-2011.00,1.A.1.f.1,Spatial Orientation,IM,1.0,8,0.0,1.0,1.0,N,,08/2024,Analyst
23-2011.00,1.A.1.f.1,Spatial Orientation,LV,0.0,8,0.0,0.0,0.0,N,Y,08/2024,Analyst
23-2011.00,1.A.1.f.2,Visualization,IM,2.0,8,0.0,2.0,2.0,N,,08/2024,Analyst
23-2011.00,1.A.1.f.2,Visualization,LV,2.0,8,0.0,2.0,2.0,N,N,08/2024,Analyst
23-2011.00,1.A.1.g.1,Selective Attention,IM,2.88,8,0.125,2.63,3.12,N,,08/2024,Analyst
23-2011.00,1.A.1.g.1,Selective Attention,LV,2.88,8,0.125,2.63,3.12,N,N,08/2024,Analyst
23-2011.00,1.A.1.g.2,Time Sharing,IM,2.12,8,0.125,1.88,2.37,N,,08/2024,Analyst
23-2011.00,1.A.1.g.2,Time Sharing,LV,2.12,8,0.125,1.88,2.37,N,N,08/2024,Analyst
23-2011.00,1.A.2.a.1,Arm-Hand Steadiness,IM,1.5,8,0.189,1.1296,1.8704,N,,08/2024,Analyst
23-2011.00,1.A.2.a.1,Arm-Hand Steadiness,LV,0.5,8,0.189,0.1296,0.8704,N,N,08/2024,Analyst
23-2011.00,1.A.2.a.2,Manual Dexterity,IM,1.88,8,0.125,1.63,2.12,N,,08/2024,Analyst
23-2011.00,1.A.2.a.2,Manual Dexterity,LV,1.0,8,0.189,0.6296,1.3704,N,N,08/2024,Analyst
23-2011.00,1.A.2.a.3,Finger Dexterity,IM,2.0,8,0.0,2.0,2.0,N,,08/2024,Analyst
23-2011.00,1.A.2.a.3,Finger Dexterity,LV,1.38,8,0.183,1.0164,1.7336,N,N,08/2024,Analyst
23-2011.00,1.A.2.b.1,Control Precision,IM,1.38,8,0.183,1.0164,1.7336,N,,08/2024,Analyst
23-2011.00,1.A.2.b.1,Control Precision,LV,0.38,8,0.183,0.0164,0.7336,N,N,08/2024,Analyst
23-2011.00,1.A.2.b.2,Multilimb Coordination,IM,1.0,8,0.0,1.0,1.0,N,,08/2024,Analyst
23-2011.00,1.A.2.b.2,Multilimb Coordination,LV,0.0,8,0.0,0.0,0.0,N,Y,08/2024,Analyst
23-2011.00,1.A.2.b.3,Response Orientation,IM,1.0,8,0.0,1.0,1.0,N,,08/2024,Analyst
23-2011.00,1.A.2.b.3,Response Orientation,LV,0.0,8,0.0,0.0,0.0,N,Y,08/2024,Analyst
23-2011.00,1.A.2.b.4,Rate Control,IM,1.0,8,0.0,1.0,1.0,N,,08/2024,Analyst
23-2011.00,1.A.2.b.4,Rate Control,LV,0.0,8,0.0,0.0,0.0,N,Y,08/2024,Analyst
23-2011.00,1.A.2.c.1,Reaction Time,IM,1.0,8,0.0,1.0,1.0,N,,08/2024,Analyst
23-2011.00,1.A.2.c.1,Reaction Time,LV,0.0,8,0.0,0.0,0.0,N,Y,08/2024,Analyst
23-2011.00,1.A.2.c.2,Wrist-Finger Speed,IM,1.88,8,0.125,1.63,2.12,N,,08/2024,Analyst
23-2011.00,1.A.2.c.2,Wrist-Finger Speed,LV,1.0,8,0.189,0.6296,1.3704,N,N,08/2024,Analyst
23-2011.00,1.A.2.c.3,Speed of Limb Movement,IM,1.0,8,0.0,1.0,1.0,N,,08/2024,Analyst
23-2011.00,1.A.2.c.3,Speed of Limb Movement,LV,0.0,8,0.0,0.0,0.0,N,Y,08/2024,Analyst
23-2011.00,1.A.3.a.1,Static Strength,IM,1.0,8,0.0,1.0,1.0,N,,08/2024,Analyst
23-2011.00,1.A.3.a.1,Static Strength,LV,0.0,8,0.0,0.0,0.0,N,Y,08/2024,Analyst
23-2011.00,1.A.3.a.2,Explosive Strength,IM,1.0,8,0.0,1.0,1.0,N,,08/2024,Analyst
23-2011.00,1.A.3.a.2,Explosive Strength,LV,0.0,8,0.0,0.0,0.0,N,Y,08/2024,Analyst
23-2011.00,1.A.3.a.3,Dynamic Strength,IM,1.12,8,0.125,1.0,1.37,N,,08/2024,Analyst
23-2011.00,1.A.3.a.3,Dynamic Strength,LV,0.12,8,0.125,0.0,0.37,N,Y,08/2024,Analyst
23-2011.00,1.A.3.a.4,Trunk Strength,IM,1.88,8,0.125,1.63,2.12,N,,08/2024,Analyst
23-2011.00,1.A.3.a.4,Trunk Strength,LV,1.25,8,0.25,0.76,1.74,N,N,08/2024,Analyst
23-2011.00,1.A.3.b.1,Stamina,IM,1.0,8,0.0,1.0,1.0,N,,08/2024,Analyst
23-2011.00,1.A.3.b.1,Stamina,LV,0.0,8,0.0,0.0,0.0,N,Y,08/2024,Analyst
23-2011.00,1.A.3.c.1,Extent Flexibility,IM,1.0,8,0.0,1.0,1.0,N,,08/2024,Analyst
23-2011.00,1.A.3.c.1,Extent Flexibility,LV,0.0,8,0.0,0.0,0.0,N,Y,08/2024,Analyst
23-2011.00,1.A.3.c.2,Dynamic Flexibility,IM,1.0,8,0.0,1.0,1.0,N,,08/2024,Analyst
23-2011.00,1.A.3.c.2,Dynamic Flexibility,LV,0.0,8,0.0,0.0,0.0,N,Y,08/2024,Analyst
23-2011.00,1.A.3.c.3,Gross Body Coordination,IM,1.0,8,0.0,1.0,1.0,N,,08/2024,Analyst
23-2011.00,1.A.3.c.3,Gross Body Coordination,LV,0.0,8,0.0,0.0,0.0,N,Y,08/2024,Analyst
23-2011.00,1.A.3.c.4,Gross Body Equilibrium,IM,1.0,8,0.0,1.0,1.0,N,,08/2024,Analyst
23-2011.00,1.A.3.c.4,Gross Body Equilibrium,LV,0.0,8,0.0,0.0,0.0,N,Y,08/2024,Analyst
23-2011.00,1.A.4.a.1,Near Vision,IM,3.75,8,0.1637,3.4292,4.0708,N,,08/2024,Analyst
23-2011.00,1.A.4.a.1,Near Vision,LV,4.62,8,0.183,4.2664,4.9836,N,N,08/2024,Analyst
23-2011.00,1.A.4.a.2,Far Vision,IM,2.75,8,0.1637,2.4292,3.0708,N,,08/2024,Analyst
23-2011.00,1.A.4.a.2,Far Vision,LV,3.0,8,0.189,2.6296,3.3704,N,N,08/2024,Analyst
23-2011.00,1.A.4.a.3,Visual Color Discrimination,IM,2.0,8,0.0,2.0,2.0,N,,08/2024,Analyst
23-2011.00,1.A.4.a.3,Visual Color Discrimination,LV,1.62,8,0.2631,1.1094,2.1406,N,N,08/2024,Analyst
23-2011.00,1.A.4.a.4,Night Vision,IM,1.0,8,0.0,1.0,1.0,N,,08/2024,Analyst
23-2011.00,1.A.4.a.4,Night Vision,LV,0.0,8,0.0,0.0,0.0,N,Y,08/2024,Analyst
23-2011.00,1.A.4.a.5,Peripheral Vision,IM,1.0,8,0.0,1.0,1.0,N,,08/2024,Analyst
23-2011.00,1.A.4.a.5,Peripheral Vision,LV,0.0,8,0.0,0.0,0.0,N,Y,08/2024,Analyst
23-2011.00,1.A.4.a.6,Depth Perception,IM,1.0,8,0.0,1.0,1.0,N,,08/2024,Analyst
23-2011.00,1.A.4.a.6,Depth Perception,LV,0.0,8,0.0,0.0,0.0,N,Y,08/2024,Analyst
23-2011.00,1.A.4.a.7,Glare Sensitivity,IM,1.0,8,0.0,1.0,1.0,N,,08/2024,Analyst
23-2011.00,1.A.4.a.7,Glare Sensitivity,LV,0.0,8,0.0,0.0,0.0,N,Y,08/2024,Analyst
23-2011.00,1.A.4.b.1,Hearing Sensitivity,IM,1.88,8,0.125,1.63,2.12,N,,08/2024,Analyst
23-2011.00,1.A.4.b.1,Hearing Sensitivity,LV,0.88,8,0.125,0.63,1.12,N,N,08/2024,Analyst
23-2011.00,1.A.4.b.2,Auditory Attention,IM,2.0,8,0.0,2.0,2.0,N,,08/2024,Analyst
23-2011.00,1.A.4.b.2,Auditory Attention,LV,1.75,8,0.1637,1.4292,2.0708,N,N,08/2024,Analyst
23-2011.00,1.A.4.b.3,Sound Localization,IM,1.0,8,0.0,1.0,1.0,N,,08/2024,Analyst
23-2011.00,1.A.4.b.3,Sound Localization,LV,0.0,8,0.0,0.0,0.0,N,Y,08/2024,Analyst
23-2011.00,1.A.4.b.4,Speech Recognition,IM,3.75,8,0.1637,3.4292,4.0708,N,,08/2024,Analyst
23-2011.00,1.A.4.b.4,Speech Recognition,LV,3.75,8,0.1637,3.4292,4.0708,N,N,08/2024,Analyst
23-2011.00,1.A.4.b.5,Speech Clarity,IM,3.75,8,0.1637,3.4292,4.0708,N,,08/2024,Analyst
23-2011.00,1.A.4.b.5,Speech Clarity,LV,3.25,8,0.1637,2.9292,3.5708,N,N,08/2024,Analyst
23-2093.00,1.A.1.a.1,Oral Comprehension,IM,4.0,8,0.0,4.0,4.0,N,,07/2017,Analyst
23-2093.00,1.A.1.a.1,Oral Comprehension,LV,4.0,8,0.0,4.0,4.0,N,N,07/2017,Analyst
23-2093.00,1.A.1.a.2,Written Comprehension,IM,4.0,8,0.189,3.6296,4.3704,N,,07/2017,Analyst
23-2093.00,1.A.1.a.2,Written Comprehension,LV,4.0,8,0.0,4.0,4.0,N,N,07/2017,Analyst
23-2093.00,1.A.1.a.3,Oral Expression,IM,4.0,8,0.0,4.0,4.0,N,,07/2017,Analyst
23-2093.00,1.A.1.a.3,Oral Expression,LV,4.0,8,0.0,4.0,4.0,N,N,07/2017,Analyst
23-2093.00,1.A.1.a.4,Written Expression,IM,3.75,8,0.25,3.26,4.24,N,,07/2017,Analyst
23-2093.00,1.A.1.a.4,Written Expression,LV,3.75,8,0.1637,3.4292,4.0708,N,N,07/2017,Analyst
23-2093.00,1.A.1.b.1,Fluency of Ideas,IM,2.25,8,0.1637,1.9292,2.5708,N,,07/2017,Analyst
23-2093.00,1.A.1.b.1,Fluency of Ideas,LV,2.0,8,0.189,1.6296,2.3704,N,N,07/2017,Analyst
23-2093.00,1.A.1.b.2,Originality,IM,2.12,8,0.125,1.88,2.37,N,,07/2017,Analyst
23-2093.00,1.A.1.b.2,Originality,LV,1.88,8,0.125,1.63,2.12,N,N,07/2017,Analyst
23-2093.00,1.A.1.b.3,Problem Sensitivity,IM,3.25,8,0.1637,2.9292,3.5708,N,,07/2017,Analyst
23-2093.00,1.A.1.b.3,Problem Sensitivity,LV,2.88,8,0.125,2.63,3.12,N,N,07/2017,Analyst
23-2093.00,1.A.1.b.4,Deductive Reasoning,IM,3.5,8,0.189,3.1296,3.8704,N,,07/2017,Analyst
23-2093.00,1.A.1.b.4,Deductive Reasoning,LV,3.38,8,0.183,3.0164,3.7336,N,N,07/2017,Analyst
23-2093.00,1.A.1.b.5,Inductive Reasoning,IM,3.25,8,0.1637,2.9292,3.5708,N,,07/2017,Analyst
23-2093.00,1.A.1.b.5,Inductive Reasoning,LV,3.12,8,0.125,2.88,3.37,N,N,07/2017,Analyst
23-2093.00,1.A.1.b.6,Information Ordering,IM,3.0,8,0.0,3.0,3.0,N,,07/2017,Analyst
23-2093.00,1.A.1.b.6,Information Ordering,LV,3.0,8,0.0,3.0,3.0,N,N,07/2017,Analyst
23-2093.00,1.A.1.b.7,Category Flexibility,IM,2.88,8,0.125,2.63,3.12,N,,07/2017,Analyst
23-2093.00,1.A.1.b.7,Category Flexibility,LV,3.12,8,0.125,2.88,3.37,N,N,07/2017,Analyst
23-2093.00,1.A.1.c.1,Mathematical Reasoning,IM,2.12,8,0.125,1.88,2.37,N,,07/2017,Analyst
23-2093.00,1.A.1.c.1,Mathematical Reasoning,LV,2.0,8,0.0,2.0,2.0,N,N,07/2017,Analyst
23-2093.00,1.A.1.c.2,Number Facility,IM,2.0,8,0.0,2.0,2.0,N,,07/2017,Analyst
23-2093.00,1.A.1.c.2,Number Facility,LV,2.12,8,0.125,1.88,2.37,N,N,07/2017,Analyst
23-2093.00,1.A.1.d.1,Memorization,IM,2.0,8,0.0,2.0,2.0,N,,07/2017,Analyst
23-2093.00,1.A.1.d.1,Memorization,LV,2.0,8,0.0,2.0,2.0,N,N,07/2017,Analyst
23-2093.00,1.A.1.e.1,Speed of Closure,IM,2.12,8,0.125,1.88,2.37,N,,07/2017,Analyst
23-2093.00,1.A.1.e.1,Speed of Closure,LV,1.62,8,0.183,1.2664,1.9836,N,N,07/2017,Analyst
23-2093.00,1.A.1.e.2,Flexibility of Closure,IM,3.0,8,0.189,2.6296,3.3704,N,,07/2017,Analyst
23-2093.00,1.A.1.e.2,Flexibility of Closure,LV,2.75,8,0.1637,2.4292,3.0708,N,N,07/2017,Analyst
23-2093.00,1.A.1.e.3,Perceptual Speed,IM,2.5,8,0.2673,1.9762,3.0238,N,,07/2017,Analyst
23-2093.00,1.A.1.e.3,Perceptual Speed,LV,2.38,8,0.183,2.0164,2.7336,N,N,07/2017,Analyst
23-2093.00,1.A.1.f.1,Spatial Orientation,IM,1.0,8,0.0,1.0,1.0,N,,07/2017,Analyst
23-2093.00,1.A.1.f.1,Spatial Orientation,LV,0.0,8,0.0,0.0,0.0,N,Y,07/2017,Analyst
23-2093.00,1.A.1.f.2,Visualization,IM,2.12,8,0.125,1.88,2.37,N,,07/2017,Analyst
23-2093.00,1.A.1.f.2,Visualization,LV,1.75,8,0.25,1.26,2.24,N,N,07/2017,Analyst
23-2093.00,1.A.1.g.1,Selective Attention,IM,2.75,8,0.1637,2.4292,3.0708,N,,07/2017,Analyst
23-2093.00,1.A.1.g.1,Selective Attention,LV,2.75,8,0.1637,2.4292,3.0708,N,N,07/2017,Analyst
23-2093.00,1.A.1.g.2,Time Sharing,IM,2.0,8,0.189,1.6296,2.3704,N,,07/2017,Analyst
23-2093.00,1.A.1.g.2,Time Sharing,LV,1.88,8,0.295,1.2967,2.4533,N,N,07/2017,Analyst
23-2093.00,1.A.2.a.1,Arm-Hand Steadiness,IM,1.5,8,0.189,1.1296,1.8704,N,,07/2017,Analyst
23-2093.00,1.A.2.a.1,Arm-Hand Steadiness,LV,0.62,8,0.2631,0.1094,1.1406,N,N,07/2017,Analyst
23-2093.00,1.A.2.a.2,Manual Dexterity,IM,1.62,8,0.183,1.2664,1.9836,N,,07/2017,Analyst
23-2093.00,1.A.2.a.2,Manual Dexterity,LV,0.75,8,0.25,0.26,1.24,N,N,07/2017,Analyst
23-2093.00,1.A.2.a.3,Finger Dexterity,IM,2.0,8,0.0,2.0,2.0,N,,07/2017,Analyst
23-2093.00,1.A.2.a.3,Finger Dexterity,LV,1.38,8,0.183,1.0164,1.7336,N,N,07/2017,Analyst
23-2093.00,1.A.2.b.1,Control Precision,IM,1.62,8,0.183,1.2664,1.9836,N,,07/2017,Analyst
23-2093.00,1.A.2.b.1,Control Precision,LV,0.75,8,0.25,0.26,1.24,N,N,07/2017,Analyst
23-2093.00,1.A.2.b.2,Multilimb Coordination,IM,1.0,8,0.0,1.0,1.0,N,,07/2017,Analyst
23-2093.00,1.A.2.b.2,Multilimb Coordination,LV,0.0,8,0.0,0.0,0.0,N,Y,07/2017,Analyst
23-2093.00,1.A.2.b.3,Response Orientation,IM,1.0,8,0.0,1.0,1.0,N,,07/2017,Analyst
23-2093.00,1.A.2.b.3,Response Orientation,LV,0.0,8,0.0,0.0,0.0,N,Y,07/2017,Analyst
23-2093.00,1.A.2.b.4,Rate Control,IM,1.0,8,0.0,1.0,1.0,N,,07/2017,Analyst
23-2093.00,1.A.2.b.4,Rate Control,LV,0.0,8,0.0,0.0,0.0,N,Y,07/2017,Analyst
23-2093.00,1.A.2.c.1,Reaction Time,IM,1.0,8,0.0,1.0,1.0,N,,07/2017,Analyst
23-2093.00,1.A.2.c.1,Reaction Time,LV,0.0,8,0.0,0.0,0.0,N,Y,07/2017,Analyst
23-2093.00,1.A.2.c.2,Wrist-Finger Speed,IM,1.5,8,0.189,1.1296,1.8704,N,,07/2017,Analyst
23-2093.00,1.A.2.c.2,Wrist-Finger Speed,LV,0.62,8,0.2631,0.1094,1.1406,N,N,07/2017,Analyst
23-2093.00,1.A.2.c.3,Speed of Limb Movement,IM,1.0,8,0.0,1.0,1.0,N,,07/2017,Analyst
23-2093.00,1.A.2.c.3,Speed of Limb Movement,LV,0.0,8,0.0,0.0,0.0,N,Y,07/2017,Analyst
23-2093.00,1.A.3.a.1,Static Strength,IM,1.0,8,0.0,1.0,1.0,N,,07/2017,Analyst
23-2093.00,1.A.3.a.1,Static Strength,LV,0.0,8,0.0,0.0,0.0,N,Y,07/2017,Analyst
23-2093.00,1.A.3.a.2,Explosive Strength,IM,1.0,8,0.0,1.0,1.0,N,,07/2017,Analyst
23-2093.00,1.A.3.a.2,Explosive Strength,LV,0.0,8,0.0,0.0,0.0,N,Y,07/2017,Analyst
23-2093.00,1.A.3.a.3,Dynamic Strength,IM,1.5,8,0.189,1.1296,1.8704,N,,07/2017,Analyst
23-2093.00,1.A.3.a.3,Dynamic Strength,LV,0.5,8,0.189,0.1296,0.8704,N,N,07/2017,Analyst
23-2093.00,1.A.3.a.4,Trunk Strength,IM,1.75,8,0.1637,1.4292,2.0708,N,,07/2017,Analyst
23-2093.00,1.A.3.a.4,Trunk Strength,LV,1.25,8,0.3134,0.6358,1.8642,N,N,07/2017,Analyst
23-2093.00,1.A.3.b.1,Stamina,IM,1.0,8,0.0,1.0,1.0,N,,07/2017,Analyst
23-2093.00,1.A.3.b.1,Stamina,LV,0.0,8,0.0,0.0,0.0,N,Y,07/2017,Analyst
23-2093.00,1.A.3.c.1,Extent Flexibility,IM,1.0,8,0.0,1.0,1.0,N,,07/2017,Analyst
23-2093.00,1.A.3.c.1,Extent Flexibility,LV,0.0,8,0.0,0.0,0.0,N,Y,07/2017,Analyst
23-2093.00,1.A.3.c.2,Dynamic Flexibility,IM,1.0,8,0.0,1.0,1.0,N,,07/2017,Analyst
23-2093.00,1.A.3.c.2,Dynamic Flexibility,LV,0.0,8,0.0,0.0,0.0,N,Y,07/2017,Analyst
23-2093.00,1.A.3.c.3,Gross Body Coordination,IM,1.0,8,0.0,1.0,1.0,N,,07/2017,Analyst
23-2093.00,1.A.3.c.3,Gross Body Coordination,LV,0.0,8,0.0,0.0,0.0,N,Y,07/2017,Analyst
23-2093.00,1.A.3.c.4,Gross Body Equilibrium,IM,1.0,8,0.0,1.0,1.0,N,,07/2017,Analyst
23-2093.00,1.A.3.c.4,Gross Body Equilibrium,LV,0.0,8,0.0,0.0,0.0,N,Y,07/2017,Analyst
23-2093.00,1.A.4.a.1,Near Vision,IM,3.5,8,0.189,3.1296,3.8704,N,,07/2017,Analyst
23-2093.00,1.A.4.a.1,Near Vision,LV,4.0,8,0.189,3.6296,4.3704,N,N,07/2017,Analyst
23-2093.00,1.A.4.a.2,Far Vision,IM,2.25,8,0.1637,1.9292,2.5708,N,,07/2017,Analyst
23-2093.00,1.A.4.a.2,Far Vision,LV,2.38,8,0.183,2.0164,2.7336,N,N,07/2017,Analyst
23-2093.00,1.A.4.a.3,Visual Color Discrimination,IM,1.88,8,0.125,1.63,2.12,N,,07/2017,Analyst
23-2093.00,1.A.4.a.3,Visual Color Discrimination,LV,0.88,8,0.125,0.63,1.12,N,N,07/2017,Analyst
23-2093.00,1.A.4.a.4,Night Vision,IM,1.0,8,0.0,1.0,1.0,N,,07/2017,Analyst
23-2093.00,1.A.4.a.4,Night Vision,LV,0.0,8,0.0,0.0,0.0,N,Y,07/2017,Analyst
23-2093.00,1.A.4.a.5,Peripheral Vision,IM,1.0,8,0.0,1.0,1.0,N,,07/2017,Analyst
23-2093.00,1.A.4.a.5,Peripheral Vision,LV,0.0,8,0.0,0.0,0.0,N,Y,07/2017,Analyst
23-2093.00,1.A.4.a.6,Depth Perception,IM,1.38,8,0.183,1.0164,1.7336,N,,07/2017,Analyst
23-2093.00,1.A.4.a.6,Depth Perception,LV,0.38,8,0.183,0.0164,0.7336,N,N,07/2017,Analyst
23-2093.00,1.A.4.a.7,Glare Sensitivity,IM,1.0,8,0.0,1.0,1.0,N,,07/2017,Analyst
23-2093.00,1.A.4.a.7,Glare Sensitivity,LV,0.0,8,0.0,0.0,0.0,N,Y,07/2017,Analyst
23-2093.00,1.A.4.b.1,Hearing Sensitivity,IM,1.75,8,0.1637,1.4292,2.0708,N,,07/2017,Analyst
23-2093.00,1.A.4.b.1,Hearing Sensitivity,LV,0.88,8,0.2266,0.4309,1.3191,N,N,07/2017,Analyst
23-2093.00,1.A.4.b.2,Auditory Attention,IM,2.0,8,0.0,2.0,2.0,N,,07/2017,Analyst
23-2093.00,1.A.4.b.2,Auditory Attention,LV,1.38,8,0.183,1.0164,1.7336,N,N,07/2017,Analyst
23-2093.00,1.A.4.b.3,Sound Localization,IM,1.0,8,0.0,1.0,1.0,N,,07/2017,Analyst
23-2093.00,1.A.4.b.3,Sound Localization,LV,0.0,8,0.0,0.0,0.0,N,Y,07/2017,Analyst
23-2093.00,1.A.4.b.4,Speech Recognition,IM,3.5,8,0.189,3.1296,3.8704,N,,07/2017,Analyst
23-2093.00,1.A.4.b.4,Speech Recognition,LV,3.12,8,0.125,2.88,3.37,N,N,07/2017,Analyst
23-2093.00,1.A.4.b.5,Speech Clarity,IM,3.38,8,0.183,3.0164,3.7336,N,,07/2017,Analyst
23-2093.00,1.A.4.b.5,Speech Clarity,LV,3.12,8,0.125,2.88,3.37,N,N,07/2017,Analyst
25-1011.00,1.A.1.a.1,Oral Comprehension,IM,4.0,8,0.0,4.0,4.0,N,,08/2019,Analyst
25-1011.00,1.A.1.a.1,Oral Comprehension,LV,5.0,8,0.0,5.0,5.0,N,N,08/2019,Analyst
25-1011.00,1.A.1.a.2,Written Comprehension,IM,4.12,8,0.125,3.88,4.37,N,,08/2019,Analyst
25-1011.00,1.A.1.a.2,Written Comprehension,LV,4.88,8,0.125,4.63,5.12,N,N,08/2019,Analyst
25-1011.00,1.A.1.a.3,Oral Expression,IM,4.62,8,0.183,4.2664,4.9836,N,,08/2019,Analyst
25-1011.00,1.A.1.a.3,Oral Expression,LV,5.25,8,0.1637,4.9292,5.5708,N,N,08/2019,Analyst
25-1011.00,1.A.1.a.4,Written Expression,IM,4.12,8,0.125,3.88,4.37,N,,08/2019,Analyst
25-1011.00,1.A.1.a.4,Written Expression,LV,5.12,8,0.125,4.88,5.37,N,N,08/2019,Analyst
25-1011.00,1.A.1.b.1,Fluency of Ideas,IM,3.0,8,0.0,3.0,3.0,N,,08/2019,Analyst
25-1011.00,1.A.1.b.1,Fluency of Ideas,LV,3.12,8,0.125,2.88,3.37,N,N,08/2019,Analyst
25-1011.00,1.A.1.b.2,Originality,IM,3.0,8,0.0,3.0,3.0,N,,08/2019,Analyst
25-1011.00,1.A.1.b.2,Originality,LV,3.38,8,0.183,3.0164,3.7336,N,N,08/2019,Analyst
25-1011.00,1.A.1.b.3,Problem Sensitivity,IM,3.38,8,0.183,3.0164,3.7336,N,,08/2019,Analyst
25-1011.00,1.A.1.b.3,Problem Sensitivity,LV,3.25,8,0.1637,2.9292,3.5708,N,N,08/2019,Analyst
25-1011.00,1.A.1.b.4,Deductive Reasoning,IM,3.88,8,0.125,3.63,4.12,N,,08/2019,Analyst
25-1011.00,1.A.1.b.4,Deductive Reasoning,LV,4.25,8,0.1637,3.9292,4.5708,N,N,08/2019,Analyst
25-1011.00,1.A.1.b.5,Inductive Reasoning,IM,3.88,8,0.125,3.63,4.12,N,,08/2019,Analyst
25-1011.00,1.A.1.b.5,Inductive Reasoning,LV,4.0,8,0.0,4.0,4.0,N,N,08/2019,Analyst
25-1011.00,1.A.1.b.6,Information Ordering,IM,3.25,8,0.1637,2.9292,3.5708,N,,08/2019,Analyst
25-1011.00,1.A.1.b.6,Information Ordering,LV,3.62,8,0.183,3.2664,3.9836,N,N,08/2019,Analyst
25-1011.00,1.A.1.b.7,Category Flexibility,IM,3.25,8,0.1637,2.9292,3.5708,N,,08/2019,Analyst
25-1011.00,1.A.1.b.7,Category Flexibility,LV,3.25,8,0.1637,2.9292,3.5708,N,N,08/2019,Analyst
25-1011.00,1.A.1.c.1,Mathematical Reasoning,IM,3.12,8,0.125,2.88,3.37,N,,08/2019,Analyst
25-1011.00,1.A.1.c.1,Mathematical Reasoning,LV,3.62,8,0.183,3.2664,3.9836,N,N,08/2019,Analyst
25-1011.00,1.A.1.c.2,Number Facility,IM,3.12,8,0.125,2.88,3.37,N,,08/2019,Analyst
25-1011.00,1.A.1.c.2,Number Facility,LV,3.25,8,0.25,2.76,3.74,N,N,08/2019,Analyst
25-1011.00,1.A.1.d.1,Memorization,IM,2.88,8,0.125,2.63,3.12,N,,08/2019,Analyst
25-1011.00,1.A.1.d.1,Memorization,LV,3.0,8,0.0,3.0,3.0,N,N,08/2019,Analyst
25-1011.00,1.A.1.e.1,Speed of Closure,IM,2.62,8,0.183,2.2664,2.9836,N,,08/2019,Analyst
25-1011.00,1.A.1.e.1,Speed of Closure,LV,2.75,8,0.1637,2.4292,3.0708,N,N,08/2019,Analyst
25-1011.00,1.A.1.e.2,Flexibility of Closure,IM,2.62,8,0.183,2.2664,2.9836,N,,08/2019,Analyst
25-1011.00,1.A.1.e.2,Flexibility of Closure,LV,2.62,8,0.183,2.2664,2.9836,N,N,08/2019,Analyst
25-1011.00,1.A.1.e.3,Perceptual Speed,IM,2.12,8,0.125,1.88,2.37,N,,08/2019,Analyst
25-1011.00,1.A.1.e.3,Perceptual Speed,LV,2.25,8,0.1637,1.9292,2.5708,N,N,08/2019,Analyst
25-1011.00,1.A.1.f.1,Spatial Orientation,IM,1.0,8,0.0,1.0,1.0,N,,08/2019,Analyst
25-1011.00,1.A.1.f.1,Spatial Orientation,LV,0.0,8,0.0,0.0,0.0,N,Y,08/2019,Analyst
25-1011.00,1.A.1.f.2,Visualization,IM,2.12,8,0.125,1.88,2.37,N,,08/2019,Analyst
25-1011.00,1.A.1.f.2,Visualization,LV,2.12,8,0.125,1.88,2.37,N,N,08/2019,Analyst
25-1011.00,1.A.1.g.1,Selective Attention,IM,3.0,8,0.0,3.0,3.0,N,,08/2019,Analyst
25-1011.00,1.A.1.g.1,Selective Attention,LV,2.88,8,0.125,2.63,3.12,N,N,08/2019,Analyst
25-1011.00,1.A.1.g.2,Time Sharing,IM,2.12,8,0.125,1.88,2.37,N,,08/2019,Analyst
25-1011.00,1.A.1.g.2,Time Sharing,LV,2.0,8,0.0,2.0,2.0,N,N,08/2019,Analyst
25-1011.00,1.A.2.a.1,Arm-Hand Steadiness,IM,1.0,8,0.0,1.0,1.0,N,,08/2019,Analyst
25-1011.00,1.A.2.a.1,Arm-Hand Steadiness,LV,0.0,8,0.0,0.0,0.0,N,Y,08/2019,Analyst
25-1011.00,1.A.2.a.2,Manual Dexterity,IM,1.0,8,0.0,1.0,1.0,N,,08/2019,Analyst
25-1011.00,1.A.2.a.2,Manual Dexterity,LV,0.0,8,0.0,0.0,0.0,N,Y,08/2019,Analyst
25-1011.00,1.A.2.a.3,Finger Dexterity,IM,1.75,8,0.1637,1.4292,2.0708,N,,08/2019,Analyst
25-1011.00,1.A.2.a.3,Finger Dexterity,LV,1.0,8,0.2673,0.4762,1.5238,N,N,08/2019,Analyst
25-1011.00,1.A.2.b.1,Control Precision,IM,1.0,8,0.0,1.0,1.0,N,,08/2019,Analyst
25-1011.00,1.A.2.b.1,Control Precision,LV,0.0,8,0.0,0.0,0.0,N,Y,08/2019,Analyst
25-1011.00,1.A.2.b.2,Multilimb Coordination,IM,1.0,8,0.0,1.0,1.0,N,,08/2019,Analyst
25-1011.00,1.A.2.b.2,Multilimb Coordination,LV,0.0,8,0.0,0.0,0.0,N,Y,08/2019,Analyst
25-1011.00,1.A.2.b.3,Response Orientation,IM,1.0,8,0.0,1.0,1.0,N,,08/2019,Analyst
25-1011.00,1.A.2.b.3,Response Orientation,LV,0.0,8,0.0,0.0,0.0,N,Y,08/2019,Analyst
25-1011.00,1.A.2.b.4,Rate Control,IM,1.0,8,0.0,1.0,1.0,N,,08/2019,Analyst
25-1011.00,1.A.2.b.4,Rate Control,LV,0.0,8,0.0,0.0,0.0,N,Y,08/2019,Analyst
25-1011.00,1.A.2.c.1,Reaction Time,IM,1.0,8,0.0,1.0,1.0,N,,08/2019,Analyst
25-1011.00,1.A.2.c.1,Reaction Time,LV,0.0,8,0.0,0.0,0.0,N,Y,08/2019,Analyst
25-1011.00,1.A.2.c.2,Wrist-Finger Speed,IM,1.62,8,0.183,1.2664,1.9836,N,,08/2019,Analyst
25-1011.00,1.A.2.c.2,Wrist-Finger Speed,LV,0.75,8,0.25,0.26,1.24,N,N,08/2019,Analyst
25-1011.00,1.A.2.c.3,Speed of Limb Movement,IM,1.0,8,0.0,1.0,1.0,N,,08/2019,Analyst
25-1011.00,1.A.2.c.3,Speed of Limb Movement,LV,0.0,8,0.0,0.0,0.0,N,Y,08/2019,Analyst
25-1011.00,1.A.3.a.1,Static Strength,IM,1.0,8,0.0,1.0,1.0,N,,08/2019,Analyst
25-1011.00,1.A.3.a.1,Static Strength,LV,0.0,8,0.0,0.0,0.0,N,Y,08/2019,Analyst
25-1011.00,1.A.3.a.2,Explosive Strength,IM,1.0,8,0.0,1.0,1.0,N,,08/2019,Analyst
25-1011.00,1.A.3.a.2,Explosive Strength,LV,0.0,8,0.0,0.0,0.0,N,Y,08/2019,Analyst
25-1011.00,1.A.3.a.3,Dynamic Strength,IM,1.0,8,0.0,1.0,1.0,N,,08/2019,Analyst
25-1011.00,1.A.3.a.3,Dynamic Strength,LV,0.0,8,0.0,0.0,0.0,N,Y,08/2019,Analyst
25-1011.00,1.A.3.a.4,Trunk Strength,IM,1.88,8,0.125,1.63,2.12,N,,08/2019,Analyst
25-1011.00,1.A.3.a.4,Trunk Strength,LV,1.62,8,0.2631,1.1094,2.1406,N,N,08/2019,Analyst
25-1011.00,1.A.3.b.1,Stamina,IM,1.0,8,0.0,1.0,1.0,N,,08/2019,Analyst
25-1011.00,1.A.3.b.1,Stamina,LV,0.0,8,0.0,0.0,0.0,N,Y,08/2019,Analyst
25-1011.00,1.A.3.c.1,Extent Flexibility,IM,1.0,8,0.0,1.0,1.0,N,,08/2019,Analyst
25-1011.00,1.A.3.c.1,Extent Flexibility,LV,0.0,8,0.0,0.0,0.0,N,Y,08/2019,Analyst
25-1011.00,1.A.3.c.2,Dynamic Flexibility,IM,1.0,8,0.0,1.0,1.0,N,,08/2019,Analyst
25-1011.00,1.A.3.c.2,Dynamic Flexibility,LV,0.0,8,0.0,0.0,0.0,N,Y,08/2019,Analyst
25-1011.00,1.A.3.c.3,Gross Body Coordination,IM,1.0,8,0.0,1.0,1.0,N,,08/2019,Analyst
25-1011.00,1.A.3.c.3,Gross Body Coordination,LV,0.0,8,0.0,0.0,0.0,N,Y,08/2019,Analyst
25-1011.00,1.A.3.c.4,Gross Body Equilibrium,IM,1.0,8,0.0,1.0,1.0,N,,08/2019,Analyst
25-1011.00,1.A.3.c.4,Gross Body Equilibrium,LV,0.0,8,0.0,0.0,0.0,N,Y,08/2019,Analyst
25-1011.00,1.A.4.a.1,Near Vision,IM,3.38,8,0.183,3.0164,3.7336,N,,08/2019,Analyst
25-1011.00,1.A.4.a.1,Near Vision,LV,3.88,8,0.125,3.63,4.12,N,N,08/2019,Analyst
25-1011.00,1.A.4.a.2,Far Vision,IM,2.75,8,0.1637,2.4292,3.0708,N,,08/2019,Analyst
25-1011.00,1.A.4.a.2,Far Vision,LV,2.75,8,0.1637,2.4292,3.0708,N,N,08/2019,Analyst
25-1011.00,1.A.4.a.3,Visual Color Discrimination,IM,1.75,8,0.1637,1.4292,2.0708,N,,08/2019,Analyst
25-1011.00,1.A.4.a.3,Visual Color Discrimination,LV,0.88,8,0.2266,0.4309,1.3191,N,N,08/2019,Analyst
25-1011.00,1.A.4.a.4,Night Vision,IM,1.0,8,0.0,1.0,1.0,N,,08/2019,Analyst
25-1011.00,1.A.4.a.4,Night Vision,LV,0.0,8,0.0,0.0,0.0,N,Y,08/2019,Analyst
25-1011.00,1.A.4.a.5,Peripheral Vision,IM,1.0,8,0.0,1.0,1.0,N,,08/2019,Analyst
25-1011.00,1.A.4.a.5,Peripheral Vision,LV,0.0,8,0.0,0.0,0.0,N,Y,08/2019,Analyst
25-1011.00,1.A.4.a.6,Depth Perception,IM,1.0,8,0.0,1.0,1.0,N,,08/2019,Analyst
25-1011.00,1.A.4.a.6,Depth Perception,LV,0.0,8,0.0,0.0,0.0,N,Y,08/2019,Analyst
25-1011.00,1.A.4.a.7,Glare Sensitivity,IM,1.0,8,0.0,1.0,1.0,N,,08/2019,Analyst
25-1011.00,1.A.4.a.7,Glare Sensitivity,LV,0.0,8,0.0,0.0,0.0,N,Y,08/2019,Analyst
25-1011.00,1.A.4.b.1,Hearing Sensitivity,IM,1.75,8,0.1637,1.4292,2.0708,N,,08/2019,Analyst
25-1011.00,1.A.4.b.1,Hearing Sensitivity,LV,0.75,8,0.1637,0.4292,1.0708,N,N,08/2019,Analyst
25-1011.00,1.A.4.b.2,Auditory Attention,IM,2.0,8,0.0,2.0,2.0,N,,08/2019,Analyst
25-1011.00,1.A.4.b.2,Auditory Attention,LV,1.38,8,0.183,1.0164,1.7336,N,N,08/2019,Analyst
25-1011.00,1.A.4.b.3,Sound Localization,IM,1.0,8,0.0,1.0,1.0,N,,08/2019,Analyst
25-1011.00,1.A.4.b.3,Sound Localization,LV,0.0,8,0.0,0.0,0.0,N,Y,08/2019,Analyst
25-1011.00,1.A.4.b.4,Speech Recognition,IM,3.5,8,0.189,3.1296,3.8704,N,,08/2019,Analyst
25-1011.00,1.A.4.b.4,Speech Recognition,LV,3.62,8,0.183,3.2664,3.9836,N,N,08/2019,Analyst
25-1011.00,1.A.4.b.5,Speech Clarity,IM,4.12,8,0.125,3.88,4.37,N,,08/2019,Analyst
25-1011.00,1.A.4.b.5,Speech Clarity,LV,5.12,8,0.125,4.88,5.37,N,N,08/2019,Analyst
25-1021.00,1.A.1.a.1,Oral Comprehension,IM,4.12,8,0.125,3.88,4.37,N,,08/2019,Analyst
25-1021.00,1.A.1.a.1,Oral Comprehension,LV,5.0,8,0.0,5.0,5.0,N,N,08/2019,Analyst
25-1021.00,1.A.1.a.2,Written Comprehension,IM,4.0,8,0.0,4.0,4.0,N,,08/2019,Analyst
25-1021.00,1.A.1.a.2,Written Comprehension,LV,4.88,8,0.125,4.63,5.12,N,N,08/2019,Analyst
25-1021.00,1.A.1.a.3,Oral Expression,IM,4.12,8,0.125,3.88,4.37,N,,08/2019,Analyst
25-1021.00,1.A.1.a.3,Oral Expression,LV,5.25,8,0.1637,4.9292,5.5708,N,N,08/2019,Analyst
25-1021.00,1.A.1.a.4,Written Expression,IM,4.0,8,0.0,4.0,4.0,N,,08/2019,Analyst
25-1021.00,1.A.1.a.4,Written Expression,LV,5.0,8,0.0,5.0,5.0,N,N,08/2019,Analyst
25-1021.00,1.A.1.b.1,Fluency of Ideas,IM,3.12,8,0.125,2.88,3.37,N,,08/2019,Analyst
25-1021.00,1.A.1.b.1,Fluency of Ideas,LV,3.5,8,0.189,3.1296,3.8704,N,N,08/2019,Analyst
25-1021.00,1.A.1.b.2,Originality,IM,3.12,8,0.125,2.88,3.37,N,,08/2019,Analyst
25-1021.00,1.A.1.b.2,Originality,LV,3.62,8,0.183,3.2664,3.9836,N,N,08/2019,Analyst
25-1021.00,1.A.1.b.3,Problem Sensitivity,IM,3.5,8,0.189,3.1296,3.8704,N,,08/2019,Analyst
25-1021.00,1.A.1.b.3,Problem Sensitivity,LV,3.5,8,0.189,3.1296,3.8704,N,N,08/2019,Analyst
25-1021.00,1.A.1.b.4,Deductive Reasoning,IM,3.88,8,0.125,3.63,4.12,N,,08/2019,Analyst
25-1021.00,1.A.1.b.4,Deductive Reasoning,LV,3.88,8,0.125,3.63,4.12,N,N,08/2019,Analyst
25-1021.00,1.A.1.b.5,Inductive Reasoning,IM,3.88,8,0.125,3.63,4.12,N,,08/2019,Analyst
25-1021.00,1.A.1.b.5,Inductive Reasoning,LV,3.88,8,0.125,3.63,4.12,N,N,08/2019,Analyst
25-1021.00,1.A.1.b.6,Information Ordering,IM,3.75,8,0.1637,3.4292,4.0708,N,,08/2019,Analyst
25-1021.00,1.A.1.b.6,Information Ordering,LV,3.88,8,0.125,3.63,4.12,N,N,08/2019,Analyst
25-1021.00,1.A.1.b.7,Category Flexibility,IM,3.12,8,0.125,2.88,3.37,N,,08/2019,Analyst
25-1021.00,1.A.1.b.7,Category Flexibility,LV,3.75,8,0.1637,3.4292,4.0708,N,N,08/2019,Analyst
25-1021.00,1.A.1.c.1,Mathematical Reasoning,IM,3.0,8,0.0,3.0,3.0,N,,08/2019,Analyst
25-1021.00,1.A.1.c.1,Mathematical Reasoning,LV,3.88,8,0.125,3.63,4.12,N,N,08/2019,Analyst
25-1021.00,1.A.1.c.2,Number Facility,IM,3.0,8,0.0,3.0,3.0,N,,08/2019,Analyst
25-1021.00,1.A.1.c.2,Number Facility,LV,3.0,8,0.0,3.0,3.0,N,N,08/2019,Analyst
25-1021.00,1.A.1.d.1,Memorization,IM,2.88,8,0.125,2.63,3.12,N,,08/2019,Analyst
25-1021.00,1.A.1.d.1,Memorization,LV,2.88,8,0.125,2.63,3.12,N,N,08/2019,Analyst
25-1021.00,1.A.1.e.1,Speed of Closure,IM,2.25,8,0.1637,1.9292,2.5708,N,,08/2019,Analyst
25-1021.00,1.A.1.e.1,Speed of Closure,LV,2.25,8,0.1637,1.9292,2.5708,N,N,08/2019,Analyst
25-1021.00,1.A.1.e.2,Flexibility of Closure,IM,2.88,8,0.125,2.63,3.12,N,,08/2019,Analyst
25-1021.00,1.A.1.e.2,Flexibility of Closure,LV,3.0,8,0.0,3.0,3.0,N,N,08/2019,Analyst
25-1021.00,1.A.1.e.3,Perceptual Speed,IM,2.75,8,0.1637,2.4292,3.0708,N,,08/2019,Analyst
25-1021.00,1.A.1.e.3,Perceptual Speed,LV,2.0,8,0.0,2.0,2.0,N,N,08/2019,Analyst
25-1021.00,1.A.1.f.1,Spatial Orientation,IM,1.0,8,0.0,1.0,1.0,N,,08/2019,Analyst
25-1021.00,1.A.1.f.1,Spatial Orientation,LV,0.0,8,0.0,0.0,0.0,N,Y,08/2019,Analyst
25-1021.00,1.A.1.f.2,Visualization,IM,2.38,8,0.183,2.0164,2.7336,N,,08/2019,Analyst
25-1021.00,1.A.1.f.2,Visualization,LV,2.75,8,0.1637,2.4292,3.0708,N,N,08/2019,Analyst
25-1021.00,1.A.1.g.1,Selective Attention,IM,3.12,8,0.125,2.88,3.37,N,,08/2019,Analyst
25-1021.00,1.A.1.g.1,Selective Attention,LV,2.88,8,0.125,2.63,3.12,N,N,08/2019,Analyst
25-1021.00,1.A.1.g.2,Time Sharing,IM,2.12,8,0.125,1.88,2.37,N,,08/2019,Analyst
25-1021.00,1.A.1.g.2,Time Sharing,LV,2.12,8,0.125,1.88,2.37,N,N,08/2019,Analyst
25-1021.00,1.A.2.a.1,Arm-Hand Steadiness,IM,1.38,8,0.183,1.0164,1.7336,N,,08/2019,Analyst
25-1021.00,1.A.2.a.1,Arm-Hand Steadiness,LV,0.75,8,0.366,0.0327,1.4673,N,N,08/2019,Analyst
25-1021.00,1.A.2.a.2,Manual Dexterity,IM,1.38,8,0.183,1.0164,1.7336,N,,08/2019,Analyst
25-1021.00,1.A.2.a.2,Manual Dexterity,LV,0.38,8,0.183,0.0164,0.7336,N,N,08/2019,Analyst
25-1021.00,1.A.2.a.3,Finger Dexterity,IM,2.25,8,0.25,1.76,2.74,N,,08/2019,Analyst
25-1021.00,1.A.2.a.3,Finger Dexterity,LV,1.62,8,0.2631,1.1094,2.1406,N,N,08/2019,Analyst
25-1021.00,1.A.2.b.1,Control Precision,IM,1.25,8,0.1637,1.0,1.5708,N,,08/2019,Analyst
25-1021.00,1.A.2.b.1,Control Precision,LV,0.5,8,0.3273,0.0,1.1416,N,Y,08/2019,Analyst
25-1021.00,1.A.2.b.2,Multilimb Coordination,IM,1.0,8,0.0,1.0,1.0,N,,08/2019,Analyst
25-1021.00,1.A.2.b.2,Multilimb Coordination,LV,0.0,8,0.0,0.0,0.0,N,Y,08/2019,Analyst
25-1021.00,1.A.2.b.3,Response Orientation,IM,1.0,8,0.0,1.0,1.0,N,,08/2019,Analyst
25-1021.00,1.A.2.b.3,Response Orientation,LV,0.0,8,0.0,0.0,0.0,N,Y,08/2019,Analyst
25-1021.00,1.A.2.b.4,Rate Control,IM,1.0,8,0.0,1.0,1.0,N,,08/2019,Analyst
25-1021.00,1.A.2.b.4,Rate Control,LV,0.0,8,0.0,0.0,0.0,N,Y,08/2019,Analyst
25-1021.00,1.A.2.c.1,Reaction Time,IM,1.0,8,0.0,1.0,1.0,N,,08/2019,Analyst
25-1021.00,1.A.2.c.1,Reaction Time,LV,0.0,8,0.0,0.0,0.0,N,Y,08/2019,Analyst
25-1021.00,1.A.2.c.2,Wrist-Finger Speed,IM,1.12,8,0.125,1.0,1.37,N,,08/2019,Analyst
25-1021.00,1.A.2.c.2,Wrist-Finger Speed,LV,0.12,8,0.125,0.0,0.37,N,Y,08/2019,Analyst
25-1021.00,1.A.2.c.3,Speed of Limb Movement,IM,1.0,8,0.0,1.0,1.0,N,,08/2019,Analyst
25-1021.00,1.A.2.c.3,Speed of Limb Movement,LV,0.0,8,0.0,0.0,0.0,N,Y,08/2019,Analyst
25-1021.00,1.A.3.a.1,Static Strength,IM,1.0,8,0.0,1.0,1.0,N,,08/2019,Analyst
25-1021.00,1.A.3.a.1,Static Strength,LV,0.0,8,0.0,0.0,0.0,N,Y,08/2019,Analyst
25-1021.00,1.A.3.a.2,Explosive Strength,IM,1.0,8,0.0,1.0,1.0,N,,08/2019,Analyst
25-1021.00,1.A.3.a.2,Explosive Strength,LV,0.0,8,0.0,0.0,0.0,N,Y,08/2019,Analyst
25-1021.00,1.A.3.a.3,Dynamic Strength,IM,1.0,8,0.0,1.0,1.0,N,,08/2019,Analyst
25-1021.00,1.A.3.a.3,Dynamic Strength,LV,0.0,8,0.0,0.0,0.0,N,Y,08/2019,Analyst
25-1021.00,1.A.3.a.4,Trunk Strength,IM,2.0,8,0.0,2.0,2.0,N,,08/2019,Analyst
25-1021.00,1.A.3.a.4,Trunk Strength,LV,1.75,8,0.1637,1.4292,2.0708,N,N,08/2019,Analyst
25-1021.00,1.A.3.b.1,Stamina,IM,1.0,8,0.0,1.0,1.0,N,,08/2019,Analyst
25-1021.00,1.A.3.b.1,Stamina,LV,0.0,8,0.0,0.0,0.0,N,Y,08/2019,Analyst
25-1021.00,1.A.3.c.1,Extent Flexibility,IM,1.0,8,0.0,1.0,1.0,N,,08/2019,Analyst
25-1021.00,1.A.3.c.1,Extent Flexibility,LV,0.0,8,0.0,0.0,0.0,N,Y,08/2019,Analyst
25-1021.00,1.A.3.c.2,Dynamic Flexibility,IM,1.0,8,0.0,1.0,1.0,N,,08/2019,Analyst
25-1021.00,1.A.3.c.2,Dynamic Flexibility,LV,0.0,8,0.0,0.0,0.0,N,Y,08/2019,Analyst
25-1021.00,1.A.3.c.3,Gross Body Coordination,IM,1.0,8,0.0,1.0,1.0,N,,08/2019,Analyst
25-1021.00,1.A.3.c.3,Gross Body Coordination,LV,0.0,8,0.0,0.0,0.0,N,Y,08/2019,Analyst
25-1021.00,1.A.3.c.4,Gross Body Equilibrium,IM,1.0,8,0.0,1.0,1.0,N,,08/2019,Analyst
25-1021.00,1.A.3.c.4,Gross Body Equilibrium,LV,0.0,8,0.0,0.0,0.0,N,Y,08/2019,Analyst
25-1021.00,1.A.4.a.1,Near Vision,IM,3.75,8,0.1637,3.4292,4.0708,N,,08/2019,Analyst
25-1021.00,1.A.4.a.1,Near Vision,LV,4.0,8,0.0,4.0,4.0,N,N,08/2019,Analyst
25-1021.00,1.A.4.a.2,Far Vision,IM,2.88,8,0.125,2.63,3.12,N,,08/2019,Analyst
25-1021.00,1.A.4.a.2,Far Vision,LV,2.75,8,0.25,2.26,3.24,N,N,08/2019,Analyst
25-1021.00,1.A.4.a.3,Visual Color Discrimination,IM,2.0,8,0.0,2.0,2.0,N,,08/2019,Analyst
25-1021.00,1.A.4.a.3,Visual Color Discrimination,LV,1.5,8,0.189,1.1296,1.8704,N,N,08/2019,Analyst
25-1021.00,1.A.4.a.4,Night Vision,IM,1.0,8,0.0,1.0,1.0,N,,08/2019,Analyst
25-1021.00,1.A.4.a.4,Night Vision,LV,0.0,8,0.0,0.0,0.0,N,Y,08/2019,Analyst
25-1021.00,1.A.4.a.5,Peripheral Vision,IM,1.0,8,0.0,1.0,1.0,N,,08/2019,Analyst
25-1021.00,1.A.4.a.5,Peripheral Vision,LV,0.0,8,0.0,0.0,0.0,N,Y,08/2019,Analyst
25-1021.00,1.A.4.a.6,Depth Perception,IM,1.88,8,0.125,1.63,2.12,N,,08/2019,Analyst
25-1021.00,1.A.4.a.6,Depth Perception,LV,0.88,8,0.125,0.63,1.12,N,N,08/2019,Analyst
25-1021.00,1.A.4.a.7,Glare Sensitivity,IM,1.0,8,0.0,1.0,1.0,N,,08/2019,Analyst
25-1021.00,1.A.4.a.7,Glare Sensitivity,LV,0.0,8,0.0,0.0,0.0,N,Y,08/2019,Analyst
25-1021.00,1.A.4.b.1,Hearing Sensitivity,IM,2.0,8,0.0,2.0,2.0,N,,08/2019,Analyst
25-1021.00,1.A.4.b.1,Hearing Sensitivity,LV,1.25,8,0.1637,0.9292,1.5708,N,N,08/2019,Analyst
25-1021.00,1.A.4.b.2,Auditory Attention,IM,1.62,8,0.183,1.2664,1.9836,N,,08/2019,Analyst
25-1021.00,1.A.4.b.2,Auditory Attention,LV,0.88,8,0.295,0.2967,1.4533,N,N,08/2019,Analyst
25-1021.00,1.A.4.b.3,Sound Localization,IM,1.0,8,0.0,1.0,1.0,N,,08/2019,Analyst
25-1021.00,1.A.4.b.3,Sound Localization,LV,0.0,8,0.0,0.0,0.0,N,Y,08/2019,Analyst
25-1021.00,1.A.4.b.4,Speech Recognition,IM,3.5,8,0.189,3.1296,3.8704,N,,08/2019,Analyst
25-1021.00,1.A.4.b.4,Speech Recognition,LV,3.75,8,0.1637,3.4292,4.0708,N,N,08/2019,Analyst
25-1021.00,1.A.4.b.5,Speech Clarity,IM,3.88,8,0.125,3.63,4.12,N,,08/2019,Analyst
25-1021.00,1.A.4.b.5,Speech Clarity,LV,4.62,8,0.183,4.2664,4.9836,N,N,08/2019,Analyst
25-1022.00,1.A.1.a.1,Oral Comprehension,IM,4.0,8,0.0,4.0,4.0,N,,08/2019,Analyst
25-1022.00,1.A.1.a.1,Oral Comprehension,LV,5.0,8,0.189,4.6296,5.3704,N,N,08/2019,Analyst
25-1022.00,1.A.1.a.2,Written Comprehension,IM,4.0,8,0.0,4.0,4.0,N,,08/2019,Analyst
25-1022.00,1.A.1.a.2,Written Comprehension,LV,4.38,8,0.183,4.0164,4.7336,N,N,08/2019,Analyst
25-1022.00,1.A.1.a.3,Oral Expression,IM,4.12,8,0.125,3.88,4.37,N,,08/2019,Analyst
25-1022.00,1.A.1.a.3,Oral Expression,LV,4.88,8,0.125,4.63,5.12,N,N,08/2019,Analyst
25-1022.00,1.A.1.a.4,Written Expression,IM,3.88,8,0.125,3.63,4.12,N,,08/2019,Analyst
25-1022.00,1.A.1.a.4,Written Expression,LV,4.5,8,0.189,4.1296,4.8704,N,N,08/2019,Analyst
25-1022.00,1.A.1.b.1,Fluency of Ideas,IM,3.12,8,0.125,2.88,3.37,N,,08/2019,Analyst
25-1022.00,1.A.1.b.1,Fluency of Ideas,LV,3.38,8,0.183,3.0164,3.7336,N,N,08/2019,Analyst
25-1022.00,1.A.1.b.2,Originality,IM,3.12,8,0.125,2.88,3.37,N,,08/2019,Analyst
25-1022.00,1.A.1.b.2,Originality,LV,3.5,8,0.189,3.1296,3.8704,N,N,08/2019,Analyst
25-1022.00,1.A.1.b.3,Problem Sensitivity,IM,3.12,8,0.125,2.88,3.37,N,,08/2019,Analyst
25-1022.00,1.A.1.b.3,Problem Sensitivity,LV,3.25,8,0.1637,2.9292,3.5708,N,N,08/2019,Analyst
25-1022.00,1.A.1.b.4,Deductive Reasoning,IM,4.0,8,0.0,4.0,4.0,N,,08/2019,Analyst
25-1022.00,1.A.1.b.4,Deductive Reasoning,LV,4.12,8,0.125,3.88,4.37,N,N,08/2019,Analyst
25-1022.00,1.A.1.b.5,Inductive Reasoning,IM,3.88,8,0.125,3.63,4.12,N,,08/2019,Analyst
25-1022.00,1.A.1.b.5,Inductive Reasoning,LV,4.12,8,0.125,3.88,4.37,N,N,08/2019,Analyst
25-1022.00,1.A.1.b.6,Information Ordering,IM,3.38,8,0.183,3.0164,3.7336,N,,08/2019,Analyst
25-1022.00,1.A.1.b.6,Information Ordering,LV,3.5,8,0.189,3.1296,3.8704,N,N,08/2019,Analyst
25-1022.00,1.A.1.b.7,Category Flexibility,IM,3.0,8,0.0,3.0,3.0,N,,08/2019,Analyst
25-1022.00,1.A.1.b.7,Category Flexibility,LV,3.25,8,0.1637,2.9292,3.5708,N,N,08/2019,Analyst
25-1022.00,1.A.1.c.1,Mathematical Reasoning,IM,4.25,8,0.1637,3.9292,4.5708,N,,08/2019,Analyst
25-1022.00,1.A.1.c.1,Mathematical Reasoning,LV,4.75,8,0.25,4.26,5.24,N,N,08/2019,Analyst
25-1022.00,1.A.1.c.2,Number Facility,IM,4.12,8,0.125,3.88,4.37,N,,08/2019,Analyst
25-1022.00,1.A.1.c.2,Number Facility,LV,4.62,8,0.2631,4.1094,5.1406,N,N,08/2019,Analyst
25-1022.00,1.A.1.d.1,Memorization,IM,3.0,8,0.0,3.0,3.0,N,,08/2019,Analyst
25-1022.00,1.A.1.d.1,Memorization,LV,3.0,8,0.0,3.0,3.0,N,N,08/2019,Analyst
25-1022.00,1.A.1.e.1,Speed of Closure,IM,2.25,8,0.1637,1.9292,2.5708,N,,08/2019,Analyst
25-1022.00,1.A.1.e.1,Speed of Closure,LV,2.25,8,0.1637,1.9292,2.5708,N,N,08/2019,Analyst
25-1022.00,1.A.1.e.2,Flexibility of Closure,IM,2.62,8,0.183,2.2664,2.9836,N,,08/2019,Analyst
25-1022.00,1.A.1.e.2,Flexibility of Closure,LV,2.5,8,0.189,2.1296,2.8704,N,N,08/2019,Analyst
25-1022.00,1.A.1.e.3,Perceptual Speed,IM,2.12,8,0.125,1.88,2.37,N,,08/2019,Analyst
25-1022.00,1.A.1.e.3,Perceptual Speed,LV,2.12,8,0.125,1.88,2.37,N,N,08/2019,Analyst
25-1022.00,1.A.1.f.1,Spatial Orientation,IM,1.0,8,0.0,1.0,1.0,N,,08/2019,Analyst
25-1022.00,1.A.1.f.1,Spatial Orientation,LV,0.0,8,0.0,0.0,0.0,N,Y,08/2019,Analyst
25-1022.00,1.A.1.f.2,Visualization,IM,2.12,8,0.125,1.88,2.37,N,,08/2019,Analyst
25-1022.00,1.A.1.f.2,Visualization,LV,2.12,8,0.125,1.88,2.37,N,N,08/2019,Analyst
25-1022.00,1.A.1.g.1,Selective Attention,IM,2.88,8,0.125,2.63,3.12,N,,08/2019,Analyst
25-1022.00,1.A.1.g.1,Selective Attention,LV,2.75,8,0.1637,2.4292,3.0708,N,N,08/2019,Analyst
25-1022.00,1.A.1.g.2,Time Sharing,IM,2.62,8,0.183,2.2664,2.9836,N,,08/2019,Analyst
25-1022.00,1.A.1.g.2,Time Sharing,LV,2.62,8,0.183,2.2664,2.9836,N,N,08/2019,Analyst
25-1022.00,1.A.2.a.1,Arm-Hand Steadiness,IM,1.0,8,0.0,1.0,1.0,N,,08/2019,Analyst
25-1022.00,1.A.2.a.1,Arm-Hand Steadiness,LV,0.0,8,0.0,0.0,0.0,N,Y,08/2019,Analyst
25-1022.00,1.A.2.a.2,Manual Dexterity,IM,1.0,8,0.0,1.0,1.0,N,,08/2019,Analyst
25-1022.00,1.A.2.a.2,Manual Dexterity,LV,0.0,8,0.0,0.0,0.0,N,Y,08/2019,Analyst
25-1022.00,1.A.2.a.3,Finger Dexterity,IM,1.62,8,0.183,1.2664,1.9836,N,,08/2019,Analyst
25-1022.00,1.A.2.a.3,Finger Dexterity,LV,0.62,8,0.183,0.2664,0.9836,N,N,08/2019,Analyst
25-1022.00,1.A.2.b.1,Control Precision,IM,1.0,8,0.0,1.0,1.0,N,,08/2019,Analyst
25-1022.00,1.A.2.b.1,Control Precision,LV,0.0,8,0.0,0.0,0.0,N,Y,08/2019,Analyst
25-1022.00,1.A.2.b.2,Multilimb Coordination,IM,1.0,8,0.0,1.0,1.0,N,,08/2019,Analyst
25-1022.00,1.A.2.b.2,Multilimb Coordination,LV,0.0,8,0.0,0.0,0.0,N,Y,08/2019,Analyst
25-1022.00,1.A.2.b.3,Response Orientation,IM,1.0,8,0.0,1.0,1.0,N,,08/2019,Analyst
25-1022.00,1.A.2.b.3,Response Orientation,LV,0.0,8,0.0,0.0,0.0,N,Y,08/2019,Analyst
25-1022.00,1.A.2.b.4,Rate Control,IM,1.0,8,0.0,1.0,1.0,N,,08/2019,Analyst
25-1022.00,1.A.2.b.4,Rate Control,LV,0.0,8,0.0,0.0,0.0,N,Y,08/2019,Analyst
25-1022.00,1.A.2.c.1,Reaction Time,IM,1.0,8,0.0,1.0,1.0,N,,08/2019,Analyst
25-1022.00,1.A.2.c.1,Reaction Time,LV,0.0,8,0.0,0.0,0.0,N,Y,08/2019,Analyst
25-1022.00,1.A.2.c.2,Wrist-Finger Speed,IM,1.5,8,0.189,1.1296,1.8704,N,,08/2019,Analyst
25-1022.00,1.A.2.c.2,Wrist-Finger Speed,LV,0.62,8,0.2631,0.1094,1.1406,N,N,08/2019,Analyst
25-1022.00,1.A.2.c.3,Speed of Limb Movement,IM,1.0,8,0.0,1.0,1.0,N,,08/2019,Analyst
25-1022.00,1.A.2.c.3,Speed of Limb Movement,LV,0.0,8,0.0,0.0,0.0,N,Y,08/2019,Analyst
25-1022.00,1.A.3.a.1,Static Strength,IM,1.0,8,0.0,1.0,1.0,N,,08/2019,Analyst
25-1022.00,1.A.3.a.1,Static Strength,LV,0.0,8,0.0,0.0,0.0,N,Y,08/2019,Analyst
25-1022.00,1.A.3.a.2,Explosive Strength,IM,1.0,8,0.0,1.0,1.0,N,,08/2019,Analyst
25-1022.00,1.A.3.a.2,Explosive Strength,LV,0.0,8,0.0,0.0,0.0,N,Y,08/2019,Analyst
25-1022.00,1.A.3.a.3,Dynamic Strength,IM,1.0,8,0.0,1.0,1.0,N,,08/2019,Analyst
25-1022.00,1.A.3.a.3,Dynamic Strength,LV,0.0,8,0.0,0.0,0.0,N,Y,08/2019,Analyst
25-1022.00,1.A.3.a.4,Trunk Strength,IM,1.88,8,0.125,1.63,2.12,N,,08/2019,Analyst
25-1022.00,1.A.3.a.4,Trunk Strength,LV,1.38,8,0.2631,0.8594,1.8906,N,N,08/2019,Analyst
25-1022.00,1.A.3.b.1,Stamina,IM,1.0,8,0.0,1.0,1.0,N,,08/2019,Analyst
25-1022.00,1.A.3.b.1,Stamina,LV,0.0,8,0.0,0.0,0.0,N,Y,08/2019,Analyst
25-1022.00,1.A.3.c.1,Extent Flexibility,IM,1.0,8,0.0,1.0,1.0,N,,08/2019,Analyst
25-1022.00,1.A.3.c.1,Extent Flexibility,LV,0.0,8,0.0,0.0,0.0,N,Y,08/2019,Analyst
25-1022.00,1.A.3.c.2,Dynamic Flexibility,IM,1.0,8,0.0,1.0,1.0,N,,08/2019,Analyst
25-1022.00,1.A.3.c.2,Dynamic Flexibility,LV,0.0,8,0.0,0.0,0.0,N,Y,08/2019,Analyst
25-1022.00,1.A.3.c.3,Gross Body Coordination,IM,1.0,8,0.0,1.0,1.0,N,,08/2019,Analyst
25-1022.00,1.A.3.c.3,Gross Body Coordination,LV,0.0,8,0.0,0.0,0.0,N,Y,08/2019,Analyst
25-1022.00,1.A.3.c.4,Gross Body Equilibrium,IM,1.0,8,0.0,1.0,1.0,N,,08/2019,Analyst
25-1022.00,1.A.3.c.4,Gross Body Equilibrium,LV,0.0,8,0.0,0.0,0.0,N,Y,08/2019,Analyst
25-1022.00,1.A.4.a.1,Near Vision,IM,3.75,8,0.1637,3.4292,4.0708,N,,08/2019,Analyst
25-1022.00,1.A.4.a.1,Near Vision,LV,3.88,8,0.125,3.63,4.12,N,N,08/2019,Analyst
25-1022.00,1.A.4.a.2,Far Vision,IM,2.38,8,0.183,2.0164,2.7336,N,,08/2019,Analyst
25-1022.00,1.A.4.a.2,Far Vision,LV,2.12,8,0.125,1.88,2.37,N,N,08/2019,Analyst
25-1022.00,1.A.4.a.3,Visual Color Discrimination,IM,1.75,8,0.1637,1.4292,2.0708,N,,08/2019,Analyst
25-1022.00,1.A.4.a.3,Visual Color Discrimination,LV,0.88,8,0.2266,0.4309,1.3191,N,N,08/2019,Analyst
25-1022.00,1.A.4.a.4,Night Vision,IM,1.0,8,0.0,1.0,1.0,N,,08/2019,Analyst
25-1022.00,1.A.4.a.4,Night Vision,LV,0.0,8,0.0,0.0,0.0,N,Y,08/2019,Analyst
25-1022.00,1.A.4.a.5,Peripheral Vision,IM,1.0,8,0.0,1.0,1.0,N,,08/2019,Analyst
25-1022.00,1.A.4.a.5,Peripheral Vision,LV,0.0,8,0.0,0.0,0.0,N,Y,08/2019,Analyst
25-1022.00,1.A.4.a.6,Depth Perception,IM,1.38,8,0.183,1.0164,1.7336,N,,08/2019,Analyst
25-1022.00,1.A.4.a.6,Depth Perception,LV,0.38,8,0.183,0.0164,0.7336,N,N,08/2019,Analyst
25-1022.00,1.A.4.a.7,Glare Sensitivity,IM,1.0,8,0.0,1.0,1.0,N,,08/2019,Analyst
25-1022.00,1.A.4.a.7,Glare Sensitivity,LV,0.0,8,0.0,0.0,0.0,N,Y,08/2019,Analyst
25-1022.00,1.A.4.b.1,Hearing Sensitivity,IM,1.5,8,0.189,1.1296,1.8704,N,,08/2019,Analyst
25-1022.00,1.A.4.b.1,Hearing Sensitivity,LV,0.5,8,0.189,0.1296,0.8704,N,N,08/2019,Analyst
25-1022.00,1.A.4.b.2,Auditory Attention,IM,1.88,8,0.125,1.63,2.12,N,,08/2019,Analyst
25-1022.00,1.A.4.b.2,Auditory Attention,LV,1.0,8,0.189,0.6296,1.3704,N,N,08/2019,Analyst
25-1022.00,1.A.4.b.3,Sound Localization,IM,1.0,8,0.0,1.0,1.0,N,,08/2019,Analyst
25-1022.00,1.A.4.b.3,Sound Localization,LV,0.0,8,0.0,0.0,0.0,N,Y,08/2019,Analyst
25-1022.00,1.A.4.b.4,Speech Recognition,IM,3.5,8,0.189,3.1296,3.8704,N,,08/2019,Analyst
25-1022.00,1.A.4.b.4,Speech Recognition,LV,3.25,8,0.1637,2.9292,3.5708,N,N,08/2019,Analyst
25-1022.00,1.A.4.b.5,Speech Clarity,IM,3.88,8,0.125,3.63,4.12,N,,08/2019,Analyst
25-1022.00,1.A.4.b.5,Speech Clarity,LV,4.88,8,0.2266,4.4309,5.3191,N,N,08/2019,Analyst
25-1031.00,1.A.1.a.1,Oral Comprehension,IM,4.0,8,0.0,4.0,4.0,N,,08/2019,Analyst
25-1031.00,1.A.1.a.1,Oral Comprehension,LV,5.12,8,0.125,4.88,5.37,N,N,08/2019,Analyst
25-1031.00,1.A.1.a.2,Written Comprehension,IM,4.0,8,0.0,4.0,4.0,N,,08/2019,Analyst
25-1031.00,1.A.1.a.2,Written Comprehension,LV,5.0,8,0.0,5.0,5.0,N,N,08/2019,Analyst
25-1031.00,1.A.1.a.3,Oral Expression,IM,4.25,8,0.1637,3.9292,4.5708,N,,08/2019,Analyst
25-1031.00,1.A.1.a.3,Oral Expression,LV,5.25,8,0.1637,4.9292,5.5708,N,N,08/2019,Analyst
25-1031.00,1.A.1.a.4,Written Expression,IM,4.0,8,0.0,4.0,4.0,N,,08/2019,Analyst
25-1031.00,1.A.1.a.4,Written Expression,LV,5.0,8,0.0,5.0,5.0,N,N,08/2019,Analyst
25-1031.00,1.A.1.b.1,Fluency of Ideas,IM,3.5,8,0.189,3.1296,3.8704,N,,08/2019,Analyst
25-1031.00,1.A.1.b.1,Fluency of Ideas,LV,3.88,8,0.2266,3.4309,4.3191,N,N,08/2019,Analyst
25-1031.00,1.A.1.b.2,Originality,IM,3.25,8,0.1637,2.9292,3.5708,N,,08/2019,Analyst
25-1031.00,1.A.1.b.2,Originality,LV,4.12,8,0.125,3.88,4.37,N,N,08/2019,Analyst
25-1031.00,1.A.1.b.3,Problem Sensitivity,IM,3.62,8,0.183,3.2664,3.9836,N,,08/2019,Analyst
25-1031.00,1.A.1.b.3,Problem Sensitivity,LV,4.12,8,0.125,3.88,4.37,N,N,08/2019,Analyst
25-1031.00,1.A.1.b.4,Deductive Reasoning,IM,4.0,8,0.0,4.0,4.0,N,,08/2019,Analyst
25-1031.00,1.A.1.b.4,Deductive Reasoning,LV,4.12,8,0.125,3.88,4.37,N,N,08/2019,Analyst
25-1031.00,1.A.1.b.5,Inductive Reasoning,IM,3.88,8,0.125,3.63,4.12,N,,08/2019,Analyst
25-1031.00,1.A.1.b.5,Inductive Reasoning,LV,4.12,8,0.125,3.88,4.37,N,N,08/2019,Analyst
25-1031.00,1.A.1.b.6,Information Ordering,IM,3.88,8,0.125,3.63,4.12,N,,08/2019,Analyst
25-1031.00,1.A.1.b.6,Information Ordering,LV,4.12,8,0.125,3.88,4.37,N,N,08/2019,Analyst
25-1031.00,1.A.1.b.7,Category Flexibility,IM,3.25,8,0.1637,2.9292,3.5708,N,,08/2019,Analyst
25-1031.00,1.A.1.b.7,Category Flexibility,LV,4.0,8,0.189,3.6296,4.3704,N,N,08/2019,Analyst
25-1031.00,1.A.1.c.1,Mathematical Reasoning,IM,3.12,8,0.125,2.88,3.37,N,,08/2019,Analyst
25-1031.00,1.A.1.c.1,Mathematical Reasoning,LV,3.25,8,0.1637,2.9292,3.5708,N,N,08/2019,Analyst
25-1031.00,1.A.1.c.2,Number Facility,IM,3.0,8,0.0,3.0,3.0,N,,08/2019,Analyst
25-1031.00,1.A.1.c.2,Number Facility,LV,3.25,8,0.1637,2.9292,3.5708,N,N,08/2019,Analyst
25-1031.00,1.A.1.d.1,Memorization,IM,2.88,8,0.125,2.63,3.12,N,,08/2019,Analyst
25-1031.00,1.A.1.d.1,Memorization,LV,2.88,8,0.125,2.63,3.12,N,N,08/2019,Analyst
25-1031.00,1.A.1.e.1,Speed of Closure,IM,2.62,8,0.183,2.2664,2.9836,N,,08/2019,Analyst
25-1031.00,1.A.1.e.1,Speed of Closure,LV,2.25,8,0.1637,1.9292,2.5708,N,N,08/2019,Analyst
25-1031.00,1.A.1.e.2,Flexibility of Closure,IM,3.0,8,0.0,3.0,3.0,N,,08/2019,Analyst
25-1031.00,1.A.1.e.2,Flexibility of Closure,LV,3.0,8,0.0,3.0,3.0,N,N,08/2019,Analyst
25-1031.00,1.A.1.e.3,Perceptual Speed,IM,2.38,8,0.183,2.0164,2.7336,N,,08/2019,Analyst
25-1031.00,1.A.1.e.3,Perceptual Speed,LV,2.12,8,0.125,1.88,2.37,N,N,08/2019,Analyst
25-1031.00,1.A.1.f.1,Spatial Orientation,IM,1.5,8,0.189,1.1296,1.8704,N,,08/2019,Analyst
25-1031.00,1.A.1.f.1,Spatial Orientation,LV,0.62,8,0.2631,0.1094,1.1406,N,N,08/2019,Analyst
25-1031.00,1.A.1.f.2,Visualization,IM,3.5,8,0.189,3.1296,3.8704,N,,08/2019,Analyst
25-1031.00,1.A.1.f.2,Visualization,LV,4.12,8,0.125,3.88,4.37,N,N,08/2019,Analyst
25-1031.00,1.A.1.g.1,Selective Attention,IM,2.88,8,0.125,2.63,3.12,N,,08/2019,Analyst
25-1031.00,1.A.1.g.1,Selective Attention,LV,2.75,8,0.1637,2.4292,3.0708,N,N,08/2019,Analyst
25-1031.00,1.A.1.g.2,Time Sharing,IM,2.62,8,0.183,2.2664,2.9836,N,,08/2019,Analyst
25-1031.00,1.A.1.g.2,Time Sharing,LV,2.5,8,0.189,2.1296,2.8704,N,N,08/2019,Analyst
25-1031.00,1.A.2.a.1,Arm-Hand Steadiness,IM,1.5,8,0.189,1.1296,1.8704,N,,08/2019,Analyst
25-1031.00,1.A.2.a.1,Arm-Hand Steadiness,LV,0.75,8,0.3134,0.1358,1.3642,N,N,08/2019,Analyst
25-1031.00,1.A.2.a.2,Manual Dexterity,IM,1.0,8,0.0,1.0,1.0,N,,08/2019,Analyst
25-1031.00,1.A.2.a.2,Manual Dexterity,LV,0.0,8,0.0,0.0,0.0,N,Y,08/2019,Analyst
25-1031.00,1.A.2.a.3,Finger Dexterity,IM,1.88,8,0.125,1.63,2.12,N,,08/2019,Analyst
25-1031.00,1.A.2.a.3,Finger Dexterity,LV,1.5,8,0.2673,0.9762,2.0238,N,N,08/2019,Analyst
25-1031.00,1.A.2.b.1,Control Precision,IM,1.25,8,0.1637,1.0,1.5708,N,,08/2019,Analyst
25-1031.00,1.A.2.b.1,Control Precision,LV,0.38,8,0.2631,0.0,0.8906,N,Y,08/2019,Analyst
25-1031.00,1.A.2.b.2,Multilimb Coordination,IM,1.0,8,0.0,1.0,1.0,N,,08/2019,Analyst
25-1031.00,1.A.2.b.2,Multilimb Coordination,LV,0.0,8,0.0,0.0,0.0,N,Y,08/2019,Analyst
25-1031.00,1.A.2.b.3,Response Orientation,IM,1.0,8,0.0,1.0,1.0,N,,08/2019,Analyst
25-1031.00,1.A.2.b.3,Response Orientation,LV,0.0,8,0.0,0.0,0.0,N,Y,08/2019,Analyst
25-1031.00,1.A.2.b.4,Rate Control,IM,1.12,8,0.125,1.0,1.37,N,,08/2019,Analyst
25-1031.00,1.A.2.b.4,Rate Control,LV,0.12,8,0.125,0.0,0.37,N,Y,08/2019,Analyst
25-1031.00,1.A.2.c.1,Reaction Time,IM,1.25,8,0.1637,1.0,1.5708,N,,08/2019,Analyst
25-1031.00,1.A.2.c.1,Reaction Time,LV,0.25,8,0.1637,0.0,0.5708,N,Y,08/2019,Analyst
25-1031.00,1.A.2.c.2,Wrist-Finger Speed,IM,1.5,8,0.189,1.1296,1.8704,N,,08/2019,Analyst
25-1031.00,1.A.2.c.2,Wrist-Finger Speed,LV,0.62,8,0.2631,0.1094,1.1406,N,N,08/2019,Analyst
25-1031.00,1.A.2.c.3,Speed of Limb Movement,IM,1.0,8,0.0,1.0,1.0,N,,08/2019,Analyst
25-1031.00,1.A.2.c.3,Speed of Limb Movement,LV,0.0,8,0.0,0.0,0.0,N,Y,08/2019,Analyst
25-1031.00,1.A.3.a.1,Static Strength,IM,1.0,8,0.0,1.0,1.0,N,,08/2019,Analyst
25-1031.00,1.A.3.a.1,Static Strength,LV,0.0,8,0.0,0.0,0.0,N,Y,08/2019,Analyst
25-1031.00,1.A.3.a.2,Explosive Strength,IM,1.0,8,0.0,1.0,1.0,N,,08/2019,Analyst
25-1031.00,1.A.3.a.2,Explosive Strength,LV,0.0,8,0.0,0.0,0.0,N,Y,08/2019,Analyst
25-1031.00,1.A.3.a.3,Dynamic Strength,IM,1.0,8,0.0,1.0,1.0,N,,08/2019,Analyst
25-1031.00,1.A.3.a.3,Dynamic Strength,LV,0.0,8,0.0,0.0,0.0,N,Y,08/2019,Analyst
25-1031.00,1.A.3.a.4,Trunk Strength,IM,2.0,8,0.0,2.0,2.0,N,,08/2019,Analyst
25-1031.00,1.A.3.a.4,Trunk Strength,LV,1.88,8,0.125,1.63,2.12,N,N,08/2019,Analyst
25-1031.00,1.A.3.b.1,Stamina,IM,1.0,8,0.0,1.0,1.0,N,,08/2019,Analyst
25-1031.00,1.A.3.b.1,Stamina,LV,0.0,8,0.0,0.0,0.0,N,Y,08/2019,Analyst
25-1031.00,1.A.3.c.1,Extent Flexibility,IM,1.0,8,0.0,1.0,1.0,N,,08/2019,Analyst
25-1031.00,1.A.3.c.1,Extent Flexibility,LV,0.0,8,0.0,0.0,0.0,N,Y,08/2019,Analyst
25-1031.00,1.A.3.c.2,Dynamic Flexibility,IM,1.0,8,0.0,1.0,1.0,N,,08/2019,Analyst
25-1031.00,1.A.3.c.2,Dynamic Flexibility,LV,0.0,8,0.0,0.0,0.0,N,Y,08/2019,Analyst
25-1031.00,1.A.3.c.3,Gross Body Coordination,IM,1.0,8,0.0,1.0,1.0,N,,08/2019,Analyst
25-1031.00,1.A.3.c.3,Gross Body Coordination,LV,0.0,8,0.0,0.0,0.0,N,Y,08/2019,Analyst
25-1031.00,1.A.3.c.4,Gross Body Equilibrium,IM,1.0,8,0.0,1.0,1.0,N,,08/2019,Analyst
25-1031.00,1.A.3.c.4,Gross Body Equilibrium,LV,0.0,8,0.0,0.0,0.0,N,Y,08/2019,Analyst
25-1031.00,1.A.4.a.1,Near Vision,IM,3.75,8,0.1637,3.4292,4.0708,N,,08/2019,Analyst
25-1031.00,1.A.4.a.1,Near Vision,LV,4.0,8,0.0,4.0,4.0,N,N,08/2019,Analyst
25-1031.00,1.A.4.a.2,Far Vision,IM,3.25,8,0.1637,2.9292,3.5708,N,,08/2019,Analyst
25-1031.00,1.A.4.a.2,Far Vision,LV,3.25,8,0.1637,2.9292,3.5708,N,N,08/2019,Analyst
25-1031.00,1.A.4.a.3,Visual Color Discrimination,IM,2.12,8,0.125,1.88,2.37,N,,08/2019,Analyst
25-1031.00,1.A.4.a.3,Visual Color Discrimination,LV,2.25,8,0.1637,1.9292,2.5708,N,N,08/2019,Analyst
25-1031.00,1.A.4.a.4,Night Vision,IM,1.0,8,0.0,1.0,1.0,N,,08/2019,Analyst
25-1031.00,1.A.4.a.4,Night Vision,LV,0.0,8,0.0,0.0,0.0,N,Y,08/2019,Analyst
25-1031.00,1.A.4.a.5,Peripheral Vision,IM,1.0,8,0.0,1.0,1.0,N,,08/2019,Analyst
25-1031.00,1.A.4.a.5,Peripheral Vision,LV,0.0,8,0.0,0.0,0.0,N,Y,08/2019,Analyst
25-1031.00,1.A.4.a.6,Depth Perception,IM,1.88,8,0.125,1.63,2.12,N,,08/2019,Analyst
25-1031.00,1.A.4.a.6,Depth Perception,LV,1.38,8,0.2631,0.8594,1.8906,N,N,08/2019,Analyst
25-1031.00,1.A.4.a.7,Glare Sensitivity,IM,1.0,8,0.0,1.0,1.0,N,,08/2019,Analyst
25-1031.00,1.A.4.a.7,Glare Sensitivity,LV,0.0,8,0.0,0.0,0.0,N,Y,08/2019,Analyst
25-1031.00,1.A.4.b.1,Hearing Sensitivity,IM,1.75,8,0.1637,1.4292,2.0708,N,,08/2019,Analyst
25-1031.00,1.A.4.b.1,Hearing Sensitivity,LV,0.88,8,0.2266,0.4309,1.3191,N,N,08/2019,Analyst
25-1031.00,1.A.4.b.2,Auditory Attention,IM,1.88,8,0.125,1.63,2.12,N,,08/2019,Analyst
25-1031.00,1.A.4.b.2,Auditory Attention,LV,1.75,8,0.25,1.26,2.24,N,N,08/2019,Analyst
25-1031.00,1.A.4.b.3,Sound Localization,IM,1.0,8,0.0,1.0,1.0,N,,08/2019,Analyst
25-1031.00,1.A.4.b.3,Sound Localization,LV,0.0,8,0.0,0.0,0.0,N,Y,08/2019,Analyst
25-1031.00,1.A.4.b.4,Speech Recognition,IM,3.62,8,0.183,3.2664,3.9836,N,,08/2019,Analyst
25-1031.00,1.A.4.b.4,Speech Recognition,LV,3.62,8,0.183,3.2664,3.9836,N,N,08/2019,Analyst
25-1031.00,1.A.4.b.5,Speech Clarity,IM,4.12,8,0.125,3.88,4.37,N,,08/2019,Analyst
25-1031.00,1.A.4.b.5,Speech Clarity,LV,5.12,8,0.125,4.88,5.37,N,N,08/2019,Analyst
25-1032.00,1.A.1.a.1,Oral Comprehension,IM,4.0,8,0.0,4.0,4.0,N,,08/2019,Analyst
25-1032.00,1.A.1.a.1,Oral Comprehension,LV,5.12,8,0.125,4.88,5.37,N,N,08/2019,Analyst
25-1032.00,1.A.1.a.2,Written Comprehension,IM,4.12,8,0.125,3.88,4.37,N,,08/2019,Analyst
25-1032.00,1.A.1.a.2,Written Comprehension,LV,5.12,8,0.125,4.88,5.37,N,N,08/2019,Analyst
25-1032.00,1.A.1.a.3,Oral Expression,IM,4.38,8,0.183,4.0164,4.7336,N,,08/2019,Analyst
25-1032.00,1.A.1.a.3,Oral Expression,LV,5.38,8,0.183,5.0164,5.7336,N,N,08/2019,Analyst
25-1032.00,1.A.1.a.4,Written Expression,IM,3.88,8,0.125,3.63,4.12,N,,08/2019,Analyst
25-1032.00,1.A.1.a.4,Written Expression,LV,5.0,8,0.0,5.0,5.0,N,N,08/2019,Analyst
25-1032.00,1.A.1.b.1,Fluency of Ideas,IM,3.25,8,0.1637,2.9292,3.5708,N,,08/2019,Analyst
25-1032.00,1.A.1.b.1,Fluency of Ideas,LV,3.88,8,0.2266,3.4309,4.3191,N,N,08/2019,Analyst
25-1032.00,1.A.1.b.2,Originality,IM,3.25,8,0.1637,2.9292,3.5708,N,,08/2019,Analyst
25-1032.00,1.A.1.b.2,Originality,LV,3.88,8,0.2266,3.4309,4.3191,N,N,08/2019,Analyst
25-1032.00,1.A.1.b.3,Problem Sensitivity,IM,3.38,8,0.183,3.0164,3.7336,N,,08/2019,Analyst
25-1032.00,1.A.1.b.3,Problem Sensitivity,LV,3.75,8,0.1637,3.4292,4.0708,N,N,08/2019,Analyst
25-1032.00,1.A.1.b.4,Deductive Reasoning,IM,3.88,8,0.125,3.63,4.12,N,,08/2019,Analyst
25-1032.00,1.A.1.b.4,Deductive Reasoning,LV,4.25,8,0.1637,3.9292,4.5708,N,N,08/2019,Analyst
25-1032.00,1.A.1.b.5,Inductive Reasoning,IM,3.88,8,0.125,3.63,4.12,N,,08/2019,Analyst
25-1032.00,1.A.1.b.5,Inductive Reasoning,LV,4.25,8,0.1637,3.9292,4.5708,N,N,08/2019,Analyst
25-1032.00,1.A.1.b.6,Information Ordering,IM,3.75,8,0.1637,3.4292,4.0708,N,,08/2019,Analyst
25-1032.00,1.A.1.b.6,Information Ordering,LV,4.12,8,0.125,3.88,4.37,N,N,08/2019,Analyst
25-1032.00,1.A.1.b.7,Category Flexibility,IM,3.75,8,0.1637,3.4292,4.0708,N,,08/2019,Analyst
25-1032.00,1.A.1.b.7,Category Flexibility,LV,4.12,8,0.125,3.88,4.37,N,N,08/2019,Analyst
25-1032.00,1.A.1.c.1,Mathematical Reasoning,IM,3.75,8,0.1637,3.4292,4.0708,N,,08/2019,Analyst
25-1032.00,1.A.1.c.1,Mathematical Reasoning,LV,4.25,8,0.1637,3.9292,4.5708,N,N,08/2019,Analyst
25-1032.00,1.A.1.c.2,Number Facility,IM,3.38,8,0.183,3.0164,3.7336,N,,08/2019,Analyst
25-1032.00,1.A.1.c.2,Number Facility,LV,4.25,8,0.1637,3.9292,4.5708,N,N,08/2019,Analyst
25-1032.00,1.A.1.d.1,Memorization,IM,2.88,8,0.125,2.63,3.12,N,,08/2019,Analyst
25-1032.00,1.A.1.d.1,Memorization,LV,2.88,8,0.125,2.63,3.12,N,N,08/2019,Analyst
25-1032.00,1.A.1.e.1,Speed of Closure,IM,2.5,8,0.189,2.1296,2.8704,N,,08/2019,Analyst
25-1032.00,1.A.1.e.1,Speed of Closure,LV,2.75,8,0.1637,2.4292,3.0708,N,N,08/2019,Analyst
25-1032.00,1.A.1.e.2,Flexibility of Closure,IM,3.0,8,0.0,3.0,3.0,N,,08/2019,Analyst
25-1032.00,1.A.1.e.2,Flexibility of Closure,LV,3.0,8,0.0,3.0,3.0,N,N,08/2019,Analyst
25-1032.00,1.A.1.e.3,Perceptual Speed,IM,2.62,8,0.183,2.2664,2.9836,N,,08/2019,Analyst
25-1032.00,1.A.1.e.3,Perceptual Speed,LV,2.12,8,0.125,1.88,2.37,N,N,08/2019,Analyst
25-1032.00,1.A.1.f.1,Spatial Orientation,IM,1.0,8,0.0,1.0,1.0,N,,08/2019,Analyst
25-1032.00,1.A.1.f.1,Spatial Orientation,LV,0.0,8,0.0,0.0,0.0,N,Y,08/2019,Analyst
25-1032.00,1.A.1.f.2,Visualization,IM,3.12,8,0.125,2.88,3.37,N,,08/2019,Analyst
25-1032.00,1.A.1.f.2,Visualization,LV,3.38,8,0.2631,2.8594,3.8906,N,N,08/2019,Analyst
25-1032.00,1.A.1.g.1,Selective Attention,IM,3.0,8,0.189,2.6296,3.3704,N,,08/2019,Analyst
25-1032.00,1.A.1.g.1,Selective Attention,LV,3.12,8,0.125,2.88,3.37,N,N,08/2019,Analyst
25-1032.00,1.A.1.g.2,Time Sharing,IM,2.62,8,0.183,2.2664,2.9836,N,,08/2019,Analyst
25-1032.00,1.A.1.g.2,Time Sharing,LV,2.38,8,0.183,2.0164,2.7336,N,N,08/2019,Analyst
25-1032.00,1.A.2.a.1,Arm-Hand Steadiness,IM,1.5,8,0.189,1.1296,1.8704,N,,08/2019,Analyst
25-1032.00,1.A.2.a.1,Arm-Hand Steadiness,LV,0.62,8,0.2631,0.1094,1.1406,N,N,08/2019,Analyst
25-1032.00,1.A.2.a.2,Manual Dexterity,IM,1.0,8,0.0,1.0,1.0,N,,08/2019,Analyst
25-1032.00,1.A.2.a.2,Manual Dexterity,LV,0.0,8,0.0,0.0,0.0,N,Y,08/2019,Analyst
25-1032.00,1.A.2.a.3,Finger Dexterity,IM,1.62,8,0.183,1.2664,1.9836,N,,08/2019,Analyst
25-1032.00,1.A.2.a.3,Finger Dexterity,LV,1.25,8,0.366,0.5327,1.9673,N,N,08/2019,Analyst
25-1032.00,1.A.2.b.1,Control Precision,IM,1.12,8,0.125,1.0,1.37,N,,08/2019,Analyst
25-1032.00,1.A.2.b.1,Control Precision,LV,0.12,8,0.125,0.0,0.37,N,Y,08/2019,Analyst
25-1032.00,1.A.2.b.2,Multilimb Coordination,IM,1.0,8,0.0,1.0,1.0,N,,08/2019,Analyst
25-1032.00,1.A.2.b.2,Multilimb Coordination,LV,0.0,8,0.0,0.0,0.0,N,Y,08/2019,Analyst
25-1032.00,1.A.2.b.3,Response Orientation,IM,1.0,8,0.0,1.0,1.0,N,,08/2019,Analyst
25-1032.00,1.A.2.b.3,Response Orientation,LV,0.0,8,0.0,0.0,0.0,N,Y,08/2019,Analyst
25-1032.00,1.A.2.b.4,Rate Control,IM,1.12,8,0.125,1.0,1.37,N,,08/2019,Analyst
25-1032.00,1.A.2.b.4,Rate Control,LV,0.12,8,0.125,0.0,0.37,N,Y,08/2019,Analyst
25-1032.00,1.A.2.c.1,Reaction Time,IM,1.12,8,0.125,1.0,1.37,N,,08/2019,Analyst
25-1032.00,1.A.2.c.1,Reaction Time,LV,0.12,8,0.125,0.0,0.37,N,Y,08/2019,Analyst
25-1032.00,1.A.2.c.2,Wrist-Finger Speed,IM,1.38,8,0.183,1.0164,1.7336,N,,08/2019,Analyst
25-1032.00,1.A.2.c.2,Wrist-Finger Speed,LV,0.5,8,0.2673,0.0,1.0238,N,N,08/2019,Analyst
25-1032.00,1.A.2.c.3,Speed of Limb Movement,IM,1.0,8,0.0,1.0,1.0,N,,08/2019,Analyst
25-1032.00,1.A.2.c.3,Speed of Limb Movement,LV,0.0,8,0.0,0.0,0.0,N,Y,08/2019,Analyst
25-1032.00,1.A.3.a.1,Static Strength,IM,1.0,8,0.0,1.0,1.0,N,,08/2019,Analyst
25-1032.00,1.A.3.a.1,Static Strength,LV,0.0,8,0.0,0.0,0.0,N,Y,08/2019,Analyst
25-1032.00,1.A.3.a.2,Explosive Strength,IM,1.0,8,0.0,1.0,1.0,N,,08/2019,Analyst
25-1032.00,1.A.3.a.2,Explosive Strength,LV,0.0,8,0.0,0.0,0.0,N,Y,08/2019,Analyst
25-1032.00,1.A.3.a.3,Dynamic Strength,IM,1.0,8,0.0,1.0,1.0,N,,08/2019,Analyst
25-1032.00,1.A.3.a.3,Dynamic Strength,LV,0.0,8,0.0,0.0,0.0,N,Y,08/2019,Analyst
25-1032.00,1.A.3.a.4,Trunk Strength,IM,1.62,8,0.183,1.2664,1.9836,N,,08/2019,Analyst
25-1032.00,1.A.3.a.4,Trunk Strength,LV,1.0,8,0.3273,0.3584,1.6416,N,N,08/2019,Analyst
25-1032.00,1.A.3.b.1,Stamina,IM,1.0,8,0.0,1.0,1.0,N,,08/2019,Analyst
25-1032.00,1.A.3.b.1,Stamina,LV,0.0,8,0.0,0.0,0.0,N,Y,08/2019,Analyst
25-1032.00,1.A.3.c.1,Extent Flexibility,IM,1.0,8,0.0,1.0,1.0,N,,08/2019,Analyst
25-1032.00,1.A.3.c.1,Extent Flexibility,LV,0.0,8,0.0,0.0,0.0,N,Y,08/2019,Analyst
25-1032.00,1.A.3.c.2,Dynamic Flexibility,IM,1.0,8,0.0,1.0,1.0,N,,08/2019,Analyst
25-1032.00,1.A.3.c.2,Dynamic Flexibility,LV,0.0,8,0.0,0.0,0.0,N,Y,08/2019,Analyst
25-1032.00,1.A.3.c.3,Gross Body Coordination,IM,1.0,8,0.0,1.0,1.0,N,,08/2019,Analyst
25-1032.00,1.A.3.c.3,Gross Body Coordination,LV,0.0,8,0.0,0.0,0.0,N,Y,08/2019,Analyst
25-1032.00,1.A.3.c.4,Gross Body Equilibrium,IM,1.0,8,0.0,1.0,1.0,N,,08/2019,Analyst
25-1032.00,1.A.3.c.4,Gross Body Equilibrium,LV,0.0,8,0.0,0.0,0.0,N,Y,08/2019,Analyst
25-1032.00,1.A.4.a.1,Near Vision,IM,3.75,8,0.1637,3.4292,4.0708,N,,08/2019,Analyst
25-1032.00,1.A.4.a.1,Near Vision,LV,3.88,8,0.125,3.63,4.12,N,N,08/2019,Analyst
25-1032.00,1.A.4.a.2,Far Vision,IM,2.88,8,0.125,2.63,3.12,N,,08/2019,Analyst
25-1032.00,1.A.4.a.2,Far Vision,LV,3.12,8,0.125,2.88,3.37,N,N,08/2019,Analyst
25-1032.00,1.A.4.a.3,Visual Color Discrimination,IM,2.5,8,0.189,2.1296,2.8704,N,,08/2019,Analyst
25-1032.00,1.A.4.a.3,Visual Color Discrimination,LV,2.5,8,0.189,2.1296,2.8704,N,N,08/2019,Analyst
25-1032.00,1.A.4.a.4,Night Vision,IM,1.0,8,0.0,1.0,1.0,N,,08/2019,Analyst
25-1032.00,1.A.4.a.4,Night Vision,LV,0.0,8,0.0,0.0,0.0,N,Y,08/2019,Analyst
25-1032.00,1.A.4.a.5,Peripheral Vision,IM,1.0,8,0.0,1.0,1.0,N,,08/2019,Analyst
25-1032.00,1.A.4.a.5,Peripheral Vision,LV,0.0,8,0.0,0.0,0.0,N,Y,08/2019,Analyst
25-1032.00,1.A.4.a.6,Depth Perception,IM,1.88,8,0.125,1.63,2.12,N,,08/2019,Analyst
25-1032.00,1.A.4.a.6,Depth Perception,LV,1.25,8,0.25,0.76,1.74,N,N,08/2019,Analyst
25-1032.00,1.A.4.a.7,Glare Sensitivity,IM,1.0,8,0.0,1.0,1.0,N,,08/2019,Analyst
25-1032.00,1.A.4.a.7,Glare Sensitivity,LV,0.0,8,0.0,0.0,0.0,N,Y,08/2019,Analyst
25-1032.00,1.A.4.b.1,Hearing Sensitivity,IM,2.12,8,0.125,1.88,2.37,N,,08/2019,Analyst
25-1032.00,1.A.4.b.1,Hearing Sensitivity,LV,2.12,8,0.125,1.88,2.37,N,N,08/2019,Analyst
25-1032.00,1.A.4.b.2,Auditory Attention,IM,2.0,8,0.189,1.6296,2.3704,N,,08/2019,Analyst
25-1032.00,1.A.4.b.2,Auditory Attention,LV,1.75,8,0.25,1.26,2.24,N,N,08/2019,Analyst
25-1032.00,1.A.4.b.3,Sound Localization,IM,1.0,8,0.0,1.0,1.0,N,,08/2019,Analyst
25-1032.00,1.A.4.b.3,Sound Localization,LV,0.0,8,0.0,0.0,0.0,N,Y,08/2019,Analyst
25-1032.00,1.A.4.b.4,Speech Recognition,IM,3.75,8,0.1637,3.4292,4.0708,N,,08/2019,Analyst
25-1032.00,1.A.4.b.4,Speech Recognition,LV,4.0,8,0.0,4.0,4.0,N,N,08/2019,Analyst
25-1032.00,1.A.4.b.5,Speech Clarity,IM,4.25,8,0.1637,3.9292,4.5708,N,,08/2019,Analyst
25-1032.00,1.A.4.b.5,Speech Clarity,LV,4.75,8,0.25,4.26,5.24,N,N,08/2019,Analyst
25-1041.00,1.A.1.a.1,Oral Comprehension,IM,4.12,8,0.125,3.88,4.37,N,,08/2019,Analyst
25-1041.00,1.A.1.a.1,Oral Comprehension,LV,5.0,8,0.0,5.0,5.0,N,N,08/2019,Analyst
25-1041.00,1.A.1.a.2,Written Comprehension,IM,4.12,8,0.125,3.88,4.37,N,,08/2019,Analyst
25-1041.00,1.A.1.a.2,Written Comprehension,LV,4.88,8,0.125,4.63,5.12,N,N,08/2019,Analyst
25-1041.00,1.A.1.a.3,Oral Expression,IM,4.5,8,0.189,4.1296,4.8704,N,,08/2019,Analyst
25-1041.00,1.A.1.a.3,Oral Expression,LV,5.62,8,0.183,5.2664,5.9836,N,N,08/2019,Analyst
25-1041.00,1.A.1.a.4,Written Expression,IM,4.0,8,0.0,4.0,4.0,N,,08/2019,Analyst
25-1041.00,1.A.1.a.4,Written Expression,LV,4.88,8,0.125,4.63,5.12,N,N,08/2019,Analyst
25-1041.00,1.A.1.b.1,Fluency of Ideas,IM,3.38,8,0.183,3.0164,3.7336,N,,08/2019,Analyst
25-1041.00,1.A.1.b.1,Fluency of Ideas,LV,3.75,8,0.25,3.26,4.24,N,N,08/2019,Analyst
25-1041.00,1.A.1.b.2,Originality,IM,3.12,8,0.125,2.88,3.37,N,,08/2019,Analyst
25-1041.00,1.A.1.b.2,Originality,LV,3.75,8,0.1637,3.4292,4.0708,N,N,08/2019,Analyst
25-1041.00,1.A.1.b.3,Problem Sensitivity,IM,3.75,8,0.1637,3.4292,4.0708,N,,08/2019,Analyst
25-1041.00,1.A.1.b.3,Problem Sensitivity,LV,3.75,8,0.1637,3.4292,4.0708,N,N,08/2019,Analyst
25-1041.00,1.A.1.b.4,Deductive Reasoning,IM,4.0,8,0.0,4.0,4.0,N,,08/2019,Analyst
25-1041.00,1.A.1.b.4,Deductive Reasoning,LV,4.25,8,0.1637,3.9292,4.5708,N,N,08/2019,Analyst
25-1041.00,1.A.1.b.5,Inductive Reasoning,IM,4.0,8,0.0,4.0,4.0,N,,08/2019,Analyst
25-1041.00,1.A.1.b.5,Inductive Reasoning,LV,4.25,8,0.1637,3.9292,4.5708,N,N,08/2019,Analyst
25-1041.00,1.A.1.b.6,Information Ordering,IM,3.25,8,0.1637,2.9292,3.5708,N,,08/2019,Analyst
25-1041.00,1.A.1.b.6,Information Ordering,LV,3.88,8,0.125,3.63,4.12,N,N,08/2019,Analyst
25-1041.00,1.A.1.b.7,Category Flexibility,IM,3.12,8,0.125,2.88,3.37,N,,08/2019,Analyst
25-1041.00,1.A.1.b.7,Category Flexibility,LV,3.12,8,0.125,2.88,3.37,N,N,08/2019,Analyst
25-1041.00,1.A.1.c.1,Mathematical Reasoning,IM,3.0,8,0.0,3.0,3.0,N,,08/2019,Analyst
25-1041.00,1.A.1.c.1,Mathematical Reasoning,LV,3.25,8,0.1637,2.9292,3.5708,N,N,08/2019,Analyst
25-1041.00,1.A.1.c.2,Number Facility,IM,3.0,8,0.0,3.0,3.0,N,,08/2019,Analyst
25-1041.00,1.A.1.c.2,Number Facility,LV,3.12,8,0.125,2.88,3.37,N,N,08/2019,Analyst
25-1041.00,1.A.1.d.1,Memorization,IM,3.0,8,0.0,3.0,3.0,N,,08/2019,Analyst
25-1041.00,1.A.1.d.1,Memorization,LV,3.0,8,0.0,3.0,3.0,N,N,08/2019,Analyst
25-1041.00,1.A.1.e.1,Speed of Closure,IM,2.12,8,0.125,1.88,2.37,N,,08/2019,Analyst
25-1041.00,1.A.1.e.1,Speed of Closure,LV,2.12,8,0.125,1.88,2.37,N,N,08/2019,Analyst
25-1041.00,1.A.1.e.2,Flexibility of Closure,IM,2.5,8,0.189,2.1296,2.8704,N,,08/2019,Analyst
25-1041.00,1.A.1.e.2,Flexibility of Closure,LV,2.38,8,0.183,2.0164,2.7336,N,N,08/2019,Analyst
25-1041.00,1.A.1.e.3,Perceptual Speed,IM,2.12,8,0.125,1.88,2.37,N,,08/2019,Analyst
25-1041.00,1.A.1.e.3,Perceptual Speed,LV,2.12,8,0.125,1.88,2.37,N,N,08/2019,Analyst
25-1041.00,1.A.1.f.1,Spatial Orientation,IM,1.12,8,0.125,1.0,1.37,N,,08/2019,Analyst
25-1041.00,1.A.1.f.1,Spatial Orientation,LV,0.12,8,0.125,0.0,0.37,N,Y,08/2019,Analyst
25-1041.00,1.A.1.f.2,Visualization,IM,2.12,8,0.125,1.88,2.37,N,,08/2019,Analyst
25-1041.00,1.A.1.f.2,Visualization,LV,2.0,8,0.189,1.6296,2.3704,N,N,08/2019,Analyst
25-1041.00,1.A.1.g.1,Selective Attention,IM,2.62,8,0.183,2.2664,2.9836,N,,08/2019,Analyst
25-1041.00,1.A.1.g.1,Selective Attention,LV,2.25,8,0.1637,1.9292,2.5708,N,N,08/2019,Analyst
25-1041.00,1.A.1.g.2,Time Sharing,IM,2.12,8,0.125,1.88,2.37,N,,08/2019,Analyst
25-1041.00,1.A.1.g.2,Time Sharing,LV,2.0,8,0.0,2.0,2.0,N,N,08/2019,Analyst
25-1041.00,1.A.2.a.1,Arm-Hand Steadiness,IM,2.0,8,0.189,1.6296,2.3704,N,,08/2019,Analyst
25-1041.00,1.A.2.a.1,Arm-Hand Steadiness,LV,1.12,8,0.2266,0.6809,1.5691,N,N,08/2019,Analyst
25-1041.00,1.A.2.a.2,Manual Dexterity,IM,2.0,8,0.189,1.6296,2.3704,N,,08/2019,Analyst
25-1041.00,1.A.2.a.2,Manual Dexterity,LV,1.12,8,0.2266,0.6809,1.5691,N,N,08/2019,Analyst
25-1041.00,1.A.2.a.3,Finger Dexterity,IM,2.12,8,0.125,1.88,2.37,N,,08/2019,Analyst
25-1041.00,1.A.2.a.3,Finger Dexterity,LV,2.0,8,0.189,1.6296,2.3704,N,N,08/2019,Analyst
25-1041.00,1.A.2.b.1,Control Precision,IM,2.0,8,0.189,1.6296,2.3704,N,,08/2019,Analyst
25-1041.00,1.A.2.b.1,Control Precision,LV,1.75,8,0.3134,1.1358,2.3642,N,N,08/2019,Analyst
25-1041.00,1.A.2.b.2,Multilimb Coordination,IM,2.0,8,0.189,1.6296,2.3704,N,,08/2019,Analyst
25-1041.00,1.A.2.b.2,Multilimb Coordination,LV,1.25,8,0.3134,0.6358,1.8642,N,N,08/2019,Analyst
25-1041.00,1.A.2.b.3,Response Orientation,IM,1.5,8,0.189,1.1296,1.8704,N,,08/2019,Analyst
25-1041.00,1.A.2.b.3,Response Orientation,LV,0.5,8,0.189,0.1296,0.8704,N,N,08/2019,Analyst
25-1041.00,1.A.2.b.4,Rate Control,IM,1.75,8,0.1637,1.4292,2.0708,N,,08/2019,Analyst
25-1041.00,1.A.2.b.4,Rate Control,LV,0.75,8,0.1637,0.4292,1.0708,N,N,08/2019,Analyst
25-1041.00,1.A.2.c.1,Reaction Time,IM,1.75,8,0.1637,1.4292,2.0708,N,,08/2019,Analyst
25-1041.00,1.A.2.c.1,Reaction Time,LV,0.75,8,0.1637,0.4292,1.0708,N,N,08/2019,Analyst
25-1041.00,1.A.2.c.2,Wrist-Finger Speed,IM,1.88,8,0.125,1.63,2.12,N,,08/2019,Analyst
25-1041.00,1.A.2.c.2,Wrist-Finger Speed,LV,1.0,8,0.189,0.6296,1.3704,N,N,08/2019,Analyst
25-1041.00,1.A.2.c.3,Speed of Limb Movement,IM,1.0,8,0.0,1.0,1.0,N,,08/2019,Analyst
25-1041.00,1.A.2.c.3,Speed of Limb Movement,LV,0.0,8,0.0,0.0,0.0,N,Y,08/2019,Analyst
25-1041.00,1.A.3.a.1,Static Strength,IM,1.88,8,0.2266,1.4309,2.3191,N,,08/2019,Analyst
25-1041.00,1.A.3.a.1,Static Strength,LV,1.0,8,0.2673,0.4762,1.5238,N,N,08/2019,Analyst
25-1041.00,1.A.3.a.2,Explosive Strength,IM,1.38,8,0.183,1.0164,1.7336,N,,08/2019,Analyst
25-1041.00,1.A.3.a.2,Explosive Strength,LV,0.38,8,0.183,0.0164,0.7336,N,N,08/2019,Analyst
25-1041.00,1.A.3.a.3,Dynamic Strength,IM,1.75,8,0.1637,1.4292,2.0708,N,,08/2019,Analyst
25-1041.00,1.A.3.a.3,Dynamic Strength,LV,0.88,8,0.2266,0.4309,1.3191,N,N,08/2019,Analyst
25-1041.00,1.A.3.a.4,Trunk Strength,IM,2.25,8,0.1637,1.9292,2.5708,N,,08/2019,Analyst
25-1041.00,1.A.3.a.4,Trunk Strength,LV,2.0,8,0.189,1.6296,2.3704,N,N,08/2019,Analyst
25-1041.00,1.A.3.b.1,Stamina,IM,1.75,8,0.1637,1.4292,2.0708,N,,08/2019,Analyst
25-1041.00,1.A.3.b.1,Stamina,LV,0.88,8,0.2266,0.4309,1.3191,N,N,08/2019,Analyst
25-1041.00,1.A.3.c.1,Extent Flexibility,IM,1.88,8,0.125,1.63,2.12,N,,08/2019,Analyst
25-1041.00,1.A.3.c.1,Extent Flexibility,LV,1.0,8,0.189,0.6296,1.3704,N,N,08/2019,Analyst
25-1041.00,1.A.3.c.2,Dynamic Flexibility,IM,1.0,8,0.0,1.0,1.0,N,,08/2019,Analyst
25-1041.00,1.A.3.c.2,Dynamic Flexibility,LV,0.0,8,0.0,0.0,0.0,N,Y,08/2019,Analyst
25-1041.00,1.A.3.c.3,Gross Body Coordination,IM,1.62,8,0.183,1.2664,1.9836,N,,08/2019,Analyst
25-1041.00,1.A.3.c.3,Gross Body Coordination,LV,0.75,8,0.25,0.26,1.24,N,N,08/2019,Analyst
25-1041.00,1.A.3.c.4,Gross Body Equilibrium,IM,1.5,8,0.189,1.1296,1.8704,N,,08/2019,Analyst
25-1041.00,1.A.3.c.4,Gross Body Equilibrium,LV,0.5,8,0.189,0.1296,0.8704,N,N,08/2019,Analyst
25-1041.00,1.A.4.a.1,Near Vision,IM,3.25,8,0.1637,2.9292,3.5708,N,,08/2019,Analyst
25-1041.00,1.A.4.a.1,Near Vision,LV,3.38,8,0.183,3.0164,3.7336,N,N,08/2019,Analyst
25-1041.00,1.A.4.a.2,Far Vision,IM,2.88,8,0.125,2.63,3.12,N,,08/2019,Analyst
25-1041.00,1.A.4.a.2,Far Vision,LV,3.12,8,0.125,2.88,3.37,N,N,08/2019,Analyst
25-1041.00,1.A.4.a.3,Visual Color Discrimination,IM,2.0,8,0.189,1.6296,2.3704,N,,08/2019,Analyst
25-1041.00,1.A.4.a.3,Visual Color Discrimination,LV,1.25,8,0.25,0.76,1.74,N,N,08/2019,Analyst
25-1041.00,1.A.4.a.4,Night Vision,IM,1.0,8,0.0,1.0,1.0,N,,08/2019,Analyst
25-1041.00,1.A.4.a.4,Night Vision,LV,0.0,8,0.0,0.0,0.0,N,Y,08/2019,Analyst
25-1041.00,1.A.4.a.5,Peripheral Vision,IM,1.0,8,0.0,1.0,1.0,N,,08/2019,Analyst
25-1041.00,1.A.4.a.5,Peripheral Vision,LV,0.0,8,0.0,0.0,0.0,N,Y,08/2019,Analyst
25-1041.00,1.A.4.a.6,Depth Perception,IM,1.88,8,0.125,1.63,2.12,N,,08/2019,Analyst
25-1041.00,1.A.4.a.6,Depth Perception,LV,1.0,8,0.189,0.6296,1.3704,N,N,08/2019,Analyst
25-1041.00,1.A.4.a.7,Glare Sensitivity,IM,1.0,8,0.0,1.0,1.0,N,,08/2019,Analyst
25-1041.00,1.A.4.a.7,Glare Sensitivity,LV,0.0,8,0.0,0.0,0.0,N,Y,08/2019,Analyst
25-1041.00,1.A.4.b.1,Hearing Sensitivity,IM,1.88,8,0.2266,1.4309,2.3191,N,,08/2019,Analyst
25-1041.00,1.A.4.b.1,Hearing Sensitivity,LV,1.12,8,0.295,0.5467,1.7033,N,N,08/2019,Analyst
25-1041.00,1.A.4.b.2,Auditory Attention,IM,2.0,8,0.0,2.0,2.0,N,,08/2019,Analyst
25-1041.00,1.A.4.b.2,Auditory Attention,LV,1.5,8,0.189,1.1296,1.8704,N,N,08/2019,Analyst
25-1041.00,1.A.4.b.3,Sound Localization,IM,1.0,8,0.0,1.0,1.0,N,,08/2019,Analyst
25-1041.00,1.A.4.b.3,Sound Localization,LV,0.0,8,0.0,0.0,0.0,N,Y,08/2019,Analyst
25-1041.00,1.A.4.b.4,Speech Recognition,IM,3.75,8,0.1637,3.4292,4.0708,N,,08/2019,Analyst
25-1041.00,1.A.4.b.4,Speech Recognition,LV,4.0,8,0.0,4.0,4.0,N,N,08/2019,Analyst
25-1041.00,1.A.4.b.5,Speech Clarity,IM,4.12,8,0.125,3.88,4.37,N,,08/2019,Analyst
25-1041.00,1.A.4.b.5,Speech Clarity,LV,5.0,8,0.0,5.0,5.0,N,N,08/2019,Analyst
25-1042.00,1.A.1.a.1,Oral Comprehension,IM,4.12,8,0.125,3.88,4.37,N,,08/2019,Analyst
25-1042.00,1.A.1.a.1,Oral Comprehension,LV,5.12,8,0.125,4.88,5.37,N,N,08/2019,Analyst
25-1042.00,1.A.1.a.2,Written Comprehension,IM,4.12,8,0.125,3.88,4.37,N,,08/2019,Analyst
25-1042.00,1.A.1.a.2,Written Comprehension,LV,5.0,8,0.0,5.0,5.0,N,N,08/2019,Analyst
25-1042.00,1.A.1.a.3,Oral Expression,IM,4.62,8,0.183,4.2664,4.9836,N,,08/2019,Analyst
25-1042.00,1.A.1.a.3,Oral Expression,LV,5.5,8,0.189,5.1296,5.8704,N,N,08/2019,Analyst
25-1042.00,1.A.1.a.4,Written Expression,IM,4.12,8,0.125,3.88,4.37,N,,08/2019,Analyst
25-1042.00,1.A.1.a.4,Written Expression,LV,5.0,8,0.189,4.6296,5.3704,N,N,08/2019,Analyst
25-1042.00,1.A.1.b.1,Fluency of Ideas,IM,3.38,8,0.183,3.0164,3.7336,N,,08/2019,Analyst
25-1042.00,1.A.1.b.1,Fluency of Ideas,LV,3.62,8,0.183,3.2664,3.9836,N,N,08/2019,Analyst
25-1042.00,1.A.1.b.2,Originality,IM,3.12,8,0.125,2.88,3.37,N,,08/2019,Analyst
25-1042.00,1.A.1.b.2,Originality,LV,3.75,8,0.1637,3.4292,4.0708,N,N,08/2019,Analyst
25-1042.00,1.A.1.b.3,Problem Sensitivity,IM,3.25,8,0.1637,2.9292,3.5708,N,,08/2019,Analyst
25-1042.00,1.A.1.b.3,Problem Sensitivity,LV,3.62,8,0.183,3.2664,3.9836,N,N,08/2019,Analyst
25-1042.00,1.A.1.b.4,Deductive Reasoning,IM,4.0,8,0.0,4.0,4.0,N,,08/2019,Analyst
25-1042.00,1.A.1.b.4,Deductive Reasoning,LV,4.12,8,0.125,3.88,4.37,N,N,08/2019,Analyst
25-1042.00,1.A.1.b.5,Inductive Reasoning,IM,4.0,8,0.0,4.0,4.0,N,,08/2019,Analyst
25-1042.00,1.A.1.b.5,Inductive Reasoning,LV,4.25,8,0.25,3.76,4.74,N,N,08/2019,Analyst
25-1042.00,1.A.1.b.6,Information Ordering,IM,3.5,8,0.189,3.1296,3.8704,N,,08/2019,Analyst
25-1042.00,1.A.1.b.6,Information Ordering,LV,4.0,8,0.189,3.6296,4.3704,N,N,08/2019,Analyst
25-1042.00,1.A.1.b.7,Category Flexibility,IM,3.25,8,0.1637,2.9292,3.5708,N,,08/2019,Analyst
25-1042.00,1.A.1.b.7,Category Flexibility,LV,4.0,8,0.189,3.6296,4.3704,N,N,08/2019,Analyst
25-1042.00,1.A.1.c.1,Mathematical Reasoning,IM,3.12,8,0.125,2.88,3.37,N,,08/2019,Analyst
25-1042.00,1.A.1.c.1,Mathematical Reasoning,LV,3.12,8,0.125,2.88,3.37,N,N,08/2019,Analyst
25-1042.00,1.A.1.c.2,Number Facility,IM,2.5,8,0.2673,1.9762,3.0238,N,,08/2019,Analyst
25-1042.00,1.A.1.c.2,Number Facility,LV,2.75,8,0.25,2.26,3.24,N,N,08/2019,Analyst
25-1042.00,1.A.1.d.1,Memorization,IM,2.75,8,0.1637,2.4292,3.0708,N,,08/2019,Analyst
25-1042.00,1.A.1.d.1,Memorization,LV,2.88,8,0.125,2.63,3.12,N,N,08/2019,Analyst
25-1042.00,1.A.1.e.1,Speed of Closure,IM,2.25,8,0.1637,1.9292,2.5708,N,,08/2019,Analyst
25-1042.00,1.A.1.e.1,Speed of Closure,LV,2.25,8,0.1637,1.9292,2.5708,N,N,08/2019,Analyst
25-1042.00,1.A.1.e.2,Flexibility of Closure,IM,2.5,8,0.189,2.1296,2.8704,N,,08/2019,Analyst
25-1042.00,1.A.1.e.2,Flexibility of Closure,LV,2.38,8,0.183,2.0164,2.7336,N,N,08/2019,Analyst
25-1042.00,1.A.1.e.3,Perceptual Speed,IM,2.25,8,0.1637,1.9292,2.5708,N,,08/2019,Analyst
25-1042.00,1.A.1.e.3,Perceptual Speed,LV,2.25,8,0.1637,1.9292,2.5708,N,N,08/2019,Analyst
25-1042.00,1.A.1.f.1,Spatial Orientation,IM,1.0,8,0.0,1.0,1.0,N,,08/2019,Analyst
25-1042.00,1.A.1.f.1,Spatial Orientation,LV,0.0,8,0.0,0.0,0.0,N,Y,08/2019,Analyst
25-1042.00,1.A.1.f.2,Visualization,IM,2.0,8,0.189,1.6296,2.3704,N,,08/2019,Analyst
25-1042.00,1.A.1.f.2,Visualization,LV,2.12,8,0.3981,1.3447,2.9053,N,N,08/2019,Analyst
25-1042.00,1.A.1.g.1,Selective Attention,IM,2.88,8,0.125,2.63,3.12,N,,08/2019,Analyst
25-1042.00,1.A.1.g.1,Selective Attention,LV,2.75,8,0.1637,2.4292,3.0708,N,N,08/2019,Analyst
25-1042.00,1.A.1.g.2,Time Sharing,IM,2.25,8,0.1637,1.9292,2.5708,N,,08/2019,Analyst
25-1042.00,1.A.1.g.2,Time Sharing,LV,2.25,8,0.1637,1.9292,2.5708,N,N,08/2019,Analyst
25-1042.00,1.A.2.a.1,Arm-Hand Steadiness,IM,1.75,8,0.1637,1.4292,2.0708,N,,08/2019,Analyst
25-1042.00,1.A.2.a.1,Arm-Hand Steadiness,LV,1.12,8,0.295,0.5467,1.7033,N,N,08/2019,Analyst
25-1042.00,1.A.2.a.2,Manual Dexterity,IM,1.75,8,0.1637,1.4292,2.0708,N,,08/2019,Analyst
25-1042.00,1.A.2.a.2,Manual Dexterity,LV,1.0,8,0.2673,0.4762,1.5238,N,N,08/2019,Analyst
25-1042.00,1.A.2.a.3,Finger Dexterity,IM,1.75,8,0.1637,1.4292,2.0708,N,,08/2019,Analyst
25-1042.00,1.A.2.a.3,Finger Dexterity,LV,1.5,8,0.3273,0.8584,2.1416,N,N,08/2019,Analyst
25-1042.00,1.A.2.b.1,Control Precision,IM,1.75,8,0.1637,1.4292,2.0708,N,,08/2019,Analyst
25-1042.00,1.A.2.b.1,Control Precision,LV,1.12,8,0.295,0.5467,1.7033,N,N,08/2019,Analyst
25-1042.00,1.A.2.b.2,Multilimb Coordination,IM,1.0,8,0.0,1.0,1.0,N,,08/2019,Analyst
25-1042.00,1.A.2.b.2,Multilimb Coordination,LV,0.0,8,0.0,0.0,0.0,N,Y,08/2019,Analyst
25-1042.00,1.A.2.b.3,Response Orientation,IM,1.0,8,0.0,1.0,1.0,N,,08/2019,Analyst
25-1042.00,1.A.2.b.3,Response Orientation,LV,0.0,8,0.0,0.0,0.0,N,Y,08/2019,Analyst
25-1042.00,1.A.2.b.4,Rate Control,IM,1.0,8,0.0,1.0,1.0,N,,08/2019,Analyst
25-1042.00,1.A.2.b.4,Rate Control,LV,0.0,8,0.0,0.0,0.0,N,Y,08/2019,Analyst
25-1042.00,1.A.2.c.1,Reaction Time,IM,1.0,8,0.0,1.0,1.0,N,,08/2019,Analyst
25-1042.00,1.A.2.c.1,Reaction Time,LV,0.0,8,0.0,0.0,0.0,N,Y,08/2019,Analyst
25-1042.00,1.A.2.c.2,Wrist-Finger Speed,IM,1.12,8,0.125,1.0,1.37,N,,08/2019,Analyst
25-1042.00,1.A.2.c.2,Wrist-Finger Speed,LV,0.12,8,0.125,0.0,0.37,N,Y,08/2019,Analyst
25-1042.00,1.A.2.c.3,Speed of Limb Movement,IM,1.0,8,0.0,1.0,1.0,N,,08/2019,Analyst
25-1042.00,1.A.2.c.3,Speed of Limb Movement,LV,0.0,8,0.0,0.0,0.0,N,Y,08/2019,Analyst
25-1042.00,1.A.3.a.1,Static Strength,IM,1.0,8,0.0,1.0,1.0,N,,08/2019,Analyst
25-1042.00,1.A.3.a.1,Static Strength,LV,0.0,8,0.0,0.0,0.0,N,Y,08/2019,Analyst
25-1042.00,1.A.3.a.2,Explosive Strength,IM,1.0,8,0.0,1.0,1.0,N,,08/2019,Analyst
25-1042.00,1.A.3.a.2,Explosive Strength,LV,0.0,8,0.0,0.0,0.0,N,Y,08/2019,Analyst
25-1042.00,1.A.3.a.3,Dynamic Strength,IM,1.0,8,0.0,1.0,1.0,N,,08/2019,Analyst
25-1042.00,1.A.3.a.3,Dynamic Strength,LV,0.0,8,0.0,0.0,0.0,N,Y,08/2019,Analyst
25-1042.00,1.A.3.a.4,Trunk Strength,IM,1.88,8,0.125,1.63,2.12,N,,08/2019,Analyst
25-1042.00,1.A.3.a.4,Trunk Strength,LV,1.62,8,0.2631,1.1094,2.1406,N,N,08/2019,Analyst
25-1042.00,1.A.3.b.1,Stamina,IM,1.0,8,0.0,1.0,1.0,N,,08/2019,Analyst
25-1042.00,1.A.3.b.1,Stamina,LV,0.0,8,0.0,0.0,0.0,N,Y,08/2019,Analyst
25-1042.00,1.A.3.c.1,Extent Flexibility,IM,1.0,8,0.0,1.0,1.0,N,,08/2019,Analyst
25-1042.00,1.A.3.c.1,Extent Flexibility,LV,0.0,8,0.0,0.0,0.0,N,Y,08/2019,Analyst
25-1042.00,1.A.3.c.2,Dynamic Flexibility,IM,1.0,8,0.0,1.0,1.0,N,,08/2019,Analyst
25-1042.00,1.A.3.c.2,Dynamic Flexibility,LV,0.0,8,0.0,0.0,0.0,N,Y,08/2019,Analyst
25-1042.00,1.A.3.c.3,Gross Body Coordination,IM,1.0,8,0.0,1.0,1.0,N,,08/2019,Analyst
25-1042.00,1.A.3.c.3,Gross Body Coordination,LV,0.0,8,0.0,0.0,0.0,N,Y,08/2019,Analyst
25-1042.00,1.A.3.c.4,Gross Body Equilibrium,IM,1.0,8,0.0,1.0,1.0,N,,08/2019,Analyst
25-1042.00,1.A.3.c.4,Gross Body Equilibrium,LV,0.0,8,0.0,0.0,0.0,N,Y,08/2019,Analyst
25-1042.00,1.A.4.a.1,Near Vision,IM,3.62,8,0.183,3.2664,3.9836,N,,08/2019,Analyst
25-1042.00,1.A.4.a.1,Near Vision,LV,4.0,8,0.0,4.0,4.0,N,N,08/2019,Analyst
25-1042.00,1.A.4.a.2,Far Vision,IM,3.0,8,0.0,3.0,3.0,N,,08/2019,Analyst
25-1042.00,1.A.4.a.2,Far Vision,LV,3.0,8,0.0,3.0,3.0,N,N,08/2019,Analyst
25-1042.00,1.A.4.a.3,Visual Color Discrimination,IM,2.0,8,0.189,1.6296,2.3704,N,,08/2019,Analyst
25-1042.00,1.A.4.a.3,Visual Color Discrimination,LV,2.0,8,0.3273,1.3584,2.6416,N,N,08/2019,Analyst
25-1042.00,1.A.4.a.4,Night Vision,IM,1.0,8,0.0,1.0,1.0,N,,08/2019,Analyst
25-1042.00,1.A.4.a.4,Night Vision,LV,0.0,8,0.0,0.0,0.0,N,Y,08/2019,Analyst
25-1042.00,1.A.4.a.5,Peripheral Vision,IM,1.0,8,0.0,1.0,1.0,N,,08/2019,Analyst
25-1042.00,1.A.4.a.5,Peripheral Vision,LV,0.0,8,0.0,0.0,0.0,N,Y,08/2019,Analyst
25-1042.00,1.A.4.a.6,Depth Perception,IM,1.75,8,0.1637,1.4292,2.0708,N,,08/2019,Analyst
25-1042.00,1.A.4.a.6,Depth Perception,LV,0.88,8,0.2266,0.4309,1.3191,N,N,08/2019,Analyst
25-1042.00,1.A.4.a.7,Glare Sensitivity,IM,1.0,8,0.0,1.0,1.0,N,,08/2019,Analyst
25-1042.00,1.A.4.a.7,Glare Sensitivity,LV,0.0,8,0.0,0.0,0.0,N,Y,08/2019,Analyst
25-1042.00,1.A.4.b.1,Hearing Sensitivity,IM,1.75,8,0.1637,1.4292,2.0708,N,,08/2019,Analyst
25-1042.00,1.A.4.b.1,Hearing Sensitivity,LV,0.88,8,0.2266,0.4309,1.3191,N,N,08/2019,Analyst
25-1042.00,1.A.4.b.2,Auditory Attention,IM,2.0,8,0.0,2.0,2.0,N,,08/2019,Analyst
25-1042.00,1.A.4.b.2,Auditory Attention,LV,1.5,8,0.189,1.1296,1.8704,N,N,08/2019,Analyst
25-1042.00,1.A.4.b.3,Sound Localization,IM,1.0,8,0.0,1.0,1.0,N,,08/2019,Analyst
25-1042.00,1.A.4.b.3,Sound Localization,LV,0.0,8,0.0,0.0,0.0,N,Y,08/2019,Analyst
25-1042.00,1.A.4.b.4,Speech Recognition,IM,3.75,8,0.1637,3.4292,4.0708,N,,08/2019,Analyst
25-1042.00,1.A.4.b.4,Speech Recognition,LV,4.0,8,0.0,4.0,4.0,N,N,08/2019,Analyst
25-1042.00,1.A.4.b.5,Speech Clarity,IM,4.12,8,0.2266,3.6809,4.5691,N,,08/2019,Analyst
25-1042.00,1.A.4.b.5,Speech Clarity,LV,4.88,8,0.2266,4.4309,5.3191,N,N,08/2019,Analyst
25-1043.00,1.A.1.a.1,Oral Comprehension,IM,4.12,8,0.125,3.88,4.37,N,,08/2020,Analyst
25-1043.00,1.A.1.a.1,Oral Comprehension,LV,4.88,8,0.125,4.63,5.12,N,N,08/2020,Analyst
25-1043.00,1.A.1.a.2,Written Comprehension,IM,4.25,8,0.1637,3.9292,4.5708,N,,08/2020,Analyst
25-1043.00,1.A.1.a.2,Written Comprehension,LV,5.0,8,0.0,5.0,5.0,N,N,08/2020,Analyst
25-1043.00,1.A.1.a.3,Oral Expression,IM,4.75,8,0.1637,4.4292,5.0,N,,08/2020,Analyst
25-1043.00,1.A.1.a.3,Oral Expression,LV,5.0,8,0.0,5.0,5.0,N,N,08/2020,Analyst
25-1043.00,1.A.1.a.4,Written Expression,IM,4.12,8,0.125,3.88,4.37,N,,08/2020,Analyst
25-1043.00,1.A.1.a.4,Written Expression,LV,4.88,8,0.125,4.63,5.12,N,N,08/2020,Analyst
25-1043.00,1.A.1.b.1,Fluency of Ideas,IM,3.12,8,0.125,2.88,3.37,N,,08/2020,Analyst
25-1043.00,1.A.1.b.1,Fluency of Ideas,LV,3.75,8,0.1637,3.4292,4.0708,N,N,08/2020,Analyst
25-1043.00,1.A.1.b.2,Originality,IM,3.0,8,0.0,3.0,3.0,N,,08/2020,Analyst
25-1043.00,1.A.1.b.2,Originality,LV,3.75,8,0.1637,3.4292,4.0708,N,N,08/2020,Analyst
25-1043.00,1.A.1.b.3,Problem Sensitivity,IM,3.62,8,0.183,3.2664,3.9836,N,,08/2020,Analyst
25-1043.00,1.A.1.b.3,Problem Sensitivity,LV,3.75,8,0.1637,3.4292,4.0708,N,N,08/2020,Analyst
25-1043.00,1.A.1.b.4,Deductive Reasoning,IM,3.75,8,0.1637,3.4292,4.0708,N,,08/2020,Analyst
25-1043.00,1.A.1.b.4,Deductive Reasoning,LV,4.12,8,0.125,3.88,4.37,N,N,08/2020,Analyst
25-1043.00,1.A.1.b.5,Inductive Reasoning,IM,3.75,8,0.1637,3.4292,4.0708,N,,08/2020,Analyst
25-1043.00,1.A.1.b.5,Inductive Reasoning,LV,4.12,8,0.125,3.88,4.37,N,N,08/2020,Analyst
25-1043.00,1.A.1.b.6,Information Ordering,IM,3.12,8,0.125,2.88,3.37,N,,08/2020,Analyst
25-1043.00,1.A.1.b.6,Information Ordering,LV,3.25,8,0.1637,2.9292,3.5708,N,N,08/2020,Analyst
25-1043.00,1.A.1.b.7,Category Flexibility,IM,3.12,8,0.125,2.88,3.37,N,,08/2020,Analyst
25-1043.00,1.A.1.b.7,Category Flexibility,LV,3.25,8,0.1637,2.9292,3.5708,N,N,08/2020,Analyst
25-1043.00,1.A.1.c.1,Mathematical Reasoning,IM,3.25,8,0.1637,2.9292,3.5708,N,,08/2020,Analyst
25-1043.00,1.A.1.c.1,Mathematical Reasoning,LV,3.25,8,0.1637,2.9292,3.5708,N,N,08/2020,Analyst
25-1043.00,1.A.1.c.2,Number Facility,IM,2.88,8,0.125,2.63,3.12,N,,08/2020,Analyst
25-1043.00,1.A.1.c.2,Number Facility,LV,2.88,8,0.125,2.63,3.12,N,N,08/2020,Analyst
25-1043.00,1.A.1.d.1,Memorization,IM,2.75,8,0.1637,2.4292,3.0708,N,,08/2020,Analyst
25-1043.00,1.A.1.d.1,Memorization,LV,2.88,8,0.125,2.63,3.12,N,N,08/2020,Analyst
25-1043.00,1.A.1.e.1,Speed of Closure,IM,2.0,8,0.0,2.0,2.0,N,,08/2020,Analyst
25-1043.00,1.A.1.e.1,Speed of Closure,LV,2.0,8,0.0,2.0,2.0,N,N,08/2020,Analyst
25-1043.00,1.A.1.e.2,Flexibility of Closure,IM,2.75,8,0.1637,2.4292,3.0708,N,,08/2020,Analyst
25-1043.00,1.A.1.e.2,Flexibility of Closure,LV,2.12,8,0.125,1.88,2.37,N,N,08/2020,Analyst
25-1043.00,1.A.1.e.3,Perceptual Speed,IM,2.38,8,0.183,2.0164,2.7336,N,,08/2020,Analyst
25-1043.00,1.A.1.e.3,Perceptual Speed,LV,2.38,8,0.183,2.0164,2.7336,N,N,08/2020,Analyst
25-1043.00,1.A.1.f.1,Spatial Orientation,IM,1.5,8,0.189,1.1296,1.8704,N,,08/2020,Analyst
25-1043.00,1.A.1.f.1,Spatial Orientation,LV,0.75,8,0.3134,0.1358,1.3642,N,N,08/2020,Analyst
25-1043.00,1.A.1.f.2,Visualization,IM,2.0,8,0.0,2.0,2.0,N,,08/2020,Analyst
25-1043.00,1.A.1.f.2,Visualization,LV,2.25,8,0.1637,1.9292,2.5708,N,N,08/2020,Analyst
25-1043.00,1.A.1.g.1,Selective Attention,IM,2.88,8,0.125,2.63,3.12,N,,08/2020,Analyst
25-1043.00,1.A.1.g.1,Selective Attention,LV,2.75,8,0.1637,2.4292,3.0708,N,N,08/2020,Analyst
25-1043.00,1.A.1.g.2,Time Sharing,IM,2.12,8,0.125,1.88,2.37,N,,08/2020,Analyst
25-1043.00,1.A.1.g.2,Time Sharing,LV,2.12,8,0.125,1.88,2.37,N,N,08/2020,Analyst
25-1043.00,1.A.2.a.1,Arm-Hand Steadiness,IM,1.62,8,0.183,1.2664,1.9836,N,,08/2020,Analyst
25-1043.00,1.A.2.a.1,Arm-Hand Steadiness,LV,0.62,8,0.183,0.2664,0.9836,N,N,08/2020,Analyst
25-1043.00,1.A.2.a.2,Manual Dexterity,IM,1.0,8,0.0,1.0,1.0,N,,08/2020,Analyst
25-1043.00,1.A.2.a.2,Manual Dexterity,LV,0.0,8,0.0,0.0,0.0,N,Y,08/2020,Analyst
25-1043.00,1.A.2.a.3,Finger Dexterity,IM,1.75,8,0.1637,1.4292,2.0708,N,,08/2020,Analyst
25-1043.00,1.A.2.a.3,Finger Dexterity,LV,1.0,8,0.2673,0.4762,1.5238,N,N,08/2020,Analyst
25-1043.00,1.A.2.b.1,Control Precision,IM,2.0,8,0.0,2.0,2.0,N,,08/2020,Analyst
25-1043.00,1.A.2.b.1,Control Precision,LV,1.25,8,0.1637,0.9292,1.5708,N,N,08/2020,Analyst
25-1043.00,1.A.2.b.2,Multilimb Coordination,IM,2.0,8,0.0,2.0,2.0,N,,08/2020,Analyst
25-1043.00,1.A.2.b.2,Multilimb Coordination,LV,1.38,8,0.183,1.0164,1.7336,N,N,08/2020,Analyst
25-1043.00,1.A.2.b.3,Response Orientation,IM,1.62,8,0.183,1.2664,1.9836,N,,08/2020,Analyst
25-1043.00,1.A.2.b.3,Response Orientation,LV,0.75,8,0.25,0.26,1.24,N,N,08/2020,Analyst
25-1043.00,1.A.2.b.4,Rate Control,IM,1.5,8,0.189,1.1296,1.8704,N,,08/2020,Analyst
25-1043.00,1.A.2.b.4,Rate Control,LV,0.5,8,0.189,0.1296,0.8704,N,N,08/2020,Analyst
25-1043.00,1.A.2.c.1,Reaction Time,IM,1.62,8,0.183,1.2664,1.9836,N,,08/2020,Analyst
25-1043.00,1.A.2.c.1,Reaction Time,LV,0.88,8,0.295,0.2967,1.4533,N,N,08/2020,Analyst
25-1043.00,1.A.2.c.2,Wrist-Finger Speed,IM,1.25,8,0.1637,1.0,1.5708,N,,08/2020,Analyst
25-1043.00,1.A.2.c.2,Wrist-Finger Speed,LV,0.38,8,0.2631,0.0,0.8906,N,Y,08/2020,Analyst
25-1043.00,1.A.2.c.3,Speed of Limb Movement,IM,1.0,8,0.0,1.0,1.0,N,,08/2020,Analyst
25-1043.00,1.A.2.c.3,Speed of Limb Movement,LV,0.0,8,0.0,0.0,0.0,N,Y,08/2020,Analyst
25-1043.00,1.A.3.a.1,Static Strength,IM,1.62,8,0.183,1.2664,1.9836,N,,08/2020,Analyst
25-1043.00,1.A.3.a.1,Static Strength,LV,0.62,8,0.183,0.2664,0.9836,N,N,08/2020,Analyst
25-1043.00,1.A.3.a.2,Explosive Strength,IM,1.38,8,0.183,1.0164,1.7336,N,,08/2020,Analyst
25-1043.00,1.A.3.a.2,Explosive Strength,LV,0.38,8,0.183,0.0164,0.7336,N,N,08/2020,Analyst
25-1043.00,1.A.3.a.3,Dynamic Strength,IM,1.38,8,0.183,1.0164,1.7336,N,,08/2020,Analyst
25-1043.00,1.A.3.a.3,Dynamic Strength,LV,0.38,8,0.183,0.0164,0.7336,N,N,08/2020,Analyst
25-1043.00,1.A.3.a.4,Trunk Strength,IM,1.62,8,0.183,1.2664,1.9836,N,,08/2020,Analyst
25-1043.00,1.A.3.a.4,Trunk Strength,LV,0.88,8,0.295,0.2967,1.4533,N,N,08/2020,Analyst
25-1043.00,1.A.3.b.1,Stamina,IM,1.38,8,0.183,1.0164,1.7336,N,,08/2020,Analyst
25-1043.00,1.A.3.b.1,Stamina,LV,0.38,8,0.183,0.0164,0.7336,N,N,08/2020,Analyst
25-1043.00,1.A.3.c.1,Extent Flexibility,IM,1.38,8,0.183,1.0164,1.7336,N,,08/2020,Analyst
25-1043.00,1.A.3.c.1,Extent Flexibility,LV,0.38,8,0.183,0.0164,0.7336,N,N,08/2020,Analyst
25-1043.00,1.A.3.c.2,Dynamic Flexibility,IM,1.0,8,0.0,1.0,1.0,N,,08/2020,Analyst
25-1043.00,1.A.3.c.2,Dynamic Flexibility,LV,0.0,8,0.0,0.0,0.0,N,Y,08/2020,Analyst
25-1043.00,1.A.3.c.3,Gross Body Coordination,IM,1.38,8,0.183,1.0164,1.7336,N,,08/2020,Analyst
25-1043.00,1.A.3.c.3,Gross Body Coordination,LV,0.38,8,0.183,0.0164,0.7336,N,N,08/2020,Analyst
25-1043.00,1.A.3.c.4,Gross Body Equilibrium,IM,1.38,8,0.183,1.0164,1.7336,N,,08/2020,Analyst
25-1043.00,1.A.3.c.4,Gross Body Equilibrium,LV,0.38,8,0.183,0.0164,0.7336,N,N,08/2020,Analyst
25-1043.00,1.A.4.a.1,Near Vision,IM,3.5,8,0.189,3.1296,3.8704,N,,08/2020,Analyst
25-1043.00,1.A.4.a.1,Near Vision,LV,3.75,8,0.1637,3.4292,4.0708,N,N,08/2020,Analyst
25-1043.00,1.A.4.a.2,Far Vision,IM,2.88,8,0.125,2.63,3.12,N,,08/2020,Analyst
25-1043.00,1.A.4.a.2,Far Vision,LV,3.0,8,0.0,3.0,3.0,N,N,08/2020,Analyst
25-1043.00,1.A.4.a.3,Visual Color Discrimination,IM,2.0,8,0.0,2.0,2.0,N,,08/2020,Analyst
25-1043.00,1.A.4.a.3,Visual Color Discrimination,LV,1.75,8,0.1637,1.4292,2.0708,N,N,08/2020,Analyst
25-1043.00,1.A.4.a.4,Night Vision,IM,1.5,8,0.189,1.1296,1.8704,N,,08/2020,Analyst
25-1043.00,1.A.4.a.4,Night Vision,LV,0.62,8,0.2631,0.1094,1.1406,N,N,08/2020,Analyst
25-1043.00,1.A.4.a.5,Peripheral Vision,IM,1.5,8,0.189,1.1296,1.8704,N,,08/2020,Analyst
25-1043.00,1.A.4.a.5,Peripheral Vision,LV,0.62,8,0.2631,0.1094,1.1406,N,N,08/2020,Analyst
25-1043.00,1.A.4.a.6,Depth Perception,IM,2.0,8,0.0,2.0,2.0,N,,08/2020,Analyst
25-1043.00,1.A.4.a.6,Depth Perception,LV,1.88,8,0.125,1.63,2.12,N,N,08/2020,Analyst
25-1043.00,1.A.4.a.7,Glare Sensitivity,IM,1.62,8,0.183,1.2664,1.9836,N,,08/2020,Analyst
25-1043.00,1.A.4.a.7,Glare Sensitivity,LV,0.75,8,0.25,0.26,1.24,N,N,08/2020,Analyst
25-1043.00,1.A.4.b.1,Hearing Sensitivity,IM,2.0,8,0.189,1.6296,2.3704,N,,08/2020,Analyst
25-1043.00,1.A.4.b.1,Hearing Sensitivity,LV,1.62,8,0.3239,0.9902,2.2598,N,N,08/2020,Analyst
25-1043.00,1.A.4.b.2,Auditory Attention,IM,2.12,8,0.125,1.88,2.37,N,,08/2020,Analyst
25-1043.00,1.A.4.b.2,Auditory Attention,LV,1.5,8,0.189,1.1296,1.8704,N,N,08/2020,Analyst
25-1043.00,1.A.4.b.3,Sound Localization,IM,1.5,8,0.189,1.1296,1.8704,N,,08/2020,Analyst
25-1043.00,1.A.4.b.3,Sound Localization,LV,0.62,8,0.2631,0.1094,1.1406,N,N,08/2020,Analyst
25-1043.00,1.A.4.b.4,Speech Recognition,IM,3.75,8,0.1637,3.4292,4.0708,N,,08/2020,Analyst
25-1043.00,1.A.4.b.4,Speech Recognition,LV,4.0,8,0.0,4.0,4.0,N,N,08/2020,Analyst
25-1043.00,1.A.4.b.5,Speech Clarity,IM,3.88,8,0.2266,3.4309,4.3191,N,,08/2020,Analyst
25-1043.00,1.A.4.b.5,Speech Clarity,LV,4.88,8,0.125,4.63,5.12,N,N,08/2020,Analyst
25-1051.00,1.A.1.a.1,Oral Comprehension,IM,4.0,8,0.0,4.0,4.0,N,,08/2019,Analyst
25-1051.00,1.A.1.a.1,Oral Comprehension,LV,5.12,8,0.125,4.88,5.37,N,N,08/2019,Analyst
25-1051.00,1.A.1.a.2,Written Comprehension,IM,4.0,8,0.0,4.0,4.0,N,,08/2019,Analyst
25-1051.00,1.A.1.a.2,Written Comprehension,LV,5.12,8,0.125,4.88,5.37,N,N,08/2019,Analyst
25-1051.00,1.A.1.a.3,Oral Expression,IM,4.75,8,0.1637,4.4292,5.0,N,,08/2019,Analyst
25-1051.00,1.A.1.a.3,Oral Expression,LV,5.25,8,0.1637,4.9292,5.5708,N,N,08/2019,Analyst
25-1051.00,1.A.1.a.4,Written Expression,IM,4.0,8,0.0,4.0,4.0,N,,08/2019,Analyst
25-1051.00,1.A.1.a.4,Written Expression,LV,5.12,8,0.125,4.88,5.37,N,N,08/2019,Analyst
25-1051.00,1.A.1.b.1,Fluency of Ideas,IM,3.0,8,0.0,3.0,3.0,N,,08/2019,Analyst
25-1051.00,1.A.1.b.1,Fluency of Ideas,LV,3.88,8,0.2266,3.4309,4.3191,N,N,08/2019,Analyst
25-1051.00,1.A.1.b.2,Originality,IM,3.0,8,0.0,3.0,3.0,N,,08/2019,Analyst
25-1051.00,1.A.1.b.2,Originality,LV,3.88,8,0.2266,3.4309,4.3191,N,N,08/2019,Analyst
25-1051.00,1.A.1.b.3,Problem Sensitivity,IM,3.62,8,0.183,3.2664,3.9836,N,,08/2019,Analyst
25-1051.00,1.A.1.b.3,Problem Sensitivity,LV,4.12,8,0.125,3.88,4.37,N,N,08/2019,Analyst
25-1051.00,1.A.1.b.4,Deductive Reasoning,IM,4.0,8,0.0,4.0,4.0,N,,08/2019,Analyst
25-1051.00,1.A.1.b.4,Deductive Reasoning,LV,4.25,8,0.25,3.76,4.74,N,N,08/2019,Analyst
25-1051.00,1.A.1.b.5,Inductive Reasoning,IM,4.0,8,0.0,4.0,4.0,N,,08/2019,Analyst
25-1051.00,1.A.1.b.5,Inductive Reasoning,LV,4.25,8,0.25,3.76,4.74,N,N,08/2019,Analyst
25-1051.00,1.A.1.b.6,Information Ordering,IM,3.38,8,0.183,3.0164,3.7336,N,,08/2019,Analyst
25-1051.00,1.A.1.b.6,Information Ordering,LV,4.0,8,0.189,3.6296,4.3704,N,N,08/2019,Analyst
25-1051.00,1.A.1.b.7,Category Flexibility,IM,3.12,8,0.125,2.88,3.37,N,,08/2019,Analyst
25-1051.00,1.A.1.b.7,Category Flexibility,LV,4.0,8,0.3273,3.3584,4.6416,N,N,08/2019,Analyst
25-1051.00,1.A.1.c.1,Mathematical Reasoning,IM,3.38,8,0.183,3.0164,3.7336,N,,08/2019,Analyst
25-1051.00,1.A.1.c.1,Mathematical Reasoning,LV,4.0,8,0.189,3.6296,4.3704,N,N,08/2019,Analyst
25-1051.00,1.A.1.c.2,Number Facility,IM,3.25,8,0.1637,2.9292,3.5708,N,,08/2019,Analyst
25-1051.00,1.A.1.c.2,Number Facility,LV,3.38,8,0.2631,2.8594,3.8906,N,N,08/2019,Analyst
25-1051.00,1.A.1.d.1,Memorization,IM,3.0,8,0.0,3.0,3.0,N,,08/2019,Analyst
25-1051.00,1.A.1.d.1,Memorization,LV,3.0,8,0.0,3.0,3.0,N,N,08/2019,Analyst
25-1051.00,1.A.1.e.1,Speed of Closure,IM,2.12,8,0.125,1.88,2.37,N,,08/2019,Analyst
25-1051.00,1.A.1.e.1,Speed of Closure,LV,2.25,8,0.1637,1.9292,2.5708,N,N,08/2019,Analyst
25-1051.00,1.A.1.e.2,Flexibility of Closure,IM,2.62,8,0.183,2.2664,2.9836,N,,08/2019,Analyst
25-1051.00,1.A.1.e.2,Flexibility of Closure,LV,2.75,8,0.1637,2.4292,3.0708,N,N,08/2019,Analyst
25-1051.00,1.A.1.e.3,Perceptual Speed,IM,2.12,8,0.125,1.88,2.37,N,,08/2019,Analyst
25-1051.00,1.A.1.e.3,Perceptual Speed,LV,2.12,8,0.125,1.88,2.37,N,N,08/2019,Analyst
25-1051.00,1.A.1.f.1,Spatial Orientation,IM,1.0,8,0.0,1.0,1.0,N,,08/2019,Analyst
25-1051.00,1.A.1.f.1,Spatial Orientation,LV,0.0,8,0.0,0.0,0.0,N,Y,08/2019,Analyst
25-1051.00,1.A.1.f.2,Visualization,IM,2.12,8,0.125,1.88,2.37,N,,08/2019,Analyst
25-1051.00,1.A.1.f.2,Visualization,LV,2.25,8,0.1637,1.9292,2.5708,N,N,08/2019,Analyst
25-1051.00,1.A.1.g.1,Selective Attention,IM,2.75,8,0.1637,2.4292,3.0708,N,,08/2019,Analyst
25-1051.00,1.A.1.g.1,Selective Attention,LV,2.75,8,0.1637,2.4292,3.0708,N,N,08/2019,Analyst
25-1051.00,1.A.1.g.2,Time Sharing,IM,2.12,8,0.125,1.88,2.37,N,,08/2019,Analyst
25-1051.00,1.A.1.g.2,Time Sharing,LV,2.12,8,0.125,1.88,2.37,N,N,08/2019,Analyst
25-1051.00,1.A.2.a.1,Arm-Hand Steadiness,IM,1.12,8,0.125,1.0,1.37,N,,08/2019,Analyst
25-1051.00,1.A.2.a.1,Arm-Hand Steadiness,LV,0.12,8,0.125,0.0,0.37,N,Y,08/2019,Analyst
25-1051.00,1.A.2.a.2,Manual Dexterity,IM,1.0,8,0.0,1.0,1.0,N,,08/2019,Analyst
25-1051.00,1.A.2.a.2,Manual Dexterity,LV,0.0,8,0.0,0.0,0.0,N,Y,08/2019,Analyst
25-1051.00,1.A.2.a.3,Finger Dexterity,IM,1.75,8,0.1637,1.4292,2.0708,N,,08/2019,Analyst
25-1051.00,1.A.2.a.3,Finger Dexterity,LV,0.88,8,0.2266,0.4309,1.3191,N,N,08/2019,Analyst
25-1051.00,1.A.2.b.1,Control Precision,IM,1.0,8,0.0,1.0,1.0,N,,08/2019,Analyst
25-1051.00,1.A.2.b.1,Control Precision,LV,0.0,8,0.0,0.0,0.0,N,Y,08/2019,Analyst
25-1051.00,1.A.2.b.2,Multilimb Coordination,IM,1.25,8,0.1637,1.0,1.5708,N,,08/2019,Analyst
25-1051.00,1.A.2.b.2,Multilimb Coordination,LV,0.25,8,0.1637,0.0,0.5708,N,Y,08/2019,Analyst
25-1051.00,1.A.2.b.3,Response Orientation,IM,1.0,8,0.0,1.0,1.0,N,,08/2019,Analyst
25-1051.00,1.A.2.b.3,Response Orientation,LV,0.0,8,0.0,0.0,0.0,N,Y,08/2019,Analyst
25-1051.00,1.A.2.b.4,Rate Control,IM,1.0,8,0.0,1.0,1.0,N,,08/2019,Analyst
25-1051.00,1.A.2.b.4,Rate Control,LV,0.0,8,0.0,0.0,0.0,N,Y,08/2019,Analyst
25-1051.00,1.A.2.c.1,Reaction Time,IM,1.0,8,0.0,1.0,1.0,N,,08/2019,Analyst
25-1051.00,1.A.2.c.1,Reaction Time,LV,0.0,8,0.0,0.0,0.0,N,Y,08/2019,Analyst
25-1051.00,1.A.2.c.2,Wrist-Finger Speed,IM,1.38,8,0.183,1.0164,1.7336,N,,08/2019,Analyst
25-1051.00,1.A.2.c.2,Wrist-Finger Speed,LV,0.5,8,0.2673,0.0,1.0238,N,N,08/2019,Analyst
25-1051.00,1.A.2.c.3,Speed of Limb Movement,IM,1.0,8,0.0,1.0,1.0,N,,08/2019,Analyst
25-1051.00,1.A.2.c.3,Speed of Limb Movement,LV,0.0,8,0.0,0.0,0.0,N,Y,08/2019,Analyst
25-1051.00,1.A.3.a.1,Static Strength,IM,1.25,8,0.1637,1.0,1.5708,N,,08/2019,Analyst
25-1051.00,1.A.3.a.1,Static Strength,LV,0.25,8,0.1637,0.0,0.5708,N,Y,08/2019,Analyst
25-1051.00,1.A.3.a.2,Explosive Strength,IM,1.0,8,0.0,1.0,1.0,N,,08/2019,Analyst
25-1051.00,1.A.3.a.2,Explosive Strength,LV,0.0,8,0.0,0.0,0.0,N,Y,08/2019,Analyst
25-1051.00,1.A.3.a.3,Dynamic Strength,IM,1.12,8,0.125,1.0,1.37,N,,08/2019,Analyst
25-1051.00,1.A.3.a.3,Dynamic Strength,LV,0.12,8,0.125,0.0,0.37,N,Y,08/2019,Analyst
25-1051.00,1.A.3.a.4,Trunk Strength,IM,1.88,8,0.125,1.63,2.12,N,,08/2019,Analyst
25-1051.00,1.A.3.a.4,Trunk Strength,LV,1.38,8,0.2631,0.8594,1.8906,N,N,08/2019,Analyst
25-1051.00,1.A.3.b.1,Stamina,IM,1.0,8,0.0,1.0,1.0,N,,08/2019,Analyst
25-1051.00,1.A.3.b.1,Stamina,LV,0.0,8,0.0,0.0,0.0,N,Y,08/2019,Analyst
25-1051.00,1.A.3.c.1,Extent Flexibility,IM,1.0,8,0.0,1.0,1.0,N,,08/2019,Analyst
25-1051.00,1.A.3.c.1,Extent Flexibility,LV,0.0,8,0.0,0.0,0.0,N,Y,08/2019,Analyst
25-1051.00,1.A.3.c.2,Dynamic Flexibility,IM,1.0,8,0.0,1.0,1.0,N,,08/2019,Analyst
25-1051.00,1.A.3.c.2,Dynamic Flexibility,LV,0.0,8,0.0,0.0,0.0,N,Y,08/2019,Analyst
25-1051.00,1.A.3.c.3,Gross Body Coordination,IM,1.0,8,0.0,1.0,1.0,N,,08/2019,Analyst
25-1051.00,1.A.3.c.3,Gross Body Coordination,LV,0.0,8,0.0,0.0,0.0,N,Y,08/2019,Analyst
25-1051.00,1.A.3.c.4,Gross Body Equilibrium,IM,1.0,8,0.0,1.0,1.0,N,,08/2019,Analyst
25-1051.00,1.A.3.c.4,Gross Body Equilibrium,LV,0.0,8,0.0,0.0,0.0,N,Y,08/2019,Analyst
25-1051.00,1.A.4.a.1,Near Vision,IM,3.62,8,0.183,3.2664,3.9836,N,,08/2019,Analyst
25-1051.00,1.A.4.a.1,Near Vision,LV,4.0,8,0.189,3.6296,4.3704,N,N,08/2019,Analyst
25-1051.00,1.A.4.a.2,Far Vision,IM,2.88,8,0.125,2.63,3.12,N,,08/2019,Analyst
25-1051.00,1.A.4.a.2,Far Vision,LV,3.0,8,0.0,3.0,3.0,N,N,08/2019,Analyst
25-1051.00,1.A.4.a.3,Visual Color Discrimination,IM,1.88,8,0.125,1.63,2.12,N,,08/2019,Analyst
25-1051.00,1.A.4.a.3,Visual Color Discrimination,LV,1.75,8,0.25,1.26,2.24,N,N,08/2019,Analyst
25-1051.00,1.A.4.a.4,Night Vision,IM,1.0,8,0.0,1.0,1.0,N,,08/2019,Analyst
25-1051.00,1.A.4.a.4,Night Vision,LV,0.0,8,0.0,0.0,0.0,N,Y,08/2019,Analyst
25-1051.00,1.A.4.a.5,Peripheral Vision,IM,1.0,8,0.0,1.0,1.0,N,,08/2019,Analyst
25-1051.00,1.A.4.a.5,Peripheral Vision,LV,0.0,8,0.0,0.0,0.0,N,Y,08/2019,Analyst
25-1051.00,1.A.4.a.6,Depth Perception,IM,1.75,8,0.1637,1.4292,2.0708,N,,08/2019,Analyst
25-1051.00,1.A.4.a.6,Depth Perception,LV,0.75,8,0.1637,0.4292,1.0708,N,N,08/2019,Analyst
25-1051.00,1.A.4.a.7,Glare Sensitivity,IM,1.0,8,0.0,1.0,1.0,N,,08/2019,Analyst
25-1051.00,1.A.4.a.7,Glare Sensitivity,LV,0.0,8,0.0,0.0,0.0,N,Y,08/2019,Analyst
25-1051.00,1.A.4.b.1,Hearing Sensitivity,IM,1.88,8,0.125,1.63,2.12,N,,08/2019,Analyst
25-1051.00,1.A.4.b.1,Hearing Sensitivity,LV,1.12,8,0.2266,0.6809,1.5691,N,N,08/2019,Analyst
25-1051.00,1.A.4.b.2,Auditory Attention,IM,1.88,8,0.125,1.63,2.12,N,,08/2019,Analyst
25-1051.00,1.A.4.b.2,Auditory Attention,LV,1.75,8,0.25,1.26,2.24,N,N,08/2019,Analyst
25-1051.00,1.A.4.b.3,Sound Localization,IM,1.0,8,0.0,1.0,1.0,N,,08/2019,Analyst
25-1051.00,1.A.4.b.3,Sound Localization,LV,0.0,8,0.0,0.0,0.0,N,Y,08/2019,Analyst
25-1051.00,1.A.4.b.4,Speech Recognition,IM,3.62,8,0.183,3.2664,3.9836,N,,08/2019,Analyst
25-1051.00,1.A.4.b.4,Speech Recognition,LV,3.75,8,0.25,3.26,4.24,N,N,08/2019,Analyst
25-1051.00,1.A.4.b.5,Speech Clarity,IM,4.25,8,0.1637,3.9292,4.5708,N,,08/2019,Analyst
25-1051.00,1.A.4.b.5,Speech Clarity,LV,5.12,8,0.125,4.88,5.37,N,N,08/2019,Analyst
25-1052.00,1.A.1.a.1,Oral Comprehension,IM,4.0,8,0.0,4.0,4.0,N,,08/2019,Analyst
25-1052.00,1.A.1.a.1,Oral Comprehension,LV,5.38,8,0.183,5.0164,5.7336,N,N,08/2019,Analyst
25-1052.00,1.A.1.a.2,Written Comprehension,IM,4.0,8,0.0,4.0,4.0,N,,08/2019,Analyst
25-1052.00,1.A.1.a.2,Written Comprehension,LV,5.0,8,0.0,5.0,5.0,N,N,08/2019,Analyst
25-1052.00,1.A.1.a.3,Oral Expression,IM,4.12,8,0.125,3.88,4.37,N,,08/2019,Analyst
25-1052.00,1.A.1.a.3,Oral Expression,LV,5.5,8,0.189,5.1296,5.8704,N,N,08/2019,Analyst
25-1052.00,1.A.1.a.4,Written Expression,IM,4.12,8,0.125,3.88,4.37,N,,08/2019,Analyst
25-1052.00,1.A.1.a.4,Written Expression,LV,5.0,8,0.0,5.0,5.0,N,N,08/2019,Analyst
25-1052.00,1.A.1.b.1,Fluency of Ideas,IM,3.12,8,0.125,2.88,3.37,N,,08/2019,Analyst
25-1052.00,1.A.1.b.1,Fluency of Ideas,LV,3.38,8,0.183,3.0164,3.7336,N,N,08/2019,Analyst
25-1052.00,1.A.1.b.2,Originality,IM,3.0,8,0.0,3.0,3.0,N,,08/2019,Analyst
25-1052.00,1.A.1.b.2,Originality,LV,3.5,8,0.189,3.1296,3.8704,N,N,08/2019,Analyst
25-1052.00,1.A.1.b.3,Problem Sensitivity,IM,3.75,8,0.1637,3.4292,4.0708,N,,08/2019,Analyst
25-1052.00,1.A.1.b.3,Problem Sensitivity,LV,3.88,8,0.125,3.63,4.12,N,N,08/2019,Analyst
25-1052.00,1.A.1.b.4,Deductive Reasoning,IM,4.0,8,0.189,3.6296,4.3704,N,,08/2019,Analyst
25-1052.00,1.A.1.b.4,Deductive Reasoning,LV,4.5,8,0.189,4.1296,4.8704,N,N,08/2019,Analyst
25-1052.00,1.A.1.b.5,Inductive Reasoning,IM,3.88,8,0.125,3.63,4.12,N,,08/2019,Analyst
25-1052.00,1.A.1.b.5,Inductive Reasoning,LV,4.38,8,0.183,4.0164,4.7336,N,N,08/2019,Analyst
25-1052.00,1.A.1.b.6,Information Ordering,IM,3.25,8,0.1637,2.9292,3.5708,N,,08/2019,Analyst
25-1052.00,1.A.1.b.6,Information Ordering,LV,3.75,8,0.1637,3.4292,4.0708,N,N,08/2019,Analyst
25-1052.00,1.A.1.b.7,Category Flexibility,IM,3.25,8,0.1637,2.9292,3.5708,N,,08/2019,Analyst
25-1052.00,1.A.1.b.7,Category Flexibility,LV,3.88,8,0.125,3.63,4.12,N,N,08/2019,Analyst
25-1052.00,1.A.1.c.1,Mathematical Reasoning,IM,3.0,8,0.189,2.6296,3.3704,N,,08/2019,Analyst
25-1052.00,1.A.1.c.1,Mathematical Reasoning,LV,3.75,8,0.1637,3.4292,4.0708,N,N,08/2019,Analyst
25-1052.00,1.A.1.c.2,Number Facility,IM,2.88,8,0.125,2.63,3.12,N,,08/2019,Analyst
25-1052.00,1.A.1.c.2,Number Facility,LV,3.12,8,0.125,2.88,3.37,N,N,08/2019,Analyst
25-1052.00,1.A.1.d.1,Memorization,IM,3.0,8,0.189,2.6296,3.3704,N,,08/2019,Analyst
25-1052.00,1.A.1.d.1,Memorization,LV,3.12,8,0.125,2.88,3.37,N,N,08/2019,Analyst
25-1052.00,1.A.1.e.1,Speed of Closure,IM,2.25,8,0.1637,1.9292,2.5708,N,,08/2019,Analyst
25-1052.00,1.A.1.e.1,Speed of Closure,LV,2.25,8,0.1637,1.9292,2.5708,N,N,08/2019,Analyst
25-1052.00,1.A.1.e.2,Flexibility of Closure,IM,3.0,8,0.0,3.0,3.0,N,,08/2019,Analyst
25-1052.00,1.A.1.e.2,Flexibility of Closure,LV,3.0,8,0.0,3.0,3.0,N,N,08/2019,Analyst
25-1052.00,1.A.1.e.3,Perceptual Speed,IM,2.25,8,0.1637,1.9292,2.5708,N,,08/2019,Analyst
25-1052.00,1.A.1.e.3,Perceptual Speed,LV,2.5,8,0.189,2.1296,2.8704,N,N,08/2019,Analyst
25-1052.00,1.A.1.f.1,Spatial Orientation,IM,1.0,8,0.0,1.0,1.0,N,,08/2019,Analyst
25-1052.00,1.A.1.f.1,Spatial Orientation,LV,0.0,8,0.0,0.0,0.0,N,Y,08/2019,Analyst
25-1052.00,1.A.1.f.2,Visualization,IM,2.38,8,0.183,2.0164,2.7336,N,,08/2019,Analyst
25-1052.00,1.A.1.f.2,Visualization,LV,2.88,8,0.125,2.63,3.12,N,N,08/2019,Analyst
25-1052.00,1.A.1.g.1,Selective Attention,IM,3.12,8,0.125,2.88,3.37,N,,08/2019,Analyst
25-1052.00,1.A.1.g.1,Selective Attention,LV,3.12,8,0.125,2.88,3.37,N,N,08/2019,Analyst
25-1052.00,1.A.1.g.2,Time Sharing,IM,2.75,8,0.1637,2.4292,3.0708,N,,08/2019,Analyst
25-1052.00,1.A.1.g.2,Time Sharing,LV,2.75,8,0.1637,2.4292,3.0708,N,N,08/2019,Analyst
25-1052.00,1.A.2.a.1,Arm-Hand Steadiness,IM,1.12,8,0.125,1.0,1.37,N,,08/2019,Analyst
25-1052.00,1.A.2.a.1,Arm-Hand Steadiness,LV,0.25,8,0.25,0.0,0.74,N,Y,08/2019,Analyst
25-1052.00,1.A.2.a.2,Manual Dexterity,IM,1.38,8,0.183,1.0164,1.7336,N,,08/2019,Analyst
25-1052.00,1.A.2.a.2,Manual Dexterity,LV,0.5,8,0.2673,0.0,1.0238,N,N,08/2019,Analyst
25-1052.00,1.A.2.a.3,Finger Dexterity,IM,1.88,8,0.2266,1.4309,2.3191,N,,08/2019,Analyst
25-1052.00,1.A.2.a.3,Finger Dexterity,LV,1.5,8,0.3273,0.8584,2.1416,N,N,08/2019,Analyst
25-1052.00,1.A.2.b.1,Control Precision,IM,1.0,8,0.0,1.0,1.0,N,,08/2019,Analyst
25-1052.00,1.A.2.b.1,Control Precision,LV,0.0,8,0.0,0.0,0.0,N,Y,08/2019,Analyst
25-1052.00,1.A.2.b.2,Multilimb Coordination,IM,1.0,8,0.0,1.0,1.0,N,,08/2019,Analyst
25-1052.00,1.A.2.b.2,Multilimb Coordination,LV,0.0,8,0.0,0.0,0.0,N,Y,08/2019,Analyst
25-1052.00,1.A.2.b.3,Response Orientation,IM,1.0,8,0.0,1.0,1.0,N,,08/2019,Analyst
25-1052.00,1.A.2.b.3,Response Orientation,LV,0.0,8,0.0,0.0,0.0,N,Y,08/2019,Analyst
25-1052.00,1.A.2.b.4,Rate Control,IM,1.0,8,0.0,1.0,1.0,N,,08/2019,Analyst
25-1052.00,1.A.2.b.4,Rate Control,LV,0.0,8,0.0,0.0,0.0,N,Y,08/2019,Analyst
25-1052.00,1.A.2.c.1,Reaction Time,IM,1.0,8,0.0,1.0,1.0,N,,08/2019,Analyst
25-1052.00,1.A.2.c.1,Reaction Time,LV,0.0,8,0.0,0.0,0.0,N,Y,08/2019,Analyst
25-1052.00,1.A.2.c.2,Wrist-Finger Speed,IM,1.12,8,0.125,1.0,1.37,N,,08/2019,Analyst
25-1052.00,1.A.2.c.2,Wrist-Finger Speed,LV,0.25,8,0.25,0.0,0.74,N,Y,08/2019,Analyst
25-1052.00,1.A.2.c.3,Speed of Limb Movement,IM,1.0,8,0.0,1.0,1.0,N,,08/2019,Analyst
25-1052.00,1.A.2.c.3,Speed of Limb Movement,LV,0.0,8,0.0,0.0,0.0,N,Y,08/2019,Analyst
25-1052.00,1.A.3.a.1,Static Strength,IM,1.0,8,0.0,1.0,1.0,N,,08/2019,Analyst
25-1052.00,1.A.3.a.1,Static Strength,LV,0.0,8,0.0,0.0,0.0,N,Y,08/2019,Analyst
25-1052.00,1.A.3.a.2,Explosive Strength,IM,1.0,8,0.0,1.0,1.0,N,,08/2019,Analyst
25-1052.00,1.A.3.a.2,Explosive Strength,LV,0.0,8,0.0,0.0,0.0,N,Y,08/2019,Analyst
25-1052.00,1.A.3.a.3,Dynamic Strength,IM,1.0,8,0.0,1.0,1.0,N,,08/2019,Analyst
25-1052.00,1.A.3.a.3,Dynamic Strength,LV,0.0,8,0.0,0.0,0.0,N,Y,08/2019,Analyst
25-1052.00,1.A.3.a.4,Trunk Strength,IM,1.88,8,0.125,1.63,2.12,N,,08/2019,Analyst
25-1052.00,1.A.3.a.4,Trunk Strength,LV,1.75,8,0.25,1.26,2.24,N,N,08/2019,Analyst
25-1052.00,1.A.3.b.1,Stamina,IM,1.0,8,0.0,1.0,1.0,N,,08/2019,Analyst
25-1052.00,1.A.3.b.1,Stamina,LV,0.0,8,0.0,0.0,0.0,N,Y,08/2019,Analyst
25-1052.00,1.A.3.c.1,Extent Flexibility,IM,1.0,8,0.0,1.0,1.0,N,,08/2019,Analyst
25-1052.00,1.A.3.c.1,Extent Flexibility,LV,0.0,8,0.0,0.0,0.0,N,Y,08/2019,Analyst
25-1052.00,1.A.3.c.2,Dynamic Flexibility,IM,1.0,8,0.0,1.0,1.0,N,,08/2019,Analyst
25-1052.00,1.A.3.c.2,Dynamic Flexibility,LV,0.0,8,0.0,0.0,0.0,N,Y,08/2019,Analyst
25-1052.00,1.A.3.c.3,Gross Body Coordination,IM,1.0,8,0.0,1.0,1.0,N,,08/2019,Analyst
25-1052.00,1.A.3.c.3,Gross Body Coordination,LV,0.0,8,0.0,0.0,0.0,N,Y,08/2019,Analyst
25-1052.00,1.A.3.c.4,Gross Body Equilibrium,IM,1.0,8,0.0,1.0,1.0,N,,08/2019,Analyst
25-1052.00,1.A.3.c.4,Gross Body Equilibrium,LV,0.0,8,0.0,0.0,0.0,N,Y,08/2019,Analyst
25-1052.00,1.A.4.a.1,Near Vision,IM,3.5,8,0.189,3.1296,3.8704,N,,08/2019,Analyst
25-1052.00,1.A.4.a.1,Near Vision,LV,3.88,8,0.125,3.63,4.12,N,N,08/2019,Analyst
25-1052.00,1.A.4.a.2,Far Vision,IM,2.88,8,0.125,2.63,3.12,N,,08/2019,Analyst
25-1052.00,1.A.4.a.2,Far Vision,LV,2.88,8,0.125,2.63,3.12,N,N,08/2019,Analyst
25-1052.00,1.A.4.a.3,Visual Color Discrimination,IM,2.25,8,0.1637,1.9292,2.5708,N,,08/2019,Analyst
25-1052.00,1.A.4.a.3,Visual Color Discrimination,LV,2.12,8,0.125,1.88,2.37,N,N,08/2019,Analyst
25-1052.00,1.A.4.a.4,Night Vision,IM,1.0,8,0.0,1.0,1.0,N,,08/2019,Analyst
25-1052.00,1.A.4.a.4,Night Vision,LV,0.0,8,0.0,0.0,0.0,N,Y,08/2019,Analyst
25-1052.00,1.A.4.a.5,Peripheral Vision,IM,1.0,8,0.0,1.0,1.0,N,,08/2019,Analyst
25-1052.00,1.A.4.a.5,Peripheral Vision,LV,0.0,8,0.0,0.0,0.0,N,Y,08/2019,Analyst
25-1052.00,1.A.4.a.6,Depth Perception,IM,2.0,8,0.0,2.0,2.0,N,,08/2019,Analyst
25-1052.00,1.A.4.a.6,Depth Perception,LV,1.0,8,0.0,1.0,1.0,N,N,08/2019,Analyst
25-1052.00,1.A.4.a.7,Glare Sensitivity,IM,1.0,8,0.0,1.0,1.0,N,,08/2019,Analyst
25-1052.00,1.A.4.a.7,Glare Sensitivity,LV,0.0,8,0.0,0.0,0.0,N,Y,08/2019,Analyst
25-1052.00,1.A.4.b.1,Hearing Sensitivity,IM,1.88,8,0.125,1.63,2.12,N,,08/2019,Analyst
25-1052.00,1.A.4.b.1,Hearing Sensitivity,LV,1.25,8,0.25,0.76,1.74,N,N,08/2019,Analyst
25-1052.00,1.A.4.b.2,Auditory Attention,IM,1.88,8,0.125,1.63,2.12,N,,08/2019,Analyst
25-1052.00,1.A.4.b.2,Auditory Attention,LV,1.75,8,0.25,1.26,2.24,N,N,08/2019,Analyst
25-1052.00,1.A.4.b.3,Sound Localization,IM,1.0,8,0.0,1.0,1.0,N,,08/2019,Analyst
25-1052.00,1.A.4.b.3,Sound Localization,LV,0.0,8,0.0,0.0,0.0,N,Y,08/2019,Analyst
25-1052.00,1.A.4.b.4,Speech Recognition,IM,3.88,8,0.125,3.63,4.12,N,,08/2019,Analyst
25-1052.00,1.A.4.b.4,Speech Recognition,LV,4.0,8,0.0,4.0,4.0,N,N,08/2019,Analyst
25-1052.00,1.A.4.b.5,Speech Clarity,IM,3.88,8,0.125,3.63,4.12,N,,08/2019,Analyst
25-1052.00,1.A.4.b.5,Speech Clarity,LV,4.5,8,0.189,4.1296,4.8704,N,N,08/2019,Analyst
25-1053.00,1.A.1.a.1,Oral Comprehension,IM,4.0,8,0.0,4.0,4.0,N,,08/2019,Analyst
25-1053.00,1.A.1.a.1,Oral Comprehension,LV,4.88,8,0.125,4.63,5.12,N,N,08/2019,Analyst
25-1053.00,1.A.1.a.2,Written Comprehension,IM,4.12,8,0.125,3.88,4.37,N,,08/2019,Analyst
25-1053.00,1.A.1.a.2,Written Comprehension,LV,5.0,8,0.0,5.0,5.0,N,N,08/2019,Analyst
25-1053.00,1.A.1.a.3,Oral Expression,IM,4.38,8,0.183,4.0164,4.7336,N,,08/2019,Analyst
25-1053.00,1.A.1.a.3,Oral Expression,LV,5.12,8,0.125,4.88,5.37,N,N,08/2019,Analyst
25-1053.00,1.A.1.a.4,Written Expression,IM,4.0,8,0.0,4.0,4.0,N,,08/2019,Analyst
25-1053.00,1.A.1.a.4,Written Expression,LV,5.0,8,0.0,5.0,5.0,N,N,08/2019,Analyst
25-1053.00,1.A.1.b.1,Fluency of Ideas,IM,3.12,8,0.125,2.88,3.37,N,,08/2019,Analyst
25-1053.00,1.A.1.b.1,Fluency of Ideas,LV,3.5,8,0.2673,2.9762,4.0238,N,N,08/2019,Analyst
25-1053.00,1.A.1.b.2,Originality,IM,3.12,8,0.125,2.88,3.37,N,,08/2019,Analyst
25-1053.00,1.A.1.b.2,Originality,LV,3.5,8,0.189,3.1296,3.8704,N,N,08/2019,Analyst
25-1053.00,1.A.1.b.3,Problem Sensitivity,IM,3.38,8,0.183,3.0164,3.7336,N,,08/2019,Analyst
25-1053.00,1.A.1.b.3,Problem Sensitivity,LV,3.38,8,0.183,3.0164,3.7336,N,N,08/2019,Analyst
25-1053.00,1.A.1.b.4,Deductive Reasoning,IM,4.0,8,0.0,4.0,4.0,N,,08/2019,Analyst
25-1053.00,1.A.1.b.4,Deductive Reasoning,LV,4.12,8,0.125,3.88,4.37,N,N,08/2019,Analyst
25-1053.00,1.A.1.b.5,Inductive Reasoning,IM,4.0,8,0.0,4.0,4.0,N,,08/2019,Analyst
25-1053.00,1.A.1.b.5,Inductive Reasoning,LV,4.12,8,0.125,3.88,4.37,N,N,08/2019,Analyst
25-1053.00,1.A.1.b.6,Information Ordering,IM,3.12,8,0.125,2.88,3.37,N,,08/2019,Analyst
25-1053.00,1.A.1.b.6,Information Ordering,LV,3.75,8,0.1637,3.4292,4.0708,N,N,08/2019,Analyst
25-1053.00,1.A.1.b.7,Category Flexibility,IM,3.12,8,0.125,2.88,3.37,N,,08/2019,Analyst
25-1053.00,1.A.1.b.7,Category Flexibility,LV,3.25,8,0.25,2.76,3.74,N,N,08/2019,Analyst
25-1053.00,1.A.1.c.1,Mathematical Reasoning,IM,3.12,8,0.125,2.88,3.37,N,,08/2019,Analyst
25-1053.00,1.A.1.c.1,Mathematical Reasoning,LV,3.12,8,0.125,2.88,3.37,N,N,08/2019,Analyst
25-1053.00,1.A.1.c.2,Number Facility,IM,2.75,8,0.1637,2.4292,3.0708,N,,08/2019,Analyst
25-1053.00,1.A.1.c.2,Number Facility,LV,2.5,8,0.2673,1.9762,3.0238,N,N,08/2019,Analyst
25-1053.00,1.A.1.d.1,Memorization,IM,2.75,8,0.1637,2.4292,3.0708,N,,08/2019,Analyst
25-1053.00,1.A.1.d.1,Memorization,LV,2.88,8,0.125,2.63,3.12,N,N,08/2019,Analyst
25-1053.00,1.A.1.e.1,Speed of Closure,IM,2.12,8,0.125,1.88,2.37,N,,08/2019,Analyst
25-1053.00,1.A.1.e.1,Speed of Closure,LV,2.12,8,0.125,1.88,2.37,N,N,08/2019,Analyst
25-1053.00,1.A.1.e.2,Flexibility of Closure,IM,2.62,8,0.183,2.2664,2.9836,N,,08/2019,Analyst
25-1053.00,1.A.1.e.2,Flexibility of Closure,LV,2.62,8,0.2631,2.1094,3.1406,N,N,08/2019,Analyst
25-1053.00,1.A.1.e.3,Perceptual Speed,IM,2.25,8,0.1637,1.9292,2.5708,N,,08/2019,Analyst
25-1053.00,1.A.1.e.3,Perceptual Speed,LV,2.12,8,0.125,1.88,2.37,N,N,08/2019,Analyst
25-1053.00,1.A.1.f.1,Spatial Orientation,IM,1.0,8,0.0,1.0,1.0,N,,08/2019,Analyst
25-1053.00,1.A.1.f.1,Spatial Orientation,LV,0.0,8,0.0,0.0,0.0,N,Y,08/2019,Analyst
25-1053.00,1.A.1.f.2,Visualization,IM,2.12,8,0.125,1.88,2.37,N,,08/2019,Analyst
25-1053.00,1.A.1.f.2,Visualization,LV,1.75,8,0.25,1.26,2.24,N,N,08/2019,Analyst
25-1053.00,1.A.1.g.1,Selective Attention,IM,2.88,8,0.125,2.63,3.12,N,,08/2019,Analyst
25-1053.00,1.A.1.g.1,Selective Attention,LV,2.75,8,0.1637,2.4292,3.0708,N,N,08/2019,Analyst
25-1053.00,1.A.1.g.2,Time Sharing,IM,2.5,8,0.189,2.1296,2.8704,N,,08/2019,Analyst
25-1053.00,1.A.1.g.2,Time Sharing,LV,2.5,8,0.189,2.1296,2.8704,N,N,08/2019,Analyst
25-1053.00,1.A.2.a.1,Arm-Hand Steadiness,IM,1.0,8,0.0,1.0,1.0,N,,08/2019,Analyst
25-1053.00,1.A.2.a.1,Arm-Hand Steadiness,LV,0.0,8,0.0,0.0,0.0,N,Y,08/2019,Analyst
25-1053.00,1.A.2.a.2,Manual Dexterity,IM,1.0,8,0.0,1.0,1.0,N,,08/2019,Analyst
25-1053.00,1.A.2.a.2,Manual Dexterity,LV,0.0,8,0.0,0.0,0.0,N,Y,08/2019,Analyst
25-1053.00,1.A.2.a.3,Finger Dexterity,IM,1.62,8,0.183,1.2664,1.9836,N,,08/2019,Analyst
25-1053.00,1.A.2.a.3,Finger Dexterity,LV,0.62,8,0.183,0.2664,0.9836,N,N,08/2019,Analyst
25-1053.00,1.A.2.b.1,Control Precision,IM,1.0,8,0.0,1.0,1.0,N,,08/2019,Analyst
25-1053.00,1.A.2.b.1,Control Precision,LV,0.0,8,0.0,0.0,0.0,N,Y,08/2019,Analyst
25-1053.00,1.A.2.b.2,Multilimb Coordination,IM,1.0,8,0.0,1.0,1.0,N,,08/2019,Analyst
25-1053.00,1.A.2.b.2,Multilimb Coordination,LV,0.0,8,0.0,0.0,0.0,N,Y,08/2019,Analyst
25-1053.00,1.A.2.b.3,Response Orientation,IM,1.0,8,0.0,1.0,1.0,N,,08/2019,Analyst
25-1053.00,1.A.2.b.3,Response Orientation,LV,0.0,8,0.0,0.0,0.0,N,Y,08/2019,Analyst
25-1053.00,1.A.2.b.4,Rate Control,IM,1.0,8,0.0,1.0,1.0,N,,08/2019,Analyst
25-1053.00,1.A.2.b.4,Rate Control,LV,0.0,8,0.0,0.0,0.0,N,Y,08/2019,Analyst
25-1053.00,1.A.2.c.1,Reaction Time,IM,1.0,8,0.0,1.0,1.0,N,,08/2019,Analyst
25-1053.00,1.A.2.c.1,Reaction Time,LV,0.0,8,0.0,0.0,0.0,N,Y,08/2019,Analyst
25-1053.00,1.A.2.c.2,Wrist-Finger Speed,IM,1.5,8,0.189,1.1296,1.8704,N,,08/2019,Analyst
25-1053.00,1.A.2.c.2,Wrist-Finger Speed,LV,0.62,8,0.2631,0.1094,1.1406,N,N,08/2019,Analyst
25-1053.00,1.A.2.c.3,Speed of Limb Movement,IM,1.0,8,0.0,1.0,1.0,N,,08/2019,Analyst
25-1053.00,1.A.2.c.3,Speed of Limb Movement,LV,0.0,8,0.0,0.0,0.0,N,Y,08/2019,Analyst
25-1053.00,1.A.3.a.1,Static Strength,IM,1.0,8,0.0,1.0,1.0,N,,08/2019,Analyst
25-1053.00,1.A.3.a.1,Static Strength,LV,0.0,8,0.0,0.0,0.0,N,Y,08/2019,Analyst
25-1053.00,1.A.3.a.2,Explosive Strength,IM,1.0,8,0.0,1.0,1.0,N,,08/2019,Analyst
25-1053.00,1.A.3.a.2,Explosive Strength,LV,0.0,8,0.0,0.0,0.0,N,Y,08/2019,Analyst
25-1053.00,1.A.3.a.3,Dynamic Strength,IM,1.0,8,0.0,1.0,1.0,N,,08/2019,Analyst
25-1053.00,1.A.3.a.3,Dynamic Strength,LV,0.0,8,0.0,0.0,0.0,N,Y,08/2019,Analyst
25-1053.00,1.A.3.a.4,Trunk Strength,IM,1.62,8,0.183,1.2664,1.9836,N,,08/2019,Analyst
25-1053.00,1.A.3.a.4,Trunk Strength,LV,1.12,8,0.3504,0.4383,1.8117,N,N,08/2019,Analyst
25-1053.00,1.A.3.b.1,Stamina,IM,1.0,8,0.0,1.0,1.0,N,,08/2019,Analyst
25-1053.00,1.A.3.b.1,Stamina,LV,0.0,8,0.0,0.0,0.0,N,Y,08/2019,Analyst
25-1053.00,1.A.3.c.1,Extent Flexibility,IM,1.0,8,0.0,1.0,1.0,N,,08/2019,Analyst
25-1053.00,1.A.3.c.1,Extent Flexibility,LV,0.0,8,0.0,0.0,0.0,N,Y,08/2019,Analyst
25-1053.00,1.A.3.c.2,Dynamic Flexibility,IM,1.0,8,0.0,1.0,1.0,N,,08/2019,Analyst
25-1053.00,1.A.3.c.2,Dynamic Flexibility,LV,0.0,8,0.0,0.0,0.0,N,Y,08/2019,Analyst
25-1053.00,1.A.3.c.3,Gross Body Coordination,IM,1.0,8,0.0,1.0,1.0,N,,08/2019,Analyst
25-1053.00,1.A.3.c.3,Gross Body Coordination,LV,0.0,8,0.0,0.0,0.0,N,Y,08/2019,Analyst
25-1053.00,1.A.3.c.4,Gross Body Equilibrium,IM,1.0,8,0.0,1.0,1.0,N,,08/2019,Analyst
25-1053.00,1.A.3.c.4,Gross Body Equilibrium,LV,0.0,8,0.0,0.0,0.0,N,Y,08/2019,Analyst
25-1053.00,1.A.4.a.1,Near Vision,IM,3.62,8,0.183,3.2664,3.9836,N,,08/2019,Analyst
25-1053.00,1.A.4.a.1,Near Vision,LV,3.75,8,0.1637,3.4292,4.0708,N,N,08/2019,Analyst
25-1053.00,1.A.4.a.2,Far Vision,IM,2.75,8,0.1637,2.4292,3.0708,N,,08/2019,Analyst
25-1053.00,1.A.4.a.2,Far Vision,LV,3.0,8,0.189,2.6296,3.3704,N,N,08/2019,Analyst
25-1053.00,1.A.4.a.3,Visual Color Discrimination,IM,1.88,8,0.125,1.63,2.12,N,,08/2019,Analyst
25-1053.00,1.A.4.a.3,Visual Color Discrimination,LV,1.62,8,0.2631,1.1094,2.1406,N,N,08/2019,Analyst
25-1053.00,1.A.4.a.4,Night Vision,IM,1.0,8,0.0,1.0,1.0,N,,08/2019,Analyst
25-1053.00,1.A.4.a.4,Night Vision,LV,0.0,8,0.0,0.0,0.0,N,Y,08/2019,Analyst
25-1053.00,1.A.4.a.5,Peripheral Vision,IM,1.0,8,0.0,1.0,1.0,N,,08/2019,Analyst
25-1053.00,1.A.4.a.5,Peripheral Vision,LV,0.0,8,0.0,0.0,0.0,N,Y,08/2019,Analyst
25-1053.00,1.A.4.a.6,Depth Perception,IM,1.75,8,0.1637,1.4292,2.0708,N,,08/2019,Analyst
25-1053.00,1.A.4.a.6,Depth Perception,LV,0.75,8,0.1637,0.4292,1.0708,N,N,08/2019,Analyst
25-1053.00,1.A.4.a.7,Glare Sensitivity,IM,1.0,8,0.0,1.0,1.0,N,,08/2019,Analyst
25-1053.00,1.A.4.a.7,Glare Sensitivity,LV,0.0,8,0.0,0.0,0.0,N,Y,08/2019,Analyst
25-1053.00,1.A.4.b.1,Hearing Sensitivity,IM,1.75,8,0.1637,1.4292,2.0708,N,,08/2019,Analyst
25-1053.00,1.A.4.b.1,Hearing Sensitivity,LV,0.75,8,0.1637,0.4292,1.0708,N,N,08/2019,Analyst
25-1053.00,1.A.4.b.2,Auditory Attention,IM,1.88,8,0.125,1.63,2.12,N,,08/2019,Analyst
25-1053.00,1.A.4.b.2,Auditory Attention,LV,1.62,8,0.2631,1.1094,2.1406,N,N,08/2019,Analyst
25-1053.00,1.A.4.b.3,Sound Localization,IM,1.0,8,0.0,1.0,1.0,N,,08/2019,Analyst
25-1053.00,1.A.4.b.3,Sound Localization,LV,0.0,8,0.0,0.0,0.0,N,Y,08/2019,Analyst
25-1053.00,1.A.4.b.4,Speech Recognition,IM,3.5,8,0.189,3.1296,3.8704,N,,08/2019,Analyst
25-1053.00,1.A.4.b.4,Speech Recognition,LV,3.25,8,0.25,2.76,3.74,N,N,08/2019,Analyst
25-1053.00,1.A.4.b.5,Speech Clarity,IM,4.0,8,0.0,4.0,4.0,N,,08/2019,Analyst
25-1053.00,1.A.4.b.5,Speech Clarity,LV,4.88,8,0.2266,4.4309,5.3191,N,N,08/2019,Analyst
25-1054.00,1.A.1.a.1,Oral Comprehension,IM,4.0,8,0.189,3.6296,4.3704,N,,08/2019,Analyst
25-1054.00,1.A.1.a.1,Oral Comprehension,LV,5.75,8,0.1637,5.4292,6.0708,N,N,08/2019,Analyst
25-1054.00,1.A.1.a.2,Written Comprehension,IM,4.0,8,0.189,3.6296,4.3704,N,,08/2019,Analyst
25-1054.00,1.A.1.a.2,Written Comprehension,LV,4.88,8,0.125,4.63,5.12,N,N,08/2019,Analyst
25-1054.00,1.A.1.a.3,Oral Expression,IM,4.38,8,0.183,4.0164,4.7336,N,,08/2019,Analyst
25-1054.00,1.A.1.a.3,Oral Expression,LV,5.62,8,0.183,5.2664,5.9836,N,N,08/2019,Analyst
25-1054.00,1.A.1.a.4,Written Expression,IM,4.0,8,0.0,4.0,4.0,N,,08/2019,Analyst
25-1054.00,1.A.1.a.4,Written Expression,LV,5.0,8,0.0,5.0,5.0,N,N,08/2019,Analyst
25-1054.00,1.A.1.b.1,Fluency of Ideas,IM,3.25,8,0.1637,2.9292,3.5708,N,,08/2019,Analyst
25-1054.00,1.A.1.b.1,Fluency of Ideas,LV,3.75,8,0.1637,3.4292,4.0708,N,N,08/2019,Analyst
25-1054.00,1.A.1.b.2,Originality,IM,3.0,8,0.0,3.0,3.0,N,,08/2019,Analyst
25-1054.00,1.A.1.b.2,Originality,LV,3.5,8,0.189,3.1296,3.8704,N,N,08/2019,Analyst
25-1054.00,1.A.1.b.3,Problem Sensitivity,IM,3.88,8,0.125,3.63,4.12,N,,08/2019,Analyst
25-1054.00,1.A.1.b.3,Problem Sensitivity,LV,3.62,8,0.183,3.2664,3.9836,N,N,08/2019,Analyst
25-1054.00,1.A.1.b.4,Deductive Reasoning,IM,3.88,8,0.125,3.63,4.12,N,,08/2019,Analyst
25-1054.00,1.A.1.b.4,Deductive Reasoning,LV,4.38,8,0.183,4.0164,4.7336,N,N,08/2019,Analyst
25-1054.00,1.A.1.b.5,Inductive Reasoning,IM,3.88,8,0.125,3.63,4.12,N,,08/2019,Analyst
25-1054.00,1.A.1.b.5,Inductive Reasoning,LV,4.38,8,0.183,4.0164,4.7336,N,N,08/2019,Analyst
25-1054.00,1.A.1.b.6,Information Ordering,IM,3.12,8,0.125,2.88,3.37,N,,08/2019,Analyst
25-1054.00,1.A.1.b.6,Information Ordering,LV,3.88,8,0.125,3.63,4.12,N,N,08/2019,Analyst
25-1054.00,1.A.1.b.7,Category Flexibility,IM,3.12,8,0.125,2.88,3.37,N,,08/2019,Analyst
25-1054.00,1.A.1.b.7,Category Flexibility,LV,3.62,8,0.183,3.2664,3.9836,N,N,08/2019,Analyst
25-1054.00,1.A.1.c.1,Mathematical Reasoning,IM,3.88,8,0.125,3.63,4.12,N,,08/2019,Analyst
25-1054.00,1.A.1.c.1,Mathematical Reasoning,LV,4.0,8,0.189,3.6296,4.3704,N,N,08/2019,Analyst
25-1054.00,1.A.1.c.2,Number Facility,IM,3.38,8,0.183,3.0164,3.7336,N,,08/2019,Analyst
25-1054.00,1.A.1.c.2,Number Facility,LV,3.5,8,0.189,3.1296,3.8704,N,N,08/2019,Analyst
25-1054.00,1.A.1.d.1,Memorization,IM,2.88,8,0.125,2.63,3.12,N,,08/2019,Analyst
25-1054.00,1.A.1.d.1,Memorization,LV,2.88,8,0.125,2.63,3.12,N,N,08/2019,Analyst
25-1054.00,1.A.1.e.1,Speed of Closure,IM,2.12,8,0.125,1.88,2.37,N,,08/2019,Analyst
25-1054.00,1.A.1.e.1,Speed of Closure,LV,2.12,8,0.125,1.88,2.37,N,N,08/2019,Analyst
25-1054.00,1.A.1.e.2,Flexibility of Closure,IM,2.12,8,0.125,1.88,2.37,N,,08/2019,Analyst
25-1054.00,1.A.1.e.2,Flexibility of Closure,LV,2.12,8,0.125,1.88,2.37,N,N,08/2019,Analyst
25-1054.00,1.A.1.e.3,Perceptual Speed,IM,2.25,8,0.1637,1.9292,2.5708,N,,08/2019,Analyst
25-1054.00,1.A.1.e.3,Perceptual Speed,LV,2.12,8,0.125,1.88,2.37,N,N,08/2019,Analyst
25-1054.00,1.A.1.f.1,Spatial Orientation,IM,1.0,8,0.0,1.0,1.0,N,,08/2019,Analyst
25-1054.00,1.A.1.f.1,Spatial Orientation,LV,0.0,8,0.0,0.0,0.0,N,Y,08/2019,Analyst
25-1054.00,1.A.1.f.2,Visualization,IM,2.38,8,0.183,2.0164,2.7336,N,,08/2019,Analyst
25-1054.00,1.A.1.f.2,Visualization,LV,2.38,8,0.183,2.0164,2.7336,N,N,08/2019,Analyst
25-1054.00,1.A.1.g.1,Selective Attention,IM,2.88,8,0.125,2.63,3.12,N,,08/2019,Analyst
25-1054.00,1.A.1.g.1,Selective Attention,LV,2.75,8,0.1637,2.4292,3.0708,N,N,08/2019,Analyst
25-1054.00,1.A.1.g.2,Time Sharing,IM,2.38,8,0.183,2.0164,2.7336,N,,08/2019,Analyst
25-1054.00,1.A.1.g.2,Time Sharing,LV,2.12,8,0.125,1.88,2.37,N,N,08/2019,Analyst
25-1054.00,1.A.2.a.1,Arm-Hand Steadiness,IM,2.12,8,0.125,1.88,2.37,N,,08/2019,Analyst
25-1054.00,1.A.2.a.1,Arm-Hand Steadiness,LV,1.5,8,0.189,1.1296,1.8704,N,N,08/2019,Analyst
25-1054.00,1.A.2.a.2,Manual Dexterity,IM,2.12,8,0.125,1.88,2.37,N,,08/2019,Analyst
25-1054.00,1.A.2.a.2,Manual Dexterity,LV,1.25,8,0.1637,0.9292,1.5708,N,N,08/2019,Analyst
25-1054.00,1.A.2.a.3,Finger Dexterity,IM,2.25,8,0.1637,1.9292,2.5708,N,,08/2019,Analyst
25-1054.00,1.A.2.a.3,Finger Dexterity,LV,1.88,8,0.2266,1.4309,2.3191,N,N,08/2019,Analyst
25-1054.00,1.A.2.b.1,Control Precision,IM,1.62,8,0.183,1.2664,1.9836,N,,08/2019,Analyst
25-1054.00,1.A.2.b.1,Control Precision,LV,0.88,8,0.295,0.2967,1.4533,N,N,08/2019,Analyst
25-1054.00,1.A.2.b.2,Multilimb Coordination,IM,1.0,8,0.0,1.0,1.0,N,,08/2019,Analyst
25-1054.00,1.A.2.b.2,Multilimb Coordination,LV,0.0,8,0.0,0.0,0.0,N,Y,08/2019,Analyst
25-1054.00,1.A.2.b.3,Response Orientation,IM,1.0,8,0.0,1.0,1.0,N,,08/2019,Analyst
25-1054.00,1.A.2.b.3,Response Orientation,LV,0.0,8,0.0,0.0,0.0,N,Y,08/2019,Analyst
25-1054.00,1.A.2.b.4,Rate Control,IM,1.5,8,0.189,1.1296,1.8704,N,,08/2019,Analyst
25-1054.00,1.A.2.b.4,Rate Control,LV,0.5,8,0.189,0.1296,0.8704,N,N,08/2019,Analyst
25-1054.00,1.A.2.c.1,Reaction Time,IM,1.5,8,0.189,1.1296,1.8704,N,,08/2019,Analyst
25-1054.00,1.A.2.c.1,Reaction Time,LV,0.5,8,0.189,0.1296,0.8704,N,N,08/2019,Analyst
25-1054.00,1.A.2.c.2,Wrist-Finger Speed,IM,1.5,8,0.189,1.1296,1.8704,N,,08/2019,Analyst
25-1054.00,1.A.2.c.2,Wrist-Finger Speed,LV,0.62,8,0.2631,0.1094,1.1406,N,N,08/2019,Analyst
25-1054.00,1.A.2.c.3,Speed of Limb Movement,IM,1.0,8,0.0,1.0,1.0,N,,08/2019,Analyst
25-1054.00,1.A.2.c.3,Speed of Limb Movement,LV,0.0,8,0.0,0.0,0.0,N,Y,08/2019,Analyst
25-1054.00,1.A.3.a.1,Static Strength,IM,1.0,8,0.0,1.0,1.0,N,,08/2019,Analyst
25-1054.00,1.A.3.a.1,Static Strength,LV,0.0,8,0.0,0.0,0.0,N,Y,08/2019,Analyst
25-1054.00,1.A.3.a.2,Explosive Strength,IM,1.0,8,0.0,1.0,1.0,N,,08/2019,Analyst
25-1054.00,1.A.3.a.2,Explosive Strength,LV,0.0,8,0.0,0.0,0.0,N,Y,08/2019,Analyst
25-1054.00,1.A.3.a.3,Dynamic Strength,IM,1.0,8,0.0,1.0,1.0,N,,08/2019,Analyst
25-1054.00,1.A.3.a.3,Dynamic Strength,LV,0.0,8,0.0,0.0,0.0,N,Y,08/2019,Analyst
25-1054.00,1.A.3.a.4,Trunk Strength,IM,2.0,8,0.0,2.0,2.0,N,,08/2019,Analyst
25-1054.00,1.A.3.a.4,Trunk Strength,LV,1.62,8,0.183,1.2664,1.9836,N,N,08/2019,Analyst
25-1054.00,1.A.3.b.1,Stamina,IM,1.0,8,0.0,1.0,1.0,N,,08/2019,Analyst
25-1054.00,1.A.3.b.1,Stamina,LV,0.0,8,0.0,0.0,0.0,N,Y,08/2019,Analyst
25-1054.00,1.A.3.c.1,Extent Flexibility,IM,1.25,8,0.1637,1.0,1.5708,N,,08/2019,Analyst
25-1054.00,1.A.3.c.1,Extent Flexibility,LV,0.25,8,0.1637,0.0,0.5708,N,Y,08/2019,Analyst
25-1054.00,1.A.3.c.2,Dynamic Flexibility,IM,1.0,8,0.0,1.0,1.0,N,,08/2019,Analyst
25-1054.00,1.A.3.c.2,Dynamic Flexibility,LV,0.0,8,0.0,0.0,0.0,N,Y,08/2019,Analyst
25-1054.00,1.A.3.c.3,Gross Body Coordination,IM,1.0,8,0.0,1.0,1.0,N,,08/2019,Analyst
25-1054.00,1.A.3.c.3,Gross Body Coordination,LV,0.0,8,0.0,0.0,0.0,N,Y,08/2019,Analyst
25-1054.00,1.A.3.c.4,Gross Body Equilibrium,IM,1.0,8,0.0,1.0,1.0,N,,08/2019,Analyst
25-1054.00,1.A.3.c.4,Gross Body Equilibrium,LV,0.0,8,0.0,0.0,0.0,N,Y,08/2019,Analyst
25-1054.00,1.A.4.a.1,Near Vision,IM,3.62,8,0.183,3.2664,3.9836,N,,08/2019,Analyst
25-1054.00,1.A.4.a.1,Near Vision,LV,3.88,8,0.125,3.63,4.12,N,N,08/2019,Analyst
25-1054.00,1.A.4.a.2,Far Vision,IM,2.88,8,0.125,2.63,3.12,N,,08/2019,Analyst
25-1054.00,1.A.4.a.2,Far Vision,LV,3.0,8,0.0,3.0,3.0,N,N,08/2019,Analyst
25-1054.00,1.A.4.a.3,Visual Color Discrimination,IM,2.12,8,0.125,1.88,2.37,N,,08/2019,Analyst
25-1054.00,1.A.4.a.3,Visual Color Discrimination,LV,2.25,8,0.1637,1.9292,2.5708,N,N,08/2019,Analyst
25-1054.00,1.A.4.a.4,Night Vision,IM,1.0,8,0.0,1.0,1.0,N,,08/2019,Analyst
25-1054.00,1.A.4.a.4,Night Vision,LV,0.0,8,0.0,0.0,0.0,N,Y,08/2019,Analyst
25-1054.00,1.A.4.a.5,Peripheral Vision,IM,1.0,8,0.0,1.0,1.0,N,,08/2019,Analyst
25-1054.00,1.A.4.a.5,Peripheral Vision,LV,0.0,8,0.0,0.0,0.0,N,Y,08/2019,Analyst
25-1054.00,1.A.4.a.6,Depth Perception,IM,1.88,8,0.125,1.63,2.12,N,,08/2019,Analyst
25-1054.00,1.A.4.a.6,Depth Perception,LV,1.12,8,0.2266,0.6809,1.5691,N,N,08/2019,Analyst
25-1054.00,1.A.4.a.7,Glare Sensitivity,IM,1.0,8,0.0,1.0,1.0,N,,08/2019,Analyst
25-1054.00,1.A.4.a.7,Glare Sensitivity,LV,0.0,8,0.0,0.0,0.0,N,Y,08/2019,Analyst
25-1054.00,1.A.4.b.1,Hearing Sensitivity,IM,2.0,8,0.0,2.0,2.0,N,,08/2019,Analyst
25-1054.00,1.A.4.b.1,Hearing Sensitivity,LV,1.38,8,0.183,1.0164,1.7336,N,N,08/2019,Analyst
25-1054.00,1.A.4.b.2,Auditory Attention,IM,2.25,8,0.1637,1.9292,2.5708,N,,08/2019,Analyst
25-1054.00,1.A.4.b.2,Auditory Attention,LV,1.5,8,0.189,1.1296,1.8704,N,N,08/2019,Analyst
25-1054.00,1.A.4.b.3,Sound Localization,IM,1.0,8,0.0,1.0,1.0,N,,08/2019,Analyst
25-1054.00,1.A.4.b.3,Sound Localization,LV,0.0,8,0.0,0.0,0.0,N,Y,08/2019,Analyst
25-1054.00,1.A.4.b.4,Speech Recognition,IM,3.62,8,0.183,3.2664,3.9836,N,,08/2019,Analyst
25-1054.00,1.A.4.b.4,Speech Recognition,LV,3.5,8,0.189,3.1296,3.8704,N,N,08/2019,Analyst
25-1054.00,1.A.4.b.5,Speech Clarity,IM,3.88,8,0.125,3.63,4.12,N,,08/2019,Analyst
25-1054.00,1.A.4.b.5,Speech Clarity,LV,4.88,8,0.125,4.63,5.12,N,N,08/2019,Analyst
25-1061.00,1.A.1.a.1,Oral Comprehension,IM,4.12,8,0.125,3.88,4.37,N,,08/2019,Analyst
25-1061.00,1.A.1.a.1,Oral Comprehension,LV,5.0,8,0.189,4.6296,5.3704,N,N,08/2019,Analyst
25-1061.00,1.A.1.a.2,Written Comprehension,IM,4.12,8,0.125,3.88,4.37,N,,08/2019,Analyst
25-1061.00,1.A.1.a.2,Written Comprehension,LV,5.0,8,0.0,5.0,5.0,N,N,08/2019,Analyst
25-1061.00,1.A.1.a.3,Oral Expression,IM,4.5,8,0.189,4.1296,4.8704,N,,08/2019,Analyst
25-1061.00,1.A.1.a.3,Oral Expression,LV,5.12,8,0.125,4.88,5.37,N,N,08/2019,Analyst
25-1061.00,1.A.1.a.4,Written Expression,IM,4.12,8,0.125,3.88,4.37,N,,08/2019,Analyst
25-1061.00,1.A.1.a.4,Written Expression,LV,5.0,8,0.189,4.6296,5.3704,N,N,08/2019,Analyst
25-1061.00,1.A.1.b.1,Fluency of Ideas,IM,3.38,8,0.183,3.0164,3.7336,N,,08/2019,Analyst
25-1061.00,1.A.1.b.1,Fluency of Ideas,LV,3.75,8,0.25,3.26,4.24,N,N,08/2019,Analyst
25-1061.00,1.A.1.b.2,Originality,IM,3.25,8,0.1637,2.9292,3.5708,N,,08/2019,Analyst
25-1061.00,1.A.1.b.2,Originality,LV,3.88,8,0.2266,3.4309,4.3191,N,N,08/2019,Analyst
25-1061.00,1.A.1.b.3,Problem Sensitivity,IM,3.38,8,0.183,3.0164,3.7336,N,,08/2019,Analyst
25-1061.00,1.A.1.b.3,Problem Sensitivity,LV,3.75,8,0.1637,3.4292,4.0708,N,N,08/2019,Analyst
25-1061.00,1.A.1.b.4,Deductive Reasoning,IM,3.88,8,0.125,3.63,4.12,N,,08/2019,Analyst
25-1061.00,1.A.1.b.4,Deductive Reasoning,LV,4.12,8,0.125,3.88,4.37,N,N,08/2019,Analyst
25-1061.00,1.A.1.b.5,Inductive Reasoning,IM,3.88,8,0.125,3.63,4.12,N,,08/2019,Analyst
25-1061.00,1.A.1.b.5,Inductive Reasoning,LV,4.12,8,0.125,3.88,4.37,N,N,08/2019,Analyst
25-1061.00,1.A.1.b.6,Information Ordering,IM,3.38,8,0.183,3.0164,3.7336,N,,08/2019,Analyst
25-1061.00,1.A.1.b.6,Information Ordering,LV,3.88,8,0.2266,3.4309,4.3191,N,N,08/2019,Analyst
25-1061.00,1.A.1.b.7,Category Flexibility,IM,3.25,8,0.1637,2.9292,3.5708,N,,08/2019,Analyst
25-1061.00,1.A.1.b.7,Category Flexibility,LV,4.0,8,0.189,3.6296,4.3704,N,N,08/2019,Analyst
25-1061.00,1.A.1.c.1,Mathematical Reasoning,IM,2.88,8,0.125,2.63,3.12,N,,08/2019,Analyst
25-1061.00,1.A.1.c.1,Mathematical Reasoning,LV,3.0,8,0.0,3.0,3.0,N,N,08/2019,Analyst
25-1061.00,1.A.1.c.2,Number Facility,IM,2.25,8,0.1637,1.9292,2.5708,N,,08/2019,Analyst
25-1061.00,1.A.1.c.2,Number Facility,LV,2.38,8,0.183,2.0164,2.7336,N,N,08/2019,Analyst
25-1061.00,1.A.1.d.1,Memorization,IM,3.0,8,0.0,3.0,3.0,N,,08/2019,Analyst
25-1061.00,1.A.1.d.1,Memorization,LV,3.0,8,0.0,3.0,3.0,N,N,08/2019,Analyst
25-1061.00,1.A.1.e.1,Speed of Closure,IM,2.38,8,0.183,2.0164,2.7336,N,,08/2019,Analyst
25-1061.00,1.A.1.e.1,Speed of Closure,LV,2.38,8,0.183,2.0164,2.7336,N,N,08/2019,Analyst
25-1061.00,1.A.1.e.2,Flexibility of Closure,IM,3.12,8,0.125,2.88,3.37,N,,08/2019,Analyst
25-1061.00,1.A.1.e.2,Flexibility of Closure,LV,3.0,8,0.0,3.0,3.0,N,N,08/2019,Analyst
25-1061.00,1.A.1.e.3,Perceptual Speed,IM,2.25,8,0.1637,1.9292,2.5708,N,,08/2019,Analyst
25-1061.00,1.A.1.e.3,Perceptual Speed,LV,2.38,8,0.183,2.0164,2.7336,N,N,08/2019,Analyst
25-1061.00,1.A.1.f.1,Spatial Orientation,IM,1.12,8,0.125,1.0,1.37,N,,08/2019,Analyst
25-1061.00,1.A.1.f.1,Spatial Orientation,LV,0.12,8,0.125,0.0,0.37,N,Y,08/2019,Analyst
25-1061.00,1.A.1.f.2,Visualization,IM,2.12,8,0.125,1.88,2.37,N,,08/2019,Analyst
25-1061.00,1.A.1.f.2,Visualization,LV,2.12,8,0.125,1.88,2.37,N,N,08/2019,Analyst
25-1061.00,1.A.1.g.1,Selective Attention,IM,3.0,8,0.0,3.0,3.0,N,,08/2019,Analyst
25-1061.00,1.A.1.g.1,Selective Attention,LV,3.0,8,0.0,3.0,3.0,N,N,08/2019,Analyst
25-1061.00,1.A.1.g.2,Time Sharing,IM,2.88,8,0.125,2.63,3.12,N,,08/2019,Analyst
25-1061.00,1.A.1.g.2,Time Sharing,LV,2.88,8,0.125,2.63,3.12,N,N,08/2019,Analyst
25-1061.00,1.A.2.a.1,Arm-Hand Steadiness,IM,1.5,8,0.189,1.1296,1.8704,N,,08/2019,Analyst
25-1061.00,1.A.2.a.1,Arm-Hand Steadiness,LV,0.62,8,0.2631,0.1094,1.1406,N,N,08/2019,Analyst
25-1061.00,1.A.2.a.2,Manual Dexterity,IM,1.5,8,0.189,1.1296,1.8704,N,,08/2019,Analyst
25-1061.00,1.A.2.a.2,Manual Dexterity,LV,0.62,8,0.2631,0.1094,1.1406,N,N,08/2019,Analyst
25-1061.00,1.A.2.a.3,Finger Dexterity,IM,1.88,8,0.125,1.63,2.12,N,,08/2019,Analyst
25-1061.00,1.A.2.a.3,Finger Dexterity,LV,1.0,8,0.189,0.6296,1.3704,N,N,08/2019,Analyst
25-1061.00,1.A.2.b.1,Control Precision,IM,1.25,8,0.1637,1.0,1.5708,N,,08/2019,Analyst
25-1061.00,1.A.2.b.1,Control Precision,LV,0.25,8,0.1637,0.0,0.5708,N,Y,08/2019,Analyst
25-1061.00,1.A.2.b.2,Multilimb Coordination,IM,1.12,8,0.125,1.0,1.37,N,,08/2019,Analyst
25-1061.00,1.A.2.b.2,Multilimb Coordination,LV,0.12,8,0.125,0.0,0.37,N,Y,08/2019,Analyst
25-1061.00,1.A.2.b.3,Response Orientation,IM,1.12,8,0.125,1.0,1.37,N,,08/2019,Analyst
25-1061.00,1.A.2.b.3,Response Orientation,LV,0.25,8,0.25,0.0,0.74,N,Y,08/2019,Analyst
25-1061.00,1.A.2.b.4,Rate Control,IM,1.0,8,0.0,1.0,1.0,N,,08/2019,Analyst
25-1061.00,1.A.2.b.4,Rate Control,LV,0.0,8,0.0,0.0,0.0,N,Y,08/2019,Analyst
25-1061.00,1.A.2.c.1,Reaction Time,IM,1.0,8,0.0,1.0,1.0,N,,08/2019,Analyst
25-1061.00,1.A.2.c.1,Reaction Time,LV,0.0,8,0.0,0.0,0.0,N,Y,08/2019,Analyst
25-1061.00,1.A.2.c.2,Wrist-Finger Speed,IM,1.62,8,0.183,1.2664,1.9836,N,,08/2019,Analyst
25-1061.00,1.A.2.c.2,Wrist-Finger Speed,LV,0.75,8,0.25,0.26,1.24,N,N,08/2019,Analyst
25-1061.00,1.A.2.c.3,Speed of Limb Movement,IM,1.0,8,0.0,1.0,1.0,N,,08/2019,Analyst
25-1061.00,1.A.2.c.3,Speed of Limb Movement,LV,0.0,8,0.0,0.0,0.0,N,Y,08/2019,Analyst
25-1061.00,1.A.3.a.1,Static Strength,IM,1.0,8,0.0,1.0,1.0,N,,08/2019,Analyst
25-1061.00,1.A.3.a.1,Static Strength,LV,0.0,8,0.0,0.0,0.0,N,Y,08/2019,Analyst
25-1061.00,1.A.3.a.2,Explosive Strength,IM,1.0,8,0.0,1.0,1.0,N,,08/2019,Analyst
25-1061.00,1.A.3.a.2,Explosive Strength,LV,0.0,8,0.0,0.0,0.0,N,Y,08/2019,Analyst
25-1061.00,1.A.3.a.3,Dynamic Strength,IM,1.25,8,0.1637,1.0,1.5708,N,,08/2019,Analyst
25-1061.00,1.A.3.a.3,Dynamic Strength,LV,0.25,8,0.1637,0.0,0.5708,N,Y,08/2019,Analyst
25-1061.00,1.A.3.a.4,Trunk Strength,IM,1.75,8,0.25,1.26,2.24,N,,08/2019,Analyst
25-1061.00,1.A.3.a.4,Trunk Strength,LV,1.12,8,0.3504,0.4383,1.8117,N,N,08/2019,Analyst
25-1061.00,1.A.3.b.1,Stamina,IM,1.0,8,0.0,1.0,1.0,N,,08/2019,Analyst
25-1061.00,1.A.3.b.1,Stamina,LV,0.0,8,0.0,0.0,0.0,N,Y,08/2019,Analyst
25-1061.00,1.A.3.c.1,Extent Flexibility,IM,1.0,8,0.0,1.0,1.0,N,,08/2019,Analyst
25-1061.00,1.A.3.c.1,Extent Flexibility,LV,0.0,8,0.0,0.0,0.0,N,Y,08/2019,Analyst
25-1061.00,1.A.3.c.2,Dynamic Flexibility,IM,1.0,8,0.0,1.0,1.0,N,,08/2019,Analyst
25-1061.00,1.A.3.c.2,Dynamic Flexibility,LV,0.0,8,0.0,0.0,0.0,N,Y,08/2019,Analyst
25-1061.00,1.A.3.c.3,Gross Body Coordination,IM,1.0,8,0.0,1.0,1.0,N,,08/2019,Analyst
25-1061.00,1.A.3.c.3,Gross Body Coordination,LV,0.0,8,0.0,0.0,0.0,N,Y,08/2019,Analyst
25-1061.00,1.A.3.c.4,Gross Body Equilibrium,IM,1.0,8,0.0,1.0,1.0,N,,08/2019,Analyst
25-1061.00,1.A.3.c.4,Gross Body Equilibrium,LV,0.0,8,0.0,0.0,0.0,N,Y,08/2019,Analyst
25-1061.00,1.A.4.a.1,Near Vision,IM,3.62,8,0.183,3.2664,3.9836,N,,08/2019,Analyst
25-1061.00,1.A.4.a.1,Near Vision,LV,3.88,8,0.125,3.63,4.12,N,N,08/2019,Analyst
25-1061.00,1.A.4.a.2,Far Vision,IM,3.0,8,0.0,3.0,3.0,N,,08/2019,Analyst
25-1061.00,1.A.4.a.2,Far Vision,LV,3.0,8,0.0,3.0,3.0,N,N,08/2019,Analyst
25-1061.00,1.A.4.a.3,Visual Color Discrimination,IM,1.75,8,0.1637,1.4292,2.0708,N,,08/2019,Analyst
25-1061.00,1.A.4.a.3,Visual Color Discrimination,LV,1.38,8,0.3239,0.7402,2.0098,N,N,08/2019,Analyst
25-1061.00,1.A.4.a.4,Night Vision,IM,1.0,8,0.0,1.0,1.0,N,,08/2019,Analyst
25-1061.00,1.A.4.a.4,Night Vision,LV,0.0,8,0.0,0.0,0.0,N,Y,08/2019,Analyst
25-1061.00,1.A.4.a.5,Peripheral Vision,IM,1.0,8,0.0,1.0,1.0,N,,08/2019,Analyst
25-1061.00,1.A.4.a.5,Peripheral Vision,LV,0.0,8,0.0,0.0,0.0,N,Y,08/2019,Analyst
25-1061.00,1.A.4.a.6,Depth Perception,IM,1.5,8,0.189,1.1296,1.8704,N,,08/2019,Analyst
25-1061.00,1.A.4.a.6,Depth Perception,LV,0.62,8,0.2631,0.1094,1.1406,N,N,08/2019,Analyst
25-1061.00,1.A.4.a.7,Glare Sensitivity,IM,1.0,8,0.0,1.0,1.0,N,,08/2019,Analyst
25-1061.00,1.A.4.a.7,Glare Sensitivity,LV,0.0,8,0.0,0.0,0.0,N,Y,08/2019,Analyst
25-1061.00,1.A.4.b.1,Hearing Sensitivity,IM,1.62,8,0.183,1.2664,1.9836,N,,08/2019,Analyst
25-1061.00,1.A.4.b.1,Hearing Sensitivity,LV,0.75,8,0.25,0.26,1.24,N,N,08/2019,Analyst
25-1061.00,1.A.4.b.2,Auditory Attention,IM,2.0,8,0.0,2.0,2.0,N,,08/2019,Analyst
25-1061.00,1.A.4.b.2,Auditory Attention,LV,1.38,8,0.183,1.0164,1.7336,N,N,08/2019,Analyst
25-1061.00,1.A.4.b.3,Sound Localization,IM,1.0,8,0.0,1.0,1.0,N,,08/2019,Analyst
25-1061.00,1.A.4.b.3,Sound Localization,LV,0.0,8,0.0,0.0,0.0,N,Y,08/2019,Analyst
25-1061.00,1.A.4.b.4,Speech Recognition,IM,3.25,8,0.1637,2.9292,3.5708,N,,08/2019,Analyst
25-1061.00,1.A.4.b.4,Speech Recognition,LV,3.38,8,0.2631,2.8594,3.8906,N,N,08/2019,Analyst
25-1061.00,1.A.4.b.5,Speech Clarity,IM,4.25,8,0.1637,3.9292,4.5708,N,,08/2019,Analyst
25-1061.00,1.A.4.b.5,Speech Clarity,LV,4.88,8,0.2266,4.4309,5.3191,N,N,08/2019,Analyst
25-1062.00,1.A.1.a.1,Oral Comprehension,IM,4.0,8,0.0,4.0,4.0,N,,08/2019,Analyst
25-1062.00,1.A.1.a.1,Oral Comprehension,LV,4.88,8,0.125,4.63,5.12,N,N,08/2019,Analyst
25-1062.00,1.A.1.a.2,Written Comprehension,IM,4.0,8,0.0,4.0,4.0,N,,08/2019,Analyst
25-1062.00,1.A.1.a.2,Written Comprehension,LV,4.88,8,0.125,4.63,5.12,N,N,08/2019,Analyst
25-1062.00,1.A.1.a.3,Oral Expression,IM,4.12,8,0.125,3.88,4.37,N,,08/2019,Analyst
25-1062.00,1.A.1.a.3,Oral Expression,LV,5.0,8,0.0,5.0,5.0,N,N,08/2019,Analyst
25-1062.00,1.A.1.a.4,Written Expression,IM,4.12,8,0.125,3.88,4.37,N,,08/2019,Analyst
25-1062.00,1.A.1.a.4,Written Expression,LV,4.88,8,0.125,4.63,5.12,N,N,08/2019,Analyst
25-1062.00,1.A.1.b.1,Fluency of Ideas,IM,3.12,8,0.125,2.88,3.37,N,,08/2019,Analyst
25-1062.00,1.A.1.b.1,Fluency of Ideas,LV,3.62,8,0.183,3.2664,3.9836,N,N,08/2019,Analyst
25-1062.00,1.A.1.b.2,Originality,IM,3.12,8,0.125,2.88,3.37,N,,08/2019,Analyst
25-1062.00,1.A.1.b.2,Originality,LV,3.75,8,0.1637,3.4292,4.0708,N,N,08/2019,Analyst
25-1062.00,1.A.1.b.3,Problem Sensitivity,IM,3.12,8,0.125,2.88,3.37,N,,08/2019,Analyst
25-1062.00,1.A.1.b.3,Problem Sensitivity,LV,3.25,8,0.1637,2.9292,3.5708,N,N,08/2019,Analyst
25-1062.00,1.A.1.b.4,Deductive Reasoning,IM,3.62,8,0.183,3.2664,3.9836,N,,08/2019,Analyst
25-1062.00,1.A.1.b.4,Deductive Reasoning,LV,3.75,8,0.1637,3.4292,4.0708,N,N,08/2019,Analyst
25-1062.00,1.A.1.b.5,Inductive Reasoning,IM,3.75,8,0.1637,3.4292,4.0708,N,,08/2019,Analyst
25-1062.00,1.A.1.b.5,Inductive Reasoning,LV,3.75,8,0.1637,3.4292,4.0708,N,N,08/2019,Analyst
25-1062.00,1.A.1.b.6,Information Ordering,IM,3.0,8,0.0,3.0,3.0,N,,08/2019,Analyst
25-1062.00,1.A.1.b.6,Information Ordering,LV,3.12,8,0.125,2.88,3.37,N,N,08/2019,Analyst
25-1062.00,1.A.1.b.7,Category Flexibility,IM,3.0,8,0.0,3.0,3.0,N,,08/2019,Analyst
25-1062.00,1.A.1.b.7,Category Flexibility,LV,3.0,8,0.0,3.0,3.0,N,N,08/2019,Analyst
25-1062.00,1.A.1.c.1,Mathematical Reasoning,IM,2.0,8,0.0,2.0,2.0,N,,08/2019,Analyst
25-1062.00,1.A.1.c.1,Mathematical Reasoning,LV,2.25,8,0.1637,1.9292,2.5708,N,N,08/2019,Analyst
25-1062.00,1.A.1.c.2,Number Facility,IM,2.0,8,0.0,2.0,2.0,N,,08/2019,Analyst
25-1062.00,1.A.1.c.2,Number Facility,LV,2.12,8,0.125,1.88,2.37,N,N,08/2019,Analyst
25-1062.00,1.A.1.d.1,Memorization,IM,2.75,8,0.1637,2.4292,3.0708,N,,08/2019,Analyst
25-1062.00,1.A.1.d.1,Memorization,LV,2.88,8,0.125,2.63,3.12,N,N,08/2019,Analyst
25-1062.00,1.A.1.e.1,Speed of Closure,IM,2.25,8,0.1637,1.9292,2.5708,N,,08/2019,Analyst
25-1062.00,1.A.1.e.1,Speed of Closure,LV,2.12,8,0.125,1.88,2.37,N,N,08/2019,Analyst
25-1062.00,1.A.1.e.2,Flexibility of Closure,IM,2.62,8,0.183,2.2664,2.9836,N,,08/2019,Analyst
25-1062.00,1.A.1.e.2,Flexibility of Closure,LV,2.25,8,0.1637,1.9292,2.5708,N,N,08/2019,Analyst
25-1062.00,1.A.1.e.3,Perceptual Speed,IM,2.12,8,0.125,1.88,2.37,N,,08/2019,Analyst
25-1062.00,1.A.1.e.3,Perceptual Speed,LV,2.12,8,0.125,1.88,2.37,N,N,08/2019,Analyst
25-1062.00,1.A.1.f.1,Spatial Orientation,IM,1.0,8,0.0,1.0,1.0,N,,08/2019,Analyst
25-1062.00,1.A.1.f.1,Spatial Orientation,LV,0.0,8,0.0,0.0,0.0,N,Y,08/2019,Analyst
25-1062.00,1.A.1.f.2,Visualization,IM,2.0,8,0.0,2.0,2.0,N,,08/2019,Analyst
25-1062.00,1.A.1.f.2,Visualization,LV,2.12,8,0.125,1.88,2.37,N,N,08/2019,Analyst
25-1062.00,1.A.1.g.1,Selective Attention,IM,2.88,8,0.125,2.63,3.12,N,,08/2019,Analyst
25-1062.00,1.A.1.g.1,Selective Attention,LV,2.75,8,0.25,2.26,3.24,N,N,08/2019,Analyst
25-1062.00,1.A.1.g.2,Time Sharing,IM,2.62,8,0.183,2.2664,2.9836,N,,08/2019,Analyst
25-1062.00,1.A.1.g.2,Time Sharing,LV,2.62,8,0.183,2.2664,2.9836,N,N,08/2019,Analyst
25-1062.00,1.A.2.a.1,Arm-Hand Steadiness,IM,1.0,8,0.0,1.0,1.0,N,,08/2019,Analyst
25-1062.00,1.A.2.a.1,Arm-Hand Steadiness,LV,0.0,8,0.0,0.0,0.0,N,Y,08/2019,Analyst
25-1062.00,1.A.2.a.2,Manual Dexterity,IM,1.0,8,0.0,1.0,1.0,N,,08/2019,Analyst
25-1062.00,1.A.2.a.2,Manual Dexterity,LV,0.0,8,0.0,0.0,0.0,N,Y,08/2019,Analyst
25-1062.00,1.A.2.a.3,Finger Dexterity,IM,1.62,8,0.183,1.2664,1.9836,N,,08/2019,Analyst
25-1062.00,1.A.2.a.3,Finger Dexterity,LV,0.75,8,0.25,0.26,1.24,N,N,08/2019,Analyst
25-1062.00,1.A.2.b.1,Control Precision,IM,1.0,8,0.0,1.0,1.0,N,,08/2019,Analyst
25-1062.00,1.A.2.b.1,Control Precision,LV,0.0,8,0.0,0.0,0.0,N,Y,08/2019,Analyst
25-1062.00,1.A.2.b.2,Multilimb Coordination,IM,1.0,8,0.0,1.0,1.0,N,,08/2019,Analyst
25-1062.00,1.A.2.b.2,Multilimb Coordination,LV,0.0,8,0.0,0.0,0.0,N,Y,08/2019,Analyst
25-1062.00,1.A.2.b.3,Response Orientation,IM,1.0,8,0.0,1.0,1.0,N,,08/2019,Analyst
25-1062.00,1.A.2.b.3,Response Orientation,LV,0.0,8,0.0,0.0,0.0,N,Y,08/2019,Analyst
25-1062.00,1.A.2.b.4,Rate Control,IM,1.0,8,0.0,1.0,1.0,N,,08/2019,Analyst
25-1062.00,1.A.2.b.4,Rate Control,LV,0.0,8,0.0,0.0,0.0,N,Y,08/2019,Analyst
25-1062.00,1.A.2.c.1,Reaction Time,IM,1.0,8,0.0,1.0,1.0,N,,08/2019,Analyst
25-1062.00,1.A.2.c.1,Reaction Time,LV,0.0,8,0.0,0.0,0.0,N,Y,08/2019,Analyst
25-1062.00,1.A.2.c.2,Wrist-Finger Speed,IM,1.0,8,0.0,1.0,1.0,N,,08/2019,Analyst
25-1062.00,1.A.2.c.2,Wrist-Finger Speed,LV,0.0,8,0.0,0.0,0.0,N,Y,08/2019,Analyst
25-1062.00,1.A.2.c.3,Speed of Limb Movement,IM,1.0,8,0.0,1.0,1.0,N,,08/2019,Analyst
25-1062.00,1.A.2.c.3,Speed of Limb Movement,LV,0.0,8,0.0,0.0,0.0,N,Y,08/2019,Analyst
25-1062.00,1.A.3.a.1,Static Strength,IM,1.0,8,0.0,1.0,1.0,N,,08/2019,Analyst
25-1062.00,1.A.3.a.1,Static Strength,LV,0.0,8,0.0,0.0,0.0,N,Y,08/2019,Analyst
25-1062.00,1.A.3.a.2,Explosive Strength,IM,1.0,8,0.0,1.0,1.0,N,,08/2019,Analyst
25-1062.00,1.A.3.a.2,Explosive Strength,LV,0.0,8,0.0,0.0,0.0,N,Y,08/2019,Analyst
25-1062.00,1.A.3.a.3,Dynamic Strength,IM,1.0,8,0.0,1.0,1.0,N,,08/2019,Analyst
25-1062.00,1.A.3.a.3,Dynamic Strength,LV,0.0,8,0.0,0.0,0.0,N,Y,08/2019,Analyst
25-1062.00,1.A.3.a.4,Trunk Strength,IM,1.75,8,0.1637,1.4292,2.0708,N,,08/2019,Analyst
25-1062.00,1.A.3.a.4,Trunk Strength,LV,1.12,8,0.295,0.5467,1.7033,N,N,08/2019,Analyst
25-1062.00,1.A.3.b.1,Stamina,IM,1.0,8,0.0,1.0,1.0,N,,08/2019,Analyst
25-1062.00,1.A.3.b.1,Stamina,LV,0.0,8,0.0,0.0,0.0,N,Y,08/2019,Analyst
25-1062.00,1.A.3.c.1,Extent Flexibility,IM,1.0,8,0.0,1.0,1.0,N,,08/2019,Analyst
25-1062.00,1.A.3.c.1,Extent Flexibility,LV,0.0,8,0.0,0.0,0.0,N,Y,08/2019,Analyst
25-1062.00,1.A.3.c.2,Dynamic Flexibility,IM,1.0,8,0.0,1.0,1.0,N,,08/2019,Analyst
25-1062.00,1.A.3.c.2,Dynamic Flexibility,LV,0.0,8,0.0,0.0,0.0,N,Y,08/2019,Analyst
25-1062.00,1.A.3.c.3,Gross Body Coordination,IM,1.0,8,0.0,1.0,1.0,N,,08/2019,Analyst
25-1062.00,1.A.3.c.3,Gross Body Coordination,LV,0.0,8,0.0,0.0,0.0,N,Y,08/2019,Analyst
25-1062.00,1.A.3.c.4,Gross Body Equilibrium,IM,1.0,8,0.0,1.0,1.0,N,,08/2019,Analyst
25-1062.00,1.A.3.c.4,Gross Body Equilibrium,LV,0.0,8,0.0,0.0,0.0,N,Y,08/2019,Analyst
25-1062.00,1.A.4.a.1,Near Vision,IM,3.75,8,0.1637,3.4292,4.0708,N,,08/2019,Analyst
25-1062.00,1.A.4.a.1,Near Vision,LV,3.88,8,0.125,3.63,4.12,N,N,08/2019,Analyst
25-1062.00,1.A.4.a.2,Far Vision,IM,2.75,8,0.1637,2.4292,3.0708,N,,08/2019,Analyst
25-1062.00,1.A.4.a.2,Far Vision,LV,2.62,8,0.183,2.2664,2.9836,N,N,08/2019,Analyst
25-1062.00,1.A.4.a.3,Visual Color Discrimination,IM,2.0,8,0.0,2.0,2.0,N,,08/2019,Analyst
25-1062.00,1.A.4.a.3,Visual Color Discrimination,LV,1.25,8,0.1637,0.9292,1.5708,N,N,08/2019,Analyst
25-1062.00,1.A.4.a.4,Night Vision,IM,1.0,8,0.0,1.0,1.0,N,,08/2019,Analyst
25-1062.00,1.A.4.a.4,Night Vision,LV,0.0,8,0.0,0.0,0.0,N,Y,08/2019,Analyst
25-1062.00,1.A.4.a.5,Peripheral Vision,IM,1.0,8,0.0,1.0,1.0,N,,08/2019,Analyst
25-1062.00,1.A.4.a.5,Peripheral Vision,LV,0.0,8,0.0,0.0,0.0,N,Y,08/2019,Analyst
25-1062.00,1.A.4.a.6,Depth Perception,IM,1.38,8,0.183,1.0164,1.7336,N,,08/2019,Analyst
25-1062.00,1.A.4.a.6,Depth Perception,LV,0.38,8,0.183,0.0164,0.7336,N,N,08/2019,Analyst
25-1062.00,1.A.4.a.7,Glare Sensitivity,IM,1.0,8,0.0,1.0,1.0,N,,08/2019,Analyst
25-1062.00,1.A.4.a.7,Glare Sensitivity,LV,0.0,8,0.0,0.0,0.0,N,Y,08/2019,Analyst
25-1062.00,1.A.4.b.1,Hearing Sensitivity,IM,2.0,8,0.0,2.0,2.0,N,,08/2019,Analyst
25-1062.00,1.A.4.b.1,Hearing Sensitivity,LV,1.25,8,0.1637,0.9292,1.5708,N,N,08/2019,Analyst
25-1062.00,1.A.4.b.2,Auditory Attention,IM,2.12,8,0.125,1.88,2.37,N,,08/2019,Analyst
25-1062.00,1.A.4.b.2,Auditory Attention,LV,1.88,8,0.125,1.63,2.12,N,N,08/2019,Analyst
25-1062.00,1.A.4.b.3,Sound Localization,IM,1.0,8,0.0,1.0,1.0,N,,08/2019,Analyst
25-1062.00,1.A.4.b.3,Sound Localization,LV,0.0,8,0.0,0.0,0.0,N,Y,08/2019,Analyst
25-1062.00,1.A.4.b.4,Speech Recognition,IM,3.5,8,0.189,3.1296,3.8704,N,,08/2019,Analyst
25-1062.00,1.A.4.b.4,Speech Recognition,LV,3.25,8,0.1637,2.9292,3.5708,N,N,08/2019,Analyst
25-1062.00,1.A.4.b.5,Speech Clarity,IM,4.0,8,0.0,4.0,4.0,N,,08/2019,Analyst
25-1062.00,1.A.4.b.5,Speech Clarity,LV,4.62,8,0.2631,4.1094,5.1406,N,N,08/2019,Analyst
25-1063.00,1.A.1.a.1,Oral Comprehension,IM,4.0,8,0.0,4.0,4.0,N,,08/2019,Analyst
25-1063.00,1.A.1.a.1,Oral Comprehension,LV,5.0,8,0.0,5.0,5.0,N,N,08/2019,Analyst
25-1063.00,1.A.1.a.2,Written Comprehension,IM,4.0,8,0.0,4.0,4.0,N,,08/2019,Analyst
25-1063.00,1.A.1.a.2,Written Comprehension,LV,5.0,8,0.0,5.0,5.0,N,N,08/2019,Analyst
25-1063.00,1.A.1.a.3,Oral Expression,IM,4.12,8,0.125,3.88,4.37,N,,08/2019,Analyst
25-1063.00,1.A.1.a.3,Oral Expression,LV,5.0,8,0.0,5.0,5.0,N,N,08/2019,Analyst
25-1063.00,1.A.1.a.4,Written Expression,IM,4.0,8,0.0,4.0,4.0,N,,08/2019,Analyst
25-1063.00,1.A.1.a.4,Written Expression,LV,5.0,8,0.0,5.0,5.0,N,N,08/2019,Analyst
25-1063.00,1.A.1.b.1,Fluency of Ideas,IM,3.12,8,0.125,2.88,3.37,N,,08/2019,Analyst
25-1063.00,1.A.1.b.1,Fluency of Ideas,LV,3.25,8,0.1637,2.9292,3.5708,N,N,08/2019,Analyst
25-1063.00,1.A.1.b.2,Originality,IM,3.0,8,0.0,3.0,3.0,N,,08/2019,Analyst
25-1063.00,1.A.1.b.2,Originality,LV,3.0,8,0.0,3.0,3.0,N,N,08/2019,Analyst
25-1063.00,1.A.1.b.3,Problem Sensitivity,IM,3.38,8,0.183,3.0164,3.7336,N,,08/2019,Analyst
25-1063.00,1.A.1.b.3,Problem Sensitivity,LV,3.88,8,0.125,3.63,4.12,N,N,08/2019,Analyst
25-1063.00,1.A.1.b.4,Deductive Reasoning,IM,3.88,8,0.125,3.63,4.12,N,,08/2019,Analyst
25-1063.00,1.A.1.b.4,Deductive Reasoning,LV,4.12,8,0.125,3.88,4.37,N,N,08/2019,Analyst
25-1063.00,1.A.1.b.5,Inductive Reasoning,IM,3.75,8,0.1637,3.4292,4.0708,N,,08/2019,Analyst
25-1063.00,1.A.1.b.5,Inductive Reasoning,LV,4.12,8,0.125,3.88,4.37,N,N,08/2019,Analyst
25-1063.00,1.A.1.b.6,Information Ordering,IM,3.12,8,0.125,2.88,3.37,N,,08/2019,Analyst
25-1063.00,1.A.1.b.6,Information Ordering,LV,3.25,8,0.1637,2.9292,3.5708,N,N,08/2019,Analyst
25-1063.00,1.A.1.b.7,Category Flexibility,IM,3.0,8,0.0,3.0,3.0,N,,08/2019,Analyst
25-1063.00,1.A.1.b.7,Category Flexibility,LV,3.25,8,0.1637,2.9292,3.5708,N,N,08/2019,Analyst
25-1063.00,1.A.1.c.1,Mathematical Reasoning,IM,3.38,8,0.183,3.0164,3.7336,N,,08/2019,Analyst
25-1063.00,1.A.1.c.1,Mathematical Reasoning,LV,3.75,8,0.1637,3.4292,4.0708,N,N,08/2019,Analyst
25-1063.00,1.A.1.c.2,Number Facility,IM,3.12,8,0.125,2.88,3.37,N,,08/2019,Analyst
25-1063.00,1.A.1.c.2,Number Facility,LV,4.0,8,0.189,3.6296,4.3704,N,N,08/2019,Analyst
25-1063.00,1.A.1.d.1,Memorization,IM,3.0,8,0.0,3.0,3.0,N,,08/2019,Analyst
25-1063.00,1.A.1.d.1,Memorization,LV,3.0,8,0.0,3.0,3.0,N,N,08/2019,Analyst
25-1063.00,1.A.1.e.1,Speed of Closure,IM,2.62,8,0.183,2.2664,2.9836,N,,08/2019,Analyst
25-1063.00,1.A.1.e.1,Speed of Closure,LV,2.38,8,0.183,2.0164,2.7336,N,N,08/2019,Analyst
25-1063.00,1.A.1.e.2,Flexibility of Closure,IM,2.75,8,0.1637,2.4292,3.0708,N,,08/2019,Analyst
25-1063.00,1.A.1.e.2,Flexibility of Closure,LV,2.75,8,0.1637,2.4292,3.0708,N,N,08/2019,Analyst
25-1063.00,1.A.1.e.3,Perceptual Speed,IM,2.5,8,0.189,2.1296,2.8704,N,,08/2019,Analyst
25-1063.00,1.A.1.e.3,Perceptual Speed,LV,2.5,8,0.189,2.1296,2.8704,N,N,08/2019,Analyst
25-1063.00,1.A.1.f.1,Spatial Orientation,IM,1.0,8,0.0,1.0,1.0,N,,08/2019,Analyst
25-1063.00,1.A.1.f.1,Spatial Orientation,LV,0.0,8,0.0,0.0,0.0,N,Y,08/2019,Analyst
25-1063.00,1.A.1.f.2,Visualization,IM,2.5,8,0.189,2.1296,2.8704,N,,08/2019,Analyst
25-1063.00,1.A.1.f.2,Visualization,LV,2.62,8,0.183,2.2664,2.9836,N,N,08/2019,Analyst
25-1063.00,1.A.1.g.1,Selective Attention,IM,2.88,8,0.125,2.63,3.12,N,,08/2019,Analyst
25-1063.00,1.A.1.g.1,Selective Attention,LV,2.75,8,0.1637,2.4292,3.0708,N,N,08/2019,Analyst
25-1063.00,1.A.1.g.2,Time Sharing,IM,2.75,8,0.1637,2.4292,3.0708,N,,08/2019,Analyst
25-1063.00,1.A.1.g.2,Time Sharing,LV,2.5,8,0.189,2.1296,2.8704,N,N,08/2019,Analyst
25-1063.00,1.A.2.a.1,Arm-Hand Steadiness,IM,1.0,8,0.0,1.0,1.0,N,,08/2019,Analyst
25-1063.00,1.A.2.a.1,Arm-Hand Steadiness,LV,0.0,8,0.0,0.0,0.0,N,Y,08/2019,Analyst
25-1063.00,1.A.2.a.2,Manual Dexterity,IM,1.0,8,0.0,1.0,1.0,N,,08/2019,Analyst
25-1063.00,1.A.2.a.2,Manual Dexterity,LV,0.0,8,0.0,0.0,0.0,N,Y,08/2019,Analyst
25-1063.00,1.A.2.a.3,Finger Dexterity,IM,1.75,8,0.1637,1.4292,2.0708,N,,08/2019,Analyst
25-1063.00,1.A.2.a.3,Finger Dexterity,LV,1.5,8,0.3273,0.8584,2.1416,N,N,08/2019,Analyst
25-1063.00,1.A.2.b.1,Control Precision,IM,1.0,8,0.0,1.0,1.0,N,,08/2019,Analyst
25-1063.00,1.A.2.b.1,Control Precision,LV,0.0,8,0.0,0.0,0.0,N,Y,08/2019,Analyst
25-1063.00,1.A.2.b.2,Multilimb Coordination,IM,1.0,8,0.0,1.0,1.0,N,,08/2019,Analyst
25-1063.00,1.A.2.b.2,Multilimb Coordination,LV,0.0,8,0.0,0.0,0.0,N,Y,08/2019,Analyst
25-1063.00,1.A.2.b.3,Response Orientation,IM,1.0,8,0.0,1.0,1.0,N,,08/2019,Analyst
25-1063.00,1.A.2.b.3,Response Orientation,LV,0.0,8,0.0,0.0,0.0,N,Y,08/2019,Analyst
25-1063.00,1.A.2.b.4,Rate Control,IM,1.0,8,0.0,1.0,1.0,N,,08/2019,Analyst
25-1063.00,1.A.2.b.4,Rate Control,LV,0.0,8,0.0,0.0,0.0,N,Y,08/2019,Analyst
25-1063.00,1.A.2.c.1,Reaction Time,IM,1.0,8,0.0,1.0,1.0,N,,08/2019,Analyst
25-1063.00,1.A.2.c.1,Reaction Time,LV,0.0,8,0.0,0.0,0.0,N,Y,08/2019,Analyst
25-1063.00,1.A.2.c.2,Wrist-Finger Speed,IM,1.38,8,0.183,1.0164,1.7336,N,,08/2019,Analyst
25-1063.00,1.A.2.c.2,Wrist-Finger Speed,LV,0.5,8,0.2673,0.0,1.0238,N,N,08/2019,Analyst
25-1063.00,1.A.2.c.3,Speed of Limb Movement,IM,1.0,8,0.0,1.0,1.0,N,,08/2019,Analyst
25-1063.00,1.A.2.c.3,Speed of Limb Movement,LV,0.0,8,0.0,0.0,0.0,N,Y,08/2019,Analyst
25-1063.00,1.A.3.a.1,Static Strength,IM,1.0,8,0.0,1.0,1.0,N,,08/2019,Analyst
25-1063.00,1.A.3.a.1,Static Strength,LV,0.0,8,0.0,0.0,0.0,N,Y,08/2019,Analyst
25-1063.00,1.A.3.a.2,Explosive Strength,IM,1.0,8,0.0,1.0,1.0,N,,08/2019,Analyst
25-1063.00,1.A.3.a.2,Explosive Strength,LV,0.0,8,0.0,0.0,0.0,N,Y,08/2019,Analyst
25-1063.00,1.A.3.a.3,Dynamic Strength,IM,1.0,8,0.0,1.0,1.0,N,,08/2019,Analyst
25-1063.00,1.A.3.a.3,Dynamic Strength,LV,0.0,8,0.0,0.0,0.0,N,Y,08/2019,Analyst
25-1063.00,1.A.3.a.4,Trunk Strength,IM,1.88,8,0.125,1.63,2.12,N,,08/2019,Analyst
25-1063.00,1.A.3.a.4,Trunk Strength,LV,1.25,8,0.25,0.76,1.74,N,N,08/2019,Analyst
25-1063.00,1.A.3.b.1,Stamina,IM,1.0,8,0.0,1.0,1.0,N,,08/2019,Analyst
25-1063.00,1.A.3.b.1,Stamina,LV,0.0,8,0.0,0.0,0.0,N,Y,08/2019,Analyst
25-1063.00,1.A.3.c.1,Extent Flexibility,IM,1.0,8,0.0,1.0,1.0,N,,08/2019,Analyst
25-1063.00,1.A.3.c.1,Extent Flexibility,LV,0.0,8,0.0,0.0,0.0,N,Y,08/2019,Analyst
25-1063.00,1.A.3.c.2,Dynamic Flexibility,IM,1.0,8,0.0,1.0,1.0,N,,08/2019,Analyst
25-1063.00,1.A.3.c.2,Dynamic Flexibility,LV,0.0,8,0.0,0.0,0.0,N,Y,08/2019,Analyst
25-1063.00,1.A.3.c.3,Gross Body Coordination,IM,1.0,8,0.0,1.0,1.0,N,,08/2019,Analyst
25-1063.00,1.A.3.c.3,Gross Body Coordination,LV,0.0,8,0.0,0.0,0.0,N,Y,08/2019,Analyst
25-1063.00,1.A.3.c.4,Gross Body Equilibrium,IM,1.0,8,0.0,1.0,1.0,N,,08/2019,Analyst
25-1063.00,1.A.3.c.4,Gross Body Equilibrium,LV,0.0,8,0.0,0.0,0.0,N,Y,08/2019,Analyst
25-1063.00,1.A.4.a.1,Near Vision,IM,3.5,8,0.189,3.1296,3.8704,N,,08/2019,Analyst
25-1063.00,1.A.4.a.1,Near Vision,LV,3.88,8,0.125,3.63,4.12,N,N,08/2019,Analyst
25-1063.00,1.A.4.a.2,Far Vision,IM,2.75,8,0.1637,2.4292,3.0708,N,,08/2019,Analyst
25-1063.00,1.A.4.a.2,Far Vision,LV,3.0,8,0.189,2.6296,3.3704,N,N,08/2019,Analyst
25-1063.00,1.A.4.a.3,Visual Color Discrimination,IM,1.75,8,0.1637,1.4292,2.0708,N,,08/2019,Analyst
25-1063.00,1.A.4.a.3,Visual Color Discrimination,LV,1.5,8,0.3273,0.8584,2.1416,N,N,08/2019,Analyst
25-1063.00,1.A.4.a.4,Night Vision,IM,1.0,8,0.0,1.0,1.0,N,,08/2019,Analyst
25-1063.00,1.A.4.a.4,Night Vision,LV,0.0,8,0.0,0.0,0.0,N,Y,08/2019,Analyst
25-1063.00,1.A.4.a.5,Peripheral Vision,IM,1.0,8,0.0,1.0,1.0,N,,08/2019,Analyst
25-1063.00,1.A.4.a.5,Peripheral Vision,LV,0.0,8,0.0,0.0,0.0,N,Y,08/2019,Analyst
25-1063.00,1.A.4.a.6,Depth Perception,IM,1.62,8,0.183,1.2664,1.9836,N,,08/2019,Analyst
25-1063.00,1.A.4.a.6,Depth Perception,LV,0.62,8,0.183,0.2664,0.9836,N,N,08/2019,Analyst
25-1063.00,1.A.4.a.7,Glare Sensitivity,IM,1.0,8,0.0,1.0,1.0,N,,08/2019,Analyst
25-1063.00,1.A.4.a.7,Glare Sensitivity,LV,0.0,8,0.0,0.0,0.0,N,Y,08/2019,Analyst
25-1063.00,1.A.4.b.1,Hearing Sensitivity,IM,1.88,8,0.125,1.63,2.12,N,,08/2019,Analyst
25-1063.00,1.A.4.b.1,Hearing Sensitivity,LV,1.5,8,0.2673,0.9762,2.0238,N,N,08/2019,Analyst
25-1063.00,1.A.4.b.2,Auditory Attention,IM,2.12,8,0.125,1.88,2.37,N,,08/2019,Analyst
25-1063.00,1.A.4.b.2,Auditory Attention,LV,2.0,8,0.0,2.0,2.0,N,N,08/2019,Analyst
25-1063.00,1.A.4.b.3,Sound Localization,IM,1.0,8,0.0,1.0,1.0,N,,08/2019,Analyst
25-1063.00,1.A.4.b.3,Sound Localization,LV,0.0,8,0.0,0.0,0.0,N,Y,08/2019,Analyst
25-1063.00,1.A.4.b.4,Speech Recognition,IM,3.62,8,0.183,3.2664,3.9836,N,,08/2019,Analyst
25-1063.00,1.A.4.b.4,Speech Recognition,LV,3.88,8,0.125,3.63,4.12,N,N,08/2019,Analyst
25-1063.00,1.A.4.b.5,Speech Clarity,IM,4.0,8,0.0,4.0,4.0,N,,08/2019,Analyst
25-1063.00,1.A.4.b.5,Speech Clarity,LV,4.75,8,0.1637,4.4292,5.0708,N,N,08/2019,Analyst
25-1064.00,1.A.1.a.1,Oral Comprehension,IM,4.0,8,0.0,4.0,4.0,N,,08/2019,Analyst
25-1064.00,1.A.1.a.1,Oral Comprehension,LV,4.88,8,0.125,4.63,5.12,N,N,08/2019,Analyst
25-1064.00,1.A.1.a.2,Written Comprehension,IM,4.0,8,0.0,4.0,4.0,N,,08/2019,Analyst
25-1064.00,1.A.1.a.2,Written Comprehension,LV,5.0,8,0.0,5.0,5.0,N,N,08/2019,Analyst
25-1064.00,1.A.1.a.3,Oral Expression,IM,4.25,8,0.1637,3.9292,4.5708,N,,08/2019,Analyst
25-1064.00,1.A.1.a.3,Oral Expression,LV,4.88,8,0.125,4.63,5.12,N,N,08/2019,Analyst
25-1064.00,1.A.1.a.4,Written Expression,IM,4.12,8,0.125,3.88,4.37,N,,08/2019,Analyst
25-1064.00,1.A.1.a.4,Written Expression,LV,4.88,8,0.125,4.63,5.12,N,N,08/2019,Analyst
25-1064.00,1.A.1.b.1,Fluency of Ideas,IM,3.12,8,0.125,2.88,3.37,N,,08/2019,Analyst
25-1064.00,1.A.1.b.1,Fluency of Ideas,LV,3.62,8,0.183,3.2664,3.9836,N,N,08/2019,Analyst
25-1064.00,1.A.1.b.2,Originality,IM,3.0,8,0.0,3.0,3.0,N,,08/2019,Analyst
25-1064.00,1.A.1.b.2,Originality,LV,3.62,8,0.183,3.2664,3.9836,N,N,08/2019,Analyst
25-1064.00,1.A.1.b.3,Problem Sensitivity,IM,3.5,8,0.189,3.1296,3.8704,N,,08/2019,Analyst
25-1064.00,1.A.1.b.3,Problem Sensitivity,LV,3.25,8,0.1637,2.9292,3.5708,N,N,08/2019,Analyst
25-1064.00,1.A.1.b.4,Deductive Reasoning,IM,3.75,8,0.1637,3.4292,4.0708,N,,08/2019,Analyst
25-1064.00,1.A.1.b.4,Deductive Reasoning,LV,3.88,8,0.125,3.63,4.12,N,N,08/2019,Analyst
25-1064.00,1.A.1.b.5,Inductive Reasoning,IM,3.75,8,0.1637,3.4292,4.0708,N,,08/2019,Analyst
25-1064.00,1.A.1.b.5,Inductive Reasoning,LV,3.88,8,0.125,3.63,4.12,N,N,08/2019,Analyst
25-1064.00,1.A.1.b.6,Information Ordering,IM,3.12,8,0.125,2.88,3.37,N,,08/2019,Analyst
25-1064.00,1.A.1.b.6,Information Ordering,LV,3.62,8,0.183,3.2664,3.9836,N,N,08/2019,Analyst
25-1064.00,1.A.1.b.7,Category Flexibility,IM,3.0,8,0.0,3.0,3.0,N,,08/2019,Analyst
25-1064.00,1.A.1.b.7,Category Flexibility,LV,3.62,8,0.183,3.2664,3.9836,N,N,08/2019,Analyst
25-1064.00,1.A.1.c.1,Mathematical Reasoning,IM,2.62,8,0.183,2.2664,2.9836,N,,08/2019,Analyst
25-1064.00,1.A.1.c.1,Mathematical Reasoning,LV,2.88,8,0.125,2.63,3.12,N,N,08/2019,Analyst
25-1064.00,1.A.1.c.2,Number Facility,IM,2.12,8,0.125,1.88,2.37,N,,08/2019,Analyst
25-1064.00,1.A.1.c.2,Number Facility,LV,2.75,8,0.1637,2.4292,3.0708,N,N,08/2019,Analyst
25-1064.00,1.A.1.d.1,Memorization,IM,2.5,8,0.189,2.1296,2.8704,N,,08/2019,Analyst
25-1064.00,1.A.1.d.1,Memorization,LV,2.5,8,0.189,2.1296,2.8704,N,N,08/2019,Analyst
25-1064.00,1.A.1.e.1,Speed of Closure,IM,2.12,8,0.125,1.88,2.37,N,,08/2019,Analyst
25-1064.00,1.A.1.e.1,Speed of Closure,LV,2.25,8,0.1637,1.9292,2.5708,N,N,08/2019,Analyst
25-1064.00,1.A.1.e.2,Flexibility of Closure,IM,2.75,8,0.1637,2.4292,3.0708,N,,08/2019,Analyst
25-1064.00,1.A.1.e.2,Flexibility of Closure,LV,2.5,8,0.189,2.1296,2.8704,N,N,08/2019,Analyst
25-1064.00,1.A.1.e.3,Perceptual Speed,IM,2.12,8,0.125,1.88,2.37,N,,08/2019,Analyst
25-1064.00,1.A.1.e.3,Perceptual Speed,LV,2.12,8,0.125,1.88,2.37,N,N,08/2019,Analyst
25-1064.00,1.A.1.f.1,Spatial Orientation,IM,1.25,8,0.1637,1.0,1.5708,N,,08/2019,Analyst
25-1064.00,1.A.1.f.1,Spatial Orientation,LV,0.38,8,0.2631,0.0,0.8906,N,Y,08/2019,Analyst
25-1064.00,1.A.1.f.2,Visualization,IM,2.25,8,0.1637,1.9292,2.5708,N,,08/2019,Analyst
25-1064.00,1.A.1.f.2,Visualization,LV,2.38,8,0.183,2.0164,2.7336,N,N,08/2019,Analyst
25-1064.00,1.A.1.g.1,Selective Attention,IM,2.88,8,0.2266,2.4309,3.3191,N,,08/2019,Analyst
25-1064.00,1.A.1.g.1,Selective Attention,LV,2.75,8,0.25,2.26,3.24,N,N,08/2019,Analyst
25-1064.00,1.A.1.g.2,Time Sharing,IM,2.62,8,0.183,2.2664,2.9836,N,,08/2019,Analyst
25-1064.00,1.A.1.g.2,Time Sharing,LV,2.12,8,0.125,1.88,2.37,N,N,08/2019,Analyst
25-1064.00,1.A.2.a.1,Arm-Hand Steadiness,IM,1.0,8,0.0,1.0,1.0,N,,08/2019,Analyst
25-1064.00,1.A.2.a.1,Arm-Hand Steadiness,LV,0.0,8,0.0,0.0,0.0,N,Y,08/2019,Analyst
25-1064.00,1.A.2.a.2,Manual Dexterity,IM,1.0,8,0.0,1.0,1.0,N,,08/2019,Analyst
25-1064.00,1.A.2.a.2,Manual Dexterity,LV,0.0,8,0.0,0.0,0.0,N,Y,08/2019,Analyst
25-1064.00,1.A.2.a.3,Finger Dexterity,IM,1.5,8,0.189,1.1296,1.8704,N,,08/2019,Analyst
25-1064.00,1.A.2.a.3,Finger Dexterity,LV,0.75,8,0.3134,0.1358,1.3642,N,N,08/2019,Analyst
25-1064.00,1.A.2.b.1,Control Precision,IM,1.0,8,0.0,1.0,1.0,N,,08/2019,Analyst
25-1064.00,1.A.2.b.1,Control Precision,LV,0.0,8,0.0,0.0,0.0,N,Y,08/2019,Analyst
25-1064.00,1.A.2.b.2,Multilimb Coordination,IM,1.0,8,0.0,1.0,1.0,N,,08/2019,Analyst
25-1064.00,1.A.2.b.2,Multilimb Coordination,LV,0.0,8,0.0,0.0,0.0,N,Y,08/2019,Analyst
25-1064.00,1.A.2.b.3,Response Orientation,IM,1.0,8,0.0,1.0,1.0,N,,08/2019,Analyst
25-1064.00,1.A.2.b.3,Response Orientation,LV,0.0,8,0.0,0.0,0.0,N,Y,08/2019,Analyst
25-1064.00,1.A.2.b.4,Rate Control,IM,1.0,8,0.0,1.0,1.0,N,,08/2019,Analyst
25-1064.00,1.A.2.b.4,Rate Control,LV,0.0,8,0.0,0.0,0.0,N,Y,08/2019,Analyst
25-1064.00,1.A.2.c.1,Reaction Time,IM,1.0,8,0.0,1.0,1.0,N,,08/2019,Analyst
25-1064.00,1.A.2.c.1,Reaction Time,LV,0.0,8,0.0,0.0,0.0,N,Y,08/2019,Analyst
25-1064.00,1.A.2.c.2,Wrist-Finger Speed,IM,1.0,8,0.0,1.0,1.0,N,,08/2019,Analyst
25-1064.00,1.A.2.c.2,Wrist-Finger Speed,LV,0.0,8,0.0,0.0,0.0,N,Y,08/2019,Analyst
25-1064.00,1.A.2.c.3,Speed of Limb Movement,IM,1.0,8,0.0,1.0,1.0,N,,08/2019,Analyst
25-1064.00,1.A.2.c.3,Speed of Limb Movement,LV,0.0,8,0.0,0.0,0.0,N,Y,08/2019,Analyst
25-1064.00,1.A.3.a.1,Static Strength,IM,1.0,8,0.0,1.0,1.0,N,,08/2019,Analyst
25-1064.00,1.A.3.a.1,Static Strength,LV,0.0,8,0.0,0.0,0.0,N,Y,08/2019,Analyst
25-1064.00,1.A.3.a.2,Explosive Strength,IM,1.0,8,0.0,1.0,1.0,N,,08/2019,Analyst
25-1064.00,1.A.3.a.2,Explosive Strength,LV,0.0,8,0.0,0.0,0.0,N,Y,08/2019,Analyst
25-1064.00,1.A.3.a.3,Dynamic Strength,IM,1.0,8,0.0,1.0,1.0,N,,08/2019,Analyst
25-1064.00,1.A.3.a.3,Dynamic Strength,LV,0.0,8,0.0,0.0,0.0,N,Y,08/2019,Analyst
25-1064.00,1.A.3.a.4,Trunk Strength,IM,2.0,8,0.189,1.6296,2.3704,N,,08/2019,Analyst
25-1064.00,1.A.3.a.4,Trunk Strength,LV,1.75,8,0.25,1.26,2.24,N,N,08/2019,Analyst
25-1064.00,1.A.3.b.1,Stamina,IM,1.0,8,0.0,1.0,1.0,N,,08/2019,Analyst
25-1064.00,1.A.3.b.1,Stamina,LV,0.0,8,0.0,0.0,0.0,N,Y,08/2019,Analyst
25-1064.00,1.A.3.c.1,Extent Flexibility,IM,1.0,8,0.0,1.0,1.0,N,,08/2019,Analyst
25-1064.00,1.A.3.c.1,Extent Flexibility,LV,0.0,8,0.0,0.0,0.0,N,Y,08/2019,Analyst
25-1064.00,1.A.3.c.2,Dynamic Flexibility,IM,1.0,8,0.0,1.0,1.0,N,,08/2019,Analyst
25-1064.00,1.A.3.c.2,Dynamic Flexibility,LV,0.0,8,0.0,0.0,0.0,N,Y,08/2019,Analyst
25-1064.00,1.A.3.c.3,Gross Body Coordination,IM,1.0,8,0.0,1.0,1.0,N,,08/2019,Analyst
25-1064.00,1.A.3.c.3,Gross Body Coordination,LV,0.0,8,0.0,0.0,0.0,N,Y,08/2019,Analyst
25-1064.00,1.A.3.c.4,Gross Body Equilibrium,IM,1.0,8,0.0,1.0,1.0,N,,08/2019,Analyst
25-1064.00,1.A.3.c.4,Gross Body Equilibrium,LV,0.0,8,0.0,0.0,0.0,N,Y,08/2019,Analyst
25-1064.00,1.A.4.a.1,Near Vision,IM,3.38,8,0.183,3.0164,3.7336,N,,08/2019,Analyst
25-1064.00,1.A.4.a.1,Near Vision,LV,3.38,8,0.183,3.0164,3.7336,N,N,08/2019,Analyst
25-1064.00,1.A.4.a.2,Far Vision,IM,2.62,8,0.183,2.2664,2.9836,N,,08/2019,Analyst
25-1064.00,1.A.4.a.2,Far Vision,LV,2.75,8,0.1637,2.4292,3.0708,N,N,08/2019,Analyst
25-1064.00,1.A.4.a.3,Visual Color Discrimination,IM,2.12,8,0.125,1.88,2.37,N,,08/2019,Analyst
25-1064.00,1.A.4.a.3,Visual Color Discrimination,LV,1.5,8,0.189,1.1296,1.8704,N,N,08/2019,Analyst
25-1064.00,1.A.4.a.4,Night Vision,IM,1.0,8,0.0,1.0,1.0,N,,08/2019,Analyst
25-1064.00,1.A.4.a.4,Night Vision,LV,0.0,8,0.0,0.0,0.0,N,Y,08/2019,Analyst
25-1064.00,1.A.4.a.5,Peripheral Vision,IM,1.0,8,0.0,1.0,1.0,N,,08/2019,Analyst
25-1064.00,1.A.4.a.5,Peripheral Vision,LV,0.0,8,0.0,0.0,0.0,N,Y,08/2019,Analyst
25-1064.00,1.A.4.a.6,Depth Perception,IM,1.25,8,0.1637,1.0,1.5708,N,,08/2019,Analyst
25-1064.00,1.A.4.a.6,Depth Perception,LV,0.25,8,0.1637,0.0,0.5708,N,Y,08/2019,Analyst
25-1064.00,1.A.4.a.7,Glare Sensitivity,IM,1.0,8,0.0,1.0,1.0,N,,08/2019,Analyst
25-1064.00,1.A.4.a.7,Glare Sensitivity,LV,0.0,8,0.0,0.0,0.0,N,Y,08/2019,Analyst
25-1064.00,1.A.4.b.1,Hearing Sensitivity,IM,1.88,8,0.125,1.63,2.12,N,,08/2019,Analyst
25-1064.00,1.A.4.b.1,Hearing Sensitivity,LV,1.38,8,0.3239,0.7402,2.0098,N,N,08/2019,Analyst
25-1064.00,1.A.4.b.2,Auditory Attention,IM,1.88,8,0.125,1.63,2.12,N,,08/2019,Analyst
25-1064.00,1.A.4.b.2,Auditory Attention,LV,1.38,8,0.2631,0.8594,1.8906,N,N,08/2019,Analyst
25-1064.00,1.A.4.b.3,Sound Localization,IM,1.0,8,0.0,1.0,1.0,N,,08/2019,Analyst
25-1064.00,1.A.4.b.3,Sound Localization,LV,0.0,8,0.0,0.0,0.0,N,Y,08/2019,Analyst
25-1064.00,1.A.4.b.4,Speech Recognition,IM,3.5,8,0.189,3.1296,3.8704,N,,08/2019,Analyst
25-1064.00,1.A.4.b.4,Speech Recognition,LV,3.75,8,0.1637,3.4292,4.0708,N,N,08/2019,Analyst
25-1064.00,1.A.4.b.5,Speech Clarity,IM,3.88,8,0.125,3.63,4.12,N,,08/2019,Analyst
25-1064.00,1.A.4.b.5,Speech Clarity,LV,4.62,8,0.2631,4.1094,5.1406,N,N,08/2019,Analyst
25-1065.00,1.A.1.a.1,Oral Comprehension,IM,4.12,8,0.125,3.88,4.37,N,,08/2019,Analyst
25-1065.00,1.A.1.a.1,Oral Comprehension,LV,5.0,8,0.0,5.0,5.0,N,N,08/2019,Analyst
25-1065.00,1.A.1.a.2,Written Comprehension,IM,4.25,8,0.1637,3.9292,4.5708,N,,08/2019,Analyst
25-1065.00,1.A.1.a.2,Written Comprehension,LV,5.0,8,0.0,5.0,5.0,N,N,08/2019,Analyst
25-1065.00,1.A.1.a.3,Oral Expression,IM,4.12,8,0.125,3.88,4.37,N,,08/2019,Analyst
25-1065.00,1.A.1.a.3,Oral Expression,LV,5.0,8,0.0,5.0,5.0,N,N,08/2019,Analyst
25-1065.00,1.A.1.a.4,Written Expression,IM,4.0,8,0.0,4.0,4.0,N,,08/2019,Analyst
25-1065.00,1.A.1.a.4,Written Expression,LV,5.0,8,0.0,5.0,5.0,N,N,08/2019,Analyst
25-1065.00,1.A.1.b.1,Fluency of Ideas,IM,3.0,8,0.0,3.0,3.0,N,,08/2019,Analyst
25-1065.00,1.A.1.b.1,Fluency of Ideas,LV,3.25,8,0.1637,2.9292,3.5708,N,N,08/2019,Analyst
25-1065.00,1.A.1.b.2,Originality,IM,3.0,8,0.0,3.0,3.0,N,,08/2019,Analyst
25-1065.00,1.A.1.b.2,Originality,LV,3.25,8,0.1637,2.9292,3.5708,N,N,08/2019,Analyst
25-1065.00,1.A.1.b.3,Problem Sensitivity,IM,3.12,8,0.125,2.88,3.37,N,,08/2019,Analyst
25-1065.00,1.A.1.b.3,Problem Sensitivity,LV,3.25,8,0.1637,2.9292,3.5708,N,N,08/2019,Analyst
25-1065.00,1.A.1.b.4,Deductive Reasoning,IM,3.25,8,0.1637,2.9292,3.5708,N,,08/2019,Analyst
25-1065.00,1.A.1.b.4,Deductive Reasoning,LV,3.88,8,0.125,3.63,4.12,N,N,08/2019,Analyst
25-1065.00,1.A.1.b.5,Inductive Reasoning,IM,3.75,8,0.1637,3.4292,4.0708,N,,08/2019,Analyst
25-1065.00,1.A.1.b.5,Inductive Reasoning,LV,3.88,8,0.125,3.63,4.12,N,N,08/2019,Analyst
25-1065.00,1.A.1.b.6,Information Ordering,IM,3.0,8,0.0,3.0,3.0,N,,08/2019,Analyst
25-1065.00,1.A.1.b.6,Information Ordering,LV,3.12,8,0.125,2.88,3.37,N,N,08/2019,Analyst
25-1065.00,1.A.1.b.7,Category Flexibility,IM,3.0,8,0.0,3.0,3.0,N,,08/2019,Analyst
25-1065.00,1.A.1.b.7,Category Flexibility,LV,3.12,8,0.125,2.88,3.37,N,N,08/2019,Analyst
25-1065.00,1.A.1.c.1,Mathematical Reasoning,IM,2.0,8,0.0,2.0,2.0,N,,08/2019,Analyst
25-1065.00,1.A.1.c.1,Mathematical Reasoning,LV,2.38,8,0.183,2.0164,2.7336,N,N,08/2019,Analyst
25-1065.00,1.A.1.c.2,Number Facility,IM,2.12,8,0.125,1.88,2.37,N,,08/2019,Analyst
25-1065.00,1.A.1.c.2,Number Facility,LV,2.0,8,0.0,2.0,2.0,N,N,08/2019,Analyst
25-1065.00,1.A.1.d.1,Memorization,IM,2.75,8,0.1637,2.4292,3.0708,N,,08/2019,Analyst
25-1065.00,1.A.1.d.1,Memorization,LV,2.88,8,0.2266,2.4309,3.3191,N,N,08/2019,Analyst
25-1065.00,1.A.1.e.1,Speed of Closure,IM,2.12,8,0.125,1.88,2.37,N,,08/2019,Analyst
25-1065.00,1.A.1.e.1,Speed of Closure,LV,2.0,8,0.0,2.0,2.0,N,N,08/2019,Analyst
25-1065.00,1.A.1.e.2,Flexibility of Closure,IM,2.38,8,0.183,2.0164,2.7336,N,,08/2019,Analyst
25-1065.00,1.A.1.e.2,Flexibility of Closure,LV,2.0,8,0.0,2.0,2.0,N,N,08/2019,Analyst
25-1065.00,1.A.1.e.3,Perceptual Speed,IM,2.12,8,0.125,1.88,2.37,N,,08/2019,Analyst
25-1065.00,1.A.1.e.3,Perceptual Speed,LV,2.0,8,0.0,2.0,2.0,N,N,08/2019,Analyst
25-1065.00,1.A.1.f.1,Spatial Orientation,IM,1.0,8,0.0,1.0,1.0,N,,08/2019,Analyst
25-1065.00,1.A.1.f.1,Spatial Orientation,LV,0.0,8,0.0,0.0,0.0,N,Y,08/2019,Analyst
25-1065.00,1.A.1.f.2,Visualization,IM,1.88,8,0.125,1.63,2.12,N,,08/2019,Analyst
25-1065.00,1.A.1.f.2,Visualization,LV,1.25,8,0.25,0.76,1.74,N,N,08/2019,Analyst
25-1065.00,1.A.1.g.1,Selective Attention,IM,3.0,8,0.0,3.0,3.0,N,,08/2019,Analyst
25-1065.00,1.A.1.g.1,Selective Attention,LV,2.88,8,0.125,2.63,3.12,N,N,08/2019,Analyst
25-1065.00,1.A.1.g.2,Time Sharing,IM,2.62,8,0.183,2.2664,2.9836,N,,08/2019,Analyst
25-1065.00,1.A.1.g.2,Time Sharing,LV,2.12,8,0.125,1.88,2.37,N,N,08/2019,Analyst
25-1065.00,1.A.2.a.1,Arm-Hand Steadiness,IM,1.0,8,0.0,1.0,1.0,N,,08/2019,Analyst
25-1065.00,1.A.2.a.1,Arm-Hand Steadiness,LV,0.0,8,0.0,0.0,0.0,N,Y,08/2019,Analyst
25-1065.00,1.A.2.a.2,Manual Dexterity,IM,1.0,8,0.0,1.0,1.0,N,,08/2019,Analyst
25-1065.00,1.A.2.a.2,Manual Dexterity,LV,0.0,8,0.0,0.0,0.0,N,Y,08/2019,Analyst
25-1065.00,1.A.2.a.3,Finger Dexterity,IM,1.25,8,0.1637,1.0,1.5708,N,,08/2019,Analyst
25-1065.00,1.A.2.a.3,Finger Dexterity,LV,0.25,8,0.1637,0.0,0.5708,N,Y,08/2019,Analyst
25-1065.00,1.A.2.b.1,Control Precision,IM,1.0,8,0.0,1.0,1.0,N,,08/2019,Analyst
25-1065.00,1.A.2.b.1,Control Precision,LV,0.0,8,0.0,0.0,0.0,N,Y,08/2019,Analyst
25-1065.00,1.A.2.b.2,Multilimb Coordination,IM,1.0,8,0.0,1.0,1.0,N,,08/2019,Analyst
25-1065.00,1.A.2.b.2,Multilimb Coordination,LV,0.0,8,0.0,0.0,0.0,N,Y,08/2019,Analyst
25-1065.00,1.A.2.b.3,Response Orientation,IM,1.0,8,0.0,1.0,1.0,N,,08/2019,Analyst
25-1065.00,1.A.2.b.3,Response Orientation,LV,0.0,8,0.0,0.0,0.0,N,Y,08/2019,Analyst
25-1065.00,1.A.2.b.4,Rate Control,IM,1.0,8,0.0,1.0,1.0,N,,08/2019,Analyst
25-1065.00,1.A.2.b.4,Rate Control,LV,0.0,8,0.0,0.0,0.0,N,Y,08/2019,Analyst
25-1065.00,1.A.2.c.1,Reaction Time,IM,1.0,8,0.0,1.0,1.0,N,,08/2019,Analyst
25-1065.00,1.A.2.c.1,Reaction Time,LV,0.0,8,0.0,0.0,0.0,N,Y,08/2019,Analyst
25-1065.00,1.A.2.c.2,Wrist-Finger Speed,IM,1.12,8,0.125,1.0,1.37,N,,08/2019,Analyst
25-1065.00,1.A.2.c.2,Wrist-Finger Speed,LV,0.12,8,0.125,0.0,0.37,N,Y,08/2019,Analyst
25-1065.00,1.A.2.c.3,Speed of Limb Movement,IM,1.0,8,0.0,1.0,1.0,N,,08/2019,Analyst
25-1065.00,1.A.2.c.3,Speed of Limb Movement,LV,0.0,8,0.0,0.0,0.0,N,Y,08/2019,Analyst
25-1065.00,1.A.3.a.1,Static Strength,IM,1.0,8,0.0,1.0,1.0,N,,08/2019,Analyst
25-1065.00,1.A.3.a.1,Static Strength,LV,0.0,8,0.0,0.0,0.0,N,Y,08/2019,Analyst
25-1065.00,1.A.3.a.2,Explosive Strength,IM,1.0,8,0.0,1.0,1.0,N,,08/2019,Analyst
25-1065.00,1.A.3.a.2,Explosive Strength,LV,0.0,8,0.0,0.0,0.0,N,Y,08/2019,Analyst
25-1065.00,1.A.3.a.3,Dynamic Strength,IM,1.25,8,0.1637,1.0,1.5708,N,,08/2019,Analyst
25-1065.00,1.A.3.a.3,Dynamic Strength,LV,0.25,8,0.1637,0.0,0.5708,N,Y,08/2019,Analyst
25-1065.00,1.A.3.a.4,Trunk Strength,IM,1.75,8,0.1637,1.4292,2.0708,N,,08/2019,Analyst
25-1065.00,1.A.3.a.4,Trunk Strength,LV,1.12,8,0.295,0.5467,1.7033,N,N,08/2019,Analyst
25-1065.00,1.A.3.b.1,Stamina,IM,1.0,8,0.0,1.0,1.0,N,,08/2019,Analyst
25-1065.00,1.A.3.b.1,Stamina,LV,0.0,8,0.0,0.0,0.0,N,Y,08/2019,Analyst
25-1065.00,1.A.3.c.1,Extent Flexibility,IM,1.0,8,0.0,1.0,1.0,N,,08/2019,Analyst
25-1065.00,1.A.3.c.1,Extent Flexibility,LV,0.0,8,0.0,0.0,0.0,N,Y,08/2019,Analyst
25-1065.00,1.A.3.c.2,Dynamic Flexibility,IM,1.0,8,0.0,1.0,1.0,N,,08/2019,Analyst
25-1065.00,1.A.3.c.2,Dynamic Flexibility,LV,0.0,8,0.0,0.0,0.0,N,Y,08/2019,Analyst
25-1065.00,1.A.3.c.3,Gross Body Coordination,IM,1.0,8,0.0,1.0,1.0,N,,08/2019,Analyst
25-1065.00,1.A.3.c.3,Gross Body Coordination,LV,0.0,8,0.0,0.0,0.0,N,Y,08/2019,Analyst
25-1065.00,1.A.3.c.4,Gross Body Equilibrium,IM,1.0,8,0.0,1.0,1.0,N,,08/2019,Analyst
25-1065.00,1.A.3.c.4,Gross Body Equilibrium,LV,0.0,8,0.0,0.0,0.0,N,Y,08/2019,Analyst
25-1065.00,1.A.4.a.1,Near Vision,IM,3.62,8,0.183,3.2664,3.9836,N,,08/2019,Analyst
25-1065.00,1.A.4.a.1,Near Vision,LV,3.75,8,0.1637,3.4292,4.0708,N,N,08/2019,Analyst
25-1065.00,1.A.4.a.2,Far Vision,IM,2.25,8,0.1637,1.9292,2.5708,N,,08/2019,Analyst
25-1065.00,1.A.4.a.2,Far Vision,LV,2.75,8,0.1637,2.4292,3.0708,N,N,08/2019,Analyst
25-1065.00,1.A.4.a.3,Visual Color Discrimination,IM,2.0,8,0.0,2.0,2.0,N,,08/2019,Analyst
25-1065.00,1.A.4.a.3,Visual Color Discrimination,LV,1.25,8,0.1637,0.9292,1.5708,N,N,08/2019,Analyst
25-1065.00,1.A.4.a.4,Night Vision,IM,1.0,8,0.0,1.0,1.0,N,,08/2019,Analyst
25-1065.00,1.A.4.a.4,Night Vision,LV,0.0,8,0.0,0.0,0.0,N,Y,08/2019,Analyst
25-1065.00,1.A.4.a.5,Peripheral Vision,IM,1.0,8,0.0,1.0,1.0,N,,08/2019,Analyst
25-1065.00,1.A.4.a.5,Peripheral Vision,LV,0.0,8,0.0,0.0,0.0,N,Y,08/2019,Analyst
25-1065.00,1.A.4.a.6,Depth Perception,IM,1.12,8,0.125,1.0,1.37,N,,08/2019,Analyst
25-1065.00,1.A.4.a.6,Depth Perception,LV,0.12,8,0.125,0.0,0.37,N,Y,08/2019,Analyst
25-1065.00,1.A.4.a.7,Glare Sensitivity,IM,1.0,8,0.0,1.0,1.0,N,,08/2019,Analyst
25-1065.00,1.A.4.a.7,Glare Sensitivity,LV,0.0,8,0.0,0.0,0.0,N,Y,08/2019,Analyst
25-1065.00,1.A.4.b.1,Hearing Sensitivity,IM,1.62,8,0.183,1.2664,1.9836,N,,08/2019,Analyst
25-1065.00,1.A.4.b.1,Hearing Sensitivity,LV,0.62,8,0.183,0.2664,0.9836,N,N,08/2019,Analyst
25-1065.00,1.A.4.b.2,Auditory Attention,IM,1.88,8,0.125,1.63,2.12,N,,08/2019,Analyst
25-1065.00,1.A.4.b.2,Auditory Attention,LV,1.0,8,0.189,0.6296,1.3704,N,N,08/2019,Analyst
25-1065.00,1.A.4.b.3,Sound Localization,IM,1.0,8,0.0,1.0,1.0,N,,08/2019,Analyst
25-1065.00,1.A.4.b.3,Sound Localization,LV,0.0,8,0.0,0.0,0.0,N,Y,08/2019,Analyst
25-1065.00,1.A.4.b.4,Speech Recognition,IM,3.38,8,0.183,3.0164,3.7336,N,,08/2019,Analyst
25-1065.00,1.A.4.b.4,Speech Recognition,LV,3.38,8,0.183,3.0164,3.7336,N,N,08/2019,Analyst
25-1065.00,1.A.4.b.5,Speech Clarity,IM,3.75,8,0.1637,3.4292,4.0708,N,,08/2019,Analyst
25-1065.00,1.A.4.b.5,Speech Clarity,LV,4.62,8,0.183,4.2664,4.9836,N,N,08/2019,Analyst
25-1066.00,1.A.1.a.1,Oral Comprehension,IM,4.0,8,0.0,4.0,4.0,N,,08/2019,Analyst
25-1066.00,1.A.1.a.1,Oral Comprehension,LV,4.88,8,0.125,4.63,5.12,N,N,08/2019,Analyst
25-1066.00,1.A.1.a.2,Written Comprehension,IM,4.12,8,0.125,3.88,4.37,N,,08/2019,Analyst
25-1066.00,1.A.1.a.2,Written Comprehension,LV,5.0,8,0.0,5.0,5.0,N,N,08/2019,Analyst
25-1066.00,1.A.1.a.3,Oral Expression,IM,4.5,8,0.189,4.1296,4.8704,N,,08/2019,Analyst
25-1066.00,1.A.1.a.3,Oral Expression,LV,5.0,8,0.0,5.0,5.0,N,N,08/2019,Analyst
25-1066.00,1.A.1.a.4,Written Expression,IM,4.12,8,0.125,3.88,4.37,N,,08/2019,Analyst
25-1066.00,1.A.1.a.4,Written Expression,LV,5.0,8,0.0,5.0,5.0,N,N,08/2019,Analyst
25-1066.00,1.A.1.b.1,Fluency of Ideas,IM,3.25,8,0.1637,2.9292,3.5708,N,,08/2019,Analyst
25-1066.00,1.A.1.b.1,Fluency of Ideas,LV,3.5,8,0.189,3.1296,3.8704,N,N,08/2019,Analyst
25-1066.00,1.A.1.b.2,Originality,IM,3.12,8,0.125,2.88,3.37,N,,08/2019,Analyst
25-1066.00,1.A.1.b.2,Originality,LV,3.38,8,0.183,3.0164,3.7336,N,N,08/2019,Analyst
25-1066.00,1.A.1.b.3,Problem Sensitivity,IM,3.25,8,0.1637,2.9292,3.5708,N,,08/2019,Analyst
25-1066.00,1.A.1.b.3,Problem Sensitivity,LV,3.75,8,0.1637,3.4292,4.0708,N,N,08/2019,Analyst
25-1066.00,1.A.1.b.4,Deductive Reasoning,IM,3.88,8,0.125,3.63,4.12,N,,08/2019,Analyst
25-1066.00,1.A.1.b.4,Deductive Reasoning,LV,4.12,8,0.125,3.88,4.37,N,N,08/2019,Analyst
25-1066.00,1.A.1.b.5,Inductive Reasoning,IM,3.88,8,0.125,3.63,4.12,N,,08/2019,Analyst
25-1066.00,1.A.1.b.5,Inductive Reasoning,LV,4.12,8,0.125,3.88,4.37,N,N,08/2019,Analyst
25-1066.00,1.A.1.b.6,Information Ordering,IM,3.12,8,0.125,2.88,3.37,N,,08/2019,Analyst
25-1066.00,1.A.1.b.6,Information Ordering,LV,3.38,8,0.183,3.0164,3.7336,N,N,08/2019,Analyst
25-1066.00,1.A.1.b.7,Category Flexibility,IM,3.12,8,0.125,2.88,3.37,N,,08/2019,Analyst
25-1066.00,1.A.1.b.7,Category Flexibility,LV,3.38,8,0.2631,2.8594,3.8906,N,N,08/2019,Analyst
25-1066.00,1.A.1.c.1,Mathematical Reasoning,IM,2.88,8,0.2266,2.4309,3.3191,N,,08/2019,Analyst
25-1066.00,1.A.1.c.1,Mathematical Reasoning,LV,3.12,8,0.125,2.88,3.37,N,N,08/2019,Analyst
25-1066.00,1.A.1.c.2,Number Facility,IM,2.38,8,0.183,2.0164,2.7336,N,,08/2019,Analyst
25-1066.00,1.A.1.c.2,Number Facility,LV,2.62,8,0.2631,2.1094,3.1406,N,N,08/2019,Analyst
25-1066.00,1.A.1.d.1,Memorization,IM,2.88,8,0.125,2.63,3.12,N,,08/2019,Analyst
25-1066.00,1.A.1.d.1,Memorization,LV,2.88,8,0.125,2.63,3.12,N,N,08/2019,Analyst
25-1066.00,1.A.1.e.1,Speed of Closure,IM,2.12,8,0.125,1.88,2.37,N,,08/2019,Analyst
25-1066.00,1.A.1.e.1,Speed of Closure,LV,2.12,8,0.125,1.88,2.37,N,N,08/2019,Analyst
25-1066.00,1.A.1.e.2,Flexibility of Closure,IM,2.62,8,0.183,2.2664,2.9836,N,,08/2019,Analyst
25-1066.00,1.A.1.e.2,Flexibility of Closure,LV,2.38,8,0.183,2.0164,2.7336,N,N,08/2019,Analyst
25-1066.00,1.A.1.e.3,Perceptual Speed,IM,2.12,8,0.125,1.88,2.37,N,,08/2019,Analyst
25-1066.00,1.A.1.e.3,Perceptual Speed,LV,2.12,8,0.125,1.88,2.37,N,N,08/2019,Analyst
25-1066.00,1.A.1.f.1,Spatial Orientation,IM,1.0,8,0.0,1.0,1.0,N,,08/2019,Analyst
25-1066.00,1.A.1.f.1,Spatial Orientation,LV,0.0,8,0.0,0.0,0.0,N,Y,08/2019,Analyst
25-1066.00,1.A.1.f.2,Visualization,IM,2.12,8,0.125,1.88,2.37,N,,08/2019,Analyst
25-1066.00,1.A.1.f.2,Visualization,LV,2.0,8,0.189,1.6296,2.3704,N,N,08/2019,Analyst
25-1066.00,1.A.1.g.1,Selective Attention,IM,2.5,8,0.189,2.1296,2.8704,N,,08/2019,Analyst
25-1066.00,1.A.1.g.1,Selective Attention,LV,2.5,8,0.189,2.1296,2.8704,N,N,08/2019,Analyst
25-1066.00,1.A.1.g.2,Time Sharing,IM,2.12,8,0.125,1.88,2.37,N,,08/2019,Analyst
25-1066.00,1.A.1.g.2,Time Sharing,LV,2.0,8,0.0,2.0,2.0,N,N,08/2019,Analyst
25-1066.00,1.A.2.a.1,Arm-Hand Steadiness,IM,1.0,8,0.0,1.0,1.0,N,,08/2019,Analyst
25-1066.00,1.A.2.a.1,Arm-Hand Steadiness,LV,0.0,8,0.0,0.0,0.0,N,Y,08/2019,Analyst
25-1066.00,1.A.2.a.2,Manual Dexterity,IM,1.0,8,0.0,1.0,1.0,N,,08/2019,Analyst
25-1066.00,1.A.2.a.2,Manual Dexterity,LV,0.0,8,0.0,0.0,0.0,N,Y,08/2019,Analyst
25-1066.00,1.A.2.a.3,Finger Dexterity,IM,1.62,8,0.183,1.2664,1.9836,N,,08/2019,Analyst
25-1066.00,1.A.2.a.3,Finger Dexterity,LV,0.62,8,0.183,0.2664,0.9836,N,N,08/2019,Analyst
25-1066.00,1.A.2.b.1,Control Precision,IM,1.0,8,0.0,1.0,1.0,N,,08/2019,Analyst
25-1066.00,1.A.2.b.1,Control Precision,LV,0.0,8,0.0,0.0,0.0,N,Y,08/2019,Analyst
25-1066.00,1.A.2.b.2,Multilimb Coordination,IM,1.0,8,0.0,1.0,1.0,N,,08/2019,Analyst
25-1066.00,1.A.2.b.2,Multilimb Coordination,LV,0.0,8,0.0,0.0,0.0,N,Y,08/2019,Analyst
25-1066.00,1.A.2.b.3,Response Orientation,IM,1.0,8,0.0,1.0,1.0,N,,08/2019,Analyst
25-1066.00,1.A.2.b.3,Response Orientation,LV,0.0,8,0.0,0.0,0.0,N,Y,08/2019,Analyst
25-1066.00,1.A.2.b.4,Rate Control,IM,1.0,8,0.0,1.0,1.0,N,,08/2019,Analyst
25-1066.00,1.A.2.b.4,Rate Control,LV,0.0,8,0.0,0.0,0.0,N,Y,08/2019,Analyst
25-1066.00,1.A.2.c.1,Reaction Time,IM,1.0,8,0.0,1.0,1.0,N,,08/2019,Analyst
25-1066.00,1.A.2.c.1,Reaction Time,LV,0.0,8,0.0,0.0,0.0,N,Y,08/2019,Analyst
25-1066.00,1.A.2.c.2,Wrist-Finger Speed,IM,1.38,8,0.183,1.0164,1.7336,N,,08/2019,Analyst
25-1066.00,1.A.2.c.2,Wrist-Finger Speed,LV,0.5,8,0.2673,0.0,1.0238,N,N,08/2019,Analyst
25-1066.00,1.A.2.c.3,Speed of Limb Movement,IM,1.12,8,0.125,1.0,1.37,N,,08/2019,Analyst
25-1066.00,1.A.2.c.3,Speed of Limb Movement,LV,0.12,8,0.125,0.0,0.37,N,Y,08/2019,Analyst
25-1066.00,1.A.3.a.1,Static Strength,IM,1.12,8,0.125,1.0,1.37,N,,08/2019,Analyst
25-1066.00,1.A.3.a.1,Static Strength,LV,0.12,8,0.125,0.0,0.37,N,Y,08/2019,Analyst
25-1066.00,1.A.3.a.2,Explosive Strength,IM,1.0,8,0.0,1.0,1.0,N,,08/2019,Analyst
25-1066.00,1.A.3.a.2,Explosive Strength,LV,0.0,8,0.0,0.0,0.0,N,Y,08/2019,Analyst
25-1066.00,1.A.3.a.3,Dynamic Strength,IM,1.0,8,0.0,1.0,1.0,N,,08/2019,Analyst
25-1066.00,1.A.3.a.3,Dynamic Strength,LV,0.0,8,0.0,0.0,0.0,N,Y,08/2019,Analyst
25-1066.00,1.A.3.a.4,Trunk Strength,IM,1.75,8,0.1637,1.4292,2.0708,N,,08/2019,Analyst
25-1066.00,1.A.3.a.4,Trunk Strength,LV,1.38,8,0.3239,0.7402,2.0098,N,N,08/2019,Analyst
25-1066.00,1.A.3.b.1,Stamina,IM,1.0,8,0.0,1.0,1.0,N,,08/2019,Analyst
25-1066.00,1.A.3.b.1,Stamina,LV,0.0,8,0.0,0.0,0.0,N,Y,08/2019,Analyst
25-1066.00,1.A.3.c.1,Extent Flexibility,IM,1.0,8,0.0,1.0,1.0,N,,08/2019,Analyst
25-1066.00,1.A.3.c.1,Extent Flexibility,LV,0.0,8,0.0,0.0,0.0,N,Y,08/2019,Analyst
25-1066.00,1.A.3.c.2,Dynamic Flexibility,IM,1.0,8,0.0,1.0,1.0,N,,08/2019,Analyst
25-1066.00,1.A.3.c.2,Dynamic Flexibility,LV,0.0,8,0.0,0.0,0.0,N,Y,08/2019,Analyst
25-1066.00,1.A.3.c.3,Gross Body Coordination,IM,1.0,8,0.0,1.0,1.0,N,,08/2019,Analyst
25-1066.00,1.A.3.c.3,Gross Body Coordination,LV,0.0,8,0.0,0.0,0.0,N,Y,08/2019,Analyst
25-1066.00,1.A.3.c.4,Gross Body Equilibrium,IM,1.0,8,0.0,1.0,1.0,N,,08/2019,Analyst
25-1066.00,1.A.3.c.4,Gross Body Equilibrium,LV,0.0,8,0.0,0.0,0.0,N,Y,08/2019,Analyst
25-1066.00,1.A.4.a.1,Near Vision,IM,3.25,8,0.1637,2.9292,3.5708,N,,08/2019,Analyst
25-1066.00,1.A.4.a.1,Near Vision,LV,3.5,8,0.189,3.1296,3.8704,N,N,08/2019,Analyst
25-1066.00,1.A.4.a.2,Far Vision,IM,2.88,8,0.125,2.63,3.12,N,,08/2019,Analyst
25-1066.00,1.A.4.a.2,Far Vision,LV,3.0,8,0.0,3.0,3.0,N,N,08/2019,Analyst
25-1066.00,1.A.4.a.3,Visual Color Discrimination,IM,1.62,8,0.183,1.2664,1.9836,N,,08/2019,Analyst
25-1066.00,1.A.4.a.3,Visual Color Discrimination,LV,0.75,8,0.25,0.26,1.24,N,N,08/2019,Analyst
25-1066.00,1.A.4.a.4,Night Vision,IM,1.0,8,0.0,1.0,1.0,N,,08/2019,Analyst
25-1066.00,1.A.4.a.4,Night Vision,LV,0.0,8,0.0,0.0,0.0,N,Y,08/2019,Analyst
25-1066.00,1.A.4.a.5,Peripheral Vision,IM,1.0,8,0.0,1.0,1.0,N,,08/2019,Analyst
25-1066.00,1.A.4.a.5,Peripheral Vision,LV,0.0,8,0.0,0.0,0.0,N,Y,08/2019,Analyst
25-1066.00,1.A.4.a.6,Depth Perception,IM,1.38,8,0.183,1.0164,1.7336,N,,08/2019,Analyst
25-1066.00,1.A.4.a.6,Depth Perception,LV,0.38,8,0.183,0.0164,0.7336,N,N,08/2019,Analyst
25-1066.00,1.A.4.a.7,Glare Sensitivity,IM,1.0,8,0.0,1.0,1.0,N,,08/2019,Analyst
25-1066.00,1.A.4.a.7,Glare Sensitivity,LV,0.0,8,0.0,0.0,0.0,N,Y,08/2019,Analyst
25-1066.00,1.A.4.b.1,Hearing Sensitivity,IM,1.62,8,0.183,1.2664,1.9836,N,,08/2019,Analyst
25-1066.00,1.A.4.b.1,Hearing Sensitivity,LV,0.62,8,0.183,0.2664,0.9836,N,N,08/2019,Analyst
25-1066.00,1.A.4.b.2,Auditory Attention,IM,1.88,8,0.125,1.63,2.12,N,,08/2019,Analyst
25-1066.00,1.A.4.b.2,Auditory Attention,LV,1.0,8,0.189,0.6296,1.3704,N,N,08/2019,Analyst
25-1066.00,1.A.4.b.3,Sound Localization,IM,1.0,8,0.0,1.0,1.0,N,,08/2019,Analyst
25-1066.00,1.A.4.b.3,Sound Localization,LV,0.0,8,0.0,0.0,0.0,N,Y,08/2019,Analyst
25-1066.00,1.A.4.b.4,Speech Recognition,IM,3.75,8,0.1637,3.4292,4.0708,N,,08/2019,Analyst
25-1066.00,1.A.4.b.4,Speech Recognition,LV,4.0,8,0.189,3.6296,4.3704,N,N,08/2019,Analyst
25-1066.00,1.A.4.b.5,Speech Clarity,IM,4.0,8,0.0,4.0,4.0,N,,08/2019,Analyst
25-1066.00,1.A.4.b.5,Speech Clarity,LV,5.0,8,0.0,5.0,5.0,N,N,08/2019,Analyst
25-1067.00,1.A.1.a.1,Oral Comprehension,IM,4.0,8,0.0,4.0,4.0,N,,08/2019,Analyst
25-1067.00,1.A.1.a.1,Oral Comprehension,LV,5.0,8,0.0,5.0,5.0,N,N,08/2019,Analyst
25-1067.00,1.A.1.a.2,Written Comprehension,IM,4.0,8,0.0,4.0,4.0,N,,08/2019,Analyst
25-1067.00,1.A.1.a.2,Written Comprehension,LV,4.88,8,0.125,4.63,5.12,N,N,08/2019,Analyst
25-1067.00,1.A.1.a.3,Oral Expression,IM,4.5,8,0.189,4.1296,4.8704,N,,08/2019,Analyst
25-1067.00,1.A.1.a.3,Oral Expression,LV,5.0,8,0.0,5.0,5.0,N,N,08/2019,Analyst
25-1067.00,1.A.1.a.4,Written Expression,IM,4.0,8,0.0,4.0,4.0,N,,08/2019,Analyst
25-1067.00,1.A.1.a.4,Written Expression,LV,5.0,8,0.0,5.0,5.0,N,N,08/2019,Analyst
25-1067.00,1.A.1.b.1,Fluency of Ideas,IM,3.12,8,0.125,2.88,3.37,N,,08/2019,Analyst
25-1067.00,1.A.1.b.1,Fluency of Ideas,LV,3.25,8,0.1637,2.9292,3.5708,N,N,08/2019,Analyst
25-1067.00,1.A.1.b.2,Originality,IM,3.0,8,0.0,3.0,3.0,N,,08/2019,Analyst
25-1067.00,1.A.1.b.2,Originality,LV,3.12,8,0.125,2.88,3.37,N,N,08/2019,Analyst
25-1067.00,1.A.1.b.3,Problem Sensitivity,IM,3.0,8,0.189,2.6296,3.3704,N,,08/2019,Analyst
25-1067.00,1.A.1.b.3,Problem Sensitivity,LV,3.5,8,0.189,3.1296,3.8704,N,N,08/2019,Analyst
25-1067.00,1.A.1.b.4,Deductive Reasoning,IM,3.88,8,0.125,3.63,4.12,N,,08/2019,Analyst
25-1067.00,1.A.1.b.4,Deductive Reasoning,LV,4.12,8,0.125,3.88,4.37,N,N,08/2019,Analyst
25-1067.00,1.A.1.b.5,Inductive Reasoning,IM,4.0,8,0.189,3.6296,4.3704,N,,08/2019,Analyst
25-1067.00,1.A.1.b.5,Inductive Reasoning,LV,4.12,8,0.125,3.88,4.37,N,N,08/2019,Analyst
25-1067.00,1.A.1.b.6,Information Ordering,IM,3.25,8,0.1637,2.9292,3.5708,N,,08/2019,Analyst
25-1067.00,1.A.1.b.6,Information Ordering,LV,3.25,8,0.1637,2.9292,3.5708,N,N,08/2019,Analyst
25-1067.00,1.A.1.b.7,Category Flexibility,IM,3.12,8,0.125,2.88,3.37,N,,08/2019,Analyst
25-1067.00,1.A.1.b.7,Category Flexibility,LV,3.12,8,0.125,2.88,3.37,N,N,08/2019,Analyst
25-1067.00,1.A.1.c.1,Mathematical Reasoning,IM,2.12,8,0.125,1.88,2.37,N,,08/2019,Analyst
25-1067.00,1.A.1.c.1,Mathematical Reasoning,LV,2.62,8,0.2631,2.1094,3.1406,N,N,08/2019,Analyst
25-1067.00,1.A.1.c.2,Number Facility,IM,2.12,8,0.125,1.88,2.37,N,,08/2019,Analyst
25-1067.00,1.A.1.c.2,Number Facility,LV,2.25,8,0.25,1.76,2.74,N,N,08/2019,Analyst
25-1067.00,1.A.1.d.1,Memorization,IM,2.25,8,0.1637,1.9292,2.5708,N,,08/2019,Analyst
25-1067.00,1.A.1.d.1,Memorization,LV,3.0,8,0.189,2.6296,3.3704,N,N,08/2019,Analyst
25-1067.00,1.A.1.e.1,Speed of Closure,IM,2.12,8,0.125,1.88,2.37,N,,08/2019,Analyst
25-1067.00,1.A.1.e.1,Speed of Closure,LV,2.12,8,0.125,1.88,2.37,N,N,08/2019,Analyst
25-1067.00,1.A.1.e.2,Flexibility of Closure,IM,2.25,8,0.1637,1.9292,2.5708,N,,08/2019,Analyst
25-1067.00,1.A.1.e.2,Flexibility of Closure,LV,2.25,8,0.1637,1.9292,2.5708,N,N,08/2019,Analyst
25-1067.00,1.A.1.e.3,Perceptual Speed,IM,2.12,8,0.125,1.88,2.37,N,,08/2019,Analyst
25-1067.00,1.A.1.e.3,Perceptual Speed,LV,2.12,8,0.125,1.88,2.37,N,N,08/2019,Analyst
25-1067.00,1.A.1.f.1,Spatial Orientation,IM,1.0,8,0.0,1.0,1.0,N,,08/2019,Analyst
25-1067.00,1.A.1.f.1,Spatial Orientation,LV,0.0,8,0.0,0.0,0.0,N,Y,08/2019,Analyst
25-1067.00,1.A.1.f.2,Visualization,IM,1.88,8,0.125,1.63,2.12,N,,08/2019,Analyst
25-1067.00,1.A.1.f.2,Visualization,LV,1.12,8,0.2266,0.6809,1.5691,N,N,08/2019,Analyst
25-1067.00,1.A.1.g.1,Selective Attention,IM,2.62,8,0.183,2.2664,2.9836,N,,08/2019,Analyst
25-1067.00,1.A.1.g.1,Selective Attention,LV,2.62,8,0.183,2.2664,2.9836,N,N,08/2019,Analyst
25-1067.00,1.A.1.g.2,Time Sharing,IM,2.12,8,0.125,1.88,2.37,N,,08/2019,Analyst
25-1067.00,1.A.1.g.2,Time Sharing,LV,2.0,8,0.0,2.0,2.0,N,N,08/2019,Analyst
25-1067.00,1.A.2.a.1,Arm-Hand Steadiness,IM,1.0,8,0.0,1.0,1.0,N,,08/2019,Analyst
25-1067.00,1.A.2.a.1,Arm-Hand Steadiness,LV,0.0,8,0.0,0.0,0.0,N,Y,08/2019,Analyst
25-1067.00,1.A.2.a.2,Manual Dexterity,IM,1.0,8,0.0,1.0,1.0,N,,08/2019,Analyst
25-1067.00,1.A.2.a.2,Manual Dexterity,LV,0.0,8,0.0,0.0,0.0,N,Y,08/2019,Analyst
25-1067.00,1.A.2.a.3,Finger Dexterity,IM,1.62,8,0.183,1.2664,1.9836,N,,08/2019,Analyst
25-1067.00,1.A.2.a.3,Finger Dexterity,LV,0.62,8,0.183,0.2664,0.9836,N,N,08/2019,Analyst
25-1067.00,1.A.2.b.1,Control Precision,IM,1.0,8,0.0,1.0,1.0,N,,08/2019,Analyst
25-1067.00,1.A.2.b.1,Control Precision,LV,0.0,8,0.0,0.0,0.0,N,Y,08/2019,Analyst
25-1067.00,1.A.2.b.2,Multilimb Coordination,IM,1.0,8,0.0,1.0,1.0,N,,08/2019,Analyst
25-1067.00,1.A.2.b.2,Multilimb Coordination,LV,0.0,8,0.0,0.0,0.0,N,Y,08/2019,Analyst
25-1067.00,1.A.2.b.3,Response Orientation,IM,1.0,8,0.0,1.0,1.0,N,,08/2019,Analyst
25-1067.00,1.A.2.b.3,Response Orientation,LV,0.0,8,0.0,0.0,0.0,N,Y,08/2019,Analyst
25-1067.00,1.A.2.b.4,Rate Control,IM,1.0,8,0.0,1.0,1.0,N,,08/2019,Analyst
25-1067.00,1.A.2.b.4,Rate Control,LV,0.0,8,0.0,0.0,0.0,N,Y,08/2019,Analyst
25-1067.00,1.A.2.c.1,Reaction Time,IM,1.0,8,0.0,1.0,1.0,N,,08/2019,Analyst
25-1067.00,1.A.2.c.1,Reaction Time,LV,0.0,8,0.0,0.0,0.0,N,Y,08/2019,Analyst
25-1067.00,1.A.2.c.2,Wrist-Finger Speed,IM,1.38,8,0.183,1.0164,1.7336,N,,08/2019,Analyst
25-1067.00,1.A.2.c.2,Wrist-Finger Speed,LV,0.38,8,0.183,0.0164,0.7336,N,N,08/2019,Analyst
25-1067.00,1.A.2.c.3,Speed of Limb Movement,IM,1.0,8,0.0,1.0,1.0,N,,08/2019,Analyst
25-1067.00,1.A.2.c.3,Speed of Limb Movement,LV,0.0,8,0.0,0.0,0.0,N,Y,08/2019,Analyst
25-1067.00,1.A.3.a.1,Static Strength,IM,1.0,8,0.0,1.0,1.0,N,,08/2019,Analyst
25-1067.00,1.A.3.a.1,Static Strength,LV,0.0,8,0.0,0.0,0.0,N,Y,08/2019,Analyst
25-1067.00,1.A.3.a.2,Explosive Strength,IM,1.0,8,0.0,1.0,1.0,N,,08/2019,Analyst
25-1067.00,1.A.3.a.2,Explosive Strength,LV,0.0,8,0.0,0.0,0.0,N,Y,08/2019,Analyst
25-1067.00,1.A.3.a.3,Dynamic Strength,IM,1.12,8,0.125,1.0,1.37,N,,08/2019,Analyst
25-1067.00,1.A.3.a.3,Dynamic Strength,LV,0.12,8,0.125,0.0,0.37,N,Y,08/2019,Analyst
25-1067.00,1.A.3.a.4,Trunk Strength,IM,1.88,8,0.125,1.63,2.12,N,,08/2019,Analyst
25-1067.00,1.A.3.a.4,Trunk Strength,LV,1.25,8,0.25,0.76,1.74,N,N,08/2019,Analyst
25-1067.00,1.A.3.b.1,Stamina,IM,1.0,8,0.0,1.0,1.0,N,,08/2019,Analyst
25-1067.00,1.A.3.b.1,Stamina,LV,0.0,8,0.0,0.0,0.0,N,Y,08/2019,Analyst
25-1067.00,1.A.3.c.1,Extent Flexibility,IM,1.0,8,0.0,1.0,1.0,N,,08/2019,Analyst
25-1067.00,1.A.3.c.1,Extent Flexibility,LV,0.0,8,0.0,0.0,0.0,N,Y,08/2019,Analyst
25-1067.00,1.A.3.c.2,Dynamic Flexibility,IM,1.0,8,0.0,1.0,1.0,N,,08/2019,Analyst
25-1067.00,1.A.3.c.2,Dynamic Flexibility,LV,0.0,8,0.0,0.0,0.0,N,Y,08/2019,Analyst
25-1067.00,1.A.3.c.3,Gross Body Coordination,IM,1.0,8,0.0,1.0,1.0,N,,08/2019,Analyst
25-1067.00,1.A.3.c.3,Gross Body Coordination,LV,0.0,8,0.0,0.0,0.0,N,Y,08/2019,Analyst
25-1067.00,1.A.3.c.4,Gross Body Equilibrium,IM,1.0,8,0.0,1.0,1.0,N,,08/2019,Analyst
25-1067.00,1.A.3.c.4,Gross Body Equilibrium,LV,0.0,8,0.0,0.0,0.0,N,Y,08/2019,Analyst
25-1067.00,1.A.4.a.1,Near Vision,IM,3.75,8,0.1637,3.4292,4.0708,N,,08/2019,Analyst
25-1067.00,1.A.4.a.1,Near Vision,LV,3.75,8,0.1637,3.4292,4.0708,N,N,08/2019,Analyst
25-1067.00,1.A.4.a.2,Far Vision,IM,2.5,8,0.189,2.1296,2.8704,N,,08/2019,Analyst
25-1067.00,1.A.4.a.2,Far Vision,LV,3.0,8,0.189,2.6296,3.3704,N,N,08/2019,Analyst
25-1067.00,1.A.4.a.3,Visual Color Discrimination,IM,1.75,8,0.1637,1.4292,2.0708,N,,08/2019,Analyst
25-1067.00,1.A.4.a.3,Visual Color Discrimination,LV,0.88,8,0.2266,0.4309,1.3191,N,N,08/2019,Analyst
25-1067.00,1.A.4.a.4,Night Vision,IM,1.0,8,0.0,1.0,1.0,N,,08/2019,Analyst
25-1067.00,1.A.4.a.4,Night Vision,LV,0.0,8,0.0,0.0,0.0,N,Y,08/2019,Analyst
25-1067.00,1.A.4.a.5,Peripheral Vision,IM,1.0,8,0.0,1.0,1.0,N,,08/2019,Analyst
25-1067.00,1.A.4.a.5,Peripheral Vision,LV,0.0,8,0.0,0.0,0.0,N,Y,08/2019,Analyst
25-1067.00,1.A.4.a.6,Depth Perception,IM,1.0,8,0.0,1.0,1.0,N,,08/2019,Analyst
25-1067.00,1.A.4.a.6,Depth Perception,LV,0.0,8,0.0,0.0,0.0,N,Y,08/2019,Analyst
25-1067.00,1.A.4.a.7,Glare Sensitivity,IM,1.0,8,0.0,1.0,1.0,N,,08/2019,Analyst
25-1067.00,1.A.4.a.7,Glare Sensitivity,LV,0.0,8,0.0,0.0,0.0,N,Y,08/2019,Analyst
25-1067.00,1.A.4.b.1,Hearing Sensitivity,IM,1.5,8,0.189,1.1296,1.8704,N,,08/2019,Analyst
25-1067.00,1.A.4.b.1,Hearing Sensitivity,LV,0.5,8,0.189,0.1296,0.8704,N,N,08/2019,Analyst
25-1067.00,1.A.4.b.2,Auditory Attention,IM,1.62,8,0.183,1.2664,1.9836,N,,08/2019,Analyst
25-1067.00,1.A.4.b.2,Auditory Attention,LV,0.62,8,0.183,0.2664,0.9836,N,N,08/2019,Analyst
25-1067.00,1.A.4.b.3,Sound Localization,IM,1.0,8,0.0,1.0,1.0,N,,08/2019,Analyst
25-1067.00,1.A.4.b.3,Sound Localization,LV,0.0,8,0.0,0.0,0.0,N,Y,08/2019,Analyst
25-1067.00,1.A.4.b.4,Speech Recognition,IM,3.38,8,0.183,3.0164,3.7336,N,,08/2019,Analyst
25-1067.00,1.A.4.b.4,Speech Recognition,LV,3.88,8,0.125,3.63,4.12,N,N,08/2019,Analyst
25-1067.00,1.A.4.b.5,Speech Clarity,IM,4.0,8,0.0,4.0,4.0,N,,08/2019,Analyst
25-1067.00,1.A.4.b.5,Speech Clarity,LV,4.88,8,0.125,4.63,5.12,N,N,08/2019,Analyst
25-1071.00,1.A.1.a.1,Oral Comprehension,IM,4.0,8,0.0,4.0,4.0,N,,08/2019,Analyst
25-1071.00,1.A.1.a.1,Oral Comprehension,LV,4.88,8,0.125,4.63,5.12,N,N,08/2019,Analyst
25-1071.00,1.A.1.a.2,Written Comprehension,IM,4.12,8,0.125,3.88,4.37,N,,08/2019,Analyst
25-1071.00,1.A.1.a.2,Written Comprehension,LV,5.0,8,0.0,5.0,5.0,N,N,08/2019,Analyst
25-1071.00,1.A.1.a.3,Oral Expression,IM,4.75,8,0.1637,4.4292,5.0,N,,08/2019,Analyst
25-1071.00,1.A.1.a.3,Oral Expression,LV,5.12,8,0.125,4.88,5.37,N,N,08/2019,Analyst
25-1071.00,1.A.1.a.4,Written Expression,IM,4.0,8,0.0,4.0,4.0,N,,08/2019,Analyst
25-1071.00,1.A.1.a.4,Written Expression,LV,5.0,8,0.0,5.0,5.0,N,N,08/2019,Analyst
25-1071.00,1.A.1.b.1,Fluency of Ideas,IM,3.12,8,0.125,2.88,3.37,N,,08/2019,Analyst
25-1071.00,1.A.1.b.1,Fluency of Ideas,LV,3.25,8,0.1637,2.9292,3.5708,N,N,08/2019,Analyst
25-1071.00,1.A.1.b.2,Originality,IM,3.0,8,0.0,3.0,3.0,N,,08/2019,Analyst
25-1071.00,1.A.1.b.2,Originality,LV,3.75,8,0.1637,3.4292,4.0708,N,N,08/2019,Analyst
25-1071.00,1.A.1.b.3,Problem Sensitivity,IM,3.25,8,0.1637,2.9292,3.5708,N,,08/2019,Analyst
25-1071.00,1.A.1.b.3,Problem Sensitivity,LV,3.75,8,0.1637,3.4292,4.0708,N,N,08/2019,Analyst
25-1071.00,1.A.1.b.4,Deductive Reasoning,IM,3.88,8,0.125,3.63,4.12,N,,08/2019,Analyst
25-1071.00,1.A.1.b.4,Deductive Reasoning,LV,3.88,8,0.125,3.63,4.12,N,N,08/2019,Analyst
25-1071.00,1.A.1.b.5,Inductive Reasoning,IM,3.75,8,0.1637,3.4292,4.0708,N,,08/2019,Analyst
25-1071.00,1.A.1.b.5,Inductive Reasoning,LV,3.88,8,0.125,3.63,4.12,N,N,08/2019,Analyst
25-1071.00,1.A.1.b.6,Information Ordering,IM,3.12,8,0.125,2.88,3.37,N,,08/2019,Analyst
25-1071.00,1.A.1.b.6,Information Ordering,LV,3.75,8,0.1637,3.4292,4.0708,N,N,08/2019,Analyst
25-1071.00,1.A.1.b.7,Category Flexibility,IM,3.0,8,0.0,3.0,3.0,N,,08/2019,Analyst
25-1071.00,1.A.1.b.7,Category Flexibility,LV,3.5,8,0.189,3.1296,3.8704,N,N,08/2019,Analyst
25-1071.00,1.A.1.c.1,Mathematical Reasoning,IM,2.88,8,0.125,2.63,3.12,N,,08/2019,Analyst
25-1071.00,1.A.1.c.1,Mathematical Reasoning,LV,3.0,8,0.0,3.0,3.0,N,N,08/2019,Analyst
25-1071.00,1.A.1.c.2,Number Facility,IM,2.75,8,0.1637,2.4292,3.0708,N,,08/2019,Analyst
25-1071.00,1.A.1.c.2,Number Facility,LV,2.88,8,0.125,2.63,3.12,N,N,08/2019,Analyst
25-1071.00,1.A.1.d.1,Memorization,IM,2.88,8,0.125,2.63,3.12,N,,08/2019,Analyst
25-1071.00,1.A.1.d.1,Memorization,LV,2.88,8,0.125,2.63,3.12,N,N,08/2019,Analyst
25-1071.00,1.A.1.e.1,Speed of Closure,IM,2.12,8,0.125,1.88,2.37,N,,08/2019,Analyst
25-1071.00,1.A.1.e.1,Speed of Closure,LV,2.75,8,0.1637,2.4292,3.0708,N,N,08/2019,Analyst
25-1071.00,1.A.1.e.2,Flexibility of Closure,IM,2.25,8,0.1637,1.9292,2.5708,N,,08/2019,Analyst
25-1071.00,1.A.1.e.2,Flexibility of Closure,LV,2.75,8,0.1637,2.4292,3.0708,N,N,08/2019,Analyst
25-1071.00,1.A.1.e.3,Perceptual Speed,IM,2.12,8,0.125,1.88,2.37,N,,08/2019,Analyst
25-1071.00,1.A.1.e.3,Perceptual Speed,LV,2.12,8,0.125,1.88,2.37,N,N,08/2019,Analyst
25-1071.00,1.A.1.f.1,Spatial Orientation,IM,1.0,8,0.0,1.0,1.0,N,,08/2019,Analyst
25-1071.00,1.A.1.f.1,Spatial Orientation,LV,0.0,8,0.0,0.0,0.0,N,Y,08/2019,Analyst
25-1071.00,1.A.1.f.2,Visualization,IM,2.12,8,0.125,1.88,2.37,N,,08/2019,Analyst
25-1071.00,1.A.1.f.2,Visualization,LV,2.12,8,0.125,1.88,2.37,N,N,08/2019,Analyst
25-1071.00,1.A.1.g.1,Selective Attention,IM,3.0,8,0.0,3.0,3.0,N,,08/2019,Analyst
25-1071.00,1.A.1.g.1,Selective Attention,LV,3.0,8,0.0,3.0,3.0,N,N,08/2019,Analyst
25-1071.00,1.A.1.g.2,Time Sharing,IM,2.62,8,0.183,2.2664,2.9836,N,,08/2019,Analyst
25-1071.00,1.A.1.g.2,Time Sharing,LV,2.75,8,0.1637,2.4292,3.0708,N,N,08/2019,Analyst
25-1071.00,1.A.2.a.1,Arm-Hand Steadiness,IM,1.88,8,0.295,1.2967,2.4533,N,,08/2019,Analyst
25-1071.00,1.A.2.a.1,Arm-Hand Steadiness,LV,1.12,8,0.3504,0.4383,1.8117,N,N,08/2019,Analyst
25-1071.00,1.A.2.a.2,Manual Dexterity,IM,1.62,8,0.183,1.2664,1.9836,N,,08/2019,Analyst
25-1071.00,1.A.2.a.2,Manual Dexterity,LV,1.0,8,0.3273,0.3584,1.6416,N,N,08/2019,Analyst
25-1071.00,1.A.2.a.3,Finger Dexterity,IM,2.12,8,0.125,1.88,2.37,N,,08/2019,Analyst
25-1071.00,1.A.2.a.3,Finger Dexterity,LV,1.62,8,0.2631,1.1094,2.1406,N,N,08/2019,Analyst
25-1071.00,1.A.2.b.1,Control Precision,IM,1.75,8,0.25,1.26,2.24,N,,08/2019,Analyst
25-1071.00,1.A.2.b.1,Control Precision,LV,1.12,8,0.3504,0.4383,1.8117,N,N,08/2019,Analyst
25-1071.00,1.A.2.b.2,Multilimb Coordination,IM,1.88,8,0.125,1.63,2.12,N,,08/2019,Analyst
25-1071.00,1.A.2.b.2,Multilimb Coordination,LV,1.12,8,0.2266,0.6809,1.5691,N,N,08/2019,Analyst
25-1071.00,1.A.2.b.3,Response Orientation,IM,1.0,8,0.0,1.0,1.0,N,,08/2019,Analyst
25-1071.00,1.A.2.b.3,Response Orientation,LV,0.0,8,0.0,0.0,0.0,N,Y,08/2019,Analyst
25-1071.00,1.A.2.b.4,Rate Control,IM,1.5,8,0.189,1.1296,1.8704,N,,08/2019,Analyst
25-1071.00,1.A.2.b.4,Rate Control,LV,0.5,8,0.189,0.1296,0.8704,N,N,08/2019,Analyst
25-1071.00,1.A.2.c.1,Reaction Time,IM,1.5,8,0.189,1.1296,1.8704,N,,08/2019,Analyst
25-1071.00,1.A.2.c.1,Reaction Time,LV,0.5,8,0.189,0.1296,0.8704,N,N,08/2019,Analyst
25-1071.00,1.A.2.c.2,Wrist-Finger Speed,IM,1.5,8,0.189,1.1296,1.8704,N,,08/2019,Analyst
25-1071.00,1.A.2.c.2,Wrist-Finger Speed,LV,0.75,8,0.3134,0.1358,1.3642,N,N,08/2019,Analyst
25-1071.00,1.A.2.c.3,Speed of Limb Movement,IM,1.0,8,0.0,1.0,1.0,N,,08/2019,Analyst
25-1071.00,1.A.2.c.3,Speed of Limb Movement,LV,0.0,8,0.0,0.0,0.0,N,Y,08/2019,Analyst
25-1071.00,1.A.3.a.1,Static Strength,IM,1.75,8,0.1637,1.4292,2.0708,N,,08/2019,Analyst
25-1071.00,1.A.3.a.1,Static Strength,LV,1.12,8,0.295,0.5467,1.7033,N,N,08/2019,Analyst
25-1071.00,1.A.3.a.2,Explosive Strength,IM,1.38,8,0.183,1.0164,1.7336,N,,08/2019,Analyst
25-1071.00,1.A.3.a.2,Explosive Strength,LV,0.5,8,0.2673,0.0,1.0238,N,N,08/2019,Analyst
25-1071.00,1.A.3.a.3,Dynamic Strength,IM,1.75,8,0.1637,1.4292,2.0708,N,,08/2019,Analyst
25-1071.00,1.A.3.a.3,Dynamic Strength,LV,0.88,8,0.2266,0.4309,1.3191,N,N,08/2019,Analyst
25-1071.00,1.A.3.a.4,Trunk Strength,IM,1.88,8,0.125,1.63,2.12,N,,08/2019,Analyst
25-1071.00,1.A.3.a.4,Trunk Strength,LV,1.5,8,0.2673,0.9762,2.0238,N,N,08/2019,Analyst
25-1071.00,1.A.3.b.1,Stamina,IM,1.62,8,0.183,1.2664,1.9836,N,,08/2019,Analyst
25-1071.00,1.A.3.b.1,Stamina,LV,0.62,8,0.183,0.2664,0.9836,N,N,08/2019,Analyst
25-1071.00,1.A.3.c.1,Extent Flexibility,IM,1.62,8,0.183,1.2664,1.9836,N,,08/2019,Analyst
25-1071.00,1.A.3.c.1,Extent Flexibility,LV,0.88,8,0.295,0.2967,1.4533,N,N,08/2019,Analyst
25-1071.00,1.A.3.c.2,Dynamic Flexibility,IM,1.0,8,0.0,1.0,1.0,N,,08/2019,Analyst
25-1071.00,1.A.3.c.2,Dynamic Flexibility,LV,0.0,8,0.0,0.0,0.0,N,Y,08/2019,Analyst
25-1071.00,1.A.3.c.3,Gross Body Coordination,IM,1.25,8,0.1637,1.0,1.5708,N,,08/2019,Analyst
25-1071.00,1.A.3.c.3,Gross Body Coordination,LV,0.25,8,0.1637,0.0,0.5708,N,Y,08/2019,Analyst
25-1071.00,1.A.3.c.4,Gross Body Equilibrium,IM,1.12,8,0.125,1.0,1.37,N,,08/2019,Analyst
25-1071.00,1.A.3.c.4,Gross Body Equilibrium,LV,0.12,8,0.125,0.0,0.37,N,Y,08/2019,Analyst
25-1071.00,1.A.4.a.1,Near Vision,IM,3.5,8,0.189,3.1296,3.8704,N,,08/2019,Analyst
25-1071.00,1.A.4.a.1,Near Vision,LV,3.62,8,0.183,3.2664,3.9836,N,N,08/2019,Analyst
25-1071.00,1.A.4.a.2,Far Vision,IM,2.75,8,0.1637,2.4292,3.0708,N,,08/2019,Analyst
25-1071.00,1.A.4.a.2,Far Vision,LV,2.75,8,0.1637,2.4292,3.0708,N,N,08/2019,Analyst
25-1071.00,1.A.4.a.3,Visual Color Discrimination,IM,2.12,8,0.125,1.88,2.37,N,,08/2019,Analyst
25-1071.00,1.A.4.a.3,Visual Color Discrimination,LV,2.25,8,0.1637,1.9292,2.5708,N,N,08/2019,Analyst
25-1071.00,1.A.4.a.4,Night Vision,IM,1.0,8,0.0,1.0,1.0,N,,08/2019,Analyst
25-1071.00,1.A.4.a.4,Night Vision,LV,0.0,8,0.0,0.0,0.0,N,Y,08/2019,Analyst
25-1071.00,1.A.4.a.5,Peripheral Vision,IM,1.0,8,0.0,1.0,1.0,N,,08/2019,Analyst
25-1071.00,1.A.4.a.5,Peripheral Vision,LV,0.0,8,0.0,0.0,0.0,N,Y,08/2019,Analyst
25-1071.00,1.A.4.a.6,Depth Perception,IM,1.62,8,0.183,1.2664,1.9836,N,,08/2019,Analyst
25-1071.00,1.A.4.a.6,Depth Perception,LV,0.75,8,0.25,0.26,1.24,N,N,08/2019,Analyst
25-1071.00,1.A.4.a.7,Glare Sensitivity,IM,1.0,8,0.0,1.0,1.0,N,,08/2019,Analyst
25-1071.00,1.A.4.a.7,Glare Sensitivity,LV,0.0,8,0.0,0.0,0.0,N,Y,08/2019,Analyst
25-1071.00,1.A.4.b.1,Hearing Sensitivity,IM,2.0,8,0.0,2.0,2.0,N,,08/2019,Analyst
25-1071.00,1.A.4.b.1,Hearing Sensitivity,LV,1.25,8,0.1637,0.9292,1.5708,N,N,08/2019,Analyst
25-1071.00,1.A.4.b.2,Auditory Attention,IM,2.0,8,0.0,2.0,2.0,N,,08/2019,Analyst
25-1071.00,1.A.4.b.2,Auditory Attention,LV,1.75,8,0.1637,1.4292,2.0708,N,N,08/2019,Analyst
25-1071.00,1.A.4.b.3,Sound Localization,IM,1.0,8,0.0,1.0,1.0,N,,08/2019,Analyst
25-1071.00,1.A.4.b.3,Sound Localization,LV,0.0,8,0.0,0.0,0.0,N,Y,08/2019,Analyst
25-1071.00,1.A.4.b.4,Speech Recognition,IM,3.38,8,0.183,3.0164,3.7336,N,,08/2019,Analyst
25-1071.00,1.A.4.b.4,Speech Recognition,LV,3.75,8,0.1637,3.4292,4.0708,N,N,08/2019,Analyst
25-1071.00,1.A.4.b.5,Speech Clarity,IM,4.0,8,0.0,4.0,4.0,N,,08/2019,Analyst
25-1071.00,1.A.4.b.5,Speech Clarity,LV,4.62,8,0.183,4.2664,4.9836,N,N,08/2019,Analyst
25-1072.00,1.A.1.a.1,Oral Comprehension,IM,4.12,8,0.125,3.88,4.37,N,,08/2019,Analyst
25-1072.00,1.A.1.a.1,Oral Comprehension,LV,5.0,8,0.0,5.0,5.0,N,N,08/2019,Analyst
25-1072.00,1.A.1.a.2,Written Comprehension,IM,4.12,8,0.125,3.88,4.37,N,,08/2019,Analyst
25-1072.00,1.A.1.a.2,Written Comprehension,LV,5.0,8,0.0,5.0,5.0,N,N,08/2019,Analyst
25-1072.00,1.A.1.a.3,Oral Expression,IM,4.12,8,0.125,3.88,4.37,N,,08/2019,Analyst
25-1072.00,1.A.1.a.3,Oral Expression,LV,5.0,8,0.0,5.0,5.0,N,N,08/2019,Analyst
25-1072.00,1.A.1.a.4,Written Expression,IM,4.0,8,0.0,4.0,4.0,N,,08/2019,Analyst
25-1072.00,1.A.1.a.4,Written Expression,LV,4.88,8,0.125,4.63,5.12,N,N,08/2019,Analyst
25-1072.00,1.A.1.b.1,Fluency of Ideas,IM,3.12,8,0.125,2.88,3.37,N,,08/2019,Analyst
25-1072.00,1.A.1.b.1,Fluency of Ideas,LV,3.75,8,0.1637,3.4292,4.0708,N,N,08/2019,Analyst
25-1072.00,1.A.1.b.2,Originality,IM,3.0,8,0.0,3.0,3.0,N,,08/2019,Analyst
25-1072.00,1.A.1.b.2,Originality,LV,3.62,8,0.183,3.2664,3.9836,N,N,08/2019,Analyst
25-1072.00,1.A.1.b.3,Problem Sensitivity,IM,3.75,8,0.1637,3.4292,4.0708,N,,08/2019,Analyst
25-1072.00,1.A.1.b.3,Problem Sensitivity,LV,4.12,8,0.125,3.88,4.37,N,N,08/2019,Analyst
25-1072.00,1.A.1.b.4,Deductive Reasoning,IM,3.88,8,0.125,3.63,4.12,N,,08/2019,Analyst
25-1072.00,1.A.1.b.4,Deductive Reasoning,LV,4.0,8,0.0,4.0,4.0,N,N,08/2019,Analyst
25-1072.00,1.A.1.b.5,Inductive Reasoning,IM,3.88,8,0.125,3.63,4.12,N,,08/2019,Analyst
25-1072.00,1.A.1.b.5,Inductive Reasoning,LV,4.0,8,0.0,4.0,4.0,N,N,08/2019,Analyst
25-1072.00,1.A.1.b.6,Information Ordering,IM,3.62,8,0.183,3.2664,3.9836,N,,08/2019,Analyst
25-1072.00,1.A.1.b.6,Information Ordering,LV,3.88,8,0.125,3.63,4.12,N,N,08/2019,Analyst
25-1072.00,1.A.1.b.7,Category Flexibility,IM,3.12,8,0.125,2.88,3.37,N,,08/2019,Analyst
25-1072.00,1.A.1.b.7,Category Flexibility,LV,3.75,8,0.1637,3.4292,4.0708,N,N,08/2019,Analyst
25-1072.00,1.A.1.c.1,Mathematical Reasoning,IM,3.0,8,0.0,3.0,3.0,N,,08/2019,Analyst
25-1072.00,1.A.1.c.1,Mathematical Reasoning,LV,3.0,8,0.0,3.0,3.0,N,N,08/2019,Analyst
25-1072.00,1.A.1.c.2,Number Facility,IM,2.88,8,0.125,2.63,3.12,N,,08/2019,Analyst
25-1072.00,1.A.1.c.2,Number Facility,LV,2.88,8,0.125,2.63,3.12,N,N,08/2019,Analyst
25-1072.00,1.A.1.d.1,Memorization,IM,2.75,8,0.1637,2.4292,3.0708,N,,08/2019,Analyst
25-1072.00,1.A.1.d.1,Memorization,LV,2.88,8,0.125,2.63,3.12,N,N,08/2019,Analyst
25-1072.00,1.A.1.e.1,Speed of Closure,IM,2.62,8,0.183,2.2664,2.9836,N,,08/2019,Analyst
25-1072.00,1.A.1.e.1,Speed of Closure,LV,2.88,8,0.125,2.63,3.12,N,N,08/2019,Analyst
25-1072.00,1.A.1.e.2,Flexibility of Closure,IM,3.0,8,0.0,3.0,3.0,N,,08/2019,Analyst
25-1072.00,1.A.1.e.2,Flexibility of Closure,LV,3.0,8,0.0,3.0,3.0,N,N,08/2019,Analyst
25-1072.00,1.A.1.e.3,Perceptual Speed,IM,2.88,8,0.125,2.63,3.12,N,,08/2019,Analyst
25-1072.00,1.A.1.e.3,Perceptual Speed,LV,2.5,8,0.189,2.1296,2.8704,N,N,08/2019,Analyst
25-1072.00,1.A.1.f.1,Spatial Orientation,IM,1.0,8,0.0,1.0,1.0,N,,08/2019,Analyst
25-1072.00,1.A.1.f.1,Spatial Orientation,LV,0.0,8,0.0,0.0,0.0,N,Y,08/2019,Analyst
25-1072.00,1.A.1.f.2,Visualization,IM,2.12,8,0.125,1.88,2.37,N,,08/2019,Analyst
25-1072.00,1.A.1.f.2,Visualization,LV,2.62,8,0.183,2.2664,2.9836,N,N,08/2019,Analyst
25-1072.00,1.A.1.g.1,Selective Attention,IM,3.12,8,0.125,2.88,3.37,N,,08/2019,Analyst
25-1072.00,1.A.1.g.1,Selective Attention,LV,3.0,8,0.0,3.0,3.0,N,N,08/2019,Analyst
25-1072.00,1.A.1.g.2,Time Sharing,IM,2.75,8,0.1637,2.4292,3.0708,N,,08/2019,Analyst
25-1072.00,1.A.1.g.2,Time Sharing,LV,3.0,8,0.0,3.0,3.0,N,N,08/2019,Analyst
25-1072.00,1.A.2.a.1,Arm-Hand Steadiness,IM,2.25,8,0.1637,1.9292,2.5708,N,,08/2019,Analyst
25-1072.00,1.A.2.a.1,Arm-Hand Steadiness,LV,2.88,8,0.125,2.63,3.12,N,N,08/2019,Analyst
25-1072.00,1.A.2.a.2,Manual Dexterity,IM,2.12,8,0.125,1.88,2.37,N,,08/2019,Analyst
25-1072.00,1.A.2.a.2,Manual Dexterity,LV,2.25,8,0.1637,1.9292,2.5708,N,N,08/2019,Analyst
25-1072.00,1.A.2.a.3,Finger Dexterity,IM,2.88,8,0.125,2.63,3.12,N,,08/2019,Analyst
25-1072.00,1.A.2.a.3,Finger Dexterity,LV,2.5,8,0.189,2.1296,2.8704,N,N,08/2019,Analyst
25-1072.00,1.A.2.b.1,Control Precision,IM,1.88,8,0.125,1.63,2.12,N,,08/2019,Analyst
25-1072.00,1.A.2.b.1,Control Precision,LV,1.75,8,0.25,1.26,2.24,N,N,08/2019,Analyst
25-1072.00,1.A.2.b.2,Multilimb Coordination,IM,2.0,8,0.0,2.0,2.0,N,,08/2019,Analyst
25-1072.00,1.A.2.b.2,Multilimb Coordination,LV,2.0,8,0.0,2.0,2.0,N,N,08/2019,Analyst
25-1072.00,1.A.2.b.3,Response Orientation,IM,1.75,8,0.1637,1.4292,2.0708,N,,08/2019,Analyst
25-1072.00,1.A.2.b.3,Response Orientation,LV,0.88,8,0.2266,0.4309,1.3191,N,N,08/2019,Analyst
25-1072.00,1.A.2.b.4,Rate Control,IM,1.0,8,0.0,1.0,1.0,N,,08/2019,Analyst
25-1072.00,1.A.2.b.4,Rate Control,LV,0.0,8,0.0,0.0,0.0,N,Y,08/2019,Analyst
25-1072.00,1.A.2.c.1,Reaction Time,IM,1.5,8,0.189,1.1296,1.8704,N,,08/2019,Analyst
25-1072.00,1.A.2.c.1,Reaction Time,LV,0.5,8,0.189,0.1296,0.8704,N,N,08/2019,Analyst
25-1072.00,1.A.2.c.2,Wrist-Finger Speed,IM,1.75,8,0.1637,1.4292,2.0708,N,,08/2019,Analyst
25-1072.00,1.A.2.c.2,Wrist-Finger Speed,LV,0.88,8,0.2266,0.4309,1.3191,N,N,08/2019,Analyst
25-1072.00,1.A.2.c.3,Speed of Limb Movement,IM,1.0,8,0.0,1.0,1.0,N,,08/2019,Analyst
25-1072.00,1.A.2.c.3,Speed of Limb Movement,LV,0.0,8,0.0,0.0,0.0,N,Y,08/2019,Analyst
25-1072.00,1.A.3.a.1,Static Strength,IM,2.0,8,0.0,2.0,2.0,N,,08/2019,Analyst
25-1072.00,1.A.3.a.1,Static Strength,LV,1.62,8,0.183,1.2664,1.9836,N,N,08/2019,Analyst
25-1072.00,1.A.3.a.2,Explosive Strength,IM,1.5,8,0.189,1.1296,1.8704,N,,08/2019,Analyst
25-1072.00,1.A.3.a.2,Explosive Strength,LV,0.88,8,0.3504,0.1883,1.5617,N,N,08/2019,Analyst
25-1072.00,1.A.3.a.3,Dynamic Strength,IM,2.0,8,0.0,2.0,2.0,N,,08/2019,Analyst
25-1072.00,1.A.3.a.3,Dynamic Strength,LV,1.12,8,0.125,0.88,1.37,N,N,08/2019,Analyst
25-1072.00,1.A.3.a.4,Trunk Strength,IM,2.0,8,0.0,2.0,2.0,N,,08/2019,Analyst
25-1072.00,1.A.3.a.4,Trunk Strength,LV,2.12,8,0.125,1.88,2.37,N,N,08/2019,Analyst
25-1072.00,1.A.3.b.1,Stamina,IM,2.0,8,0.0,2.0,2.0,N,,08/2019,Analyst
25-1072.00,1.A.3.b.1,Stamina,LV,1.5,8,0.189,1.1296,1.8704,N,N,08/2019,Analyst
25-1072.00,1.A.3.c.1,Extent Flexibility,IM,2.0,8,0.0,2.0,2.0,N,,08/2019,Analyst
25-1072.00,1.A.3.c.1,Extent Flexibility,LV,1.5,8,0.189,1.1296,1.8704,N,N,08/2019,Analyst
25-1072.00,1.A.3.c.2,Dynamic Flexibility,IM,1.0,8,0.0,1.0,1.0,N,,08/2019,Analyst
25-1072.00,1.A.3.c.2,Dynamic Flexibility,LV,0.0,8,0.0,0.0,0.0,N,Y,08/2019,Analyst
25-1072.00,1.A.3.c.3,Gross Body Coordination,IM,2.0,8,0.0,2.0,2.0,N,,08/2019,Analyst
25-1072.00,1.A.3.c.3,Gross Body Coordination,LV,1.12,8,0.125,0.88,1.37,N,N,08/2019,Analyst
25-1072.00,1.A.3.c.4,Gross Body Equilibrium,IM,2.0,8,0.0,2.0,2.0,N,,08/2019,Analyst
25-1072.00,1.A.3.c.4,Gross Body Equilibrium,LV,1.25,8,0.1637,0.9292,1.5708,N,N,08/2019,Analyst
25-1072.00,1.A.4.a.1,Near Vision,IM,3.75,8,0.1637,3.4292,4.0708,N,,08/2019,Analyst
25-1072.00,1.A.4.a.1,Near Vision,LV,4.0,8,0.0,4.0,4.0,N,N,08/2019,Analyst
25-1072.00,1.A.4.a.2,Far Vision,IM,2.88,8,0.125,2.63,3.12,N,,08/2019,Analyst
25-1072.00,1.A.4.a.2,Far Vision,LV,2.88,8,0.125,2.63,3.12,N,N,08/2019,Analyst
25-1072.00,1.A.4.a.3,Visual Color Discrimination,IM,2.38,8,0.183,2.0164,2.7336,N,,08/2019,Analyst
25-1072.00,1.A.4.a.3,Visual Color Discrimination,LV,2.25,8,0.1637,1.9292,2.5708,N,N,08/2019,Analyst
25-1072.00,1.A.4.a.4,Night Vision,IM,1.0,8,0.0,1.0,1.0,N,,08/2019,Analyst
25-1072.00,1.A.4.a.4,Night Vision,LV,0.0,8,0.0,0.0,0.0,N,Y,08/2019,Analyst
25-1072.00,1.A.4.a.5,Peripheral Vision,IM,1.0,8,0.0,1.0,1.0,N,,08/2019,Analyst
25-1072.00,1.A.4.a.5,Peripheral Vision,LV,0.0,8,0.0,0.0,0.0,N,Y,08/2019,Analyst
25-1072.00,1.A.4.a.6,Depth Perception,IM,2.0,8,0.0,2.0,2.0,N,,08/2019,Analyst
25-1072.00,1.A.4.a.6,Depth Perception,LV,1.38,8,0.183,1.0164,1.7336,N,N,08/2019,Analyst
25-1072.00,1.A.4.a.7,Glare Sensitivity,IM,1.0,8,0.0,1.0,1.0,N,,08/2019,Analyst
25-1072.00,1.A.4.a.7,Glare Sensitivity,LV,0.0,8,0.0,0.0,0.0,N,Y,08/2019,Analyst
25-1072.00,1.A.4.b.1,Hearing Sensitivity,IM,2.0,8,0.0,2.0,2.0,N,,08/2019,Analyst
25-1072.00,1.A.4.b.1,Hearing Sensitivity,LV,1.5,8,0.2673,0.9762,2.0238,N,N,08/2019,Analyst
25-1072.00,1.A.4.b.2,Auditory Attention,IM,2.12,8,0.125,1.88,2.37,N,,08/2019,Analyst
25-1072.00,1.A.4.b.2,Auditory Attention,LV,2.12,8,0.125,1.88,2.37,N,N,08/2019,Analyst
25-1072.00,1.A.4.b.3,Sound Localization,IM,1.0,8,0.0,1.0,1.0,N,,08/2019,Analyst
25-1072.00,1.A.4.b.3,Sound Localization,LV,0.0,8,0.0,0.0,0.0,N,Y,08/2019,Analyst
25-1072.00,1.A.4.b.4,Speech Recognition,IM,3.75,8,0.1637,3.4292,4.0708,N,,08/2019,Analyst
25-1072.00,1.A.4.b.4,Speech Recognition,LV,4.0,8,0.0,4.0,4.0,N,N,08/2019,Analyst
25-1072.00,1.A.4.b.5,Speech Clarity,IM,4.0,8,0.0,4.0,4.0,N,,08/2019,Analyst
25-1072.00,1.A.4.b.5,Speech Clarity,LV,4.88,8,0.125,4.63,5.12,N,N,08/2019,Analyst
25-1081.00,1.A.1.a.1,Oral Comprehension,IM,4.12,8,0.125,3.88,4.37,N,,08/2019,Analyst
25-1081.00,1.A.1.a.1,Oral Comprehension,LV,5.12,8,0.125,4.88,5.37,N,N,08/2019,Analyst
25-1081.00,1.A.1.a.2,Written Comprehension,IM,4.12,8,0.125,3.88,4.37,N,,08/2019,Analyst
25-1081.00,1.A.1.a.2,Written Comprehension,LV,5.0,8,0.0,5.0,5.0,N,N,08/2019,Analyst
25-1081.00,1.A.1.a.3,Oral Expression,IM,4.38,8,0.183,4.0164,4.7336,N,,08/2019,Analyst
25-1081.00,1.A.1.a.3,Oral Expression,LV,5.12,8,0.125,4.88,5.37,N,N,08/2019,Analyst
25-1081.00,1.A.1.a.4,Written Expression,IM,4.12,8,0.125,3.88,4.37,N,,08/2019,Analyst
25-1081.00,1.A.1.a.4,Written Expression,LV,5.0,8,0.0,5.0,5.0,N,N,08/2019,Analyst
25-1081.00,1.A.1.b.1,Fluency of Ideas,IM,3.12,8,0.125,2.88,3.37,N,,08/2019,Analyst
25-1081.00,1.A.1.b.1,Fluency of Ideas,LV,3.25,8,0.1637,2.9292,3.5708,N,N,08/2019,Analyst
25-1081.00,1.A.1.b.2,Originality,IM,3.12,8,0.125,2.88,3.37,N,,08/2019,Analyst
25-1081.00,1.A.1.b.2,Originality,LV,3.25,8,0.1637,2.9292,3.5708,N,N,08/2019,Analyst
25-1081.00,1.A.1.b.3,Problem Sensitivity,IM,3.75,8,0.1637,3.4292,4.0708,N,,08/2019,Analyst
25-1081.00,1.A.1.b.3,Problem Sensitivity,LV,3.88,8,0.125,3.63,4.12,N,N,08/2019,Analyst
25-1081.00,1.A.1.b.4,Deductive Reasoning,IM,3.88,8,0.125,3.63,4.12,N,,08/2019,Analyst
25-1081.00,1.A.1.b.4,Deductive Reasoning,LV,4.25,8,0.1637,3.9292,4.5708,N,N,08/2019,Analyst
25-1081.00,1.A.1.b.5,Inductive Reasoning,IM,3.88,8,0.125,3.63,4.12,N,,08/2019,Analyst
25-1081.00,1.A.1.b.5,Inductive Reasoning,LV,4.12,8,0.125,3.88,4.37,N,N,08/2019,Analyst
25-1081.00,1.A.1.b.6,Information Ordering,IM,3.12,8,0.125,2.88,3.37,N,,08/2019,Analyst
25-1081.00,1.A.1.b.6,Information Ordering,LV,3.38,8,0.183,3.0164,3.7336,N,N,08/2019,Analyst
25-1081.00,1.A.1.b.7,Category Flexibility,IM,3.12,8,0.125,2.88,3.37,N,,08/2019,Analyst
25-1081.00,1.A.1.b.7,Category Flexibility,LV,3.12,8,0.125,2.88,3.37,N,N,08/2019,Analyst
25-1081.00,1.A.1.c.1,Mathematical Reasoning,IM,2.12,8,0.125,1.88,2.37,N,,08/2019,Analyst
25-1081.00,1.A.1.c.1,Mathematical Reasoning,LV,2.25,8,0.1637,1.9292,2.5708,N,N,08/2019,Analyst
25-1081.00,1.A.1.c.2,Number Facility,IM,2.12,8,0.125,1.88,2.37,N,,08/2019,Analyst
25-1081.00,1.A.1.c.2,Number Facility,LV,2.12,8,0.125,1.88,2.37,N,N,08/2019,Analyst
25-1081.00,1.A.1.d.1,Memorization,IM,2.62,8,0.183,2.2664,2.9836,N,,08/2019,Analyst
25-1081.00,1.A.1.d.1,Memorization,LV,2.75,8,0.1637,2.4292,3.0708,N,N,08/2019,Analyst
25-1081.00,1.A.1.e.1,Speed of Closure,IM,2.12,8,0.125,1.88,2.37,N,,08/2019,Analyst
25-1081.00,1.A.1.e.1,Speed of Closure,LV,2.12,8,0.125,1.88,2.37,N,N,08/2019,Analyst
25-1081.00,1.A.1.e.2,Flexibility of Closure,IM,2.12,8,0.125,1.88,2.37,N,,08/2019,Analyst
25-1081.00,1.A.1.e.2,Flexibility of Closure,LV,2.12,8,0.125,1.88,2.37,N,N,08/2019,Analyst
25-1081.00,1.A.1.e.3,Perceptual Speed,IM,2.12,8,0.125,1.88,2.37,N,,08/2019,Analyst
25-1081.00,1.A.1.e.3,Perceptual Speed,LV,2.25,8,0.1637,1.9292,2.5708,N,N,08/2019,Analyst
25-1081.00,1.A.1.f.1,Spatial Orientation,IM,1.0,8,0.0,1.0,1.0,N,,08/2019,Analyst
25-1081.00,1.A.1.f.1,Spatial Orientation,LV,0.0,8,0.0,0.0,0.0,N,Y,08/2019,Analyst
25-1081.00,1.A.1.f.2,Visualization,IM,2.12,8,0.125,1.88,2.37,N,,08/2019,Analyst
25-1081.00,1.A.1.f.2,Visualization,LV,1.38,8,0.183,1.0164,1.7336,N,N,08/2019,Analyst
25-1081.00,1.A.1.g.1,Selective Attention,IM,2.88,8,0.125,2.63,3.12,N,,08/2019,Analyst
25-1081.00,1.A.1.g.1,Selective Attention,LV,2.88,8,0.125,2.63,3.12,N,N,08/2019,Analyst
25-1081.00,1.A.1.g.2,Time Sharing,IM,2.12,8,0.125,1.88,2.37,N,,08/2019,Analyst
25-1081.00,1.A.1.g.2,Time Sharing,LV,2.0,8,0.0,2.0,2.0,N,N,08/2019,Analyst
25-1081.00,1.A.2.a.1,Arm-Hand Steadiness,IM,1.75,8,0.1637,1.4292,2.0708,N,,08/2019,Analyst
25-1081.00,1.A.2.a.1,Arm-Hand Steadiness,LV,0.75,8,0.1637,0.4292,1.0708,N,N,08/2019,Analyst
25-1081.00,1.A.2.a.2,Manual Dexterity,IM,1.75,8,0.1637,1.4292,2.0708,N,,08/2019,Analyst
25-1081.00,1.A.2.a.2,Manual Dexterity,LV,0.75,8,0.1637,0.4292,1.0708,N,N,08/2019,Analyst
25-1081.00,1.A.2.a.3,Finger Dexterity,IM,1.88,8,0.125,1.63,2.12,N,,08/2019,Analyst
25-1081.00,1.A.2.a.3,Finger Dexterity,LV,1.12,8,0.2266,0.6809,1.5691,N,N,08/2019,Analyst
25-1081.00,1.A.2.b.1,Control Precision,IM,1.5,8,0.189,1.1296,1.8704,N,,08/2019,Analyst
25-1081.00,1.A.2.b.1,Control Precision,LV,0.5,8,0.189,0.1296,0.8704,N,N,08/2019,Analyst
25-1081.00,1.A.2.b.2,Multilimb Coordination,IM,1.0,8,0.0,1.0,1.0,N,,08/2019,Analyst
25-1081.00,1.A.2.b.2,Multilimb Coordination,LV,0.0,8,0.0,0.0,0.0,N,Y,08/2019,Analyst
25-1081.00,1.A.2.b.3,Response Orientation,IM,1.0,8,0.0,1.0,1.0,N,,08/2019,Analyst
25-1081.00,1.A.2.b.3,Response Orientation,LV,0.0,8,0.0,0.0,0.0,N,Y,08/2019,Analyst
25-1081.00,1.A.2.b.4,Rate Control,IM,1.0,8,0.0,1.0,1.0,N,,08/2019,Analyst
25-1081.00,1.A.2.b.4,Rate Control,LV,0.0,8,0.0,0.0,0.0,N,Y,08/2019,Analyst
25-1081.00,1.A.2.c.1,Reaction Time,IM,1.0,8,0.0,1.0,1.0,N,,08/2019,Analyst
25-1081.00,1.A.2.c.1,Reaction Time,LV,0.0,8,0.0,0.0,0.0,N,Y,08/2019,Analyst
25-1081.00,1.A.2.c.2,Wrist-Finger Speed,IM,1.38,8,0.183,1.0164,1.7336,N,,08/2019,Analyst
25-1081.00,1.A.2.c.2,Wrist-Finger Speed,LV,0.5,8,0.2673,0.0,1.0238,N,N,08/2019,Analyst
25-1081.00,1.A.2.c.3,Speed of Limb Movement,IM,1.0,8,0.0,1.0,1.0,N,,08/2019,Analyst
25-1081.00,1.A.2.c.3,Speed of Limb Movement,LV,0.0,8,0.0,0.0,0.0,N,Y,08/2019,Analyst
25-1081.00,1.A.3.a.1,Static Strength,IM,1.0,8,0.0,1.0,1.0,N,,08/2019,Analyst
25-1081.00,1.A.3.a.1,Static Strength,LV,0.0,8,0.0,0.0,0.0,N,Y,08/2019,Analyst
25-1081.00,1.A.3.a.2,Explosive Strength,IM,1.0,8,0.0,1.0,1.0,N,,08/2019,Analyst
25-1081.00,1.A.3.a.2,Explosive Strength,LV,0.0,8,0.0,0.0,0.0,N,Y,08/2019,Analyst
25-1081.00,1.A.3.a.3,Dynamic Strength,IM,1.12,8,0.125,1.0,1.37,N,,08/2019,Analyst
25-1081.00,1.A.3.a.3,Dynamic Strength,LV,0.12,8,0.125,0.0,0.37,N,Y,08/2019,Analyst
25-1081.00,1.A.3.a.4,Trunk Strength,IM,1.88,8,0.125,1.63,2.12,N,,08/2019,Analyst
25-1081.00,1.A.3.a.4,Trunk Strength,LV,1.75,8,0.25,1.26,2.24,N,N,08/2019,Analyst
25-1081.00,1.A.3.b.1,Stamina,IM,1.0,8,0.0,1.0,1.0,N,,08/2019,Analyst
25-1081.00,1.A.3.b.1,Stamina,LV,0.0,8,0.0,0.0,0.0,N,Y,08/2019,Analyst
25-1081.00,1.A.3.c.1,Extent Flexibility,IM,1.0,8,0.0,1.0,1.0,N,,08/2019,Analyst
25-1081.00,1.A.3.c.1,Extent Flexibility,LV,0.0,8,0.0,0.0,0.0,N,Y,08/2019,Analyst
25-1081.00,1.A.3.c.2,Dynamic Flexibility,IM,1.0,8,0.0,1.0,1.0,N,,08/2019,Analyst
25-1081.00,1.A.3.c.2,Dynamic Flexibility,LV,0.0,8,0.0,0.0,0.0,N,Y,08/2019,Analyst
25-1081.00,1.A.3.c.3,Gross Body Coordination,IM,1.0,8,0.0,1.0,1.0,N,,08/2019,Analyst
25-1081.00,1.A.3.c.3,Gross Body Coordination,LV,0.0,8,0.0,0.0,0.0,N,Y,08/2019,Analyst
25-1081.00,1.A.3.c.4,Gross Body Equilibrium,IM,1.0,8,0.0,1.0,1.0,N,,08/2019,Analyst
25-1081.00,1.A.3.c.4,Gross Body Equilibrium,LV,0.0,8,0.0,0.0,0.0,N,Y,08/2019,Analyst
25-1081.00,1.A.4.a.1,Near Vision,IM,3.88,8,0.125,3.63,4.12,N,,08/2019,Analyst
25-1081.00,1.A.4.a.1,Near Vision,LV,4.0,8,0.0,4.0,4.0,N,N,08/2019,Analyst
25-1081.00,1.A.4.a.2,Far Vision,IM,2.75,8,0.25,2.26,3.24,N,,08/2019,Analyst
25-1081.00,1.A.4.a.2,Far Vision,LV,3.12,8,0.125,2.88,3.37,N,N,08/2019,Analyst
25-1081.00,1.A.4.a.3,Visual Color Discrimination,IM,1.75,8,0.1637,1.4292,2.0708,N,,08/2019,Analyst
25-1081.00,1.A.4.a.3,Visual Color Discrimination,LV,0.75,8,0.1637,0.4292,1.0708,N,N,08/2019,Analyst
25-1081.00,1.A.4.a.4,Night Vision,IM,1.0,8,0.0,1.0,1.0,N,,08/2019,Analyst
25-1081.00,1.A.4.a.4,Night Vision,LV,0.0,8,0.0,0.0,0.0,N,Y,08/2019,Analyst
25-1081.00,1.A.4.a.5,Peripheral Vision,IM,1.0,8,0.0,1.0,1.0,N,,08/2019,Analyst
25-1081.00,1.A.4.a.5,Peripheral Vision,LV,0.0,8,0.0,0.0,0.0,N,Y,08/2019,Analyst
25-1081.00,1.A.4.a.6,Depth Perception,IM,1.38,8,0.183,1.0164,1.7336,N,,08/2019,Analyst
25-1081.00,1.A.4.a.6,Depth Perception,LV,0.38,8,0.183,0.0164,0.7336,N,N,08/2019,Analyst
25-1081.00,1.A.4.a.7,Glare Sensitivity,IM,1.0,8,0.0,1.0,1.0,N,,08/2019,Analyst
25-1081.00,1.A.4.a.7,Glare Sensitivity,LV,0.0,8,0.0,0.0,0.0,N,Y,08/2019,Analyst
25-1081.00,1.A.4.b.1,Hearing Sensitivity,IM,1.75,8,0.1637,1.4292,2.0708,N,,08/2019,Analyst
25-1081.00,1.A.4.b.1,Hearing Sensitivity,LV,0.75,8,0.1637,0.4292,1.0708,N,N,08/2019,Analyst
25-1081.00,1.A.4.b.2,Auditory Attention,IM,1.88,8,0.125,1.63,2.12,N,,08/2019,Analyst
25-1081.00,1.A.4.b.2,Auditory Attention,LV,1.12,8,0.2266,0.6809,1.5691,N,N,08/2019,Analyst
25-1081.00,1.A.4.b.3,Sound Localization,IM,1.0,8,0.0,1.0,1.0,N,,08/2019,Analyst
25-1081.00,1.A.4.b.3,Sound Localization,LV,0.0,8,0.0,0.0,0.0,N,Y,08/2019,Analyst
25-1081.00,1.A.4.b.4,Speech Recognition,IM,3.88,8,0.125,3.63,4.12,N,,08/2019,Analyst
25-1081.00,1.A.4.b.4,Speech Recognition,LV,4.0,8,0.189,3.6296,4.3704,N,N,08/2019,Analyst
25-1081.00,1.A.4.b.5,Speech Clarity,IM,4.38,8,0.183,4.0164,4.7336,N,,08/2019,Analyst
25-1081.00,1.A.4.b.5,Speech Clarity,LV,5.0,8,0.189,4.6296,5.3704,N,N,08/2019,Analyst
25-1082.00,1.A.1.a.1,Oral Comprehension,IM,4.25,8,0.1637,3.9292,4.5708,N,,08/2019,Analyst
25-1082.00,1.A.1.a.1,Oral Comprehension,LV,5.0,8,0.0,5.0,5.0,N,N,08/2019,Analyst
25-1082.00,1.A.1.a.2,Written Comprehension,IM,4.25,8,0.1637,3.9292,4.5708,N,,08/2019,Analyst
25-1082.00,1.A.1.a.2,Written Comprehension,LV,5.0,8,0.0,5.0,5.0,N,N,08/2019,Analyst
25-1082.00,1.A.1.a.3,Oral Expression,IM,4.25,8,0.1637,3.9292,4.5708,N,,08/2019,Analyst
25-1082.00,1.A.1.a.3,Oral Expression,LV,4.88,8,0.125,4.63,5.12,N,N,08/2019,Analyst
25-1082.00,1.A.1.a.4,Written Expression,IM,4.0,8,0.0,4.0,4.0,N,,08/2019,Analyst
25-1082.00,1.A.1.a.4,Written Expression,LV,4.88,8,0.125,4.63,5.12,N,N,08/2019,Analyst
25-1082.00,1.A.1.b.1,Fluency of Ideas,IM,2.88,8,0.125,2.63,3.12,N,,08/2019,Analyst
25-1082.00,1.A.1.b.1,Fluency of Ideas,LV,3.12,8,0.125,2.88,3.37,N,N,08/2019,Analyst
25-1082.00,1.A.1.b.2,Originality,IM,2.88,8,0.125,2.63,3.12,N,,08/2019,Analyst
25-1082.00,1.A.1.b.2,Originality,LV,3.0,8,0.0,3.0,3.0,N,N,08/2019,Analyst
25-1082.00,1.A.1.b.3,Problem Sensitivity,IM,3.38,8,0.183,3.0164,3.7336,N,,08/2019,Analyst
25-1082.00,1.A.1.b.3,Problem Sensitivity,LV,3.62,8,0.183,3.2664,3.9836,N,N,08/2019,Analyst
25-1082.00,1.A.1.b.4,Deductive Reasoning,IM,3.88,8,0.125,3.63,4.12,N,,08/2019,Analyst
25-1082.00,1.A.1.b.4,Deductive Reasoning,LV,4.12,8,0.125,3.88,4.37,N,N,08/2019,Analyst
25-1082.00,1.A.1.b.5,Inductive Reasoning,IM,3.88,8,0.125,3.63,4.12,N,,08/2019,Analyst
25-1082.00,1.A.1.b.5,Inductive Reasoning,LV,4.0,8,0.0,4.0,4.0,N,N,08/2019,Analyst
25-1082.00,1.A.1.b.6,Information Ordering,IM,3.12,8,0.125,2.88,3.37,N,,08/2019,Analyst
25-1082.00,1.A.1.b.6,Information Ordering,LV,3.88,8,0.125,3.63,4.12,N,N,08/2019,Analyst
25-1082.00,1.A.1.b.7,Category Flexibility,IM,3.12,8,0.125,2.88,3.37,N,,08/2019,Analyst
25-1082.00,1.A.1.b.7,Category Flexibility,LV,3.62,8,0.183,3.2664,3.9836,N,N,08/2019,Analyst
25-1082.00,1.A.1.c.1,Mathematical Reasoning,IM,2.25,8,0.1637,1.9292,2.5708,N,,08/2019,Analyst
25-1082.00,1.A.1.c.1,Mathematical Reasoning,LV,2.38,8,0.183,2.0164,2.7336,N,N,08/2019,Analyst
25-1082.00,1.A.1.c.2,Number Facility,IM,2.12,8,0.125,1.88,2.37,N,,08/2019,Analyst
25-1082.00,1.A.1.c.2,Number Facility,LV,2.25,8,0.1637,1.9292,2.5708,N,N,08/2019,Analyst
25-1082.00,1.A.1.d.1,Memorization,IM,2.88,8,0.125,2.63,3.12,N,,08/2019,Analyst
25-1082.00,1.A.1.d.1,Memorization,LV,2.88,8,0.125,2.63,3.12,N,N,08/2019,Analyst
25-1082.00,1.A.1.e.1,Speed of Closure,IM,2.25,8,0.1637,1.9292,2.5708,N,,08/2019,Analyst
25-1082.00,1.A.1.e.1,Speed of Closure,LV,2.25,8,0.1637,1.9292,2.5708,N,N,08/2019,Analyst
25-1082.00,1.A.1.e.2,Flexibility of Closure,IM,2.75,8,0.1637,2.4292,3.0708,N,,08/2019,Analyst
25-1082.00,1.A.1.e.2,Flexibility of Closure,LV,2.88,8,0.125,2.63,3.12,N,N,08/2019,Analyst
25-1082.00,1.A.1.e.3,Perceptual Speed,IM,2.25,8,0.1637,1.9292,2.5708,N,,08/2019,Analyst
25-1082.00,1.A.1.e.3,Perceptual Speed,LV,2.25,8,0.1637,1.9292,2.5708,N,N,08/2019,Analyst
25-1082.00,1.A.1.f.1,Spatial Orientation,IM,1.0,8,0.0,1.0,1.0,N,,08/2019,Analyst
25-1082.00,1.A.1.f.1,Spatial Orientation,LV,0.0,8,0.0,0.0,0.0,N,Y,08/2019,Analyst
25-1082.00,1.A.1.f.2,Visualization,IM,2.12,8,0.125,1.88,2.37,N,,08/2019,Analyst
25-1082.00,1.A.1.f.2,Visualization,LV,2.0,8,0.0,2.0,2.0,N,N,08/2019,Analyst
25-1082.00,1.A.1.g.1,Selective Attention,IM,2.88,8,0.125,2.63,3.12,N,,08/2019,Analyst
25-1082.00,1.A.1.g.1,Selective Attention,LV,2.88,8,0.125,2.63,3.12,N,N,08/2019,Analyst
25-1082.00,1.A.1.g.2,Time Sharing,IM,2.75,8,0.1637,2.4292,3.0708,N,,08/2019,Analyst
25-1082.00,1.A.1.g.2,Time Sharing,LV,2.38,8,0.183,2.0164,2.7336,N,N,08/2019,Analyst
25-1082.00,1.A.2.a.1,Arm-Hand Steadiness,IM,1.0,8,0.0,1.0,1.0,N,,08/2019,Analyst
25-1082.00,1.A.2.a.1,Arm-Hand Steadiness,LV,0.0,8,0.0,0.0,0.0,N,Y,08/2019,Analyst
25-1082.00,1.A.2.a.2,Manual Dexterity,IM,1.0,8,0.0,1.0,1.0,N,,08/2019,Analyst
25-1082.00,1.A.2.a.2,Manual Dexterity,LV,0.0,8,0.0,0.0,0.0,N,Y,08/2019,Analyst
25-1082.00,1.A.2.a.3,Finger Dexterity,IM,1.75,8,0.1637,1.4292,2.0708,N,,08/2019,Analyst
25-1082.00,1.A.2.a.3,Finger Dexterity,LV,0.88,8,0.2266,0.4309,1.3191,N,N,08/2019,Analyst
25-1082.00,1.A.2.b.1,Control Precision,IM,1.0,8,0.0,1.0,1.0,N,,08/2019,Analyst
25-1082.00,1.A.2.b.1,Control Precision,LV,0.0,8,0.0,0.0,0.0,N,Y,08/2019,Analyst
25-1082.00,1.A.2.b.2,Multilimb Coordination,IM,1.0,8,0.0,1.0,1.0,N,,08/2019,Analyst
25-1082.00,1.A.2.b.2,Multilimb Coordination,LV,0.0,8,0.0,0.0,0.0,N,Y,08/2019,Analyst
25-1082.00,1.A.2.b.3,Response Orientation,IM,1.0,8,0.0,1.0,1.0,N,,08/2019,Analyst
25-1082.00,1.A.2.b.3,Response Orientation,LV,0.0,8,0.0,0.0,0.0,N,Y,08/2019,Analyst
25-1082.00,1.A.2.b.4,Rate Control,IM,1.0,8,0.0,1.0,1.0,N,,08/2019,Analyst
25-1082.00,1.A.2.b.4,Rate Control,LV,0.0,8,0.0,0.0,0.0,N,Y,08/2019,Analyst
25-1082.00,1.A.2.c.1,Reaction Time,IM,1.0,8,0.0,1.0,1.0,N,,08/2019,Analyst
25-1082.00,1.A.2.c.1,Reaction Time,LV,0.0,8,0.0,0.0,0.0,N,Y,08/2019,Analyst
25-1082.00,1.A.2.c.2,Wrist-Finger Speed,IM,1.25,8,0.1637,1.0,1.5708,N,,08/2019,Analyst
25-1082.00,1.A.2.c.2,Wrist-Finger Speed,LV,0.38,8,0.2631,0.0,0.8906,N,Y,08/2019,Analyst
25-1082.00,1.A.2.c.3,Speed of Limb Movement,IM,1.0,8,0.0,1.0,1.0,N,,08/2019,Analyst
25-1082.00,1.A.2.c.3,Speed of Limb Movement,LV,0.0,8,0.0,0.0,0.0,N,Y,08/2019,Analyst
25-1082.00,1.A.3.a.1,Static Strength,IM,1.0,8,0.0,1.0,1.0,N,,08/2019,Analyst
25-1082.00,1.A.3.a.1,Static Strength,LV,0.0,8,0.0,0.0,0.0,N,Y,08/2019,Analyst
25-1082.00,1.A.3.a.2,Explosive Strength,IM,1.0,8,0.0,1.0,1.0,N,,08/2019,Analyst
25-1082.00,1.A.3.a.2,Explosive Strength,LV,0.0,8,0.0,0.0,0.0,N,Y,08/2019,Analyst
25-1082.00,1.A.3.a.3,Dynamic Strength,IM,1.38,8,0.183,1.0164,1.7336,N,,08/2019,Analyst
25-1082.00,1.A.3.a.3,Dynamic Strength,LV,0.38,8,0.183,0.0164,0.7336,N,N,08/2019,Analyst
25-1082.00,1.A.3.a.4,Trunk Strength,IM,1.88,8,0.125,1.63,2.12,N,,08/2019,Analyst
25-1082.00,1.A.3.a.4,Trunk Strength,LV,1.38,8,0.2631,0.8594,1.8906,N,N,08/2019,Analyst
25-1082.00,1.A.3.b.1,Stamina,IM,1.0,8,0.0,1.0,1.0,N,,08/2019,Analyst
25-1082.00,1.A.3.b.1,Stamina,LV,0.0,8,0.0,0.0,0.0,N,Y,08/2019,Analyst
25-1082.00,1.A.3.c.1,Extent Flexibility,IM,1.0,8,0.0,1.0,1.0,N,,08/2019,Analyst
25-1082.00,1.A.3.c.1,Extent Flexibility,LV,0.0,8,0.0,0.0,0.0,N,Y,08/2019,Analyst
25-1082.00,1.A.3.c.2,Dynamic Flexibility,IM,1.0,8,0.0,1.0,1.0,N,,08/2019,Analyst
25-1082.00,1.A.3.c.2,Dynamic Flexibility,LV,0.0,8,0.0,0.0,0.0,N,Y,08/2019,Analyst
25-1082.00,1.A.3.c.3,Gross Body Coordination,IM,1.0,8,0.0,1.0,1.0,N,,08/2019,Analyst
25-1082.00,1.A.3.c.3,Gross Body Coordination,LV,0.0,8,0.0,0.0,0.0,N,Y,08/2019,Analyst
25-1082.00,1.A.3.c.4,Gross Body Equilibrium,IM,1.0,8,0.0,1.0,1.0,N,,08/2019,Analyst
25-1082.00,1.A.3.c.4,Gross Body Equilibrium,LV,0.0,8,0.0,0.0,0.0,N,Y,08/2019,Analyst
25-1082.00,1.A.4.a.1,Near Vision,IM,3.88,8,0.125,3.63,4.12,N,,08/2019,Analyst
25-1082.00,1.A.4.a.1,Near Vision,LV,4.0,8,0.0,4.0,4.0,N,N,08/2019,Analyst
25-1082.00,1.A.4.a.2,Far Vision,IM,2.88,8,0.125,2.63,3.12,N,,08/2019,Analyst
25-1082.00,1.A.4.a.2,Far Vision,LV,3.0,8,0.0,3.0,3.0,N,N,08/2019,Analyst
25-1082.00,1.A.4.a.3,Visual Color Discrimination,IM,1.88,8,0.125,1.63,2.12,N,,08/2019,Analyst
25-1082.00,1.A.4.a.3,Visual Color Discrimination,LV,0.88,8,0.125,0.63,1.12,N,N,08/2019,Analyst
25-1082.00,1.A.4.a.4,Night Vision,IM,1.0,8,0.0,1.0,1.0,N,,08/2019,Analyst
25-1082.00,1.A.4.a.4,Night Vision,LV,0.0,8,0.0,0.0,0.0,N,Y,08/2019,Analyst
25-1082.00,1.A.4.a.5,Peripheral Vision,IM,1.0,8,0.0,1.0,1.0,N,,08/2019,Analyst
25-1082.00,1.A.4.a.5,Peripheral Vision,LV,0.0,8,0.0,0.0,0.0,N,Y,08/2019,Analyst
25-1082.00,1.A.4.a.6,Depth Perception,IM,1.62,8,0.183,1.2664,1.9836,N,,08/2019,Analyst
25-1082.00,1.A.4.a.6,Depth Perception,LV,0.62,8,0.183,0.2664,0.9836,N,N,08/2019,Analyst
25-1082.00,1.A.4.a.7,Glare Sensitivity,IM,1.0,8,0.0,1.0,1.0,N,,08/2019,Analyst
25-1082.00,1.A.4.a.7,Glare Sensitivity,LV,0.0,8,0.0,0.0,0.0,N,Y,08/2019,Analyst
25-1082.00,1.A.4.b.1,Hearing Sensitivity,IM,1.75,8,0.1637,1.4292,2.0708,N,,08/2019,Analyst
25-1082.00,1.A.4.b.1,Hearing Sensitivity,LV,0.75,8,0.1637,0.4292,1.0708,N,N,08/2019,Analyst
25-1082.00,1.A.4.b.2,Auditory Attention,IM,1.88,8,0.125,1.63,2.12,N,,08/2019,Analyst
25-1082.00,1.A.4.b.2,Auditory Attention,LV,1.0,8,0.189,0.6296,1.3704,N,N,08/2019,Analyst
25-1082.00,1.A.4.b.3,Sound Localization,IM,1.0,8,0.0,1.0,1.0,N,,08/2019,Analyst
25-1082.00,1.A.4.b.3,Sound Localization,LV,0.0,8,0.0,0.0,0.0,N,Y,08/2019,Analyst
25-1082.00,1.A.4.b.4,Speech Recognition,IM,3.5,8,0.189,3.1296,3.8704,N,,08/2019,Analyst
25-1082.00,1.A.4.b.4,Speech Recognition,LV,3.62,8,0.183,3.2664,3.9836,N,N,08/2019,Analyst
25-1082.00,1.A.4.b.5,Speech Clarity,IM,4.0,8,0.0,4.0,4.0,N,,08/2019,Analyst
25-1082.00,1.A.4.b.5,Speech Clarity,LV,4.75,8,0.1637,4.4292,5.0708,N,N,08/2019,Analyst
25-1111.00,1.A.1.a.1,Oral Comprehension,IM,4.0,8,0.0,4.0,4.0,N,,08/2019,Analyst
25-1111.00,1.A.1.a.1,Oral Comprehension,LV,5.0,8,0.0,5.0,5.0,N,N,08/2019,Analyst
25-1111.00,1.A.1.a.2,Written Comprehension,IM,4.0,8,0.0,4.0,4.0,N,,08/2019,Analyst
25-1111.00,1.A.1.a.2,Written Comprehension,LV,5.0,8,0.0,5.0,5.0,N,N,08/2019,Analyst
25-1111.00,1.A.1.a.3,Oral Expression,IM,4.12,8,0.125,3.88,4.37,N,,08/2019,Analyst
25-1111.00,1.A.1.a.3,Oral Expression,LV,5.0,8,0.0,5.0,5.0,N,N,08/2019,Analyst
25-1111.00,1.A.1.a.4,Written Expression,IM,4.0,8,0.0,4.0,4.0,N,,08/2019,Analyst
25-1111.00,1.A.1.a.4,Written Expression,LV,5.0,8,0.0,5.0,5.0,N,N,08/2019,Analyst
25-1111.00,1.A.1.b.1,Fluency of Ideas,IM,3.0,8,0.0,3.0,3.0,N,,08/2019,Analyst
25-1111.00,1.A.1.b.1,Fluency of Ideas,LV,3.12,8,0.125,2.88,3.37,N,N,08/2019,Analyst
25-1111.00,1.A.1.b.2,Originality,IM,3.0,8,0.0,3.0,3.0,N,,08/2019,Analyst
25-1111.00,1.A.1.b.2,Originality,LV,3.0,8,0.0,3.0,3.0,N,N,08/2019,Analyst
25-1111.00,1.A.1.b.3,Problem Sensitivity,IM,3.5,8,0.189,3.1296,3.8704,N,,08/2019,Analyst
25-1111.00,1.A.1.b.3,Problem Sensitivity,LV,3.75,8,0.1637,3.4292,4.0708,N,N,08/2019,Analyst
25-1111.00,1.A.1.b.4,Deductive Reasoning,IM,3.75,8,0.1637,3.4292,4.0708,N,,08/2019,Analyst
25-1111.00,1.A.1.b.4,Deductive Reasoning,LV,3.88,8,0.125,3.63,4.12,N,N,08/2019,Analyst
25-1111.00,1.A.1.b.5,Inductive Reasoning,IM,3.88,8,0.125,3.63,4.12,N,,08/2019,Analyst
25-1111.00,1.A.1.b.5,Inductive Reasoning,LV,3.88,8,0.125,3.63,4.12,N,N,08/2019,Analyst
25-1111.00,1.A.1.b.6,Information Ordering,IM,3.12,8,0.125,2.88,3.37,N,,08/2019,Analyst
25-1111.00,1.A.1.b.6,Information Ordering,LV,3.25,8,0.1637,2.9292,3.5708,N,N,08/2019,Analyst
25-1111.00,1.A.1.b.7,Category Flexibility,IM,3.0,8,0.0,3.0,3.0,N,,08/2019,Analyst
25-1111.00,1.A.1.b.7,Category Flexibility,LV,3.12,8,0.125,2.88,3.37,N,N,08/2019,Analyst
25-1111.00,1.A.1.c.1,Mathematical Reasoning,IM,2.0,8,0.0,2.0,2.0,N,,08/2019,Analyst
25-1111.00,1.A.1.c.1,Mathematical Reasoning,LV,2.38,8,0.183,2.0164,2.7336,N,N,08/2019,Analyst
25-1111.00,1.A.1.c.2,Number Facility,IM,2.0,8,0.0,2.0,2.0,N,,08/2019,Analyst
25-1111.00,1.A.1.c.2,Number Facility,LV,2.0,8,0.0,2.0,2.0,N,N,08/2019,Analyst
25-1111.00,1.A.1.d.1,Memorization,IM,2.75,8,0.1637,2.4292,3.0708,N,,08/2019,Analyst
25-1111.00,1.A.1.d.1,Memorization,LV,2.75,8,0.1637,2.4292,3.0708,N,N,08/2019,Analyst
25-1111.00,1.A.1.e.1,Speed of Closure,IM,2.12,8,0.125,1.88,2.37,N,,08/2019,Analyst
25-1111.00,1.A.1.e.1,Speed of Closure,LV,2.12,8,0.125,1.88,2.37,N,N,08/2019,Analyst
25-1111.00,1.A.1.e.2,Flexibility of Closure,IM,2.12,8,0.125,1.88,2.37,N,,08/2019,Analyst
25-1111.00,1.A.1.e.2,Flexibility of Closure,LV,2.25,8,0.1637,1.9292,2.5708,N,N,08/2019,Analyst
25-1111.00,1.A.1.e.3,Perceptual Speed,IM,2.0,8,0.0,2.0,2.0,N,,08/2019,Analyst
25-1111.00,1.A.1.e.3,Perceptual Speed,LV,2.0,8,0.0,2.0,2.0,N,N,08/2019,Analyst
25-1111.00,1.A.1.f.1,Spatial Orientation,IM,1.0,8,0.0,1.0,1.0,N,,08/2019,Analyst
25-1111.00,1.A.1.f.1,Spatial Orientation,LV,0.0,8,0.0,0.0,0.0,N,Y,08/2019,Analyst
25-1111.00,1.A.1.f.2,Visualization,IM,2.0,8,0.0,2.0,2.0,N,,08/2019,Analyst
25-1111.00,1.A.1.f.2,Visualization,LV,2.0,8,0.0,2.0,2.0,N,N,08/2019,Analyst
25-1111.00,1.A.1.g.1,Selective Attention,IM,2.88,8,0.125,2.63,3.12,N,,08/2019,Analyst
25-1111.00,1.A.1.g.1,Selective Attention,LV,2.75,8,0.1637,2.4292,3.0708,N,N,08/2019,Analyst
25-1111.00,1.A.1.g.2,Time Sharing,IM,2.75,8,0.1637,2.4292,3.0708,N,,08/2019,Analyst
25-1111.00,1.A.1.g.2,Time Sharing,LV,2.5,8,0.189,2.1296,2.8704,N,N,08/2019,Analyst
25-1111.00,1.A.2.a.1,Arm-Hand Steadiness,IM,1.0,8,0.0,1.0,1.0,N,,08/2019,Analyst
25-1111.00,1.A.2.a.1,Arm-Hand Steadiness,LV,0.0,8,0.0,0.0,0.0,N,Y,08/2019,Analyst
25-1111.00,1.A.2.a.2,Manual Dexterity,IM,1.0,8,0.0,1.0,1.0,N,,08/2019,Analyst
25-1111.00,1.A.2.a.2,Manual Dexterity,LV,0.0,8,0.0,0.0,0.0,N,Y,08/2019,Analyst
25-1111.00,1.A.2.a.3,Finger Dexterity,IM,1.62,8,0.183,1.2664,1.9836,N,,08/2019,Analyst
25-1111.00,1.A.2.a.3,Finger Dexterity,LV,0.62,8,0.183,0.2664,0.9836,N,N,08/2019,Analyst
25-1111.00,1.A.2.b.1,Control Precision,IM,1.0,8,0.0,1.0,1.0,N,,08/2019,Analyst
25-1111.00,1.A.2.b.1,Control Precision,LV,0.0,8,0.0,0.0,0.0,N,Y,08/2019,Analyst
25-1111.00,1.A.2.b.2,Multilimb Coordination,IM,1.0,8,0.0,1.0,1.0,N,,08/2019,Analyst
25-1111.00,1.A.2.b.2,Multilimb Coordination,LV,0.0,8,0.0,0.0,0.0,N,Y,08/2019,Analyst
25-1111.00,1.A.2.b.3,Response Orientation,IM,1.0,8,0.0,1.0,1.0,N,,08/2019,Analyst
25-1111.00,1.A.2.b.3,Response Orientation,LV,0.0,8,0.0,0.0,0.0,N,Y,08/2019,Analyst
25-1111.00,1.A.2.b.4,Rate Control,IM,1.0,8,0.0,1.0,1.0,N,,08/2019,Analyst
25-1111.00,1.A.2.b.4,Rate Control,LV,0.0,8,0.0,0.0,0.0,N,Y,08/2019,Analyst
25-1111.00,1.A.2.c.1,Reaction Time,IM,1.0,8,0.0,1.0,1.0,N,,08/2019,Analyst
25-1111.00,1.A.2.c.1,Reaction Time,LV,0.0,8,0.0,0.0,0.0,N,Y,08/2019,Analyst
25-1111.00,1.A.2.c.2,Wrist-Finger Speed,IM,1.12,8,0.125,1.0,1.37,N,,08/2019,Analyst
25-1111.00,1.A.2.c.2,Wrist-Finger Speed,LV,0.12,8,0.125,0.0,0.37,N,Y,08/2019,Analyst
25-1111.00,1.A.2.c.3,Speed of Limb Movement,IM,1.0,8,0.0,1.0,1.0,N,,08/2019,Analyst
25-1111.00,1.A.2.c.3,Speed of Limb Movement,LV,0.0,8,0.0,0.0,0.0,N,Y,08/2019,Analyst
25-1111.00,1.A.3.a.1,Static Strength,IM,1.0,8,0.0,1.0,1.0,N,,08/2019,Analyst
25-1111.00,1.A.3.a.1,Static Strength,LV,0.0,8,0.0,0.0,0.0,N,Y,08/2019,Analyst
25-1111.00,1.A.3.a.2,Explosive Strength,IM,1.0,8,0.0,1.0,1.0,N,,08/2019,Analyst
25-1111.00,1.A.3.a.2,Explosive Strength,LV,0.0,8,0.0,0.0,0.0,N,Y,08/2019,Analyst
25-1111.00,1.A.3.a.3,Dynamic Strength,IM,1.0,8,0.0,1.0,1.0,N,,08/2019,Analyst
25-1111.00,1.A.3.a.3,Dynamic Strength,LV,0.0,8,0.0,0.0,0.0,N,Y,08/2019,Analyst
25-1111.00,1.A.3.a.4,Trunk Strength,IM,1.88,8,0.125,1.63,2.12,N,,08/2019,Analyst
25-1111.00,1.A.3.a.4,Trunk Strength,LV,1.0,8,0.189,0.6296,1.3704,N,N,08/2019,Analyst
25-1111.00,1.A.3.b.1,Stamina,IM,1.0,8,0.0,1.0,1.0,N,,08/2019,Analyst
25-1111.00,1.A.3.b.1,Stamina,LV,0.0,8,0.0,0.0,0.0,N,Y,08/2019,Analyst
25-1111.00,1.A.3.c.1,Extent Flexibility,IM,1.0,8,0.0,1.0,1.0,N,,08/2019,Analyst
25-1111.00,1.A.3.c.1,Extent Flexibility,LV,0.0,8,0.0,0.0,0.0,N,Y,08/2019,Analyst
25-1111.00,1.A.3.c.2,Dynamic Flexibility,IM,1.0,8,0.0,1.0,1.0,N,,08/2019,Analyst
25-1111.00,1.A.3.c.2,Dynamic Flexibility,LV,0.0,8,0.0,0.0,0.0,N,Y,08/2019,Analyst
25-1111.00,1.A.3.c.3,Gross Body Coordination,IM,1.0,8,0.0,1.0,1.0,N,,08/2019,Analyst
25-1111.00,1.A.3.c.3,Gross Body Coordination,LV,0.0,8,0.0,0.0,0.0,N,Y,08/2019,Analyst
25-1111.00,1.A.3.c.4,Gross Body Equilibrium,IM,1.0,8,0.0,1.0,1.0,N,,08/2019,Analyst
25-1111.00,1.A.3.c.4,Gross Body Equilibrium,LV,0.0,8,0.0,0.0,0.0,N,Y,08/2019,Analyst
25-1111.00,1.A.4.a.1,Near Vision,IM,3.5,8,0.189,3.1296,3.8704,N,,08/2019,Analyst
25-1111.00,1.A.4.a.1,Near Vision,LV,3.62,8,0.183,3.2664,3.9836,N,N,08/2019,Analyst
25-1111.00,1.A.4.a.2,Far Vision,IM,2.25,8,0.1637,1.9292,2.5708,N,,08/2019,Analyst
25-1111.00,1.A.4.a.2,Far Vision,LV,2.5,8,0.2673,1.9762,3.0238,N,N,08/2019,Analyst
25-1111.00,1.A.4.a.3,Visual Color Discrimination,IM,1.88,8,0.125,1.63,2.12,N,,08/2019,Analyst
25-1111.00,1.A.4.a.3,Visual Color Discrimination,LV,1.25,8,0.25,0.76,1.74,N,N,08/2019,Analyst
25-1111.00,1.A.4.a.4,Night Vision,IM,1.0,8,0.0,1.0,1.0,N,,08/2019,Analyst
25-1111.00,1.A.4.a.4,Night Vision,LV,0.0,8,0.0,0.0,0.0,N,Y,08/2019,Analyst
25-1111.00,1.A.4.a.5,Peripheral Vision,IM,1.0,8,0.0,1.0,1.0,N,,08/2019,Analyst
25-1111.00,1.A.4.a.5,Peripheral Vision,LV,0.0,8,0.0,0.0,0.0,N,Y,08/2019,Analyst
25-1111.00,1.A.4.a.6,Depth Perception,IM,1.0,8,0.0,1.0,1.0,N,,08/2019,Analyst
25-1111.00,1.A.4.a.6,Depth Perception,LV,0.0,8,0.0,0.0,0.0,N,Y,08/2019,Analyst
25-1111.00,1.A.4.a.7,Glare Sensitivity,IM,1.0,8,0.0,1.0,1.0,N,,08/2019,Analyst
25-1111.00,1.A.4.a.7,Glare Sensitivity,LV,0.0,8,0.0,0.0,0.0,N,Y,08/2019,Analyst
25-1111.00,1.A.4.b.1,Hearing Sensitivity,IM,1.75,8,0.1637,1.4292,2.0708,N,,08/2019,Analyst
25-1111.00,1.A.4.b.1,Hearing Sensitivity,LV,0.88,8,0.2266,0.4309,1.3191,N,N,08/2019,Analyst
25-1111.00,1.A.4.b.2,Auditory Attention,IM,2.12,8,0.125,1.88,2.37,N,,08/2019,Analyst
25-1111.00,1.A.4.b.2,Auditory Attention,LV,1.25,8,0.1637,0.9292,1.5708,N,N,08/2019,Analyst
25-1111.00,1.A.4.b.3,Sound Localization,IM,1.0,8,0.0,1.0,1.0,N,,08/2019,Analyst
25-1111.00,1.A.4.b.3,Sound Localization,LV,0.0,8,0.0,0.0,0.0,N,Y,08/2019,Analyst
25-1111.00,1.A.4.b.4,Speech Recognition,IM,3.12,8,0.125,2.88,3.37,N,,08/2019,Analyst
25-1111.00,1.A.4.b.4,Speech Recognition,LV,3.25,8,0.1637,2.9292,3.5708,N,N,08/2019,Analyst
25-1111.00,1.A.4.b.5,Speech Clarity,IM,4.0,8,0.0,4.0,4.0,N,,08/2019,Analyst
25-1111.00,1.A.4.b.5,Speech Clarity,LV,4.5,8,0.189,4.1296,4.8704,N,N,08/2019,Analyst
25-1112.00,1.A.1.a.1,Oral Comprehension,IM,4.12,8,0.125,3.88,4.37,N,,08/2019,Analyst
25-1112.00,1.A.1.a.1,Oral Comprehension,LV,5.12,8,0.125,4.88,5.37,N,N,08/2019,Analyst
25-1112.00,1.A.1.a.2,Written Comprehension,IM,4.38,8,0.183,4.0164,4.7336,N,,08/2019,Analyst
25-1112.00,1.A.1.a.2,Written Comprehension,LV,5.0,8,0.0,5.0,5.0,N,N,08/2019,Analyst
25-1112.00,1.A.1.a.3,Oral Expression,IM,4.62,8,0.183,4.2664,4.9836,N,,08/2019,Analyst
25-1112.00,1.A.1.a.3,Oral Expression,LV,5.38,8,0.183,5.0164,5.7336,N,N,08/2019,Analyst
25-1112.00,1.A.1.a.4,Written Expression,IM,4.0,8,0.0,4.0,4.0,N,,08/2019,Analyst
25-1112.00,1.A.1.a.4,Written Expression,LV,5.0,8,0.0,5.0,5.0,N,N,08/2019,Analyst
25-1112.00,1.A.1.b.1,Fluency of Ideas,IM,3.0,8,0.0,3.0,3.0,N,,08/2019,Analyst
25-1112.00,1.A.1.b.1,Fluency of Ideas,LV,3.75,8,0.25,3.26,4.24,N,N,08/2019,Analyst
25-1112.00,1.A.1.b.2,Originality,IM,3.12,8,0.125,2.88,3.37,N,,08/2019,Analyst
25-1112.00,1.A.1.b.2,Originality,LV,3.75,8,0.1637,3.4292,4.0708,N,N,08/2019,Analyst
25-1112.00,1.A.1.b.3,Problem Sensitivity,IM,3.25,8,0.1637,2.9292,3.5708,N,,08/2019,Analyst
25-1112.00,1.A.1.b.3,Problem Sensitivity,LV,3.62,8,0.183,3.2664,3.9836,N,N,08/2019,Analyst
25-1112.00,1.A.1.b.4,Deductive Reasoning,IM,4.0,8,0.0,4.0,4.0,N,,08/2019,Analyst
25-1112.00,1.A.1.b.4,Deductive Reasoning,LV,4.88,8,0.2266,4.4309,5.3191,N,N,08/2019,Analyst
25-1112.00,1.A.1.b.5,Inductive Reasoning,IM,4.0,8,0.0,4.0,4.0,N,,08/2019,Analyst
25-1112.00,1.A.1.b.5,Inductive Reasoning,LV,4.5,8,0.2673,3.9762,5.0238,N,N,08/2019,Analyst
25-1112.00,1.A.1.b.6,Information Ordering,IM,3.12,8,0.125,2.88,3.37,N,,08/2019,Analyst
25-1112.00,1.A.1.b.6,Information Ordering,LV,3.62,8,0.183,3.2664,3.9836,N,N,08/2019,Analyst
25-1112.00,1.A.1.b.7,Category Flexibility,IM,3.12,8,0.125,2.88,3.37,N,,08/2019,Analyst
25-1112.00,1.A.1.b.7,Category Flexibility,LV,3.62,8,0.183,3.2664,3.9836,N,N,08/2019,Analyst
25-1112.00,1.A.1.c.1,Mathematical Reasoning,IM,2.12,8,0.125,1.88,2.37,N,,08/2019,Analyst
25-1112.00,1.A.1.c.1,Mathematical Reasoning,LV,2.12,8,0.125,1.88,2.37,N,N,08/2019,Analyst
25-1112.00,1.A.1.c.2,Number Facility,IM,2.0,8,0.0,2.0,2.0,N,,08/2019,Analyst
25-1112.00,1.A.1.c.2,Number Facility,LV,2.12,8,0.125,1.88,2.37,N,N,08/2019,Analyst
25-1112.00,1.A.1.d.1,Memorization,IM,2.62,8,0.183,2.2664,2.9836,N,,08/2019,Analyst
25-1112.00,1.A.1.d.1,Memorization,LV,3.12,8,0.125,2.88,3.37,N,N,08/2019,Analyst
25-1112.00,1.A.1.e.1,Speed of Closure,IM,2.12,8,0.125,1.88,2.37,N,,08/2019,Analyst
25-1112.00,1.A.1.e.1,Speed of Closure,LV,2.38,8,0.2631,1.8594,2.8906,N,N,08/2019,Analyst
25-1112.00,1.A.1.e.2,Flexibility of Closure,IM,2.38,8,0.183,2.0164,2.7336,N,,08/2019,Analyst
25-1112.00,1.A.1.e.2,Flexibility of Closure,LV,2.25,8,0.1637,1.9292,2.5708,N,N,08/2019,Analyst
25-1112.00,1.A.1.e.3,Perceptual Speed,IM,2.25,8,0.1637,1.9292,2.5708,N,,08/2019,Analyst
25-1112.00,1.A.1.e.3,Perceptual Speed,LV,2.25,8,0.1637,1.9292,2.5708,N,N,08/2019,Analyst
25-1112.00,1.A.1.f.1,Spatial Orientation,IM,1.0,8,0.0,1.0,1.0,N,,08/2019,Analyst
25-1112.00,1.A.1.f.1,Spatial Orientation,LV,0.0,8,0.0,0.0,0.0,N,Y,08/2019,Analyst
25-1112.00,1.A.1.f.2,Visualization,IM,2.0,8,0.0,2.0,2.0,N,,08/2019,Analyst
25-1112.00,1.A.1.f.2,Visualization,LV,1.5,8,0.189,1.1296,1.8704,N,N,08/2019,Analyst
25-1112.00,1.A.1.g.1,Selective Attention,IM,2.62,8,0.183,2.2664,2.9836,N,,08/2019,Analyst
25-1112.00,1.A.1.g.1,Selective Attention,LV,2.5,8,0.189,2.1296,2.8704,N,N,08/2019,Analyst
25-1112.00,1.A.1.g.2,Time Sharing,IM,2.0,8,0.0,2.0,2.0,N,,08/2019,Analyst
25-1112.00,1.A.1.g.2,Time Sharing,LV,2.0,8,0.0,2.0,2.0,N,N,08/2019,Analyst
25-1112.00,1.A.2.a.1,Arm-Hand Steadiness,IM,1.0,8,0.0,1.0,1.0,N,,08/2019,Analyst
25-1112.00,1.A.2.a.1,Arm-Hand Steadiness,LV,0.0,8,0.0,0.0,0.0,N,Y,08/2019,Analyst
25-1112.00,1.A.2.a.2,Manual Dexterity,IM,1.0,8,0.0,1.0,1.0,N,,08/2019,Analyst
25-1112.00,1.A.2.a.2,Manual Dexterity,LV,0.0,8,0.0,0.0,0.0,N,Y,08/2019,Analyst
25-1112.00,1.A.2.a.3,Finger Dexterity,IM,1.75,8,0.1637,1.4292,2.0708,N,,08/2019,Analyst
25-1112.00,1.A.2.a.3,Finger Dexterity,LV,0.88,8,0.2266,0.4309,1.3191,N,N,08/2019,Analyst
25-1112.00,1.A.2.b.1,Control Precision,IM,1.0,8,0.0,1.0,1.0,N,,08/2019,Analyst
25-1112.00,1.A.2.b.1,Control Precision,LV,0.0,8,0.0,0.0,0.0,N,Y,08/2019,Analyst
25-1112.00,1.A.2.b.2,Multilimb Coordination,IM,1.0,8,0.0,1.0,1.0,N,,08/2019,Analyst
25-1112.00,1.A.2.b.2,Multilimb Coordination,LV,0.0,8,0.0,0.0,0.0,N,Y,08/2019,Analyst
25-1112.00,1.A.2.b.3,Response Orientation,IM,1.0,8,0.0,1.0,1.0,N,,08/2019,Analyst
25-1112.00,1.A.2.b.3,Response Orientation,LV,0.0,8,0.0,0.0,0.0,N,Y,08/2019,Analyst
25-1112.00,1.A.2.b.4,Rate Control,IM,1.0,8,0.0,1.0,1.0,N,,08/2019,Analyst
25-1112.00,1.A.2.b.4,Rate Control,LV,0.0,8,0.0,0.0,0.0,N,Y,08/2019,Analyst
25-1112.00,1.A.2.c.1,Reaction Time,IM,1.0,8,0.0,1.0,1.0,N,,08/2019,Analyst
25-1112.00,1.A.2.c.1,Reaction Time,LV,0.0,8,0.0,0.0,0.0,N,Y,08/2019,Analyst
25-1112.00,1.A.2.c.2,Wrist-Finger Speed,IM,1.5,8,0.189,1.1296,1.8704,N,,08/2019,Analyst
25-1112.00,1.A.2.c.2,Wrist-Finger Speed,LV,0.62,8,0.2631,0.1094,1.1406,N,N,08/2019,Analyst
25-1112.00,1.A.2.c.3,Speed of Limb Movement,IM,1.0,8,0.0,1.0,1.0,N,,08/2019,Analyst
25-1112.00,1.A.2.c.3,Speed of Limb Movement,LV,0.0,8,0.0,0.0,0.0,N,Y,08/2019,Analyst
25-1112.00,1.A.3.a.1,Static Strength,IM,1.0,8,0.0,1.0,1.0,N,,08/2019,Analyst
25-1112.00,1.A.3.a.1,Static Strength,LV,0.0,8,0.0,0.0,0.0,N,Y,08/2019,Analyst
25-1112.00,1.A.3.a.2,Explosive Strength,IM,1.0,8,0.0,1.0,1.0,N,,08/2019,Analyst
25-1112.00,1.A.3.a.2,Explosive Strength,LV,0.0,8,0.0,0.0,0.0,N,Y,08/2019,Analyst
25-1112.00,1.A.3.a.3,Dynamic Strength,IM,1.0,8,0.0,1.0,1.0,N,,08/2019,Analyst
25-1112.00,1.A.3.a.3,Dynamic Strength,LV,0.0,8,0.0,0.0,0.0,N,Y,08/2019,Analyst
25-1112.00,1.A.3.a.4,Trunk Strength,IM,1.88,8,0.125,1.63,2.12,N,,08/2019,Analyst
25-1112.00,1.A.3.a.4,Trunk Strength,LV,1.38,8,0.2631,0.8594,1.8906,N,N,08/2019,Analyst
25-1112.00,1.A.3.b.1,Stamina,IM,1.0,8,0.0,1.0,1.0,N,,08/2019,Analyst
25-1112.00,1.A.3.b.1,Stamina,LV,0.0,8,0.0,0.0,0.0,N,Y,08/2019,Analyst
25-1112.00,1.A.3.c.1,Extent Flexibility,IM,1.0,8,0.0,1.0,1.0,N,,08/2019,Analyst
25-1112.00,1.A.3.c.1,Extent Flexibility,LV,0.0,8,0.0,0.0,0.0,N,Y,08/2019,Analyst
25-1112.00,1.A.3.c.2,Dynamic Flexibility,IM,1.0,8,0.0,1.0,1.0,N,,08/2019,Analyst
25-1112.00,1.A.3.c.2,Dynamic Flexibility,LV,0.0,8,0.0,0.0,0.0,N,Y,08/2019,Analyst
25-1112.00,1.A.3.c.3,Gross Body Coordination,IM,1.0,8,0.0,1.0,1.0,N,,08/2019,Analyst
25-1112.00,1.A.3.c.3,Gross Body Coordination,LV,0.0,8,0.0,0.0,0.0,N,Y,08/2019,Analyst
25-1112.00,1.A.3.c.4,Gross Body Equilibrium,IM,1.0,8,0.0,1.0,1.0,N,,08/2019,Analyst
25-1112.00,1.A.3.c.4,Gross Body Equilibrium,LV,0.0,8,0.0,0.0,0.0,N,Y,08/2019,Analyst
25-1112.00,1.A.4.a.1,Near Vision,IM,3.75,8,0.1637,3.4292,4.0708,N,,08/2019,Analyst
25-1112.00,1.A.4.a.1,Near Vision,LV,4.38,8,0.183,4.0164,4.7336,N,N,08/2019,Analyst
25-1112.00,1.A.4.a.2,Far Vision,IM,2.5,8,0.189,2.1296,2.8704,N,,08/2019,Analyst
25-1112.00,1.A.4.a.2,Far Vision,LV,2.38,8,0.183,2.0164,2.7336,N,N,08/2019,Analyst
25-1112.00,1.A.4.a.3,Visual Color Discrimination,IM,1.75,8,0.1637,1.4292,2.0708,N,,08/2019,Analyst
25-1112.00,1.A.4.a.3,Visual Color Discrimination,LV,0.75,8,0.1637,0.4292,1.0708,N,N,08/2019,Analyst
25-1112.00,1.A.4.a.4,Night Vision,IM,1.0,8,0.0,1.0,1.0,N,,08/2019,Analyst
25-1112.00,1.A.4.a.4,Night Vision,LV,0.0,8,0.0,0.0,0.0,N,Y,08/2019,Analyst
25-1112.00,1.A.4.a.5,Peripheral Vision,IM,1.0,8,0.0,1.0,1.0,N,,08/2019,Analyst
25-1112.00,1.A.4.a.5,Peripheral Vision,LV,0.0,8,0.0,0.0,0.0,N,Y,08/2019,Analyst
25-1112.00,1.A.4.a.6,Depth Perception,IM,1.0,8,0.0,1.0,1.0,N,,08/2019,Analyst
25-1112.00,1.A.4.a.6,Depth Perception,LV,0.0,8,0.0,0.0,0.0,N,Y,08/2019,Analyst
25-1112.00,1.A.4.a.7,Glare Sensitivity,IM,1.0,8,0.0,1.0,1.0,N,,08/2019,Analyst
25-1112.00,1.A.4.a.7,Glare Sensitivity,LV,0.0,8,0.0,0.0,0.0,N,Y,08/2019,Analyst
25-1112.00,1.A.4.b.1,Hearing Sensitivity,IM,1.75,8,0.1637,1.4292,2.0708,N,,08/2019,Analyst
25-1112.00,1.A.4.b.1,Hearing Sensitivity,LV,0.75,8,0.1637,0.4292,1.0708,N,N,08/2019,Analyst
25-1112.00,1.A.4.b.2,Auditory Attention,IM,1.88,8,0.125,1.63,2.12,N,,08/2019,Analyst
25-1112.00,1.A.4.b.2,Auditory Attention,LV,1.25,8,0.25,0.76,1.74,N,N,08/2019,Analyst
25-1112.00,1.A.4.b.3,Sound Localization,IM,1.0,8,0.0,1.0,1.0,N,,08/2019,Analyst
25-1112.00,1.A.4.b.3,Sound Localization,LV,0.0,8,0.0,0.0,0.0,N,Y,08/2019,Analyst
25-1112.00,1.A.4.b.4,Speech Recognition,IM,3.5,8,0.189,3.1296,3.8704,N,,08/2019,Analyst
25-1112.00,1.A.4.b.4,Speech Recognition,LV,3.88,8,0.125,3.63,4.12,N,N,08/2019,Analyst
25-1112.00,1.A.4.b.5,Speech Clarity,IM,4.12,8,0.125,3.88,4.37,N,,08/2019,Analyst
25-1112.00,1.A.4.b.5,Speech Clarity,LV,5.38,8,0.183,5.0164,5.7336,N,N,08/2019,Analyst
25-1113.00,1.A.1.a.1,Oral Comprehension,IM,4.0,8,0.0,4.0,4.0,N,,08/2021,Analyst
25-1113.00,1.A.1.a.1,Oral Comprehension,LV,4.88,8,0.125,4.63,5.12,N,N,08/2021,Analyst
25-1113.00,1.A.1.a.2,Written Comprehension,IM,4.0,8,0.0,4.0,4.0,N,,08/2021,Analyst
25-1113.00,1.A.1.a.2,Written Comprehension,LV,4.88,8,0.125,4.63,5.12,N,N,08/2021,Analyst
25-1113.00,1.A.1.a.3,Oral Expression,IM,4.75,8,0.1637,4.4292,5.0,N,,08/2021,Analyst
25-1113.00,1.A.1.a.3,Oral Expression,LV,5.0,8,0.0,5.0,5.0,N,N,08/2021,Analyst
25-1113.00,1.A.1.a.4,Written Expression,IM,4.0,8,0.0,4.0,4.0,N,,08/2021,Analyst
25-1113.00,1.A.1.a.4,Written Expression,LV,5.0,8,0.0,5.0,5.0,N,N,08/2021,Analyst
25-1113.00,1.A.1.b.1,Fluency of Ideas,IM,3.38,8,0.183,3.0164,3.7336,N,,08/2021,Analyst
25-1113.00,1.A.1.b.1,Fluency of Ideas,LV,3.62,8,0.183,3.2664,3.9836,N,N,08/2021,Analyst
25-1113.00,1.A.1.b.2,Originality,IM,3.12,8,0.125,2.88,3.37,N,,08/2021,Analyst
25-1113.00,1.A.1.b.2,Originality,LV,3.62,8,0.183,3.2664,3.9836,N,N,08/2021,Analyst
25-1113.00,1.A.1.b.3,Problem Sensitivity,IM,3.5,8,0.189,3.1296,3.8704,N,,08/2021,Analyst
25-1113.00,1.A.1.b.3,Problem Sensitivity,LV,3.75,8,0.1637,3.4292,4.0708,N,N,08/2021,Analyst
25-1113.00,1.A.1.b.4,Deductive Reasoning,IM,4.0,8,0.0,4.0,4.0,N,,08/2021,Analyst
25-1113.00,1.A.1.b.4,Deductive Reasoning,LV,4.25,8,0.1637,3.9292,4.5708,N,N,08/2021,Analyst
25-1113.00,1.A.1.b.5,Inductive Reasoning,IM,4.0,8,0.0,4.0,4.0,N,,08/2021,Analyst
25-1113.00,1.A.1.b.5,Inductive Reasoning,LV,4.0,8,0.0,4.0,4.0,N,N,08/2021,Analyst
25-1113.00,1.A.1.b.6,Information Ordering,IM,3.25,8,0.1637,2.9292,3.5708,N,,08/2021,Analyst
25-1113.00,1.A.1.b.6,Information Ordering,LV,3.88,8,0.2266,3.4309,4.3191,N,N,08/2021,Analyst
25-1113.00,1.A.1.b.7,Category Flexibility,IM,3.25,8,0.1637,2.9292,3.5708,N,,08/2021,Analyst
25-1113.00,1.A.1.b.7,Category Flexibility,LV,3.25,8,0.1637,2.9292,3.5708,N,N,08/2021,Analyst
25-1113.00,1.A.1.c.1,Mathematical Reasoning,IM,2.38,8,0.183,2.0164,2.7336,N,,08/2021,Analyst
25-1113.00,1.A.1.c.1,Mathematical Reasoning,LV,2.38,8,0.183,2.0164,2.7336,N,N,08/2021,Analyst
25-1113.00,1.A.1.c.2,Number Facility,IM,2.0,8,0.0,2.0,2.0,N,,08/2021,Analyst
25-1113.00,1.A.1.c.2,Number Facility,LV,2.0,8,0.0,2.0,2.0,N,N,08/2021,Analyst
25-1113.00,1.A.1.d.1,Memorization,IM,2.75,8,0.1637,2.4292,3.0708,N,,08/2021,Analyst
25-1113.00,1.A.1.d.1,Memorization,LV,2.88,8,0.125,2.63,3.12,N,N,08/2021,Analyst
25-1113.00,1.A.1.e.1,Speed of Closure,IM,2.12,8,0.125,1.88,2.37,N,,08/2021,Analyst
25-1113.00,1.A.1.e.1,Speed of Closure,LV,2.12,8,0.125,1.88,2.37,N,N,08/2021,Analyst
25-1113.00,1.A.1.e.2,Flexibility of Closure,IM,2.38,8,0.183,2.0164,2.7336,N,,08/2021,Analyst
25-1113.00,1.A.1.e.2,Flexibility of Closure,LV,2.38,8,0.183,2.0164,2.7336,N,N,08/2021,Analyst
25-1113.00,1.A.1.e.3,Perceptual Speed,IM,2.0,8,0.0,2.0,2.0,N,,08/2021,Analyst
25-1113.00,1.A.1.e.3,Perceptual Speed,LV,2.0,8,0.0,2.0,2.0,N,N,08/2021,Analyst
25-1113.00,1.A.1.f.1,Spatial Orientation,IM,1.0,8,0.0,1.0,1.0,N,,08/2021,Analyst
25-1113.00,1.A.1.f.1,Spatial Orientation,LV,0.0,8,0.0,0.0,0.0,N,Y,08/2021,Analyst
25-1113.00,1.A.1.f.2,Visualization,IM,2.0,8,0.0,2.0,2.0,N,,08/2021,Analyst
25-1113.00,1.A.1.f.2,Visualization,LV,2.0,8,0.0,2.0,2.0,N,N,08/2021,Analyst
25-1113.00,1.A.1.g.1,Selective Attention,IM,2.62,8,0.2631,2.1094,3.1406,N,,08/2021,Analyst
25-1113.00,1.A.1.g.1,Selective Attention,LV,2.5,8,0.378,1.7592,3.2408,N,N,08/2021,Analyst
25-1113.00,1.A.1.g.2,Time Sharing,IM,2.25,8,0.1637,1.9292,2.5708,N,,08/2021,Analyst
25-1113.00,1.A.1.g.2,Time Sharing,LV,2.25,8,0.1637,1.9292,2.5708,N,N,08/2021,Analyst
25-1113.00,1.A.2.a.1,Arm-Hand Steadiness,IM,1.0,8,0.0,1.0,1.0,N,,08/2021,Analyst
25-1113.00,1.A.2.a.1,Arm-Hand Steadiness,LV,0.0,8,0.0,0.0,0.0,N,Y,08/2021,Analyst
25-1113.00,1.A.2.a.2,Manual Dexterity,IM,1.0,8,0.0,1.0,1.0,N,,08/2021,Analyst
25-1113.00,1.A.2.a.2,Manual Dexterity,LV,0.0,8,0.0,0.0,0.0,N,Y,08/2021,Analyst
25-1113.00,1.A.2.a.3,Finger Dexterity,IM,1.75,8,0.1637,1.4292,2.0708,N,,08/2021,Analyst
25-1113.00,1.A.2.a.3,Finger Dexterity,LV,0.88,8,0.2266,0.4309,1.3191,N,N,08/2021,Analyst
25-1113.00,1.A.2.b.1,Control Precision,IM,1.0,8,0.0,1.0,1.0,N,,08/2021,Analyst
25-1113.00,1.A.2.b.1,Control Precision,LV,0.0,8,0.0,0.0,0.0,N,Y,08/2021,Analyst
25-1113.00,1.A.2.b.2,Multilimb Coordination,IM,1.0,8,0.0,1.0,1.0,N,,08/2021,Analyst
25-1113.00,1.A.2.b.2,Multilimb Coordination,LV,0.0,8,0.0,0.0,0.0,N,Y,08/2021,Analyst
25-1113.00,1.A.2.b.3,Response Orientation,IM,1.0,8,0.0,1.0,1.0,N,,08/2021,Analyst
25-1113.00,1.A.2.b.3,Response Orientation,LV,0.0,8,0.0,0.0,0.0,N,Y,08/2021,Analyst
25-1113.00,1.A.2.b.4,Rate Control,IM,1.0,8,0.0,1.0,1.0,N,,08/2021,Analyst
25-1113.00,1.A.2.b.4,Rate Control,LV,0.0,8,0.0,0.0,0.0,N,Y,08/2021,Analyst
25-1113.00,1.A.2.c.1,Reaction Time,IM,1.0,8,0.0,1.0,1.0,N,,08/2021,Analyst
25-1113.00,1.A.2.c.1,Reaction Time,LV,0.0,8,0.0,0.0,0.0,N,Y,08/2021,Analyst
25-1113.00,1.A.2.c.2,Wrist-Finger Speed,IM,1.5,8,0.189,1.1296,1.8704,N,,08/2021,Analyst
25-1113.00,1.A.2.c.2,Wrist-Finger Speed,LV,0.62,8,0.2631,0.1094,1.1406,N,N,08/2021,Analyst
25-1113.00,1.A.2.c.3,Speed of Limb Movement,IM,1.0,8,0.0,1.0,1.0,N,,08/2021,Analyst
25-1113.00,1.A.2.c.3,Speed of Limb Movement,LV,0.0,8,0.0,0.0,0.0,N,Y,08/2021,Analyst
25-1113.00,1.A.3.a.1,Static Strength,IM,1.0,8,0.0,1.0,1.0,N,,08/2021,Analyst
25-1113.00,1.A.3.a.1,Static Strength,LV,0.0,8,0.0,0.0,0.0,N,Y,08/2021,Analyst
25-1113.00,1.A.3.a.2,Explosive Strength,IM,1.0,8,0.0,1.0,1.0,N,,08/2021,Analyst
25-1113.00,1.A.3.a.2,Explosive Strength,LV,0.0,8,0.0,0.0,0.0,N,Y,08/2021,Analyst
25-1113.00,1.A.3.a.3,Dynamic Strength,IM,1.0,8,0.0,1.0,1.0,N,,08/2021,Analyst
25-1113.00,1.A.3.a.3,Dynamic Strength,LV,0.0,8,0.0,0.0,0.0,N,Y,08/2021,Analyst
25-1113.00,1.A.3.a.4,Trunk Strength,IM,1.75,8,0.1637,1.4292,2.0708,N,,08/2021,Analyst
25-1113.00,1.A.3.a.4,Trunk Strength,LV,1.12,8,0.295,0.5467,1.7033,N,N,08/2021,Analyst
25-1113.00,1.A.3.b.1,Stamina,IM,1.0,8,0.0,1.0,1.0,N,,08/2021,Analyst
25-1113.00,1.A.3.b.1,Stamina,LV,0.0,8,0.0,0.0,0.0,N,Y,08/2021,Analyst
25-1113.00,1.A.3.c.1,Extent Flexibility,IM,1.0,8,0.0,1.0,1.0,N,,08/2021,Analyst
25-1113.00,1.A.3.c.1,Extent Flexibility,LV,0.0,8,0.0,0.0,0.0,N,Y,08/2021,Analyst
25-1113.00,1.A.3.c.2,Dynamic Flexibility,IM,1.0,8,0.0,1.0,1.0,N,,08/2021,Analyst
25-1113.00,1.A.3.c.2,Dynamic Flexibility,LV,0.0,8,0.0,0.0,0.0,N,Y,08/2021,Analyst
25-1113.00,1.A.3.c.3,Gross Body Coordination,IM,1.0,8,0.0,1.0,1.0,N,,08/2021,Analyst
25-1113.00,1.A.3.c.3,Gross Body Coordination,LV,0.0,8,0.0,0.0,0.0,N,Y,08/2021,Analyst
25-1113.00,1.A.3.c.4,Gross Body Equilibrium,IM,1.0,8,0.0,1.0,1.0,N,,08/2021,Analyst
25-1113.00,1.A.3.c.4,Gross Body Equilibrium,LV,0.0,8,0.0,0.0,0.0,N,Y,08/2021,Analyst
25-1113.00,1.A.4.a.1,Near Vision,IM,3.62,8,0.183,3.2664,3.9836,N,,08/2021,Analyst
25-1113.00,1.A.4.a.1,Near Vision,LV,3.62,8,0.183,3.2664,3.9836,N,N,08/2021,Analyst
25-1113.00,1.A.4.a.2,Far Vision,IM,2.88,8,0.125,2.63,3.12,N,,08/2021,Analyst
25-1113.00,1.A.4.a.2,Far Vision,LV,3.0,8,0.189,2.6296,3.3704,N,N,08/2021,Analyst
25-1113.00,1.A.4.a.3,Visual Color Discrimination,IM,1.75,8,0.1637,1.4292,2.0708,N,,08/2021,Analyst
25-1113.00,1.A.4.a.3,Visual Color Discrimination,LV,1.0,8,0.2673,0.4762,1.5238,N,N,08/2021,Analyst
25-1113.00,1.A.4.a.4,Night Vision,IM,1.0,8,0.0,1.0,1.0,N,,08/2021,Analyst
25-1113.00,1.A.4.a.4,Night Vision,LV,0.0,8,0.0,0.0,0.0,N,Y,08/2021,Analyst
25-1113.00,1.A.4.a.5,Peripheral Vision,IM,1.0,8,0.0,1.0,1.0,N,,08/2021,Analyst
25-1113.00,1.A.4.a.5,Peripheral Vision,LV,0.0,8,0.0,0.0,0.0,N,Y,08/2021,Analyst
25-1113.00,1.A.4.a.6,Depth Perception,IM,1.5,8,0.189,1.1296,1.8704,N,,08/2021,Analyst
25-1113.00,1.A.4.a.6,Depth Perception,LV,0.5,8,0.189,0.1296,0.8704,N,N,08/2021,Analyst
25-1113.00,1.A.4.a.7,Glare Sensitivity,IM,1.0,8,0.0,1.0,1.0,N,,08/2021,Analyst
25-1113.00,1.A.4.a.7,Glare Sensitivity,LV,0.0,8,0.0,0.0,0.0,N,Y,08/2021,Analyst
25-1113.00,1.A.4.b.1,Hearing Sensitivity,IM,1.62,8,0.183,1.2664,1.9836,N,,08/2021,Analyst
25-1113.00,1.A.4.b.1,Hearing Sensitivity,LV,0.88,8,0.295,0.2967,1.4533,N,N,08/2021,Analyst
25-1113.00,1.A.4.b.2,Auditory Attention,IM,1.88,8,0.125,1.63,2.12,N,,08/2021,Analyst
25-1113.00,1.A.4.b.2,Auditory Attention,LV,1.5,8,0.2673,0.9762,2.0238,N,N,08/2021,Analyst
25-1113.00,1.A.4.b.3,Sound Localization,IM,1.0,8,0.0,1.0,1.0,N,,08/2021,Analyst
25-1113.00,1.A.4.b.3,Sound Localization,LV,0.0,8,0.0,0.0,0.0,N,Y,08/2021,Analyst
25-1113.00,1.A.4.b.4,Speech Recognition,IM,3.75,8,0.1637,3.4292,4.0708,N,,08/2021,Analyst
25-1113.00,1.A.4.b.4,Speech Recognition,LV,4.0,8,0.189,3.6296,4.3704,N,N,08/2021,Analyst
25-1113.00,1.A.4.b.5,Speech Clarity,IM,4.25,8,0.1637,3.9292,4.5708,N,,08/2021,Analyst
25-1113.00,1.A.4.b.5,Speech Clarity,LV,5.12,8,0.125,4.88,5.37,N,N,08/2021,Analyst
25-1121.00,1.A.1.a.1,Oral Comprehension,IM,4.0,8,0.0,4.0,4.0,N,,08/2019,Analyst
25-1121.00,1.A.1.a.1,Oral Comprehension,LV,5.0,8,0.0,5.0,5.0,N,N,08/2019,Analyst
25-1121.00,1.A.1.a.2,Written Comprehension,IM,4.12,8,0.125,3.88,4.37,N,,08/2019,Analyst
25-1121.00,1.A.1.a.2,Written Comprehension,LV,5.0,8,0.0,5.0,5.0,N,N,08/2019,Analyst
25-1121.00,1.A.1.a.3,Oral Expression,IM,4.25,8,0.1637,3.9292,4.5708,N,,08/2019,Analyst
25-1121.00,1.A.1.a.3,Oral Expression,LV,5.0,8,0.0,5.0,5.0,N,N,08/2019,Analyst
25-1121.00,1.A.1.a.4,Written Expression,IM,4.12,8,0.125,3.88,4.37,N,,08/2019,Analyst
25-1121.00,1.A.1.a.4,Written Expression,LV,4.75,8,0.1637,4.4292,5.0708,N,N,08/2019,Analyst
25-1121.00,1.A.1.b.1,Fluency of Ideas,IM,3.5,8,0.189,3.1296,3.8704,N,,08/2019,Analyst
25-1121.00,1.A.1.b.1,Fluency of Ideas,LV,4.0,8,0.189,3.6296,4.3704,N,N,08/2019,Analyst
25-1121.00,1.A.1.b.2,Originality,IM,3.75,8,0.1637,3.4292,4.0708,N,,08/2019,Analyst
25-1121.00,1.A.1.b.2,Originality,LV,4.0,8,0.0,4.0,4.0,N,N,08/2019,Analyst
25-1121.00,1.A.1.b.3,Problem Sensitivity,IM,3.38,8,0.183,3.0164,3.7336,N,,08/2019,Analyst
25-1121.00,1.A.1.b.3,Problem Sensitivity,LV,3.12,8,0.125,2.88,3.37,N,N,08/2019,Analyst
25-1121.00,1.A.1.b.4,Deductive Reasoning,IM,3.5,8,0.189,3.1296,3.8704,N,,08/2019,Analyst
25-1121.00,1.A.1.b.4,Deductive Reasoning,LV,3.88,8,0.2266,3.4309,4.3191,N,N,08/2019,Analyst
25-1121.00,1.A.1.b.5,Inductive Reasoning,IM,3.62,8,0.183,3.2664,3.9836,N,,08/2019,Analyst
25-1121.00,1.A.1.b.5,Inductive Reasoning,LV,3.75,8,0.1637,3.4292,4.0708,N,N,08/2019,Analyst
25-1121.00,1.A.1.b.6,Information Ordering,IM,3.12,8,0.125,2.88,3.37,N,,08/2019,Analyst
25-1121.00,1.A.1.b.6,Information Ordering,LV,3.62,8,0.183,3.2664,3.9836,N,N,08/2019,Analyst
25-1121.00,1.A.1.b.7,Category Flexibility,IM,3.12,8,0.125,2.88,3.37,N,,08/2019,Analyst
25-1121.00,1.A.1.b.7,Category Flexibility,LV,3.75,8,0.25,3.26,4.24,N,N,08/2019,Analyst
25-1121.00,1.A.1.c.1,Mathematical Reasoning,IM,2.0,8,0.0,2.0,2.0,N,,08/2019,Analyst
25-1121.00,1.A.1.c.1,Mathematical Reasoning,LV,2.0,8,0.0,2.0,2.0,N,N,08/2019,Analyst
25-1121.00,1.A.1.c.2,Number Facility,IM,2.12,8,0.125,1.88,2.37,N,,08/2019,Analyst
25-1121.00,1.A.1.c.2,Number Facility,LV,1.88,8,0.2266,1.4309,2.3191,N,N,08/2019,Analyst
25-1121.00,1.A.1.d.1,Memorization,IM,2.5,8,0.189,2.1296,2.8704,N,,08/2019,Analyst
25-1121.00,1.A.1.d.1,Memorization,LV,3.0,8,0.0,3.0,3.0,N,N,08/2019,Analyst
25-1121.00,1.A.1.e.1,Speed of Closure,IM,2.12,8,0.125,1.88,2.37,N,,08/2019,Analyst
25-1121.00,1.A.1.e.1,Speed of Closure,LV,2.12,8,0.125,1.88,2.37,N,N,08/2019,Analyst
25-1121.00,1.A.1.e.2,Flexibility of Closure,IM,2.75,8,0.1637,2.4292,3.0708,N,,08/2019,Analyst
25-1121.00,1.A.1.e.2,Flexibility of Closure,LV,2.38,8,0.183,2.0164,2.7336,N,N,08/2019,Analyst
25-1121.00,1.A.1.e.3,Perceptual Speed,IM,2.12,8,0.125,1.88,2.37,N,,08/2019,Analyst
25-1121.00,1.A.1.e.3,Perceptual Speed,LV,2.12,8,0.125,1.88,2.37,N,N,08/2019,Analyst
25-1121.00,1.A.1.f.1,Spatial Orientation,IM,1.25,8,0.1637,1.0,1.5708,N,,08/2019,Analyst
25-1121.00,1.A.1.f.1,Spatial Orientation,LV,0.25,8,0.1637,0.0,0.5708,N,Y,08/2019,Analyst
25-1121.00,1.A.1.f.2,Visualization,IM,3.0,8,0.189,2.6296,3.3704,N,,08/2019,Analyst
25-1121.00,1.A.1.f.2,Visualization,LV,3.0,8,0.189,2.6296,3.3704,N,N,08/2019,Analyst
25-1121.00,1.A.1.g.1,Selective Attention,IM,2.88,8,0.125,2.63,3.12,N,,08/2019,Analyst
25-1121.00,1.A.1.g.1,Selective Attention,LV,2.75,8,0.1637,2.4292,3.0708,N,N,08/2019,Analyst
25-1121.00,1.A.1.g.2,Time Sharing,IM,2.5,8,0.189,2.1296,2.8704,N,,08/2019,Analyst
25-1121.00,1.A.1.g.2,Time Sharing,LV,2.38,8,0.183,2.0164,2.7336,N,N,08/2019,Analyst
25-1121.00,1.A.2.a.1,Arm-Hand Steadiness,IM,2.12,8,0.125,1.88,2.37,N,,08/2019,Analyst
25-1121.00,1.A.2.a.1,Arm-Hand Steadiness,LV,2.12,8,0.125,1.88,2.37,N,N,08/2019,Analyst
25-1121.00,1.A.2.a.2,Manual Dexterity,IM,2.12,8,0.125,1.88,2.37,N,,08/2019,Analyst
25-1121.00,1.A.2.a.2,Manual Dexterity,LV,2.12,8,0.125,1.88,2.37,N,N,08/2019,Analyst
25-1121.00,1.A.2.a.3,Finger Dexterity,IM,2.12,8,0.125,1.88,2.37,N,,08/2019,Analyst
25-1121.00,1.A.2.a.3,Finger Dexterity,LV,2.12,8,0.125,1.88,2.37,N,N,08/2019,Analyst
25-1121.00,1.A.2.b.1,Control Precision,IM,2.0,8,0.0,2.0,2.0,N,,08/2019,Analyst
25-1121.00,1.A.2.b.1,Control Precision,LV,1.88,8,0.125,1.63,2.12,N,N,08/2019,Analyst
25-1121.00,1.A.2.b.2,Multilimb Coordination,IM,2.0,8,0.189,1.6296,2.3704,N,,08/2019,Analyst
25-1121.00,1.A.2.b.2,Multilimb Coordination,LV,1.0,8,0.189,0.6296,1.3704,N,N,08/2019,Analyst
25-1121.00,1.A.2.b.3,Response Orientation,IM,1.25,8,0.1637,1.0,1.5708,N,,08/2019,Analyst
25-1121.00,1.A.2.b.3,Response Orientation,LV,0.25,8,0.1637,0.0,0.5708,N,Y,08/2019,Analyst
25-1121.00,1.A.2.b.4,Rate Control,IM,1.25,8,0.1637,1.0,1.5708,N,,08/2019,Analyst
25-1121.00,1.A.2.b.4,Rate Control,LV,0.25,8,0.1637,0.0,0.5708,N,Y,08/2019,Analyst
25-1121.00,1.A.2.c.1,Reaction Time,IM,1.38,8,0.183,1.0164,1.7336,N,,08/2019,Analyst
25-1121.00,1.A.2.c.1,Reaction Time,LV,0.5,8,0.2673,0.0,1.0238,N,N,08/2019,Analyst
25-1121.00,1.A.2.c.2,Wrist-Finger Speed,IM,1.5,8,0.189,1.1296,1.8704,N,,08/2019,Analyst
25-1121.00,1.A.2.c.2,Wrist-Finger Speed,LV,0.62,8,0.2631,0.1094,1.1406,N,N,08/2019,Analyst
25-1121.00,1.A.2.c.3,Speed of Limb Movement,IM,1.12,8,0.125,1.0,1.37,N,,08/2019,Analyst
25-1121.00,1.A.2.c.3,Speed of Limb Movement,LV,0.12,8,0.125,0.0,0.37,N,Y,08/2019,Analyst
25-1121.00,1.A.3.a.1,Static Strength,IM,1.62,8,0.183,1.2664,1.9836,N,,08/2019,Analyst
25-1121.00,1.A.3.a.1,Static Strength,LV,0.75,8,0.25,0.26,1.24,N,N,08/2019,Analyst
25-1121.00,1.A.3.a.2,Explosive Strength,IM,1.25,8,0.1637,1.0,1.5708,N,,08/2019,Analyst
25-1121.00,1.A.3.a.2,Explosive Strength,LV,0.25,8,0.1637,0.0,0.5708,N,Y,08/2019,Analyst
25-1121.00,1.A.3.a.3,Dynamic Strength,IM,1.38,8,0.183,1.0164,1.7336,N,,08/2019,Analyst
25-1121.00,1.A.3.a.3,Dynamic Strength,LV,0.5,8,0.2673,0.0,1.0238,N,N,08/2019,Analyst
25-1121.00,1.A.3.a.4,Trunk Strength,IM,2.0,8,0.189,1.6296,2.3704,N,,08/2019,Analyst
25-1121.00,1.A.3.a.4,Trunk Strength,LV,1.75,8,0.3134,1.1358,2.3642,N,N,08/2019,Analyst
25-1121.00,1.A.3.b.1,Stamina,IM,1.25,8,0.1637,1.0,1.5708,N,,08/2019,Analyst
25-1121.00,1.A.3.b.1,Stamina,LV,0.25,8,0.1637,0.0,0.5708,N,Y,08/2019,Analyst
25-1121.00,1.A.3.c.1,Extent Flexibility,IM,1.38,8,0.183,1.0164,1.7336,N,,08/2019,Analyst
25-1121.00,1.A.3.c.1,Extent Flexibility,LV,0.38,8,0.183,0.0164,0.7336,N,N,08/2019,Analyst
25-1121.00,1.A.3.c.2,Dynamic Flexibility,IM,1.12,8,0.125,1.0,1.37,N,,08/2019,Analyst
25-1121.00,1.A.3.c.2,Dynamic Flexibility,LV,0.12,8,0.125,0.0,0.37,N,Y,08/2019,Analyst
25-1121.00,1.A.3.c.3,Gross Body Coordination,IM,1.25,8,0.1637,1.0,1.5708,N,,08/2019,Analyst
25-1121.00,1.A.3.c.3,Gross Body Coordination,LV,0.25,8,0.1637,0.0,0.5708,N,Y,08/2019,Analyst
25-1121.00,1.A.3.c.4,Gross Body Equilibrium,IM,1.12,8,0.125,1.0,1.37,N,,08/2019,Analyst
25-1121.00,1.A.3.c.4,Gross Body Equilibrium,LV,0.12,8,0.125,0.0,0.37,N,Y,08/2019,Analyst
25-1121.00,1.A.4.a.1,Near Vision,IM,3.75,8,0.1637,3.4292,4.0708,N,,08/2019,Analyst
25-1121.00,1.A.4.a.1,Near Vision,LV,4.0,8,0.189,3.6296,4.3704,N,N,08/2019,Analyst
25-1121.00,1.A.4.a.2,Far Vision,IM,3.12,8,0.2266,2.6809,3.5691,N,,08/2019,Analyst
25-1121.00,1.A.4.a.2,Far Vision,LV,3.25,8,0.1637,2.9292,3.5708,N,N,08/2019,Analyst
25-1121.00,1.A.4.a.3,Visual Color Discrimination,IM,3.0,8,0.189,2.6296,3.3704,N,,08/2019,Analyst
25-1121.00,1.A.4.a.3,Visual Color Discrimination,LV,3.0,8,0.189,2.6296,3.3704,N,N,08/2019,Analyst
25-1121.00,1.A.4.a.4,Night Vision,IM,1.0,8,0.0,1.0,1.0,N,,08/2019,Analyst
25-1121.00,1.A.4.a.4,Night Vision,LV,0.0,8,0.0,0.0,0.0,N,Y,08/2019,Analyst
25-1121.00,1.A.4.a.5,Peripheral Vision,IM,1.0,8,0.0,1.0,1.0,N,,08/2019,Analyst
25-1121.00,1.A.4.a.5,Peripheral Vision,LV,0.0,8,0.0,0.0,0.0,N,Y,08/2019,Analyst
25-1121.00,1.A.4.a.6,Depth Perception,IM,1.75,8,0.1637,1.4292,2.0708,N,,08/2019,Analyst
25-1121.00,1.A.4.a.6,Depth Perception,LV,0.75,8,0.1637,0.4292,1.0708,N,N,08/2019,Analyst
25-1121.00,1.A.4.a.7,Glare Sensitivity,IM,1.0,8,0.0,1.0,1.0,N,,08/2019,Analyst
25-1121.00,1.A.4.a.7,Glare Sensitivity,LV,0.0,8,0.0,0.0,0.0,N,Y,08/2019,Analyst
25-1121.00,1.A.4.b.1,Hearing Sensitivity,IM,1.88,8,0.125,1.63,2.12,N,,08/2019,Analyst
25-1121.00,1.A.4.b.1,Hearing Sensitivity,LV,1.88,8,0.295,1.2967,2.4533,N,N,08/2019,Analyst
25-1121.00,1.A.4.b.2,Auditory Attention,IM,2.0,8,0.0,2.0,2.0,N,,08/2019,Analyst
25-1121.00,1.A.4.b.2,Auditory Attention,LV,2.0,8,0.0,2.0,2.0,N,N,08/2019,Analyst
25-1121.00,1.A.4.b.3,Sound Localization,IM,1.0,8,0.0,1.0,1.0,N,,08/2019,Analyst
25-1121.00,1.A.4.b.3,Sound Localization,LV,0.0,8,0.0,0.0,0.0,N,Y,08/2019,Analyst
25-1121.00,1.A.4.b.4,Speech Recognition,IM,3.75,8,0.1637,3.4292,4.0708,N,,08/2019,Analyst
25-1121.00,1.A.4.b.4,Speech Recognition,LV,3.88,8,0.125,3.63,4.12,N,N,08/2019,Analyst
25-1121.00,1.A.4.b.5,Speech Clarity,IM,4.0,8,0.0,4.0,4.0,N,,08/2019,Analyst
25-1121.00,1.A.4.b.5,Speech Clarity,LV,4.62,8,0.183,4.2664,4.9836,N,N,08/2019,Analyst
25-1122.00,1.A.1.a.1,Oral Comprehension,IM,4.12,8,0.125,3.88,4.37,N,,08/2019,Analyst
25-1122.00,1.A.1.a.1,Oral Comprehension,LV,4.88,8,0.125,4.63,5.12,N,N,08/2019,Analyst
25-1122.00,1.A.1.a.2,Written Comprehension,IM,4.0,8,0.0,4.0,4.0,N,,08/2019,Analyst
25-1122.00,1.A.1.a.2,Written Comprehension,LV,4.75,8,0.1637,4.4292,5.0708,N,N,08/2019,Analyst
25-1122.00,1.A.1.a.3,Oral Expression,IM,4.12,8,0.125,3.88,4.37,N,,08/2019,Analyst
25-1122.00,1.A.1.a.3,Oral Expression,LV,5.0,8,0.0,5.0,5.0,N,N,08/2019,Analyst
25-1122.00,1.A.1.a.4,Written Expression,IM,4.0,8,0.0,4.0,4.0,N,,08/2019,Analyst
25-1122.00,1.A.1.a.4,Written Expression,LV,4.88,8,0.125,4.63,5.12,N,N,08/2019,Analyst
25-1122.00,1.A.1.b.1,Fluency of Ideas,IM,3.0,8,0.0,3.0,3.0,N,,08/2019,Analyst
25-1122.00,1.A.1.b.1,Fluency of Ideas,LV,3.25,8,0.1637,2.9292,3.5708,N,N,08/2019,Analyst
25-1122.00,1.A.1.b.2,Originality,IM,3.0,8,0.0,3.0,3.0,N,,08/2019,Analyst
25-1122.00,1.A.1.b.2,Originality,LV,3.12,8,0.125,2.88,3.37,N,N,08/2019,Analyst
25-1122.00,1.A.1.b.3,Problem Sensitivity,IM,3.12,8,0.125,2.88,3.37,N,,08/2019,Analyst
25-1122.00,1.A.1.b.3,Problem Sensitivity,LV,3.62,8,0.183,3.2664,3.9836,N,N,08/2019,Analyst
25-1122.00,1.A.1.b.4,Deductive Reasoning,IM,3.75,8,0.1637,3.4292,4.0708,N,,08/2019,Analyst
25-1122.00,1.A.1.b.4,Deductive Reasoning,LV,4.0,8,0.189,3.6296,4.3704,N,N,08/2019,Analyst
25-1122.00,1.A.1.b.5,Inductive Reasoning,IM,3.75,8,0.1637,3.4292,4.0708,N,,08/2019,Analyst
25-1122.00,1.A.1.b.5,Inductive Reasoning,LV,3.88,8,0.125,3.63,4.12,N,N,08/2019,Analyst
25-1122.00,1.A.1.b.6,Information Ordering,IM,3.12,8,0.125,2.88,3.37,N,,08/2019,Analyst
25-1122.00,1.A.1.b.6,Information Ordering,LV,3.12,8,0.125,2.88,3.37,N,N,08/2019,Analyst
25-1122.00,1.A.1.b.7,Category Flexibility,IM,2.88,8,0.125,2.63,3.12,N,,08/2019,Analyst
25-1122.00,1.A.1.b.7,Category Flexibility,LV,3.12,8,0.125,2.88,3.37,N,N,08/2019,Analyst
25-1122.00,1.A.1.c.1,Mathematical Reasoning,IM,2.25,8,0.1637,1.9292,2.5708,N,,08/2019,Analyst
25-1122.00,1.A.1.c.1,Mathematical Reasoning,LV,2.25,8,0.1637,1.9292,2.5708,N,N,08/2019,Analyst
25-1122.00,1.A.1.c.2,Number Facility,IM,2.38,8,0.183,2.0164,2.7336,N,,08/2019,Analyst
25-1122.00,1.A.1.c.2,Number Facility,LV,2.25,8,0.1637,1.9292,2.5708,N,N,08/2019,Analyst
25-1122.00,1.A.1.d.1,Memorization,IM,2.88,8,0.125,2.63,3.12,N,,08/2019,Analyst
25-1122.00,1.A.1.d.1,Memorization,LV,2.88,8,0.125,2.63,3.12,N,N,08/2019,Analyst
25-1122.00,1.A.1.e.1,Speed of Closure,IM,2.25,8,0.1637,1.9292,2.5708,N,,08/2019,Analyst
25-1122.00,1.A.1.e.1,Speed of Closure,LV,2.25,8,0.1637,1.9292,2.5708,N,N,08/2019,Analyst
25-1122.00,1.A.1.e.2,Flexibility of Closure,IM,2.75,8,0.1637,2.4292,3.0708,N,,08/2019,Analyst
25-1122.00,1.A.1.e.2,Flexibility of Closure,LV,2.38,8,0.183,2.0164,2.7336,N,N,08/2019,Analyst
25-1122.00,1.A.1.e.3,Perceptual Speed,IM,2.12,8,0.125,1.88,2.37,N,,08/2019,Analyst
25-1122.00,1.A.1.e.3,Perceptual Speed,LV,2.12,8,0.125,1.88,2.37,N,N,08/2019,Analyst
25-1122.00,1.A.1.f.1,Spatial Orientation,IM,1.0,8,0.0,1.0,1.0,N,,08/2019,Analyst
25-1122.00,1.A.1.f.1,Spatial Orientation,LV,0.0,8,0.0,0.0,0.0,N,Y,08/2019,Analyst
25-1122.00,1.A.1.f.2,Visualization,IM,2.0,8,0.0,2.0,2.0,N,,08/2019,Analyst
25-1122.00,1.A.1.f.2,Visualization,LV,2.12,8,0.125,1.88,2.37,N,N,08/2019,Analyst
25-1122.00,1.A.1.g.1,Selective Attention,IM,3.0,8,0.0,3.0,3.0,N,,08/2019,Analyst
25-1122.00,1.A.1.g.1,Selective Attention,LV,2.75,8,0.1637,2.4292,3.0708,N,N,08/2019,Analyst
25-1122.00,1.A.1.g.2,Time Sharing,IM,2.12,8,0.125,1.88,2.37,N,,08/2019,Analyst
25-1122.00,1.A.1.g.2,Time Sharing,LV,2.12,8,0.125,1.88,2.37,N,N,08/2019,Analyst
25-1122.00,1.A.2.a.1,Arm-Hand Steadiness,IM,1.12,8,0.125,1.0,1.37,N,,08/2019,Analyst
25-1122.00,1.A.2.a.1,Arm-Hand Steadiness,LV,0.12,8,0.125,0.0,0.37,N,Y,08/2019,Analyst
25-1122.00,1.A.2.a.2,Manual Dexterity,IM,1.12,8,0.125,1.0,1.37,N,,08/2019,Analyst
25-1122.00,1.A.2.a.2,Manual Dexterity,LV,0.12,8,0.125,0.0,0.37,N,Y,08/2019,Analyst
25-1122.00,1.A.2.a.3,Finger Dexterity,IM,1.5,8,0.189,1.1296,1.8704,N,,08/2019,Analyst
25-1122.00,1.A.2.a.3,Finger Dexterity,LV,0.5,8,0.189,0.1296,0.8704,N,N,08/2019,Analyst
25-1122.00,1.A.2.b.1,Control Precision,IM,1.0,8,0.0,1.0,1.0,N,,08/2019,Analyst
25-1122.00,1.A.2.b.1,Control Precision,LV,0.0,8,0.0,0.0,0.0,N,Y,08/2019,Analyst
25-1122.00,1.A.2.b.2,Multilimb Coordination,IM,1.0,8,0.0,1.0,1.0,N,,08/2019,Analyst
25-1122.00,1.A.2.b.2,Multilimb Coordination,LV,0.0,8,0.0,0.0,0.0,N,Y,08/2019,Analyst
25-1122.00,1.A.2.b.3,Response Orientation,IM,1.0,8,0.0,1.0,1.0,N,,08/2019,Analyst
25-1122.00,1.A.2.b.3,Response Orientation,LV,0.0,8,0.0,0.0,0.0,N,Y,08/2019,Analyst
25-1122.00,1.A.2.b.4,Rate Control,IM,1.0,8,0.0,1.0,1.0,N,,08/2019,Analyst
25-1122.00,1.A.2.b.4,Rate Control,LV,0.0,8,0.0,0.0,0.0,N,Y,08/2019,Analyst
25-1122.00,1.A.2.c.1,Reaction Time,IM,1.0,8,0.0,1.0,1.0,N,,08/2019,Analyst
25-1122.00,1.A.2.c.1,Reaction Time,LV,0.0,8,0.0,0.0,0.0,N,Y,08/2019,Analyst
25-1122.00,1.A.2.c.2,Wrist-Finger Speed,IM,1.12,8,0.125,1.0,1.37,N,,08/2019,Analyst
25-1122.00,1.A.2.c.2,Wrist-Finger Speed,LV,0.25,8,0.25,0.0,0.74,N,Y,08/2019,Analyst
25-1122.00,1.A.2.c.3,Speed of Limb Movement,IM,1.0,8,0.0,1.0,1.0,N,,08/2019,Analyst
25-1122.00,1.A.2.c.3,Speed of Limb Movement,LV,0.0,8,0.0,0.0,0.0,N,Y,08/2019,Analyst
25-1122.00,1.A.3.a.1,Static Strength,IM,1.0,8,0.0,1.0,1.0,N,,08/2019,Analyst
25-1122.00,1.A.3.a.1,Static Strength,LV,0.0,8,0.0,0.0,0.0,N,Y,08/2019,Analyst
25-1122.00,1.A.3.a.2,Explosive Strength,IM,1.0,8,0.0,1.0,1.0,N,,08/2019,Analyst
25-1122.00,1.A.3.a.2,Explosive Strength,LV,0.0,8,0.0,0.0,0.0,N,Y,08/2019,Analyst
25-1122.00,1.A.3.a.3,Dynamic Strength,IM,1.0,8,0.0,1.0,1.0,N,,08/2019,Analyst
25-1122.00,1.A.3.a.3,Dynamic Strength,LV,0.0,8,0.0,0.0,0.0,N,Y,08/2019,Analyst
25-1122.00,1.A.3.a.4,Trunk Strength,IM,2.0,8,0.0,2.0,2.0,N,,08/2019,Analyst
25-1122.00,1.A.3.a.4,Trunk Strength,LV,1.62,8,0.183,1.2664,1.9836,N,N,08/2019,Analyst
25-1122.00,1.A.3.b.1,Stamina,IM,1.0,8,0.0,1.0,1.0,N,,08/2019,Analyst
25-1122.00,1.A.3.b.1,Stamina,LV,0.0,8,0.0,0.0,0.0,N,Y,08/2019,Analyst
25-1122.00,1.A.3.c.1,Extent Flexibility,IM,1.0,8,0.0,1.0,1.0,N,,08/2019,Analyst
25-1122.00,1.A.3.c.1,Extent Flexibility,LV,0.0,8,0.0,0.0,0.0,N,Y,08/2019,Analyst
25-1122.00,1.A.3.c.2,Dynamic Flexibility,IM,1.0,8,0.0,1.0,1.0,N,,08/2019,Analyst
25-1122.00,1.A.3.c.2,Dynamic Flexibility,LV,0.0,8,0.0,0.0,0.0,N,Y,08/2019,Analyst
25-1122.00,1.A.3.c.3,Gross Body Coordination,IM,1.0,8,0.0,1.0,1.0,N,,08/2019,Analyst
25-1122.00,1.A.3.c.3,Gross Body Coordination,LV,0.0,8,0.0,0.0,0.0,N,Y,08/2019,Analyst
25-1122.00,1.A.3.c.4,Gross Body Equilibrium,IM,1.0,8,0.0,1.0,1.0,N,,08/2019,Analyst
25-1122.00,1.A.3.c.4,Gross Body Equilibrium,LV,0.0,8,0.0,0.0,0.0,N,Y,08/2019,Analyst
25-1122.00,1.A.4.a.1,Near Vision,IM,3.38,8,0.183,3.0164,3.7336,N,,08/2019,Analyst
25-1122.00,1.A.4.a.1,Near Vision,LV,3.75,8,0.1637,3.4292,4.0708,N,N,08/2019,Analyst
25-1122.00,1.A.4.a.2,Far Vision,IM,2.75,8,0.1637,2.4292,3.0708,N,,08/2019,Analyst
25-1122.00,1.A.4.a.2,Far Vision,LV,2.75,8,0.1637,2.4292,3.0708,N,N,08/2019,Analyst
25-1122.00,1.A.4.a.3,Visual Color Discrimination,IM,1.88,8,0.125,1.63,2.12,N,,08/2019,Analyst
25-1122.00,1.A.4.a.3,Visual Color Discrimination,LV,1.25,8,0.25,0.76,1.74,N,N,08/2019,Analyst
25-1122.00,1.A.4.a.4,Night Vision,IM,1.0,8,0.0,1.0,1.0,N,,08/2019,Analyst
25-1122.00,1.A.4.a.4,Night Vision,LV,0.0,8,0.0,0.0,0.0,N,Y,08/2019,Analyst
25-1122.00,1.A.4.a.5,Peripheral Vision,IM,1.0,8,0.0,1.0,1.0,N,,08/2019,Analyst
25-1122.00,1.A.4.a.5,Peripheral Vision,LV,0.0,8,0.0,0.0,0.0,N,Y,08/2019,Analyst
25-1122.00,1.A.4.a.6,Depth Perception,IM,1.25,8,0.1637,1.0,1.5708,N,,08/2019,Analyst
25-1122.00,1.A.4.a.6,Depth Perception,LV,0.25,8,0.1637,0.0,0.5708,N,Y,08/2019,Analyst
25-1122.00,1.A.4.a.7,Glare Sensitivity,IM,1.0,8,0.0,1.0,1.0,N,,08/2019,Analyst
25-1122.00,1.A.4.a.7,Glare Sensitivity,LV,0.0,8,0.0,0.0,0.0,N,Y,08/2019,Analyst
25-1122.00,1.A.4.b.1,Hearing Sensitivity,IM,1.75,8,0.1637,1.4292,2.0708,N,,08/2019,Analyst
25-1122.00,1.A.4.b.1,Hearing Sensitivity,LV,1.12,8,0.295,0.5467,1.7033,N,N,08/2019,Analyst
25-1122.00,1.A.4.b.2,Auditory Attention,IM,2.0,8,0.189,1.6296,2.3704,N,,08/2019,Analyst
25-1122.00,1.A.4.b.2,Auditory Attention,LV,1.62,8,0.2631,1.1094,2.1406,N,N,08/2019,Analyst
25-1122.00,1.A.4.b.3,Sound Localization,IM,1.12,8,0.125,1.0,1.37,N,,08/2019,Analyst
25-1122.00,1.A.4.b.3,Sound Localization,LV,0.12,8,0.125,0.0,0.37,N,Y,08/2019,Analyst
25-1122.00,1.A.4.b.4,Speech Recognition,IM,3.75,8,0.1637,3.4292,4.0708,N,,08/2019,Analyst
25-1122.00,1.A.4.b.4,Speech Recognition,LV,3.75,8,0.1637,3.4292,4.0708,N,N,08/2019,Analyst
25-1122.00,1.A.4.b.5,Speech Clarity,IM,4.12,8,0.125,3.88,4.37,N,,08/2019,Analyst
25-1122.00,1.A.4.b.5,Speech Clarity,LV,4.62,8,0.183,4.2664,4.9836,N,N,08/2019,Analyst
25-1123.00,1.A.1.a.1,Oral Comprehension,IM,4.25,8,0.1637,3.9292,4.5708,N,,08/2019,Analyst
25-1123.00,1.A.1.a.1,Oral Comprehension,LV,5.0,8,0.0,5.0,5.0,N,N,08/2019,Analyst
25-1123.00,1.A.1.a.2,Written Comprehension,IM,4.88,8,0.125,4.63,5.0,N,,08/2019,Analyst
25-1123.00,1.A.1.a.2,Written Comprehension,LV,5.0,8,0.0,5.0,5.0,N,N,08/2019,Analyst
25-1123.00,1.A.1.a.3,Oral Expression,IM,4.62,8,0.183,4.2664,4.9836,N,,08/2019,Analyst
25-1123.00,1.A.1.a.3,Oral Expression,LV,5.0,8,0.0,5.0,5.0,N,N,08/2019,Analyst
25-1123.00,1.A.1.a.4,Written Expression,IM,4.25,8,0.1637,3.9292,4.5708,N,,08/2019,Analyst
25-1123.00,1.A.1.a.4,Written Expression,LV,5.0,8,0.0,5.0,5.0,N,N,08/2019,Analyst
25-1123.00,1.A.1.b.1,Fluency of Ideas,IM,3.25,8,0.1637,2.9292,3.5708,N,,08/2019,Analyst
25-1123.00,1.A.1.b.1,Fluency of Ideas,LV,3.88,8,0.125,3.63,4.12,N,N,08/2019,Analyst
25-1123.00,1.A.1.b.2,Originality,IM,3.25,8,0.1637,2.9292,3.5708,N,,08/2019,Analyst
25-1123.00,1.A.1.b.2,Originality,LV,3.75,8,0.1637,3.4292,4.0708,N,N,08/2019,Analyst
25-1123.00,1.A.1.b.3,Problem Sensitivity,IM,3.38,8,0.183,3.0164,3.7336,N,,08/2019,Analyst
25-1123.00,1.A.1.b.3,Problem Sensitivity,LV,3.62,8,0.183,3.2664,3.9836,N,N,08/2019,Analyst
25-1123.00,1.A.1.b.4,Deductive Reasoning,IM,3.88,8,0.125,3.63,4.12,N,,08/2019,Analyst
25-1123.00,1.A.1.b.4,Deductive Reasoning,LV,3.88,8,0.125,3.63,4.12,N,N,08/2019,Analyst
25-1123.00,1.A.1.b.5,Inductive Reasoning,IM,3.88,8,0.125,3.63,4.12,N,,08/2019,Analyst
25-1123.00,1.A.1.b.5,Inductive Reasoning,LV,3.88,8,0.125,3.63,4.12,N,N,08/2019,Analyst
25-1123.00,1.A.1.b.6,Information Ordering,IM,2.88,8,0.125,2.63,3.12,N,,08/2019,Analyst
25-1123.00,1.A.1.b.6,Information Ordering,LV,3.5,8,0.189,3.1296,3.8704,N,N,08/2019,Analyst
25-1123.00,1.A.1.b.7,Category Flexibility,IM,3.12,8,0.125,2.88,3.37,N,,08/2019,Analyst
25-1123.00,1.A.1.b.7,Category Flexibility,LV,3.5,8,0.189,3.1296,3.8704,N,N,08/2019,Analyst
25-1123.00,1.A.1.c.1,Mathematical Reasoning,IM,2.0,8,0.0,2.0,2.0,N,,08/2019,Analyst
25-1123.00,1.A.1.c.1,Mathematical Reasoning,LV,1.88,8,0.125,1.63,2.12,N,N,08/2019,Analyst
25-1123.00,1.A.1.c.2,Number Facility,IM,2.0,8,0.0,2.0,2.0,N,,08/2019,Analyst
25-1123.00,1.A.1.c.2,Number Facility,LV,1.88,8,0.125,1.63,2.12,N,N,08/2019,Analyst
25-1123.00,1.A.1.d.1,Memorization,IM,2.75,8,0.1637,2.4292,3.0708,N,,08/2019,Analyst
25-1123.00,1.A.1.d.1,Memorization,LV,3.0,8,0.0,3.0,3.0,N,N,08/2019,Analyst
25-1123.00,1.A.1.e.1,Speed of Closure,IM,2.12,8,0.125,1.88,2.37,N,,08/2019,Analyst
25-1123.00,1.A.1.e.1,Speed of Closure,LV,2.38,8,0.2631,1.8594,2.8906,N,N,08/2019,Analyst
25-1123.00,1.A.1.e.2,Flexibility of Closure,IM,2.75,8,0.1637,2.4292,3.0708,N,,08/2019,Analyst
25-1123.00,1.A.1.e.2,Flexibility of Closure,LV,2.62,8,0.183,2.2664,2.9836,N,N,08/2019,Analyst
25-1123.00,1.A.1.e.3,Perceptual Speed,IM,2.0,8,0.0,2.0,2.0,N,,08/2019,Analyst
25-1123.00,1.A.1.e.3,Perceptual Speed,LV,1.88,8,0.125,1.63,2.12,N,N,08/2019,Analyst
25-1123.00,1.A.1.f.1,Spatial Orientation,IM,1.0,8,0.0,1.0,1.0,N,,08/2019,Analyst
25-1123.00,1.A.1.f.1,Spatial Orientation,LV,0.0,8,0.0,0.0,0.0,N,Y,08/2019,Analyst
25-1123.00,1.A.1.f.2,Visualization,IM,2.0,8,0.0,2.0,2.0,N,,08/2019,Analyst
25-1123.00,1.A.1.f.2,Visualization,LV,2.0,8,0.0,2.0,2.0,N,N,08/2019,Analyst
25-1123.00,1.A.1.g.1,Selective Attention,IM,2.88,8,0.125,2.63,3.12,N,,08/2019,Analyst
25-1123.00,1.A.1.g.1,Selective Attention,LV,2.88,8,0.125,2.63,3.12,N,N,08/2019,Analyst
25-1123.00,1.A.1.g.2,Time Sharing,IM,2.75,8,0.1637,2.4292,3.0708,N,,08/2019,Analyst
25-1123.00,1.A.1.g.2,Time Sharing,LV,2.25,8,0.1637,1.9292,2.5708,N,N,08/2019,Analyst
25-1123.00,1.A.2.a.1,Arm-Hand Steadiness,IM,1.0,8,0.0,1.0,1.0,N,,08/2019,Analyst
25-1123.00,1.A.2.a.1,Arm-Hand Steadiness,LV,0.0,8,0.0,0.0,0.0,N,Y,08/2019,Analyst
25-1123.00,1.A.2.a.2,Manual Dexterity,IM,1.0,8,0.0,1.0,1.0,N,,08/2019,Analyst
25-1123.00,1.A.2.a.2,Manual Dexterity,LV,0.0,8,0.0,0.0,0.0,N,Y,08/2019,Analyst
25-1123.00,1.A.2.a.3,Finger Dexterity,IM,1.25,8,0.1637,1.0,1.5708,N,,08/2019,Analyst
25-1123.00,1.A.2.a.3,Finger Dexterity,LV,0.25,8,0.1637,0.0,0.5708,N,Y,08/2019,Analyst
25-1123.00,1.A.2.b.1,Control Precision,IM,1.0,8,0.0,1.0,1.0,N,,08/2019,Analyst
25-1123.00,1.A.2.b.1,Control Precision,LV,0.0,8,0.0,0.0,0.0,N,Y,08/2019,Analyst
25-1123.00,1.A.2.b.2,Multilimb Coordination,IM,1.0,8,0.0,1.0,1.0,N,,08/2019,Analyst
25-1123.00,1.A.2.b.2,Multilimb Coordination,LV,0.0,8,0.0,0.0,0.0,N,Y,08/2019,Analyst
25-1123.00,1.A.2.b.3,Response Orientation,IM,1.0,8,0.0,1.0,1.0,N,,08/2019,Analyst
25-1123.00,1.A.2.b.3,Response Orientation,LV,0.0,8,0.0,0.0,0.0,N,Y,08/2019,Analyst
25-1123.00,1.A.2.b.4,Rate Control,IM,1.0,8,0.0,1.0,1.0,N,,08/2019,Analyst
25-1123.00,1.A.2.b.4,Rate Control,LV,0.0,8,0.0,0.0,0.0,N,Y,08/2019,Analyst
25-1123.00,1.A.2.c.1,Reaction Time,IM,1.0,8,0.0,1.0,1.0,N,,08/2019,Analyst
25-1123.00,1.A.2.c.1,Reaction Time,LV,0.0,8,0.0,0.0,0.0,N,Y,08/2019,Analyst
25-1123.00,1.A.2.c.2,Wrist-Finger Speed,IM,1.0,8,0.0,1.0,1.0,N,,08/2019,Analyst
25-1123.00,1.A.2.c.2,Wrist-Finger Speed,LV,0.0,8,0.0,0.0,0.0,N,Y,08/2019,Analyst
25-1123.00,1.A.2.c.3,Speed of Limb Movement,IM,1.0,8,0.0,1.0,1.0,N,,08/2019,Analyst
25-1123.00,1.A.2.c.3,Speed of Limb Movement,LV,0.0,8,0.0,0.0,0.0,N,Y,08/2019,Analyst
25-1123.00,1.A.3.a.1,Static Strength,IM,1.0,8,0.0,1.0,1.0,N,,08/2019,Analyst
25-1123.00,1.A.3.a.1,Static Strength,LV,0.0,8,0.0,0.0,0.0,N,Y,08/2019,Analyst
25-1123.00,1.A.3.a.2,Explosive Strength,IM,1.0,8,0.0,1.0,1.0,N,,08/2019,Analyst
25-1123.00,1.A.3.a.2,Explosive Strength,LV,0.0,8,0.0,0.0,0.0,N,Y,08/2019,Analyst
25-1123.00,1.A.3.a.3,Dynamic Strength,IM,1.0,8,0.0,1.0,1.0,N,,08/2019,Analyst
25-1123.00,1.A.3.a.3,Dynamic Strength,LV,0.0,8,0.0,0.0,0.0,N,Y,08/2019,Analyst
25-1123.00,1.A.3.a.4,Trunk Strength,IM,1.75,8,0.1637,1.4292,2.0708,N,,08/2019,Analyst
25-1123.00,1.A.3.a.4,Trunk Strength,LV,0.88,8,0.2266,0.4309,1.3191,N,N,08/2019,Analyst
25-1123.00,1.A.3.b.1,Stamina,IM,1.0,8,0.0,1.0,1.0,N,,08/2019,Analyst
25-1123.00,1.A.3.b.1,Stamina,LV,0.0,8,0.0,0.0,0.0,N,Y,08/2019,Analyst
25-1123.00,1.A.3.c.1,Extent Flexibility,IM,1.0,8,0.0,1.0,1.0,N,,08/2019,Analyst
25-1123.00,1.A.3.c.1,Extent Flexibility,LV,0.0,8,0.0,0.0,0.0,N,Y,08/2019,Analyst
25-1123.00,1.A.3.c.2,Dynamic Flexibility,IM,1.0,8,0.0,1.0,1.0,N,,08/2019,Analyst
25-1123.00,1.A.3.c.2,Dynamic Flexibility,LV,0.0,8,0.0,0.0,0.0,N,Y,08/2019,Analyst
25-1123.00,1.A.3.c.3,Gross Body Coordination,IM,1.0,8,0.0,1.0,1.0,N,,08/2019,Analyst
25-1123.00,1.A.3.c.3,Gross Body Coordination,LV,0.0,8,0.0,0.0,0.0,N,Y,08/2019,Analyst
25-1123.00,1.A.3.c.4,Gross Body Equilibrium,IM,1.0,8,0.0,1.0,1.0,N,,08/2019,Analyst
25-1123.00,1.A.3.c.4,Gross Body Equilibrium,LV,0.0,8,0.0,0.0,0.0,N,Y,08/2019,Analyst
25-1123.00,1.A.4.a.1,Near Vision,IM,3.5,8,0.189,3.1296,3.8704,N,,08/2019,Analyst
25-1123.00,1.A.4.a.1,Near Vision,LV,3.75,8,0.1637,3.4292,4.0708,N,N,08/2019,Analyst
25-1123.00,1.A.4.a.2,Far Vision,IM,2.12,8,0.2266,1.6809,2.5691,N,,08/2019,Analyst
25-1123.00,1.A.4.a.2,Far Vision,LV,2.5,8,0.378,1.7592,3.2408,N,N,08/2019,Analyst
25-1123.00,1.A.4.a.3,Visual Color Discrimination,IM,1.75,8,0.1637,1.4292,2.0708,N,,08/2019,Analyst
25-1123.00,1.A.4.a.3,Visual Color Discrimination,LV,1.25,8,0.366,0.5327,1.9673,N,N,08/2019,Analyst
25-1123.00,1.A.4.a.4,Night Vision,IM,1.0,8,0.0,1.0,1.0,N,,08/2019,Analyst
25-1123.00,1.A.4.a.4,Night Vision,LV,0.0,8,0.0,0.0,0.0,N,Y,08/2019,Analyst
25-1123.00,1.A.4.a.5,Peripheral Vision,IM,1.0,8,0.0,1.0,1.0,N,,08/2019,Analyst
25-1123.00,1.A.4.a.5,Peripheral Vision,LV,0.0,8,0.0,0.0,0.0,N,Y,08/2019,Analyst
25-1123.00,1.A.4.a.6,Depth Perception,IM,1.0,8,0.0,1.0,1.0,N,,08/2019,Analyst
25-1123.00,1.A.4.a.6,Depth Perception,LV,0.0,8,0.0,0.0,0.0,N,Y,08/2019,Analyst
25-1123.00,1.A.4.a.7,Glare Sensitivity,IM,1.0,8,0.0,1.0,1.0,N,,08/2019,Analyst
25-1123.00,1.A.4.a.7,Glare Sensitivity,LV,0.0,8,0.0,0.0,0.0,N,Y,08/2019,Analyst
25-1123.00,1.A.4.b.1,Hearing Sensitivity,IM,1.75,8,0.1637,1.4292,2.0708,N,,08/2019,Analyst
25-1123.00,1.A.4.b.1,Hearing Sensitivity,LV,1.0,8,0.2673,0.4762,1.5238,N,N,08/2019,Analyst
25-1123.00,1.A.4.b.2,Auditory Attention,IM,1.75,8,0.1637,1.4292,2.0708,N,,08/2019,Analyst
25-1123.00,1.A.4.b.2,Auditory Attention,LV,0.88,8,0.2266,0.4309,1.3191,N,N,08/2019,Analyst
25-1123.00,1.A.4.b.3,Sound Localization,IM,1.0,8,0.0,1.0,1.0,N,,08/2019,Analyst
25-1123.00,1.A.4.b.3,Sound Localization,LV,0.0,8,0.0,0.0,0.0,N,Y,08/2019,Analyst
25-1123.00,1.A.4.b.4,Speech Recognition,IM,3.38,8,0.183,3.0164,3.7336,N,,08/2019,Analyst
25-1123.00,1.A.4.b.4,Speech Recognition,LV,3.88,8,0.125,3.63,4.12,N,N,08/2019,Analyst
25-1123.00,1.A.4.b.5,Speech Clarity,IM,4.0,8,0.0,4.0,4.0,N,,08/2019,Analyst
25-1123.00,1.A.4.b.5,Speech Clarity,LV,4.75,8,0.1637,4.4292,5.0708,N,N,08/2019,Analyst
25-1124.00,1.A.1.a.1,Oral Comprehension,IM,4.12,8,0.125,3.88,4.37,N,,08/2019,Analyst
25-1124.00,1.A.1.a.1,Oral Comprehension,LV,4.88,8,0.125,4.63,5.12,N,N,08/2019,Analyst
25-1124.00,1.A.1.a.2,Written Comprehension,IM,4.0,8,0.0,4.0,4.0,N,,08/2019,Analyst
25-1124.00,1.A.1.a.2,Written Comprehension,LV,4.75,8,0.1637,4.4292,5.0708,N,N,08/2019,Analyst
25-1124.00,1.A.1.a.3,Oral Expression,IM,4.25,8,0.1637,3.9292,4.5708,N,,08/2019,Analyst
25-1124.00,1.A.1.a.3,Oral Expression,LV,4.88,8,0.125,4.63,5.12,N,N,08/2019,Analyst
25-1124.00,1.A.1.a.4,Written Expression,IM,4.0,8,0.0,4.0,4.0,N,,08/2019,Analyst
25-1124.00,1.A.1.a.4,Written Expression,LV,4.75,8,0.1637,4.4292,5.0708,N,N,08/2019,Analyst
25-1124.00,1.A.1.b.1,Fluency of Ideas,IM,2.88,8,0.125,2.63,3.12,N,,08/2019,Analyst
25-1124.00,1.A.1.b.1,Fluency of Ideas,LV,3.38,8,0.183,3.0164,3.7336,N,N,08/2019,Analyst
25-1124.00,1.A.1.b.2,Originality,IM,2.88,8,0.125,2.63,3.12,N,,08/2019,Analyst
25-1124.00,1.A.1.b.2,Originality,LV,3.25,8,0.1637,2.9292,3.5708,N,N,08/2019,Analyst
25-1124.00,1.A.1.b.3,Problem Sensitivity,IM,3.25,8,0.1637,2.9292,3.5708,N,,08/2019,Analyst
25-1124.00,1.A.1.b.3,Problem Sensitivity,LV,3.38,8,0.183,3.0164,3.7336,N,N,08/2019,Analyst
25-1124.00,1.A.1.b.4,Deductive Reasoning,IM,3.38,8,0.183,3.0164,3.7336,N,,08/2019,Analyst
25-1124.00,1.A.1.b.4,Deductive Reasoning,LV,3.62,8,0.183,3.2664,3.9836,N,N,08/2019,Analyst
25-1124.00,1.A.1.b.5,Inductive Reasoning,IM,3.62,8,0.183,3.2664,3.9836,N,,08/2019,Analyst
25-1124.00,1.A.1.b.5,Inductive Reasoning,LV,3.75,8,0.1637,3.4292,4.0708,N,N,08/2019,Analyst
25-1124.00,1.A.1.b.6,Information Ordering,IM,3.0,8,0.0,3.0,3.0,N,,08/2019,Analyst
25-1124.00,1.A.1.b.6,Information Ordering,LV,3.0,8,0.0,3.0,3.0,N,N,08/2019,Analyst
25-1124.00,1.A.1.b.7,Category Flexibility,IM,2.88,8,0.125,2.63,3.12,N,,08/2019,Analyst
25-1124.00,1.A.1.b.7,Category Flexibility,LV,3.0,8,0.0,3.0,3.0,N,N,08/2019,Analyst
25-1124.00,1.A.1.c.1,Mathematical Reasoning,IM,2.0,8,0.0,2.0,2.0,N,,08/2019,Analyst
25-1124.00,1.A.1.c.1,Mathematical Reasoning,LV,1.88,8,0.125,1.63,2.12,N,N,08/2019,Analyst
25-1124.00,1.A.1.c.2,Number Facility,IM,2.0,8,0.0,2.0,2.0,N,,08/2019,Analyst
25-1124.00,1.A.1.c.2,Number Facility,LV,1.88,8,0.125,1.63,2.12,N,N,08/2019,Analyst
25-1124.00,1.A.1.d.1,Memorization,IM,2.88,8,0.2266,2.4309,3.3191,N,,08/2019,Analyst
25-1124.00,1.A.1.d.1,Memorization,LV,2.88,8,0.2266,2.4309,3.3191,N,N,08/2019,Analyst
25-1124.00,1.A.1.e.1,Speed of Closure,IM,2.12,8,0.125,1.88,2.37,N,,08/2019,Analyst
25-1124.00,1.A.1.e.1,Speed of Closure,LV,2.0,8,0.189,1.6296,2.3704,N,N,08/2019,Analyst
25-1124.00,1.A.1.e.2,Flexibility of Closure,IM,2.5,8,0.189,2.1296,2.8704,N,,08/2019,Analyst
25-1124.00,1.A.1.e.2,Flexibility of Closure,LV,2.38,8,0.183,2.0164,2.7336,N,N,08/2019,Analyst
25-1124.00,1.A.1.e.3,Perceptual Speed,IM,2.12,8,0.125,1.88,2.37,N,,08/2019,Analyst
25-1124.00,1.A.1.e.3,Perceptual Speed,LV,2.0,8,0.0,2.0,2.0,N,N,08/2019,Analyst
25-1124.00,1.A.1.f.1,Spatial Orientation,IM,1.0,8,0.0,1.0,1.0,N,,08/2019,Analyst
25-1124.00,1.A.1.f.1,Spatial Orientation,LV,0.0,8,0.0,0.0,0.0,N,Y,08/2019,Analyst
25-1124.00,1.A.1.f.2,Visualization,IM,2.0,8,0.0,2.0,2.0,N,,08/2019,Analyst
25-1124.00,1.A.1.f.2,Visualization,LV,2.0,8,0.0,2.0,2.0,N,N,08/2019,Analyst
25-1124.00,1.A.1.g.1,Selective Attention,IM,3.0,8,0.0,3.0,3.0,N,,08/2019,Analyst
25-1124.00,1.A.1.g.1,Selective Attention,LV,2.88,8,0.125,2.63,3.12,N,N,08/2019,Analyst
25-1124.00,1.A.1.g.2,Time Sharing,IM,2.12,8,0.125,1.88,2.37,N,,08/2019,Analyst
25-1124.00,1.A.1.g.2,Time Sharing,LV,2.0,8,0.0,2.0,2.0,N,N,08/2019,Analyst
25-1124.00,1.A.2.a.1,Arm-Hand Steadiness,IM,1.0,8,0.0,1.0,1.0,N,,08/2019,Analyst
25-1124.00,1.A.2.a.1,Arm-Hand Steadiness,LV,0.0,8,0.0,0.0,0.0,N,Y,08/2019,Analyst
25-1124.00,1.A.2.a.2,Manual Dexterity,IM,1.0,8,0.0,1.0,1.0,N,,08/2019,Analyst
25-1124.00,1.A.2.a.2,Manual Dexterity,LV,0.0,8,0.0,0.0,0.0,N,Y,08/2019,Analyst
25-1124.00,1.A.2.a.3,Finger Dexterity,IM,1.5,8,0.189,1.1296,1.8704,N,,08/2019,Analyst
25-1124.00,1.A.2.a.3,Finger Dexterity,LV,0.62,8,0.2631,0.1094,1.1406,N,N,08/2019,Analyst
25-1124.00,1.A.2.b.1,Control Precision,IM,1.0,8,0.0,1.0,1.0,N,,08/2019,Analyst
25-1124.00,1.A.2.b.1,Control Precision,LV,0.0,8,0.0,0.0,0.0,N,Y,08/2019,Analyst
25-1124.00,1.A.2.b.2,Multilimb Coordination,IM,1.0,8,0.0,1.0,1.0,N,,08/2019,Analyst
25-1124.00,1.A.2.b.2,Multilimb Coordination,LV,0.0,8,0.0,0.0,0.0,N,Y,08/2019,Analyst
25-1124.00,1.A.2.b.3,Response Orientation,IM,1.0,8,0.0,1.0,1.0,N,,08/2019,Analyst
25-1124.00,1.A.2.b.3,Response Orientation,LV,0.0,8,0.0,0.0,0.0,N,Y,08/2019,Analyst
25-1124.00,1.A.2.b.4,Rate Control,IM,1.0,8,0.0,1.0,1.0,N,,08/2019,Analyst
25-1124.00,1.A.2.b.4,Rate Control,LV,0.0,8,0.0,0.0,0.0,N,Y,08/2019,Analyst
25-1124.00,1.A.2.c.1,Reaction Time,IM,1.0,8,0.0,1.0,1.0,N,,08/2019,Analyst
25-1124.00,1.A.2.c.1,Reaction Time,LV,0.0,8,0.0,0.0,0.0,N,Y,08/2019,Analyst
25-1124.00,1.A.2.c.2,Wrist-Finger Speed,IM,1.0,8,0.0,1.0,1.0,N,,08/2019,Analyst
25-1124.00,1.A.2.c.2,Wrist-Finger Speed,LV,0.0,8,0.0,0.0,0.0,N,Y,08/2019,Analyst
25-1124.00,1.A.2.c.3,Speed of Limb Movement,IM,1.0,8,0.0,1.0,1.0,N,,08/2019,Analyst
25-1124.00,1.A.2.c.3,Speed of Limb Movement,LV,0.0,8,0.0,0.0,0.0,N,Y,08/2019,Analyst
25-1124.00,1.A.3.a.1,Static Strength,IM,1.0,8,0.0,1.0,1.0,N,,08/2019,Analyst
25-1124.00,1.A.3.a.1,Static Strength,LV,0.0,8,0.0,0.0,0.0,N,Y,08/2019,Analyst
25-1124.00,1.A.3.a.2,Explosive Strength,IM,1.0,8,0.0,1.0,1.0,N,,08/2019,Analyst
25-1124.00,1.A.3.a.2,Explosive Strength,LV,0.0,8,0.0,0.0,0.0,N,Y,08/2019,Analyst
25-1124.00,1.A.3.a.3,Dynamic Strength,IM,1.0,8,0.0,1.0,1.0,N,,08/2019,Analyst
25-1124.00,1.A.3.a.3,Dynamic Strength,LV,0.0,8,0.0,0.0,0.0,N,Y,08/2019,Analyst
25-1124.00,1.A.3.a.4,Trunk Strength,IM,1.88,8,0.125,1.63,2.12,N,,08/2019,Analyst
25-1124.00,1.A.3.a.4,Trunk Strength,LV,1.75,8,0.25,1.26,2.24,N,N,08/2019,Analyst
25-1124.00,1.A.3.b.1,Stamina,IM,1.0,8,0.0,1.0,1.0,N,,08/2019,Analyst
25-1124.00,1.A.3.b.1,Stamina,LV,0.0,8,0.0,0.0,0.0,N,Y,08/2019,Analyst
25-1124.00,1.A.3.c.1,Extent Flexibility,IM,1.0,8,0.0,1.0,1.0,N,,08/2019,Analyst
25-1124.00,1.A.3.c.1,Extent Flexibility,LV,0.0,8,0.0,0.0,0.0,N,Y,08/2019,Analyst
25-1124.00,1.A.3.c.2,Dynamic Flexibility,IM,1.0,8,0.0,1.0,1.0,N,,08/2019,Analyst
25-1124.00,1.A.3.c.2,Dynamic Flexibility,LV,0.0,8,0.0,0.0,0.0,N,Y,08/2019,Analyst
25-1124.00,1.A.3.c.3,Gross Body Coordination,IM,1.0,8,0.0,1.0,1.0,N,,08/2019,Analyst
25-1124.00,1.A.3.c.3,Gross Body Coordination,LV,0.0,8,0.0,0.0,0.0,N,Y,08/2019,Analyst
25-1124.00,1.A.3.c.4,Gross Body Equilibrium,IM,1.0,8,0.0,1.0,1.0,N,,08/2019,Analyst
25-1124.00,1.A.3.c.4,Gross Body Equilibrium,LV,0.0,8,0.0,0.0,0.0,N,Y,08/2019,Analyst
25-1124.00,1.A.4.a.1,Near Vision,IM,3.38,8,0.183,3.0164,3.7336,N,,08/2019,Analyst
25-1124.00,1.A.4.a.1,Near Vision,LV,3.75,8,0.1637,3.4292,4.0708,N,N,08/2019,Analyst
25-1124.00,1.A.4.a.2,Far Vision,IM,2.62,8,0.183,2.2664,2.9836,N,,08/2019,Analyst
25-1124.00,1.A.4.a.2,Far Vision,LV,2.75,8,0.1637,2.4292,3.0708,N,N,08/2019,Analyst
25-1124.00,1.A.4.a.3,Visual Color Discrimination,IM,2.0,8,0.0,2.0,2.0,N,,08/2019,Analyst
25-1124.00,1.A.4.a.3,Visual Color Discrimination,LV,1.25,8,0.1637,0.9292,1.5708,N,N,08/2019,Analyst
25-1124.00,1.A.4.a.4,Night Vision,IM,1.0,8,0.0,1.0,1.0,N,,08/2019,Analyst
25-1124.00,1.A.4.a.4,Night Vision,LV,0.0,8,0.0,0.0,0.0,N,Y,08/2019,Analyst
25-1124.00,1.A.4.a.5,Peripheral Vision,IM,1.0,8,0.0,1.0,1.0,N,,08/2019,Analyst
25-1124.00,1.A.4.a.5,Peripheral Vision,LV,0.0,8,0.0,0.0,0.0,N,Y,08/2019,Analyst
25-1124.00,1.A.4.a.6,Depth Perception,IM,1.0,8,0.0,1.0,1.0,N,,08/2019,Analyst
25-1124.00,1.A.4.a.6,Depth Perception,LV,0.0,8,0.0,0.0,0.0,N,Y,08/2019,Analyst
25-1124.00,1.A.4.a.7,Glare Sensitivity,IM,1.0,8,0.0,1.0,1.0,N,,08/2019,Analyst
25-1124.00,1.A.4.a.7,Glare Sensitivity,LV,0.0,8,0.0,0.0,0.0,N,Y,08/2019,Analyst
25-1124.00,1.A.4.b.1,Hearing Sensitivity,IM,1.88,8,0.125,1.63,2.12,N,,08/2019,Analyst
25-1124.00,1.A.4.b.1,Hearing Sensitivity,LV,1.5,8,0.2673,0.9762,2.0238,N,N,08/2019,Analyst
25-1124.00,1.A.4.b.2,Auditory Attention,IM,2.12,8,0.125,1.88,2.37,N,,08/2019,Analyst
25-1124.00,1.A.4.b.2,Auditory Attention,LV,2.0,8,0.0,2.0,2.0,N,N,08/2019,Analyst
25-1124.00,1.A.4.b.3,Sound Localization,IM,1.0,8,0.0,1.0,1.0,N,,08/2019,Analyst
25-1124.00,1.A.4.b.3,Sound Localization,LV,0.0,8,0.0,0.0,0.0,N,Y,08/2019,Analyst
25-1124.00,1.A.4.b.4,Speech Recognition,IM,4.0,8,0.0,4.0,4.0,N,,08/2019,Analyst
25-1124.00,1.A.4.b.4,Speech Recognition,LV,4.5,8,0.189,4.1296,4.8704,N,N,08/2019,Analyst
25-1124.00,1.A.4.b.5,Speech Clarity,IM,4.62,8,0.183,4.2664,4.9836,N,,08/2019,Analyst
25-1124.00,1.A.4.b.5,Speech Clarity,LV,4.88,8,0.125,4.63,5.12,N,N,08/2019,Analyst
25-1125.00,1.A.1.a.1,Oral Comprehension,IM,4.0,8,0.0,4.0,4.0,N,,08/2019,Analyst
25-1125.00,1.A.1.a.1,Oral Comprehension,LV,4.88,8,0.125,4.63,5.12,N,N,08/2019,Analyst
25-1125.00,1.A.1.a.2,Written Comprehension,IM,4.12,8,0.125,3.88,4.37,N,,08/2019,Analyst
25-1125.00,1.A.1.a.2,Written Comprehension,LV,5.0,8,0.0,5.0,5.0,N,N,08/2019,Analyst
25-1125.00,1.A.1.a.3,Oral Expression,IM,4.75,8,0.1637,4.4292,5.0,N,,08/2019,Analyst
25-1125.00,1.A.1.a.3,Oral Expression,LV,5.0,8,0.0,5.0,5.0,N,N,08/2019,Analyst
25-1125.00,1.A.1.a.4,Written Expression,IM,4.38,8,0.183,4.0164,4.7336,N,,08/2019,Analyst
25-1125.00,1.A.1.a.4,Written Expression,LV,5.0,8,0.0,5.0,5.0,N,N,08/2019,Analyst
25-1125.00,1.A.1.b.1,Fluency of Ideas,IM,3.0,8,0.0,3.0,3.0,N,,08/2019,Analyst
25-1125.00,1.A.1.b.1,Fluency of Ideas,LV,3.38,8,0.183,3.0164,3.7336,N,N,08/2019,Analyst
25-1125.00,1.A.1.b.2,Originality,IM,3.0,8,0.0,3.0,3.0,N,,08/2019,Analyst
25-1125.00,1.A.1.b.2,Originality,LV,3.12,8,0.125,2.88,3.37,N,N,08/2019,Analyst
25-1125.00,1.A.1.b.3,Problem Sensitivity,IM,3.25,8,0.1637,2.9292,3.5708,N,,08/2019,Analyst
25-1125.00,1.A.1.b.3,Problem Sensitivity,LV,3.25,8,0.1637,2.9292,3.5708,N,N,08/2019,Analyst
25-1125.00,1.A.1.b.4,Deductive Reasoning,IM,3.88,8,0.125,3.63,4.12,N,,08/2019,Analyst
25-1125.00,1.A.1.b.4,Deductive Reasoning,LV,3.88,8,0.125,3.63,4.12,N,N,08/2019,Analyst
25-1125.00,1.A.1.b.5,Inductive Reasoning,IM,3.88,8,0.125,3.63,4.12,N,,08/2019,Analyst
25-1125.00,1.A.1.b.5,Inductive Reasoning,LV,3.88,8,0.125,3.63,4.12,N,N,08/2019,Analyst
25-1125.00,1.A.1.b.6,Information Ordering,IM,3.12,8,0.125,2.88,3.37,N,,08/2019,Analyst
25-1125.00,1.A.1.b.6,Information Ordering,LV,3.5,8,0.189,3.1296,3.8704,N,N,08/2019,Analyst
25-1125.00,1.A.1.b.7,Category Flexibility,IM,3.12,8,0.125,2.88,3.37,N,,08/2019,Analyst
25-1125.00,1.A.1.b.7,Category Flexibility,LV,3.25,8,0.1637,2.9292,3.5708,N,N,08/2019,Analyst
25-1125.00,1.A.1.c.1,Mathematical Reasoning,IM,2.0,8,0.0,2.0,2.0,N,,08/2019,Analyst
25-1125.00,1.A.1.c.1,Mathematical Reasoning,LV,2.0,8,0.0,2.0,2.0,N,N,08/2019,Analyst
25-1125.00,1.A.1.c.2,Number Facility,IM,2.0,8,0.0,2.0,2.0,N,,08/2019,Analyst
25-1125.00,1.A.1.c.2,Number Facility,LV,2.0,8,0.0,2.0,2.0,N,N,08/2019,Analyst
25-1125.00,1.A.1.d.1,Memorization,IM,2.88,8,0.2266,2.4309,3.3191,N,,08/2019,Analyst
25-1125.00,1.A.1.d.1,Memorization,LV,3.0,8,0.189,2.6296,3.3704,N,N,08/2019,Analyst
25-1125.00,1.A.1.e.1,Speed of Closure,IM,2.25,8,0.1637,1.9292,2.5708,N,,08/2019,Analyst
25-1125.00,1.A.1.e.1,Speed of Closure,LV,2.25,8,0.1637,1.9292,2.5708,N,N,08/2019,Analyst
25-1125.00,1.A.1.e.2,Flexibility of Closure,IM,2.5,8,0.189,2.1296,2.8704,N,,08/2019,Analyst
25-1125.00,1.A.1.e.2,Flexibility of Closure,LV,2.12,8,0.125,1.88,2.37,N,N,08/2019,Analyst
25-1125.00,1.A.1.e.3,Perceptual Speed,IM,2.12,8,0.125,1.88,2.37,N,,08/2019,Analyst
25-1125.00,1.A.1.e.3,Perceptual Speed,LV,2.0,8,0.0,2.0,2.0,N,N,08/2019,Analyst
25-1125.00,1.A.1.f.1,Spatial Orientation,IM,1.0,8,0.0,1.0,1.0,N,,08/2019,Analyst
25-1125.00,1.A.1.f.1,Spatial Orientation,LV,0.0,8,0.0,0.0,0.0,N,Y,08/2019,Analyst
25-1125.00,1.A.1.f.2,Visualization,IM,2.0,8,0.0,2.0,2.0,N,,08/2019,Analyst
25-1125.00,1.A.1.f.2,Visualization,LV,1.38,8,0.183,1.0164,1.7336,N,N,08/2019,Analyst
25-1125.00,1.A.1.g.1,Selective Attention,IM,3.0,8,0.0,3.0,3.0,N,,08/2019,Analyst
25-1125.00,1.A.1.g.1,Selective Attention,LV,3.0,8,0.0,3.0,3.0,N,N,08/2019,Analyst
25-1125.00,1.A.1.g.2,Time Sharing,IM,2.12,8,0.125,1.88,2.37,N,,08/2019,Analyst
25-1125.00,1.A.1.g.2,Time Sharing,LV,2.12,8,0.125,1.88,2.37,N,N,08/2019,Analyst
25-1125.00,1.A.2.a.1,Arm-Hand Steadiness,IM,1.0,8,0.0,1.0,1.0,N,,08/2019,Analyst
25-1125.00,1.A.2.a.1,Arm-Hand Steadiness,LV,0.0,8,0.0,0.0,0.0,N,Y,08/2019,Analyst
25-1125.00,1.A.2.a.2,Manual Dexterity,IM,1.0,8,0.0,1.0,1.0,N,,08/2019,Analyst
25-1125.00,1.A.2.a.2,Manual Dexterity,LV,0.0,8,0.0,0.0,0.0,N,Y,08/2019,Analyst
25-1125.00,1.A.2.a.3,Finger Dexterity,IM,1.0,8,0.0,1.0,1.0,N,,08/2019,Analyst
25-1125.00,1.A.2.a.3,Finger Dexterity,LV,0.0,8,0.0,0.0,0.0,N,Y,08/2019,Analyst
25-1125.00,1.A.2.b.1,Control Precision,IM,1.0,8,0.0,1.0,1.0,N,,08/2019,Analyst
25-1125.00,1.A.2.b.1,Control Precision,LV,0.0,8,0.0,0.0,0.0,N,Y,08/2019,Analyst
25-1125.00,1.A.2.b.2,Multilimb Coordination,IM,1.0,8,0.0,1.0,1.0,N,,08/2019,Analyst
25-1125.00,1.A.2.b.2,Multilimb Coordination,LV,0.0,8,0.0,0.0,0.0,N,Y,08/2019,Analyst
25-1125.00,1.A.2.b.3,Response Orientation,IM,1.0,8,0.0,1.0,1.0,N,,08/2019,Analyst
25-1125.00,1.A.2.b.3,Response Orientation,LV,0.0,8,0.0,0.0,0.0,N,Y,08/2019,Analyst
25-1125.00,1.A.2.b.4,Rate Control,IM,1.0,8,0.0,1.0,1.0,N,,08/2019,Analyst
25-1125.00,1.A.2.b.4,Rate Control,LV,0.0,8,0.0,0.0,0.0,N,Y,08/2019,Analyst
25-1125.00,1.A.2.c.1,Reaction Time,IM,1.0,8,0.0,1.0,1.0,N,,08/2019,Analyst
25-1125.00,1.A.2.c.1,Reaction Time,LV,0.0,8,0.0,0.0,0.0,N,Y,08/2019,Analyst
25-1125.00,1.A.2.c.2,Wrist-Finger Speed,IM,1.12,8,0.125,1.0,1.37,N,,08/2019,Analyst
25-1125.00,1.A.2.c.2,Wrist-Finger Speed,LV,0.12,8,0.125,0.0,0.37,N,Y,08/2019,Analyst
25-1125.00,1.A.2.c.3,Speed of Limb Movement,IM,1.0,8,0.0,1.0,1.0,N,,08/2019,Analyst
25-1125.00,1.A.2.c.3,Speed of Limb Movement,LV,0.0,8,0.0,0.0,0.0,N,Y,08/2019,Analyst
25-1125.00,1.A.3.a.1,Static Strength,IM,1.0,8,0.0,1.0,1.0,N,,08/2019,Analyst
25-1125.00,1.A.3.a.1,Static Strength,LV,0.0,8,0.0,0.0,0.0,N,Y,08/2019,Analyst
25-1125.00,1.A.3.a.2,Explosive Strength,IM,1.0,8,0.0,1.0,1.0,N,,08/2019,Analyst
25-1125.00,1.A.3.a.2,Explosive Strength,LV,0.0,8,0.0,0.0,0.0,N,Y,08/2019,Analyst
25-1125.00,1.A.3.a.3,Dynamic Strength,IM,1.25,8,0.1637,1.0,1.5708,N,,08/2019,Analyst
25-1125.00,1.A.3.a.3,Dynamic Strength,LV,0.25,8,0.1637,0.0,0.5708,N,Y,08/2019,Analyst
25-1125.00,1.A.3.a.4,Trunk Strength,IM,1.62,8,0.183,1.2664,1.9836,N,,08/2019,Analyst
25-1125.00,1.A.3.a.4,Trunk Strength,LV,1.0,8,0.3273,0.3584,1.6416,N,N,08/2019,Analyst
25-1125.00,1.A.3.b.1,Stamina,IM,1.0,8,0.0,1.0,1.0,N,,08/2019,Analyst
25-1125.00,1.A.3.b.1,Stamina,LV,0.0,8,0.0,0.0,0.0,N,Y,08/2019,Analyst
25-1125.00,1.A.3.c.1,Extent Flexibility,IM,1.0,8,0.0,1.0,1.0,N,,08/2019,Analyst
25-1125.00,1.A.3.c.1,Extent Flexibility,LV,0.0,8,0.0,0.0,0.0,N,Y,08/2019,Analyst
25-1125.00,1.A.3.c.2,Dynamic Flexibility,IM,1.0,8,0.0,1.0,1.0,N,,08/2019,Analyst
25-1125.00,1.A.3.c.2,Dynamic Flexibility,LV,0.0,8,0.0,0.0,0.0,N,Y,08/2019,Analyst
25-1125.00,1.A.3.c.3,Gross Body Coordination,IM,1.0,8,0.0,1.0,1.0,N,,08/2019,Analyst
25-1125.00,1.A.3.c.3,Gross Body Coordination,LV,0.0,8,0.0,0.0,0.0,N,Y,08/2019,Analyst
25-1125.00,1.A.3.c.4,Gross Body Equilibrium,IM,1.0,8,0.0,1.0,1.0,N,,08/2019,Analyst
25-1125.00,1.A.3.c.4,Gross Body Equilibrium,LV,0.0,8,0.0,0.0,0.0,N,Y,08/2019,Analyst
25-1125.00,1.A.4.a.1,Near Vision,IM,3.5,8,0.189,3.1296,3.8704,N,,08/2019,Analyst
25-1125.00,1.A.4.a.1,Near Vision,LV,3.75,8,0.1637,3.4292,4.0708,N,N,08/2019,Analyst
25-1125.00,1.A.4.a.2,Far Vision,IM,2.62,8,0.183,2.2664,2.9836,N,,08/2019,Analyst
25-1125.00,1.A.4.a.2,Far Vision,LV,2.88,8,0.125,2.63,3.12,N,N,08/2019,Analyst
25-1125.00,1.A.4.a.3,Visual Color Discrimination,IM,1.88,8,0.125,1.63,2.12,N,,08/2019,Analyst
25-1125.00,1.A.4.a.3,Visual Color Discrimination,LV,1.12,8,0.295,0.5467,1.7033,N,N,08/2019,Analyst
25-1125.00,1.A.4.a.4,Night Vision,IM,1.0,8,0.0,1.0,1.0,N,,08/2019,Analyst
25-1125.00,1.A.4.a.4,Night Vision,LV,0.0,8,0.0,0.0,0.0,N,Y,08/2019,Analyst
25-1125.00,1.A.4.a.5,Peripheral Vision,IM,1.0,8,0.0,1.0,1.0,N,,08/2019,Analyst
25-1125.00,1.A.4.a.5,Peripheral Vision,LV,0.0,8,0.0,0.0,0.0,N,Y,08/2019,Analyst
25-1125.00,1.A.4.a.6,Depth Perception,IM,1.0,8,0.0,1.0,1.0,N,,08/2019,Analyst
25-1125.00,1.A.4.a.6,Depth Perception,LV,0.0,8,0.0,0.0,0.0,N,Y,08/2019,Analyst
25-1125.00,1.A.4.a.7,Glare Sensitivity,IM,1.0,8,0.0,1.0,1.0,N,,08/2019,Analyst
25-1125.00,1.A.4.a.7,Glare Sensitivity,LV,0.0,8,0.0,0.0,0.0,N,Y,08/2019,Analyst
25-1125.00,1.A.4.b.1,Hearing Sensitivity,IM,1.5,8,0.189,1.1296,1.8704,N,,08/2019,Analyst
25-1125.00,1.A.4.b.1,Hearing Sensitivity,LV,0.62,8,0.2631,0.1094,1.1406,N,N,08/2019,Analyst
25-1125.00,1.A.4.b.2,Auditory Attention,IM,1.88,8,0.125,1.63,2.12,N,,08/2019,Analyst
25-1125.00,1.A.4.b.2,Auditory Attention,LV,1.12,8,0.2266,0.6809,1.5691,N,N,08/2019,Analyst
25-1125.00,1.A.4.b.3,Sound Localization,IM,1.0,8,0.0,1.0,1.0,N,,08/2019,Analyst
25-1125.00,1.A.4.b.3,Sound Localization,LV,0.0,8,0.0,0.0,0.0,N,Y,08/2019,Analyst
25-1125.00,1.A.4.b.4,Speech Recognition,IM,3.25,8,0.1637,2.9292,3.5708,N,,08/2019,Analyst
25-1125.00,1.A.4.b.4,Speech Recognition,LV,3.25,8,0.1637,2.9292,3.5708,N,N,08/2019,Analyst
25-1125.00,1.A.4.b.5,Speech Clarity,IM,3.88,8,0.125,3.63,4.12,N,,08/2019,Analyst
25-1125.00,1.A.4.b.5,Speech Clarity,LV,4.5,8,0.189,4.1296,4.8704,N,N,08/2019,Analyst
25-1126.00,1.A.1.a.1,Oral Comprehension,IM,4.0,8,0.0,4.0,4.0,N,,08/2019,Analyst
25-1126.00,1.A.1.a.1,Oral Comprehension,LV,5.0,8,0.0,5.0,5.0,N,N,08/2019,Analyst
25-1126.00,1.A.1.a.2,Written Comprehension,IM,4.12,8,0.125,3.88,4.37,N,,08/2019,Analyst
25-1126.00,1.A.1.a.2,Written Comprehension,LV,5.0,8,0.0,5.0,5.0,N,N,08/2019,Analyst
25-1126.00,1.A.1.a.3,Oral Expression,IM,4.12,8,0.125,3.88,4.37,N,,08/2019,Analyst
25-1126.00,1.A.1.a.3,Oral Expression,LV,5.12,8,0.125,4.88,5.37,N,N,08/2019,Analyst
25-1126.00,1.A.1.a.4,Written Expression,IM,4.0,8,0.0,4.0,4.0,N,,08/2019,Analyst
25-1126.00,1.A.1.a.4,Written Expression,LV,5.0,8,0.0,5.0,5.0,N,N,08/2019,Analyst
25-1126.00,1.A.1.b.1,Fluency of Ideas,IM,3.0,8,0.0,3.0,3.0,N,,08/2019,Analyst
25-1126.00,1.A.1.b.1,Fluency of Ideas,LV,3.25,8,0.1637,2.9292,3.5708,N,N,08/2019,Analyst
25-1126.00,1.A.1.b.2,Originality,IM,2.88,8,0.125,2.63,3.12,N,,08/2019,Analyst
25-1126.00,1.A.1.b.2,Originality,LV,3.25,8,0.1637,2.9292,3.5708,N,N,08/2019,Analyst
25-1126.00,1.A.1.b.3,Problem Sensitivity,IM,3.25,8,0.1637,2.9292,3.5708,N,,08/2019,Analyst
25-1126.00,1.A.1.b.3,Problem Sensitivity,LV,3.25,8,0.1637,2.9292,3.5708,N,N,08/2019,Analyst
25-1126.00,1.A.1.b.4,Deductive Reasoning,IM,3.88,8,0.125,3.63,4.12,N,,08/2019,Analyst
25-1126.00,1.A.1.b.4,Deductive Reasoning,LV,4.12,8,0.125,3.88,4.37,N,N,08/2019,Analyst
25-1126.00,1.A.1.b.5,Inductive Reasoning,IM,4.0,8,0.0,4.0,4.0,N,,08/2019,Analyst
25-1126.00,1.A.1.b.5,Inductive Reasoning,LV,4.25,8,0.1637,3.9292,4.5708,N,N,08/2019,Analyst
25-1126.00,1.A.1.b.6,Information Ordering,IM,3.12,8,0.125,2.88,3.37,N,,08/2019,Analyst
25-1126.00,1.A.1.b.6,Information Ordering,LV,3.25,8,0.1637,2.9292,3.5708,N,N,08/2019,Analyst
25-1126.00,1.A.1.b.7,Category Flexibility,IM,3.12,8,0.125,2.88,3.37,N,,08/2019,Analyst
25-1126.00,1.A.1.b.7,Category Flexibility,LV,3.12,8,0.125,2.88,3.37,N,N,08/2019,Analyst
25-1126.00,1.A.1.c.1,Mathematical Reasoning,IM,2.0,8,0.0,2.0,2.0,N,,08/2019,Analyst
25-1126.00,1.A.1.c.1,Mathematical Reasoning,LV,2.12,8,0.125,1.88,2.37,N,N,08/2019,Analyst
25-1126.00,1.A.1.c.2,Number Facility,IM,2.0,8,0.0,2.0,2.0,N,,08/2019,Analyst
25-1126.00,1.A.1.c.2,Number Facility,LV,2.12,8,0.125,1.88,2.37,N,N,08/2019,Analyst
25-1126.00,1.A.1.d.1,Memorization,IM,3.0,8,0.0,3.0,3.0,N,,08/2019,Analyst
25-1126.00,1.A.1.d.1,Memorization,LV,2.88,8,0.125,2.63,3.12,N,N,08/2019,Analyst
25-1126.00,1.A.1.e.1,Speed of Closure,IM,2.12,8,0.125,1.88,2.37,N,,08/2019,Analyst
25-1126.00,1.A.1.e.1,Speed of Closure,LV,2.12,8,0.125,1.88,2.37,N,N,08/2019,Analyst
25-1126.00,1.A.1.e.2,Flexibility of Closure,IM,2.25,8,0.1637,1.9292,2.5708,N,,08/2019,Analyst
25-1126.00,1.A.1.e.2,Flexibility of Closure,LV,2.12,8,0.125,1.88,2.37,N,N,08/2019,Analyst
25-1126.00,1.A.1.e.3,Perceptual Speed,IM,2.25,8,0.1637,1.9292,2.5708,N,,08/2019,Analyst
25-1126.00,1.A.1.e.3,Perceptual Speed,LV,2.25,8,0.1637,1.9292,2.5708,N,N,08/2019,Analyst
25-1126.00,1.A.1.f.1,Spatial Orientation,IM,1.0,8,0.0,1.0,1.0,N,,08/2019,Analyst
25-1126.00,1.A.1.f.1,Spatial Orientation,LV,0.0,8,0.0,0.0,0.0,N,Y,08/2019,Analyst
25-1126.00,1.A.1.f.2,Visualization,IM,2.0,8,0.0,2.0,2.0,N,,08/2019,Analyst
25-1126.00,1.A.1.f.2,Visualization,LV,1.75,8,0.1637,1.4292,2.0708,N,N,08/2019,Analyst
25-1126.00,1.A.1.g.1,Selective Attention,IM,2.5,8,0.189,2.1296,2.8704,N,,08/2019,Analyst
25-1126.00,1.A.1.g.1,Selective Attention,LV,2.5,8,0.189,2.1296,2.8704,N,N,08/2019,Analyst
25-1126.00,1.A.1.g.2,Time Sharing,IM,2.0,8,0.0,2.0,2.0,N,,08/2019,Analyst
25-1126.00,1.A.1.g.2,Time Sharing,LV,2.0,8,0.0,2.0,2.0,N,N,08/2019,Analyst
25-1126.00,1.A.2.a.1,Arm-Hand Steadiness,IM,1.0,8,0.0,1.0,1.0,N,,08/2019,Analyst
25-1126.00,1.A.2.a.1,Arm-Hand Steadiness,LV,0.0,8,0.0,0.0,0.0,N,Y,08/2019,Analyst
25-1126.00,1.A.2.a.2,Manual Dexterity,IM,1.0,8,0.0,1.0,1.0,N,,08/2019,Analyst
25-1126.00,1.A.2.a.2,Manual Dexterity,LV,0.0,8,0.0,0.0,0.0,N,Y,08/2019,Analyst
25-1126.00,1.A.2.a.3,Finger Dexterity,IM,1.62,8,0.183,1.2664,1.9836,N,,08/2019,Analyst
25-1126.00,1.A.2.a.3,Finger Dexterity,LV,0.62,8,0.183,0.2664,0.9836,N,N,08/2019,Analyst
25-1126.00,1.A.2.b.1,Control Precision,IM,1.0,8,0.0,1.0,1.0,N,,08/2019,Analyst
25-1126.00,1.A.2.b.1,Control Precision,LV,0.0,8,0.0,0.0,0.0,N,Y,08/2019,Analyst
25-1126.00,1.A.2.b.2,Multilimb Coordination,IM,1.0,8,0.0,1.0,1.0,N,,08/2019,Analyst
25-1126.00,1.A.2.b.2,Multilimb Coordination,LV,0.0,8,0.0,0.0,0.0,N,Y,08/2019,Analyst
25-1126.00,1.A.2.b.3,Response Orientation,IM,1.0,8,0.0,1.0,1.0,N,,08/2019,Analyst
25-1126.00,1.A.2.b.3,Response Orientation,LV,0.0,8,0.0,0.0,0.0,N,Y,08/2019,Analyst
25-1126.00,1.A.2.b.4,Rate Control,IM,1.0,8,0.0,1.0,1.0,N,,08/2019,Analyst
25-1126.00,1.A.2.b.4,Rate Control,LV,0.0,8,0.0,0.0,0.0,N,Y,08/2019,Analyst
25-1126.00,1.A.2.c.1,Reaction Time,IM,1.0,8,0.0,1.0,1.0,N,,08/2019,Analyst
25-1126.00,1.A.2.c.1,Reaction Time,LV,0.0,8,0.0,0.0,0.0,N,Y,08/2019,Analyst
25-1126.00,1.A.2.c.2,Wrist-Finger Speed,IM,1.25,8,0.1637,1.0,1.5708,N,,08/2019,Analyst
25-1126.00,1.A.2.c.2,Wrist-Finger Speed,LV,0.25,8,0.1637,0.0,0.5708,N,Y,08/2019,Analyst
25-1126.00,1.A.2.c.3,Speed of Limb Movement,IM,1.0,8,0.0,1.0,1.0,N,,08/2019,Analyst
25-1126.00,1.A.2.c.3,Speed of Limb Movement,LV,0.0,8,0.0,0.0,0.0,N,Y,08/2019,Analyst
25-1126.00,1.A.3.a.1,Static Strength,IM,1.0,8,0.0,1.0,1.0,N,,08/2019,Analyst
25-1126.00,1.A.3.a.1,Static Strength,LV,0.0,8,0.0,0.0,0.0,N,Y,08/2019,Analyst
25-1126.00,1.A.3.a.2,Explosive Strength,IM,1.0,8,0.0,1.0,1.0,N,,08/2019,Analyst
25-1126.00,1.A.3.a.2,Explosive Strength,LV,0.0,8,0.0,0.0,0.0,N,Y,08/2019,Analyst
25-1126.00,1.A.3.a.3,Dynamic Strength,IM,1.0,8,0.0,1.0,1.0,N,,08/2019,Analyst
25-1126.00,1.A.3.a.3,Dynamic Strength,LV,0.0,8,0.0,0.0,0.0,N,Y,08/2019,Analyst
25-1126.00,1.A.3.a.4,Trunk Strength,IM,1.88,8,0.125,1.63,2.12,N,,08/2019,Analyst
25-1126.00,1.A.3.a.4,Trunk Strength,LV,1.62,8,0.2631,1.1094,2.1406,N,N,08/2019,Analyst
25-1126.00,1.A.3.b.1,Stamina,IM,1.0,8,0.0,1.0,1.0,N,,08/2019,Analyst
25-1126.00,1.A.3.b.1,Stamina,LV,0.0,8,0.0,0.0,0.0,N,Y,08/2019,Analyst
25-1126.00,1.A.3.c.1,Extent Flexibility,IM,1.0,8,0.0,1.0,1.0,N,,08/2019,Analyst
25-1126.00,1.A.3.c.1,Extent Flexibility,LV,0.0,8,0.0,0.0,0.0,N,Y,08/2019,Analyst
25-1126.00,1.A.3.c.2,Dynamic Flexibility,IM,1.0,8,0.0,1.0,1.0,N,,08/2019,Analyst
25-1126.00,1.A.3.c.2,Dynamic Flexibility,LV,0.0,8,0.0,0.0,0.0,N,Y,08/2019,Analyst
25-1126.00,1.A.3.c.3,Gross Body Coordination,IM,1.0,8,0.0,1.0,1.0,N,,08/2019,Analyst
25-1126.00,1.A.3.c.3,Gross Body Coordination,LV,0.0,8,0.0,0.0,0.0,N,Y,08/2019,Analyst
25-1126.00,1.A.3.c.4,Gross Body Equilibrium,IM,1.0,8,0.0,1.0,1.0,N,,08/2019,Analyst
25-1126.00,1.A.3.c.4,Gross Body Equilibrium,LV,0.0,8,0.0,0.0,0.0,N,Y,08/2019,Analyst
25-1126.00,1.A.4.a.1,Near Vision,IM,3.5,8,0.189,3.1296,3.8704,N,,08/2019,Analyst
25-1126.00,1.A.4.a.1,Near Vision,LV,3.62,8,0.183,3.2664,3.9836,N,N,08/2019,Analyst
25-1126.00,1.A.4.a.2,Far Vision,IM,2.62,8,0.183,2.2664,2.9836,N,,08/2019,Analyst
25-1126.00,1.A.4.a.2,Far Vision,LV,2.62,8,0.183,2.2664,2.9836,N,N,08/2019,Analyst
25-1126.00,1.A.4.a.3,Visual Color Discrimination,IM,1.75,8,0.1637,1.4292,2.0708,N,,08/2019,Analyst
25-1126.00,1.A.4.a.3,Visual Color Discrimination,LV,0.88,8,0.2266,0.4309,1.3191,N,N,08/2019,Analyst
25-1126.00,1.A.4.a.4,Night Vision,IM,1.0,8,0.0,1.0,1.0,N,,08/2019,Analyst
25-1126.00,1.A.4.a.4,Night Vision,LV,0.0,8,0.0,0.0,0.0,N,Y,08/2019,Analyst
25-1126.00,1.A.4.a.5,Peripheral Vision,IM,1.0,8,0.0,1.0,1.0,N,,08/2019,Analyst
25-1126.00,1.A.4.a.5,Peripheral Vision,LV,0.0,8,0.0,0.0,0.0,N,Y,08/2019,Analyst
25-1126.00,1.A.4.a.6,Depth Perception,IM,1.0,8,0.0,1.0,1.0,N,,08/2019,Analyst
25-1126.00,1.A.4.a.6,Depth Perception,LV,0.0,8,0.0,0.0,0.0,N,Y,08/2019,Analyst
25-1126.00,1.A.4.a.7,Glare Sensitivity,IM,1.0,8,0.0,1.0,1.0,N,,08/2019,Analyst
25-1126.00,1.A.4.a.7,Glare Sensitivity,LV,0.0,8,0.0,0.0,0.0,N,Y,08/2019,Analyst
25-1126.00,1.A.4.b.1,Hearing Sensitivity,IM,1.75,8,0.1637,1.4292,2.0708,N,,08/2019,Analyst
25-1126.00,1.A.4.b.1,Hearing Sensitivity,LV,0.75,8,0.1637,0.4292,1.0708,N,N,08/2019,Analyst
25-1126.00,1.A.4.b.2,Auditory Attention,IM,1.75,8,0.1637,1.4292,2.0708,N,,08/2019,Analyst
25-1126.00,1.A.4.b.2,Auditory Attention,LV,1.12,8,0.295,0.5467,1.7033,N,N,08/2019,Analyst
25-1126.00,1.A.4.b.3,Sound Localization,IM,1.0,8,0.0,1.0,1.0,N,,08/2019,Analyst
25-1126.00,1.A.4.b.3,Sound Localization,LV,0.0,8,0.0,0.0,0.0,N,Y,08/2019,Analyst
25-1126.00,1.A.4.b.4,Speech Recognition,IM,3.25,8,0.1637,2.9292,3.5708,N,,08/2019,Analyst
25-1126.00,1.A.4.b.4,Speech Recognition,LV,3.38,8,0.183,3.0164,3.7336,N,N,08/2019,Analyst
25-1126.00,1.A.4.b.5,Speech Clarity,IM,4.12,8,0.125,3.88,4.37,N,,08/2019,Analyst
25-1126.00,1.A.4.b.5,Speech Clarity,LV,5.0,8,0.189,4.6296,5.3704,N,N,08/2019,Analyst
25-1192.00,1.A.1.a.1,Oral Comprehension,IM,4.0,8,0.0,4.0,4.0,N,,08/2019,Analyst
25-1192.00,1.A.1.a.1,Oral Comprehension,LV,4.88,8,0.125,4.63,5.12,N,N,08/2019,Analyst
25-1192.00,1.A.1.a.2,Written Comprehension,IM,4.12,8,0.125,3.88,4.37,N,,08/2019,Analyst
25-1192.00,1.A.1.a.2,Written Comprehension,LV,4.75,8,0.1637,4.4292,5.0708,N,N,08/2019,Analyst
25-1192.00,1.A.1.a.3,Oral Expression,IM,4.12,8,0.125,3.88,4.37,N,,08/2019,Analyst
25-1192.00,1.A.1.a.3,Oral Expression,LV,4.88,8,0.125,4.63,5.12,N,N,08/2019,Analyst
25-1192.00,1.A.1.a.4,Written Expression,IM,4.0,8,0.0,4.0,4.0,N,,08/2019,Analyst
25-1192.00,1.A.1.a.4,Written Expression,LV,4.5,8,0.189,4.1296,4.8704,N,N,08/2019,Analyst
25-1192.00,1.A.1.b.1,Fluency of Ideas,IM,3.0,8,0.0,3.0,3.0,N,,08/2019,Analyst
25-1192.00,1.A.1.b.1,Fluency of Ideas,LV,3.12,8,0.125,2.88,3.37,N,N,08/2019,Analyst
25-1192.00,1.A.1.b.2,Originality,IM,3.12,8,0.125,2.88,3.37,N,,08/2019,Analyst
25-1192.00,1.A.1.b.2,Originality,LV,3.38,8,0.183,3.0164,3.7336,N,N,08/2019,Analyst
25-1192.00,1.A.1.b.3,Problem Sensitivity,IM,3.38,8,0.183,3.0164,3.7336,N,,08/2019,Analyst
25-1192.00,1.A.1.b.3,Problem Sensitivity,LV,3.25,8,0.1637,2.9292,3.5708,N,N,08/2019,Analyst
25-1192.00,1.A.1.b.4,Deductive Reasoning,IM,3.62,8,0.183,3.2664,3.9836,N,,08/2019,Analyst
25-1192.00,1.A.1.b.4,Deductive Reasoning,LV,4.0,8,0.189,3.6296,4.3704,N,N,08/2019,Analyst
25-1192.00,1.A.1.b.5,Inductive Reasoning,IM,3.5,8,0.189,3.1296,3.8704,N,,08/2019,Analyst
25-1192.00,1.A.1.b.5,Inductive Reasoning,LV,3.75,8,0.1637,3.4292,4.0708,N,N,08/2019,Analyst
25-1192.00,1.A.1.b.6,Information Ordering,IM,3.12,8,0.125,2.88,3.37,N,,08/2019,Analyst
25-1192.00,1.A.1.b.6,Information Ordering,LV,3.38,8,0.183,3.0164,3.7336,N,N,08/2019,Analyst
25-1192.00,1.A.1.b.7,Category Flexibility,IM,3.12,8,0.125,2.88,3.37,N,,08/2019,Analyst
25-1192.00,1.A.1.b.7,Category Flexibility,LV,3.12,8,0.125,2.88,3.37,N,N,08/2019,Analyst
25-1192.00,1.A.1.c.1,Mathematical Reasoning,IM,2.75,8,0.1637,2.4292,3.0708,N,,08/2019,Analyst
25-1192.00,1.A.1.c.1,Mathematical Reasoning,LV,3.0,8,0.0,3.0,3.0,N,N,08/2019,Analyst
25-1192.00,1.A.1.c.2,Number Facility,IM,2.12,8,0.125,1.88,2.37,N,,08/2019,Analyst
25-1192.00,1.A.1.c.2,Number Facility,LV,2.38,8,0.2631,1.8594,2.8906,N,N,08/2019,Analyst
25-1192.00,1.A.1.d.1,Memorization,IM,2.75,8,0.1637,2.4292,3.0708,N,,08/2019,Analyst
25-1192.00,1.A.1.d.1,Memorization,LV,2.88,8,0.125,2.63,3.12,N,N,08/2019,Analyst
25-1192.00,1.A.1.e.1,Speed of Closure,IM,2.0,8,0.0,2.0,2.0,N,,08/2019,Analyst
25-1192.00,1.A.1.e.1,Speed of Closure,LV,2.0,8,0.0,2.0,2.0,N,N,08/2019,Analyst
25-1192.00,1.A.1.e.2,Flexibility of Closure,IM,2.5,8,0.189,2.1296,2.8704,N,,08/2019,Analyst
25-1192.00,1.A.1.e.2,Flexibility of Closure,LV,2.38,8,0.183,2.0164,2.7336,N,N,08/2019,Analyst
25-1192.00,1.A.1.e.3,Perceptual Speed,IM,2.25,8,0.1637,1.9292,2.5708,N,,08/2019,Analyst
25-1192.00,1.A.1.e.3,Perceptual Speed,LV,2.25,8,0.1637,1.9292,2.5708,N,N,08/2019,Analyst
25-1192.00,1.A.1.f.1,Spatial Orientation,IM,1.0,8,0.0,1.0,1.0,N,,08/2019,Analyst
25-1192.00,1.A.1.f.1,Spatial Orientation,LV,0.0,8,0.0,0.0,0.0,N,Y,08/2019,Analyst
25-1192.00,1.A.1.f.2,Visualization,IM,2.25,8,0.1637,1.9292,2.5708,N,,08/2019,Analyst
25-1192.00,1.A.1.f.2,Visualization,LV,2.38,8,0.2631,1.8594,2.8906,N,N,08/2019,Analyst
25-1192.00,1.A.1.g.1,Selective Attention,IM,2.75,8,0.1637,2.4292,3.0708,N,,08/2019,Analyst
25-1192.00,1.A.1.g.1,Selective Attention,LV,2.75,8,0.1637,2.4292,3.0708,N,N,08/2019,Analyst
25-1192.00,1.A.1.g.2,Time Sharing,IM,2.25,8,0.1637,1.9292,2.5708,N,,08/2019,Analyst
25-1192.00,1.A.1.g.2,Time Sharing,LV,2.0,8,0.0,2.0,2.0,N,N,08/2019,Analyst
25-1192.00,1.A.2.a.1,Arm-Hand Steadiness,IM,1.0,8,0.0,1.0,1.0,N,,08/2019,Analyst
25-1192.00,1.A.2.a.1,Arm-Hand Steadiness,LV,0.0,8,0.0,0.0,0.0,N,Y,08/2019,Analyst
25-1192.00,1.A.2.a.2,Manual Dexterity,IM,1.12,8,0.125,1.0,1.37,N,,08/2019,Analyst
25-1192.00,1.A.2.a.2,Manual Dexterity,LV,0.12,8,0.125,0.0,0.37,N,Y,08/2019,Analyst
25-1192.00,1.A.2.a.3,Finger Dexterity,IM,1.75,8,0.1637,1.4292,2.0708,N,,08/2019,Analyst
25-1192.00,1.A.2.a.3,Finger Dexterity,LV,1.38,8,0.3239,0.7402,2.0098,N,N,08/2019,Analyst
25-1192.00,1.A.2.b.1,Control Precision,IM,1.12,8,0.125,1.0,1.37,N,,08/2019,Analyst
25-1192.00,1.A.2.b.1,Control Precision,LV,0.12,8,0.125,0.0,0.37,N,Y,08/2019,Analyst
25-1192.00,1.A.2.b.2,Multilimb Coordination,IM,1.0,8,0.0,1.0,1.0,N,,08/2019,Analyst
25-1192.00,1.A.2.b.2,Multilimb Coordination,LV,0.0,8,0.0,0.0,0.0,N,Y,08/2019,Analyst
25-1192.00,1.A.2.b.3,Response Orientation,IM,1.0,8,0.0,1.0,1.0,N,,08/2019,Analyst
25-1192.00,1.A.2.b.3,Response Orientation,LV,0.0,8,0.0,0.0,0.0,N,Y,08/2019,Analyst
25-1192.00,1.A.2.b.4,Rate Control,IM,1.0,8,0.0,1.0,1.0,N,,08/2019,Analyst
25-1192.00,1.A.2.b.4,Rate Control,LV,0.0,8,0.0,0.0,0.0,N,Y,08/2019,Analyst
25-1192.00,1.A.2.c.1,Reaction Time,IM,1.0,8,0.0,1.0,1.0,N,,08/2019,Analyst
25-1192.00,1.A.2.c.1,Reaction Time,LV,0.0,8,0.0,0.0,0.0,N,Y,08/2019,Analyst
25-1192.00,1.A.2.c.2,Wrist-Finger Speed,IM,1.62,8,0.183,1.2664,1.9836,N,,08/2019,Analyst
25-1192.00,1.A.2.c.2,Wrist-Finger Speed,LV,0.75,8,0.25,0.26,1.24,N,N,08/2019,Analyst
25-1192.00,1.A.2.c.3,Speed of Limb Movement,IM,1.0,8,0.0,1.0,1.0,N,,08/2019,Analyst
25-1192.00,1.A.2.c.3,Speed of Limb Movement,LV,0.0,8,0.0,0.0,0.0,N,Y,08/2019,Analyst
25-1192.00,1.A.3.a.1,Static Strength,IM,1.0,8,0.0,1.0,1.0,N,,08/2019,Analyst
25-1192.00,1.A.3.a.1,Static Strength,LV,0.0,8,0.0,0.0,0.0,N,Y,08/2019,Analyst
25-1192.00,1.A.3.a.2,Explosive Strength,IM,1.0,8,0.0,1.0,1.0,N,,08/2019,Analyst
25-1192.00,1.A.3.a.2,Explosive Strength,LV,0.0,8,0.0,0.0,0.0,N,Y,08/2019,Analyst
25-1192.00,1.A.3.a.3,Dynamic Strength,IM,1.0,8,0.0,1.0,1.0,N,,08/2019,Analyst
25-1192.00,1.A.3.a.3,Dynamic Strength,LV,0.0,8,0.0,0.0,0.0,N,Y,08/2019,Analyst
25-1192.00,1.A.3.a.4,Trunk Strength,IM,2.0,8,0.0,2.0,2.0,N,,08/2019,Analyst
25-1192.00,1.A.3.a.4,Trunk Strength,LV,1.75,8,0.1637,1.4292,2.0708,N,N,08/2019,Analyst
25-1192.00,1.A.3.b.1,Stamina,IM,1.0,8,0.0,1.0,1.0,N,,08/2019,Analyst
25-1192.00,1.A.3.b.1,Stamina,LV,0.0,8,0.0,0.0,0.0,N,Y,08/2019,Analyst
25-1192.00,1.A.3.c.1,Extent Flexibility,IM,1.12,8,0.125,1.0,1.37,N,,08/2019,Analyst
25-1192.00,1.A.3.c.1,Extent Flexibility,LV,0.12,8,0.125,0.0,0.37,N,Y,08/2019,Analyst
25-1192.00,1.A.3.c.2,Dynamic Flexibility,IM,1.0,8,0.0,1.0,1.0,N,,08/2019,Analyst
25-1192.00,1.A.3.c.2,Dynamic Flexibility,LV,0.0,8,0.0,0.0,0.0,N,Y,08/2019,Analyst
25-1192.00,1.A.3.c.3,Gross Body Coordination,IM,1.0,8,0.0,1.0,1.0,N,,08/2019,Analyst
25-1192.00,1.A.3.c.3,Gross Body Coordination,LV,0.0,8,0.0,0.0,0.0,N,Y,08/2019,Analyst
25-1192.00,1.A.3.c.4,Gross Body Equilibrium,IM,1.0,8,0.0,1.0,1.0,N,,08/2019,Analyst
25-1192.00,1.A.3.c.4,Gross Body Equilibrium,LV,0.0,8,0.0,0.0,0.0,N,Y,08/2019,Analyst
25-1192.00,1.A.4.a.1,Near Vision,IM,3.38,8,0.183,3.0164,3.7336,N,,08/2019,Analyst
25-1192.00,1.A.4.a.1,Near Vision,LV,3.62,8,0.183,3.2664,3.9836,N,N,08/2019,Analyst
25-1192.00,1.A.4.a.2,Far Vision,IM,2.88,8,0.125,2.63,3.12,N,,08/2019,Analyst
25-1192.00,1.A.4.a.2,Far Vision,LV,3.12,8,0.125,2.88,3.37,N,N,08/2019,Analyst
25-1192.00,1.A.4.a.3,Visual Color Discrimination,IM,2.0,8,0.0,2.0,2.0,N,,08/2019,Analyst
25-1192.00,1.A.4.a.3,Visual Color Discrimination,LV,2.0,8,0.0,2.0,2.0,N,N,08/2019,Analyst
25-1192.00,1.A.4.a.4,Night Vision,IM,1.0,8,0.0,1.0,1.0,N,,08/2019,Analyst
25-1192.00,1.A.4.a.4,Night Vision,LV,0.0,8,0.0,0.0,0.0,N,Y,08/2019,Analyst
25-1192.00,1.A.4.a.5,Peripheral Vision,IM,1.0,8,0.0,1.0,1.0,N,,08/2019,Analyst
25-1192.00,1.A.4.a.5,Peripheral Vision,LV,0.0,8,0.0,0.0,0.0,N,Y,08/2019,Analyst
25-1192.00,1.A.4.a.6,Depth Perception,IM,1.75,8,0.1637,1.4292,2.0708,N,,08/2019,Analyst
25-1192.00,1.A.4.a.6,Depth Perception,LV,0.75,8,0.1637,0.4292,1.0708,N,N,08/2019,Analyst
25-1192.00,1.A.4.a.7,Glare Sensitivity,IM,1.0,8,0.0,1.0,1.0,N,,08/2019,Analyst
25-1192.00,1.A.4.a.7,Glare Sensitivity,LV,0.0,8,0.0,0.0,0.0,N,Y,08/2019,Analyst
25-1192.00,1.A.4.b.1,Hearing Sensitivity,IM,1.88,8,0.125,1.63,2.12,N,,08/2019,Analyst
25-1192.00,1.A.4.b.1,Hearing Sensitivity,LV,1.0,8,0.189,0.6296,1.3704,N,N,08/2019,Analyst
25-1192.00,1.A.4.b.2,Auditory Attention,IM,1.88,8,0.125,1.63,2.12,N,,08/2019,Analyst
25-1192.00,1.A.4.b.2,Auditory Attention,LV,1.12,8,0.2266,0.6809,1.5691,N,N,08/2019,Analyst
25-1192.00,1.A.4.b.3,Sound Localization,IM,1.0,8,0.0,1.0,1.0,N,,08/2019,Analyst
25-1192.00,1.A.4.b.3,Sound Localization,LV,0.0,8,0.0,0.0,0.0,N,Y,08/2019,Analyst
25-1192.00,1.A.4.b.4,Speech Recognition,IM,3.38,8,0.183,3.0164,3.7336,N,,08/2019,Analyst
25-1192.00,1.A.4.b.4,Speech Recognition,LV,3.38,8,0.183,3.0164,3.7336,N,N,08/2019,Analyst
25-1192.00,1.A.4.b.5,Speech Clarity,IM,4.0,8,0.189,3.6296,4.3704,N,,08/2019,Analyst
25-1192.00,1.A.4.b.5,Speech Clarity,LV,4.62,8,0.2631,4.1094,5.1406,N,N,08/2019,Analyst
25-1193.00,1.A.1.a.1,Oral Comprehension,IM,4.0,8,0.0,4.0,4.0,N,,08/2019,Analyst
25-1193.00,1.A.1.a.1,Oral Comprehension,LV,4.75,8,0.1637,4.4292,5.0708,N,N,08/2019,Analyst
25-1193.00,1.A.1.a.2,Written Comprehension,IM,4.0,8,0.0,4.0,4.0,N,,08/2019,Analyst
25-1193.00,1.A.1.a.2,Written Comprehension,LV,4.75,8,0.1637,4.4292,5.0708,N,N,08/2019,Analyst
25-1193.00,1.A.1.a.3,Oral Expression,IM,4.12,8,0.125,3.88,4.37,N,,08/2019,Analyst
25-1193.00,1.A.1.a.3,Oral Expression,LV,5.0,8,0.0,5.0,5.0,N,N,08/2019,Analyst
25-1193.00,1.A.1.a.4,Written Expression,IM,4.0,8,0.0,4.0,4.0,N,,08/2019,Analyst
25-1193.00,1.A.1.a.4,Written Expression,LV,4.38,8,0.183,4.0164,4.7336,N,N,08/2019,Analyst
25-1193.00,1.A.1.b.1,Fluency of Ideas,IM,3.25,8,0.1637,2.9292,3.5708,N,,08/2019,Analyst
25-1193.00,1.A.1.b.1,Fluency of Ideas,LV,3.12,8,0.125,2.88,3.37,N,N,08/2019,Analyst
25-1193.00,1.A.1.b.2,Originality,IM,3.0,8,0.0,3.0,3.0,N,,08/2019,Analyst
25-1193.00,1.A.1.b.2,Originality,LV,3.12,8,0.125,2.88,3.37,N,N,08/2019,Analyst
25-1193.00,1.A.1.b.3,Problem Sensitivity,IM,3.12,8,0.125,2.88,3.37,N,,08/2019,Analyst
25-1193.00,1.A.1.b.3,Problem Sensitivity,LV,3.12,8,0.125,2.88,3.37,N,N,08/2019,Analyst
25-1193.00,1.A.1.b.4,Deductive Reasoning,IM,3.75,8,0.1637,3.4292,4.0708,N,,08/2019,Analyst
25-1193.00,1.A.1.b.4,Deductive Reasoning,LV,3.88,8,0.125,3.63,4.12,N,N,08/2019,Analyst
25-1193.00,1.A.1.b.5,Inductive Reasoning,IM,3.75,8,0.1637,3.4292,4.0708,N,,08/2019,Analyst
25-1193.00,1.A.1.b.5,Inductive Reasoning,LV,3.88,8,0.125,3.63,4.12,N,N,08/2019,Analyst
25-1193.00,1.A.1.b.6,Information Ordering,IM,3.12,8,0.125,2.88,3.37,N,,08/2019,Analyst
25-1193.00,1.A.1.b.6,Information Ordering,LV,3.62,8,0.183,3.2664,3.9836,N,N,08/2019,Analyst
25-1193.00,1.A.1.b.7,Category Flexibility,IM,3.12,8,0.125,2.88,3.37,N,,08/2019,Analyst
25-1193.00,1.A.1.b.7,Category Flexibility,LV,3.12,8,0.125,2.88,3.37,N,N,08/2019,Analyst
25-1193.00,1.A.1.c.1,Mathematical Reasoning,IM,2.5,8,0.189,2.1296,2.8704,N,,08/2019,Analyst
25-1193.00,1.A.1.c.1,Mathematical Reasoning,LV,2.62,8,0.183,2.2664,2.9836,N,N,08/2019,Analyst
25-1193.00,1.A.1.c.2,Number Facility,IM,2.12,8,0.125,1.88,2.37,N,,08/2019,Analyst
25-1193.00,1.A.1.c.2,Number Facility,LV,2.38,8,0.183,2.0164,2.7336,N,N,08/2019,Analyst
25-1193.00,1.A.1.d.1,Memorization,IM,2.62,8,0.183,2.2664,2.9836,N,,08/2019,Analyst
25-1193.00,1.A.1.d.1,Memorization,LV,2.88,8,0.125,2.63,3.12,N,N,08/2019,Analyst
25-1193.00,1.A.1.e.1,Speed of Closure,IM,2.12,8,0.125,1.88,2.37,N,,08/2019,Analyst
25-1193.00,1.A.1.e.1,Speed of Closure,LV,2.12,8,0.125,1.88,2.37,N,N,08/2019,Analyst
25-1193.00,1.A.1.e.2,Flexibility of Closure,IM,2.5,8,0.189,2.1296,2.8704,N,,08/2019,Analyst
25-1193.00,1.A.1.e.2,Flexibility of Closure,LV,2.38,8,0.183,2.0164,2.7336,N,N,08/2019,Analyst
25-1193.00,1.A.1.e.3,Perceptual Speed,IM,2.12,8,0.125,1.88,2.37,N,,08/2019,Analyst
25-1193.00,1.A.1.e.3,Perceptual Speed,LV,2.12,8,0.125,1.88,2.37,N,N,08/2019,Analyst
25-1193.00,1.A.1.f.1,Spatial Orientation,IM,1.0,8,0.0,1.0,1.0,N,,08/2019,Analyst
25-1193.00,1.A.1.f.1,Spatial Orientation,LV,0.0,8,0.0,0.0,0.0,N,Y,08/2019,Analyst
25-1193.00,1.A.1.f.2,Visualization,IM,2.12,8,0.125,1.88,2.37,N,,08/2019,Analyst
25-1193.00,1.A.1.f.2,Visualization,LV,2.12,8,0.125,1.88,2.37,N,N,08/2019,Analyst
25-1193.00,1.A.1.g.1,Selective Attention,IM,3.0,8,0.0,3.0,3.0,N,,08/2019,Analyst
25-1193.00,1.A.1.g.1,Selective Attention,LV,2.88,8,0.125,2.63,3.12,N,N,08/2019,Analyst
25-1193.00,1.A.1.g.2,Time Sharing,IM,2.62,8,0.183,2.2664,2.9836,N,,08/2019,Analyst
25-1193.00,1.A.1.g.2,Time Sharing,LV,2.75,8,0.1637,2.4292,3.0708,N,N,08/2019,Analyst
25-1193.00,1.A.2.a.1,Arm-Hand Steadiness,IM,1.38,8,0.183,1.0164,1.7336,N,,08/2019,Analyst
25-1193.00,1.A.2.a.1,Arm-Hand Steadiness,LV,0.38,8,0.183,0.0164,0.7336,N,N,08/2019,Analyst
25-1193.00,1.A.2.a.2,Manual Dexterity,IM,1.12,8,0.125,1.0,1.37,N,,08/2019,Analyst
25-1193.00,1.A.2.a.2,Manual Dexterity,LV,0.12,8,0.125,0.0,0.37,N,Y,08/2019,Analyst
25-1193.00,1.A.2.a.3,Finger Dexterity,IM,1.38,8,0.183,1.0164,1.7336,N,,08/2019,Analyst
25-1193.00,1.A.2.a.3,Finger Dexterity,LV,0.38,8,0.183,0.0164,0.7336,N,N,08/2019,Analyst
25-1193.00,1.A.2.b.1,Control Precision,IM,1.38,8,0.183,1.0164,1.7336,N,,08/2019,Analyst
25-1193.00,1.A.2.b.1,Control Precision,LV,0.38,8,0.183,0.0164,0.7336,N,N,08/2019,Analyst
25-1193.00,1.A.2.b.2,Multilimb Coordination,IM,1.38,8,0.183,1.0164,1.7336,N,,08/2019,Analyst
25-1193.00,1.A.2.b.2,Multilimb Coordination,LV,0.38,8,0.183,0.0164,0.7336,N,N,08/2019,Analyst
25-1193.00,1.A.2.b.3,Response Orientation,IM,1.0,8,0.0,1.0,1.0,N,,08/2019,Analyst
25-1193.00,1.A.2.b.3,Response Orientation,LV,0.0,8,0.0,0.0,0.0,N,Y,08/2019,Analyst
25-1193.00,1.A.2.b.4,Rate Control,IM,1.0,8,0.0,1.0,1.0,N,,08/2019,Analyst
25-1193.00,1.A.2.b.4,Rate Control,LV,0.0,8,0.0,0.0,0.0,N,Y,08/2019,Analyst
25-1193.00,1.A.2.c.1,Reaction Time,IM,1.0,8,0.0,1.0,1.0,N,,08/2019,Analyst
25-1193.00,1.A.2.c.1,Reaction Time,LV,0.0,8,0.0,0.0,0.0,N,Y,08/2019,Analyst
25-1193.00,1.A.2.c.2,Wrist-Finger Speed,IM,1.12,8,0.125,1.0,1.37,N,,08/2019,Analyst
25-1193.00,1.A.2.c.2,Wrist-Finger Speed,LV,0.12,8,0.125,0.0,0.37,N,Y,08/2019,Analyst
25-1193.00,1.A.2.c.3,Speed of Limb Movement,IM,1.0,8,0.0,1.0,1.0,N,,08/2019,Analyst
25-1193.00,1.A.2.c.3,Speed of Limb Movement,LV,0.0,8,0.0,0.0,0.0,N,Y,08/2019,Analyst
25-1193.00,1.A.3.a.1,Static Strength,IM,1.38,8,0.183,1.0164,1.7336,N,,08/2019,Analyst
25-1193.00,1.A.3.a.1,Static Strength,LV,0.5,8,0.2673,0.0,1.0238,N,N,08/2019,Analyst
25-1193.00,1.A.3.a.2,Explosive Strength,IM,1.0,8,0.0,1.0,1.0,N,,08/2019,Analyst
25-1193.00,1.A.3.a.2,Explosive Strength,LV,0.0,8,0.0,0.0,0.0,N,Y,08/2019,Analyst
25-1193.00,1.A.3.a.3,Dynamic Strength,IM,1.38,8,0.183,1.0164,1.7336,N,,08/2019,Analyst
25-1193.00,1.A.3.a.3,Dynamic Strength,LV,0.38,8,0.183,0.0164,0.7336,N,N,08/2019,Analyst
25-1193.00,1.A.3.a.4,Trunk Strength,IM,1.88,8,0.125,1.63,2.12,N,,08/2019,Analyst
25-1193.00,1.A.3.a.4,Trunk Strength,LV,1.38,8,0.2631,0.8594,1.8906,N,N,08/2019,Analyst
25-1193.00,1.A.3.b.1,Stamina,IM,1.62,8,0.183,1.2664,1.9836,N,,08/2019,Analyst
25-1193.00,1.A.3.b.1,Stamina,LV,1.0,8,0.3273,0.3584,1.6416,N,N,08/2019,Analyst
25-1193.00,1.A.3.c.1,Extent Flexibility,IM,1.38,8,0.183,1.0164,1.7336,N,,08/2019,Analyst
25-1193.00,1.A.3.c.1,Extent Flexibility,LV,0.5,8,0.2673,0.0,1.0238,N,N,08/2019,Analyst
25-1193.00,1.A.3.c.2,Dynamic Flexibility,IM,1.0,8,0.0,1.0,1.0,N,,08/2019,Analyst
25-1193.00,1.A.3.c.2,Dynamic Flexibility,LV,0.0,8,0.0,0.0,0.0,N,Y,08/2019,Analyst
25-1193.00,1.A.3.c.3,Gross Body Coordination,IM,1.38,8,0.183,1.0164,1.7336,N,,08/2019,Analyst
25-1193.00,1.A.3.c.3,Gross Body Coordination,LV,0.38,8,0.183,0.0164,0.7336,N,N,08/2019,Analyst
25-1193.00,1.A.3.c.4,Gross Body Equilibrium,IM,1.38,8,0.183,1.0164,1.7336,N,,08/2019,Analyst
25-1193.00,1.A.3.c.4,Gross Body Equilibrium,LV,0.5,8,0.2673,0.0,1.0238,N,N,08/2019,Analyst
25-1193.00,1.A.4.a.1,Near Vision,IM,3.62,8,0.183,3.2664,3.9836,N,,08/2019,Analyst
25-1193.00,1.A.4.a.1,Near Vision,LV,3.75,8,0.1637,3.4292,4.0708,N,N,08/2019,Analyst
25-1193.00,1.A.4.a.2,Far Vision,IM,2.88,8,0.2266,2.4309,3.3191,N,,08/2019,Analyst
25-1193.00,1.A.4.a.2,Far Vision,LV,2.88,8,0.2266,2.4309,3.3191,N,N,08/2019,Analyst
25-1193.00,1.A.4.a.3,Visual Color Discrimination,IM,2.0,8,0.0,2.0,2.0,N,,08/2019,Analyst
25-1193.00,1.A.4.a.3,Visual Color Discrimination,LV,1.88,8,0.2266,1.4309,2.3191,N,N,08/2019,Analyst
25-1193.00,1.A.4.a.4,Night Vision,IM,1.0,8,0.0,1.0,1.0,N,,08/2019,Analyst
25-1193.00,1.A.4.a.4,Night Vision,LV,0.0,8,0.0,0.0,0.0,N,Y,08/2019,Analyst
25-1193.00,1.A.4.a.5,Peripheral Vision,IM,1.0,8,0.0,1.0,1.0,N,,08/2019,Analyst
25-1193.00,1.A.4.a.5,Peripheral Vision,LV,0.0,8,0.0,0.0,0.0,N,Y,08/2019,Analyst
25-1193.00,1.A.4.a.6,Depth Perception,IM,2.0,8,0.0,2.0,2.0,N,,08/2019,Analyst
25-1193.00,1.A.4.a.6,Depth Perception,LV,1.62,8,0.183,1.2664,1.9836,N,N,08/2019,Analyst
25-1193.00,1.A.4.a.7,Glare Sensitivity,IM,1.0,8,0.0,1.0,1.0,N,,08/2019,Analyst
25-1193.00,1.A.4.a.7,Glare Sensitivity,LV,0.0,8,0.0,0.0,0.0,N,Y,08/2019,Analyst
25-1193.00,1.A.4.b.1,Hearing Sensitivity,IM,2.0,8,0.0,2.0,2.0,N,,08/2019,Analyst
25-1193.00,1.A.4.b.1,Hearing Sensitivity,LV,1.38,8,0.183,1.0164,1.7336,N,N,08/2019,Analyst
25-1193.00,1.A.4.b.2,Auditory Attention,IM,2.12,8,0.125,1.88,2.37,N,,08/2019,Analyst
25-1193.00,1.A.4.b.2,Auditory Attention,LV,2.0,8,0.0,2.0,2.0,N,N,08/2019,Analyst
25-1193.00,1.A.4.b.3,Sound Localization,IM,1.0,8,0.0,1.0,1.0,N,,08/2019,Analyst
25-1193.00,1.A.4.b.3,Sound Localization,LV,0.0,8,0.0,0.0,0.0,N,Y,08/2019,Analyst
25-1193.00,1.A.4.b.4,Speech Recognition,IM,3.38,8,0.183,3.0164,3.7336,N,,08/2019,Analyst
25-1193.00,1.A.4.b.4,Speech Recognition,LV,3.38,8,0.183,3.0164,3.7336,N,N,08/2019,Analyst
25-1193.00,1.A.4.b.5,Speech Clarity,IM,4.0,8,0.0,4.0,4.0,N,,08/2019,Analyst
25-1193.00,1.A.4.b.5,Speech Clarity,LV,4.75,8,0.1637,4.4292,5.0708,N,N,08/2019,Analyst
25-1194.00,1.A.1.a.1,Oral Comprehension,IM,4.0,8,0.0,4.0,4.0,N,,08/2019,Analyst
25-1194.00,1.A.1.a.1,Oral Comprehension,LV,4.12,8,0.125,3.88,4.37,N,N,08/2019,Analyst
25-1194.00,1.A.1.a.2,Written Comprehension,IM,3.88,8,0.125,3.63,4.12,N,,08/2019,Analyst
25-1194.00,1.A.1.a.2,Written Comprehension,LV,4.0,8,0.0,4.0,4.0,N,N,08/2019,Analyst
25-1194.00,1.A.1.a.3,Oral Expression,IM,4.0,8,0.0,4.0,4.0,N,,08/2019,Analyst
25-1194.00,1.A.1.a.3,Oral Expression,LV,4.88,8,0.125,4.63,5.12,N,N,08/2019,Analyst
25-1194.00,1.A.1.a.4,Written Expression,IM,3.88,8,0.125,3.63,4.12,N,,08/2019,Analyst
25-1194.00,1.A.1.a.4,Written Expression,LV,4.0,8,0.0,4.0,4.0,N,N,08/2019,Analyst
25-1194.00,1.A.1.b.1,Fluency of Ideas,IM,2.88,8,0.125,2.63,3.12,N,,08/2019,Analyst
25-1194.00,1.A.1.b.1,Fluency of Ideas,LV,3.0,8,0.0,3.0,3.0,N,N,08/2019,Analyst
25-1194.00,1.A.1.b.2,Originality,IM,3.0,8,0.0,3.0,3.0,N,,08/2019,Analyst
25-1194.00,1.A.1.b.2,Originality,LV,3.0,8,0.0,3.0,3.0,N,N,08/2019,Analyst
25-1194.00,1.A.1.b.3,Problem Sensitivity,IM,3.75,8,0.1637,3.4292,4.0708,N,,08/2019,Analyst
25-1194.00,1.A.1.b.3,Problem Sensitivity,LV,3.25,8,0.1637,2.9292,3.5708,N,N,08/2019,Analyst
25-1194.00,1.A.1.b.4,Deductive Reasoning,IM,3.62,8,0.183,3.2664,3.9836,N,,08/2019,Analyst
25-1194.00,1.A.1.b.4,Deductive Reasoning,LV,3.75,8,0.1637,3.4292,4.0708,N,N,08/2019,Analyst
25-1194.00,1.A.1.b.5,Inductive Reasoning,IM,3.25,8,0.1637,2.9292,3.5708,N,,08/2019,Analyst
25-1194.00,1.A.1.b.5,Inductive Reasoning,LV,3.25,8,0.1637,2.9292,3.5708,N,N,08/2019,Analyst
25-1194.00,1.A.1.b.6,Information Ordering,IM,3.25,8,0.1637,2.9292,3.5708,N,,08/2019,Analyst
25-1194.00,1.A.1.b.6,Information Ordering,LV,3.25,8,0.1637,2.9292,3.5708,N,N,08/2019,Analyst
25-1194.00,1.A.1.b.7,Category Flexibility,IM,2.88,8,0.125,2.63,3.12,N,,08/2019,Analyst
25-1194.00,1.A.1.b.7,Category Flexibility,LV,3.12,8,0.125,2.88,3.37,N,N,08/2019,Analyst
25-1194.00,1.A.1.c.1,Mathematical Reasoning,IM,2.12,8,0.125,1.88,2.37,N,,08/2019,Analyst
25-1194.00,1.A.1.c.1,Mathematical Reasoning,LV,2.12,8,0.125,1.88,2.37,N,N,08/2019,Analyst
25-1194.00,1.A.1.c.2,Number Facility,IM,2.12,8,0.125,1.88,2.37,N,,08/2019,Analyst
25-1194.00,1.A.1.c.2,Number Facility,LV,2.25,8,0.1637,1.9292,2.5708,N,N,08/2019,Analyst
25-1194.00,1.A.1.d.1,Memorization,IM,2.88,8,0.125,2.63,3.12,N,,08/2019,Analyst
25-1194.00,1.A.1.d.1,Memorization,LV,2.88,8,0.125,2.63,3.12,N,N,08/2019,Analyst
25-1194.00,1.A.1.e.1,Speed of Closure,IM,2.0,8,0.0,2.0,2.0,N,,08/2019,Analyst
25-1194.00,1.A.1.e.1,Speed of Closure,LV,2.0,8,0.0,2.0,2.0,N,N,08/2019,Analyst
25-1194.00,1.A.1.e.2,Flexibility of Closure,IM,2.75,8,0.1637,2.4292,3.0708,N,,08/2019,Analyst
25-1194.00,1.A.1.e.2,Flexibility of Closure,LV,2.12,8,0.125,1.88,2.37,N,N,08/2019,Analyst
25-1194.00,1.A.1.e.3,Perceptual Speed,IM,2.12,8,0.125,1.88,2.37,N,,08/2019,Analyst
25-1194.00,1.A.1.e.3,Perceptual Speed,LV,2.25,8,0.1637,1.9292,2.5708,N,N,08/2019,Analyst
25-1194.00,1.A.1.f.1,Spatial Orientation,IM,1.5,8,0.189,1.1296,1.8704,N,,08/2019,Analyst
25-1194.00,1.A.1.f.1,Spatial Orientation,LV,0.62,8,0.2631,0.1094,1.1406,N,N,08/2019,Analyst
25-1194.00,1.A.1.f.2,Visualization,IM,2.62,8,0.183,2.2664,2.9836,N,,08/2019,Analyst
25-1194.00,1.A.1.f.2,Visualization,LV,2.62,8,0.183,2.2664,2.9836,N,N,08/2019,Analyst
25-1194.00,1.A.1.g.1,Selective Attention,IM,3.0,8,0.0,3.0,3.0,N,,08/2019,Analyst
25-1194.00,1.A.1.g.1,Selective Attention,LV,2.88,8,0.125,2.63,3.12,N,N,08/2019,Analyst
25-1194.00,1.A.1.g.2,Time Sharing,IM,2.88,8,0.125,2.63,3.12,N,,08/2019,Analyst
25-1194.00,1.A.1.g.2,Time Sharing,LV,2.38,8,0.183,2.0164,2.7336,N,N,08/2019,Analyst
25-1194.00,1.A.2.a.1,Arm-Hand Steadiness,IM,2.75,8,0.1637,2.4292,3.0708,N,,08/2019,Analyst
25-1194.00,1.A.2.a.1,Arm-Hand Steadiness,LV,2.5,8,0.189,2.1296,2.8704,N,N,08/2019,Analyst
25-1194.00,1.A.2.a.2,Manual Dexterity,IM,2.5,8,0.189,2.1296,2.8704,N,,08/2019,Analyst
25-1194.00,1.A.2.a.2,Manual Dexterity,LV,2.25,8,0.1637,1.9292,2.5708,N,N,08/2019,Analyst
25-1194.00,1.A.2.a.3,Finger Dexterity,IM,2.88,8,0.125,2.63,3.12,N,,08/2019,Analyst
25-1194.00,1.A.2.a.3,Finger Dexterity,LV,2.5,8,0.189,2.1296,2.8704,N,N,08/2019,Analyst
25-1194.00,1.A.2.b.1,Control Precision,IM,2.62,8,0.183,2.2664,2.9836,N,,08/2019,Analyst
25-1194.00,1.A.2.b.1,Control Precision,LV,2.5,8,0.189,2.1296,2.8704,N,N,08/2019,Analyst
25-1194.00,1.A.2.b.2,Multilimb Coordination,IM,2.12,8,0.125,1.88,2.37,N,,08/2019,Analyst
25-1194.00,1.A.2.b.2,Multilimb Coordination,LV,2.0,8,0.0,2.0,2.0,N,N,08/2019,Analyst
25-1194.00,1.A.2.b.3,Response Orientation,IM,2.0,8,0.0,2.0,2.0,N,,08/2019,Analyst
25-1194.00,1.A.2.b.3,Response Orientation,LV,1.38,8,0.183,1.0164,1.7336,N,N,08/2019,Analyst
25-1194.00,1.A.2.b.4,Rate Control,IM,2.0,8,0.0,2.0,2.0,N,,08/2019,Analyst
25-1194.00,1.A.2.b.4,Rate Control,LV,1.5,8,0.189,1.1296,1.8704,N,N,08/2019,Analyst
25-1194.00,1.A.2.c.1,Reaction Time,IM,2.0,8,0.0,2.0,2.0,N,,08/2019,Analyst
25-1194.00,1.A.2.c.1,Reaction Time,LV,1.5,8,0.189,1.1296,1.8704,N,N,08/2019,Analyst
25-1194.00,1.A.2.c.2,Wrist-Finger Speed,IM,2.0,8,0.0,2.0,2.0,N,,08/2019,Analyst
25-1194.00,1.A.2.c.2,Wrist-Finger Speed,LV,1.12,8,0.125,0.88,1.37,N,N,08/2019,Analyst
25-1194.00,1.A.2.c.3,Speed of Limb Movement,IM,1.38,8,0.183,1.0164,1.7336,N,,08/2019,Analyst
25-1194.00,1.A.2.c.3,Speed of Limb Movement,LV,0.38,8,0.183,0.0164,0.7336,N,N,08/2019,Analyst
25-1194.00,1.A.3.a.1,Static Strength,IM,2.0,8,0.0,2.0,2.0,N,,08/2019,Analyst
25-1194.00,1.A.3.a.1,Static Strength,LV,1.88,8,0.125,1.63,2.12,N,N,08/2019,Analyst
25-1194.00,1.A.3.a.2,Explosive Strength,IM,1.38,8,0.183,1.0164,1.7336,N,,08/2019,Analyst
25-1194.00,1.A.3.a.2,Explosive Strength,LV,0.62,8,0.3239,0.0,1.2598,N,N,08/2019,Analyst
25-1194.00,1.A.3.a.3,Dynamic Strength,IM,2.0,8,0.0,2.0,2.0,N,,08/2019,Analyst
25-1194.00,1.A.3.a.3,Dynamic Strength,LV,1.12,8,0.125,0.88,1.37,N,N,08/2019,Analyst
25-1194.00,1.A.3.a.4,Trunk Strength,IM,2.25,8,0.1637,1.9292,2.5708,N,,08/2019,Analyst
25-1194.00,1.A.3.a.4,Trunk Strength,LV,2.12,8,0.125,1.88,2.37,N,N,08/2019,Analyst
25-1194.00,1.A.3.b.1,Stamina,IM,2.0,8,0.0,2.0,2.0,N,,08/2019,Analyst
25-1194.00,1.A.3.b.1,Stamina,LV,1.25,8,0.1637,0.9292,1.5708,N,N,08/2019,Analyst
25-1194.00,1.A.3.c.1,Extent Flexibility,IM,2.0,8,0.0,2.0,2.0,N,,08/2019,Analyst
25-1194.00,1.A.3.c.1,Extent Flexibility,LV,1.38,8,0.183,1.0164,1.7336,N,N,08/2019,Analyst
25-1194.00,1.A.3.c.2,Dynamic Flexibility,IM,1.0,8,0.0,1.0,1.0,N,,08/2019,Analyst
25-1194.00,1.A.3.c.2,Dynamic Flexibility,LV,0.0,8,0.0,0.0,0.0,N,Y,08/2019,Analyst
25-1194.00,1.A.3.c.3,Gross Body Coordination,IM,2.0,8,0.0,2.0,2.0,N,,08/2019,Analyst
25-1194.00,1.A.3.c.3,Gross Body Coordination,LV,1.0,8,0.0,1.0,1.0,N,N,08/2019,Analyst
25-1194.00,1.A.3.c.4,Gross Body Equilibrium,IM,2.0,8,0.0,2.0,2.0,N,,08/2019,Analyst
25-1194.00,1.A.3.c.4,Gross Body Equilibrium,LV,1.0,8,0.0,1.0,1.0,N,N,08/2019,Analyst
25-1194.00,1.A.4.a.1,Near Vision,IM,3.25,8,0.1637,2.9292,3.5708,N,,08/2019,Analyst
25-1194.00,1.A.4.a.1,Near Vision,LV,3.25,8,0.1637,2.9292,3.5708,N,N,08/2019,Analyst
25-1194.00,1.A.4.a.2,Far Vision,IM,2.88,8,0.125,2.63,3.12,N,,08/2019,Analyst
25-1194.00,1.A.4.a.2,Far Vision,LV,3.0,8,0.189,2.6296,3.3704,N,N,08/2019,Analyst
25-1194.00,1.A.4.a.3,Visual Color Discrimination,IM,2.12,8,0.125,1.88,2.37,N,,08/2019,Analyst
25-1194.00,1.A.4.a.3,Visual Color Discrimination,LV,2.0,8,0.0,2.0,2.0,N,N,08/2019,Analyst
25-1194.00,1.A.4.a.4,Night Vision,IM,1.5,8,0.189,1.1296,1.8704,N,,08/2019,Analyst
25-1194.00,1.A.4.a.4,Night Vision,LV,0.62,8,0.2631,0.1094,1.1406,N,N,08/2019,Analyst
25-1194.00,1.A.4.a.5,Peripheral Vision,IM,1.62,8,0.183,1.2664,1.9836,N,,08/2019,Analyst
25-1194.00,1.A.4.a.5,Peripheral Vision,LV,0.62,8,0.183,0.2664,0.9836,N,N,08/2019,Analyst
25-1194.00,1.A.4.a.6,Depth Perception,IM,2.0,8,0.0,2.0,2.0,N,,08/2019,Analyst
25-1194.00,1.A.4.a.6,Depth Perception,LV,1.88,8,0.125,1.63,2.12,N,N,08/2019,Analyst
25-1194.00,1.A.4.a.7,Glare Sensitivity,IM,1.5,8,0.189,1.1296,1.8704,N,,08/2019,Analyst
25-1194.00,1.A.4.a.7,Glare Sensitivity,LV,0.62,8,0.2631,0.1094,1.1406,N,N,08/2019,Analyst
25-1194.00,1.A.4.b.1,Hearing Sensitivity,IM,2.25,8,0.1637,1.9292,2.5708,N,,08/2019,Analyst
25-1194.00,1.A.4.b.1,Hearing Sensitivity,LV,1.5,8,0.189,1.1296,1.8704,N,N,08/2019,Analyst
25-1194.00,1.A.4.b.2,Auditory Attention,IM,2.25,8,0.1637,1.9292,2.5708,N,,08/2019,Analyst
25-1194.00,1.A.4.b.2,Auditory Attention,LV,2.12,8,0.125,1.88,2.37,N,N,08/2019,Analyst
25-1194.00,1.A.4.b.3,Sound Localization,IM,1.62,8,0.183,1.2664,1.9836,N,,08/2019,Analyst
25-1194.00,1.A.4.b.3,Sound Localization,LV,0.75,8,0.25,0.26,1.24,N,N,08/2019,Analyst
25-1194.00,1.A.4.b.4,Speech Recognition,IM,3.62,8,0.183,3.2664,3.9836,N,,08/2019,Analyst
25-1194.00,1.A.4.b.4,Speech Recognition,LV,3.25,8,0.1637,2.9292,3.5708,N,N,08/2019,Analyst
25-1194.00,1.A.4.b.5,Speech Clarity,IM,3.75,8,0.1637,3.4292,4.0708,N,,08/2019,Analyst
25-1194.00,1.A.4.b.5,Speech Clarity,LV,4.0,8,0.0,4.0,4.0,N,N,08/2019,Analyst
25-2011.00,1.A.1.a.1,Oral Comprehension,IM,4.0,8,0.0,4.0,4.0,N,,08/2019,Analyst
25-2011.00,1.A.1.a.1,Oral Comprehension,LV,3.88,8,0.125,3.63,4.12,N,N,08/2019,Analyst
25-2011.00,1.A.1.a.2,Written Comprehension,IM,3.62,8,0.183,3.2664,3.9836,N,,08/2019,Analyst
25-2011.00,1.A.1.a.2,Written Comprehension,LV,3.12,8,0.125,2.88,3.37,N,N,08/2019,Analyst
25-2011.00,1.A.1.a.3,Oral Expression,IM,4.0,8,0.0,4.0,4.0,N,,08/2019,Analyst
25-2011.00,1.A.1.a.3,Oral Expression,LV,3.88,8,0.125,3.63,4.12,N,N,08/2019,Analyst
25-2011.00,1.A.1.a.4,Written Expression,IM,3.12,8,0.125,2.88,3.37,N,,08/2019,Analyst
25-2011.00,1.A.1.a.4,Written Expression,LV,3.0,8,0.0,3.0,3.0,N,N,08/2019,Analyst
25-2011.00,1.A.1.b.1,Fluency of Ideas,IM,3.62,8,0.183,3.2664,3.9836,N,,08/2019,Analyst
25-2011.00,1.A.1.b.1,Fluency of Ideas,LV,3.25,8,0.1637,2.9292,3.5708,N,N,08/2019,Analyst
25-2011.00,1.A.1.b.2,Originality,IM,3.75,8,0.1637,3.4292,4.0708,N,,08/2019,Analyst
25-2011.00,1.A.1.b.2,Originality,LV,3.62,8,0.183,3.2664,3.9836,N,N,08/2019,Analyst
25-2011.00,1.A.1.b.3,Problem Sensitivity,IM,3.88,8,0.125,3.63,4.12,N,,08/2019,Analyst
25-2011.00,1.A.1.b.3,Problem Sensitivity,LV,3.62,8,0.183,3.2664,3.9836,N,N,08/2019,Analyst
25-2011.00,1.A.1.b.4,Deductive Reasoning,IM,3.5,8,0.189,3.1296,3.8704,N,,08/2019,Analyst
25-2011.00,1.A.1.b.4,Deductive Reasoning,LV,3.0,8,0.0,3.0,3.0,N,N,08/2019,Analyst
25-2011.00,1.A.1.b.5,Inductive Reasoning,IM,3.0,8,0.0,3.0,3.0,N,,08/2019,Analyst
25-2011.00,1.A.1.b.5,Inductive Reasoning,LV,3.0,8,0.0,3.0,3.0,N,N,08/2019,Analyst
25-2011.00,1.A.1.b.6,Information Ordering,IM,3.25,8,0.25,2.76,3.74,N,,08/2019,Analyst
25-2011.00,1.A.1.b.6,Information Ordering,LV,2.88,8,0.125,2.63,3.12,N,N,08/2019,Analyst
25-2011.00,1.A.1.b.7,Category Flexibility,IM,2.88,8,0.125,2.63,3.12,N,,08/2019,Analyst
25-2011.00,1.A.1.b.7,Category Flexibility,LV,3.0,8,0.0,3.0,3.0,N,N,08/2019,Analyst
25-2011.00,1.A.1.c.1,Mathematical Reasoning,IM,2.38,8,0.183,2.0164,2.7336,N,,08/2019,Analyst
25-2011.00,1.A.1.c.1,Mathematical Reasoning,LV,2.0,8,0.0,2.0,2.0,N,N,08/2019,Analyst
25-2011.00,1.A.1.c.2,Number Facility,IM,2.0,8,0.0,2.0,2.0,N,,08/2019,Analyst
25-2011.00,1.A.1.c.2,Number Facility,LV,2.0,8,0.0,2.0,2.0,N,N,08/2019,Analyst
25-2011.00,1.A.1.d.1,Memorization,IM,2.75,8,0.1637,2.4292,3.0708,N,,08/2019,Analyst
25-2011.00,1.A.1.d.1,Memorization,LV,2.5,8,0.189,2.1296,2.8704,N,N,08/2019,Analyst
25-2011.00,1.A.1.e.1,Speed of Closure,IM,2.75,8,0.1637,2.4292,3.0708,N,,08/2019,Analyst
25-2011.00,1.A.1.e.1,Speed of Closure,LV,2.12,8,0.125,1.88,2.37,N,N,08/2019,Analyst
25-2011.00,1.A.1.e.2,Flexibility of Closure,IM,2.88,8,0.125,2.63,3.12,N,,08/2019,Analyst
25-2011.00,1.A.1.e.2,Flexibility of Closure,LV,3.0,8,0.0,3.0,3.0,N,N,08/2019,Analyst
25-2011.00,1.A.1.e.3,Perceptual Speed,IM,2.62,8,0.183,2.2664,2.9836,N,,08/2019,Analyst
25-2011.00,1.A.1.e.3,Perceptual Speed,LV,2.0,8,0.0,2.0,2.0,N,N,08/2019,Analyst
25-2011.00,1.A.1.f.1,Spatial Orientation,IM,1.12,8,0.125,1.0,1.37,N,,08/2019,Analyst
25-2011.00,1.A.1.f.1,Spatial Orientation,LV,0.12,8,0.125,0.0,0.37,N,Y,08/2019,Analyst
25-2011.00,1.A.1.f.2,Visualization,IM,2.62,8,0.183,2.2664,2.9836,N,,08/2019,Analyst
25-2011.00,1.A.1.f.2,Visualization,LV,2.5,8,0.189,2.1296,2.8704,N,N,08/2019,Analyst
25-2011.00,1.A.1.g.1,Selective Attention,IM,2.88,8,0.125,2.63,3.12,N,,08/2019,Analyst
25-2011.00,1.A.1.g.1,Selective Attention,LV,3.0,8,0.0,3.0,3.0,N,N,08/2019,Analyst
25-2011.00,1.A.1.g.2,Time Sharing,IM,2.88,8,0.125,2.63,3.12,N,,08/2019,Analyst
25-2011.00,1.A.1.g.2,Time Sharing,LV,2.75,8,0.1637,2.4292,3.0708,N,N,08/2019,Analyst
25-2011.00,1.A.2.a.1,Arm-Hand Steadiness,IM,2.12,8,0.125,1.88,2.37,N,,08/2019,Analyst
25-2011.00,1.A.2.a.1,Arm-Hand Steadiness,LV,2.0,8,0.0,2.0,2.0,N,N,08/2019,Analyst
25-2011.00,1.A.2.a.2,Manual Dexterity,IM,2.12,8,0.125,1.88,2.37,N,,08/2019,Analyst
25-2011.00,1.A.2.a.2,Manual Dexterity,LV,2.0,8,0.0,2.0,2.0,N,N,08/2019,Analyst
25-2011.00,1.A.2.a.3,Finger Dexterity,IM,2.12,8,0.125,1.88,2.37,N,,08/2019,Analyst
25-2011.00,1.A.2.a.3,Finger Dexterity,LV,2.0,8,0.0,2.0,2.0,N,N,08/2019,Analyst
25-2011.00,1.A.2.b.1,Control Precision,IM,1.62,8,0.183,1.2664,1.9836,N,,08/2019,Analyst
25-2011.00,1.A.2.b.1,Control Precision,LV,0.75,8,0.25,0.26,1.24,N,N,08/2019,Analyst
25-2011.00,1.A.2.b.2,Multilimb Coordination,IM,2.12,8,0.125,1.88,2.37,N,,08/2019,Analyst
25-2011.00,1.A.2.b.2,Multilimb Coordination,LV,2.0,8,0.0,2.0,2.0,N,N,08/2019,Analyst
25-2011.00,1.A.2.b.3,Response Orientation,IM,1.12,8,0.125,1.0,1.37,N,,08/2019,Analyst
25-2011.00,1.A.2.b.3,Response Orientation,LV,0.12,8,0.125,0.0,0.37,N,Y,08/2019,Analyst
25-2011.00,1.A.2.b.4,Rate Control,IM,1.0,8,0.0,1.0,1.0,N,,08/2019,Analyst
25-2011.00,1.A.2.b.4,Rate Control,LV,0.0,8,0.0,0.0,0.0,N,Y,08/2019,Analyst
25-2011.00,1.A.2.c.1,Reaction Time,IM,1.25,8,0.1637,1.0,1.5708,N,,08/2019,Analyst
25-2011.00,1.A.2.c.1,Reaction Time,LV,0.25,8,0.1637,0.0,0.5708,N,Y,08/2019,Analyst
25-2011.00,1.A.2.c.2,Wrist-Finger Speed,IM,1.25,8,0.1637,1.0,1.5708,N,,08/2019,Analyst
25-2011.00,1.A.2.c.2,Wrist-Finger Speed,LV,0.25,8,0.1637,0.0,0.5708,N,Y,08/2019,Analyst
25-2011.00,1.A.2.c.3,Speed of Limb Movement,IM,1.62,8,0.183,1.2664,1.9836,N,,08/2019,Analyst
25-2011.00,1.A.2.c.3,Speed of Limb Movement,LV,1.0,8,0.3273,0.3584,1.6416,N,N,08/2019,Analyst
25-2011.00,1.A.3.a.1,Static Strength,IM,2.12,8,0.125,1.88,2.37,N,,08/2019,Analyst
25-2011.00,1.A.3.a.1,Static Strength,LV,2.0,8,0.189,1.6296,2.3704,N,N,08/2019,Analyst
25-2011.00,1.A.3.a.2,Explosive Strength,IM,1.38,8,0.183,1.0164,1.7336,N,,08/2019,Analyst
25-2011.00,1.A.3.a.2,Explosive Strength,LV,0.62,8,0.3239,0.0,1.2598,N,N,08/2019,Analyst
25-2011.00,1.A.3.a.3,Dynamic Strength,IM,2.0,8,0.0,2.0,2.0,N,,08/2019,Analyst
25-2011.00,1.A.3.a.3,Dynamic Strength,LV,1.38,8,0.183,1.0164,1.7336,N,N,08/2019,Analyst
25-2011.00,1.A.3.a.4,Trunk Strength,IM,2.75,8,0.1637,2.4292,3.0708,N,,08/2019,Analyst
25-2011.00,1.A.3.a.4,Trunk Strength,LV,2.5,8,0.189,2.1296,2.8704,N,N,08/2019,Analyst
25-2011.00,1.A.3.b.1,Stamina,IM,2.38,8,0.183,2.0164,2.7336,N,,08/2019,Analyst
25-2011.00,1.A.3.b.1,Stamina,LV,1.75,8,0.1637,1.4292,2.0708,N,N,08/2019,Analyst
25-2011.00,1.A.3.c.1,Extent Flexibility,IM,2.38,8,0.183,2.0164,2.7336,N,,08/2019,Analyst
25-2011.00,1.A.3.c.1,Extent Flexibility,LV,2.5,8,0.189,2.1296,2.8704,N,N,08/2019,Analyst
25-2011.00,1.A.3.c.2,Dynamic Flexibility,IM,1.0,8,0.0,1.0,1.0,N,,08/2019,Analyst
25-2011.00,1.A.3.c.2,Dynamic Flexibility,LV,0.0,8,0.0,0.0,0.0,N,Y,08/2019,Analyst
25-2011.00,1.A.3.c.3,Gross Body Coordination,IM,2.12,8,0.125,1.88,2.37,N,,08/2019,Analyst
25-2011.00,1.A.3.c.3,Gross Body Coordination,LV,2.0,8,0.0,2.0,2.0,N,N,08/2019,Analyst
25-2011.00,1.A.3.c.4,Gross Body Equilibrium,IM,2.0,8,0.0,2.0,2.0,N,,08/2019,Analyst
25-2011.00,1.A.3.c.4,Gross Body Equilibrium,LV,1.5,8,0.189,1.1296,1.8704,N,N,08/2019,Analyst
25-2011.00,1.A.4.a.1,Near Vision,IM,3.25,8,0.1637,2.9292,3.5708,N,,08/2019,Analyst
25-2011.00,1.A.4.a.1,Near Vision,LV,3.12,8,0.125,2.88,3.37,N,N,08/2019,Analyst
25-2011.00,1.A.4.a.2,Far Vision,IM,3.0,8,0.189,2.6296,3.3704,N,,08/2019,Analyst
25-2011.00,1.A.4.a.2,Far Vision,LV,3.0,8,0.0,3.0,3.0,N,N,08/2019,Analyst
25-2011.00,1.A.4.a.3,Visual Color Discrimination,IM,2.5,8,0.189,2.1296,2.8704,N,,08/2019,Analyst
25-2011.00,1.A.4.a.3,Visual Color Discrimination,LV,2.25,8,0.1637,1.9292,2.5708,N,N,08/2019,Analyst
25-2011.00,1.A.4.a.4,Night Vision,IM,1.0,8,0.0,1.0,1.0,N,,08/2019,Analyst
25-2011.00,1.A.4.a.4,Night Vision,LV,0.0,8,0.0,0.0,0.0,N,Y,08/2019,Analyst
25-2011.00,1.A.4.a.5,Peripheral Vision,IM,1.0,8,0.0,1.0,1.0,N,,08/2019,Analyst
25-2011.00,1.A.4.a.5,Peripheral Vision,LV,0.0,8,0.0,0.0,0.0,N,Y,08/2019,Analyst
25-2011.00,1.A.4.a.6,Depth Perception,IM,2.0,8,0.0,2.0,2.0,N,,08/2019,Analyst
25-2011.00,1.A.4.a.6,Depth Perception,LV,1.0,8,0.0,1.0,1.0,N,N,08/2019,Analyst
25-2011.00,1.A.4.a.7,Glare Sensitivity,IM,1.0,8,0.0,1.0,1.0,N,,08/2019,Analyst
25-2011.00,1.A.4.a.7,Glare Sensitivity,LV,0.0,8,0.0,0.0,0.0,N,Y,08/2019,Analyst
25-2011.00,1.A.4.b.1,Hearing Sensitivity,IM,2.5,8,0.189,2.1296,2.8704,N,,08/2019,Analyst
25-2011.00,1.A.4.b.1,Hearing Sensitivity,LV,2.0,8,0.0,2.0,2.0,N,N,08/2019,Analyst
25-2011.00,1.A.4.b.2,Auditory Attention,IM,2.5,8,0.189,2.1296,2.8704,N,,08/2019,Analyst
25-2011.00,1.A.4.b.2,Auditory Attention,LV,2.0,8,0.0,2.0,2.0,N,N,08/2019,Analyst
25-2011.00,1.A.4.b.3,Sound Localization,IM,1.38,8,0.183,1.0164,1.7336,N,,08/2019,Analyst
25-2011.00,1.A.4.b.3,Sound Localization,LV,0.38,8,0.183,0.0164,0.7336,N,N,08/2019,Analyst
25-2011.00,1.A.4.b.4,Speech Recognition,IM,3.62,8,0.183,3.2664,3.9836,N,,08/2019,Analyst
25-2011.00,1.A.4.b.4,Speech Recognition,LV,3.25,8,0.1637,2.9292,3.5708,N,N,08/2019,Analyst
25-2011.00,1.A.4.b.5,Speech Clarity,IM,4.0,8,0.0,4.0,4.0,N,,08/2019,Analyst
25-2011.00,1.A.4.b.5,Speech Clarity,LV,3.25,8,0.1637,2.9292,3.5708,N,N,08/2019,Analyst
25-2012.00,1.A.1.a.1,Oral Comprehension,IM,3.88,8,0.125,3.63,4.12,N,,08/2018,Analyst
25-2012.00,1.A.1.a.1,Oral Comprehension,LV,3.88,8,0.125,3.63,4.12,N,N,08/2018,Analyst
25-2012.00,1.A.1.a.2,Written Comprehension,IM,4.0,8,0.0,4.0,4.0,N,,08/2018,Analyst
25-2012.00,1.A.1.a.2,Written Comprehension,LV,3.88,8,0.125,3.63,4.12,N,N,08/2018,Analyst
25-2012.00,1.A.1.a.3,Oral Expression,IM,4.12,8,0.125,3.88,4.37,N,,08/2018,Analyst
25-2012.00,1.A.1.a.3,Oral Expression,LV,3.88,8,0.125,3.63,4.12,N,N,08/2018,Analyst
25-2012.00,1.A.1.a.4,Written Expression,IM,3.88,8,0.125,3.63,4.12,N,,08/2018,Analyst
25-2012.00,1.A.1.a.4,Written Expression,LV,4.0,8,0.0,4.0,4.0,N,N,08/2018,Analyst
25-2012.00,1.A.1.b.1,Fluency of Ideas,IM,3.75,8,0.1637,3.4292,4.0708,N,,08/2018,Analyst
25-2012.00,1.A.1.b.1,Fluency of Ideas,LV,3.38,8,0.183,3.0164,3.7336,N,N,08/2018,Analyst
25-2012.00,1.A.1.b.2,Originality,IM,3.38,8,0.183,3.0164,3.7336,N,,08/2018,Analyst
25-2012.00,1.A.1.b.2,Originality,LV,3.38,8,0.183,3.0164,3.7336,N,N,08/2018,Analyst
25-2012.00,1.A.1.b.3,Problem Sensitivity,IM,3.88,8,0.125,3.63,4.12,N,,08/2018,Analyst
25-2012.00,1.A.1.b.3,Problem Sensitivity,LV,3.62,8,0.183,3.2664,3.9836,N,N,08/2018,Analyst
25-2012.00,1.A.1.b.4,Deductive Reasoning,IM,3.38,8,0.183,3.0164,3.7336,N,,08/2018,Analyst
25-2012.00,1.A.1.b.4,Deductive Reasoning,LV,3.62,8,0.183,3.2664,3.9836,N,N,08/2018,Analyst
25-2012.00,1.A.1.b.5,Inductive Reasoning,IM,3.38,8,0.183,3.0164,3.7336,N,,08/2018,Analyst
25-2012.00,1.A.1.b.5,Inductive Reasoning,LV,3.62,8,0.183,3.2664,3.9836,N,N,08/2018,Analyst
25-2012.00,1.A.1.b.6,Information Ordering,IM,3.25,8,0.1637,2.9292,3.5708,N,,08/2018,Analyst
25-2012.00,1.A.1.b.6,Information Ordering,LV,3.12,8,0.125,2.88,3.37,N,N,08/2018,Analyst
25-2012.00,1.A.1.b.7,Category Flexibility,IM,3.12,8,0.125,2.88,3.37,N,,08/2018,Analyst
25-2012.00,1.A.1.b.7,Category Flexibility,LV,3.12,8,0.125,2.88,3.37,N,N,08/2018,Analyst
25-2012.00,1.A.1.c.1,Mathematical Reasoning,IM,2.5,8,0.189,2.1296,2.8704,N,,08/2018,Analyst
25-2012.00,1.A.1.c.1,Mathematical Reasoning,LV,2.5,8,0.378,1.7592,3.2408,N,N,08/2018,Analyst
25-2012.00,1.A.1.c.2,Number Facility,IM,2.88,8,0.125,2.63,3.12,N,,08/2018,Analyst
25-2012.00,1.A.1.c.2,Number Facility,LV,2.38,8,0.183,2.0164,2.7336,N,N,08/2018,Analyst
25-2012.00,1.A.1.d.1,Memorization,IM,2.75,8,0.25,2.26,3.24,N,,08/2018,Analyst
25-2012.00,1.A.1.d.1,Memorization,LV,2.75,8,0.1637,2.4292,3.0708,N,N,08/2018,Analyst
25-2012.00,1.A.1.e.1,Speed of Closure,IM,2.75,8,0.1637,2.4292,3.0708,N,,08/2018,Analyst
25-2012.00,1.A.1.e.1,Speed of Closure,LV,2.38,8,0.183,2.0164,2.7336,N,N,08/2018,Analyst
25-2012.00,1.A.1.e.2,Flexibility of Closure,IM,2.88,8,0.125,2.63,3.12,N,,08/2018,Analyst
25-2012.00,1.A.1.e.2,Flexibility of Closure,LV,2.75,8,0.1637,2.4292,3.0708,N,N,08/2018,Analyst
25-2012.00,1.A.1.e.3,Perceptual Speed,IM,2.62,8,0.183,2.2664,2.9836,N,,08/2018,Analyst
25-2012.00,1.A.1.e.3,Perceptual Speed,LV,2.62,8,0.183,2.2664,2.9836,N,N,08/2018,Analyst
25-2012.00,1.A.1.f.1,Spatial Orientation,IM,1.0,8,0.0,1.0,1.0,N,,08/2018,Analyst
25-2012.00,1.A.1.f.1,Spatial Orientation,LV,0.0,8,0.0,0.0,0.0,N,Y,08/2018,Analyst
25-2012.00,1.A.1.f.2,Visualization,IM,2.38,8,0.183,2.0164,2.7336,N,,08/2018,Analyst
25-2012.00,1.A.1.f.2,Visualization,LV,2.5,8,0.189,2.1296,2.8704,N,N,08/2018,Analyst
25-2012.00,1.A.1.g.1,Selective Attention,IM,3.25,8,0.1637,2.9292,3.5708,N,,08/2018,Analyst
25-2012.00,1.A.1.g.1,Selective Attention,LV,3.0,8,0.189,2.6296,3.3704,N,N,08/2018,Analyst
25-2012.00,1.A.1.g.2,Time Sharing,IM,3.0,8,0.189,2.6296,3.3704,N,,08/2018,Analyst
25-2012.00,1.A.1.g.2,Time Sharing,LV,3.0,8,0.0,3.0,3.0,N,N,08/2018,Analyst
25-2012.00,1.A.2.a.1,Arm-Hand Steadiness,IM,2.25,8,0.1637,1.9292,2.5708,N,,08/2018,Analyst
25-2012.00,1.A.2.a.1,Arm-Hand Steadiness,LV,2.12,8,0.125,1.88,2.37,N,N,08/2018,Analyst
25-2012.00,1.A.2.a.2,Manual Dexterity,IM,1.62,8,0.183,1.2664,1.9836,N,,08/2018,Analyst
25-2012.00,1.A.2.a.2,Manual Dexterity,LV,1.12,8,0.3504,0.4383,1.8117,N,N,08/2018,Analyst
25-2012.00,1.A.2.a.3,Finger Dexterity,IM,2.25,8,0.1637,1.9292,2.5708,N,,08/2018,Analyst
25-2012.00,1.A.2.a.3,Finger Dexterity,LV,1.88,8,0.125,1.63,2.12,N,N,08/2018,Analyst
25-2012.00,1.A.2.b.1,Control Precision,IM,1.62,8,0.183,1.2664,1.9836,N,,08/2018,Analyst
25-2012.00,1.A.2.b.1,Control Precision,LV,0.75,8,0.25,0.26,1.24,N,N,08/2018,Analyst
25-2012.00,1.A.2.b.2,Multilimb Coordination,IM,2.12,8,0.125,1.88,2.37,N,,08/2018,Analyst
25-2012.00,1.A.2.b.2,Multilimb Coordination,LV,1.75,8,0.1637,1.4292,2.0708,N,N,08/2018,Analyst
25-2012.00,1.A.2.b.3,Response Orientation,IM,1.0,8,0.0,1.0,1.0,N,,08/2018,Analyst
25-2012.00,1.A.2.b.3,Response Orientation,LV,0.0,8,0.0,0.0,0.0,N,Y,08/2018,Analyst
25-2012.00,1.A.2.b.4,Rate Control,IM,1.0,8,0.0,1.0,1.0,N,,08/2018,Analyst
25-2012.00,1.A.2.b.4,Rate Control,LV,0.0,8,0.0,0.0,0.0,N,Y,08/2018,Analyst
25-2012.00,1.A.2.c.1,Reaction Time,IM,1.0,8,0.0,1.0,1.0,N,,08/2018,Analyst
25-2012.00,1.A.2.c.1,Reaction Time,LV,0.0,8,0.0,0.0,0.0,N,Y,08/2018,Analyst
25-2012.00,1.A.2.c.2,Wrist-Finger Speed,IM,1.5,8,0.2673,1.0,2.0238,N,,08/2018,Analyst
25-2012.00,1.A.2.c.2,Wrist-Finger Speed,LV,0.5,8,0.2673,0.0,1.0238,N,N,08/2018,Analyst
25-2012.00,1.A.2.c.3,Speed of Limb Movement,IM,1.0,8,0.0,1.0,1.0,N,,08/2018,Analyst
25-2012.00,1.A.2.c.3,Speed of Limb Movement,LV,0.0,8,0.0,0.0,0.0,N,Y,08/2018,Analyst
25-2012.00,1.A.3.a.1,Static Strength,IM,2.25,8,0.1637,1.9292,2.5708,N,,08/2018,Analyst
25-2012.00,1.A.3.a.1,Static Strength,LV,1.88,8,0.2266,1.4309,2.3191,N,N,08/2018,Analyst
25-2012.00,1.A.3.a.2,Explosive Strength,IM,1.5,8,0.189,1.1296,1.8704,N,,08/2018,Analyst
25-2012.00,1.A.3.a.2,Explosive Strength,LV,0.75,8,0.3134,0.1358,1.3642,N,N,08/2018,Analyst
25-2012.00,1.A.3.a.3,Dynamic Strength,IM,2.0,8,0.189,1.6296,2.3704,N,,08/2018,Analyst
25-2012.00,1.A.3.a.3,Dynamic Strength,LV,1.38,8,0.2631,0.8594,1.8906,N,N,08/2018,Analyst
25-2012.00,1.A.3.a.4,Trunk Strength,IM,2.38,8,0.183,2.0164,2.7336,N,,08/2018,Analyst
25-2012.00,1.A.3.a.4,Trunk Strength,LV,2.5,8,0.189,2.1296,2.8704,N,N,08/2018,Analyst
25-2012.00,1.A.3.b.1,Stamina,IM,1.88,8,0.125,1.63,2.12,N,,08/2018,Analyst
25-2012.00,1.A.3.b.1,Stamina,LV,1.25,8,0.25,0.76,1.74,N,N,08/2018,Analyst
25-2012.00,1.A.3.c.1,Extent Flexibility,IM,2.25,8,0.1637,1.9292,2.5708,N,,08/2018,Analyst
25-2012.00,1.A.3.c.1,Extent Flexibility,LV,1.88,8,0.2266,1.4309,2.3191,N,N,08/2018,Analyst
25-2012.00,1.A.3.c.2,Dynamic Flexibility,IM,1.0,8,0.0,1.0,1.0,N,,08/2018,Analyst
25-2012.00,1.A.3.c.2,Dynamic Flexibility,LV,0.0,8,0.0,0.0,0.0,N,Y,08/2018,Analyst
25-2012.00,1.A.3.c.3,Gross Body Coordination,IM,2.25,8,0.1637,1.9292,2.5708,N,,08/2018,Analyst
25-2012.00,1.A.3.c.3,Gross Body Coordination,LV,1.75,8,0.25,1.26,2.24,N,N,08/2018,Analyst
25-2012.00,1.A.3.c.4,Gross Body Equilibrium,IM,2.12,8,0.125,1.88,2.37,N,,08/2018,Analyst
25-2012.00,1.A.3.c.4,Gross Body Equilibrium,LV,1.75,8,0.25,1.26,2.24,N,N,08/2018,Analyst
25-2012.00,1.A.4.a.1,Near Vision,IM,3.25,8,0.1637,2.9292,3.5708,N,,08/2018,Analyst
25-2012.00,1.A.4.a.1,Near Vision,LV,3.12,8,0.125,2.88,3.37,N,N,08/2018,Analyst
25-2012.00,1.A.4.a.2,Far Vision,IM,2.75,8,0.1637,2.4292,3.0708,N,,08/2018,Analyst
25-2012.00,1.A.4.a.2,Far Vision,LV,2.88,8,0.2266,2.4309,3.3191,N,N,08/2018,Analyst
25-2012.00,1.A.4.a.3,Visual Color Discrimination,IM,2.38,8,0.183,2.0164,2.7336,N,,08/2018,Analyst
25-2012.00,1.A.4.a.3,Visual Color Discrimination,LV,2.0,8,0.189,1.6296,2.3704,N,N,08/2018,Analyst
25-2012.00,1.A.4.a.4,Night Vision,IM,1.0,8,0.0,1.0,1.0,N,,08/2018,Analyst
25-2012.00,1.A.4.a.4,Night Vision,LV,0.0,8,0.0,0.0,0.0,N,Y,08/2018,Analyst
25-2012.00,1.A.4.a.5,Peripheral Vision,IM,1.0,8,0.0,1.0,1.0,N,,08/2018,Analyst
25-2012.00,1.A.4.a.5,Peripheral Vision,LV,0.0,8,0.0,0.0,0.0,N,Y,08/2018,Analyst
25-2012.00,1.A.4.a.6,Depth Perception,IM,1.5,8,0.189,1.1296,1.8704,N,,08/2018,Analyst
25-2012.00,1.A.4.a.6,Depth Perception,LV,0.5,8,0.189,0.1296,0.8704,N,N,08/2018,Analyst
25-2012.00,1.A.4.a.7,Glare Sensitivity,IM,1.0,8,0.0,1.0,1.0,N,,08/2018,Analyst
25-2012.00,1.A.4.a.7,Glare Sensitivity,LV,0.0,8,0.0,0.0,0.0,N,Y,08/2018,Analyst
25-2012.00,1.A.4.b.1,Hearing Sensitivity,IM,2.12,8,0.125,1.88,2.37,N,,08/2018,Analyst
25-2012.00,1.A.4.b.1,Hearing Sensitivity,LV,2.0,8,0.0,2.0,2.0,N,N,08/2018,Analyst
25-2012.00,1.A.4.b.2,Auditory Attention,IM,2.25,8,0.1637,1.9292,2.5708,N,,08/2018,Analyst
25-2012.00,1.A.4.b.2,Auditory Attention,LV,2.12,8,0.125,1.88,2.37,N,N,08/2018,Analyst
25-2012.00,1.A.4.b.3,Sound Localization,IM,1.12,8,0.125,1.0,1.37,N,,08/2018,Analyst
25-2012.00,1.A.4.b.3,Sound Localization,LV,0.12,8,0.125,0.0,0.37,N,Y,08/2018,Analyst
25-2012.00,1.A.4.b.4,Speech Recognition,IM,3.62,8,0.183,3.2664,3.9836,N,,08/2018,Analyst
25-2012.00,1.A.4.b.4,Speech Recognition,LV,3.75,8,0.1637,3.4292,4.0708,N,N,08/2018,Analyst
25-2012.00,1.A.4.b.5,Speech Clarity,IM,3.88,8,0.125,3.63,4.12,N,,08/2018,Analyst
25-2012.00,1.A.4.b.5,Speech Clarity,LV,3.75,8,0.1637,3.4292,4.0708,N,N,08/2018,Analyst
25-2021.00,1.A.1.a.1,Oral Comprehension,IM,4.0,8,0.0,4.0,4.0,N,,08/2024,Analyst
25-2021.00,1.A.1.a.1,Oral Comprehension,LV,4.0,8,0.0,4.0,4.0,N,N,08/2024,Analyst
25-2021.00,1.A.1.a.2,Written Comprehension,IM,3.88,8,0.125,3.63,4.12,N,,08/2024,Analyst
25-2021.00,1.A.1.a.2,Written Comprehension,LV,4.0,8,0.0,4.0,4.0,N,N,08/2024,Analyst
25-2021.00,1.A.1.a.3,Oral Expression,IM,4.62,8,0.183,4.2664,4.9836,N,,08/2024,Analyst
25-2021.00,1.A.1.a.3,Oral Expression,LV,4.0,8,0.0,4.0,4.0,N,N,08/2024,Analyst
25-2021.00,1.A.1.a.4,Written Expression,IM,3.88,8,0.125,3.63,4.12,N,,08/2024,Analyst
25-2021.00,1.A.1.a.4,Written Expression,LV,4.0,8,0.0,4.0,4.0,N,N,08/2024,Analyst
25-2021.00,1.A.1.b.1,Fluency of Ideas,IM,3.88,8,0.125,3.63,4.12,N,,08/2024,Analyst
25-2021.00,1.A.1.b.1,Fluency of Ideas,LV,3.88,8,0.125,3.63,4.12,N,N,08/2024,Analyst
25-2021.00,1.A.1.b.2,Originality,IM,3.75,8,0.1637,3.4292,4.0708,N,,08/2024,Analyst
25-2021.00,1.A.1.b.2,Originality,LV,3.88,8,0.125,3.63,4.12,N,N,08/2024,Analyst
25-2021.00,1.A.1.b.3,Problem Sensitivity,IM,4.0,8,0.0,4.0,4.0,N,,08/2024,Analyst
25-2021.00,1.A.1.b.3,Problem Sensitivity,LV,4.0,8,0.0,4.0,4.0,N,N,08/2024,Analyst
25-2021.00,1.A.1.b.4,Deductive Reasoning,IM,3.88,8,0.125,3.63,4.12,N,,08/2024,Analyst
25-2021.00,1.A.1.b.4,Deductive Reasoning,LV,3.88,8,0.125,3.63,4.12,N,N,08/2024,Analyst
25-2021.00,1.A.1.b.5,Inductive Reasoning,IM,4.0,8,0.0,4.0,4.0,N,,08/2024,Analyst
25-2021.00,1.A.1.b.5,Inductive Reasoning,LV,3.75,8,0.1637,3.4292,4.0708,N,N,08/2024,Analyst
25-2021.00,1.A.1.b.6,Information Ordering,IM,3.88,8,0.125,3.63,4.12,N,,08/2024,Analyst
25-2021.00,1.A.1.b.6,Information Ordering,LV,3.38,8,0.183,3.0164,3.7336,N,N,08/2024,Analyst
25-2021.00,1.A.1.b.7,Category Flexibility,IM,3.38,8,0.183,3.0164,3.7336,N,,08/2024,Analyst
25-2021.00,1.A.1.b.7,Category Flexibility,LV,3.12,8,0.125,2.88,3.37,N,N,08/2024,Analyst
25-2021.00,1.A.1.c.1,Mathematical Reasoning,IM,3.0,8,0.0,3.0,3.0,N,,08/2024,Analyst
25-2021.00,1.A.1.c.1,Mathematical Reasoning,LV,2.88,8,0.125,2.63,3.12,N,N,08/2024,Analyst
25-2021.00,1.A.1.c.2,Number Facility,IM,2.88,8,0.125,2.63,3.12,N,,08/2024,Analyst
25-2021.00,1.A.1.c.2,Number Facility,LV,2.62,8,0.183,2.2664,2.9836,N,N,08/2024,Analyst
25-2021.00,1.A.1.d.1,Memorization,IM,2.88,8,0.125,2.63,3.12,N,,08/2024,Analyst
25-2021.00,1.A.1.d.1,Memorization,LV,2.88,8,0.125,2.63,3.12,N,N,08/2024,Analyst
25-2021.00,1.A.1.e.1,Speed of Closure,IM,2.62,8,0.183,2.2664,2.9836,N,,08/2024,Analyst
25-2021.00,1.A.1.e.1,Speed of Closure,LV,2.5,8,0.189,2.1296,2.8704,N,N,08/2024,Analyst
25-2021.00,1.A.1.e.2,Flexibility of Closure,IM,3.0,8,0.0,3.0,3.0,N,,08/2024,Analyst
25-2021.00,1.A.1.e.2,Flexibility of Closure,LV,3.0,8,0.0,3.0,3.0,N,N,08/2024,Analyst
25-2021.00,1.A.1.e.3,Perceptual Speed,IM,2.62,8,0.183,2.2664,2.9836,N,,08/2024,Analyst
25-2021.00,1.A.1.e.3,Perceptual Speed,LV,2.5,8,0.189,2.1296,2.8704,N,N,08/2024,Analyst
25-2021.00,1.A.1.f.1,Spatial Orientation,IM,1.0,8,0.0,1.0,1.0,N,,08/2024,Analyst
25-2021.00,1.A.1.f.1,Spatial Orientation,LV,0.0,8,0.0,0.0,0.0,N,Y,08/2024,Analyst
25-2021.00,1.A.1.f.2,Visualization,IM,2.62,8,0.183,2.2664,2.9836,N,,08/2024,Analyst
25-2021.00,1.A.1.f.2,Visualization,LV,2.62,8,0.183,2.2664,2.9836,N,N,08/2024,Analyst
25-2021.00,1.A.1.g.1,Selective Attention,IM,3.12,8,0.125,2.88,3.37,N,,08/2024,Analyst
25-2021.00,1.A.1.g.1,Selective Attention,LV,3.0,8,0.0,3.0,3.0,N,N,08/2024,Analyst
25-2021.00,1.A.1.g.2,Time Sharing,IM,3.0,8,0.0,3.0,3.0,N,,08/2024,Analyst
25-2021.00,1.A.1.g.2,Time Sharing,LV,2.88,8,0.125,2.63,3.12,N,N,08/2024,Analyst
25-2021.00,1.A.2.a.1,Arm-Hand Steadiness,IM,1.62,8,0.183,1.2664,1.9836,N,,08/2024,Analyst
25-2021.00,1.A.2.a.1,Arm-Hand Steadiness,LV,0.62,8,0.183,0.2664,0.9836,N,N,08/2024,Analyst
25-2021.00,1.A.2.a.2,Manual Dexterity,IM,1.5,8,0.2673,1.0,2.0238,N,,08/2024,Analyst
25-2021.00,1.A.2.a.2,Manual Dexterity,LV,0.5,8,0.2673,0.0,1.0238,N,N,08/2024,Analyst
25-2021.00,1.A.2.a.3,Finger Dexterity,IM,1.75,8,0.1637,1.4292,2.0708,N,,08/2024,Analyst
25-2021.00,1.A.2.a.3,Finger Dexterity,LV,1.5,8,0.3273,0.8584,2.1416,N,N,08/2024,Analyst
25-2021.00,1.A.2.b.1,Control Precision,IM,1.12,8,0.125,1.0,1.37,N,,08/2024,Analyst
25-2021.00,1.A.2.b.1,Control Precision,LV,0.12,8,0.125,0.0,0.37,N,Y,08/2024,Analyst
25-2021.00,1.A.2.b.2,Multilimb Coordination,IM,1.88,8,0.125,1.63,2.12,N,,08/2024,Analyst
25-2021.00,1.A.2.b.2,Multilimb Coordination,LV,0.88,8,0.125,0.63,1.12,N,N,08/2024,Analyst
25-2021.00,1.A.2.b.3,Response Orientation,IM,1.0,8,0.0,1.0,1.0,N,,08/2024,Analyst
25-2021.00,1.A.2.b.3,Response Orientation,LV,0.0,8,0.0,0.0,0.0,N,Y,08/2024,Analyst
25-2021.00,1.A.2.b.4,Rate Control,IM,1.0,8,0.0,1.0,1.0,N,,08/2024,Analyst
25-2021.00,1.A.2.b.4,Rate Control,LV,0.0,8,0.0,0.0,0.0,N,Y,08/2024,Analyst
25-2021.00,1.A.2.c.1,Reaction Time,IM,1.0,8,0.0,1.0,1.0,N,,08/2024,Analyst
25-2021.00,1.A.2.c.1,Reaction Time,LV,0.0,8,0.0,0.0,0.0,N,Y,08/2024,Analyst
25-2021.00,1.A.2.c.2,Wrist-Finger Speed,IM,1.88,8,0.2266,1.4309,2.3191,N,,08/2024,Analyst
25-2021.00,1.A.2.c.2,Wrist-Finger Speed,LV,0.88,8,0.2266,0.4309,1.3191,N,N,08/2024,Analyst
25-2021.00,1.A.2.c.3,Speed of Limb Movement,IM,1.38,8,0.183,1.0164,1.7336,N,,08/2024,Analyst
25-2021.00,1.A.2.c.3,Speed of Limb Movement,LV,0.38,8,0.183,0.0164,0.7336,N,N,08/2024,Analyst
25-2021.00,1.A.3.a.1,Static Strength,IM,2.0,8,0.0,2.0,2.0,N,,08/2024,Analyst
25-2021.00,1.A.3.a.1,Static Strength,LV,1.0,8,0.0,1.0,1.0,N,N,08/2024,Analyst
25-2021.00,1.A.3.a.2,Explosive Strength,IM,1.38,8,0.183,1.0164,1.7336,N,,08/2024,Analyst
25-2021.00,1.A.3.a.2,Explosive Strength,LV,0.38,8,0.183,0.0164,0.7336,N,N,08/2024,Analyst
25-2021.00,1.A.3.a.3,Dynamic Strength,IM,1.38,8,0.183,1.0164,1.7336,N,,08/2024,Analyst
25-2021.00,1.A.3.a.3,Dynamic Strength,LV,0.38,8,0.183,0.0164,0.7336,N,N,08/2024,Analyst
25-2021.00,1.A.3.a.4,Trunk Strength,IM,2.12,8,0.125,1.88,2.37,N,,08/2024,Analyst
25-2021.00,1.A.3.a.4,Trunk Strength,LV,2.0,8,0.0,2.0,2.0,N,N,08/2024,Analyst
25-2021.00,1.A.3.b.1,Stamina,IM,2.12,8,0.125,1.88,2.37,N,,08/2024,Analyst
25-2021.00,1.A.3.b.1,Stamina,LV,1.5,8,0.189,1.1296,1.8704,N,N,08/2024,Analyst
25-2021.00,1.A.3.c.1,Extent Flexibility,IM,1.88,8,0.125,1.63,2.12,N,,08/2024,Analyst
25-2021.00,1.A.3.c.1,Extent Flexibility,LV,0.88,8,0.125,0.63,1.12,N,N,08/2024,Analyst
25-2021.00,1.A.3.c.2,Dynamic Flexibility,IM,1.0,8,0.0,1.0,1.0,N,,08/2024,Analyst
25-2021.00,1.A.3.c.2,Dynamic Flexibility,LV,0.0,8,0.0,0.0,0.0,N,Y,08/2024,Analyst
25-2021.00,1.A.3.c.3,Gross Body Coordination,IM,1.88,8,0.125,1.63,2.12,N,,08/2024,Analyst
25-2021.00,1.A.3.c.3,Gross Body Coordination,LV,0.88,8,0.125,0.63,1.12,N,N,08/2024,Analyst
25-2021.00,1.A.3.c.4,Gross Body Equilibrium,IM,1.5,8,0.189,1.1296,1.8704,N,,08/2024,Analyst
25-2021.00,1.A.3.c.4,Gross Body Equilibrium,LV,0.5,8,0.189,0.1296,0.8704,N,N,08/2024,Analyst
25-2021.00,1.A.4.a.1,Near Vision,IM,3.75,8,0.1637,3.4292,4.0708,N,,08/2024,Analyst
25-2021.00,1.A.4.a.1,Near Vision,LV,3.75,8,0.1637,3.4292,4.0708,N,N,08/2024,Analyst
25-2021.00,1.A.4.a.2,Far Vision,IM,3.0,8,0.189,2.6296,3.3704,N,,08/2024,Analyst
25-2021.00,1.A.4.a.2,Far Vision,LV,3.0,8,0.189,2.6296,3.3704,N,N,08/2024,Analyst
25-2021.00,1.A.4.a.3,Visual Color Discrimination,IM,2.62,8,0.183,2.2664,2.9836,N,,08/2024,Analyst
25-2021.00,1.A.4.a.3,Visual Color Discrimination,LV,2.12,8,0.125,1.88,2.37,N,N,08/2024,Analyst
25-2021.00,1.A.4.a.4,Night Vision,IM,1.0,8,0.0,1.0,1.0,N,,08/2024,Analyst
25-2021.00,1.A.4.a.4,Night Vision,LV,0.0,8,0.0,0.0,0.0,N,Y,08/2024,Analyst
25-2021.00,1.A.4.a.5,Peripheral Vision,IM,1.0,8,0.0,1.0,1.0,N,,08/2024,Analyst
25-2021.00,1.A.4.a.5,Peripheral Vision,LV,0.0,8,0.0,0.0,0.0,N,Y,08/2024,Analyst
25-2021.00,1.A.4.a.6,Depth Perception,IM,1.5,8,0.189,1.1296,1.8704,N,,08/2024,Analyst
25-2021.00,1.A.4.a.6,Depth Perception,LV,0.5,8,0.189,0.1296,0.8704,N,N,08/2024,Analyst
25-2021.00,1.A.4.a.7,Glare Sensitivity,IM,1.0,8,0.0,1.0,1.0,N,,08/2024,Analyst
25-2021.00,1.A.4.a.7,Glare Sensitivity,LV,0.0,8,0.0,0.0,0.0,N,Y,08/2024,Analyst
25-2021.00,1.A.4.b.1,Hearing Sensitivity,IM,2.0,8,0.0,2.0,2.0,N,,08/2024,Analyst
25-2021.00,1.A.4.b.1,Hearing Sensitivity,LV,2.0,8,0.0,2.0,2.0,N,N,08/2024,Analyst
25-2021.00,1.A.4.b.2,Auditory Attention,IM,2.75,8,0.25,2.26,3.24,N,,08/2024,Analyst
25-2021.00,1.A.4.b.2,Auditory Attention,LV,2.12,8,0.125,1.88,2.37,N,N,08/2024,Analyst
25-2021.00,1.A.4.b.3,Sound Localization,IM,1.12,8,0.125,1.0,1.37,N,,08/2024,Analyst
25-2021.00,1.A.4.b.3,Sound Localization,LV,0.12,8,0.125,0.0,0.37,N,Y,08/2024,Analyst
25-2021.00,1.A.4.b.4,Speech Recognition,IM,4.0,8,0.0,4.0,4.0,N,,08/2024,Analyst
25-2021.00,1.A.4.b.4,Speech Recognition,LV,3.88,8,0.125,3.63,4.12,N,N,08/2024,Analyst
25-2021.00,1.A.4.b.5,Speech Clarity,IM,4.0,8,0.0,4.0,4.0,N,,08/2024,Analyst
25-2021.00,1.A.4.b.5,Speech Clarity,LV,4.0,8,0.0,4.0,4.0,N,N,08/2024,Analyst
25-2022.00,1.A.1.a.1,Oral Comprehension,IM,3.88,8,0.125,3.63,4.12,N,,08/2024,Analyst
25-2022.00,1.A.1.a.1,Oral Comprehension,LV,4.0,8,0.0,4.0,4.0,N,N,08/2024,Analyst
25-2022.00,1.A.1.a.2,Written Comprehension,IM,3.88,8,0.125,3.63,4.12,N,,08/2024,Analyst
25-2022.00,1.A.1.a.2,Written Comprehension,LV,4.0,8,0.0,4.0,4.0,N,N,08/2024,Analyst
25-2022.00,1.A.1.a.3,Oral Expression,IM,4.25,8,0.1637,3.9292,4.5708,N,,08/2024,Analyst
25-2022.00,1.A.1.a.3,Oral Expression,LV,4.5,8,0.189,4.1296,4.8704,N,N,08/2024,Analyst
25-2022.00,1.A.1.a.4,Written Expression,IM,3.88,8,0.125,3.63,4.12,N,,08/2024,Analyst
25-2022.00,1.A.1.a.4,Written Expression,LV,4.0,8,0.0,4.0,4.0,N,N,08/2024,Analyst
25-2022.00,1.A.1.b.1,Fluency of Ideas,IM,3.38,8,0.183,3.0164,3.7336,N,,08/2024,Analyst
25-2022.00,1.A.1.b.1,Fluency of Ideas,LV,3.25,8,0.1637,2.9292,3.5708,N,N,08/2024,Analyst
25-2022.00,1.A.1.b.2,Originality,IM,3.12,8,0.125,2.88,3.37,N,,08/2024,Analyst
25-2022.00,1.A.1.b.2,Originality,LV,3.25,8,0.1637,2.9292,3.5708,N,N,08/2024,Analyst
25-2022.00,1.A.1.b.3,Problem Sensitivity,IM,3.88,8,0.125,3.63,4.12,N,,08/2024,Analyst
25-2022.00,1.A.1.b.3,Problem Sensitivity,LV,3.75,8,0.1637,3.4292,4.0708,N,N,08/2024,Analyst
25-2022.00,1.A.1.b.4,Deductive Reasoning,IM,3.75,8,0.1637,3.4292,4.0708,N,,08/2024,Analyst
25-2022.00,1.A.1.b.4,Deductive Reasoning,LV,3.75,8,0.1637,3.4292,4.0708,N,N,08/2024,Analyst
25-2022.00,1.A.1.b.5,Inductive Reasoning,IM,3.25,8,0.1637,2.9292,3.5708,N,,08/2024,Analyst
25-2022.00,1.A.1.b.5,Inductive Reasoning,LV,3.62,8,0.183,3.2664,3.9836,N,N,08/2024,Analyst
25-2022.00,1.A.1.b.6,Information Ordering,IM,3.88,8,0.125,3.63,4.12,N,,08/2024,Analyst
25-2022.00,1.A.1.b.6,Information Ordering,LV,3.75,8,0.1637,3.4292,4.0708,N,N,08/2024,Analyst
25-2022.00,1.A.1.b.7,Category Flexibility,IM,2.88,8,0.125,2.63,3.12,N,,08/2024,Analyst
25-2022.00,1.A.1.b.7,Category Flexibility,LV,3.0,8,0.0,3.0,3.0,N,N,08/2024,Analyst
25-2022.00,1.A.1.c.1,Mathematical Reasoning,IM,2.88,8,0.125,2.63,3.12,N,,08/2024,Analyst
25-2022.00,1.A.1.c.1,Mathematical Reasoning,LV,3.0,8,0.0,3.0,3.0,N,N,08/2024,Analyst
25-2022.00,1.A.1.c.2,Number Facility,IM,2.88,8,0.125,2.63,3.12,N,,08/2024,Analyst
25-2022.00,1.A.1.c.2,Number Facility,LV,3.0,8,0.0,3.0,3.0,N,N,08/2024,Analyst
25-2022.00,1.A.1.d.1,Memorization,IM,3.0,8,0.189,2.6296,3.3704,N,,08/2024,Analyst
25-2022.00,1.A.1.d.1,Memorization,LV,2.88,8,0.125,2.63,3.12,N,N,08/2024,Analyst
25-2022.00,1.A.1.e.1,Speed of Closure,IM,2.62,8,0.183,2.2664,2.9836,N,,08/2024,Analyst
25-2022.00,1.A.1.e.1,Speed of Closure,LV,2.88,8,0.125,2.63,3.12,N,N,08/2024,Analyst
25-2022.00,1.A.1.e.2,Flexibility of Closure,IM,3.0,8,0.0,3.0,3.0,N,,08/2024,Analyst
25-2022.00,1.A.1.e.2,Flexibility of Closure,LV,3.0,8,0.0,3.0,3.0,N,N,08/2024,Analyst
25-2022.00,1.A.1.e.3,Perceptual Speed,IM,2.75,8,0.1637,2.4292,3.0708,N,,08/2024,Analyst
25-2022.00,1.A.1.e.3,Perceptual Speed,LV,2.75,8,0.1637,2.4292,3.0708,N,N,08/2024,Analyst
25-2022.00,1.A.1.f.1,Spatial Orientation,IM,1.0,8,0.0,1.0,1.0,N,,08/2024,Analyst
25-2022.00,1.A.1.f.1,Spatial Orientation,LV,0.0,8,0.0,0.0,0.0,N,Y,08/2024,Analyst
25-2022.00,1.A.1.f.2,Visualization,IM,2.5,8,0.189,2.1296,2.8704,N,,08/2024,Analyst
25-2022.00,1.A.1.f.2,Visualization,LV,2.62,8,0.183,2.2664,2.9836,N,N,08/2024,Analyst
25-2022.00,1.A.1.g.1,Selective Attention,IM,3.0,8,0.0,3.0,3.0,N,,08/2024,Analyst
25-2022.00,1.A.1.g.1,Selective Attention,LV,3.0,8,0.0,3.0,3.0,N,N,08/2024,Analyst
25-2022.00,1.A.1.g.2,Time Sharing,IM,2.75,8,0.1637,2.4292,3.0708,N,,08/2024,Analyst
25-2022.00,1.A.1.g.2,Time Sharing,LV,2.75,8,0.1637,2.4292,3.0708,N,N,08/2024,Analyst
25-2022.00,1.A.2.a.1,Arm-Hand Steadiness,IM,1.38,8,0.183,1.0164,1.7336,N,,08/2024,Analyst
25-2022.00,1.A.2.a.1,Arm-Hand Steadiness,LV,0.5,8,0.2673,0.0,1.0238,N,N,08/2024,Analyst
25-2022.00,1.A.2.a.2,Manual Dexterity,IM,1.25,8,0.1637,1.0,1.5708,N,,08/2024,Analyst
25-2022.00,1.A.2.a.2,Manual Dexterity,LV,0.38,8,0.2631,0.0,0.8906,N,Y,08/2024,Analyst
25-2022.00,1.A.2.a.3,Finger Dexterity,IM,1.88,8,0.125,1.63,2.12,N,,08/2024,Analyst
25-2022.00,1.A.2.a.3,Finger Dexterity,LV,1.5,8,0.2673,0.9762,2.0238,N,N,08/2024,Analyst
25-2022.00,1.A.2.b.1,Control Precision,IM,1.38,8,0.183,1.0164,1.7336,N,,08/2024,Analyst
25-2022.00,1.A.2.b.1,Control Precision,LV,0.5,8,0.2673,0.0,1.0238,N,N,08/2024,Analyst
25-2022.00,1.A.2.b.2,Multilimb Coordination,IM,1.0,8,0.0,1.0,1.0,N,,08/2024,Analyst
25-2022.00,1.A.2.b.2,Multilimb Coordination,LV,0.0,8,0.0,0.0,0.0,N,Y,08/2024,Analyst
25-2022.00,1.A.2.b.3,Response Orientation,IM,1.0,8,0.0,1.0,1.0,N,,08/2024,Analyst
25-2022.00,1.A.2.b.3,Response Orientation,LV,0.0,8,0.0,0.0,0.0,N,Y,08/2024,Analyst
25-2022.00,1.A.2.b.4,Rate Control,IM,1.0,8,0.0,1.0,1.0,N,,08/2024,Analyst
25-2022.00,1.A.2.b.4,Rate Control,LV,0.0,8,0.0,0.0,0.0,N,Y,08/2024,Analyst
25-2022.00,1.A.2.c.1,Reaction Time,IM,1.0,8,0.0,1.0,1.0,N,,08/2024,Analyst
25-2022.00,1.A.2.c.1,Reaction Time,LV,0.0,8,0.0,0.0,0.0,N,Y,08/2024,Analyst
25-2022.00,1.A.2.c.2,Wrist-Finger Speed,IM,1.25,8,0.1637,1.0,1.5708,N,,08/2024,Analyst
25-2022.00,1.A.2.c.2,Wrist-Finger Speed,LV,0.25,8,0.1637,0.0,0.5708,N,Y,08/2024,Analyst
25-2022.00,1.A.2.c.3,Speed of Limb Movement,IM,1.0,8,0.0,1.0,1.0,N,,08/2024,Analyst
25-2022.00,1.A.2.c.3,Speed of Limb Movement,LV,0.0,8,0.0,0.0,0.0,N,Y,08/2024,Analyst
25-2022.00,1.A.3.a.1,Static Strength,IM,1.0,8,0.0,1.0,1.0,N,,08/2024,Analyst
25-2022.00,1.A.3.a.1,Static Strength,LV,0.0,8,0.0,0.0,0.0,N,Y,08/2024,Analyst
25-2022.00,1.A.3.a.2,Explosive Strength,IM,1.0,8,0.0,1.0,1.0,N,,08/2024,Analyst
25-2022.00,1.A.3.a.2,Explosive Strength,LV,0.0,8,0.0,0.0,0.0,N,Y,08/2024,Analyst
25-2022.00,1.A.3.a.3,Dynamic Strength,IM,1.0,8,0.0,1.0,1.0,N,,08/2024,Analyst
25-2022.00,1.A.3.a.3,Dynamic Strength,LV,0.0,8,0.0,0.0,0.0,N,Y,08/2024,Analyst
25-2022.00,1.A.3.a.4,Trunk Strength,IM,2.0,8,0.0,2.0,2.0,N,,08/2024,Analyst
25-2022.00,1.A.3.a.4,Trunk Strength,LV,2.0,8,0.0,2.0,2.0,N,N,08/2024,Analyst
25-2022.00,1.A.3.b.1,Stamina,IM,1.38,8,0.183,1.0164,1.7336,N,,08/2024,Analyst
25-2022.00,1.A.3.b.1,Stamina,LV,0.38,8,0.183,0.0164,0.7336,N,N,08/2024,Analyst
25-2022.00,1.A.3.c.1,Extent Flexibility,IM,1.0,8,0.0,1.0,1.0,N,,08/2024,Analyst
25-2022.00,1.A.3.c.1,Extent Flexibility,LV,0.0,8,0.0,0.0,0.0,N,Y,08/2024,Analyst
25-2022.00,1.A.3.c.2,Dynamic Flexibility,IM,1.0,8,0.0,1.0,1.0,N,,08/2024,Analyst
25-2022.00,1.A.3.c.2,Dynamic Flexibility,LV,0.0,8,0.0,0.0,0.0,N,Y,08/2024,Analyst
25-2022.00,1.A.3.c.3,Gross Body Coordination,IM,1.25,8,0.1637,1.0,1.5708,N,,08/2024,Analyst
25-2022.00,1.A.3.c.3,Gross Body Coordination,LV,0.25,8,0.1637,0.0,0.5708,N,Y,08/2024,Analyst
25-2022.00,1.A.3.c.4,Gross Body Equilibrium,IM,1.25,8,0.1637,1.0,1.5708,N,,08/2024,Analyst
25-2022.00,1.A.3.c.4,Gross Body Equilibrium,LV,0.25,8,0.1637,0.0,0.5708,N,Y,08/2024,Analyst
25-2022.00,1.A.4.a.1,Near Vision,IM,3.75,8,0.1637,3.4292,4.0708,N,,08/2024,Analyst
25-2022.00,1.A.4.a.1,Near Vision,LV,3.38,8,0.183,3.0164,3.7336,N,N,08/2024,Analyst
25-2022.00,1.A.4.a.2,Far Vision,IM,2.88,8,0.125,2.63,3.12,N,,08/2024,Analyst
25-2022.00,1.A.4.a.2,Far Vision,LV,3.0,8,0.0,3.0,3.0,N,N,08/2024,Analyst
25-2022.00,1.A.4.a.3,Visual Color Discrimination,IM,2.12,8,0.125,1.88,2.37,N,,08/2024,Analyst
25-2022.00,1.A.4.a.3,Visual Color Discrimination,LV,2.0,8,0.0,2.0,2.0,N,N,08/2024,Analyst
25-2022.00,1.A.4.a.4,Night Vision,IM,1.0,8,0.0,1.0,1.0,N,,08/2024,Analyst
25-2022.00,1.A.4.a.4,Night Vision,LV,0.0,8,0.0,0.0,0.0,N,Y,08/2024,Analyst
25-2022.00,1.A.4.a.5,Peripheral Vision,IM,1.0,8,0.0,1.0,1.0,N,,08/2024,Analyst
25-2022.00,1.A.4.a.5,Peripheral Vision,LV,0.0,8,0.0,0.0,0.0,N,Y,08/2024,Analyst
25-2022.00,1.A.4.a.6,Depth Perception,IM,1.62,8,0.183,1.2664,1.9836,N,,08/2024,Analyst
25-2022.00,1.A.4.a.6,Depth Perception,LV,0.75,8,0.25,0.26,1.24,N,N,08/2024,Analyst
25-2022.00,1.A.4.a.7,Glare Sensitivity,IM,1.0,8,0.0,1.0,1.0,N,,08/2024,Analyst
25-2022.00,1.A.4.a.7,Glare Sensitivity,LV,0.0,8,0.0,0.0,0.0,N,Y,08/2024,Analyst
25-2022.00,1.A.4.b.1,Hearing Sensitivity,IM,2.0,8,0.0,2.0,2.0,N,,08/2024,Analyst
25-2022.00,1.A.4.b.1,Hearing Sensitivity,LV,2.0,8,0.0,2.0,2.0,N,N,08/2024,Analyst
25-2022.00,1.A.4.b.2,Auditory Attention,IM,2.12,8,0.125,1.88,2.37,N,,08/2024,Analyst
25-2022.00,1.A.4.b.2,Auditory Attention,LV,2.12,8,0.125,1.88,2.37,N,N,08/2024,Analyst
25-2022.00,1.A.4.b.3,Sound Localization,IM,1.12,8,0.125,1.0,1.37,N,,08/2024,Analyst
25-2022.00,1.A.4.b.3,Sound Localization,LV,0.12,8,0.125,0.0,0.37,N,Y,08/2024,Analyst
25-2022.00,1.A.4.b.4,Speech Recognition,IM,3.75,8,0.1637,3.4292,4.0708,N,,08/2024,Analyst
25-2022.00,1.A.4.b.4,Speech Recognition,LV,3.25,8,0.1637,2.9292,3.5708,N,N,08/2024,Analyst
25-2022.00,1.A.4.b.5,Speech Clarity,IM,3.88,8,0.125,3.63,4.12,N,,08/2024,Analyst
25-2022.00,1.A.4.b.5,Speech Clarity,LV,4.12,8,0.125,3.88,4.37,N,N,08/2024,Analyst
25-2023.00,1.A.1.a.1,Oral Comprehension,IM,4.0,8,0.0,4.0,4.0,N,,08/2018,Analyst
25-2023.00,1.A.1.a.1,Oral Comprehension,LV,4.12,8,0.125,3.88,4.37,N,N,08/2018,Analyst
25-2023.00,1.A.1.a.2,Written Comprehension,IM,4.0,8,0.0,4.0,4.0,N,,08/2018,Analyst
25-2023.00,1.A.1.a.2,Written Comprehension,LV,4.0,8,0.0,4.0,4.0,N,N,08/2018,Analyst
25-2023.00,1.A.1.a.3,Oral Expression,IM,4.12,8,0.125,3.88,4.37,N,,08/2018,Analyst
25-2023.00,1.A.1.a.3,Oral Expression,LV,4.25,8,0.1637,3.9292,4.5708,N,N,08/2018,Analyst
25-2023.00,1.A.1.a.4,Written Expression,IM,3.88,8,0.125,3.63,4.12,N,,08/2018,Analyst
25-2023.00,1.A.1.a.4,Written Expression,LV,4.0,8,0.0,4.0,4.0,N,N,08/2018,Analyst
25-2023.00,1.A.1.b.1,Fluency of Ideas,IM,3.25,8,0.1637,2.9292,3.5708,N,,08/2018,Analyst
25-2023.00,1.A.1.b.1,Fluency of Ideas,LV,3.38,8,0.2631,2.8594,3.8906,N,N,08/2018,Analyst
25-2023.00,1.A.1.b.2,Originality,IM,3.25,8,0.1637,2.9292,3.5708,N,,08/2018,Analyst
25-2023.00,1.A.1.b.2,Originality,LV,3.38,8,0.183,3.0164,3.7336,N,N,08/2018,Analyst
25-2023.00,1.A.1.b.3,Problem Sensitivity,IM,3.75,8,0.1637,3.4292,4.0708,N,,08/2018,Analyst
25-2023.00,1.A.1.b.3,Problem Sensitivity,LV,4.0,8,0.0,4.0,4.0,N,N,08/2018,Analyst
25-2023.00,1.A.1.b.4,Deductive Reasoning,IM,3.88,8,0.125,3.63,4.12,N,,08/2018,Analyst
25-2023.00,1.A.1.b.4,Deductive Reasoning,LV,3.88,8,0.125,3.63,4.12,N,N,08/2018,Analyst
25-2023.00,1.A.1.b.5,Inductive Reasoning,IM,3.75,8,0.1637,3.4292,4.0708,N,,08/2018,Analyst
25-2023.00,1.A.1.b.5,Inductive Reasoning,LV,3.5,8,0.189,3.1296,3.8704,N,N,08/2018,Analyst
25-2023.00,1.A.1.b.6,Information Ordering,IM,3.12,8,0.125,2.88,3.37,N,,08/2018,Analyst
25-2023.00,1.A.1.b.6,Information Ordering,LV,3.0,8,0.0,3.0,3.0,N,N,08/2018,Analyst
25-2023.00,1.A.1.b.7,Category Flexibility,IM,3.25,8,0.1637,2.9292,3.5708,N,,08/2018,Analyst
25-2023.00,1.A.1.b.7,Category Flexibility,LV,3.25,8,0.1637,2.9292,3.5708,N,N,08/2018,Analyst
25-2023.00,1.A.1.c.1,Mathematical Reasoning,IM,2.75,8,0.1637,2.4292,3.0708,N,,08/2018,Analyst
25-2023.00,1.A.1.c.1,Mathematical Reasoning,LV,2.38,8,0.183,2.0164,2.7336,N,N,08/2018,Analyst
25-2023.00,1.A.1.c.2,Number Facility,IM,2.38,8,0.183,2.0164,2.7336,N,,08/2018,Analyst
25-2023.00,1.A.1.c.2,Number Facility,LV,2.38,8,0.183,2.0164,2.7336,N,N,08/2018,Analyst
25-2023.00,1.A.1.d.1,Memorization,IM,2.75,8,0.1637,2.4292,3.0708,N,,08/2018,Analyst
25-2023.00,1.A.1.d.1,Memorization,LV,2.62,8,0.183,2.2664,2.9836,N,N,08/2018,Analyst
25-2023.00,1.A.1.e.1,Speed of Closure,IM,2.62,8,0.183,2.2664,2.9836,N,,08/2018,Analyst
25-2023.00,1.A.1.e.1,Speed of Closure,LV,2.62,8,0.183,2.2664,2.9836,N,N,08/2018,Analyst
25-2023.00,1.A.1.e.2,Flexibility of Closure,IM,2.75,8,0.1637,2.4292,3.0708,N,,08/2018,Analyst
25-2023.00,1.A.1.e.2,Flexibility of Closure,LV,2.75,8,0.1637,2.4292,3.0708,N,N,08/2018,Analyst
25-2023.00,1.A.1.e.3,Perceptual Speed,IM,3.0,8,0.0,3.0,3.0,N,,08/2018,Analyst
25-2023.00,1.A.1.e.3,Perceptual Speed,LV,3.0,8,0.0,3.0,3.0,N,N,08/2018,Analyst
25-2023.00,1.A.1.f.1,Spatial Orientation,IM,1.12,8,0.125,1.0,1.37,N,,08/2018,Analyst
25-2023.00,1.A.1.f.1,Spatial Orientation,LV,0.12,8,0.125,0.0,0.37,N,Y,08/2018,Analyst
25-2023.00,1.A.1.f.2,Visualization,IM,2.75,8,0.1637,2.4292,3.0708,N,,08/2018,Analyst
25-2023.00,1.A.1.f.2,Visualization,LV,3.0,8,0.189,2.6296,3.3704,N,N,08/2018,Analyst
25-2023.00,1.A.1.g.1,Selective Attention,IM,3.12,8,0.125,2.88,3.37,N,,08/2018,Analyst
25-2023.00,1.A.1.g.1,Selective Attention,LV,3.12,8,0.125,2.88,3.37,N,N,08/2018,Analyst
25-2023.00,1.A.1.g.2,Time Sharing,IM,3.0,8,0.0,3.0,3.0,N,,08/2018,Analyst
25-2023.00,1.A.1.g.2,Time Sharing,LV,2.88,8,0.125,2.63,3.12,N,N,08/2018,Analyst
25-2023.00,1.A.2.a.1,Arm-Hand Steadiness,IM,2.12,8,0.2266,1.6809,2.5691,N,,08/2018,Analyst
25-2023.00,1.A.2.a.1,Arm-Hand Steadiness,LV,1.62,8,0.2631,1.1094,2.1406,N,N,08/2018,Analyst
25-2023.00,1.A.2.a.2,Manual Dexterity,IM,2.0,8,0.0,2.0,2.0,N,,08/2018,Analyst
25-2023.00,1.A.2.a.2,Manual Dexterity,LV,1.75,8,0.1637,1.4292,2.0708,N,N,08/2018,Analyst
25-2023.00,1.A.2.a.3,Finger Dexterity,IM,2.12,8,0.125,1.88,2.37,N,,08/2018,Analyst
25-2023.00,1.A.2.a.3,Finger Dexterity,LV,1.75,8,0.1637,1.4292,2.0708,N,N,08/2018,Analyst
25-2023.00,1.A.2.b.1,Control Precision,IM,2.12,8,0.125,1.88,2.37,N,,08/2018,Analyst
25-2023.00,1.A.2.b.1,Control Precision,LV,1.75,8,0.1637,1.4292,2.0708,N,N,08/2018,Analyst
25-2023.00,1.A.2.b.2,Multilimb Coordination,IM,2.0,8,0.0,2.0,2.0,N,,08/2018,Analyst
25-2023.00,1.A.2.b.2,Multilimb Coordination,LV,1.75,8,0.1637,1.4292,2.0708,N,N,08/2018,Analyst
25-2023.00,1.A.2.b.3,Response Orientation,IM,1.5,8,0.189,1.1296,1.8704,N,,08/2018,Analyst
25-2023.00,1.A.2.b.3,Response Orientation,LV,0.5,8,0.189,0.1296,0.8704,N,N,08/2018,Analyst
25-2023.00,1.A.2.b.4,Rate Control,IM,1.75,8,0.1637,1.4292,2.0708,N,,08/2018,Analyst
25-2023.00,1.A.2.b.4,Rate Control,LV,0.75,8,0.1637,0.4292,1.0708,N,N,08/2018,Analyst
25-2023.00,1.A.2.c.1,Reaction Time,IM,1.88,8,0.125,1.63,2.12,N,,08/2018,Analyst
25-2023.00,1.A.2.c.1,Reaction Time,LV,1.5,8,0.2673,0.9762,2.0238,N,N,08/2018,Analyst
25-2023.00,1.A.2.c.2,Wrist-Finger Speed,IM,2.0,8,0.0,2.0,2.0,N,,08/2018,Analyst
25-2023.00,1.A.2.c.2,Wrist-Finger Speed,LV,1.5,8,0.189,1.1296,1.8704,N,N,08/2018,Analyst
25-2023.00,1.A.2.c.3,Speed of Limb Movement,IM,1.38,8,0.183,1.0164,1.7336,N,,08/2018,Analyst
25-2023.00,1.A.2.c.3,Speed of Limb Movement,LV,0.38,8,0.183,0.0164,0.7336,N,N,08/2018,Analyst
25-2023.00,1.A.3.a.1,Static Strength,IM,1.88,8,0.125,1.63,2.12,N,,08/2018,Analyst
25-2023.00,1.A.3.a.1,Static Strength,LV,1.75,8,0.25,1.26,2.24,N,N,08/2018,Analyst
25-2023.00,1.A.3.a.2,Explosive Strength,IM,1.38,8,0.183,1.0164,1.7336,N,,08/2018,Analyst
25-2023.00,1.A.3.a.2,Explosive Strength,LV,0.5,8,0.2673,0.0,1.0238,N,N,08/2018,Analyst
25-2023.00,1.A.3.a.3,Dynamic Strength,IM,1.88,8,0.125,1.63,2.12,N,,08/2018,Analyst
25-2023.00,1.A.3.a.3,Dynamic Strength,LV,1.0,8,0.189,0.6296,1.3704,N,N,08/2018,Analyst
25-2023.00,1.A.3.a.4,Trunk Strength,IM,2.12,8,0.125,1.88,2.37,N,,08/2018,Analyst
25-2023.00,1.A.3.a.4,Trunk Strength,LV,2.12,8,0.125,1.88,2.37,N,N,08/2018,Analyst
25-2023.00,1.A.3.b.1,Stamina,IM,1.88,8,0.125,1.63,2.12,N,,08/2018,Analyst
25-2023.00,1.A.3.b.1,Stamina,LV,1.38,8,0.2631,0.8594,1.8906,N,N,08/2018,Analyst
25-2023.00,1.A.3.c.1,Extent Flexibility,IM,1.75,8,0.1637,1.4292,2.0708,N,,08/2018,Analyst
25-2023.00,1.A.3.c.1,Extent Flexibility,LV,1.0,8,0.2673,0.4762,1.5238,N,N,08/2018,Analyst
25-2023.00,1.A.3.c.2,Dynamic Flexibility,IM,1.0,8,0.0,1.0,1.0,N,,08/2018,Analyst
25-2023.00,1.A.3.c.2,Dynamic Flexibility,LV,0.0,8,0.0,0.0,0.0,N,Y,08/2018,Analyst
25-2023.00,1.A.3.c.3,Gross Body Coordination,IM,1.88,8,0.125,1.63,2.12,N,,08/2018,Analyst
25-2023.00,1.A.3.c.3,Gross Body Coordination,LV,1.25,8,0.25,0.76,1.74,N,N,08/2018,Analyst
25-2023.00,1.A.3.c.4,Gross Body Equilibrium,IM,1.88,8,0.125,1.63,2.12,N,,08/2018,Analyst
25-2023.00,1.A.3.c.4,Gross Body Equilibrium,LV,1.0,8,0.189,0.6296,1.3704,N,N,08/2018,Analyst
25-2023.00,1.A.4.a.1,Near Vision,IM,3.88,8,0.125,3.63,4.12,N,,08/2018,Analyst
25-2023.00,1.A.4.a.1,Near Vision,LV,3.62,8,0.183,3.2664,3.9836,N,N,08/2018,Analyst
25-2023.00,1.A.4.a.2,Far Vision,IM,3.12,8,0.125,2.88,3.37,N,,08/2018,Analyst
25-2023.00,1.A.4.a.2,Far Vision,LV,3.25,8,0.1637,2.9292,3.5708,N,N,08/2018,Analyst
25-2023.00,1.A.4.a.3,Visual Color Discrimination,IM,2.5,8,0.2673,1.9762,3.0238,N,,08/2018,Analyst
25-2023.00,1.A.4.a.3,Visual Color Discrimination,LV,2.12,8,0.3504,1.4383,2.8117,N,N,08/2018,Analyst
25-2023.00,1.A.4.a.4,Night Vision,IM,1.0,8,0.0,1.0,1.0,N,,08/2018,Analyst
25-2023.00,1.A.4.a.4,Night Vision,LV,0.0,8,0.0,0.0,0.0,N,Y,08/2018,Analyst
25-2023.00,1.A.4.a.5,Peripheral Vision,IM,1.0,8,0.0,1.0,1.0,N,,08/2018,Analyst
25-2023.00,1.A.4.a.5,Peripheral Vision,LV,0.0,8,0.0,0.0,0.0,N,Y,08/2018,Analyst
25-2023.00,1.A.4.a.6,Depth Perception,IM,1.88,8,0.125,1.63,2.12,N,,08/2018,Analyst
25-2023.00,1.A.4.a.6,Depth Perception,LV,1.75,8,0.25,1.26,2.24,N,N,08/2018,Analyst
25-2023.00,1.A.4.a.7,Glare Sensitivity,IM,1.0,8,0.0,1.0,1.0,N,,08/2018,Analyst
25-2023.00,1.A.4.a.7,Glare Sensitivity,LV,0.0,8,0.0,0.0,0.0,N,Y,08/2018,Analyst
25-2023.00,1.A.4.b.1,Hearing Sensitivity,IM,2.62,8,0.183,2.2664,2.9836,N,,08/2018,Analyst
25-2023.00,1.A.4.b.1,Hearing Sensitivity,LV,2.25,8,0.1637,1.9292,2.5708,N,N,08/2018,Analyst
25-2023.00,1.A.4.b.2,Auditory Attention,IM,2.75,8,0.1637,2.4292,3.0708,N,,08/2018,Analyst
25-2023.00,1.A.4.b.2,Auditory Attention,LV,2.5,8,0.189,2.1296,2.8704,N,N,08/2018,Analyst
25-2023.00,1.A.4.b.3,Sound Localization,IM,1.0,8,0.0,1.0,1.0,N,,08/2018,Analyst
25-2023.00,1.A.4.b.3,Sound Localization,LV,0.0,8,0.0,0.0,0.0,N,Y,08/2018,Analyst
25-2023.00,1.A.4.b.4,Speech Recognition,IM,3.88,8,0.125,3.63,4.12,N,,08/2018,Analyst
25-2023.00,1.A.4.b.4,Speech Recognition,LV,3.75,8,0.1637,3.4292,4.0708,N,N,08/2018,Analyst
25-2023.00,1.A.4.b.5,Speech Clarity,IM,4.0,8,0.0,4.0,4.0,N,,08/2018,Analyst
25-2023.00,1.A.4.b.5,Speech Clarity,LV,4.12,8,0.125,3.88,4.37,N,N,08/2018,Analyst
25-2031.00,1.A.1.a.1,Oral Comprehension,IM,4.12,8,0.125,3.88,4.37,N,,08/2018,Analyst
25-2031.00,1.A.1.a.1,Oral Comprehension,LV,4.12,8,0.125,3.88,4.37,N,N,08/2018,Analyst
25-2031.00,1.A.1.a.2,Written Comprehension,IM,4.0,8,0.0,4.0,4.0,N,,08/2018,Analyst
25-2031.00,1.A.1.a.2,Written Comprehension,LV,4.12,8,0.125,3.88,4.37,N,N,08/2018,Analyst
25-2031.00,1.A.1.a.3,Oral Expression,IM,4.25,8,0.1637,3.9292,4.5708,N,,08/2018,Analyst
25-2031.00,1.A.1.a.3,Oral Expression,LV,4.75,8,0.25,4.26,5.24,N,N,08/2018,Analyst
25-2031.00,1.A.1.a.4,Written Expression,IM,3.88,8,0.125,3.63,4.12,N,,08/2018,Analyst
25-2031.00,1.A.1.a.4,Written Expression,LV,4.12,8,0.125,3.88,4.37,N,N,08/2018,Analyst
25-2031.00,1.A.1.b.1,Fluency of Ideas,IM,3.62,8,0.183,3.2664,3.9836,N,,08/2018,Analyst
25-2031.00,1.A.1.b.1,Fluency of Ideas,LV,3.38,8,0.2631,2.8594,3.8906,N,N,08/2018,Analyst
25-2031.00,1.A.1.b.2,Originality,IM,3.62,8,0.183,3.2664,3.9836,N,,08/2018,Analyst
25-2031.00,1.A.1.b.2,Originality,LV,3.75,8,0.1637,3.4292,4.0708,N,N,08/2018,Analyst
25-2031.00,1.A.1.b.3,Problem Sensitivity,IM,3.88,8,0.125,3.63,4.12,N,,08/2018,Analyst
25-2031.00,1.A.1.b.3,Problem Sensitivity,LV,4.0,8,0.0,4.0,4.0,N,N,08/2018,Analyst
25-2031.00,1.A.1.b.4,Deductive Reasoning,IM,4.0,8,0.0,4.0,4.0,N,,08/2018,Analyst
25-2031.00,1.A.1.b.4,Deductive Reasoning,LV,4.12,8,0.125,3.88,4.37,N,N,08/2018,Analyst
25-2031.00,1.A.1.b.5,Inductive Reasoning,IM,3.62,8,0.183,3.2664,3.9836,N,,08/2018,Analyst
25-2031.00,1.A.1.b.5,Inductive Reasoning,LV,3.62,8,0.183,3.2664,3.9836,N,N,08/2018,Analyst
25-2031.00,1.A.1.b.6,Information Ordering,IM,3.62,8,0.183,3.2664,3.9836,N,,08/2018,Analyst
25-2031.00,1.A.1.b.6,Information Ordering,LV,3.12,8,0.125,2.88,3.37,N,N,08/2018,Analyst
25-2031.00,1.A.1.b.7,Category Flexibility,IM,3.12,8,0.125,2.88,3.37,N,,08/2018,Analyst
25-2031.00,1.A.1.b.7,Category Flexibility,LV,3.25,8,0.1637,2.9292,3.5708,N,N,08/2018,Analyst
25-2031.00,1.A.1.c.1,Mathematical Reasoning,IM,3.0,8,0.0,3.0,3.0,N,,08/2018,Analyst
25-2031.00,1.A.1.c.1,Mathematical Reasoning,LV,3.0,8,0.0,3.0,3.0,N,N,08/2018,Analyst
25-2031.00,1.A.1.c.2,Number Facility,IM,2.75,8,0.1637,2.4292,3.0708,N,,08/2018,Analyst
25-2031.00,1.A.1.c.2,Number Facility,LV,2.88,8,0.2266,2.4309,3.3191,N,N,08/2018,Analyst
25-2031.00,1.A.1.d.1,Memorization,IM,3.0,8,0.189,2.6296,3.3704,N,,08/2018,Analyst
25-2031.00,1.A.1.d.1,Memorization,LV,2.88,8,0.125,2.63,3.12,N,N,08/2018,Analyst
25-2031.00,1.A.1.e.1,Speed of Closure,IM,2.88,8,0.125,2.63,3.12,N,,08/2018,Analyst
25-2031.00,1.A.1.e.1,Speed of Closure,LV,2.75,8,0.1637,2.4292,3.0708,N,N,08/2018,Analyst
25-2031.00,1.A.1.e.2,Flexibility of Closure,IM,2.88,8,0.125,2.63,3.12,N,,08/2018,Analyst
25-2031.00,1.A.1.e.2,Flexibility of Closure,LV,2.88,8,0.125,2.63,3.12,N,N,08/2018,Analyst
25-2031.00,1.A.1.e.3,Perceptual Speed,IM,2.88,8,0.2266,2.4309,3.3191,N,,08/2018,Analyst
25-2031.00,1.A.1.e.3,Perceptual Speed,LV,2.75,8,0.25,2.26,3.24,N,N,08/2018,Analyst
25-2031.00,1.A.1.f.1,Spatial Orientation,IM,1.0,8,0.0,1.0,1.0,N,,08/2018,Analyst
25-2031.00,1.A.1.f.1,Spatial Orientation,LV,0.0,8,0.0,0.0,0.0,N,Y,08/2018,Analyst
25-2031.00,1.A.1.f.2,Visualization,IM,2.88,8,0.125,2.63,3.12,N,,08/2018,Analyst
25-2031.00,1.A.1.f.2,Visualization,LV,2.88,8,0.125,2.63,3.12,N,N,08/2018,Analyst
25-2031.00,1.A.1.g.1,Selective Attention,IM,3.0,8,0.0,3.0,3.0,N,,08/2018,Analyst
25-2031.00,1.A.1.g.1,Selective Attention,LV,3.0,8,0.0,3.0,3.0,N,N,08/2018,Analyst
25-2031.00,1.A.1.g.2,Time Sharing,IM,2.88,8,0.125,2.63,3.12,N,,08/2018,Analyst
25-2031.00,1.A.1.g.2,Time Sharing,LV,2.75,8,0.1637,2.4292,3.0708,N,N,08/2018,Analyst
25-2031.00,1.A.2.a.1,Arm-Hand Steadiness,IM,1.5,8,0.189,1.1296,1.8704,N,,08/2018,Analyst
25-2031.00,1.A.2.a.1,Arm-Hand Steadiness,LV,0.5,8,0.189,0.1296,0.8704,N,N,08/2018,Analyst
25-2031.00,1.A.2.a.2,Manual Dexterity,IM,1.38,8,0.183,1.0164,1.7336,N,,08/2018,Analyst
25-2031.00,1.A.2.a.2,Manual Dexterity,LV,0.38,8,0.183,0.0164,0.7336,N,N,08/2018,Analyst
25-2031.00,1.A.2.a.3,Finger Dexterity,IM,1.88,8,0.125,1.63,2.12,N,,08/2018,Analyst
25-2031.00,1.A.2.a.3,Finger Dexterity,LV,1.62,8,0.2631,1.1094,2.1406,N,N,08/2018,Analyst
25-2031.00,1.A.2.b.1,Control Precision,IM,1.0,8,0.0,1.0,1.0,N,,08/2018,Analyst
25-2031.00,1.A.2.b.1,Control Precision,LV,0.0,8,0.0,0.0,0.0,N,Y,08/2018,Analyst
25-2031.00,1.A.2.b.2,Multilimb Coordination,IM,1.12,8,0.125,1.0,1.37,N,,08/2018,Analyst
25-2031.00,1.A.2.b.2,Multilimb Coordination,LV,0.12,8,0.125,0.0,0.37,N,Y,08/2018,Analyst
25-2031.00,1.A.2.b.3,Response Orientation,IM,1.12,8,0.125,1.0,1.37,N,,08/2018,Analyst
25-2031.00,1.A.2.b.3,Response Orientation,LV,0.12,8,0.125,0.0,0.37,N,Y,08/2018,Analyst
25-2031.00,1.A.2.b.4,Rate Control,IM,1.0,8,0.0,1.0,1.0,N,,08/2018,Analyst
25-2031.00,1.A.2.b.4,Rate Control,LV,0.0,8,0.0,0.0,0.0,N,Y,08/2018,Analyst
25-2031.00,1.A.2.c.1,Reaction Time,IM,1.0,8,0.0,1.0,1.0,N,,08/2018,Analyst
25-2031.00,1.A.2.c.1,Reaction Time,LV,0.0,8,0.0,0.0,0.0,N,Y,08/2018,Analyst
25-2031.00,1.A.2.c.2,Wrist-Finger Speed,IM,1.38,8,0.183,1.0164,1.7336,N,,08/2018,Analyst
25-2031.00,1.A.2.c.2,Wrist-Finger Speed,LV,0.5,8,0.2673,0.0,1.0238,N,N,08/2018,Analyst
25-2031.00,1.A.2.c.3,Speed of Limb Movement,IM,1.0,8,0.0,1.0,1.0,N,,08/2018,Analyst
25-2031.00,1.A.2.c.3,Speed of Limb Movement,LV,0.0,8,0.0,0.0,0.0,N,Y,08/2018,Analyst
25-2031.00,1.A.3.a.1,Static Strength,IM,1.0,8,0.0,1.0,1.0,N,,08/2018,Analyst
25-2031.00,1.A.3.a.1,Static Strength,LV,0.0,8,0.0,0.0,0.0,N,Y,08/2018,Analyst
25-2031.00,1.A.3.a.2,Explosive Strength,IM,1.0,8,0.0,1.0,1.0,N,,08/2018,Analyst
25-2031.00,1.A.3.a.2,Explosive Strength,LV,0.0,8,0.0,0.0,0.0,N,Y,08/2018,Analyst
25-2031.00,1.A.3.a.3,Dynamic Strength,IM,1.0,8,0.0,1.0,1.0,N,,08/2018,Analyst
25-2031.00,1.A.3.a.3,Dynamic Strength,LV,0.0,8,0.0,0.0,0.0,N,Y,08/2018,Analyst
25-2031.00,1.A.3.a.4,Trunk Strength,IM,2.25,8,0.1637,1.9292,2.5708,N,,08/2018,Analyst
25-2031.00,1.A.3.a.4,Trunk Strength,LV,2.12,8,0.125,1.88,2.37,N,N,08/2018,Analyst
25-2031.00,1.A.3.b.1,Stamina,IM,1.25,8,0.1637,1.0,1.5708,N,,08/2018,Analyst
25-2031.00,1.A.3.b.1,Stamina,LV,0.25,8,0.1637,0.0,0.5708,N,Y,08/2018,Analyst
25-2031.00,1.A.3.c.1,Extent Flexibility,IM,1.0,8,0.0,1.0,1.0,N,,08/2018,Analyst
25-2031.00,1.A.3.c.1,Extent Flexibility,LV,0.0,8,0.0,0.0,0.0,N,Y,08/2018,Analyst
25-2031.00,1.A.3.c.2,Dynamic Flexibility,IM,1.0,8,0.0,1.0,1.0,N,,08/2018,Analyst
25-2031.00,1.A.3.c.2,Dynamic Flexibility,LV,0.0,8,0.0,0.0,0.0,N,Y,08/2018,Analyst
25-2031.00,1.A.3.c.3,Gross Body Coordination,IM,1.25,8,0.1637,1.0,1.5708,N,,08/2018,Analyst
25-2031.00,1.A.3.c.3,Gross Body Coordination,LV,0.25,8,0.1637,0.0,0.5708,N,Y,08/2018,Analyst
25-2031.00,1.A.3.c.4,Gross Body Equilibrium,IM,1.0,8,0.0,1.0,1.0,N,,08/2018,Analyst
25-2031.00,1.A.3.c.4,Gross Body Equilibrium,LV,0.0,8,0.0,0.0,0.0,N,Y,08/2018,Analyst
25-2031.00,1.A.4.a.1,Near Vision,IM,3.75,8,0.1637,3.4292,4.0708,N,,08/2018,Analyst
25-2031.00,1.A.4.a.1,Near Vision,LV,3.88,8,0.125,3.63,4.12,N,N,08/2018,Analyst
25-2031.00,1.A.4.a.2,Far Vision,IM,3.0,8,0.0,3.0,3.0,N,,08/2018,Analyst
25-2031.00,1.A.4.a.2,Far Vision,LV,3.5,8,0.189,3.1296,3.8704,N,N,08/2018,Analyst
25-2031.00,1.A.4.a.3,Visual Color Discrimination,IM,2.0,8,0.189,1.6296,2.3704,N,,08/2018,Analyst
25-2031.00,1.A.4.a.3,Visual Color Discrimination,LV,1.75,8,0.25,1.26,2.24,N,N,08/2018,Analyst
25-2031.00,1.A.4.a.4,Night Vision,IM,1.0,8,0.0,1.0,1.0,N,,08/2018,Analyst
25-2031.00,1.A.4.a.4,Night Vision,LV,0.0,8,0.0,0.0,0.0,N,Y,08/2018,Analyst
25-2031.00,1.A.4.a.5,Peripheral Vision,IM,1.0,8,0.0,1.0,1.0,N,,08/2018,Analyst
25-2031.00,1.A.4.a.5,Peripheral Vision,LV,0.0,8,0.0,0.0,0.0,N,Y,08/2018,Analyst
25-2031.00,1.A.4.a.6,Depth Perception,IM,1.62,8,0.183,1.2664,1.9836,N,,08/2018,Analyst
25-2031.00,1.A.4.a.6,Depth Perception,LV,0.62,8,0.183,0.2664,0.9836,N,N,08/2018,Analyst
25-2031.00,1.A.4.a.7,Glare Sensitivity,IM,1.0,8,0.0,1.0,1.0,N,,08/2018,Analyst
25-2031.00,1.A.4.a.7,Glare Sensitivity,LV,0.0,8,0.0,0.0,0.0,N,Y,08/2018,Analyst
25-2031.00,1.A.4.b.1,Hearing Sensitivity,IM,1.88,8,0.125,1.63,2.12,N,,08/2018,Analyst
25-2031.00,1.A.4.b.1,Hearing Sensitivity,LV,1.62,8,0.2631,1.1094,2.1406,N,N,08/2018,Analyst
25-2031.00,1.A.4.b.2,Auditory Attention,IM,2.25,8,0.1637,1.9292,2.5708,N,,08/2018,Analyst
25-2031.00,1.A.4.b.2,Auditory Attention,LV,2.12,8,0.125,1.88,2.37,N,N,08/2018,Analyst
25-2031.00,1.A.4.b.3,Sound Localization,IM,1.12,8,0.125,1.0,1.37,N,,08/2018,Analyst
25-2031.00,1.A.4.b.3,Sound Localization,LV,0.12,8,0.125,0.0,0.37,N,Y,08/2018,Analyst
25-2031.00,1.A.4.b.4,Speech Recognition,IM,4.0,8,0.0,4.0,4.0,N,,08/2018,Analyst
25-2031.00,1.A.4.b.4,Speech Recognition,LV,4.12,8,0.125,3.88,4.37,N,N,08/2018,Analyst
25-2031.00,1.A.4.b.5,Speech Clarity,IM,4.0,8,0.0,4.0,4.0,N,,08/2018,Analyst
25-2031.00,1.A.4.b.5,Speech Clarity,LV,4.12,8,0.125,3.88,4.37,N,N,08/2018,Analyst
25-2032.00,1.A.1.a.1,Oral Comprehension,IM,4.12,8,0.125,3.88,4.37,N,,08/2018,Analyst
25-2032.00,1.A.1.a.1,Oral Comprehension,LV,4.12,8,0.125,3.88,4.37,N,N,08/2018,Analyst
25-2032.00,1.A.1.a.2,Written Comprehension,IM,4.0,8,0.0,4.0,4.0,N,,08/2018,Analyst
25-2032.00,1.A.1.a.2,Written Comprehension,LV,4.0,8,0.0,4.0,4.0,N,N,08/2018,Analyst
25-2032.00,1.A.1.a.3,Oral Expression,IM,4.12,8,0.125,3.88,4.37,N,,08/2018,Analyst
25-2032.00,1.A.1.a.3,Oral Expression,LV,4.12,8,0.125,3.88,4.37,N,N,08/2018,Analyst
25-2032.00,1.A.1.a.4,Written Expression,IM,4.0,8,0.0,4.0,4.0,N,,08/2018,Analyst
25-2032.00,1.A.1.a.4,Written Expression,LV,4.12,8,0.125,3.88,4.37,N,N,08/2018,Analyst
25-2032.00,1.A.1.b.1,Fluency of Ideas,IM,3.25,8,0.1637,2.9292,3.5708,N,,08/2018,Analyst
25-2032.00,1.A.1.b.1,Fluency of Ideas,LV,3.38,8,0.2631,2.8594,3.8906,N,N,08/2018,Analyst
25-2032.00,1.A.1.b.2,Originality,IM,3.25,8,0.1637,2.9292,3.5708,N,,08/2018,Analyst
25-2032.00,1.A.1.b.2,Originality,LV,3.62,8,0.183,3.2664,3.9836,N,N,08/2018,Analyst
25-2032.00,1.A.1.b.3,Problem Sensitivity,IM,4.0,8,0.0,4.0,4.0,N,,08/2018,Analyst
25-2032.00,1.A.1.b.3,Problem Sensitivity,LV,4.0,8,0.0,4.0,4.0,N,N,08/2018,Analyst
25-2032.00,1.A.1.b.4,Deductive Reasoning,IM,3.75,8,0.1637,3.4292,4.0708,N,,08/2018,Analyst
25-2032.00,1.A.1.b.4,Deductive Reasoning,LV,4.12,8,0.125,3.88,4.37,N,N,08/2018,Analyst
25-2032.00,1.A.1.b.5,Inductive Reasoning,IM,3.75,8,0.1637,3.4292,4.0708,N,,08/2018,Analyst
25-2032.00,1.A.1.b.5,Inductive Reasoning,LV,3.88,8,0.125,3.63,4.12,N,N,08/2018,Analyst
25-2032.00,1.A.1.b.6,Information Ordering,IM,3.38,8,0.183,3.0164,3.7336,N,,08/2018,Analyst
25-2032.00,1.A.1.b.6,Information Ordering,LV,3.62,8,0.183,3.2664,3.9836,N,N,08/2018,Analyst
25-2032.00,1.A.1.b.7,Category Flexibility,IM,3.75,8,0.1637,3.4292,4.0708,N,,08/2018,Analyst
25-2032.00,1.A.1.b.7,Category Flexibility,LV,3.88,8,0.125,3.63,4.12,N,N,08/2018,Analyst
25-2032.00,1.A.1.c.1,Mathematical Reasoning,IM,3.0,8,0.0,3.0,3.0,N,,08/2018,Analyst
25-2032.00,1.A.1.c.1,Mathematical Reasoning,LV,3.0,8,0.0,3.0,3.0,N,N,08/2018,Analyst
25-2032.00,1.A.1.c.2,Number Facility,IM,2.88,8,0.125,2.63,3.12,N,,08/2018,Analyst
25-2032.00,1.A.1.c.2,Number Facility,LV,3.0,8,0.0,3.0,3.0,N,N,08/2018,Analyst
25-2032.00,1.A.1.d.1,Memorization,IM,3.0,8,0.0,3.0,3.0,N,,08/2018,Analyst
25-2032.00,1.A.1.d.1,Memorization,LV,3.0,8,0.0,3.0,3.0,N,N,08/2018,Analyst
25-2032.00,1.A.1.e.1,Speed of Closure,IM,3.0,8,0.0,3.0,3.0,N,,08/2018,Analyst
25-2032.00,1.A.1.e.1,Speed of Closure,LV,3.0,8,0.0,3.0,3.0,N,N,08/2018,Analyst
25-2032.00,1.A.1.e.2,Flexibility of Closure,IM,3.0,8,0.0,3.0,3.0,N,,08/2018,Analyst
25-2032.00,1.A.1.e.2,Flexibility of Closure,LV,3.0,8,0.0,3.0,3.0,N,N,08/2018,Analyst
25-2032.00,1.A.1.e.3,Perceptual Speed,IM,2.88,8,0.125,2.63,3.12,N,,08/2018,Analyst
25-2032.00,1.A.1.e.3,Perceptual Speed,LV,2.75,8,0.1637,2.4292,3.0708,N,N,08/2018,Analyst
25-2032.00,1.A.1.f.1,Spatial Orientation,IM,1.12,8,0.125,1.0,1.37,N,,08/2018,Analyst
25-2032.00,1.A.1.f.1,Spatial Orientation,LV,0.12,8,0.125,0.0,0.37,N,Y,08/2018,Analyst
25-2032.00,1.A.1.f.2,Visualization,IM,2.88,8,0.125,2.63,3.12,N,,08/2018,Analyst
25-2032.00,1.A.1.f.2,Visualization,LV,2.88,8,0.2266,2.4309,3.3191,N,N,08/2018,Analyst
25-2032.00,1.A.1.g.1,Selective Attention,IM,3.25,8,0.1637,2.9292,3.5708,N,,08/2018,Analyst
25-2032.00,1.A.1.g.1,Selective Attention,LV,3.0,8,0.0,3.0,3.0,N,N,08/2018,Analyst
25-2032.00,1.A.1.g.2,Time Sharing,IM,3.0,8,0.0,3.0,3.0,N,,08/2018,Analyst
25-2032.00,1.A.1.g.2,Time Sharing,LV,3.12,8,0.125,2.88,3.37,N,N,08/2018,Analyst
25-2032.00,1.A.2.a.1,Arm-Hand Steadiness,IM,2.88,8,0.125,2.63,3.12,N,,08/2018,Analyst
25-2032.00,1.A.2.a.1,Arm-Hand Steadiness,LV,2.88,8,0.125,2.63,3.12,N,N,08/2018,Analyst
25-2032.00,1.A.2.a.2,Manual Dexterity,IM,2.75,8,0.1637,2.4292,3.0708,N,,08/2018,Analyst
25-2032.00,1.A.2.a.2,Manual Dexterity,LV,2.5,8,0.189,2.1296,2.8704,N,N,08/2018,Analyst
25-2032.00,1.A.2.a.3,Finger Dexterity,IM,2.75,8,0.1637,2.4292,3.0708,N,,08/2018,Analyst
25-2032.00,1.A.2.a.3,Finger Dexterity,LV,2.75,8,0.1637,2.4292,3.0708,N,N,08/2018,Analyst
25-2032.00,1.A.2.b.1,Control Precision,IM,2.12,8,0.125,1.88,2.37,N,,08/2018,Analyst
25-2032.00,1.A.2.b.1,Control Precision,LV,2.12,8,0.125,1.88,2.37,N,N,08/2018,Analyst
25-2032.00,1.A.2.b.2,Multilimb Coordination,IM,2.0,8,0.0,2.0,2.0,N,,08/2018,Analyst
25-2032.00,1.A.2.b.2,Multilimb Coordination,LV,1.75,8,0.1637,1.4292,2.0708,N,N,08/2018,Analyst
25-2032.00,1.A.2.b.3,Response Orientation,IM,1.5,8,0.189,1.1296,1.8704,N,,08/2018,Analyst
25-2032.00,1.A.2.b.3,Response Orientation,LV,0.5,8,0.189,0.1296,0.8704,N,N,08/2018,Analyst
25-2032.00,1.A.2.b.4,Rate Control,IM,1.75,8,0.1637,1.4292,2.0708,N,,08/2018,Analyst
25-2032.00,1.A.2.b.4,Rate Control,LV,0.75,8,0.1637,0.4292,1.0708,N,N,08/2018,Analyst
25-2032.00,1.A.2.c.1,Reaction Time,IM,1.88,8,0.125,1.63,2.12,N,,08/2018,Analyst
25-2032.00,1.A.2.c.1,Reaction Time,LV,1.75,8,0.25,1.26,2.24,N,N,08/2018,Analyst
25-2032.00,1.A.2.c.2,Wrist-Finger Speed,IM,2.0,8,0.189,1.6296,2.3704,N,,08/2018,Analyst
25-2032.00,1.A.2.c.2,Wrist-Finger Speed,LV,1.62,8,0.2631,1.1094,2.1406,N,N,08/2018,Analyst
25-2032.00,1.A.2.c.3,Speed of Limb Movement,IM,1.75,8,0.1637,1.4292,2.0708,N,,08/2018,Analyst
25-2032.00,1.A.2.c.3,Speed of Limb Movement,LV,1.0,8,0.2673,0.4762,1.5238,N,N,08/2018,Analyst
25-2032.00,1.A.3.a.1,Static Strength,IM,2.12,8,0.125,1.88,2.37,N,,08/2018,Analyst
25-2032.00,1.A.3.a.1,Static Strength,LV,2.0,8,0.0,2.0,2.0,N,N,08/2018,Analyst
25-2032.00,1.A.3.a.2,Explosive Strength,IM,1.38,8,0.183,1.0164,1.7336,N,,08/2018,Analyst
25-2032.00,1.A.3.a.2,Explosive Strength,LV,0.5,8,0.2673,0.0,1.0238,N,N,08/2018,Analyst
25-2032.00,1.A.3.a.3,Dynamic Strength,IM,1.88,8,0.125,1.63,2.12,N,,08/2018,Analyst
25-2032.00,1.A.3.a.3,Dynamic Strength,LV,1.25,8,0.25,0.76,1.74,N,N,08/2018,Analyst
25-2032.00,1.A.3.a.4,Trunk Strength,IM,2.12,8,0.125,1.88,2.37,N,,08/2018,Analyst
25-2032.00,1.A.3.a.4,Trunk Strength,LV,2.12,8,0.125,1.88,2.37,N,N,08/2018,Analyst
25-2032.00,1.A.3.b.1,Stamina,IM,2.0,8,0.0,2.0,2.0,N,,08/2018,Analyst
25-2032.00,1.A.3.b.1,Stamina,LV,1.5,8,0.189,1.1296,1.8704,N,N,08/2018,Analyst
25-2032.00,1.A.3.c.1,Extent Flexibility,IM,2.0,8,0.0,2.0,2.0,N,,08/2018,Analyst
25-2032.00,1.A.3.c.1,Extent Flexibility,LV,1.25,8,0.1637,0.9292,1.5708,N,N,08/2018,Analyst
25-2032.00,1.A.3.c.2,Dynamic Flexibility,IM,1.0,8,0.0,1.0,1.0,N,,08/2018,Analyst
25-2032.00,1.A.3.c.2,Dynamic Flexibility,LV,0.0,8,0.0,0.0,0.0,N,Y,08/2018,Analyst
25-2032.00,1.A.3.c.3,Gross Body Coordination,IM,1.88,8,0.125,1.63,2.12,N,,08/2018,Analyst
25-2032.00,1.A.3.c.3,Gross Body Coordination,LV,1.5,8,0.2673,0.9762,2.0238,N,N,08/2018,Analyst
25-2032.00,1.A.3.c.4,Gross Body Equilibrium,IM,1.75,8,0.1637,1.4292,2.0708,N,,08/2018,Analyst
25-2032.00,1.A.3.c.4,Gross Body Equilibrium,LV,0.75,8,0.1637,0.4292,1.0708,N,N,08/2018,Analyst
25-2032.00,1.A.4.a.1,Near Vision,IM,3.88,8,0.125,3.63,4.12,N,,08/2018,Analyst
25-2032.00,1.A.4.a.1,Near Vision,LV,3.62,8,0.183,3.2664,3.9836,N,N,08/2018,Analyst
25-2032.00,1.A.4.a.2,Far Vision,IM,3.12,8,0.125,2.88,3.37,N,,08/2018,Analyst
25-2032.00,1.A.4.a.2,Far Vision,LV,3.25,8,0.1637,2.9292,3.5708,N,N,08/2018,Analyst
25-2032.00,1.A.4.a.3,Visual Color Discrimination,IM,2.5,8,0.189,2.1296,2.8704,N,,08/2018,Analyst
25-2032.00,1.A.4.a.3,Visual Color Discrimination,LV,2.38,8,0.2631,1.8594,2.8906,N,N,08/2018,Analyst
25-2032.00,1.A.4.a.4,Night Vision,IM,1.12,8,0.125,1.0,1.37,N,,08/2018,Analyst
25-2032.00,1.A.4.a.4,Night Vision,LV,0.12,8,0.125,0.0,0.37,N,Y,08/2018,Analyst
25-2032.00,1.A.4.a.5,Peripheral Vision,IM,1.0,8,0.0,1.0,1.0,N,,08/2018,Analyst
25-2032.00,1.A.4.a.5,Peripheral Vision,LV,0.0,8,0.0,0.0,0.0,N,Y,08/2018,Analyst
25-2032.00,1.A.4.a.6,Depth Perception,IM,2.0,8,0.0,2.0,2.0,N,,08/2018,Analyst
25-2032.00,1.A.4.a.6,Depth Perception,LV,2.0,8,0.0,2.0,2.0,N,N,08/2018,Analyst
25-2032.00,1.A.4.a.7,Glare Sensitivity,IM,1.0,8,0.0,1.0,1.0,N,,08/2018,Analyst
25-2032.00,1.A.4.a.7,Glare Sensitivity,LV,0.0,8,0.0,0.0,0.0,N,Y,08/2018,Analyst
25-2032.00,1.A.4.b.1,Hearing Sensitivity,IM,2.25,8,0.1637,1.9292,2.5708,N,,08/2018,Analyst
25-2032.00,1.A.4.b.1,Hearing Sensitivity,LV,2.0,8,0.0,2.0,2.0,N,N,08/2018,Analyst
25-2032.00,1.A.4.b.2,Auditory Attention,IM,2.5,8,0.189,2.1296,2.8704,N,,08/2018,Analyst
25-2032.00,1.A.4.b.2,Auditory Attention,LV,2.25,8,0.1637,1.9292,2.5708,N,N,08/2018,Analyst
25-2032.00,1.A.4.b.3,Sound Localization,IM,1.0,8,0.0,1.0,1.0,N,,08/2018,Analyst
25-2032.00,1.A.4.b.3,Sound Localization,LV,0.0,8,0.0,0.0,0.0,N,Y,08/2018,Analyst
25-2032.00,1.A.4.b.4,Speech Recognition,IM,3.88,8,0.125,3.63,4.12,N,,08/2018,Analyst
25-2032.00,1.A.4.b.4,Speech Recognition,LV,3.75,8,0.1637,3.4292,4.0708,N,N,08/2018,Analyst
25-2032.00,1.A.4.b.5,Speech Clarity,IM,4.12,8,0.125,3.88,4.37,N,,08/2018,Analyst
25-2032.00,1.A.4.b.5,Speech Clarity,LV,4.0,8,0.189,3.6296,4.3704,N,N,08/2018,Analyst
25-2051.00,1.A.1.a.1,Oral Comprehension,IM,4.0,8,0.0,4.0,4.0,N,,08/2019,Analyst
25-2051.00,1.A.1.a.1,Oral Comprehension,LV,4.12,8,0.125,3.88,4.37,N,N,08/2019,Analyst
25-2051.00,1.A.1.a.2,Written Comprehension,IM,4.0,8,0.0,4.0,4.0,N,,08/2019,Analyst
25-2051.00,1.A.1.a.2,Written Comprehension,LV,4.0,8,0.0,4.0,4.0,N,N,08/2019,Analyst
25-2051.00,1.A.1.a.3,Oral Expression,IM,4.12,8,0.125,3.88,4.37,N,,08/2019,Analyst
25-2051.00,1.A.1.a.3,Oral Expression,LV,4.0,8,0.0,4.0,4.0,N,N,08/2019,Analyst
25-2051.00,1.A.1.a.4,Written Expression,IM,3.75,8,0.1637,3.4292,4.0708,N,,08/2019,Analyst
25-2051.00,1.A.1.a.4,Written Expression,LV,4.0,8,0.189,3.6296,4.3704,N,N,08/2019,Analyst
25-2051.00,1.A.1.b.1,Fluency of Ideas,IM,3.25,8,0.25,2.76,3.74,N,,08/2019,Analyst
25-2051.00,1.A.1.b.1,Fluency of Ideas,LV,3.38,8,0.183,3.0164,3.7336,N,N,08/2019,Analyst
25-2051.00,1.A.1.b.2,Originality,IM,2.88,8,0.125,2.63,3.12,N,,08/2019,Analyst
25-2051.00,1.A.1.b.2,Originality,LV,3.62,8,0.183,3.2664,3.9836,N,N,08/2019,Analyst
25-2051.00,1.A.1.b.3,Problem Sensitivity,IM,4.0,8,0.0,4.0,4.0,N,,08/2019,Analyst
25-2051.00,1.A.1.b.3,Problem Sensitivity,LV,4.25,8,0.1637,3.9292,4.5708,N,N,08/2019,Analyst
25-2051.00,1.A.1.b.4,Deductive Reasoning,IM,3.88,8,0.125,3.63,4.12,N,,08/2019,Analyst
25-2051.00,1.A.1.b.4,Deductive Reasoning,LV,4.12,8,0.125,3.88,4.37,N,N,08/2019,Analyst
25-2051.00,1.A.1.b.5,Inductive Reasoning,IM,3.75,8,0.1637,3.4292,4.0708,N,,08/2019,Analyst
25-2051.00,1.A.1.b.5,Inductive Reasoning,LV,4.0,8,0.0,4.0,4.0,N,N,08/2019,Analyst
25-2051.00,1.A.1.b.6,Information Ordering,IM,3.38,8,0.183,3.0164,3.7336,N,,08/2019,Analyst
25-2051.00,1.A.1.b.6,Information Ordering,LV,3.5,8,0.189,3.1296,3.8704,N,N,08/2019,Analyst
25-2051.00,1.A.1.b.7,Category Flexibility,IM,3.0,8,0.189,2.6296,3.3704,N,,08/2019,Analyst
25-2051.00,1.A.1.b.7,Category Flexibility,LV,3.38,8,0.183,3.0164,3.7336,N,N,08/2019,Analyst
25-2051.00,1.A.1.c.1,Mathematical Reasoning,IM,2.0,8,0.0,2.0,2.0,N,,08/2019,Analyst
25-2051.00,1.A.1.c.1,Mathematical Reasoning,LV,1.88,8,0.125,1.63,2.12,N,N,08/2019,Analyst
25-2051.00,1.A.1.c.2,Number Facility,IM,2.0,8,0.0,2.0,2.0,N,,08/2019,Analyst
25-2051.00,1.A.1.c.2,Number Facility,LV,1.88,8,0.125,1.63,2.12,N,N,08/2019,Analyst
25-2051.00,1.A.1.d.1,Memorization,IM,2.5,8,0.189,2.1296,2.8704,N,,08/2019,Analyst
25-2051.00,1.A.1.d.1,Memorization,LV,2.62,8,0.183,2.2664,2.9836,N,N,08/2019,Analyst
25-2051.00,1.A.1.e.1,Speed of Closure,IM,2.5,8,0.189,2.1296,2.8704,N,,08/2019,Analyst
25-2051.00,1.A.1.e.1,Speed of Closure,LV,2.5,8,0.189,2.1296,2.8704,N,N,08/2019,Analyst
25-2051.00,1.A.1.e.2,Flexibility of Closure,IM,2.62,8,0.183,2.2664,2.9836,N,,08/2019,Analyst
25-2051.00,1.A.1.e.2,Flexibility of Closure,LV,2.75,8,0.1637,2.4292,3.0708,N,N,08/2019,Analyst
25-2051.00,1.A.1.e.3,Perceptual Speed,IM,2.5,8,0.189,2.1296,2.8704,N,,08/2019,Analyst
25-2051.00,1.A.1.e.3,Perceptual Speed,LV,2.38,8,0.183,2.0164,2.7336,N,N,08/2019,Analyst
25-2051.00,1.A.1.f.1,Spatial Orientation,IM,1.25,8,0.1637,1.0,1.5708,N,,08/2019,Analyst
25-2051.00,1.A.1.f.1,Spatial Orientation,LV,0.5,8,0.3273,0.0,1.1416,N,Y,08/2019,Analyst
25-2051.00,1.A.1.f.2,Visualization,IM,2.25,8,0.1637,1.9292,2.5708,N,,08/2019,Analyst
25-2051.00,1.A.1.f.2,Visualization,LV,2.5,8,0.189,2.1296,2.8704,N,N,08/2019,Analyst
25-2051.00,1.A.1.g.1,Selective Attention,IM,3.38,8,0.183,3.0164,3.7336,N,,08/2019,Analyst
25-2051.00,1.A.1.g.1,Selective Attention,LV,3.25,8,0.1637,2.9292,3.5708,N,N,08/2019,Analyst
25-2051.00,1.A.1.g.2,Time Sharing,IM,3.0,8,0.189,2.6296,3.3704,N,,08/2019,Analyst
25-2051.00,1.A.1.g.2,Time Sharing,LV,2.88,8,0.295,2.2967,3.4533,N,N,08/2019,Analyst
25-2051.00,1.A.2.a.1,Arm-Hand Steadiness,IM,2.12,8,0.125,1.88,2.37,N,,08/2019,Analyst
25-2051.00,1.A.2.a.1,Arm-Hand Steadiness,LV,2.0,8,0.189,1.6296,2.3704,N,N,08/2019,Analyst
25-2051.00,1.A.2.a.2,Manual Dexterity,IM,2.12,8,0.125,1.88,2.37,N,,08/2019,Analyst
25-2051.00,1.A.2.a.2,Manual Dexterity,LV,1.88,8,0.2266,1.4309,2.3191,N,N,08/2019,Analyst
25-2051.00,1.A.2.a.3,Finger Dexterity,IM,2.0,8,0.0,2.0,2.0,N,,08/2019,Analyst
25-2051.00,1.A.2.a.3,Finger Dexterity,LV,2.0,8,0.0,2.0,2.0,N,N,08/2019,Analyst
25-2051.00,1.A.2.b.1,Control Precision,IM,1.62,8,0.183,1.2664,1.9836,N,,08/2019,Analyst
25-2051.00,1.A.2.b.1,Control Precision,LV,1.12,8,0.3504,0.4383,1.8117,N,N,08/2019,Analyst
25-2051.00,1.A.2.b.2,Multilimb Coordination,IM,1.88,8,0.125,1.63,2.12,N,,08/2019,Analyst
25-2051.00,1.A.2.b.2,Multilimb Coordination,LV,1.62,8,0.2631,1.1094,2.1406,N,N,08/2019,Analyst
25-2051.00,1.A.2.b.3,Response Orientation,IM,1.38,8,0.183,1.0164,1.7336,N,,08/2019,Analyst
25-2051.00,1.A.2.b.3,Response Orientation,LV,0.5,8,0.2673,0.0,1.0238,N,N,08/2019,Analyst
25-2051.00,1.A.2.b.4,Rate Control,IM,1.0,8,0.0,1.0,1.0,N,,08/2019,Analyst
25-2051.00,1.A.2.b.4,Rate Control,LV,0.0,8,0.0,0.0,0.0,N,Y,08/2019,Analyst
25-2051.00,1.A.2.c.1,Reaction Time,IM,1.0,8,0.0,1.0,1.0,N,,08/2019,Analyst
25-2051.00,1.A.2.c.1,Reaction Time,LV,0.0,8,0.0,0.0,0.0,N,Y,08/2019,Analyst
25-2051.00,1.A.2.c.2,Wrist-Finger Speed,IM,1.88,8,0.125,1.63,2.12,N,,08/2019,Analyst
25-2051.00,1.A.2.c.2,Wrist-Finger Speed,LV,1.38,8,0.2631,0.8594,1.8906,N,N,08/2019,Analyst
25-2051.00,1.A.2.c.3,Speed of Limb Movement,IM,1.0,8,0.0,1.0,1.0,N,,08/2019,Analyst
25-2051.00,1.A.2.c.3,Speed of Limb Movement,LV,0.0,8,0.0,0.0,0.0,N,Y,08/2019,Analyst
25-2051.00,1.A.3.a.1,Static Strength,IM,2.0,8,0.189,1.6296,2.3704,N,,08/2019,Analyst
25-2051.00,1.A.3.a.1,Static Strength,LV,1.62,8,0.3239,0.9902,2.2598,N,N,08/2019,Analyst
25-2051.00,1.A.3.a.2,Explosive Strength,IM,1.75,8,0.1637,1.4292,2.0708,N,,08/2019,Analyst
25-2051.00,1.A.3.a.2,Explosive Strength,LV,1.12,8,0.295,0.5467,1.7033,N,N,08/2019,Analyst
25-2051.00,1.A.3.a.3,Dynamic Strength,IM,2.0,8,0.189,1.6296,2.3704,N,,08/2019,Analyst
25-2051.00,1.A.3.a.3,Dynamic Strength,LV,1.62,8,0.3239,0.9902,2.2598,N,N,08/2019,Analyst
25-2051.00,1.A.3.a.4,Trunk Strength,IM,2.38,8,0.183,2.0164,2.7336,N,,08/2019,Analyst
25-2051.00,1.A.3.a.4,Trunk Strength,LV,2.25,8,0.1637,1.9292,2.5708,N,N,08/2019,Analyst
25-2051.00,1.A.3.b.1,Stamina,IM,2.0,8,0.189,1.6296,2.3704,N,,08/2019,Analyst
25-2051.00,1.A.3.b.1,Stamina,LV,1.5,8,0.3273,0.8584,2.1416,N,N,08/2019,Analyst
25-2051.00,1.A.3.c.1,Extent Flexibility,IM,2.0,8,0.189,1.6296,2.3704,N,,08/2019,Analyst
25-2051.00,1.A.3.c.1,Extent Flexibility,LV,1.88,8,0.295,1.2967,2.4533,N,N,08/2019,Analyst
25-2051.00,1.A.3.c.2,Dynamic Flexibility,IM,1.12,8,0.125,1.0,1.37,N,,08/2019,Analyst
25-2051.00,1.A.3.c.2,Dynamic Flexibility,LV,0.12,8,0.125,0.0,0.37,N,Y,08/2019,Analyst
25-2051.00,1.A.3.c.3,Gross Body Coordination,IM,2.12,8,0.125,1.88,2.37,N,,08/2019,Analyst
25-2051.00,1.A.3.c.3,Gross Body Coordination,LV,1.88,8,0.2266,1.4309,2.3191,N,N,08/2019,Analyst
25-2051.00,1.A.3.c.4,Gross Body Equilibrium,IM,2.0,8,0.189,1.6296,2.3704,N,,08/2019,Analyst
25-2051.00,1.A.3.c.4,Gross Body Equilibrium,LV,1.5,8,0.2673,0.9762,2.0238,N,N,08/2019,Analyst
25-2051.00,1.A.4.a.1,Near Vision,IM,3.38,8,0.183,3.0164,3.7336,N,,08/2019,Analyst
25-2051.00,1.A.4.a.1,Near Vision,LV,3.5,8,0.2673,2.9762,4.0238,N,N,08/2019,Analyst
25-2051.00,1.A.4.a.2,Far Vision,IM,2.88,8,0.2266,2.4309,3.3191,N,,08/2019,Analyst
25-2051.00,1.A.4.a.2,Far Vision,LV,2.88,8,0.295,2.2967,3.4533,N,N,08/2019,Analyst
25-2051.00,1.A.4.a.3,Visual Color Discrimination,IM,2.12,8,0.2266,1.6809,2.5691,N,,08/2019,Analyst
25-2051.00,1.A.4.a.3,Visual Color Discrimination,LV,1.88,8,0.3504,1.1883,2.5617,N,N,08/2019,Analyst
25-2051.00,1.A.4.a.4,Night Vision,IM,1.0,8,0.0,1.0,1.0,N,,08/2019,Analyst
25-2051.00,1.A.4.a.4,Night Vision,LV,0.0,8,0.0,0.0,0.0,N,Y,08/2019,Analyst
25-2051.00,1.A.4.a.5,Peripheral Vision,IM,1.12,8,0.125,1.0,1.37,N,,08/2019,Analyst
25-2051.00,1.A.4.a.5,Peripheral Vision,LV,0.12,8,0.125,0.0,0.37,N,Y,08/2019,Analyst
25-2051.00,1.A.4.a.6,Depth Perception,IM,1.88,8,0.125,1.63,2.12,N,,08/2019,Analyst
25-2051.00,1.A.4.a.6,Depth Perception,LV,1.12,8,0.2266,0.6809,1.5691,N,N,08/2019,Analyst
25-2051.00,1.A.4.a.7,Glare Sensitivity,IM,1.25,8,0.1637,1.0,1.5708,N,,08/2019,Analyst
25-2051.00,1.A.4.a.7,Glare Sensitivity,LV,0.38,8,0.2631,0.0,0.8906,N,Y,08/2019,Analyst
25-2051.00,1.A.4.b.1,Hearing Sensitivity,IM,2.25,8,0.1637,1.9292,2.5708,N,,08/2019,Analyst
25-2051.00,1.A.4.b.1,Hearing Sensitivity,LV,2.0,8,0.189,1.6296,2.3704,N,N,08/2019,Analyst
25-2051.00,1.A.4.b.2,Auditory Attention,IM,2.75,8,0.25,2.26,3.24,N,,08/2019,Analyst
25-2051.00,1.A.4.b.2,Auditory Attention,LV,2.5,8,0.2673,1.9762,3.0238,N,N,08/2019,Analyst
25-2051.00,1.A.4.b.3,Sound Localization,IM,1.38,8,0.2631,1.0,1.8906,N,,08/2019,Analyst
25-2051.00,1.A.4.b.3,Sound Localization,LV,0.5,8,0.378,0.0,1.2408,N,Y,08/2019,Analyst
25-2051.00,1.A.4.b.4,Speech Recognition,IM,3.5,8,0.2673,2.9762,4.0238,N,,08/2019,Analyst
25-2051.00,1.A.4.b.4,Speech Recognition,LV,3.5,8,0.3273,2.8584,4.1416,N,N,08/2019,Analyst
25-2051.00,1.A.4.b.5,Speech Clarity,IM,4.0,8,0.0,4.0,4.0,N,,08/2019,Analyst
25-2051.00,1.A.4.b.5,Speech Clarity,LV,3.88,8,0.2266,3.4309,4.3191,N,N,08/2019,Analyst
25-2057.00,1.A.1.a.1,Oral Comprehension,IM,4.0,8,0.0,4.0,4.0,N,,08/2018,Analyst
25-2057.00,1.A.1.a.1,Oral Comprehension,LV,4.0,8,0.0,4.0,4.0,N,N,08/2018,Analyst
25-2057.00,1.A.1.a.2,Written Comprehension,IM,4.12,8,0.125,3.88,4.37,N,,08/2018,Analyst
25-2057.00,1.A.1.a.2,Written Comprehension,LV,4.0,8,0.0,4.0,4.0,N,N,08/2018,Analyst
25-2057.00,1.A.1.a.3,Oral Expression,IM,4.0,8,0.0,4.0,4.0,N,,08/2018,Analyst
25-2057.00,1.A.1.a.3,Oral Expression,LV,4.12,8,0.125,3.88,4.37,N,N,08/2018,Analyst
25-2057.00,1.A.1.a.4,Written Expression,IM,4.0,8,0.0,4.0,4.0,N,,08/2018,Analyst
25-2057.00,1.A.1.a.4,Written Expression,LV,4.0,8,0.0,4.0,4.0,N,N,08/2018,Analyst
25-2057.00,1.A.1.b.1,Fluency of Ideas,IM,3.12,8,0.125,2.88,3.37,N,,08/2018,Analyst
25-2057.00,1.A.1.b.1,Fluency of Ideas,LV,3.88,8,0.125,3.63,4.12,N,N,08/2018,Analyst
25-2057.00,1.A.1.b.2,Originality,IM,3.62,8,0.183,3.2664,3.9836,N,,08/2018,Analyst
25-2057.00,1.A.1.b.2,Originality,LV,3.88,8,0.125,3.63,4.12,N,N,08/2018,Analyst
25-2057.00,1.A.1.b.3,Problem Sensitivity,IM,3.88,8,0.125,3.63,4.12,N,,08/2018,Analyst
25-2057.00,1.A.1.b.3,Problem Sensitivity,LV,3.88,8,0.125,3.63,4.12,N,N,08/2018,Analyst
25-2057.00,1.A.1.b.4,Deductive Reasoning,IM,3.88,8,0.125,3.63,4.12,N,,08/2018,Analyst
25-2057.00,1.A.1.b.4,Deductive Reasoning,LV,3.88,8,0.125,3.63,4.12,N,N,08/2018,Analyst
25-2057.00,1.A.1.b.5,Inductive Reasoning,IM,3.88,8,0.125,3.63,4.12,N,,08/2018,Analyst
25-2057.00,1.A.1.b.5,Inductive Reasoning,LV,3.88,8,0.125,3.63,4.12,N,N,08/2018,Analyst
25-2057.00,1.A.1.b.6,Information Ordering,IM,3.88,8,0.125,3.63,4.12,N,,08/2018,Analyst
25-2057.00,1.A.1.b.6,Information Ordering,LV,3.75,8,0.1637,3.4292,4.0708,N,N,08/2018,Analyst
25-2057.00,1.A.1.b.7,Category Flexibility,IM,3.25,8,0.1637,2.9292,3.5708,N,,08/2018,Analyst
25-2057.00,1.A.1.b.7,Category Flexibility,LV,3.12,8,0.125,2.88,3.37,N,N,08/2018,Analyst
25-2057.00,1.A.1.c.1,Mathematical Reasoning,IM,2.75,8,0.1637,2.4292,3.0708,N,,08/2018,Analyst
25-2057.00,1.A.1.c.1,Mathematical Reasoning,LV,3.0,8,0.0,3.0,3.0,N,N,08/2018,Analyst
25-2057.00,1.A.1.c.2,Number Facility,IM,2.88,8,0.125,2.63,3.12,N,,08/2018,Analyst
25-2057.00,1.A.1.c.2,Number Facility,LV,2.88,8,0.125,2.63,3.12,N,N,08/2018,Analyst
25-2057.00,1.A.1.d.1,Memorization,IM,2.88,8,0.125,2.63,3.12,N,,08/2018,Analyst
25-2057.00,1.A.1.d.1,Memorization,LV,3.0,8,0.189,2.6296,3.3704,N,N,08/2018,Analyst
25-2057.00,1.A.1.e.1,Speed of Closure,IM,2.75,8,0.1637,2.4292,3.0708,N,,08/2018,Analyst
25-2057.00,1.A.1.e.1,Speed of Closure,LV,2.88,8,0.125,2.63,3.12,N,N,08/2018,Analyst
25-2057.00,1.A.1.e.2,Flexibility of Closure,IM,2.88,8,0.125,2.63,3.12,N,,08/2018,Analyst
25-2057.00,1.A.1.e.2,Flexibility of Closure,LV,3.0,8,0.0,3.0,3.0,N,N,08/2018,Analyst
25-2057.00,1.A.1.e.3,Perceptual Speed,IM,2.75,8,0.1637,2.4292,3.0708,N,,08/2018,Analyst
25-2057.00,1.A.1.e.3,Perceptual Speed,LV,2.25,8,0.1637,1.9292,2.5708,N,N,08/2018,Analyst
25-2057.00,1.A.1.f.1,Spatial Orientation,IM,1.0,8,0.0,1.0,1.0,N,,08/2018,Analyst
25-2057.00,1.A.1.f.1,Spatial Orientation,LV,0.0,8,0.0,0.0,0.0,N,Y,08/2018,Analyst
25-2057.00,1.A.1.f.2,Visualization,IM,2.5,8,0.189,2.1296,2.8704,N,,08/2018,Analyst
25-2057.00,1.A.1.f.2,Visualization,LV,2.5,8,0.189,2.1296,2.8704,N,N,08/2018,Analyst
25-2057.00,1.A.1.g.1,Selective Attention,IM,3.12,8,0.125,2.88,3.37,N,,08/2018,Analyst
25-2057.00,1.A.1.g.1,Selective Attention,LV,3.12,8,0.125,2.88,3.37,N,N,08/2018,Analyst
25-2057.00,1.A.1.g.2,Time Sharing,IM,2.88,8,0.2266,2.4309,3.3191,N,,08/2018,Analyst
25-2057.00,1.A.1.g.2,Time Sharing,LV,2.75,8,0.1637,2.4292,3.0708,N,N,08/2018,Analyst
25-2057.00,1.A.2.a.1,Arm-Hand Steadiness,IM,1.12,8,0.125,1.0,1.37,N,,08/2018,Analyst
25-2057.00,1.A.2.a.1,Arm-Hand Steadiness,LV,0.12,8,0.125,0.0,0.37,N,Y,08/2018,Analyst
25-2057.00,1.A.2.a.2,Manual Dexterity,IM,1.12,8,0.125,1.0,1.37,N,,08/2018,Analyst
25-2057.00,1.A.2.a.2,Manual Dexterity,LV,0.12,8,0.125,0.0,0.37,N,Y,08/2018,Analyst
25-2057.00,1.A.2.a.3,Finger Dexterity,IM,1.62,8,0.183,1.2664,1.9836,N,,08/2018,Analyst
25-2057.00,1.A.2.a.3,Finger Dexterity,LV,1.12,8,0.3504,0.4383,1.8117,N,N,08/2018,Analyst
25-2057.00,1.A.2.b.1,Control Precision,IM,1.0,8,0.0,1.0,1.0,N,,08/2018,Analyst
25-2057.00,1.A.2.b.1,Control Precision,LV,0.0,8,0.0,0.0,0.0,N,Y,08/2018,Analyst
25-2057.00,1.A.2.b.2,Multilimb Coordination,IM,1.0,8,0.0,1.0,1.0,N,,08/2018,Analyst
25-2057.00,1.A.2.b.2,Multilimb Coordination,LV,0.0,8,0.0,0.0,0.0,N,Y,08/2018,Analyst
25-2057.00,1.A.2.b.3,Response Orientation,IM,1.0,8,0.0,1.0,1.0,N,,08/2018,Analyst
25-2057.00,1.A.2.b.3,Response Orientation,LV,0.0,8,0.0,0.0,0.0,N,Y,08/2018,Analyst
25-2057.00,1.A.2.b.4,Rate Control,IM,1.0,8,0.0,1.0,1.0,N,,08/2018,Analyst
25-2057.00,1.A.2.b.4,Rate Control,LV,0.0,8,0.0,0.0,0.0,N,Y,08/2018,Analyst
25-2057.00,1.A.2.c.1,Reaction Time,IM,1.0,8,0.0,1.0,1.0,N,,08/2018,Analyst
25-2057.00,1.A.2.c.1,Reaction Time,LV,0.0,8,0.0,0.0,0.0,N,Y,08/2018,Analyst
25-2057.00,1.A.2.c.2,Wrist-Finger Speed,IM,1.12,8,0.125,1.0,1.37,N,,08/2018,Analyst
25-2057.00,1.A.2.c.2,Wrist-Finger Speed,LV,0.25,8,0.25,0.0,0.74,N,Y,08/2018,Analyst
25-2057.00,1.A.2.c.3,Speed of Limb Movement,IM,1.0,8,0.0,1.0,1.0,N,,08/2018,Analyst
25-2057.00,1.A.2.c.3,Speed of Limb Movement,LV,0.0,8,0.0,0.0,0.0,N,Y,08/2018,Analyst
25-2057.00,1.A.3.a.1,Static Strength,IM,1.0,8,0.0,1.0,1.0,N,,08/2018,Analyst
25-2057.00,1.A.3.a.1,Static Strength,LV,0.0,8,0.0,0.0,0.0,N,Y,08/2018,Analyst
25-2057.00,1.A.3.a.2,Explosive Strength,IM,1.25,8,0.1637,1.0,1.5708,N,,08/2018,Analyst
25-2057.00,1.A.3.a.2,Explosive Strength,LV,0.38,8,0.2631,0.0,0.8906,N,Y,08/2018,Analyst
25-2057.00,1.A.3.a.3,Dynamic Strength,IM,1.25,8,0.1637,1.0,1.5708,N,,08/2018,Analyst
25-2057.00,1.A.3.a.3,Dynamic Strength,LV,0.38,8,0.2631,0.0,0.8906,N,Y,08/2018,Analyst
25-2057.00,1.A.3.a.4,Trunk Strength,IM,2.25,8,0.1637,1.9292,2.5708,N,,08/2018,Analyst
25-2057.00,1.A.3.a.4,Trunk Strength,LV,1.75,8,0.1637,1.4292,2.0708,N,N,08/2018,Analyst
25-2057.00,1.A.3.b.1,Stamina,IM,1.62,8,0.183,1.2664,1.9836,N,,08/2018,Analyst
25-2057.00,1.A.3.b.1,Stamina,LV,0.62,8,0.183,0.2664,0.9836,N,N,08/2018,Analyst
25-2057.00,1.A.3.c.1,Extent Flexibility,IM,1.0,8,0.0,1.0,1.0,N,,08/2018,Analyst
25-2057.00,1.A.3.c.1,Extent Flexibility,LV,0.0,8,0.0,0.0,0.0,N,Y,08/2018,Analyst
25-2057.00,1.A.3.c.2,Dynamic Flexibility,IM,1.0,8,0.0,1.0,1.0,N,,08/2018,Analyst
25-2057.00,1.A.3.c.2,Dynamic Flexibility,LV,0.0,8,0.0,0.0,0.0,N,Y,08/2018,Analyst
25-2057.00,1.A.3.c.3,Gross Body Coordination,IM,1.38,8,0.183,1.0164,1.7336,N,,08/2018,Analyst
25-2057.00,1.A.3.c.3,Gross Body Coordination,LV,0.5,8,0.2673,0.0,1.0238,N,N,08/2018,Analyst
25-2057.00,1.A.3.c.4,Gross Body Equilibrium,IM,1.38,8,0.183,1.0164,1.7336,N,,08/2018,Analyst
25-2057.00,1.A.3.c.4,Gross Body Equilibrium,LV,0.5,8,0.2673,0.0,1.0238,N,N,08/2018,Analyst
25-2057.00,1.A.4.a.1,Near Vision,IM,3.62,8,0.183,3.2664,3.9836,N,,08/2018,Analyst
25-2057.00,1.A.4.a.1,Near Vision,LV,3.38,8,0.183,3.0164,3.7336,N,N,08/2018,Analyst
25-2057.00,1.A.4.a.2,Far Vision,IM,2.75,8,0.1637,2.4292,3.0708,N,,08/2018,Analyst
25-2057.00,1.A.4.a.2,Far Vision,LV,2.88,8,0.125,2.63,3.12,N,N,08/2018,Analyst
25-2057.00,1.A.4.a.3,Visual Color Discrimination,IM,2.12,8,0.125,1.88,2.37,N,,08/2018,Analyst
25-2057.00,1.A.4.a.3,Visual Color Discrimination,LV,2.12,8,0.125,1.88,2.37,N,N,08/2018,Analyst
25-2057.00,1.A.4.a.4,Night Vision,IM,1.0,8,0.0,1.0,1.0,N,,08/2018,Analyst
25-2057.00,1.A.4.a.4,Night Vision,LV,0.0,8,0.0,0.0,0.0,N,Y,08/2018,Analyst
25-2057.00,1.A.4.a.5,Peripheral Vision,IM,1.0,8,0.0,1.0,1.0,N,,08/2018,Analyst
25-2057.00,1.A.4.a.5,Peripheral Vision,LV,0.0,8,0.0,0.0,0.0,N,Y,08/2018,Analyst
25-2057.00,1.A.4.a.6,Depth Perception,IM,1.0,8,0.0,1.0,1.0,N,,08/2018,Analyst
25-2057.00,1.A.4.a.6,Depth Perception,LV,0.0,8,0.0,0.0,0.0,N,Y,08/2018,Analyst
25-2057.00,1.A.4.a.7,Glare Sensitivity,IM,1.0,8,0.0,1.0,1.0,N,,08/2018,Analyst
25-2057.00,1.A.4.a.7,Glare Sensitivity,LV,0.0,8,0.0,0.0,0.0,N,Y,08/2018,Analyst
25-2057.00,1.A.4.b.1,Hearing Sensitivity,IM,2.12,8,0.125,1.88,2.37,N,,08/2018,Analyst
25-2057.00,1.A.4.b.1,Hearing Sensitivity,LV,2.0,8,0.0,2.0,2.0,N,N,08/2018,Analyst
25-2057.00,1.A.4.b.2,Auditory Attention,IM,2.25,8,0.1637,1.9292,2.5708,N,,08/2018,Analyst
25-2057.00,1.A.4.b.2,Auditory Attention,LV,2.12,8,0.125,1.88,2.37,N,N,08/2018,Analyst
25-2057.00,1.A.4.b.3,Sound Localization,IM,1.0,8,0.0,1.0,1.0,N,,08/2018,Analyst
25-2057.00,1.A.4.b.3,Sound Localization,LV,0.0,8,0.0,0.0,0.0,N,Y,08/2018,Analyst
25-2057.00,1.A.4.b.4,Speech Recognition,IM,3.88,8,0.125,3.63,4.12,N,,08/2018,Analyst
25-2057.00,1.A.4.b.4,Speech Recognition,LV,3.88,8,0.125,3.63,4.12,N,N,08/2018,Analyst
25-2057.00,1.A.4.b.5,Speech Clarity,IM,3.88,8,0.125,3.63,4.12,N,,08/2018,Analyst
25-2057.00,1.A.4.b.5,Speech Clarity,LV,3.88,8,0.125,3.63,4.12,N,N,08/2018,Analyst
25-2058.00,1.A.1.a.1,Oral Comprehension,IM,4.0,8,0.0,4.0,4.0,N,,08/2018,Analyst
25-2058.00,1.A.1.a.1,Oral Comprehension,LV,4.0,8,0.0,4.0,4.0,N,N,08/2018,Analyst
25-2058.00,1.A.1.a.2,Written Comprehension,IM,4.0,8,0.0,4.0,4.0,N,,08/2018,Analyst
25-2058.00,1.A.1.a.2,Written Comprehension,LV,4.0,8,0.0,4.0,4.0,N,N,08/2018,Analyst
25-2058.00,1.A.1.a.3,Oral Expression,IM,4.0,8,0.0,4.0,4.0,N,,08/2018,Analyst
25-2058.00,1.A.1.a.3,Oral Expression,LV,4.12,8,0.125,3.88,4.37,N,N,08/2018,Analyst
25-2058.00,1.A.1.a.4,Written Expression,IM,4.0,8,0.0,4.0,4.0,N,,08/2018,Analyst
25-2058.00,1.A.1.a.4,Written Expression,LV,3.88,8,0.125,3.63,4.12,N,N,08/2018,Analyst
25-2058.00,1.A.1.b.1,Fluency of Ideas,IM,3.75,8,0.1637,3.4292,4.0708,N,,08/2018,Analyst
25-2058.00,1.A.1.b.1,Fluency of Ideas,LV,3.38,8,0.183,3.0164,3.7336,N,N,08/2018,Analyst
25-2058.00,1.A.1.b.2,Originality,IM,3.38,8,0.183,3.0164,3.7336,N,,08/2018,Analyst
25-2058.00,1.A.1.b.2,Originality,LV,3.75,8,0.1637,3.4292,4.0708,N,N,08/2018,Analyst
25-2058.00,1.A.1.b.3,Problem Sensitivity,IM,3.88,8,0.125,3.63,4.12,N,,08/2018,Analyst
25-2058.00,1.A.1.b.3,Problem Sensitivity,LV,3.88,8,0.125,3.63,4.12,N,N,08/2018,Analyst
25-2058.00,1.A.1.b.4,Deductive Reasoning,IM,3.75,8,0.1637,3.4292,4.0708,N,,08/2018,Analyst
25-2058.00,1.A.1.b.4,Deductive Reasoning,LV,3.88,8,0.125,3.63,4.12,N,N,08/2018,Analyst
25-2058.00,1.A.1.b.5,Inductive Reasoning,IM,3.75,8,0.1637,3.4292,4.0708,N,,08/2018,Analyst
25-2058.00,1.A.1.b.5,Inductive Reasoning,LV,3.88,8,0.125,3.63,4.12,N,N,08/2018,Analyst
25-2058.00,1.A.1.b.6,Information Ordering,IM,3.62,8,0.183,3.2664,3.9836,N,,08/2018,Analyst
25-2058.00,1.A.1.b.6,Information Ordering,LV,3.38,8,0.183,3.0164,3.7336,N,N,08/2018,Analyst
25-2058.00,1.A.1.b.7,Category Flexibility,IM,3.38,8,0.183,3.0164,3.7336,N,,08/2018,Analyst
25-2058.00,1.A.1.b.7,Category Flexibility,LV,3.62,8,0.183,3.2664,3.9836,N,N,08/2018,Analyst
25-2058.00,1.A.1.c.1,Mathematical Reasoning,IM,2.88,8,0.125,2.63,3.12,N,,08/2018,Analyst
25-2058.00,1.A.1.c.1,Mathematical Reasoning,LV,3.0,8,0.189,2.6296,3.3704,N,N,08/2018,Analyst
25-2058.00,1.A.1.c.2,Number Facility,IM,2.88,8,0.125,2.63,3.12,N,,08/2018,Analyst
25-2058.00,1.A.1.c.2,Number Facility,LV,2.88,8,0.125,2.63,3.12,N,N,08/2018,Analyst
25-2058.00,1.A.1.d.1,Memorization,IM,2.88,8,0.125,2.63,3.12,N,,08/2018,Analyst
25-2058.00,1.A.1.d.1,Memorization,LV,3.0,8,0.0,3.0,3.0,N,N,08/2018,Analyst
25-2058.00,1.A.1.e.1,Speed of Closure,IM,2.75,8,0.1637,2.4292,3.0708,N,,08/2018,Analyst
25-2058.00,1.A.1.e.1,Speed of Closure,LV,2.88,8,0.125,2.63,3.12,N,N,08/2018,Analyst
25-2058.00,1.A.1.e.2,Flexibility of Closure,IM,3.12,8,0.125,2.88,3.37,N,,08/2018,Analyst
25-2058.00,1.A.1.e.2,Flexibility of Closure,LV,3.0,8,0.0,3.0,3.0,N,N,08/2018,Analyst
25-2058.00,1.A.1.e.3,Perceptual Speed,IM,2.75,8,0.1637,2.4292,3.0708,N,,08/2018,Analyst
25-2058.00,1.A.1.e.3,Perceptual Speed,LV,2.88,8,0.125,2.63,3.12,N,N,08/2018,Analyst
25-2058.00,1.A.1.f.1,Spatial Orientation,IM,1.0,8,0.0,1.0,1.0,N,,08/2018,Analyst
25-2058.00,1.A.1.f.1,Spatial Orientation,LV,0.0,8,0.0,0.0,0.0,N,Y,08/2018,Analyst
25-2058.00,1.A.1.f.2,Visualization,IM,2.62,8,0.183,2.2664,2.9836,N,,08/2018,Analyst
25-2058.00,1.A.1.f.2,Visualization,LV,2.75,8,0.1637,2.4292,3.0708,N,N,08/2018,Analyst
25-2058.00,1.A.1.g.1,Selective Attention,IM,3.25,8,0.1637,2.9292,3.5708,N,,08/2018,Analyst
25-2058.00,1.A.1.g.1,Selective Attention,LV,2.88,8,0.125,2.63,3.12,N,N,08/2018,Analyst
25-2058.00,1.A.1.g.2,Time Sharing,IM,2.88,8,0.125,2.63,3.12,N,,08/2018,Analyst
25-2058.00,1.A.1.g.2,Time Sharing,LV,2.88,8,0.125,2.63,3.12,N,N,08/2018,Analyst
25-2058.00,1.A.2.a.1,Arm-Hand Steadiness,IM,1.5,8,0.189,1.1296,1.8704,N,,08/2018,Analyst
25-2058.00,1.A.2.a.1,Arm-Hand Steadiness,LV,0.62,8,0.2631,0.1094,1.1406,N,N,08/2018,Analyst
25-2058.00,1.A.2.a.2,Manual Dexterity,IM,1.0,8,0.0,1.0,1.0,N,,08/2018,Analyst
25-2058.00,1.A.2.a.2,Manual Dexterity,LV,0.0,8,0.0,0.0,0.0,N,Y,08/2018,Analyst
25-2058.00,1.A.2.a.3,Finger Dexterity,IM,2.0,8,0.2673,1.4762,2.5238,N,,08/2018,Analyst
25-2058.00,1.A.2.a.3,Finger Dexterity,LV,1.38,8,0.3239,0.7402,2.0098,N,N,08/2018,Analyst
25-2058.00,1.A.2.b.1,Control Precision,IM,1.0,8,0.0,1.0,1.0,N,,08/2018,Analyst
25-2058.00,1.A.2.b.1,Control Precision,LV,0.0,8,0.0,0.0,0.0,N,Y,08/2018,Analyst
25-2058.00,1.A.2.b.2,Multilimb Coordination,IM,1.75,8,0.1637,1.4292,2.0708,N,,08/2018,Analyst
25-2058.00,1.A.2.b.2,Multilimb Coordination,LV,0.75,8,0.1637,0.4292,1.0708,N,N,08/2018,Analyst
25-2058.00,1.A.2.b.3,Response Orientation,IM,1.38,8,0.183,1.0164,1.7336,N,,08/2018,Analyst
25-2058.00,1.A.2.b.3,Response Orientation,LV,0.38,8,0.183,0.0164,0.7336,N,N,08/2018,Analyst
25-2058.00,1.A.2.b.4,Rate Control,IM,1.12,8,0.125,1.0,1.37,N,,08/2018,Analyst
25-2058.00,1.A.2.b.4,Rate Control,LV,0.12,8,0.125,0.0,0.37,N,Y,08/2018,Analyst
25-2058.00,1.A.2.c.1,Reaction Time,IM,1.38,8,0.183,1.0164,1.7336,N,,08/2018,Analyst
25-2058.00,1.A.2.c.1,Reaction Time,LV,0.38,8,0.183,0.0164,0.7336,N,N,08/2018,Analyst
25-2058.00,1.A.2.c.2,Wrist-Finger Speed,IM,1.25,8,0.1637,1.0,1.5708,N,,08/2018,Analyst
25-2058.00,1.A.2.c.2,Wrist-Finger Speed,LV,0.38,8,0.2631,0.0,0.8906,N,Y,08/2018,Analyst
25-2058.00,1.A.2.c.3,Speed of Limb Movement,IM,1.0,8,0.0,1.0,1.0,N,,08/2018,Analyst
25-2058.00,1.A.2.c.3,Speed of Limb Movement,LV,0.0,8,0.0,0.0,0.0,N,Y,08/2018,Analyst
25-2058.00,1.A.3.a.1,Static Strength,IM,2.0,8,0.0,2.0,2.0,N,,08/2018,Analyst
25-2058.00,1.A.3.a.1,Static Strength,LV,1.38,8,0.183,1.0164,1.7336,N,N,08/2018,Analyst
25-2058.00,1.A.3.a.2,Explosive Strength,IM,2.0,8,0.0,2.0,2.0,N,,08/2018,Analyst
25-2058.00,1.A.3.a.2,Explosive Strength,LV,1.25,8,0.1637,0.9292,1.5708,N,N,08/2018,Analyst
25-2058.00,1.A.3.a.3,Dynamic Strength,IM,1.25,8,0.1637,1.0,1.5708,N,,08/2018,Analyst
25-2058.00,1.A.3.a.3,Dynamic Strength,LV,0.25,8,0.1637,0.0,0.5708,N,Y,08/2018,Analyst
25-2058.00,1.A.3.a.4,Trunk Strength,IM,2.12,8,0.125,1.88,2.37,N,,08/2018,Analyst
25-2058.00,1.A.3.a.4,Trunk Strength,LV,2.0,8,0.0,2.0,2.0,N,N,08/2018,Analyst
25-2058.00,1.A.3.b.1,Stamina,IM,1.88,8,0.125,1.63,2.12,N,,08/2018,Analyst
25-2058.00,1.A.3.b.1,Stamina,LV,1.12,8,0.2266,0.6809,1.5691,N,N,08/2018,Analyst
25-2058.00,1.A.3.c.1,Extent Flexibility,IM,1.38,8,0.183,1.0164,1.7336,N,,08/2018,Analyst
25-2058.00,1.A.3.c.1,Extent Flexibility,LV,0.5,8,0.2673,0.0,1.0238,N,N,08/2018,Analyst
25-2058.00,1.A.3.c.2,Dynamic Flexibility,IM,1.0,8,0.0,1.0,1.0,N,,08/2018,Analyst
25-2058.00,1.A.3.c.2,Dynamic Flexibility,LV,0.0,8,0.0,0.0,0.0,N,Y,08/2018,Analyst
25-2058.00,1.A.3.c.3,Gross Body Coordination,IM,1.75,8,0.1637,1.4292,2.0708,N,,08/2018,Analyst
25-2058.00,1.A.3.c.3,Gross Body Coordination,LV,0.88,8,0.2266,0.4309,1.3191,N,N,08/2018,Analyst
25-2058.00,1.A.3.c.4,Gross Body Equilibrium,IM,1.75,8,0.1637,1.4292,2.0708,N,,08/2018,Analyst
25-2058.00,1.A.3.c.4,Gross Body Equilibrium,LV,0.75,8,0.1637,0.4292,1.0708,N,N,08/2018,Analyst
25-2058.00,1.A.4.a.1,Near Vision,IM,3.75,8,0.1637,3.4292,4.0708,N,,08/2018,Analyst
25-2058.00,1.A.4.a.1,Near Vision,LV,3.75,8,0.1637,3.4292,4.0708,N,N,08/2018,Analyst
25-2058.00,1.A.4.a.2,Far Vision,IM,3.0,8,0.0,3.0,3.0,N,,08/2018,Analyst
25-2058.00,1.A.4.a.2,Far Vision,LV,3.38,8,0.183,3.0164,3.7336,N,N,08/2018,Analyst
25-2058.00,1.A.4.a.3,Visual Color Discrimination,IM,2.38,8,0.183,2.0164,2.7336,N,,08/2018,Analyst
25-2058.00,1.A.4.a.3,Visual Color Discrimination,LV,2.12,8,0.125,1.88,2.37,N,N,08/2018,Analyst
25-2058.00,1.A.4.a.4,Night Vision,IM,1.0,8,0.0,1.0,1.0,N,,08/2018,Analyst
25-2058.00,1.A.4.a.4,Night Vision,LV,0.0,8,0.0,0.0,0.0,N,Y,08/2018,Analyst
25-2058.00,1.A.4.a.5,Peripheral Vision,IM,1.0,8,0.0,1.0,1.0,N,,08/2018,Analyst
25-2058.00,1.A.4.a.5,Peripheral Vision,LV,0.0,8,0.0,0.0,0.0,N,Y,08/2018,Analyst
25-2058.00,1.A.4.a.6,Depth Perception,IM,1.88,8,0.125,1.63,2.12,N,,08/2018,Analyst
25-2058.00,1.A.4.a.6,Depth Perception,LV,1.38,8,0.2631,0.8594,1.8906,N,N,08/2018,Analyst
25-2058.00,1.A.4.a.7,Glare Sensitivity,IM,1.0,8,0.0,1.0,1.0,N,,08/2018,Analyst
25-2058.00,1.A.4.a.7,Glare Sensitivity,LV,0.0,8,0.0,0.0,0.0,N,Y,08/2018,Analyst
25-2058.00,1.A.4.b.1,Hearing Sensitivity,IM,2.0,8,0.0,2.0,2.0,N,,08/2018,Analyst
25-2058.00,1.A.4.b.1,Hearing Sensitivity,LV,2.12,8,0.125,1.88,2.37,N,N,08/2018,Analyst
25-2058.00,1.A.4.b.2,Auditory Attention,IM,2.62,8,0.183,2.2664,2.9836,N,,08/2018,Analyst
25-2058.00,1.A.4.b.2,Auditory Attention,LV,2.5,8,0.189,2.1296,2.8704,N,N,08/2018,Analyst
25-2058.00,1.A.4.b.3,Sound Localization,IM,1.0,8,0.0,1.0,1.0,N,,08/2018,Analyst
25-2058.00,1.A.4.b.3,Sound Localization,LV,0.0,8,0.0,0.0,0.0,N,Y,08/2018,Analyst
25-2058.00,1.A.4.b.4,Speech Recognition,IM,3.88,8,0.125,3.63,4.12,N,,08/2018,Analyst
25-2058.00,1.A.4.b.4,Speech Recognition,LV,3.88,8,0.125,3.63,4.12,N,N,08/2018,Analyst
25-2058.00,1.A.4.b.5,Speech Clarity,IM,4.12,8,0.125,3.88,4.37,N,,08/2018,Analyst
25-2058.00,1.A.4.b.5,Speech Clarity,LV,4.0,8,0.0,4.0,4.0,N,N,08/2018,Analyst
25-2059.01,1.A.1.a.1,Oral Comprehension,IM,4.0,8,0.0,4.0,4.0,N,,08/2020,Analyst
25-2059.01,1.A.1.a.1,Oral Comprehension,LV,4.25,8,0.1637,3.9292,4.5708,N,N,08/2020,Analyst
25-2059.01,1.A.1.a.2,Written Comprehension,IM,3.88,8,0.125,3.63,4.12,N,,08/2020,Analyst
25-2059.01,1.A.1.a.2,Written Comprehension,LV,4.0,8,0.0,4.0,4.0,N,N,08/2020,Analyst
25-2059.01,1.A.1.a.3,Oral Expression,IM,4.12,8,0.125,3.88,4.37,N,,08/2020,Analyst
25-2059.01,1.A.1.a.3,Oral Expression,LV,4.12,8,0.125,3.88,4.37,N,N,08/2020,Analyst
25-2059.01,1.A.1.a.4,Written Expression,IM,3.88,8,0.125,3.63,4.12,N,,08/2020,Analyst
25-2059.01,1.A.1.a.4,Written Expression,LV,3.75,8,0.1637,3.4292,4.0708,N,N,08/2020,Analyst
25-2059.01,1.A.1.b.1,Fluency of Ideas,IM,3.38,8,0.183,3.0164,3.7336,N,,08/2020,Analyst
25-2059.01,1.A.1.b.1,Fluency of Ideas,LV,3.5,8,0.189,3.1296,3.8704,N,N,08/2020,Analyst
25-2059.01,1.A.1.b.2,Originality,IM,3.25,8,0.1637,2.9292,3.5708,N,,08/2020,Analyst
25-2059.01,1.A.1.b.2,Originality,LV,3.5,8,0.189,3.1296,3.8704,N,N,08/2020,Analyst
25-2059.01,1.A.1.b.3,Problem Sensitivity,IM,3.88,8,0.125,3.63,4.12,N,,08/2020,Analyst
25-2059.01,1.A.1.b.3,Problem Sensitivity,LV,3.88,8,0.125,3.63,4.12,N,N,08/2020,Analyst
25-2059.01,1.A.1.b.4,Deductive Reasoning,IM,3.88,8,0.125,3.63,4.12,N,,08/2020,Analyst
25-2059.01,1.A.1.b.4,Deductive Reasoning,LV,3.88,8,0.125,3.63,4.12,N,N,08/2020,Analyst
25-2059.01,1.A.1.b.5,Inductive Reasoning,IM,3.38,8,0.183,3.0164,3.7336,N,,08/2020,Analyst
25-2059.01,1.A.1.b.5,Inductive Reasoning,LV,3.38,8,0.183,3.0164,3.7336,N,N,08/2020,Analyst
25-2059.01,1.A.1.b.6,Information Ordering,IM,3.25,8,0.1637,2.9292,3.5708,N,,08/2020,Analyst
25-2059.01,1.A.1.b.6,Information Ordering,LV,3.75,8,0.1637,3.4292,4.0708,N,N,08/2020,Analyst
25-2059.01,1.A.1.b.7,Category Flexibility,IM,3.0,8,0.0,3.0,3.0,N,,08/2020,Analyst
25-2059.01,1.A.1.b.7,Category Flexibility,LV,3.25,8,0.1637,2.9292,3.5708,N,N,08/2020,Analyst
25-2059.01,1.A.1.c.1,Mathematical Reasoning,IM,2.0,8,0.0,2.0,2.0,N,,08/2020,Analyst
25-2059.01,1.A.1.c.1,Mathematical Reasoning,LV,2.0,8,0.189,1.6296,2.3704,N,N,08/2020,Analyst
25-2059.01,1.A.1.c.2,Number Facility,IM,2.0,8,0.0,2.0,2.0,N,,08/2020,Analyst
25-2059.01,1.A.1.c.2,Number Facility,LV,2.0,8,0.189,1.6296,2.3704,N,N,08/2020,Analyst
25-2059.01,1.A.1.d.1,Memorization,IM,2.75,8,0.1637,2.4292,3.0708,N,,08/2020,Analyst
25-2059.01,1.A.1.d.1,Memorization,LV,2.75,8,0.1637,2.4292,3.0708,N,N,08/2020,Analyst
25-2059.01,1.A.1.e.1,Speed of Closure,IM,2.75,8,0.1637,2.4292,3.0708,N,,08/2020,Analyst
25-2059.01,1.A.1.e.1,Speed of Closure,LV,2.75,8,0.1637,2.4292,3.0708,N,N,08/2020,Analyst
25-2059.01,1.A.1.e.2,Flexibility of Closure,IM,3.12,8,0.125,2.88,3.37,N,,08/2020,Analyst
25-2059.01,1.A.1.e.2,Flexibility of Closure,LV,3.0,8,0.0,3.0,3.0,N,N,08/2020,Analyst
25-2059.01,1.A.1.e.3,Perceptual Speed,IM,2.75,8,0.1637,2.4292,3.0708,N,,08/2020,Analyst
25-2059.01,1.A.1.e.3,Perceptual Speed,LV,2.88,8,0.125,2.63,3.12,N,N,08/2020,Analyst
25-2059.01,1.A.1.f.1,Spatial Orientation,IM,1.75,8,0.1637,1.4292,2.0708,N,,08/2020,Analyst
25-2059.01,1.A.1.f.1,Spatial Orientation,LV,0.88,8,0.2266,0.4309,1.3191,N,N,08/2020,Analyst
25-2059.01,1.A.1.f.2,Visualization,IM,2.38,8,0.183,2.0164,2.7336,N,,08/2020,Analyst
25-2059.01,1.A.1.f.2,Visualization,LV,2.62,8,0.183,2.2664,2.9836,N,N,08/2020,Analyst
25-2059.01,1.A.1.g.1,Selective Attention,IM,3.12,8,0.125,2.88,3.37,N,,08/2020,Analyst
25-2059.01,1.A.1.g.1,Selective Attention,LV,3.0,8,0.0,3.0,3.0,N,N,08/2020,Analyst
25-2059.01,1.A.1.g.2,Time Sharing,IM,2.88,8,0.125,2.63,3.12,N,,08/2020,Analyst
25-2059.01,1.A.1.g.2,Time Sharing,LV,2.88,8,0.125,2.63,3.12,N,N,08/2020,Analyst
25-2059.01,1.A.2.a.1,Arm-Hand Steadiness,IM,3.0,8,0.0,3.0,3.0,N,,08/2020,Analyst
25-2059.01,1.A.2.a.1,Arm-Hand Steadiness,LV,3.0,8,0.0,3.0,3.0,N,N,08/2020,Analyst
25-2059.01,1.A.2.a.2,Manual Dexterity,IM,3.0,8,0.0,3.0,3.0,N,,08/2020,Analyst
25-2059.01,1.A.2.a.2,Manual Dexterity,LV,3.0,8,0.0,3.0,3.0,N,N,08/2020,Analyst
25-2059.01,1.A.2.a.3,Finger Dexterity,IM,2.75,8,0.1637,2.4292,3.0708,N,,08/2020,Analyst
25-2059.01,1.A.2.a.3,Finger Dexterity,LV,2.75,8,0.1637,2.4292,3.0708,N,N,08/2020,Analyst
25-2059.01,1.A.2.b.1,Control Precision,IM,2.25,8,0.1637,1.9292,2.5708,N,,08/2020,Analyst
25-2059.01,1.A.2.b.1,Control Precision,LV,2.5,8,0.189,2.1296,2.8704,N,N,08/2020,Analyst
25-2059.01,1.A.2.b.2,Multilimb Coordination,IM,3.0,8,0.0,3.0,3.0,N,,08/2020,Analyst
25-2059.01,1.A.2.b.2,Multilimb Coordination,LV,3.0,8,0.0,3.0,3.0,N,N,08/2020,Analyst
25-2059.01,1.A.2.b.3,Response Orientation,IM,2.12,8,0.125,1.88,2.37,N,,08/2020,Analyst
25-2059.01,1.A.2.b.3,Response Orientation,LV,2.0,8,0.0,2.0,2.0,N,N,08/2020,Analyst
25-2059.01,1.A.2.b.4,Rate Control,IM,1.0,8,0.0,1.0,1.0,N,,08/2020,Analyst
25-2059.01,1.A.2.b.4,Rate Control,LV,0.0,8,0.0,0.0,0.0,N,Y,08/2020,Analyst
25-2059.01,1.A.2.c.1,Reaction Time,IM,1.88,8,0.125,1.63,2.12,N,,08/2020,Analyst
25-2059.01,1.A.2.c.1,Reaction Time,LV,1.25,8,0.25,0.76,1.74,N,N,08/2020,Analyst
25-2059.01,1.A.2.c.2,Wrist-Finger Speed,IM,1.38,8,0.183,1.0164,1.7336,N,,08/2020,Analyst
25-2059.01,1.A.2.c.2,Wrist-Finger Speed,LV,0.5,8,0.2673,0.0,1.0238,N,N,08/2020,Analyst
25-2059.01,1.A.2.c.3,Speed of Limb Movement,IM,2.0,8,0.0,2.0,2.0,N,,08/2020,Analyst
25-2059.01,1.A.2.c.3,Speed of Limb Movement,LV,1.62,8,0.183,1.2664,1.9836,N,N,08/2020,Analyst
25-2059.01,1.A.3.a.1,Static Strength,IM,3.0,8,0.0,3.0,3.0,N,,08/2020,Analyst
25-2059.01,1.A.3.a.1,Static Strength,LV,3.0,8,0.0,3.0,3.0,N,N,08/2020,Analyst
25-2059.01,1.A.3.a.2,Explosive Strength,IM,2.12,8,0.125,1.88,2.37,N,,08/2020,Analyst
25-2059.01,1.A.3.a.2,Explosive Strength,LV,2.12,8,0.125,1.88,2.37,N,N,08/2020,Analyst
25-2059.01,1.A.3.a.3,Dynamic Strength,IM,2.12,8,0.125,1.88,2.37,N,,08/2020,Analyst
25-2059.01,1.A.3.a.3,Dynamic Strength,LV,2.12,8,0.125,1.88,2.37,N,N,08/2020,Analyst
25-2059.01,1.A.3.a.4,Trunk Strength,IM,3.0,8,0.0,3.0,3.0,N,,08/2020,Analyst
25-2059.01,1.A.3.a.4,Trunk Strength,LV,3.0,8,0.0,3.0,3.0,N,N,08/2020,Analyst
25-2059.01,1.A.3.b.1,Stamina,IM,3.0,8,0.0,3.0,3.0,N,,08/2020,Analyst
25-2059.01,1.A.3.b.1,Stamina,LV,3.0,8,0.0,3.0,3.0,N,N,08/2020,Analyst
25-2059.01,1.A.3.c.1,Extent Flexibility,IM,3.0,8,0.0,3.0,3.0,N,,08/2020,Analyst
25-2059.01,1.A.3.c.1,Extent Flexibility,LV,3.0,8,0.0,3.0,3.0,N,N,08/2020,Analyst
25-2059.01,1.A.3.c.2,Dynamic Flexibility,IM,1.25,8,0.1637,1.0,1.5708,N,,08/2020,Analyst
25-2059.01,1.A.3.c.2,Dynamic Flexibility,LV,0.38,8,0.2631,0.0,0.8906,N,Y,08/2020,Analyst
25-2059.01,1.A.3.c.3,Gross Body Coordination,IM,3.0,8,0.0,3.0,3.0,N,,08/2020,Analyst
25-2059.01,1.A.3.c.3,Gross Body Coordination,LV,3.0,8,0.0,3.0,3.0,N,N,08/2020,Analyst
25-2059.01,1.A.3.c.4,Gross Body Equilibrium,IM,2.75,8,0.1637,2.4292,3.0708,N,,08/2020,Analyst
25-2059.01,1.A.3.c.4,Gross Body Equilibrium,LV,2.75,8,0.1637,2.4292,3.0708,N,N,08/2020,Analyst
25-2059.01,1.A.4.a.1,Near Vision,IM,3.88,8,0.125,3.63,4.12,N,,08/2020,Analyst
25-2059.01,1.A.4.a.1,Near Vision,LV,3.75,8,0.1637,3.4292,4.0708,N,N,08/2020,Analyst
25-2059.01,1.A.4.a.2,Far Vision,IM,3.12,8,0.125,2.88,3.37,N,,08/2020,Analyst
25-2059.01,1.A.4.a.2,Far Vision,LV,3.12,8,0.125,2.88,3.37,N,N,08/2020,Analyst
25-2059.01,1.A.4.a.3,Visual Color Discrimination,IM,2.0,8,0.0,2.0,2.0,N,,08/2020,Analyst
25-2059.01,1.A.4.a.3,Visual Color Discrimination,LV,2.12,8,0.125,1.88,2.37,N,N,08/2020,Analyst
25-2059.01,1.A.4.a.4,Night Vision,IM,1.0,8,0.0,1.0,1.0,N,,08/2020,Analyst
25-2059.01,1.A.4.a.4,Night Vision,LV,0.0,8,0.0,0.0,0.0,N,Y,08/2020,Analyst
25-2059.01,1.A.4.a.5,Peripheral Vision,IM,1.0,8,0.0,1.0,1.0,N,,08/2020,Analyst
25-2059.01,1.A.4.a.5,Peripheral Vision,LV,0.0,8,0.0,0.0,0.0,N,Y,08/2020,Analyst
25-2059.01,1.A.4.a.6,Depth Perception,IM,2.0,8,0.0,2.0,2.0,N,,08/2020,Analyst
25-2059.01,1.A.4.a.6,Depth Perception,LV,1.88,8,0.125,1.63,2.12,N,N,08/2020,Analyst
25-2059.01,1.A.4.a.7,Glare Sensitivity,IM,1.0,8,0.0,1.0,1.0,N,,08/2020,Analyst
25-2059.01,1.A.4.a.7,Glare Sensitivity,LV,0.0,8,0.0,0.0,0.0,N,Y,08/2020,Analyst
25-2059.01,1.A.4.b.1,Hearing Sensitivity,IM,2.12,8,0.125,1.88,2.37,N,,08/2020,Analyst
25-2059.01,1.A.4.b.1,Hearing Sensitivity,LV,2.12,8,0.125,1.88,2.37,N,N,08/2020,Analyst
25-2059.01,1.A.4.b.2,Auditory Attention,IM,2.25,8,0.1637,1.9292,2.5708,N,,08/2020,Analyst
25-2059.01,1.A.4.b.2,Auditory Attention,LV,2.38,8,0.183,2.0164,2.7336,N,N,08/2020,Analyst
25-2059.01,1.A.4.b.3,Sound Localization,IM,1.0,8,0.0,1.0,1.0,N,,08/2020,Analyst
25-2059.01,1.A.4.b.3,Sound Localization,LV,0.0,8,0.0,0.0,0.0,N,Y,08/2020,Analyst
25-2059.01,1.A.4.b.4,Speech Recognition,IM,3.75,8,0.1637,3.4292,4.0708,N,,08/2020,Analyst
25-2059.01,1.A.4.b.4,Speech Recognition,LV,3.88,8,0.125,3.63,4.12,N,N,08/2020,Analyst
25-2059.01,1.A.4.b.5,Speech Clarity,IM,3.75,8,0.1637,3.4292,4.0708,N,,08/2020,Analyst
25-2059.01,1.A.4.b.5,Speech Clarity,LV,4.0,8,0.0,4.0,4.0,N,N,08/2020,Analyst
25-3011.00,1.A.1.a.1,Oral Comprehension,IM,3.88,8,0.125,3.63,4.12,N,,08/2018,Analyst
25-3011.00,1.A.1.a.1,Oral Comprehension,LV,4.12,8,0.125,3.88,4.37,N,N,08/2018,Analyst
25-3011.00,1.A.1.a.2,Written Comprehension,IM,4.0,8,0.0,4.0,4.0,N,,08/2018,Analyst
25-3011.00,1.A.1.a.2,Written Comprehension,LV,4.0,8,0.0,4.0,4.0,N,N,08/2018,Analyst
25-3011.00,1.A.1.a.3,Oral Expression,IM,4.25,8,0.1637,3.9292,4.5708,N,,08/2018,Analyst
25-3011.00,1.A.1.a.3,Oral Expression,LV,4.25,8,0.1637,3.9292,4.5708,N,N,08/2018,Analyst
25-3011.00,1.A.1.a.4,Written Expression,IM,4.0,8,0.0,4.0,4.0,N,,08/2018,Analyst
25-3011.00,1.A.1.a.4,Written Expression,LV,4.0,8,0.0,4.0,4.0,N,N,08/2018,Analyst
25-3011.00,1.A.1.b.1,Fluency of Ideas,IM,3.25,8,0.1637,2.9292,3.5708,N,,08/2018,Analyst
25-3011.00,1.A.1.b.1,Fluency of Ideas,LV,3.12,8,0.125,2.88,3.37,N,N,08/2018,Analyst
25-3011.00,1.A.1.b.2,Originality,IM,3.25,8,0.1637,2.9292,3.5708,N,,08/2018,Analyst
25-3011.00,1.A.1.b.2,Originality,LV,3.12,8,0.125,2.88,3.37,N,N,08/2018,Analyst
25-3011.00,1.A.1.b.3,Problem Sensitivity,IM,3.5,8,0.189,3.1296,3.8704,N,,08/2018,Analyst
25-3011.00,1.A.1.b.3,Problem Sensitivity,LV,3.5,8,0.189,3.1296,3.8704,N,N,08/2018,Analyst
25-3011.00,1.A.1.b.4,Deductive Reasoning,IM,3.5,8,0.189,3.1296,3.8704,N,,08/2018,Analyst
25-3011.00,1.A.1.b.4,Deductive Reasoning,LV,3.62,8,0.183,3.2664,3.9836,N,N,08/2018,Analyst
25-3011.00,1.A.1.b.5,Inductive Reasoning,IM,3.25,8,0.1637,2.9292,3.5708,N,,08/2018,Analyst
25-3011.00,1.A.1.b.5,Inductive Reasoning,LV,3.62,8,0.183,3.2664,3.9836,N,N,08/2018,Analyst
25-3011.00,1.A.1.b.6,Information Ordering,IM,3.0,8,0.0,3.0,3.0,N,,08/2018,Analyst
25-3011.00,1.A.1.b.6,Information Ordering,LV,3.5,8,0.189,3.1296,3.8704,N,N,08/2018,Analyst
25-3011.00,1.A.1.b.7,Category Flexibility,IM,2.88,8,0.125,2.63,3.12,N,,08/2018,Analyst
25-3011.00,1.A.1.b.7,Category Flexibility,LV,3.0,8,0.0,3.0,3.0,N,N,08/2018,Analyst
25-3011.00,1.A.1.c.1,Mathematical Reasoning,IM,2.88,8,0.125,2.63,3.12,N,,08/2018,Analyst
25-3011.00,1.A.1.c.1,Mathematical Reasoning,LV,2.75,8,0.25,2.26,3.24,N,N,08/2018,Analyst
25-3011.00,1.A.1.c.2,Number Facility,IM,2.88,8,0.125,2.63,3.12,N,,08/2018,Analyst
25-3011.00,1.A.1.c.2,Number Facility,LV,2.75,8,0.25,2.26,3.24,N,N,08/2018,Analyst
25-3011.00,1.A.1.d.1,Memorization,IM,2.75,8,0.1637,2.4292,3.0708,N,,08/2018,Analyst
25-3011.00,1.A.1.d.1,Memorization,LV,2.88,8,0.125,2.63,3.12,N,N,08/2018,Analyst
25-3011.00,1.A.1.e.1,Speed of Closure,IM,2.62,8,0.183,2.2664,2.9836,N,,08/2018,Analyst
25-3011.00,1.A.1.e.1,Speed of Closure,LV,2.62,8,0.183,2.2664,2.9836,N,N,08/2018,Analyst
25-3011.00,1.A.1.e.2,Flexibility of Closure,IM,3.0,8,0.0,3.0,3.0,N,,08/2018,Analyst
25-3011.00,1.A.1.e.2,Flexibility of Closure,LV,2.88,8,0.125,2.63,3.12,N,N,08/2018,Analyst
25-3011.00,1.A.1.e.3,Perceptual Speed,IM,2.62,8,0.183,2.2664,2.9836,N,,08/2018,Analyst
25-3011.00,1.A.1.e.3,Perceptual Speed,LV,2.62,8,0.183,2.2664,2.9836,N,N,08/2018,Analyst
25-3011.00,1.A.1.f.1,Spatial Orientation,IM,1.0,8,0.0,1.0,1.0,N,,08/2018,Analyst
25-3011.00,1.A.1.f.1,Spatial Orientation,LV,0.0,8,0.0,0.0,0.0,N,Y,08/2018,Analyst
25-3011.00,1.A.1.f.2,Visualization,IM,2.0,8,0.0,2.0,2.0,N,,08/2018,Analyst
25-3011.00,1.A.1.f.2,Visualization,LV,2.0,8,0.0,2.0,2.0,N,N,08/2018,Analyst
25-3011.00,1.A.1.g.1,Selective Attention,IM,3.0,8,0.0,3.0,3.0,N,,08/2018,Analyst
25-3011.00,1.A.1.g.1,Selective Attention,LV,2.88,8,0.125,2.63,3.12,N,N,08/2018,Analyst
25-3011.00,1.A.1.g.2,Time Sharing,IM,2.75,8,0.1637,2.4292,3.0708,N,,08/2018,Analyst
25-3011.00,1.A.1.g.2,Time Sharing,LV,2.62,8,0.183,2.2664,2.9836,N,N,08/2018,Analyst
25-3011.00,1.A.2.a.1,Arm-Hand Steadiness,IM,1.0,8,0.0,1.0,1.0,N,,08/2018,Analyst
25-3011.00,1.A.2.a.1,Arm-Hand Steadiness,LV,0.0,8,0.0,0.0,0.0,N,Y,08/2018,Analyst
25-3011.00,1.A.2.a.2,Manual Dexterity,IM,1.0,8,0.0,1.0,1.0,N,,08/2018,Analyst
25-3011.00,1.A.2.a.2,Manual Dexterity,LV,0.0,8,0.0,0.0,0.0,N,Y,08/2018,Analyst
25-3011.00,1.A.2.a.3,Finger Dexterity,IM,1.75,8,0.1637,1.4292,2.0708,N,,08/2018,Analyst
25-3011.00,1.A.2.a.3,Finger Dexterity,LV,1.38,8,0.3239,0.7402,2.0098,N,N,08/2018,Analyst
25-3011.00,1.A.2.b.1,Control Precision,IM,1.0,8,0.0,1.0,1.0,N,,08/2018,Analyst
25-3011.00,1.A.2.b.1,Control Precision,LV,0.0,8,0.0,0.0,0.0,N,Y,08/2018,Analyst
25-3011.00,1.A.2.b.2,Multilimb Coordination,IM,1.0,8,0.0,1.0,1.0,N,,08/2018,Analyst
25-3011.00,1.A.2.b.2,Multilimb Coordination,LV,0.0,8,0.0,0.0,0.0,N,Y,08/2018,Analyst
25-3011.00,1.A.2.b.3,Response Orientation,IM,1.0,8,0.0,1.0,1.0,N,,08/2018,Analyst
25-3011.00,1.A.2.b.3,Response Orientation,LV,0.0,8,0.0,0.0,0.0,N,Y,08/2018,Analyst
25-3011.00,1.A.2.b.4,Rate Control,IM,1.0,8,0.0,1.0,1.0,N,,08/2018,Analyst
25-3011.00,1.A.2.b.4,Rate Control,LV,0.0,8,0.0,0.0,0.0,N,Y,08/2018,Analyst
25-3011.00,1.A.2.c.1,Reaction Time,IM,1.0,8,0.0,1.0,1.0,N,,08/2018,Analyst
25-3011.00,1.A.2.c.1,Reaction Time,LV,0.0,8,0.0,0.0,0.0,N,Y,08/2018,Analyst
25-3011.00,1.A.2.c.2,Wrist-Finger Speed,IM,1.0,8,0.0,1.0,1.0,N,,08/2018,Analyst
25-3011.00,1.A.2.c.2,Wrist-Finger Speed,LV,0.0,8,0.0,0.0,0.0,N,Y,08/2018,Analyst
25-3011.00,1.A.2.c.3,Speed of Limb Movement,IM,1.0,8,0.0,1.0,1.0,N,,08/2018,Analyst
25-3011.00,1.A.2.c.3,Speed of Limb Movement,LV,0.0,8,0.0,0.0,0.0,N,Y,08/2018,Analyst
25-3011.00,1.A.3.a.1,Static Strength,IM,1.0,8,0.0,1.0,1.0,N,,08/2018,Analyst
25-3011.00,1.A.3.a.1,Static Strength,LV,0.0,8,0.0,0.0,0.0,N,Y,08/2018,Analyst
25-3011.00,1.A.3.a.2,Explosive Strength,IM,1.0,8,0.0,1.0,1.0,N,,08/2018,Analyst
25-3011.00,1.A.3.a.2,Explosive Strength,LV,0.0,8,0.0,0.0,0.0,N,Y,08/2018,Analyst
25-3011.00,1.A.3.a.3,Dynamic Strength,IM,1.0,8,0.0,1.0,1.0,N,,08/2018,Analyst
25-3011.00,1.A.3.a.3,Dynamic Strength,LV,0.0,8,0.0,0.0,0.0,N,Y,08/2018,Analyst
25-3011.00,1.A.3.a.4,Trunk Strength,IM,2.0,8,0.0,2.0,2.0,N,,08/2018,Analyst
25-3011.00,1.A.3.a.4,Trunk Strength,LV,1.75,8,0.1637,1.4292,2.0708,N,N,08/2018,Analyst
25-3011.00,1.A.3.b.1,Stamina,IM,1.0,8,0.0,1.0,1.0,N,,08/2018,Analyst
25-3011.00,1.A.3.b.1,Stamina,LV,0.0,8,0.0,0.0,0.0,N,Y,08/2018,Analyst
25-3011.00,1.A.3.c.1,Extent Flexibility,IM,1.0,8,0.0,1.0,1.0,N,,08/2018,Analyst
25-3011.00,1.A.3.c.1,Extent Flexibility,LV,0.0,8,0.0,0.0,0.0,N,Y,08/2018,Analyst
25-3011.00,1.A.3.c.2,Dynamic Flexibility,IM,1.0,8,0.0,1.0,1.0,N,,08/2018,Analyst
25-3011.00,1.A.3.c.2,Dynamic Flexibility,LV,0.0,8,0.0,0.0,0.0,N,Y,08/2018,Analyst
25-3011.00,1.A.3.c.3,Gross Body Coordination,IM,1.0,8,0.0,1.0,1.0,N,,08/2018,Analyst
25-3011.00,1.A.3.c.3,Gross Body Coordination,LV,0.0,8,0.0,0.0,0.0,N,Y,08/2018,Analyst
25-3011.00,1.A.3.c.4,Gross Body Equilibrium,IM,1.0,8,0.0,1.0,1.0,N,,08/2018,Analyst
25-3011.00,1.A.3.c.4,Gross Body Equilibrium,LV,0.0,8,0.0,0.0,0.0,N,Y,08/2018,Analyst
25-3011.00,1.A.4.a.1,Near Vision,IM,3.62,8,0.183,3.2664,3.9836,N,,08/2018,Analyst
25-3011.00,1.A.4.a.1,Near Vision,LV,3.12,8,0.2266,2.6809,3.5691,N,N,08/2018,Analyst
25-3011.00,1.A.4.a.2,Far Vision,IM,2.75,8,0.1637,2.4292,3.0708,N,,08/2018,Analyst
25-3011.00,1.A.4.a.2,Far Vision,LV,2.75,8,0.1637,2.4292,3.0708,N,N,08/2018,Analyst
25-3011.00,1.A.4.a.3,Visual Color Discrimination,IM,2.0,8,0.0,2.0,2.0,N,,08/2018,Analyst
25-3011.00,1.A.4.a.3,Visual Color Discrimination,LV,2.0,8,0.0,2.0,2.0,N,N,08/2018,Analyst
25-3011.00,1.A.4.a.4,Night Vision,IM,1.0,8,0.0,1.0,1.0,N,,08/2018,Analyst
25-3011.00,1.A.4.a.4,Night Vision,LV,0.0,8,0.0,0.0,0.0,N,Y,08/2018,Analyst
25-3011.00,1.A.4.a.5,Peripheral Vision,IM,1.0,8,0.0,1.0,1.0,N,,08/2018,Analyst
25-3011.00,1.A.4.a.5,Peripheral Vision,LV,0.0,8,0.0,0.0,0.0,N,Y,08/2018,Analyst
25-3011.00,1.A.4.a.6,Depth Perception,IM,1.0,8,0.0,1.0,1.0,N,,08/2018,Analyst
25-3011.00,1.A.4.a.6,Depth Perception,LV,0.0,8,0.0,0.0,0.0,N,Y,08/2018,Analyst
25-3011.00,1.A.4.a.7,Glare Sensitivity,IM,1.0,8,0.0,1.0,1.0,N,,08/2018,Analyst
25-3011.00,1.A.4.a.7,Glare Sensitivity,LV,0.0,8,0.0,0.0,0.0,N,Y,08/2018,Analyst
25-3011.00,1.A.4.b.1,Hearing Sensitivity,IM,2.0,8,0.0,2.0,2.0,N,,08/2018,Analyst
25-3011.00,1.A.4.b.1,Hearing Sensitivity,LV,2.0,8,0.0,2.0,2.0,N,N,08/2018,Analyst
25-3011.00,1.A.4.b.2,Auditory Attention,IM,2.0,8,0.0,2.0,2.0,N,,08/2018,Analyst
25-3011.00,1.A.4.b.2,Auditory Attention,LV,1.5,8,0.189,1.1296,1.8704,N,N,08/2018,Analyst
25-3011.00,1.A.4.b.3,Sound Localization,IM,1.0,8,0.0,1.0,1.0,N,,08/2018,Analyst
25-3011.00,1.A.4.b.3,Sound Localization,LV,0.0,8,0.0,0.0,0.0,N,Y,08/2018,Analyst
25-3011.00,1.A.4.b.4,Speech Recognition,IM,3.75,8,0.1637,3.4292,4.0708,N,,08/2018,Analyst
25-3011.00,1.A.4.b.4,Speech Recognition,LV,3.25,8,0.1637,2.9292,3.5708,N,N,08/2018,Analyst
25-3011.00,1.A.4.b.5,Speech Clarity,IM,3.88,8,0.125,3.63,4.12,N,,08/2018,Analyst
25-3011.00,1.A.4.b.5,Speech Clarity,LV,3.88,8,0.125,3.63,4.12,N,N,08/2018,Analyst
25-3021.00,1.A.1.a.1,Oral Comprehension,IM,3.88,8,0.125,3.63,4.12,N,,08/2019,Analyst
25-3021.00,1.A.1.a.1,Oral Comprehension,LV,4.0,8,0.0,4.0,4.0,N,N,08/2019,Analyst
25-3021.00,1.A.1.a.2,Written Comprehension,IM,3.12,8,0.125,2.88,3.37,N,,08/2019,Analyst
25-3021.00,1.A.1.a.2,Written Comprehension,LV,3.75,8,0.1637,3.4292,4.0708,N,N,08/2019,Analyst
25-3021.00,1.A.1.a.3,Oral Expression,IM,4.0,8,0.0,4.0,4.0,N,,08/2019,Analyst
25-3021.00,1.A.1.a.3,Oral Expression,LV,4.0,8,0.0,4.0,4.0,N,N,08/2019,Analyst
25-3021.00,1.A.1.a.4,Written Expression,IM,3.12,8,0.125,2.88,3.37,N,,08/2019,Analyst
25-3021.00,1.A.1.a.4,Written Expression,LV,3.5,8,0.189,3.1296,3.8704,N,N,08/2019,Analyst
25-3021.00,1.A.1.b.1,Fluency of Ideas,IM,3.0,8,0.0,3.0,3.0,N,,08/2019,Analyst
25-3021.00,1.A.1.b.1,Fluency of Ideas,LV,3.12,8,0.125,2.88,3.37,N,N,08/2019,Analyst
25-3021.00,1.A.1.b.2,Originality,IM,3.0,8,0.0,3.0,3.0,N,,08/2019,Analyst
25-3021.00,1.A.1.b.2,Originality,LV,3.25,8,0.1637,2.9292,3.5708,N,N,08/2019,Analyst
25-3021.00,1.A.1.b.3,Problem Sensitivity,IM,3.0,8,0.0,3.0,3.0,N,,08/2019,Analyst
25-3021.00,1.A.1.b.3,Problem Sensitivity,LV,3.12,8,0.125,2.88,3.37,N,N,08/2019,Analyst
25-3021.00,1.A.1.b.4,Deductive Reasoning,IM,3.12,8,0.125,2.88,3.37,N,,08/2019,Analyst
25-3021.00,1.A.1.b.4,Deductive Reasoning,LV,3.12,8,0.125,2.88,3.37,N,N,08/2019,Analyst
25-3021.00,1.A.1.b.5,Inductive Reasoning,IM,3.0,8,0.0,3.0,3.0,N,,08/2019,Analyst
25-3021.00,1.A.1.b.5,Inductive Reasoning,LV,3.0,8,0.0,3.0,3.0,N,N,08/2019,Analyst
25-3021.00,1.A.1.b.6,Information Ordering,IM,3.12,8,0.125,2.88,3.37,N,,08/2019,Analyst
25-3021.00,1.A.1.b.6,Information Ordering,LV,3.12,8,0.125,2.88,3.37,N,N,08/2019,Analyst
25-3021.00,1.A.1.b.7,Category Flexibility,IM,3.0,8,0.0,3.0,3.0,N,,08/2019,Analyst
25-3021.00,1.A.1.b.7,Category Flexibility,LV,3.0,8,0.0,3.0,3.0,N,N,08/2019,Analyst
25-3021.00,1.A.1.c.1,Mathematical Reasoning,IM,2.0,8,0.0,2.0,2.0,N,,08/2019,Analyst
25-3021.00,1.A.1.c.1,Mathematical Reasoning,LV,1.88,8,0.125,1.63,2.12,N,N,08/2019,Analyst
25-3021.00,1.A.1.c.2,Number Facility,IM,2.0,8,0.0,2.0,2.0,N,,08/2019,Analyst
25-3021.00,1.A.1.c.2,Number Facility,LV,1.75,8,0.1637,1.4292,2.0708,N,N,08/2019,Analyst
25-3021.00,1.A.1.d.1,Memorization,IM,2.5,8,0.189,2.1296,2.8704,N,,08/2019,Analyst
25-3021.00,1.A.1.d.1,Memorization,LV,2.38,8,0.183,2.0164,2.7336,N,N,08/2019,Analyst
25-3021.00,1.A.1.e.1,Speed of Closure,IM,2.0,8,0.0,2.0,2.0,N,,08/2019,Analyst
25-3021.00,1.A.1.e.1,Speed of Closure,LV,2.0,8,0.0,2.0,2.0,N,N,08/2019,Analyst
25-3021.00,1.A.1.e.2,Flexibility of Closure,IM,2.62,8,0.183,2.2664,2.9836,N,,08/2019,Analyst
25-3021.00,1.A.1.e.2,Flexibility of Closure,LV,2.25,8,0.1637,1.9292,2.5708,N,N,08/2019,Analyst
25-3021.00,1.A.1.e.3,Perceptual Speed,IM,2.12,8,0.125,1.88,2.37,N,,08/2019,Analyst
25-3021.00,1.A.1.e.3,Perceptual Speed,LV,2.0,8,0.0,2.0,2.0,N,N,08/2019,Analyst
25-3021.00,1.A.1.f.1,Spatial Orientation,IM,1.12,8,0.125,1.0,1.37,N,,08/2019,Analyst
25-3021.00,1.A.1.f.1,Spatial Orientation,LV,0.12,8,0.125,0.0,0.37,N,Y,08/2019,Analyst
25-3021.00,1.A.1.f.2,Visualization,IM,2.5,8,0.189,2.1296,2.8704,N,,08/2019,Analyst
25-3021.00,1.A.1.f.2,Visualization,LV,2.25,8,0.1637,1.9292,2.5708,N,N,08/2019,Analyst
25-3021.00,1.A.1.g.1,Selective Attention,IM,2.62,8,0.183,2.2664,2.9836,N,,08/2019,Analyst
25-3021.00,1.A.1.g.1,Selective Attention,LV,2.38,8,0.183,2.0164,2.7336,N,N,08/2019,Analyst
25-3021.00,1.A.1.g.2,Time Sharing,IM,2.38,8,0.183,2.0164,2.7336,N,,08/2019,Analyst
25-3021.00,1.A.1.g.2,Time Sharing,LV,2.0,8,0.0,2.0,2.0,N,N,08/2019,Analyst
25-3021.00,1.A.2.a.1,Arm-Hand Steadiness,IM,2.0,8,0.0,2.0,2.0,N,,08/2019,Analyst
25-3021.00,1.A.2.a.1,Arm-Hand Steadiness,LV,1.75,8,0.1637,1.4292,2.0708,N,N,08/2019,Analyst
25-3021.00,1.A.2.a.2,Manual Dexterity,IM,1.88,8,0.125,1.63,2.12,N,,08/2019,Analyst
25-3021.00,1.A.2.a.2,Manual Dexterity,LV,1.38,8,0.2631,0.8594,1.8906,N,N,08/2019,Analyst
25-3021.00,1.A.2.a.3,Finger Dexterity,IM,2.0,8,0.0,2.0,2.0,N,,08/2019,Analyst
25-3021.00,1.A.2.a.3,Finger Dexterity,LV,1.88,8,0.125,1.63,2.12,N,N,08/2019,Analyst
25-3021.00,1.A.2.b.1,Control Precision,IM,1.75,8,0.1637,1.4292,2.0708,N,,08/2019,Analyst
25-3021.00,1.A.2.b.1,Control Precision,LV,1.25,8,0.3134,0.6358,1.8642,N,N,08/2019,Analyst
25-3021.00,1.A.2.b.2,Multilimb Coordination,IM,1.75,8,0.1637,1.4292,2.0708,N,,08/2019,Analyst
25-3021.00,1.A.2.b.2,Multilimb Coordination,LV,1.25,8,0.3134,0.6358,1.8642,N,N,08/2019,Analyst
25-3021.00,1.A.2.b.3,Response Orientation,IM,1.5,8,0.189,1.1296,1.8704,N,,08/2019,Analyst
25-3021.00,1.A.2.b.3,Response Orientation,LV,0.5,8,0.189,0.1296,0.8704,N,N,08/2019,Analyst
25-3021.00,1.A.2.b.4,Rate Control,IM,1.25,8,0.1637,1.0,1.5708,N,,08/2019,Analyst
25-3021.00,1.A.2.b.4,Rate Control,LV,0.25,8,0.1637,0.0,0.5708,N,Y,08/2019,Analyst
25-3021.00,1.A.2.c.1,Reaction Time,IM,1.25,8,0.1637,1.0,1.5708,N,,08/2019,Analyst
25-3021.00,1.A.2.c.1,Reaction Time,LV,0.25,8,0.1637,0.0,0.5708,N,Y,08/2019,Analyst
25-3021.00,1.A.2.c.2,Wrist-Finger Speed,IM,1.62,8,0.183,1.2664,1.9836,N,,08/2019,Analyst
25-3021.00,1.A.2.c.2,Wrist-Finger Speed,LV,0.62,8,0.183,0.2664,0.9836,N,N,08/2019,Analyst
25-3021.00,1.A.2.c.3,Speed of Limb Movement,IM,1.0,8,0.0,1.0,1.0,N,,08/2019,Analyst
25-3021.00,1.A.2.c.3,Speed of Limb Movement,LV,0.0,8,0.0,0.0,0.0,N,Y,08/2019,Analyst
25-3021.00,1.A.3.a.1,Static Strength,IM,1.75,8,0.1637,1.4292,2.0708,N,,08/2019,Analyst
25-3021.00,1.A.3.a.1,Static Strength,LV,1.25,8,0.3134,0.6358,1.8642,N,N,08/2019,Analyst
25-3021.00,1.A.3.a.2,Explosive Strength,IM,1.25,8,0.1637,1.0,1.5708,N,,08/2019,Analyst
25-3021.00,1.A.3.a.2,Explosive Strength,LV,0.25,8,0.1637,0.0,0.5708,N,Y,08/2019,Analyst
25-3021.00,1.A.3.a.3,Dynamic Strength,IM,1.75,8,0.1637,1.4292,2.0708,N,,08/2019,Analyst
25-3021.00,1.A.3.a.3,Dynamic Strength,LV,0.75,8,0.1637,0.4292,1.0708,N,N,08/2019,Analyst
25-3021.00,1.A.3.a.4,Trunk Strength,IM,2.12,8,0.125,1.88,2.37,N,,08/2019,Analyst
25-3021.00,1.A.3.a.4,Trunk Strength,LV,2.0,8,0.189,1.6296,2.3704,N,N,08/2019,Analyst
25-3021.00,1.A.3.b.1,Stamina,IM,1.88,8,0.125,1.63,2.12,N,,08/2019,Analyst
25-3021.00,1.A.3.b.1,Stamina,LV,1.0,8,0.189,0.6296,1.3704,N,N,08/2019,Analyst
25-3021.00,1.A.3.c.1,Extent Flexibility,IM,1.88,8,0.125,1.63,2.12,N,,08/2019,Analyst
25-3021.00,1.A.3.c.1,Extent Flexibility,LV,1.5,8,0.2673,0.9762,2.0238,N,N,08/2019,Analyst
25-3021.00,1.A.3.c.2,Dynamic Flexibility,IM,1.0,8,0.0,1.0,1.0,N,,08/2019,Analyst
25-3021.00,1.A.3.c.2,Dynamic Flexibility,LV,0.0,8,0.0,0.0,0.0,N,Y,08/2019,Analyst
25-3021.00,1.A.3.c.3,Gross Body Coordination,IM,1.62,8,0.183,1.2664,1.9836,N,,08/2019,Analyst
25-3021.00,1.A.3.c.3,Gross Body Coordination,LV,0.62,8,0.183,0.2664,0.9836,N,N,08/2019,Analyst
25-3021.00,1.A.3.c.4,Gross Body Equilibrium,IM,1.62,8,0.183,1.2664,1.9836,N,,08/2019,Analyst
25-3021.00,1.A.3.c.4,Gross Body Equilibrium,LV,1.0,8,0.4629,0.0927,1.9073,N,N,08/2019,Analyst
25-3021.00,1.A.4.a.1,Near Vision,IM,3.12,8,0.125,2.88,3.37,N,,08/2019,Analyst
25-3021.00,1.A.4.a.1,Near Vision,LV,3.0,8,0.0,3.0,3.0,N,N,08/2019,Analyst
25-3021.00,1.A.4.a.2,Far Vision,IM,2.5,8,0.189,2.1296,2.8704,N,,08/2019,Analyst
25-3021.00,1.A.4.a.2,Far Vision,LV,2.62,8,0.183,2.2664,2.9836,N,N,08/2019,Analyst
25-3021.00,1.A.4.a.3,Visual Color Discrimination,IM,2.0,8,0.189,1.6296,2.3704,N,,08/2019,Analyst
25-3021.00,1.A.4.a.3,Visual Color Discrimination,LV,1.75,8,0.25,1.26,2.24,N,N,08/2019,Analyst
25-3021.00,1.A.4.a.4,Night Vision,IM,1.0,8,0.0,1.0,1.0,N,,08/2019,Analyst
25-3021.00,1.A.4.a.4,Night Vision,LV,0.0,8,0.0,0.0,0.0,N,Y,08/2019,Analyst
25-3021.00,1.A.4.a.5,Peripheral Vision,IM,1.0,8,0.0,1.0,1.0,N,,08/2019,Analyst
25-3021.00,1.A.4.a.5,Peripheral Vision,LV,0.0,8,0.0,0.0,0.0,N,Y,08/2019,Analyst
25-3021.00,1.A.4.a.6,Depth Perception,IM,1.75,8,0.1637,1.4292,2.0708,N,,08/2019,Analyst
25-3021.00,1.A.4.a.6,Depth Perception,LV,0.75,8,0.1637,0.4292,1.0708,N,N,08/2019,Analyst
25-3021.00,1.A.4.a.7,Glare Sensitivity,IM,1.0,8,0.0,1.0,1.0,N,,08/2019,Analyst
25-3021.00,1.A.4.a.7,Glare Sensitivity,LV,0.0,8,0.0,0.0,0.0,N,Y,08/2019,Analyst
25-3021.00,1.A.4.b.1,Hearing Sensitivity,IM,1.62,8,0.183,1.2664,1.9836,N,,08/2019,Analyst
25-3021.00,1.A.4.b.1,Hearing Sensitivity,LV,1.12,8,0.3504,0.4383,1.8117,N,N,08/2019,Analyst
25-3021.00,1.A.4.b.2,Auditory Attention,IM,2.0,8,0.0,2.0,2.0,N,,08/2019,Analyst
25-3021.00,1.A.4.b.2,Auditory Attention,LV,2.0,8,0.0,2.0,2.0,N,N,08/2019,Analyst
25-3021.00,1.A.4.b.3,Sound Localization,IM,1.0,8,0.0,1.0,1.0,N,,08/2019,Analyst
25-3021.00,1.A.4.b.3,Sound Localization,LV,0.0,8,0.0,0.0,0.0,N,Y,08/2019,Analyst
25-3021.00,1.A.4.b.4,Speech Recognition,IM,3.25,8,0.1637,2.9292,3.5708,N,,08/2019,Analyst
25-3021.00,1.A.4.b.4,Speech Recognition,LV,3.12,8,0.125,2.88,3.37,N,N,08/2019,Analyst
25-3021.00,1.A.4.b.5,Speech Clarity,IM,3.62,8,0.183,3.2664,3.9836,N,,08/2019,Analyst
25-3021.00,1.A.4.b.5,Speech Clarity,LV,3.75,8,0.1637,3.4292,4.0708,N,N,08/2019,Analyst
25-3041.00,1.A.1.a.1,Oral Comprehension,IM,4.12,8,0.125,3.88,4.37,N,,08/2022,Analyst
25-3041.00,1.A.1.a.1,Oral Comprehension,LV,4.0,8,0.0,4.0,4.0,N,N,08/2022,Analyst
25-3041.00,1.A.1.a.2,Written Comprehension,IM,4.0,8,0.0,4.0,4.0,N,,08/2022,Analyst
25-3041.00,1.A.1.a.2,Written Comprehension,LV,4.0,8,0.0,4.0,4.0,N,N,08/2022,Analyst
25-3041.00,1.A.1.a.3,Oral Expression,IM,4.0,8,0.0,4.0,4.0,N,,08/2022,Analyst
25-3041.00,1.A.1.a.3,Oral Expression,LV,4.25,8,0.1637,3.9292,4.5708,N,N,08/2022,Analyst
25-3041.00,1.A.1.a.4,Written Expression,IM,4.0,8,0.0,4.0,4.0,N,,08/2022,Analyst
25-3041.00,1.A.1.a.4,Written Expression,LV,4.0,8,0.0,4.0,4.0,N,N,08/2022,Analyst
25-3041.00,1.A.1.b.1,Fluency of Ideas,IM,3.38,8,0.183,3.0164,3.7336,N,,08/2022,Analyst
25-3041.00,1.A.1.b.1,Fluency of Ideas,LV,3.12,8,0.125,2.88,3.37,N,N,08/2022,Analyst
25-3041.00,1.A.1.b.2,Originality,IM,3.0,8,0.2673,2.4762,3.5238,N,,08/2022,Analyst
25-3041.00,1.A.1.b.2,Originality,LV,3.12,8,0.125,2.88,3.37,N,N,08/2022,Analyst
25-3041.00,1.A.1.b.3,Problem Sensitivity,IM,3.38,8,0.183,3.0164,3.7336,N,,08/2022,Analyst
25-3041.00,1.A.1.b.3,Problem Sensitivity,LV,3.62,8,0.183,3.2664,3.9836,N,N,08/2022,Analyst
25-3041.00,1.A.1.b.4,Deductive Reasoning,IM,3.38,8,0.183,3.0164,3.7336,N,,08/2022,Analyst
25-3041.00,1.A.1.b.4,Deductive Reasoning,LV,3.12,8,0.125,2.88,3.37,N,N,08/2022,Analyst
25-3041.00,1.A.1.b.5,Inductive Reasoning,IM,3.38,8,0.183,3.0164,3.7336,N,,08/2022,Analyst
25-3041.00,1.A.1.b.5,Inductive Reasoning,LV,3.12,8,0.125,2.88,3.37,N,N,08/2022,Analyst
25-3041.00,1.A.1.b.6,Information Ordering,IM,3.25,8,0.1637,2.9292,3.5708,N,,08/2022,Analyst
25-3041.00,1.A.1.b.6,Information Ordering,LV,3.12,8,0.125,2.88,3.37,N,N,08/2022,Analyst
25-3041.00,1.A.1.b.7,Category Flexibility,IM,3.0,8,0.0,3.0,3.0,N,,08/2022,Analyst
25-3041.00,1.A.1.b.7,Category Flexibility,LV,3.0,8,0.0,3.0,3.0,N,N,08/2022,Analyst
25-3041.00,1.A.1.c.1,Mathematical Reasoning,IM,2.88,8,0.125,2.63,3.12,N,,08/2022,Analyst
25-3041.00,1.A.1.c.1,Mathematical Reasoning,LV,3.0,8,0.0,3.0,3.0,N,N,08/2022,Analyst
25-3041.00,1.A.1.c.2,Number Facility,IM,2.62,8,0.183,2.2664,2.9836,N,,08/2022,Analyst
25-3041.00,1.A.1.c.2,Number Facility,LV,2.62,8,0.183,2.2664,2.9836,N,N,08/2022,Analyst
25-3041.00,1.A.1.d.1,Memorization,IM,2.88,8,0.125,2.63,3.12,N,,08/2022,Analyst
25-3041.00,1.A.1.d.1,Memorization,LV,2.88,8,0.125,2.63,3.12,N,N,08/2022,Analyst
25-3041.00,1.A.1.e.1,Speed of Closure,IM,2.75,8,0.1637,2.4292,3.0708,N,,08/2022,Analyst
25-3041.00,1.A.1.e.1,Speed of Closure,LV,2.38,8,0.183,2.0164,2.7336,N,N,08/2022,Analyst
25-3041.00,1.A.1.e.2,Flexibility of Closure,IM,2.88,8,0.125,2.63,3.12,N,,08/2022,Analyst
25-3041.00,1.A.1.e.2,Flexibility of Closure,LV,2.88,8,0.125,2.63,3.12,N,N,08/2022,Analyst
25-3041.00,1.A.1.e.3,Perceptual Speed,IM,2.25,8,0.1637,1.9292,2.5708,N,,08/2022,Analyst
25-3041.00,1.A.1.e.3,Perceptual Speed,LV,2.12,8,0.125,1.88,2.37,N,N,08/2022,Analyst
25-3041.00,1.A.1.f.1,Spatial Orientation,IM,1.0,8,0.0,1.0,1.0,N,,08/2022,Analyst
25-3041.00,1.A.1.f.1,Spatial Orientation,LV,0.0,8,0.0,0.0,0.0,N,Y,08/2022,Analyst
25-3041.00,1.A.1.f.2,Visualization,IM,2.12,8,0.125,1.88,2.37,N,,08/2022,Analyst
25-3041.00,1.A.1.f.2,Visualization,LV,2.0,8,0.0,2.0,2.0,N,N,08/2022,Analyst
25-3041.00,1.A.1.g.1,Selective Attention,IM,3.12,8,0.125,2.88,3.37,N,,08/2022,Analyst
25-3041.00,1.A.1.g.1,Selective Attention,LV,3.12,8,0.125,2.88,3.37,N,N,08/2022,Analyst
25-3041.00,1.A.1.g.2,Time Sharing,IM,2.75,8,0.1637,2.4292,3.0708,N,,08/2022,Analyst
25-3041.00,1.A.1.g.2,Time Sharing,LV,2.75,8,0.1637,2.4292,3.0708,N,N,08/2022,Analyst
25-3041.00,1.A.2.a.1,Arm-Hand Steadiness,IM,1.62,8,0.183,1.2664,1.9836,N,,08/2022,Analyst
25-3041.00,1.A.2.a.1,Arm-Hand Steadiness,LV,0.62,8,0.183,0.2664,0.9836,N,N,08/2022,Analyst
25-3041.00,1.A.2.a.2,Manual Dexterity,IM,1.62,8,0.183,1.2664,1.9836,N,,08/2022,Analyst
25-3041.00,1.A.2.a.2,Manual Dexterity,LV,0.62,8,0.183,0.2664,0.9836,N,N,08/2022,Analyst
25-3041.00,1.A.2.a.3,Finger Dexterity,IM,1.75,8,0.1637,1.4292,2.0708,N,,08/2022,Analyst
25-3041.00,1.A.2.a.3,Finger Dexterity,LV,1.25,8,0.3134,0.6358,1.8642,N,N,08/2022,Analyst
25-3041.00,1.A.2.b.1,Control Precision,IM,1.5,8,0.189,1.1296,1.8704,N,,08/2022,Analyst
25-3041.00,1.A.2.b.1,Control Precision,LV,0.5,8,0.189,0.1296,0.8704,N,N,08/2022,Analyst
25-3041.00,1.A.2.b.2,Multilimb Coordination,IM,1.0,8,0.0,1.0,1.0,N,,08/2022,Analyst
25-3041.00,1.A.2.b.2,Multilimb Coordination,LV,0.0,8,0.0,0.0,0.0,N,Y,08/2022,Analyst
25-3041.00,1.A.2.b.3,Response Orientation,IM,1.0,8,0.0,1.0,1.0,N,,08/2022,Analyst
25-3041.00,1.A.2.b.3,Response Orientation,LV,0.0,8,0.0,0.0,0.0,N,Y,08/2022,Analyst
25-3041.00,1.A.2.b.4,Rate Control,IM,1.0,8,0.0,1.0,1.0,N,,08/2022,Analyst
25-3041.00,1.A.2.b.4,Rate Control,LV,0.0,8,0.0,0.0,0.0,N,Y,08/2022,Analyst
25-3041.00,1.A.2.c.1,Reaction Time,IM,1.0,8,0.0,1.0,1.0,N,,08/2022,Analyst
25-3041.00,1.A.2.c.1,Reaction Time,LV,0.0,8,0.0,0.0,0.0,N,Y,08/2022,Analyst
25-3041.00,1.A.2.c.2,Wrist-Finger Speed,IM,1.12,8,0.125,1.0,1.37,N,,08/2022,Analyst
25-3041.00,1.A.2.c.2,Wrist-Finger Speed,LV,0.12,8,0.125,0.0,0.37,N,Y,08/2022,Analyst
25-3041.00,1.A.2.c.3,Speed of Limb Movement,IM,1.0,8,0.0,1.0,1.0,N,,08/2022,Analyst
25-3041.00,1.A.2.c.3,Speed of Limb Movement,LV,0.0,8,0.0,0.0,0.0,N,Y,08/2022,Analyst
25-3041.00,1.A.3.a.1,Static Strength,IM,1.0,8,0.0,1.0,1.0,N,,08/2022,Analyst
25-3041.00,1.A.3.a.1,Static Strength,LV,0.0,8,0.0,0.0,0.0,N,Y,08/2022,Analyst
25-3041.00,1.A.3.a.2,Explosive Strength,IM,1.0,8,0.0,1.0,1.0,N,,08/2022,Analyst
25-3041.00,1.A.3.a.2,Explosive Strength,LV,0.0,8,0.0,0.0,0.0,N,Y,08/2022,Analyst
25-3041.00,1.A.3.a.3,Dynamic Strength,IM,1.0,8,0.0,1.0,1.0,N,,08/2022,Analyst
25-3041.00,1.A.3.a.3,Dynamic Strength,LV,0.0,8,0.0,0.0,0.0,N,Y,08/2022,Analyst
25-3041.00,1.A.3.a.4,Trunk Strength,IM,1.5,8,0.189,1.1296,1.8704,N,,08/2022,Analyst
25-3041.00,1.A.3.a.4,Trunk Strength,LV,0.75,8,0.3134,0.1358,1.3642,N,N,08/2022,Analyst
25-3041.00,1.A.3.b.1,Stamina,IM,1.0,8,0.0,1.0,1.0,N,,08/2022,Analyst
25-3041.00,1.A.3.b.1,Stamina,LV,0.0,8,0.0,0.0,0.0,N,Y,08/2022,Analyst
25-3041.00,1.A.3.c.1,Extent Flexibility,IM,1.0,8,0.0,1.0,1.0,N,,08/2022,Analyst
25-3041.00,1.A.3.c.1,Extent Flexibility,LV,0.0,8,0.0,0.0,0.0,N,Y,08/2022,Analyst
25-3041.00,1.A.3.c.2,Dynamic Flexibility,IM,1.0,8,0.0,1.0,1.0,N,,08/2022,Analyst
25-3041.00,1.A.3.c.2,Dynamic Flexibility,LV,0.0,8,0.0,0.0,0.0,N,Y,08/2022,Analyst
25-3041.00,1.A.3.c.3,Gross Body Coordination,IM,1.0,8,0.0,1.0,1.0,N,,08/2022,Analyst
25-3041.00,1.A.3.c.3,Gross Body Coordination,LV,0.0,8,0.0,0.0,0.0,N,Y,08/2022,Analyst
25-3041.00,1.A.3.c.4,Gross Body Equilibrium,IM,1.0,8,0.0,1.0,1.0,N,,08/2022,Analyst
25-3041.00,1.A.3.c.4,Gross Body Equilibrium,LV,0.0,8,0.0,0.0,0.0,N,Y,08/2022,Analyst
25-3041.00,1.A.4.a.1,Near Vision,IM,3.38,8,0.183,3.0164,3.7336,N,,08/2022,Analyst
25-3041.00,1.A.4.a.1,Near Vision,LV,3.12,8,0.125,2.88,3.37,N,N,08/2022,Analyst
25-3041.00,1.A.4.a.2,Far Vision,IM,2.25,8,0.1637,1.9292,2.5708,N,,08/2022,Analyst
25-3041.00,1.A.4.a.2,Far Vision,LV,2.25,8,0.1637,1.9292,2.5708,N,N,08/2022,Analyst
25-3041.00,1.A.4.a.3,Visual Color Discrimination,IM,2.0,8,0.0,2.0,2.0,N,,08/2022,Analyst
25-3041.00,1.A.4.a.3,Visual Color Discrimination,LV,1.88,8,0.125,1.63,2.12,N,N,08/2022,Analyst
25-3041.00,1.A.4.a.4,Night Vision,IM,1.0,8,0.0,1.0,1.0,N,,08/2022,Analyst
25-3041.00,1.A.4.a.4,Night Vision,LV,0.0,8,0.0,0.0,0.0,N,Y,08/2022,Analyst
25-3041.00,1.A.4.a.5,Peripheral Vision,IM,1.0,8,0.0,1.0,1.0,N,,08/2022,Analyst
25-3041.00,1.A.4.a.5,Peripheral Vision,LV,0.0,8,0.0,0.0,0.0,N,Y,08/2022,Analyst
25-3041.00,1.A.4.a.6,Depth Perception,IM,1.0,8,0.0,1.0,1.0,N,,08/2022,Analyst
25-3041.00,1.A.4.a.6,Depth Perception,LV,0.0,8,0.0,0.0,0.0,N,Y,08/2022,Analyst
25-3041.00,1.A.4.a.7,Glare Sensitivity,IM,1.0,8,0.0,1.0,1.0,N,,08/2022,Analyst
25-3041.00,1.A.4.a.7,Glare Sensitivity,LV,0.0,8,0.0,0.0,0.0,N,Y,08/2022,Analyst
25-3041.00,1.A.4.b.1,Hearing Sensitivity,IM,2.0,8,0.0,2.0,2.0,N,,08/2022,Analyst
25-3041.00,1.A.4.b.1,Hearing Sensitivity,LV,1.88,8,0.125,1.63,2.12,N,N,08/2022,Analyst
25-3041.00,1.A.4.b.2,Auditory Attention,IM,2.12,8,0.125,1.88,2.37,N,,08/2022,Analyst
25-3041.00,1.A.4.b.2,Auditory Attention,LV,2.12,8,0.125,1.88,2.37,N,N,08/2022,Analyst
25-3041.00,1.A.4.b.3,Sound Localization,IM,1.0,8,0.0,1.0,1.0,N,,08/2022,Analyst
25-3041.00,1.A.4.b.3,Sound Localization,LV,0.0,8,0.0,0.0,0.0,N,Y,08/2022,Analyst
25-3041.00,1.A.4.b.4,Speech Recognition,IM,3.88,8,0.125,3.63,4.12,N,,08/2022,Analyst
25-3041.00,1.A.4.b.4,Speech Recognition,LV,3.75,8,0.1637,3.4292,4.0708,N,N,08/2022,Analyst
25-3041.00,1.A.4.b.5,Speech Clarity,IM,4.0,8,0.0,4.0,4.0,N,,08/2022,Analyst
25-3041.00,1.A.4.b.5,Speech Clarity,LV,3.75,8,0.1637,3.4292,4.0708,N,N,08/2022,Analyst
25-4011.00,1.A.1.a.1,Oral Comprehension,IM,3.75,8,0.1637,3.4292,4.0708,N,,08/2024,Analyst
25-4011.00,1.A.1.a.1,Oral Comprehension,LV,4.12,8,0.125,3.88,4.37,N,N,08/2024,Analyst
25-4011.00,1.A.1.a.2,Written Comprehension,IM,4.0,8,0.189,3.6296,4.3704,N,,08/2024,Analyst
25-4011.00,1.A.1.a.2,Written Comprehension,LV,4.38,8,0.183,4.0164,4.7336,N,N,08/2024,Analyst
25-4011.00,1.A.1.a.3,Oral Expression,IM,3.88,8,0.125,3.63,4.12,N,,08/2024,Analyst
25-4011.00,1.A.1.a.3,Oral Expression,LV,4.12,8,0.125,3.88,4.37,N,N,08/2024,Analyst
25-4011.00,1.A.1.a.4,Written Expression,IM,3.88,8,0.125,3.63,4.12,N,,08/2024,Analyst
25-4011.00,1.A.1.a.4,Written Expression,LV,4.25,8,0.1637,3.9292,4.5708,N,N,08/2024,Analyst
25-4011.00,1.A.1.b.1,Fluency of Ideas,IM,3.0,8,0.0,3.0,3.0,N,,08/2024,Analyst
25-4011.00,1.A.1.b.1,Fluency of Ideas,LV,3.0,8,0.0,3.0,3.0,N,N,08/2024,Analyst
25-4011.00,1.A.1.b.2,Originality,IM,2.88,8,0.125,2.63,3.12,N,,08/2024,Analyst
25-4011.00,1.A.1.b.2,Originality,LV,3.0,8,0.0,3.0,3.0,N,N,08/2024,Analyst
25-4011.00,1.A.1.b.3,Problem Sensitivity,IM,3.0,8,0.0,3.0,3.0,N,,08/2024,Analyst
25-4011.00,1.A.1.b.3,Problem Sensitivity,LV,3.12,8,0.125,2.88,3.37,N,N,08/2024,Analyst
25-4011.00,1.A.1.b.4,Deductive Reasoning,IM,3.62,8,0.183,3.2664,3.9836,N,,08/2024,Analyst
25-4011.00,1.A.1.b.4,Deductive Reasoning,LV,3.75,8,0.1637,3.4292,4.0708,N,N,08/2024,Analyst
25-4011.00,1.A.1.b.5,Inductive Reasoning,IM,3.5,8,0.189,3.1296,3.8704,N,,08/2024,Analyst
25-4011.00,1.A.1.b.5,Inductive Reasoning,LV,3.38,8,0.183,3.0164,3.7336,N,N,08/2024,Analyst
25-4011.00,1.A.1.b.6,Information Ordering,IM,3.88,8,0.125,3.63,4.12,N,,08/2024,Analyst
25-4011.00,1.A.1.b.6,Information Ordering,LV,4.0,8,0.0,4.0,4.0,N,N,08/2024,Analyst
25-4011.00,1.A.1.b.7,Category Flexibility,IM,4.0,8,0.0,4.0,4.0,N,,08/2024,Analyst
25-4011.00,1.A.1.b.7,Category Flexibility,LV,4.12,8,0.125,3.88,4.37,N,N,08/2024,Analyst
25-4011.00,1.A.1.c.1,Mathematical Reasoning,IM,2.12,8,0.125,1.88,2.37,N,,08/2024,Analyst
25-4011.00,1.A.1.c.1,Mathematical Reasoning,LV,2.12,8,0.125,1.88,2.37,N,N,08/2024,Analyst
25-4011.00,1.A.1.c.2,Number Facility,IM,2.38,8,0.183,2.0164,2.7336,N,,08/2024,Analyst
25-4011.00,1.A.1.c.2,Number Facility,LV,2.38,8,0.183,2.0164,2.7336,N,N,08/2024,Analyst
25-4011.00,1.A.1.d.1,Memorization,IM,2.62,8,0.183,2.2664,2.9836,N,,08/2024,Analyst
25-4011.00,1.A.1.d.1,Memorization,LV,2.62,8,0.183,2.2664,2.9836,N,N,08/2024,Analyst
25-4011.00,1.A.1.e.1,Speed of Closure,IM,2.25,8,0.1637,1.9292,2.5708,N,,08/2024,Analyst
25-4011.00,1.A.1.e.1,Speed of Closure,LV,2.25,8,0.1637,1.9292,2.5708,N,N,08/2024,Analyst
25-4011.00,1.A.1.e.2,Flexibility of Closure,IM,2.5,8,0.189,2.1296,2.8704,N,,08/2024,Analyst
25-4011.00,1.A.1.e.2,Flexibility of Closure,LV,2.38,8,0.183,2.0164,2.7336,N,N,08/2024,Analyst
25-4011.00,1.A.1.e.3,Perceptual Speed,IM,2.38,8,0.183,2.0164,2.7336,N,,08/2024,Analyst
25-4011.00,1.A.1.e.3,Perceptual Speed,LV,2.12,8,0.125,1.88,2.37,N,N,08/2024,Analyst
25-4011.00,1.A.1.f.1,Spatial Orientation,IM,1.12,8,0.125,1.0,1.37,N,,08/2024,Analyst
25-4011.00,1.A.1.f.1,Spatial Orientation,LV,0.12,8,0.125,0.0,0.37,N,Y,08/2024,Analyst
25-4011.00,1.A.1.f.2,Visualization,IM,2.38,8,0.183,2.0164,2.7336,N,,08/2024,Analyst
25-4011.00,1.A.1.f.2,Visualization,LV,2.38,8,0.183,2.0164,2.7336,N,N,08/2024,Analyst
25-4011.00,1.A.1.g.1,Selective Attention,IM,3.0,8,0.0,3.0,3.0,N,,08/2024,Analyst
25-4011.00,1.A.1.g.1,Selective Attention,LV,3.0,8,0.0,3.0,3.0,N,N,08/2024,Analyst
25-4011.00,1.A.1.g.2,Time Sharing,IM,2.12,8,0.125,1.88,2.37,N,,08/2024,Analyst
25-4011.00,1.A.1.g.2,Time Sharing,LV,2.0,8,0.0,2.0,2.0,N,N,08/2024,Analyst
25-4011.00,1.A.2.a.1,Arm-Hand Steadiness,IM,2.0,8,0.0,2.0,2.0,N,,08/2024,Analyst
25-4011.00,1.A.2.a.1,Arm-Hand Steadiness,LV,2.0,8,0.0,2.0,2.0,N,N,08/2024,Analyst
25-4011.00,1.A.2.a.2,Manual Dexterity,IM,2.0,8,0.0,2.0,2.0,N,,08/2024,Analyst
25-4011.00,1.A.2.a.2,Manual Dexterity,LV,2.0,8,0.0,2.0,2.0,N,N,08/2024,Analyst
25-4011.00,1.A.2.a.3,Finger Dexterity,IM,2.0,8,0.0,2.0,2.0,N,,08/2024,Analyst
25-4011.00,1.A.2.a.3,Finger Dexterity,LV,2.0,8,0.0,2.0,2.0,N,N,08/2024,Analyst
25-4011.00,1.A.2.b.1,Control Precision,IM,1.62,8,0.183,1.2664,1.9836,N,,08/2024,Analyst
25-4011.00,1.A.2.b.1,Control Precision,LV,0.75,8,0.25,0.26,1.24,N,N,08/2024,Analyst
25-4011.00,1.A.2.b.2,Multilimb Coordination,IM,2.0,8,0.0,2.0,2.0,N,,08/2024,Analyst
25-4011.00,1.A.2.b.2,Multilimb Coordination,LV,1.25,8,0.1637,0.9292,1.5708,N,N,08/2024,Analyst
25-4011.00,1.A.2.b.3,Response Orientation,IM,1.0,8,0.0,1.0,1.0,N,,08/2024,Analyst
25-4011.00,1.A.2.b.3,Response Orientation,LV,0.0,8,0.0,0.0,0.0,N,Y,08/2024,Analyst
25-4011.00,1.A.2.b.4,Rate Control,IM,1.0,8,0.0,1.0,1.0,N,,08/2024,Analyst
25-4011.00,1.A.2.b.4,Rate Control,LV,0.0,8,0.0,0.0,0.0,N,Y,08/2024,Analyst
25-4011.00,1.A.2.c.1,Reaction Time,IM,1.0,8,0.0,1.0,1.0,N,,08/2024,Analyst
25-4011.00,1.A.2.c.1,Reaction Time,LV,0.0,8,0.0,0.0,0.0,N,Y,08/2024,Analyst
25-4011.00,1.A.2.c.2,Wrist-Finger Speed,IM,1.38,8,0.183,1.0164,1.7336,N,,08/2024,Analyst
25-4011.00,1.A.2.c.2,Wrist-Finger Speed,LV,0.38,8,0.183,0.0164,0.7336,N,N,08/2024,Analyst
25-4011.00,1.A.2.c.3,Speed of Limb Movement,IM,1.0,8,0.0,1.0,1.0,N,,08/2024,Analyst
25-4011.00,1.A.2.c.3,Speed of Limb Movement,LV,0.0,8,0.0,0.0,0.0,N,Y,08/2024,Analyst
25-4011.00,1.A.3.a.1,Static Strength,IM,2.0,8,0.0,2.0,2.0,N,,08/2024,Analyst
25-4011.00,1.A.3.a.1,Static Strength,LV,1.75,8,0.1637,1.4292,2.0708,N,N,08/2024,Analyst
25-4011.00,1.A.3.a.2,Explosive Strength,IM,1.38,8,0.183,1.0164,1.7336,N,,08/2024,Analyst
25-4011.00,1.A.3.a.2,Explosive Strength,LV,0.5,8,0.2673,0.0,1.0238,N,N,08/2024,Analyst
25-4011.00,1.A.3.a.3,Dynamic Strength,IM,2.0,8,0.0,2.0,2.0,N,,08/2024,Analyst
25-4011.00,1.A.3.a.3,Dynamic Strength,LV,1.12,8,0.125,0.88,1.37,N,N,08/2024,Analyst
25-4011.00,1.A.3.a.4,Trunk Strength,IM,2.0,8,0.0,2.0,2.0,N,,08/2024,Analyst
25-4011.00,1.A.3.a.4,Trunk Strength,LV,2.0,8,0.0,2.0,2.0,N,N,08/2024,Analyst
25-4011.00,1.A.3.b.1,Stamina,IM,1.75,8,0.1637,1.4292,2.0708,N,,08/2024,Analyst
25-4011.00,1.A.3.b.1,Stamina,LV,0.75,8,0.1637,0.4292,1.0708,N,N,08/2024,Analyst
25-4011.00,1.A.3.c.1,Extent Flexibility,IM,2.0,8,0.0,2.0,2.0,N,,08/2024,Analyst
25-4011.00,1.A.3.c.1,Extent Flexibility,LV,1.75,8,0.1637,1.4292,2.0708,N,N,08/2024,Analyst
25-4011.00,1.A.3.c.2,Dynamic Flexibility,IM,1.0,8,0.0,1.0,1.0,N,,08/2024,Analyst
25-4011.00,1.A.3.c.2,Dynamic Flexibility,LV,0.0,8,0.0,0.0,0.0,N,Y,08/2024,Analyst
25-4011.00,1.A.3.c.3,Gross Body Coordination,IM,1.5,8,0.189,1.1296,1.8704,N,,08/2024,Analyst
25-4011.00,1.A.3.c.3,Gross Body Coordination,LV,0.5,8,0.189,0.1296,0.8704,N,N,08/2024,Analyst
25-4011.00,1.A.3.c.4,Gross Body Equilibrium,IM,1.5,8,0.189,1.1296,1.8704,N,,08/2024,Analyst
25-4011.00,1.A.3.c.4,Gross Body Equilibrium,LV,0.5,8,0.189,0.1296,0.8704,N,N,08/2024,Analyst
25-4011.00,1.A.4.a.1,Near Vision,IM,3.88,8,0.125,3.63,4.12,N,,08/2024,Analyst
25-4011.00,1.A.4.a.1,Near Vision,LV,4.12,8,0.125,3.88,4.37,N,N,08/2024,Analyst
25-4011.00,1.A.4.a.2,Far Vision,IM,2.75,8,0.1637,2.4292,3.0708,N,,08/2024,Analyst
25-4011.00,1.A.4.a.2,Far Vision,LV,2.88,8,0.125,2.63,3.12,N,N,08/2024,Analyst
25-4011.00,1.A.4.a.3,Visual Color Discrimination,IM,2.62,8,0.183,2.2664,2.9836,N,,08/2024,Analyst
25-4011.00,1.A.4.a.3,Visual Color Discrimination,LV,2.62,8,0.183,2.2664,2.9836,N,N,08/2024,Analyst
25-4011.00,1.A.4.a.4,Night Vision,IM,1.0,8,0.0,1.0,1.0,N,,08/2024,Analyst
25-4011.00,1.A.4.a.4,Night Vision,LV,0.0,8,0.0,0.0,0.0,N,Y,08/2024,Analyst
25-4011.00,1.A.4.a.5,Peripheral Vision,IM,1.0,8,0.0,1.0,1.0,N,,08/2024,Analyst
25-4011.00,1.A.4.a.5,Peripheral Vision,LV,0.0,8,0.0,0.0,0.0,N,Y,08/2024,Analyst
25-4011.00,1.A.4.a.6,Depth Perception,IM,1.88,8,0.125,1.63,2.12,N,,08/2024,Analyst
25-4011.00,1.A.4.a.6,Depth Perception,LV,1.25,8,0.25,0.76,1.74,N,N,08/2024,Analyst
25-4011.00,1.A.4.a.7,Glare Sensitivity,IM,1.0,8,0.0,1.0,1.0,N,,08/2024,Analyst
25-4011.00,1.A.4.a.7,Glare Sensitivity,LV,0.0,8,0.0,0.0,0.0,N,Y,08/2024,Analyst
25-4011.00,1.A.4.b.1,Hearing Sensitivity,IM,1.88,8,0.125,1.63,2.12,N,,08/2024,Analyst
25-4011.00,1.A.4.b.1,Hearing Sensitivity,LV,1.5,8,0.2673,0.9762,2.0238,N,N,08/2024,Analyst
25-4011.00,1.A.4.b.2,Auditory Attention,IM,1.88,8,0.125,1.63,2.12,N,,08/2024,Analyst
25-4011.00,1.A.4.b.2,Auditory Attention,LV,1.5,8,0.2673,0.9762,2.0238,N,N,08/2024,Analyst
25-4011.00,1.A.4.b.3,Sound Localization,IM,1.0,8,0.0,1.0,1.0,N,,08/2024,Analyst
25-4011.00,1.A.4.b.3,Sound Localization,LV,0.0,8,0.0,0.0,0.0,N,Y,08/2024,Analyst
25-4011.00,1.A.4.b.4,Speech Recognition,IM,3.12,8,0.125,2.88,3.37,N,,08/2024,Analyst
25-4011.00,1.A.4.b.4,Speech Recognition,LV,3.0,8,0.0,3.0,3.0,N,N,08/2024,Analyst
25-4011.00,1.A.4.b.5,Speech Clarity,IM,3.0,8,0.0,3.0,3.0,N,,08/2024,Analyst
25-4011.00,1.A.4.b.5,Speech Clarity,LV,3.0,8,0.0,3.0,3.0,N,N,08/2024,Analyst
25-4012.00,1.A.1.a.1,Oral Comprehension,IM,4.0,8,0.0,4.0,4.0,N,,08/2018,Analyst
25-4012.00,1.A.1.a.1,Oral Comprehension,LV,4.38,8,0.183,4.0164,4.7336,N,N,08/2018,Analyst
25-4012.00,1.A.1.a.2,Written Comprehension,IM,4.0,8,0.0,4.0,4.0,N,,08/2018,Analyst
25-4012.00,1.A.1.a.2,Written Comprehension,LV,4.75,8,0.1637,4.4292,5.0708,N,N,08/2018,Analyst
25-4012.00,1.A.1.a.3,Oral Expression,IM,4.0,8,0.0,4.0,4.0,N,,08/2018,Analyst
25-4012.00,1.A.1.a.3,Oral Expression,LV,4.5,8,0.189,4.1296,4.8704,N,N,08/2018,Analyst
25-4012.00,1.A.1.a.4,Written Expression,IM,3.88,8,0.125,3.63,4.12,N,,08/2018,Analyst
25-4012.00,1.A.1.a.4,Written Expression,LV,4.75,8,0.1637,4.4292,5.0708,N,N,08/2018,Analyst
25-4012.00,1.A.1.b.1,Fluency of Ideas,IM,3.38,8,0.183,3.0164,3.7336,N,,08/2018,Analyst
25-4012.00,1.A.1.b.1,Fluency of Ideas,LV,4.0,8,0.189,3.6296,4.3704,N,N,08/2018,Analyst
25-4012.00,1.A.1.b.2,Originality,IM,3.5,8,0.189,3.1296,3.8704,N,,08/2018,Analyst
25-4012.00,1.A.1.b.2,Originality,LV,4.12,8,0.125,3.88,4.37,N,N,08/2018,Analyst
25-4012.00,1.A.1.b.3,Problem Sensitivity,IM,3.62,8,0.183,3.2664,3.9836,N,,08/2018,Analyst
25-4012.00,1.A.1.b.3,Problem Sensitivity,LV,4.12,8,0.125,3.88,4.37,N,N,08/2018,Analyst
25-4012.00,1.A.1.b.4,Deductive Reasoning,IM,3.88,8,0.125,3.63,4.12,N,,08/2018,Analyst
25-4012.00,1.A.1.b.4,Deductive Reasoning,LV,4.38,8,0.183,4.0164,4.7336,N,N,08/2018,Analyst
25-4012.00,1.A.1.b.5,Inductive Reasoning,IM,3.75,8,0.1637,3.4292,4.0708,N,,08/2018,Analyst
25-4012.00,1.A.1.b.5,Inductive Reasoning,LV,4.0,8,0.0,4.0,4.0,N,N,08/2018,Analyst
25-4012.00,1.A.1.b.6,Information Ordering,IM,3.38,8,0.183,3.0164,3.7336,N,,08/2018,Analyst
25-4012.00,1.A.1.b.6,Information Ordering,LV,3.75,8,0.1637,3.4292,4.0708,N,N,08/2018,Analyst
25-4012.00,1.A.1.b.7,Category Flexibility,IM,3.75,8,0.1637,3.4292,4.0708,N,,08/2018,Analyst
25-4012.00,1.A.1.b.7,Category Flexibility,LV,4.12,8,0.125,3.88,4.37,N,N,08/2018,Analyst
25-4012.00,1.A.1.c.1,Mathematical Reasoning,IM,2.88,8,0.125,2.63,3.12,N,,08/2018,Analyst
25-4012.00,1.A.1.c.1,Mathematical Reasoning,LV,3.25,8,0.1637,2.9292,3.5708,N,N,08/2018,Analyst
25-4012.00,1.A.1.c.2,Number Facility,IM,2.75,8,0.1637,2.4292,3.0708,N,,08/2018,Analyst
25-4012.00,1.A.1.c.2,Number Facility,LV,3.12,8,0.125,2.88,3.37,N,N,08/2018,Analyst
25-4012.00,1.A.1.d.1,Memorization,IM,2.75,8,0.1637,2.4292,3.0708,N,,08/2018,Analyst
25-4012.00,1.A.1.d.1,Memorization,LV,2.75,8,0.1637,2.4292,3.0708,N,N,08/2018,Analyst
25-4012.00,1.A.1.e.1,Speed of Closure,IM,2.38,8,0.183,2.0164,2.7336,N,,08/2018,Analyst
25-4012.00,1.A.1.e.1,Speed of Closure,LV,2.5,8,0.189,2.1296,2.8704,N,N,08/2018,Analyst
25-4012.00,1.A.1.e.2,Flexibility of Closure,IM,3.12,8,0.125,2.88,3.37,N,,08/2018,Analyst
25-4012.00,1.A.1.e.2,Flexibility of Closure,LV,3.62,8,0.183,3.2664,3.9836,N,N,08/2018,Analyst
25-4012.00,1.A.1.e.3,Perceptual Speed,IM,2.75,8,0.1637,2.4292,3.0708,N,,08/2018,Analyst
25-4012.00,1.A.1.e.3,Perceptual Speed,LV,2.75,8,0.1637,2.4292,3.0708,N,N,08/2018,Analyst
25-4012.00,1.A.1.f.1,Spatial Orientation,IM,1.75,8,0.1637,1.4292,2.0708,N,,08/2018,Analyst
25-4012.00,1.A.1.f.1,Spatial Orientation,LV,1.12,8,0.295,0.5467,1.7033,N,N,08/2018,Analyst
25-4012.00,1.A.1.f.2,Visualization,IM,3.25,8,0.1637,2.9292,3.5708,N,,08/2018,Analyst
25-4012.00,1.A.1.f.2,Visualization,LV,3.88,8,0.2266,3.4309,4.3191,N,N,08/2018,Analyst
25-4012.00,1.A.1.g.1,Selective Attention,IM,3.12,8,0.125,2.88,3.37,N,,08/2018,Analyst
25-4012.00,1.A.1.g.1,Selective Attention,LV,3.12,8,0.125,2.88,3.37,N,N,08/2018,Analyst
25-4012.00,1.A.1.g.2,Time Sharing,IM,2.75,8,0.1637,2.4292,3.0708,N,,08/2018,Analyst
25-4012.00,1.A.1.g.2,Time Sharing,LV,2.62,8,0.183,2.2664,2.9836,N,N,08/2018,Analyst
25-4012.00,1.A.2.a.1,Arm-Hand Steadiness,IM,2.12,8,0.125,1.88,2.37,N,,08/2018,Analyst
25-4012.00,1.A.2.a.1,Arm-Hand Steadiness,LV,2.12,8,0.125,1.88,2.37,N,N,08/2018,Analyst
25-4012.00,1.A.2.a.2,Manual Dexterity,IM,2.0,8,0.0,2.0,2.0,N,,08/2018,Analyst
25-4012.00,1.A.2.a.2,Manual Dexterity,LV,1.88,8,0.125,1.63,2.12,N,N,08/2018,Analyst
25-4012.00,1.A.2.a.3,Finger Dexterity,IM,2.12,8,0.125,1.88,2.37,N,,08/2018,Analyst
25-4012.00,1.A.2.a.3,Finger Dexterity,LV,2.12,8,0.125,1.88,2.37,N,N,08/2018,Analyst
25-4012.00,1.A.2.b.1,Control Precision,IM,1.38,8,0.183,1.0164,1.7336,N,,08/2018,Analyst
25-4012.00,1.A.2.b.1,Control Precision,LV,0.38,8,0.183,0.0164,0.7336,N,N,08/2018,Analyst
25-4012.00,1.A.2.b.2,Multilimb Coordination,IM,1.75,8,0.1637,1.4292,2.0708,N,,08/2018,Analyst
25-4012.00,1.A.2.b.2,Multilimb Coordination,LV,1.25,8,0.3134,0.6358,1.8642,N,N,08/2018,Analyst
25-4012.00,1.A.2.b.3,Response Orientation,IM,1.12,8,0.125,1.0,1.37,N,,08/2018,Analyst
25-4012.00,1.A.2.b.3,Response Orientation,LV,0.12,8,0.125,0.0,0.37,N,Y,08/2018,Analyst
25-4012.00,1.A.2.b.4,Rate Control,IM,1.0,8,0.0,1.0,1.0,N,,08/2018,Analyst
25-4012.00,1.A.2.b.4,Rate Control,LV,0.0,8,0.0,0.0,0.0,N,Y,08/2018,Analyst
25-4012.00,1.A.2.c.1,Reaction Time,IM,1.0,8,0.0,1.0,1.0,N,,08/2018,Analyst
25-4012.00,1.A.2.c.1,Reaction Time,LV,0.0,8,0.0,0.0,0.0,N,Y,08/2018,Analyst
25-4012.00,1.A.2.c.2,Wrist-Finger Speed,IM,1.62,8,0.183,1.2664,1.9836,N,,08/2018,Analyst
25-4012.00,1.A.2.c.2,Wrist-Finger Speed,LV,0.62,8,0.183,0.2664,0.9836,N,N,08/2018,Analyst
25-4012.00,1.A.2.c.3,Speed of Limb Movement,IM,1.0,8,0.0,1.0,1.0,N,,08/2018,Analyst
25-4012.00,1.A.2.c.3,Speed of Limb Movement,LV,0.0,8,0.0,0.0,0.0,N,Y,08/2018,Analyst
25-4012.00,1.A.3.a.1,Static Strength,IM,2.12,8,0.125,1.88,2.37,N,,08/2018,Analyst
25-4012.00,1.A.3.a.1,Static Strength,LV,1.88,8,0.125,1.63,2.12,N,N,08/2018,Analyst
25-4012.00,1.A.3.a.2,Explosive Strength,IM,1.12,8,0.125,1.0,1.37,N,,08/2018,Analyst
25-4012.00,1.A.3.a.2,Explosive Strength,LV,0.12,8,0.125,0.0,0.37,N,Y,08/2018,Analyst
25-4012.00,1.A.3.a.3,Dynamic Strength,IM,1.62,8,0.183,1.2664,1.9836,N,,08/2018,Analyst
25-4012.00,1.A.3.a.3,Dynamic Strength,LV,0.75,8,0.25,0.26,1.24,N,N,08/2018,Analyst
25-4012.00,1.A.3.a.4,Trunk Strength,IM,2.12,8,0.125,1.88,2.37,N,,08/2018,Analyst
25-4012.00,1.A.3.a.4,Trunk Strength,LV,2.12,8,0.125,1.88,2.37,N,N,08/2018,Analyst
25-4012.00,1.A.3.b.1,Stamina,IM,1.75,8,0.1637,1.4292,2.0708,N,,08/2018,Analyst
25-4012.00,1.A.3.b.1,Stamina,LV,1.0,8,0.2673,0.4762,1.5238,N,N,08/2018,Analyst
25-4012.00,1.A.3.c.1,Extent Flexibility,IM,1.75,8,0.1637,1.4292,2.0708,N,,08/2018,Analyst
25-4012.00,1.A.3.c.1,Extent Flexibility,LV,0.75,8,0.1637,0.4292,1.0708,N,N,08/2018,Analyst
25-4012.00,1.A.3.c.2,Dynamic Flexibility,IM,1.0,8,0.0,1.0,1.0,N,,08/2018,Analyst
25-4012.00,1.A.3.c.2,Dynamic Flexibility,LV,0.0,8,0.0,0.0,0.0,N,Y,08/2018,Analyst
25-4012.00,1.A.3.c.3,Gross Body Coordination,IM,1.62,8,0.183,1.2664,1.9836,N,,08/2018,Analyst
25-4012.00,1.A.3.c.3,Gross Body Coordination,LV,0.62,8,0.183,0.2664,0.9836,N,N,08/2018,Analyst
25-4012.00,1.A.3.c.4,Gross Body Equilibrium,IM,1.62,8,0.183,1.2664,1.9836,N,,08/2018,Analyst
25-4012.00,1.A.3.c.4,Gross Body Equilibrium,LV,0.62,8,0.183,0.2664,0.9836,N,N,08/2018,Analyst
25-4012.00,1.A.4.a.1,Near Vision,IM,3.88,8,0.125,3.63,4.12,N,,08/2018,Analyst
25-4012.00,1.A.4.a.1,Near Vision,LV,4.38,8,0.183,4.0164,4.7336,N,N,08/2018,Analyst
25-4012.00,1.A.4.a.2,Far Vision,IM,3.12,8,0.125,2.88,3.37,N,,08/2018,Analyst
25-4012.00,1.A.4.a.2,Far Vision,LV,3.88,8,0.2266,3.4309,4.3191,N,N,08/2018,Analyst
25-4012.00,1.A.4.a.3,Visual Color Discrimination,IM,3.0,8,0.0,3.0,3.0,N,,08/2018,Analyst
25-4012.00,1.A.4.a.3,Visual Color Discrimination,LV,3.62,8,0.183,3.2664,3.9836,N,N,08/2018,Analyst
25-4012.00,1.A.4.a.4,Night Vision,IM,1.12,8,0.125,1.0,1.37,N,,08/2018,Analyst
25-4012.00,1.A.4.a.4,Night Vision,LV,0.12,8,0.125,0.0,0.37,N,Y,08/2018,Analyst
25-4012.00,1.A.4.a.5,Peripheral Vision,IM,1.12,8,0.125,1.0,1.37,N,,08/2018,Analyst
25-4012.00,1.A.4.a.5,Peripheral Vision,LV,0.12,8,0.125,0.0,0.37,N,Y,08/2018,Analyst
25-4012.00,1.A.4.a.6,Depth Perception,IM,1.88,8,0.125,1.63,2.12,N,,08/2018,Analyst
25-4012.00,1.A.4.a.6,Depth Perception,LV,1.25,8,0.25,0.76,1.74,N,N,08/2018,Analyst
25-4012.00,1.A.4.a.7,Glare Sensitivity,IM,1.12,8,0.125,1.0,1.37,N,,08/2018,Analyst
25-4012.00,1.A.4.a.7,Glare Sensitivity,LV,0.12,8,0.125,0.0,0.37,N,Y,08/2018,Analyst
25-4012.00,1.A.4.b.1,Hearing Sensitivity,IM,1.75,8,0.1637,1.4292,2.0708,N,,08/2018,Analyst
25-4012.00,1.A.4.b.1,Hearing Sensitivity,LV,1.38,8,0.3239,0.7402,2.0098,N,N,08/2018,Analyst
25-4012.00,1.A.4.b.2,Auditory Attention,IM,1.75,8,0.1637,1.4292,2.0708,N,,08/2018,Analyst
25-4012.00,1.A.4.b.2,Auditory Attention,LV,1.38,8,0.3239,0.7402,2.0098,N,N,08/2018,Analyst
25-4012.00,1.A.4.b.3,Sound Localization,IM,1.0,8,0.0,1.0,1.0,N,,08/2018,Analyst
25-4012.00,1.A.4.b.3,Sound Localization,LV,0.0,8,0.0,0.0,0.0,N,Y,08/2018,Analyst
25-4012.00,1.A.4.b.4,Speech Recognition,IM,3.62,8,0.183,3.2664,3.9836,N,,08/2018,Analyst
25-4012.00,1.A.4.b.4,Speech Recognition,LV,3.88,8,0.125,3.63,4.12,N,N,08/2018,Analyst
25-4012.00,1.A.4.b.5,Speech Clarity,IM,3.75,8,0.1637,3.4292,4.0708,N,,08/2018,Analyst
25-4012.00,1.A.4.b.5,Speech Clarity,LV,3.88,8,0.125,3.63,4.12,N,N,08/2018,Analyst
25-4013.00,1.A.1.a.1,Oral Comprehension,IM,3.62,8,0.183,3.2664,3.9836,N,,08/2018,Analyst
25-4013.00,1.A.1.a.1,Oral Comprehension,LV,4.0,8,0.189,3.6296,4.3704,N,N,08/2018,Analyst
25-4013.00,1.A.1.a.2,Written Comprehension,IM,3.5,8,0.189,3.1296,3.8704,N,,08/2018,Analyst
25-4013.00,1.A.1.a.2,Written Comprehension,LV,3.88,8,0.125,3.63,4.12,N,N,08/2018,Analyst
25-4013.00,1.A.1.a.3,Oral Expression,IM,3.75,8,0.1637,3.4292,4.0708,N,,08/2018,Analyst
25-4013.00,1.A.1.a.3,Oral Expression,LV,4.0,8,0.189,3.6296,4.3704,N,N,08/2018,Analyst
25-4013.00,1.A.1.a.4,Written Expression,IM,3.5,8,0.189,3.1296,3.8704,N,,08/2018,Analyst
25-4013.00,1.A.1.a.4,Written Expression,LV,3.88,8,0.125,3.63,4.12,N,N,08/2018,Analyst
25-4013.00,1.A.1.b.1,Fluency of Ideas,IM,3.25,8,0.1637,2.9292,3.5708,N,,08/2018,Analyst
25-4013.00,1.A.1.b.1,Fluency of Ideas,LV,3.38,8,0.183,3.0164,3.7336,N,N,08/2018,Analyst
25-4013.00,1.A.1.b.2,Originality,IM,3.38,8,0.183,3.0164,3.7336,N,,08/2018,Analyst
25-4013.00,1.A.1.b.2,Originality,LV,3.12,8,0.125,2.88,3.37,N,N,08/2018,Analyst
25-4013.00,1.A.1.b.3,Problem Sensitivity,IM,3.12,8,0.125,2.88,3.37,N,,08/2018,Analyst
25-4013.00,1.A.1.b.3,Problem Sensitivity,LV,3.5,8,0.189,3.1296,3.8704,N,N,08/2018,Analyst
25-4013.00,1.A.1.b.4,Deductive Reasoning,IM,3.25,8,0.1637,2.9292,3.5708,N,,08/2018,Analyst
25-4013.00,1.A.1.b.4,Deductive Reasoning,LV,3.62,8,0.183,3.2664,3.9836,N,N,08/2018,Analyst
25-4013.00,1.A.1.b.5,Inductive Reasoning,IM,3.12,8,0.125,2.88,3.37,N,,08/2018,Analyst
25-4013.00,1.A.1.b.5,Inductive Reasoning,LV,3.5,8,0.189,3.1296,3.8704,N,N,08/2018,Analyst
25-4013.00,1.A.1.b.6,Information Ordering,IM,3.62,8,0.183,3.2664,3.9836,N,,08/2018,Analyst
25-4013.00,1.A.1.b.6,Information Ordering,LV,3.62,8,0.183,3.2664,3.9836,N,N,08/2018,Analyst
25-4013.00,1.A.1.b.7,Category Flexibility,IM,3.12,8,0.125,2.88,3.37,N,,08/2018,Analyst
25-4013.00,1.A.1.b.7,Category Flexibility,LV,3.5,8,0.2673,2.9762,4.0238,N,N,08/2018,Analyst
25-4013.00,1.A.1.c.1,Mathematical Reasoning,IM,2.25,8,0.1637,1.9292,2.5708,N,,08/2018,Analyst
25-4013.00,1.A.1.c.1,Mathematical Reasoning,LV,2.88,8,0.125,2.63,3.12,N,N,08/2018,Analyst
25-4013.00,1.A.1.c.2,Number Facility,IM,2.0,8,0.0,2.0,2.0,N,,08/2018,Analyst
25-4013.00,1.A.1.c.2,Number Facility,LV,2.38,8,0.183,2.0164,2.7336,N,N,08/2018,Analyst
25-4013.00,1.A.1.d.1,Memorization,IM,2.75,8,0.1637,2.4292,3.0708,N,,08/2018,Analyst
25-4013.00,1.A.1.d.1,Memorization,LV,2.88,8,0.125,2.63,3.12,N,N,08/2018,Analyst
25-4013.00,1.A.1.e.1,Speed of Closure,IM,2.12,8,0.125,1.88,2.37,N,,08/2018,Analyst
25-4013.00,1.A.1.e.1,Speed of Closure,LV,2.38,8,0.2631,1.8594,2.8906,N,N,08/2018,Analyst
25-4013.00,1.A.1.e.2,Flexibility of Closure,IM,3.12,8,0.125,2.88,3.37,N,,08/2018,Analyst
25-4013.00,1.A.1.e.2,Flexibility of Closure,LV,3.12,8,0.125,2.88,3.37,N,N,08/2018,Analyst
25-4013.00,1.A.1.e.3,Perceptual Speed,IM,2.88,8,0.125,2.63,3.12,N,,08/2018,Analyst
25-4013.00,1.A.1.e.3,Perceptual Speed,LV,2.88,8,0.125,2.63,3.12,N,N,08/2018,Analyst
25-4013.00,1.A.1.f.1,Spatial Orientation,IM,1.38,8,0.183,1.0164,1.7336,N,,08/2018,Analyst
25-4013.00,1.A.1.f.1,Spatial Orientation,LV,0.38,8,0.183,0.0164,0.7336,N,N,08/2018,Analyst
25-4013.00,1.A.1.f.2,Visualization,IM,3.25,8,0.1637,2.9292,3.5708,N,,08/2018,Analyst
25-4013.00,1.A.1.f.2,Visualization,LV,3.38,8,0.183,3.0164,3.7336,N,N,08/2018,Analyst
25-4013.00,1.A.1.g.1,Selective Attention,IM,3.0,8,0.0,3.0,3.0,N,,08/2018,Analyst
25-4013.00,1.A.1.g.1,Selective Attention,LV,3.0,8,0.0,3.0,3.0,N,N,08/2018,Analyst
25-4013.00,1.A.1.g.2,Time Sharing,IM,2.5,8,0.189,2.1296,2.8704,N,,08/2018,Analyst
25-4013.00,1.A.1.g.2,Time Sharing,LV,2.38,8,0.183,2.0164,2.7336,N,N,08/2018,Analyst
25-4013.00,1.A.2.a.1,Arm-Hand Steadiness,IM,3.25,8,0.1637,2.9292,3.5708,N,,08/2018,Analyst
25-4013.00,1.A.2.a.1,Arm-Hand Steadiness,LV,3.38,8,0.183,3.0164,3.7336,N,N,08/2018,Analyst
25-4013.00,1.A.2.a.2,Manual Dexterity,IM,3.12,8,0.125,2.88,3.37,N,,08/2018,Analyst
25-4013.00,1.A.2.a.2,Manual Dexterity,LV,3.12,8,0.125,2.88,3.37,N,N,08/2018,Analyst
25-4013.00,1.A.2.a.3,Finger Dexterity,IM,3.25,8,0.1637,2.9292,3.5708,N,,08/2018,Analyst
25-4013.00,1.A.2.a.3,Finger Dexterity,LV,3.5,8,0.189,3.1296,3.8704,N,N,08/2018,Analyst
25-4013.00,1.A.2.b.1,Control Precision,IM,2.88,8,0.125,2.63,3.12,N,,08/2018,Analyst
25-4013.00,1.A.2.b.1,Control Precision,LV,2.88,8,0.125,2.63,3.12,N,N,08/2018,Analyst
25-4013.00,1.A.2.b.2,Multilimb Coordination,IM,2.75,8,0.1637,2.4292,3.0708,N,,08/2018,Analyst
25-4013.00,1.A.2.b.2,Multilimb Coordination,LV,2.38,8,0.183,2.0164,2.7336,N,N,08/2018,Analyst
25-4013.00,1.A.2.b.3,Response Orientation,IM,1.75,8,0.1637,1.4292,2.0708,N,,08/2018,Analyst
25-4013.00,1.A.2.b.3,Response Orientation,LV,1.25,8,0.3134,0.6358,1.8642,N,N,08/2018,Analyst
25-4013.00,1.A.2.b.4,Rate Control,IM,1.75,8,0.1637,1.4292,2.0708,N,,08/2018,Analyst
25-4013.00,1.A.2.b.4,Rate Control,LV,1.25,8,0.3134,0.6358,1.8642,N,N,08/2018,Analyst
25-4013.00,1.A.2.c.1,Reaction Time,IM,1.75,8,0.1637,1.4292,2.0708,N,,08/2018,Analyst
25-4013.00,1.A.2.c.1,Reaction Time,LV,1.12,8,0.295,0.5467,1.7033,N,N,08/2018,Analyst
25-4013.00,1.A.2.c.2,Wrist-Finger Speed,IM,2.12,8,0.125,1.88,2.37,N,,08/2018,Analyst
25-4013.00,1.A.2.c.2,Wrist-Finger Speed,LV,1.88,8,0.125,1.63,2.12,N,N,08/2018,Analyst
25-4013.00,1.A.2.c.3,Speed of Limb Movement,IM,1.0,8,0.0,1.0,1.0,N,,08/2018,Analyst
25-4013.00,1.A.2.c.3,Speed of Limb Movement,LV,0.0,8,0.0,0.0,0.0,N,Y,08/2018,Analyst
25-4013.00,1.A.3.a.1,Static Strength,IM,2.75,8,0.25,2.26,3.24,N,,08/2018,Analyst
25-4013.00,1.A.3.a.1,Static Strength,LV,2.25,8,0.1637,1.9292,2.5708,N,N,08/2018,Analyst
25-4013.00,1.A.3.a.2,Explosive Strength,IM,1.25,8,0.1637,1.0,1.5708,N,,08/2018,Analyst
25-4013.00,1.A.3.a.2,Explosive Strength,LV,0.38,8,0.2631,0.0,0.8906,N,Y,08/2018,Analyst
25-4013.00,1.A.3.a.3,Dynamic Strength,IM,2.0,8,0.189,1.6296,2.3704,N,,08/2018,Analyst
25-4013.00,1.A.3.a.3,Dynamic Strength,LV,1.5,8,0.2673,0.9762,2.0238,N,N,08/2018,Analyst
25-4013.00,1.A.3.a.4,Trunk Strength,IM,2.25,8,0.1637,1.9292,2.5708,N,,08/2018,Analyst
25-4013.00,1.A.3.a.4,Trunk Strength,LV,2.12,8,0.125,1.88,2.37,N,N,08/2018,Analyst
25-4013.00,1.A.3.b.1,Stamina,IM,1.88,8,0.125,1.63,2.12,N,,08/2018,Analyst
25-4013.00,1.A.3.b.1,Stamina,LV,1.12,8,0.2266,0.6809,1.5691,N,N,08/2018,Analyst
25-4013.00,1.A.3.c.1,Extent Flexibility,IM,2.25,8,0.1637,1.9292,2.5708,N,,08/2018,Analyst
25-4013.00,1.A.3.c.1,Extent Flexibility,LV,2.12,8,0.2266,1.6809,2.5691,N,N,08/2018,Analyst
25-4013.00,1.A.3.c.2,Dynamic Flexibility,IM,1.0,8,0.0,1.0,1.0,N,,08/2018,Analyst
25-4013.00,1.A.3.c.2,Dynamic Flexibility,LV,0.0,8,0.0,0.0,0.0,N,Y,08/2018,Analyst
25-4013.00,1.A.3.c.3,Gross Body Coordination,IM,1.88,8,0.125,1.63,2.12,N,,08/2018,Analyst
25-4013.00,1.A.3.c.3,Gross Body Coordination,LV,1.5,8,0.2673,0.9762,2.0238,N,N,08/2018,Analyst
25-4013.00,1.A.3.c.4,Gross Body Equilibrium,IM,2.0,8,0.0,2.0,2.0,N,,08/2018,Analyst
25-4013.00,1.A.3.c.4,Gross Body Equilibrium,LV,1.25,8,0.1637,0.9292,1.5708,N,N,08/2018,Analyst
25-4013.00,1.A.4.a.1,Near Vision,IM,3.75,8,0.1637,3.4292,4.0708,N,,08/2018,Analyst
25-4013.00,1.A.4.a.1,Near Vision,LV,3.88,8,0.125,3.63,4.12,N,N,08/2018,Analyst
25-4013.00,1.A.4.a.2,Far Vision,IM,3.12,8,0.125,2.88,3.37,N,,08/2018,Analyst
25-4013.00,1.A.4.a.2,Far Vision,LV,3.12,8,0.125,2.88,3.37,N,N,08/2018,Analyst
25-4013.00,1.A.4.a.3,Visual Color Discrimination,IM,3.12,8,0.125,2.88,3.37,N,,08/2018,Analyst
25-4013.00,1.A.4.a.3,Visual Color Discrimination,LV,3.25,8,0.1637,2.9292,3.5708,N,N,08/2018,Analyst
25-4013.00,1.A.4.a.4,Night Vision,IM,1.0,8,0.0,1.0,1.0,N,,08/2018,Analyst
25-4013.00,1.A.4.a.4,Night Vision,LV,0.0,8,0.0,0.0,0.0,N,Y,08/2018,Analyst
25-4013.00,1.A.4.a.5,Peripheral Vision,IM,1.12,8,0.125,1.0,1.37,N,,08/2018,Analyst
25-4013.00,1.A.4.a.5,Peripheral Vision,LV,0.12,8,0.125,0.0,0.37,N,Y,08/2018,Analyst
25-4013.00,1.A.4.a.6,Depth Perception,IM,2.12,8,0.125,1.88,2.37,N,,08/2018,Analyst
25-4013.00,1.A.4.a.6,Depth Perception,LV,2.12,8,0.125,1.88,2.37,N,N,08/2018,Analyst
25-4013.00,1.A.4.a.7,Glare Sensitivity,IM,1.12,8,0.125,1.0,1.37,N,,08/2018,Analyst
25-4013.00,1.A.4.a.7,Glare Sensitivity,LV,0.12,8,0.125,0.0,0.37,N,Y,08/2018,Analyst
25-4013.00,1.A.4.b.1,Hearing Sensitivity,IM,2.0,8,0.2673,1.4762,2.5238,N,,08/2018,Analyst
25-4013.00,1.A.4.b.1,Hearing Sensitivity,LV,1.62,8,0.375,0.89,2.36,N,N,08/2018,Analyst
25-4013.00,1.A.4.b.2,Auditory Attention,IM,2.75,8,0.1637,2.4292,3.0708,N,,08/2018,Analyst
25-4013.00,1.A.4.b.2,Auditory Attention,LV,2.62,8,0.183,2.2664,2.9836,N,N,08/2018,Analyst
25-4013.00,1.A.4.b.3,Sound Localization,IM,1.0,8,0.0,1.0,1.0,N,,08/2018,Analyst
25-4013.00,1.A.4.b.3,Sound Localization,LV,0.0,8,0.0,0.0,0.0,N,Y,08/2018,Analyst
25-4013.00,1.A.4.b.4,Speech Recognition,IM,3.5,8,0.189,3.1296,3.8704,N,,08/2018,Analyst
25-4013.00,1.A.4.b.4,Speech Recognition,LV,3.25,8,0.1637,2.9292,3.5708,N,N,08/2018,Analyst
25-4013.00,1.A.4.b.5,Speech Clarity,IM,3.5,8,0.189,3.1296,3.8704,N,,08/2018,Analyst
25-4013.00,1.A.4.b.5,Speech Clarity,LV,3.38,8,0.183,3.0164,3.7336,N,N,08/2018,Analyst
25-4022.00,1.A.1.a.1,Oral Comprehension,IM,4.12,8,0.125,3.88,4.37,N,,08/2022,Analyst
25-4022.00,1.A.1.a.1,Oral Comprehension,LV,4.0,8,0.189,3.6296,4.3704,N,N,08/2022,Analyst
25-4022.00,1.A.1.a.2,Written Comprehension,IM,4.12,8,0.2266,3.6809,4.5691,N,,08/2022,Analyst
25-4022.00,1.A.1.a.2,Written Comprehension,LV,3.88,8,0.2266,3.4309,4.3191,N,N,08/2022,Analyst
25-4022.00,1.A.1.a.3,Oral Expression,IM,4.25,8,0.1637,3.9292,4.5708,N,,08/2022,Analyst
25-4022.00,1.A.1.a.3,Oral Expression,LV,4.0,8,0.189,3.6296,4.3704,N,N,08/2022,Analyst
25-4022.00,1.A.1.a.4,Written Expression,IM,3.75,8,0.25,3.26,4.24,N,,08/2022,Analyst
25-4022.00,1.A.1.a.4,Written Expression,LV,3.75,8,0.1637,3.4292,4.0708,N,N,08/2022,Analyst
25-4022.00,1.A.1.b.1,Fluency of Ideas,IM,3.0,8,0.2673,2.4762,3.5238,N,,08/2022,Analyst
25-4022.00,1.A.1.b.1,Fluency of Ideas,LV,3.12,8,0.2266,2.6809,3.5691,N,N,08/2022,Analyst
25-4022.00,1.A.1.b.2,Originality,IM,2.88,8,0.2266,2.4309,3.3191,N,,08/2022,Analyst
25-4022.00,1.A.1.b.2,Originality,LV,3.0,8,0.189,2.6296,3.3704,N,N,08/2022,Analyst
25-4022.00,1.A.1.b.3,Problem Sensitivity,IM,3.0,8,0.189,2.6296,3.3704,N,,08/2022,Analyst
25-4022.00,1.A.1.b.3,Problem Sensitivity,LV,3.12,8,0.2266,2.6809,3.5691,N,N,08/2022,Analyst
25-4022.00,1.A.1.b.4,Deductive Reasoning,IM,3.25,8,0.1637,2.9292,3.5708,N,,08/2022,Analyst
25-4022.00,1.A.1.b.4,Deductive Reasoning,LV,3.25,8,0.1637,2.9292,3.5708,N,N,08/2022,Analyst
25-4022.00,1.A.1.b.5,Inductive Reasoning,IM,3.25,8,0.1637,2.9292,3.5708,N,,08/2022,Analyst
25-4022.00,1.A.1.b.5,Inductive Reasoning,LV,3.12,8,0.125,2.88,3.37,N,N,08/2022,Analyst
25-4022.00,1.A.1.b.6,Information Ordering,IM,3.62,8,0.2631,3.1094,4.1406,N,,08/2022,Analyst
25-4022.00,1.A.1.b.6,Information Ordering,LV,3.5,8,0.189,3.1296,3.8704,N,N,08/2022,Analyst
25-4022.00,1.A.1.b.7,Category Flexibility,IM,3.5,8,0.2673,2.9762,4.0238,N,,08/2022,Analyst
25-4022.00,1.A.1.b.7,Category Flexibility,LV,3.38,8,0.3239,2.7402,4.0098,N,N,08/2022,Analyst
25-4022.00,1.A.1.c.1,Mathematical Reasoning,IM,2.12,8,0.2266,1.6809,2.5691,N,,08/2022,Analyst
25-4022.00,1.A.1.c.1,Mathematical Reasoning,LV,2.0,8,0.378,1.2592,2.7408,N,N,08/2022,Analyst
25-4022.00,1.A.1.c.2,Number Facility,IM,2.12,8,0.2266,1.6809,2.5691,N,,08/2022,Analyst
25-4022.00,1.A.1.c.2,Number Facility,LV,2.12,8,0.3981,1.3447,2.9053,N,N,08/2022,Analyst
25-4022.00,1.A.1.d.1,Memorization,IM,2.75,8,0.25,2.26,3.24,N,,08/2022,Analyst
25-4022.00,1.A.1.d.1,Memorization,LV,3.25,8,0.25,2.76,3.74,N,N,08/2022,Analyst
25-4022.00,1.A.1.e.1,Speed of Closure,IM,2.88,8,0.2266,2.4309,3.3191,N,,08/2022,Analyst
25-4022.00,1.A.1.e.1,Speed of Closure,LV,3.0,8,0.2673,2.4762,3.5238,N,N,08/2022,Analyst
25-4022.00,1.A.1.e.2,Flexibility of Closure,IM,2.75,8,0.1637,2.4292,3.0708,N,,08/2022,Analyst
25-4022.00,1.A.1.e.2,Flexibility of Closure,LV,3.0,8,0.189,2.6296,3.3704,N,N,08/2022,Analyst
25-4022.00,1.A.1.e.3,Perceptual Speed,IM,2.62,8,0.183,2.2664,2.9836,N,,08/2022,Analyst
25-4022.00,1.A.1.e.3,Perceptual Speed,LV,2.75,8,0.25,2.26,3.24,N,N,08/2022,Analyst
25-4022.00,1.A.1.f.1,Spatial Orientation,IM,1.5,8,0.189,1.1296,1.8704,N,,08/2022,Analyst
25-4022.00,1.A.1.f.1,Spatial Orientation,LV,0.88,8,0.3504,0.1883,1.5617,N,N,08/2022,Analyst
25-4022.00,1.A.1.f.2,Visualization,IM,2.12,8,0.125,1.88,2.37,N,,08/2022,Analyst
25-4022.00,1.A.1.f.2,Visualization,LV,1.88,8,0.125,1.63,2.12,N,N,08/2022,Analyst
25-4022.00,1.A.1.g.1,Selective Attention,IM,3.0,8,0.2673,2.4762,3.5238,N,,08/2022,Analyst
25-4022.00,1.A.1.g.1,Selective Attention,LV,2.75,8,0.25,2.26,3.24,N,N,08/2022,Analyst
25-4022.00,1.A.1.g.2,Time Sharing,IM,2.5,8,0.189,2.1296,2.8704,N,,08/2022,Analyst
25-4022.00,1.A.1.g.2,Time Sharing,LV,2.25,8,0.25,1.76,2.74,N,N,08/2022,Analyst
25-4022.00,1.A.2.a.1,Arm-Hand Steadiness,IM,2.0,8,0.0,2.0,2.0,N,,08/2022,Analyst
25-4022.00,1.A.2.a.1,Arm-Hand Steadiness,LV,1.75,8,0.1637,1.4292,2.0708,N,N,08/2022,Analyst
25-4022.00,1.A.2.a.2,Manual Dexterity,IM,2.25,8,0.1637,1.9292,2.5708,N,,08/2022,Analyst
25-4022.00,1.A.2.a.2,Manual Dexterity,LV,1.75,8,0.25,1.26,2.24,N,N,08/2022,Analyst
25-4022.00,1.A.2.a.3,Finger Dexterity,IM,2.0,8,0.189,1.6296,2.3704,N,,08/2022,Analyst
25-4022.00,1.A.2.a.3,Finger Dexterity,LV,1.62,8,0.3239,0.9902,2.2598,N,N,08/2022,Analyst
25-4022.00,1.A.2.b.1,Control Precision,IM,2.0,8,0.0,2.0,2.0,N,,08/2022,Analyst
25-4022.00,1.A.2.b.1,Control Precision,LV,1.62,8,0.183,1.2664,1.9836,N,N,08/2022,Analyst
25-4022.00,1.A.2.b.2,Multilimb Coordination,IM,1.88,8,0.125,1.63,2.12,N,,08/2022,Analyst
25-4022.00,1.A.2.b.2,Multilimb Coordination,LV,1.25,8,0.25,0.76,1.74,N,N,08/2022,Analyst
25-4022.00,1.A.2.b.3,Response Orientation,IM,1.25,8,0.1637,1.0,1.5708,N,,08/2022,Analyst
25-4022.00,1.A.2.b.3,Response Orientation,LV,0.25,8,0.1637,0.0,0.5708,N,Y,08/2022,Analyst
25-4022.00,1.A.2.b.4,Rate Control,IM,1.25,8,0.1637,1.0,1.5708,N,,08/2022,Analyst
25-4022.00,1.A.2.b.4,Rate Control,LV,0.25,8,0.1637,0.0,0.5708,N,Y,08/2022,Analyst
25-4022.00,1.A.2.c.1,Reaction Time,IM,1.25,8,0.1637,1.0,1.5708,N,,08/2022,Analyst
25-4022.00,1.A.2.c.1,Reaction Time,LV,0.38,8,0.2631,0.0,0.8906,N,Y,08/2022,Analyst
25-4022.00,1.A.2.c.2,Wrist-Finger Speed,IM,2.0,8,0.189,1.6296,2.3704,N,,08/2022,Analyst
25-4022.00,1.A.2.c.2,Wrist-Finger Speed,LV,2.0,8,0.5345,0.9523,3.0477,Y,N,08/2022,Analyst
25-4022.00,1.A.2.c.3,Speed of Limb Movement,IM,1.25,8,0.1637,1.0,1.5708,N,,08/2022,Analyst
25-4022.00,1.A.2.c.3,Speed of Limb Movement,LV,0.25,8,0.1637,0.0,0.5708,N,Y,08/2022,Analyst
25-4022.00,1.A.3.a.1,Static Strength,IM,1.88,8,0.125,1.63,2.12,N,,08/2022,Analyst
25-4022.00,1.A.3.a.1,Static Strength,LV,1.25,8,0.25,0.76,1.74,N,N,08/2022,Analyst
25-4022.00,1.A.3.a.2,Explosive Strength,IM,1.75,8,0.1637,1.4292,2.0708,N,,08/2022,Analyst
25-4022.00,1.A.3.a.2,Explosive Strength,LV,1.12,8,0.295,0.5467,1.7033,N,N,08/2022,Analyst
25-4022.00,1.A.3.a.3,Dynamic Strength,IM,1.88,8,0.125,1.63,2.12,N,,08/2022,Analyst
25-4022.00,1.A.3.a.3,Dynamic Strength,LV,1.12,8,0.2266,0.6809,1.5691,N,N,08/2022,Analyst
25-4022.00,1.A.3.a.4,Trunk Strength,IM,2.12,8,0.2266,1.6809,2.5691,N,,08/2022,Analyst
25-4022.00,1.A.3.a.4,Trunk Strength,LV,1.88,8,0.295,1.2967,2.4533,N,N,08/2022,Analyst
25-4022.00,1.A.3.b.1,Stamina,IM,1.12,8,0.125,1.0,1.37,N,,08/2022,Analyst
25-4022.00,1.A.3.b.1,Stamina,LV,0.12,8,0.125,0.0,0.37,N,Y,08/2022,Analyst
25-4022.00,1.A.3.c.1,Extent Flexibility,IM,1.88,8,0.2266,1.4309,2.3191,N,,08/2022,Analyst
25-4022.00,1.A.3.c.1,Extent Flexibility,LV,1.5,8,0.4629,0.5927,2.4073,N,N,08/2022,Analyst
25-4022.00,1.A.3.c.2,Dynamic Flexibility,IM,1.25,8,0.1637,1.0,1.5708,N,,08/2022,Analyst
25-4022.00,1.A.3.c.2,Dynamic Flexibility,LV,0.38,8,0.2631,0.0,0.8906,N,Y,08/2022,Analyst
25-4022.00,1.A.3.c.3,Gross Body Coordination,IM,1.12,8,0.125,1.0,1.37,N,,08/2022,Analyst
25-4022.00,1.A.3.c.3,Gross Body Coordination,LV,0.25,8,0.25,0.0,0.74,N,Y,08/2022,Analyst
25-4022.00,1.A.3.c.4,Gross Body Equilibrium,IM,1.12,8,0.125,1.0,1.37,N,,08/2022,Analyst
25-4022.00,1.A.3.c.4,Gross Body Equilibrium,LV,0.25,8,0.25,0.0,0.74,N,Y,08/2022,Analyst
25-4022.00,1.A.4.a.1,Near Vision,IM,3.62,8,0.2631,3.1094,4.1406,N,,08/2022,Analyst
25-4022.00,1.A.4.a.1,Near Vision,LV,3.38,8,0.4199,2.5519,4.1981,N,N,08/2022,Analyst
25-4022.00,1.A.4.a.2,Far Vision,IM,2.75,8,0.25,2.26,3.24,N,,08/2022,Analyst
25-4022.00,1.A.4.a.2,Far Vision,LV,2.88,8,0.295,2.2967,3.4533,N,N,08/2022,Analyst
25-4022.00,1.A.4.a.3,Visual Color Discrimination,IM,2.0,8,0.189,1.6296,2.3704,N,,08/2022,Analyst
25-4022.00,1.A.4.a.3,Visual Color Discrimination,LV,1.5,8,0.2673,0.9762,2.0238,N,N,08/2022,Analyst
25-4022.00,1.A.4.a.4,Night Vision,IM,1.12,8,0.125,1.0,1.37,N,,08/2022,Analyst
25-4022.00,1.A.4.a.4,Night Vision,LV,0.5,8,0.5,0.0,1.48,N,Y,08/2022,Analyst
25-4022.00,1.A.4.a.5,Peripheral Vision,IM,1.12,8,0.125,1.0,1.37,N,,08/2022,Analyst
25-4022.00,1.A.4.a.5,Peripheral Vision,LV,0.12,8,0.125,0.0,0.37,N,Y,08/2022,Analyst
25-4022.00,1.A.4.a.6,Depth Perception,IM,1.62,8,0.183,1.2664,1.9836,N,,08/2022,Analyst
25-4022.00,1.A.4.a.6,Depth Perception,LV,0.62,8,0.183,0.2664,0.9836,N,N,08/2022,Analyst
25-4022.00,1.A.4.a.7,Glare Sensitivity,IM,1.12,8,0.125,1.0,1.37,N,,08/2022,Analyst
25-4022.00,1.A.4.a.7,Glare Sensitivity,LV,0.12,8,0.125,0.0,0.37,N,Y,08/2022,Analyst
25-4022.00,1.A.4.b.1,Hearing Sensitivity,IM,1.75,8,0.1637,1.4292,2.0708,N,,08/2022,Analyst
25-4022.00,1.A.4.b.1,Hearing Sensitivity,LV,1.5,8,0.378,0.7592,2.2408,N,N,08/2022,Analyst
25-4022.00,1.A.4.b.2,Auditory Attention,IM,2.0,8,0.189,1.6296,2.3704,N,,08/2022,Analyst
25-4022.00,1.A.4.b.2,Auditory Attention,LV,2.0,8,0.3273,1.3584,2.6416,N,N,08/2022,Analyst
25-4022.00,1.A.4.b.3,Sound Localization,IM,1.12,8,0.125,1.0,1.37,N,,08/2022,Analyst
25-4022.00,1.A.4.b.3,Sound Localization,LV,0.25,8,0.25,0.0,0.74,N,Y,08/2022,Analyst
25-4022.00,1.A.4.b.4,Speech Recognition,IM,3.5,8,0.189,3.1296,3.8704,N,,08/2022,Analyst
25-4022.00,1.A.4.b.4,Speech Recognition,LV,3.75,8,0.3134,3.1358,4.3642,N,N,08/2022,Analyst
25-4022.00,1.A.4.b.5,Speech Clarity,IM,3.5,8,0.189,3.1296,3.8704,N,,08/2022,Analyst
25-4022.00,1.A.4.b.5,Speech Clarity,LV,3.5,8,0.2673,2.9762,4.0238,N,N,08/2022,Analyst
25-4031.00,1.A.1.a.1,Oral Comprehension,IM,3.38,8,0.183,3.0164,3.7336,N,,07/2017,Analyst
25-4031.00,1.A.1.a.1,Oral Comprehension,LV,3.88,8,0.125,3.63,4.12,N,N,07/2017,Analyst
25-4031.00,1.A.1.a.2,Written Comprehension,IM,3.25,8,0.1637,2.9292,3.5708,N,,07/2017,Analyst
25-4031.00,1.A.1.a.2,Written Comprehension,LV,3.75,8,0.1637,3.4292,4.0708,N,N,07/2017,Analyst
25-4031.00,1.A.1.a.3,Oral Expression,IM,3.38,8,0.183,3.0164,3.7336,N,,07/2017,Analyst
25-4031.00,1.A.1.a.3,Oral Expression,LV,3.88,8,0.125,3.63,4.12,N,N,07/2017,Analyst
25-4031.00,1.A.1.a.4,Written Expression,IM,3.0,8,0.0,3.0,3.0,N,,07/2017,Analyst
25-4031.00,1.A.1.a.4,Written Expression,LV,3.0,8,0.0,3.0,3.0,N,N,07/2017,Analyst
25-4031.00,1.A.1.b.1,Fluency of Ideas,IM,2.12,8,0.125,1.88,2.37,N,,07/2017,Analyst
25-4031.00,1.A.1.b.1,Fluency of Ideas,LV,2.12,8,0.125,1.88,2.37,N,N,07/2017,Analyst
25-4031.00,1.A.1.b.2,Originality,IM,2.0,8,0.0,2.0,2.0,N,,07/2017,Analyst
25-4031.00,1.A.1.b.2,Originality,LV,2.12,8,0.125,1.88,2.37,N,N,07/2017,Analyst
25-4031.00,1.A.1.b.3,Problem Sensitivity,IM,2.88,8,0.125,2.63,3.12,N,,07/2017,Analyst
25-4031.00,1.A.1.b.3,Problem Sensitivity,LV,3.0,8,0.0,3.0,3.0,N,N,07/2017,Analyst
25-4031.00,1.A.1.b.4,Deductive Reasoning,IM,3.0,8,0.0,3.0,3.0,N,,07/2017,Analyst
25-4031.00,1.A.1.b.4,Deductive Reasoning,LV,3.0,8,0.0,3.0,3.0,N,N,07/2017,Analyst
25-4031.00,1.A.1.b.5,Inductive Reasoning,IM,2.88,8,0.125,2.63,3.12,N,,07/2017,Analyst
25-4031.00,1.A.1.b.5,Inductive Reasoning,LV,2.88,8,0.125,2.63,3.12,N,N,07/2017,Analyst
25-4031.00,1.A.1.b.6,Information Ordering,IM,3.0,8,0.0,3.0,3.0,N,,07/2017,Analyst
25-4031.00,1.A.1.b.6,Information Ordering,LV,3.0,8,0.0,3.0,3.0,N,N,07/2017,Analyst
25-4031.00,1.A.1.b.7,Category Flexibility,IM,3.12,8,0.125,2.88,3.37,N,,07/2017,Analyst
25-4031.00,1.A.1.b.7,Category Flexibility,LV,3.0,8,0.0,3.0,3.0,N,N,07/2017,Analyst
25-4031.00,1.A.1.c.1,Mathematical Reasoning,IM,2.0,8,0.0,2.0,2.0,N,,07/2017,Analyst
25-4031.00,1.A.1.c.1,Mathematical Reasoning,LV,2.0,8,0.0,2.0,2.0,N,N,07/2017,Analyst
25-4031.00,1.A.1.c.2,Number Facility,IM,2.0,8,0.0,2.0,2.0,N,,07/2017,Analyst
25-4031.00,1.A.1.c.2,Number Facility,LV,2.12,8,0.125,1.88,2.37,N,N,07/2017,Analyst
25-4031.00,1.A.1.d.1,Memorization,IM,2.38,8,0.183,2.0164,2.7336,N,,07/2017,Analyst
25-4031.00,1.A.1.d.1,Memorization,LV,2.5,8,0.189,2.1296,2.8704,N,N,07/2017,Analyst
25-4031.00,1.A.1.e.1,Speed of Closure,IM,2.0,8,0.0,2.0,2.0,N,,07/2017,Analyst
25-4031.00,1.A.1.e.1,Speed of Closure,LV,2.0,8,0.0,2.0,2.0,N,N,07/2017,Analyst
25-4031.00,1.A.1.e.2,Flexibility of Closure,IM,2.88,8,0.125,2.63,3.12,N,,07/2017,Analyst
25-4031.00,1.A.1.e.2,Flexibility of Closure,LV,3.0,8,0.189,2.6296,3.3704,N,N,07/2017,Analyst
25-4031.00,1.A.1.e.3,Perceptual Speed,IM,2.75,8,0.1637,2.4292,3.0708,N,,07/2017,Analyst
25-4031.00,1.A.1.e.3,Perceptual Speed,LV,2.62,8,0.183,2.2664,2.9836,N,N,07/2017,Analyst
25-4031.00,1.A.1.f.1,Spatial Orientation,IM,1.88,8,0.125,1.63,2.12,N,,07/2017,Analyst
25-4031.00,1.A.1.f.1,Spatial Orientation,LV,1.12,8,0.2266,0.6809,1.5691,N,N,07/2017,Analyst
25-4031.00,1.A.1.f.2,Visualization,IM,2.0,8,0.0,2.0,2.0,N,,07/2017,Analyst
25-4031.00,1.A.1.f.2,Visualization,LV,2.0,8,0.0,2.0,2.0,N,N,07/2017,Analyst
25-4031.00,1.A.1.g.1,Selective Attention,IM,2.88,8,0.125,2.63,3.12,N,,07/2017,Analyst
25-4031.00,1.A.1.g.1,Selective Attention,LV,2.75,8,0.1637,2.4292,3.0708,N,N,07/2017,Analyst
25-4031.00,1.A.1.g.2,Time Sharing,IM,2.0,8,0.0,2.0,2.0,N,,07/2017,Analyst
25-4031.00,1.A.1.g.2,Time Sharing,LV,2.0,8,0.0,2.0,2.0,N,N,07/2017,Analyst
25-4031.00,1.A.2.a.1,Arm-Hand Steadiness,IM,2.0,8,0.0,2.0,2.0,N,,07/2017,Analyst
25-4031.00,1.A.2.a.1,Arm-Hand Steadiness,LV,1.88,8,0.125,1.63,2.12,N,N,07/2017,Analyst
25-4031.00,1.A.2.a.2,Manual Dexterity,IM,2.5,8,0.189,2.1296,2.8704,N,,07/2017,Analyst
25-4031.00,1.A.2.a.2,Manual Dexterity,LV,2.12,8,0.125,1.88,2.37,N,N,07/2017,Analyst
25-4031.00,1.A.2.a.3,Finger Dexterity,IM,2.88,8,0.125,2.63,3.12,N,,07/2017,Analyst
25-4031.00,1.A.2.a.3,Finger Dexterity,LV,2.38,8,0.183,2.0164,2.7336,N,N,07/2017,Analyst
25-4031.00,1.A.2.b.1,Control Precision,IM,2.0,8,0.0,2.0,2.0,N,,07/2017,Analyst
25-4031.00,1.A.2.b.1,Control Precision,LV,1.88,8,0.125,1.63,2.12,N,N,07/2017,Analyst
25-4031.00,1.A.2.b.2,Multilimb Coordination,IM,2.0,8,0.0,2.0,2.0,N,,07/2017,Analyst
25-4031.00,1.A.2.b.2,Multilimb Coordination,LV,2.0,8,0.0,2.0,2.0,N,N,07/2017,Analyst
25-4031.00,1.A.2.b.3,Response Orientation,IM,1.12,8,0.125,1.0,1.37,N,,07/2017,Analyst
25-4031.00,1.A.2.b.3,Response Orientation,LV,0.12,8,0.125,0.0,0.37,N,Y,07/2017,Analyst
25-4031.00,1.A.2.b.4,Rate Control,IM,1.0,8,0.0,1.0,1.0,N,,07/2017,Analyst
25-4031.00,1.A.2.b.4,Rate Control,LV,0.0,8,0.0,0.0,0.0,N,Y,07/2017,Analyst
25-4031.00,1.A.2.c.1,Reaction Time,IM,1.12,8,0.125,1.0,1.37,N,,07/2017,Analyst
25-4031.00,1.A.2.c.1,Reaction Time,LV,0.12,8,0.125,0.0,0.37,N,Y,07/2017,Analyst
25-4031.00,1.A.2.c.2,Wrist-Finger Speed,IM,1.75,8,0.1637,1.4292,2.0708,N,,07/2017,Analyst
25-4031.00,1.A.2.c.2,Wrist-Finger Speed,LV,1.12,8,0.295,0.5467,1.7033,N,N,07/2017,Analyst
25-4031.00,1.A.2.c.3,Speed of Limb Movement,IM,1.12,8,0.125,1.0,1.37,N,,07/2017,Analyst
25-4031.00,1.A.2.c.3,Speed of Limb Movement,LV,0.12,8,0.125,0.0,0.37,N,Y,07/2017,Analyst
25-4031.00,1.A.3.a.1,Static Strength,IM,2.25,8,0.1637,1.9292,2.5708,N,,07/2017,Analyst
25-4031.00,1.A.3.a.1,Static Strength,LV,2.0,8,0.0,2.0,2.0,N,N,07/2017,Analyst
25-4031.00,1.A.3.a.2,Explosive Strength,IM,1.25,8,0.1637,1.0,1.5708,N,,07/2017,Analyst
25-4031.00,1.A.3.a.2,Explosive Strength,LV,0.25,8,0.1637,0.0,0.5708,N,Y,07/2017,Analyst
25-4031.00,1.A.3.a.3,Dynamic Strength,IM,2.12,8,0.125,1.88,2.37,N,,07/2017,Analyst
25-4031.00,1.A.3.a.3,Dynamic Strength,LV,1.75,8,0.1637,1.4292,2.0708,N,N,07/2017,Analyst
25-4031.00,1.A.3.a.4,Trunk Strength,IM,2.38,8,0.183,2.0164,2.7336,N,,07/2017,Analyst
25-4031.00,1.A.3.a.4,Trunk Strength,LV,2.0,8,0.189,1.6296,2.3704,N,N,07/2017,Analyst
25-4031.00,1.A.3.b.1,Stamina,IM,2.0,8,0.0,2.0,2.0,N,,07/2017,Analyst
25-4031.00,1.A.3.b.1,Stamina,LV,1.12,8,0.125,0.88,1.37,N,N,07/2017,Analyst
25-4031.00,1.A.3.c.1,Extent Flexibility,IM,2.38,8,0.183,2.0164,2.7336,N,,07/2017,Analyst
25-4031.00,1.A.3.c.1,Extent Flexibility,LV,2.75,8,0.1637,2.4292,3.0708,N,N,07/2017,Analyst
25-4031.00,1.A.3.c.2,Dynamic Flexibility,IM,1.38,8,0.183,1.0164,1.7336,N,,07/2017,Analyst
25-4031.00,1.A.3.c.2,Dynamic Flexibility,LV,0.38,8,0.183,0.0164,0.7336,N,N,07/2017,Analyst
25-4031.00,1.A.3.c.3,Gross Body Coordination,IM,2.0,8,0.0,2.0,2.0,N,,07/2017,Analyst
25-4031.00,1.A.3.c.3,Gross Body Coordination,LV,1.12,8,0.125,0.88,1.37,N,N,07/2017,Analyst
25-4031.00,1.A.3.c.4,Gross Body Equilibrium,IM,1.88,8,0.125,1.63,2.12,N,,07/2017,Analyst
25-4031.00,1.A.3.c.4,Gross Body Equilibrium,LV,1.12,8,0.2266,0.6809,1.5691,N,N,07/2017,Analyst
25-4031.00,1.A.4.a.1,Near Vision,IM,3.25,8,0.1637,2.9292,3.5708,N,,07/2017,Analyst
25-4031.00,1.A.4.a.1,Near Vision,LV,3.62,8,0.183,3.2664,3.9836,N,N,07/2017,Analyst
25-4031.00,1.A.4.a.2,Far Vision,IM,3.0,8,0.0,3.0,3.0,N,,07/2017,Analyst
25-4031.00,1.A.4.a.2,Far Vision,LV,2.88,8,0.125,2.63,3.12,N,N,07/2017,Analyst
25-4031.00,1.A.4.a.3,Visual Color Discrimination,IM,2.0,8,0.0,2.0,2.0,N,,07/2017,Analyst
25-4031.00,1.A.4.a.3,Visual Color Discrimination,LV,2.0,8,0.0,2.0,2.0,N,N,07/2017,Analyst
25-4031.00,1.A.4.a.4,Night Vision,IM,1.0,8,0.0,1.0,1.0,N,,07/2017,Analyst
25-4031.00,1.A.4.a.4,Night Vision,LV,0.0,8,0.0,0.0,0.0,N,Y,07/2017,Analyst
25-4031.00,1.A.4.a.5,Peripheral Vision,IM,1.0,8,0.0,1.0,1.0,N,,07/2017,Analyst
25-4031.00,1.A.4.a.5,Peripheral Vision,LV,0.0,8,0.0,0.0,0.0,N,Y,07/2017,Analyst
25-4031.00,1.A.4.a.6,Depth Perception,IM,1.25,8,0.1637,1.0,1.5708,N,,07/2017,Analyst
25-4031.00,1.A.4.a.6,Depth Perception,LV,0.25,8,0.1637,0.0,0.5708,N,Y,07/2017,Analyst
25-4031.00,1.A.4.a.7,Glare Sensitivity,IM,1.0,8,0.0,1.0,1.0,N,,07/2017,Analyst
25-4031.00,1.A.4.a.7,Glare Sensitivity,LV,0.0,8,0.0,0.0,0.0,N,Y,07/2017,Analyst
25-4031.00,1.A.4.b.1,Hearing Sensitivity,IM,1.75,8,0.1637,1.4292,2.0708,N,,07/2017,Analyst
25-4031.00,1.A.4.b.1,Hearing Sensitivity,LV,1.5,8,0.3273,0.8584,2.1416,N,N,07/2017,Analyst
25-4031.00,1.A.4.b.2,Auditory Attention,IM,2.0,8,0.0,2.0,2.0,N,,07/2017,Analyst
25-4031.00,1.A.4.b.2,Auditory Attention,LV,2.0,8,0.0,2.0,2.0,N,N,07/2017,Analyst
25-4031.00,1.A.4.b.3,Sound Localization,IM,1.12,8,0.125,1.0,1.37,N,,07/2017,Analyst
25-4031.00,1.A.4.b.3,Sound Localization,LV,0.12,8,0.125,0.0,0.37,N,Y,07/2017,Analyst
25-4031.00,1.A.4.b.4,Speech Recognition,IM,3.25,8,0.1637,2.9292,3.5708,N,,07/2017,Analyst
25-4031.00,1.A.4.b.4,Speech Recognition,LV,3.0,8,0.0,3.0,3.0,N,N,07/2017,Analyst
25-4031.00,1.A.4.b.5,Speech Clarity,IM,3.25,8,0.1637,2.9292,3.5708,N,,07/2017,Analyst
25-4031.00,1.A.4.b.5,Speech Clarity,LV,3.25,8,0.1637,2.9292,3.5708,N,N,07/2017,Analyst
25-9021.00,1.A.1.a.1,Oral Comprehension,IM,4.12,8,0.125,3.88,4.37,N,,08/2022,Analyst
25-9021.00,1.A.1.a.1,Oral Comprehension,LV,4.88,8,0.125,4.63,5.12,N,N,08/2022,Analyst
25-9021.00,1.A.1.a.2,Written Comprehension,IM,4.12,8,0.125,3.88,4.37,N,,08/2022,Analyst
25-9021.00,1.A.1.a.2,Written Comprehension,LV,4.5,8,0.189,4.1296,4.8704,N,N,08/2022,Analyst
25-9021.00,1.A.1.a.3,Oral Expression,IM,4.5,8,0.189,4.1296,4.8704,N,,08/2022,Analyst
25-9021.00,1.A.1.a.3,Oral Expression,LV,4.88,8,0.125,4.63,5.12,N,N,08/2022,Analyst
25-9021.00,1.A.1.a.4,Written Expression,IM,4.0,8,0.0,4.0,4.0,N,,08/2022,Analyst
25-9021.00,1.A.1.a.4,Written Expression,LV,4.38,8,0.183,4.0164,4.7336,N,N,08/2022,Analyst
25-9021.00,1.A.1.b.1,Fluency of Ideas,IM,3.5,8,0.189,3.1296,3.8704,N,,08/2022,Analyst
25-9021.00,1.A.1.b.1,Fluency of Ideas,LV,4.0,8,0.0,4.0,4.0,N,N,08/2022,Analyst
25-9021.00,1.A.1.b.2,Originality,IM,3.75,8,0.1637,3.4292,4.0708,N,,08/2022,Analyst
25-9021.00,1.A.1.b.2,Originality,LV,4.0,8,0.0,4.0,4.0,N,N,08/2022,Analyst
25-9021.00,1.A.1.b.3,Problem Sensitivity,IM,3.88,8,0.125,3.63,4.12,N,,08/2022,Analyst
25-9021.00,1.A.1.b.3,Problem Sensitivity,LV,4.0,8,0.189,3.6296,4.3704,N,N,08/2022,Analyst
25-9021.00,1.A.1.b.4,Deductive Reasoning,IM,4.0,8,0.0,4.0,4.0,N,,08/2022,Analyst
25-9021.00,1.A.1.b.4,Deductive Reasoning,LV,4.25,8,0.1637,3.9292,4.5708,N,N,08/2022,Analyst
25-9021.00,1.A.1.b.5,Inductive Reasoning,IM,4.0,8,0.0,4.0,4.0,N,,08/2022,Analyst
25-9021.00,1.A.1.b.5,Inductive Reasoning,LV,4.38,8,0.183,4.0164,4.7336,N,N,08/2022,Analyst
25-9021.00,1.A.1.b.6,Information Ordering,IM,4.0,8,0.0,4.0,4.0,N,,08/2022,Analyst
25-9021.00,1.A.1.b.6,Information Ordering,LV,4.12,8,0.125,3.88,4.37,N,N,08/2022,Analyst
25-9021.00,1.A.1.b.7,Category Flexibility,IM,3.62,8,0.183,3.2664,3.9836,N,,08/2022,Analyst
25-9021.00,1.A.1.b.7,Category Flexibility,LV,4.0,8,0.0,4.0,4.0,N,N,08/2022,Analyst
25-9021.00,1.A.1.c.1,Mathematical Reasoning,IM,3.0,8,0.0,3.0,3.0,N,,08/2022,Analyst
25-9021.00,1.A.1.c.1,Mathematical Reasoning,LV,3.25,8,0.1637,2.9292,3.5708,N,N,08/2022,Analyst
25-9021.00,1.A.1.c.2,Number Facility,IM,3.0,8,0.0,3.0,3.0,N,,08/2022,Analyst
25-9021.00,1.A.1.c.2,Number Facility,LV,3.12,8,0.125,2.88,3.37,N,N,08/2022,Analyst
25-9021.00,1.A.1.d.1,Memorization,IM,3.12,8,0.125,2.88,3.37,N,,08/2022,Analyst
25-9021.00,1.A.1.d.1,Memorization,LV,3.0,8,0.0,3.0,3.0,N,N,08/2022,Analyst
25-9021.00,1.A.1.e.1,Speed of Closure,IM,3.0,8,0.0,3.0,3.0,N,,08/2022,Analyst
25-9021.00,1.A.1.e.1,Speed of Closure,LV,3.0,8,0.0,3.0,3.0,N,N,08/2022,Analyst
25-9021.00,1.A.1.e.2,Flexibility of Closure,IM,3.0,8,0.0,3.0,3.0,N,,08/2022,Analyst
25-9021.00,1.A.1.e.2,Flexibility of Closure,LV,3.12,8,0.125,2.88,3.37,N,N,08/2022,Analyst
25-9021.00,1.A.1.e.3,Perceptual Speed,IM,2.88,8,0.125,2.63,3.12,N,,08/2022,Analyst
25-9021.00,1.A.1.e.3,Perceptual Speed,LV,3.0,8,0.0,3.0,3.0,N,N,08/2022,Analyst
25-9021.00,1.A.1.f.1,Spatial Orientation,IM,2.0,8,0.0,2.0,2.0,N,,08/2022,Analyst
25-9021.00,1.A.1.f.1,Spatial Orientation,LV,2.0,8,0.0,2.0,2.0,N,N,08/2022,Analyst
25-9021.00,1.A.1.f.2,Visualization,IM,3.0,8,0.189,2.6296,3.3704,N,,08/2022,Analyst
25-9021.00,1.A.1.f.2,Visualization,LV,3.0,8,0.189,2.6296,3.3704,N,N,08/2022,Analyst
25-9021.00,1.A.1.g.1,Selective Attention,IM,3.0,8,0.0,3.0,3.0,N,,08/2022,Analyst
25-9021.00,1.A.1.g.1,Selective Attention,LV,3.0,8,0.0,3.0,3.0,N,N,08/2022,Analyst
25-9021.00,1.A.1.g.2,Time Sharing,IM,3.0,8,0.0,3.0,3.0,N,,08/2022,Analyst
25-9021.00,1.A.1.g.2,Time Sharing,LV,2.88,8,0.125,2.63,3.12,N,N,08/2022,Analyst
25-9021.00,1.A.2.a.1,Arm-Hand Steadiness,IM,2.12,8,0.125,1.88,2.37,N,,08/2022,Analyst
25-9021.00,1.A.2.a.1,Arm-Hand Steadiness,LV,2.12,8,0.125,1.88,2.37,N,N,08/2022,Analyst
25-9021.00,1.A.2.a.2,Manual Dexterity,IM,2.0,8,0.189,1.6296,2.3704,N,,08/2022,Analyst
25-9021.00,1.A.2.a.2,Manual Dexterity,LV,1.25,8,0.3134,0.6358,1.8642,N,N,08/2022,Analyst
25-9021.00,1.A.2.a.3,Finger Dexterity,IM,2.0,8,0.189,1.6296,2.3704,N,,08/2022,Analyst
25-9021.00,1.A.2.a.3,Finger Dexterity,LV,1.62,8,0.3239,0.9902,2.2598,N,N,08/2022,Analyst
25-9021.00,1.A.2.b.1,Control Precision,IM,2.25,8,0.1637,1.9292,2.5708,N,,08/2022,Analyst
25-9021.00,1.A.2.b.1,Control Precision,LV,2.5,8,0.2673,1.9762,3.0238,N,N,08/2022,Analyst
25-9021.00,1.A.2.b.2,Multilimb Coordination,IM,2.12,8,0.125,1.88,2.37,N,,08/2022,Analyst
25-9021.00,1.A.2.b.2,Multilimb Coordination,LV,2.12,8,0.125,1.88,2.37,N,N,08/2022,Analyst
25-9021.00,1.A.2.b.3,Response Orientation,IM,1.88,8,0.125,1.63,2.12,N,,08/2022,Analyst
25-9021.00,1.A.2.b.3,Response Orientation,LV,1.75,8,0.25,1.26,2.24,N,N,08/2022,Analyst
25-9021.00,1.A.2.b.4,Rate Control,IM,1.88,8,0.125,1.63,2.12,N,,08/2022,Analyst
25-9021.00,1.A.2.b.4,Rate Control,LV,1.5,8,0.2673,0.9762,2.0238,N,N,08/2022,Analyst
25-9021.00,1.A.2.c.1,Reaction Time,IM,1.88,8,0.125,1.63,2.12,N,,08/2022,Analyst
25-9021.00,1.A.2.c.1,Reaction Time,LV,1.75,8,0.25,1.26,2.24,N,N,08/2022,Analyst
25-9021.00,1.A.2.c.2,Wrist-Finger Speed,IM,1.75,8,0.1637,1.4292,2.0708,N,,08/2022,Analyst
25-9021.00,1.A.2.c.2,Wrist-Finger Speed,LV,0.88,8,0.2266,0.4309,1.3191,N,N,08/2022,Analyst
25-9021.00,1.A.2.c.3,Speed of Limb Movement,IM,1.25,8,0.1637,1.0,1.5708,N,,08/2022,Analyst
25-9021.00,1.A.2.c.3,Speed of Limb Movement,LV,0.25,8,0.1637,0.0,0.5708,N,Y,08/2022,Analyst
25-9021.00,1.A.3.a.1,Static Strength,IM,1.75,8,0.1637,1.4292,2.0708,N,,08/2022,Analyst
25-9021.00,1.A.3.a.1,Static Strength,LV,0.88,8,0.2266,0.4309,1.3191,N,N,08/2022,Analyst
25-9021.00,1.A.3.a.2,Explosive Strength,IM,1.5,8,0.189,1.1296,1.8704,N,,08/2022,Analyst
25-9021.00,1.A.3.a.2,Explosive Strength,LV,0.62,8,0.2631,0.1094,1.1406,N,N,08/2022,Analyst
25-9021.00,1.A.3.a.3,Dynamic Strength,IM,1.75,8,0.1637,1.4292,2.0708,N,,08/2022,Analyst
25-9021.00,1.A.3.a.3,Dynamic Strength,LV,1.0,8,0.2673,0.4762,1.5238,N,N,08/2022,Analyst
25-9021.00,1.A.3.a.4,Trunk Strength,IM,2.0,8,0.2673,1.4762,2.5238,N,,08/2022,Analyst
25-9021.00,1.A.3.a.4,Trunk Strength,LV,1.38,8,0.3239,0.7402,2.0098,N,N,08/2022,Analyst
25-9021.00,1.A.3.b.1,Stamina,IM,1.75,8,0.25,1.26,2.24,N,,08/2022,Analyst
25-9021.00,1.A.3.b.1,Stamina,LV,0.75,8,0.25,0.26,1.24,N,N,08/2022,Analyst
25-9021.00,1.A.3.c.1,Extent Flexibility,IM,1.62,8,0.183,1.2664,1.9836,N,,08/2022,Analyst
25-9021.00,1.A.3.c.1,Extent Flexibility,LV,0.75,8,0.25,0.26,1.24,N,N,08/2022,Analyst
25-9021.00,1.A.3.c.2,Dynamic Flexibility,IM,1.12,8,0.125,1.0,1.37,N,,08/2022,Analyst
25-9021.00,1.A.3.c.2,Dynamic Flexibility,LV,0.25,8,0.25,0.0,0.74,N,Y,08/2022,Analyst
25-9021.00,1.A.3.c.3,Gross Body Coordination,IM,1.62,8,0.183,1.2664,1.9836,N,,08/2022,Analyst
25-9021.00,1.A.3.c.3,Gross Body Coordination,LV,0.75,8,0.25,0.26,1.24,N,N,08/2022,Analyst
25-9021.00,1.A.3.c.4,Gross Body Equilibrium,IM,1.5,8,0.189,1.1296,1.8704,N,,08/2022,Analyst
25-9021.00,1.A.3.c.4,Gross Body Equilibrium,LV,0.62,8,0.2631,0.1094,1.1406,N,N,08/2022,Analyst
25-9021.00,1.A.4.a.1,Near Vision,IM,3.0,8,0.0,3.0,3.0,N,,08/2022,Analyst
25-9021.00,1.A.4.a.1,Near Vision,LV,3.12,8,0.125,2.88,3.37,N,N,08/2022,Analyst
25-9021.00,1.A.4.a.2,Far Vision,IM,2.88,8,0.125,2.63,3.12,N,,08/2022,Analyst
25-9021.00,1.A.4.a.2,Far Vision,LV,3.0,8,0.0,3.0,3.0,N,N,08/2022,Analyst
25-9021.00,1.A.4.a.3,Visual Color Discrimination,IM,2.0,8,0.0,2.0,2.0,N,,08/2022,Analyst
25-9021.00,1.A.4.a.3,Visual Color Discrimination,LV,2.25,8,0.1637,1.9292,2.5708,N,N,08/2022,Analyst
25-9021.00,1.A.4.a.4,Night Vision,IM,1.75,8,0.1637,1.4292,2.0708,N,,08/2022,Analyst
25-9021.00,1.A.4.a.4,Night Vision,LV,1.38,8,0.3239,0.7402,2.0098,N,N,08/2022,Analyst
25-9021.00,1.A.4.a.5,Peripheral Vision,IM,1.75,8,0.1637,1.4292,2.0708,N,,08/2022,Analyst
25-9021.00,1.A.4.a.5,Peripheral Vision,LV,1.0,8,0.2673,0.4762,1.5238,N,N,08/2022,Analyst
25-9021.00,1.A.4.a.6,Depth Perception,IM,2.12,8,0.125,1.88,2.37,N,,08/2022,Analyst
25-9021.00,1.A.4.a.6,Depth Perception,LV,2.0,8,0.0,2.0,2.0,N,N,08/2022,Analyst
25-9021.00,1.A.4.a.7,Glare Sensitivity,IM,1.75,8,0.1637,1.4292,2.0708,N,,08/2022,Analyst
25-9021.00,1.A.4.a.7,Glare Sensitivity,LV,1.25,8,0.3134,0.6358,1.8642,N,N,08/2022,Analyst
25-9021.00,1.A.4.b.1,Hearing Sensitivity,IM,2.0,8,0.0,2.0,2.0,N,,08/2022,Analyst
25-9021.00,1.A.4.b.1,Hearing Sensitivity,LV,2.0,8,0.0,2.0,2.0,N,N,08/2022,Analyst
25-9021.00,1.A.4.b.2,Auditory Attention,IM,2.25,8,0.1637,1.9292,2.5708,N,,08/2022,Analyst
25-9021.00,1.A.4.b.2,Auditory Attention,LV,2.25,8,0.1637,1.9292,2.5708,N,N,08/2022,Analyst
25-9021.00,1.A.4.b.3,Sound Localization,IM,1.75,8,0.1637,1.4292,2.0708,N,,08/2022,Analyst
25-9021.00,1.A.4.b.3,Sound Localization,LV,0.88,8,0.2266,0.4309,1.3191,N,N,08/2022,Analyst
25-9021.00,1.A.4.b.4,Speech Recognition,IM,3.75,8,0.1637,3.4292,4.0708,N,,08/2022,Analyst
25-9021.00,1.A.4.b.4,Speech Recognition,LV,3.88,8,0.125,3.63,4.12,N,N,08/2022,Analyst
25-9021.00,1.A.4.b.5,Speech Clarity,IM,4.12,8,0.125,3.88,4.37,N,,08/2022,Analyst
25-9021.00,1.A.4.b.5,Speech Clarity,LV,4.12,8,0.125,3.88,4.37,N,N,08/2022,Analyst
25-9031.00,1.A.1.a.1,Oral Comprehension,IM,4.12,8,0.125,3.88,4.37,N,,08/2018,Analyst
25-9031.00,1.A.1.a.1,Oral Comprehension,LV,4.62,8,0.183,4.2664,4.9836,N,N,08/2018,Analyst
25-9031.00,1.A.1.a.2,Written Comprehension,IM,4.38,8,0.183,4.0164,4.7336,N,,08/2018,Analyst
25-9031.00,1.A.1.a.2,Written Comprehension,LV,4.88,8,0.125,4.63,5.12,N,N,08/2018,Analyst
25-9031.00,1.A.1.a.3,Oral Expression,IM,4.25,8,0.1637,3.9292,4.5708,N,,08/2018,Analyst
25-9031.00,1.A.1.a.3,Oral Expression,LV,4.75,8,0.1637,4.4292,5.0708,N,N,08/2018,Analyst
25-9031.00,1.A.1.a.4,Written Expression,IM,4.25,8,0.1637,3.9292,4.5708,N,,08/2018,Analyst
25-9031.00,1.A.1.a.4,Written Expression,LV,4.62,8,0.183,4.2664,4.9836,N,N,08/2018,Analyst
25-9031.00,1.A.1.b.1,Fluency of Ideas,IM,3.62,8,0.183,3.2664,3.9836,N,,08/2018,Analyst
25-9031.00,1.A.1.b.1,Fluency of Ideas,LV,3.75,8,0.25,3.26,4.24,N,N,08/2018,Analyst
25-9031.00,1.A.1.b.2,Originality,IM,3.75,8,0.1637,3.4292,4.0708,N,,08/2018,Analyst
25-9031.00,1.A.1.b.2,Originality,LV,3.75,8,0.1637,3.4292,4.0708,N,N,08/2018,Analyst
25-9031.00,1.A.1.b.3,Problem Sensitivity,IM,4.0,8,0.0,4.0,4.0,N,,08/2018,Analyst
25-9031.00,1.A.1.b.3,Problem Sensitivity,LV,4.0,8,0.0,4.0,4.0,N,N,08/2018,Analyst
25-9031.00,1.A.1.b.4,Deductive Reasoning,IM,3.88,8,0.125,3.63,4.12,N,,08/2018,Analyst
25-9031.00,1.A.1.b.4,Deductive Reasoning,LV,4.12,8,0.125,3.88,4.37,N,N,08/2018,Analyst
25-9031.00,1.A.1.b.5,Inductive Reasoning,IM,3.75,8,0.1637,3.4292,4.0708,N,,08/2018,Analyst
25-9031.00,1.A.1.b.5,Inductive Reasoning,LV,4.12,8,0.125,3.88,4.37,N,N,08/2018,Analyst
25-9031.00,1.A.1.b.6,Information Ordering,IM,3.75,8,0.1637,3.4292,4.0708,N,,08/2018,Analyst
25-9031.00,1.A.1.b.6,Information Ordering,LV,3.88,8,0.125,3.63,4.12,N,N,08/2018,Analyst
25-9031.00,1.A.1.b.7,Category Flexibility,IM,3.75,8,0.1637,3.4292,4.0708,N,,08/2018,Analyst
25-9031.00,1.A.1.b.7,Category Flexibility,LV,3.5,8,0.189,3.1296,3.8704,N,N,08/2018,Analyst
25-9031.00,1.A.1.c.1,Mathematical Reasoning,IM,3.0,8,0.189,2.6296,3.3704,N,,08/2018,Analyst
25-9031.00,1.A.1.c.1,Mathematical Reasoning,LV,2.88,8,0.2266,2.4309,3.3191,N,N,08/2018,Analyst
25-9031.00,1.A.1.c.2,Number Facility,IM,3.0,8,0.189,2.6296,3.3704,N,,08/2018,Analyst
25-9031.00,1.A.1.c.2,Number Facility,LV,3.0,8,0.189,2.6296,3.3704,N,N,08/2018,Analyst
25-9031.00,1.A.1.d.1,Memorization,IM,3.12,8,0.125,2.88,3.37,N,,08/2018,Analyst
25-9031.00,1.A.1.d.1,Memorization,LV,3.12,8,0.125,2.88,3.37,N,N,08/2018,Analyst
25-9031.00,1.A.1.e.1,Speed of Closure,IM,2.88,8,0.125,2.63,3.12,N,,08/2018,Analyst
25-9031.00,1.A.1.e.1,Speed of Closure,LV,2.88,8,0.125,2.63,3.12,N,N,08/2018,Analyst
25-9031.00,1.A.1.e.2,Flexibility of Closure,IM,3.0,8,0.0,3.0,3.0,N,,08/2018,Analyst
25-9031.00,1.A.1.e.2,Flexibility of Closure,LV,3.0,8,0.0,3.0,3.0,N,N,08/2018,Analyst
25-9031.00,1.A.1.e.3,Perceptual Speed,IM,2.62,8,0.183,2.2664,2.9836,N,,08/2018,Analyst
25-9031.00,1.A.1.e.3,Perceptual Speed,LV,2.75,8,0.1637,2.4292,3.0708,N,N,08/2018,Analyst
25-9031.00,1.A.1.f.1,Spatial Orientation,IM,1.0,8,0.0,1.0,1.0,N,,08/2018,Analyst
25-9031.00,1.A.1.f.1,Spatial Orientation,LV,0.0,8,0.0,0.0,0.0,N,Y,08/2018,Analyst
25-9031.00,1.A.1.f.2,Visualization,IM,3.0,8,0.189,2.6296,3.3704,N,,08/2018,Analyst
25-9031.00,1.A.1.f.2,Visualization,LV,3.0,8,0.189,2.6296,3.3704,N,N,08/2018,Analyst
25-9031.00,1.A.1.g.1,Selective Attention,IM,3.0,8,0.0,3.0,3.0,N,,08/2018,Analyst
25-9031.00,1.A.1.g.1,Selective Attention,LV,3.12,8,0.125,2.88,3.37,N,N,08/2018,Analyst
25-9031.00,1.A.1.g.2,Time Sharing,IM,2.88,8,0.125,2.63,3.12,N,,08/2018,Analyst
25-9031.00,1.A.1.g.2,Time Sharing,LV,2.75,8,0.1637,2.4292,3.0708,N,N,08/2018,Analyst
25-9031.00,1.A.2.a.1,Arm-Hand Steadiness,IM,1.12,8,0.125,1.0,1.37,N,,08/2018,Analyst
25-9031.00,1.A.2.a.1,Arm-Hand Steadiness,LV,0.12,8,0.125,0.0,0.37,N,Y,08/2018,Analyst
25-9031.00,1.A.2.a.2,Manual Dexterity,IM,1.25,8,0.1637,1.0,1.5708,N,,08/2018,Analyst
25-9031.00,1.A.2.a.2,Manual Dexterity,LV,0.25,8,0.1637,0.0,0.5708,N,Y,08/2018,Analyst
25-9031.00,1.A.2.a.3,Finger Dexterity,IM,1.88,8,0.125,1.63,2.12,N,,08/2018,Analyst
25-9031.00,1.A.2.a.3,Finger Dexterity,LV,1.5,8,0.2673,0.9762,2.0238,N,N,08/2018,Analyst
25-9031.00,1.A.2.b.1,Control Precision,IM,1.0,8,0.0,1.0,1.0,N,,08/2018,Analyst
25-9031.00,1.A.2.b.1,Control Precision,LV,0.0,8,0.0,0.0,0.0,N,Y,08/2018,Analyst
25-9031.00,1.A.2.b.2,Multilimb Coordination,IM,1.0,8,0.0,1.0,1.0,N,,08/2018,Analyst
25-9031.00,1.A.2.b.2,Multilimb Coordination,LV,0.0,8,0.0,0.0,0.0,N,Y,08/2018,Analyst
25-9031.00,1.A.2.b.3,Response Orientation,IM,1.0,8,0.0,1.0,1.0,N,,08/2018,Analyst
25-9031.00,1.A.2.b.3,Response Orientation,LV,0.0,8,0.0,0.0,0.0,N,Y,08/2018,Analyst
25-9031.00,1.A.2.b.4,Rate Control,IM,1.0,8,0.0,1.0,1.0,N,,08/2018,Analyst
25-9031.00,1.A.2.b.4,Rate Control,LV,0.0,8,0.0,0.0,0.0,N,Y,08/2018,Analyst
25-9031.00,1.A.2.c.1,Reaction Time,IM,1.0,8,0.0,1.0,1.0,N,,08/2018,Analyst
25-9031.00,1.A.2.c.1,Reaction Time,LV,0.0,8,0.0,0.0,0.0,N,Y,08/2018,Analyst
25-9031.00,1.A.2.c.2,Wrist-Finger Speed,IM,1.5,8,0.189,1.1296,1.8704,N,,08/2018,Analyst
25-9031.00,1.A.2.c.2,Wrist-Finger Speed,LV,0.5,8,0.189,0.1296,0.8704,N,N,08/2018,Analyst
25-9031.00,1.A.2.c.3,Speed of Limb Movement,IM,1.25,8,0.1637,1.0,1.5708,N,,08/2018,Analyst
25-9031.00,1.A.2.c.3,Speed of Limb Movement,LV,0.25,8,0.1637,0.0,0.5708,N,Y,08/2018,Analyst
25-9031.00,1.A.3.a.1,Static Strength,IM,1.0,8,0.0,1.0,1.0,N,,08/2018,Analyst
25-9031.00,1.A.3.a.1,Static Strength,LV,0.0,8,0.0,0.0,0.0,N,Y,08/2018,Analyst
25-9031.00,1.A.3.a.2,Explosive Strength,IM,1.0,8,0.0,1.0,1.0,N,,08/2018,Analyst
25-9031.00,1.A.3.a.2,Explosive Strength,LV,0.0,8,0.0,0.0,0.0,N,Y,08/2018,Analyst
25-9031.00,1.A.3.a.3,Dynamic Strength,IM,1.0,8,0.0,1.0,1.0,N,,08/2018,Analyst
25-9031.00,1.A.3.a.3,Dynamic Strength,LV,0.0,8,0.0,0.0,0.0,N,Y,08/2018,Analyst
25-9031.00,1.A.3.a.4,Trunk Strength,IM,1.75,8,0.1637,1.4292,2.0708,N,,08/2018,Analyst
25-9031.00,1.A.3.a.4,Trunk Strength,LV,1.25,8,0.3134,0.6358,1.8642,N,N,08/2018,Analyst
25-9031.00,1.A.3.b.1,Stamina,IM,1.38,8,0.183,1.0164,1.7336,N,,08/2018,Analyst
25-9031.00,1.A.3.b.1,Stamina,LV,0.38,8,0.183,0.0164,0.7336,N,N,08/2018,Analyst
25-9031.00,1.A.3.c.1,Extent Flexibility,IM,1.0,8,0.0,1.0,1.0,N,,08/2018,Analyst
25-9031.00,1.A.3.c.1,Extent Flexibility,LV,0.0,8,0.0,0.0,0.0,N,Y,08/2018,Analyst
25-9031.00,1.A.3.c.2,Dynamic Flexibility,IM,1.0,8,0.0,1.0,1.0,N,,08/2018,Analyst
25-9031.00,1.A.3.c.2,Dynamic Flexibility,LV,0.0,8,0.0,0.0,0.0,N,Y,08/2018,Analyst
25-9031.00,1.A.3.c.3,Gross Body Coordination,IM,1.12,8,0.125,1.0,1.37,N,,08/2018,Analyst
25-9031.00,1.A.3.c.3,Gross Body Coordination,LV,0.12,8,0.125,0.0,0.37,N,Y,08/2018,Analyst
25-9031.00,1.A.3.c.4,Gross Body Equilibrium,IM,1.0,8,0.0,1.0,1.0,N,,08/2018,Analyst
25-9031.00,1.A.3.c.4,Gross Body Equilibrium,LV,0.0,8,0.0,0.0,0.0,N,Y,08/2018,Analyst
25-9031.00,1.A.4.a.1,Near Vision,IM,3.88,8,0.125,3.63,4.12,N,,08/2018,Analyst
25-9031.00,1.A.4.a.1,Near Vision,LV,3.62,8,0.2631,3.1094,4.1406,N,N,08/2018,Analyst
25-9031.00,1.A.4.a.2,Far Vision,IM,3.12,8,0.125,2.88,3.37,N,,08/2018,Analyst
25-9031.00,1.A.4.a.2,Far Vision,LV,3.25,8,0.1637,2.9292,3.5708,N,N,08/2018,Analyst
25-9031.00,1.A.4.a.3,Visual Color Discrimination,IM,2.12,8,0.2266,1.6809,2.5691,N,,08/2018,Analyst
25-9031.00,1.A.4.a.3,Visual Color Discrimination,LV,1.75,8,0.25,1.26,2.24,N,N,08/2018,Analyst
25-9031.00,1.A.4.a.4,Night Vision,IM,1.0,8,0.0,1.0,1.0,N,,08/2018,Analyst
25-9031.00,1.A.4.a.4,Night Vision,LV,0.0,8,0.0,0.0,0.0,N,Y,08/2018,Analyst
25-9031.00,1.A.4.a.5,Peripheral Vision,IM,1.0,8,0.0,1.0,1.0,N,,08/2018,Analyst
25-9031.00,1.A.4.a.5,Peripheral Vision,LV,0.0,8,0.0,0.0,0.0,N,Y,08/2018,Analyst
25-9031.00,1.A.4.a.6,Depth Perception,IM,1.62,8,0.183,1.2664,1.9836,N,,08/2018,Analyst
25-9031.00,1.A.4.a.6,Depth Perception,LV,0.62,8,0.183,0.2664,0.9836,N,N,08/2018,Analyst
25-9031.00,1.A.4.a.7,Glare Sensitivity,IM,1.0,8,0.0,1.0,1.0,N,,08/2018,Analyst
25-9031.00,1.A.4.a.7,Glare Sensitivity,LV,0.0,8,0.0,0.0,0.0,N,Y,08/2018,Analyst
25-9031.00,1.A.4.b.1,Hearing Sensitivity,IM,1.75,8,0.25,1.26,2.24,N,,08/2018,Analyst
25-9031.00,1.A.4.b.1,Hearing Sensitivity,LV,1.25,8,0.366,0.5327,1.9673,N,N,08/2018,Analyst
25-9031.00,1.A.4.b.2,Auditory Attention,IM,2.25,8,0.1637,1.9292,2.5708,N,,08/2018,Analyst
25-9031.00,1.A.4.b.2,Auditory Attention,LV,2.0,8,0.0,2.0,2.0,N,N,08/2018,Analyst
25-9031.00,1.A.4.b.3,Sound Localization,IM,1.0,8,0.0,1.0,1.0,N,,08/2018,Analyst
25-9031.00,1.A.4.b.3,Sound Localization,LV,0.0,8,0.0,0.0,0.0,N,Y,08/2018,Analyst
25-9031.00,1.A.4.b.4,Speech Recognition,IM,4.0,8,0.0,4.0,4.0,N,,08/2018,Analyst
25-9031.00,1.A.4.b.4,Speech Recognition,LV,4.12,8,0.125,3.88,4.37,N,N,08/2018,Analyst
25-9031.00,1.A.4.b.5,Speech Clarity,IM,4.12,8,0.125,3.88,4.37,N,,08/2018,Analyst
25-9031.00,1.A.4.b.5,Speech Clarity,LV,4.12,8,0.125,3.88,4.37,N,N,08/2018,Analyst
25-9042.00,1.A.1.a.1,Oral Comprehension,IM,3.75,8,0.1637,3.4292,4.0708,N,,08/2024,Analyst
25-9042.00,1.A.1.a.1,Oral Comprehension,LV,3.75,8,0.1637,3.4292,4.0708,N,N,08/2024,Analyst
25-9042.00,1.A.1.a.2,Written Comprehension,IM,3.75,8,0.1637,3.4292,4.0708,N,,08/2024,Analyst
25-9042.00,1.A.1.a.2,Written Comprehension,LV,3.5,8,0.189,3.1296,3.8704,N,N,08/2024,Analyst
25-9042.00,1.A.1.a.3,Oral Expression,IM,3.75,8,0.1637,3.4292,4.0708,N,,08/2024,Analyst
25-9042.00,1.A.1.a.3,Oral Expression,LV,3.88,8,0.125,3.63,4.12,N,N,08/2024,Analyst
25-9042.00,1.A.1.a.4,Written Expression,IM,3.5,8,0.189,3.1296,3.8704,N,,08/2024,Analyst
25-9042.00,1.A.1.a.4,Written Expression,LV,3.38,8,0.183,3.0164,3.7336,N,N,08/2024,Analyst
25-9042.00,1.A.1.b.1,Fluency of Ideas,IM,3.25,8,0.25,2.76,3.74,N,,08/2024,Analyst
25-9042.00,1.A.1.b.1,Fluency of Ideas,LV,3.25,8,0.1637,2.9292,3.5708,N,N,08/2024,Analyst
25-9042.00,1.A.1.b.2,Originality,IM,3.25,8,0.25,2.76,3.74,N,,08/2024,Analyst
25-9042.00,1.A.1.b.2,Originality,LV,2.88,8,0.125,2.63,3.12,N,N,08/2024,Analyst
25-9042.00,1.A.1.b.3,Problem Sensitivity,IM,3.5,8,0.189,3.1296,3.8704,N,,08/2024,Analyst
25-9042.00,1.A.1.b.3,Problem Sensitivity,LV,3.5,8,0.189,3.1296,3.8704,N,N,08/2024,Analyst
25-9042.00,1.A.1.b.4,Deductive Reasoning,IM,3.38,8,0.183,3.0164,3.7336,N,,08/2024,Analyst
25-9042.00,1.A.1.b.4,Deductive Reasoning,LV,3.38,8,0.183,3.0164,3.7336,N,N,08/2024,Analyst
25-9042.00,1.A.1.b.5,Inductive Reasoning,IM,3.12,8,0.2266,2.6809,3.5691,N,,08/2024,Analyst
25-9042.00,1.A.1.b.5,Inductive Reasoning,LV,3.12,8,0.295,2.5467,3.7033,N,N,08/2024,Analyst
25-9042.00,1.A.1.b.6,Information Ordering,IM,3.62,8,0.183,3.2664,3.9836,N,,08/2024,Analyst
25-9042.00,1.A.1.b.6,Information Ordering,LV,3.25,8,0.1637,2.9292,3.5708,N,N,08/2024,Analyst
25-9042.00,1.A.1.b.7,Category Flexibility,IM,3.38,8,0.2631,2.8594,3.8906,N,,08/2024,Analyst
25-9042.00,1.A.1.b.7,Category Flexibility,LV,3.0,8,0.189,2.6296,3.3704,N,N,08/2024,Analyst
25-9042.00,1.A.1.c.1,Mathematical Reasoning,IM,2.62,8,0.183,2.2664,2.9836,N,,08/2024,Analyst
25-9042.00,1.A.1.c.1,Mathematical Reasoning,LV,2.12,8,0.2266,1.6809,2.5691,N,N,08/2024,Analyst
25-9042.00,1.A.1.c.2,Number Facility,IM,2.62,8,0.183,2.2664,2.9836,N,,08/2024,Analyst
25-9042.00,1.A.1.c.2,Number Facility,LV,2.5,8,0.189,2.1296,2.8704,N,N,08/2024,Analyst
25-9042.00,1.A.1.d.1,Memorization,IM,2.62,8,0.183,2.2664,2.9836,N,,08/2024,Analyst
25-9042.00,1.A.1.d.1,Memorization,LV,2.88,8,0.295,2.2967,3.4533,N,N,08/2024,Analyst
25-9042.00,1.A.1.e.1,Speed of Closure,IM,2.62,8,0.183,2.2664,2.9836,N,,08/2024,Analyst
25-9042.00,1.A.1.e.1,Speed of Closure,LV,2.38,8,0.183,2.0164,2.7336,N,N,08/2024,Analyst
25-9042.00,1.A.1.e.2,Flexibility of Closure,IM,2.75,8,0.25,2.26,3.24,N,,08/2024,Analyst
25-9042.00,1.A.1.e.2,Flexibility of Closure,LV,2.5,8,0.3273,1.8584,3.1416,N,N,08/2024,Analyst
25-9042.00,1.A.1.e.3,Perceptual Speed,IM,2.75,8,0.3134,2.1358,3.3642,N,,08/2024,Analyst
25-9042.00,1.A.1.e.3,Perceptual Speed,LV,2.62,8,0.375,1.89,3.36,N,N,08/2024,Analyst
25-9042.00,1.A.1.f.1,Spatial Orientation,IM,1.12,8,0.125,1.0,1.37,N,,08/2024,Analyst
25-9042.00,1.A.1.f.1,Spatial Orientation,LV,0.25,8,0.25,0.0,0.74,N,Y,08/2024,Analyst
25-9042.00,1.A.1.f.2,Visualization,IM,2.75,8,0.25,2.26,3.24,N,,08/2024,Analyst
25-9042.00,1.A.1.f.2,Visualization,LV,2.62,8,0.2631,2.1094,3.1406,N,N,08/2024,Analyst
25-9042.00,1.A.1.g.1,Selective Attention,IM,2.88,8,0.2266,2.4309,3.3191,N,,08/2024,Analyst
25-9042.00,1.A.1.g.1,Selective Attention,LV,2.75,8,0.1637,2.4292,3.0708,N,N,08/2024,Analyst
25-9042.00,1.A.1.g.2,Time Sharing,IM,2.75,8,0.25,2.26,3.24,N,,08/2024,Analyst
25-9042.00,1.A.1.g.2,Time Sharing,LV,2.75,8,0.25,2.26,3.24,N,N,08/2024,Analyst
25-9042.00,1.A.2.a.1,Arm-Hand Steadiness,IM,2.0,8,0.0,2.0,2.0,N,,08/2024,Analyst
25-9042.00,1.A.2.a.1,Arm-Hand Steadiness,LV,1.5,8,0.189,1.1296,1.8704,N,N,08/2024,Analyst
25-9042.00,1.A.2.a.2,Manual Dexterity,IM,2.0,8,0.0,2.0,2.0,N,,08/2024,Analyst
25-9042.00,1.A.2.a.2,Manual Dexterity,LV,1.5,8,0.189,1.1296,1.8704,N,N,08/2024,Analyst
25-9042.00,1.A.2.a.3,Finger Dexterity,IM,2.0,8,0.0,2.0,2.0,N,,08/2024,Analyst
25-9042.00,1.A.2.a.3,Finger Dexterity,LV,1.75,8,0.25,1.26,2.24,N,N,08/2024,Analyst
25-9042.00,1.A.2.b.1,Control Precision,IM,1.88,8,0.2266,1.4309,2.3191,N,,08/2024,Analyst
25-9042.00,1.A.2.b.1,Control Precision,LV,1.12,8,0.295,0.5467,1.7033,N,N,08/2024,Analyst
25-9042.00,1.A.2.b.2,Multilimb Coordination,IM,2.25,8,0.1637,1.9292,2.5708,N,,08/2024,Analyst
25-9042.00,1.A.2.b.2,Multilimb Coordination,LV,1.62,8,0.183,1.2664,1.9836,N,N,08/2024,Analyst
25-9042.00,1.A.2.b.3,Response Orientation,IM,1.12,8,0.125,1.0,1.37,N,,08/2024,Analyst
25-9042.00,1.A.2.b.3,Response Orientation,LV,0.12,8,0.125,0.0,0.37,N,Y,08/2024,Analyst
25-9042.00,1.A.2.b.4,Rate Control,IM,1.12,8,0.125,1.0,1.37,N,,08/2024,Analyst
25-9042.00,1.A.2.b.4,Rate Control,LV,0.12,8,0.125,0.0,0.37,N,Y,08/2024,Analyst
25-9042.00,1.A.2.c.1,Reaction Time,IM,1.12,8,0.125,1.0,1.37,N,,08/2024,Analyst
25-9042.00,1.A.2.c.1,Reaction Time,LV,0.12,8,0.125,0.0,0.37,N,Y,08/2024,Analyst
25-9042.00,1.A.2.c.2,Wrist-Finger Speed,IM,1.75,8,0.1637,1.4292,2.0708,N,,08/2024,Analyst
25-9042.00,1.A.2.c.2,Wrist-Finger Speed,LV,1.5,8,0.4629,0.5927,2.4073,N,N,08/2024,Analyst
25-9042.00,1.A.2.c.3,Speed of Limb Movement,IM,1.25,8,0.1637,1.0,1.5708,N,,08/2024,Analyst
25-9042.00,1.A.2.c.3,Speed of Limb Movement,LV,0.38,8,0.2631,0.0,0.8906,N,Y,08/2024,Analyst
25-9042.00,1.A.3.a.1,Static Strength,IM,2.12,8,0.125,1.88,2.37,N,,08/2024,Analyst
25-9042.00,1.A.3.a.1,Static Strength,LV,1.62,8,0.183,1.2664,1.9836,N,N,08/2024,Analyst
25-9042.00,1.A.3.a.2,Explosive Strength,IM,2.0,8,0.189,1.6296,2.3704,N,,08/2024,Analyst
25-9042.00,1.A.3.a.2,Explosive Strength,LV,1.25,8,0.25,0.76,1.74,N,N,08/2024,Analyst
25-9042.00,1.A.3.a.3,Dynamic Strength,IM,2.25,8,0.1637,1.9292,2.5708,N,,08/2024,Analyst
25-9042.00,1.A.3.a.3,Dynamic Strength,LV,1.62,8,0.183,1.2664,1.9836,N,N,08/2024,Analyst
25-9042.00,1.A.3.a.4,Trunk Strength,IM,2.62,8,0.183,2.2664,2.9836,N,,08/2024,Analyst
25-9042.00,1.A.3.a.4,Trunk Strength,LV,2.38,8,0.2631,1.8594,2.8906,N,N,08/2024,Analyst
25-9042.00,1.A.3.b.1,Stamina,IM,2.38,8,0.183,2.0164,2.7336,N,,08/2024,Analyst
25-9042.00,1.A.3.b.1,Stamina,LV,1.5,8,0.189,1.1296,1.8704,N,N,08/2024,Analyst
25-9042.00,1.A.3.c.1,Extent Flexibility,IM,2.5,8,0.189,2.1296,2.8704,N,,08/2024,Analyst
25-9042.00,1.A.3.c.1,Extent Flexibility,LV,1.75,8,0.1637,1.4292,2.0708,N,N,08/2024,Analyst
25-9042.00,1.A.3.c.2,Dynamic Flexibility,IM,1.12,8,0.125,1.0,1.37,N,,08/2024,Analyst
25-9042.00,1.A.3.c.2,Dynamic Flexibility,LV,0.12,8,0.125,0.0,0.37,N,Y,08/2024,Analyst
25-9042.00,1.A.3.c.3,Gross Body Coordination,IM,2.0,8,0.0,2.0,2.0,N,,08/2024,Analyst
25-9042.00,1.A.3.c.3,Gross Body Coordination,LV,1.5,8,0.189,1.1296,1.8704,N,N,08/2024,Analyst
25-9042.00,1.A.3.c.4,Gross Body Equilibrium,IM,2.25,8,0.1637,1.9292,2.5708,N,,08/2024,Analyst
25-9042.00,1.A.3.c.4,Gross Body Equilibrium,LV,1.62,8,0.2631,1.1094,2.1406,N,N,08/2024,Analyst
25-9042.00,1.A.4.a.1,Near Vision,IM,3.38,8,0.183,3.0164,3.7336,N,,08/2024,Analyst
25-9042.00,1.A.4.a.1,Near Vision,LV,3.5,8,0.189,3.1296,3.8704,N,N,08/2024,Analyst
25-9042.00,1.A.4.a.2,Far Vision,IM,3.38,8,0.2631,2.8594,3.8906,N,,08/2024,Analyst
25-9042.00,1.A.4.a.2,Far Vision,LV,3.38,8,0.183,3.0164,3.7336,N,N,08/2024,Analyst
25-9042.00,1.A.4.a.3,Visual Color Discrimination,IM,2.25,8,0.3134,1.6358,2.8642,N,,08/2024,Analyst
25-9042.00,1.A.4.a.3,Visual Color Discrimination,LV,1.75,8,0.4532,0.8618,2.6382,N,N,08/2024,Analyst
25-9042.00,1.A.4.a.4,Night Vision,IM,1.0,8,0.0,1.0,1.0,N,,08/2024,Analyst
25-9042.00,1.A.4.a.4,Night Vision,LV,0.0,8,0.0,0.0,0.0,N,Y,08/2024,Analyst
25-9042.00,1.A.4.a.5,Peripheral Vision,IM,1.5,8,0.2673,1.0,2.0238,N,,08/2024,Analyst
25-9042.00,1.A.4.a.5,Peripheral Vision,LV,0.75,8,0.4119,0.0,1.5573,N,N,08/2024,Analyst
25-9042.00,1.A.4.a.6,Depth Perception,IM,1.75,8,0.1637,1.4292,2.0708,N,,08/2024,Analyst
25-9042.00,1.A.4.a.6,Depth Perception,LV,1.25,8,0.366,0.5327,1.9673,N,N,08/2024,Analyst
25-9042.00,1.A.4.a.7,Glare Sensitivity,IM,1.25,8,0.25,1.0,1.74,N,,08/2024,Analyst
25-9042.00,1.A.4.a.7,Glare Sensitivity,LV,0.38,8,0.375,0.0,1.11,N,Y,08/2024,Analyst
25-9042.00,1.A.4.b.1,Hearing Sensitivity,IM,2.25,8,0.25,1.76,2.74,N,,08/2024,Analyst
25-9042.00,1.A.4.b.1,Hearing Sensitivity,LV,2.0,8,0.3273,1.3584,2.6416,N,N,08/2024,Analyst
25-9042.00,1.A.4.b.2,Auditory Attention,IM,2.75,8,0.366,2.0327,3.4673,N,,08/2024,Analyst
25-9042.00,1.A.4.b.2,Auditory Attention,LV,2.25,8,0.4119,1.4427,3.0573,N,N,08/2024,Analyst
25-9042.00,1.A.4.b.3,Sound Localization,IM,1.12,8,0.125,1.0,1.37,N,,08/2024,Analyst
25-9042.00,1.A.4.b.3,Sound Localization,LV,0.38,8,0.375,0.0,1.11,N,Y,08/2024,Analyst
25-9042.00,1.A.4.b.4,Speech Recognition,IM,3.5,8,0.189,3.1296,3.8704,N,,08/2024,Analyst
25-9042.00,1.A.4.b.4,Speech Recognition,LV,3.38,8,0.183,3.0164,3.7336,N,N,08/2024,Analyst
25-9042.00,1.A.4.b.5,Speech Clarity,IM,3.5,8,0.189,3.1296,3.8704,N,,08/2024,Analyst
25-9042.00,1.A.4.b.5,Speech Clarity,LV,3.5,8,0.189,3.1296,3.8704,N,N,08/2024,Analyst
25-9044.00,1.A.1.a.1,Oral Comprehension,IM,4.12,8,0.125,3.88,4.37,N,,07/2016,Analyst
25-9044.00,1.A.1.a.1,Oral Comprehension,LV,4.62,8,0.183,4.2664,4.9836,N,N,07/2016,Analyst
25-9044.00,1.A.1.a.2,Written Comprehension,IM,4.0,8,0.0,4.0,4.0,N,,07/2016,Analyst
25-9044.00,1.A.1.a.2,Written Comprehension,LV,4.0,8,0.0,4.0,4.0,N,N,07/2016,Analyst
25-9044.00,1.A.1.a.3,Oral Expression,IM,4.12,8,0.125,3.88,4.37,N,,07/2016,Analyst
25-9044.00,1.A.1.a.3,Oral Expression,LV,4.38,8,0.183,4.0164,4.7336,N,N,07/2016,Analyst
25-9044.00,1.A.1.a.4,Written Expression,IM,3.5,8,0.189,3.1296,3.8704,N,,07/2016,Analyst
25-9044.00,1.A.1.a.4,Written Expression,LV,4.0,8,0.0,4.0,4.0,N,N,07/2016,Analyst
25-9044.00,1.A.1.b.1,Fluency of Ideas,IM,3.12,8,0.125,2.88,3.37,N,,07/2016,Analyst
25-9044.00,1.A.1.b.1,Fluency of Ideas,LV,3.25,8,0.1637,2.9292,3.5708,N,N,07/2016,Analyst
25-9044.00,1.A.1.b.2,Originality,IM,3.12,8,0.125,2.88,3.37,N,,07/2016,Analyst
25-9044.00,1.A.1.b.2,Originality,LV,3.25,8,0.1637,2.9292,3.5708,N,N,07/2016,Analyst
25-9044.00,1.A.1.b.3,Problem Sensitivity,IM,3.12,8,0.125,2.88,3.37,N,,07/2016,Analyst
25-9044.00,1.A.1.b.3,Problem Sensitivity,LV,3.12,8,0.125,2.88,3.37,N,N,07/2016,Analyst
25-9044.00,1.A.1.b.4,Deductive Reasoning,IM,3.12,8,0.125,2.88,3.37,N,,07/2016,Analyst
25-9044.00,1.A.1.b.4,Deductive Reasoning,LV,3.75,8,0.1637,3.4292,4.0708,N,N,07/2016,Analyst
25-9044.00,1.A.1.b.5,Inductive Reasoning,IM,3.12,8,0.125,2.88,3.37,N,,07/2016,Analyst
25-9044.00,1.A.1.b.5,Inductive Reasoning,LV,3.38,8,0.183,3.0164,3.7336,N,N,07/2016,Analyst
25-9044.00,1.A.1.b.6,Information Ordering,IM,3.0,8,0.0,3.0,3.0,N,,07/2016,Analyst
25-9044.00,1.A.1.b.6,Information Ordering,LV,3.0,8,0.0,3.0,3.0,N,N,07/2016,Analyst
25-9044.00,1.A.1.b.7,Category Flexibility,IM,3.0,8,0.0,3.0,3.0,N,,07/2016,Analyst
25-9044.00,1.A.1.b.7,Category Flexibility,LV,3.0,8,0.0,3.0,3.0,N,N,07/2016,Analyst
25-9044.00,1.A.1.c.1,Mathematical Reasoning,IM,2.25,8,0.1637,1.9292,2.5708,N,,07/2016,Analyst
25-9044.00,1.A.1.c.1,Mathematical Reasoning,LV,2.25,8,0.1637,1.9292,2.5708,N,N,07/2016,Analyst
25-9044.00,1.A.1.c.2,Number Facility,IM,2.38,8,0.183,2.0164,2.7336,N,,07/2016,Analyst
25-9044.00,1.A.1.c.2,Number Facility,LV,2.25,8,0.1637,1.9292,2.5708,N,N,07/2016,Analyst
25-9044.00,1.A.1.d.1,Memorization,IM,2.25,8,0.1637,1.9292,2.5708,N,,07/2016,Analyst
25-9044.00,1.A.1.d.1,Memorization,LV,2.25,8,0.1637,1.9292,2.5708,N,N,07/2016,Analyst
25-9044.00,1.A.1.e.1,Speed of Closure,IM,2.12,8,0.125,1.88,2.37,N,,07/2016,Analyst
25-9044.00,1.A.1.e.1,Speed of Closure,LV,2.0,8,0.189,1.6296,2.3704,N,N,07/2016,Analyst
25-9044.00,1.A.1.e.2,Flexibility of Closure,IM,2.5,8,0.189,2.1296,2.8704,N,,07/2016,Analyst
25-9044.00,1.A.1.e.2,Flexibility of Closure,LV,2.25,8,0.1637,1.9292,2.5708,N,N,07/2016,Analyst
25-9044.00,1.A.1.e.3,Perceptual Speed,IM,2.12,8,0.125,1.88,2.37,N,,07/2016,Analyst
25-9044.00,1.A.1.e.3,Perceptual Speed,LV,2.0,8,0.0,2.0,2.0,N,N,07/2016,Analyst
25-9044.00,1.A.1.f.1,Spatial Orientation,IM,1.0,8,0.0,1.0,1.0,N,,07/2016,Analyst
25-9044.00,1.A.1.f.1,Spatial Orientation,LV,0.0,8,0.0,0.0,0.0,N,Y,07/2016,Analyst
25-9044.00,1.A.1.f.2,Visualization,IM,2.12,8,0.125,1.88,2.37,N,,07/2016,Analyst
25-9044.00,1.A.1.f.2,Visualization,LV,2.12,8,0.125,1.88,2.37,N,N,07/2016,Analyst
25-9044.00,1.A.1.g.1,Selective Attention,IM,3.0,8,0.0,3.0,3.0,N,,07/2016,Analyst
25-9044.00,1.A.1.g.1,Selective Attention,LV,2.88,8,0.2266,2.4309,3.3191,N,N,07/2016,Analyst
25-9044.00,1.A.1.g.2,Time Sharing,IM,2.38,8,0.183,2.0164,2.7336,N,,07/2016,Analyst
25-9044.00,1.A.1.g.2,Time Sharing,LV,2.12,8,0.125,1.88,2.37,N,N,07/2016,Analyst
25-9044.00,1.A.2.a.1,Arm-Hand Steadiness,IM,1.62,8,0.183,1.2664,1.9836,N,,07/2016,Analyst
25-9044.00,1.A.2.a.1,Arm-Hand Steadiness,LV,0.88,8,0.295,0.2967,1.4533,N,N,07/2016,Analyst
25-9044.00,1.A.2.a.2,Manual Dexterity,IM,1.62,8,0.183,1.2664,1.9836,N,,07/2016,Analyst
25-9044.00,1.A.2.a.2,Manual Dexterity,LV,0.75,8,0.25,0.26,1.24,N,N,07/2016,Analyst
25-9044.00,1.A.2.a.3,Finger Dexterity,IM,1.62,8,0.183,1.2664,1.9836,N,,07/2016,Analyst
25-9044.00,1.A.2.a.3,Finger Dexterity,LV,1.12,8,0.3504,0.4383,1.8117,N,N,07/2016,Analyst
25-9044.00,1.A.2.b.1,Control Precision,IM,1.62,8,0.183,1.2664,1.9836,N,,07/2016,Analyst
25-9044.00,1.A.2.b.1,Control Precision,LV,0.75,8,0.25,0.26,1.24,N,N,07/2016,Analyst
25-9044.00,1.A.2.b.2,Multilimb Coordination,IM,1.0,8,0.0,1.0,1.0,N,,07/2016,Analyst
25-9044.00,1.A.2.b.2,Multilimb Coordination,LV,0.0,8,0.0,0.0,0.0,N,Y,07/2016,Analyst
25-9044.00,1.A.2.b.3,Response Orientation,IM,1.0,8,0.0,1.0,1.0,N,,07/2016,Analyst
25-9044.00,1.A.2.b.3,Response Orientation,LV,0.0,8,0.0,0.0,0.0,N,Y,07/2016,Analyst
25-9044.00,1.A.2.b.4,Rate Control,IM,1.0,8,0.0,1.0,1.0,N,,07/2016,Analyst
25-9044.00,1.A.2.b.4,Rate Control,LV,0.0,8,0.0,0.0,0.0,N,Y,07/2016,Analyst
25-9044.00,1.A.2.c.1,Reaction Time,IM,1.0,8,0.0,1.0,1.0,N,,07/2016,Analyst
25-9044.00,1.A.2.c.1,Reaction Time,LV,0.0,8,0.0,0.0,0.0,N,Y,07/2016,Analyst
25-9044.00,1.A.2.c.2,Wrist-Finger Speed,IM,1.5,8,0.189,1.1296,1.8704,N,,07/2016,Analyst
25-9044.00,1.A.2.c.2,Wrist-Finger Speed,LV,0.62,8,0.2631,0.1094,1.1406,N,N,07/2016,Analyst
25-9044.00,1.A.2.c.3,Speed of Limb Movement,IM,1.0,8,0.0,1.0,1.0,N,,07/2016,Analyst
25-9044.00,1.A.2.c.3,Speed of Limb Movement,LV,0.0,8,0.0,0.0,0.0,N,Y,07/2016,Analyst
25-9044.00,1.A.3.a.1,Static Strength,IM,1.0,8,0.0,1.0,1.0,N,,07/2016,Analyst
25-9044.00,1.A.3.a.1,Static Strength,LV,0.0,8,0.0,0.0,0.0,N,Y,07/2016,Analyst
25-9044.00,1.A.3.a.2,Explosive Strength,IM,1.0,8,0.0,1.0,1.0,N,,07/2016,Analyst
25-9044.00,1.A.3.a.2,Explosive Strength,LV,0.0,8,0.0,0.0,0.0,N,Y,07/2016,Analyst
25-9044.00,1.A.3.a.3,Dynamic Strength,IM,1.0,8,0.0,1.0,1.0,N,,07/2016,Analyst
25-9044.00,1.A.3.a.3,Dynamic Strength,LV,0.0,8,0.0,0.0,0.0,N,Y,07/2016,Analyst
25-9044.00,1.A.3.a.4,Trunk Strength,IM,2.0,8,0.0,2.0,2.0,N,,07/2016,Analyst
25-9044.00,1.A.3.a.4,Trunk Strength,LV,1.88,8,0.125,1.63,2.12,N,N,07/2016,Analyst
25-9044.00,1.A.3.b.1,Stamina,IM,1.0,8,0.0,1.0,1.0,N,,07/2016,Analyst
25-9044.00,1.A.3.b.1,Stamina,LV,0.0,8,0.0,0.0,0.0,N,Y,07/2016,Analyst
25-9044.00,1.A.3.c.1,Extent Flexibility,IM,1.0,8,0.0,1.0,1.0,N,,07/2016,Analyst
25-9044.00,1.A.3.c.1,Extent Flexibility,LV,0.0,8,0.0,0.0,0.0,N,Y,07/2016,Analyst
25-9044.00,1.A.3.c.2,Dynamic Flexibility,IM,1.0,8,0.0,1.0,1.0,N,,07/2016,Analyst
25-9044.00,1.A.3.c.2,Dynamic Flexibility,LV,0.0,8,0.0,0.0,0.0,N,Y,07/2016,Analyst
25-9044.00,1.A.3.c.3,Gross Body Coordination,IM,1.0,8,0.0,1.0,1.0,N,,07/2016,Analyst
25-9044.00,1.A.3.c.3,Gross Body Coordination,LV,0.0,8,0.0,0.0,0.0,N,Y,07/2016,Analyst
25-9044.00,1.A.3.c.4,Gross Body Equilibrium,IM,1.0,8,0.0,1.0,1.0,N,,07/2016,Analyst
25-9044.00,1.A.3.c.4,Gross Body Equilibrium,LV,0.0,8,0.0,0.0,0.0,N,Y,07/2016,Analyst
25-9044.00,1.A.4.a.1,Near Vision,IM,3.25,8,0.1637,2.9292,3.5708,N,,07/2016,Analyst
25-9044.00,1.A.4.a.1,Near Vision,LV,3.25,8,0.1637,2.9292,3.5708,N,N,07/2016,Analyst
25-9044.00,1.A.4.a.2,Far Vision,IM,2.38,8,0.183,2.0164,2.7336,N,,07/2016,Analyst
25-9044.00,1.A.4.a.2,Far Vision,LV,2.88,8,0.125,2.63,3.12,N,N,07/2016,Analyst
25-9044.00,1.A.4.a.3,Visual Color Discrimination,IM,1.88,8,0.125,1.63,2.12,N,,07/2016,Analyst
25-9044.00,1.A.4.a.3,Visual Color Discrimination,LV,1.62,8,0.2631,1.1094,2.1406,N,N,07/2016,Analyst
25-9044.00,1.A.4.a.4,Night Vision,IM,1.0,8,0.0,1.0,1.0,N,,07/2016,Analyst
25-9044.00,1.A.4.a.4,Night Vision,LV,0.0,8,0.0,0.0,0.0,N,Y,07/2016,Analyst
25-9044.00,1.A.4.a.5,Peripheral Vision,IM,1.12,8,0.125,1.0,1.37,N,,07/2016,Analyst
25-9044.00,1.A.4.a.5,Peripheral Vision,LV,0.12,8,0.125,0.0,0.37,N,Y,07/2016,Analyst
25-9044.00,1.A.4.a.6,Depth Perception,IM,1.75,8,0.1637,1.4292,2.0708,N,,07/2016,Analyst
25-9044.00,1.A.4.a.6,Depth Perception,LV,0.88,8,0.2266,0.4309,1.3191,N,N,07/2016,Analyst
25-9044.00,1.A.4.a.7,Glare Sensitivity,IM,1.0,8,0.0,1.0,1.0,N,,07/2016,Analyst
25-9044.00,1.A.4.a.7,Glare Sensitivity,LV,0.0,8,0.0,0.0,0.0,N,Y,07/2016,Analyst
25-9044.00,1.A.4.b.1,Hearing Sensitivity,IM,2.0,8,0.0,2.0,2.0,N,,07/2016,Analyst
25-9044.00,1.A.4.b.1,Hearing Sensitivity,LV,1.62,8,0.183,1.2664,1.9836,N,N,07/2016,Analyst
25-9044.00,1.A.4.b.2,Auditory Attention,IM,2.0,8,0.0,2.0,2.0,N,,07/2016,Analyst
25-9044.00,1.A.4.b.2,Auditory Attention,LV,1.75,8,0.1637,1.4292,2.0708,N,N,07/2016,Analyst
25-9044.00,1.A.4.b.3,Sound Localization,IM,1.12,8,0.125,1.0,1.37,N,,07/2016,Analyst
25-9044.00,1.A.4.b.3,Sound Localization,LV,0.12,8,0.125,0.0,0.37,N,Y,07/2016,Analyst
25-9044.00,1.A.4.b.4,Speech Recognition,IM,3.25,8,0.1637,2.9292,3.5708,N,,07/2016,Analyst
25-9044.00,1.A.4.b.4,Speech Recognition,LV,3.25,8,0.1637,2.9292,3.5708,N,N,07/2016,Analyst
25-9044.00,1.A.4.b.5,Speech Clarity,IM,3.5,8,0.189,3.1296,3.8704,N,,07/2016,Analyst
25-9044.00,1.A.4.b.5,Speech Clarity,LV,3.75,8,0.1637,3.4292,4.0708,N,N,07/2016,Analyst
27-1011.00,1.A.1.a.1,Oral Comprehension,IM,4.0,8,0.0,4.0,4.0,N,,08/2023,Analyst
27-1011.00,1.A.1.a.1,Oral Comprehension,LV,4.0,8,0.0,4.0,4.0,N,N,08/2023,Analyst
27-1011.00,1.A.1.a.2,Written Comprehension,IM,4.0,8,0.0,4.0,4.0,N,,08/2023,Analyst
27-1011.00,1.A.1.a.2,Written Comprehension,LV,4.0,8,0.0,4.0,4.0,N,N,08/2023,Analyst
27-1011.00,1.A.1.a.3,Oral Expression,IM,4.0,8,0.0,4.0,4.0,N,,08/2023,Analyst
27-1011.00,1.A.1.a.3,Oral Expression,LV,4.0,8,0.0,4.0,4.0,N,N,08/2023,Analyst
27-1011.00,1.A.1.a.4,Written Expression,IM,3.38,8,0.183,3.0164,3.7336,N,,08/2023,Analyst
27-1011.00,1.A.1.a.4,Written Expression,LV,3.88,8,0.125,3.63,4.12,N,N,08/2023,Analyst
27-1011.00,1.A.1.b.1,Fluency of Ideas,IM,4.25,8,0.1637,3.9292,4.5708,N,,08/2023,Analyst
27-1011.00,1.A.1.b.1,Fluency of Ideas,LV,4.25,8,0.1637,3.9292,4.5708,N,N,08/2023,Analyst
27-1011.00,1.A.1.b.2,Originality,IM,4.25,8,0.1637,3.9292,4.5708,N,,08/2023,Analyst
27-1011.00,1.A.1.b.2,Originality,LV,4.38,8,0.183,4.0164,4.7336,N,N,08/2023,Analyst
27-1011.00,1.A.1.b.3,Problem Sensitivity,IM,3.75,8,0.1637,3.4292,4.0708,N,,08/2023,Analyst
27-1011.00,1.A.1.b.3,Problem Sensitivity,LV,3.75,8,0.25,3.26,4.24,N,N,08/2023,Analyst
27-1011.00,1.A.1.b.4,Deductive Reasoning,IM,3.62,8,0.183,3.2664,3.9836,N,,08/2023,Analyst
27-1011.00,1.A.1.b.4,Deductive Reasoning,LV,4.0,8,0.0,4.0,4.0,N,N,08/2023,Analyst
27-1011.00,1.A.1.b.5,Inductive Reasoning,IM,3.5,8,0.189,3.1296,3.8704,N,,08/2023,Analyst
27-1011.00,1.A.1.b.5,Inductive Reasoning,LV,3.88,8,0.125,3.63,4.12,N,N,08/2023,Analyst
27-1011.00,1.A.1.b.6,Information Ordering,IM,3.75,8,0.1637,3.4292,4.0708,N,,08/2023,Analyst
27-1011.00,1.A.1.b.6,Information Ordering,LV,3.88,8,0.125,3.63,4.12,N,N,08/2023,Analyst
27-1011.00,1.A.1.b.7,Category Flexibility,IM,3.5,8,0.189,3.1296,3.8704,N,,08/2023,Analyst
27-1011.00,1.A.1.b.7,Category Flexibility,LV,3.88,8,0.125,3.63,4.12,N,N,08/2023,Analyst
27-1011.00,1.A.1.c.1,Mathematical Reasoning,IM,2.5,8,0.189,2.1296,2.8704,N,,08/2023,Analyst
27-1011.00,1.A.1.c.1,Mathematical Reasoning,LV,3.12,8,0.125,2.88,3.37,N,N,08/2023,Analyst
27-1011.00,1.A.1.c.2,Number Facility,IM,2.25,8,0.1637,1.9292,2.5708,N,,08/2023,Analyst
27-1011.00,1.A.1.c.2,Number Facility,LV,2.62,8,0.183,2.2664,2.9836,N,N,08/2023,Analyst
27-1011.00,1.A.1.d.1,Memorization,IM,2.38,8,0.183,2.0164,2.7336,N,,08/2023,Analyst
27-1011.00,1.A.1.d.1,Memorization,LV,2.62,8,0.183,2.2664,2.9836,N,N,08/2023,Analyst
27-1011.00,1.A.1.e.1,Speed of Closure,IM,2.75,8,0.1637,2.4292,3.0708,N,,08/2023,Analyst
27-1011.00,1.A.1.e.1,Speed of Closure,LV,3.0,8,0.0,3.0,3.0,N,N,08/2023,Analyst
27-1011.00,1.A.1.e.2,Flexibility of Closure,IM,3.0,8,0.0,3.0,3.0,N,,08/2023,Analyst
27-1011.00,1.A.1.e.2,Flexibility of Closure,LV,3.0,8,0.0,3.0,3.0,N,N,08/2023,Analyst
27-1011.00,1.A.1.e.3,Perceptual Speed,IM,2.75,8,0.1637,2.4292,3.0708,N,,08/2023,Analyst
27-1011.00,1.A.1.e.3,Perceptual Speed,LV,2.88,8,0.125,2.63,3.12,N,N,08/2023,Analyst
27-1011.00,1.A.1.f.1,Spatial Orientation,IM,1.12,8,0.125,1.0,1.37,N,,08/2023,Analyst
27-1011.00,1.A.1.f.1,Spatial Orientation,LV,0.12,8,0.125,0.0,0.37,N,Y,08/2023,Analyst
27-1011.00,1.A.1.f.2,Visualization,IM,3.88,8,0.125,3.63,4.12,N,,08/2023,Analyst
27-1011.00,1.A.1.f.2,Visualization,LV,3.88,8,0.125,3.63,4.12,N,N,08/2023,Analyst
27-1011.00,1.A.1.g.1,Selective Attention,IM,2.75,8,0.1637,2.4292,3.0708,N,,08/2023,Analyst
27-1011.00,1.A.1.g.1,Selective Attention,LV,2.75,8,0.1637,2.4292,3.0708,N,N,08/2023,Analyst
27-1011.00,1.A.1.g.2,Time Sharing,IM,2.62,8,0.183,2.2664,2.9836,N,,08/2023,Analyst
27-1011.00,1.A.1.g.2,Time Sharing,LV,2.38,8,0.183,2.0164,2.7336,N,N,08/2023,Analyst
27-1011.00,1.A.2.a.1,Arm-Hand Steadiness,IM,2.12,8,0.125,1.88,2.37,N,,08/2023,Analyst
27-1011.00,1.A.2.a.1,Arm-Hand Steadiness,LV,2.12,8,0.125,1.88,2.37,N,N,08/2023,Analyst
27-1011.00,1.A.2.a.2,Manual Dexterity,IM,2.12,8,0.125,1.88,2.37,N,,08/2023,Analyst
27-1011.00,1.A.2.a.2,Manual Dexterity,LV,2.0,8,0.0,2.0,2.0,N,N,08/2023,Analyst
27-1011.00,1.A.2.a.3,Finger Dexterity,IM,2.38,8,0.183,2.0164,2.7336,N,,08/2023,Analyst
27-1011.00,1.A.2.a.3,Finger Dexterity,LV,2.0,8,0.0,2.0,2.0,N,N,08/2023,Analyst
27-1011.00,1.A.2.b.1,Control Precision,IM,1.88,8,0.125,1.63,2.12,N,,08/2023,Analyst
27-1011.00,1.A.2.b.1,Control Precision,LV,1.38,8,0.2631,0.8594,1.8906,N,N,08/2023,Analyst
27-1011.00,1.A.2.b.2,Multilimb Coordination,IM,1.0,8,0.0,1.0,1.0,N,,08/2023,Analyst
27-1011.00,1.A.2.b.2,Multilimb Coordination,LV,0.0,8,0.0,0.0,0.0,N,Y,08/2023,Analyst
27-1011.00,1.A.2.b.3,Response Orientation,IM,1.0,8,0.0,1.0,1.0,N,,08/2023,Analyst
27-1011.00,1.A.2.b.3,Response Orientation,LV,0.0,8,0.0,0.0,0.0,N,Y,08/2023,Analyst
27-1011.00,1.A.2.b.4,Rate Control,IM,1.12,8,0.125,1.0,1.37,N,,08/2023,Analyst
27-1011.00,1.A.2.b.4,Rate Control,LV,0.12,8,0.125,0.0,0.37,N,Y,08/2023,Analyst
27-1011.00,1.A.2.c.1,Reaction Time,IM,1.25,8,0.1637,1.0,1.5708,N,,08/2023,Analyst
27-1011.00,1.A.2.c.1,Reaction Time,LV,0.25,8,0.1637,0.0,0.5708,N,Y,08/2023,Analyst
27-1011.00,1.A.2.c.2,Wrist-Finger Speed,IM,1.5,8,0.189,1.1296,1.8704,N,,08/2023,Analyst
27-1011.00,1.A.2.c.2,Wrist-Finger Speed,LV,0.75,8,0.3134,0.1358,1.3642,N,N,08/2023,Analyst
27-1011.00,1.A.2.c.3,Speed of Limb Movement,IM,1.0,8,0.0,1.0,1.0,N,,08/2023,Analyst
27-1011.00,1.A.2.c.3,Speed of Limb Movement,LV,0.0,8,0.0,0.0,0.0,N,Y,08/2023,Analyst
27-1011.00,1.A.3.a.1,Static Strength,IM,1.0,8,0.0,1.0,1.0,N,,08/2023,Analyst
27-1011.00,1.A.3.a.1,Static Strength,LV,0.0,8,0.0,0.0,0.0,N,Y,08/2023,Analyst
27-1011.00,1.A.3.a.2,Explosive Strength,IM,1.0,8,0.0,1.0,1.0,N,,08/2023,Analyst
27-1011.00,1.A.3.a.2,Explosive Strength,LV,0.0,8,0.0,0.0,0.0,N,Y,08/2023,Analyst
27-1011.00,1.A.3.a.3,Dynamic Strength,IM,1.12,8,0.125,1.0,1.37,N,,08/2023,Analyst
27-1011.00,1.A.3.a.3,Dynamic Strength,LV,0.12,8,0.125,0.0,0.37,N,Y,08/2023,Analyst
27-1011.00,1.A.3.a.4,Trunk Strength,IM,1.62,8,0.183,1.2664,1.9836,N,,08/2023,Analyst
27-1011.00,1.A.3.a.4,Trunk Strength,LV,1.12,8,0.3504,0.4383,1.8117,N,N,08/2023,Analyst
27-1011.00,1.A.3.b.1,Stamina,IM,1.0,8,0.0,1.0,1.0,N,,08/2023,Analyst
27-1011.00,1.A.3.b.1,Stamina,LV,0.0,8,0.0,0.0,0.0,N,Y,08/2023,Analyst
27-1011.00,1.A.3.c.1,Extent Flexibility,IM,1.0,8,0.0,1.0,1.0,N,,08/2023,Analyst
27-1011.00,1.A.3.c.1,Extent Flexibility,LV,0.0,8,0.0,0.0,0.0,N,Y,08/2023,Analyst
27-1011.00,1.A.3.c.2,Dynamic Flexibility,IM,1.0,8,0.0,1.0,1.0,N,,08/2023,Analyst
27-1011.00,1.A.3.c.2,Dynamic Flexibility,LV,0.0,8,0.0,0.0,0.0,N,Y,08/2023,Analyst
27-1011.00,1.A.3.c.3,Gross Body Coordination,IM,1.0,8,0.0,1.0,1.0,N,,08/2023,Analyst
27-1011.00,1.A.3.c.3,Gross Body Coordination,LV,0.0,8,0.0,0.0,0.0,N,Y,08/2023,Analyst
27-1011.00,1.A.3.c.4,Gross Body Equilibrium,IM,1.0,8,0.0,1.0,1.0,N,,08/2023,Analyst
27-1011.00,1.A.3.c.4,Gross Body Equilibrium,LV,0.0,8,0.0,0.0,0.0,N,Y,08/2023,Analyst
27-1011.00,1.A.4.a.1,Near Vision,IM,4.0,8,0.0,4.0,4.0,N,,08/2023,Analyst
27-1011.00,1.A.4.a.1,Near Vision,LV,4.12,8,0.125,3.88,4.37,N,N,08/2023,Analyst
27-1011.00,1.A.4.a.2,Far Vision,IM,3.12,8,0.2266,2.6809,3.5691,N,,08/2023,Analyst
27-1011.00,1.A.4.a.2,Far Vision,LV,3.75,8,0.25,3.26,4.24,N,N,08/2023,Analyst
27-1011.00,1.A.4.a.3,Visual Color Discrimination,IM,3.75,8,0.1637,3.4292,4.0708,N,,08/2023,Analyst
27-1011.00,1.A.4.a.3,Visual Color Discrimination,LV,4.0,8,0.189,3.6296,4.3704,N,N,08/2023,Analyst
27-1011.00,1.A.4.a.4,Night Vision,IM,1.0,8,0.0,1.0,1.0,N,,08/2023,Analyst
27-1011.00,1.A.4.a.4,Night Vision,LV,0.0,8,0.0,0.0,0.0,N,Y,08/2023,Analyst
27-1011.00,1.A.4.a.5,Peripheral Vision,IM,1.0,8,0.0,1.0,1.0,N,,08/2023,Analyst
27-1011.00,1.A.4.a.5,Peripheral Vision,LV,0.0,8,0.0,0.0,0.0,N,Y,08/2023,Analyst
27-1011.00,1.A.4.a.6,Depth Perception,IM,1.38,8,0.183,1.0164,1.7336,N,,08/2023,Analyst
27-1011.00,1.A.4.a.6,Depth Perception,LV,0.5,8,0.2673,0.0,1.0238,N,N,08/2023,Analyst
27-1011.00,1.A.4.a.7,Glare Sensitivity,IM,1.0,8,0.0,1.0,1.0,N,,08/2023,Analyst
27-1011.00,1.A.4.a.7,Glare Sensitivity,LV,0.0,8,0.0,0.0,0.0,N,Y,08/2023,Analyst
27-1011.00,1.A.4.b.1,Hearing Sensitivity,IM,1.62,8,0.183,1.2664,1.9836,N,,08/2023,Analyst
27-1011.00,1.A.4.b.1,Hearing Sensitivity,LV,0.88,8,0.295,0.2967,1.4533,N,N,08/2023,Analyst
27-1011.00,1.A.4.b.2,Auditory Attention,IM,1.75,8,0.1637,1.4292,2.0708,N,,08/2023,Analyst
27-1011.00,1.A.4.b.2,Auditory Attention,LV,1.5,8,0.3273,0.8584,2.1416,N,N,08/2023,Analyst
27-1011.00,1.A.4.b.3,Sound Localization,IM,1.0,8,0.0,1.0,1.0,N,,08/2023,Analyst
27-1011.00,1.A.4.b.3,Sound Localization,LV,0.0,8,0.0,0.0,0.0,N,Y,08/2023,Analyst
27-1011.00,1.A.4.b.4,Speech Recognition,IM,3.62,8,0.183,3.2664,3.9836,N,,08/2023,Analyst
27-1011.00,1.A.4.b.4,Speech Recognition,LV,3.62,8,0.183,3.2664,3.9836,N,N,08/2023,Analyst
27-1011.00,1.A.4.b.5,Speech Clarity,IM,3.62,8,0.183,3.2664,3.9836,N,,08/2023,Analyst
27-1011.00,1.A.4.b.5,Speech Clarity,LV,3.62,8,0.183,3.2664,3.9836,N,N,08/2023,Analyst
27-1012.00,1.A.1.a.1,Oral Comprehension,IM,3.0,8,0.0,3.0,3.0,N,,07/2016,Analyst
27-1012.00,1.A.1.a.1,Oral Comprehension,LV,3.0,8,0.0,3.0,3.0,N,N,07/2016,Analyst
27-1012.00,1.A.1.a.2,Written Comprehension,IM,2.88,8,0.125,2.63,3.12,N,,07/2016,Analyst
27-1012.00,1.A.1.a.2,Written Comprehension,LV,3.0,8,0.0,3.0,3.0,N,N,07/2016,Analyst
27-1012.00,1.A.1.a.3,Oral Expression,IM,3.12,8,0.125,2.88,3.37,N,,07/2016,Analyst
27-1012.00,1.A.1.a.3,Oral Expression,LV,3.0,8,0.0,3.0,3.0,N,N,07/2016,Analyst
27-1012.00,1.A.1.a.4,Written Expression,IM,2.75,8,0.1637,2.4292,3.0708,N,,07/2016,Analyst
27-1012.00,1.A.1.a.4,Written Expression,LV,2.62,8,0.183,2.2664,2.9836,N,N,07/2016,Analyst
27-1012.00,1.A.1.b.1,Fluency of Ideas,IM,3.62,8,0.183,3.2664,3.9836,N,,07/2016,Analyst
27-1012.00,1.A.1.b.1,Fluency of Ideas,LV,3.62,8,0.183,3.2664,3.9836,N,N,07/2016,Analyst
27-1012.00,1.A.1.b.2,Originality,IM,3.88,8,0.125,3.63,4.12,N,,07/2016,Analyst
27-1012.00,1.A.1.b.2,Originality,LV,3.88,8,0.125,3.63,4.12,N,N,07/2016,Analyst
27-1012.00,1.A.1.b.3,Problem Sensitivity,IM,3.0,8,0.0,3.0,3.0,N,,07/2016,Analyst
27-1012.00,1.A.1.b.3,Problem Sensitivity,LV,2.5,8,0.189,2.1296,2.8704,N,N,07/2016,Analyst
27-1012.00,1.A.1.b.4,Deductive Reasoning,IM,3.0,8,0.0,3.0,3.0,N,,07/2016,Analyst
27-1012.00,1.A.1.b.4,Deductive Reasoning,LV,3.0,8,0.0,3.0,3.0,N,N,07/2016,Analyst
27-1012.00,1.A.1.b.5,Inductive Reasoning,IM,2.88,8,0.125,2.63,3.12,N,,07/2016,Analyst
27-1012.00,1.A.1.b.5,Inductive Reasoning,LV,2.75,8,0.1637,2.4292,3.0708,N,N,07/2016,Analyst
27-1012.00,1.A.1.b.6,Information Ordering,IM,3.25,8,0.1637,2.9292,3.5708,N,,07/2016,Analyst
27-1012.00,1.A.1.b.6,Information Ordering,LV,3.0,8,0.0,3.0,3.0,N,N,07/2016,Analyst
27-1012.00,1.A.1.b.7,Category Flexibility,IM,3.12,8,0.125,2.88,3.37,N,,07/2016,Analyst
27-1012.00,1.A.1.b.7,Category Flexibility,LV,3.5,8,0.189,3.1296,3.8704,N,N,07/2016,Analyst
27-1012.00,1.A.1.c.1,Mathematical Reasoning,IM,2.5,8,0.189,2.1296,2.8704,N,,07/2016,Analyst
27-1012.00,1.A.1.c.1,Mathematical Reasoning,LV,2.12,8,0.2266,1.6809,2.5691,N,N,07/2016,Analyst
27-1012.00,1.A.1.c.2,Number Facility,IM,2.38,8,0.183,2.0164,2.7336,N,,07/2016,Analyst
27-1012.00,1.A.1.c.2,Number Facility,LV,2.5,8,0.189,2.1296,2.8704,N,N,07/2016,Analyst
27-1012.00,1.A.1.d.1,Memorization,IM,2.0,8,0.0,2.0,2.0,N,,07/2016,Analyst
27-1012.00,1.A.1.d.1,Memorization,LV,2.0,8,0.0,2.0,2.0,N,N,07/2016,Analyst
27-1012.00,1.A.1.e.1,Speed of Closure,IM,2.0,8,0.0,2.0,2.0,N,,07/2016,Analyst
27-1012.00,1.A.1.e.1,Speed of Closure,LV,2.0,8,0.0,2.0,2.0,N,N,07/2016,Analyst
27-1012.00,1.A.1.e.2,Flexibility of Closure,IM,2.12,8,0.125,1.88,2.37,N,,07/2016,Analyst
27-1012.00,1.A.1.e.2,Flexibility of Closure,LV,2.0,8,0.0,2.0,2.0,N,N,07/2016,Analyst
27-1012.00,1.A.1.e.3,Perceptual Speed,IM,2.0,8,0.0,2.0,2.0,N,,07/2016,Analyst
27-1012.00,1.A.1.e.3,Perceptual Speed,LV,2.0,8,0.0,2.0,2.0,N,N,07/2016,Analyst
27-1012.00,1.A.1.f.1,Spatial Orientation,IM,1.0,8,0.0,1.0,1.0,N,,07/2016,Analyst
27-1012.00,1.A.1.f.1,Spatial Orientation,LV,0.0,8,0.0,0.0,0.0,N,Y,07/2016,Analyst
27-1012.00,1.A.1.f.2,Visualization,IM,3.5,8,0.189,3.1296,3.8704,N,,07/2016,Analyst
27-1012.00,1.A.1.f.2,Visualization,LV,3.88,8,0.125,3.63,4.12,N,N,07/2016,Analyst
27-1012.00,1.A.1.g.1,Selective Attention,IM,2.88,8,0.125,2.63,3.12,N,,07/2016,Analyst
27-1012.00,1.A.1.g.1,Selective Attention,LV,2.62,8,0.183,2.2664,2.9836,N,N,07/2016,Analyst
27-1012.00,1.A.1.g.2,Time Sharing,IM,2.25,8,0.1637,1.9292,2.5708,N,,07/2016,Analyst
27-1012.00,1.A.1.g.2,Time Sharing,LV,2.12,8,0.125,1.88,2.37,N,N,07/2016,Analyst
27-1012.00,1.A.2.a.1,Arm-Hand Steadiness,IM,3.75,8,0.1637,3.4292,4.0708,N,,07/2016,Analyst
27-1012.00,1.A.2.a.1,Arm-Hand Steadiness,LV,3.88,8,0.125,3.63,4.12,N,N,07/2016,Analyst
27-1012.00,1.A.2.a.2,Manual Dexterity,IM,3.75,8,0.1637,3.4292,4.0708,N,,07/2016,Analyst
27-1012.00,1.A.2.a.2,Manual Dexterity,LV,3.38,8,0.183,3.0164,3.7336,N,N,07/2016,Analyst
27-1012.00,1.A.2.a.3,Finger Dexterity,IM,3.88,8,0.125,3.63,4.12,N,,07/2016,Analyst
27-1012.00,1.A.2.a.3,Finger Dexterity,LV,3.88,8,0.125,3.63,4.12,N,N,07/2016,Analyst
27-1012.00,1.A.2.b.1,Control Precision,IM,3.38,8,0.183,3.0164,3.7336,N,,07/2016,Analyst
27-1012.00,1.A.2.b.1,Control Precision,LV,3.25,8,0.1637,2.9292,3.5708,N,N,07/2016,Analyst
27-1012.00,1.A.2.b.2,Multilimb Coordination,IM,3.38,8,0.183,3.0164,3.7336,N,,07/2016,Analyst
27-1012.00,1.A.2.b.2,Multilimb Coordination,LV,3.12,8,0.125,2.88,3.37,N,N,07/2016,Analyst
27-1012.00,1.A.2.b.3,Response Orientation,IM,2.12,8,0.125,1.88,2.37,N,,07/2016,Analyst
27-1012.00,1.A.2.b.3,Response Orientation,LV,1.75,8,0.1637,1.4292,2.0708,N,N,07/2016,Analyst
27-1012.00,1.A.2.b.4,Rate Control,IM,2.12,8,0.125,1.88,2.37,N,,07/2016,Analyst
27-1012.00,1.A.2.b.4,Rate Control,LV,2.0,8,0.189,1.6296,2.3704,N,N,07/2016,Analyst
27-1012.00,1.A.2.c.1,Reaction Time,IM,2.12,8,0.125,1.88,2.37,N,,07/2016,Analyst
27-1012.00,1.A.2.c.1,Reaction Time,LV,2.38,8,0.183,2.0164,2.7336,N,N,07/2016,Analyst
27-1012.00,1.A.2.c.2,Wrist-Finger Speed,IM,2.25,8,0.1637,1.9292,2.5708,N,,07/2016,Analyst
27-1012.00,1.A.2.c.2,Wrist-Finger Speed,LV,2.12,8,0.295,1.5467,2.7033,N,N,07/2016,Analyst
27-1012.00,1.A.2.c.3,Speed of Limb Movement,IM,1.25,8,0.1637,1.0,1.5708,N,,07/2016,Analyst
27-1012.00,1.A.2.c.3,Speed of Limb Movement,LV,0.25,8,0.1637,0.0,0.5708,N,Y,07/2016,Analyst
27-1012.00,1.A.3.a.1,Static Strength,IM,2.5,8,0.189,2.1296,2.8704,N,,07/2016,Analyst
27-1012.00,1.A.3.a.1,Static Strength,LV,2.25,8,0.1637,1.9292,2.5708,N,N,07/2016,Analyst
27-1012.00,1.A.3.a.2,Explosive Strength,IM,1.5,8,0.189,1.1296,1.8704,N,,07/2016,Analyst
27-1012.00,1.A.3.a.2,Explosive Strength,LV,0.62,8,0.2631,0.1094,1.1406,N,N,07/2016,Analyst
27-1012.00,1.A.3.a.3,Dynamic Strength,IM,2.25,8,0.1637,1.9292,2.5708,N,,07/2016,Analyst
27-1012.00,1.A.3.a.3,Dynamic Strength,LV,2.12,8,0.2266,1.6809,2.5691,N,N,07/2016,Analyst
27-1012.00,1.A.3.a.4,Trunk Strength,IM,2.75,8,0.25,2.26,3.24,N,,07/2016,Analyst
27-1012.00,1.A.3.a.4,Trunk Strength,LV,2.75,8,0.1637,2.4292,3.0708,N,N,07/2016,Analyst
27-1012.00,1.A.3.b.1,Stamina,IM,2.12,8,0.125,1.88,2.37,N,,07/2016,Analyst
27-1012.00,1.A.3.b.1,Stamina,LV,1.75,8,0.1637,1.4292,2.0708,N,N,07/2016,Analyst
27-1012.00,1.A.3.c.1,Extent Flexibility,IM,2.5,8,0.189,2.1296,2.8704,N,,07/2016,Analyst
27-1012.00,1.A.3.c.1,Extent Flexibility,LV,2.62,8,0.183,2.2664,2.9836,N,N,07/2016,Analyst
27-1012.00,1.A.3.c.2,Dynamic Flexibility,IM,1.12,8,0.125,1.0,1.37,N,,07/2016,Analyst
27-1012.00,1.A.3.c.2,Dynamic Flexibility,LV,0.12,8,0.125,0.0,0.37,N,Y,07/2016,Analyst
27-1012.00,1.A.3.c.3,Gross Body Coordination,IM,2.0,8,0.0,2.0,2.0,N,,07/2016,Analyst
27-1012.00,1.A.3.c.3,Gross Body Coordination,LV,1.38,8,0.183,1.0164,1.7336,N,N,07/2016,Analyst
27-1012.00,1.A.3.c.4,Gross Body Equilibrium,IM,1.62,8,0.183,1.2664,1.9836,N,,07/2016,Analyst
27-1012.00,1.A.3.c.4,Gross Body Equilibrium,LV,0.62,8,0.183,0.2664,0.9836,N,N,07/2016,Analyst
27-1012.00,1.A.4.a.1,Near Vision,IM,3.5,8,0.189,3.1296,3.8704,N,,07/2016,Analyst
27-1012.00,1.A.4.a.1,Near Vision,LV,3.5,8,0.189,3.1296,3.8704,N,N,07/2016,Analyst
27-1012.00,1.A.4.a.2,Far Vision,IM,3.0,8,0.0,3.0,3.0,N,,07/2016,Analyst
27-1012.00,1.A.4.a.2,Far Vision,LV,2.88,8,0.125,2.63,3.12,N,N,07/2016,Analyst
27-1012.00,1.A.4.a.3,Visual Color Discrimination,IM,3.0,8,0.0,3.0,3.0,N,,07/2016,Analyst
27-1012.00,1.A.4.a.3,Visual Color Discrimination,LV,3.5,8,0.189,3.1296,3.8704,N,N,07/2016,Analyst
27-1012.00,1.A.4.a.4,Night Vision,IM,1.0,8,0.0,1.0,1.0,N,,07/2016,Analyst
27-1012.00,1.A.4.a.4,Night Vision,LV,0.0,8,0.0,0.0,0.0,N,Y,07/2016,Analyst
27-1012.00,1.A.4.a.5,Peripheral Vision,IM,1.0,8,0.0,1.0,1.0,N,,07/2016,Analyst
27-1012.00,1.A.4.a.5,Peripheral Vision,LV,0.0,8,0.0,0.0,0.0,N,Y,07/2016,Analyst
27-1012.00,1.A.4.a.6,Depth Perception,IM,2.25,8,0.1637,1.9292,2.5708,N,,07/2016,Analyst
27-1012.00,1.A.4.a.6,Depth Perception,LV,2.12,8,0.125,1.88,2.37,N,N,07/2016,Analyst
27-1012.00,1.A.4.a.7,Glare Sensitivity,IM,1.0,8,0.0,1.0,1.0,N,,07/2016,Analyst
27-1012.00,1.A.4.a.7,Glare Sensitivity,LV,0.0,8,0.0,0.0,0.0,N,Y,07/2016,Analyst
27-1012.00,1.A.4.b.1,Hearing Sensitivity,IM,1.88,8,0.2266,1.4309,2.3191,N,,07/2016,Analyst
27-1012.00,1.A.4.b.1,Hearing Sensitivity,LV,1.5,8,0.3273,0.8584,2.1416,N,N,07/2016,Analyst
27-1012.00,1.A.4.b.2,Auditory Attention,IM,2.12,8,0.2266,1.6809,2.5691,N,,07/2016,Analyst
27-1012.00,1.A.4.b.2,Auditory Attention,LV,1.88,8,0.295,1.2967,2.4533,N,N,07/2016,Analyst
27-1012.00,1.A.4.b.3,Sound Localization,IM,1.0,8,0.0,1.0,1.0,N,,07/2016,Analyst
27-1012.00,1.A.4.b.3,Sound Localization,LV,0.0,8,0.0,0.0,0.0,N,Y,07/2016,Analyst
27-1012.00,1.A.4.b.4,Speech Recognition,IM,3.12,8,0.125,2.88,3.37,N,,07/2016,Analyst
27-1012.00,1.A.4.b.4,Speech Recognition,LV,3.0,8,0.0,3.0,3.0,N,N,07/2016,Analyst
27-1012.00,1.A.4.b.5,Speech Clarity,IM,3.12,8,0.125,2.88,3.37,N,,07/2016,Analyst
27-1012.00,1.A.4.b.5,Speech Clarity,LV,2.88,8,0.125,2.63,3.12,N,N,07/2016,Analyst
27-1013.00,1.A.1.a.1,Oral Comprehension,IM,3.12,8,0.125,2.88,3.37,N,,07/2017,Analyst
27-1013.00,1.A.1.a.1,Oral Comprehension,LV,3.5,8,0.189,3.1296,3.8704,N,N,07/2017,Analyst
27-1013.00,1.A.1.a.2,Written Comprehension,IM,3.0,8,0.0,3.0,3.0,N,,07/2017,Analyst
27-1013.00,1.A.1.a.2,Written Comprehension,LV,3.0,8,0.0,3.0,3.0,N,N,07/2017,Analyst
27-1013.00,1.A.1.a.3,Oral Expression,IM,3.0,8,0.0,3.0,3.0,N,,07/2017,Analyst
27-1013.00,1.A.1.a.3,Oral Expression,LV,3.38,8,0.183,3.0164,3.7336,N,N,07/2017,Analyst
27-1013.00,1.A.1.a.4,Written Expression,IM,2.88,8,0.125,2.63,3.12,N,,07/2017,Analyst
27-1013.00,1.A.1.a.4,Written Expression,LV,3.0,8,0.0,3.0,3.0,N,N,07/2017,Analyst
27-1013.00,1.A.1.b.1,Fluency of Ideas,IM,4.0,8,0.189,3.6296,4.3704,N,,07/2017,Analyst
27-1013.00,1.A.1.b.1,Fluency of Ideas,LV,4.12,8,0.125,3.88,4.37,N,N,07/2017,Analyst
27-1013.00,1.A.1.b.2,Originality,IM,4.38,8,0.183,4.0164,4.7336,N,,07/2017,Analyst
27-1013.00,1.A.1.b.2,Originality,LV,4.62,8,0.183,4.2664,4.9836,N,N,07/2017,Analyst
27-1013.00,1.A.1.b.3,Problem Sensitivity,IM,3.0,8,0.0,3.0,3.0,N,,07/2017,Analyst
27-1013.00,1.A.1.b.3,Problem Sensitivity,LV,3.0,8,0.0,3.0,3.0,N,N,07/2017,Analyst
27-1013.00,1.A.1.b.4,Deductive Reasoning,IM,3.0,8,0.0,3.0,3.0,N,,07/2017,Analyst
27-1013.00,1.A.1.b.4,Deductive Reasoning,LV,3.0,8,0.0,3.0,3.0,N,N,07/2017,Analyst
27-1013.00,1.A.1.b.5,Inductive Reasoning,IM,3.0,8,0.0,3.0,3.0,N,,07/2017,Analyst
27-1013.00,1.A.1.b.5,Inductive Reasoning,LV,3.0,8,0.0,3.0,3.0,N,N,07/2017,Analyst
27-1013.00,1.A.1.b.6,Information Ordering,IM,3.0,8,0.0,3.0,3.0,N,,07/2017,Analyst
27-1013.00,1.A.1.b.6,Information Ordering,LV,3.0,8,0.0,3.0,3.0,N,N,07/2017,Analyst
27-1013.00,1.A.1.b.7,Category Flexibility,IM,3.12,8,0.125,2.88,3.37,N,,07/2017,Analyst
27-1013.00,1.A.1.b.7,Category Flexibility,LV,3.25,8,0.25,2.76,3.74,N,N,07/2017,Analyst
27-1013.00,1.A.1.c.1,Mathematical Reasoning,IM,2.12,8,0.125,1.88,2.37,N,,07/2017,Analyst
27-1013.00,1.A.1.c.1,Mathematical Reasoning,LV,1.38,8,0.183,1.0164,1.7336,N,N,07/2017,Analyst
27-1013.00,1.A.1.c.2,Number Facility,IM,2.12,8,0.125,1.88,2.37,N,,07/2017,Analyst
27-1013.00,1.A.1.c.2,Number Facility,LV,2.12,8,0.2266,1.6809,2.5691,N,N,07/2017,Analyst
27-1013.00,1.A.1.d.1,Memorization,IM,1.75,8,0.1637,1.4292,2.0708,N,,07/2017,Analyst
27-1013.00,1.A.1.d.1,Memorization,LV,1.25,8,0.3134,0.6358,1.8642,N,N,07/2017,Analyst
27-1013.00,1.A.1.e.1,Speed of Closure,IM,2.12,8,0.125,1.88,2.37,N,,07/2017,Analyst
27-1013.00,1.A.1.e.1,Speed of Closure,LV,1.88,8,0.125,1.63,2.12,N,N,07/2017,Analyst
27-1013.00,1.A.1.e.2,Flexibility of Closure,IM,2.75,8,0.1637,2.4292,3.0708,N,,07/2017,Analyst
27-1013.00,1.A.1.e.2,Flexibility of Closure,LV,2.62,8,0.183,2.2664,2.9836,N,N,07/2017,Analyst
27-1013.00,1.A.1.e.3,Perceptual Speed,IM,2.5,8,0.189,2.1296,2.8704,N,,07/2017,Analyst
27-1013.00,1.A.1.e.3,Perceptual Speed,LV,2.25,8,0.1637,1.9292,2.5708,N,N,07/2017,Analyst
27-1013.00,1.A.1.f.1,Spatial Orientation,IM,1.0,8,0.0,1.0,1.0,N,,07/2017,Analyst
27-1013.00,1.A.1.f.1,Spatial Orientation,LV,0.0,8,0.0,0.0,0.0,N,Y,07/2017,Analyst
27-1013.00,1.A.1.f.2,Visualization,IM,4.0,8,0.0,4.0,4.0,N,,07/2017,Analyst
27-1013.00,1.A.1.f.2,Visualization,LV,4.25,8,0.1637,3.9292,4.5708,N,N,07/2017,Analyst
27-1013.00,1.A.1.g.1,Selective Attention,IM,2.88,8,0.125,2.63,3.12,N,,07/2017,Analyst
27-1013.00,1.A.1.g.1,Selective Attention,LV,3.0,8,0.0,3.0,3.0,N,N,07/2017,Analyst
27-1013.00,1.A.1.g.2,Time Sharing,IM,2.25,8,0.1637,1.9292,2.5708,N,,07/2017,Analyst
27-1013.00,1.A.1.g.2,Time Sharing,LV,2.0,8,0.0,2.0,2.0,N,N,07/2017,Analyst
27-1013.00,1.A.2.a.1,Arm-Hand Steadiness,IM,3.75,8,0.1637,3.4292,4.0708,N,,07/2017,Analyst
27-1013.00,1.A.2.a.1,Arm-Hand Steadiness,LV,3.75,8,0.1637,3.4292,4.0708,N,N,07/2017,Analyst
27-1013.00,1.A.2.a.2,Manual Dexterity,IM,3.38,8,0.183,3.0164,3.7336,N,,07/2017,Analyst
27-1013.00,1.A.2.a.2,Manual Dexterity,LV,3.62,8,0.183,3.2664,3.9836,N,N,07/2017,Analyst
27-1013.00,1.A.2.a.3,Finger Dexterity,IM,3.38,8,0.183,3.0164,3.7336,N,,07/2017,Analyst
27-1013.00,1.A.2.a.3,Finger Dexterity,LV,3.25,8,0.1637,2.9292,3.5708,N,N,07/2017,Analyst
27-1013.00,1.A.2.b.1,Control Precision,IM,2.88,8,0.125,2.63,3.12,N,,07/2017,Analyst
27-1013.00,1.A.2.b.1,Control Precision,LV,3.0,8,0.0,3.0,3.0,N,N,07/2017,Analyst
27-1013.00,1.A.2.b.2,Multilimb Coordination,IM,2.88,8,0.125,2.63,3.12,N,,07/2017,Analyst
27-1013.00,1.A.2.b.2,Multilimb Coordination,LV,2.38,8,0.183,2.0164,2.7336,N,N,07/2017,Analyst
27-1013.00,1.A.2.b.3,Response Orientation,IM,1.75,8,0.1637,1.4292,2.0708,N,,07/2017,Analyst
27-1013.00,1.A.2.b.3,Response Orientation,LV,1.38,8,0.3239,0.7402,2.0098,N,N,07/2017,Analyst
27-1013.00,1.A.2.b.4,Rate Control,IM,1.75,8,0.1637,1.4292,2.0708,N,,07/2017,Analyst
27-1013.00,1.A.2.b.4,Rate Control,LV,1.25,8,0.3134,0.6358,1.8642,N,N,07/2017,Analyst
27-1013.00,1.A.2.c.1,Reaction Time,IM,1.75,8,0.1637,1.4292,2.0708,N,,07/2017,Analyst
27-1013.00,1.A.2.c.1,Reaction Time,LV,1.5,8,0.3273,0.8584,2.1416,N,N,07/2017,Analyst
27-1013.00,1.A.2.c.2,Wrist-Finger Speed,IM,2.12,8,0.125,1.88,2.37,N,,07/2017,Analyst
27-1013.00,1.A.2.c.2,Wrist-Finger Speed,LV,2.12,8,0.125,1.88,2.37,N,N,07/2017,Analyst
27-1013.00,1.A.2.c.3,Speed of Limb Movement,IM,1.12,8,0.125,1.0,1.37,N,,07/2017,Analyst
27-1013.00,1.A.2.c.3,Speed of Limb Movement,LV,0.12,8,0.125,0.0,0.37,N,Y,07/2017,Analyst
27-1013.00,1.A.3.a.1,Static Strength,IM,2.62,8,0.183,2.2664,2.9836,N,,07/2017,Analyst
27-1013.00,1.A.3.a.1,Static Strength,LV,2.12,8,0.125,1.88,2.37,N,N,07/2017,Analyst
27-1013.00,1.A.3.a.2,Explosive Strength,IM,1.5,8,0.189,1.1296,1.8704,N,,07/2017,Analyst
27-1013.00,1.A.3.a.2,Explosive Strength,LV,0.5,8,0.189,0.1296,0.8704,N,N,07/2017,Analyst
27-1013.00,1.A.3.a.3,Dynamic Strength,IM,2.25,8,0.1637,1.9292,2.5708,N,,07/2017,Analyst
27-1013.00,1.A.3.a.3,Dynamic Strength,LV,1.88,8,0.125,1.63,2.12,N,N,07/2017,Analyst
27-1013.00,1.A.3.a.4,Trunk Strength,IM,2.5,8,0.189,2.1296,2.8704,N,,07/2017,Analyst
27-1013.00,1.A.3.a.4,Trunk Strength,LV,2.38,8,0.183,2.0164,2.7336,N,N,07/2017,Analyst
27-1013.00,1.A.3.b.1,Stamina,IM,1.88,8,0.125,1.63,2.12,N,,07/2017,Analyst
27-1013.00,1.A.3.b.1,Stamina,LV,0.88,8,0.125,0.63,1.12,N,N,07/2017,Analyst
27-1013.00,1.A.3.c.1,Extent Flexibility,IM,2.12,8,0.125,1.88,2.37,N,,07/2017,Analyst
27-1013.00,1.A.3.c.1,Extent Flexibility,LV,1.38,8,0.2631,0.8594,1.8906,N,N,07/2017,Analyst
27-1013.00,1.A.3.c.2,Dynamic Flexibility,IM,1.25,8,0.1637,1.0,1.5708,N,,07/2017,Analyst
27-1013.00,1.A.3.c.2,Dynamic Flexibility,LV,0.25,8,0.1637,0.0,0.5708,N,Y,07/2017,Analyst
27-1013.00,1.A.3.c.3,Gross Body Coordination,IM,1.88,8,0.125,1.63,2.12,N,,07/2017,Analyst
27-1013.00,1.A.3.c.3,Gross Body Coordination,LV,0.88,8,0.125,0.63,1.12,N,N,07/2017,Analyst
27-1013.00,1.A.3.c.4,Gross Body Equilibrium,IM,1.75,8,0.1637,1.4292,2.0708,N,,07/2017,Analyst
27-1013.00,1.A.3.c.4,Gross Body Equilibrium,LV,0.75,8,0.1637,0.4292,1.0708,N,N,07/2017,Analyst
27-1013.00,1.A.4.a.1,Near Vision,IM,3.62,8,0.183,3.2664,3.9836,N,,07/2017,Analyst
27-1013.00,1.A.4.a.1,Near Vision,LV,3.88,8,0.2266,3.4309,4.3191,N,N,07/2017,Analyst
27-1013.00,1.A.4.a.2,Far Vision,IM,3.0,8,0.189,2.6296,3.3704,N,,07/2017,Analyst
27-1013.00,1.A.4.a.2,Far Vision,LV,3.38,8,0.183,3.0164,3.7336,N,N,07/2017,Analyst
27-1013.00,1.A.4.a.3,Visual Color Discrimination,IM,3.75,8,0.25,3.26,4.24,N,,07/2017,Analyst
27-1013.00,1.A.4.a.3,Visual Color Discrimination,LV,5.25,8,0.25,4.76,5.74,N,N,07/2017,Analyst
27-1013.00,1.A.4.a.4,Night Vision,IM,1.0,8,0.0,1.0,1.0,N,,07/2017,Analyst
27-1013.00,1.A.4.a.4,Night Vision,LV,0.0,8,0.0,0.0,0.0,N,Y,07/2017,Analyst
27-1013.00,1.A.4.a.5,Peripheral Vision,IM,1.0,8,0.0,1.0,1.0,N,,07/2017,Analyst
27-1013.00,1.A.4.a.5,Peripheral Vision,LV,0.0,8,0.0,0.0,0.0,N,Y,07/2017,Analyst
27-1013.00,1.A.4.a.6,Depth Perception,IM,2.12,8,0.125,1.88,2.37,N,,07/2017,Analyst
27-1013.00,1.A.4.a.6,Depth Perception,LV,2.12,8,0.2266,1.6809,2.5691,N,N,07/2017,Analyst
27-1013.00,1.A.4.a.7,Glare Sensitivity,IM,1.0,8,0.0,1.0,1.0,N,,07/2017,Analyst
27-1013.00,1.A.4.a.7,Glare Sensitivity,LV,0.0,8,0.0,0.0,0.0,N,Y,07/2017,Analyst
27-1013.00,1.A.4.b.1,Hearing Sensitivity,IM,1.75,8,0.1637,1.4292,2.0708,N,,07/2017,Analyst
27-1013.00,1.A.4.b.1,Hearing Sensitivity,LV,1.38,8,0.3239,0.7402,2.0098,N,N,07/2017,Analyst
27-1013.00,1.A.4.b.2,Auditory Attention,IM,1.88,8,0.125,1.63,2.12,N,,07/2017,Analyst
27-1013.00,1.A.4.b.2,Auditory Attention,LV,1.75,8,0.25,1.26,2.24,N,N,07/2017,Analyst
27-1013.00,1.A.4.b.3,Sound Localization,IM,1.0,8,0.0,1.0,1.0,N,,07/2017,Analyst
27-1013.00,1.A.4.b.3,Sound Localization,LV,0.0,8,0.0,0.0,0.0,N,Y,07/2017,Analyst
27-1013.00,1.A.4.b.4,Speech Recognition,IM,3.0,8,0.0,3.0,3.0,N,,07/2017,Analyst
27-1013.00,1.A.4.b.4,Speech Recognition,LV,3.12,8,0.2266,2.6809,3.5691,N,N,07/2017,Analyst
27-1013.00,1.A.4.b.5,Speech Clarity,IM,3.0,8,0.0,3.0,3.0,N,,07/2017,Analyst
27-1013.00,1.A.4.b.5,Speech Clarity,LV,2.88,8,0.125,2.63,3.12,N,N,07/2017,Analyst
27-1014.00,1.A.1.a.1,Oral Comprehension,IM,4.12,8,0.125,3.88,4.37,N,,08/2019,Analyst
27-1014.00,1.A.1.a.1,Oral Comprehension,LV,4.12,8,0.125,3.88,4.37,N,N,08/2019,Analyst
27-1014.00,1.A.1.a.2,Written Comprehension,IM,4.0,8,0.0,4.0,4.0,N,,08/2019,Analyst
27-1014.00,1.A.1.a.2,Written Comprehension,LV,4.0,8,0.0,4.0,4.0,N,N,08/2019,Analyst
27-1014.00,1.A.1.a.3,Oral Expression,IM,4.0,8,0.0,4.0,4.0,N,,08/2019,Analyst
27-1014.00,1.A.1.a.3,Oral Expression,LV,4.0,8,0.0,4.0,4.0,N,N,08/2019,Analyst
27-1014.00,1.A.1.a.4,Written Expression,IM,3.5,8,0.189,3.1296,3.8704,N,,08/2019,Analyst
27-1014.00,1.A.1.a.4,Written Expression,LV,3.75,8,0.1637,3.4292,4.0708,N,N,08/2019,Analyst
27-1014.00,1.A.1.b.1,Fluency of Ideas,IM,3.38,8,0.183,3.0164,3.7336,N,,08/2019,Analyst
27-1014.00,1.A.1.b.1,Fluency of Ideas,LV,4.0,8,0.189,3.6296,4.3704,N,N,08/2019,Analyst
27-1014.00,1.A.1.b.2,Originality,IM,3.5,8,0.189,3.1296,3.8704,N,,08/2019,Analyst
27-1014.00,1.A.1.b.2,Originality,LV,4.0,8,0.189,3.6296,4.3704,N,N,08/2019,Analyst
27-1014.00,1.A.1.b.3,Problem Sensitivity,IM,3.62,8,0.183,3.2664,3.9836,N,,08/2019,Analyst
27-1014.00,1.A.1.b.3,Problem Sensitivity,LV,3.5,8,0.189,3.1296,3.8704,N,N,08/2019,Analyst
27-1014.00,1.A.1.b.4,Deductive Reasoning,IM,3.62,8,0.183,3.2664,3.9836,N,,08/2019,Analyst
27-1014.00,1.A.1.b.4,Deductive Reasoning,LV,3.75,8,0.1637,3.4292,4.0708,N,N,08/2019,Analyst
27-1014.00,1.A.1.b.5,Inductive Reasoning,IM,3.25,8,0.1637,2.9292,3.5708,N,,08/2019,Analyst
27-1014.00,1.A.1.b.5,Inductive Reasoning,LV,3.38,8,0.183,3.0164,3.7336,N,N,08/2019,Analyst
27-1014.00,1.A.1.b.6,Information Ordering,IM,3.38,8,0.183,3.0164,3.7336,N,,08/2019,Analyst
27-1014.00,1.A.1.b.6,Information Ordering,LV,3.38,8,0.183,3.0164,3.7336,N,N,08/2019,Analyst
27-1014.00,1.A.1.b.7,Category Flexibility,IM,3.0,8,0.0,3.0,3.0,N,,08/2019,Analyst
27-1014.00,1.A.1.b.7,Category Flexibility,LV,3.62,8,0.183,3.2664,3.9836,N,N,08/2019,Analyst
27-1014.00,1.A.1.c.1,Mathematical Reasoning,IM,2.75,8,0.1637,2.4292,3.0708,N,,08/2019,Analyst
27-1014.00,1.A.1.c.1,Mathematical Reasoning,LV,2.38,8,0.2631,1.8594,2.8906,N,N,08/2019,Analyst
27-1014.00,1.A.1.c.2,Number Facility,IM,2.38,8,0.183,2.0164,2.7336,N,,08/2019,Analyst
27-1014.00,1.A.1.c.2,Number Facility,LV,2.5,8,0.189,2.1296,2.8704,N,N,08/2019,Analyst
27-1014.00,1.A.1.d.1,Memorization,IM,2.12,8,0.125,1.88,2.37,N,,08/2019,Analyst
27-1014.00,1.A.1.d.1,Memorization,LV,2.62,8,0.183,2.2664,2.9836,N,N,08/2019,Analyst
27-1014.00,1.A.1.e.1,Speed of Closure,IM,2.5,8,0.189,2.1296,2.8704,N,,08/2019,Analyst
27-1014.00,1.A.1.e.1,Speed of Closure,LV,2.75,8,0.1637,2.4292,3.0708,N,N,08/2019,Analyst
27-1014.00,1.A.1.e.2,Flexibility of Closure,IM,2.75,8,0.1637,2.4292,3.0708,N,,08/2019,Analyst
27-1014.00,1.A.1.e.2,Flexibility of Closure,LV,2.75,8,0.1637,2.4292,3.0708,N,N,08/2019,Analyst
27-1014.00,1.A.1.e.3,Perceptual Speed,IM,2.75,8,0.1637,2.4292,3.0708,N,,08/2019,Analyst
27-1014.00,1.A.1.e.3,Perceptual Speed,LV,2.75,8,0.1637,2.4292,3.0708,N,N,08/2019,Analyst
27-1014.00,1.A.1.f.1,Spatial Orientation,IM,1.0,8,0.0,1.0,1.0,N,,08/2019,Analyst
27-1014.00,1.A.1.f.1,Spatial Orientation,LV,0.0,8,0.0,0.0,0.0,N,Y,08/2019,Analyst
27-1014.00,1.A.1.f.2,Visualization,IM,4.0,8,0.189,3.6296,4.3704,N,,08/2019,Analyst
27-1014.00,1.A.1.f.2,Visualization,LV,4.0,8,0.189,3.6296,4.3704,N,N,08/2019,Analyst
27-1014.00,1.A.1.g.1,Selective Attention,IM,3.0,8,0.0,3.0,3.0,N,,08/2019,Analyst
27-1014.00,1.A.1.g.1,Selective Attention,LV,3.0,8,0.0,3.0,3.0,N,N,08/2019,Analyst
27-1014.00,1.A.1.g.2,Time Sharing,IM,2.5,8,0.189,2.1296,2.8704,N,,08/2019,Analyst
27-1014.00,1.A.1.g.2,Time Sharing,LV,2.38,8,0.183,2.0164,2.7336,N,N,08/2019,Analyst
27-1014.00,1.A.2.a.1,Arm-Hand Steadiness,IM,2.75,8,0.1637,2.4292,3.0708,N,,08/2019,Analyst
27-1014.00,1.A.2.a.1,Arm-Hand Steadiness,LV,2.88,8,0.125,2.63,3.12,N,N,08/2019,Analyst
27-1014.00,1.A.2.a.2,Manual Dexterity,IM,2.25,8,0.1637,1.9292,2.5708,N,,08/2019,Analyst
27-1014.00,1.A.2.a.2,Manual Dexterity,LV,2.25,8,0.1637,1.9292,2.5708,N,N,08/2019,Analyst
27-1014.00,1.A.2.a.3,Finger Dexterity,IM,2.62,8,0.183,2.2664,2.9836,N,,08/2019,Analyst
27-1014.00,1.A.2.a.3,Finger Dexterity,LV,2.62,8,0.183,2.2664,2.9836,N,N,08/2019,Analyst
27-1014.00,1.A.2.b.1,Control Precision,IM,2.38,8,0.183,2.0164,2.7336,N,,08/2019,Analyst
27-1014.00,1.A.2.b.1,Control Precision,LV,2.38,8,0.183,2.0164,2.7336,N,N,08/2019,Analyst
27-1014.00,1.A.2.b.2,Multilimb Coordination,IM,1.5,8,0.189,1.1296,1.8704,N,,08/2019,Analyst
27-1014.00,1.A.2.b.2,Multilimb Coordination,LV,0.5,8,0.189,0.1296,0.8704,N,N,08/2019,Analyst
27-1014.00,1.A.2.b.3,Response Orientation,IM,1.5,8,0.189,1.1296,1.8704,N,,08/2019,Analyst
27-1014.00,1.A.2.b.3,Response Orientation,LV,0.5,8,0.189,0.1296,0.8704,N,N,08/2019,Analyst
27-1014.00,1.A.2.b.4,Rate Control,IM,1.88,8,0.125,1.63,2.12,N,,08/2019,Analyst
27-1014.00,1.A.2.b.4,Rate Control,LV,1.0,8,0.189,0.6296,1.3704,N,N,08/2019,Analyst
27-1014.00,1.A.2.c.1,Reaction Time,IM,1.75,8,0.1637,1.4292,2.0708,N,,08/2019,Analyst
27-1014.00,1.A.2.c.1,Reaction Time,LV,0.75,8,0.1637,0.4292,1.0708,N,N,08/2019,Analyst
27-1014.00,1.A.2.c.2,Wrist-Finger Speed,IM,2.0,8,0.189,1.6296,2.3704,N,,08/2019,Analyst
27-1014.00,1.A.2.c.2,Wrist-Finger Speed,LV,1.5,8,0.3273,0.8584,2.1416,N,N,08/2019,Analyst
27-1014.00,1.A.2.c.3,Speed of Limb Movement,IM,1.0,8,0.0,1.0,1.0,N,,08/2019,Analyst
27-1014.00,1.A.2.c.3,Speed of Limb Movement,LV,0.0,8,0.0,0.0,0.0,N,Y,08/2019,Analyst
27-1014.00,1.A.3.a.1,Static Strength,IM,1.0,8,0.0,1.0,1.0,N,,08/2019,Analyst
27-1014.00,1.A.3.a.1,Static Strength,LV,0.0,8,0.0,0.0,0.0,N,Y,08/2019,Analyst
27-1014.00,1.A.3.a.2,Explosive Strength,IM,1.0,8,0.0,1.0,1.0,N,,08/2019,Analyst
27-1014.00,1.A.3.a.2,Explosive Strength,LV,0.0,8,0.0,0.0,0.0,N,Y,08/2019,Analyst
27-1014.00,1.A.3.a.3,Dynamic Strength,IM,1.25,8,0.1637,1.0,1.5708,N,,08/2019,Analyst
27-1014.00,1.A.3.a.3,Dynamic Strength,LV,0.25,8,0.1637,0.0,0.5708,N,Y,08/2019,Analyst
27-1014.00,1.A.3.a.4,Trunk Strength,IM,1.62,8,0.183,1.2664,1.9836,N,,08/2019,Analyst
27-1014.00,1.A.3.a.4,Trunk Strength,LV,1.12,8,0.3504,0.4383,1.8117,N,N,08/2019,Analyst
27-1014.00,1.A.3.b.1,Stamina,IM,1.0,8,0.0,1.0,1.0,N,,08/2019,Analyst
27-1014.00,1.A.3.b.1,Stamina,LV,0.0,8,0.0,0.0,0.0,N,Y,08/2019,Analyst
27-1014.00,1.A.3.c.1,Extent Flexibility,IM,1.0,8,0.0,1.0,1.0,N,,08/2019,Analyst
27-1014.00,1.A.3.c.1,Extent Flexibility,LV,0.0,8,0.0,0.0,0.0,N,Y,08/2019,Analyst
27-1014.00,1.A.3.c.2,Dynamic Flexibility,IM,1.0,8,0.0,1.0,1.0,N,,08/2019,Analyst
27-1014.00,1.A.3.c.2,Dynamic Flexibility,LV,0.0,8,0.0,0.0,0.0,N,Y,08/2019,Analyst
27-1014.00,1.A.3.c.3,Gross Body Coordination,IM,1.0,8,0.0,1.0,1.0,N,,08/2019,Analyst
27-1014.00,1.A.3.c.3,Gross Body Coordination,LV,0.0,8,0.0,0.0,0.0,N,Y,08/2019,Analyst
27-1014.00,1.A.3.c.4,Gross Body Equilibrium,IM,1.0,8,0.0,1.0,1.0,N,,08/2019,Analyst
27-1014.00,1.A.3.c.4,Gross Body Equilibrium,LV,0.0,8,0.0,0.0,0.0,N,Y,08/2019,Analyst
27-1014.00,1.A.4.a.1,Near Vision,IM,3.88,8,0.125,3.63,4.12,N,,08/2019,Analyst
27-1014.00,1.A.4.a.1,Near Vision,LV,4.12,8,0.125,3.88,4.37,N,N,08/2019,Analyst
27-1014.00,1.A.4.a.2,Far Vision,IM,2.88,8,0.125,2.63,3.12,N,,08/2019,Analyst
27-1014.00,1.A.4.a.2,Far Vision,LV,3.12,8,0.125,2.88,3.37,N,N,08/2019,Analyst
27-1014.00,1.A.4.a.3,Visual Color Discrimination,IM,3.62,8,0.183,3.2664,3.9836,N,,08/2019,Analyst
27-1014.00,1.A.4.a.3,Visual Color Discrimination,LV,4.0,8,0.189,3.6296,4.3704,N,N,08/2019,Analyst
27-1014.00,1.A.4.a.4,Night Vision,IM,1.0,8,0.0,1.0,1.0,N,,08/2019,Analyst
27-1014.00,1.A.4.a.4,Night Vision,LV,0.0,8,0.0,0.0,0.0,N,Y,08/2019,Analyst
27-1014.00,1.A.4.a.5,Peripheral Vision,IM,1.0,8,0.0,1.0,1.0,N,,08/2019,Analyst
27-1014.00,1.A.4.a.5,Peripheral Vision,LV,0.0,8,0.0,0.0,0.0,N,Y,08/2019,Analyst
27-1014.00,1.A.4.a.6,Depth Perception,IM,2.0,8,0.189,1.6296,2.3704,N,,08/2019,Analyst
27-1014.00,1.A.4.a.6,Depth Perception,LV,1.75,8,0.3134,1.1358,2.3642,N,N,08/2019,Analyst
27-1014.00,1.A.4.a.7,Glare Sensitivity,IM,1.0,8,0.0,1.0,1.0,N,,08/2019,Analyst
27-1014.00,1.A.4.a.7,Glare Sensitivity,LV,0.0,8,0.0,0.0,0.0,N,Y,08/2019,Analyst
27-1014.00,1.A.4.b.1,Hearing Sensitivity,IM,1.88,8,0.2266,1.4309,2.3191,N,,08/2019,Analyst
27-1014.00,1.A.4.b.1,Hearing Sensitivity,LV,1.62,8,0.375,0.89,2.36,N,N,08/2019,Analyst
27-1014.00,1.A.4.b.2,Auditory Attention,IM,1.88,8,0.125,1.63,2.12,N,,08/2019,Analyst
27-1014.00,1.A.4.b.2,Auditory Attention,LV,1.75,8,0.25,1.26,2.24,N,N,08/2019,Analyst
27-1014.00,1.A.4.b.3,Sound Localization,IM,1.0,8,0.0,1.0,1.0,N,,08/2019,Analyst
27-1014.00,1.A.4.b.3,Sound Localization,LV,0.0,8,0.0,0.0,0.0,N,Y,08/2019,Analyst
27-1014.00,1.A.4.b.4,Speech Recognition,IM,3.12,8,0.125,2.88,3.37,N,,08/2019,Analyst
27-1014.00,1.A.4.b.4,Speech Recognition,LV,3.12,8,0.125,2.88,3.37,N,N,08/2019,Analyst
27-1014.00,1.A.4.b.5,Speech Clarity,IM,3.5,8,0.189,3.1296,3.8704,N,,08/2019,Analyst
27-1014.00,1.A.4.b.5,Speech Clarity,LV,3.25,8,0.1637,2.9292,3.5708,N,N,08/2019,Analyst
27-1021.00,1.A.1.a.1,Oral Comprehension,IM,3.75,8,0.1637,3.4292,4.0708,N,,08/2019,Analyst
27-1021.00,1.A.1.a.1,Oral Comprehension,LV,4.0,8,0.0,4.0,4.0,N,N,08/2019,Analyst
27-1021.00,1.A.1.a.2,Written Comprehension,IM,3.75,8,0.1637,3.4292,4.0708,N,,08/2019,Analyst
27-1021.00,1.A.1.a.2,Written Comprehension,LV,4.0,8,0.0,4.0,4.0,N,N,08/2019,Analyst
27-1021.00,1.A.1.a.3,Oral Expression,IM,3.75,8,0.1637,3.4292,4.0708,N,,08/2019,Analyst
27-1021.00,1.A.1.a.3,Oral Expression,LV,4.0,8,0.0,4.0,4.0,N,N,08/2019,Analyst
27-1021.00,1.A.1.a.4,Written Expression,IM,3.12,8,0.125,2.88,3.37,N,,08/2019,Analyst
27-1021.00,1.A.1.a.4,Written Expression,LV,3.88,8,0.125,3.63,4.12,N,N,08/2019,Analyst
27-1021.00,1.A.1.b.1,Fluency of Ideas,IM,3.88,8,0.125,3.63,4.12,N,,08/2019,Analyst
27-1021.00,1.A.1.b.1,Fluency of Ideas,LV,4.0,8,0.189,3.6296,4.3704,N,N,08/2019,Analyst
27-1021.00,1.A.1.b.2,Originality,IM,3.88,8,0.125,3.63,4.12,N,,08/2019,Analyst
27-1021.00,1.A.1.b.2,Originality,LV,4.38,8,0.2631,3.8594,4.8906,N,N,08/2019,Analyst
27-1021.00,1.A.1.b.3,Problem Sensitivity,IM,3.62,8,0.183,3.2664,3.9836,N,,08/2019,Analyst
27-1021.00,1.A.1.b.3,Problem Sensitivity,LV,3.88,8,0.2266,3.4309,4.3191,N,N,08/2019,Analyst
27-1021.00,1.A.1.b.4,Deductive Reasoning,IM,3.75,8,0.1637,3.4292,4.0708,N,,08/2019,Analyst
27-1021.00,1.A.1.b.4,Deductive Reasoning,LV,4.62,8,0.2631,4.1094,5.1406,N,N,08/2019,Analyst
27-1021.00,1.A.1.b.5,Inductive Reasoning,IM,3.38,8,0.183,3.0164,3.7336,N,,08/2019,Analyst
27-1021.00,1.A.1.b.5,Inductive Reasoning,LV,3.88,8,0.125,3.63,4.12,N,N,08/2019,Analyst
27-1021.00,1.A.1.b.6,Information Ordering,IM,3.62,8,0.183,3.2664,3.9836,N,,08/2019,Analyst
27-1021.00,1.A.1.b.6,Information Ordering,LV,3.88,8,0.125,3.63,4.12,N,N,08/2019,Analyst
27-1021.00,1.A.1.b.7,Category Flexibility,IM,3.12,8,0.125,2.88,3.37,N,,08/2019,Analyst
27-1021.00,1.A.1.b.7,Category Flexibility,LV,3.88,8,0.125,3.63,4.12,N,N,08/2019,Analyst
27-1021.00,1.A.1.c.1,Mathematical Reasoning,IM,2.75,8,0.1637,2.4292,3.0708,N,,08/2019,Analyst
27-1021.00,1.A.1.c.1,Mathematical Reasoning,LV,3.38,8,0.2631,2.8594,3.8906,N,N,08/2019,Analyst
27-1021.00,1.A.1.c.2,Number Facility,IM,2.75,8,0.1637,2.4292,3.0708,N,,08/2019,Analyst
27-1021.00,1.A.1.c.2,Number Facility,LV,2.88,8,0.125,2.63,3.12,N,N,08/2019,Analyst
27-1021.00,1.A.1.d.1,Memorization,IM,2.5,8,0.189,2.1296,2.8704,N,,08/2019,Analyst
27-1021.00,1.A.1.d.1,Memorization,LV,2.62,8,0.2631,2.1094,3.1406,N,N,08/2019,Analyst
27-1021.00,1.A.1.e.1,Speed of Closure,IM,2.25,8,0.1637,1.9292,2.5708,N,,08/2019,Analyst
27-1021.00,1.A.1.e.1,Speed of Closure,LV,2.25,8,0.1637,1.9292,2.5708,N,N,08/2019,Analyst
27-1021.00,1.A.1.e.2,Flexibility of Closure,IM,3.12,8,0.125,2.88,3.37,N,,08/2019,Analyst
27-1021.00,1.A.1.e.2,Flexibility of Closure,LV,3.75,8,0.1637,3.4292,4.0708,N,N,08/2019,Analyst
27-1021.00,1.A.1.e.3,Perceptual Speed,IM,2.75,8,0.1637,2.4292,3.0708,N,,08/2019,Analyst
27-1021.00,1.A.1.e.3,Perceptual Speed,LV,2.75,8,0.1637,2.4292,3.0708,N,N,08/2019,Analyst
27-1021.00,1.A.1.f.1,Spatial Orientation,IM,1.38,8,0.183,1.0164,1.7336,N,,08/2019,Analyst
27-1021.00,1.A.1.f.1,Spatial Orientation,LV,0.38,8,0.183,0.0164,0.7336,N,N,08/2019,Analyst
27-1021.00,1.A.1.f.2,Visualization,IM,3.75,8,0.1637,3.4292,4.0708,N,,08/2019,Analyst
27-1021.00,1.A.1.f.2,Visualization,LV,4.25,8,0.25,3.76,4.74,N,N,08/2019,Analyst
27-1021.00,1.A.1.g.1,Selective Attention,IM,3.12,8,0.125,2.88,3.37,N,,08/2019,Analyst
27-1021.00,1.A.1.g.1,Selective Attention,LV,3.12,8,0.125,2.88,3.37,N,N,08/2019,Analyst
27-1021.00,1.A.1.g.2,Time Sharing,IM,2.75,8,0.1637,2.4292,3.0708,N,,08/2019,Analyst
27-1021.00,1.A.1.g.2,Time Sharing,LV,2.38,8,0.183,2.0164,2.7336,N,N,08/2019,Analyst
27-1021.00,1.A.2.a.1,Arm-Hand Steadiness,IM,2.88,8,0.125,2.63,3.12,N,,08/2019,Analyst
27-1021.00,1.A.2.a.1,Arm-Hand Steadiness,LV,2.75,8,0.1637,2.4292,3.0708,N,N,08/2019,Analyst
27-1021.00,1.A.2.a.2,Manual Dexterity,IM,2.12,8,0.125,1.88,2.37,N,,08/2019,Analyst
27-1021.00,1.A.2.a.2,Manual Dexterity,LV,1.75,8,0.1637,1.4292,2.0708,N,N,08/2019,Analyst
27-1021.00,1.A.2.a.3,Finger Dexterity,IM,2.75,8,0.1637,2.4292,3.0708,N,,08/2019,Analyst
27-1021.00,1.A.2.a.3,Finger Dexterity,LV,2.75,8,0.1637,2.4292,3.0708,N,N,08/2019,Analyst
27-1021.00,1.A.2.b.1,Control Precision,IM,2.12,8,0.125,1.88,2.37,N,,08/2019,Analyst
27-1021.00,1.A.2.b.1,Control Precision,LV,2.12,8,0.125,1.88,2.37,N,N,08/2019,Analyst
27-1021.00,1.A.2.b.2,Multilimb Coordination,IM,1.12,8,0.125,1.0,1.37,N,,08/2019,Analyst
27-1021.00,1.A.2.b.2,Multilimb Coordination,LV,0.12,8,0.125,0.0,0.37,N,Y,08/2019,Analyst
27-1021.00,1.A.2.b.3,Response Orientation,IM,1.0,8,0.0,1.0,1.0,N,,08/2019,Analyst
27-1021.00,1.A.2.b.3,Response Orientation,LV,0.0,8,0.0,0.0,0.0,N,Y,08/2019,Analyst
27-1021.00,1.A.2.b.4,Rate Control,IM,1.5,8,0.189,1.1296,1.8704,N,,08/2019,Analyst
27-1021.00,1.A.2.b.4,Rate Control,LV,0.62,8,0.2631,0.1094,1.1406,N,N,08/2019,Analyst
27-1021.00,1.A.2.c.1,Reaction Time,IM,1.75,8,0.25,1.26,2.24,N,,08/2019,Analyst
27-1021.00,1.A.2.c.1,Reaction Time,LV,1.38,8,0.4199,0.5519,2.1981,N,N,08/2019,Analyst
27-1021.00,1.A.2.c.2,Wrist-Finger Speed,IM,1.38,8,0.183,1.0164,1.7336,N,,08/2019,Analyst
27-1021.00,1.A.2.c.2,Wrist-Finger Speed,LV,0.5,8,0.2673,0.0,1.0238,N,N,08/2019,Analyst
27-1021.00,1.A.2.c.3,Speed of Limb Movement,IM,1.0,8,0.0,1.0,1.0,N,,08/2019,Analyst
27-1021.00,1.A.2.c.3,Speed of Limb Movement,LV,0.0,8,0.0,0.0,0.0,N,Y,08/2019,Analyst
27-1021.00,1.A.3.a.1,Static Strength,IM,1.12,8,0.125,1.0,1.37,N,,08/2019,Analyst
27-1021.00,1.A.3.a.1,Static Strength,LV,0.12,8,0.125,0.0,0.37,N,Y,08/2019,Analyst
27-1021.00,1.A.3.a.2,Explosive Strength,IM,1.0,8,0.0,1.0,1.0,N,,08/2019,Analyst
27-1021.00,1.A.3.a.2,Explosive Strength,LV,0.0,8,0.0,0.0,0.0,N,Y,08/2019,Analyst
27-1021.00,1.A.3.a.3,Dynamic Strength,IM,1.62,8,0.183,1.2664,1.9836,N,,08/2019,Analyst
27-1021.00,1.A.3.a.3,Dynamic Strength,LV,0.62,8,0.183,0.2664,0.9836,N,N,08/2019,Analyst
27-1021.00,1.A.3.a.4,Trunk Strength,IM,1.75,8,0.1637,1.4292,2.0708,N,,08/2019,Analyst
27-1021.00,1.A.3.a.4,Trunk Strength,LV,1.12,8,0.295,0.5467,1.7033,N,N,08/2019,Analyst
27-1021.00,1.A.3.b.1,Stamina,IM,1.0,8,0.0,1.0,1.0,N,,08/2019,Analyst
27-1021.00,1.A.3.b.1,Stamina,LV,0.0,8,0.0,0.0,0.0,N,Y,08/2019,Analyst
27-1021.00,1.A.3.c.1,Extent Flexibility,IM,1.0,8,0.0,1.0,1.0,N,,08/2019,Analyst
27-1021.00,1.A.3.c.1,Extent Flexibility,LV,0.0,8,0.0,0.0,0.0,N,Y,08/2019,Analyst
27-1021.00,1.A.3.c.2,Dynamic Flexibility,IM,1.0,8,0.0,1.0,1.0,N,,08/2019,Analyst
27-1021.00,1.A.3.c.2,Dynamic Flexibility,LV,0.0,8,0.0,0.0,0.0,N,Y,08/2019,Analyst
27-1021.00,1.A.3.c.3,Gross Body Coordination,IM,1.0,8,0.0,1.0,1.0,N,,08/2019,Analyst
27-1021.00,1.A.3.c.3,Gross Body Coordination,LV,0.0,8,0.0,0.0,0.0,N,Y,08/2019,Analyst
27-1021.00,1.A.3.c.4,Gross Body Equilibrium,IM,1.0,8,0.0,1.0,1.0,N,,08/2019,Analyst
27-1021.00,1.A.3.c.4,Gross Body Equilibrium,LV,0.0,8,0.0,0.0,0.0,N,Y,08/2019,Analyst
27-1021.00,1.A.4.a.1,Near Vision,IM,3.88,8,0.125,3.63,4.12,N,,08/2019,Analyst
27-1021.00,1.A.4.a.1,Near Vision,LV,4.12,8,0.125,3.88,4.37,N,N,08/2019,Analyst
27-1021.00,1.A.4.a.2,Far Vision,IM,3.0,8,0.0,3.0,3.0,N,,08/2019,Analyst
27-1021.00,1.A.4.a.2,Far Vision,LV,3.12,8,0.125,2.88,3.37,N,N,08/2019,Analyst
27-1021.00,1.A.4.a.3,Visual Color Discrimination,IM,3.25,8,0.1637,2.9292,3.5708,N,,08/2019,Analyst
27-1021.00,1.A.4.a.3,Visual Color Discrimination,LV,3.75,8,0.1637,3.4292,4.0708,N,N,08/2019,Analyst
27-1021.00,1.A.4.a.4,Night Vision,IM,1.0,8,0.0,1.0,1.0,N,,08/2019,Analyst
27-1021.00,1.A.4.a.4,Night Vision,LV,0.0,8,0.0,0.0,0.0,N,Y,08/2019,Analyst
27-1021.00,1.A.4.a.5,Peripheral Vision,IM,1.0,8,0.0,1.0,1.0,N,,08/2019,Analyst
27-1021.00,1.A.4.a.5,Peripheral Vision,LV,0.0,8,0.0,0.0,0.0,N,Y,08/2019,Analyst
27-1021.00,1.A.4.a.6,Depth Perception,IM,2.0,8,0.0,2.0,2.0,N,,08/2019,Analyst
27-1021.00,1.A.4.a.6,Depth Perception,LV,2.12,8,0.125,1.88,2.37,N,N,08/2019,Analyst
27-1021.00,1.A.4.a.7,Glare Sensitivity,IM,1.0,8,0.0,1.0,1.0,N,,08/2019,Analyst
27-1021.00,1.A.4.a.7,Glare Sensitivity,LV,0.0,8,0.0,0.0,0.0,N,Y,08/2019,Analyst
27-1021.00,1.A.4.b.1,Hearing Sensitivity,IM,2.12,8,0.125,1.88,2.37,N,,08/2019,Analyst
27-1021.00,1.A.4.b.1,Hearing Sensitivity,LV,1.88,8,0.125,1.63,2.12,N,N,08/2019,Analyst
27-1021.00,1.A.4.b.2,Auditory Attention,IM,2.12,8,0.125,1.88,2.37,N,,08/2019,Analyst
27-1021.00,1.A.4.b.2,Auditory Attention,LV,2.0,8,0.0,2.0,2.0,N,N,08/2019,Analyst
27-1021.00,1.A.4.b.3,Sound Localization,IM,1.0,8,0.0,1.0,1.0,N,,08/2019,Analyst
27-1021.00,1.A.4.b.3,Sound Localization,LV,0.0,8,0.0,0.0,0.0,N,Y,08/2019,Analyst
27-1021.00,1.A.4.b.4,Speech Recognition,IM,3.62,8,0.183,3.2664,3.9836,N,,08/2019,Analyst
27-1021.00,1.A.4.b.4,Speech Recognition,LV,3.88,8,0.125,3.63,4.12,N,N,08/2019,Analyst
27-1021.00,1.A.4.b.5,Speech Clarity,IM,3.5,8,0.189,3.1296,3.8704,N,,08/2019,Analyst
27-1021.00,1.A.4.b.5,Speech Clarity,LV,3.25,8,0.1637,2.9292,3.5708,N,N,08/2019,Analyst
27-1022.00,1.A.1.a.1,Oral Comprehension,IM,3.75,8,0.1637,3.4292,4.0708,N,,08/2024,Analyst
27-1022.00,1.A.1.a.1,Oral Comprehension,LV,4.0,8,0.0,4.0,4.0,N,N,08/2024,Analyst
27-1022.00,1.A.1.a.2,Written Comprehension,IM,3.88,8,0.125,3.63,4.12,N,,08/2024,Analyst
27-1022.00,1.A.1.a.2,Written Comprehension,LV,3.75,8,0.1637,3.4292,4.0708,N,N,08/2024,Analyst
27-1022.00,1.A.1.a.3,Oral Expression,IM,3.88,8,0.125,3.63,4.12,N,,08/2024,Analyst
27-1022.00,1.A.1.a.3,Oral Expression,LV,4.0,8,0.0,4.0,4.0,N,N,08/2024,Analyst
27-1022.00,1.A.1.a.4,Written Expression,IM,3.62,8,0.183,3.2664,3.9836,N,,08/2024,Analyst
27-1022.00,1.A.1.a.4,Written Expression,LV,3.62,8,0.183,3.2664,3.9836,N,N,08/2024,Analyst
27-1022.00,1.A.1.b.1,Fluency of Ideas,IM,3.88,8,0.125,3.63,4.12,N,,08/2024,Analyst
27-1022.00,1.A.1.b.1,Fluency of Ideas,LV,3.88,8,0.125,3.63,4.12,N,N,08/2024,Analyst
27-1022.00,1.A.1.b.2,Originality,IM,4.25,8,0.1637,3.9292,4.5708,N,,08/2024,Analyst
27-1022.00,1.A.1.b.2,Originality,LV,4.38,8,0.183,4.0164,4.7336,N,N,08/2024,Analyst
27-1022.00,1.A.1.b.3,Problem Sensitivity,IM,3.62,8,0.183,3.2664,3.9836,N,,08/2024,Analyst
27-1022.00,1.A.1.b.3,Problem Sensitivity,LV,3.12,8,0.2266,2.6809,3.5691,N,N,08/2024,Analyst
27-1022.00,1.A.1.b.4,Deductive Reasoning,IM,3.62,8,0.183,3.2664,3.9836,N,,08/2024,Analyst
27-1022.00,1.A.1.b.4,Deductive Reasoning,LV,3.75,8,0.1637,3.4292,4.0708,N,N,08/2024,Analyst
27-1022.00,1.A.1.b.5,Inductive Reasoning,IM,3.5,8,0.189,3.1296,3.8704,N,,08/2024,Analyst
27-1022.00,1.A.1.b.5,Inductive Reasoning,LV,3.12,8,0.125,2.88,3.37,N,N,08/2024,Analyst
27-1022.00,1.A.1.b.6,Information Ordering,IM,3.12,8,0.125,2.88,3.37,N,,08/2024,Analyst
27-1022.00,1.A.1.b.6,Information Ordering,LV,3.12,8,0.125,2.88,3.37,N,N,08/2024,Analyst
27-1022.00,1.A.1.b.7,Category Flexibility,IM,3.62,8,0.183,3.2664,3.9836,N,,08/2024,Analyst
27-1022.00,1.A.1.b.7,Category Flexibility,LV,3.88,8,0.2266,3.4309,4.3191,N,N,08/2024,Analyst
27-1022.00,1.A.1.c.1,Mathematical Reasoning,IM,2.25,8,0.1637,1.9292,2.5708,N,,08/2024,Analyst
27-1022.00,1.A.1.c.1,Mathematical Reasoning,LV,1.88,8,0.125,1.63,2.12,N,N,08/2024,Analyst
27-1022.00,1.A.1.c.2,Number Facility,IM,2.25,8,0.1637,1.9292,2.5708,N,,08/2024,Analyst
27-1022.00,1.A.1.c.2,Number Facility,LV,2.62,8,0.183,2.2664,2.9836,N,N,08/2024,Analyst
27-1022.00,1.A.1.d.1,Memorization,IM,2.0,8,0.0,2.0,2.0,N,,08/2024,Analyst
27-1022.00,1.A.1.d.1,Memorization,LV,2.0,8,0.0,2.0,2.0,N,N,08/2024,Analyst
27-1022.00,1.A.1.e.1,Speed of Closure,IM,2.12,8,0.125,1.88,2.37,N,,08/2024,Analyst
27-1022.00,1.A.1.e.1,Speed of Closure,LV,2.0,8,0.0,2.0,2.0,N,N,08/2024,Analyst
27-1022.00,1.A.1.e.2,Flexibility of Closure,IM,2.88,8,0.125,2.63,3.12,N,,08/2024,Analyst
27-1022.00,1.A.1.e.2,Flexibility of Closure,LV,2.88,8,0.125,2.63,3.12,N,N,08/2024,Analyst
27-1022.00,1.A.1.e.3,Perceptual Speed,IM,2.88,8,0.125,2.63,3.12,N,,08/2024,Analyst
27-1022.00,1.A.1.e.3,Perceptual Speed,LV,2.75,8,0.1637,2.4292,3.0708,N,N,08/2024,Analyst
27-1022.00,1.A.1.f.1,Spatial Orientation,IM,1.12,8,0.125,1.0,1.37,N,,08/2024,Analyst
27-1022.00,1.A.1.f.1,Spatial Orientation,LV,0.12,8,0.125,0.0,0.37,N,Y,08/2024,Analyst
27-1022.00,1.A.1.f.2,Visualization,IM,3.75,8,0.1637,3.4292,4.0708,N,,08/2024,Analyst
27-1022.00,1.A.1.f.2,Visualization,LV,3.62,8,0.183,3.2664,3.9836,N,N,08/2024,Analyst
27-1022.00,1.A.1.g.1,Selective Attention,IM,3.0,8,0.0,3.0,3.0,N,,08/2024,Analyst
27-1022.00,1.A.1.g.1,Selective Attention,LV,3.0,8,0.0,3.0,3.0,N,N,08/2024,Analyst
27-1022.00,1.A.1.g.2,Time Sharing,IM,2.5,8,0.189,2.1296,2.8704,N,,08/2024,Analyst
27-1022.00,1.A.1.g.2,Time Sharing,LV,2.0,8,0.0,2.0,2.0,N,N,08/2024,Analyst
27-1022.00,1.A.2.a.1,Arm-Hand Steadiness,IM,2.88,8,0.2266,2.4309,3.3191,N,,08/2024,Analyst
27-1022.00,1.A.2.a.1,Arm-Hand Steadiness,LV,2.75,8,0.25,2.26,3.24,N,N,08/2024,Analyst
27-1022.00,1.A.2.a.2,Manual Dexterity,IM,2.38,8,0.183,2.0164,2.7336,N,,08/2024,Analyst
27-1022.00,1.A.2.a.2,Manual Dexterity,LV,2.12,8,0.125,1.88,2.37,N,N,08/2024,Analyst
27-1022.00,1.A.2.a.3,Finger Dexterity,IM,2.88,8,0.125,2.63,3.12,N,,08/2024,Analyst
27-1022.00,1.A.2.a.3,Finger Dexterity,LV,2.88,8,0.125,2.63,3.12,N,N,08/2024,Analyst
27-1022.00,1.A.2.b.1,Control Precision,IM,2.12,8,0.125,1.88,2.37,N,,08/2024,Analyst
27-1022.00,1.A.2.b.1,Control Precision,LV,2.0,8,0.189,1.6296,2.3704,N,N,08/2024,Analyst
27-1022.00,1.A.2.b.2,Multilimb Coordination,IM,1.62,8,0.183,1.2664,1.9836,N,,08/2024,Analyst
27-1022.00,1.A.2.b.2,Multilimb Coordination,LV,0.75,8,0.25,0.26,1.24,N,N,08/2024,Analyst
27-1022.00,1.A.2.b.3,Response Orientation,IM,1.12,8,0.125,1.0,1.37,N,,08/2024,Analyst
27-1022.00,1.A.2.b.3,Response Orientation,LV,0.25,8,0.25,0.0,0.74,N,Y,08/2024,Analyst
27-1022.00,1.A.2.b.4,Rate Control,IM,1.75,8,0.25,1.26,2.24,N,,08/2024,Analyst
27-1022.00,1.A.2.b.4,Rate Control,LV,0.88,8,0.295,0.2967,1.4533,N,N,08/2024,Analyst
27-1022.00,1.A.2.c.1,Reaction Time,IM,1.62,8,0.2631,1.1094,2.1406,N,,08/2024,Analyst
27-1022.00,1.A.2.c.1,Reaction Time,LV,0.62,8,0.2631,0.1094,1.1406,N,N,08/2024,Analyst
27-1022.00,1.A.2.c.2,Wrist-Finger Speed,IM,1.5,8,0.189,1.1296,1.8704,N,,08/2024,Analyst
27-1022.00,1.A.2.c.2,Wrist-Finger Speed,LV,0.62,8,0.2631,0.1094,1.1406,N,N,08/2024,Analyst
27-1022.00,1.A.2.c.3,Speed of Limb Movement,IM,1.0,8,0.0,1.0,1.0,N,,08/2024,Analyst
27-1022.00,1.A.2.c.3,Speed of Limb Movement,LV,0.0,8,0.0,0.0,0.0,N,Y,08/2024,Analyst
27-1022.00,1.A.3.a.1,Static Strength,IM,1.5,8,0.189,1.1296,1.8704,N,,08/2024,Analyst
27-1022.00,1.A.3.a.1,Static Strength,LV,0.62,8,0.2631,0.1094,1.1406,N,N,08/2024,Analyst
27-1022.00,1.A.3.a.2,Explosive Strength,IM,1.38,8,0.183,1.0164,1.7336,N,,08/2024,Analyst
27-1022.00,1.A.3.a.2,Explosive Strength,LV,0.5,8,0.2673,0.0,1.0238,N,N,08/2024,Analyst
27-1022.00,1.A.3.a.3,Dynamic Strength,IM,1.38,8,0.183,1.0164,1.7336,N,,08/2024,Analyst
27-1022.00,1.A.3.a.3,Dynamic Strength,LV,0.5,8,0.2673,0.0,1.0238,N,N,08/2024,Analyst
27-1022.00,1.A.3.a.4,Trunk Strength,IM,2.12,8,0.125,1.88,2.37,N,,08/2024,Analyst
27-1022.00,1.A.3.a.4,Trunk Strength,LV,2.0,8,0.0,2.0,2.0,N,N,08/2024,Analyst
27-1022.00,1.A.3.b.1,Stamina,IM,1.0,8,0.0,1.0,1.0,N,,08/2024,Analyst
27-1022.00,1.A.3.b.1,Stamina,LV,0.0,8,0.0,0.0,0.0,N,Y,08/2024,Analyst
27-1022.00,1.A.3.c.1,Extent Flexibility,IM,2.0,8,0.0,2.0,2.0,N,,08/2024,Analyst
27-1022.00,1.A.3.c.1,Extent Flexibility,LV,1.5,8,0.189,1.1296,1.8704,N,N,08/2024,Analyst
27-1022.00,1.A.3.c.2,Dynamic Flexibility,IM,1.12,8,0.125,1.0,1.37,N,,08/2024,Analyst
27-1022.00,1.A.3.c.2,Dynamic Flexibility,LV,0.12,8,0.125,0.0,0.37,N,Y,08/2024,Analyst
27-1022.00,1.A.3.c.3,Gross Body Coordination,IM,1.0,8,0.0,1.0,1.0,N,,08/2024,Analyst
27-1022.00,1.A.3.c.3,Gross Body Coordination,LV,0.0,8,0.0,0.0,0.0,N,Y,08/2024,Analyst
27-1022.00,1.A.3.c.4,Gross Body Equilibrium,IM,1.38,8,0.183,1.0164,1.7336,N,,08/2024,Analyst
27-1022.00,1.A.3.c.4,Gross Body Equilibrium,LV,0.5,8,0.2673,0.0,1.0238,N,N,08/2024,Analyst
27-1022.00,1.A.4.a.1,Near Vision,IM,3.75,8,0.1637,3.4292,4.0708,N,,08/2024,Analyst
27-1022.00,1.A.4.a.1,Near Vision,LV,3.75,8,0.1637,3.4292,4.0708,N,N,08/2024,Analyst
27-1022.00,1.A.4.a.2,Far Vision,IM,3.0,8,0.0,3.0,3.0,N,,08/2024,Analyst
27-1022.00,1.A.4.a.2,Far Vision,LV,3.0,8,0.0,3.0,3.0,N,N,08/2024,Analyst
27-1022.00,1.A.4.a.3,Visual Color Discrimination,IM,3.75,8,0.1637,3.4292,4.0708,N,,08/2024,Analyst
27-1022.00,1.A.4.a.3,Visual Color Discrimination,LV,3.25,8,0.1637,2.9292,3.5708,N,N,08/2024,Analyst
27-1022.00,1.A.4.a.4,Night Vision,IM,1.0,8,0.0,1.0,1.0,N,,08/2024,Analyst
27-1022.00,1.A.4.a.4,Night Vision,LV,0.0,8,0.0,0.0,0.0,N,Y,08/2024,Analyst
27-1022.00,1.A.4.a.5,Peripheral Vision,IM,1.0,8,0.0,1.0,1.0,N,,08/2024,Analyst
27-1022.00,1.A.4.a.5,Peripheral Vision,LV,0.0,8,0.0,0.0,0.0,N,Y,08/2024,Analyst
27-1022.00,1.A.4.a.6,Depth Perception,IM,2.0,8,0.0,2.0,2.0,N,,08/2024,Analyst
27-1022.00,1.A.4.a.6,Depth Perception,LV,1.75,8,0.1637,1.4292,2.0708,N,N,08/2024,Analyst
27-1022.00,1.A.4.a.7,Glare Sensitivity,IM,1.0,8,0.0,1.0,1.0,N,,08/2024,Analyst
27-1022.00,1.A.4.a.7,Glare Sensitivity,LV,0.0,8,0.0,0.0,0.0,N,Y,08/2024,Analyst
27-1022.00,1.A.4.b.1,Hearing Sensitivity,IM,2.0,8,0.0,2.0,2.0,N,,08/2024,Analyst
27-1022.00,1.A.4.b.1,Hearing Sensitivity,LV,2.0,8,0.0,2.0,2.0,N,N,08/2024,Analyst
27-1022.00,1.A.4.b.2,Auditory Attention,IM,2.12,8,0.125,1.88,2.37,N,,08/2024,Analyst
27-1022.00,1.A.4.b.2,Auditory Attention,LV,2.0,8,0.0,2.0,2.0,N,N,08/2024,Analyst
27-1022.00,1.A.4.b.3,Sound Localization,IM,1.0,8,0.0,1.0,1.0,N,,08/2024,Analyst
27-1022.00,1.A.4.b.3,Sound Localization,LV,0.0,8,0.0,0.0,0.0,N,Y,08/2024,Analyst
27-1022.00,1.A.4.b.4,Speech Recognition,IM,3.75,8,0.1637,3.4292,4.0708,N,,08/2024,Analyst
27-1022.00,1.A.4.b.4,Speech Recognition,LV,3.38,8,0.183,3.0164,3.7336,N,N,08/2024,Analyst
27-1022.00,1.A.4.b.5,Speech Clarity,IM,3.38,8,0.183,3.0164,3.7336,N,,08/2024,Analyst
27-1022.00,1.A.4.b.5,Speech Clarity,LV,3.0,8,0.0,3.0,3.0,N,N,08/2024,Analyst
27-1023.00,1.A.1.a.1,Oral Comprehension,IM,4.0,8,0.0,4.0,4.0,N,,07/2015,Analyst
27-1023.00,1.A.1.a.1,Oral Comprehension,LV,3.75,8,0.1637,3.4292,4.0708,N,N,07/2015,Analyst
27-1023.00,1.A.1.a.2,Written Comprehension,IM,3.0,8,0.0,3.0,3.0,N,,07/2015,Analyst
27-1023.00,1.A.1.a.2,Written Comprehension,LV,3.0,8,0.0,3.0,3.0,N,N,07/2015,Analyst
27-1023.00,1.A.1.a.3,Oral Expression,IM,4.0,8,0.0,4.0,4.0,N,,07/2015,Analyst
27-1023.00,1.A.1.a.3,Oral Expression,LV,3.88,8,0.125,3.63,4.12,N,N,07/2015,Analyst
27-1023.00,1.A.1.a.4,Written Expression,IM,2.88,8,0.125,2.63,3.12,N,,07/2015,Analyst
27-1023.00,1.A.1.a.4,Written Expression,LV,2.88,8,0.125,2.63,3.12,N,N,07/2015,Analyst
27-1023.00,1.A.1.b.1,Fluency of Ideas,IM,3.38,8,0.183,3.0164,3.7336,N,,07/2015,Analyst
27-1023.00,1.A.1.b.1,Fluency of Ideas,LV,3.38,8,0.183,3.0164,3.7336,N,N,07/2015,Analyst
27-1023.00,1.A.1.b.2,Originality,IM,3.62,8,0.183,3.2664,3.9836,N,,07/2015,Analyst
27-1023.00,1.A.1.b.2,Originality,LV,3.12,8,0.125,2.88,3.37,N,N,07/2015,Analyst
27-1023.00,1.A.1.b.3,Problem Sensitivity,IM,2.88,8,0.125,2.63,3.12,N,,07/2015,Analyst
27-1023.00,1.A.1.b.3,Problem Sensitivity,LV,2.75,8,0.1637,2.4292,3.0708,N,N,07/2015,Analyst
27-1023.00,1.A.1.b.4,Deductive Reasoning,IM,3.12,8,0.125,2.88,3.37,N,,07/2015,Analyst
27-1023.00,1.A.1.b.4,Deductive Reasoning,LV,3.12,8,0.125,2.88,3.37,N,N,07/2015,Analyst
27-1023.00,1.A.1.b.5,Inductive Reasoning,IM,2.88,8,0.125,2.63,3.12,N,,07/2015,Analyst
27-1023.00,1.A.1.b.5,Inductive Reasoning,LV,2.88,8,0.125,2.63,3.12,N,N,07/2015,Analyst
27-1023.00,1.A.1.b.6,Information Ordering,IM,3.25,8,0.1637,2.9292,3.5708,N,,07/2015,Analyst
27-1023.00,1.A.1.b.6,Information Ordering,LV,3.12,8,0.2266,2.6809,3.5691,N,N,07/2015,Analyst
27-1023.00,1.A.1.b.7,Category Flexibility,IM,3.5,8,0.189,3.1296,3.8704,N,,07/2015,Analyst
27-1023.00,1.A.1.b.7,Category Flexibility,LV,3.12,8,0.125,2.88,3.37,N,N,07/2015,Analyst
27-1023.00,1.A.1.c.1,Mathematical Reasoning,IM,2.25,8,0.1637,1.9292,2.5708,N,,07/2015,Analyst
27-1023.00,1.A.1.c.1,Mathematical Reasoning,LV,1.88,8,0.125,1.63,2.12,N,N,07/2015,Analyst
27-1023.00,1.A.1.c.2,Number Facility,IM,2.12,8,0.125,1.88,2.37,N,,07/2015,Analyst
27-1023.00,1.A.1.c.2,Number Facility,LV,1.5,8,0.189,1.1296,1.8704,N,N,07/2015,Analyst
27-1023.00,1.A.1.d.1,Memorization,IM,2.0,8,0.0,2.0,2.0,N,,07/2015,Analyst
27-1023.00,1.A.1.d.1,Memorization,LV,1.62,8,0.183,1.2664,1.9836,N,N,07/2015,Analyst
27-1023.00,1.A.1.e.1,Speed of Closure,IM,2.25,8,0.1637,1.9292,2.5708,N,,07/2015,Analyst
27-1023.00,1.A.1.e.1,Speed of Closure,LV,1.75,8,0.1637,1.4292,2.0708,N,N,07/2015,Analyst
27-1023.00,1.A.1.e.2,Flexibility of Closure,IM,2.25,8,0.1637,1.9292,2.5708,N,,07/2015,Analyst
27-1023.00,1.A.1.e.2,Flexibility of Closure,LV,1.75,8,0.25,1.26,2.24,N,N,07/2015,Analyst
27-1023.00,1.A.1.e.3,Perceptual Speed,IM,2.25,8,0.1637,1.9292,2.5708,N,,07/2015,Analyst
27-1023.00,1.A.1.e.3,Perceptual Speed,LV,2.12,8,0.125,1.88,2.37,N,N,07/2015,Analyst
27-1023.00,1.A.1.f.1,Spatial Orientation,IM,1.62,8,0.183,1.2664,1.9836,N,,07/2015,Analyst
27-1023.00,1.A.1.f.1,Spatial Orientation,LV,0.62,8,0.183,0.2664,0.9836,N,N,07/2015,Analyst
27-1023.00,1.A.1.f.2,Visualization,IM,3.88,8,0.125,3.63,4.12,N,,07/2015,Analyst
27-1023.00,1.A.1.f.2,Visualization,LV,3.5,8,0.189,3.1296,3.8704,N,N,07/2015,Analyst
27-1023.00,1.A.1.g.1,Selective Attention,IM,3.0,8,0.0,3.0,3.0,N,,07/2015,Analyst
27-1023.00,1.A.1.g.1,Selective Attention,LV,2.25,8,0.1637,1.9292,2.5708,N,N,07/2015,Analyst
27-1023.00,1.A.1.g.2,Time Sharing,IM,2.25,8,0.1637,1.9292,2.5708,N,,07/2015,Analyst
27-1023.00,1.A.1.g.2,Time Sharing,LV,2.12,8,0.125,1.88,2.37,N,N,07/2015,Analyst
27-1023.00,1.A.2.a.1,Arm-Hand Steadiness,IM,3.12,8,0.125,2.88,3.37,N,,07/2015,Analyst
27-1023.00,1.A.2.a.1,Arm-Hand Steadiness,LV,3.0,8,0.0,3.0,3.0,N,N,07/2015,Analyst
27-1023.00,1.A.2.a.2,Manual Dexterity,IM,3.12,8,0.125,2.88,3.37,N,,07/2015,Analyst
27-1023.00,1.A.2.a.2,Manual Dexterity,LV,2.38,8,0.183,2.0164,2.7336,N,N,07/2015,Analyst
27-1023.00,1.A.2.a.3,Finger Dexterity,IM,3.12,8,0.125,2.88,3.37,N,,07/2015,Analyst
27-1023.00,1.A.2.a.3,Finger Dexterity,LV,2.62,8,0.183,2.2664,2.9836,N,N,07/2015,Analyst
27-1023.00,1.A.2.b.1,Control Precision,IM,2.12,8,0.125,1.88,2.37,N,,07/2015,Analyst
27-1023.00,1.A.2.b.1,Control Precision,LV,1.5,8,0.189,1.1296,1.8704,N,N,07/2015,Analyst
27-1023.00,1.A.2.b.2,Multilimb Coordination,IM,2.75,8,0.25,2.26,3.24,N,,07/2015,Analyst
27-1023.00,1.A.2.b.2,Multilimb Coordination,LV,2.12,8,0.125,1.88,2.37,N,N,07/2015,Analyst
27-1023.00,1.A.2.b.3,Response Orientation,IM,1.5,8,0.189,1.1296,1.8704,N,,07/2015,Analyst
27-1023.00,1.A.2.b.3,Response Orientation,LV,0.62,8,0.2631,0.1094,1.1406,N,N,07/2015,Analyst
27-1023.00,1.A.2.b.4,Rate Control,IM,1.12,8,0.125,1.0,1.37,N,,07/2015,Analyst
27-1023.00,1.A.2.b.4,Rate Control,LV,0.12,8,0.125,0.0,0.37,N,Y,07/2015,Analyst
27-1023.00,1.A.2.c.1,Reaction Time,IM,1.25,8,0.1637,1.0,1.5708,N,,07/2015,Analyst
27-1023.00,1.A.2.c.1,Reaction Time,LV,0.38,8,0.2631,0.0,0.8906,N,Y,07/2015,Analyst
27-1023.00,1.A.2.c.2,Wrist-Finger Speed,IM,1.88,8,0.125,1.63,2.12,N,,07/2015,Analyst
27-1023.00,1.A.2.c.2,Wrist-Finger Speed,LV,1.12,8,0.2266,0.6809,1.5691,N,N,07/2015,Analyst
27-1023.00,1.A.2.c.3,Speed of Limb Movement,IM,1.12,8,0.125,1.0,1.37,N,,07/2015,Analyst
27-1023.00,1.A.2.c.3,Speed of Limb Movement,LV,0.12,8,0.125,0.0,0.37,N,Y,07/2015,Analyst
27-1023.00,1.A.3.a.1,Static Strength,IM,2.12,8,0.125,1.88,2.37,N,,07/2015,Analyst
27-1023.00,1.A.3.a.1,Static Strength,LV,1.5,8,0.2673,0.9762,2.0238,N,N,07/2015,Analyst
27-1023.00,1.A.3.a.2,Explosive Strength,IM,1.5,8,0.189,1.1296,1.8704,N,,07/2015,Analyst
27-1023.00,1.A.3.a.2,Explosive Strength,LV,0.62,8,0.2631,0.1094,1.1406,N,N,07/2015,Analyst
27-1023.00,1.A.3.a.3,Dynamic Strength,IM,2.12,8,0.125,1.88,2.37,N,,07/2015,Analyst
27-1023.00,1.A.3.a.3,Dynamic Strength,LV,1.25,8,0.1637,0.9292,1.5708,N,N,07/2015,Analyst
27-1023.00,1.A.3.a.4,Trunk Strength,IM,3.12,8,0.125,2.88,3.37,N,,07/2015,Analyst
27-1023.00,1.A.3.a.4,Trunk Strength,LV,2.75,8,0.1637,2.4292,3.0708,N,N,07/2015,Analyst
27-1023.00,1.A.3.b.1,Stamina,IM,2.12,8,0.125,1.88,2.37,N,,07/2015,Analyst
27-1023.00,1.A.3.b.1,Stamina,LV,1.12,8,0.125,0.88,1.37,N,N,07/2015,Analyst
27-1023.00,1.A.3.c.1,Extent Flexibility,IM,2.12,8,0.125,1.88,2.37,N,,07/2015,Analyst
27-1023.00,1.A.3.c.1,Extent Flexibility,LV,1.38,8,0.2631,0.8594,1.8906,N,N,07/2015,Analyst
27-1023.00,1.A.3.c.2,Dynamic Flexibility,IM,1.12,8,0.125,1.0,1.37,N,,07/2015,Analyst
27-1023.00,1.A.3.c.2,Dynamic Flexibility,LV,0.12,8,0.125,0.0,0.37,N,Y,07/2015,Analyst
27-1023.00,1.A.3.c.3,Gross Body Coordination,IM,2.0,8,0.0,2.0,2.0,N,,07/2015,Analyst
27-1023.00,1.A.3.c.3,Gross Body Coordination,LV,1.12,8,0.125,0.88,1.37,N,N,07/2015,Analyst
27-1023.00,1.A.3.c.4,Gross Body Equilibrium,IM,1.75,8,0.1637,1.4292,2.0708,N,,07/2015,Analyst
27-1023.00,1.A.3.c.4,Gross Body Equilibrium,LV,1.0,8,0.2673,0.4762,1.5238,N,N,07/2015,Analyst
27-1023.00,1.A.4.a.1,Near Vision,IM,3.62,8,0.183,3.2664,3.9836,N,,07/2015,Analyst
27-1023.00,1.A.4.a.1,Near Vision,LV,3.12,8,0.125,2.88,3.37,N,N,07/2015,Analyst
27-1023.00,1.A.4.a.2,Far Vision,IM,3.12,8,0.125,2.88,3.37,N,,07/2015,Analyst
27-1023.00,1.A.4.a.2,Far Vision,LV,3.0,8,0.189,2.6296,3.3704,N,N,07/2015,Analyst
27-1023.00,1.A.4.a.3,Visual Color Discrimination,IM,3.62,8,0.183,3.2664,3.9836,N,,07/2015,Analyst
27-1023.00,1.A.4.a.3,Visual Color Discrimination,LV,4.0,8,0.0,4.0,4.0,N,N,07/2015,Analyst
27-1023.00,1.A.4.a.4,Night Vision,IM,1.0,8,0.0,1.0,1.0,N,,07/2015,Analyst
27-1023.00,1.A.4.a.4,Night Vision,LV,0.0,8,0.0,0.0,0.0,N,Y,07/2015,Analyst
27-1023.00,1.A.4.a.5,Peripheral Vision,IM,1.38,8,0.183,1.0164,1.7336,N,,07/2015,Analyst
27-1023.00,1.A.4.a.5,Peripheral Vision,LV,0.38,8,0.183,0.0164,0.7336,N,N,07/2015,Analyst
27-1023.00,1.A.4.a.6,Depth Perception,IM,2.0,8,0.0,2.0,2.0,N,,07/2015,Analyst
27-1023.00,1.A.4.a.6,Depth Perception,LV,1.62,8,0.183,1.2664,1.9836,N,N,07/2015,Analyst
27-1023.00,1.A.4.a.7,Glare Sensitivity,IM,1.25,8,0.1637,1.0,1.5708,N,,07/2015,Analyst
27-1023.00,1.A.4.a.7,Glare Sensitivity,LV,0.25,8,0.1637,0.0,0.5708,N,Y,07/2015,Analyst
27-1023.00,1.A.4.b.1,Hearing Sensitivity,IM,1.75,8,0.1637,1.4292,2.0708,N,,07/2015,Analyst
27-1023.00,1.A.4.b.1,Hearing Sensitivity,LV,0.75,8,0.1637,0.4292,1.0708,N,N,07/2015,Analyst
27-1023.00,1.A.4.b.2,Auditory Attention,IM,2.0,8,0.0,2.0,2.0,N,,07/2015,Analyst
27-1023.00,1.A.4.b.2,Auditory Attention,LV,1.25,8,0.1637,0.9292,1.5708,N,N,07/2015,Analyst
27-1023.00,1.A.4.b.3,Sound Localization,IM,1.25,8,0.1637,1.0,1.5708,N,,07/2015,Analyst
27-1023.00,1.A.4.b.3,Sound Localization,LV,0.25,8,0.1637,0.0,0.5708,N,Y,07/2015,Analyst
27-1023.00,1.A.4.b.4,Speech Recognition,IM,3.25,8,0.1637,2.9292,3.5708,N,,07/2015,Analyst
27-1023.00,1.A.4.b.4,Speech Recognition,LV,3.0,8,0.0,3.0,3.0,N,N,07/2015,Analyst
27-1023.00,1.A.4.b.5,Speech Clarity,IM,3.62,8,0.183,3.2664,3.9836,N,,07/2015,Analyst
27-1023.00,1.A.4.b.5,Speech Clarity,LV,3.12,8,0.125,2.88,3.37,N,N,07/2015,Analyst
27-1024.00,1.A.1.a.1,Oral Comprehension,IM,3.62,8,0.183,3.2664,3.9836,N,,08/2023,Analyst
27-1024.00,1.A.1.a.1,Oral Comprehension,LV,4.0,8,0.0,4.0,4.0,N,N,08/2023,Analyst
27-1024.00,1.A.1.a.2,Written Comprehension,IM,3.75,8,0.1637,3.4292,4.0708,N,,08/2023,Analyst
27-1024.00,1.A.1.a.2,Written Comprehension,LV,3.38,8,0.183,3.0164,3.7336,N,N,08/2023,Analyst
27-1024.00,1.A.1.a.3,Oral Expression,IM,3.5,8,0.189,3.1296,3.8704,N,,08/2023,Analyst
27-1024.00,1.A.1.a.3,Oral Expression,LV,3.88,8,0.125,3.63,4.12,N,N,08/2023,Analyst
27-1024.00,1.A.1.a.4,Written Expression,IM,3.5,8,0.189,3.1296,3.8704,N,,08/2023,Analyst
27-1024.00,1.A.1.a.4,Written Expression,LV,3.62,8,0.183,3.2664,3.9836,N,N,08/2023,Analyst
27-1024.00,1.A.1.b.1,Fluency of Ideas,IM,3.88,8,0.125,3.63,4.12,N,,08/2023,Analyst
27-1024.00,1.A.1.b.1,Fluency of Ideas,LV,4.0,8,0.0,4.0,4.0,N,N,08/2023,Analyst
27-1024.00,1.A.1.b.2,Originality,IM,4.0,8,0.0,4.0,4.0,N,,08/2023,Analyst
27-1024.00,1.A.1.b.2,Originality,LV,4.0,8,0.0,4.0,4.0,N,N,08/2023,Analyst
27-1024.00,1.A.1.b.3,Problem Sensitivity,IM,3.12,8,0.125,2.88,3.37,N,,08/2023,Analyst
27-1024.00,1.A.1.b.3,Problem Sensitivity,LV,3.38,8,0.183,3.0164,3.7336,N,N,08/2023,Analyst
27-1024.00,1.A.1.b.4,Deductive Reasoning,IM,3.25,8,0.1637,2.9292,3.5708,N,,08/2023,Analyst
27-1024.00,1.A.1.b.4,Deductive Reasoning,LV,3.38,8,0.183,3.0164,3.7336,N,N,08/2023,Analyst
27-1024.00,1.A.1.b.5,Inductive Reasoning,IM,3.12,8,0.125,2.88,3.37,N,,08/2023,Analyst
27-1024.00,1.A.1.b.5,Inductive Reasoning,LV,3.12,8,0.125,2.88,3.37,N,N,08/2023,Analyst
27-1024.00,1.A.1.b.6,Information Ordering,IM,3.12,8,0.125,2.88,3.37,N,,08/2023,Analyst
27-1024.00,1.A.1.b.6,Information Ordering,LV,3.0,8,0.0,3.0,3.0,N,N,08/2023,Analyst
27-1024.00,1.A.1.b.7,Category Flexibility,IM,3.0,8,0.189,2.6296,3.3704,N,,08/2023,Analyst
27-1024.00,1.A.1.b.7,Category Flexibility,LV,3.12,8,0.125,2.88,3.37,N,N,08/2023,Analyst
27-1024.00,1.A.1.c.1,Mathematical Reasoning,IM,2.0,8,0.0,2.0,2.0,N,,08/2023,Analyst
27-1024.00,1.A.1.c.1,Mathematical Reasoning,LV,1.75,8,0.1637,1.4292,2.0708,N,N,08/2023,Analyst
27-1024.00,1.A.1.c.2,Number Facility,IM,2.0,8,0.0,2.0,2.0,N,,08/2023,Analyst
27-1024.00,1.A.1.c.2,Number Facility,LV,2.0,8,0.0,2.0,2.0,N,N,08/2023,Analyst
27-1024.00,1.A.1.d.1,Memorization,IM,2.0,8,0.0,2.0,2.0,N,,08/2023,Analyst
27-1024.00,1.A.1.d.1,Memorization,LV,2.12,8,0.125,1.88,2.37,N,N,08/2023,Analyst
27-1024.00,1.A.1.e.1,Speed of Closure,IM,2.25,8,0.1637,1.9292,2.5708,N,,08/2023,Analyst
27-1024.00,1.A.1.e.1,Speed of Closure,LV,2.25,8,0.1637,1.9292,2.5708,N,N,08/2023,Analyst
27-1024.00,1.A.1.e.2,Flexibility of Closure,IM,2.75,8,0.1637,2.4292,3.0708,N,,08/2023,Analyst
27-1024.00,1.A.1.e.2,Flexibility of Closure,LV,2.75,8,0.25,2.26,3.24,N,N,08/2023,Analyst
27-1024.00,1.A.1.e.3,Perceptual Speed,IM,2.75,8,0.1637,2.4292,3.0708,N,,08/2023,Analyst
27-1024.00,1.A.1.e.3,Perceptual Speed,LV,2.25,8,0.1637,1.9292,2.5708,N,N,08/2023,Analyst
27-1024.00,1.A.1.f.1,Spatial Orientation,IM,1.0,8,0.0,1.0,1.0,N,,08/2023,Analyst
27-1024.00,1.A.1.f.1,Spatial Orientation,LV,0.0,8,0.0,0.0,0.0,N,Y,08/2023,Analyst
27-1024.00,1.A.1.f.2,Visualization,IM,3.12,8,0.125,2.88,3.37,N,,08/2023,Analyst
27-1024.00,1.A.1.f.2,Visualization,LV,3.62,8,0.183,3.2664,3.9836,N,N,08/2023,Analyst
27-1024.00,1.A.1.g.1,Selective Attention,IM,3.0,8,0.0,3.0,3.0,N,,08/2023,Analyst
27-1024.00,1.A.1.g.1,Selective Attention,LV,2.88,8,0.125,2.63,3.12,N,N,08/2023,Analyst
27-1024.00,1.A.1.g.2,Time Sharing,IM,2.62,8,0.183,2.2664,2.9836,N,,08/2023,Analyst
27-1024.00,1.A.1.g.2,Time Sharing,LV,2.12,8,0.125,1.88,2.37,N,N,08/2023,Analyst
27-1024.00,1.A.2.a.1,Arm-Hand Steadiness,IM,2.5,8,0.189,2.1296,2.8704,N,,08/2023,Analyst
27-1024.00,1.A.2.a.1,Arm-Hand Steadiness,LV,2.5,8,0.189,2.1296,2.8704,N,N,08/2023,Analyst
27-1024.00,1.A.2.a.2,Manual Dexterity,IM,2.12,8,0.125,1.88,2.37,N,,08/2023,Analyst
27-1024.00,1.A.2.a.2,Manual Dexterity,LV,2.0,8,0.0,2.0,2.0,N,N,08/2023,Analyst
27-1024.00,1.A.2.a.3,Finger Dexterity,IM,2.38,8,0.183,2.0164,2.7336,N,,08/2023,Analyst
27-1024.00,1.A.2.a.3,Finger Dexterity,LV,2.38,8,0.183,2.0164,2.7336,N,N,08/2023,Analyst
27-1024.00,1.A.2.b.1,Control Precision,IM,2.25,8,0.1637,1.9292,2.5708,N,,08/2023,Analyst
27-1024.00,1.A.2.b.1,Control Precision,LV,2.0,8,0.0,2.0,2.0,N,N,08/2023,Analyst
27-1024.00,1.A.2.b.2,Multilimb Coordination,IM,1.0,8,0.0,1.0,1.0,N,,08/2023,Analyst
27-1024.00,1.A.2.b.2,Multilimb Coordination,LV,0.0,8,0.0,0.0,0.0,N,Y,08/2023,Analyst
27-1024.00,1.A.2.b.3,Response Orientation,IM,1.0,8,0.0,1.0,1.0,N,,08/2023,Analyst
27-1024.00,1.A.2.b.3,Response Orientation,LV,0.0,8,0.0,0.0,0.0,N,Y,08/2023,Analyst
27-1024.00,1.A.2.b.4,Rate Control,IM,1.0,8,0.0,1.0,1.0,N,,08/2023,Analyst
27-1024.00,1.A.2.b.4,Rate Control,LV,0.0,8,0.0,0.0,0.0,N,Y,08/2023,Analyst
27-1024.00,1.A.2.c.1,Reaction Time,IM,1.0,8,0.0,1.0,1.0,N,,08/2023,Analyst
27-1024.00,1.A.2.c.1,Reaction Time,LV,0.0,8,0.0,0.0,0.0,N,Y,08/2023,Analyst
27-1024.00,1.A.2.c.2,Wrist-Finger Speed,IM,1.38,8,0.183,1.0164,1.7336,N,,08/2023,Analyst
27-1024.00,1.A.2.c.2,Wrist-Finger Speed,LV,0.38,8,0.183,0.0164,0.7336,N,N,08/2023,Analyst
27-1024.00,1.A.2.c.3,Speed of Limb Movement,IM,1.0,8,0.0,1.0,1.0,N,,08/2023,Analyst
27-1024.00,1.A.2.c.3,Speed of Limb Movement,LV,0.0,8,0.0,0.0,0.0,N,Y,08/2023,Analyst
27-1024.00,1.A.3.a.1,Static Strength,IM,1.0,8,0.0,1.0,1.0,N,,08/2023,Analyst
27-1024.00,1.A.3.a.1,Static Strength,LV,0.0,8,0.0,0.0,0.0,N,Y,08/2023,Analyst
27-1024.00,1.A.3.a.2,Explosive Strength,IM,1.0,8,0.0,1.0,1.0,N,,08/2023,Analyst
27-1024.00,1.A.3.a.2,Explosive Strength,LV,0.0,8,0.0,0.0,0.0,N,Y,08/2023,Analyst
27-1024.00,1.A.3.a.3,Dynamic Strength,IM,1.25,8,0.1637,1.0,1.5708,N,,08/2023,Analyst
27-1024.00,1.A.3.a.3,Dynamic Strength,LV,0.25,8,0.1637,0.0,0.5708,N,Y,08/2023,Analyst
27-1024.00,1.A.3.a.4,Trunk Strength,IM,1.88,8,0.125,1.63,2.12,N,,08/2023,Analyst
27-1024.00,1.A.3.a.4,Trunk Strength,LV,1.12,8,0.2266,0.6809,1.5691,N,N,08/2023,Analyst
27-1024.00,1.A.3.b.1,Stamina,IM,1.0,8,0.0,1.0,1.0,N,,08/2023,Analyst
27-1024.00,1.A.3.b.1,Stamina,LV,0.0,8,0.0,0.0,0.0,N,Y,08/2023,Analyst
27-1024.00,1.A.3.c.1,Extent Flexibility,IM,1.0,8,0.0,1.0,1.0,N,,08/2023,Analyst
27-1024.00,1.A.3.c.1,Extent Flexibility,LV,0.0,8,0.0,0.0,0.0,N,Y,08/2023,Analyst
27-1024.00,1.A.3.c.2,Dynamic Flexibility,IM,1.0,8,0.0,1.0,1.0,N,,08/2023,Analyst
27-1024.00,1.A.3.c.2,Dynamic Flexibility,LV,0.0,8,0.0,0.0,0.0,N,Y,08/2023,Analyst
27-1024.00,1.A.3.c.3,Gross Body Coordination,IM,1.0,8,0.0,1.0,1.0,N,,08/2023,Analyst
27-1024.00,1.A.3.c.3,Gross Body Coordination,LV,0.0,8,0.0,0.0,0.0,N,Y,08/2023,Analyst
27-1024.00,1.A.3.c.4,Gross Body Equilibrium,IM,1.0,8,0.0,1.0,1.0,N,,08/2023,Analyst
27-1024.00,1.A.3.c.4,Gross Body Equilibrium,LV,0.0,8,0.0,0.0,0.0,N,Y,08/2023,Analyst
27-1024.00,1.A.4.a.1,Near Vision,IM,3.88,8,0.125,3.63,4.12,N,,08/2023,Analyst
27-1024.00,1.A.4.a.1,Near Vision,LV,4.12,8,0.125,3.88,4.37,N,N,08/2023,Analyst
27-1024.00,1.A.4.a.2,Far Vision,IM,2.75,8,0.1637,2.4292,3.0708,N,,08/2023,Analyst
27-1024.00,1.A.4.a.2,Far Vision,LV,2.88,8,0.125,2.63,3.12,N,N,08/2023,Analyst
27-1024.00,1.A.4.a.3,Visual Color Discrimination,IM,3.25,8,0.25,2.76,3.74,N,,08/2023,Analyst
27-1024.00,1.A.4.a.3,Visual Color Discrimination,LV,3.75,8,0.3134,3.1358,4.3642,N,N,08/2023,Analyst
27-1024.00,1.A.4.a.4,Night Vision,IM,1.0,8,0.0,1.0,1.0,N,,08/2023,Analyst
27-1024.00,1.A.4.a.4,Night Vision,LV,0.0,8,0.0,0.0,0.0,N,Y,08/2023,Analyst
27-1024.00,1.A.4.a.5,Peripheral Vision,IM,1.0,8,0.0,1.0,1.0,N,,08/2023,Analyst
27-1024.00,1.A.4.a.5,Peripheral Vision,LV,0.0,8,0.0,0.0,0.0,N,Y,08/2023,Analyst
27-1024.00,1.A.4.a.6,Depth Perception,IM,1.75,8,0.1637,1.4292,2.0708,N,,08/2023,Analyst
27-1024.00,1.A.4.a.6,Depth Perception,LV,1.0,8,0.2673,0.4762,1.5238,N,N,08/2023,Analyst
27-1024.00,1.A.4.a.7,Glare Sensitivity,IM,1.0,8,0.0,1.0,1.0,N,,08/2023,Analyst
27-1024.00,1.A.4.a.7,Glare Sensitivity,LV,0.0,8,0.0,0.0,0.0,N,Y,08/2023,Analyst
27-1024.00,1.A.4.b.1,Hearing Sensitivity,IM,1.88,8,0.125,1.63,2.12,N,,08/2023,Analyst
27-1024.00,1.A.4.b.1,Hearing Sensitivity,LV,1.25,8,0.25,0.76,1.74,N,N,08/2023,Analyst
27-1024.00,1.A.4.b.2,Auditory Attention,IM,1.75,8,0.1637,1.4292,2.0708,N,,08/2023,Analyst
27-1024.00,1.A.4.b.2,Auditory Attention,LV,1.12,8,0.295,0.5467,1.7033,N,N,08/2023,Analyst
27-1024.00,1.A.4.b.3,Sound Localization,IM,1.0,8,0.0,1.0,1.0,N,,08/2023,Analyst
27-1024.00,1.A.4.b.3,Sound Localization,LV,0.0,8,0.0,0.0,0.0,N,Y,08/2023,Analyst
27-1024.00,1.A.4.b.4,Speech Recognition,IM,3.25,8,0.1637,2.9292,3.5708,N,,08/2023,Analyst
27-1024.00,1.A.4.b.4,Speech Recognition,LV,3.5,8,0.189,3.1296,3.8704,N,N,08/2023,Analyst
27-1024.00,1.A.4.b.5,Speech Clarity,IM,3.25,8,0.1637,2.9292,3.5708,N,,08/2023,Analyst
27-1024.00,1.A.4.b.5,Speech Clarity,LV,3.25,8,0.1637,2.9292,3.5708,N,N,08/2023,Analyst
27-1025.00,1.A.1.a.1,Oral Comprehension,IM,4.0,8,0.0,4.0,4.0,N,,08/2024,Analyst
27-1025.00,1.A.1.a.1,Oral Comprehension,LV,4.0,8,0.0,4.0,4.0,N,N,08/2024,Analyst
27-1025.00,1.A.1.a.2,Written Comprehension,IM,3.88,8,0.125,3.63,4.12,N,,08/2024,Analyst
27-1025.00,1.A.1.a.2,Written Comprehension,LV,4.0,8,0.0,4.0,4.0,N,N,08/2024,Analyst
27-1025.00,1.A.1.a.3,Oral Expression,IM,4.0,8,0.0,4.0,4.0,N,,08/2024,Analyst
27-1025.00,1.A.1.a.3,Oral Expression,LV,4.0,8,0.0,4.0,4.0,N,N,08/2024,Analyst
27-1025.00,1.A.1.a.4,Written Expression,IM,3.62,8,0.183,3.2664,3.9836,N,,08/2024,Analyst
27-1025.00,1.A.1.a.4,Written Expression,LV,3.88,8,0.125,3.63,4.12,N,N,08/2024,Analyst
27-1025.00,1.A.1.b.1,Fluency of Ideas,IM,4.12,8,0.125,3.88,4.37,N,,08/2024,Analyst
27-1025.00,1.A.1.b.1,Fluency of Ideas,LV,4.0,8,0.0,4.0,4.0,N,N,08/2024,Analyst
27-1025.00,1.A.1.b.2,Originality,IM,4.12,8,0.125,3.88,4.37,N,,08/2024,Analyst
27-1025.00,1.A.1.b.2,Originality,LV,4.0,8,0.0,4.0,4.0,N,N,08/2024,Analyst
27-1025.00,1.A.1.b.3,Problem Sensitivity,IM,3.75,8,0.1637,3.4292,4.0708,N,,08/2024,Analyst
27-1025.00,1.A.1.b.3,Problem Sensitivity,LV,3.88,8,0.125,3.63,4.12,N,N,08/2024,Analyst
27-1025.00,1.A.1.b.4,Deductive Reasoning,IM,3.62,8,0.183,3.2664,3.9836,N,,08/2024,Analyst
27-1025.00,1.A.1.b.4,Deductive Reasoning,LV,3.75,8,0.1637,3.4292,4.0708,N,N,08/2024,Analyst
27-1025.00,1.A.1.b.5,Inductive Reasoning,IM,3.25,8,0.1637,2.9292,3.5708,N,,08/2024,Analyst
27-1025.00,1.A.1.b.5,Inductive Reasoning,LV,3.0,8,0.0,3.0,3.0,N,N,08/2024,Analyst
27-1025.00,1.A.1.b.6,Information Ordering,IM,3.12,8,0.125,2.88,3.37,N,,08/2024,Analyst
27-1025.00,1.A.1.b.6,Information Ordering,LV,3.62,8,0.183,3.2664,3.9836,N,N,08/2024,Analyst
27-1025.00,1.A.1.b.7,Category Flexibility,IM,3.38,8,0.183,3.0164,3.7336,N,,08/2024,Analyst
27-1025.00,1.A.1.b.7,Category Flexibility,LV,3.88,8,0.125,3.63,4.12,N,N,08/2024,Analyst
27-1025.00,1.A.1.c.1,Mathematical Reasoning,IM,3.0,8,0.0,3.0,3.0,N,,08/2024,Analyst
27-1025.00,1.A.1.c.1,Mathematical Reasoning,LV,2.88,8,0.125,2.63,3.12,N,N,08/2024,Analyst
27-1025.00,1.A.1.c.2,Number Facility,IM,2.88,8,0.125,2.63,3.12,N,,08/2024,Analyst
27-1025.00,1.A.1.c.2,Number Facility,LV,2.88,8,0.125,2.63,3.12,N,N,08/2024,Analyst
27-1025.00,1.A.1.d.1,Memorization,IM,2.25,8,0.1637,1.9292,2.5708,N,,08/2024,Analyst
27-1025.00,1.A.1.d.1,Memorization,LV,2.25,8,0.1637,1.9292,2.5708,N,N,08/2024,Analyst
27-1025.00,1.A.1.e.1,Speed of Closure,IM,2.25,8,0.1637,1.9292,2.5708,N,,08/2024,Analyst
27-1025.00,1.A.1.e.1,Speed of Closure,LV,2.62,8,0.183,2.2664,2.9836,N,N,08/2024,Analyst
27-1025.00,1.A.1.e.2,Flexibility of Closure,IM,2.88,8,0.125,2.63,3.12,N,,08/2024,Analyst
27-1025.00,1.A.1.e.2,Flexibility of Closure,LV,3.0,8,0.0,3.0,3.0,N,N,08/2024,Analyst
27-1025.00,1.A.1.e.3,Perceptual Speed,IM,2.88,8,0.125,2.63,3.12,N,,08/2024,Analyst
27-1025.00,1.A.1.e.3,Perceptual Speed,LV,2.62,8,0.183,2.2664,2.9836,N,N,08/2024,Analyst
27-1025.00,1.A.1.f.1,Spatial Orientation,IM,1.88,8,0.125,1.63,2.12,N,,08/2024,Analyst
27-1025.00,1.A.1.f.1,Spatial Orientation,LV,1.12,8,0.2266,0.6809,1.5691,N,N,08/2024,Analyst
27-1025.00,1.A.1.f.2,Visualization,IM,4.0,8,0.0,4.0,4.0,N,,08/2024,Analyst
27-1025.00,1.A.1.f.2,Visualization,LV,4.0,8,0.0,4.0,4.0,N,N,08/2024,Analyst
27-1025.00,1.A.1.g.1,Selective Attention,IM,3.0,8,0.0,3.0,3.0,N,,08/2024,Analyst
27-1025.00,1.A.1.g.1,Selective Attention,LV,2.88,8,0.125,2.63,3.12,N,N,08/2024,Analyst
27-1025.00,1.A.1.g.2,Time Sharing,IM,2.62,8,0.183,2.2664,2.9836,N,,08/2024,Analyst
27-1025.00,1.A.1.g.2,Time Sharing,LV,2.75,8,0.1637,2.4292,3.0708,N,N,08/2024,Analyst
27-1025.00,1.A.2.a.1,Arm-Hand Steadiness,IM,1.0,8,0.0,1.0,1.0,N,,08/2024,Analyst
27-1025.00,1.A.2.a.1,Arm-Hand Steadiness,LV,0.0,8,0.0,0.0,0.0,N,Y,08/2024,Analyst
27-1025.00,1.A.2.a.2,Manual Dexterity,IM,1.0,8,0.0,1.0,1.0,N,,08/2024,Analyst
27-1025.00,1.A.2.a.2,Manual Dexterity,LV,0.0,8,0.0,0.0,0.0,N,Y,08/2024,Analyst
27-1025.00,1.A.2.a.3,Finger Dexterity,IM,1.5,8,0.189,1.1296,1.8704,N,,08/2024,Analyst
27-1025.00,1.A.2.a.3,Finger Dexterity,LV,0.5,8,0.189,0.1296,0.8704,N,N,08/2024,Analyst
27-1025.00,1.A.2.b.1,Control Precision,IM,1.38,8,0.183,1.0164,1.7336,N,,08/2024,Analyst
27-1025.00,1.A.2.b.1,Control Precision,LV,0.38,8,0.183,0.0164,0.7336,N,N,08/2024,Analyst
27-1025.00,1.A.2.b.2,Multilimb Coordination,IM,1.38,8,0.183,1.0164,1.7336,N,,08/2024,Analyst
27-1025.00,1.A.2.b.2,Multilimb Coordination,LV,0.38,8,0.183,0.0164,0.7336,N,N,08/2024,Analyst
27-1025.00,1.A.2.b.3,Response Orientation,IM,1.0,8,0.0,1.0,1.0,N,,08/2024,Analyst
27-1025.00,1.A.2.b.3,Response Orientation,LV,0.0,8,0.0,0.0,0.0,N,Y,08/2024,Analyst
27-1025.00,1.A.2.b.4,Rate Control,IM,1.0,8,0.0,1.0,1.0,N,,08/2024,Analyst
27-1025.00,1.A.2.b.4,Rate Control,LV,0.0,8,0.0,0.0,0.0,N,Y,08/2024,Analyst
27-1025.00,1.A.2.c.1,Reaction Time,IM,1.0,8,0.0,1.0,1.0,N,,08/2024,Analyst
27-1025.00,1.A.2.c.1,Reaction Time,LV,0.0,8,0.0,0.0,0.0,N,Y,08/2024,Analyst
27-1025.00,1.A.2.c.2,Wrist-Finger Speed,IM,1.25,8,0.1637,1.0,1.5708,N,,08/2024,Analyst
27-1025.00,1.A.2.c.2,Wrist-Finger Speed,LV,0.38,8,0.2631,0.0,0.8906,N,Y,08/2024,Analyst
27-1025.00,1.A.2.c.3,Speed of Limb Movement,IM,1.0,8,0.0,1.0,1.0,N,,08/2024,Analyst
27-1025.00,1.A.2.c.3,Speed of Limb Movement,LV,0.0,8,0.0,0.0,0.0,N,Y,08/2024,Analyst
27-1025.00,1.A.3.a.1,Static Strength,IM,1.0,8,0.0,1.0,1.0,N,,08/2024,Analyst
27-1025.00,1.A.3.a.1,Static Strength,LV,0.0,8,0.0,0.0,0.0,N,Y,08/2024,Analyst
27-1025.00,1.A.3.a.2,Explosive Strength,IM,1.0,8,0.0,1.0,1.0,N,,08/2024,Analyst
27-1025.00,1.A.3.a.2,Explosive Strength,LV,0.0,8,0.0,0.0,0.0,N,Y,08/2024,Analyst
27-1025.00,1.A.3.a.3,Dynamic Strength,IM,1.0,8,0.0,1.0,1.0,N,,08/2024,Analyst
27-1025.00,1.A.3.a.3,Dynamic Strength,LV,0.0,8,0.0,0.0,0.0,N,Y,08/2024,Analyst
27-1025.00,1.A.3.a.4,Trunk Strength,IM,2.12,8,0.125,1.88,2.37,N,,08/2024,Analyst
27-1025.00,1.A.3.a.4,Trunk Strength,LV,1.38,8,0.183,1.0164,1.7336,N,N,08/2024,Analyst
27-1025.00,1.A.3.b.1,Stamina,IM,1.0,8,0.0,1.0,1.0,N,,08/2024,Analyst
27-1025.00,1.A.3.b.1,Stamina,LV,0.0,8,0.0,0.0,0.0,N,Y,08/2024,Analyst
27-1025.00,1.A.3.c.1,Extent Flexibility,IM,1.0,8,0.0,1.0,1.0,N,,08/2024,Analyst
27-1025.00,1.A.3.c.1,Extent Flexibility,LV,0.0,8,0.0,0.0,0.0,N,Y,08/2024,Analyst
27-1025.00,1.A.3.c.2,Dynamic Flexibility,IM,1.0,8,0.0,1.0,1.0,N,,08/2024,Analyst
27-1025.00,1.A.3.c.2,Dynamic Flexibility,LV,0.0,8,0.0,0.0,0.0,N,Y,08/2024,Analyst
27-1025.00,1.A.3.c.3,Gross Body Coordination,IM,1.0,8,0.0,1.0,1.0,N,,08/2024,Analyst
27-1025.00,1.A.3.c.3,Gross Body Coordination,LV,0.0,8,0.0,0.0,0.0,N,Y,08/2024,Analyst
27-1025.00,1.A.3.c.4,Gross Body Equilibrium,IM,1.0,8,0.0,1.0,1.0,N,,08/2024,Analyst
27-1025.00,1.A.3.c.4,Gross Body Equilibrium,LV,0.0,8,0.0,0.0,0.0,N,Y,08/2024,Analyst
27-1025.00,1.A.4.a.1,Near Vision,IM,4.0,8,0.0,4.0,4.0,N,,08/2024,Analyst
27-1025.00,1.A.4.a.1,Near Vision,LV,4.12,8,0.125,3.88,4.37,N,N,08/2024,Analyst
27-1025.00,1.A.4.a.2,Far Vision,IM,3.12,8,0.125,2.88,3.37,N,,08/2024,Analyst
27-1025.00,1.A.4.a.2,Far Vision,LV,3.12,8,0.125,2.88,3.37,N,N,08/2024,Analyst
27-1025.00,1.A.4.a.3,Visual Color Discrimination,IM,3.75,8,0.1637,3.4292,4.0708,N,,08/2024,Analyst
27-1025.00,1.A.4.a.3,Visual Color Discrimination,LV,4.0,8,0.0,4.0,4.0,N,N,08/2024,Analyst
27-1025.00,1.A.4.a.4,Night Vision,IM,1.0,8,0.0,1.0,1.0,N,,08/2024,Analyst
27-1025.00,1.A.4.a.4,Night Vision,LV,0.0,8,0.0,0.0,0.0,N,Y,08/2024,Analyst
27-1025.00,1.A.4.a.5,Peripheral Vision,IM,1.0,8,0.0,1.0,1.0,N,,08/2024,Analyst
27-1025.00,1.A.4.a.5,Peripheral Vision,LV,0.0,8,0.0,0.0,0.0,N,Y,08/2024,Analyst
27-1025.00,1.A.4.a.6,Depth Perception,IM,2.0,8,0.0,2.0,2.0,N,,08/2024,Analyst
27-1025.00,1.A.4.a.6,Depth Perception,LV,1.88,8,0.125,1.63,2.12,N,N,08/2024,Analyst
27-1025.00,1.A.4.a.7,Glare Sensitivity,IM,1.0,8,0.0,1.0,1.0,N,,08/2024,Analyst
27-1025.00,1.A.4.a.7,Glare Sensitivity,LV,0.0,8,0.0,0.0,0.0,N,Y,08/2024,Analyst
27-1025.00,1.A.4.b.1,Hearing Sensitivity,IM,2.0,8,0.0,2.0,2.0,N,,08/2024,Analyst
27-1025.00,1.A.4.b.1,Hearing Sensitivity,LV,1.12,8,0.125,0.88,1.37,N,N,08/2024,Analyst
27-1025.00,1.A.4.b.2,Auditory Attention,IM,2.0,8,0.0,2.0,2.0,N,,08/2024,Analyst
27-1025.00,1.A.4.b.2,Auditory Attention,LV,1.38,8,0.183,1.0164,1.7336,N,N,08/2024,Analyst
27-1025.00,1.A.4.b.3,Sound Localization,IM,1.0,8,0.0,1.0,1.0,N,,08/2024,Analyst
27-1025.00,1.A.4.b.3,Sound Localization,LV,0.0,8,0.0,0.0,0.0,N,Y,08/2024,Analyst
27-1025.00,1.A.4.b.4,Speech Recognition,IM,3.75,8,0.1637,3.4292,4.0708,N,,08/2024,Analyst
27-1025.00,1.A.4.b.4,Speech Recognition,LV,3.75,8,0.1637,3.4292,4.0708,N,N,08/2024,Analyst
27-1025.00,1.A.4.b.5,Speech Clarity,IM,3.75,8,0.1637,3.4292,4.0708,N,,08/2024,Analyst
27-1025.00,1.A.4.b.5,Speech Clarity,LV,3.12,8,0.125,2.88,3.37,N,N,08/2024,Analyst
27-1026.00,1.A.1.a.1,Oral Comprehension,IM,3.62,8,0.183,3.2664,3.9836,N,,07/2015,Analyst
27-1026.00,1.A.1.a.1,Oral Comprehension,LV,4.0,8,0.0,4.0,4.0,N,N,07/2015,Analyst
27-1026.00,1.A.1.a.2,Written Comprehension,IM,3.0,8,0.0,3.0,3.0,N,,07/2015,Analyst
27-1026.00,1.A.1.a.2,Written Comprehension,LV,3.0,8,0.0,3.0,3.0,N,N,07/2015,Analyst
27-1026.00,1.A.1.a.3,Oral Expression,IM,3.62,8,0.183,3.2664,3.9836,N,,07/2015,Analyst
27-1026.00,1.A.1.a.3,Oral Expression,LV,3.88,8,0.125,3.63,4.12,N,N,07/2015,Analyst
27-1026.00,1.A.1.a.4,Written Expression,IM,3.0,8,0.0,3.0,3.0,N,,07/2015,Analyst
27-1026.00,1.A.1.a.4,Written Expression,LV,3.0,8,0.0,3.0,3.0,N,N,07/2015,Analyst
27-1026.00,1.A.1.b.1,Fluency of Ideas,IM,3.38,8,0.183,3.0164,3.7336,N,,07/2015,Analyst
27-1026.00,1.A.1.b.1,Fluency of Ideas,LV,3.38,8,0.2631,2.8594,3.8906,N,N,07/2015,Analyst
27-1026.00,1.A.1.b.2,Originality,IM,3.25,8,0.1637,2.9292,3.5708,N,,07/2015,Analyst
27-1026.00,1.A.1.b.2,Originality,LV,3.25,8,0.1637,2.9292,3.5708,N,N,07/2015,Analyst
27-1026.00,1.A.1.b.3,Problem Sensitivity,IM,3.12,8,0.125,2.88,3.37,N,,07/2015,Analyst
27-1026.00,1.A.1.b.3,Problem Sensitivity,LV,3.0,8,0.0,3.0,3.0,N,N,07/2015,Analyst
27-1026.00,1.A.1.b.4,Deductive Reasoning,IM,3.25,8,0.1637,2.9292,3.5708,N,,07/2015,Analyst
27-1026.00,1.A.1.b.4,Deductive Reasoning,LV,3.12,8,0.125,2.88,3.37,N,N,07/2015,Analyst
27-1026.00,1.A.1.b.5,Inductive Reasoning,IM,3.0,8,0.0,3.0,3.0,N,,07/2015,Analyst
27-1026.00,1.A.1.b.5,Inductive Reasoning,LV,3.0,8,0.0,3.0,3.0,N,N,07/2015,Analyst
27-1026.00,1.A.1.b.6,Information Ordering,IM,3.25,8,0.1637,2.9292,3.5708,N,,07/2015,Analyst
27-1026.00,1.A.1.b.6,Information Ordering,LV,3.25,8,0.1637,2.9292,3.5708,N,N,07/2015,Analyst
27-1026.00,1.A.1.b.7,Category Flexibility,IM,3.25,8,0.1637,2.9292,3.5708,N,,07/2015,Analyst
27-1026.00,1.A.1.b.7,Category Flexibility,LV,3.12,8,0.125,2.88,3.37,N,N,07/2015,Analyst
27-1026.00,1.A.1.c.1,Mathematical Reasoning,IM,2.12,8,0.125,1.88,2.37,N,,07/2015,Analyst
27-1026.00,1.A.1.c.1,Mathematical Reasoning,LV,1.62,8,0.183,1.2664,1.9836,N,N,07/2015,Analyst
27-1026.00,1.A.1.c.2,Number Facility,IM,2.0,8,0.0,2.0,2.0,N,,07/2015,Analyst
27-1026.00,1.A.1.c.2,Number Facility,LV,1.88,8,0.125,1.63,2.12,N,N,07/2015,Analyst
27-1026.00,1.A.1.d.1,Memorization,IM,2.0,8,0.189,1.6296,2.3704,N,,07/2015,Analyst
27-1026.00,1.A.1.d.1,Memorization,LV,1.12,8,0.2266,0.6809,1.5691,N,N,07/2015,Analyst
27-1026.00,1.A.1.e.1,Speed of Closure,IM,2.25,8,0.1637,1.9292,2.5708,N,,07/2015,Analyst
27-1026.00,1.A.1.e.1,Speed of Closure,LV,2.0,8,0.189,1.6296,2.3704,N,N,07/2015,Analyst
27-1026.00,1.A.1.e.2,Flexibility of Closure,IM,2.62,8,0.183,2.2664,2.9836,N,,07/2015,Analyst
27-1026.00,1.A.1.e.2,Flexibility of Closure,LV,2.38,8,0.183,2.0164,2.7336,N,N,07/2015,Analyst
27-1026.00,1.A.1.e.3,Perceptual Speed,IM,2.75,8,0.1637,2.4292,3.0708,N,,07/2015,Analyst
27-1026.00,1.A.1.e.3,Perceptual Speed,LV,2.5,8,0.189,2.1296,2.8704,N,N,07/2015,Analyst
27-1026.00,1.A.1.f.1,Spatial Orientation,IM,1.88,8,0.125,1.63,2.12,N,,07/2015,Analyst
27-1026.00,1.A.1.f.1,Spatial Orientation,LV,1.25,8,0.25,0.76,1.74,N,N,07/2015,Analyst
27-1026.00,1.A.1.f.2,Visualization,IM,3.88,8,0.125,3.63,4.12,N,,07/2015,Analyst
27-1026.00,1.A.1.f.2,Visualization,LV,3.88,8,0.125,3.63,4.12,N,N,07/2015,Analyst
27-1026.00,1.A.1.g.1,Selective Attention,IM,2.88,8,0.125,2.63,3.12,N,,07/2015,Analyst
27-1026.00,1.A.1.g.1,Selective Attention,LV,2.75,8,0.1637,2.4292,3.0708,N,N,07/2015,Analyst
27-1026.00,1.A.1.g.2,Time Sharing,IM,2.25,8,0.1637,1.9292,2.5708,N,,07/2015,Analyst
27-1026.00,1.A.1.g.2,Time Sharing,LV,2.12,8,0.125,1.88,2.37,N,N,07/2015,Analyst
27-1026.00,1.A.2.a.1,Arm-Hand Steadiness,IM,3.0,8,0.0,3.0,3.0,N,,07/2015,Analyst
27-1026.00,1.A.2.a.1,Arm-Hand Steadiness,LV,3.25,8,0.1637,2.9292,3.5708,N,N,07/2015,Analyst
27-1026.00,1.A.2.a.2,Manual Dexterity,IM,3.38,8,0.183,3.0164,3.7336,N,,07/2015,Analyst
27-1026.00,1.A.2.a.2,Manual Dexterity,LV,2.88,8,0.125,2.63,3.12,N,N,07/2015,Analyst
27-1026.00,1.A.2.a.3,Finger Dexterity,IM,3.25,8,0.1637,2.9292,3.5708,N,,07/2015,Analyst
27-1026.00,1.A.2.a.3,Finger Dexterity,LV,3.25,8,0.1637,2.9292,3.5708,N,N,07/2015,Analyst
27-1026.00,1.A.2.b.1,Control Precision,IM,2.5,8,0.189,2.1296,2.8704,N,,07/2015,Analyst
27-1026.00,1.A.2.b.1,Control Precision,LV,2.5,8,0.189,2.1296,2.8704,N,N,07/2015,Analyst
27-1026.00,1.A.2.b.2,Multilimb Coordination,IM,3.0,8,0.0,3.0,3.0,N,,07/2015,Analyst
27-1026.00,1.A.2.b.2,Multilimb Coordination,LV,2.62,8,0.183,2.2664,2.9836,N,N,07/2015,Analyst
27-1026.00,1.A.2.b.3,Response Orientation,IM,1.25,8,0.1637,1.0,1.5708,N,,07/2015,Analyst
27-1026.00,1.A.2.b.3,Response Orientation,LV,0.25,8,0.1637,0.0,0.5708,N,Y,07/2015,Analyst
27-1026.00,1.A.2.b.4,Rate Control,IM,1.5,8,0.189,1.1296,1.8704,N,,07/2015,Analyst
27-1026.00,1.A.2.b.4,Rate Control,LV,0.5,8,0.189,0.1296,0.8704,N,N,07/2015,Analyst
27-1026.00,1.A.2.c.1,Reaction Time,IM,1.88,8,0.125,1.63,2.12,N,,07/2015,Analyst
27-1026.00,1.A.2.c.1,Reaction Time,LV,1.25,8,0.25,0.76,1.74,N,N,07/2015,Analyst
27-1026.00,1.A.2.c.2,Wrist-Finger Speed,IM,1.25,8,0.1637,1.0,1.5708,N,,07/2015,Analyst
27-1026.00,1.A.2.c.2,Wrist-Finger Speed,LV,0.25,8,0.1637,0.0,0.5708,N,Y,07/2015,Analyst
27-1026.00,1.A.2.c.3,Speed of Limb Movement,IM,1.62,8,0.183,1.2664,1.9836,N,,07/2015,Analyst
27-1026.00,1.A.2.c.3,Speed of Limb Movement,LV,1.25,8,0.366,0.5327,1.9673,N,N,07/2015,Analyst
27-1026.00,1.A.3.a.1,Static Strength,IM,3.0,8,0.189,2.6296,3.3704,N,,07/2015,Analyst
27-1026.00,1.A.3.a.1,Static Strength,LV,3.0,8,0.189,2.6296,3.3704,N,N,07/2015,Analyst
27-1026.00,1.A.3.a.2,Explosive Strength,IM,1.75,8,0.1637,1.4292,2.0708,N,,07/2015,Analyst
27-1026.00,1.A.3.a.2,Explosive Strength,LV,1.0,8,0.2673,0.4762,1.5238,N,N,07/2015,Analyst
27-1026.00,1.A.3.a.3,Dynamic Strength,IM,2.25,8,0.1637,1.9292,2.5708,N,,07/2015,Analyst
27-1026.00,1.A.3.a.3,Dynamic Strength,LV,2.12,8,0.125,1.88,2.37,N,N,07/2015,Analyst
27-1026.00,1.A.3.a.4,Trunk Strength,IM,3.25,8,0.1637,2.9292,3.5708,N,,07/2015,Analyst
27-1026.00,1.A.3.a.4,Trunk Strength,LV,3.12,8,0.125,2.88,3.37,N,N,07/2015,Analyst
27-1026.00,1.A.3.b.1,Stamina,IM,3.0,8,0.189,2.6296,3.3704,N,,07/2015,Analyst
27-1026.00,1.A.3.b.1,Stamina,LV,2.88,8,0.125,2.63,3.12,N,N,07/2015,Analyst
27-1026.00,1.A.3.c.1,Extent Flexibility,IM,3.12,8,0.125,2.88,3.37,N,,07/2015,Analyst
27-1026.00,1.A.3.c.1,Extent Flexibility,LV,3.5,8,0.189,3.1296,3.8704,N,N,07/2015,Analyst
27-1026.00,1.A.3.c.2,Dynamic Flexibility,IM,1.0,8,0.0,1.0,1.0,N,,07/2015,Analyst
27-1026.00,1.A.3.c.2,Dynamic Flexibility,LV,0.0,8,0.0,0.0,0.0,N,Y,07/2015,Analyst
27-1026.00,1.A.3.c.3,Gross Body Coordination,IM,3.0,8,0.0,3.0,3.0,N,,07/2015,Analyst
27-1026.00,1.A.3.c.3,Gross Body Coordination,LV,2.62,8,0.183,2.2664,2.9836,N,N,07/2015,Analyst
27-1026.00,1.A.3.c.4,Gross Body Equilibrium,IM,2.62,8,0.183,2.2664,2.9836,N,,07/2015,Analyst
27-1026.00,1.A.3.c.4,Gross Body Equilibrium,LV,2.38,8,0.183,2.0164,2.7336,N,N,07/2015,Analyst
27-1026.00,1.A.4.a.1,Near Vision,IM,3.25,8,0.1637,2.9292,3.5708,N,,07/2015,Analyst
27-1026.00,1.A.4.a.1,Near Vision,LV,3.38,8,0.183,3.0164,3.7336,N,N,07/2015,Analyst
27-1026.00,1.A.4.a.2,Far Vision,IM,3.25,8,0.1637,2.9292,3.5708,N,,07/2015,Analyst
27-1026.00,1.A.4.a.2,Far Vision,LV,3.62,8,0.2631,3.1094,4.1406,N,N,07/2015,Analyst
27-1026.00,1.A.4.a.3,Visual Color Discrimination,IM,3.25,8,0.1637,2.9292,3.5708,N,,07/2015,Analyst
27-1026.00,1.A.4.a.3,Visual Color Discrimination,LV,3.38,8,0.183,3.0164,3.7336,N,N,07/2015,Analyst
27-1026.00,1.A.4.a.4,Night Vision,IM,1.0,8,0.0,1.0,1.0,N,,07/2015,Analyst
27-1026.00,1.A.4.a.4,Night Vision,LV,0.0,8,0.0,0.0,0.0,N,Y,07/2015,Analyst
27-1026.00,1.A.4.a.5,Peripheral Vision,IM,1.12,8,0.125,1.0,1.37,N,,07/2015,Analyst
27-1026.00,1.A.4.a.5,Peripheral Vision,LV,0.25,8,0.25,0.0,0.74,N,Y,07/2015,Analyst
27-1026.00,1.A.4.a.6,Depth Perception,IM,1.88,8,0.2266,1.4309,2.3191,N,,07/2015,Analyst
27-1026.00,1.A.4.a.6,Depth Perception,LV,1.12,8,0.3504,0.4383,1.8117,N,N,07/2015,Analyst
27-1026.00,1.A.4.a.7,Glare Sensitivity,IM,1.0,8,0.0,1.0,1.0,N,,07/2015,Analyst
27-1026.00,1.A.4.a.7,Glare Sensitivity,LV,0.0,8,0.0,0.0,0.0,N,Y,07/2015,Analyst
27-1026.00,1.A.4.b.1,Hearing Sensitivity,IM,1.88,8,0.2266,1.4309,2.3191,N,,07/2015,Analyst
27-1026.00,1.A.4.b.1,Hearing Sensitivity,LV,1.38,8,0.3239,0.7402,2.0098,N,N,07/2015,Analyst
27-1026.00,1.A.4.b.2,Auditory Attention,IM,2.25,8,0.1637,1.9292,2.5708,N,,07/2015,Analyst
27-1026.00,1.A.4.b.2,Auditory Attention,LV,2.0,8,0.189,1.6296,2.3704,N,N,07/2015,Analyst
27-1026.00,1.A.4.b.3,Sound Localization,IM,1.0,8,0.0,1.0,1.0,N,,07/2015,Analyst
27-1026.00,1.A.4.b.3,Sound Localization,LV,0.0,8,0.0,0.0,0.0,N,Y,07/2015,Analyst
27-1026.00,1.A.4.b.4,Speech Recognition,IM,3.38,8,0.183,3.0164,3.7336,N,,07/2015,Analyst
27-1026.00,1.A.4.b.4,Speech Recognition,LV,3.25,8,0.1637,2.9292,3.5708,N,N,07/2015,Analyst
27-1026.00,1.A.4.b.5,Speech Clarity,IM,3.62,8,0.183,3.2664,3.9836,N,,07/2015,Analyst
27-1026.00,1.A.4.b.5,Speech Clarity,LV,3.25,8,0.1637,2.9292,3.5708,N,N,07/2015,Analyst
27-1027.00,1.A.1.a.1,Oral Comprehension,IM,4.0,8,0.0,4.0,4.0,N,,08/2021,Analyst
27-1027.00,1.A.1.a.1,Oral Comprehension,LV,4.12,8,0.125,3.88,4.37,N,N,08/2021,Analyst
27-1027.00,1.A.1.a.2,Written Comprehension,IM,3.88,8,0.2266,3.4309,4.3191,N,,08/2021,Analyst
27-1027.00,1.A.1.a.2,Written Comprehension,LV,3.88,8,0.125,3.63,4.12,N,N,08/2021,Analyst
27-1027.00,1.A.1.a.3,Oral Expression,IM,3.75,8,0.1637,3.4292,4.0708,N,,08/2021,Analyst
27-1027.00,1.A.1.a.3,Oral Expression,LV,4.0,8,0.0,4.0,4.0,N,N,08/2021,Analyst
27-1027.00,1.A.1.a.4,Written Expression,IM,3.75,8,0.1637,3.4292,4.0708,N,,08/2021,Analyst
27-1027.00,1.A.1.a.4,Written Expression,LV,3.75,8,0.1637,3.4292,4.0708,N,N,08/2021,Analyst
27-1027.00,1.A.1.b.1,Fluency of Ideas,IM,4.12,8,0.2266,3.6809,4.5691,N,,08/2021,Analyst
27-1027.00,1.A.1.b.1,Fluency of Ideas,LV,4.12,8,0.2266,3.6809,4.5691,N,N,08/2021,Analyst
27-1027.00,1.A.1.b.2,Originality,IM,3.88,8,0.125,3.63,4.12,N,,08/2021,Analyst
27-1027.00,1.A.1.b.2,Originality,LV,3.88,8,0.125,3.63,4.12,N,N,08/2021,Analyst
27-1027.00,1.A.1.b.3,Problem Sensitivity,IM,3.88,8,0.125,3.63,4.12,N,,08/2021,Analyst
27-1027.00,1.A.1.b.3,Problem Sensitivity,LV,3.88,8,0.125,3.63,4.12,N,N,08/2021,Analyst
27-1027.00,1.A.1.b.4,Deductive Reasoning,IM,3.62,8,0.183,3.2664,3.9836,N,,08/2021,Analyst
27-1027.00,1.A.1.b.4,Deductive Reasoning,LV,3.75,8,0.1637,3.4292,4.0708,N,N,08/2021,Analyst
27-1027.00,1.A.1.b.5,Inductive Reasoning,IM,3.5,8,0.189,3.1296,3.8704,N,,08/2021,Analyst
27-1027.00,1.A.1.b.5,Inductive Reasoning,LV,3.5,8,0.189,3.1296,3.8704,N,N,08/2021,Analyst
27-1027.00,1.A.1.b.6,Information Ordering,IM,3.75,8,0.1637,3.4292,4.0708,N,,08/2021,Analyst
27-1027.00,1.A.1.b.6,Information Ordering,LV,3.75,8,0.1637,3.4292,4.0708,N,N,08/2021,Analyst
27-1027.00,1.A.1.b.7,Category Flexibility,IM,3.5,8,0.189,3.1296,3.8704,N,,08/2021,Analyst
27-1027.00,1.A.1.b.7,Category Flexibility,LV,3.5,8,0.189,3.1296,3.8704,N,N,08/2021,Analyst
27-1027.00,1.A.1.c.1,Mathematical Reasoning,IM,2.75,8,0.1637,2.4292,3.0708,N,,08/2021,Analyst
27-1027.00,1.A.1.c.1,Mathematical Reasoning,LV,2.75,8,0.1637,2.4292,3.0708,N,N,08/2021,Analyst
27-1027.00,1.A.1.c.2,Number Facility,IM,2.75,8,0.1637,2.4292,3.0708,N,,08/2021,Analyst
27-1027.00,1.A.1.c.2,Number Facility,LV,2.75,8,0.1637,2.4292,3.0708,N,N,08/2021,Analyst
27-1027.00,1.A.1.d.1,Memorization,IM,2.5,8,0.189,2.1296,2.8704,N,,08/2021,Analyst
27-1027.00,1.A.1.d.1,Memorization,LV,2.5,8,0.2673,1.9762,3.0238,N,N,08/2021,Analyst
27-1027.00,1.A.1.e.1,Speed of Closure,IM,2.75,8,0.1637,2.4292,3.0708,N,,08/2021,Analyst
27-1027.00,1.A.1.e.1,Speed of Closure,LV,2.75,8,0.1637,2.4292,3.0708,N,N,08/2021,Analyst
27-1027.00,1.A.1.e.2,Flexibility of Closure,IM,3.0,8,0.0,3.0,3.0,N,,08/2021,Analyst
27-1027.00,1.A.1.e.2,Flexibility of Closure,LV,3.0,8,0.0,3.0,3.0,N,N,08/2021,Analyst
27-1027.00,1.A.1.e.3,Perceptual Speed,IM,2.88,8,0.125,2.63,3.12,N,,08/2021,Analyst
27-1027.00,1.A.1.e.3,Perceptual Speed,LV,3.0,8,0.0,3.0,3.0,N,N,08/2021,Analyst
27-1027.00,1.A.1.f.1,Spatial Orientation,IM,1.88,8,0.125,1.63,2.12,N,,08/2021,Analyst
27-1027.00,1.A.1.f.1,Spatial Orientation,LV,1.75,8,0.25,1.26,2.24,N,N,08/2021,Analyst
27-1027.00,1.A.1.f.2,Visualization,IM,4.0,8,0.0,4.0,4.0,N,,08/2021,Analyst
27-1027.00,1.A.1.f.2,Visualization,LV,4.5,8,0.189,4.1296,4.8704,N,N,08/2021,Analyst
27-1027.00,1.A.1.g.1,Selective Attention,IM,3.0,8,0.0,3.0,3.0,N,,08/2021,Analyst
27-1027.00,1.A.1.g.1,Selective Attention,LV,3.0,8,0.0,3.0,3.0,N,N,08/2021,Analyst
27-1027.00,1.A.1.g.2,Time Sharing,IM,2.88,8,0.125,2.63,3.12,N,,08/2021,Analyst
27-1027.00,1.A.1.g.2,Time Sharing,LV,2.75,8,0.1637,2.4292,3.0708,N,N,08/2021,Analyst
27-1027.00,1.A.2.a.1,Arm-Hand Steadiness,IM,2.62,8,0.183,2.2664,2.9836,N,,08/2021,Analyst
27-1027.00,1.A.2.a.1,Arm-Hand Steadiness,LV,2.62,8,0.183,2.2664,2.9836,N,N,08/2021,Analyst
27-1027.00,1.A.2.a.2,Manual Dexterity,IM,2.62,8,0.183,2.2664,2.9836,N,,08/2021,Analyst
27-1027.00,1.A.2.a.2,Manual Dexterity,LV,2.75,8,0.1637,2.4292,3.0708,N,N,08/2021,Analyst
27-1027.00,1.A.2.a.3,Finger Dexterity,IM,2.75,8,0.1637,2.4292,3.0708,N,,08/2021,Analyst
27-1027.00,1.A.2.a.3,Finger Dexterity,LV,2.88,8,0.125,2.63,3.12,N,N,08/2021,Analyst
27-1027.00,1.A.2.b.1,Control Precision,IM,2.62,8,0.183,2.2664,2.9836,N,,08/2021,Analyst
27-1027.00,1.A.2.b.1,Control Precision,LV,2.62,8,0.183,2.2664,2.9836,N,N,08/2021,Analyst
27-1027.00,1.A.2.b.2,Multilimb Coordination,IM,2.12,8,0.295,1.5467,2.7033,N,,08/2021,Analyst
27-1027.00,1.A.2.b.2,Multilimb Coordination,LV,1.5,8,0.378,0.7592,2.2408,N,N,08/2021,Analyst
27-1027.00,1.A.2.b.3,Response Orientation,IM,1.62,8,0.183,1.2664,1.9836,N,,08/2021,Analyst
27-1027.00,1.A.2.b.3,Response Orientation,LV,0.88,8,0.295,0.2967,1.4533,N,N,08/2021,Analyst
27-1027.00,1.A.2.b.4,Rate Control,IM,1.5,8,0.189,1.1296,1.8704,N,,08/2021,Analyst
27-1027.00,1.A.2.b.4,Rate Control,LV,0.88,8,0.3504,0.1883,1.5617,N,N,08/2021,Analyst
27-1027.00,1.A.2.c.1,Reaction Time,IM,1.75,8,0.1637,1.4292,2.0708,N,,08/2021,Analyst
27-1027.00,1.A.2.c.1,Reaction Time,LV,1.38,8,0.3239,0.7402,2.0098,N,N,08/2021,Analyst
27-1027.00,1.A.2.c.2,Wrist-Finger Speed,IM,1.75,8,0.1637,1.4292,2.0708,N,,08/2021,Analyst
27-1027.00,1.A.2.c.2,Wrist-Finger Speed,LV,1.0,8,0.2673,0.4762,1.5238,N,N,08/2021,Analyst
27-1027.00,1.A.2.c.3,Speed of Limb Movement,IM,1.5,8,0.189,1.1296,1.8704,N,,08/2021,Analyst
27-1027.00,1.A.2.c.3,Speed of Limb Movement,LV,0.88,8,0.3504,0.1883,1.5617,N,N,08/2021,Analyst
27-1027.00,1.A.3.a.1,Static Strength,IM,2.12,8,0.295,1.5467,2.7033,N,,08/2021,Analyst
27-1027.00,1.A.3.a.1,Static Strength,LV,1.5,8,0.3273,0.8584,2.1416,N,N,08/2021,Analyst
27-1027.00,1.A.3.a.2,Explosive Strength,IM,1.0,8,0.0,1.0,1.0,N,,08/2021,Analyst
27-1027.00,1.A.3.a.2,Explosive Strength,LV,0.0,8,0.0,0.0,0.0,N,Y,08/2021,Analyst
27-1027.00,1.A.3.a.3,Dynamic Strength,IM,1.38,8,0.183,1.0164,1.7336,N,,08/2021,Analyst
27-1027.00,1.A.3.a.3,Dynamic Strength,LV,0.75,8,0.366,0.0327,1.4673,N,N,08/2021,Analyst
27-1027.00,1.A.3.a.4,Trunk Strength,IM,2.0,8,0.0,2.0,2.0,N,,08/2021,Analyst
27-1027.00,1.A.3.a.4,Trunk Strength,LV,2.25,8,0.1637,1.9292,2.5708,N,N,08/2021,Analyst
27-1027.00,1.A.3.b.1,Stamina,IM,1.38,8,0.183,1.0164,1.7336,N,,08/2021,Analyst
27-1027.00,1.A.3.b.1,Stamina,LV,0.75,8,0.366,0.0327,1.4673,N,N,08/2021,Analyst
27-1027.00,1.A.3.c.1,Extent Flexibility,IM,1.38,8,0.183,1.0164,1.7336,N,,08/2021,Analyst
27-1027.00,1.A.3.c.1,Extent Flexibility,LV,0.75,8,0.366,0.0327,1.4673,N,N,08/2021,Analyst
27-1027.00,1.A.3.c.2,Dynamic Flexibility,IM,1.0,8,0.0,1.0,1.0,N,,08/2021,Analyst
27-1027.00,1.A.3.c.2,Dynamic Flexibility,LV,0.0,8,0.0,0.0,0.0,N,Y,08/2021,Analyst
27-1027.00,1.A.3.c.3,Gross Body Coordination,IM,1.38,8,0.183,1.0164,1.7336,N,,08/2021,Analyst
27-1027.00,1.A.3.c.3,Gross Body Coordination,LV,0.75,8,0.366,0.0327,1.4673,N,N,08/2021,Analyst
27-1027.00,1.A.3.c.4,Gross Body Equilibrium,IM,1.88,8,0.125,1.63,2.12,N,,08/2021,Analyst
27-1027.00,1.A.3.c.4,Gross Body Equilibrium,LV,1.5,8,0.2673,0.9762,2.0238,N,N,08/2021,Analyst
27-1027.00,1.A.4.a.1,Near Vision,IM,3.75,8,0.1637,3.4292,4.0708,N,,08/2021,Analyst
27-1027.00,1.A.4.a.1,Near Vision,LV,3.75,8,0.1637,3.4292,4.0708,N,N,08/2021,Analyst
27-1027.00,1.A.4.a.2,Far Vision,IM,3.0,8,0.0,3.0,3.0,N,,08/2021,Analyst
27-1027.00,1.A.4.a.2,Far Vision,LV,3.5,8,0.189,3.1296,3.8704,N,N,08/2021,Analyst
27-1027.00,1.A.4.a.3,Visual Color Discrimination,IM,2.88,8,0.125,2.63,3.12,N,,08/2021,Analyst
27-1027.00,1.A.4.a.3,Visual Color Discrimination,LV,2.88,8,0.125,2.63,3.12,N,N,08/2021,Analyst
27-1027.00,1.A.4.a.4,Night Vision,IM,1.38,8,0.183,1.0164,1.7336,N,,08/2021,Analyst
27-1027.00,1.A.4.a.4,Night Vision,LV,0.38,8,0.183,0.0164,0.7336,N,N,08/2021,Analyst
27-1027.00,1.A.4.a.5,Peripheral Vision,IM,1.38,8,0.183,1.0164,1.7336,N,,08/2021,Analyst
27-1027.00,1.A.4.a.5,Peripheral Vision,LV,0.38,8,0.183,0.0164,0.7336,N,N,08/2021,Analyst
27-1027.00,1.A.4.a.6,Depth Perception,IM,2.25,8,0.1637,1.9292,2.5708,N,,08/2021,Analyst
27-1027.00,1.A.4.a.6,Depth Perception,LV,2.0,8,0.2673,1.4762,2.5238,N,N,08/2021,Analyst
27-1027.00,1.A.4.a.7,Glare Sensitivity,IM,1.62,8,0.183,1.2664,1.9836,N,,08/2021,Analyst
27-1027.00,1.A.4.a.7,Glare Sensitivity,LV,1.0,8,0.3273,0.3584,1.6416,N,N,08/2021,Analyst
27-1027.00,1.A.4.b.1,Hearing Sensitivity,IM,2.12,8,0.125,1.88,2.37,N,,08/2021,Analyst
27-1027.00,1.A.4.b.1,Hearing Sensitivity,LV,1.88,8,0.125,1.63,2.12,N,N,08/2021,Analyst
27-1027.00,1.A.4.b.2,Auditory Attention,IM,2.12,8,0.125,1.88,2.37,N,,08/2021,Analyst
27-1027.00,1.A.4.b.2,Auditory Attention,LV,2.0,8,0.0,2.0,2.0,N,N,08/2021,Analyst
27-1027.00,1.A.4.b.3,Sound Localization,IM,1.62,8,0.183,1.2664,1.9836,N,,08/2021,Analyst
27-1027.00,1.A.4.b.3,Sound Localization,LV,0.62,8,0.183,0.2664,0.9836,N,N,08/2021,Analyst
27-1027.00,1.A.4.b.4,Speech Recognition,IM,3.75,8,0.1637,3.4292,4.0708,N,,08/2021,Analyst
27-1027.00,1.A.4.b.4,Speech Recognition,LV,3.88,8,0.125,3.63,4.12,N,N,08/2021,Analyst
27-1027.00,1.A.4.b.5,Speech Clarity,IM,3.62,8,0.183,3.2664,3.9836,N,,08/2021,Analyst
27-1027.00,1.A.4.b.5,Speech Clarity,LV,3.75,8,0.1637,3.4292,4.0708,N,N,08/2021,Analyst
27-2011.00,1.A.1.a.1,Oral Comprehension,IM,4.0,8,0.0,4.0,4.0,N,,07/2017,Analyst
27-2011.00,1.A.1.a.1,Oral Comprehension,LV,4.12,8,0.125,3.88,4.37,N,N,07/2017,Analyst
27-2011.00,1.A.1.a.2,Written Comprehension,IM,3.88,8,0.125,3.63,4.12,N,,07/2017,Analyst
27-2011.00,1.A.1.a.2,Written Comprehension,LV,3.5,8,0.189,3.1296,3.8704,N,N,07/2017,Analyst
27-2011.00,1.A.1.a.3,Oral Expression,IM,4.12,8,0.125,3.88,4.37,N,,07/2017,Analyst
27-2011.00,1.A.1.a.3,Oral Expression,LV,4.0,8,0.0,4.0,4.0,N,N,07/2017,Analyst
27-2011.00,1.A.1.a.4,Written Expression,IM,2.88,8,0.125,2.63,3.12,N,,07/2017,Analyst
27-2011.00,1.A.1.a.4,Written Expression,LV,3.38,8,0.183,3.0164,3.7336,N,N,07/2017,Analyst
27-2011.00,1.A.1.b.1,Fluency of Ideas,IM,3.0,8,0.189,2.6296,3.3704,N,,07/2017,Analyst
27-2011.00,1.A.1.b.1,Fluency of Ideas,LV,3.38,8,0.183,3.0164,3.7336,N,N,07/2017,Analyst
27-2011.00,1.A.1.b.2,Originality,IM,3.75,8,0.1637,3.4292,4.0708,N,,07/2017,Analyst
27-2011.00,1.A.1.b.2,Originality,LV,3.38,8,0.183,3.0164,3.7336,N,N,07/2017,Analyst
27-2011.00,1.A.1.b.3,Problem Sensitivity,IM,3.12,8,0.125,2.88,3.37,N,,07/2017,Analyst
27-2011.00,1.A.1.b.3,Problem Sensitivity,LV,3.12,8,0.125,2.88,3.37,N,N,07/2017,Analyst
27-2011.00,1.A.1.b.4,Deductive Reasoning,IM,2.88,8,0.125,2.63,3.12,N,,07/2017,Analyst
27-2011.00,1.A.1.b.4,Deductive Reasoning,LV,3.0,8,0.0,3.0,3.0,N,N,07/2017,Analyst
27-2011.00,1.A.1.b.5,Inductive Reasoning,IM,2.88,8,0.125,2.63,3.12,N,,07/2017,Analyst
27-2011.00,1.A.1.b.5,Inductive Reasoning,LV,3.0,8,0.0,3.0,3.0,N,N,07/2017,Analyst
27-2011.00,1.A.1.b.6,Information Ordering,IM,2.88,8,0.125,2.63,3.12,N,,07/2017,Analyst
27-2011.00,1.A.1.b.6,Information Ordering,LV,3.0,8,0.0,3.0,3.0,N,N,07/2017,Analyst
27-2011.00,1.A.1.b.7,Category Flexibility,IM,2.75,8,0.1637,2.4292,3.0708,N,,07/2017,Analyst
27-2011.00,1.A.1.b.7,Category Flexibility,LV,3.0,8,0.0,3.0,3.0,N,N,07/2017,Analyst
27-2011.00,1.A.1.c.1,Mathematical Reasoning,IM,1.0,8,0.0,1.0,1.0,N,,07/2017,Analyst
27-2011.00,1.A.1.c.1,Mathematical Reasoning,LV,0.0,8,0.0,0.0,0.0,N,Y,07/2017,Analyst
27-2011.00,1.A.1.c.2,Number Facility,IM,1.12,8,0.125,1.0,1.37,N,,07/2017,Analyst
27-2011.00,1.A.1.c.2,Number Facility,LV,0.12,8,0.125,0.0,0.37,N,Y,07/2017,Analyst
27-2011.00,1.A.1.d.1,Memorization,IM,3.88,8,0.295,3.2967,4.4533,N,,07/2017,Analyst
27-2011.00,1.A.1.d.1,Memorization,LV,4.0,8,0.189,3.6296,4.3704,N,N,07/2017,Analyst
27-2011.00,1.A.1.e.1,Speed of Closure,IM,2.12,8,0.125,1.88,2.37,N,,07/2017,Analyst
27-2011.00,1.A.1.e.1,Speed of Closure,LV,2.25,8,0.25,1.76,2.74,N,N,07/2017,Analyst
27-2011.00,1.A.1.e.2,Flexibility of Closure,IM,2.25,8,0.1637,1.9292,2.5708,N,,07/2017,Analyst
27-2011.00,1.A.1.e.2,Flexibility of Closure,LV,2.38,8,0.183,2.0164,2.7336,N,N,07/2017,Analyst
27-2011.00,1.A.1.e.3,Perceptual Speed,IM,2.0,8,0.0,2.0,2.0,N,,07/2017,Analyst
27-2011.00,1.A.1.e.3,Perceptual Speed,LV,1.88,8,0.125,1.63,2.12,N,N,07/2017,Analyst
27-2011.00,1.A.1.f.1,Spatial Orientation,IM,1.0,8,0.0,1.0,1.0,N,,07/2017,Analyst
27-2011.00,1.A.1.f.1,Spatial Orientation,LV,0.0,8,0.0,0.0,0.0,N,Y,07/2017,Analyst
27-2011.00,1.A.1.f.2,Visualization,IM,2.62,8,0.183,2.2664,2.9836,N,,07/2017,Analyst
27-2011.00,1.A.1.f.2,Visualization,LV,2.5,8,0.189,2.1296,2.8704,N,N,07/2017,Analyst
27-2011.00,1.A.1.g.1,Selective Attention,IM,3.0,8,0.0,3.0,3.0,N,,07/2017,Analyst
27-2011.00,1.A.1.g.1,Selective Attention,LV,3.12,8,0.125,2.88,3.37,N,N,07/2017,Analyst
27-2011.00,1.A.1.g.2,Time Sharing,IM,2.75,8,0.1637,2.4292,3.0708,N,,07/2017,Analyst
27-2011.00,1.A.1.g.2,Time Sharing,LV,2.88,8,0.125,2.63,3.12,N,N,07/2017,Analyst
27-2011.00,1.A.2.a.1,Arm-Hand Steadiness,IM,2.0,8,0.0,2.0,2.0,N,,07/2017,Analyst
27-2011.00,1.A.2.a.1,Arm-Hand Steadiness,LV,1.75,8,0.1637,1.4292,2.0708,N,N,07/2017,Analyst
27-2011.00,1.A.2.a.2,Manual Dexterity,IM,2.0,8,0.0,2.0,2.0,N,,07/2017,Analyst
27-2011.00,1.A.2.a.2,Manual Dexterity,LV,1.75,8,0.1637,1.4292,2.0708,N,N,07/2017,Analyst
27-2011.00,1.A.2.a.3,Finger Dexterity,IM,2.0,8,0.0,2.0,2.0,N,,07/2017,Analyst
27-2011.00,1.A.2.a.3,Finger Dexterity,LV,1.88,8,0.125,1.63,2.12,N,N,07/2017,Analyst
27-2011.00,1.A.2.b.1,Control Precision,IM,1.0,8,0.0,1.0,1.0,N,,07/2017,Analyst
27-2011.00,1.A.2.b.1,Control Precision,LV,0.0,8,0.0,0.0,0.0,N,Y,07/2017,Analyst
27-2011.00,1.A.2.b.2,Multilimb Coordination,IM,2.0,8,0.0,2.0,2.0,N,,07/2017,Analyst
27-2011.00,1.A.2.b.2,Multilimb Coordination,LV,2.0,8,0.0,2.0,2.0,N,N,07/2017,Analyst
27-2011.00,1.A.2.b.3,Response Orientation,IM,1.0,8,0.0,1.0,1.0,N,,07/2017,Analyst
27-2011.00,1.A.2.b.3,Response Orientation,LV,0.0,8,0.0,0.0,0.0,N,Y,07/2017,Analyst
27-2011.00,1.A.2.b.4,Rate Control,IM,1.0,8,0.0,1.0,1.0,N,,07/2017,Analyst
27-2011.00,1.A.2.b.4,Rate Control,LV,0.0,8,0.0,0.0,0.0,N,Y,07/2017,Analyst
27-2011.00,1.A.2.c.1,Reaction Time,IM,1.0,8,0.0,1.0,1.0,N,,07/2017,Analyst
27-2011.00,1.A.2.c.1,Reaction Time,LV,0.0,8,0.0,0.0,0.0,N,Y,07/2017,Analyst
27-2011.00,1.A.2.c.2,Wrist-Finger Speed,IM,1.12,8,0.125,1.0,1.37,N,,07/2017,Analyst
27-2011.00,1.A.2.c.2,Wrist-Finger Speed,LV,0.25,8,0.25,0.0,0.74,N,Y,07/2017,Analyst
27-2011.00,1.A.2.c.3,Speed of Limb Movement,IM,1.0,8,0.0,1.0,1.0,N,,07/2017,Analyst
27-2011.00,1.A.2.c.3,Speed of Limb Movement,LV,0.0,8,0.0,0.0,0.0,N,Y,07/2017,Analyst
27-2011.00,1.A.3.a.1,Static Strength,IM,2.0,8,0.0,2.0,2.0,N,,07/2017,Analyst
27-2011.00,1.A.3.a.1,Static Strength,LV,1.88,8,0.125,1.63,2.12,N,N,07/2017,Analyst
27-2011.00,1.A.3.a.2,Explosive Strength,IM,1.5,8,0.189,1.1296,1.8704,N,,07/2017,Analyst
27-2011.00,1.A.3.a.2,Explosive Strength,LV,0.88,8,0.3504,0.1883,1.5617,N,N,07/2017,Analyst
27-2011.00,1.A.3.a.3,Dynamic Strength,IM,2.0,8,0.0,2.0,2.0,N,,07/2017,Analyst
27-2011.00,1.A.3.a.3,Dynamic Strength,LV,1.88,8,0.125,1.63,2.12,N,N,07/2017,Analyst
27-2011.00,1.A.3.a.4,Trunk Strength,IM,2.38,8,0.183,2.0164,2.7336,N,,07/2017,Analyst
27-2011.00,1.A.3.a.4,Trunk Strength,LV,2.38,8,0.183,2.0164,2.7336,N,N,07/2017,Analyst
27-2011.00,1.A.3.b.1,Stamina,IM,2.0,8,0.0,2.0,2.0,N,,07/2017,Analyst
27-2011.00,1.A.3.b.1,Stamina,LV,1.75,8,0.1637,1.4292,2.0708,N,N,07/2017,Analyst
27-2011.00,1.A.3.c.1,Extent Flexibility,IM,2.0,8,0.0,2.0,2.0,N,,07/2017,Analyst
27-2011.00,1.A.3.c.1,Extent Flexibility,LV,1.88,8,0.125,1.63,2.12,N,N,07/2017,Analyst
27-2011.00,1.A.3.c.2,Dynamic Flexibility,IM,1.0,8,0.0,1.0,1.0,N,,07/2017,Analyst
27-2011.00,1.A.3.c.2,Dynamic Flexibility,LV,0.0,8,0.0,0.0,0.0,N,Y,07/2017,Analyst
27-2011.00,1.A.3.c.3,Gross Body Coordination,IM,2.25,8,0.1637,1.9292,2.5708,N,,07/2017,Analyst
27-2011.00,1.A.3.c.3,Gross Body Coordination,LV,2.5,8,0.189,2.1296,2.8704,N,N,07/2017,Analyst
27-2011.00,1.A.3.c.4,Gross Body Equilibrium,IM,2.0,8,0.0,2.0,2.0,N,,07/2017,Analyst
27-2011.00,1.A.3.c.4,Gross Body Equilibrium,LV,2.0,8,0.189,1.6296,2.3704,N,N,07/2017,Analyst
27-2011.00,1.A.4.a.1,Near Vision,IM,3.62,8,0.183,3.2664,3.9836,N,,07/2017,Analyst
27-2011.00,1.A.4.a.1,Near Vision,LV,3.5,8,0.189,3.1296,3.8704,N,N,07/2017,Analyst
27-2011.00,1.A.4.a.2,Far Vision,IM,2.38,8,0.183,2.0164,2.7336,N,,07/2017,Analyst
27-2011.00,1.A.4.a.2,Far Vision,LV,2.62,8,0.183,2.2664,2.9836,N,N,07/2017,Analyst
27-2011.00,1.A.4.a.3,Visual Color Discrimination,IM,2.0,8,0.0,2.0,2.0,N,,07/2017,Analyst
27-2011.00,1.A.4.a.3,Visual Color Discrimination,LV,1.88,8,0.125,1.63,2.12,N,N,07/2017,Analyst
27-2011.00,1.A.4.a.4,Night Vision,IM,1.0,8,0.0,1.0,1.0,N,,07/2017,Analyst
27-2011.00,1.A.4.a.4,Night Vision,LV,0.0,8,0.0,0.0,0.0,N,Y,07/2017,Analyst
27-2011.00,1.A.4.a.5,Peripheral Vision,IM,1.0,8,0.0,1.0,1.0,N,,07/2017,Analyst
27-2011.00,1.A.4.a.5,Peripheral Vision,LV,0.0,8,0.0,0.0,0.0,N,Y,07/2017,Analyst
27-2011.00,1.A.4.a.6,Depth Perception,IM,1.0,8,0.0,1.0,1.0,N,,07/2017,Analyst
27-2011.00,1.A.4.a.6,Depth Perception,LV,0.0,8,0.0,0.0,0.0,N,Y,07/2017,Analyst
27-2011.00,1.A.4.a.7,Glare Sensitivity,IM,1.88,8,0.125,1.63,2.12,N,,07/2017,Analyst
27-2011.00,1.A.4.a.7,Glare Sensitivity,LV,1.5,8,0.2673,0.9762,2.0238,N,N,07/2017,Analyst
27-2011.00,1.A.4.b.1,Hearing Sensitivity,IM,1.88,8,0.125,1.63,2.12,N,,07/2017,Analyst
27-2011.00,1.A.4.b.1,Hearing Sensitivity,LV,1.75,8,0.25,1.26,2.24,N,N,07/2017,Analyst
27-2011.00,1.A.4.b.2,Auditory Attention,IM,2.0,8,0.0,2.0,2.0,N,,07/2017,Analyst
27-2011.00,1.A.4.b.2,Auditory Attention,LV,1.88,8,0.125,1.63,2.12,N,N,07/2017,Analyst
27-2011.00,1.A.4.b.3,Sound Localization,IM,1.0,8,0.0,1.0,1.0,N,,07/2017,Analyst
27-2011.00,1.A.4.b.3,Sound Localization,LV,0.0,8,0.0,0.0,0.0,N,Y,07/2017,Analyst
27-2011.00,1.A.4.b.4,Speech Recognition,IM,3.0,8,0.189,2.6296,3.3704,N,,07/2017,Analyst
27-2011.00,1.A.4.b.4,Speech Recognition,LV,2.88,8,0.125,2.63,3.12,N,N,07/2017,Analyst
27-2011.00,1.A.4.b.5,Speech Clarity,IM,3.88,8,0.125,3.63,4.12,N,,07/2017,Analyst
27-2011.00,1.A.4.b.5,Speech Clarity,LV,4.75,8,0.1637,4.4292,5.0708,N,N,07/2017,Analyst
27-2012.00,1.A.1.a.1,Oral Comprehension,IM,4.12,8,0.125,3.88,4.37,N,,08/2022,Analyst
27-2012.00,1.A.1.a.1,Oral Comprehension,LV,4.25,8,0.1637,3.9292,4.5708,N,N,08/2022,Analyst
27-2012.00,1.A.1.a.2,Written Comprehension,IM,3.88,8,0.125,3.63,4.12,N,,08/2022,Analyst
27-2012.00,1.A.1.a.2,Written Comprehension,LV,4.25,8,0.1637,3.9292,4.5708,N,N,08/2022,Analyst
27-2012.00,1.A.1.a.3,Oral Expression,IM,4.5,8,0.189,4.1296,4.8704,N,,08/2022,Analyst
27-2012.00,1.A.1.a.3,Oral Expression,LV,4.62,8,0.183,4.2664,4.9836,N,N,08/2022,Analyst
27-2012.00,1.A.1.a.4,Written Expression,IM,3.75,8,0.1637,3.4292,4.0708,N,,08/2022,Analyst
27-2012.00,1.A.1.a.4,Written Expression,LV,4.25,8,0.25,3.76,4.74,N,N,08/2022,Analyst
27-2012.00,1.A.1.b.1,Fluency of Ideas,IM,3.62,8,0.183,3.2664,3.9836,N,,08/2022,Analyst
27-2012.00,1.A.1.b.1,Fluency of Ideas,LV,4.12,8,0.2266,3.6809,4.5691,N,N,08/2022,Analyst
27-2012.00,1.A.1.b.2,Originality,IM,3.75,8,0.1637,3.4292,4.0708,N,,08/2022,Analyst
27-2012.00,1.A.1.b.2,Originality,LV,4.25,8,0.25,3.76,4.74,N,N,08/2022,Analyst
27-2012.00,1.A.1.b.3,Problem Sensitivity,IM,4.0,8,0.0,4.0,4.0,N,,08/2022,Analyst
27-2012.00,1.A.1.b.3,Problem Sensitivity,LV,4.0,8,0.0,4.0,4.0,N,N,08/2022,Analyst
27-2012.00,1.A.1.b.4,Deductive Reasoning,IM,4.12,8,0.125,3.88,4.37,N,,08/2022,Analyst
27-2012.00,1.A.1.b.4,Deductive Reasoning,LV,4.38,8,0.183,4.0164,4.7336,N,N,08/2022,Analyst
27-2012.00,1.A.1.b.5,Inductive Reasoning,IM,3.62,8,0.183,3.2664,3.9836,N,,08/2022,Analyst
27-2012.00,1.A.1.b.5,Inductive Reasoning,LV,3.62,8,0.183,3.2664,3.9836,N,N,08/2022,Analyst
27-2012.00,1.A.1.b.6,Information Ordering,IM,3.75,8,0.1637,3.4292,4.0708,N,,08/2022,Analyst
27-2012.00,1.A.1.b.6,Information Ordering,LV,3.75,8,0.1637,3.4292,4.0708,N,N,08/2022,Analyst
27-2012.00,1.A.1.b.7,Category Flexibility,IM,3.62,8,0.183,3.2664,3.9836,N,,08/2022,Analyst
27-2012.00,1.A.1.b.7,Category Flexibility,LV,3.75,8,0.1637,3.4292,4.0708,N,N,08/2022,Analyst
27-2012.00,1.A.1.c.1,Mathematical Reasoning,IM,2.62,8,0.183,2.2664,2.9836,N,,08/2022,Analyst
27-2012.00,1.A.1.c.1,Mathematical Reasoning,LV,2.88,8,0.295,2.2967,3.4533,N,N,08/2022,Analyst
27-2012.00,1.A.1.c.2,Number Facility,IM,2.5,8,0.189,2.1296,2.8704,N,,08/2022,Analyst
27-2012.00,1.A.1.c.2,Number Facility,LV,2.75,8,0.1637,2.4292,3.0708,N,N,08/2022,Analyst
27-2012.00,1.A.1.d.1,Memorization,IM,2.88,8,0.125,2.63,3.12,N,,08/2022,Analyst
27-2012.00,1.A.1.d.1,Memorization,LV,2.88,8,0.295,2.2967,3.4533,N,N,08/2022,Analyst
27-2012.00,1.A.1.e.1,Speed of Closure,IM,3.12,8,0.2266,2.6809,3.5691,N,,08/2022,Analyst
27-2012.00,1.A.1.e.1,Speed of Closure,LV,3.12,8,0.2266,2.6809,3.5691,N,N,08/2022,Analyst
27-2012.00,1.A.1.e.2,Flexibility of Closure,IM,3.38,8,0.183,3.0164,3.7336,N,,08/2022,Analyst
27-2012.00,1.A.1.e.2,Flexibility of Closure,LV,3.38,8,0.183,3.0164,3.7336,N,N,08/2022,Analyst
27-2012.00,1.A.1.e.3,Perceptual Speed,IM,3.0,8,0.0,3.0,3.0,N,,08/2022,Analyst
27-2012.00,1.A.1.e.3,Perceptual Speed,LV,3.0,8,0.0,3.0,3.0,N,N,08/2022,Analyst
27-2012.00,1.A.1.f.1,Spatial Orientation,IM,1.88,8,0.2266,1.4309,2.3191,N,,08/2022,Analyst
27-2012.00,1.A.1.f.1,Spatial Orientation,LV,1.5,8,0.378,0.7592,2.2408,N,N,08/2022,Analyst
27-2012.00,1.A.1.f.2,Visualization,IM,3.62,8,0.2631,3.1094,4.1406,N,,08/2022,Analyst
27-2012.00,1.A.1.f.2,Visualization,LV,4.0,8,0.378,3.2592,4.7408,N,N,08/2022,Analyst
27-2012.00,1.A.1.g.1,Selective Attention,IM,3.12,8,0.125,2.88,3.37,N,,08/2022,Analyst
27-2012.00,1.A.1.g.1,Selective Attention,LV,3.0,8,0.0,3.0,3.0,N,N,08/2022,Analyst
27-2012.00,1.A.1.g.2,Time Sharing,IM,3.12,8,0.2266,2.6809,3.5691,N,,08/2022,Analyst
27-2012.00,1.A.1.g.2,Time Sharing,LV,3.12,8,0.295,2.5467,3.7033,N,N,08/2022,Analyst
27-2012.00,1.A.2.a.1,Arm-Hand Steadiness,IM,2.25,8,0.1637,1.9292,2.5708,N,,08/2022,Analyst
27-2012.00,1.A.2.a.1,Arm-Hand Steadiness,LV,2.12,8,0.125,1.88,2.37,N,N,08/2022,Analyst
27-2012.00,1.A.2.a.2,Manual Dexterity,IM,2.12,8,0.125,1.88,2.37,N,,08/2022,Analyst
27-2012.00,1.A.2.a.2,Manual Dexterity,LV,2.0,8,0.189,1.6296,2.3704,N,N,08/2022,Analyst
27-2012.00,1.A.2.a.3,Finger Dexterity,IM,2.12,8,0.125,1.88,2.37,N,,08/2022,Analyst
27-2012.00,1.A.2.a.3,Finger Dexterity,LV,2.12,8,0.2266,1.6809,2.5691,N,N,08/2022,Analyst
27-2012.00,1.A.2.b.1,Control Precision,IM,2.0,8,0.0,2.0,2.0,N,,08/2022,Analyst
27-2012.00,1.A.2.b.1,Control Precision,LV,1.88,8,0.125,1.63,2.12,N,N,08/2022,Analyst
27-2012.00,1.A.2.b.2,Multilimb Coordination,IM,1.88,8,0.125,1.63,2.12,N,,08/2022,Analyst
27-2012.00,1.A.2.b.2,Multilimb Coordination,LV,1.38,8,0.2631,0.8594,1.8906,N,N,08/2022,Analyst
27-2012.00,1.A.2.b.3,Response Orientation,IM,1.38,8,0.183,1.0164,1.7336,N,,08/2022,Analyst
27-2012.00,1.A.2.b.3,Response Orientation,LV,0.75,8,0.366,0.0327,1.4673,N,N,08/2022,Analyst
27-2012.00,1.A.2.b.4,Rate Control,IM,1.88,8,0.125,1.63,2.12,N,,08/2022,Analyst
27-2012.00,1.A.2.b.4,Rate Control,LV,1.38,8,0.2631,0.8594,1.8906,N,N,08/2022,Analyst
27-2012.00,1.A.2.c.1,Reaction Time,IM,1.75,8,0.1637,1.4292,2.0708,N,,08/2022,Analyst
27-2012.00,1.A.2.c.1,Reaction Time,LV,1.12,8,0.295,0.5467,1.7033,N,N,08/2022,Analyst
27-2012.00,1.A.2.c.2,Wrist-Finger Speed,IM,2.25,8,0.1637,1.9292,2.5708,N,,08/2022,Analyst
27-2012.00,1.A.2.c.2,Wrist-Finger Speed,LV,1.75,8,0.366,1.0327,2.4673,N,N,08/2022,Analyst
27-2012.00,1.A.2.c.3,Speed of Limb Movement,IM,1.0,8,0.0,1.0,1.0,N,,08/2022,Analyst
27-2012.00,1.A.2.c.3,Speed of Limb Movement,LV,0.0,8,0.0,0.0,0.0,N,Y,08/2022,Analyst
27-2012.00,1.A.3.a.1,Static Strength,IM,1.75,8,0.1637,1.4292,2.0708,N,,08/2022,Analyst
27-2012.00,1.A.3.a.1,Static Strength,LV,1.25,8,0.3134,0.6358,1.8642,N,N,08/2022,Analyst
27-2012.00,1.A.3.a.2,Explosive Strength,IM,1.25,8,0.1637,1.0,1.5708,N,,08/2022,Analyst
27-2012.00,1.A.3.a.2,Explosive Strength,LV,0.25,8,0.1637,0.0,0.5708,N,Y,08/2022,Analyst
27-2012.00,1.A.3.a.3,Dynamic Strength,IM,1.5,8,0.189,1.1296,1.8704,N,,08/2022,Analyst
27-2012.00,1.A.3.a.3,Dynamic Strength,LV,0.62,8,0.2631,0.1094,1.1406,N,N,08/2022,Analyst
27-2012.00,1.A.3.a.4,Trunk Strength,IM,2.25,8,0.1637,1.9292,2.5708,N,,08/2022,Analyst
27-2012.00,1.A.3.a.4,Trunk Strength,LV,2.0,8,0.0,2.0,2.0,N,N,08/2022,Analyst
27-2012.00,1.A.3.b.1,Stamina,IM,1.0,8,0.0,1.0,1.0,N,,08/2022,Analyst
27-2012.00,1.A.3.b.1,Stamina,LV,0.0,8,0.0,0.0,0.0,N,Y,08/2022,Analyst
27-2012.00,1.A.3.c.1,Extent Flexibility,IM,1.75,8,0.1637,1.4292,2.0708,N,,08/2022,Analyst
27-2012.00,1.A.3.c.1,Extent Flexibility,LV,1.0,8,0.2673,0.4762,1.5238,N,N,08/2022,Analyst
27-2012.00,1.A.3.c.2,Dynamic Flexibility,IM,1.0,8,0.0,1.0,1.0,N,,08/2022,Analyst
27-2012.00,1.A.3.c.2,Dynamic Flexibility,LV,0.0,8,0.0,0.0,0.0,N,Y,08/2022,Analyst
27-2012.00,1.A.3.c.3,Gross Body Coordination,IM,1.0,8,0.0,1.0,1.0,N,,08/2022,Analyst
27-2012.00,1.A.3.c.3,Gross Body Coordination,LV,0.0,8,0.0,0.0,0.0,N,Y,08/2022,Analyst
27-2012.00,1.A.3.c.4,Gross Body Equilibrium,IM,1.0,8,0.0,1.0,1.0,N,,08/2022,Analyst
27-2012.00,1.A.3.c.4,Gross Body Equilibrium,LV,0.0,8,0.0,0.0,0.0,N,Y,08/2022,Analyst
27-2012.00,1.A.4.a.1,Near Vision,IM,3.75,8,0.1637,3.4292,4.0708,N,,08/2022,Analyst
27-2012.00,1.A.4.a.1,Near Vision,LV,3.88,8,0.2266,3.4309,4.3191,N,N,08/2022,Analyst
27-2012.00,1.A.4.a.2,Far Vision,IM,3.62,8,0.2631,3.1094,4.1406,N,,08/2022,Analyst
27-2012.00,1.A.4.a.2,Far Vision,LV,3.88,8,0.295,3.2967,4.4533,N,N,08/2022,Analyst
27-2012.00,1.A.4.a.3,Visual Color Discrimination,IM,2.75,8,0.1637,2.4292,3.0708,N,,08/2022,Analyst
27-2012.00,1.A.4.a.3,Visual Color Discrimination,LV,2.62,8,0.2631,2.1094,3.1406,N,N,08/2022,Analyst
27-2012.00,1.A.4.a.4,Night Vision,IM,1.12,8,0.125,1.0,1.37,N,,08/2022,Analyst
27-2012.00,1.A.4.a.4,Night Vision,LV,0.12,8,0.125,0.0,0.37,N,Y,08/2022,Analyst
27-2012.00,1.A.4.a.5,Peripheral Vision,IM,1.0,8,0.0,1.0,1.0,N,,08/2022,Analyst
27-2012.00,1.A.4.a.5,Peripheral Vision,LV,0.0,8,0.0,0.0,0.0,N,Y,08/2022,Analyst
27-2012.00,1.A.4.a.6,Depth Perception,IM,2.12,8,0.125,1.88,2.37,N,,08/2022,Analyst
27-2012.00,1.A.4.a.6,Depth Perception,LV,1.88,8,0.2266,1.4309,2.3191,N,N,08/2022,Analyst
27-2012.00,1.A.4.a.7,Glare Sensitivity,IM,1.25,8,0.1637,1.0,1.5708,N,,08/2022,Analyst
27-2012.00,1.A.4.a.7,Glare Sensitivity,LV,0.5,8,0.3273,0.0,1.1416,N,Y,08/2022,Analyst
27-2012.00,1.A.4.b.1,Hearing Sensitivity,IM,2.5,8,0.2673,1.9762,3.0238,N,,08/2022,Analyst
27-2012.00,1.A.4.b.1,Hearing Sensitivity,LV,2.62,8,0.2631,2.1094,3.1406,N,N,08/2022,Analyst
27-2012.00,1.A.4.b.2,Auditory Attention,IM,2.75,8,0.1637,2.4292,3.0708,N,,08/2022,Analyst
27-2012.00,1.A.4.b.2,Auditory Attention,LV,2.75,8,0.1637,2.4292,3.0708,N,N,08/2022,Analyst
27-2012.00,1.A.4.b.3,Sound Localization,IM,1.38,8,0.183,1.0164,1.7336,N,,08/2022,Analyst
27-2012.00,1.A.4.b.3,Sound Localization,LV,0.75,8,0.366,0.0327,1.4673,N,N,08/2022,Analyst
27-2012.00,1.A.4.b.4,Speech Recognition,IM,3.75,8,0.1637,3.4292,4.0708,N,,08/2022,Analyst
27-2012.00,1.A.4.b.4,Speech Recognition,LV,4.0,8,0.189,3.6296,4.3704,N,N,08/2022,Analyst
27-2012.00,1.A.4.b.5,Speech Clarity,IM,4.0,8,0.189,3.6296,4.3704,N,,08/2022,Analyst
27-2012.00,1.A.4.b.5,Speech Clarity,LV,4.25,8,0.25,3.76,4.74,N,N,08/2022,Analyst
27-2012.03,1.A.1.a.1,Oral Comprehension,IM,4.25,8,0.1637,3.9292,4.5708,N,,08/2023,Analyst
27-2012.03,1.A.1.a.1,Oral Comprehension,LV,4.0,8,0.0,4.0,4.0,N,N,08/2023,Analyst
27-2012.03,1.A.1.a.2,Written Comprehension,IM,4.12,8,0.125,3.88,4.37,N,,08/2023,Analyst
27-2012.03,1.A.1.a.2,Written Comprehension,LV,4.0,8,0.0,4.0,4.0,N,N,08/2023,Analyst
27-2012.03,1.A.1.a.3,Oral Expression,IM,4.25,8,0.1637,3.9292,4.5708,N,,08/2023,Analyst
27-2012.03,1.A.1.a.3,Oral Expression,LV,4.25,8,0.1637,3.9292,4.5708,N,N,08/2023,Analyst
27-2012.03,1.A.1.a.4,Written Expression,IM,4.12,8,0.125,3.88,4.37,N,,08/2023,Analyst
27-2012.03,1.A.1.a.4,Written Expression,LV,4.0,8,0.0,4.0,4.0,N,N,08/2023,Analyst
27-2012.03,1.A.1.b.1,Fluency of Ideas,IM,3.88,8,0.125,3.63,4.12,N,,08/2023,Analyst
27-2012.03,1.A.1.b.1,Fluency of Ideas,LV,3.88,8,0.125,3.63,4.12,N,N,08/2023,Analyst
27-2012.03,1.A.1.b.2,Originality,IM,3.75,8,0.1637,3.4292,4.0708,N,,08/2023,Analyst
27-2012.03,1.A.1.b.2,Originality,LV,3.88,8,0.125,3.63,4.12,N,N,08/2023,Analyst
27-2012.03,1.A.1.b.3,Problem Sensitivity,IM,4.12,8,0.125,3.88,4.37,N,,08/2023,Analyst
27-2012.03,1.A.1.b.3,Problem Sensitivity,LV,4.0,8,0.0,4.0,4.0,N,N,08/2023,Analyst
27-2012.03,1.A.1.b.4,Deductive Reasoning,IM,3.75,8,0.1637,3.4292,4.0708,N,,08/2023,Analyst
27-2012.03,1.A.1.b.4,Deductive Reasoning,LV,3.88,8,0.125,3.63,4.12,N,N,08/2023,Analyst
27-2012.03,1.A.1.b.5,Inductive Reasoning,IM,3.62,8,0.183,3.2664,3.9836,N,,08/2023,Analyst
27-2012.03,1.A.1.b.5,Inductive Reasoning,LV,3.88,8,0.125,3.63,4.12,N,N,08/2023,Analyst
27-2012.03,1.A.1.b.6,Information Ordering,IM,3.62,8,0.183,3.2664,3.9836,N,,08/2023,Analyst
27-2012.03,1.A.1.b.6,Information Ordering,LV,3.75,8,0.1637,3.4292,4.0708,N,N,08/2023,Analyst
27-2012.03,1.A.1.b.7,Category Flexibility,IM,3.38,8,0.183,3.0164,3.7336,N,,08/2023,Analyst
27-2012.03,1.A.1.b.7,Category Flexibility,LV,3.38,8,0.183,3.0164,3.7336,N,N,08/2023,Analyst
27-2012.03,1.A.1.c.1,Mathematical Reasoning,IM,2.5,8,0.2673,1.9762,3.0238,N,,08/2023,Analyst
27-2012.03,1.A.1.c.1,Mathematical Reasoning,LV,2.75,8,0.1637,2.4292,3.0708,N,N,08/2023,Analyst
27-2012.03,1.A.1.c.2,Number Facility,IM,2.5,8,0.189,2.1296,2.8704,N,,08/2023,Analyst
27-2012.03,1.A.1.c.2,Number Facility,LV,2.62,8,0.183,2.2664,2.9836,N,N,08/2023,Analyst
27-2012.03,1.A.1.d.1,Memorization,IM,2.75,8,0.1637,2.4292,3.0708,N,,08/2023,Analyst
27-2012.03,1.A.1.d.1,Memorization,LV,2.88,8,0.125,2.63,3.12,N,N,08/2023,Analyst
27-2012.03,1.A.1.e.1,Speed of Closure,IM,2.75,8,0.1637,2.4292,3.0708,N,,08/2023,Analyst
27-2012.03,1.A.1.e.1,Speed of Closure,LV,2.88,8,0.125,2.63,3.12,N,N,08/2023,Analyst
27-2012.03,1.A.1.e.2,Flexibility of Closure,IM,2.88,8,0.125,2.63,3.12,N,,08/2023,Analyst
27-2012.03,1.A.1.e.2,Flexibility of Closure,LV,3.0,8,0.0,3.0,3.0,N,N,08/2023,Analyst
27-2012.03,1.A.1.e.3,Perceptual Speed,IM,2.38,8,0.183,2.0164,2.7336,N,,08/2023,Analyst
27-2012.03,1.A.1.e.3,Perceptual Speed,LV,2.25,8,0.1637,1.9292,2.5708,N,N,08/2023,Analyst
27-2012.03,1.A.1.f.1,Spatial Orientation,IM,1.0,8,0.0,1.0,1.0,N,,08/2023,Analyst
27-2012.03,1.A.1.f.1,Spatial Orientation,LV,0.0,8,0.0,0.0,0.0,N,Y,08/2023,Analyst
27-2012.03,1.A.1.f.2,Visualization,IM,2.62,8,0.183,2.2664,2.9836,N,,08/2023,Analyst
27-2012.03,1.A.1.f.2,Visualization,LV,3.0,8,0.0,3.0,3.0,N,N,08/2023,Analyst
27-2012.03,1.A.1.g.1,Selective Attention,IM,3.12,8,0.125,2.88,3.37,N,,08/2023,Analyst
27-2012.03,1.A.1.g.1,Selective Attention,LV,3.25,8,0.1637,2.9292,3.5708,N,N,08/2023,Analyst
27-2012.03,1.A.1.g.2,Time Sharing,IM,3.0,8,0.189,2.6296,3.3704,N,,08/2023,Analyst
27-2012.03,1.A.1.g.2,Time Sharing,LV,3.0,8,0.189,2.6296,3.3704,N,N,08/2023,Analyst
27-2012.03,1.A.2.a.1,Arm-Hand Steadiness,IM,2.12,8,0.125,1.88,2.37,N,,08/2023,Analyst
27-2012.03,1.A.2.a.1,Arm-Hand Steadiness,LV,2.0,8,0.0,2.0,2.0,N,N,08/2023,Analyst
27-2012.03,1.A.2.a.2,Manual Dexterity,IM,2.0,8,0.0,2.0,2.0,N,,08/2023,Analyst
27-2012.03,1.A.2.a.2,Manual Dexterity,LV,1.5,8,0.189,1.1296,1.8704,N,N,08/2023,Analyst
27-2012.03,1.A.2.a.3,Finger Dexterity,IM,2.25,8,0.25,1.76,2.74,N,,08/2023,Analyst
27-2012.03,1.A.2.a.3,Finger Dexterity,LV,2.12,8,0.125,1.88,2.37,N,N,08/2023,Analyst
27-2012.03,1.A.2.b.1,Control Precision,IM,2.38,8,0.2631,1.8594,2.8906,N,,08/2023,Analyst
27-2012.03,1.A.2.b.1,Control Precision,LV,2.12,8,0.125,1.88,2.37,N,N,08/2023,Analyst
27-2012.03,1.A.2.b.2,Multilimb Coordination,IM,1.5,8,0.189,1.1296,1.8704,N,,08/2023,Analyst
27-2012.03,1.A.2.b.2,Multilimb Coordination,LV,0.5,8,0.189,0.1296,0.8704,N,N,08/2023,Analyst
27-2012.03,1.A.2.b.3,Response Orientation,IM,1.75,8,0.25,1.26,2.24,N,,08/2023,Analyst
27-2012.03,1.A.2.b.3,Response Orientation,LV,0.75,8,0.25,0.26,1.24,N,N,08/2023,Analyst
27-2012.03,1.A.2.b.4,Rate Control,IM,1.75,8,0.1637,1.4292,2.0708,N,,08/2023,Analyst
27-2012.03,1.A.2.b.4,Rate Control,LV,0.88,8,0.2266,0.4309,1.3191,N,N,08/2023,Analyst
27-2012.03,1.A.2.c.1,Reaction Time,IM,2.12,8,0.2266,1.6809,2.5691,N,,08/2023,Analyst
27-2012.03,1.A.2.c.1,Reaction Time,LV,1.0,8,0.189,0.6296,1.3704,N,N,08/2023,Analyst
27-2012.03,1.A.2.c.2,Wrist-Finger Speed,IM,1.88,8,0.125,1.63,2.12,N,,08/2023,Analyst
27-2012.03,1.A.2.c.2,Wrist-Finger Speed,LV,1.12,8,0.2266,0.6809,1.5691,N,N,08/2023,Analyst
27-2012.03,1.A.2.c.3,Speed of Limb Movement,IM,1.38,8,0.183,1.0164,1.7336,N,,08/2023,Analyst
27-2012.03,1.A.2.c.3,Speed of Limb Movement,LV,0.38,8,0.183,0.0164,0.7336,N,N,08/2023,Analyst
27-2012.03,1.A.3.a.1,Static Strength,IM,1.0,8,0.0,1.0,1.0,N,,08/2023,Analyst
27-2012.03,1.A.3.a.1,Static Strength,LV,0.0,8,0.0,0.0,0.0,N,Y,08/2023,Analyst
27-2012.03,1.A.3.a.2,Explosive Strength,IM,1.0,8,0.0,1.0,1.0,N,,08/2023,Analyst
27-2012.03,1.A.3.a.2,Explosive Strength,LV,0.0,8,0.0,0.0,0.0,N,Y,08/2023,Analyst
27-2012.03,1.A.3.a.3,Dynamic Strength,IM,1.12,8,0.125,1.0,1.37,N,,08/2023,Analyst
27-2012.03,1.A.3.a.3,Dynamic Strength,LV,0.12,8,0.125,0.0,0.37,N,Y,08/2023,Analyst
27-2012.03,1.A.3.a.4,Trunk Strength,IM,1.5,8,0.189,1.1296,1.8704,N,,08/2023,Analyst
27-2012.03,1.A.3.a.4,Trunk Strength,LV,0.75,8,0.3134,0.1358,1.3642,N,N,08/2023,Analyst
27-2012.03,1.A.3.b.1,Stamina,IM,1.0,8,0.0,1.0,1.0,N,,08/2023,Analyst
27-2012.03,1.A.3.b.1,Stamina,LV,0.0,8,0.0,0.0,0.0,N,Y,08/2023,Analyst
27-2012.03,1.A.3.c.1,Extent Flexibility,IM,1.0,8,0.0,1.0,1.0,N,,08/2023,Analyst
27-2012.03,1.A.3.c.1,Extent Flexibility,LV,0.0,8,0.0,0.0,0.0,N,Y,08/2023,Analyst
27-2012.03,1.A.3.c.2,Dynamic Flexibility,IM,1.0,8,0.0,1.0,1.0,N,,08/2023,Analyst
27-2012.03,1.A.3.c.2,Dynamic Flexibility,LV,0.0,8,0.0,0.0,0.0,N,Y,08/2023,Analyst
27-2012.03,1.A.3.c.3,Gross Body Coordination,IM,1.0,8,0.0,1.0,1.0,N,,08/2023,Analyst
27-2012.03,1.A.3.c.3,Gross Body Coordination,LV,0.0,8,0.0,0.0,0.0,N,Y,08/2023,Analyst
27-2012.03,1.A.3.c.4,Gross Body Equilibrium,IM,1.0,8,0.0,1.0,1.0,N,,08/2023,Analyst
27-2012.03,1.A.3.c.4,Gross Body Equilibrium,LV,0.0,8,0.0,0.0,0.0,N,Y,08/2023,Analyst
27-2012.03,1.A.4.a.1,Near Vision,IM,3.75,8,0.1637,3.4292,4.0708,N,,08/2023,Analyst
27-2012.03,1.A.4.a.1,Near Vision,LV,3.88,8,0.125,3.63,4.12,N,N,08/2023,Analyst
27-2012.03,1.A.4.a.2,Far Vision,IM,3.0,8,0.0,3.0,3.0,N,,08/2023,Analyst
27-2012.03,1.A.4.a.2,Far Vision,LV,3.25,8,0.1637,2.9292,3.5708,N,N,08/2023,Analyst
27-2012.03,1.A.4.a.3,Visual Color Discrimination,IM,2.25,8,0.1637,1.9292,2.5708,N,,08/2023,Analyst
27-2012.03,1.A.4.a.3,Visual Color Discrimination,LV,2.25,8,0.1637,1.9292,2.5708,N,N,08/2023,Analyst
27-2012.03,1.A.4.a.4,Night Vision,IM,1.0,8,0.0,1.0,1.0,N,,08/2023,Analyst
27-2012.03,1.A.4.a.4,Night Vision,LV,0.0,8,0.0,0.0,0.0,N,Y,08/2023,Analyst
27-2012.03,1.A.4.a.5,Peripheral Vision,IM,1.0,8,0.0,1.0,1.0,N,,08/2023,Analyst
27-2012.03,1.A.4.a.5,Peripheral Vision,LV,0.0,8,0.0,0.0,0.0,N,Y,08/2023,Analyst
27-2012.03,1.A.4.a.6,Depth Perception,IM,2.0,8,0.0,2.0,2.0,N,,08/2023,Analyst
27-2012.03,1.A.4.a.6,Depth Perception,LV,1.38,8,0.183,1.0164,1.7336,N,N,08/2023,Analyst
27-2012.03,1.A.4.a.7,Glare Sensitivity,IM,1.0,8,0.0,1.0,1.0,N,,08/2023,Analyst
27-2012.03,1.A.4.a.7,Glare Sensitivity,LV,0.0,8,0.0,0.0,0.0,N,Y,08/2023,Analyst
27-2012.03,1.A.4.b.1,Hearing Sensitivity,IM,2.12,8,0.125,1.88,2.37,N,,08/2023,Analyst
27-2012.03,1.A.4.b.1,Hearing Sensitivity,LV,1.5,8,0.189,1.1296,1.8704,N,N,08/2023,Analyst
27-2012.03,1.A.4.b.2,Auditory Attention,IM,2.38,8,0.183,2.0164,2.7336,N,,08/2023,Analyst
27-2012.03,1.A.4.b.2,Auditory Attention,LV,2.12,8,0.125,1.88,2.37,N,N,08/2023,Analyst
27-2012.03,1.A.4.b.3,Sound Localization,IM,1.12,8,0.125,1.0,1.37,N,,08/2023,Analyst
27-2012.03,1.A.4.b.3,Sound Localization,LV,0.12,8,0.125,0.0,0.37,N,Y,08/2023,Analyst
27-2012.03,1.A.4.b.4,Speech Recognition,IM,3.75,8,0.1637,3.4292,4.0708,N,,08/2023,Analyst
27-2012.03,1.A.4.b.4,Speech Recognition,LV,3.75,8,0.1637,3.4292,4.0708,N,N,08/2023,Analyst
27-2012.03,1.A.4.b.5,Speech Clarity,IM,3.88,8,0.125,3.63,4.12,N,,08/2023,Analyst
27-2012.03,1.A.4.b.5,Speech Clarity,LV,3.88,8,0.125,3.63,4.12,N,N,08/2023,Analyst
27-2012.04,1.A.1.a.1,Oral Comprehension,IM,4.0,8,0.0,4.0,4.0,N,,08/2019,Analyst
27-2012.04,1.A.1.a.1,Oral Comprehension,LV,3.88,8,0.125,3.63,4.12,N,N,08/2019,Analyst
27-2012.04,1.A.1.a.2,Written Comprehension,IM,4.0,8,0.0,4.0,4.0,N,,08/2019,Analyst
27-2012.04,1.A.1.a.2,Written Comprehension,LV,4.0,8,0.0,4.0,4.0,N,N,08/2019,Analyst
27-2012.04,1.A.1.a.3,Oral Expression,IM,4.12,8,0.125,3.88,4.37,N,,08/2019,Analyst
27-2012.04,1.A.1.a.3,Oral Expression,LV,4.12,8,0.125,3.88,4.37,N,N,08/2019,Analyst
27-2012.04,1.A.1.a.4,Written Expression,IM,3.62,8,0.183,3.2664,3.9836,N,,08/2019,Analyst
27-2012.04,1.A.1.a.4,Written Expression,LV,3.88,8,0.125,3.63,4.12,N,N,08/2019,Analyst
27-2012.04,1.A.1.b.1,Fluency of Ideas,IM,3.25,8,0.1637,2.9292,3.5708,N,,08/2019,Analyst
27-2012.04,1.A.1.b.1,Fluency of Ideas,LV,3.62,8,0.183,3.2664,3.9836,N,N,08/2019,Analyst
27-2012.04,1.A.1.b.2,Originality,IM,3.62,8,0.183,3.2664,3.9836,N,,08/2019,Analyst
27-2012.04,1.A.1.b.2,Originality,LV,3.25,8,0.1637,2.9292,3.5708,N,N,08/2019,Analyst
27-2012.04,1.A.1.b.3,Problem Sensitivity,IM,3.5,8,0.189,3.1296,3.8704,N,,08/2019,Analyst
27-2012.04,1.A.1.b.3,Problem Sensitivity,LV,3.25,8,0.25,2.76,3.74,N,N,08/2019,Analyst
27-2012.04,1.A.1.b.4,Deductive Reasoning,IM,3.62,8,0.183,3.2664,3.9836,N,,08/2019,Analyst
27-2012.04,1.A.1.b.4,Deductive Reasoning,LV,3.75,8,0.25,3.26,4.24,N,N,08/2019,Analyst
27-2012.04,1.A.1.b.5,Inductive Reasoning,IM,3.75,8,0.1637,3.4292,4.0708,N,,08/2019,Analyst
27-2012.04,1.A.1.b.5,Inductive Reasoning,LV,3.5,8,0.189,3.1296,3.8704,N,N,08/2019,Analyst
27-2012.04,1.A.1.b.6,Information Ordering,IM,3.25,8,0.1637,2.9292,3.5708,N,,08/2019,Analyst
27-2012.04,1.A.1.b.6,Information Ordering,LV,3.25,8,0.1637,2.9292,3.5708,N,N,08/2019,Analyst
27-2012.04,1.A.1.b.7,Category Flexibility,IM,3.12,8,0.125,2.88,3.37,N,,08/2019,Analyst
27-2012.04,1.A.1.b.7,Category Flexibility,LV,3.12,8,0.125,2.88,3.37,N,N,08/2019,Analyst
27-2012.04,1.A.1.c.1,Mathematical Reasoning,IM,2.38,8,0.183,2.0164,2.7336,N,,08/2019,Analyst
27-2012.04,1.A.1.c.1,Mathematical Reasoning,LV,2.12,8,0.125,1.88,2.37,N,N,08/2019,Analyst
27-2012.04,1.A.1.c.2,Number Facility,IM,2.38,8,0.183,2.0164,2.7336,N,,08/2019,Analyst
27-2012.04,1.A.1.c.2,Number Facility,LV,2.38,8,0.183,2.0164,2.7336,N,N,08/2019,Analyst
27-2012.04,1.A.1.d.1,Memorization,IM,2.38,8,0.183,2.0164,2.7336,N,,08/2019,Analyst
27-2012.04,1.A.1.d.1,Memorization,LV,2.38,8,0.183,2.0164,2.7336,N,N,08/2019,Analyst
27-2012.04,1.A.1.e.1,Speed of Closure,IM,2.12,8,0.125,1.88,2.37,N,,08/2019,Analyst
27-2012.04,1.A.1.e.1,Speed of Closure,LV,2.12,8,0.125,1.88,2.37,N,N,08/2019,Analyst
27-2012.04,1.A.1.e.2,Flexibility of Closure,IM,2.62,8,0.183,2.2664,2.9836,N,,08/2019,Analyst
27-2012.04,1.A.1.e.2,Flexibility of Closure,LV,2.62,8,0.183,2.2664,2.9836,N,N,08/2019,Analyst
27-2012.04,1.A.1.e.3,Perceptual Speed,IM,2.25,8,0.1637,1.9292,2.5708,N,,08/2019,Analyst
27-2012.04,1.A.1.e.3,Perceptual Speed,LV,2.25,8,0.1637,1.9292,2.5708,N,N,08/2019,Analyst
27-2012.04,1.A.1.f.1,Spatial Orientation,IM,1.12,8,0.125,1.0,1.37,N,,08/2019,Analyst
27-2012.04,1.A.1.f.1,Spatial Orientation,LV,0.12,8,0.125,0.0,0.37,N,Y,08/2019,Analyst
27-2012.04,1.A.1.f.2,Visualization,IM,2.62,8,0.183,2.2664,2.9836,N,,08/2019,Analyst
27-2012.04,1.A.1.f.2,Visualization,LV,2.88,8,0.125,2.63,3.12,N,N,08/2019,Analyst
27-2012.04,1.A.1.g.1,Selective Attention,IM,2.88,8,0.125,2.63,3.12,N,,08/2019,Analyst
27-2012.04,1.A.1.g.1,Selective Attention,LV,2.88,8,0.125,2.63,3.12,N,N,08/2019,Analyst
27-2012.04,1.A.1.g.2,Time Sharing,IM,2.88,8,0.125,2.63,3.12,N,,08/2019,Analyst
27-2012.04,1.A.1.g.2,Time Sharing,LV,2.5,8,0.189,2.1296,2.8704,N,N,08/2019,Analyst
27-2012.04,1.A.2.a.1,Arm-Hand Steadiness,IM,1.0,8,0.0,1.0,1.0,N,,08/2019,Analyst
27-2012.04,1.A.2.a.1,Arm-Hand Steadiness,LV,0.0,8,0.0,0.0,0.0,N,Y,08/2019,Analyst
27-2012.04,1.A.2.a.2,Manual Dexterity,IM,1.12,8,0.125,1.0,1.37,N,,08/2019,Analyst
27-2012.04,1.A.2.a.2,Manual Dexterity,LV,0.12,8,0.125,0.0,0.37,N,Y,08/2019,Analyst
27-2012.04,1.A.2.a.3,Finger Dexterity,IM,1.75,8,0.1637,1.4292,2.0708,N,,08/2019,Analyst
27-2012.04,1.A.2.a.3,Finger Dexterity,LV,0.75,8,0.1637,0.4292,1.0708,N,N,08/2019,Analyst
27-2012.04,1.A.2.b.1,Control Precision,IM,1.0,8,0.0,1.0,1.0,N,,08/2019,Analyst
27-2012.04,1.A.2.b.1,Control Precision,LV,0.0,8,0.0,0.0,0.0,N,Y,08/2019,Analyst
27-2012.04,1.A.2.b.2,Multilimb Coordination,IM,1.0,8,0.0,1.0,1.0,N,,08/2019,Analyst
27-2012.04,1.A.2.b.2,Multilimb Coordination,LV,0.0,8,0.0,0.0,0.0,N,Y,08/2019,Analyst
27-2012.04,1.A.2.b.3,Response Orientation,IM,1.0,8,0.0,1.0,1.0,N,,08/2019,Analyst
27-2012.04,1.A.2.b.3,Response Orientation,LV,0.0,8,0.0,0.0,0.0,N,Y,08/2019,Analyst
27-2012.04,1.A.2.b.4,Rate Control,IM,1.0,8,0.0,1.0,1.0,N,,08/2019,Analyst
27-2012.04,1.A.2.b.4,Rate Control,LV,0.0,8,0.0,0.0,0.0,N,Y,08/2019,Analyst
27-2012.04,1.A.2.c.1,Reaction Time,IM,1.0,8,0.0,1.0,1.0,N,,08/2019,Analyst
27-2012.04,1.A.2.c.1,Reaction Time,LV,0.0,8,0.0,0.0,0.0,N,Y,08/2019,Analyst
27-2012.04,1.A.2.c.2,Wrist-Finger Speed,IM,1.75,8,0.1637,1.4292,2.0708,N,,08/2019,Analyst
27-2012.04,1.A.2.c.2,Wrist-Finger Speed,LV,0.88,8,0.2266,0.4309,1.3191,N,N,08/2019,Analyst
27-2012.04,1.A.2.c.3,Speed of Limb Movement,IM,1.25,8,0.1637,1.0,1.5708,N,,08/2019,Analyst
27-2012.04,1.A.2.c.3,Speed of Limb Movement,LV,0.25,8,0.1637,0.0,0.5708,N,Y,08/2019,Analyst
27-2012.04,1.A.3.a.1,Static Strength,IM,1.0,8,0.0,1.0,1.0,N,,08/2019,Analyst
27-2012.04,1.A.3.a.1,Static Strength,LV,0.0,8,0.0,0.0,0.0,N,Y,08/2019,Analyst
27-2012.04,1.A.3.a.2,Explosive Strength,IM,1.0,8,0.0,1.0,1.0,N,,08/2019,Analyst
27-2012.04,1.A.3.a.2,Explosive Strength,LV,0.0,8,0.0,0.0,0.0,N,Y,08/2019,Analyst
27-2012.04,1.A.3.a.3,Dynamic Strength,IM,1.5,8,0.189,1.1296,1.8704,N,,08/2019,Analyst
27-2012.04,1.A.3.a.3,Dynamic Strength,LV,0.62,8,0.2631,0.1094,1.1406,N,N,08/2019,Analyst
27-2012.04,1.A.3.a.4,Trunk Strength,IM,1.5,8,0.189,1.1296,1.8704,N,,08/2019,Analyst
27-2012.04,1.A.3.a.4,Trunk Strength,LV,1.0,8,0.378,0.2592,1.7408,N,N,08/2019,Analyst
27-2012.04,1.A.3.b.1,Stamina,IM,1.25,8,0.1637,1.0,1.5708,N,,08/2019,Analyst
27-2012.04,1.A.3.b.1,Stamina,LV,0.25,8,0.1637,0.0,0.5708,N,Y,08/2019,Analyst
27-2012.04,1.A.3.c.1,Extent Flexibility,IM,1.0,8,0.0,1.0,1.0,N,,08/2019,Analyst
27-2012.04,1.A.3.c.1,Extent Flexibility,LV,0.0,8,0.0,0.0,0.0,N,Y,08/2019,Analyst
27-2012.04,1.A.3.c.2,Dynamic Flexibility,IM,1.0,8,0.0,1.0,1.0,N,,08/2019,Analyst
27-2012.04,1.A.3.c.2,Dynamic Flexibility,LV,0.0,8,0.0,0.0,0.0,N,Y,08/2019,Analyst
27-2012.04,1.A.3.c.3,Gross Body Coordination,IM,1.12,8,0.125,1.0,1.37,N,,08/2019,Analyst
27-2012.04,1.A.3.c.3,Gross Body Coordination,LV,0.12,8,0.125,0.0,0.37,N,Y,08/2019,Analyst
27-2012.04,1.A.3.c.4,Gross Body Equilibrium,IM,1.0,8,0.0,1.0,1.0,N,,08/2019,Analyst
27-2012.04,1.A.3.c.4,Gross Body Equilibrium,LV,0.0,8,0.0,0.0,0.0,N,Y,08/2019,Analyst
27-2012.04,1.A.4.a.1,Near Vision,IM,3.5,8,0.189,3.1296,3.8704,N,,08/2019,Analyst
27-2012.04,1.A.4.a.1,Near Vision,LV,3.75,8,0.1637,3.4292,4.0708,N,N,08/2019,Analyst
27-2012.04,1.A.4.a.2,Far Vision,IM,3.0,8,0.0,3.0,3.0,N,,08/2019,Analyst
27-2012.04,1.A.4.a.2,Far Vision,LV,3.12,8,0.125,2.88,3.37,N,N,08/2019,Analyst
27-2012.04,1.A.4.a.3,Visual Color Discrimination,IM,2.12,8,0.125,1.88,2.37,N,,08/2019,Analyst
27-2012.04,1.A.4.a.3,Visual Color Discrimination,LV,2.0,8,0.0,2.0,2.0,N,N,08/2019,Analyst
27-2012.04,1.A.4.a.4,Night Vision,IM,1.0,8,0.0,1.0,1.0,N,,08/2019,Analyst
27-2012.04,1.A.4.a.4,Night Vision,LV,0.0,8,0.0,0.0,0.0,N,Y,08/2019,Analyst
27-2012.04,1.A.4.a.5,Peripheral Vision,IM,1.0,8,0.0,1.0,1.0,N,,08/2019,Analyst
27-2012.04,1.A.4.a.5,Peripheral Vision,LV,0.0,8,0.0,0.0,0.0,N,Y,08/2019,Analyst
27-2012.04,1.A.4.a.6,Depth Perception,IM,1.75,8,0.1637,1.4292,2.0708,N,,08/2019,Analyst
27-2012.04,1.A.4.a.6,Depth Perception,LV,1.0,8,0.2673,0.4762,1.5238,N,N,08/2019,Analyst
27-2012.04,1.A.4.a.7,Glare Sensitivity,IM,1.12,8,0.125,1.0,1.37,N,,08/2019,Analyst
27-2012.04,1.A.4.a.7,Glare Sensitivity,LV,0.12,8,0.125,0.0,0.37,N,Y,08/2019,Analyst
27-2012.04,1.A.4.b.1,Hearing Sensitivity,IM,1.88,8,0.125,1.63,2.12,N,,08/2019,Analyst
27-2012.04,1.A.4.b.1,Hearing Sensitivity,LV,1.62,8,0.2631,1.1094,2.1406,N,N,08/2019,Analyst
27-2012.04,1.A.4.b.2,Auditory Attention,IM,2.62,8,0.183,2.2664,2.9836,N,,08/2019,Analyst
27-2012.04,1.A.4.b.2,Auditory Attention,LV,2.62,8,0.183,2.2664,2.9836,N,N,08/2019,Analyst
27-2012.04,1.A.4.b.3,Sound Localization,IM,1.0,8,0.0,1.0,1.0,N,,08/2019,Analyst
27-2012.04,1.A.4.b.3,Sound Localization,LV,0.0,8,0.0,0.0,0.0,N,Y,08/2019,Analyst
27-2012.04,1.A.4.b.4,Speech Recognition,IM,3.5,8,0.189,3.1296,3.8704,N,,08/2019,Analyst
27-2012.04,1.A.4.b.4,Speech Recognition,LV,3.62,8,0.183,3.2664,3.9836,N,N,08/2019,Analyst
27-2012.04,1.A.4.b.5,Speech Clarity,IM,3.75,8,0.1637,3.4292,4.0708,N,,08/2019,Analyst
27-2012.04,1.A.4.b.5,Speech Clarity,LV,3.62,8,0.2631,3.1094,4.1406,N,N,08/2019,Analyst
27-2012.05,1.A.1.a.1,Oral Comprehension,IM,4.0,8,0.0,4.0,4.0,N,,08/2019,Analyst
27-2012.05,1.A.1.a.1,Oral Comprehension,LV,4.12,8,0.125,3.88,4.37,N,N,08/2019,Analyst
27-2012.05,1.A.1.a.2,Written Comprehension,IM,3.75,8,0.1637,3.4292,4.0708,N,,08/2019,Analyst
27-2012.05,1.A.1.a.2,Written Comprehension,LV,3.88,8,0.125,3.63,4.12,N,N,08/2019,Analyst
27-2012.05,1.A.1.a.3,Oral Expression,IM,4.0,8,0.0,4.0,4.0,N,,08/2019,Analyst
27-2012.05,1.A.1.a.3,Oral Expression,LV,4.25,8,0.1637,3.9292,4.5708,N,N,08/2019,Analyst
27-2012.05,1.A.1.a.4,Written Expression,IM,3.75,8,0.1637,3.4292,4.0708,N,,08/2019,Analyst
27-2012.05,1.A.1.a.4,Written Expression,LV,3.75,8,0.1637,3.4292,4.0708,N,N,08/2019,Analyst
27-2012.05,1.A.1.b.1,Fluency of Ideas,IM,3.38,8,0.183,3.0164,3.7336,N,,08/2019,Analyst
27-2012.05,1.A.1.b.1,Fluency of Ideas,LV,3.88,8,0.2266,3.4309,4.3191,N,N,08/2019,Analyst
27-2012.05,1.A.1.b.2,Originality,IM,3.38,8,0.183,3.0164,3.7336,N,,08/2019,Analyst
27-2012.05,1.A.1.b.2,Originality,LV,3.75,8,0.1637,3.4292,4.0708,N,N,08/2019,Analyst
27-2012.05,1.A.1.b.3,Problem Sensitivity,IM,4.0,8,0.0,4.0,4.0,N,,08/2019,Analyst
27-2012.05,1.A.1.b.3,Problem Sensitivity,LV,4.0,8,0.0,4.0,4.0,N,N,08/2019,Analyst
27-2012.05,1.A.1.b.4,Deductive Reasoning,IM,4.0,8,0.0,4.0,4.0,N,,08/2019,Analyst
27-2012.05,1.A.1.b.4,Deductive Reasoning,LV,4.0,8,0.0,4.0,4.0,N,N,08/2019,Analyst
27-2012.05,1.A.1.b.5,Inductive Reasoning,IM,3.75,8,0.1637,3.4292,4.0708,N,,08/2019,Analyst
27-2012.05,1.A.1.b.5,Inductive Reasoning,LV,3.75,8,0.1637,3.4292,4.0708,N,N,08/2019,Analyst
27-2012.05,1.A.1.b.6,Information Ordering,IM,3.5,8,0.2673,2.9762,4.0238,N,,08/2019,Analyst
27-2012.05,1.A.1.b.6,Information Ordering,LV,3.62,8,0.183,3.2664,3.9836,N,N,08/2019,Analyst
27-2012.05,1.A.1.b.7,Category Flexibility,IM,3.38,8,0.2631,2.8594,3.8906,N,,08/2019,Analyst
27-2012.05,1.A.1.b.7,Category Flexibility,LV,3.38,8,0.183,3.0164,3.7336,N,N,08/2019,Analyst
27-2012.05,1.A.1.c.1,Mathematical Reasoning,IM,2.0,8,0.0,2.0,2.0,N,,08/2019,Analyst
27-2012.05,1.A.1.c.1,Mathematical Reasoning,LV,2.0,8,0.0,2.0,2.0,N,N,08/2019,Analyst
27-2012.05,1.A.1.c.2,Number Facility,IM,2.12,8,0.125,1.88,2.37,N,,08/2019,Analyst
27-2012.05,1.A.1.c.2,Number Facility,LV,2.12,8,0.125,1.88,2.37,N,N,08/2019,Analyst
27-2012.05,1.A.1.d.1,Memorization,IM,2.75,8,0.1637,2.4292,3.0708,N,,08/2019,Analyst
27-2012.05,1.A.1.d.1,Memorization,LV,2.62,8,0.183,2.2664,2.9836,N,N,08/2019,Analyst
27-2012.05,1.A.1.e.1,Speed of Closure,IM,3.0,8,0.189,2.6296,3.3704,N,,08/2019,Analyst
27-2012.05,1.A.1.e.1,Speed of Closure,LV,3.12,8,0.125,2.88,3.37,N,N,08/2019,Analyst
27-2012.05,1.A.1.e.2,Flexibility of Closure,IM,3.25,8,0.1637,2.9292,3.5708,N,,08/2019,Analyst
27-2012.05,1.A.1.e.2,Flexibility of Closure,LV,3.25,8,0.1637,2.9292,3.5708,N,N,08/2019,Analyst
27-2012.05,1.A.1.e.3,Perceptual Speed,IM,3.25,8,0.1637,2.9292,3.5708,N,,08/2019,Analyst
27-2012.05,1.A.1.e.3,Perceptual Speed,LV,3.12,8,0.125,2.88,3.37,N,N,08/2019,Analyst
27-2012.05,1.A.1.f.1,Spatial Orientation,IM,1.62,8,0.183,1.2664,1.9836,N,,08/2019,Analyst
27-2012.05,1.A.1.f.1,Spatial Orientation,LV,0.62,8,0.183,0.2664,0.9836,N,N,08/2019,Analyst
27-2012.05,1.A.1.f.2,Visualization,IM,3.12,8,0.125,2.88,3.37,N,,08/2019,Analyst
27-2012.05,1.A.1.f.2,Visualization,LV,3.75,8,0.25,3.26,4.24,N,N,08/2019,Analyst
27-2012.05,1.A.1.g.1,Selective Attention,IM,3.25,8,0.1637,2.9292,3.5708,N,,08/2019,Analyst
27-2012.05,1.A.1.g.1,Selective Attention,LV,3.75,8,0.1637,3.4292,4.0708,N,N,08/2019,Analyst
27-2012.05,1.A.1.g.2,Time Sharing,IM,3.12,8,0.125,2.88,3.37,N,,08/2019,Analyst
27-2012.05,1.A.1.g.2,Time Sharing,LV,3.12,8,0.125,2.88,3.37,N,N,08/2019,Analyst
27-2012.05,1.A.2.a.1,Arm-Hand Steadiness,IM,2.75,8,0.1637,2.4292,3.0708,N,,08/2019,Analyst
27-2012.05,1.A.2.a.1,Arm-Hand Steadiness,LV,2.38,8,0.183,2.0164,2.7336,N,N,08/2019,Analyst
27-2012.05,1.A.2.a.2,Manual Dexterity,IM,2.25,8,0.1637,1.9292,2.5708,N,,08/2019,Analyst
27-2012.05,1.A.2.a.2,Manual Dexterity,LV,2.25,8,0.1637,1.9292,2.5708,N,N,08/2019,Analyst
27-2012.05,1.A.2.a.3,Finger Dexterity,IM,2.88,8,0.125,2.63,3.12,N,,08/2019,Analyst
27-2012.05,1.A.2.a.3,Finger Dexterity,LV,2.5,8,0.189,2.1296,2.8704,N,N,08/2019,Analyst
27-2012.05,1.A.2.b.1,Control Precision,IM,2.88,8,0.2266,2.4309,3.3191,N,,08/2019,Analyst
27-2012.05,1.A.2.b.1,Control Precision,LV,2.62,8,0.183,2.2664,2.9836,N,N,08/2019,Analyst
27-2012.05,1.A.2.b.2,Multilimb Coordination,IM,2.12,8,0.125,1.88,2.37,N,,08/2019,Analyst
27-2012.05,1.A.2.b.2,Multilimb Coordination,LV,2.0,8,0.189,1.6296,2.3704,N,N,08/2019,Analyst
27-2012.05,1.A.2.b.3,Response Orientation,IM,2.12,8,0.125,1.88,2.37,N,,08/2019,Analyst
27-2012.05,1.A.2.b.3,Response Orientation,LV,2.0,8,0.0,2.0,2.0,N,N,08/2019,Analyst
27-2012.05,1.A.2.b.4,Rate Control,IM,2.0,8,0.189,1.6296,2.3704,N,,08/2019,Analyst
27-2012.05,1.A.2.b.4,Rate Control,LV,1.38,8,0.2631,0.8594,1.8906,N,N,08/2019,Analyst
27-2012.05,1.A.2.c.1,Reaction Time,IM,2.25,8,0.1637,1.9292,2.5708,N,,08/2019,Analyst
27-2012.05,1.A.2.c.1,Reaction Time,LV,1.75,8,0.3134,1.1358,2.3642,N,N,08/2019,Analyst
27-2012.05,1.A.2.c.2,Wrist-Finger Speed,IM,1.88,8,0.125,1.63,2.12,N,,08/2019,Analyst
27-2012.05,1.A.2.c.2,Wrist-Finger Speed,LV,1.12,8,0.2266,0.6809,1.5691,N,N,08/2019,Analyst
27-2012.05,1.A.2.c.3,Speed of Limb Movement,IM,1.0,8,0.0,1.0,1.0,N,,08/2019,Analyst
27-2012.05,1.A.2.c.3,Speed of Limb Movement,LV,0.0,8,0.0,0.0,0.0,N,Y,08/2019,Analyst
27-2012.05,1.A.3.a.1,Static Strength,IM,1.38,8,0.183,1.0164,1.7336,N,,08/2019,Analyst
27-2012.05,1.A.3.a.1,Static Strength,LV,0.75,8,0.366,0.0327,1.4673,N,N,08/2019,Analyst
27-2012.05,1.A.3.a.2,Explosive Strength,IM,1.25,8,0.1637,1.0,1.5708,N,,08/2019,Analyst
27-2012.05,1.A.3.a.2,Explosive Strength,LV,0.38,8,0.2631,0.0,0.8906,N,Y,08/2019,Analyst
27-2012.05,1.A.3.a.3,Dynamic Strength,IM,1.38,8,0.183,1.0164,1.7336,N,,08/2019,Analyst
27-2012.05,1.A.3.a.3,Dynamic Strength,LV,0.62,8,0.3239,0.0,1.2598,N,N,08/2019,Analyst
27-2012.05,1.A.3.a.4,Trunk Strength,IM,1.62,8,0.183,1.2664,1.9836,N,,08/2019,Analyst
27-2012.05,1.A.3.a.4,Trunk Strength,LV,1.12,8,0.3504,0.4383,1.8117,N,N,08/2019,Analyst
27-2012.05,1.A.3.b.1,Stamina,IM,1.38,8,0.183,1.0164,1.7336,N,,08/2019,Analyst
27-2012.05,1.A.3.b.1,Stamina,LV,0.5,8,0.2673,0.0,1.0238,N,N,08/2019,Analyst
27-2012.05,1.A.3.c.1,Extent Flexibility,IM,1.75,8,0.25,1.26,2.24,N,,08/2019,Analyst
27-2012.05,1.A.3.c.1,Extent Flexibility,LV,0.88,8,0.295,0.2967,1.4533,N,N,08/2019,Analyst
27-2012.05,1.A.3.c.2,Dynamic Flexibility,IM,1.0,8,0.0,1.0,1.0,N,,08/2019,Analyst
27-2012.05,1.A.3.c.2,Dynamic Flexibility,LV,0.0,8,0.0,0.0,0.0,N,Y,08/2019,Analyst
27-2012.05,1.A.3.c.3,Gross Body Coordination,IM,1.12,8,0.125,1.0,1.37,N,,08/2019,Analyst
27-2012.05,1.A.3.c.3,Gross Body Coordination,LV,0.12,8,0.125,0.0,0.37,N,Y,08/2019,Analyst
27-2012.05,1.A.3.c.4,Gross Body Equilibrium,IM,1.12,8,0.125,1.0,1.37,N,,08/2019,Analyst
27-2012.05,1.A.3.c.4,Gross Body Equilibrium,LV,0.12,8,0.125,0.0,0.37,N,Y,08/2019,Analyst
27-2012.05,1.A.4.a.1,Near Vision,IM,3.88,8,0.125,3.63,4.12,N,,08/2019,Analyst
27-2012.05,1.A.4.a.1,Near Vision,LV,4.0,8,0.0,4.0,4.0,N,N,08/2019,Analyst
27-2012.05,1.A.4.a.2,Far Vision,IM,3.75,8,0.1637,3.4292,4.0708,N,,08/2019,Analyst
27-2012.05,1.A.4.a.2,Far Vision,LV,4.0,8,0.189,3.6296,4.3704,N,N,08/2019,Analyst
27-2012.05,1.A.4.a.3,Visual Color Discrimination,IM,3.25,8,0.1637,2.9292,3.5708,N,,08/2019,Analyst
27-2012.05,1.A.4.a.3,Visual Color Discrimination,LV,3.88,8,0.2266,3.4309,4.3191,N,N,08/2019,Analyst
27-2012.05,1.A.4.a.4,Night Vision,IM,1.25,8,0.1637,1.0,1.5708,N,,08/2019,Analyst
27-2012.05,1.A.4.a.4,Night Vision,LV,0.38,8,0.2631,0.0,0.8906,N,Y,08/2019,Analyst
27-2012.05,1.A.4.a.5,Peripheral Vision,IM,1.25,8,0.1637,1.0,1.5708,N,,08/2019,Analyst
27-2012.05,1.A.4.a.5,Peripheral Vision,LV,0.38,8,0.2631,0.0,0.8906,N,Y,08/2019,Analyst
27-2012.05,1.A.4.a.6,Depth Perception,IM,2.12,8,0.125,1.88,2.37,N,,08/2019,Analyst
27-2012.05,1.A.4.a.6,Depth Perception,LV,2.25,8,0.1637,1.9292,2.5708,N,N,08/2019,Analyst
27-2012.05,1.A.4.a.7,Glare Sensitivity,IM,1.0,8,0.0,1.0,1.0,N,,08/2019,Analyst
27-2012.05,1.A.4.a.7,Glare Sensitivity,LV,0.0,8,0.0,0.0,0.0,N,Y,08/2019,Analyst
27-2012.05,1.A.4.b.1,Hearing Sensitivity,IM,2.5,8,0.189,2.1296,2.8704,N,,08/2019,Analyst
27-2012.05,1.A.4.b.1,Hearing Sensitivity,LV,2.25,8,0.1637,1.9292,2.5708,N,N,08/2019,Analyst
27-2012.05,1.A.4.b.2,Auditory Attention,IM,2.88,8,0.125,2.63,3.12,N,,08/2019,Analyst
27-2012.05,1.A.4.b.2,Auditory Attention,LV,2.88,8,0.125,2.63,3.12,N,N,08/2019,Analyst
27-2012.05,1.A.4.b.3,Sound Localization,IM,1.62,8,0.183,1.2664,1.9836,N,,08/2019,Analyst
27-2012.05,1.A.4.b.3,Sound Localization,LV,0.75,8,0.25,0.26,1.24,N,N,08/2019,Analyst
27-2012.05,1.A.4.b.4,Speech Recognition,IM,3.75,8,0.1637,3.4292,4.0708,N,,08/2019,Analyst
27-2012.05,1.A.4.b.4,Speech Recognition,LV,3.88,8,0.2266,3.4309,4.3191,N,N,08/2019,Analyst
27-2012.05,1.A.4.b.5,Speech Clarity,IM,3.75,8,0.1637,3.4292,4.0708,N,,08/2019,Analyst
27-2012.05,1.A.4.b.5,Speech Clarity,LV,3.88,8,0.2266,3.4309,4.3191,N,N,08/2019,Analyst
27-2021.00,1.A.1.a.1,Oral Comprehension,IM,4.0,8,0.0,4.0,4.0,N,,07/2016,Analyst
27-2021.00,1.A.1.a.1,Oral Comprehension,LV,3.88,8,0.125,3.63,4.12,N,N,07/2016,Analyst
27-2021.00,1.A.1.a.2,Written Comprehension,IM,3.25,8,0.1637,2.9292,3.5708,N,,07/2016,Analyst
27-2021.00,1.A.1.a.2,Written Comprehension,LV,3.0,8,0.0,3.0,3.0,N,N,07/2016,Analyst
27-2021.00,1.A.1.a.3,Oral Expression,IM,3.88,8,0.125,3.63,4.12,N,,07/2016,Analyst
27-2021.00,1.A.1.a.3,Oral Expression,LV,3.88,8,0.125,3.63,4.12,N,N,07/2016,Analyst
27-2021.00,1.A.1.a.4,Written Expression,IM,2.75,8,0.1637,2.4292,3.0708,N,,07/2016,Analyst
27-2021.00,1.A.1.a.4,Written Expression,LV,2.88,8,0.125,2.63,3.12,N,N,07/2016,Analyst
27-2021.00,1.A.1.b.1,Fluency of Ideas,IM,2.88,8,0.125,2.63,3.12,N,,07/2016,Analyst
27-2021.00,1.A.1.b.1,Fluency of Ideas,LV,3.0,8,0.0,3.0,3.0,N,N,07/2016,Analyst
27-2021.00,1.A.1.b.2,Originality,IM,2.88,8,0.125,2.63,3.12,N,,07/2016,Analyst
27-2021.00,1.A.1.b.2,Originality,LV,3.0,8,0.0,3.0,3.0,N,N,07/2016,Analyst
27-2021.00,1.A.1.b.3,Problem Sensitivity,IM,3.88,8,0.125,3.63,4.12,N,,07/2016,Analyst
27-2021.00,1.A.1.b.3,Problem Sensitivity,LV,3.0,8,0.0,3.0,3.0,N,N,07/2016,Analyst
27-2021.00,1.A.1.b.4,Deductive Reasoning,IM,3.38,8,0.183,3.0164,3.7336,N,,07/2016,Analyst
27-2021.00,1.A.1.b.4,Deductive Reasoning,LV,3.0,8,0.0,3.0,3.0,N,N,07/2016,Analyst
27-2021.00,1.A.1.b.5,Inductive Reasoning,IM,3.38,8,0.183,3.0164,3.7336,N,,07/2016,Analyst
27-2021.00,1.A.1.b.5,Inductive Reasoning,LV,3.12,8,0.125,2.88,3.37,N,N,07/2016,Analyst
27-2021.00,1.A.1.b.6,Information Ordering,IM,3.25,8,0.1637,2.9292,3.5708,N,,07/2016,Analyst
27-2021.00,1.A.1.b.6,Information Ordering,LV,3.0,8,0.0,3.0,3.0,N,N,07/2016,Analyst
27-2021.00,1.A.1.b.7,Category Flexibility,IM,2.75,8,0.1637,2.4292,3.0708,N,,07/2016,Analyst
27-2021.00,1.A.1.b.7,Category Flexibility,LV,2.5,8,0.189,2.1296,2.8704,N,N,07/2016,Analyst
27-2021.00,1.A.1.c.1,Mathematical Reasoning,IM,2.12,8,0.125,1.88,2.37,N,,07/2016,Analyst
27-2021.00,1.A.1.c.1,Mathematical Reasoning,LV,1.5,8,0.2673,0.9762,2.0238,N,N,07/2016,Analyst
27-2021.00,1.A.1.c.2,Number Facility,IM,2.12,8,0.125,1.88,2.37,N,,07/2016,Analyst
27-2021.00,1.A.1.c.2,Number Facility,LV,1.5,8,0.2673,0.9762,2.0238,N,N,07/2016,Analyst
27-2021.00,1.A.1.d.1,Memorization,IM,2.38,8,0.183,2.0164,2.7336,N,,07/2016,Analyst
27-2021.00,1.A.1.d.1,Memorization,LV,2.12,8,0.125,1.88,2.37,N,N,07/2016,Analyst
27-2021.00,1.A.1.e.1,Speed of Closure,IM,2.25,8,0.1637,1.9292,2.5708,N,,07/2016,Analyst
27-2021.00,1.A.1.e.1,Speed of Closure,LV,2.12,8,0.125,1.88,2.37,N,N,07/2016,Analyst
27-2021.00,1.A.1.e.2,Flexibility of Closure,IM,2.75,8,0.1637,2.4292,3.0708,N,,07/2016,Analyst
27-2021.00,1.A.1.e.2,Flexibility of Closure,LV,2.75,8,0.1637,2.4292,3.0708,N,N,07/2016,Analyst
27-2021.00,1.A.1.e.3,Perceptual Speed,IM,2.88,8,0.125,2.63,3.12,N,,07/2016,Analyst
27-2021.00,1.A.1.e.3,Perceptual Speed,LV,2.88,8,0.125,2.63,3.12,N,N,07/2016,Analyst
27-2021.00,1.A.1.f.1,Spatial Orientation,IM,1.88,8,0.125,1.63,2.12,N,,07/2016,Analyst
27-2021.00,1.A.1.f.1,Spatial Orientation,LV,1.38,8,0.2631,0.8594,1.8906,N,N,07/2016,Analyst
27-2021.00,1.A.1.f.2,Visualization,IM,3.0,8,0.189,2.6296,3.3704,N,,07/2016,Analyst
27-2021.00,1.A.1.f.2,Visualization,LV,2.88,8,0.125,2.63,3.12,N,N,07/2016,Analyst
27-2021.00,1.A.1.g.1,Selective Attention,IM,3.12,8,0.125,2.88,3.37,N,,07/2016,Analyst
27-2021.00,1.A.1.g.1,Selective Attention,LV,3.12,8,0.125,2.88,3.37,N,N,07/2016,Analyst
27-2021.00,1.A.1.g.2,Time Sharing,IM,2.88,8,0.125,2.63,3.12,N,,07/2016,Analyst
27-2021.00,1.A.1.g.2,Time Sharing,LV,2.88,8,0.125,2.63,3.12,N,N,07/2016,Analyst
27-2021.00,1.A.2.a.1,Arm-Hand Steadiness,IM,3.25,8,0.1637,2.9292,3.5708,N,,07/2016,Analyst
27-2021.00,1.A.2.a.1,Arm-Hand Steadiness,LV,3.12,8,0.125,2.88,3.37,N,N,07/2016,Analyst
27-2021.00,1.A.2.a.2,Manual Dexterity,IM,3.12,8,0.125,2.88,3.37,N,,07/2016,Analyst
27-2021.00,1.A.2.a.2,Manual Dexterity,LV,3.25,8,0.1637,2.9292,3.5708,N,N,07/2016,Analyst
27-2021.00,1.A.2.a.3,Finger Dexterity,IM,2.75,8,0.1637,2.4292,3.0708,N,,07/2016,Analyst
27-2021.00,1.A.2.a.3,Finger Dexterity,LV,3.0,8,0.0,3.0,3.0,N,N,07/2016,Analyst
27-2021.00,1.A.2.b.1,Control Precision,IM,2.5,8,0.189,2.1296,2.8704,N,,07/2016,Analyst
27-2021.00,1.A.2.b.1,Control Precision,LV,2.25,8,0.1637,1.9292,2.5708,N,N,07/2016,Analyst
27-2021.00,1.A.2.b.2,Multilimb Coordination,IM,3.38,8,0.183,3.0164,3.7336,N,,07/2016,Analyst
27-2021.00,1.A.2.b.2,Multilimb Coordination,LV,3.25,8,0.1637,2.9292,3.5708,N,N,07/2016,Analyst
27-2021.00,1.A.2.b.3,Response Orientation,IM,2.75,8,0.1637,2.4292,3.0708,N,,07/2016,Analyst
27-2021.00,1.A.2.b.3,Response Orientation,LV,2.62,8,0.183,2.2664,2.9836,N,N,07/2016,Analyst
27-2021.00,1.A.2.b.4,Rate Control,IM,2.38,8,0.183,2.0164,2.7336,N,,07/2016,Analyst
27-2021.00,1.A.2.b.4,Rate Control,LV,2.0,8,0.2673,1.4762,2.5238,N,N,07/2016,Analyst
27-2021.00,1.A.2.c.1,Reaction Time,IM,2.88,8,0.125,2.63,3.12,N,,07/2016,Analyst
27-2021.00,1.A.2.c.1,Reaction Time,LV,2.38,8,0.183,2.0164,2.7336,N,N,07/2016,Analyst
27-2021.00,1.A.2.c.2,Wrist-Finger Speed,IM,1.88,8,0.125,1.63,2.12,N,,07/2016,Analyst
27-2021.00,1.A.2.c.2,Wrist-Finger Speed,LV,1.38,8,0.2631,0.8594,1.8906,N,N,07/2016,Analyst
27-2021.00,1.A.2.c.3,Speed of Limb Movement,IM,2.75,8,0.3134,2.1358,3.3642,N,,07/2016,Analyst
27-2021.00,1.A.2.c.3,Speed of Limb Movement,LV,2.62,8,0.4199,1.8019,3.4481,N,N,07/2016,Analyst
27-2021.00,1.A.3.a.1,Static Strength,IM,3.88,8,0.125,3.63,4.12,N,,07/2016,Analyst
27-2021.00,1.A.3.a.1,Static Strength,LV,3.88,8,0.125,3.63,4.12,N,N,07/2016,Analyst
27-2021.00,1.A.3.a.2,Explosive Strength,IM,3.62,8,0.183,3.2664,3.9836,N,,07/2016,Analyst
27-2021.00,1.A.3.a.2,Explosive Strength,LV,4.0,8,0.189,3.6296,4.3704,N,N,07/2016,Analyst
27-2021.00,1.A.3.a.3,Dynamic Strength,IM,3.62,8,0.183,3.2664,3.9836,N,,07/2016,Analyst
27-2021.00,1.A.3.a.3,Dynamic Strength,LV,4.0,8,0.189,3.6296,4.3704,N,N,07/2016,Analyst
27-2021.00,1.A.3.a.4,Trunk Strength,IM,3.25,8,0.1637,2.9292,3.5708,N,,07/2016,Analyst
27-2021.00,1.A.3.a.4,Trunk Strength,LV,3.38,8,0.183,3.0164,3.7336,N,N,07/2016,Analyst
27-2021.00,1.A.3.b.1,Stamina,IM,3.88,8,0.125,3.63,4.12,N,,07/2016,Analyst
27-2021.00,1.A.3.b.1,Stamina,LV,4.0,8,0.189,3.6296,4.3704,N,N,07/2016,Analyst
27-2021.00,1.A.3.c.1,Extent Flexibility,IM,3.38,8,0.183,3.0164,3.7336,N,,07/2016,Analyst
27-2021.00,1.A.3.c.1,Extent Flexibility,LV,3.75,8,0.1637,3.4292,4.0708,N,N,07/2016,Analyst
27-2021.00,1.A.3.c.2,Dynamic Flexibility,IM,2.25,8,0.1637,1.9292,2.5708,N,,07/2016,Analyst
27-2021.00,1.A.3.c.2,Dynamic Flexibility,LV,2.25,8,0.366,1.5327,2.9673,N,N,07/2016,Analyst
27-2021.00,1.A.3.c.3,Gross Body Coordination,IM,3.5,8,0.189,3.1296,3.8704,N,,07/2016,Analyst
27-2021.00,1.A.3.c.3,Gross Body Coordination,LV,4.0,8,0.189,3.6296,4.3704,N,N,07/2016,Analyst
27-2021.00,1.A.3.c.4,Gross Body Equilibrium,IM,3.25,8,0.1637,2.9292,3.5708,N,,07/2016,Analyst
27-2021.00,1.A.3.c.4,Gross Body Equilibrium,LV,3.12,8,0.125,2.88,3.37,N,N,07/2016,Analyst
27-2021.00,1.A.4.a.1,Near Vision,IM,3.5,8,0.189,3.1296,3.8704,N,,07/2016,Analyst
27-2021.00,1.A.4.a.1,Near Vision,LV,3.5,8,0.189,3.1296,3.8704,N,N,07/2016,Analyst
27-2021.00,1.A.4.a.2,Far Vision,IM,3.38,8,0.183,3.0164,3.7336,N,,07/2016,Analyst
27-2021.00,1.A.4.a.2,Far Vision,LV,3.38,8,0.183,3.0164,3.7336,N,N,07/2016,Analyst
27-2021.00,1.A.4.a.3,Visual Color Discrimination,IM,2.38,8,0.183,2.0164,2.7336,N,,07/2016,Analyst
27-2021.00,1.A.4.a.3,Visual Color Discrimination,LV,2.0,8,0.189,1.6296,2.3704,N,N,07/2016,Analyst
27-2021.00,1.A.4.a.4,Night Vision,IM,1.75,8,0.1637,1.4292,2.0708,N,,07/2016,Analyst
27-2021.00,1.A.4.a.4,Night Vision,LV,1.0,8,0.2673,0.4762,1.5238,N,N,07/2016,Analyst
27-2021.00,1.A.4.a.5,Peripheral Vision,IM,2.0,8,0.189,1.6296,2.3704,N,,07/2016,Analyst
27-2021.00,1.A.4.a.5,Peripheral Vision,LV,1.5,8,0.4226,0.6717,2.3283,N,N,07/2016,Analyst
27-2021.00,1.A.4.a.6,Depth Perception,IM,2.5,8,0.189,2.1296,2.8704,N,,07/2016,Analyst
27-2021.00,1.A.4.a.6,Depth Perception,LV,2.38,8,0.2631,1.8594,2.8906,N,N,07/2016,Analyst
27-2021.00,1.A.4.a.7,Glare Sensitivity,IM,1.88,8,0.295,1.2967,2.4533,N,,07/2016,Analyst
27-2021.00,1.A.4.a.7,Glare Sensitivity,LV,1.25,8,0.4119,0.4427,2.0573,N,N,07/2016,Analyst
27-2021.00,1.A.4.b.1,Hearing Sensitivity,IM,2.38,8,0.183,2.0164,2.7336,N,,07/2016,Analyst
27-2021.00,1.A.4.b.1,Hearing Sensitivity,LV,2.25,8,0.1637,1.9292,2.5708,N,N,07/2016,Analyst
27-2021.00,1.A.4.b.2,Auditory Attention,IM,2.5,8,0.189,2.1296,2.8704,N,,07/2016,Analyst
27-2021.00,1.A.4.b.2,Auditory Attention,LV,2.75,8,0.1637,2.4292,3.0708,N,N,07/2016,Analyst
27-2021.00,1.A.4.b.3,Sound Localization,IM,1.62,8,0.183,1.2664,1.9836,N,,07/2016,Analyst
27-2021.00,1.A.4.b.3,Sound Localization,LV,0.75,8,0.25,0.26,1.24,N,N,07/2016,Analyst
27-2021.00,1.A.4.b.4,Speech Recognition,IM,3.38,8,0.183,3.0164,3.7336,N,,07/2016,Analyst
27-2021.00,1.A.4.b.4,Speech Recognition,LV,3.0,8,0.0,3.0,3.0,N,N,07/2016,Analyst
27-2021.00,1.A.4.b.5,Speech Clarity,IM,3.62,8,0.183,3.2664,3.9836,N,,07/2016,Analyst
27-2021.00,1.A.4.b.5,Speech Clarity,LV,3.12,8,0.125,2.88,3.37,N,N,07/2016,Analyst
27-2022.00,1.A.1.a.1,Oral Comprehension,IM,4.12,8,0.125,3.88,4.37,N,,08/2019,Analyst
27-2022.00,1.A.1.a.1,Oral Comprehension,LV,3.88,8,0.125,3.63,4.12,N,N,08/2019,Analyst
27-2022.00,1.A.1.a.2,Written Comprehension,IM,3.75,8,0.1637,3.4292,4.0708,N,,08/2019,Analyst
27-2022.00,1.A.1.a.2,Written Comprehension,LV,3.88,8,0.125,3.63,4.12,N,N,08/2019,Analyst
27-2022.00,1.A.1.a.3,Oral Expression,IM,4.62,8,0.183,4.2664,4.9836,N,,08/2019,Analyst
27-2022.00,1.A.1.a.3,Oral Expression,LV,4.75,8,0.1637,4.4292,5.0708,N,N,08/2019,Analyst
27-2022.00,1.A.1.a.4,Written Expression,IM,3.5,8,0.189,3.1296,3.8704,N,,08/2019,Analyst
27-2022.00,1.A.1.a.4,Written Expression,LV,3.75,8,0.1637,3.4292,4.0708,N,N,08/2019,Analyst
27-2022.00,1.A.1.b.1,Fluency of Ideas,IM,3.75,8,0.1637,3.4292,4.0708,N,,08/2019,Analyst
27-2022.00,1.A.1.b.1,Fluency of Ideas,LV,3.88,8,0.125,3.63,4.12,N,N,08/2019,Analyst
27-2022.00,1.A.1.b.2,Originality,IM,3.88,8,0.125,3.63,4.12,N,,08/2019,Analyst
27-2022.00,1.A.1.b.2,Originality,LV,3.88,8,0.125,3.63,4.12,N,N,08/2019,Analyst
27-2022.00,1.A.1.b.3,Problem Sensitivity,IM,3.75,8,0.1637,3.4292,4.0708,N,,08/2019,Analyst
27-2022.00,1.A.1.b.3,Problem Sensitivity,LV,4.0,8,0.0,4.0,4.0,N,N,08/2019,Analyst
27-2022.00,1.A.1.b.4,Deductive Reasoning,IM,3.75,8,0.1637,3.4292,4.0708,N,,08/2019,Analyst
27-2022.00,1.A.1.b.4,Deductive Reasoning,LV,4.12,8,0.125,3.88,4.37,N,N,08/2019,Analyst
27-2022.00,1.A.1.b.5,Inductive Reasoning,IM,3.75,8,0.1637,3.4292,4.0708,N,,08/2019,Analyst
27-2022.00,1.A.1.b.5,Inductive Reasoning,LV,4.0,8,0.0,4.0,4.0,N,N,08/2019,Analyst
27-2022.00,1.A.1.b.6,Information Ordering,IM,3.88,8,0.125,3.63,4.12,N,,08/2019,Analyst
27-2022.00,1.A.1.b.6,Information Ordering,LV,4.0,8,0.0,4.0,4.0,N,N,08/2019,Analyst
27-2022.00,1.A.1.b.7,Category Flexibility,IM,3.75,8,0.1637,3.4292,4.0708,N,,08/2019,Analyst
27-2022.00,1.A.1.b.7,Category Flexibility,LV,3.88,8,0.125,3.63,4.12,N,N,08/2019,Analyst
27-2022.00,1.A.1.c.1,Mathematical Reasoning,IM,2.25,8,0.1637,1.9292,2.5708,N,,08/2019,Analyst
27-2022.00,1.A.1.c.1,Mathematical Reasoning,LV,2.0,8,0.0,2.0,2.0,N,N,08/2019,Analyst
27-2022.00,1.A.1.c.2,Number Facility,IM,2.0,8,0.0,2.0,2.0,N,,08/2019,Analyst
27-2022.00,1.A.1.c.2,Number Facility,LV,2.12,8,0.125,1.88,2.37,N,N,08/2019,Analyst
27-2022.00,1.A.1.d.1,Memorization,IM,2.75,8,0.1637,2.4292,3.0708,N,,08/2019,Analyst
27-2022.00,1.A.1.d.1,Memorization,LV,2.88,8,0.2266,2.4309,3.3191,N,N,08/2019,Analyst
27-2022.00,1.A.1.e.1,Speed of Closure,IM,2.75,8,0.1637,2.4292,3.0708,N,,08/2019,Analyst
27-2022.00,1.A.1.e.1,Speed of Closure,LV,3.0,8,0.189,2.6296,3.3704,N,N,08/2019,Analyst
27-2022.00,1.A.1.e.2,Flexibility of Closure,IM,3.12,8,0.2266,2.6809,3.5691,N,,08/2019,Analyst
27-2022.00,1.A.1.e.2,Flexibility of Closure,LV,3.25,8,0.1637,2.9292,3.5708,N,N,08/2019,Analyst
27-2022.00,1.A.1.e.3,Perceptual Speed,IM,2.62,8,0.183,2.2664,2.9836,N,,08/2019,Analyst
27-2022.00,1.A.1.e.3,Perceptual Speed,LV,3.12,8,0.125,2.88,3.37,N,N,08/2019,Analyst
27-2022.00,1.A.1.f.1,Spatial Orientation,IM,1.75,8,0.1637,1.4292,2.0708,N,,08/2019,Analyst
27-2022.00,1.A.1.f.1,Spatial Orientation,LV,1.38,8,0.3239,0.7402,2.0098,N,N,08/2019,Analyst
27-2022.00,1.A.1.f.2,Visualization,IM,3.38,8,0.2631,2.8594,3.8906,N,,08/2019,Analyst
27-2022.00,1.A.1.f.2,Visualization,LV,4.38,8,0.2631,3.8594,4.8906,N,N,08/2019,Analyst
27-2022.00,1.A.1.g.1,Selective Attention,IM,3.12,8,0.125,2.88,3.37,N,,08/2019,Analyst
27-2022.00,1.A.1.g.1,Selective Attention,LV,3.25,8,0.1637,2.9292,3.5708,N,N,08/2019,Analyst
27-2022.00,1.A.1.g.2,Time Sharing,IM,2.88,8,0.125,2.63,3.12,N,,08/2019,Analyst
27-2022.00,1.A.1.g.2,Time Sharing,LV,3.0,8,0.0,3.0,3.0,N,N,08/2019,Analyst
27-2022.00,1.A.2.a.1,Arm-Hand Steadiness,IM,2.62,8,0.183,2.2664,2.9836,N,,08/2019,Analyst
27-2022.00,1.A.2.a.1,Arm-Hand Steadiness,LV,2.25,8,0.25,1.76,2.74,N,N,08/2019,Analyst
27-2022.00,1.A.2.a.2,Manual Dexterity,IM,2.38,8,0.183,2.0164,2.7336,N,,08/2019,Analyst
27-2022.00,1.A.2.a.2,Manual Dexterity,LV,1.88,8,0.125,1.63,2.12,N,N,08/2019,Analyst
27-2022.00,1.A.2.a.3,Finger Dexterity,IM,2.0,8,0.0,2.0,2.0,N,,08/2019,Analyst
27-2022.00,1.A.2.a.3,Finger Dexterity,LV,1.88,8,0.125,1.63,2.12,N,N,08/2019,Analyst
27-2022.00,1.A.2.b.1,Control Precision,IM,1.88,8,0.125,1.63,2.12,N,,08/2019,Analyst
27-2022.00,1.A.2.b.1,Control Precision,LV,1.38,8,0.2631,0.8594,1.8906,N,N,08/2019,Analyst
27-2022.00,1.A.2.b.2,Multilimb Coordination,IM,2.5,8,0.189,2.1296,2.8704,N,,08/2019,Analyst
27-2022.00,1.A.2.b.2,Multilimb Coordination,LV,1.88,8,0.125,1.63,2.12,N,N,08/2019,Analyst
27-2022.00,1.A.2.b.3,Response Orientation,IM,1.0,8,0.0,1.0,1.0,N,,08/2019,Analyst
27-2022.00,1.A.2.b.3,Response Orientation,LV,0.0,8,0.0,0.0,0.0,N,Y,08/2019,Analyst
27-2022.00,1.A.2.b.4,Rate Control,IM,1.0,8,0.0,1.0,1.0,N,,08/2019,Analyst
27-2022.00,1.A.2.b.4,Rate Control,LV,0.0,8,0.0,0.0,0.0,N,Y,08/2019,Analyst
27-2022.00,1.A.2.c.1,Reaction Time,IM,1.0,8,0.0,1.0,1.0,N,,08/2019,Analyst
27-2022.00,1.A.2.c.1,Reaction Time,LV,0.0,8,0.0,0.0,0.0,N,Y,08/2019,Analyst
27-2022.00,1.A.2.c.2,Wrist-Finger Speed,IM,1.38,8,0.183,1.0164,1.7336,N,,08/2019,Analyst
27-2022.00,1.A.2.c.2,Wrist-Finger Speed,LV,0.38,8,0.183,0.0164,0.7336,N,N,08/2019,Analyst
27-2022.00,1.A.2.c.3,Speed of Limb Movement,IM,1.5,8,0.189,1.1296,1.8704,N,,08/2019,Analyst
27-2022.00,1.A.2.c.3,Speed of Limb Movement,LV,0.5,8,0.189,0.1296,0.8704,N,N,08/2019,Analyst
27-2022.00,1.A.3.a.1,Static Strength,IM,2.88,8,0.125,2.63,3.12,N,,08/2019,Analyst
27-2022.00,1.A.3.a.1,Static Strength,LV,2.88,8,0.125,2.63,3.12,N,N,08/2019,Analyst
27-2022.00,1.A.3.a.2,Explosive Strength,IM,1.88,8,0.125,1.63,2.12,N,,08/2019,Analyst
27-2022.00,1.A.3.a.2,Explosive Strength,LV,1.25,8,0.25,0.76,1.74,N,N,08/2019,Analyst
27-2022.00,1.A.3.a.3,Dynamic Strength,IM,2.5,8,0.189,2.1296,2.8704,N,,08/2019,Analyst
27-2022.00,1.A.3.a.3,Dynamic Strength,LV,2.38,8,0.2631,1.8594,2.8906,N,N,08/2019,Analyst
27-2022.00,1.A.3.a.4,Trunk Strength,IM,2.88,8,0.125,2.63,3.12,N,,08/2019,Analyst
27-2022.00,1.A.3.a.4,Trunk Strength,LV,2.88,8,0.125,2.63,3.12,N,N,08/2019,Analyst
27-2022.00,1.A.3.b.1,Stamina,IM,2.62,8,0.183,2.2664,2.9836,N,,08/2019,Analyst
27-2022.00,1.A.3.b.1,Stamina,LV,2.62,8,0.183,2.2664,2.9836,N,N,08/2019,Analyst
27-2022.00,1.A.3.c.1,Extent Flexibility,IM,2.0,8,0.0,2.0,2.0,N,,08/2019,Analyst
27-2022.00,1.A.3.c.1,Extent Flexibility,LV,1.62,8,0.183,1.2664,1.9836,N,N,08/2019,Analyst
27-2022.00,1.A.3.c.2,Dynamic Flexibility,IM,1.25,8,0.1637,1.0,1.5708,N,,08/2019,Analyst
27-2022.00,1.A.3.c.2,Dynamic Flexibility,LV,0.25,8,0.1637,0.0,0.5708,N,Y,08/2019,Analyst
27-2022.00,1.A.3.c.3,Gross Body Coordination,IM,2.0,8,0.0,2.0,2.0,N,,08/2019,Analyst
27-2022.00,1.A.3.c.3,Gross Body Coordination,LV,2.38,8,0.2631,1.8594,2.8906,N,N,08/2019,Analyst
27-2022.00,1.A.3.c.4,Gross Body Equilibrium,IM,2.0,8,0.0,2.0,2.0,N,,08/2019,Analyst
27-2022.00,1.A.3.c.4,Gross Body Equilibrium,LV,2.38,8,0.183,2.0164,2.7336,N,N,08/2019,Analyst
27-2022.00,1.A.4.a.1,Near Vision,IM,3.62,8,0.183,3.2664,3.9836,N,,08/2019,Analyst
27-2022.00,1.A.4.a.1,Near Vision,LV,3.25,8,0.1637,2.9292,3.5708,N,N,08/2019,Analyst
27-2022.00,1.A.4.a.2,Far Vision,IM,3.25,8,0.1637,2.9292,3.5708,N,,08/2019,Analyst
27-2022.00,1.A.4.a.2,Far Vision,LV,3.12,8,0.125,2.88,3.37,N,N,08/2019,Analyst
27-2022.00,1.A.4.a.3,Visual Color Discrimination,IM,2.62,8,0.183,2.2664,2.9836,N,,08/2019,Analyst
27-2022.00,1.A.4.a.3,Visual Color Discrimination,LV,2.12,8,0.125,1.88,2.37,N,N,08/2019,Analyst
27-2022.00,1.A.4.a.4,Night Vision,IM,1.0,8,0.0,1.0,1.0,N,,08/2019,Analyst
27-2022.00,1.A.4.a.4,Night Vision,LV,0.0,8,0.0,0.0,0.0,N,Y,08/2019,Analyst
27-2022.00,1.A.4.a.5,Peripheral Vision,IM,1.75,8,0.1637,1.4292,2.0708,N,,08/2019,Analyst
27-2022.00,1.A.4.a.5,Peripheral Vision,LV,1.25,8,0.3134,0.6358,1.8642,N,N,08/2019,Analyst
27-2022.00,1.A.4.a.6,Depth Perception,IM,2.5,8,0.189,2.1296,2.8704,N,,08/2019,Analyst
27-2022.00,1.A.4.a.6,Depth Perception,LV,2.25,8,0.25,1.76,2.74,N,N,08/2019,Analyst
27-2022.00,1.A.4.a.7,Glare Sensitivity,IM,1.12,8,0.125,1.0,1.37,N,,08/2019,Analyst
27-2022.00,1.A.4.a.7,Glare Sensitivity,LV,0.12,8,0.125,0.0,0.37,N,Y,08/2019,Analyst
27-2022.00,1.A.4.b.1,Hearing Sensitivity,IM,2.12,8,0.125,1.88,2.37,N,,08/2019,Analyst
27-2022.00,1.A.4.b.1,Hearing Sensitivity,LV,2.0,8,0.0,2.0,2.0,N,N,08/2019,Analyst
27-2022.00,1.A.4.b.2,Auditory Attention,IM,2.75,8,0.1637,2.4292,3.0708,N,,08/2019,Analyst
27-2022.00,1.A.4.b.2,Auditory Attention,LV,2.88,8,0.125,2.63,3.12,N,N,08/2019,Analyst
27-2022.00,1.A.4.b.3,Sound Localization,IM,1.12,8,0.125,1.0,1.37,N,,08/2019,Analyst
27-2022.00,1.A.4.b.3,Sound Localization,LV,0.12,8,0.125,0.0,0.37,N,Y,08/2019,Analyst
27-2022.00,1.A.4.b.4,Speech Recognition,IM,4.0,8,0.0,4.0,4.0,N,,08/2019,Analyst
27-2022.00,1.A.4.b.4,Speech Recognition,LV,4.0,8,0.0,4.0,4.0,N,N,08/2019,Analyst
27-2022.00,1.A.4.b.5,Speech Clarity,IM,4.0,8,0.0,4.0,4.0,N,,08/2019,Analyst
27-2022.00,1.A.4.b.5,Speech Clarity,LV,4.0,8,0.0,4.0,4.0,N,N,08/2019,Analyst
27-2023.00,1.A.1.a.1,Oral Comprehension,IM,3.75,8,0.1637,3.4292,4.0708,N,,08/2021,Analyst
27-2023.00,1.A.1.a.1,Oral Comprehension,LV,3.88,8,0.125,3.63,4.12,N,N,08/2021,Analyst
27-2023.00,1.A.1.a.2,Written Comprehension,IM,3.0,8,0.0,3.0,3.0,N,,08/2021,Analyst
27-2023.00,1.A.1.a.2,Written Comprehension,LV,3.0,8,0.0,3.0,3.0,N,N,08/2021,Analyst
27-2023.00,1.A.1.a.3,Oral Expression,IM,3.88,8,0.125,3.63,4.12,N,,08/2021,Analyst
27-2023.00,1.A.1.a.3,Oral Expression,LV,3.75,8,0.1637,3.4292,4.0708,N,N,08/2021,Analyst
27-2023.00,1.A.1.a.4,Written Expression,IM,2.88,8,0.125,2.63,3.12,N,,08/2021,Analyst
27-2023.00,1.A.1.a.4,Written Expression,LV,2.62,8,0.183,2.2664,2.9836,N,N,08/2021,Analyst
27-2023.00,1.A.1.b.1,Fluency of Ideas,IM,1.88,8,0.125,1.63,2.12,N,,08/2021,Analyst
27-2023.00,1.A.1.b.1,Fluency of Ideas,LV,1.75,8,0.25,1.26,2.24,N,N,08/2021,Analyst
27-2023.00,1.A.1.b.2,Originality,IM,1.88,8,0.125,1.63,2.12,N,,08/2021,Analyst
27-2023.00,1.A.1.b.2,Originality,LV,1.75,8,0.25,1.26,2.24,N,N,08/2021,Analyst
27-2023.00,1.A.1.b.3,Problem Sensitivity,IM,3.62,8,0.183,3.2664,3.9836,N,,08/2021,Analyst
27-2023.00,1.A.1.b.3,Problem Sensitivity,LV,3.75,8,0.1637,3.4292,4.0708,N,N,08/2021,Analyst
27-2023.00,1.A.1.b.4,Deductive Reasoning,IM,3.25,8,0.1637,2.9292,3.5708,N,,08/2021,Analyst
27-2023.00,1.A.1.b.4,Deductive Reasoning,LV,3.25,8,0.1637,2.9292,3.5708,N,N,08/2021,Analyst
27-2023.00,1.A.1.b.5,Inductive Reasoning,IM,3.0,8,0.0,3.0,3.0,N,,08/2021,Analyst
27-2023.00,1.A.1.b.5,Inductive Reasoning,LV,2.88,8,0.125,2.63,3.12,N,N,08/2021,Analyst
27-2023.00,1.A.1.b.6,Information Ordering,IM,2.88,8,0.125,2.63,3.12,N,,08/2021,Analyst
27-2023.00,1.A.1.b.6,Information Ordering,LV,2.88,8,0.125,2.63,3.12,N,N,08/2021,Analyst
27-2023.00,1.A.1.b.7,Category Flexibility,IM,2.88,8,0.125,2.63,3.12,N,,08/2021,Analyst
27-2023.00,1.A.1.b.7,Category Flexibility,LV,2.62,8,0.183,2.2664,2.9836,N,N,08/2021,Analyst
27-2023.00,1.A.1.c.1,Mathematical Reasoning,IM,2.12,8,0.125,1.88,2.37,N,,08/2021,Analyst
27-2023.00,1.A.1.c.1,Mathematical Reasoning,LV,1.88,8,0.125,1.63,2.12,N,N,08/2021,Analyst
27-2023.00,1.A.1.c.2,Number Facility,IM,2.12,8,0.125,1.88,2.37,N,,08/2021,Analyst
27-2023.00,1.A.1.c.2,Number Facility,LV,1.88,8,0.125,1.63,2.12,N,N,08/2021,Analyst
27-2023.00,1.A.1.d.1,Memorization,IM,3.0,8,0.0,3.0,3.0,N,,08/2021,Analyst
27-2023.00,1.A.1.d.1,Memorization,LV,2.75,8,0.1637,2.4292,3.0708,N,N,08/2021,Analyst
27-2023.00,1.A.1.e.1,Speed of Closure,IM,3.0,8,0.0,3.0,3.0,N,,08/2021,Analyst
27-2023.00,1.A.1.e.1,Speed of Closure,LV,3.12,8,0.125,2.88,3.37,N,N,08/2021,Analyst
27-2023.00,1.A.1.e.2,Flexibility of Closure,IM,3.12,8,0.125,2.88,3.37,N,,08/2021,Analyst
27-2023.00,1.A.1.e.2,Flexibility of Closure,LV,3.5,8,0.189,3.1296,3.8704,N,N,08/2021,Analyst
27-2023.00,1.A.1.e.3,Perceptual Speed,IM,3.12,8,0.125,2.88,3.37,N,,08/2021,Analyst
27-2023.00,1.A.1.e.3,Perceptual Speed,LV,3.62,8,0.183,3.2664,3.9836,N,N,08/2021,Analyst
27-2023.00,1.A.1.f.1,Spatial Orientation,IM,2.38,8,0.183,2.0164,2.7336,N,,08/2021,Analyst
27-2023.00,1.A.1.f.1,Spatial Orientation,LV,2.12,8,0.125,1.88,2.37,N,N,08/2021,Analyst
27-2023.00,1.A.1.f.2,Visualization,IM,2.62,8,0.183,2.2664,2.9836,N,,08/2021,Analyst
27-2023.00,1.A.1.f.2,Visualization,LV,2.62,8,0.183,2.2664,2.9836,N,N,08/2021,Analyst
27-2023.00,1.A.1.g.1,Selective Attention,IM,3.12,8,0.125,2.88,3.37,N,,08/2021,Analyst
27-2023.00,1.A.1.g.1,Selective Attention,LV,4.0,8,0.189,3.6296,4.3704,N,N,08/2021,Analyst
27-2023.00,1.A.1.g.2,Time Sharing,IM,3.12,8,0.125,2.88,3.37,N,,08/2021,Analyst
27-2023.00,1.A.1.g.2,Time Sharing,LV,3.12,8,0.125,2.88,3.37,N,N,08/2021,Analyst
27-2023.00,1.A.2.a.1,Arm-Hand Steadiness,IM,1.88,8,0.125,1.63,2.12,N,,08/2021,Analyst
27-2023.00,1.A.2.a.1,Arm-Hand Steadiness,LV,1.75,8,0.25,1.26,2.24,N,N,08/2021,Analyst
27-2023.00,1.A.2.a.2,Manual Dexterity,IM,1.75,8,0.1637,1.4292,2.0708,N,,08/2021,Analyst
27-2023.00,1.A.2.a.2,Manual Dexterity,LV,0.75,8,0.1637,0.4292,1.0708,N,N,08/2021,Analyst
27-2023.00,1.A.2.a.3,Finger Dexterity,IM,1.88,8,0.125,1.63,2.12,N,,08/2021,Analyst
27-2023.00,1.A.2.a.3,Finger Dexterity,LV,1.25,8,0.25,0.76,1.74,N,N,08/2021,Analyst
27-2023.00,1.A.2.b.1,Control Precision,IM,1.0,8,0.0,1.0,1.0,N,,08/2021,Analyst
27-2023.00,1.A.2.b.1,Control Precision,LV,0.0,8,0.0,0.0,0.0,N,Y,08/2021,Analyst
27-2023.00,1.A.2.b.2,Multilimb Coordination,IM,2.12,8,0.125,1.88,2.37,N,,08/2021,Analyst
27-2023.00,1.A.2.b.2,Multilimb Coordination,LV,1.88,8,0.125,1.63,2.12,N,N,08/2021,Analyst
27-2023.00,1.A.2.b.3,Response Orientation,IM,2.12,8,0.125,1.88,2.37,N,,08/2021,Analyst
27-2023.00,1.A.2.b.3,Response Orientation,LV,2.12,8,0.125,1.88,2.37,N,N,08/2021,Analyst
27-2023.00,1.A.2.b.4,Rate Control,IM,1.62,8,0.183,1.2664,1.9836,N,,08/2021,Analyst
27-2023.00,1.A.2.b.4,Rate Control,LV,0.62,8,0.183,0.2664,0.9836,N,N,08/2021,Analyst
27-2023.00,1.A.2.c.1,Reaction Time,IM,2.12,8,0.125,1.88,2.37,N,,08/2021,Analyst
27-2023.00,1.A.2.c.1,Reaction Time,LV,2.12,8,0.125,1.88,2.37,N,N,08/2021,Analyst
27-2023.00,1.A.2.c.2,Wrist-Finger Speed,IM,1.5,8,0.189,1.1296,1.8704,N,,08/2021,Analyst
27-2023.00,1.A.2.c.2,Wrist-Finger Speed,LV,0.5,8,0.189,0.1296,0.8704,N,N,08/2021,Analyst
27-2023.00,1.A.2.c.3,Speed of Limb Movement,IM,2.0,8,0.0,2.0,2.0,N,,08/2021,Analyst
27-2023.00,1.A.2.c.3,Speed of Limb Movement,LV,2.0,8,0.0,2.0,2.0,N,N,08/2021,Analyst
27-2023.00,1.A.3.a.1,Static Strength,IM,2.12,8,0.2266,1.6809,2.5691,N,,08/2021,Analyst
27-2023.00,1.A.3.a.1,Static Strength,LV,1.62,8,0.2631,1.1094,2.1406,N,N,08/2021,Analyst
27-2023.00,1.A.3.a.2,Explosive Strength,IM,2.0,8,0.189,1.6296,2.3704,N,,08/2021,Analyst
27-2023.00,1.A.3.a.2,Explosive Strength,LV,1.0,8,0.189,0.6296,1.3704,N,N,08/2021,Analyst
27-2023.00,1.A.3.a.3,Dynamic Strength,IM,2.12,8,0.2266,1.6809,2.5691,N,,08/2021,Analyst
27-2023.00,1.A.3.a.3,Dynamic Strength,LV,2.0,8,0.3273,1.3584,2.6416,N,N,08/2021,Analyst
27-2023.00,1.A.3.a.4,Trunk Strength,IM,3.0,8,0.189,2.6296,3.3704,N,,08/2021,Analyst
27-2023.00,1.A.3.a.4,Trunk Strength,LV,2.88,8,0.125,2.63,3.12,N,N,08/2021,Analyst
27-2023.00,1.A.3.b.1,Stamina,IM,2.88,8,0.125,2.63,3.12,N,,08/2021,Analyst
27-2023.00,1.A.3.b.1,Stamina,LV,2.75,8,0.1637,2.4292,3.0708,N,N,08/2021,Analyst
27-2023.00,1.A.3.c.1,Extent Flexibility,IM,2.25,8,0.1637,1.9292,2.5708,N,,08/2021,Analyst
27-2023.00,1.A.3.c.1,Extent Flexibility,LV,2.12,8,0.125,1.88,2.37,N,N,08/2021,Analyst
27-2023.00,1.A.3.c.2,Dynamic Flexibility,IM,1.25,8,0.1637,1.0,1.5708,N,,08/2021,Analyst
27-2023.00,1.A.3.c.2,Dynamic Flexibility,LV,0.25,8,0.1637,0.0,0.5708,N,Y,08/2021,Analyst
27-2023.00,1.A.3.c.3,Gross Body Coordination,IM,2.62,8,0.183,2.2664,2.9836,N,,08/2021,Analyst
27-2023.00,1.A.3.c.3,Gross Body Coordination,LV,2.5,8,0.189,2.1296,2.8704,N,N,08/2021,Analyst
27-2023.00,1.A.3.c.4,Gross Body Equilibrium,IM,2.0,8,0.0,2.0,2.0,N,,08/2021,Analyst
27-2023.00,1.A.3.c.4,Gross Body Equilibrium,LV,2.12,8,0.125,1.88,2.37,N,N,08/2021,Analyst
27-2023.00,1.A.4.a.1,Near Vision,IM,3.75,8,0.1637,3.4292,4.0708,N,,08/2021,Analyst
27-2023.00,1.A.4.a.1,Near Vision,LV,3.5,8,0.189,3.1296,3.8704,N,N,08/2021,Analyst
27-2023.00,1.A.4.a.2,Far Vision,IM,3.88,8,0.125,3.63,4.12,N,,08/2021,Analyst
27-2023.00,1.A.4.a.2,Far Vision,LV,4.0,8,0.189,3.6296,4.3704,N,N,08/2021,Analyst
27-2023.00,1.A.4.a.3,Visual Color Discrimination,IM,2.75,8,0.1637,2.4292,3.0708,N,,08/2021,Analyst
27-2023.00,1.A.4.a.3,Visual Color Discrimination,LV,2.5,8,0.189,2.1296,2.8704,N,N,08/2021,Analyst
27-2023.00,1.A.4.a.4,Night Vision,IM,1.0,8,0.0,1.0,1.0,N,,08/2021,Analyst
27-2023.00,1.A.4.a.4,Night Vision,LV,0.0,8,0.0,0.0,0.0,N,Y,08/2021,Analyst
27-2023.00,1.A.4.a.5,Peripheral Vision,IM,2.0,8,0.189,1.6296,2.3704,N,,08/2021,Analyst
27-2023.00,1.A.4.a.5,Peripheral Vision,LV,1.75,8,0.3134,1.1358,2.3642,N,N,08/2021,Analyst
27-2023.00,1.A.4.a.6,Depth Perception,IM,2.0,8,0.0,2.0,2.0,N,,08/2021,Analyst
27-2023.00,1.A.4.a.6,Depth Perception,LV,1.62,8,0.183,1.2664,1.9836,N,N,08/2021,Analyst
27-2023.00,1.A.4.a.7,Glare Sensitivity,IM,1.75,8,0.1637,1.4292,2.0708,N,,08/2021,Analyst
27-2023.00,1.A.4.a.7,Glare Sensitivity,LV,1.12,8,0.295,0.5467,1.7033,N,N,08/2021,Analyst
27-2023.00,1.A.4.b.1,Hearing Sensitivity,IM,2.5,8,0.189,2.1296,2.8704,N,,08/2021,Analyst
27-2023.00,1.A.4.b.1,Hearing Sensitivity,LV,2.0,8,0.0,2.0,2.0,N,N,08/2021,Analyst
27-2023.00,1.A.4.b.2,Auditory Attention,IM,2.75,8,0.1637,2.4292,3.0708,N,,08/2021,Analyst
27-2023.00,1.A.4.b.2,Auditory Attention,LV,2.62,8,0.183,2.2664,2.9836,N,N,08/2021,Analyst
27-2023.00,1.A.4.b.3,Sound Localization,IM,1.75,8,0.1637,1.4292,2.0708,N,,08/2021,Analyst
27-2023.00,1.A.4.b.3,Sound Localization,LV,0.75,8,0.1637,0.4292,1.0708,N,N,08/2021,Analyst
27-2023.00,1.A.4.b.4,Speech Recognition,IM,3.25,8,0.1637,2.9292,3.5708,N,,08/2021,Analyst
27-2023.00,1.A.4.b.4,Speech Recognition,LV,3.0,8,0.0,3.0,3.0,N,N,08/2021,Analyst
27-2023.00,1.A.4.b.5,Speech Clarity,IM,3.62,8,0.183,3.2664,3.9836,N,,08/2021,Analyst
27-2023.00,1.A.4.b.5,Speech Clarity,LV,3.5,8,0.189,3.1296,3.8704,N,N,08/2021,Analyst
27-2031.00,1.A.1.a.1,Oral Comprehension,IM,3.5,8,0.189,3.1296,3.8704,N,,08/2019,Analyst
27-2031.00,1.A.1.a.1,Oral Comprehension,LV,3.88,8,0.125,3.63,4.12,N,N,08/2019,Analyst
27-2031.00,1.A.1.a.2,Written Comprehension,IM,2.75,8,0.1637,2.4292,3.0708,N,,08/2019,Analyst
27-2031.00,1.A.1.a.2,Written Comprehension,LV,2.75,8,0.1637,2.4292,3.0708,N,N,08/2019,Analyst
27-2031.00,1.A.1.a.3,Oral Expression,IM,3.0,8,0.0,3.0,3.0,N,,08/2019,Analyst
27-2031.00,1.A.1.a.3,Oral Expression,LV,3.38,8,0.183,3.0164,3.7336,N,N,08/2019,Analyst
27-2031.00,1.A.1.a.4,Written Expression,IM,2.62,8,0.183,2.2664,2.9836,N,,08/2019,Analyst
27-2031.00,1.A.1.a.4,Written Expression,LV,2.5,8,0.189,2.1296,2.8704,N,N,08/2019,Analyst
27-2031.00,1.A.1.b.1,Fluency of Ideas,IM,2.88,8,0.125,2.63,3.12,N,,08/2019,Analyst
27-2031.00,1.A.1.b.1,Fluency of Ideas,LV,2.75,8,0.1637,2.4292,3.0708,N,N,08/2019,Analyst
27-2031.00,1.A.1.b.2,Originality,IM,2.88,8,0.125,2.63,3.12,N,,08/2019,Analyst
27-2031.00,1.A.1.b.2,Originality,LV,3.38,8,0.183,3.0164,3.7336,N,N,08/2019,Analyst
27-2031.00,1.A.1.b.3,Problem Sensitivity,IM,3.0,8,0.189,2.6296,3.3704,N,,08/2019,Analyst
27-2031.00,1.A.1.b.3,Problem Sensitivity,LV,2.75,8,0.1637,2.4292,3.0708,N,N,08/2019,Analyst
27-2031.00,1.A.1.b.4,Deductive Reasoning,IM,2.62,8,0.183,2.2664,2.9836,N,,08/2019,Analyst
27-2031.00,1.A.1.b.4,Deductive Reasoning,LV,2.75,8,0.1637,2.4292,3.0708,N,N,08/2019,Analyst
27-2031.00,1.A.1.b.5,Inductive Reasoning,IM,2.5,8,0.189,2.1296,2.8704,N,,08/2019,Analyst
27-2031.00,1.A.1.b.5,Inductive Reasoning,LV,2.62,8,0.183,2.2664,2.9836,N,N,08/2019,Analyst
27-2031.00,1.A.1.b.6,Information Ordering,IM,2.88,8,0.2266,2.4309,3.3191,N,,08/2019,Analyst
27-2031.00,1.A.1.b.6,Information Ordering,LV,3.12,8,0.125,2.88,3.37,N,N,08/2019,Analyst
27-2031.00,1.A.1.b.7,Category Flexibility,IM,2.75,8,0.1637,2.4292,3.0708,N,,08/2019,Analyst
27-2031.00,1.A.1.b.7,Category Flexibility,LV,2.75,8,0.1637,2.4292,3.0708,N,N,08/2019,Analyst
27-2031.00,1.A.1.c.1,Mathematical Reasoning,IM,1.5,8,0.189,1.1296,1.8704,N,,08/2019,Analyst
27-2031.00,1.A.1.c.1,Mathematical Reasoning,LV,0.5,8,0.189,0.1296,0.8704,N,N,08/2019,Analyst
27-2031.00,1.A.1.c.2,Number Facility,IM,1.5,8,0.189,1.1296,1.8704,N,,08/2019,Analyst
27-2031.00,1.A.1.c.2,Number Facility,LV,0.5,8,0.189,0.1296,0.8704,N,N,08/2019,Analyst
27-2031.00,1.A.1.d.1,Memorization,IM,2.88,8,0.2266,2.4309,3.3191,N,,08/2019,Analyst
27-2031.00,1.A.1.d.1,Memorization,LV,3.12,8,0.125,2.88,3.37,N,N,08/2019,Analyst
27-2031.00,1.A.1.e.1,Speed of Closure,IM,2.25,8,0.1637,1.9292,2.5708,N,,08/2019,Analyst
27-2031.00,1.A.1.e.1,Speed of Closure,LV,2.62,8,0.183,2.2664,2.9836,N,N,08/2019,Analyst
27-2031.00,1.A.1.e.2,Flexibility of Closure,IM,2.62,8,0.183,2.2664,2.9836,N,,08/2019,Analyst
27-2031.00,1.A.1.e.2,Flexibility of Closure,LV,2.62,8,0.183,2.2664,2.9836,N,N,08/2019,Analyst
27-2031.00,1.A.1.e.3,Perceptual Speed,IM,2.5,8,0.189,2.1296,2.8704,N,,08/2019,Analyst
27-2031.00,1.A.1.e.3,Perceptual Speed,LV,2.5,8,0.189,2.1296,2.8704,N,N,08/2019,Analyst
27-2031.00,1.A.1.f.1,Spatial Orientation,IM,1.88,8,0.2266,1.4309,2.3191,N,,08/2019,Analyst
27-2031.00,1.A.1.f.1,Spatial Orientation,LV,1.5,8,0.3273,0.8584,2.1416,N,N,08/2019,Analyst
27-2031.00,1.A.1.f.2,Visualization,IM,2.75,8,0.1637,2.4292,3.0708,N,,08/2019,Analyst
27-2031.00,1.A.1.f.2,Visualization,LV,2.75,8,0.1637,2.4292,3.0708,N,N,08/2019,Analyst
27-2031.00,1.A.1.g.1,Selective Attention,IM,3.0,8,0.0,3.0,3.0,N,,08/2019,Analyst
27-2031.00,1.A.1.g.1,Selective Attention,LV,2.88,8,0.125,2.63,3.12,N,N,08/2019,Analyst
27-2031.00,1.A.1.g.2,Time Sharing,IM,2.5,8,0.189,2.1296,2.8704,N,,08/2019,Analyst
27-2031.00,1.A.1.g.2,Time Sharing,LV,2.0,8,0.0,2.0,2.0,N,N,08/2019,Analyst
27-2031.00,1.A.2.a.1,Arm-Hand Steadiness,IM,2.88,8,0.125,2.63,3.12,N,,08/2019,Analyst
27-2031.00,1.A.2.a.1,Arm-Hand Steadiness,LV,2.38,8,0.183,2.0164,2.7336,N,N,08/2019,Analyst
27-2031.00,1.A.2.a.2,Manual Dexterity,IM,2.12,8,0.125,1.88,2.37,N,,08/2019,Analyst
27-2031.00,1.A.2.a.2,Manual Dexterity,LV,2.12,8,0.125,1.88,2.37,N,N,08/2019,Analyst
27-2031.00,1.A.2.a.3,Finger Dexterity,IM,2.0,8,0.0,2.0,2.0,N,,08/2019,Analyst
27-2031.00,1.A.2.a.3,Finger Dexterity,LV,2.0,8,0.0,2.0,2.0,N,N,08/2019,Analyst
27-2031.00,1.A.2.b.1,Control Precision,IM,1.38,8,0.183,1.0164,1.7336,N,,08/2019,Analyst
27-2031.00,1.A.2.b.1,Control Precision,LV,0.75,8,0.366,0.0327,1.4673,N,N,08/2019,Analyst
27-2031.00,1.A.2.b.2,Multilimb Coordination,IM,3.62,8,0.375,2.89,4.36,N,,08/2019,Analyst
27-2031.00,1.A.2.b.2,Multilimb Coordination,LV,3.75,8,0.559,2.6543,4.8457,Y,N,08/2019,Analyst
27-2031.00,1.A.2.b.3,Response Orientation,IM,1.88,8,0.3504,1.1883,2.5617,N,,08/2019,Analyst
27-2031.00,1.A.2.b.3,Response Orientation,LV,0.88,8,0.3504,0.1883,1.5617,N,N,08/2019,Analyst
27-2031.00,1.A.2.b.4,Rate Control,IM,2.12,8,0.4407,1.2613,2.9887,N,,08/2019,Analyst
27-2031.00,1.A.2.b.4,Rate Control,LV,1.62,8,0.4605,0.7224,2.5276,N,N,08/2019,Analyst
27-2031.00,1.A.2.c.1,Reaction Time,IM,1.5,8,0.378,1.0,2.2408,N,,08/2019,Analyst
27-2031.00,1.A.2.c.1,Reaction Time,LV,0.62,8,0.4978,0.0,1.6006,N,Y,08/2019,Analyst
27-2031.00,1.A.2.c.2,Wrist-Finger Speed,IM,1.0,8,0.0,1.0,1.0,N,,08/2019,Analyst
27-2031.00,1.A.2.c.2,Wrist-Finger Speed,LV,0.0,8,0.0,0.0,0.0,N,Y,08/2019,Analyst
27-2031.00,1.A.2.c.3,Speed of Limb Movement,IM,3.25,8,0.366,2.5327,3.9673,N,,08/2019,Analyst
27-2031.00,1.A.2.c.3,Speed of Limb Movement,LV,3.38,8,0.4978,2.3994,4.3506,N,N,08/2019,Analyst
27-2031.00,1.A.3.a.1,Static Strength,IM,3.62,8,0.183,3.2664,3.9836,N,,08/2019,Analyst
27-2031.00,1.A.3.a.1,Static Strength,LV,3.12,8,0.125,2.88,3.37,N,N,08/2019,Analyst
27-2031.00,1.A.3.a.2,Explosive Strength,IM,2.62,8,0.2631,2.1094,3.1406,N,,08/2019,Analyst
27-2031.00,1.A.3.a.2,Explosive Strength,LV,2.38,8,0.2631,1.8594,2.8906,N,N,08/2019,Analyst
27-2031.00,1.A.3.a.3,Dynamic Strength,IM,4.25,8,0.1637,3.9292,4.5708,N,,08/2019,Analyst
27-2031.00,1.A.3.a.3,Dynamic Strength,LV,4.62,8,0.183,4.2664,4.9836,N,N,08/2019,Analyst
27-2031.00,1.A.3.a.4,Trunk Strength,IM,4.12,8,0.125,3.88,4.37,N,,08/2019,Analyst
27-2031.00,1.A.3.a.4,Trunk Strength,LV,4.75,8,0.1637,4.4292,5.0708,N,N,08/2019,Analyst
27-2031.00,1.A.3.b.1,Stamina,IM,4.25,8,0.1637,3.9292,4.5708,N,,08/2019,Analyst
27-2031.00,1.A.3.b.1,Stamina,LV,4.62,8,0.183,4.2664,4.9836,N,N,08/2019,Analyst
27-2031.00,1.A.3.c.1,Extent Flexibility,IM,4.5,8,0.189,4.1296,4.8704,N,,08/2019,Analyst
27-2031.00,1.A.3.c.1,Extent Flexibility,LV,4.88,8,0.125,4.63,5.12,N,N,08/2019,Analyst
27-2031.00,1.A.3.c.2,Dynamic Flexibility,IM,3.62,8,0.4199,2.8019,4.4481,N,,08/2019,Analyst
27-2031.00,1.A.3.c.2,Dynamic Flexibility,LV,4.25,8,0.6196,3.0355,5.4645,Y,N,08/2019,Analyst
27-2031.00,1.A.3.c.3,Gross Body Coordination,IM,4.75,8,0.1637,4.4292,5.0,N,,08/2019,Analyst
27-2031.00,1.A.3.c.3,Gross Body Coordination,LV,5.5,8,0.2673,4.9762,6.0238,N,N,08/2019,Analyst
27-2031.00,1.A.3.c.4,Gross Body Equilibrium,IM,4.0,8,0.0,4.0,4.0,N,,08/2019,Analyst
27-2031.00,1.A.3.c.4,Gross Body Equilibrium,LV,4.88,8,0.125,4.63,5.12,N,N,08/2019,Analyst
27-2031.00,1.A.4.a.1,Near Vision,IM,3.12,8,0.125,2.88,3.37,N,,08/2019,Analyst
27-2031.00,1.A.4.a.1,Near Vision,LV,3.12,8,0.125,2.88,3.37,N,N,08/2019,Analyst
27-2031.00,1.A.4.a.2,Far Vision,IM,2.88,8,0.125,2.63,3.12,N,,08/2019,Analyst
27-2031.00,1.A.4.a.2,Far Vision,LV,2.75,8,0.1637,2.4292,3.0708,N,N,08/2019,Analyst
27-2031.00,1.A.4.a.3,Visual Color Discrimination,IM,2.12,8,0.125,1.88,2.37,N,,08/2019,Analyst
27-2031.00,1.A.4.a.3,Visual Color Discrimination,LV,1.88,8,0.125,1.63,2.12,N,N,08/2019,Analyst
27-2031.00,1.A.4.a.4,Night Vision,IM,1.12,8,0.125,1.0,1.37,N,,08/2019,Analyst
27-2031.00,1.A.4.a.4,Night Vision,LV,0.12,8,0.125,0.0,0.37,N,Y,08/2019,Analyst
27-2031.00,1.A.4.a.5,Peripheral Vision,IM,1.75,8,0.1637,1.4292,2.0708,N,,08/2019,Analyst
27-2031.00,1.A.4.a.5,Peripheral Vision,LV,1.25,8,0.3134,0.6358,1.8642,N,N,08/2019,Analyst
27-2031.00,1.A.4.a.6,Depth Perception,IM,1.88,8,0.2266,1.4309,2.3191,N,,08/2019,Analyst
27-2031.00,1.A.4.a.6,Depth Perception,LV,1.38,8,0.3239,0.7402,2.0098,N,N,08/2019,Analyst
27-2031.00,1.A.4.a.7,Glare Sensitivity,IM,1.88,8,0.125,1.63,2.12,N,,08/2019,Analyst
27-2031.00,1.A.4.a.7,Glare Sensitivity,LV,1.5,8,0.2673,0.9762,2.0238,N,N,08/2019,Analyst
27-2031.00,1.A.4.b.1,Hearing Sensitivity,IM,2.12,8,0.125,1.88,2.37,N,,08/2019,Analyst
27-2031.00,1.A.4.b.1,Hearing Sensitivity,LV,2.12,8,0.125,1.88,2.37,N,N,08/2019,Analyst
27-2031.00,1.A.4.b.2,Auditory Attention,IM,2.0,8,0.0,2.0,2.0,N,,08/2019,Analyst
27-2031.00,1.A.4.b.2,Auditory Attention,LV,1.62,8,0.183,1.2664,1.9836,N,N,08/2019,Analyst
27-2031.00,1.A.4.b.3,Sound Localization,IM,1.0,8,0.0,1.0,1.0,N,,08/2019,Analyst
27-2031.00,1.A.4.b.3,Sound Localization,LV,0.0,8,0.0,0.0,0.0,N,Y,08/2019,Analyst
27-2031.00,1.A.4.b.4,Speech Recognition,IM,3.0,8,0.0,3.0,3.0,N,,08/2019,Analyst
27-2031.00,1.A.4.b.4,Speech Recognition,LV,3.0,8,0.0,3.0,3.0,N,N,08/2019,Analyst
27-2031.00,1.A.4.b.5,Speech Clarity,IM,2.88,8,0.125,2.63,3.12,N,,08/2019,Analyst
27-2031.00,1.A.4.b.5,Speech Clarity,LV,3.0,8,0.0,3.0,3.0,N,N,08/2019,Analyst
27-2032.00,1.A.1.a.1,Oral Comprehension,IM,3.88,8,0.125,3.63,4.12,N,,08/2024,Analyst
27-2032.00,1.A.1.a.1,Oral Comprehension,LV,4.0,8,0.0,4.0,4.0,N,N,08/2024,Analyst
27-2032.00,1.A.1.a.2,Written Comprehension,IM,3.62,8,0.183,3.2664,3.9836,N,,08/2024,Analyst
27-2032.00,1.A.1.a.2,Written Comprehension,LV,3.38,8,0.183,3.0164,3.7336,N,N,08/2024,Analyst
27-2032.00,1.A.1.a.3,Oral Expression,IM,4.0,8,0.0,4.0,4.0,N,,08/2024,Analyst
27-2032.00,1.A.1.a.3,Oral Expression,LV,4.12,8,0.125,3.88,4.37,N,N,08/2024,Analyst
27-2032.00,1.A.1.a.4,Written Expression,IM,3.0,8,0.0,3.0,3.0,N,,08/2024,Analyst
27-2032.00,1.A.1.a.4,Written Expression,LV,3.12,8,0.125,2.88,3.37,N,N,08/2024,Analyst
27-2032.00,1.A.1.b.1,Fluency of Ideas,IM,3.88,8,0.125,3.63,4.12,N,,08/2024,Analyst
27-2032.00,1.A.1.b.1,Fluency of Ideas,LV,4.0,8,0.0,4.0,4.0,N,N,08/2024,Analyst
27-2032.00,1.A.1.b.2,Originality,IM,4.0,8,0.0,4.0,4.0,N,,08/2024,Analyst
27-2032.00,1.A.1.b.2,Originality,LV,4.25,8,0.1637,3.9292,4.5708,N,N,08/2024,Analyst
27-2032.00,1.A.1.b.3,Problem Sensitivity,IM,3.62,8,0.183,3.2664,3.9836,N,,08/2024,Analyst
27-2032.00,1.A.1.b.3,Problem Sensitivity,LV,3.75,8,0.1637,3.4292,4.0708,N,N,08/2024,Analyst
27-2032.00,1.A.1.b.4,Deductive Reasoning,IM,3.62,8,0.183,3.2664,3.9836,N,,08/2024,Analyst
27-2032.00,1.A.1.b.4,Deductive Reasoning,LV,3.62,8,0.183,3.2664,3.9836,N,N,08/2024,Analyst
27-2032.00,1.A.1.b.5,Inductive Reasoning,IM,3.25,8,0.1637,2.9292,3.5708,N,,08/2024,Analyst
27-2032.00,1.A.1.b.5,Inductive Reasoning,LV,3.12,8,0.125,2.88,3.37,N,N,08/2024,Analyst
27-2032.00,1.A.1.b.6,Information Ordering,IM,3.25,8,0.1637,2.9292,3.5708,N,,08/2024,Analyst
27-2032.00,1.A.1.b.6,Information Ordering,LV,3.38,8,0.183,3.0164,3.7336,N,N,08/2024,Analyst
27-2032.00,1.A.1.b.7,Category Flexibility,IM,3.0,8,0.0,3.0,3.0,N,,08/2024,Analyst
27-2032.00,1.A.1.b.7,Category Flexibility,LV,3.0,8,0.0,3.0,3.0,N,N,08/2024,Analyst
27-2032.00,1.A.1.c.1,Mathematical Reasoning,IM,2.0,8,0.0,2.0,2.0,N,,08/2024,Analyst
27-2032.00,1.A.1.c.1,Mathematical Reasoning,LV,1.75,8,0.1637,1.4292,2.0708,N,N,08/2024,Analyst
27-2032.00,1.A.1.c.2,Number Facility,IM,2.0,8,0.0,2.0,2.0,N,,08/2024,Analyst
27-2032.00,1.A.1.c.2,Number Facility,LV,1.5,8,0.189,1.1296,1.8704,N,N,08/2024,Analyst
27-2032.00,1.A.1.d.1,Memorization,IM,3.0,8,0.189,2.6296,3.3704,N,,08/2024,Analyst
27-2032.00,1.A.1.d.1,Memorization,LV,2.88,8,0.125,2.63,3.12,N,N,08/2024,Analyst
27-2032.00,1.A.1.e.1,Speed of Closure,IM,2.12,8,0.125,1.88,2.37,N,,08/2024,Analyst
27-2032.00,1.A.1.e.1,Speed of Closure,LV,2.12,8,0.125,1.88,2.37,N,N,08/2024,Analyst
27-2032.00,1.A.1.e.2,Flexibility of Closure,IM,2.62,8,0.183,2.2664,2.9836,N,,08/2024,Analyst
27-2032.00,1.A.1.e.2,Flexibility of Closure,LV,2.75,8,0.1637,2.4292,3.0708,N,N,08/2024,Analyst
27-2032.00,1.A.1.e.3,Perceptual Speed,IM,2.62,8,0.183,2.2664,2.9836,N,,08/2024,Analyst
27-2032.00,1.A.1.e.3,Perceptual Speed,LV,2.62,8,0.183,2.2664,2.9836,N,N,08/2024,Analyst
27-2032.00,1.A.1.f.1,Spatial Orientation,IM,2.62,8,0.183,2.2664,2.9836,N,,08/2024,Analyst
27-2032.00,1.A.1.f.1,Spatial Orientation,LV,2.5,8,0.189,2.1296,2.8704,N,N,08/2024,Analyst
27-2032.00,1.A.1.f.2,Visualization,IM,3.75,8,0.1637,3.4292,4.0708,N,,08/2024,Analyst
27-2032.00,1.A.1.f.2,Visualization,LV,3.75,8,0.1637,3.4292,4.0708,N,N,08/2024,Analyst
27-2032.00,1.A.1.g.1,Selective Attention,IM,3.12,8,0.125,2.88,3.37,N,,08/2024,Analyst
27-2032.00,1.A.1.g.1,Selective Attention,LV,3.0,8,0.0,3.0,3.0,N,N,08/2024,Analyst
27-2032.00,1.A.1.g.2,Time Sharing,IM,2.88,8,0.125,2.63,3.12,N,,08/2024,Analyst
27-2032.00,1.A.1.g.2,Time Sharing,LV,2.88,8,0.125,2.63,3.12,N,N,08/2024,Analyst
27-2032.00,1.A.2.a.1,Arm-Hand Steadiness,IM,2.62,8,0.183,2.2664,2.9836,N,,08/2024,Analyst
27-2032.00,1.A.2.a.1,Arm-Hand Steadiness,LV,2.62,8,0.183,2.2664,2.9836,N,N,08/2024,Analyst
27-2032.00,1.A.2.a.2,Manual Dexterity,IM,1.88,8,0.125,1.63,2.12,N,,08/2024,Analyst
27-2032.00,1.A.2.a.2,Manual Dexterity,LV,1.62,8,0.2631,1.1094,2.1406,N,N,08/2024,Analyst
27-2032.00,1.A.2.a.3,Finger Dexterity,IM,1.88,8,0.125,1.63,2.12,N,,08/2024,Analyst
27-2032.00,1.A.2.a.3,Finger Dexterity,LV,1.62,8,0.2631,1.1094,2.1406,N,N,08/2024,Analyst
27-2032.00,1.A.2.b.1,Control Precision,IM,1.0,8,0.0,1.0,1.0,N,,08/2024,Analyst
27-2032.00,1.A.2.b.1,Control Precision,LV,0.0,8,0.0,0.0,0.0,N,Y,08/2024,Analyst
27-2032.00,1.A.2.b.2,Multilimb Coordination,IM,3.62,8,0.183,3.2664,3.9836,N,,08/2024,Analyst
27-2032.00,1.A.2.b.2,Multilimb Coordination,LV,3.5,8,0.189,3.1296,3.8704,N,N,08/2024,Analyst
27-2032.00,1.A.2.b.3,Response Orientation,IM,2.0,8,0.0,2.0,2.0,N,,08/2024,Analyst
27-2032.00,1.A.2.b.3,Response Orientation,LV,1.88,8,0.125,1.63,2.12,N,N,08/2024,Analyst
27-2032.00,1.A.2.b.4,Rate Control,IM,1.38,8,0.183,1.0164,1.7336,N,,08/2024,Analyst
27-2032.00,1.A.2.b.4,Rate Control,LV,0.38,8,0.183,0.0164,0.7336,N,N,08/2024,Analyst
27-2032.00,1.A.2.c.1,Reaction Time,IM,1.75,8,0.1637,1.4292,2.0708,N,,08/2024,Analyst
27-2032.00,1.A.2.c.1,Reaction Time,LV,1.0,8,0.2673,0.4762,1.5238,N,N,08/2024,Analyst
27-2032.00,1.A.2.c.2,Wrist-Finger Speed,IM,1.75,8,0.1637,1.4292,2.0708,N,,08/2024,Analyst
27-2032.00,1.A.2.c.2,Wrist-Finger Speed,LV,0.75,8,0.1637,0.4292,1.0708,N,N,08/2024,Analyst
27-2032.00,1.A.2.c.3,Speed of Limb Movement,IM,2.75,8,0.1637,2.4292,3.0708,N,,08/2024,Analyst
27-2032.00,1.A.2.c.3,Speed of Limb Movement,LV,2.75,8,0.1637,2.4292,3.0708,N,N,08/2024,Analyst
27-2032.00,1.A.3.a.1,Static Strength,IM,2.75,8,0.1637,2.4292,3.0708,N,,08/2024,Analyst
27-2032.00,1.A.3.a.1,Static Strength,LV,2.62,8,0.183,2.2664,2.9836,N,N,08/2024,Analyst
27-2032.00,1.A.3.a.2,Explosive Strength,IM,2.62,8,0.183,2.2664,2.9836,N,,08/2024,Analyst
27-2032.00,1.A.3.a.2,Explosive Strength,LV,2.38,8,0.183,2.0164,2.7336,N,N,08/2024,Analyst
27-2032.00,1.A.3.a.3,Dynamic Strength,IM,3.75,8,0.1637,3.4292,4.0708,N,,08/2024,Analyst
27-2032.00,1.A.3.a.3,Dynamic Strength,LV,3.75,8,0.1637,3.4292,4.0708,N,N,08/2024,Analyst
27-2032.00,1.A.3.a.4,Trunk Strength,IM,3.75,8,0.1637,3.4292,4.0708,N,,08/2024,Analyst
27-2032.00,1.A.3.a.4,Trunk Strength,LV,3.75,8,0.1637,3.4292,4.0708,N,N,08/2024,Analyst
27-2032.00,1.A.3.b.1,Stamina,IM,3.75,8,0.1637,3.4292,4.0708,N,,08/2024,Analyst
27-2032.00,1.A.3.b.1,Stamina,LV,3.75,8,0.1637,3.4292,4.0708,N,N,08/2024,Analyst
27-2032.00,1.A.3.c.1,Extent Flexibility,IM,3.75,8,0.1637,3.4292,4.0708,N,,08/2024,Analyst
27-2032.00,1.A.3.c.1,Extent Flexibility,LV,3.88,8,0.125,3.63,4.12,N,N,08/2024,Analyst
27-2032.00,1.A.3.c.2,Dynamic Flexibility,IM,3.25,8,0.25,2.76,3.74,N,,08/2024,Analyst
27-2032.00,1.A.3.c.2,Dynamic Flexibility,LV,3.38,8,0.2631,2.8594,3.8906,N,N,08/2024,Analyst
27-2032.00,1.A.3.c.3,Gross Body Coordination,IM,4.12,8,0.2266,3.6809,4.5691,N,,08/2024,Analyst
27-2032.00,1.A.3.c.3,Gross Body Coordination,LV,5.25,8,0.25,4.76,5.74,N,N,08/2024,Analyst
27-2032.00,1.A.3.c.4,Gross Body Equilibrium,IM,4.0,8,0.189,3.6296,4.3704,N,,08/2024,Analyst
27-2032.00,1.A.3.c.4,Gross Body Equilibrium,LV,4.38,8,0.183,4.0164,4.7336,N,N,08/2024,Analyst
27-2032.00,1.A.4.a.1,Near Vision,IM,3.12,8,0.125,2.88,3.37,N,,08/2024,Analyst
27-2032.00,1.A.4.a.1,Near Vision,LV,3.12,8,0.125,2.88,3.37,N,N,08/2024,Analyst
27-2032.00,1.A.4.a.2,Far Vision,IM,2.88,8,0.125,2.63,3.12,N,,08/2024,Analyst
27-2032.00,1.A.4.a.2,Far Vision,LV,2.88,8,0.125,2.63,3.12,N,N,08/2024,Analyst
27-2032.00,1.A.4.a.3,Visual Color Discrimination,IM,2.12,8,0.125,1.88,2.37,N,,08/2024,Analyst
27-2032.00,1.A.4.a.3,Visual Color Discrimination,LV,2.0,8,0.0,2.0,2.0,N,N,08/2024,Analyst
27-2032.00,1.A.4.a.4,Night Vision,IM,1.0,8,0.0,1.0,1.0,N,,08/2024,Analyst
27-2032.00,1.A.4.a.4,Night Vision,LV,0.0,8,0.0,0.0,0.0,N,Y,08/2024,Analyst
27-2032.00,1.A.4.a.5,Peripheral Vision,IM,2.0,8,0.189,1.6296,2.3704,N,,08/2024,Analyst
27-2032.00,1.A.4.a.5,Peripheral Vision,LV,1.5,8,0.2673,0.9762,2.0238,N,N,08/2024,Analyst
27-2032.00,1.A.4.a.6,Depth Perception,IM,2.0,8,0.189,1.6296,2.3704,N,,08/2024,Analyst
27-2032.00,1.A.4.a.6,Depth Perception,LV,1.5,8,0.2673,0.9762,2.0238,N,N,08/2024,Analyst
27-2032.00,1.A.4.a.7,Glare Sensitivity,IM,1.12,8,0.125,1.0,1.37,N,,08/2024,Analyst
27-2032.00,1.A.4.a.7,Glare Sensitivity,LV,0.12,8,0.125,0.0,0.37,N,Y,08/2024,Analyst
27-2032.00,1.A.4.b.1,Hearing Sensitivity,IM,2.12,8,0.125,1.88,2.37,N,,08/2024,Analyst
27-2032.00,1.A.4.b.1,Hearing Sensitivity,LV,2.0,8,0.0,2.0,2.0,N,N,08/2024,Analyst
27-2032.00,1.A.4.b.2,Auditory Attention,IM,2.38,8,0.183,2.0164,2.7336,N,,08/2024,Analyst
27-2032.00,1.A.4.b.2,Auditory Attention,LV,2.25,8,0.1637,1.9292,2.5708,N,N,08/2024,Analyst
27-2032.00,1.A.4.b.3,Sound Localization,IM,1.0,8,0.0,1.0,1.0,N,,08/2024,Analyst
27-2032.00,1.A.4.b.3,Sound Localization,LV,0.0,8,0.0,0.0,0.0,N,Y,08/2024,Analyst
27-2032.00,1.A.4.b.4,Speech Recognition,IM,3.25,8,0.1637,2.9292,3.5708,N,,08/2024,Analyst
27-2032.00,1.A.4.b.4,Speech Recognition,LV,3.25,8,0.1637,2.9292,3.5708,N,N,08/2024,Analyst
27-2032.00,1.A.4.b.5,Speech Clarity,IM,3.62,8,0.183,3.2664,3.9836,N,,08/2024,Analyst
27-2032.00,1.A.4.b.5,Speech Clarity,LV,3.62,8,0.183,3.2664,3.9836,N,N,08/2024,Analyst
27-2041.00,1.A.1.a.1,Oral Comprehension,IM,3.62,8,0.183,3.2664,3.9836,N,,08/2022,Analyst
27-2041.00,1.A.1.a.1,Oral Comprehension,LV,4.12,8,0.2266,3.6809,4.5691,N,N,08/2022,Analyst
27-2041.00,1.A.1.a.2,Written Comprehension,IM,3.75,8,0.1637,3.4292,4.0708,N,,08/2022,Analyst
27-2041.00,1.A.1.a.2,Written Comprehension,LV,3.88,8,0.295,3.2967,4.4533,N,N,08/2022,Analyst
27-2041.00,1.A.1.a.3,Oral Expression,IM,3.62,8,0.2631,3.1094,4.1406,N,,08/2022,Analyst
27-2041.00,1.A.1.a.3,Oral Expression,LV,4.12,8,0.2266,3.6809,4.5691,N,N,08/2022,Analyst
27-2041.00,1.A.1.a.4,Written Expression,IM,3.5,8,0.189,3.1296,3.8704,N,,08/2022,Analyst
27-2041.00,1.A.1.a.4,Written Expression,LV,3.5,8,0.3273,2.8584,4.1416,N,N,08/2022,Analyst
27-2041.00,1.A.1.b.1,Fluency of Ideas,IM,3.75,8,0.25,3.26,4.24,N,,08/2022,Analyst
27-2041.00,1.A.1.b.1,Fluency of Ideas,LV,4.0,8,0.2673,3.4762,4.5238,N,N,08/2022,Analyst
27-2041.00,1.A.1.b.2,Originality,IM,3.75,8,0.25,3.26,4.24,N,,08/2022,Analyst
27-2041.00,1.A.1.b.2,Originality,LV,4.12,8,0.295,3.5467,4.7033,N,N,08/2022,Analyst
27-2041.00,1.A.1.b.3,Problem Sensitivity,IM,3.38,8,0.183,3.0164,3.7336,N,,08/2022,Analyst
27-2041.00,1.A.1.b.3,Problem Sensitivity,LV,3.38,8,0.2631,2.8594,3.8906,N,N,08/2022,Analyst
27-2041.00,1.A.1.b.4,Deductive Reasoning,IM,3.5,8,0.189,3.1296,3.8704,N,,08/2022,Analyst
27-2041.00,1.A.1.b.4,Deductive Reasoning,LV,4.12,8,0.3504,3.4383,4.8117,N,N,08/2022,Analyst
27-2041.00,1.A.1.b.5,Inductive Reasoning,IM,3.12,8,0.2266,2.6809,3.5691,N,,08/2022,Analyst
27-2041.00,1.A.1.b.5,Inductive Reasoning,LV,3.38,8,0.375,2.64,4.11,N,N,08/2022,Analyst
27-2041.00,1.A.1.b.6,Information Ordering,IM,3.75,8,0.25,3.26,4.24,N,,08/2022,Analyst
27-2041.00,1.A.1.b.6,Information Ordering,LV,4.0,8,0.3273,3.3584,4.6416,N,N,08/2022,Analyst
27-2041.00,1.A.1.b.7,Category Flexibility,IM,3.5,8,0.189,3.1296,3.8704,N,,08/2022,Analyst
27-2041.00,1.A.1.b.7,Category Flexibility,LV,3.62,8,0.2631,3.1094,4.1406,N,N,08/2022,Analyst
27-2041.00,1.A.1.c.1,Mathematical Reasoning,IM,2.12,8,0.2266,1.6809,2.5691,N,,08/2022,Analyst
27-2041.00,1.A.1.c.1,Mathematical Reasoning,LV,1.88,8,0.3504,1.1883,2.5617,N,N,08/2022,Analyst
27-2041.00,1.A.1.c.2,Number Facility,IM,2.25,8,0.25,1.76,2.74,N,,08/2022,Analyst
27-2041.00,1.A.1.c.2,Number Facility,LV,2.25,8,0.366,1.5327,2.9673,N,N,08/2022,Analyst
27-2041.00,1.A.1.d.1,Memorization,IM,3.0,8,0.2673,2.4762,3.5238,N,,08/2022,Analyst
27-2041.00,1.A.1.d.1,Memorization,LV,3.62,8,0.3239,2.9902,4.2598,N,N,08/2022,Analyst
27-2041.00,1.A.1.e.1,Speed of Closure,IM,3.0,8,0.3273,2.3584,3.6416,N,,08/2022,Analyst
27-2041.00,1.A.1.e.1,Speed of Closure,LV,3.0,8,0.378,2.2592,3.7408,N,N,08/2022,Analyst
27-2041.00,1.A.1.e.2,Flexibility of Closure,IM,3.12,8,0.2266,2.6809,3.5691,N,,08/2022,Analyst
27-2041.00,1.A.1.e.2,Flexibility of Closure,LV,3.38,8,0.183,3.0164,3.7336,N,N,08/2022,Analyst
27-2041.00,1.A.1.e.3,Perceptual Speed,IM,2.75,8,0.1637,2.4292,3.0708,N,,08/2022,Analyst
27-2041.00,1.A.1.e.3,Perceptual Speed,LV,2.75,8,0.25,2.26,3.24,N,N,08/2022,Analyst
27-2041.00,1.A.1.f.1,Spatial Orientation,IM,1.5,8,0.2673,1.0,2.0238,N,,08/2022,Analyst
27-2041.00,1.A.1.f.1,Spatial Orientation,LV,0.62,8,0.3239,0.0,1.2598,N,N,08/2022,Analyst
27-2041.00,1.A.1.f.2,Visualization,IM,2.38,8,0.183,2.0164,2.7336,N,,08/2022,Analyst
27-2041.00,1.A.1.f.2,Visualization,LV,2.25,8,0.25,1.76,2.74,N,N,08/2022,Analyst
27-2041.00,1.A.1.g.1,Selective Attention,IM,3.12,8,0.125,2.88,3.37,N,,08/2022,Analyst
27-2041.00,1.A.1.g.1,Selective Attention,LV,3.38,8,0.183,3.0164,3.7336,N,N,08/2022,Analyst
27-2041.00,1.A.1.g.2,Time Sharing,IM,2.62,8,0.2631,2.1094,3.1406,N,,08/2022,Analyst
27-2041.00,1.A.1.g.2,Time Sharing,LV,2.62,8,0.3239,1.9902,3.2598,N,N,08/2022,Analyst
27-2041.00,1.A.2.a.1,Arm-Hand Steadiness,IM,2.38,8,0.2631,1.8594,2.8906,N,,08/2022,Analyst
27-2041.00,1.A.2.a.1,Arm-Hand Steadiness,LV,2.12,8,0.4407,1.2613,2.9887,N,N,08/2022,Analyst
27-2041.00,1.A.2.a.2,Manual Dexterity,IM,2.25,8,0.25,1.76,2.74,N,,08/2022,Analyst
27-2041.00,1.A.2.a.2,Manual Dexterity,LV,2.25,8,0.559,1.1543,3.3457,Y,N,08/2022,Analyst
27-2041.00,1.A.2.a.3,Finger Dexterity,IM,2.12,8,0.2266,1.6809,2.5691,N,,08/2022,Analyst
27-2041.00,1.A.2.a.3,Finger Dexterity,LV,2.12,8,0.3981,1.3447,2.9053,N,N,08/2022,Analyst
27-2041.00,1.A.2.b.1,Control Precision,IM,2.12,8,0.2266,1.6809,2.5691,N,,08/2022,Analyst
27-2041.00,1.A.2.b.1,Control Precision,LV,1.88,8,0.3504,1.1883,2.5617,N,N,08/2022,Analyst
27-2041.00,1.A.2.b.2,Multilimb Coordination,IM,2.5,8,0.4629,1.5927,3.4073,N,,08/2022,Analyst
27-2041.00,1.A.2.b.2,Multilimb Coordination,LV,2.62,8,0.7055,1.2422,4.0078,Y,N,08/2022,Analyst
27-2041.00,1.A.2.b.3,Response Orientation,IM,1.88,8,0.3981,1.0947,2.6553,N,,08/2022,Analyst
27-2041.00,1.A.2.b.3,Response Orientation,LV,0.88,8,0.4795,0.0,1.8148,N,N,08/2022,Analyst
27-2041.00,1.A.2.b.4,Rate Control,IM,1.88,8,0.4795,1.0,2.8148,N,,08/2022,Analyst
27-2041.00,1.A.2.b.4,Rate Control,LV,1.38,8,0.6797,0.0427,2.7073,Y,N,08/2022,Analyst
27-2041.00,1.A.2.c.1,Reaction Time,IM,1.5,8,0.378,1.0,2.2408,N,,08/2022,Analyst
27-2041.00,1.A.2.c.1,Reaction Time,LV,0.75,8,0.5261,0.0,1.7812,Y,Y,08/2022,Analyst
27-2041.00,1.A.2.c.2,Wrist-Finger Speed,IM,2.0,8,0.2673,1.4762,2.5238,N,,08/2022,Analyst
27-2041.00,1.A.2.c.2,Wrist-Finger Speed,LV,1.88,8,0.5806,0.7371,3.0129,Y,N,08/2022,Analyst
27-2041.00,1.A.2.c.3,Speed of Limb Movement,IM,1.5,8,0.378,1.0,2.2408,N,,08/2022,Analyst
27-2041.00,1.A.2.c.3,Speed of Limb Movement,LV,1.12,8,0.7425,0.0,2.5803,Y,Y,08/2022,Analyst
27-2041.00,1.A.3.a.1,Static Strength,IM,1.75,8,0.1637,1.4292,2.0708,N,,08/2022,Analyst
27-2041.00,1.A.3.a.1,Static Strength,LV,1.0,8,0.2673,0.4762,1.5238,N,N,08/2022,Analyst
27-2041.00,1.A.3.a.2,Explosive Strength,IM,1.75,8,0.1637,1.4292,2.0708,N,,08/2022,Analyst
27-2041.00,1.A.3.a.2,Explosive Strength,LV,1.0,8,0.2673,0.4762,1.5238,N,N,08/2022,Analyst
27-2041.00,1.A.3.a.3,Dynamic Strength,IM,2.25,8,0.366,1.5327,2.9673,N,,08/2022,Analyst
27-2041.00,1.A.3.a.3,Dynamic Strength,LV,1.62,8,0.4199,0.8019,2.4481,N,N,08/2022,Analyst
27-2041.00,1.A.3.a.4,Trunk Strength,IM,2.5,8,0.2673,1.9762,3.0238,N,,08/2022,Analyst
27-2041.00,1.A.3.a.4,Trunk Strength,LV,2.62,8,0.375,1.89,3.36,N,N,08/2022,Analyst
27-2041.00,1.A.3.b.1,Stamina,IM,2.0,8,0.189,1.6296,2.3704,N,,08/2022,Analyst
27-2041.00,1.A.3.b.1,Stamina,LV,1.25,8,0.25,0.76,1.74,N,N,08/2022,Analyst
27-2041.00,1.A.3.c.1,Extent Flexibility,IM,2.0,8,0.189,1.6296,2.3704,N,,08/2022,Analyst
27-2041.00,1.A.3.c.1,Extent Flexibility,LV,1.5,8,0.2673,0.9762,2.0238,N,N,08/2022,Analyst
27-2041.00,1.A.3.c.2,Dynamic Flexibility,IM,1.62,8,0.2631,1.1094,2.1406,N,,08/2022,Analyst
27-2041.00,1.A.3.c.2,Dynamic Flexibility,LV,0.88,8,0.3981,0.0947,1.6553,N,N,08/2022,Analyst
27-2041.00,1.A.3.c.3,Gross Body Coordination,IM,1.88,8,0.125,1.63,2.12,N,,08/2022,Analyst
27-2041.00,1.A.3.c.3,Gross Body Coordination,LV,1.5,8,0.3273,0.8584,2.1416,N,N,08/2022,Analyst
27-2041.00,1.A.3.c.4,Gross Body Equilibrium,IM,1.75,8,0.1637,1.4292,2.0708,N,,08/2022,Analyst
27-2041.00,1.A.3.c.4,Gross Body Equilibrium,LV,1.0,8,0.2673,0.4762,1.5238,N,N,08/2022,Analyst
27-2041.00,1.A.4.a.1,Near Vision,IM,3.5,8,0.189,3.1296,3.8704,N,,08/2022,Analyst
27-2041.00,1.A.4.a.1,Near Vision,LV,3.88,8,0.295,3.2967,4.4533,N,N,08/2022,Analyst
27-2041.00,1.A.4.a.2,Far Vision,IM,2.75,8,0.25,2.26,3.24,N,,08/2022,Analyst
27-2041.00,1.A.4.a.2,Far Vision,LV,2.88,8,0.295,2.2967,3.4533,N,N,08/2022,Analyst
27-2041.00,1.A.4.a.3,Visual Color Discrimination,IM,1.88,8,0.125,1.63,2.12,N,,08/2022,Analyst
27-2041.00,1.A.4.a.3,Visual Color Discrimination,LV,1.25,8,0.25,0.76,1.74,N,N,08/2022,Analyst
27-2041.00,1.A.4.a.4,Night Vision,IM,1.12,8,0.125,1.0,1.37,N,,08/2022,Analyst
27-2041.00,1.A.4.a.4,Night Vision,LV,0.5,8,0.5,0.0,1.48,N,Y,08/2022,Analyst
27-2041.00,1.A.4.a.5,Peripheral Vision,IM,1.12,8,0.125,1.0,1.37,N,,08/2022,Analyst
27-2041.00,1.A.4.a.5,Peripheral Vision,LV,0.12,8,0.125,0.0,0.37,N,Y,08/2022,Analyst
27-2041.00,1.A.4.a.6,Depth Perception,IM,1.12,8,0.125,1.0,1.37,N,,08/2022,Analyst
27-2041.00,1.A.4.a.6,Depth Perception,LV,0.12,8,0.125,0.0,0.37,N,Y,08/2022,Analyst
27-2041.00,1.A.4.a.7,Glare Sensitivity,IM,1.12,8,0.125,1.0,1.37,N,,08/2022,Analyst
27-2041.00,1.A.4.a.7,Glare Sensitivity,LV,0.12,8,0.125,0.0,0.37,N,Y,08/2022,Analyst
27-2041.00,1.A.4.b.1,Hearing Sensitivity,IM,4.25,8,0.1637,3.9292,4.5708,N,,08/2022,Analyst
27-2041.00,1.A.4.b.1,Hearing Sensitivity,LV,5.12,8,0.295,4.5467,5.7033,N,N,08/2022,Analyst
27-2041.00,1.A.4.b.2,Auditory Attention,IM,3.62,8,0.3239,2.9902,4.2598,N,,08/2022,Analyst
27-2041.00,1.A.4.b.2,Auditory Attention,LV,4.12,8,0.6105,2.9283,5.3217,Y,N,08/2022,Analyst
27-2041.00,1.A.4.b.3,Sound Localization,IM,2.75,8,0.4532,1.8618,3.6382,N,,08/2022,Analyst
27-2041.00,1.A.4.b.3,Sound Localization,LV,2.88,8,0.7181,1.4676,4.2824,Y,N,08/2022,Analyst
27-2041.00,1.A.4.b.4,Speech Recognition,IM,3.5,8,0.189,3.1296,3.8704,N,,08/2022,Analyst
27-2041.00,1.A.4.b.4,Speech Recognition,LV,3.62,8,0.375,2.89,4.36,N,N,08/2022,Analyst
27-2041.00,1.A.4.b.5,Speech Clarity,IM,3.5,8,0.189,3.1296,3.8704,N,,08/2022,Analyst
27-2041.00,1.A.4.b.5,Speech Clarity,LV,3.62,8,0.2631,3.1094,4.1406,N,N,08/2022,Analyst
27-2042.00,1.A.1.a.1,Oral Comprehension,IM,3.88,8,0.125,3.63,4.12,N,,08/2022,Analyst
27-2042.00,1.A.1.a.1,Oral Comprehension,LV,4.0,8,0.189,3.6296,4.3704,N,N,08/2022,Analyst
27-2042.00,1.A.1.a.2,Written Comprehension,IM,3.5,8,0.189,3.1296,3.8704,N,,08/2022,Analyst
27-2042.00,1.A.1.a.2,Written Comprehension,LV,3.5,8,0.189,3.1296,3.8704,N,N,08/2022,Analyst
27-2042.00,1.A.1.a.3,Oral Expression,IM,3.88,8,0.2266,3.4309,4.3191,N,,08/2022,Analyst
27-2042.00,1.A.1.a.3,Oral Expression,LV,3.62,8,0.2631,3.1094,4.1406,N,N,08/2022,Analyst
27-2042.00,1.A.1.a.4,Written Expression,IM,3.12,8,0.2266,2.6809,3.5691,N,,08/2022,Analyst
27-2042.00,1.A.1.a.4,Written Expression,LV,3.0,8,0.3273,2.3584,3.6416,N,N,08/2022,Analyst
27-2042.00,1.A.1.b.1,Fluency of Ideas,IM,3.0,8,0.2673,2.4762,3.5238,N,,08/2022,Analyst
27-2042.00,1.A.1.b.1,Fluency of Ideas,LV,3.25,8,0.25,2.76,3.74,N,N,08/2022,Analyst
27-2042.00,1.A.1.b.2,Originality,IM,3.38,8,0.183,3.0164,3.7336,N,,08/2022,Analyst
27-2042.00,1.A.1.b.2,Originality,LV,3.5,8,0.189,3.1296,3.8704,N,N,08/2022,Analyst
27-2042.00,1.A.1.b.3,Problem Sensitivity,IM,2.88,8,0.125,2.63,3.12,N,,08/2022,Analyst
27-2042.00,1.A.1.b.3,Problem Sensitivity,LV,3.0,8,0.189,2.6296,3.3704,N,N,08/2022,Analyst
27-2042.00,1.A.1.b.4,Deductive Reasoning,IM,2.88,8,0.125,2.63,3.12,N,,08/2022,Analyst
27-2042.00,1.A.1.b.4,Deductive Reasoning,LV,2.75,8,0.25,2.26,3.24,N,N,08/2022,Analyst
27-2042.00,1.A.1.b.5,Inductive Reasoning,IM,2.88,8,0.125,2.63,3.12,N,,08/2022,Analyst
27-2042.00,1.A.1.b.5,Inductive Reasoning,LV,2.75,8,0.1637,2.4292,3.0708,N,N,08/2022,Analyst
27-2042.00,1.A.1.b.6,Information Ordering,IM,3.0,8,0.2673,2.4762,3.5238,N,,08/2022,Analyst
27-2042.00,1.A.1.b.6,Information Ordering,LV,3.0,8,0.189,2.6296,3.3704,N,N,08/2022,Analyst
27-2042.00,1.A.1.b.7,Category Flexibility,IM,2.88,8,0.2266,2.4309,3.3191,N,,08/2022,Analyst
27-2042.00,1.A.1.b.7,Category Flexibility,LV,3.0,8,0.189,2.6296,3.3704,N,N,08/2022,Analyst
27-2042.00,1.A.1.c.1,Mathematical Reasoning,IM,2.12,8,0.2266,1.6809,2.5691,N,,08/2022,Analyst
27-2042.00,1.A.1.c.1,Mathematical Reasoning,LV,1.75,8,0.366,1.0327,2.4673,N,N,08/2022,Analyst
27-2042.00,1.A.1.c.2,Number Facility,IM,2.12,8,0.2266,1.6809,2.5691,N,,08/2022,Analyst
27-2042.00,1.A.1.c.2,Number Facility,LV,1.75,8,0.366,1.0327,2.4673,N,N,08/2022,Analyst
27-2042.00,1.A.1.d.1,Memorization,IM,3.5,8,0.378,2.7592,4.2408,N,,08/2022,Analyst
27-2042.00,1.A.1.d.1,Memorization,LV,4.0,8,0.378,3.2592,4.7408,N,N,08/2022,Analyst
27-2042.00,1.A.1.e.1,Speed of Closure,IM,3.25,8,0.3134,2.6358,3.8642,N,,08/2022,Analyst
27-2042.00,1.A.1.e.1,Speed of Closure,LV,3.25,8,0.1637,2.9292,3.5708,N,N,08/2022,Analyst
27-2042.00,1.A.1.e.2,Flexibility of Closure,IM,3.12,8,0.2266,2.6809,3.5691,N,,08/2022,Analyst
27-2042.00,1.A.1.e.2,Flexibility of Closure,LV,3.12,8,0.2266,2.6809,3.5691,N,N,08/2022,Analyst
27-2042.00,1.A.1.e.3,Perceptual Speed,IM,3.0,8,0.2673,2.4762,3.5238,N,,08/2022,Analyst
27-2042.00,1.A.1.e.3,Perceptual Speed,LV,2.75,8,0.366,2.0327,3.4673,N,N,08/2022,Analyst
27-2042.00,1.A.1.f.1,Spatial Orientation,IM,1.38,8,0.2631,1.0,1.8906,N,,08/2022,Analyst
27-2042.00,1.A.1.f.1,Spatial Orientation,LV,0.62,8,0.4199,0.0,1.4481,N,Y,08/2022,Analyst
27-2042.00,1.A.1.f.2,Visualization,IM,2.75,8,0.3134,2.1358,3.3642,N,,08/2022,Analyst
27-2042.00,1.A.1.f.2,Visualization,LV,2.62,8,0.375,1.89,3.36,N,N,08/2022,Analyst
27-2042.00,1.A.1.g.1,Selective Attention,IM,2.88,8,0.125,2.63,3.12,N,,08/2022,Analyst
27-2042.00,1.A.1.g.1,Selective Attention,LV,3.25,8,0.3134,2.6358,3.8642,N,N,08/2022,Analyst
27-2042.00,1.A.1.g.2,Time Sharing,IM,2.62,8,0.183,2.2664,2.9836,N,,08/2022,Analyst
27-2042.00,1.A.1.g.2,Time Sharing,LV,2.62,8,0.3239,1.9902,3.2598,N,N,08/2022,Analyst
27-2042.00,1.A.2.a.1,Arm-Hand Steadiness,IM,3.0,8,0.2673,2.4762,3.5238,N,,08/2022,Analyst
27-2042.00,1.A.2.a.1,Arm-Hand Steadiness,LV,2.62,8,0.183,2.2664,2.9836,N,N,08/2022,Analyst
27-2042.00,1.A.2.a.2,Manual Dexterity,IM,3.12,8,0.125,2.88,3.37,N,,08/2022,Analyst
27-2042.00,1.A.2.a.2,Manual Dexterity,LV,2.75,8,0.1637,2.4292,3.0708,N,N,08/2022,Analyst
27-2042.00,1.A.2.a.3,Finger Dexterity,IM,3.12,8,0.2266,2.6809,3.5691,N,,08/2022,Analyst
27-2042.00,1.A.2.a.3,Finger Dexterity,LV,2.88,8,0.2266,2.4309,3.3191,N,N,08/2022,Analyst
27-2042.00,1.A.2.b.1,Control Precision,IM,2.75,8,0.25,2.26,3.24,N,,08/2022,Analyst
27-2042.00,1.A.2.b.1,Control Precision,LV,2.62,8,0.3239,1.9902,3.2598,N,N,08/2022,Analyst
27-2042.00,1.A.2.b.2,Multilimb Coordination,IM,2.62,8,0.3239,1.9902,3.2598,N,,08/2022,Analyst
27-2042.00,1.A.2.b.2,Multilimb Coordination,LV,3.25,8,0.6478,1.9803,4.5197,Y,N,08/2022,Analyst
27-2042.00,1.A.2.b.3,Response Orientation,IM,1.88,8,0.3981,1.0947,2.6553,N,,08/2022,Analyst
27-2042.00,1.A.2.b.3,Response Orientation,LV,1.25,8,0.559,0.1543,2.3457,Y,N,08/2022,Analyst
27-2042.00,1.A.2.b.4,Rate Control,IM,1.88,8,0.295,1.2967,2.4533,N,,08/2022,Analyst
27-2042.00,1.A.2.b.4,Rate Control,LV,1.38,8,0.4605,0.4724,2.2776,N,N,08/2022,Analyst
27-2042.00,1.A.2.c.1,Reaction Time,IM,2.12,8,0.3981,1.3447,2.9053,N,,08/2022,Analyst
27-2042.00,1.A.2.c.1,Reaction Time,LV,1.62,8,0.565,0.5176,2.7324,Y,N,08/2022,Analyst
27-2042.00,1.A.2.c.2,Wrist-Finger Speed,IM,2.12,8,0.3981,1.3447,2.9053,N,,08/2022,Analyst
27-2042.00,1.A.2.c.2,Wrist-Finger Speed,LV,1.75,8,0.559,0.6543,2.8457,Y,N,08/2022,Analyst
27-2042.00,1.A.2.c.3,Speed of Limb Movement,IM,1.75,8,0.3134,1.1358,2.3642,N,,08/2022,Analyst
27-2042.00,1.A.2.c.3,Speed of Limb Movement,LV,1.0,8,0.4629,0.0927,1.9073,N,N,08/2022,Analyst
27-2042.00,1.A.3.a.1,Static Strength,IM,1.88,8,0.125,1.63,2.12,N,,08/2022,Analyst
27-2042.00,1.A.3.a.1,Static Strength,LV,1.5,8,0.2673,0.9762,2.0238,N,N,08/2022,Analyst
27-2042.00,1.A.3.a.2,Explosive Strength,IM,1.75,8,0.1637,1.4292,2.0708,N,,08/2022,Analyst
27-2042.00,1.A.3.a.2,Explosive Strength,LV,1.12,8,0.295,0.5467,1.7033,N,N,08/2022,Analyst
27-2042.00,1.A.3.a.3,Dynamic Strength,IM,2.25,8,0.1637,1.9292,2.5708,N,,08/2022,Analyst
27-2042.00,1.A.3.a.3,Dynamic Strength,LV,2.0,8,0.189,1.6296,2.3704,N,N,08/2022,Analyst
27-2042.00,1.A.3.a.4,Trunk Strength,IM,2.62,8,0.183,2.2664,2.9836,N,,08/2022,Analyst
27-2042.00,1.A.3.a.4,Trunk Strength,LV,2.12,8,0.125,1.88,2.37,N,N,08/2022,Analyst
27-2042.00,1.A.3.b.1,Stamina,IM,2.12,8,0.125,1.88,2.37,N,,08/2022,Analyst
27-2042.00,1.A.3.b.1,Stamina,LV,1.75,8,0.3134,1.1358,2.3642,N,N,08/2022,Analyst
27-2042.00,1.A.3.c.1,Extent Flexibility,IM,2.12,8,0.125,1.88,2.37,N,,08/2022,Analyst
27-2042.00,1.A.3.c.1,Extent Flexibility,LV,1.75,8,0.1637,1.4292,2.0708,N,N,08/2022,Analyst
27-2042.00,1.A.3.c.2,Dynamic Flexibility,IM,1.5,8,0.189,1.1296,1.8704,N,,08/2022,Analyst
27-2042.00,1.A.3.c.2,Dynamic Flexibility,LV,0.75,8,0.3134,0.1358,1.3642,N,N,08/2022,Analyst
27-2042.00,1.A.3.c.3,Gross Body Coordination,IM,2.0,8,0.189,1.6296,2.3704,N,,08/2022,Analyst
27-2042.00,1.A.3.c.3,Gross Body Coordination,LV,1.25,8,0.25,0.76,1.74,N,N,08/2022,Analyst
27-2042.00,1.A.3.c.4,Gross Body Equilibrium,IM,1.75,8,0.1637,1.4292,2.0708,N,,08/2022,Analyst
27-2042.00,1.A.3.c.4,Gross Body Equilibrium,LV,0.88,8,0.2266,0.4309,1.3191,N,N,08/2022,Analyst
27-2042.00,1.A.4.a.1,Near Vision,IM,3.38,8,0.183,3.0164,3.7336,N,,08/2022,Analyst
27-2042.00,1.A.4.a.1,Near Vision,LV,3.75,8,0.25,3.26,4.24,N,N,08/2022,Analyst
27-2042.00,1.A.4.a.2,Far Vision,IM,2.5,8,0.2673,1.9762,3.0238,N,,08/2022,Analyst
27-2042.00,1.A.4.a.2,Far Vision,LV,2.75,8,0.25,2.26,3.24,N,N,08/2022,Analyst
27-2042.00,1.A.4.a.3,Visual Color Discrimination,IM,2.12,8,0.295,1.5467,2.7033,N,,08/2022,Analyst
27-2042.00,1.A.4.a.3,Visual Color Discrimination,LV,1.88,8,0.4407,1.0113,2.7387,N,N,08/2022,Analyst
27-2042.00,1.A.4.a.4,Night Vision,IM,1.25,8,0.1637,1.0,1.5708,N,,08/2022,Analyst
27-2042.00,1.A.4.a.4,Night Vision,LV,0.38,8,0.2631,0.0,0.8906,N,Y,08/2022,Analyst
27-2042.00,1.A.4.a.5,Peripheral Vision,IM,1.5,8,0.2673,1.0,2.0238,N,,08/2022,Analyst
27-2042.00,1.A.4.a.5,Peripheral Vision,LV,0.75,8,0.4119,0.0,1.5573,N,N,08/2022,Analyst
27-2042.00,1.A.4.a.6,Depth Perception,IM,1.5,8,0.2673,1.0,2.0238,N,,08/2022,Analyst
27-2042.00,1.A.4.a.6,Depth Perception,LV,0.62,8,0.375,0.0,1.36,N,N,08/2022,Analyst
27-2042.00,1.A.4.a.7,Glare Sensitivity,IM,1.25,8,0.1637,1.0,1.5708,N,,08/2022,Analyst
27-2042.00,1.A.4.a.7,Glare Sensitivity,LV,0.5,8,0.378,0.0,1.2408,N,Y,08/2022,Analyst
27-2042.00,1.A.4.b.1,Hearing Sensitivity,IM,3.75,8,0.4119,2.9427,4.5573,N,,08/2022,Analyst
27-2042.00,1.A.4.b.1,Hearing Sensitivity,LV,4.0,8,0.5,3.02,4.98,N,N,08/2022,Analyst
27-2042.00,1.A.4.b.2,Auditory Attention,IM,3.5,8,0.378,2.7592,4.2408,N,,08/2022,Analyst
27-2042.00,1.A.4.b.2,Auditory Attention,LV,3.62,8,0.2631,3.1094,4.1406,N,N,08/2022,Analyst
27-2042.00,1.A.4.b.3,Sound Localization,IM,2.12,8,0.4795,1.1852,3.0648,N,,08/2022,Analyst
27-2042.00,1.A.4.b.3,Sound Localization,LV,1.62,8,0.5324,0.5814,2.6686,Y,N,08/2022,Analyst
27-2042.00,1.A.4.b.4,Speech Recognition,IM,3.5,8,0.189,3.1296,3.8704,N,,08/2022,Analyst
27-2042.00,1.A.4.b.4,Speech Recognition,LV,3.62,8,0.183,3.2664,3.9836,N,N,08/2022,Analyst
27-2042.00,1.A.4.b.5,Speech Clarity,IM,3.5,8,0.189,3.1296,3.8704,N,,08/2022,Analyst
27-2042.00,1.A.4.b.5,Speech Clarity,LV,3.62,8,0.2631,3.1094,4.1406,N,N,08/2022,Analyst
27-3011.00,1.A.1.a.1,Oral Comprehension,IM,4.0,8,0.0,4.0,4.0,N,,07/2016,Analyst
27-3011.00,1.A.1.a.1,Oral Comprehension,LV,4.0,8,0.0,4.0,4.0,N,N,07/2016,Analyst
27-3011.00,1.A.1.a.2,Written Comprehension,IM,4.0,8,0.0,4.0,4.0,N,,07/2016,Analyst
27-3011.00,1.A.1.a.2,Written Comprehension,LV,4.0,8,0.0,4.0,4.0,N,N,07/2016,Analyst
27-3011.00,1.A.1.a.3,Oral Expression,IM,4.88,8,0.125,4.63,5.0,N,,07/2016,Analyst
27-3011.00,1.A.1.a.3,Oral Expression,LV,4.12,8,0.125,3.88,4.37,N,N,07/2016,Analyst
27-3011.00,1.A.1.a.4,Written Expression,IM,3.88,8,0.125,3.63,4.12,N,,07/2016,Analyst
27-3011.00,1.A.1.a.4,Written Expression,LV,3.88,8,0.125,3.63,4.12,N,N,07/2016,Analyst
27-3011.00,1.A.1.b.1,Fluency of Ideas,IM,3.5,8,0.189,3.1296,3.8704,N,,07/2016,Analyst
27-3011.00,1.A.1.b.1,Fluency of Ideas,LV,3.25,8,0.1637,2.9292,3.5708,N,N,07/2016,Analyst
27-3011.00,1.A.1.b.2,Originality,IM,3.62,8,0.183,3.2664,3.9836,N,,07/2016,Analyst
27-3011.00,1.A.1.b.2,Originality,LV,3.62,8,0.183,3.2664,3.9836,N,N,07/2016,Analyst
27-3011.00,1.A.1.b.3,Problem Sensitivity,IM,3.12,8,0.125,2.88,3.37,N,,07/2016,Analyst
27-3011.00,1.A.1.b.3,Problem Sensitivity,LV,3.38,8,0.183,3.0164,3.7336,N,N,07/2016,Analyst
27-3011.00,1.A.1.b.4,Deductive Reasoning,IM,3.38,8,0.183,3.0164,3.7336,N,,07/2016,Analyst
27-3011.00,1.A.1.b.4,Deductive Reasoning,LV,3.75,8,0.1637,3.4292,4.0708,N,N,07/2016,Analyst
27-3011.00,1.A.1.b.5,Inductive Reasoning,IM,3.38,8,0.183,3.0164,3.7336,N,,07/2016,Analyst
27-3011.00,1.A.1.b.5,Inductive Reasoning,LV,3.38,8,0.183,3.0164,3.7336,N,N,07/2016,Analyst
27-3011.00,1.A.1.b.6,Information Ordering,IM,3.12,8,0.125,2.88,3.37,N,,07/2016,Analyst
27-3011.00,1.A.1.b.6,Information Ordering,LV,3.25,8,0.1637,2.9292,3.5708,N,N,07/2016,Analyst
27-3011.00,1.A.1.b.7,Category Flexibility,IM,3.0,8,0.0,3.0,3.0,N,,07/2016,Analyst
27-3011.00,1.A.1.b.7,Category Flexibility,LV,3.0,8,0.0,3.0,3.0,N,N,07/2016,Analyst
27-3011.00,1.A.1.c.1,Mathematical Reasoning,IM,1.75,8,0.1637,1.4292,2.0708,N,,07/2016,Analyst
27-3011.00,1.A.1.c.1,Mathematical Reasoning,LV,1.0,8,0.2673,0.4762,1.5238,N,N,07/2016,Analyst
27-3011.00,1.A.1.c.2,Number Facility,IM,1.88,8,0.125,1.63,2.12,N,,07/2016,Analyst
27-3011.00,1.A.1.c.2,Number Facility,LV,1.12,8,0.2266,0.6809,1.5691,N,N,07/2016,Analyst
27-3011.00,1.A.1.d.1,Memorization,IM,3.0,8,0.189,2.6296,3.3704,N,,07/2016,Analyst
27-3011.00,1.A.1.d.1,Memorization,LV,3.75,8,0.1637,3.4292,4.0708,N,N,07/2016,Analyst
27-3011.00,1.A.1.e.1,Speed of Closure,IM,3.0,8,0.189,2.6296,3.3704,N,,07/2016,Analyst
27-3011.00,1.A.1.e.1,Speed of Closure,LV,3.0,8,0.0,3.0,3.0,N,N,07/2016,Analyst
27-3011.00,1.A.1.e.2,Flexibility of Closure,IM,2.25,8,0.1637,1.9292,2.5708,N,,07/2016,Analyst
27-3011.00,1.A.1.e.2,Flexibility of Closure,LV,1.75,8,0.3134,1.1358,2.3642,N,N,07/2016,Analyst
27-3011.00,1.A.1.e.3,Perceptual Speed,IM,2.12,8,0.125,1.88,2.37,N,,07/2016,Analyst
27-3011.00,1.A.1.e.3,Perceptual Speed,LV,2.12,8,0.125,1.88,2.37,N,N,07/2016,Analyst
27-3011.00,1.A.1.f.1,Spatial Orientation,IM,1.62,8,0.183,1.2664,1.9836,N,,07/2016,Analyst
27-3011.00,1.A.1.f.1,Spatial Orientation,LV,0.88,8,0.295,0.2967,1.4533,N,N,07/2016,Analyst
27-3011.00,1.A.1.f.2,Visualization,IM,2.0,8,0.189,1.6296,2.3704,N,,07/2016,Analyst
27-3011.00,1.A.1.f.2,Visualization,LV,1.62,8,0.3239,0.9902,2.2598,N,N,07/2016,Analyst
27-3011.00,1.A.1.g.1,Selective Attention,IM,3.25,8,0.1637,2.9292,3.5708,N,,07/2016,Analyst
27-3011.00,1.A.1.g.1,Selective Attention,LV,3.0,8,0.189,2.6296,3.3704,N,N,07/2016,Analyst
27-3011.00,1.A.1.g.2,Time Sharing,IM,3.0,8,0.0,3.0,3.0,N,,07/2016,Analyst
27-3011.00,1.A.1.g.2,Time Sharing,LV,3.12,8,0.125,2.88,3.37,N,N,07/2016,Analyst
27-3011.00,1.A.2.a.1,Arm-Hand Steadiness,IM,2.25,8,0.1637,1.9292,2.5708,N,,07/2016,Analyst
27-3011.00,1.A.2.a.1,Arm-Hand Steadiness,LV,1.62,8,0.2631,1.1094,2.1406,N,N,07/2016,Analyst
27-3011.00,1.A.2.a.2,Manual Dexterity,IM,2.25,8,0.1637,1.9292,2.5708,N,,07/2016,Analyst
27-3011.00,1.A.2.a.2,Manual Dexterity,LV,1.75,8,0.25,1.26,2.24,N,N,07/2016,Analyst
27-3011.00,1.A.2.a.3,Finger Dexterity,IM,2.25,8,0.1637,1.9292,2.5708,N,,07/2016,Analyst
27-3011.00,1.A.2.a.3,Finger Dexterity,LV,1.75,8,0.25,1.26,2.24,N,N,07/2016,Analyst
27-3011.00,1.A.2.b.1,Control Precision,IM,2.38,8,0.183,2.0164,2.7336,N,,07/2016,Analyst
27-3011.00,1.A.2.b.1,Control Precision,LV,2.12,8,0.125,1.88,2.37,N,N,07/2016,Analyst
27-3011.00,1.A.2.b.2,Multilimb Coordination,IM,1.62,8,0.183,1.2664,1.9836,N,,07/2016,Analyst
27-3011.00,1.A.2.b.2,Multilimb Coordination,LV,1.0,8,0.3273,0.3584,1.6416,N,N,07/2016,Analyst
27-3011.00,1.A.2.b.3,Response Orientation,IM,1.75,8,0.1637,1.4292,2.0708,N,,07/2016,Analyst
27-3011.00,1.A.2.b.3,Response Orientation,LV,1.0,8,0.2673,0.4762,1.5238,N,N,07/2016,Analyst
27-3011.00,1.A.2.b.4,Rate Control,IM,2.0,8,0.0,2.0,2.0,N,,07/2016,Analyst
27-3011.00,1.A.2.b.4,Rate Control,LV,1.5,8,0.189,1.1296,1.8704,N,N,07/2016,Analyst
27-3011.00,1.A.2.c.1,Reaction Time,IM,2.0,8,0.0,2.0,2.0,N,,07/2016,Analyst
27-3011.00,1.A.2.c.1,Reaction Time,LV,1.5,8,0.189,1.1296,1.8704,N,N,07/2016,Analyst
27-3011.00,1.A.2.c.2,Wrist-Finger Speed,IM,1.5,8,0.189,1.1296,1.8704,N,,07/2016,Analyst
27-3011.00,1.A.2.c.2,Wrist-Finger Speed,LV,0.75,8,0.3134,0.1358,1.3642,N,N,07/2016,Analyst
27-3011.00,1.A.2.c.3,Speed of Limb Movement,IM,1.0,8,0.0,1.0,1.0,N,,07/2016,Analyst
27-3011.00,1.A.2.c.3,Speed of Limb Movement,LV,0.0,8,0.0,0.0,0.0,N,Y,07/2016,Analyst
27-3011.00,1.A.3.a.1,Static Strength,IM,1.5,8,0.189,1.1296,1.8704,N,,07/2016,Analyst
27-3011.00,1.A.3.a.1,Static Strength,LV,0.62,8,0.2631,0.1094,1.1406,N,N,07/2016,Analyst
27-3011.00,1.A.3.a.2,Explosive Strength,IM,1.5,8,0.189,1.1296,1.8704,N,,07/2016,Analyst
27-3011.00,1.A.3.a.2,Explosive Strength,LV,0.62,8,0.2631,0.1094,1.1406,N,N,07/2016,Analyst
27-3011.00,1.A.3.a.3,Dynamic Strength,IM,1.5,8,0.189,1.1296,1.8704,N,,07/2016,Analyst
27-3011.00,1.A.3.a.3,Dynamic Strength,LV,0.62,8,0.2631,0.1094,1.1406,N,N,07/2016,Analyst
27-3011.00,1.A.3.a.4,Trunk Strength,IM,2.12,8,0.125,1.88,2.37,N,,07/2016,Analyst
27-3011.00,1.A.3.a.4,Trunk Strength,LV,1.5,8,0.189,1.1296,1.8704,N,N,07/2016,Analyst
27-3011.00,1.A.3.b.1,Stamina,IM,1.0,8,0.0,1.0,1.0,N,,07/2016,Analyst
27-3011.00,1.A.3.b.1,Stamina,LV,0.0,8,0.0,0.0,0.0,N,Y,07/2016,Analyst
27-3011.00,1.A.3.c.1,Extent Flexibility,IM,1.62,8,0.183,1.2664,1.9836,N,,07/2016,Analyst
27-3011.00,1.A.3.c.1,Extent Flexibility,LV,0.88,8,0.295,0.2967,1.4533,N,N,07/2016,Analyst
27-3011.00,1.A.3.c.2,Dynamic Flexibility,IM,1.0,8,0.0,1.0,1.0,N,,07/2016,Analyst
27-3011.00,1.A.3.c.2,Dynamic Flexibility,LV,0.0,8,0.0,0.0,0.0,N,Y,07/2016,Analyst
27-3011.00,1.A.3.c.3,Gross Body Coordination,IM,1.0,8,0.0,1.0,1.0,N,,07/2016,Analyst
27-3011.00,1.A.3.c.3,Gross Body Coordination,LV,0.0,8,0.0,0.0,0.0,N,Y,07/2016,Analyst
27-3011.00,1.A.3.c.4,Gross Body Equilibrium,IM,1.0,8,0.0,1.0,1.0,N,,07/2016,Analyst
27-3011.00,1.A.3.c.4,Gross Body Equilibrium,LV,0.0,8,0.0,0.0,0.0,N,Y,07/2016,Analyst
27-3011.00,1.A.4.a.1,Near Vision,IM,3.25,8,0.1637,2.9292,3.5708,N,,07/2016,Analyst
27-3011.00,1.A.4.a.1,Near Vision,LV,3.25,8,0.1637,2.9292,3.5708,N,N,07/2016,Analyst
27-3011.00,1.A.4.a.2,Far Vision,IM,2.38,8,0.183,2.0164,2.7336,N,,07/2016,Analyst
27-3011.00,1.A.4.a.2,Far Vision,LV,2.38,8,0.183,2.0164,2.7336,N,N,07/2016,Analyst
27-3011.00,1.A.4.a.3,Visual Color Discrimination,IM,2.25,8,0.1637,1.9292,2.5708,N,,07/2016,Analyst
27-3011.00,1.A.4.a.3,Visual Color Discrimination,LV,1.88,8,0.295,1.2967,2.4533,N,N,07/2016,Analyst
27-3011.00,1.A.4.a.4,Night Vision,IM,1.5,8,0.189,1.1296,1.8704,N,,07/2016,Analyst
27-3011.00,1.A.4.a.4,Night Vision,LV,0.62,8,0.2631,0.1094,1.1406,N,N,07/2016,Analyst
27-3011.00,1.A.4.a.5,Peripheral Vision,IM,1.5,8,0.189,1.1296,1.8704,N,,07/2016,Analyst
27-3011.00,1.A.4.a.5,Peripheral Vision,LV,0.62,8,0.2631,0.1094,1.1406,N,N,07/2016,Analyst
27-3011.00,1.A.4.a.6,Depth Perception,IM,1.5,8,0.189,1.1296,1.8704,N,,07/2016,Analyst
27-3011.00,1.A.4.a.6,Depth Perception,LV,1.0,8,0.378,0.2592,1.7408,N,N,07/2016,Analyst
27-3011.00,1.A.4.a.7,Glare Sensitivity,IM,1.5,8,0.189,1.1296,1.8704,N,,07/2016,Analyst
27-3011.00,1.A.4.a.7,Glare Sensitivity,LV,0.62,8,0.2631,0.1094,1.1406,N,N,07/2016,Analyst
27-3011.00,1.A.4.b.1,Hearing Sensitivity,IM,1.88,8,0.2266,1.4309,2.3191,N,,07/2016,Analyst
27-3011.00,1.A.4.b.1,Hearing Sensitivity,LV,1.5,8,0.378,0.7592,2.2408,N,N,07/2016,Analyst
27-3011.00,1.A.4.b.2,Auditory Attention,IM,2.5,8,0.189,2.1296,2.8704,N,,07/2016,Analyst
27-3011.00,1.A.4.b.2,Auditory Attention,LV,2.38,8,0.183,2.0164,2.7336,N,N,07/2016,Analyst
27-3011.00,1.A.4.b.3,Sound Localization,IM,1.62,8,0.183,1.2664,1.9836,N,,07/2016,Analyst
27-3011.00,1.A.4.b.3,Sound Localization,LV,0.88,8,0.295,0.2967,1.4533,N,N,07/2016,Analyst
27-3011.00,1.A.4.b.4,Speech Recognition,IM,3.88,8,0.125,3.63,4.12,N,,07/2016,Analyst
27-3011.00,1.A.4.b.4,Speech Recognition,LV,3.88,8,0.125,3.63,4.12,N,N,07/2016,Analyst
27-3011.00,1.A.4.b.5,Speech Clarity,IM,4.62,8,0.183,4.2664,4.9836,N,,07/2016,Analyst
27-3011.00,1.A.4.b.5,Speech Clarity,LV,4.5,8,0.189,4.1296,4.8704,N,N,07/2016,Analyst
27-3023.00,1.A.1.a.1,Oral Comprehension,IM,3.88,8,0.2266,3.4309,4.3191,N,,08/2024,Analyst
27-3023.00,1.A.1.a.1,Oral Comprehension,LV,4.0,8,0.189,3.6296,4.3704,N,N,08/2024,Analyst
27-3023.00,1.A.1.a.2,Written Comprehension,IM,3.75,8,0.25,3.26,4.24,N,,08/2024,Analyst
27-3023.00,1.A.1.a.2,Written Comprehension,LV,3.62,8,0.183,3.2664,3.9836,N,N,08/2024,Analyst
27-3023.00,1.A.1.a.3,Oral Expression,IM,4.0,8,0.2673,3.4762,4.5238,N,,08/2024,Analyst
27-3023.00,1.A.1.a.3,Oral Expression,LV,4.0,8,0.189,3.6296,4.3704,N,N,08/2024,Analyst
27-3023.00,1.A.1.a.4,Written Expression,IM,3.88,8,0.2266,3.4309,4.3191,N,,08/2024,Analyst
27-3023.00,1.A.1.a.4,Written Expression,LV,3.62,8,0.3239,2.9902,4.2598,N,N,08/2024,Analyst
27-3023.00,1.A.1.b.1,Fluency of Ideas,IM,3.25,8,0.25,2.76,3.74,N,,08/2024,Analyst
27-3023.00,1.A.1.b.1,Fluency of Ideas,LV,3.38,8,0.2631,2.8594,3.8906,N,N,08/2024,Analyst
27-3023.00,1.A.1.b.2,Originality,IM,3.25,8,0.25,2.76,3.74,N,,08/2024,Analyst
27-3023.00,1.A.1.b.2,Originality,LV,3.12,8,0.2266,2.6809,3.5691,N,N,08/2024,Analyst
27-3023.00,1.A.1.b.3,Problem Sensitivity,IM,3.38,8,0.183,3.0164,3.7336,N,,08/2024,Analyst
27-3023.00,1.A.1.b.3,Problem Sensitivity,LV,3.5,8,0.189,3.1296,3.8704,N,N,08/2024,Analyst
27-3023.00,1.A.1.b.4,Deductive Reasoning,IM,3.25,8,0.1637,2.9292,3.5708,N,,08/2024,Analyst
27-3023.00,1.A.1.b.4,Deductive Reasoning,LV,3.62,8,0.183,3.2664,3.9836,N,N,08/2024,Analyst
27-3023.00,1.A.1.b.5,Inductive Reasoning,IM,3.38,8,0.183,3.0164,3.7336,N,,08/2024,Analyst
27-3023.00,1.A.1.b.5,Inductive Reasoning,LV,3.5,8,0.2673,2.9762,4.0238,N,N,08/2024,Analyst
27-3023.00,1.A.1.b.6,Information Ordering,IM,3.38,8,0.183,3.0164,3.7336,N,,08/2024,Analyst
27-3023.00,1.A.1.b.6,Information Ordering,LV,3.5,8,0.189,3.1296,3.8704,N,N,08/2024,Analyst
27-3023.00,1.A.1.b.7,Category Flexibility,IM,2.75,8,0.1637,2.4292,3.0708,N,,08/2024,Analyst
27-3023.00,1.A.1.b.7,Category Flexibility,LV,3.12,8,0.2266,2.6809,3.5691,N,N,08/2024,Analyst
27-3023.00,1.A.1.c.1,Mathematical Reasoning,IM,2.0,8,0.189,1.6296,2.3704,N,,08/2024,Analyst
27-3023.00,1.A.1.c.1,Mathematical Reasoning,LV,1.62,8,0.3239,0.9902,2.2598,N,N,08/2024,Analyst
27-3023.00,1.A.1.c.2,Number Facility,IM,2.25,8,0.1637,1.9292,2.5708,N,,08/2024,Analyst
27-3023.00,1.A.1.c.2,Number Facility,LV,2.0,8,0.2673,1.4762,2.5238,N,N,08/2024,Analyst
27-3023.00,1.A.1.d.1,Memorization,IM,2.75,8,0.3134,2.1358,3.3642,N,,08/2024,Analyst
27-3023.00,1.A.1.d.1,Memorization,LV,2.75,8,0.366,2.0327,3.4673,N,N,08/2024,Analyst
27-3023.00,1.A.1.e.1,Speed of Closure,IM,2.62,8,0.2631,2.1094,3.1406,N,,08/2024,Analyst
27-3023.00,1.A.1.e.1,Speed of Closure,LV,2.5,8,0.3273,1.8584,3.1416,N,N,08/2024,Analyst
27-3023.00,1.A.1.e.2,Flexibility of Closure,IM,3.0,8,0.3273,2.3584,3.6416,N,,08/2024,Analyst
27-3023.00,1.A.1.e.2,Flexibility of Closure,LV,3.0,8,0.3273,2.3584,3.6416,N,N,08/2024,Analyst
27-3023.00,1.A.1.e.3,Perceptual Speed,IM,2.62,8,0.2631,2.1094,3.1406,N,,08/2024,Analyst
27-3023.00,1.A.1.e.3,Perceptual Speed,LV,2.12,8,0.3504,1.4383,2.8117,N,N,08/2024,Analyst
27-3023.00,1.A.1.f.1,Spatial Orientation,IM,1.25,8,0.1637,1.0,1.5708,N,,08/2024,Analyst
27-3023.00,1.A.1.f.1,Spatial Orientation,LV,0.5,8,0.3273,0.0,1.1416,N,Y,08/2024,Analyst
27-3023.00,1.A.1.f.2,Visualization,IM,2.38,8,0.3239,1.7402,3.0098,N,,08/2024,Analyst
27-3023.00,1.A.1.f.2,Visualization,LV,1.88,8,0.3981,1.0947,2.6553,N,N,08/2024,Analyst
27-3023.00,1.A.1.g.1,Selective Attention,IM,3.38,8,0.3239,2.7402,4.0098,N,,08/2024,Analyst
27-3023.00,1.A.1.g.1,Selective Attention,LV,3.0,8,0.2673,2.4762,3.5238,N,N,08/2024,Analyst
27-3023.00,1.A.1.g.2,Time Sharing,IM,2.62,8,0.183,2.2664,2.9836,N,,08/2024,Analyst
27-3023.00,1.A.1.g.2,Time Sharing,LV,2.25,8,0.25,1.76,2.74,N,N,08/2024,Analyst
27-3023.00,1.A.2.a.1,Arm-Hand Steadiness,IM,2.12,8,0.125,1.88,2.37,N,,08/2024,Analyst
27-3023.00,1.A.2.a.1,Arm-Hand Steadiness,LV,1.25,8,0.1637,0.9292,1.5708,N,N,08/2024,Analyst
27-3023.00,1.A.2.a.2,Manual Dexterity,IM,1.88,8,0.125,1.63,2.12,N,,08/2024,Analyst
27-3023.00,1.A.2.a.2,Manual Dexterity,LV,1.12,8,0.2266,0.6809,1.5691,N,N,08/2024,Analyst
27-3023.00,1.A.2.a.3,Finger Dexterity,IM,1.75,8,0.1637,1.4292,2.0708,N,,08/2024,Analyst
27-3023.00,1.A.2.a.3,Finger Dexterity,LV,1.12,8,0.295,0.5467,1.7033,N,N,08/2024,Analyst
27-3023.00,1.A.2.b.1,Control Precision,IM,1.88,8,0.125,1.63,2.12,N,,08/2024,Analyst
27-3023.00,1.A.2.b.1,Control Precision,LV,1.25,8,0.3134,0.6358,1.8642,N,N,08/2024,Analyst
27-3023.00,1.A.2.b.2,Multilimb Coordination,IM,1.12,8,0.125,1.0,1.37,N,,08/2024,Analyst
27-3023.00,1.A.2.b.2,Multilimb Coordination,LV,0.12,8,0.125,0.0,0.37,N,Y,08/2024,Analyst
27-3023.00,1.A.2.b.3,Response Orientation,IM,1.12,8,0.125,1.0,1.37,N,,08/2024,Analyst
27-3023.00,1.A.2.b.3,Response Orientation,LV,0.12,8,0.125,0.0,0.37,N,Y,08/2024,Analyst
27-3023.00,1.A.2.b.4,Rate Control,IM,1.12,8,0.125,1.0,1.37,N,,08/2024,Analyst
27-3023.00,1.A.2.b.4,Rate Control,LV,0.12,8,0.125,0.0,0.37,N,Y,08/2024,Analyst
27-3023.00,1.A.2.c.1,Reaction Time,IM,1.12,8,0.125,1.0,1.37,N,,08/2024,Analyst
27-3023.00,1.A.2.c.1,Reaction Time,LV,0.12,8,0.125,0.0,0.37,N,Y,08/2024,Analyst
27-3023.00,1.A.2.c.2,Wrist-Finger Speed,IM,2.12,8,0.3504,1.4383,2.8117,N,,08/2024,Analyst
27-3023.00,1.A.2.c.2,Wrist-Finger Speed,LV,2.12,8,0.6391,0.8723,3.3777,Y,N,08/2024,Analyst
27-3023.00,1.A.2.c.3,Speed of Limb Movement,IM,1.12,8,0.125,1.0,1.37,N,,08/2024,Analyst
27-3023.00,1.A.2.c.3,Speed of Limb Movement,LV,0.12,8,0.125,0.0,0.37,N,Y,08/2024,Analyst
27-3023.00,1.A.3.a.1,Static Strength,IM,1.25,8,0.1637,1.0,1.5708,N,,08/2024,Analyst
27-3023.00,1.A.3.a.1,Static Strength,LV,0.38,8,0.2631,0.0,0.8906,N,Y,08/2024,Analyst
27-3023.00,1.A.3.a.2,Explosive Strength,IM,1.12,8,0.125,1.0,1.37,N,,08/2024,Analyst
27-3023.00,1.A.3.a.2,Explosive Strength,LV,0.12,8,0.125,0.0,0.37,N,Y,08/2024,Analyst
27-3023.00,1.A.3.a.3,Dynamic Strength,IM,1.75,8,0.1637,1.4292,2.0708,N,,08/2024,Analyst
27-3023.00,1.A.3.a.3,Dynamic Strength,LV,0.88,8,0.2266,0.4309,1.3191,N,N,08/2024,Analyst
27-3023.00,1.A.3.a.4,Trunk Strength,IM,2.25,8,0.25,1.76,2.74,N,,08/2024,Analyst
27-3023.00,1.A.3.a.4,Trunk Strength,LV,1.62,8,0.183,1.2664,1.9836,N,N,08/2024,Analyst
27-3023.00,1.A.3.b.1,Stamina,IM,1.12,8,0.125,1.0,1.37,N,,08/2024,Analyst
27-3023.00,1.A.3.b.1,Stamina,LV,0.12,8,0.125,0.0,0.37,N,Y,08/2024,Analyst
27-3023.00,1.A.3.c.1,Extent Flexibility,IM,1.12,8,0.125,1.0,1.37,N,,08/2024,Analyst
27-3023.00,1.A.3.c.1,Extent Flexibility,LV,0.12,8,0.125,0.0,0.37,N,Y,08/2024,Analyst
27-3023.00,1.A.3.c.2,Dynamic Flexibility,IM,1.12,8,0.125,1.0,1.37,N,,08/2024,Analyst
27-3023.00,1.A.3.c.2,Dynamic Flexibility,LV,0.12,8,0.125,0.0,0.37,N,Y,08/2024,Analyst
27-3023.00,1.A.3.c.3,Gross Body Coordination,IM,1.12,8,0.125,1.0,1.37,N,,08/2024,Analyst
27-3023.00,1.A.3.c.3,Gross Body Coordination,LV,0.12,8,0.125,0.0,0.37,N,Y,08/2024,Analyst
27-3023.00,1.A.3.c.4,Gross Body Equilibrium,IM,1.12,8,0.125,1.0,1.37,N,,08/2024,Analyst
27-3023.00,1.A.3.c.4,Gross Body Equilibrium,LV,0.12,8,0.125,0.0,0.37,N,Y,08/2024,Analyst
27-3023.00,1.A.4.a.1,Near Vision,IM,3.5,8,0.189,3.1296,3.8704,N,,08/2024,Analyst
27-3023.00,1.A.4.a.1,Near Vision,LV,3.88,8,0.125,3.63,4.12,N,N,08/2024,Analyst
27-3023.00,1.A.4.a.2,Far Vision,IM,3.0,8,0.3273,2.3584,3.6416,N,,08/2024,Analyst
27-3023.00,1.A.4.a.2,Far Vision,LV,3.12,8,0.295,2.5467,3.7033,N,N,08/2024,Analyst
27-3023.00,1.A.4.a.3,Visual Color Discrimination,IM,2.0,8,0.189,1.6296,2.3704,N,,08/2024,Analyst
27-3023.00,1.A.4.a.3,Visual Color Discrimination,LV,1.75,8,0.366,1.0327,2.4673,N,N,08/2024,Analyst
27-3023.00,1.A.4.a.4,Night Vision,IM,1.0,8,0.0,1.0,1.0,N,,08/2024,Analyst
27-3023.00,1.A.4.a.4,Night Vision,LV,0.0,8,0.0,0.0,0.0,N,Y,08/2024,Analyst
27-3023.00,1.A.4.a.5,Peripheral Vision,IM,1.0,8,0.0,1.0,1.0,N,,08/2024,Analyst
27-3023.00,1.A.4.a.5,Peripheral Vision,LV,0.0,8,0.0,0.0,0.0,N,Y,08/2024,Analyst
27-3023.00,1.A.4.a.6,Depth Perception,IM,1.88,8,0.295,1.2967,2.4533,N,,08/2024,Analyst
27-3023.00,1.A.4.a.6,Depth Perception,LV,1.25,8,0.4532,0.3618,2.1382,N,N,08/2024,Analyst
27-3023.00,1.A.4.a.7,Glare Sensitivity,IM,2.0,8,0.189,1.6296,2.3704,N,,08/2024,Analyst
27-3023.00,1.A.4.a.7,Glare Sensitivity,LV,1.5,8,0.3273,0.8584,2.1416,N,N,08/2024,Analyst
27-3023.00,1.A.4.b.1,Hearing Sensitivity,IM,2.25,8,0.25,1.76,2.74,N,,08/2024,Analyst
27-3023.00,1.A.4.b.1,Hearing Sensitivity,LV,2.0,8,0.378,1.2592,2.7408,N,N,08/2024,Analyst
27-3023.00,1.A.4.b.2,Auditory Attention,IM,2.5,8,0.3273,1.8584,3.1416,N,,08/2024,Analyst
27-3023.00,1.A.4.b.2,Auditory Attention,LV,2.38,8,0.4199,1.5519,3.1981,N,N,08/2024,Analyst
27-3023.00,1.A.4.b.3,Sound Localization,IM,1.0,8,0.0,1.0,1.0,N,,08/2024,Analyst
27-3023.00,1.A.4.b.3,Sound Localization,LV,0.0,8,0.0,0.0,0.0,N,Y,08/2024,Analyst
27-3023.00,1.A.4.b.4,Speech Recognition,IM,3.75,8,0.25,3.26,4.24,N,,08/2024,Analyst
27-3023.00,1.A.4.b.4,Speech Recognition,LV,3.88,8,0.2266,3.4309,4.3191,N,N,08/2024,Analyst
27-3023.00,1.A.4.b.5,Speech Clarity,IM,3.88,8,0.295,3.2967,4.4533,N,,08/2024,Analyst
27-3023.00,1.A.4.b.5,Speech Clarity,LV,3.88,8,0.2266,3.4309,4.3191,N,N,08/2024,Analyst
27-3031.00,1.A.1.a.1,Oral Comprehension,IM,4.25,8,0.1637,3.9292,4.5708,N,,08/2022,Analyst
27-3031.00,1.A.1.a.1,Oral Comprehension,LV,4.25,8,0.1637,3.9292,4.5708,N,N,08/2022,Analyst
27-3031.00,1.A.1.a.2,Written Comprehension,IM,3.88,8,0.125,3.63,4.12,N,,08/2022,Analyst
27-3031.00,1.A.1.a.2,Written Comprehension,LV,4.12,8,0.125,3.88,4.37,N,N,08/2022,Analyst
27-3031.00,1.A.1.a.3,Oral Expression,IM,4.12,8,0.125,3.88,4.37,N,,08/2022,Analyst
27-3031.00,1.A.1.a.3,Oral Expression,LV,4.25,8,0.1637,3.9292,4.5708,N,N,08/2022,Analyst
27-3031.00,1.A.1.a.4,Written Expression,IM,4.0,8,0.0,4.0,4.0,N,,08/2022,Analyst
27-3031.00,1.A.1.a.4,Written Expression,LV,4.25,8,0.1637,3.9292,4.5708,N,N,08/2022,Analyst
27-3031.00,1.A.1.b.1,Fluency of Ideas,IM,3.75,8,0.1637,3.4292,4.0708,N,,08/2022,Analyst
27-3031.00,1.A.1.b.1,Fluency of Ideas,LV,4.0,8,0.0,4.0,4.0,N,N,08/2022,Analyst
27-3031.00,1.A.1.b.2,Originality,IM,3.75,8,0.1637,3.4292,4.0708,N,,08/2022,Analyst
27-3031.00,1.A.1.b.2,Originality,LV,3.88,8,0.125,3.63,4.12,N,N,08/2022,Analyst
27-3031.00,1.A.1.b.3,Problem Sensitivity,IM,3.88,8,0.125,3.63,4.12,N,,08/2022,Analyst
27-3031.00,1.A.1.b.3,Problem Sensitivity,LV,4.12,8,0.125,3.88,4.37,N,N,08/2022,Analyst
27-3031.00,1.A.1.b.4,Deductive Reasoning,IM,3.88,8,0.125,3.63,4.12,N,,08/2022,Analyst
27-3031.00,1.A.1.b.4,Deductive Reasoning,LV,4.0,8,0.0,4.0,4.0,N,N,08/2022,Analyst
27-3031.00,1.A.1.b.5,Inductive Reasoning,IM,3.62,8,0.183,3.2664,3.9836,N,,08/2022,Analyst
27-3031.00,1.A.1.b.5,Inductive Reasoning,LV,3.75,8,0.1637,3.4292,4.0708,N,N,08/2022,Analyst
27-3031.00,1.A.1.b.6,Information Ordering,IM,3.0,8,0.0,3.0,3.0,N,,08/2022,Analyst
27-3031.00,1.A.1.b.6,Information Ordering,LV,3.0,8,0.0,3.0,3.0,N,N,08/2022,Analyst
27-3031.00,1.A.1.b.7,Category Flexibility,IM,3.0,8,0.0,3.0,3.0,N,,08/2022,Analyst
27-3031.00,1.A.1.b.7,Category Flexibility,LV,3.0,8,0.0,3.0,3.0,N,N,08/2022,Analyst
27-3031.00,1.A.1.c.1,Mathematical Reasoning,IM,2.0,8,0.0,2.0,2.0,N,,08/2022,Analyst
27-3031.00,1.A.1.c.1,Mathematical Reasoning,LV,2.12,8,0.125,1.88,2.37,N,N,08/2022,Analyst
27-3031.00,1.A.1.c.2,Number Facility,IM,2.12,8,0.125,1.88,2.37,N,,08/2022,Analyst
27-3031.00,1.A.1.c.2,Number Facility,LV,2.12,8,0.125,1.88,2.37,N,N,08/2022,Analyst
27-3031.00,1.A.1.d.1,Memorization,IM,2.25,8,0.1637,1.9292,2.5708,N,,08/2022,Analyst
27-3031.00,1.A.1.d.1,Memorization,LV,2.25,8,0.1637,1.9292,2.5708,N,N,08/2022,Analyst
27-3031.00,1.A.1.e.1,Speed of Closure,IM,2.12,8,0.125,1.88,2.37,N,,08/2022,Analyst
27-3031.00,1.A.1.e.1,Speed of Closure,LV,2.12,8,0.125,1.88,2.37,N,N,08/2022,Analyst
27-3031.00,1.A.1.e.2,Flexibility of Closure,IM,2.38,8,0.183,2.0164,2.7336,N,,08/2022,Analyst
27-3031.00,1.A.1.e.2,Flexibility of Closure,LV,2.25,8,0.1637,1.9292,2.5708,N,N,08/2022,Analyst
27-3031.00,1.A.1.e.3,Perceptual Speed,IM,2.0,8,0.0,2.0,2.0,N,,08/2022,Analyst
27-3031.00,1.A.1.e.3,Perceptual Speed,LV,2.0,8,0.0,2.0,2.0,N,N,08/2022,Analyst
27-3031.00,1.A.1.f.1,Spatial Orientation,IM,1.0,8,0.0,1.0,1.0,N,,08/2022,Analyst
27-3031.00,1.A.1.f.1,Spatial Orientation,LV,0.0,8,0.0,0.0,0.0,N,Y,08/2022,Analyst
27-3031.00,1.A.1.f.2,Visualization,IM,2.62,8,0.183,2.2664,2.9836,N,,08/2022,Analyst
27-3031.00,1.A.1.f.2,Visualization,LV,2.5,8,0.189,2.1296,2.8704,N,N,08/2022,Analyst
27-3031.00,1.A.1.g.1,Selective Attention,IM,2.88,8,0.125,2.63,3.12,N,,08/2022,Analyst
27-3031.00,1.A.1.g.1,Selective Attention,LV,2.75,8,0.1637,2.4292,3.0708,N,N,08/2022,Analyst
27-3031.00,1.A.1.g.2,Time Sharing,IM,2.88,8,0.125,2.63,3.12,N,,08/2022,Analyst
27-3031.00,1.A.1.g.2,Time Sharing,LV,2.62,8,0.183,2.2664,2.9836,N,N,08/2022,Analyst
27-3031.00,1.A.2.a.1,Arm-Hand Steadiness,IM,1.0,8,0.0,1.0,1.0,N,,08/2022,Analyst
27-3031.00,1.A.2.a.1,Arm-Hand Steadiness,LV,0.0,8,0.0,0.0,0.0,N,Y,08/2022,Analyst
27-3031.00,1.A.2.a.2,Manual Dexterity,IM,1.0,8,0.0,1.0,1.0,N,,08/2022,Analyst
27-3031.00,1.A.2.a.2,Manual Dexterity,LV,0.0,8,0.0,0.0,0.0,N,Y,08/2022,Analyst
27-3031.00,1.A.2.a.3,Finger Dexterity,IM,1.62,8,0.183,1.2664,1.9836,N,,08/2022,Analyst
27-3031.00,1.A.2.a.3,Finger Dexterity,LV,1.0,8,0.3273,0.3584,1.6416,N,N,08/2022,Analyst
27-3031.00,1.A.2.b.1,Control Precision,IM,1.0,8,0.0,1.0,1.0,N,,08/2022,Analyst
27-3031.00,1.A.2.b.1,Control Precision,LV,0.0,8,0.0,0.0,0.0,N,Y,08/2022,Analyst
27-3031.00,1.A.2.b.2,Multilimb Coordination,IM,1.0,8,0.0,1.0,1.0,N,,08/2022,Analyst
27-3031.00,1.A.2.b.2,Multilimb Coordination,LV,0.0,8,0.0,0.0,0.0,N,Y,08/2022,Analyst
27-3031.00,1.A.2.b.3,Response Orientation,IM,1.0,8,0.0,1.0,1.0,N,,08/2022,Analyst
27-3031.00,1.A.2.b.3,Response Orientation,LV,0.0,8,0.0,0.0,0.0,N,Y,08/2022,Analyst
27-3031.00,1.A.2.b.4,Rate Control,IM,1.0,8,0.0,1.0,1.0,N,,08/2022,Analyst
27-3031.00,1.A.2.b.4,Rate Control,LV,0.0,8,0.0,0.0,0.0,N,Y,08/2022,Analyst
27-3031.00,1.A.2.c.1,Reaction Time,IM,1.0,8,0.0,1.0,1.0,N,,08/2022,Analyst
27-3031.00,1.A.2.c.1,Reaction Time,LV,0.0,8,0.0,0.0,0.0,N,Y,08/2022,Analyst
27-3031.00,1.A.2.c.2,Wrist-Finger Speed,IM,1.38,8,0.183,1.0164,1.7336,N,,08/2022,Analyst
27-3031.00,1.A.2.c.2,Wrist-Finger Speed,LV,0.5,8,0.2673,0.0,1.0238,N,N,08/2022,Analyst
27-3031.00,1.A.2.c.3,Speed of Limb Movement,IM,1.0,8,0.0,1.0,1.0,N,,08/2022,Analyst
27-3031.00,1.A.2.c.3,Speed of Limb Movement,LV,0.0,8,0.0,0.0,0.0,N,Y,08/2022,Analyst
27-3031.00,1.A.3.a.1,Static Strength,IM,1.0,8,0.0,1.0,1.0,N,,08/2022,Analyst
27-3031.00,1.A.3.a.1,Static Strength,LV,0.0,8,0.0,0.0,0.0,N,Y,08/2022,Analyst
27-3031.00,1.A.3.a.2,Explosive Strength,IM,1.0,8,0.0,1.0,1.0,N,,08/2022,Analyst
27-3031.00,1.A.3.a.2,Explosive Strength,LV,0.0,8,0.0,0.0,0.0,N,Y,08/2022,Analyst
27-3031.00,1.A.3.a.3,Dynamic Strength,IM,1.0,8,0.0,1.0,1.0,N,,08/2022,Analyst
27-3031.00,1.A.3.a.3,Dynamic Strength,LV,0.0,8,0.0,0.0,0.0,N,Y,08/2022,Analyst
27-3031.00,1.A.3.a.4,Trunk Strength,IM,1.62,8,0.183,1.2664,1.9836,N,,08/2022,Analyst
27-3031.00,1.A.3.a.4,Trunk Strength,LV,1.0,8,0.3273,0.3584,1.6416,N,N,08/2022,Analyst
27-3031.00,1.A.3.b.1,Stamina,IM,1.0,8,0.0,1.0,1.0,N,,08/2022,Analyst
27-3031.00,1.A.3.b.1,Stamina,LV,0.0,8,0.0,0.0,0.0,N,Y,08/2022,Analyst
27-3031.00,1.A.3.c.1,Extent Flexibility,IM,1.12,8,0.125,1.0,1.37,N,,08/2022,Analyst
27-3031.00,1.A.3.c.1,Extent Flexibility,LV,0.12,8,0.125,0.0,0.37,N,Y,08/2022,Analyst
27-3031.00,1.A.3.c.2,Dynamic Flexibility,IM,1.0,8,0.0,1.0,1.0,N,,08/2022,Analyst
27-3031.00,1.A.3.c.2,Dynamic Flexibility,LV,0.0,8,0.0,0.0,0.0,N,Y,08/2022,Analyst
27-3031.00,1.A.3.c.3,Gross Body Coordination,IM,1.0,8,0.0,1.0,1.0,N,,08/2022,Analyst
27-3031.00,1.A.3.c.3,Gross Body Coordination,LV,0.0,8,0.0,0.0,0.0,N,Y,08/2022,Analyst
27-3031.00,1.A.3.c.4,Gross Body Equilibrium,IM,1.0,8,0.0,1.0,1.0,N,,08/2022,Analyst
27-3031.00,1.A.3.c.4,Gross Body Equilibrium,LV,0.0,8,0.0,0.0,0.0,N,Y,08/2022,Analyst
27-3031.00,1.A.4.a.1,Near Vision,IM,3.5,8,0.189,3.1296,3.8704,N,,08/2022,Analyst
27-3031.00,1.A.4.a.1,Near Vision,LV,3.62,8,0.183,3.2664,3.9836,N,N,08/2022,Analyst
27-3031.00,1.A.4.a.2,Far Vision,IM,2.5,8,0.189,2.1296,2.8704,N,,08/2022,Analyst
27-3031.00,1.A.4.a.2,Far Vision,LV,2.38,8,0.183,2.0164,2.7336,N,N,08/2022,Analyst
27-3031.00,1.A.4.a.3,Visual Color Discrimination,IM,2.0,8,0.189,1.6296,2.3704,N,,08/2022,Analyst
27-3031.00,1.A.4.a.3,Visual Color Discrimination,LV,1.75,8,0.25,1.26,2.24,N,N,08/2022,Analyst
27-3031.00,1.A.4.a.4,Night Vision,IM,1.0,8,0.0,1.0,1.0,N,,08/2022,Analyst
27-3031.00,1.A.4.a.4,Night Vision,LV,0.0,8,0.0,0.0,0.0,N,Y,08/2022,Analyst
27-3031.00,1.A.4.a.5,Peripheral Vision,IM,1.0,8,0.0,1.0,1.0,N,,08/2022,Analyst
27-3031.00,1.A.4.a.5,Peripheral Vision,LV,0.0,8,0.0,0.0,0.0,N,Y,08/2022,Analyst
27-3031.00,1.A.4.a.6,Depth Perception,IM,1.38,8,0.183,1.0164,1.7336,N,,08/2022,Analyst
27-3031.00,1.A.4.a.6,Depth Perception,LV,0.38,8,0.183,0.0164,0.7336,N,N,08/2022,Analyst
27-3031.00,1.A.4.a.7,Glare Sensitivity,IM,1.0,8,0.0,1.0,1.0,N,,08/2022,Analyst
27-3031.00,1.A.4.a.7,Glare Sensitivity,LV,0.0,8,0.0,0.0,0.0,N,Y,08/2022,Analyst
27-3031.00,1.A.4.b.1,Hearing Sensitivity,IM,1.75,8,0.1637,1.4292,2.0708,N,,08/2022,Analyst
27-3031.00,1.A.4.b.1,Hearing Sensitivity,LV,1.38,8,0.3239,0.7402,2.0098,N,N,08/2022,Analyst
27-3031.00,1.A.4.b.2,Auditory Attention,IM,2.0,8,0.0,2.0,2.0,N,,08/2022,Analyst
27-3031.00,1.A.4.b.2,Auditory Attention,LV,1.88,8,0.125,1.63,2.12,N,N,08/2022,Analyst
27-3031.00,1.A.4.b.3,Sound Localization,IM,1.0,8,0.0,1.0,1.0,N,,08/2022,Analyst
27-3031.00,1.A.4.b.3,Sound Localization,LV,0.0,8,0.0,0.0,0.0,N,Y,08/2022,Analyst
27-3031.00,1.A.4.b.4,Speech Recognition,IM,4.0,8,0.0,4.0,4.0,N,,08/2022,Analyst
27-3031.00,1.A.4.b.4,Speech Recognition,LV,4.0,8,0.0,4.0,4.0,N,N,08/2022,Analyst
27-3031.00,1.A.4.b.5,Speech Clarity,IM,4.0,8,0.0,4.0,4.0,N,,08/2022,Analyst
27-3031.00,1.A.4.b.5,Speech Clarity,LV,4.0,8,0.0,4.0,4.0,N,N,08/2022,Analyst
27-3041.00,1.A.1.a.1,Oral Comprehension,IM,4.0,8,0.0,4.0,4.0,N,,07/2017,Analyst
27-3041.00,1.A.1.a.1,Oral Comprehension,LV,4.25,8,0.1637,3.9292,4.5708,N,N,07/2017,Analyst
27-3041.00,1.A.1.a.2,Written Comprehension,IM,4.88,8,0.125,4.63,5.0,N,,07/2017,Analyst
27-3041.00,1.A.1.a.2,Written Comprehension,LV,4.88,8,0.125,4.63,5.12,N,N,07/2017,Analyst
27-3041.00,1.A.1.a.3,Oral Expression,IM,4.0,8,0.0,4.0,4.0,N,,07/2017,Analyst
27-3041.00,1.A.1.a.3,Oral Expression,LV,4.12,8,0.125,3.88,4.37,N,N,07/2017,Analyst
27-3041.00,1.A.1.a.4,Written Expression,IM,4.62,8,0.183,4.2664,4.9836,N,,07/2017,Analyst
27-3041.00,1.A.1.a.4,Written Expression,LV,5.0,8,0.0,5.0,5.0,N,N,07/2017,Analyst
27-3041.00,1.A.1.b.1,Fluency of Ideas,IM,3.88,8,0.125,3.63,4.12,N,,07/2017,Analyst
27-3041.00,1.A.1.b.1,Fluency of Ideas,LV,4.25,8,0.1637,3.9292,4.5708,N,N,07/2017,Analyst
27-3041.00,1.A.1.b.2,Originality,IM,3.5,8,0.189,3.1296,3.8704,N,,07/2017,Analyst
27-3041.00,1.A.1.b.2,Originality,LV,3.88,8,0.125,3.63,4.12,N,N,07/2017,Analyst
27-3041.00,1.A.1.b.3,Problem Sensitivity,IM,3.38,8,0.183,3.0164,3.7336,N,,07/2017,Analyst
27-3041.00,1.A.1.b.3,Problem Sensitivity,LV,3.38,8,0.183,3.0164,3.7336,N,N,07/2017,Analyst
27-3041.00,1.A.1.b.4,Deductive Reasoning,IM,3.5,8,0.189,3.1296,3.8704,N,,07/2017,Analyst
27-3041.00,1.A.1.b.4,Deductive Reasoning,LV,3.75,8,0.1637,3.4292,4.0708,N,N,07/2017,Analyst
27-3041.00,1.A.1.b.5,Inductive Reasoning,IM,3.38,8,0.183,3.0164,3.7336,N,,07/2017,Analyst
27-3041.00,1.A.1.b.5,Inductive Reasoning,LV,3.62,8,0.183,3.2664,3.9836,N,N,07/2017,Analyst
27-3041.00,1.A.1.b.6,Information Ordering,IM,3.38,8,0.183,3.0164,3.7336,N,,07/2017,Analyst
27-3041.00,1.A.1.b.6,Information Ordering,LV,3.62,8,0.183,3.2664,3.9836,N,N,07/2017,Analyst
27-3041.00,1.A.1.b.7,Category Flexibility,IM,3.62,8,0.183,3.2664,3.9836,N,,07/2017,Analyst
27-3041.00,1.A.1.b.7,Category Flexibility,LV,3.62,8,0.183,3.2664,3.9836,N,N,07/2017,Analyst
27-3041.00,1.A.1.c.1,Mathematical Reasoning,IM,2.12,8,0.125,1.88,2.37,N,,07/2017,Analyst
27-3041.00,1.A.1.c.1,Mathematical Reasoning,LV,1.88,8,0.125,1.63,2.12,N,N,07/2017,Analyst
27-3041.00,1.A.1.c.2,Number Facility,IM,2.0,8,0.0,2.0,2.0,N,,07/2017,Analyst
27-3041.00,1.A.1.c.2,Number Facility,LV,2.12,8,0.125,1.88,2.37,N,N,07/2017,Analyst
27-3041.00,1.A.1.d.1,Memorization,IM,2.62,8,0.183,2.2664,2.9836,N,,07/2017,Analyst
27-3041.00,1.A.1.d.1,Memorization,LV,2.75,8,0.1637,2.4292,3.0708,N,N,07/2017,Analyst
27-3041.00,1.A.1.e.1,Speed of Closure,IM,2.75,8,0.1637,2.4292,3.0708,N,,07/2017,Analyst
27-3041.00,1.A.1.e.1,Speed of Closure,LV,2.75,8,0.1637,2.4292,3.0708,N,N,07/2017,Analyst
27-3041.00,1.A.1.e.2,Flexibility of Closure,IM,3.12,8,0.125,2.88,3.37,N,,07/2017,Analyst
27-3041.00,1.A.1.e.2,Flexibility of Closure,LV,3.62,8,0.183,3.2664,3.9836,N,N,07/2017,Analyst
27-3041.00,1.A.1.e.3,Perceptual Speed,IM,2.88,8,0.125,2.63,3.12,N,,07/2017,Analyst
27-3041.00,1.A.1.e.3,Perceptual Speed,LV,3.25,8,0.1637,2.9292,3.5708,N,N,07/2017,Analyst
27-3041.00,1.A.1.f.1,Spatial Orientation,IM,1.0,8,0.0,1.0,1.0,N,,07/2017,Analyst
27-3041.00,1.A.1.f.1,Spatial Orientation,LV,0.0,8,0.0,0.0,0.0,N,Y,07/2017,Analyst
27-3041.00,1.A.1.f.2,Visualization,IM,2.88,8,0.125,2.63,3.12,N,,07/2017,Analyst
27-3041.00,1.A.1.f.2,Visualization,LV,3.0,8,0.189,2.6296,3.3704,N,N,07/2017,Analyst
27-3041.00,1.A.1.g.1,Selective Attention,IM,3.0,8,0.189,2.6296,3.3704,N,,07/2017,Analyst
27-3041.00,1.A.1.g.1,Selective Attention,LV,3.0,8,0.189,2.6296,3.3704,N,N,07/2017,Analyst
27-3041.00,1.A.1.g.2,Time Sharing,IM,2.5,8,0.189,2.1296,2.8704,N,,07/2017,Analyst
27-3041.00,1.A.1.g.2,Time Sharing,LV,2.38,8,0.183,2.0164,2.7336,N,N,07/2017,Analyst
27-3041.00,1.A.2.a.1,Arm-Hand Steadiness,IM,2.0,8,0.0,2.0,2.0,N,,07/2017,Analyst
27-3041.00,1.A.2.a.1,Arm-Hand Steadiness,LV,1.38,8,0.183,1.0164,1.7336,N,N,07/2017,Analyst
27-3041.00,1.A.2.a.2,Manual Dexterity,IM,2.0,8,0.0,2.0,2.0,N,,07/2017,Analyst
27-3041.00,1.A.2.a.2,Manual Dexterity,LV,1.25,8,0.1637,0.9292,1.5708,N,N,07/2017,Analyst
27-3041.00,1.A.2.a.3,Finger Dexterity,IM,2.5,8,0.189,2.1296,2.8704,N,,07/2017,Analyst
27-3041.00,1.A.2.a.3,Finger Dexterity,LV,2.5,8,0.189,2.1296,2.8704,N,N,07/2017,Analyst
27-3041.00,1.A.2.b.1,Control Precision,IM,1.75,8,0.1637,1.4292,2.0708,N,,07/2017,Analyst
27-3041.00,1.A.2.b.1,Control Precision,LV,0.75,8,0.1637,0.4292,1.0708,N,N,07/2017,Analyst
27-3041.00,1.A.2.b.2,Multilimb Coordination,IM,1.0,8,0.0,1.0,1.0,N,,07/2017,Analyst
27-3041.00,1.A.2.b.2,Multilimb Coordination,LV,0.0,8,0.0,0.0,0.0,N,Y,07/2017,Analyst
27-3041.00,1.A.2.b.3,Response Orientation,IM,1.0,8,0.0,1.0,1.0,N,,07/2017,Analyst
27-3041.00,1.A.2.b.3,Response Orientation,LV,0.0,8,0.0,0.0,0.0,N,Y,07/2017,Analyst
27-3041.00,1.A.2.b.4,Rate Control,IM,1.0,8,0.0,1.0,1.0,N,,07/2017,Analyst
27-3041.00,1.A.2.b.4,Rate Control,LV,0.0,8,0.0,0.0,0.0,N,Y,07/2017,Analyst
27-3041.00,1.A.2.c.1,Reaction Time,IM,1.0,8,0.0,1.0,1.0,N,,07/2017,Analyst
27-3041.00,1.A.2.c.1,Reaction Time,LV,0.0,8,0.0,0.0,0.0,N,Y,07/2017,Analyst
27-3041.00,1.A.2.c.2,Wrist-Finger Speed,IM,1.75,8,0.1637,1.4292,2.0708,N,,07/2017,Analyst
27-3041.00,1.A.2.c.2,Wrist-Finger Speed,LV,0.88,8,0.2266,0.4309,1.3191,N,N,07/2017,Analyst
27-3041.00,1.A.2.c.3,Speed of Limb Movement,IM,1.0,8,0.0,1.0,1.0,N,,07/2017,Analyst
27-3041.00,1.A.2.c.3,Speed of Limb Movement,LV,0.0,8,0.0,0.0,0.0,N,Y,07/2017,Analyst
27-3041.00,1.A.3.a.1,Static Strength,IM,1.0,8,0.0,1.0,1.0,N,,07/2017,Analyst
27-3041.00,1.A.3.a.1,Static Strength,LV,0.0,8,0.0,0.0,0.0,N,Y,07/2017,Analyst
27-3041.00,1.A.3.a.2,Explosive Strength,IM,1.0,8,0.0,1.0,1.0,N,,07/2017,Analyst
27-3041.00,1.A.3.a.2,Explosive Strength,LV,0.0,8,0.0,0.0,0.0,N,Y,07/2017,Analyst
27-3041.00,1.A.3.a.3,Dynamic Strength,IM,1.5,8,0.189,1.1296,1.8704,N,,07/2017,Analyst
27-3041.00,1.A.3.a.3,Dynamic Strength,LV,0.5,8,0.189,0.1296,0.8704,N,N,07/2017,Analyst
27-3041.00,1.A.3.a.4,Trunk Strength,IM,1.75,8,0.1637,1.4292,2.0708,N,,07/2017,Analyst
27-3041.00,1.A.3.a.4,Trunk Strength,LV,1.25,8,0.3134,0.6358,1.8642,N,N,07/2017,Analyst
27-3041.00,1.A.3.b.1,Stamina,IM,1.0,8,0.0,1.0,1.0,N,,07/2017,Analyst
27-3041.00,1.A.3.b.1,Stamina,LV,0.0,8,0.0,0.0,0.0,N,Y,07/2017,Analyst
27-3041.00,1.A.3.c.1,Extent Flexibility,IM,1.0,8,0.0,1.0,1.0,N,,07/2017,Analyst
27-3041.00,1.A.3.c.1,Extent Flexibility,LV,0.0,8,0.0,0.0,0.0,N,Y,07/2017,Analyst
27-3041.00,1.A.3.c.2,Dynamic Flexibility,IM,1.0,8,0.0,1.0,1.0,N,,07/2017,Analyst
27-3041.00,1.A.3.c.2,Dynamic Flexibility,LV,0.0,8,0.0,0.0,0.0,N,Y,07/2017,Analyst
27-3041.00,1.A.3.c.3,Gross Body Coordination,IM,1.0,8,0.0,1.0,1.0,N,,07/2017,Analyst
27-3041.00,1.A.3.c.3,Gross Body Coordination,LV,0.0,8,0.0,0.0,0.0,N,Y,07/2017,Analyst
27-3041.00,1.A.3.c.4,Gross Body Equilibrium,IM,1.0,8,0.0,1.0,1.0,N,,07/2017,Analyst
27-3041.00,1.A.3.c.4,Gross Body Equilibrium,LV,0.0,8,0.0,0.0,0.0,N,Y,07/2017,Analyst
27-3041.00,1.A.4.a.1,Near Vision,IM,3.88,8,0.125,3.63,4.12,N,,07/2017,Analyst
27-3041.00,1.A.4.a.1,Near Vision,LV,4.5,8,0.2673,3.9762,5.0238,N,N,07/2017,Analyst
27-3041.00,1.A.4.a.2,Far Vision,IM,2.62,8,0.183,2.2664,2.9836,N,,07/2017,Analyst
27-3041.00,1.A.4.a.2,Far Vision,LV,2.75,8,0.1637,2.4292,3.0708,N,N,07/2017,Analyst
27-3041.00,1.A.4.a.3,Visual Color Discrimination,IM,2.62,8,0.183,2.2664,2.9836,N,,07/2017,Analyst
27-3041.00,1.A.4.a.3,Visual Color Discrimination,LV,2.62,8,0.183,2.2664,2.9836,N,N,07/2017,Analyst
27-3041.00,1.A.4.a.4,Night Vision,IM,1.0,8,0.0,1.0,1.0,N,,07/2017,Analyst
27-3041.00,1.A.4.a.4,Night Vision,LV,0.0,8,0.0,0.0,0.0,N,Y,07/2017,Analyst
27-3041.00,1.A.4.a.5,Peripheral Vision,IM,1.0,8,0.0,1.0,1.0,N,,07/2017,Analyst
27-3041.00,1.A.4.a.5,Peripheral Vision,LV,0.0,8,0.0,0.0,0.0,N,Y,07/2017,Analyst
27-3041.00,1.A.4.a.6,Depth Perception,IM,1.12,8,0.125,1.0,1.37,N,,07/2017,Analyst
27-3041.00,1.A.4.a.6,Depth Perception,LV,0.12,8,0.125,0.0,0.37,N,Y,07/2017,Analyst
27-3041.00,1.A.4.a.7,Glare Sensitivity,IM,1.0,8,0.0,1.0,1.0,N,,07/2017,Analyst
27-3041.00,1.A.4.a.7,Glare Sensitivity,LV,0.0,8,0.0,0.0,0.0,N,Y,07/2017,Analyst
27-3041.00,1.A.4.b.1,Hearing Sensitivity,IM,1.75,8,0.1637,1.4292,2.0708,N,,07/2017,Analyst
27-3041.00,1.A.4.b.1,Hearing Sensitivity,LV,1.38,8,0.3239,0.7402,2.0098,N,N,07/2017,Analyst
27-3041.00,1.A.4.b.2,Auditory Attention,IM,2.0,8,0.0,2.0,2.0,N,,07/2017,Analyst
27-3041.00,1.A.4.b.2,Auditory Attention,LV,2.0,8,0.0,2.0,2.0,N,N,07/2017,Analyst
27-3041.00,1.A.4.b.3,Sound Localization,IM,1.0,8,0.0,1.0,1.0,N,,07/2017,Analyst
27-3041.00,1.A.4.b.3,Sound Localization,LV,0.0,8,0.0,0.0,0.0,N,Y,07/2017,Analyst
27-3041.00,1.A.4.b.4,Speech Recognition,IM,3.88,8,0.125,3.63,4.12,N,,07/2017,Analyst
27-3041.00,1.A.4.b.4,Speech Recognition,LV,3.88,8,0.125,3.63,4.12,N,N,07/2017,Analyst
27-3041.00,1.A.4.b.5,Speech Clarity,IM,3.88,8,0.125,3.63,4.12,N,,07/2017,Analyst
27-3041.00,1.A.4.b.5,Speech Clarity,LV,3.5,8,0.189,3.1296,3.8704,N,N,07/2017,Analyst
27-3042.00,1.A.1.a.1,Oral Comprehension,IM,3.88,8,0.125,3.63,4.12,N,,07/2012,Analyst
27-3042.00,1.A.1.a.1,Oral Comprehension,LV,4.25,8,0.1637,3.9292,4.5708,N,N,07/2012,Analyst
27-3042.00,1.A.1.a.2,Written Comprehension,IM,4.12,8,0.125,3.88,4.37,N,,07/2012,Analyst
27-3042.00,1.A.1.a.2,Written Comprehension,LV,4.5,8,0.189,4.1296,4.8704,N,N,07/2012,Analyst
27-3042.00,1.A.1.a.3,Oral Expression,IM,3.75,8,0.1637,3.4292,4.0708,N,,07/2012,Analyst
27-3042.00,1.A.1.a.3,Oral Expression,LV,4.12,8,0.125,3.88,4.37,N,N,07/2012,Analyst
27-3042.00,1.A.1.a.4,Written Expression,IM,4.25,8,0.1637,3.9292,4.5708,N,,07/2012,Analyst
27-3042.00,1.A.1.a.4,Written Expression,LV,5.12,8,0.125,4.88,5.37,N,N,07/2012,Analyst
27-3042.00,1.A.1.b.1,Fluency of Ideas,IM,3.0,8,0.0,3.0,3.0,N,,07/2012,Analyst
27-3042.00,1.A.1.b.1,Fluency of Ideas,LV,3.25,8,0.1637,2.9292,3.5708,N,N,07/2012,Analyst
27-3042.00,1.A.1.b.2,Originality,IM,2.88,8,0.125,2.63,3.12,N,,07/2012,Analyst
27-3042.00,1.A.1.b.2,Originality,LV,3.0,8,0.0,3.0,3.0,N,N,07/2012,Analyst
27-3042.00,1.A.1.b.3,Problem Sensitivity,IM,3.38,8,0.2631,2.8594,3.8906,N,,07/2012,Analyst
27-3042.00,1.A.1.b.3,Problem Sensitivity,LV,3.12,8,0.2266,2.6809,3.5691,N,N,07/2012,Analyst
27-3042.00,1.A.1.b.4,Deductive Reasoning,IM,3.75,8,0.1637,3.4292,4.0708,N,,07/2012,Analyst
27-3042.00,1.A.1.b.4,Deductive Reasoning,LV,4.0,8,0.0,4.0,4.0,N,N,07/2012,Analyst
27-3042.00,1.A.1.b.5,Inductive Reasoning,IM,3.38,8,0.183,3.0164,3.7336,N,,07/2012,Analyst
27-3042.00,1.A.1.b.5,Inductive Reasoning,LV,3.12,8,0.125,2.88,3.37,N,N,07/2012,Analyst
27-3042.00,1.A.1.b.6,Information Ordering,IM,3.62,8,0.183,3.2664,3.9836,N,,07/2012,Analyst
27-3042.00,1.A.1.b.6,Information Ordering,LV,4.0,8,0.0,4.0,4.0,N,N,07/2012,Analyst
27-3042.00,1.A.1.b.7,Category Flexibility,IM,3.0,8,0.0,3.0,3.0,N,,07/2012,Analyst
27-3042.00,1.A.1.b.7,Category Flexibility,LV,3.12,8,0.125,2.88,3.37,N,N,07/2012,Analyst
27-3042.00,1.A.1.c.1,Mathematical Reasoning,IM,1.88,8,0.125,1.63,2.12,N,,07/2012,Analyst
27-3042.00,1.A.1.c.1,Mathematical Reasoning,LV,0.88,8,0.125,0.63,1.12,N,N,07/2012,Analyst
27-3042.00,1.A.1.c.2,Number Facility,IM,1.88,8,0.125,1.63,2.12,N,,07/2012,Analyst
27-3042.00,1.A.1.c.2,Number Facility,LV,1.0,8,0.189,0.6296,1.3704,N,N,07/2012,Analyst
27-3042.00,1.A.1.d.1,Memorization,IM,2.0,8,0.0,2.0,2.0,N,,07/2012,Analyst
27-3042.00,1.A.1.d.1,Memorization,LV,1.38,8,0.183,1.0164,1.7336,N,N,07/2012,Analyst
27-3042.00,1.A.1.e.1,Speed of Closure,IM,2.12,8,0.125,1.88,2.37,N,,07/2012,Analyst
27-3042.00,1.A.1.e.1,Speed of Closure,LV,1.38,8,0.183,1.0164,1.7336,N,N,07/2012,Analyst
27-3042.00,1.A.1.e.2,Flexibility of Closure,IM,2.25,8,0.1637,1.9292,2.5708,N,,07/2012,Analyst
27-3042.00,1.A.1.e.2,Flexibility of Closure,LV,2.38,8,0.183,2.0164,2.7336,N,N,07/2012,Analyst
27-3042.00,1.A.1.e.3,Perceptual Speed,IM,2.12,8,0.125,1.88,2.37,N,,07/2012,Analyst
27-3042.00,1.A.1.e.3,Perceptual Speed,LV,1.88,8,0.2266,1.4309,2.3191,N,N,07/2012,Analyst
27-3042.00,1.A.1.f.1,Spatial Orientation,IM,1.25,8,0.1637,1.0,1.5708,N,,07/2012,Analyst
27-3042.00,1.A.1.f.1,Spatial Orientation,LV,0.25,8,0.1637,0.0,0.5708,N,Y,07/2012,Analyst
27-3042.00,1.A.1.f.2,Visualization,IM,3.0,8,0.189,2.6296,3.3704,N,,07/2012,Analyst
27-3042.00,1.A.1.f.2,Visualization,LV,3.25,8,0.1637,2.9292,3.5708,N,N,07/2012,Analyst
27-3042.00,1.A.1.g.1,Selective Attention,IM,2.5,8,0.189,2.1296,2.8704,N,,07/2012,Analyst
27-3042.00,1.A.1.g.1,Selective Attention,LV,2.38,8,0.183,2.0164,2.7336,N,N,07/2012,Analyst
27-3042.00,1.A.1.g.2,Time Sharing,IM,1.88,8,0.125,1.63,2.12,N,,07/2012,Analyst
27-3042.00,1.A.1.g.2,Time Sharing,LV,1.62,8,0.2631,1.1094,2.1406,N,N,07/2012,Analyst
27-3042.00,1.A.2.a.1,Arm-Hand Steadiness,IM,2.0,8,0.0,2.0,2.0,N,,07/2012,Analyst
27-3042.00,1.A.2.a.1,Arm-Hand Steadiness,LV,1.38,8,0.183,1.0164,1.7336,N,N,07/2012,Analyst
27-3042.00,1.A.2.a.2,Manual Dexterity,IM,2.0,8,0.189,1.6296,2.3704,N,,07/2012,Analyst
27-3042.00,1.A.2.a.2,Manual Dexterity,LV,1.0,8,0.189,0.6296,1.3704,N,N,07/2012,Analyst
27-3042.00,1.A.2.a.3,Finger Dexterity,IM,2.38,8,0.2631,1.8594,2.8906,N,,07/2012,Analyst
27-3042.00,1.A.2.a.3,Finger Dexterity,LV,1.88,8,0.295,1.2967,2.4533,N,N,07/2012,Analyst
27-3042.00,1.A.2.b.1,Control Precision,IM,1.38,8,0.183,1.0164,1.7336,N,,07/2012,Analyst
27-3042.00,1.A.2.b.1,Control Precision,LV,0.62,8,0.375,0.0,1.36,N,N,07/2012,Analyst
27-3042.00,1.A.2.b.2,Multilimb Coordination,IM,1.0,8,0.0,1.0,1.0,N,,07/2012,Analyst
27-3042.00,1.A.2.b.2,Multilimb Coordination,LV,0.0,8,0.0,0.0,0.0,N,Y,07/2012,Analyst
27-3042.00,1.A.2.b.3,Response Orientation,IM,1.0,8,0.0,1.0,1.0,N,,07/2012,Analyst
27-3042.00,1.A.2.b.3,Response Orientation,LV,0.0,8,0.0,0.0,0.0,N,Y,07/2012,Analyst
27-3042.00,1.A.2.b.4,Rate Control,IM,1.0,8,0.0,1.0,1.0,N,,07/2012,Analyst
27-3042.00,1.A.2.b.4,Rate Control,LV,0.0,8,0.0,0.0,0.0,N,Y,07/2012,Analyst
27-3042.00,1.A.2.c.1,Reaction Time,IM,1.0,8,0.0,1.0,1.0,N,,07/2012,Analyst
27-3042.00,1.A.2.c.1,Reaction Time,LV,0.0,8,0.0,0.0,0.0,N,Y,07/2012,Analyst
27-3042.00,1.A.2.c.2,Wrist-Finger Speed,IM,1.38,8,0.183,1.0164,1.7336,N,,07/2012,Analyst
27-3042.00,1.A.2.c.2,Wrist-Finger Speed,LV,0.38,8,0.183,0.0164,0.7336,N,N,07/2012,Analyst
27-3042.00,1.A.2.c.3,Speed of Limb Movement,IM,1.0,8,0.0,1.0,1.0,N,,07/2012,Analyst
27-3042.00,1.A.2.c.3,Speed of Limb Movement,LV,0.0,8,0.0,0.0,0.0,N,Y,07/2012,Analyst
27-3042.00,1.A.3.a.1,Static Strength,IM,1.0,8,0.0,1.0,1.0,N,,07/2012,Analyst
27-3042.00,1.A.3.a.1,Static Strength,LV,0.0,8,0.0,0.0,0.0,N,Y,07/2012,Analyst
27-3042.00,1.A.3.a.2,Explosive Strength,IM,1.0,8,0.0,1.0,1.0,N,,07/2012,Analyst
27-3042.00,1.A.3.a.2,Explosive Strength,LV,0.0,8,0.0,0.0,0.0,N,Y,07/2012,Analyst
27-3042.00,1.A.3.a.3,Dynamic Strength,IM,1.0,8,0.0,1.0,1.0,N,,07/2012,Analyst
27-3042.00,1.A.3.a.3,Dynamic Strength,LV,0.0,8,0.0,0.0,0.0,N,Y,07/2012,Analyst
27-3042.00,1.A.3.a.4,Trunk Strength,IM,1.12,8,0.125,1.0,1.37,N,,07/2012,Analyst
27-3042.00,1.A.3.a.4,Trunk Strength,LV,0.25,8,0.25,0.0,0.74,N,Y,07/2012,Analyst
27-3042.00,1.A.3.b.1,Stamina,IM,1.0,8,0.0,1.0,1.0,N,,07/2012,Analyst
27-3042.00,1.A.3.b.1,Stamina,LV,0.0,8,0.0,0.0,0.0,N,Y,07/2012,Analyst
27-3042.00,1.A.3.c.1,Extent Flexibility,IM,1.0,8,0.0,1.0,1.0,N,,07/2012,Analyst
27-3042.00,1.A.3.c.1,Extent Flexibility,LV,0.0,8,0.0,0.0,0.0,N,Y,07/2012,Analyst
27-3042.00,1.A.3.c.2,Dynamic Flexibility,IM,1.0,8,0.0,1.0,1.0,N,,07/2012,Analyst
27-3042.00,1.A.3.c.2,Dynamic Flexibility,LV,0.0,8,0.0,0.0,0.0,N,Y,07/2012,Analyst
27-3042.00,1.A.3.c.3,Gross Body Coordination,IM,1.0,8,0.0,1.0,1.0,N,,07/2012,Analyst
27-3042.00,1.A.3.c.3,Gross Body Coordination,LV,0.0,8,0.0,0.0,0.0,N,Y,07/2012,Analyst
27-3042.00,1.A.3.c.4,Gross Body Equilibrium,IM,1.0,8,0.0,1.0,1.0,N,,07/2012,Analyst
27-3042.00,1.A.3.c.4,Gross Body Equilibrium,LV,0.0,8,0.0,0.0,0.0,N,Y,07/2012,Analyst
27-3042.00,1.A.4.a.1,Near Vision,IM,4.0,8,0.0,4.0,4.0,N,,07/2012,Analyst
27-3042.00,1.A.4.a.1,Near Vision,LV,4.12,8,0.125,3.88,4.37,N,N,07/2012,Analyst
27-3042.00,1.A.4.a.2,Far Vision,IM,2.0,8,0.189,1.6296,2.3704,N,,07/2012,Analyst
27-3042.00,1.A.4.a.2,Far Vision,LV,1.88,8,0.3504,1.1883,2.5617,N,N,07/2012,Analyst
27-3042.00,1.A.4.a.3,Visual Color Discrimination,IM,2.25,8,0.1637,1.9292,2.5708,N,,07/2012,Analyst
27-3042.00,1.A.4.a.3,Visual Color Discrimination,LV,2.0,8,0.378,1.2592,2.7408,N,N,07/2012,Analyst
27-3042.00,1.A.4.a.4,Night Vision,IM,1.0,8,0.0,1.0,1.0,N,,07/2012,Analyst
27-3042.00,1.A.4.a.4,Night Vision,LV,0.0,8,0.0,0.0,0.0,N,Y,07/2012,Analyst
27-3042.00,1.A.4.a.5,Peripheral Vision,IM,1.0,8,0.0,1.0,1.0,N,,07/2012,Analyst
27-3042.00,1.A.4.a.5,Peripheral Vision,LV,0.0,8,0.0,0.0,0.0,N,Y,07/2012,Analyst
27-3042.00,1.A.4.a.6,Depth Perception,IM,1.38,8,0.183,1.0164,1.7336,N,,07/2012,Analyst
27-3042.00,1.A.4.a.6,Depth Perception,LV,0.38,8,0.183,0.0164,0.7336,N,N,07/2012,Analyst
27-3042.00,1.A.4.a.7,Glare Sensitivity,IM,1.0,8,0.0,1.0,1.0,N,,07/2012,Analyst
27-3042.00,1.A.4.a.7,Glare Sensitivity,LV,0.0,8,0.0,0.0,0.0,N,Y,07/2012,Analyst
27-3042.00,1.A.4.b.1,Hearing Sensitivity,IM,1.75,8,0.1637,1.4292,2.0708,N,,07/2012,Analyst
27-3042.00,1.A.4.b.1,Hearing Sensitivity,LV,0.88,8,0.2266,0.4309,1.3191,N,N,07/2012,Analyst
27-3042.00,1.A.4.b.2,Auditory Attention,IM,1.88,8,0.125,1.63,2.12,N,,07/2012,Analyst
27-3042.00,1.A.4.b.2,Auditory Attention,LV,1.75,8,0.3134,1.1358,2.3642,N,N,07/2012,Analyst
27-3042.00,1.A.4.b.3,Sound Localization,IM,1.0,8,0.0,1.0,1.0,N,,07/2012,Analyst
27-3042.00,1.A.4.b.3,Sound Localization,LV,0.0,8,0.0,0.0,0.0,N,Y,07/2012,Analyst
27-3042.00,1.A.4.b.4,Speech Recognition,IM,3.12,8,0.125,2.88,3.37,N,,07/2012,Analyst
27-3042.00,1.A.4.b.4,Speech Recognition,LV,3.0,8,0.189,2.6296,3.3704,N,N,07/2012,Analyst
27-3042.00,1.A.4.b.5,Speech Clarity,IM,3.38,8,0.183,3.0164,3.7336,N,,07/2012,Analyst
27-3042.00,1.A.4.b.5,Speech Clarity,LV,3.0,8,0.0,3.0,3.0,N,N,07/2012,Analyst
27-3043.00,1.A.1.a.1,Oral Comprehension,IM,4.0,8,0.189,3.6296,4.3704,N,,08/2022,Analyst
27-3043.00,1.A.1.a.1,Oral Comprehension,LV,4.25,8,0.25,3.76,4.74,N,N,08/2022,Analyst
27-3043.00,1.A.1.a.2,Written Comprehension,IM,4.12,8,0.2266,3.6809,4.5691,N,,08/2022,Analyst
27-3043.00,1.A.1.a.2,Written Comprehension,LV,4.25,8,0.25,3.76,4.74,N,N,08/2022,Analyst
27-3043.00,1.A.1.a.3,Oral Expression,IM,4.0,8,0.189,3.6296,4.3704,N,,08/2022,Analyst
27-3043.00,1.A.1.a.3,Oral Expression,LV,3.88,8,0.2266,3.4309,4.3191,N,N,08/2022,Analyst
27-3043.00,1.A.1.a.4,Written Expression,IM,4.62,8,0.183,4.2664,4.9836,N,,08/2022,Analyst
27-3043.00,1.A.1.a.4,Written Expression,LV,4.75,8,0.1637,4.4292,5.0708,N,N,08/2022,Analyst
27-3043.00,1.A.1.b.1,Fluency of Ideas,IM,3.88,8,0.2266,3.4309,4.3191,N,,08/2022,Analyst
27-3043.00,1.A.1.b.1,Fluency of Ideas,LV,3.88,8,0.2266,3.4309,4.3191,N,N,08/2022,Analyst
27-3043.00,1.A.1.b.2,Originality,IM,3.88,8,0.2266,3.4309,4.3191,N,,08/2022,Analyst
27-3043.00,1.A.1.b.2,Originality,LV,3.88,8,0.2266,3.4309,4.3191,N,N,08/2022,Analyst
27-3043.00,1.A.1.b.3,Problem Sensitivity,IM,3.0,8,0.189,2.6296,3.3704,N,,08/2022,Analyst
27-3043.00,1.A.1.b.3,Problem Sensitivity,LV,3.38,8,0.2631,2.8594,3.8906,N,N,08/2022,Analyst
27-3043.00,1.A.1.b.4,Deductive Reasoning,IM,3.12,8,0.125,2.88,3.37,N,,08/2022,Analyst
27-3043.00,1.A.1.b.4,Deductive Reasoning,LV,3.38,8,0.183,3.0164,3.7336,N,N,08/2022,Analyst
27-3043.00,1.A.1.b.5,Inductive Reasoning,IM,3.12,8,0.125,2.88,3.37,N,,08/2022,Analyst
27-3043.00,1.A.1.b.5,Inductive Reasoning,LV,3.5,8,0.189,3.1296,3.8704,N,N,08/2022,Analyst
27-3043.00,1.A.1.b.6,Information Ordering,IM,3.0,8,0.0,3.0,3.0,N,,08/2022,Analyst
27-3043.00,1.A.1.b.6,Information Ordering,LV,3.12,8,0.2266,2.6809,3.5691,N,N,08/2022,Analyst
27-3043.00,1.A.1.b.7,Category Flexibility,IM,3.0,8,0.189,2.6296,3.3704,N,,08/2022,Analyst
27-3043.00,1.A.1.b.7,Category Flexibility,LV,3.0,8,0.189,2.6296,3.3704,N,N,08/2022,Analyst
27-3043.00,1.A.1.c.1,Mathematical Reasoning,IM,1.38,8,0.2631,1.0,1.8906,N,,08/2022,Analyst
27-3043.00,1.A.1.c.1,Mathematical Reasoning,LV,0.5,8,0.378,0.0,1.2408,N,Y,08/2022,Analyst
27-3043.00,1.A.1.c.2,Number Facility,IM,1.38,8,0.2631,1.0,1.8906,N,,08/2022,Analyst
27-3043.00,1.A.1.c.2,Number Facility,LV,0.5,8,0.378,0.0,1.2408,N,Y,08/2022,Analyst
27-3043.00,1.A.1.d.1,Memorization,IM,2.38,8,0.183,2.0164,2.7336,N,,08/2022,Analyst
27-3043.00,1.A.1.d.1,Memorization,LV,1.88,8,0.3504,1.1883,2.5617,N,N,08/2022,Analyst
27-3043.00,1.A.1.e.1,Speed of Closure,IM,2.62,8,0.2631,2.1094,3.1406,N,,08/2022,Analyst
27-3043.00,1.A.1.e.1,Speed of Closure,LV,2.62,8,0.2631,2.1094,3.1406,N,N,08/2022,Analyst
27-3043.00,1.A.1.e.2,Flexibility of Closure,IM,2.5,8,0.189,2.1296,2.8704,N,,08/2022,Analyst
27-3043.00,1.A.1.e.2,Flexibility of Closure,LV,2.62,8,0.183,2.2664,2.9836,N,N,08/2022,Analyst
27-3043.00,1.A.1.e.3,Perceptual Speed,IM,2.0,8,0.0,2.0,2.0,N,,08/2022,Analyst
27-3043.00,1.A.1.e.3,Perceptual Speed,LV,1.75,8,0.25,1.26,2.24,N,N,08/2022,Analyst
27-3043.00,1.A.1.f.1,Spatial Orientation,IM,1.25,8,0.1637,1.0,1.5708,N,,08/2022,Analyst
27-3043.00,1.A.1.f.1,Spatial Orientation,LV,0.38,8,0.2631,0.0,0.8906,N,Y,08/2022,Analyst
27-3043.00,1.A.1.f.2,Visualization,IM,2.38,8,0.183,2.0164,2.7336,N,,08/2022,Analyst
27-3043.00,1.A.1.f.2,Visualization,LV,2.5,8,0.3273,1.8584,3.1416,N,N,08/2022,Analyst
27-3043.00,1.A.1.g.1,Selective Attention,IM,2.75,8,0.1637,2.4292,3.0708,N,,08/2022,Analyst
27-3043.00,1.A.1.g.1,Selective Attention,LV,2.5,8,0.189,2.1296,2.8704,N,N,08/2022,Analyst
27-3043.00,1.A.1.g.2,Time Sharing,IM,2.5,8,0.2673,1.9762,3.0238,N,,08/2022,Analyst
27-3043.00,1.A.1.g.2,Time Sharing,LV,2.0,8,0.3273,1.3584,2.6416,N,N,08/2022,Analyst
27-3043.00,1.A.2.a.1,Arm-Hand Steadiness,IM,1.25,8,0.1637,1.0,1.5708,N,,08/2022,Analyst
27-3043.00,1.A.2.a.1,Arm-Hand Steadiness,LV,0.25,8,0.1637,0.0,0.5708,N,Y,08/2022,Analyst
27-3043.00,1.A.2.a.2,Manual Dexterity,IM,1.12,8,0.125,1.0,1.37,N,,08/2022,Analyst
27-3043.00,1.A.2.a.2,Manual Dexterity,LV,0.12,8,0.125,0.0,0.37,N,Y,08/2022,Analyst
27-3043.00,1.A.2.a.3,Finger Dexterity,IM,1.38,8,0.183,1.0164,1.7336,N,,08/2022,Analyst
27-3043.00,1.A.2.a.3,Finger Dexterity,LV,0.5,8,0.2673,0.0,1.0238,N,N,08/2022,Analyst
27-3043.00,1.A.2.b.1,Control Precision,IM,1.25,8,0.1637,1.0,1.5708,N,,08/2022,Analyst
27-3043.00,1.A.2.b.1,Control Precision,LV,0.25,8,0.1637,0.0,0.5708,N,Y,08/2022,Analyst
27-3043.00,1.A.2.b.2,Multilimb Coordination,IM,1.25,8,0.1637,1.0,1.5708,N,,08/2022,Analyst
27-3043.00,1.A.2.b.2,Multilimb Coordination,LV,0.25,8,0.1637,0.0,0.5708,N,Y,08/2022,Analyst
27-3043.00,1.A.2.b.3,Response Orientation,IM,1.12,8,0.125,1.0,1.37,N,,08/2022,Analyst
27-3043.00,1.A.2.b.3,Response Orientation,LV,0.12,8,0.125,0.0,0.37,N,Y,08/2022,Analyst
27-3043.00,1.A.2.b.4,Rate Control,IM,1.12,8,0.125,1.0,1.37,N,,08/2022,Analyst
27-3043.00,1.A.2.b.4,Rate Control,LV,0.12,8,0.125,0.0,0.37,N,Y,08/2022,Analyst
27-3043.00,1.A.2.c.1,Reaction Time,IM,1.12,8,0.125,1.0,1.37,N,,08/2022,Analyst
27-3043.00,1.A.2.c.1,Reaction Time,LV,0.12,8,0.125,0.0,0.37,N,Y,08/2022,Analyst
27-3043.00,1.A.2.c.2,Wrist-Finger Speed,IM,1.38,8,0.183,1.0164,1.7336,N,,08/2022,Analyst
27-3043.00,1.A.2.c.2,Wrist-Finger Speed,LV,1.0,8,0.6268,0.0,2.2285,Y,N,08/2022,Analyst
27-3043.00,1.A.2.c.3,Speed of Limb Movement,IM,1.12,8,0.125,1.0,1.37,N,,08/2022,Analyst
27-3043.00,1.A.2.c.3,Speed of Limb Movement,LV,0.12,8,0.125,0.0,0.37,N,Y,08/2022,Analyst
27-3043.00,1.A.3.a.1,Static Strength,IM,1.12,8,0.125,1.0,1.37,N,,08/2022,Analyst
27-3043.00,1.A.3.a.1,Static Strength,LV,0.12,8,0.125,0.0,0.37,N,Y,08/2022,Analyst
27-3043.00,1.A.3.a.2,Explosive Strength,IM,1.12,8,0.125,1.0,1.37,N,,08/2022,Analyst
27-3043.00,1.A.3.a.2,Explosive Strength,LV,0.12,8,0.125,0.0,0.37,N,Y,08/2022,Analyst
27-3043.00,1.A.3.a.3,Dynamic Strength,IM,1.12,8,0.125,1.0,1.37,N,,08/2022,Analyst
27-3043.00,1.A.3.a.3,Dynamic Strength,LV,0.12,8,0.125,0.0,0.37,N,Y,08/2022,Analyst
27-3043.00,1.A.3.a.4,Trunk Strength,IM,2.0,8,0.0,2.0,2.0,N,,08/2022,Analyst
27-3043.00,1.A.3.a.4,Trunk Strength,LV,1.75,8,0.1637,1.4292,2.0708,N,N,08/2022,Analyst
27-3043.00,1.A.3.b.1,Stamina,IM,1.12,8,0.125,1.0,1.37,N,,08/2022,Analyst
27-3043.00,1.A.3.b.1,Stamina,LV,0.12,8,0.125,0.0,0.37,N,Y,08/2022,Analyst
27-3043.00,1.A.3.c.1,Extent Flexibility,IM,1.12,8,0.125,1.0,1.37,N,,08/2022,Analyst
27-3043.00,1.A.3.c.1,Extent Flexibility,LV,0.12,8,0.125,0.0,0.37,N,Y,08/2022,Analyst
27-3043.00,1.A.3.c.2,Dynamic Flexibility,IM,1.12,8,0.125,1.0,1.37,N,,08/2022,Analyst
27-3043.00,1.A.3.c.2,Dynamic Flexibility,LV,0.12,8,0.125,0.0,0.37,N,Y,08/2022,Analyst
27-3043.00,1.A.3.c.3,Gross Body Coordination,IM,1.12,8,0.125,1.0,1.37,N,,08/2022,Analyst
27-3043.00,1.A.3.c.3,Gross Body Coordination,LV,0.12,8,0.125,0.0,0.37,N,Y,08/2022,Analyst
27-3043.00,1.A.3.c.4,Gross Body Equilibrium,IM,1.12,8,0.125,1.0,1.37,N,,08/2022,Analyst
27-3043.00,1.A.3.c.4,Gross Body Equilibrium,LV,0.12,8,0.125,0.0,0.37,N,Y,08/2022,Analyst
27-3043.00,1.A.4.a.1,Near Vision,IM,3.38,8,0.183,3.0164,3.7336,N,,08/2022,Analyst
27-3043.00,1.A.4.a.1,Near Vision,LV,3.75,8,0.1637,3.4292,4.0708,N,N,08/2022,Analyst
27-3043.00,1.A.4.a.2,Far Vision,IM,2.38,8,0.183,2.0164,2.7336,N,,08/2022,Analyst
27-3043.00,1.A.4.a.2,Far Vision,LV,2.5,8,0.189,2.1296,2.8704,N,N,08/2022,Analyst
27-3043.00,1.A.4.a.3,Visual Color Discrimination,IM,2.12,8,0.125,1.88,2.37,N,,08/2022,Analyst
27-3043.00,1.A.4.a.3,Visual Color Discrimination,LV,1.62,8,0.183,1.2664,1.9836,N,N,08/2022,Analyst
27-3043.00,1.A.4.a.4,Night Vision,IM,1.0,8,0.0,1.0,1.0,N,,08/2022,Analyst
27-3043.00,1.A.4.a.4,Night Vision,LV,0.0,8,0.0,0.0,0.0,N,Y,08/2022,Analyst
27-3043.00,1.A.4.a.5,Peripheral Vision,IM,1.0,8,0.0,1.0,1.0,N,,08/2022,Analyst
27-3043.00,1.A.4.a.5,Peripheral Vision,LV,0.0,8,0.0,0.0,0.0,N,Y,08/2022,Analyst
27-3043.00,1.A.4.a.6,Depth Perception,IM,1.0,8,0.0,1.0,1.0,N,,08/2022,Analyst
27-3043.00,1.A.4.a.6,Depth Perception,LV,0.0,8,0.0,0.0,0.0,N,Y,08/2022,Analyst
27-3043.00,1.A.4.a.7,Glare Sensitivity,IM,1.0,8,0.0,1.0,1.0,N,,08/2022,Analyst
27-3043.00,1.A.4.a.7,Glare Sensitivity,LV,0.0,8,0.0,0.0,0.0,N,Y,08/2022,Analyst
27-3043.00,1.A.4.b.1,Hearing Sensitivity,IM,1.5,8,0.189,1.1296,1.8704,N,,08/2022,Analyst
27-3043.00,1.A.4.b.1,Hearing Sensitivity,LV,0.75,8,0.3134,0.1358,1.3642,N,N,08/2022,Analyst
27-3043.00,1.A.4.b.2,Auditory Attention,IM,2.0,8,0.189,1.6296,2.3704,N,,08/2022,Analyst
27-3043.00,1.A.4.b.2,Auditory Attention,LV,1.5,8,0.2673,0.9762,2.0238,N,N,08/2022,Analyst
27-3043.00,1.A.4.b.3,Sound Localization,IM,1.0,8,0.0,1.0,1.0,N,,08/2022,Analyst
27-3043.00,1.A.4.b.3,Sound Localization,LV,0.0,8,0.0,0.0,0.0,N,Y,08/2022,Analyst
27-3043.00,1.A.4.b.4,Speech Recognition,IM,3.62,8,0.183,3.2664,3.9836,N,,08/2022,Analyst
27-3043.00,1.A.4.b.4,Speech Recognition,LV,3.62,8,0.183,3.2664,3.9836,N,N,08/2022,Analyst
27-3043.00,1.A.4.b.5,Speech Clarity,IM,3.62,8,0.183,3.2664,3.9836,N,,08/2022,Analyst
27-3043.00,1.A.4.b.5,Speech Clarity,LV,3.5,8,0.189,3.1296,3.8704,N,N,08/2022,Analyst
27-3043.05,1.A.1.a.1,Oral Comprehension,IM,3.88,8,0.125,3.63,4.12,N,,08/2024,Analyst
27-3043.05,1.A.1.a.1,Oral Comprehension,LV,4.0,8,0.0,4.0,4.0,N,N,08/2024,Analyst
27-3043.05,1.A.1.a.2,Written Comprehension,IM,4.12,8,0.2266,3.6809,4.5691,N,,08/2024,Analyst
27-3043.05,1.A.1.a.2,Written Comprehension,LV,4.25,8,0.1637,3.9292,4.5708,N,N,08/2024,Analyst
27-3043.05,1.A.1.a.3,Oral Expression,IM,3.75,8,0.1637,3.4292,4.0708,N,,08/2024,Analyst
27-3043.05,1.A.1.a.3,Oral Expression,LV,4.12,8,0.125,3.88,4.37,N,N,08/2024,Analyst
27-3043.05,1.A.1.a.4,Written Expression,IM,4.75,8,0.1637,4.4292,5.0,N,,08/2024,Analyst
27-3043.05,1.A.1.a.4,Written Expression,LV,4.62,8,0.2631,4.1094,5.1406,N,N,08/2024,Analyst
27-3043.05,1.A.1.b.1,Fluency of Ideas,IM,4.25,8,0.25,3.76,4.74,N,,08/2024,Analyst
27-3043.05,1.A.1.b.1,Fluency of Ideas,LV,4.25,8,0.25,3.76,4.74,N,N,08/2024,Analyst
27-3043.05,1.A.1.b.2,Originality,IM,4.12,8,0.2266,3.6809,4.5691,N,,08/2024,Analyst
27-3043.05,1.A.1.b.2,Originality,LV,4.5,8,0.2673,3.9762,5.0238,N,N,08/2024,Analyst
27-3043.05,1.A.1.b.3,Problem Sensitivity,IM,2.88,8,0.125,2.63,3.12,N,,08/2024,Analyst
27-3043.05,1.A.1.b.3,Problem Sensitivity,LV,3.5,8,0.189,3.1296,3.8704,N,N,08/2024,Analyst
27-3043.05,1.A.1.b.4,Deductive Reasoning,IM,3.12,8,0.125,2.88,3.37,N,,08/2024,Analyst
27-3043.05,1.A.1.b.4,Deductive Reasoning,LV,3.5,8,0.189,3.1296,3.8704,N,N,08/2024,Analyst
27-3043.05,1.A.1.b.5,Inductive Reasoning,IM,3.38,8,0.183,3.0164,3.7336,N,,08/2024,Analyst
27-3043.05,1.A.1.b.5,Inductive Reasoning,LV,3.5,8,0.189,3.1296,3.8704,N,N,08/2024,Analyst
27-3043.05,1.A.1.b.6,Information Ordering,IM,3.12,8,0.125,2.88,3.37,N,,08/2024,Analyst
27-3043.05,1.A.1.b.6,Information Ordering,LV,3.38,8,0.183,3.0164,3.7336,N,N,08/2024,Analyst
27-3043.05,1.A.1.b.7,Category Flexibility,IM,3.12,8,0.125,2.88,3.37,N,,08/2024,Analyst
27-3043.05,1.A.1.b.7,Category Flexibility,LV,3.0,8,0.0,3.0,3.0,N,N,08/2024,Analyst
27-3043.05,1.A.1.c.1,Mathematical Reasoning,IM,1.88,8,0.125,1.63,2.12,N,,08/2024,Analyst
27-3043.05,1.A.1.c.1,Mathematical Reasoning,LV,1.0,8,0.189,0.6296,1.3704,N,N,08/2024,Analyst
27-3043.05,1.A.1.c.2,Number Facility,IM,1.88,8,0.125,1.63,2.12,N,,08/2024,Analyst
27-3043.05,1.A.1.c.2,Number Facility,LV,1.0,8,0.189,0.6296,1.3704,N,N,08/2024,Analyst
27-3043.05,1.A.1.d.1,Memorization,IM,2.0,8,0.0,2.0,2.0,N,,08/2024,Analyst
27-3043.05,1.A.1.d.1,Memorization,LV,2.12,8,0.125,1.88,2.37,N,N,08/2024,Analyst
27-3043.05,1.A.1.e.1,Speed of Closure,IM,2.38,8,0.183,2.0164,2.7336,N,,08/2024,Analyst
27-3043.05,1.A.1.e.1,Speed of Closure,LV,2.62,8,0.183,2.2664,2.9836,N,N,08/2024,Analyst
27-3043.05,1.A.1.e.2,Flexibility of Closure,IM,2.75,8,0.1637,2.4292,3.0708,N,,08/2024,Analyst
27-3043.05,1.A.1.e.2,Flexibility of Closure,LV,2.75,8,0.1637,2.4292,3.0708,N,N,08/2024,Analyst
27-3043.05,1.A.1.e.3,Perceptual Speed,IM,1.88,8,0.125,1.63,2.12,N,,08/2024,Analyst
27-3043.05,1.A.1.e.3,Perceptual Speed,LV,1.75,8,0.25,1.26,2.24,N,N,08/2024,Analyst
27-3043.05,1.A.1.f.1,Spatial Orientation,IM,1.0,8,0.0,1.0,1.0,N,,08/2024,Analyst
27-3043.05,1.A.1.f.1,Spatial Orientation,LV,0.0,8,0.0,0.0,0.0,N,Y,08/2024,Analyst
27-3043.05,1.A.1.f.2,Visualization,IM,2.5,8,0.189,2.1296,2.8704,N,,08/2024,Analyst
27-3043.05,1.A.1.f.2,Visualization,LV,2.75,8,0.1637,2.4292,3.0708,N,N,08/2024,Analyst
27-3043.05,1.A.1.g.1,Selective Attention,IM,3.0,8,0.0,3.0,3.0,N,,08/2024,Analyst
27-3043.05,1.A.1.g.1,Selective Attention,LV,3.0,8,0.0,3.0,3.0,N,N,08/2024,Analyst
27-3043.05,1.A.1.g.2,Time Sharing,IM,1.88,8,0.125,1.63,2.12,N,,08/2024,Analyst
27-3043.05,1.A.1.g.2,Time Sharing,LV,1.12,8,0.2266,0.6809,1.5691,N,N,08/2024,Analyst
27-3043.05,1.A.2.a.1,Arm-Hand Steadiness,IM,2.0,8,0.0,2.0,2.0,N,,08/2024,Analyst
27-3043.05,1.A.2.a.1,Arm-Hand Steadiness,LV,1.5,8,0.189,1.1296,1.8704,N,N,08/2024,Analyst
27-3043.05,1.A.2.a.2,Manual Dexterity,IM,2.0,8,0.0,2.0,2.0,N,,08/2024,Analyst
27-3043.05,1.A.2.a.2,Manual Dexterity,LV,1.62,8,0.183,1.2664,1.9836,N,N,08/2024,Analyst
27-3043.05,1.A.2.a.3,Finger Dexterity,IM,2.5,8,0.189,2.1296,2.8704,N,,08/2024,Analyst
27-3043.05,1.A.2.a.3,Finger Dexterity,LV,2.25,8,0.25,1.76,2.74,N,N,08/2024,Analyst
27-3043.05,1.A.2.b.1,Control Precision,IM,1.75,8,0.1637,1.4292,2.0708,N,,08/2024,Analyst
27-3043.05,1.A.2.b.1,Control Precision,LV,0.88,8,0.2266,0.4309,1.3191,N,N,08/2024,Analyst
27-3043.05,1.A.2.b.2,Multilimb Coordination,IM,1.0,8,0.0,1.0,1.0,N,,08/2024,Analyst
27-3043.05,1.A.2.b.2,Multilimb Coordination,LV,0.0,8,0.0,0.0,0.0,N,Y,08/2024,Analyst
27-3043.05,1.A.2.b.3,Response Orientation,IM,1.0,8,0.0,1.0,1.0,N,,08/2024,Analyst
27-3043.05,1.A.2.b.3,Response Orientation,LV,0.0,8,0.0,0.0,0.0,N,Y,08/2024,Analyst
27-3043.05,1.A.2.b.4,Rate Control,IM,1.0,8,0.0,1.0,1.0,N,,08/2024,Analyst
27-3043.05,1.A.2.b.4,Rate Control,LV,0.0,8,0.0,0.0,0.0,N,Y,08/2024,Analyst
27-3043.05,1.A.2.c.1,Reaction Time,IM,1.0,8,0.0,1.0,1.0,N,,08/2024,Analyst
27-3043.05,1.A.2.c.1,Reaction Time,LV,0.0,8,0.0,0.0,0.0,N,Y,08/2024,Analyst
27-3043.05,1.A.2.c.2,Wrist-Finger Speed,IM,2.0,8,0.189,1.6296,2.3704,N,,08/2024,Analyst
27-3043.05,1.A.2.c.2,Wrist-Finger Speed,LV,1.25,8,0.25,0.76,1.74,N,N,08/2024,Analyst
27-3043.05,1.A.2.c.3,Speed of Limb Movement,IM,1.0,8,0.0,1.0,1.0,N,,08/2024,Analyst
27-3043.05,1.A.2.c.3,Speed of Limb Movement,LV,0.0,8,0.0,0.0,0.0,N,Y,08/2024,Analyst
27-3043.05,1.A.3.a.1,Static Strength,IM,1.0,8,0.0,1.0,1.0,N,,08/2024,Analyst
27-3043.05,1.A.3.a.1,Static Strength,LV,0.0,8,0.0,0.0,0.0,N,Y,08/2024,Analyst
27-3043.05,1.A.3.a.2,Explosive Strength,IM,1.0,8,0.0,1.0,1.0,N,,08/2024,Analyst
27-3043.05,1.A.3.a.2,Explosive Strength,LV,0.0,8,0.0,0.0,0.0,N,Y,08/2024,Analyst
27-3043.05,1.A.3.a.3,Dynamic Strength,IM,1.62,8,0.183,1.2664,1.9836,N,,08/2024,Analyst
27-3043.05,1.A.3.a.3,Dynamic Strength,LV,0.62,8,0.183,0.2664,0.9836,N,N,08/2024,Analyst
27-3043.05,1.A.3.a.4,Trunk Strength,IM,2.0,8,0.0,2.0,2.0,N,,08/2024,Analyst
27-3043.05,1.A.3.a.4,Trunk Strength,LV,1.38,8,0.183,1.0164,1.7336,N,N,08/2024,Analyst
27-3043.05,1.A.3.b.1,Stamina,IM,1.0,8,0.0,1.0,1.0,N,,08/2024,Analyst
27-3043.05,1.A.3.b.1,Stamina,LV,0.0,8,0.0,0.0,0.0,N,Y,08/2024,Analyst
27-3043.05,1.A.3.c.1,Extent Flexibility,IM,1.0,8,0.0,1.0,1.0,N,,08/2024,Analyst
27-3043.05,1.A.3.c.1,Extent Flexibility,LV,0.0,8,0.0,0.0,0.0,N,Y,08/2024,Analyst
27-3043.05,1.A.3.c.2,Dynamic Flexibility,IM,1.0,8,0.0,1.0,1.0,N,,08/2024,Analyst
27-3043.05,1.A.3.c.2,Dynamic Flexibility,LV,0.0,8,0.0,0.0,0.0,N,Y,08/2024,Analyst
27-3043.05,1.A.3.c.3,Gross Body Coordination,IM,1.0,8,0.0,1.0,1.0,N,,08/2024,Analyst
27-3043.05,1.A.3.c.3,Gross Body Coordination,LV,0.0,8,0.0,0.0,0.0,N,Y,08/2024,Analyst
27-3043.05,1.A.3.c.4,Gross Body Equilibrium,IM,1.0,8,0.0,1.0,1.0,N,,08/2024,Analyst
27-3043.05,1.A.3.c.4,Gross Body Equilibrium,LV,0.0,8,0.0,0.0,0.0,N,Y,08/2024,Analyst
27-3043.05,1.A.4.a.1,Near Vision,IM,3.88,8,0.125,3.63,4.12,N,,08/2024,Analyst
27-3043.05,1.A.4.a.1,Near Vision,LV,3.88,8,0.125,3.63,4.12,N,N,08/2024,Analyst
27-3043.05,1.A.4.a.2,Far Vision,IM,2.75,8,0.1637,2.4292,3.0708,N,,08/2024,Analyst
27-3043.05,1.A.4.a.2,Far Vision,LV,2.88,8,0.125,2.63,3.12,N,N,08/2024,Analyst
27-3043.05,1.A.4.a.3,Visual Color Discrimination,IM,1.88,8,0.125,1.63,2.12,N,,08/2024,Analyst
27-3043.05,1.A.4.a.3,Visual Color Discrimination,LV,1.38,8,0.2631,0.8594,1.8906,N,N,08/2024,Analyst
27-3043.05,1.A.4.a.4,Night Vision,IM,1.0,8,0.0,1.0,1.0,N,,08/2024,Analyst
27-3043.05,1.A.4.a.4,Night Vision,LV,0.0,8,0.0,0.0,0.0,N,Y,08/2024,Analyst
27-3043.05,1.A.4.a.5,Peripheral Vision,IM,1.0,8,0.0,1.0,1.0,N,,08/2024,Analyst
27-3043.05,1.A.4.a.5,Peripheral Vision,LV,0.0,8,0.0,0.0,0.0,N,Y,08/2024,Analyst
27-3043.05,1.A.4.a.6,Depth Perception,IM,1.0,8,0.0,1.0,1.0,N,,08/2024,Analyst
27-3043.05,1.A.4.a.6,Depth Perception,LV,0.0,8,0.0,0.0,0.0,N,Y,08/2024,Analyst
27-3043.05,1.A.4.a.7,Glare Sensitivity,IM,1.0,8,0.0,1.0,1.0,N,,08/2024,Analyst
27-3043.05,1.A.4.a.7,Glare Sensitivity,LV,0.0,8,0.0,0.0,0.0,N,Y,08/2024,Analyst
27-3043.05,1.A.4.b.1,Hearing Sensitivity,IM,1.88,8,0.125,1.63,2.12,N,,08/2024,Analyst
27-3043.05,1.A.4.b.1,Hearing Sensitivity,LV,1.62,8,0.2631,1.1094,2.1406,N,N,08/2024,Analyst
27-3043.05,1.A.4.b.2,Auditory Attention,IM,1.88,8,0.125,1.63,2.12,N,,08/2024,Analyst
27-3043.05,1.A.4.b.2,Auditory Attention,LV,0.88,8,0.125,0.63,1.12,N,N,08/2024,Analyst
27-3043.05,1.A.4.b.3,Sound Localization,IM,1.0,8,0.0,1.0,1.0,N,,08/2024,Analyst
27-3043.05,1.A.4.b.3,Sound Localization,LV,0.0,8,0.0,0.0,0.0,N,Y,08/2024,Analyst
27-3043.05,1.A.4.b.4,Speech Recognition,IM,3.0,8,0.0,3.0,3.0,N,,08/2024,Analyst
27-3043.05,1.A.4.b.4,Speech Recognition,LV,3.0,8,0.0,3.0,3.0,N,N,08/2024,Analyst
27-3043.05,1.A.4.b.5,Speech Clarity,IM,3.0,8,0.0,3.0,3.0,N,,08/2024,Analyst
27-3043.05,1.A.4.b.5,Speech Clarity,LV,3.62,8,0.183,3.2664,3.9836,N,N,08/2024,Analyst
27-3091.00,1.A.1.a.1,Oral Comprehension,IM,4.12,8,0.125,3.88,4.37,N,,08/2021,Analyst
27-3091.00,1.A.1.a.1,Oral Comprehension,LV,4.5,8,0.189,4.1296,4.8704,N,N,08/2021,Analyst
27-3091.00,1.A.1.a.2,Written Comprehension,IM,4.0,8,0.0,4.0,4.0,N,,08/2021,Analyst
27-3091.00,1.A.1.a.2,Written Comprehension,LV,4.0,8,0.0,4.0,4.0,N,N,08/2021,Analyst
27-3091.00,1.A.1.a.3,Oral Expression,IM,4.25,8,0.1637,3.9292,4.5708,N,,08/2021,Analyst
27-3091.00,1.A.1.a.3,Oral Expression,LV,4.75,8,0.1637,4.4292,5.0708,N,N,08/2021,Analyst
27-3091.00,1.A.1.a.4,Written Expression,IM,4.0,8,0.0,4.0,4.0,N,,08/2021,Analyst
27-3091.00,1.A.1.a.4,Written Expression,LV,4.0,8,0.0,4.0,4.0,N,N,08/2021,Analyst
27-3091.00,1.A.1.b.1,Fluency of Ideas,IM,3.0,8,0.0,3.0,3.0,N,,08/2021,Analyst
27-3091.00,1.A.1.b.1,Fluency of Ideas,LV,3.0,8,0.0,3.0,3.0,N,N,08/2021,Analyst
27-3091.00,1.A.1.b.2,Originality,IM,3.0,8,0.0,3.0,3.0,N,,08/2021,Analyst
27-3091.00,1.A.1.b.2,Originality,LV,3.0,8,0.0,3.0,3.0,N,N,08/2021,Analyst
27-3091.00,1.A.1.b.3,Problem Sensitivity,IM,3.62,8,0.183,3.2664,3.9836,N,,08/2021,Analyst
27-3091.00,1.A.1.b.3,Problem Sensitivity,LV,3.62,8,0.183,3.2664,3.9836,N,N,08/2021,Analyst
27-3091.00,1.A.1.b.4,Deductive Reasoning,IM,3.12,8,0.125,2.88,3.37,N,,08/2021,Analyst
27-3091.00,1.A.1.b.4,Deductive Reasoning,LV,3.12,8,0.125,2.88,3.37,N,N,08/2021,Analyst
27-3091.00,1.A.1.b.5,Inductive Reasoning,IM,3.0,8,0.0,3.0,3.0,N,,08/2021,Analyst
27-3091.00,1.A.1.b.5,Inductive Reasoning,LV,3.0,8,0.0,3.0,3.0,N,N,08/2021,Analyst
27-3091.00,1.A.1.b.6,Information Ordering,IM,3.75,8,0.1637,3.4292,4.0708,N,,08/2021,Analyst
27-3091.00,1.A.1.b.6,Information Ordering,LV,3.62,8,0.183,3.2664,3.9836,N,N,08/2021,Analyst
27-3091.00,1.A.1.b.7,Category Flexibility,IM,3.0,8,0.0,3.0,3.0,N,,08/2021,Analyst
27-3091.00,1.A.1.b.7,Category Flexibility,LV,3.0,8,0.0,3.0,3.0,N,N,08/2021,Analyst
27-3091.00,1.A.1.c.1,Mathematical Reasoning,IM,2.0,8,0.0,2.0,2.0,N,,08/2021,Analyst
27-3091.00,1.A.1.c.1,Mathematical Reasoning,LV,1.12,8,0.125,0.88,1.37,N,N,08/2021,Analyst
27-3091.00,1.A.1.c.2,Number Facility,IM,2.0,8,0.0,2.0,2.0,N,,08/2021,Analyst
27-3091.00,1.A.1.c.2,Number Facility,LV,1.12,8,0.125,0.88,1.37,N,N,08/2021,Analyst
27-3091.00,1.A.1.d.1,Memorization,IM,2.88,8,0.125,2.63,3.12,N,,08/2021,Analyst
27-3091.00,1.A.1.d.1,Memorization,LV,2.75,8,0.1637,2.4292,3.0708,N,N,08/2021,Analyst
27-3091.00,1.A.1.e.1,Speed of Closure,IM,3.0,8,0.189,2.6296,3.3704,N,,08/2021,Analyst
27-3091.00,1.A.1.e.1,Speed of Closure,LV,3.0,8,0.0,3.0,3.0,N,N,08/2021,Analyst
27-3091.00,1.A.1.e.2,Flexibility of Closure,IM,2.88,8,0.125,2.63,3.12,N,,08/2021,Analyst
27-3091.00,1.A.1.e.2,Flexibility of Closure,LV,3.0,8,0.0,3.0,3.0,N,N,08/2021,Analyst
27-3091.00,1.A.1.e.3,Perceptual Speed,IM,2.88,8,0.125,2.63,3.12,N,,08/2021,Analyst
27-3091.00,1.A.1.e.3,Perceptual Speed,LV,3.0,8,0.0,3.0,3.0,N,N,08/2021,Analyst
27-3091.00,1.A.1.f.1,Spatial Orientation,IM,1.0,8,0.0,1.0,1.0,N,,08/2021,Analyst
27-3091.00,1.A.1.f.1,Spatial Orientation,LV,0.0,8,0.0,0.0,0.0,N,Y,08/2021,Analyst
27-3091.00,1.A.1.f.2,Visualization,IM,2.75,8,0.1637,2.4292,3.0708,N,,08/2021,Analyst
27-3091.00,1.A.1.f.2,Visualization,LV,2.12,8,0.125,1.88,2.37,N,N,08/2021,Analyst
27-3091.00,1.A.1.g.1,Selective Attention,IM,3.12,8,0.125,2.88,3.37,N,,08/2021,Analyst
27-3091.00,1.A.1.g.1,Selective Attention,LV,3.62,8,0.183,3.2664,3.9836,N,N,08/2021,Analyst
27-3091.00,1.A.1.g.2,Time Sharing,IM,3.0,8,0.0,3.0,3.0,N,,08/2021,Analyst
27-3091.00,1.A.1.g.2,Time Sharing,LV,3.0,8,0.0,3.0,3.0,N,N,08/2021,Analyst
27-3091.00,1.A.2.a.1,Arm-Hand Steadiness,IM,1.75,8,0.1637,1.4292,2.0708,N,,08/2021,Analyst
27-3091.00,1.A.2.a.1,Arm-Hand Steadiness,LV,0.88,8,0.2266,0.4309,1.3191,N,N,08/2021,Analyst
27-3091.00,1.A.2.a.2,Manual Dexterity,IM,1.5,8,0.189,1.1296,1.8704,N,,08/2021,Analyst
27-3091.00,1.A.2.a.2,Manual Dexterity,LV,0.5,8,0.189,0.1296,0.8704,N,N,08/2021,Analyst
27-3091.00,1.A.2.a.3,Finger Dexterity,IM,2.25,8,0.3134,1.6358,2.8642,N,,08/2021,Analyst
27-3091.00,1.A.2.a.3,Finger Dexterity,LV,1.5,8,0.378,0.7592,2.2408,N,N,08/2021,Analyst
27-3091.00,1.A.2.b.1,Control Precision,IM,1.0,8,0.0,1.0,1.0,N,,08/2021,Analyst
27-3091.00,1.A.2.b.1,Control Precision,LV,0.0,8,0.0,0.0,0.0,N,Y,08/2021,Analyst
27-3091.00,1.A.2.b.2,Multilimb Coordination,IM,1.88,8,0.125,1.63,2.12,N,,08/2021,Analyst
27-3091.00,1.A.2.b.2,Multilimb Coordination,LV,1.0,8,0.189,0.6296,1.3704,N,N,08/2021,Analyst
27-3091.00,1.A.2.b.3,Response Orientation,IM,1.12,8,0.125,1.0,1.37,N,,08/2021,Analyst
27-3091.00,1.A.2.b.3,Response Orientation,LV,0.12,8,0.125,0.0,0.37,N,Y,08/2021,Analyst
27-3091.00,1.A.2.b.4,Rate Control,IM,1.0,8,0.0,1.0,1.0,N,,08/2021,Analyst
27-3091.00,1.A.2.b.4,Rate Control,LV,0.0,8,0.0,0.0,0.0,N,Y,08/2021,Analyst
27-3091.00,1.A.2.c.1,Reaction Time,IM,1.0,8,0.0,1.0,1.0,N,,08/2021,Analyst
27-3091.00,1.A.2.c.1,Reaction Time,LV,0.0,8,0.0,0.0,0.0,N,Y,08/2021,Analyst
27-3091.00,1.A.2.c.2,Wrist-Finger Speed,IM,1.25,8,0.1637,1.0,1.5708,N,,08/2021,Analyst
27-3091.00,1.A.2.c.2,Wrist-Finger Speed,LV,0.38,8,0.2631,0.0,0.8906,N,Y,08/2021,Analyst
27-3091.00,1.A.2.c.3,Speed of Limb Movement,IM,1.12,8,0.125,1.0,1.37,N,,08/2021,Analyst
27-3091.00,1.A.2.c.3,Speed of Limb Movement,LV,0.12,8,0.125,0.0,0.37,N,Y,08/2021,Analyst
27-3091.00,1.A.3.a.1,Static Strength,IM,1.38,8,0.183,1.0164,1.7336,N,,08/2021,Analyst
27-3091.00,1.A.3.a.1,Static Strength,LV,0.38,8,0.183,0.0164,0.7336,N,N,08/2021,Analyst
27-3091.00,1.A.3.a.2,Explosive Strength,IM,1.38,8,0.183,1.0164,1.7336,N,,08/2021,Analyst
27-3091.00,1.A.3.a.2,Explosive Strength,LV,0.5,8,0.2673,0.0,1.0238,N,N,08/2021,Analyst
27-3091.00,1.A.3.a.3,Dynamic Strength,IM,1.38,8,0.183,1.0164,1.7336,N,,08/2021,Analyst
27-3091.00,1.A.3.a.3,Dynamic Strength,LV,0.5,8,0.2673,0.0,1.0238,N,N,08/2021,Analyst
27-3091.00,1.A.3.a.4,Trunk Strength,IM,2.0,8,0.0,2.0,2.0,N,,08/2021,Analyst
27-3091.00,1.A.3.a.4,Trunk Strength,LV,2.0,8,0.189,1.6296,2.3704,N,N,08/2021,Analyst
27-3091.00,1.A.3.b.1,Stamina,IM,1.88,8,0.125,1.63,2.12,N,,08/2021,Analyst
27-3091.00,1.A.3.b.1,Stamina,LV,1.25,8,0.25,0.76,1.74,N,N,08/2021,Analyst
27-3091.00,1.A.3.c.1,Extent Flexibility,IM,1.38,8,0.183,1.0164,1.7336,N,,08/2021,Analyst
27-3091.00,1.A.3.c.1,Extent Flexibility,LV,0.38,8,0.183,0.0164,0.7336,N,N,08/2021,Analyst
27-3091.00,1.A.3.c.2,Dynamic Flexibility,IM,1.0,8,0.0,1.0,1.0,N,,08/2021,Analyst
27-3091.00,1.A.3.c.2,Dynamic Flexibility,LV,0.0,8,0.0,0.0,0.0,N,Y,08/2021,Analyst
27-3091.00,1.A.3.c.3,Gross Body Coordination,IM,1.88,8,0.125,1.63,2.12,N,,08/2021,Analyst
27-3091.00,1.A.3.c.3,Gross Body Coordination,LV,1.0,8,0.189,0.6296,1.3704,N,N,08/2021,Analyst
27-3091.00,1.A.3.c.4,Gross Body Equilibrium,IM,1.38,8,0.183,1.0164,1.7336,N,,08/2021,Analyst
27-3091.00,1.A.3.c.4,Gross Body Equilibrium,LV,0.5,8,0.2673,0.0,1.0238,N,N,08/2021,Analyst
27-3091.00,1.A.4.a.1,Near Vision,IM,3.62,8,0.2631,3.1094,4.1406,N,,08/2021,Analyst
27-3091.00,1.A.4.a.1,Near Vision,LV,3.62,8,0.2631,3.1094,4.1406,N,N,08/2021,Analyst
27-3091.00,1.A.4.a.2,Far Vision,IM,2.88,8,0.125,2.63,3.12,N,,08/2021,Analyst
27-3091.00,1.A.4.a.2,Far Vision,LV,2.88,8,0.125,2.63,3.12,N,N,08/2021,Analyst
27-3091.00,1.A.4.a.3,Visual Color Discrimination,IM,2.0,8,0.0,2.0,2.0,N,,08/2021,Analyst
27-3091.00,1.A.4.a.3,Visual Color Discrimination,LV,2.0,8,0.0,2.0,2.0,N,N,08/2021,Analyst
27-3091.00,1.A.4.a.4,Night Vision,IM,1.0,8,0.0,1.0,1.0,N,,08/2021,Analyst
27-3091.00,1.A.4.a.4,Night Vision,LV,0.0,8,0.0,0.0,0.0,N,Y,08/2021,Analyst
27-3091.00,1.A.4.a.5,Peripheral Vision,IM,1.0,8,0.0,1.0,1.0,N,,08/2021,Analyst
27-3091.00,1.A.4.a.5,Peripheral Vision,LV,0.0,8,0.0,0.0,0.0,N,Y,08/2021,Analyst
27-3091.00,1.A.4.a.6,Depth Perception,IM,1.5,8,0.189,1.1296,1.8704,N,,08/2021,Analyst
27-3091.00,1.A.4.a.6,Depth Perception,LV,0.75,8,0.3134,0.1358,1.3642,N,N,08/2021,Analyst
27-3091.00,1.A.4.a.7,Glare Sensitivity,IM,1.0,8,0.0,1.0,1.0,N,,08/2021,Analyst
27-3091.00,1.A.4.a.7,Glare Sensitivity,LV,0.0,8,0.0,0.0,0.0,N,Y,08/2021,Analyst
27-3091.00,1.A.4.b.1,Hearing Sensitivity,IM,2.88,8,0.125,2.63,3.12,N,,08/2021,Analyst
27-3091.00,1.A.4.b.1,Hearing Sensitivity,LV,2.88,8,0.125,2.63,3.12,N,N,08/2021,Analyst
27-3091.00,1.A.4.b.2,Auditory Attention,IM,3.0,8,0.189,2.6296,3.3704,N,,08/2021,Analyst
27-3091.00,1.A.4.b.2,Auditory Attention,LV,3.12,8,0.125,2.88,3.37,N,N,08/2021,Analyst
27-3091.00,1.A.4.b.3,Sound Localization,IM,1.0,8,0.0,1.0,1.0,N,,08/2021,Analyst
27-3091.00,1.A.4.b.3,Sound Localization,LV,0.0,8,0.0,0.0,0.0,N,Y,08/2021,Analyst
27-3091.00,1.A.4.b.4,Speech Recognition,IM,3.88,8,0.125,3.63,4.12,N,,08/2021,Analyst
27-3091.00,1.A.4.b.4,Speech Recognition,LV,4.75,8,0.25,4.26,5.24,N,N,08/2021,Analyst
27-3091.00,1.A.4.b.5,Speech Clarity,IM,3.88,8,0.125,3.63,4.12,N,,08/2021,Analyst
27-3091.00,1.A.4.b.5,Speech Clarity,LV,4.62,8,0.2631,4.1094,5.1406,N,N,08/2021,Analyst
27-3092.00,1.A.1.a.1,Oral Comprehension,IM,4.12,8,0.125,3.88,4.37,N,,08/2020,Analyst
27-3092.00,1.A.1.a.1,Oral Comprehension,LV,3.88,8,0.125,3.63,4.12,N,N,08/2020,Analyst
27-3092.00,1.A.1.a.2,Written Comprehension,IM,3.88,8,0.125,3.63,4.12,N,,08/2020,Analyst
27-3092.00,1.A.1.a.2,Written Comprehension,LV,4.0,8,0.0,4.0,4.0,N,N,08/2020,Analyst
27-3092.00,1.A.1.a.3,Oral Expression,IM,3.88,8,0.125,3.63,4.12,N,,08/2020,Analyst
27-3092.00,1.A.1.a.3,Oral Expression,LV,4.0,8,0.0,4.0,4.0,N,N,08/2020,Analyst
27-3092.00,1.A.1.a.4,Written Expression,IM,4.0,8,0.189,3.6296,4.3704,N,,08/2020,Analyst
27-3092.00,1.A.1.a.4,Written Expression,LV,3.75,8,0.1637,3.4292,4.0708,N,N,08/2020,Analyst
27-3092.00,1.A.1.b.1,Fluency of Ideas,IM,1.88,8,0.125,1.63,2.12,N,,08/2020,Analyst
27-3092.00,1.A.1.b.1,Fluency of Ideas,LV,1.5,8,0.2673,0.9762,2.0238,N,N,08/2020,Analyst
27-3092.00,1.A.1.b.2,Originality,IM,1.88,8,0.125,1.63,2.12,N,,08/2020,Analyst
27-3092.00,1.A.1.b.2,Originality,LV,1.12,8,0.2266,0.6809,1.5691,N,N,08/2020,Analyst
27-3092.00,1.A.1.b.3,Problem Sensitivity,IM,2.88,8,0.125,2.63,3.12,N,,08/2020,Analyst
27-3092.00,1.A.1.b.3,Problem Sensitivity,LV,2.62,8,0.183,2.2664,2.9836,N,N,08/2020,Analyst
27-3092.00,1.A.1.b.4,Deductive Reasoning,IM,2.88,8,0.125,2.63,3.12,N,,08/2020,Analyst
27-3092.00,1.A.1.b.4,Deductive Reasoning,LV,2.88,8,0.125,2.63,3.12,N,N,08/2020,Analyst
27-3092.00,1.A.1.b.5,Inductive Reasoning,IM,2.62,8,0.183,2.2664,2.9836,N,,08/2020,Analyst
27-3092.00,1.A.1.b.5,Inductive Reasoning,LV,2.5,8,0.189,2.1296,2.8704,N,N,08/2020,Analyst
27-3092.00,1.A.1.b.6,Information Ordering,IM,3.25,8,0.1637,2.9292,3.5708,N,,08/2020,Analyst
27-3092.00,1.A.1.b.6,Information Ordering,LV,3.0,8,0.0,3.0,3.0,N,N,08/2020,Analyst
27-3092.00,1.A.1.b.7,Category Flexibility,IM,2.38,8,0.183,2.0164,2.7336,N,,08/2020,Analyst
27-3092.00,1.A.1.b.7,Category Flexibility,LV,2.12,8,0.2266,1.6809,2.5691,N,N,08/2020,Analyst
27-3092.00,1.A.1.c.1,Mathematical Reasoning,IM,2.0,8,0.0,2.0,2.0,N,,08/2020,Analyst
27-3092.00,1.A.1.c.1,Mathematical Reasoning,LV,1.12,8,0.125,0.88,1.37,N,N,08/2020,Analyst
27-3092.00,1.A.1.c.2,Number Facility,IM,1.88,8,0.125,1.63,2.12,N,,08/2020,Analyst
27-3092.00,1.A.1.c.2,Number Facility,LV,1.0,8,0.189,0.6296,1.3704,N,N,08/2020,Analyst
27-3092.00,1.A.1.d.1,Memorization,IM,2.25,8,0.1637,1.9292,2.5708,N,,08/2020,Analyst
27-3092.00,1.A.1.d.1,Memorization,LV,2.5,8,0.189,2.1296,2.8704,N,N,08/2020,Analyst
27-3092.00,1.A.1.e.1,Speed of Closure,IM,2.12,8,0.125,1.88,2.37,N,,08/2020,Analyst
27-3092.00,1.A.1.e.1,Speed of Closure,LV,1.88,8,0.2266,1.4309,2.3191,N,N,08/2020,Analyst
27-3092.00,1.A.1.e.2,Flexibility of Closure,IM,2.12,8,0.125,1.88,2.37,N,,08/2020,Analyst
27-3092.00,1.A.1.e.2,Flexibility of Closure,LV,2.0,8,0.0,2.0,2.0,N,N,08/2020,Analyst
27-3092.00,1.A.1.e.3,Perceptual Speed,IM,2.5,8,0.189,2.1296,2.8704,N,,08/2020,Analyst
27-3092.00,1.A.1.e.3,Perceptual Speed,LV,2.25,8,0.1637,1.9292,2.5708,N,N,08/2020,Analyst
27-3092.00,1.A.1.f.1,Spatial Orientation,IM,1.0,8,0.0,1.0,1.0,N,,08/2020,Analyst
27-3092.00,1.A.1.f.1,Spatial Orientation,LV,0.0,8,0.0,0.0,0.0,N,Y,08/2020,Analyst
27-3092.00,1.A.1.f.2,Visualization,IM,1.88,8,0.125,1.63,2.12,N,,08/2020,Analyst
27-3092.00,1.A.1.f.2,Visualization,LV,1.25,8,0.25,0.76,1.74,N,N,08/2020,Analyst
27-3092.00,1.A.1.g.1,Selective Attention,IM,3.75,8,0.1637,3.4292,4.0708,N,,08/2020,Analyst
27-3092.00,1.A.1.g.1,Selective Attention,LV,3.0,8,0.0,3.0,3.0,N,N,08/2020,Analyst
27-3092.00,1.A.1.g.2,Time Sharing,IM,2.5,8,0.189,2.1296,2.8704,N,,08/2020,Analyst
27-3092.00,1.A.1.g.2,Time Sharing,LV,2.12,8,0.2266,1.6809,2.5691,N,N,08/2020,Analyst
27-3092.00,1.A.2.a.1,Arm-Hand Steadiness,IM,2.25,8,0.1637,1.9292,2.5708,N,,08/2020,Analyst
27-3092.00,1.A.2.a.1,Arm-Hand Steadiness,LV,2.25,8,0.1637,1.9292,2.5708,N,N,08/2020,Analyst
27-3092.00,1.A.2.a.2,Manual Dexterity,IM,2.25,8,0.1637,1.9292,2.5708,N,,08/2020,Analyst
27-3092.00,1.A.2.a.2,Manual Dexterity,LV,2.12,8,0.125,1.88,2.37,N,N,08/2020,Analyst
27-3092.00,1.A.2.a.3,Finger Dexterity,IM,3.0,8,0.0,3.0,3.0,N,,08/2020,Analyst
27-3092.00,1.A.2.a.3,Finger Dexterity,LV,3.0,8,0.0,3.0,3.0,N,N,08/2020,Analyst
27-3092.00,1.A.2.b.1,Control Precision,IM,2.88,8,0.125,2.63,3.12,N,,08/2020,Analyst
27-3092.00,1.A.2.b.1,Control Precision,LV,2.5,8,0.189,2.1296,2.8704,N,N,08/2020,Analyst
27-3092.00,1.A.2.b.2,Multilimb Coordination,IM,1.5,8,0.189,1.1296,1.8704,N,,08/2020,Analyst
27-3092.00,1.A.2.b.2,Multilimb Coordination,LV,0.62,8,0.2631,0.1094,1.1406,N,N,08/2020,Analyst
27-3092.00,1.A.2.b.3,Response Orientation,IM,1.5,8,0.189,1.1296,1.8704,N,,08/2020,Analyst
27-3092.00,1.A.2.b.3,Response Orientation,LV,0.62,8,0.2631,0.1094,1.1406,N,N,08/2020,Analyst
27-3092.00,1.A.2.b.4,Rate Control,IM,1.12,8,0.125,1.0,1.37,N,,08/2020,Analyst
27-3092.00,1.A.2.b.4,Rate Control,LV,0.12,8,0.125,0.0,0.37,N,Y,08/2020,Analyst
27-3092.00,1.A.2.c.1,Reaction Time,IM,1.38,8,0.183,1.0164,1.7336,N,,08/2020,Analyst
27-3092.00,1.A.2.c.1,Reaction Time,LV,0.5,8,0.2673,0.0,1.0238,N,N,08/2020,Analyst
27-3092.00,1.A.2.c.2,Wrist-Finger Speed,IM,3.12,8,0.2266,2.6809,3.5691,N,,08/2020,Analyst
27-3092.00,1.A.2.c.2,Wrist-Finger Speed,LV,2.75,8,0.25,2.26,3.24,N,N,08/2020,Analyst
27-3092.00,1.A.2.c.3,Speed of Limb Movement,IM,1.0,8,0.0,1.0,1.0,N,,08/2020,Analyst
27-3092.00,1.A.2.c.3,Speed of Limb Movement,LV,0.0,8,0.0,0.0,0.0,N,Y,08/2020,Analyst
27-3092.00,1.A.3.a.1,Static Strength,IM,1.0,8,0.0,1.0,1.0,N,,08/2020,Analyst
27-3092.00,1.A.3.a.1,Static Strength,LV,0.0,8,0.0,0.0,0.0,N,Y,08/2020,Analyst
27-3092.00,1.A.3.a.2,Explosive Strength,IM,1.0,8,0.0,1.0,1.0,N,,08/2020,Analyst
27-3092.00,1.A.3.a.2,Explosive Strength,LV,0.0,8,0.0,0.0,0.0,N,Y,08/2020,Analyst
27-3092.00,1.A.3.a.3,Dynamic Strength,IM,1.0,8,0.0,1.0,1.0,N,,08/2020,Analyst
27-3092.00,1.A.3.a.3,Dynamic Strength,LV,0.0,8,0.0,0.0,0.0,N,Y,08/2020,Analyst
27-3092.00,1.A.3.a.4,Trunk Strength,IM,1.62,8,0.183,1.2664,1.9836,N,,08/2020,Analyst
27-3092.00,1.A.3.a.4,Trunk Strength,LV,1.12,8,0.3504,0.4383,1.8117,N,N,08/2020,Analyst
27-3092.00,1.A.3.b.1,Stamina,IM,1.0,8,0.0,1.0,1.0,N,,08/2020,Analyst
27-3092.00,1.A.3.b.1,Stamina,LV,0.0,8,0.0,0.0,0.0,N,Y,08/2020,Analyst
27-3092.00,1.A.3.c.1,Extent Flexibility,IM,1.12,8,0.125,1.0,1.37,N,,08/2020,Analyst
27-3092.00,1.A.3.c.1,Extent Flexibility,LV,0.12,8,0.125,0.0,0.37,N,Y,08/2020,Analyst
27-3092.00,1.A.3.c.2,Dynamic Flexibility,IM,1.0,8,0.0,1.0,1.0,N,,08/2020,Analyst
27-3092.00,1.A.3.c.2,Dynamic Flexibility,LV,0.0,8,0.0,0.0,0.0,N,Y,08/2020,Analyst
27-3092.00,1.A.3.c.3,Gross Body Coordination,IM,1.0,8,0.0,1.0,1.0,N,,08/2020,Analyst
27-3092.00,1.A.3.c.3,Gross Body Coordination,LV,0.0,8,0.0,0.0,0.0,N,Y,08/2020,Analyst
27-3092.00,1.A.3.c.4,Gross Body Equilibrium,IM,1.0,8,0.0,1.0,1.0,N,,08/2020,Analyst
27-3092.00,1.A.3.c.4,Gross Body Equilibrium,LV,0.0,8,0.0,0.0,0.0,N,Y,08/2020,Analyst
27-3092.00,1.A.4.a.1,Near Vision,IM,3.88,8,0.125,3.63,4.12,N,,08/2020,Analyst
27-3092.00,1.A.4.a.1,Near Vision,LV,3.88,8,0.125,3.63,4.12,N,N,08/2020,Analyst
27-3092.00,1.A.4.a.2,Far Vision,IM,2.25,8,0.1637,1.9292,2.5708,N,,08/2020,Analyst
27-3092.00,1.A.4.a.2,Far Vision,LV,2.38,8,0.2631,1.8594,2.8906,N,N,08/2020,Analyst
27-3092.00,1.A.4.a.3,Visual Color Discrimination,IM,1.62,8,0.183,1.2664,1.9836,N,,08/2020,Analyst
27-3092.00,1.A.4.a.3,Visual Color Discrimination,LV,0.62,8,0.183,0.2664,0.9836,N,N,08/2020,Analyst
27-3092.00,1.A.4.a.4,Night Vision,IM,1.0,8,0.0,1.0,1.0,N,,08/2020,Analyst
27-3092.00,1.A.4.a.4,Night Vision,LV,0.0,8,0.0,0.0,0.0,N,Y,08/2020,Analyst
27-3092.00,1.A.4.a.5,Peripheral Vision,IM,1.0,8,0.0,1.0,1.0,N,,08/2020,Analyst
27-3092.00,1.A.4.a.5,Peripheral Vision,LV,0.0,8,0.0,0.0,0.0,N,Y,08/2020,Analyst
27-3092.00,1.A.4.a.6,Depth Perception,IM,1.12,8,0.125,1.0,1.37,N,,08/2020,Analyst
27-3092.00,1.A.4.a.6,Depth Perception,LV,0.12,8,0.125,0.0,0.37,N,Y,08/2020,Analyst
27-3092.00,1.A.4.a.7,Glare Sensitivity,IM,1.0,8,0.0,1.0,1.0,N,,08/2020,Analyst
27-3092.00,1.A.4.a.7,Glare Sensitivity,LV,0.0,8,0.0,0.0,0.0,N,Y,08/2020,Analyst
27-3092.00,1.A.4.b.1,Hearing Sensitivity,IM,2.0,8,0.189,1.6296,2.3704,N,,08/2020,Analyst
27-3092.00,1.A.4.b.1,Hearing Sensitivity,LV,1.25,8,0.25,0.76,1.74,N,N,08/2020,Analyst
27-3092.00,1.A.4.b.2,Auditory Attention,IM,2.88,8,0.125,2.63,3.12,N,,08/2020,Analyst
27-3092.00,1.A.4.b.2,Auditory Attention,LV,2.5,8,0.189,2.1296,2.8704,N,N,08/2020,Analyst
27-3092.00,1.A.4.b.3,Sound Localization,IM,1.0,8,0.0,1.0,1.0,N,,08/2020,Analyst
27-3092.00,1.A.4.b.3,Sound Localization,LV,0.0,8,0.0,0.0,0.0,N,Y,08/2020,Analyst
27-3092.00,1.A.4.b.4,Speech Recognition,IM,4.12,8,0.125,3.88,4.37,N,,08/2020,Analyst
27-3092.00,1.A.4.b.4,Speech Recognition,LV,4.12,8,0.125,3.88,4.37,N,N,08/2020,Analyst
27-3092.00,1.A.4.b.5,Speech Clarity,IM,3.12,8,0.125,2.88,3.37,N,,08/2020,Analyst
27-3092.00,1.A.4.b.5,Speech Clarity,LV,3.0,8,0.0,3.0,3.0,N,N,08/2020,Analyst
27-4011.00,1.A.1.a.1,Oral Comprehension,IM,3.75,8,0.1637,3.4292,4.0708,N,,08/2018,Analyst
27-4011.00,1.A.1.a.1,Oral Comprehension,LV,4.0,8,0.0,4.0,4.0,N,N,08/2018,Analyst
27-4011.00,1.A.1.a.2,Written Comprehension,IM,3.5,8,0.189,3.1296,3.8704,N,,08/2018,Analyst
27-4011.00,1.A.1.a.2,Written Comprehension,LV,3.75,8,0.1637,3.4292,4.0708,N,N,08/2018,Analyst
27-4011.00,1.A.1.a.3,Oral Expression,IM,3.88,8,0.125,3.63,4.12,N,,08/2018,Analyst
27-4011.00,1.A.1.a.3,Oral Expression,LV,3.88,8,0.125,3.63,4.12,N,N,08/2018,Analyst
27-4011.00,1.A.1.a.4,Written Expression,IM,3.5,8,0.189,3.1296,3.8704,N,,08/2018,Analyst
27-4011.00,1.A.1.a.4,Written Expression,LV,3.5,8,0.189,3.1296,3.8704,N,N,08/2018,Analyst
27-4011.00,1.A.1.b.1,Fluency of Ideas,IM,2.88,8,0.2266,2.4309,3.3191,N,,08/2018,Analyst
27-4011.00,1.A.1.b.1,Fluency of Ideas,LV,2.88,8,0.125,2.63,3.12,N,N,08/2018,Analyst
27-4011.00,1.A.1.b.2,Originality,IM,2.88,8,0.2266,2.4309,3.3191,N,,08/2018,Analyst
27-4011.00,1.A.1.b.2,Originality,LV,2.88,8,0.2266,2.4309,3.3191,N,N,08/2018,Analyst
27-4011.00,1.A.1.b.3,Problem Sensitivity,IM,3.75,8,0.1637,3.4292,4.0708,N,,08/2018,Analyst
27-4011.00,1.A.1.b.3,Problem Sensitivity,LV,3.75,8,0.1637,3.4292,4.0708,N,N,08/2018,Analyst
27-4011.00,1.A.1.b.4,Deductive Reasoning,IM,3.38,8,0.183,3.0164,3.7336,N,,08/2018,Analyst
27-4011.00,1.A.1.b.4,Deductive Reasoning,LV,3.38,8,0.183,3.0164,3.7336,N,N,08/2018,Analyst
27-4011.00,1.A.1.b.5,Inductive Reasoning,IM,3.25,8,0.1637,2.9292,3.5708,N,,08/2018,Analyst
27-4011.00,1.A.1.b.5,Inductive Reasoning,LV,3.62,8,0.183,3.2664,3.9836,N,N,08/2018,Analyst
27-4011.00,1.A.1.b.6,Information Ordering,IM,3.75,8,0.1637,3.4292,4.0708,N,,08/2018,Analyst
27-4011.00,1.A.1.b.6,Information Ordering,LV,3.88,8,0.125,3.63,4.12,N,N,08/2018,Analyst
27-4011.00,1.A.1.b.7,Category Flexibility,IM,3.12,8,0.125,2.88,3.37,N,,08/2018,Analyst
27-4011.00,1.A.1.b.7,Category Flexibility,LV,3.12,8,0.125,2.88,3.37,N,N,08/2018,Analyst
27-4011.00,1.A.1.c.1,Mathematical Reasoning,IM,2.12,8,0.125,1.88,2.37,N,,08/2018,Analyst
27-4011.00,1.A.1.c.1,Mathematical Reasoning,LV,2.25,8,0.1637,1.9292,2.5708,N,N,08/2018,Analyst
27-4011.00,1.A.1.c.2,Number Facility,IM,2.25,8,0.1637,1.9292,2.5708,N,,08/2018,Analyst
27-4011.00,1.A.1.c.2,Number Facility,LV,2.0,8,0.0,2.0,2.0,N,N,08/2018,Analyst
27-4011.00,1.A.1.d.1,Memorization,IM,2.12,8,0.125,1.88,2.37,N,,08/2018,Analyst
27-4011.00,1.A.1.d.1,Memorization,LV,2.12,8,0.125,1.88,2.37,N,N,08/2018,Analyst
27-4011.00,1.A.1.e.1,Speed of Closure,IM,2.25,8,0.1637,1.9292,2.5708,N,,08/2018,Analyst
27-4011.00,1.A.1.e.1,Speed of Closure,LV,2.5,8,0.189,2.1296,2.8704,N,N,08/2018,Analyst
27-4011.00,1.A.1.e.2,Flexibility of Closure,IM,3.12,8,0.125,2.88,3.37,N,,08/2018,Analyst
27-4011.00,1.A.1.e.2,Flexibility of Closure,LV,3.25,8,0.1637,2.9292,3.5708,N,N,08/2018,Analyst
27-4011.00,1.A.1.e.3,Perceptual Speed,IM,3.0,8,0.0,3.0,3.0,N,,08/2018,Analyst
27-4011.00,1.A.1.e.3,Perceptual Speed,LV,3.12,8,0.125,2.88,3.37,N,N,08/2018,Analyst
27-4011.00,1.A.1.f.1,Spatial Orientation,IM,1.38,8,0.183,1.0164,1.7336,N,,08/2018,Analyst
27-4011.00,1.A.1.f.1,Spatial Orientation,LV,0.5,8,0.2673,0.0,1.0238,N,N,08/2018,Analyst
27-4011.00,1.A.1.f.2,Visualization,IM,3.0,8,0.0,3.0,3.0,N,,08/2018,Analyst
27-4011.00,1.A.1.f.2,Visualization,LV,3.5,8,0.189,3.1296,3.8704,N,N,08/2018,Analyst
27-4011.00,1.A.1.g.1,Selective Attention,IM,3.12,8,0.125,2.88,3.37,N,,08/2018,Analyst
27-4011.00,1.A.1.g.1,Selective Attention,LV,3.12,8,0.125,2.88,3.37,N,N,08/2018,Analyst
27-4011.00,1.A.1.g.2,Time Sharing,IM,3.0,8,0.0,3.0,3.0,N,,08/2018,Analyst
27-4011.00,1.A.1.g.2,Time Sharing,LV,2.88,8,0.125,2.63,3.12,N,N,08/2018,Analyst
27-4011.00,1.A.2.a.1,Arm-Hand Steadiness,IM,3.12,8,0.125,2.88,3.37,N,,08/2018,Analyst
27-4011.00,1.A.2.a.1,Arm-Hand Steadiness,LV,3.12,8,0.125,2.88,3.37,N,N,08/2018,Analyst
27-4011.00,1.A.2.a.2,Manual Dexterity,IM,3.0,8,0.0,3.0,3.0,N,,08/2018,Analyst
27-4011.00,1.A.2.a.2,Manual Dexterity,LV,3.12,8,0.125,2.88,3.37,N,N,08/2018,Analyst
27-4011.00,1.A.2.a.3,Finger Dexterity,IM,3.0,8,0.0,3.0,3.0,N,,08/2018,Analyst
27-4011.00,1.A.2.a.3,Finger Dexterity,LV,3.12,8,0.125,2.88,3.37,N,N,08/2018,Analyst
27-4011.00,1.A.2.b.1,Control Precision,IM,3.12,8,0.125,2.88,3.37,N,,08/2018,Analyst
27-4011.00,1.A.2.b.1,Control Precision,LV,3.0,8,0.0,3.0,3.0,N,N,08/2018,Analyst
27-4011.00,1.A.2.b.2,Multilimb Coordination,IM,2.25,8,0.1637,1.9292,2.5708,N,,08/2018,Analyst
27-4011.00,1.A.2.b.2,Multilimb Coordination,LV,2.12,8,0.125,1.88,2.37,N,N,08/2018,Analyst
27-4011.00,1.A.2.b.3,Response Orientation,IM,1.75,8,0.1637,1.4292,2.0708,N,,08/2018,Analyst
27-4011.00,1.A.2.b.3,Response Orientation,LV,1.5,8,0.3273,0.8584,2.1416,N,N,08/2018,Analyst
27-4011.00,1.A.2.b.4,Rate Control,IM,2.12,8,0.125,1.88,2.37,N,,08/2018,Analyst
27-4011.00,1.A.2.b.4,Rate Control,LV,1.88,8,0.125,1.63,2.12,N,N,08/2018,Analyst
27-4011.00,1.A.2.c.1,Reaction Time,IM,2.12,8,0.125,1.88,2.37,N,,08/2018,Analyst
27-4011.00,1.A.2.c.1,Reaction Time,LV,2.0,8,0.189,1.6296,2.3704,N,N,08/2018,Analyst
27-4011.00,1.A.2.c.2,Wrist-Finger Speed,IM,2.12,8,0.125,1.88,2.37,N,,08/2018,Analyst
27-4011.00,1.A.2.c.2,Wrist-Finger Speed,LV,2.0,8,0.0,2.0,2.0,N,N,08/2018,Analyst
27-4011.00,1.A.2.c.3,Speed of Limb Movement,IM,1.0,8,0.0,1.0,1.0,N,,08/2018,Analyst
27-4011.00,1.A.2.c.3,Speed of Limb Movement,LV,0.0,8,0.0,0.0,0.0,N,Y,08/2018,Analyst
27-4011.00,1.A.3.a.1,Static Strength,IM,2.12,8,0.125,1.88,2.37,N,,08/2018,Analyst
27-4011.00,1.A.3.a.1,Static Strength,LV,2.25,8,0.1637,1.9292,2.5708,N,N,08/2018,Analyst
27-4011.00,1.A.3.a.2,Explosive Strength,IM,1.62,8,0.183,1.2664,1.9836,N,,08/2018,Analyst
27-4011.00,1.A.3.a.2,Explosive Strength,LV,1.0,8,0.3273,0.3584,1.6416,N,N,08/2018,Analyst
27-4011.00,1.A.3.a.3,Dynamic Strength,IM,2.0,8,0.0,2.0,2.0,N,,08/2018,Analyst
27-4011.00,1.A.3.a.3,Dynamic Strength,LV,1.62,8,0.183,1.2664,1.9836,N,N,08/2018,Analyst
27-4011.00,1.A.3.a.4,Trunk Strength,IM,2.12,8,0.125,1.88,2.37,N,,08/2018,Analyst
27-4011.00,1.A.3.a.4,Trunk Strength,LV,2.0,8,0.0,2.0,2.0,N,N,08/2018,Analyst
27-4011.00,1.A.3.b.1,Stamina,IM,2.12,8,0.125,1.88,2.37,N,,08/2018,Analyst
27-4011.00,1.A.3.b.1,Stamina,LV,1.38,8,0.183,1.0164,1.7336,N,N,08/2018,Analyst
27-4011.00,1.A.3.c.1,Extent Flexibility,IM,2.25,8,0.1637,1.9292,2.5708,N,,08/2018,Analyst
27-4011.00,1.A.3.c.1,Extent Flexibility,LV,1.88,8,0.295,1.2967,2.4533,N,N,08/2018,Analyst
27-4011.00,1.A.3.c.2,Dynamic Flexibility,IM,1.0,8,0.0,1.0,1.0,N,,08/2018,Analyst
27-4011.00,1.A.3.c.2,Dynamic Flexibility,LV,0.0,8,0.0,0.0,0.0,N,Y,08/2018,Analyst
27-4011.00,1.A.3.c.3,Gross Body Coordination,IM,1.88,8,0.125,1.63,2.12,N,,08/2018,Analyst
27-4011.00,1.A.3.c.3,Gross Body Coordination,LV,1.25,8,0.25,0.76,1.74,N,N,08/2018,Analyst
27-4011.00,1.A.3.c.4,Gross Body Equilibrium,IM,1.88,8,0.125,1.63,2.12,N,,08/2018,Analyst
27-4011.00,1.A.3.c.4,Gross Body Equilibrium,LV,1.12,8,0.2266,0.6809,1.5691,N,N,08/2018,Analyst
27-4011.00,1.A.4.a.1,Near Vision,IM,4.0,8,0.0,4.0,4.0,N,,08/2018,Analyst
27-4011.00,1.A.4.a.1,Near Vision,LV,4.0,8,0.0,4.0,4.0,N,N,08/2018,Analyst
27-4011.00,1.A.4.a.2,Far Vision,IM,3.12,8,0.2266,2.6809,3.5691,N,,08/2018,Analyst
27-4011.00,1.A.4.a.2,Far Vision,LV,3.62,8,0.183,3.2664,3.9836,N,N,08/2018,Analyst
27-4011.00,1.A.4.a.3,Visual Color Discrimination,IM,3.25,8,0.1637,2.9292,3.5708,N,,08/2018,Analyst
27-4011.00,1.A.4.a.3,Visual Color Discrimination,LV,3.25,8,0.1637,2.9292,3.5708,N,N,08/2018,Analyst
27-4011.00,1.A.4.a.4,Night Vision,IM,1.12,8,0.125,1.0,1.37,N,,08/2018,Analyst
27-4011.00,1.A.4.a.4,Night Vision,LV,0.12,8,0.125,0.0,0.37,N,Y,08/2018,Analyst
27-4011.00,1.A.4.a.5,Peripheral Vision,IM,1.0,8,0.0,1.0,1.0,N,,08/2018,Analyst
27-4011.00,1.A.4.a.5,Peripheral Vision,LV,0.0,8,0.0,0.0,0.0,N,Y,08/2018,Analyst
27-4011.00,1.A.4.a.6,Depth Perception,IM,2.12,8,0.125,1.88,2.37,N,,08/2018,Analyst
27-4011.00,1.A.4.a.6,Depth Perception,LV,2.12,8,0.125,1.88,2.37,N,N,08/2018,Analyst
27-4011.00,1.A.4.a.7,Glare Sensitivity,IM,1.12,8,0.125,1.0,1.37,N,,08/2018,Analyst
27-4011.00,1.A.4.a.7,Glare Sensitivity,LV,0.25,8,0.25,0.0,0.74,N,Y,08/2018,Analyst
27-4011.00,1.A.4.b.1,Hearing Sensitivity,IM,3.25,8,0.1637,2.9292,3.5708,N,,08/2018,Analyst
27-4011.00,1.A.4.b.1,Hearing Sensitivity,LV,3.25,8,0.1637,2.9292,3.5708,N,N,08/2018,Analyst
27-4011.00,1.A.4.b.2,Auditory Attention,IM,3.12,8,0.125,2.88,3.37,N,,08/2018,Analyst
27-4011.00,1.A.4.b.2,Auditory Attention,LV,3.0,8,0.0,3.0,3.0,N,N,08/2018,Analyst
27-4011.00,1.A.4.b.3,Sound Localization,IM,1.62,8,0.2631,1.1094,2.1406,N,,08/2018,Analyst
27-4011.00,1.A.4.b.3,Sound Localization,LV,0.88,8,0.3504,0.1883,1.5617,N,N,08/2018,Analyst
27-4011.00,1.A.4.b.4,Speech Recognition,IM,3.12,8,0.125,2.88,3.37,N,,08/2018,Analyst
27-4011.00,1.A.4.b.4,Speech Recognition,LV,3.0,8,0.0,3.0,3.0,N,N,08/2018,Analyst
27-4011.00,1.A.4.b.5,Speech Clarity,IM,3.12,8,0.125,2.88,3.37,N,,08/2018,Analyst
27-4011.00,1.A.4.b.5,Speech Clarity,LV,3.0,8,0.0,3.0,3.0,N,N,08/2018,Analyst
27-4012.00,1.A.1.a.1,Oral Comprehension,IM,3.62,8,0.183,3.2664,3.9836,N,,08/2019,Analyst
27-4012.00,1.A.1.a.1,Oral Comprehension,LV,4.0,8,0.0,4.0,4.0,N,N,08/2019,Analyst
27-4012.00,1.A.1.a.2,Written Comprehension,IM,3.62,8,0.183,3.2664,3.9836,N,,08/2019,Analyst
27-4012.00,1.A.1.a.2,Written Comprehension,LV,3.5,8,0.189,3.1296,3.8704,N,N,08/2019,Analyst
27-4012.00,1.A.1.a.3,Oral Expression,IM,3.25,8,0.1637,2.9292,3.5708,N,,08/2019,Analyst
27-4012.00,1.A.1.a.3,Oral Expression,LV,4.0,8,0.0,4.0,4.0,N,N,08/2019,Analyst
27-4012.00,1.A.1.a.4,Written Expression,IM,3.25,8,0.1637,2.9292,3.5708,N,,08/2019,Analyst
27-4012.00,1.A.1.a.4,Written Expression,LV,3.0,8,0.0,3.0,3.0,N,N,08/2019,Analyst
27-4012.00,1.A.1.b.1,Fluency of Ideas,IM,3.0,8,0.0,3.0,3.0,N,,08/2019,Analyst
27-4012.00,1.A.1.b.1,Fluency of Ideas,LV,3.0,8,0.0,3.0,3.0,N,N,08/2019,Analyst
27-4012.00,1.A.1.b.2,Originality,IM,3.0,8,0.0,3.0,3.0,N,,08/2019,Analyst
27-4012.00,1.A.1.b.2,Originality,LV,3.0,8,0.0,3.0,3.0,N,N,08/2019,Analyst
27-4012.00,1.A.1.b.3,Problem Sensitivity,IM,3.62,8,0.183,3.2664,3.9836,N,,08/2019,Analyst
27-4012.00,1.A.1.b.3,Problem Sensitivity,LV,3.75,8,0.1637,3.4292,4.0708,N,N,08/2019,Analyst
27-4012.00,1.A.1.b.4,Deductive Reasoning,IM,3.25,8,0.1637,2.9292,3.5708,N,,08/2019,Analyst
27-4012.00,1.A.1.b.4,Deductive Reasoning,LV,3.62,8,0.183,3.2664,3.9836,N,N,08/2019,Analyst
27-4012.00,1.A.1.b.5,Inductive Reasoning,IM,3.12,8,0.125,2.88,3.37,N,,08/2019,Analyst
27-4012.00,1.A.1.b.5,Inductive Reasoning,LV,3.12,8,0.125,2.88,3.37,N,N,08/2019,Analyst
27-4012.00,1.A.1.b.6,Information Ordering,IM,3.25,8,0.1637,2.9292,3.5708,N,,08/2019,Analyst
27-4012.00,1.A.1.b.6,Information Ordering,LV,3.12,8,0.125,2.88,3.37,N,N,08/2019,Analyst
27-4012.00,1.A.1.b.7,Category Flexibility,IM,3.0,8,0.0,3.0,3.0,N,,08/2019,Analyst
27-4012.00,1.A.1.b.7,Category Flexibility,LV,3.12,8,0.125,2.88,3.37,N,N,08/2019,Analyst
27-4012.00,1.A.1.c.1,Mathematical Reasoning,IM,2.62,8,0.183,2.2664,2.9836,N,,08/2019,Analyst
27-4012.00,1.A.1.c.1,Mathematical Reasoning,LV,2.12,8,0.125,1.88,2.37,N,N,08/2019,Analyst
27-4012.00,1.A.1.c.2,Number Facility,IM,2.12,8,0.125,1.88,2.37,N,,08/2019,Analyst
27-4012.00,1.A.1.c.2,Number Facility,LV,2.12,8,0.125,1.88,2.37,N,N,08/2019,Analyst
27-4012.00,1.A.1.d.1,Memorization,IM,2.62,8,0.183,2.2664,2.9836,N,,08/2019,Analyst
27-4012.00,1.A.1.d.1,Memorization,LV,2.88,8,0.125,2.63,3.12,N,N,08/2019,Analyst
27-4012.00,1.A.1.e.1,Speed of Closure,IM,2.75,8,0.1637,2.4292,3.0708,N,,08/2019,Analyst
27-4012.00,1.A.1.e.1,Speed of Closure,LV,2.88,8,0.125,2.63,3.12,N,N,08/2019,Analyst
27-4012.00,1.A.1.e.2,Flexibility of Closure,IM,3.12,8,0.125,2.88,3.37,N,,08/2019,Analyst
27-4012.00,1.A.1.e.2,Flexibility of Closure,LV,3.25,8,0.1637,2.9292,3.5708,N,N,08/2019,Analyst
27-4012.00,1.A.1.e.3,Perceptual Speed,IM,3.0,8,0.0,3.0,3.0,N,,08/2019,Analyst
27-4012.00,1.A.1.e.3,Perceptual Speed,LV,3.25,8,0.1637,2.9292,3.5708,N,N,08/2019,Analyst
27-4012.00,1.A.1.f.1,Spatial Orientation,IM,1.62,8,0.183,1.2664,1.9836,N,,08/2019,Analyst
27-4012.00,1.A.1.f.1,Spatial Orientation,LV,0.75,8,0.25,0.26,1.24,N,N,08/2019,Analyst
27-4012.00,1.A.1.f.2,Visualization,IM,3.0,8,0.0,3.0,3.0,N,,08/2019,Analyst
27-4012.00,1.A.1.f.2,Visualization,LV,3.12,8,0.125,2.88,3.37,N,N,08/2019,Analyst
27-4012.00,1.A.1.g.1,Selective Attention,IM,3.12,8,0.125,2.88,3.37,N,,08/2019,Analyst
27-4012.00,1.A.1.g.1,Selective Attention,LV,3.88,8,0.125,3.63,4.12,N,N,08/2019,Analyst
27-4012.00,1.A.1.g.2,Time Sharing,IM,2.75,8,0.1637,2.4292,3.0708,N,,08/2019,Analyst
27-4012.00,1.A.1.g.2,Time Sharing,LV,2.5,8,0.189,2.1296,2.8704,N,N,08/2019,Analyst
27-4012.00,1.A.2.a.1,Arm-Hand Steadiness,IM,3.0,8,0.0,3.0,3.0,N,,08/2019,Analyst
27-4012.00,1.A.2.a.1,Arm-Hand Steadiness,LV,2.75,8,0.1637,2.4292,3.0708,N,N,08/2019,Analyst
27-4012.00,1.A.2.a.2,Manual Dexterity,IM,3.0,8,0.0,3.0,3.0,N,,08/2019,Analyst
27-4012.00,1.A.2.a.2,Manual Dexterity,LV,2.38,8,0.183,2.0164,2.7336,N,N,08/2019,Analyst
27-4012.00,1.A.2.a.3,Finger Dexterity,IM,3.0,8,0.0,3.0,3.0,N,,08/2019,Analyst
27-4012.00,1.A.2.a.3,Finger Dexterity,LV,3.0,8,0.0,3.0,3.0,N,N,08/2019,Analyst
27-4012.00,1.A.2.b.1,Control Precision,IM,3.0,8,0.0,3.0,3.0,N,,08/2019,Analyst
27-4012.00,1.A.2.b.1,Control Precision,LV,3.0,8,0.0,3.0,3.0,N,N,08/2019,Analyst
27-4012.00,1.A.2.b.2,Multilimb Coordination,IM,2.5,8,0.189,2.1296,2.8704,N,,08/2019,Analyst
27-4012.00,1.A.2.b.2,Multilimb Coordination,LV,2.62,8,0.183,2.2664,2.9836,N,N,08/2019,Analyst
27-4012.00,1.A.2.b.3,Response Orientation,IM,2.0,8,0.0,2.0,2.0,N,,08/2019,Analyst
27-4012.00,1.A.2.b.3,Response Orientation,LV,2.0,8,0.0,2.0,2.0,N,N,08/2019,Analyst
27-4012.00,1.A.2.b.4,Rate Control,IM,2.5,8,0.189,2.1296,2.8704,N,,08/2019,Analyst
27-4012.00,1.A.2.b.4,Rate Control,LV,1.88,8,0.125,1.63,2.12,N,N,08/2019,Analyst
27-4012.00,1.A.2.c.1,Reaction Time,IM,2.5,8,0.189,2.1296,2.8704,N,,08/2019,Analyst
27-4012.00,1.A.2.c.1,Reaction Time,LV,2.62,8,0.183,2.2664,2.9836,N,N,08/2019,Analyst
27-4012.00,1.A.2.c.2,Wrist-Finger Speed,IM,2.0,8,0.0,2.0,2.0,N,,08/2019,Analyst
27-4012.00,1.A.2.c.2,Wrist-Finger Speed,LV,1.38,8,0.183,1.0164,1.7336,N,N,08/2019,Analyst
27-4012.00,1.A.2.c.3,Speed of Limb Movement,IM,1.0,8,0.0,1.0,1.0,N,,08/2019,Analyst
27-4012.00,1.A.2.c.3,Speed of Limb Movement,LV,0.0,8,0.0,0.0,0.0,N,Y,08/2019,Analyst
27-4012.00,1.A.3.a.1,Static Strength,IM,2.38,8,0.183,2.0164,2.7336,N,,08/2019,Analyst
27-4012.00,1.A.3.a.1,Static Strength,LV,2.12,8,0.125,1.88,2.37,N,N,08/2019,Analyst
27-4012.00,1.A.3.a.2,Explosive Strength,IM,1.12,8,0.125,1.0,1.37,N,,08/2019,Analyst
27-4012.00,1.A.3.a.2,Explosive Strength,LV,0.25,8,0.25,0.0,0.74,N,Y,08/2019,Analyst
27-4012.00,1.A.3.a.3,Dynamic Strength,IM,2.0,8,0.0,2.0,2.0,N,,08/2019,Analyst
27-4012.00,1.A.3.a.3,Dynamic Strength,LV,1.12,8,0.125,0.88,1.37,N,N,08/2019,Analyst
27-4012.00,1.A.3.a.4,Trunk Strength,IM,2.12,8,0.125,1.88,2.37,N,,08/2019,Analyst
27-4012.00,1.A.3.a.4,Trunk Strength,LV,2.0,8,0.0,2.0,2.0,N,N,08/2019,Analyst
27-4012.00,1.A.3.b.1,Stamina,IM,2.0,8,0.0,2.0,2.0,N,,08/2019,Analyst
27-4012.00,1.A.3.b.1,Stamina,LV,1.12,8,0.125,0.88,1.37,N,N,08/2019,Analyst
27-4012.00,1.A.3.c.1,Extent Flexibility,IM,2.0,8,0.0,2.0,2.0,N,,08/2019,Analyst
27-4012.00,1.A.3.c.1,Extent Flexibility,LV,1.38,8,0.183,1.0164,1.7336,N,N,08/2019,Analyst
27-4012.00,1.A.3.c.2,Dynamic Flexibility,IM,1.0,8,0.0,1.0,1.0,N,,08/2019,Analyst
27-4012.00,1.A.3.c.2,Dynamic Flexibility,LV,0.0,8,0.0,0.0,0.0,N,Y,08/2019,Analyst
27-4012.00,1.A.3.c.3,Gross Body Coordination,IM,2.0,8,0.0,2.0,2.0,N,,08/2019,Analyst
27-4012.00,1.A.3.c.3,Gross Body Coordination,LV,1.0,8,0.0,1.0,1.0,N,N,08/2019,Analyst
27-4012.00,1.A.3.c.4,Gross Body Equilibrium,IM,1.75,8,0.1637,1.4292,2.0708,N,,08/2019,Analyst
27-4012.00,1.A.3.c.4,Gross Body Equilibrium,LV,0.75,8,0.1637,0.4292,1.0708,N,N,08/2019,Analyst
27-4012.00,1.A.4.a.1,Near Vision,IM,3.88,8,0.125,3.63,4.12,N,,08/2019,Analyst
27-4012.00,1.A.4.a.1,Near Vision,LV,4.0,8,0.0,4.0,4.0,N,N,08/2019,Analyst
27-4012.00,1.A.4.a.2,Far Vision,IM,2.88,8,0.125,2.63,3.12,N,,08/2019,Analyst
27-4012.00,1.A.4.a.2,Far Vision,LV,3.5,8,0.189,3.1296,3.8704,N,N,08/2019,Analyst
27-4012.00,1.A.4.a.3,Visual Color Discrimination,IM,3.12,8,0.125,2.88,3.37,N,,08/2019,Analyst
27-4012.00,1.A.4.a.3,Visual Color Discrimination,LV,3.38,8,0.183,3.0164,3.7336,N,N,08/2019,Analyst
27-4012.00,1.A.4.a.4,Night Vision,IM,1.62,8,0.183,1.2664,1.9836,N,,08/2019,Analyst
27-4012.00,1.A.4.a.4,Night Vision,LV,0.75,8,0.25,0.26,1.24,N,N,08/2019,Analyst
27-4012.00,1.A.4.a.5,Peripheral Vision,IM,1.62,8,0.183,1.2664,1.9836,N,,08/2019,Analyst
27-4012.00,1.A.4.a.5,Peripheral Vision,LV,0.75,8,0.25,0.26,1.24,N,N,08/2019,Analyst
27-4012.00,1.A.4.a.6,Depth Perception,IM,2.0,8,0.0,2.0,2.0,N,,08/2019,Analyst
27-4012.00,1.A.4.a.6,Depth Perception,LV,2.12,8,0.125,1.88,2.37,N,N,08/2019,Analyst
27-4012.00,1.A.4.a.7,Glare Sensitivity,IM,1.62,8,0.183,1.2664,1.9836,N,,08/2019,Analyst
27-4012.00,1.A.4.a.7,Glare Sensitivity,LV,0.75,8,0.25,0.26,1.24,N,N,08/2019,Analyst
27-4012.00,1.A.4.b.1,Hearing Sensitivity,IM,2.75,8,0.1637,2.4292,3.0708,N,,08/2019,Analyst
27-4012.00,1.A.4.b.1,Hearing Sensitivity,LV,3.0,8,0.0,3.0,3.0,N,N,08/2019,Analyst
27-4012.00,1.A.4.b.2,Auditory Attention,IM,2.75,8,0.1637,2.4292,3.0708,N,,08/2019,Analyst
27-4012.00,1.A.4.b.2,Auditory Attention,LV,3.0,8,0.0,3.0,3.0,N,N,08/2019,Analyst
27-4012.00,1.A.4.b.3,Sound Localization,IM,1.62,8,0.183,1.2664,1.9836,N,,08/2019,Analyst
27-4012.00,1.A.4.b.3,Sound Localization,LV,0.75,8,0.25,0.26,1.24,N,N,08/2019,Analyst
27-4012.00,1.A.4.b.4,Speech Recognition,IM,3.12,8,0.125,2.88,3.37,N,,08/2019,Analyst
27-4012.00,1.A.4.b.4,Speech Recognition,LV,3.62,8,0.183,3.2664,3.9836,N,N,08/2019,Analyst
27-4012.00,1.A.4.b.5,Speech Clarity,IM,3.12,8,0.125,2.88,3.37,N,,08/2019,Analyst
27-4012.00,1.A.4.b.5,Speech Clarity,LV,3.0,8,0.0,3.0,3.0,N,N,08/2019,Analyst
27-4014.00,1.A.1.a.1,Oral Comprehension,IM,3.75,8,0.1637,3.4292,4.0708,N,,08/2020,Analyst
27-4014.00,1.A.1.a.1,Oral Comprehension,LV,4.0,8,0.0,4.0,4.0,N,N,08/2020,Analyst
27-4014.00,1.A.1.a.2,Written Comprehension,IM,3.5,8,0.189,3.1296,3.8704,N,,08/2020,Analyst
27-4014.00,1.A.1.a.2,Written Comprehension,LV,3.5,8,0.189,3.1296,3.8704,N,N,08/2020,Analyst
27-4014.00,1.A.1.a.3,Oral Expression,IM,3.75,8,0.1637,3.4292,4.0708,N,,08/2020,Analyst
27-4014.00,1.A.1.a.3,Oral Expression,LV,3.88,8,0.125,3.63,4.12,N,N,08/2020,Analyst
27-4014.00,1.A.1.a.4,Written Expression,IM,3.5,8,0.189,3.1296,3.8704,N,,08/2020,Analyst
27-4014.00,1.A.1.a.4,Written Expression,LV,3.38,8,0.183,3.0164,3.7336,N,N,08/2020,Analyst
27-4014.00,1.A.1.b.1,Fluency of Ideas,IM,3.25,8,0.1637,2.9292,3.5708,N,,08/2020,Analyst
27-4014.00,1.A.1.b.1,Fluency of Ideas,LV,3.62,8,0.183,3.2664,3.9836,N,N,08/2020,Analyst
27-4014.00,1.A.1.b.2,Originality,IM,3.38,8,0.183,3.0164,3.7336,N,,08/2020,Analyst
27-4014.00,1.A.1.b.2,Originality,LV,3.25,8,0.1637,2.9292,3.5708,N,N,08/2020,Analyst
27-4014.00,1.A.1.b.3,Problem Sensitivity,IM,3.25,8,0.1637,2.9292,3.5708,N,,08/2020,Analyst
27-4014.00,1.A.1.b.3,Problem Sensitivity,LV,3.25,8,0.1637,2.9292,3.5708,N,N,08/2020,Analyst
27-4014.00,1.A.1.b.4,Deductive Reasoning,IM,3.25,8,0.1637,2.9292,3.5708,N,,08/2020,Analyst
27-4014.00,1.A.1.b.4,Deductive Reasoning,LV,3.25,8,0.1637,2.9292,3.5708,N,N,08/2020,Analyst
27-4014.00,1.A.1.b.5,Inductive Reasoning,IM,3.12,8,0.125,2.88,3.37,N,,08/2020,Analyst
27-4014.00,1.A.1.b.5,Inductive Reasoning,LV,3.12,8,0.125,2.88,3.37,N,N,08/2020,Analyst
27-4014.00,1.A.1.b.6,Information Ordering,IM,3.5,8,0.189,3.1296,3.8704,N,,08/2020,Analyst
27-4014.00,1.A.1.b.6,Information Ordering,LV,3.5,8,0.189,3.1296,3.8704,N,N,08/2020,Analyst
27-4014.00,1.A.1.b.7,Category Flexibility,IM,3.25,8,0.1637,2.9292,3.5708,N,,08/2020,Analyst
27-4014.00,1.A.1.b.7,Category Flexibility,LV,3.25,8,0.1637,2.9292,3.5708,N,N,08/2020,Analyst
27-4014.00,1.A.1.c.1,Mathematical Reasoning,IM,2.12,8,0.125,1.88,2.37,N,,08/2020,Analyst
27-4014.00,1.A.1.c.1,Mathematical Reasoning,LV,2.0,8,0.0,2.0,2.0,N,N,08/2020,Analyst
27-4014.00,1.A.1.c.2,Number Facility,IM,2.25,8,0.1637,1.9292,2.5708,N,,08/2020,Analyst
27-4014.00,1.A.1.c.2,Number Facility,LV,2.12,8,0.125,1.88,2.37,N,N,08/2020,Analyst
27-4014.00,1.A.1.d.1,Memorization,IM,2.5,8,0.189,2.1296,2.8704,N,,08/2020,Analyst
27-4014.00,1.A.1.d.1,Memorization,LV,2.38,8,0.183,2.0164,2.7336,N,N,08/2020,Analyst
27-4014.00,1.A.1.e.1,Speed of Closure,IM,2.88,8,0.2266,2.4309,3.3191,N,,08/2020,Analyst
27-4014.00,1.A.1.e.1,Speed of Closure,LV,3.12,8,0.125,2.88,3.37,N,N,08/2020,Analyst
27-4014.00,1.A.1.e.2,Flexibility of Closure,IM,3.0,8,0.189,2.6296,3.3704,N,,08/2020,Analyst
27-4014.00,1.A.1.e.2,Flexibility of Closure,LV,2.88,8,0.125,2.63,3.12,N,N,08/2020,Analyst
27-4014.00,1.A.1.e.3,Perceptual Speed,IM,3.12,8,0.2266,2.6809,3.5691,N,,08/2020,Analyst
27-4014.00,1.A.1.e.3,Perceptual Speed,LV,2.62,8,0.2631,2.1094,3.1406,N,N,08/2020,Analyst
27-4014.00,1.A.1.f.1,Spatial Orientation,IM,1.38,8,0.183,1.0164,1.7336,N,,08/2020,Analyst
27-4014.00,1.A.1.f.1,Spatial Orientation,LV,0.38,8,0.183,0.0164,0.7336,N,N,08/2020,Analyst
27-4014.00,1.A.1.f.2,Visualization,IM,3.12,8,0.2266,2.6809,3.5691,N,,08/2020,Analyst
27-4014.00,1.A.1.f.2,Visualization,LV,2.88,8,0.2266,2.4309,3.3191,N,N,08/2020,Analyst
27-4014.00,1.A.1.g.1,Selective Attention,IM,3.38,8,0.183,3.0164,3.7336,N,,08/2020,Analyst
27-4014.00,1.A.1.g.1,Selective Attention,LV,3.25,8,0.1637,2.9292,3.5708,N,N,08/2020,Analyst
27-4014.00,1.A.1.g.2,Time Sharing,IM,2.75,8,0.1637,2.4292,3.0708,N,,08/2020,Analyst
27-4014.00,1.A.1.g.2,Time Sharing,LV,2.62,8,0.183,2.2664,2.9836,N,N,08/2020,Analyst
27-4014.00,1.A.2.a.1,Arm-Hand Steadiness,IM,3.12,8,0.125,2.88,3.37,N,,08/2020,Analyst
27-4014.00,1.A.2.a.1,Arm-Hand Steadiness,LV,3.12,8,0.125,2.88,3.37,N,N,08/2020,Analyst
27-4014.00,1.A.2.a.2,Manual Dexterity,IM,2.88,8,0.125,2.63,3.12,N,,08/2020,Analyst
27-4014.00,1.A.2.a.2,Manual Dexterity,LV,3.0,8,0.0,3.0,3.0,N,N,08/2020,Analyst
27-4014.00,1.A.2.a.3,Finger Dexterity,IM,3.0,8,0.0,3.0,3.0,N,,08/2020,Analyst
27-4014.00,1.A.2.a.3,Finger Dexterity,LV,3.12,8,0.125,2.88,3.37,N,N,08/2020,Analyst
27-4014.00,1.A.2.b.1,Control Precision,IM,3.12,8,0.125,2.88,3.37,N,,08/2020,Analyst
27-4014.00,1.A.2.b.1,Control Precision,LV,3.25,8,0.25,2.76,3.74,N,N,08/2020,Analyst
27-4014.00,1.A.2.b.2,Multilimb Coordination,IM,2.25,8,0.1637,1.9292,2.5708,N,,08/2020,Analyst
27-4014.00,1.A.2.b.2,Multilimb Coordination,LV,2.25,8,0.25,1.76,2.74,N,N,08/2020,Analyst
27-4014.00,1.A.2.b.3,Response Orientation,IM,1.88,8,0.125,1.63,2.12,N,,08/2020,Analyst
27-4014.00,1.A.2.b.3,Response Orientation,LV,1.25,8,0.25,0.76,1.74,N,N,08/2020,Analyst
27-4014.00,1.A.2.b.4,Rate Control,IM,1.75,8,0.1637,1.4292,2.0708,N,,08/2020,Analyst
27-4014.00,1.A.2.b.4,Rate Control,LV,0.88,8,0.2266,0.4309,1.3191,N,N,08/2020,Analyst
27-4014.00,1.A.2.c.1,Reaction Time,IM,1.75,8,0.1637,1.4292,2.0708,N,,08/2020,Analyst
27-4014.00,1.A.2.c.1,Reaction Time,LV,1.25,8,0.3134,0.6358,1.8642,N,N,08/2020,Analyst
27-4014.00,1.A.2.c.2,Wrist-Finger Speed,IM,2.0,8,0.0,2.0,2.0,N,,08/2020,Analyst
27-4014.00,1.A.2.c.2,Wrist-Finger Speed,LV,1.88,8,0.125,1.63,2.12,N,N,08/2020,Analyst
27-4014.00,1.A.2.c.3,Speed of Limb Movement,IM,1.0,8,0.0,1.0,1.0,N,,08/2020,Analyst
27-4014.00,1.A.2.c.3,Speed of Limb Movement,LV,0.0,8,0.0,0.0,0.0,N,Y,08/2020,Analyst
27-4014.00,1.A.3.a.1,Static Strength,IM,2.12,8,0.125,1.88,2.37,N,,08/2020,Analyst
27-4014.00,1.A.3.a.1,Static Strength,LV,1.62,8,0.183,1.2664,1.9836,N,N,08/2020,Analyst
27-4014.00,1.A.3.a.2,Explosive Strength,IM,1.0,8,0.0,1.0,1.0,N,,08/2020,Analyst
27-4014.00,1.A.3.a.2,Explosive Strength,LV,0.0,8,0.0,0.0,0.0,N,Y,08/2020,Analyst
27-4014.00,1.A.3.a.3,Dynamic Strength,IM,1.38,8,0.183,1.0164,1.7336,N,,08/2020,Analyst
27-4014.00,1.A.3.a.3,Dynamic Strength,LV,0.5,8,0.2673,0.0,1.0238,N,N,08/2020,Analyst
27-4014.00,1.A.3.a.4,Trunk Strength,IM,1.88,8,0.2266,1.4309,2.3191,N,,08/2020,Analyst
27-4014.00,1.A.3.a.4,Trunk Strength,LV,1.38,8,0.375,0.64,2.11,N,N,08/2020,Analyst
27-4014.00,1.A.3.b.1,Stamina,IM,1.12,8,0.125,1.0,1.37,N,,08/2020,Analyst
27-4014.00,1.A.3.b.1,Stamina,LV,0.12,8,0.125,0.0,0.37,N,Y,08/2020,Analyst
27-4014.00,1.A.3.c.1,Extent Flexibility,IM,1.88,8,0.2266,1.4309,2.3191,N,,08/2020,Analyst
27-4014.00,1.A.3.c.1,Extent Flexibility,LV,1.0,8,0.3273,0.3584,1.6416,N,N,08/2020,Analyst
27-4014.00,1.A.3.c.2,Dynamic Flexibility,IM,1.0,8,0.0,1.0,1.0,N,,08/2020,Analyst
27-4014.00,1.A.3.c.2,Dynamic Flexibility,LV,0.0,8,0.0,0.0,0.0,N,Y,08/2020,Analyst
27-4014.00,1.A.3.c.3,Gross Body Coordination,IM,1.12,8,0.125,1.0,1.37,N,,08/2020,Analyst
27-4014.00,1.A.3.c.3,Gross Body Coordination,LV,0.12,8,0.125,0.0,0.37,N,Y,08/2020,Analyst
27-4014.00,1.A.3.c.4,Gross Body Equilibrium,IM,1.0,8,0.0,1.0,1.0,N,,08/2020,Analyst
27-4014.00,1.A.3.c.4,Gross Body Equilibrium,LV,0.0,8,0.0,0.0,0.0,N,Y,08/2020,Analyst
27-4014.00,1.A.4.a.1,Near Vision,IM,3.88,8,0.125,3.63,4.12,N,,08/2020,Analyst
27-4014.00,1.A.4.a.1,Near Vision,LV,3.88,8,0.125,3.63,4.12,N,N,08/2020,Analyst
27-4014.00,1.A.4.a.2,Far Vision,IM,3.0,8,0.0,3.0,3.0,N,,08/2020,Analyst
27-4014.00,1.A.4.a.2,Far Vision,LV,3.0,8,0.0,3.0,3.0,N,N,08/2020,Analyst
27-4014.00,1.A.4.a.3,Visual Color Discrimination,IM,2.88,8,0.2266,2.4309,3.3191,N,,08/2020,Analyst
27-4014.00,1.A.4.a.3,Visual Color Discrimination,LV,2.75,8,0.1637,2.4292,3.0708,N,N,08/2020,Analyst
27-4014.00,1.A.4.a.4,Night Vision,IM,1.0,8,0.0,1.0,1.0,N,,08/2020,Analyst
27-4014.00,1.A.4.a.4,Night Vision,LV,0.0,8,0.0,0.0,0.0,N,Y,08/2020,Analyst
27-4014.00,1.A.4.a.5,Peripheral Vision,IM,1.0,8,0.0,1.0,1.0,N,,08/2020,Analyst
27-4014.00,1.A.4.a.5,Peripheral Vision,LV,0.0,8,0.0,0.0,0.0,N,Y,08/2020,Analyst
27-4014.00,1.A.4.a.6,Depth Perception,IM,2.0,8,0.0,2.0,2.0,N,,08/2020,Analyst
27-4014.00,1.A.4.a.6,Depth Perception,LV,1.88,8,0.125,1.63,2.12,N,N,08/2020,Analyst
27-4014.00,1.A.4.a.7,Glare Sensitivity,IM,1.0,8,0.0,1.0,1.0,N,,08/2020,Analyst
27-4014.00,1.A.4.a.7,Glare Sensitivity,LV,0.0,8,0.0,0.0,0.0,N,Y,08/2020,Analyst
27-4014.00,1.A.4.b.1,Hearing Sensitivity,IM,3.62,8,0.183,3.2664,3.9836,N,,08/2020,Analyst
27-4014.00,1.A.4.b.1,Hearing Sensitivity,LV,3.88,8,0.2266,3.4309,4.3191,N,N,08/2020,Analyst
27-4014.00,1.A.4.b.2,Auditory Attention,IM,3.25,8,0.1637,2.9292,3.5708,N,,08/2020,Analyst
27-4014.00,1.A.4.b.2,Auditory Attention,LV,3.38,8,0.2631,2.8594,3.8906,N,N,08/2020,Analyst
27-4014.00,1.A.4.b.3,Sound Localization,IM,1.62,8,0.2631,1.1094,2.1406,N,,08/2020,Analyst
27-4014.00,1.A.4.b.3,Sound Localization,LV,0.88,8,0.3981,0.0947,1.6553,N,N,08/2020,Analyst
27-4014.00,1.A.4.b.4,Speech Recognition,IM,3.25,8,0.1637,2.9292,3.5708,N,,08/2020,Analyst
27-4014.00,1.A.4.b.4,Speech Recognition,LV,3.0,8,0.0,3.0,3.0,N,N,08/2020,Analyst
27-4014.00,1.A.4.b.5,Speech Clarity,IM,3.5,8,0.189,3.1296,3.8704,N,,08/2020,Analyst
27-4014.00,1.A.4.b.5,Speech Clarity,LV,3.0,8,0.0,3.0,3.0,N,N,08/2020,Analyst
27-4021.00,1.A.1.a.1,Oral Comprehension,IM,3.62,8,0.2631,3.1094,4.1406,N,,08/2021,Analyst
27-4021.00,1.A.1.a.1,Oral Comprehension,LV,4.0,8,0.0,4.0,4.0,N,N,08/2021,Analyst
27-4021.00,1.A.1.a.2,Written Comprehension,IM,3.25,8,0.1637,2.9292,3.5708,N,,08/2021,Analyst
27-4021.00,1.A.1.a.2,Written Comprehension,LV,3.62,8,0.183,3.2664,3.9836,N,N,08/2021,Analyst
27-4021.00,1.A.1.a.3,Oral Expression,IM,3.88,8,0.125,3.63,4.12,N,,08/2021,Analyst
27-4021.00,1.A.1.a.3,Oral Expression,LV,4.0,8,0.0,4.0,4.0,N,N,08/2021,Analyst
27-4021.00,1.A.1.a.4,Written Expression,IM,3.0,8,0.0,3.0,3.0,N,,08/2021,Analyst
27-4021.00,1.A.1.a.4,Written Expression,LV,3.0,8,0.0,3.0,3.0,N,N,08/2021,Analyst
27-4021.00,1.A.1.b.1,Fluency of Ideas,IM,3.25,8,0.1637,2.9292,3.5708,N,,08/2021,Analyst
27-4021.00,1.A.1.b.1,Fluency of Ideas,LV,3.75,8,0.1637,3.4292,4.0708,N,N,08/2021,Analyst
27-4021.00,1.A.1.b.2,Originality,IM,3.88,8,0.125,3.63,4.12,N,,08/2021,Analyst
27-4021.00,1.A.1.b.2,Originality,LV,3.88,8,0.125,3.63,4.12,N,N,08/2021,Analyst
27-4021.00,1.A.1.b.3,Problem Sensitivity,IM,3.38,8,0.183,3.0164,3.7336,N,,08/2021,Analyst
27-4021.00,1.A.1.b.3,Problem Sensitivity,LV,3.5,8,0.189,3.1296,3.8704,N,N,08/2021,Analyst
27-4021.00,1.A.1.b.4,Deductive Reasoning,IM,3.12,8,0.125,2.88,3.37,N,,08/2021,Analyst
27-4021.00,1.A.1.b.4,Deductive Reasoning,LV,3.75,8,0.1637,3.4292,4.0708,N,N,08/2021,Analyst
27-4021.00,1.A.1.b.5,Inductive Reasoning,IM,3.0,8,0.0,3.0,3.0,N,,08/2021,Analyst
27-4021.00,1.A.1.b.5,Inductive Reasoning,LV,3.0,8,0.0,3.0,3.0,N,N,08/2021,Analyst
27-4021.00,1.A.1.b.6,Information Ordering,IM,3.0,8,0.0,3.0,3.0,N,,08/2021,Analyst
27-4021.00,1.A.1.b.6,Information Ordering,LV,3.0,8,0.0,3.0,3.0,N,N,08/2021,Analyst
27-4021.00,1.A.1.b.7,Category Flexibility,IM,3.12,8,0.125,2.88,3.37,N,,08/2021,Analyst
27-4021.00,1.A.1.b.7,Category Flexibility,LV,3.38,8,0.183,3.0164,3.7336,N,N,08/2021,Analyst
27-4021.00,1.A.1.c.1,Mathematical Reasoning,IM,2.0,8,0.0,2.0,2.0,N,,08/2021,Analyst
27-4021.00,1.A.1.c.1,Mathematical Reasoning,LV,1.88,8,0.125,1.63,2.12,N,N,08/2021,Analyst
27-4021.00,1.A.1.c.2,Number Facility,IM,2.0,8,0.0,2.0,2.0,N,,08/2021,Analyst
27-4021.00,1.A.1.c.2,Number Facility,LV,1.75,8,0.1637,1.4292,2.0708,N,N,08/2021,Analyst
27-4021.00,1.A.1.d.1,Memorization,IM,2.0,8,0.0,2.0,2.0,N,,08/2021,Analyst
27-4021.00,1.A.1.d.1,Memorization,LV,2.0,8,0.0,2.0,2.0,N,N,08/2021,Analyst
27-4021.00,1.A.1.e.1,Speed of Closure,IM,2.38,8,0.183,2.0164,2.7336,N,,08/2021,Analyst
27-4021.00,1.A.1.e.1,Speed of Closure,LV,2.75,8,0.25,2.26,3.24,N,N,08/2021,Analyst
27-4021.00,1.A.1.e.2,Flexibility of Closure,IM,3.0,8,0.189,2.6296,3.3704,N,,08/2021,Analyst
27-4021.00,1.A.1.e.2,Flexibility of Closure,LV,3.12,8,0.2266,2.6809,3.5691,N,N,08/2021,Analyst
27-4021.00,1.A.1.e.3,Perceptual Speed,IM,2.75,8,0.1637,2.4292,3.0708,N,,08/2021,Analyst
27-4021.00,1.A.1.e.3,Perceptual Speed,LV,2.75,8,0.1637,2.4292,3.0708,N,N,08/2021,Analyst
27-4021.00,1.A.1.f.1,Spatial Orientation,IM,1.88,8,0.125,1.63,2.12,N,,08/2021,Analyst
27-4021.00,1.A.1.f.1,Spatial Orientation,LV,1.0,8,0.189,0.6296,1.3704,N,N,08/2021,Analyst
27-4021.00,1.A.1.f.2,Visualization,IM,3.88,8,0.125,3.63,4.12,N,,08/2021,Analyst
27-4021.00,1.A.1.f.2,Visualization,LV,4.0,8,0.189,3.6296,4.3704,N,N,08/2021,Analyst
27-4021.00,1.A.1.g.1,Selective Attention,IM,3.0,8,0.0,3.0,3.0,N,,08/2021,Analyst
27-4021.00,1.A.1.g.1,Selective Attention,LV,3.0,8,0.0,3.0,3.0,N,N,08/2021,Analyst
27-4021.00,1.A.1.g.2,Time Sharing,IM,2.75,8,0.1637,2.4292,3.0708,N,,08/2021,Analyst
27-4021.00,1.A.1.g.2,Time Sharing,LV,2.88,8,0.125,2.63,3.12,N,N,08/2021,Analyst
27-4021.00,1.A.2.a.1,Arm-Hand Steadiness,IM,3.0,8,0.0,3.0,3.0,N,,08/2021,Analyst
27-4021.00,1.A.2.a.1,Arm-Hand Steadiness,LV,3.0,8,0.0,3.0,3.0,N,N,08/2021,Analyst
27-4021.00,1.A.2.a.2,Manual Dexterity,IM,3.0,8,0.0,3.0,3.0,N,,08/2021,Analyst
27-4021.00,1.A.2.a.2,Manual Dexterity,LV,2.88,8,0.125,2.63,3.12,N,N,08/2021,Analyst
27-4021.00,1.A.2.a.3,Finger Dexterity,IM,2.88,8,0.125,2.63,3.12,N,,08/2021,Analyst
27-4021.00,1.A.2.a.3,Finger Dexterity,LV,2.88,8,0.125,2.63,3.12,N,N,08/2021,Analyst
27-4021.00,1.A.2.b.1,Control Precision,IM,2.88,8,0.125,2.63,3.12,N,,08/2021,Analyst
27-4021.00,1.A.2.b.1,Control Precision,LV,2.88,8,0.125,2.63,3.12,N,N,08/2021,Analyst
27-4021.00,1.A.2.b.2,Multilimb Coordination,IM,2.75,8,0.1637,2.4292,3.0708,N,,08/2021,Analyst
27-4021.00,1.A.2.b.2,Multilimb Coordination,LV,2.75,8,0.1637,2.4292,3.0708,N,N,08/2021,Analyst
27-4021.00,1.A.2.b.3,Response Orientation,IM,2.0,8,0.0,2.0,2.0,N,,08/2021,Analyst
27-4021.00,1.A.2.b.3,Response Orientation,LV,1.88,8,0.125,1.63,2.12,N,N,08/2021,Analyst
27-4021.00,1.A.2.b.4,Rate Control,IM,2.38,8,0.2631,1.8594,2.8906,N,,08/2021,Analyst
27-4021.00,1.A.2.b.4,Rate Control,LV,2.25,8,0.366,1.5327,2.9673,N,N,08/2021,Analyst
27-4021.00,1.A.2.c.1,Reaction Time,IM,2.5,8,0.189,2.1296,2.8704,N,,08/2021,Analyst
27-4021.00,1.A.2.c.1,Reaction Time,LV,2.5,8,0.189,2.1296,2.8704,N,N,08/2021,Analyst
27-4021.00,1.A.2.c.2,Wrist-Finger Speed,IM,2.12,8,0.125,1.88,2.37,N,,08/2021,Analyst
27-4021.00,1.A.2.c.2,Wrist-Finger Speed,LV,1.38,8,0.183,1.0164,1.7336,N,N,08/2021,Analyst
27-4021.00,1.A.2.c.3,Speed of Limb Movement,IM,1.25,8,0.1637,1.0,1.5708,N,,08/2021,Analyst
27-4021.00,1.A.2.c.3,Speed of Limb Movement,LV,0.25,8,0.1637,0.0,0.5708,N,Y,08/2021,Analyst
27-4021.00,1.A.3.a.1,Static Strength,IM,2.0,8,0.0,2.0,2.0,N,,08/2021,Analyst
27-4021.00,1.A.3.a.1,Static Strength,LV,2.0,8,0.0,2.0,2.0,N,N,08/2021,Analyst
27-4021.00,1.A.3.a.2,Explosive Strength,IM,1.25,8,0.1637,1.0,1.5708,N,,08/2021,Analyst
27-4021.00,1.A.3.a.2,Explosive Strength,LV,0.25,8,0.1637,0.0,0.5708,N,Y,08/2021,Analyst
27-4021.00,1.A.3.a.3,Dynamic Strength,IM,1.75,8,0.1637,1.4292,2.0708,N,,08/2021,Analyst
27-4021.00,1.A.3.a.3,Dynamic Strength,LV,1.25,8,0.3134,0.6358,1.8642,N,N,08/2021,Analyst
27-4021.00,1.A.3.a.4,Trunk Strength,IM,2.25,8,0.1637,1.9292,2.5708,N,,08/2021,Analyst
27-4021.00,1.A.3.a.4,Trunk Strength,LV,2.12,8,0.125,1.88,2.37,N,N,08/2021,Analyst
27-4021.00,1.A.3.b.1,Stamina,IM,1.75,8,0.1637,1.4292,2.0708,N,,08/2021,Analyst
27-4021.00,1.A.3.b.1,Stamina,LV,0.75,8,0.1637,0.4292,1.0708,N,N,08/2021,Analyst
27-4021.00,1.A.3.c.1,Extent Flexibility,IM,2.0,8,0.0,2.0,2.0,N,,08/2021,Analyst
27-4021.00,1.A.3.c.1,Extent Flexibility,LV,1.88,8,0.125,1.63,2.12,N,N,08/2021,Analyst
27-4021.00,1.A.3.c.2,Dynamic Flexibility,IM,1.0,8,0.0,1.0,1.0,N,,08/2021,Analyst
27-4021.00,1.A.3.c.2,Dynamic Flexibility,LV,0.0,8,0.0,0.0,0.0,N,Y,08/2021,Analyst
27-4021.00,1.A.3.c.3,Gross Body Coordination,IM,1.88,8,0.125,1.63,2.12,N,,08/2021,Analyst
27-4021.00,1.A.3.c.3,Gross Body Coordination,LV,1.38,8,0.2631,0.8594,1.8906,N,N,08/2021,Analyst
27-4021.00,1.A.3.c.4,Gross Body Equilibrium,IM,1.88,8,0.125,1.63,2.12,N,,08/2021,Analyst
27-4021.00,1.A.3.c.4,Gross Body Equilibrium,LV,1.25,8,0.25,0.76,1.74,N,N,08/2021,Analyst
27-4021.00,1.A.4.a.1,Near Vision,IM,4.0,8,0.0,4.0,4.0,N,,08/2021,Analyst
27-4021.00,1.A.4.a.1,Near Vision,LV,4.12,8,0.125,3.88,4.37,N,N,08/2021,Analyst
27-4021.00,1.A.4.a.2,Far Vision,IM,3.88,8,0.125,3.63,4.12,N,,08/2021,Analyst
27-4021.00,1.A.4.a.2,Far Vision,LV,4.0,8,0.189,3.6296,4.3704,N,N,08/2021,Analyst
27-4021.00,1.A.4.a.3,Visual Color Discrimination,IM,3.62,8,0.183,3.2664,3.9836,N,,08/2021,Analyst
27-4021.00,1.A.4.a.3,Visual Color Discrimination,LV,4.0,8,0.2673,3.4762,4.5238,N,N,08/2021,Analyst
27-4021.00,1.A.4.a.4,Night Vision,IM,1.62,8,0.183,1.2664,1.9836,N,,08/2021,Analyst
27-4021.00,1.A.4.a.4,Night Vision,LV,0.62,8,0.183,0.2664,0.9836,N,N,08/2021,Analyst
27-4021.00,1.A.4.a.5,Peripheral Vision,IM,1.62,8,0.2631,1.1094,2.1406,N,,08/2021,Analyst
27-4021.00,1.A.4.a.5,Peripheral Vision,LV,0.75,8,0.366,0.0327,1.4673,N,N,08/2021,Analyst
27-4021.00,1.A.4.a.6,Depth Perception,IM,2.75,8,0.1637,2.4292,3.0708,N,,08/2021,Analyst
27-4021.00,1.A.4.a.6,Depth Perception,LV,2.88,8,0.125,2.63,3.12,N,N,08/2021,Analyst
27-4021.00,1.A.4.a.7,Glare Sensitivity,IM,2.0,8,0.189,1.6296,2.3704,N,,08/2021,Analyst
27-4021.00,1.A.4.a.7,Glare Sensitivity,LV,1.38,8,0.3239,0.7402,2.0098,N,N,08/2021,Analyst
27-4021.00,1.A.4.b.1,Hearing Sensitivity,IM,1.75,8,0.1637,1.4292,2.0708,N,,08/2021,Analyst
27-4021.00,1.A.4.b.1,Hearing Sensitivity,LV,1.5,8,0.3273,0.8584,2.1416,N,N,08/2021,Analyst
27-4021.00,1.A.4.b.2,Auditory Attention,IM,1.75,8,0.1637,1.4292,2.0708,N,,08/2021,Analyst
27-4021.00,1.A.4.b.2,Auditory Attention,LV,1.5,8,0.3273,0.8584,2.1416,N,N,08/2021,Analyst
27-4021.00,1.A.4.b.3,Sound Localization,IM,1.12,8,0.125,1.0,1.37,N,,08/2021,Analyst
27-4021.00,1.A.4.b.3,Sound Localization,LV,0.12,8,0.125,0.0,0.37,N,Y,08/2021,Analyst
27-4021.00,1.A.4.b.4,Speech Recognition,IM,3.0,8,0.0,3.0,3.0,N,,08/2021,Analyst
27-4021.00,1.A.4.b.4,Speech Recognition,LV,3.0,8,0.0,3.0,3.0,N,N,08/2021,Analyst
27-4021.00,1.A.4.b.5,Speech Clarity,IM,3.25,8,0.1637,2.9292,3.5708,N,,08/2021,Analyst
27-4021.00,1.A.4.b.5,Speech Clarity,LV,3.25,8,0.1637,2.9292,3.5708,N,N,08/2021,Analyst
27-4031.00,1.A.1.a.1,Oral Comprehension,IM,3.5,8,0.2673,2.9762,4.0238,N,,08/2019,Analyst
27-4031.00,1.A.1.a.1,Oral Comprehension,LV,4.0,8,0.0,4.0,4.0,N,N,08/2019,Analyst
27-4031.00,1.A.1.a.2,Written Comprehension,IM,2.88,8,0.125,2.63,3.12,N,,08/2019,Analyst
27-4031.00,1.A.1.a.2,Written Comprehension,LV,3.25,8,0.1637,2.9292,3.5708,N,N,08/2019,Analyst
27-4031.00,1.A.1.a.3,Oral Expression,IM,3.62,8,0.183,3.2664,3.9836,N,,08/2019,Analyst
27-4031.00,1.A.1.a.3,Oral Expression,LV,3.75,8,0.1637,3.4292,4.0708,N,N,08/2019,Analyst
27-4031.00,1.A.1.a.4,Written Expression,IM,2.75,8,0.1637,2.4292,3.0708,N,,08/2019,Analyst
27-4031.00,1.A.1.a.4,Written Expression,LV,3.0,8,0.0,3.0,3.0,N,N,08/2019,Analyst
27-4031.00,1.A.1.b.1,Fluency of Ideas,IM,3.12,8,0.125,2.88,3.37,N,,08/2019,Analyst
27-4031.00,1.A.1.b.1,Fluency of Ideas,LV,3.25,8,0.1637,2.9292,3.5708,N,N,08/2019,Analyst
27-4031.00,1.A.1.b.2,Originality,IM,3.12,8,0.125,2.88,3.37,N,,08/2019,Analyst
27-4031.00,1.A.1.b.2,Originality,LV,3.12,8,0.125,2.88,3.37,N,N,08/2019,Analyst
27-4031.00,1.A.1.b.3,Problem Sensitivity,IM,3.62,8,0.183,3.2664,3.9836,N,,08/2019,Analyst
27-4031.00,1.A.1.b.3,Problem Sensitivity,LV,3.25,8,0.1637,2.9292,3.5708,N,N,08/2019,Analyst
27-4031.00,1.A.1.b.4,Deductive Reasoning,IM,3.12,8,0.125,2.88,3.37,N,,08/2019,Analyst
27-4031.00,1.A.1.b.4,Deductive Reasoning,LV,3.5,8,0.189,3.1296,3.8704,N,N,08/2019,Analyst
27-4031.00,1.A.1.b.5,Inductive Reasoning,IM,3.12,8,0.125,2.88,3.37,N,,08/2019,Analyst
27-4031.00,1.A.1.b.5,Inductive Reasoning,LV,3.0,8,0.0,3.0,3.0,N,N,08/2019,Analyst
27-4031.00,1.A.1.b.6,Information Ordering,IM,3.25,8,0.1637,2.9292,3.5708,N,,08/2019,Analyst
27-4031.00,1.A.1.b.6,Information Ordering,LV,3.12,8,0.125,2.88,3.37,N,N,08/2019,Analyst
27-4031.00,1.A.1.b.7,Category Flexibility,IM,3.0,8,0.0,3.0,3.0,N,,08/2019,Analyst
27-4031.00,1.A.1.b.7,Category Flexibility,LV,2.88,8,0.125,2.63,3.12,N,N,08/2019,Analyst
27-4031.00,1.A.1.c.1,Mathematical Reasoning,IM,2.0,8,0.0,2.0,2.0,N,,08/2019,Analyst
27-4031.00,1.A.1.c.1,Mathematical Reasoning,LV,2.0,8,0.0,2.0,2.0,N,N,08/2019,Analyst
27-4031.00,1.A.1.c.2,Number Facility,IM,2.0,8,0.0,2.0,2.0,N,,08/2019,Analyst
27-4031.00,1.A.1.c.2,Number Facility,LV,2.0,8,0.0,2.0,2.0,N,N,08/2019,Analyst
27-4031.00,1.A.1.d.1,Memorization,IM,2.12,8,0.125,1.88,2.37,N,,08/2019,Analyst
27-4031.00,1.A.1.d.1,Memorization,LV,2.25,8,0.1637,1.9292,2.5708,N,N,08/2019,Analyst
27-4031.00,1.A.1.e.1,Speed of Closure,IM,2.5,8,0.189,2.1296,2.8704,N,,08/2019,Analyst
27-4031.00,1.A.1.e.1,Speed of Closure,LV,2.25,8,0.1637,1.9292,2.5708,N,N,08/2019,Analyst
27-4031.00,1.A.1.e.2,Flexibility of Closure,IM,3.25,8,0.1637,2.9292,3.5708,N,,08/2019,Analyst
27-4031.00,1.A.1.e.2,Flexibility of Closure,LV,3.25,8,0.1637,2.9292,3.5708,N,N,08/2019,Analyst
27-4031.00,1.A.1.e.3,Perceptual Speed,IM,2.88,8,0.125,2.63,3.12,N,,08/2019,Analyst
27-4031.00,1.A.1.e.3,Perceptual Speed,LV,3.12,8,0.125,2.88,3.37,N,N,08/2019,Analyst
27-4031.00,1.A.1.f.1,Spatial Orientation,IM,2.12,8,0.295,1.5467,2.7033,N,,08/2019,Analyst
27-4031.00,1.A.1.f.1,Spatial Orientation,LV,1.5,8,0.3273,0.8584,2.1416,N,N,08/2019,Analyst
27-4031.00,1.A.1.f.2,Visualization,IM,3.75,8,0.1637,3.4292,4.0708,N,,08/2019,Analyst
27-4031.00,1.A.1.f.2,Visualization,LV,3.75,8,0.1637,3.4292,4.0708,N,N,08/2019,Analyst
27-4031.00,1.A.1.g.1,Selective Attention,IM,3.25,8,0.1637,2.9292,3.5708,N,,08/2019,Analyst
27-4031.00,1.A.1.g.1,Selective Attention,LV,3.25,8,0.1637,2.9292,3.5708,N,N,08/2019,Analyst
27-4031.00,1.A.1.g.2,Time Sharing,IM,3.0,8,0.0,3.0,3.0,N,,08/2019,Analyst
27-4031.00,1.A.1.g.2,Time Sharing,LV,3.0,8,0.189,2.6296,3.3704,N,N,08/2019,Analyst
27-4031.00,1.A.2.a.1,Arm-Hand Steadiness,IM,3.25,8,0.1637,2.9292,3.5708,N,,08/2019,Analyst
27-4031.00,1.A.2.a.1,Arm-Hand Steadiness,LV,3.12,8,0.125,2.88,3.37,N,N,08/2019,Analyst
27-4031.00,1.A.2.a.2,Manual Dexterity,IM,3.12,8,0.125,2.88,3.37,N,,08/2019,Analyst
27-4031.00,1.A.2.a.2,Manual Dexterity,LV,3.0,8,0.0,3.0,3.0,N,N,08/2019,Analyst
27-4031.00,1.A.2.a.3,Finger Dexterity,IM,3.12,8,0.125,2.88,3.37,N,,08/2019,Analyst
27-4031.00,1.A.2.a.3,Finger Dexterity,LV,3.0,8,0.0,3.0,3.0,N,N,08/2019,Analyst
27-4031.00,1.A.2.b.1,Control Precision,IM,3.25,8,0.1637,2.9292,3.5708,N,,08/2019,Analyst
27-4031.00,1.A.2.b.1,Control Precision,LV,3.12,8,0.125,2.88,3.37,N,N,08/2019,Analyst
27-4031.00,1.A.2.b.2,Multilimb Coordination,IM,2.88,8,0.125,2.63,3.12,N,,08/2019,Analyst
27-4031.00,1.A.2.b.2,Multilimb Coordination,LV,2.88,8,0.125,2.63,3.12,N,N,08/2019,Analyst
27-4031.00,1.A.2.b.3,Response Orientation,IM,2.25,8,0.3134,1.6358,2.8642,N,,08/2019,Analyst
27-4031.00,1.A.2.b.3,Response Orientation,LV,2.12,8,0.4795,1.1852,3.0648,N,N,08/2019,Analyst
27-4031.00,1.A.2.b.4,Rate Control,IM,2.25,8,0.1637,1.9292,2.5708,N,,08/2019,Analyst
27-4031.00,1.A.2.b.4,Rate Control,LV,2.12,8,0.125,1.88,2.37,N,N,08/2019,Analyst
27-4031.00,1.A.2.c.1,Reaction Time,IM,2.12,8,0.125,1.88,2.37,N,,08/2019,Analyst
27-4031.00,1.A.2.c.1,Reaction Time,LV,2.5,8,0.189,2.1296,2.8704,N,N,08/2019,Analyst
27-4031.00,1.A.2.c.2,Wrist-Finger Speed,IM,2.0,8,0.0,2.0,2.0,N,,08/2019,Analyst
27-4031.00,1.A.2.c.2,Wrist-Finger Speed,LV,2.0,8,0.189,1.6296,2.3704,N,N,08/2019,Analyst
27-4031.00,1.A.2.c.3,Speed of Limb Movement,IM,1.75,8,0.1637,1.4292,2.0708,N,,08/2019,Analyst
27-4031.00,1.A.2.c.3,Speed of Limb Movement,LV,1.25,8,0.3134,0.6358,1.8642,N,N,08/2019,Analyst
27-4031.00,1.A.3.a.1,Static Strength,IM,2.62,8,0.183,2.2664,2.9836,N,,08/2019,Analyst
27-4031.00,1.A.3.a.1,Static Strength,LV,2.88,8,0.125,2.63,3.12,N,N,08/2019,Analyst
27-4031.00,1.A.3.a.2,Explosive Strength,IM,1.62,8,0.183,1.2664,1.9836,N,,08/2019,Analyst
27-4031.00,1.A.3.a.2,Explosive Strength,LV,0.88,8,0.295,0.2967,1.4533,N,N,08/2019,Analyst
27-4031.00,1.A.3.a.3,Dynamic Strength,IM,2.0,8,0.0,2.0,2.0,N,,08/2019,Analyst
27-4031.00,1.A.3.a.3,Dynamic Strength,LV,1.62,8,0.183,1.2664,1.9836,N,N,08/2019,Analyst
27-4031.00,1.A.3.a.4,Trunk Strength,IM,2.62,8,0.183,2.2664,2.9836,N,,08/2019,Analyst
27-4031.00,1.A.3.a.4,Trunk Strength,LV,2.62,8,0.183,2.2664,2.9836,N,N,08/2019,Analyst
27-4031.00,1.A.3.b.1,Stamina,IM,2.0,8,0.0,2.0,2.0,N,,08/2019,Analyst
27-4031.00,1.A.3.b.1,Stamina,LV,1.75,8,0.1637,1.4292,2.0708,N,N,08/2019,Analyst
27-4031.00,1.A.3.c.1,Extent Flexibility,IM,2.25,8,0.1637,1.9292,2.5708,N,,08/2019,Analyst
27-4031.00,1.A.3.c.1,Extent Flexibility,LV,2.25,8,0.1637,1.9292,2.5708,N,N,08/2019,Analyst
27-4031.00,1.A.3.c.2,Dynamic Flexibility,IM,1.0,8,0.0,1.0,1.0,N,,08/2019,Analyst
27-4031.00,1.A.3.c.2,Dynamic Flexibility,LV,0.0,8,0.0,0.0,0.0,N,Y,08/2019,Analyst
27-4031.00,1.A.3.c.3,Gross Body Coordination,IM,2.12,8,0.125,1.88,2.37,N,,08/2019,Analyst
27-4031.00,1.A.3.c.3,Gross Body Coordination,LV,1.75,8,0.1637,1.4292,2.0708,N,N,08/2019,Analyst
27-4031.00,1.A.3.c.4,Gross Body Equilibrium,IM,2.0,8,0.0,2.0,2.0,N,,08/2019,Analyst
27-4031.00,1.A.3.c.4,Gross Body Equilibrium,LV,1.38,8,0.183,1.0164,1.7336,N,N,08/2019,Analyst
27-4031.00,1.A.4.a.1,Near Vision,IM,3.75,8,0.1637,3.4292,4.0708,N,,08/2019,Analyst
27-4031.00,1.A.4.a.1,Near Vision,LV,4.12,8,0.125,3.88,4.37,N,N,08/2019,Analyst
27-4031.00,1.A.4.a.2,Far Vision,IM,3.75,8,0.1637,3.4292,4.0708,N,,08/2019,Analyst
27-4031.00,1.A.4.a.2,Far Vision,LV,4.12,8,0.125,3.88,4.37,N,N,08/2019,Analyst
27-4031.00,1.A.4.a.3,Visual Color Discrimination,IM,3.38,8,0.183,3.0164,3.7336,N,,08/2019,Analyst
27-4031.00,1.A.4.a.3,Visual Color Discrimination,LV,3.62,8,0.183,3.2664,3.9836,N,N,08/2019,Analyst
27-4031.00,1.A.4.a.4,Night Vision,IM,1.62,8,0.183,1.2664,1.9836,N,,08/2019,Analyst
27-4031.00,1.A.4.a.4,Night Vision,LV,1.12,8,0.3504,0.4383,1.8117,N,N,08/2019,Analyst
27-4031.00,1.A.4.a.5,Peripheral Vision,IM,1.62,8,0.183,1.2664,1.9836,N,,08/2019,Analyst
27-4031.00,1.A.4.a.5,Peripheral Vision,LV,0.62,8,0.183,0.2664,0.9836,N,N,08/2019,Analyst
27-4031.00,1.A.4.a.6,Depth Perception,IM,2.62,8,0.183,2.2664,2.9836,N,,08/2019,Analyst
27-4031.00,1.A.4.a.6,Depth Perception,LV,2.62,8,0.183,2.2664,2.9836,N,N,08/2019,Analyst
27-4031.00,1.A.4.a.7,Glare Sensitivity,IM,2.0,8,0.0,2.0,2.0,N,,08/2019,Analyst
27-4031.00,1.A.4.a.7,Glare Sensitivity,LV,1.88,8,0.125,1.63,2.12,N,N,08/2019,Analyst
27-4031.00,1.A.4.b.1,Hearing Sensitivity,IM,2.75,8,0.1637,2.4292,3.0708,N,,08/2019,Analyst
27-4031.00,1.A.4.b.1,Hearing Sensitivity,LV,2.25,8,0.1637,1.9292,2.5708,N,N,08/2019,Analyst
27-4031.00,1.A.4.b.2,Auditory Attention,IM,2.75,8,0.1637,2.4292,3.0708,N,,08/2019,Analyst
27-4031.00,1.A.4.b.2,Auditory Attention,LV,2.62,8,0.183,2.2664,2.9836,N,N,08/2019,Analyst
27-4031.00,1.A.4.b.3,Sound Localization,IM,1.62,8,0.183,1.2664,1.9836,N,,08/2019,Analyst
27-4031.00,1.A.4.b.3,Sound Localization,LV,0.62,8,0.183,0.2664,0.9836,N,N,08/2019,Analyst
27-4031.00,1.A.4.b.4,Speech Recognition,IM,3.38,8,0.183,3.0164,3.7336,N,,08/2019,Analyst
27-4031.00,1.A.4.b.4,Speech Recognition,LV,3.5,8,0.189,3.1296,3.8704,N,N,08/2019,Analyst
27-4031.00,1.A.4.b.5,Speech Clarity,IM,3.5,8,0.189,3.1296,3.8704,N,,08/2019,Analyst
27-4031.00,1.A.4.b.5,Speech Clarity,LV,3.0,8,0.0,3.0,3.0,N,N,08/2019,Analyst
27-4032.00,1.A.1.a.1,Oral Comprehension,IM,3.88,8,0.125,3.63,4.12,N,,08/2020,Analyst
27-4032.00,1.A.1.a.1,Oral Comprehension,LV,4.0,8,0.189,3.6296,4.3704,N,N,08/2020,Analyst
27-4032.00,1.A.1.a.2,Written Comprehension,IM,3.62,8,0.183,3.2664,3.9836,N,,08/2020,Analyst
27-4032.00,1.A.1.a.2,Written Comprehension,LV,4.0,8,0.189,3.6296,4.3704,N,N,08/2020,Analyst
27-4032.00,1.A.1.a.3,Oral Expression,IM,3.75,8,0.1637,3.4292,4.0708,N,,08/2020,Analyst
27-4032.00,1.A.1.a.3,Oral Expression,LV,4.0,8,0.189,3.6296,4.3704,N,N,08/2020,Analyst
27-4032.00,1.A.1.a.4,Written Expression,IM,3.38,8,0.183,3.0164,3.7336,N,,08/2020,Analyst
27-4032.00,1.A.1.a.4,Written Expression,LV,3.62,8,0.183,3.2664,3.9836,N,N,08/2020,Analyst
27-4032.00,1.A.1.b.1,Fluency of Ideas,IM,3.62,8,0.2631,3.1094,4.1406,N,,08/2020,Analyst
27-4032.00,1.A.1.b.1,Fluency of Ideas,LV,3.5,8,0.2673,2.9762,4.0238,N,N,08/2020,Analyst
27-4032.00,1.A.1.b.2,Originality,IM,3.5,8,0.189,3.1296,3.8704,N,,08/2020,Analyst
27-4032.00,1.A.1.b.2,Originality,LV,3.62,8,0.183,3.2664,3.9836,N,N,08/2020,Analyst
27-4032.00,1.A.1.b.3,Problem Sensitivity,IM,3.25,8,0.1637,2.9292,3.5708,N,,08/2020,Analyst
27-4032.00,1.A.1.b.3,Problem Sensitivity,LV,3.38,8,0.183,3.0164,3.7336,N,N,08/2020,Analyst
27-4032.00,1.A.1.b.4,Deductive Reasoning,IM,3.38,8,0.183,3.0164,3.7336,N,,08/2020,Analyst
27-4032.00,1.A.1.b.4,Deductive Reasoning,LV,3.5,8,0.2673,2.9762,4.0238,N,N,08/2020,Analyst
27-4032.00,1.A.1.b.5,Inductive Reasoning,IM,3.12,8,0.125,2.88,3.37,N,,08/2020,Analyst
27-4032.00,1.A.1.b.5,Inductive Reasoning,LV,3.38,8,0.2631,2.8594,3.8906,N,N,08/2020,Analyst
27-4032.00,1.A.1.b.6,Information Ordering,IM,3.75,8,0.1637,3.4292,4.0708,N,,08/2020,Analyst
27-4032.00,1.A.1.b.6,Information Ordering,LV,3.88,8,0.2266,3.4309,4.3191,N,N,08/2020,Analyst
27-4032.00,1.A.1.b.7,Category Flexibility,IM,3.38,8,0.183,3.0164,3.7336,N,,08/2020,Analyst
27-4032.00,1.A.1.b.7,Category Flexibility,LV,3.62,8,0.183,3.2664,3.9836,N,N,08/2020,Analyst
27-4032.00,1.A.1.c.1,Mathematical Reasoning,IM,2.0,8,0.0,2.0,2.0,N,,08/2020,Analyst
27-4032.00,1.A.1.c.1,Mathematical Reasoning,LV,2.0,8,0.0,2.0,2.0,N,N,08/2020,Analyst
27-4032.00,1.A.1.c.2,Number Facility,IM,2.0,8,0.0,2.0,2.0,N,,08/2020,Analyst
27-4032.00,1.A.1.c.2,Number Facility,LV,2.0,8,0.0,2.0,2.0,N,N,08/2020,Analyst
27-4032.00,1.A.1.d.1,Memorization,IM,2.25,8,0.1637,1.9292,2.5708,N,,08/2020,Analyst
27-4032.00,1.A.1.d.1,Memorization,LV,2.5,8,0.189,2.1296,2.8704,N,N,08/2020,Analyst
27-4032.00,1.A.1.e.1,Speed of Closure,IM,2.5,8,0.189,2.1296,2.8704,N,,08/2020,Analyst
27-4032.00,1.A.1.e.1,Speed of Closure,LV,2.88,8,0.2266,2.4309,3.3191,N,N,08/2020,Analyst
27-4032.00,1.A.1.e.2,Flexibility of Closure,IM,3.12,8,0.125,2.88,3.37,N,,08/2020,Analyst
27-4032.00,1.A.1.e.2,Flexibility of Closure,LV,3.12,8,0.125,2.88,3.37,N,N,08/2020,Analyst
27-4032.00,1.A.1.e.3,Perceptual Speed,IM,3.12,8,0.125,2.88,3.37,N,,08/2020,Analyst
27-4032.00,1.A.1.e.3,Perceptual Speed,LV,3.12,8,0.125,2.88,3.37,N,N,08/2020,Analyst
27-4032.00,1.A.1.f.1,Spatial Orientation,IM,1.0,8,0.0,1.0,1.0,N,,08/2020,Analyst
27-4032.00,1.A.1.f.1,Spatial Orientation,LV,0.0,8,0.0,0.0,0.0,N,Y,08/2020,Analyst
27-4032.00,1.A.1.f.2,Visualization,IM,3.62,8,0.183,3.2664,3.9836,N,,08/2020,Analyst
27-4032.00,1.A.1.f.2,Visualization,LV,3.75,8,0.25,3.26,4.24,N,N,08/2020,Analyst
27-4032.00,1.A.1.g.1,Selective Attention,IM,3.38,8,0.183,3.0164,3.7336,N,,08/2020,Analyst
27-4032.00,1.A.1.g.1,Selective Attention,LV,3.25,8,0.1637,2.9292,3.5708,N,N,08/2020,Analyst
27-4032.00,1.A.1.g.2,Time Sharing,IM,2.5,8,0.189,2.1296,2.8704,N,,08/2020,Analyst
27-4032.00,1.A.1.g.2,Time Sharing,LV,2.38,8,0.183,2.0164,2.7336,N,N,08/2020,Analyst
27-4032.00,1.A.2.a.1,Arm-Hand Steadiness,IM,2.38,8,0.183,2.0164,2.7336,N,,08/2020,Analyst
27-4032.00,1.A.2.a.1,Arm-Hand Steadiness,LV,2.38,8,0.183,2.0164,2.7336,N,N,08/2020,Analyst
27-4032.00,1.A.2.a.2,Manual Dexterity,IM,2.38,8,0.183,2.0164,2.7336,N,,08/2020,Analyst
27-4032.00,1.A.2.a.2,Manual Dexterity,LV,2.12,8,0.125,1.88,2.37,N,N,08/2020,Analyst
27-4032.00,1.A.2.a.3,Finger Dexterity,IM,2.88,8,0.125,2.63,3.12,N,,08/2020,Analyst
27-4032.00,1.A.2.a.3,Finger Dexterity,LV,2.88,8,0.125,2.63,3.12,N,N,08/2020,Analyst
27-4032.00,1.A.2.b.1,Control Precision,IM,2.62,8,0.183,2.2664,2.9836,N,,08/2020,Analyst
27-4032.00,1.A.2.b.1,Control Precision,LV,2.25,8,0.1637,1.9292,2.5708,N,N,08/2020,Analyst
27-4032.00,1.A.2.b.2,Multilimb Coordination,IM,1.12,8,0.125,1.0,1.37,N,,08/2020,Analyst
27-4032.00,1.A.2.b.2,Multilimb Coordination,LV,0.12,8,0.125,0.0,0.37,N,Y,08/2020,Analyst
27-4032.00,1.A.2.b.3,Response Orientation,IM,1.0,8,0.0,1.0,1.0,N,,08/2020,Analyst
27-4032.00,1.A.2.b.3,Response Orientation,LV,0.0,8,0.0,0.0,0.0,N,Y,08/2020,Analyst
27-4032.00,1.A.2.b.4,Rate Control,IM,1.38,8,0.183,1.0164,1.7336,N,,08/2020,Analyst
27-4032.00,1.A.2.b.4,Rate Control,LV,0.62,8,0.3239,0.0,1.2598,N,N,08/2020,Analyst
27-4032.00,1.A.2.c.1,Reaction Time,IM,1.38,8,0.183,1.0164,1.7336,N,,08/2020,Analyst
27-4032.00,1.A.2.c.1,Reaction Time,LV,0.38,8,0.183,0.0164,0.7336,N,N,08/2020,Analyst
27-4032.00,1.A.2.c.2,Wrist-Finger Speed,IM,1.62,8,0.183,1.2664,1.9836,N,,08/2020,Analyst
27-4032.00,1.A.2.c.2,Wrist-Finger Speed,LV,0.88,8,0.295,0.2967,1.4533,N,N,08/2020,Analyst
27-4032.00,1.A.2.c.3,Speed of Limb Movement,IM,1.0,8,0.0,1.0,1.0,N,,08/2020,Analyst
27-4032.00,1.A.2.c.3,Speed of Limb Movement,LV,0.0,8,0.0,0.0,0.0,N,Y,08/2020,Analyst
27-4032.00,1.A.3.a.1,Static Strength,IM,1.0,8,0.0,1.0,1.0,N,,08/2020,Analyst
27-4032.00,1.A.3.a.1,Static Strength,LV,0.0,8,0.0,0.0,0.0,N,Y,08/2020,Analyst
27-4032.00,1.A.3.a.2,Explosive Strength,IM,1.0,8,0.0,1.0,1.0,N,,08/2020,Analyst
27-4032.00,1.A.3.a.2,Explosive Strength,LV,0.0,8,0.0,0.0,0.0,N,Y,08/2020,Analyst
27-4032.00,1.A.3.a.3,Dynamic Strength,IM,1.0,8,0.0,1.0,1.0,N,,08/2020,Analyst
27-4032.00,1.A.3.a.3,Dynamic Strength,LV,0.0,8,0.0,0.0,0.0,N,Y,08/2020,Analyst
27-4032.00,1.A.3.a.4,Trunk Strength,IM,1.62,8,0.183,1.2664,1.9836,N,,08/2020,Analyst
27-4032.00,1.A.3.a.4,Trunk Strength,LV,1.12,8,0.3504,0.4383,1.8117,N,N,08/2020,Analyst
27-4032.00,1.A.3.b.1,Stamina,IM,1.0,8,0.0,1.0,1.0,N,,08/2020,Analyst
27-4032.00,1.A.3.b.1,Stamina,LV,0.0,8,0.0,0.0,0.0,N,Y,08/2020,Analyst
27-4032.00,1.A.3.c.1,Extent Flexibility,IM,1.25,8,0.1637,1.0,1.5708,N,,08/2020,Analyst
27-4032.00,1.A.3.c.1,Extent Flexibility,LV,0.25,8,0.1637,0.0,0.5708,N,Y,08/2020,Analyst
27-4032.00,1.A.3.c.2,Dynamic Flexibility,IM,1.0,8,0.0,1.0,1.0,N,,08/2020,Analyst
27-4032.00,1.A.3.c.2,Dynamic Flexibility,LV,0.0,8,0.0,0.0,0.0,N,Y,08/2020,Analyst
27-4032.00,1.A.3.c.3,Gross Body Coordination,IM,1.0,8,0.0,1.0,1.0,N,,08/2020,Analyst
27-4032.00,1.A.3.c.3,Gross Body Coordination,LV,0.0,8,0.0,0.0,0.0,N,Y,08/2020,Analyst
27-4032.00,1.A.3.c.4,Gross Body Equilibrium,IM,1.0,8,0.0,1.0,1.0,N,,08/2020,Analyst
27-4032.00,1.A.3.c.4,Gross Body Equilibrium,LV,0.0,8,0.0,0.0,0.0,N,Y,08/2020,Analyst
27-4032.00,1.A.4.a.1,Near Vision,IM,3.88,8,0.125,3.63,4.12,N,,08/2020,Analyst
27-4032.00,1.A.4.a.1,Near Vision,LV,4.0,8,0.189,3.6296,4.3704,N,N,08/2020,Analyst
27-4032.00,1.A.4.a.2,Far Vision,IM,2.88,8,0.125,2.63,3.12,N,,08/2020,Analyst
27-4032.00,1.A.4.a.2,Far Vision,LV,3.25,8,0.1637,2.9292,3.5708,N,N,08/2020,Analyst
27-4032.00,1.A.4.a.3,Visual Color Discrimination,IM,3.12,8,0.125,2.88,3.37,N,,08/2020,Analyst
27-4032.00,1.A.4.a.3,Visual Color Discrimination,LV,3.25,8,0.1637,2.9292,3.5708,N,N,08/2020,Analyst
27-4032.00,1.A.4.a.4,Night Vision,IM,1.0,8,0.0,1.0,1.0,N,,08/2020,Analyst
27-4032.00,1.A.4.a.4,Night Vision,LV,0.0,8,0.0,0.0,0.0,N,Y,08/2020,Analyst
27-4032.00,1.A.4.a.5,Peripheral Vision,IM,1.0,8,0.0,1.0,1.0,N,,08/2020,Analyst
27-4032.00,1.A.4.a.5,Peripheral Vision,LV,0.0,8,0.0,0.0,0.0,N,Y,08/2020,Analyst
27-4032.00,1.A.4.a.6,Depth Perception,IM,1.62,8,0.183,1.2664,1.9836,N,,08/2020,Analyst
27-4032.00,1.A.4.a.6,Depth Perception,LV,0.88,8,0.295,0.2967,1.4533,N,N,08/2020,Analyst
27-4032.00,1.A.4.a.7,Glare Sensitivity,IM,1.0,8,0.0,1.0,1.0,N,,08/2020,Analyst
27-4032.00,1.A.4.a.7,Glare Sensitivity,LV,0.0,8,0.0,0.0,0.0,N,Y,08/2020,Analyst
27-4032.00,1.A.4.b.1,Hearing Sensitivity,IM,2.25,8,0.1637,1.9292,2.5708,N,,08/2020,Analyst
27-4032.00,1.A.4.b.1,Hearing Sensitivity,LV,2.0,8,0.189,1.6296,2.3704,N,N,08/2020,Analyst
27-4032.00,1.A.4.b.2,Auditory Attention,IM,2.25,8,0.1637,1.9292,2.5708,N,,08/2020,Analyst
27-4032.00,1.A.4.b.2,Auditory Attention,LV,2.12,8,0.125,1.88,2.37,N,N,08/2020,Analyst
27-4032.00,1.A.4.b.3,Sound Localization,IM,1.12,8,0.125,1.0,1.37,N,,08/2020,Analyst
27-4032.00,1.A.4.b.3,Sound Localization,LV,0.25,8,0.25,0.0,0.74,N,Y,08/2020,Analyst
27-4032.00,1.A.4.b.4,Speech Recognition,IM,3.38,8,0.183,3.0164,3.7336,N,,08/2020,Analyst
27-4032.00,1.A.4.b.4,Speech Recognition,LV,3.12,8,0.125,2.88,3.37,N,N,08/2020,Analyst
27-4032.00,1.A.4.b.5,Speech Clarity,IM,3.5,8,0.189,3.1296,3.8704,N,,08/2020,Analyst
27-4032.00,1.A.4.b.5,Speech Clarity,LV,3.12,8,0.125,2.88,3.37,N,N,08/2020,Analyst
29-1011.00,1.A.1.a.1,Oral Comprehension,IM,4.0,8,0.0,4.0,4.0,N,,07/2013,Analyst
29-1011.00,1.A.1.a.1,Oral Comprehension,LV,4.75,8,0.1637,4.4292,5.0708,N,N,07/2013,Analyst
29-1011.00,1.A.1.a.2,Written Comprehension,IM,4.0,8,0.0,4.0,4.0,N,,07/2013,Analyst
29-1011.00,1.A.1.a.2,Written Comprehension,LV,4.25,8,0.1637,3.9292,4.5708,N,N,07/2013,Analyst
29-1011.00,1.A.1.a.3,Oral Expression,IM,4.0,8,0.0,4.0,4.0,N,,07/2013,Analyst
29-1011.00,1.A.1.a.3,Oral Expression,LV,4.25,8,0.1637,3.9292,4.5708,N,N,07/2013,Analyst
29-1011.00,1.A.1.a.4,Written Expression,IM,3.88,8,0.125,3.63,4.12,N,,07/2013,Analyst
29-1011.00,1.A.1.a.4,Written Expression,LV,4.0,8,0.0,4.0,4.0,N,N,07/2013,Analyst
29-1011.00,1.A.1.b.1,Fluency of Ideas,IM,3.0,8,0.0,3.0,3.0,N,,07/2013,Analyst
29-1011.00,1.A.1.b.1,Fluency of Ideas,LV,3.12,8,0.125,2.88,3.37,N,N,07/2013,Analyst
29-1011.00,1.A.1.b.2,Originality,IM,2.88,8,0.125,2.63,3.12,N,,07/2013,Analyst
29-1011.00,1.A.1.b.2,Originality,LV,3.12,8,0.125,2.88,3.37,N,N,07/2013,Analyst
29-1011.00,1.A.1.b.3,Problem Sensitivity,IM,4.0,8,0.0,4.0,4.0,N,,07/2013,Analyst
29-1011.00,1.A.1.b.3,Problem Sensitivity,LV,4.75,8,0.25,4.26,5.24,N,N,07/2013,Analyst
29-1011.00,1.A.1.b.4,Deductive Reasoning,IM,4.0,8,0.0,4.0,4.0,N,,07/2013,Analyst
29-1011.00,1.A.1.b.4,Deductive Reasoning,LV,4.38,8,0.183,4.0164,4.7336,N,N,07/2013,Analyst
29-1011.00,1.A.1.b.5,Inductive Reasoning,IM,4.0,8,0.0,4.0,4.0,N,,07/2013,Analyst
29-1011.00,1.A.1.b.5,Inductive Reasoning,LV,4.38,8,0.2631,3.8594,4.8906,N,N,07/2013,Analyst
29-1011.00,1.A.1.b.6,Information Ordering,IM,3.75,8,0.1637,3.4292,4.0708,N,,07/2013,Analyst
29-1011.00,1.A.1.b.6,Information Ordering,LV,3.88,8,0.125,3.63,4.12,N,N,07/2013,Analyst
29-1011.00,1.A.1.b.7,Category Flexibility,IM,3.12,8,0.125,2.88,3.37,N,,07/2013,Analyst
29-1011.00,1.A.1.b.7,Category Flexibility,LV,3.88,8,0.2266,3.4309,4.3191,N,N,07/2013,Analyst
29-1011.00,1.A.1.c.1,Mathematical Reasoning,IM,2.5,8,0.189,2.1296,2.8704,N,,07/2013,Analyst
29-1011.00,1.A.1.c.1,Mathematical Reasoning,LV,2.75,8,0.1637,2.4292,3.0708,N,N,07/2013,Analyst
29-1011.00,1.A.1.c.2,Number Facility,IM,2.25,8,0.1637,1.9292,2.5708,N,,07/2013,Analyst
29-1011.00,1.A.1.c.2,Number Facility,LV,2.75,8,0.25,2.26,3.24,N,N,07/2013,Analyst
29-1011.00,1.A.1.d.1,Memorization,IM,2.75,8,0.1637,2.4292,3.0708,N,,07/2013,Analyst
29-1011.00,1.A.1.d.1,Memorization,LV,2.75,8,0.1637,2.4292,3.0708,N,N,07/2013,Analyst
29-1011.00,1.A.1.e.1,Speed of Closure,IM,2.88,8,0.2266,2.4309,3.3191,N,,07/2013,Analyst
29-1011.00,1.A.1.e.1,Speed of Closure,LV,3.12,8,0.295,2.5467,3.7033,N,N,07/2013,Analyst
29-1011.00,1.A.1.e.2,Flexibility of Closure,IM,3.12,8,0.125,2.88,3.37,N,,07/2013,Analyst
29-1011.00,1.A.1.e.2,Flexibility of Closure,LV,3.25,8,0.25,2.76,3.74,N,N,07/2013,Analyst
29-1011.00,1.A.1.e.3,Perceptual Speed,IM,2.88,8,0.2266,2.4309,3.3191,N,,07/2013,Analyst
29-1011.00,1.A.1.e.3,Perceptual Speed,LV,2.88,8,0.2266,2.4309,3.3191,N,N,07/2013,Analyst
29-1011.00,1.A.1.f.1,Spatial Orientation,IM,1.0,8,0.0,1.0,1.0,N,,07/2013,Analyst
29-1011.00,1.A.1.f.1,Spatial Orientation,LV,0.0,8,0.0,0.0,0.0,N,Y,07/2013,Analyst
29-1011.00,1.A.1.f.2,Visualization,IM,2.88,8,0.125,2.63,3.12,N,,07/2013,Analyst
29-1011.00,1.A.1.f.2,Visualization,LV,3.0,8,0.189,2.6296,3.3704,N,N,07/2013,Analyst
29-1011.00,1.A.1.g.1,Selective Attention,IM,3.0,8,0.0,3.0,3.0,N,,07/2013,Analyst
29-1011.00,1.A.1.g.1,Selective Attention,LV,2.88,8,0.125,2.63,3.12,N,N,07/2013,Analyst
29-1011.00,1.A.1.g.2,Time Sharing,IM,2.75,8,0.1637,2.4292,3.0708,N,,07/2013,Analyst
29-1011.00,1.A.1.g.2,Time Sharing,LV,2.62,8,0.183,2.2664,2.9836,N,N,07/2013,Analyst
29-1011.00,1.A.2.a.1,Arm-Hand Steadiness,IM,3.12,8,0.125,2.88,3.37,N,,07/2013,Analyst
29-1011.00,1.A.2.a.1,Arm-Hand Steadiness,LV,3.0,8,0.0,3.0,3.0,N,N,07/2013,Analyst
29-1011.00,1.A.2.a.2,Manual Dexterity,IM,2.88,8,0.125,2.63,3.12,N,,07/2013,Analyst
29-1011.00,1.A.2.a.2,Manual Dexterity,LV,3.0,8,0.0,3.0,3.0,N,N,07/2013,Analyst
29-1011.00,1.A.2.a.3,Finger Dexterity,IM,3.0,8,0.0,3.0,3.0,N,,07/2013,Analyst
29-1011.00,1.A.2.a.3,Finger Dexterity,LV,3.0,8,0.0,3.0,3.0,N,N,07/2013,Analyst
29-1011.00,1.A.2.b.1,Control Precision,IM,2.75,8,0.1637,2.4292,3.0708,N,,07/2013,Analyst
29-1011.00,1.A.2.b.1,Control Precision,LV,2.75,8,0.1637,2.4292,3.0708,N,N,07/2013,Analyst
29-1011.00,1.A.2.b.2,Multilimb Coordination,IM,3.12,8,0.125,2.88,3.37,N,,07/2013,Analyst
29-1011.00,1.A.2.b.2,Multilimb Coordination,LV,3.0,8,0.0,3.0,3.0,N,N,07/2013,Analyst
29-1011.00,1.A.2.b.3,Response Orientation,IM,2.0,8,0.0,2.0,2.0,N,,07/2013,Analyst
29-1011.00,1.A.2.b.3,Response Orientation,LV,1.88,8,0.125,1.63,2.12,N,N,07/2013,Analyst
29-1011.00,1.A.2.b.4,Rate Control,IM,1.75,8,0.1637,1.4292,2.0708,N,,07/2013,Analyst
29-1011.00,1.A.2.b.4,Rate Control,LV,0.75,8,0.1637,0.4292,1.0708,N,N,07/2013,Analyst
29-1011.00,1.A.2.c.1,Reaction Time,IM,2.0,8,0.0,2.0,2.0,N,,07/2013,Analyst
29-1011.00,1.A.2.c.1,Reaction Time,LV,1.5,8,0.189,1.1296,1.8704,N,N,07/2013,Analyst
29-1011.00,1.A.2.c.2,Wrist-Finger Speed,IM,2.12,8,0.125,1.88,2.37,N,,07/2013,Analyst
29-1011.00,1.A.2.c.2,Wrist-Finger Speed,LV,1.75,8,0.25,1.26,2.24,N,N,07/2013,Analyst
29-1011.00,1.A.2.c.3,Speed of Limb Movement,IM,1.75,8,0.1637,1.4292,2.0708,N,,07/2013,Analyst
29-1011.00,1.A.2.c.3,Speed of Limb Movement,LV,1.12,8,0.295,0.5467,1.7033,N,N,07/2013,Analyst
29-1011.00,1.A.3.a.1,Static Strength,IM,2.88,8,0.2266,2.4309,3.3191,N,,07/2013,Analyst
29-1011.00,1.A.3.a.1,Static Strength,LV,3.0,8,0.0,3.0,3.0,N,N,07/2013,Analyst
29-1011.00,1.A.3.a.2,Explosive Strength,IM,1.38,8,0.183,1.0164,1.7336,N,,07/2013,Analyst
29-1011.00,1.A.3.a.2,Explosive Strength,LV,0.5,8,0.2673,0.0,1.0238,N,N,07/2013,Analyst
29-1011.00,1.A.3.a.3,Dynamic Strength,IM,2.5,8,0.2673,1.9762,3.0238,N,,07/2013,Analyst
29-1011.00,1.A.3.a.3,Dynamic Strength,LV,2.25,8,0.1637,1.9292,2.5708,N,N,07/2013,Analyst
29-1011.00,1.A.3.a.4,Trunk Strength,IM,3.38,8,0.183,3.0164,3.7336,N,,07/2013,Analyst
29-1011.00,1.A.3.a.4,Trunk Strength,LV,3.0,8,0.0,3.0,3.0,N,N,07/2013,Analyst
29-1011.00,1.A.3.b.1,Stamina,IM,2.12,8,0.125,1.88,2.37,N,,07/2013,Analyst
29-1011.00,1.A.3.b.1,Stamina,LV,2.0,8,0.0,2.0,2.0,N,N,07/2013,Analyst
29-1011.00,1.A.3.c.1,Extent Flexibility,IM,2.62,8,0.183,2.2664,2.9836,N,,07/2013,Analyst
29-1011.00,1.A.3.c.1,Extent Flexibility,LV,3.12,8,0.125,2.88,3.37,N,N,07/2013,Analyst
29-1011.00,1.A.3.c.2,Dynamic Flexibility,IM,1.0,8,0.0,1.0,1.0,N,,07/2013,Analyst
29-1011.00,1.A.3.c.2,Dynamic Flexibility,LV,0.0,8,0.0,0.0,0.0,N,Y,07/2013,Analyst
29-1011.00,1.A.3.c.3,Gross Body Coordination,IM,2.25,8,0.1637,1.9292,2.5708,N,,07/2013,Analyst
29-1011.00,1.A.3.c.3,Gross Body Coordination,LV,2.12,8,0.125,1.88,2.37,N,N,07/2013,Analyst
29-1011.00,1.A.3.c.4,Gross Body Equilibrium,IM,1.88,8,0.125,1.63,2.12,N,,07/2013,Analyst
29-1011.00,1.A.3.c.4,Gross Body Equilibrium,LV,1.5,8,0.2673,0.9762,2.0238,N,N,07/2013,Analyst
29-1011.00,1.A.4.a.1,Near Vision,IM,3.62,8,0.183,3.2664,3.9836,N,,07/2013,Analyst
29-1011.00,1.A.4.a.1,Near Vision,LV,3.12,8,0.2266,2.6809,3.5691,N,N,07/2013,Analyst
29-1011.00,1.A.4.a.2,Far Vision,IM,2.25,8,0.1637,1.9292,2.5708,N,,07/2013,Analyst
29-1011.00,1.A.4.a.2,Far Vision,LV,2.12,8,0.2266,1.6809,2.5691,N,N,07/2013,Analyst
29-1011.00,1.A.4.a.3,Visual Color Discrimination,IM,1.75,8,0.1637,1.4292,2.0708,N,,07/2013,Analyst
29-1011.00,1.A.4.a.3,Visual Color Discrimination,LV,1.5,8,0.3273,0.8584,2.1416,N,N,07/2013,Analyst
29-1011.00,1.A.4.a.4,Night Vision,IM,1.0,8,0.0,1.0,1.0,N,,07/2013,Analyst
29-1011.00,1.A.4.a.4,Night Vision,LV,0.0,8,0.0,0.0,0.0,N,Y,07/2013,Analyst
29-1011.00,1.A.4.a.5,Peripheral Vision,IM,1.0,8,0.0,1.0,1.0,N,,07/2013,Analyst
29-1011.00,1.A.4.a.5,Peripheral Vision,LV,0.0,8,0.0,0.0,0.0,N,Y,07/2013,Analyst
29-1011.00,1.A.4.a.6,Depth Perception,IM,2.0,8,0.0,2.0,2.0,N,,07/2013,Analyst
29-1011.00,1.A.4.a.6,Depth Perception,LV,1.88,8,0.125,1.63,2.12,N,N,07/2013,Analyst
29-1011.00,1.A.4.a.7,Glare Sensitivity,IM,1.0,8,0.0,1.0,1.0,N,,07/2013,Analyst
29-1011.00,1.A.4.a.7,Glare Sensitivity,LV,0.0,8,0.0,0.0,0.0,N,Y,07/2013,Analyst
29-1011.00,1.A.4.b.1,Hearing Sensitivity,IM,1.88,8,0.2266,1.4309,2.3191,N,,07/2013,Analyst
29-1011.00,1.A.4.b.1,Hearing Sensitivity,LV,1.75,8,0.4119,0.9427,2.5573,N,N,07/2013,Analyst
29-1011.00,1.A.4.b.2,Auditory Attention,IM,1.88,8,0.125,1.63,2.12,N,,07/2013,Analyst
29-1011.00,1.A.4.b.2,Auditory Attention,LV,1.75,8,0.25,1.26,2.24,N,N,07/2013,Analyst
29-1011.00,1.A.4.b.3,Sound Localization,IM,1.0,8,0.0,1.0,1.0,N,,07/2013,Analyst
29-1011.00,1.A.4.b.3,Sound Localization,LV,0.0,8,0.0,0.0,0.0,N,Y,07/2013,Analyst
29-1011.00,1.A.4.b.4,Speech Recognition,IM,3.62,8,0.183,3.2664,3.9836,N,,07/2013,Analyst
29-1011.00,1.A.4.b.4,Speech Recognition,LV,3.62,8,0.183,3.2664,3.9836,N,N,07/2013,Analyst
29-1011.00,1.A.4.b.5,Speech Clarity,IM,3.75,8,0.1637,3.4292,4.0708,N,,07/2013,Analyst
29-1011.00,1.A.4.b.5,Speech Clarity,LV,3.38,8,0.183,3.0164,3.7336,N,N,07/2013,Analyst
29-1021.00,1.A.1.a.1,Oral Comprehension,IM,4.0,8,0.0,4.0,4.0,N,,07/2014,Analyst
29-1021.00,1.A.1.a.1,Oral Comprehension,LV,5.0,8,0.0,5.0,5.0,N,N,07/2014,Analyst
29-1021.00,1.A.1.a.2,Written Comprehension,IM,4.0,8,0.0,4.0,4.0,N,,07/2014,Analyst
29-1021.00,1.A.1.a.2,Written Comprehension,LV,4.25,8,0.1637,3.9292,4.5708,N,N,07/2014,Analyst
29-1021.00,1.A.1.a.3,Oral Expression,IM,4.0,8,0.0,4.0,4.0,N,,07/2014,Analyst
29-1021.00,1.A.1.a.3,Oral Expression,LV,4.62,8,0.183,4.2664,4.9836,N,N,07/2014,Analyst
29-1021.00,1.A.1.a.4,Written Expression,IM,3.38,8,0.183,3.0164,3.7336,N,,07/2014,Analyst
29-1021.00,1.A.1.a.4,Written Expression,LV,3.62,8,0.375,2.89,4.36,N,N,07/2014,Analyst
29-1021.00,1.A.1.b.1,Fluency of Ideas,IM,3.25,8,0.1637,2.9292,3.5708,N,,07/2014,Analyst
29-1021.00,1.A.1.b.1,Fluency of Ideas,LV,3.75,8,0.1637,3.4292,4.0708,N,N,07/2014,Analyst
29-1021.00,1.A.1.b.2,Originality,IM,3.12,8,0.125,2.88,3.37,N,,07/2014,Analyst
29-1021.00,1.A.1.b.2,Originality,LV,3.88,8,0.125,3.63,4.12,N,N,07/2014,Analyst
29-1021.00,1.A.1.b.3,Problem Sensitivity,IM,4.25,8,0.1637,3.9292,4.5708,N,,07/2014,Analyst
29-1021.00,1.A.1.b.3,Problem Sensitivity,LV,5.12,8,0.125,4.88,5.37,N,N,07/2014,Analyst
29-1021.00,1.A.1.b.4,Deductive Reasoning,IM,4.12,8,0.125,3.88,4.37,N,,07/2014,Analyst
29-1021.00,1.A.1.b.4,Deductive Reasoning,LV,4.88,8,0.125,4.63,5.12,N,N,07/2014,Analyst
29-1021.00,1.A.1.b.5,Inductive Reasoning,IM,4.12,8,0.125,3.88,4.37,N,,07/2014,Analyst
29-1021.00,1.A.1.b.5,Inductive Reasoning,LV,5.25,8,0.1637,4.9292,5.5708,N,N,07/2014,Analyst
29-1021.00,1.A.1.b.6,Information Ordering,IM,3.88,8,0.125,3.63,4.12,N,,07/2014,Analyst
29-1021.00,1.A.1.b.6,Information Ordering,LV,4.0,8,0.0,4.0,4.0,N,N,07/2014,Analyst
29-1021.00,1.A.1.b.7,Category Flexibility,IM,3.75,8,0.1637,3.4292,4.0708,N,,07/2014,Analyst
29-1021.00,1.A.1.b.7,Category Flexibility,LV,4.0,8,0.0,4.0,4.0,N,N,07/2014,Analyst
29-1021.00,1.A.1.c.1,Mathematical Reasoning,IM,3.0,8,0.0,3.0,3.0,N,,07/2014,Analyst
29-1021.00,1.A.1.c.1,Mathematical Reasoning,LV,3.12,8,0.125,2.88,3.37,N,N,07/2014,Analyst
29-1021.00,1.A.1.c.2,Number Facility,IM,3.0,8,0.0,3.0,3.0,N,,07/2014,Analyst
29-1021.00,1.A.1.c.2,Number Facility,LV,3.0,8,0.0,3.0,3.0,N,N,07/2014,Analyst
29-1021.00,1.A.1.d.1,Memorization,IM,2.75,8,0.1637,2.4292,3.0708,N,,07/2014,Analyst
29-1021.00,1.A.1.d.1,Memorization,LV,2.75,8,0.1637,2.4292,3.0708,N,N,07/2014,Analyst
29-1021.00,1.A.1.e.1,Speed of Closure,IM,2.88,8,0.125,2.63,3.12,N,,07/2014,Analyst
29-1021.00,1.A.1.e.1,Speed of Closure,LV,3.5,8,0.189,3.1296,3.8704,N,N,07/2014,Analyst
29-1021.00,1.A.1.e.2,Flexibility of Closure,IM,3.5,8,0.189,3.1296,3.8704,N,,07/2014,Analyst
29-1021.00,1.A.1.e.2,Flexibility of Closure,LV,3.75,8,0.1637,3.4292,4.0708,N,N,07/2014,Analyst
29-1021.00,1.A.1.e.3,Perceptual Speed,IM,3.0,8,0.0,3.0,3.0,N,,07/2014,Analyst
29-1021.00,1.A.1.e.3,Perceptual Speed,LV,3.12,8,0.125,2.88,3.37,N,N,07/2014,Analyst
29-1021.00,1.A.1.f.1,Spatial Orientation,IM,1.88,8,0.125,1.63,2.12,N,,07/2014,Analyst
29-1021.00,1.A.1.f.1,Spatial Orientation,LV,1.5,8,0.2673,0.9762,2.0238,N,N,07/2014,Analyst
29-1021.00,1.A.1.f.2,Visualization,IM,3.25,8,0.1637,2.9292,3.5708,N,,07/2014,Analyst
29-1021.00,1.A.1.f.2,Visualization,LV,3.75,8,0.1637,3.4292,4.0708,N,N,07/2014,Analyst
29-1021.00,1.A.1.g.1,Selective Attention,IM,3.88,8,0.125,3.63,4.12,N,,07/2014,Analyst
29-1021.00,1.A.1.g.1,Selective Attention,LV,3.88,8,0.125,3.63,4.12,N,N,07/2014,Analyst
29-1021.00,1.A.1.g.2,Time Sharing,IM,2.88,8,0.125,2.63,3.12,N,,07/2014,Analyst
29-1021.00,1.A.1.g.2,Time Sharing,LV,3.12,8,0.125,2.88,3.37,N,N,07/2014,Analyst
29-1021.00,1.A.2.a.1,Arm-Hand Steadiness,IM,4.12,8,0.125,3.88,4.37,N,,07/2014,Analyst
29-1021.00,1.A.2.a.1,Arm-Hand Steadiness,LV,4.62,8,0.183,4.2664,4.9836,N,N,07/2014,Analyst
29-1021.00,1.A.2.a.2,Manual Dexterity,IM,3.88,8,0.125,3.63,4.12,N,,07/2014,Analyst
29-1021.00,1.A.2.a.2,Manual Dexterity,LV,4.62,8,0.183,4.2664,4.9836,N,N,07/2014,Analyst
29-1021.00,1.A.2.a.3,Finger Dexterity,IM,4.25,8,0.1637,3.9292,4.5708,N,,07/2014,Analyst
29-1021.00,1.A.2.a.3,Finger Dexterity,LV,4.75,8,0.1637,4.4292,5.0708,N,N,07/2014,Analyst
29-1021.00,1.A.2.b.1,Control Precision,IM,4.0,8,0.0,4.0,4.0,N,,07/2014,Analyst
29-1021.00,1.A.2.b.1,Control Precision,LV,5.62,8,0.183,5.2664,5.9836,N,N,07/2014,Analyst
29-1021.00,1.A.2.b.2,Multilimb Coordination,IM,3.62,8,0.183,3.2664,3.9836,N,,07/2014,Analyst
29-1021.00,1.A.2.b.2,Multilimb Coordination,LV,3.75,8,0.25,3.26,4.24,N,N,07/2014,Analyst
29-1021.00,1.A.2.b.3,Response Orientation,IM,2.75,8,0.1637,2.4292,3.0708,N,,07/2014,Analyst
29-1021.00,1.A.2.b.3,Response Orientation,LV,2.88,8,0.2266,2.4309,3.3191,N,N,07/2014,Analyst
29-1021.00,1.A.2.b.4,Rate Control,IM,2.25,8,0.1637,1.9292,2.5708,N,,07/2014,Analyst
29-1021.00,1.A.2.b.4,Rate Control,LV,2.25,8,0.1637,1.9292,2.5708,N,N,07/2014,Analyst
29-1021.00,1.A.2.c.1,Reaction Time,IM,2.75,8,0.1637,2.4292,3.0708,N,,07/2014,Analyst
29-1021.00,1.A.2.c.1,Reaction Time,LV,2.88,8,0.125,2.63,3.12,N,N,07/2014,Analyst
29-1021.00,1.A.2.c.2,Wrist-Finger Speed,IM,2.88,8,0.125,2.63,3.12,N,,07/2014,Analyst
29-1021.00,1.A.2.c.2,Wrist-Finger Speed,LV,2.88,8,0.125,2.63,3.12,N,N,07/2014,Analyst
29-1021.00,1.A.2.c.3,Speed of Limb Movement,IM,1.12,8,0.125,1.0,1.37,N,,07/2014,Analyst
29-1021.00,1.A.2.c.3,Speed of Limb Movement,LV,0.12,8,0.125,0.0,0.37,N,Y,07/2014,Analyst
29-1021.00,1.A.3.a.1,Static Strength,IM,2.0,8,0.0,2.0,2.0,N,,07/2014,Analyst
29-1021.00,1.A.3.a.1,Static Strength,LV,2.0,8,0.0,2.0,2.0,N,N,07/2014,Analyst
29-1021.00,1.A.3.a.2,Explosive Strength,IM,1.0,8,0.0,1.0,1.0,N,,07/2014,Analyst
29-1021.00,1.A.3.a.2,Explosive Strength,LV,0.0,8,0.0,0.0,0.0,N,Y,07/2014,Analyst
29-1021.00,1.A.3.a.3,Dynamic Strength,IM,2.0,8,0.0,2.0,2.0,N,,07/2014,Analyst
29-1021.00,1.A.3.a.3,Dynamic Strength,LV,1.75,8,0.1637,1.4292,2.0708,N,N,07/2014,Analyst
29-1021.00,1.A.3.a.4,Trunk Strength,IM,2.25,8,0.1637,1.9292,2.5708,N,,07/2014,Analyst
29-1021.00,1.A.3.a.4,Trunk Strength,LV,2.12,8,0.125,1.88,2.37,N,N,07/2014,Analyst
29-1021.00,1.A.3.b.1,Stamina,IM,2.12,8,0.125,1.88,2.37,N,,07/2014,Analyst
29-1021.00,1.A.3.b.1,Stamina,LV,1.25,8,0.1637,0.9292,1.5708,N,N,07/2014,Analyst
29-1021.00,1.A.3.c.1,Extent Flexibility,IM,2.88,8,0.125,2.63,3.12,N,,07/2014,Analyst
29-1021.00,1.A.3.c.1,Extent Flexibility,LV,3.0,8,0.0,3.0,3.0,N,N,07/2014,Analyst
29-1021.00,1.A.3.c.2,Dynamic Flexibility,IM,1.12,8,0.125,1.0,1.37,N,,07/2014,Analyst
29-1021.00,1.A.3.c.2,Dynamic Flexibility,LV,0.12,8,0.125,0.0,0.37,N,Y,07/2014,Analyst
29-1021.00,1.A.3.c.3,Gross Body Coordination,IM,1.88,8,0.125,1.63,2.12,N,,07/2014,Analyst
29-1021.00,1.A.3.c.3,Gross Body Coordination,LV,1.0,8,0.189,0.6296,1.3704,N,N,07/2014,Analyst
29-1021.00,1.A.3.c.4,Gross Body Equilibrium,IM,1.88,8,0.125,1.63,2.12,N,,07/2014,Analyst
29-1021.00,1.A.3.c.4,Gross Body Equilibrium,LV,1.0,8,0.189,0.6296,1.3704,N,N,07/2014,Analyst
29-1021.00,1.A.4.a.1,Near Vision,IM,4.12,8,0.125,3.88,4.37,N,,07/2014,Analyst
29-1021.00,1.A.4.a.1,Near Vision,LV,4.88,8,0.125,4.63,5.12,N,N,07/2014,Analyst
29-1021.00,1.A.4.a.2,Far Vision,IM,2.88,8,0.125,2.63,3.12,N,,07/2014,Analyst
29-1021.00,1.A.4.a.2,Far Vision,LV,2.88,8,0.125,2.63,3.12,N,N,07/2014,Analyst
29-1021.00,1.A.4.a.3,Visual Color Discrimination,IM,3.12,8,0.125,2.88,3.37,N,,07/2014,Analyst
29-1021.00,1.A.4.a.3,Visual Color Discrimination,LV,3.62,8,0.183,3.2664,3.9836,N,N,07/2014,Analyst
29-1021.00,1.A.4.a.4,Night Vision,IM,1.0,8,0.0,1.0,1.0,N,,07/2014,Analyst
29-1021.00,1.A.4.a.4,Night Vision,LV,0.0,8,0.0,0.0,0.0,N,Y,07/2014,Analyst
29-1021.00,1.A.4.a.5,Peripheral Vision,IM,1.0,8,0.0,1.0,1.0,N,,07/2014,Analyst
29-1021.00,1.A.4.a.5,Peripheral Vision,LV,0.0,8,0.0,0.0,0.0,N,Y,07/2014,Analyst
29-1021.00,1.A.4.a.6,Depth Perception,IM,3.0,8,0.0,3.0,3.0,N,,07/2014,Analyst
29-1021.00,1.A.4.a.6,Depth Perception,LV,3.0,8,0.0,3.0,3.0,N,N,07/2014,Analyst
29-1021.00,1.A.4.a.7,Glare Sensitivity,IM,1.0,8,0.0,1.0,1.0,N,,07/2014,Analyst
29-1021.00,1.A.4.a.7,Glare Sensitivity,LV,0.0,8,0.0,0.0,0.0,N,Y,07/2014,Analyst
29-1021.00,1.A.4.b.1,Hearing Sensitivity,IM,2.88,8,0.125,2.63,3.12,N,,07/2014,Analyst
29-1021.00,1.A.4.b.1,Hearing Sensitivity,LV,2.88,8,0.125,2.63,3.12,N,N,07/2014,Analyst
29-1021.00,1.A.4.b.2,Auditory Attention,IM,2.88,8,0.125,2.63,3.12,N,,07/2014,Analyst
29-1021.00,1.A.4.b.2,Auditory Attention,LV,2.75,8,0.1637,2.4292,3.0708,N,N,07/2014,Analyst
29-1021.00,1.A.4.b.3,Sound Localization,IM,1.0,8,0.0,1.0,1.0,N,,07/2014,Analyst
29-1021.00,1.A.4.b.3,Sound Localization,LV,0.0,8,0.0,0.0,0.0,N,Y,07/2014,Analyst
29-1021.00,1.A.4.b.4,Speech Recognition,IM,3.88,8,0.125,3.63,4.12,N,,07/2014,Analyst
29-1021.00,1.A.4.b.4,Speech Recognition,LV,3.88,8,0.125,3.63,4.12,N,N,07/2014,Analyst
29-1021.00,1.A.4.b.5,Speech Clarity,IM,4.0,8,0.0,4.0,4.0,N,,07/2014,Analyst
29-1021.00,1.A.4.b.5,Speech Clarity,LV,3.38,8,0.183,3.0164,3.7336,N,N,07/2014,Analyst
29-1022.00,1.A.1.a.1,Oral Comprehension,IM,4.0,8,0.0,4.0,4.0,N,,07/2012,Analyst
29-1022.00,1.A.1.a.1,Oral Comprehension,LV,5.12,8,0.125,4.88,5.37,N,N,07/2012,Analyst
29-1022.00,1.A.1.a.2,Written Comprehension,IM,3.88,8,0.125,3.63,4.12,N,,07/2012,Analyst
29-1022.00,1.A.1.a.2,Written Comprehension,LV,4.75,8,0.1637,4.4292,5.0708,N,N,07/2012,Analyst
29-1022.00,1.A.1.a.3,Oral Expression,IM,4.0,8,0.0,4.0,4.0,N,,07/2012,Analyst
29-1022.00,1.A.1.a.3,Oral Expression,LV,5.0,8,0.0,5.0,5.0,N,N,07/2012,Analyst
29-1022.00,1.A.1.a.4,Written Expression,IM,3.62,8,0.183,3.2664,3.9836,N,,07/2012,Analyst
29-1022.00,1.A.1.a.4,Written Expression,LV,4.12,8,0.125,3.88,4.37,N,N,07/2012,Analyst
29-1022.00,1.A.1.b.1,Fluency of Ideas,IM,3.12,8,0.125,2.88,3.37,N,,07/2012,Analyst
29-1022.00,1.A.1.b.1,Fluency of Ideas,LV,3.62,8,0.183,3.2664,3.9836,N,N,07/2012,Analyst
29-1022.00,1.A.1.b.2,Originality,IM,3.25,8,0.1637,2.9292,3.5708,N,,07/2012,Analyst
29-1022.00,1.A.1.b.2,Originality,LV,3.75,8,0.1637,3.4292,4.0708,N,N,07/2012,Analyst
29-1022.00,1.A.1.b.3,Problem Sensitivity,IM,4.0,8,0.0,4.0,4.0,N,,07/2012,Analyst
29-1022.00,1.A.1.b.3,Problem Sensitivity,LV,5.25,8,0.1637,4.9292,5.5708,N,N,07/2012,Analyst
29-1022.00,1.A.1.b.4,Deductive Reasoning,IM,4.0,8,0.0,4.0,4.0,N,,07/2012,Analyst
29-1022.00,1.A.1.b.4,Deductive Reasoning,LV,4.88,8,0.125,4.63,5.12,N,N,07/2012,Analyst
29-1022.00,1.A.1.b.5,Inductive Reasoning,IM,4.0,8,0.0,4.0,4.0,N,,07/2012,Analyst
29-1022.00,1.A.1.b.5,Inductive Reasoning,LV,5.0,8,0.189,4.6296,5.3704,N,N,07/2012,Analyst
29-1022.00,1.A.1.b.6,Information Ordering,IM,3.88,8,0.125,3.63,4.12,N,,07/2012,Analyst
29-1022.00,1.A.1.b.6,Information Ordering,LV,4.25,8,0.1637,3.9292,4.5708,N,N,07/2012,Analyst
29-1022.00,1.A.1.b.7,Category Flexibility,IM,3.38,8,0.183,3.0164,3.7336,N,,07/2012,Analyst
29-1022.00,1.A.1.b.7,Category Flexibility,LV,3.88,8,0.125,3.63,4.12,N,N,07/2012,Analyst
29-1022.00,1.A.1.c.1,Mathematical Reasoning,IM,2.88,8,0.125,2.63,3.12,N,,07/2012,Analyst
29-1022.00,1.A.1.c.1,Mathematical Reasoning,LV,3.0,8,0.0,3.0,3.0,N,N,07/2012,Analyst
29-1022.00,1.A.1.c.2,Number Facility,IM,2.88,8,0.125,2.63,3.12,N,,07/2012,Analyst
29-1022.00,1.A.1.c.2,Number Facility,LV,3.0,8,0.0,3.0,3.0,N,N,07/2012,Analyst
29-1022.00,1.A.1.d.1,Memorization,IM,2.75,8,0.1637,2.4292,3.0708,N,,07/2012,Analyst
29-1022.00,1.A.1.d.1,Memorization,LV,2.88,8,0.125,2.63,3.12,N,N,07/2012,Analyst
29-1022.00,1.A.1.e.1,Speed of Closure,IM,2.75,8,0.1637,2.4292,3.0708,N,,07/2012,Analyst
29-1022.00,1.A.1.e.1,Speed of Closure,LV,2.88,8,0.125,2.63,3.12,N,N,07/2012,Analyst
29-1022.00,1.A.1.e.2,Flexibility of Closure,IM,3.38,8,0.183,3.0164,3.7336,N,,07/2012,Analyst
29-1022.00,1.A.1.e.2,Flexibility of Closure,LV,3.75,8,0.1637,3.4292,4.0708,N,N,07/2012,Analyst
29-1022.00,1.A.1.e.3,Perceptual Speed,IM,3.12,8,0.125,2.88,3.37,N,,07/2012,Analyst
29-1022.00,1.A.1.e.3,Perceptual Speed,LV,3.12,8,0.125,2.88,3.37,N,N,07/2012,Analyst
29-1022.00,1.A.1.f.1,Spatial Orientation,IM,1.0,8,0.0,1.0,1.0,N,,07/2012,Analyst
29-1022.00,1.A.1.f.1,Spatial Orientation,LV,0.0,8,0.0,0.0,0.0,N,Y,07/2012,Analyst
29-1022.00,1.A.1.f.2,Visualization,IM,3.25,8,0.1637,2.9292,3.5708,N,,07/2012,Analyst
29-1022.00,1.A.1.f.2,Visualization,LV,4.12,8,0.2266,3.6809,4.5691,N,N,07/2012,Analyst
29-1022.00,1.A.1.g.1,Selective Attention,IM,3.62,8,0.183,3.2664,3.9836,N,,07/2012,Analyst
29-1022.00,1.A.1.g.1,Selective Attention,LV,3.75,8,0.1637,3.4292,4.0708,N,N,07/2012,Analyst
29-1022.00,1.A.1.g.2,Time Sharing,IM,2.88,8,0.125,2.63,3.12,N,,07/2012,Analyst
29-1022.00,1.A.1.g.2,Time Sharing,LV,3.0,8,0.189,2.6296,3.3704,N,N,07/2012,Analyst
29-1022.00,1.A.2.a.1,Arm-Hand Steadiness,IM,4.25,8,0.1637,3.9292,4.5708,N,,07/2012,Analyst
29-1022.00,1.A.2.a.1,Arm-Hand Steadiness,LV,5.0,8,0.0,5.0,5.0,N,N,07/2012,Analyst
29-1022.00,1.A.2.a.2,Manual Dexterity,IM,3.88,8,0.125,3.63,4.12,N,,07/2012,Analyst
29-1022.00,1.A.2.a.2,Manual Dexterity,LV,5.25,8,0.25,4.76,5.74,N,N,07/2012,Analyst
29-1022.00,1.A.2.a.3,Finger Dexterity,IM,4.12,8,0.125,3.88,4.37,N,,07/2012,Analyst
29-1022.00,1.A.2.a.3,Finger Dexterity,LV,5.12,8,0.125,4.88,5.37,N,N,07/2012,Analyst
29-1022.00,1.A.2.b.1,Control Precision,IM,4.0,8,0.0,4.0,4.0,N,,07/2012,Analyst
29-1022.00,1.A.2.b.1,Control Precision,LV,5.38,8,0.183,5.0164,5.7336,N,N,07/2012,Analyst
29-1022.00,1.A.2.b.2,Multilimb Coordination,IM,3.25,8,0.25,2.76,3.74,N,,07/2012,Analyst
29-1022.00,1.A.2.b.2,Multilimb Coordination,LV,3.12,8,0.2266,2.6809,3.5691,N,N,07/2012,Analyst
29-1022.00,1.A.2.b.3,Response Orientation,IM,2.5,8,0.189,2.1296,2.8704,N,,07/2012,Analyst
29-1022.00,1.A.2.b.3,Response Orientation,LV,2.62,8,0.183,2.2664,2.9836,N,N,07/2012,Analyst
29-1022.00,1.A.2.b.4,Rate Control,IM,2.25,8,0.1637,1.9292,2.5708,N,,07/2012,Analyst
29-1022.00,1.A.2.b.4,Rate Control,LV,2.12,8,0.125,1.88,2.37,N,N,07/2012,Analyst
29-1022.00,1.A.2.c.1,Reaction Time,IM,2.62,8,0.183,2.2664,2.9836,N,,07/2012,Analyst
29-1022.00,1.A.2.c.1,Reaction Time,LV,2.62,8,0.183,2.2664,2.9836,N,N,07/2012,Analyst
29-1022.00,1.A.2.c.2,Wrist-Finger Speed,IM,2.75,8,0.1637,2.4292,3.0708,N,,07/2012,Analyst
29-1022.00,1.A.2.c.2,Wrist-Finger Speed,LV,3.12,8,0.125,2.88,3.37,N,N,07/2012,Analyst
29-1022.00,1.A.2.c.3,Speed of Limb Movement,IM,1.12,8,0.125,1.0,1.37,N,,07/2012,Analyst
29-1022.00,1.A.2.c.3,Speed of Limb Movement,LV,0.25,8,0.25,0.0,0.74,N,Y,07/2012,Analyst
29-1022.00,1.A.3.a.1,Static Strength,IM,1.88,8,0.125,1.63,2.12,N,,07/2012,Analyst
29-1022.00,1.A.3.a.1,Static Strength,LV,1.75,8,0.25,1.26,2.24,N,N,07/2012,Analyst
29-1022.00,1.A.3.a.2,Explosive Strength,IM,1.0,8,0.0,1.0,1.0,N,,07/2012,Analyst
29-1022.00,1.A.3.a.2,Explosive Strength,LV,0.0,8,0.0,0.0,0.0,N,Y,07/2012,Analyst
29-1022.00,1.A.3.a.3,Dynamic Strength,IM,1.88,8,0.125,1.63,2.12,N,,07/2012,Analyst
29-1022.00,1.A.3.a.3,Dynamic Strength,LV,1.62,8,0.2631,1.1094,2.1406,N,N,07/2012,Analyst
29-1022.00,1.A.3.a.4,Trunk Strength,IM,2.75,8,0.25,2.26,3.24,N,,07/2012,Analyst
29-1022.00,1.A.3.a.4,Trunk Strength,LV,2.62,8,0.183,2.2664,2.9836,N,N,07/2012,Analyst
29-1022.00,1.A.3.b.1,Stamina,IM,2.0,8,0.0,2.0,2.0,N,,07/2012,Analyst
29-1022.00,1.A.3.b.1,Stamina,LV,1.75,8,0.1637,1.4292,2.0708,N,N,07/2012,Analyst
29-1022.00,1.A.3.c.1,Extent Flexibility,IM,2.5,8,0.189,2.1296,2.8704,N,,07/2012,Analyst
29-1022.00,1.A.3.c.1,Extent Flexibility,LV,2.5,8,0.189,2.1296,2.8704,N,N,07/2012,Analyst
29-1022.00,1.A.3.c.2,Dynamic Flexibility,IM,1.0,8,0.0,1.0,1.0,N,,07/2012,Analyst
29-1022.00,1.A.3.c.2,Dynamic Flexibility,LV,0.0,8,0.0,0.0,0.0,N,Y,07/2012,Analyst
29-1022.00,1.A.3.c.3,Gross Body Coordination,IM,1.75,8,0.1637,1.4292,2.0708,N,,07/2012,Analyst
29-1022.00,1.A.3.c.3,Gross Body Coordination,LV,1.38,8,0.3239,0.7402,2.0098,N,N,07/2012,Analyst
29-1022.00,1.A.3.c.4,Gross Body Equilibrium,IM,1.75,8,0.1637,1.4292,2.0708,N,,07/2012,Analyst
29-1022.00,1.A.3.c.4,Gross Body Equilibrium,LV,0.75,8,0.1637,0.4292,1.0708,N,N,07/2012,Analyst
29-1022.00,1.A.4.a.1,Near Vision,IM,4.12,8,0.125,3.88,4.37,N,,07/2012,Analyst
29-1022.00,1.A.4.a.1,Near Vision,LV,4.75,8,0.25,4.26,5.24,N,N,07/2012,Analyst
29-1022.00,1.A.4.a.2,Far Vision,IM,2.88,8,0.2266,2.4309,3.3191,N,,07/2012,Analyst
29-1022.00,1.A.4.a.2,Far Vision,LV,3.12,8,0.295,2.5467,3.7033,N,N,07/2012,Analyst
29-1022.00,1.A.4.a.3,Visual Color Discrimination,IM,3.25,8,0.1637,2.9292,3.5708,N,,07/2012,Analyst
29-1022.00,1.A.4.a.3,Visual Color Discrimination,LV,3.5,8,0.189,3.1296,3.8704,N,N,07/2012,Analyst
29-1022.00,1.A.4.a.4,Night Vision,IM,1.0,8,0.0,1.0,1.0,N,,07/2012,Analyst
29-1022.00,1.A.4.a.4,Night Vision,LV,0.0,8,0.0,0.0,0.0,N,Y,07/2012,Analyst
29-1022.00,1.A.4.a.5,Peripheral Vision,IM,1.0,8,0.0,1.0,1.0,N,,07/2012,Analyst
29-1022.00,1.A.4.a.5,Peripheral Vision,LV,0.0,8,0.0,0.0,0.0,N,Y,07/2012,Analyst
29-1022.00,1.A.4.a.6,Depth Perception,IM,2.25,8,0.1637,1.9292,2.5708,N,,07/2012,Analyst
29-1022.00,1.A.4.a.6,Depth Perception,LV,2.25,8,0.25,1.76,2.74,N,N,07/2012,Analyst
29-1022.00,1.A.4.a.7,Glare Sensitivity,IM,1.0,8,0.0,1.0,1.0,N,,07/2012,Analyst
29-1022.00,1.A.4.a.7,Glare Sensitivity,LV,0.0,8,0.0,0.0,0.0,N,Y,07/2012,Analyst
29-1022.00,1.A.4.b.1,Hearing Sensitivity,IM,2.38,8,0.2631,1.8594,2.8906,N,,07/2012,Analyst
29-1022.00,1.A.4.b.1,Hearing Sensitivity,LV,2.0,8,0.3273,1.3584,2.6416,N,N,07/2012,Analyst
29-1022.00,1.A.4.b.2,Auditory Attention,IM,2.75,8,0.1637,2.4292,3.0708,N,,07/2012,Analyst
29-1022.00,1.A.4.b.2,Auditory Attention,LV,2.62,8,0.183,2.2664,2.9836,N,N,07/2012,Analyst
29-1022.00,1.A.4.b.3,Sound Localization,IM,1.0,8,0.0,1.0,1.0,N,,07/2012,Analyst
29-1022.00,1.A.4.b.3,Sound Localization,LV,0.0,8,0.0,0.0,0.0,N,Y,07/2012,Analyst
29-1022.00,1.A.4.b.4,Speech Recognition,IM,3.75,8,0.1637,3.4292,4.0708,N,,07/2012,Analyst
29-1022.00,1.A.4.b.4,Speech Recognition,LV,3.75,8,0.1637,3.4292,4.0708,N,N,07/2012,Analyst
29-1022.00,1.A.4.b.5,Speech Clarity,IM,3.75,8,0.1637,3.4292,4.0708,N,,07/2012,Analyst
29-1022.00,1.A.4.b.5,Speech Clarity,LV,3.5,8,0.189,3.1296,3.8704,N,N,07/2012,Analyst
29-1023.00,1.A.1.a.1,Oral Comprehension,IM,4.0,8,0.0,4.0,4.0,N,,08/2023,Analyst
29-1023.00,1.A.1.a.1,Oral Comprehension,LV,4.25,8,0.1637,3.9292,4.5708,N,N,08/2023,Analyst
29-1023.00,1.A.1.a.2,Written Comprehension,IM,4.0,8,0.0,4.0,4.0,N,,08/2023,Analyst
29-1023.00,1.A.1.a.2,Written Comprehension,LV,4.12,8,0.125,3.88,4.37,N,N,08/2023,Analyst
29-1023.00,1.A.1.a.3,Oral Expression,IM,4.0,8,0.0,4.0,4.0,N,,08/2023,Analyst
29-1023.00,1.A.1.a.3,Oral Expression,LV,4.12,8,0.125,3.88,4.37,N,N,08/2023,Analyst
29-1023.00,1.A.1.a.4,Written Expression,IM,4.0,8,0.0,4.0,4.0,N,,08/2023,Analyst
29-1023.00,1.A.1.a.4,Written Expression,LV,4.0,8,0.0,4.0,4.0,N,N,08/2023,Analyst
29-1023.00,1.A.1.b.1,Fluency of Ideas,IM,3.25,8,0.1637,2.9292,3.5708,N,,08/2023,Analyst
29-1023.00,1.A.1.b.1,Fluency of Ideas,LV,3.38,8,0.183,3.0164,3.7336,N,N,08/2023,Analyst
29-1023.00,1.A.1.b.2,Originality,IM,3.0,8,0.0,3.0,3.0,N,,08/2023,Analyst
29-1023.00,1.A.1.b.2,Originality,LV,3.25,8,0.1637,2.9292,3.5708,N,N,08/2023,Analyst
29-1023.00,1.A.1.b.3,Problem Sensitivity,IM,4.12,8,0.125,3.88,4.37,N,,08/2023,Analyst
29-1023.00,1.A.1.b.3,Problem Sensitivity,LV,4.88,8,0.125,4.63,5.12,N,N,08/2023,Analyst
29-1023.00,1.A.1.b.4,Deductive Reasoning,IM,4.0,8,0.0,4.0,4.0,N,,08/2023,Analyst
29-1023.00,1.A.1.b.4,Deductive Reasoning,LV,4.0,8,0.0,4.0,4.0,N,N,08/2023,Analyst
29-1023.00,1.A.1.b.5,Inductive Reasoning,IM,4.0,8,0.0,4.0,4.0,N,,08/2023,Analyst
29-1023.00,1.A.1.b.5,Inductive Reasoning,LV,4.12,8,0.125,3.88,4.37,N,N,08/2023,Analyst
29-1023.00,1.A.1.b.6,Information Ordering,IM,3.75,8,0.1637,3.4292,4.0708,N,,08/2023,Analyst
29-1023.00,1.A.1.b.6,Information Ordering,LV,4.0,8,0.0,4.0,4.0,N,N,08/2023,Analyst
29-1023.00,1.A.1.b.7,Category Flexibility,IM,3.25,8,0.1637,2.9292,3.5708,N,,08/2023,Analyst
29-1023.00,1.A.1.b.7,Category Flexibility,LV,3.62,8,0.183,3.2664,3.9836,N,N,08/2023,Analyst
29-1023.00,1.A.1.c.1,Mathematical Reasoning,IM,2.5,8,0.189,2.1296,2.8704,N,,08/2023,Analyst
29-1023.00,1.A.1.c.1,Mathematical Reasoning,LV,2.88,8,0.125,2.63,3.12,N,N,08/2023,Analyst
29-1023.00,1.A.1.c.2,Number Facility,IM,2.5,8,0.189,2.1296,2.8704,N,,08/2023,Analyst
29-1023.00,1.A.1.c.2,Number Facility,LV,3.0,8,0.0,3.0,3.0,N,N,08/2023,Analyst
29-1023.00,1.A.1.d.1,Memorization,IM,2.62,8,0.183,2.2664,2.9836,N,,08/2023,Analyst
29-1023.00,1.A.1.d.1,Memorization,LV,2.75,8,0.1637,2.4292,3.0708,N,N,08/2023,Analyst
29-1023.00,1.A.1.e.1,Speed of Closure,IM,2.5,8,0.189,2.1296,2.8704,N,,08/2023,Analyst
29-1023.00,1.A.1.e.1,Speed of Closure,LV,2.5,8,0.189,2.1296,2.8704,N,N,08/2023,Analyst
29-1023.00,1.A.1.e.2,Flexibility of Closure,IM,2.88,8,0.125,2.63,3.12,N,,08/2023,Analyst
29-1023.00,1.A.1.e.2,Flexibility of Closure,LV,3.0,8,0.0,3.0,3.0,N,N,08/2023,Analyst
29-1023.00,1.A.1.e.3,Perceptual Speed,IM,2.75,8,0.1637,2.4292,3.0708,N,,08/2023,Analyst
29-1023.00,1.A.1.e.3,Perceptual Speed,LV,3.0,8,0.0,3.0,3.0,N,N,08/2023,Analyst
29-1023.00,1.A.1.f.1,Spatial Orientation,IM,1.0,8,0.0,1.0,1.0,N,,08/2023,Analyst
29-1023.00,1.A.1.f.1,Spatial Orientation,LV,0.0,8,0.0,0.0,0.0,N,Y,08/2023,Analyst
29-1023.00,1.A.1.f.2,Visualization,IM,3.12,8,0.2266,2.6809,3.5691,N,,08/2023,Analyst
29-1023.00,1.A.1.f.2,Visualization,LV,3.62,8,0.183,3.2664,3.9836,N,N,08/2023,Analyst
29-1023.00,1.A.1.g.1,Selective Attention,IM,3.25,8,0.1637,2.9292,3.5708,N,,08/2023,Analyst
29-1023.00,1.A.1.g.1,Selective Attention,LV,3.25,8,0.1637,2.9292,3.5708,N,N,08/2023,Analyst
29-1023.00,1.A.1.g.2,Time Sharing,IM,3.0,8,0.0,3.0,3.0,N,,08/2023,Analyst
29-1023.00,1.A.1.g.2,Time Sharing,LV,2.88,8,0.125,2.63,3.12,N,N,08/2023,Analyst
29-1023.00,1.A.2.a.1,Arm-Hand Steadiness,IM,4.0,8,0.0,4.0,4.0,N,,08/2023,Analyst
29-1023.00,1.A.2.a.1,Arm-Hand Steadiness,LV,3.88,8,0.125,3.63,4.12,N,N,08/2023,Analyst
29-1023.00,1.A.2.a.2,Manual Dexterity,IM,3.75,8,0.1637,3.4292,4.0708,N,,08/2023,Analyst
29-1023.00,1.A.2.a.2,Manual Dexterity,LV,3.88,8,0.125,3.63,4.12,N,N,08/2023,Analyst
29-1023.00,1.A.2.a.3,Finger Dexterity,IM,4.0,8,0.0,4.0,4.0,N,,08/2023,Analyst
29-1023.00,1.A.2.a.3,Finger Dexterity,LV,4.0,8,0.0,4.0,4.0,N,N,08/2023,Analyst
29-1023.00,1.A.2.b.1,Control Precision,IM,3.25,8,0.1637,2.9292,3.5708,N,,08/2023,Analyst
29-1023.00,1.A.2.b.1,Control Precision,LV,3.88,8,0.125,3.63,4.12,N,N,08/2023,Analyst
29-1023.00,1.A.2.b.2,Multilimb Coordination,IM,2.75,8,0.1637,2.4292,3.0708,N,,08/2023,Analyst
29-1023.00,1.A.2.b.2,Multilimb Coordination,LV,2.88,8,0.125,2.63,3.12,N,N,08/2023,Analyst
29-1023.00,1.A.2.b.3,Response Orientation,IM,1.88,8,0.2266,1.4309,2.3191,N,,08/2023,Analyst
29-1023.00,1.A.2.b.3,Response Orientation,LV,1.38,8,0.3239,0.7402,2.0098,N,N,08/2023,Analyst
29-1023.00,1.A.2.b.4,Rate Control,IM,1.88,8,0.125,1.63,2.12,N,,08/2023,Analyst
29-1023.00,1.A.2.b.4,Rate Control,LV,1.12,8,0.2266,0.6809,1.5691,N,N,08/2023,Analyst
29-1023.00,1.A.2.c.1,Reaction Time,IM,1.88,8,0.125,1.63,2.12,N,,08/2023,Analyst
29-1023.00,1.A.2.c.1,Reaction Time,LV,1.38,8,0.2631,0.8594,1.8906,N,N,08/2023,Analyst
29-1023.00,1.A.2.c.2,Wrist-Finger Speed,IM,2.12,8,0.125,1.88,2.37,N,,08/2023,Analyst
29-1023.00,1.A.2.c.2,Wrist-Finger Speed,LV,1.5,8,0.2673,0.9762,2.0238,N,N,08/2023,Analyst
29-1023.00,1.A.2.c.3,Speed of Limb Movement,IM,1.0,8,0.0,1.0,1.0,N,,08/2023,Analyst
29-1023.00,1.A.2.c.3,Speed of Limb Movement,LV,0.0,8,0.0,0.0,0.0,N,Y,08/2023,Analyst
29-1023.00,1.A.3.a.1,Static Strength,IM,2.0,8,0.0,2.0,2.0,N,,08/2023,Analyst
29-1023.00,1.A.3.a.1,Static Strength,LV,1.38,8,0.183,1.0164,1.7336,N,N,08/2023,Analyst
29-1023.00,1.A.3.a.2,Explosive Strength,IM,1.12,8,0.125,1.0,1.37,N,,08/2023,Analyst
29-1023.00,1.A.3.a.2,Explosive Strength,LV,0.12,8,0.125,0.0,0.37,N,Y,08/2023,Analyst
29-1023.00,1.A.3.a.3,Dynamic Strength,IM,1.25,8,0.1637,1.0,1.5708,N,,08/2023,Analyst
29-1023.00,1.A.3.a.3,Dynamic Strength,LV,0.25,8,0.1637,0.0,0.5708,N,Y,08/2023,Analyst
29-1023.00,1.A.3.a.4,Trunk Strength,IM,2.0,8,0.0,2.0,2.0,N,,08/2023,Analyst
29-1023.00,1.A.3.a.4,Trunk Strength,LV,1.38,8,0.183,1.0164,1.7336,N,N,08/2023,Analyst
29-1023.00,1.A.3.b.1,Stamina,IM,1.0,8,0.0,1.0,1.0,N,,08/2023,Analyst
29-1023.00,1.A.3.b.1,Stamina,LV,0.0,8,0.0,0.0,0.0,N,Y,08/2023,Analyst
29-1023.00,1.A.3.c.1,Extent Flexibility,IM,2.12,8,0.125,1.88,2.37,N,,08/2023,Analyst
29-1023.00,1.A.3.c.1,Extent Flexibility,LV,2.0,8,0.0,2.0,2.0,N,N,08/2023,Analyst
29-1023.00,1.A.3.c.2,Dynamic Flexibility,IM,1.0,8,0.0,1.0,1.0,N,,08/2023,Analyst
29-1023.00,1.A.3.c.2,Dynamic Flexibility,LV,0.0,8,0.0,0.0,0.0,N,Y,08/2023,Analyst
29-1023.00,1.A.3.c.3,Gross Body Coordination,IM,1.0,8,0.0,1.0,1.0,N,,08/2023,Analyst
29-1023.00,1.A.3.c.3,Gross Body Coordination,LV,0.0,8,0.0,0.0,0.0,N,Y,08/2023,Analyst
29-1023.00,1.A.3.c.4,Gross Body Equilibrium,IM,1.12,8,0.125,1.0,1.37,N,,08/2023,Analyst
29-1023.00,1.A.3.c.4,Gross Body Equilibrium,LV,0.12,8,0.125,0.0,0.37,N,Y,08/2023,Analyst
29-1023.00,1.A.4.a.1,Near Vision,IM,4.0,8,0.0,4.0,4.0,N,,08/2023,Analyst
29-1023.00,1.A.4.a.1,Near Vision,LV,4.12,8,0.125,3.88,4.37,N,N,08/2023,Analyst
29-1023.00,1.A.4.a.2,Far Vision,IM,3.0,8,0.0,3.0,3.0,N,,08/2023,Analyst
29-1023.00,1.A.4.a.2,Far Vision,LV,3.0,8,0.0,3.0,3.0,N,N,08/2023,Analyst
29-1023.00,1.A.4.a.3,Visual Color Discrimination,IM,2.5,8,0.189,2.1296,2.8704,N,,08/2023,Analyst
29-1023.00,1.A.4.a.3,Visual Color Discrimination,LV,2.62,8,0.183,2.2664,2.9836,N,N,08/2023,Analyst
29-1023.00,1.A.4.a.4,Night Vision,IM,1.0,8,0.0,1.0,1.0,N,,08/2023,Analyst
29-1023.00,1.A.4.a.4,Night Vision,LV,0.0,8,0.0,0.0,0.0,N,Y,08/2023,Analyst
29-1023.00,1.A.4.a.5,Peripheral Vision,IM,1.0,8,0.0,1.0,1.0,N,,08/2023,Analyst
29-1023.00,1.A.4.a.5,Peripheral Vision,LV,0.0,8,0.0,0.0,0.0,N,Y,08/2023,Analyst
29-1023.00,1.A.4.a.6,Depth Perception,IM,2.0,8,0.0,2.0,2.0,N,,08/2023,Analyst
29-1023.00,1.A.4.a.6,Depth Perception,LV,2.0,8,0.0,2.0,2.0,N,N,08/2023,Analyst
29-1023.00,1.A.4.a.7,Glare Sensitivity,IM,1.0,8,0.0,1.0,1.0,N,,08/2023,Analyst
29-1023.00,1.A.4.a.7,Glare Sensitivity,LV,0.0,8,0.0,0.0,0.0,N,Y,08/2023,Analyst
29-1023.00,1.A.4.b.1,Hearing Sensitivity,IM,2.0,8,0.0,2.0,2.0,N,,08/2023,Analyst
29-1023.00,1.A.4.b.1,Hearing Sensitivity,LV,1.88,8,0.125,1.63,2.12,N,N,08/2023,Analyst
29-1023.00,1.A.4.b.2,Auditory Attention,IM,2.25,8,0.1637,1.9292,2.5708,N,,08/2023,Analyst
29-1023.00,1.A.4.b.2,Auditory Attention,LV,2.12,8,0.125,1.88,2.37,N,N,08/2023,Analyst
29-1023.00,1.A.4.b.3,Sound Localization,IM,1.0,8,0.0,1.0,1.0,N,,08/2023,Analyst
29-1023.00,1.A.4.b.3,Sound Localization,LV,0.0,8,0.0,0.0,0.0,N,Y,08/2023,Analyst
29-1023.00,1.A.4.b.4,Speech Recognition,IM,3.75,8,0.1637,3.4292,4.0708,N,,08/2023,Analyst
29-1023.00,1.A.4.b.4,Speech Recognition,LV,3.5,8,0.189,3.1296,3.8704,N,N,08/2023,Analyst
29-1023.00,1.A.4.b.5,Speech Clarity,IM,3.75,8,0.1637,3.4292,4.0708,N,,08/2023,Analyst
29-1023.00,1.A.4.b.5,Speech Clarity,LV,3.38,8,0.183,3.0164,3.7336,N,N,08/2023,Analyst
29-1024.00,1.A.1.a.1,Oral Comprehension,IM,4.0,8,0.0,4.0,4.0,N,,08/2024,Analyst
29-1024.00,1.A.1.a.1,Oral Comprehension,LV,4.12,8,0.125,3.88,4.37,N,N,08/2024,Analyst
29-1024.00,1.A.1.a.2,Written Comprehension,IM,3.75,8,0.25,3.26,4.24,N,,08/2024,Analyst
29-1024.00,1.A.1.a.2,Written Comprehension,LV,4.12,8,0.125,3.88,4.37,N,N,08/2024,Analyst
29-1024.00,1.A.1.a.3,Oral Expression,IM,4.0,8,0.0,4.0,4.0,N,,08/2024,Analyst
29-1024.00,1.A.1.a.3,Oral Expression,LV,4.0,8,0.0,4.0,4.0,N,N,08/2024,Analyst
29-1024.00,1.A.1.a.4,Written Expression,IM,3.25,8,0.1637,2.9292,3.5708,N,,08/2024,Analyst
29-1024.00,1.A.1.a.4,Written Expression,LV,3.88,8,0.125,3.63,4.12,N,N,08/2024,Analyst
29-1024.00,1.A.1.b.1,Fluency of Ideas,IM,3.12,8,0.125,2.88,3.37,N,,08/2024,Analyst
29-1024.00,1.A.1.b.1,Fluency of Ideas,LV,3.38,8,0.183,3.0164,3.7336,N,N,08/2024,Analyst
29-1024.00,1.A.1.b.2,Originality,IM,3.12,8,0.125,2.88,3.37,N,,08/2024,Analyst
29-1024.00,1.A.1.b.2,Originality,LV,3.12,8,0.125,2.88,3.37,N,N,08/2024,Analyst
29-1024.00,1.A.1.b.3,Problem Sensitivity,IM,4.12,8,0.125,3.88,4.37,N,,08/2024,Analyst
29-1024.00,1.A.1.b.3,Problem Sensitivity,LV,4.12,8,0.125,3.88,4.37,N,N,08/2024,Analyst
29-1024.00,1.A.1.b.4,Deductive Reasoning,IM,4.0,8,0.0,4.0,4.0,N,,08/2024,Analyst
29-1024.00,1.A.1.b.4,Deductive Reasoning,LV,4.0,8,0.0,4.0,4.0,N,N,08/2024,Analyst
29-1024.00,1.A.1.b.5,Inductive Reasoning,IM,4.0,8,0.0,4.0,4.0,N,,08/2024,Analyst
29-1024.00,1.A.1.b.5,Inductive Reasoning,LV,4.0,8,0.0,4.0,4.0,N,N,08/2024,Analyst
29-1024.00,1.A.1.b.6,Information Ordering,IM,3.38,8,0.183,3.0164,3.7336,N,,08/2024,Analyst
29-1024.00,1.A.1.b.6,Information Ordering,LV,3.38,8,0.183,3.0164,3.7336,N,N,08/2024,Analyst
29-1024.00,1.A.1.b.7,Category Flexibility,IM,3.12,8,0.125,2.88,3.37,N,,08/2024,Analyst
29-1024.00,1.A.1.b.7,Category Flexibility,LV,3.12,8,0.125,2.88,3.37,N,N,08/2024,Analyst
29-1024.00,1.A.1.c.1,Mathematical Reasoning,IM,2.75,8,0.1637,2.4292,3.0708,N,,08/2024,Analyst
29-1024.00,1.A.1.c.1,Mathematical Reasoning,LV,2.75,8,0.1637,2.4292,3.0708,N,N,08/2024,Analyst
29-1024.00,1.A.1.c.2,Number Facility,IM,2.12,8,0.125,1.88,2.37,N,,08/2024,Analyst
29-1024.00,1.A.1.c.2,Number Facility,LV,2.25,8,0.1637,1.9292,2.5708,N,N,08/2024,Analyst
29-1024.00,1.A.1.d.1,Memorization,IM,2.25,8,0.1637,1.9292,2.5708,N,,08/2024,Analyst
29-1024.00,1.A.1.d.1,Memorization,LV,2.12,8,0.125,1.88,2.37,N,N,08/2024,Analyst
29-1024.00,1.A.1.e.1,Speed of Closure,IM,2.25,8,0.1637,1.9292,2.5708,N,,08/2024,Analyst
29-1024.00,1.A.1.e.1,Speed of Closure,LV,2.38,8,0.183,2.0164,2.7336,N,N,08/2024,Analyst
29-1024.00,1.A.1.e.2,Flexibility of Closure,IM,3.0,8,0.189,2.6296,3.3704,N,,08/2024,Analyst
29-1024.00,1.A.1.e.2,Flexibility of Closure,LV,3.0,8,0.189,2.6296,3.3704,N,N,08/2024,Analyst
29-1024.00,1.A.1.e.3,Perceptual Speed,IM,2.88,8,0.125,2.63,3.12,N,,08/2024,Analyst
29-1024.00,1.A.1.e.3,Perceptual Speed,LV,2.88,8,0.125,2.63,3.12,N,N,08/2024,Analyst
29-1024.00,1.A.1.f.1,Spatial Orientation,IM,1.5,8,0.189,1.1296,1.8704,N,,08/2024,Analyst
29-1024.00,1.A.1.f.1,Spatial Orientation,LV,0.62,8,0.2631,0.1094,1.1406,N,N,08/2024,Analyst
29-1024.00,1.A.1.f.2,Visualization,IM,3.25,8,0.1637,2.9292,3.5708,N,,08/2024,Analyst
29-1024.00,1.A.1.f.2,Visualization,LV,3.88,8,0.2266,3.4309,4.3191,N,N,08/2024,Analyst
29-1024.00,1.A.1.g.1,Selective Attention,IM,3.25,8,0.1637,2.9292,3.5708,N,,08/2024,Analyst
29-1024.00,1.A.1.g.1,Selective Attention,LV,3.0,8,0.0,3.0,3.0,N,N,08/2024,Analyst
29-1024.00,1.A.1.g.2,Time Sharing,IM,2.75,8,0.1637,2.4292,3.0708,N,,08/2024,Analyst
29-1024.00,1.A.1.g.2,Time Sharing,LV,3.0,8,0.0,3.0,3.0,N,N,08/2024,Analyst
29-1024.00,1.A.2.a.1,Arm-Hand Steadiness,IM,3.62,8,0.183,3.2664,3.9836,N,,08/2024,Analyst
29-1024.00,1.A.2.a.1,Arm-Hand Steadiness,LV,4.0,8,0.0,4.0,4.0,N,N,08/2024,Analyst
29-1024.00,1.A.2.a.2,Manual Dexterity,IM,3.62,8,0.183,3.2664,3.9836,N,,08/2024,Analyst
29-1024.00,1.A.2.a.2,Manual Dexterity,LV,3.62,8,0.183,3.2664,3.9836,N,N,08/2024,Analyst
29-1024.00,1.A.2.a.3,Finger Dexterity,IM,3.88,8,0.125,3.63,4.12,N,,08/2024,Analyst
29-1024.00,1.A.2.a.3,Finger Dexterity,LV,4.12,8,0.125,3.88,4.37,N,N,08/2024,Analyst
29-1024.00,1.A.2.b.1,Control Precision,IM,3.25,8,0.1637,2.9292,3.5708,N,,08/2024,Analyst
29-1024.00,1.A.2.b.1,Control Precision,LV,4.0,8,0.0,4.0,4.0,N,N,08/2024,Analyst
29-1024.00,1.A.2.b.2,Multilimb Coordination,IM,2.62,8,0.183,2.2664,2.9836,N,,08/2024,Analyst
29-1024.00,1.A.2.b.2,Multilimb Coordination,LV,2.75,8,0.1637,2.4292,3.0708,N,N,08/2024,Analyst
29-1024.00,1.A.2.b.3,Response Orientation,IM,2.0,8,0.0,2.0,2.0,N,,08/2024,Analyst
29-1024.00,1.A.2.b.3,Response Orientation,LV,1.75,8,0.1637,1.4292,2.0708,N,N,08/2024,Analyst
29-1024.00,1.A.2.b.4,Rate Control,IM,2.0,8,0.0,2.0,2.0,N,,08/2024,Analyst
29-1024.00,1.A.2.b.4,Rate Control,LV,1.88,8,0.125,1.63,2.12,N,N,08/2024,Analyst
29-1024.00,1.A.2.c.1,Reaction Time,IM,2.0,8,0.0,2.0,2.0,N,,08/2024,Analyst
29-1024.00,1.A.2.c.1,Reaction Time,LV,2.0,8,0.0,2.0,2.0,N,N,08/2024,Analyst
29-1024.00,1.A.2.c.2,Wrist-Finger Speed,IM,2.0,8,0.189,1.6296,2.3704,N,,08/2024,Analyst
29-1024.00,1.A.2.c.2,Wrist-Finger Speed,LV,1.88,8,0.295,1.2967,2.4533,N,N,08/2024,Analyst
29-1024.00,1.A.2.c.3,Speed of Limb Movement,IM,1.0,8,0.0,1.0,1.0,N,,08/2024,Analyst
29-1024.00,1.A.2.c.3,Speed of Limb Movement,LV,0.0,8,0.0,0.0,0.0,N,Y,08/2024,Analyst
29-1024.00,1.A.3.a.1,Static Strength,IM,2.0,8,0.0,2.0,2.0,N,,08/2024,Analyst
29-1024.00,1.A.3.a.1,Static Strength,LV,1.75,8,0.1637,1.4292,2.0708,N,N,08/2024,Analyst
29-1024.00,1.A.3.a.2,Explosive Strength,IM,1.25,8,0.1637,1.0,1.5708,N,,08/2024,Analyst
29-1024.00,1.A.3.a.2,Explosive Strength,LV,0.38,8,0.2631,0.0,0.8906,N,Y,08/2024,Analyst
29-1024.00,1.A.3.a.3,Dynamic Strength,IM,2.0,8,0.0,2.0,2.0,N,,08/2024,Analyst
29-1024.00,1.A.3.a.3,Dynamic Strength,LV,1.12,8,0.125,0.88,1.37,N,N,08/2024,Analyst
29-1024.00,1.A.3.a.4,Trunk Strength,IM,2.12,8,0.125,1.88,2.37,N,,08/2024,Analyst
29-1024.00,1.A.3.a.4,Trunk Strength,LV,2.0,8,0.0,2.0,2.0,N,N,08/2024,Analyst
29-1024.00,1.A.3.b.1,Stamina,IM,1.88,8,0.125,1.63,2.12,N,,08/2024,Analyst
29-1024.00,1.A.3.b.1,Stamina,LV,0.88,8,0.125,0.63,1.12,N,N,08/2024,Analyst
29-1024.00,1.A.3.c.1,Extent Flexibility,IM,2.25,8,0.1637,1.9292,2.5708,N,,08/2024,Analyst
29-1024.00,1.A.3.c.1,Extent Flexibility,LV,2.12,8,0.125,1.88,2.37,N,N,08/2024,Analyst
29-1024.00,1.A.3.c.2,Dynamic Flexibility,IM,1.0,8,0.0,1.0,1.0,N,,08/2024,Analyst
29-1024.00,1.A.3.c.2,Dynamic Flexibility,LV,0.0,8,0.0,0.0,0.0,N,Y,08/2024,Analyst
29-1024.00,1.A.3.c.3,Gross Body Coordination,IM,2.0,8,0.0,2.0,2.0,N,,08/2024,Analyst
29-1024.00,1.A.3.c.3,Gross Body Coordination,LV,1.0,8,0.0,1.0,1.0,N,N,08/2024,Analyst
29-1024.00,1.A.3.c.4,Gross Body Equilibrium,IM,2.0,8,0.0,2.0,2.0,N,,08/2024,Analyst
29-1024.00,1.A.3.c.4,Gross Body Equilibrium,LV,1.12,8,0.125,0.88,1.37,N,N,08/2024,Analyst
29-1024.00,1.A.4.a.1,Near Vision,IM,4.12,8,0.125,3.88,4.37,N,,08/2024,Analyst
29-1024.00,1.A.4.a.1,Near Vision,LV,4.38,8,0.183,4.0164,4.7336,N,N,08/2024,Analyst
29-1024.00,1.A.4.a.2,Far Vision,IM,2.88,8,0.125,2.63,3.12,N,,08/2024,Analyst
29-1024.00,1.A.4.a.2,Far Vision,LV,2.88,8,0.125,2.63,3.12,N,N,08/2024,Analyst
29-1024.00,1.A.4.a.3,Visual Color Discrimination,IM,3.12,8,0.125,2.88,3.37,N,,08/2024,Analyst
29-1024.00,1.A.4.a.3,Visual Color Discrimination,LV,3.12,8,0.125,2.88,3.37,N,N,08/2024,Analyst
29-1024.00,1.A.4.a.4,Night Vision,IM,1.5,8,0.189,1.1296,1.8704,N,,08/2024,Analyst
29-1024.00,1.A.4.a.4,Night Vision,LV,0.5,8,0.189,0.1296,0.8704,N,N,08/2024,Analyst
29-1024.00,1.A.4.a.5,Peripheral Vision,IM,1.5,8,0.189,1.1296,1.8704,N,,08/2024,Analyst
29-1024.00,1.A.4.a.5,Peripheral Vision,LV,0.5,8,0.189,0.1296,0.8704,N,N,08/2024,Analyst
29-1024.00,1.A.4.a.6,Depth Perception,IM,2.12,8,0.125,1.88,2.37,N,,08/2024,Analyst
29-1024.00,1.A.4.a.6,Depth Perception,LV,2.0,8,0.0,2.0,2.0,N,N,08/2024,Analyst
29-1024.00,1.A.4.a.7,Glare Sensitivity,IM,1.5,8,0.189,1.1296,1.8704,N,,08/2024,Analyst
29-1024.00,1.A.4.a.7,Glare Sensitivity,LV,0.5,8,0.189,0.1296,0.8704,N,N,08/2024,Analyst
29-1024.00,1.A.4.b.1,Hearing Sensitivity,IM,2.25,8,0.1637,1.9292,2.5708,N,,08/2024,Analyst
29-1024.00,1.A.4.b.1,Hearing Sensitivity,LV,2.12,8,0.125,1.88,2.37,N,N,08/2024,Analyst
29-1024.00,1.A.4.b.2,Auditory Attention,IM,2.12,8,0.125,1.88,2.37,N,,08/2024,Analyst
29-1024.00,1.A.4.b.2,Auditory Attention,LV,2.0,8,0.0,2.0,2.0,N,N,08/2024,Analyst
29-1024.00,1.A.4.b.3,Sound Localization,IM,1.62,8,0.183,1.2664,1.9836,N,,08/2024,Analyst
29-1024.00,1.A.4.b.3,Sound Localization,LV,0.62,8,0.183,0.2664,0.9836,N,N,08/2024,Analyst
29-1024.00,1.A.4.b.4,Speech Recognition,IM,3.62,8,0.183,3.2664,3.9836,N,,08/2024,Analyst
29-1024.00,1.A.4.b.4,Speech Recognition,LV,3.62,8,0.183,3.2664,3.9836,N,N,08/2024,Analyst
29-1024.00,1.A.4.b.5,Speech Clarity,IM,3.62,8,0.183,3.2664,3.9836,N,,08/2024,Analyst
29-1024.00,1.A.4.b.5,Speech Clarity,LV,3.0,8,0.0,3.0,3.0,N,N,08/2024,Analyst
29-1031.00,1.A.1.a.1,Oral Comprehension,IM,4.0,8,0.0,4.0,4.0,N,,08/2021,Analyst
29-1031.00,1.A.1.a.1,Oral Comprehension,LV,4.88,8,0.125,4.63,5.12,N,N,08/2021,Analyst
29-1031.00,1.A.1.a.2,Written Comprehension,IM,4.0,8,0.0,4.0,4.0,N,,08/2021,Analyst
29-1031.00,1.A.1.a.2,Written Comprehension,LV,4.25,8,0.1637,3.9292,4.5708,N,N,08/2021,Analyst
29-1031.00,1.A.1.a.3,Oral Expression,IM,4.0,8,0.0,4.0,4.0,N,,08/2021,Analyst
29-1031.00,1.A.1.a.3,Oral Expression,LV,4.88,8,0.125,4.63,5.12,N,N,08/2021,Analyst
29-1031.00,1.A.1.a.4,Written Expression,IM,4.0,8,0.0,4.0,4.0,N,,08/2021,Analyst
29-1031.00,1.A.1.a.4,Written Expression,LV,4.25,8,0.1637,3.9292,4.5708,N,N,08/2021,Analyst
29-1031.00,1.A.1.b.1,Fluency of Ideas,IM,3.12,8,0.125,2.88,3.37,N,,08/2021,Analyst
29-1031.00,1.A.1.b.1,Fluency of Ideas,LV,3.62,8,0.183,3.2664,3.9836,N,N,08/2021,Analyst
29-1031.00,1.A.1.b.2,Originality,IM,3.5,8,0.189,3.1296,3.8704,N,,08/2021,Analyst
29-1031.00,1.A.1.b.2,Originality,LV,3.88,8,0.125,3.63,4.12,N,N,08/2021,Analyst
29-1031.00,1.A.1.b.3,Problem Sensitivity,IM,4.0,8,0.0,4.0,4.0,N,,08/2021,Analyst
29-1031.00,1.A.1.b.3,Problem Sensitivity,LV,4.0,8,0.0,4.0,4.0,N,N,08/2021,Analyst
29-1031.00,1.A.1.b.4,Deductive Reasoning,IM,4.0,8,0.0,4.0,4.0,N,,08/2021,Analyst
29-1031.00,1.A.1.b.4,Deductive Reasoning,LV,4.12,8,0.125,3.88,4.37,N,N,08/2021,Analyst
29-1031.00,1.A.1.b.5,Inductive Reasoning,IM,4.0,8,0.0,4.0,4.0,N,,08/2021,Analyst
29-1031.00,1.A.1.b.5,Inductive Reasoning,LV,4.12,8,0.125,3.88,4.37,N,N,08/2021,Analyst
29-1031.00,1.A.1.b.6,Information Ordering,IM,3.75,8,0.1637,3.4292,4.0708,N,,08/2021,Analyst
29-1031.00,1.A.1.b.6,Information Ordering,LV,4.0,8,0.0,4.0,4.0,N,N,08/2021,Analyst
29-1031.00,1.A.1.b.7,Category Flexibility,IM,3.88,8,0.125,3.63,4.12,N,,08/2021,Analyst
29-1031.00,1.A.1.b.7,Category Flexibility,LV,4.12,8,0.125,3.88,4.37,N,N,08/2021,Analyst
29-1031.00,1.A.1.c.1,Mathematical Reasoning,IM,3.12,8,0.125,2.88,3.37,N,,08/2021,Analyst
29-1031.00,1.A.1.c.1,Mathematical Reasoning,LV,3.12,8,0.125,2.88,3.37,N,N,08/2021,Analyst
29-1031.00,1.A.1.c.2,Number Facility,IM,3.0,8,0.0,3.0,3.0,N,,08/2021,Analyst
29-1031.00,1.A.1.c.2,Number Facility,LV,3.0,8,0.0,3.0,3.0,N,N,08/2021,Analyst
29-1031.00,1.A.1.d.1,Memorization,IM,2.75,8,0.1637,2.4292,3.0708,N,,08/2021,Analyst
29-1031.00,1.A.1.d.1,Memorization,LV,2.88,8,0.125,2.63,3.12,N,N,08/2021,Analyst
29-1031.00,1.A.1.e.1,Speed of Closure,IM,2.25,8,0.1637,1.9292,2.5708,N,,08/2021,Analyst
29-1031.00,1.A.1.e.1,Speed of Closure,LV,2.62,8,0.183,2.2664,2.9836,N,N,08/2021,Analyst
29-1031.00,1.A.1.e.2,Flexibility of Closure,IM,2.88,8,0.2266,2.4309,3.3191,N,,08/2021,Analyst
29-1031.00,1.A.1.e.2,Flexibility of Closure,LV,2.88,8,0.125,2.63,3.12,N,N,08/2021,Analyst
29-1031.00,1.A.1.e.3,Perceptual Speed,IM,2.88,8,0.125,2.63,3.12,N,,08/2021,Analyst
29-1031.00,1.A.1.e.3,Perceptual Speed,LV,2.88,8,0.125,2.63,3.12,N,N,08/2021,Analyst
29-1031.00,1.A.1.f.1,Spatial Orientation,IM,1.0,8,0.0,1.0,1.0,N,,08/2021,Analyst
29-1031.00,1.A.1.f.1,Spatial Orientation,LV,0.0,8,0.0,0.0,0.0,N,Y,08/2021,Analyst
29-1031.00,1.A.1.f.2,Visualization,IM,2.5,8,0.189,2.1296,2.8704,N,,08/2021,Analyst
29-1031.00,1.A.1.f.2,Visualization,LV,2.5,8,0.189,2.1296,2.8704,N,N,08/2021,Analyst
29-1031.00,1.A.1.g.1,Selective Attention,IM,3.0,8,0.0,3.0,3.0,N,,08/2021,Analyst
29-1031.00,1.A.1.g.1,Selective Attention,LV,2.88,8,0.125,2.63,3.12,N,N,08/2021,Analyst
29-1031.00,1.A.1.g.2,Time Sharing,IM,2.62,8,0.183,2.2664,2.9836,N,,08/2021,Analyst
29-1031.00,1.A.1.g.2,Time Sharing,LV,2.25,8,0.1637,1.9292,2.5708,N,N,08/2021,Analyst
29-1031.00,1.A.2.a.1,Arm-Hand Steadiness,IM,1.0,8,0.0,1.0,1.0,N,,08/2021,Analyst
29-1031.00,1.A.2.a.1,Arm-Hand Steadiness,LV,0.0,8,0.0,0.0,0.0,N,Y,08/2021,Analyst
29-1031.00,1.A.2.a.2,Manual Dexterity,IM,1.25,8,0.1637,1.0,1.5708,N,,08/2021,Analyst
29-1031.00,1.A.2.a.2,Manual Dexterity,LV,0.25,8,0.1637,0.0,0.5708,N,Y,08/2021,Analyst
29-1031.00,1.A.2.a.3,Finger Dexterity,IM,1.88,8,0.125,1.63,2.12,N,,08/2021,Analyst
29-1031.00,1.A.2.a.3,Finger Dexterity,LV,1.62,8,0.2631,1.1094,2.1406,N,N,08/2021,Analyst
29-1031.00,1.A.2.b.1,Control Precision,IM,1.0,8,0.0,1.0,1.0,N,,08/2021,Analyst
29-1031.00,1.A.2.b.1,Control Precision,LV,0.0,8,0.0,0.0,0.0,N,Y,08/2021,Analyst
29-1031.00,1.A.2.b.2,Multilimb Coordination,IM,1.0,8,0.0,1.0,1.0,N,,08/2021,Analyst
29-1031.00,1.A.2.b.2,Multilimb Coordination,LV,0.0,8,0.0,0.0,0.0,N,Y,08/2021,Analyst
29-1031.00,1.A.2.b.3,Response Orientation,IM,1.0,8,0.0,1.0,1.0,N,,08/2021,Analyst
29-1031.00,1.A.2.b.3,Response Orientation,LV,0.0,8,0.0,0.0,0.0,N,Y,08/2021,Analyst
29-1031.00,1.A.2.b.4,Rate Control,IM,1.0,8,0.0,1.0,1.0,N,,08/2021,Analyst
29-1031.00,1.A.2.b.4,Rate Control,LV,0.0,8,0.0,0.0,0.0,N,Y,08/2021,Analyst
29-1031.00,1.A.2.c.1,Reaction Time,IM,1.0,8,0.0,1.0,1.0,N,,08/2021,Analyst
29-1031.00,1.A.2.c.1,Reaction Time,LV,0.0,8,0.0,0.0,0.0,N,Y,08/2021,Analyst
29-1031.00,1.A.2.c.2,Wrist-Finger Speed,IM,1.38,8,0.183,1.0164,1.7336,N,,08/2021,Analyst
29-1031.00,1.A.2.c.2,Wrist-Finger Speed,LV,0.38,8,0.183,0.0164,0.7336,N,N,08/2021,Analyst
29-1031.00,1.A.2.c.3,Speed of Limb Movement,IM,1.12,8,0.125,1.0,1.37,N,,08/2021,Analyst
29-1031.00,1.A.2.c.3,Speed of Limb Movement,LV,0.12,8,0.125,0.0,0.37,N,Y,08/2021,Analyst
29-1031.00,1.A.3.a.1,Static Strength,IM,1.12,8,0.125,1.0,1.37,N,,08/2021,Analyst
29-1031.00,1.A.3.a.1,Static Strength,LV,0.12,8,0.125,0.0,0.37,N,Y,08/2021,Analyst
29-1031.00,1.A.3.a.2,Explosive Strength,IM,1.0,8,0.0,1.0,1.0,N,,08/2021,Analyst
29-1031.00,1.A.3.a.2,Explosive Strength,LV,0.0,8,0.0,0.0,0.0,N,Y,08/2021,Analyst
29-1031.00,1.A.3.a.3,Dynamic Strength,IM,1.12,8,0.125,1.0,1.37,N,,08/2021,Analyst
29-1031.00,1.A.3.a.3,Dynamic Strength,LV,0.12,8,0.125,0.0,0.37,N,Y,08/2021,Analyst
29-1031.00,1.A.3.a.4,Trunk Strength,IM,1.75,8,0.1637,1.4292,2.0708,N,,08/2021,Analyst
29-1031.00,1.A.3.a.4,Trunk Strength,LV,1.5,8,0.3273,0.8584,2.1416,N,N,08/2021,Analyst
29-1031.00,1.A.3.b.1,Stamina,IM,1.0,8,0.0,1.0,1.0,N,,08/2021,Analyst
29-1031.00,1.A.3.b.1,Stamina,LV,0.0,8,0.0,0.0,0.0,N,Y,08/2021,Analyst
29-1031.00,1.A.3.c.1,Extent Flexibility,IM,1.12,8,0.125,1.0,1.37,N,,08/2021,Analyst
29-1031.00,1.A.3.c.1,Extent Flexibility,LV,0.12,8,0.125,0.0,0.37,N,Y,08/2021,Analyst
29-1031.00,1.A.3.c.2,Dynamic Flexibility,IM,1.0,8,0.0,1.0,1.0,N,,08/2021,Analyst
29-1031.00,1.A.3.c.2,Dynamic Flexibility,LV,0.0,8,0.0,0.0,0.0,N,Y,08/2021,Analyst
29-1031.00,1.A.3.c.3,Gross Body Coordination,IM,1.0,8,0.0,1.0,1.0,N,,08/2021,Analyst
29-1031.00,1.A.3.c.3,Gross Body Coordination,LV,0.0,8,0.0,0.0,0.0,N,Y,08/2021,Analyst
29-1031.00,1.A.3.c.4,Gross Body Equilibrium,IM,1.0,8,0.0,1.0,1.0,N,,08/2021,Analyst
29-1031.00,1.A.3.c.4,Gross Body Equilibrium,LV,0.0,8,0.0,0.0,0.0,N,Y,08/2021,Analyst
29-1031.00,1.A.4.a.1,Near Vision,IM,3.38,8,0.183,3.0164,3.7336,N,,08/2021,Analyst
29-1031.00,1.A.4.a.1,Near Vision,LV,3.75,8,0.1637,3.4292,4.0708,N,N,08/2021,Analyst
29-1031.00,1.A.4.a.2,Far Vision,IM,2.75,8,0.1637,2.4292,3.0708,N,,08/2021,Analyst
29-1031.00,1.A.4.a.2,Far Vision,LV,2.88,8,0.125,2.63,3.12,N,N,08/2021,Analyst
29-1031.00,1.A.4.a.3,Visual Color Discrimination,IM,2.38,8,0.183,2.0164,2.7336,N,,08/2021,Analyst
29-1031.00,1.A.4.a.3,Visual Color Discrimination,LV,2.38,8,0.183,2.0164,2.7336,N,N,08/2021,Analyst
29-1031.00,1.A.4.a.4,Night Vision,IM,1.0,8,0.0,1.0,1.0,N,,08/2021,Analyst
29-1031.00,1.A.4.a.4,Night Vision,LV,0.0,8,0.0,0.0,0.0,N,Y,08/2021,Analyst
29-1031.00,1.A.4.a.5,Peripheral Vision,IM,1.0,8,0.0,1.0,1.0,N,,08/2021,Analyst
29-1031.00,1.A.4.a.5,Peripheral Vision,LV,0.0,8,0.0,0.0,0.0,N,Y,08/2021,Analyst
29-1031.00,1.A.4.a.6,Depth Perception,IM,1.62,8,0.183,1.2664,1.9836,N,,08/2021,Analyst
29-1031.00,1.A.4.a.6,Depth Perception,LV,0.75,8,0.25,0.26,1.24,N,N,08/2021,Analyst
29-1031.00,1.A.4.a.7,Glare Sensitivity,IM,1.0,8,0.0,1.0,1.0,N,,08/2021,Analyst
29-1031.00,1.A.4.a.7,Glare Sensitivity,LV,0.0,8,0.0,0.0,0.0,N,Y,08/2021,Analyst
29-1031.00,1.A.4.b.1,Hearing Sensitivity,IM,1.75,8,0.1637,1.4292,2.0708,N,,08/2021,Analyst
29-1031.00,1.A.4.b.1,Hearing Sensitivity,LV,1.5,8,0.3273,0.8584,2.1416,N,N,08/2021,Analyst
29-1031.00,1.A.4.b.2,Auditory Attention,IM,2.12,8,0.125,1.88,2.37,N,,08/2021,Analyst
29-1031.00,1.A.4.b.2,Auditory Attention,LV,2.0,8,0.189,1.6296,2.3704,N,N,08/2021,Analyst
29-1031.00,1.A.4.b.3,Sound Localization,IM,1.0,8,0.0,1.0,1.0,N,,08/2021,Analyst
29-1031.00,1.A.4.b.3,Sound Localization,LV,0.0,8,0.0,0.0,0.0,N,Y,08/2021,Analyst
29-1031.00,1.A.4.b.4,Speech Recognition,IM,3.62,8,0.183,3.2664,3.9836,N,,08/2021,Analyst
29-1031.00,1.A.4.b.4,Speech Recognition,LV,3.88,8,0.125,3.63,4.12,N,N,08/2021,Analyst
29-1031.00,1.A.4.b.5,Speech Clarity,IM,4.0,8,0.0,4.0,4.0,N,,08/2021,Analyst
29-1031.00,1.A.4.b.5,Speech Clarity,LV,4.0,8,0.0,4.0,4.0,N,N,08/2021,Analyst
29-1041.00,1.A.1.a.1,Oral Comprehension,IM,4.0,8,0.0,4.0,4.0,N,,08/2021,Analyst
29-1041.00,1.A.1.a.1,Oral Comprehension,LV,5.0,8,0.0,5.0,5.0,N,N,08/2021,Analyst
29-1041.00,1.A.1.a.2,Written Comprehension,IM,4.0,8,0.0,4.0,4.0,N,,08/2021,Analyst
29-1041.00,1.A.1.a.2,Written Comprehension,LV,4.75,8,0.1637,4.4292,5.0708,N,N,08/2021,Analyst
29-1041.00,1.A.1.a.3,Oral Expression,IM,4.12,8,0.125,3.88,4.37,N,,08/2021,Analyst
29-1041.00,1.A.1.a.3,Oral Expression,LV,4.12,8,0.125,3.88,4.37,N,N,08/2021,Analyst
29-1041.00,1.A.1.a.4,Written Expression,IM,3.88,8,0.125,3.63,4.12,N,,08/2021,Analyst
29-1041.00,1.A.1.a.4,Written Expression,LV,4.0,8,0.0,4.0,4.0,N,N,08/2021,Analyst
29-1041.00,1.A.1.b.1,Fluency of Ideas,IM,3.12,8,0.125,2.88,3.37,N,,08/2021,Analyst
29-1041.00,1.A.1.b.1,Fluency of Ideas,LV,3.12,8,0.125,2.88,3.37,N,N,08/2021,Analyst
29-1041.00,1.A.1.b.2,Originality,IM,2.88,8,0.125,2.63,3.12,N,,08/2021,Analyst
29-1041.00,1.A.1.b.2,Originality,LV,3.0,8,0.0,3.0,3.0,N,N,08/2021,Analyst
29-1041.00,1.A.1.b.3,Problem Sensitivity,IM,4.12,8,0.125,3.88,4.37,N,,08/2021,Analyst
29-1041.00,1.A.1.b.3,Problem Sensitivity,LV,5.0,8,0.0,5.0,5.0,N,N,08/2021,Analyst
29-1041.00,1.A.1.b.4,Deductive Reasoning,IM,4.0,8,0.0,4.0,4.0,N,,08/2021,Analyst
29-1041.00,1.A.1.b.4,Deductive Reasoning,LV,4.75,8,0.1637,4.4292,5.0708,N,N,08/2021,Analyst
29-1041.00,1.A.1.b.5,Inductive Reasoning,IM,4.0,8,0.0,4.0,4.0,N,,08/2021,Analyst
29-1041.00,1.A.1.b.5,Inductive Reasoning,LV,4.88,8,0.125,4.63,5.12,N,N,08/2021,Analyst
29-1041.00,1.A.1.b.6,Information Ordering,IM,3.88,8,0.125,3.63,4.12,N,,08/2021,Analyst
29-1041.00,1.A.1.b.6,Information Ordering,LV,4.0,8,0.0,4.0,4.0,N,N,08/2021,Analyst
29-1041.00,1.A.1.b.7,Category Flexibility,IM,3.75,8,0.1637,3.4292,4.0708,N,,08/2021,Analyst
29-1041.00,1.A.1.b.7,Category Flexibility,LV,4.0,8,0.0,4.0,4.0,N,N,08/2021,Analyst
29-1041.00,1.A.1.c.1,Mathematical Reasoning,IM,3.0,8,0.189,2.6296,3.3704,N,,08/2021,Analyst
29-1041.00,1.A.1.c.1,Mathematical Reasoning,LV,3.0,8,0.0,3.0,3.0,N,N,08/2021,Analyst
29-1041.00,1.A.1.c.2,Number Facility,IM,2.88,8,0.125,2.63,3.12,N,,08/2021,Analyst
29-1041.00,1.A.1.c.2,Number Facility,LV,3.5,8,0.189,3.1296,3.8704,N,N,08/2021,Analyst
29-1041.00,1.A.1.d.1,Memorization,IM,2.38,8,0.183,2.0164,2.7336,N,,08/2021,Analyst
29-1041.00,1.A.1.d.1,Memorization,LV,2.88,8,0.125,2.63,3.12,N,N,08/2021,Analyst
29-1041.00,1.A.1.e.1,Speed of Closure,IM,2.75,8,0.1637,2.4292,3.0708,N,,08/2021,Analyst
29-1041.00,1.A.1.e.1,Speed of Closure,LV,3.0,8,0.0,3.0,3.0,N,N,08/2021,Analyst
29-1041.00,1.A.1.e.2,Flexibility of Closure,IM,3.88,8,0.125,3.63,4.12,N,,08/2021,Analyst
29-1041.00,1.A.1.e.2,Flexibility of Closure,LV,4.0,8,0.189,3.6296,4.3704,N,N,08/2021,Analyst
29-1041.00,1.A.1.e.3,Perceptual Speed,IM,3.12,8,0.125,2.88,3.37,N,,08/2021,Analyst
29-1041.00,1.A.1.e.3,Perceptual Speed,LV,3.25,8,0.1637,2.9292,3.5708,N,N,08/2021,Analyst
29-1041.00,1.A.1.f.1,Spatial Orientation,IM,1.0,8,0.0,1.0,1.0,N,,08/2021,Analyst
29-1041.00,1.A.1.f.1,Spatial Orientation,LV,0.0,8,0.0,0.0,0.0,N,Y,08/2021,Analyst
29-1041.00,1.A.1.f.2,Visualization,IM,3.0,8,0.0,3.0,3.0,N,,08/2021,Analyst
29-1041.00,1.A.1.f.2,Visualization,LV,3.0,8,0.0,3.0,3.0,N,N,08/2021,Analyst
29-1041.00,1.A.1.g.1,Selective Attention,IM,3.25,8,0.1637,2.9292,3.5708,N,,08/2021,Analyst
29-1041.00,1.A.1.g.1,Selective Attention,LV,3.25,8,0.1637,2.9292,3.5708,N,N,08/2021,Analyst
29-1041.00,1.A.1.g.2,Time Sharing,IM,3.0,8,0.0,3.0,3.0,N,,08/2021,Analyst
29-1041.00,1.A.1.g.2,Time Sharing,LV,2.88,8,0.125,2.63,3.12,N,N,08/2021,Analyst
29-1041.00,1.A.2.a.1,Arm-Hand Steadiness,IM,3.12,8,0.125,2.88,3.37,N,,08/2021,Analyst
29-1041.00,1.A.2.a.1,Arm-Hand Steadiness,LV,3.62,8,0.183,3.2664,3.9836,N,N,08/2021,Analyst
29-1041.00,1.A.2.a.2,Manual Dexterity,IM,3.0,8,0.189,2.6296,3.3704,N,,08/2021,Analyst
29-1041.00,1.A.2.a.2,Manual Dexterity,LV,3.25,8,0.1637,2.9292,3.5708,N,N,08/2021,Analyst
29-1041.00,1.A.2.a.3,Finger Dexterity,IM,3.62,8,0.183,3.2664,3.9836,N,,08/2021,Analyst
29-1041.00,1.A.2.a.3,Finger Dexterity,LV,3.88,8,0.125,3.63,4.12,N,N,08/2021,Analyst
29-1041.00,1.A.2.b.1,Control Precision,IM,3.12,8,0.2266,2.6809,3.5691,N,,08/2021,Analyst
29-1041.00,1.A.2.b.1,Control Precision,LV,3.75,8,0.25,3.26,4.24,N,N,08/2021,Analyst
29-1041.00,1.A.2.b.2,Multilimb Coordination,IM,2.25,8,0.1637,1.9292,2.5708,N,,08/2021,Analyst
29-1041.00,1.A.2.b.2,Multilimb Coordination,LV,1.88,8,0.125,1.63,2.12,N,N,08/2021,Analyst
29-1041.00,1.A.2.b.3,Response Orientation,IM,1.75,8,0.1637,1.4292,2.0708,N,,08/2021,Analyst
29-1041.00,1.A.2.b.3,Response Orientation,LV,1.5,8,0.3273,0.8584,2.1416,N,N,08/2021,Analyst
29-1041.00,1.A.2.b.4,Rate Control,IM,2.0,8,0.0,2.0,2.0,N,,08/2021,Analyst
29-1041.00,1.A.2.b.4,Rate Control,LV,1.0,8,0.0,1.0,1.0,N,N,08/2021,Analyst
29-1041.00,1.A.2.c.1,Reaction Time,IM,2.0,8,0.0,2.0,2.0,N,,08/2021,Analyst
29-1041.00,1.A.2.c.1,Reaction Time,LV,1.38,8,0.183,1.0164,1.7336,N,N,08/2021,Analyst
29-1041.00,1.A.2.c.2,Wrist-Finger Speed,IM,2.0,8,0.0,2.0,2.0,N,,08/2021,Analyst
29-1041.00,1.A.2.c.2,Wrist-Finger Speed,LV,2.0,8,0.0,2.0,2.0,N,N,08/2021,Analyst
29-1041.00,1.A.2.c.3,Speed of Limb Movement,IM,1.0,8,0.0,1.0,1.0,N,,08/2021,Analyst
29-1041.00,1.A.2.c.3,Speed of Limb Movement,LV,0.0,8,0.0,0.0,0.0,N,Y,08/2021,Analyst
29-1041.00,1.A.3.a.1,Static Strength,IM,1.88,8,0.125,1.63,2.12,N,,08/2021,Analyst
29-1041.00,1.A.3.a.1,Static Strength,LV,0.88,8,0.125,0.63,1.12,N,N,08/2021,Analyst
29-1041.00,1.A.3.a.2,Explosive Strength,IM,1.12,8,0.125,1.0,1.37,N,,08/2021,Analyst
29-1041.00,1.A.3.a.2,Explosive Strength,LV,0.12,8,0.125,0.0,0.37,N,Y,08/2021,Analyst
29-1041.00,1.A.3.a.3,Dynamic Strength,IM,1.12,8,0.125,1.0,1.37,N,,08/2021,Analyst
29-1041.00,1.A.3.a.3,Dynamic Strength,LV,0.25,8,0.25,0.0,0.74,N,Y,08/2021,Analyst
29-1041.00,1.A.3.a.4,Trunk Strength,IM,2.0,8,0.0,2.0,2.0,N,,08/2021,Analyst
29-1041.00,1.A.3.a.4,Trunk Strength,LV,2.0,8,0.0,2.0,2.0,N,N,08/2021,Analyst
29-1041.00,1.A.3.b.1,Stamina,IM,1.0,8,0.0,1.0,1.0,N,,08/2021,Analyst
29-1041.00,1.A.3.b.1,Stamina,LV,0.0,8,0.0,0.0,0.0,N,Y,08/2021,Analyst
29-1041.00,1.A.3.c.1,Extent Flexibility,IM,1.25,8,0.1637,1.0,1.5708,N,,08/2021,Analyst
29-1041.00,1.A.3.c.1,Extent Flexibility,LV,0.25,8,0.1637,0.0,0.5708,N,Y,08/2021,Analyst
29-1041.00,1.A.3.c.2,Dynamic Flexibility,IM,1.0,8,0.0,1.0,1.0,N,,08/2021,Analyst
29-1041.00,1.A.3.c.2,Dynamic Flexibility,LV,0.0,8,0.0,0.0,0.0,N,Y,08/2021,Analyst
29-1041.00,1.A.3.c.3,Gross Body Coordination,IM,1.0,8,0.0,1.0,1.0,N,,08/2021,Analyst
29-1041.00,1.A.3.c.3,Gross Body Coordination,LV,0.0,8,0.0,0.0,0.0,N,Y,08/2021,Analyst
29-1041.00,1.A.3.c.4,Gross Body Equilibrium,IM,1.0,8,0.0,1.0,1.0,N,,08/2021,Analyst
29-1041.00,1.A.3.c.4,Gross Body Equilibrium,LV,0.0,8,0.0,0.0,0.0,N,Y,08/2021,Analyst
29-1041.00,1.A.4.a.1,Near Vision,IM,4.0,8,0.0,4.0,4.0,N,,08/2021,Analyst
29-1041.00,1.A.4.a.1,Near Vision,LV,4.62,8,0.183,4.2664,4.9836,N,N,08/2021,Analyst
29-1041.00,1.A.4.a.2,Far Vision,IM,3.25,8,0.1637,2.9292,3.5708,N,,08/2021,Analyst
29-1041.00,1.A.4.a.2,Far Vision,LV,3.75,8,0.1637,3.4292,4.0708,N,N,08/2021,Analyst
29-1041.00,1.A.4.a.3,Visual Color Discrimination,IM,3.12,8,0.125,2.88,3.37,N,,08/2021,Analyst
29-1041.00,1.A.4.a.3,Visual Color Discrimination,LV,3.12,8,0.125,2.88,3.37,N,N,08/2021,Analyst
29-1041.00,1.A.4.a.4,Night Vision,IM,1.0,8,0.0,1.0,1.0,N,,08/2021,Analyst
29-1041.00,1.A.4.a.4,Night Vision,LV,0.0,8,0.0,0.0,0.0,N,Y,08/2021,Analyst
29-1041.00,1.A.4.a.5,Peripheral Vision,IM,1.0,8,0.0,1.0,1.0,N,,08/2021,Analyst
29-1041.00,1.A.4.a.5,Peripheral Vision,LV,0.0,8,0.0,0.0,0.0,N,Y,08/2021,Analyst
29-1041.00,1.A.4.a.6,Depth Perception,IM,2.38,8,0.183,2.0164,2.7336,N,,08/2021,Analyst
29-1041.00,1.A.4.a.6,Depth Perception,LV,2.25,8,0.1637,1.9292,2.5708,N,N,08/2021,Analyst
29-1041.00,1.A.4.a.7,Glare Sensitivity,IM,1.0,8,0.0,1.0,1.0,N,,08/2021,Analyst
29-1041.00,1.A.4.a.7,Glare Sensitivity,LV,0.0,8,0.0,0.0,0.0,N,Y,08/2021,Analyst
29-1041.00,1.A.4.b.1,Hearing Sensitivity,IM,2.0,8,0.0,2.0,2.0,N,,08/2021,Analyst
29-1041.00,1.A.4.b.1,Hearing Sensitivity,LV,2.0,8,0.189,1.6296,2.3704,N,N,08/2021,Analyst
29-1041.00,1.A.4.b.2,Auditory Attention,IM,2.0,8,0.0,2.0,2.0,N,,08/2021,Analyst
29-1041.00,1.A.4.b.2,Auditory Attention,LV,1.88,8,0.2266,1.4309,2.3191,N,N,08/2021,Analyst
29-1041.00,1.A.4.b.3,Sound Localization,IM,1.0,8,0.0,1.0,1.0,N,,08/2021,Analyst
29-1041.00,1.A.4.b.3,Sound Localization,LV,0.0,8,0.0,0.0,0.0,N,Y,08/2021,Analyst
29-1041.00,1.A.4.b.4,Speech Recognition,IM,3.75,8,0.1637,3.4292,4.0708,N,,08/2021,Analyst
29-1041.00,1.A.4.b.4,Speech Recognition,LV,4.0,8,0.0,4.0,4.0,N,N,08/2021,Analyst
29-1041.00,1.A.4.b.5,Speech Clarity,IM,3.75,8,0.1637,3.4292,4.0708,N,,08/2021,Analyst
29-1041.00,1.A.4.b.5,Speech Clarity,LV,3.75,8,0.1637,3.4292,4.0708,N,N,08/2021,Analyst
29-1051.00,1.A.1.a.1,Oral Comprehension,IM,4.12,8,0.125,3.88,4.37,N,,08/2022,Analyst
29-1051.00,1.A.1.a.1,Oral Comprehension,LV,5.0,8,0.189,4.6296,5.3704,N,N,08/2022,Analyst
29-1051.00,1.A.1.a.2,Written Comprehension,IM,4.12,8,0.125,3.88,4.37,N,,08/2022,Analyst
29-1051.00,1.A.1.a.2,Written Comprehension,LV,4.88,8,0.125,4.63,5.12,N,N,08/2022,Analyst
29-1051.00,1.A.1.a.3,Oral Expression,IM,4.25,8,0.1637,3.9292,4.5708,N,,08/2022,Analyst
29-1051.00,1.A.1.a.3,Oral Expression,LV,4.88,8,0.125,4.63,5.12,N,N,08/2022,Analyst
29-1051.00,1.A.1.a.4,Written Expression,IM,3.88,8,0.125,3.63,4.12,N,,08/2022,Analyst
29-1051.00,1.A.1.a.4,Written Expression,LV,4.12,8,0.125,3.88,4.37,N,N,08/2022,Analyst
29-1051.00,1.A.1.b.1,Fluency of Ideas,IM,3.12,8,0.125,2.88,3.37,N,,08/2022,Analyst
29-1051.00,1.A.1.b.1,Fluency of Ideas,LV,3.12,8,0.125,2.88,3.37,N,N,08/2022,Analyst
29-1051.00,1.A.1.b.2,Originality,IM,2.62,8,0.183,2.2664,2.9836,N,,08/2022,Analyst
29-1051.00,1.A.1.b.2,Originality,LV,3.0,8,0.0,3.0,3.0,N,N,08/2022,Analyst
29-1051.00,1.A.1.b.3,Problem Sensitivity,IM,4.0,8,0.0,4.0,4.0,N,,08/2022,Analyst
29-1051.00,1.A.1.b.3,Problem Sensitivity,LV,4.62,8,0.183,4.2664,4.9836,N,N,08/2022,Analyst
29-1051.00,1.A.1.b.4,Deductive Reasoning,IM,3.88,8,0.125,3.63,4.12,N,,08/2022,Analyst
29-1051.00,1.A.1.b.4,Deductive Reasoning,LV,4.25,8,0.1637,3.9292,4.5708,N,N,08/2022,Analyst
29-1051.00,1.A.1.b.5,Inductive Reasoning,IM,3.88,8,0.125,3.63,4.12,N,,08/2022,Analyst
29-1051.00,1.A.1.b.5,Inductive Reasoning,LV,4.12,8,0.125,3.88,4.37,N,N,08/2022,Analyst
29-1051.00,1.A.1.b.6,Information Ordering,IM,3.75,8,0.1637,3.4292,4.0708,N,,08/2022,Analyst
29-1051.00,1.A.1.b.6,Information Ordering,LV,4.12,8,0.125,3.88,4.37,N,N,08/2022,Analyst
29-1051.00,1.A.1.b.7,Category Flexibility,IM,3.88,8,0.2266,3.4309,4.3191,N,,08/2022,Analyst
29-1051.00,1.A.1.b.7,Category Flexibility,LV,4.25,8,0.25,3.76,4.74,N,N,08/2022,Analyst
29-1051.00,1.A.1.c.1,Mathematical Reasoning,IM,3.25,8,0.1637,2.9292,3.5708,N,,08/2022,Analyst
29-1051.00,1.A.1.c.1,Mathematical Reasoning,LV,3.38,8,0.183,3.0164,3.7336,N,N,08/2022,Analyst
29-1051.00,1.A.1.c.2,Number Facility,IM,3.25,8,0.1637,2.9292,3.5708,N,,08/2022,Analyst
29-1051.00,1.A.1.c.2,Number Facility,LV,3.62,8,0.183,3.2664,3.9836,N,N,08/2022,Analyst
29-1051.00,1.A.1.d.1,Memorization,IM,3.0,8,0.0,3.0,3.0,N,,08/2022,Analyst
29-1051.00,1.A.1.d.1,Memorization,LV,3.12,8,0.125,2.88,3.37,N,N,08/2022,Analyst
29-1051.00,1.A.1.e.1,Speed of Closure,IM,2.88,8,0.125,2.63,3.12,N,,08/2022,Analyst
29-1051.00,1.A.1.e.1,Speed of Closure,LV,3.0,8,0.0,3.0,3.0,N,N,08/2022,Analyst
29-1051.00,1.A.1.e.2,Flexibility of Closure,IM,2.88,8,0.125,2.63,3.12,N,,08/2022,Analyst
29-1051.00,1.A.1.e.2,Flexibility of Closure,LV,3.12,8,0.125,2.88,3.37,N,N,08/2022,Analyst
29-1051.00,1.A.1.e.3,Perceptual Speed,IM,3.12,8,0.125,2.88,3.37,N,,08/2022,Analyst
29-1051.00,1.A.1.e.3,Perceptual Speed,LV,3.12,8,0.125,2.88,3.37,N,N,08/2022,Analyst
29-1051.00,1.A.1.f.1,Spatial Orientation,IM,1.0,8,0.0,1.0,1.0,N,,08/2022,Analyst
29-1051.00,1.A.1.f.1,Spatial Orientation,LV,0.0,8,0.0,0.0,0.0,N,Y,08/2022,Analyst
29-1051.00,1.A.1.f.2,Visualization,IM,2.25,8,0.1637,1.9292,2.5708,N,,08/2022,Analyst
29-1051.00,1.A.1.f.2,Visualization,LV,2.5,8,0.189,2.1296,2.8704,N,N,08/2022,Analyst
29-1051.00,1.A.1.g.1,Selective Attention,IM,3.12,8,0.125,2.88,3.37,N,,08/2022,Analyst
29-1051.00,1.A.1.g.1,Selective Attention,LV,3.0,8,0.0,3.0,3.0,N,N,08/2022,Analyst
29-1051.00,1.A.1.g.2,Time Sharing,IM,3.0,8,0.0,3.0,3.0,N,,08/2022,Analyst
29-1051.00,1.A.1.g.2,Time Sharing,LV,3.0,8,0.0,3.0,3.0,N,N,08/2022,Analyst
29-1051.00,1.A.2.a.1,Arm-Hand Steadiness,IM,2.88,8,0.125,2.63,3.12,N,,08/2022,Analyst
29-1051.00,1.A.2.a.1,Arm-Hand Steadiness,LV,2.88,8,0.125,2.63,3.12,N,N,08/2022,Analyst
29-1051.00,1.A.2.a.2,Manual Dexterity,IM,3.0,8,0.0,3.0,3.0,N,,08/2022,Analyst
29-1051.00,1.A.2.a.2,Manual Dexterity,LV,2.75,8,0.1637,2.4292,3.0708,N,N,08/2022,Analyst
29-1051.00,1.A.2.a.3,Finger Dexterity,IM,3.12,8,0.125,2.88,3.37,N,,08/2022,Analyst
29-1051.00,1.A.2.a.3,Finger Dexterity,LV,3.0,8,0.0,3.0,3.0,N,N,08/2022,Analyst
29-1051.00,1.A.2.b.1,Control Precision,IM,2.12,8,0.125,1.88,2.37,N,,08/2022,Analyst
29-1051.00,1.A.2.b.1,Control Precision,LV,2.0,8,0.0,2.0,2.0,N,N,08/2022,Analyst
29-1051.00,1.A.2.b.2,Multilimb Coordination,IM,2.12,8,0.125,1.88,2.37,N,,08/2022,Analyst
29-1051.00,1.A.2.b.2,Multilimb Coordination,LV,2.0,8,0.189,1.6296,2.3704,N,N,08/2022,Analyst
29-1051.00,1.A.2.b.3,Response Orientation,IM,1.12,8,0.125,1.0,1.37,N,,08/2022,Analyst
29-1051.00,1.A.2.b.3,Response Orientation,LV,0.12,8,0.125,0.0,0.37,N,Y,08/2022,Analyst
29-1051.00,1.A.2.b.4,Rate Control,IM,1.25,8,0.1637,1.0,1.5708,N,,08/2022,Analyst
29-1051.00,1.A.2.b.4,Rate Control,LV,0.25,8,0.1637,0.0,0.5708,N,Y,08/2022,Analyst
29-1051.00,1.A.2.c.1,Reaction Time,IM,1.25,8,0.1637,1.0,1.5708,N,,08/2022,Analyst
29-1051.00,1.A.2.c.1,Reaction Time,LV,0.25,8,0.1637,0.0,0.5708,N,Y,08/2022,Analyst
29-1051.00,1.A.2.c.2,Wrist-Finger Speed,IM,1.75,8,0.1637,1.4292,2.0708,N,,08/2022,Analyst
29-1051.00,1.A.2.c.2,Wrist-Finger Speed,LV,0.88,8,0.2266,0.4309,1.3191,N,N,08/2022,Analyst
29-1051.00,1.A.2.c.3,Speed of Limb Movement,IM,1.25,8,0.1637,1.0,1.5708,N,,08/2022,Analyst
29-1051.00,1.A.2.c.3,Speed of Limb Movement,LV,0.25,8,0.1637,0.0,0.5708,N,Y,08/2022,Analyst
29-1051.00,1.A.3.a.1,Static Strength,IM,2.0,8,0.0,2.0,2.0,N,,08/2022,Analyst
29-1051.00,1.A.3.a.1,Static Strength,LV,1.38,8,0.183,1.0164,1.7336,N,N,08/2022,Analyst
29-1051.00,1.A.3.a.2,Explosive Strength,IM,1.12,8,0.125,1.0,1.37,N,,08/2022,Analyst
29-1051.00,1.A.3.a.2,Explosive Strength,LV,0.12,8,0.125,0.0,0.37,N,Y,08/2022,Analyst
29-1051.00,1.A.3.a.3,Dynamic Strength,IM,1.38,8,0.183,1.0164,1.7336,N,,08/2022,Analyst
29-1051.00,1.A.3.a.3,Dynamic Strength,LV,0.5,8,0.2673,0.0,1.0238,N,N,08/2022,Analyst
29-1051.00,1.A.3.a.4,Trunk Strength,IM,2.25,8,0.1637,1.9292,2.5708,N,,08/2022,Analyst
29-1051.00,1.A.3.a.4,Trunk Strength,LV,2.12,8,0.125,1.88,2.37,N,N,08/2022,Analyst
29-1051.00,1.A.3.b.1,Stamina,IM,1.88,8,0.125,1.63,2.12,N,,08/2022,Analyst
29-1051.00,1.A.3.b.1,Stamina,LV,1.12,8,0.2266,0.6809,1.5691,N,N,08/2022,Analyst
29-1051.00,1.A.3.c.1,Extent Flexibility,IM,2.12,8,0.125,1.88,2.37,N,,08/2022,Analyst
29-1051.00,1.A.3.c.1,Extent Flexibility,LV,1.75,8,0.25,1.26,2.24,N,N,08/2022,Analyst
29-1051.00,1.A.3.c.2,Dynamic Flexibility,IM,1.12,8,0.125,1.0,1.37,N,,08/2022,Analyst
29-1051.00,1.A.3.c.2,Dynamic Flexibility,LV,0.12,8,0.125,0.0,0.37,N,Y,08/2022,Analyst
29-1051.00,1.A.3.c.3,Gross Body Coordination,IM,1.88,8,0.125,1.63,2.12,N,,08/2022,Analyst
29-1051.00,1.A.3.c.3,Gross Body Coordination,LV,0.88,8,0.125,0.63,1.12,N,N,08/2022,Analyst
29-1051.00,1.A.3.c.4,Gross Body Equilibrium,IM,1.25,8,0.1637,1.0,1.5708,N,,08/2022,Analyst
29-1051.00,1.A.3.c.4,Gross Body Equilibrium,LV,0.25,8,0.1637,0.0,0.5708,N,Y,08/2022,Analyst
29-1051.00,1.A.4.a.1,Near Vision,IM,4.0,8,0.0,4.0,4.0,N,,08/2022,Analyst
29-1051.00,1.A.4.a.1,Near Vision,LV,4.5,8,0.189,4.1296,4.8704,N,N,08/2022,Analyst
29-1051.00,1.A.4.a.2,Far Vision,IM,3.0,8,0.189,2.6296,3.3704,N,,08/2022,Analyst
29-1051.00,1.A.4.a.2,Far Vision,LV,2.88,8,0.125,2.63,3.12,N,N,08/2022,Analyst
29-1051.00,1.A.4.a.3,Visual Color Discrimination,IM,3.0,8,0.0,3.0,3.0,N,,08/2022,Analyst
29-1051.00,1.A.4.a.3,Visual Color Discrimination,LV,2.88,8,0.125,2.63,3.12,N,N,08/2022,Analyst
29-1051.00,1.A.4.a.4,Night Vision,IM,1.0,8,0.0,1.0,1.0,N,,08/2022,Analyst
29-1051.00,1.A.4.a.4,Night Vision,LV,0.0,8,0.0,0.0,0.0,N,Y,08/2022,Analyst
29-1051.00,1.A.4.a.5,Peripheral Vision,IM,1.0,8,0.0,1.0,1.0,N,,08/2022,Analyst
29-1051.00,1.A.4.a.5,Peripheral Vision,LV,0.0,8,0.0,0.0,0.0,N,Y,08/2022,Analyst
29-1051.00,1.A.4.a.6,Depth Perception,IM,1.88,8,0.125,1.63,2.12,N,,08/2022,Analyst
29-1051.00,1.A.4.a.6,Depth Perception,LV,1.0,8,0.189,0.6296,1.3704,N,N,08/2022,Analyst
29-1051.00,1.A.4.a.7,Glare Sensitivity,IM,1.0,8,0.0,1.0,1.0,N,,08/2022,Analyst
29-1051.00,1.A.4.a.7,Glare Sensitivity,LV,0.0,8,0.0,0.0,0.0,N,Y,08/2022,Analyst
29-1051.00,1.A.4.b.1,Hearing Sensitivity,IM,1.62,8,0.183,1.2664,1.9836,N,,08/2022,Analyst
29-1051.00,1.A.4.b.1,Hearing Sensitivity,LV,1.12,8,0.3504,0.4383,1.8117,N,N,08/2022,Analyst
29-1051.00,1.A.4.b.2,Auditory Attention,IM,2.25,8,0.25,1.76,2.74,N,,08/2022,Analyst
29-1051.00,1.A.4.b.2,Auditory Attention,LV,1.75,8,0.25,1.26,2.24,N,N,08/2022,Analyst
29-1051.00,1.A.4.b.3,Sound Localization,IM,1.0,8,0.0,1.0,1.0,N,,08/2022,Analyst
29-1051.00,1.A.4.b.3,Sound Localization,LV,0.0,8,0.0,0.0,0.0,N,Y,08/2022,Analyst
29-1051.00,1.A.4.b.4,Speech Recognition,IM,3.75,8,0.1637,3.4292,4.0708,N,,08/2022,Analyst
29-1051.00,1.A.4.b.4,Speech Recognition,LV,3.88,8,0.125,3.63,4.12,N,N,08/2022,Analyst
29-1051.00,1.A.4.b.5,Speech Clarity,IM,3.75,8,0.1637,3.4292,4.0708,N,,08/2022,Analyst
29-1051.00,1.A.4.b.5,Speech Clarity,LV,3.75,8,0.1637,3.4292,4.0708,N,N,08/2022,Analyst
29-1071.00,1.A.1.a.1,Oral Comprehension,IM,4.12,8,0.125,3.88,4.37,N,,08/2021,Analyst
29-1071.00,1.A.1.a.1,Oral Comprehension,LV,5.0,8,0.0,5.0,5.0,N,N,08/2021,Analyst
29-1071.00,1.A.1.a.2,Written Comprehension,IM,4.0,8,0.0,4.0,4.0,N,,08/2021,Analyst
29-1071.00,1.A.1.a.2,Written Comprehension,LV,4.5,8,0.189,4.1296,4.8704,N,N,08/2021,Analyst
29-1071.00,1.A.1.a.3,Oral Expression,IM,4.0,8,0.0,4.0,4.0,N,,08/2021,Analyst
29-1071.00,1.A.1.a.3,Oral Expression,LV,4.62,8,0.183,4.2664,4.9836,N,N,08/2021,Analyst
29-1071.00,1.A.1.a.4,Written Expression,IM,4.0,8,0.0,4.0,4.0,N,,08/2021,Analyst
29-1071.00,1.A.1.a.4,Written Expression,LV,4.12,8,0.125,3.88,4.37,N,N,08/2021,Analyst
29-1071.00,1.A.1.b.1,Fluency of Ideas,IM,3.0,8,0.0,3.0,3.0,N,,08/2021,Analyst
29-1071.00,1.A.1.b.1,Fluency of Ideas,LV,3.25,8,0.25,2.76,3.74,N,N,08/2021,Analyst
29-1071.00,1.A.1.b.2,Originality,IM,2.88,8,0.125,2.63,3.12,N,,08/2021,Analyst
29-1071.00,1.A.1.b.2,Originality,LV,3.0,8,0.0,3.0,3.0,N,N,08/2021,Analyst
29-1071.00,1.A.1.b.3,Problem Sensitivity,IM,4.12,8,0.125,3.88,4.37,N,,08/2021,Analyst
29-1071.00,1.A.1.b.3,Problem Sensitivity,LV,4.75,8,0.25,4.26,5.24,N,N,08/2021,Analyst
29-1071.00,1.A.1.b.4,Deductive Reasoning,IM,4.12,8,0.125,3.88,4.37,N,,08/2021,Analyst
29-1071.00,1.A.1.b.4,Deductive Reasoning,LV,4.38,8,0.183,4.0164,4.7336,N,N,08/2021,Analyst
29-1071.00,1.A.1.b.5,Inductive Reasoning,IM,4.12,8,0.125,3.88,4.37,N,,08/2021,Analyst
29-1071.00,1.A.1.b.5,Inductive Reasoning,LV,4.88,8,0.125,4.63,5.12,N,N,08/2021,Analyst
29-1071.00,1.A.1.b.6,Information Ordering,IM,4.0,8,0.0,4.0,4.0,N,,08/2021,Analyst
29-1071.00,1.A.1.b.6,Information Ordering,LV,4.0,8,0.0,4.0,4.0,N,N,08/2021,Analyst
29-1071.00,1.A.1.b.7,Category Flexibility,IM,3.38,8,0.183,3.0164,3.7336,N,,08/2021,Analyst
29-1071.00,1.A.1.b.7,Category Flexibility,LV,3.88,8,0.125,3.63,4.12,N,N,08/2021,Analyst
29-1071.00,1.A.1.c.1,Mathematical Reasoning,IM,3.0,8,0.0,3.0,3.0,N,,08/2021,Analyst
29-1071.00,1.A.1.c.1,Mathematical Reasoning,LV,3.0,8,0.0,3.0,3.0,N,N,08/2021,Analyst
29-1071.00,1.A.1.c.2,Number Facility,IM,2.88,8,0.125,2.63,3.12,N,,08/2021,Analyst
29-1071.00,1.A.1.c.2,Number Facility,LV,3.0,8,0.0,3.0,3.0,N,N,08/2021,Analyst
29-1071.00,1.A.1.d.1,Memorization,IM,2.88,8,0.125,2.63,3.12,N,,08/2021,Analyst
29-1071.00,1.A.1.d.1,Memorization,LV,2.88,8,0.125,2.63,3.12,N,N,08/2021,Analyst
29-1071.00,1.A.1.e.1,Speed of Closure,IM,2.88,8,0.125,2.63,3.12,N,,08/2021,Analyst
29-1071.00,1.A.1.e.1,Speed of Closure,LV,3.0,8,0.0,3.0,3.0,N,N,08/2021,Analyst
29-1071.00,1.A.1.e.2,Flexibility of Closure,IM,3.25,8,0.1637,2.9292,3.5708,N,,08/2021,Analyst
29-1071.00,1.A.1.e.2,Flexibility of Closure,LV,3.75,8,0.1637,3.4292,4.0708,N,N,08/2021,Analyst
29-1071.00,1.A.1.e.3,Perceptual Speed,IM,3.0,8,0.0,3.0,3.0,N,,08/2021,Analyst
29-1071.00,1.A.1.e.3,Perceptual Speed,LV,3.0,8,0.0,3.0,3.0,N,N,08/2021,Analyst
29-1071.00,1.A.1.f.1,Spatial Orientation,IM,1.0,8,0.0,1.0,1.0,N,,08/2021,Analyst
29-1071.00,1.A.1.f.1,Spatial Orientation,LV,0.0,8,0.0,0.0,0.0,N,Y,08/2021,Analyst
29-1071.00,1.A.1.f.2,Visualization,IM,2.88,8,0.125,2.63,3.12,N,,08/2021,Analyst
29-1071.00,1.A.1.f.2,Visualization,LV,2.88,8,0.125,2.63,3.12,N,N,08/2021,Analyst
29-1071.00,1.A.1.g.1,Selective Attention,IM,2.88,8,0.125,2.63,3.12,N,,08/2021,Analyst
29-1071.00,1.A.1.g.1,Selective Attention,LV,3.0,8,0.0,3.0,3.0,N,N,08/2021,Analyst
29-1071.00,1.A.1.g.2,Time Sharing,IM,2.88,8,0.125,2.63,3.12,N,,08/2021,Analyst
29-1071.00,1.A.1.g.2,Time Sharing,LV,2.75,8,0.1637,2.4292,3.0708,N,N,08/2021,Analyst
29-1071.00,1.A.2.a.1,Arm-Hand Steadiness,IM,3.0,8,0.0,3.0,3.0,N,,08/2021,Analyst
29-1071.00,1.A.2.a.1,Arm-Hand Steadiness,LV,3.0,8,0.0,3.0,3.0,N,N,08/2021,Analyst
29-1071.00,1.A.2.a.2,Manual Dexterity,IM,2.88,8,0.125,2.63,3.12,N,,08/2021,Analyst
29-1071.00,1.A.2.a.2,Manual Dexterity,LV,2.38,8,0.183,2.0164,2.7336,N,N,08/2021,Analyst
29-1071.00,1.A.2.a.3,Finger Dexterity,IM,3.0,8,0.0,3.0,3.0,N,,08/2021,Analyst
29-1071.00,1.A.2.a.3,Finger Dexterity,LV,3.0,8,0.0,3.0,3.0,N,N,08/2021,Analyst
29-1071.00,1.A.2.b.1,Control Precision,IM,2.25,8,0.1637,1.9292,2.5708,N,,08/2021,Analyst
29-1071.00,1.A.2.b.1,Control Precision,LV,2.0,8,0.0,2.0,2.0,N,N,08/2021,Analyst
29-1071.00,1.A.2.b.2,Multilimb Coordination,IM,2.25,8,0.1637,1.9292,2.5708,N,,08/2021,Analyst
29-1071.00,1.A.2.b.2,Multilimb Coordination,LV,2.12,8,0.125,1.88,2.37,N,N,08/2021,Analyst
29-1071.00,1.A.2.b.3,Response Orientation,IM,1.5,8,0.189,1.1296,1.8704,N,,08/2021,Analyst
29-1071.00,1.A.2.b.3,Response Orientation,LV,0.62,8,0.2631,0.1094,1.1406,N,N,08/2021,Analyst
29-1071.00,1.A.2.b.4,Rate Control,IM,1.0,8,0.0,1.0,1.0,N,,08/2021,Analyst
29-1071.00,1.A.2.b.4,Rate Control,LV,0.0,8,0.0,0.0,0.0,N,Y,08/2021,Analyst
29-1071.00,1.A.2.c.1,Reaction Time,IM,1.88,8,0.125,1.63,2.12,N,,08/2021,Analyst
29-1071.00,1.A.2.c.1,Reaction Time,LV,1.0,8,0.189,0.6296,1.3704,N,N,08/2021,Analyst
29-1071.00,1.A.2.c.2,Wrist-Finger Speed,IM,1.12,8,0.125,1.0,1.37,N,,08/2021,Analyst
29-1071.00,1.A.2.c.2,Wrist-Finger Speed,LV,0.38,8,0.375,0.0,1.11,N,Y,08/2021,Analyst
29-1071.00,1.A.2.c.3,Speed of Limb Movement,IM,1.75,8,0.1637,1.4292,2.0708,N,,08/2021,Analyst
29-1071.00,1.A.2.c.3,Speed of Limb Movement,LV,0.88,8,0.2266,0.4309,1.3191,N,N,08/2021,Analyst
29-1071.00,1.A.3.a.1,Static Strength,IM,2.12,8,0.125,1.88,2.37,N,,08/2021,Analyst
29-1071.00,1.A.3.a.1,Static Strength,LV,2.12,8,0.125,1.88,2.37,N,N,08/2021,Analyst
29-1071.00,1.A.3.a.2,Explosive Strength,IM,2.12,8,0.125,1.88,2.37,N,,08/2021,Analyst
29-1071.00,1.A.3.a.2,Explosive Strength,LV,1.25,8,0.25,0.76,1.74,N,N,08/2021,Analyst
29-1071.00,1.A.3.a.3,Dynamic Strength,IM,2.0,8,0.0,2.0,2.0,N,,08/2021,Analyst
29-1071.00,1.A.3.a.3,Dynamic Strength,LV,1.88,8,0.125,1.63,2.12,N,N,08/2021,Analyst
29-1071.00,1.A.3.a.4,Trunk Strength,IM,2.88,8,0.125,2.63,3.12,N,,08/2021,Analyst
29-1071.00,1.A.3.a.4,Trunk Strength,LV,2.75,8,0.1637,2.4292,3.0708,N,N,08/2021,Analyst
29-1071.00,1.A.3.b.1,Stamina,IM,2.0,8,0.0,2.0,2.0,N,,08/2021,Analyst
29-1071.00,1.A.3.b.1,Stamina,LV,1.88,8,0.125,1.63,2.12,N,N,08/2021,Analyst
29-1071.00,1.A.3.c.1,Extent Flexibility,IM,2.0,8,0.0,2.0,2.0,N,,08/2021,Analyst
29-1071.00,1.A.3.c.1,Extent Flexibility,LV,2.0,8,0.0,2.0,2.0,N,N,08/2021,Analyst
29-1071.00,1.A.3.c.2,Dynamic Flexibility,IM,1.0,8,0.0,1.0,1.0,N,,08/2021,Analyst
29-1071.00,1.A.3.c.2,Dynamic Flexibility,LV,0.0,8,0.0,0.0,0.0,N,Y,08/2021,Analyst
29-1071.00,1.A.3.c.3,Gross Body Coordination,IM,2.0,8,0.0,2.0,2.0,N,,08/2021,Analyst
29-1071.00,1.A.3.c.3,Gross Body Coordination,LV,2.0,8,0.0,2.0,2.0,N,N,08/2021,Analyst
29-1071.00,1.A.3.c.4,Gross Body Equilibrium,IM,2.0,8,0.0,2.0,2.0,N,,08/2021,Analyst
29-1071.00,1.A.3.c.4,Gross Body Equilibrium,LV,1.25,8,0.1637,0.9292,1.5708,N,N,08/2021,Analyst
29-1071.00,1.A.4.a.1,Near Vision,IM,3.88,8,0.125,3.63,4.12,N,,08/2021,Analyst
29-1071.00,1.A.4.a.1,Near Vision,LV,4.0,8,0.0,4.0,4.0,N,N,08/2021,Analyst
29-1071.00,1.A.4.a.2,Far Vision,IM,3.0,8,0.0,3.0,3.0,N,,08/2021,Analyst
29-1071.00,1.A.4.a.2,Far Vision,LV,3.0,8,0.189,2.6296,3.3704,N,N,08/2021,Analyst
29-1071.00,1.A.4.a.3,Visual Color Discrimination,IM,3.0,8,0.0,3.0,3.0,N,,08/2021,Analyst
29-1071.00,1.A.4.a.3,Visual Color Discrimination,LV,3.0,8,0.0,3.0,3.0,N,N,08/2021,Analyst
29-1071.00,1.A.4.a.4,Night Vision,IM,1.0,8,0.0,1.0,1.0,N,,08/2021,Analyst
29-1071.00,1.A.4.a.4,Night Vision,LV,0.0,8,0.0,0.0,0.0,N,Y,08/2021,Analyst
29-1071.00,1.A.4.a.5,Peripheral Vision,IM,1.0,8,0.0,1.0,1.0,N,,08/2021,Analyst
29-1071.00,1.A.4.a.5,Peripheral Vision,LV,0.0,8,0.0,0.0,0.0,N,Y,08/2021,Analyst
29-1071.00,1.A.4.a.6,Depth Perception,IM,2.0,8,0.0,2.0,2.0,N,,08/2021,Analyst
29-1071.00,1.A.4.a.6,Depth Perception,LV,1.88,8,0.125,1.63,2.12,N,N,08/2021,Analyst
29-1071.00,1.A.4.a.7,Glare Sensitivity,IM,1.0,8,0.0,1.0,1.0,N,,08/2021,Analyst
29-1071.00,1.A.4.a.7,Glare Sensitivity,LV,0.0,8,0.0,0.0,0.0,N,Y,08/2021,Analyst
29-1071.00,1.A.4.b.1,Hearing Sensitivity,IM,2.25,8,0.1637,1.9292,2.5708,N,,08/2021,Analyst
29-1071.00,1.A.4.b.1,Hearing Sensitivity,LV,2.0,8,0.0,2.0,2.0,N,N,08/2021,Analyst
29-1071.00,1.A.4.b.2,Auditory Attention,IM,2.0,8,0.0,2.0,2.0,N,,08/2021,Analyst
29-1071.00,1.A.4.b.2,Auditory Attention,LV,2.0,8,0.0,2.0,2.0,N,N,08/2021,Analyst
29-1071.00,1.A.4.b.3,Sound Localization,IM,1.0,8,0.0,1.0,1.0,N,,08/2021,Analyst
29-1071.00,1.A.4.b.3,Sound Localization,LV,0.0,8,0.0,0.0,0.0,N,Y,08/2021,Analyst
29-1071.00,1.A.4.b.4,Speech Recognition,IM,4.0,8,0.0,4.0,4.0,N,,08/2021,Analyst
29-1071.00,1.A.4.b.4,Speech Recognition,LV,4.0,8,0.0,4.0,4.0,N,N,08/2021,Analyst
29-1071.00,1.A.4.b.5,Speech Clarity,IM,4.0,8,0.189,3.6296,4.3704,N,,08/2021,Analyst
29-1071.00,1.A.4.b.5,Speech Clarity,LV,3.5,8,0.189,3.1296,3.8704,N,N,08/2021,Analyst
29-1071.01,1.A.1.a.1,Oral Comprehension,IM,4.12,8,0.125,3.88,4.37,N,,07/2012,Analyst
29-1071.01,1.A.1.a.1,Oral Comprehension,LV,4.12,8,0.125,3.88,4.37,N,N,07/2012,Analyst
29-1071.01,1.A.1.a.2,Written Comprehension,IM,4.0,8,0.189,3.6296,4.3704,N,,07/2012,Analyst
29-1071.01,1.A.1.a.2,Written Comprehension,LV,4.12,8,0.125,3.88,4.37,N,N,07/2012,Analyst
29-1071.01,1.A.1.a.3,Oral Expression,IM,3.75,8,0.1637,3.4292,4.0708,N,,07/2012,Analyst
29-1071.01,1.A.1.a.3,Oral Expression,LV,3.88,8,0.125,3.63,4.12,N,N,07/2012,Analyst
29-1071.01,1.A.1.a.4,Written Expression,IM,3.5,8,0.189,3.1296,3.8704,N,,07/2012,Analyst
29-1071.01,1.A.1.a.4,Written Expression,LV,3.75,8,0.1637,3.4292,4.0708,N,N,07/2012,Analyst
29-1071.01,1.A.1.b.1,Fluency of Ideas,IM,2.75,8,0.1637,2.4292,3.0708,N,,07/2012,Analyst
29-1071.01,1.A.1.b.1,Fluency of Ideas,LV,2.88,8,0.2266,2.4309,3.3191,N,N,07/2012,Analyst
29-1071.01,1.A.1.b.2,Originality,IM,2.62,8,0.183,2.2664,2.9836,N,,07/2012,Analyst
29-1071.01,1.A.1.b.2,Originality,LV,2.62,8,0.183,2.2664,2.9836,N,N,07/2012,Analyst
29-1071.01,1.A.1.b.3,Problem Sensitivity,IM,4.12,8,0.295,3.5467,4.7033,N,,07/2012,Analyst
29-1071.01,1.A.1.b.3,Problem Sensitivity,LV,4.12,8,0.2266,3.6809,4.5691,N,N,07/2012,Analyst
29-1071.01,1.A.1.b.4,Deductive Reasoning,IM,3.88,8,0.125,3.63,4.12,N,,07/2012,Analyst
29-1071.01,1.A.1.b.4,Deductive Reasoning,LV,3.88,8,0.2266,3.4309,4.3191,N,N,07/2012,Analyst
29-1071.01,1.A.1.b.5,Inductive Reasoning,IM,3.88,8,0.125,3.63,4.12,N,,07/2012,Analyst
29-1071.01,1.A.1.b.5,Inductive Reasoning,LV,3.88,8,0.125,3.63,4.12,N,N,07/2012,Analyst
29-1071.01,1.A.1.b.6,Information Ordering,IM,3.5,8,0.189,3.1296,3.8704,N,,07/2012,Analyst
29-1071.01,1.A.1.b.6,Information Ordering,LV,3.75,8,0.1637,3.4292,4.0708,N,N,07/2012,Analyst
29-1071.01,1.A.1.b.7,Category Flexibility,IM,3.12,8,0.2266,2.6809,3.5691,N,,07/2012,Analyst
29-1071.01,1.A.1.b.7,Category Flexibility,LV,3.12,8,0.2266,2.6809,3.5691,N,N,07/2012,Analyst
29-1071.01,1.A.1.c.1,Mathematical Reasoning,IM,3.0,8,0.189,2.6296,3.3704,N,,07/2012,Analyst
29-1071.01,1.A.1.c.1,Mathematical Reasoning,LV,3.0,8,0.0,3.0,3.0,N,N,07/2012,Analyst
29-1071.01,1.A.1.c.2,Number Facility,IM,2.88,8,0.2266,2.4309,3.3191,N,,07/2012,Analyst
29-1071.01,1.A.1.c.2,Number Facility,LV,3.38,8,0.183,3.0164,3.7336,N,N,07/2012,Analyst
29-1071.01,1.A.1.d.1,Memorization,IM,2.75,8,0.1637,2.4292,3.0708,N,,07/2012,Analyst
29-1071.01,1.A.1.d.1,Memorization,LV,3.0,8,0.189,2.6296,3.3704,N,N,07/2012,Analyst
29-1071.01,1.A.1.e.1,Speed of Closure,IM,3.0,8,0.3273,2.3584,3.6416,N,,07/2012,Analyst
29-1071.01,1.A.1.e.1,Speed of Closure,LV,3.0,8,0.2673,2.4762,3.5238,N,N,07/2012,Analyst
29-1071.01,1.A.1.e.2,Flexibility of Closure,IM,3.25,8,0.3134,2.6358,3.8642,N,,07/2012,Analyst
29-1071.01,1.A.1.e.2,Flexibility of Closure,LV,3.75,8,0.25,3.26,4.24,N,N,07/2012,Analyst
29-1071.01,1.A.1.e.3,Perceptual Speed,IM,3.75,8,0.1637,3.4292,4.0708,N,,07/2012,Analyst
29-1071.01,1.A.1.e.3,Perceptual Speed,LV,3.62,8,0.2631,3.1094,4.1406,N,N,07/2012,Analyst
29-1071.01,1.A.1.f.1,Spatial Orientation,IM,1.0,8,0.0,1.0,1.0,N,,07/2012,Analyst
29-1071.01,1.A.1.f.1,Spatial Orientation,LV,0.0,8,0.0,0.0,0.0,N,Y,07/2012,Analyst
29-1071.01,1.A.1.f.2,Visualization,IM,2.88,8,0.2266,2.4309,3.3191,N,,07/2012,Analyst
29-1071.01,1.A.1.f.2,Visualization,LV,3.0,8,0.189,2.6296,3.3704,N,N,07/2012,Analyst
29-1071.01,1.A.1.g.1,Selective Attention,IM,3.75,8,0.25,3.26,4.24,N,,07/2012,Analyst
29-1071.01,1.A.1.g.1,Selective Attention,LV,3.62,8,0.183,3.2664,3.9836,N,N,07/2012,Analyst
29-1071.01,1.A.1.g.2,Time Sharing,IM,3.0,8,0.189,2.6296,3.3704,N,,07/2012,Analyst
29-1071.01,1.A.1.g.2,Time Sharing,LV,3.0,8,0.2673,2.4762,3.5238,N,N,07/2012,Analyst
29-1071.01,1.A.2.a.1,Arm-Hand Steadiness,IM,3.5,8,0.189,3.1296,3.8704,N,,07/2012,Analyst
29-1071.01,1.A.2.a.1,Arm-Hand Steadiness,LV,3.5,8,0.189,3.1296,3.8704,N,N,07/2012,Analyst
29-1071.01,1.A.2.a.2,Manual Dexterity,IM,3.25,8,0.1637,2.9292,3.5708,N,,07/2012,Analyst
29-1071.01,1.A.2.a.2,Manual Dexterity,LV,3.38,8,0.2631,2.8594,3.8906,N,N,07/2012,Analyst
29-1071.01,1.A.2.a.3,Finger Dexterity,IM,3.12,8,0.125,2.88,3.37,N,,07/2012,Analyst
29-1071.01,1.A.2.a.3,Finger Dexterity,LV,3.25,8,0.1637,2.9292,3.5708,N,N,07/2012,Analyst
29-1071.01,1.A.2.b.1,Control Precision,IM,3.38,8,0.2631,2.8594,3.8906,N,,07/2012,Analyst
29-1071.01,1.A.2.b.1,Control Precision,LV,3.38,8,0.2631,2.8594,3.8906,N,N,07/2012,Analyst
29-1071.01,1.A.2.b.2,Multilimb Coordination,IM,2.62,8,0.2631,2.1094,3.1406,N,,07/2012,Analyst
29-1071.01,1.A.2.b.2,Multilimb Coordination,LV,2.88,8,0.2266,2.4309,3.3191,N,N,07/2012,Analyst
29-1071.01,1.A.2.b.3,Response Orientation,IM,2.75,8,0.25,2.26,3.24,N,,07/2012,Analyst
29-1071.01,1.A.2.b.3,Response Orientation,LV,2.88,8,0.295,2.2967,3.4533,N,N,07/2012,Analyst
29-1071.01,1.A.2.b.4,Rate Control,IM,2.25,8,0.3134,1.6358,2.8642,N,,07/2012,Analyst
29-1071.01,1.A.2.b.4,Rate Control,LV,2.0,8,0.378,1.2592,2.7408,N,N,07/2012,Analyst
29-1071.01,1.A.2.c.1,Reaction Time,IM,2.75,8,0.3134,2.1358,3.3642,N,,07/2012,Analyst
29-1071.01,1.A.2.c.1,Reaction Time,LV,2.62,8,0.3239,1.9902,3.2598,N,N,07/2012,Analyst
29-1071.01,1.A.2.c.2,Wrist-Finger Speed,IM,2.38,8,0.2631,1.8594,2.8906,N,,07/2012,Analyst
29-1071.01,1.A.2.c.2,Wrist-Finger Speed,LV,2.12,8,0.3981,1.3447,2.9053,N,N,07/2012,Analyst
29-1071.01,1.A.2.c.3,Speed of Limb Movement,IM,2.0,8,0.2673,1.4762,2.5238,N,,07/2012,Analyst
29-1071.01,1.A.2.c.3,Speed of Limb Movement,LV,1.75,8,0.491,0.7877,2.7123,N,N,07/2012,Analyst
29-1071.01,1.A.3.a.1,Static Strength,IM,2.5,8,0.189,2.1296,2.8704,N,,07/2012,Analyst
29-1071.01,1.A.3.a.1,Static Strength,LV,2.62,8,0.183,2.2664,2.9836,N,N,07/2012,Analyst
29-1071.01,1.A.3.a.2,Explosive Strength,IM,1.0,8,0.0,1.0,1.0,N,,07/2012,Analyst
29-1071.01,1.A.3.a.2,Explosive Strength,LV,0.0,8,0.0,0.0,0.0,N,Y,07/2012,Analyst
29-1071.01,1.A.3.a.3,Dynamic Strength,IM,1.88,8,0.2266,1.4309,2.3191,N,,07/2012,Analyst
29-1071.01,1.A.3.a.3,Dynamic Strength,LV,1.62,8,0.4199,0.8019,2.4481,N,N,07/2012,Analyst
29-1071.01,1.A.3.a.4,Trunk Strength,IM,2.75,8,0.1637,2.4292,3.0708,N,,07/2012,Analyst
29-1071.01,1.A.3.a.4,Trunk Strength,LV,2.62,8,0.2631,2.1094,3.1406,N,N,07/2012,Analyst
29-1071.01,1.A.3.b.1,Stamina,IM,2.25,8,0.25,1.76,2.74,N,,07/2012,Analyst
29-1071.01,1.A.3.b.1,Stamina,LV,1.88,8,0.3981,1.0947,2.6553,N,N,07/2012,Analyst
29-1071.01,1.A.3.c.1,Extent Flexibility,IM,2.5,8,0.189,2.1296,2.8704,N,,07/2012,Analyst
29-1071.01,1.A.3.c.1,Extent Flexibility,LV,2.62,8,0.2631,2.1094,3.1406,N,N,07/2012,Analyst
29-1071.01,1.A.3.c.2,Dynamic Flexibility,IM,1.12,8,0.125,1.0,1.37,N,,07/2012,Analyst
29-1071.01,1.A.3.c.2,Dynamic Flexibility,LV,0.25,8,0.25,0.0,0.74,N,Y,07/2012,Analyst
29-1071.01,1.A.3.c.3,Gross Body Coordination,IM,2.12,8,0.125,1.88,2.37,N,,07/2012,Analyst
29-1071.01,1.A.3.c.3,Gross Body Coordination,LV,2.38,8,0.183,2.0164,2.7336,N,N,07/2012,Analyst
29-1071.01,1.A.3.c.4,Gross Body Equilibrium,IM,2.0,8,0.2673,1.4762,2.5238,N,,07/2012,Analyst
29-1071.01,1.A.3.c.4,Gross Body Equilibrium,LV,1.38,8,0.375,0.64,2.11,N,N,07/2012,Analyst
29-1071.01,1.A.4.a.1,Near Vision,IM,3.75,8,0.1637,3.4292,4.0708,N,,07/2012,Analyst
29-1071.01,1.A.4.a.1,Near Vision,LV,4.38,8,0.2631,3.8594,4.8906,N,N,07/2012,Analyst
29-1071.01,1.A.4.a.2,Far Vision,IM,2.88,8,0.2266,2.4309,3.3191,N,,07/2012,Analyst
29-1071.01,1.A.4.a.2,Far Vision,LV,3.0,8,0.378,2.2592,3.7408,N,N,07/2012,Analyst
29-1071.01,1.A.4.a.3,Visual Color Discrimination,IM,3.0,8,0.189,2.6296,3.3704,N,,07/2012,Analyst
29-1071.01,1.A.4.a.3,Visual Color Discrimination,LV,3.25,8,0.1637,2.9292,3.5708,N,N,07/2012,Analyst
29-1071.01,1.A.4.a.4,Night Vision,IM,1.0,8,0.0,1.0,1.0,N,,07/2012,Analyst
29-1071.01,1.A.4.a.4,Night Vision,LV,0.0,8,0.0,0.0,0.0,N,Y,07/2012,Analyst
29-1071.01,1.A.4.a.5,Peripheral Vision,IM,1.0,8,0.0,1.0,1.0,N,,07/2012,Analyst
29-1071.01,1.A.4.a.5,Peripheral Vision,LV,0.0,8,0.0,0.0,0.0,N,Y,07/2012,Analyst
29-1071.01,1.A.4.a.6,Depth Perception,IM,2.38,8,0.3239,1.7402,3.0098,N,,07/2012,Analyst
29-1071.01,1.A.4.a.6,Depth Perception,LV,2.5,8,0.4226,1.6717,3.3283,N,N,07/2012,Analyst
29-1071.01,1.A.4.a.7,Glare Sensitivity,IM,1.62,8,0.183,1.2664,1.9836,N,,07/2012,Analyst
29-1071.01,1.A.4.a.7,Glare Sensitivity,LV,1.0,8,0.378,0.2592,1.7408,N,N,07/2012,Analyst
29-1071.01,1.A.4.b.1,Hearing Sensitivity,IM,2.88,8,0.2266,2.4309,3.3191,N,,07/2012,Analyst
29-1071.01,1.A.4.b.1,Hearing Sensitivity,LV,3.0,8,0.2673,2.4762,3.5238,N,N,07/2012,Analyst
29-1071.01,1.A.4.b.2,Auditory Attention,IM,2.62,8,0.2631,2.1094,3.1406,N,,07/2012,Analyst
29-1071.01,1.A.4.b.2,Auditory Attention,LV,2.88,8,0.295,2.2967,3.4533,N,N,07/2012,Analyst
29-1071.01,1.A.4.b.3,Sound Localization,IM,1.0,8,0.0,1.0,1.0,N,,07/2012,Analyst
29-1071.01,1.A.4.b.3,Sound Localization,LV,0.0,8,0.0,0.0,0.0,N,Y,07/2012,Analyst
29-1071.01,1.A.4.b.4,Speech Recognition,IM,3.5,8,0.189,3.1296,3.8704,N,,07/2012,Analyst
29-1071.01,1.A.4.b.4,Speech Recognition,LV,3.5,8,0.2673,2.9762,4.0238,N,N,07/2012,Analyst
29-1071.01,1.A.4.b.5,Speech Clarity,IM,3.38,8,0.183,3.0164,3.7336,N,,07/2012,Analyst
29-1071.01,1.A.4.b.5,Speech Clarity,LV,3.62,8,0.2631,3.1094,4.1406,N,N,07/2012,Analyst
29-1081.00,1.A.1.a.1,Oral Comprehension,IM,4.0,8,0.0,4.0,4.0,N,,08/2022,Analyst
29-1081.00,1.A.1.a.1,Oral Comprehension,LV,5.12,8,0.125,4.88,5.37,N,N,08/2022,Analyst
29-1081.00,1.A.1.a.2,Written Comprehension,IM,4.12,8,0.125,3.88,4.37,N,,08/2022,Analyst
29-1081.00,1.A.1.a.2,Written Comprehension,LV,5.12,8,0.125,4.88,5.37,N,N,08/2022,Analyst
29-1081.00,1.A.1.a.3,Oral Expression,IM,4.0,8,0.0,4.0,4.0,N,,08/2022,Analyst
29-1081.00,1.A.1.a.3,Oral Expression,LV,5.12,8,0.125,4.88,5.37,N,N,08/2022,Analyst
29-1081.00,1.A.1.a.4,Written Expression,IM,4.12,8,0.125,3.88,4.37,N,,08/2022,Analyst
29-1081.00,1.A.1.a.4,Written Expression,LV,4.25,8,0.1637,3.9292,4.5708,N,N,08/2022,Analyst
29-1081.00,1.A.1.b.1,Fluency of Ideas,IM,3.25,8,0.1637,2.9292,3.5708,N,,08/2022,Analyst
29-1081.00,1.A.1.b.1,Fluency of Ideas,LV,3.5,8,0.2673,2.9762,4.0238,N,N,08/2022,Analyst
29-1081.00,1.A.1.b.2,Originality,IM,3.0,8,0.0,3.0,3.0,N,,08/2022,Analyst
29-1081.00,1.A.1.b.2,Originality,LV,3.38,8,0.183,3.0164,3.7336,N,N,08/2022,Analyst
29-1081.00,1.A.1.b.3,Problem Sensitivity,IM,4.12,8,0.125,3.88,4.37,N,,08/2022,Analyst
29-1081.00,1.A.1.b.3,Problem Sensitivity,LV,5.38,8,0.183,5.0164,5.7336,N,N,08/2022,Analyst
29-1081.00,1.A.1.b.4,Deductive Reasoning,IM,4.25,8,0.1637,3.9292,4.5708,N,,08/2022,Analyst
29-1081.00,1.A.1.b.4,Deductive Reasoning,LV,4.75,8,0.1637,4.4292,5.0708,N,N,08/2022,Analyst
29-1081.00,1.A.1.b.5,Inductive Reasoning,IM,4.12,8,0.125,3.88,4.37,N,,08/2022,Analyst
29-1081.00,1.A.1.b.5,Inductive Reasoning,LV,5.12,8,0.125,4.88,5.37,N,N,08/2022,Analyst
29-1081.00,1.A.1.b.6,Information Ordering,IM,3.5,8,0.189,3.1296,3.8704,N,,08/2022,Analyst
29-1081.00,1.A.1.b.6,Information Ordering,LV,3.88,8,0.2266,3.4309,4.3191,N,N,08/2022,Analyst
29-1081.00,1.A.1.b.7,Category Flexibility,IM,3.62,8,0.183,3.2664,3.9836,N,,08/2022,Analyst
29-1081.00,1.A.1.b.7,Category Flexibility,LV,3.88,8,0.2266,3.4309,4.3191,N,N,08/2022,Analyst
29-1081.00,1.A.1.c.1,Mathematical Reasoning,IM,2.88,8,0.125,2.63,3.12,N,,08/2022,Analyst
29-1081.00,1.A.1.c.1,Mathematical Reasoning,LV,2.88,8,0.125,2.63,3.12,N,N,08/2022,Analyst
29-1081.00,1.A.1.c.2,Number Facility,IM,2.88,8,0.125,2.63,3.12,N,,08/2022,Analyst
29-1081.00,1.A.1.c.2,Number Facility,LV,3.0,8,0.0,3.0,3.0,N,N,08/2022,Analyst
29-1081.00,1.A.1.d.1,Memorization,IM,3.0,8,0.0,3.0,3.0,N,,08/2022,Analyst
29-1081.00,1.A.1.d.1,Memorization,LV,3.0,8,0.0,3.0,3.0,N,N,08/2022,Analyst
29-1081.00,1.A.1.e.1,Speed of Closure,IM,3.12,8,0.125,2.88,3.37,N,,08/2022,Analyst
29-1081.00,1.A.1.e.1,Speed of Closure,LV,3.12,8,0.125,2.88,3.37,N,N,08/2022,Analyst
29-1081.00,1.A.1.e.2,Flexibility of Closure,IM,3.62,8,0.183,3.2664,3.9836,N,,08/2022,Analyst
29-1081.00,1.A.1.e.2,Flexibility of Closure,LV,4.0,8,0.189,3.6296,4.3704,N,N,08/2022,Analyst
29-1081.00,1.A.1.e.3,Perceptual Speed,IM,3.0,8,0.0,3.0,3.0,N,,08/2022,Analyst
29-1081.00,1.A.1.e.3,Perceptual Speed,LV,3.0,8,0.0,3.0,3.0,N,N,08/2022,Analyst
29-1081.00,1.A.1.f.1,Spatial Orientation,IM,1.0,8,0.0,1.0,1.0,N,,08/2022,Analyst
29-1081.00,1.A.1.f.1,Spatial Orientation,LV,0.0,8,0.0,0.0,0.0,N,Y,08/2022,Analyst
29-1081.00,1.A.1.f.2,Visualization,IM,3.12,8,0.125,2.88,3.37,N,,08/2022,Analyst
29-1081.00,1.A.1.f.2,Visualization,LV,3.5,8,0.189,3.1296,3.8704,N,N,08/2022,Analyst
29-1081.00,1.A.1.g.1,Selective Attention,IM,3.0,8,0.0,3.0,3.0,N,,08/2022,Analyst
29-1081.00,1.A.1.g.1,Selective Attention,LV,3.0,8,0.0,3.0,3.0,N,N,08/2022,Analyst
29-1081.00,1.A.1.g.2,Time Sharing,IM,2.88,8,0.125,2.63,3.12,N,,08/2022,Analyst
29-1081.00,1.A.1.g.2,Time Sharing,LV,2.62,8,0.183,2.2664,2.9836,N,N,08/2022,Analyst
29-1081.00,1.A.2.a.1,Arm-Hand Steadiness,IM,3.0,8,0.0,3.0,3.0,N,,08/2022,Analyst
29-1081.00,1.A.2.a.1,Arm-Hand Steadiness,LV,3.12,8,0.125,2.88,3.37,N,N,08/2022,Analyst
29-1081.00,1.A.2.a.2,Manual Dexterity,IM,3.12,8,0.125,2.88,3.37,N,,08/2022,Analyst
29-1081.00,1.A.2.a.2,Manual Dexterity,LV,3.25,8,0.25,2.76,3.74,N,N,08/2022,Analyst
29-1081.00,1.A.2.a.3,Finger Dexterity,IM,3.12,8,0.125,2.88,3.37,N,,08/2022,Analyst
29-1081.00,1.A.2.a.3,Finger Dexterity,LV,3.12,8,0.125,2.88,3.37,N,N,08/2022,Analyst
29-1081.00,1.A.2.b.1,Control Precision,IM,2.88,8,0.2266,2.4309,3.3191,N,,08/2022,Analyst
29-1081.00,1.A.2.b.1,Control Precision,LV,3.25,8,0.25,2.76,3.74,N,N,08/2022,Analyst
29-1081.00,1.A.2.b.2,Multilimb Coordination,IM,2.75,8,0.25,2.26,3.24,N,,08/2022,Analyst
29-1081.00,1.A.2.b.2,Multilimb Coordination,LV,2.5,8,0.189,2.1296,2.8704,N,N,08/2022,Analyst
29-1081.00,1.A.2.b.3,Response Orientation,IM,1.75,8,0.25,1.26,2.24,N,,08/2022,Analyst
29-1081.00,1.A.2.b.3,Response Orientation,LV,1.25,8,0.4119,0.4427,2.0573,N,N,08/2022,Analyst
29-1081.00,1.A.2.b.4,Rate Control,IM,1.62,8,0.183,1.2664,1.9836,N,,08/2022,Analyst
29-1081.00,1.A.2.b.4,Rate Control,LV,0.88,8,0.295,0.2967,1.4533,N,N,08/2022,Analyst
29-1081.00,1.A.2.c.1,Reaction Time,IM,1.88,8,0.2266,1.4309,2.3191,N,,08/2022,Analyst
29-1081.00,1.A.2.c.1,Reaction Time,LV,1.38,8,0.375,0.64,2.11,N,N,08/2022,Analyst
29-1081.00,1.A.2.c.2,Wrist-Finger Speed,IM,1.88,8,0.2266,1.4309,2.3191,N,,08/2022,Analyst
29-1081.00,1.A.2.c.2,Wrist-Finger Speed,LV,1.62,8,0.375,0.89,2.36,N,N,08/2022,Analyst
29-1081.00,1.A.2.c.3,Speed of Limb Movement,IM,1.0,8,0.0,1.0,1.0,N,,08/2022,Analyst
29-1081.00,1.A.2.c.3,Speed of Limb Movement,LV,0.0,8,0.0,0.0,0.0,N,Y,08/2022,Analyst
29-1081.00,1.A.3.a.1,Static Strength,IM,2.12,8,0.125,1.88,2.37,N,,08/2022,Analyst
29-1081.00,1.A.3.a.1,Static Strength,LV,1.75,8,0.25,1.26,2.24,N,N,08/2022,Analyst
29-1081.00,1.A.3.a.2,Explosive Strength,IM,1.38,8,0.183,1.0164,1.7336,N,,08/2022,Analyst
29-1081.00,1.A.3.a.2,Explosive Strength,LV,0.5,8,0.2673,0.0,1.0238,N,N,08/2022,Analyst
29-1081.00,1.A.3.a.3,Dynamic Strength,IM,1.38,8,0.183,1.0164,1.7336,N,,08/2022,Analyst
29-1081.00,1.A.3.a.3,Dynamic Strength,LV,0.75,8,0.4119,0.0,1.5573,N,N,08/2022,Analyst
29-1081.00,1.A.3.a.4,Trunk Strength,IM,2.12,8,0.125,1.88,2.37,N,,08/2022,Analyst
29-1081.00,1.A.3.a.4,Trunk Strength,LV,2.12,8,0.125,1.88,2.37,N,N,08/2022,Analyst
29-1081.00,1.A.3.b.1,Stamina,IM,1.5,8,0.189,1.1296,1.8704,N,,08/2022,Analyst
29-1081.00,1.A.3.b.1,Stamina,LV,0.5,8,0.189,0.1296,0.8704,N,N,08/2022,Analyst
29-1081.00,1.A.3.c.1,Extent Flexibility,IM,1.62,8,0.183,1.2664,1.9836,N,,08/2022,Analyst
29-1081.00,1.A.3.c.1,Extent Flexibility,LV,1.12,8,0.3981,0.3447,1.9053,N,N,08/2022,Analyst
29-1081.00,1.A.3.c.2,Dynamic Flexibility,IM,1.0,8,0.0,1.0,1.0,N,,08/2022,Analyst
29-1081.00,1.A.3.c.2,Dynamic Flexibility,LV,0.0,8,0.0,0.0,0.0,N,Y,08/2022,Analyst
29-1081.00,1.A.3.c.3,Gross Body Coordination,IM,1.38,8,0.183,1.0164,1.7336,N,,08/2022,Analyst
29-1081.00,1.A.3.c.3,Gross Body Coordination,LV,0.38,8,0.183,0.0164,0.7336,N,N,08/2022,Analyst
29-1081.00,1.A.3.c.4,Gross Body Equilibrium,IM,1.38,8,0.183,1.0164,1.7336,N,,08/2022,Analyst
29-1081.00,1.A.3.c.4,Gross Body Equilibrium,LV,0.38,8,0.183,0.0164,0.7336,N,N,08/2022,Analyst
29-1081.00,1.A.4.a.1,Near Vision,IM,3.88,8,0.125,3.63,4.12,N,,08/2022,Analyst
29-1081.00,1.A.4.a.1,Near Vision,LV,4.0,8,0.189,3.6296,4.3704,N,N,08/2022,Analyst
29-1081.00,1.A.4.a.2,Far Vision,IM,2.88,8,0.125,2.63,3.12,N,,08/2022,Analyst
29-1081.00,1.A.4.a.2,Far Vision,LV,3.0,8,0.0,3.0,3.0,N,N,08/2022,Analyst
29-1081.00,1.A.4.a.3,Visual Color Discrimination,IM,2.88,8,0.125,2.63,3.12,N,,08/2022,Analyst
29-1081.00,1.A.4.a.3,Visual Color Discrimination,LV,3.0,8,0.0,3.0,3.0,N,N,08/2022,Analyst
29-1081.00,1.A.4.a.4,Night Vision,IM,1.0,8,0.0,1.0,1.0,N,,08/2022,Analyst
29-1081.00,1.A.4.a.4,Night Vision,LV,0.0,8,0.0,0.0,0.0,N,Y,08/2022,Analyst
29-1081.00,1.A.4.a.5,Peripheral Vision,IM,1.0,8,0.0,1.0,1.0,N,,08/2022,Analyst
29-1081.00,1.A.4.a.5,Peripheral Vision,LV,0.0,8,0.0,0.0,0.0,N,Y,08/2022,Analyst
29-1081.00,1.A.4.a.6,Depth Perception,IM,2.0,8,0.0,2.0,2.0,N,,08/2022,Analyst
29-1081.00,1.A.4.a.6,Depth Perception,LV,1.88,8,0.125,1.63,2.12,N,N,08/2022,Analyst
29-1081.00,1.A.4.a.7,Glare Sensitivity,IM,1.0,8,0.0,1.0,1.0,N,,08/2022,Analyst
29-1081.00,1.A.4.a.7,Glare Sensitivity,LV,0.0,8,0.0,0.0,0.0,N,Y,08/2022,Analyst
29-1081.00,1.A.4.b.1,Hearing Sensitivity,IM,2.0,8,0.0,2.0,2.0,N,,08/2022,Analyst
29-1081.00,1.A.4.b.1,Hearing Sensitivity,LV,2.0,8,0.0,2.0,2.0,N,N,08/2022,Analyst
29-1081.00,1.A.4.b.2,Auditory Attention,IM,1.88,8,0.125,1.63,2.12,N,,08/2022,Analyst
29-1081.00,1.A.4.b.2,Auditory Attention,LV,1.62,8,0.2631,1.1094,2.1406,N,N,08/2022,Analyst
29-1081.00,1.A.4.b.3,Sound Localization,IM,1.0,8,0.0,1.0,1.0,N,,08/2022,Analyst
29-1081.00,1.A.4.b.3,Sound Localization,LV,0.0,8,0.0,0.0,0.0,N,Y,08/2022,Analyst
29-1081.00,1.A.4.b.4,Speech Recognition,IM,4.0,8,0.0,4.0,4.0,N,,08/2022,Analyst
29-1081.00,1.A.4.b.4,Speech Recognition,LV,4.0,8,0.0,4.0,4.0,N,N,08/2022,Analyst
29-1081.00,1.A.4.b.5,Speech Clarity,IM,4.0,8,0.0,4.0,4.0,N,,08/2022,Analyst
29-1081.00,1.A.4.b.5,Speech Clarity,LV,4.0,8,0.0,4.0,4.0,N,N,08/2022,Analyst
29-1122.00,1.A.1.a.1,Oral Comprehension,IM,3.88,8,0.125,3.63,4.12,N,,08/2021,Analyst
29-1122.00,1.A.1.a.1,Oral Comprehension,LV,4.12,8,0.125,3.88,4.37,N,N,08/2021,Analyst
29-1122.00,1.A.1.a.2,Written Comprehension,IM,3.88,8,0.125,3.63,4.12,N,,08/2021,Analyst
29-1122.00,1.A.1.a.2,Written Comprehension,LV,4.0,8,0.0,4.0,4.0,N,N,08/2021,Analyst
29-1122.00,1.A.1.a.3,Oral Expression,IM,4.12,8,0.125,3.88,4.37,N,,08/2021,Analyst
29-1122.00,1.A.1.a.3,Oral Expression,LV,4.12,8,0.125,3.88,4.37,N,N,08/2021,Analyst
29-1122.00,1.A.1.a.4,Written Expression,IM,4.0,8,0.0,4.0,4.0,N,,08/2021,Analyst
29-1122.00,1.A.1.a.4,Written Expression,LV,4.0,8,0.0,4.0,4.0,N,N,08/2021,Analyst
29-1122.00,1.A.1.b.1,Fluency of Ideas,IM,3.75,8,0.1637,3.4292,4.0708,N,,08/2021,Analyst
29-1122.00,1.A.1.b.1,Fluency of Ideas,LV,3.88,8,0.125,3.63,4.12,N,N,08/2021,Analyst
29-1122.00,1.A.1.b.2,Originality,IM,3.75,8,0.1637,3.4292,4.0708,N,,08/2021,Analyst
29-1122.00,1.A.1.b.2,Originality,LV,3.88,8,0.125,3.63,4.12,N,N,08/2021,Analyst
29-1122.00,1.A.1.b.3,Problem Sensitivity,IM,4.0,8,0.0,4.0,4.0,N,,08/2021,Analyst
29-1122.00,1.A.1.b.3,Problem Sensitivity,LV,4.0,8,0.0,4.0,4.0,N,N,08/2021,Analyst
29-1122.00,1.A.1.b.4,Deductive Reasoning,IM,4.0,8,0.0,4.0,4.0,N,,08/2021,Analyst
29-1122.00,1.A.1.b.4,Deductive Reasoning,LV,4.0,8,0.0,4.0,4.0,N,N,08/2021,Analyst
29-1122.00,1.A.1.b.5,Inductive Reasoning,IM,4.0,8,0.0,4.0,4.0,N,,08/2021,Analyst
29-1122.00,1.A.1.b.5,Inductive Reasoning,LV,4.0,8,0.0,4.0,4.0,N,N,08/2021,Analyst
29-1122.00,1.A.1.b.6,Information Ordering,IM,3.88,8,0.125,3.63,4.12,N,,08/2021,Analyst
29-1122.00,1.A.1.b.6,Information Ordering,LV,4.0,8,0.0,4.0,4.0,N,N,08/2021,Analyst
29-1122.00,1.A.1.b.7,Category Flexibility,IM,3.25,8,0.1637,2.9292,3.5708,N,,08/2021,Analyst
29-1122.00,1.A.1.b.7,Category Flexibility,LV,3.38,8,0.183,3.0164,3.7336,N,N,08/2021,Analyst
29-1122.00,1.A.1.c.1,Mathematical Reasoning,IM,2.0,8,0.0,2.0,2.0,N,,08/2021,Analyst
29-1122.00,1.A.1.c.1,Mathematical Reasoning,LV,2.5,8,0.189,2.1296,2.8704,N,N,08/2021,Analyst
29-1122.00,1.A.1.c.2,Number Facility,IM,2.5,8,0.189,2.1296,2.8704,N,,08/2021,Analyst
29-1122.00,1.A.1.c.2,Number Facility,LV,2.12,8,0.125,1.88,2.37,N,N,08/2021,Analyst
29-1122.00,1.A.1.d.1,Memorization,IM,2.38,8,0.183,2.0164,2.7336,N,,08/2021,Analyst
29-1122.00,1.A.1.d.1,Memorization,LV,2.38,8,0.183,2.0164,2.7336,N,N,08/2021,Analyst
29-1122.00,1.A.1.e.1,Speed of Closure,IM,2.62,8,0.183,2.2664,2.9836,N,,08/2021,Analyst
29-1122.00,1.A.1.e.1,Speed of Closure,LV,2.62,8,0.183,2.2664,2.9836,N,N,08/2021,Analyst
29-1122.00,1.A.1.e.2,Flexibility of Closure,IM,2.88,8,0.125,2.63,3.12,N,,08/2021,Analyst
29-1122.00,1.A.1.e.2,Flexibility of Closure,LV,3.0,8,0.0,3.0,3.0,N,N,08/2021,Analyst
29-1122.00,1.A.1.e.3,Perceptual Speed,IM,2.75,8,0.1637,2.4292,3.0708,N,,08/2021,Analyst
29-1122.00,1.A.1.e.3,Perceptual Speed,LV,2.88,8,0.125,2.63,3.12,N,N,08/2021,Analyst
29-1122.00,1.A.1.f.1,Spatial Orientation,IM,1.12,8,0.125,1.0,1.37,N,,08/2021,Analyst
29-1122.00,1.A.1.f.1,Spatial Orientation,LV,0.12,8,0.125,0.0,0.37,N,Y,08/2021,Analyst
29-1122.00,1.A.1.f.2,Visualization,IM,2.88,8,0.125,2.63,3.12,N,,08/2021,Analyst
29-1122.00,1.A.1.f.2,Visualization,LV,2.88,8,0.125,2.63,3.12,N,N,08/2021,Analyst
29-1122.00,1.A.1.g.1,Selective Attention,IM,3.25,8,0.1637,2.9292,3.5708,N,,08/2021,Analyst
29-1122.00,1.A.1.g.1,Selective Attention,LV,3.12,8,0.125,2.88,3.37,N,N,08/2021,Analyst
29-1122.00,1.A.1.g.2,Time Sharing,IM,2.88,8,0.125,2.63,3.12,N,,08/2021,Analyst
29-1122.00,1.A.1.g.2,Time Sharing,LV,2.75,8,0.1637,2.4292,3.0708,N,N,08/2021,Analyst
29-1122.00,1.A.2.a.1,Arm-Hand Steadiness,IM,2.75,8,0.1637,2.4292,3.0708,N,,08/2021,Analyst
29-1122.00,1.A.2.a.1,Arm-Hand Steadiness,LV,2.88,8,0.125,2.63,3.12,N,N,08/2021,Analyst
29-1122.00,1.A.2.a.2,Manual Dexterity,IM,2.38,8,0.183,2.0164,2.7336,N,,08/2021,Analyst
29-1122.00,1.A.2.a.2,Manual Dexterity,LV,2.75,8,0.1637,2.4292,3.0708,N,N,08/2021,Analyst
29-1122.00,1.A.2.a.3,Finger Dexterity,IM,3.0,8,0.0,3.0,3.0,N,,08/2021,Analyst
29-1122.00,1.A.2.a.3,Finger Dexterity,LV,3.0,8,0.0,3.0,3.0,N,N,08/2021,Analyst
29-1122.00,1.A.2.b.1,Control Precision,IM,2.0,8,0.0,2.0,2.0,N,,08/2021,Analyst
29-1122.00,1.A.2.b.1,Control Precision,LV,2.12,8,0.125,1.88,2.37,N,N,08/2021,Analyst
29-1122.00,1.A.2.b.2,Multilimb Coordination,IM,2.62,8,0.183,2.2664,2.9836,N,,08/2021,Analyst
29-1122.00,1.A.2.b.2,Multilimb Coordination,LV,2.62,8,0.183,2.2664,2.9836,N,N,08/2021,Analyst
29-1122.00,1.A.2.b.3,Response Orientation,IM,1.62,8,0.2631,1.1094,2.1406,N,,08/2021,Analyst
29-1122.00,1.A.2.b.3,Response Orientation,LV,0.5,8,0.189,0.1296,0.8704,N,N,08/2021,Analyst
29-1122.00,1.A.2.b.4,Rate Control,IM,1.0,8,0.0,1.0,1.0,N,,08/2021,Analyst
29-1122.00,1.A.2.b.4,Rate Control,LV,0.0,8,0.0,0.0,0.0,N,Y,08/2021,Analyst
29-1122.00,1.A.2.c.1,Reaction Time,IM,1.0,8,0.0,1.0,1.0,N,,08/2021,Analyst
29-1122.00,1.A.2.c.1,Reaction Time,LV,0.0,8,0.0,0.0,0.0,N,Y,08/2021,Analyst
29-1122.00,1.A.2.c.2,Wrist-Finger Speed,IM,1.25,8,0.1637,1.0,1.5708,N,,08/2021,Analyst
29-1122.00,1.A.2.c.2,Wrist-Finger Speed,LV,0.38,8,0.2631,0.0,0.8906,N,Y,08/2021,Analyst
29-1122.00,1.A.2.c.3,Speed of Limb Movement,IM,1.38,8,0.183,1.0164,1.7336,N,,08/2021,Analyst
29-1122.00,1.A.2.c.3,Speed of Limb Movement,LV,0.62,8,0.3239,0.0,1.2598,N,N,08/2021,Analyst
29-1122.00,1.A.3.a.1,Static Strength,IM,2.75,8,0.1637,2.4292,3.0708,N,,08/2021,Analyst
29-1122.00,1.A.3.a.1,Static Strength,LV,2.38,8,0.183,2.0164,2.7336,N,N,08/2021,Analyst
29-1122.00,1.A.3.a.2,Explosive Strength,IM,1.5,8,0.2673,1.0,2.0238,N,,08/2021,Analyst
29-1122.00,1.A.3.a.2,Explosive Strength,LV,0.62,8,0.375,0.0,1.36,N,N,08/2021,Analyst
29-1122.00,1.A.3.a.3,Dynamic Strength,IM,2.0,8,0.0,2.0,2.0,N,,08/2021,Analyst
29-1122.00,1.A.3.a.3,Dynamic Strength,LV,1.88,8,0.125,1.63,2.12,N,N,08/2021,Analyst
29-1122.00,1.A.3.a.4,Trunk Strength,IM,2.75,8,0.1637,2.4292,3.0708,N,,08/2021,Analyst
29-1122.00,1.A.3.a.4,Trunk Strength,LV,2.62,8,0.183,2.2664,2.9836,N,N,08/2021,Analyst
29-1122.00,1.A.3.b.1,Stamina,IM,2.12,8,0.125,1.88,2.37,N,,08/2021,Analyst
29-1122.00,1.A.3.b.1,Stamina,LV,2.12,8,0.125,1.88,2.37,N,N,08/2021,Analyst
29-1122.00,1.A.3.c.1,Extent Flexibility,IM,2.12,8,0.125,1.88,2.37,N,,08/2021,Analyst
29-1122.00,1.A.3.c.1,Extent Flexibility,LV,2.12,8,0.125,1.88,2.37,N,N,08/2021,Analyst
29-1122.00,1.A.3.c.2,Dynamic Flexibility,IM,1.0,8,0.0,1.0,1.0,N,,08/2021,Analyst
29-1122.00,1.A.3.c.2,Dynamic Flexibility,LV,0.0,8,0.0,0.0,0.0,N,Y,08/2021,Analyst
29-1122.00,1.A.3.c.3,Gross Body Coordination,IM,2.12,8,0.125,1.88,2.37,N,,08/2021,Analyst
29-1122.00,1.A.3.c.3,Gross Body Coordination,LV,2.0,8,0.0,2.0,2.0,N,N,08/2021,Analyst
29-1122.00,1.A.3.c.4,Gross Body Equilibrium,IM,2.12,8,0.125,1.88,2.37,N,,08/2021,Analyst
29-1122.00,1.A.3.c.4,Gross Body Equilibrium,LV,2.0,8,0.189,1.6296,2.3704,N,N,08/2021,Analyst
29-1122.00,1.A.4.a.1,Near Vision,IM,3.38,8,0.183,3.0164,3.7336,N,,08/2021,Analyst
29-1122.00,1.A.4.a.1,Near Vision,LV,3.38,8,0.183,3.0164,3.7336,N,N,08/2021,Analyst
29-1122.00,1.A.4.a.2,Far Vision,IM,3.0,8,0.0,3.0,3.0,N,,08/2021,Analyst
29-1122.00,1.A.4.a.2,Far Vision,LV,2.88,8,0.125,2.63,3.12,N,N,08/2021,Analyst
29-1122.00,1.A.4.a.3,Visual Color Discrimination,IM,2.5,8,0.189,2.1296,2.8704,N,,08/2021,Analyst
29-1122.00,1.A.4.a.3,Visual Color Discrimination,LV,2.12,8,0.125,1.88,2.37,N,N,08/2021,Analyst
29-1122.00,1.A.4.a.4,Night Vision,IM,1.0,8,0.0,1.0,1.0,N,,08/2021,Analyst
29-1122.00,1.A.4.a.4,Night Vision,LV,0.0,8,0.0,0.0,0.0,N,Y,08/2021,Analyst
29-1122.00,1.A.4.a.5,Peripheral Vision,IM,1.0,8,0.0,1.0,1.0,N,,08/2021,Analyst
29-1122.00,1.A.4.a.5,Peripheral Vision,LV,0.0,8,0.0,0.0,0.0,N,Y,08/2021,Analyst
29-1122.00,1.A.4.a.6,Depth Perception,IM,2.0,8,0.0,2.0,2.0,N,,08/2021,Analyst
29-1122.00,1.A.4.a.6,Depth Perception,LV,2.0,8,0.0,2.0,2.0,N,N,08/2021,Analyst
29-1122.00,1.A.4.a.7,Glare Sensitivity,IM,1.0,8,0.0,1.0,1.0,N,,08/2021,Analyst
29-1122.00,1.A.4.a.7,Glare Sensitivity,LV,0.0,8,0.0,0.0,0.0,N,Y,08/2021,Analyst
29-1122.00,1.A.4.b.1,Hearing Sensitivity,IM,2.75,8,0.1637,2.4292,3.0708,N,,08/2021,Analyst
29-1122.00,1.A.4.b.1,Hearing Sensitivity,LV,2.12,8,0.125,1.88,2.37,N,N,08/2021,Analyst
29-1122.00,1.A.4.b.2,Auditory Attention,IM,2.75,8,0.1637,2.4292,3.0708,N,,08/2021,Analyst
29-1122.00,1.A.4.b.2,Auditory Attention,LV,2.5,8,0.189,2.1296,2.8704,N,N,08/2021,Analyst
29-1122.00,1.A.4.b.3,Sound Localization,IM,1.0,8,0.0,1.0,1.0,N,,08/2021,Analyst
29-1122.00,1.A.4.b.3,Sound Localization,LV,0.0,8,0.0,0.0,0.0,N,Y,08/2021,Analyst
29-1122.00,1.A.4.b.4,Speech Recognition,IM,3.88,8,0.125,3.63,4.12,N,,08/2021,Analyst
29-1122.00,1.A.4.b.4,Speech Recognition,LV,4.0,8,0.0,4.0,4.0,N,N,08/2021,Analyst
29-1122.00,1.A.4.b.5,Speech Clarity,IM,3.88,8,0.125,3.63,4.12,N,,08/2021,Analyst
29-1122.00,1.A.4.b.5,Speech Clarity,LV,4.0,8,0.0,4.0,4.0,N,N,08/2021,Analyst
29-1122.01,1.A.1.a.1,Oral Comprehension,IM,4.0,8,0.0,4.0,4.0,N,,08/2021,Analyst
29-1122.01,1.A.1.a.1,Oral Comprehension,LV,4.12,8,0.125,3.88,4.37,N,N,08/2021,Analyst
29-1122.01,1.A.1.a.2,Written Comprehension,IM,4.0,8,0.0,4.0,4.0,N,,08/2021,Analyst
29-1122.01,1.A.1.a.2,Written Comprehension,LV,4.0,8,0.0,4.0,4.0,N,N,08/2021,Analyst
29-1122.01,1.A.1.a.3,Oral Expression,IM,4.12,8,0.125,3.88,4.37,N,,08/2021,Analyst
29-1122.01,1.A.1.a.3,Oral Expression,LV,4.12,8,0.125,3.88,4.37,N,N,08/2021,Analyst
29-1122.01,1.A.1.a.4,Written Expression,IM,3.88,8,0.125,3.63,4.12,N,,08/2021,Analyst
29-1122.01,1.A.1.a.4,Written Expression,LV,4.0,8,0.0,4.0,4.0,N,N,08/2021,Analyst
29-1122.01,1.A.1.b.1,Fluency of Ideas,IM,3.38,8,0.183,3.0164,3.7336,N,,08/2021,Analyst
29-1122.01,1.A.1.b.1,Fluency of Ideas,LV,3.38,8,0.183,3.0164,3.7336,N,N,08/2021,Analyst
29-1122.01,1.A.1.b.2,Originality,IM,3.25,8,0.1637,2.9292,3.5708,N,,08/2021,Analyst
29-1122.01,1.A.1.b.2,Originality,LV,3.38,8,0.183,3.0164,3.7336,N,N,08/2021,Analyst
29-1122.01,1.A.1.b.3,Problem Sensitivity,IM,4.0,8,0.0,4.0,4.0,N,,08/2021,Analyst
29-1122.01,1.A.1.b.3,Problem Sensitivity,LV,4.12,8,0.125,3.88,4.37,N,N,08/2021,Analyst
29-1122.01,1.A.1.b.4,Deductive Reasoning,IM,3.62,8,0.183,3.2664,3.9836,N,,08/2021,Analyst
29-1122.01,1.A.1.b.4,Deductive Reasoning,LV,3.88,8,0.125,3.63,4.12,N,N,08/2021,Analyst
29-1122.01,1.A.1.b.5,Inductive Reasoning,IM,3.38,8,0.183,3.0164,3.7336,N,,08/2021,Analyst
29-1122.01,1.A.1.b.5,Inductive Reasoning,LV,3.88,8,0.125,3.63,4.12,N,N,08/2021,Analyst
29-1122.01,1.A.1.b.6,Information Ordering,IM,3.38,8,0.183,3.0164,3.7336,N,,08/2021,Analyst
29-1122.01,1.A.1.b.6,Information Ordering,LV,3.88,8,0.125,3.63,4.12,N,N,08/2021,Analyst
29-1122.01,1.A.1.b.7,Category Flexibility,IM,3.38,8,0.183,3.0164,3.7336,N,,08/2021,Analyst
29-1122.01,1.A.1.b.7,Category Flexibility,LV,3.25,8,0.1637,2.9292,3.5708,N,N,08/2021,Analyst
29-1122.01,1.A.1.c.1,Mathematical Reasoning,IM,2.5,8,0.189,2.1296,2.8704,N,,08/2021,Analyst
29-1122.01,1.A.1.c.1,Mathematical Reasoning,LV,2.62,8,0.183,2.2664,2.9836,N,N,08/2021,Analyst
29-1122.01,1.A.1.c.2,Number Facility,IM,2.0,8,0.0,2.0,2.0,N,,08/2021,Analyst
29-1122.01,1.A.1.c.2,Number Facility,LV,2.0,8,0.0,2.0,2.0,N,N,08/2021,Analyst
29-1122.01,1.A.1.d.1,Memorization,IM,2.62,8,0.183,2.2664,2.9836,N,,08/2021,Analyst
29-1122.01,1.A.1.d.1,Memorization,LV,2.88,8,0.125,2.63,3.12,N,N,08/2021,Analyst
29-1122.01,1.A.1.e.1,Speed of Closure,IM,2.62,8,0.183,2.2664,2.9836,N,,08/2021,Analyst
29-1122.01,1.A.1.e.1,Speed of Closure,LV,2.62,8,0.183,2.2664,2.9836,N,N,08/2021,Analyst
29-1122.01,1.A.1.e.2,Flexibility of Closure,IM,2.88,8,0.125,2.63,3.12,N,,08/2021,Analyst
29-1122.01,1.A.1.e.2,Flexibility of Closure,LV,3.0,8,0.0,3.0,3.0,N,N,08/2021,Analyst
29-1122.01,1.A.1.e.3,Perceptual Speed,IM,2.88,8,0.125,2.63,3.12,N,,08/2021,Analyst
29-1122.01,1.A.1.e.3,Perceptual Speed,LV,2.88,8,0.125,2.63,3.12,N,N,08/2021,Analyst
29-1122.01,1.A.1.f.1,Spatial Orientation,IM,2.12,8,0.125,1.88,2.37,N,,08/2021,Analyst
29-1122.01,1.A.1.f.1,Spatial Orientation,LV,1.38,8,0.2631,0.8594,1.8906,N,N,08/2021,Analyst
29-1122.01,1.A.1.f.2,Visualization,IM,2.75,8,0.25,2.26,3.24,N,,08/2021,Analyst
29-1122.01,1.A.1.f.2,Visualization,LV,2.88,8,0.125,2.63,3.12,N,N,08/2021,Analyst
29-1122.01,1.A.1.g.1,Selective Attention,IM,3.0,8,0.0,3.0,3.0,N,,08/2021,Analyst
29-1122.01,1.A.1.g.1,Selective Attention,LV,3.0,8,0.0,3.0,3.0,N,N,08/2021,Analyst
29-1122.01,1.A.1.g.2,Time Sharing,IM,2.62,8,0.183,2.2664,2.9836,N,,08/2021,Analyst
29-1122.01,1.A.1.g.2,Time Sharing,LV,2.88,8,0.125,2.63,3.12,N,N,08/2021,Analyst
29-1122.01,1.A.2.a.1,Arm-Hand Steadiness,IM,2.5,8,0.189,2.1296,2.8704,N,,08/2021,Analyst
29-1122.01,1.A.2.a.1,Arm-Hand Steadiness,LV,1.88,8,0.125,1.63,2.12,N,N,08/2021,Analyst
29-1122.01,1.A.2.a.2,Manual Dexterity,IM,1.38,8,0.183,1.0164,1.7336,N,,08/2021,Analyst
29-1122.01,1.A.2.a.2,Manual Dexterity,LV,0.62,8,0.375,0.0,1.36,N,N,08/2021,Analyst
29-1122.01,1.A.2.a.3,Finger Dexterity,IM,2.0,8,0.3273,1.3584,2.6416,N,,08/2021,Analyst
29-1122.01,1.A.2.a.3,Finger Dexterity,LV,1.25,8,0.366,0.5327,1.9673,N,N,08/2021,Analyst
29-1122.01,1.A.2.b.1,Control Precision,IM,2.0,8,0.0,2.0,2.0,N,,08/2021,Analyst
29-1122.01,1.A.2.b.1,Control Precision,LV,1.88,8,0.125,1.63,2.12,N,N,08/2021,Analyst
29-1122.01,1.A.2.b.2,Multilimb Coordination,IM,2.5,8,0.189,2.1296,2.8704,N,,08/2021,Analyst
29-1122.01,1.A.2.b.2,Multilimb Coordination,LV,2.0,8,0.0,2.0,2.0,N,N,08/2021,Analyst
29-1122.01,1.A.2.b.3,Response Orientation,IM,1.62,8,0.183,1.2664,1.9836,N,,08/2021,Analyst
29-1122.01,1.A.2.b.3,Response Orientation,LV,0.62,8,0.183,0.2664,0.9836,N,N,08/2021,Analyst
29-1122.01,1.A.2.b.4,Rate Control,IM,1.62,8,0.183,1.2664,1.9836,N,,08/2021,Analyst
29-1122.01,1.A.2.b.4,Rate Control,LV,0.62,8,0.183,0.2664,0.9836,N,N,08/2021,Analyst
29-1122.01,1.A.2.c.1,Reaction Time,IM,1.62,8,0.183,1.2664,1.9836,N,,08/2021,Analyst
29-1122.01,1.A.2.c.1,Reaction Time,LV,0.62,8,0.183,0.2664,0.9836,N,N,08/2021,Analyst
29-1122.01,1.A.2.c.2,Wrist-Finger Speed,IM,1.25,8,0.1637,1.0,1.5708,N,,08/2021,Analyst
29-1122.01,1.A.2.c.2,Wrist-Finger Speed,LV,0.38,8,0.2631,0.0,0.8906,N,Y,08/2021,Analyst
29-1122.01,1.A.2.c.3,Speed of Limb Movement,IM,1.75,8,0.1637,1.4292,2.0708,N,,08/2021,Analyst
29-1122.01,1.A.2.c.3,Speed of Limb Movement,LV,0.75,8,0.1637,0.4292,1.0708,N,N,08/2021,Analyst
29-1122.01,1.A.3.a.1,Static Strength,IM,2.0,8,0.0,2.0,2.0,N,,08/2021,Analyst
29-1122.01,1.A.3.a.1,Static Strength,LV,1.88,8,0.125,1.63,2.12,N,N,08/2021,Analyst
29-1122.01,1.A.3.a.2,Explosive Strength,IM,1.25,8,0.1637,1.0,1.5708,N,,08/2021,Analyst
29-1122.01,1.A.3.a.2,Explosive Strength,LV,0.5,8,0.378,0.0,1.2408,N,Y,08/2021,Analyst
29-1122.01,1.A.3.a.3,Dynamic Strength,IM,2.0,8,0.0,2.0,2.0,N,,08/2021,Analyst
29-1122.01,1.A.3.a.3,Dynamic Strength,LV,1.75,8,0.1637,1.4292,2.0708,N,N,08/2021,Analyst
29-1122.01,1.A.3.a.4,Trunk Strength,IM,2.12,8,0.125,1.88,2.37,N,,08/2021,Analyst
29-1122.01,1.A.3.a.4,Trunk Strength,LV,2.12,8,0.125,1.88,2.37,N,N,08/2021,Analyst
29-1122.01,1.A.3.b.1,Stamina,IM,1.88,8,0.125,1.63,2.12,N,,08/2021,Analyst
29-1122.01,1.A.3.b.1,Stamina,LV,1.75,8,0.3134,1.1358,2.3642,N,N,08/2021,Analyst
29-1122.01,1.A.3.c.1,Extent Flexibility,IM,1.88,8,0.125,1.63,2.12,N,,08/2021,Analyst
29-1122.01,1.A.3.c.1,Extent Flexibility,LV,1.75,8,0.25,1.26,2.24,N,N,08/2021,Analyst
29-1122.01,1.A.3.c.2,Dynamic Flexibility,IM,1.0,8,0.0,1.0,1.0,N,,08/2021,Analyst
29-1122.01,1.A.3.c.2,Dynamic Flexibility,LV,0.0,8,0.0,0.0,0.0,N,Y,08/2021,Analyst
29-1122.01,1.A.3.c.3,Gross Body Coordination,IM,2.25,8,0.1637,1.9292,2.5708,N,,08/2021,Analyst
29-1122.01,1.A.3.c.3,Gross Body Coordination,LV,2.12,8,0.125,1.88,2.37,N,N,08/2021,Analyst
29-1122.01,1.A.3.c.4,Gross Body Equilibrium,IM,2.12,8,0.125,1.88,2.37,N,,08/2021,Analyst
29-1122.01,1.A.3.c.4,Gross Body Equilibrium,LV,1.38,8,0.2631,0.8594,1.8906,N,N,08/2021,Analyst
29-1122.01,1.A.4.a.1,Near Vision,IM,3.12,8,0.125,2.88,3.37,N,,08/2021,Analyst
29-1122.01,1.A.4.a.1,Near Vision,LV,3.88,8,0.125,3.63,4.12,N,N,08/2021,Analyst
29-1122.01,1.A.4.a.2,Far Vision,IM,3.12,8,0.125,2.88,3.37,N,,08/2021,Analyst
29-1122.01,1.A.4.a.2,Far Vision,LV,3.0,8,0.0,3.0,3.0,N,N,08/2021,Analyst
29-1122.01,1.A.4.a.3,Visual Color Discrimination,IM,2.62,8,0.183,2.2664,2.9836,N,,08/2021,Analyst
29-1122.01,1.A.4.a.3,Visual Color Discrimination,LV,2.25,8,0.1637,1.9292,2.5708,N,N,08/2021,Analyst
29-1122.01,1.A.4.a.4,Night Vision,IM,1.75,8,0.25,1.26,2.24,N,,08/2021,Analyst
29-1122.01,1.A.4.a.4,Night Vision,LV,0.75,8,0.25,0.26,1.24,N,N,08/2021,Analyst
29-1122.01,1.A.4.a.5,Peripheral Vision,IM,1.5,8,0.189,1.1296,1.8704,N,,08/2021,Analyst
29-1122.01,1.A.4.a.5,Peripheral Vision,LV,0.5,8,0.189,0.1296,0.8704,N,N,08/2021,Analyst
29-1122.01,1.A.4.a.6,Depth Perception,IM,2.0,8,0.0,2.0,2.0,N,,08/2021,Analyst
29-1122.01,1.A.4.a.6,Depth Perception,LV,2.0,8,0.0,2.0,2.0,N,N,08/2021,Analyst
29-1122.01,1.A.4.a.7,Glare Sensitivity,IM,1.88,8,0.125,1.63,2.12,N,,08/2021,Analyst
29-1122.01,1.A.4.a.7,Glare Sensitivity,LV,1.0,8,0.189,0.6296,1.3704,N,N,08/2021,Analyst
29-1122.01,1.A.4.b.1,Hearing Sensitivity,IM,2.12,8,0.125,1.88,2.37,N,,08/2021,Analyst
29-1122.01,1.A.4.b.1,Hearing Sensitivity,LV,2.25,8,0.1637,1.9292,2.5708,N,N,08/2021,Analyst
29-1122.01,1.A.4.b.2,Auditory Attention,IM,2.25,8,0.1637,1.9292,2.5708,N,,08/2021,Analyst
29-1122.01,1.A.4.b.2,Auditory Attention,LV,2.25,8,0.1637,1.9292,2.5708,N,N,08/2021,Analyst
29-1122.01,1.A.4.b.3,Sound Localization,IM,1.5,8,0.189,1.1296,1.8704,N,,08/2021,Analyst
29-1122.01,1.A.4.b.3,Sound Localization,LV,0.5,8,0.189,0.1296,0.8704,N,N,08/2021,Analyst
29-1122.01,1.A.4.b.4,Speech Recognition,IM,3.62,8,0.183,3.2664,3.9836,N,,08/2021,Analyst
29-1122.01,1.A.4.b.4,Speech Recognition,LV,3.25,8,0.1637,2.9292,3.5708,N,N,08/2021,Analyst
29-1122.01,1.A.4.b.5,Speech Clarity,IM,3.75,8,0.1637,3.4292,4.0708,N,,08/2021,Analyst
29-1122.01,1.A.4.b.5,Speech Clarity,LV,3.12,8,0.2266,2.6809,3.5691,N,N,08/2021,Analyst
29-1123.00,1.A.1.a.1,Oral Comprehension,IM,4.0,8,0.0,4.0,4.0,N,,08/2020,Analyst
29-1123.00,1.A.1.a.1,Oral Comprehension,LV,4.25,8,0.1637,3.9292,4.5708,N,N,08/2020,Analyst
29-1123.00,1.A.1.a.2,Written Comprehension,IM,4.0,8,0.0,4.0,4.0,N,,08/2020,Analyst
29-1123.00,1.A.1.a.2,Written Comprehension,LV,4.0,8,0.0,4.0,4.0,N,N,08/2020,Analyst
29-1123.00,1.A.1.a.3,Oral Expression,IM,4.0,8,0.0,4.0,4.0,N,,08/2020,Analyst
29-1123.00,1.A.1.a.3,Oral Expression,LV,4.62,8,0.183,4.2664,4.9836,N,N,08/2020,Analyst
29-1123.00,1.A.1.a.4,Written Expression,IM,3.88,8,0.125,3.63,4.12,N,,08/2020,Analyst
29-1123.00,1.A.1.a.4,Written Expression,LV,4.0,8,0.0,4.0,4.0,N,N,08/2020,Analyst
29-1123.00,1.A.1.b.1,Fluency of Ideas,IM,3.25,8,0.1637,2.9292,3.5708,N,,08/2020,Analyst
29-1123.00,1.A.1.b.1,Fluency of Ideas,LV,3.12,8,0.125,2.88,3.37,N,N,08/2020,Analyst
29-1123.00,1.A.1.b.2,Originality,IM,3.0,8,0.0,3.0,3.0,N,,08/2020,Analyst
29-1123.00,1.A.1.b.2,Originality,LV,3.12,8,0.125,2.88,3.37,N,N,08/2020,Analyst
29-1123.00,1.A.1.b.3,Problem Sensitivity,IM,3.88,8,0.125,3.63,4.12,N,,08/2020,Analyst
29-1123.00,1.A.1.b.3,Problem Sensitivity,LV,4.12,8,0.125,3.88,4.37,N,N,08/2020,Analyst
29-1123.00,1.A.1.b.4,Deductive Reasoning,IM,3.88,8,0.125,3.63,4.12,N,,08/2020,Analyst
29-1123.00,1.A.1.b.4,Deductive Reasoning,LV,4.12,8,0.125,3.88,4.37,N,N,08/2020,Analyst
29-1123.00,1.A.1.b.5,Inductive Reasoning,IM,3.88,8,0.125,3.63,4.12,N,,08/2020,Analyst
29-1123.00,1.A.1.b.5,Inductive Reasoning,LV,4.12,8,0.125,3.88,4.37,N,N,08/2020,Analyst
29-1123.00,1.A.1.b.6,Information Ordering,IM,3.88,8,0.125,3.63,4.12,N,,08/2020,Analyst
29-1123.00,1.A.1.b.6,Information Ordering,LV,3.88,8,0.125,3.63,4.12,N,N,08/2020,Analyst
29-1123.00,1.A.1.b.7,Category Flexibility,IM,3.0,8,0.0,3.0,3.0,N,,08/2020,Analyst
29-1123.00,1.A.1.b.7,Category Flexibility,LV,3.5,8,0.189,3.1296,3.8704,N,N,08/2020,Analyst
29-1123.00,1.A.1.c.1,Mathematical Reasoning,IM,2.62,8,0.183,2.2664,2.9836,N,,08/2020,Analyst
29-1123.00,1.A.1.c.1,Mathematical Reasoning,LV,2.75,8,0.1637,2.4292,3.0708,N,N,08/2020,Analyst
29-1123.00,1.A.1.c.2,Number Facility,IM,2.75,8,0.1637,2.4292,3.0708,N,,08/2020,Analyst
29-1123.00,1.A.1.c.2,Number Facility,LV,2.75,8,0.1637,2.4292,3.0708,N,N,08/2020,Analyst
29-1123.00,1.A.1.d.1,Memorization,IM,2.75,8,0.1637,2.4292,3.0708,N,,08/2020,Analyst
29-1123.00,1.A.1.d.1,Memorization,LV,2.88,8,0.125,2.63,3.12,N,N,08/2020,Analyst
29-1123.00,1.A.1.e.1,Speed of Closure,IM,2.75,8,0.1637,2.4292,3.0708,N,,08/2020,Analyst
29-1123.00,1.A.1.e.1,Speed of Closure,LV,2.75,8,0.1637,2.4292,3.0708,N,N,08/2020,Analyst
29-1123.00,1.A.1.e.2,Flexibility of Closure,IM,2.88,8,0.125,2.63,3.12,N,,08/2020,Analyst
29-1123.00,1.A.1.e.2,Flexibility of Closure,LV,3.12,8,0.125,2.88,3.37,N,N,08/2020,Analyst
29-1123.00,1.A.1.e.3,Perceptual Speed,IM,2.88,8,0.125,2.63,3.12,N,,08/2020,Analyst
29-1123.00,1.A.1.e.3,Perceptual Speed,LV,2.88,8,0.125,2.63,3.12,N,N,08/2020,Analyst
29-1123.00,1.A.1.f.1,Spatial Orientation,IM,1.12,8,0.125,1.0,1.37,N,,08/2020,Analyst
29-1123.00,1.A.1.f.1,Spatial Orientation,LV,0.12,8,0.125,0.0,0.37,N,Y,08/2020,Analyst
29-1123.00,1.A.1.f.2,Visualization,IM,2.88,8,0.125,2.63,3.12,N,,08/2020,Analyst
29-1123.00,1.A.1.f.2,Visualization,LV,3.0,8,0.0,3.0,3.0,N,N,08/2020,Analyst
29-1123.00,1.A.1.g.1,Selective Attention,IM,3.12,8,0.125,2.88,3.37,N,,08/2020,Analyst
29-1123.00,1.A.1.g.1,Selective Attention,LV,2.88,8,0.125,2.63,3.12,N,N,08/2020,Analyst
29-1123.00,1.A.1.g.2,Time Sharing,IM,2.88,8,0.125,2.63,3.12,N,,08/2020,Analyst
29-1123.00,1.A.1.g.2,Time Sharing,LV,2.88,8,0.125,2.63,3.12,N,N,08/2020,Analyst
29-1123.00,1.A.2.a.1,Arm-Hand Steadiness,IM,3.25,8,0.1637,2.9292,3.5708,N,,08/2020,Analyst
29-1123.00,1.A.2.a.1,Arm-Hand Steadiness,LV,3.0,8,0.0,3.0,3.0,N,N,08/2020,Analyst
29-1123.00,1.A.2.a.2,Manual Dexterity,IM,3.0,8,0.0,3.0,3.0,N,,08/2020,Analyst
29-1123.00,1.A.2.a.2,Manual Dexterity,LV,3.0,8,0.0,3.0,3.0,N,N,08/2020,Analyst
29-1123.00,1.A.2.a.3,Finger Dexterity,IM,3.12,8,0.125,2.88,3.37,N,,08/2020,Analyst
29-1123.00,1.A.2.a.3,Finger Dexterity,LV,3.0,8,0.0,3.0,3.0,N,N,08/2020,Analyst
29-1123.00,1.A.2.b.1,Control Precision,IM,2.75,8,0.1637,2.4292,3.0708,N,,08/2020,Analyst
29-1123.00,1.A.2.b.1,Control Precision,LV,2.62,8,0.183,2.2664,2.9836,N,N,08/2020,Analyst
29-1123.00,1.A.2.b.2,Multilimb Coordination,IM,2.88,8,0.125,2.63,3.12,N,,08/2020,Analyst
29-1123.00,1.A.2.b.2,Multilimb Coordination,LV,3.0,8,0.0,3.0,3.0,N,N,08/2020,Analyst
29-1123.00,1.A.2.b.3,Response Orientation,IM,1.62,8,0.183,1.2664,1.9836,N,,08/2020,Analyst
29-1123.00,1.A.2.b.3,Response Orientation,LV,0.75,8,0.25,0.26,1.24,N,N,08/2020,Analyst
29-1123.00,1.A.2.b.4,Rate Control,IM,2.0,8,0.0,2.0,2.0,N,,08/2020,Analyst
29-1123.00,1.A.2.b.4,Rate Control,LV,1.12,8,0.125,0.88,1.37,N,N,08/2020,Analyst
29-1123.00,1.A.2.c.1,Reaction Time,IM,2.0,8,0.0,2.0,2.0,N,,08/2020,Analyst
29-1123.00,1.A.2.c.1,Reaction Time,LV,1.12,8,0.125,0.88,1.37,N,N,08/2020,Analyst
29-1123.00,1.A.2.c.2,Wrist-Finger Speed,IM,2.12,8,0.125,1.88,2.37,N,,08/2020,Analyst
29-1123.00,1.A.2.c.2,Wrist-Finger Speed,LV,1.88,8,0.125,1.63,2.12,N,N,08/2020,Analyst
29-1123.00,1.A.2.c.3,Speed of Limb Movement,IM,1.88,8,0.125,1.63,2.12,N,,08/2020,Analyst
29-1123.00,1.A.2.c.3,Speed of Limb Movement,LV,1.5,8,0.2673,0.9762,2.0238,N,N,08/2020,Analyst
29-1123.00,1.A.3.a.1,Static Strength,IM,3.12,8,0.125,2.88,3.37,N,,08/2020,Analyst
29-1123.00,1.A.3.a.1,Static Strength,LV,3.12,8,0.125,2.88,3.37,N,N,08/2020,Analyst
29-1123.00,1.A.3.a.2,Explosive Strength,IM,1.5,8,0.189,1.1296,1.8704,N,,08/2020,Analyst
29-1123.00,1.A.3.a.2,Explosive Strength,LV,0.75,8,0.3134,0.1358,1.3642,N,N,08/2020,Analyst
29-1123.00,1.A.3.a.3,Dynamic Strength,IM,2.75,8,0.1637,2.4292,3.0708,N,,08/2020,Analyst
29-1123.00,1.A.3.a.3,Dynamic Strength,LV,2.62,8,0.183,2.2664,2.9836,N,N,08/2020,Analyst
29-1123.00,1.A.3.a.4,Trunk Strength,IM,3.12,8,0.125,2.88,3.37,N,,08/2020,Analyst
29-1123.00,1.A.3.a.4,Trunk Strength,LV,3.0,8,0.0,3.0,3.0,N,N,08/2020,Analyst
29-1123.00,1.A.3.b.1,Stamina,IM,2.62,8,0.183,2.2664,2.9836,N,,08/2020,Analyst
29-1123.00,1.A.3.b.1,Stamina,LV,2.12,8,0.125,1.88,2.37,N,N,08/2020,Analyst
29-1123.00,1.A.3.c.1,Extent Flexibility,IM,2.88,8,0.125,2.63,3.12,N,,08/2020,Analyst
29-1123.00,1.A.3.c.1,Extent Flexibility,LV,2.88,8,0.125,2.63,3.12,N,N,08/2020,Analyst
29-1123.00,1.A.3.c.2,Dynamic Flexibility,IM,1.0,8,0.0,1.0,1.0,N,,08/2020,Analyst
29-1123.00,1.A.3.c.2,Dynamic Flexibility,LV,0.0,8,0.0,0.0,0.0,N,Y,08/2020,Analyst
29-1123.00,1.A.3.c.3,Gross Body Coordination,IM,2.5,8,0.189,2.1296,2.8704,N,,08/2020,Analyst
29-1123.00,1.A.3.c.3,Gross Body Coordination,LV,2.25,8,0.1637,1.9292,2.5708,N,N,08/2020,Analyst
29-1123.00,1.A.3.c.4,Gross Body Equilibrium,IM,2.12,8,0.125,1.88,2.37,N,,08/2020,Analyst
29-1123.00,1.A.3.c.4,Gross Body Equilibrium,LV,2.0,8,0.189,1.6296,2.3704,N,N,08/2020,Analyst
29-1123.00,1.A.4.a.1,Near Vision,IM,3.25,8,0.1637,2.9292,3.5708,N,,08/2020,Analyst
29-1123.00,1.A.4.a.1,Near Vision,LV,3.62,8,0.183,3.2664,3.9836,N,N,08/2020,Analyst
29-1123.00,1.A.4.a.2,Far Vision,IM,3.0,8,0.0,3.0,3.0,N,,08/2020,Analyst
29-1123.00,1.A.4.a.2,Far Vision,LV,2.88,8,0.125,2.63,3.12,N,N,08/2020,Analyst
29-1123.00,1.A.4.a.3,Visual Color Discrimination,IM,2.38,8,0.183,2.0164,2.7336,N,,08/2020,Analyst
29-1123.00,1.A.4.a.3,Visual Color Discrimination,LV,2.12,8,0.125,1.88,2.37,N,N,08/2020,Analyst
29-1123.00,1.A.4.a.4,Night Vision,IM,1.0,8,0.0,1.0,1.0,N,,08/2020,Analyst
29-1123.00,1.A.4.a.4,Night Vision,LV,0.0,8,0.0,0.0,0.0,N,Y,08/2020,Analyst
29-1123.00,1.A.4.a.5,Peripheral Vision,IM,1.0,8,0.0,1.0,1.0,N,,08/2020,Analyst
29-1123.00,1.A.4.a.5,Peripheral Vision,LV,0.0,8,0.0,0.0,0.0,N,Y,08/2020,Analyst
29-1123.00,1.A.4.a.6,Depth Perception,IM,2.0,8,0.0,2.0,2.0,N,,08/2020,Analyst
29-1123.00,1.A.4.a.6,Depth Perception,LV,1.88,8,0.125,1.63,2.12,N,N,08/2020,Analyst
29-1123.00,1.A.4.a.7,Glare Sensitivity,IM,1.0,8,0.0,1.0,1.0,N,,08/2020,Analyst
29-1123.00,1.A.4.a.7,Glare Sensitivity,LV,0.0,8,0.0,0.0,0.0,N,Y,08/2020,Analyst
29-1123.00,1.A.4.b.1,Hearing Sensitivity,IM,2.0,8,0.0,2.0,2.0,N,,08/2020,Analyst
29-1123.00,1.A.4.b.1,Hearing Sensitivity,LV,2.0,8,0.0,2.0,2.0,N,N,08/2020,Analyst
29-1123.00,1.A.4.b.2,Auditory Attention,IM,2.12,8,0.125,1.88,2.37,N,,08/2020,Analyst
29-1123.00,1.A.4.b.2,Auditory Attention,LV,2.12,8,0.125,1.88,2.37,N,N,08/2020,Analyst
29-1123.00,1.A.4.b.3,Sound Localization,IM,1.0,8,0.0,1.0,1.0,N,,08/2020,Analyst
29-1123.00,1.A.4.b.3,Sound Localization,LV,0.0,8,0.0,0.0,0.0,N,Y,08/2020,Analyst
29-1123.00,1.A.4.b.4,Speech Recognition,IM,3.75,8,0.1637,3.4292,4.0708,N,,08/2020,Analyst
29-1123.00,1.A.4.b.4,Speech Recognition,LV,3.62,8,0.183,3.2664,3.9836,N,N,08/2020,Analyst
29-1123.00,1.A.4.b.5,Speech Clarity,IM,3.75,8,0.1637,3.4292,4.0708,N,,08/2020,Analyst
29-1123.00,1.A.4.b.5,Speech Clarity,LV,3.62,8,0.183,3.2664,3.9836,N,N,08/2020,Analyst
29-1124.00,1.A.1.a.1,Oral Comprehension,IM,4.0,8,0.0,4.0,4.0,N,,07/2013,Analyst
29-1124.00,1.A.1.a.1,Oral Comprehension,LV,4.0,8,0.0,4.0,4.0,N,N,07/2013,Analyst
29-1124.00,1.A.1.a.2,Written Comprehension,IM,3.75,8,0.1637,3.4292,4.0708,N,,07/2013,Analyst
29-1124.00,1.A.1.a.2,Written Comprehension,LV,4.0,8,0.0,4.0,4.0,N,N,07/2013,Analyst
29-1124.00,1.A.1.a.3,Oral Expression,IM,3.88,8,0.125,3.63,4.12,N,,07/2013,Analyst
29-1124.00,1.A.1.a.3,Oral Expression,LV,4.0,8,0.0,4.0,4.0,N,N,07/2013,Analyst
29-1124.00,1.A.1.a.4,Written Expression,IM,3.62,8,0.183,3.2664,3.9836,N,,07/2013,Analyst
29-1124.00,1.A.1.a.4,Written Expression,LV,3.38,8,0.183,3.0164,3.7336,N,N,07/2013,Analyst
29-1124.00,1.A.1.b.1,Fluency of Ideas,IM,3.0,8,0.0,3.0,3.0,N,,07/2013,Analyst
29-1124.00,1.A.1.b.1,Fluency of Ideas,LV,3.0,8,0.0,3.0,3.0,N,N,07/2013,Analyst
29-1124.00,1.A.1.b.2,Originality,IM,2.25,8,0.1637,1.9292,2.5708,N,,07/2013,Analyst
29-1124.00,1.A.1.b.2,Originality,LV,2.62,8,0.183,2.2664,2.9836,N,N,07/2013,Analyst
29-1124.00,1.A.1.b.3,Problem Sensitivity,IM,3.88,8,0.125,3.63,4.12,N,,07/2013,Analyst
29-1124.00,1.A.1.b.3,Problem Sensitivity,LV,3.88,8,0.125,3.63,4.12,N,N,07/2013,Analyst
29-1124.00,1.A.1.b.4,Deductive Reasoning,IM,3.5,8,0.189,3.1296,3.8704,N,,07/2013,Analyst
29-1124.00,1.A.1.b.4,Deductive Reasoning,LV,3.88,8,0.125,3.63,4.12,N,N,07/2013,Analyst
29-1124.00,1.A.1.b.5,Inductive Reasoning,IM,3.25,8,0.1637,2.9292,3.5708,N,,07/2013,Analyst
29-1124.00,1.A.1.b.5,Inductive Reasoning,LV,3.25,8,0.1637,2.9292,3.5708,N,N,07/2013,Analyst
29-1124.00,1.A.1.b.6,Information Ordering,IM,3.62,8,0.183,3.2664,3.9836,N,,07/2013,Analyst
29-1124.00,1.A.1.b.6,Information Ordering,LV,3.88,8,0.125,3.63,4.12,N,N,07/2013,Analyst
29-1124.00,1.A.1.b.7,Category Flexibility,IM,3.12,8,0.125,2.88,3.37,N,,07/2013,Analyst
29-1124.00,1.A.1.b.7,Category Flexibility,LV,3.5,8,0.189,3.1296,3.8704,N,N,07/2013,Analyst
29-1124.00,1.A.1.c.1,Mathematical Reasoning,IM,2.75,8,0.1637,2.4292,3.0708,N,,07/2013,Analyst
29-1124.00,1.A.1.c.1,Mathematical Reasoning,LV,3.0,8,0.0,3.0,3.0,N,N,07/2013,Analyst
29-1124.00,1.A.1.c.2,Number Facility,IM,2.75,8,0.1637,2.4292,3.0708,N,,07/2013,Analyst
29-1124.00,1.A.1.c.2,Number Facility,LV,2.88,8,0.125,2.63,3.12,N,N,07/2013,Analyst
29-1124.00,1.A.1.d.1,Memorization,IM,2.5,8,0.189,2.1296,2.8704,N,,07/2013,Analyst
29-1124.00,1.A.1.d.1,Memorization,LV,2.88,8,0.125,2.63,3.12,N,N,07/2013,Analyst
29-1124.00,1.A.1.e.1,Speed of Closure,IM,2.88,8,0.2266,2.4309,3.3191,N,,07/2013,Analyst
29-1124.00,1.A.1.e.1,Speed of Closure,LV,2.75,8,0.1637,2.4292,3.0708,N,N,07/2013,Analyst
29-1124.00,1.A.1.e.2,Flexibility of Closure,IM,3.0,8,0.189,2.6296,3.3704,N,,07/2013,Analyst
29-1124.00,1.A.1.e.2,Flexibility of Closure,LV,3.12,8,0.2266,2.6809,3.5691,N,N,07/2013,Analyst
29-1124.00,1.A.1.e.3,Perceptual Speed,IM,2.88,8,0.125,2.63,3.12,N,,07/2013,Analyst
29-1124.00,1.A.1.e.3,Perceptual Speed,LV,3.12,8,0.2266,2.6809,3.5691,N,N,07/2013,Analyst
29-1124.00,1.A.1.f.1,Spatial Orientation,IM,1.88,8,0.125,1.63,2.12,N,,07/2013,Analyst
29-1124.00,1.A.1.f.1,Spatial Orientation,LV,1.38,8,0.2631,0.8594,1.8906,N,N,07/2013,Analyst
29-1124.00,1.A.1.f.2,Visualization,IM,3.0,8,0.0,3.0,3.0,N,,07/2013,Analyst
29-1124.00,1.A.1.f.2,Visualization,LV,2.88,8,0.125,2.63,3.12,N,N,07/2013,Analyst
29-1124.00,1.A.1.g.1,Selective Attention,IM,3.12,8,0.125,2.88,3.37,N,,07/2013,Analyst
29-1124.00,1.A.1.g.1,Selective Attention,LV,3.12,8,0.125,2.88,3.37,N,N,07/2013,Analyst
29-1124.00,1.A.1.g.2,Time Sharing,IM,2.88,8,0.125,2.63,3.12,N,,07/2013,Analyst
29-1124.00,1.A.1.g.2,Time Sharing,LV,2.88,8,0.125,2.63,3.12,N,N,07/2013,Analyst
29-1124.00,1.A.2.a.1,Arm-Hand Steadiness,IM,3.38,8,0.183,3.0164,3.7336,N,,07/2013,Analyst
29-1124.00,1.A.2.a.1,Arm-Hand Steadiness,LV,3.5,8,0.189,3.1296,3.8704,N,N,07/2013,Analyst
29-1124.00,1.A.2.a.2,Manual Dexterity,IM,3.0,8,0.0,3.0,3.0,N,,07/2013,Analyst
29-1124.00,1.A.2.a.2,Manual Dexterity,LV,3.0,8,0.0,3.0,3.0,N,N,07/2013,Analyst
29-1124.00,1.A.2.a.3,Finger Dexterity,IM,3.0,8,0.0,3.0,3.0,N,,07/2013,Analyst
29-1124.00,1.A.2.a.3,Finger Dexterity,LV,3.25,8,0.1637,2.9292,3.5708,N,N,07/2013,Analyst
29-1124.00,1.A.2.b.1,Control Precision,IM,3.12,8,0.125,2.88,3.37,N,,07/2013,Analyst
29-1124.00,1.A.2.b.1,Control Precision,LV,3.12,8,0.125,2.88,3.37,N,N,07/2013,Analyst
29-1124.00,1.A.2.b.2,Multilimb Coordination,IM,3.0,8,0.0,3.0,3.0,N,,07/2013,Analyst
29-1124.00,1.A.2.b.2,Multilimb Coordination,LV,3.0,8,0.0,3.0,3.0,N,N,07/2013,Analyst
29-1124.00,1.A.2.b.3,Response Orientation,IM,2.38,8,0.183,2.0164,2.7336,N,,07/2013,Analyst
29-1124.00,1.A.2.b.3,Response Orientation,LV,2.88,8,0.125,2.63,3.12,N,N,07/2013,Analyst
29-1124.00,1.A.2.b.4,Rate Control,IM,2.62,8,0.183,2.2664,2.9836,N,,07/2013,Analyst
29-1124.00,1.A.2.b.4,Rate Control,LV,2.25,8,0.1637,1.9292,2.5708,N,N,07/2013,Analyst
29-1124.00,1.A.2.c.1,Reaction Time,IM,2.88,8,0.125,2.63,3.12,N,,07/2013,Analyst
29-1124.00,1.A.2.c.1,Reaction Time,LV,2.88,8,0.125,2.63,3.12,N,N,07/2013,Analyst
29-1124.00,1.A.2.c.2,Wrist-Finger Speed,IM,2.0,8,0.0,2.0,2.0,N,,07/2013,Analyst
29-1124.00,1.A.2.c.2,Wrist-Finger Speed,LV,1.88,8,0.125,1.63,2.12,N,N,07/2013,Analyst
29-1124.00,1.A.2.c.3,Speed of Limb Movement,IM,2.0,8,0.0,2.0,2.0,N,,07/2013,Analyst
29-1124.00,1.A.2.c.3,Speed of Limb Movement,LV,2.0,8,0.0,2.0,2.0,N,N,07/2013,Analyst
29-1124.00,1.A.3.a.1,Static Strength,IM,2.62,8,0.183,2.2664,2.9836,N,,07/2013,Analyst
29-1124.00,1.A.3.a.1,Static Strength,LV,2.88,8,0.125,2.63,3.12,N,N,07/2013,Analyst
29-1124.00,1.A.3.a.2,Explosive Strength,IM,1.0,8,0.0,1.0,1.0,N,,07/2013,Analyst
29-1124.00,1.A.3.a.2,Explosive Strength,LV,0.0,8,0.0,0.0,0.0,N,Y,07/2013,Analyst
29-1124.00,1.A.3.a.3,Dynamic Strength,IM,2.0,8,0.0,2.0,2.0,N,,07/2013,Analyst
29-1124.00,1.A.3.a.3,Dynamic Strength,LV,1.88,8,0.125,1.63,2.12,N,N,07/2013,Analyst
29-1124.00,1.A.3.a.4,Trunk Strength,IM,2.25,8,0.1637,1.9292,2.5708,N,,07/2013,Analyst
29-1124.00,1.A.3.a.4,Trunk Strength,LV,2.0,8,0.0,2.0,2.0,N,N,07/2013,Analyst
29-1124.00,1.A.3.b.1,Stamina,IM,2.12,8,0.125,1.88,2.37,N,,07/2013,Analyst
29-1124.00,1.A.3.b.1,Stamina,LV,1.75,8,0.1637,1.4292,2.0708,N,N,07/2013,Analyst
29-1124.00,1.A.3.c.1,Extent Flexibility,IM,2.25,8,0.1637,1.9292,2.5708,N,,07/2013,Analyst
29-1124.00,1.A.3.c.1,Extent Flexibility,LV,2.25,8,0.1637,1.9292,2.5708,N,N,07/2013,Analyst
29-1124.00,1.A.3.c.2,Dynamic Flexibility,IM,1.0,8,0.0,1.0,1.0,N,,07/2013,Analyst
29-1124.00,1.A.3.c.2,Dynamic Flexibility,LV,0.0,8,0.0,0.0,0.0,N,Y,07/2013,Analyst
29-1124.00,1.A.3.c.3,Gross Body Coordination,IM,2.12,8,0.125,1.88,2.37,N,,07/2013,Analyst
29-1124.00,1.A.3.c.3,Gross Body Coordination,LV,2.0,8,0.0,2.0,2.0,N,N,07/2013,Analyst
29-1124.00,1.A.3.c.4,Gross Body Equilibrium,IM,2.0,8,0.0,2.0,2.0,N,,07/2013,Analyst
29-1124.00,1.A.3.c.4,Gross Body Equilibrium,LV,1.5,8,0.189,1.1296,1.8704,N,N,07/2013,Analyst
29-1124.00,1.A.4.a.1,Near Vision,IM,3.38,8,0.183,3.0164,3.7336,N,,07/2013,Analyst
29-1124.00,1.A.4.a.1,Near Vision,LV,3.75,8,0.1637,3.4292,4.0708,N,N,07/2013,Analyst
29-1124.00,1.A.4.a.2,Far Vision,IM,3.12,8,0.2266,2.6809,3.5691,N,,07/2013,Analyst
29-1124.00,1.A.4.a.2,Far Vision,LV,3.12,8,0.2266,2.6809,3.5691,N,N,07/2013,Analyst
29-1124.00,1.A.4.a.3,Visual Color Discrimination,IM,2.88,8,0.125,2.63,3.12,N,,07/2013,Analyst
29-1124.00,1.A.4.a.3,Visual Color Discrimination,LV,2.75,8,0.1637,2.4292,3.0708,N,N,07/2013,Analyst
29-1124.00,1.A.4.a.4,Night Vision,IM,1.88,8,0.125,1.63,2.12,N,,07/2013,Analyst
29-1124.00,1.A.4.a.4,Night Vision,LV,1.0,8,0.189,0.6296,1.3704,N,N,07/2013,Analyst
29-1124.00,1.A.4.a.5,Peripheral Vision,IM,1.75,8,0.1637,1.4292,2.0708,N,,07/2013,Analyst
29-1124.00,1.A.4.a.5,Peripheral Vision,LV,0.88,8,0.2266,0.4309,1.3191,N,N,07/2013,Analyst
29-1124.00,1.A.4.a.6,Depth Perception,IM,2.75,8,0.1637,2.4292,3.0708,N,,07/2013,Analyst
29-1124.00,1.A.4.a.6,Depth Perception,LV,2.25,8,0.1637,1.9292,2.5708,N,N,07/2013,Analyst
29-1124.00,1.A.4.a.7,Glare Sensitivity,IM,1.75,8,0.1637,1.4292,2.0708,N,,07/2013,Analyst
29-1124.00,1.A.4.a.7,Glare Sensitivity,LV,0.75,8,0.1637,0.4292,1.0708,N,N,07/2013,Analyst
29-1124.00,1.A.4.b.1,Hearing Sensitivity,IM,2.25,8,0.1637,1.9292,2.5708,N,,07/2013,Analyst
29-1124.00,1.A.4.b.1,Hearing Sensitivity,LV,2.12,8,0.125,1.88,2.37,N,N,07/2013,Analyst
29-1124.00,1.A.4.b.2,Auditory Attention,IM,2.25,8,0.1637,1.9292,2.5708,N,,07/2013,Analyst
29-1124.00,1.A.4.b.2,Auditory Attention,LV,2.12,8,0.125,1.88,2.37,N,N,07/2013,Analyst
29-1124.00,1.A.4.b.3,Sound Localization,IM,2.0,8,0.0,2.0,2.0,N,,07/2013,Analyst
29-1124.00,1.A.4.b.3,Sound Localization,LV,1.62,8,0.183,1.2664,1.9836,N,N,07/2013,Analyst
29-1124.00,1.A.4.b.4,Speech Recognition,IM,3.25,8,0.1637,2.9292,3.5708,N,,07/2013,Analyst
29-1124.00,1.A.4.b.4,Speech Recognition,LV,3.5,8,0.189,3.1296,3.8704,N,N,07/2013,Analyst
29-1124.00,1.A.4.b.5,Speech Clarity,IM,3.38,8,0.183,3.0164,3.7336,N,,07/2013,Analyst
29-1124.00,1.A.4.b.5,Speech Clarity,LV,3.5,8,0.189,3.1296,3.8704,N,N,07/2013,Analyst
29-1125.00,1.A.1.a.1,Oral Comprehension,IM,4.0,8,0.0,4.0,4.0,N,,08/2022,Analyst
29-1125.00,1.A.1.a.1,Oral Comprehension,LV,4.12,8,0.125,3.88,4.37,N,N,08/2022,Analyst
29-1125.00,1.A.1.a.2,Written Comprehension,IM,3.88,8,0.125,3.63,4.12,N,,08/2022,Analyst
29-1125.00,1.A.1.a.2,Written Comprehension,LV,4.0,8,0.0,4.0,4.0,N,N,08/2022,Analyst
29-1125.00,1.A.1.a.3,Oral Expression,IM,4.0,8,0.0,4.0,4.0,N,,08/2022,Analyst
29-1125.00,1.A.1.a.3,Oral Expression,LV,4.0,8,0.0,4.0,4.0,N,N,08/2022,Analyst
29-1125.00,1.A.1.a.4,Written Expression,IM,3.88,8,0.125,3.63,4.12,N,,08/2022,Analyst
29-1125.00,1.A.1.a.4,Written Expression,LV,4.0,8,0.0,4.0,4.0,N,N,08/2022,Analyst
29-1125.00,1.A.1.b.1,Fluency of Ideas,IM,3.12,8,0.125,2.88,3.37,N,,08/2022,Analyst
29-1125.00,1.A.1.b.1,Fluency of Ideas,LV,3.25,8,0.25,2.76,3.74,N,N,08/2022,Analyst
29-1125.00,1.A.1.b.2,Originality,IM,3.25,8,0.1637,2.9292,3.5708,N,,08/2022,Analyst
29-1125.00,1.A.1.b.2,Originality,LV,3.75,8,0.1637,3.4292,4.0708,N,N,08/2022,Analyst
29-1125.00,1.A.1.b.3,Problem Sensitivity,IM,3.88,8,0.125,3.63,4.12,N,,08/2022,Analyst
29-1125.00,1.A.1.b.3,Problem Sensitivity,LV,4.0,8,0.0,4.0,4.0,N,N,08/2022,Analyst
29-1125.00,1.A.1.b.4,Deductive Reasoning,IM,3.88,8,0.125,3.63,4.12,N,,08/2022,Analyst
29-1125.00,1.A.1.b.4,Deductive Reasoning,LV,4.0,8,0.0,4.0,4.0,N,N,08/2022,Analyst
29-1125.00,1.A.1.b.5,Inductive Reasoning,IM,3.75,8,0.1637,3.4292,4.0708,N,,08/2022,Analyst
29-1125.00,1.A.1.b.5,Inductive Reasoning,LV,3.88,8,0.125,3.63,4.12,N,N,08/2022,Analyst
29-1125.00,1.A.1.b.6,Information Ordering,IM,3.62,8,0.183,3.2664,3.9836,N,,08/2022,Analyst
29-1125.00,1.A.1.b.6,Information Ordering,LV,3.62,8,0.183,3.2664,3.9836,N,N,08/2022,Analyst
29-1125.00,1.A.1.b.7,Category Flexibility,IM,3.12,8,0.125,2.88,3.37,N,,08/2022,Analyst
29-1125.00,1.A.1.b.7,Category Flexibility,LV,3.0,8,0.0,3.0,3.0,N,N,08/2022,Analyst
29-1125.00,1.A.1.c.1,Mathematical Reasoning,IM,2.0,8,0.0,2.0,2.0,N,,08/2022,Analyst
29-1125.00,1.A.1.c.1,Mathematical Reasoning,LV,2.0,8,0.0,2.0,2.0,N,N,08/2022,Analyst
29-1125.00,1.A.1.c.2,Number Facility,IM,2.0,8,0.0,2.0,2.0,N,,08/2022,Analyst
29-1125.00,1.A.1.c.2,Number Facility,LV,2.0,8,0.0,2.0,2.0,N,N,08/2022,Analyst
29-1125.00,1.A.1.d.1,Memorization,IM,2.12,8,0.125,1.88,2.37,N,,08/2022,Analyst
29-1125.00,1.A.1.d.1,Memorization,LV,2.25,8,0.1637,1.9292,2.5708,N,N,08/2022,Analyst
29-1125.00,1.A.1.e.1,Speed of Closure,IM,2.0,8,0.0,2.0,2.0,N,,08/2022,Analyst
29-1125.00,1.A.1.e.1,Speed of Closure,LV,2.12,8,0.125,1.88,2.37,N,N,08/2022,Analyst
29-1125.00,1.A.1.e.2,Flexibility of Closure,IM,3.0,8,0.0,3.0,3.0,N,,08/2022,Analyst
29-1125.00,1.A.1.e.2,Flexibility of Closure,LV,2.88,8,0.125,2.63,3.12,N,N,08/2022,Analyst
29-1125.00,1.A.1.e.3,Perceptual Speed,IM,2.75,8,0.1637,2.4292,3.0708,N,,08/2022,Analyst
29-1125.00,1.A.1.e.3,Perceptual Speed,LV,3.0,8,0.0,3.0,3.0,N,N,08/2022,Analyst
29-1125.00,1.A.1.f.1,Spatial Orientation,IM,1.88,8,0.125,1.63,2.12,N,,08/2022,Analyst
29-1125.00,1.A.1.f.1,Spatial Orientation,LV,1.25,8,0.25,0.76,1.74,N,N,08/2022,Analyst
29-1125.00,1.A.1.f.2,Visualization,IM,2.5,8,0.189,2.1296,2.8704,N,,08/2022,Analyst
29-1125.00,1.A.1.f.2,Visualization,LV,2.75,8,0.1637,2.4292,3.0708,N,N,08/2022,Analyst
29-1125.00,1.A.1.g.1,Selective Attention,IM,3.0,8,0.0,3.0,3.0,N,,08/2022,Analyst
29-1125.00,1.A.1.g.1,Selective Attention,LV,3.0,8,0.0,3.0,3.0,N,N,08/2022,Analyst
29-1125.00,1.A.1.g.2,Time Sharing,IM,3.0,8,0.0,3.0,3.0,N,,08/2022,Analyst
29-1125.00,1.A.1.g.2,Time Sharing,LV,3.0,8,0.0,3.0,3.0,N,N,08/2022,Analyst
29-1125.00,1.A.2.a.1,Arm-Hand Steadiness,IM,2.75,8,0.1637,2.4292,3.0708,N,,08/2022,Analyst
29-1125.00,1.A.2.a.1,Arm-Hand Steadiness,LV,3.0,8,0.0,3.0,3.0,N,N,08/2022,Analyst
29-1125.00,1.A.2.a.2,Manual Dexterity,IM,2.38,8,0.183,2.0164,2.7336,N,,08/2022,Analyst
29-1125.00,1.A.2.a.2,Manual Dexterity,LV,2.12,8,0.125,1.88,2.37,N,N,08/2022,Analyst
29-1125.00,1.A.2.a.3,Finger Dexterity,IM,2.62,8,0.183,2.2664,2.9836,N,,08/2022,Analyst
29-1125.00,1.A.2.a.3,Finger Dexterity,LV,2.5,8,0.189,2.1296,2.8704,N,N,08/2022,Analyst
29-1125.00,1.A.2.b.1,Control Precision,IM,2.0,8,0.2673,1.4762,2.5238,N,,08/2022,Analyst
29-1125.00,1.A.2.b.1,Control Precision,LV,1.62,8,0.375,0.89,2.36,N,N,08/2022,Analyst
29-1125.00,1.A.2.b.2,Multilimb Coordination,IM,2.75,8,0.1637,2.4292,3.0708,N,,08/2022,Analyst
29-1125.00,1.A.2.b.2,Multilimb Coordination,LV,2.75,8,0.1637,2.4292,3.0708,N,N,08/2022,Analyst
29-1125.00,1.A.2.b.3,Response Orientation,IM,2.0,8,0.189,1.6296,2.3704,N,,08/2022,Analyst
29-1125.00,1.A.2.b.3,Response Orientation,LV,1.88,8,0.295,1.2967,2.4533,N,N,08/2022,Analyst
29-1125.00,1.A.2.b.4,Rate Control,IM,1.62,8,0.183,1.2664,1.9836,N,,08/2022,Analyst
29-1125.00,1.A.2.b.4,Rate Control,LV,0.62,8,0.183,0.2664,0.9836,N,N,08/2022,Analyst
29-1125.00,1.A.2.c.1,Reaction Time,IM,1.88,8,0.2266,1.4309,2.3191,N,,08/2022,Analyst
29-1125.00,1.A.2.c.1,Reaction Time,LV,1.38,8,0.375,0.64,2.11,N,N,08/2022,Analyst
29-1125.00,1.A.2.c.2,Wrist-Finger Speed,IM,1.62,8,0.183,1.2664,1.9836,N,,08/2022,Analyst
29-1125.00,1.A.2.c.2,Wrist-Finger Speed,LV,0.75,8,0.25,0.26,1.24,N,N,08/2022,Analyst
29-1125.00,1.A.2.c.3,Speed of Limb Movement,IM,2.0,8,0.0,2.0,2.0,N,,08/2022,Analyst
29-1125.00,1.A.2.c.3,Speed of Limb Movement,LV,1.38,8,0.183,1.0164,1.7336,N,N,08/2022,Analyst
29-1125.00,1.A.3.a.1,Static Strength,IM,2.5,8,0.189,2.1296,2.8704,N,,08/2022,Analyst
29-1125.00,1.A.3.a.1,Static Strength,LV,2.62,8,0.2631,2.1094,3.1406,N,N,08/2022,Analyst
29-1125.00,1.A.3.a.2,Explosive Strength,IM,2.0,8,0.189,1.6296,2.3704,N,,08/2022,Analyst
29-1125.00,1.A.3.a.2,Explosive Strength,LV,1.88,8,0.295,1.2967,2.4533,N,N,08/2022,Analyst
29-1125.00,1.A.3.a.3,Dynamic Strength,IM,2.0,8,0.189,1.6296,2.3704,N,,08/2022,Analyst
29-1125.00,1.A.3.a.3,Dynamic Strength,LV,2.0,8,0.378,1.2592,2.7408,N,N,08/2022,Analyst
29-1125.00,1.A.3.a.4,Trunk Strength,IM,2.75,8,0.25,2.26,3.24,N,,08/2022,Analyst
29-1125.00,1.A.3.a.4,Trunk Strength,LV,2.88,8,0.2266,2.4309,3.3191,N,N,08/2022,Analyst
29-1125.00,1.A.3.b.1,Stamina,IM,2.5,8,0.2673,1.9762,3.0238,N,,08/2022,Analyst
29-1125.00,1.A.3.b.1,Stamina,LV,2.38,8,0.183,2.0164,2.7336,N,N,08/2022,Analyst
29-1125.00,1.A.3.c.1,Extent Flexibility,IM,2.12,8,0.125,1.88,2.37,N,,08/2022,Analyst
29-1125.00,1.A.3.c.1,Extent Flexibility,LV,2.38,8,0.2631,1.8594,2.8906,N,N,08/2022,Analyst
29-1125.00,1.A.3.c.2,Dynamic Flexibility,IM,1.38,8,0.183,1.0164,1.7336,N,,08/2022,Analyst
29-1125.00,1.A.3.c.2,Dynamic Flexibility,LV,0.5,8,0.2673,0.0,1.0238,N,N,08/2022,Analyst
29-1125.00,1.A.3.c.3,Gross Body Coordination,IM,2.75,8,0.1637,2.4292,3.0708,N,,08/2022,Analyst
29-1125.00,1.A.3.c.3,Gross Body Coordination,LV,2.5,8,0.189,2.1296,2.8704,N,N,08/2022,Analyst
29-1125.00,1.A.3.c.4,Gross Body Equilibrium,IM,1.88,8,0.125,1.63,2.12,N,,08/2022,Analyst
29-1125.00,1.A.3.c.4,Gross Body Equilibrium,LV,1.62,8,0.2631,1.1094,2.1406,N,N,08/2022,Analyst
29-1125.00,1.A.4.a.1,Near Vision,IM,3.12,8,0.125,2.88,3.37,N,,08/2022,Analyst
29-1125.00,1.A.4.a.1,Near Vision,LV,3.38,8,0.183,3.0164,3.7336,N,N,08/2022,Analyst
29-1125.00,1.A.4.a.2,Far Vision,IM,3.0,8,0.0,3.0,3.0,N,,08/2022,Analyst
29-1125.00,1.A.4.a.2,Far Vision,LV,3.0,8,0.0,3.0,3.0,N,N,08/2022,Analyst
29-1125.00,1.A.4.a.3,Visual Color Discrimination,IM,1.88,8,0.2266,1.4309,2.3191,N,,08/2022,Analyst
29-1125.00,1.A.4.a.3,Visual Color Discrimination,LV,1.5,8,0.3273,0.8584,2.1416,N,N,08/2022,Analyst
29-1125.00,1.A.4.a.4,Night Vision,IM,1.5,8,0.189,1.1296,1.8704,N,,08/2022,Analyst
29-1125.00,1.A.4.a.4,Night Vision,LV,0.62,8,0.2631,0.1094,1.1406,N,N,08/2022,Analyst
29-1125.00,1.A.4.a.5,Peripheral Vision,IM,1.88,8,0.125,1.63,2.12,N,,08/2022,Analyst
29-1125.00,1.A.4.a.5,Peripheral Vision,LV,1.0,8,0.189,0.6296,1.3704,N,N,08/2022,Analyst
29-1125.00,1.A.4.a.6,Depth Perception,IM,2.0,8,0.0,2.0,2.0,N,,08/2022,Analyst
29-1125.00,1.A.4.a.6,Depth Perception,LV,2.0,8,0.0,2.0,2.0,N,N,08/2022,Analyst
29-1125.00,1.A.4.a.7,Glare Sensitivity,IM,1.5,8,0.189,1.1296,1.8704,N,,08/2022,Analyst
29-1125.00,1.A.4.a.7,Glare Sensitivity,LV,0.75,8,0.3134,0.1358,1.3642,N,N,08/2022,Analyst
29-1125.00,1.A.4.b.1,Hearing Sensitivity,IM,1.88,8,0.125,1.63,2.12,N,,08/2022,Analyst
29-1125.00,1.A.4.b.1,Hearing Sensitivity,LV,1.75,8,0.25,1.26,2.24,N,N,08/2022,Analyst
29-1125.00,1.A.4.b.2,Auditory Attention,IM,2.25,8,0.1637,1.9292,2.5708,N,,08/2022,Analyst
29-1125.00,1.A.4.b.2,Auditory Attention,LV,2.0,8,0.0,2.0,2.0,N,N,08/2022,Analyst
29-1125.00,1.A.4.b.3,Sound Localization,IM,1.5,8,0.189,1.1296,1.8704,N,,08/2022,Analyst
29-1125.00,1.A.4.b.3,Sound Localization,LV,0.5,8,0.189,0.1296,0.8704,N,N,08/2022,Analyst
29-1125.00,1.A.4.b.4,Speech Recognition,IM,3.75,8,0.1637,3.4292,4.0708,N,,08/2022,Analyst
29-1125.00,1.A.4.b.4,Speech Recognition,LV,3.5,8,0.189,3.1296,3.8704,N,N,08/2022,Analyst
29-1125.00,1.A.4.b.5,Speech Clarity,IM,4.0,8,0.0,4.0,4.0,N,,08/2022,Analyst
29-1125.00,1.A.4.b.5,Speech Clarity,LV,3.5,8,0.189,3.1296,3.8704,N,N,08/2022,Analyst
29-1126.00,1.A.1.a.1,Oral Comprehension,IM,3.88,8,0.125,3.63,4.12,N,,07/2013,Analyst
29-1126.00,1.A.1.a.1,Oral Comprehension,LV,4.0,8,0.0,4.0,4.0,N,N,07/2013,Analyst
29-1126.00,1.A.1.a.2,Written Comprehension,IM,3.75,8,0.1637,3.4292,4.0708,N,,07/2013,Analyst
29-1126.00,1.A.1.a.2,Written Comprehension,LV,3.75,8,0.1637,3.4292,4.0708,N,N,07/2013,Analyst
29-1126.00,1.A.1.a.3,Oral Expression,IM,4.0,8,0.0,4.0,4.0,N,,07/2013,Analyst
29-1126.00,1.A.1.a.3,Oral Expression,LV,4.0,8,0.0,4.0,4.0,N,N,07/2013,Analyst
29-1126.00,1.A.1.a.4,Written Expression,IM,3.5,8,0.189,3.1296,3.8704,N,,07/2013,Analyst
29-1126.00,1.A.1.a.4,Written Expression,LV,3.62,8,0.183,3.2664,3.9836,N,N,07/2013,Analyst
29-1126.00,1.A.1.b.1,Fluency of Ideas,IM,2.88,8,0.125,2.63,3.12,N,,07/2013,Analyst
29-1126.00,1.A.1.b.1,Fluency of Ideas,LV,2.75,8,0.1637,2.4292,3.0708,N,N,07/2013,Analyst
29-1126.00,1.A.1.b.2,Originality,IM,2.88,8,0.125,2.63,3.12,N,,07/2013,Analyst
29-1126.00,1.A.1.b.2,Originality,LV,3.0,8,0.0,3.0,3.0,N,N,07/2013,Analyst
29-1126.00,1.A.1.b.3,Problem Sensitivity,IM,4.0,8,0.0,4.0,4.0,N,,07/2013,Analyst
29-1126.00,1.A.1.b.3,Problem Sensitivity,LV,4.0,8,0.0,4.0,4.0,N,N,07/2013,Analyst
29-1126.00,1.A.1.b.4,Deductive Reasoning,IM,3.88,8,0.125,3.63,4.12,N,,07/2013,Analyst
29-1126.00,1.A.1.b.4,Deductive Reasoning,LV,3.75,8,0.1637,3.4292,4.0708,N,N,07/2013,Analyst
29-1126.00,1.A.1.b.5,Inductive Reasoning,IM,4.0,8,0.0,4.0,4.0,N,,07/2013,Analyst
29-1126.00,1.A.1.b.5,Inductive Reasoning,LV,3.88,8,0.125,3.63,4.12,N,N,07/2013,Analyst
29-1126.00,1.A.1.b.6,Information Ordering,IM,3.88,8,0.125,3.63,4.12,N,,07/2013,Analyst
29-1126.00,1.A.1.b.6,Information Ordering,LV,3.75,8,0.1637,3.4292,4.0708,N,N,07/2013,Analyst
29-1126.00,1.A.1.b.7,Category Flexibility,IM,3.0,8,0.189,2.6296,3.3704,N,,07/2013,Analyst
29-1126.00,1.A.1.b.7,Category Flexibility,LV,3.38,8,0.183,3.0164,3.7336,N,N,07/2013,Analyst
29-1126.00,1.A.1.c.1,Mathematical Reasoning,IM,2.88,8,0.125,2.63,3.12,N,,07/2013,Analyst
29-1126.00,1.A.1.c.1,Mathematical Reasoning,LV,2.88,8,0.125,2.63,3.12,N,N,07/2013,Analyst
29-1126.00,1.A.1.c.2,Number Facility,IM,2.88,8,0.125,2.63,3.12,N,,07/2013,Analyst
29-1126.00,1.A.1.c.2,Number Facility,LV,2.88,8,0.125,2.63,3.12,N,N,07/2013,Analyst
29-1126.00,1.A.1.d.1,Memorization,IM,2.62,8,0.183,2.2664,2.9836,N,,07/2013,Analyst
29-1126.00,1.A.1.d.1,Memorization,LV,2.75,8,0.1637,2.4292,3.0708,N,N,07/2013,Analyst
29-1126.00,1.A.1.e.1,Speed of Closure,IM,2.38,8,0.183,2.0164,2.7336,N,,07/2013,Analyst
29-1126.00,1.A.1.e.1,Speed of Closure,LV,2.75,8,0.1637,2.4292,3.0708,N,N,07/2013,Analyst
29-1126.00,1.A.1.e.2,Flexibility of Closure,IM,3.0,8,0.189,2.6296,3.3704,N,,07/2013,Analyst
29-1126.00,1.A.1.e.2,Flexibility of Closure,LV,3.0,8,0.0,3.0,3.0,N,N,07/2013,Analyst
29-1126.00,1.A.1.e.3,Perceptual Speed,IM,3.25,8,0.1637,2.9292,3.5708,N,,07/2013,Analyst
29-1126.00,1.A.1.e.3,Perceptual Speed,LV,3.12,8,0.125,2.88,3.37,N,N,07/2013,Analyst
29-1126.00,1.A.1.f.1,Spatial Orientation,IM,1.5,8,0.189,1.1296,1.8704,N,,07/2013,Analyst
29-1126.00,1.A.1.f.1,Spatial Orientation,LV,0.5,8,0.189,0.1296,0.8704,N,N,07/2013,Analyst
29-1126.00,1.A.1.f.2,Visualization,IM,2.38,8,0.183,2.0164,2.7336,N,,07/2013,Analyst
29-1126.00,1.A.1.f.2,Visualization,LV,2.5,8,0.189,2.1296,2.8704,N,N,07/2013,Analyst
29-1126.00,1.A.1.g.1,Selective Attention,IM,3.12,8,0.125,2.88,3.37,N,,07/2013,Analyst
29-1126.00,1.A.1.g.1,Selective Attention,LV,2.88,8,0.125,2.63,3.12,N,N,07/2013,Analyst
29-1126.00,1.A.1.g.2,Time Sharing,IM,2.88,8,0.125,2.63,3.12,N,,07/2013,Analyst
29-1126.00,1.A.1.g.2,Time Sharing,LV,2.88,8,0.125,2.63,3.12,N,N,07/2013,Analyst
29-1126.00,1.A.2.a.1,Arm-Hand Steadiness,IM,3.0,8,0.0,3.0,3.0,N,,07/2013,Analyst
29-1126.00,1.A.2.a.1,Arm-Hand Steadiness,LV,3.12,8,0.125,2.88,3.37,N,N,07/2013,Analyst
29-1126.00,1.A.2.a.2,Manual Dexterity,IM,3.12,8,0.125,2.88,3.37,N,,07/2013,Analyst
29-1126.00,1.A.2.a.2,Manual Dexterity,LV,2.88,8,0.125,2.63,3.12,N,N,07/2013,Analyst
29-1126.00,1.A.2.a.3,Finger Dexterity,IM,3.12,8,0.125,2.88,3.37,N,,07/2013,Analyst
29-1126.00,1.A.2.a.3,Finger Dexterity,LV,3.12,8,0.125,2.88,3.37,N,N,07/2013,Analyst
29-1126.00,1.A.2.b.1,Control Precision,IM,3.0,8,0.0,3.0,3.0,N,,07/2013,Analyst
29-1126.00,1.A.2.b.1,Control Precision,LV,3.0,8,0.0,3.0,3.0,N,N,07/2013,Analyst
29-1126.00,1.A.2.b.2,Multilimb Coordination,IM,3.0,8,0.0,3.0,3.0,N,,07/2013,Analyst
29-1126.00,1.A.2.b.2,Multilimb Coordination,LV,2.88,8,0.125,2.63,3.12,N,N,07/2013,Analyst
29-1126.00,1.A.2.b.3,Response Orientation,IM,2.12,8,0.125,1.88,2.37,N,,07/2013,Analyst
29-1126.00,1.A.2.b.3,Response Orientation,LV,2.38,8,0.183,2.0164,2.7336,N,N,07/2013,Analyst
29-1126.00,1.A.2.b.4,Rate Control,IM,2.0,8,0.0,2.0,2.0,N,,07/2013,Analyst
29-1126.00,1.A.2.b.4,Rate Control,LV,2.38,8,0.183,2.0164,2.7336,N,N,07/2013,Analyst
29-1126.00,1.A.2.c.1,Reaction Time,IM,2.12,8,0.125,1.88,2.37,N,,07/2013,Analyst
29-1126.00,1.A.2.c.1,Reaction Time,LV,2.25,8,0.1637,1.9292,2.5708,N,N,07/2013,Analyst
29-1126.00,1.A.2.c.2,Wrist-Finger Speed,IM,2.12,8,0.125,1.88,2.37,N,,07/2013,Analyst
29-1126.00,1.A.2.c.2,Wrist-Finger Speed,LV,2.12,8,0.125,1.88,2.37,N,N,07/2013,Analyst
29-1126.00,1.A.2.c.3,Speed of Limb Movement,IM,2.0,8,0.0,2.0,2.0,N,,07/2013,Analyst
29-1126.00,1.A.2.c.3,Speed of Limb Movement,LV,2.0,8,0.0,2.0,2.0,N,N,07/2013,Analyst
29-1126.00,1.A.3.a.1,Static Strength,IM,2.25,8,0.1637,1.9292,2.5708,N,,07/2013,Analyst
29-1126.00,1.A.3.a.1,Static Strength,LV,2.38,8,0.183,2.0164,2.7336,N,N,07/2013,Analyst
29-1126.00,1.A.3.a.2,Explosive Strength,IM,1.0,8,0.0,1.0,1.0,N,,07/2013,Analyst
29-1126.00,1.A.3.a.2,Explosive Strength,LV,0.0,8,0.0,0.0,0.0,N,Y,07/2013,Analyst
29-1126.00,1.A.3.a.3,Dynamic Strength,IM,2.12,8,0.125,1.88,2.37,N,,07/2013,Analyst
29-1126.00,1.A.3.a.3,Dynamic Strength,LV,1.75,8,0.1637,1.4292,2.0708,N,N,07/2013,Analyst
29-1126.00,1.A.3.a.4,Trunk Strength,IM,2.75,8,0.25,2.26,3.24,N,,07/2013,Analyst
29-1126.00,1.A.3.a.4,Trunk Strength,LV,2.12,8,0.125,1.88,2.37,N,N,07/2013,Analyst
29-1126.00,1.A.3.b.1,Stamina,IM,2.38,8,0.2631,1.8594,2.8906,N,,07/2013,Analyst
29-1126.00,1.A.3.b.1,Stamina,LV,2.0,8,0.189,1.6296,2.3704,N,N,07/2013,Analyst
29-1126.00,1.A.3.c.1,Extent Flexibility,IM,2.88,8,0.2266,2.4309,3.3191,N,,07/2013,Analyst
29-1126.00,1.A.3.c.1,Extent Flexibility,LV,2.38,8,0.183,2.0164,2.7336,N,N,07/2013,Analyst
29-1126.00,1.A.3.c.2,Dynamic Flexibility,IM,1.0,8,0.0,1.0,1.0,N,,07/2013,Analyst
29-1126.00,1.A.3.c.2,Dynamic Flexibility,LV,0.0,8,0.0,0.0,0.0,N,Y,07/2013,Analyst
29-1126.00,1.A.3.c.3,Gross Body Coordination,IM,2.12,8,0.125,1.88,2.37,N,,07/2013,Analyst
29-1126.00,1.A.3.c.3,Gross Body Coordination,LV,1.88,8,0.125,1.63,2.12,N,N,07/2013,Analyst
29-1126.00,1.A.3.c.4,Gross Body Equilibrium,IM,2.0,8,0.0,2.0,2.0,N,,07/2013,Analyst
29-1126.00,1.A.3.c.4,Gross Body Equilibrium,LV,1.5,8,0.189,1.1296,1.8704,N,N,07/2013,Analyst
29-1126.00,1.A.4.a.1,Near Vision,IM,3.75,8,0.1637,3.4292,4.0708,N,,07/2013,Analyst
29-1126.00,1.A.4.a.1,Near Vision,LV,3.88,8,0.125,3.63,4.12,N,N,07/2013,Analyst
29-1126.00,1.A.4.a.2,Far Vision,IM,3.0,8,0.0,3.0,3.0,N,,07/2013,Analyst
29-1126.00,1.A.4.a.2,Far Vision,LV,3.0,8,0.0,3.0,3.0,N,N,07/2013,Analyst
29-1126.00,1.A.4.a.3,Visual Color Discrimination,IM,2.88,8,0.125,2.63,3.12,N,,07/2013,Analyst
29-1126.00,1.A.4.a.3,Visual Color Discrimination,LV,2.88,8,0.125,2.63,3.12,N,N,07/2013,Analyst
29-1126.00,1.A.4.a.4,Night Vision,IM,1.62,8,0.2631,1.1094,2.1406,N,,07/2013,Analyst
29-1126.00,1.A.4.a.4,Night Vision,LV,0.62,8,0.2631,0.1094,1.1406,N,N,07/2013,Analyst
29-1126.00,1.A.4.a.5,Peripheral Vision,IM,1.88,8,0.2266,1.4309,2.3191,N,,07/2013,Analyst
29-1126.00,1.A.4.a.5,Peripheral Vision,LV,1.0,8,0.2673,0.4762,1.5238,N,N,07/2013,Analyst
29-1126.00,1.A.4.a.6,Depth Perception,IM,2.62,8,0.183,2.2664,2.9836,N,,07/2013,Analyst
29-1126.00,1.A.4.a.6,Depth Perception,LV,2.12,8,0.125,1.88,2.37,N,N,07/2013,Analyst
29-1126.00,1.A.4.a.7,Glare Sensitivity,IM,1.62,8,0.183,1.2664,1.9836,N,,07/2013,Analyst
29-1126.00,1.A.4.a.7,Glare Sensitivity,LV,0.62,8,0.183,0.2664,0.9836,N,N,07/2013,Analyst
29-1126.00,1.A.4.b.1,Hearing Sensitivity,IM,2.88,8,0.125,2.63,3.12,N,,07/2013,Analyst
29-1126.00,1.A.4.b.1,Hearing Sensitivity,LV,2.75,8,0.1637,2.4292,3.0708,N,N,07/2013,Analyst
29-1126.00,1.A.4.b.2,Auditory Attention,IM,2.75,8,0.1637,2.4292,3.0708,N,,07/2013,Analyst
29-1126.00,1.A.4.b.2,Auditory Attention,LV,2.75,8,0.1637,2.4292,3.0708,N,N,07/2013,Analyst
29-1126.00,1.A.4.b.3,Sound Localization,IM,1.75,8,0.1637,1.4292,2.0708,N,,07/2013,Analyst
29-1126.00,1.A.4.b.3,Sound Localization,LV,0.75,8,0.1637,0.4292,1.0708,N,N,07/2013,Analyst
29-1126.00,1.A.4.b.4,Speech Recognition,IM,3.25,8,0.1637,2.9292,3.5708,N,,07/2013,Analyst
29-1126.00,1.A.4.b.4,Speech Recognition,LV,3.25,8,0.1637,2.9292,3.5708,N,N,07/2013,Analyst
29-1126.00,1.A.4.b.5,Speech Clarity,IM,3.5,8,0.189,3.1296,3.8704,N,,07/2013,Analyst
29-1126.00,1.A.4.b.5,Speech Clarity,LV,3.25,8,0.1637,2.9292,3.5708,N,N,07/2013,Analyst
29-1127.00,1.A.1.a.1,Oral Comprehension,IM,4.5,8,0.189,4.1296,4.8704,N,,08/2022,Analyst
29-1127.00,1.A.1.a.1,Oral Comprehension,LV,4.88,8,0.125,4.63,5.12,N,N,08/2022,Analyst
29-1127.00,1.A.1.a.2,Written Comprehension,IM,4.12,8,0.125,3.88,4.37,N,,08/2022,Analyst
29-1127.00,1.A.1.a.2,Written Comprehension,LV,4.5,8,0.189,4.1296,4.8704,N,N,08/2022,Analyst
29-1127.00,1.A.1.a.3,Oral Expression,IM,4.25,8,0.1637,3.9292,4.5708,N,,08/2022,Analyst
29-1127.00,1.A.1.a.3,Oral Expression,LV,5.0,8,0.189,4.6296,5.3704,N,N,08/2022,Analyst
29-1127.00,1.A.1.a.4,Written Expression,IM,4.25,8,0.1637,3.9292,4.5708,N,,08/2022,Analyst
29-1127.00,1.A.1.a.4,Written Expression,LV,4.75,8,0.1637,4.4292,5.0708,N,N,08/2022,Analyst
29-1127.00,1.A.1.b.1,Fluency of Ideas,IM,3.75,8,0.1637,3.4292,4.0708,N,,08/2022,Analyst
29-1127.00,1.A.1.b.1,Fluency of Ideas,LV,4.12,8,0.125,3.88,4.37,N,N,08/2022,Analyst
29-1127.00,1.A.1.b.2,Originality,IM,3.25,8,0.1637,2.9292,3.5708,N,,08/2022,Analyst
29-1127.00,1.A.1.b.2,Originality,LV,3.88,8,0.125,3.63,4.12,N,N,08/2022,Analyst
29-1127.00,1.A.1.b.3,Problem Sensitivity,IM,4.0,8,0.0,4.0,4.0,N,,08/2022,Analyst
29-1127.00,1.A.1.b.3,Problem Sensitivity,LV,4.25,8,0.1637,3.9292,4.5708,N,N,08/2022,Analyst
29-1127.00,1.A.1.b.4,Deductive Reasoning,IM,4.0,8,0.0,4.0,4.0,N,,08/2022,Analyst
29-1127.00,1.A.1.b.4,Deductive Reasoning,LV,4.12,8,0.125,3.88,4.37,N,N,08/2022,Analyst
29-1127.00,1.A.1.b.5,Inductive Reasoning,IM,4.0,8,0.0,4.0,4.0,N,,08/2022,Analyst
29-1127.00,1.A.1.b.5,Inductive Reasoning,LV,4.38,8,0.2631,3.8594,4.8906,N,N,08/2022,Analyst
29-1127.00,1.A.1.b.6,Information Ordering,IM,3.75,8,0.25,3.26,4.24,N,,08/2022,Analyst
29-1127.00,1.A.1.b.6,Information Ordering,LV,4.12,8,0.125,3.88,4.37,N,N,08/2022,Analyst
29-1127.00,1.A.1.b.7,Category Flexibility,IM,3.75,8,0.1637,3.4292,4.0708,N,,08/2022,Analyst
29-1127.00,1.A.1.b.7,Category Flexibility,LV,4.0,8,0.189,3.6296,4.3704,N,N,08/2022,Analyst
29-1127.00,1.A.1.c.1,Mathematical Reasoning,IM,2.75,8,0.1637,2.4292,3.0708,N,,08/2022,Analyst
29-1127.00,1.A.1.c.1,Mathematical Reasoning,LV,2.88,8,0.125,2.63,3.12,N,N,08/2022,Analyst
29-1127.00,1.A.1.c.2,Number Facility,IM,2.38,8,0.183,2.0164,2.7336,N,,08/2022,Analyst
29-1127.00,1.A.1.c.2,Number Facility,LV,2.5,8,0.2673,1.9762,3.0238,N,N,08/2022,Analyst
29-1127.00,1.A.1.d.1,Memorization,IM,2.75,8,0.1637,2.4292,3.0708,N,,08/2022,Analyst
29-1127.00,1.A.1.d.1,Memorization,LV,2.88,8,0.125,2.63,3.12,N,N,08/2022,Analyst
29-1127.00,1.A.1.e.1,Speed of Closure,IM,3.12,8,0.125,2.88,3.37,N,,08/2022,Analyst
29-1127.00,1.A.1.e.1,Speed of Closure,LV,3.25,8,0.25,2.76,3.74,N,N,08/2022,Analyst
29-1127.00,1.A.1.e.2,Flexibility of Closure,IM,3.25,8,0.1637,2.9292,3.5708,N,,08/2022,Analyst
29-1127.00,1.A.1.e.2,Flexibility of Closure,LV,4.0,8,0.189,3.6296,4.3704,N,N,08/2022,Analyst
29-1127.00,1.A.1.e.3,Perceptual Speed,IM,3.12,8,0.125,2.88,3.37,N,,08/2022,Analyst
29-1127.00,1.A.1.e.3,Perceptual Speed,LV,3.12,8,0.125,2.88,3.37,N,N,08/2022,Analyst
29-1127.00,1.A.1.f.1,Spatial Orientation,IM,1.0,8,0.0,1.0,1.0,N,,08/2022,Analyst
29-1127.00,1.A.1.f.1,Spatial Orientation,LV,0.0,8,0.0,0.0,0.0,N,Y,08/2022,Analyst
29-1127.00,1.A.1.f.2,Visualization,IM,2.5,8,0.189,2.1296,2.8704,N,,08/2022,Analyst
29-1127.00,1.A.1.f.2,Visualization,LV,2.62,8,0.2631,2.1094,3.1406,N,N,08/2022,Analyst
29-1127.00,1.A.1.g.1,Selective Attention,IM,3.0,8,0.0,3.0,3.0,N,,08/2022,Analyst
29-1127.00,1.A.1.g.1,Selective Attention,LV,2.88,8,0.125,2.63,3.12,N,N,08/2022,Analyst
29-1127.00,1.A.1.g.2,Time Sharing,IM,2.88,8,0.125,2.63,3.12,N,,08/2022,Analyst
29-1127.00,1.A.1.g.2,Time Sharing,LV,2.62,8,0.183,2.2664,2.9836,N,N,08/2022,Analyst
29-1127.00,1.A.2.a.1,Arm-Hand Steadiness,IM,2.0,8,0.0,2.0,2.0,N,,08/2022,Analyst
29-1127.00,1.A.2.a.1,Arm-Hand Steadiness,LV,1.38,8,0.183,1.0164,1.7336,N,N,08/2022,Analyst
29-1127.00,1.A.2.a.2,Manual Dexterity,IM,1.62,8,0.183,1.2664,1.9836,N,,08/2022,Analyst
29-1127.00,1.A.2.a.2,Manual Dexterity,LV,0.75,8,0.25,0.26,1.24,N,N,08/2022,Analyst
29-1127.00,1.A.2.a.3,Finger Dexterity,IM,2.12,8,0.125,1.88,2.37,N,,08/2022,Analyst
29-1127.00,1.A.2.a.3,Finger Dexterity,LV,1.88,8,0.125,1.63,2.12,N,N,08/2022,Analyst
29-1127.00,1.A.2.b.1,Control Precision,IM,1.12,8,0.125,1.0,1.37,N,,08/2022,Analyst
29-1127.00,1.A.2.b.1,Control Precision,LV,0.12,8,0.125,0.0,0.37,N,Y,08/2022,Analyst
29-1127.00,1.A.2.b.2,Multilimb Coordination,IM,1.12,8,0.125,1.0,1.37,N,,08/2022,Analyst
29-1127.00,1.A.2.b.2,Multilimb Coordination,LV,0.12,8,0.125,0.0,0.37,N,Y,08/2022,Analyst
29-1127.00,1.A.2.b.3,Response Orientation,IM,1.12,8,0.125,1.0,1.37,N,,08/2022,Analyst
29-1127.00,1.A.2.b.3,Response Orientation,LV,0.12,8,0.125,0.0,0.37,N,Y,08/2022,Analyst
29-1127.00,1.A.2.b.4,Rate Control,IM,1.0,8,0.0,1.0,1.0,N,,08/2022,Analyst
29-1127.00,1.A.2.b.4,Rate Control,LV,0.0,8,0.0,0.0,0.0,N,Y,08/2022,Analyst
29-1127.00,1.A.2.c.1,Reaction Time,IM,1.0,8,0.0,1.0,1.0,N,,08/2022,Analyst
29-1127.00,1.A.2.c.1,Reaction Time,LV,0.0,8,0.0,0.0,0.0,N,Y,08/2022,Analyst
29-1127.00,1.A.2.c.2,Wrist-Finger Speed,IM,1.88,8,0.125,1.63,2.12,N,,08/2022,Analyst
29-1127.00,1.A.2.c.2,Wrist-Finger Speed,LV,1.12,8,0.2266,0.6809,1.5691,N,N,08/2022,Analyst
29-1127.00,1.A.2.c.3,Speed of Limb Movement,IM,1.0,8,0.0,1.0,1.0,N,,08/2022,Analyst
29-1127.00,1.A.2.c.3,Speed of Limb Movement,LV,0.0,8,0.0,0.0,0.0,N,Y,08/2022,Analyst
29-1127.00,1.A.3.a.1,Static Strength,IM,1.25,8,0.1637,1.0,1.5708,N,,08/2022,Analyst
29-1127.00,1.A.3.a.1,Static Strength,LV,0.25,8,0.1637,0.0,0.5708,N,Y,08/2022,Analyst
29-1127.00,1.A.3.a.2,Explosive Strength,IM,1.0,8,0.0,1.0,1.0,N,,08/2022,Analyst
29-1127.00,1.A.3.a.2,Explosive Strength,LV,0.0,8,0.0,0.0,0.0,N,Y,08/2022,Analyst
29-1127.00,1.A.3.a.3,Dynamic Strength,IM,1.0,8,0.0,1.0,1.0,N,,08/2022,Analyst
29-1127.00,1.A.3.a.3,Dynamic Strength,LV,0.0,8,0.0,0.0,0.0,N,Y,08/2022,Analyst
29-1127.00,1.A.3.a.4,Trunk Strength,IM,2.0,8,0.189,1.6296,2.3704,N,,08/2022,Analyst
29-1127.00,1.A.3.a.4,Trunk Strength,LV,1.62,8,0.2631,1.1094,2.1406,N,N,08/2022,Analyst
29-1127.00,1.A.3.b.1,Stamina,IM,1.12,8,0.125,1.0,1.37,N,,08/2022,Analyst
29-1127.00,1.A.3.b.1,Stamina,LV,0.12,8,0.125,0.0,0.37,N,Y,08/2022,Analyst
29-1127.00,1.A.3.c.1,Extent Flexibility,IM,1.38,8,0.183,1.0164,1.7336,N,,08/2022,Analyst
29-1127.00,1.A.3.c.1,Extent Flexibility,LV,0.38,8,0.183,0.0164,0.7336,N,N,08/2022,Analyst
29-1127.00,1.A.3.c.2,Dynamic Flexibility,IM,1.0,8,0.0,1.0,1.0,N,,08/2022,Analyst
29-1127.00,1.A.3.c.2,Dynamic Flexibility,LV,0.0,8,0.0,0.0,0.0,N,Y,08/2022,Analyst
29-1127.00,1.A.3.c.3,Gross Body Coordination,IM,1.0,8,0.0,1.0,1.0,N,,08/2022,Analyst
29-1127.00,1.A.3.c.3,Gross Body Coordination,LV,0.0,8,0.0,0.0,0.0,N,Y,08/2022,Analyst
29-1127.00,1.A.3.c.4,Gross Body Equilibrium,IM,1.0,8,0.0,1.0,1.0,N,,08/2022,Analyst
29-1127.00,1.A.3.c.4,Gross Body Equilibrium,LV,0.0,8,0.0,0.0,0.0,N,Y,08/2022,Analyst
29-1127.00,1.A.4.a.1,Near Vision,IM,3.62,8,0.183,3.2664,3.9836,N,,08/2022,Analyst
29-1127.00,1.A.4.a.1,Near Vision,LV,3.75,8,0.1637,3.4292,4.0708,N,N,08/2022,Analyst
29-1127.00,1.A.4.a.2,Far Vision,IM,2.5,8,0.189,2.1296,2.8704,N,,08/2022,Analyst
29-1127.00,1.A.4.a.2,Far Vision,LV,2.5,8,0.189,2.1296,2.8704,N,N,08/2022,Analyst
29-1127.00,1.A.4.a.3,Visual Color Discrimination,IM,2.0,8,0.2673,1.4762,2.5238,N,,08/2022,Analyst
29-1127.00,1.A.4.a.3,Visual Color Discrimination,LV,1.62,8,0.375,0.89,2.36,N,N,08/2022,Analyst
29-1127.00,1.A.4.a.4,Night Vision,IM,1.0,8,0.0,1.0,1.0,N,,08/2022,Analyst
29-1127.00,1.A.4.a.4,Night Vision,LV,0.0,8,0.0,0.0,0.0,N,Y,08/2022,Analyst
29-1127.00,1.A.4.a.5,Peripheral Vision,IM,1.0,8,0.0,1.0,1.0,N,,08/2022,Analyst
29-1127.00,1.A.4.a.5,Peripheral Vision,LV,0.0,8,0.0,0.0,0.0,N,Y,08/2022,Analyst
29-1127.00,1.A.4.a.6,Depth Perception,IM,1.38,8,0.183,1.0164,1.7336,N,,08/2022,Analyst
29-1127.00,1.A.4.a.6,Depth Perception,LV,0.38,8,0.183,0.0164,0.7336,N,N,08/2022,Analyst
29-1127.00,1.A.4.a.7,Glare Sensitivity,IM,1.0,8,0.0,1.0,1.0,N,,08/2022,Analyst
29-1127.00,1.A.4.a.7,Glare Sensitivity,LV,0.0,8,0.0,0.0,0.0,N,Y,08/2022,Analyst
29-1127.00,1.A.4.b.1,Hearing Sensitivity,IM,3.62,8,0.183,3.2664,3.9836,N,,08/2022,Analyst
29-1127.00,1.A.4.b.1,Hearing Sensitivity,LV,3.88,8,0.125,3.63,4.12,N,N,08/2022,Analyst
29-1127.00,1.A.4.b.2,Auditory Attention,IM,3.12,8,0.125,2.88,3.37,N,,08/2022,Analyst
29-1127.00,1.A.4.b.2,Auditory Attention,LV,3.0,8,0.0,3.0,3.0,N,N,08/2022,Analyst
29-1127.00,1.A.4.b.3,Sound Localization,IM,1.38,8,0.183,1.0164,1.7336,N,,08/2022,Analyst
29-1127.00,1.A.4.b.3,Sound Localization,LV,0.5,8,0.2673,0.0,1.0238,N,N,08/2022,Analyst
29-1127.00,1.A.4.b.4,Speech Recognition,IM,4.25,8,0.1637,3.9292,4.5708,N,,08/2022,Analyst
29-1127.00,1.A.4.b.4,Speech Recognition,LV,5.38,8,0.183,5.0164,5.7336,N,N,08/2022,Analyst
29-1127.00,1.A.4.b.5,Speech Clarity,IM,4.12,8,0.125,3.88,4.37,N,,08/2022,Analyst
29-1127.00,1.A.4.b.5,Speech Clarity,LV,4.62,8,0.183,4.2664,4.9836,N,N,08/2022,Analyst
29-1128.00,1.A.1.a.1,Oral Comprehension,IM,4.0,8,0.0,4.0,4.0,N,,08/2020,Analyst
29-1128.00,1.A.1.a.1,Oral Comprehension,LV,4.62,8,0.183,4.2664,4.9836,N,N,08/2020,Analyst
29-1128.00,1.A.1.a.2,Written Comprehension,IM,4.0,8,0.0,4.0,4.0,N,,08/2020,Analyst
29-1128.00,1.A.1.a.2,Written Comprehension,LV,4.62,8,0.183,4.2664,4.9836,N,N,08/2020,Analyst
29-1128.00,1.A.1.a.3,Oral Expression,IM,4.12,8,0.125,3.88,4.37,N,,08/2020,Analyst
29-1128.00,1.A.1.a.3,Oral Expression,LV,4.75,8,0.1637,4.4292,5.0708,N,N,08/2020,Analyst
29-1128.00,1.A.1.a.4,Written Expression,IM,3.88,8,0.125,3.63,4.12,N,,08/2020,Analyst
29-1128.00,1.A.1.a.4,Written Expression,LV,4.12,8,0.125,3.88,4.37,N,N,08/2020,Analyst
29-1128.00,1.A.1.b.1,Fluency of Ideas,IM,3.12,8,0.125,2.88,3.37,N,,08/2020,Analyst
29-1128.00,1.A.1.b.1,Fluency of Ideas,LV,3.5,8,0.189,3.1296,3.8704,N,N,08/2020,Analyst
29-1128.00,1.A.1.b.2,Originality,IM,3.12,8,0.125,2.88,3.37,N,,08/2020,Analyst
29-1128.00,1.A.1.b.2,Originality,LV,3.75,8,0.1637,3.4292,4.0708,N,N,08/2020,Analyst
29-1128.00,1.A.1.b.3,Problem Sensitivity,IM,4.12,8,0.125,3.88,4.37,N,,08/2020,Analyst
29-1128.00,1.A.1.b.3,Problem Sensitivity,LV,4.12,8,0.125,3.88,4.37,N,N,08/2020,Analyst
29-1128.00,1.A.1.b.4,Deductive Reasoning,IM,4.0,8,0.0,4.0,4.0,N,,08/2020,Analyst
29-1128.00,1.A.1.b.4,Deductive Reasoning,LV,4.0,8,0.0,4.0,4.0,N,N,08/2020,Analyst
29-1128.00,1.A.1.b.5,Inductive Reasoning,IM,4.0,8,0.0,4.0,4.0,N,,08/2020,Analyst
29-1128.00,1.A.1.b.5,Inductive Reasoning,LV,4.5,8,0.189,4.1296,4.8704,N,N,08/2020,Analyst
29-1128.00,1.A.1.b.6,Information Ordering,IM,3.62,8,0.183,3.2664,3.9836,N,,08/2020,Analyst
29-1128.00,1.A.1.b.6,Information Ordering,LV,3.62,8,0.183,3.2664,3.9836,N,N,08/2020,Analyst
29-1128.00,1.A.1.b.7,Category Flexibility,IM,3.5,8,0.189,3.1296,3.8704,N,,08/2020,Analyst
29-1128.00,1.A.1.b.7,Category Flexibility,LV,3.62,8,0.183,3.2664,3.9836,N,N,08/2020,Analyst
29-1128.00,1.A.1.c.1,Mathematical Reasoning,IM,2.88,8,0.125,2.63,3.12,N,,08/2020,Analyst
29-1128.00,1.A.1.c.1,Mathematical Reasoning,LV,2.88,8,0.125,2.63,3.12,N,N,08/2020,Analyst
29-1128.00,1.A.1.c.2,Number Facility,IM,2.62,8,0.183,2.2664,2.9836,N,,08/2020,Analyst
29-1128.00,1.A.1.c.2,Number Facility,LV,2.88,8,0.125,2.63,3.12,N,N,08/2020,Analyst
29-1128.00,1.A.1.d.1,Memorization,IM,2.62,8,0.183,2.2664,2.9836,N,,08/2020,Analyst
29-1128.00,1.A.1.d.1,Memorization,LV,2.38,8,0.183,2.0164,2.7336,N,N,08/2020,Analyst
29-1128.00,1.A.1.e.1,Speed of Closure,IM,2.25,8,0.1637,1.9292,2.5708,N,,08/2020,Analyst
29-1128.00,1.A.1.e.1,Speed of Closure,LV,2.75,8,0.1637,2.4292,3.0708,N,N,08/2020,Analyst
29-1128.00,1.A.1.e.2,Flexibility of Closure,IM,3.0,8,0.0,3.0,3.0,N,,08/2020,Analyst
29-1128.00,1.A.1.e.2,Flexibility of Closure,LV,3.0,8,0.0,3.0,3.0,N,N,08/2020,Analyst
29-1128.00,1.A.1.e.3,Perceptual Speed,IM,2.75,8,0.1637,2.4292,3.0708,N,,08/2020,Analyst
29-1128.00,1.A.1.e.3,Perceptual Speed,LV,2.88,8,0.125,2.63,3.12,N,N,08/2020,Analyst
29-1128.00,1.A.1.f.1,Spatial Orientation,IM,1.0,8,0.0,1.0,1.0,N,,08/2020,Analyst
29-1128.00,1.A.1.f.1,Spatial Orientation,LV,0.0,8,0.0,0.0,0.0,N,Y,08/2020,Analyst
29-1128.00,1.A.1.f.2,Visualization,IM,2.75,8,0.1637,2.4292,3.0708,N,,08/2020,Analyst
29-1128.00,1.A.1.f.2,Visualization,LV,2.75,8,0.1637,2.4292,3.0708,N,N,08/2020,Analyst
29-1128.00,1.A.1.g.1,Selective Attention,IM,3.0,8,0.0,3.0,3.0,N,,08/2020,Analyst
29-1128.00,1.A.1.g.1,Selective Attention,LV,2.88,8,0.125,2.63,3.12,N,N,08/2020,Analyst
29-1128.00,1.A.1.g.2,Time Sharing,IM,2.75,8,0.1637,2.4292,3.0708,N,,08/2020,Analyst
29-1128.00,1.A.1.g.2,Time Sharing,LV,2.62,8,0.183,2.2664,2.9836,N,N,08/2020,Analyst
29-1128.00,1.A.2.a.1,Arm-Hand Steadiness,IM,2.88,8,0.125,2.63,3.12,N,,08/2020,Analyst
29-1128.00,1.A.2.a.1,Arm-Hand Steadiness,LV,2.62,8,0.183,2.2664,2.9836,N,N,08/2020,Analyst
29-1128.00,1.A.2.a.2,Manual Dexterity,IM,2.12,8,0.125,1.88,2.37,N,,08/2020,Analyst
29-1128.00,1.A.2.a.2,Manual Dexterity,LV,2.0,8,0.0,2.0,2.0,N,N,08/2020,Analyst
29-1128.00,1.A.2.a.3,Finger Dexterity,IM,2.38,8,0.183,2.0164,2.7336,N,,08/2020,Analyst
29-1128.00,1.A.2.a.3,Finger Dexterity,LV,2.0,8,0.0,2.0,2.0,N,N,08/2020,Analyst
29-1128.00,1.A.2.b.1,Control Precision,IM,2.12,8,0.125,1.88,2.37,N,,08/2020,Analyst
29-1128.00,1.A.2.b.1,Control Precision,LV,2.0,8,0.0,2.0,2.0,N,N,08/2020,Analyst
29-1128.00,1.A.2.b.2,Multilimb Coordination,IM,2.88,8,0.125,2.63,3.12,N,,08/2020,Analyst
29-1128.00,1.A.2.b.2,Multilimb Coordination,LV,2.62,8,0.183,2.2664,2.9836,N,N,08/2020,Analyst
29-1128.00,1.A.2.b.3,Response Orientation,IM,1.62,8,0.183,1.2664,1.9836,N,,08/2020,Analyst
29-1128.00,1.A.2.b.3,Response Orientation,LV,0.75,8,0.25,0.26,1.24,N,N,08/2020,Analyst
29-1128.00,1.A.2.b.4,Rate Control,IM,2.0,8,0.0,2.0,2.0,N,,08/2020,Analyst
29-1128.00,1.A.2.b.4,Rate Control,LV,1.25,8,0.1637,0.9292,1.5708,N,N,08/2020,Analyst
29-1128.00,1.A.2.c.1,Reaction Time,IM,1.88,8,0.125,1.63,2.12,N,,08/2020,Analyst
29-1128.00,1.A.2.c.1,Reaction Time,LV,1.0,8,0.189,0.6296,1.3704,N,N,08/2020,Analyst
29-1128.00,1.A.2.c.2,Wrist-Finger Speed,IM,1.88,8,0.125,1.63,2.12,N,,08/2020,Analyst
29-1128.00,1.A.2.c.2,Wrist-Finger Speed,LV,1.25,8,0.25,0.76,1.74,N,N,08/2020,Analyst
29-1128.00,1.A.2.c.3,Speed of Limb Movement,IM,1.88,8,0.125,1.63,2.12,N,,08/2020,Analyst
29-1128.00,1.A.2.c.3,Speed of Limb Movement,LV,1.25,8,0.25,0.76,1.74,N,N,08/2020,Analyst
29-1128.00,1.A.3.a.1,Static Strength,IM,2.25,8,0.1637,1.9292,2.5708,N,,08/2020,Analyst
29-1128.00,1.A.3.a.1,Static Strength,LV,2.25,8,0.1637,1.9292,2.5708,N,N,08/2020,Analyst
29-1128.00,1.A.3.a.2,Explosive Strength,IM,1.62,8,0.183,1.2664,1.9836,N,,08/2020,Analyst
29-1128.00,1.A.3.a.2,Explosive Strength,LV,1.0,8,0.378,0.2592,1.7408,N,N,08/2020,Analyst
29-1128.00,1.A.3.a.3,Dynamic Strength,IM,2.12,8,0.125,1.88,2.37,N,,08/2020,Analyst
29-1128.00,1.A.3.a.3,Dynamic Strength,LV,2.12,8,0.125,1.88,2.37,N,N,08/2020,Analyst
29-1128.00,1.A.3.a.4,Trunk Strength,IM,3.0,8,0.0,3.0,3.0,N,,08/2020,Analyst
29-1128.00,1.A.3.a.4,Trunk Strength,LV,3.0,8,0.0,3.0,3.0,N,N,08/2020,Analyst
29-1128.00,1.A.3.b.1,Stamina,IM,2.62,8,0.183,2.2664,2.9836,N,,08/2020,Analyst
29-1128.00,1.A.3.b.1,Stamina,LV,2.62,8,0.183,2.2664,2.9836,N,N,08/2020,Analyst
29-1128.00,1.A.3.c.1,Extent Flexibility,IM,2.12,8,0.125,1.88,2.37,N,,08/2020,Analyst
29-1128.00,1.A.3.c.1,Extent Flexibility,LV,2.75,8,0.1637,2.4292,3.0708,N,N,08/2020,Analyst
29-1128.00,1.A.3.c.2,Dynamic Flexibility,IM,1.62,8,0.183,1.2664,1.9836,N,,08/2020,Analyst
29-1128.00,1.A.3.c.2,Dynamic Flexibility,LV,0.62,8,0.183,0.2664,0.9836,N,N,08/2020,Analyst
29-1128.00,1.A.3.c.3,Gross Body Coordination,IM,2.12,8,0.125,1.88,2.37,N,,08/2020,Analyst
29-1128.00,1.A.3.c.3,Gross Body Coordination,LV,1.88,8,0.125,1.63,2.12,N,N,08/2020,Analyst
29-1128.00,1.A.3.c.4,Gross Body Equilibrium,IM,2.0,8,0.0,2.0,2.0,N,,08/2020,Analyst
29-1128.00,1.A.3.c.4,Gross Body Equilibrium,LV,1.88,8,0.125,1.63,2.12,N,N,08/2020,Analyst
29-1128.00,1.A.4.a.1,Near Vision,IM,3.38,8,0.183,3.0164,3.7336,N,,08/2020,Analyst
29-1128.00,1.A.4.a.1,Near Vision,LV,3.25,8,0.1637,2.9292,3.5708,N,N,08/2020,Analyst
29-1128.00,1.A.4.a.2,Far Vision,IM,3.12,8,0.125,2.88,3.37,N,,08/2020,Analyst
29-1128.00,1.A.4.a.2,Far Vision,LV,2.88,8,0.125,2.63,3.12,N,N,08/2020,Analyst
29-1128.00,1.A.4.a.3,Visual Color Discrimination,IM,2.12,8,0.125,1.88,2.37,N,,08/2020,Analyst
29-1128.00,1.A.4.a.3,Visual Color Discrimination,LV,2.0,8,0.189,1.6296,2.3704,N,N,08/2020,Analyst
29-1128.00,1.A.4.a.4,Night Vision,IM,1.0,8,0.0,1.0,1.0,N,,08/2020,Analyst
29-1128.00,1.A.4.a.4,Night Vision,LV,0.0,8,0.0,0.0,0.0,N,Y,08/2020,Analyst
29-1128.00,1.A.4.a.5,Peripheral Vision,IM,1.0,8,0.0,1.0,1.0,N,,08/2020,Analyst
29-1128.00,1.A.4.a.5,Peripheral Vision,LV,0.0,8,0.0,0.0,0.0,N,Y,08/2020,Analyst
29-1128.00,1.A.4.a.6,Depth Perception,IM,1.88,8,0.125,1.63,2.12,N,,08/2020,Analyst
29-1128.00,1.A.4.a.6,Depth Perception,LV,1.38,8,0.2631,0.8594,1.8906,N,N,08/2020,Analyst
29-1128.00,1.A.4.a.7,Glare Sensitivity,IM,1.0,8,0.0,1.0,1.0,N,,08/2020,Analyst
29-1128.00,1.A.4.a.7,Glare Sensitivity,LV,0.0,8,0.0,0.0,0.0,N,Y,08/2020,Analyst
29-1128.00,1.A.4.b.1,Hearing Sensitivity,IM,2.12,8,0.125,1.88,2.37,N,,08/2020,Analyst
29-1128.00,1.A.4.b.1,Hearing Sensitivity,LV,2.12,8,0.125,1.88,2.37,N,N,08/2020,Analyst
29-1128.00,1.A.4.b.2,Auditory Attention,IM,2.25,8,0.1637,1.9292,2.5708,N,,08/2020,Analyst
29-1128.00,1.A.4.b.2,Auditory Attention,LV,2.12,8,0.125,1.88,2.37,N,N,08/2020,Analyst
29-1128.00,1.A.4.b.3,Sound Localization,IM,1.0,8,0.0,1.0,1.0,N,,08/2020,Analyst
29-1128.00,1.A.4.b.3,Sound Localization,LV,0.0,8,0.0,0.0,0.0,N,Y,08/2020,Analyst
29-1128.00,1.A.4.b.4,Speech Recognition,IM,4.0,8,0.0,4.0,4.0,N,,08/2020,Analyst
29-1128.00,1.A.4.b.4,Speech Recognition,LV,3.88,8,0.125,3.63,4.12,N,N,08/2020,Analyst
29-1128.00,1.A.4.b.5,Speech Clarity,IM,4.0,8,0.0,4.0,4.0,N,,08/2020,Analyst
29-1128.00,1.A.4.b.5,Speech Clarity,LV,4.0,8,0.0,4.0,4.0,N,N,08/2020,Analyst
29-1129.01,1.A.1.a.1,Oral Comprehension,IM,4.0,8,0.0,4.0,4.0,N,,08/2021,Analyst
29-1129.01,1.A.1.a.1,Oral Comprehension,LV,4.38,8,0.183,4.0164,4.7336,N,N,08/2021,Analyst
29-1129.01,1.A.1.a.2,Written Comprehension,IM,4.0,8,0.0,4.0,4.0,N,,08/2021,Analyst
29-1129.01,1.A.1.a.2,Written Comprehension,LV,4.12,8,0.125,3.88,4.37,N,N,08/2021,Analyst
29-1129.01,1.A.1.a.3,Oral Expression,IM,4.0,8,0.0,4.0,4.0,N,,08/2021,Analyst
29-1129.01,1.A.1.a.3,Oral Expression,LV,4.25,8,0.1637,3.9292,4.5708,N,N,08/2021,Analyst
29-1129.01,1.A.1.a.4,Written Expression,IM,3.88,8,0.125,3.63,4.12,N,,08/2021,Analyst
29-1129.01,1.A.1.a.4,Written Expression,LV,4.12,8,0.125,3.88,4.37,N,N,08/2021,Analyst
29-1129.01,1.A.1.b.1,Fluency of Ideas,IM,3.75,8,0.1637,3.4292,4.0708,N,,08/2021,Analyst
29-1129.01,1.A.1.b.1,Fluency of Ideas,LV,4.0,8,0.0,4.0,4.0,N,N,08/2021,Analyst
29-1129.01,1.A.1.b.2,Originality,IM,3.25,8,0.1637,2.9292,3.5708,N,,08/2021,Analyst
29-1129.01,1.A.1.b.2,Originality,LV,3.88,8,0.125,3.63,4.12,N,N,08/2021,Analyst
29-1129.01,1.A.1.b.3,Problem Sensitivity,IM,4.0,8,0.0,4.0,4.0,N,,08/2021,Analyst
29-1129.01,1.A.1.b.3,Problem Sensitivity,LV,4.0,8,0.0,4.0,4.0,N,N,08/2021,Analyst
29-1129.01,1.A.1.b.4,Deductive Reasoning,IM,3.88,8,0.125,3.63,4.12,N,,08/2021,Analyst
29-1129.01,1.A.1.b.4,Deductive Reasoning,LV,4.0,8,0.0,4.0,4.0,N,N,08/2021,Analyst
29-1129.01,1.A.1.b.5,Inductive Reasoning,IM,3.88,8,0.125,3.63,4.12,N,,08/2021,Analyst
29-1129.01,1.A.1.b.5,Inductive Reasoning,LV,4.0,8,0.0,4.0,4.0,N,N,08/2021,Analyst
29-1129.01,1.A.1.b.6,Information Ordering,IM,3.0,8,0.0,3.0,3.0,N,,08/2021,Analyst
29-1129.01,1.A.1.b.6,Information Ordering,LV,3.5,8,0.189,3.1296,3.8704,N,N,08/2021,Analyst
29-1129.01,1.A.1.b.7,Category Flexibility,IM,3.12,8,0.125,2.88,3.37,N,,08/2021,Analyst
29-1129.01,1.A.1.b.7,Category Flexibility,LV,3.25,8,0.1637,2.9292,3.5708,N,N,08/2021,Analyst
29-1129.01,1.A.1.c.1,Mathematical Reasoning,IM,2.12,8,0.125,1.88,2.37,N,,08/2021,Analyst
29-1129.01,1.A.1.c.1,Mathematical Reasoning,LV,2.12,8,0.125,1.88,2.37,N,N,08/2021,Analyst
29-1129.01,1.A.1.c.2,Number Facility,IM,2.12,8,0.125,1.88,2.37,N,,08/2021,Analyst
29-1129.01,1.A.1.c.2,Number Facility,LV,2.12,8,0.125,1.88,2.37,N,N,08/2021,Analyst
29-1129.01,1.A.1.d.1,Memorization,IM,2.12,8,0.125,1.88,2.37,N,,08/2021,Analyst
29-1129.01,1.A.1.d.1,Memorization,LV,2.12,8,0.125,1.88,2.37,N,N,08/2021,Analyst
29-1129.01,1.A.1.e.1,Speed of Closure,IM,2.5,8,0.189,2.1296,2.8704,N,,08/2021,Analyst
29-1129.01,1.A.1.e.1,Speed of Closure,LV,2.5,8,0.189,2.1296,2.8704,N,N,08/2021,Analyst
29-1129.01,1.A.1.e.2,Flexibility of Closure,IM,2.88,8,0.125,2.63,3.12,N,,08/2021,Analyst
29-1129.01,1.A.1.e.2,Flexibility of Closure,LV,3.0,8,0.0,3.0,3.0,N,N,08/2021,Analyst
29-1129.01,1.A.1.e.3,Perceptual Speed,IM,2.12,8,0.125,1.88,2.37,N,,08/2021,Analyst
29-1129.01,1.A.1.e.3,Perceptual Speed,LV,2.25,8,0.1637,1.9292,2.5708,N,N,08/2021,Analyst
29-1129.01,1.A.1.f.1,Spatial Orientation,IM,1.0,8,0.0,1.0,1.0,N,,08/2021,Analyst
29-1129.01,1.A.1.f.1,Spatial Orientation,LV,0.0,8,0.0,0.0,0.0,N,Y,08/2021,Analyst
29-1129.01,1.A.1.f.2,Visualization,IM,3.0,8,0.0,3.0,3.0,N,,08/2021,Analyst
29-1129.01,1.A.1.f.2,Visualization,LV,3.0,8,0.0,3.0,3.0,N,N,08/2021,Analyst
29-1129.01,1.A.1.g.1,Selective Attention,IM,3.12,8,0.125,2.88,3.37,N,,08/2021,Analyst
29-1129.01,1.A.1.g.1,Selective Attention,LV,3.0,8,0.189,2.6296,3.3704,N,N,08/2021,Analyst
29-1129.01,1.A.1.g.2,Time Sharing,IM,2.38,8,0.183,2.0164,2.7336,N,,08/2021,Analyst
29-1129.01,1.A.1.g.2,Time Sharing,LV,2.12,8,0.125,1.88,2.37,N,N,08/2021,Analyst
29-1129.01,1.A.2.a.1,Arm-Hand Steadiness,IM,2.75,8,0.1637,2.4292,3.0708,N,,08/2021,Analyst
29-1129.01,1.A.2.a.1,Arm-Hand Steadiness,LV,2.88,8,0.125,2.63,3.12,N,N,08/2021,Analyst
29-1129.01,1.A.2.a.2,Manual Dexterity,IM,2.75,8,0.1637,2.4292,3.0708,N,,08/2021,Analyst
29-1129.01,1.A.2.a.2,Manual Dexterity,LV,2.12,8,0.125,1.88,2.37,N,N,08/2021,Analyst
29-1129.01,1.A.2.a.3,Finger Dexterity,IM,2.88,8,0.125,2.63,3.12,N,,08/2021,Analyst
29-1129.01,1.A.2.a.3,Finger Dexterity,LV,3.0,8,0.0,3.0,3.0,N,N,08/2021,Analyst
29-1129.01,1.A.2.b.1,Control Precision,IM,2.0,8,0.0,2.0,2.0,N,,08/2021,Analyst
29-1129.01,1.A.2.b.1,Control Precision,LV,1.88,8,0.125,1.63,2.12,N,N,08/2021,Analyst
29-1129.01,1.A.2.b.2,Multilimb Coordination,IM,2.0,8,0.0,2.0,2.0,N,,08/2021,Analyst
29-1129.01,1.A.2.b.2,Multilimb Coordination,LV,1.25,8,0.1637,0.9292,1.5708,N,N,08/2021,Analyst
29-1129.01,1.A.2.b.3,Response Orientation,IM,2.0,8,0.0,2.0,2.0,N,,08/2021,Analyst
29-1129.01,1.A.2.b.3,Response Orientation,LV,1.12,8,0.125,0.88,1.37,N,N,08/2021,Analyst
29-1129.01,1.A.2.b.4,Rate Control,IM,1.0,8,0.0,1.0,1.0,N,,08/2021,Analyst
29-1129.01,1.A.2.b.4,Rate Control,LV,0.0,8,0.0,0.0,0.0,N,Y,08/2021,Analyst
29-1129.01,1.A.2.c.1,Reaction Time,IM,1.88,8,0.125,1.63,2.12,N,,08/2021,Analyst
29-1129.01,1.A.2.c.1,Reaction Time,LV,1.0,8,0.189,0.6296,1.3704,N,N,08/2021,Analyst
29-1129.01,1.A.2.c.2,Wrist-Finger Speed,IM,1.62,8,0.183,1.2664,1.9836,N,,08/2021,Analyst
29-1129.01,1.A.2.c.2,Wrist-Finger Speed,LV,0.75,8,0.25,0.26,1.24,N,N,08/2021,Analyst
29-1129.01,1.A.2.c.3,Speed of Limb Movement,IM,1.12,8,0.125,1.0,1.37,N,,08/2021,Analyst
29-1129.01,1.A.2.c.3,Speed of Limb Movement,LV,0.12,8,0.125,0.0,0.37,N,Y,08/2021,Analyst
29-1129.01,1.A.3.a.1,Static Strength,IM,2.0,8,0.0,2.0,2.0,N,,08/2021,Analyst
29-1129.01,1.A.3.a.1,Static Strength,LV,1.75,8,0.1637,1.4292,2.0708,N,N,08/2021,Analyst
29-1129.01,1.A.3.a.2,Explosive Strength,IM,2.0,8,0.0,2.0,2.0,N,,08/2021,Analyst
29-1129.01,1.A.3.a.2,Explosive Strength,LV,1.12,8,0.125,0.88,1.37,N,N,08/2021,Analyst
29-1129.01,1.A.3.a.3,Dynamic Strength,IM,1.25,8,0.1637,1.0,1.5708,N,,08/2021,Analyst
29-1129.01,1.A.3.a.3,Dynamic Strength,LV,0.25,8,0.1637,0.0,0.5708,N,Y,08/2021,Analyst
29-1129.01,1.A.3.a.4,Trunk Strength,IM,1.62,8,0.183,1.2664,1.9836,N,,08/2021,Analyst
29-1129.01,1.A.3.a.4,Trunk Strength,LV,0.88,8,0.295,0.2967,1.4533,N,N,08/2021,Analyst
29-1129.01,1.A.3.b.1,Stamina,IM,2.0,8,0.0,2.0,2.0,N,,08/2021,Analyst
29-1129.01,1.A.3.b.1,Stamina,LV,1.25,8,0.1637,0.9292,1.5708,N,N,08/2021,Analyst
29-1129.01,1.A.3.c.1,Extent Flexibility,IM,1.38,8,0.183,1.0164,1.7336,N,,08/2021,Analyst
29-1129.01,1.A.3.c.1,Extent Flexibility,LV,0.62,8,0.3239,0.0,1.2598,N,N,08/2021,Analyst
29-1129.01,1.A.3.c.2,Dynamic Flexibility,IM,1.0,8,0.0,1.0,1.0,N,,08/2021,Analyst
29-1129.01,1.A.3.c.2,Dynamic Flexibility,LV,0.0,8,0.0,0.0,0.0,N,Y,08/2021,Analyst
29-1129.01,1.A.3.c.3,Gross Body Coordination,IM,1.75,8,0.1637,1.4292,2.0708,N,,08/2021,Analyst
29-1129.01,1.A.3.c.3,Gross Body Coordination,LV,0.75,8,0.1637,0.4292,1.0708,N,N,08/2021,Analyst
29-1129.01,1.A.3.c.4,Gross Body Equilibrium,IM,1.75,8,0.1637,1.4292,2.0708,N,,08/2021,Analyst
29-1129.01,1.A.3.c.4,Gross Body Equilibrium,LV,0.75,8,0.1637,0.4292,1.0708,N,N,08/2021,Analyst
29-1129.01,1.A.4.a.1,Near Vision,IM,4.0,8,0.0,4.0,4.0,N,,08/2021,Analyst
29-1129.01,1.A.4.a.1,Near Vision,LV,4.0,8,0.0,4.0,4.0,N,N,08/2021,Analyst
29-1129.01,1.A.4.a.2,Far Vision,IM,3.0,8,0.0,3.0,3.0,N,,08/2021,Analyst
29-1129.01,1.A.4.a.2,Far Vision,LV,3.0,8,0.0,3.0,3.0,N,N,08/2021,Analyst
29-1129.01,1.A.4.a.3,Visual Color Discrimination,IM,3.0,8,0.0,3.0,3.0,N,,08/2021,Analyst
29-1129.01,1.A.4.a.3,Visual Color Discrimination,LV,3.12,8,0.125,2.88,3.37,N,N,08/2021,Analyst
29-1129.01,1.A.4.a.4,Night Vision,IM,1.0,8,0.0,1.0,1.0,N,,08/2021,Analyst
29-1129.01,1.A.4.a.4,Night Vision,LV,0.0,8,0.0,0.0,0.0,N,Y,08/2021,Analyst
29-1129.01,1.A.4.a.5,Peripheral Vision,IM,1.0,8,0.0,1.0,1.0,N,,08/2021,Analyst
29-1129.01,1.A.4.a.5,Peripheral Vision,LV,0.0,8,0.0,0.0,0.0,N,Y,08/2021,Analyst
29-1129.01,1.A.4.a.6,Depth Perception,IM,1.25,8,0.1637,1.0,1.5708,N,,08/2021,Analyst
29-1129.01,1.A.4.a.6,Depth Perception,LV,0.38,8,0.2631,0.0,0.8906,N,Y,08/2021,Analyst
29-1129.01,1.A.4.a.7,Glare Sensitivity,IM,1.0,8,0.0,1.0,1.0,N,,08/2021,Analyst
29-1129.01,1.A.4.a.7,Glare Sensitivity,LV,0.0,8,0.0,0.0,0.0,N,Y,08/2021,Analyst
29-1129.01,1.A.4.b.1,Hearing Sensitivity,IM,2.0,8,0.0,2.0,2.0,N,,08/2021,Analyst
29-1129.01,1.A.4.b.1,Hearing Sensitivity,LV,1.88,8,0.125,1.63,2.12,N,N,08/2021,Analyst
29-1129.01,1.A.4.b.2,Auditory Attention,IM,2.25,8,0.1637,1.9292,2.5708,N,,08/2021,Analyst
29-1129.01,1.A.4.b.2,Auditory Attention,LV,1.62,8,0.2631,1.1094,2.1406,N,N,08/2021,Analyst
29-1129.01,1.A.4.b.3,Sound Localization,IM,1.0,8,0.0,1.0,1.0,N,,08/2021,Analyst
29-1129.01,1.A.4.b.3,Sound Localization,LV,0.0,8,0.0,0.0,0.0,N,Y,08/2021,Analyst
29-1129.01,1.A.4.b.4,Speech Recognition,IM,3.88,8,0.125,3.63,4.12,N,,08/2021,Analyst
29-1129.01,1.A.4.b.4,Speech Recognition,LV,3.88,8,0.125,3.63,4.12,N,N,08/2021,Analyst
29-1129.01,1.A.4.b.5,Speech Clarity,IM,4.0,8,0.0,4.0,4.0,N,,08/2021,Analyst
29-1129.01,1.A.4.b.5,Speech Clarity,LV,3.88,8,0.125,3.63,4.12,N,N,08/2021,Analyst
29-1129.02,1.A.1.a.1,Oral Comprehension,IM,4.0,8,0.0,4.0,4.0,N,,08/2021,Analyst
29-1129.02,1.A.1.a.1,Oral Comprehension,LV,4.0,8,0.0,4.0,4.0,N,N,08/2021,Analyst
29-1129.02,1.A.1.a.2,Written Comprehension,IM,3.88,8,0.125,3.63,4.12,N,,08/2021,Analyst
29-1129.02,1.A.1.a.2,Written Comprehension,LV,4.0,8,0.0,4.0,4.0,N,N,08/2021,Analyst
29-1129.02,1.A.1.a.3,Oral Expression,IM,4.12,8,0.125,3.88,4.37,N,,08/2021,Analyst
29-1129.02,1.A.1.a.3,Oral Expression,LV,4.12,8,0.125,3.88,4.37,N,N,08/2021,Analyst
29-1129.02,1.A.1.a.4,Written Expression,IM,3.88,8,0.125,3.63,4.12,N,,08/2021,Analyst
29-1129.02,1.A.1.a.4,Written Expression,LV,4.0,8,0.0,4.0,4.0,N,N,08/2021,Analyst
29-1129.02,1.A.1.b.1,Fluency of Ideas,IM,3.75,8,0.1637,3.4292,4.0708,N,,08/2021,Analyst
29-1129.02,1.A.1.b.1,Fluency of Ideas,LV,3.88,8,0.125,3.63,4.12,N,N,08/2021,Analyst
29-1129.02,1.A.1.b.2,Originality,IM,3.62,8,0.183,3.2664,3.9836,N,,08/2021,Analyst
29-1129.02,1.A.1.b.2,Originality,LV,3.88,8,0.125,3.63,4.12,N,N,08/2021,Analyst
29-1129.02,1.A.1.b.3,Problem Sensitivity,IM,4.12,8,0.125,3.88,4.37,N,,08/2021,Analyst
29-1129.02,1.A.1.b.3,Problem Sensitivity,LV,4.0,8,0.0,4.0,4.0,N,N,08/2021,Analyst
29-1129.02,1.A.1.b.4,Deductive Reasoning,IM,3.88,8,0.125,3.63,4.12,N,,08/2021,Analyst
29-1129.02,1.A.1.b.4,Deductive Reasoning,LV,4.0,8,0.0,4.0,4.0,N,N,08/2021,Analyst
29-1129.02,1.A.1.b.5,Inductive Reasoning,IM,3.88,8,0.125,3.63,4.12,N,,08/2021,Analyst
29-1129.02,1.A.1.b.5,Inductive Reasoning,LV,4.0,8,0.0,4.0,4.0,N,N,08/2021,Analyst
29-1129.02,1.A.1.b.6,Information Ordering,IM,3.75,8,0.1637,3.4292,4.0708,N,,08/2021,Analyst
29-1129.02,1.A.1.b.6,Information Ordering,LV,3.75,8,0.1637,3.4292,4.0708,N,N,08/2021,Analyst
29-1129.02,1.A.1.b.7,Category Flexibility,IM,3.12,8,0.125,2.88,3.37,N,,08/2021,Analyst
29-1129.02,1.A.1.b.7,Category Flexibility,LV,3.12,8,0.125,2.88,3.37,N,N,08/2021,Analyst
29-1129.02,1.A.1.c.1,Mathematical Reasoning,IM,2.0,8,0.0,2.0,2.0,N,,08/2021,Analyst
29-1129.02,1.A.1.c.1,Mathematical Reasoning,LV,2.0,8,0.189,1.6296,2.3704,N,N,08/2021,Analyst
29-1129.02,1.A.1.c.2,Number Facility,IM,2.0,8,0.0,2.0,2.0,N,,08/2021,Analyst
29-1129.02,1.A.1.c.2,Number Facility,LV,2.0,8,0.0,2.0,2.0,N,N,08/2021,Analyst
29-1129.02,1.A.1.d.1,Memorization,IM,2.75,8,0.1637,2.4292,3.0708,N,,08/2021,Analyst
29-1129.02,1.A.1.d.1,Memorization,LV,2.75,8,0.1637,2.4292,3.0708,N,N,08/2021,Analyst
29-1129.02,1.A.1.e.1,Speed of Closure,IM,2.5,8,0.189,2.1296,2.8704,N,,08/2021,Analyst
29-1129.02,1.A.1.e.1,Speed of Closure,LV,2.75,8,0.1637,2.4292,3.0708,N,N,08/2021,Analyst
29-1129.02,1.A.1.e.2,Flexibility of Closure,IM,3.0,8,0.189,2.6296,3.3704,N,,08/2021,Analyst
29-1129.02,1.A.1.e.2,Flexibility of Closure,LV,2.88,8,0.125,2.63,3.12,N,N,08/2021,Analyst
29-1129.02,1.A.1.e.3,Perceptual Speed,IM,2.75,8,0.1637,2.4292,3.0708,N,,08/2021,Analyst
29-1129.02,1.A.1.e.3,Perceptual Speed,LV,3.0,8,0.0,3.0,3.0,N,N,08/2021,Analyst
29-1129.02,1.A.1.f.1,Spatial Orientation,IM,1.0,8,0.0,1.0,1.0,N,,08/2021,Analyst
29-1129.02,1.A.1.f.1,Spatial Orientation,LV,0.0,8,0.0,0.0,0.0,N,Y,08/2021,Analyst
29-1129.02,1.A.1.f.2,Visualization,IM,2.62,8,0.183,2.2664,2.9836,N,,08/2021,Analyst
29-1129.02,1.A.1.f.2,Visualization,LV,2.75,8,0.1637,2.4292,3.0708,N,N,08/2021,Analyst
29-1129.02,1.A.1.g.1,Selective Attention,IM,3.75,8,0.1637,3.4292,4.0708,N,,08/2021,Analyst
29-1129.02,1.A.1.g.1,Selective Attention,LV,3.75,8,0.1637,3.4292,4.0708,N,N,08/2021,Analyst
29-1129.02,1.A.1.g.2,Time Sharing,IM,2.88,8,0.125,2.63,3.12,N,,08/2021,Analyst
29-1129.02,1.A.1.g.2,Time Sharing,LV,3.0,8,0.0,3.0,3.0,N,N,08/2021,Analyst
29-1129.02,1.A.2.a.1,Arm-Hand Steadiness,IM,2.88,8,0.125,2.63,3.12,N,,08/2021,Analyst
29-1129.02,1.A.2.a.1,Arm-Hand Steadiness,LV,3.0,8,0.0,3.0,3.0,N,N,08/2021,Analyst
29-1129.02,1.A.2.a.2,Manual Dexterity,IM,2.62,8,0.183,2.2664,2.9836,N,,08/2021,Analyst
29-1129.02,1.A.2.a.2,Manual Dexterity,LV,2.75,8,0.1637,2.4292,3.0708,N,N,08/2021,Analyst
29-1129.02,1.A.2.a.3,Finger Dexterity,IM,2.88,8,0.125,2.63,3.12,N,,08/2021,Analyst
29-1129.02,1.A.2.a.3,Finger Dexterity,LV,2.88,8,0.125,2.63,3.12,N,N,08/2021,Analyst
29-1129.02,1.A.2.b.1,Control Precision,IM,2.62,8,0.183,2.2664,2.9836,N,,08/2021,Analyst
29-1129.02,1.A.2.b.1,Control Precision,LV,2.62,8,0.183,2.2664,2.9836,N,N,08/2021,Analyst
29-1129.02,1.A.2.b.2,Multilimb Coordination,IM,2.0,8,0.0,2.0,2.0,N,,08/2021,Analyst
29-1129.02,1.A.2.b.2,Multilimb Coordination,LV,2.0,8,0.0,2.0,2.0,N,N,08/2021,Analyst
29-1129.02,1.A.2.b.3,Response Orientation,IM,2.0,8,0.0,2.0,2.0,N,,08/2021,Analyst
29-1129.02,1.A.2.b.3,Response Orientation,LV,1.38,8,0.183,1.0164,1.7336,N,N,08/2021,Analyst
29-1129.02,1.A.2.b.4,Rate Control,IM,1.0,8,0.0,1.0,1.0,N,,08/2021,Analyst
29-1129.02,1.A.2.b.4,Rate Control,LV,0.0,8,0.0,0.0,0.0,N,Y,08/2021,Analyst
29-1129.02,1.A.2.c.1,Reaction Time,IM,2.0,8,0.0,2.0,2.0,N,,08/2021,Analyst
29-1129.02,1.A.2.c.1,Reaction Time,LV,1.0,8,0.0,1.0,1.0,N,N,08/2021,Analyst
29-1129.02,1.A.2.c.2,Wrist-Finger Speed,IM,2.12,8,0.125,1.88,2.37,N,,08/2021,Analyst
29-1129.02,1.A.2.c.2,Wrist-Finger Speed,LV,1.38,8,0.183,1.0164,1.7336,N,N,08/2021,Analyst
29-1129.02,1.A.2.c.3,Speed of Limb Movement,IM,1.5,8,0.189,1.1296,1.8704,N,,08/2021,Analyst
29-1129.02,1.A.2.c.3,Speed of Limb Movement,LV,0.5,8,0.189,0.1296,0.8704,N,N,08/2021,Analyst
29-1129.02,1.A.3.a.1,Static Strength,IM,2.0,8,0.0,2.0,2.0,N,,08/2021,Analyst
29-1129.02,1.A.3.a.1,Static Strength,LV,2.0,8,0.0,2.0,2.0,N,N,08/2021,Analyst
29-1129.02,1.A.3.a.2,Explosive Strength,IM,2.0,8,0.0,2.0,2.0,N,,08/2021,Analyst
29-1129.02,1.A.3.a.2,Explosive Strength,LV,1.88,8,0.125,1.63,2.12,N,N,08/2021,Analyst
29-1129.02,1.A.3.a.3,Dynamic Strength,IM,2.0,8,0.0,2.0,2.0,N,,08/2021,Analyst
29-1129.02,1.A.3.a.3,Dynamic Strength,LV,1.5,8,0.189,1.1296,1.8704,N,N,08/2021,Analyst
29-1129.02,1.A.3.a.4,Trunk Strength,IM,2.12,8,0.125,1.88,2.37,N,,08/2021,Analyst
29-1129.02,1.A.3.a.4,Trunk Strength,LV,1.88,8,0.125,1.63,2.12,N,N,08/2021,Analyst
29-1129.02,1.A.3.b.1,Stamina,IM,2.0,8,0.0,2.0,2.0,N,,08/2021,Analyst
29-1129.02,1.A.3.b.1,Stamina,LV,1.75,8,0.1637,1.4292,2.0708,N,N,08/2021,Analyst
29-1129.02,1.A.3.c.1,Extent Flexibility,IM,2.0,8,0.0,2.0,2.0,N,,08/2021,Analyst
29-1129.02,1.A.3.c.1,Extent Flexibility,LV,1.25,8,0.1637,0.9292,1.5708,N,N,08/2021,Analyst
29-1129.02,1.A.3.c.2,Dynamic Flexibility,IM,1.0,8,0.0,1.0,1.0,N,,08/2021,Analyst
29-1129.02,1.A.3.c.2,Dynamic Flexibility,LV,0.0,8,0.0,0.0,0.0,N,Y,08/2021,Analyst
29-1129.02,1.A.3.c.3,Gross Body Coordination,IM,2.0,8,0.0,2.0,2.0,N,,08/2021,Analyst
29-1129.02,1.A.3.c.3,Gross Body Coordination,LV,1.25,8,0.1637,0.9292,1.5708,N,N,08/2021,Analyst
29-1129.02,1.A.3.c.4,Gross Body Equilibrium,IM,2.0,8,0.0,2.0,2.0,N,,08/2021,Analyst
29-1129.02,1.A.3.c.4,Gross Body Equilibrium,LV,1.12,8,0.125,0.88,1.37,N,N,08/2021,Analyst
29-1129.02,1.A.4.a.1,Near Vision,IM,3.12,8,0.125,2.88,3.37,N,,08/2021,Analyst
29-1129.02,1.A.4.a.1,Near Vision,LV,3.12,8,0.125,2.88,3.37,N,N,08/2021,Analyst
29-1129.02,1.A.4.a.2,Far Vision,IM,2.88,8,0.125,2.63,3.12,N,,08/2021,Analyst
29-1129.02,1.A.4.a.2,Far Vision,LV,2.88,8,0.125,2.63,3.12,N,N,08/2021,Analyst
29-1129.02,1.A.4.a.3,Visual Color Discrimination,IM,2.5,8,0.189,2.1296,2.8704,N,,08/2021,Analyst
29-1129.02,1.A.4.a.3,Visual Color Discrimination,LV,2.12,8,0.125,1.88,2.37,N,N,08/2021,Analyst
29-1129.02,1.A.4.a.4,Night Vision,IM,1.0,8,0.0,1.0,1.0,N,,08/2021,Analyst
29-1129.02,1.A.4.a.4,Night Vision,LV,0.0,8,0.0,0.0,0.0,N,Y,08/2021,Analyst
29-1129.02,1.A.4.a.5,Peripheral Vision,IM,1.0,8,0.0,1.0,1.0,N,,08/2021,Analyst
29-1129.02,1.A.4.a.5,Peripheral Vision,LV,0.0,8,0.0,0.0,0.0,N,Y,08/2021,Analyst
29-1129.02,1.A.4.a.6,Depth Perception,IM,2.0,8,0.0,2.0,2.0,N,,08/2021,Analyst
29-1129.02,1.A.4.a.6,Depth Perception,LV,1.62,8,0.183,1.2664,1.9836,N,N,08/2021,Analyst
29-1129.02,1.A.4.a.7,Glare Sensitivity,IM,1.0,8,0.0,1.0,1.0,N,,08/2021,Analyst
29-1129.02,1.A.4.a.7,Glare Sensitivity,LV,0.0,8,0.0,0.0,0.0,N,Y,08/2021,Analyst
29-1129.02,1.A.4.b.1,Hearing Sensitivity,IM,3.12,8,0.125,2.88,3.37,N,,08/2021,Analyst
29-1129.02,1.A.4.b.1,Hearing Sensitivity,LV,3.5,8,0.189,3.1296,3.8704,N,N,08/2021,Analyst
29-1129.02,1.A.4.b.2,Auditory Attention,IM,3.12,8,0.125,2.88,3.37,N,,08/2021,Analyst
29-1129.02,1.A.4.b.2,Auditory Attention,LV,3.12,8,0.125,2.88,3.37,N,N,08/2021,Analyst
29-1129.02,1.A.4.b.3,Sound Localization,IM,1.88,8,0.125,1.63,2.12,N,,08/2021,Analyst
29-1129.02,1.A.4.b.3,Sound Localization,LV,1.12,8,0.2266,0.6809,1.5691,N,N,08/2021,Analyst
29-1129.02,1.A.4.b.4,Speech Recognition,IM,3.88,8,0.125,3.63,4.12,N,,08/2021,Analyst
29-1129.02,1.A.4.b.4,Speech Recognition,LV,3.88,8,0.125,3.63,4.12,N,N,08/2021,Analyst
29-1129.02,1.A.4.b.5,Speech Clarity,IM,3.88,8,0.125,3.63,4.12,N,,08/2021,Analyst
29-1129.02,1.A.4.b.5,Speech Clarity,LV,4.0,8,0.0,4.0,4.0,N,N,08/2021,Analyst
29-1131.00,1.A.1.a.1,Oral Comprehension,IM,4.12,8,0.125,3.88,4.37,N,,08/2020,Analyst
29-1131.00,1.A.1.a.1,Oral Comprehension,LV,4.38,8,0.2631,3.8594,4.8906,N,N,08/2020,Analyst
29-1131.00,1.A.1.a.2,Written Comprehension,IM,4.12,8,0.125,3.88,4.37,N,,08/2020,Analyst
29-1131.00,1.A.1.a.2,Written Comprehension,LV,4.38,8,0.2631,3.8594,4.8906,N,N,08/2020,Analyst
29-1131.00,1.A.1.a.3,Oral Expression,IM,4.12,8,0.125,3.88,4.37,N,,08/2020,Analyst
29-1131.00,1.A.1.a.3,Oral Expression,LV,4.25,8,0.1637,3.9292,4.5708,N,N,08/2020,Analyst
29-1131.00,1.A.1.a.4,Written Expression,IM,3.62,8,0.183,3.2664,3.9836,N,,08/2020,Analyst
29-1131.00,1.A.1.a.4,Written Expression,LV,4.12,8,0.125,3.88,4.37,N,N,08/2020,Analyst
29-1131.00,1.A.1.b.1,Fluency of Ideas,IM,3.0,8,0.0,3.0,3.0,N,,08/2020,Analyst
29-1131.00,1.A.1.b.1,Fluency of Ideas,LV,3.38,8,0.2631,2.8594,3.8906,N,N,08/2020,Analyst
29-1131.00,1.A.1.b.2,Originality,IM,3.0,8,0.189,2.6296,3.3704,N,,08/2020,Analyst
29-1131.00,1.A.1.b.2,Originality,LV,3.38,8,0.183,3.0164,3.7336,N,N,08/2020,Analyst
29-1131.00,1.A.1.b.3,Problem Sensitivity,IM,4.0,8,0.0,4.0,4.0,N,,08/2020,Analyst
29-1131.00,1.A.1.b.3,Problem Sensitivity,LV,5.12,8,0.125,4.88,5.37,N,N,08/2020,Analyst
29-1131.00,1.A.1.b.4,Deductive Reasoning,IM,4.0,8,0.0,4.0,4.0,N,,08/2020,Analyst
29-1131.00,1.A.1.b.4,Deductive Reasoning,LV,4.25,8,0.1637,3.9292,4.5708,N,N,08/2020,Analyst
29-1131.00,1.A.1.b.5,Inductive Reasoning,IM,4.0,8,0.0,4.0,4.0,N,,08/2020,Analyst
29-1131.00,1.A.1.b.5,Inductive Reasoning,LV,4.88,8,0.2266,4.4309,5.3191,N,N,08/2020,Analyst
29-1131.00,1.A.1.b.6,Information Ordering,IM,3.75,8,0.1637,3.4292,4.0708,N,,08/2020,Analyst
29-1131.00,1.A.1.b.6,Information Ordering,LV,4.0,8,0.0,4.0,4.0,N,N,08/2020,Analyst
29-1131.00,1.A.1.b.7,Category Flexibility,IM,3.25,8,0.1637,2.9292,3.5708,N,,08/2020,Analyst
29-1131.00,1.A.1.b.7,Category Flexibility,LV,3.5,8,0.2673,2.9762,4.0238,N,N,08/2020,Analyst
29-1131.00,1.A.1.c.1,Mathematical Reasoning,IM,3.12,8,0.125,2.88,3.37,N,,08/2020,Analyst
29-1131.00,1.A.1.c.1,Mathematical Reasoning,LV,3.12,8,0.125,2.88,3.37,N,N,08/2020,Analyst
29-1131.00,1.A.1.c.2,Number Facility,IM,3.0,8,0.189,2.6296,3.3704,N,,08/2020,Analyst
29-1131.00,1.A.1.c.2,Number Facility,LV,3.12,8,0.125,2.88,3.37,N,N,08/2020,Analyst
29-1131.00,1.A.1.d.1,Memorization,IM,2.62,8,0.183,2.2664,2.9836,N,,08/2020,Analyst
29-1131.00,1.A.1.d.1,Memorization,LV,2.38,8,0.183,2.0164,2.7336,N,N,08/2020,Analyst
29-1131.00,1.A.1.e.1,Speed of Closure,IM,2.5,8,0.2673,1.9762,3.0238,N,,08/2020,Analyst
29-1131.00,1.A.1.e.1,Speed of Closure,LV,2.88,8,0.2266,2.4309,3.3191,N,N,08/2020,Analyst
29-1131.00,1.A.1.e.2,Flexibility of Closure,IM,3.25,8,0.1637,2.9292,3.5708,N,,08/2020,Analyst
29-1131.00,1.A.1.e.2,Flexibility of Closure,LV,3.38,8,0.2631,2.8594,3.8906,N,N,08/2020,Analyst
29-1131.00,1.A.1.e.3,Perceptual Speed,IM,2.75,8,0.1637,2.4292,3.0708,N,,08/2020,Analyst
29-1131.00,1.A.1.e.3,Perceptual Speed,LV,2.38,8,0.183,2.0164,2.7336,N,N,08/2020,Analyst
29-1131.00,1.A.1.f.1,Spatial Orientation,IM,1.12,8,0.125,1.0,1.37,N,,08/2020,Analyst
29-1131.00,1.A.1.f.1,Spatial Orientation,LV,0.12,8,0.125,0.0,0.37,N,Y,08/2020,Analyst
29-1131.00,1.A.1.f.2,Visualization,IM,2.88,8,0.125,2.63,3.12,N,,08/2020,Analyst
29-1131.00,1.A.1.f.2,Visualization,LV,3.0,8,0.189,2.6296,3.3704,N,N,08/2020,Analyst
29-1131.00,1.A.1.g.1,Selective Attention,IM,3.12,8,0.125,2.88,3.37,N,,08/2020,Analyst
29-1131.00,1.A.1.g.1,Selective Attention,LV,3.0,8,0.0,3.0,3.0,N,N,08/2020,Analyst
29-1131.00,1.A.1.g.2,Time Sharing,IM,2.88,8,0.125,2.63,3.12,N,,08/2020,Analyst
29-1131.00,1.A.1.g.2,Time Sharing,LV,2.88,8,0.125,2.63,3.12,N,N,08/2020,Analyst
29-1131.00,1.A.2.a.1,Arm-Hand Steadiness,IM,3.0,8,0.0,3.0,3.0,N,,08/2020,Analyst
29-1131.00,1.A.2.a.1,Arm-Hand Steadiness,LV,3.88,8,0.125,3.63,4.12,N,N,08/2020,Analyst
29-1131.00,1.A.2.a.2,Manual Dexterity,IM,3.0,8,0.0,3.0,3.0,N,,08/2020,Analyst
29-1131.00,1.A.2.a.2,Manual Dexterity,LV,3.5,8,0.189,3.1296,3.8704,N,N,08/2020,Analyst
29-1131.00,1.A.2.a.3,Finger Dexterity,IM,3.12,8,0.125,2.88,3.37,N,,08/2020,Analyst
29-1131.00,1.A.2.a.3,Finger Dexterity,LV,3.88,8,0.125,3.63,4.12,N,N,08/2020,Analyst
29-1131.00,1.A.2.b.1,Control Precision,IM,3.0,8,0.0,3.0,3.0,N,,08/2020,Analyst
29-1131.00,1.A.2.b.1,Control Precision,LV,3.62,8,0.2631,3.1094,4.1406,N,N,08/2020,Analyst
29-1131.00,1.A.2.b.2,Multilimb Coordination,IM,2.88,8,0.125,2.63,3.12,N,,08/2020,Analyst
29-1131.00,1.A.2.b.2,Multilimb Coordination,LV,3.12,8,0.125,2.88,3.37,N,N,08/2020,Analyst
29-1131.00,1.A.2.b.3,Response Orientation,IM,1.75,8,0.1637,1.4292,2.0708,N,,08/2020,Analyst
29-1131.00,1.A.2.b.3,Response Orientation,LV,1.5,8,0.3273,0.8584,2.1416,N,N,08/2020,Analyst
29-1131.00,1.A.2.b.4,Rate Control,IM,1.75,8,0.1637,1.4292,2.0708,N,,08/2020,Analyst
29-1131.00,1.A.2.b.4,Rate Control,LV,1.38,8,0.3239,0.7402,2.0098,N,N,08/2020,Analyst
29-1131.00,1.A.2.c.1,Reaction Time,IM,1.75,8,0.1637,1.4292,2.0708,N,,08/2020,Analyst
29-1131.00,1.A.2.c.1,Reaction Time,LV,1.5,8,0.3273,0.8584,2.1416,N,N,08/2020,Analyst
29-1131.00,1.A.2.c.2,Wrist-Finger Speed,IM,2.12,8,0.2266,1.6809,2.5691,N,,08/2020,Analyst
29-1131.00,1.A.2.c.2,Wrist-Finger Speed,LV,2.0,8,0.3273,1.3584,2.6416,N,N,08/2020,Analyst
29-1131.00,1.A.2.c.3,Speed of Limb Movement,IM,1.25,8,0.1637,1.0,1.5708,N,,08/2020,Analyst
29-1131.00,1.A.2.c.3,Speed of Limb Movement,LV,0.25,8,0.1637,0.0,0.5708,N,Y,08/2020,Analyst
29-1131.00,1.A.3.a.1,Static Strength,IM,2.12,8,0.125,1.88,2.37,N,,08/2020,Analyst
29-1131.00,1.A.3.a.1,Static Strength,LV,2.5,8,0.2673,1.9762,3.0238,N,N,08/2020,Analyst
29-1131.00,1.A.3.a.2,Explosive Strength,IM,1.38,8,0.183,1.0164,1.7336,N,,08/2020,Analyst
29-1131.00,1.A.3.a.2,Explosive Strength,LV,0.5,8,0.2673,0.0,1.0238,N,N,08/2020,Analyst
29-1131.00,1.A.3.a.3,Dynamic Strength,IM,2.0,8,0.189,1.6296,2.3704,N,,08/2020,Analyst
29-1131.00,1.A.3.a.3,Dynamic Strength,LV,1.88,8,0.295,1.2967,2.4533,N,N,08/2020,Analyst
29-1131.00,1.A.3.a.4,Trunk Strength,IM,2.25,8,0.1637,1.9292,2.5708,N,,08/2020,Analyst
29-1131.00,1.A.3.a.4,Trunk Strength,LV,2.25,8,0.1637,1.9292,2.5708,N,N,08/2020,Analyst
29-1131.00,1.A.3.b.1,Stamina,IM,2.25,8,0.1637,1.9292,2.5708,N,,08/2020,Analyst
29-1131.00,1.A.3.b.1,Stamina,LV,1.88,8,0.125,1.63,2.12,N,N,08/2020,Analyst
29-1131.00,1.A.3.c.1,Extent Flexibility,IM,2.25,8,0.1637,1.9292,2.5708,N,,08/2020,Analyst
29-1131.00,1.A.3.c.1,Extent Flexibility,LV,2.12,8,0.125,1.88,2.37,N,N,08/2020,Analyst
29-1131.00,1.A.3.c.2,Dynamic Flexibility,IM,1.12,8,0.125,1.0,1.37,N,,08/2020,Analyst
29-1131.00,1.A.3.c.2,Dynamic Flexibility,LV,0.12,8,0.125,0.0,0.37,N,Y,08/2020,Analyst
29-1131.00,1.A.3.c.3,Gross Body Coordination,IM,2.12,8,0.125,1.88,2.37,N,,08/2020,Analyst
29-1131.00,1.A.3.c.3,Gross Body Coordination,LV,2.0,8,0.0,2.0,2.0,N,N,08/2020,Analyst
29-1131.00,1.A.3.c.4,Gross Body Equilibrium,IM,2.0,8,0.189,1.6296,2.3704,N,,08/2020,Analyst
29-1131.00,1.A.3.c.4,Gross Body Equilibrium,LV,1.0,8,0.189,0.6296,1.3704,N,N,08/2020,Analyst
29-1131.00,1.A.4.a.1,Near Vision,IM,4.0,8,0.0,4.0,4.0,N,,08/2020,Analyst
29-1131.00,1.A.4.a.1,Near Vision,LV,4.25,8,0.1637,3.9292,4.5708,N,N,08/2020,Analyst
29-1131.00,1.A.4.a.2,Far Vision,IM,3.0,8,0.0,3.0,3.0,N,,08/2020,Analyst
29-1131.00,1.A.4.a.2,Far Vision,LV,3.0,8,0.0,3.0,3.0,N,N,08/2020,Analyst
29-1131.00,1.A.4.a.3,Visual Color Discrimination,IM,2.88,8,0.125,2.63,3.12,N,,08/2020,Analyst
29-1131.00,1.A.4.a.3,Visual Color Discrimination,LV,2.88,8,0.125,2.63,3.12,N,N,08/2020,Analyst
29-1131.00,1.A.4.a.4,Night Vision,IM,1.12,8,0.125,1.0,1.37,N,,08/2020,Analyst
29-1131.00,1.A.4.a.4,Night Vision,LV,0.12,8,0.125,0.0,0.37,N,Y,08/2020,Analyst
29-1131.00,1.A.4.a.5,Peripheral Vision,IM,1.12,8,0.125,1.0,1.37,N,,08/2020,Analyst
29-1131.00,1.A.4.a.5,Peripheral Vision,LV,0.12,8,0.125,0.0,0.37,N,Y,08/2020,Analyst
29-1131.00,1.A.4.a.6,Depth Perception,IM,2.12,8,0.125,1.88,2.37,N,,08/2020,Analyst
29-1131.00,1.A.4.a.6,Depth Perception,LV,1.88,8,0.125,1.63,2.12,N,N,08/2020,Analyst
29-1131.00,1.A.4.a.7,Glare Sensitivity,IM,1.12,8,0.125,1.0,1.37,N,,08/2020,Analyst
29-1131.00,1.A.4.a.7,Glare Sensitivity,LV,0.12,8,0.125,0.0,0.37,N,Y,08/2020,Analyst
29-1131.00,1.A.4.b.1,Hearing Sensitivity,IM,2.38,8,0.183,2.0164,2.7336,N,,08/2020,Analyst
29-1131.00,1.A.4.b.1,Hearing Sensitivity,LV,2.5,8,0.189,2.1296,2.8704,N,N,08/2020,Analyst
29-1131.00,1.A.4.b.2,Auditory Attention,IM,2.38,8,0.183,2.0164,2.7336,N,,08/2020,Analyst
29-1131.00,1.A.4.b.2,Auditory Attention,LV,2.25,8,0.1637,1.9292,2.5708,N,N,08/2020,Analyst
29-1131.00,1.A.4.b.3,Sound Localization,IM,1.0,8,0.0,1.0,1.0,N,,08/2020,Analyst
29-1131.00,1.A.4.b.3,Sound Localization,LV,0.0,8,0.0,0.0,0.0,N,Y,08/2020,Analyst
29-1131.00,1.A.4.b.4,Speech Recognition,IM,3.62,8,0.183,3.2664,3.9836,N,,08/2020,Analyst
29-1131.00,1.A.4.b.4,Speech Recognition,LV,3.5,8,0.189,3.1296,3.8704,N,N,08/2020,Analyst
29-1131.00,1.A.4.b.5,Speech Clarity,IM,3.62,8,0.183,3.2664,3.9836,N,,08/2020,Analyst
29-1131.00,1.A.4.b.5,Speech Clarity,LV,3.5,8,0.189,3.1296,3.8704,N,N,08/2020,Analyst
29-1141.00,1.A.1.a.1,Oral Comprehension,IM,4.0,8,0.0,4.0,4.0,N,,08/2021,Analyst
29-1141.00,1.A.1.a.1,Oral Comprehension,LV,4.88,8,0.125,4.63,5.12,N,N,08/2021,Analyst
29-1141.00,1.A.1.a.2,Written Comprehension,IM,4.0,8,0.0,4.0,4.0,N,,08/2021,Analyst
29-1141.00,1.A.1.a.2,Written Comprehension,LV,4.25,8,0.1637,3.9292,4.5708,N,N,08/2021,Analyst
29-1141.00,1.A.1.a.3,Oral Expression,IM,4.0,8,0.0,4.0,4.0,N,,08/2021,Analyst
29-1141.00,1.A.1.a.3,Oral Expression,LV,4.75,8,0.1637,4.4292,5.0708,N,N,08/2021,Analyst
29-1141.00,1.A.1.a.4,Written Expression,IM,3.75,8,0.1637,3.4292,4.0708,N,,08/2021,Analyst
29-1141.00,1.A.1.a.4,Written Expression,LV,3.88,8,0.125,3.63,4.12,N,N,08/2021,Analyst
29-1141.00,1.A.1.b.1,Fluency of Ideas,IM,3.12,8,0.125,2.88,3.37,N,,08/2021,Analyst
29-1141.00,1.A.1.b.1,Fluency of Ideas,LV,3.12,8,0.125,2.88,3.37,N,N,08/2021,Analyst
29-1141.00,1.A.1.b.2,Originality,IM,3.0,8,0.0,3.0,3.0,N,,08/2021,Analyst
29-1141.00,1.A.1.b.2,Originality,LV,3.12,8,0.125,2.88,3.37,N,N,08/2021,Analyst
29-1141.00,1.A.1.b.3,Problem Sensitivity,IM,4.12,8,0.125,3.88,4.37,N,,08/2021,Analyst
29-1141.00,1.A.1.b.3,Problem Sensitivity,LV,5.0,8,0.0,5.0,5.0,N,N,08/2021,Analyst
29-1141.00,1.A.1.b.4,Deductive Reasoning,IM,4.12,8,0.125,3.88,4.37,N,,08/2021,Analyst
29-1141.00,1.A.1.b.4,Deductive Reasoning,LV,4.0,8,0.0,4.0,4.0,N,N,08/2021,Analyst
29-1141.00,1.A.1.b.5,Inductive Reasoning,IM,4.0,8,0.0,4.0,4.0,N,,08/2021,Analyst
29-1141.00,1.A.1.b.5,Inductive Reasoning,LV,4.88,8,0.125,4.63,5.12,N,N,08/2021,Analyst
29-1141.00,1.A.1.b.6,Information Ordering,IM,3.88,8,0.2266,3.4309,4.3191,N,,08/2021,Analyst
29-1141.00,1.A.1.b.6,Information Ordering,LV,4.0,8,0.0,4.0,4.0,N,N,08/2021,Analyst
29-1141.00,1.A.1.b.7,Category Flexibility,IM,3.38,8,0.183,3.0164,3.7336,N,,08/2021,Analyst
29-1141.00,1.A.1.b.7,Category Flexibility,LV,3.88,8,0.125,3.63,4.12,N,N,08/2021,Analyst
29-1141.00,1.A.1.c.1,Mathematical Reasoning,IM,3.0,8,0.0,3.0,3.0,N,,08/2021,Analyst
29-1141.00,1.A.1.c.1,Mathematical Reasoning,LV,3.0,8,0.0,3.0,3.0,N,N,08/2021,Analyst
29-1141.00,1.A.1.c.2,Number Facility,IM,3.0,8,0.0,3.0,3.0,N,,08/2021,Analyst
29-1141.00,1.A.1.c.2,Number Facility,LV,3.0,8,0.0,3.0,3.0,N,N,08/2021,Analyst
29-1141.00,1.A.1.d.1,Memorization,IM,3.12,8,0.125,2.88,3.37,N,,08/2021,Analyst
29-1141.00,1.A.1.d.1,Memorization,LV,3.0,8,0.0,3.0,3.0,N,N,08/2021,Analyst
29-1141.00,1.A.1.e.1,Speed of Closure,IM,3.12,8,0.125,2.88,3.37,N,,08/2021,Analyst
29-1141.00,1.A.1.e.1,Speed of Closure,LV,3.12,8,0.125,2.88,3.37,N,N,08/2021,Analyst
29-1141.00,1.A.1.e.2,Flexibility of Closure,IM,3.25,8,0.1637,2.9292,3.5708,N,,08/2021,Analyst
29-1141.00,1.A.1.e.2,Flexibility of Closure,LV,3.75,8,0.1637,3.4292,4.0708,N,N,08/2021,Analyst
29-1141.00,1.A.1.e.3,Perceptual Speed,IM,3.12,8,0.125,2.88,3.37,N,,08/2021,Analyst
29-1141.00,1.A.1.e.3,Perceptual Speed,LV,3.12,8,0.125,2.88,3.37,N,N,08/2021,Analyst
29-1141.00,1.A.1.f.1,Spatial Orientation,IM,1.5,8,0.189,1.1296,1.8704,N,,08/2021,Analyst
29-1141.00,1.A.1.f.1,Spatial Orientation,LV,0.5,8,0.189,0.1296,0.8704,N,N,08/2021,Analyst
29-1141.00,1.A.1.f.2,Visualization,IM,3.0,8,0.189,2.6296,3.3704,N,,08/2021,Analyst
29-1141.00,1.A.1.f.2,Visualization,LV,3.12,8,0.125,2.88,3.37,N,N,08/2021,Analyst
29-1141.00,1.A.1.g.1,Selective Attention,IM,3.12,8,0.125,2.88,3.37,N,,08/2021,Analyst
29-1141.00,1.A.1.g.1,Selective Attention,LV,3.5,8,0.189,3.1296,3.8704,N,N,08/2021,Analyst
29-1141.00,1.A.1.g.2,Time Sharing,IM,3.12,8,0.125,2.88,3.37,N,,08/2021,Analyst
29-1141.00,1.A.1.g.2,Time Sharing,LV,3.12,8,0.125,2.88,3.37,N,N,08/2021,Analyst
29-1141.00,1.A.2.a.1,Arm-Hand Steadiness,IM,3.12,8,0.125,2.88,3.37,N,,08/2021,Analyst
29-1141.00,1.A.2.a.1,Arm-Hand Steadiness,LV,3.62,8,0.183,3.2664,3.9836,N,N,08/2021,Analyst
29-1141.00,1.A.2.a.2,Manual Dexterity,IM,3.12,8,0.125,2.88,3.37,N,,08/2021,Analyst
29-1141.00,1.A.2.a.2,Manual Dexterity,LV,3.0,8,0.0,3.0,3.0,N,N,08/2021,Analyst
29-1141.00,1.A.2.a.3,Finger Dexterity,IM,3.12,8,0.125,2.88,3.37,N,,08/2021,Analyst
29-1141.00,1.A.2.a.3,Finger Dexterity,LV,3.12,8,0.125,2.88,3.37,N,N,08/2021,Analyst
29-1141.00,1.A.2.b.1,Control Precision,IM,2.25,8,0.1637,1.9292,2.5708,N,,08/2021,Analyst
29-1141.00,1.A.2.b.1,Control Precision,LV,3.12,8,0.125,2.88,3.37,N,N,08/2021,Analyst
29-1141.00,1.A.2.b.2,Multilimb Coordination,IM,3.0,8,0.0,3.0,3.0,N,,08/2021,Analyst
29-1141.00,1.A.2.b.2,Multilimb Coordination,LV,3.0,8,0.0,3.0,3.0,N,N,08/2021,Analyst
29-1141.00,1.A.2.b.3,Response Orientation,IM,2.12,8,0.125,1.88,2.37,N,,08/2021,Analyst
29-1141.00,1.A.2.b.3,Response Orientation,LV,2.12,8,0.125,1.88,2.37,N,N,08/2021,Analyst
29-1141.00,1.A.2.b.4,Rate Control,IM,1.75,8,0.1637,1.4292,2.0708,N,,08/2021,Analyst
29-1141.00,1.A.2.b.4,Rate Control,LV,0.75,8,0.1637,0.4292,1.0708,N,N,08/2021,Analyst
29-1141.00,1.A.2.c.1,Reaction Time,IM,2.12,8,0.125,1.88,2.37,N,,08/2021,Analyst
29-1141.00,1.A.2.c.1,Reaction Time,LV,2.0,8,0.0,2.0,2.0,N,N,08/2021,Analyst
29-1141.00,1.A.2.c.2,Wrist-Finger Speed,IM,2.25,8,0.1637,1.9292,2.5708,N,,08/2021,Analyst
29-1141.00,1.A.2.c.2,Wrist-Finger Speed,LV,1.75,8,0.25,1.26,2.24,N,N,08/2021,Analyst
29-1141.00,1.A.2.c.3,Speed of Limb Movement,IM,2.0,8,0.0,2.0,2.0,N,,08/2021,Analyst
29-1141.00,1.A.2.c.3,Speed of Limb Movement,LV,1.88,8,0.125,1.63,2.12,N,N,08/2021,Analyst
29-1141.00,1.A.3.a.1,Static Strength,IM,3.0,8,0.189,2.6296,3.3704,N,,08/2021,Analyst
29-1141.00,1.A.3.a.1,Static Strength,LV,3.12,8,0.125,2.88,3.37,N,N,08/2021,Analyst
29-1141.00,1.A.3.a.2,Explosive Strength,IM,1.75,8,0.1637,1.4292,2.0708,N,,08/2021,Analyst
29-1141.00,1.A.3.a.2,Explosive Strength,LV,1.12,8,0.295,0.5467,1.7033,N,N,08/2021,Analyst
29-1141.00,1.A.3.a.3,Dynamic Strength,IM,2.12,8,0.125,1.88,2.37,N,,08/2021,Analyst
29-1141.00,1.A.3.a.3,Dynamic Strength,LV,2.0,8,0.189,1.6296,2.3704,N,N,08/2021,Analyst
29-1141.00,1.A.3.a.4,Trunk Strength,IM,3.12,8,0.125,2.88,3.37,N,,08/2021,Analyst
29-1141.00,1.A.3.a.4,Trunk Strength,LV,3.0,8,0.0,3.0,3.0,N,N,08/2021,Analyst
29-1141.00,1.A.3.b.1,Stamina,IM,2.88,8,0.125,2.63,3.12,N,,08/2021,Analyst
29-1141.00,1.A.3.b.1,Stamina,LV,2.88,8,0.125,2.63,3.12,N,N,08/2021,Analyst
29-1141.00,1.A.3.c.1,Extent Flexibility,IM,2.88,8,0.125,2.63,3.12,N,,08/2021,Analyst
29-1141.00,1.A.3.c.1,Extent Flexibility,LV,3.0,8,0.0,3.0,3.0,N,N,08/2021,Analyst
29-1141.00,1.A.3.c.2,Dynamic Flexibility,IM,1.75,8,0.25,1.26,2.24,N,,08/2021,Analyst
29-1141.00,1.A.3.c.2,Dynamic Flexibility,LV,0.88,8,0.3504,0.1883,1.5617,N,N,08/2021,Analyst
29-1141.00,1.A.3.c.3,Gross Body Coordination,IM,2.0,8,0.0,2.0,2.0,N,,08/2021,Analyst
29-1141.00,1.A.3.c.3,Gross Body Coordination,LV,2.0,8,0.0,2.0,2.0,N,N,08/2021,Analyst
29-1141.00,1.A.3.c.4,Gross Body Equilibrium,IM,1.88,8,0.125,1.63,2.12,N,,08/2021,Analyst
29-1141.00,1.A.3.c.4,Gross Body Equilibrium,LV,1.62,8,0.2631,1.1094,2.1406,N,N,08/2021,Analyst
29-1141.00,1.A.4.a.1,Near Vision,IM,3.88,8,0.125,3.63,4.12,N,,08/2021,Analyst
29-1141.00,1.A.4.a.1,Near Vision,LV,3.88,8,0.125,3.63,4.12,N,N,08/2021,Analyst
29-1141.00,1.A.4.a.2,Far Vision,IM,3.12,8,0.125,2.88,3.37,N,,08/2021,Analyst
29-1141.00,1.A.4.a.2,Far Vision,LV,3.12,8,0.125,2.88,3.37,N,N,08/2021,Analyst
29-1141.00,1.A.4.a.3,Visual Color Discrimination,IM,2.75,8,0.1637,2.4292,3.0708,N,,08/2021,Analyst
29-1141.00,1.A.4.a.3,Visual Color Discrimination,LV,2.88,8,0.125,2.63,3.12,N,N,08/2021,Analyst
29-1141.00,1.A.4.a.4,Night Vision,IM,1.0,8,0.0,1.0,1.0,N,,08/2021,Analyst
29-1141.00,1.A.4.a.4,Night Vision,LV,0.0,8,0.0,0.0,0.0,N,Y,08/2021,Analyst
29-1141.00,1.A.4.a.5,Peripheral Vision,IM,1.0,8,0.0,1.0,1.0,N,,08/2021,Analyst
29-1141.00,1.A.4.a.5,Peripheral Vision,LV,0.0,8,0.0,0.0,0.0,N,Y,08/2021,Analyst
29-1141.00,1.A.4.a.6,Depth Perception,IM,2.0,8,0.0,2.0,2.0,N,,08/2021,Analyst
29-1141.00,1.A.4.a.6,Depth Perception,LV,2.0,8,0.0,2.0,2.0,N,N,08/2021,Analyst
29-1141.00,1.A.4.a.7,Glare Sensitivity,IM,1.0,8,0.0,1.0,1.0,N,,08/2021,Analyst
29-1141.00,1.A.4.a.7,Glare Sensitivity,LV,0.0,8,0.0,0.0,0.0,N,Y,08/2021,Analyst
29-1141.00,1.A.4.b.1,Hearing Sensitivity,IM,2.5,8,0.189,2.1296,2.8704,N,,08/2021,Analyst
29-1141.00,1.A.4.b.1,Hearing Sensitivity,LV,2.0,8,0.0,2.0,2.0,N,N,08/2021,Analyst
29-1141.00,1.A.4.b.2,Auditory Attention,IM,2.88,8,0.125,2.63,3.12,N,,08/2021,Analyst
29-1141.00,1.A.4.b.2,Auditory Attention,LV,3.0,8,0.0,3.0,3.0,N,N,08/2021,Analyst
29-1141.00,1.A.4.b.3,Sound Localization,IM,1.12,8,0.125,1.0,1.37,N,,08/2021,Analyst
29-1141.00,1.A.4.b.3,Sound Localization,LV,0.12,8,0.125,0.0,0.37,N,Y,08/2021,Analyst
29-1141.00,1.A.4.b.4,Speech Recognition,IM,3.75,8,0.1637,3.4292,4.0708,N,,08/2021,Analyst
29-1141.00,1.A.4.b.4,Speech Recognition,LV,3.88,8,0.125,3.63,4.12,N,N,08/2021,Analyst
29-1141.00,1.A.4.b.5,Speech Clarity,IM,3.88,8,0.125,3.63,4.12,N,,08/2021,Analyst
29-1141.00,1.A.4.b.5,Speech Clarity,LV,4.0,8,0.189,3.6296,4.3704,N,N,08/2021,Analyst
29-1141.01,1.A.1.a.1,Oral Comprehension,IM,4.12,8,0.125,3.88,4.37,N,,07/2014,Analyst
29-1141.01,1.A.1.a.1,Oral Comprehension,LV,4.12,8,0.125,3.88,4.37,N,N,07/2014,Analyst
29-1141.01,1.A.1.a.2,Written Comprehension,IM,4.0,8,0.0,4.0,4.0,N,,07/2014,Analyst
29-1141.01,1.A.1.a.2,Written Comprehension,LV,4.0,8,0.0,4.0,4.0,N,N,07/2014,Analyst
29-1141.01,1.A.1.a.3,Oral Expression,IM,4.0,8,0.0,4.0,4.0,N,,07/2014,Analyst
29-1141.01,1.A.1.a.3,Oral Expression,LV,4.0,8,0.0,4.0,4.0,N,N,07/2014,Analyst
29-1141.01,1.A.1.a.4,Written Expression,IM,3.75,8,0.1637,3.4292,4.0708,N,,07/2014,Analyst
29-1141.01,1.A.1.a.4,Written Expression,LV,4.0,8,0.0,4.0,4.0,N,N,07/2014,Analyst
29-1141.01,1.A.1.b.1,Fluency of Ideas,IM,3.0,8,0.0,3.0,3.0,N,,07/2014,Analyst
29-1141.01,1.A.1.b.1,Fluency of Ideas,LV,3.0,8,0.0,3.0,3.0,N,N,07/2014,Analyst
29-1141.01,1.A.1.b.2,Originality,IM,3.0,8,0.0,3.0,3.0,N,,07/2014,Analyst
29-1141.01,1.A.1.b.2,Originality,LV,3.0,8,0.0,3.0,3.0,N,N,07/2014,Analyst
29-1141.01,1.A.1.b.3,Problem Sensitivity,IM,4.12,8,0.125,3.88,4.37,N,,07/2014,Analyst
29-1141.01,1.A.1.b.3,Problem Sensitivity,LV,4.75,8,0.1637,4.4292,5.0708,N,N,07/2014,Analyst
29-1141.01,1.A.1.b.4,Deductive Reasoning,IM,4.0,8,0.0,4.0,4.0,N,,07/2014,Analyst
29-1141.01,1.A.1.b.4,Deductive Reasoning,LV,4.0,8,0.0,4.0,4.0,N,N,07/2014,Analyst
29-1141.01,1.A.1.b.5,Inductive Reasoning,IM,4.0,8,0.0,4.0,4.0,N,,07/2014,Analyst
29-1141.01,1.A.1.b.5,Inductive Reasoning,LV,4.0,8,0.0,4.0,4.0,N,N,07/2014,Analyst
29-1141.01,1.A.1.b.6,Information Ordering,IM,4.0,8,0.0,4.0,4.0,N,,07/2014,Analyst
29-1141.01,1.A.1.b.6,Information Ordering,LV,4.0,8,0.0,4.0,4.0,N,N,07/2014,Analyst
29-1141.01,1.A.1.b.7,Category Flexibility,IM,3.12,8,0.125,2.88,3.37,N,,07/2014,Analyst
29-1141.01,1.A.1.b.7,Category Flexibility,LV,3.38,8,0.183,3.0164,3.7336,N,N,07/2014,Analyst
29-1141.01,1.A.1.c.1,Mathematical Reasoning,IM,2.75,8,0.1637,2.4292,3.0708,N,,07/2014,Analyst
29-1141.01,1.A.1.c.1,Mathematical Reasoning,LV,2.88,8,0.125,2.63,3.12,N,N,07/2014,Analyst
29-1141.01,1.A.1.c.2,Number Facility,IM,2.38,8,0.183,2.0164,2.7336,N,,07/2014,Analyst
29-1141.01,1.A.1.c.2,Number Facility,LV,2.88,8,0.125,2.63,3.12,N,N,07/2014,Analyst
29-1141.01,1.A.1.d.1,Memorization,IM,2.88,8,0.125,2.63,3.12,N,,07/2014,Analyst
29-1141.01,1.A.1.d.1,Memorization,LV,2.88,8,0.125,2.63,3.12,N,N,07/2014,Analyst
29-1141.01,1.A.1.e.1,Speed of Closure,IM,2.75,8,0.1637,2.4292,3.0708,N,,07/2014,Analyst
29-1141.01,1.A.1.e.1,Speed of Closure,LV,3.0,8,0.0,3.0,3.0,N,N,07/2014,Analyst
29-1141.01,1.A.1.e.2,Flexibility of Closure,IM,2.88,8,0.125,2.63,3.12,N,,07/2014,Analyst
29-1141.01,1.A.1.e.2,Flexibility of Closure,LV,3.0,8,0.0,3.0,3.0,N,N,07/2014,Analyst
29-1141.01,1.A.1.e.3,Perceptual Speed,IM,3.0,8,0.0,3.0,3.0,N,,07/2014,Analyst
29-1141.01,1.A.1.e.3,Perceptual Speed,LV,3.0,8,0.0,3.0,3.0,N,N,07/2014,Analyst
29-1141.01,1.A.1.f.1,Spatial Orientation,IM,1.0,8,0.0,1.0,1.0,N,,07/2014,Analyst
29-1141.01,1.A.1.f.1,Spatial Orientation,LV,0.0,8,0.0,0.0,0.0,N,Y,07/2014,Analyst
29-1141.01,1.A.1.f.2,Visualization,IM,2.62,8,0.183,2.2664,2.9836,N,,07/2014,Analyst
29-1141.01,1.A.1.f.2,Visualization,LV,2.88,8,0.125,2.63,3.12,N,N,07/2014,Analyst
29-1141.01,1.A.1.g.1,Selective Attention,IM,3.12,8,0.125,2.88,3.37,N,,07/2014,Analyst
29-1141.01,1.A.1.g.1,Selective Attention,LV,3.12,8,0.125,2.88,3.37,N,N,07/2014,Analyst
29-1141.01,1.A.1.g.2,Time Sharing,IM,3.0,8,0.0,3.0,3.0,N,,07/2014,Analyst
29-1141.01,1.A.1.g.2,Time Sharing,LV,3.0,8,0.0,3.0,3.0,N,N,07/2014,Analyst
29-1141.01,1.A.2.a.1,Arm-Hand Steadiness,IM,1.75,8,0.3134,1.1358,2.3642,N,,07/2014,Analyst
29-1141.01,1.A.2.a.1,Arm-Hand Steadiness,LV,1.0,8,0.4629,0.0927,1.9073,N,N,07/2014,Analyst
29-1141.01,1.A.2.a.2,Manual Dexterity,IM,1.75,8,0.3134,1.1358,2.3642,N,,07/2014,Analyst
29-1141.01,1.A.2.a.2,Manual Dexterity,LV,1.0,8,0.4629,0.0927,1.9073,N,N,07/2014,Analyst
29-1141.01,1.A.2.a.3,Finger Dexterity,IM,2.75,8,0.1637,2.4292,3.0708,N,,07/2014,Analyst
29-1141.01,1.A.2.a.3,Finger Dexterity,LV,2.5,8,0.189,2.1296,2.8704,N,N,07/2014,Analyst
29-1141.01,1.A.2.b.1,Control Precision,IM,1.62,8,0.2631,1.1094,2.1406,N,,07/2014,Analyst
29-1141.01,1.A.2.b.1,Control Precision,LV,0.88,8,0.3981,0.0947,1.6553,N,N,07/2014,Analyst
29-1141.01,1.A.2.b.2,Multilimb Coordination,IM,1.62,8,0.2631,1.1094,2.1406,N,,07/2014,Analyst
29-1141.01,1.A.2.b.2,Multilimb Coordination,LV,0.88,8,0.3981,0.0947,1.6553,N,N,07/2014,Analyst
29-1141.01,1.A.2.b.3,Response Orientation,IM,2.0,8,0.0,2.0,2.0,N,,07/2014,Analyst
29-1141.01,1.A.2.b.3,Response Orientation,LV,2.0,8,0.0,2.0,2.0,N,N,07/2014,Analyst
29-1141.01,1.A.2.b.4,Rate Control,IM,1.38,8,0.183,1.0164,1.7336,N,,07/2014,Analyst
29-1141.01,1.A.2.b.4,Rate Control,LV,0.38,8,0.183,0.0164,0.7336,N,N,07/2014,Analyst
29-1141.01,1.A.2.c.1,Reaction Time,IM,2.12,8,0.125,1.88,2.37,N,,07/2014,Analyst
29-1141.01,1.A.2.c.1,Reaction Time,LV,2.0,8,0.0,2.0,2.0,N,N,07/2014,Analyst
29-1141.01,1.A.2.c.2,Wrist-Finger Speed,IM,1.38,8,0.183,1.0164,1.7336,N,,07/2014,Analyst
29-1141.01,1.A.2.c.2,Wrist-Finger Speed,LV,0.38,8,0.183,0.0164,0.7336,N,N,07/2014,Analyst
29-1141.01,1.A.2.c.3,Speed of Limb Movement,IM,1.25,8,0.1637,1.0,1.5708,N,,07/2014,Analyst
29-1141.01,1.A.2.c.3,Speed of Limb Movement,LV,0.25,8,0.1637,0.0,0.5708,N,Y,07/2014,Analyst
29-1141.01,1.A.3.a.1,Static Strength,IM,2.25,8,0.1637,1.9292,2.5708,N,,07/2014,Analyst
29-1141.01,1.A.3.a.1,Static Strength,LV,2.88,8,0.125,2.63,3.12,N,N,07/2014,Analyst
29-1141.01,1.A.3.a.2,Explosive Strength,IM,2.0,8,0.0,2.0,2.0,N,,07/2014,Analyst
29-1141.01,1.A.3.a.2,Explosive Strength,LV,1.88,8,0.125,1.63,2.12,N,N,07/2014,Analyst
29-1141.01,1.A.3.a.3,Dynamic Strength,IM,1.5,8,0.189,1.1296,1.8704,N,,07/2014,Analyst
29-1141.01,1.A.3.a.3,Dynamic Strength,LV,0.75,8,0.3134,0.1358,1.3642,N,N,07/2014,Analyst
29-1141.01,1.A.3.a.4,Trunk Strength,IM,1.62,8,0.183,1.2664,1.9836,N,,07/2014,Analyst
29-1141.01,1.A.3.a.4,Trunk Strength,LV,0.88,8,0.295,0.2967,1.4533,N,N,07/2014,Analyst
29-1141.01,1.A.3.b.1,Stamina,IM,2.0,8,0.0,2.0,2.0,N,,07/2014,Analyst
29-1141.01,1.A.3.b.1,Stamina,LV,1.75,8,0.1637,1.4292,2.0708,N,N,07/2014,Analyst
29-1141.01,1.A.3.c.1,Extent Flexibility,IM,1.5,8,0.189,1.1296,1.8704,N,,07/2014,Analyst
29-1141.01,1.A.3.c.1,Extent Flexibility,LV,0.62,8,0.2631,0.1094,1.1406,N,N,07/2014,Analyst
29-1141.01,1.A.3.c.2,Dynamic Flexibility,IM,1.0,8,0.0,1.0,1.0,N,,07/2014,Analyst
29-1141.01,1.A.3.c.2,Dynamic Flexibility,LV,0.0,8,0.0,0.0,0.0,N,Y,07/2014,Analyst
29-1141.01,1.A.3.c.3,Gross Body Coordination,IM,2.0,8,0.0,2.0,2.0,N,,07/2014,Analyst
29-1141.01,1.A.3.c.3,Gross Body Coordination,LV,2.0,8,0.0,2.0,2.0,N,N,07/2014,Analyst
29-1141.01,1.A.3.c.4,Gross Body Equilibrium,IM,2.0,8,0.0,2.0,2.0,N,,07/2014,Analyst
29-1141.01,1.A.3.c.4,Gross Body Equilibrium,LV,1.88,8,0.125,1.63,2.12,N,N,07/2014,Analyst
29-1141.01,1.A.4.a.1,Near Vision,IM,3.88,8,0.125,3.63,4.12,N,,07/2014,Analyst
29-1141.01,1.A.4.a.1,Near Vision,LV,4.0,8,0.0,4.0,4.0,N,N,07/2014,Analyst
29-1141.01,1.A.4.a.2,Far Vision,IM,2.88,8,0.125,2.63,3.12,N,,07/2014,Analyst
29-1141.01,1.A.4.a.2,Far Vision,LV,2.88,8,0.125,2.63,3.12,N,N,07/2014,Analyst
29-1141.01,1.A.4.a.3,Visual Color Discrimination,IM,3.0,8,0.0,3.0,3.0,N,,07/2014,Analyst
29-1141.01,1.A.4.a.3,Visual Color Discrimination,LV,3.0,8,0.0,3.0,3.0,N,N,07/2014,Analyst
29-1141.01,1.A.4.a.4,Night Vision,IM,1.0,8,0.0,1.0,1.0,N,,07/2014,Analyst
29-1141.01,1.A.4.a.4,Night Vision,LV,0.0,8,0.0,0.0,0.0,N,Y,07/2014,Analyst
29-1141.01,1.A.4.a.5,Peripheral Vision,IM,1.0,8,0.0,1.0,1.0,N,,07/2014,Analyst
29-1141.01,1.A.4.a.5,Peripheral Vision,LV,0.0,8,0.0,0.0,0.0,N,Y,07/2014,Analyst
29-1141.01,1.A.4.a.6,Depth Perception,IM,2.0,8,0.0,2.0,2.0,N,,07/2014,Analyst
29-1141.01,1.A.4.a.6,Depth Perception,LV,1.75,8,0.1637,1.4292,2.0708,N,N,07/2014,Analyst
29-1141.01,1.A.4.a.7,Glare Sensitivity,IM,1.0,8,0.0,1.0,1.0,N,,07/2014,Analyst
29-1141.01,1.A.4.a.7,Glare Sensitivity,LV,0.0,8,0.0,0.0,0.0,N,Y,07/2014,Analyst
29-1141.01,1.A.4.b.1,Hearing Sensitivity,IM,2.25,8,0.1637,1.9292,2.5708,N,,07/2014,Analyst
29-1141.01,1.A.4.b.1,Hearing Sensitivity,LV,2.25,8,0.1637,1.9292,2.5708,N,N,07/2014,Analyst
29-1141.01,1.A.4.b.2,Auditory Attention,IM,2.12,8,0.125,1.88,2.37,N,,07/2014,Analyst
29-1141.01,1.A.4.b.2,Auditory Attention,LV,2.25,8,0.1637,1.9292,2.5708,N,N,07/2014,Analyst
29-1141.01,1.A.4.b.3,Sound Localization,IM,1.0,8,0.0,1.0,1.0,N,,07/2014,Analyst
29-1141.01,1.A.4.b.3,Sound Localization,LV,0.0,8,0.0,0.0,0.0,N,Y,07/2014,Analyst
29-1141.01,1.A.4.b.4,Speech Recognition,IM,3.88,8,0.125,3.63,4.12,N,,07/2014,Analyst
29-1141.01,1.A.4.b.4,Speech Recognition,LV,3.75,8,0.1637,3.4292,4.0708,N,N,07/2014,Analyst
29-1141.01,1.A.4.b.5,Speech Clarity,IM,4.0,8,0.0,4.0,4.0,N,,07/2014,Analyst
29-1141.01,1.A.4.b.5,Speech Clarity,LV,3.62,8,0.183,3.2664,3.9836,N,N,07/2014,Analyst
29-1141.02,1.A.1.a.1,Oral Comprehension,IM,4.25,8,0.1637,3.9292,4.5708,N,,08/2023,Analyst
29-1141.02,1.A.1.a.1,Oral Comprehension,LV,4.38,8,0.183,4.0164,4.7336,N,N,08/2023,Analyst
29-1141.02,1.A.1.a.2,Written Comprehension,IM,4.12,8,0.125,3.88,4.37,N,,08/2023,Analyst
29-1141.02,1.A.1.a.2,Written Comprehension,LV,4.25,8,0.1637,3.9292,4.5708,N,N,08/2023,Analyst
29-1141.02,1.A.1.a.3,Oral Expression,IM,4.25,8,0.1637,3.9292,4.5708,N,,08/2023,Analyst
29-1141.02,1.A.1.a.3,Oral Expression,LV,4.75,8,0.1637,4.4292,5.0708,N,N,08/2023,Analyst
29-1141.02,1.A.1.a.4,Written Expression,IM,4.0,8,0.0,4.0,4.0,N,,08/2023,Analyst
29-1141.02,1.A.1.a.4,Written Expression,LV,4.0,8,0.0,4.0,4.0,N,N,08/2023,Analyst
29-1141.02,1.A.1.b.1,Fluency of Ideas,IM,3.38,8,0.183,3.0164,3.7336,N,,08/2023,Analyst
29-1141.02,1.A.1.b.1,Fluency of Ideas,LV,3.38,8,0.183,3.0164,3.7336,N,N,08/2023,Analyst
29-1141.02,1.A.1.b.2,Originality,IM,3.38,8,0.183,3.0164,3.7336,N,,08/2023,Analyst
29-1141.02,1.A.1.b.2,Originality,LV,3.25,8,0.1637,2.9292,3.5708,N,N,08/2023,Analyst
29-1141.02,1.A.1.b.3,Problem Sensitivity,IM,4.62,8,0.183,4.2664,4.9836,N,,08/2023,Analyst
29-1141.02,1.A.1.b.3,Problem Sensitivity,LV,5.0,8,0.189,4.6296,5.3704,N,N,08/2023,Analyst
29-1141.02,1.A.1.b.4,Deductive Reasoning,IM,4.12,8,0.125,3.88,4.37,N,,08/2023,Analyst
29-1141.02,1.A.1.b.4,Deductive Reasoning,LV,4.12,8,0.125,3.88,4.37,N,N,08/2023,Analyst
29-1141.02,1.A.1.b.5,Inductive Reasoning,IM,4.0,8,0.0,4.0,4.0,N,,08/2023,Analyst
29-1141.02,1.A.1.b.5,Inductive Reasoning,LV,4.25,8,0.1637,3.9292,4.5708,N,N,08/2023,Analyst
29-1141.02,1.A.1.b.6,Information Ordering,IM,3.88,8,0.125,3.63,4.12,N,,08/2023,Analyst
29-1141.02,1.A.1.b.6,Information Ordering,LV,4.0,8,0.0,4.0,4.0,N,N,08/2023,Analyst
29-1141.02,1.A.1.b.7,Category Flexibility,IM,3.5,8,0.189,3.1296,3.8704,N,,08/2023,Analyst
29-1141.02,1.A.1.b.7,Category Flexibility,LV,3.5,8,0.189,3.1296,3.8704,N,N,08/2023,Analyst
29-1141.02,1.A.1.c.1,Mathematical Reasoning,IM,2.62,8,0.183,2.2664,2.9836,N,,08/2023,Analyst
29-1141.02,1.A.1.c.1,Mathematical Reasoning,LV,2.62,8,0.183,2.2664,2.9836,N,N,08/2023,Analyst
29-1141.02,1.A.1.c.2,Number Facility,IM,2.75,8,0.1637,2.4292,3.0708,N,,08/2023,Analyst
29-1141.02,1.A.1.c.2,Number Facility,LV,2.88,8,0.125,2.63,3.12,N,N,08/2023,Analyst
29-1141.02,1.A.1.d.1,Memorization,IM,2.75,8,0.1637,2.4292,3.0708,N,,08/2023,Analyst
29-1141.02,1.A.1.d.1,Memorization,LV,2.75,8,0.1637,2.4292,3.0708,N,N,08/2023,Analyst
29-1141.02,1.A.1.e.1,Speed of Closure,IM,2.88,8,0.2266,2.4309,3.3191,N,,08/2023,Analyst
29-1141.02,1.A.1.e.1,Speed of Closure,LV,3.0,8,0.0,3.0,3.0,N,N,08/2023,Analyst
29-1141.02,1.A.1.e.2,Flexibility of Closure,IM,3.12,8,0.2266,2.6809,3.5691,N,,08/2023,Analyst
29-1141.02,1.A.1.e.2,Flexibility of Closure,LV,3.0,8,0.189,2.6296,3.3704,N,N,08/2023,Analyst
29-1141.02,1.A.1.e.3,Perceptual Speed,IM,2.88,8,0.125,2.63,3.12,N,,08/2023,Analyst
29-1141.02,1.A.1.e.3,Perceptual Speed,LV,2.88,8,0.125,2.63,3.12,N,N,08/2023,Analyst
29-1141.02,1.A.1.f.1,Spatial Orientation,IM,1.0,8,0.0,1.0,1.0,N,,08/2023,Analyst
29-1141.02,1.A.1.f.1,Spatial Orientation,LV,0.0,8,0.0,0.0,0.0,N,Y,08/2023,Analyst
29-1141.02,1.A.1.f.2,Visualization,IM,2.5,8,0.189,2.1296,2.8704,N,,08/2023,Analyst
29-1141.02,1.A.1.f.2,Visualization,LV,2.25,8,0.25,1.76,2.74,N,N,08/2023,Analyst
29-1141.02,1.A.1.g.1,Selective Attention,IM,3.38,8,0.183,3.0164,3.7336,N,,08/2023,Analyst
29-1141.02,1.A.1.g.1,Selective Attention,LV,2.88,8,0.125,2.63,3.12,N,N,08/2023,Analyst
29-1141.02,1.A.1.g.2,Time Sharing,IM,2.75,8,0.1637,2.4292,3.0708,N,,08/2023,Analyst
29-1141.02,1.A.1.g.2,Time Sharing,LV,2.62,8,0.183,2.2664,2.9836,N,N,08/2023,Analyst
29-1141.02,1.A.2.a.1,Arm-Hand Steadiness,IM,1.12,8,0.125,1.0,1.37,N,,08/2023,Analyst
29-1141.02,1.A.2.a.1,Arm-Hand Steadiness,LV,0.12,8,0.125,0.0,0.37,N,Y,08/2023,Analyst
29-1141.02,1.A.2.a.2,Manual Dexterity,IM,1.38,8,0.183,1.0164,1.7336,N,,08/2023,Analyst
29-1141.02,1.A.2.a.2,Manual Dexterity,LV,0.38,8,0.183,0.0164,0.7336,N,N,08/2023,Analyst
29-1141.02,1.A.2.a.3,Finger Dexterity,IM,1.75,8,0.1637,1.4292,2.0708,N,,08/2023,Analyst
29-1141.02,1.A.2.a.3,Finger Dexterity,LV,1.38,8,0.3239,0.7402,2.0098,N,N,08/2023,Analyst
29-1141.02,1.A.2.b.1,Control Precision,IM,1.0,8,0.0,1.0,1.0,N,,08/2023,Analyst
29-1141.02,1.A.2.b.1,Control Precision,LV,0.0,8,0.0,0.0,0.0,N,Y,08/2023,Analyst
29-1141.02,1.A.2.b.2,Multilimb Coordination,IM,1.38,8,0.183,1.0164,1.7336,N,,08/2023,Analyst
29-1141.02,1.A.2.b.2,Multilimb Coordination,LV,0.38,8,0.183,0.0164,0.7336,N,N,08/2023,Analyst
29-1141.02,1.A.2.b.3,Response Orientation,IM,1.88,8,0.125,1.63,2.12,N,,08/2023,Analyst
29-1141.02,1.A.2.b.3,Response Orientation,LV,0.88,8,0.125,0.63,1.12,N,N,08/2023,Analyst
29-1141.02,1.A.2.b.4,Rate Control,IM,1.0,8,0.0,1.0,1.0,N,,08/2023,Analyst
29-1141.02,1.A.2.b.4,Rate Control,LV,0.0,8,0.0,0.0,0.0,N,Y,08/2023,Analyst
29-1141.02,1.A.2.c.1,Reaction Time,IM,2.0,8,0.0,2.0,2.0,N,,08/2023,Analyst
29-1141.02,1.A.2.c.1,Reaction Time,LV,1.38,8,0.183,1.0164,1.7336,N,N,08/2023,Analyst
29-1141.02,1.A.2.c.2,Wrist-Finger Speed,IM,1.25,8,0.1637,1.0,1.5708,N,,08/2023,Analyst
29-1141.02,1.A.2.c.2,Wrist-Finger Speed,LV,0.38,8,0.2631,0.0,0.8906,N,Y,08/2023,Analyst
29-1141.02,1.A.2.c.3,Speed of Limb Movement,IM,1.12,8,0.125,1.0,1.37,N,,08/2023,Analyst
29-1141.02,1.A.2.c.3,Speed of Limb Movement,LV,0.12,8,0.125,0.0,0.37,N,Y,08/2023,Analyst
29-1141.02,1.A.3.a.1,Static Strength,IM,2.0,8,0.0,2.0,2.0,N,,08/2023,Analyst
29-1141.02,1.A.3.a.1,Static Strength,LV,1.88,8,0.125,1.63,2.12,N,N,08/2023,Analyst
29-1141.02,1.A.3.a.2,Explosive Strength,IM,2.0,8,0.0,2.0,2.0,N,,08/2023,Analyst
29-1141.02,1.A.3.a.2,Explosive Strength,LV,1.75,8,0.1637,1.4292,2.0708,N,N,08/2023,Analyst
29-1141.02,1.A.3.a.3,Dynamic Strength,IM,1.25,8,0.1637,1.0,1.5708,N,,08/2023,Analyst
29-1141.02,1.A.3.a.3,Dynamic Strength,LV,0.38,8,0.2631,0.0,0.8906,N,Y,08/2023,Analyst
29-1141.02,1.A.3.a.4,Trunk Strength,IM,1.88,8,0.125,1.63,2.12,N,,08/2023,Analyst
29-1141.02,1.A.3.a.4,Trunk Strength,LV,1.38,8,0.2631,0.8594,1.8906,N,N,08/2023,Analyst
29-1141.02,1.A.3.b.1,Stamina,IM,2.0,8,0.0,2.0,2.0,N,,08/2023,Analyst
29-1141.02,1.A.3.b.1,Stamina,LV,1.25,8,0.1637,0.9292,1.5708,N,N,08/2023,Analyst
29-1141.02,1.A.3.c.1,Extent Flexibility,IM,1.12,8,0.125,1.0,1.37,N,,08/2023,Analyst
29-1141.02,1.A.3.c.1,Extent Flexibility,LV,0.12,8,0.125,0.0,0.37,N,Y,08/2023,Analyst
29-1141.02,1.A.3.c.2,Dynamic Flexibility,IM,1.0,8,0.0,1.0,1.0,N,,08/2023,Analyst
29-1141.02,1.A.3.c.2,Dynamic Flexibility,LV,0.0,8,0.0,0.0,0.0,N,Y,08/2023,Analyst
29-1141.02,1.A.3.c.3,Gross Body Coordination,IM,2.0,8,0.0,2.0,2.0,N,,08/2023,Analyst
29-1141.02,1.A.3.c.3,Gross Body Coordination,LV,1.0,8,0.0,1.0,1.0,N,N,08/2023,Analyst
29-1141.02,1.A.3.c.4,Gross Body Equilibrium,IM,1.88,8,0.125,1.63,2.12,N,,08/2023,Analyst
29-1141.02,1.A.3.c.4,Gross Body Equilibrium,LV,0.88,8,0.125,0.63,1.12,N,N,08/2023,Analyst
29-1141.02,1.A.4.a.1,Near Vision,IM,3.75,8,0.1637,3.4292,4.0708,N,,08/2023,Analyst
29-1141.02,1.A.4.a.1,Near Vision,LV,3.75,8,0.1637,3.4292,4.0708,N,N,08/2023,Analyst
29-1141.02,1.A.4.a.2,Far Vision,IM,2.75,8,0.1637,2.4292,3.0708,N,,08/2023,Analyst
29-1141.02,1.A.4.a.2,Far Vision,LV,2.88,8,0.125,2.63,3.12,N,N,08/2023,Analyst
29-1141.02,1.A.4.a.3,Visual Color Discrimination,IM,2.38,8,0.183,2.0164,2.7336,N,,08/2023,Analyst
29-1141.02,1.A.4.a.3,Visual Color Discrimination,LV,2.38,8,0.183,2.0164,2.7336,N,N,08/2023,Analyst
29-1141.02,1.A.4.a.4,Night Vision,IM,1.0,8,0.0,1.0,1.0,N,,08/2023,Analyst
29-1141.02,1.A.4.a.4,Night Vision,LV,0.0,8,0.0,0.0,0.0,N,Y,08/2023,Analyst
29-1141.02,1.A.4.a.5,Peripheral Vision,IM,1.0,8,0.0,1.0,1.0,N,,08/2023,Analyst
29-1141.02,1.A.4.a.5,Peripheral Vision,LV,0.0,8,0.0,0.0,0.0,N,Y,08/2023,Analyst
29-1141.02,1.A.4.a.6,Depth Perception,IM,1.62,8,0.183,1.2664,1.9836,N,,08/2023,Analyst
29-1141.02,1.A.4.a.6,Depth Perception,LV,0.62,8,0.183,0.2664,0.9836,N,N,08/2023,Analyst
29-1141.02,1.A.4.a.7,Glare Sensitivity,IM,1.0,8,0.0,1.0,1.0,N,,08/2023,Analyst
29-1141.02,1.A.4.a.7,Glare Sensitivity,LV,0.0,8,0.0,0.0,0.0,N,Y,08/2023,Analyst
29-1141.02,1.A.4.b.1,Hearing Sensitivity,IM,1.88,8,0.125,1.63,2.12,N,,08/2023,Analyst
29-1141.02,1.A.4.b.1,Hearing Sensitivity,LV,1.75,8,0.25,1.26,2.24,N,N,08/2023,Analyst
29-1141.02,1.A.4.b.2,Auditory Attention,IM,2.12,8,0.125,1.88,2.37,N,,08/2023,Analyst
29-1141.02,1.A.4.b.2,Auditory Attention,LV,2.0,8,0.0,2.0,2.0,N,N,08/2023,Analyst
29-1141.02,1.A.4.b.3,Sound Localization,IM,1.0,8,0.0,1.0,1.0,N,,08/2023,Analyst
29-1141.02,1.A.4.b.3,Sound Localization,LV,0.0,8,0.0,0.0,0.0,N,Y,08/2023,Analyst
29-1141.02,1.A.4.b.4,Speech Recognition,IM,4.0,8,0.0,4.0,4.0,N,,08/2023,Analyst
29-1141.02,1.A.4.b.4,Speech Recognition,LV,4.0,8,0.0,4.0,4.0,N,N,08/2023,Analyst
29-1141.02,1.A.4.b.5,Speech Clarity,IM,4.0,8,0.0,4.0,4.0,N,,08/2023,Analyst
29-1141.02,1.A.4.b.5,Speech Clarity,LV,3.75,8,0.1637,3.4292,4.0708,N,N,08/2023,Analyst
29-1141.03,1.A.1.a.1,Oral Comprehension,IM,4.12,8,0.125,3.88,4.37,N,,08/2021,Analyst
29-1141.03,1.A.1.a.1,Oral Comprehension,LV,4.62,8,0.183,4.2664,4.9836,N,N,08/2021,Analyst
29-1141.03,1.A.1.a.2,Written Comprehension,IM,3.88,8,0.125,3.63,4.12,N,,08/2021,Analyst
29-1141.03,1.A.1.a.2,Written Comprehension,LV,4.0,8,0.0,4.0,4.0,N,N,08/2021,Analyst
29-1141.03,1.A.1.a.3,Oral Expression,IM,4.0,8,0.0,4.0,4.0,N,,08/2021,Analyst
29-1141.03,1.A.1.a.3,Oral Expression,LV,4.12,8,0.125,3.88,4.37,N,N,08/2021,Analyst
29-1141.03,1.A.1.a.4,Written Expression,IM,3.88,8,0.125,3.63,4.12,N,,08/2021,Analyst
29-1141.03,1.A.1.a.4,Written Expression,LV,3.88,8,0.125,3.63,4.12,N,N,08/2021,Analyst
29-1141.03,1.A.1.b.1,Fluency of Ideas,IM,3.38,8,0.183,3.0164,3.7336,N,,08/2021,Analyst
29-1141.03,1.A.1.b.1,Fluency of Ideas,LV,3.62,8,0.183,3.2664,3.9836,N,N,08/2021,Analyst
29-1141.03,1.A.1.b.2,Originality,IM,3.12,8,0.125,2.88,3.37,N,,08/2021,Analyst
29-1141.03,1.A.1.b.2,Originality,LV,3.25,8,0.1637,2.9292,3.5708,N,N,08/2021,Analyst
29-1141.03,1.A.1.b.3,Problem Sensitivity,IM,4.12,8,0.125,3.88,4.37,N,,08/2021,Analyst
29-1141.03,1.A.1.b.3,Problem Sensitivity,LV,5.0,8,0.0,5.0,5.0,N,N,08/2021,Analyst
29-1141.03,1.A.1.b.4,Deductive Reasoning,IM,4.0,8,0.0,4.0,4.0,N,,08/2021,Analyst
29-1141.03,1.A.1.b.4,Deductive Reasoning,LV,4.12,8,0.125,3.88,4.37,N,N,08/2021,Analyst
29-1141.03,1.A.1.b.5,Inductive Reasoning,IM,4.0,8,0.0,4.0,4.0,N,,08/2021,Analyst
29-1141.03,1.A.1.b.5,Inductive Reasoning,LV,4.12,8,0.125,3.88,4.37,N,N,08/2021,Analyst
29-1141.03,1.A.1.b.6,Information Ordering,IM,3.88,8,0.125,3.63,4.12,N,,08/2021,Analyst
29-1141.03,1.A.1.b.6,Information Ordering,LV,3.88,8,0.125,3.63,4.12,N,N,08/2021,Analyst
29-1141.03,1.A.1.b.7,Category Flexibility,IM,3.12,8,0.125,2.88,3.37,N,,08/2021,Analyst
29-1141.03,1.A.1.b.7,Category Flexibility,LV,3.88,8,0.125,3.63,4.12,N,N,08/2021,Analyst
29-1141.03,1.A.1.c.1,Mathematical Reasoning,IM,2.88,8,0.125,2.63,3.12,N,,08/2021,Analyst
29-1141.03,1.A.1.c.1,Mathematical Reasoning,LV,3.0,8,0.0,3.0,3.0,N,N,08/2021,Analyst
29-1141.03,1.A.1.c.2,Number Facility,IM,2.88,8,0.125,2.63,3.12,N,,08/2021,Analyst
29-1141.03,1.A.1.c.2,Number Facility,LV,2.88,8,0.125,2.63,3.12,N,N,08/2021,Analyst
29-1141.03,1.A.1.d.1,Memorization,IM,2.88,8,0.125,2.63,3.12,N,,08/2021,Analyst
29-1141.03,1.A.1.d.1,Memorization,LV,2.88,8,0.125,2.63,3.12,N,N,08/2021,Analyst
29-1141.03,1.A.1.e.1,Speed of Closure,IM,3.38,8,0.183,3.0164,3.7336,N,,08/2021,Analyst
29-1141.03,1.A.1.e.1,Speed of Closure,LV,3.62,8,0.183,3.2664,3.9836,N,N,08/2021,Analyst
29-1141.03,1.A.1.e.2,Flexibility of Closure,IM,3.88,8,0.125,3.63,4.12,N,,08/2021,Analyst
29-1141.03,1.A.1.e.2,Flexibility of Closure,LV,3.88,8,0.125,3.63,4.12,N,N,08/2021,Analyst
29-1141.03,1.A.1.e.3,Perceptual Speed,IM,3.75,8,0.1637,3.4292,4.0708,N,,08/2021,Analyst
29-1141.03,1.A.1.e.3,Perceptual Speed,LV,3.88,8,0.125,3.63,4.12,N,N,08/2021,Analyst
29-1141.03,1.A.1.f.1,Spatial Orientation,IM,1.0,8,0.0,1.0,1.0,N,,08/2021,Analyst
29-1141.03,1.A.1.f.1,Spatial Orientation,LV,0.0,8,0.0,0.0,0.0,N,Y,08/2021,Analyst
29-1141.03,1.A.1.f.2,Visualization,IM,2.88,8,0.125,2.63,3.12,N,,08/2021,Analyst
29-1141.03,1.A.1.f.2,Visualization,LV,2.88,8,0.125,2.63,3.12,N,N,08/2021,Analyst
29-1141.03,1.A.1.g.1,Selective Attention,IM,3.75,8,0.1637,3.4292,4.0708,N,,08/2021,Analyst
29-1141.03,1.A.1.g.1,Selective Attention,LV,3.75,8,0.1637,3.4292,4.0708,N,N,08/2021,Analyst
29-1141.03,1.A.1.g.2,Time Sharing,IM,3.0,8,0.0,3.0,3.0,N,,08/2021,Analyst
29-1141.03,1.A.1.g.2,Time Sharing,LV,3.0,8,0.0,3.0,3.0,N,N,08/2021,Analyst
29-1141.03,1.A.2.a.1,Arm-Hand Steadiness,IM,3.0,8,0.0,3.0,3.0,N,,08/2021,Analyst
29-1141.03,1.A.2.a.1,Arm-Hand Steadiness,LV,3.62,8,0.183,3.2664,3.9836,N,N,08/2021,Analyst
29-1141.03,1.A.2.a.2,Manual Dexterity,IM,3.0,8,0.0,3.0,3.0,N,,08/2021,Analyst
29-1141.03,1.A.2.a.2,Manual Dexterity,LV,3.0,8,0.0,3.0,3.0,N,N,08/2021,Analyst
29-1141.03,1.A.2.a.3,Finger Dexterity,IM,3.38,8,0.183,3.0164,3.7336,N,,08/2021,Analyst
29-1141.03,1.A.2.a.3,Finger Dexterity,LV,3.12,8,0.125,2.88,3.37,N,N,08/2021,Analyst
29-1141.03,1.A.2.b.1,Control Precision,IM,2.88,8,0.125,2.63,3.12,N,,08/2021,Analyst
29-1141.03,1.A.2.b.1,Control Precision,LV,2.88,8,0.125,2.63,3.12,N,N,08/2021,Analyst
29-1141.03,1.A.2.b.2,Multilimb Coordination,IM,2.88,8,0.125,2.63,3.12,N,,08/2021,Analyst
29-1141.03,1.A.2.b.2,Multilimb Coordination,LV,2.88,8,0.125,2.63,3.12,N,N,08/2021,Analyst
29-1141.03,1.A.2.b.3,Response Orientation,IM,2.38,8,0.183,2.0164,2.7336,N,,08/2021,Analyst
29-1141.03,1.A.2.b.3,Response Orientation,LV,2.12,8,0.125,1.88,2.37,N,N,08/2021,Analyst
29-1141.03,1.A.2.b.4,Rate Control,IM,2.0,8,0.0,2.0,2.0,N,,08/2021,Analyst
29-1141.03,1.A.2.b.4,Rate Control,LV,1.62,8,0.183,1.2664,1.9836,N,N,08/2021,Analyst
29-1141.03,1.A.2.c.1,Reaction Time,IM,2.12,8,0.125,1.88,2.37,N,,08/2021,Analyst
29-1141.03,1.A.2.c.1,Reaction Time,LV,2.62,8,0.183,2.2664,2.9836,N,N,08/2021,Analyst
29-1141.03,1.A.2.c.2,Wrist-Finger Speed,IM,2.25,8,0.1637,1.9292,2.5708,N,,08/2021,Analyst
29-1141.03,1.A.2.c.2,Wrist-Finger Speed,LV,2.12,8,0.125,1.88,2.37,N,N,08/2021,Analyst
29-1141.03,1.A.2.c.3,Speed of Limb Movement,IM,2.0,8,0.0,2.0,2.0,N,,08/2021,Analyst
29-1141.03,1.A.2.c.3,Speed of Limb Movement,LV,1.75,8,0.1637,1.4292,2.0708,N,N,08/2021,Analyst
29-1141.03,1.A.3.a.1,Static Strength,IM,2.88,8,0.125,2.63,3.12,N,,08/2021,Analyst
29-1141.03,1.A.3.a.1,Static Strength,LV,2.88,8,0.125,2.63,3.12,N,N,08/2021,Analyst
29-1141.03,1.A.3.a.2,Explosive Strength,IM,2.12,8,0.125,1.88,2.37,N,,08/2021,Analyst
29-1141.03,1.A.3.a.2,Explosive Strength,LV,2.12,8,0.125,1.88,2.37,N,N,08/2021,Analyst
29-1141.03,1.A.3.a.3,Dynamic Strength,IM,2.12,8,0.125,1.88,2.37,N,,08/2021,Analyst
29-1141.03,1.A.3.a.3,Dynamic Strength,LV,2.12,8,0.125,1.88,2.37,N,N,08/2021,Analyst
29-1141.03,1.A.3.a.4,Trunk Strength,IM,3.0,8,0.0,3.0,3.0,N,,08/2021,Analyst
29-1141.03,1.A.3.a.4,Trunk Strength,LV,3.0,8,0.0,3.0,3.0,N,N,08/2021,Analyst
29-1141.03,1.A.3.b.1,Stamina,IM,2.25,8,0.1637,1.9292,2.5708,N,,08/2021,Analyst
29-1141.03,1.A.3.b.1,Stamina,LV,2.12,8,0.125,1.88,2.37,N,N,08/2021,Analyst
29-1141.03,1.A.3.c.1,Extent Flexibility,IM,2.75,8,0.1637,2.4292,3.0708,N,,08/2021,Analyst
29-1141.03,1.A.3.c.1,Extent Flexibility,LV,2.75,8,0.1637,2.4292,3.0708,N,N,08/2021,Analyst
29-1141.03,1.A.3.c.2,Dynamic Flexibility,IM,1.0,8,0.0,1.0,1.0,N,,08/2021,Analyst
29-1141.03,1.A.3.c.2,Dynamic Flexibility,LV,0.0,8,0.0,0.0,0.0,N,Y,08/2021,Analyst
29-1141.03,1.A.3.c.3,Gross Body Coordination,IM,2.38,8,0.183,2.0164,2.7336,N,,08/2021,Analyst
29-1141.03,1.A.3.c.3,Gross Body Coordination,LV,2.25,8,0.1637,1.9292,2.5708,N,N,08/2021,Analyst
29-1141.03,1.A.3.c.4,Gross Body Equilibrium,IM,2.25,8,0.1637,1.9292,2.5708,N,,08/2021,Analyst
29-1141.03,1.A.3.c.4,Gross Body Equilibrium,LV,2.0,8,0.189,1.6296,2.3704,N,N,08/2021,Analyst
29-1141.03,1.A.4.a.1,Near Vision,IM,3.88,8,0.125,3.63,4.12,N,,08/2021,Analyst
29-1141.03,1.A.4.a.1,Near Vision,LV,4.0,8,0.0,4.0,4.0,N,N,08/2021,Analyst
29-1141.03,1.A.4.a.2,Far Vision,IM,2.88,8,0.125,2.63,3.12,N,,08/2021,Analyst
29-1141.03,1.A.4.a.2,Far Vision,LV,3.12,8,0.2266,2.6809,3.5691,N,N,08/2021,Analyst
29-1141.03,1.A.4.a.3,Visual Color Discrimination,IM,2.88,8,0.125,2.63,3.12,N,,08/2021,Analyst
29-1141.03,1.A.4.a.3,Visual Color Discrimination,LV,2.88,8,0.125,2.63,3.12,N,N,08/2021,Analyst
29-1141.03,1.A.4.a.4,Night Vision,IM,1.0,8,0.0,1.0,1.0,N,,08/2021,Analyst
29-1141.03,1.A.4.a.4,Night Vision,LV,0.0,8,0.0,0.0,0.0,N,Y,08/2021,Analyst
29-1141.03,1.A.4.a.5,Peripheral Vision,IM,1.0,8,0.0,1.0,1.0,N,,08/2021,Analyst
29-1141.03,1.A.4.a.5,Peripheral Vision,LV,0.0,8,0.0,0.0,0.0,N,Y,08/2021,Analyst
29-1141.03,1.A.4.a.6,Depth Perception,IM,2.25,8,0.1637,1.9292,2.5708,N,,08/2021,Analyst
29-1141.03,1.A.4.a.6,Depth Perception,LV,2.38,8,0.183,2.0164,2.7336,N,N,08/2021,Analyst
29-1141.03,1.A.4.a.7,Glare Sensitivity,IM,1.5,8,0.189,1.1296,1.8704,N,,08/2021,Analyst
29-1141.03,1.A.4.a.7,Glare Sensitivity,LV,0.5,8,0.189,0.1296,0.8704,N,N,08/2021,Analyst
29-1141.03,1.A.4.b.1,Hearing Sensitivity,IM,2.88,8,0.125,2.63,3.12,N,,08/2021,Analyst
29-1141.03,1.A.4.b.1,Hearing Sensitivity,LV,2.88,8,0.125,2.63,3.12,N,N,08/2021,Analyst
29-1141.03,1.A.4.b.2,Auditory Attention,IM,3.0,8,0.0,3.0,3.0,N,,08/2021,Analyst
29-1141.03,1.A.4.b.2,Auditory Attention,LV,2.88,8,0.125,2.63,3.12,N,N,08/2021,Analyst
29-1141.03,1.A.4.b.3,Sound Localization,IM,1.0,8,0.0,1.0,1.0,N,,08/2021,Analyst
29-1141.03,1.A.4.b.3,Sound Localization,LV,0.0,8,0.0,0.0,0.0,N,Y,08/2021,Analyst
29-1141.03,1.A.4.b.4,Speech Recognition,IM,4.0,8,0.0,4.0,4.0,N,,08/2021,Analyst
29-1141.03,1.A.4.b.4,Speech Recognition,LV,4.0,8,0.0,4.0,4.0,N,N,08/2021,Analyst
29-1141.03,1.A.4.b.5,Speech Clarity,IM,4.0,8,0.0,4.0,4.0,N,,08/2021,Analyst
29-1141.03,1.A.4.b.5,Speech Clarity,LV,3.88,8,0.125,3.63,4.12,N,N,08/2021,Analyst
29-1141.04,1.A.1.a.1,Oral Comprehension,IM,4.12,8,0.125,3.88,4.37,N,,08/2020,Analyst
29-1141.04,1.A.1.a.1,Oral Comprehension,LV,4.62,8,0.2631,4.1094,5.1406,N,N,08/2020,Analyst
29-1141.04,1.A.1.a.2,Written Comprehension,IM,4.12,8,0.125,3.88,4.37,N,,08/2020,Analyst
29-1141.04,1.A.1.a.2,Written Comprehension,LV,4.25,8,0.1637,3.9292,4.5708,N,N,08/2020,Analyst
29-1141.04,1.A.1.a.3,Oral Expression,IM,4.12,8,0.125,3.88,4.37,N,,08/2020,Analyst
29-1141.04,1.A.1.a.3,Oral Expression,LV,4.38,8,0.2631,3.8594,4.8906,N,N,08/2020,Analyst
29-1141.04,1.A.1.a.4,Written Expression,IM,4.0,8,0.0,4.0,4.0,N,,08/2020,Analyst
29-1141.04,1.A.1.a.4,Written Expression,LV,4.25,8,0.1637,3.9292,4.5708,N,N,08/2020,Analyst
29-1141.04,1.A.1.b.1,Fluency of Ideas,IM,3.38,8,0.183,3.0164,3.7336,N,,08/2020,Analyst
29-1141.04,1.A.1.b.1,Fluency of Ideas,LV,3.5,8,0.2673,2.9762,4.0238,N,N,08/2020,Analyst
29-1141.04,1.A.1.b.2,Originality,IM,3.25,8,0.1637,2.9292,3.5708,N,,08/2020,Analyst
29-1141.04,1.A.1.b.2,Originality,LV,3.5,8,0.2673,2.9762,4.0238,N,N,08/2020,Analyst
29-1141.04,1.A.1.b.3,Problem Sensitivity,IM,4.0,8,0.0,4.0,4.0,N,,08/2020,Analyst
29-1141.04,1.A.1.b.3,Problem Sensitivity,LV,4.38,8,0.2631,3.8594,4.8906,N,N,08/2020,Analyst
29-1141.04,1.A.1.b.4,Deductive Reasoning,IM,4.12,8,0.125,3.88,4.37,N,,08/2020,Analyst
29-1141.04,1.A.1.b.4,Deductive Reasoning,LV,4.38,8,0.2631,3.8594,4.8906,N,N,08/2020,Analyst
29-1141.04,1.A.1.b.5,Inductive Reasoning,IM,4.0,8,0.0,4.0,4.0,N,,08/2020,Analyst
29-1141.04,1.A.1.b.5,Inductive Reasoning,LV,4.38,8,0.2631,3.8594,4.8906,N,N,08/2020,Analyst
29-1141.04,1.A.1.b.6,Information Ordering,IM,3.62,8,0.183,3.2664,3.9836,N,,08/2020,Analyst
29-1141.04,1.A.1.b.6,Information Ordering,LV,4.0,8,0.189,3.6296,4.3704,N,N,08/2020,Analyst
29-1141.04,1.A.1.b.7,Category Flexibility,IM,3.62,8,0.183,3.2664,3.9836,N,,08/2020,Analyst
29-1141.04,1.A.1.b.7,Category Flexibility,LV,3.62,8,0.2631,3.1094,4.1406,N,N,08/2020,Analyst
29-1141.04,1.A.1.c.1,Mathematical Reasoning,IM,3.0,8,0.189,2.6296,3.3704,N,,08/2020,Analyst
29-1141.04,1.A.1.c.1,Mathematical Reasoning,LV,3.0,8,0.0,3.0,3.0,N,N,08/2020,Analyst
29-1141.04,1.A.1.c.2,Number Facility,IM,3.0,8,0.0,3.0,3.0,N,,08/2020,Analyst
29-1141.04,1.A.1.c.2,Number Facility,LV,3.12,8,0.125,2.88,3.37,N,N,08/2020,Analyst
29-1141.04,1.A.1.d.1,Memorization,IM,3.12,8,0.125,2.88,3.37,N,,08/2020,Analyst
29-1141.04,1.A.1.d.1,Memorization,LV,3.0,8,0.0,3.0,3.0,N,N,08/2020,Analyst
29-1141.04,1.A.1.e.1,Speed of Closure,IM,3.12,8,0.125,2.88,3.37,N,,08/2020,Analyst
29-1141.04,1.A.1.e.1,Speed of Closure,LV,3.12,8,0.125,2.88,3.37,N,N,08/2020,Analyst
29-1141.04,1.A.1.e.2,Flexibility of Closure,IM,3.25,8,0.1637,2.9292,3.5708,N,,08/2020,Analyst
29-1141.04,1.A.1.e.2,Flexibility of Closure,LV,3.25,8,0.1637,2.9292,3.5708,N,N,08/2020,Analyst
29-1141.04,1.A.1.e.3,Perceptual Speed,IM,3.0,8,0.0,3.0,3.0,N,,08/2020,Analyst
29-1141.04,1.A.1.e.3,Perceptual Speed,LV,3.0,8,0.0,3.0,3.0,N,N,08/2020,Analyst
29-1141.04,1.A.1.f.1,Spatial Orientation,IM,1.12,8,0.125,1.0,1.37,N,,08/2020,Analyst
29-1141.04,1.A.1.f.1,Spatial Orientation,LV,0.25,8,0.25,0.0,0.74,N,Y,08/2020,Analyst
29-1141.04,1.A.1.f.2,Visualization,IM,2.5,8,0.189,2.1296,2.8704,N,,08/2020,Analyst
29-1141.04,1.A.1.f.2,Visualization,LV,2.75,8,0.1637,2.4292,3.0708,N,N,08/2020,Analyst
29-1141.04,1.A.1.g.1,Selective Attention,IM,3.12,8,0.125,2.88,3.37,N,,08/2020,Analyst
29-1141.04,1.A.1.g.1,Selective Attention,LV,3.25,8,0.1637,2.9292,3.5708,N,N,08/2020,Analyst
29-1141.04,1.A.1.g.2,Time Sharing,IM,3.12,8,0.125,2.88,3.37,N,,08/2020,Analyst
29-1141.04,1.A.1.g.2,Time Sharing,LV,3.0,8,0.0,3.0,3.0,N,N,08/2020,Analyst
29-1141.04,1.A.2.a.1,Arm-Hand Steadiness,IM,3.0,8,0.0,3.0,3.0,N,,08/2020,Analyst
29-1141.04,1.A.2.a.1,Arm-Hand Steadiness,LV,3.12,8,0.125,2.88,3.37,N,N,08/2020,Analyst
29-1141.04,1.A.2.a.2,Manual Dexterity,IM,3.0,8,0.0,3.0,3.0,N,,08/2020,Analyst
29-1141.04,1.A.2.a.2,Manual Dexterity,LV,2.88,8,0.125,2.63,3.12,N,N,08/2020,Analyst
29-1141.04,1.A.2.a.3,Finger Dexterity,IM,3.0,8,0.0,3.0,3.0,N,,08/2020,Analyst
29-1141.04,1.A.2.a.3,Finger Dexterity,LV,3.0,8,0.0,3.0,3.0,N,N,08/2020,Analyst
29-1141.04,1.A.2.b.1,Control Precision,IM,2.38,8,0.183,2.0164,2.7336,N,,08/2020,Analyst
29-1141.04,1.A.2.b.1,Control Precision,LV,2.75,8,0.1637,2.4292,3.0708,N,N,08/2020,Analyst
29-1141.04,1.A.2.b.2,Multilimb Coordination,IM,2.38,8,0.183,2.0164,2.7336,N,,08/2020,Analyst
29-1141.04,1.A.2.b.2,Multilimb Coordination,LV,2.5,8,0.189,2.1296,2.8704,N,N,08/2020,Analyst
29-1141.04,1.A.2.b.3,Response Orientation,IM,2.12,8,0.125,1.88,2.37,N,,08/2020,Analyst
29-1141.04,1.A.2.b.3,Response Orientation,LV,2.25,8,0.1637,1.9292,2.5708,N,N,08/2020,Analyst
29-1141.04,1.A.2.b.4,Rate Control,IM,1.75,8,0.1637,1.4292,2.0708,N,,08/2020,Analyst
29-1141.04,1.A.2.b.4,Rate Control,LV,1.38,8,0.3239,0.7402,2.0098,N,N,08/2020,Analyst
29-1141.04,1.A.2.c.1,Reaction Time,IM,2.0,8,0.0,2.0,2.0,N,,08/2020,Analyst
29-1141.04,1.A.2.c.1,Reaction Time,LV,2.0,8,0.0,2.0,2.0,N,N,08/2020,Analyst
29-1141.04,1.A.2.c.2,Wrist-Finger Speed,IM,1.88,8,0.125,1.63,2.12,N,,08/2020,Analyst
29-1141.04,1.A.2.c.2,Wrist-Finger Speed,LV,1.75,8,0.25,1.26,2.24,N,N,08/2020,Analyst
29-1141.04,1.A.2.c.3,Speed of Limb Movement,IM,1.75,8,0.1637,1.4292,2.0708,N,,08/2020,Analyst
29-1141.04,1.A.2.c.3,Speed of Limb Movement,LV,1.38,8,0.3239,0.7402,2.0098,N,N,08/2020,Analyst
29-1141.04,1.A.3.a.1,Static Strength,IM,2.12,8,0.125,1.88,2.37,N,,08/2020,Analyst
29-1141.04,1.A.3.a.1,Static Strength,LV,2.5,8,0.189,2.1296,2.8704,N,N,08/2020,Analyst
29-1141.04,1.A.3.a.2,Explosive Strength,IM,1.75,8,0.1637,1.4292,2.0708,N,,08/2020,Analyst
29-1141.04,1.A.3.a.2,Explosive Strength,LV,1.38,8,0.3239,0.7402,2.0098,N,N,08/2020,Analyst
29-1141.04,1.A.3.a.3,Dynamic Strength,IM,1.88,8,0.125,1.63,2.12,N,,08/2020,Analyst
29-1141.04,1.A.3.a.3,Dynamic Strength,LV,1.62,8,0.2631,1.1094,2.1406,N,N,08/2020,Analyst
29-1141.04,1.A.3.a.4,Trunk Strength,IM,2.62,8,0.183,2.2664,2.9836,N,,08/2020,Analyst
29-1141.04,1.A.3.a.4,Trunk Strength,LV,2.38,8,0.183,2.0164,2.7336,N,N,08/2020,Analyst
29-1141.04,1.A.3.b.1,Stamina,IM,2.25,8,0.1637,1.9292,2.5708,N,,08/2020,Analyst
29-1141.04,1.A.3.b.1,Stamina,LV,2.12,8,0.2266,1.6809,2.5691,N,N,08/2020,Analyst
29-1141.04,1.A.3.c.1,Extent Flexibility,IM,2.12,8,0.125,1.88,2.37,N,,08/2020,Analyst
29-1141.04,1.A.3.c.1,Extent Flexibility,LV,2.0,8,0.189,1.6296,2.3704,N,N,08/2020,Analyst
29-1141.04,1.A.3.c.2,Dynamic Flexibility,IM,1.12,8,0.125,1.0,1.37,N,,08/2020,Analyst
29-1141.04,1.A.3.c.2,Dynamic Flexibility,LV,0.12,8,0.125,0.0,0.37,N,Y,08/2020,Analyst
29-1141.04,1.A.3.c.3,Gross Body Coordination,IM,1.88,8,0.125,1.63,2.12,N,,08/2020,Analyst
29-1141.04,1.A.3.c.3,Gross Body Coordination,LV,1.75,8,0.25,1.26,2.24,N,N,08/2020,Analyst
29-1141.04,1.A.3.c.4,Gross Body Equilibrium,IM,1.75,8,0.1637,1.4292,2.0708,N,,08/2020,Analyst
29-1141.04,1.A.3.c.4,Gross Body Equilibrium,LV,1.5,8,0.3273,0.8584,2.1416,N,N,08/2020,Analyst
29-1141.04,1.A.4.a.1,Near Vision,IM,3.62,8,0.183,3.2664,3.9836,N,,08/2020,Analyst
29-1141.04,1.A.4.a.1,Near Vision,LV,3.75,8,0.1637,3.4292,4.0708,N,N,08/2020,Analyst
29-1141.04,1.A.4.a.2,Far Vision,IM,3.0,8,0.0,3.0,3.0,N,,08/2020,Analyst
29-1141.04,1.A.4.a.2,Far Vision,LV,3.0,8,0.0,3.0,3.0,N,N,08/2020,Analyst
29-1141.04,1.A.4.a.3,Visual Color Discrimination,IM,2.88,8,0.125,2.63,3.12,N,,08/2020,Analyst
29-1141.04,1.A.4.a.3,Visual Color Discrimination,LV,2.88,8,0.125,2.63,3.12,N,N,08/2020,Analyst
29-1141.04,1.A.4.a.4,Night Vision,IM,1.0,8,0.0,1.0,1.0,N,,08/2020,Analyst
29-1141.04,1.A.4.a.4,Night Vision,LV,0.0,8,0.0,0.0,0.0,N,Y,08/2020,Analyst
29-1141.04,1.A.4.a.5,Peripheral Vision,IM,1.0,8,0.0,1.0,1.0,N,,08/2020,Analyst
29-1141.04,1.A.4.a.5,Peripheral Vision,LV,0.0,8,0.0,0.0,0.0,N,Y,08/2020,Analyst
29-1141.04,1.A.4.a.6,Depth Perception,IM,2.0,8,0.0,2.0,2.0,N,,08/2020,Analyst
29-1141.04,1.A.4.a.6,Depth Perception,LV,1.88,8,0.125,1.63,2.12,N,N,08/2020,Analyst
29-1141.04,1.A.4.a.7,Glare Sensitivity,IM,1.0,8,0.0,1.0,1.0,N,,08/2020,Analyst
29-1141.04,1.A.4.a.7,Glare Sensitivity,LV,0.0,8,0.0,0.0,0.0,N,Y,08/2020,Analyst
29-1141.04,1.A.4.b.1,Hearing Sensitivity,IM,2.25,8,0.25,1.76,2.74,N,,08/2020,Analyst
29-1141.04,1.A.4.b.1,Hearing Sensitivity,LV,2.12,8,0.3504,1.4383,2.8117,N,N,08/2020,Analyst
29-1141.04,1.A.4.b.2,Auditory Attention,IM,2.75,8,0.1637,2.4292,3.0708,N,,08/2020,Analyst
29-1141.04,1.A.4.b.2,Auditory Attention,LV,2.75,8,0.1637,2.4292,3.0708,N,N,08/2020,Analyst
29-1141.04,1.A.4.b.3,Sound Localization,IM,1.0,8,0.0,1.0,1.0,N,,08/2020,Analyst
29-1141.04,1.A.4.b.3,Sound Localization,LV,0.0,8,0.0,0.0,0.0,N,Y,08/2020,Analyst
29-1141.04,1.A.4.b.4,Speech Recognition,IM,3.62,8,0.183,3.2664,3.9836,N,,08/2020,Analyst
29-1141.04,1.A.4.b.4,Speech Recognition,LV,3.75,8,0.1637,3.4292,4.0708,N,N,08/2020,Analyst
29-1141.04,1.A.4.b.5,Speech Clarity,IM,4.0,8,0.0,4.0,4.0,N,,08/2020,Analyst
29-1141.04,1.A.4.b.5,Speech Clarity,LV,4.12,8,0.125,3.88,4.37,N,N,08/2020,Analyst
29-1151.00,1.A.1.a.1,Oral Comprehension,IM,4.12,8,0.125,3.88,4.37,N,,08/2021,Analyst
29-1151.00,1.A.1.a.1,Oral Comprehension,LV,5.0,8,0.0,5.0,5.0,N,N,08/2021,Analyst
29-1151.00,1.A.1.a.2,Written Comprehension,IM,4.12,8,0.125,3.88,4.37,N,,08/2021,Analyst
29-1151.00,1.A.1.a.2,Written Comprehension,LV,4.5,8,0.189,4.1296,4.8704,N,N,08/2021,Analyst
29-1151.00,1.A.1.a.3,Oral Expression,IM,4.0,8,0.0,4.0,4.0,N,,08/2021,Analyst
29-1151.00,1.A.1.a.3,Oral Expression,LV,4.25,8,0.1637,3.9292,4.5708,N,N,08/2021,Analyst
29-1151.00,1.A.1.a.4,Written Expression,IM,4.0,8,0.0,4.0,4.0,N,,08/2021,Analyst
29-1151.00,1.A.1.a.4,Written Expression,LV,4.0,8,0.0,4.0,4.0,N,N,08/2021,Analyst
29-1151.00,1.A.1.b.1,Fluency of Ideas,IM,3.38,8,0.183,3.0164,3.7336,N,,08/2021,Analyst
29-1151.00,1.A.1.b.1,Fluency of Ideas,LV,3.75,8,0.1637,3.4292,4.0708,N,N,08/2021,Analyst
29-1151.00,1.A.1.b.2,Originality,IM,3.12,8,0.125,2.88,3.37,N,,08/2021,Analyst
29-1151.00,1.A.1.b.2,Originality,LV,3.25,8,0.1637,2.9292,3.5708,N,N,08/2021,Analyst
29-1151.00,1.A.1.b.3,Problem Sensitivity,IM,4.75,8,0.1637,4.4292,5.0,N,,08/2021,Analyst
29-1151.00,1.A.1.b.3,Problem Sensitivity,LV,5.0,8,0.0,5.0,5.0,N,N,08/2021,Analyst
29-1151.00,1.A.1.b.4,Deductive Reasoning,IM,4.0,8,0.0,4.0,4.0,N,,08/2021,Analyst
29-1151.00,1.A.1.b.4,Deductive Reasoning,LV,4.12,8,0.125,3.88,4.37,N,N,08/2021,Analyst
29-1151.00,1.A.1.b.5,Inductive Reasoning,IM,4.0,8,0.0,4.0,4.0,N,,08/2021,Analyst
29-1151.00,1.A.1.b.5,Inductive Reasoning,LV,4.25,8,0.1637,3.9292,4.5708,N,N,08/2021,Analyst
29-1151.00,1.A.1.b.6,Information Ordering,IM,4.12,8,0.125,3.88,4.37,N,,08/2021,Analyst
29-1151.00,1.A.1.b.6,Information Ordering,LV,4.0,8,0.0,4.0,4.0,N,N,08/2021,Analyst
29-1151.00,1.A.1.b.7,Category Flexibility,IM,3.38,8,0.183,3.0164,3.7336,N,,08/2021,Analyst
29-1151.00,1.A.1.b.7,Category Flexibility,LV,3.75,8,0.1637,3.4292,4.0708,N,N,08/2021,Analyst
29-1151.00,1.A.1.c.1,Mathematical Reasoning,IM,3.12,8,0.125,2.88,3.37,N,,08/2021,Analyst
29-1151.00,1.A.1.c.1,Mathematical Reasoning,LV,3.12,8,0.125,2.88,3.37,N,N,08/2021,Analyst
29-1151.00,1.A.1.c.2,Number Facility,IM,3.12,8,0.125,2.88,3.37,N,,08/2021,Analyst
29-1151.00,1.A.1.c.2,Number Facility,LV,3.12,8,0.125,2.88,3.37,N,N,08/2021,Analyst
29-1151.00,1.A.1.d.1,Memorization,IM,3.0,8,0.0,3.0,3.0,N,,08/2021,Analyst
29-1151.00,1.A.1.d.1,Memorization,LV,3.0,8,0.0,3.0,3.0,N,N,08/2021,Analyst
29-1151.00,1.A.1.e.1,Speed of Closure,IM,3.25,8,0.1637,2.9292,3.5708,N,,08/2021,Analyst
29-1151.00,1.A.1.e.1,Speed of Closure,LV,3.25,8,0.1637,2.9292,3.5708,N,N,08/2021,Analyst
29-1151.00,1.A.1.e.2,Flexibility of Closure,IM,3.25,8,0.1637,2.9292,3.5708,N,,08/2021,Analyst
29-1151.00,1.A.1.e.2,Flexibility of Closure,LV,3.25,8,0.1637,2.9292,3.5708,N,N,08/2021,Analyst
29-1151.00,1.A.1.e.3,Perceptual Speed,IM,3.38,8,0.183,3.0164,3.7336,N,,08/2021,Analyst
29-1151.00,1.A.1.e.3,Perceptual Speed,LV,3.38,8,0.183,3.0164,3.7336,N,N,08/2021,Analyst
29-1151.00,1.A.1.f.1,Spatial Orientation,IM,1.0,8,0.0,1.0,1.0,N,,08/2021,Analyst
29-1151.00,1.A.1.f.1,Spatial Orientation,LV,0.0,8,0.0,0.0,0.0,N,Y,08/2021,Analyst
29-1151.00,1.A.1.f.2,Visualization,IM,3.12,8,0.125,2.88,3.37,N,,08/2021,Analyst
29-1151.00,1.A.1.f.2,Visualization,LV,3.12,8,0.125,2.88,3.37,N,N,08/2021,Analyst
29-1151.00,1.A.1.g.1,Selective Attention,IM,3.5,8,0.189,3.1296,3.8704,N,,08/2021,Analyst
29-1151.00,1.A.1.g.1,Selective Attention,LV,4.0,8,0.0,4.0,4.0,N,N,08/2021,Analyst
29-1151.00,1.A.1.g.2,Time Sharing,IM,3.12,8,0.125,2.88,3.37,N,,08/2021,Analyst
29-1151.00,1.A.1.g.2,Time Sharing,LV,3.12,8,0.125,2.88,3.37,N,N,08/2021,Analyst
29-1151.00,1.A.2.a.1,Arm-Hand Steadiness,IM,3.25,8,0.1637,2.9292,3.5708,N,,08/2021,Analyst
29-1151.00,1.A.2.a.1,Arm-Hand Steadiness,LV,3.12,8,0.125,2.88,3.37,N,N,08/2021,Analyst
29-1151.00,1.A.2.a.2,Manual Dexterity,IM,3.12,8,0.125,2.88,3.37,N,,08/2021,Analyst
29-1151.00,1.A.2.a.2,Manual Dexterity,LV,3.0,8,0.0,3.0,3.0,N,N,08/2021,Analyst
29-1151.00,1.A.2.a.3,Finger Dexterity,IM,3.12,8,0.125,2.88,3.37,N,,08/2021,Analyst
29-1151.00,1.A.2.a.3,Finger Dexterity,LV,3.0,8,0.0,3.0,3.0,N,N,08/2021,Analyst
29-1151.00,1.A.2.b.1,Control Precision,IM,3.0,8,0.0,3.0,3.0,N,,08/2021,Analyst
29-1151.00,1.A.2.b.1,Control Precision,LV,3.0,8,0.0,3.0,3.0,N,N,08/2021,Analyst
29-1151.00,1.A.2.b.2,Multilimb Coordination,IM,2.88,8,0.125,2.63,3.12,N,,08/2021,Analyst
29-1151.00,1.A.2.b.2,Multilimb Coordination,LV,2.88,8,0.125,2.63,3.12,N,N,08/2021,Analyst
29-1151.00,1.A.2.b.3,Response Orientation,IM,1.88,8,0.125,1.63,2.12,N,,08/2021,Analyst
29-1151.00,1.A.2.b.3,Response Orientation,LV,1.75,8,0.25,1.26,2.24,N,N,08/2021,Analyst
29-1151.00,1.A.2.b.4,Rate Control,IM,2.12,8,0.125,1.88,2.37,N,,08/2021,Analyst
29-1151.00,1.A.2.b.4,Rate Control,LV,2.12,8,0.125,1.88,2.37,N,N,08/2021,Analyst
29-1151.00,1.A.2.c.1,Reaction Time,IM,2.38,8,0.183,2.0164,2.7336,N,,08/2021,Analyst
29-1151.00,1.A.2.c.1,Reaction Time,LV,2.5,8,0.189,2.1296,2.8704,N,N,08/2021,Analyst
29-1151.00,1.A.2.c.2,Wrist-Finger Speed,IM,2.25,8,0.1637,1.9292,2.5708,N,,08/2021,Analyst
29-1151.00,1.A.2.c.2,Wrist-Finger Speed,LV,2.12,8,0.125,1.88,2.37,N,N,08/2021,Analyst
29-1151.00,1.A.2.c.3,Speed of Limb Movement,IM,1.12,8,0.125,1.0,1.37,N,,08/2021,Analyst
29-1151.00,1.A.2.c.3,Speed of Limb Movement,LV,0.12,8,0.125,0.0,0.37,N,Y,08/2021,Analyst
29-1151.00,1.A.3.a.1,Static Strength,IM,2.25,8,0.1637,1.9292,2.5708,N,,08/2021,Analyst
29-1151.00,1.A.3.a.1,Static Strength,LV,2.25,8,0.1637,1.9292,2.5708,N,N,08/2021,Analyst
29-1151.00,1.A.3.a.2,Explosive Strength,IM,1.25,8,0.25,1.0,1.74,N,,08/2021,Analyst
29-1151.00,1.A.3.a.2,Explosive Strength,LV,0.38,8,0.375,0.0,1.11,N,Y,08/2021,Analyst
29-1151.00,1.A.3.a.3,Dynamic Strength,IM,2.0,8,0.0,2.0,2.0,N,,08/2021,Analyst
29-1151.00,1.A.3.a.3,Dynamic Strength,LV,1.62,8,0.183,1.2664,1.9836,N,N,08/2021,Analyst
29-1151.00,1.A.3.a.4,Trunk Strength,IM,2.38,8,0.183,2.0164,2.7336,N,,08/2021,Analyst
29-1151.00,1.A.3.a.4,Trunk Strength,LV,2.25,8,0.1637,1.9292,2.5708,N,N,08/2021,Analyst
29-1151.00,1.A.3.b.1,Stamina,IM,2.12,8,0.125,1.88,2.37,N,,08/2021,Analyst
29-1151.00,1.A.3.b.1,Stamina,LV,1.88,8,0.125,1.63,2.12,N,N,08/2021,Analyst
29-1151.00,1.A.3.c.1,Extent Flexibility,IM,2.25,8,0.1637,1.9292,2.5708,N,,08/2021,Analyst
29-1151.00,1.A.3.c.1,Extent Flexibility,LV,2.12,8,0.125,1.88,2.37,N,N,08/2021,Analyst
29-1151.00,1.A.3.c.2,Dynamic Flexibility,IM,1.0,8,0.0,1.0,1.0,N,,08/2021,Analyst
29-1151.00,1.A.3.c.2,Dynamic Flexibility,LV,0.0,8,0.0,0.0,0.0,N,Y,08/2021,Analyst
29-1151.00,1.A.3.c.3,Gross Body Coordination,IM,2.0,8,0.0,2.0,2.0,N,,08/2021,Analyst
29-1151.00,1.A.3.c.3,Gross Body Coordination,LV,1.25,8,0.1637,0.9292,1.5708,N,N,08/2021,Analyst
29-1151.00,1.A.3.c.4,Gross Body Equilibrium,IM,2.0,8,0.0,2.0,2.0,N,,08/2021,Analyst
29-1151.00,1.A.3.c.4,Gross Body Equilibrium,LV,1.25,8,0.1637,0.9292,1.5708,N,N,08/2021,Analyst
29-1151.00,1.A.4.a.1,Near Vision,IM,4.0,8,0.0,4.0,4.0,N,,08/2021,Analyst
29-1151.00,1.A.4.a.1,Near Vision,LV,4.0,8,0.0,4.0,4.0,N,N,08/2021,Analyst
29-1151.00,1.A.4.a.2,Far Vision,IM,3.0,8,0.0,3.0,3.0,N,,08/2021,Analyst
29-1151.00,1.A.4.a.2,Far Vision,LV,3.12,8,0.125,2.88,3.37,N,N,08/2021,Analyst
29-1151.00,1.A.4.a.3,Visual Color Discrimination,IM,3.0,8,0.0,3.0,3.0,N,,08/2021,Analyst
29-1151.00,1.A.4.a.3,Visual Color Discrimination,LV,3.0,8,0.0,3.0,3.0,N,N,08/2021,Analyst
29-1151.00,1.A.4.a.4,Night Vision,IM,1.0,8,0.0,1.0,1.0,N,,08/2021,Analyst
29-1151.00,1.A.4.a.4,Night Vision,LV,0.0,8,0.0,0.0,0.0,N,Y,08/2021,Analyst
29-1151.00,1.A.4.a.5,Peripheral Vision,IM,1.0,8,0.0,1.0,1.0,N,,08/2021,Analyst
29-1151.00,1.A.4.a.5,Peripheral Vision,LV,0.0,8,0.0,0.0,0.0,N,Y,08/2021,Analyst
29-1151.00,1.A.4.a.6,Depth Perception,IM,2.12,8,0.125,1.88,2.37,N,,08/2021,Analyst
29-1151.00,1.A.4.a.6,Depth Perception,LV,2.12,8,0.125,1.88,2.37,N,N,08/2021,Analyst
29-1151.00,1.A.4.a.7,Glare Sensitivity,IM,1.88,8,0.125,1.63,2.12,N,,08/2021,Analyst
29-1151.00,1.A.4.a.7,Glare Sensitivity,LV,1.12,8,0.2266,0.6809,1.5691,N,N,08/2021,Analyst
29-1151.00,1.A.4.b.1,Hearing Sensitivity,IM,2.88,8,0.125,2.63,3.12,N,,08/2021,Analyst
29-1151.00,1.A.4.b.1,Hearing Sensitivity,LV,2.75,8,0.1637,2.4292,3.0708,N,N,08/2021,Analyst
29-1151.00,1.A.4.b.2,Auditory Attention,IM,2.88,8,0.125,2.63,3.12,N,,08/2021,Analyst
29-1151.00,1.A.4.b.2,Auditory Attention,LV,2.88,8,0.125,2.63,3.12,N,N,08/2021,Analyst
29-1151.00,1.A.4.b.3,Sound Localization,IM,1.0,8,0.0,1.0,1.0,N,,08/2021,Analyst
29-1151.00,1.A.4.b.3,Sound Localization,LV,0.0,8,0.0,0.0,0.0,N,Y,08/2021,Analyst
29-1151.00,1.A.4.b.4,Speech Recognition,IM,3.75,8,0.1637,3.4292,4.0708,N,,08/2021,Analyst
29-1151.00,1.A.4.b.4,Speech Recognition,LV,3.38,8,0.183,3.0164,3.7336,N,N,08/2021,Analyst
29-1151.00,1.A.4.b.5,Speech Clarity,IM,4.0,8,0.0,4.0,4.0,N,,08/2021,Analyst
29-1151.00,1.A.4.b.5,Speech Clarity,LV,3.38,8,0.183,3.0164,3.7336,N,N,08/2021,Analyst
29-1161.00,1.A.1.a.1,Oral Comprehension,IM,4.12,8,0.125,3.88,4.37,N,,08/2021,Analyst
29-1161.00,1.A.1.a.1,Oral Comprehension,LV,4.75,8,0.1637,4.4292,5.0708,N,N,08/2021,Analyst
29-1161.00,1.A.1.a.2,Written Comprehension,IM,4.25,8,0.1637,3.9292,4.5708,N,,08/2021,Analyst
29-1161.00,1.A.1.a.2,Written Comprehension,LV,4.5,8,0.189,4.1296,4.8704,N,N,08/2021,Analyst
29-1161.00,1.A.1.a.3,Oral Expression,IM,4.12,8,0.125,3.88,4.37,N,,08/2021,Analyst
29-1161.00,1.A.1.a.3,Oral Expression,LV,4.62,8,0.183,4.2664,4.9836,N,N,08/2021,Analyst
29-1161.00,1.A.1.a.4,Written Expression,IM,4.0,8,0.189,3.6296,4.3704,N,,08/2021,Analyst
29-1161.00,1.A.1.a.4,Written Expression,LV,4.0,8,0.0,4.0,4.0,N,N,08/2021,Analyst
29-1161.00,1.A.1.b.1,Fluency of Ideas,IM,3.12,8,0.125,2.88,3.37,N,,08/2021,Analyst
29-1161.00,1.A.1.b.1,Fluency of Ideas,LV,3.25,8,0.1637,2.9292,3.5708,N,N,08/2021,Analyst
29-1161.00,1.A.1.b.2,Originality,IM,3.0,8,0.0,3.0,3.0,N,,08/2021,Analyst
29-1161.00,1.A.1.b.2,Originality,LV,3.0,8,0.0,3.0,3.0,N,N,08/2021,Analyst
29-1161.00,1.A.1.b.3,Problem Sensitivity,IM,4.12,8,0.125,3.88,4.37,N,,08/2021,Analyst
29-1161.00,1.A.1.b.3,Problem Sensitivity,LV,5.12,8,0.125,4.88,5.37,N,N,08/2021,Analyst
29-1161.00,1.A.1.b.4,Deductive Reasoning,IM,4.12,8,0.125,3.88,4.37,N,,08/2021,Analyst
29-1161.00,1.A.1.b.4,Deductive Reasoning,LV,4.38,8,0.183,4.0164,4.7336,N,N,08/2021,Analyst
29-1161.00,1.A.1.b.5,Inductive Reasoning,IM,4.0,8,0.0,4.0,4.0,N,,08/2021,Analyst
29-1161.00,1.A.1.b.5,Inductive Reasoning,LV,4.25,8,0.1637,3.9292,4.5708,N,N,08/2021,Analyst
29-1161.00,1.A.1.b.6,Information Ordering,IM,3.62,8,0.183,3.2664,3.9836,N,,08/2021,Analyst
29-1161.00,1.A.1.b.6,Information Ordering,LV,4.0,8,0.0,4.0,4.0,N,N,08/2021,Analyst
29-1161.00,1.A.1.b.7,Category Flexibility,IM,3.38,8,0.183,3.0164,3.7336,N,,08/2021,Analyst
29-1161.00,1.A.1.b.7,Category Flexibility,LV,3.88,8,0.125,3.63,4.12,N,N,08/2021,Analyst
29-1161.00,1.A.1.c.1,Mathematical Reasoning,IM,2.75,8,0.1637,2.4292,3.0708,N,,08/2021,Analyst
29-1161.00,1.A.1.c.1,Mathematical Reasoning,LV,2.75,8,0.1637,2.4292,3.0708,N,N,08/2021,Analyst
29-1161.00,1.A.1.c.2,Number Facility,IM,2.62,8,0.183,2.2664,2.9836,N,,08/2021,Analyst
29-1161.00,1.A.1.c.2,Number Facility,LV,2.88,8,0.125,2.63,3.12,N,N,08/2021,Analyst
29-1161.00,1.A.1.d.1,Memorization,IM,3.12,8,0.125,2.88,3.37,N,,08/2021,Analyst
29-1161.00,1.A.1.d.1,Memorization,LV,3.0,8,0.0,3.0,3.0,N,N,08/2021,Analyst
29-1161.00,1.A.1.e.1,Speed of Closure,IM,3.0,8,0.189,2.6296,3.3704,N,,08/2021,Analyst
29-1161.00,1.A.1.e.1,Speed of Closure,LV,3.12,8,0.125,2.88,3.37,N,N,08/2021,Analyst
29-1161.00,1.A.1.e.2,Flexibility of Closure,IM,3.12,8,0.125,2.88,3.37,N,,08/2021,Analyst
29-1161.00,1.A.1.e.2,Flexibility of Closure,LV,3.12,8,0.125,2.88,3.37,N,N,08/2021,Analyst
29-1161.00,1.A.1.e.3,Perceptual Speed,IM,3.12,8,0.125,2.88,3.37,N,,08/2021,Analyst
29-1161.00,1.A.1.e.3,Perceptual Speed,LV,3.12,8,0.125,2.88,3.37,N,N,08/2021,Analyst
29-1161.00,1.A.1.f.1,Spatial Orientation,IM,1.12,8,0.125,1.0,1.37,N,,08/2021,Analyst
29-1161.00,1.A.1.f.1,Spatial Orientation,LV,0.12,8,0.125,0.0,0.37,N,Y,08/2021,Analyst
29-1161.00,1.A.1.f.2,Visualization,IM,3.0,8,0.189,2.6296,3.3704,N,,08/2021,Analyst
29-1161.00,1.A.1.f.2,Visualization,LV,2.88,8,0.2266,2.4309,3.3191,N,N,08/2021,Analyst
29-1161.00,1.A.1.g.1,Selective Attention,IM,3.38,8,0.183,3.0164,3.7336,N,,08/2021,Analyst
29-1161.00,1.A.1.g.1,Selective Attention,LV,3.12,8,0.125,2.88,3.37,N,N,08/2021,Analyst
29-1161.00,1.A.1.g.2,Time Sharing,IM,3.12,8,0.125,2.88,3.37,N,,08/2021,Analyst
29-1161.00,1.A.1.g.2,Time Sharing,LV,3.0,8,0.0,3.0,3.0,N,N,08/2021,Analyst
29-1161.00,1.A.2.a.1,Arm-Hand Steadiness,IM,3.12,8,0.125,2.88,3.37,N,,08/2021,Analyst
29-1161.00,1.A.2.a.1,Arm-Hand Steadiness,LV,3.12,8,0.125,2.88,3.37,N,N,08/2021,Analyst
29-1161.00,1.A.2.a.2,Manual Dexterity,IM,3.0,8,0.0,3.0,3.0,N,,08/2021,Analyst
29-1161.00,1.A.2.a.2,Manual Dexterity,LV,3.0,8,0.0,3.0,3.0,N,N,08/2021,Analyst
29-1161.00,1.A.2.a.3,Finger Dexterity,IM,3.0,8,0.0,3.0,3.0,N,,08/2021,Analyst
29-1161.00,1.A.2.a.3,Finger Dexterity,LV,3.12,8,0.125,2.88,3.37,N,N,08/2021,Analyst
29-1161.00,1.A.2.b.1,Control Precision,IM,2.5,8,0.189,2.1296,2.8704,N,,08/2021,Analyst
29-1161.00,1.A.2.b.1,Control Precision,LV,2.88,8,0.125,2.63,3.12,N,N,08/2021,Analyst
29-1161.00,1.A.2.b.2,Multilimb Coordination,IM,2.75,8,0.1637,2.4292,3.0708,N,,08/2021,Analyst
29-1161.00,1.A.2.b.2,Multilimb Coordination,LV,2.75,8,0.1637,2.4292,3.0708,N,N,08/2021,Analyst
29-1161.00,1.A.2.b.3,Response Orientation,IM,2.0,8,0.189,1.6296,2.3704,N,,08/2021,Analyst
29-1161.00,1.A.2.b.3,Response Orientation,LV,1.12,8,0.2266,0.6809,1.5691,N,N,08/2021,Analyst
29-1161.00,1.A.2.b.4,Rate Control,IM,1.0,8,0.0,1.0,1.0,N,,08/2021,Analyst
29-1161.00,1.A.2.b.4,Rate Control,LV,0.0,8,0.0,0.0,0.0,N,Y,08/2021,Analyst
29-1161.00,1.A.2.c.1,Reaction Time,IM,1.62,8,0.183,1.2664,1.9836,N,,08/2021,Analyst
29-1161.00,1.A.2.c.1,Reaction Time,LV,0.75,8,0.25,0.26,1.24,N,N,08/2021,Analyst
29-1161.00,1.A.2.c.2,Wrist-Finger Speed,IM,1.5,8,0.189,1.1296,1.8704,N,,08/2021,Analyst
29-1161.00,1.A.2.c.2,Wrist-Finger Speed,LV,0.62,8,0.2631,0.1094,1.1406,N,N,08/2021,Analyst
29-1161.00,1.A.2.c.3,Speed of Limb Movement,IM,1.0,8,0.0,1.0,1.0,N,,08/2021,Analyst
29-1161.00,1.A.2.c.3,Speed of Limb Movement,LV,0.0,8,0.0,0.0,0.0,N,Y,08/2021,Analyst
29-1161.00,1.A.3.a.1,Static Strength,IM,2.75,8,0.1637,2.4292,3.0708,N,,08/2021,Analyst
29-1161.00,1.A.3.a.1,Static Strength,LV,2.38,8,0.183,2.0164,2.7336,N,N,08/2021,Analyst
29-1161.00,1.A.3.a.2,Explosive Strength,IM,1.38,8,0.183,1.0164,1.7336,N,,08/2021,Analyst
29-1161.00,1.A.3.a.2,Explosive Strength,LV,0.38,8,0.183,0.0164,0.7336,N,N,08/2021,Analyst
29-1161.00,1.A.3.a.3,Dynamic Strength,IM,2.0,8,0.189,1.6296,2.3704,N,,08/2021,Analyst
29-1161.00,1.A.3.a.3,Dynamic Strength,LV,1.88,8,0.295,1.2967,2.4533,N,N,08/2021,Analyst
29-1161.00,1.A.3.a.4,Trunk Strength,IM,2.88,8,0.2266,2.4309,3.3191,N,,08/2021,Analyst
29-1161.00,1.A.3.a.4,Trunk Strength,LV,2.88,8,0.2266,2.4309,3.3191,N,N,08/2021,Analyst
29-1161.00,1.A.3.b.1,Stamina,IM,2.12,8,0.125,1.88,2.37,N,,08/2021,Analyst
29-1161.00,1.A.3.b.1,Stamina,LV,2.0,8,0.189,1.6296,2.3704,N,N,08/2021,Analyst
29-1161.00,1.A.3.c.1,Extent Flexibility,IM,2.25,8,0.1637,1.9292,2.5708,N,,08/2021,Analyst
29-1161.00,1.A.3.c.1,Extent Flexibility,LV,2.25,8,0.1637,1.9292,2.5708,N,N,08/2021,Analyst
29-1161.00,1.A.3.c.2,Dynamic Flexibility,IM,1.0,8,0.0,1.0,1.0,N,,08/2021,Analyst
29-1161.00,1.A.3.c.2,Dynamic Flexibility,LV,0.0,8,0.0,0.0,0.0,N,Y,08/2021,Analyst
29-1161.00,1.A.3.c.3,Gross Body Coordination,IM,2.0,8,0.0,2.0,2.0,N,,08/2021,Analyst
29-1161.00,1.A.3.c.3,Gross Body Coordination,LV,1.75,8,0.1637,1.4292,2.0708,N,N,08/2021,Analyst
29-1161.00,1.A.3.c.4,Gross Body Equilibrium,IM,1.88,8,0.125,1.63,2.12,N,,08/2021,Analyst
29-1161.00,1.A.3.c.4,Gross Body Equilibrium,LV,1.12,8,0.2266,0.6809,1.5691,N,N,08/2021,Analyst
29-1161.00,1.A.4.a.1,Near Vision,IM,3.75,8,0.1637,3.4292,4.0708,N,,08/2021,Analyst
29-1161.00,1.A.4.a.1,Near Vision,LV,3.88,8,0.125,3.63,4.12,N,N,08/2021,Analyst
29-1161.00,1.A.4.a.2,Far Vision,IM,2.88,8,0.125,2.63,3.12,N,,08/2021,Analyst
29-1161.00,1.A.4.a.2,Far Vision,LV,2.88,8,0.125,2.63,3.12,N,N,08/2021,Analyst
29-1161.00,1.A.4.a.3,Visual Color Discrimination,IM,2.75,8,0.1637,2.4292,3.0708,N,,08/2021,Analyst
29-1161.00,1.A.4.a.3,Visual Color Discrimination,LV,2.88,8,0.125,2.63,3.12,N,N,08/2021,Analyst
29-1161.00,1.A.4.a.4,Night Vision,IM,1.0,8,0.0,1.0,1.0,N,,08/2021,Analyst
29-1161.00,1.A.4.a.4,Night Vision,LV,0.0,8,0.0,0.0,0.0,N,Y,08/2021,Analyst
29-1161.00,1.A.4.a.5,Peripheral Vision,IM,1.0,8,0.0,1.0,1.0,N,,08/2021,Analyst
29-1161.00,1.A.4.a.5,Peripheral Vision,LV,0.0,8,0.0,0.0,0.0,N,Y,08/2021,Analyst
29-1161.00,1.A.4.a.6,Depth Perception,IM,2.0,8,0.0,2.0,2.0,N,,08/2021,Analyst
29-1161.00,1.A.4.a.6,Depth Perception,LV,1.88,8,0.125,1.63,2.12,N,N,08/2021,Analyst
29-1161.00,1.A.4.a.7,Glare Sensitivity,IM,1.0,8,0.0,1.0,1.0,N,,08/2021,Analyst
29-1161.00,1.A.4.a.7,Glare Sensitivity,LV,0.0,8,0.0,0.0,0.0,N,Y,08/2021,Analyst
29-1161.00,1.A.4.b.1,Hearing Sensitivity,IM,2.12,8,0.125,1.88,2.37,N,,08/2021,Analyst
29-1161.00,1.A.4.b.1,Hearing Sensitivity,LV,2.0,8,0.0,2.0,2.0,N,N,08/2021,Analyst
29-1161.00,1.A.4.b.2,Auditory Attention,IM,2.38,8,0.183,2.0164,2.7336,N,,08/2021,Analyst
29-1161.00,1.A.4.b.2,Auditory Attention,LV,2.25,8,0.1637,1.9292,2.5708,N,N,08/2021,Analyst
29-1161.00,1.A.4.b.3,Sound Localization,IM,1.0,8,0.0,1.0,1.0,N,,08/2021,Analyst
29-1161.00,1.A.4.b.3,Sound Localization,LV,0.0,8,0.0,0.0,0.0,N,Y,08/2021,Analyst
29-1161.00,1.A.4.b.4,Speech Recognition,IM,3.75,8,0.1637,3.4292,4.0708,N,,08/2021,Analyst
29-1161.00,1.A.4.b.4,Speech Recognition,LV,3.88,8,0.125,3.63,4.12,N,N,08/2021,Analyst
29-1161.00,1.A.4.b.5,Speech Clarity,IM,3.75,8,0.1637,3.4292,4.0708,N,,08/2021,Analyst
29-1161.00,1.A.4.b.5,Speech Clarity,LV,3.88,8,0.2266,3.4309,4.3191,N,N,08/2021,Analyst
29-1171.00,1.A.1.a.1,Oral Comprehension,IM,4.0,8,0.0,4.0,4.0,N,,08/2021,Analyst
29-1171.00,1.A.1.a.1,Oral Comprehension,LV,5.0,8,0.0,5.0,5.0,N,N,08/2021,Analyst
29-1171.00,1.A.1.a.2,Written Comprehension,IM,4.25,8,0.1637,3.9292,4.5708,N,,08/2021,Analyst
29-1171.00,1.A.1.a.2,Written Comprehension,LV,5.0,8,0.0,5.0,5.0,N,N,08/2021,Analyst
29-1171.00,1.A.1.a.3,Oral Expression,IM,4.12,8,0.125,3.88,4.37,N,,08/2021,Analyst
29-1171.00,1.A.1.a.3,Oral Expression,LV,4.12,8,0.125,3.88,4.37,N,N,08/2021,Analyst
29-1171.00,1.A.1.a.4,Written Expression,IM,4.12,8,0.125,3.88,4.37,N,,08/2021,Analyst
29-1171.00,1.A.1.a.4,Written Expression,LV,4.25,8,0.1637,3.9292,4.5708,N,N,08/2021,Analyst
29-1171.00,1.A.1.b.1,Fluency of Ideas,IM,3.25,8,0.1637,2.9292,3.5708,N,,08/2021,Analyst
29-1171.00,1.A.1.b.1,Fluency of Ideas,LV,3.62,8,0.183,3.2664,3.9836,N,N,08/2021,Analyst
29-1171.00,1.A.1.b.2,Originality,IM,3.0,8,0.0,3.0,3.0,N,,08/2021,Analyst
29-1171.00,1.A.1.b.2,Originality,LV,3.12,8,0.125,2.88,3.37,N,N,08/2021,Analyst
29-1171.00,1.A.1.b.3,Problem Sensitivity,IM,4.25,8,0.1637,3.9292,4.5708,N,,08/2021,Analyst
29-1171.00,1.A.1.b.3,Problem Sensitivity,LV,5.12,8,0.125,4.88,5.37,N,N,08/2021,Analyst
29-1171.00,1.A.1.b.4,Deductive Reasoning,IM,4.12,8,0.125,3.88,4.37,N,,08/2021,Analyst
29-1171.00,1.A.1.b.4,Deductive Reasoning,LV,4.38,8,0.183,4.0164,4.7336,N,N,08/2021,Analyst
29-1171.00,1.A.1.b.5,Inductive Reasoning,IM,4.25,8,0.1637,3.9292,4.5708,N,,08/2021,Analyst
29-1171.00,1.A.1.b.5,Inductive Reasoning,LV,4.88,8,0.125,4.63,5.12,N,N,08/2021,Analyst
29-1171.00,1.A.1.b.6,Information Ordering,IM,4.0,8,0.0,4.0,4.0,N,,08/2021,Analyst
29-1171.00,1.A.1.b.6,Information Ordering,LV,4.0,8,0.0,4.0,4.0,N,N,08/2021,Analyst
29-1171.00,1.A.1.b.7,Category Flexibility,IM,3.38,8,0.183,3.0164,3.7336,N,,08/2021,Analyst
29-1171.00,1.A.1.b.7,Category Flexibility,LV,3.88,8,0.125,3.63,4.12,N,N,08/2021,Analyst
29-1171.00,1.A.1.c.1,Mathematical Reasoning,IM,2.88,8,0.125,2.63,3.12,N,,08/2021,Analyst
29-1171.00,1.A.1.c.1,Mathematical Reasoning,LV,3.12,8,0.125,2.88,3.37,N,N,08/2021,Analyst
29-1171.00,1.A.1.c.2,Number Facility,IM,3.0,8,0.0,3.0,3.0,N,,08/2021,Analyst
29-1171.00,1.A.1.c.2,Number Facility,LV,3.0,8,0.0,3.0,3.0,N,N,08/2021,Analyst
29-1171.00,1.A.1.d.1,Memorization,IM,3.0,8,0.0,3.0,3.0,N,,08/2021,Analyst
29-1171.00,1.A.1.d.1,Memorization,LV,3.12,8,0.125,2.88,3.37,N,N,08/2021,Analyst
29-1171.00,1.A.1.e.1,Speed of Closure,IM,3.12,8,0.125,2.88,3.37,N,,08/2021,Analyst
29-1171.00,1.A.1.e.1,Speed of Closure,LV,3.12,8,0.125,2.88,3.37,N,N,08/2021,Analyst
29-1171.00,1.A.1.e.2,Flexibility of Closure,IM,3.25,8,0.1637,2.9292,3.5708,N,,08/2021,Analyst
29-1171.00,1.A.1.e.2,Flexibility of Closure,LV,3.62,8,0.183,3.2664,3.9836,N,N,08/2021,Analyst
29-1171.00,1.A.1.e.3,Perceptual Speed,IM,3.0,8,0.0,3.0,3.0,N,,08/2021,Analyst
29-1171.00,1.A.1.e.3,Perceptual Speed,LV,3.0,8,0.0,3.0,3.0,N,N,08/2021,Analyst
29-1171.00,1.A.1.f.1,Spatial Orientation,IM,1.0,8,0.0,1.0,1.0,N,,08/2021,Analyst
29-1171.00,1.A.1.f.1,Spatial Orientation,LV,0.0,8,0.0,0.0,0.0,N,Y,08/2021,Analyst
29-1171.00,1.A.1.f.2,Visualization,IM,2.88,8,0.125,2.63,3.12,N,,08/2021,Analyst
29-1171.00,1.A.1.f.2,Visualization,LV,2.88,8,0.125,2.63,3.12,N,N,08/2021,Analyst
29-1171.00,1.A.1.g.1,Selective Attention,IM,3.0,8,0.0,3.0,3.0,N,,08/2021,Analyst
29-1171.00,1.A.1.g.1,Selective Attention,LV,3.0,8,0.0,3.0,3.0,N,N,08/2021,Analyst
29-1171.00,1.A.1.g.2,Time Sharing,IM,3.0,8,0.0,3.0,3.0,N,,08/2021,Analyst
29-1171.00,1.A.1.g.2,Time Sharing,LV,3.0,8,0.0,3.0,3.0,N,N,08/2021,Analyst
29-1171.00,1.A.2.a.1,Arm-Hand Steadiness,IM,2.75,8,0.1637,2.4292,3.0708,N,,08/2021,Analyst
29-1171.00,1.A.2.a.1,Arm-Hand Steadiness,LV,3.0,8,0.189,2.6296,3.3704,N,N,08/2021,Analyst
29-1171.00,1.A.2.a.2,Manual Dexterity,IM,2.75,8,0.1637,2.4292,3.0708,N,,08/2021,Analyst
29-1171.00,1.A.2.a.2,Manual Dexterity,LV,2.75,8,0.1637,2.4292,3.0708,N,N,08/2021,Analyst
29-1171.00,1.A.2.a.3,Finger Dexterity,IM,2.75,8,0.1637,2.4292,3.0708,N,,08/2021,Analyst
29-1171.00,1.A.2.a.3,Finger Dexterity,LV,2.88,8,0.125,2.63,3.12,N,N,08/2021,Analyst
29-1171.00,1.A.2.b.1,Control Precision,IM,2.5,8,0.189,2.1296,2.8704,N,,08/2021,Analyst
29-1171.00,1.A.2.b.1,Control Precision,LV,2.75,8,0.1637,2.4292,3.0708,N,N,08/2021,Analyst
29-1171.00,1.A.2.b.2,Multilimb Coordination,IM,2.5,8,0.189,2.1296,2.8704,N,,08/2021,Analyst
29-1171.00,1.A.2.b.2,Multilimb Coordination,LV,2.5,8,0.189,2.1296,2.8704,N,N,08/2021,Analyst
29-1171.00,1.A.2.b.3,Response Orientation,IM,2.0,8,0.0,2.0,2.0,N,,08/2021,Analyst
29-1171.00,1.A.2.b.3,Response Orientation,LV,1.88,8,0.125,1.63,2.12,N,N,08/2021,Analyst
29-1171.00,1.A.2.b.4,Rate Control,IM,1.25,8,0.1637,1.0,1.5708,N,,08/2021,Analyst
29-1171.00,1.A.2.b.4,Rate Control,LV,0.25,8,0.1637,0.0,0.5708,N,Y,08/2021,Analyst
29-1171.00,1.A.2.c.1,Reaction Time,IM,2.0,8,0.0,2.0,2.0,N,,08/2021,Analyst
29-1171.00,1.A.2.c.1,Reaction Time,LV,1.75,8,0.1637,1.4292,2.0708,N,N,08/2021,Analyst
29-1171.00,1.A.2.c.2,Wrist-Finger Speed,IM,1.5,8,0.189,1.1296,1.8704,N,,08/2021,Analyst
29-1171.00,1.A.2.c.2,Wrist-Finger Speed,LV,0.62,8,0.2631,0.1094,1.1406,N,N,08/2021,Analyst
29-1171.00,1.A.2.c.3,Speed of Limb Movement,IM,1.88,8,0.125,1.63,2.12,N,,08/2021,Analyst
29-1171.00,1.A.2.c.3,Speed of Limb Movement,LV,1.38,8,0.2631,0.8594,1.8906,N,N,08/2021,Analyst
29-1171.00,1.A.3.a.1,Static Strength,IM,2.12,8,0.125,1.88,2.37,N,,08/2021,Analyst
29-1171.00,1.A.3.a.1,Static Strength,LV,2.12,8,0.125,1.88,2.37,N,N,08/2021,Analyst
29-1171.00,1.A.3.a.2,Explosive Strength,IM,2.12,8,0.125,1.88,2.37,N,,08/2021,Analyst
29-1171.00,1.A.3.a.2,Explosive Strength,LV,1.62,8,0.2631,1.1094,2.1406,N,N,08/2021,Analyst
29-1171.00,1.A.3.a.3,Dynamic Strength,IM,2.12,8,0.125,1.88,2.37,N,,08/2021,Analyst
29-1171.00,1.A.3.a.3,Dynamic Strength,LV,1.75,8,0.25,1.26,2.24,N,N,08/2021,Analyst
29-1171.00,1.A.3.a.4,Trunk Strength,IM,2.38,8,0.183,2.0164,2.7336,N,,08/2021,Analyst
29-1171.00,1.A.3.a.4,Trunk Strength,LV,2.12,8,0.125,1.88,2.37,N,N,08/2021,Analyst
29-1171.00,1.A.3.b.1,Stamina,IM,2.25,8,0.1637,1.9292,2.5708,N,,08/2021,Analyst
29-1171.00,1.A.3.b.1,Stamina,LV,2.12,8,0.125,1.88,2.37,N,N,08/2021,Analyst
29-1171.00,1.A.3.c.1,Extent Flexibility,IM,2.0,8,0.0,2.0,2.0,N,,08/2021,Analyst
29-1171.00,1.A.3.c.1,Extent Flexibility,LV,2.12,8,0.125,1.88,2.37,N,N,08/2021,Analyst
29-1171.00,1.A.3.c.2,Dynamic Flexibility,IM,1.0,8,0.0,1.0,1.0,N,,08/2021,Analyst
29-1171.00,1.A.3.c.2,Dynamic Flexibility,LV,0.0,8,0.0,0.0,0.0,N,Y,08/2021,Analyst
29-1171.00,1.A.3.c.3,Gross Body Coordination,IM,2.0,8,0.0,2.0,2.0,N,,08/2021,Analyst
29-1171.00,1.A.3.c.3,Gross Body Coordination,LV,2.0,8,0.0,2.0,2.0,N,N,08/2021,Analyst
29-1171.00,1.A.3.c.4,Gross Body Equilibrium,IM,2.0,8,0.0,2.0,2.0,N,,08/2021,Analyst
29-1171.00,1.A.3.c.4,Gross Body Equilibrium,LV,1.88,8,0.125,1.63,2.12,N,N,08/2021,Analyst
29-1171.00,1.A.4.a.1,Near Vision,IM,4.12,8,0.125,3.88,4.37,N,,08/2021,Analyst
29-1171.00,1.A.4.a.1,Near Vision,LV,4.0,8,0.0,4.0,4.0,N,N,08/2021,Analyst
29-1171.00,1.A.4.a.2,Far Vision,IM,3.0,8,0.0,3.0,3.0,N,,08/2021,Analyst
29-1171.00,1.A.4.a.2,Far Vision,LV,3.12,8,0.125,2.88,3.37,N,N,08/2021,Analyst
29-1171.00,1.A.4.a.3,Visual Color Discrimination,IM,3.0,8,0.0,3.0,3.0,N,,08/2021,Analyst
29-1171.00,1.A.4.a.3,Visual Color Discrimination,LV,3.12,8,0.125,2.88,3.37,N,N,08/2021,Analyst
29-1171.00,1.A.4.a.4,Night Vision,IM,1.0,8,0.0,1.0,1.0,N,,08/2021,Analyst
29-1171.00,1.A.4.a.4,Night Vision,LV,0.0,8,0.0,0.0,0.0,N,Y,08/2021,Analyst
29-1171.00,1.A.4.a.5,Peripheral Vision,IM,1.0,8,0.0,1.0,1.0,N,,08/2021,Analyst
29-1171.00,1.A.4.a.5,Peripheral Vision,LV,0.0,8,0.0,0.0,0.0,N,Y,08/2021,Analyst
29-1171.00,1.A.4.a.6,Depth Perception,IM,1.88,8,0.125,1.63,2.12,N,,08/2021,Analyst
29-1171.00,1.A.4.a.6,Depth Perception,LV,1.62,8,0.2631,1.1094,2.1406,N,N,08/2021,Analyst
29-1171.00,1.A.4.a.7,Glare Sensitivity,IM,1.0,8,0.0,1.0,1.0,N,,08/2021,Analyst
29-1171.00,1.A.4.a.7,Glare Sensitivity,LV,0.0,8,0.0,0.0,0.0,N,Y,08/2021,Analyst
29-1171.00,1.A.4.b.1,Hearing Sensitivity,IM,2.62,8,0.183,2.2664,2.9836,N,,08/2021,Analyst
29-1171.00,1.A.4.b.1,Hearing Sensitivity,LV,2.62,8,0.183,2.2664,2.9836,N,N,08/2021,Analyst
29-1171.00,1.A.4.b.2,Auditory Attention,IM,2.88,8,0.125,2.63,3.12,N,,08/2021,Analyst
29-1171.00,1.A.4.b.2,Auditory Attention,LV,2.88,8,0.125,2.63,3.12,N,N,08/2021,Analyst
29-1171.00,1.A.4.b.3,Sound Localization,IM,1.0,8,0.0,1.0,1.0,N,,08/2021,Analyst
29-1171.00,1.A.4.b.3,Sound Localization,LV,0.0,8,0.0,0.0,0.0,N,Y,08/2021,Analyst
29-1171.00,1.A.4.b.4,Speech Recognition,IM,4.0,8,0.0,4.0,4.0,N,,08/2021,Analyst
29-1171.00,1.A.4.b.4,Speech Recognition,LV,4.0,8,0.0,4.0,4.0,N,N,08/2021,Analyst
29-1171.00,1.A.4.b.5,Speech Clarity,IM,4.0,8,0.0,4.0,4.0,N,,08/2021,Analyst
29-1171.00,1.A.4.b.5,Speech Clarity,LV,4.0,8,0.0,4.0,4.0,N,N,08/2021,Analyst
29-1181.00,1.A.1.a.1,Oral Comprehension,IM,4.12,8,0.125,3.88,4.37,N,,08/2021,Analyst
29-1181.00,1.A.1.a.1,Oral Comprehension,LV,5.0,8,0.189,4.6296,5.3704,N,N,08/2021,Analyst
29-1181.00,1.A.1.a.2,Written Comprehension,IM,4.12,8,0.125,3.88,4.37,N,,08/2021,Analyst
29-1181.00,1.A.1.a.2,Written Comprehension,LV,4.75,8,0.1637,4.4292,5.0708,N,N,08/2021,Analyst
29-1181.00,1.A.1.a.3,Oral Expression,IM,4.0,8,0.0,4.0,4.0,N,,08/2021,Analyst
29-1181.00,1.A.1.a.3,Oral Expression,LV,4.75,8,0.1637,4.4292,5.0708,N,N,08/2021,Analyst
29-1181.00,1.A.1.a.4,Written Expression,IM,4.0,8,0.189,3.6296,4.3704,N,,08/2021,Analyst
29-1181.00,1.A.1.a.4,Written Expression,LV,4.38,8,0.183,4.0164,4.7336,N,N,08/2021,Analyst
29-1181.00,1.A.1.b.1,Fluency of Ideas,IM,3.0,8,0.0,3.0,3.0,N,,08/2021,Analyst
29-1181.00,1.A.1.b.1,Fluency of Ideas,LV,3.25,8,0.1637,2.9292,3.5708,N,N,08/2021,Analyst
29-1181.00,1.A.1.b.2,Originality,IM,3.12,8,0.125,2.88,3.37,N,,08/2021,Analyst
29-1181.00,1.A.1.b.2,Originality,LV,3.0,8,0.0,3.0,3.0,N,N,08/2021,Analyst
29-1181.00,1.A.1.b.3,Problem Sensitivity,IM,4.0,8,0.0,4.0,4.0,N,,08/2021,Analyst
29-1181.00,1.A.1.b.3,Problem Sensitivity,LV,5.12,8,0.125,4.88,5.37,N,N,08/2021,Analyst
29-1181.00,1.A.1.b.4,Deductive Reasoning,IM,4.0,8,0.0,4.0,4.0,N,,08/2021,Analyst
29-1181.00,1.A.1.b.4,Deductive Reasoning,LV,4.62,8,0.183,4.2664,4.9836,N,N,08/2021,Analyst
29-1181.00,1.A.1.b.5,Inductive Reasoning,IM,4.0,8,0.0,4.0,4.0,N,,08/2021,Analyst
29-1181.00,1.A.1.b.5,Inductive Reasoning,LV,4.88,8,0.2266,4.4309,5.3191,N,N,08/2021,Analyst
29-1181.00,1.A.1.b.6,Information Ordering,IM,3.62,8,0.183,3.2664,3.9836,N,,08/2021,Analyst
29-1181.00,1.A.1.b.6,Information Ordering,LV,4.0,8,0.189,3.6296,4.3704,N,N,08/2021,Analyst
29-1181.00,1.A.1.b.7,Category Flexibility,IM,3.25,8,0.1637,2.9292,3.5708,N,,08/2021,Analyst
29-1181.00,1.A.1.b.7,Category Flexibility,LV,3.38,8,0.2631,2.8594,3.8906,N,N,08/2021,Analyst
29-1181.00,1.A.1.c.1,Mathematical Reasoning,IM,2.88,8,0.125,2.63,3.12,N,,08/2021,Analyst
29-1181.00,1.A.1.c.1,Mathematical Reasoning,LV,3.0,8,0.0,3.0,3.0,N,N,08/2021,Analyst
29-1181.00,1.A.1.c.2,Number Facility,IM,2.5,8,0.189,2.1296,2.8704,N,,08/2021,Analyst
29-1181.00,1.A.1.c.2,Number Facility,LV,2.75,8,0.1637,2.4292,3.0708,N,N,08/2021,Analyst
29-1181.00,1.A.1.d.1,Memorization,IM,2.88,8,0.125,2.63,3.12,N,,08/2021,Analyst
29-1181.00,1.A.1.d.1,Memorization,LV,2.88,8,0.125,2.63,3.12,N,N,08/2021,Analyst
29-1181.00,1.A.1.e.1,Speed of Closure,IM,3.0,8,0.189,2.6296,3.3704,N,,08/2021,Analyst
29-1181.00,1.A.1.e.1,Speed of Closure,LV,3.0,8,0.189,2.6296,3.3704,N,N,08/2021,Analyst
29-1181.00,1.A.1.e.2,Flexibility of Closure,IM,3.12,8,0.125,2.88,3.37,N,,08/2021,Analyst
29-1181.00,1.A.1.e.2,Flexibility of Closure,LV,3.38,8,0.2631,2.8594,3.8906,N,N,08/2021,Analyst
29-1181.00,1.A.1.e.3,Perceptual Speed,IM,3.12,8,0.125,2.88,3.37,N,,08/2021,Analyst
29-1181.00,1.A.1.e.3,Perceptual Speed,LV,3.12,8,0.125,2.88,3.37,N,N,08/2021,Analyst
29-1181.00,1.A.1.f.1,Spatial Orientation,IM,1.0,8,0.0,1.0,1.0,N,,08/2021,Analyst
29-1181.00,1.A.1.f.1,Spatial Orientation,LV,0.0,8,0.0,0.0,0.0,N,Y,08/2021,Analyst
29-1181.00,1.A.1.f.2,Visualization,IM,2.5,8,0.189,2.1296,2.8704,N,,08/2021,Analyst
29-1181.00,1.A.1.f.2,Visualization,LV,2.75,8,0.25,2.26,3.24,N,N,08/2021,Analyst
29-1181.00,1.A.1.g.1,Selective Attention,IM,2.88,8,0.125,2.63,3.12,N,,08/2021,Analyst
29-1181.00,1.A.1.g.1,Selective Attention,LV,2.88,8,0.125,2.63,3.12,N,N,08/2021,Analyst
29-1181.00,1.A.1.g.2,Time Sharing,IM,2.88,8,0.125,2.63,3.12,N,,08/2021,Analyst
29-1181.00,1.A.1.g.2,Time Sharing,LV,2.5,8,0.189,2.1296,2.8704,N,N,08/2021,Analyst
29-1181.00,1.A.2.a.1,Arm-Hand Steadiness,IM,3.0,8,0.0,3.0,3.0,N,,08/2021,Analyst
29-1181.00,1.A.2.a.1,Arm-Hand Steadiness,LV,3.0,8,0.0,3.0,3.0,N,N,08/2021,Analyst
29-1181.00,1.A.2.a.2,Manual Dexterity,IM,2.88,8,0.125,2.63,3.12,N,,08/2021,Analyst
29-1181.00,1.A.2.a.2,Manual Dexterity,LV,2.75,8,0.1637,2.4292,3.0708,N,N,08/2021,Analyst
29-1181.00,1.A.2.a.3,Finger Dexterity,IM,3.0,8,0.0,3.0,3.0,N,,08/2021,Analyst
29-1181.00,1.A.2.a.3,Finger Dexterity,LV,3.88,8,0.125,3.63,4.12,N,N,08/2021,Analyst
29-1181.00,1.A.2.b.1,Control Precision,IM,3.0,8,0.0,3.0,3.0,N,,08/2021,Analyst
29-1181.00,1.A.2.b.1,Control Precision,LV,3.0,8,0.0,3.0,3.0,N,N,08/2021,Analyst
29-1181.00,1.A.2.b.2,Multilimb Coordination,IM,2.0,8,0.0,2.0,2.0,N,,08/2021,Analyst
29-1181.00,1.A.2.b.2,Multilimb Coordination,LV,2.0,8,0.0,2.0,2.0,N,N,08/2021,Analyst
29-1181.00,1.A.2.b.3,Response Orientation,IM,1.88,8,0.125,1.63,2.12,N,,08/2021,Analyst
29-1181.00,1.A.2.b.3,Response Orientation,LV,1.75,8,0.3134,1.1358,2.3642,N,N,08/2021,Analyst
29-1181.00,1.A.2.b.4,Rate Control,IM,1.75,8,0.1637,1.4292,2.0708,N,,08/2021,Analyst
29-1181.00,1.A.2.b.4,Rate Control,LV,0.88,8,0.2266,0.4309,1.3191,N,N,08/2021,Analyst
29-1181.00,1.A.2.c.1,Reaction Time,IM,1.62,8,0.183,1.2664,1.9836,N,,08/2021,Analyst
29-1181.00,1.A.2.c.1,Reaction Time,LV,0.75,8,0.25,0.26,1.24,N,N,08/2021,Analyst
29-1181.00,1.A.2.c.2,Wrist-Finger Speed,IM,1.88,8,0.2266,1.4309,2.3191,N,,08/2021,Analyst
29-1181.00,1.A.2.c.2,Wrist-Finger Speed,LV,1.12,8,0.295,0.5467,1.7033,N,N,08/2021,Analyst
29-1181.00,1.A.2.c.3,Speed of Limb Movement,IM,1.0,8,0.0,1.0,1.0,N,,08/2021,Analyst
29-1181.00,1.A.2.c.3,Speed of Limb Movement,LV,0.0,8,0.0,0.0,0.0,N,Y,08/2021,Analyst
29-1181.00,1.A.3.a.1,Static Strength,IM,1.75,8,0.25,1.26,2.24,N,,08/2021,Analyst
29-1181.00,1.A.3.a.1,Static Strength,LV,0.75,8,0.25,0.26,1.24,N,N,08/2021,Analyst
29-1181.00,1.A.3.a.2,Explosive Strength,IM,1.12,8,0.125,1.0,1.37,N,,08/2021,Analyst
29-1181.00,1.A.3.a.2,Explosive Strength,LV,0.12,8,0.125,0.0,0.37,N,Y,08/2021,Analyst
29-1181.00,1.A.3.a.3,Dynamic Strength,IM,1.0,8,0.0,1.0,1.0,N,,08/2021,Analyst
29-1181.00,1.A.3.a.3,Dynamic Strength,LV,0.0,8,0.0,0.0,0.0,N,Y,08/2021,Analyst
29-1181.00,1.A.3.a.4,Trunk Strength,IM,2.12,8,0.125,1.88,2.37,N,,08/2021,Analyst
29-1181.00,1.A.3.a.4,Trunk Strength,LV,1.88,8,0.125,1.63,2.12,N,N,08/2021,Analyst
29-1181.00,1.A.3.b.1,Stamina,IM,1.0,8,0.0,1.0,1.0,N,,08/2021,Analyst
29-1181.00,1.A.3.b.1,Stamina,LV,0.0,8,0.0,0.0,0.0,N,Y,08/2021,Analyst
29-1181.00,1.A.3.c.1,Extent Flexibility,IM,1.5,8,0.189,1.1296,1.8704,N,,08/2021,Analyst
29-1181.00,1.A.3.c.1,Extent Flexibility,LV,0.62,8,0.2631,0.1094,1.1406,N,N,08/2021,Analyst
29-1181.00,1.A.3.c.2,Dynamic Flexibility,IM,1.0,8,0.0,1.0,1.0,N,,08/2021,Analyst
29-1181.00,1.A.3.c.2,Dynamic Flexibility,LV,0.0,8,0.0,0.0,0.0,N,Y,08/2021,Analyst
29-1181.00,1.A.3.c.3,Gross Body Coordination,IM,1.12,8,0.125,1.0,1.37,N,,08/2021,Analyst
29-1181.00,1.A.3.c.3,Gross Body Coordination,LV,0.12,8,0.125,0.0,0.37,N,Y,08/2021,Analyst
29-1181.00,1.A.3.c.4,Gross Body Equilibrium,IM,1.0,8,0.0,1.0,1.0,N,,08/2021,Analyst
29-1181.00,1.A.3.c.4,Gross Body Equilibrium,LV,0.0,8,0.0,0.0,0.0,N,Y,08/2021,Analyst
29-1181.00,1.A.4.a.1,Near Vision,IM,3.75,8,0.1637,3.4292,4.0708,N,,08/2021,Analyst
29-1181.00,1.A.4.a.1,Near Vision,LV,4.0,8,0.189,3.6296,4.3704,N,N,08/2021,Analyst
29-1181.00,1.A.4.a.2,Far Vision,IM,2.88,8,0.125,2.63,3.12,N,,08/2021,Analyst
29-1181.00,1.A.4.a.2,Far Vision,LV,3.0,8,0.0,3.0,3.0,N,N,08/2021,Analyst
29-1181.00,1.A.4.a.3,Visual Color Discrimination,IM,2.38,8,0.183,2.0164,2.7336,N,,08/2021,Analyst
29-1181.00,1.A.4.a.3,Visual Color Discrimination,LV,1.88,8,0.125,1.63,2.12,N,N,08/2021,Analyst
29-1181.00,1.A.4.a.4,Night Vision,IM,1.0,8,0.0,1.0,1.0,N,,08/2021,Analyst
29-1181.00,1.A.4.a.4,Night Vision,LV,0.0,8,0.0,0.0,0.0,N,Y,08/2021,Analyst
29-1181.00,1.A.4.a.5,Peripheral Vision,IM,1.0,8,0.0,1.0,1.0,N,,08/2021,Analyst
29-1181.00,1.A.4.a.5,Peripheral Vision,LV,0.0,8,0.0,0.0,0.0,N,Y,08/2021,Analyst
29-1181.00,1.A.4.a.6,Depth Perception,IM,1.62,8,0.183,1.2664,1.9836,N,,08/2021,Analyst
29-1181.00,1.A.4.a.6,Depth Perception,LV,1.0,8,0.3273,0.3584,1.6416,N,N,08/2021,Analyst
29-1181.00,1.A.4.a.7,Glare Sensitivity,IM,1.0,8,0.0,1.0,1.0,N,,08/2021,Analyst
29-1181.00,1.A.4.a.7,Glare Sensitivity,LV,0.0,8,0.0,0.0,0.0,N,Y,08/2021,Analyst
29-1181.00,1.A.4.b.1,Hearing Sensitivity,IM,3.5,8,0.189,3.1296,3.8704,N,,08/2021,Analyst
29-1181.00,1.A.4.b.1,Hearing Sensitivity,LV,3.75,8,0.1637,3.4292,4.0708,N,N,08/2021,Analyst
29-1181.00,1.A.4.b.2,Auditory Attention,IM,3.38,8,0.183,3.0164,3.7336,N,,08/2021,Analyst
29-1181.00,1.A.4.b.2,Auditory Attention,LV,3.25,8,0.1637,2.9292,3.5708,N,N,08/2021,Analyst
29-1181.00,1.A.4.b.3,Sound Localization,IM,1.62,8,0.183,1.2664,1.9836,N,,08/2021,Analyst
29-1181.00,1.A.4.b.3,Sound Localization,LV,0.62,8,0.183,0.2664,0.9836,N,N,08/2021,Analyst
29-1181.00,1.A.4.b.4,Speech Recognition,IM,3.75,8,0.1637,3.4292,4.0708,N,,08/2021,Analyst
29-1181.00,1.A.4.b.4,Speech Recognition,LV,4.12,8,0.125,3.88,4.37,N,N,08/2021,Analyst
29-1181.00,1.A.4.b.5,Speech Clarity,IM,3.88,8,0.125,3.63,4.12,N,,08/2021,Analyst
29-1181.00,1.A.4.b.5,Speech Clarity,LV,4.0,8,0.0,4.0,4.0,N,N,08/2021,Analyst
29-1211.00,1.A.1.a.1,Oral Comprehension,IM,4.5,8,0.189,4.1296,4.8704,N,,07/2012,Analyst
29-1211.00,1.A.1.a.1,Oral Comprehension,LV,4.88,8,0.125,4.63,5.12,N,N,07/2012,Analyst
29-1211.00,1.A.1.a.2,Written Comprehension,IM,4.25,8,0.1637,3.9292,4.5708,N,,07/2012,Analyst
29-1211.00,1.A.1.a.2,Written Comprehension,LV,4.88,8,0.125,4.63,5.12,N,N,07/2012,Analyst
29-1211.00,1.A.1.a.3,Oral Expression,IM,4.12,8,0.125,3.88,4.37,N,,07/2012,Analyst
29-1211.00,1.A.1.a.3,Oral Expression,LV,5.0,8,0.0,5.0,5.0,N,N,07/2012,Analyst
29-1211.00,1.A.1.a.4,Written Expression,IM,4.0,8,0.0,4.0,4.0,N,,07/2012,Analyst
29-1211.00,1.A.1.a.4,Written Expression,LV,4.0,8,0.0,4.0,4.0,N,N,07/2012,Analyst
29-1211.00,1.A.1.b.1,Fluency of Ideas,IM,3.25,8,0.1637,2.9292,3.5708,N,,07/2012,Analyst
29-1211.00,1.A.1.b.1,Fluency of Ideas,LV,3.25,8,0.1637,2.9292,3.5708,N,N,07/2012,Analyst
29-1211.00,1.A.1.b.2,Originality,IM,2.88,8,0.125,2.63,3.12,N,,07/2012,Analyst
29-1211.00,1.A.1.b.2,Originality,LV,3.0,8,0.0,3.0,3.0,N,N,07/2012,Analyst
29-1211.00,1.A.1.b.3,Problem Sensitivity,IM,5.0,8,0.0,5.0,5.0,N,,07/2012,Analyst
29-1211.00,1.A.1.b.3,Problem Sensitivity,LV,5.5,8,0.189,5.1296,5.8704,N,N,07/2012,Analyst
29-1211.00,1.A.1.b.4,Deductive Reasoning,IM,4.5,8,0.189,4.1296,4.8704,N,,07/2012,Analyst
29-1211.00,1.A.1.b.4,Deductive Reasoning,LV,4.75,8,0.1637,4.4292,5.0708,N,N,07/2012,Analyst
29-1211.00,1.A.1.b.5,Inductive Reasoning,IM,4.25,8,0.1637,3.9292,4.5708,N,,07/2012,Analyst
29-1211.00,1.A.1.b.5,Inductive Reasoning,LV,4.75,8,0.1637,4.4292,5.0708,N,N,07/2012,Analyst
29-1211.00,1.A.1.b.6,Information Ordering,IM,3.88,8,0.125,3.63,4.12,N,,07/2012,Analyst
29-1211.00,1.A.1.b.6,Information Ordering,LV,4.12,8,0.125,3.88,4.37,N,N,07/2012,Analyst
29-1211.00,1.A.1.b.7,Category Flexibility,IM,3.0,8,0.189,2.6296,3.3704,N,,07/2012,Analyst
29-1211.00,1.A.1.b.7,Category Flexibility,LV,3.25,8,0.1637,2.9292,3.5708,N,N,07/2012,Analyst
29-1211.00,1.A.1.c.1,Mathematical Reasoning,IM,3.0,8,0.0,3.0,3.0,N,,07/2012,Analyst
29-1211.00,1.A.1.c.1,Mathematical Reasoning,LV,3.12,8,0.125,2.88,3.37,N,N,07/2012,Analyst
29-1211.00,1.A.1.c.2,Number Facility,IM,3.0,8,0.0,3.0,3.0,N,,07/2012,Analyst
29-1211.00,1.A.1.c.2,Number Facility,LV,3.0,8,0.0,3.0,3.0,N,N,07/2012,Analyst
29-1211.00,1.A.1.d.1,Memorization,IM,2.38,8,0.183,2.0164,2.7336,N,,07/2012,Analyst
29-1211.00,1.A.1.d.1,Memorization,LV,2.25,8,0.1637,1.9292,2.5708,N,N,07/2012,Analyst
29-1211.00,1.A.1.e.1,Speed of Closure,IM,2.88,8,0.125,2.63,3.12,N,,07/2012,Analyst
29-1211.00,1.A.1.e.1,Speed of Closure,LV,2.88,8,0.125,2.63,3.12,N,N,07/2012,Analyst
29-1211.00,1.A.1.e.2,Flexibility of Closure,IM,3.75,8,0.1637,3.4292,4.0708,N,,07/2012,Analyst
29-1211.00,1.A.1.e.2,Flexibility of Closure,LV,3.75,8,0.1637,3.4292,4.0708,N,N,07/2012,Analyst
29-1211.00,1.A.1.e.3,Perceptual Speed,IM,3.75,8,0.1637,3.4292,4.0708,N,,07/2012,Analyst
29-1211.00,1.A.1.e.3,Perceptual Speed,LV,3.88,8,0.125,3.63,4.12,N,N,07/2012,Analyst
29-1211.00,1.A.1.f.1,Spatial Orientation,IM,1.0,8,0.0,1.0,1.0,N,,07/2012,Analyst
29-1211.00,1.A.1.f.1,Spatial Orientation,LV,0.0,8,0.0,0.0,0.0,N,Y,07/2012,Analyst
29-1211.00,1.A.1.f.2,Visualization,IM,2.75,8,0.1637,2.4292,3.0708,N,,07/2012,Analyst
29-1211.00,1.A.1.f.2,Visualization,LV,2.38,8,0.183,2.0164,2.7336,N,N,07/2012,Analyst
29-1211.00,1.A.1.g.1,Selective Attention,IM,3.88,8,0.125,3.63,4.12,N,,07/2012,Analyst
29-1211.00,1.A.1.g.1,Selective Attention,LV,3.88,8,0.125,3.63,4.12,N,N,07/2012,Analyst
29-1211.00,1.A.1.g.2,Time Sharing,IM,3.0,8,0.0,3.0,3.0,N,,07/2012,Analyst
29-1211.00,1.A.1.g.2,Time Sharing,LV,3.12,8,0.125,2.88,3.37,N,N,07/2012,Analyst
29-1211.00,1.A.2.a.1,Arm-Hand Steadiness,IM,3.75,8,0.1637,3.4292,4.0708,N,,07/2012,Analyst
29-1211.00,1.A.2.a.1,Arm-Hand Steadiness,LV,3.88,8,0.125,3.63,4.12,N,N,07/2012,Analyst
29-1211.00,1.A.2.a.2,Manual Dexterity,IM,3.0,8,0.0,3.0,3.0,N,,07/2012,Analyst
29-1211.00,1.A.2.a.2,Manual Dexterity,LV,3.12,8,0.125,2.88,3.37,N,N,07/2012,Analyst
29-1211.00,1.A.2.a.3,Finger Dexterity,IM,3.25,8,0.1637,2.9292,3.5708,N,,07/2012,Analyst
29-1211.00,1.A.2.a.3,Finger Dexterity,LV,3.75,8,0.1637,3.4292,4.0708,N,N,07/2012,Analyst
29-1211.00,1.A.2.b.1,Control Precision,IM,3.12,8,0.125,2.88,3.37,N,,07/2012,Analyst
29-1211.00,1.A.2.b.1,Control Precision,LV,3.0,8,0.0,3.0,3.0,N,N,07/2012,Analyst
29-1211.00,1.A.2.b.2,Multilimb Coordination,IM,2.75,8,0.1637,2.4292,3.0708,N,,07/2012,Analyst
29-1211.00,1.A.2.b.2,Multilimb Coordination,LV,2.62,8,0.183,2.2664,2.9836,N,N,07/2012,Analyst
29-1211.00,1.A.2.b.3,Response Orientation,IM,3.0,8,0.0,3.0,3.0,N,,07/2012,Analyst
29-1211.00,1.A.2.b.3,Response Orientation,LV,2.88,8,0.125,2.63,3.12,N,N,07/2012,Analyst
29-1211.00,1.A.2.b.4,Rate Control,IM,2.0,8,0.0,2.0,2.0,N,,07/2012,Analyst
29-1211.00,1.A.2.b.4,Rate Control,LV,1.62,8,0.183,1.2664,1.9836,N,N,07/2012,Analyst
29-1211.00,1.A.2.c.1,Reaction Time,IM,2.25,8,0.1637,1.9292,2.5708,N,,07/2012,Analyst
29-1211.00,1.A.2.c.1,Reaction Time,LV,2.0,8,0.0,2.0,2.0,N,N,07/2012,Analyst
29-1211.00,1.A.2.c.2,Wrist-Finger Speed,IM,2.12,8,0.125,1.88,2.37,N,,07/2012,Analyst
29-1211.00,1.A.2.c.2,Wrist-Finger Speed,LV,2.12,8,0.125,1.88,2.37,N,N,07/2012,Analyst
29-1211.00,1.A.2.c.3,Speed of Limb Movement,IM,1.25,8,0.1637,1.0,1.5708,N,,07/2012,Analyst
29-1211.00,1.A.2.c.3,Speed of Limb Movement,LV,0.38,8,0.2631,0.0,0.8906,N,Y,07/2012,Analyst
29-1211.00,1.A.3.a.1,Static Strength,IM,2.25,8,0.1637,1.9292,2.5708,N,,07/2012,Analyst
29-1211.00,1.A.3.a.1,Static Strength,LV,2.12,8,0.125,1.88,2.37,N,N,07/2012,Analyst
29-1211.00,1.A.3.a.2,Explosive Strength,IM,1.0,8,0.0,1.0,1.0,N,,07/2012,Analyst
29-1211.00,1.A.3.a.2,Explosive Strength,LV,0.0,8,0.0,0.0,0.0,N,Y,07/2012,Analyst
29-1211.00,1.A.3.a.3,Dynamic Strength,IM,2.0,8,0.0,2.0,2.0,N,,07/2012,Analyst
29-1211.00,1.A.3.a.3,Dynamic Strength,LV,1.5,8,0.189,1.1296,1.8704,N,N,07/2012,Analyst
29-1211.00,1.A.3.a.4,Trunk Strength,IM,2.38,8,0.183,2.0164,2.7336,N,,07/2012,Analyst
29-1211.00,1.A.3.a.4,Trunk Strength,LV,2.5,8,0.189,2.1296,2.8704,N,N,07/2012,Analyst
29-1211.00,1.A.3.b.1,Stamina,IM,2.0,8,0.0,2.0,2.0,N,,07/2012,Analyst
29-1211.00,1.A.3.b.1,Stamina,LV,1.38,8,0.183,1.0164,1.7336,N,N,07/2012,Analyst
29-1211.00,1.A.3.c.1,Extent Flexibility,IM,2.25,8,0.1637,1.9292,2.5708,N,,07/2012,Analyst
29-1211.00,1.A.3.c.1,Extent Flexibility,LV,1.88,8,0.125,1.63,2.12,N,N,07/2012,Analyst
29-1211.00,1.A.3.c.2,Dynamic Flexibility,IM,1.0,8,0.0,1.0,1.0,N,,07/2012,Analyst
29-1211.00,1.A.3.c.2,Dynamic Flexibility,LV,0.0,8,0.0,0.0,0.0,N,Y,07/2012,Analyst
29-1211.00,1.A.3.c.3,Gross Body Coordination,IM,2.0,8,0.0,2.0,2.0,N,,07/2012,Analyst
29-1211.00,1.A.3.c.3,Gross Body Coordination,LV,1.62,8,0.183,1.2664,1.9836,N,N,07/2012,Analyst
29-1211.00,1.A.3.c.4,Gross Body Equilibrium,IM,2.0,8,0.0,2.0,2.0,N,,07/2012,Analyst
29-1211.00,1.A.3.c.4,Gross Body Equilibrium,LV,1.25,8,0.1637,0.9292,1.5708,N,N,07/2012,Analyst
29-1211.00,1.A.4.a.1,Near Vision,IM,4.12,8,0.125,3.88,4.37,N,,07/2012,Analyst
29-1211.00,1.A.4.a.1,Near Vision,LV,4.12,8,0.125,3.88,4.37,N,N,07/2012,Analyst
29-1211.00,1.A.4.a.2,Far Vision,IM,3.0,8,0.189,2.6296,3.3704,N,,07/2012,Analyst
29-1211.00,1.A.4.a.2,Far Vision,LV,2.75,8,0.1637,2.4292,3.0708,N,N,07/2012,Analyst
29-1211.00,1.A.4.a.3,Visual Color Discrimination,IM,2.75,8,0.1637,2.4292,3.0708,N,,07/2012,Analyst
29-1211.00,1.A.4.a.3,Visual Color Discrimination,LV,2.88,8,0.125,2.63,3.12,N,N,07/2012,Analyst
29-1211.00,1.A.4.a.4,Night Vision,IM,1.0,8,0.0,1.0,1.0,N,,07/2012,Analyst
29-1211.00,1.A.4.a.4,Night Vision,LV,0.0,8,0.0,0.0,0.0,N,Y,07/2012,Analyst
29-1211.00,1.A.4.a.5,Peripheral Vision,IM,1.0,8,0.0,1.0,1.0,N,,07/2012,Analyst
29-1211.00,1.A.4.a.5,Peripheral Vision,LV,0.0,8,0.0,0.0,0.0,N,Y,07/2012,Analyst
29-1211.00,1.A.4.a.6,Depth Perception,IM,2.38,8,0.183,2.0164,2.7336,N,,07/2012,Analyst
29-1211.00,1.A.4.a.6,Depth Perception,LV,2.12,8,0.125,1.88,2.37,N,N,07/2012,Analyst
29-1211.00,1.A.4.a.7,Glare Sensitivity,IM,1.12,8,0.125,1.0,1.37,N,,07/2012,Analyst
29-1211.00,1.A.4.a.7,Glare Sensitivity,LV,0.12,8,0.125,0.0,0.37,N,Y,07/2012,Analyst
29-1211.00,1.A.4.b.1,Hearing Sensitivity,IM,2.75,8,0.1637,2.4292,3.0708,N,,07/2012,Analyst
29-1211.00,1.A.4.b.1,Hearing Sensitivity,LV,2.62,8,0.183,2.2664,2.9836,N,N,07/2012,Analyst
29-1211.00,1.A.4.b.2,Auditory Attention,IM,2.88,8,0.125,2.63,3.12,N,,07/2012,Analyst
29-1211.00,1.A.4.b.2,Auditory Attention,LV,2.75,8,0.1637,2.4292,3.0708,N,N,07/2012,Analyst
29-1211.00,1.A.4.b.3,Sound Localization,IM,1.0,8,0.0,1.0,1.0,N,,07/2012,Analyst
29-1211.00,1.A.4.b.3,Sound Localization,LV,0.0,8,0.0,0.0,0.0,N,Y,07/2012,Analyst
29-1211.00,1.A.4.b.4,Speech Recognition,IM,3.75,8,0.1637,3.4292,4.0708,N,,07/2012,Analyst
29-1211.00,1.A.4.b.4,Speech Recognition,LV,3.88,8,0.125,3.63,4.12,N,N,07/2012,Analyst
29-1211.00,1.A.4.b.5,Speech Clarity,IM,3.75,8,0.1637,3.4292,4.0708,N,,07/2012,Analyst
29-1211.00,1.A.4.b.5,Speech Clarity,LV,4.0,8,0.0,4.0,4.0,N,N,07/2012,Analyst
29-1213.00,1.A.1.a.1,Oral Comprehension,IM,4.12,8,0.125,3.88,4.37,N,,08/2021,Analyst
29-1213.00,1.A.1.a.1,Oral Comprehension,LV,4.75,8,0.1637,4.4292,5.0708,N,N,08/2021,Analyst
29-1213.00,1.A.1.a.2,Written Comprehension,IM,4.0,8,0.0,4.0,4.0,N,,08/2021,Analyst
29-1213.00,1.A.1.a.2,Written Comprehension,LV,4.25,8,0.1637,3.9292,4.5708,N,N,08/2021,Analyst
29-1213.00,1.A.1.a.3,Oral Expression,IM,4.25,8,0.1637,3.9292,4.5708,N,,08/2021,Analyst
29-1213.00,1.A.1.a.3,Oral Expression,LV,4.88,8,0.125,4.63,5.12,N,N,08/2021,Analyst
29-1213.00,1.A.1.a.4,Written Expression,IM,3.88,8,0.125,3.63,4.12,N,,08/2021,Analyst
29-1213.00,1.A.1.a.4,Written Expression,LV,4.12,8,0.125,3.88,4.37,N,N,08/2021,Analyst
29-1213.00,1.A.1.b.1,Fluency of Ideas,IM,3.0,8,0.0,3.0,3.0,N,,08/2021,Analyst
29-1213.00,1.A.1.b.1,Fluency of Ideas,LV,3.62,8,0.183,3.2664,3.9836,N,N,08/2021,Analyst
29-1213.00,1.A.1.b.2,Originality,IM,3.0,8,0.0,3.0,3.0,N,,08/2021,Analyst
29-1213.00,1.A.1.b.2,Originality,LV,3.5,8,0.189,3.1296,3.8704,N,N,08/2021,Analyst
29-1213.00,1.A.1.b.3,Problem Sensitivity,IM,4.25,8,0.1637,3.9292,4.5708,N,,08/2021,Analyst
29-1213.00,1.A.1.b.3,Problem Sensitivity,LV,5.0,8,0.0,5.0,5.0,N,N,08/2021,Analyst
29-1213.00,1.A.1.b.4,Deductive Reasoning,IM,4.12,8,0.125,3.88,4.37,N,,08/2021,Analyst
29-1213.00,1.A.1.b.4,Deductive Reasoning,LV,5.0,8,0.0,5.0,5.0,N,N,08/2021,Analyst
29-1213.00,1.A.1.b.5,Inductive Reasoning,IM,4.12,8,0.125,3.88,4.37,N,,08/2021,Analyst
29-1213.00,1.A.1.b.5,Inductive Reasoning,LV,5.25,8,0.1637,4.9292,5.5708,N,N,08/2021,Analyst
29-1213.00,1.A.1.b.6,Information Ordering,IM,3.75,8,0.1637,3.4292,4.0708,N,,08/2021,Analyst
29-1213.00,1.A.1.b.6,Information Ordering,LV,3.75,8,0.1637,3.4292,4.0708,N,N,08/2021,Analyst
29-1213.00,1.A.1.b.7,Category Flexibility,IM,3.25,8,0.1637,2.9292,3.5708,N,,08/2021,Analyst
29-1213.00,1.A.1.b.7,Category Flexibility,LV,3.88,8,0.125,3.63,4.12,N,N,08/2021,Analyst
29-1213.00,1.A.1.c.1,Mathematical Reasoning,IM,2.75,8,0.1637,2.4292,3.0708,N,,08/2021,Analyst
29-1213.00,1.A.1.c.1,Mathematical Reasoning,LV,2.88,8,0.125,2.63,3.12,N,N,08/2021,Analyst
29-1213.00,1.A.1.c.2,Number Facility,IM,2.75,8,0.1637,2.4292,3.0708,N,,08/2021,Analyst
29-1213.00,1.A.1.c.2,Number Facility,LV,2.88,8,0.125,2.63,3.12,N,N,08/2021,Analyst
29-1213.00,1.A.1.d.1,Memorization,IM,3.0,8,0.0,3.0,3.0,N,,08/2021,Analyst
29-1213.00,1.A.1.d.1,Memorization,LV,3.0,8,0.0,3.0,3.0,N,N,08/2021,Analyst
29-1213.00,1.A.1.e.1,Speed of Closure,IM,2.88,8,0.2266,2.4309,3.3191,N,,08/2021,Analyst
29-1213.00,1.A.1.e.1,Speed of Closure,LV,3.12,8,0.2266,2.6809,3.5691,N,N,08/2021,Analyst
29-1213.00,1.A.1.e.2,Flexibility of Closure,IM,3.25,8,0.1637,2.9292,3.5708,N,,08/2021,Analyst
29-1213.00,1.A.1.e.2,Flexibility of Closure,LV,3.75,8,0.1637,3.4292,4.0708,N,N,08/2021,Analyst
29-1213.00,1.A.1.e.3,Perceptual Speed,IM,3.0,8,0.189,2.6296,3.3704,N,,08/2021,Analyst
29-1213.00,1.A.1.e.3,Perceptual Speed,LV,3.0,8,0.189,2.6296,3.3704,N,N,08/2021,Analyst
29-1213.00,1.A.1.f.1,Spatial Orientation,IM,1.0,8,0.0,1.0,1.0,N,,08/2021,Analyst
29-1213.00,1.A.1.f.1,Spatial Orientation,LV,0.0,8,0.0,0.0,0.0,N,Y,08/2021,Analyst
29-1213.00,1.A.1.f.2,Visualization,IM,2.75,8,0.1637,2.4292,3.0708,N,,08/2021,Analyst
29-1213.00,1.A.1.f.2,Visualization,LV,2.88,8,0.125,2.63,3.12,N,N,08/2021,Analyst
29-1213.00,1.A.1.g.1,Selective Attention,IM,3.12,8,0.125,2.88,3.37,N,,08/2021,Analyst
29-1213.00,1.A.1.g.1,Selective Attention,LV,3.0,8,0.0,3.0,3.0,N,N,08/2021,Analyst
29-1213.00,1.A.1.g.2,Time Sharing,IM,2.75,8,0.1637,2.4292,3.0708,N,,08/2021,Analyst
29-1213.00,1.A.1.g.2,Time Sharing,LV,2.38,8,0.183,2.0164,2.7336,N,N,08/2021,Analyst
29-1213.00,1.A.2.a.1,Arm-Hand Steadiness,IM,3.0,8,0.189,2.6296,3.3704,N,,08/2021,Analyst
29-1213.00,1.A.2.a.1,Arm-Hand Steadiness,LV,3.75,8,0.1637,3.4292,4.0708,N,N,08/2021,Analyst
29-1213.00,1.A.2.a.2,Manual Dexterity,IM,2.88,8,0.2266,2.4309,3.3191,N,,08/2021,Analyst
29-1213.00,1.A.2.a.2,Manual Dexterity,LV,3.0,8,0.3273,2.3584,3.6416,N,N,08/2021,Analyst
29-1213.00,1.A.2.a.3,Finger Dexterity,IM,3.0,8,0.189,2.6296,3.3704,N,,08/2021,Analyst
29-1213.00,1.A.2.a.3,Finger Dexterity,LV,3.75,8,0.25,3.26,4.24,N,N,08/2021,Analyst
29-1213.00,1.A.2.b.1,Control Precision,IM,2.12,8,0.125,1.88,2.37,N,,08/2021,Analyst
29-1213.00,1.A.2.b.1,Control Precision,LV,2.62,8,0.183,2.2664,2.9836,N,N,08/2021,Analyst
29-1213.00,1.A.2.b.2,Multilimb Coordination,IM,2.25,8,0.1637,1.9292,2.5708,N,,08/2021,Analyst
29-1213.00,1.A.2.b.2,Multilimb Coordination,LV,2.25,8,0.1637,1.9292,2.5708,N,N,08/2021,Analyst
29-1213.00,1.A.2.b.3,Response Orientation,IM,1.25,8,0.1637,1.0,1.5708,N,,08/2021,Analyst
29-1213.00,1.A.2.b.3,Response Orientation,LV,0.25,8,0.1637,0.0,0.5708,N,Y,08/2021,Analyst
29-1213.00,1.A.2.b.4,Rate Control,IM,1.0,8,0.0,1.0,1.0,N,,08/2021,Analyst
29-1213.00,1.A.2.b.4,Rate Control,LV,0.0,8,0.0,0.0,0.0,N,Y,08/2021,Analyst
29-1213.00,1.A.2.c.1,Reaction Time,IM,1.0,8,0.0,1.0,1.0,N,,08/2021,Analyst
29-1213.00,1.A.2.c.1,Reaction Time,LV,0.0,8,0.0,0.0,0.0,N,Y,08/2021,Analyst
29-1213.00,1.A.2.c.2,Wrist-Finger Speed,IM,1.62,8,0.183,1.2664,1.9836,N,,08/2021,Analyst
29-1213.00,1.A.2.c.2,Wrist-Finger Speed,LV,0.62,8,0.183,0.2664,0.9836,N,N,08/2021,Analyst
29-1213.00,1.A.2.c.3,Speed of Limb Movement,IM,1.0,8,0.0,1.0,1.0,N,,08/2021,Analyst
29-1213.00,1.A.2.c.3,Speed of Limb Movement,LV,0.0,8,0.0,0.0,0.0,N,Y,08/2021,Analyst
29-1213.00,1.A.3.a.1,Static Strength,IM,2.0,8,0.0,2.0,2.0,N,,08/2021,Analyst
29-1213.00,1.A.3.a.1,Static Strength,LV,1.0,8,0.0,1.0,1.0,N,N,08/2021,Analyst
29-1213.00,1.A.3.a.2,Explosive Strength,IM,1.25,8,0.1637,1.0,1.5708,N,,08/2021,Analyst
29-1213.00,1.A.3.a.2,Explosive Strength,LV,0.25,8,0.1637,0.0,0.5708,N,Y,08/2021,Analyst
29-1213.00,1.A.3.a.3,Dynamic Strength,IM,1.75,8,0.1637,1.4292,2.0708,N,,08/2021,Analyst
29-1213.00,1.A.3.a.3,Dynamic Strength,LV,0.75,8,0.1637,0.4292,1.0708,N,N,08/2021,Analyst
29-1213.00,1.A.3.a.4,Trunk Strength,IM,2.0,8,0.0,2.0,2.0,N,,08/2021,Analyst
29-1213.00,1.A.3.a.4,Trunk Strength,LV,2.0,8,0.0,2.0,2.0,N,N,08/2021,Analyst
29-1213.00,1.A.3.b.1,Stamina,IM,1.88,8,0.125,1.63,2.12,N,,08/2021,Analyst
29-1213.00,1.A.3.b.1,Stamina,LV,0.88,8,0.125,0.63,1.12,N,N,08/2021,Analyst
29-1213.00,1.A.3.c.1,Extent Flexibility,IM,2.0,8,0.0,2.0,2.0,N,,08/2021,Analyst
29-1213.00,1.A.3.c.1,Extent Flexibility,LV,1.75,8,0.1637,1.4292,2.0708,N,N,08/2021,Analyst
29-1213.00,1.A.3.c.2,Dynamic Flexibility,IM,1.0,8,0.0,1.0,1.0,N,,08/2021,Analyst
29-1213.00,1.A.3.c.2,Dynamic Flexibility,LV,0.0,8,0.0,0.0,0.0,N,Y,08/2021,Analyst
29-1213.00,1.A.3.c.3,Gross Body Coordination,IM,1.75,8,0.1637,1.4292,2.0708,N,,08/2021,Analyst
29-1213.00,1.A.3.c.3,Gross Body Coordination,LV,0.88,8,0.2266,0.4309,1.3191,N,N,08/2021,Analyst
29-1213.00,1.A.3.c.4,Gross Body Equilibrium,IM,1.75,8,0.1637,1.4292,2.0708,N,,08/2021,Analyst
29-1213.00,1.A.3.c.4,Gross Body Equilibrium,LV,0.88,8,0.2266,0.4309,1.3191,N,N,08/2021,Analyst
29-1213.00,1.A.4.a.1,Near Vision,IM,4.0,8,0.0,4.0,4.0,N,,08/2021,Analyst
29-1213.00,1.A.4.a.1,Near Vision,LV,4.25,8,0.1637,3.9292,4.5708,N,N,08/2021,Analyst
29-1213.00,1.A.4.a.2,Far Vision,IM,3.0,8,0.0,3.0,3.0,N,,08/2021,Analyst
29-1213.00,1.A.4.a.2,Far Vision,LV,3.12,8,0.125,2.88,3.37,N,N,08/2021,Analyst
29-1213.00,1.A.4.a.3,Visual Color Discrimination,IM,3.12,8,0.125,2.88,3.37,N,,08/2021,Analyst
29-1213.00,1.A.4.a.3,Visual Color Discrimination,LV,3.25,8,0.1637,2.9292,3.5708,N,N,08/2021,Analyst
29-1213.00,1.A.4.a.4,Night Vision,IM,1.0,8,0.0,1.0,1.0,N,,08/2021,Analyst
29-1213.00,1.A.4.a.4,Night Vision,LV,0.0,8,0.0,0.0,0.0,N,Y,08/2021,Analyst
29-1213.00,1.A.4.a.5,Peripheral Vision,IM,1.0,8,0.0,1.0,1.0,N,,08/2021,Analyst
29-1213.00,1.A.4.a.5,Peripheral Vision,LV,0.0,8,0.0,0.0,0.0,N,Y,08/2021,Analyst
29-1213.00,1.A.4.a.6,Depth Perception,IM,1.88,8,0.125,1.63,2.12,N,,08/2021,Analyst
29-1213.00,1.A.4.a.6,Depth Perception,LV,1.0,8,0.189,0.6296,1.3704,N,N,08/2021,Analyst
29-1213.00,1.A.4.a.7,Glare Sensitivity,IM,1.0,8,0.0,1.0,1.0,N,,08/2021,Analyst
29-1213.00,1.A.4.a.7,Glare Sensitivity,LV,0.0,8,0.0,0.0,0.0,N,Y,08/2021,Analyst
29-1213.00,1.A.4.b.1,Hearing Sensitivity,IM,2.0,8,0.0,2.0,2.0,N,,08/2021,Analyst
29-1213.00,1.A.4.b.1,Hearing Sensitivity,LV,1.88,8,0.2266,1.4309,2.3191,N,N,08/2021,Analyst
29-1213.00,1.A.4.b.2,Auditory Attention,IM,1.88,8,0.125,1.63,2.12,N,,08/2021,Analyst
29-1213.00,1.A.4.b.2,Auditory Attention,LV,1.12,8,0.2266,0.6809,1.5691,N,N,08/2021,Analyst
29-1213.00,1.A.4.b.3,Sound Localization,IM,1.0,8,0.0,1.0,1.0,N,,08/2021,Analyst
29-1213.00,1.A.4.b.3,Sound Localization,LV,0.0,8,0.0,0.0,0.0,N,Y,08/2021,Analyst
29-1213.00,1.A.4.b.4,Speech Recognition,IM,3.62,8,0.183,3.2664,3.9836,N,,08/2021,Analyst
29-1213.00,1.A.4.b.4,Speech Recognition,LV,3.75,8,0.1637,3.4292,4.0708,N,N,08/2021,Analyst
29-1213.00,1.A.4.b.5,Speech Clarity,IM,3.75,8,0.1637,3.4292,4.0708,N,,08/2021,Analyst
29-1213.00,1.A.4.b.5,Speech Clarity,LV,3.75,8,0.1637,3.4292,4.0708,N,N,08/2021,Analyst
29-1215.00,1.A.1.a.1,Oral Comprehension,IM,4.88,8,0.125,4.63,5.0,N,,08/2020,Analyst
29-1215.00,1.A.1.a.1,Oral Comprehension,LV,5.0,8,0.0,5.0,5.0,N,N,08/2020,Analyst
29-1215.00,1.A.1.a.2,Written Comprehension,IM,4.25,8,0.1637,3.9292,4.5708,N,,08/2020,Analyst
29-1215.00,1.A.1.a.2,Written Comprehension,LV,5.0,8,0.0,5.0,5.0,N,N,08/2020,Analyst
29-1215.00,1.A.1.a.3,Oral Expression,IM,4.88,8,0.125,4.63,5.0,N,,08/2020,Analyst
29-1215.00,1.A.1.a.3,Oral Expression,LV,5.0,8,0.0,5.0,5.0,N,N,08/2020,Analyst
29-1215.00,1.A.1.a.4,Written Expression,IM,4.0,8,0.0,4.0,4.0,N,,08/2020,Analyst
29-1215.00,1.A.1.a.4,Written Expression,LV,4.88,8,0.125,4.63,5.12,N,N,08/2020,Analyst
29-1215.00,1.A.1.b.1,Fluency of Ideas,IM,3.12,8,0.125,2.88,3.37,N,,08/2020,Analyst
29-1215.00,1.A.1.b.1,Fluency of Ideas,LV,3.12,8,0.125,2.88,3.37,N,N,08/2020,Analyst
29-1215.00,1.A.1.b.2,Originality,IM,3.0,8,0.0,3.0,3.0,N,,08/2020,Analyst
29-1215.00,1.A.1.b.2,Originality,LV,3.12,8,0.125,2.88,3.37,N,N,08/2020,Analyst
29-1215.00,1.A.1.b.3,Problem Sensitivity,IM,5.0,8,0.0,5.0,5.0,N,,08/2020,Analyst
29-1215.00,1.A.1.b.3,Problem Sensitivity,LV,5.25,8,0.1637,4.9292,5.5708,N,N,08/2020,Analyst
29-1215.00,1.A.1.b.4,Deductive Reasoning,IM,4.25,8,0.1637,3.9292,4.5708,N,,08/2020,Analyst
29-1215.00,1.A.1.b.4,Deductive Reasoning,LV,4.25,8,0.1637,3.9292,4.5708,N,N,08/2020,Analyst
29-1215.00,1.A.1.b.5,Inductive Reasoning,IM,4.12,8,0.125,3.88,4.37,N,,08/2020,Analyst
29-1215.00,1.A.1.b.5,Inductive Reasoning,LV,5.12,8,0.125,4.88,5.37,N,N,08/2020,Analyst
29-1215.00,1.A.1.b.6,Information Ordering,IM,3.25,8,0.1637,2.9292,3.5708,N,,08/2020,Analyst
29-1215.00,1.A.1.b.6,Information Ordering,LV,3.75,8,0.1637,3.4292,4.0708,N,N,08/2020,Analyst
29-1215.00,1.A.1.b.7,Category Flexibility,IM,3.0,8,0.0,3.0,3.0,N,,08/2020,Analyst
29-1215.00,1.A.1.b.7,Category Flexibility,LV,3.62,8,0.183,3.2664,3.9836,N,N,08/2020,Analyst
29-1215.00,1.A.1.c.1,Mathematical Reasoning,IM,2.75,8,0.1637,2.4292,3.0708,N,,08/2020,Analyst
29-1215.00,1.A.1.c.1,Mathematical Reasoning,LV,2.88,8,0.125,2.63,3.12,N,N,08/2020,Analyst
29-1215.00,1.A.1.c.2,Number Facility,IM,2.88,8,0.125,2.63,3.12,N,,08/2020,Analyst
29-1215.00,1.A.1.c.2,Number Facility,LV,2.62,8,0.183,2.2664,2.9836,N,N,08/2020,Analyst
29-1215.00,1.A.1.d.1,Memorization,IM,2.38,8,0.183,2.0164,2.7336,N,,08/2020,Analyst
29-1215.00,1.A.1.d.1,Memorization,LV,2.75,8,0.1637,2.4292,3.0708,N,N,08/2020,Analyst
29-1215.00,1.A.1.e.1,Speed of Closure,IM,2.75,8,0.1637,2.4292,3.0708,N,,08/2020,Analyst
29-1215.00,1.A.1.e.1,Speed of Closure,LV,2.75,8,0.1637,2.4292,3.0708,N,N,08/2020,Analyst
29-1215.00,1.A.1.e.2,Flexibility of Closure,IM,3.25,8,0.1637,2.9292,3.5708,N,,08/2020,Analyst
29-1215.00,1.A.1.e.2,Flexibility of Closure,LV,3.62,8,0.183,3.2664,3.9836,N,N,08/2020,Analyst
29-1215.00,1.A.1.e.3,Perceptual Speed,IM,3.0,8,0.0,3.0,3.0,N,,08/2020,Analyst
29-1215.00,1.A.1.e.3,Perceptual Speed,LV,3.0,8,0.0,3.0,3.0,N,N,08/2020,Analyst
29-1215.00,1.A.1.f.1,Spatial Orientation,IM,1.0,8,0.0,1.0,1.0,N,,08/2020,Analyst
29-1215.00,1.A.1.f.1,Spatial Orientation,LV,0.0,8,0.0,0.0,0.0,N,Y,08/2020,Analyst
29-1215.00,1.A.1.f.2,Visualization,IM,2.5,8,0.189,2.1296,2.8704,N,,08/2020,Analyst
29-1215.00,1.A.1.f.2,Visualization,LV,2.38,8,0.183,2.0164,2.7336,N,N,08/2020,Analyst
29-1215.00,1.A.1.g.1,Selective Attention,IM,3.25,8,0.1637,2.9292,3.5708,N,,08/2020,Analyst
29-1215.00,1.A.1.g.1,Selective Attention,LV,3.12,8,0.125,2.88,3.37,N,N,08/2020,Analyst
29-1215.00,1.A.1.g.2,Time Sharing,IM,3.0,8,0.0,3.0,3.0,N,,08/2020,Analyst
29-1215.00,1.A.1.g.2,Time Sharing,LV,3.12,8,0.125,2.88,3.37,N,N,08/2020,Analyst
29-1215.00,1.A.2.a.1,Arm-Hand Steadiness,IM,2.75,8,0.1637,2.4292,3.0708,N,,08/2020,Analyst
29-1215.00,1.A.2.a.1,Arm-Hand Steadiness,LV,2.88,8,0.125,2.63,3.12,N,N,08/2020,Analyst
29-1215.00,1.A.2.a.2,Manual Dexterity,IM,2.38,8,0.183,2.0164,2.7336,N,,08/2020,Analyst
29-1215.00,1.A.2.a.2,Manual Dexterity,LV,2.75,8,0.1637,2.4292,3.0708,N,N,08/2020,Analyst
29-1215.00,1.A.2.a.3,Finger Dexterity,IM,2.62,8,0.183,2.2664,2.9836,N,,08/2020,Analyst
29-1215.00,1.A.2.a.3,Finger Dexterity,LV,2.75,8,0.1637,2.4292,3.0708,N,N,08/2020,Analyst
29-1215.00,1.A.2.b.1,Control Precision,IM,2.38,8,0.183,2.0164,2.7336,N,,08/2020,Analyst
29-1215.00,1.A.2.b.1,Control Precision,LV,2.38,8,0.183,2.0164,2.7336,N,N,08/2020,Analyst
29-1215.00,1.A.2.b.2,Multilimb Coordination,IM,1.12,8,0.125,1.0,1.37,N,,08/2020,Analyst
29-1215.00,1.A.2.b.2,Multilimb Coordination,LV,0.12,8,0.125,0.0,0.37,N,Y,08/2020,Analyst
29-1215.00,1.A.2.b.3,Response Orientation,IM,1.0,8,0.0,1.0,1.0,N,,08/2020,Analyst
29-1215.00,1.A.2.b.3,Response Orientation,LV,0.0,8,0.0,0.0,0.0,N,Y,08/2020,Analyst
29-1215.00,1.A.2.b.4,Rate Control,IM,1.0,8,0.0,1.0,1.0,N,,08/2020,Analyst
29-1215.00,1.A.2.b.4,Rate Control,LV,0.0,8,0.0,0.0,0.0,N,Y,08/2020,Analyst
29-1215.00,1.A.2.c.1,Reaction Time,IM,1.0,8,0.0,1.0,1.0,N,,08/2020,Analyst
29-1215.00,1.A.2.c.1,Reaction Time,LV,0.0,8,0.0,0.0,0.0,N,Y,08/2020,Analyst
29-1215.00,1.A.2.c.2,Wrist-Finger Speed,IM,1.38,8,0.2631,1.0,1.8906,N,,08/2020,Analyst
29-1215.00,1.A.2.c.2,Wrist-Finger Speed,LV,0.5,8,0.378,0.0,1.2408,N,Y,08/2020,Analyst
29-1215.00,1.A.2.c.3,Speed of Limb Movement,IM,1.0,8,0.0,1.0,1.0,N,,08/2020,Analyst
29-1215.00,1.A.2.c.3,Speed of Limb Movement,LV,0.0,8,0.0,0.0,0.0,N,Y,08/2020,Analyst
29-1215.00,1.A.3.a.1,Static Strength,IM,1.0,8,0.0,1.0,1.0,N,,08/2020,Analyst
29-1215.00,1.A.3.a.1,Static Strength,LV,0.0,8,0.0,0.0,0.0,N,Y,08/2020,Analyst
29-1215.00,1.A.3.a.2,Explosive Strength,IM,1.0,8,0.0,1.0,1.0,N,,08/2020,Analyst
29-1215.00,1.A.3.a.2,Explosive Strength,LV,0.0,8,0.0,0.0,0.0,N,Y,08/2020,Analyst
29-1215.00,1.A.3.a.3,Dynamic Strength,IM,1.0,8,0.0,1.0,1.0,N,,08/2020,Analyst
29-1215.00,1.A.3.a.3,Dynamic Strength,LV,0.0,8,0.0,0.0,0.0,N,Y,08/2020,Analyst
29-1215.00,1.A.3.a.4,Trunk Strength,IM,2.0,8,0.0,2.0,2.0,N,,08/2020,Analyst
29-1215.00,1.A.3.a.4,Trunk Strength,LV,1.38,8,0.183,1.0164,1.7336,N,N,08/2020,Analyst
29-1215.00,1.A.3.b.1,Stamina,IM,1.0,8,0.0,1.0,1.0,N,,08/2020,Analyst
29-1215.00,1.A.3.b.1,Stamina,LV,0.0,8,0.0,0.0,0.0,N,Y,08/2020,Analyst
29-1215.00,1.A.3.c.1,Extent Flexibility,IM,1.0,8,0.0,1.0,1.0,N,,08/2020,Analyst
29-1215.00,1.A.3.c.1,Extent Flexibility,LV,0.0,8,0.0,0.0,0.0,N,Y,08/2020,Analyst
29-1215.00,1.A.3.c.2,Dynamic Flexibility,IM,1.0,8,0.0,1.0,1.0,N,,08/2020,Analyst
29-1215.00,1.A.3.c.2,Dynamic Flexibility,LV,0.0,8,0.0,0.0,0.0,N,Y,08/2020,Analyst
29-1215.00,1.A.3.c.3,Gross Body Coordination,IM,1.0,8,0.0,1.0,1.0,N,,08/2020,Analyst
29-1215.00,1.A.3.c.3,Gross Body Coordination,LV,0.0,8,0.0,0.0,0.0,N,Y,08/2020,Analyst
29-1215.00,1.A.3.c.4,Gross Body Equilibrium,IM,1.0,8,0.0,1.0,1.0,N,,08/2020,Analyst
29-1215.00,1.A.3.c.4,Gross Body Equilibrium,LV,0.0,8,0.0,0.0,0.0,N,Y,08/2020,Analyst
29-1215.00,1.A.4.a.1,Near Vision,IM,3.88,8,0.125,3.63,4.12,N,,08/2020,Analyst
29-1215.00,1.A.4.a.1,Near Vision,LV,4.0,8,0.0,4.0,4.0,N,N,08/2020,Analyst
29-1215.00,1.A.4.a.2,Far Vision,IM,2.88,8,0.125,2.63,3.12,N,,08/2020,Analyst
29-1215.00,1.A.4.a.2,Far Vision,LV,2.88,8,0.125,2.63,3.12,N,N,08/2020,Analyst
29-1215.00,1.A.4.a.3,Visual Color Discrimination,IM,2.88,8,0.125,2.63,3.12,N,,08/2020,Analyst
29-1215.00,1.A.4.a.3,Visual Color Discrimination,LV,2.88,8,0.125,2.63,3.12,N,N,08/2020,Analyst
29-1215.00,1.A.4.a.4,Night Vision,IM,1.0,8,0.0,1.0,1.0,N,,08/2020,Analyst
29-1215.00,1.A.4.a.4,Night Vision,LV,0.0,8,0.0,0.0,0.0,N,Y,08/2020,Analyst
29-1215.00,1.A.4.a.5,Peripheral Vision,IM,1.0,8,0.0,1.0,1.0,N,,08/2020,Analyst
29-1215.00,1.A.4.a.5,Peripheral Vision,LV,0.0,8,0.0,0.0,0.0,N,Y,08/2020,Analyst
29-1215.00,1.A.4.a.6,Depth Perception,IM,1.88,8,0.125,1.63,2.12,N,,08/2020,Analyst
29-1215.00,1.A.4.a.6,Depth Perception,LV,1.38,8,0.2631,0.8594,1.8906,N,N,08/2020,Analyst
29-1215.00,1.A.4.a.7,Glare Sensitivity,IM,1.0,8,0.0,1.0,1.0,N,,08/2020,Analyst
29-1215.00,1.A.4.a.7,Glare Sensitivity,LV,0.0,8,0.0,0.0,0.0,N,Y,08/2020,Analyst
29-1215.00,1.A.4.b.1,Hearing Sensitivity,IM,2.38,8,0.183,2.0164,2.7336,N,,08/2020,Analyst
29-1215.00,1.A.4.b.1,Hearing Sensitivity,LV,2.75,8,0.1637,2.4292,3.0708,N,N,08/2020,Analyst
29-1215.00,1.A.4.b.2,Auditory Attention,IM,2.25,8,0.1637,1.9292,2.5708,N,,08/2020,Analyst
29-1215.00,1.A.4.b.2,Auditory Attention,LV,2.12,8,0.125,1.88,2.37,N,N,08/2020,Analyst
29-1215.00,1.A.4.b.3,Sound Localization,IM,1.0,8,0.0,1.0,1.0,N,,08/2020,Analyst
29-1215.00,1.A.4.b.3,Sound Localization,LV,0.0,8,0.0,0.0,0.0,N,Y,08/2020,Analyst
29-1215.00,1.A.4.b.4,Speech Recognition,IM,3.88,8,0.125,3.63,4.12,N,,08/2020,Analyst
29-1215.00,1.A.4.b.4,Speech Recognition,LV,4.0,8,0.0,4.0,4.0,N,N,08/2020,Analyst
29-1215.00,1.A.4.b.5,Speech Clarity,IM,4.0,8,0.0,4.0,4.0,N,,08/2020,Analyst
29-1215.00,1.A.4.b.5,Speech Clarity,LV,4.0,8,0.0,4.0,4.0,N,N,08/2020,Analyst
29-1216.00,1.A.1.a.1,Oral Comprehension,IM,4.25,8,0.1637,3.9292,4.5708,N,,08/2021,Analyst
29-1216.00,1.A.1.a.1,Oral Comprehension,LV,4.88,8,0.125,4.63,5.12,N,N,08/2021,Analyst
29-1216.00,1.A.1.a.2,Written Comprehension,IM,4.12,8,0.125,3.88,4.37,N,,08/2021,Analyst
29-1216.00,1.A.1.a.2,Written Comprehension,LV,5.0,8,0.0,5.0,5.0,N,N,08/2021,Analyst
29-1216.00,1.A.1.a.3,Oral Expression,IM,4.25,8,0.1637,3.9292,4.5708,N,,08/2021,Analyst
29-1216.00,1.A.1.a.3,Oral Expression,LV,5.0,8,0.0,5.0,5.0,N,N,08/2021,Analyst
29-1216.00,1.A.1.a.4,Written Expression,IM,4.0,8,0.0,4.0,4.0,N,,08/2021,Analyst
29-1216.00,1.A.1.a.4,Written Expression,LV,4.75,8,0.1637,4.4292,5.0708,N,N,08/2021,Analyst
29-1216.00,1.A.1.b.1,Fluency of Ideas,IM,3.25,8,0.1637,2.9292,3.5708,N,,08/2021,Analyst
29-1216.00,1.A.1.b.1,Fluency of Ideas,LV,3.88,8,0.125,3.63,4.12,N,N,08/2021,Analyst
29-1216.00,1.A.1.b.2,Originality,IM,3.0,8,0.0,3.0,3.0,N,,08/2021,Analyst
29-1216.00,1.A.1.b.2,Originality,LV,3.62,8,0.183,3.2664,3.9836,N,N,08/2021,Analyst
29-1216.00,1.A.1.b.3,Problem Sensitivity,IM,4.38,8,0.183,4.0164,4.7336,N,,08/2021,Analyst
29-1216.00,1.A.1.b.3,Problem Sensitivity,LV,5.62,8,0.183,5.2664,5.9836,N,N,08/2021,Analyst
29-1216.00,1.A.1.b.4,Deductive Reasoning,IM,4.12,8,0.125,3.88,4.37,N,,08/2021,Analyst
29-1216.00,1.A.1.b.4,Deductive Reasoning,LV,5.0,8,0.0,5.0,5.0,N,N,08/2021,Analyst
29-1216.00,1.A.1.b.5,Inductive Reasoning,IM,4.25,8,0.1637,3.9292,4.5708,N,,08/2021,Analyst
29-1216.00,1.A.1.b.5,Inductive Reasoning,LV,5.38,8,0.375,4.64,6.11,N,N,08/2021,Analyst
29-1216.00,1.A.1.b.6,Information Ordering,IM,4.0,8,0.0,4.0,4.0,N,,08/2021,Analyst
29-1216.00,1.A.1.b.6,Information Ordering,LV,4.12,8,0.125,3.88,4.37,N,N,08/2021,Analyst
29-1216.00,1.A.1.b.7,Category Flexibility,IM,4.0,8,0.0,4.0,4.0,N,,08/2021,Analyst
29-1216.00,1.A.1.b.7,Category Flexibility,LV,4.0,8,0.0,4.0,4.0,N,N,08/2021,Analyst
29-1216.00,1.A.1.c.1,Mathematical Reasoning,IM,3.0,8,0.0,3.0,3.0,N,,08/2021,Analyst
29-1216.00,1.A.1.c.1,Mathematical Reasoning,LV,3.0,8,0.0,3.0,3.0,N,N,08/2021,Analyst
29-1216.00,1.A.1.c.2,Number Facility,IM,3.0,8,0.0,3.0,3.0,N,,08/2021,Analyst
29-1216.00,1.A.1.c.2,Number Facility,LV,3.0,8,0.0,3.0,3.0,N,N,08/2021,Analyst
29-1216.00,1.A.1.d.1,Memorization,IM,3.0,8,0.0,3.0,3.0,N,,08/2021,Analyst
29-1216.00,1.A.1.d.1,Memorization,LV,3.0,8,0.0,3.0,3.0,N,N,08/2021,Analyst
29-1216.00,1.A.1.e.1,Speed of Closure,IM,2.88,8,0.125,2.63,3.12,N,,08/2021,Analyst
29-1216.00,1.A.1.e.1,Speed of Closure,LV,3.0,8,0.0,3.0,3.0,N,N,08/2021,Analyst
29-1216.00,1.A.1.e.2,Flexibility of Closure,IM,3.38,8,0.183,3.0164,3.7336,N,,08/2021,Analyst
29-1216.00,1.A.1.e.2,Flexibility of Closure,LV,3.88,8,0.125,3.63,4.12,N,N,08/2021,Analyst
29-1216.00,1.A.1.e.3,Perceptual Speed,IM,3.25,8,0.1637,2.9292,3.5708,N,,08/2021,Analyst
29-1216.00,1.A.1.e.3,Perceptual Speed,LV,3.25,8,0.1637,2.9292,3.5708,N,N,08/2021,Analyst
29-1216.00,1.A.1.f.1,Spatial Orientation,IM,1.0,8,0.0,1.0,1.0,N,,08/2021,Analyst
29-1216.00,1.A.1.f.1,Spatial Orientation,LV,0.0,8,0.0,0.0,0.0,N,Y,08/2021,Analyst
29-1216.00,1.A.1.f.2,Visualization,IM,2.88,8,0.125,2.63,3.12,N,,08/2021,Analyst
29-1216.00,1.A.1.f.2,Visualization,LV,2.88,8,0.125,2.63,3.12,N,N,08/2021,Analyst
29-1216.00,1.A.1.g.1,Selective Attention,IM,3.25,8,0.1637,2.9292,3.5708,N,,08/2021,Analyst
29-1216.00,1.A.1.g.1,Selective Attention,LV,3.12,8,0.125,2.88,3.37,N,N,08/2021,Analyst
29-1216.00,1.A.1.g.2,Time Sharing,IM,2.88,8,0.125,2.63,3.12,N,,08/2021,Analyst
29-1216.00,1.A.1.g.2,Time Sharing,LV,3.0,8,0.0,3.0,3.0,N,N,08/2021,Analyst
29-1216.00,1.A.2.a.1,Arm-Hand Steadiness,IM,2.38,8,0.183,2.0164,2.7336,N,,08/2021,Analyst
29-1216.00,1.A.2.a.1,Arm-Hand Steadiness,LV,2.75,8,0.1637,2.4292,3.0708,N,N,08/2021,Analyst
29-1216.00,1.A.2.a.2,Manual Dexterity,IM,2.12,8,0.125,1.88,2.37,N,,08/2021,Analyst
29-1216.00,1.A.2.a.2,Manual Dexterity,LV,2.25,8,0.1637,1.9292,2.5708,N,N,08/2021,Analyst
29-1216.00,1.A.2.a.3,Finger Dexterity,IM,2.88,8,0.125,2.63,3.12,N,,08/2021,Analyst
29-1216.00,1.A.2.a.3,Finger Dexterity,LV,3.0,8,0.0,3.0,3.0,N,N,08/2021,Analyst
29-1216.00,1.A.2.b.1,Control Precision,IM,2.12,8,0.125,1.88,2.37,N,,08/2021,Analyst
29-1216.00,1.A.2.b.1,Control Precision,LV,2.12,8,0.125,1.88,2.37,N,N,08/2021,Analyst
29-1216.00,1.A.2.b.2,Multilimb Coordination,IM,1.5,8,0.189,1.1296,1.8704,N,,08/2021,Analyst
29-1216.00,1.A.2.b.2,Multilimb Coordination,LV,0.88,8,0.3504,0.1883,1.5617,N,N,08/2021,Analyst
29-1216.00,1.A.2.b.3,Response Orientation,IM,1.0,8,0.0,1.0,1.0,N,,08/2021,Analyst
29-1216.00,1.A.2.b.3,Response Orientation,LV,0.0,8,0.0,0.0,0.0,N,Y,08/2021,Analyst
29-1216.00,1.A.2.b.4,Rate Control,IM,1.25,8,0.1637,1.0,1.5708,N,,08/2021,Analyst
29-1216.00,1.A.2.b.4,Rate Control,LV,0.25,8,0.1637,0.0,0.5708,N,Y,08/2021,Analyst
29-1216.00,1.A.2.c.1,Reaction Time,IM,1.25,8,0.1637,1.0,1.5708,N,,08/2021,Analyst
29-1216.00,1.A.2.c.1,Reaction Time,LV,0.25,8,0.1637,0.0,0.5708,N,Y,08/2021,Analyst
29-1216.00,1.A.2.c.2,Wrist-Finger Speed,IM,1.25,8,0.1637,1.0,1.5708,N,,08/2021,Analyst
29-1216.00,1.A.2.c.2,Wrist-Finger Speed,LV,0.38,8,0.2631,0.0,0.8906,N,Y,08/2021,Analyst
29-1216.00,1.A.2.c.3,Speed of Limb Movement,IM,1.5,8,0.189,1.1296,1.8704,N,,08/2021,Analyst
29-1216.00,1.A.2.c.3,Speed of Limb Movement,LV,0.62,8,0.2631,0.1094,1.1406,N,N,08/2021,Analyst
29-1216.00,1.A.3.a.1,Static Strength,IM,1.5,8,0.189,1.1296,1.8704,N,,08/2021,Analyst
29-1216.00,1.A.3.a.1,Static Strength,LV,0.75,8,0.3134,0.1358,1.3642,N,N,08/2021,Analyst
29-1216.00,1.A.3.a.2,Explosive Strength,IM,1.5,8,0.189,1.1296,1.8704,N,,08/2021,Analyst
29-1216.00,1.A.3.a.2,Explosive Strength,LV,0.75,8,0.3134,0.1358,1.3642,N,N,08/2021,Analyst
29-1216.00,1.A.3.a.3,Dynamic Strength,IM,1.38,8,0.183,1.0164,1.7336,N,,08/2021,Analyst
29-1216.00,1.A.3.a.3,Dynamic Strength,LV,0.38,8,0.183,0.0164,0.7336,N,N,08/2021,Analyst
29-1216.00,1.A.3.a.4,Trunk Strength,IM,2.0,8,0.0,2.0,2.0,N,,08/2021,Analyst
29-1216.00,1.A.3.a.4,Trunk Strength,LV,1.88,8,0.125,1.63,2.12,N,N,08/2021,Analyst
29-1216.00,1.A.3.b.1,Stamina,IM,2.0,8,0.0,2.0,2.0,N,,08/2021,Analyst
29-1216.00,1.A.3.b.1,Stamina,LV,1.0,8,0.0,1.0,1.0,N,N,08/2021,Analyst
29-1216.00,1.A.3.c.1,Extent Flexibility,IM,1.5,8,0.189,1.1296,1.8704,N,,08/2021,Analyst
29-1216.00,1.A.3.c.1,Extent Flexibility,LV,0.62,8,0.2631,0.1094,1.1406,N,N,08/2021,Analyst
29-1216.00,1.A.3.c.2,Dynamic Flexibility,IM,1.0,8,0.0,1.0,1.0,N,,08/2021,Analyst
29-1216.00,1.A.3.c.2,Dynamic Flexibility,LV,0.0,8,0.0,0.0,0.0,N,Y,08/2021,Analyst
29-1216.00,1.A.3.c.3,Gross Body Coordination,IM,2.0,8,0.0,2.0,2.0,N,,08/2021,Analyst
29-1216.00,1.A.3.c.3,Gross Body Coordination,LV,1.12,8,0.125,0.88,1.37,N,N,08/2021,Analyst
29-1216.00,1.A.3.c.4,Gross Body Equilibrium,IM,1.5,8,0.189,1.1296,1.8704,N,,08/2021,Analyst
29-1216.00,1.A.3.c.4,Gross Body Equilibrium,LV,0.5,8,0.189,0.1296,0.8704,N,N,08/2021,Analyst
29-1216.00,1.A.4.a.1,Near Vision,IM,4.0,8,0.0,4.0,4.0,N,,08/2021,Analyst
29-1216.00,1.A.4.a.1,Near Vision,LV,4.12,8,0.125,3.88,4.37,N,N,08/2021,Analyst
29-1216.00,1.A.4.a.2,Far Vision,IM,3.0,8,0.0,3.0,3.0,N,,08/2021,Analyst
29-1216.00,1.A.4.a.2,Far Vision,LV,3.0,8,0.0,3.0,3.0,N,N,08/2021,Analyst
29-1216.00,1.A.4.a.3,Visual Color Discrimination,IM,2.38,8,0.183,2.0164,2.7336,N,,08/2021,Analyst
29-1216.00,1.A.4.a.3,Visual Color Discrimination,LV,2.62,8,0.183,2.2664,2.9836,N,N,08/2021,Analyst
29-1216.00,1.A.4.a.4,Night Vision,IM,1.0,8,0.0,1.0,1.0,N,,08/2021,Analyst
29-1216.00,1.A.4.a.4,Night Vision,LV,0.0,8,0.0,0.0,0.0,N,Y,08/2021,Analyst
29-1216.00,1.A.4.a.5,Peripheral Vision,IM,1.0,8,0.0,1.0,1.0,N,,08/2021,Analyst
29-1216.00,1.A.4.a.5,Peripheral Vision,LV,0.0,8,0.0,0.0,0.0,N,Y,08/2021,Analyst
29-1216.00,1.A.4.a.6,Depth Perception,IM,1.88,8,0.125,1.63,2.12,N,,08/2021,Analyst
29-1216.00,1.A.4.a.6,Depth Perception,LV,1.12,8,0.2266,0.6809,1.5691,N,N,08/2021,Analyst
29-1216.00,1.A.4.a.7,Glare Sensitivity,IM,1.0,8,0.0,1.0,1.0,N,,08/2021,Analyst
29-1216.00,1.A.4.a.7,Glare Sensitivity,LV,0.0,8,0.0,0.0,0.0,N,Y,08/2021,Analyst
29-1216.00,1.A.4.b.1,Hearing Sensitivity,IM,2.38,8,0.183,2.0164,2.7336,N,,08/2021,Analyst
29-1216.00,1.A.4.b.1,Hearing Sensitivity,LV,2.5,8,0.189,2.1296,2.8704,N,N,08/2021,Analyst
29-1216.00,1.A.4.b.2,Auditory Attention,IM,2.12,8,0.125,1.88,2.37,N,,08/2021,Analyst
29-1216.00,1.A.4.b.2,Auditory Attention,LV,2.0,8,0.0,2.0,2.0,N,N,08/2021,Analyst
29-1216.00,1.A.4.b.3,Sound Localization,IM,1.0,8,0.0,1.0,1.0,N,,08/2021,Analyst
29-1216.00,1.A.4.b.3,Sound Localization,LV,0.0,8,0.0,0.0,0.0,N,Y,08/2021,Analyst
29-1216.00,1.A.4.b.4,Speech Recognition,IM,3.88,8,0.125,3.63,4.12,N,,08/2021,Analyst
29-1216.00,1.A.4.b.4,Speech Recognition,LV,4.0,8,0.0,4.0,4.0,N,N,08/2021,Analyst
29-1216.00,1.A.4.b.5,Speech Clarity,IM,3.75,8,0.1637,3.4292,4.0708,N,,08/2021,Analyst
29-1216.00,1.A.4.b.5,Speech Clarity,LV,3.75,8,0.1637,3.4292,4.0708,N,N,08/2021,Analyst
29-1217.00,1.A.1.a.1,Oral Comprehension,IM,4.25,8,0.1637,3.9292,4.5708,N,,07/2012,Analyst
29-1217.00,1.A.1.a.1,Oral Comprehension,LV,5.5,8,0.189,5.1296,5.8704,N,N,07/2012,Analyst
29-1217.00,1.A.1.a.2,Written Comprehension,IM,4.12,8,0.2266,3.6809,4.5691,N,,07/2012,Analyst
29-1217.00,1.A.1.a.2,Written Comprehension,LV,5.12,8,0.2266,4.6809,5.5691,N,N,07/2012,Analyst
29-1217.00,1.A.1.a.3,Oral Expression,IM,4.25,8,0.1637,3.9292,4.5708,N,,07/2012,Analyst
29-1217.00,1.A.1.a.3,Oral Expression,LV,5.25,8,0.1637,4.9292,5.5708,N,N,07/2012,Analyst
29-1217.00,1.A.1.a.4,Written Expression,IM,3.88,8,0.2266,3.4309,4.3191,N,,07/2012,Analyst
29-1217.00,1.A.1.a.4,Written Expression,LV,4.5,8,0.189,4.1296,4.8704,N,N,07/2012,Analyst
29-1217.00,1.A.1.b.1,Fluency of Ideas,IM,3.62,8,0.183,3.2664,3.9836,N,,07/2012,Analyst
29-1217.00,1.A.1.b.1,Fluency of Ideas,LV,4.38,8,0.3239,3.7402,5.0098,N,N,07/2012,Analyst
29-1217.00,1.A.1.b.2,Originality,IM,3.38,8,0.183,3.0164,3.7336,N,,07/2012,Analyst
29-1217.00,1.A.1.b.2,Originality,LV,3.88,8,0.2266,3.4309,4.3191,N,N,07/2012,Analyst
29-1217.00,1.A.1.b.3,Problem Sensitivity,IM,4.25,8,0.1637,3.9292,4.5708,N,,07/2012,Analyst
29-1217.00,1.A.1.b.3,Problem Sensitivity,LV,5.75,8,0.1637,5.4292,6.0708,N,N,07/2012,Analyst
29-1217.00,1.A.1.b.4,Deductive Reasoning,IM,4.38,8,0.183,4.0164,4.7336,N,,07/2012,Analyst
29-1217.00,1.A.1.b.4,Deductive Reasoning,LV,5.0,8,0.189,4.6296,5.3704,N,N,07/2012,Analyst
29-1217.00,1.A.1.b.5,Inductive Reasoning,IM,4.5,8,0.189,4.1296,4.8704,N,,07/2012,Analyst
29-1217.00,1.A.1.b.5,Inductive Reasoning,LV,5.5,8,0.2673,4.9762,6.0238,N,N,07/2012,Analyst
29-1217.00,1.A.1.b.6,Information Ordering,IM,3.88,8,0.125,3.63,4.12,N,,07/2012,Analyst
29-1217.00,1.A.1.b.6,Information Ordering,LV,4.25,8,0.1637,3.9292,4.5708,N,N,07/2012,Analyst
29-1217.00,1.A.1.b.7,Category Flexibility,IM,3.75,8,0.25,3.26,4.24,N,,07/2012,Analyst
29-1217.00,1.A.1.b.7,Category Flexibility,LV,4.5,8,0.2673,3.9762,5.0238,N,N,07/2012,Analyst
29-1217.00,1.A.1.c.1,Mathematical Reasoning,IM,3.0,8,0.2673,2.4762,3.5238,N,,07/2012,Analyst
29-1217.00,1.A.1.c.1,Mathematical Reasoning,LV,3.62,8,0.3239,2.9902,4.2598,N,N,07/2012,Analyst
29-1217.00,1.A.1.c.2,Number Facility,IM,3.12,8,0.295,2.5467,3.7033,N,,07/2012,Analyst
29-1217.00,1.A.1.c.2,Number Facility,LV,3.38,8,0.2631,2.8594,3.8906,N,N,07/2012,Analyst
29-1217.00,1.A.1.d.1,Memorization,IM,2.88,8,0.2266,2.4309,3.3191,N,,07/2012,Analyst
29-1217.00,1.A.1.d.1,Memorization,LV,2.88,8,0.2266,2.4309,3.3191,N,N,07/2012,Analyst
29-1217.00,1.A.1.e.1,Speed of Closure,IM,3.12,8,0.125,2.88,3.37,N,,07/2012,Analyst
29-1217.00,1.A.1.e.1,Speed of Closure,LV,4.0,8,0.189,3.6296,4.3704,N,N,07/2012,Analyst
29-1217.00,1.A.1.e.2,Flexibility of Closure,IM,3.75,8,0.1637,3.4292,4.0708,N,,07/2012,Analyst
29-1217.00,1.A.1.e.2,Flexibility of Closure,LV,4.38,8,0.183,4.0164,4.7336,N,N,07/2012,Analyst
29-1217.00,1.A.1.e.3,Perceptual Speed,IM,3.5,8,0.189,3.1296,3.8704,N,,07/2012,Analyst
29-1217.00,1.A.1.e.3,Perceptual Speed,LV,3.62,8,0.183,3.2664,3.9836,N,N,07/2012,Analyst
29-1217.00,1.A.1.f.1,Spatial Orientation,IM,1.0,8,0.0,1.0,1.0,N,,07/2012,Analyst
29-1217.00,1.A.1.f.1,Spatial Orientation,LV,0.0,8,0.0,0.0,0.0,N,Y,07/2012,Analyst
29-1217.00,1.A.1.f.2,Visualization,IM,3.38,8,0.2631,2.8594,3.8906,N,,07/2012,Analyst
29-1217.00,1.A.1.f.2,Visualization,LV,3.62,8,0.375,2.89,4.36,N,N,07/2012,Analyst
29-1217.00,1.A.1.g.1,Selective Attention,IM,3.12,8,0.295,2.5467,3.7033,N,,07/2012,Analyst
29-1217.00,1.A.1.g.1,Selective Attention,LV,3.0,8,0.2673,2.4762,3.5238,N,N,07/2012,Analyst
29-1217.00,1.A.1.g.2,Time Sharing,IM,2.75,8,0.1637,2.4292,3.0708,N,,07/2012,Analyst
29-1217.00,1.A.1.g.2,Time Sharing,LV,2.75,8,0.1637,2.4292,3.0708,N,N,07/2012,Analyst
29-1217.00,1.A.2.a.1,Arm-Hand Steadiness,IM,1.75,8,0.366,1.0327,2.4673,N,,07/2012,Analyst
29-1217.00,1.A.2.a.1,Arm-Hand Steadiness,LV,1.38,8,0.6797,0.0427,2.7073,Y,N,07/2012,Analyst
29-1217.00,1.A.2.a.2,Manual Dexterity,IM,1.5,8,0.2673,1.0,2.0238,N,,07/2012,Analyst
29-1217.00,1.A.2.a.2,Manual Dexterity,LV,0.88,8,0.4795,0.0,1.8148,N,N,07/2012,Analyst
29-1217.00,1.A.2.a.3,Finger Dexterity,IM,2.75,8,0.25,2.26,3.24,N,,07/2012,Analyst
29-1217.00,1.A.2.a.3,Finger Dexterity,LV,2.5,8,0.4226,1.6717,3.3283,N,N,07/2012,Analyst
29-1217.00,1.A.2.b.1,Control Precision,IM,1.12,8,0.125,1.0,1.37,N,,07/2012,Analyst
29-1217.00,1.A.2.b.1,Control Precision,LV,0.25,8,0.25,0.0,0.74,N,Y,07/2012,Analyst
29-1217.00,1.A.2.b.2,Multilimb Coordination,IM,1.0,8,0.0,1.0,1.0,N,,07/2012,Analyst
29-1217.00,1.A.2.b.2,Multilimb Coordination,LV,0.0,8,0.0,0.0,0.0,N,Y,07/2012,Analyst
29-1217.00,1.A.2.b.3,Response Orientation,IM,1.12,8,0.125,1.0,1.37,N,,07/2012,Analyst
29-1217.00,1.A.2.b.3,Response Orientation,LV,0.12,8,0.125,0.0,0.37,N,Y,07/2012,Analyst
29-1217.00,1.A.2.b.4,Rate Control,IM,1.0,8,0.0,1.0,1.0,N,,07/2012,Analyst
29-1217.00,1.A.2.b.4,Rate Control,LV,0.0,8,0.0,0.0,0.0,N,Y,07/2012,Analyst
29-1217.00,1.A.2.c.1,Reaction Time,IM,1.12,8,0.125,1.0,1.37,N,,07/2012,Analyst
29-1217.00,1.A.2.c.1,Reaction Time,LV,0.12,8,0.125,0.0,0.37,N,Y,07/2012,Analyst
29-1217.00,1.A.2.c.2,Wrist-Finger Speed,IM,1.12,8,0.125,1.0,1.37,N,,07/2012,Analyst
29-1217.00,1.A.2.c.2,Wrist-Finger Speed,LV,0.12,8,0.125,0.0,0.37,N,Y,07/2012,Analyst
29-1217.00,1.A.2.c.3,Speed of Limb Movement,IM,1.0,8,0.0,1.0,1.0,N,,07/2012,Analyst
29-1217.00,1.A.2.c.3,Speed of Limb Movement,LV,0.0,8,0.0,0.0,0.0,N,Y,07/2012,Analyst
29-1217.00,1.A.3.a.1,Static Strength,IM,1.0,8,0.0,1.0,1.0,N,,07/2012,Analyst
29-1217.00,1.A.3.a.1,Static Strength,LV,0.0,8,0.0,0.0,0.0,N,Y,07/2012,Analyst
29-1217.00,1.A.3.a.2,Explosive Strength,IM,1.0,8,0.0,1.0,1.0,N,,07/2012,Analyst
29-1217.00,1.A.3.a.2,Explosive Strength,LV,0.0,8,0.0,0.0,0.0,N,Y,07/2012,Analyst
29-1217.00,1.A.3.a.3,Dynamic Strength,IM,1.0,8,0.0,1.0,1.0,N,,07/2012,Analyst
29-1217.00,1.A.3.a.3,Dynamic Strength,LV,0.0,8,0.0,0.0,0.0,N,Y,07/2012,Analyst
29-1217.00,1.A.3.a.4,Trunk Strength,IM,1.88,8,0.125,1.63,2.12,N,,07/2012,Analyst
29-1217.00,1.A.3.a.4,Trunk Strength,LV,1.62,8,0.3239,0.9902,2.2598,N,N,07/2012,Analyst
29-1217.00,1.A.3.b.1,Stamina,IM,1.0,8,0.0,1.0,1.0,N,,07/2012,Analyst
29-1217.00,1.A.3.b.1,Stamina,LV,0.0,8,0.0,0.0,0.0,N,Y,07/2012,Analyst
29-1217.00,1.A.3.c.1,Extent Flexibility,IM,1.0,8,0.0,1.0,1.0,N,,07/2012,Analyst
29-1217.00,1.A.3.c.1,Extent Flexibility,LV,0.0,8,0.0,0.0,0.0,N,Y,07/2012,Analyst
29-1217.00,1.A.3.c.2,Dynamic Flexibility,IM,1.0,8,0.0,1.0,1.0,N,,07/2012,Analyst
29-1217.00,1.A.3.c.2,Dynamic Flexibility,LV,0.0,8,0.0,0.0,0.0,N,Y,07/2012,Analyst
29-1217.00,1.A.3.c.3,Gross Body Coordination,IM,1.0,8,0.0,1.0,1.0,N,,07/2012,Analyst
29-1217.00,1.A.3.c.3,Gross Body Coordination,LV,0.0,8,0.0,0.0,0.0,N,Y,07/2012,Analyst
29-1217.00,1.A.3.c.4,Gross Body Equilibrium,IM,1.0,8,0.0,1.0,1.0,N,,07/2012,Analyst
29-1217.00,1.A.3.c.4,Gross Body Equilibrium,LV,0.0,8,0.0,0.0,0.0,N,Y,07/2012,Analyst
29-1217.00,1.A.4.a.1,Near Vision,IM,3.88,8,0.2266,3.4309,4.3191,N,,07/2012,Analyst
29-1217.00,1.A.4.a.1,Near Vision,LV,4.12,8,0.295,3.5467,4.7033,N,N,07/2012,Analyst
29-1217.00,1.A.4.a.2,Far Vision,IM,2.88,8,0.295,2.2967,3.4533,N,,07/2012,Analyst
29-1217.00,1.A.4.a.2,Far Vision,LV,3.38,8,0.3239,2.7402,4.0098,N,N,07/2012,Analyst
29-1217.00,1.A.4.a.3,Visual Color Discrimination,IM,2.88,8,0.2266,2.4309,3.3191,N,,07/2012,Analyst
29-1217.00,1.A.4.a.3,Visual Color Discrimination,LV,2.75,8,0.1637,2.4292,3.0708,N,N,07/2012,Analyst
29-1217.00,1.A.4.a.4,Night Vision,IM,1.0,8,0.0,1.0,1.0,N,,07/2012,Analyst
29-1217.00,1.A.4.a.4,Night Vision,LV,0.0,8,0.0,0.0,0.0,N,Y,07/2012,Analyst
29-1217.00,1.A.4.a.5,Peripheral Vision,IM,1.0,8,0.0,1.0,1.0,N,,07/2012,Analyst
29-1217.00,1.A.4.a.5,Peripheral Vision,LV,0.0,8,0.0,0.0,0.0,N,Y,07/2012,Analyst
29-1217.00,1.A.4.a.6,Depth Perception,IM,2.12,8,0.125,1.88,2.37,N,,07/2012,Analyst
29-1217.00,1.A.4.a.6,Depth Perception,LV,1.75,8,0.3134,1.1358,2.3642,N,N,07/2012,Analyst
29-1217.00,1.A.4.a.7,Glare Sensitivity,IM,1.0,8,0.0,1.0,1.0,N,,07/2012,Analyst
29-1217.00,1.A.4.a.7,Glare Sensitivity,LV,0.0,8,0.0,0.0,0.0,N,Y,07/2012,Analyst
29-1217.00,1.A.4.b.1,Hearing Sensitivity,IM,2.38,8,0.2631,1.8594,2.8906,N,,07/2012,Analyst
29-1217.00,1.A.4.b.1,Hearing Sensitivity,LV,2.38,8,0.183,2.0164,2.7336,N,N,07/2012,Analyst
29-1217.00,1.A.4.b.2,Auditory Attention,IM,2.38,8,0.3239,1.7402,3.0098,N,,07/2012,Analyst
29-1217.00,1.A.4.b.2,Auditory Attention,LV,1.75,8,0.3134,1.1358,2.3642,N,N,07/2012,Analyst
29-1217.00,1.A.4.b.3,Sound Localization,IM,1.0,8,0.0,1.0,1.0,N,,07/2012,Analyst
29-1217.00,1.A.4.b.3,Sound Localization,LV,0.0,8,0.0,0.0,0.0,N,Y,07/2012,Analyst
29-1217.00,1.A.4.b.4,Speech Recognition,IM,3.88,8,0.125,3.63,4.12,N,,07/2012,Analyst
29-1217.00,1.A.4.b.4,Speech Recognition,LV,4.12,8,0.295,3.5467,4.7033,N,N,07/2012,Analyst
29-1217.00,1.A.4.b.5,Speech Clarity,IM,3.75,8,0.1637,3.4292,4.0708,N,,07/2012,Analyst
29-1217.00,1.A.4.b.5,Speech Clarity,LV,4.12,8,0.2266,3.6809,4.5691,N,N,07/2012,Analyst
29-1218.00,1.A.1.a.1,Oral Comprehension,IM,4.12,8,0.125,3.88,4.37,N,,08/2023,Analyst
29-1218.00,1.A.1.a.1,Oral Comprehension,LV,5.0,8,0.0,5.0,5.0,N,N,08/2023,Analyst
29-1218.00,1.A.1.a.2,Written Comprehension,IM,4.25,8,0.1637,3.9292,4.5708,N,,08/2023,Analyst
29-1218.00,1.A.1.a.2,Written Comprehension,LV,5.0,8,0.0,5.0,5.0,N,N,08/2023,Analyst
29-1218.00,1.A.1.a.3,Oral Expression,IM,4.25,8,0.1637,3.9292,4.5708,N,,08/2023,Analyst
29-1218.00,1.A.1.a.3,Oral Expression,LV,5.0,8,0.0,5.0,5.0,N,N,08/2023,Analyst
29-1218.00,1.A.1.a.4,Written Expression,IM,4.12,8,0.125,3.88,4.37,N,,08/2023,Analyst
29-1218.00,1.A.1.a.4,Written Expression,LV,4.5,8,0.189,4.1296,4.8704,N,N,08/2023,Analyst
29-1218.00,1.A.1.b.1,Fluency of Ideas,IM,3.12,8,0.125,2.88,3.37,N,,08/2023,Analyst
29-1218.00,1.A.1.b.1,Fluency of Ideas,LV,3.38,8,0.183,3.0164,3.7336,N,N,08/2023,Analyst
29-1218.00,1.A.1.b.2,Originality,IM,3.12,8,0.125,2.88,3.37,N,,08/2023,Analyst
29-1218.00,1.A.1.b.2,Originality,LV,3.12,8,0.125,2.88,3.37,N,N,08/2023,Analyst
29-1218.00,1.A.1.b.3,Problem Sensitivity,IM,5.0,8,0.0,5.0,5.0,N,,08/2023,Analyst
29-1218.00,1.A.1.b.3,Problem Sensitivity,LV,5.88,8,0.125,5.63,6.12,N,N,08/2023,Analyst
29-1218.00,1.A.1.b.4,Deductive Reasoning,IM,4.25,8,0.1637,3.9292,4.5708,N,,08/2023,Analyst
29-1218.00,1.A.1.b.4,Deductive Reasoning,LV,4.88,8,0.125,4.63,5.12,N,N,08/2023,Analyst
29-1218.00,1.A.1.b.5,Inductive Reasoning,IM,4.5,8,0.189,4.1296,4.8704,N,,08/2023,Analyst
29-1218.00,1.A.1.b.5,Inductive Reasoning,LV,5.38,8,0.183,5.0164,5.7336,N,N,08/2023,Analyst
29-1218.00,1.A.1.b.6,Information Ordering,IM,3.75,8,0.1637,3.4292,4.0708,N,,08/2023,Analyst
29-1218.00,1.A.1.b.6,Information Ordering,LV,4.0,8,0.0,4.0,4.0,N,N,08/2023,Analyst
29-1218.00,1.A.1.b.7,Category Flexibility,IM,3.5,8,0.189,3.1296,3.8704,N,,08/2023,Analyst
29-1218.00,1.A.1.b.7,Category Flexibility,LV,3.88,8,0.125,3.63,4.12,N,N,08/2023,Analyst
29-1218.00,1.A.1.c.1,Mathematical Reasoning,IM,2.75,8,0.1637,2.4292,3.0708,N,,08/2023,Analyst
29-1218.00,1.A.1.c.1,Mathematical Reasoning,LV,2.88,8,0.125,2.63,3.12,N,N,08/2023,Analyst
29-1218.00,1.A.1.c.2,Number Facility,IM,2.75,8,0.1637,2.4292,3.0708,N,,08/2023,Analyst
29-1218.00,1.A.1.c.2,Number Facility,LV,2.88,8,0.125,2.63,3.12,N,N,08/2023,Analyst
29-1218.00,1.A.1.d.1,Memorization,IM,2.88,8,0.125,2.63,3.12,N,,08/2023,Analyst
29-1218.00,1.A.1.d.1,Memorization,LV,2.88,8,0.125,2.63,3.12,N,N,08/2023,Analyst
29-1218.00,1.A.1.e.1,Speed of Closure,IM,3.0,8,0.0,3.0,3.0,N,,08/2023,Analyst
29-1218.00,1.A.1.e.1,Speed of Closure,LV,3.0,8,0.0,3.0,3.0,N,N,08/2023,Analyst
29-1218.00,1.A.1.e.2,Flexibility of Closure,IM,3.25,8,0.1637,2.9292,3.5708,N,,08/2023,Analyst
29-1218.00,1.A.1.e.2,Flexibility of Closure,LV,3.25,8,0.1637,2.9292,3.5708,N,N,08/2023,Analyst
29-1218.00,1.A.1.e.3,Perceptual Speed,IM,3.0,8,0.189,2.6296,3.3704,N,,08/2023,Analyst
29-1218.00,1.A.1.e.3,Perceptual Speed,LV,3.12,8,0.125,2.88,3.37,N,N,08/2023,Analyst
29-1218.00,1.A.1.f.1,Spatial Orientation,IM,1.0,8,0.0,1.0,1.0,N,,08/2023,Analyst
29-1218.00,1.A.1.f.1,Spatial Orientation,LV,0.0,8,0.0,0.0,0.0,N,Y,08/2023,Analyst
29-1218.00,1.A.1.f.2,Visualization,IM,2.75,8,0.1637,2.4292,3.0708,N,,08/2023,Analyst
29-1218.00,1.A.1.f.2,Visualization,LV,2.88,8,0.125,2.63,3.12,N,N,08/2023,Analyst
29-1218.00,1.A.1.g.1,Selective Attention,IM,3.12,8,0.125,2.88,3.37,N,,08/2023,Analyst
29-1218.00,1.A.1.g.1,Selective Attention,LV,3.12,8,0.125,2.88,3.37,N,N,08/2023,Analyst
29-1218.00,1.A.1.g.2,Time Sharing,IM,3.0,8,0.0,3.0,3.0,N,,08/2023,Analyst
29-1218.00,1.A.1.g.2,Time Sharing,LV,3.0,8,0.0,3.0,3.0,N,N,08/2023,Analyst
29-1218.00,1.A.2.a.1,Arm-Hand Steadiness,IM,3.5,8,0.189,3.1296,3.8704,N,,08/2023,Analyst
29-1218.00,1.A.2.a.1,Arm-Hand Steadiness,LV,4.0,8,0.0,4.0,4.0,N,N,08/2023,Analyst
29-1218.00,1.A.2.a.2,Manual Dexterity,IM,3.12,8,0.125,2.88,3.37,N,,08/2023,Analyst
29-1218.00,1.A.2.a.2,Manual Dexterity,LV,3.62,8,0.183,3.2664,3.9836,N,N,08/2023,Analyst
29-1218.00,1.A.2.a.3,Finger Dexterity,IM,3.12,8,0.125,2.88,3.37,N,,08/2023,Analyst
29-1218.00,1.A.2.a.3,Finger Dexterity,LV,3.5,8,0.189,3.1296,3.8704,N,N,08/2023,Analyst
29-1218.00,1.A.2.b.1,Control Precision,IM,3.0,8,0.189,2.6296,3.3704,N,,08/2023,Analyst
29-1218.00,1.A.2.b.1,Control Precision,LV,3.0,8,0.0,3.0,3.0,N,N,08/2023,Analyst
29-1218.00,1.A.2.b.2,Multilimb Coordination,IM,2.75,8,0.25,2.26,3.24,N,,08/2023,Analyst
29-1218.00,1.A.2.b.2,Multilimb Coordination,LV,2.88,8,0.125,2.63,3.12,N,N,08/2023,Analyst
29-1218.00,1.A.2.b.3,Response Orientation,IM,1.88,8,0.125,1.63,2.12,N,,08/2023,Analyst
29-1218.00,1.A.2.b.3,Response Orientation,LV,1.38,8,0.2631,0.8594,1.8906,N,N,08/2023,Analyst
29-1218.00,1.A.2.b.4,Rate Control,IM,1.25,8,0.1637,1.0,1.5708,N,,08/2023,Analyst
29-1218.00,1.A.2.b.4,Rate Control,LV,0.25,8,0.1637,0.0,0.5708,N,Y,08/2023,Analyst
29-1218.00,1.A.2.c.1,Reaction Time,IM,2.0,8,0.0,2.0,2.0,N,,08/2023,Analyst
29-1218.00,1.A.2.c.1,Reaction Time,LV,1.0,8,0.0,1.0,1.0,N,N,08/2023,Analyst
29-1218.00,1.A.2.c.2,Wrist-Finger Speed,IM,1.75,8,0.25,1.26,2.24,N,,08/2023,Analyst
29-1218.00,1.A.2.c.2,Wrist-Finger Speed,LV,0.75,8,0.25,0.26,1.24,N,N,08/2023,Analyst
29-1218.00,1.A.2.c.3,Speed of Limb Movement,IM,1.0,8,0.0,1.0,1.0,N,,08/2023,Analyst
29-1218.00,1.A.2.c.3,Speed of Limb Movement,LV,0.0,8,0.0,0.0,0.0,N,Y,08/2023,Analyst
29-1218.00,1.A.3.a.1,Static Strength,IM,2.12,8,0.125,1.88,2.37,N,,08/2023,Analyst
29-1218.00,1.A.3.a.1,Static Strength,LV,2.12,8,0.125,1.88,2.37,N,N,08/2023,Analyst
29-1218.00,1.A.3.a.2,Explosive Strength,IM,1.38,8,0.183,1.0164,1.7336,N,,08/2023,Analyst
29-1218.00,1.A.3.a.2,Explosive Strength,LV,0.75,8,0.4119,0.0,1.5573,N,N,08/2023,Analyst
29-1218.00,1.A.3.a.3,Dynamic Strength,IM,2.0,8,0.0,2.0,2.0,N,,08/2023,Analyst
29-1218.00,1.A.3.a.3,Dynamic Strength,LV,1.12,8,0.125,0.88,1.37,N,N,08/2023,Analyst
29-1218.00,1.A.3.a.4,Trunk Strength,IM,2.5,8,0.189,2.1296,2.8704,N,,08/2023,Analyst
29-1218.00,1.A.3.a.4,Trunk Strength,LV,2.12,8,0.125,1.88,2.37,N,N,08/2023,Analyst
29-1218.00,1.A.3.b.1,Stamina,IM,2.12,8,0.125,1.88,2.37,N,,08/2023,Analyst
29-1218.00,1.A.3.b.1,Stamina,LV,1.62,8,0.183,1.2664,1.9836,N,N,08/2023,Analyst
29-1218.00,1.A.3.c.1,Extent Flexibility,IM,2.0,8,0.0,2.0,2.0,N,,08/2023,Analyst
29-1218.00,1.A.3.c.1,Extent Flexibility,LV,1.88,8,0.125,1.63,2.12,N,N,08/2023,Analyst
29-1218.00,1.A.3.c.2,Dynamic Flexibility,IM,1.0,8,0.0,1.0,1.0,N,,08/2023,Analyst
29-1218.00,1.A.3.c.2,Dynamic Flexibility,LV,0.0,8,0.0,0.0,0.0,N,Y,08/2023,Analyst
29-1218.00,1.A.3.c.3,Gross Body Coordination,IM,2.0,8,0.0,2.0,2.0,N,,08/2023,Analyst
29-1218.00,1.A.3.c.3,Gross Body Coordination,LV,1.12,8,0.125,0.88,1.37,N,N,08/2023,Analyst
29-1218.00,1.A.3.c.4,Gross Body Equilibrium,IM,2.0,8,0.0,2.0,2.0,N,,08/2023,Analyst
29-1218.00,1.A.3.c.4,Gross Body Equilibrium,LV,1.0,8,0.0,1.0,1.0,N,N,08/2023,Analyst
29-1218.00,1.A.4.a.1,Near Vision,IM,4.0,8,0.0,4.0,4.0,N,,08/2023,Analyst
29-1218.00,1.A.4.a.1,Near Vision,LV,4.0,8,0.0,4.0,4.0,N,N,08/2023,Analyst
29-1218.00,1.A.4.a.2,Far Vision,IM,2.88,8,0.125,2.63,3.12,N,,08/2023,Analyst
29-1218.00,1.A.4.a.2,Far Vision,LV,3.12,8,0.125,2.88,3.37,N,N,08/2023,Analyst
29-1218.00,1.A.4.a.3,Visual Color Discrimination,IM,3.0,8,0.0,3.0,3.0,N,,08/2023,Analyst
29-1218.00,1.A.4.a.3,Visual Color Discrimination,LV,2.88,8,0.125,2.63,3.12,N,N,08/2023,Analyst
29-1218.00,1.A.4.a.4,Night Vision,IM,1.0,8,0.0,1.0,1.0,N,,08/2023,Analyst
29-1218.00,1.A.4.a.4,Night Vision,LV,0.0,8,0.0,0.0,0.0,N,Y,08/2023,Analyst
29-1218.00,1.A.4.a.5,Peripheral Vision,IM,1.0,8,0.0,1.0,1.0,N,,08/2023,Analyst
29-1218.00,1.A.4.a.5,Peripheral Vision,LV,0.0,8,0.0,0.0,0.0,N,Y,08/2023,Analyst
29-1218.00,1.A.4.a.6,Depth Perception,IM,2.25,8,0.1637,1.9292,2.5708,N,,08/2023,Analyst
29-1218.00,1.A.4.a.6,Depth Perception,LV,2.12,8,0.125,1.88,2.37,N,N,08/2023,Analyst
29-1218.00,1.A.4.a.7,Glare Sensitivity,IM,1.0,8,0.0,1.0,1.0,N,,08/2023,Analyst
29-1218.00,1.A.4.a.7,Glare Sensitivity,LV,0.0,8,0.0,0.0,0.0,N,Y,08/2023,Analyst
29-1218.00,1.A.4.b.1,Hearing Sensitivity,IM,2.75,8,0.1637,2.4292,3.0708,N,,08/2023,Analyst
29-1218.00,1.A.4.b.1,Hearing Sensitivity,LV,2.75,8,0.1637,2.4292,3.0708,N,N,08/2023,Analyst
29-1218.00,1.A.4.b.2,Auditory Attention,IM,2.38,8,0.183,2.0164,2.7336,N,,08/2023,Analyst
29-1218.00,1.A.4.b.2,Auditory Attention,LV,2.12,8,0.125,1.88,2.37,N,N,08/2023,Analyst
29-1218.00,1.A.4.b.3,Sound Localization,IM,1.0,8,0.0,1.0,1.0,N,,08/2023,Analyst
29-1218.00,1.A.4.b.3,Sound Localization,LV,0.0,8,0.0,0.0,0.0,N,Y,08/2023,Analyst
29-1218.00,1.A.4.b.4,Speech Recognition,IM,3.88,8,0.125,3.63,4.12,N,,08/2023,Analyst
29-1218.00,1.A.4.b.4,Speech Recognition,LV,4.0,8,0.0,4.0,4.0,N,N,08/2023,Analyst
29-1218.00,1.A.4.b.5,Speech Clarity,IM,3.88,8,0.125,3.63,4.12,N,,08/2023,Analyst
29-1218.00,1.A.4.b.5,Speech Clarity,LV,3.75,8,0.1637,3.4292,4.0708,N,N,08/2023,Analyst
29-1221.00,1.A.1.a.1,Oral Comprehension,IM,5.0,8,0.0,5.0,5.0,N,,08/2020,Analyst
29-1221.00,1.A.1.a.1,Oral Comprehension,LV,5.0,8,0.0,5.0,5.0,N,N,08/2020,Analyst
29-1221.00,1.A.1.a.2,Written Comprehension,IM,4.25,8,0.1637,3.9292,4.5708,N,,08/2020,Analyst
29-1221.00,1.A.1.a.2,Written Comprehension,LV,5.0,8,0.0,5.0,5.0,N,N,08/2020,Analyst
29-1221.00,1.A.1.a.3,Oral Expression,IM,4.88,8,0.125,4.63,5.0,N,,08/2020,Analyst
29-1221.00,1.A.1.a.3,Oral Expression,LV,5.0,8,0.0,5.0,5.0,N,N,08/2020,Analyst
29-1221.00,1.A.1.a.4,Written Expression,IM,4.12,8,0.125,3.88,4.37,N,,08/2020,Analyst
29-1221.00,1.A.1.a.4,Written Expression,LV,4.88,8,0.125,4.63,5.12,N,N,08/2020,Analyst
29-1221.00,1.A.1.b.1,Fluency of Ideas,IM,3.0,8,0.0,3.0,3.0,N,,08/2020,Analyst
29-1221.00,1.A.1.b.1,Fluency of Ideas,LV,3.38,8,0.183,3.0164,3.7336,N,N,08/2020,Analyst
29-1221.00,1.A.1.b.2,Originality,IM,3.0,8,0.0,3.0,3.0,N,,08/2020,Analyst
29-1221.00,1.A.1.b.2,Originality,LV,3.25,8,0.1637,2.9292,3.5708,N,N,08/2020,Analyst
29-1221.00,1.A.1.b.3,Problem Sensitivity,IM,4.25,8,0.1637,3.9292,4.5708,N,,08/2020,Analyst
29-1221.00,1.A.1.b.3,Problem Sensitivity,LV,5.12,8,0.3504,4.4383,5.8117,N,N,08/2020,Analyst
29-1221.00,1.A.1.b.4,Deductive Reasoning,IM,4.12,8,0.125,3.88,4.37,N,,08/2020,Analyst
29-1221.00,1.A.1.b.4,Deductive Reasoning,LV,4.5,8,0.189,4.1296,4.8704,N,N,08/2020,Analyst
29-1221.00,1.A.1.b.5,Inductive Reasoning,IM,4.75,8,0.1637,4.4292,5.0,N,,08/2020,Analyst
29-1221.00,1.A.1.b.5,Inductive Reasoning,LV,5.25,8,0.1637,4.9292,5.5708,N,N,08/2020,Analyst
29-1221.00,1.A.1.b.6,Information Ordering,IM,3.75,8,0.1637,3.4292,4.0708,N,,08/2020,Analyst
29-1221.00,1.A.1.b.6,Information Ordering,LV,4.0,8,0.0,4.0,4.0,N,N,08/2020,Analyst
29-1221.00,1.A.1.b.7,Category Flexibility,IM,3.0,8,0.0,3.0,3.0,N,,08/2020,Analyst
29-1221.00,1.A.1.b.7,Category Flexibility,LV,3.12,8,0.125,2.88,3.37,N,N,08/2020,Analyst
29-1221.00,1.A.1.c.1,Mathematical Reasoning,IM,2.75,8,0.1637,2.4292,3.0708,N,,08/2020,Analyst
29-1221.00,1.A.1.c.1,Mathematical Reasoning,LV,2.88,8,0.125,2.63,3.12,N,N,08/2020,Analyst
29-1221.00,1.A.1.c.2,Number Facility,IM,2.75,8,0.1637,2.4292,3.0708,N,,08/2020,Analyst
29-1221.00,1.A.1.c.2,Number Facility,LV,2.88,8,0.125,2.63,3.12,N,N,08/2020,Analyst
29-1221.00,1.A.1.d.1,Memorization,IM,2.88,8,0.125,2.63,3.12,N,,08/2020,Analyst
29-1221.00,1.A.1.d.1,Memorization,LV,3.0,8,0.0,3.0,3.0,N,N,08/2020,Analyst
29-1221.00,1.A.1.e.1,Speed of Closure,IM,2.88,8,0.125,2.63,3.12,N,,08/2020,Analyst
29-1221.00,1.A.1.e.1,Speed of Closure,LV,3.0,8,0.0,3.0,3.0,N,N,08/2020,Analyst
29-1221.00,1.A.1.e.2,Flexibility of Closure,IM,3.12,8,0.125,2.88,3.37,N,,08/2020,Analyst
29-1221.00,1.A.1.e.2,Flexibility of Closure,LV,3.25,8,0.1637,2.9292,3.5708,N,N,08/2020,Analyst
29-1221.00,1.A.1.e.3,Perceptual Speed,IM,3.0,8,0.0,3.0,3.0,N,,08/2020,Analyst
29-1221.00,1.A.1.e.3,Perceptual Speed,LV,3.0,8,0.0,3.0,3.0,N,N,08/2020,Analyst
29-1221.00,1.A.1.f.1,Spatial Orientation,IM,1.0,8,0.0,1.0,1.0,N,,08/2020,Analyst
29-1221.00,1.A.1.f.1,Spatial Orientation,LV,0.0,8,0.0,0.0,0.0,N,Y,08/2020,Analyst
29-1221.00,1.A.1.f.2,Visualization,IM,2.25,8,0.1637,1.9292,2.5708,N,,08/2020,Analyst
29-1221.00,1.A.1.f.2,Visualization,LV,2.38,8,0.183,2.0164,2.7336,N,N,08/2020,Analyst
29-1221.00,1.A.1.g.1,Selective Attention,IM,3.25,8,0.1637,2.9292,3.5708,N,,08/2020,Analyst
29-1221.00,1.A.1.g.1,Selective Attention,LV,3.25,8,0.1637,2.9292,3.5708,N,N,08/2020,Analyst
29-1221.00,1.A.1.g.2,Time Sharing,IM,3.0,8,0.0,3.0,3.0,N,,08/2020,Analyst
29-1221.00,1.A.1.g.2,Time Sharing,LV,3.0,8,0.0,3.0,3.0,N,N,08/2020,Analyst
29-1221.00,1.A.2.a.1,Arm-Hand Steadiness,IM,2.75,8,0.1637,2.4292,3.0708,N,,08/2020,Analyst
29-1221.00,1.A.2.a.1,Arm-Hand Steadiness,LV,2.75,8,0.1637,2.4292,3.0708,N,N,08/2020,Analyst
29-1221.00,1.A.2.a.2,Manual Dexterity,IM,2.12,8,0.125,1.88,2.37,N,,08/2020,Analyst
29-1221.00,1.A.2.a.2,Manual Dexterity,LV,2.0,8,0.0,2.0,2.0,N,N,08/2020,Analyst
29-1221.00,1.A.2.a.3,Finger Dexterity,IM,2.5,8,0.189,2.1296,2.8704,N,,08/2020,Analyst
29-1221.00,1.A.2.a.3,Finger Dexterity,LV,2.62,8,0.183,2.2664,2.9836,N,N,08/2020,Analyst
29-1221.00,1.A.2.b.1,Control Precision,IM,2.12,8,0.125,1.88,2.37,N,,08/2020,Analyst
29-1221.00,1.A.2.b.1,Control Precision,LV,2.12,8,0.125,1.88,2.37,N,N,08/2020,Analyst
29-1221.00,1.A.2.b.2,Multilimb Coordination,IM,1.12,8,0.125,1.0,1.37,N,,08/2020,Analyst
29-1221.00,1.A.2.b.2,Multilimb Coordination,LV,0.12,8,0.125,0.0,0.37,N,Y,08/2020,Analyst
29-1221.00,1.A.2.b.3,Response Orientation,IM,1.12,8,0.125,1.0,1.37,N,,08/2020,Analyst
29-1221.00,1.A.2.b.3,Response Orientation,LV,0.12,8,0.125,0.0,0.37,N,Y,08/2020,Analyst
29-1221.00,1.A.2.b.4,Rate Control,IM,1.0,8,0.0,1.0,1.0,N,,08/2020,Analyst
29-1221.00,1.A.2.b.4,Rate Control,LV,0.0,8,0.0,0.0,0.0,N,Y,08/2020,Analyst
29-1221.00,1.A.2.c.1,Reaction Time,IM,1.0,8,0.0,1.0,1.0,N,,08/2020,Analyst
29-1221.00,1.A.2.c.1,Reaction Time,LV,0.0,8,0.0,0.0,0.0,N,Y,08/2020,Analyst
29-1221.00,1.A.2.c.2,Wrist-Finger Speed,IM,1.25,8,0.1637,1.0,1.5708,N,,08/2020,Analyst
29-1221.00,1.A.2.c.2,Wrist-Finger Speed,LV,0.38,8,0.2631,0.0,0.8906,N,Y,08/2020,Analyst
29-1221.00,1.A.2.c.3,Speed of Limb Movement,IM,1.0,8,0.0,1.0,1.0,N,,08/2020,Analyst
29-1221.00,1.A.2.c.3,Speed of Limb Movement,LV,0.0,8,0.0,0.0,0.0,N,Y,08/2020,Analyst
29-1221.00,1.A.3.a.1,Static Strength,IM,1.0,8,0.0,1.0,1.0,N,,08/2020,Analyst
29-1221.00,1.A.3.a.1,Static Strength,LV,0.0,8,0.0,0.0,0.0,N,Y,08/2020,Analyst
29-1221.00,1.A.3.a.2,Explosive Strength,IM,1.12,8,0.125,1.0,1.37,N,,08/2020,Analyst
29-1221.00,1.A.3.a.2,Explosive Strength,LV,0.12,8,0.125,0.0,0.37,N,Y,08/2020,Analyst
29-1221.00,1.A.3.a.3,Dynamic Strength,IM,1.5,8,0.189,1.1296,1.8704,N,,08/2020,Analyst
29-1221.00,1.A.3.a.3,Dynamic Strength,LV,0.5,8,0.189,0.1296,0.8704,N,N,08/2020,Analyst
29-1221.00,1.A.3.a.4,Trunk Strength,IM,2.0,8,0.189,1.6296,2.3704,N,,08/2020,Analyst
29-1221.00,1.A.3.a.4,Trunk Strength,LV,1.5,8,0.3273,0.8584,2.1416,N,N,08/2020,Analyst
29-1221.00,1.A.3.b.1,Stamina,IM,1.38,8,0.183,1.0164,1.7336,N,,08/2020,Analyst
29-1221.00,1.A.3.b.1,Stamina,LV,0.38,8,0.183,0.0164,0.7336,N,N,08/2020,Analyst
29-1221.00,1.A.3.c.1,Extent Flexibility,IM,1.0,8,0.0,1.0,1.0,N,,08/2020,Analyst
29-1221.00,1.A.3.c.1,Extent Flexibility,LV,0.0,8,0.0,0.0,0.0,N,Y,08/2020,Analyst
29-1221.00,1.A.3.c.2,Dynamic Flexibility,IM,1.0,8,0.0,1.0,1.0,N,,08/2020,Analyst
29-1221.00,1.A.3.c.2,Dynamic Flexibility,LV,0.0,8,0.0,0.0,0.0,N,Y,08/2020,Analyst
29-1221.00,1.A.3.c.3,Gross Body Coordination,IM,1.38,8,0.183,1.0164,1.7336,N,,08/2020,Analyst
29-1221.00,1.A.3.c.3,Gross Body Coordination,LV,0.5,8,0.2673,0.0,1.0238,N,N,08/2020,Analyst
29-1221.00,1.A.3.c.4,Gross Body Equilibrium,IM,1.38,8,0.183,1.0164,1.7336,N,,08/2020,Analyst
29-1221.00,1.A.3.c.4,Gross Body Equilibrium,LV,0.38,8,0.183,0.0164,0.7336,N,N,08/2020,Analyst
29-1221.00,1.A.4.a.1,Near Vision,IM,3.88,8,0.125,3.63,4.12,N,,08/2020,Analyst
29-1221.00,1.A.4.a.1,Near Vision,LV,4.0,8,0.0,4.0,4.0,N,N,08/2020,Analyst
29-1221.00,1.A.4.a.2,Far Vision,IM,2.88,8,0.125,2.63,3.12,N,,08/2020,Analyst
29-1221.00,1.A.4.a.2,Far Vision,LV,2.88,8,0.125,2.63,3.12,N,N,08/2020,Analyst
29-1221.00,1.A.4.a.3,Visual Color Discrimination,IM,2.5,8,0.189,2.1296,2.8704,N,,08/2020,Analyst
29-1221.00,1.A.4.a.3,Visual Color Discrimination,LV,2.88,8,0.125,2.63,3.12,N,N,08/2020,Analyst
29-1221.00,1.A.4.a.4,Night Vision,IM,1.0,8,0.0,1.0,1.0,N,,08/2020,Analyst
29-1221.00,1.A.4.a.4,Night Vision,LV,0.0,8,0.0,0.0,0.0,N,Y,08/2020,Analyst
29-1221.00,1.A.4.a.5,Peripheral Vision,IM,1.0,8,0.0,1.0,1.0,N,,08/2020,Analyst
29-1221.00,1.A.4.a.5,Peripheral Vision,LV,0.0,8,0.0,0.0,0.0,N,Y,08/2020,Analyst
29-1221.00,1.A.4.a.6,Depth Perception,IM,1.75,8,0.1637,1.4292,2.0708,N,,08/2020,Analyst
29-1221.00,1.A.4.a.6,Depth Perception,LV,1.12,8,0.295,0.5467,1.7033,N,N,08/2020,Analyst
29-1221.00,1.A.4.a.7,Glare Sensitivity,IM,1.0,8,0.0,1.0,1.0,N,,08/2020,Analyst
29-1221.00,1.A.4.a.7,Glare Sensitivity,LV,0.0,8,0.0,0.0,0.0,N,Y,08/2020,Analyst
29-1221.00,1.A.4.b.1,Hearing Sensitivity,IM,2.12,8,0.125,1.88,2.37,N,,08/2020,Analyst
29-1221.00,1.A.4.b.1,Hearing Sensitivity,LV,2.25,8,0.1637,1.9292,2.5708,N,N,08/2020,Analyst
29-1221.00,1.A.4.b.2,Auditory Attention,IM,2.5,8,0.189,2.1296,2.8704,N,,08/2020,Analyst
29-1221.00,1.A.4.b.2,Auditory Attention,LV,2.25,8,0.1637,1.9292,2.5708,N,N,08/2020,Analyst
29-1221.00,1.A.4.b.3,Sound Localization,IM,1.0,8,0.0,1.0,1.0,N,,08/2020,Analyst
29-1221.00,1.A.4.b.3,Sound Localization,LV,0.0,8,0.0,0.0,0.0,N,Y,08/2020,Analyst
29-1221.00,1.A.4.b.4,Speech Recognition,IM,4.0,8,0.0,4.0,4.0,N,,08/2020,Analyst
29-1221.00,1.A.4.b.4,Speech Recognition,LV,4.0,8,0.0,4.0,4.0,N,N,08/2020,Analyst
29-1221.00,1.A.4.b.5,Speech Clarity,IM,4.0,8,0.0,4.0,4.0,N,,08/2020,Analyst
29-1221.00,1.A.4.b.5,Speech Clarity,LV,3.5,8,0.189,3.1296,3.8704,N,N,08/2020,Analyst
29-1222.00,1.A.1.a.1,Oral Comprehension,IM,4.25,8,0.1637,3.9292,4.5708,N,,08/2020,Analyst
29-1222.00,1.A.1.a.1,Oral Comprehension,LV,5.38,8,0.183,5.0164,5.7336,N,N,08/2020,Analyst
29-1222.00,1.A.1.a.2,Written Comprehension,IM,4.12,8,0.125,3.88,4.37,N,,08/2020,Analyst
29-1222.00,1.A.1.a.2,Written Comprehension,LV,5.12,8,0.2266,4.6809,5.5691,N,N,08/2020,Analyst
29-1222.00,1.A.1.a.3,Oral Expression,IM,4.12,8,0.125,3.88,4.37,N,,08/2020,Analyst
29-1222.00,1.A.1.a.3,Oral Expression,LV,5.25,8,0.25,4.76,5.74,N,N,08/2020,Analyst
29-1222.00,1.A.1.a.4,Written Expression,IM,4.25,8,0.1637,3.9292,4.5708,N,,08/2020,Analyst
29-1222.00,1.A.1.a.4,Written Expression,LV,4.88,8,0.125,4.63,5.12,N,N,08/2020,Analyst
29-1222.00,1.A.1.b.1,Fluency of Ideas,IM,3.12,8,0.125,2.88,3.37,N,,08/2020,Analyst
29-1222.00,1.A.1.b.1,Fluency of Ideas,LV,3.5,8,0.189,3.1296,3.8704,N,N,08/2020,Analyst
29-1222.00,1.A.1.b.2,Originality,IM,3.0,8,0.0,3.0,3.0,N,,08/2020,Analyst
29-1222.00,1.A.1.b.2,Originality,LV,3.5,8,0.189,3.1296,3.8704,N,N,08/2020,Analyst
29-1222.00,1.A.1.b.3,Problem Sensitivity,IM,4.38,8,0.183,4.0164,4.7336,N,,08/2020,Analyst
29-1222.00,1.A.1.b.3,Problem Sensitivity,LV,5.75,8,0.1637,5.4292,6.0708,N,N,08/2020,Analyst
29-1222.00,1.A.1.b.4,Deductive Reasoning,IM,4.12,8,0.125,3.88,4.37,N,,08/2020,Analyst
29-1222.00,1.A.1.b.4,Deductive Reasoning,LV,5.12,8,0.125,4.88,5.37,N,N,08/2020,Analyst
29-1222.00,1.A.1.b.5,Inductive Reasoning,IM,4.75,8,0.1637,4.4292,5.0,N,,08/2020,Analyst
29-1222.00,1.A.1.b.5,Inductive Reasoning,LV,5.88,8,0.125,5.63,6.12,N,N,08/2020,Analyst
29-1222.00,1.A.1.b.6,Information Ordering,IM,3.88,8,0.125,3.63,4.12,N,,08/2020,Analyst
29-1222.00,1.A.1.b.6,Information Ordering,LV,4.12,8,0.125,3.88,4.37,N,N,08/2020,Analyst
29-1222.00,1.A.1.b.7,Category Flexibility,IM,3.75,8,0.1637,3.4292,4.0708,N,,08/2020,Analyst
29-1222.00,1.A.1.b.7,Category Flexibility,LV,4.12,8,0.2266,3.6809,4.5691,N,N,08/2020,Analyst
29-1222.00,1.A.1.c.1,Mathematical Reasoning,IM,3.0,8,0.0,3.0,3.0,N,,08/2020,Analyst
29-1222.00,1.A.1.c.1,Mathematical Reasoning,LV,3.12,8,0.125,2.88,3.37,N,N,08/2020,Analyst
29-1222.00,1.A.1.c.2,Number Facility,IM,3.0,8,0.0,3.0,3.0,N,,08/2020,Analyst
29-1222.00,1.A.1.c.2,Number Facility,LV,3.0,8,0.0,3.0,3.0,N,N,08/2020,Analyst
29-1222.00,1.A.1.d.1,Memorization,IM,2.75,8,0.1637,2.4292,3.0708,N,,08/2020,Analyst
29-1222.00,1.A.1.d.1,Memorization,LV,2.75,8,0.25,2.26,3.24,N,N,08/2020,Analyst
29-1222.00,1.A.1.e.1,Speed of Closure,IM,3.12,8,0.2266,2.6809,3.5691,N,,08/2020,Analyst
29-1222.00,1.A.1.e.1,Speed of Closure,LV,3.75,8,0.1637,3.4292,4.0708,N,N,08/2020,Analyst
29-1222.00,1.A.1.e.2,Flexibility of Closure,IM,3.75,8,0.1637,3.4292,4.0708,N,,08/2020,Analyst
29-1222.00,1.A.1.e.2,Flexibility of Closure,LV,4.25,8,0.1637,3.9292,4.5708,N,N,08/2020,Analyst
29-1222.00,1.A.1.e.3,Perceptual Speed,IM,3.0,8,0.0,3.0,3.0,N,,08/2020,Analyst
29-1222.00,1.A.1.e.3,Perceptual Speed,LV,3.12,8,0.125,2.88,3.37,N,N,08/2020,Analyst
29-1222.00,1.A.1.f.1,Spatial Orientation,IM,1.0,8,0.0,1.0,1.0,N,,08/2020,Analyst
29-1222.00,1.A.1.f.1,Spatial Orientation,LV,0.0,8,0.0,0.0,0.0,N,Y,08/2020,Analyst
29-1222.00,1.A.1.f.2,Visualization,IM,2.88,8,0.125,2.63,3.12,N,,08/2020,Analyst
29-1222.00,1.A.1.f.2,Visualization,LV,3.0,8,0.0,3.0,3.0,N,N,08/2020,Analyst
29-1222.00,1.A.1.g.1,Selective Attention,IM,3.12,8,0.125,2.88,3.37,N,,08/2020,Analyst
29-1222.00,1.A.1.g.1,Selective Attention,LV,3.12,8,0.125,2.88,3.37,N,N,08/2020,Analyst
29-1222.00,1.A.1.g.2,Time Sharing,IM,2.75,8,0.1637,2.4292,3.0708,N,,08/2020,Analyst
29-1222.00,1.A.1.g.2,Time Sharing,LV,2.75,8,0.1637,2.4292,3.0708,N,N,08/2020,Analyst
29-1222.00,1.A.2.a.1,Arm-Hand Steadiness,IM,2.88,8,0.125,2.63,3.12,N,,08/2020,Analyst
29-1222.00,1.A.2.a.1,Arm-Hand Steadiness,LV,3.25,8,0.1637,2.9292,3.5708,N,N,08/2020,Analyst
29-1222.00,1.A.2.a.2,Manual Dexterity,IM,2.25,8,0.1637,1.9292,2.5708,N,,08/2020,Analyst
29-1222.00,1.A.2.a.2,Manual Dexterity,LV,2.62,8,0.183,2.2664,2.9836,N,N,08/2020,Analyst
29-1222.00,1.A.2.a.3,Finger Dexterity,IM,2.75,8,0.1637,2.4292,3.0708,N,,08/2020,Analyst
29-1222.00,1.A.2.a.3,Finger Dexterity,LV,3.38,8,0.2631,2.8594,3.8906,N,N,08/2020,Analyst
29-1222.00,1.A.2.b.1,Control Precision,IM,2.25,8,0.1637,1.9292,2.5708,N,,08/2020,Analyst
29-1222.00,1.A.2.b.1,Control Precision,LV,2.75,8,0.1637,2.4292,3.0708,N,N,08/2020,Analyst
29-1222.00,1.A.2.b.2,Multilimb Coordination,IM,2.12,8,0.125,1.88,2.37,N,,08/2020,Analyst
29-1222.00,1.A.2.b.2,Multilimb Coordination,LV,1.88,8,0.125,1.63,2.12,N,N,08/2020,Analyst
29-1222.00,1.A.2.b.3,Response Orientation,IM,1.0,8,0.0,1.0,1.0,N,,08/2020,Analyst
29-1222.00,1.A.2.b.3,Response Orientation,LV,0.0,8,0.0,0.0,0.0,N,Y,08/2020,Analyst
29-1222.00,1.A.2.b.4,Rate Control,IM,1.5,8,0.189,1.1296,1.8704,N,,08/2020,Analyst
29-1222.00,1.A.2.b.4,Rate Control,LV,0.5,8,0.189,0.1296,0.8704,N,N,08/2020,Analyst
29-1222.00,1.A.2.c.1,Reaction Time,IM,1.5,8,0.189,1.1296,1.8704,N,,08/2020,Analyst
29-1222.00,1.A.2.c.1,Reaction Time,LV,0.5,8,0.189,0.1296,0.8704,N,N,08/2020,Analyst
29-1222.00,1.A.2.c.2,Wrist-Finger Speed,IM,1.25,8,0.1637,1.0,1.5708,N,,08/2020,Analyst
29-1222.00,1.A.2.c.2,Wrist-Finger Speed,LV,0.38,8,0.2631,0.0,0.8906,N,Y,08/2020,Analyst
29-1222.00,1.A.2.c.3,Speed of Limb Movement,IM,1.0,8,0.0,1.0,1.0,N,,08/2020,Analyst
29-1222.00,1.A.2.c.3,Speed of Limb Movement,LV,0.0,8,0.0,0.0,0.0,N,Y,08/2020,Analyst
29-1222.00,1.A.3.a.1,Static Strength,IM,1.88,8,0.125,1.63,2.12,N,,08/2020,Analyst
29-1222.00,1.A.3.a.1,Static Strength,LV,1.12,8,0.2266,0.6809,1.5691,N,N,08/2020,Analyst
29-1222.00,1.A.3.a.2,Explosive Strength,IM,1.25,8,0.1637,1.0,1.5708,N,,08/2020,Analyst
29-1222.00,1.A.3.a.2,Explosive Strength,LV,0.25,8,0.1637,0.0,0.5708,N,Y,08/2020,Analyst
29-1222.00,1.A.3.a.3,Dynamic Strength,IM,1.38,8,0.183,1.0164,1.7336,N,,08/2020,Analyst
29-1222.00,1.A.3.a.3,Dynamic Strength,LV,0.5,8,0.2673,0.0,1.0238,N,N,08/2020,Analyst
29-1222.00,1.A.3.a.4,Trunk Strength,IM,1.62,8,0.183,1.2664,1.9836,N,,08/2020,Analyst
29-1222.00,1.A.3.a.4,Trunk Strength,LV,0.88,8,0.295,0.2967,1.4533,N,N,08/2020,Analyst
29-1222.00,1.A.3.b.1,Stamina,IM,1.0,8,0.0,1.0,1.0,N,,08/2020,Analyst
29-1222.00,1.A.3.b.1,Stamina,LV,0.0,8,0.0,0.0,0.0,N,Y,08/2020,Analyst
29-1222.00,1.A.3.c.1,Extent Flexibility,IM,1.25,8,0.1637,1.0,1.5708,N,,08/2020,Analyst
29-1222.00,1.A.3.c.1,Extent Flexibility,LV,0.25,8,0.1637,0.0,0.5708,N,Y,08/2020,Analyst
29-1222.00,1.A.3.c.2,Dynamic Flexibility,IM,1.0,8,0.0,1.0,1.0,N,,08/2020,Analyst
29-1222.00,1.A.3.c.2,Dynamic Flexibility,LV,0.0,8,0.0,0.0,0.0,N,Y,08/2020,Analyst
29-1222.00,1.A.3.c.3,Gross Body Coordination,IM,1.0,8,0.0,1.0,1.0,N,,08/2020,Analyst
29-1222.00,1.A.3.c.3,Gross Body Coordination,LV,0.0,8,0.0,0.0,0.0,N,Y,08/2020,Analyst
29-1222.00,1.A.3.c.4,Gross Body Equilibrium,IM,1.0,8,0.0,1.0,1.0,N,,08/2020,Analyst
29-1222.00,1.A.3.c.4,Gross Body Equilibrium,LV,0.0,8,0.0,0.0,0.0,N,Y,08/2020,Analyst
29-1222.00,1.A.4.a.1,Near Vision,IM,4.0,8,0.0,4.0,4.0,N,,08/2020,Analyst
29-1222.00,1.A.4.a.1,Near Vision,LV,4.5,8,0.189,4.1296,4.8704,N,N,08/2020,Analyst
29-1222.00,1.A.4.a.2,Far Vision,IM,2.88,8,0.125,2.63,3.12,N,,08/2020,Analyst
29-1222.00,1.A.4.a.2,Far Vision,LV,3.12,8,0.125,2.88,3.37,N,N,08/2020,Analyst
29-1222.00,1.A.4.a.3,Visual Color Discrimination,IM,3.12,8,0.125,2.88,3.37,N,,08/2020,Analyst
29-1222.00,1.A.4.a.3,Visual Color Discrimination,LV,3.25,8,0.1637,2.9292,3.5708,N,N,08/2020,Analyst
29-1222.00,1.A.4.a.4,Night Vision,IM,1.0,8,0.0,1.0,1.0,N,,08/2020,Analyst
29-1222.00,1.A.4.a.4,Night Vision,LV,0.0,8,0.0,0.0,0.0,N,Y,08/2020,Analyst
29-1222.00,1.A.4.a.5,Peripheral Vision,IM,1.0,8,0.0,1.0,1.0,N,,08/2020,Analyst
29-1222.00,1.A.4.a.5,Peripheral Vision,LV,0.0,8,0.0,0.0,0.0,N,Y,08/2020,Analyst
29-1222.00,1.A.4.a.6,Depth Perception,IM,2.0,8,0.0,2.0,2.0,N,,08/2020,Analyst
29-1222.00,1.A.4.a.6,Depth Perception,LV,2.0,8,0.189,1.6296,2.3704,N,N,08/2020,Analyst
29-1222.00,1.A.4.a.7,Glare Sensitivity,IM,1.0,8,0.0,1.0,1.0,N,,08/2020,Analyst
29-1222.00,1.A.4.a.7,Glare Sensitivity,LV,0.0,8,0.0,0.0,0.0,N,Y,08/2020,Analyst
29-1222.00,1.A.4.b.1,Hearing Sensitivity,IM,2.25,8,0.1637,1.9292,2.5708,N,,08/2020,Analyst
29-1222.00,1.A.4.b.1,Hearing Sensitivity,LV,2.12,8,0.125,1.88,2.37,N,N,08/2020,Analyst
29-1222.00,1.A.4.b.2,Auditory Attention,IM,2.0,8,0.0,2.0,2.0,N,,08/2020,Analyst
29-1222.00,1.A.4.b.2,Auditory Attention,LV,2.0,8,0.0,2.0,2.0,N,N,08/2020,Analyst
29-1222.00,1.A.4.b.3,Sound Localization,IM,1.0,8,0.0,1.0,1.0,N,,08/2020,Analyst
29-1222.00,1.A.4.b.3,Sound Localization,LV,0.0,8,0.0,0.0,0.0,N,Y,08/2020,Analyst
29-1222.00,1.A.4.b.4,Speech Recognition,IM,3.75,8,0.1637,3.4292,4.0708,N,,08/2020,Analyst
29-1222.00,1.A.4.b.4,Speech Recognition,LV,4.0,8,0.0,4.0,4.0,N,N,08/2020,Analyst
29-1222.00,1.A.4.b.5,Speech Clarity,IM,3.88,8,0.125,3.63,4.12,N,,08/2020,Analyst
29-1222.00,1.A.4.b.5,Speech Clarity,LV,4.12,8,0.2266,3.6809,4.5691,N,N,08/2020,Analyst
29-1223.00,1.A.1.a.1,Oral Comprehension,IM,4.5,8,0.189,4.1296,4.8704,N,,07/2014,Analyst
29-1223.00,1.A.1.a.1,Oral Comprehension,LV,5.12,8,0.125,4.88,5.37,N,N,07/2014,Analyst
29-1223.00,1.A.1.a.2,Written Comprehension,IM,4.25,8,0.1637,3.9292,4.5708,N,,07/2014,Analyst
29-1223.00,1.A.1.a.2,Written Comprehension,LV,4.62,8,0.183,4.2664,4.9836,N,N,07/2014,Analyst
29-1223.00,1.A.1.a.3,Oral Expression,IM,4.38,8,0.183,4.0164,4.7336,N,,07/2014,Analyst
29-1223.00,1.A.1.a.3,Oral Expression,LV,4.75,8,0.25,4.26,5.24,N,N,07/2014,Analyst
29-1223.00,1.A.1.a.4,Written Expression,IM,4.12,8,0.125,3.88,4.37,N,,07/2014,Analyst
29-1223.00,1.A.1.a.4,Written Expression,LV,4.88,8,0.125,4.63,5.12,N,N,07/2014,Analyst
29-1223.00,1.A.1.b.1,Fluency of Ideas,IM,3.38,8,0.183,3.0164,3.7336,N,,07/2014,Analyst
29-1223.00,1.A.1.b.1,Fluency of Ideas,LV,3.88,8,0.295,3.2967,4.4533,N,N,07/2014,Analyst
29-1223.00,1.A.1.b.2,Originality,IM,3.25,8,0.1637,2.9292,3.5708,N,,07/2014,Analyst
29-1223.00,1.A.1.b.2,Originality,LV,3.62,8,0.183,3.2664,3.9836,N,N,07/2014,Analyst
29-1223.00,1.A.1.b.3,Problem Sensitivity,IM,4.0,8,0.0,4.0,4.0,N,,07/2014,Analyst
29-1223.00,1.A.1.b.3,Problem Sensitivity,LV,4.88,8,0.2266,4.4309,5.3191,N,N,07/2014,Analyst
29-1223.00,1.A.1.b.4,Deductive Reasoning,IM,4.12,8,0.125,3.88,4.37,N,,07/2014,Analyst
29-1223.00,1.A.1.b.4,Deductive Reasoning,LV,4.62,8,0.183,4.2664,4.9836,N,N,07/2014,Analyst
29-1223.00,1.A.1.b.5,Inductive Reasoning,IM,4.12,8,0.125,3.88,4.37,N,,07/2014,Analyst
29-1223.00,1.A.1.b.5,Inductive Reasoning,LV,4.75,8,0.25,4.26,5.24,N,N,07/2014,Analyst
29-1223.00,1.A.1.b.6,Information Ordering,IM,3.75,8,0.1637,3.4292,4.0708,N,,07/2014,Analyst
29-1223.00,1.A.1.b.6,Information Ordering,LV,4.12,8,0.125,3.88,4.37,N,N,07/2014,Analyst
29-1223.00,1.A.1.b.7,Category Flexibility,IM,3.88,8,0.125,3.63,4.12,N,,07/2014,Analyst
29-1223.00,1.A.1.b.7,Category Flexibility,LV,4.12,8,0.125,3.88,4.37,N,N,07/2014,Analyst
29-1223.00,1.A.1.c.1,Mathematical Reasoning,IM,2.88,8,0.125,2.63,3.12,N,,07/2014,Analyst
29-1223.00,1.A.1.c.1,Mathematical Reasoning,LV,2.88,8,0.125,2.63,3.12,N,N,07/2014,Analyst
29-1223.00,1.A.1.c.2,Number Facility,IM,2.62,8,0.183,2.2664,2.9836,N,,07/2014,Analyst
29-1223.00,1.A.1.c.2,Number Facility,LV,2.62,8,0.183,2.2664,2.9836,N,N,07/2014,Analyst
29-1223.00,1.A.1.d.1,Memorization,IM,3.0,8,0.0,3.0,3.0,N,,07/2014,Analyst
29-1223.00,1.A.1.d.1,Memorization,LV,3.0,8,0.0,3.0,3.0,N,N,07/2014,Analyst
29-1223.00,1.A.1.e.1,Speed of Closure,IM,3.0,8,0.0,3.0,3.0,N,,07/2014,Analyst
29-1223.00,1.A.1.e.1,Speed of Closure,LV,3.0,8,0.189,2.6296,3.3704,N,N,07/2014,Analyst
29-1223.00,1.A.1.e.2,Flexibility of Closure,IM,3.25,8,0.1637,2.9292,3.5708,N,,07/2014,Analyst
29-1223.00,1.A.1.e.2,Flexibility of Closure,LV,3.25,8,0.1637,2.9292,3.5708,N,N,07/2014,Analyst
29-1223.00,1.A.1.e.3,Perceptual Speed,IM,2.75,8,0.1637,2.4292,3.0708,N,,07/2014,Analyst
29-1223.00,1.A.1.e.3,Perceptual Speed,LV,2.75,8,0.1637,2.4292,3.0708,N,N,07/2014,Analyst
29-1223.00,1.A.1.f.1,Spatial Orientation,IM,1.0,8,0.0,1.0,1.0,N,,07/2014,Analyst
29-1223.00,1.A.1.f.1,Spatial Orientation,LV,0.0,8,0.0,0.0,0.0,N,Y,07/2014,Analyst
29-1223.00,1.A.1.f.2,Visualization,IM,2.38,8,0.183,2.0164,2.7336,N,,07/2014,Analyst
29-1223.00,1.A.1.f.2,Visualization,LV,2.5,8,0.189,2.1296,2.8704,N,N,07/2014,Analyst
29-1223.00,1.A.1.g.1,Selective Attention,IM,3.12,8,0.125,2.88,3.37,N,,07/2014,Analyst
29-1223.00,1.A.1.g.1,Selective Attention,LV,2.88,8,0.125,2.63,3.12,N,N,07/2014,Analyst
29-1223.00,1.A.1.g.2,Time Sharing,IM,2.88,8,0.125,2.63,3.12,N,,07/2014,Analyst
29-1223.00,1.A.1.g.2,Time Sharing,LV,2.75,8,0.1637,2.4292,3.0708,N,N,07/2014,Analyst
29-1223.00,1.A.2.a.1,Arm-Hand Steadiness,IM,1.0,8,0.0,1.0,1.0,N,,07/2014,Analyst
29-1223.00,1.A.2.a.1,Arm-Hand Steadiness,LV,0.0,8,0.0,0.0,0.0,N,Y,07/2014,Analyst
29-1223.00,1.A.2.a.2,Manual Dexterity,IM,1.0,8,0.0,1.0,1.0,N,,07/2014,Analyst
29-1223.00,1.A.2.a.2,Manual Dexterity,LV,0.0,8,0.0,0.0,0.0,N,Y,07/2014,Analyst
29-1223.00,1.A.2.a.3,Finger Dexterity,IM,2.38,8,0.183,2.0164,2.7336,N,,07/2014,Analyst
29-1223.00,1.A.2.a.3,Finger Dexterity,LV,2.0,8,0.0,2.0,2.0,N,N,07/2014,Analyst
29-1223.00,1.A.2.b.1,Control Precision,IM,1.0,8,0.0,1.0,1.0,N,,07/2014,Analyst
29-1223.00,1.A.2.b.1,Control Precision,LV,0.0,8,0.0,0.0,0.0,N,Y,07/2014,Analyst
29-1223.00,1.A.2.b.2,Multilimb Coordination,IM,1.0,8,0.0,1.0,1.0,N,,07/2014,Analyst
29-1223.00,1.A.2.b.2,Multilimb Coordination,LV,0.0,8,0.0,0.0,0.0,N,Y,07/2014,Analyst
29-1223.00,1.A.2.b.3,Response Orientation,IM,1.88,8,0.125,1.63,2.12,N,,07/2014,Analyst
29-1223.00,1.A.2.b.3,Response Orientation,LV,1.75,8,0.25,1.26,2.24,N,N,07/2014,Analyst
29-1223.00,1.A.2.b.4,Rate Control,IM,1.0,8,0.0,1.0,1.0,N,,07/2014,Analyst
29-1223.00,1.A.2.b.4,Rate Control,LV,0.0,8,0.0,0.0,0.0,N,Y,07/2014,Analyst
29-1223.00,1.A.2.c.1,Reaction Time,IM,2.0,8,0.0,2.0,2.0,N,,07/2014,Analyst
29-1223.00,1.A.2.c.1,Reaction Time,LV,1.5,8,0.189,1.1296,1.8704,N,N,07/2014,Analyst
29-1223.00,1.A.2.c.2,Wrist-Finger Speed,IM,1.0,8,0.0,1.0,1.0,N,,07/2014,Analyst
29-1223.00,1.A.2.c.2,Wrist-Finger Speed,LV,0.0,8,0.0,0.0,0.0,N,Y,07/2014,Analyst
29-1223.00,1.A.2.c.3,Speed of Limb Movement,IM,1.0,8,0.0,1.0,1.0,N,,07/2014,Analyst
29-1223.00,1.A.2.c.3,Speed of Limb Movement,LV,0.0,8,0.0,0.0,0.0,N,Y,07/2014,Analyst
29-1223.00,1.A.3.a.1,Static Strength,IM,2.0,8,0.0,2.0,2.0,N,,07/2014,Analyst
29-1223.00,1.A.3.a.1,Static Strength,LV,1.25,8,0.1637,0.9292,1.5708,N,N,07/2014,Analyst
29-1223.00,1.A.3.a.2,Explosive Strength,IM,2.0,8,0.0,2.0,2.0,N,,07/2014,Analyst
29-1223.00,1.A.3.a.2,Explosive Strength,LV,1.25,8,0.1637,0.9292,1.5708,N,N,07/2014,Analyst
29-1223.00,1.A.3.a.3,Dynamic Strength,IM,1.0,8,0.0,1.0,1.0,N,,07/2014,Analyst
29-1223.00,1.A.3.a.3,Dynamic Strength,LV,0.0,8,0.0,0.0,0.0,N,Y,07/2014,Analyst
29-1223.00,1.A.3.a.4,Trunk Strength,IM,1.12,8,0.125,1.0,1.37,N,,07/2014,Analyst
29-1223.00,1.A.3.a.4,Trunk Strength,LV,0.25,8,0.25,0.0,0.74,N,Y,07/2014,Analyst
29-1223.00,1.A.3.b.1,Stamina,IM,1.75,8,0.1637,1.4292,2.0708,N,,07/2014,Analyst
29-1223.00,1.A.3.b.1,Stamina,LV,0.88,8,0.2266,0.4309,1.3191,N,N,07/2014,Analyst
29-1223.00,1.A.3.c.1,Extent Flexibility,IM,1.0,8,0.0,1.0,1.0,N,,07/2014,Analyst
29-1223.00,1.A.3.c.1,Extent Flexibility,LV,0.0,8,0.0,0.0,0.0,N,Y,07/2014,Analyst
29-1223.00,1.A.3.c.2,Dynamic Flexibility,IM,1.0,8,0.0,1.0,1.0,N,,07/2014,Analyst
29-1223.00,1.A.3.c.2,Dynamic Flexibility,LV,0.0,8,0.0,0.0,0.0,N,Y,07/2014,Analyst
29-1223.00,1.A.3.c.3,Gross Body Coordination,IM,1.88,8,0.125,1.63,2.12,N,,07/2014,Analyst
29-1223.00,1.A.3.c.3,Gross Body Coordination,LV,0.88,8,0.125,0.63,1.12,N,N,07/2014,Analyst
29-1223.00,1.A.3.c.4,Gross Body Equilibrium,IM,1.75,8,0.1637,1.4292,2.0708,N,,07/2014,Analyst
29-1223.00,1.A.3.c.4,Gross Body Equilibrium,LV,0.75,8,0.1637,0.4292,1.0708,N,N,07/2014,Analyst
29-1223.00,1.A.4.a.1,Near Vision,IM,3.5,8,0.189,3.1296,3.8704,N,,07/2014,Analyst
29-1223.00,1.A.4.a.1,Near Vision,LV,3.88,8,0.125,3.63,4.12,N,N,07/2014,Analyst
29-1223.00,1.A.4.a.2,Far Vision,IM,2.75,8,0.1637,2.4292,3.0708,N,,07/2014,Analyst
29-1223.00,1.A.4.a.2,Far Vision,LV,3.0,8,0.189,2.6296,3.3704,N,N,07/2014,Analyst
29-1223.00,1.A.4.a.3,Visual Color Discrimination,IM,1.88,8,0.125,1.63,2.12,N,,07/2014,Analyst
29-1223.00,1.A.4.a.3,Visual Color Discrimination,LV,1.5,8,0.2673,0.9762,2.0238,N,N,07/2014,Analyst
29-1223.00,1.A.4.a.4,Night Vision,IM,1.0,8,0.0,1.0,1.0,N,,07/2014,Analyst
29-1223.00,1.A.4.a.4,Night Vision,LV,0.0,8,0.0,0.0,0.0,N,Y,07/2014,Analyst
29-1223.00,1.A.4.a.5,Peripheral Vision,IM,1.0,8,0.0,1.0,1.0,N,,07/2014,Analyst
29-1223.00,1.A.4.a.5,Peripheral Vision,LV,0.0,8,0.0,0.0,0.0,N,Y,07/2014,Analyst
29-1223.00,1.A.4.a.6,Depth Perception,IM,1.25,8,0.1637,1.0,1.5708,N,,07/2014,Analyst
29-1223.00,1.A.4.a.6,Depth Perception,LV,0.25,8,0.1637,0.0,0.5708,N,Y,07/2014,Analyst
29-1223.00,1.A.4.a.7,Glare Sensitivity,IM,1.0,8,0.0,1.0,1.0,N,,07/2014,Analyst
29-1223.00,1.A.4.a.7,Glare Sensitivity,LV,0.0,8,0.0,0.0,0.0,N,Y,07/2014,Analyst
29-1223.00,1.A.4.b.1,Hearing Sensitivity,IM,2.0,8,0.189,1.6296,2.3704,N,,07/2014,Analyst
29-1223.00,1.A.4.b.1,Hearing Sensitivity,LV,1.5,8,0.2673,0.9762,2.0238,N,N,07/2014,Analyst
29-1223.00,1.A.4.b.2,Auditory Attention,IM,2.38,8,0.183,2.0164,2.7336,N,,07/2014,Analyst
29-1223.00,1.A.4.b.2,Auditory Attention,LV,2.0,8,0.0,2.0,2.0,N,N,07/2014,Analyst
29-1223.00,1.A.4.b.3,Sound Localization,IM,1.0,8,0.0,1.0,1.0,N,,07/2014,Analyst
29-1223.00,1.A.4.b.3,Sound Localization,LV,0.0,8,0.0,0.0,0.0,N,Y,07/2014,Analyst
29-1223.00,1.A.4.b.4,Speech Recognition,IM,4.0,8,0.0,4.0,4.0,N,,07/2014,Analyst
29-1223.00,1.A.4.b.4,Speech Recognition,LV,4.0,8,0.0,4.0,4.0,N,N,07/2014,Analyst
29-1223.00,1.A.4.b.5,Speech Clarity,IM,4.0,8,0.0,4.0,4.0,N,,07/2014,Analyst
29-1223.00,1.A.4.b.5,Speech Clarity,LV,4.0,8,0.189,3.6296,4.3704,N,N,07/2014,Analyst
29-1224.00,1.A.1.a.1,Oral Comprehension,IM,4.38,8,0.183,4.0164,4.7336,N,,08/2023,Analyst
29-1224.00,1.A.1.a.1,Oral Comprehension,LV,5.0,8,0.189,4.6296,5.3704,N,N,08/2023,Analyst
29-1224.00,1.A.1.a.2,Written Comprehension,IM,4.38,8,0.183,4.0164,4.7336,N,,08/2023,Analyst
29-1224.00,1.A.1.a.2,Written Comprehension,LV,5.12,8,0.2266,4.6809,5.5691,N,N,08/2023,Analyst
29-1224.00,1.A.1.a.3,Oral Expression,IM,4.38,8,0.183,4.0164,4.7336,N,,08/2023,Analyst
29-1224.00,1.A.1.a.3,Oral Expression,LV,5.0,8,0.189,4.6296,5.3704,N,N,08/2023,Analyst
29-1224.00,1.A.1.a.4,Written Expression,IM,4.12,8,0.125,3.88,4.37,N,,08/2023,Analyst
29-1224.00,1.A.1.a.4,Written Expression,LV,4.62,8,0.183,4.2664,4.9836,N,N,08/2023,Analyst
29-1224.00,1.A.1.b.1,Fluency of Ideas,IM,3.0,8,0.0,3.0,3.0,N,,08/2023,Analyst
29-1224.00,1.A.1.b.1,Fluency of Ideas,LV,3.25,8,0.1637,2.9292,3.5708,N,N,08/2023,Analyst
29-1224.00,1.A.1.b.2,Originality,IM,3.0,8,0.0,3.0,3.0,N,,08/2023,Analyst
29-1224.00,1.A.1.b.2,Originality,LV,3.12,8,0.125,2.88,3.37,N,N,08/2023,Analyst
29-1224.00,1.A.1.b.3,Problem Sensitivity,IM,4.5,8,0.189,4.1296,4.8704,N,,08/2023,Analyst
29-1224.00,1.A.1.b.3,Problem Sensitivity,LV,5.0,8,0.189,4.6296,5.3704,N,N,08/2023,Analyst
29-1224.00,1.A.1.b.4,Deductive Reasoning,IM,4.38,8,0.183,4.0164,4.7336,N,,08/2023,Analyst
29-1224.00,1.A.1.b.4,Deductive Reasoning,LV,4.62,8,0.183,4.2664,4.9836,N,N,08/2023,Analyst
29-1224.00,1.A.1.b.5,Inductive Reasoning,IM,4.5,8,0.189,4.1296,4.8704,N,,08/2023,Analyst
29-1224.00,1.A.1.b.5,Inductive Reasoning,LV,5.0,8,0.189,4.6296,5.3704,N,N,08/2023,Analyst
29-1224.00,1.A.1.b.6,Information Ordering,IM,3.75,8,0.1637,3.4292,4.0708,N,,08/2023,Analyst
29-1224.00,1.A.1.b.6,Information Ordering,LV,4.12,8,0.125,3.88,4.37,N,N,08/2023,Analyst
29-1224.00,1.A.1.b.7,Category Flexibility,IM,3.75,8,0.1637,3.4292,4.0708,N,,08/2023,Analyst
29-1224.00,1.A.1.b.7,Category Flexibility,LV,4.12,8,0.125,3.88,4.37,N,N,08/2023,Analyst
29-1224.00,1.A.1.c.1,Mathematical Reasoning,IM,3.0,8,0.0,3.0,3.0,N,,08/2023,Analyst
29-1224.00,1.A.1.c.1,Mathematical Reasoning,LV,3.12,8,0.125,2.88,3.37,N,N,08/2023,Analyst
29-1224.00,1.A.1.c.2,Number Facility,IM,3.0,8,0.0,3.0,3.0,N,,08/2023,Analyst
29-1224.00,1.A.1.c.2,Number Facility,LV,3.12,8,0.125,2.88,3.37,N,N,08/2023,Analyst
29-1224.00,1.A.1.d.1,Memorization,IM,3.0,8,0.0,3.0,3.0,N,,08/2023,Analyst
29-1224.00,1.A.1.d.1,Memorization,LV,3.0,8,0.0,3.0,3.0,N,N,08/2023,Analyst
29-1224.00,1.A.1.e.1,Speed of Closure,IM,3.12,8,0.125,2.88,3.37,N,,08/2023,Analyst
29-1224.00,1.A.1.e.1,Speed of Closure,LV,3.62,8,0.2631,3.1094,4.1406,N,N,08/2023,Analyst
29-1224.00,1.A.1.e.2,Flexibility of Closure,IM,3.88,8,0.2266,3.4309,4.3191,N,,08/2023,Analyst
29-1224.00,1.A.1.e.2,Flexibility of Closure,LV,4.5,8,0.2673,3.9762,5.0238,N,N,08/2023,Analyst
29-1224.00,1.A.1.e.3,Perceptual Speed,IM,3.5,8,0.189,3.1296,3.8704,N,,08/2023,Analyst
29-1224.00,1.A.1.e.3,Perceptual Speed,LV,3.38,8,0.183,3.0164,3.7336,N,N,08/2023,Analyst
29-1224.00,1.A.1.f.1,Spatial Orientation,IM,1.12,8,0.125,1.0,1.37,N,,08/2023,Analyst
29-1224.00,1.A.1.f.1,Spatial Orientation,LV,0.12,8,0.125,0.0,0.37,N,Y,08/2023,Analyst
29-1224.00,1.A.1.f.2,Visualization,IM,3.25,8,0.1637,2.9292,3.5708,N,,08/2023,Analyst
29-1224.00,1.A.1.f.2,Visualization,LV,3.62,8,0.2631,3.1094,4.1406,N,N,08/2023,Analyst
29-1224.00,1.A.1.g.1,Selective Attention,IM,3.0,8,0.189,2.6296,3.3704,N,,08/2023,Analyst
29-1224.00,1.A.1.g.1,Selective Attention,LV,3.25,8,0.25,2.76,3.74,N,N,08/2023,Analyst
29-1224.00,1.A.1.g.2,Time Sharing,IM,2.88,8,0.125,2.63,3.12,N,,08/2023,Analyst
29-1224.00,1.A.1.g.2,Time Sharing,LV,2.88,8,0.125,2.63,3.12,N,N,08/2023,Analyst
29-1224.00,1.A.2.a.1,Arm-Hand Steadiness,IM,3.12,8,0.125,2.88,3.37,N,,08/2023,Analyst
29-1224.00,1.A.2.a.1,Arm-Hand Steadiness,LV,3.0,8,0.0,3.0,3.0,N,N,08/2023,Analyst
29-1224.00,1.A.2.a.2,Manual Dexterity,IM,2.5,8,0.189,2.1296,2.8704,N,,08/2023,Analyst
29-1224.00,1.A.2.a.2,Manual Dexterity,LV,2.25,8,0.1637,1.9292,2.5708,N,N,08/2023,Analyst
29-1224.00,1.A.2.a.3,Finger Dexterity,IM,3.0,8,0.0,3.0,3.0,N,,08/2023,Analyst
29-1224.00,1.A.2.a.3,Finger Dexterity,LV,3.0,8,0.0,3.0,3.0,N,N,08/2023,Analyst
29-1224.00,1.A.2.b.1,Control Precision,IM,2.88,8,0.125,2.63,3.12,N,,08/2023,Analyst
29-1224.00,1.A.2.b.1,Control Precision,LV,3.0,8,0.0,3.0,3.0,N,N,08/2023,Analyst
29-1224.00,1.A.2.b.2,Multilimb Coordination,IM,2.0,8,0.0,2.0,2.0,N,,08/2023,Analyst
29-1224.00,1.A.2.b.2,Multilimb Coordination,LV,2.0,8,0.0,2.0,2.0,N,N,08/2023,Analyst
29-1224.00,1.A.2.b.3,Response Orientation,IM,1.62,8,0.183,1.2664,1.9836,N,,08/2023,Analyst
29-1224.00,1.A.2.b.3,Response Orientation,LV,0.75,8,0.25,0.26,1.24,N,N,08/2023,Analyst
29-1224.00,1.A.2.b.4,Rate Control,IM,1.88,8,0.125,1.63,2.12,N,,08/2023,Analyst
29-1224.00,1.A.2.b.4,Rate Control,LV,1.5,8,0.2673,0.9762,2.0238,N,N,08/2023,Analyst
29-1224.00,1.A.2.c.1,Reaction Time,IM,2.12,8,0.125,1.88,2.37,N,,08/2023,Analyst
29-1224.00,1.A.2.c.1,Reaction Time,LV,2.0,8,0.0,2.0,2.0,N,N,08/2023,Analyst
29-1224.00,1.A.2.c.2,Wrist-Finger Speed,IM,2.12,8,0.125,1.88,2.37,N,,08/2023,Analyst
29-1224.00,1.A.2.c.2,Wrist-Finger Speed,LV,1.88,8,0.125,1.63,2.12,N,N,08/2023,Analyst
29-1224.00,1.A.2.c.3,Speed of Limb Movement,IM,1.0,8,0.0,1.0,1.0,N,,08/2023,Analyst
29-1224.00,1.A.2.c.3,Speed of Limb Movement,LV,0.0,8,0.0,0.0,0.0,N,Y,08/2023,Analyst
29-1224.00,1.A.3.a.1,Static Strength,IM,1.75,8,0.1637,1.4292,2.0708,N,,08/2023,Analyst
29-1224.00,1.A.3.a.1,Static Strength,LV,1.12,8,0.295,0.5467,1.7033,N,N,08/2023,Analyst
29-1224.00,1.A.3.a.2,Explosive Strength,IM,1.25,8,0.1637,1.0,1.5708,N,,08/2023,Analyst
29-1224.00,1.A.3.a.2,Explosive Strength,LV,0.25,8,0.1637,0.0,0.5708,N,Y,08/2023,Analyst
29-1224.00,1.A.3.a.3,Dynamic Strength,IM,1.75,8,0.1637,1.4292,2.0708,N,,08/2023,Analyst
29-1224.00,1.A.3.a.3,Dynamic Strength,LV,1.0,8,0.2673,0.4762,1.5238,N,N,08/2023,Analyst
29-1224.00,1.A.3.a.4,Trunk Strength,IM,2.12,8,0.2266,1.6809,2.5691,N,,08/2023,Analyst
29-1224.00,1.A.3.a.4,Trunk Strength,LV,1.75,8,0.3134,1.1358,2.3642,N,N,08/2023,Analyst
29-1224.00,1.A.3.b.1,Stamina,IM,1.75,8,0.1637,1.4292,2.0708,N,,08/2023,Analyst
29-1224.00,1.A.3.b.1,Stamina,LV,1.0,8,0.2673,0.4762,1.5238,N,N,08/2023,Analyst
29-1224.00,1.A.3.c.1,Extent Flexibility,IM,1.88,8,0.125,1.63,2.12,N,,08/2023,Analyst
29-1224.00,1.A.3.c.1,Extent Flexibility,LV,1.38,8,0.2631,0.8594,1.8906,N,N,08/2023,Analyst
29-1224.00,1.A.3.c.2,Dynamic Flexibility,IM,1.0,8,0.0,1.0,1.0,N,,08/2023,Analyst
29-1224.00,1.A.3.c.2,Dynamic Flexibility,LV,0.0,8,0.0,0.0,0.0,N,Y,08/2023,Analyst
29-1224.00,1.A.3.c.3,Gross Body Coordination,IM,1.88,8,0.125,1.63,2.12,N,,08/2023,Analyst
29-1224.00,1.A.3.c.3,Gross Body Coordination,LV,1.12,8,0.2266,0.6809,1.5691,N,N,08/2023,Analyst
29-1224.00,1.A.3.c.4,Gross Body Equilibrium,IM,1.62,8,0.183,1.2664,1.9836,N,,08/2023,Analyst
29-1224.00,1.A.3.c.4,Gross Body Equilibrium,LV,0.62,8,0.183,0.2664,0.9836,N,N,08/2023,Analyst
29-1224.00,1.A.4.a.1,Near Vision,IM,4.0,8,0.0,4.0,4.0,N,,08/2023,Analyst
29-1224.00,1.A.4.a.1,Near Vision,LV,5.0,8,0.189,4.6296,5.3704,N,N,08/2023,Analyst
29-1224.00,1.A.4.a.2,Far Vision,IM,3.25,8,0.25,2.76,3.74,N,,08/2023,Analyst
29-1224.00,1.A.4.a.2,Far Vision,LV,3.62,8,0.183,3.2664,3.9836,N,N,08/2023,Analyst
29-1224.00,1.A.4.a.3,Visual Color Discrimination,IM,3.25,8,0.1637,2.9292,3.5708,N,,08/2023,Analyst
29-1224.00,1.A.4.a.3,Visual Color Discrimination,LV,3.12,8,0.125,2.88,3.37,N,N,08/2023,Analyst
29-1224.00,1.A.4.a.4,Night Vision,IM,1.0,8,0.0,1.0,1.0,N,,08/2023,Analyst
29-1224.00,1.A.4.a.4,Night Vision,LV,0.0,8,0.0,0.0,0.0,N,Y,08/2023,Analyst
29-1224.00,1.A.4.a.5,Peripheral Vision,IM,1.0,8,0.0,1.0,1.0,N,,08/2023,Analyst
29-1224.00,1.A.4.a.5,Peripheral Vision,LV,0.0,8,0.0,0.0,0.0,N,Y,08/2023,Analyst
29-1224.00,1.A.4.a.6,Depth Perception,IM,2.0,8,0.189,1.6296,2.3704,N,,08/2023,Analyst
29-1224.00,1.A.4.a.6,Depth Perception,LV,1.38,8,0.2631,0.8594,1.8906,N,N,08/2023,Analyst
29-1224.00,1.A.4.a.7,Glare Sensitivity,IM,1.0,8,0.0,1.0,1.0,N,,08/2023,Analyst
29-1224.00,1.A.4.a.7,Glare Sensitivity,LV,0.0,8,0.0,0.0,0.0,N,Y,08/2023,Analyst
29-1224.00,1.A.4.b.1,Hearing Sensitivity,IM,2.38,8,0.183,2.0164,2.7336,N,,08/2023,Analyst
29-1224.00,1.A.4.b.1,Hearing Sensitivity,LV,2.5,8,0.189,2.1296,2.8704,N,N,08/2023,Analyst
29-1224.00,1.A.4.b.2,Auditory Attention,IM,2.5,8,0.189,2.1296,2.8704,N,,08/2023,Analyst
29-1224.00,1.A.4.b.2,Auditory Attention,LV,2.0,8,0.189,1.6296,2.3704,N,N,08/2023,Analyst
29-1224.00,1.A.4.b.3,Sound Localization,IM,1.0,8,0.0,1.0,1.0,N,,08/2023,Analyst
29-1224.00,1.A.4.b.3,Sound Localization,LV,0.0,8,0.0,0.0,0.0,N,Y,08/2023,Analyst
29-1224.00,1.A.4.b.4,Speech Recognition,IM,3.62,8,0.183,3.2664,3.9836,N,,08/2023,Analyst
29-1224.00,1.A.4.b.4,Speech Recognition,LV,4.0,8,0.189,3.6296,4.3704,N,N,08/2023,Analyst
29-1224.00,1.A.4.b.5,Speech Clarity,IM,3.75,8,0.25,3.26,4.24,N,,08/2023,Analyst
29-1224.00,1.A.4.b.5,Speech Clarity,LV,4.12,8,0.2266,3.6809,4.5691,N,N,08/2023,Analyst
29-1229.01,1.A.1.a.1,Oral Comprehension,IM,4.25,8,0.1637,3.9292,4.5708,N,,08/2022,Analyst
29-1229.01,1.A.1.a.1,Oral Comprehension,LV,5.0,8,0.189,4.6296,5.3704,N,N,08/2022,Analyst
29-1229.01,1.A.1.a.2,Written Comprehension,IM,4.25,8,0.1637,3.9292,4.5708,N,,08/2022,Analyst
29-1229.01,1.A.1.a.2,Written Comprehension,LV,4.88,8,0.125,4.63,5.12,N,N,08/2022,Analyst
29-1229.01,1.A.1.a.3,Oral Expression,IM,4.25,8,0.1637,3.9292,4.5708,N,,08/2022,Analyst
29-1229.01,1.A.1.a.3,Oral Expression,LV,4.38,8,0.183,4.0164,4.7336,N,N,08/2022,Analyst
29-1229.01,1.A.1.a.4,Written Expression,IM,4.0,8,0.0,4.0,4.0,N,,08/2022,Analyst
29-1229.01,1.A.1.a.4,Written Expression,LV,4.25,8,0.1637,3.9292,4.5708,N,N,08/2022,Analyst
29-1229.01,1.A.1.b.1,Fluency of Ideas,IM,3.75,8,0.1637,3.4292,4.0708,N,,08/2022,Analyst
29-1229.01,1.A.1.b.1,Fluency of Ideas,LV,3.88,8,0.125,3.63,4.12,N,N,08/2022,Analyst
29-1229.01,1.A.1.b.2,Originality,IM,3.38,8,0.183,3.0164,3.7336,N,,08/2022,Analyst
29-1229.01,1.A.1.b.2,Originality,LV,3.75,8,0.1637,3.4292,4.0708,N,N,08/2022,Analyst
29-1229.01,1.A.1.b.3,Problem Sensitivity,IM,4.5,8,0.189,4.1296,4.8704,N,,08/2022,Analyst
29-1229.01,1.A.1.b.3,Problem Sensitivity,LV,5.25,8,0.25,4.76,5.74,N,N,08/2022,Analyst
29-1229.01,1.A.1.b.4,Deductive Reasoning,IM,4.25,8,0.1637,3.9292,4.5708,N,,08/2022,Analyst
29-1229.01,1.A.1.b.4,Deductive Reasoning,LV,4.75,8,0.1637,4.4292,5.0708,N,N,08/2022,Analyst
29-1229.01,1.A.1.b.5,Inductive Reasoning,IM,4.12,8,0.125,3.88,4.37,N,,08/2022,Analyst
29-1229.01,1.A.1.b.5,Inductive Reasoning,LV,5.0,8,0.189,4.6296,5.3704,N,N,08/2022,Analyst
29-1229.01,1.A.1.b.6,Information Ordering,IM,3.25,8,0.1637,2.9292,3.5708,N,,08/2022,Analyst
29-1229.01,1.A.1.b.6,Information Ordering,LV,3.75,8,0.1637,3.4292,4.0708,N,N,08/2022,Analyst
29-1229.01,1.A.1.b.7,Category Flexibility,IM,3.38,8,0.183,3.0164,3.7336,N,,08/2022,Analyst
29-1229.01,1.A.1.b.7,Category Flexibility,LV,3.88,8,0.125,3.63,4.12,N,N,08/2022,Analyst
29-1229.01,1.A.1.c.1,Mathematical Reasoning,IM,3.0,8,0.0,3.0,3.0,N,,08/2022,Analyst
29-1229.01,1.A.1.c.1,Mathematical Reasoning,LV,3.5,8,0.189,3.1296,3.8704,N,N,08/2022,Analyst
29-1229.01,1.A.1.c.2,Number Facility,IM,3.0,8,0.0,3.0,3.0,N,,08/2022,Analyst
29-1229.01,1.A.1.c.2,Number Facility,LV,3.12,8,0.125,2.88,3.37,N,N,08/2022,Analyst
29-1229.01,1.A.1.d.1,Memorization,IM,2.88,8,0.125,2.63,3.12,N,,08/2022,Analyst
29-1229.01,1.A.1.d.1,Memorization,LV,3.0,8,0.189,2.6296,3.3704,N,N,08/2022,Analyst
29-1229.01,1.A.1.e.1,Speed of Closure,IM,3.0,8,0.189,2.6296,3.3704,N,,08/2022,Analyst
29-1229.01,1.A.1.e.1,Speed of Closure,LV,3.25,8,0.25,2.76,3.74,N,N,08/2022,Analyst
29-1229.01,1.A.1.e.2,Flexibility of Closure,IM,3.25,8,0.1637,2.9292,3.5708,N,,08/2022,Analyst
29-1229.01,1.A.1.e.2,Flexibility of Closure,LV,3.75,8,0.1637,3.4292,4.0708,N,N,08/2022,Analyst
29-1229.01,1.A.1.e.3,Perceptual Speed,IM,3.0,8,0.0,3.0,3.0,N,,08/2022,Analyst
29-1229.01,1.A.1.e.3,Perceptual Speed,LV,3.25,8,0.1637,2.9292,3.5708,N,N,08/2022,Analyst
29-1229.01,1.A.1.f.1,Spatial Orientation,IM,1.0,8,0.0,1.0,1.0,N,,08/2022,Analyst
29-1229.01,1.A.1.f.1,Spatial Orientation,LV,0.0,8,0.0,0.0,0.0,N,Y,08/2022,Analyst
29-1229.01,1.A.1.f.2,Visualization,IM,2.62,8,0.183,2.2664,2.9836,N,,08/2022,Analyst
29-1229.01,1.A.1.f.2,Visualization,LV,2.88,8,0.125,2.63,3.12,N,N,08/2022,Analyst
29-1229.01,1.A.1.g.1,Selective Attention,IM,3.62,8,0.183,3.2664,3.9836,N,,08/2022,Analyst
29-1229.01,1.A.1.g.1,Selective Attention,LV,3.12,8,0.125,2.88,3.37,N,N,08/2022,Analyst
29-1229.01,1.A.1.g.2,Time Sharing,IM,3.0,8,0.0,3.0,3.0,N,,08/2022,Analyst
29-1229.01,1.A.1.g.2,Time Sharing,LV,3.0,8,0.0,3.0,3.0,N,N,08/2022,Analyst
29-1229.01,1.A.2.a.1,Arm-Hand Steadiness,IM,1.88,8,0.125,1.63,2.12,N,,08/2022,Analyst
29-1229.01,1.A.2.a.1,Arm-Hand Steadiness,LV,1.5,8,0.3273,0.8584,2.1416,N,N,08/2022,Analyst
29-1229.01,1.A.2.a.2,Manual Dexterity,IM,1.62,8,0.183,1.2664,1.9836,N,,08/2022,Analyst
29-1229.01,1.A.2.a.2,Manual Dexterity,LV,0.75,8,0.25,0.26,1.24,N,N,08/2022,Analyst
29-1229.01,1.A.2.a.3,Finger Dexterity,IM,2.62,8,0.183,2.2664,2.9836,N,,08/2022,Analyst
29-1229.01,1.A.2.a.3,Finger Dexterity,LV,2.25,8,0.25,1.76,2.74,N,N,08/2022,Analyst
29-1229.01,1.A.2.b.1,Control Precision,IM,1.62,8,0.183,1.2664,1.9836,N,,08/2022,Analyst
29-1229.01,1.A.2.b.1,Control Precision,LV,0.88,8,0.295,0.2967,1.4533,N,N,08/2022,Analyst
29-1229.01,1.A.2.b.2,Multilimb Coordination,IM,1.5,8,0.189,1.1296,1.8704,N,,08/2022,Analyst
29-1229.01,1.A.2.b.2,Multilimb Coordination,LV,0.5,8,0.189,0.1296,0.8704,N,N,08/2022,Analyst
29-1229.01,1.A.2.b.3,Response Orientation,IM,1.12,8,0.125,1.0,1.37,N,,08/2022,Analyst
29-1229.01,1.A.2.b.3,Response Orientation,LV,0.12,8,0.125,0.0,0.37,N,Y,08/2022,Analyst
29-1229.01,1.A.2.b.4,Rate Control,IM,1.0,8,0.0,1.0,1.0,N,,08/2022,Analyst
29-1229.01,1.A.2.b.4,Rate Control,LV,0.0,8,0.0,0.0,0.0,N,Y,08/2022,Analyst
29-1229.01,1.A.2.c.1,Reaction Time,IM,1.0,8,0.0,1.0,1.0,N,,08/2022,Analyst
29-1229.01,1.A.2.c.1,Reaction Time,LV,0.0,8,0.0,0.0,0.0,N,Y,08/2022,Analyst
29-1229.01,1.A.2.c.2,Wrist-Finger Speed,IM,1.5,8,0.189,1.1296,1.8704,N,,08/2022,Analyst
29-1229.01,1.A.2.c.2,Wrist-Finger Speed,LV,0.62,8,0.2631,0.1094,1.1406,N,N,08/2022,Analyst
29-1229.01,1.A.2.c.3,Speed of Limb Movement,IM,1.0,8,0.0,1.0,1.0,N,,08/2022,Analyst
29-1229.01,1.A.2.c.3,Speed of Limb Movement,LV,0.0,8,0.0,0.0,0.0,N,Y,08/2022,Analyst
29-1229.01,1.A.3.a.1,Static Strength,IM,1.38,8,0.183,1.0164,1.7336,N,,08/2022,Analyst
29-1229.01,1.A.3.a.1,Static Strength,LV,0.38,8,0.183,0.0164,0.7336,N,N,08/2022,Analyst
29-1229.01,1.A.3.a.2,Explosive Strength,IM,1.38,8,0.183,1.0164,1.7336,N,,08/2022,Analyst
29-1229.01,1.A.3.a.2,Explosive Strength,LV,0.38,8,0.183,0.0164,0.7336,N,N,08/2022,Analyst
29-1229.01,1.A.3.a.3,Dynamic Strength,IM,1.5,8,0.189,1.1296,1.8704,N,,08/2022,Analyst
29-1229.01,1.A.3.a.3,Dynamic Strength,LV,0.75,8,0.3134,0.1358,1.3642,N,N,08/2022,Analyst
29-1229.01,1.A.3.a.4,Trunk Strength,IM,2.0,8,0.189,1.6296,2.3704,N,,08/2022,Analyst
29-1229.01,1.A.3.a.4,Trunk Strength,LV,1.75,8,0.3134,1.1358,2.3642,N,N,08/2022,Analyst
29-1229.01,1.A.3.b.1,Stamina,IM,1.38,8,0.183,1.0164,1.7336,N,,08/2022,Analyst
29-1229.01,1.A.3.b.1,Stamina,LV,0.38,8,0.183,0.0164,0.7336,N,N,08/2022,Analyst
29-1229.01,1.A.3.c.1,Extent Flexibility,IM,1.5,8,0.189,1.1296,1.8704,N,,08/2022,Analyst
29-1229.01,1.A.3.c.1,Extent Flexibility,LV,0.62,8,0.2631,0.1094,1.1406,N,N,08/2022,Analyst
29-1229.01,1.A.3.c.2,Dynamic Flexibility,IM,1.0,8,0.0,1.0,1.0,N,,08/2022,Analyst
29-1229.01,1.A.3.c.2,Dynamic Flexibility,LV,0.0,8,0.0,0.0,0.0,N,Y,08/2022,Analyst
29-1229.01,1.A.3.c.3,Gross Body Coordination,IM,1.25,8,0.1637,1.0,1.5708,N,,08/2022,Analyst
29-1229.01,1.A.3.c.3,Gross Body Coordination,LV,0.25,8,0.1637,0.0,0.5708,N,Y,08/2022,Analyst
29-1229.01,1.A.3.c.4,Gross Body Equilibrium,IM,1.38,8,0.183,1.0164,1.7336,N,,08/2022,Analyst
29-1229.01,1.A.3.c.4,Gross Body Equilibrium,LV,0.38,8,0.183,0.0164,0.7336,N,N,08/2022,Analyst
29-1229.01,1.A.4.a.1,Near Vision,IM,4.0,8,0.0,4.0,4.0,N,,08/2022,Analyst
29-1229.01,1.A.4.a.1,Near Vision,LV,4.0,8,0.0,4.0,4.0,N,N,08/2022,Analyst
29-1229.01,1.A.4.a.2,Far Vision,IM,3.0,8,0.0,3.0,3.0,N,,08/2022,Analyst
29-1229.01,1.A.4.a.2,Far Vision,LV,3.0,8,0.0,3.0,3.0,N,N,08/2022,Analyst
29-1229.01,1.A.4.a.3,Visual Color Discrimination,IM,2.62,8,0.183,2.2664,2.9836,N,,08/2022,Analyst
29-1229.01,1.A.4.a.3,Visual Color Discrimination,LV,2.75,8,0.1637,2.4292,3.0708,N,N,08/2022,Analyst
29-1229.01,1.A.4.a.4,Night Vision,IM,1.0,8,0.0,1.0,1.0,N,,08/2022,Analyst
29-1229.01,1.A.4.a.4,Night Vision,LV,0.0,8,0.0,0.0,0.0,N,Y,08/2022,Analyst
29-1229.01,1.A.4.a.5,Peripheral Vision,IM,1.0,8,0.0,1.0,1.0,N,,08/2022,Analyst
29-1229.01,1.A.4.a.5,Peripheral Vision,LV,0.0,8,0.0,0.0,0.0,N,Y,08/2022,Analyst
29-1229.01,1.A.4.a.6,Depth Perception,IM,1.88,8,0.125,1.63,2.12,N,,08/2022,Analyst
29-1229.01,1.A.4.a.6,Depth Perception,LV,1.5,8,0.2673,0.9762,2.0238,N,N,08/2022,Analyst
29-1229.01,1.A.4.a.7,Glare Sensitivity,IM,1.0,8,0.0,1.0,1.0,N,,08/2022,Analyst
29-1229.01,1.A.4.a.7,Glare Sensitivity,LV,0.0,8,0.0,0.0,0.0,N,Y,08/2022,Analyst
29-1229.01,1.A.4.b.1,Hearing Sensitivity,IM,2.25,8,0.1637,1.9292,2.5708,N,,08/2022,Analyst
29-1229.01,1.A.4.b.1,Hearing Sensitivity,LV,2.25,8,0.1637,1.9292,2.5708,N,N,08/2022,Analyst
29-1229.01,1.A.4.b.2,Auditory Attention,IM,2.12,8,0.125,1.88,2.37,N,,08/2022,Analyst
29-1229.01,1.A.4.b.2,Auditory Attention,LV,2.0,8,0.0,2.0,2.0,N,N,08/2022,Analyst
29-1229.01,1.A.4.b.3,Sound Localization,IM,1.0,8,0.0,1.0,1.0,N,,08/2022,Analyst
29-1229.01,1.A.4.b.3,Sound Localization,LV,0.0,8,0.0,0.0,0.0,N,Y,08/2022,Analyst
29-1229.01,1.A.4.b.4,Speech Recognition,IM,3.88,8,0.125,3.63,4.12,N,,08/2022,Analyst
29-1229.01,1.A.4.b.4,Speech Recognition,LV,3.75,8,0.1637,3.4292,4.0708,N,N,08/2022,Analyst
29-1229.01,1.A.4.b.5,Speech Clarity,IM,4.0,8,0.0,4.0,4.0,N,,08/2022,Analyst
29-1229.01,1.A.4.b.5,Speech Clarity,LV,3.75,8,0.1637,3.4292,4.0708,N,N,08/2022,Analyst
29-1229.02,1.A.1.a.1,Oral Comprehension,IM,4.25,8,0.1637,3.9292,4.5708,N,,08/2021,Analyst
29-1229.02,1.A.1.a.1,Oral Comprehension,LV,5.12,8,0.125,4.88,5.37,N,N,08/2021,Analyst
29-1229.02,1.A.1.a.2,Written Comprehension,IM,4.25,8,0.1637,3.9292,4.5708,N,,08/2021,Analyst
29-1229.02,1.A.1.a.2,Written Comprehension,LV,5.0,8,0.189,4.6296,5.3704,N,N,08/2021,Analyst
29-1229.02,1.A.1.a.3,Oral Expression,IM,4.25,8,0.1637,3.9292,4.5708,N,,08/2021,Analyst
29-1229.02,1.A.1.a.3,Oral Expression,LV,5.12,8,0.125,4.88,5.37,N,N,08/2021,Analyst
29-1229.02,1.A.1.a.4,Written Expression,IM,4.0,8,0.0,4.0,4.0,N,,08/2021,Analyst
29-1229.02,1.A.1.a.4,Written Expression,LV,4.5,8,0.189,4.1296,4.8704,N,N,08/2021,Analyst
29-1229.02,1.A.1.b.1,Fluency of Ideas,IM,3.12,8,0.125,2.88,3.37,N,,08/2021,Analyst
29-1229.02,1.A.1.b.1,Fluency of Ideas,LV,3.75,8,0.25,3.26,4.24,N,N,08/2021,Analyst
29-1229.02,1.A.1.b.2,Originality,IM,3.0,8,0.0,3.0,3.0,N,,08/2021,Analyst
29-1229.02,1.A.1.b.2,Originality,LV,3.75,8,0.25,3.26,4.24,N,N,08/2021,Analyst
29-1229.02,1.A.1.b.3,Problem Sensitivity,IM,4.0,8,0.0,4.0,4.0,N,,08/2021,Analyst
29-1229.02,1.A.1.b.3,Problem Sensitivity,LV,5.25,8,0.1637,4.9292,5.5708,N,N,08/2021,Analyst
29-1229.02,1.A.1.b.4,Deductive Reasoning,IM,4.12,8,0.125,3.88,4.37,N,,08/2021,Analyst
29-1229.02,1.A.1.b.4,Deductive Reasoning,LV,5.0,8,0.0,5.0,5.0,N,N,08/2021,Analyst
29-1229.02,1.A.1.b.5,Inductive Reasoning,IM,4.5,8,0.189,4.1296,4.8704,N,,08/2021,Analyst
29-1229.02,1.A.1.b.5,Inductive Reasoning,LV,5.38,8,0.183,5.0164,5.7336,N,N,08/2021,Analyst
29-1229.02,1.A.1.b.6,Information Ordering,IM,3.75,8,0.1637,3.4292,4.0708,N,,08/2021,Analyst
29-1229.02,1.A.1.b.6,Information Ordering,LV,4.12,8,0.125,3.88,4.37,N,N,08/2021,Analyst
29-1229.02,1.A.1.b.7,Category Flexibility,IM,3.75,8,0.1637,3.4292,4.0708,N,,08/2021,Analyst
29-1229.02,1.A.1.b.7,Category Flexibility,LV,4.25,8,0.1637,3.9292,4.5708,N,N,08/2021,Analyst
29-1229.02,1.A.1.c.1,Mathematical Reasoning,IM,3.0,8,0.0,3.0,3.0,N,,08/2021,Analyst
29-1229.02,1.A.1.c.1,Mathematical Reasoning,LV,3.25,8,0.1637,2.9292,3.5708,N,N,08/2021,Analyst
29-1229.02,1.A.1.c.2,Number Facility,IM,3.0,8,0.0,3.0,3.0,N,,08/2021,Analyst
29-1229.02,1.A.1.c.2,Number Facility,LV,3.12,8,0.125,2.88,3.37,N,N,08/2021,Analyst
29-1229.02,1.A.1.d.1,Memorization,IM,3.0,8,0.0,3.0,3.0,N,,08/2021,Analyst
29-1229.02,1.A.1.d.1,Memorization,LV,3.0,8,0.0,3.0,3.0,N,N,08/2021,Analyst
29-1229.02,1.A.1.e.1,Speed of Closure,IM,3.25,8,0.1637,2.9292,3.5708,N,,08/2021,Analyst
29-1229.02,1.A.1.e.1,Speed of Closure,LV,4.0,8,0.189,3.6296,4.3704,N,N,08/2021,Analyst
29-1229.02,1.A.1.e.2,Flexibility of Closure,IM,3.5,8,0.189,3.1296,3.8704,N,,08/2021,Analyst
29-1229.02,1.A.1.e.2,Flexibility of Closure,LV,3.88,8,0.125,3.63,4.12,N,N,08/2021,Analyst
29-1229.02,1.A.1.e.3,Perceptual Speed,IM,3.12,8,0.125,2.88,3.37,N,,08/2021,Analyst
29-1229.02,1.A.1.e.3,Perceptual Speed,LV,3.25,8,0.1637,2.9292,3.5708,N,N,08/2021,Analyst
29-1229.02,1.A.1.f.1,Spatial Orientation,IM,1.12,8,0.125,1.0,1.37,N,,08/2021,Analyst
29-1229.02,1.A.1.f.1,Spatial Orientation,LV,0.12,8,0.125,0.0,0.37,N,Y,08/2021,Analyst
29-1229.02,1.A.1.f.2,Visualization,IM,3.0,8,0.0,3.0,3.0,N,,08/2021,Analyst
29-1229.02,1.A.1.f.2,Visualization,LV,3.0,8,0.0,3.0,3.0,N,N,08/2021,Analyst
29-1229.02,1.A.1.g.1,Selective Attention,IM,3.0,8,0.0,3.0,3.0,N,,08/2021,Analyst
29-1229.02,1.A.1.g.1,Selective Attention,LV,3.0,8,0.0,3.0,3.0,N,N,08/2021,Analyst
29-1229.02,1.A.1.g.2,Time Sharing,IM,3.0,8,0.189,2.6296,3.3704,N,,08/2021,Analyst
29-1229.02,1.A.1.g.2,Time Sharing,LV,3.0,8,0.189,2.6296,3.3704,N,N,08/2021,Analyst
29-1229.02,1.A.2.a.1,Arm-Hand Steadiness,IM,2.38,8,0.183,2.0164,2.7336,N,,08/2021,Analyst
29-1229.02,1.A.2.a.1,Arm-Hand Steadiness,LV,2.5,8,0.189,2.1296,2.8704,N,N,08/2021,Analyst
29-1229.02,1.A.2.a.2,Manual Dexterity,IM,2.12,8,0.125,1.88,2.37,N,,08/2021,Analyst
29-1229.02,1.A.2.a.2,Manual Dexterity,LV,1.5,8,0.189,1.1296,1.8704,N,N,08/2021,Analyst
29-1229.02,1.A.2.a.3,Finger Dexterity,IM,2.75,8,0.1637,2.4292,3.0708,N,,08/2021,Analyst
29-1229.02,1.A.2.a.3,Finger Dexterity,LV,2.88,8,0.125,2.63,3.12,N,N,08/2021,Analyst
29-1229.02,1.A.2.b.1,Control Precision,IM,1.88,8,0.125,1.63,2.12,N,,08/2021,Analyst
29-1229.02,1.A.2.b.1,Control Precision,LV,1.38,8,0.2631,0.8594,1.8906,N,N,08/2021,Analyst
29-1229.02,1.A.2.b.2,Multilimb Coordination,IM,1.88,8,0.125,1.63,2.12,N,,08/2021,Analyst
29-1229.02,1.A.2.b.2,Multilimb Coordination,LV,1.12,8,0.2266,0.6809,1.5691,N,N,08/2021,Analyst
29-1229.02,1.A.2.b.3,Response Orientation,IM,1.88,8,0.125,1.63,2.12,N,,08/2021,Analyst
29-1229.02,1.A.2.b.3,Response Orientation,LV,1.62,8,0.2631,1.1094,2.1406,N,N,08/2021,Analyst
29-1229.02,1.A.2.b.4,Rate Control,IM,1.0,8,0.0,1.0,1.0,N,,08/2021,Analyst
29-1229.02,1.A.2.b.4,Rate Control,LV,0.0,8,0.0,0.0,0.0,N,Y,08/2021,Analyst
29-1229.02,1.A.2.c.1,Reaction Time,IM,1.88,8,0.125,1.63,2.12,N,,08/2021,Analyst
29-1229.02,1.A.2.c.1,Reaction Time,LV,1.75,8,0.25,1.26,2.24,N,N,08/2021,Analyst
29-1229.02,1.A.2.c.2,Wrist-Finger Speed,IM,1.5,8,0.189,1.1296,1.8704,N,,08/2021,Analyst
29-1229.02,1.A.2.c.2,Wrist-Finger Speed,LV,0.75,8,0.3134,0.1358,1.3642,N,N,08/2021,Analyst
29-1229.02,1.A.2.c.3,Speed of Limb Movement,IM,1.12,8,0.125,1.0,1.37,N,,08/2021,Analyst
29-1229.02,1.A.2.c.3,Speed of Limb Movement,LV,0.12,8,0.125,0.0,0.37,N,Y,08/2021,Analyst
29-1229.02,1.A.3.a.1,Static Strength,IM,2.12,8,0.125,1.88,2.37,N,,08/2021,Analyst
29-1229.02,1.A.3.a.1,Static Strength,LV,2.12,8,0.125,1.88,2.37,N,N,08/2021,Analyst
29-1229.02,1.A.3.a.2,Explosive Strength,IM,1.88,8,0.125,1.63,2.12,N,,08/2021,Analyst
29-1229.02,1.A.3.a.2,Explosive Strength,LV,0.88,8,0.125,0.63,1.12,N,N,08/2021,Analyst
29-1229.02,1.A.3.a.3,Dynamic Strength,IM,2.0,8,0.189,1.6296,2.3704,N,,08/2021,Analyst
29-1229.02,1.A.3.a.3,Dynamic Strength,LV,1.12,8,0.2266,0.6809,1.5691,N,N,08/2021,Analyst
29-1229.02,1.A.3.a.4,Trunk Strength,IM,2.12,8,0.125,1.88,2.37,N,,08/2021,Analyst
29-1229.02,1.A.3.a.4,Trunk Strength,LV,2.12,8,0.125,1.88,2.37,N,N,08/2021,Analyst
29-1229.02,1.A.3.b.1,Stamina,IM,2.0,8,0.0,2.0,2.0,N,,08/2021,Analyst
29-1229.02,1.A.3.b.1,Stamina,LV,1.88,8,0.125,1.63,2.12,N,N,08/2021,Analyst
29-1229.02,1.A.3.c.1,Extent Flexibility,IM,2.12,8,0.125,1.88,2.37,N,,08/2021,Analyst
29-1229.02,1.A.3.c.1,Extent Flexibility,LV,1.25,8,0.1637,0.9292,1.5708,N,N,08/2021,Analyst
29-1229.02,1.A.3.c.2,Dynamic Flexibility,IM,1.0,8,0.0,1.0,1.0,N,,08/2021,Analyst
29-1229.02,1.A.3.c.2,Dynamic Flexibility,LV,0.0,8,0.0,0.0,0.0,N,Y,08/2021,Analyst
29-1229.02,1.A.3.c.3,Gross Body Coordination,IM,2.0,8,0.0,2.0,2.0,N,,08/2021,Analyst
29-1229.02,1.A.3.c.3,Gross Body Coordination,LV,1.62,8,0.183,1.2664,1.9836,N,N,08/2021,Analyst
29-1229.02,1.A.3.c.4,Gross Body Equilibrium,IM,1.88,8,0.125,1.63,2.12,N,,08/2021,Analyst
29-1229.02,1.A.3.c.4,Gross Body Equilibrium,LV,1.12,8,0.2266,0.6809,1.5691,N,N,08/2021,Analyst
29-1229.02,1.A.4.a.1,Near Vision,IM,3.88,8,0.125,3.63,4.12,N,,08/2021,Analyst
29-1229.02,1.A.4.a.1,Near Vision,LV,4.0,8,0.0,4.0,4.0,N,N,08/2021,Analyst
29-1229.02,1.A.4.a.2,Far Vision,IM,2.88,8,0.125,2.63,3.12,N,,08/2021,Analyst
29-1229.02,1.A.4.a.2,Far Vision,LV,3.0,8,0.0,3.0,3.0,N,N,08/2021,Analyst
29-1229.02,1.A.4.a.3,Visual Color Discrimination,IM,2.75,8,0.1637,2.4292,3.0708,N,,08/2021,Analyst
29-1229.02,1.A.4.a.3,Visual Color Discrimination,LV,2.88,8,0.125,2.63,3.12,N,N,08/2021,Analyst
29-1229.02,1.A.4.a.4,Night Vision,IM,1.0,8,0.0,1.0,1.0,N,,08/2021,Analyst
29-1229.02,1.A.4.a.4,Night Vision,LV,0.0,8,0.0,0.0,0.0,N,Y,08/2021,Analyst
29-1229.02,1.A.4.a.5,Peripheral Vision,IM,1.12,8,0.125,1.0,1.37,N,,08/2021,Analyst
29-1229.02,1.A.4.a.5,Peripheral Vision,LV,0.12,8,0.125,0.0,0.37,N,Y,08/2021,Analyst
29-1229.02,1.A.4.a.6,Depth Perception,IM,1.75,8,0.1637,1.4292,2.0708,N,,08/2021,Analyst
29-1229.02,1.A.4.a.6,Depth Perception,LV,0.88,8,0.2266,0.4309,1.3191,N,N,08/2021,Analyst
29-1229.02,1.A.4.a.7,Glare Sensitivity,IM,1.0,8,0.0,1.0,1.0,N,,08/2021,Analyst
29-1229.02,1.A.4.a.7,Glare Sensitivity,LV,0.0,8,0.0,0.0,0.0,N,Y,08/2021,Analyst
29-1229.02,1.A.4.b.1,Hearing Sensitivity,IM,2.0,8,0.0,2.0,2.0,N,,08/2021,Analyst
29-1229.02,1.A.4.b.1,Hearing Sensitivity,LV,2.0,8,0.0,2.0,2.0,N,N,08/2021,Analyst
29-1229.02,1.A.4.b.2,Auditory Attention,IM,2.38,8,0.183,2.0164,2.7336,N,,08/2021,Analyst
29-1229.02,1.A.4.b.2,Auditory Attention,LV,2.12,8,0.125,1.88,2.37,N,N,08/2021,Analyst
29-1229.02,1.A.4.b.3,Sound Localization,IM,1.0,8,0.0,1.0,1.0,N,,08/2021,Analyst
29-1229.02,1.A.4.b.3,Sound Localization,LV,0.0,8,0.0,0.0,0.0,N,Y,08/2021,Analyst
29-1229.02,1.A.4.b.4,Speech Recognition,IM,3.88,8,0.125,3.63,4.12,N,,08/2021,Analyst
29-1229.02,1.A.4.b.4,Speech Recognition,LV,4.0,8,0.0,4.0,4.0,N,N,08/2021,Analyst
29-1229.02,1.A.4.b.5,Speech Clarity,IM,4.0,8,0.189,3.6296,4.3704,N,,08/2021,Analyst
29-1229.02,1.A.4.b.5,Speech Clarity,LV,4.12,8,0.125,3.88,4.37,N,N,08/2021,Analyst
29-1229.03,1.A.1.a.1,Oral Comprehension,IM,4.25,8,0.1637,3.9292,4.5708,N,,08/2023,Analyst
29-1229.03,1.A.1.a.1,Oral Comprehension,LV,5.0,8,0.0,5.0,5.0,N,N,08/2023,Analyst
29-1229.03,1.A.1.a.2,Written Comprehension,IM,4.38,8,0.183,4.0164,4.7336,N,,08/2023,Analyst
29-1229.03,1.A.1.a.2,Written Comprehension,LV,5.0,8,0.0,5.0,5.0,N,N,08/2023,Analyst
29-1229.03,1.A.1.a.3,Oral Expression,IM,4.25,8,0.1637,3.9292,4.5708,N,,08/2023,Analyst
29-1229.03,1.A.1.a.3,Oral Expression,LV,4.88,8,0.125,4.63,5.12,N,N,08/2023,Analyst
29-1229.03,1.A.1.a.4,Written Expression,IM,4.25,8,0.1637,3.9292,4.5708,N,,08/2023,Analyst
29-1229.03,1.A.1.a.4,Written Expression,LV,4.88,8,0.125,4.63,5.12,N,N,08/2023,Analyst
29-1229.03,1.A.1.b.1,Fluency of Ideas,IM,3.38,8,0.183,3.0164,3.7336,N,,08/2023,Analyst
29-1229.03,1.A.1.b.1,Fluency of Ideas,LV,3.38,8,0.183,3.0164,3.7336,N,N,08/2023,Analyst
29-1229.03,1.A.1.b.2,Originality,IM,3.12,8,0.125,2.88,3.37,N,,08/2023,Analyst
29-1229.03,1.A.1.b.2,Originality,LV,3.25,8,0.1637,2.9292,3.5708,N,N,08/2023,Analyst
29-1229.03,1.A.1.b.3,Problem Sensitivity,IM,4.75,8,0.1637,4.4292,5.0,N,,08/2023,Analyst
29-1229.03,1.A.1.b.3,Problem Sensitivity,LV,5.25,8,0.1637,4.9292,5.5708,N,N,08/2023,Analyst
29-1229.03,1.A.1.b.4,Deductive Reasoning,IM,4.25,8,0.1637,3.9292,4.5708,N,,08/2023,Analyst
29-1229.03,1.A.1.b.4,Deductive Reasoning,LV,4.75,8,0.1637,4.4292,5.0708,N,N,08/2023,Analyst
29-1229.03,1.A.1.b.5,Inductive Reasoning,IM,4.25,8,0.1637,3.9292,4.5708,N,,08/2023,Analyst
29-1229.03,1.A.1.b.5,Inductive Reasoning,LV,5.25,8,0.1637,4.9292,5.5708,N,N,08/2023,Analyst
29-1229.03,1.A.1.b.6,Information Ordering,IM,3.88,8,0.125,3.63,4.12,N,,08/2023,Analyst
29-1229.03,1.A.1.b.6,Information Ordering,LV,4.0,8,0.0,4.0,4.0,N,N,08/2023,Analyst
29-1229.03,1.A.1.b.7,Category Flexibility,IM,3.62,8,0.183,3.2664,3.9836,N,,08/2023,Analyst
29-1229.03,1.A.1.b.7,Category Flexibility,LV,4.0,8,0.0,4.0,4.0,N,N,08/2023,Analyst
29-1229.03,1.A.1.c.1,Mathematical Reasoning,IM,2.75,8,0.1637,2.4292,3.0708,N,,08/2023,Analyst
29-1229.03,1.A.1.c.1,Mathematical Reasoning,LV,2.88,8,0.125,2.63,3.12,N,N,08/2023,Analyst
29-1229.03,1.A.1.c.2,Number Facility,IM,2.75,8,0.1637,2.4292,3.0708,N,,08/2023,Analyst
29-1229.03,1.A.1.c.2,Number Facility,LV,3.0,8,0.0,3.0,3.0,N,N,08/2023,Analyst
29-1229.03,1.A.1.d.1,Memorization,IM,3.0,8,0.0,3.0,3.0,N,,08/2023,Analyst
29-1229.03,1.A.1.d.1,Memorization,LV,3.0,8,0.0,3.0,3.0,N,N,08/2023,Analyst
29-1229.03,1.A.1.e.1,Speed of Closure,IM,3.12,8,0.125,2.88,3.37,N,,08/2023,Analyst
29-1229.03,1.A.1.e.1,Speed of Closure,LV,3.62,8,0.183,3.2664,3.9836,N,N,08/2023,Analyst
29-1229.03,1.A.1.e.2,Flexibility of Closure,IM,3.38,8,0.183,3.0164,3.7336,N,,08/2023,Analyst
29-1229.03,1.A.1.e.2,Flexibility of Closure,LV,4.0,8,0.0,4.0,4.0,N,N,08/2023,Analyst
29-1229.03,1.A.1.e.3,Perceptual Speed,IM,3.12,8,0.125,2.88,3.37,N,,08/2023,Analyst
29-1229.03,1.A.1.e.3,Perceptual Speed,LV,3.25,8,0.1637,2.9292,3.5708,N,N,08/2023,Analyst
29-1229.03,1.A.1.f.1,Spatial Orientation,IM,1.38,8,0.183,1.0164,1.7336,N,,08/2023,Analyst
29-1229.03,1.A.1.f.1,Spatial Orientation,LV,0.38,8,0.183,0.0164,0.7336,N,N,08/2023,Analyst
29-1229.03,1.A.1.f.2,Visualization,IM,2.88,8,0.125,2.63,3.12,N,,08/2023,Analyst
29-1229.03,1.A.1.f.2,Visualization,LV,3.0,8,0.0,3.0,3.0,N,N,08/2023,Analyst
29-1229.03,1.A.1.g.1,Selective Attention,IM,3.25,8,0.1637,2.9292,3.5708,N,,08/2023,Analyst
29-1229.03,1.A.1.g.1,Selective Attention,LV,3.38,8,0.183,3.0164,3.7336,N,N,08/2023,Analyst
29-1229.03,1.A.1.g.2,Time Sharing,IM,3.0,8,0.0,3.0,3.0,N,,08/2023,Analyst
29-1229.03,1.A.1.g.2,Time Sharing,LV,3.0,8,0.0,3.0,3.0,N,N,08/2023,Analyst
29-1229.03,1.A.2.a.1,Arm-Hand Steadiness,IM,3.38,8,0.183,3.0164,3.7336,N,,08/2023,Analyst
29-1229.03,1.A.2.a.1,Arm-Hand Steadiness,LV,3.88,8,0.125,3.63,4.12,N,N,08/2023,Analyst
29-1229.03,1.A.2.a.2,Manual Dexterity,IM,3.0,8,0.189,2.6296,3.3704,N,,08/2023,Analyst
29-1229.03,1.A.2.a.2,Manual Dexterity,LV,3.5,8,0.189,3.1296,3.8704,N,N,08/2023,Analyst
29-1229.03,1.A.2.a.3,Finger Dexterity,IM,3.12,8,0.2266,2.6809,3.5691,N,,08/2023,Analyst
29-1229.03,1.A.2.a.3,Finger Dexterity,LV,3.75,8,0.1637,3.4292,4.0708,N,N,08/2023,Analyst
29-1229.03,1.A.2.b.1,Control Precision,IM,3.25,8,0.1637,2.9292,3.5708,N,,08/2023,Analyst
29-1229.03,1.A.2.b.1,Control Precision,LV,3.25,8,0.1637,2.9292,3.5708,N,N,08/2023,Analyst
29-1229.03,1.A.2.b.2,Multilimb Coordination,IM,2.75,8,0.1637,2.4292,3.0708,N,,08/2023,Analyst
29-1229.03,1.A.2.b.2,Multilimb Coordination,LV,2.88,8,0.125,2.63,3.12,N,N,08/2023,Analyst
29-1229.03,1.A.2.b.3,Response Orientation,IM,2.38,8,0.183,2.0164,2.7336,N,,08/2023,Analyst
29-1229.03,1.A.2.b.3,Response Orientation,LV,2.0,8,0.189,1.6296,2.3704,N,N,08/2023,Analyst
29-1229.03,1.A.2.b.4,Rate Control,IM,2.0,8,0.0,2.0,2.0,N,,08/2023,Analyst
29-1229.03,1.A.2.b.4,Rate Control,LV,1.75,8,0.1637,1.4292,2.0708,N,N,08/2023,Analyst
29-1229.03,1.A.2.c.1,Reaction Time,IM,2.0,8,0.0,2.0,2.0,N,,08/2023,Analyst
29-1229.03,1.A.2.c.1,Reaction Time,LV,1.88,8,0.125,1.63,2.12,N,N,08/2023,Analyst
29-1229.03,1.A.2.c.2,Wrist-Finger Speed,IM,2.0,8,0.0,2.0,2.0,N,,08/2023,Analyst
29-1229.03,1.A.2.c.2,Wrist-Finger Speed,LV,2.0,8,0.0,2.0,2.0,N,N,08/2023,Analyst
29-1229.03,1.A.2.c.3,Speed of Limb Movement,IM,1.62,8,0.183,1.2664,1.9836,N,,08/2023,Analyst
29-1229.03,1.A.2.c.3,Speed of Limb Movement,LV,1.12,8,0.3504,0.4383,1.8117,N,N,08/2023,Analyst
29-1229.03,1.A.3.a.1,Static Strength,IM,2.25,8,0.1637,1.9292,2.5708,N,,08/2023,Analyst
29-1229.03,1.A.3.a.1,Static Strength,LV,2.38,8,0.183,2.0164,2.7336,N,N,08/2023,Analyst
29-1229.03,1.A.3.a.2,Explosive Strength,IM,1.12,8,0.125,1.0,1.37,N,,08/2023,Analyst
29-1229.03,1.A.3.a.2,Explosive Strength,LV,0.25,8,0.25,0.0,0.74,N,Y,08/2023,Analyst
29-1229.03,1.A.3.a.3,Dynamic Strength,IM,2.0,8,0.0,2.0,2.0,N,,08/2023,Analyst
29-1229.03,1.A.3.a.3,Dynamic Strength,LV,1.0,8,0.0,1.0,1.0,N,N,08/2023,Analyst
29-1229.03,1.A.3.a.4,Trunk Strength,IM,2.75,8,0.1637,2.4292,3.0708,N,,08/2023,Analyst
29-1229.03,1.A.3.a.4,Trunk Strength,LV,2.88,8,0.125,2.63,3.12,N,N,08/2023,Analyst
29-1229.03,1.A.3.b.1,Stamina,IM,2.25,8,0.1637,1.9292,2.5708,N,,08/2023,Analyst
29-1229.03,1.A.3.b.1,Stamina,LV,1.62,8,0.183,1.2664,1.9836,N,N,08/2023,Analyst
29-1229.03,1.A.3.c.1,Extent Flexibility,IM,2.0,8,0.0,2.0,2.0,N,,08/2023,Analyst
29-1229.03,1.A.3.c.1,Extent Flexibility,LV,2.0,8,0.0,2.0,2.0,N,N,08/2023,Analyst
29-1229.03,1.A.3.c.2,Dynamic Flexibility,IM,1.0,8,0.0,1.0,1.0,N,,08/2023,Analyst
29-1229.03,1.A.3.c.2,Dynamic Flexibility,LV,0.0,8,0.0,0.0,0.0,N,Y,08/2023,Analyst
29-1229.03,1.A.3.c.3,Gross Body Coordination,IM,2.0,8,0.0,2.0,2.0,N,,08/2023,Analyst
29-1229.03,1.A.3.c.3,Gross Body Coordination,LV,1.62,8,0.183,1.2664,1.9836,N,N,08/2023,Analyst
29-1229.03,1.A.3.c.4,Gross Body Equilibrium,IM,2.0,8,0.0,2.0,2.0,N,,08/2023,Analyst
29-1229.03,1.A.3.c.4,Gross Body Equilibrium,LV,1.0,8,0.0,1.0,1.0,N,N,08/2023,Analyst
29-1229.03,1.A.4.a.1,Near Vision,IM,4.0,8,0.0,4.0,4.0,N,,08/2023,Analyst
29-1229.03,1.A.4.a.1,Near Vision,LV,4.12,8,0.125,3.88,4.37,N,N,08/2023,Analyst
29-1229.03,1.A.4.a.2,Far Vision,IM,2.88,8,0.125,2.63,3.12,N,,08/2023,Analyst
29-1229.03,1.A.4.a.2,Far Vision,LV,3.0,8,0.0,3.0,3.0,N,N,08/2023,Analyst
29-1229.03,1.A.4.a.3,Visual Color Discrimination,IM,3.0,8,0.0,3.0,3.0,N,,08/2023,Analyst
29-1229.03,1.A.4.a.3,Visual Color Discrimination,LV,3.0,8,0.0,3.0,3.0,N,N,08/2023,Analyst
29-1229.03,1.A.4.a.4,Night Vision,IM,1.38,8,0.183,1.0164,1.7336,N,,08/2023,Analyst
29-1229.03,1.A.4.a.4,Night Vision,LV,0.38,8,0.183,0.0164,0.7336,N,N,08/2023,Analyst
29-1229.03,1.A.4.a.5,Peripheral Vision,IM,1.38,8,0.183,1.0164,1.7336,N,,08/2023,Analyst
29-1229.03,1.A.4.a.5,Peripheral Vision,LV,0.38,8,0.183,0.0164,0.7336,N,N,08/2023,Analyst
29-1229.03,1.A.4.a.6,Depth Perception,IM,2.5,8,0.189,2.1296,2.8704,N,,08/2023,Analyst
29-1229.03,1.A.4.a.6,Depth Perception,LV,2.5,8,0.189,2.1296,2.8704,N,N,08/2023,Analyst
29-1229.03,1.A.4.a.7,Glare Sensitivity,IM,1.5,8,0.189,1.1296,1.8704,N,,08/2023,Analyst
29-1229.03,1.A.4.a.7,Glare Sensitivity,LV,0.62,8,0.2631,0.1094,1.1406,N,N,08/2023,Analyst
29-1229.03,1.A.4.b.1,Hearing Sensitivity,IM,2.5,8,0.189,2.1296,2.8704,N,,08/2023,Analyst
29-1229.03,1.A.4.b.1,Hearing Sensitivity,LV,2.5,8,0.189,2.1296,2.8704,N,N,08/2023,Analyst
29-1229.03,1.A.4.b.2,Auditory Attention,IM,2.25,8,0.1637,1.9292,2.5708,N,,08/2023,Analyst
29-1229.03,1.A.4.b.2,Auditory Attention,LV,2.12,8,0.125,1.88,2.37,N,N,08/2023,Analyst
29-1229.03,1.A.4.b.3,Sound Localization,IM,1.5,8,0.189,1.1296,1.8704,N,,08/2023,Analyst
29-1229.03,1.A.4.b.3,Sound Localization,LV,0.62,8,0.2631,0.1094,1.1406,N,N,08/2023,Analyst
29-1229.03,1.A.4.b.4,Speech Recognition,IM,3.75,8,0.1637,3.4292,4.0708,N,,08/2023,Analyst
29-1229.03,1.A.4.b.4,Speech Recognition,LV,3.88,8,0.125,3.63,4.12,N,N,08/2023,Analyst
29-1229.03,1.A.4.b.5,Speech Clarity,IM,3.88,8,0.125,3.63,4.12,N,,08/2023,Analyst
29-1229.03,1.A.4.b.5,Speech Clarity,LV,3.75,8,0.1637,3.4292,4.0708,N,N,08/2023,Analyst
29-1229.04,1.A.1.a.1,Oral Comprehension,IM,4.0,8,0.0,4.0,4.0,N,,07/2012,Analyst
29-1229.04,1.A.1.a.1,Oral Comprehension,LV,5.12,8,0.125,4.88,5.37,N,N,07/2012,Analyst
29-1229.04,1.A.1.a.2,Written Comprehension,IM,4.0,8,0.189,3.6296,4.3704,N,,07/2012,Analyst
29-1229.04,1.A.1.a.2,Written Comprehension,LV,4.88,8,0.2266,4.4309,5.3191,N,N,07/2012,Analyst
29-1229.04,1.A.1.a.3,Oral Expression,IM,4.12,8,0.125,3.88,4.37,N,,07/2012,Analyst
29-1229.04,1.A.1.a.3,Oral Expression,LV,4.75,8,0.25,4.26,5.24,N,N,07/2012,Analyst
29-1229.04,1.A.1.a.4,Written Expression,IM,3.88,8,0.125,3.63,4.12,N,,07/2012,Analyst
29-1229.04,1.A.1.a.4,Written Expression,LV,4.25,8,0.1637,3.9292,4.5708,N,N,07/2012,Analyst
29-1229.04,1.A.1.b.1,Fluency of Ideas,IM,3.5,8,0.189,3.1296,3.8704,N,,07/2012,Analyst
29-1229.04,1.A.1.b.1,Fluency of Ideas,LV,3.88,8,0.2266,3.4309,4.3191,N,N,07/2012,Analyst
29-1229.04,1.A.1.b.2,Originality,IM,3.38,8,0.183,3.0164,3.7336,N,,07/2012,Analyst
29-1229.04,1.A.1.b.2,Originality,LV,3.88,8,0.2266,3.4309,4.3191,N,N,07/2012,Analyst
29-1229.04,1.A.1.b.3,Problem Sensitivity,IM,4.12,8,0.125,3.88,4.37,N,,07/2012,Analyst
29-1229.04,1.A.1.b.3,Problem Sensitivity,LV,5.0,8,0.3273,4.3584,5.6416,N,N,07/2012,Analyst
29-1229.04,1.A.1.b.4,Deductive Reasoning,IM,4.12,8,0.125,3.88,4.37,N,,07/2012,Analyst
29-1229.04,1.A.1.b.4,Deductive Reasoning,LV,4.62,8,0.183,4.2664,4.9836,N,N,07/2012,Analyst
29-1229.04,1.A.1.b.5,Inductive Reasoning,IM,4.12,8,0.125,3.88,4.37,N,,07/2012,Analyst
29-1229.04,1.A.1.b.5,Inductive Reasoning,LV,5.0,8,0.189,4.6296,5.3704,N,N,07/2012,Analyst
29-1229.04,1.A.1.b.6,Information Ordering,IM,3.88,8,0.125,3.63,4.12,N,,07/2012,Analyst
29-1229.04,1.A.1.b.6,Information Ordering,LV,4.38,8,0.183,4.0164,4.7336,N,N,07/2012,Analyst
29-1229.04,1.A.1.b.7,Category Flexibility,IM,3.75,8,0.1637,3.4292,4.0708,N,,07/2012,Analyst
29-1229.04,1.A.1.b.7,Category Flexibility,LV,4.0,8,0.189,3.6296,4.3704,N,N,07/2012,Analyst
29-1229.04,1.A.1.c.1,Mathematical Reasoning,IM,2.75,8,0.1637,2.4292,3.0708,N,,07/2012,Analyst
29-1229.04,1.A.1.c.1,Mathematical Reasoning,LV,3.0,8,0.0,3.0,3.0,N,N,07/2012,Analyst
29-1229.04,1.A.1.c.2,Number Facility,IM,2.88,8,0.2266,2.4309,3.3191,N,,07/2012,Analyst
29-1229.04,1.A.1.c.2,Number Facility,LV,3.0,8,0.2673,2.4762,3.5238,N,N,07/2012,Analyst
29-1229.04,1.A.1.d.1,Memorization,IM,2.88,8,0.2266,2.4309,3.3191,N,,07/2012,Analyst
29-1229.04,1.A.1.d.1,Memorization,LV,2.75,8,0.1637,2.4292,3.0708,N,N,07/2012,Analyst
29-1229.04,1.A.1.e.1,Speed of Closure,IM,3.0,8,0.378,2.2592,3.7408,N,,07/2012,Analyst
29-1229.04,1.A.1.e.1,Speed of Closure,LV,3.12,8,0.3504,2.4383,3.8117,N,N,07/2012,Analyst
29-1229.04,1.A.1.e.2,Flexibility of Closure,IM,3.25,8,0.25,2.76,3.74,N,,07/2012,Analyst
29-1229.04,1.A.1.e.2,Flexibility of Closure,LV,3.62,8,0.2631,3.1094,4.1406,N,N,07/2012,Analyst
29-1229.04,1.A.1.e.3,Perceptual Speed,IM,3.0,8,0.2673,2.4762,3.5238,N,,07/2012,Analyst
29-1229.04,1.A.1.e.3,Perceptual Speed,LV,2.88,8,0.2266,2.4309,3.3191,N,N,07/2012,Analyst
29-1229.04,1.A.1.f.1,Spatial Orientation,IM,1.12,8,0.125,1.0,1.37,N,,07/2012,Analyst
29-1229.04,1.A.1.f.1,Spatial Orientation,LV,0.12,8,0.125,0.0,0.37,N,Y,07/2012,Analyst
29-1229.04,1.A.1.f.2,Visualization,IM,3.12,8,0.295,2.5467,3.7033,N,,07/2012,Analyst
29-1229.04,1.A.1.f.2,Visualization,LV,3.62,8,0.4199,2.8019,4.4481,N,N,07/2012,Analyst
29-1229.04,1.A.1.g.1,Selective Attention,IM,3.0,8,0.189,2.6296,3.3704,N,,07/2012,Analyst
29-1229.04,1.A.1.g.1,Selective Attention,LV,3.0,8,0.189,2.6296,3.3704,N,N,07/2012,Analyst
29-1229.04,1.A.1.g.2,Time Sharing,IM,2.5,8,0.189,2.1296,2.8704,N,,07/2012,Analyst
29-1229.04,1.A.1.g.2,Time Sharing,LV,2.5,8,0.189,2.1296,2.8704,N,N,07/2012,Analyst
29-1229.04,1.A.2.a.1,Arm-Hand Steadiness,IM,2.62,8,0.183,2.2664,2.9836,N,,07/2012,Analyst
29-1229.04,1.A.2.a.1,Arm-Hand Steadiness,LV,2.88,8,0.2266,2.4309,3.3191,N,N,07/2012,Analyst
29-1229.04,1.A.2.a.2,Manual Dexterity,IM,2.5,8,0.189,2.1296,2.8704,N,,07/2012,Analyst
29-1229.04,1.A.2.a.2,Manual Dexterity,LV,2.5,8,0.189,2.1296,2.8704,N,N,07/2012,Analyst
29-1229.04,1.A.2.a.3,Finger Dexterity,IM,2.75,8,0.1637,2.4292,3.0708,N,,07/2012,Analyst
29-1229.04,1.A.2.a.3,Finger Dexterity,LV,2.75,8,0.1637,2.4292,3.0708,N,N,07/2012,Analyst
29-1229.04,1.A.2.b.1,Control Precision,IM,2.25,8,0.1637,1.9292,2.5708,N,,07/2012,Analyst
29-1229.04,1.A.2.b.1,Control Precision,LV,2.25,8,0.25,1.76,2.74,N,N,07/2012,Analyst
29-1229.04,1.A.2.b.2,Multilimb Coordination,IM,2.5,8,0.189,2.1296,2.8704,N,,07/2012,Analyst
29-1229.04,1.A.2.b.2,Multilimb Coordination,LV,2.38,8,0.2631,1.8594,2.8906,N,N,07/2012,Analyst
29-1229.04,1.A.2.b.3,Response Orientation,IM,2.0,8,0.189,1.6296,2.3704,N,,07/2012,Analyst
29-1229.04,1.A.2.b.3,Response Orientation,LV,1.62,8,0.4199,0.8019,2.4481,N,N,07/2012,Analyst
29-1229.04,1.A.2.b.4,Rate Control,IM,1.75,8,0.1637,1.4292,2.0708,N,,07/2012,Analyst
29-1229.04,1.A.2.b.4,Rate Control,LV,1.0,8,0.2673,0.4762,1.5238,N,N,07/2012,Analyst
29-1229.04,1.A.2.c.1,Reaction Time,IM,1.88,8,0.125,1.63,2.12,N,,07/2012,Analyst
29-1229.04,1.A.2.c.1,Reaction Time,LV,1.38,8,0.2631,0.8594,1.8906,N,N,07/2012,Analyst
29-1229.04,1.A.2.c.2,Wrist-Finger Speed,IM,1.88,8,0.2266,1.4309,2.3191,N,,07/2012,Analyst
29-1229.04,1.A.2.c.2,Wrist-Finger Speed,LV,1.38,8,0.375,0.64,2.11,N,N,07/2012,Analyst
29-1229.04,1.A.2.c.3,Speed of Limb Movement,IM,1.25,8,0.1637,1.0,1.5708,N,,07/2012,Analyst
29-1229.04,1.A.2.c.3,Speed of Limb Movement,LV,0.38,8,0.2631,0.0,0.8906,N,Y,07/2012,Analyst
29-1229.04,1.A.3.a.1,Static Strength,IM,2.38,8,0.183,2.0164,2.7336,N,,07/2012,Analyst
29-1229.04,1.A.3.a.1,Static Strength,LV,2.25,8,0.3134,1.6358,2.8642,N,N,07/2012,Analyst
29-1229.04,1.A.3.a.2,Explosive Strength,IM,1.12,8,0.125,1.0,1.37,N,,07/2012,Analyst
29-1229.04,1.A.3.a.2,Explosive Strength,LV,0.25,8,0.25,0.0,0.74,N,Y,07/2012,Analyst
29-1229.04,1.A.3.a.3,Dynamic Strength,IM,2.12,8,0.125,1.88,2.37,N,,07/2012,Analyst
29-1229.04,1.A.3.a.3,Dynamic Strength,LV,1.75,8,0.25,1.26,2.24,N,N,07/2012,Analyst
29-1229.04,1.A.3.a.4,Trunk Strength,IM,2.25,8,0.1637,1.9292,2.5708,N,,07/2012,Analyst
29-1229.04,1.A.3.a.4,Trunk Strength,LV,2.25,8,0.3134,1.6358,2.8642,N,N,07/2012,Analyst
29-1229.04,1.A.3.b.1,Stamina,IM,2.0,8,0.0,2.0,2.0,N,,07/2012,Analyst
29-1229.04,1.A.3.b.1,Stamina,LV,1.38,8,0.183,1.0164,1.7336,N,N,07/2012,Analyst
29-1229.04,1.A.3.c.1,Extent Flexibility,IM,2.0,8,0.0,2.0,2.0,N,,07/2012,Analyst
29-1229.04,1.A.3.c.1,Extent Flexibility,LV,1.62,8,0.183,1.2664,1.9836,N,N,07/2012,Analyst
29-1229.04,1.A.3.c.2,Dynamic Flexibility,IM,1.0,8,0.0,1.0,1.0,N,,07/2012,Analyst
29-1229.04,1.A.3.c.2,Dynamic Flexibility,LV,0.0,8,0.0,0.0,0.0,N,Y,07/2012,Analyst
29-1229.04,1.A.3.c.3,Gross Body Coordination,IM,2.0,8,0.0,2.0,2.0,N,,07/2012,Analyst
29-1229.04,1.A.3.c.3,Gross Body Coordination,LV,1.5,8,0.189,1.1296,1.8704,N,N,07/2012,Analyst
29-1229.04,1.A.3.c.4,Gross Body Equilibrium,IM,1.75,8,0.1637,1.4292,2.0708,N,,07/2012,Analyst
29-1229.04,1.A.3.c.4,Gross Body Equilibrium,LV,1.0,8,0.2673,0.4762,1.5238,N,N,07/2012,Analyst
29-1229.04,1.A.4.a.1,Near Vision,IM,3.75,8,0.1637,3.4292,4.0708,N,,07/2012,Analyst
29-1229.04,1.A.4.a.1,Near Vision,LV,3.5,8,0.2673,2.9762,4.0238,N,N,07/2012,Analyst
29-1229.04,1.A.4.a.2,Far Vision,IM,2.88,8,0.295,2.2967,3.4533,N,,07/2012,Analyst
29-1229.04,1.A.4.a.2,Far Vision,LV,2.75,8,0.3134,2.1358,3.3642,N,N,07/2012,Analyst
29-1229.04,1.A.4.a.3,Visual Color Discrimination,IM,2.5,8,0.2673,1.9762,3.0238,N,,07/2012,Analyst
29-1229.04,1.A.4.a.3,Visual Color Discrimination,LV,2.38,8,0.2631,1.8594,2.8906,N,N,07/2012,Analyst
29-1229.04,1.A.4.a.4,Night Vision,IM,1.0,8,0.0,1.0,1.0,N,,07/2012,Analyst
29-1229.04,1.A.4.a.4,Night Vision,LV,0.0,8,0.0,0.0,0.0,N,Y,07/2012,Analyst
29-1229.04,1.A.4.a.5,Peripheral Vision,IM,1.0,8,0.0,1.0,1.0,N,,07/2012,Analyst
29-1229.04,1.A.4.a.5,Peripheral Vision,LV,0.0,8,0.0,0.0,0.0,N,Y,07/2012,Analyst
29-1229.04,1.A.4.a.6,Depth Perception,IM,2.12,8,0.2266,1.6809,2.5691,N,,07/2012,Analyst
29-1229.04,1.A.4.a.6,Depth Perception,LV,2.12,8,0.3504,1.4383,2.8117,N,N,07/2012,Analyst
29-1229.04,1.A.4.a.7,Glare Sensitivity,IM,1.0,8,0.0,1.0,1.0,N,,07/2012,Analyst
29-1229.04,1.A.4.a.7,Glare Sensitivity,LV,0.0,8,0.0,0.0,0.0,N,Y,07/2012,Analyst
29-1229.04,1.A.4.b.1,Hearing Sensitivity,IM,2.25,8,0.25,1.76,2.74,N,,07/2012,Analyst
29-1229.04,1.A.4.b.1,Hearing Sensitivity,LV,2.12,8,0.3504,1.4383,2.8117,N,N,07/2012,Analyst
29-1229.04,1.A.4.b.2,Auditory Attention,IM,2.12,8,0.2266,1.6809,2.5691,N,,07/2012,Analyst
29-1229.04,1.A.4.b.2,Auditory Attention,LV,1.62,8,0.3239,0.9902,2.2598,N,N,07/2012,Analyst
29-1229.04,1.A.4.b.3,Sound Localization,IM,1.0,8,0.0,1.0,1.0,N,,07/2012,Analyst
29-1229.04,1.A.4.b.3,Sound Localization,LV,0.0,8,0.0,0.0,0.0,N,Y,07/2012,Analyst
29-1229.04,1.A.4.b.4,Speech Recognition,IM,3.75,8,0.1637,3.4292,4.0708,N,,07/2012,Analyst
29-1229.04,1.A.4.b.4,Speech Recognition,LV,3.62,8,0.183,3.2664,3.9836,N,N,07/2012,Analyst
29-1229.04,1.A.4.b.5,Speech Clarity,IM,3.75,8,0.1637,3.4292,4.0708,N,,07/2012,Analyst
29-1229.04,1.A.4.b.5,Speech Clarity,LV,3.75,8,0.25,3.26,4.24,N,N,07/2012,Analyst
29-1229.05,1.A.1.a.1,Oral Comprehension,IM,4.25,8,0.1637,3.9292,4.5708,N,,08/2023,Analyst
29-1229.05,1.A.1.a.1,Oral Comprehension,LV,5.38,8,0.183,5.0164,5.7336,N,N,08/2023,Analyst
29-1229.05,1.A.1.a.2,Written Comprehension,IM,4.12,8,0.125,3.88,4.37,N,,08/2023,Analyst
29-1229.05,1.A.1.a.2,Written Comprehension,LV,5.25,8,0.1637,4.9292,5.5708,N,N,08/2023,Analyst
29-1229.05,1.A.1.a.3,Oral Expression,IM,4.38,8,0.183,4.0164,4.7336,N,,08/2023,Analyst
29-1229.05,1.A.1.a.3,Oral Expression,LV,5.38,8,0.183,5.0164,5.7336,N,N,08/2023,Analyst
29-1229.05,1.A.1.a.4,Written Expression,IM,4.0,8,0.0,4.0,4.0,N,,08/2023,Analyst
29-1229.05,1.A.1.a.4,Written Expression,LV,5.0,8,0.189,4.6296,5.3704,N,N,08/2023,Analyst
29-1229.05,1.A.1.b.1,Fluency of Ideas,IM,4.0,8,0.0,4.0,4.0,N,,08/2023,Analyst
29-1229.05,1.A.1.b.1,Fluency of Ideas,LV,4.38,8,0.183,4.0164,4.7336,N,N,08/2023,Analyst
29-1229.05,1.A.1.b.2,Originality,IM,3.62,8,0.183,3.2664,3.9836,N,,08/2023,Analyst
29-1229.05,1.A.1.b.2,Originality,LV,4.0,8,0.189,3.6296,4.3704,N,N,08/2023,Analyst
29-1229.05,1.A.1.b.3,Problem Sensitivity,IM,4.12,8,0.125,3.88,4.37,N,,08/2023,Analyst
29-1229.05,1.A.1.b.3,Problem Sensitivity,LV,5.5,8,0.189,5.1296,5.8704,N,N,08/2023,Analyst
29-1229.05,1.A.1.b.4,Deductive Reasoning,IM,4.38,8,0.183,4.0164,4.7336,N,,08/2023,Analyst
29-1229.05,1.A.1.b.4,Deductive Reasoning,LV,5.12,8,0.125,4.88,5.37,N,N,08/2023,Analyst
29-1229.05,1.A.1.b.5,Inductive Reasoning,IM,4.38,8,0.183,4.0164,4.7336,N,,08/2023,Analyst
29-1229.05,1.A.1.b.5,Inductive Reasoning,LV,5.62,8,0.183,5.2664,5.9836,N,N,08/2023,Analyst
29-1229.05,1.A.1.b.6,Information Ordering,IM,3.88,8,0.125,3.63,4.12,N,,08/2023,Analyst
29-1229.05,1.A.1.b.6,Information Ordering,LV,4.25,8,0.1637,3.9292,4.5708,N,N,08/2023,Analyst
29-1229.05,1.A.1.b.7,Category Flexibility,IM,3.88,8,0.125,3.63,4.12,N,,08/2023,Analyst
29-1229.05,1.A.1.b.7,Category Flexibility,LV,4.5,8,0.2673,3.9762,5.0238,N,N,08/2023,Analyst
29-1229.05,1.A.1.c.1,Mathematical Reasoning,IM,3.25,8,0.1637,2.9292,3.5708,N,,08/2023,Analyst
29-1229.05,1.A.1.c.1,Mathematical Reasoning,LV,3.38,8,0.183,3.0164,3.7336,N,N,08/2023,Analyst
29-1229.05,1.A.1.c.2,Number Facility,IM,3.12,8,0.125,2.88,3.37,N,,08/2023,Analyst
29-1229.05,1.A.1.c.2,Number Facility,LV,3.12,8,0.125,2.88,3.37,N,N,08/2023,Analyst
29-1229.05,1.A.1.d.1,Memorization,IM,3.12,8,0.125,2.88,3.37,N,,08/2023,Analyst
29-1229.05,1.A.1.d.1,Memorization,LV,3.0,8,0.0,3.0,3.0,N,N,08/2023,Analyst
29-1229.05,1.A.1.e.1,Speed of Closure,IM,3.12,8,0.125,2.88,3.37,N,,08/2023,Analyst
29-1229.05,1.A.1.e.1,Speed of Closure,LV,3.38,8,0.183,3.0164,3.7336,N,N,08/2023,Analyst
29-1229.05,1.A.1.e.2,Flexibility of Closure,IM,3.62,8,0.183,3.2664,3.9836,N,,08/2023,Analyst
29-1229.05,1.A.1.e.2,Flexibility of Closure,LV,3.88,8,0.125,3.63,4.12,N,N,08/2023,Analyst
29-1229.05,1.A.1.e.3,Perceptual Speed,IM,3.0,8,0.0,3.0,3.0,N,,08/2023,Analyst
29-1229.05,1.A.1.e.3,Perceptual Speed,LV,3.0,8,0.0,3.0,3.0,N,N,08/2023,Analyst
29-1229.05,1.A.1.f.1,Spatial Orientation,IM,1.0,8,0.0,1.0,1.0,N,,08/2023,Analyst
29-1229.05,1.A.1.f.1,Spatial Orientation,LV,0.0,8,0.0,0.0,0.0,N,Y,08/2023,Analyst
29-1229.05,1.A.1.f.2,Visualization,IM,3.12,8,0.125,2.88,3.37,N,,08/2023,Analyst
29-1229.05,1.A.1.f.2,Visualization,LV,3.25,8,0.25,2.76,3.74,N,N,08/2023,Analyst
29-1229.05,1.A.1.g.1,Selective Attention,IM,3.25,8,0.1637,2.9292,3.5708,N,,08/2023,Analyst
29-1229.05,1.A.1.g.1,Selective Attention,LV,3.12,8,0.125,2.88,3.37,N,N,08/2023,Analyst
29-1229.05,1.A.1.g.2,Time Sharing,IM,2.88,8,0.125,2.63,3.12,N,,08/2023,Analyst
29-1229.05,1.A.1.g.2,Time Sharing,LV,3.0,8,0.0,3.0,3.0,N,N,08/2023,Analyst
29-1229.05,1.A.2.a.1,Arm-Hand Steadiness,IM,1.25,8,0.1637,1.0,1.5708,N,,08/2023,Analyst
29-1229.05,1.A.2.a.1,Arm-Hand Steadiness,LV,0.25,8,0.1637,0.0,0.5708,N,Y,08/2023,Analyst
29-1229.05,1.A.2.a.2,Manual Dexterity,IM,1.12,8,0.125,1.0,1.37,N,,08/2023,Analyst
29-1229.05,1.A.2.a.2,Manual Dexterity,LV,0.12,8,0.125,0.0,0.37,N,Y,08/2023,Analyst
29-1229.05,1.A.2.a.3,Finger Dexterity,IM,1.5,8,0.189,1.1296,1.8704,N,,08/2023,Analyst
29-1229.05,1.A.2.a.3,Finger Dexterity,LV,0.5,8,0.189,0.1296,0.8704,N,N,08/2023,Analyst
29-1229.05,1.A.2.b.1,Control Precision,IM,1.25,8,0.1637,1.0,1.5708,N,,08/2023,Analyst
29-1229.05,1.A.2.b.1,Control Precision,LV,0.25,8,0.1637,0.0,0.5708,N,Y,08/2023,Analyst
29-1229.05,1.A.2.b.2,Multilimb Coordination,IM,1.25,8,0.1637,1.0,1.5708,N,,08/2023,Analyst
29-1229.05,1.A.2.b.2,Multilimb Coordination,LV,0.25,8,0.1637,0.0,0.5708,N,Y,08/2023,Analyst
29-1229.05,1.A.2.b.3,Response Orientation,IM,1.0,8,0.0,1.0,1.0,N,,08/2023,Analyst
29-1229.05,1.A.2.b.3,Response Orientation,LV,0.0,8,0.0,0.0,0.0,N,Y,08/2023,Analyst
29-1229.05,1.A.2.b.4,Rate Control,IM,1.0,8,0.0,1.0,1.0,N,,08/2023,Analyst
29-1229.05,1.A.2.b.4,Rate Control,LV,0.0,8,0.0,0.0,0.0,N,Y,08/2023,Analyst
29-1229.05,1.A.2.c.1,Reaction Time,IM,1.0,8,0.0,1.0,1.0,N,,08/2023,Analyst
29-1229.05,1.A.2.c.1,Reaction Time,LV,0.0,8,0.0,0.0,0.0,N,Y,08/2023,Analyst
29-1229.05,1.A.2.c.2,Wrist-Finger Speed,IM,1.62,8,0.183,1.2664,1.9836,N,,08/2023,Analyst
29-1229.05,1.A.2.c.2,Wrist-Finger Speed,LV,0.75,8,0.25,0.26,1.24,N,N,08/2023,Analyst
29-1229.05,1.A.2.c.3,Speed of Limb Movement,IM,1.0,8,0.0,1.0,1.0,N,,08/2023,Analyst
29-1229.05,1.A.2.c.3,Speed of Limb Movement,LV,0.0,8,0.0,0.0,0.0,N,Y,08/2023,Analyst
29-1229.05,1.A.3.a.1,Static Strength,IM,1.0,8,0.0,1.0,1.0,N,,08/2023,Analyst
29-1229.05,1.A.3.a.1,Static Strength,LV,0.0,8,0.0,0.0,0.0,N,Y,08/2023,Analyst
29-1229.05,1.A.3.a.2,Explosive Strength,IM,1.0,8,0.0,1.0,1.0,N,,08/2023,Analyst
29-1229.05,1.A.3.a.2,Explosive Strength,LV,0.0,8,0.0,0.0,0.0,N,Y,08/2023,Analyst
29-1229.05,1.A.3.a.3,Dynamic Strength,IM,1.0,8,0.0,1.0,1.0,N,,08/2023,Analyst
29-1229.05,1.A.3.a.3,Dynamic Strength,LV,0.0,8,0.0,0.0,0.0,N,Y,08/2023,Analyst
29-1229.05,1.A.3.a.4,Trunk Strength,IM,1.88,8,0.2266,1.4309,2.3191,N,,08/2023,Analyst
29-1229.05,1.A.3.a.4,Trunk Strength,LV,1.12,8,0.295,0.5467,1.7033,N,N,08/2023,Analyst
29-1229.05,1.A.3.b.1,Stamina,IM,1.0,8,0.0,1.0,1.0,N,,08/2023,Analyst
29-1229.05,1.A.3.b.1,Stamina,LV,0.0,8,0.0,0.0,0.0,N,Y,08/2023,Analyst
29-1229.05,1.A.3.c.1,Extent Flexibility,IM,1.0,8,0.0,1.0,1.0,N,,08/2023,Analyst
29-1229.05,1.A.3.c.1,Extent Flexibility,LV,0.0,8,0.0,0.0,0.0,N,Y,08/2023,Analyst
29-1229.05,1.A.3.c.2,Dynamic Flexibility,IM,1.0,8,0.0,1.0,1.0,N,,08/2023,Analyst
29-1229.05,1.A.3.c.2,Dynamic Flexibility,LV,0.0,8,0.0,0.0,0.0,N,Y,08/2023,Analyst
29-1229.05,1.A.3.c.3,Gross Body Coordination,IM,1.0,8,0.0,1.0,1.0,N,,08/2023,Analyst
29-1229.05,1.A.3.c.3,Gross Body Coordination,LV,0.0,8,0.0,0.0,0.0,N,Y,08/2023,Analyst
29-1229.05,1.A.3.c.4,Gross Body Equilibrium,IM,1.0,8,0.0,1.0,1.0,N,,08/2023,Analyst
29-1229.05,1.A.3.c.4,Gross Body Equilibrium,LV,0.0,8,0.0,0.0,0.0,N,Y,08/2023,Analyst
29-1229.05,1.A.4.a.1,Near Vision,IM,3.75,8,0.1637,3.4292,4.0708,N,,08/2023,Analyst
29-1229.05,1.A.4.a.1,Near Vision,LV,4.0,8,0.189,3.6296,4.3704,N,N,08/2023,Analyst
29-1229.05,1.A.4.a.2,Far Vision,IM,2.88,8,0.125,2.63,3.12,N,,08/2023,Analyst
29-1229.05,1.A.4.a.2,Far Vision,LV,2.88,8,0.125,2.63,3.12,N,N,08/2023,Analyst
29-1229.05,1.A.4.a.3,Visual Color Discrimination,IM,2.12,8,0.125,1.88,2.37,N,,08/2023,Analyst
29-1229.05,1.A.4.a.3,Visual Color Discrimination,LV,2.12,8,0.125,1.88,2.37,N,N,08/2023,Analyst
29-1229.05,1.A.4.a.4,Night Vision,IM,1.0,8,0.0,1.0,1.0,N,,08/2023,Analyst
29-1229.05,1.A.4.a.4,Night Vision,LV,0.0,8,0.0,0.0,0.0,N,Y,08/2023,Analyst
29-1229.05,1.A.4.a.5,Peripheral Vision,IM,1.0,8,0.0,1.0,1.0,N,,08/2023,Analyst
29-1229.05,1.A.4.a.5,Peripheral Vision,LV,0.0,8,0.0,0.0,0.0,N,Y,08/2023,Analyst
29-1229.05,1.A.4.a.6,Depth Perception,IM,1.88,8,0.125,1.63,2.12,N,,08/2023,Analyst
29-1229.05,1.A.4.a.6,Depth Perception,LV,1.5,8,0.2673,0.9762,2.0238,N,N,08/2023,Analyst
29-1229.05,1.A.4.a.7,Glare Sensitivity,IM,1.0,8,0.0,1.0,1.0,N,,08/2023,Analyst
29-1229.05,1.A.4.a.7,Glare Sensitivity,LV,0.0,8,0.0,0.0,0.0,N,Y,08/2023,Analyst
29-1229.05,1.A.4.b.1,Hearing Sensitivity,IM,1.75,8,0.1637,1.4292,2.0708,N,,08/2023,Analyst
29-1229.05,1.A.4.b.1,Hearing Sensitivity,LV,1.38,8,0.3239,0.7402,2.0098,N,N,08/2023,Analyst
29-1229.05,1.A.4.b.2,Auditory Attention,IM,1.75,8,0.1637,1.4292,2.0708,N,,08/2023,Analyst
29-1229.05,1.A.4.b.2,Auditory Attention,LV,1.38,8,0.3239,0.7402,2.0098,N,N,08/2023,Analyst
29-1229.05,1.A.4.b.3,Sound Localization,IM,1.0,8,0.0,1.0,1.0,N,,08/2023,Analyst
29-1229.05,1.A.4.b.3,Sound Localization,LV,0.0,8,0.0,0.0,0.0,N,Y,08/2023,Analyst
29-1229.05,1.A.4.b.4,Speech Recognition,IM,4.0,8,0.0,4.0,4.0,N,,08/2023,Analyst
29-1229.05,1.A.4.b.4,Speech Recognition,LV,4.38,8,0.183,4.0164,4.7336,N,N,08/2023,Analyst
29-1229.05,1.A.4.b.5,Speech Clarity,IM,4.12,8,0.125,3.88,4.37,N,,08/2023,Analyst
29-1229.05,1.A.4.b.5,Speech Clarity,LV,4.62,8,0.183,4.2664,4.9836,N,N,08/2023,Analyst
29-1229.06,1.A.1.a.1,Oral Comprehension,IM,4.5,8,0.189,4.1296,4.8704,N,,07/2012,Analyst
29-1229.06,1.A.1.a.1,Oral Comprehension,LV,5.0,8,0.2673,4.4762,5.5238,N,N,07/2012,Analyst
29-1229.06,1.A.1.a.2,Written Comprehension,IM,4.38,8,0.183,4.0164,4.7336,N,,07/2012,Analyst
29-1229.06,1.A.1.a.2,Written Comprehension,LV,4.62,8,0.2631,4.1094,5.1406,N,N,07/2012,Analyst
29-1229.06,1.A.1.a.3,Oral Expression,IM,4.38,8,0.183,4.0164,4.7336,N,,07/2012,Analyst
29-1229.06,1.A.1.a.3,Oral Expression,LV,5.0,8,0.189,4.6296,5.3704,N,N,07/2012,Analyst
29-1229.06,1.A.1.a.4,Written Expression,IM,4.12,8,0.125,3.88,4.37,N,,07/2012,Analyst
29-1229.06,1.A.1.a.4,Written Expression,LV,4.5,8,0.189,4.1296,4.8704,N,N,07/2012,Analyst
29-1229.06,1.A.1.b.1,Fluency of Ideas,IM,3.5,8,0.2673,2.9762,4.0238,N,,07/2012,Analyst
29-1229.06,1.A.1.b.1,Fluency of Ideas,LV,3.75,8,0.3134,3.1358,4.3642,N,N,07/2012,Analyst
29-1229.06,1.A.1.b.2,Originality,IM,3.5,8,0.2673,2.9762,4.0238,N,,07/2012,Analyst
29-1229.06,1.A.1.b.2,Originality,LV,3.5,8,0.189,3.1296,3.8704,N,N,07/2012,Analyst
29-1229.06,1.A.1.b.3,Problem Sensitivity,IM,4.5,8,0.189,4.1296,4.8704,N,,07/2012,Analyst
29-1229.06,1.A.1.b.3,Problem Sensitivity,LV,5.12,8,0.3504,4.4383,5.8117,N,N,07/2012,Analyst
29-1229.06,1.A.1.b.4,Deductive Reasoning,IM,4.12,8,0.2266,3.6809,4.5691,N,,07/2012,Analyst
29-1229.06,1.A.1.b.4,Deductive Reasoning,LV,4.75,8,0.25,4.26,5.24,N,N,07/2012,Analyst
29-1229.06,1.A.1.b.5,Inductive Reasoning,IM,4.25,8,0.1637,3.9292,4.5708,N,,07/2012,Analyst
29-1229.06,1.A.1.b.5,Inductive Reasoning,LV,4.88,8,0.3504,4.1883,5.5617,N,N,07/2012,Analyst
29-1229.06,1.A.1.b.6,Information Ordering,IM,3.62,8,0.183,3.2664,3.9836,N,,07/2012,Analyst
29-1229.06,1.A.1.b.6,Information Ordering,LV,3.88,8,0.125,3.63,4.12,N,N,07/2012,Analyst
29-1229.06,1.A.1.b.7,Category Flexibility,IM,3.5,8,0.189,3.1296,3.8704,N,,07/2012,Analyst
29-1229.06,1.A.1.b.7,Category Flexibility,LV,3.5,8,0.189,3.1296,3.8704,N,N,07/2012,Analyst
29-1229.06,1.A.1.c.1,Mathematical Reasoning,IM,2.62,8,0.183,2.2664,2.9836,N,,07/2012,Analyst
29-1229.06,1.A.1.c.1,Mathematical Reasoning,LV,2.88,8,0.125,2.63,3.12,N,N,07/2012,Analyst
29-1229.06,1.A.1.c.2,Number Facility,IM,2.5,8,0.189,2.1296,2.8704,N,,07/2012,Analyst
29-1229.06,1.A.1.c.2,Number Facility,LV,2.62,8,0.3239,1.9902,3.2598,N,N,07/2012,Analyst
29-1229.06,1.A.1.d.1,Memorization,IM,2.88,8,0.2266,2.4309,3.3191,N,,07/2012,Analyst
29-1229.06,1.A.1.d.1,Memorization,LV,2.88,8,0.295,2.2967,3.4533,N,N,07/2012,Analyst
29-1229.06,1.A.1.e.1,Speed of Closure,IM,3.0,8,0.2673,2.4762,3.5238,N,,07/2012,Analyst
29-1229.06,1.A.1.e.1,Speed of Closure,LV,3.38,8,0.4199,2.5519,4.1981,N,N,07/2012,Analyst
29-1229.06,1.A.1.e.2,Flexibility of Closure,IM,3.5,8,0.2673,2.9762,4.0238,N,,07/2012,Analyst
29-1229.06,1.A.1.e.2,Flexibility of Closure,LV,3.75,8,0.25,3.26,4.24,N,N,07/2012,Analyst
29-1229.06,1.A.1.e.3,Perceptual Speed,IM,3.12,8,0.295,2.5467,3.7033,N,,07/2012,Analyst
29-1229.06,1.A.1.e.3,Perceptual Speed,LV,3.5,8,0.189,3.1296,3.8704,N,N,07/2012,Analyst
29-1229.06,1.A.1.f.1,Spatial Orientation,IM,1.12,8,0.125,1.0,1.37,N,,07/2012,Analyst
29-1229.06,1.A.1.f.1,Spatial Orientation,LV,0.25,8,0.25,0.0,0.74,N,Y,07/2012,Analyst
29-1229.06,1.A.1.f.2,Visualization,IM,3.25,8,0.25,2.76,3.74,N,,07/2012,Analyst
29-1229.06,1.A.1.f.2,Visualization,LV,3.62,8,0.183,3.2664,3.9836,N,N,07/2012,Analyst
29-1229.06,1.A.1.g.1,Selective Attention,IM,3.25,8,0.25,2.76,3.74,N,,07/2012,Analyst
29-1229.06,1.A.1.g.1,Selective Attention,LV,3.12,8,0.2266,2.6809,3.5691,N,N,07/2012,Analyst
29-1229.06,1.A.1.g.2,Time Sharing,IM,2.88,8,0.295,2.2967,3.4533,N,,07/2012,Analyst
29-1229.06,1.A.1.g.2,Time Sharing,LV,3.25,8,0.3134,2.6358,3.8642,N,N,07/2012,Analyst
29-1229.06,1.A.2.a.1,Arm-Hand Steadiness,IM,3.25,8,0.1637,2.9292,3.5708,N,,07/2012,Analyst
29-1229.06,1.A.2.a.1,Arm-Hand Steadiness,LV,3.25,8,0.25,2.76,3.74,N,N,07/2012,Analyst
29-1229.06,1.A.2.a.2,Manual Dexterity,IM,2.75,8,0.1637,2.4292,3.0708,N,,07/2012,Analyst
29-1229.06,1.A.2.a.2,Manual Dexterity,LV,2.75,8,0.25,2.26,3.24,N,N,07/2012,Analyst
29-1229.06,1.A.2.a.3,Finger Dexterity,IM,3.25,8,0.1637,2.9292,3.5708,N,,07/2012,Analyst
29-1229.06,1.A.2.a.3,Finger Dexterity,LV,3.25,8,0.25,2.76,3.74,N,N,07/2012,Analyst
29-1229.06,1.A.2.b.1,Control Precision,IM,2.62,8,0.183,2.2664,2.9836,N,,07/2012,Analyst
29-1229.06,1.A.2.b.1,Control Precision,LV,2.88,8,0.295,2.2967,3.4533,N,N,07/2012,Analyst
29-1229.06,1.A.2.b.2,Multilimb Coordination,IM,2.62,8,0.183,2.2664,2.9836,N,,07/2012,Analyst
29-1229.06,1.A.2.b.2,Multilimb Coordination,LV,2.75,8,0.1637,2.4292,3.0708,N,N,07/2012,Analyst
29-1229.06,1.A.2.b.3,Response Orientation,IM,2.38,8,0.183,2.0164,2.7336,N,,07/2012,Analyst
29-1229.06,1.A.2.b.3,Response Orientation,LV,2.12,8,0.3504,1.4383,2.8117,N,N,07/2012,Analyst
29-1229.06,1.A.2.b.4,Rate Control,IM,2.0,8,0.2673,1.4762,2.5238,N,,07/2012,Analyst
29-1229.06,1.A.2.b.4,Rate Control,LV,1.62,8,0.4605,0.7224,2.5276,N,N,07/2012,Analyst
29-1229.06,1.A.2.c.1,Reaction Time,IM,2.25,8,0.25,1.76,2.74,N,,07/2012,Analyst
29-1229.06,1.A.2.c.1,Reaction Time,LV,2.0,8,0.4226,1.1717,2.8283,N,N,07/2012,Analyst
29-1229.06,1.A.2.c.2,Wrist-Finger Speed,IM,2.0,8,0.189,1.6296,2.3704,N,,07/2012,Analyst
29-1229.06,1.A.2.c.2,Wrist-Finger Speed,LV,1.75,8,0.366,1.0327,2.4673,N,N,07/2012,Analyst
29-1229.06,1.A.2.c.3,Speed of Limb Movement,IM,1.25,8,0.25,1.0,1.74,N,,07/2012,Analyst
29-1229.06,1.A.2.c.3,Speed of Limb Movement,LV,0.38,8,0.375,0.0,1.11,N,Y,07/2012,Analyst
29-1229.06,1.A.3.a.1,Static Strength,IM,2.38,8,0.183,2.0164,2.7336,N,,07/2012,Analyst
29-1229.06,1.A.3.a.1,Static Strength,LV,2.38,8,0.183,2.0164,2.7336,N,N,07/2012,Analyst
29-1229.06,1.A.3.a.2,Explosive Strength,IM,1.0,8,0.0,1.0,1.0,N,,07/2012,Analyst
29-1229.06,1.A.3.a.2,Explosive Strength,LV,0.0,8,0.0,0.0,0.0,N,Y,07/2012,Analyst
29-1229.06,1.A.3.a.3,Dynamic Strength,IM,2.12,8,0.2266,1.6809,2.5691,N,,07/2012,Analyst
29-1229.06,1.A.3.a.3,Dynamic Strength,LV,1.88,8,0.3504,1.1883,2.5617,N,N,07/2012,Analyst
29-1229.06,1.A.3.a.4,Trunk Strength,IM,2.88,8,0.2266,2.4309,3.3191,N,,07/2012,Analyst
29-1229.06,1.A.3.a.4,Trunk Strength,LV,2.5,8,0.189,2.1296,2.8704,N,N,07/2012,Analyst
29-1229.06,1.A.3.b.1,Stamina,IM,2.38,8,0.183,2.0164,2.7336,N,,07/2012,Analyst
29-1229.06,1.A.3.b.1,Stamina,LV,1.88,8,0.2266,1.4309,2.3191,N,N,07/2012,Analyst
29-1229.06,1.A.3.c.1,Extent Flexibility,IM,2.25,8,0.25,1.76,2.74,N,,07/2012,Analyst
29-1229.06,1.A.3.c.1,Extent Flexibility,LV,2.38,8,0.4199,1.5519,3.1981,N,N,07/2012,Analyst
29-1229.06,1.A.3.c.2,Dynamic Flexibility,IM,1.0,8,0.0,1.0,1.0,N,,07/2012,Analyst
29-1229.06,1.A.3.c.2,Dynamic Flexibility,LV,0.0,8,0.0,0.0,0.0,N,Y,07/2012,Analyst
29-1229.06,1.A.3.c.3,Gross Body Coordination,IM,2.0,8,0.189,1.6296,2.3704,N,,07/2012,Analyst
29-1229.06,1.A.3.c.3,Gross Body Coordination,LV,1.75,8,0.3134,1.1358,2.3642,N,N,07/2012,Analyst
29-1229.06,1.A.3.c.4,Gross Body Equilibrium,IM,1.88,8,0.125,1.63,2.12,N,,07/2012,Analyst
29-1229.06,1.A.3.c.4,Gross Body Equilibrium,LV,1.38,8,0.2631,0.8594,1.8906,N,N,07/2012,Analyst
29-1229.06,1.A.4.a.1,Near Vision,IM,3.75,8,0.1637,3.4292,4.0708,N,,07/2012,Analyst
29-1229.06,1.A.4.a.1,Near Vision,LV,4.25,8,0.25,3.76,4.74,N,N,07/2012,Analyst
29-1229.06,1.A.4.a.2,Far Vision,IM,3.0,8,0.2673,2.4762,3.5238,N,,07/2012,Analyst
29-1229.06,1.A.4.a.2,Far Vision,LV,3.38,8,0.2631,2.8594,3.8906,N,N,07/2012,Analyst
29-1229.06,1.A.4.a.3,Visual Color Discrimination,IM,2.88,8,0.295,2.2967,3.4533,N,,07/2012,Analyst
29-1229.06,1.A.4.a.3,Visual Color Discrimination,LV,3.0,8,0.3273,2.3584,3.6416,N,N,07/2012,Analyst
29-1229.06,1.A.4.a.4,Night Vision,IM,1.0,8,0.0,1.0,1.0,N,,07/2012,Analyst
29-1229.06,1.A.4.a.4,Night Vision,LV,0.0,8,0.0,0.0,0.0,N,Y,07/2012,Analyst
29-1229.06,1.A.4.a.5,Peripheral Vision,IM,1.0,8,0.0,1.0,1.0,N,,07/2012,Analyst
29-1229.06,1.A.4.a.5,Peripheral Vision,LV,0.0,8,0.0,0.0,0.0,N,Y,07/2012,Analyst
29-1229.06,1.A.4.a.6,Depth Perception,IM,2.62,8,0.183,2.2664,2.9836,N,,07/2012,Analyst
29-1229.06,1.A.4.a.6,Depth Perception,LV,2.5,8,0.2673,1.9762,3.0238,N,N,07/2012,Analyst
29-1229.06,1.A.4.a.7,Glare Sensitivity,IM,1.0,8,0.0,1.0,1.0,N,,07/2012,Analyst
29-1229.06,1.A.4.a.7,Glare Sensitivity,LV,0.0,8,0.0,0.0,0.0,N,Y,07/2012,Analyst
29-1229.06,1.A.4.b.1,Hearing Sensitivity,IM,2.38,8,0.183,2.0164,2.7336,N,,07/2012,Analyst
29-1229.06,1.A.4.b.1,Hearing Sensitivity,LV,2.75,8,0.25,2.26,3.24,N,N,07/2012,Analyst
29-1229.06,1.A.4.b.2,Auditory Attention,IM,2.62,8,0.183,2.2664,2.9836,N,,07/2012,Analyst
29-1229.06,1.A.4.b.2,Auditory Attention,LV,2.75,8,0.3134,2.1358,3.3642,N,N,07/2012,Analyst
29-1229.06,1.A.4.b.3,Sound Localization,IM,1.0,8,0.0,1.0,1.0,N,,07/2012,Analyst
29-1229.06,1.A.4.b.3,Sound Localization,LV,0.0,8,0.0,0.0,0.0,N,Y,07/2012,Analyst
29-1229.06,1.A.4.b.4,Speech Recognition,IM,3.75,8,0.1637,3.4292,4.0708,N,,07/2012,Analyst
29-1229.06,1.A.4.b.4,Speech Recognition,LV,3.75,8,0.1637,3.4292,4.0708,N,N,07/2012,Analyst
29-1229.06,1.A.4.b.5,Speech Clarity,IM,4.0,8,0.189,3.6296,4.3704,N,,07/2012,Analyst
29-1229.06,1.A.4.b.5,Speech Clarity,LV,3.62,8,0.183,3.2664,3.9836,N,N,07/2012,Analyst
29-1241.00,1.A.1.a.1,Oral Comprehension,IM,4.12,8,0.125,3.88,4.37,N,,08/2022,Analyst
29-1241.00,1.A.1.a.1,Oral Comprehension,LV,5.12,8,0.125,4.88,5.37,N,N,08/2022,Analyst
29-1241.00,1.A.1.a.2,Written Comprehension,IM,4.25,8,0.1637,3.9292,4.5708,N,,08/2022,Analyst
29-1241.00,1.A.1.a.2,Written Comprehension,LV,5.0,8,0.0,5.0,5.0,N,N,08/2022,Analyst
29-1241.00,1.A.1.a.3,Oral Expression,IM,4.12,8,0.125,3.88,4.37,N,,08/2022,Analyst
29-1241.00,1.A.1.a.3,Oral Expression,LV,4.88,8,0.125,4.63,5.12,N,N,08/2022,Analyst
29-1241.00,1.A.1.a.4,Written Expression,IM,4.0,8,0.0,4.0,4.0,N,,08/2022,Analyst
29-1241.00,1.A.1.a.4,Written Expression,LV,4.62,8,0.183,4.2664,4.9836,N,N,08/2022,Analyst
29-1241.00,1.A.1.b.1,Fluency of Ideas,IM,3.0,8,0.0,3.0,3.0,N,,08/2022,Analyst
29-1241.00,1.A.1.b.1,Fluency of Ideas,LV,3.88,8,0.125,3.63,4.12,N,N,08/2022,Analyst
29-1241.00,1.A.1.b.2,Originality,IM,3.12,8,0.125,2.88,3.37,N,,08/2022,Analyst
29-1241.00,1.A.1.b.2,Originality,LV,3.88,8,0.125,3.63,4.12,N,N,08/2022,Analyst
29-1241.00,1.A.1.b.3,Problem Sensitivity,IM,4.25,8,0.1637,3.9292,4.5708,N,,08/2022,Analyst
29-1241.00,1.A.1.b.3,Problem Sensitivity,LV,5.62,8,0.183,5.2664,5.9836,N,N,08/2022,Analyst
29-1241.00,1.A.1.b.4,Deductive Reasoning,IM,4.12,8,0.125,3.88,4.37,N,,08/2022,Analyst
29-1241.00,1.A.1.b.4,Deductive Reasoning,LV,4.88,8,0.125,4.63,5.12,N,N,08/2022,Analyst
29-1241.00,1.A.1.b.5,Inductive Reasoning,IM,4.25,8,0.1637,3.9292,4.5708,N,,08/2022,Analyst
29-1241.00,1.A.1.b.5,Inductive Reasoning,LV,5.38,8,0.2631,4.8594,5.8906,N,N,08/2022,Analyst
29-1241.00,1.A.1.b.6,Information Ordering,IM,3.75,8,0.1637,3.4292,4.0708,N,,08/2022,Analyst
29-1241.00,1.A.1.b.6,Information Ordering,LV,4.0,8,0.189,3.6296,4.3704,N,N,08/2022,Analyst
29-1241.00,1.A.1.b.7,Category Flexibility,IM,3.62,8,0.183,3.2664,3.9836,N,,08/2022,Analyst
29-1241.00,1.A.1.b.7,Category Flexibility,LV,3.88,8,0.125,3.63,4.12,N,N,08/2022,Analyst
29-1241.00,1.A.1.c.1,Mathematical Reasoning,IM,3.0,8,0.0,3.0,3.0,N,,08/2022,Analyst
29-1241.00,1.A.1.c.1,Mathematical Reasoning,LV,3.12,8,0.125,2.88,3.37,N,N,08/2022,Analyst
29-1241.00,1.A.1.c.2,Number Facility,IM,3.0,8,0.0,3.0,3.0,N,,08/2022,Analyst
29-1241.00,1.A.1.c.2,Number Facility,LV,3.12,8,0.125,2.88,3.37,N,N,08/2022,Analyst
29-1241.00,1.A.1.d.1,Memorization,IM,2.88,8,0.125,2.63,3.12,N,,08/2022,Analyst
29-1241.00,1.A.1.d.1,Memorization,LV,2.88,8,0.125,2.63,3.12,N,N,08/2022,Analyst
29-1241.00,1.A.1.e.1,Speed of Closure,IM,2.75,8,0.1637,2.4292,3.0708,N,,08/2022,Analyst
29-1241.00,1.A.1.e.1,Speed of Closure,LV,3.12,8,0.2266,2.6809,3.5691,N,N,08/2022,Analyst
29-1241.00,1.A.1.e.2,Flexibility of Closure,IM,3.88,8,0.125,3.63,4.12,N,,08/2022,Analyst
29-1241.00,1.A.1.e.2,Flexibility of Closure,LV,3.88,8,0.125,3.63,4.12,N,N,08/2022,Analyst
29-1241.00,1.A.1.e.3,Perceptual Speed,IM,3.12,8,0.125,2.88,3.37,N,,08/2022,Analyst
29-1241.00,1.A.1.e.3,Perceptual Speed,LV,3.38,8,0.183,3.0164,3.7336,N,N,08/2022,Analyst
29-1241.00,1.A.1.f.1,Spatial Orientation,IM,2.0,8,0.0,2.0,2.0,N,,08/2022,Analyst
29-1241.00,1.A.1.f.1,Spatial Orientation,LV,1.12,8,0.125,0.88,1.37,N,N,08/2022,Analyst
29-1241.00,1.A.1.f.2,Visualization,IM,3.0,8,0.0,3.0,3.0,N,,08/2022,Analyst
29-1241.00,1.A.1.f.2,Visualization,LV,3.12,8,0.125,2.88,3.37,N,N,08/2022,Analyst
29-1241.00,1.A.1.g.1,Selective Attention,IM,3.38,8,0.183,3.0164,3.7336,N,,08/2022,Analyst
29-1241.00,1.A.1.g.1,Selective Attention,LV,3.38,8,0.183,3.0164,3.7336,N,N,08/2022,Analyst
29-1241.00,1.A.1.g.2,Time Sharing,IM,2.88,8,0.125,2.63,3.12,N,,08/2022,Analyst
29-1241.00,1.A.1.g.2,Time Sharing,LV,2.75,8,0.1637,2.4292,3.0708,N,N,08/2022,Analyst
29-1241.00,1.A.2.a.1,Arm-Hand Steadiness,IM,3.75,8,0.1637,3.4292,4.0708,N,,08/2022,Analyst
29-1241.00,1.A.2.a.1,Arm-Hand Steadiness,LV,4.38,8,0.2631,3.8594,4.8906,N,N,08/2022,Analyst
29-1241.00,1.A.2.a.2,Manual Dexterity,IM,3.12,8,0.125,2.88,3.37,N,,08/2022,Analyst
29-1241.00,1.A.2.a.2,Manual Dexterity,LV,3.38,8,0.183,3.0164,3.7336,N,N,08/2022,Analyst
29-1241.00,1.A.2.a.3,Finger Dexterity,IM,3.88,8,0.125,3.63,4.12,N,,08/2022,Analyst
29-1241.00,1.A.2.a.3,Finger Dexterity,LV,4.12,8,0.2266,3.6809,4.5691,N,N,08/2022,Analyst
29-1241.00,1.A.2.b.1,Control Precision,IM,3.38,8,0.183,3.0164,3.7336,N,,08/2022,Analyst
29-1241.00,1.A.2.b.1,Control Precision,LV,4.12,8,0.2266,3.6809,4.5691,N,N,08/2022,Analyst
29-1241.00,1.A.2.b.2,Multilimb Coordination,IM,2.88,8,0.125,2.63,3.12,N,,08/2022,Analyst
29-1241.00,1.A.2.b.2,Multilimb Coordination,LV,2.88,8,0.125,2.63,3.12,N,N,08/2022,Analyst
29-1241.00,1.A.2.b.3,Response Orientation,IM,2.88,8,0.125,2.63,3.12,N,,08/2022,Analyst
29-1241.00,1.A.2.b.3,Response Orientation,LV,2.62,8,0.2631,2.1094,3.1406,N,N,08/2022,Analyst
29-1241.00,1.A.2.b.4,Rate Control,IM,2.25,8,0.1637,1.9292,2.5708,N,,08/2022,Analyst
29-1241.00,1.A.2.b.4,Rate Control,LV,2.12,8,0.125,1.88,2.37,N,N,08/2022,Analyst
29-1241.00,1.A.2.c.1,Reaction Time,IM,2.25,8,0.1637,1.9292,2.5708,N,,08/2022,Analyst
29-1241.00,1.A.2.c.1,Reaction Time,LV,2.25,8,0.1637,1.9292,2.5708,N,N,08/2022,Analyst
29-1241.00,1.A.2.c.2,Wrist-Finger Speed,IM,2.38,8,0.183,2.0164,2.7336,N,,08/2022,Analyst
29-1241.00,1.A.2.c.2,Wrist-Finger Speed,LV,2.25,8,0.1637,1.9292,2.5708,N,N,08/2022,Analyst
29-1241.00,1.A.2.c.3,Speed of Limb Movement,IM,1.62,8,0.183,1.2664,1.9836,N,,08/2022,Analyst
29-1241.00,1.A.2.c.3,Speed of Limb Movement,LV,0.75,8,0.25,0.26,1.24,N,N,08/2022,Analyst
29-1241.00,1.A.3.a.1,Static Strength,IM,2.0,8,0.0,2.0,2.0,N,,08/2022,Analyst
29-1241.00,1.A.3.a.1,Static Strength,LV,1.12,8,0.125,0.88,1.37,N,N,08/2022,Analyst
29-1241.00,1.A.3.a.2,Explosive Strength,IM,1.25,8,0.1637,1.0,1.5708,N,,08/2022,Analyst
29-1241.00,1.A.3.a.2,Explosive Strength,LV,0.38,8,0.2631,0.0,0.8906,N,Y,08/2022,Analyst
29-1241.00,1.A.3.a.3,Dynamic Strength,IM,1.25,8,0.1637,1.0,1.5708,N,,08/2022,Analyst
29-1241.00,1.A.3.a.3,Dynamic Strength,LV,0.38,8,0.2631,0.0,0.8906,N,Y,08/2022,Analyst
29-1241.00,1.A.3.a.4,Trunk Strength,IM,1.88,8,0.295,1.2967,2.4533,N,,08/2022,Analyst
29-1241.00,1.A.3.a.4,Trunk Strength,LV,1.38,8,0.4199,0.5519,2.1981,N,N,08/2022,Analyst
29-1241.00,1.A.3.b.1,Stamina,IM,1.5,8,0.189,1.1296,1.8704,N,,08/2022,Analyst
29-1241.00,1.A.3.b.1,Stamina,LV,0.62,8,0.2631,0.1094,1.1406,N,N,08/2022,Analyst
29-1241.00,1.A.3.c.1,Extent Flexibility,IM,1.75,8,0.25,1.26,2.24,N,,08/2022,Analyst
29-1241.00,1.A.3.c.1,Extent Flexibility,LV,1.12,8,0.3981,0.3447,1.9053,N,N,08/2022,Analyst
29-1241.00,1.A.3.c.2,Dynamic Flexibility,IM,1.0,8,0.0,1.0,1.0,N,,08/2022,Analyst
29-1241.00,1.A.3.c.2,Dynamic Flexibility,LV,0.0,8,0.0,0.0,0.0,N,Y,08/2022,Analyst
29-1241.00,1.A.3.c.3,Gross Body Coordination,IM,1.38,8,0.183,1.0164,1.7336,N,,08/2022,Analyst
29-1241.00,1.A.3.c.3,Gross Body Coordination,LV,0.38,8,0.183,0.0164,0.7336,N,N,08/2022,Analyst
29-1241.00,1.A.3.c.4,Gross Body Equilibrium,IM,1.5,8,0.189,1.1296,1.8704,N,,08/2022,Analyst
29-1241.00,1.A.3.c.4,Gross Body Equilibrium,LV,0.75,8,0.3134,0.1358,1.3642,N,N,08/2022,Analyst
29-1241.00,1.A.4.a.1,Near Vision,IM,4.25,8,0.1637,3.9292,4.5708,N,,08/2022,Analyst
29-1241.00,1.A.4.a.1,Near Vision,LV,5.12,8,0.125,4.88,5.37,N,N,08/2022,Analyst
29-1241.00,1.A.4.a.2,Far Vision,IM,3.12,8,0.125,2.88,3.37,N,,08/2022,Analyst
29-1241.00,1.A.4.a.2,Far Vision,LV,3.75,8,0.1637,3.4292,4.0708,N,N,08/2022,Analyst
29-1241.00,1.A.4.a.3,Visual Color Discrimination,IM,3.0,8,0.0,3.0,3.0,N,,08/2022,Analyst
29-1241.00,1.A.4.a.3,Visual Color Discrimination,LV,3.38,8,0.183,3.0164,3.7336,N,N,08/2022,Analyst
29-1241.00,1.A.4.a.4,Night Vision,IM,2.0,8,0.0,2.0,2.0,N,,08/2022,Analyst
29-1241.00,1.A.4.a.4,Night Vision,LV,1.62,8,0.183,1.2664,1.9836,N,N,08/2022,Analyst
29-1241.00,1.A.4.a.5,Peripheral Vision,IM,2.0,8,0.0,2.0,2.0,N,,08/2022,Analyst
29-1241.00,1.A.4.a.5,Peripheral Vision,LV,1.25,8,0.1637,0.9292,1.5708,N,N,08/2022,Analyst
29-1241.00,1.A.4.a.6,Depth Perception,IM,2.5,8,0.189,2.1296,2.8704,N,,08/2022,Analyst
29-1241.00,1.A.4.a.6,Depth Perception,LV,2.5,8,0.189,2.1296,2.8704,N,N,08/2022,Analyst
29-1241.00,1.A.4.a.7,Glare Sensitivity,IM,2.0,8,0.0,2.0,2.0,N,,08/2022,Analyst
29-1241.00,1.A.4.a.7,Glare Sensitivity,LV,1.25,8,0.1637,0.9292,1.5708,N,N,08/2022,Analyst
29-1241.00,1.A.4.b.1,Hearing Sensitivity,IM,2.0,8,0.0,2.0,2.0,N,,08/2022,Analyst
29-1241.00,1.A.4.b.1,Hearing Sensitivity,LV,2.0,8,0.0,2.0,2.0,N,N,08/2022,Analyst
29-1241.00,1.A.4.b.2,Auditory Attention,IM,2.0,8,0.0,2.0,2.0,N,,08/2022,Analyst
29-1241.00,1.A.4.b.2,Auditory Attention,LV,2.0,8,0.0,2.0,2.0,N,N,08/2022,Analyst
29-1241.00,1.A.4.b.3,Sound Localization,IM,1.88,8,0.125,1.63,2.12,N,,08/2022,Analyst
29-1241.00,1.A.4.b.3,Sound Localization,LV,0.88,8,0.125,0.63,1.12,N,N,08/2022,Analyst
29-1241.00,1.A.4.b.4,Speech Recognition,IM,4.0,8,0.0,4.0,4.0,N,,08/2022,Analyst
29-1241.00,1.A.4.b.4,Speech Recognition,LV,4.0,8,0.0,4.0,4.0,N,N,08/2022,Analyst
29-1241.00,1.A.4.b.5,Speech Clarity,IM,4.0,8,0.0,4.0,4.0,N,,08/2022,Analyst
29-1241.00,1.A.4.b.5,Speech Clarity,LV,4.0,8,0.0,4.0,4.0,N,N,08/2022,Analyst
29-1291.00,1.A.1.a.1,Oral Comprehension,IM,3.88,8,0.125,3.63,4.12,N,,08/2020,Analyst
29-1291.00,1.A.1.a.1,Oral Comprehension,LV,4.12,8,0.125,3.88,4.37,N,N,08/2020,Analyst
29-1291.00,1.A.1.a.2,Written Comprehension,IM,3.62,8,0.183,3.2664,3.9836,N,,08/2020,Analyst
29-1291.00,1.A.1.a.2,Written Comprehension,LV,4.0,8,0.189,3.6296,4.3704,N,N,08/2020,Analyst
29-1291.00,1.A.1.a.3,Oral Expression,IM,3.88,8,0.125,3.63,4.12,N,,08/2020,Analyst
29-1291.00,1.A.1.a.3,Oral Expression,LV,4.12,8,0.125,3.88,4.37,N,N,08/2020,Analyst
29-1291.00,1.A.1.a.4,Written Expression,IM,3.12,8,0.125,2.88,3.37,N,,08/2020,Analyst
29-1291.00,1.A.1.a.4,Written Expression,LV,3.75,8,0.25,3.26,4.24,N,N,08/2020,Analyst
29-1291.00,1.A.1.b.1,Fluency of Ideas,IM,3.12,8,0.125,2.88,3.37,N,,08/2020,Analyst
29-1291.00,1.A.1.b.1,Fluency of Ideas,LV,3.25,8,0.25,2.76,3.74,N,N,08/2020,Analyst
29-1291.00,1.A.1.b.2,Originality,IM,2.88,8,0.125,2.63,3.12,N,,08/2020,Analyst
29-1291.00,1.A.1.b.2,Originality,LV,3.12,8,0.125,2.88,3.37,N,N,08/2020,Analyst
29-1291.00,1.A.1.b.3,Problem Sensitivity,IM,3.88,8,0.125,3.63,4.12,N,,08/2020,Analyst
29-1291.00,1.A.1.b.3,Problem Sensitivity,LV,4.12,8,0.125,3.88,4.37,N,N,08/2020,Analyst
29-1291.00,1.A.1.b.4,Deductive Reasoning,IM,3.88,8,0.125,3.63,4.12,N,,08/2020,Analyst
29-1291.00,1.A.1.b.4,Deductive Reasoning,LV,4.0,8,0.0,4.0,4.0,N,N,08/2020,Analyst
29-1291.00,1.A.1.b.5,Inductive Reasoning,IM,3.75,8,0.1637,3.4292,4.0708,N,,08/2020,Analyst
29-1291.00,1.A.1.b.5,Inductive Reasoning,LV,4.0,8,0.0,4.0,4.0,N,N,08/2020,Analyst
29-1291.00,1.A.1.b.6,Information Ordering,IM,3.12,8,0.125,2.88,3.37,N,,08/2020,Analyst
29-1291.00,1.A.1.b.6,Information Ordering,LV,3.12,8,0.125,2.88,3.37,N,N,08/2020,Analyst
29-1291.00,1.A.1.b.7,Category Flexibility,IM,3.0,8,0.0,3.0,3.0,N,,08/2020,Analyst
29-1291.00,1.A.1.b.7,Category Flexibility,LV,3.25,8,0.1637,2.9292,3.5708,N,N,08/2020,Analyst
29-1291.00,1.A.1.c.1,Mathematical Reasoning,IM,2.12,8,0.125,1.88,2.37,N,,08/2020,Analyst
29-1291.00,1.A.1.c.1,Mathematical Reasoning,LV,2.0,8,0.0,2.0,2.0,N,N,08/2020,Analyst
29-1291.00,1.A.1.c.2,Number Facility,IM,2.12,8,0.125,1.88,2.37,N,,08/2020,Analyst
29-1291.00,1.A.1.c.2,Number Facility,LV,2.12,8,0.125,1.88,2.37,N,N,08/2020,Analyst
29-1291.00,1.A.1.d.1,Memorization,IM,2.12,8,0.125,1.88,2.37,N,,08/2020,Analyst
29-1291.00,1.A.1.d.1,Memorization,LV,1.75,8,0.25,1.26,2.24,N,N,08/2020,Analyst
29-1291.00,1.A.1.e.1,Speed of Closure,IM,2.5,8,0.189,2.1296,2.8704,N,,08/2020,Analyst
29-1291.00,1.A.1.e.1,Speed of Closure,LV,2.12,8,0.125,1.88,2.37,N,N,08/2020,Analyst
29-1291.00,1.A.1.e.2,Flexibility of Closure,IM,3.0,8,0.0,3.0,3.0,N,,08/2020,Analyst
29-1291.00,1.A.1.e.2,Flexibility of Closure,LV,3.12,8,0.125,2.88,3.37,N,N,08/2020,Analyst
29-1291.00,1.A.1.e.3,Perceptual Speed,IM,2.62,8,0.183,2.2664,2.9836,N,,08/2020,Analyst
29-1291.00,1.A.1.e.3,Perceptual Speed,LV,2.75,8,0.1637,2.4292,3.0708,N,N,08/2020,Analyst
29-1291.00,1.A.1.f.1,Spatial Orientation,IM,1.25,8,0.1637,1.0,1.5708,N,,08/2020,Analyst
29-1291.00,1.A.1.f.1,Spatial Orientation,LV,0.25,8,0.1637,0.0,0.5708,N,Y,08/2020,Analyst
29-1291.00,1.A.1.f.2,Visualization,IM,2.88,8,0.125,2.63,3.12,N,,08/2020,Analyst
29-1291.00,1.A.1.f.2,Visualization,LV,2.88,8,0.125,2.63,3.12,N,N,08/2020,Analyst
29-1291.00,1.A.1.g.1,Selective Attention,IM,3.12,8,0.125,2.88,3.37,N,,08/2020,Analyst
29-1291.00,1.A.1.g.1,Selective Attention,LV,3.12,8,0.125,2.88,3.37,N,N,08/2020,Analyst
29-1291.00,1.A.1.g.2,Time Sharing,IM,2.75,8,0.1637,2.4292,3.0708,N,,08/2020,Analyst
29-1291.00,1.A.1.g.2,Time Sharing,LV,2.38,8,0.183,2.0164,2.7336,N,N,08/2020,Analyst
29-1291.00,1.A.2.a.1,Arm-Hand Steadiness,IM,3.25,8,0.1637,2.9292,3.5708,N,,08/2020,Analyst
29-1291.00,1.A.2.a.1,Arm-Hand Steadiness,LV,3.38,8,0.183,3.0164,3.7336,N,N,08/2020,Analyst
29-1291.00,1.A.2.a.2,Manual Dexterity,IM,3.0,8,0.0,3.0,3.0,N,,08/2020,Analyst
29-1291.00,1.A.2.a.2,Manual Dexterity,LV,3.0,8,0.0,3.0,3.0,N,N,08/2020,Analyst
29-1291.00,1.A.2.a.3,Finger Dexterity,IM,3.25,8,0.1637,2.9292,3.5708,N,,08/2020,Analyst
29-1291.00,1.A.2.a.3,Finger Dexterity,LV,3.5,8,0.189,3.1296,3.8704,N,N,08/2020,Analyst
29-1291.00,1.A.2.b.1,Control Precision,IM,2.12,8,0.125,1.88,2.37,N,,08/2020,Analyst
29-1291.00,1.A.2.b.1,Control Precision,LV,2.12,8,0.125,1.88,2.37,N,N,08/2020,Analyst
29-1291.00,1.A.2.b.2,Multilimb Coordination,IM,2.62,8,0.183,2.2664,2.9836,N,,08/2020,Analyst
29-1291.00,1.A.2.b.2,Multilimb Coordination,LV,2.25,8,0.1637,1.9292,2.5708,N,N,08/2020,Analyst
29-1291.00,1.A.2.b.3,Response Orientation,IM,1.0,8,0.0,1.0,1.0,N,,08/2020,Analyst
29-1291.00,1.A.2.b.3,Response Orientation,LV,0.0,8,0.0,0.0,0.0,N,Y,08/2020,Analyst
29-1291.00,1.A.2.b.4,Rate Control,IM,1.12,8,0.125,1.0,1.37,N,,08/2020,Analyst
29-1291.00,1.A.2.b.4,Rate Control,LV,0.12,8,0.125,0.0,0.37,N,Y,08/2020,Analyst
29-1291.00,1.A.2.c.1,Reaction Time,IM,1.5,8,0.189,1.1296,1.8704,N,,08/2020,Analyst
29-1291.00,1.A.2.c.1,Reaction Time,LV,0.62,8,0.2631,0.1094,1.1406,N,N,08/2020,Analyst
29-1291.00,1.A.2.c.2,Wrist-Finger Speed,IM,1.62,8,0.183,1.2664,1.9836,N,,08/2020,Analyst
29-1291.00,1.A.2.c.2,Wrist-Finger Speed,LV,0.75,8,0.25,0.26,1.24,N,N,08/2020,Analyst
29-1291.00,1.A.2.c.3,Speed of Limb Movement,IM,1.12,8,0.125,1.0,1.37,N,,08/2020,Analyst
29-1291.00,1.A.2.c.3,Speed of Limb Movement,LV,0.12,8,0.125,0.0,0.37,N,Y,08/2020,Analyst
29-1291.00,1.A.3.a.1,Static Strength,IM,2.12,8,0.125,1.88,2.37,N,,08/2020,Analyst
29-1291.00,1.A.3.a.1,Static Strength,LV,1.62,8,0.183,1.2664,1.9836,N,N,08/2020,Analyst
29-1291.00,1.A.3.a.2,Explosive Strength,IM,1.25,8,0.1637,1.0,1.5708,N,,08/2020,Analyst
29-1291.00,1.A.3.a.2,Explosive Strength,LV,0.25,8,0.1637,0.0,0.5708,N,Y,08/2020,Analyst
29-1291.00,1.A.3.a.3,Dynamic Strength,IM,2.25,8,0.1637,1.9292,2.5708,N,,08/2020,Analyst
29-1291.00,1.A.3.a.3,Dynamic Strength,LV,1.75,8,0.25,1.26,2.24,N,N,08/2020,Analyst
29-1291.00,1.A.3.a.4,Trunk Strength,IM,2.38,8,0.183,2.0164,2.7336,N,,08/2020,Analyst
29-1291.00,1.A.3.a.4,Trunk Strength,LV,2.38,8,0.183,2.0164,2.7336,N,N,08/2020,Analyst
29-1291.00,1.A.3.b.1,Stamina,IM,2.12,8,0.125,1.88,2.37,N,,08/2020,Analyst
29-1291.00,1.A.3.b.1,Stamina,LV,1.75,8,0.25,1.26,2.24,N,N,08/2020,Analyst
29-1291.00,1.A.3.c.1,Extent Flexibility,IM,2.25,8,0.1637,1.9292,2.5708,N,,08/2020,Analyst
29-1291.00,1.A.3.c.1,Extent Flexibility,LV,2.0,8,0.189,1.6296,2.3704,N,N,08/2020,Analyst
29-1291.00,1.A.3.c.2,Dynamic Flexibility,IM,1.0,8,0.0,1.0,1.0,N,,08/2020,Analyst
29-1291.00,1.A.3.c.2,Dynamic Flexibility,LV,0.0,8,0.0,0.0,0.0,N,Y,08/2020,Analyst
29-1291.00,1.A.3.c.3,Gross Body Coordination,IM,1.62,8,0.183,1.2664,1.9836,N,,08/2020,Analyst
29-1291.00,1.A.3.c.3,Gross Body Coordination,LV,0.62,8,0.183,0.2664,0.9836,N,N,08/2020,Analyst
29-1291.00,1.A.3.c.4,Gross Body Equilibrium,IM,1.75,8,0.1637,1.4292,2.0708,N,,08/2020,Analyst
29-1291.00,1.A.3.c.4,Gross Body Equilibrium,LV,0.88,8,0.2266,0.4309,1.3191,N,N,08/2020,Analyst
29-1291.00,1.A.4.a.1,Near Vision,IM,3.75,8,0.1637,3.4292,4.0708,N,,08/2020,Analyst
29-1291.00,1.A.4.a.1,Near Vision,LV,3.88,8,0.2266,3.4309,4.3191,N,N,08/2020,Analyst
29-1291.00,1.A.4.a.2,Far Vision,IM,2.62,8,0.2631,2.1094,3.1406,N,,08/2020,Analyst
29-1291.00,1.A.4.a.2,Far Vision,LV,2.5,8,0.2673,1.9762,3.0238,N,N,08/2020,Analyst
29-1291.00,1.A.4.a.3,Visual Color Discrimination,IM,2.0,8,0.189,1.6296,2.3704,N,,08/2020,Analyst
29-1291.00,1.A.4.a.3,Visual Color Discrimination,LV,1.75,8,0.25,1.26,2.24,N,N,08/2020,Analyst
29-1291.00,1.A.4.a.4,Night Vision,IM,1.0,8,0.0,1.0,1.0,N,,08/2020,Analyst
29-1291.00,1.A.4.a.4,Night Vision,LV,0.0,8,0.0,0.0,0.0,N,Y,08/2020,Analyst
29-1291.00,1.A.4.a.5,Peripheral Vision,IM,1.0,8,0.0,1.0,1.0,N,,08/2020,Analyst
29-1291.00,1.A.4.a.5,Peripheral Vision,LV,0.0,8,0.0,0.0,0.0,N,Y,08/2020,Analyst
29-1291.00,1.A.4.a.6,Depth Perception,IM,2.0,8,0.0,2.0,2.0,N,,08/2020,Analyst
29-1291.00,1.A.4.a.6,Depth Perception,LV,1.62,8,0.183,1.2664,1.9836,N,N,08/2020,Analyst
29-1291.00,1.A.4.a.7,Glare Sensitivity,IM,1.0,8,0.0,1.0,1.0,N,,08/2020,Analyst
29-1291.00,1.A.4.a.7,Glare Sensitivity,LV,0.0,8,0.0,0.0,0.0,N,Y,08/2020,Analyst
29-1291.00,1.A.4.b.1,Hearing Sensitivity,IM,1.88,8,0.125,1.63,2.12,N,,08/2020,Analyst
29-1291.00,1.A.4.b.1,Hearing Sensitivity,LV,1.75,8,0.25,1.26,2.24,N,N,08/2020,Analyst
29-1291.00,1.A.4.b.2,Auditory Attention,IM,1.88,8,0.125,1.63,2.12,N,,08/2020,Analyst
29-1291.00,1.A.4.b.2,Auditory Attention,LV,1.75,8,0.25,1.26,2.24,N,N,08/2020,Analyst
29-1291.00,1.A.4.b.3,Sound Localization,IM,1.0,8,0.0,1.0,1.0,N,,08/2020,Analyst
29-1291.00,1.A.4.b.3,Sound Localization,LV,0.0,8,0.0,0.0,0.0,N,Y,08/2020,Analyst
29-1291.00,1.A.4.b.4,Speech Recognition,IM,3.12,8,0.125,2.88,3.37,N,,08/2020,Analyst
29-1291.00,1.A.4.b.4,Speech Recognition,LV,3.0,8,0.0,3.0,3.0,N,N,08/2020,Analyst
29-1291.00,1.A.4.b.5,Speech Clarity,IM,3.25,8,0.1637,2.9292,3.5708,N,,08/2020,Analyst
29-1291.00,1.A.4.b.5,Speech Clarity,LV,3.0,8,0.0,3.0,3.0,N,N,08/2020,Analyst
29-1292.00,1.A.1.a.1,Oral Comprehension,IM,3.75,8,0.1637,3.4292,4.0708,N,,08/2021,Analyst
29-1292.00,1.A.1.a.1,Oral Comprehension,LV,3.88,8,0.125,3.63,4.12,N,N,08/2021,Analyst
29-1292.00,1.A.1.a.2,Written Comprehension,IM,3.12,8,0.125,2.88,3.37,N,,08/2021,Analyst
29-1292.00,1.A.1.a.2,Written Comprehension,LV,3.88,8,0.125,3.63,4.12,N,N,08/2021,Analyst
29-1292.00,1.A.1.a.3,Oral Expression,IM,3.75,8,0.1637,3.4292,4.0708,N,,08/2021,Analyst
29-1292.00,1.A.1.a.3,Oral Expression,LV,3.88,8,0.125,3.63,4.12,N,N,08/2021,Analyst
29-1292.00,1.A.1.a.4,Written Expression,IM,3.0,8,0.0,3.0,3.0,N,,08/2021,Analyst
29-1292.00,1.A.1.a.4,Written Expression,LV,3.5,8,0.189,3.1296,3.8704,N,N,08/2021,Analyst
29-1292.00,1.A.1.b.1,Fluency of Ideas,IM,2.88,8,0.125,2.63,3.12,N,,08/2021,Analyst
29-1292.00,1.A.1.b.1,Fluency of Ideas,LV,2.62,8,0.183,2.2664,2.9836,N,N,08/2021,Analyst
29-1292.00,1.A.1.b.2,Originality,IM,2.62,8,0.183,2.2664,2.9836,N,,08/2021,Analyst
29-1292.00,1.A.1.b.2,Originality,LV,2.12,8,0.125,1.88,2.37,N,N,08/2021,Analyst
29-1292.00,1.A.1.b.3,Problem Sensitivity,IM,3.88,8,0.125,3.63,4.12,N,,08/2021,Analyst
29-1292.00,1.A.1.b.3,Problem Sensitivity,LV,4.0,8,0.0,4.0,4.0,N,N,08/2021,Analyst
29-1292.00,1.A.1.b.4,Deductive Reasoning,IM,3.0,8,0.0,3.0,3.0,N,,08/2021,Analyst
29-1292.00,1.A.1.b.4,Deductive Reasoning,LV,3.0,8,0.0,3.0,3.0,N,N,08/2021,Analyst
29-1292.00,1.A.1.b.5,Inductive Reasoning,IM,3.12,8,0.125,2.88,3.37,N,,08/2021,Analyst
29-1292.00,1.A.1.b.5,Inductive Reasoning,LV,3.38,8,0.183,3.0164,3.7336,N,N,08/2021,Analyst
29-1292.00,1.A.1.b.6,Information Ordering,IM,3.0,8,0.0,3.0,3.0,N,,08/2021,Analyst
29-1292.00,1.A.1.b.6,Information Ordering,LV,3.12,8,0.125,2.88,3.37,N,N,08/2021,Analyst
29-1292.00,1.A.1.b.7,Category Flexibility,IM,3.0,8,0.0,3.0,3.0,N,,08/2021,Analyst
29-1292.00,1.A.1.b.7,Category Flexibility,LV,3.0,8,0.0,3.0,3.0,N,N,08/2021,Analyst
29-1292.00,1.A.1.c.1,Mathematical Reasoning,IM,2.12,8,0.125,1.88,2.37,N,,08/2021,Analyst
29-1292.00,1.A.1.c.1,Mathematical Reasoning,LV,1.88,8,0.125,1.63,2.12,N,N,08/2021,Analyst
29-1292.00,1.A.1.c.2,Number Facility,IM,2.12,8,0.125,1.88,2.37,N,,08/2021,Analyst
29-1292.00,1.A.1.c.2,Number Facility,LV,1.88,8,0.125,1.63,2.12,N,N,08/2021,Analyst
29-1292.00,1.A.1.d.1,Memorization,IM,2.12,8,0.125,1.88,2.37,N,,08/2021,Analyst
29-1292.00,1.A.1.d.1,Memorization,LV,2.25,8,0.1637,1.9292,2.5708,N,N,08/2021,Analyst
29-1292.00,1.A.1.e.1,Speed of Closure,IM,2.12,8,0.125,1.88,2.37,N,,08/2021,Analyst
29-1292.00,1.A.1.e.1,Speed of Closure,LV,2.12,8,0.125,1.88,2.37,N,N,08/2021,Analyst
29-1292.00,1.A.1.e.2,Flexibility of Closure,IM,3.0,8,0.0,3.0,3.0,N,,08/2021,Analyst
29-1292.00,1.A.1.e.2,Flexibility of Closure,LV,3.12,8,0.125,2.88,3.37,N,N,08/2021,Analyst
29-1292.00,1.A.1.e.3,Perceptual Speed,IM,3.0,8,0.0,3.0,3.0,N,,08/2021,Analyst
29-1292.00,1.A.1.e.3,Perceptual Speed,LV,3.0,8,0.0,3.0,3.0,N,N,08/2021,Analyst
29-1292.00,1.A.1.f.1,Spatial Orientation,IM,1.0,8,0.0,1.0,1.0,N,,08/2021,Analyst
29-1292.00,1.A.1.f.1,Spatial Orientation,LV,0.0,8,0.0,0.0,0.0,N,Y,08/2021,Analyst
29-1292.00,1.A.1.f.2,Visualization,IM,2.88,8,0.125,2.63,3.12,N,,08/2021,Analyst
29-1292.00,1.A.1.f.2,Visualization,LV,3.0,8,0.189,2.6296,3.3704,N,N,08/2021,Analyst
29-1292.00,1.A.1.g.1,Selective Attention,IM,3.0,8,0.189,2.6296,3.3704,N,,08/2021,Analyst
29-1292.00,1.A.1.g.1,Selective Attention,LV,3.12,8,0.125,2.88,3.37,N,N,08/2021,Analyst
29-1292.00,1.A.1.g.2,Time Sharing,IM,3.0,8,0.0,3.0,3.0,N,,08/2021,Analyst
29-1292.00,1.A.1.g.2,Time Sharing,LV,2.88,8,0.125,2.63,3.12,N,N,08/2021,Analyst
29-1292.00,1.A.2.a.1,Arm-Hand Steadiness,IM,3.88,8,0.125,3.63,4.12,N,,08/2021,Analyst
29-1292.00,1.A.2.a.1,Arm-Hand Steadiness,LV,3.75,8,0.1637,3.4292,4.0708,N,N,08/2021,Analyst
29-1292.00,1.A.2.a.2,Manual Dexterity,IM,3.25,8,0.1637,2.9292,3.5708,N,,08/2021,Analyst
29-1292.00,1.A.2.a.2,Manual Dexterity,LV,3.5,8,0.189,3.1296,3.8704,N,N,08/2021,Analyst
29-1292.00,1.A.2.a.3,Finger Dexterity,IM,3.88,8,0.125,3.63,4.12,N,,08/2021,Analyst
29-1292.00,1.A.2.a.3,Finger Dexterity,LV,3.75,8,0.1637,3.4292,4.0708,N,N,08/2021,Analyst
29-1292.00,1.A.2.b.1,Control Precision,IM,3.0,8,0.0,3.0,3.0,N,,08/2021,Analyst
29-1292.00,1.A.2.b.1,Control Precision,LV,3.12,8,0.125,2.88,3.37,N,N,08/2021,Analyst
29-1292.00,1.A.2.b.2,Multilimb Coordination,IM,2.75,8,0.1637,2.4292,3.0708,N,,08/2021,Analyst
29-1292.00,1.A.2.b.2,Multilimb Coordination,LV,2.88,8,0.125,2.63,3.12,N,N,08/2021,Analyst
29-1292.00,1.A.2.b.3,Response Orientation,IM,1.75,8,0.1637,1.4292,2.0708,N,,08/2021,Analyst
29-1292.00,1.A.2.b.3,Response Orientation,LV,1.5,8,0.3273,0.8584,2.1416,N,N,08/2021,Analyst
29-1292.00,1.A.2.b.4,Rate Control,IM,1.88,8,0.125,1.63,2.12,N,,08/2021,Analyst
29-1292.00,1.A.2.b.4,Rate Control,LV,1.5,8,0.2673,0.9762,2.0238,N,N,08/2021,Analyst
29-1292.00,1.A.2.c.1,Reaction Time,IM,2.0,8,0.0,2.0,2.0,N,,08/2021,Analyst
29-1292.00,1.A.2.c.1,Reaction Time,LV,1.62,8,0.183,1.2664,1.9836,N,N,08/2021,Analyst
29-1292.00,1.A.2.c.2,Wrist-Finger Speed,IM,2.12,8,0.125,1.88,2.37,N,,08/2021,Analyst
29-1292.00,1.A.2.c.2,Wrist-Finger Speed,LV,2.12,8,0.125,1.88,2.37,N,N,08/2021,Analyst
29-1292.00,1.A.2.c.3,Speed of Limb Movement,IM,1.0,8,0.0,1.0,1.0,N,,08/2021,Analyst
29-1292.00,1.A.2.c.3,Speed of Limb Movement,LV,0.0,8,0.0,0.0,0.0,N,Y,08/2021,Analyst
29-1292.00,1.A.3.a.1,Static Strength,IM,2.0,8,0.0,2.0,2.0,N,,08/2021,Analyst
29-1292.00,1.A.3.a.1,Static Strength,LV,1.88,8,0.125,1.63,2.12,N,N,08/2021,Analyst
29-1292.00,1.A.3.a.2,Explosive Strength,IM,1.25,8,0.1637,1.0,1.5708,N,,08/2021,Analyst
29-1292.00,1.A.3.a.2,Explosive Strength,LV,0.38,8,0.2631,0.0,0.8906,N,Y,08/2021,Analyst
29-1292.00,1.A.3.a.3,Dynamic Strength,IM,2.0,8,0.0,2.0,2.0,N,,08/2021,Analyst
29-1292.00,1.A.3.a.3,Dynamic Strength,LV,2.0,8,0.0,2.0,2.0,N,N,08/2021,Analyst
29-1292.00,1.A.3.a.4,Trunk Strength,IM,2.38,8,0.183,2.0164,2.7336,N,,08/2021,Analyst
29-1292.00,1.A.3.a.4,Trunk Strength,LV,2.25,8,0.1637,1.9292,2.5708,N,N,08/2021,Analyst
29-1292.00,1.A.3.b.1,Stamina,IM,2.12,8,0.125,1.88,2.37,N,,08/2021,Analyst
29-1292.00,1.A.3.b.1,Stamina,LV,1.75,8,0.1637,1.4292,2.0708,N,N,08/2021,Analyst
29-1292.00,1.A.3.c.1,Extent Flexibility,IM,2.62,8,0.183,2.2664,2.9836,N,,08/2021,Analyst
29-1292.00,1.A.3.c.1,Extent Flexibility,LV,2.62,8,0.183,2.2664,2.9836,N,N,08/2021,Analyst
29-1292.00,1.A.3.c.2,Dynamic Flexibility,IM,1.0,8,0.0,1.0,1.0,N,,08/2021,Analyst
29-1292.00,1.A.3.c.2,Dynamic Flexibility,LV,0.0,8,0.0,0.0,0.0,N,Y,08/2021,Analyst
29-1292.00,1.A.3.c.3,Gross Body Coordination,IM,2.0,8,0.0,2.0,2.0,N,,08/2021,Analyst
29-1292.00,1.A.3.c.3,Gross Body Coordination,LV,1.75,8,0.1637,1.4292,2.0708,N,N,08/2021,Analyst
29-1292.00,1.A.3.c.4,Gross Body Equilibrium,IM,2.12,8,0.125,1.88,2.37,N,,08/2021,Analyst
29-1292.00,1.A.3.c.4,Gross Body Equilibrium,LV,1.62,8,0.183,1.2664,1.9836,N,N,08/2021,Analyst
29-1292.00,1.A.4.a.1,Near Vision,IM,3.88,8,0.125,3.63,4.12,N,,08/2021,Analyst
29-1292.00,1.A.4.a.1,Near Vision,LV,4.0,8,0.0,4.0,4.0,N,N,08/2021,Analyst
29-1292.00,1.A.4.a.2,Far Vision,IM,2.88,8,0.125,2.63,3.12,N,,08/2021,Analyst
29-1292.00,1.A.4.a.2,Far Vision,LV,2.88,8,0.125,2.63,3.12,N,N,08/2021,Analyst
29-1292.00,1.A.4.a.3,Visual Color Discrimination,IM,3.0,8,0.189,2.6296,3.3704,N,,08/2021,Analyst
29-1292.00,1.A.4.a.3,Visual Color Discrimination,LV,3.12,8,0.125,2.88,3.37,N,N,08/2021,Analyst
29-1292.00,1.A.4.a.4,Night Vision,IM,1.0,8,0.0,1.0,1.0,N,,08/2021,Analyst
29-1292.00,1.A.4.a.4,Night Vision,LV,0.0,8,0.0,0.0,0.0,N,Y,08/2021,Analyst
29-1292.00,1.A.4.a.5,Peripheral Vision,IM,1.0,8,0.0,1.0,1.0,N,,08/2021,Analyst
29-1292.00,1.A.4.a.5,Peripheral Vision,LV,0.0,8,0.0,0.0,0.0,N,Y,08/2021,Analyst
29-1292.00,1.A.4.a.6,Depth Perception,IM,2.0,8,0.0,2.0,2.0,N,,08/2021,Analyst
29-1292.00,1.A.4.a.6,Depth Perception,LV,2.0,8,0.0,2.0,2.0,N,N,08/2021,Analyst
29-1292.00,1.A.4.a.7,Glare Sensitivity,IM,1.0,8,0.0,1.0,1.0,N,,08/2021,Analyst
29-1292.00,1.A.4.a.7,Glare Sensitivity,LV,0.0,8,0.0,0.0,0.0,N,Y,08/2021,Analyst
29-1292.00,1.A.4.b.1,Hearing Sensitivity,IM,2.12,8,0.125,1.88,2.37,N,,08/2021,Analyst
29-1292.00,1.A.4.b.1,Hearing Sensitivity,LV,2.12,8,0.125,1.88,2.37,N,N,08/2021,Analyst
29-1292.00,1.A.4.b.2,Auditory Attention,IM,2.25,8,0.1637,1.9292,2.5708,N,,08/2021,Analyst
29-1292.00,1.A.4.b.2,Auditory Attention,LV,2.12,8,0.125,1.88,2.37,N,N,08/2021,Analyst
29-1292.00,1.A.4.b.3,Sound Localization,IM,1.0,8,0.0,1.0,1.0,N,,08/2021,Analyst
29-1292.00,1.A.4.b.3,Sound Localization,LV,0.0,8,0.0,0.0,0.0,N,Y,08/2021,Analyst
29-1292.00,1.A.4.b.4,Speech Recognition,IM,3.25,8,0.1637,2.9292,3.5708,N,,08/2021,Analyst
29-1292.00,1.A.4.b.4,Speech Recognition,LV,3.25,8,0.1637,2.9292,3.5708,N,N,08/2021,Analyst
29-1292.00,1.A.4.b.5,Speech Clarity,IM,3.25,8,0.1637,2.9292,3.5708,N,,08/2021,Analyst
29-1292.00,1.A.4.b.5,Speech Clarity,LV,3.12,8,0.125,2.88,3.37,N,N,08/2021,Analyst
29-1299.01,1.A.1.a.1,Oral Comprehension,IM,4.0,8,0.0,4.0,4.0,N,,08/2021,Analyst
29-1299.01,1.A.1.a.1,Oral Comprehension,LV,5.0,8,0.0,5.0,5.0,N,N,08/2021,Analyst
29-1299.01,1.A.1.a.2,Written Comprehension,IM,4.0,8,0.0,4.0,4.0,N,,08/2021,Analyst
29-1299.01,1.A.1.a.2,Written Comprehension,LV,5.0,8,0.0,5.0,5.0,N,N,08/2021,Analyst
29-1299.01,1.A.1.a.3,Oral Expression,IM,4.12,8,0.125,3.88,4.37,N,,08/2021,Analyst
29-1299.01,1.A.1.a.3,Oral Expression,LV,5.0,8,0.0,5.0,5.0,N,N,08/2021,Analyst
29-1299.01,1.A.1.a.4,Written Expression,IM,3.88,8,0.125,3.63,4.12,N,,08/2021,Analyst
29-1299.01,1.A.1.a.4,Written Expression,LV,4.25,8,0.1637,3.9292,4.5708,N,N,08/2021,Analyst
29-1299.01,1.A.1.b.1,Fluency of Ideas,IM,3.5,8,0.189,3.1296,3.8704,N,,08/2021,Analyst
29-1299.01,1.A.1.b.1,Fluency of Ideas,LV,3.88,8,0.125,3.63,4.12,N,N,08/2021,Analyst
29-1299.01,1.A.1.b.2,Originality,IM,3.25,8,0.1637,2.9292,3.5708,N,,08/2021,Analyst
29-1299.01,1.A.1.b.2,Originality,LV,3.88,8,0.125,3.63,4.12,N,N,08/2021,Analyst
29-1299.01,1.A.1.b.3,Problem Sensitivity,IM,4.25,8,0.1637,3.9292,4.5708,N,,08/2021,Analyst
29-1299.01,1.A.1.b.3,Problem Sensitivity,LV,5.0,8,0.0,5.0,5.0,N,N,08/2021,Analyst
29-1299.01,1.A.1.b.4,Deductive Reasoning,IM,4.12,8,0.125,3.88,4.37,N,,08/2021,Analyst
29-1299.01,1.A.1.b.4,Deductive Reasoning,LV,5.0,8,0.0,5.0,5.0,N,N,08/2021,Analyst
29-1299.01,1.A.1.b.5,Inductive Reasoning,IM,4.12,8,0.125,3.88,4.37,N,,08/2021,Analyst
29-1299.01,1.A.1.b.5,Inductive Reasoning,LV,5.12,8,0.125,4.88,5.37,N,N,08/2021,Analyst
29-1299.01,1.A.1.b.6,Information Ordering,IM,3.88,8,0.125,3.63,4.12,N,,08/2021,Analyst
29-1299.01,1.A.1.b.6,Information Ordering,LV,4.0,8,0.0,4.0,4.0,N,N,08/2021,Analyst
29-1299.01,1.A.1.b.7,Category Flexibility,IM,3.75,8,0.1637,3.4292,4.0708,N,,08/2021,Analyst
29-1299.01,1.A.1.b.7,Category Flexibility,LV,4.0,8,0.0,4.0,4.0,N,N,08/2021,Analyst
29-1299.01,1.A.1.c.1,Mathematical Reasoning,IM,2.88,8,0.125,2.63,3.12,N,,08/2021,Analyst
29-1299.01,1.A.1.c.1,Mathematical Reasoning,LV,2.88,8,0.125,2.63,3.12,N,N,08/2021,Analyst
29-1299.01,1.A.1.c.2,Number Facility,IM,2.88,8,0.125,2.63,3.12,N,,08/2021,Analyst
29-1299.01,1.A.1.c.2,Number Facility,LV,2.88,8,0.125,2.63,3.12,N,N,08/2021,Analyst
29-1299.01,1.A.1.d.1,Memorization,IM,2.75,8,0.1637,2.4292,3.0708,N,,08/2021,Analyst
29-1299.01,1.A.1.d.1,Memorization,LV,2.62,8,0.183,2.2664,2.9836,N,N,08/2021,Analyst
29-1299.01,1.A.1.e.1,Speed of Closure,IM,2.88,8,0.125,2.63,3.12,N,,08/2021,Analyst
29-1299.01,1.A.1.e.1,Speed of Closure,LV,2.88,8,0.125,2.63,3.12,N,N,08/2021,Analyst
29-1299.01,1.A.1.e.2,Flexibility of Closure,IM,3.38,8,0.183,3.0164,3.7336,N,,08/2021,Analyst
29-1299.01,1.A.1.e.2,Flexibility of Closure,LV,3.75,8,0.1637,3.4292,4.0708,N,N,08/2021,Analyst
29-1299.01,1.A.1.e.3,Perceptual Speed,IM,3.0,8,0.0,3.0,3.0,N,,08/2021,Analyst
29-1299.01,1.A.1.e.3,Perceptual Speed,LV,3.0,8,0.0,3.0,3.0,N,N,08/2021,Analyst
29-1299.01,1.A.1.f.1,Spatial Orientation,IM,1.0,8,0.0,1.0,1.0,N,,08/2021,Analyst
29-1299.01,1.A.1.f.1,Spatial Orientation,LV,0.0,8,0.0,0.0,0.0,N,Y,08/2021,Analyst
29-1299.01,1.A.1.f.2,Visualization,IM,2.88,8,0.125,2.63,3.12,N,,08/2021,Analyst
29-1299.01,1.A.1.f.2,Visualization,LV,2.88,8,0.125,2.63,3.12,N,N,08/2021,Analyst
29-1299.01,1.A.1.g.1,Selective Attention,IM,3.12,8,0.125,2.88,3.37,N,,08/2021,Analyst
29-1299.01,1.A.1.g.1,Selective Attention,LV,3.12,8,0.125,2.88,3.37,N,N,08/2021,Analyst
29-1299.01,1.A.1.g.2,Time Sharing,IM,2.75,8,0.1637,2.4292,3.0708,N,,08/2021,Analyst
29-1299.01,1.A.1.g.2,Time Sharing,LV,2.75,8,0.1637,2.4292,3.0708,N,N,08/2021,Analyst
29-1299.01,1.A.2.a.1,Arm-Hand Steadiness,IM,2.0,8,0.0,2.0,2.0,N,,08/2021,Analyst
29-1299.01,1.A.2.a.1,Arm-Hand Steadiness,LV,1.88,8,0.125,1.63,2.12,N,N,08/2021,Analyst
29-1299.01,1.A.2.a.2,Manual Dexterity,IM,2.0,8,0.0,2.0,2.0,N,,08/2021,Analyst
29-1299.01,1.A.2.a.2,Manual Dexterity,LV,1.75,8,0.1637,1.4292,2.0708,N,N,08/2021,Analyst
29-1299.01,1.A.2.a.3,Finger Dexterity,IM,2.5,8,0.189,2.1296,2.8704,N,,08/2021,Analyst
29-1299.01,1.A.2.a.3,Finger Dexterity,LV,2.5,8,0.2673,1.9762,3.0238,N,N,08/2021,Analyst
29-1299.01,1.A.2.b.1,Control Precision,IM,1.5,8,0.189,1.1296,1.8704,N,,08/2021,Analyst
29-1299.01,1.A.2.b.1,Control Precision,LV,0.5,8,0.189,0.1296,0.8704,N,N,08/2021,Analyst
29-1299.01,1.A.2.b.2,Multilimb Coordination,IM,1.62,8,0.183,1.2664,1.9836,N,,08/2021,Analyst
29-1299.01,1.A.2.b.2,Multilimb Coordination,LV,0.62,8,0.183,0.2664,0.9836,N,N,08/2021,Analyst
29-1299.01,1.A.2.b.3,Response Orientation,IM,1.0,8,0.0,1.0,1.0,N,,08/2021,Analyst
29-1299.01,1.A.2.b.3,Response Orientation,LV,0.0,8,0.0,0.0,0.0,N,Y,08/2021,Analyst
29-1299.01,1.A.2.b.4,Rate Control,IM,1.0,8,0.0,1.0,1.0,N,,08/2021,Analyst
29-1299.01,1.A.2.b.4,Rate Control,LV,0.0,8,0.0,0.0,0.0,N,Y,08/2021,Analyst
29-1299.01,1.A.2.c.1,Reaction Time,IM,1.0,8,0.0,1.0,1.0,N,,08/2021,Analyst
29-1299.01,1.A.2.c.1,Reaction Time,LV,0.0,8,0.0,0.0,0.0,N,Y,08/2021,Analyst
29-1299.01,1.A.2.c.2,Wrist-Finger Speed,IM,1.88,8,0.125,1.63,2.12,N,,08/2021,Analyst
29-1299.01,1.A.2.c.2,Wrist-Finger Speed,LV,1.0,8,0.189,0.6296,1.3704,N,N,08/2021,Analyst
29-1299.01,1.A.2.c.3,Speed of Limb Movement,IM,1.0,8,0.0,1.0,1.0,N,,08/2021,Analyst
29-1299.01,1.A.2.c.3,Speed of Limb Movement,LV,0.0,8,0.0,0.0,0.0,N,Y,08/2021,Analyst
29-1299.01,1.A.3.a.1,Static Strength,IM,1.12,8,0.125,1.0,1.37,N,,08/2021,Analyst
29-1299.01,1.A.3.a.1,Static Strength,LV,0.12,8,0.125,0.0,0.37,N,Y,08/2021,Analyst
29-1299.01,1.A.3.a.2,Explosive Strength,IM,1.0,8,0.0,1.0,1.0,N,,08/2021,Analyst
29-1299.01,1.A.3.a.2,Explosive Strength,LV,0.0,8,0.0,0.0,0.0,N,Y,08/2021,Analyst
29-1299.01,1.A.3.a.3,Dynamic Strength,IM,1.12,8,0.125,1.0,1.37,N,,08/2021,Analyst
29-1299.01,1.A.3.a.3,Dynamic Strength,LV,0.12,8,0.125,0.0,0.37,N,Y,08/2021,Analyst
29-1299.01,1.A.3.a.4,Trunk Strength,IM,1.75,8,0.1637,1.4292,2.0708,N,,08/2021,Analyst
29-1299.01,1.A.3.a.4,Trunk Strength,LV,1.12,8,0.295,0.5467,1.7033,N,N,08/2021,Analyst
29-1299.01,1.A.3.b.1,Stamina,IM,1.0,8,0.0,1.0,1.0,N,,08/2021,Analyst
29-1299.01,1.A.3.b.1,Stamina,LV,0.0,8,0.0,0.0,0.0,N,Y,08/2021,Analyst
29-1299.01,1.A.3.c.1,Extent Flexibility,IM,1.12,8,0.125,1.0,1.37,N,,08/2021,Analyst
29-1299.01,1.A.3.c.1,Extent Flexibility,LV,0.25,8,0.25,0.0,0.74,N,Y,08/2021,Analyst
29-1299.01,1.A.3.c.2,Dynamic Flexibility,IM,1.0,8,0.0,1.0,1.0,N,,08/2021,Analyst
29-1299.01,1.A.3.c.2,Dynamic Flexibility,LV,0.0,8,0.0,0.0,0.0,N,Y,08/2021,Analyst
29-1299.01,1.A.3.c.3,Gross Body Coordination,IM,1.0,8,0.0,1.0,1.0,N,,08/2021,Analyst
29-1299.01,1.A.3.c.3,Gross Body Coordination,LV,0.0,8,0.0,0.0,0.0,N,Y,08/2021,Analyst
29-1299.01,1.A.3.c.4,Gross Body Equilibrium,IM,1.0,8,0.0,1.0,1.0,N,,08/2021,Analyst
29-1299.01,1.A.3.c.4,Gross Body Equilibrium,LV,0.0,8,0.0,0.0,0.0,N,Y,08/2021,Analyst
29-1299.01,1.A.4.a.1,Near Vision,IM,3.88,8,0.125,3.63,4.12,N,,08/2021,Analyst
29-1299.01,1.A.4.a.1,Near Vision,LV,4.0,8,0.0,4.0,4.0,N,N,08/2021,Analyst
29-1299.01,1.A.4.a.2,Far Vision,IM,3.0,8,0.0,3.0,3.0,N,,08/2021,Analyst
29-1299.01,1.A.4.a.2,Far Vision,LV,3.0,8,0.0,3.0,3.0,N,N,08/2021,Analyst
29-1299.01,1.A.4.a.3,Visual Color Discrimination,IM,2.75,8,0.1637,2.4292,3.0708,N,,08/2021,Analyst
29-1299.01,1.A.4.a.3,Visual Color Discrimination,LV,2.75,8,0.1637,2.4292,3.0708,N,N,08/2021,Analyst
29-1299.01,1.A.4.a.4,Night Vision,IM,1.0,8,0.0,1.0,1.0,N,,08/2021,Analyst
29-1299.01,1.A.4.a.4,Night Vision,LV,0.0,8,0.0,0.0,0.0,N,Y,08/2021,Analyst
29-1299.01,1.A.4.a.5,Peripheral Vision,IM,1.0,8,0.0,1.0,1.0,N,,08/2021,Analyst
29-1299.01,1.A.4.a.5,Peripheral Vision,LV,0.0,8,0.0,0.0,0.0,N,Y,08/2021,Analyst
29-1299.01,1.A.4.a.6,Depth Perception,IM,2.0,8,0.0,2.0,2.0,N,,08/2021,Analyst
29-1299.01,1.A.4.a.6,Depth Perception,LV,1.62,8,0.183,1.2664,1.9836,N,N,08/2021,Analyst
29-1299.01,1.A.4.a.7,Glare Sensitivity,IM,1.0,8,0.0,1.0,1.0,N,,08/2021,Analyst
29-1299.01,1.A.4.a.7,Glare Sensitivity,LV,0.0,8,0.0,0.0,0.0,N,Y,08/2021,Analyst
29-1299.01,1.A.4.b.1,Hearing Sensitivity,IM,2.25,8,0.1637,1.9292,2.5708,N,,08/2021,Analyst
29-1299.01,1.A.4.b.1,Hearing Sensitivity,LV,2.0,8,0.0,2.0,2.0,N,N,08/2021,Analyst
29-1299.01,1.A.4.b.2,Auditory Attention,IM,2.0,8,0.0,2.0,2.0,N,,08/2021,Analyst
29-1299.01,1.A.4.b.2,Auditory Attention,LV,1.88,8,0.125,1.63,2.12,N,N,08/2021,Analyst
29-1299.01,1.A.4.b.3,Sound Localization,IM,1.0,8,0.0,1.0,1.0,N,,08/2021,Analyst
29-1299.01,1.A.4.b.3,Sound Localization,LV,0.0,8,0.0,0.0,0.0,N,Y,08/2021,Analyst
29-1299.01,1.A.4.b.4,Speech Recognition,IM,4.0,8,0.0,4.0,4.0,N,,08/2021,Analyst
29-1299.01,1.A.4.b.4,Speech Recognition,LV,4.0,8,0.0,4.0,4.0,N,N,08/2021,Analyst
29-1299.01,1.A.4.b.5,Speech Clarity,IM,4.0,8,0.0,4.0,4.0,N,,08/2021,Analyst
29-1299.01,1.A.4.b.5,Speech Clarity,LV,4.0,8,0.0,4.0,4.0,N,N,08/2021,Analyst
29-1299.02,1.A.1.a.1,Oral Comprehension,IM,4.0,8,0.0,4.0,4.0,N,,08/2021,Analyst
29-1299.02,1.A.1.a.1,Oral Comprehension,LV,4.88,8,0.125,4.63,5.12,N,N,08/2021,Analyst
29-1299.02,1.A.1.a.2,Written Comprehension,IM,4.0,8,0.0,4.0,4.0,N,,08/2021,Analyst
29-1299.02,1.A.1.a.2,Written Comprehension,LV,4.5,8,0.189,4.1296,4.8704,N,N,08/2021,Analyst
29-1299.02,1.A.1.a.3,Oral Expression,IM,4.0,8,0.0,4.0,4.0,N,,08/2021,Analyst
29-1299.02,1.A.1.a.3,Oral Expression,LV,4.88,8,0.125,4.63,5.12,N,N,08/2021,Analyst
29-1299.02,1.A.1.a.4,Written Expression,IM,4.0,8,0.189,3.6296,4.3704,N,,08/2021,Analyst
29-1299.02,1.A.1.a.4,Written Expression,LV,4.12,8,0.125,3.88,4.37,N,N,08/2021,Analyst
29-1299.02,1.A.1.b.1,Fluency of Ideas,IM,3.12,8,0.125,2.88,3.37,N,,08/2021,Analyst
29-1299.02,1.A.1.b.1,Fluency of Ideas,LV,3.25,8,0.1637,2.9292,3.5708,N,N,08/2021,Analyst
29-1299.02,1.A.1.b.2,Originality,IM,3.0,8,0.0,3.0,3.0,N,,08/2021,Analyst
29-1299.02,1.A.1.b.2,Originality,LV,3.12,8,0.125,2.88,3.37,N,N,08/2021,Analyst
29-1299.02,1.A.1.b.3,Problem Sensitivity,IM,4.0,8,0.0,4.0,4.0,N,,08/2021,Analyst
29-1299.02,1.A.1.b.3,Problem Sensitivity,LV,4.88,8,0.125,4.63,5.12,N,N,08/2021,Analyst
29-1299.02,1.A.1.b.4,Deductive Reasoning,IM,4.0,8,0.0,4.0,4.0,N,,08/2021,Analyst
29-1299.02,1.A.1.b.4,Deductive Reasoning,LV,4.38,8,0.183,4.0164,4.7336,N,N,08/2021,Analyst
29-1299.02,1.A.1.b.5,Inductive Reasoning,IM,4.0,8,0.0,4.0,4.0,N,,08/2021,Analyst
29-1299.02,1.A.1.b.5,Inductive Reasoning,LV,4.75,8,0.1637,4.4292,5.0708,N,N,08/2021,Analyst
29-1299.02,1.A.1.b.6,Information Ordering,IM,3.0,8,0.0,3.0,3.0,N,,08/2021,Analyst
29-1299.02,1.A.1.b.6,Information Ordering,LV,3.62,8,0.183,3.2664,3.9836,N,N,08/2021,Analyst
29-1299.02,1.A.1.b.7,Category Flexibility,IM,3.0,8,0.0,3.0,3.0,N,,08/2021,Analyst
29-1299.02,1.A.1.b.7,Category Flexibility,LV,3.5,8,0.189,3.1296,3.8704,N,N,08/2021,Analyst
29-1299.02,1.A.1.c.1,Mathematical Reasoning,IM,2.38,8,0.183,2.0164,2.7336,N,,08/2021,Analyst
29-1299.02,1.A.1.c.1,Mathematical Reasoning,LV,2.38,8,0.183,2.0164,2.7336,N,N,08/2021,Analyst
29-1299.02,1.A.1.c.2,Number Facility,IM,2.25,8,0.1637,1.9292,2.5708,N,,08/2021,Analyst
29-1299.02,1.A.1.c.2,Number Facility,LV,2.25,8,0.1637,1.9292,2.5708,N,N,08/2021,Analyst
29-1299.02,1.A.1.d.1,Memorization,IM,2.25,8,0.1637,1.9292,2.5708,N,,08/2021,Analyst
29-1299.02,1.A.1.d.1,Memorization,LV,2.62,8,0.183,2.2664,2.9836,N,N,08/2021,Analyst
29-1299.02,1.A.1.e.1,Speed of Closure,IM,2.88,8,0.2266,2.4309,3.3191,N,,08/2021,Analyst
29-1299.02,1.A.1.e.1,Speed of Closure,LV,3.0,8,0.189,2.6296,3.3704,N,N,08/2021,Analyst
29-1299.02,1.A.1.e.2,Flexibility of Closure,IM,3.12,8,0.125,2.88,3.37,N,,08/2021,Analyst
29-1299.02,1.A.1.e.2,Flexibility of Closure,LV,3.88,8,0.125,3.63,4.12,N,N,08/2021,Analyst
29-1299.02,1.A.1.e.3,Perceptual Speed,IM,3.12,8,0.125,2.88,3.37,N,,08/2021,Analyst
29-1299.02,1.A.1.e.3,Perceptual Speed,LV,3.12,8,0.125,2.88,3.37,N,N,08/2021,Analyst
29-1299.02,1.A.1.f.1,Spatial Orientation,IM,1.0,8,0.0,1.0,1.0,N,,08/2021,Analyst
29-1299.02,1.A.1.f.1,Spatial Orientation,LV,0.0,8,0.0,0.0,0.0,N,Y,08/2021,Analyst
29-1299.02,1.A.1.f.2,Visualization,IM,2.88,8,0.125,2.63,3.12,N,,08/2021,Analyst
29-1299.02,1.A.1.f.2,Visualization,LV,3.0,8,0.0,3.0,3.0,N,N,08/2021,Analyst
29-1299.02,1.A.1.g.1,Selective Attention,IM,3.0,8,0.0,3.0,3.0,N,,08/2021,Analyst
29-1299.02,1.A.1.g.1,Selective Attention,LV,3.0,8,0.0,3.0,3.0,N,N,08/2021,Analyst
29-1299.02,1.A.1.g.2,Time Sharing,IM,2.62,8,0.183,2.2664,2.9836,N,,08/2021,Analyst
29-1299.02,1.A.1.g.2,Time Sharing,LV,2.38,8,0.183,2.0164,2.7336,N,N,08/2021,Analyst
29-1299.02,1.A.2.a.1,Arm-Hand Steadiness,IM,3.0,8,0.0,3.0,3.0,N,,08/2021,Analyst
29-1299.02,1.A.2.a.1,Arm-Hand Steadiness,LV,3.0,8,0.0,3.0,3.0,N,N,08/2021,Analyst
29-1299.02,1.A.2.a.2,Manual Dexterity,IM,2.88,8,0.125,2.63,3.12,N,,08/2021,Analyst
29-1299.02,1.A.2.a.2,Manual Dexterity,LV,2.88,8,0.125,2.63,3.12,N,N,08/2021,Analyst
29-1299.02,1.A.2.a.3,Finger Dexterity,IM,3.0,8,0.0,3.0,3.0,N,,08/2021,Analyst
29-1299.02,1.A.2.a.3,Finger Dexterity,LV,3.38,8,0.183,3.0164,3.7336,N,N,08/2021,Analyst
29-1299.02,1.A.2.b.1,Control Precision,IM,2.88,8,0.125,2.63,3.12,N,,08/2021,Analyst
29-1299.02,1.A.2.b.1,Control Precision,LV,2.88,8,0.125,2.63,3.12,N,N,08/2021,Analyst
29-1299.02,1.A.2.b.2,Multilimb Coordination,IM,2.0,8,0.0,2.0,2.0,N,,08/2021,Analyst
29-1299.02,1.A.2.b.2,Multilimb Coordination,LV,1.88,8,0.125,1.63,2.12,N,N,08/2021,Analyst
29-1299.02,1.A.2.b.3,Response Orientation,IM,1.12,8,0.125,1.0,1.37,N,,08/2021,Analyst
29-1299.02,1.A.2.b.3,Response Orientation,LV,0.12,8,0.125,0.0,0.37,N,Y,08/2021,Analyst
29-1299.02,1.A.2.b.4,Rate Control,IM,1.0,8,0.0,1.0,1.0,N,,08/2021,Analyst
29-1299.02,1.A.2.b.4,Rate Control,LV,0.0,8,0.0,0.0,0.0,N,Y,08/2021,Analyst
29-1299.02,1.A.2.c.1,Reaction Time,IM,1.12,8,0.125,1.0,1.37,N,,08/2021,Analyst
29-1299.02,1.A.2.c.1,Reaction Time,LV,0.12,8,0.125,0.0,0.37,N,Y,08/2021,Analyst
29-1299.02,1.A.2.c.2,Wrist-Finger Speed,IM,1.75,8,0.1637,1.4292,2.0708,N,,08/2021,Analyst
29-1299.02,1.A.2.c.2,Wrist-Finger Speed,LV,1.0,8,0.2673,0.4762,1.5238,N,N,08/2021,Analyst
29-1299.02,1.A.2.c.3,Speed of Limb Movement,IM,1.0,8,0.0,1.0,1.0,N,,08/2021,Analyst
29-1299.02,1.A.2.c.3,Speed of Limb Movement,LV,0.0,8,0.0,0.0,0.0,N,Y,08/2021,Analyst
29-1299.02,1.A.3.a.1,Static Strength,IM,1.75,8,0.25,1.26,2.24,N,,08/2021,Analyst
29-1299.02,1.A.3.a.1,Static Strength,LV,0.88,8,0.295,0.2967,1.4533,N,N,08/2021,Analyst
29-1299.02,1.A.3.a.2,Explosive Strength,IM,1.25,8,0.1637,1.0,1.5708,N,,08/2021,Analyst
29-1299.02,1.A.3.a.2,Explosive Strength,LV,0.25,8,0.1637,0.0,0.5708,N,Y,08/2021,Analyst
29-1299.02,1.A.3.a.3,Dynamic Strength,IM,1.5,8,0.189,1.1296,1.8704,N,,08/2021,Analyst
29-1299.02,1.A.3.a.3,Dynamic Strength,LV,0.62,8,0.2631,0.1094,1.1406,N,N,08/2021,Analyst
29-1299.02,1.A.3.a.4,Trunk Strength,IM,2.0,8,0.189,1.6296,2.3704,N,,08/2021,Analyst
29-1299.02,1.A.3.a.4,Trunk Strength,LV,1.38,8,0.2631,0.8594,1.8906,N,N,08/2021,Analyst
29-1299.02,1.A.3.b.1,Stamina,IM,1.0,8,0.0,1.0,1.0,N,,08/2021,Analyst
29-1299.02,1.A.3.b.1,Stamina,LV,0.0,8,0.0,0.0,0.0,N,Y,08/2021,Analyst
29-1299.02,1.A.3.c.1,Extent Flexibility,IM,1.5,8,0.189,1.1296,1.8704,N,,08/2021,Analyst
29-1299.02,1.A.3.c.1,Extent Flexibility,LV,0.62,8,0.2631,0.1094,1.1406,N,N,08/2021,Analyst
29-1299.02,1.A.3.c.2,Dynamic Flexibility,IM,1.0,8,0.0,1.0,1.0,N,,08/2021,Analyst
29-1299.02,1.A.3.c.2,Dynamic Flexibility,LV,0.0,8,0.0,0.0,0.0,N,Y,08/2021,Analyst
29-1299.02,1.A.3.c.3,Gross Body Coordination,IM,1.0,8,0.0,1.0,1.0,N,,08/2021,Analyst
29-1299.02,1.A.3.c.3,Gross Body Coordination,LV,0.0,8,0.0,0.0,0.0,N,Y,08/2021,Analyst
29-1299.02,1.A.3.c.4,Gross Body Equilibrium,IM,1.0,8,0.0,1.0,1.0,N,,08/2021,Analyst
29-1299.02,1.A.3.c.4,Gross Body Equilibrium,LV,0.0,8,0.0,0.0,0.0,N,Y,08/2021,Analyst
29-1299.02,1.A.4.a.1,Near Vision,IM,3.62,8,0.183,3.2664,3.9836,N,,08/2021,Analyst
29-1299.02,1.A.4.a.1,Near Vision,LV,3.88,8,0.125,3.63,4.12,N,N,08/2021,Analyst
29-1299.02,1.A.4.a.2,Far Vision,IM,3.0,8,0.0,3.0,3.0,N,,08/2021,Analyst
29-1299.02,1.A.4.a.2,Far Vision,LV,3.5,8,0.189,3.1296,3.8704,N,N,08/2021,Analyst
29-1299.02,1.A.4.a.3,Visual Color Discrimination,IM,3.0,8,0.0,3.0,3.0,N,,08/2021,Analyst
29-1299.02,1.A.4.a.3,Visual Color Discrimination,LV,3.0,8,0.0,3.0,3.0,N,N,08/2021,Analyst
29-1299.02,1.A.4.a.4,Night Vision,IM,1.0,8,0.0,1.0,1.0,N,,08/2021,Analyst
29-1299.02,1.A.4.a.4,Night Vision,LV,0.0,8,0.0,0.0,0.0,N,Y,08/2021,Analyst
29-1299.02,1.A.4.a.5,Peripheral Vision,IM,1.0,8,0.0,1.0,1.0,N,,08/2021,Analyst
29-1299.02,1.A.4.a.5,Peripheral Vision,LV,0.0,8,0.0,0.0,0.0,N,Y,08/2021,Analyst
29-1299.02,1.A.4.a.6,Depth Perception,IM,1.62,8,0.183,1.2664,1.9836,N,,08/2021,Analyst
29-1299.02,1.A.4.a.6,Depth Perception,LV,0.88,8,0.295,0.2967,1.4533,N,N,08/2021,Analyst
29-1299.02,1.A.4.a.7,Glare Sensitivity,IM,1.0,8,0.0,1.0,1.0,N,,08/2021,Analyst
29-1299.02,1.A.4.a.7,Glare Sensitivity,LV,0.0,8,0.0,0.0,0.0,N,Y,08/2021,Analyst
29-1299.02,1.A.4.b.1,Hearing Sensitivity,IM,1.75,8,0.1637,1.4292,2.0708,N,,08/2021,Analyst
29-1299.02,1.A.4.b.1,Hearing Sensitivity,LV,1.38,8,0.3239,0.7402,2.0098,N,N,08/2021,Analyst
29-1299.02,1.A.4.b.2,Auditory Attention,IM,2.5,8,0.189,2.1296,2.8704,N,,08/2021,Analyst
29-1299.02,1.A.4.b.2,Auditory Attention,LV,2.0,8,0.0,2.0,2.0,N,N,08/2021,Analyst
29-1299.02,1.A.4.b.3,Sound Localization,IM,1.0,8,0.0,1.0,1.0,N,,08/2021,Analyst
29-1299.02,1.A.4.b.3,Sound Localization,LV,0.0,8,0.0,0.0,0.0,N,Y,08/2021,Analyst
29-1299.02,1.A.4.b.4,Speech Recognition,IM,3.75,8,0.1637,3.4292,4.0708,N,,08/2021,Analyst
29-1299.02,1.A.4.b.4,Speech Recognition,LV,3.62,8,0.183,3.2664,3.9836,N,N,08/2021,Analyst
29-1299.02,1.A.4.b.5,Speech Clarity,IM,3.75,8,0.1637,3.4292,4.0708,N,,08/2021,Analyst
29-1299.02,1.A.4.b.5,Speech Clarity,LV,3.62,8,0.183,3.2664,3.9836,N,N,08/2021,Analyst
29-2011.00,1.A.1.a.1,Oral Comprehension,IM,3.88,8,0.125,3.63,4.12,N,,07/2013,Analyst
29-2011.00,1.A.1.a.1,Oral Comprehension,LV,4.38,8,0.183,4.0164,4.7336,N,N,07/2013,Analyst
29-2011.00,1.A.1.a.2,Written Comprehension,IM,4.0,8,0.0,4.0,4.0,N,,07/2013,Analyst
29-2011.00,1.A.1.a.2,Written Comprehension,LV,4.0,8,0.0,4.0,4.0,N,N,07/2013,Analyst
29-2011.00,1.A.1.a.3,Oral Expression,IM,3.38,8,0.183,3.0164,3.7336,N,,07/2013,Analyst
29-2011.00,1.A.1.a.3,Oral Expression,LV,4.0,8,0.0,4.0,4.0,N,N,07/2013,Analyst
29-2011.00,1.A.1.a.4,Written Expression,IM,3.0,8,0.189,2.6296,3.3704,N,,07/2013,Analyst
29-2011.00,1.A.1.a.4,Written Expression,LV,3.62,8,0.183,3.2664,3.9836,N,N,07/2013,Analyst
29-2011.00,1.A.1.b.1,Fluency of Ideas,IM,2.62,8,0.183,2.2664,2.9836,N,,07/2013,Analyst
29-2011.00,1.A.1.b.1,Fluency of Ideas,LV,2.88,8,0.125,2.63,3.12,N,N,07/2013,Analyst
29-2011.00,1.A.1.b.2,Originality,IM,2.75,8,0.1637,2.4292,3.0708,N,,07/2013,Analyst
29-2011.00,1.A.1.b.2,Originality,LV,2.88,8,0.125,2.63,3.12,N,N,07/2013,Analyst
29-2011.00,1.A.1.b.3,Problem Sensitivity,IM,3.62,8,0.183,3.2664,3.9836,N,,07/2013,Analyst
29-2011.00,1.A.1.b.3,Problem Sensitivity,LV,4.12,8,0.125,3.88,4.37,N,N,07/2013,Analyst
29-2011.00,1.A.1.b.4,Deductive Reasoning,IM,3.75,8,0.1637,3.4292,4.0708,N,,07/2013,Analyst
29-2011.00,1.A.1.b.4,Deductive Reasoning,LV,4.0,8,0.0,4.0,4.0,N,N,07/2013,Analyst
29-2011.00,1.A.1.b.5,Inductive Reasoning,IM,3.88,8,0.125,3.63,4.12,N,,07/2013,Analyst
29-2011.00,1.A.1.b.5,Inductive Reasoning,LV,4.0,8,0.0,4.0,4.0,N,N,07/2013,Analyst
29-2011.00,1.A.1.b.6,Information Ordering,IM,3.62,8,0.183,3.2664,3.9836,N,,07/2013,Analyst
29-2011.00,1.A.1.b.6,Information Ordering,LV,4.0,8,0.0,4.0,4.0,N,N,07/2013,Analyst
29-2011.00,1.A.1.b.7,Category Flexibility,IM,3.5,8,0.189,3.1296,3.8704,N,,07/2013,Analyst
29-2011.00,1.A.1.b.7,Category Flexibility,LV,3.75,8,0.1637,3.4292,4.0708,N,N,07/2013,Analyst
29-2011.00,1.A.1.c.1,Mathematical Reasoning,IM,3.0,8,0.0,3.0,3.0,N,,07/2013,Analyst
29-2011.00,1.A.1.c.1,Mathematical Reasoning,LV,3.0,8,0.0,3.0,3.0,N,N,07/2013,Analyst
29-2011.00,1.A.1.c.2,Number Facility,IM,3.0,8,0.0,3.0,3.0,N,,07/2013,Analyst
29-2011.00,1.A.1.c.2,Number Facility,LV,3.0,8,0.0,3.0,3.0,N,N,07/2013,Analyst
29-2011.00,1.A.1.d.1,Memorization,IM,2.75,8,0.1637,2.4292,3.0708,N,,07/2013,Analyst
29-2011.00,1.A.1.d.1,Memorization,LV,2.88,8,0.125,2.63,3.12,N,N,07/2013,Analyst
29-2011.00,1.A.1.e.1,Speed of Closure,IM,3.0,8,0.189,2.6296,3.3704,N,,07/2013,Analyst
29-2011.00,1.A.1.e.1,Speed of Closure,LV,3.12,8,0.125,2.88,3.37,N,N,07/2013,Analyst
29-2011.00,1.A.1.e.2,Flexibility of Closure,IM,3.25,8,0.1637,2.9292,3.5708,N,,07/2013,Analyst
29-2011.00,1.A.1.e.2,Flexibility of Closure,LV,3.88,8,0.125,3.63,4.12,N,N,07/2013,Analyst
29-2011.00,1.A.1.e.3,Perceptual Speed,IM,3.0,8,0.0,3.0,3.0,N,,07/2013,Analyst
29-2011.00,1.A.1.e.3,Perceptual Speed,LV,3.5,8,0.189,3.1296,3.8704,N,N,07/2013,Analyst
29-2011.00,1.A.1.f.1,Spatial Orientation,IM,1.0,8,0.0,1.0,1.0,N,,07/2013,Analyst
29-2011.00,1.A.1.f.1,Spatial Orientation,LV,0.0,8,0.0,0.0,0.0,N,Y,07/2013,Analyst
29-2011.00,1.A.1.f.2,Visualization,IM,3.0,8,0.0,3.0,3.0,N,,07/2013,Analyst
29-2011.00,1.A.1.f.2,Visualization,LV,3.0,8,0.0,3.0,3.0,N,N,07/2013,Analyst
29-2011.00,1.A.1.g.1,Selective Attention,IM,3.25,8,0.1637,2.9292,3.5708,N,,07/2013,Analyst
29-2011.00,1.A.1.g.1,Selective Attention,LV,3.25,8,0.1637,2.9292,3.5708,N,N,07/2013,Analyst
29-2011.00,1.A.1.g.2,Time Sharing,IM,2.5,8,0.189,2.1296,2.8704,N,,07/2013,Analyst
29-2011.00,1.A.1.g.2,Time Sharing,LV,2.38,8,0.183,2.0164,2.7336,N,N,07/2013,Analyst
29-2011.00,1.A.2.a.1,Arm-Hand Steadiness,IM,3.25,8,0.1637,2.9292,3.5708,N,,07/2013,Analyst
29-2011.00,1.A.2.a.1,Arm-Hand Steadiness,LV,3.62,8,0.183,3.2664,3.9836,N,N,07/2013,Analyst
29-2011.00,1.A.2.a.2,Manual Dexterity,IM,3.0,8,0.0,3.0,3.0,N,,07/2013,Analyst
29-2011.00,1.A.2.a.2,Manual Dexterity,LV,3.12,8,0.125,2.88,3.37,N,N,07/2013,Analyst
29-2011.00,1.A.2.a.3,Finger Dexterity,IM,3.12,8,0.125,2.88,3.37,N,,07/2013,Analyst
29-2011.00,1.A.2.a.3,Finger Dexterity,LV,3.75,8,0.1637,3.4292,4.0708,N,N,07/2013,Analyst
29-2011.00,1.A.2.b.1,Control Precision,IM,3.25,8,0.1637,2.9292,3.5708,N,,07/2013,Analyst
29-2011.00,1.A.2.b.1,Control Precision,LV,3.25,8,0.1637,2.9292,3.5708,N,N,07/2013,Analyst
29-2011.00,1.A.2.b.2,Multilimb Coordination,IM,2.38,8,0.183,2.0164,2.7336,N,,07/2013,Analyst
29-2011.00,1.A.2.b.2,Multilimb Coordination,LV,2.25,8,0.1637,1.9292,2.5708,N,N,07/2013,Analyst
29-2011.00,1.A.2.b.3,Response Orientation,IM,2.12,8,0.125,1.88,2.37,N,,07/2013,Analyst
29-2011.00,1.A.2.b.3,Response Orientation,LV,1.88,8,0.125,1.63,2.12,N,N,07/2013,Analyst
29-2011.00,1.A.2.b.4,Rate Control,IM,2.12,8,0.125,1.88,2.37,N,,07/2013,Analyst
29-2011.00,1.A.2.b.4,Rate Control,LV,2.0,8,0.0,2.0,2.0,N,N,07/2013,Analyst
29-2011.00,1.A.2.c.1,Reaction Time,IM,2.38,8,0.183,2.0164,2.7336,N,,07/2013,Analyst
29-2011.00,1.A.2.c.1,Reaction Time,LV,2.25,8,0.1637,1.9292,2.5708,N,N,07/2013,Analyst
29-2011.00,1.A.2.c.2,Wrist-Finger Speed,IM,2.12,8,0.125,1.88,2.37,N,,07/2013,Analyst
29-2011.00,1.A.2.c.2,Wrist-Finger Speed,LV,2.12,8,0.125,1.88,2.37,N,N,07/2013,Analyst
29-2011.00,1.A.2.c.3,Speed of Limb Movement,IM,2.12,8,0.125,1.88,2.37,N,,07/2013,Analyst
29-2011.00,1.A.2.c.3,Speed of Limb Movement,LV,1.62,8,0.183,1.2664,1.9836,N,N,07/2013,Analyst
29-2011.00,1.A.3.a.1,Static Strength,IM,2.0,8,0.0,2.0,2.0,N,,07/2013,Analyst
29-2011.00,1.A.3.a.1,Static Strength,LV,1.88,8,0.125,1.63,2.12,N,N,07/2013,Analyst
29-2011.00,1.A.3.a.2,Explosive Strength,IM,1.0,8,0.0,1.0,1.0,N,,07/2013,Analyst
29-2011.00,1.A.3.a.2,Explosive Strength,LV,0.0,8,0.0,0.0,0.0,N,Y,07/2013,Analyst
29-2011.00,1.A.3.a.3,Dynamic Strength,IM,1.88,8,0.125,1.63,2.12,N,,07/2013,Analyst
29-2011.00,1.A.3.a.3,Dynamic Strength,LV,1.0,8,0.189,0.6296,1.3704,N,N,07/2013,Analyst
29-2011.00,1.A.3.a.4,Trunk Strength,IM,2.0,8,0.0,2.0,2.0,N,,07/2013,Analyst
29-2011.00,1.A.3.a.4,Trunk Strength,LV,2.0,8,0.0,2.0,2.0,N,N,07/2013,Analyst
29-2011.00,1.A.3.b.1,Stamina,IM,2.0,8,0.0,2.0,2.0,N,,07/2013,Analyst
29-2011.00,1.A.3.b.1,Stamina,LV,1.62,8,0.183,1.2664,1.9836,N,N,07/2013,Analyst
29-2011.00,1.A.3.c.1,Extent Flexibility,IM,2.0,8,0.0,2.0,2.0,N,,07/2013,Analyst
29-2011.00,1.A.3.c.1,Extent Flexibility,LV,1.88,8,0.125,1.63,2.12,N,N,07/2013,Analyst
29-2011.00,1.A.3.c.2,Dynamic Flexibility,IM,1.0,8,0.0,1.0,1.0,N,,07/2013,Analyst
29-2011.00,1.A.3.c.2,Dynamic Flexibility,LV,0.0,8,0.0,0.0,0.0,N,Y,07/2013,Analyst
29-2011.00,1.A.3.c.3,Gross Body Coordination,IM,2.0,8,0.0,2.0,2.0,N,,07/2013,Analyst
29-2011.00,1.A.3.c.3,Gross Body Coordination,LV,1.62,8,0.183,1.2664,1.9836,N,N,07/2013,Analyst
29-2011.00,1.A.3.c.4,Gross Body Equilibrium,IM,2.0,8,0.0,2.0,2.0,N,,07/2013,Analyst
29-2011.00,1.A.3.c.4,Gross Body Equilibrium,LV,1.0,8,0.0,1.0,1.0,N,N,07/2013,Analyst
29-2011.00,1.A.4.a.1,Near Vision,IM,4.0,8,0.0,4.0,4.0,N,,07/2013,Analyst
29-2011.00,1.A.4.a.1,Near Vision,LV,4.38,8,0.183,4.0164,4.7336,N,N,07/2013,Analyst
29-2011.00,1.A.4.a.2,Far Vision,IM,3.12,8,0.125,2.88,3.37,N,,07/2013,Analyst
29-2011.00,1.A.4.a.2,Far Vision,LV,3.75,8,0.1637,3.4292,4.0708,N,N,07/2013,Analyst
29-2011.00,1.A.4.a.3,Visual Color Discrimination,IM,3.25,8,0.1637,2.9292,3.5708,N,,07/2013,Analyst
29-2011.00,1.A.4.a.3,Visual Color Discrimination,LV,3.75,8,0.1637,3.4292,4.0708,N,N,07/2013,Analyst
29-2011.00,1.A.4.a.4,Night Vision,IM,1.0,8,0.0,1.0,1.0,N,,07/2013,Analyst
29-2011.00,1.A.4.a.4,Night Vision,LV,0.0,8,0.0,0.0,0.0,N,Y,07/2013,Analyst
29-2011.00,1.A.4.a.5,Peripheral Vision,IM,1.0,8,0.0,1.0,1.0,N,,07/2013,Analyst
29-2011.00,1.A.4.a.5,Peripheral Vision,LV,0.0,8,0.0,0.0,0.0,N,Y,07/2013,Analyst
29-2011.00,1.A.4.a.6,Depth Perception,IM,2.38,8,0.183,2.0164,2.7336,N,,07/2013,Analyst
29-2011.00,1.A.4.a.6,Depth Perception,LV,2.38,8,0.183,2.0164,2.7336,N,N,07/2013,Analyst
29-2011.00,1.A.4.a.7,Glare Sensitivity,IM,1.0,8,0.0,1.0,1.0,N,,07/2013,Analyst
29-2011.00,1.A.4.a.7,Glare Sensitivity,LV,0.0,8,0.0,0.0,0.0,N,Y,07/2013,Analyst
29-2011.00,1.A.4.b.1,Hearing Sensitivity,IM,2.5,8,0.189,2.1296,2.8704,N,,07/2013,Analyst
29-2011.00,1.A.4.b.1,Hearing Sensitivity,LV,2.12,8,0.125,1.88,2.37,N,N,07/2013,Analyst
29-2011.00,1.A.4.b.2,Auditory Attention,IM,2.25,8,0.1637,1.9292,2.5708,N,,07/2013,Analyst
29-2011.00,1.A.4.b.2,Auditory Attention,LV,2.75,8,0.1637,2.4292,3.0708,N,N,07/2013,Analyst
29-2011.00,1.A.4.b.3,Sound Localization,IM,1.0,8,0.0,1.0,1.0,N,,07/2013,Analyst
29-2011.00,1.A.4.b.3,Sound Localization,LV,0.0,8,0.0,0.0,0.0,N,Y,07/2013,Analyst
29-2011.00,1.A.4.b.4,Speech Recognition,IM,3.25,8,0.1637,2.9292,3.5708,N,,07/2013,Analyst
29-2011.00,1.A.4.b.4,Speech Recognition,LV,3.38,8,0.183,3.0164,3.7336,N,N,07/2013,Analyst
29-2011.00,1.A.4.b.5,Speech Clarity,IM,3.25,8,0.1637,2.9292,3.5708,N,,07/2013,Analyst
29-2011.00,1.A.4.b.5,Speech Clarity,LV,3.38,8,0.183,3.0164,3.7336,N,N,07/2013,Analyst
29-2011.01,1.A.1.a.1,Oral Comprehension,IM,4.0,8,0.0,4.0,4.0,N,,08/2021,Analyst
29-2011.01,1.A.1.a.1,Oral Comprehension,LV,4.38,8,0.183,4.0164,4.7336,N,N,08/2021,Analyst
29-2011.01,1.A.1.a.2,Written Comprehension,IM,4.0,8,0.0,4.0,4.0,N,,08/2021,Analyst
29-2011.01,1.A.1.a.2,Written Comprehension,LV,4.12,8,0.125,3.88,4.37,N,N,08/2021,Analyst
29-2011.01,1.A.1.a.3,Oral Expression,IM,3.88,8,0.125,3.63,4.12,N,,08/2021,Analyst
29-2011.01,1.A.1.a.3,Oral Expression,LV,4.5,8,0.189,4.1296,4.8704,N,N,08/2021,Analyst
29-2011.01,1.A.1.a.4,Written Expression,IM,3.75,8,0.1637,3.4292,4.0708,N,,08/2021,Analyst
29-2011.01,1.A.1.a.4,Written Expression,LV,4.12,8,0.125,3.88,4.37,N,N,08/2021,Analyst
29-2011.01,1.A.1.b.1,Fluency of Ideas,IM,3.0,8,0.0,3.0,3.0,N,,08/2021,Analyst
29-2011.01,1.A.1.b.1,Fluency of Ideas,LV,2.88,8,0.125,2.63,3.12,N,N,08/2021,Analyst
29-2011.01,1.A.1.b.2,Originality,IM,2.88,8,0.125,2.63,3.12,N,,08/2021,Analyst
29-2011.01,1.A.1.b.2,Originality,LV,3.0,8,0.0,3.0,3.0,N,N,08/2021,Analyst
29-2011.01,1.A.1.b.3,Problem Sensitivity,IM,3.75,8,0.1637,3.4292,4.0708,N,,08/2021,Analyst
29-2011.01,1.A.1.b.3,Problem Sensitivity,LV,4.0,8,0.0,4.0,4.0,N,N,08/2021,Analyst
29-2011.01,1.A.1.b.4,Deductive Reasoning,IM,3.88,8,0.125,3.63,4.12,N,,08/2021,Analyst
29-2011.01,1.A.1.b.4,Deductive Reasoning,LV,4.12,8,0.125,3.88,4.37,N,N,08/2021,Analyst
29-2011.01,1.A.1.b.5,Inductive Reasoning,IM,3.88,8,0.125,3.63,4.12,N,,08/2021,Analyst
29-2011.01,1.A.1.b.5,Inductive Reasoning,LV,4.12,8,0.125,3.88,4.37,N,N,08/2021,Analyst
29-2011.01,1.A.1.b.6,Information Ordering,IM,4.0,8,0.189,3.6296,4.3704,N,,08/2021,Analyst
29-2011.01,1.A.1.b.6,Information Ordering,LV,4.0,8,0.0,4.0,4.0,N,N,08/2021,Analyst
29-2011.01,1.A.1.b.7,Category Flexibility,IM,3.62,8,0.183,3.2664,3.9836,N,,08/2021,Analyst
29-2011.01,1.A.1.b.7,Category Flexibility,LV,3.88,8,0.125,3.63,4.12,N,N,08/2021,Analyst
29-2011.01,1.A.1.c.1,Mathematical Reasoning,IM,3.0,8,0.0,3.0,3.0,N,,08/2021,Analyst
29-2011.01,1.A.1.c.1,Mathematical Reasoning,LV,3.0,8,0.0,3.0,3.0,N,N,08/2021,Analyst
29-2011.01,1.A.1.c.2,Number Facility,IM,3.0,8,0.189,2.6296,3.3704,N,,08/2021,Analyst
29-2011.01,1.A.1.c.2,Number Facility,LV,2.88,8,0.125,2.63,3.12,N,N,08/2021,Analyst
29-2011.01,1.A.1.d.1,Memorization,IM,2.25,8,0.1637,1.9292,2.5708,N,,08/2021,Analyst
29-2011.01,1.A.1.d.1,Memorization,LV,2.12,8,0.125,1.88,2.37,N,N,08/2021,Analyst
29-2011.01,1.A.1.e.1,Speed of Closure,IM,2.62,8,0.183,2.2664,2.9836,N,,08/2021,Analyst
29-2011.01,1.A.1.e.1,Speed of Closure,LV,2.62,8,0.183,2.2664,2.9836,N,N,08/2021,Analyst
29-2011.01,1.A.1.e.2,Flexibility of Closure,IM,3.5,8,0.2673,2.9762,4.0238,N,,08/2021,Analyst
29-2011.01,1.A.1.e.2,Flexibility of Closure,LV,3.88,8,0.125,3.63,4.12,N,N,08/2021,Analyst
29-2011.01,1.A.1.e.3,Perceptual Speed,IM,3.12,8,0.125,2.88,3.37,N,,08/2021,Analyst
29-2011.01,1.A.1.e.3,Perceptual Speed,LV,3.25,8,0.1637,2.9292,3.5708,N,N,08/2021,Analyst
29-2011.01,1.A.1.f.1,Spatial Orientation,IM,1.0,8,0.0,1.0,1.0,N,,08/2021,Analyst
29-2011.01,1.A.1.f.1,Spatial Orientation,LV,0.0,8,0.0,0.0,0.0,N,Y,08/2021,Analyst
29-2011.01,1.A.1.f.2,Visualization,IM,2.88,8,0.125,2.63,3.12,N,,08/2021,Analyst
29-2011.01,1.A.1.f.2,Visualization,LV,3.0,8,0.0,3.0,3.0,N,N,08/2021,Analyst
29-2011.01,1.A.1.g.1,Selective Attention,IM,3.25,8,0.1637,2.9292,3.5708,N,,08/2021,Analyst
29-2011.01,1.A.1.g.1,Selective Attention,LV,3.12,8,0.125,2.88,3.37,N,N,08/2021,Analyst
29-2011.01,1.A.1.g.2,Time Sharing,IM,2.25,8,0.1637,1.9292,2.5708,N,,08/2021,Analyst
29-2011.01,1.A.1.g.2,Time Sharing,LV,2.12,8,0.125,1.88,2.37,N,N,08/2021,Analyst
29-2011.01,1.A.2.a.1,Arm-Hand Steadiness,IM,3.0,8,0.0,3.0,3.0,N,,08/2021,Analyst
29-2011.01,1.A.2.a.1,Arm-Hand Steadiness,LV,3.12,8,0.125,2.88,3.37,N,N,08/2021,Analyst
29-2011.01,1.A.2.a.2,Manual Dexterity,IM,2.75,8,0.1637,2.4292,3.0708,N,,08/2021,Analyst
29-2011.01,1.A.2.a.2,Manual Dexterity,LV,2.88,8,0.125,2.63,3.12,N,N,08/2021,Analyst
29-2011.01,1.A.2.a.3,Finger Dexterity,IM,3.0,8,0.189,2.6296,3.3704,N,,08/2021,Analyst
29-2011.01,1.A.2.a.3,Finger Dexterity,LV,3.12,8,0.125,2.88,3.37,N,N,08/2021,Analyst
29-2011.01,1.A.2.b.1,Control Precision,IM,2.88,8,0.125,2.63,3.12,N,,08/2021,Analyst
29-2011.01,1.A.2.b.1,Control Precision,LV,2.88,8,0.125,2.63,3.12,N,N,08/2021,Analyst
29-2011.01,1.A.2.b.2,Multilimb Coordination,IM,2.0,8,0.0,2.0,2.0,N,,08/2021,Analyst
29-2011.01,1.A.2.b.2,Multilimb Coordination,LV,1.88,8,0.125,1.63,2.12,N,N,08/2021,Analyst
29-2011.01,1.A.2.b.3,Response Orientation,IM,1.75,8,0.1637,1.4292,2.0708,N,,08/2021,Analyst
29-2011.01,1.A.2.b.3,Response Orientation,LV,1.25,8,0.3134,0.6358,1.8642,N,N,08/2021,Analyst
29-2011.01,1.A.2.b.4,Rate Control,IM,2.0,8,0.0,2.0,2.0,N,,08/2021,Analyst
29-2011.01,1.A.2.b.4,Rate Control,LV,1.0,8,0.0,1.0,1.0,N,N,08/2021,Analyst
29-2011.01,1.A.2.c.1,Reaction Time,IM,2.0,8,0.0,2.0,2.0,N,,08/2021,Analyst
29-2011.01,1.A.2.c.1,Reaction Time,LV,1.0,8,0.0,1.0,1.0,N,N,08/2021,Analyst
29-2011.01,1.A.2.c.2,Wrist-Finger Speed,IM,1.88,8,0.125,1.63,2.12,N,,08/2021,Analyst
29-2011.01,1.A.2.c.2,Wrist-Finger Speed,LV,1.12,8,0.2266,0.6809,1.5691,N,N,08/2021,Analyst
29-2011.01,1.A.2.c.3,Speed of Limb Movement,IM,1.0,8,0.0,1.0,1.0,N,,08/2021,Analyst
29-2011.01,1.A.2.c.3,Speed of Limb Movement,LV,0.0,8,0.0,0.0,0.0,N,Y,08/2021,Analyst
29-2011.01,1.A.3.a.1,Static Strength,IM,2.0,8,0.0,2.0,2.0,N,,08/2021,Analyst
29-2011.01,1.A.3.a.1,Static Strength,LV,1.0,8,0.0,1.0,1.0,N,N,08/2021,Analyst
29-2011.01,1.A.3.a.2,Explosive Strength,IM,1.25,8,0.1637,1.0,1.5708,N,,08/2021,Analyst
29-2011.01,1.A.3.a.2,Explosive Strength,LV,0.25,8,0.1637,0.0,0.5708,N,Y,08/2021,Analyst
29-2011.01,1.A.3.a.3,Dynamic Strength,IM,1.25,8,0.1637,1.0,1.5708,N,,08/2021,Analyst
29-2011.01,1.A.3.a.3,Dynamic Strength,LV,0.38,8,0.2631,0.0,0.8906,N,Y,08/2021,Analyst
29-2011.01,1.A.3.a.4,Trunk Strength,IM,2.0,8,0.0,2.0,2.0,N,,08/2021,Analyst
29-2011.01,1.A.3.a.4,Trunk Strength,LV,1.38,8,0.183,1.0164,1.7336,N,N,08/2021,Analyst
29-2011.01,1.A.3.b.1,Stamina,IM,1.0,8,0.0,1.0,1.0,N,,08/2021,Analyst
29-2011.01,1.A.3.b.1,Stamina,LV,0.0,8,0.0,0.0,0.0,N,Y,08/2021,Analyst
29-2011.01,1.A.3.c.1,Extent Flexibility,IM,1.5,8,0.189,1.1296,1.8704,N,,08/2021,Analyst
29-2011.01,1.A.3.c.1,Extent Flexibility,LV,0.75,8,0.3134,0.1358,1.3642,N,N,08/2021,Analyst
29-2011.01,1.A.3.c.2,Dynamic Flexibility,IM,1.0,8,0.0,1.0,1.0,N,,08/2021,Analyst
29-2011.01,1.A.3.c.2,Dynamic Flexibility,LV,0.0,8,0.0,0.0,0.0,N,Y,08/2021,Analyst
29-2011.01,1.A.3.c.3,Gross Body Coordination,IM,1.0,8,0.0,1.0,1.0,N,,08/2021,Analyst
29-2011.01,1.A.3.c.3,Gross Body Coordination,LV,0.0,8,0.0,0.0,0.0,N,Y,08/2021,Analyst
29-2011.01,1.A.3.c.4,Gross Body Equilibrium,IM,1.0,8,0.0,1.0,1.0,N,,08/2021,Analyst
29-2011.01,1.A.3.c.4,Gross Body Equilibrium,LV,0.0,8,0.0,0.0,0.0,N,Y,08/2021,Analyst
29-2011.01,1.A.4.a.1,Near Vision,IM,4.0,8,0.0,4.0,4.0,N,,08/2021,Analyst
29-2011.01,1.A.4.a.1,Near Vision,LV,4.25,8,0.1637,3.9292,4.5708,N,N,08/2021,Analyst
29-2011.01,1.A.4.a.2,Far Vision,IM,2.88,8,0.125,2.63,3.12,N,,08/2021,Analyst
29-2011.01,1.A.4.a.2,Far Vision,LV,3.25,8,0.1637,2.9292,3.5708,N,N,08/2021,Analyst
29-2011.01,1.A.4.a.3,Visual Color Discrimination,IM,3.12,8,0.125,2.88,3.37,N,,08/2021,Analyst
29-2011.01,1.A.4.a.3,Visual Color Discrimination,LV,3.38,8,0.183,3.0164,3.7336,N,N,08/2021,Analyst
29-2011.01,1.A.4.a.4,Night Vision,IM,1.0,8,0.0,1.0,1.0,N,,08/2021,Analyst
29-2011.01,1.A.4.a.4,Night Vision,LV,0.0,8,0.0,0.0,0.0,N,Y,08/2021,Analyst
29-2011.01,1.A.4.a.5,Peripheral Vision,IM,1.0,8,0.0,1.0,1.0,N,,08/2021,Analyst
29-2011.01,1.A.4.a.5,Peripheral Vision,LV,0.0,8,0.0,0.0,0.0,N,Y,08/2021,Analyst
29-2011.01,1.A.4.a.6,Depth Perception,IM,2.0,8,0.0,2.0,2.0,N,,08/2021,Analyst
29-2011.01,1.A.4.a.6,Depth Perception,LV,1.75,8,0.1637,1.4292,2.0708,N,N,08/2021,Analyst
29-2011.01,1.A.4.a.7,Glare Sensitivity,IM,1.0,8,0.0,1.0,1.0,N,,08/2021,Analyst
29-2011.01,1.A.4.a.7,Glare Sensitivity,LV,0.0,8,0.0,0.0,0.0,N,Y,08/2021,Analyst
29-2011.01,1.A.4.b.1,Hearing Sensitivity,IM,2.0,8,0.0,2.0,2.0,N,,08/2021,Analyst
29-2011.01,1.A.4.b.1,Hearing Sensitivity,LV,1.88,8,0.125,1.63,2.12,N,N,08/2021,Analyst
29-2011.01,1.A.4.b.2,Auditory Attention,IM,2.0,8,0.0,2.0,2.0,N,,08/2021,Analyst
29-2011.01,1.A.4.b.2,Auditory Attention,LV,1.75,8,0.1637,1.4292,2.0708,N,N,08/2021,Analyst
29-2011.01,1.A.4.b.3,Sound Localization,IM,1.0,8,0.0,1.0,1.0,N,,08/2021,Analyst
29-2011.01,1.A.4.b.3,Sound Localization,LV,0.0,8,0.0,0.0,0.0,N,Y,08/2021,Analyst
29-2011.01,1.A.4.b.4,Speech Recognition,IM,3.12,8,0.125,2.88,3.37,N,,08/2021,Analyst
29-2011.01,1.A.4.b.4,Speech Recognition,LV,3.12,8,0.125,2.88,3.37,N,N,08/2021,Analyst
29-2011.01,1.A.4.b.5,Speech Clarity,IM,3.12,8,0.125,2.88,3.37,N,,08/2021,Analyst
29-2011.01,1.A.4.b.5,Speech Clarity,LV,3.12,8,0.125,2.88,3.37,N,N,08/2021,Analyst
29-2011.02,1.A.1.a.1,Oral Comprehension,IM,4.0,8,0.0,4.0,4.0,N,,08/2021,Analyst
29-2011.02,1.A.1.a.1,Oral Comprehension,LV,4.12,8,0.125,3.88,4.37,N,N,08/2021,Analyst
29-2011.02,1.A.1.a.2,Written Comprehension,IM,4.0,8,0.0,4.0,4.0,N,,08/2021,Analyst
29-2011.02,1.A.1.a.2,Written Comprehension,LV,4.0,8,0.0,4.0,4.0,N,N,08/2021,Analyst
29-2011.02,1.A.1.a.3,Oral Expression,IM,3.12,8,0.125,2.88,3.37,N,,08/2021,Analyst
29-2011.02,1.A.1.a.3,Oral Expression,LV,3.88,8,0.125,3.63,4.12,N,N,08/2021,Analyst
29-2011.02,1.A.1.a.4,Written Expression,IM,3.0,8,0.0,3.0,3.0,N,,08/2021,Analyst
29-2011.02,1.A.1.a.4,Written Expression,LV,3.75,8,0.1637,3.4292,4.0708,N,N,08/2021,Analyst
29-2011.02,1.A.1.b.1,Fluency of Ideas,IM,2.75,8,0.1637,2.4292,3.0708,N,,08/2021,Analyst
29-2011.02,1.A.1.b.1,Fluency of Ideas,LV,2.38,8,0.183,2.0164,2.7336,N,N,08/2021,Analyst
29-2011.02,1.A.1.b.2,Originality,IM,2.25,8,0.1637,1.9292,2.5708,N,,08/2021,Analyst
29-2011.02,1.A.1.b.2,Originality,LV,2.25,8,0.1637,1.9292,2.5708,N,N,08/2021,Analyst
29-2011.02,1.A.1.b.3,Problem Sensitivity,IM,3.75,8,0.1637,3.4292,4.0708,N,,08/2021,Analyst
29-2011.02,1.A.1.b.3,Problem Sensitivity,LV,4.0,8,0.0,4.0,4.0,N,N,08/2021,Analyst
29-2011.02,1.A.1.b.4,Deductive Reasoning,IM,3.75,8,0.1637,3.4292,4.0708,N,,08/2021,Analyst
29-2011.02,1.A.1.b.4,Deductive Reasoning,LV,3.88,8,0.125,3.63,4.12,N,N,08/2021,Analyst
29-2011.02,1.A.1.b.5,Inductive Reasoning,IM,3.88,8,0.125,3.63,4.12,N,,08/2021,Analyst
29-2011.02,1.A.1.b.5,Inductive Reasoning,LV,3.88,8,0.125,3.63,4.12,N,N,08/2021,Analyst
29-2011.02,1.A.1.b.6,Information Ordering,IM,3.25,8,0.1637,2.9292,3.5708,N,,08/2021,Analyst
29-2011.02,1.A.1.b.6,Information Ordering,LV,4.0,8,0.0,4.0,4.0,N,N,08/2021,Analyst
29-2011.02,1.A.1.b.7,Category Flexibility,IM,3.25,8,0.1637,2.9292,3.5708,N,,08/2021,Analyst
29-2011.02,1.A.1.b.7,Category Flexibility,LV,3.75,8,0.1637,3.4292,4.0708,N,N,08/2021,Analyst
29-2011.02,1.A.1.c.1,Mathematical Reasoning,IM,2.5,8,0.189,2.1296,2.8704,N,,08/2021,Analyst
29-2011.02,1.A.1.c.1,Mathematical Reasoning,LV,2.75,8,0.1637,2.4292,3.0708,N,N,08/2021,Analyst
29-2011.02,1.A.1.c.2,Number Facility,IM,2.0,8,0.0,2.0,2.0,N,,08/2021,Analyst
29-2011.02,1.A.1.c.2,Number Facility,LV,2.38,8,0.183,2.0164,2.7336,N,N,08/2021,Analyst
29-2011.02,1.A.1.d.1,Memorization,IM,2.38,8,0.183,2.0164,2.7336,N,,08/2021,Analyst
29-2011.02,1.A.1.d.1,Memorization,LV,2.12,8,0.2266,1.6809,2.5691,N,N,08/2021,Analyst
29-2011.02,1.A.1.e.1,Speed of Closure,IM,2.5,8,0.189,2.1296,2.8704,N,,08/2021,Analyst
29-2011.02,1.A.1.e.1,Speed of Closure,LV,2.88,8,0.125,2.63,3.12,N,N,08/2021,Analyst
29-2011.02,1.A.1.e.2,Flexibility of Closure,IM,3.62,8,0.183,3.2664,3.9836,N,,08/2021,Analyst
29-2011.02,1.A.1.e.2,Flexibility of Closure,LV,3.88,8,0.125,3.63,4.12,N,N,08/2021,Analyst
29-2011.02,1.A.1.e.3,Perceptual Speed,IM,2.88,8,0.125,2.63,3.12,N,,08/2021,Analyst
29-2011.02,1.A.1.e.3,Perceptual Speed,LV,3.0,8,0.0,3.0,3.0,N,N,08/2021,Analyst
29-2011.02,1.A.1.f.1,Spatial Orientation,IM,1.0,8,0.0,1.0,1.0,N,,08/2021,Analyst
29-2011.02,1.A.1.f.1,Spatial Orientation,LV,0.0,8,0.0,0.0,0.0,N,Y,08/2021,Analyst
29-2011.02,1.A.1.f.2,Visualization,IM,2.75,8,0.1637,2.4292,3.0708,N,,08/2021,Analyst
29-2011.02,1.A.1.f.2,Visualization,LV,3.12,8,0.125,2.88,3.37,N,N,08/2021,Analyst
29-2011.02,1.A.1.g.1,Selective Attention,IM,3.12,8,0.125,2.88,3.37,N,,08/2021,Analyst
29-2011.02,1.A.1.g.1,Selective Attention,LV,3.25,8,0.1637,2.9292,3.5708,N,N,08/2021,Analyst
29-2011.02,1.A.1.g.2,Time Sharing,IM,2.62,8,0.183,2.2664,2.9836,N,,08/2021,Analyst
29-2011.02,1.A.1.g.2,Time Sharing,LV,2.0,8,0.0,2.0,2.0,N,N,08/2021,Analyst
29-2011.02,1.A.2.a.1,Arm-Hand Steadiness,IM,3.62,8,0.183,3.2664,3.9836,N,,08/2021,Analyst
29-2011.02,1.A.2.a.1,Arm-Hand Steadiness,LV,3.62,8,0.183,3.2664,3.9836,N,N,08/2021,Analyst
29-2011.02,1.A.2.a.2,Manual Dexterity,IM,3.0,8,0.0,3.0,3.0,N,,08/2021,Analyst
29-2011.02,1.A.2.a.2,Manual Dexterity,LV,3.12,8,0.125,2.88,3.37,N,N,08/2021,Analyst
29-2011.02,1.A.2.a.3,Finger Dexterity,IM,3.62,8,0.183,3.2664,3.9836,N,,08/2021,Analyst
29-2011.02,1.A.2.a.3,Finger Dexterity,LV,3.75,8,0.1637,3.4292,4.0708,N,N,08/2021,Analyst
29-2011.02,1.A.2.b.1,Control Precision,IM,3.0,8,0.0,3.0,3.0,N,,08/2021,Analyst
29-2011.02,1.A.2.b.1,Control Precision,LV,3.0,8,0.0,3.0,3.0,N,N,08/2021,Analyst
29-2011.02,1.A.2.b.2,Multilimb Coordination,IM,2.62,8,0.183,2.2664,2.9836,N,,08/2021,Analyst
29-2011.02,1.A.2.b.2,Multilimb Coordination,LV,2.38,8,0.2631,1.8594,2.8906,N,N,08/2021,Analyst
29-2011.02,1.A.2.b.3,Response Orientation,IM,1.75,8,0.1637,1.4292,2.0708,N,,08/2021,Analyst
29-2011.02,1.A.2.b.3,Response Orientation,LV,1.38,8,0.3239,0.7402,2.0098,N,N,08/2021,Analyst
29-2011.02,1.A.2.b.4,Rate Control,IM,2.0,8,0.0,2.0,2.0,N,,08/2021,Analyst
29-2011.02,1.A.2.b.4,Rate Control,LV,1.25,8,0.1637,0.9292,1.5708,N,N,08/2021,Analyst
29-2011.02,1.A.2.c.1,Reaction Time,IM,2.0,8,0.0,2.0,2.0,N,,08/2021,Analyst
29-2011.02,1.A.2.c.1,Reaction Time,LV,1.62,8,0.183,1.2664,1.9836,N,N,08/2021,Analyst
29-2011.02,1.A.2.c.2,Wrist-Finger Speed,IM,2.12,8,0.125,1.88,2.37,N,,08/2021,Analyst
29-2011.02,1.A.2.c.2,Wrist-Finger Speed,LV,1.88,8,0.125,1.63,2.12,N,N,08/2021,Analyst
29-2011.02,1.A.2.c.3,Speed of Limb Movement,IM,1.0,8,0.0,1.0,1.0,N,,08/2021,Analyst
29-2011.02,1.A.2.c.3,Speed of Limb Movement,LV,0.0,8,0.0,0.0,0.0,N,Y,08/2021,Analyst
29-2011.02,1.A.3.a.1,Static Strength,IM,1.88,8,0.125,1.63,2.12,N,,08/2021,Analyst
29-2011.02,1.A.3.a.1,Static Strength,LV,0.88,8,0.125,0.63,1.12,N,N,08/2021,Analyst
29-2011.02,1.A.3.a.2,Explosive Strength,IM,1.25,8,0.1637,1.0,1.5708,N,,08/2021,Analyst
29-2011.02,1.A.3.a.2,Explosive Strength,LV,0.25,8,0.1637,0.0,0.5708,N,Y,08/2021,Analyst
29-2011.02,1.A.3.a.3,Dynamic Strength,IM,1.62,8,0.183,1.2664,1.9836,N,,08/2021,Analyst
29-2011.02,1.A.3.a.3,Dynamic Strength,LV,0.75,8,0.25,0.26,1.24,N,N,08/2021,Analyst
29-2011.02,1.A.3.a.4,Trunk Strength,IM,2.0,8,0.0,2.0,2.0,N,,08/2021,Analyst
29-2011.02,1.A.3.a.4,Trunk Strength,LV,1.25,8,0.1637,0.9292,1.5708,N,N,08/2021,Analyst
29-2011.02,1.A.3.b.1,Stamina,IM,1.12,8,0.125,1.0,1.37,N,,08/2021,Analyst
29-2011.02,1.A.3.b.1,Stamina,LV,0.12,8,0.125,0.0,0.37,N,Y,08/2021,Analyst
29-2011.02,1.A.3.c.1,Extent Flexibility,IM,1.5,8,0.189,1.1296,1.8704,N,,08/2021,Analyst
29-2011.02,1.A.3.c.1,Extent Flexibility,LV,0.5,8,0.189,0.1296,0.8704,N,N,08/2021,Analyst
29-2011.02,1.A.3.c.2,Dynamic Flexibility,IM,1.0,8,0.0,1.0,1.0,N,,08/2021,Analyst
29-2011.02,1.A.3.c.2,Dynamic Flexibility,LV,0.0,8,0.0,0.0,0.0,N,Y,08/2021,Analyst
29-2011.02,1.A.3.c.3,Gross Body Coordination,IM,1.25,8,0.1637,1.0,1.5708,N,,08/2021,Analyst
29-2011.02,1.A.3.c.3,Gross Body Coordination,LV,0.25,8,0.1637,0.0,0.5708,N,Y,08/2021,Analyst
29-2011.02,1.A.3.c.4,Gross Body Equilibrium,IM,1.0,8,0.0,1.0,1.0,N,,08/2021,Analyst
29-2011.02,1.A.3.c.4,Gross Body Equilibrium,LV,0.0,8,0.0,0.0,0.0,N,Y,08/2021,Analyst
29-2011.02,1.A.4.a.1,Near Vision,IM,4.0,8,0.189,3.6296,4.3704,N,,08/2021,Analyst
29-2011.02,1.A.4.a.1,Near Vision,LV,4.62,8,0.183,4.2664,4.9836,N,N,08/2021,Analyst
29-2011.02,1.A.4.a.2,Far Vision,IM,3.0,8,0.0,3.0,3.0,N,,08/2021,Analyst
29-2011.02,1.A.4.a.2,Far Vision,LV,3.12,8,0.125,2.88,3.37,N,N,08/2021,Analyst
29-2011.02,1.A.4.a.3,Visual Color Discrimination,IM,3.38,8,0.2631,2.8594,3.8906,N,,08/2021,Analyst
29-2011.02,1.A.4.a.3,Visual Color Discrimination,LV,3.75,8,0.1637,3.4292,4.0708,N,N,08/2021,Analyst
29-2011.02,1.A.4.a.4,Night Vision,IM,1.0,8,0.0,1.0,1.0,N,,08/2021,Analyst
29-2011.02,1.A.4.a.4,Night Vision,LV,0.0,8,0.0,0.0,0.0,N,Y,08/2021,Analyst
29-2011.02,1.A.4.a.5,Peripheral Vision,IM,1.0,8,0.0,1.0,1.0,N,,08/2021,Analyst
29-2011.02,1.A.4.a.5,Peripheral Vision,LV,0.0,8,0.0,0.0,0.0,N,Y,08/2021,Analyst
29-2011.02,1.A.4.a.6,Depth Perception,IM,2.0,8,0.0,2.0,2.0,N,,08/2021,Analyst
29-2011.02,1.A.4.a.6,Depth Perception,LV,1.88,8,0.125,1.63,2.12,N,N,08/2021,Analyst
29-2011.02,1.A.4.a.7,Glare Sensitivity,IM,1.0,8,0.0,1.0,1.0,N,,08/2021,Analyst
29-2011.02,1.A.4.a.7,Glare Sensitivity,LV,0.0,8,0.0,0.0,0.0,N,Y,08/2021,Analyst
29-2011.02,1.A.4.b.1,Hearing Sensitivity,IM,2.0,8,0.0,2.0,2.0,N,,08/2021,Analyst
29-2011.02,1.A.4.b.1,Hearing Sensitivity,LV,1.88,8,0.125,1.63,2.12,N,N,08/2021,Analyst
29-2011.02,1.A.4.b.2,Auditory Attention,IM,2.0,8,0.0,2.0,2.0,N,,08/2021,Analyst
29-2011.02,1.A.4.b.2,Auditory Attention,LV,1.88,8,0.125,1.63,2.12,N,N,08/2021,Analyst
29-2011.02,1.A.4.b.3,Sound Localization,IM,1.0,8,0.0,1.0,1.0,N,,08/2021,Analyst
29-2011.02,1.A.4.b.3,Sound Localization,LV,0.0,8,0.0,0.0,0.0,N,Y,08/2021,Analyst
29-2011.02,1.A.4.b.4,Speech Recognition,IM,3.0,8,0.0,3.0,3.0,N,,08/2021,Analyst
29-2011.02,1.A.4.b.4,Speech Recognition,LV,3.0,8,0.0,3.0,3.0,N,N,08/2021,Analyst
29-2011.02,1.A.4.b.5,Speech Clarity,IM,3.0,8,0.0,3.0,3.0,N,,08/2021,Analyst
29-2011.02,1.A.4.b.5,Speech Clarity,LV,3.0,8,0.0,3.0,3.0,N,N,08/2021,Analyst
29-2011.04,1.A.1.a.1,Oral Comprehension,IM,3.5,8,0.189,3.1296,3.8704,N,,08/2024,Analyst
29-2011.04,1.A.1.a.1,Oral Comprehension,LV,4.12,8,0.125,3.88,4.37,N,N,08/2024,Analyst
29-2011.04,1.A.1.a.2,Written Comprehension,IM,3.75,8,0.1637,3.4292,4.0708,N,,08/2024,Analyst
29-2011.04,1.A.1.a.2,Written Comprehension,LV,3.88,8,0.2266,3.4309,4.3191,N,N,08/2024,Analyst
29-2011.04,1.A.1.a.3,Oral Expression,IM,3.38,8,0.183,3.0164,3.7336,N,,08/2024,Analyst
29-2011.04,1.A.1.a.3,Oral Expression,LV,4.12,8,0.2266,3.6809,4.5691,N,N,08/2024,Analyst
29-2011.04,1.A.1.a.4,Written Expression,IM,3.38,8,0.183,3.0164,3.7336,N,,08/2024,Analyst
29-2011.04,1.A.1.a.4,Written Expression,LV,3.62,8,0.2631,3.1094,4.1406,N,N,08/2024,Analyst
29-2011.04,1.A.1.b.1,Fluency of Ideas,IM,2.75,8,0.1637,2.4292,3.0708,N,,08/2024,Analyst
29-2011.04,1.A.1.b.1,Fluency of Ideas,LV,2.88,8,0.2266,2.4309,3.3191,N,N,08/2024,Analyst
29-2011.04,1.A.1.b.2,Originality,IM,2.75,8,0.25,2.26,3.24,N,,08/2024,Analyst
29-2011.04,1.A.1.b.2,Originality,LV,2.88,8,0.2266,2.4309,3.3191,N,N,08/2024,Analyst
29-2011.04,1.A.1.b.3,Problem Sensitivity,IM,3.38,8,0.183,3.0164,3.7336,N,,08/2024,Analyst
29-2011.04,1.A.1.b.3,Problem Sensitivity,LV,3.5,8,0.2673,2.9762,4.0238,N,N,08/2024,Analyst
29-2011.04,1.A.1.b.4,Deductive Reasoning,IM,3.25,8,0.1637,2.9292,3.5708,N,,08/2024,Analyst
29-2011.04,1.A.1.b.4,Deductive Reasoning,LV,3.38,8,0.2631,2.8594,3.8906,N,N,08/2024,Analyst
29-2011.04,1.A.1.b.5,Inductive Reasoning,IM,3.12,8,0.125,2.88,3.37,N,,08/2024,Analyst
29-2011.04,1.A.1.b.5,Inductive Reasoning,LV,3.25,8,0.25,2.76,3.74,N,N,08/2024,Analyst
29-2011.04,1.A.1.b.6,Information Ordering,IM,3.25,8,0.1637,2.9292,3.5708,N,,08/2024,Analyst
29-2011.04,1.A.1.b.6,Information Ordering,LV,3.38,8,0.183,3.0164,3.7336,N,N,08/2024,Analyst
29-2011.04,1.A.1.b.7,Category Flexibility,IM,3.12,8,0.125,2.88,3.37,N,,08/2024,Analyst
29-2011.04,1.A.1.b.7,Category Flexibility,LV,3.38,8,0.183,3.0164,3.7336,N,N,08/2024,Analyst
29-2011.04,1.A.1.c.1,Mathematical Reasoning,IM,2.38,8,0.183,2.0164,2.7336,N,,08/2024,Analyst
29-2011.04,1.A.1.c.1,Mathematical Reasoning,LV,2.25,8,0.25,1.76,2.74,N,N,08/2024,Analyst
29-2011.04,1.A.1.c.2,Number Facility,IM,2.38,8,0.183,2.0164,2.7336,N,,08/2024,Analyst
29-2011.04,1.A.1.c.2,Number Facility,LV,2.5,8,0.189,2.1296,2.8704,N,N,08/2024,Analyst
29-2011.04,1.A.1.d.1,Memorization,IM,2.62,8,0.183,2.2664,2.9836,N,,08/2024,Analyst
29-2011.04,1.A.1.d.1,Memorization,LV,2.75,8,0.1637,2.4292,3.0708,N,N,08/2024,Analyst
29-2011.04,1.A.1.e.1,Speed of Closure,IM,2.62,8,0.183,2.2664,2.9836,N,,08/2024,Analyst
29-2011.04,1.A.1.e.1,Speed of Closure,LV,2.62,8,0.183,2.2664,2.9836,N,N,08/2024,Analyst
29-2011.04,1.A.1.e.2,Flexibility of Closure,IM,3.0,8,0.3273,2.3584,3.6416,N,,08/2024,Analyst
29-2011.04,1.A.1.e.2,Flexibility of Closure,LV,3.38,8,0.3239,2.7402,4.0098,N,N,08/2024,Analyst
29-2011.04,1.A.1.e.3,Perceptual Speed,IM,2.75,8,0.25,2.26,3.24,N,,08/2024,Analyst
29-2011.04,1.A.1.e.3,Perceptual Speed,LV,3.0,8,0.189,2.6296,3.3704,N,N,08/2024,Analyst
29-2011.04,1.A.1.f.1,Spatial Orientation,IM,1.25,8,0.1637,1.0,1.5708,N,,08/2024,Analyst
29-2011.04,1.A.1.f.1,Spatial Orientation,LV,0.62,8,0.4199,0.0,1.4481,N,Y,08/2024,Analyst
29-2011.04,1.A.1.f.2,Visualization,IM,2.75,8,0.25,2.26,3.24,N,,08/2024,Analyst
29-2011.04,1.A.1.f.2,Visualization,LV,2.88,8,0.125,2.63,3.12,N,N,08/2024,Analyst
29-2011.04,1.A.1.g.1,Selective Attention,IM,3.25,8,0.25,2.76,3.74,N,,08/2024,Analyst
29-2011.04,1.A.1.g.1,Selective Attention,LV,3.12,8,0.295,2.5467,3.7033,N,N,08/2024,Analyst
29-2011.04,1.A.1.g.2,Time Sharing,IM,2.38,8,0.183,2.0164,2.7336,N,,08/2024,Analyst
29-2011.04,1.A.1.g.2,Time Sharing,LV,2.25,8,0.1637,1.9292,2.5708,N,N,08/2024,Analyst
29-2011.04,1.A.2.a.1,Arm-Hand Steadiness,IM,3.5,8,0.2673,2.9762,4.0238,N,,08/2024,Analyst
29-2011.04,1.A.2.a.1,Arm-Hand Steadiness,LV,3.25,8,0.25,2.76,3.74,N,N,08/2024,Analyst
29-2011.04,1.A.2.a.2,Manual Dexterity,IM,2.88,8,0.3504,2.1883,3.5617,N,,08/2024,Analyst
29-2011.04,1.A.2.a.2,Manual Dexterity,LV,2.75,8,0.3134,2.1358,3.3642,N,N,08/2024,Analyst
29-2011.04,1.A.2.a.3,Finger Dexterity,IM,3.12,8,0.295,2.5467,3.7033,N,,08/2024,Analyst
29-2011.04,1.A.2.a.3,Finger Dexterity,LV,3.0,8,0.189,2.6296,3.3704,N,N,08/2024,Analyst
29-2011.04,1.A.2.b.1,Control Precision,IM,3.0,8,0.189,2.6296,3.3704,N,,08/2024,Analyst
29-2011.04,1.A.2.b.1,Control Precision,LV,3.0,8,0.189,2.6296,3.3704,N,N,08/2024,Analyst
29-2011.04,1.A.2.b.2,Multilimb Coordination,IM,2.38,8,0.183,2.0164,2.7336,N,,08/2024,Analyst
29-2011.04,1.A.2.b.2,Multilimb Coordination,LV,2.25,8,0.25,1.76,2.74,N,N,08/2024,Analyst
29-2011.04,1.A.2.b.3,Response Orientation,IM,1.62,8,0.3239,1.0,2.2598,N,,08/2024,Analyst
29-2011.04,1.A.2.b.3,Response Orientation,LV,1.0,8,0.5,0.02,1.98,N,N,08/2024,Analyst
29-2011.04,1.A.2.b.4,Rate Control,IM,2.5,8,0.189,2.1296,2.8704,N,,08/2024,Analyst
29-2011.04,1.A.2.b.4,Rate Control,LV,2.12,8,0.295,1.5467,2.7033,N,N,08/2024,Analyst
29-2011.04,1.A.2.c.1,Reaction Time,IM,2.5,8,0.189,2.1296,2.8704,N,,08/2024,Analyst
29-2011.04,1.A.2.c.1,Reaction Time,LV,2.12,8,0.295,1.5467,2.7033,N,N,08/2024,Analyst
29-2011.04,1.A.2.c.2,Wrist-Finger Speed,IM,2.25,8,0.25,1.76,2.74,N,,08/2024,Analyst
29-2011.04,1.A.2.c.2,Wrist-Finger Speed,LV,2.12,8,0.4795,1.1852,3.0648,N,N,08/2024,Analyst
29-2011.04,1.A.2.c.3,Speed of Limb Movement,IM,1.25,8,0.25,1.0,1.74,N,,08/2024,Analyst
29-2011.04,1.A.2.c.3,Speed of Limb Movement,LV,0.38,8,0.375,0.0,1.11,N,Y,08/2024,Analyst
29-2011.04,1.A.3.a.1,Static Strength,IM,2.12,8,0.125,1.88,2.37,N,,08/2024,Analyst
29-2011.04,1.A.3.a.1,Static Strength,LV,1.88,8,0.2266,1.4309,2.3191,N,N,08/2024,Analyst
29-2011.04,1.A.3.a.2,Explosive Strength,IM,1.88,8,0.2266,1.4309,2.3191,N,,08/2024,Analyst
29-2011.04,1.A.3.a.2,Explosive Strength,LV,1.38,8,0.375,0.64,2.11,N,N,08/2024,Analyst
29-2011.04,1.A.3.a.3,Dynamic Strength,IM,2.12,8,0.2266,1.6809,2.5691,N,,08/2024,Analyst
29-2011.04,1.A.3.a.3,Dynamic Strength,LV,1.75,8,0.366,1.0327,2.4673,N,N,08/2024,Analyst
29-2011.04,1.A.3.a.4,Trunk Strength,IM,2.38,8,0.183,2.0164,2.7336,N,,08/2024,Analyst
29-2011.04,1.A.3.a.4,Trunk Strength,LV,2.25,8,0.1637,1.9292,2.5708,N,N,08/2024,Analyst
29-2011.04,1.A.3.b.1,Stamina,IM,2.0,8,0.189,1.6296,2.3704,N,,08/2024,Analyst
29-2011.04,1.A.3.b.1,Stamina,LV,1.25,8,0.3134,0.6358,1.8642,N,N,08/2024,Analyst
29-2011.04,1.A.3.c.1,Extent Flexibility,IM,2.25,8,0.1637,1.9292,2.5708,N,,08/2024,Analyst
29-2011.04,1.A.3.c.1,Extent Flexibility,LV,2.25,8,0.25,1.76,2.74,N,N,08/2024,Analyst
29-2011.04,1.A.3.c.2,Dynamic Flexibility,IM,1.38,8,0.2631,1.0,1.8906,N,,08/2024,Analyst
29-2011.04,1.A.3.c.2,Dynamic Flexibility,LV,0.5,8,0.378,0.0,1.2408,N,Y,08/2024,Analyst
29-2011.04,1.A.3.c.3,Gross Body Coordination,IM,1.88,8,0.2266,1.4309,2.3191,N,,08/2024,Analyst
29-2011.04,1.A.3.c.3,Gross Body Coordination,LV,1.25,8,0.366,0.5327,1.9673,N,N,08/2024,Analyst
29-2011.04,1.A.3.c.4,Gross Body Equilibrium,IM,2.0,8,0.189,1.6296,2.3704,N,,08/2024,Analyst
29-2011.04,1.A.3.c.4,Gross Body Equilibrium,LV,1.5,8,0.3273,0.8584,2.1416,N,N,08/2024,Analyst
29-2011.04,1.A.4.a.1,Near Vision,IM,4.0,8,0.2673,3.4762,4.5238,N,,08/2024,Analyst
29-2011.04,1.A.4.a.1,Near Vision,LV,4.38,8,0.3239,3.7402,5.0098,N,N,08/2024,Analyst
29-2011.04,1.A.4.a.2,Far Vision,IM,3.12,8,0.295,2.5467,3.7033,N,,08/2024,Analyst
29-2011.04,1.A.4.a.2,Far Vision,LV,3.25,8,0.1637,2.9292,3.5708,N,N,08/2024,Analyst
29-2011.04,1.A.4.a.3,Visual Color Discrimination,IM,3.12,8,0.3981,2.3447,3.9053,N,,08/2024,Analyst
29-2011.04,1.A.4.a.3,Visual Color Discrimination,LV,3.0,8,0.4629,2.0927,3.9073,N,N,08/2024,Analyst
29-2011.04,1.A.4.a.4,Night Vision,IM,1.12,8,0.125,1.0,1.37,N,,08/2024,Analyst
29-2011.04,1.A.4.a.4,Night Vision,LV,0.25,8,0.25,0.0,0.74,N,Y,08/2024,Analyst
29-2011.04,1.A.4.a.5,Peripheral Vision,IM,1.12,8,0.125,1.0,1.37,N,,08/2024,Analyst
29-2011.04,1.A.4.a.5,Peripheral Vision,LV,0.25,8,0.25,0.0,0.74,N,Y,08/2024,Analyst
29-2011.04,1.A.4.a.6,Depth Perception,IM,2.38,8,0.3239,1.7402,3.0098,N,,08/2024,Analyst
29-2011.04,1.A.4.a.6,Depth Perception,LV,2.0,8,0.4629,1.0927,2.9073,N,N,08/2024,Analyst
29-2011.04,1.A.4.a.7,Glare Sensitivity,IM,1.12,8,0.125,1.0,1.37,N,,08/2024,Analyst
29-2011.04,1.A.4.a.7,Glare Sensitivity,LV,0.25,8,0.25,0.0,0.74,N,Y,08/2024,Analyst
29-2011.04,1.A.4.b.1,Hearing Sensitivity,IM,2.25,8,0.3134,1.6358,2.8642,N,,08/2024,Analyst
29-2011.04,1.A.4.b.1,Hearing Sensitivity,LV,1.75,8,0.4119,0.9427,2.5573,N,N,08/2024,Analyst
29-2011.04,1.A.4.b.2,Auditory Attention,IM,2.38,8,0.2631,1.8594,2.8906,N,,08/2024,Analyst
29-2011.04,1.A.4.b.2,Auditory Attention,LV,2.25,8,0.4119,1.4427,3.0573,N,N,08/2024,Analyst
29-2011.04,1.A.4.b.3,Sound Localization,IM,1.12,8,0.125,1.0,1.37,N,,08/2024,Analyst
29-2011.04,1.A.4.b.3,Sound Localization,LV,0.38,8,0.375,0.0,1.11,N,Y,08/2024,Analyst
29-2011.04,1.A.4.b.4,Speech Recognition,IM,3.12,8,0.125,2.88,3.37,N,,08/2024,Analyst
29-2011.04,1.A.4.b.4,Speech Recognition,LV,3.12,8,0.125,2.88,3.37,N,N,08/2024,Analyst
29-2011.04,1.A.4.b.5,Speech Clarity,IM,3.12,8,0.125,2.88,3.37,N,,08/2024,Analyst
29-2011.04,1.A.4.b.5,Speech Clarity,LV,3.0,8,0.0,3.0,3.0,N,N,08/2024,Analyst
29-2012.00,1.A.1.a.1,Oral Comprehension,IM,3.75,8,0.1637,3.4292,4.0708,N,,07/2014,Analyst
29-2012.00,1.A.1.a.1,Oral Comprehension,LV,3.88,8,0.125,3.63,4.12,N,N,07/2014,Analyst
29-2012.00,1.A.1.a.2,Written Comprehension,IM,3.62,8,0.183,3.2664,3.9836,N,,07/2014,Analyst
29-2012.00,1.A.1.a.2,Written Comprehension,LV,3.12,8,0.125,2.88,3.37,N,N,07/2014,Analyst
29-2012.00,1.A.1.a.3,Oral Expression,IM,3.88,8,0.125,3.63,4.12,N,,07/2014,Analyst
29-2012.00,1.A.1.a.3,Oral Expression,LV,3.88,8,0.125,3.63,4.12,N,N,07/2014,Analyst
29-2012.00,1.A.1.a.4,Written Expression,IM,3.12,8,0.125,2.88,3.37,N,,07/2014,Analyst
29-2012.00,1.A.1.a.4,Written Expression,LV,3.0,8,0.0,3.0,3.0,N,N,07/2014,Analyst
29-2012.00,1.A.1.b.1,Fluency of Ideas,IM,2.88,8,0.125,2.63,3.12,N,,07/2014,Analyst
29-2012.00,1.A.1.b.1,Fluency of Ideas,LV,2.88,8,0.125,2.63,3.12,N,N,07/2014,Analyst
29-2012.00,1.A.1.b.2,Originality,IM,2.88,8,0.125,2.63,3.12,N,,07/2014,Analyst
29-2012.00,1.A.1.b.2,Originality,LV,2.88,8,0.125,2.63,3.12,N,N,07/2014,Analyst
29-2012.00,1.A.1.b.3,Problem Sensitivity,IM,3.88,8,0.125,3.63,4.12,N,,07/2014,Analyst
29-2012.00,1.A.1.b.3,Problem Sensitivity,LV,3.75,8,0.1637,3.4292,4.0708,N,N,07/2014,Analyst
29-2012.00,1.A.1.b.4,Deductive Reasoning,IM,3.12,8,0.125,2.88,3.37,N,,07/2014,Analyst
29-2012.00,1.A.1.b.4,Deductive Reasoning,LV,3.0,8,0.0,3.0,3.0,N,N,07/2014,Analyst
29-2012.00,1.A.1.b.5,Inductive Reasoning,IM,3.0,8,0.0,3.0,3.0,N,,07/2014,Analyst
29-2012.00,1.A.1.b.5,Inductive Reasoning,LV,3.12,8,0.125,2.88,3.37,N,N,07/2014,Analyst
29-2012.00,1.A.1.b.6,Information Ordering,IM,3.88,8,0.125,3.63,4.12,N,,07/2014,Analyst
29-2012.00,1.A.1.b.6,Information Ordering,LV,3.62,8,0.183,3.2664,3.9836,N,N,07/2014,Analyst
29-2012.00,1.A.1.b.7,Category Flexibility,IM,3.12,8,0.125,2.88,3.37,N,,07/2014,Analyst
29-2012.00,1.A.1.b.7,Category Flexibility,LV,3.5,8,0.189,3.1296,3.8704,N,N,07/2014,Analyst
29-2012.00,1.A.1.c.1,Mathematical Reasoning,IM,3.0,8,0.189,2.6296,3.3704,N,,07/2014,Analyst
29-2012.00,1.A.1.c.1,Mathematical Reasoning,LV,2.88,8,0.125,2.63,3.12,N,N,07/2014,Analyst
29-2012.00,1.A.1.c.2,Number Facility,IM,3.0,8,0.189,2.6296,3.3704,N,,07/2014,Analyst
29-2012.00,1.A.1.c.2,Number Facility,LV,2.75,8,0.1637,2.4292,3.0708,N,N,07/2014,Analyst
29-2012.00,1.A.1.d.1,Memorization,IM,2.62,8,0.183,2.2664,2.9836,N,,07/2014,Analyst
29-2012.00,1.A.1.d.1,Memorization,LV,2.75,8,0.1637,2.4292,3.0708,N,N,07/2014,Analyst
29-2012.00,1.A.1.e.1,Speed of Closure,IM,2.75,8,0.1637,2.4292,3.0708,N,,07/2014,Analyst
29-2012.00,1.A.1.e.1,Speed of Closure,LV,2.75,8,0.1637,2.4292,3.0708,N,N,07/2014,Analyst
29-2012.00,1.A.1.e.2,Flexibility of Closure,IM,3.12,8,0.2266,2.6809,3.5691,N,,07/2014,Analyst
29-2012.00,1.A.1.e.2,Flexibility of Closure,LV,3.0,8,0.189,2.6296,3.3704,N,N,07/2014,Analyst
29-2012.00,1.A.1.e.3,Perceptual Speed,IM,3.0,8,0.189,2.6296,3.3704,N,,07/2014,Analyst
29-2012.00,1.A.1.e.3,Perceptual Speed,LV,2.88,8,0.125,2.63,3.12,N,N,07/2014,Analyst
29-2012.00,1.A.1.f.1,Spatial Orientation,IM,1.0,8,0.0,1.0,1.0,N,,07/2014,Analyst
29-2012.00,1.A.1.f.1,Spatial Orientation,LV,0.0,8,0.0,0.0,0.0,N,Y,07/2014,Analyst
29-2012.00,1.A.1.f.2,Visualization,IM,2.88,8,0.125,2.63,3.12,N,,07/2014,Analyst
29-2012.00,1.A.1.f.2,Visualization,LV,2.88,8,0.125,2.63,3.12,N,N,07/2014,Analyst
29-2012.00,1.A.1.g.1,Selective Attention,IM,3.12,8,0.125,2.88,3.37,N,,07/2014,Analyst
29-2012.00,1.A.1.g.1,Selective Attention,LV,3.0,8,0.0,3.0,3.0,N,N,07/2014,Analyst
29-2012.00,1.A.1.g.2,Time Sharing,IM,2.88,8,0.125,2.63,3.12,N,,07/2014,Analyst
29-2012.00,1.A.1.g.2,Time Sharing,LV,2.75,8,0.1637,2.4292,3.0708,N,N,07/2014,Analyst
29-2012.00,1.A.2.a.1,Arm-Hand Steadiness,IM,3.12,8,0.125,2.88,3.37,N,,07/2014,Analyst
29-2012.00,1.A.2.a.1,Arm-Hand Steadiness,LV,3.0,8,0.0,3.0,3.0,N,N,07/2014,Analyst
29-2012.00,1.A.2.a.2,Manual Dexterity,IM,3.12,8,0.125,2.88,3.37,N,,07/2014,Analyst
29-2012.00,1.A.2.a.2,Manual Dexterity,LV,3.0,8,0.0,3.0,3.0,N,N,07/2014,Analyst
29-2012.00,1.A.2.a.3,Finger Dexterity,IM,3.62,8,0.183,3.2664,3.9836,N,,07/2014,Analyst
29-2012.00,1.A.2.a.3,Finger Dexterity,LV,3.12,8,0.125,2.88,3.37,N,N,07/2014,Analyst
29-2012.00,1.A.2.b.1,Control Precision,IM,3.12,8,0.125,2.88,3.37,N,,07/2014,Analyst
29-2012.00,1.A.2.b.1,Control Precision,LV,3.0,8,0.0,3.0,3.0,N,N,07/2014,Analyst
29-2012.00,1.A.2.b.2,Multilimb Coordination,IM,2.88,8,0.125,2.63,3.12,N,,07/2014,Analyst
29-2012.00,1.A.2.b.2,Multilimb Coordination,LV,2.62,8,0.183,2.2664,2.9836,N,N,07/2014,Analyst
29-2012.00,1.A.2.b.3,Response Orientation,IM,2.12,8,0.125,1.88,2.37,N,,07/2014,Analyst
29-2012.00,1.A.2.b.3,Response Orientation,LV,2.12,8,0.125,1.88,2.37,N,N,07/2014,Analyst
29-2012.00,1.A.2.b.4,Rate Control,IM,2.0,8,0.0,2.0,2.0,N,,07/2014,Analyst
29-2012.00,1.A.2.b.4,Rate Control,LV,2.0,8,0.0,2.0,2.0,N,N,07/2014,Analyst
29-2012.00,1.A.2.c.1,Reaction Time,IM,2.0,8,0.0,2.0,2.0,N,,07/2014,Analyst
29-2012.00,1.A.2.c.1,Reaction Time,LV,2.12,8,0.125,1.88,2.37,N,N,07/2014,Analyst
29-2012.00,1.A.2.c.2,Wrist-Finger Speed,IM,2.0,8,0.0,2.0,2.0,N,,07/2014,Analyst
29-2012.00,1.A.2.c.2,Wrist-Finger Speed,LV,1.88,8,0.125,1.63,2.12,N,N,07/2014,Analyst
29-2012.00,1.A.2.c.3,Speed of Limb Movement,IM,2.0,8,0.0,2.0,2.0,N,,07/2014,Analyst
29-2012.00,1.A.2.c.3,Speed of Limb Movement,LV,1.38,8,0.183,1.0164,1.7336,N,N,07/2014,Analyst
29-2012.00,1.A.3.a.1,Static Strength,IM,2.0,8,0.0,2.0,2.0,N,,07/2014,Analyst
29-2012.00,1.A.3.a.1,Static Strength,LV,1.88,8,0.125,1.63,2.12,N,N,07/2014,Analyst
29-2012.00,1.A.3.a.2,Explosive Strength,IM,1.0,8,0.0,1.0,1.0,N,,07/2014,Analyst
29-2012.00,1.A.3.a.2,Explosive Strength,LV,0.0,8,0.0,0.0,0.0,N,Y,07/2014,Analyst
29-2012.00,1.A.3.a.3,Dynamic Strength,IM,2.0,8,0.0,2.0,2.0,N,,07/2014,Analyst
29-2012.00,1.A.3.a.3,Dynamic Strength,LV,1.5,8,0.189,1.1296,1.8704,N,N,07/2014,Analyst
29-2012.00,1.A.3.a.4,Trunk Strength,IM,2.5,8,0.189,2.1296,2.8704,N,,07/2014,Analyst
29-2012.00,1.A.3.a.4,Trunk Strength,LV,2.25,8,0.1637,1.9292,2.5708,N,N,07/2014,Analyst
29-2012.00,1.A.3.b.1,Stamina,IM,2.12,8,0.125,1.88,2.37,N,,07/2014,Analyst
29-2012.00,1.A.3.b.1,Stamina,LV,2.0,8,0.0,2.0,2.0,N,N,07/2014,Analyst
29-2012.00,1.A.3.c.1,Extent Flexibility,IM,2.12,8,0.125,1.88,2.37,N,,07/2014,Analyst
29-2012.00,1.A.3.c.1,Extent Flexibility,LV,2.0,8,0.0,2.0,2.0,N,N,07/2014,Analyst
29-2012.00,1.A.3.c.2,Dynamic Flexibility,IM,1.0,8,0.0,1.0,1.0,N,,07/2014,Analyst
29-2012.00,1.A.3.c.2,Dynamic Flexibility,LV,0.0,8,0.0,0.0,0.0,N,Y,07/2014,Analyst
29-2012.00,1.A.3.c.3,Gross Body Coordination,IM,2.0,8,0.0,2.0,2.0,N,,07/2014,Analyst
29-2012.00,1.A.3.c.3,Gross Body Coordination,LV,2.0,8,0.0,2.0,2.0,N,N,07/2014,Analyst
29-2012.00,1.A.3.c.4,Gross Body Equilibrium,IM,2.0,8,0.0,2.0,2.0,N,,07/2014,Analyst
29-2012.00,1.A.3.c.4,Gross Body Equilibrium,LV,1.12,8,0.125,0.88,1.37,N,N,07/2014,Analyst
29-2012.00,1.A.4.a.1,Near Vision,IM,4.0,8,0.189,3.6296,4.3704,N,,07/2014,Analyst
29-2012.00,1.A.4.a.1,Near Vision,LV,3.75,8,0.1637,3.4292,4.0708,N,N,07/2014,Analyst
29-2012.00,1.A.4.a.2,Far Vision,IM,2.88,8,0.125,2.63,3.12,N,,07/2014,Analyst
29-2012.00,1.A.4.a.2,Far Vision,LV,2.88,8,0.125,2.63,3.12,N,N,07/2014,Analyst
29-2012.00,1.A.4.a.3,Visual Color Discrimination,IM,3.12,8,0.125,2.88,3.37,N,,07/2014,Analyst
29-2012.00,1.A.4.a.3,Visual Color Discrimination,LV,3.0,8,0.0,3.0,3.0,N,N,07/2014,Analyst
29-2012.00,1.A.4.a.4,Night Vision,IM,1.0,8,0.0,1.0,1.0,N,,07/2014,Analyst
29-2012.00,1.A.4.a.4,Night Vision,LV,0.0,8,0.0,0.0,0.0,N,Y,07/2014,Analyst
29-2012.00,1.A.4.a.5,Peripheral Vision,IM,1.0,8,0.0,1.0,1.0,N,,07/2014,Analyst
29-2012.00,1.A.4.a.5,Peripheral Vision,LV,0.0,8,0.0,0.0,0.0,N,Y,07/2014,Analyst
29-2012.00,1.A.4.a.6,Depth Perception,IM,2.25,8,0.1637,1.9292,2.5708,N,,07/2014,Analyst
29-2012.00,1.A.4.a.6,Depth Perception,LV,2.12,8,0.125,1.88,2.37,N,N,07/2014,Analyst
29-2012.00,1.A.4.a.7,Glare Sensitivity,IM,1.0,8,0.0,1.0,1.0,N,,07/2014,Analyst
29-2012.00,1.A.4.a.7,Glare Sensitivity,LV,0.0,8,0.0,0.0,0.0,N,Y,07/2014,Analyst
29-2012.00,1.A.4.b.1,Hearing Sensitivity,IM,2.38,8,0.183,2.0164,2.7336,N,,07/2014,Analyst
29-2012.00,1.A.4.b.1,Hearing Sensitivity,LV,2.25,8,0.1637,1.9292,2.5708,N,N,07/2014,Analyst
29-2012.00,1.A.4.b.2,Auditory Attention,IM,2.75,8,0.1637,2.4292,3.0708,N,,07/2014,Analyst
29-2012.00,1.A.4.b.2,Auditory Attention,LV,2.62,8,0.183,2.2664,2.9836,N,N,07/2014,Analyst
29-2012.00,1.A.4.b.3,Sound Localization,IM,1.0,8,0.0,1.0,1.0,N,,07/2014,Analyst
29-2012.00,1.A.4.b.3,Sound Localization,LV,0.0,8,0.0,0.0,0.0,N,Y,07/2014,Analyst
29-2012.00,1.A.4.b.4,Speech Recognition,IM,3.12,8,0.125,2.88,3.37,N,,07/2014,Analyst
29-2012.00,1.A.4.b.4,Speech Recognition,LV,3.0,8,0.0,3.0,3.0,N,N,07/2014,Analyst
29-2012.00,1.A.4.b.5,Speech Clarity,IM,3.12,8,0.125,2.88,3.37,N,,07/2014,Analyst
29-2012.00,1.A.4.b.5,Speech Clarity,LV,2.88,8,0.125,2.63,3.12,N,N,07/2014,Analyst
29-2031.00,1.A.1.a.1,Oral Comprehension,IM,4.0,8,0.0,4.0,4.0,N,,07/2014,Analyst
29-2031.00,1.A.1.a.1,Oral Comprehension,LV,4.0,8,0.0,4.0,4.0,N,N,07/2014,Analyst
29-2031.00,1.A.1.a.2,Written Comprehension,IM,3.5,8,0.189,3.1296,3.8704,N,,07/2014,Analyst
29-2031.00,1.A.1.a.2,Written Comprehension,LV,3.62,8,0.183,3.2664,3.9836,N,N,07/2014,Analyst
29-2031.00,1.A.1.a.3,Oral Expression,IM,4.0,8,0.0,4.0,4.0,N,,07/2014,Analyst
29-2031.00,1.A.1.a.3,Oral Expression,LV,4.0,8,0.0,4.0,4.0,N,N,07/2014,Analyst
29-2031.00,1.A.1.a.4,Written Expression,IM,3.5,8,0.189,3.1296,3.8704,N,,07/2014,Analyst
29-2031.00,1.A.1.a.4,Written Expression,LV,3.5,8,0.189,3.1296,3.8704,N,N,07/2014,Analyst
29-2031.00,1.A.1.b.1,Fluency of Ideas,IM,2.88,8,0.125,2.63,3.12,N,,07/2014,Analyst
29-2031.00,1.A.1.b.1,Fluency of Ideas,LV,3.0,8,0.0,3.0,3.0,N,N,07/2014,Analyst
29-2031.00,1.A.1.b.2,Originality,IM,2.5,8,0.189,2.1296,2.8704,N,,07/2014,Analyst
29-2031.00,1.A.1.b.2,Originality,LV,2.62,8,0.183,2.2664,2.9836,N,N,07/2014,Analyst
29-2031.00,1.A.1.b.3,Problem Sensitivity,IM,4.12,8,0.125,3.88,4.37,N,,07/2014,Analyst
29-2031.00,1.A.1.b.3,Problem Sensitivity,LV,4.12,8,0.125,3.88,4.37,N,N,07/2014,Analyst
29-2031.00,1.A.1.b.4,Deductive Reasoning,IM,3.62,8,0.183,3.2664,3.9836,N,,07/2014,Analyst
29-2031.00,1.A.1.b.4,Deductive Reasoning,LV,3.88,8,0.125,3.63,4.12,N,N,07/2014,Analyst
29-2031.00,1.A.1.b.5,Inductive Reasoning,IM,3.62,8,0.183,3.2664,3.9836,N,,07/2014,Analyst
29-2031.00,1.A.1.b.5,Inductive Reasoning,LV,3.88,8,0.125,3.63,4.12,N,N,07/2014,Analyst
29-2031.00,1.A.1.b.6,Information Ordering,IM,3.5,8,0.189,3.1296,3.8704,N,,07/2014,Analyst
29-2031.00,1.A.1.b.6,Information Ordering,LV,3.38,8,0.183,3.0164,3.7336,N,N,07/2014,Analyst
29-2031.00,1.A.1.b.7,Category Flexibility,IM,3.0,8,0.0,3.0,3.0,N,,07/2014,Analyst
29-2031.00,1.A.1.b.7,Category Flexibility,LV,3.25,8,0.1637,2.9292,3.5708,N,N,07/2014,Analyst
29-2031.00,1.A.1.c.1,Mathematical Reasoning,IM,2.62,8,0.183,2.2664,2.9836,N,,07/2014,Analyst
29-2031.00,1.A.1.c.1,Mathematical Reasoning,LV,2.75,8,0.1637,2.4292,3.0708,N,N,07/2014,Analyst
29-2031.00,1.A.1.c.2,Number Facility,IM,2.5,8,0.189,2.1296,2.8704,N,,07/2014,Analyst
29-2031.00,1.A.1.c.2,Number Facility,LV,2.75,8,0.1637,2.4292,3.0708,N,N,07/2014,Analyst
29-2031.00,1.A.1.d.1,Memorization,IM,2.62,8,0.183,2.2664,2.9836,N,,07/2014,Analyst
29-2031.00,1.A.1.d.1,Memorization,LV,2.62,8,0.183,2.2664,2.9836,N,N,07/2014,Analyst
29-2031.00,1.A.1.e.1,Speed of Closure,IM,3.0,8,0.189,2.6296,3.3704,N,,07/2014,Analyst
29-2031.00,1.A.1.e.1,Speed of Closure,LV,3.0,8,0.189,2.6296,3.3704,N,N,07/2014,Analyst
29-2031.00,1.A.1.e.2,Flexibility of Closure,IM,3.25,8,0.1637,2.9292,3.5708,N,,07/2014,Analyst
29-2031.00,1.A.1.e.2,Flexibility of Closure,LV,3.25,8,0.1637,2.9292,3.5708,N,N,07/2014,Analyst
29-2031.00,1.A.1.e.3,Perceptual Speed,IM,3.38,8,0.183,3.0164,3.7336,N,,07/2014,Analyst
29-2031.00,1.A.1.e.3,Perceptual Speed,LV,3.25,8,0.1637,2.9292,3.5708,N,N,07/2014,Analyst
29-2031.00,1.A.1.f.1,Spatial Orientation,IM,1.0,8,0.0,1.0,1.0,N,,07/2014,Analyst
29-2031.00,1.A.1.f.1,Spatial Orientation,LV,0.0,8,0.0,0.0,0.0,N,Y,07/2014,Analyst
29-2031.00,1.A.1.f.2,Visualization,IM,2.75,8,0.1637,2.4292,3.0708,N,,07/2014,Analyst
29-2031.00,1.A.1.f.2,Visualization,LV,2.62,8,0.183,2.2664,2.9836,N,N,07/2014,Analyst
29-2031.00,1.A.1.g.1,Selective Attention,IM,3.12,8,0.125,2.88,3.37,N,,07/2014,Analyst
29-2031.00,1.A.1.g.1,Selective Attention,LV,3.25,8,0.1637,2.9292,3.5708,N,N,07/2014,Analyst
29-2031.00,1.A.1.g.2,Time Sharing,IM,3.0,8,0.0,3.0,3.0,N,,07/2014,Analyst
29-2031.00,1.A.1.g.2,Time Sharing,LV,2.88,8,0.125,2.63,3.12,N,N,07/2014,Analyst
29-2031.00,1.A.2.a.1,Arm-Hand Steadiness,IM,3.25,8,0.1637,2.9292,3.5708,N,,07/2014,Analyst
29-2031.00,1.A.2.a.1,Arm-Hand Steadiness,LV,3.12,8,0.125,2.88,3.37,N,N,07/2014,Analyst
29-2031.00,1.A.2.a.2,Manual Dexterity,IM,3.12,8,0.125,2.88,3.37,N,,07/2014,Analyst
29-2031.00,1.A.2.a.2,Manual Dexterity,LV,2.88,8,0.125,2.63,3.12,N,N,07/2014,Analyst
29-2031.00,1.A.2.a.3,Finger Dexterity,IM,3.12,8,0.125,2.88,3.37,N,,07/2014,Analyst
29-2031.00,1.A.2.a.3,Finger Dexterity,LV,3.12,8,0.125,2.88,3.37,N,N,07/2014,Analyst
29-2031.00,1.A.2.b.1,Control Precision,IM,3.12,8,0.125,2.88,3.37,N,,07/2014,Analyst
29-2031.00,1.A.2.b.1,Control Precision,LV,3.12,8,0.125,2.88,3.37,N,N,07/2014,Analyst
29-2031.00,1.A.2.b.2,Multilimb Coordination,IM,2.75,8,0.1637,2.4292,3.0708,N,,07/2014,Analyst
29-2031.00,1.A.2.b.2,Multilimb Coordination,LV,2.62,8,0.183,2.2664,2.9836,N,N,07/2014,Analyst
29-2031.00,1.A.2.b.3,Response Orientation,IM,2.0,8,0.0,2.0,2.0,N,,07/2014,Analyst
29-2031.00,1.A.2.b.3,Response Orientation,LV,2.0,8,0.0,2.0,2.0,N,N,07/2014,Analyst
29-2031.00,1.A.2.b.4,Rate Control,IM,2.12,8,0.125,1.88,2.37,N,,07/2014,Analyst
29-2031.00,1.A.2.b.4,Rate Control,LV,2.12,8,0.125,1.88,2.37,N,N,07/2014,Analyst
29-2031.00,1.A.2.c.1,Reaction Time,IM,2.25,8,0.1637,1.9292,2.5708,N,,07/2014,Analyst
29-2031.00,1.A.2.c.1,Reaction Time,LV,2.5,8,0.189,2.1296,2.8704,N,N,07/2014,Analyst
29-2031.00,1.A.2.c.2,Wrist-Finger Speed,IM,2.12,8,0.125,1.88,2.37,N,,07/2014,Analyst
29-2031.00,1.A.2.c.2,Wrist-Finger Speed,LV,2.0,8,0.0,2.0,2.0,N,N,07/2014,Analyst
29-2031.00,1.A.2.c.3,Speed of Limb Movement,IM,2.0,8,0.0,2.0,2.0,N,,07/2014,Analyst
29-2031.00,1.A.2.c.3,Speed of Limb Movement,LV,1.38,8,0.183,1.0164,1.7336,N,N,07/2014,Analyst
29-2031.00,1.A.3.a.1,Static Strength,IM,2.25,8,0.1637,1.9292,2.5708,N,,07/2014,Analyst
29-2031.00,1.A.3.a.1,Static Strength,LV,2.0,8,0.0,2.0,2.0,N,N,07/2014,Analyst
29-2031.00,1.A.3.a.2,Explosive Strength,IM,1.0,8,0.0,1.0,1.0,N,,07/2014,Analyst
29-2031.00,1.A.3.a.2,Explosive Strength,LV,0.0,8,0.0,0.0,0.0,N,Y,07/2014,Analyst
29-2031.00,1.A.3.a.3,Dynamic Strength,IM,1.88,8,0.125,1.63,2.12,N,,07/2014,Analyst
29-2031.00,1.A.3.a.3,Dynamic Strength,LV,1.5,8,0.2673,0.9762,2.0238,N,N,07/2014,Analyst
29-2031.00,1.A.3.a.4,Trunk Strength,IM,2.88,8,0.125,2.63,3.12,N,,07/2014,Analyst
29-2031.00,1.A.3.a.4,Trunk Strength,LV,2.75,8,0.1637,2.4292,3.0708,N,N,07/2014,Analyst
29-2031.00,1.A.3.b.1,Stamina,IM,2.0,8,0.0,2.0,2.0,N,,07/2014,Analyst
29-2031.00,1.A.3.b.1,Stamina,LV,1.88,8,0.125,1.63,2.12,N,N,07/2014,Analyst
29-2031.00,1.A.3.c.1,Extent Flexibility,IM,2.25,8,0.1637,1.9292,2.5708,N,,07/2014,Analyst
29-2031.00,1.A.3.c.1,Extent Flexibility,LV,2.38,8,0.183,2.0164,2.7336,N,N,07/2014,Analyst
29-2031.00,1.A.3.c.2,Dynamic Flexibility,IM,1.12,8,0.125,1.0,1.37,N,,07/2014,Analyst
29-2031.00,1.A.3.c.2,Dynamic Flexibility,LV,0.12,8,0.125,0.0,0.37,N,Y,07/2014,Analyst
29-2031.00,1.A.3.c.3,Gross Body Coordination,IM,2.0,8,0.0,2.0,2.0,N,,07/2014,Analyst
29-2031.00,1.A.3.c.3,Gross Body Coordination,LV,2.0,8,0.189,1.6296,2.3704,N,N,07/2014,Analyst
29-2031.00,1.A.3.c.4,Gross Body Equilibrium,IM,1.75,8,0.1637,1.4292,2.0708,N,,07/2014,Analyst
29-2031.00,1.A.3.c.4,Gross Body Equilibrium,LV,1.38,8,0.3239,0.7402,2.0098,N,N,07/2014,Analyst
29-2031.00,1.A.4.a.1,Near Vision,IM,4.0,8,0.0,4.0,4.0,N,,07/2014,Analyst
29-2031.00,1.A.4.a.1,Near Vision,LV,3.62,8,0.2631,3.1094,4.1406,N,N,07/2014,Analyst
29-2031.00,1.A.4.a.2,Far Vision,IM,2.88,8,0.125,2.63,3.12,N,,07/2014,Analyst
29-2031.00,1.A.4.a.2,Far Vision,LV,3.0,8,0.189,2.6296,3.3704,N,N,07/2014,Analyst
29-2031.00,1.A.4.a.3,Visual Color Discrimination,IM,2.88,8,0.125,2.63,3.12,N,,07/2014,Analyst
29-2031.00,1.A.4.a.3,Visual Color Discrimination,LV,2.38,8,0.183,2.0164,2.7336,N,N,07/2014,Analyst
29-2031.00,1.A.4.a.4,Night Vision,IM,1.0,8,0.0,1.0,1.0,N,,07/2014,Analyst
29-2031.00,1.A.4.a.4,Night Vision,LV,0.0,8,0.0,0.0,0.0,N,Y,07/2014,Analyst
29-2031.00,1.A.4.a.5,Peripheral Vision,IM,1.0,8,0.0,1.0,1.0,N,,07/2014,Analyst
29-2031.00,1.A.4.a.5,Peripheral Vision,LV,0.0,8,0.0,0.0,0.0,N,Y,07/2014,Analyst
29-2031.00,1.A.4.a.6,Depth Perception,IM,2.0,8,0.0,2.0,2.0,N,,07/2014,Analyst
29-2031.00,1.A.4.a.6,Depth Perception,LV,2.0,8,0.0,2.0,2.0,N,N,07/2014,Analyst
29-2031.00,1.A.4.a.7,Glare Sensitivity,IM,1.0,8,0.0,1.0,1.0,N,,07/2014,Analyst
29-2031.00,1.A.4.a.7,Glare Sensitivity,LV,0.0,8,0.0,0.0,0.0,N,Y,07/2014,Analyst
29-2031.00,1.A.4.b.1,Hearing Sensitivity,IM,2.62,8,0.183,2.2664,2.9836,N,,07/2014,Analyst
29-2031.00,1.A.4.b.1,Hearing Sensitivity,LV,2.25,8,0.1637,1.9292,2.5708,N,N,07/2014,Analyst
29-2031.00,1.A.4.b.2,Auditory Attention,IM,2.5,8,0.189,2.1296,2.8704,N,,07/2014,Analyst
29-2031.00,1.A.4.b.2,Auditory Attention,LV,2.0,8,0.0,2.0,2.0,N,N,07/2014,Analyst
29-2031.00,1.A.4.b.3,Sound Localization,IM,1.0,8,0.0,1.0,1.0,N,,07/2014,Analyst
29-2031.00,1.A.4.b.3,Sound Localization,LV,0.0,8,0.0,0.0,0.0,N,Y,07/2014,Analyst
29-2031.00,1.A.4.b.4,Speech Recognition,IM,3.62,8,0.183,3.2664,3.9836,N,,07/2014,Analyst
29-2031.00,1.A.4.b.4,Speech Recognition,LV,3.12,8,0.125,2.88,3.37,N,N,07/2014,Analyst
29-2031.00,1.A.4.b.5,Speech Clarity,IM,3.62,8,0.183,3.2664,3.9836,N,,07/2014,Analyst
29-2031.00,1.A.4.b.5,Speech Clarity,LV,3.12,8,0.125,2.88,3.37,N,N,07/2014,Analyst
29-2032.00,1.A.1.a.1,Oral Comprehension,IM,4.0,8,0.0,4.0,4.0,N,,07/2013,Analyst
29-2032.00,1.A.1.a.1,Oral Comprehension,LV,3.88,8,0.125,3.63,4.12,N,N,07/2013,Analyst
29-2032.00,1.A.1.a.2,Written Comprehension,IM,3.88,8,0.125,3.63,4.12,N,,07/2013,Analyst
29-2032.00,1.A.1.a.2,Written Comprehension,LV,3.88,8,0.125,3.63,4.12,N,N,07/2013,Analyst
29-2032.00,1.A.1.a.3,Oral Expression,IM,3.88,8,0.125,3.63,4.12,N,,07/2013,Analyst
29-2032.00,1.A.1.a.3,Oral Expression,LV,4.0,8,0.0,4.0,4.0,N,N,07/2013,Analyst
29-2032.00,1.A.1.a.4,Written Expression,IM,3.75,8,0.1637,3.4292,4.0708,N,,07/2013,Analyst
29-2032.00,1.A.1.a.4,Written Expression,LV,3.38,8,0.183,3.0164,3.7336,N,N,07/2013,Analyst
29-2032.00,1.A.1.b.1,Fluency of Ideas,IM,3.0,8,0.0,3.0,3.0,N,,07/2013,Analyst
29-2032.00,1.A.1.b.1,Fluency of Ideas,LV,2.88,8,0.125,2.63,3.12,N,N,07/2013,Analyst
29-2032.00,1.A.1.b.2,Originality,IM,3.0,8,0.0,3.0,3.0,N,,07/2013,Analyst
29-2032.00,1.A.1.b.2,Originality,LV,2.88,8,0.125,2.63,3.12,N,N,07/2013,Analyst
29-2032.00,1.A.1.b.3,Problem Sensitivity,IM,3.88,8,0.125,3.63,4.12,N,,07/2013,Analyst
29-2032.00,1.A.1.b.3,Problem Sensitivity,LV,3.5,8,0.189,3.1296,3.8704,N,N,07/2013,Analyst
29-2032.00,1.A.1.b.4,Deductive Reasoning,IM,3.38,8,0.183,3.0164,3.7336,N,,07/2013,Analyst
29-2032.00,1.A.1.b.4,Deductive Reasoning,LV,3.38,8,0.183,3.0164,3.7336,N,N,07/2013,Analyst
29-2032.00,1.A.1.b.5,Inductive Reasoning,IM,3.5,8,0.189,3.1296,3.8704,N,,07/2013,Analyst
29-2032.00,1.A.1.b.5,Inductive Reasoning,LV,3.38,8,0.183,3.0164,3.7336,N,N,07/2013,Analyst
29-2032.00,1.A.1.b.6,Information Ordering,IM,3.12,8,0.125,2.88,3.37,N,,07/2013,Analyst
29-2032.00,1.A.1.b.6,Information Ordering,LV,3.12,8,0.125,2.88,3.37,N,N,07/2013,Analyst
29-2032.00,1.A.1.b.7,Category Flexibility,IM,3.12,8,0.125,2.88,3.37,N,,07/2013,Analyst
29-2032.00,1.A.1.b.7,Category Flexibility,LV,3.25,8,0.1637,2.9292,3.5708,N,N,07/2013,Analyst
29-2032.00,1.A.1.c.1,Mathematical Reasoning,IM,2.25,8,0.1637,1.9292,2.5708,N,,07/2013,Analyst
29-2032.00,1.A.1.c.1,Mathematical Reasoning,LV,2.38,8,0.183,2.0164,2.7336,N,N,07/2013,Analyst
29-2032.00,1.A.1.c.2,Number Facility,IM,2.12,8,0.125,1.88,2.37,N,,07/2013,Analyst
29-2032.00,1.A.1.c.2,Number Facility,LV,2.25,8,0.1637,1.9292,2.5708,N,N,07/2013,Analyst
29-2032.00,1.A.1.d.1,Memorization,IM,2.38,8,0.183,2.0164,2.7336,N,,07/2013,Analyst
29-2032.00,1.A.1.d.1,Memorization,LV,2.88,8,0.125,2.63,3.12,N,N,07/2013,Analyst
29-2032.00,1.A.1.e.1,Speed of Closure,IM,3.0,8,0.0,3.0,3.0,N,,07/2013,Analyst
29-2032.00,1.A.1.e.1,Speed of Closure,LV,3.0,8,0.0,3.0,3.0,N,N,07/2013,Analyst
29-2032.00,1.A.1.e.2,Flexibility of Closure,IM,3.38,8,0.183,3.0164,3.7336,N,,07/2013,Analyst
29-2032.00,1.A.1.e.2,Flexibility of Closure,LV,3.5,8,0.189,3.1296,3.8704,N,N,07/2013,Analyst
29-2032.00,1.A.1.e.3,Perceptual Speed,IM,3.0,8,0.189,2.6296,3.3704,N,,07/2013,Analyst
29-2032.00,1.A.1.e.3,Perceptual Speed,LV,3.25,8,0.1637,2.9292,3.5708,N,N,07/2013,Analyst
29-2032.00,1.A.1.f.1,Spatial Orientation,IM,1.0,8,0.0,1.0,1.0,N,,07/2013,Analyst
29-2032.00,1.A.1.f.1,Spatial Orientation,LV,0.0,8,0.0,0.0,0.0,N,Y,07/2013,Analyst
29-2032.00,1.A.1.f.2,Visualization,IM,3.0,8,0.0,3.0,3.0,N,,07/2013,Analyst
29-2032.00,1.A.1.f.2,Visualization,LV,3.0,8,0.0,3.0,3.0,N,N,07/2013,Analyst
29-2032.00,1.A.1.g.1,Selective Attention,IM,3.0,8,0.0,3.0,3.0,N,,07/2013,Analyst
29-2032.00,1.A.1.g.1,Selective Attention,LV,3.12,8,0.125,2.88,3.37,N,N,07/2013,Analyst
29-2032.00,1.A.1.g.2,Time Sharing,IM,2.88,8,0.125,2.63,3.12,N,,07/2013,Analyst
29-2032.00,1.A.1.g.2,Time Sharing,LV,2.88,8,0.125,2.63,3.12,N,N,07/2013,Analyst
29-2032.00,1.A.2.a.1,Arm-Hand Steadiness,IM,3.5,8,0.189,3.1296,3.8704,N,,07/2013,Analyst
29-2032.00,1.A.2.a.1,Arm-Hand Steadiness,LV,3.0,8,0.0,3.0,3.0,N,N,07/2013,Analyst
29-2032.00,1.A.2.a.2,Manual Dexterity,IM,3.0,8,0.0,3.0,3.0,N,,07/2013,Analyst
29-2032.00,1.A.2.a.2,Manual Dexterity,LV,3.12,8,0.125,2.88,3.37,N,N,07/2013,Analyst
29-2032.00,1.A.2.a.3,Finger Dexterity,IM,3.0,8,0.0,3.0,3.0,N,,07/2013,Analyst
29-2032.00,1.A.2.a.3,Finger Dexterity,LV,3.0,8,0.0,3.0,3.0,N,N,07/2013,Analyst
29-2032.00,1.A.2.b.1,Control Precision,IM,3.5,8,0.189,3.1296,3.8704,N,,07/2013,Analyst
29-2032.00,1.A.2.b.1,Control Precision,LV,3.38,8,0.183,3.0164,3.7336,N,N,07/2013,Analyst
29-2032.00,1.A.2.b.2,Multilimb Coordination,IM,3.0,8,0.189,2.6296,3.3704,N,,07/2013,Analyst
29-2032.00,1.A.2.b.2,Multilimb Coordination,LV,2.88,8,0.125,2.63,3.12,N,N,07/2013,Analyst
29-2032.00,1.A.2.b.3,Response Orientation,IM,2.5,8,0.189,2.1296,2.8704,N,,07/2013,Analyst
29-2032.00,1.A.2.b.3,Response Orientation,LV,2.62,8,0.183,2.2664,2.9836,N,N,07/2013,Analyst
29-2032.00,1.A.2.b.4,Rate Control,IM,2.12,8,0.125,1.88,2.37,N,,07/2013,Analyst
29-2032.00,1.A.2.b.4,Rate Control,LV,2.0,8,0.189,1.6296,2.3704,N,N,07/2013,Analyst
29-2032.00,1.A.2.c.1,Reaction Time,IM,2.25,8,0.1637,1.9292,2.5708,N,,07/2013,Analyst
29-2032.00,1.A.2.c.1,Reaction Time,LV,2.0,8,0.189,1.6296,2.3704,N,N,07/2013,Analyst
29-2032.00,1.A.2.c.2,Wrist-Finger Speed,IM,2.0,8,0.0,2.0,2.0,N,,07/2013,Analyst
29-2032.00,1.A.2.c.2,Wrist-Finger Speed,LV,2.0,8,0.0,2.0,2.0,N,N,07/2013,Analyst
29-2032.00,1.A.2.c.3,Speed of Limb Movement,IM,1.88,8,0.125,1.63,2.12,N,,07/2013,Analyst
29-2032.00,1.A.2.c.3,Speed of Limb Movement,LV,1.38,8,0.2631,0.8594,1.8906,N,N,07/2013,Analyst
29-2032.00,1.A.3.a.1,Static Strength,IM,2.25,8,0.1637,1.9292,2.5708,N,,07/2013,Analyst
29-2032.00,1.A.3.a.1,Static Strength,LV,2.25,8,0.1637,1.9292,2.5708,N,N,07/2013,Analyst
29-2032.00,1.A.3.a.2,Explosive Strength,IM,1.0,8,0.0,1.0,1.0,N,,07/2013,Analyst
29-2032.00,1.A.3.a.2,Explosive Strength,LV,0.0,8,0.0,0.0,0.0,N,Y,07/2013,Analyst
29-2032.00,1.A.3.a.3,Dynamic Strength,IM,2.12,8,0.125,1.88,2.37,N,,07/2013,Analyst
29-2032.00,1.A.3.a.3,Dynamic Strength,LV,1.88,8,0.125,1.63,2.12,N,N,07/2013,Analyst
29-2032.00,1.A.3.a.4,Trunk Strength,IM,2.75,8,0.1637,2.4292,3.0708,N,,07/2013,Analyst
29-2032.00,1.A.3.a.4,Trunk Strength,LV,2.38,8,0.183,2.0164,2.7336,N,N,07/2013,Analyst
29-2032.00,1.A.3.b.1,Stamina,IM,2.38,8,0.183,2.0164,2.7336,N,,07/2013,Analyst
29-2032.00,1.A.3.b.1,Stamina,LV,1.88,8,0.125,1.63,2.12,N,N,07/2013,Analyst
29-2032.00,1.A.3.c.1,Extent Flexibility,IM,2.75,8,0.1637,2.4292,3.0708,N,,07/2013,Analyst
29-2032.00,1.A.3.c.1,Extent Flexibility,LV,2.88,8,0.2266,2.4309,3.3191,N,N,07/2013,Analyst
29-2032.00,1.A.3.c.2,Dynamic Flexibility,IM,1.0,8,0.0,1.0,1.0,N,,07/2013,Analyst
29-2032.00,1.A.3.c.2,Dynamic Flexibility,LV,0.0,8,0.0,0.0,0.0,N,Y,07/2013,Analyst
29-2032.00,1.A.3.c.3,Gross Body Coordination,IM,2.25,8,0.1637,1.9292,2.5708,N,,07/2013,Analyst
29-2032.00,1.A.3.c.3,Gross Body Coordination,LV,2.0,8,0.0,2.0,2.0,N,N,07/2013,Analyst
29-2032.00,1.A.3.c.4,Gross Body Equilibrium,IM,1.88,8,0.125,1.63,2.12,N,,07/2013,Analyst
29-2032.00,1.A.3.c.4,Gross Body Equilibrium,LV,1.25,8,0.25,0.76,1.74,N,N,07/2013,Analyst
29-2032.00,1.A.4.a.1,Near Vision,IM,3.88,8,0.125,3.63,4.12,N,,07/2013,Analyst
29-2032.00,1.A.4.a.1,Near Vision,LV,4.0,8,0.189,3.6296,4.3704,N,N,07/2013,Analyst
29-2032.00,1.A.4.a.2,Far Vision,IM,2.88,8,0.125,2.63,3.12,N,,07/2013,Analyst
29-2032.00,1.A.4.a.2,Far Vision,LV,2.88,8,0.125,2.63,3.12,N,N,07/2013,Analyst
29-2032.00,1.A.4.a.3,Visual Color Discrimination,IM,2.88,8,0.125,2.63,3.12,N,,07/2013,Analyst
29-2032.00,1.A.4.a.3,Visual Color Discrimination,LV,3.12,8,0.125,2.88,3.37,N,N,07/2013,Analyst
29-2032.00,1.A.4.a.4,Night Vision,IM,1.0,8,0.0,1.0,1.0,N,,07/2013,Analyst
29-2032.00,1.A.4.a.4,Night Vision,LV,0.0,8,0.0,0.0,0.0,N,Y,07/2013,Analyst
29-2032.00,1.A.4.a.5,Peripheral Vision,IM,1.0,8,0.0,1.0,1.0,N,,07/2013,Analyst
29-2032.00,1.A.4.a.5,Peripheral Vision,LV,0.0,8,0.0,0.0,0.0,N,Y,07/2013,Analyst
29-2032.00,1.A.4.a.6,Depth Perception,IM,2.62,8,0.183,2.2664,2.9836,N,,07/2013,Analyst
29-2032.00,1.A.4.a.6,Depth Perception,LV,2.75,8,0.1637,2.4292,3.0708,N,N,07/2013,Analyst
29-2032.00,1.A.4.a.7,Glare Sensitivity,IM,1.0,8,0.0,1.0,1.0,N,,07/2013,Analyst
29-2032.00,1.A.4.a.7,Glare Sensitivity,LV,0.0,8,0.0,0.0,0.0,N,Y,07/2013,Analyst
29-2032.00,1.A.4.b.1,Hearing Sensitivity,IM,2.88,8,0.125,2.63,3.12,N,,07/2013,Analyst
29-2032.00,1.A.4.b.1,Hearing Sensitivity,LV,2.88,8,0.125,2.63,3.12,N,N,07/2013,Analyst
29-2032.00,1.A.4.b.2,Auditory Attention,IM,2.5,8,0.189,2.1296,2.8704,N,,07/2013,Analyst
29-2032.00,1.A.4.b.2,Auditory Attention,LV,2.25,8,0.1637,1.9292,2.5708,N,N,07/2013,Analyst
29-2032.00,1.A.4.b.3,Sound Localization,IM,1.0,8,0.0,1.0,1.0,N,,07/2013,Analyst
29-2032.00,1.A.4.b.3,Sound Localization,LV,0.0,8,0.0,0.0,0.0,N,Y,07/2013,Analyst
29-2032.00,1.A.4.b.4,Speech Recognition,IM,3.5,8,0.189,3.1296,3.8704,N,,07/2013,Analyst
29-2032.00,1.A.4.b.4,Speech Recognition,LV,3.25,8,0.1637,2.9292,3.5708,N,N,07/2013,Analyst
29-2032.00,1.A.4.b.5,Speech Clarity,IM,3.62,8,0.183,3.2664,3.9836,N,,07/2013,Analyst
29-2032.00,1.A.4.b.5,Speech Clarity,LV,3.12,8,0.125,2.88,3.37,N,N,07/2013,Analyst
29-2033.00,1.A.1.a.1,Oral Comprehension,IM,4.0,8,0.0,4.0,4.0,N,,07/2013,Analyst
29-2033.00,1.A.1.a.1,Oral Comprehension,LV,4.25,8,0.1637,3.9292,4.5708,N,N,07/2013,Analyst
29-2033.00,1.A.1.a.2,Written Comprehension,IM,3.75,8,0.1637,3.4292,4.0708,N,,07/2013,Analyst
29-2033.00,1.A.1.a.2,Written Comprehension,LV,3.75,8,0.1637,3.4292,4.0708,N,N,07/2013,Analyst
29-2033.00,1.A.1.a.3,Oral Expression,IM,4.0,8,0.0,4.0,4.0,N,,07/2013,Analyst
29-2033.00,1.A.1.a.3,Oral Expression,LV,3.88,8,0.125,3.63,4.12,N,N,07/2013,Analyst
29-2033.00,1.A.1.a.4,Written Expression,IM,3.5,8,0.189,3.1296,3.8704,N,,07/2013,Analyst
29-2033.00,1.A.1.a.4,Written Expression,LV,3.62,8,0.183,3.2664,3.9836,N,N,07/2013,Analyst
29-2033.00,1.A.1.b.1,Fluency of Ideas,IM,2.88,8,0.125,2.63,3.12,N,,07/2013,Analyst
29-2033.00,1.A.1.b.1,Fluency of Ideas,LV,2.88,8,0.125,2.63,3.12,N,N,07/2013,Analyst
29-2033.00,1.A.1.b.2,Originality,IM,2.75,8,0.1637,2.4292,3.0708,N,,07/2013,Analyst
29-2033.00,1.A.1.b.2,Originality,LV,2.75,8,0.1637,2.4292,3.0708,N,N,07/2013,Analyst
29-2033.00,1.A.1.b.3,Problem Sensitivity,IM,3.88,8,0.125,3.63,4.12,N,,07/2013,Analyst
29-2033.00,1.A.1.b.3,Problem Sensitivity,LV,3.88,8,0.125,3.63,4.12,N,N,07/2013,Analyst
29-2033.00,1.A.1.b.4,Deductive Reasoning,IM,3.5,8,0.189,3.1296,3.8704,N,,07/2013,Analyst
29-2033.00,1.A.1.b.4,Deductive Reasoning,LV,3.5,8,0.189,3.1296,3.8704,N,N,07/2013,Analyst
29-2033.00,1.A.1.b.5,Inductive Reasoning,IM,3.5,8,0.189,3.1296,3.8704,N,,07/2013,Analyst
29-2033.00,1.A.1.b.5,Inductive Reasoning,LV,3.5,8,0.189,3.1296,3.8704,N,N,07/2013,Analyst
29-2033.00,1.A.1.b.6,Information Ordering,IM,3.75,8,0.1637,3.4292,4.0708,N,,07/2013,Analyst
29-2033.00,1.A.1.b.6,Information Ordering,LV,3.75,8,0.1637,3.4292,4.0708,N,N,07/2013,Analyst
29-2033.00,1.A.1.b.7,Category Flexibility,IM,3.25,8,0.1637,2.9292,3.5708,N,,07/2013,Analyst
29-2033.00,1.A.1.b.7,Category Flexibility,LV,3.38,8,0.183,3.0164,3.7336,N,N,07/2013,Analyst
29-2033.00,1.A.1.c.1,Mathematical Reasoning,IM,3.12,8,0.125,2.88,3.37,N,,07/2013,Analyst
29-2033.00,1.A.1.c.1,Mathematical Reasoning,LV,3.0,8,0.0,3.0,3.0,N,N,07/2013,Analyst
29-2033.00,1.A.1.c.2,Number Facility,IM,3.12,8,0.125,2.88,3.37,N,,07/2013,Analyst
29-2033.00,1.A.1.c.2,Number Facility,LV,3.0,8,0.0,3.0,3.0,N,N,07/2013,Analyst
29-2033.00,1.A.1.d.1,Memorization,IM,2.75,8,0.1637,2.4292,3.0708,N,,07/2013,Analyst
29-2033.00,1.A.1.d.1,Memorization,LV,2.75,8,0.1637,2.4292,3.0708,N,N,07/2013,Analyst
29-2033.00,1.A.1.e.1,Speed of Closure,IM,2.5,8,0.189,2.1296,2.8704,N,,07/2013,Analyst
29-2033.00,1.A.1.e.1,Speed of Closure,LV,2.38,8,0.183,2.0164,2.7336,N,N,07/2013,Analyst
29-2033.00,1.A.1.e.2,Flexibility of Closure,IM,3.0,8,0.0,3.0,3.0,N,,07/2013,Analyst
29-2033.00,1.A.1.e.2,Flexibility of Closure,LV,3.0,8,0.0,3.0,3.0,N,N,07/2013,Analyst
29-2033.00,1.A.1.e.3,Perceptual Speed,IM,3.0,8,0.0,3.0,3.0,N,,07/2013,Analyst
29-2033.00,1.A.1.e.3,Perceptual Speed,LV,3.0,8,0.0,3.0,3.0,N,N,07/2013,Analyst
29-2033.00,1.A.1.f.1,Spatial Orientation,IM,1.0,8,0.0,1.0,1.0,N,,07/2013,Analyst
29-2033.00,1.A.1.f.1,Spatial Orientation,LV,0.0,8,0.0,0.0,0.0,N,Y,07/2013,Analyst
29-2033.00,1.A.1.f.2,Visualization,IM,2.88,8,0.125,2.63,3.12,N,,07/2013,Analyst
29-2033.00,1.A.1.f.2,Visualization,LV,3.0,8,0.0,3.0,3.0,N,N,07/2013,Analyst
29-2033.00,1.A.1.g.1,Selective Attention,IM,2.88,8,0.125,2.63,3.12,N,,07/2013,Analyst
29-2033.00,1.A.1.g.1,Selective Attention,LV,2.88,8,0.125,2.63,3.12,N,N,07/2013,Analyst
29-2033.00,1.A.1.g.2,Time Sharing,IM,2.75,8,0.1637,2.4292,3.0708,N,,07/2013,Analyst
29-2033.00,1.A.1.g.2,Time Sharing,LV,2.62,8,0.183,2.2664,2.9836,N,N,07/2013,Analyst
29-2033.00,1.A.2.a.1,Arm-Hand Steadiness,IM,3.0,8,0.0,3.0,3.0,N,,07/2013,Analyst
29-2033.00,1.A.2.a.1,Arm-Hand Steadiness,LV,3.0,8,0.0,3.0,3.0,N,N,07/2013,Analyst
29-2033.00,1.A.2.a.2,Manual Dexterity,IM,2.88,8,0.125,2.63,3.12,N,,07/2013,Analyst
29-2033.00,1.A.2.a.2,Manual Dexterity,LV,2.88,8,0.125,2.63,3.12,N,N,07/2013,Analyst
29-2033.00,1.A.2.a.3,Finger Dexterity,IM,2.88,8,0.125,2.63,3.12,N,,07/2013,Analyst
29-2033.00,1.A.2.a.3,Finger Dexterity,LV,2.88,8,0.125,2.63,3.12,N,N,07/2013,Analyst
29-2033.00,1.A.2.b.1,Control Precision,IM,3.12,8,0.125,2.88,3.37,N,,07/2013,Analyst
29-2033.00,1.A.2.b.1,Control Precision,LV,3.0,8,0.0,3.0,3.0,N,N,07/2013,Analyst
29-2033.00,1.A.2.b.2,Multilimb Coordination,IM,2.5,8,0.189,2.1296,2.8704,N,,07/2013,Analyst
29-2033.00,1.A.2.b.2,Multilimb Coordination,LV,2.0,8,0.0,2.0,2.0,N,N,07/2013,Analyst
29-2033.00,1.A.2.b.3,Response Orientation,IM,1.88,8,0.125,1.63,2.12,N,,07/2013,Analyst
29-2033.00,1.A.2.b.3,Response Orientation,LV,1.75,8,0.25,1.26,2.24,N,N,07/2013,Analyst
29-2033.00,1.A.2.b.4,Rate Control,IM,2.12,8,0.125,1.88,2.37,N,,07/2013,Analyst
29-2033.00,1.A.2.b.4,Rate Control,LV,2.0,8,0.0,2.0,2.0,N,N,07/2013,Analyst
29-2033.00,1.A.2.c.1,Reaction Time,IM,2.12,8,0.125,1.88,2.37,N,,07/2013,Analyst
29-2033.00,1.A.2.c.1,Reaction Time,LV,2.12,8,0.125,1.88,2.37,N,N,07/2013,Analyst
29-2033.00,1.A.2.c.2,Wrist-Finger Speed,IM,1.88,8,0.125,1.63,2.12,N,,07/2013,Analyst
29-2033.00,1.A.2.c.2,Wrist-Finger Speed,LV,1.0,8,0.189,0.6296,1.3704,N,N,07/2013,Analyst
29-2033.00,1.A.2.c.3,Speed of Limb Movement,IM,1.88,8,0.125,1.63,2.12,N,,07/2013,Analyst
29-2033.00,1.A.2.c.3,Speed of Limb Movement,LV,0.88,8,0.125,0.63,1.12,N,N,07/2013,Analyst
29-2033.00,1.A.3.a.1,Static Strength,IM,2.0,8,0.0,2.0,2.0,N,,07/2013,Analyst
29-2033.00,1.A.3.a.1,Static Strength,LV,1.88,8,0.125,1.63,2.12,N,N,07/2013,Analyst
29-2033.00,1.A.3.a.2,Explosive Strength,IM,1.0,8,0.0,1.0,1.0,N,,07/2013,Analyst
29-2033.00,1.A.3.a.2,Explosive Strength,LV,0.0,8,0.0,0.0,0.0,N,Y,07/2013,Analyst
29-2033.00,1.A.3.a.3,Dynamic Strength,IM,2.0,8,0.0,2.0,2.0,N,,07/2013,Analyst
29-2033.00,1.A.3.a.3,Dynamic Strength,LV,1.88,8,0.125,1.63,2.12,N,N,07/2013,Analyst
29-2033.00,1.A.3.a.4,Trunk Strength,IM,2.38,8,0.183,2.0164,2.7336,N,,07/2013,Analyst
29-2033.00,1.A.3.a.4,Trunk Strength,LV,2.25,8,0.1637,1.9292,2.5708,N,N,07/2013,Analyst
29-2033.00,1.A.3.b.1,Stamina,IM,2.0,8,0.0,2.0,2.0,N,,07/2013,Analyst
29-2033.00,1.A.3.b.1,Stamina,LV,1.88,8,0.125,1.63,2.12,N,N,07/2013,Analyst
29-2033.00,1.A.3.c.1,Extent Flexibility,IM,1.88,8,0.125,1.63,2.12,N,,07/2013,Analyst
29-2033.00,1.A.3.c.1,Extent Flexibility,LV,1.88,8,0.295,1.2967,2.4533,N,N,07/2013,Analyst
29-2033.00,1.A.3.c.2,Dynamic Flexibility,IM,1.0,8,0.0,1.0,1.0,N,,07/2013,Analyst
29-2033.00,1.A.3.c.2,Dynamic Flexibility,LV,0.0,8,0.0,0.0,0.0,N,Y,07/2013,Analyst
29-2033.00,1.A.3.c.3,Gross Body Coordination,IM,2.0,8,0.0,2.0,2.0,N,,07/2013,Analyst
29-2033.00,1.A.3.c.3,Gross Body Coordination,LV,2.0,8,0.0,2.0,2.0,N,N,07/2013,Analyst
29-2033.00,1.A.3.c.4,Gross Body Equilibrium,IM,1.88,8,0.125,1.63,2.12,N,,07/2013,Analyst
29-2033.00,1.A.3.c.4,Gross Body Equilibrium,LV,1.25,8,0.25,0.76,1.74,N,N,07/2013,Analyst
29-2033.00,1.A.4.a.1,Near Vision,IM,3.88,8,0.125,3.63,4.12,N,,07/2013,Analyst
29-2033.00,1.A.4.a.1,Near Vision,LV,4.12,8,0.125,3.88,4.37,N,N,07/2013,Analyst
29-2033.00,1.A.4.a.2,Far Vision,IM,2.75,8,0.1637,2.4292,3.0708,N,,07/2013,Analyst
29-2033.00,1.A.4.a.2,Far Vision,LV,2.88,8,0.2266,2.4309,3.3191,N,N,07/2013,Analyst
29-2033.00,1.A.4.a.3,Visual Color Discrimination,IM,2.88,8,0.125,2.63,3.12,N,,07/2013,Analyst
29-2033.00,1.A.4.a.3,Visual Color Discrimination,LV,3.0,8,0.0,3.0,3.0,N,N,07/2013,Analyst
29-2033.00,1.A.4.a.4,Night Vision,IM,1.0,8,0.0,1.0,1.0,N,,07/2013,Analyst
29-2033.00,1.A.4.a.4,Night Vision,LV,0.0,8,0.0,0.0,0.0,N,Y,07/2013,Analyst
29-2033.00,1.A.4.a.5,Peripheral Vision,IM,1.0,8,0.0,1.0,1.0,N,,07/2013,Analyst
29-2033.00,1.A.4.a.5,Peripheral Vision,LV,0.0,8,0.0,0.0,0.0,N,Y,07/2013,Analyst
29-2033.00,1.A.4.a.6,Depth Perception,IM,2.0,8,0.0,2.0,2.0,N,,07/2013,Analyst
29-2033.00,1.A.4.a.6,Depth Perception,LV,1.88,8,0.125,1.63,2.12,N,N,07/2013,Analyst
29-2033.00,1.A.4.a.7,Glare Sensitivity,IM,1.0,8,0.0,1.0,1.0,N,,07/2013,Analyst
29-2033.00,1.A.4.a.7,Glare Sensitivity,LV,0.0,8,0.0,0.0,0.0,N,Y,07/2013,Analyst
29-2033.00,1.A.4.b.1,Hearing Sensitivity,IM,2.0,8,0.0,2.0,2.0,N,,07/2013,Analyst
29-2033.00,1.A.4.b.1,Hearing Sensitivity,LV,2.0,8,0.0,2.0,2.0,N,N,07/2013,Analyst
29-2033.00,1.A.4.b.2,Auditory Attention,IM,1.88,8,0.125,1.63,2.12,N,,07/2013,Analyst
29-2033.00,1.A.4.b.2,Auditory Attention,LV,1.75,8,0.25,1.26,2.24,N,N,07/2013,Analyst
29-2033.00,1.A.4.b.3,Sound Localization,IM,1.0,8,0.0,1.0,1.0,N,,07/2013,Analyst
29-2033.00,1.A.4.b.3,Sound Localization,LV,0.0,8,0.0,0.0,0.0,N,Y,07/2013,Analyst
29-2033.00,1.A.4.b.4,Speech Recognition,IM,3.62,8,0.183,3.2664,3.9836,N,,07/2013,Analyst
29-2033.00,1.A.4.b.4,Speech Recognition,LV,3.25,8,0.1637,2.9292,3.5708,N,N,07/2013,Analyst
29-2033.00,1.A.4.b.5,Speech Clarity,IM,3.5,8,0.189,3.1296,3.8704,N,,07/2013,Analyst
29-2033.00,1.A.4.b.5,Speech Clarity,LV,3.0,8,0.0,3.0,3.0,N,N,07/2013,Analyst
29-2034.00,1.A.1.a.1,Oral Comprehension,IM,4.0,8,0.0,4.0,4.0,N,,08/2022,Analyst
29-2034.00,1.A.1.a.1,Oral Comprehension,LV,4.12,8,0.125,3.88,4.37,N,N,08/2022,Analyst
29-2034.00,1.A.1.a.2,Written Comprehension,IM,3.62,8,0.183,3.2664,3.9836,N,,08/2022,Analyst
29-2034.00,1.A.1.a.2,Written Comprehension,LV,3.62,8,0.183,3.2664,3.9836,N,N,08/2022,Analyst
29-2034.00,1.A.1.a.3,Oral Expression,IM,3.88,8,0.125,3.63,4.12,N,,08/2022,Analyst
29-2034.00,1.A.1.a.3,Oral Expression,LV,4.12,8,0.125,3.88,4.37,N,N,08/2022,Analyst
29-2034.00,1.A.1.a.4,Written Expression,IM,3.0,8,0.189,2.6296,3.3704,N,,08/2022,Analyst
29-2034.00,1.A.1.a.4,Written Expression,LV,3.0,8,0.189,2.6296,3.3704,N,N,08/2022,Analyst
29-2034.00,1.A.1.b.1,Fluency of Ideas,IM,2.38,8,0.183,2.0164,2.7336,N,,08/2022,Analyst
29-2034.00,1.A.1.b.1,Fluency of Ideas,LV,2.25,8,0.1637,1.9292,2.5708,N,N,08/2022,Analyst
29-2034.00,1.A.1.b.2,Originality,IM,2.25,8,0.1637,1.9292,2.5708,N,,08/2022,Analyst
29-2034.00,1.A.1.b.2,Originality,LV,2.12,8,0.125,1.88,2.37,N,N,08/2022,Analyst
29-2034.00,1.A.1.b.3,Problem Sensitivity,IM,4.0,8,0.0,4.0,4.0,N,,08/2022,Analyst
29-2034.00,1.A.1.b.3,Problem Sensitivity,LV,3.75,8,0.1637,3.4292,4.0708,N,N,08/2022,Analyst
29-2034.00,1.A.1.b.4,Deductive Reasoning,IM,3.62,8,0.183,3.2664,3.9836,N,,08/2022,Analyst
29-2034.00,1.A.1.b.4,Deductive Reasoning,LV,3.5,8,0.189,3.1296,3.8704,N,N,08/2022,Analyst
29-2034.00,1.A.1.b.5,Inductive Reasoning,IM,3.5,8,0.189,3.1296,3.8704,N,,08/2022,Analyst
29-2034.00,1.A.1.b.5,Inductive Reasoning,LV,3.38,8,0.183,3.0164,3.7336,N,N,08/2022,Analyst
29-2034.00,1.A.1.b.6,Information Ordering,IM,3.62,8,0.183,3.2664,3.9836,N,,08/2022,Analyst
29-2034.00,1.A.1.b.6,Information Ordering,LV,3.25,8,0.1637,2.9292,3.5708,N,N,08/2022,Analyst
29-2034.00,1.A.1.b.7,Category Flexibility,IM,3.12,8,0.125,2.88,3.37,N,,08/2022,Analyst
29-2034.00,1.A.1.b.7,Category Flexibility,LV,3.12,8,0.125,2.88,3.37,N,N,08/2022,Analyst
29-2034.00,1.A.1.c.1,Mathematical Reasoning,IM,2.12,8,0.125,1.88,2.37,N,,08/2022,Analyst
29-2034.00,1.A.1.c.1,Mathematical Reasoning,LV,2.0,8,0.189,1.6296,2.3704,N,N,08/2022,Analyst
29-2034.00,1.A.1.c.2,Number Facility,IM,2.25,8,0.1637,1.9292,2.5708,N,,08/2022,Analyst
29-2034.00,1.A.1.c.2,Number Facility,LV,2.0,8,0.189,1.6296,2.3704,N,N,08/2022,Analyst
29-2034.00,1.A.1.d.1,Memorization,IM,2.75,8,0.1637,2.4292,3.0708,N,,08/2022,Analyst
29-2034.00,1.A.1.d.1,Memorization,LV,2.62,8,0.183,2.2664,2.9836,N,N,08/2022,Analyst
29-2034.00,1.A.1.e.1,Speed of Closure,IM,2.62,8,0.183,2.2664,2.9836,N,,08/2022,Analyst
29-2034.00,1.A.1.e.1,Speed of Closure,LV,2.88,8,0.295,2.2967,3.4533,N,N,08/2022,Analyst
29-2034.00,1.A.1.e.2,Flexibility of Closure,IM,3.12,8,0.2266,2.6809,3.5691,N,,08/2022,Analyst
29-2034.00,1.A.1.e.2,Flexibility of Closure,LV,3.38,8,0.2631,2.8594,3.8906,N,N,08/2022,Analyst
29-2034.00,1.A.1.e.3,Perceptual Speed,IM,3.12,8,0.125,2.88,3.37,N,,08/2022,Analyst
29-2034.00,1.A.1.e.3,Perceptual Speed,LV,3.25,8,0.1637,2.9292,3.5708,N,N,08/2022,Analyst
29-2034.00,1.A.1.f.1,Spatial Orientation,IM,1.88,8,0.2266,1.4309,2.3191,N,,08/2022,Analyst
29-2034.00,1.A.1.f.1,Spatial Orientation,LV,1.88,8,0.4795,0.9352,2.8148,N,N,08/2022,Analyst
29-2034.00,1.A.1.f.2,Visualization,IM,3.12,8,0.2266,2.6809,3.5691,N,,08/2022,Analyst
29-2034.00,1.A.1.f.2,Visualization,LV,3.0,8,0.189,2.6296,3.3704,N,N,08/2022,Analyst
29-2034.00,1.A.1.g.1,Selective Attention,IM,3.12,8,0.125,2.88,3.37,N,,08/2022,Analyst
29-2034.00,1.A.1.g.1,Selective Attention,LV,2.88,8,0.2266,2.4309,3.3191,N,N,08/2022,Analyst
29-2034.00,1.A.1.g.2,Time Sharing,IM,2.62,8,0.183,2.2664,2.9836,N,,08/2022,Analyst
29-2034.00,1.A.1.g.2,Time Sharing,LV,2.75,8,0.25,2.26,3.24,N,N,08/2022,Analyst
29-2034.00,1.A.2.a.1,Arm-Hand Steadiness,IM,3.12,8,0.125,2.88,3.37,N,,08/2022,Analyst
29-2034.00,1.A.2.a.1,Arm-Hand Steadiness,LV,3.12,8,0.2266,2.6809,3.5691,N,N,08/2022,Analyst
29-2034.00,1.A.2.a.2,Manual Dexterity,IM,2.75,8,0.1637,2.4292,3.0708,N,,08/2022,Analyst
29-2034.00,1.A.2.a.2,Manual Dexterity,LV,2.88,8,0.2266,2.4309,3.3191,N,N,08/2022,Analyst
29-2034.00,1.A.2.a.3,Finger Dexterity,IM,2.75,8,0.1637,2.4292,3.0708,N,,08/2022,Analyst
29-2034.00,1.A.2.a.3,Finger Dexterity,LV,2.75,8,0.1637,2.4292,3.0708,N,N,08/2022,Analyst
29-2034.00,1.A.2.b.1,Control Precision,IM,3.12,8,0.3504,2.4383,3.8117,N,,08/2022,Analyst
29-2034.00,1.A.2.b.1,Control Precision,LV,3.0,8,0.3273,2.3584,3.6416,N,N,08/2022,Analyst
29-2034.00,1.A.2.b.2,Multilimb Coordination,IM,2.75,8,0.25,2.26,3.24,N,,08/2022,Analyst
29-2034.00,1.A.2.b.2,Multilimb Coordination,LV,2.5,8,0.2673,1.9762,3.0238,N,N,08/2022,Analyst
29-2034.00,1.A.2.b.3,Response Orientation,IM,2.38,8,0.183,2.0164,2.7336,N,,08/2022,Analyst
29-2034.00,1.A.2.b.3,Response Orientation,LV,2.38,8,0.183,2.0164,2.7336,N,N,08/2022,Analyst
29-2034.00,1.A.2.b.4,Rate Control,IM,2.0,8,0.189,1.6296,2.3704,N,,08/2022,Analyst
29-2034.00,1.A.2.b.4,Rate Control,LV,1.75,8,0.3134,1.1358,2.3642,N,N,08/2022,Analyst
29-2034.00,1.A.2.c.1,Reaction Time,IM,2.38,8,0.183,2.0164,2.7336,N,,08/2022,Analyst
29-2034.00,1.A.2.c.1,Reaction Time,LV,2.25,8,0.3134,1.6358,2.8642,N,N,08/2022,Analyst
29-2034.00,1.A.2.c.2,Wrist-Finger Speed,IM,2.5,8,0.189,2.1296,2.8704,N,,08/2022,Analyst
29-2034.00,1.A.2.c.2,Wrist-Finger Speed,LV,2.38,8,0.3239,1.7402,3.0098,N,N,08/2022,Analyst
29-2034.00,1.A.2.c.3,Speed of Limb Movement,IM,1.62,8,0.183,1.2664,1.9836,N,,08/2022,Analyst
29-2034.00,1.A.2.c.3,Speed of Limb Movement,LV,1.0,8,0.3273,0.3584,1.6416,N,N,08/2022,Analyst
29-2034.00,1.A.3.a.1,Static Strength,IM,2.75,8,0.25,2.26,3.24,N,,08/2022,Analyst
29-2034.00,1.A.3.a.1,Static Strength,LV,2.88,8,0.3981,2.0947,3.6553,N,N,08/2022,Analyst
29-2034.00,1.A.3.a.2,Explosive Strength,IM,2.0,8,0.2673,1.4762,2.5238,N,,08/2022,Analyst
29-2034.00,1.A.3.a.2,Explosive Strength,LV,1.62,8,0.4199,0.8019,2.4481,N,N,08/2022,Analyst
29-2034.00,1.A.3.a.3,Dynamic Strength,IM,2.12,8,0.295,1.5467,2.7033,N,,08/2022,Analyst
29-2034.00,1.A.3.a.3,Dynamic Strength,LV,1.88,8,0.4407,1.0113,2.7387,N,N,08/2022,Analyst
29-2034.00,1.A.3.a.4,Trunk Strength,IM,2.75,8,0.25,2.26,3.24,N,,08/2022,Analyst
29-2034.00,1.A.3.a.4,Trunk Strength,LV,2.75,8,0.1637,2.4292,3.0708,N,N,08/2022,Analyst
29-2034.00,1.A.3.b.1,Stamina,IM,2.12,8,0.2266,1.6809,2.5691,N,,08/2022,Analyst
29-2034.00,1.A.3.b.1,Stamina,LV,1.75,8,0.3134,1.1358,2.3642,N,N,08/2022,Analyst
29-2034.00,1.A.3.c.1,Extent Flexibility,IM,2.62,8,0.183,2.2664,2.9836,N,,08/2022,Analyst
29-2034.00,1.A.3.c.1,Extent Flexibility,LV,2.62,8,0.2631,2.1094,3.1406,N,N,08/2022,Analyst
29-2034.00,1.A.3.c.2,Dynamic Flexibility,IM,1.25,8,0.1637,1.0,1.5708,N,,08/2022,Analyst
29-2034.00,1.A.3.c.2,Dynamic Flexibility,LV,0.38,8,0.2631,0.0,0.8906,N,Y,08/2022,Analyst
29-2034.00,1.A.3.c.3,Gross Body Coordination,IM,2.0,8,0.2673,1.4762,2.5238,N,,08/2022,Analyst
29-2034.00,1.A.3.c.3,Gross Body Coordination,LV,1.62,8,0.375,0.89,2.36,N,N,08/2022,Analyst
29-2034.00,1.A.3.c.4,Gross Body Equilibrium,IM,1.88,8,0.2266,1.4309,2.3191,N,,08/2022,Analyst
29-2034.00,1.A.3.c.4,Gross Body Equilibrium,LV,1.25,8,0.366,0.5327,1.9673,N,N,08/2022,Analyst
29-2034.00,1.A.4.a.1,Near Vision,IM,4.0,8,0.0,4.0,4.0,N,,08/2022,Analyst
29-2034.00,1.A.4.a.1,Near Vision,LV,4.0,8,0.189,3.6296,4.3704,N,N,08/2022,Analyst
29-2034.00,1.A.4.a.2,Far Vision,IM,2.88,8,0.2266,2.4309,3.3191,N,,08/2022,Analyst
29-2034.00,1.A.4.a.2,Far Vision,LV,2.75,8,0.25,2.26,3.24,N,N,08/2022,Analyst
29-2034.00,1.A.4.a.3,Visual Color Discrimination,IM,2.62,8,0.2631,2.1094,3.1406,N,,08/2022,Analyst
29-2034.00,1.A.4.a.3,Visual Color Discrimination,LV,2.5,8,0.2673,1.9762,3.0238,N,N,08/2022,Analyst
29-2034.00,1.A.4.a.4,Night Vision,IM,1.75,8,0.1637,1.4292,2.0708,N,,08/2022,Analyst
29-2034.00,1.A.4.a.4,Night Vision,LV,1.0,8,0.2673,0.4762,1.5238,N,N,08/2022,Analyst
29-2034.00,1.A.4.a.5,Peripheral Vision,IM,2.0,8,0.189,1.6296,2.3704,N,,08/2022,Analyst
29-2034.00,1.A.4.a.5,Peripheral Vision,LV,1.38,8,0.3239,0.7402,2.0098,N,N,08/2022,Analyst
29-2034.00,1.A.4.a.6,Depth Perception,IM,2.25,8,0.1637,1.9292,2.5708,N,,08/2022,Analyst
29-2034.00,1.A.4.a.6,Depth Perception,LV,2.12,8,0.2266,1.6809,2.5691,N,N,08/2022,Analyst
29-2034.00,1.A.4.a.7,Glare Sensitivity,IM,1.62,8,0.183,1.2664,1.9836,N,,08/2022,Analyst
29-2034.00,1.A.4.a.7,Glare Sensitivity,LV,0.88,8,0.295,0.2967,1.4533,N,N,08/2022,Analyst
29-2034.00,1.A.4.b.1,Hearing Sensitivity,IM,2.5,8,0.189,2.1296,2.8704,N,,08/2022,Analyst
29-2034.00,1.A.4.b.1,Hearing Sensitivity,LV,2.38,8,0.183,2.0164,2.7336,N,N,08/2022,Analyst
29-2034.00,1.A.4.b.2,Auditory Attention,IM,2.62,8,0.183,2.2664,2.9836,N,,08/2022,Analyst
29-2034.00,1.A.4.b.2,Auditory Attention,LV,2.38,8,0.2631,1.8594,2.8906,N,N,08/2022,Analyst
29-2034.00,1.A.4.b.3,Sound Localization,IM,1.75,8,0.1637,1.4292,2.0708,N,,08/2022,Analyst
29-2034.00,1.A.4.b.3,Sound Localization,LV,1.25,8,0.3134,0.6358,1.8642,N,N,08/2022,Analyst
29-2034.00,1.A.4.b.4,Speech Recognition,IM,3.5,8,0.2673,2.9762,4.0238,N,,08/2022,Analyst
29-2034.00,1.A.4.b.4,Speech Recognition,LV,3.38,8,0.2631,2.8594,3.8906,N,N,08/2022,Analyst
29-2034.00,1.A.4.b.5,Speech Clarity,IM,3.5,8,0.2673,2.9762,4.0238,N,,08/2022,Analyst
29-2034.00,1.A.4.b.5,Speech Clarity,LV,3.0,8,0.189,2.6296,3.3704,N,N,08/2022,Analyst
29-2035.00,1.A.1.a.1,Oral Comprehension,IM,4.0,8,0.0,4.0,4.0,N,,08/2023,Analyst
29-2035.00,1.A.1.a.1,Oral Comprehension,LV,4.12,8,0.125,3.88,4.37,N,N,08/2023,Analyst
29-2035.00,1.A.1.a.2,Written Comprehension,IM,3.88,8,0.125,3.63,4.12,N,,08/2023,Analyst
29-2035.00,1.A.1.a.2,Written Comprehension,LV,4.12,8,0.125,3.88,4.37,N,N,08/2023,Analyst
29-2035.00,1.A.1.a.3,Oral Expression,IM,4.0,8,0.0,4.0,4.0,N,,08/2023,Analyst
29-2035.00,1.A.1.a.3,Oral Expression,LV,4.12,8,0.125,3.88,4.37,N,N,08/2023,Analyst
29-2035.00,1.A.1.a.4,Written Expression,IM,3.5,8,0.189,3.1296,3.8704,N,,08/2023,Analyst
29-2035.00,1.A.1.a.4,Written Expression,LV,3.75,8,0.1637,3.4292,4.0708,N,N,08/2023,Analyst
29-2035.00,1.A.1.b.1,Fluency of Ideas,IM,2.88,8,0.125,2.63,3.12,N,,08/2023,Analyst
29-2035.00,1.A.1.b.1,Fluency of Ideas,LV,2.75,8,0.1637,2.4292,3.0708,N,N,08/2023,Analyst
29-2035.00,1.A.1.b.2,Originality,IM,2.62,8,0.183,2.2664,2.9836,N,,08/2023,Analyst
29-2035.00,1.A.1.b.2,Originality,LV,2.75,8,0.1637,2.4292,3.0708,N,N,08/2023,Analyst
29-2035.00,1.A.1.b.3,Problem Sensitivity,IM,3.62,8,0.183,3.2664,3.9836,N,,08/2023,Analyst
29-2035.00,1.A.1.b.3,Problem Sensitivity,LV,3.38,8,0.183,3.0164,3.7336,N,N,08/2023,Analyst
29-2035.00,1.A.1.b.4,Deductive Reasoning,IM,3.25,8,0.1637,2.9292,3.5708,N,,08/2023,Analyst
29-2035.00,1.A.1.b.4,Deductive Reasoning,LV,3.38,8,0.183,3.0164,3.7336,N,N,08/2023,Analyst
29-2035.00,1.A.1.b.5,Inductive Reasoning,IM,3.25,8,0.1637,2.9292,3.5708,N,,08/2023,Analyst
29-2035.00,1.A.1.b.5,Inductive Reasoning,LV,3.38,8,0.183,3.0164,3.7336,N,N,08/2023,Analyst
29-2035.00,1.A.1.b.6,Information Ordering,IM,3.25,8,0.1637,2.9292,3.5708,N,,08/2023,Analyst
29-2035.00,1.A.1.b.6,Information Ordering,LV,3.62,8,0.183,3.2664,3.9836,N,N,08/2023,Analyst
29-2035.00,1.A.1.b.7,Category Flexibility,IM,3.12,8,0.125,2.88,3.37,N,,08/2023,Analyst
29-2035.00,1.A.1.b.7,Category Flexibility,LV,3.12,8,0.125,2.88,3.37,N,N,08/2023,Analyst
29-2035.00,1.A.1.c.1,Mathematical Reasoning,IM,2.5,8,0.189,2.1296,2.8704,N,,08/2023,Analyst
29-2035.00,1.A.1.c.1,Mathematical Reasoning,LV,2.25,8,0.1637,1.9292,2.5708,N,N,08/2023,Analyst
29-2035.00,1.A.1.c.2,Number Facility,IM,2.5,8,0.189,2.1296,2.8704,N,,08/2023,Analyst
29-2035.00,1.A.1.c.2,Number Facility,LV,2.5,8,0.189,2.1296,2.8704,N,N,08/2023,Analyst
29-2035.00,1.A.1.d.1,Memorization,IM,2.62,8,0.183,2.2664,2.9836,N,,08/2023,Analyst
29-2035.00,1.A.1.d.1,Memorization,LV,2.75,8,0.1637,2.4292,3.0708,N,N,08/2023,Analyst
29-2035.00,1.A.1.e.1,Speed of Closure,IM,2.62,8,0.2631,2.1094,3.1406,N,,08/2023,Analyst
29-2035.00,1.A.1.e.1,Speed of Closure,LV,2.75,8,0.25,2.26,3.24,N,N,08/2023,Analyst
29-2035.00,1.A.1.e.2,Flexibility of Closure,IM,3.12,8,0.125,2.88,3.37,N,,08/2023,Analyst
29-2035.00,1.A.1.e.2,Flexibility of Closure,LV,3.25,8,0.25,2.76,3.74,N,N,08/2023,Analyst
29-2035.00,1.A.1.e.3,Perceptual Speed,IM,3.12,8,0.125,2.88,3.37,N,,08/2023,Analyst
29-2035.00,1.A.1.e.3,Perceptual Speed,LV,3.0,8,0.0,3.0,3.0,N,N,08/2023,Analyst
29-2035.00,1.A.1.f.1,Spatial Orientation,IM,1.25,8,0.1637,1.0,1.5708,N,,08/2023,Analyst
29-2035.00,1.A.1.f.1,Spatial Orientation,LV,0.25,8,0.1637,0.0,0.5708,N,Y,08/2023,Analyst
29-2035.00,1.A.1.f.2,Visualization,IM,2.88,8,0.2266,2.4309,3.3191,N,,08/2023,Analyst
29-2035.00,1.A.1.f.2,Visualization,LV,3.0,8,0.189,2.6296,3.3704,N,N,08/2023,Analyst
29-2035.00,1.A.1.g.1,Selective Attention,IM,3.12,8,0.125,2.88,3.37,N,,08/2023,Analyst
29-2035.00,1.A.1.g.1,Selective Attention,LV,3.12,8,0.125,2.88,3.37,N,N,08/2023,Analyst
29-2035.00,1.A.1.g.2,Time Sharing,IM,2.62,8,0.183,2.2664,2.9836,N,,08/2023,Analyst
29-2035.00,1.A.1.g.2,Time Sharing,LV,2.75,8,0.1637,2.4292,3.0708,N,N,08/2023,Analyst
29-2035.00,1.A.2.a.1,Arm-Hand Steadiness,IM,3.12,8,0.125,2.88,3.37,N,,08/2023,Analyst
29-2035.00,1.A.2.a.1,Arm-Hand Steadiness,LV,3.12,8,0.125,2.88,3.37,N,N,08/2023,Analyst
29-2035.00,1.A.2.a.2,Manual Dexterity,IM,3.12,8,0.125,2.88,3.37,N,,08/2023,Analyst
29-2035.00,1.A.2.a.2,Manual Dexterity,LV,3.0,8,0.0,3.0,3.0,N,N,08/2023,Analyst
29-2035.00,1.A.2.a.3,Finger Dexterity,IM,3.12,8,0.125,2.88,3.37,N,,08/2023,Analyst
29-2035.00,1.A.2.a.3,Finger Dexterity,LV,3.12,8,0.125,2.88,3.37,N,N,08/2023,Analyst
29-2035.00,1.A.2.b.1,Control Precision,IM,3.25,8,0.1637,2.9292,3.5708,N,,08/2023,Analyst
29-2035.00,1.A.2.b.1,Control Precision,LV,3.12,8,0.125,2.88,3.37,N,N,08/2023,Analyst
29-2035.00,1.A.2.b.2,Multilimb Coordination,IM,2.5,8,0.189,2.1296,2.8704,N,,08/2023,Analyst
29-2035.00,1.A.2.b.2,Multilimb Coordination,LV,2.75,8,0.1637,2.4292,3.0708,N,N,08/2023,Analyst
29-2035.00,1.A.2.b.3,Response Orientation,IM,2.25,8,0.25,1.76,2.74,N,,08/2023,Analyst
29-2035.00,1.A.2.b.3,Response Orientation,LV,2.0,8,0.3273,1.3584,2.6416,N,N,08/2023,Analyst
29-2035.00,1.A.2.b.4,Rate Control,IM,2.88,8,0.125,2.63,3.12,N,,08/2023,Analyst
29-2035.00,1.A.2.b.4,Rate Control,LV,2.75,8,0.1637,2.4292,3.0708,N,N,08/2023,Analyst
29-2035.00,1.A.2.c.1,Reaction Time,IM,2.75,8,0.1637,2.4292,3.0708,N,,08/2023,Analyst
29-2035.00,1.A.2.c.1,Reaction Time,LV,2.88,8,0.125,2.63,3.12,N,N,08/2023,Analyst
29-2035.00,1.A.2.c.2,Wrist-Finger Speed,IM,2.0,8,0.0,2.0,2.0,N,,08/2023,Analyst
29-2035.00,1.A.2.c.2,Wrist-Finger Speed,LV,2.0,8,0.0,2.0,2.0,N,N,08/2023,Analyst
29-2035.00,1.A.2.c.3,Speed of Limb Movement,IM,1.62,8,0.183,1.2664,1.9836,N,,08/2023,Analyst
29-2035.00,1.A.2.c.3,Speed of Limb Movement,LV,0.62,8,0.183,0.2664,0.9836,N,N,08/2023,Analyst
29-2035.00,1.A.3.a.1,Static Strength,IM,2.25,8,0.1637,1.9292,2.5708,N,,08/2023,Analyst
29-2035.00,1.A.3.a.1,Static Strength,LV,2.12,8,0.125,1.88,2.37,N,N,08/2023,Analyst
29-2035.00,1.A.3.a.2,Explosive Strength,IM,1.38,8,0.183,1.0164,1.7336,N,,08/2023,Analyst
29-2035.00,1.A.3.a.2,Explosive Strength,LV,0.38,8,0.183,0.0164,0.7336,N,N,08/2023,Analyst
29-2035.00,1.A.3.a.3,Dynamic Strength,IM,1.88,8,0.125,1.63,2.12,N,,08/2023,Analyst
29-2035.00,1.A.3.a.3,Dynamic Strength,LV,1.62,8,0.2631,1.1094,2.1406,N,N,08/2023,Analyst
29-2035.00,1.A.3.a.4,Trunk Strength,IM,2.25,8,0.1637,1.9292,2.5708,N,,08/2023,Analyst
29-2035.00,1.A.3.a.4,Trunk Strength,LV,2.12,8,0.125,1.88,2.37,N,N,08/2023,Analyst
29-2035.00,1.A.3.b.1,Stamina,IM,2.0,8,0.0,2.0,2.0,N,,08/2023,Analyst
29-2035.00,1.A.3.b.1,Stamina,LV,1.75,8,0.1637,1.4292,2.0708,N,N,08/2023,Analyst
29-2035.00,1.A.3.c.1,Extent Flexibility,IM,2.38,8,0.183,2.0164,2.7336,N,,08/2023,Analyst
29-2035.00,1.A.3.c.1,Extent Flexibility,LV,2.25,8,0.1637,1.9292,2.5708,N,N,08/2023,Analyst
29-2035.00,1.A.3.c.2,Dynamic Flexibility,IM,1.0,8,0.0,1.0,1.0,N,,08/2023,Analyst
29-2035.00,1.A.3.c.2,Dynamic Flexibility,LV,0.0,8,0.0,0.0,0.0,N,Y,08/2023,Analyst
29-2035.00,1.A.3.c.3,Gross Body Coordination,IM,2.0,8,0.0,2.0,2.0,N,,08/2023,Analyst
29-2035.00,1.A.3.c.3,Gross Body Coordination,LV,1.75,8,0.1637,1.4292,2.0708,N,N,08/2023,Analyst
29-2035.00,1.A.3.c.4,Gross Body Equilibrium,IM,1.88,8,0.125,1.63,2.12,N,,08/2023,Analyst
29-2035.00,1.A.3.c.4,Gross Body Equilibrium,LV,1.25,8,0.25,0.76,1.74,N,N,08/2023,Analyst
29-2035.00,1.A.4.a.1,Near Vision,IM,4.0,8,0.0,4.0,4.0,N,,08/2023,Analyst
29-2035.00,1.A.4.a.1,Near Vision,LV,4.12,8,0.125,3.88,4.37,N,N,08/2023,Analyst
29-2035.00,1.A.4.a.2,Far Vision,IM,3.0,8,0.0,3.0,3.0,N,,08/2023,Analyst
29-2035.00,1.A.4.a.2,Far Vision,LV,3.12,8,0.125,2.88,3.37,N,N,08/2023,Analyst
29-2035.00,1.A.4.a.3,Visual Color Discrimination,IM,2.75,8,0.1637,2.4292,3.0708,N,,08/2023,Analyst
29-2035.00,1.A.4.a.3,Visual Color Discrimination,LV,3.0,8,0.0,3.0,3.0,N,N,08/2023,Analyst
29-2035.00,1.A.4.a.4,Night Vision,IM,1.0,8,0.0,1.0,1.0,N,,08/2023,Analyst
29-2035.00,1.A.4.a.4,Night Vision,LV,0.0,8,0.0,0.0,0.0,N,Y,08/2023,Analyst
29-2035.00,1.A.4.a.5,Peripheral Vision,IM,1.12,8,0.125,1.0,1.37,N,,08/2023,Analyst
29-2035.00,1.A.4.a.5,Peripheral Vision,LV,0.12,8,0.125,0.0,0.37,N,Y,08/2023,Analyst
29-2035.00,1.A.4.a.6,Depth Perception,IM,2.12,8,0.125,1.88,2.37,N,,08/2023,Analyst
29-2035.00,1.A.4.a.6,Depth Perception,LV,2.0,8,0.0,2.0,2.0,N,N,08/2023,Analyst
29-2035.00,1.A.4.a.7,Glare Sensitivity,IM,1.0,8,0.0,1.0,1.0,N,,08/2023,Analyst
29-2035.00,1.A.4.a.7,Glare Sensitivity,LV,0.0,8,0.0,0.0,0.0,N,Y,08/2023,Analyst
29-2035.00,1.A.4.b.1,Hearing Sensitivity,IM,2.62,8,0.183,2.2664,2.9836,N,,08/2023,Analyst
29-2035.00,1.A.4.b.1,Hearing Sensitivity,LV,2.62,8,0.183,2.2664,2.9836,N,N,08/2023,Analyst
29-2035.00,1.A.4.b.2,Auditory Attention,IM,2.88,8,0.2266,2.4309,3.3191,N,,08/2023,Analyst
29-2035.00,1.A.4.b.2,Auditory Attention,LV,2.88,8,0.2266,2.4309,3.3191,N,N,08/2023,Analyst
29-2035.00,1.A.4.b.3,Sound Localization,IM,1.0,8,0.0,1.0,1.0,N,,08/2023,Analyst
29-2035.00,1.A.4.b.3,Sound Localization,LV,0.0,8,0.0,0.0,0.0,N,Y,08/2023,Analyst
29-2035.00,1.A.4.b.4,Speech Recognition,IM,3.25,8,0.1637,2.9292,3.5708,N,,08/2023,Analyst
29-2035.00,1.A.4.b.4,Speech Recognition,LV,3.12,8,0.125,2.88,3.37,N,N,08/2023,Analyst
29-2035.00,1.A.4.b.5,Speech Clarity,IM,3.25,8,0.1637,2.9292,3.5708,N,,08/2023,Analyst
29-2035.00,1.A.4.b.5,Speech Clarity,LV,3.12,8,0.125,2.88,3.37,N,N,08/2023,Analyst
29-2036.00,1.A.1.a.1,Oral Comprehension,IM,4.0,8,0.0,4.0,4.0,N,,08/2024,Analyst
29-2036.00,1.A.1.a.1,Oral Comprehension,LV,4.62,8,0.2631,4.1094,5.1406,N,N,08/2024,Analyst
29-2036.00,1.A.1.a.2,Written Comprehension,IM,4.12,8,0.125,3.88,4.37,N,,08/2024,Analyst
29-2036.00,1.A.1.a.2,Written Comprehension,LV,4.5,8,0.2673,3.9762,5.0238,N,N,08/2024,Analyst
29-2036.00,1.A.1.a.3,Oral Expression,IM,3.88,8,0.125,3.63,4.12,N,,08/2024,Analyst
29-2036.00,1.A.1.a.3,Oral Expression,LV,4.62,8,0.2631,4.1094,5.1406,N,N,08/2024,Analyst
29-2036.00,1.A.1.a.4,Written Expression,IM,3.88,8,0.2266,3.4309,4.3191,N,,08/2024,Analyst
29-2036.00,1.A.1.a.4,Written Expression,LV,4.25,8,0.1637,3.9292,4.5708,N,N,08/2024,Analyst
29-2036.00,1.A.1.b.1,Fluency of Ideas,IM,3.12,8,0.2266,2.6809,3.5691,N,,08/2024,Analyst
29-2036.00,1.A.1.b.1,Fluency of Ideas,LV,3.5,8,0.2673,2.9762,4.0238,N,N,08/2024,Analyst
29-2036.00,1.A.1.b.2,Originality,IM,3.0,8,0.189,2.6296,3.3704,N,,08/2024,Analyst
29-2036.00,1.A.1.b.2,Originality,LV,3.38,8,0.183,3.0164,3.7336,N,N,08/2024,Analyst
29-2036.00,1.A.1.b.3,Problem Sensitivity,IM,3.88,8,0.125,3.63,4.12,N,,08/2024,Analyst
29-2036.00,1.A.1.b.3,Problem Sensitivity,LV,4.5,8,0.189,4.1296,4.8704,N,N,08/2024,Analyst
29-2036.00,1.A.1.b.4,Deductive Reasoning,IM,4.12,8,0.125,3.88,4.37,N,,08/2024,Analyst
29-2036.00,1.A.1.b.4,Deductive Reasoning,LV,4.5,8,0.189,4.1296,4.8704,N,N,08/2024,Analyst
29-2036.00,1.A.1.b.5,Inductive Reasoning,IM,4.12,8,0.125,3.88,4.37,N,,08/2024,Analyst
29-2036.00,1.A.1.b.5,Inductive Reasoning,LV,4.62,8,0.183,4.2664,4.9836,N,N,08/2024,Analyst
29-2036.00,1.A.1.b.6,Information Ordering,IM,3.62,8,0.183,3.2664,3.9836,N,,08/2024,Analyst
29-2036.00,1.A.1.b.6,Information Ordering,LV,4.12,8,0.295,3.5467,4.7033,N,N,08/2024,Analyst
29-2036.00,1.A.1.b.7,Category Flexibility,IM,3.5,8,0.189,3.1296,3.8704,N,,08/2024,Analyst
29-2036.00,1.A.1.b.7,Category Flexibility,LV,3.5,8,0.2673,2.9762,4.0238,N,N,08/2024,Analyst
29-2036.00,1.A.1.c.1,Mathematical Reasoning,IM,3.38,8,0.2631,2.8594,3.8906,N,,08/2024,Analyst
29-2036.00,1.A.1.c.1,Mathematical Reasoning,LV,3.75,8,0.366,3.0327,4.4673,N,N,08/2024,Analyst
29-2036.00,1.A.1.c.2,Number Facility,IM,3.25,8,0.25,2.76,3.74,N,,08/2024,Analyst
29-2036.00,1.A.1.c.2,Number Facility,LV,3.38,8,0.3239,2.7402,4.0098,N,N,08/2024,Analyst
29-2036.00,1.A.1.d.1,Memorization,IM,2.62,8,0.183,2.2664,2.9836,N,,08/2024,Analyst
29-2036.00,1.A.1.d.1,Memorization,LV,2.62,8,0.183,2.2664,2.9836,N,N,08/2024,Analyst
29-2036.00,1.A.1.e.1,Speed of Closure,IM,2.62,8,0.183,2.2664,2.9836,N,,08/2024,Analyst
29-2036.00,1.A.1.e.1,Speed of Closure,LV,2.88,8,0.2266,2.4309,3.3191,N,N,08/2024,Analyst
29-2036.00,1.A.1.e.2,Flexibility of Closure,IM,3.25,8,0.1637,2.9292,3.5708,N,,08/2024,Analyst
29-2036.00,1.A.1.e.2,Flexibility of Closure,LV,3.5,8,0.189,3.1296,3.8704,N,N,08/2024,Analyst
29-2036.00,1.A.1.e.3,Perceptual Speed,IM,3.0,8,0.2673,2.4762,3.5238,N,,08/2024,Analyst
29-2036.00,1.A.1.e.3,Perceptual Speed,LV,3.38,8,0.2631,2.8594,3.8906,N,N,08/2024,Analyst
29-2036.00,1.A.1.f.1,Spatial Orientation,IM,1.12,8,0.125,1.0,1.37,N,,08/2024,Analyst
29-2036.00,1.A.1.f.1,Spatial Orientation,LV,0.25,8,0.25,0.0,0.74,N,Y,08/2024,Analyst
29-2036.00,1.A.1.f.2,Visualization,IM,3.12,8,0.125,2.88,3.37,N,,08/2024,Analyst
29-2036.00,1.A.1.f.2,Visualization,LV,3.5,8,0.2673,2.9762,4.0238,N,N,08/2024,Analyst
29-2036.00,1.A.1.g.1,Selective Attention,IM,3.12,8,0.2266,2.6809,3.5691,N,,08/2024,Analyst
29-2036.00,1.A.1.g.1,Selective Attention,LV,3.38,8,0.3239,2.7402,4.0098,N,N,08/2024,Analyst
29-2036.00,1.A.1.g.2,Time Sharing,IM,2.62,8,0.183,2.2664,2.9836,N,,08/2024,Analyst
29-2036.00,1.A.1.g.2,Time Sharing,LV,2.38,8,0.183,2.0164,2.7336,N,N,08/2024,Analyst
29-2036.00,1.A.2.a.1,Arm-Hand Steadiness,IM,2.62,8,0.2631,2.1094,3.1406,N,,08/2024,Analyst
29-2036.00,1.A.2.a.1,Arm-Hand Steadiness,LV,2.5,8,0.378,1.7592,3.2408,N,N,08/2024,Analyst
29-2036.00,1.A.2.a.2,Manual Dexterity,IM,2.5,8,0.2673,1.9762,3.0238,N,,08/2024,Analyst
29-2036.00,1.A.2.a.2,Manual Dexterity,LV,2.38,8,0.375,1.64,3.11,N,N,08/2024,Analyst
29-2036.00,1.A.2.a.3,Finger Dexterity,IM,2.5,8,0.189,2.1296,2.8704,N,,08/2024,Analyst
29-2036.00,1.A.2.a.3,Finger Dexterity,LV,2.12,8,0.295,1.5467,2.7033,N,N,08/2024,Analyst
29-2036.00,1.A.2.b.1,Control Precision,IM,2.75,8,0.25,2.26,3.24,N,,08/2024,Analyst
29-2036.00,1.A.2.b.1,Control Precision,LV,2.75,8,0.4119,1.9427,3.5573,N,N,08/2024,Analyst
29-2036.00,1.A.2.b.2,Multilimb Coordination,IM,1.38,8,0.183,1.0164,1.7336,N,,08/2024,Analyst
29-2036.00,1.A.2.b.2,Multilimb Coordination,LV,0.38,8,0.183,0.0164,0.7336,N,N,08/2024,Analyst
29-2036.00,1.A.2.b.3,Response Orientation,IM,1.12,8,0.125,1.0,1.37,N,,08/2024,Analyst
29-2036.00,1.A.2.b.3,Response Orientation,LV,0.25,8,0.25,0.0,0.74,N,Y,08/2024,Analyst
29-2036.00,1.A.2.b.4,Rate Control,IM,1.0,8,0.0,1.0,1.0,N,,08/2024,Analyst
29-2036.00,1.A.2.b.4,Rate Control,LV,0.0,8,0.0,0.0,0.0,N,Y,08/2024,Analyst
29-2036.00,1.A.2.c.1,Reaction Time,IM,1.25,8,0.1637,1.0,1.5708,N,,08/2024,Analyst
29-2036.00,1.A.2.c.1,Reaction Time,LV,0.5,8,0.3273,0.0,1.1416,N,Y,08/2024,Analyst
29-2036.00,1.A.2.c.2,Wrist-Finger Speed,IM,2.12,8,0.295,1.5467,2.7033,N,,08/2024,Analyst
29-2036.00,1.A.2.c.2,Wrist-Finger Speed,LV,1.88,8,0.3981,1.0947,2.6553,N,N,08/2024,Analyst
29-2036.00,1.A.2.c.3,Speed of Limb Movement,IM,1.0,8,0.0,1.0,1.0,N,,08/2024,Analyst
29-2036.00,1.A.2.c.3,Speed of Limb Movement,LV,0.0,8,0.0,0.0,0.0,N,Y,08/2024,Analyst
29-2036.00,1.A.3.a.1,Static Strength,IM,1.12,8,0.125,1.0,1.37,N,,08/2024,Analyst
29-2036.00,1.A.3.a.1,Static Strength,LV,0.12,8,0.125,0.0,0.37,N,Y,08/2024,Analyst
29-2036.00,1.A.3.a.2,Explosive Strength,IM,1.0,8,0.0,1.0,1.0,N,,08/2024,Analyst
29-2036.00,1.A.3.a.2,Explosive Strength,LV,0.0,8,0.0,0.0,0.0,N,Y,08/2024,Analyst
29-2036.00,1.A.3.a.3,Dynamic Strength,IM,1.88,8,0.2266,1.4309,2.3191,N,,08/2024,Analyst
29-2036.00,1.A.3.a.3,Dynamic Strength,LV,1.38,8,0.3239,0.7402,2.0098,N,N,08/2024,Analyst
29-2036.00,1.A.3.a.4,Trunk Strength,IM,2.38,8,0.2631,1.8594,2.8906,N,,08/2024,Analyst
29-2036.00,1.A.3.a.4,Trunk Strength,LV,2.0,8,0.189,1.6296,2.3704,N,N,08/2024,Analyst
29-2036.00,1.A.3.b.1,Stamina,IM,1.0,8,0.0,1.0,1.0,N,,08/2024,Analyst
29-2036.00,1.A.3.b.1,Stamina,LV,0.0,8,0.0,0.0,0.0,N,Y,08/2024,Analyst
29-2036.00,1.A.3.c.1,Extent Flexibility,IM,1.12,8,0.125,1.0,1.37,N,,08/2024,Analyst
29-2036.00,1.A.3.c.1,Extent Flexibility,LV,0.12,8,0.125,0.0,0.37,N,Y,08/2024,Analyst
29-2036.00,1.A.3.c.2,Dynamic Flexibility,IM,1.0,8,0.0,1.0,1.0,N,,08/2024,Analyst
29-2036.00,1.A.3.c.2,Dynamic Flexibility,LV,0.0,8,0.0,0.0,0.0,N,Y,08/2024,Analyst
29-2036.00,1.A.3.c.3,Gross Body Coordination,IM,1.0,8,0.0,1.0,1.0,N,,08/2024,Analyst
29-2036.00,1.A.3.c.3,Gross Body Coordination,LV,0.0,8,0.0,0.0,0.0,N,Y,08/2024,Analyst
29-2036.00,1.A.3.c.4,Gross Body Equilibrium,IM,1.0,8,0.0,1.0,1.0,N,,08/2024,Analyst
29-2036.00,1.A.3.c.4,Gross Body Equilibrium,LV,0.0,8,0.0,0.0,0.0,N,Y,08/2024,Analyst
29-2036.00,1.A.4.a.1,Near Vision,IM,3.88,8,0.2266,3.4309,4.3191,N,,08/2024,Analyst
29-2036.00,1.A.4.a.1,Near Vision,LV,3.75,8,0.25,3.26,4.24,N,N,08/2024,Analyst
29-2036.00,1.A.4.a.2,Far Vision,IM,3.12,8,0.2266,2.6809,3.5691,N,,08/2024,Analyst
29-2036.00,1.A.4.a.2,Far Vision,LV,3.12,8,0.125,2.88,3.37,N,N,08/2024,Analyst
29-2036.00,1.A.4.a.3,Visual Color Discrimination,IM,2.5,8,0.2673,1.9762,3.0238,N,,08/2024,Analyst
29-2036.00,1.A.4.a.3,Visual Color Discrimination,LV,2.5,8,0.4226,1.6717,3.3283,N,N,08/2024,Analyst
29-2036.00,1.A.4.a.4,Night Vision,IM,1.0,8,0.0,1.0,1.0,N,,08/2024,Analyst
29-2036.00,1.A.4.a.4,Night Vision,LV,0.0,8,0.0,0.0,0.0,N,Y,08/2024,Analyst
29-2036.00,1.A.4.a.5,Peripheral Vision,IM,1.0,8,0.0,1.0,1.0,N,,08/2024,Analyst
29-2036.00,1.A.4.a.5,Peripheral Vision,LV,0.0,8,0.0,0.0,0.0,N,Y,08/2024,Analyst
29-2036.00,1.A.4.a.6,Depth Perception,IM,2.12,8,0.2266,1.6809,2.5691,N,,08/2024,Analyst
29-2036.00,1.A.4.a.6,Depth Perception,LV,1.75,8,0.3134,1.1358,2.3642,N,N,08/2024,Analyst
29-2036.00,1.A.4.a.7,Glare Sensitivity,IM,1.0,8,0.0,1.0,1.0,N,,08/2024,Analyst
29-2036.00,1.A.4.a.7,Glare Sensitivity,LV,0.0,8,0.0,0.0,0.0,N,Y,08/2024,Analyst
29-2036.00,1.A.4.b.1,Hearing Sensitivity,IM,2.25,8,0.25,1.76,2.74,N,,08/2024,Analyst
29-2036.00,1.A.4.b.1,Hearing Sensitivity,LV,1.88,8,0.295,1.2967,2.4533,N,N,08/2024,Analyst
29-2036.00,1.A.4.b.2,Auditory Attention,IM,2.38,8,0.2631,1.8594,2.8906,N,,08/2024,Analyst
29-2036.00,1.A.4.b.2,Auditory Attention,LV,2.0,8,0.3273,1.3584,2.6416,N,N,08/2024,Analyst
29-2036.00,1.A.4.b.3,Sound Localization,IM,1.0,8,0.0,1.0,1.0,N,,08/2024,Analyst
29-2036.00,1.A.4.b.3,Sound Localization,LV,0.0,8,0.0,0.0,0.0,N,Y,08/2024,Analyst
29-2036.00,1.A.4.b.4,Speech Recognition,IM,3.75,8,0.1637,3.4292,4.0708,N,,08/2024,Analyst
29-2036.00,1.A.4.b.4,Speech Recognition,LV,3.62,8,0.183,3.2664,3.9836,N,N,08/2024,Analyst
29-2036.00,1.A.4.b.5,Speech Clarity,IM,3.75,8,0.1637,3.4292,4.0708,N,,08/2024,Analyst
29-2036.00,1.A.4.b.5,Speech Clarity,LV,3.62,8,0.183,3.2664,3.9836,N,N,08/2024,Analyst
29-2051.00,1.A.1.a.1,Oral Comprehension,IM,3.75,8,0.1637,3.4292,4.0708,N,,08/2021,Analyst
29-2051.00,1.A.1.a.1,Oral Comprehension,LV,4.0,8,0.189,3.6296,4.3704,N,N,08/2021,Analyst
29-2051.00,1.A.1.a.2,Written Comprehension,IM,3.25,8,0.1637,2.9292,3.5708,N,,08/2021,Analyst
29-2051.00,1.A.1.a.2,Written Comprehension,LV,3.25,8,0.1637,2.9292,3.5708,N,N,08/2021,Analyst
29-2051.00,1.A.1.a.3,Oral Expression,IM,3.75,8,0.1637,3.4292,4.0708,N,,08/2021,Analyst
29-2051.00,1.A.1.a.3,Oral Expression,LV,3.88,8,0.125,3.63,4.12,N,N,08/2021,Analyst
29-2051.00,1.A.1.a.4,Written Expression,IM,3.12,8,0.125,2.88,3.37,N,,08/2021,Analyst
29-2051.00,1.A.1.a.4,Written Expression,LV,3.12,8,0.125,2.88,3.37,N,N,08/2021,Analyst
29-2051.00,1.A.1.b.1,Fluency of Ideas,IM,3.12,8,0.125,2.88,3.37,N,,08/2021,Analyst
29-2051.00,1.A.1.b.1,Fluency of Ideas,LV,3.25,8,0.25,2.76,3.74,N,N,08/2021,Analyst
29-2051.00,1.A.1.b.2,Originality,IM,3.0,8,0.189,2.6296,3.3704,N,,08/2021,Analyst
29-2051.00,1.A.1.b.2,Originality,LV,3.12,8,0.125,2.88,3.37,N,N,08/2021,Analyst
29-2051.00,1.A.1.b.3,Problem Sensitivity,IM,3.25,8,0.1637,2.9292,3.5708,N,,08/2021,Analyst
29-2051.00,1.A.1.b.3,Problem Sensitivity,LV,3.25,8,0.1637,2.9292,3.5708,N,N,08/2021,Analyst
29-2051.00,1.A.1.b.4,Deductive Reasoning,IM,3.5,8,0.189,3.1296,3.8704,N,,08/2021,Analyst
29-2051.00,1.A.1.b.4,Deductive Reasoning,LV,3.5,8,0.2673,2.9762,4.0238,N,N,08/2021,Analyst
29-2051.00,1.A.1.b.5,Inductive Reasoning,IM,3.25,8,0.1637,2.9292,3.5708,N,,08/2021,Analyst
29-2051.00,1.A.1.b.5,Inductive Reasoning,LV,3.25,8,0.1637,2.9292,3.5708,N,N,08/2021,Analyst
29-2051.00,1.A.1.b.6,Information Ordering,IM,3.12,8,0.125,2.88,3.37,N,,08/2021,Analyst
29-2051.00,1.A.1.b.6,Information Ordering,LV,3.12,8,0.125,2.88,3.37,N,N,08/2021,Analyst
29-2051.00,1.A.1.b.7,Category Flexibility,IM,3.12,8,0.125,2.88,3.37,N,,08/2021,Analyst
29-2051.00,1.A.1.b.7,Category Flexibility,LV,3.5,8,0.189,3.1296,3.8704,N,N,08/2021,Analyst
29-2051.00,1.A.1.c.1,Mathematical Reasoning,IM,2.88,8,0.2266,2.4309,3.3191,N,,08/2021,Analyst
29-2051.00,1.A.1.c.1,Mathematical Reasoning,LV,3.0,8,0.0,3.0,3.0,N,N,08/2021,Analyst
29-2051.00,1.A.1.c.2,Number Facility,IM,2.88,8,0.2266,2.4309,3.3191,N,,08/2021,Analyst
29-2051.00,1.A.1.c.2,Number Facility,LV,2.75,8,0.1637,2.4292,3.0708,N,N,08/2021,Analyst
29-2051.00,1.A.1.d.1,Memorization,IM,2.12,8,0.125,1.88,2.37,N,,08/2021,Analyst
29-2051.00,1.A.1.d.1,Memorization,LV,2.5,8,0.189,2.1296,2.8704,N,N,08/2021,Analyst
29-2051.00,1.A.1.e.1,Speed of Closure,IM,2.38,8,0.183,2.0164,2.7336,N,,08/2021,Analyst
29-2051.00,1.A.1.e.1,Speed of Closure,LV,2.12,8,0.125,1.88,2.37,N,N,08/2021,Analyst
29-2051.00,1.A.1.e.2,Flexibility of Closure,IM,3.0,8,0.189,2.6296,3.3704,N,,08/2021,Analyst
29-2051.00,1.A.1.e.2,Flexibility of Closure,LV,2.88,8,0.125,2.63,3.12,N,N,08/2021,Analyst
29-2051.00,1.A.1.e.3,Perceptual Speed,IM,2.75,8,0.1637,2.4292,3.0708,N,,08/2021,Analyst
29-2051.00,1.A.1.e.3,Perceptual Speed,LV,2.75,8,0.1637,2.4292,3.0708,N,N,08/2021,Analyst
29-2051.00,1.A.1.f.1,Spatial Orientation,IM,1.38,8,0.183,1.0164,1.7336,N,,08/2021,Analyst
29-2051.00,1.A.1.f.1,Spatial Orientation,LV,0.38,8,0.183,0.0164,0.7336,N,N,08/2021,Analyst
29-2051.00,1.A.1.f.2,Visualization,IM,2.88,8,0.2266,2.4309,3.3191,N,,08/2021,Analyst
29-2051.00,1.A.1.f.2,Visualization,LV,2.88,8,0.2266,2.4309,3.3191,N,N,08/2021,Analyst
29-2051.00,1.A.1.g.1,Selective Attention,IM,2.88,8,0.125,2.63,3.12,N,,08/2021,Analyst
29-2051.00,1.A.1.g.1,Selective Attention,LV,2.88,8,0.125,2.63,3.12,N,N,08/2021,Analyst
29-2051.00,1.A.1.g.2,Time Sharing,IM,2.75,8,0.1637,2.4292,3.0708,N,,08/2021,Analyst
29-2051.00,1.A.1.g.2,Time Sharing,LV,2.88,8,0.125,2.63,3.12,N,N,08/2021,Analyst
29-2051.00,1.A.2.a.1,Arm-Hand Steadiness,IM,2.62,8,0.183,2.2664,2.9836,N,,08/2021,Analyst
29-2051.00,1.A.2.a.1,Arm-Hand Steadiness,LV,2.88,8,0.125,2.63,3.12,N,N,08/2021,Analyst
29-2051.00,1.A.2.a.2,Manual Dexterity,IM,2.62,8,0.2631,2.1094,3.1406,N,,08/2021,Analyst
29-2051.00,1.A.2.a.2,Manual Dexterity,LV,2.38,8,0.183,2.0164,2.7336,N,N,08/2021,Analyst
29-2051.00,1.A.2.a.3,Finger Dexterity,IM,2.75,8,0.1637,2.4292,3.0708,N,,08/2021,Analyst
29-2051.00,1.A.2.a.3,Finger Dexterity,LV,2.75,8,0.1637,2.4292,3.0708,N,N,08/2021,Analyst
29-2051.00,1.A.2.b.1,Control Precision,IM,2.25,8,0.1637,1.9292,2.5708,N,,08/2021,Analyst
29-2051.00,1.A.2.b.1,Control Precision,LV,2.25,8,0.1637,1.9292,2.5708,N,N,08/2021,Analyst
29-2051.00,1.A.2.b.2,Multilimb Coordination,IM,2.12,8,0.125,1.88,2.37,N,,08/2021,Analyst
29-2051.00,1.A.2.b.2,Multilimb Coordination,LV,2.12,8,0.125,1.88,2.37,N,N,08/2021,Analyst
29-2051.00,1.A.2.b.3,Response Orientation,IM,2.0,8,0.0,2.0,2.0,N,,08/2021,Analyst
29-2051.00,1.A.2.b.3,Response Orientation,LV,2.0,8,0.189,1.6296,2.3704,N,N,08/2021,Analyst
29-2051.00,1.A.2.b.4,Rate Control,IM,1.88,8,0.125,1.63,2.12,N,,08/2021,Analyst
29-2051.00,1.A.2.b.4,Rate Control,LV,1.25,8,0.25,0.76,1.74,N,N,08/2021,Analyst
29-2051.00,1.A.2.c.1,Reaction Time,IM,1.88,8,0.125,1.63,2.12,N,,08/2021,Analyst
29-2051.00,1.A.2.c.1,Reaction Time,LV,1.5,8,0.2673,0.9762,2.0238,N,N,08/2021,Analyst
29-2051.00,1.A.2.c.2,Wrist-Finger Speed,IM,2.12,8,0.125,1.88,2.37,N,,08/2021,Analyst
29-2051.00,1.A.2.c.2,Wrist-Finger Speed,LV,2.12,8,0.125,1.88,2.37,N,N,08/2021,Analyst
29-2051.00,1.A.2.c.3,Speed of Limb Movement,IM,1.62,8,0.183,1.2664,1.9836,N,,08/2021,Analyst
29-2051.00,1.A.2.c.3,Speed of Limb Movement,LV,1.25,8,0.366,0.5327,1.9673,N,N,08/2021,Analyst
29-2051.00,1.A.3.a.1,Static Strength,IM,2.12,8,0.125,1.88,2.37,N,,08/2021,Analyst
29-2051.00,1.A.3.a.1,Static Strength,LV,2.0,8,0.0,2.0,2.0,N,N,08/2021,Analyst
29-2051.00,1.A.3.a.2,Explosive Strength,IM,1.38,8,0.183,1.0164,1.7336,N,,08/2021,Analyst
29-2051.00,1.A.3.a.2,Explosive Strength,LV,0.38,8,0.183,0.0164,0.7336,N,N,08/2021,Analyst
29-2051.00,1.A.3.a.3,Dynamic Strength,IM,2.0,8,0.189,1.6296,2.3704,N,,08/2021,Analyst
29-2051.00,1.A.3.a.3,Dynamic Strength,LV,1.88,8,0.295,1.2967,2.4533,N,N,08/2021,Analyst
29-2051.00,1.A.3.a.4,Trunk Strength,IM,2.38,8,0.183,2.0164,2.7336,N,,08/2021,Analyst
29-2051.00,1.A.3.a.4,Trunk Strength,LV,2.5,8,0.189,2.1296,2.8704,N,N,08/2021,Analyst
29-2051.00,1.A.3.b.1,Stamina,IM,2.12,8,0.125,1.88,2.37,N,,08/2021,Analyst
29-2051.00,1.A.3.b.1,Stamina,LV,1.88,8,0.125,1.63,2.12,N,N,08/2021,Analyst
29-2051.00,1.A.3.c.1,Extent Flexibility,IM,2.25,8,0.1637,1.9292,2.5708,N,,08/2021,Analyst
29-2051.00,1.A.3.c.1,Extent Flexibility,LV,2.25,8,0.1637,1.9292,2.5708,N,N,08/2021,Analyst
29-2051.00,1.A.3.c.2,Dynamic Flexibility,IM,1.0,8,0.0,1.0,1.0,N,,08/2021,Analyst
29-2051.00,1.A.3.c.2,Dynamic Flexibility,LV,0.0,8,0.0,0.0,0.0,N,Y,08/2021,Analyst
29-2051.00,1.A.3.c.3,Gross Body Coordination,IM,1.88,8,0.125,1.63,2.12,N,,08/2021,Analyst
29-2051.00,1.A.3.c.3,Gross Body Coordination,LV,1.75,8,0.25,1.26,2.24,N,N,08/2021,Analyst
29-2051.00,1.A.3.c.4,Gross Body Equilibrium,IM,2.0,8,0.189,1.6296,2.3704,N,,08/2021,Analyst
29-2051.00,1.A.3.c.4,Gross Body Equilibrium,LV,1.38,8,0.2631,0.8594,1.8906,N,N,08/2021,Analyst
29-2051.00,1.A.4.a.1,Near Vision,IM,3.25,8,0.1637,2.9292,3.5708,N,,08/2021,Analyst
29-2051.00,1.A.4.a.1,Near Vision,LV,3.75,8,0.1637,3.4292,4.0708,N,N,08/2021,Analyst
29-2051.00,1.A.4.a.2,Far Vision,IM,2.88,8,0.125,2.63,3.12,N,,08/2021,Analyst
29-2051.00,1.A.4.a.2,Far Vision,LV,2.88,8,0.125,2.63,3.12,N,N,08/2021,Analyst
29-2051.00,1.A.4.a.3,Visual Color Discrimination,IM,2.75,8,0.1637,2.4292,3.0708,N,,08/2021,Analyst
29-2051.00,1.A.4.a.3,Visual Color Discrimination,LV,2.75,8,0.1637,2.4292,3.0708,N,N,08/2021,Analyst
29-2051.00,1.A.4.a.4,Night Vision,IM,1.25,8,0.1637,1.0,1.5708,N,,08/2021,Analyst
29-2051.00,1.A.4.a.4,Night Vision,LV,0.38,8,0.2631,0.0,0.8906,N,Y,08/2021,Analyst
29-2051.00,1.A.4.a.5,Peripheral Vision,IM,1.38,8,0.183,1.0164,1.7336,N,,08/2021,Analyst
29-2051.00,1.A.4.a.5,Peripheral Vision,LV,0.38,8,0.183,0.0164,0.7336,N,N,08/2021,Analyst
29-2051.00,1.A.4.a.6,Depth Perception,IM,2.12,8,0.125,1.88,2.37,N,,08/2021,Analyst
29-2051.00,1.A.4.a.6,Depth Perception,LV,1.88,8,0.125,1.63,2.12,N,N,08/2021,Analyst
29-2051.00,1.A.4.a.7,Glare Sensitivity,IM,1.25,8,0.1637,1.0,1.5708,N,,08/2021,Analyst
29-2051.00,1.A.4.a.7,Glare Sensitivity,LV,0.38,8,0.2631,0.0,0.8906,N,Y,08/2021,Analyst
29-2051.00,1.A.4.b.1,Hearing Sensitivity,IM,2.38,8,0.2631,1.8594,2.8906,N,,08/2021,Analyst
29-2051.00,1.A.4.b.1,Hearing Sensitivity,LV,2.25,8,0.366,1.5327,2.9673,N,N,08/2021,Analyst
29-2051.00,1.A.4.b.2,Auditory Attention,IM,2.75,8,0.1637,2.4292,3.0708,N,,08/2021,Analyst
29-2051.00,1.A.4.b.2,Auditory Attention,LV,2.62,8,0.183,2.2664,2.9836,N,N,08/2021,Analyst
29-2051.00,1.A.4.b.3,Sound Localization,IM,1.12,8,0.125,1.0,1.37,N,,08/2021,Analyst
29-2051.00,1.A.4.b.3,Sound Localization,LV,0.12,8,0.125,0.0,0.37,N,Y,08/2021,Analyst
29-2051.00,1.A.4.b.4,Speech Recognition,IM,3.12,8,0.125,2.88,3.37,N,,08/2021,Analyst
29-2051.00,1.A.4.b.4,Speech Recognition,LV,3.12,8,0.125,2.88,3.37,N,N,08/2021,Analyst
29-2051.00,1.A.4.b.5,Speech Clarity,IM,3.25,8,0.1637,2.9292,3.5708,N,,08/2021,Analyst
29-2051.00,1.A.4.b.5,Speech Clarity,LV,3.12,8,0.125,2.88,3.37,N,N,08/2021,Analyst
29-2052.00,1.A.1.a.1,Oral Comprehension,IM,4.0,8,0.0,4.0,4.0,N,,08/2021,Analyst
29-2052.00,1.A.1.a.1,Oral Comprehension,LV,4.0,8,0.0,4.0,4.0,N,N,08/2021,Analyst
29-2052.00,1.A.1.a.2,Written Comprehension,IM,4.0,8,0.0,4.0,4.0,N,,08/2021,Analyst
29-2052.00,1.A.1.a.2,Written Comprehension,LV,3.88,8,0.125,3.63,4.12,N,N,08/2021,Analyst
29-2052.00,1.A.1.a.3,Oral Expression,IM,4.0,8,0.0,4.0,4.0,N,,08/2021,Analyst
29-2052.00,1.A.1.a.3,Oral Expression,LV,4.0,8,0.0,4.0,4.0,N,N,08/2021,Analyst
29-2052.00,1.A.1.a.4,Written Expression,IM,3.12,8,0.125,2.88,3.37,N,,08/2021,Analyst
29-2052.00,1.A.1.a.4,Written Expression,LV,3.0,8,0.0,3.0,3.0,N,N,08/2021,Analyst
29-2052.00,1.A.1.b.1,Fluency of Ideas,IM,2.5,8,0.189,2.1296,2.8704,N,,08/2021,Analyst
29-2052.00,1.A.1.b.1,Fluency of Ideas,LV,2.12,8,0.125,1.88,2.37,N,N,08/2021,Analyst
29-2052.00,1.A.1.b.2,Originality,IM,2.12,8,0.125,1.88,2.37,N,,08/2021,Analyst
29-2052.00,1.A.1.b.2,Originality,LV,2.0,8,0.0,2.0,2.0,N,N,08/2021,Analyst
29-2052.00,1.A.1.b.3,Problem Sensitivity,IM,3.75,8,0.1637,3.4292,4.0708,N,,08/2021,Analyst
29-2052.00,1.A.1.b.3,Problem Sensitivity,LV,3.0,8,0.0,3.0,3.0,N,N,08/2021,Analyst
29-2052.00,1.A.1.b.4,Deductive Reasoning,IM,3.12,8,0.125,2.88,3.37,N,,08/2021,Analyst
29-2052.00,1.A.1.b.4,Deductive Reasoning,LV,3.25,8,0.1637,2.9292,3.5708,N,N,08/2021,Analyst
29-2052.00,1.A.1.b.5,Inductive Reasoning,IM,3.0,8,0.0,3.0,3.0,N,,08/2021,Analyst
29-2052.00,1.A.1.b.5,Inductive Reasoning,LV,3.0,8,0.0,3.0,3.0,N,N,08/2021,Analyst
29-2052.00,1.A.1.b.6,Information Ordering,IM,3.75,8,0.1637,3.4292,4.0708,N,,08/2021,Analyst
29-2052.00,1.A.1.b.6,Information Ordering,LV,3.25,8,0.1637,2.9292,3.5708,N,N,08/2021,Analyst
29-2052.00,1.A.1.b.7,Category Flexibility,IM,3.62,8,0.183,3.2664,3.9836,N,,08/2021,Analyst
29-2052.00,1.A.1.b.7,Category Flexibility,LV,3.5,8,0.189,3.1296,3.8704,N,N,08/2021,Analyst
29-2052.00,1.A.1.c.1,Mathematical Reasoning,IM,2.88,8,0.125,2.63,3.12,N,,08/2021,Analyst
29-2052.00,1.A.1.c.1,Mathematical Reasoning,LV,2.75,8,0.1637,2.4292,3.0708,N,N,08/2021,Analyst
29-2052.00,1.A.1.c.2,Number Facility,IM,3.12,8,0.125,2.88,3.37,N,,08/2021,Analyst
29-2052.00,1.A.1.c.2,Number Facility,LV,3.0,8,0.0,3.0,3.0,N,N,08/2021,Analyst
29-2052.00,1.A.1.d.1,Memorization,IM,2.38,8,0.2631,1.8594,2.8906,N,,08/2021,Analyst
29-2052.00,1.A.1.d.1,Memorization,LV,2.38,8,0.183,2.0164,2.7336,N,N,08/2021,Analyst
29-2052.00,1.A.1.e.1,Speed of Closure,IM,2.25,8,0.1637,1.9292,2.5708,N,,08/2021,Analyst
29-2052.00,1.A.1.e.1,Speed of Closure,LV,2.62,8,0.183,2.2664,2.9836,N,N,08/2021,Analyst
29-2052.00,1.A.1.e.2,Flexibility of Closure,IM,2.88,8,0.125,2.63,3.12,N,,08/2021,Analyst
29-2052.00,1.A.1.e.2,Flexibility of Closure,LV,2.88,8,0.125,2.63,3.12,N,N,08/2021,Analyst
29-2052.00,1.A.1.e.3,Perceptual Speed,IM,3.12,8,0.125,2.88,3.37,N,,08/2021,Analyst
29-2052.00,1.A.1.e.3,Perceptual Speed,LV,3.12,8,0.125,2.88,3.37,N,N,08/2021,Analyst
29-2052.00,1.A.1.f.1,Spatial Orientation,IM,1.0,8,0.0,1.0,1.0,N,,08/2021,Analyst
29-2052.00,1.A.1.f.1,Spatial Orientation,LV,0.0,8,0.0,0.0,0.0,N,Y,08/2021,Analyst
29-2052.00,1.A.1.f.2,Visualization,IM,2.12,8,0.125,1.88,2.37,N,,08/2021,Analyst
29-2052.00,1.A.1.f.2,Visualization,LV,2.12,8,0.125,1.88,2.37,N,N,08/2021,Analyst
29-2052.00,1.A.1.g.1,Selective Attention,IM,3.0,8,0.0,3.0,3.0,N,,08/2021,Analyst
29-2052.00,1.A.1.g.1,Selective Attention,LV,3.0,8,0.0,3.0,3.0,N,N,08/2021,Analyst
29-2052.00,1.A.1.g.2,Time Sharing,IM,3.0,8,0.0,3.0,3.0,N,,08/2021,Analyst
29-2052.00,1.A.1.g.2,Time Sharing,LV,2.88,8,0.125,2.63,3.12,N,N,08/2021,Analyst
29-2052.00,1.A.2.a.1,Arm-Hand Steadiness,IM,3.0,8,0.0,3.0,3.0,N,,08/2021,Analyst
29-2052.00,1.A.2.a.1,Arm-Hand Steadiness,LV,3.0,8,0.0,3.0,3.0,N,N,08/2021,Analyst
29-2052.00,1.A.2.a.2,Manual Dexterity,IM,3.0,8,0.0,3.0,3.0,N,,08/2021,Analyst
29-2052.00,1.A.2.a.2,Manual Dexterity,LV,3.0,8,0.0,3.0,3.0,N,N,08/2021,Analyst
29-2052.00,1.A.2.a.3,Finger Dexterity,IM,3.12,8,0.125,2.88,3.37,N,,08/2021,Analyst
29-2052.00,1.A.2.a.3,Finger Dexterity,LV,3.0,8,0.0,3.0,3.0,N,N,08/2021,Analyst
29-2052.00,1.A.2.b.1,Control Precision,IM,2.12,8,0.125,1.88,2.37,N,,08/2021,Analyst
29-2052.00,1.A.2.b.1,Control Precision,LV,2.0,8,0.0,2.0,2.0,N,N,08/2021,Analyst
29-2052.00,1.A.2.b.2,Multilimb Coordination,IM,2.0,8,0.0,2.0,2.0,N,,08/2021,Analyst
29-2052.00,1.A.2.b.2,Multilimb Coordination,LV,2.0,8,0.0,2.0,2.0,N,N,08/2021,Analyst
29-2052.00,1.A.2.b.3,Response Orientation,IM,1.5,8,0.189,1.1296,1.8704,N,,08/2021,Analyst
29-2052.00,1.A.2.b.3,Response Orientation,LV,0.5,8,0.189,0.1296,0.8704,N,N,08/2021,Analyst
29-2052.00,1.A.2.b.4,Rate Control,IM,1.12,8,0.125,1.0,1.37,N,,08/2021,Analyst
29-2052.00,1.A.2.b.4,Rate Control,LV,0.12,8,0.125,0.0,0.37,N,Y,08/2021,Analyst
29-2052.00,1.A.2.c.1,Reaction Time,IM,1.5,8,0.189,1.1296,1.8704,N,,08/2021,Analyst
29-2052.00,1.A.2.c.1,Reaction Time,LV,0.5,8,0.189,0.1296,0.8704,N,N,08/2021,Analyst
29-2052.00,1.A.2.c.2,Wrist-Finger Speed,IM,2.0,8,0.189,1.6296,2.3704,N,,08/2021,Analyst
29-2052.00,1.A.2.c.2,Wrist-Finger Speed,LV,1.38,8,0.2631,0.8594,1.8906,N,N,08/2021,Analyst
29-2052.00,1.A.2.c.3,Speed of Limb Movement,IM,1.88,8,0.125,1.63,2.12,N,,08/2021,Analyst
29-2052.00,1.A.2.c.3,Speed of Limb Movement,LV,1.12,8,0.2266,0.6809,1.5691,N,N,08/2021,Analyst
29-2052.00,1.A.3.a.1,Static Strength,IM,2.0,8,0.0,2.0,2.0,N,,08/2021,Analyst
29-2052.00,1.A.3.a.1,Static Strength,LV,1.88,8,0.125,1.63,2.12,N,N,08/2021,Analyst
29-2052.00,1.A.3.a.2,Explosive Strength,IM,1.12,8,0.125,1.0,1.37,N,,08/2021,Analyst
29-2052.00,1.A.3.a.2,Explosive Strength,LV,0.12,8,0.125,0.0,0.37,N,Y,08/2021,Analyst
29-2052.00,1.A.3.a.3,Dynamic Strength,IM,2.0,8,0.189,1.6296,2.3704,N,,08/2021,Analyst
29-2052.00,1.A.3.a.3,Dynamic Strength,LV,1.12,8,0.2266,0.6809,1.5691,N,N,08/2021,Analyst
29-2052.00,1.A.3.a.4,Trunk Strength,IM,2.88,8,0.2266,2.4309,3.3191,N,,08/2021,Analyst
29-2052.00,1.A.3.a.4,Trunk Strength,LV,2.62,8,0.183,2.2664,2.9836,N,N,08/2021,Analyst
29-2052.00,1.A.3.b.1,Stamina,IM,2.12,8,0.125,1.88,2.37,N,,08/2021,Analyst
29-2052.00,1.A.3.b.1,Stamina,LV,2.0,8,0.0,2.0,2.0,N,N,08/2021,Analyst
29-2052.00,1.A.3.c.1,Extent Flexibility,IM,2.12,8,0.125,1.88,2.37,N,,08/2021,Analyst
29-2052.00,1.A.3.c.1,Extent Flexibility,LV,2.25,8,0.25,1.76,2.74,N,N,08/2021,Analyst
29-2052.00,1.A.3.c.2,Dynamic Flexibility,IM,1.0,8,0.0,1.0,1.0,N,,08/2021,Analyst
29-2052.00,1.A.3.c.2,Dynamic Flexibility,LV,0.0,8,0.0,0.0,0.0,N,Y,08/2021,Analyst
29-2052.00,1.A.3.c.3,Gross Body Coordination,IM,2.0,8,0.0,2.0,2.0,N,,08/2021,Analyst
29-2052.00,1.A.3.c.3,Gross Body Coordination,LV,1.88,8,0.125,1.63,2.12,N,N,08/2021,Analyst
29-2052.00,1.A.3.c.4,Gross Body Equilibrium,IM,2.0,8,0.0,2.0,2.0,N,,08/2021,Analyst
29-2052.00,1.A.3.c.4,Gross Body Equilibrium,LV,1.25,8,0.1637,0.9292,1.5708,N,N,08/2021,Analyst
29-2052.00,1.A.4.a.1,Near Vision,IM,4.0,8,0.0,4.0,4.0,N,,08/2021,Analyst
29-2052.00,1.A.4.a.1,Near Vision,LV,4.12,8,0.125,3.88,4.37,N,N,08/2021,Analyst
29-2052.00,1.A.4.a.2,Far Vision,IM,2.88,8,0.125,2.63,3.12,N,,08/2021,Analyst
29-2052.00,1.A.4.a.2,Far Vision,LV,3.0,8,0.0,3.0,3.0,N,N,08/2021,Analyst
29-2052.00,1.A.4.a.3,Visual Color Discrimination,IM,2.75,8,0.1637,2.4292,3.0708,N,,08/2021,Analyst
29-2052.00,1.A.4.a.3,Visual Color Discrimination,LV,2.88,8,0.125,2.63,3.12,N,N,08/2021,Analyst
29-2052.00,1.A.4.a.4,Night Vision,IM,1.0,8,0.0,1.0,1.0,N,,08/2021,Analyst
29-2052.00,1.A.4.a.4,Night Vision,LV,0.0,8,0.0,0.0,0.0,N,Y,08/2021,Analyst
29-2052.00,1.A.4.a.5,Peripheral Vision,IM,1.0,8,0.0,1.0,1.0,N,,08/2021,Analyst
29-2052.00,1.A.4.a.5,Peripheral Vision,LV,0.0,8,0.0,0.0,0.0,N,Y,08/2021,Analyst
29-2052.00,1.A.4.a.6,Depth Perception,IM,1.75,8,0.1637,1.4292,2.0708,N,,08/2021,Analyst
29-2052.00,1.A.4.a.6,Depth Perception,LV,1.38,8,0.3239,0.7402,2.0098,N,N,08/2021,Analyst
29-2052.00,1.A.4.a.7,Glare Sensitivity,IM,1.0,8,0.0,1.0,1.0,N,,08/2021,Analyst
29-2052.00,1.A.4.a.7,Glare Sensitivity,LV,0.0,8,0.0,0.0,0.0,N,Y,08/2021,Analyst
29-2052.00,1.A.4.b.1,Hearing Sensitivity,IM,1.75,8,0.1637,1.4292,2.0708,N,,08/2021,Analyst
29-2052.00,1.A.4.b.1,Hearing Sensitivity,LV,1.38,8,0.3239,0.7402,2.0098,N,N,08/2021,Analyst
29-2052.00,1.A.4.b.2,Auditory Attention,IM,2.62,8,0.183,2.2664,2.9836,N,,08/2021,Analyst
29-2052.00,1.A.4.b.2,Auditory Attention,LV,2.12,8,0.125,1.88,2.37,N,N,08/2021,Analyst
29-2052.00,1.A.4.b.3,Sound Localization,IM,1.0,8,0.0,1.0,1.0,N,,08/2021,Analyst
29-2052.00,1.A.4.b.3,Sound Localization,LV,0.0,8,0.0,0.0,0.0,N,Y,08/2021,Analyst
29-2052.00,1.A.4.b.4,Speech Recognition,IM,3.88,8,0.125,3.63,4.12,N,,08/2021,Analyst
29-2052.00,1.A.4.b.4,Speech Recognition,LV,3.75,8,0.1637,3.4292,4.0708,N,N,08/2021,Analyst
29-2052.00,1.A.4.b.5,Speech Clarity,IM,3.38,8,0.183,3.0164,3.7336,N,,08/2021,Analyst
29-2052.00,1.A.4.b.5,Speech Clarity,LV,3.0,8,0.0,3.0,3.0,N,N,08/2021,Analyst
29-2053.00,1.A.1.a.1,Oral Comprehension,IM,4.0,8,0.0,4.0,4.0,N,,08/2023,Analyst
29-2053.00,1.A.1.a.1,Oral Comprehension,LV,4.0,8,0.0,4.0,4.0,N,N,08/2023,Analyst
29-2053.00,1.A.1.a.2,Written Comprehension,IM,3.62,8,0.183,3.2664,3.9836,N,,08/2023,Analyst
29-2053.00,1.A.1.a.2,Written Comprehension,LV,3.62,8,0.183,3.2664,3.9836,N,N,08/2023,Analyst
29-2053.00,1.A.1.a.3,Oral Expression,IM,4.0,8,0.0,4.0,4.0,N,,08/2023,Analyst
29-2053.00,1.A.1.a.3,Oral Expression,LV,4.0,8,0.0,4.0,4.0,N,N,08/2023,Analyst
29-2053.00,1.A.1.a.4,Written Expression,IM,3.5,8,0.189,3.1296,3.8704,N,,08/2023,Analyst
29-2053.00,1.A.1.a.4,Written Expression,LV,3.62,8,0.183,3.2664,3.9836,N,N,08/2023,Analyst
29-2053.00,1.A.1.b.1,Fluency of Ideas,IM,2.88,8,0.125,2.63,3.12,N,,08/2023,Analyst
29-2053.00,1.A.1.b.1,Fluency of Ideas,LV,3.0,8,0.0,3.0,3.0,N,N,08/2023,Analyst
29-2053.00,1.A.1.b.2,Originality,IM,2.62,8,0.183,2.2664,2.9836,N,,08/2023,Analyst
29-2053.00,1.A.1.b.2,Originality,LV,3.0,8,0.0,3.0,3.0,N,N,08/2023,Analyst
29-2053.00,1.A.1.b.3,Problem Sensitivity,IM,4.0,8,0.0,4.0,4.0,N,,08/2023,Analyst
29-2053.00,1.A.1.b.3,Problem Sensitivity,LV,4.0,8,0.0,4.0,4.0,N,N,08/2023,Analyst
29-2053.00,1.A.1.b.4,Deductive Reasoning,IM,3.75,8,0.1637,3.4292,4.0708,N,,08/2023,Analyst
29-2053.00,1.A.1.b.4,Deductive Reasoning,LV,3.88,8,0.125,3.63,4.12,N,N,08/2023,Analyst
29-2053.00,1.A.1.b.5,Inductive Reasoning,IM,3.62,8,0.183,3.2664,3.9836,N,,08/2023,Analyst
29-2053.00,1.A.1.b.5,Inductive Reasoning,LV,3.75,8,0.1637,3.4292,4.0708,N,N,08/2023,Analyst
29-2053.00,1.A.1.b.6,Information Ordering,IM,3.25,8,0.1637,2.9292,3.5708,N,,08/2023,Analyst
29-2053.00,1.A.1.b.6,Information Ordering,LV,3.0,8,0.0,3.0,3.0,N,N,08/2023,Analyst
29-2053.00,1.A.1.b.7,Category Flexibility,IM,3.0,8,0.0,3.0,3.0,N,,08/2023,Analyst
29-2053.00,1.A.1.b.7,Category Flexibility,LV,3.0,8,0.0,3.0,3.0,N,N,08/2023,Analyst
29-2053.00,1.A.1.c.1,Mathematical Reasoning,IM,2.0,8,0.0,2.0,2.0,N,,08/2023,Analyst
29-2053.00,1.A.1.c.1,Mathematical Reasoning,LV,1.75,8,0.1637,1.4292,2.0708,N,N,08/2023,Analyst
29-2053.00,1.A.1.c.2,Number Facility,IM,2.0,8,0.0,2.0,2.0,N,,08/2023,Analyst
29-2053.00,1.A.1.c.2,Number Facility,LV,1.75,8,0.1637,1.4292,2.0708,N,N,08/2023,Analyst
29-2053.00,1.A.1.d.1,Memorization,IM,2.12,8,0.125,1.88,2.37,N,,08/2023,Analyst
29-2053.00,1.A.1.d.1,Memorization,LV,2.0,8,0.0,2.0,2.0,N,N,08/2023,Analyst
29-2053.00,1.A.1.e.1,Speed of Closure,IM,2.25,8,0.1637,1.9292,2.5708,N,,08/2023,Analyst
29-2053.00,1.A.1.e.1,Speed of Closure,LV,2.12,8,0.125,1.88,2.37,N,N,08/2023,Analyst
29-2053.00,1.A.1.e.2,Flexibility of Closure,IM,2.75,8,0.1637,2.4292,3.0708,N,,08/2023,Analyst
29-2053.00,1.A.1.e.2,Flexibility of Closure,LV,3.0,8,0.0,3.0,3.0,N,N,08/2023,Analyst
29-2053.00,1.A.1.e.3,Perceptual Speed,IM,2.75,8,0.1637,2.4292,3.0708,N,,08/2023,Analyst
29-2053.00,1.A.1.e.3,Perceptual Speed,LV,2.5,8,0.189,2.1296,2.8704,N,N,08/2023,Analyst
29-2053.00,1.A.1.f.1,Spatial Orientation,IM,1.5,8,0.189,1.1296,1.8704,N,,08/2023,Analyst
29-2053.00,1.A.1.f.1,Spatial Orientation,LV,0.75,8,0.366,0.0327,1.4673,N,N,08/2023,Analyst
29-2053.00,1.A.1.f.2,Visualization,IM,2.25,8,0.1637,1.9292,2.5708,N,,08/2023,Analyst
29-2053.00,1.A.1.f.2,Visualization,LV,2.12,8,0.125,1.88,2.37,N,N,08/2023,Analyst
29-2053.00,1.A.1.g.1,Selective Attention,IM,3.12,8,0.125,2.88,3.37,N,,08/2023,Analyst
29-2053.00,1.A.1.g.1,Selective Attention,LV,3.0,8,0.0,3.0,3.0,N,N,08/2023,Analyst
29-2053.00,1.A.1.g.2,Time Sharing,IM,2.75,8,0.1637,2.4292,3.0708,N,,08/2023,Analyst
29-2053.00,1.A.1.g.2,Time Sharing,LV,2.75,8,0.1637,2.4292,3.0708,N,N,08/2023,Analyst
29-2053.00,1.A.2.a.1,Arm-Hand Steadiness,IM,2.62,8,0.183,2.2664,2.9836,N,,08/2023,Analyst
29-2053.00,1.A.2.a.1,Arm-Hand Steadiness,LV,2.5,8,0.189,2.1296,2.8704,N,N,08/2023,Analyst
29-2053.00,1.A.2.a.2,Manual Dexterity,IM,2.38,8,0.183,2.0164,2.7336,N,,08/2023,Analyst
29-2053.00,1.A.2.a.2,Manual Dexterity,LV,2.0,8,0.0,2.0,2.0,N,N,08/2023,Analyst
29-2053.00,1.A.2.a.3,Finger Dexterity,IM,2.5,8,0.189,2.1296,2.8704,N,,08/2023,Analyst
29-2053.00,1.A.2.a.3,Finger Dexterity,LV,2.5,8,0.189,2.1296,2.8704,N,N,08/2023,Analyst
29-2053.00,1.A.2.b.1,Control Precision,IM,2.0,8,0.0,2.0,2.0,N,,08/2023,Analyst
29-2053.00,1.A.2.b.1,Control Precision,LV,2.0,8,0.0,2.0,2.0,N,N,08/2023,Analyst
29-2053.00,1.A.2.b.2,Multilimb Coordination,IM,2.25,8,0.1637,1.9292,2.5708,N,,08/2023,Analyst
29-2053.00,1.A.2.b.2,Multilimb Coordination,LV,2.0,8,0.0,2.0,2.0,N,N,08/2023,Analyst
29-2053.00,1.A.2.b.3,Response Orientation,IM,2.0,8,0.0,2.0,2.0,N,,08/2023,Analyst
29-2053.00,1.A.2.b.3,Response Orientation,LV,2.0,8,0.0,2.0,2.0,N,N,08/2023,Analyst
29-2053.00,1.A.2.b.4,Rate Control,IM,1.5,8,0.189,1.1296,1.8704,N,,08/2023,Analyst
29-2053.00,1.A.2.b.4,Rate Control,LV,0.5,8,0.189,0.1296,0.8704,N,N,08/2023,Analyst
29-2053.00,1.A.2.c.1,Reaction Time,IM,2.0,8,0.0,2.0,2.0,N,,08/2023,Analyst
29-2053.00,1.A.2.c.1,Reaction Time,LV,2.0,8,0.0,2.0,2.0,N,N,08/2023,Analyst
29-2053.00,1.A.2.c.2,Wrist-Finger Speed,IM,1.5,8,0.189,1.1296,1.8704,N,,08/2023,Analyst
29-2053.00,1.A.2.c.2,Wrist-Finger Speed,LV,0.62,8,0.2631,0.1094,1.1406,N,N,08/2023,Analyst
29-2053.00,1.A.2.c.3,Speed of Limb Movement,IM,2.0,8,0.0,2.0,2.0,N,,08/2023,Analyst
29-2053.00,1.A.2.c.3,Speed of Limb Movement,LV,1.62,8,0.183,1.2664,1.9836,N,N,08/2023,Analyst
29-2053.00,1.A.3.a.1,Static Strength,IM,2.88,8,0.125,2.63,3.12,N,,08/2023,Analyst
29-2053.00,1.A.3.a.1,Static Strength,LV,2.88,8,0.125,2.63,3.12,N,N,08/2023,Analyst
29-2053.00,1.A.3.a.2,Explosive Strength,IM,2.25,8,0.1637,1.9292,2.5708,N,,08/2023,Analyst
29-2053.00,1.A.3.a.2,Explosive Strength,LV,2.25,8,0.1637,1.9292,2.5708,N,N,08/2023,Analyst
29-2053.00,1.A.3.a.3,Dynamic Strength,IM,2.0,8,0.0,2.0,2.0,N,,08/2023,Analyst
29-2053.00,1.A.3.a.3,Dynamic Strength,LV,1.5,8,0.189,1.1296,1.8704,N,N,08/2023,Analyst
29-2053.00,1.A.3.a.4,Trunk Strength,IM,2.88,8,0.125,2.63,3.12,N,,08/2023,Analyst
29-2053.00,1.A.3.a.4,Trunk Strength,LV,2.25,8,0.1637,1.9292,2.5708,N,N,08/2023,Analyst
29-2053.00,1.A.3.b.1,Stamina,IM,2.38,8,0.183,2.0164,2.7336,N,,08/2023,Analyst
29-2053.00,1.A.3.b.1,Stamina,LV,2.12,8,0.125,1.88,2.37,N,N,08/2023,Analyst
29-2053.00,1.A.3.c.1,Extent Flexibility,IM,2.25,8,0.1637,1.9292,2.5708,N,,08/2023,Analyst
29-2053.00,1.A.3.c.1,Extent Flexibility,LV,2.0,8,0.0,2.0,2.0,N,N,08/2023,Analyst
29-2053.00,1.A.3.c.2,Dynamic Flexibility,IM,1.0,8,0.0,1.0,1.0,N,,08/2023,Analyst
29-2053.00,1.A.3.c.2,Dynamic Flexibility,LV,0.0,8,0.0,0.0,0.0,N,Y,08/2023,Analyst
29-2053.00,1.A.3.c.3,Gross Body Coordination,IM,2.12,8,0.125,1.88,2.37,N,,08/2023,Analyst
29-2053.00,1.A.3.c.3,Gross Body Coordination,LV,2.12,8,0.125,1.88,2.37,N,N,08/2023,Analyst
29-2053.00,1.A.3.c.4,Gross Body Equilibrium,IM,2.0,8,0.0,2.0,2.0,N,,08/2023,Analyst
29-2053.00,1.A.3.c.4,Gross Body Equilibrium,LV,2.0,8,0.0,2.0,2.0,N,N,08/2023,Analyst
29-2053.00,1.A.4.a.1,Near Vision,IM,3.38,8,0.183,3.0164,3.7336,N,,08/2023,Analyst
29-2053.00,1.A.4.a.1,Near Vision,LV,3.5,8,0.189,3.1296,3.8704,N,N,08/2023,Analyst
29-2053.00,1.A.4.a.2,Far Vision,IM,3.0,8,0.0,3.0,3.0,N,,08/2023,Analyst
29-2053.00,1.A.4.a.2,Far Vision,LV,3.0,8,0.0,3.0,3.0,N,N,08/2023,Analyst
29-2053.00,1.A.4.a.3,Visual Color Discrimination,IM,2.0,8,0.0,2.0,2.0,N,,08/2023,Analyst
29-2053.00,1.A.4.a.3,Visual Color Discrimination,LV,2.12,8,0.125,1.88,2.37,N,N,08/2023,Analyst
29-2053.00,1.A.4.a.4,Night Vision,IM,1.12,8,0.125,1.0,1.37,N,,08/2023,Analyst
29-2053.00,1.A.4.a.4,Night Vision,LV,0.12,8,0.125,0.0,0.37,N,Y,08/2023,Analyst
29-2053.00,1.A.4.a.5,Peripheral Vision,IM,1.38,8,0.183,1.0164,1.7336,N,,08/2023,Analyst
29-2053.00,1.A.4.a.5,Peripheral Vision,LV,0.38,8,0.183,0.0164,0.7336,N,N,08/2023,Analyst
29-2053.00,1.A.4.a.6,Depth Perception,IM,2.0,8,0.0,2.0,2.0,N,,08/2023,Analyst
29-2053.00,1.A.4.a.6,Depth Perception,LV,1.12,8,0.125,0.88,1.37,N,N,08/2023,Analyst
29-2053.00,1.A.4.a.7,Glare Sensitivity,IM,1.12,8,0.125,1.0,1.37,N,,08/2023,Analyst
29-2053.00,1.A.4.a.7,Glare Sensitivity,LV,0.12,8,0.125,0.0,0.37,N,Y,08/2023,Analyst
29-2053.00,1.A.4.b.1,Hearing Sensitivity,IM,1.88,8,0.125,1.63,2.12,N,,08/2023,Analyst
29-2053.00,1.A.4.b.1,Hearing Sensitivity,LV,1.75,8,0.25,1.26,2.24,N,N,08/2023,Analyst
29-2053.00,1.A.4.b.2,Auditory Attention,IM,2.12,8,0.125,1.88,2.37,N,,08/2023,Analyst
29-2053.00,1.A.4.b.2,Auditory Attention,LV,2.25,8,0.1637,1.9292,2.5708,N,N,08/2023,Analyst
29-2053.00,1.A.4.b.3,Sound Localization,IM,1.62,8,0.183,1.2664,1.9836,N,,08/2023,Analyst
29-2053.00,1.A.4.b.3,Sound Localization,LV,0.75,8,0.25,0.26,1.24,N,N,08/2023,Analyst
29-2053.00,1.A.4.b.4,Speech Recognition,IM,3.5,8,0.189,3.1296,3.8704,N,,08/2023,Analyst
29-2053.00,1.A.4.b.4,Speech Recognition,LV,3.5,8,0.189,3.1296,3.8704,N,N,08/2023,Analyst
29-2053.00,1.A.4.b.5,Speech Clarity,IM,3.5,8,0.189,3.1296,3.8704,N,,08/2023,Analyst
29-2053.00,1.A.4.b.5,Speech Clarity,LV,3.38,8,0.183,3.0164,3.7336,N,N,08/2023,Analyst
29-2055.00,1.A.1.a.1,Oral Comprehension,IM,4.0,8,0.0,4.0,4.0,N,,07/2013,Analyst
29-2055.00,1.A.1.a.1,Oral Comprehension,LV,4.0,8,0.0,4.0,4.0,N,N,07/2013,Analyst
29-2055.00,1.A.1.a.2,Written Comprehension,IM,3.0,8,0.0,3.0,3.0,N,,07/2013,Analyst
29-2055.00,1.A.1.a.2,Written Comprehension,LV,3.38,8,0.183,3.0164,3.7336,N,N,07/2013,Analyst
29-2055.00,1.A.1.a.3,Oral Expression,IM,3.25,8,0.1637,2.9292,3.5708,N,,07/2013,Analyst
29-2055.00,1.A.1.a.3,Oral Expression,LV,4.0,8,0.0,4.0,4.0,N,N,07/2013,Analyst
29-2055.00,1.A.1.a.4,Written Expression,IM,3.0,8,0.0,3.0,3.0,N,,07/2013,Analyst
29-2055.00,1.A.1.a.4,Written Expression,LV,3.0,8,0.0,3.0,3.0,N,N,07/2013,Analyst
29-2055.00,1.A.1.b.1,Fluency of Ideas,IM,2.88,8,0.125,2.63,3.12,N,,07/2013,Analyst
29-2055.00,1.A.1.b.1,Fluency of Ideas,LV,2.88,8,0.125,2.63,3.12,N,N,07/2013,Analyst
29-2055.00,1.A.1.b.2,Originality,IM,2.5,8,0.189,2.1296,2.8704,N,,07/2013,Analyst
29-2055.00,1.A.1.b.2,Originality,LV,2.5,8,0.189,2.1296,2.8704,N,N,07/2013,Analyst
29-2055.00,1.A.1.b.3,Problem Sensitivity,IM,3.75,8,0.1637,3.4292,4.0708,N,,07/2013,Analyst
29-2055.00,1.A.1.b.3,Problem Sensitivity,LV,3.75,8,0.1637,3.4292,4.0708,N,N,07/2013,Analyst
29-2055.00,1.A.1.b.4,Deductive Reasoning,IM,3.0,8,0.0,3.0,3.0,N,,07/2013,Analyst
29-2055.00,1.A.1.b.4,Deductive Reasoning,LV,3.38,8,0.183,3.0164,3.7336,N,N,07/2013,Analyst
29-2055.00,1.A.1.b.5,Inductive Reasoning,IM,3.0,8,0.0,3.0,3.0,N,,07/2013,Analyst
29-2055.00,1.A.1.b.5,Inductive Reasoning,LV,3.12,8,0.125,2.88,3.37,N,N,07/2013,Analyst
29-2055.00,1.A.1.b.6,Information Ordering,IM,3.25,8,0.1637,2.9292,3.5708,N,,07/2013,Analyst
29-2055.00,1.A.1.b.6,Information Ordering,LV,3.38,8,0.183,3.0164,3.7336,N,N,07/2013,Analyst
29-2055.00,1.A.1.b.7,Category Flexibility,IM,3.0,8,0.0,3.0,3.0,N,,07/2013,Analyst
29-2055.00,1.A.1.b.7,Category Flexibility,LV,3.0,8,0.0,3.0,3.0,N,N,07/2013,Analyst
29-2055.00,1.A.1.c.1,Mathematical Reasoning,IM,2.5,8,0.189,2.1296,2.8704,N,,07/2013,Analyst
29-2055.00,1.A.1.c.1,Mathematical Reasoning,LV,2.12,8,0.125,1.88,2.37,N,N,07/2013,Analyst
29-2055.00,1.A.1.c.2,Number Facility,IM,3.12,8,0.125,2.88,3.37,N,,07/2013,Analyst
29-2055.00,1.A.1.c.2,Number Facility,LV,2.25,8,0.1637,1.9292,2.5708,N,N,07/2013,Analyst
29-2055.00,1.A.1.d.1,Memorization,IM,2.75,8,0.1637,2.4292,3.0708,N,,07/2013,Analyst
29-2055.00,1.A.1.d.1,Memorization,LV,2.88,8,0.125,2.63,3.12,N,N,07/2013,Analyst
29-2055.00,1.A.1.e.1,Speed of Closure,IM,2.75,8,0.1637,2.4292,3.0708,N,,07/2013,Analyst
29-2055.00,1.A.1.e.1,Speed of Closure,LV,2.88,8,0.125,2.63,3.12,N,N,07/2013,Analyst
29-2055.00,1.A.1.e.2,Flexibility of Closure,IM,3.12,8,0.125,2.88,3.37,N,,07/2013,Analyst
29-2055.00,1.A.1.e.2,Flexibility of Closure,LV,3.38,8,0.183,3.0164,3.7336,N,N,07/2013,Analyst
29-2055.00,1.A.1.e.3,Perceptual Speed,IM,3.25,8,0.1637,2.9292,3.5708,N,,07/2013,Analyst
29-2055.00,1.A.1.e.3,Perceptual Speed,LV,3.75,8,0.1637,3.4292,4.0708,N,N,07/2013,Analyst
29-2055.00,1.A.1.f.1,Spatial Orientation,IM,1.12,8,0.125,1.0,1.37,N,,07/2013,Analyst
29-2055.00,1.A.1.f.1,Spatial Orientation,LV,0.12,8,0.125,0.0,0.37,N,Y,07/2013,Analyst
29-2055.00,1.A.1.f.2,Visualization,IM,3.0,8,0.0,3.0,3.0,N,,07/2013,Analyst
29-2055.00,1.A.1.f.2,Visualization,LV,3.0,8,0.0,3.0,3.0,N,N,07/2013,Analyst
29-2055.00,1.A.1.g.1,Selective Attention,IM,3.38,8,0.183,3.0164,3.7336,N,,07/2013,Analyst
29-2055.00,1.A.1.g.1,Selective Attention,LV,3.88,8,0.125,3.63,4.12,N,N,07/2013,Analyst
29-2055.00,1.A.1.g.2,Time Sharing,IM,2.88,8,0.125,2.63,3.12,N,,07/2013,Analyst
29-2055.00,1.A.1.g.2,Time Sharing,LV,3.0,8,0.0,3.0,3.0,N,N,07/2013,Analyst
29-2055.00,1.A.2.a.1,Arm-Hand Steadiness,IM,3.5,8,0.189,3.1296,3.8704,N,,07/2013,Analyst
29-2055.00,1.A.2.a.1,Arm-Hand Steadiness,LV,3.88,8,0.125,3.63,4.12,N,N,07/2013,Analyst
29-2055.00,1.A.2.a.2,Manual Dexterity,IM,3.38,8,0.183,3.0164,3.7336,N,,07/2013,Analyst
29-2055.00,1.A.2.a.2,Manual Dexterity,LV,3.62,8,0.183,3.2664,3.9836,N,N,07/2013,Analyst
29-2055.00,1.A.2.a.3,Finger Dexterity,IM,3.0,8,0.0,3.0,3.0,N,,07/2013,Analyst
29-2055.00,1.A.2.a.3,Finger Dexterity,LV,3.88,8,0.125,3.63,4.12,N,N,07/2013,Analyst
29-2055.00,1.A.2.b.1,Control Precision,IM,3.0,8,0.0,3.0,3.0,N,,07/2013,Analyst
29-2055.00,1.A.2.b.1,Control Precision,LV,3.0,8,0.0,3.0,3.0,N,N,07/2013,Analyst
29-2055.00,1.A.2.b.2,Multilimb Coordination,IM,3.0,8,0.0,3.0,3.0,N,,07/2013,Analyst
29-2055.00,1.A.2.b.2,Multilimb Coordination,LV,2.75,8,0.1637,2.4292,3.0708,N,N,07/2013,Analyst
29-2055.00,1.A.2.b.3,Response Orientation,IM,2.25,8,0.1637,1.9292,2.5708,N,,07/2013,Analyst
29-2055.00,1.A.2.b.3,Response Orientation,LV,2.12,8,0.125,1.88,2.37,N,N,07/2013,Analyst
29-2055.00,1.A.2.b.4,Rate Control,IM,2.0,8,0.0,2.0,2.0,N,,07/2013,Analyst
29-2055.00,1.A.2.b.4,Rate Control,LV,1.38,8,0.183,1.0164,1.7336,N,N,07/2013,Analyst
29-2055.00,1.A.2.c.1,Reaction Time,IM,2.0,8,0.0,2.0,2.0,N,,07/2013,Analyst
29-2055.00,1.A.2.c.1,Reaction Time,LV,2.62,8,0.183,2.2664,2.9836,N,N,07/2013,Analyst
29-2055.00,1.A.2.c.2,Wrist-Finger Speed,IM,2.0,8,0.0,2.0,2.0,N,,07/2013,Analyst
29-2055.00,1.A.2.c.2,Wrist-Finger Speed,LV,2.0,8,0.0,2.0,2.0,N,N,07/2013,Analyst
29-2055.00,1.A.2.c.3,Speed of Limb Movement,IM,2.0,8,0.0,2.0,2.0,N,,07/2013,Analyst
29-2055.00,1.A.2.c.3,Speed of Limb Movement,LV,1.62,8,0.183,1.2664,1.9836,N,N,07/2013,Analyst
29-2055.00,1.A.3.a.1,Static Strength,IM,2.75,8,0.1637,2.4292,3.0708,N,,07/2013,Analyst
29-2055.00,1.A.3.a.1,Static Strength,LV,3.0,8,0.0,3.0,3.0,N,N,07/2013,Analyst
29-2055.00,1.A.3.a.2,Explosive Strength,IM,1.0,8,0.0,1.0,1.0,N,,07/2013,Analyst
29-2055.00,1.A.3.a.2,Explosive Strength,LV,0.0,8,0.0,0.0,0.0,N,Y,07/2013,Analyst
29-2055.00,1.A.3.a.3,Dynamic Strength,IM,2.0,8,0.0,2.0,2.0,N,,07/2013,Analyst
29-2055.00,1.A.3.a.3,Dynamic Strength,LV,2.0,8,0.0,2.0,2.0,N,N,07/2013,Analyst
29-2055.00,1.A.3.a.4,Trunk Strength,IM,3.0,8,0.0,3.0,3.0,N,,07/2013,Analyst
29-2055.00,1.A.3.a.4,Trunk Strength,LV,2.88,8,0.125,2.63,3.12,N,N,07/2013,Analyst
29-2055.00,1.A.3.b.1,Stamina,IM,2.38,8,0.183,2.0164,2.7336,N,,07/2013,Analyst
29-2055.00,1.A.3.b.1,Stamina,LV,2.0,8,0.189,1.6296,2.3704,N,N,07/2013,Analyst
29-2055.00,1.A.3.c.1,Extent Flexibility,IM,2.75,8,0.1637,2.4292,3.0708,N,,07/2013,Analyst
29-2055.00,1.A.3.c.1,Extent Flexibility,LV,2.88,8,0.125,2.63,3.12,N,N,07/2013,Analyst
29-2055.00,1.A.3.c.2,Dynamic Flexibility,IM,1.0,8,0.0,1.0,1.0,N,,07/2013,Analyst
29-2055.00,1.A.3.c.2,Dynamic Flexibility,LV,0.0,8,0.0,0.0,0.0,N,Y,07/2013,Analyst
29-2055.00,1.A.3.c.3,Gross Body Coordination,IM,2.0,8,0.0,2.0,2.0,N,,07/2013,Analyst
29-2055.00,1.A.3.c.3,Gross Body Coordination,LV,2.25,8,0.1637,1.9292,2.5708,N,N,07/2013,Analyst
29-2055.00,1.A.3.c.4,Gross Body Equilibrium,IM,2.0,8,0.0,2.0,2.0,N,,07/2013,Analyst
29-2055.00,1.A.3.c.4,Gross Body Equilibrium,LV,1.88,8,0.125,1.63,2.12,N,N,07/2013,Analyst
29-2055.00,1.A.4.a.1,Near Vision,IM,3.75,8,0.1637,3.4292,4.0708,N,,07/2013,Analyst
29-2055.00,1.A.4.a.1,Near Vision,LV,4.0,8,0.0,4.0,4.0,N,N,07/2013,Analyst
29-2055.00,1.A.4.a.2,Far Vision,IM,3.0,8,0.189,2.6296,3.3704,N,,07/2013,Analyst
29-2055.00,1.A.4.a.2,Far Vision,LV,3.5,8,0.2673,2.9762,4.0238,N,N,07/2013,Analyst
29-2055.00,1.A.4.a.3,Visual Color Discrimination,IM,3.12,8,0.125,2.88,3.37,N,,07/2013,Analyst
29-2055.00,1.A.4.a.3,Visual Color Discrimination,LV,2.88,8,0.125,2.63,3.12,N,N,07/2013,Analyst
29-2055.00,1.A.4.a.4,Night Vision,IM,1.0,8,0.0,1.0,1.0,N,,07/2013,Analyst
29-2055.00,1.A.4.a.4,Night Vision,LV,0.0,8,0.0,0.0,0.0,N,Y,07/2013,Analyst
29-2055.00,1.A.4.a.5,Peripheral Vision,IM,1.0,8,0.0,1.0,1.0,N,,07/2013,Analyst
29-2055.00,1.A.4.a.5,Peripheral Vision,LV,0.0,8,0.0,0.0,0.0,N,Y,07/2013,Analyst
29-2055.00,1.A.4.a.6,Depth Perception,IM,2.75,8,0.1637,2.4292,3.0708,N,,07/2013,Analyst
29-2055.00,1.A.4.a.6,Depth Perception,LV,2.88,8,0.125,2.63,3.12,N,N,07/2013,Analyst
29-2055.00,1.A.4.a.7,Glare Sensitivity,IM,1.5,8,0.189,1.1296,1.8704,N,,07/2013,Analyst
29-2055.00,1.A.4.a.7,Glare Sensitivity,LV,1.0,8,0.378,0.2592,1.7408,N,N,07/2013,Analyst
29-2055.00,1.A.4.b.1,Hearing Sensitivity,IM,2.88,8,0.125,2.63,3.12,N,,07/2013,Analyst
29-2055.00,1.A.4.b.1,Hearing Sensitivity,LV,2.88,8,0.125,2.63,3.12,N,N,07/2013,Analyst
29-2055.00,1.A.4.b.2,Auditory Attention,IM,2.88,8,0.125,2.63,3.12,N,,07/2013,Analyst
29-2055.00,1.A.4.b.2,Auditory Attention,LV,2.88,8,0.125,2.63,3.12,N,N,07/2013,Analyst
29-2055.00,1.A.4.b.3,Sound Localization,IM,1.12,8,0.125,1.0,1.37,N,,07/2013,Analyst
29-2055.00,1.A.4.b.3,Sound Localization,LV,0.12,8,0.125,0.0,0.37,N,Y,07/2013,Analyst
29-2055.00,1.A.4.b.4,Speech Recognition,IM,3.62,8,0.183,3.2664,3.9836,N,,07/2013,Analyst
29-2055.00,1.A.4.b.4,Speech Recognition,LV,3.5,8,0.189,3.1296,3.8704,N,N,07/2013,Analyst
29-2055.00,1.A.4.b.5,Speech Clarity,IM,3.12,8,0.125,2.88,3.37,N,,07/2013,Analyst
29-2055.00,1.A.4.b.5,Speech Clarity,LV,3.0,8,0.0,3.0,3.0,N,N,07/2013,Analyst
29-2056.00,1.A.1.a.1,Oral Comprehension,IM,3.75,8,0.1637,3.4292,4.0708,N,,08/2020,Analyst
29-2056.00,1.A.1.a.1,Oral Comprehension,LV,4.0,8,0.0,4.0,4.0,N,N,08/2020,Analyst
29-2056.00,1.A.1.a.2,Written Comprehension,IM,3.75,8,0.1637,3.4292,4.0708,N,,08/2020,Analyst
29-2056.00,1.A.1.a.2,Written Comprehension,LV,3.88,8,0.125,3.63,4.12,N,N,08/2020,Analyst
29-2056.00,1.A.1.a.3,Oral Expression,IM,3.88,8,0.125,3.63,4.12,N,,08/2020,Analyst
29-2056.00,1.A.1.a.3,Oral Expression,LV,3.88,8,0.125,3.63,4.12,N,N,08/2020,Analyst
29-2056.00,1.A.1.a.4,Written Expression,IM,3.12,8,0.125,2.88,3.37,N,,08/2020,Analyst
29-2056.00,1.A.1.a.4,Written Expression,LV,3.12,8,0.125,2.88,3.37,N,N,08/2020,Analyst
29-2056.00,1.A.1.b.1,Fluency of Ideas,IM,2.88,8,0.125,2.63,3.12,N,,08/2020,Analyst
29-2056.00,1.A.1.b.1,Fluency of Ideas,LV,3.0,8,0.0,3.0,3.0,N,N,08/2020,Analyst
29-2056.00,1.A.1.b.2,Originality,IM,2.88,8,0.125,2.63,3.12,N,,08/2020,Analyst
29-2056.00,1.A.1.b.2,Originality,LV,3.0,8,0.0,3.0,3.0,N,N,08/2020,Analyst
29-2056.00,1.A.1.b.3,Problem Sensitivity,IM,3.75,8,0.1637,3.4292,4.0708,N,,08/2020,Analyst
29-2056.00,1.A.1.b.3,Problem Sensitivity,LV,4.0,8,0.0,4.0,4.0,N,N,08/2020,Analyst
29-2056.00,1.A.1.b.4,Deductive Reasoning,IM,3.88,8,0.125,3.63,4.12,N,,08/2020,Analyst
29-2056.00,1.A.1.b.4,Deductive Reasoning,LV,3.88,8,0.125,3.63,4.12,N,N,08/2020,Analyst
29-2056.00,1.A.1.b.5,Inductive Reasoning,IM,3.88,8,0.125,3.63,4.12,N,,08/2020,Analyst
29-2056.00,1.A.1.b.5,Inductive Reasoning,LV,3.88,8,0.125,3.63,4.12,N,N,08/2020,Analyst
29-2056.00,1.A.1.b.6,Information Ordering,IM,3.75,8,0.1637,3.4292,4.0708,N,,08/2020,Analyst
29-2056.00,1.A.1.b.6,Information Ordering,LV,3.38,8,0.183,3.0164,3.7336,N,N,08/2020,Analyst
29-2056.00,1.A.1.b.7,Category Flexibility,IM,3.12,8,0.125,2.88,3.37,N,,08/2020,Analyst
29-2056.00,1.A.1.b.7,Category Flexibility,LV,3.62,8,0.183,3.2664,3.9836,N,N,08/2020,Analyst
29-2056.00,1.A.1.c.1,Mathematical Reasoning,IM,2.88,8,0.125,2.63,3.12,N,,08/2020,Analyst
29-2056.00,1.A.1.c.1,Mathematical Reasoning,LV,3.12,8,0.125,2.88,3.37,N,N,08/2020,Analyst
29-2056.00,1.A.1.c.2,Number Facility,IM,2.88,8,0.125,2.63,3.12,N,,08/2020,Analyst
29-2056.00,1.A.1.c.2,Number Facility,LV,3.12,8,0.125,2.88,3.37,N,N,08/2020,Analyst
29-2056.00,1.A.1.d.1,Memorization,IM,2.75,8,0.1637,2.4292,3.0708,N,,08/2020,Analyst
29-2056.00,1.A.1.d.1,Memorization,LV,2.88,8,0.125,2.63,3.12,N,N,08/2020,Analyst
29-2056.00,1.A.1.e.1,Speed of Closure,IM,2.75,8,0.1637,2.4292,3.0708,N,,08/2020,Analyst
29-2056.00,1.A.1.e.1,Speed of Closure,LV,2.88,8,0.125,2.63,3.12,N,N,08/2020,Analyst
29-2056.00,1.A.1.e.2,Flexibility of Closure,IM,3.12,8,0.125,2.88,3.37,N,,08/2020,Analyst
29-2056.00,1.A.1.e.2,Flexibility of Closure,LV,3.12,8,0.125,2.88,3.37,N,N,08/2020,Analyst
29-2056.00,1.A.1.e.3,Perceptual Speed,IM,3.0,8,0.0,3.0,3.0,N,,08/2020,Analyst
29-2056.00,1.A.1.e.3,Perceptual Speed,LV,3.0,8,0.0,3.0,3.0,N,N,08/2020,Analyst
29-2056.00,1.A.1.f.1,Spatial Orientation,IM,1.0,8,0.0,1.0,1.0,N,,08/2020,Analyst
29-2056.00,1.A.1.f.1,Spatial Orientation,LV,0.0,8,0.0,0.0,0.0,N,Y,08/2020,Analyst
29-2056.00,1.A.1.f.2,Visualization,IM,2.75,8,0.1637,2.4292,3.0708,N,,08/2020,Analyst
29-2056.00,1.A.1.f.2,Visualization,LV,2.88,8,0.125,2.63,3.12,N,N,08/2020,Analyst
29-2056.00,1.A.1.g.1,Selective Attention,IM,3.12,8,0.125,2.88,3.37,N,,08/2020,Analyst
29-2056.00,1.A.1.g.1,Selective Attention,LV,3.0,8,0.0,3.0,3.0,N,N,08/2020,Analyst
29-2056.00,1.A.1.g.2,Time Sharing,IM,2.88,8,0.125,2.63,3.12,N,,08/2020,Analyst
29-2056.00,1.A.1.g.2,Time Sharing,LV,2.88,8,0.125,2.63,3.12,N,N,08/2020,Analyst
29-2056.00,1.A.2.a.1,Arm-Hand Steadiness,IM,3.12,8,0.125,2.88,3.37,N,,08/2020,Analyst
29-2056.00,1.A.2.a.1,Arm-Hand Steadiness,LV,3.62,8,0.183,3.2664,3.9836,N,N,08/2020,Analyst
29-2056.00,1.A.2.a.2,Manual Dexterity,IM,3.12,8,0.125,2.88,3.37,N,,08/2020,Analyst
29-2056.00,1.A.2.a.2,Manual Dexterity,LV,3.25,8,0.1637,2.9292,3.5708,N,N,08/2020,Analyst
29-2056.00,1.A.2.a.3,Finger Dexterity,IM,3.12,8,0.125,2.88,3.37,N,,08/2020,Analyst
29-2056.00,1.A.2.a.3,Finger Dexterity,LV,3.12,8,0.125,2.88,3.37,N,N,08/2020,Analyst
29-2056.00,1.A.2.b.1,Control Precision,IM,2.88,8,0.125,2.63,3.12,N,,08/2020,Analyst
29-2056.00,1.A.2.b.1,Control Precision,LV,3.0,8,0.0,3.0,3.0,N,N,08/2020,Analyst
29-2056.00,1.A.2.b.2,Multilimb Coordination,IM,2.75,8,0.1637,2.4292,3.0708,N,,08/2020,Analyst
29-2056.00,1.A.2.b.2,Multilimb Coordination,LV,2.88,8,0.125,2.63,3.12,N,N,08/2020,Analyst
29-2056.00,1.A.2.b.3,Response Orientation,IM,1.88,8,0.2266,1.4309,2.3191,N,,08/2020,Analyst
29-2056.00,1.A.2.b.3,Response Orientation,LV,1.62,8,0.375,0.89,2.36,N,N,08/2020,Analyst
29-2056.00,1.A.2.b.4,Rate Control,IM,2.0,8,0.0,2.0,2.0,N,,08/2020,Analyst
29-2056.00,1.A.2.b.4,Rate Control,LV,1.0,8,0.0,1.0,1.0,N,N,08/2020,Analyst
29-2056.00,1.A.2.c.1,Reaction Time,IM,2.0,8,0.0,2.0,2.0,N,,08/2020,Analyst
29-2056.00,1.A.2.c.1,Reaction Time,LV,1.75,8,0.1637,1.4292,2.0708,N,N,08/2020,Analyst
29-2056.00,1.A.2.c.2,Wrist-Finger Speed,IM,1.88,8,0.125,1.63,2.12,N,,08/2020,Analyst
29-2056.00,1.A.2.c.2,Wrist-Finger Speed,LV,1.75,8,0.25,1.26,2.24,N,N,08/2020,Analyst
29-2056.00,1.A.2.c.3,Speed of Limb Movement,IM,1.75,8,0.1637,1.4292,2.0708,N,,08/2020,Analyst
29-2056.00,1.A.2.c.3,Speed of Limb Movement,LV,1.38,8,0.3239,0.7402,2.0098,N,N,08/2020,Analyst
29-2056.00,1.A.3.a.1,Static Strength,IM,2.88,8,0.125,2.63,3.12,N,,08/2020,Analyst
29-2056.00,1.A.3.a.1,Static Strength,LV,2.88,8,0.125,2.63,3.12,N,N,08/2020,Analyst
29-2056.00,1.A.3.a.2,Explosive Strength,IM,1.88,8,0.295,1.2967,2.4533,N,,08/2020,Analyst
29-2056.00,1.A.3.a.2,Explosive Strength,LV,1.0,8,0.378,0.2592,1.7408,N,N,08/2020,Analyst
29-2056.00,1.A.3.a.3,Dynamic Strength,IM,2.12,8,0.125,1.88,2.37,N,,08/2020,Analyst
29-2056.00,1.A.3.a.3,Dynamic Strength,LV,2.0,8,0.0,2.0,2.0,N,N,08/2020,Analyst
29-2056.00,1.A.3.a.4,Trunk Strength,IM,3.0,8,0.0,3.0,3.0,N,,08/2020,Analyst
29-2056.00,1.A.3.a.4,Trunk Strength,LV,3.0,8,0.0,3.0,3.0,N,N,08/2020,Analyst
29-2056.00,1.A.3.b.1,Stamina,IM,2.62,8,0.183,2.2664,2.9836,N,,08/2020,Analyst
29-2056.00,1.A.3.b.1,Stamina,LV,2.62,8,0.183,2.2664,2.9836,N,N,08/2020,Analyst
29-2056.00,1.A.3.c.1,Extent Flexibility,IM,2.88,8,0.125,2.63,3.12,N,,08/2020,Analyst
29-2056.00,1.A.3.c.1,Extent Flexibility,LV,2.88,8,0.125,2.63,3.12,N,N,08/2020,Analyst
29-2056.00,1.A.3.c.2,Dynamic Flexibility,IM,1.0,8,0.0,1.0,1.0,N,,08/2020,Analyst
29-2056.00,1.A.3.c.2,Dynamic Flexibility,LV,0.0,8,0.0,0.0,0.0,N,Y,08/2020,Analyst
29-2056.00,1.A.3.c.3,Gross Body Coordination,IM,2.25,8,0.1637,1.9292,2.5708,N,,08/2020,Analyst
29-2056.00,1.A.3.c.3,Gross Body Coordination,LV,2.12,8,0.125,1.88,2.37,N,N,08/2020,Analyst
29-2056.00,1.A.3.c.4,Gross Body Equilibrium,IM,2.12,8,0.125,1.88,2.37,N,,08/2020,Analyst
29-2056.00,1.A.3.c.4,Gross Body Equilibrium,LV,1.5,8,0.2673,0.9762,2.0238,N,N,08/2020,Analyst
29-2056.00,1.A.4.a.1,Near Vision,IM,3.88,8,0.125,3.63,4.12,N,,08/2020,Analyst
29-2056.00,1.A.4.a.1,Near Vision,LV,4.0,8,0.0,4.0,4.0,N,N,08/2020,Analyst
29-2056.00,1.A.4.a.2,Far Vision,IM,2.75,8,0.1637,2.4292,3.0708,N,,08/2020,Analyst
29-2056.00,1.A.4.a.2,Far Vision,LV,3.0,8,0.0,3.0,3.0,N,N,08/2020,Analyst
29-2056.00,1.A.4.a.3,Visual Color Discrimination,IM,2.88,8,0.125,2.63,3.12,N,,08/2020,Analyst
29-2056.00,1.A.4.a.3,Visual Color Discrimination,LV,2.88,8,0.125,2.63,3.12,N,N,08/2020,Analyst
29-2056.00,1.A.4.a.4,Night Vision,IM,1.0,8,0.0,1.0,1.0,N,,08/2020,Analyst
29-2056.00,1.A.4.a.4,Night Vision,LV,0.0,8,0.0,0.0,0.0,N,Y,08/2020,Analyst
29-2056.00,1.A.4.a.5,Peripheral Vision,IM,1.0,8,0.0,1.0,1.0,N,,08/2020,Analyst
29-2056.00,1.A.4.a.5,Peripheral Vision,LV,0.0,8,0.0,0.0,0.0,N,Y,08/2020,Analyst
29-2056.00,1.A.4.a.6,Depth Perception,IM,2.0,8,0.0,2.0,2.0,N,,08/2020,Analyst
29-2056.00,1.A.4.a.6,Depth Perception,LV,2.0,8,0.189,1.6296,2.3704,N,N,08/2020,Analyst
29-2056.00,1.A.4.a.7,Glare Sensitivity,IM,1.0,8,0.0,1.0,1.0,N,,08/2020,Analyst
29-2056.00,1.A.4.a.7,Glare Sensitivity,LV,0.0,8,0.0,0.0,0.0,N,Y,08/2020,Analyst
29-2056.00,1.A.4.b.1,Hearing Sensitivity,IM,2.88,8,0.125,2.63,3.12,N,,08/2020,Analyst
29-2056.00,1.A.4.b.1,Hearing Sensitivity,LV,2.62,8,0.183,2.2664,2.9836,N,N,08/2020,Analyst
29-2056.00,1.A.4.b.2,Auditory Attention,IM,3.0,8,0.0,3.0,3.0,N,,08/2020,Analyst
29-2056.00,1.A.4.b.2,Auditory Attention,LV,3.0,8,0.0,3.0,3.0,N,N,08/2020,Analyst
29-2056.00,1.A.4.b.3,Sound Localization,IM,1.0,8,0.0,1.0,1.0,N,,08/2020,Analyst
29-2056.00,1.A.4.b.3,Sound Localization,LV,0.0,8,0.0,0.0,0.0,N,Y,08/2020,Analyst
29-2056.00,1.A.4.b.4,Speech Recognition,IM,3.75,8,0.1637,3.4292,4.0708,N,,08/2020,Analyst
29-2056.00,1.A.4.b.4,Speech Recognition,LV,3.12,8,0.125,2.88,3.37,N,N,08/2020,Analyst
29-2056.00,1.A.4.b.5,Speech Clarity,IM,3.38,8,0.183,3.0164,3.7336,N,,08/2020,Analyst
29-2056.00,1.A.4.b.5,Speech Clarity,LV,3.12,8,0.125,2.88,3.37,N,N,08/2020,Analyst
29-2057.00,1.A.1.a.1,Oral Comprehension,IM,3.88,8,0.125,3.63,4.12,N,,08/2020,Analyst
29-2057.00,1.A.1.a.1,Oral Comprehension,LV,4.12,8,0.125,3.88,4.37,N,N,08/2020,Analyst
29-2057.00,1.A.1.a.2,Written Comprehension,IM,3.25,8,0.1637,2.9292,3.5708,N,,08/2020,Analyst
29-2057.00,1.A.1.a.2,Written Comprehension,LV,3.75,8,0.1637,3.4292,4.0708,N,N,08/2020,Analyst
29-2057.00,1.A.1.a.3,Oral Expression,IM,3.88,8,0.125,3.63,4.12,N,,08/2020,Analyst
29-2057.00,1.A.1.a.3,Oral Expression,LV,4.0,8,0.0,4.0,4.0,N,N,08/2020,Analyst
29-2057.00,1.A.1.a.4,Written Expression,IM,3.38,8,0.183,3.0164,3.7336,N,,08/2020,Analyst
29-2057.00,1.A.1.a.4,Written Expression,LV,3.0,8,0.0,3.0,3.0,N,N,08/2020,Analyst
29-2057.00,1.A.1.b.1,Fluency of Ideas,IM,2.5,8,0.189,2.1296,2.8704,N,,08/2020,Analyst
29-2057.00,1.A.1.b.1,Fluency of Ideas,LV,2.5,8,0.189,2.1296,2.8704,N,N,08/2020,Analyst
29-2057.00,1.A.1.b.2,Originality,IM,2.0,8,0.189,1.6296,2.3704,N,,08/2020,Analyst
29-2057.00,1.A.1.b.2,Originality,LV,1.88,8,0.295,1.2967,2.4533,N,N,08/2020,Analyst
29-2057.00,1.A.1.b.3,Problem Sensitivity,IM,3.38,8,0.183,3.0164,3.7336,N,,08/2020,Analyst
29-2057.00,1.A.1.b.3,Problem Sensitivity,LV,3.5,8,0.2673,2.9762,4.0238,N,N,08/2020,Analyst
29-2057.00,1.A.1.b.4,Deductive Reasoning,IM,3.25,8,0.1637,2.9292,3.5708,N,,08/2020,Analyst
29-2057.00,1.A.1.b.4,Deductive Reasoning,LV,3.0,8,0.0,3.0,3.0,N,N,08/2020,Analyst
29-2057.00,1.A.1.b.5,Inductive Reasoning,IM,3.0,8,0.0,3.0,3.0,N,,08/2020,Analyst
29-2057.00,1.A.1.b.5,Inductive Reasoning,LV,3.0,8,0.0,3.0,3.0,N,N,08/2020,Analyst
29-2057.00,1.A.1.b.6,Information Ordering,IM,3.0,8,0.0,3.0,3.0,N,,08/2020,Analyst
29-2057.00,1.A.1.b.6,Information Ordering,LV,3.0,8,0.0,3.0,3.0,N,N,08/2020,Analyst
29-2057.00,1.A.1.b.7,Category Flexibility,IM,3.0,8,0.0,3.0,3.0,N,,08/2020,Analyst
29-2057.00,1.A.1.b.7,Category Flexibility,LV,3.0,8,0.0,3.0,3.0,N,N,08/2020,Analyst
29-2057.00,1.A.1.c.1,Mathematical Reasoning,IM,2.62,8,0.183,2.2664,2.9836,N,,08/2020,Analyst
29-2057.00,1.A.1.c.1,Mathematical Reasoning,LV,2.5,8,0.189,2.1296,2.8704,N,N,08/2020,Analyst
29-2057.00,1.A.1.c.2,Number Facility,IM,2.38,8,0.183,2.0164,2.7336,N,,08/2020,Analyst
29-2057.00,1.A.1.c.2,Number Facility,LV,2.5,8,0.189,2.1296,2.8704,N,N,08/2020,Analyst
29-2057.00,1.A.1.d.1,Memorization,IM,2.38,8,0.183,2.0164,2.7336,N,,08/2020,Analyst
29-2057.00,1.A.1.d.1,Memorization,LV,2.25,8,0.1637,1.9292,2.5708,N,N,08/2020,Analyst
29-2057.00,1.A.1.e.1,Speed of Closure,IM,2.12,8,0.125,1.88,2.37,N,,08/2020,Analyst
29-2057.00,1.A.1.e.1,Speed of Closure,LV,2.12,8,0.125,1.88,2.37,N,N,08/2020,Analyst
29-2057.00,1.A.1.e.2,Flexibility of Closure,IM,2.62,8,0.183,2.2664,2.9836,N,,08/2020,Analyst
29-2057.00,1.A.1.e.2,Flexibility of Closure,LV,2.75,8,0.1637,2.4292,3.0708,N,N,08/2020,Analyst
29-2057.00,1.A.1.e.3,Perceptual Speed,IM,2.25,8,0.1637,1.9292,2.5708,N,,08/2020,Analyst
29-2057.00,1.A.1.e.3,Perceptual Speed,LV,2.12,8,0.125,1.88,2.37,N,N,08/2020,Analyst
29-2057.00,1.A.1.f.1,Spatial Orientation,IM,1.0,8,0.0,1.0,1.0,N,,08/2020,Analyst
29-2057.00,1.A.1.f.1,Spatial Orientation,LV,0.0,8,0.0,0.0,0.0,N,Y,08/2020,Analyst
29-2057.00,1.A.1.f.2,Visualization,IM,2.12,8,0.125,1.88,2.37,N,,08/2020,Analyst
29-2057.00,1.A.1.f.2,Visualization,LV,2.62,8,0.183,2.2664,2.9836,N,N,08/2020,Analyst
29-2057.00,1.A.1.g.1,Selective Attention,IM,3.12,8,0.125,2.88,3.37,N,,08/2020,Analyst
29-2057.00,1.A.1.g.1,Selective Attention,LV,3.0,8,0.189,2.6296,3.3704,N,N,08/2020,Analyst
29-2057.00,1.A.1.g.2,Time Sharing,IM,2.38,8,0.183,2.0164,2.7336,N,,08/2020,Analyst
29-2057.00,1.A.1.g.2,Time Sharing,LV,2.25,8,0.1637,1.9292,2.5708,N,N,08/2020,Analyst
29-2057.00,1.A.2.a.1,Arm-Hand Steadiness,IM,3.12,8,0.125,2.88,3.37,N,,08/2020,Analyst
29-2057.00,1.A.2.a.1,Arm-Hand Steadiness,LV,3.38,8,0.183,3.0164,3.7336,N,N,08/2020,Analyst
29-2057.00,1.A.2.a.2,Manual Dexterity,IM,2.88,8,0.2266,2.4309,3.3191,N,,08/2020,Analyst
29-2057.00,1.A.2.a.2,Manual Dexterity,LV,2.75,8,0.1637,2.4292,3.0708,N,N,08/2020,Analyst
29-2057.00,1.A.2.a.3,Finger Dexterity,IM,3.12,8,0.125,2.88,3.37,N,,08/2020,Analyst
29-2057.00,1.A.2.a.3,Finger Dexterity,LV,3.25,8,0.1637,2.9292,3.5708,N,N,08/2020,Analyst
29-2057.00,1.A.2.b.1,Control Precision,IM,2.88,8,0.125,2.63,3.12,N,,08/2020,Analyst
29-2057.00,1.A.2.b.1,Control Precision,LV,3.0,8,0.189,2.6296,3.3704,N,N,08/2020,Analyst
29-2057.00,1.A.2.b.2,Multilimb Coordination,IM,2.12,8,0.125,1.88,2.37,N,,08/2020,Analyst
29-2057.00,1.A.2.b.2,Multilimb Coordination,LV,2.0,8,0.189,1.6296,2.3704,N,N,08/2020,Analyst
29-2057.00,1.A.2.b.3,Response Orientation,IM,1.12,8,0.125,1.0,1.37,N,,08/2020,Analyst
29-2057.00,1.A.2.b.3,Response Orientation,LV,0.12,8,0.125,0.0,0.37,N,Y,08/2020,Analyst
29-2057.00,1.A.2.b.4,Rate Control,IM,1.12,8,0.125,1.0,1.37,N,,08/2020,Analyst
29-2057.00,1.A.2.b.4,Rate Control,LV,0.12,8,0.125,0.0,0.37,N,Y,08/2020,Analyst
29-2057.00,1.A.2.c.1,Reaction Time,IM,1.25,8,0.1637,1.0,1.5708,N,,08/2020,Analyst
29-2057.00,1.A.2.c.1,Reaction Time,LV,0.25,8,0.1637,0.0,0.5708,N,Y,08/2020,Analyst
29-2057.00,1.A.2.c.2,Wrist-Finger Speed,IM,1.62,8,0.183,1.2664,1.9836,N,,08/2020,Analyst
29-2057.00,1.A.2.c.2,Wrist-Finger Speed,LV,0.88,8,0.295,0.2967,1.4533,N,N,08/2020,Analyst
29-2057.00,1.A.2.c.3,Speed of Limb Movement,IM,1.38,8,0.183,1.0164,1.7336,N,,08/2020,Analyst
29-2057.00,1.A.2.c.3,Speed of Limb Movement,LV,0.38,8,0.183,0.0164,0.7336,N,N,08/2020,Analyst
29-2057.00,1.A.3.a.1,Static Strength,IM,1.88,8,0.125,1.63,2.12,N,,08/2020,Analyst
29-2057.00,1.A.3.a.1,Static Strength,LV,1.0,8,0.189,0.6296,1.3704,N,N,08/2020,Analyst
29-2057.00,1.A.3.a.2,Explosive Strength,IM,1.0,8,0.0,1.0,1.0,N,,08/2020,Analyst
29-2057.00,1.A.3.a.2,Explosive Strength,LV,0.0,8,0.0,0.0,0.0,N,Y,08/2020,Analyst
29-2057.00,1.A.3.a.3,Dynamic Strength,IM,1.62,8,0.183,1.2664,1.9836,N,,08/2020,Analyst
29-2057.00,1.A.3.a.3,Dynamic Strength,LV,0.62,8,0.183,0.2664,0.9836,N,N,08/2020,Analyst
29-2057.00,1.A.3.a.4,Trunk Strength,IM,2.25,8,0.1637,1.9292,2.5708,N,,08/2020,Analyst
29-2057.00,1.A.3.a.4,Trunk Strength,LV,1.88,8,0.125,1.63,2.12,N,N,08/2020,Analyst
29-2057.00,1.A.3.b.1,Stamina,IM,1.5,8,0.189,1.1296,1.8704,N,,08/2020,Analyst
29-2057.00,1.A.3.b.1,Stamina,LV,0.62,8,0.2631,0.1094,1.1406,N,N,08/2020,Analyst
29-2057.00,1.A.3.c.1,Extent Flexibility,IM,1.88,8,0.125,1.63,2.12,N,,08/2020,Analyst
29-2057.00,1.A.3.c.1,Extent Flexibility,LV,1.5,8,0.2673,0.9762,2.0238,N,N,08/2020,Analyst
29-2057.00,1.A.3.c.2,Dynamic Flexibility,IM,1.0,8,0.0,1.0,1.0,N,,08/2020,Analyst
29-2057.00,1.A.3.c.2,Dynamic Flexibility,LV,0.0,8,0.0,0.0,0.0,N,Y,08/2020,Analyst
29-2057.00,1.A.3.c.3,Gross Body Coordination,IM,1.88,8,0.125,1.63,2.12,N,,08/2020,Analyst
29-2057.00,1.A.3.c.3,Gross Body Coordination,LV,1.12,8,0.2266,0.6809,1.5691,N,N,08/2020,Analyst
29-2057.00,1.A.3.c.4,Gross Body Equilibrium,IM,1.75,8,0.1637,1.4292,2.0708,N,,08/2020,Analyst
29-2057.00,1.A.3.c.4,Gross Body Equilibrium,LV,0.88,8,0.2266,0.4309,1.3191,N,N,08/2020,Analyst
29-2057.00,1.A.4.a.1,Near Vision,IM,3.88,8,0.125,3.63,4.12,N,,08/2020,Analyst
29-2057.00,1.A.4.a.1,Near Vision,LV,4.0,8,0.189,3.6296,4.3704,N,N,08/2020,Analyst
29-2057.00,1.A.4.a.2,Far Vision,IM,3.0,8,0.189,2.6296,3.3704,N,,08/2020,Analyst
29-2057.00,1.A.4.a.2,Far Vision,LV,3.0,8,0.189,2.6296,3.3704,N,N,08/2020,Analyst
29-2057.00,1.A.4.a.3,Visual Color Discrimination,IM,2.88,8,0.125,2.63,3.12,N,,08/2020,Analyst
29-2057.00,1.A.4.a.3,Visual Color Discrimination,LV,2.88,8,0.125,2.63,3.12,N,N,08/2020,Analyst
29-2057.00,1.A.4.a.4,Night Vision,IM,1.0,8,0.0,1.0,1.0,N,,08/2020,Analyst
29-2057.00,1.A.4.a.4,Night Vision,LV,0.0,8,0.0,0.0,0.0,N,Y,08/2020,Analyst
29-2057.00,1.A.4.a.5,Peripheral Vision,IM,1.0,8,0.0,1.0,1.0,N,,08/2020,Analyst
29-2057.00,1.A.4.a.5,Peripheral Vision,LV,0.0,8,0.0,0.0,0.0,N,Y,08/2020,Analyst
29-2057.00,1.A.4.a.6,Depth Perception,IM,2.0,8,0.0,2.0,2.0,N,,08/2020,Analyst
29-2057.00,1.A.4.a.6,Depth Perception,LV,1.88,8,0.125,1.63,2.12,N,N,08/2020,Analyst
29-2057.00,1.A.4.a.7,Glare Sensitivity,IM,1.0,8,0.0,1.0,1.0,N,,08/2020,Analyst
29-2057.00,1.A.4.a.7,Glare Sensitivity,LV,0.0,8,0.0,0.0,0.0,N,Y,08/2020,Analyst
29-2057.00,1.A.4.b.1,Hearing Sensitivity,IM,1.62,8,0.183,1.2664,1.9836,N,,08/2020,Analyst
29-2057.00,1.A.4.b.1,Hearing Sensitivity,LV,1.25,8,0.366,0.5327,1.9673,N,N,08/2020,Analyst
29-2057.00,1.A.4.b.2,Auditory Attention,IM,1.75,8,0.1637,1.4292,2.0708,N,,08/2020,Analyst
29-2057.00,1.A.4.b.2,Auditory Attention,LV,1.38,8,0.3239,0.7402,2.0098,N,N,08/2020,Analyst
29-2057.00,1.A.4.b.3,Sound Localization,IM,1.0,8,0.0,1.0,1.0,N,,08/2020,Analyst
29-2057.00,1.A.4.b.3,Sound Localization,LV,0.0,8,0.0,0.0,0.0,N,Y,08/2020,Analyst
29-2057.00,1.A.4.b.4,Speech Recognition,IM,3.12,8,0.125,2.88,3.37,N,,08/2020,Analyst
29-2057.00,1.A.4.b.4,Speech Recognition,LV,3.25,8,0.1637,2.9292,3.5708,N,N,08/2020,Analyst
29-2057.00,1.A.4.b.5,Speech Clarity,IM,3.62,8,0.183,3.2664,3.9836,N,,08/2020,Analyst
29-2057.00,1.A.4.b.5,Speech Clarity,LV,3.12,8,0.125,2.88,3.37,N,N,08/2020,Analyst
29-2061.00,1.A.1.a.1,Oral Comprehension,IM,4.0,8,0.0,4.0,4.0,N,,08/2021,Analyst
29-2061.00,1.A.1.a.1,Oral Comprehension,LV,4.12,8,0.125,3.88,4.37,N,N,08/2021,Analyst
29-2061.00,1.A.1.a.2,Written Comprehension,IM,4.0,8,0.0,4.0,4.0,N,,08/2021,Analyst
29-2061.00,1.A.1.a.2,Written Comprehension,LV,4.12,8,0.125,3.88,4.37,N,N,08/2021,Analyst
29-2061.00,1.A.1.a.3,Oral Expression,IM,4.0,8,0.0,4.0,4.0,N,,08/2021,Analyst
29-2061.00,1.A.1.a.3,Oral Expression,LV,4.12,8,0.125,3.88,4.37,N,N,08/2021,Analyst
29-2061.00,1.A.1.a.4,Written Expression,IM,3.38,8,0.183,3.0164,3.7336,N,,08/2021,Analyst
29-2061.00,1.A.1.a.4,Written Expression,LV,3.62,8,0.183,3.2664,3.9836,N,N,08/2021,Analyst
29-2061.00,1.A.1.b.1,Fluency of Ideas,IM,2.88,8,0.125,2.63,3.12,N,,08/2021,Analyst
29-2061.00,1.A.1.b.1,Fluency of Ideas,LV,3.0,8,0.189,2.6296,3.3704,N,N,08/2021,Analyst
29-2061.00,1.A.1.b.2,Originality,IM,2.62,8,0.183,2.2664,2.9836,N,,08/2021,Analyst
29-2061.00,1.A.1.b.2,Originality,LV,2.88,8,0.125,2.63,3.12,N,N,08/2021,Analyst
29-2061.00,1.A.1.b.3,Problem Sensitivity,IM,4.0,8,0.0,4.0,4.0,N,,08/2021,Analyst
29-2061.00,1.A.1.b.3,Problem Sensitivity,LV,4.12,8,0.125,3.88,4.37,N,N,08/2021,Analyst
29-2061.00,1.A.1.b.4,Deductive Reasoning,IM,3.75,8,0.1637,3.4292,4.0708,N,,08/2021,Analyst
29-2061.00,1.A.1.b.4,Deductive Reasoning,LV,4.0,8,0.0,4.0,4.0,N,N,08/2021,Analyst
29-2061.00,1.A.1.b.5,Inductive Reasoning,IM,3.75,8,0.1637,3.4292,4.0708,N,,08/2021,Analyst
29-2061.00,1.A.1.b.5,Inductive Reasoning,LV,3.75,8,0.1637,3.4292,4.0708,N,N,08/2021,Analyst
29-2061.00,1.A.1.b.6,Information Ordering,IM,3.25,8,0.1637,2.9292,3.5708,N,,08/2021,Analyst
29-2061.00,1.A.1.b.6,Information Ordering,LV,3.62,8,0.183,3.2664,3.9836,N,N,08/2021,Analyst
29-2061.00,1.A.1.b.7,Category Flexibility,IM,3.12,8,0.125,2.88,3.37,N,,08/2021,Analyst
29-2061.00,1.A.1.b.7,Category Flexibility,LV,3.12,8,0.125,2.88,3.37,N,N,08/2021,Analyst
29-2061.00,1.A.1.c.1,Mathematical Reasoning,IM,2.75,8,0.1637,2.4292,3.0708,N,,08/2021,Analyst
29-2061.00,1.A.1.c.1,Mathematical Reasoning,LV,2.38,8,0.183,2.0164,2.7336,N,N,08/2021,Analyst
29-2061.00,1.A.1.c.2,Number Facility,IM,2.88,8,0.125,2.63,3.12,N,,08/2021,Analyst
29-2061.00,1.A.1.c.2,Number Facility,LV,2.88,8,0.125,2.63,3.12,N,N,08/2021,Analyst
29-2061.00,1.A.1.d.1,Memorization,IM,3.0,8,0.0,3.0,3.0,N,,08/2021,Analyst
29-2061.00,1.A.1.d.1,Memorization,LV,2.75,8,0.1637,2.4292,3.0708,N,N,08/2021,Analyst
29-2061.00,1.A.1.e.1,Speed of Closure,IM,2.88,8,0.125,2.63,3.12,N,,08/2021,Analyst
29-2061.00,1.A.1.e.1,Speed of Closure,LV,2.88,8,0.125,2.63,3.12,N,N,08/2021,Analyst
29-2061.00,1.A.1.e.2,Flexibility of Closure,IM,3.0,8,0.0,3.0,3.0,N,,08/2021,Analyst
29-2061.00,1.A.1.e.2,Flexibility of Closure,LV,3.0,8,0.0,3.0,3.0,N,N,08/2021,Analyst
29-2061.00,1.A.1.e.3,Perceptual Speed,IM,2.88,8,0.125,2.63,3.12,N,,08/2021,Analyst
29-2061.00,1.A.1.e.3,Perceptual Speed,LV,3.0,8,0.0,3.0,3.0,N,N,08/2021,Analyst
29-2061.00,1.A.1.f.1,Spatial Orientation,IM,1.12,8,0.125,1.0,1.37,N,,08/2021,Analyst
29-2061.00,1.A.1.f.1,Spatial Orientation,LV,0.12,8,0.125,0.0,0.37,N,Y,08/2021,Analyst
29-2061.00,1.A.1.f.2,Visualization,IM,2.62,8,0.183,2.2664,2.9836,N,,08/2021,Analyst
29-2061.00,1.A.1.f.2,Visualization,LV,2.88,8,0.2266,2.4309,3.3191,N,N,08/2021,Analyst
29-2061.00,1.A.1.g.1,Selective Attention,IM,3.0,8,0.0,3.0,3.0,N,,08/2021,Analyst
29-2061.00,1.A.1.g.1,Selective Attention,LV,3.0,8,0.0,3.0,3.0,N,N,08/2021,Analyst
29-2061.00,1.A.1.g.2,Time Sharing,IM,3.0,8,0.0,3.0,3.0,N,,08/2021,Analyst
29-2061.00,1.A.1.g.2,Time Sharing,LV,3.0,8,0.0,3.0,3.0,N,N,08/2021,Analyst
29-2061.00,1.A.2.a.1,Arm-Hand Steadiness,IM,3.0,8,0.0,3.0,3.0,N,,08/2021,Analyst
29-2061.00,1.A.2.a.1,Arm-Hand Steadiness,LV,3.0,8,0.0,3.0,3.0,N,N,08/2021,Analyst
29-2061.00,1.A.2.a.2,Manual Dexterity,IM,3.0,8,0.0,3.0,3.0,N,,08/2021,Analyst
29-2061.00,1.A.2.a.2,Manual Dexterity,LV,3.0,8,0.0,3.0,3.0,N,N,08/2021,Analyst
29-2061.00,1.A.2.a.3,Finger Dexterity,IM,3.0,8,0.0,3.0,3.0,N,,08/2021,Analyst
29-2061.00,1.A.2.a.3,Finger Dexterity,LV,3.0,8,0.0,3.0,3.0,N,N,08/2021,Analyst
29-2061.00,1.A.2.b.1,Control Precision,IM,2.88,8,0.125,2.63,3.12,N,,08/2021,Analyst
29-2061.00,1.A.2.b.1,Control Precision,LV,3.0,8,0.0,3.0,3.0,N,N,08/2021,Analyst
29-2061.00,1.A.2.b.2,Multilimb Coordination,IM,2.88,8,0.125,2.63,3.12,N,,08/2021,Analyst
29-2061.00,1.A.2.b.2,Multilimb Coordination,LV,3.0,8,0.0,3.0,3.0,N,N,08/2021,Analyst
29-2061.00,1.A.2.b.3,Response Orientation,IM,2.38,8,0.183,2.0164,2.7336,N,,08/2021,Analyst
29-2061.00,1.A.2.b.3,Response Orientation,LV,2.12,8,0.125,1.88,2.37,N,N,08/2021,Analyst
29-2061.00,1.A.2.b.4,Rate Control,IM,1.88,8,0.125,1.63,2.12,N,,08/2021,Analyst
29-2061.00,1.A.2.b.4,Rate Control,LV,1.12,8,0.2266,0.6809,1.5691,N,N,08/2021,Analyst
29-2061.00,1.A.2.c.1,Reaction Time,IM,2.25,8,0.1637,1.9292,2.5708,N,,08/2021,Analyst
29-2061.00,1.A.2.c.1,Reaction Time,LV,2.0,8,0.0,2.0,2.0,N,N,08/2021,Analyst
29-2061.00,1.A.2.c.2,Wrist-Finger Speed,IM,2.12,8,0.125,1.88,2.37,N,,08/2021,Analyst
29-2061.00,1.A.2.c.2,Wrist-Finger Speed,LV,1.88,8,0.125,1.63,2.12,N,N,08/2021,Analyst
29-2061.00,1.A.2.c.3,Speed of Limb Movement,IM,1.88,8,0.125,1.63,2.12,N,,08/2021,Analyst
29-2061.00,1.A.2.c.3,Speed of Limb Movement,LV,1.62,8,0.2631,1.1094,2.1406,N,N,08/2021,Analyst
29-2061.00,1.A.3.a.1,Static Strength,IM,3.12,8,0.125,2.88,3.37,N,,08/2021,Analyst
29-2061.00,1.A.3.a.1,Static Strength,LV,3.0,8,0.0,3.0,3.0,N,N,08/2021,Analyst
29-2061.00,1.A.3.a.2,Explosive Strength,IM,2.0,8,0.189,1.6296,2.3704,N,,08/2021,Analyst
29-2061.00,1.A.3.a.2,Explosive Strength,LV,2.0,8,0.3273,1.3584,2.6416,N,N,08/2021,Analyst
29-2061.00,1.A.3.a.3,Dynamic Strength,IM,2.12,8,0.125,1.88,2.37,N,,08/2021,Analyst
29-2061.00,1.A.3.a.3,Dynamic Strength,LV,2.0,8,0.189,1.6296,2.3704,N,N,08/2021,Analyst
29-2061.00,1.A.3.a.4,Trunk Strength,IM,3.12,8,0.125,2.88,3.37,N,,08/2021,Analyst
29-2061.00,1.A.3.a.4,Trunk Strength,LV,3.12,8,0.125,2.88,3.37,N,N,08/2021,Analyst
29-2061.00,1.A.3.b.1,Stamina,IM,2.88,8,0.125,2.63,3.12,N,,08/2021,Analyst
29-2061.00,1.A.3.b.1,Stamina,LV,2.75,8,0.1637,2.4292,3.0708,N,N,08/2021,Analyst
29-2061.00,1.A.3.c.1,Extent Flexibility,IM,2.88,8,0.125,2.63,3.12,N,,08/2021,Analyst
29-2061.00,1.A.3.c.1,Extent Flexibility,LV,3.0,8,0.189,2.6296,3.3704,N,N,08/2021,Analyst
29-2061.00,1.A.3.c.2,Dynamic Flexibility,IM,1.0,8,0.0,1.0,1.0,N,,08/2021,Analyst
29-2061.00,1.A.3.c.2,Dynamic Flexibility,LV,0.0,8,0.0,0.0,0.0,N,Y,08/2021,Analyst
29-2061.00,1.A.3.c.3,Gross Body Coordination,IM,2.62,8,0.183,2.2664,2.9836,N,,08/2021,Analyst
29-2061.00,1.A.3.c.3,Gross Body Coordination,LV,2.62,8,0.183,2.2664,2.9836,N,N,08/2021,Analyst
29-2061.00,1.A.3.c.4,Gross Body Equilibrium,IM,2.38,8,0.183,2.0164,2.7336,N,,08/2021,Analyst
29-2061.00,1.A.3.c.4,Gross Body Equilibrium,LV,2.0,8,0.189,1.6296,2.3704,N,N,08/2021,Analyst
29-2061.00,1.A.4.a.1,Near Vision,IM,3.75,8,0.1637,3.4292,4.0708,N,,08/2021,Analyst
29-2061.00,1.A.4.a.1,Near Vision,LV,3.88,8,0.125,3.63,4.12,N,N,08/2021,Analyst
29-2061.00,1.A.4.a.2,Far Vision,IM,2.88,8,0.125,2.63,3.12,N,,08/2021,Analyst
29-2061.00,1.A.4.a.2,Far Vision,LV,3.0,8,0.0,3.0,3.0,N,N,08/2021,Analyst
29-2061.00,1.A.4.a.3,Visual Color Discrimination,IM,2.75,8,0.1637,2.4292,3.0708,N,,08/2021,Analyst
29-2061.00,1.A.4.a.3,Visual Color Discrimination,LV,2.88,8,0.125,2.63,3.12,N,N,08/2021,Analyst
29-2061.00,1.A.4.a.4,Night Vision,IM,1.0,8,0.0,1.0,1.0,N,,08/2021,Analyst
29-2061.00,1.A.4.a.4,Night Vision,LV,0.0,8,0.0,0.0,0.0,N,Y,08/2021,Analyst
29-2061.00,1.A.4.a.5,Peripheral Vision,IM,1.12,8,0.125,1.0,1.37,N,,08/2021,Analyst
29-2061.00,1.A.4.a.5,Peripheral Vision,LV,0.12,8,0.125,0.0,0.37,N,Y,08/2021,Analyst
29-2061.00,1.A.4.a.6,Depth Perception,IM,2.12,8,0.125,1.88,2.37,N,,08/2021,Analyst
29-2061.00,1.A.4.a.6,Depth Perception,LV,2.0,8,0.0,2.0,2.0,N,N,08/2021,Analyst
29-2061.00,1.A.4.a.7,Glare Sensitivity,IM,1.0,8,0.0,1.0,1.0,N,,08/2021,Analyst
29-2061.00,1.A.4.a.7,Glare Sensitivity,LV,0.0,8,0.0,0.0,0.0,N,Y,08/2021,Analyst
29-2061.00,1.A.4.b.1,Hearing Sensitivity,IM,2.5,8,0.189,2.1296,2.8704,N,,08/2021,Analyst
29-2061.00,1.A.4.b.1,Hearing Sensitivity,LV,2.5,8,0.189,2.1296,2.8704,N,N,08/2021,Analyst
29-2061.00,1.A.4.b.2,Auditory Attention,IM,2.75,8,0.1637,2.4292,3.0708,N,,08/2021,Analyst
29-2061.00,1.A.4.b.2,Auditory Attention,LV,2.75,8,0.1637,2.4292,3.0708,N,N,08/2021,Analyst
29-2061.00,1.A.4.b.3,Sound Localization,IM,1.0,8,0.0,1.0,1.0,N,,08/2021,Analyst
29-2061.00,1.A.4.b.3,Sound Localization,LV,0.0,8,0.0,0.0,0.0,N,Y,08/2021,Analyst
29-2061.00,1.A.4.b.4,Speech Recognition,IM,3.75,8,0.1637,3.4292,4.0708,N,,08/2021,Analyst
29-2061.00,1.A.4.b.4,Speech Recognition,LV,3.62,8,0.183,3.2664,3.9836,N,N,08/2021,Analyst
29-2061.00,1.A.4.b.5,Speech Clarity,IM,3.88,8,0.125,3.63,4.12,N,,08/2021,Analyst
29-2061.00,1.A.4.b.5,Speech Clarity,LV,3.5,8,0.189,3.1296,3.8704,N,N,08/2021,Analyst
29-2081.00,1.A.1.a.1,Oral Comprehension,IM,4.0,8,0.0,4.0,4.0,N,,08/2022,Analyst
29-2081.00,1.A.1.a.1,Oral Comprehension,LV,3.88,8,0.125,3.63,4.12,N,N,08/2022,Analyst
29-2081.00,1.A.1.a.2,Written Comprehension,IM,3.75,8,0.1637,3.4292,4.0708,N,,08/2022,Analyst
29-2081.00,1.A.1.a.2,Written Comprehension,LV,3.62,8,0.183,3.2664,3.9836,N,N,08/2022,Analyst
29-2081.00,1.A.1.a.3,Oral Expression,IM,4.0,8,0.0,4.0,4.0,N,,08/2022,Analyst
29-2081.00,1.A.1.a.3,Oral Expression,LV,4.0,8,0.0,4.0,4.0,N,N,08/2022,Analyst
29-2081.00,1.A.1.a.4,Written Expression,IM,3.62,8,0.183,3.2664,3.9836,N,,08/2022,Analyst
29-2081.00,1.A.1.a.4,Written Expression,LV,3.5,8,0.189,3.1296,3.8704,N,N,08/2022,Analyst
29-2081.00,1.A.1.b.1,Fluency of Ideas,IM,2.88,8,0.125,2.63,3.12,N,,08/2022,Analyst
29-2081.00,1.A.1.b.1,Fluency of Ideas,LV,2.88,8,0.125,2.63,3.12,N,N,08/2022,Analyst
29-2081.00,1.A.1.b.2,Originality,IM,2.88,8,0.125,2.63,3.12,N,,08/2022,Analyst
29-2081.00,1.A.1.b.2,Originality,LV,3.0,8,0.0,3.0,3.0,N,N,08/2022,Analyst
29-2081.00,1.A.1.b.3,Problem Sensitivity,IM,3.62,8,0.183,3.2664,3.9836,N,,08/2022,Analyst
29-2081.00,1.A.1.b.3,Problem Sensitivity,LV,3.0,8,0.0,3.0,3.0,N,N,08/2022,Analyst
29-2081.00,1.A.1.b.4,Deductive Reasoning,IM,3.62,8,0.183,3.2664,3.9836,N,,08/2022,Analyst
29-2081.00,1.A.1.b.4,Deductive Reasoning,LV,3.0,8,0.0,3.0,3.0,N,N,08/2022,Analyst
29-2081.00,1.A.1.b.5,Inductive Reasoning,IM,3.0,8,0.0,3.0,3.0,N,,08/2022,Analyst
29-2081.00,1.A.1.b.5,Inductive Reasoning,LV,3.0,8,0.0,3.0,3.0,N,N,08/2022,Analyst
29-2081.00,1.A.1.b.6,Information Ordering,IM,3.38,8,0.183,3.0164,3.7336,N,,08/2022,Analyst
29-2081.00,1.A.1.b.6,Information Ordering,LV,3.0,8,0.0,3.0,3.0,N,N,08/2022,Analyst
29-2081.00,1.A.1.b.7,Category Flexibility,IM,3.12,8,0.125,2.88,3.37,N,,08/2022,Analyst
29-2081.00,1.A.1.b.7,Category Flexibility,LV,3.12,8,0.125,2.88,3.37,N,N,08/2022,Analyst
29-2081.00,1.A.1.c.1,Mathematical Reasoning,IM,2.88,8,0.125,2.63,3.12,N,,08/2022,Analyst
29-2081.00,1.A.1.c.1,Mathematical Reasoning,LV,2.75,8,0.1637,2.4292,3.0708,N,N,08/2022,Analyst
29-2081.00,1.A.1.c.2,Number Facility,IM,2.88,8,0.125,2.63,3.12,N,,08/2022,Analyst
29-2081.00,1.A.1.c.2,Number Facility,LV,3.0,8,0.0,3.0,3.0,N,N,08/2022,Analyst
29-2081.00,1.A.1.d.1,Memorization,IM,2.25,8,0.1637,1.9292,2.5708,N,,08/2022,Analyst
29-2081.00,1.A.1.d.1,Memorization,LV,2.25,8,0.1637,1.9292,2.5708,N,N,08/2022,Analyst
29-2081.00,1.A.1.e.1,Speed of Closure,IM,2.75,8,0.1637,2.4292,3.0708,N,,08/2022,Analyst
29-2081.00,1.A.1.e.1,Speed of Closure,LV,2.5,8,0.189,2.1296,2.8704,N,N,08/2022,Analyst
29-2081.00,1.A.1.e.2,Flexibility of Closure,IM,2.75,8,0.1637,2.4292,3.0708,N,,08/2022,Analyst
29-2081.00,1.A.1.e.2,Flexibility of Closure,LV,2.75,8,0.1637,2.4292,3.0708,N,N,08/2022,Analyst
29-2081.00,1.A.1.e.3,Perceptual Speed,IM,3.0,8,0.189,2.6296,3.3704,N,,08/2022,Analyst
29-2081.00,1.A.1.e.3,Perceptual Speed,LV,2.88,8,0.125,2.63,3.12,N,N,08/2022,Analyst
29-2081.00,1.A.1.f.1,Spatial Orientation,IM,1.0,8,0.0,1.0,1.0,N,,08/2022,Analyst
29-2081.00,1.A.1.f.1,Spatial Orientation,LV,0.0,8,0.0,0.0,0.0,N,Y,08/2022,Analyst
29-2081.00,1.A.1.f.2,Visualization,IM,2.88,8,0.125,2.63,3.12,N,,08/2022,Analyst
29-2081.00,1.A.1.f.2,Visualization,LV,2.88,8,0.125,2.63,3.12,N,N,08/2022,Analyst
29-2081.00,1.A.1.g.1,Selective Attention,IM,3.0,8,0.0,3.0,3.0,N,,08/2022,Analyst
29-2081.00,1.A.1.g.1,Selective Attention,LV,2.88,8,0.125,2.63,3.12,N,N,08/2022,Analyst
29-2081.00,1.A.1.g.2,Time Sharing,IM,3.0,8,0.0,3.0,3.0,N,,08/2022,Analyst
29-2081.00,1.A.1.g.2,Time Sharing,LV,2.62,8,0.183,2.2664,2.9836,N,N,08/2022,Analyst
29-2081.00,1.A.2.a.1,Arm-Hand Steadiness,IM,3.12,8,0.125,2.88,3.37,N,,08/2022,Analyst
29-2081.00,1.A.2.a.1,Arm-Hand Steadiness,LV,3.0,8,0.189,2.6296,3.3704,N,N,08/2022,Analyst
29-2081.00,1.A.2.a.2,Manual Dexterity,IM,3.0,8,0.0,3.0,3.0,N,,08/2022,Analyst
29-2081.00,1.A.2.a.2,Manual Dexterity,LV,2.88,8,0.125,2.63,3.12,N,N,08/2022,Analyst
29-2081.00,1.A.2.a.3,Finger Dexterity,IM,3.38,8,0.183,3.0164,3.7336,N,,08/2022,Analyst
29-2081.00,1.A.2.a.3,Finger Dexterity,LV,3.12,8,0.125,2.88,3.37,N,N,08/2022,Analyst
29-2081.00,1.A.2.b.1,Control Precision,IM,3.0,8,0.0,3.0,3.0,N,,08/2022,Analyst
29-2081.00,1.A.2.b.1,Control Precision,LV,2.88,8,0.125,2.63,3.12,N,N,08/2022,Analyst
29-2081.00,1.A.2.b.2,Multilimb Coordination,IM,2.62,8,0.183,2.2664,2.9836,N,,08/2022,Analyst
29-2081.00,1.A.2.b.2,Multilimb Coordination,LV,2.62,8,0.183,2.2664,2.9836,N,N,08/2022,Analyst
29-2081.00,1.A.2.b.3,Response Orientation,IM,1.88,8,0.2266,1.4309,2.3191,N,,08/2022,Analyst
29-2081.00,1.A.2.b.3,Response Orientation,LV,1.0,8,0.3273,0.3584,1.6416,N,N,08/2022,Analyst
29-2081.00,1.A.2.b.4,Rate Control,IM,1.88,8,0.125,1.63,2.12,N,,08/2022,Analyst
29-2081.00,1.A.2.b.4,Rate Control,LV,1.0,8,0.189,0.6296,1.3704,N,N,08/2022,Analyst
29-2081.00,1.A.2.c.1,Reaction Time,IM,1.88,8,0.125,1.63,2.12,N,,08/2022,Analyst
29-2081.00,1.A.2.c.1,Reaction Time,LV,1.38,8,0.2631,0.8594,1.8906,N,N,08/2022,Analyst
29-2081.00,1.A.2.c.2,Wrist-Finger Speed,IM,2.25,8,0.1637,1.9292,2.5708,N,,08/2022,Analyst
29-2081.00,1.A.2.c.2,Wrist-Finger Speed,LV,2.0,8,0.0,2.0,2.0,N,N,08/2022,Analyst
29-2081.00,1.A.2.c.3,Speed of Limb Movement,IM,1.0,8,0.0,1.0,1.0,N,,08/2022,Analyst
29-2081.00,1.A.2.c.3,Speed of Limb Movement,LV,0.0,8,0.0,0.0,0.0,N,Y,08/2022,Analyst
29-2081.00,1.A.3.a.1,Static Strength,IM,1.88,8,0.125,1.63,2.12,N,,08/2022,Analyst
29-2081.00,1.A.3.a.1,Static Strength,LV,0.88,8,0.125,0.63,1.12,N,N,08/2022,Analyst
29-2081.00,1.A.3.a.2,Explosive Strength,IM,1.38,8,0.183,1.0164,1.7336,N,,08/2022,Analyst
29-2081.00,1.A.3.a.2,Explosive Strength,LV,0.38,8,0.183,0.0164,0.7336,N,N,08/2022,Analyst
29-2081.00,1.A.3.a.3,Dynamic Strength,IM,1.75,8,0.1637,1.4292,2.0708,N,,08/2022,Analyst
29-2081.00,1.A.3.a.3,Dynamic Strength,LV,0.75,8,0.1637,0.4292,1.0708,N,N,08/2022,Analyst
29-2081.00,1.A.3.a.4,Trunk Strength,IM,2.25,8,0.1637,1.9292,2.5708,N,,08/2022,Analyst
29-2081.00,1.A.3.a.4,Trunk Strength,LV,2.0,8,0.0,2.0,2.0,N,N,08/2022,Analyst
29-2081.00,1.A.3.b.1,Stamina,IM,1.0,8,0.0,1.0,1.0,N,,08/2022,Analyst
29-2081.00,1.A.3.b.1,Stamina,LV,0.0,8,0.0,0.0,0.0,N,Y,08/2022,Analyst
29-2081.00,1.A.3.c.1,Extent Flexibility,IM,1.62,8,0.183,1.2664,1.9836,N,,08/2022,Analyst
29-2081.00,1.A.3.c.1,Extent Flexibility,LV,0.88,8,0.295,0.2967,1.4533,N,N,08/2022,Analyst
29-2081.00,1.A.3.c.2,Dynamic Flexibility,IM,1.0,8,0.0,1.0,1.0,N,,08/2022,Analyst
29-2081.00,1.A.3.c.2,Dynamic Flexibility,LV,0.0,8,0.0,0.0,0.0,N,Y,08/2022,Analyst
29-2081.00,1.A.3.c.3,Gross Body Coordination,IM,1.0,8,0.0,1.0,1.0,N,,08/2022,Analyst
29-2081.00,1.A.3.c.3,Gross Body Coordination,LV,0.0,8,0.0,0.0,0.0,N,Y,08/2022,Analyst
29-2081.00,1.A.3.c.4,Gross Body Equilibrium,IM,1.0,8,0.0,1.0,1.0,N,,08/2022,Analyst
29-2081.00,1.A.3.c.4,Gross Body Equilibrium,LV,0.0,8,0.0,0.0,0.0,N,Y,08/2022,Analyst
29-2081.00,1.A.4.a.1,Near Vision,IM,3.88,8,0.125,3.63,4.12,N,,08/2022,Analyst
29-2081.00,1.A.4.a.1,Near Vision,LV,4.0,8,0.0,4.0,4.0,N,N,08/2022,Analyst
29-2081.00,1.A.4.a.2,Far Vision,IM,2.88,8,0.125,2.63,3.12,N,,08/2022,Analyst
29-2081.00,1.A.4.a.2,Far Vision,LV,3.0,8,0.189,2.6296,3.3704,N,N,08/2022,Analyst
29-2081.00,1.A.4.a.3,Visual Color Discrimination,IM,3.0,8,0.0,3.0,3.0,N,,08/2022,Analyst
29-2081.00,1.A.4.a.3,Visual Color Discrimination,LV,3.12,8,0.125,2.88,3.37,N,N,08/2022,Analyst
29-2081.00,1.A.4.a.4,Night Vision,IM,1.0,8,0.0,1.0,1.0,N,,08/2022,Analyst
29-2081.00,1.A.4.a.4,Night Vision,LV,0.0,8,0.0,0.0,0.0,N,Y,08/2022,Analyst
29-2081.00,1.A.4.a.5,Peripheral Vision,IM,1.0,8,0.0,1.0,1.0,N,,08/2022,Analyst
29-2081.00,1.A.4.a.5,Peripheral Vision,LV,0.0,8,0.0,0.0,0.0,N,Y,08/2022,Analyst
29-2081.00,1.A.4.a.6,Depth Perception,IM,2.5,8,0.189,2.1296,2.8704,N,,08/2022,Analyst
29-2081.00,1.A.4.a.6,Depth Perception,LV,2.12,8,0.125,1.88,2.37,N,N,08/2022,Analyst
29-2081.00,1.A.4.a.7,Glare Sensitivity,IM,1.0,8,0.0,1.0,1.0,N,,08/2022,Analyst
29-2081.00,1.A.4.a.7,Glare Sensitivity,LV,0.0,8,0.0,0.0,0.0,N,Y,08/2022,Analyst
29-2081.00,1.A.4.b.1,Hearing Sensitivity,IM,1.88,8,0.125,1.63,2.12,N,,08/2022,Analyst
29-2081.00,1.A.4.b.1,Hearing Sensitivity,LV,1.25,8,0.25,0.76,1.74,N,N,08/2022,Analyst
29-2081.00,1.A.4.b.2,Auditory Attention,IM,2.12,8,0.125,1.88,2.37,N,,08/2022,Analyst
29-2081.00,1.A.4.b.2,Auditory Attention,LV,1.88,8,0.125,1.63,2.12,N,N,08/2022,Analyst
29-2081.00,1.A.4.b.3,Sound Localization,IM,1.0,8,0.0,1.0,1.0,N,,08/2022,Analyst
29-2081.00,1.A.4.b.3,Sound Localization,LV,0.0,8,0.0,0.0,0.0,N,Y,08/2022,Analyst
29-2081.00,1.A.4.b.4,Speech Recognition,IM,3.75,8,0.1637,3.4292,4.0708,N,,08/2022,Analyst
29-2081.00,1.A.4.b.4,Speech Recognition,LV,3.5,8,0.189,3.1296,3.8704,N,N,08/2022,Analyst
29-2081.00,1.A.4.b.5,Speech Clarity,IM,3.75,8,0.1637,3.4292,4.0708,N,,08/2022,Analyst
29-2081.00,1.A.4.b.5,Speech Clarity,LV,3.12,8,0.125,2.88,3.37,N,N,08/2022,Analyst
29-2091.00,1.A.1.a.1,Oral Comprehension,IM,4.0,8,0.0,4.0,4.0,N,,08/2024,Analyst
29-2091.00,1.A.1.a.1,Oral Comprehension,LV,4.88,8,0.125,4.63,5.12,N,N,08/2024,Analyst
29-2091.00,1.A.1.a.2,Written Comprehension,IM,4.0,8,0.0,4.0,4.0,N,,08/2024,Analyst
29-2091.00,1.A.1.a.2,Written Comprehension,LV,4.25,8,0.1637,3.9292,4.5708,N,N,08/2024,Analyst
29-2091.00,1.A.1.a.3,Oral Expression,IM,4.0,8,0.0,4.0,4.0,N,,08/2024,Analyst
29-2091.00,1.A.1.a.3,Oral Expression,LV,4.88,8,0.125,4.63,5.12,N,N,08/2024,Analyst
29-2091.00,1.A.1.a.4,Written Expression,IM,3.88,8,0.125,3.63,4.12,N,,08/2024,Analyst
29-2091.00,1.A.1.a.4,Written Expression,LV,4.38,8,0.183,4.0164,4.7336,N,N,08/2024,Analyst
29-2091.00,1.A.1.b.1,Fluency of Ideas,IM,3.25,8,0.1637,2.9292,3.5708,N,,08/2024,Analyst
29-2091.00,1.A.1.b.1,Fluency of Ideas,LV,3.62,8,0.183,3.2664,3.9836,N,N,08/2024,Analyst
29-2091.00,1.A.1.b.2,Originality,IM,3.12,8,0.125,2.88,3.37,N,,08/2024,Analyst
29-2091.00,1.A.1.b.2,Originality,LV,3.62,8,0.183,3.2664,3.9836,N,N,08/2024,Analyst
29-2091.00,1.A.1.b.3,Problem Sensitivity,IM,4.0,8,0.0,4.0,4.0,N,,08/2024,Analyst
29-2091.00,1.A.1.b.3,Problem Sensitivity,LV,4.12,8,0.125,3.88,4.37,N,N,08/2024,Analyst
29-2091.00,1.A.1.b.4,Deductive Reasoning,IM,4.0,8,0.0,4.0,4.0,N,,08/2024,Analyst
29-2091.00,1.A.1.b.4,Deductive Reasoning,LV,4.38,8,0.183,4.0164,4.7336,N,N,08/2024,Analyst
29-2091.00,1.A.1.b.5,Inductive Reasoning,IM,4.0,8,0.0,4.0,4.0,N,,08/2024,Analyst
29-2091.00,1.A.1.b.5,Inductive Reasoning,LV,4.25,8,0.1637,3.9292,4.5708,N,N,08/2024,Analyst
29-2091.00,1.A.1.b.6,Information Ordering,IM,3.75,8,0.1637,3.4292,4.0708,N,,08/2024,Analyst
29-2091.00,1.A.1.b.6,Information Ordering,LV,4.12,8,0.125,3.88,4.37,N,N,08/2024,Analyst
29-2091.00,1.A.1.b.7,Category Flexibility,IM,3.38,8,0.183,3.0164,3.7336,N,,08/2024,Analyst
29-2091.00,1.A.1.b.7,Category Flexibility,LV,4.12,8,0.125,3.88,4.37,N,N,08/2024,Analyst
29-2091.00,1.A.1.c.1,Mathematical Reasoning,IM,2.88,8,0.125,2.63,3.12,N,,08/2024,Analyst
29-2091.00,1.A.1.c.1,Mathematical Reasoning,LV,3.0,8,0.0,3.0,3.0,N,N,08/2024,Analyst
29-2091.00,1.A.1.c.2,Number Facility,IM,2.38,8,0.183,2.0164,2.7336,N,,08/2024,Analyst
29-2091.00,1.A.1.c.2,Number Facility,LV,2.5,8,0.189,2.1296,2.8704,N,N,08/2024,Analyst
29-2091.00,1.A.1.d.1,Memorization,IM,2.12,8,0.125,1.88,2.37,N,,08/2024,Analyst
29-2091.00,1.A.1.d.1,Memorization,LV,2.0,8,0.0,2.0,2.0,N,N,08/2024,Analyst
29-2091.00,1.A.1.e.1,Speed of Closure,IM,2.38,8,0.183,2.0164,2.7336,N,,08/2024,Analyst
29-2091.00,1.A.1.e.1,Speed of Closure,LV,2.5,8,0.189,2.1296,2.8704,N,N,08/2024,Analyst
29-2091.00,1.A.1.e.2,Flexibility of Closure,IM,2.88,8,0.125,2.63,3.12,N,,08/2024,Analyst
29-2091.00,1.A.1.e.2,Flexibility of Closure,LV,2.75,8,0.1637,2.4292,3.0708,N,N,08/2024,Analyst
29-2091.00,1.A.1.e.3,Perceptual Speed,IM,2.75,8,0.1637,2.4292,3.0708,N,,08/2024,Analyst
29-2091.00,1.A.1.e.3,Perceptual Speed,LV,2.75,8,0.1637,2.4292,3.0708,N,N,08/2024,Analyst
29-2091.00,1.A.1.f.1,Spatial Orientation,IM,1.5,8,0.189,1.1296,1.8704,N,,08/2024,Analyst
29-2091.00,1.A.1.f.1,Spatial Orientation,LV,0.75,8,0.3134,0.1358,1.3642,N,N,08/2024,Analyst
29-2091.00,1.A.1.f.2,Visualization,IM,3.88,8,0.125,3.63,4.12,N,,08/2024,Analyst
29-2091.00,1.A.1.f.2,Visualization,LV,4.0,8,0.189,3.6296,4.3704,N,N,08/2024,Analyst
29-2091.00,1.A.1.g.1,Selective Attention,IM,3.12,8,0.125,2.88,3.37,N,,08/2024,Analyst
29-2091.00,1.A.1.g.1,Selective Attention,LV,3.12,8,0.125,2.88,3.37,N,N,08/2024,Analyst
29-2091.00,1.A.1.g.2,Time Sharing,IM,2.75,8,0.1637,2.4292,3.0708,N,,08/2024,Analyst
29-2091.00,1.A.1.g.2,Time Sharing,LV,2.38,8,0.183,2.0164,2.7336,N,N,08/2024,Analyst
29-2091.00,1.A.2.a.1,Arm-Hand Steadiness,IM,3.0,8,0.0,3.0,3.0,N,,08/2024,Analyst
29-2091.00,1.A.2.a.1,Arm-Hand Steadiness,LV,3.25,8,0.1637,2.9292,3.5708,N,N,08/2024,Analyst
29-2091.00,1.A.2.a.2,Manual Dexterity,IM,3.0,8,0.0,3.0,3.0,N,,08/2024,Analyst
29-2091.00,1.A.2.a.2,Manual Dexterity,LV,3.0,8,0.0,3.0,3.0,N,N,08/2024,Analyst
29-2091.00,1.A.2.a.3,Finger Dexterity,IM,3.0,8,0.0,3.0,3.0,N,,08/2024,Analyst
29-2091.00,1.A.2.a.3,Finger Dexterity,LV,3.5,8,0.189,3.1296,3.8704,N,N,08/2024,Analyst
29-2091.00,1.A.2.b.1,Control Precision,IM,3.0,8,0.0,3.0,3.0,N,,08/2024,Analyst
29-2091.00,1.A.2.b.1,Control Precision,LV,3.0,8,0.0,3.0,3.0,N,N,08/2024,Analyst
29-2091.00,1.A.2.b.2,Multilimb Coordination,IM,2.88,8,0.125,2.63,3.12,N,,08/2024,Analyst
29-2091.00,1.A.2.b.2,Multilimb Coordination,LV,2.88,8,0.125,2.63,3.12,N,N,08/2024,Analyst
29-2091.00,1.A.2.b.3,Response Orientation,IM,1.75,8,0.1637,1.4292,2.0708,N,,08/2024,Analyst
29-2091.00,1.A.2.b.3,Response Orientation,LV,1.0,8,0.2673,0.4762,1.5238,N,N,08/2024,Analyst
29-2091.00,1.A.2.b.4,Rate Control,IM,1.75,8,0.1637,1.4292,2.0708,N,,08/2024,Analyst
29-2091.00,1.A.2.b.4,Rate Control,LV,0.88,8,0.2266,0.4309,1.3191,N,N,08/2024,Analyst
29-2091.00,1.A.2.c.1,Reaction Time,IM,2.0,8,0.0,2.0,2.0,N,,08/2024,Analyst
29-2091.00,1.A.2.c.1,Reaction Time,LV,2.0,8,0.0,2.0,2.0,N,N,08/2024,Analyst
29-2091.00,1.A.2.c.2,Wrist-Finger Speed,IM,2.0,8,0.189,1.6296,2.3704,N,,08/2024,Analyst
29-2091.00,1.A.2.c.2,Wrist-Finger Speed,LV,1.5,8,0.2673,0.9762,2.0238,N,N,08/2024,Analyst
29-2091.00,1.A.2.c.3,Speed of Limb Movement,IM,1.38,8,0.183,1.0164,1.7336,N,,08/2024,Analyst
29-2091.00,1.A.2.c.3,Speed of Limb Movement,LV,0.38,8,0.183,0.0164,0.7336,N,N,08/2024,Analyst
29-2091.00,1.A.3.a.1,Static Strength,IM,2.12,8,0.125,1.88,2.37,N,,08/2024,Analyst
29-2091.00,1.A.3.a.1,Static Strength,LV,2.12,8,0.125,1.88,2.37,N,N,08/2024,Analyst
29-2091.00,1.A.3.a.2,Explosive Strength,IM,1.75,8,0.1637,1.4292,2.0708,N,,08/2024,Analyst
29-2091.00,1.A.3.a.2,Explosive Strength,LV,1.0,8,0.2673,0.4762,1.5238,N,N,08/2024,Analyst
29-2091.00,1.A.3.a.3,Dynamic Strength,IM,2.0,8,0.189,1.6296,2.3704,N,,08/2024,Analyst
29-2091.00,1.A.3.a.3,Dynamic Strength,LV,1.88,8,0.295,1.2967,2.4533,N,N,08/2024,Analyst
29-2091.00,1.A.3.a.4,Trunk Strength,IM,2.25,8,0.1637,1.9292,2.5708,N,,08/2024,Analyst
29-2091.00,1.A.3.a.4,Trunk Strength,LV,2.12,8,0.125,1.88,2.37,N,N,08/2024,Analyst
29-2091.00,1.A.3.b.1,Stamina,IM,2.0,8,0.189,1.6296,2.3704,N,,08/2024,Analyst
29-2091.00,1.A.3.b.1,Stamina,LV,1.25,8,0.25,0.76,1.74,N,N,08/2024,Analyst
29-2091.00,1.A.3.c.1,Extent Flexibility,IM,2.12,8,0.2266,1.6809,2.5691,N,,08/2024,Analyst
29-2091.00,1.A.3.c.1,Extent Flexibility,LV,1.75,8,0.25,1.26,2.24,N,N,08/2024,Analyst
29-2091.00,1.A.3.c.2,Dynamic Flexibility,IM,1.0,8,0.0,1.0,1.0,N,,08/2024,Analyst
29-2091.00,1.A.3.c.2,Dynamic Flexibility,LV,0.0,8,0.0,0.0,0.0,N,Y,08/2024,Analyst
29-2091.00,1.A.3.c.3,Gross Body Coordination,IM,1.75,8,0.1637,1.4292,2.0708,N,,08/2024,Analyst
29-2091.00,1.A.3.c.3,Gross Body Coordination,LV,1.0,8,0.2673,0.4762,1.5238,N,N,08/2024,Analyst
29-2091.00,1.A.3.c.4,Gross Body Equilibrium,IM,1.75,8,0.1637,1.4292,2.0708,N,,08/2024,Analyst
29-2091.00,1.A.3.c.4,Gross Body Equilibrium,LV,0.88,8,0.2266,0.4309,1.3191,N,N,08/2024,Analyst
29-2091.00,1.A.4.a.1,Near Vision,IM,4.0,8,0.0,4.0,4.0,N,,08/2024,Analyst
29-2091.00,1.A.4.a.1,Near Vision,LV,4.0,8,0.0,4.0,4.0,N,N,08/2024,Analyst
29-2091.00,1.A.4.a.2,Far Vision,IM,3.0,8,0.189,2.6296,3.3704,N,,08/2024,Analyst
29-2091.00,1.A.4.a.2,Far Vision,LV,2.88,8,0.125,2.63,3.12,N,N,08/2024,Analyst
29-2091.00,1.A.4.a.3,Visual Color Discrimination,IM,2.62,8,0.183,2.2664,2.9836,N,,08/2024,Analyst
29-2091.00,1.A.4.a.3,Visual Color Discrimination,LV,2.75,8,0.1637,2.4292,3.0708,N,N,08/2024,Analyst
29-2091.00,1.A.4.a.4,Night Vision,IM,1.38,8,0.183,1.0164,1.7336,N,,08/2024,Analyst
29-2091.00,1.A.4.a.4,Night Vision,LV,0.5,8,0.2673,0.0,1.0238,N,N,08/2024,Analyst
29-2091.00,1.A.4.a.5,Peripheral Vision,IM,1.38,8,0.183,1.0164,1.7336,N,,08/2024,Analyst
29-2091.00,1.A.4.a.5,Peripheral Vision,LV,0.38,8,0.183,0.0164,0.7336,N,N,08/2024,Analyst
29-2091.00,1.A.4.a.6,Depth Perception,IM,2.25,8,0.1637,1.9292,2.5708,N,,08/2024,Analyst
29-2091.00,1.A.4.a.6,Depth Perception,LV,2.0,8,0.0,2.0,2.0,N,N,08/2024,Analyst
29-2091.00,1.A.4.a.7,Glare Sensitivity,IM,1.38,8,0.183,1.0164,1.7336,N,,08/2024,Analyst
29-2091.00,1.A.4.a.7,Glare Sensitivity,LV,0.5,8,0.2673,0.0,1.0238,N,N,08/2024,Analyst
29-2091.00,1.A.4.b.1,Hearing Sensitivity,IM,1.88,8,0.2266,1.4309,2.3191,N,,08/2024,Analyst
29-2091.00,1.A.4.b.1,Hearing Sensitivity,LV,1.38,8,0.3239,0.7402,2.0098,N,N,08/2024,Analyst
29-2091.00,1.A.4.b.2,Auditory Attention,IM,2.12,8,0.125,1.88,2.37,N,,08/2024,Analyst
29-2091.00,1.A.4.b.2,Auditory Attention,LV,2.12,8,0.125,1.88,2.37,N,N,08/2024,Analyst
29-2091.00,1.A.4.b.3,Sound Localization,IM,1.38,8,0.183,1.0164,1.7336,N,,08/2024,Analyst
29-2091.00,1.A.4.b.3,Sound Localization,LV,0.38,8,0.183,0.0164,0.7336,N,N,08/2024,Analyst
29-2091.00,1.A.4.b.4,Speech Recognition,IM,3.62,8,0.183,3.2664,3.9836,N,,08/2024,Analyst
29-2091.00,1.A.4.b.4,Speech Recognition,LV,3.75,8,0.1637,3.4292,4.0708,N,N,08/2024,Analyst
29-2091.00,1.A.4.b.5,Speech Clarity,IM,3.62,8,0.183,3.2664,3.9836,N,,08/2024,Analyst
29-2091.00,1.A.4.b.5,Speech Clarity,LV,3.62,8,0.183,3.2664,3.9836,N,N,08/2024,Analyst
29-2092.00,1.A.1.a.1,Oral Comprehension,IM,4.0,8,0.0,4.0,4.0,N,,08/2020,Analyst
29-2092.00,1.A.1.a.1,Oral Comprehension,LV,3.88,8,0.125,3.63,4.12,N,N,08/2020,Analyst
29-2092.00,1.A.1.a.2,Written Comprehension,IM,3.5,8,0.189,3.1296,3.8704,N,,08/2020,Analyst
29-2092.00,1.A.1.a.2,Written Comprehension,LV,3.5,8,0.189,3.1296,3.8704,N,N,08/2020,Analyst
29-2092.00,1.A.1.a.3,Oral Expression,IM,4.0,8,0.0,4.0,4.0,N,,08/2020,Analyst
29-2092.00,1.A.1.a.3,Oral Expression,LV,3.88,8,0.125,3.63,4.12,N,N,08/2020,Analyst
29-2092.00,1.A.1.a.4,Written Expression,IM,3.12,8,0.125,2.88,3.37,N,,08/2020,Analyst
29-2092.00,1.A.1.a.4,Written Expression,LV,3.12,8,0.125,2.88,3.37,N,N,08/2020,Analyst
29-2092.00,1.A.1.b.1,Fluency of Ideas,IM,2.62,8,0.183,2.2664,2.9836,N,,08/2020,Analyst
29-2092.00,1.A.1.b.1,Fluency of Ideas,LV,2.62,8,0.183,2.2664,2.9836,N,N,08/2020,Analyst
29-2092.00,1.A.1.b.2,Originality,IM,2.5,8,0.189,2.1296,2.8704,N,,08/2020,Analyst
29-2092.00,1.A.1.b.2,Originality,LV,2.62,8,0.183,2.2664,2.9836,N,N,08/2020,Analyst
29-2092.00,1.A.1.b.3,Problem Sensitivity,IM,3.75,8,0.1637,3.4292,4.0708,N,,08/2020,Analyst
29-2092.00,1.A.1.b.3,Problem Sensitivity,LV,3.0,8,0.0,3.0,3.0,N,N,08/2020,Analyst
29-2092.00,1.A.1.b.4,Deductive Reasoning,IM,3.38,8,0.183,3.0164,3.7336,N,,08/2020,Analyst
29-2092.00,1.A.1.b.4,Deductive Reasoning,LV,3.12,8,0.125,2.88,3.37,N,N,08/2020,Analyst
29-2092.00,1.A.1.b.5,Inductive Reasoning,IM,3.25,8,0.1637,2.9292,3.5708,N,,08/2020,Analyst
29-2092.00,1.A.1.b.5,Inductive Reasoning,LV,3.0,8,0.0,3.0,3.0,N,N,08/2020,Analyst
29-2092.00,1.A.1.b.6,Information Ordering,IM,3.12,8,0.125,2.88,3.37,N,,08/2020,Analyst
29-2092.00,1.A.1.b.6,Information Ordering,LV,3.12,8,0.125,2.88,3.37,N,N,08/2020,Analyst
29-2092.00,1.A.1.b.7,Category Flexibility,IM,3.12,8,0.125,2.88,3.37,N,,08/2020,Analyst
29-2092.00,1.A.1.b.7,Category Flexibility,LV,3.12,8,0.125,2.88,3.37,N,N,08/2020,Analyst
29-2092.00,1.A.1.c.1,Mathematical Reasoning,IM,2.25,8,0.1637,1.9292,2.5708,N,,08/2020,Analyst
29-2092.00,1.A.1.c.1,Mathematical Reasoning,LV,2.0,8,0.0,2.0,2.0,N,N,08/2020,Analyst
29-2092.00,1.A.1.c.2,Number Facility,IM,2.25,8,0.1637,1.9292,2.5708,N,,08/2020,Analyst
29-2092.00,1.A.1.c.2,Number Facility,LV,2.5,8,0.189,2.1296,2.8704,N,N,08/2020,Analyst
29-2092.00,1.A.1.d.1,Memorization,IM,2.62,8,0.183,2.2664,2.9836,N,,08/2020,Analyst
29-2092.00,1.A.1.d.1,Memorization,LV,2.5,8,0.189,2.1296,2.8704,N,N,08/2020,Analyst
29-2092.00,1.A.1.e.1,Speed of Closure,IM,2.75,8,0.25,2.26,3.24,N,,08/2020,Analyst
29-2092.00,1.A.1.e.1,Speed of Closure,LV,2.88,8,0.2266,2.4309,3.3191,N,N,08/2020,Analyst
29-2092.00,1.A.1.e.2,Flexibility of Closure,IM,3.12,8,0.125,2.88,3.37,N,,08/2020,Analyst
29-2092.00,1.A.1.e.2,Flexibility of Closure,LV,3.12,8,0.125,2.88,3.37,N,N,08/2020,Analyst
29-2092.00,1.A.1.e.3,Perceptual Speed,IM,3.0,8,0.0,3.0,3.0,N,,08/2020,Analyst
29-2092.00,1.A.1.e.3,Perceptual Speed,LV,3.0,8,0.0,3.0,3.0,N,N,08/2020,Analyst
29-2092.00,1.A.1.f.1,Spatial Orientation,IM,1.0,8,0.0,1.0,1.0,N,,08/2020,Analyst
29-2092.00,1.A.1.f.1,Spatial Orientation,LV,0.0,8,0.0,0.0,0.0,N,Y,08/2020,Analyst
29-2092.00,1.A.1.f.2,Visualization,IM,2.88,8,0.125,2.63,3.12,N,,08/2020,Analyst
29-2092.00,1.A.1.f.2,Visualization,LV,2.88,8,0.125,2.63,3.12,N,N,08/2020,Analyst
29-2092.00,1.A.1.g.1,Selective Attention,IM,3.0,8,0.0,3.0,3.0,N,,08/2020,Analyst
29-2092.00,1.A.1.g.1,Selective Attention,LV,3.0,8,0.0,3.0,3.0,N,N,08/2020,Analyst
29-2092.00,1.A.1.g.2,Time Sharing,IM,2.5,8,0.189,2.1296,2.8704,N,,08/2020,Analyst
29-2092.00,1.A.1.g.2,Time Sharing,LV,2.38,8,0.183,2.0164,2.7336,N,N,08/2020,Analyst
29-2092.00,1.A.2.a.1,Arm-Hand Steadiness,IM,3.12,8,0.125,2.88,3.37,N,,08/2020,Analyst
29-2092.00,1.A.2.a.1,Arm-Hand Steadiness,LV,3.12,8,0.125,2.88,3.37,N,N,08/2020,Analyst
29-2092.00,1.A.2.a.2,Manual Dexterity,IM,3.12,8,0.125,2.88,3.37,N,,08/2020,Analyst
29-2092.00,1.A.2.a.2,Manual Dexterity,LV,3.25,8,0.25,2.76,3.74,N,N,08/2020,Analyst
29-2092.00,1.A.2.a.3,Finger Dexterity,IM,3.12,8,0.125,2.88,3.37,N,,08/2020,Analyst
29-2092.00,1.A.2.a.3,Finger Dexterity,LV,3.38,8,0.2631,2.8594,3.8906,N,N,08/2020,Analyst
29-2092.00,1.A.2.b.1,Control Precision,IM,2.88,8,0.125,2.63,3.12,N,,08/2020,Analyst
29-2092.00,1.A.2.b.1,Control Precision,LV,3.12,8,0.295,2.5467,3.7033,N,N,08/2020,Analyst
29-2092.00,1.A.2.b.2,Multilimb Coordination,IM,2.12,8,0.125,1.88,2.37,N,,08/2020,Analyst
29-2092.00,1.A.2.b.2,Multilimb Coordination,LV,2.0,8,0.189,1.6296,2.3704,N,N,08/2020,Analyst
29-2092.00,1.A.2.b.3,Response Orientation,IM,1.38,8,0.183,1.0164,1.7336,N,,08/2020,Analyst
29-2092.00,1.A.2.b.3,Response Orientation,LV,0.38,8,0.183,0.0164,0.7336,N,N,08/2020,Analyst
29-2092.00,1.A.2.b.4,Rate Control,IM,1.12,8,0.125,1.0,1.37,N,,08/2020,Analyst
29-2092.00,1.A.2.b.4,Rate Control,LV,0.12,8,0.125,0.0,0.37,N,Y,08/2020,Analyst
29-2092.00,1.A.2.c.1,Reaction Time,IM,1.5,8,0.189,1.1296,1.8704,N,,08/2020,Analyst
29-2092.00,1.A.2.c.1,Reaction Time,LV,0.5,8,0.189,0.1296,0.8704,N,N,08/2020,Analyst
29-2092.00,1.A.2.c.2,Wrist-Finger Speed,IM,1.38,8,0.183,1.0164,1.7336,N,,08/2020,Analyst
29-2092.00,1.A.2.c.2,Wrist-Finger Speed,LV,0.5,8,0.2673,0.0,1.0238,N,N,08/2020,Analyst
29-2092.00,1.A.2.c.3,Speed of Limb Movement,IM,1.0,8,0.0,1.0,1.0,N,,08/2020,Analyst
29-2092.00,1.A.2.c.3,Speed of Limb Movement,LV,0.0,8,0.0,0.0,0.0,N,Y,08/2020,Analyst
29-2092.00,1.A.3.a.1,Static Strength,IM,1.75,8,0.25,1.26,2.24,N,,08/2020,Analyst
29-2092.00,1.A.3.a.1,Static Strength,LV,0.75,8,0.25,0.26,1.24,N,N,08/2020,Analyst
29-2092.00,1.A.3.a.2,Explosive Strength,IM,1.0,8,0.0,1.0,1.0,N,,08/2020,Analyst
29-2092.00,1.A.3.a.2,Explosive Strength,LV,0.0,8,0.0,0.0,0.0,N,Y,08/2020,Analyst
29-2092.00,1.A.3.a.3,Dynamic Strength,IM,1.0,8,0.0,1.0,1.0,N,,08/2020,Analyst
29-2092.00,1.A.3.a.3,Dynamic Strength,LV,0.0,8,0.0,0.0,0.0,N,Y,08/2020,Analyst
29-2092.00,1.A.3.a.4,Trunk Strength,IM,1.88,8,0.2266,1.4309,2.3191,N,,08/2020,Analyst
29-2092.00,1.A.3.a.4,Trunk Strength,LV,1.25,8,0.3134,0.6358,1.8642,N,N,08/2020,Analyst
29-2092.00,1.A.3.b.1,Stamina,IM,1.0,8,0.0,1.0,1.0,N,,08/2020,Analyst
29-2092.00,1.A.3.b.1,Stamina,LV,0.0,8,0.0,0.0,0.0,N,Y,08/2020,Analyst
29-2092.00,1.A.3.c.1,Extent Flexibility,IM,1.5,8,0.189,1.1296,1.8704,N,,08/2020,Analyst
29-2092.00,1.A.3.c.1,Extent Flexibility,LV,0.62,8,0.2631,0.1094,1.1406,N,N,08/2020,Analyst
29-2092.00,1.A.3.c.2,Dynamic Flexibility,IM,1.0,8,0.0,1.0,1.0,N,,08/2020,Analyst
29-2092.00,1.A.3.c.2,Dynamic Flexibility,LV,0.0,8,0.0,0.0,0.0,N,Y,08/2020,Analyst
29-2092.00,1.A.3.c.3,Gross Body Coordination,IM,1.0,8,0.0,1.0,1.0,N,,08/2020,Analyst
29-2092.00,1.A.3.c.3,Gross Body Coordination,LV,0.0,8,0.0,0.0,0.0,N,Y,08/2020,Analyst
29-2092.00,1.A.3.c.4,Gross Body Equilibrium,IM,1.0,8,0.0,1.0,1.0,N,,08/2020,Analyst
29-2092.00,1.A.3.c.4,Gross Body Equilibrium,LV,0.0,8,0.0,0.0,0.0,N,Y,08/2020,Analyst
29-2092.00,1.A.4.a.1,Near Vision,IM,3.5,8,0.189,3.1296,3.8704,N,,08/2020,Analyst
29-2092.00,1.A.4.a.1,Near Vision,LV,3.75,8,0.1637,3.4292,4.0708,N,N,08/2020,Analyst
29-2092.00,1.A.4.a.2,Far Vision,IM,2.75,8,0.1637,2.4292,3.0708,N,,08/2020,Analyst
29-2092.00,1.A.4.a.2,Far Vision,LV,2.75,8,0.1637,2.4292,3.0708,N,N,08/2020,Analyst
29-2092.00,1.A.4.a.3,Visual Color Discrimination,IM,2.5,8,0.189,2.1296,2.8704,N,,08/2020,Analyst
29-2092.00,1.A.4.a.3,Visual Color Discrimination,LV,2.62,8,0.183,2.2664,2.9836,N,N,08/2020,Analyst
29-2092.00,1.A.4.a.4,Night Vision,IM,1.0,8,0.0,1.0,1.0,N,,08/2020,Analyst
29-2092.00,1.A.4.a.4,Night Vision,LV,0.0,8,0.0,0.0,0.0,N,Y,08/2020,Analyst
29-2092.00,1.A.4.a.5,Peripheral Vision,IM,1.0,8,0.0,1.0,1.0,N,,08/2020,Analyst
29-2092.00,1.A.4.a.5,Peripheral Vision,LV,0.0,8,0.0,0.0,0.0,N,Y,08/2020,Analyst
29-2092.00,1.A.4.a.6,Depth Perception,IM,1.75,8,0.1637,1.4292,2.0708,N,,08/2020,Analyst
29-2092.00,1.A.4.a.6,Depth Perception,LV,1.5,8,0.3273,0.8584,2.1416,N,N,08/2020,Analyst
29-2092.00,1.A.4.a.7,Glare Sensitivity,IM,1.0,8,0.0,1.0,1.0,N,,08/2020,Analyst
29-2092.00,1.A.4.a.7,Glare Sensitivity,LV,0.0,8,0.0,0.0,0.0,N,Y,08/2020,Analyst
29-2092.00,1.A.4.b.1,Hearing Sensitivity,IM,3.12,8,0.125,2.88,3.37,N,,08/2020,Analyst
29-2092.00,1.A.4.b.1,Hearing Sensitivity,LV,3.12,8,0.125,2.88,3.37,N,N,08/2020,Analyst
29-2092.00,1.A.4.b.2,Auditory Attention,IM,3.12,8,0.125,2.88,3.37,N,,08/2020,Analyst
29-2092.00,1.A.4.b.2,Auditory Attention,LV,3.12,8,0.125,2.88,3.37,N,N,08/2020,Analyst
29-2092.00,1.A.4.b.3,Sound Localization,IM,1.5,8,0.189,1.1296,1.8704,N,,08/2020,Analyst
29-2092.00,1.A.4.b.3,Sound Localization,LV,0.62,8,0.2631,0.1094,1.1406,N,N,08/2020,Analyst
29-2092.00,1.A.4.b.4,Speech Recognition,IM,3.62,8,0.183,3.2664,3.9836,N,,08/2020,Analyst
29-2092.00,1.A.4.b.4,Speech Recognition,LV,3.75,8,0.1637,3.4292,4.0708,N,N,08/2020,Analyst
29-2092.00,1.A.4.b.5,Speech Clarity,IM,3.88,8,0.125,3.63,4.12,N,,08/2020,Analyst
29-2092.00,1.A.4.b.5,Speech Clarity,LV,3.88,8,0.125,3.63,4.12,N,N,08/2020,Analyst
29-2099.01,1.A.1.a.1,Oral Comprehension,IM,3.88,8,0.125,3.63,4.12,N,,08/2022,Analyst
29-2099.01,1.A.1.a.1,Oral Comprehension,LV,4.12,8,0.125,3.88,4.37,N,N,08/2022,Analyst
29-2099.01,1.A.1.a.2,Written Comprehension,IM,3.88,8,0.2266,3.4309,4.3191,N,,08/2022,Analyst
29-2099.01,1.A.1.a.2,Written Comprehension,LV,3.88,8,0.2266,3.4309,4.3191,N,N,08/2022,Analyst
29-2099.01,1.A.1.a.3,Oral Expression,IM,4.0,8,0.0,4.0,4.0,N,,08/2022,Analyst
29-2099.01,1.A.1.a.3,Oral Expression,LV,4.12,8,0.125,3.88,4.37,N,N,08/2022,Analyst
29-2099.01,1.A.1.a.4,Written Expression,IM,3.25,8,0.1637,2.9292,3.5708,N,,08/2022,Analyst
29-2099.01,1.A.1.a.4,Written Expression,LV,3.75,8,0.1637,3.4292,4.0708,N,N,08/2022,Analyst
29-2099.01,1.A.1.b.1,Fluency of Ideas,IM,2.62,8,0.183,2.2664,2.9836,N,,08/2022,Analyst
29-2099.01,1.A.1.b.1,Fluency of Ideas,LV,2.62,8,0.183,2.2664,2.9836,N,N,08/2022,Analyst
29-2099.01,1.A.1.b.2,Originality,IM,2.38,8,0.183,2.0164,2.7336,N,,08/2022,Analyst
29-2099.01,1.A.1.b.2,Originality,LV,2.5,8,0.189,2.1296,2.8704,N,N,08/2022,Analyst
29-2099.01,1.A.1.b.3,Problem Sensitivity,IM,4.0,8,0.0,4.0,4.0,N,,08/2022,Analyst
29-2099.01,1.A.1.b.3,Problem Sensitivity,LV,4.0,8,0.0,4.0,4.0,N,N,08/2022,Analyst
29-2099.01,1.A.1.b.4,Deductive Reasoning,IM,3.88,8,0.125,3.63,4.12,N,,08/2022,Analyst
29-2099.01,1.A.1.b.4,Deductive Reasoning,LV,4.0,8,0.0,4.0,4.0,N,N,08/2022,Analyst
29-2099.01,1.A.1.b.5,Inductive Reasoning,IM,3.88,8,0.125,3.63,4.12,N,,08/2022,Analyst
29-2099.01,1.A.1.b.5,Inductive Reasoning,LV,4.0,8,0.0,4.0,4.0,N,N,08/2022,Analyst
29-2099.01,1.A.1.b.6,Information Ordering,IM,3.88,8,0.125,3.63,4.12,N,,08/2022,Analyst
29-2099.01,1.A.1.b.6,Information Ordering,LV,3.88,8,0.125,3.63,4.12,N,N,08/2022,Analyst
29-2099.01,1.A.1.b.7,Category Flexibility,IM,3.12,8,0.125,2.88,3.37,N,,08/2022,Analyst
29-2099.01,1.A.1.b.7,Category Flexibility,LV,3.12,8,0.125,2.88,3.37,N,N,08/2022,Analyst
29-2099.01,1.A.1.c.1,Mathematical Reasoning,IM,2.62,8,0.183,2.2664,2.9836,N,,08/2022,Analyst
29-2099.01,1.A.1.c.1,Mathematical Reasoning,LV,2.38,8,0.183,2.0164,2.7336,N,N,08/2022,Analyst
29-2099.01,1.A.1.c.2,Number Facility,IM,2.12,8,0.125,1.88,2.37,N,,08/2022,Analyst
29-2099.01,1.A.1.c.2,Number Facility,LV,2.12,8,0.125,1.88,2.37,N,N,08/2022,Analyst
29-2099.01,1.A.1.d.1,Memorization,IM,2.62,8,0.183,2.2664,2.9836,N,,08/2022,Analyst
29-2099.01,1.A.1.d.1,Memorization,LV,2.25,8,0.1637,1.9292,2.5708,N,N,08/2022,Analyst
29-2099.01,1.A.1.e.1,Speed of Closure,IM,3.0,8,0.189,2.6296,3.3704,N,,08/2022,Analyst
29-2099.01,1.A.1.e.1,Speed of Closure,LV,2.62,8,0.183,2.2664,2.9836,N,N,08/2022,Analyst
29-2099.01,1.A.1.e.2,Flexibility of Closure,IM,3.12,8,0.125,2.88,3.37,N,,08/2022,Analyst
29-2099.01,1.A.1.e.2,Flexibility of Closure,LV,3.25,8,0.1637,2.9292,3.5708,N,N,08/2022,Analyst
29-2099.01,1.A.1.e.3,Perceptual Speed,IM,3.12,8,0.125,2.88,3.37,N,,08/2022,Analyst
29-2099.01,1.A.1.e.3,Perceptual Speed,LV,3.12,8,0.125,2.88,3.37,N,N,08/2022,Analyst
29-2099.01,1.A.1.f.1,Spatial Orientation,IM,1.0,8,0.0,1.0,1.0,N,,08/2022,Analyst
29-2099.01,1.A.1.f.1,Spatial Orientation,LV,0.0,8,0.0,0.0,0.0,N,Y,08/2022,Analyst
29-2099.01,1.A.1.f.2,Visualization,IM,2.88,8,0.125,2.63,3.12,N,,08/2022,Analyst
29-2099.01,1.A.1.f.2,Visualization,LV,2.88,8,0.125,2.63,3.12,N,N,08/2022,Analyst
29-2099.01,1.A.1.g.1,Selective Attention,IM,3.12,8,0.125,2.88,3.37,N,,08/2022,Analyst
29-2099.01,1.A.1.g.1,Selective Attention,LV,3.12,8,0.125,2.88,3.37,N,N,08/2022,Analyst
29-2099.01,1.A.1.g.2,Time Sharing,IM,2.62,8,0.183,2.2664,2.9836,N,,08/2022,Analyst
29-2099.01,1.A.1.g.2,Time Sharing,LV,2.38,8,0.183,2.0164,2.7336,N,N,08/2022,Analyst
29-2099.01,1.A.2.a.1,Arm-Hand Steadiness,IM,3.0,8,0.0,3.0,3.0,N,,08/2022,Analyst
29-2099.01,1.A.2.a.1,Arm-Hand Steadiness,LV,3.0,8,0.0,3.0,3.0,N,N,08/2022,Analyst
29-2099.01,1.A.2.a.2,Manual Dexterity,IM,2.75,8,0.1637,2.4292,3.0708,N,,08/2022,Analyst
29-2099.01,1.A.2.a.2,Manual Dexterity,LV,2.62,8,0.183,2.2664,2.9836,N,N,08/2022,Analyst
29-2099.01,1.A.2.a.3,Finger Dexterity,IM,3.12,8,0.125,2.88,3.37,N,,08/2022,Analyst
29-2099.01,1.A.2.a.3,Finger Dexterity,LV,3.12,8,0.125,2.88,3.37,N,N,08/2022,Analyst
29-2099.01,1.A.2.b.1,Control Precision,IM,3.0,8,0.0,3.0,3.0,N,,08/2022,Analyst
29-2099.01,1.A.2.b.1,Control Precision,LV,2.88,8,0.125,2.63,3.12,N,N,08/2022,Analyst
29-2099.01,1.A.2.b.2,Multilimb Coordination,IM,2.62,8,0.183,2.2664,2.9836,N,,08/2022,Analyst
29-2099.01,1.A.2.b.2,Multilimb Coordination,LV,2.25,8,0.1637,1.9292,2.5708,N,N,08/2022,Analyst
29-2099.01,1.A.2.b.3,Response Orientation,IM,2.0,8,0.0,2.0,2.0,N,,08/2022,Analyst
29-2099.01,1.A.2.b.3,Response Orientation,LV,2.0,8,0.0,2.0,2.0,N,N,08/2022,Analyst
29-2099.01,1.A.2.b.4,Rate Control,IM,1.75,8,0.1637,1.4292,2.0708,N,,08/2022,Analyst
29-2099.01,1.A.2.b.4,Rate Control,LV,0.75,8,0.1637,0.4292,1.0708,N,N,08/2022,Analyst
29-2099.01,1.A.2.c.1,Reaction Time,IM,2.0,8,0.0,2.0,2.0,N,,08/2022,Analyst
29-2099.01,1.A.2.c.1,Reaction Time,LV,1.5,8,0.189,1.1296,1.8704,N,N,08/2022,Analyst
29-2099.01,1.A.2.c.2,Wrist-Finger Speed,IM,1.88,8,0.125,1.63,2.12,N,,08/2022,Analyst
29-2099.01,1.A.2.c.2,Wrist-Finger Speed,LV,1.12,8,0.2266,0.6809,1.5691,N,N,08/2022,Analyst
29-2099.01,1.A.2.c.3,Speed of Limb Movement,IM,1.25,8,0.1637,1.0,1.5708,N,,08/2022,Analyst
29-2099.01,1.A.2.c.3,Speed of Limb Movement,LV,0.25,8,0.1637,0.0,0.5708,N,Y,08/2022,Analyst
29-2099.01,1.A.3.a.1,Static Strength,IM,2.12,8,0.125,1.88,2.37,N,,08/2022,Analyst
29-2099.01,1.A.3.a.1,Static Strength,LV,1.75,8,0.1637,1.4292,2.0708,N,N,08/2022,Analyst
29-2099.01,1.A.3.a.2,Explosive Strength,IM,1.5,8,0.189,1.1296,1.8704,N,,08/2022,Analyst
29-2099.01,1.A.3.a.2,Explosive Strength,LV,0.5,8,0.189,0.1296,0.8704,N,N,08/2022,Analyst
29-2099.01,1.A.3.a.3,Dynamic Strength,IM,1.5,8,0.189,1.1296,1.8704,N,,08/2022,Analyst
29-2099.01,1.A.3.a.3,Dynamic Strength,LV,0.75,8,0.3134,0.1358,1.3642,N,N,08/2022,Analyst
29-2099.01,1.A.3.a.4,Trunk Strength,IM,2.25,8,0.1637,1.9292,2.5708,N,,08/2022,Analyst
29-2099.01,1.A.3.a.4,Trunk Strength,LV,2.12,8,0.125,1.88,2.37,N,N,08/2022,Analyst
29-2099.01,1.A.3.b.1,Stamina,IM,1.88,8,0.125,1.63,2.12,N,,08/2022,Analyst
29-2099.01,1.A.3.b.1,Stamina,LV,0.88,8,0.125,0.63,1.12,N,N,08/2022,Analyst
29-2099.01,1.A.3.c.1,Extent Flexibility,IM,2.25,8,0.1637,1.9292,2.5708,N,,08/2022,Analyst
29-2099.01,1.A.3.c.1,Extent Flexibility,LV,2.12,8,0.125,1.88,2.37,N,N,08/2022,Analyst
29-2099.01,1.A.3.c.2,Dynamic Flexibility,IM,1.0,8,0.0,1.0,1.0,N,,08/2022,Analyst
29-2099.01,1.A.3.c.2,Dynamic Flexibility,LV,0.0,8,0.0,0.0,0.0,N,Y,08/2022,Analyst
29-2099.01,1.A.3.c.3,Gross Body Coordination,IM,2.0,8,0.0,2.0,2.0,N,,08/2022,Analyst
29-2099.01,1.A.3.c.3,Gross Body Coordination,LV,1.12,8,0.125,0.88,1.37,N,N,08/2022,Analyst
29-2099.01,1.A.3.c.4,Gross Body Equilibrium,IM,1.75,8,0.1637,1.4292,2.0708,N,,08/2022,Analyst
29-2099.01,1.A.3.c.4,Gross Body Equilibrium,LV,0.88,8,0.2266,0.4309,1.3191,N,N,08/2022,Analyst
29-2099.01,1.A.4.a.1,Near Vision,IM,3.62,8,0.183,3.2664,3.9836,N,,08/2022,Analyst
29-2099.01,1.A.4.a.1,Near Vision,LV,3.88,8,0.125,3.63,4.12,N,N,08/2022,Analyst
29-2099.01,1.A.4.a.2,Far Vision,IM,2.88,8,0.125,2.63,3.12,N,,08/2022,Analyst
29-2099.01,1.A.4.a.2,Far Vision,LV,2.88,8,0.125,2.63,3.12,N,N,08/2022,Analyst
29-2099.01,1.A.4.a.3,Visual Color Discrimination,IM,2.62,8,0.183,2.2664,2.9836,N,,08/2022,Analyst
29-2099.01,1.A.4.a.3,Visual Color Discrimination,LV,2.88,8,0.125,2.63,3.12,N,N,08/2022,Analyst
29-2099.01,1.A.4.a.4,Night Vision,IM,1.0,8,0.0,1.0,1.0,N,,08/2022,Analyst
29-2099.01,1.A.4.a.4,Night Vision,LV,0.0,8,0.0,0.0,0.0,N,Y,08/2022,Analyst
29-2099.01,1.A.4.a.5,Peripheral Vision,IM,1.0,8,0.0,1.0,1.0,N,,08/2022,Analyst
29-2099.01,1.A.4.a.5,Peripheral Vision,LV,0.0,8,0.0,0.0,0.0,N,Y,08/2022,Analyst
29-2099.01,1.A.4.a.6,Depth Perception,IM,2.0,8,0.0,2.0,2.0,N,,08/2022,Analyst
29-2099.01,1.A.4.a.6,Depth Perception,LV,1.5,8,0.189,1.1296,1.8704,N,N,08/2022,Analyst
29-2099.01,1.A.4.a.7,Glare Sensitivity,IM,1.0,8,0.0,1.0,1.0,N,,08/2022,Analyst
29-2099.01,1.A.4.a.7,Glare Sensitivity,LV,0.0,8,0.0,0.0,0.0,N,Y,08/2022,Analyst
29-2099.01,1.A.4.b.1,Hearing Sensitivity,IM,2.12,8,0.125,1.88,2.37,N,,08/2022,Analyst
29-2099.01,1.A.4.b.1,Hearing Sensitivity,LV,2.0,8,0.0,2.0,2.0,N,N,08/2022,Analyst
29-2099.01,1.A.4.b.2,Auditory Attention,IM,2.25,8,0.1637,1.9292,2.5708,N,,08/2022,Analyst
29-2099.01,1.A.4.b.2,Auditory Attention,LV,2.12,8,0.125,1.88,2.37,N,N,08/2022,Analyst
29-2099.01,1.A.4.b.3,Sound Localization,IM,1.12,8,0.125,1.0,1.37,N,,08/2022,Analyst
29-2099.01,1.A.4.b.3,Sound Localization,LV,0.12,8,0.125,0.0,0.37,N,Y,08/2022,Analyst
29-2099.01,1.A.4.b.4,Speech Recognition,IM,3.25,8,0.1637,2.9292,3.5708,N,,08/2022,Analyst
29-2099.01,1.A.4.b.4,Speech Recognition,LV,3.12,8,0.125,2.88,3.37,N,N,08/2022,Analyst
29-2099.01,1.A.4.b.5,Speech Clarity,IM,3.38,8,0.183,3.0164,3.7336,N,,08/2022,Analyst
29-2099.01,1.A.4.b.5,Speech Clarity,LV,3.12,8,0.125,2.88,3.37,N,N,08/2022,Analyst
29-2099.05,1.A.1.a.1,Oral Comprehension,IM,3.88,8,0.125,3.63,4.12,N,,08/2020,Analyst
29-2099.05,1.A.1.a.1,Oral Comprehension,LV,4.0,8,0.0,4.0,4.0,N,N,08/2020,Analyst
29-2099.05,1.A.1.a.2,Written Comprehension,IM,3.62,8,0.183,3.2664,3.9836,N,,08/2020,Analyst
29-2099.05,1.A.1.a.2,Written Comprehension,LV,3.75,8,0.1637,3.4292,4.0708,N,N,08/2020,Analyst
29-2099.05,1.A.1.a.3,Oral Expression,IM,4.0,8,0.189,3.6296,4.3704,N,,08/2020,Analyst
29-2099.05,1.A.1.a.3,Oral Expression,LV,4.0,8,0.0,4.0,4.0,N,N,08/2020,Analyst
29-2099.05,1.A.1.a.4,Written Expression,IM,3.25,8,0.1637,2.9292,3.5708,N,,08/2020,Analyst
29-2099.05,1.A.1.a.4,Written Expression,LV,3.25,8,0.1637,2.9292,3.5708,N,N,08/2020,Analyst
29-2099.05,1.A.1.b.1,Fluency of Ideas,IM,2.75,8,0.1637,2.4292,3.0708,N,,08/2020,Analyst
29-2099.05,1.A.1.b.1,Fluency of Ideas,LV,2.75,8,0.1637,2.4292,3.0708,N,N,08/2020,Analyst
29-2099.05,1.A.1.b.2,Originality,IM,2.25,8,0.1637,1.9292,2.5708,N,,08/2020,Analyst
29-2099.05,1.A.1.b.2,Originality,LV,2.75,8,0.1637,2.4292,3.0708,N,N,08/2020,Analyst
29-2099.05,1.A.1.b.3,Problem Sensitivity,IM,3.88,8,0.125,3.63,4.12,N,,08/2020,Analyst
29-2099.05,1.A.1.b.3,Problem Sensitivity,LV,4.0,8,0.0,4.0,4.0,N,N,08/2020,Analyst
29-2099.05,1.A.1.b.4,Deductive Reasoning,IM,3.25,8,0.1637,2.9292,3.5708,N,,08/2020,Analyst
29-2099.05,1.A.1.b.4,Deductive Reasoning,LV,3.25,8,0.1637,2.9292,3.5708,N,N,08/2020,Analyst
29-2099.05,1.A.1.b.5,Inductive Reasoning,IM,3.25,8,0.1637,2.9292,3.5708,N,,08/2020,Analyst
29-2099.05,1.A.1.b.5,Inductive Reasoning,LV,3.75,8,0.1637,3.4292,4.0708,N,N,08/2020,Analyst
29-2099.05,1.A.1.b.6,Information Ordering,IM,3.0,8,0.0,3.0,3.0,N,,08/2020,Analyst
29-2099.05,1.A.1.b.6,Information Ordering,LV,3.0,8,0.0,3.0,3.0,N,N,08/2020,Analyst
29-2099.05,1.A.1.b.7,Category Flexibility,IM,3.0,8,0.0,3.0,3.0,N,,08/2020,Analyst
29-2099.05,1.A.1.b.7,Category Flexibility,LV,3.0,8,0.0,3.0,3.0,N,N,08/2020,Analyst
29-2099.05,1.A.1.c.1,Mathematical Reasoning,IM,2.75,8,0.1637,2.4292,3.0708,N,,08/2020,Analyst
29-2099.05,1.A.1.c.1,Mathematical Reasoning,LV,2.75,8,0.1637,2.4292,3.0708,N,N,08/2020,Analyst
29-2099.05,1.A.1.c.2,Number Facility,IM,2.62,8,0.183,2.2664,2.9836,N,,08/2020,Analyst
29-2099.05,1.A.1.c.2,Number Facility,LV,2.5,8,0.189,2.1296,2.8704,N,N,08/2020,Analyst
29-2099.05,1.A.1.d.1,Memorization,IM,2.62,8,0.183,2.2664,2.9836,N,,08/2020,Analyst
29-2099.05,1.A.1.d.1,Memorization,LV,2.12,8,0.125,1.88,2.37,N,N,08/2020,Analyst
29-2099.05,1.A.1.e.1,Speed of Closure,IM,2.25,8,0.1637,1.9292,2.5708,N,,08/2020,Analyst
29-2099.05,1.A.1.e.1,Speed of Closure,LV,2.38,8,0.183,2.0164,2.7336,N,N,08/2020,Analyst
29-2099.05,1.A.1.e.2,Flexibility of Closure,IM,3.12,8,0.125,2.88,3.37,N,,08/2020,Analyst
29-2099.05,1.A.1.e.2,Flexibility of Closure,LV,3.12,8,0.125,2.88,3.37,N,N,08/2020,Analyst
29-2099.05,1.A.1.e.3,Perceptual Speed,IM,3.0,8,0.0,3.0,3.0,N,,08/2020,Analyst
29-2099.05,1.A.1.e.3,Perceptual Speed,LV,3.0,8,0.0,3.0,3.0,N,N,08/2020,Analyst
29-2099.05,1.A.1.f.1,Spatial Orientation,IM,1.0,8,0.0,1.0,1.0,N,,08/2020,Analyst
29-2099.05,1.A.1.f.1,Spatial Orientation,LV,0.0,8,0.0,0.0,0.0,N,Y,08/2020,Analyst
29-2099.05,1.A.1.f.2,Visualization,IM,2.5,8,0.189,2.1296,2.8704,N,,08/2020,Analyst
29-2099.05,1.A.1.f.2,Visualization,LV,2.62,8,0.183,2.2664,2.9836,N,N,08/2020,Analyst
29-2099.05,1.A.1.g.1,Selective Attention,IM,3.12,8,0.125,2.88,3.37,N,,08/2020,Analyst
29-2099.05,1.A.1.g.1,Selective Attention,LV,3.12,8,0.125,2.88,3.37,N,N,08/2020,Analyst
29-2099.05,1.A.1.g.2,Time Sharing,IM,2.12,8,0.125,1.88,2.37,N,,08/2020,Analyst
29-2099.05,1.A.1.g.2,Time Sharing,LV,2.12,8,0.125,1.88,2.37,N,N,08/2020,Analyst
29-2099.05,1.A.2.a.1,Arm-Hand Steadiness,IM,3.0,8,0.0,3.0,3.0,N,,08/2020,Analyst
29-2099.05,1.A.2.a.1,Arm-Hand Steadiness,LV,3.38,8,0.183,3.0164,3.7336,N,N,08/2020,Analyst
29-2099.05,1.A.2.a.2,Manual Dexterity,IM,2.75,8,0.1637,2.4292,3.0708,N,,08/2020,Analyst
29-2099.05,1.A.2.a.2,Manual Dexterity,LV,2.75,8,0.1637,2.4292,3.0708,N,N,08/2020,Analyst
29-2099.05,1.A.2.a.3,Finger Dexterity,IM,3.12,8,0.2266,2.6809,3.5691,N,,08/2020,Analyst
29-2099.05,1.A.2.a.3,Finger Dexterity,LV,2.88,8,0.125,2.63,3.12,N,N,08/2020,Analyst
29-2099.05,1.A.2.b.1,Control Precision,IM,2.88,8,0.2266,2.4309,3.3191,N,,08/2020,Analyst
29-2099.05,1.A.2.b.1,Control Precision,LV,3.0,8,0.189,2.6296,3.3704,N,N,08/2020,Analyst
29-2099.05,1.A.2.b.2,Multilimb Coordination,IM,2.0,8,0.0,2.0,2.0,N,,08/2020,Analyst
29-2099.05,1.A.2.b.2,Multilimb Coordination,LV,2.12,8,0.125,1.88,2.37,N,N,08/2020,Analyst
29-2099.05,1.A.2.b.3,Response Orientation,IM,1.75,8,0.1637,1.4292,2.0708,N,,08/2020,Analyst
29-2099.05,1.A.2.b.3,Response Orientation,LV,1.0,8,0.2673,0.4762,1.5238,N,N,08/2020,Analyst
29-2099.05,1.A.2.b.4,Rate Control,IM,2.0,8,0.0,2.0,2.0,N,,08/2020,Analyst
29-2099.05,1.A.2.b.4,Rate Control,LV,1.12,8,0.125,0.88,1.37,N,N,08/2020,Analyst
29-2099.05,1.A.2.c.1,Reaction Time,IM,2.0,8,0.0,2.0,2.0,N,,08/2020,Analyst
29-2099.05,1.A.2.c.1,Reaction Time,LV,1.12,8,0.125,0.88,1.37,N,N,08/2020,Analyst
29-2099.05,1.A.2.c.2,Wrist-Finger Speed,IM,2.0,8,0.0,2.0,2.0,N,,08/2020,Analyst
29-2099.05,1.A.2.c.2,Wrist-Finger Speed,LV,1.75,8,0.1637,1.4292,2.0708,N,N,08/2020,Analyst
29-2099.05,1.A.2.c.3,Speed of Limb Movement,IM,1.62,8,0.183,1.2664,1.9836,N,,08/2020,Analyst
29-2099.05,1.A.2.c.3,Speed of Limb Movement,LV,0.62,8,0.183,0.2664,0.9836,N,N,08/2020,Analyst
29-2099.05,1.A.3.a.1,Static Strength,IM,2.0,8,0.0,2.0,2.0,N,,08/2020,Analyst
29-2099.05,1.A.3.a.1,Static Strength,LV,1.25,8,0.1637,0.9292,1.5708,N,N,08/2020,Analyst
29-2099.05,1.A.3.a.2,Explosive Strength,IM,1.25,8,0.1637,1.0,1.5708,N,,08/2020,Analyst
29-2099.05,1.A.3.a.2,Explosive Strength,LV,0.38,8,0.2631,0.0,0.8906,N,Y,08/2020,Analyst
29-2099.05,1.A.3.a.3,Dynamic Strength,IM,2.0,8,0.0,2.0,2.0,N,,08/2020,Analyst
29-2099.05,1.A.3.a.3,Dynamic Strength,LV,1.12,8,0.125,0.88,1.37,N,N,08/2020,Analyst
29-2099.05,1.A.3.a.4,Trunk Strength,IM,2.38,8,0.183,2.0164,2.7336,N,,08/2020,Analyst
29-2099.05,1.A.3.a.4,Trunk Strength,LV,2.25,8,0.1637,1.9292,2.5708,N,N,08/2020,Analyst
29-2099.05,1.A.3.b.1,Stamina,IM,2.0,8,0.0,2.0,2.0,N,,08/2020,Analyst
29-2099.05,1.A.3.b.1,Stamina,LV,1.38,8,0.183,1.0164,1.7336,N,N,08/2020,Analyst
29-2099.05,1.A.3.c.1,Extent Flexibility,IM,2.0,8,0.0,2.0,2.0,N,,08/2020,Analyst
29-2099.05,1.A.3.c.1,Extent Flexibility,LV,1.62,8,0.183,1.2664,1.9836,N,N,08/2020,Analyst
29-2099.05,1.A.3.c.2,Dynamic Flexibility,IM,1.0,8,0.0,1.0,1.0,N,,08/2020,Analyst
29-2099.05,1.A.3.c.2,Dynamic Flexibility,LV,0.0,8,0.0,0.0,0.0,N,Y,08/2020,Analyst
29-2099.05,1.A.3.c.3,Gross Body Coordination,IM,1.88,8,0.125,1.63,2.12,N,,08/2020,Analyst
29-2099.05,1.A.3.c.3,Gross Body Coordination,LV,1.0,8,0.189,0.6296,1.3704,N,N,08/2020,Analyst
29-2099.05,1.A.3.c.4,Gross Body Equilibrium,IM,1.88,8,0.125,1.63,2.12,N,,08/2020,Analyst
29-2099.05,1.A.3.c.4,Gross Body Equilibrium,LV,1.0,8,0.189,0.6296,1.3704,N,N,08/2020,Analyst
29-2099.05,1.A.4.a.1,Near Vision,IM,4.0,8,0.0,4.0,4.0,N,,08/2020,Analyst
29-2099.05,1.A.4.a.1,Near Vision,LV,4.0,8,0.0,4.0,4.0,N,N,08/2020,Analyst
29-2099.05,1.A.4.a.2,Far Vision,IM,3.0,8,0.189,2.6296,3.3704,N,,08/2020,Analyst
29-2099.05,1.A.4.a.2,Far Vision,LV,3.0,8,0.189,2.6296,3.3704,N,N,08/2020,Analyst
29-2099.05,1.A.4.a.3,Visual Color Discrimination,IM,2.88,8,0.2266,2.4309,3.3191,N,,08/2020,Analyst
29-2099.05,1.A.4.a.3,Visual Color Discrimination,LV,3.12,8,0.125,2.88,3.37,N,N,08/2020,Analyst
29-2099.05,1.A.4.a.4,Night Vision,IM,1.0,8,0.0,1.0,1.0,N,,08/2020,Analyst
29-2099.05,1.A.4.a.4,Night Vision,LV,0.0,8,0.0,0.0,0.0,N,Y,08/2020,Analyst
29-2099.05,1.A.4.a.5,Peripheral Vision,IM,1.0,8,0.0,1.0,1.0,N,,08/2020,Analyst
29-2099.05,1.A.4.a.5,Peripheral Vision,LV,0.0,8,0.0,0.0,0.0,N,Y,08/2020,Analyst
29-2099.05,1.A.4.a.6,Depth Perception,IM,2.0,8,0.0,2.0,2.0,N,,08/2020,Analyst
29-2099.05,1.A.4.a.6,Depth Perception,LV,1.62,8,0.183,1.2664,1.9836,N,N,08/2020,Analyst
29-2099.05,1.A.4.a.7,Glare Sensitivity,IM,1.0,8,0.0,1.0,1.0,N,,08/2020,Analyst
29-2099.05,1.A.4.a.7,Glare Sensitivity,LV,0.0,8,0.0,0.0,0.0,N,Y,08/2020,Analyst
29-2099.05,1.A.4.b.1,Hearing Sensitivity,IM,2.0,8,0.0,2.0,2.0,N,,08/2020,Analyst
29-2099.05,1.A.4.b.1,Hearing Sensitivity,LV,1.88,8,0.125,1.63,2.12,N,N,08/2020,Analyst
29-2099.05,1.A.4.b.2,Auditory Attention,IM,2.0,8,0.0,2.0,2.0,N,,08/2020,Analyst
29-2099.05,1.A.4.b.2,Auditory Attention,LV,1.88,8,0.125,1.63,2.12,N,N,08/2020,Analyst
29-2099.05,1.A.4.b.3,Sound Localization,IM,1.0,8,0.0,1.0,1.0,N,,08/2020,Analyst
29-2099.05,1.A.4.b.3,Sound Localization,LV,0.0,8,0.0,0.0,0.0,N,Y,08/2020,Analyst
29-2099.05,1.A.4.b.4,Speech Recognition,IM,3.75,8,0.1637,3.4292,4.0708,N,,08/2020,Analyst
29-2099.05,1.A.4.b.4,Speech Recognition,LV,3.62,8,0.183,3.2664,3.9836,N,N,08/2020,Analyst
29-2099.05,1.A.4.b.5,Speech Clarity,IM,3.75,8,0.1637,3.4292,4.0708,N,,08/2020,Analyst
29-2099.05,1.A.4.b.5,Speech Clarity,LV,3.38,8,0.183,3.0164,3.7336,N,N,08/2020,Analyst
29-2099.08,1.A.1.a.1,Oral Comprehension,IM,4.25,8,0.1637,3.9292,4.5708,N,,08/2020,Analyst
29-2099.08,1.A.1.a.1,Oral Comprehension,LV,4.0,8,0.0,4.0,4.0,N,N,08/2020,Analyst
29-2099.08,1.A.1.a.2,Written Comprehension,IM,3.75,8,0.1637,3.4292,4.0708,N,,08/2020,Analyst
29-2099.08,1.A.1.a.2,Written Comprehension,LV,3.75,8,0.1637,3.4292,4.0708,N,N,08/2020,Analyst
29-2099.08,1.A.1.a.3,Oral Expression,IM,4.12,8,0.125,3.88,4.37,N,,08/2020,Analyst
29-2099.08,1.A.1.a.3,Oral Expression,LV,4.0,8,0.0,4.0,4.0,N,N,08/2020,Analyst
29-2099.08,1.A.1.a.4,Written Expression,IM,3.75,8,0.1637,3.4292,4.0708,N,,08/2020,Analyst
29-2099.08,1.A.1.a.4,Written Expression,LV,3.75,8,0.1637,3.4292,4.0708,N,N,08/2020,Analyst
29-2099.08,1.A.1.b.1,Fluency of Ideas,IM,3.0,8,0.0,3.0,3.0,N,,08/2020,Analyst
29-2099.08,1.A.1.b.1,Fluency of Ideas,LV,3.0,8,0.0,3.0,3.0,N,N,08/2020,Analyst
29-2099.08,1.A.1.b.2,Originality,IM,2.88,8,0.125,2.63,3.12,N,,08/2020,Analyst
29-2099.08,1.A.1.b.2,Originality,LV,3.0,8,0.0,3.0,3.0,N,N,08/2020,Analyst
29-2099.08,1.A.1.b.3,Problem Sensitivity,IM,3.62,8,0.183,3.2664,3.9836,N,,08/2020,Analyst
29-2099.08,1.A.1.b.3,Problem Sensitivity,LV,3.62,8,0.183,3.2664,3.9836,N,N,08/2020,Analyst
29-2099.08,1.A.1.b.4,Deductive Reasoning,IM,3.75,8,0.1637,3.4292,4.0708,N,,08/2020,Analyst
29-2099.08,1.A.1.b.4,Deductive Reasoning,LV,3.12,8,0.125,2.88,3.37,N,N,08/2020,Analyst
29-2099.08,1.A.1.b.5,Inductive Reasoning,IM,3.75,8,0.1637,3.4292,4.0708,N,,08/2020,Analyst
29-2099.08,1.A.1.b.5,Inductive Reasoning,LV,3.12,8,0.125,2.88,3.37,N,N,08/2020,Analyst
29-2099.08,1.A.1.b.6,Information Ordering,IM,3.5,8,0.189,3.1296,3.8704,N,,08/2020,Analyst
29-2099.08,1.A.1.b.6,Information Ordering,LV,3.0,8,0.0,3.0,3.0,N,N,08/2020,Analyst
29-2099.08,1.A.1.b.7,Category Flexibility,IM,3.12,8,0.125,2.88,3.37,N,,08/2020,Analyst
29-2099.08,1.A.1.b.7,Category Flexibility,LV,3.0,8,0.0,3.0,3.0,N,N,08/2020,Analyst
29-2099.08,1.A.1.c.1,Mathematical Reasoning,IM,2.12,8,0.125,1.88,2.37,N,,08/2020,Analyst
29-2099.08,1.A.1.c.1,Mathematical Reasoning,LV,2.38,8,0.183,2.0164,2.7336,N,N,08/2020,Analyst
29-2099.08,1.A.1.c.2,Number Facility,IM,2.12,8,0.125,1.88,2.37,N,,08/2020,Analyst
29-2099.08,1.A.1.c.2,Number Facility,LV,2.38,8,0.183,2.0164,2.7336,N,N,08/2020,Analyst
29-2099.08,1.A.1.d.1,Memorization,IM,2.62,8,0.183,2.2664,2.9836,N,,08/2020,Analyst
29-2099.08,1.A.1.d.1,Memorization,LV,2.75,8,0.1637,2.4292,3.0708,N,N,08/2020,Analyst
29-2099.08,1.A.1.e.1,Speed of Closure,IM,2.75,8,0.1637,2.4292,3.0708,N,,08/2020,Analyst
29-2099.08,1.A.1.e.1,Speed of Closure,LV,2.62,8,0.183,2.2664,2.9836,N,N,08/2020,Analyst
29-2099.08,1.A.1.e.2,Flexibility of Closure,IM,2.88,8,0.125,2.63,3.12,N,,08/2020,Analyst
29-2099.08,1.A.1.e.2,Flexibility of Closure,LV,2.88,8,0.125,2.63,3.12,N,N,08/2020,Analyst
29-2099.08,1.A.1.e.3,Perceptual Speed,IM,2.62,8,0.183,2.2664,2.9836,N,,08/2020,Analyst
29-2099.08,1.A.1.e.3,Perceptual Speed,LV,2.62,8,0.183,2.2664,2.9836,N,N,08/2020,Analyst
29-2099.08,1.A.1.f.1,Spatial Orientation,IM,1.0,8,0.0,1.0,1.0,N,,08/2020,Analyst
29-2099.08,1.A.1.f.1,Spatial Orientation,LV,0.0,8,0.0,0.0,0.0,N,Y,08/2020,Analyst
29-2099.08,1.A.1.f.2,Visualization,IM,2.0,8,0.0,2.0,2.0,N,,08/2020,Analyst
29-2099.08,1.A.1.f.2,Visualization,LV,1.88,8,0.125,1.63,2.12,N,N,08/2020,Analyst
29-2099.08,1.A.1.g.1,Selective Attention,IM,3.12,8,0.125,2.88,3.37,N,,08/2020,Analyst
29-2099.08,1.A.1.g.1,Selective Attention,LV,3.0,8,0.0,3.0,3.0,N,N,08/2020,Analyst
29-2099.08,1.A.1.g.2,Time Sharing,IM,2.88,8,0.125,2.63,3.12,N,,08/2020,Analyst
29-2099.08,1.A.1.g.2,Time Sharing,LV,2.88,8,0.125,2.63,3.12,N,N,08/2020,Analyst
29-2099.08,1.A.2.a.1,Arm-Hand Steadiness,IM,2.0,8,0.0,2.0,2.0,N,,08/2020,Analyst
29-2099.08,1.A.2.a.1,Arm-Hand Steadiness,LV,1.5,8,0.189,1.1296,1.8704,N,N,08/2020,Analyst
29-2099.08,1.A.2.a.2,Manual Dexterity,IM,1.38,8,0.183,1.0164,1.7336,N,,08/2020,Analyst
29-2099.08,1.A.2.a.2,Manual Dexterity,LV,0.38,8,0.183,0.0164,0.7336,N,N,08/2020,Analyst
29-2099.08,1.A.2.a.3,Finger Dexterity,IM,2.25,8,0.1637,1.9292,2.5708,N,,08/2020,Analyst
29-2099.08,1.A.2.a.3,Finger Dexterity,LV,1.88,8,0.125,1.63,2.12,N,N,08/2020,Analyst
29-2099.08,1.A.2.b.1,Control Precision,IM,1.38,8,0.183,1.0164,1.7336,N,,08/2020,Analyst
29-2099.08,1.A.2.b.1,Control Precision,LV,0.38,8,0.183,0.0164,0.7336,N,N,08/2020,Analyst
29-2099.08,1.A.2.b.2,Multilimb Coordination,IM,1.62,8,0.183,1.2664,1.9836,N,,08/2020,Analyst
29-2099.08,1.A.2.b.2,Multilimb Coordination,LV,0.62,8,0.183,0.2664,0.9836,N,N,08/2020,Analyst
29-2099.08,1.A.2.b.3,Response Orientation,IM,1.0,8,0.0,1.0,1.0,N,,08/2020,Analyst
29-2099.08,1.A.2.b.3,Response Orientation,LV,0.0,8,0.0,0.0,0.0,N,Y,08/2020,Analyst
29-2099.08,1.A.2.b.4,Rate Control,IM,1.0,8,0.0,1.0,1.0,N,,08/2020,Analyst
29-2099.08,1.A.2.b.4,Rate Control,LV,0.0,8,0.0,0.0,0.0,N,Y,08/2020,Analyst
29-2099.08,1.A.2.c.1,Reaction Time,IM,1.0,8,0.0,1.0,1.0,N,,08/2020,Analyst
29-2099.08,1.A.2.c.1,Reaction Time,LV,0.0,8,0.0,0.0,0.0,N,Y,08/2020,Analyst
29-2099.08,1.A.2.c.2,Wrist-Finger Speed,IM,1.12,8,0.125,1.0,1.37,N,,08/2020,Analyst
29-2099.08,1.A.2.c.2,Wrist-Finger Speed,LV,0.25,8,0.25,0.0,0.74,N,Y,08/2020,Analyst
29-2099.08,1.A.2.c.3,Speed of Limb Movement,IM,1.0,8,0.0,1.0,1.0,N,,08/2020,Analyst
29-2099.08,1.A.2.c.3,Speed of Limb Movement,LV,0.0,8,0.0,0.0,0.0,N,Y,08/2020,Analyst
29-2099.08,1.A.3.a.1,Static Strength,IM,1.88,8,0.125,1.63,2.12,N,,08/2020,Analyst
29-2099.08,1.A.3.a.1,Static Strength,LV,1.25,8,0.25,0.76,1.74,N,N,08/2020,Analyst
29-2099.08,1.A.3.a.2,Explosive Strength,IM,1.12,8,0.125,1.0,1.37,N,,08/2020,Analyst
29-2099.08,1.A.3.a.2,Explosive Strength,LV,0.25,8,0.25,0.0,0.74,N,Y,08/2020,Analyst
29-2099.08,1.A.3.a.3,Dynamic Strength,IM,1.62,8,0.183,1.2664,1.9836,N,,08/2020,Analyst
29-2099.08,1.A.3.a.3,Dynamic Strength,LV,0.75,8,0.25,0.26,1.24,N,N,08/2020,Analyst
29-2099.08,1.A.3.a.4,Trunk Strength,IM,2.0,8,0.0,2.0,2.0,N,,08/2020,Analyst
29-2099.08,1.A.3.a.4,Trunk Strength,LV,2.0,8,0.0,2.0,2.0,N,N,08/2020,Analyst
29-2099.08,1.A.3.b.1,Stamina,IM,2.0,8,0.0,2.0,2.0,N,,08/2020,Analyst
29-2099.08,1.A.3.b.1,Stamina,LV,1.88,8,0.125,1.63,2.12,N,N,08/2020,Analyst
29-2099.08,1.A.3.c.1,Extent Flexibility,IM,1.88,8,0.125,1.63,2.12,N,,08/2020,Analyst
29-2099.08,1.A.3.c.1,Extent Flexibility,LV,0.88,8,0.125,0.63,1.12,N,N,08/2020,Analyst
29-2099.08,1.A.3.c.2,Dynamic Flexibility,IM,1.0,8,0.0,1.0,1.0,N,,08/2020,Analyst
29-2099.08,1.A.3.c.2,Dynamic Flexibility,LV,0.0,8,0.0,0.0,0.0,N,Y,08/2020,Analyst
29-2099.08,1.A.3.c.3,Gross Body Coordination,IM,2.0,8,0.0,2.0,2.0,N,,08/2020,Analyst
29-2099.08,1.A.3.c.3,Gross Body Coordination,LV,1.75,8,0.1637,1.4292,2.0708,N,N,08/2020,Analyst
29-2099.08,1.A.3.c.4,Gross Body Equilibrium,IM,1.75,8,0.1637,1.4292,2.0708,N,,08/2020,Analyst
29-2099.08,1.A.3.c.4,Gross Body Equilibrium,LV,0.88,8,0.2266,0.4309,1.3191,N,N,08/2020,Analyst
29-2099.08,1.A.4.a.1,Near Vision,IM,3.75,8,0.1637,3.4292,4.0708,N,,08/2020,Analyst
29-2099.08,1.A.4.a.1,Near Vision,LV,3.88,8,0.125,3.63,4.12,N,N,08/2020,Analyst
29-2099.08,1.A.4.a.2,Far Vision,IM,2.88,8,0.125,2.63,3.12,N,,08/2020,Analyst
29-2099.08,1.A.4.a.2,Far Vision,LV,2.75,8,0.1637,2.4292,3.0708,N,N,08/2020,Analyst
29-2099.08,1.A.4.a.3,Visual Color Discrimination,IM,2.12,8,0.125,1.88,2.37,N,,08/2020,Analyst
29-2099.08,1.A.4.a.3,Visual Color Discrimination,LV,2.0,8,0.0,2.0,2.0,N,N,08/2020,Analyst
29-2099.08,1.A.4.a.4,Night Vision,IM,1.0,8,0.0,1.0,1.0,N,,08/2020,Analyst
29-2099.08,1.A.4.a.4,Night Vision,LV,0.0,8,0.0,0.0,0.0,N,Y,08/2020,Analyst
29-2099.08,1.A.4.a.5,Peripheral Vision,IM,1.0,8,0.0,1.0,1.0,N,,08/2020,Analyst
29-2099.08,1.A.4.a.5,Peripheral Vision,LV,0.0,8,0.0,0.0,0.0,N,Y,08/2020,Analyst
29-2099.08,1.A.4.a.6,Depth Perception,IM,1.75,8,0.1637,1.4292,2.0708,N,,08/2020,Analyst
29-2099.08,1.A.4.a.6,Depth Perception,LV,0.75,8,0.1637,0.4292,1.0708,N,N,08/2020,Analyst
29-2099.08,1.A.4.a.7,Glare Sensitivity,IM,1.0,8,0.0,1.0,1.0,N,,08/2020,Analyst
29-2099.08,1.A.4.a.7,Glare Sensitivity,LV,0.0,8,0.0,0.0,0.0,N,Y,08/2020,Analyst
29-2099.08,1.A.4.b.1,Hearing Sensitivity,IM,2.12,8,0.125,1.88,2.37,N,,08/2020,Analyst
29-2099.08,1.A.4.b.1,Hearing Sensitivity,LV,1.88,8,0.2266,1.4309,2.3191,N,N,08/2020,Analyst
29-2099.08,1.A.4.b.2,Auditory Attention,IM,2.12,8,0.125,1.88,2.37,N,,08/2020,Analyst
29-2099.08,1.A.4.b.2,Auditory Attention,LV,2.0,8,0.0,2.0,2.0,N,N,08/2020,Analyst
29-2099.08,1.A.4.b.3,Sound Localization,IM,1.12,8,0.125,1.0,1.37,N,,08/2020,Analyst
29-2099.08,1.A.4.b.3,Sound Localization,LV,0.12,8,0.125,0.0,0.37,N,Y,08/2020,Analyst
29-2099.08,1.A.4.b.4,Speech Recognition,IM,3.75,8,0.1637,3.4292,4.0708,N,,08/2020,Analyst
29-2099.08,1.A.4.b.4,Speech Recognition,LV,3.75,8,0.1637,3.4292,4.0708,N,N,08/2020,Analyst
29-2099.08,1.A.4.b.5,Speech Clarity,IM,3.75,8,0.1637,3.4292,4.0708,N,,08/2020,Analyst
29-2099.08,1.A.4.b.5,Speech Clarity,LV,3.62,8,0.183,3.2664,3.9836,N,N,08/2020,Analyst
29-9091.00,1.A.1.a.1,Oral Comprehension,IM,3.62,8,0.2631,3.1094,4.1406,N,,08/2021,Analyst
29-9091.00,1.A.1.a.1,Oral Comprehension,LV,4.0,8,0.0,4.0,4.0,N,N,08/2021,Analyst
29-9091.00,1.A.1.a.2,Written Comprehension,IM,3.88,8,0.125,3.63,4.12,N,,08/2021,Analyst
29-9091.00,1.A.1.a.2,Written Comprehension,LV,3.88,8,0.125,3.63,4.12,N,N,08/2021,Analyst
29-9091.00,1.A.1.a.3,Oral Expression,IM,4.0,8,0.0,4.0,4.0,N,,08/2021,Analyst
29-9091.00,1.A.1.a.3,Oral Expression,LV,4.0,8,0.0,4.0,4.0,N,N,08/2021,Analyst
29-9091.00,1.A.1.a.4,Written Expression,IM,3.75,8,0.1637,3.4292,4.0708,N,,08/2021,Analyst
29-9091.00,1.A.1.a.4,Written Expression,LV,3.88,8,0.125,3.63,4.12,N,N,08/2021,Analyst
29-9091.00,1.A.1.b.1,Fluency of Ideas,IM,3.12,8,0.125,2.88,3.37,N,,08/2021,Analyst
29-9091.00,1.A.1.b.1,Fluency of Ideas,LV,3.38,8,0.183,3.0164,3.7336,N,N,08/2021,Analyst
29-9091.00,1.A.1.b.2,Originality,IM,3.12,8,0.125,2.88,3.37,N,,08/2021,Analyst
29-9091.00,1.A.1.b.2,Originality,LV,3.12,8,0.125,2.88,3.37,N,N,08/2021,Analyst
29-9091.00,1.A.1.b.3,Problem Sensitivity,IM,4.12,8,0.2266,3.6809,4.5691,N,,08/2021,Analyst
29-9091.00,1.A.1.b.3,Problem Sensitivity,LV,4.75,8,0.1637,4.4292,5.0708,N,N,08/2021,Analyst
29-9091.00,1.A.1.b.4,Deductive Reasoning,IM,3.75,8,0.1637,3.4292,4.0708,N,,08/2021,Analyst
29-9091.00,1.A.1.b.4,Deductive Reasoning,LV,4.12,8,0.125,3.88,4.37,N,N,08/2021,Analyst
29-9091.00,1.A.1.b.5,Inductive Reasoning,IM,3.75,8,0.1637,3.4292,4.0708,N,,08/2021,Analyst
29-9091.00,1.A.1.b.5,Inductive Reasoning,LV,4.12,8,0.125,3.88,4.37,N,N,08/2021,Analyst
29-9091.00,1.A.1.b.6,Information Ordering,IM,3.75,8,0.1637,3.4292,4.0708,N,,08/2021,Analyst
29-9091.00,1.A.1.b.6,Information Ordering,LV,3.88,8,0.125,3.63,4.12,N,N,08/2021,Analyst
29-9091.00,1.A.1.b.7,Category Flexibility,IM,3.0,8,0.0,3.0,3.0,N,,08/2021,Analyst
29-9091.00,1.A.1.b.7,Category Flexibility,LV,3.25,8,0.1637,2.9292,3.5708,N,N,08/2021,Analyst
29-9091.00,1.A.1.c.1,Mathematical Reasoning,IM,2.0,8,0.0,2.0,2.0,N,,08/2021,Analyst
29-9091.00,1.A.1.c.1,Mathematical Reasoning,LV,2.0,8,0.0,2.0,2.0,N,N,08/2021,Analyst
29-9091.00,1.A.1.c.2,Number Facility,IM,2.0,8,0.0,2.0,2.0,N,,08/2021,Analyst
29-9091.00,1.A.1.c.2,Number Facility,LV,2.0,8,0.0,2.0,2.0,N,N,08/2021,Analyst
29-9091.00,1.A.1.d.1,Memorization,IM,2.75,8,0.1637,2.4292,3.0708,N,,08/2021,Analyst
29-9091.00,1.A.1.d.1,Memorization,LV,2.75,8,0.1637,2.4292,3.0708,N,N,08/2021,Analyst
29-9091.00,1.A.1.e.1,Speed of Closure,IM,2.75,8,0.1637,2.4292,3.0708,N,,08/2021,Analyst
29-9091.00,1.A.1.e.1,Speed of Closure,LV,2.88,8,0.125,2.63,3.12,N,N,08/2021,Analyst
29-9091.00,1.A.1.e.2,Flexibility of Closure,IM,3.12,8,0.125,2.88,3.37,N,,08/2021,Analyst
29-9091.00,1.A.1.e.2,Flexibility of Closure,LV,3.62,8,0.183,3.2664,3.9836,N,N,08/2021,Analyst
29-9091.00,1.A.1.e.3,Perceptual Speed,IM,2.88,8,0.125,2.63,3.12,N,,08/2021,Analyst
29-9091.00,1.A.1.e.3,Perceptual Speed,LV,3.0,8,0.0,3.0,3.0,N,N,08/2021,Analyst
29-9091.00,1.A.1.f.1,Spatial Orientation,IM,1.0,8,0.0,1.0,1.0,N,,08/2021,Analyst
29-9091.00,1.A.1.f.1,Spatial Orientation,LV,0.0,8,0.0,0.0,0.0,N,Y,08/2021,Analyst
29-9091.00,1.A.1.f.2,Visualization,IM,2.75,8,0.1637,2.4292,3.0708,N,,08/2021,Analyst
29-9091.00,1.A.1.f.2,Visualization,LV,3.5,8,0.189,3.1296,3.8704,N,N,08/2021,Analyst
29-9091.00,1.A.1.g.1,Selective Attention,IM,3.0,8,0.0,3.0,3.0,N,,08/2021,Analyst
29-9091.00,1.A.1.g.1,Selective Attention,LV,3.12,8,0.125,2.88,3.37,N,N,08/2021,Analyst
29-9091.00,1.A.1.g.2,Time Sharing,IM,2.75,8,0.1637,2.4292,3.0708,N,,08/2021,Analyst
29-9091.00,1.A.1.g.2,Time Sharing,LV,2.5,8,0.189,2.1296,2.8704,N,N,08/2021,Analyst
29-9091.00,1.A.2.a.1,Arm-Hand Steadiness,IM,3.0,8,0.189,2.6296,3.3704,N,,08/2021,Analyst
29-9091.00,1.A.2.a.1,Arm-Hand Steadiness,LV,2.88,8,0.125,2.63,3.12,N,N,08/2021,Analyst
29-9091.00,1.A.2.a.2,Manual Dexterity,IM,3.0,8,0.0,3.0,3.0,N,,08/2021,Analyst
29-9091.00,1.A.2.a.2,Manual Dexterity,LV,2.88,8,0.125,2.63,3.12,N,N,08/2021,Analyst
29-9091.00,1.A.2.a.3,Finger Dexterity,IM,3.0,8,0.0,3.0,3.0,N,,08/2021,Analyst
29-9091.00,1.A.2.a.3,Finger Dexterity,LV,3.0,8,0.0,3.0,3.0,N,N,08/2021,Analyst
29-9091.00,1.A.2.b.1,Control Precision,IM,2.38,8,0.183,2.0164,2.7336,N,,08/2021,Analyst
29-9091.00,1.A.2.b.1,Control Precision,LV,2.0,8,0.189,1.6296,2.3704,N,N,08/2021,Analyst
29-9091.00,1.A.2.b.2,Multilimb Coordination,IM,3.12,8,0.125,2.88,3.37,N,,08/2021,Analyst
29-9091.00,1.A.2.b.2,Multilimb Coordination,LV,3.0,8,0.0,3.0,3.0,N,N,08/2021,Analyst
29-9091.00,1.A.2.b.3,Response Orientation,IM,1.75,8,0.1637,1.4292,2.0708,N,,08/2021,Analyst
29-9091.00,1.A.2.b.3,Response Orientation,LV,0.88,8,0.2266,0.4309,1.3191,N,N,08/2021,Analyst
29-9091.00,1.A.2.b.4,Rate Control,IM,1.38,8,0.183,1.0164,1.7336,N,,08/2021,Analyst
29-9091.00,1.A.2.b.4,Rate Control,LV,0.38,8,0.183,0.0164,0.7336,N,N,08/2021,Analyst
29-9091.00,1.A.2.c.1,Reaction Time,IM,1.38,8,0.183,1.0164,1.7336,N,,08/2021,Analyst
29-9091.00,1.A.2.c.1,Reaction Time,LV,0.38,8,0.183,0.0164,0.7336,N,N,08/2021,Analyst
29-9091.00,1.A.2.c.2,Wrist-Finger Speed,IM,1.88,8,0.125,1.63,2.12,N,,08/2021,Analyst
29-9091.00,1.A.2.c.2,Wrist-Finger Speed,LV,1.25,8,0.3134,0.6358,1.8642,N,N,08/2021,Analyst
29-9091.00,1.A.2.c.3,Speed of Limb Movement,IM,1.88,8,0.125,1.63,2.12,N,,08/2021,Analyst
29-9091.00,1.A.2.c.3,Speed of Limb Movement,LV,1.5,8,0.2673,0.9762,2.0238,N,N,08/2021,Analyst
29-9091.00,1.A.3.a.1,Static Strength,IM,3.0,8,0.0,3.0,3.0,N,,08/2021,Analyst
29-9091.00,1.A.3.a.1,Static Strength,LV,3.0,8,0.0,3.0,3.0,N,N,08/2021,Analyst
29-9091.00,1.A.3.a.2,Explosive Strength,IM,2.0,8,0.0,2.0,2.0,N,,08/2021,Analyst
29-9091.00,1.A.3.a.2,Explosive Strength,LV,1.62,8,0.2631,1.1094,2.1406,N,N,08/2021,Analyst
29-9091.00,1.A.3.a.3,Dynamic Strength,IM,2.5,8,0.189,2.1296,2.8704,N,,08/2021,Analyst
29-9091.00,1.A.3.a.3,Dynamic Strength,LV,2.25,8,0.1637,1.9292,2.5708,N,N,08/2021,Analyst
29-9091.00,1.A.3.a.4,Trunk Strength,IM,2.88,8,0.125,2.63,3.12,N,,08/2021,Analyst
29-9091.00,1.A.3.a.4,Trunk Strength,LV,3.0,8,0.0,3.0,3.0,N,N,08/2021,Analyst
29-9091.00,1.A.3.b.1,Stamina,IM,2.88,8,0.125,2.63,3.12,N,,08/2021,Analyst
29-9091.00,1.A.3.b.1,Stamina,LV,2.88,8,0.125,2.63,3.12,N,N,08/2021,Analyst
29-9091.00,1.A.3.c.1,Extent Flexibility,IM,2.12,8,0.125,1.88,2.37,N,,08/2021,Analyst
29-9091.00,1.A.3.c.1,Extent Flexibility,LV,2.75,8,0.1637,2.4292,3.0708,N,N,08/2021,Analyst
29-9091.00,1.A.3.c.2,Dynamic Flexibility,IM,1.62,8,0.183,1.2664,1.9836,N,,08/2021,Analyst
29-9091.00,1.A.3.c.2,Dynamic Flexibility,LV,1.0,8,0.378,0.2592,1.7408,N,N,08/2021,Analyst
29-9091.00,1.A.3.c.3,Gross Body Coordination,IM,2.62,8,0.183,2.2664,2.9836,N,,08/2021,Analyst
29-9091.00,1.A.3.c.3,Gross Body Coordination,LV,2.75,8,0.1637,2.4292,3.0708,N,N,08/2021,Analyst
29-9091.00,1.A.3.c.4,Gross Body Equilibrium,IM,2.0,8,0.0,2.0,2.0,N,,08/2021,Analyst
29-9091.00,1.A.3.c.4,Gross Body Equilibrium,LV,1.5,8,0.189,1.1296,1.8704,N,N,08/2021,Analyst
29-9091.00,1.A.4.a.1,Near Vision,IM,3.38,8,0.183,3.0164,3.7336,N,,08/2021,Analyst
29-9091.00,1.A.4.a.1,Near Vision,LV,3.62,8,0.183,3.2664,3.9836,N,N,08/2021,Analyst
29-9091.00,1.A.4.a.2,Far Vision,IM,3.0,8,0.0,3.0,3.0,N,,08/2021,Analyst
29-9091.00,1.A.4.a.2,Far Vision,LV,3.0,8,0.0,3.0,3.0,N,N,08/2021,Analyst
29-9091.00,1.A.4.a.3,Visual Color Discrimination,IM,2.5,8,0.189,2.1296,2.8704,N,,08/2021,Analyst
29-9091.00,1.A.4.a.3,Visual Color Discrimination,LV,2.75,8,0.1637,2.4292,3.0708,N,N,08/2021,Analyst
29-9091.00,1.A.4.a.4,Night Vision,IM,1.0,8,0.0,1.0,1.0,N,,08/2021,Analyst
29-9091.00,1.A.4.a.4,Night Vision,LV,0.0,8,0.0,0.0,0.0,N,Y,08/2021,Analyst
29-9091.00,1.A.4.a.5,Peripheral Vision,IM,1.0,8,0.0,1.0,1.0,N,,08/2021,Analyst
29-9091.00,1.A.4.a.5,Peripheral Vision,LV,0.0,8,0.0,0.0,0.0,N,Y,08/2021,Analyst
29-9091.00,1.A.4.a.6,Depth Perception,IM,2.38,8,0.183,2.0164,2.7336,N,,08/2021,Analyst
29-9091.00,1.A.4.a.6,Depth Perception,LV,2.0,8,0.0,2.0,2.0,N,N,08/2021,Analyst
29-9091.00,1.A.4.a.7,Glare Sensitivity,IM,1.0,8,0.0,1.0,1.0,N,,08/2021,Analyst
29-9091.00,1.A.4.a.7,Glare Sensitivity,LV,0.0,8,0.0,0.0,0.0,N,Y,08/2021,Analyst
29-9091.00,1.A.4.b.1,Hearing Sensitivity,IM,2.62,8,0.183,2.2664,2.9836,N,,08/2021,Analyst
29-9091.00,1.A.4.b.1,Hearing Sensitivity,LV,2.38,8,0.183,2.0164,2.7336,N,N,08/2021,Analyst
29-9091.00,1.A.4.b.2,Auditory Attention,IM,2.62,8,0.183,2.2664,2.9836,N,,08/2021,Analyst
29-9091.00,1.A.4.b.2,Auditory Attention,LV,2.38,8,0.183,2.0164,2.7336,N,N,08/2021,Analyst
29-9091.00,1.A.4.b.3,Sound Localization,IM,1.0,8,0.0,1.0,1.0,N,,08/2021,Analyst
29-9091.00,1.A.4.b.3,Sound Localization,LV,0.0,8,0.0,0.0,0.0,N,Y,08/2021,Analyst
29-9091.00,1.A.4.b.4,Speech Recognition,IM,3.88,8,0.125,3.63,4.12,N,,08/2021,Analyst
29-9091.00,1.A.4.b.4,Speech Recognition,LV,3.75,8,0.1637,3.4292,4.0708,N,N,08/2021,Analyst
29-9091.00,1.A.4.b.5,Speech Clarity,IM,3.88,8,0.125,3.63,4.12,N,,08/2021,Analyst
29-9091.00,1.A.4.b.5,Speech Clarity,LV,3.75,8,0.1637,3.4292,4.0708,N,N,08/2021,Analyst
29-9092.00,1.A.1.a.1,Oral Comprehension,IM,4.0,8,0.0,4.0,4.0,N,,07/2014,Analyst
29-9092.00,1.A.1.a.1,Oral Comprehension,LV,4.88,8,0.125,4.63,5.12,N,N,07/2014,Analyst
29-9092.00,1.A.1.a.2,Written Comprehension,IM,4.25,8,0.1637,3.9292,4.5708,N,,07/2014,Analyst
29-9092.00,1.A.1.a.2,Written Comprehension,LV,4.88,8,0.125,4.63,5.12,N,N,07/2014,Analyst
29-9092.00,1.A.1.a.3,Oral Expression,IM,4.0,8,0.0,4.0,4.0,N,,07/2014,Analyst
29-9092.00,1.A.1.a.3,Oral Expression,LV,5.0,8,0.0,5.0,5.0,N,N,07/2014,Analyst
29-9092.00,1.A.1.a.4,Written Expression,IM,4.0,8,0.0,4.0,4.0,N,,07/2014,Analyst
29-9092.00,1.A.1.a.4,Written Expression,LV,4.88,8,0.125,4.63,5.12,N,N,07/2014,Analyst
29-9092.00,1.A.1.b.1,Fluency of Ideas,IM,3.12,8,0.125,2.88,3.37,N,,07/2014,Analyst
29-9092.00,1.A.1.b.1,Fluency of Ideas,LV,3.25,8,0.1637,2.9292,3.5708,N,N,07/2014,Analyst
29-9092.00,1.A.1.b.2,Originality,IM,3.12,8,0.125,2.88,3.37,N,,07/2014,Analyst
29-9092.00,1.A.1.b.2,Originality,LV,3.12,8,0.125,2.88,3.37,N,N,07/2014,Analyst
29-9092.00,1.A.1.b.3,Problem Sensitivity,IM,4.0,8,0.0,4.0,4.0,N,,07/2014,Analyst
29-9092.00,1.A.1.b.3,Problem Sensitivity,LV,4.0,8,0.0,4.0,4.0,N,N,07/2014,Analyst
29-9092.00,1.A.1.b.4,Deductive Reasoning,IM,4.12,8,0.125,3.88,4.37,N,,07/2014,Analyst
29-9092.00,1.A.1.b.4,Deductive Reasoning,LV,4.62,8,0.183,4.2664,4.9836,N,N,07/2014,Analyst
29-9092.00,1.A.1.b.5,Inductive Reasoning,IM,4.0,8,0.0,4.0,4.0,N,,07/2014,Analyst
29-9092.00,1.A.1.b.5,Inductive Reasoning,LV,4.62,8,0.183,4.2664,4.9836,N,N,07/2014,Analyst
29-9092.00,1.A.1.b.6,Information Ordering,IM,3.88,8,0.125,3.63,4.12,N,,07/2014,Analyst
29-9092.00,1.A.1.b.6,Information Ordering,LV,4.0,8,0.0,4.0,4.0,N,N,07/2014,Analyst
29-9092.00,1.A.1.b.7,Category Flexibility,IM,3.12,8,0.125,2.88,3.37,N,,07/2014,Analyst
29-9092.00,1.A.1.b.7,Category Flexibility,LV,3.5,8,0.189,3.1296,3.8704,N,N,07/2014,Analyst
29-9092.00,1.A.1.c.1,Mathematical Reasoning,IM,3.12,8,0.125,2.88,3.37,N,,07/2014,Analyst
29-9092.00,1.A.1.c.1,Mathematical Reasoning,LV,3.12,8,0.125,2.88,3.37,N,N,07/2014,Analyst
29-9092.00,1.A.1.c.2,Number Facility,IM,2.88,8,0.125,2.63,3.12,N,,07/2014,Analyst
29-9092.00,1.A.1.c.2,Number Facility,LV,2.88,8,0.125,2.63,3.12,N,N,07/2014,Analyst
29-9092.00,1.A.1.d.1,Memorization,IM,2.88,8,0.125,2.63,3.12,N,,07/2014,Analyst
29-9092.00,1.A.1.d.1,Memorization,LV,2.88,8,0.125,2.63,3.12,N,N,07/2014,Analyst
29-9092.00,1.A.1.e.1,Speed of Closure,IM,2.88,8,0.125,2.63,3.12,N,,07/2014,Analyst
29-9092.00,1.A.1.e.1,Speed of Closure,LV,2.88,8,0.125,2.63,3.12,N,N,07/2014,Analyst
29-9092.00,1.A.1.e.2,Flexibility of Closure,IM,3.12,8,0.125,2.88,3.37,N,,07/2014,Analyst
29-9092.00,1.A.1.e.2,Flexibility of Closure,LV,3.12,8,0.125,2.88,3.37,N,N,07/2014,Analyst
29-9092.00,1.A.1.e.3,Perceptual Speed,IM,2.88,8,0.2266,2.4309,3.3191,N,,07/2014,Analyst
29-9092.00,1.A.1.e.3,Perceptual Speed,LV,3.0,8,0.189,2.6296,3.3704,N,N,07/2014,Analyst
29-9092.00,1.A.1.f.1,Spatial Orientation,IM,1.0,8,0.0,1.0,1.0,N,,07/2014,Analyst
29-9092.00,1.A.1.f.1,Spatial Orientation,LV,0.0,8,0.0,0.0,0.0,N,Y,07/2014,Analyst
29-9092.00,1.A.1.f.2,Visualization,IM,2.62,8,0.183,2.2664,2.9836,N,,07/2014,Analyst
29-9092.00,1.A.1.f.2,Visualization,LV,2.62,8,0.183,2.2664,2.9836,N,N,07/2014,Analyst
29-9092.00,1.A.1.g.1,Selective Attention,IM,3.0,8,0.0,3.0,3.0,N,,07/2014,Analyst
29-9092.00,1.A.1.g.1,Selective Attention,LV,2.88,8,0.125,2.63,3.12,N,N,07/2014,Analyst
29-9092.00,1.A.1.g.2,Time Sharing,IM,2.75,8,0.1637,2.4292,3.0708,N,,07/2014,Analyst
29-9092.00,1.A.1.g.2,Time Sharing,LV,2.75,8,0.1637,2.4292,3.0708,N,N,07/2014,Analyst
29-9092.00,1.A.2.a.1,Arm-Hand Steadiness,IM,1.0,8,0.0,1.0,1.0,N,,07/2014,Analyst
29-9092.00,1.A.2.a.1,Arm-Hand Steadiness,LV,0.0,8,0.0,0.0,0.0,N,Y,07/2014,Analyst
29-9092.00,1.A.2.a.2,Manual Dexterity,IM,1.0,8,0.0,1.0,1.0,N,,07/2014,Analyst
29-9092.00,1.A.2.a.2,Manual Dexterity,LV,0.0,8,0.0,0.0,0.0,N,Y,07/2014,Analyst
29-9092.00,1.A.2.a.3,Finger Dexterity,IM,2.25,8,0.1637,1.9292,2.5708,N,,07/2014,Analyst
29-9092.00,1.A.2.a.3,Finger Dexterity,LV,2.25,8,0.1637,1.9292,2.5708,N,N,07/2014,Analyst
29-9092.00,1.A.2.b.1,Control Precision,IM,1.12,8,0.125,1.0,1.37,N,,07/2014,Analyst
29-9092.00,1.A.2.b.1,Control Precision,LV,0.12,8,0.125,0.0,0.37,N,Y,07/2014,Analyst
29-9092.00,1.A.2.b.2,Multilimb Coordination,IM,1.0,8,0.0,1.0,1.0,N,,07/2014,Analyst
29-9092.00,1.A.2.b.2,Multilimb Coordination,LV,0.0,8,0.0,0.0,0.0,N,Y,07/2014,Analyst
29-9092.00,1.A.2.b.3,Response Orientation,IM,1.0,8,0.0,1.0,1.0,N,,07/2014,Analyst
29-9092.00,1.A.2.b.3,Response Orientation,LV,0.0,8,0.0,0.0,0.0,N,Y,07/2014,Analyst
29-9092.00,1.A.2.b.4,Rate Control,IM,1.0,8,0.0,1.0,1.0,N,,07/2014,Analyst
29-9092.00,1.A.2.b.4,Rate Control,LV,0.0,8,0.0,0.0,0.0,N,Y,07/2014,Analyst
29-9092.00,1.A.2.c.1,Reaction Time,IM,1.0,8,0.0,1.0,1.0,N,,07/2014,Analyst
29-9092.00,1.A.2.c.1,Reaction Time,LV,0.0,8,0.0,0.0,0.0,N,Y,07/2014,Analyst
29-9092.00,1.A.2.c.2,Wrist-Finger Speed,IM,1.0,8,0.0,1.0,1.0,N,,07/2014,Analyst
29-9092.00,1.A.2.c.2,Wrist-Finger Speed,LV,0.0,8,0.0,0.0,0.0,N,Y,07/2014,Analyst
29-9092.00,1.A.2.c.3,Speed of Limb Movement,IM,1.0,8,0.0,1.0,1.0,N,,07/2014,Analyst
29-9092.00,1.A.2.c.3,Speed of Limb Movement,LV,0.0,8,0.0,0.0,0.0,N,Y,07/2014,Analyst
29-9092.00,1.A.3.a.1,Static Strength,IM,1.0,8,0.0,1.0,1.0,N,,07/2014,Analyst
29-9092.00,1.A.3.a.1,Static Strength,LV,0.0,8,0.0,0.0,0.0,N,Y,07/2014,Analyst
29-9092.00,1.A.3.a.2,Explosive Strength,IM,1.0,8,0.0,1.0,1.0,N,,07/2014,Analyst
29-9092.00,1.A.3.a.2,Explosive Strength,LV,0.0,8,0.0,0.0,0.0,N,Y,07/2014,Analyst
29-9092.00,1.A.3.a.3,Dynamic Strength,IM,1.0,8,0.0,1.0,1.0,N,,07/2014,Analyst
29-9092.00,1.A.3.a.3,Dynamic Strength,LV,0.0,8,0.0,0.0,0.0,N,Y,07/2014,Analyst
29-9092.00,1.A.3.a.4,Trunk Strength,IM,1.12,8,0.125,1.0,1.37,N,,07/2014,Analyst
29-9092.00,1.A.3.a.4,Trunk Strength,LV,0.12,8,0.125,0.0,0.37,N,Y,07/2014,Analyst
29-9092.00,1.A.3.b.1,Stamina,IM,1.0,8,0.0,1.0,1.0,N,,07/2014,Analyst
29-9092.00,1.A.3.b.1,Stamina,LV,0.0,8,0.0,0.0,0.0,N,Y,07/2014,Analyst
29-9092.00,1.A.3.c.1,Extent Flexibility,IM,1.0,8,0.0,1.0,1.0,N,,07/2014,Analyst
29-9092.00,1.A.3.c.1,Extent Flexibility,LV,0.0,8,0.0,0.0,0.0,N,Y,07/2014,Analyst
29-9092.00,1.A.3.c.2,Dynamic Flexibility,IM,1.0,8,0.0,1.0,1.0,N,,07/2014,Analyst
29-9092.00,1.A.3.c.2,Dynamic Flexibility,LV,0.0,8,0.0,0.0,0.0,N,Y,07/2014,Analyst
29-9092.00,1.A.3.c.3,Gross Body Coordination,IM,1.0,8,0.0,1.0,1.0,N,,07/2014,Analyst
29-9092.00,1.A.3.c.3,Gross Body Coordination,LV,0.0,8,0.0,0.0,0.0,N,Y,07/2014,Analyst
29-9092.00,1.A.3.c.4,Gross Body Equilibrium,IM,1.0,8,0.0,1.0,1.0,N,,07/2014,Analyst
29-9092.00,1.A.3.c.4,Gross Body Equilibrium,LV,0.0,8,0.0,0.0,0.0,N,Y,07/2014,Analyst
29-9092.00,1.A.4.a.1,Near Vision,IM,3.38,8,0.183,3.0164,3.7336,N,,07/2014,Analyst
29-9092.00,1.A.4.a.1,Near Vision,LV,3.75,8,0.1637,3.4292,4.0708,N,N,07/2014,Analyst
29-9092.00,1.A.4.a.2,Far Vision,IM,2.75,8,0.1637,2.4292,3.0708,N,,07/2014,Analyst
29-9092.00,1.A.4.a.2,Far Vision,LV,2.88,8,0.125,2.63,3.12,N,N,07/2014,Analyst
29-9092.00,1.A.4.a.3,Visual Color Discrimination,IM,2.12,8,0.125,1.88,2.37,N,,07/2014,Analyst
29-9092.00,1.A.4.a.3,Visual Color Discrimination,LV,2.5,8,0.189,2.1296,2.8704,N,N,07/2014,Analyst
29-9092.00,1.A.4.a.4,Night Vision,IM,1.0,8,0.0,1.0,1.0,N,,07/2014,Analyst
29-9092.00,1.A.4.a.4,Night Vision,LV,0.0,8,0.0,0.0,0.0,N,Y,07/2014,Analyst
29-9092.00,1.A.4.a.5,Peripheral Vision,IM,1.0,8,0.0,1.0,1.0,N,,07/2014,Analyst
29-9092.00,1.A.4.a.5,Peripheral Vision,LV,0.0,8,0.0,0.0,0.0,N,Y,07/2014,Analyst
29-9092.00,1.A.4.a.6,Depth Perception,IM,1.0,8,0.0,1.0,1.0,N,,07/2014,Analyst
29-9092.00,1.A.4.a.6,Depth Perception,LV,0.0,8,0.0,0.0,0.0,N,Y,07/2014,Analyst
29-9092.00,1.A.4.a.7,Glare Sensitivity,IM,1.0,8,0.0,1.0,1.0,N,,07/2014,Analyst
29-9092.00,1.A.4.a.7,Glare Sensitivity,LV,0.0,8,0.0,0.0,0.0,N,Y,07/2014,Analyst
29-9092.00,1.A.4.b.1,Hearing Sensitivity,IM,1.88,8,0.125,1.63,2.12,N,,07/2014,Analyst
29-9092.00,1.A.4.b.1,Hearing Sensitivity,LV,1.75,8,0.25,1.26,2.24,N,N,07/2014,Analyst
29-9092.00,1.A.4.b.2,Auditory Attention,IM,2.0,8,0.0,2.0,2.0,N,,07/2014,Analyst
29-9092.00,1.A.4.b.2,Auditory Attention,LV,1.5,8,0.189,1.1296,1.8704,N,N,07/2014,Analyst
29-9092.00,1.A.4.b.3,Sound Localization,IM,1.0,8,0.0,1.0,1.0,N,,07/2014,Analyst
29-9092.00,1.A.4.b.3,Sound Localization,LV,0.0,8,0.0,0.0,0.0,N,Y,07/2014,Analyst
29-9092.00,1.A.4.b.4,Speech Recognition,IM,3.88,8,0.125,3.63,4.12,N,,07/2014,Analyst
29-9092.00,1.A.4.b.4,Speech Recognition,LV,3.5,8,0.189,3.1296,3.8704,N,N,07/2014,Analyst
29-9092.00,1.A.4.b.5,Speech Clarity,IM,3.75,8,0.1637,3.4292,4.0708,N,,07/2014,Analyst
29-9092.00,1.A.4.b.5,Speech Clarity,LV,3.5,8,0.189,3.1296,3.8704,N,N,07/2014,Analyst
29-9093.00,1.A.1.a.1,Oral Comprehension,IM,4.12,8,0.125,3.88,4.37,N,,07/2015,Analyst
29-9093.00,1.A.1.a.1,Oral Comprehension,LV,4.0,8,0.189,3.6296,4.3704,N,N,07/2015,Analyst
29-9093.00,1.A.1.a.2,Written Comprehension,IM,3.75,8,0.1637,3.4292,4.0708,N,,07/2015,Analyst
29-9093.00,1.A.1.a.2,Written Comprehension,LV,3.75,8,0.1637,3.4292,4.0708,N,N,07/2015,Analyst
29-9093.00,1.A.1.a.3,Oral Expression,IM,3.88,8,0.125,3.63,4.12,N,,07/2015,Analyst
29-9093.00,1.A.1.a.3,Oral Expression,LV,3.88,8,0.125,3.63,4.12,N,N,07/2015,Analyst
29-9093.00,1.A.1.a.4,Written Expression,IM,3.25,8,0.25,2.76,3.74,N,,07/2015,Analyst
29-9093.00,1.A.1.a.4,Written Expression,LV,3.5,8,0.189,3.1296,3.8704,N,N,07/2015,Analyst
29-9093.00,1.A.1.b.1,Fluency of Ideas,IM,2.88,8,0.125,2.63,3.12,N,,07/2015,Analyst
29-9093.00,1.A.1.b.1,Fluency of Ideas,LV,2.75,8,0.1637,2.4292,3.0708,N,N,07/2015,Analyst
29-9093.00,1.A.1.b.2,Originality,IM,2.88,8,0.125,2.63,3.12,N,,07/2015,Analyst
29-9093.00,1.A.1.b.2,Originality,LV,2.88,8,0.125,2.63,3.12,N,N,07/2015,Analyst
29-9093.00,1.A.1.b.3,Problem Sensitivity,IM,3.88,8,0.2266,3.4309,4.3191,N,,07/2015,Analyst
29-9093.00,1.A.1.b.3,Problem Sensitivity,LV,3.88,8,0.125,3.63,4.12,N,N,07/2015,Analyst
29-9093.00,1.A.1.b.4,Deductive Reasoning,IM,3.5,8,0.189,3.1296,3.8704,N,,07/2015,Analyst
29-9093.00,1.A.1.b.4,Deductive Reasoning,LV,3.62,8,0.183,3.2664,3.9836,N,N,07/2015,Analyst
29-9093.00,1.A.1.b.5,Inductive Reasoning,IM,3.5,8,0.189,3.1296,3.8704,N,,07/2015,Analyst
29-9093.00,1.A.1.b.5,Inductive Reasoning,LV,3.62,8,0.183,3.2664,3.9836,N,N,07/2015,Analyst
29-9093.00,1.A.1.b.6,Information Ordering,IM,3.62,8,0.183,3.2664,3.9836,N,,07/2015,Analyst
29-9093.00,1.A.1.b.6,Information Ordering,LV,3.5,8,0.189,3.1296,3.8704,N,N,07/2015,Analyst
29-9093.00,1.A.1.b.7,Category Flexibility,IM,3.12,8,0.2266,2.6809,3.5691,N,,07/2015,Analyst
29-9093.00,1.A.1.b.7,Category Flexibility,LV,3.0,8,0.189,2.6296,3.3704,N,N,07/2015,Analyst
29-9093.00,1.A.1.c.1,Mathematical Reasoning,IM,2.5,8,0.2673,1.9762,3.0238,N,,07/2015,Analyst
29-9093.00,1.A.1.c.1,Mathematical Reasoning,LV,2.5,8,0.3273,1.8584,3.1416,N,N,07/2015,Analyst
29-9093.00,1.A.1.c.2,Number Facility,IM,2.75,8,0.25,2.26,3.24,N,,07/2015,Analyst
29-9093.00,1.A.1.c.2,Number Facility,LV,2.62,8,0.3239,1.9902,3.2598,N,N,07/2015,Analyst
29-9093.00,1.A.1.d.1,Memorization,IM,3.0,8,0.3273,2.3584,3.6416,N,,07/2015,Analyst
29-9093.00,1.A.1.d.1,Memorization,LV,3.0,8,0.2673,2.4762,3.5238,N,N,07/2015,Analyst
29-9093.00,1.A.1.e.1,Speed of Closure,IM,3.0,8,0.2673,2.4762,3.5238,N,,07/2015,Analyst
29-9093.00,1.A.1.e.1,Speed of Closure,LV,3.0,8,0.2673,2.4762,3.5238,N,N,07/2015,Analyst
29-9093.00,1.A.1.e.2,Flexibility of Closure,IM,3.25,8,0.3134,2.6358,3.8642,N,,07/2015,Analyst
29-9093.00,1.A.1.e.2,Flexibility of Closure,LV,3.38,8,0.2631,2.8594,3.8906,N,N,07/2015,Analyst
29-9093.00,1.A.1.e.3,Perceptual Speed,IM,3.38,8,0.2631,2.8594,3.8906,N,,07/2015,Analyst
29-9093.00,1.A.1.e.3,Perceptual Speed,LV,3.5,8,0.189,3.1296,3.8704,N,N,07/2015,Analyst
29-9093.00,1.A.1.f.1,Spatial Orientation,IM,1.12,8,0.125,1.0,1.37,N,,07/2015,Analyst
29-9093.00,1.A.1.f.1,Spatial Orientation,LV,0.25,8,0.25,0.0,0.74,N,Y,07/2015,Analyst
29-9093.00,1.A.1.f.2,Visualization,IM,3.12,8,0.295,2.5467,3.7033,N,,07/2015,Analyst
29-9093.00,1.A.1.f.2,Visualization,LV,3.25,8,0.25,2.76,3.74,N,N,07/2015,Analyst
29-9093.00,1.A.1.g.1,Selective Attention,IM,3.5,8,0.189,3.1296,3.8704,N,,07/2015,Analyst
29-9093.00,1.A.1.g.1,Selective Attention,LV,3.5,8,0.189,3.1296,3.8704,N,N,07/2015,Analyst
29-9093.00,1.A.1.g.2,Time Sharing,IM,3.0,8,0.378,2.2592,3.7408,N,,07/2015,Analyst
29-9093.00,1.A.1.g.2,Time Sharing,LV,2.88,8,0.4795,1.9352,3.8148,N,N,07/2015,Analyst
29-9093.00,1.A.2.a.1,Arm-Hand Steadiness,IM,4.0,8,0.2673,3.4762,4.5238,N,,07/2015,Analyst
29-9093.00,1.A.2.a.1,Arm-Hand Steadiness,LV,4.0,8,0.189,3.6296,4.3704,N,N,07/2015,Analyst
29-9093.00,1.A.2.a.2,Manual Dexterity,IM,3.5,8,0.2673,2.9762,4.0238,N,,07/2015,Analyst
29-9093.00,1.A.2.a.2,Manual Dexterity,LV,3.62,8,0.3239,2.9902,4.2598,N,N,07/2015,Analyst
29-9093.00,1.A.2.a.3,Finger Dexterity,IM,4.0,8,0.189,3.6296,4.3704,N,,07/2015,Analyst
29-9093.00,1.A.2.a.3,Finger Dexterity,LV,4.12,8,0.125,3.88,4.37,N,N,07/2015,Analyst
29-9093.00,1.A.2.b.1,Control Precision,IM,3.62,8,0.2631,3.1094,4.1406,N,,07/2015,Analyst
29-9093.00,1.A.2.b.1,Control Precision,LV,3.62,8,0.3239,2.9902,4.2598,N,N,07/2015,Analyst
29-9093.00,1.A.2.b.2,Multilimb Coordination,IM,3.38,8,0.3239,2.7402,4.0098,N,,07/2015,Analyst
29-9093.00,1.A.2.b.2,Multilimb Coordination,LV,3.25,8,0.3134,2.6358,3.8642,N,N,07/2015,Analyst
29-9093.00,1.A.2.b.3,Response Orientation,IM,2.0,8,0.5,1.02,2.98,N,,07/2015,Analyst
29-9093.00,1.A.2.b.3,Response Orientation,LV,1.5,8,0.5976,0.3287,2.6713,Y,N,07/2015,Analyst
29-9093.00,1.A.2.b.4,Rate Control,IM,2.25,8,0.3134,1.6358,2.8642,N,,07/2015,Analyst
29-9093.00,1.A.2.b.4,Rate Control,LV,2.0,8,0.378,1.2592,2.7408,N,N,07/2015,Analyst
29-9093.00,1.A.2.c.1,Reaction Time,IM,3.12,8,0.2266,2.6809,3.5691,N,,07/2015,Analyst
29-9093.00,1.A.2.c.1,Reaction Time,LV,3.25,8,0.25,2.76,3.74,N,N,07/2015,Analyst
29-9093.00,1.A.2.c.2,Wrist-Finger Speed,IM,3.0,8,0.3273,2.3584,3.6416,N,,07/2015,Analyst
29-9093.00,1.A.2.c.2,Wrist-Finger Speed,LV,2.75,8,0.3134,2.1358,3.3642,N,N,07/2015,Analyst
29-9093.00,1.A.2.c.3,Speed of Limb Movement,IM,1.88,8,0.295,1.2967,2.4533,N,,07/2015,Analyst
29-9093.00,1.A.2.c.3,Speed of Limb Movement,LV,1.5,8,0.5,0.52,2.48,N,N,07/2015,Analyst
29-9093.00,1.A.3.a.1,Static Strength,IM,3.0,8,0.2673,2.4762,3.5238,N,,07/2015,Analyst
29-9093.00,1.A.3.a.1,Static Strength,LV,3.25,8,0.1637,2.9292,3.5708,N,N,07/2015,Analyst
29-9093.00,1.A.3.a.2,Explosive Strength,IM,2.62,8,0.183,2.2664,2.9836,N,,07/2015,Analyst
29-9093.00,1.A.3.a.2,Explosive Strength,LV,2.62,8,0.183,2.2664,2.9836,N,N,07/2015,Analyst
29-9093.00,1.A.3.a.3,Dynamic Strength,IM,2.5,8,0.189,2.1296,2.8704,N,,07/2015,Analyst
29-9093.00,1.A.3.a.3,Dynamic Strength,LV,2.62,8,0.2631,2.1094,3.1406,N,N,07/2015,Analyst
29-9093.00,1.A.3.a.4,Trunk Strength,IM,3.12,8,0.2266,2.6809,3.5691,N,,07/2015,Analyst
29-9093.00,1.A.3.a.4,Trunk Strength,LV,3.12,8,0.295,2.5467,3.7033,N,N,07/2015,Analyst
29-9093.00,1.A.3.b.1,Stamina,IM,2.62,8,0.2631,2.1094,3.1406,N,,07/2015,Analyst
29-9093.00,1.A.3.b.1,Stamina,LV,2.38,8,0.3239,1.7402,3.0098,N,N,07/2015,Analyst
29-9093.00,1.A.3.c.1,Extent Flexibility,IM,2.88,8,0.125,2.63,3.12,N,,07/2015,Analyst
29-9093.00,1.A.3.c.1,Extent Flexibility,LV,2.88,8,0.2266,2.4309,3.3191,N,N,07/2015,Analyst
29-9093.00,1.A.3.c.2,Dynamic Flexibility,IM,1.25,8,0.25,1.0,1.74,N,,07/2015,Analyst
29-9093.00,1.A.3.c.2,Dynamic Flexibility,LV,0.38,8,0.375,0.0,1.11,N,Y,07/2015,Analyst
29-9093.00,1.A.3.c.3,Gross Body Coordination,IM,2.5,8,0.189,2.1296,2.8704,N,,07/2015,Analyst
29-9093.00,1.A.3.c.3,Gross Body Coordination,LV,2.25,8,0.1637,1.9292,2.5708,N,N,07/2015,Analyst
29-9093.00,1.A.3.c.4,Gross Body Equilibrium,IM,2.38,8,0.183,2.0164,2.7336,N,,07/2015,Analyst
29-9093.00,1.A.3.c.4,Gross Body Equilibrium,LV,2.62,8,0.2631,2.1094,3.1406,N,N,07/2015,Analyst
29-9093.00,1.A.4.a.1,Near Vision,IM,4.0,8,0.3273,3.3584,4.6416,N,,07/2015,Analyst
29-9093.00,1.A.4.a.1,Near Vision,LV,4.25,8,0.4119,3.4427,5.0573,N,N,07/2015,Analyst
29-9093.00,1.A.4.a.2,Far Vision,IM,3.0,8,0.3273,2.3584,3.6416,N,,07/2015,Analyst
29-9093.00,1.A.4.a.2,Far Vision,LV,3.12,8,0.3504,2.4383,3.8117,N,N,07/2015,Analyst
29-9093.00,1.A.4.a.3,Visual Color Discrimination,IM,3.75,8,0.25,3.26,4.24,N,,07/2015,Analyst
29-9093.00,1.A.4.a.3,Visual Color Discrimination,LV,3.75,8,0.25,3.26,4.24,N,N,07/2015,Analyst
29-9093.00,1.A.4.a.4,Night Vision,IM,1.0,8,0.0,1.0,1.0,N,,07/2015,Analyst
29-9093.00,1.A.4.a.4,Night Vision,LV,0.0,8,0.0,0.0,0.0,N,Y,07/2015,Analyst
29-9093.00,1.A.4.a.5,Peripheral Vision,IM,1.0,8,0.0,1.0,1.0,N,,07/2015,Analyst
29-9093.00,1.A.4.a.5,Peripheral Vision,LV,0.0,8,0.0,0.0,0.0,N,Y,07/2015,Analyst
29-9093.00,1.A.4.a.6,Depth Perception,IM,2.75,8,0.25,2.26,3.24,N,,07/2015,Analyst
29-9093.00,1.A.4.a.6,Depth Perception,LV,2.62,8,0.183,2.2664,2.9836,N,N,07/2015,Analyst
29-9093.00,1.A.4.a.7,Glare Sensitivity,IM,1.88,8,0.125,1.63,2.12,N,,07/2015,Analyst
29-9093.00,1.A.4.a.7,Glare Sensitivity,LV,1.5,8,0.3273,0.8584,2.1416,N,N,07/2015,Analyst
29-9093.00,1.A.4.b.1,Hearing Sensitivity,IM,3.25,8,0.25,2.76,3.74,N,,07/2015,Analyst
29-9093.00,1.A.4.b.1,Hearing Sensitivity,LV,3.25,8,0.25,2.76,3.74,N,N,07/2015,Analyst
29-9093.00,1.A.4.b.2,Auditory Attention,IM,3.12,8,0.295,2.5467,3.7033,N,,07/2015,Analyst
29-9093.00,1.A.4.b.2,Auditory Attention,LV,3.0,8,0.3273,2.3584,3.6416,N,N,07/2015,Analyst
29-9093.00,1.A.4.b.3,Sound Localization,IM,1.25,8,0.25,1.0,1.74,N,,07/2015,Analyst
29-9093.00,1.A.4.b.3,Sound Localization,LV,0.38,8,0.375,0.0,1.11,N,Y,07/2015,Analyst
29-9093.00,1.A.4.b.4,Speech Recognition,IM,3.75,8,0.25,3.26,4.24,N,,07/2015,Analyst
29-9093.00,1.A.4.b.4,Speech Recognition,LV,3.5,8,0.189,3.1296,3.8704,N,N,07/2015,Analyst
29-9093.00,1.A.4.b.5,Speech Clarity,IM,3.88,8,0.125,3.63,4.12,N,,07/2015,Analyst
29-9093.00,1.A.4.b.5,Speech Clarity,LV,3.75,8,0.1637,3.4292,4.0708,N,N,07/2015,Analyst
29-9099.01,1.A.1.a.1,Oral Comprehension,IM,4.0,8,0.0,4.0,4.0,N,,08/2021,Analyst
29-9099.01,1.A.1.a.1,Oral Comprehension,LV,4.38,8,0.183,4.0164,4.7336,N,N,08/2021,Analyst
29-9099.01,1.A.1.a.2,Written Comprehension,IM,3.88,8,0.125,3.63,4.12,N,,08/2021,Analyst
29-9099.01,1.A.1.a.2,Written Comprehension,LV,4.12,8,0.125,3.88,4.37,N,N,08/2021,Analyst
29-9099.01,1.A.1.a.3,Oral Expression,IM,4.0,8,0.0,4.0,4.0,N,,08/2021,Analyst
29-9099.01,1.A.1.a.3,Oral Expression,LV,4.25,8,0.1637,3.9292,4.5708,N,N,08/2021,Analyst
29-9099.01,1.A.1.a.4,Written Expression,IM,3.5,8,0.189,3.1296,3.8704,N,,08/2021,Analyst
29-9099.01,1.A.1.a.4,Written Expression,LV,4.0,8,0.189,3.6296,4.3704,N,N,08/2021,Analyst
29-9099.01,1.A.1.b.1,Fluency of Ideas,IM,3.0,8,0.0,3.0,3.0,N,,08/2021,Analyst
29-9099.01,1.A.1.b.1,Fluency of Ideas,LV,3.38,8,0.183,3.0164,3.7336,N,N,08/2021,Analyst
29-9099.01,1.A.1.b.2,Originality,IM,2.88,8,0.125,2.63,3.12,N,,08/2021,Analyst
29-9099.01,1.A.1.b.2,Originality,LV,3.0,8,0.0,3.0,3.0,N,N,08/2021,Analyst
29-9099.01,1.A.1.b.3,Problem Sensitivity,IM,4.0,8,0.0,4.0,4.0,N,,08/2021,Analyst
29-9099.01,1.A.1.b.3,Problem Sensitivity,LV,5.12,8,0.125,4.88,5.37,N,N,08/2021,Analyst
29-9099.01,1.A.1.b.4,Deductive Reasoning,IM,4.0,8,0.0,4.0,4.0,N,,08/2021,Analyst
29-9099.01,1.A.1.b.4,Deductive Reasoning,LV,4.62,8,0.183,4.2664,4.9836,N,N,08/2021,Analyst
29-9099.01,1.A.1.b.5,Inductive Reasoning,IM,4.0,8,0.0,4.0,4.0,N,,08/2021,Analyst
29-9099.01,1.A.1.b.5,Inductive Reasoning,LV,4.38,8,0.183,4.0164,4.7336,N,N,08/2021,Analyst
29-9099.01,1.A.1.b.6,Information Ordering,IM,3.5,8,0.189,3.1296,3.8704,N,,08/2021,Analyst
29-9099.01,1.A.1.b.6,Information Ordering,LV,3.75,8,0.1637,3.4292,4.0708,N,N,08/2021,Analyst
29-9099.01,1.A.1.b.7,Category Flexibility,IM,3.25,8,0.1637,2.9292,3.5708,N,,08/2021,Analyst
29-9099.01,1.A.1.b.7,Category Flexibility,LV,3.25,8,0.1637,2.9292,3.5708,N,N,08/2021,Analyst
29-9099.01,1.A.1.c.1,Mathematical Reasoning,IM,2.25,8,0.1637,1.9292,2.5708,N,,08/2021,Analyst
29-9099.01,1.A.1.c.1,Mathematical Reasoning,LV,2.38,8,0.183,2.0164,2.7336,N,N,08/2021,Analyst
29-9099.01,1.A.1.c.2,Number Facility,IM,2.25,8,0.1637,1.9292,2.5708,N,,08/2021,Analyst
29-9099.01,1.A.1.c.2,Number Facility,LV,2.5,8,0.2673,1.9762,3.0238,N,N,08/2021,Analyst
29-9099.01,1.A.1.d.1,Memorization,IM,2.75,8,0.25,2.26,3.24,N,,08/2021,Analyst
29-9099.01,1.A.1.d.1,Memorization,LV,2.88,8,0.2266,2.4309,3.3191,N,N,08/2021,Analyst
29-9099.01,1.A.1.e.1,Speed of Closure,IM,2.75,8,0.1637,2.4292,3.0708,N,,08/2021,Analyst
29-9099.01,1.A.1.e.1,Speed of Closure,LV,2.88,8,0.2266,2.4309,3.3191,N,N,08/2021,Analyst
29-9099.01,1.A.1.e.2,Flexibility of Closure,IM,3.12,8,0.125,2.88,3.37,N,,08/2021,Analyst
29-9099.01,1.A.1.e.2,Flexibility of Closure,LV,3.38,8,0.183,3.0164,3.7336,N,N,08/2021,Analyst
29-9099.01,1.A.1.e.3,Perceptual Speed,IM,3.0,8,0.0,3.0,3.0,N,,08/2021,Analyst
29-9099.01,1.A.1.e.3,Perceptual Speed,LV,3.0,8,0.0,3.0,3.0,N,N,08/2021,Analyst
29-9099.01,1.A.1.f.1,Spatial Orientation,IM,1.0,8,0.0,1.0,1.0,N,,08/2021,Analyst
29-9099.01,1.A.1.f.1,Spatial Orientation,LV,0.0,8,0.0,0.0,0.0,N,Y,08/2021,Analyst
29-9099.01,1.A.1.f.2,Visualization,IM,2.62,8,0.183,2.2664,2.9836,N,,08/2021,Analyst
29-9099.01,1.A.1.f.2,Visualization,LV,2.88,8,0.2266,2.4309,3.3191,N,N,08/2021,Analyst
29-9099.01,1.A.1.g.1,Selective Attention,IM,3.25,8,0.1637,2.9292,3.5708,N,,08/2021,Analyst
29-9099.01,1.A.1.g.1,Selective Attention,LV,3.88,8,0.2266,3.4309,4.3191,N,N,08/2021,Analyst
29-9099.01,1.A.1.g.2,Time Sharing,IM,2.75,8,0.1637,2.4292,3.0708,N,,08/2021,Analyst
29-9099.01,1.A.1.g.2,Time Sharing,LV,2.75,8,0.1637,2.4292,3.0708,N,N,08/2021,Analyst
29-9099.01,1.A.2.a.1,Arm-Hand Steadiness,IM,3.0,8,0.0,3.0,3.0,N,,08/2021,Analyst
29-9099.01,1.A.2.a.1,Arm-Hand Steadiness,LV,3.62,8,0.183,3.2664,3.9836,N,N,08/2021,Analyst
29-9099.01,1.A.2.a.2,Manual Dexterity,IM,2.5,8,0.189,2.1296,2.8704,N,,08/2021,Analyst
29-9099.01,1.A.2.a.2,Manual Dexterity,LV,2.62,8,0.2631,2.1094,3.1406,N,N,08/2021,Analyst
29-9099.01,1.A.2.a.3,Finger Dexterity,IM,2.88,8,0.125,2.63,3.12,N,,08/2021,Analyst
29-9099.01,1.A.2.a.3,Finger Dexterity,LV,3.0,8,0.0,3.0,3.0,N,N,08/2021,Analyst
29-9099.01,1.A.2.b.1,Control Precision,IM,2.0,8,0.189,1.6296,2.3704,N,,08/2021,Analyst
29-9099.01,1.A.2.b.1,Control Precision,LV,1.88,8,0.295,1.2967,2.4533,N,N,08/2021,Analyst
29-9099.01,1.A.2.b.2,Multilimb Coordination,IM,2.75,8,0.1637,2.4292,3.0708,N,,08/2021,Analyst
29-9099.01,1.A.2.b.2,Multilimb Coordination,LV,2.88,8,0.125,2.63,3.12,N,N,08/2021,Analyst
29-9099.01,1.A.2.b.3,Response Orientation,IM,1.88,8,0.125,1.63,2.12,N,,08/2021,Analyst
29-9099.01,1.A.2.b.3,Response Orientation,LV,1.88,8,0.295,1.2967,2.4533,N,N,08/2021,Analyst
29-9099.01,1.A.2.b.4,Rate Control,IM,1.5,8,0.189,1.1296,1.8704,N,,08/2021,Analyst
29-9099.01,1.A.2.b.4,Rate Control,LV,0.75,8,0.3134,0.1358,1.3642,N,N,08/2021,Analyst
29-9099.01,1.A.2.c.1,Reaction Time,IM,1.88,8,0.125,1.63,2.12,N,,08/2021,Analyst
29-9099.01,1.A.2.c.1,Reaction Time,LV,1.5,8,0.2673,0.9762,2.0238,N,N,08/2021,Analyst
29-9099.01,1.A.2.c.2,Wrist-Finger Speed,IM,2.12,8,0.125,1.88,2.37,N,,08/2021,Analyst
29-9099.01,1.A.2.c.2,Wrist-Finger Speed,LV,1.88,8,0.125,1.63,2.12,N,N,08/2021,Analyst
29-9099.01,1.A.2.c.3,Speed of Limb Movement,IM,1.12,8,0.125,1.0,1.37,N,,08/2021,Analyst
29-9099.01,1.A.2.c.3,Speed of Limb Movement,LV,0.12,8,0.125,0.0,0.37,N,Y,08/2021,Analyst
29-9099.01,1.A.3.a.1,Static Strength,IM,2.25,8,0.1637,1.9292,2.5708,N,,08/2021,Analyst
29-9099.01,1.A.3.a.1,Static Strength,LV,2.12,8,0.125,1.88,2.37,N,N,08/2021,Analyst
29-9099.01,1.A.3.a.2,Explosive Strength,IM,1.38,8,0.183,1.0164,1.7336,N,,08/2021,Analyst
29-9099.01,1.A.3.a.2,Explosive Strength,LV,0.5,8,0.2673,0.0,1.0238,N,N,08/2021,Analyst
29-9099.01,1.A.3.a.3,Dynamic Strength,IM,2.0,8,0.189,1.6296,2.3704,N,,08/2021,Analyst
29-9099.01,1.A.3.a.3,Dynamic Strength,LV,1.62,8,0.3239,0.9902,2.2598,N,N,08/2021,Analyst
29-9099.01,1.A.3.a.4,Trunk Strength,IM,2.5,8,0.2673,1.9762,3.0238,N,,08/2021,Analyst
29-9099.01,1.A.3.a.4,Trunk Strength,LV,2.25,8,0.1637,1.9292,2.5708,N,N,08/2021,Analyst
29-9099.01,1.A.3.b.1,Stamina,IM,2.12,8,0.125,1.88,2.37,N,,08/2021,Analyst
29-9099.01,1.A.3.b.1,Stamina,LV,1.88,8,0.125,1.63,2.12,N,N,08/2021,Analyst
29-9099.01,1.A.3.c.1,Extent Flexibility,IM,2.25,8,0.1637,1.9292,2.5708,N,,08/2021,Analyst
29-9099.01,1.A.3.c.1,Extent Flexibility,LV,2.25,8,0.25,1.76,2.74,N,N,08/2021,Analyst
29-9099.01,1.A.3.c.2,Dynamic Flexibility,IM,1.25,8,0.1637,1.0,1.5708,N,,08/2021,Analyst
29-9099.01,1.A.3.c.2,Dynamic Flexibility,LV,0.38,8,0.2631,0.0,0.8906,N,Y,08/2021,Analyst
29-9099.01,1.A.3.c.3,Gross Body Coordination,IM,1.88,8,0.125,1.63,2.12,N,,08/2021,Analyst
29-9099.01,1.A.3.c.3,Gross Body Coordination,LV,1.5,8,0.2673,0.9762,2.0238,N,N,08/2021,Analyst
29-9099.01,1.A.3.c.4,Gross Body Equilibrium,IM,1.62,8,0.183,1.2664,1.9836,N,,08/2021,Analyst
29-9099.01,1.A.3.c.4,Gross Body Equilibrium,LV,0.62,8,0.183,0.2664,0.9836,N,N,08/2021,Analyst
29-9099.01,1.A.4.a.1,Near Vision,IM,3.5,8,0.189,3.1296,3.8704,N,,08/2021,Analyst
29-9099.01,1.A.4.a.1,Near Vision,LV,3.5,8,0.189,3.1296,3.8704,N,N,08/2021,Analyst
29-9099.01,1.A.4.a.2,Far Vision,IM,2.62,8,0.183,2.2664,2.9836,N,,08/2021,Analyst
29-9099.01,1.A.4.a.2,Far Vision,LV,2.62,8,0.183,2.2664,2.9836,N,N,08/2021,Analyst
29-9099.01,1.A.4.a.3,Visual Color Discrimination,IM,2.75,8,0.1637,2.4292,3.0708,N,,08/2021,Analyst
29-9099.01,1.A.4.a.3,Visual Color Discrimination,LV,2.75,8,0.1637,2.4292,3.0708,N,N,08/2021,Analyst
29-9099.01,1.A.4.a.4,Night Vision,IM,1.0,8,0.0,1.0,1.0,N,,08/2021,Analyst
29-9099.01,1.A.4.a.4,Night Vision,LV,0.0,8,0.0,0.0,0.0,N,Y,08/2021,Analyst
29-9099.01,1.A.4.a.5,Peripheral Vision,IM,1.0,8,0.0,1.0,1.0,N,,08/2021,Analyst
29-9099.01,1.A.4.a.5,Peripheral Vision,LV,0.0,8,0.0,0.0,0.0,N,Y,08/2021,Analyst
29-9099.01,1.A.4.a.6,Depth Perception,IM,2.0,8,0.0,2.0,2.0,N,,08/2021,Analyst
29-9099.01,1.A.4.a.6,Depth Perception,LV,2.0,8,0.0,2.0,2.0,N,N,08/2021,Analyst
29-9099.01,1.A.4.a.7,Glare Sensitivity,IM,1.0,8,0.0,1.0,1.0,N,,08/2021,Analyst
29-9099.01,1.A.4.a.7,Glare Sensitivity,LV,0.0,8,0.0,0.0,0.0,N,Y,08/2021,Analyst
29-9099.01,1.A.4.b.1,Hearing Sensitivity,IM,2.38,8,0.183,2.0164,2.7336,N,,08/2021,Analyst
29-9099.01,1.A.4.b.1,Hearing Sensitivity,LV,2.12,8,0.125,1.88,2.37,N,N,08/2021,Analyst
29-9099.01,1.A.4.b.2,Auditory Attention,IM,2.38,8,0.183,2.0164,2.7336,N,,08/2021,Analyst
29-9099.01,1.A.4.b.2,Auditory Attention,LV,2.12,8,0.125,1.88,2.37,N,N,08/2021,Analyst
29-9099.01,1.A.4.b.3,Sound Localization,IM,1.0,8,0.0,1.0,1.0,N,,08/2021,Analyst
29-9099.01,1.A.4.b.3,Sound Localization,LV,0.0,8,0.0,0.0,0.0,N,Y,08/2021,Analyst
29-9099.01,1.A.4.b.4,Speech Recognition,IM,3.5,8,0.2673,2.9762,4.0238,N,,08/2021,Analyst
29-9099.01,1.A.4.b.4,Speech Recognition,LV,3.62,8,0.183,3.2664,3.9836,N,N,08/2021,Analyst
29-9099.01,1.A.4.b.5,Speech Clarity,IM,3.75,8,0.1637,3.4292,4.0708,N,,08/2021,Analyst
29-9099.01,1.A.4.b.5,Speech Clarity,LV,3.62,8,0.183,3.2664,3.9836,N,N,08/2021,Analyst
31-1121.00,1.A.1.a.1,Oral Comprehension,IM,3.75,8,0.1637,3.4292,4.0708,N,,07/2014,Analyst
31-1121.00,1.A.1.a.1,Oral Comprehension,LV,3.75,8,0.1637,3.4292,4.0708,N,N,07/2014,Analyst
31-1121.00,1.A.1.a.2,Written Comprehension,IM,3.0,8,0.0,3.0,3.0,N,,07/2014,Analyst
31-1121.00,1.A.1.a.2,Written Comprehension,LV,3.0,8,0.0,3.0,3.0,N,N,07/2014,Analyst
31-1121.00,1.A.1.a.3,Oral Expression,IM,3.88,8,0.125,3.63,4.12,N,,07/2014,Analyst
31-1121.00,1.A.1.a.3,Oral Expression,LV,3.88,8,0.125,3.63,4.12,N,N,07/2014,Analyst
31-1121.00,1.A.1.a.4,Written Expression,IM,3.12,8,0.125,2.88,3.37,N,,07/2014,Analyst
31-1121.00,1.A.1.a.4,Written Expression,LV,3.0,8,0.0,3.0,3.0,N,N,07/2014,Analyst
31-1121.00,1.A.1.b.1,Fluency of Ideas,IM,3.0,8,0.0,3.0,3.0,N,,07/2014,Analyst
31-1121.00,1.A.1.b.1,Fluency of Ideas,LV,2.88,8,0.125,2.63,3.12,N,N,07/2014,Analyst
31-1121.00,1.A.1.b.2,Originality,IM,2.75,8,0.1637,2.4292,3.0708,N,,07/2014,Analyst
31-1121.00,1.A.1.b.2,Originality,LV,2.88,8,0.125,2.63,3.12,N,N,07/2014,Analyst
31-1121.00,1.A.1.b.3,Problem Sensitivity,IM,3.75,8,0.1637,3.4292,4.0708,N,,07/2014,Analyst
31-1121.00,1.A.1.b.3,Problem Sensitivity,LV,3.5,8,0.189,3.1296,3.8704,N,N,07/2014,Analyst
31-1121.00,1.A.1.b.4,Deductive Reasoning,IM,3.25,8,0.1637,2.9292,3.5708,N,,07/2014,Analyst
31-1121.00,1.A.1.b.4,Deductive Reasoning,LV,3.12,8,0.125,2.88,3.37,N,N,07/2014,Analyst
31-1121.00,1.A.1.b.5,Inductive Reasoning,IM,3.38,8,0.183,3.0164,3.7336,N,,07/2014,Analyst
31-1121.00,1.A.1.b.5,Inductive Reasoning,LV,3.12,8,0.125,2.88,3.37,N,N,07/2014,Analyst
31-1121.00,1.A.1.b.6,Information Ordering,IM,3.25,8,0.1637,2.9292,3.5708,N,,07/2014,Analyst
31-1121.00,1.A.1.b.6,Information Ordering,LV,3.0,8,0.0,3.0,3.0,N,N,07/2014,Analyst
31-1121.00,1.A.1.b.7,Category Flexibility,IM,3.0,8,0.0,3.0,3.0,N,,07/2014,Analyst
31-1121.00,1.A.1.b.7,Category Flexibility,LV,2.88,8,0.125,2.63,3.12,N,N,07/2014,Analyst
31-1121.00,1.A.1.c.1,Mathematical Reasoning,IM,2.12,8,0.125,1.88,2.37,N,,07/2014,Analyst
31-1121.00,1.A.1.c.1,Mathematical Reasoning,LV,2.0,8,0.0,2.0,2.0,N,N,07/2014,Analyst
31-1121.00,1.A.1.c.2,Number Facility,IM,2.12,8,0.125,1.88,2.37,N,,07/2014,Analyst
31-1121.00,1.A.1.c.2,Number Facility,LV,2.0,8,0.0,2.0,2.0,N,N,07/2014,Analyst
31-1121.00,1.A.1.d.1,Memorization,IM,2.12,8,0.125,1.88,2.37,N,,07/2014,Analyst
31-1121.00,1.A.1.d.1,Memorization,LV,1.88,8,0.125,1.63,2.12,N,N,07/2014,Analyst
31-1121.00,1.A.1.e.1,Speed of Closure,IM,2.62,8,0.183,2.2664,2.9836,N,,07/2014,Analyst
31-1121.00,1.A.1.e.1,Speed of Closure,LV,2.25,8,0.1637,1.9292,2.5708,N,N,07/2014,Analyst
31-1121.00,1.A.1.e.2,Flexibility of Closure,IM,2.88,8,0.2266,2.4309,3.3191,N,,07/2014,Analyst
31-1121.00,1.A.1.e.2,Flexibility of Closure,LV,2.88,8,0.125,2.63,3.12,N,N,07/2014,Analyst
31-1121.00,1.A.1.e.3,Perceptual Speed,IM,2.62,8,0.183,2.2664,2.9836,N,,07/2014,Analyst
31-1121.00,1.A.1.e.3,Perceptual Speed,LV,2.25,8,0.1637,1.9292,2.5708,N,N,07/2014,Analyst
31-1121.00,1.A.1.f.1,Spatial Orientation,IM,1.75,8,0.1637,1.4292,2.0708,N,,07/2014,Analyst
31-1121.00,1.A.1.f.1,Spatial Orientation,LV,0.88,8,0.2266,0.4309,1.3191,N,N,07/2014,Analyst
31-1121.00,1.A.1.f.2,Visualization,IM,2.75,8,0.1637,2.4292,3.0708,N,,07/2014,Analyst
31-1121.00,1.A.1.f.2,Visualization,LV,2.88,8,0.125,2.63,3.12,N,N,07/2014,Analyst
31-1121.00,1.A.1.g.1,Selective Attention,IM,3.0,8,0.0,3.0,3.0,N,,07/2014,Analyst
31-1121.00,1.A.1.g.1,Selective Attention,LV,3.0,8,0.0,3.0,3.0,N,N,07/2014,Analyst
31-1121.00,1.A.1.g.2,Time Sharing,IM,3.0,8,0.0,3.0,3.0,N,,07/2014,Analyst
31-1121.00,1.A.1.g.2,Time Sharing,LV,2.88,8,0.125,2.63,3.12,N,N,07/2014,Analyst
31-1121.00,1.A.2.a.1,Arm-Hand Steadiness,IM,3.0,8,0.0,3.0,3.0,N,,07/2014,Analyst
31-1121.00,1.A.2.a.1,Arm-Hand Steadiness,LV,3.0,8,0.0,3.0,3.0,N,N,07/2014,Analyst
31-1121.00,1.A.2.a.2,Manual Dexterity,IM,2.88,8,0.125,2.63,3.12,N,,07/2014,Analyst
31-1121.00,1.A.2.a.2,Manual Dexterity,LV,2.38,8,0.183,2.0164,2.7336,N,N,07/2014,Analyst
31-1121.00,1.A.2.a.3,Finger Dexterity,IM,2.88,8,0.125,2.63,3.12,N,,07/2014,Analyst
31-1121.00,1.A.2.a.3,Finger Dexterity,LV,3.0,8,0.0,3.0,3.0,N,N,07/2014,Analyst
31-1121.00,1.A.2.b.1,Control Precision,IM,2.0,8,0.0,2.0,2.0,N,,07/2014,Analyst
31-1121.00,1.A.2.b.1,Control Precision,LV,2.0,8,0.0,2.0,2.0,N,N,07/2014,Analyst
31-1121.00,1.A.2.b.2,Multilimb Coordination,IM,2.12,8,0.125,1.88,2.37,N,,07/2014,Analyst
31-1121.00,1.A.2.b.2,Multilimb Coordination,LV,2.12,8,0.125,1.88,2.37,N,N,07/2014,Analyst
31-1121.00,1.A.2.b.3,Response Orientation,IM,2.0,8,0.0,2.0,2.0,N,,07/2014,Analyst
31-1121.00,1.A.2.b.3,Response Orientation,LV,2.0,8,0.0,2.0,2.0,N,N,07/2014,Analyst
31-1121.00,1.A.2.b.4,Rate Control,IM,1.25,8,0.1637,1.0,1.5708,N,,07/2014,Analyst
31-1121.00,1.A.2.b.4,Rate Control,LV,0.25,8,0.1637,0.0,0.5708,N,Y,07/2014,Analyst
31-1121.00,1.A.2.c.1,Reaction Time,IM,2.0,8,0.0,2.0,2.0,N,,07/2014,Analyst
31-1121.00,1.A.2.c.1,Reaction Time,LV,1.88,8,0.125,1.63,2.12,N,N,07/2014,Analyst
31-1121.00,1.A.2.c.2,Wrist-Finger Speed,IM,1.0,8,0.0,1.0,1.0,N,,07/2014,Analyst
31-1121.00,1.A.2.c.2,Wrist-Finger Speed,LV,0.0,8,0.0,0.0,0.0,N,Y,07/2014,Analyst
31-1121.00,1.A.2.c.3,Speed of Limb Movement,IM,2.0,8,0.0,2.0,2.0,N,,07/2014,Analyst
31-1121.00,1.A.2.c.3,Speed of Limb Movement,LV,1.62,8,0.183,1.2664,1.9836,N,N,07/2014,Analyst
31-1121.00,1.A.3.a.1,Static Strength,IM,2.88,8,0.125,2.63,3.12,N,,07/2014,Analyst
31-1121.00,1.A.3.a.1,Static Strength,LV,2.88,8,0.125,2.63,3.12,N,N,07/2014,Analyst
31-1121.00,1.A.3.a.2,Explosive Strength,IM,1.88,8,0.125,1.63,2.12,N,,07/2014,Analyst
31-1121.00,1.A.3.a.2,Explosive Strength,LV,1.75,8,0.25,1.26,2.24,N,N,07/2014,Analyst
31-1121.00,1.A.3.a.3,Dynamic Strength,IM,2.12,8,0.125,1.88,2.37,N,,07/2014,Analyst
31-1121.00,1.A.3.a.3,Dynamic Strength,LV,2.12,8,0.125,1.88,2.37,N,N,07/2014,Analyst
31-1121.00,1.A.3.a.4,Trunk Strength,IM,2.88,8,0.125,2.63,3.12,N,,07/2014,Analyst
31-1121.00,1.A.3.a.4,Trunk Strength,LV,2.88,8,0.125,2.63,3.12,N,N,07/2014,Analyst
31-1121.00,1.A.3.b.1,Stamina,IM,2.62,8,0.183,2.2664,2.9836,N,,07/2014,Analyst
31-1121.00,1.A.3.b.1,Stamina,LV,2.5,8,0.2673,1.9762,3.0238,N,N,07/2014,Analyst
31-1121.00,1.A.3.c.1,Extent Flexibility,IM,2.75,8,0.1637,2.4292,3.0708,N,,07/2014,Analyst
31-1121.00,1.A.3.c.1,Extent Flexibility,LV,2.88,8,0.125,2.63,3.12,N,N,07/2014,Analyst
31-1121.00,1.A.3.c.2,Dynamic Flexibility,IM,1.0,8,0.0,1.0,1.0,N,,07/2014,Analyst
31-1121.00,1.A.3.c.2,Dynamic Flexibility,LV,0.0,8,0.0,0.0,0.0,N,Y,07/2014,Analyst
31-1121.00,1.A.3.c.3,Gross Body Coordination,IM,2.5,8,0.189,2.1296,2.8704,N,,07/2014,Analyst
31-1121.00,1.A.3.c.3,Gross Body Coordination,LV,2.5,8,0.189,2.1296,2.8704,N,N,07/2014,Analyst
31-1121.00,1.A.3.c.4,Gross Body Equilibrium,IM,2.38,8,0.183,2.0164,2.7336,N,,07/2014,Analyst
31-1121.00,1.A.3.c.4,Gross Body Equilibrium,LV,2.12,8,0.125,1.88,2.37,N,N,07/2014,Analyst
31-1121.00,1.A.4.a.1,Near Vision,IM,3.5,8,0.189,3.1296,3.8704,N,,07/2014,Analyst
31-1121.00,1.A.4.a.1,Near Vision,LV,3.5,8,0.189,3.1296,3.8704,N,N,07/2014,Analyst
31-1121.00,1.A.4.a.2,Far Vision,IM,3.0,8,0.189,2.6296,3.3704,N,,07/2014,Analyst
31-1121.00,1.A.4.a.2,Far Vision,LV,2.88,8,0.125,2.63,3.12,N,N,07/2014,Analyst
31-1121.00,1.A.4.a.3,Visual Color Discrimination,IM,2.25,8,0.1637,1.9292,2.5708,N,,07/2014,Analyst
31-1121.00,1.A.4.a.3,Visual Color Discrimination,LV,2.25,8,0.1637,1.9292,2.5708,N,N,07/2014,Analyst
31-1121.00,1.A.4.a.4,Night Vision,IM,1.25,8,0.1637,1.0,1.5708,N,,07/2014,Analyst
31-1121.00,1.A.4.a.4,Night Vision,LV,0.25,8,0.1637,0.0,0.5708,N,Y,07/2014,Analyst
31-1121.00,1.A.4.a.5,Peripheral Vision,IM,1.25,8,0.1637,1.0,1.5708,N,,07/2014,Analyst
31-1121.00,1.A.4.a.5,Peripheral Vision,LV,0.25,8,0.1637,0.0,0.5708,N,Y,07/2014,Analyst
31-1121.00,1.A.4.a.6,Depth Perception,IM,2.12,8,0.125,1.88,2.37,N,,07/2014,Analyst
31-1121.00,1.A.4.a.6,Depth Perception,LV,2.0,8,0.0,2.0,2.0,N,N,07/2014,Analyst
31-1121.00,1.A.4.a.7,Glare Sensitivity,IM,1.25,8,0.1637,1.0,1.5708,N,,07/2014,Analyst
31-1121.00,1.A.4.a.7,Glare Sensitivity,LV,0.25,8,0.1637,0.0,0.5708,N,Y,07/2014,Analyst
31-1121.00,1.A.4.b.1,Hearing Sensitivity,IM,2.38,8,0.183,2.0164,2.7336,N,,07/2014,Analyst
31-1121.00,1.A.4.b.1,Hearing Sensitivity,LV,2.12,8,0.125,1.88,2.37,N,N,07/2014,Analyst
31-1121.00,1.A.4.b.2,Auditory Attention,IM,2.38,8,0.183,2.0164,2.7336,N,,07/2014,Analyst
31-1121.00,1.A.4.b.2,Auditory Attention,LV,2.0,8,0.0,2.0,2.0,N,N,07/2014,Analyst
31-1121.00,1.A.4.b.3,Sound Localization,IM,1.38,8,0.183,1.0164,1.7336,N,,07/2014,Analyst
31-1121.00,1.A.4.b.3,Sound Localization,LV,0.38,8,0.183,0.0164,0.7336,N,N,07/2014,Analyst
31-1121.00,1.A.4.b.4,Speech Recognition,IM,3.25,8,0.1637,2.9292,3.5708,N,,07/2014,Analyst
31-1121.00,1.A.4.b.4,Speech Recognition,LV,3.12,8,0.125,2.88,3.37,N,N,07/2014,Analyst
31-1121.00,1.A.4.b.5,Speech Clarity,IM,3.25,8,0.1637,2.9292,3.5708,N,,07/2014,Analyst
31-1121.00,1.A.4.b.5,Speech Clarity,LV,3.12,8,0.125,2.88,3.37,N,N,07/2014,Analyst
31-1122.00,1.A.1.a.1,Oral Comprehension,IM,3.88,8,0.125,3.63,4.12,N,,08/2023,Analyst
31-1122.00,1.A.1.a.1,Oral Comprehension,LV,3.62,8,0.183,3.2664,3.9836,N,N,08/2023,Analyst
31-1122.00,1.A.1.a.2,Written Comprehension,IM,3.25,8,0.1637,2.9292,3.5708,N,,08/2023,Analyst
31-1122.00,1.A.1.a.2,Written Comprehension,LV,3.0,8,0.0,3.0,3.0,N,N,08/2023,Analyst
31-1122.00,1.A.1.a.3,Oral Expression,IM,3.88,8,0.125,3.63,4.12,N,,08/2023,Analyst
31-1122.00,1.A.1.a.3,Oral Expression,LV,3.25,8,0.1637,2.9292,3.5708,N,N,08/2023,Analyst
31-1122.00,1.A.1.a.4,Written Expression,IM,3.0,8,0.0,3.0,3.0,N,,08/2023,Analyst
31-1122.00,1.A.1.a.4,Written Expression,LV,2.88,8,0.125,2.63,3.12,N,N,08/2023,Analyst
31-1122.00,1.A.1.b.1,Fluency of Ideas,IM,2.38,8,0.183,2.0164,2.7336,N,,08/2023,Analyst
31-1122.00,1.A.1.b.1,Fluency of Ideas,LV,2.12,8,0.125,1.88,2.37,N,N,08/2023,Analyst
31-1122.00,1.A.1.b.2,Originality,IM,2.38,8,0.183,2.0164,2.7336,N,,08/2023,Analyst
31-1122.00,1.A.1.b.2,Originality,LV,2.0,8,0.189,1.6296,2.3704,N,N,08/2023,Analyst
31-1122.00,1.A.1.b.3,Problem Sensitivity,IM,3.75,8,0.1637,3.4292,4.0708,N,,08/2023,Analyst
31-1122.00,1.A.1.b.3,Problem Sensitivity,LV,3.0,8,0.0,3.0,3.0,N,N,08/2023,Analyst
31-1122.00,1.A.1.b.4,Deductive Reasoning,IM,3.25,8,0.1637,2.9292,3.5708,N,,08/2023,Analyst
31-1122.00,1.A.1.b.4,Deductive Reasoning,LV,3.0,8,0.0,3.0,3.0,N,N,08/2023,Analyst
31-1122.00,1.A.1.b.5,Inductive Reasoning,IM,3.0,8,0.0,3.0,3.0,N,,08/2023,Analyst
31-1122.00,1.A.1.b.5,Inductive Reasoning,LV,2.88,8,0.125,2.63,3.12,N,N,08/2023,Analyst
31-1122.00,1.A.1.b.6,Information Ordering,IM,3.0,8,0.0,3.0,3.0,N,,08/2023,Analyst
31-1122.00,1.A.1.b.6,Information Ordering,LV,3.0,8,0.0,3.0,3.0,N,N,08/2023,Analyst
31-1122.00,1.A.1.b.7,Category Flexibility,IM,2.88,8,0.125,2.63,3.12,N,,08/2023,Analyst
31-1122.00,1.A.1.b.7,Category Flexibility,LV,2.75,8,0.1637,2.4292,3.0708,N,N,08/2023,Analyst
31-1122.00,1.A.1.c.1,Mathematical Reasoning,IM,2.0,8,0.0,2.0,2.0,N,,08/2023,Analyst
31-1122.00,1.A.1.c.1,Mathematical Reasoning,LV,1.75,8,0.1637,1.4292,2.0708,N,N,08/2023,Analyst
31-1122.00,1.A.1.c.2,Number Facility,IM,2.12,8,0.125,1.88,2.37,N,,08/2023,Analyst
31-1122.00,1.A.1.c.2,Number Facility,LV,1.88,8,0.125,1.63,2.12,N,N,08/2023,Analyst
31-1122.00,1.A.1.d.1,Memorization,IM,2.25,8,0.1637,1.9292,2.5708,N,,08/2023,Analyst
31-1122.00,1.A.1.d.1,Memorization,LV,2.12,8,0.125,1.88,2.37,N,N,08/2023,Analyst
31-1122.00,1.A.1.e.1,Speed of Closure,IM,2.12,8,0.125,1.88,2.37,N,,08/2023,Analyst
31-1122.00,1.A.1.e.1,Speed of Closure,LV,2.0,8,0.0,2.0,2.0,N,N,08/2023,Analyst
31-1122.00,1.A.1.e.2,Flexibility of Closure,IM,2.38,8,0.183,2.0164,2.7336,N,,08/2023,Analyst
31-1122.00,1.A.1.e.2,Flexibility of Closure,LV,2.12,8,0.125,1.88,2.37,N,N,08/2023,Analyst
31-1122.00,1.A.1.e.3,Perceptual Speed,IM,2.38,8,0.183,2.0164,2.7336,N,,08/2023,Analyst
31-1122.00,1.A.1.e.3,Perceptual Speed,LV,2.12,8,0.125,1.88,2.37,N,N,08/2023,Analyst
31-1122.00,1.A.1.f.1,Spatial Orientation,IM,1.5,8,0.189,1.1296,1.8704,N,,08/2023,Analyst
31-1122.00,1.A.1.f.1,Spatial Orientation,LV,0.88,8,0.3504,0.1883,1.5617,N,N,08/2023,Analyst
31-1122.00,1.A.1.f.2,Visualization,IM,2.25,8,0.1637,1.9292,2.5708,N,,08/2023,Analyst
31-1122.00,1.A.1.f.2,Visualization,LV,2.25,8,0.1637,1.9292,2.5708,N,N,08/2023,Analyst
31-1122.00,1.A.1.g.1,Selective Attention,IM,3.0,8,0.189,2.6296,3.3704,N,,08/2023,Analyst
31-1122.00,1.A.1.g.1,Selective Attention,LV,2.5,8,0.189,2.1296,2.8704,N,N,08/2023,Analyst
31-1122.00,1.A.1.g.2,Time Sharing,IM,2.88,8,0.2266,2.4309,3.3191,N,,08/2023,Analyst
31-1122.00,1.A.1.g.2,Time Sharing,LV,2.38,8,0.183,2.0164,2.7336,N,N,08/2023,Analyst
31-1122.00,1.A.2.a.1,Arm-Hand Steadiness,IM,2.62,8,0.183,2.2664,2.9836,N,,08/2023,Analyst
31-1122.00,1.A.2.a.1,Arm-Hand Steadiness,LV,2.62,8,0.183,2.2664,2.9836,N,N,08/2023,Analyst
31-1122.00,1.A.2.a.2,Manual Dexterity,IM,2.12,8,0.125,1.88,2.37,N,,08/2023,Analyst
31-1122.00,1.A.2.a.2,Manual Dexterity,LV,1.88,8,0.125,1.63,2.12,N,N,08/2023,Analyst
31-1122.00,1.A.2.a.3,Finger Dexterity,IM,2.38,8,0.183,2.0164,2.7336,N,,08/2023,Analyst
31-1122.00,1.A.2.a.3,Finger Dexterity,LV,2.0,8,0.0,2.0,2.0,N,N,08/2023,Analyst
31-1122.00,1.A.2.b.1,Control Precision,IM,2.0,8,0.0,2.0,2.0,N,,08/2023,Analyst
31-1122.00,1.A.2.b.1,Control Precision,LV,1.5,8,0.189,1.1296,1.8704,N,N,08/2023,Analyst
31-1122.00,1.A.2.b.2,Multilimb Coordination,IM,2.5,8,0.189,2.1296,2.8704,N,,08/2023,Analyst
31-1122.00,1.A.2.b.2,Multilimb Coordination,LV,2.12,8,0.125,1.88,2.37,N,N,08/2023,Analyst
31-1122.00,1.A.2.b.3,Response Orientation,IM,2.0,8,0.0,2.0,2.0,N,,08/2023,Analyst
31-1122.00,1.A.2.b.3,Response Orientation,LV,1.12,8,0.125,0.88,1.37,N,N,08/2023,Analyst
31-1122.00,1.A.2.b.4,Rate Control,IM,1.5,8,0.189,1.1296,1.8704,N,,08/2023,Analyst
31-1122.00,1.A.2.b.4,Rate Control,LV,0.88,8,0.3504,0.1883,1.5617,N,N,08/2023,Analyst
31-1122.00,1.A.2.c.1,Reaction Time,IM,2.0,8,0.0,2.0,2.0,N,,08/2023,Analyst
31-1122.00,1.A.2.c.1,Reaction Time,LV,1.38,8,0.183,1.0164,1.7336,N,N,08/2023,Analyst
31-1122.00,1.A.2.c.2,Wrist-Finger Speed,IM,1.5,8,0.189,1.1296,1.8704,N,,08/2023,Analyst
31-1122.00,1.A.2.c.2,Wrist-Finger Speed,LV,0.62,8,0.2631,0.1094,1.1406,N,N,08/2023,Analyst
31-1122.00,1.A.2.c.3,Speed of Limb Movement,IM,1.5,8,0.189,1.1296,1.8704,N,,08/2023,Analyst
31-1122.00,1.A.2.c.3,Speed of Limb Movement,LV,0.88,8,0.3504,0.1883,1.5617,N,N,08/2023,Analyst
31-1122.00,1.A.3.a.1,Static Strength,IM,2.88,8,0.125,2.63,3.12,N,,08/2023,Analyst
31-1122.00,1.A.3.a.1,Static Strength,LV,2.5,8,0.189,2.1296,2.8704,N,N,08/2023,Analyst
31-1122.00,1.A.3.a.2,Explosive Strength,IM,2.0,8,0.189,1.6296,2.3704,N,,08/2023,Analyst
31-1122.00,1.A.3.a.2,Explosive Strength,LV,1.38,8,0.4199,0.5519,2.1981,N,N,08/2023,Analyst
31-1122.00,1.A.3.a.3,Dynamic Strength,IM,2.0,8,0.0,2.0,2.0,N,,08/2023,Analyst
31-1122.00,1.A.3.a.3,Dynamic Strength,LV,2.12,8,0.125,1.88,2.37,N,N,08/2023,Analyst
31-1122.00,1.A.3.a.4,Trunk Strength,IM,3.0,8,0.189,2.6296,3.3704,N,,08/2023,Analyst
31-1122.00,1.A.3.a.4,Trunk Strength,LV,3.0,8,0.189,2.6296,3.3704,N,N,08/2023,Analyst
31-1122.00,1.A.3.b.1,Stamina,IM,2.75,8,0.1637,2.4292,3.0708,N,,08/2023,Analyst
31-1122.00,1.A.3.b.1,Stamina,LV,2.25,8,0.1637,1.9292,2.5708,N,N,08/2023,Analyst
31-1122.00,1.A.3.c.1,Extent Flexibility,IM,2.5,8,0.189,2.1296,2.8704,N,,08/2023,Analyst
31-1122.00,1.A.3.c.1,Extent Flexibility,LV,2.5,8,0.189,2.1296,2.8704,N,N,08/2023,Analyst
31-1122.00,1.A.3.c.2,Dynamic Flexibility,IM,1.0,8,0.0,1.0,1.0,N,,08/2023,Analyst
31-1122.00,1.A.3.c.2,Dynamic Flexibility,LV,0.0,8,0.0,0.0,0.0,N,Y,08/2023,Analyst
31-1122.00,1.A.3.c.3,Gross Body Coordination,IM,2.25,8,0.1637,1.9292,2.5708,N,,08/2023,Analyst
31-1122.00,1.A.3.c.3,Gross Body Coordination,LV,2.12,8,0.125,1.88,2.37,N,N,08/2023,Analyst
31-1122.00,1.A.3.c.4,Gross Body Equilibrium,IM,2.25,8,0.1637,1.9292,2.5708,N,,08/2023,Analyst
31-1122.00,1.A.3.c.4,Gross Body Equilibrium,LV,1.62,8,0.2631,1.1094,2.1406,N,N,08/2023,Analyst
31-1122.00,1.A.4.a.1,Near Vision,IM,3.12,8,0.125,2.88,3.37,N,,08/2023,Analyst
31-1122.00,1.A.4.a.1,Near Vision,LV,3.0,8,0.0,3.0,3.0,N,N,08/2023,Analyst
31-1122.00,1.A.4.a.2,Far Vision,IM,2.88,8,0.125,2.63,3.12,N,,08/2023,Analyst
31-1122.00,1.A.4.a.2,Far Vision,LV,2.88,8,0.125,2.63,3.12,N,N,08/2023,Analyst
31-1122.00,1.A.4.a.3,Visual Color Discrimination,IM,2.12,8,0.125,1.88,2.37,N,,08/2023,Analyst
31-1122.00,1.A.4.a.3,Visual Color Discrimination,LV,2.0,8,0.189,1.6296,2.3704,N,N,08/2023,Analyst
31-1122.00,1.A.4.a.4,Night Vision,IM,1.5,8,0.189,1.1296,1.8704,N,,08/2023,Analyst
31-1122.00,1.A.4.a.4,Night Vision,LV,0.62,8,0.2631,0.1094,1.1406,N,N,08/2023,Analyst
31-1122.00,1.A.4.a.5,Peripheral Vision,IM,1.5,8,0.189,1.1296,1.8704,N,,08/2023,Analyst
31-1122.00,1.A.4.a.5,Peripheral Vision,LV,0.62,8,0.2631,0.1094,1.1406,N,N,08/2023,Analyst
31-1122.00,1.A.4.a.6,Depth Perception,IM,2.12,8,0.125,1.88,2.37,N,,08/2023,Analyst
31-1122.00,1.A.4.a.6,Depth Perception,LV,2.12,8,0.125,1.88,2.37,N,N,08/2023,Analyst
31-1122.00,1.A.4.a.7,Glare Sensitivity,IM,1.5,8,0.189,1.1296,1.8704,N,,08/2023,Analyst
31-1122.00,1.A.4.a.7,Glare Sensitivity,LV,0.62,8,0.2631,0.1094,1.1406,N,N,08/2023,Analyst
31-1122.00,1.A.4.b.1,Hearing Sensitivity,IM,2.38,8,0.183,2.0164,2.7336,N,,08/2023,Analyst
31-1122.00,1.A.4.b.1,Hearing Sensitivity,LV,2.12,8,0.125,1.88,2.37,N,N,08/2023,Analyst
31-1122.00,1.A.4.b.2,Auditory Attention,IM,2.5,8,0.189,2.1296,2.8704,N,,08/2023,Analyst
31-1122.00,1.A.4.b.2,Auditory Attention,LV,2.25,8,0.1637,1.9292,2.5708,N,N,08/2023,Analyst
31-1122.00,1.A.4.b.3,Sound Localization,IM,1.5,8,0.189,1.1296,1.8704,N,,08/2023,Analyst
31-1122.00,1.A.4.b.3,Sound Localization,LV,0.75,8,0.3134,0.1358,1.3642,N,N,08/2023,Analyst
31-1122.00,1.A.4.b.4,Speech Recognition,IM,3.12,8,0.125,2.88,3.37,N,,08/2023,Analyst
31-1122.00,1.A.4.b.4,Speech Recognition,LV,3.12,8,0.125,2.88,3.37,N,N,08/2023,Analyst
31-1122.00,1.A.4.b.5,Speech Clarity,IM,3.12,8,0.125,2.88,3.37,N,,08/2023,Analyst
31-1122.00,1.A.4.b.5,Speech Clarity,LV,3.12,8,0.125,2.88,3.37,N,N,08/2023,Analyst
31-1131.00,1.A.1.a.1,Oral Comprehension,IM,3.88,8,0.125,3.63,4.12,N,,08/2020,Analyst
31-1131.00,1.A.1.a.1,Oral Comprehension,LV,3.88,8,0.125,3.63,4.12,N,N,08/2020,Analyst
31-1131.00,1.A.1.a.2,Written Comprehension,IM,3.12,8,0.125,2.88,3.37,N,,08/2020,Analyst
31-1131.00,1.A.1.a.2,Written Comprehension,LV,3.0,8,0.0,3.0,3.0,N,N,08/2020,Analyst
31-1131.00,1.A.1.a.3,Oral Expression,IM,3.75,8,0.1637,3.4292,4.0708,N,,08/2020,Analyst
31-1131.00,1.A.1.a.3,Oral Expression,LV,3.75,8,0.1637,3.4292,4.0708,N,N,08/2020,Analyst
31-1131.00,1.A.1.a.4,Written Expression,IM,3.12,8,0.125,2.88,3.37,N,,08/2020,Analyst
31-1131.00,1.A.1.a.4,Written Expression,LV,2.88,8,0.125,2.63,3.12,N,N,08/2020,Analyst
31-1131.00,1.A.1.b.1,Fluency of Ideas,IM,2.12,8,0.125,1.88,2.37,N,,08/2020,Analyst
31-1131.00,1.A.1.b.1,Fluency of Ideas,LV,2.12,8,0.125,1.88,2.37,N,N,08/2020,Analyst
31-1131.00,1.A.1.b.2,Originality,IM,2.0,8,0.0,2.0,2.0,N,,08/2020,Analyst
31-1131.00,1.A.1.b.2,Originality,LV,2.12,8,0.125,1.88,2.37,N,N,08/2020,Analyst
31-1131.00,1.A.1.b.3,Problem Sensitivity,IM,3.88,8,0.125,3.63,4.12,N,,08/2020,Analyst
31-1131.00,1.A.1.b.3,Problem Sensitivity,LV,3.0,8,0.0,3.0,3.0,N,N,08/2020,Analyst
31-1131.00,1.A.1.b.4,Deductive Reasoning,IM,3.12,8,0.125,2.88,3.37,N,,08/2020,Analyst
31-1131.00,1.A.1.b.4,Deductive Reasoning,LV,3.0,8,0.0,3.0,3.0,N,N,08/2020,Analyst
31-1131.00,1.A.1.b.5,Inductive Reasoning,IM,3.0,8,0.0,3.0,3.0,N,,08/2020,Analyst
31-1131.00,1.A.1.b.5,Inductive Reasoning,LV,3.0,8,0.0,3.0,3.0,N,N,08/2020,Analyst
31-1131.00,1.A.1.b.6,Information Ordering,IM,3.12,8,0.125,2.88,3.37,N,,08/2020,Analyst
31-1131.00,1.A.1.b.6,Information Ordering,LV,3.0,8,0.0,3.0,3.0,N,N,08/2020,Analyst
31-1131.00,1.A.1.b.7,Category Flexibility,IM,3.0,8,0.0,3.0,3.0,N,,08/2020,Analyst
31-1131.00,1.A.1.b.7,Category Flexibility,LV,3.0,8,0.0,3.0,3.0,N,N,08/2020,Analyst
31-1131.00,1.A.1.c.1,Mathematical Reasoning,IM,2.12,8,0.125,1.88,2.37,N,,08/2020,Analyst
31-1131.00,1.A.1.c.1,Mathematical Reasoning,LV,2.0,8,0.0,2.0,2.0,N,N,08/2020,Analyst
31-1131.00,1.A.1.c.2,Number Facility,IM,2.12,8,0.125,1.88,2.37,N,,08/2020,Analyst
31-1131.00,1.A.1.c.2,Number Facility,LV,2.0,8,0.0,2.0,2.0,N,N,08/2020,Analyst
31-1131.00,1.A.1.d.1,Memorization,IM,2.25,8,0.1637,1.9292,2.5708,N,,08/2020,Analyst
31-1131.00,1.A.1.d.1,Memorization,LV,2.12,8,0.125,1.88,2.37,N,N,08/2020,Analyst
31-1131.00,1.A.1.e.1,Speed of Closure,IM,2.12,8,0.125,1.88,2.37,N,,08/2020,Analyst
31-1131.00,1.A.1.e.1,Speed of Closure,LV,2.0,8,0.0,2.0,2.0,N,N,08/2020,Analyst
31-1131.00,1.A.1.e.2,Flexibility of Closure,IM,2.25,8,0.1637,1.9292,2.5708,N,,08/2020,Analyst
31-1131.00,1.A.1.e.2,Flexibility of Closure,LV,2.25,8,0.1637,1.9292,2.5708,N,N,08/2020,Analyst
31-1131.00,1.A.1.e.3,Perceptual Speed,IM,2.25,8,0.1637,1.9292,2.5708,N,,08/2020,Analyst
31-1131.00,1.A.1.e.3,Perceptual Speed,LV,2.25,8,0.1637,1.9292,2.5708,N,N,08/2020,Analyst
31-1131.00,1.A.1.f.1,Spatial Orientation,IM,1.25,8,0.1637,1.0,1.5708,N,,08/2020,Analyst
31-1131.00,1.A.1.f.1,Spatial Orientation,LV,0.25,8,0.1637,0.0,0.5708,N,Y,08/2020,Analyst
31-1131.00,1.A.1.f.2,Visualization,IM,2.0,8,0.0,2.0,2.0,N,,08/2020,Analyst
31-1131.00,1.A.1.f.2,Visualization,LV,2.0,8,0.0,2.0,2.0,N,N,08/2020,Analyst
31-1131.00,1.A.1.g.1,Selective Attention,IM,2.88,8,0.125,2.63,3.12,N,,08/2020,Analyst
31-1131.00,1.A.1.g.1,Selective Attention,LV,2.75,8,0.1637,2.4292,3.0708,N,N,08/2020,Analyst
31-1131.00,1.A.1.g.2,Time Sharing,IM,2.38,8,0.183,2.0164,2.7336,N,,08/2020,Analyst
31-1131.00,1.A.1.g.2,Time Sharing,LV,2.12,8,0.125,1.88,2.37,N,N,08/2020,Analyst
31-1131.00,1.A.2.a.1,Arm-Hand Steadiness,IM,3.0,8,0.0,3.0,3.0,N,,08/2020,Analyst
31-1131.00,1.A.2.a.1,Arm-Hand Steadiness,LV,3.0,8,0.0,3.0,3.0,N,N,08/2020,Analyst
31-1131.00,1.A.2.a.2,Manual Dexterity,IM,2.75,8,0.1637,2.4292,3.0708,N,,08/2020,Analyst
31-1131.00,1.A.2.a.2,Manual Dexterity,LV,2.75,8,0.1637,2.4292,3.0708,N,N,08/2020,Analyst
31-1131.00,1.A.2.a.3,Finger Dexterity,IM,2.75,8,0.1637,2.4292,3.0708,N,,08/2020,Analyst
31-1131.00,1.A.2.a.3,Finger Dexterity,LV,2.75,8,0.1637,2.4292,3.0708,N,N,08/2020,Analyst
31-1131.00,1.A.2.b.1,Control Precision,IM,2.12,8,0.125,1.88,2.37,N,,08/2020,Analyst
31-1131.00,1.A.2.b.1,Control Precision,LV,2.25,8,0.1637,1.9292,2.5708,N,N,08/2020,Analyst
31-1131.00,1.A.2.b.2,Multilimb Coordination,IM,2.75,8,0.1637,2.4292,3.0708,N,,08/2020,Analyst
31-1131.00,1.A.2.b.2,Multilimb Coordination,LV,2.25,8,0.1637,1.9292,2.5708,N,N,08/2020,Analyst
31-1131.00,1.A.2.b.3,Response Orientation,IM,2.12,8,0.125,1.88,2.37,N,,08/2020,Analyst
31-1131.00,1.A.2.b.3,Response Orientation,LV,2.12,8,0.125,1.88,2.37,N,N,08/2020,Analyst
31-1131.00,1.A.2.b.4,Rate Control,IM,1.12,8,0.125,1.0,1.37,N,,08/2020,Analyst
31-1131.00,1.A.2.b.4,Rate Control,LV,0.12,8,0.125,0.0,0.37,N,Y,08/2020,Analyst
31-1131.00,1.A.2.c.1,Reaction Time,IM,2.12,8,0.125,1.88,2.37,N,,08/2020,Analyst
31-1131.00,1.A.2.c.1,Reaction Time,LV,2.0,8,0.189,1.6296,2.3704,N,N,08/2020,Analyst
31-1131.00,1.A.2.c.2,Wrist-Finger Speed,IM,1.62,8,0.183,1.2664,1.9836,N,,08/2020,Analyst
31-1131.00,1.A.2.c.2,Wrist-Finger Speed,LV,0.88,8,0.295,0.2967,1.4533,N,N,08/2020,Analyst
31-1131.00,1.A.2.c.3,Speed of Limb Movement,IM,2.0,8,0.0,2.0,2.0,N,,08/2020,Analyst
31-1131.00,1.A.2.c.3,Speed of Limb Movement,LV,1.88,8,0.125,1.63,2.12,N,N,08/2020,Analyst
31-1131.00,1.A.3.a.1,Static Strength,IM,3.25,8,0.1637,2.9292,3.5708,N,,08/2020,Analyst
31-1131.00,1.A.3.a.1,Static Strength,LV,3.25,8,0.1637,2.9292,3.5708,N,N,08/2020,Analyst
31-1131.00,1.A.3.a.2,Explosive Strength,IM,1.88,8,0.125,1.63,2.12,N,,08/2020,Analyst
31-1131.00,1.A.3.a.2,Explosive Strength,LV,1.62,8,0.2631,1.1094,2.1406,N,N,08/2020,Analyst
31-1131.00,1.A.3.a.3,Dynamic Strength,IM,2.25,8,0.1637,1.9292,2.5708,N,,08/2020,Analyst
31-1131.00,1.A.3.a.3,Dynamic Strength,LV,2.12,8,0.125,1.88,2.37,N,N,08/2020,Analyst
31-1131.00,1.A.3.a.4,Trunk Strength,IM,3.12,8,0.125,2.88,3.37,N,,08/2020,Analyst
31-1131.00,1.A.3.a.4,Trunk Strength,LV,3.12,8,0.125,2.88,3.37,N,N,08/2020,Analyst
31-1131.00,1.A.3.b.1,Stamina,IM,2.88,8,0.125,2.63,3.12,N,,08/2020,Analyst
31-1131.00,1.A.3.b.1,Stamina,LV,2.75,8,0.1637,2.4292,3.0708,N,N,08/2020,Analyst
31-1131.00,1.A.3.c.1,Extent Flexibility,IM,3.12,8,0.125,2.88,3.37,N,,08/2020,Analyst
31-1131.00,1.A.3.c.1,Extent Flexibility,LV,3.12,8,0.125,2.88,3.37,N,N,08/2020,Analyst
31-1131.00,1.A.3.c.2,Dynamic Flexibility,IM,1.62,8,0.183,1.2664,1.9836,N,,08/2020,Analyst
31-1131.00,1.A.3.c.2,Dynamic Flexibility,LV,0.75,8,0.25,0.26,1.24,N,N,08/2020,Analyst
31-1131.00,1.A.3.c.3,Gross Body Coordination,IM,2.25,8,0.1637,1.9292,2.5708,N,,08/2020,Analyst
31-1131.00,1.A.3.c.3,Gross Body Coordination,LV,2.12,8,0.125,1.88,2.37,N,N,08/2020,Analyst
31-1131.00,1.A.3.c.4,Gross Body Equilibrium,IM,2.12,8,0.125,1.88,2.37,N,,08/2020,Analyst
31-1131.00,1.A.3.c.4,Gross Body Equilibrium,LV,1.88,8,0.125,1.63,2.12,N,N,08/2020,Analyst
31-1131.00,1.A.4.a.1,Near Vision,IM,3.75,8,0.1637,3.4292,4.0708,N,,08/2020,Analyst
31-1131.00,1.A.4.a.1,Near Vision,LV,3.12,8,0.125,2.88,3.37,N,N,08/2020,Analyst
31-1131.00,1.A.4.a.2,Far Vision,IM,2.75,8,0.1637,2.4292,3.0708,N,,08/2020,Analyst
31-1131.00,1.A.4.a.2,Far Vision,LV,2.88,8,0.125,2.63,3.12,N,N,08/2020,Analyst
31-1131.00,1.A.4.a.3,Visual Color Discrimination,IM,2.38,8,0.183,2.0164,2.7336,N,,08/2020,Analyst
31-1131.00,1.A.4.a.3,Visual Color Discrimination,LV,2.0,8,0.0,2.0,2.0,N,N,08/2020,Analyst
31-1131.00,1.A.4.a.4,Night Vision,IM,1.0,8,0.0,1.0,1.0,N,,08/2020,Analyst
31-1131.00,1.A.4.a.4,Night Vision,LV,0.0,8,0.0,0.0,0.0,N,Y,08/2020,Analyst
31-1131.00,1.A.4.a.5,Peripheral Vision,IM,1.0,8,0.0,1.0,1.0,N,,08/2020,Analyst
31-1131.00,1.A.4.a.5,Peripheral Vision,LV,0.0,8,0.0,0.0,0.0,N,Y,08/2020,Analyst
31-1131.00,1.A.4.a.6,Depth Perception,IM,2.0,8,0.0,2.0,2.0,N,,08/2020,Analyst
31-1131.00,1.A.4.a.6,Depth Perception,LV,1.75,8,0.1637,1.4292,2.0708,N,N,08/2020,Analyst
31-1131.00,1.A.4.a.7,Glare Sensitivity,IM,1.0,8,0.0,1.0,1.0,N,,08/2020,Analyst
31-1131.00,1.A.4.a.7,Glare Sensitivity,LV,0.0,8,0.0,0.0,0.0,N,Y,08/2020,Analyst
31-1131.00,1.A.4.b.1,Hearing Sensitivity,IM,2.25,8,0.1637,1.9292,2.5708,N,,08/2020,Analyst
31-1131.00,1.A.4.b.1,Hearing Sensitivity,LV,2.0,8,0.0,2.0,2.0,N,N,08/2020,Analyst
31-1131.00,1.A.4.b.2,Auditory Attention,IM,2.12,8,0.125,1.88,2.37,N,,08/2020,Analyst
31-1131.00,1.A.4.b.2,Auditory Attention,LV,2.12,8,0.125,1.88,2.37,N,N,08/2020,Analyst
31-1131.00,1.A.4.b.3,Sound Localization,IM,1.12,8,0.125,1.0,1.37,N,,08/2020,Analyst
31-1131.00,1.A.4.b.3,Sound Localization,LV,0.12,8,0.125,0.0,0.37,N,Y,08/2020,Analyst
31-1131.00,1.A.4.b.4,Speech Recognition,IM,3.5,8,0.189,3.1296,3.8704,N,,08/2020,Analyst
31-1131.00,1.A.4.b.4,Speech Recognition,LV,3.0,8,0.0,3.0,3.0,N,N,08/2020,Analyst
31-1131.00,1.A.4.b.5,Speech Clarity,IM,3.0,8,0.0,3.0,3.0,N,,08/2020,Analyst
31-1131.00,1.A.4.b.5,Speech Clarity,LV,2.88,8,0.125,2.63,3.12,N,N,08/2020,Analyst
31-1132.00,1.A.1.a.1,Oral Comprehension,IM,3.62,8,0.2631,3.1094,4.1406,N,,07/2016,Analyst
31-1132.00,1.A.1.a.1,Oral Comprehension,LV,3.12,8,0.2266,2.6809,3.5691,N,N,07/2016,Analyst
31-1132.00,1.A.1.a.2,Written Comprehension,IM,2.75,8,0.1637,2.4292,3.0708,N,,07/2016,Analyst
31-1132.00,1.A.1.a.2,Written Comprehension,LV,2.75,8,0.1637,2.4292,3.0708,N,N,07/2016,Analyst
31-1132.00,1.A.1.a.3,Oral Expression,IM,3.38,8,0.183,3.0164,3.7336,N,,07/2016,Analyst
31-1132.00,1.A.1.a.3,Oral Expression,LV,3.12,8,0.2266,2.6809,3.5691,N,N,07/2016,Analyst
31-1132.00,1.A.1.a.4,Written Expression,IM,2.75,8,0.1637,2.4292,3.0708,N,,07/2016,Analyst
31-1132.00,1.A.1.a.4,Written Expression,LV,2.12,8,0.125,1.88,2.37,N,N,07/2016,Analyst
31-1132.00,1.A.1.b.1,Fluency of Ideas,IM,2.12,8,0.125,1.88,2.37,N,,07/2016,Analyst
31-1132.00,1.A.1.b.1,Fluency of Ideas,LV,1.88,8,0.125,1.63,2.12,N,N,07/2016,Analyst
31-1132.00,1.A.1.b.2,Originality,IM,2.0,8,0.0,2.0,2.0,N,,07/2016,Analyst
31-1132.00,1.A.1.b.2,Originality,LV,2.0,8,0.0,2.0,2.0,N,N,07/2016,Analyst
31-1132.00,1.A.1.b.3,Problem Sensitivity,IM,3.38,8,0.183,3.0164,3.7336,N,,07/2016,Analyst
31-1132.00,1.A.1.b.3,Problem Sensitivity,LV,2.75,8,0.1637,2.4292,3.0708,N,N,07/2016,Analyst
31-1132.00,1.A.1.b.4,Deductive Reasoning,IM,2.88,8,0.125,2.63,3.12,N,,07/2016,Analyst
31-1132.00,1.A.1.b.4,Deductive Reasoning,LV,2.75,8,0.25,2.26,3.24,N,N,07/2016,Analyst
31-1132.00,1.A.1.b.5,Inductive Reasoning,IM,2.88,8,0.125,2.63,3.12,N,,07/2016,Analyst
31-1132.00,1.A.1.b.5,Inductive Reasoning,LV,2.5,8,0.189,2.1296,2.8704,N,N,07/2016,Analyst
31-1132.00,1.A.1.b.6,Information Ordering,IM,2.75,8,0.1637,2.4292,3.0708,N,,07/2016,Analyst
31-1132.00,1.A.1.b.6,Information Ordering,LV,2.38,8,0.183,2.0164,2.7336,N,N,07/2016,Analyst
31-1132.00,1.A.1.b.7,Category Flexibility,IM,2.75,8,0.1637,2.4292,3.0708,N,,07/2016,Analyst
31-1132.00,1.A.1.b.7,Category Flexibility,LV,2.75,8,0.1637,2.4292,3.0708,N,N,07/2016,Analyst
31-1132.00,1.A.1.c.1,Mathematical Reasoning,IM,1.88,8,0.125,1.63,2.12,N,,07/2016,Analyst
31-1132.00,1.A.1.c.1,Mathematical Reasoning,LV,1.12,8,0.2266,0.6809,1.5691,N,N,07/2016,Analyst
31-1132.00,1.A.1.c.2,Number Facility,IM,2.0,8,0.0,2.0,2.0,N,,07/2016,Analyst
31-1132.00,1.A.1.c.2,Number Facility,LV,1.25,8,0.1637,0.9292,1.5708,N,N,07/2016,Analyst
31-1132.00,1.A.1.d.1,Memorization,IM,2.25,8,0.1637,1.9292,2.5708,N,,07/2016,Analyst
31-1132.00,1.A.1.d.1,Memorization,LV,1.75,8,0.1637,1.4292,2.0708,N,N,07/2016,Analyst
31-1132.00,1.A.1.e.1,Speed of Closure,IM,2.12,8,0.125,1.88,2.37,N,,07/2016,Analyst
31-1132.00,1.A.1.e.1,Speed of Closure,LV,1.88,8,0.125,1.63,2.12,N,N,07/2016,Analyst
31-1132.00,1.A.1.e.2,Flexibility of Closure,IM,2.12,8,0.2266,1.6809,2.5691,N,,07/2016,Analyst
31-1132.00,1.A.1.e.2,Flexibility of Closure,LV,2.0,8,0.3273,1.3584,2.6416,N,N,07/2016,Analyst
31-1132.00,1.A.1.e.3,Perceptual Speed,IM,2.25,8,0.1637,1.9292,2.5708,N,,07/2016,Analyst
31-1132.00,1.A.1.e.3,Perceptual Speed,LV,2.0,8,0.2673,1.4762,2.5238,N,N,07/2016,Analyst
31-1132.00,1.A.1.f.1,Spatial Orientation,IM,1.62,8,0.2631,1.1094,2.1406,N,,07/2016,Analyst
31-1132.00,1.A.1.f.1,Spatial Orientation,LV,0.88,8,0.3504,0.1883,1.5617,N,N,07/2016,Analyst
31-1132.00,1.A.1.f.2,Visualization,IM,2.25,8,0.1637,1.9292,2.5708,N,,07/2016,Analyst
31-1132.00,1.A.1.f.2,Visualization,LV,1.75,8,0.1637,1.4292,2.0708,N,N,07/2016,Analyst
31-1132.00,1.A.1.g.1,Selective Attention,IM,2.38,8,0.183,2.0164,2.7336,N,,07/2016,Analyst
31-1132.00,1.A.1.g.1,Selective Attention,LV,2.12,8,0.2266,1.6809,2.5691,N,N,07/2016,Analyst
31-1132.00,1.A.1.g.2,Time Sharing,IM,2.12,8,0.125,1.88,2.37,N,,07/2016,Analyst
31-1132.00,1.A.1.g.2,Time Sharing,LV,2.12,8,0.125,1.88,2.37,N,N,07/2016,Analyst
31-1132.00,1.A.2.a.1,Arm-Hand Steadiness,IM,2.62,8,0.183,2.2664,2.9836,N,,07/2016,Analyst
31-1132.00,1.A.2.a.1,Arm-Hand Steadiness,LV,2.25,8,0.1637,1.9292,2.5708,N,N,07/2016,Analyst
31-1132.00,1.A.2.a.2,Manual Dexterity,IM,3.0,8,0.189,2.6296,3.3704,N,,07/2016,Analyst
31-1132.00,1.A.2.a.2,Manual Dexterity,LV,2.5,8,0.189,2.1296,2.8704,N,N,07/2016,Analyst
31-1132.00,1.A.2.a.3,Finger Dexterity,IM,2.88,8,0.125,2.63,3.12,N,,07/2016,Analyst
31-1132.00,1.A.2.a.3,Finger Dexterity,LV,2.38,8,0.183,2.0164,2.7336,N,N,07/2016,Analyst
31-1132.00,1.A.2.b.1,Control Precision,IM,2.62,8,0.183,2.2664,2.9836,N,,07/2016,Analyst
31-1132.00,1.A.2.b.1,Control Precision,LV,2.38,8,0.183,2.0164,2.7336,N,N,07/2016,Analyst
31-1132.00,1.A.2.b.2,Multilimb Coordination,IM,2.75,8,0.3134,2.1358,3.3642,N,,07/2016,Analyst
31-1132.00,1.A.2.b.2,Multilimb Coordination,LV,2.12,8,0.2266,1.6809,2.5691,N,N,07/2016,Analyst
31-1132.00,1.A.2.b.3,Response Orientation,IM,2.12,8,0.2266,1.6809,2.5691,N,,07/2016,Analyst
31-1132.00,1.A.2.b.3,Response Orientation,LV,1.75,8,0.4119,0.9427,2.5573,N,N,07/2016,Analyst
31-1132.00,1.A.2.b.4,Rate Control,IM,1.75,8,0.1637,1.4292,2.0708,N,,07/2016,Analyst
31-1132.00,1.A.2.b.4,Rate Control,LV,0.88,8,0.2266,0.4309,1.3191,N,N,07/2016,Analyst
31-1132.00,1.A.2.c.1,Reaction Time,IM,2.25,8,0.1637,1.9292,2.5708,N,,07/2016,Analyst
31-1132.00,1.A.2.c.1,Reaction Time,LV,2.25,8,0.3134,1.6358,2.8642,N,N,07/2016,Analyst
31-1132.00,1.A.2.c.2,Wrist-Finger Speed,IM,1.75,8,0.1637,1.4292,2.0708,N,,07/2016,Analyst
31-1132.00,1.A.2.c.2,Wrist-Finger Speed,LV,1.38,8,0.3239,0.7402,2.0098,N,N,07/2016,Analyst
31-1132.00,1.A.2.c.3,Speed of Limb Movement,IM,2.0,8,0.189,1.6296,2.3704,N,,07/2016,Analyst
31-1132.00,1.A.2.c.3,Speed of Limb Movement,LV,1.62,8,0.3239,0.9902,2.2598,N,N,07/2016,Analyst
31-1132.00,1.A.3.a.1,Static Strength,IM,3.38,8,0.2631,2.8594,3.8906,N,,07/2016,Analyst
31-1132.00,1.A.3.a.1,Static Strength,LV,3.88,8,0.4795,2.9352,4.8148,N,N,07/2016,Analyst
31-1132.00,1.A.3.a.2,Explosive Strength,IM,3.0,8,0.189,2.6296,3.3704,N,,07/2016,Analyst
31-1132.00,1.A.3.a.2,Explosive Strength,LV,2.62,8,0.3239,1.9902,3.2598,N,N,07/2016,Analyst
31-1132.00,1.A.3.a.3,Dynamic Strength,IM,3.0,8,0.2673,2.4762,3.5238,N,,07/2016,Analyst
31-1132.00,1.A.3.a.3,Dynamic Strength,LV,2.88,8,0.3504,2.1883,3.5617,N,N,07/2016,Analyst
31-1132.00,1.A.3.a.4,Trunk Strength,IM,3.5,8,0.3273,2.8584,4.1416,N,,07/2016,Analyst
31-1132.00,1.A.3.a.4,Trunk Strength,LV,3.38,8,0.2631,2.8594,3.8906,N,N,07/2016,Analyst
31-1132.00,1.A.3.b.1,Stamina,IM,3.0,8,0.189,2.6296,3.3704,N,,07/2016,Analyst
31-1132.00,1.A.3.b.1,Stamina,LV,2.75,8,0.1637,2.4292,3.0708,N,N,07/2016,Analyst
31-1132.00,1.A.3.c.1,Extent Flexibility,IM,3.12,8,0.2266,2.6809,3.5691,N,,07/2016,Analyst
31-1132.00,1.A.3.c.1,Extent Flexibility,LV,3.12,8,0.2266,2.6809,3.5691,N,N,07/2016,Analyst
31-1132.00,1.A.3.c.2,Dynamic Flexibility,IM,1.5,8,0.2673,1.0,2.0238,N,,07/2016,Analyst
31-1132.00,1.A.3.c.2,Dynamic Flexibility,LV,0.75,8,0.4119,0.0,1.5573,N,N,07/2016,Analyst
31-1132.00,1.A.3.c.3,Gross Body Coordination,IM,2.88,8,0.125,2.63,3.12,N,,07/2016,Analyst
31-1132.00,1.A.3.c.3,Gross Body Coordination,LV,2.62,8,0.183,2.2664,2.9836,N,N,07/2016,Analyst
31-1132.00,1.A.3.c.4,Gross Body Equilibrium,IM,3.0,8,0.2673,2.4762,3.5238,N,,07/2016,Analyst
31-1132.00,1.A.3.c.4,Gross Body Equilibrium,LV,2.25,8,0.25,1.76,2.74,N,N,07/2016,Analyst
31-1132.00,1.A.4.a.1,Near Vision,IM,3.25,8,0.1637,2.9292,3.5708,N,,07/2016,Analyst
31-1132.00,1.A.4.a.1,Near Vision,LV,3.0,8,0.0,3.0,3.0,N,N,07/2016,Analyst
31-1132.00,1.A.4.a.2,Far Vision,IM,2.75,8,0.25,2.26,3.24,N,,07/2016,Analyst
31-1132.00,1.A.4.a.2,Far Vision,LV,2.62,8,0.183,2.2664,2.9836,N,N,07/2016,Analyst
31-1132.00,1.A.4.a.3,Visual Color Discrimination,IM,2.0,8,0.189,1.6296,2.3704,N,,07/2016,Analyst
31-1132.00,1.A.4.a.3,Visual Color Discrimination,LV,1.62,8,0.3239,0.9902,2.2598,N,N,07/2016,Analyst
31-1132.00,1.A.4.a.4,Night Vision,IM,1.0,8,0.0,1.0,1.0,N,,07/2016,Analyst
31-1132.00,1.A.4.a.4,Night Vision,LV,0.0,8,0.0,0.0,0.0,N,Y,07/2016,Analyst
31-1132.00,1.A.4.a.5,Peripheral Vision,IM,1.25,8,0.1637,1.0,1.5708,N,,07/2016,Analyst
31-1132.00,1.A.4.a.5,Peripheral Vision,LV,0.38,8,0.2631,0.0,0.8906,N,Y,07/2016,Analyst
31-1132.00,1.A.4.a.6,Depth Perception,IM,2.25,8,0.1637,1.9292,2.5708,N,,07/2016,Analyst
31-1132.00,1.A.4.a.6,Depth Perception,LV,1.62,8,0.2631,1.1094,2.1406,N,N,07/2016,Analyst
31-1132.00,1.A.4.a.7,Glare Sensitivity,IM,1.0,8,0.0,1.0,1.0,N,,07/2016,Analyst
31-1132.00,1.A.4.a.7,Glare Sensitivity,LV,0.0,8,0.0,0.0,0.0,N,Y,07/2016,Analyst
31-1132.00,1.A.4.b.1,Hearing Sensitivity,IM,2.38,8,0.183,2.0164,2.7336,N,,07/2016,Analyst
31-1132.00,1.A.4.b.1,Hearing Sensitivity,LV,2.12,8,0.125,1.88,2.37,N,N,07/2016,Analyst
31-1132.00,1.A.4.b.2,Auditory Attention,IM,2.25,8,0.1637,1.9292,2.5708,N,,07/2016,Analyst
31-1132.00,1.A.4.b.2,Auditory Attention,LV,2.12,8,0.125,1.88,2.37,N,N,07/2016,Analyst
31-1132.00,1.A.4.b.3,Sound Localization,IM,1.25,8,0.1637,1.0,1.5708,N,,07/2016,Analyst
31-1132.00,1.A.4.b.3,Sound Localization,LV,0.38,8,0.2631,0.0,0.8906,N,Y,07/2016,Analyst
31-1132.00,1.A.4.b.4,Speech Recognition,IM,3.38,8,0.183,3.0164,3.7336,N,,07/2016,Analyst
31-1132.00,1.A.4.b.4,Speech Recognition,LV,2.88,8,0.125,2.63,3.12,N,N,07/2016,Analyst
31-1132.00,1.A.4.b.5,Speech Clarity,IM,3.12,8,0.2266,2.6809,3.5691,N,,07/2016,Analyst
31-1132.00,1.A.4.b.5,Speech Clarity,LV,2.5,8,0.189,2.1296,2.8704,N,N,07/2016,Analyst
31-1133.00,1.A.1.a.1,Oral Comprehension,IM,3.88,8,0.125,3.63,4.12,N,,08/2023,Analyst
31-1133.00,1.A.1.a.1,Oral Comprehension,LV,3.88,8,0.125,3.63,4.12,N,N,08/2023,Analyst
31-1133.00,1.A.1.a.2,Written Comprehension,IM,3.75,8,0.1637,3.4292,4.0708,N,,08/2023,Analyst
31-1133.00,1.A.1.a.2,Written Comprehension,LV,3.0,8,0.0,3.0,3.0,N,N,08/2023,Analyst
31-1133.00,1.A.1.a.3,Oral Expression,IM,4.0,8,0.0,4.0,4.0,N,,08/2023,Analyst
31-1133.00,1.A.1.a.3,Oral Expression,LV,3.75,8,0.1637,3.4292,4.0708,N,N,08/2023,Analyst
31-1133.00,1.A.1.a.4,Written Expression,IM,3.12,8,0.125,2.88,3.37,N,,08/2023,Analyst
31-1133.00,1.A.1.a.4,Written Expression,LV,3.12,8,0.125,2.88,3.37,N,N,08/2023,Analyst
31-1133.00,1.A.1.b.1,Fluency of Ideas,IM,2.88,8,0.125,2.63,3.12,N,,08/2023,Analyst
31-1133.00,1.A.1.b.1,Fluency of Ideas,LV,2.88,8,0.125,2.63,3.12,N,N,08/2023,Analyst
31-1133.00,1.A.1.b.2,Originality,IM,2.75,8,0.1637,2.4292,3.0708,N,,08/2023,Analyst
31-1133.00,1.A.1.b.2,Originality,LV,2.75,8,0.1637,2.4292,3.0708,N,N,08/2023,Analyst
31-1133.00,1.A.1.b.3,Problem Sensitivity,IM,3.88,8,0.125,3.63,4.12,N,,08/2023,Analyst
31-1133.00,1.A.1.b.3,Problem Sensitivity,LV,3.88,8,0.125,3.63,4.12,N,N,08/2023,Analyst
31-1133.00,1.A.1.b.4,Deductive Reasoning,IM,3.62,8,0.183,3.2664,3.9836,N,,08/2023,Analyst
31-1133.00,1.A.1.b.4,Deductive Reasoning,LV,3.25,8,0.1637,2.9292,3.5708,N,N,08/2023,Analyst
31-1133.00,1.A.1.b.5,Inductive Reasoning,IM,3.5,8,0.189,3.1296,3.8704,N,,08/2023,Analyst
31-1133.00,1.A.1.b.5,Inductive Reasoning,LV,3.12,8,0.125,2.88,3.37,N,N,08/2023,Analyst
31-1133.00,1.A.1.b.6,Information Ordering,IM,3.25,8,0.1637,2.9292,3.5708,N,,08/2023,Analyst
31-1133.00,1.A.1.b.6,Information Ordering,LV,3.12,8,0.125,2.88,3.37,N,N,08/2023,Analyst
31-1133.00,1.A.1.b.7,Category Flexibility,IM,3.0,8,0.0,3.0,3.0,N,,08/2023,Analyst
31-1133.00,1.A.1.b.7,Category Flexibility,LV,3.0,8,0.0,3.0,3.0,N,N,08/2023,Analyst
31-1133.00,1.A.1.c.1,Mathematical Reasoning,IM,2.12,8,0.125,1.88,2.37,N,,08/2023,Analyst
31-1133.00,1.A.1.c.1,Mathematical Reasoning,LV,1.88,8,0.125,1.63,2.12,N,N,08/2023,Analyst
31-1133.00,1.A.1.c.2,Number Facility,IM,2.12,8,0.125,1.88,2.37,N,,08/2023,Analyst
31-1133.00,1.A.1.c.2,Number Facility,LV,1.88,8,0.125,1.63,2.12,N,N,08/2023,Analyst
31-1133.00,1.A.1.d.1,Memorization,IM,2.12,8,0.125,1.88,2.37,N,,08/2023,Analyst
31-1133.00,1.A.1.d.1,Memorization,LV,2.0,8,0.189,1.6296,2.3704,N,N,08/2023,Analyst
31-1133.00,1.A.1.e.1,Speed of Closure,IM,2.75,8,0.1637,2.4292,3.0708,N,,08/2023,Analyst
31-1133.00,1.A.1.e.1,Speed of Closure,LV,2.5,8,0.189,2.1296,2.8704,N,N,08/2023,Analyst
31-1133.00,1.A.1.e.2,Flexibility of Closure,IM,3.0,8,0.0,3.0,3.0,N,,08/2023,Analyst
31-1133.00,1.A.1.e.2,Flexibility of Closure,LV,3.0,8,0.0,3.0,3.0,N,N,08/2023,Analyst
31-1133.00,1.A.1.e.3,Perceptual Speed,IM,3.0,8,0.0,3.0,3.0,N,,08/2023,Analyst
31-1133.00,1.A.1.e.3,Perceptual Speed,LV,3.0,8,0.0,3.0,3.0,N,N,08/2023,Analyst
31-1133.00,1.A.1.f.1,Spatial Orientation,IM,2.0,8,0.0,2.0,2.0,N,,08/2023,Analyst
31-1133.00,1.A.1.f.1,Spatial Orientation,LV,1.0,8,0.0,1.0,1.0,N,N,08/2023,Analyst
31-1133.00,1.A.1.f.2,Visualization,IM,2.38,8,0.183,2.0164,2.7336,N,,08/2023,Analyst
31-1133.00,1.A.1.f.2,Visualization,LV,2.12,8,0.125,1.88,2.37,N,N,08/2023,Analyst
31-1133.00,1.A.1.g.1,Selective Attention,IM,3.12,8,0.125,2.88,3.37,N,,08/2023,Analyst
31-1133.00,1.A.1.g.1,Selective Attention,LV,3.12,8,0.125,2.88,3.37,N,N,08/2023,Analyst
31-1133.00,1.A.1.g.2,Time Sharing,IM,2.88,8,0.125,2.63,3.12,N,,08/2023,Analyst
31-1133.00,1.A.1.g.2,Time Sharing,LV,2.88,8,0.125,2.63,3.12,N,N,08/2023,Analyst
31-1133.00,1.A.2.a.1,Arm-Hand Steadiness,IM,2.75,8,0.1637,2.4292,3.0708,N,,08/2023,Analyst
31-1133.00,1.A.2.a.1,Arm-Hand Steadiness,LV,2.62,8,0.183,2.2664,2.9836,N,N,08/2023,Analyst
31-1133.00,1.A.2.a.2,Manual Dexterity,IM,2.75,8,0.1637,2.4292,3.0708,N,,08/2023,Analyst
31-1133.00,1.A.2.a.2,Manual Dexterity,LV,2.12,8,0.125,1.88,2.37,N,N,08/2023,Analyst
31-1133.00,1.A.2.a.3,Finger Dexterity,IM,2.75,8,0.1637,2.4292,3.0708,N,,08/2023,Analyst
31-1133.00,1.A.2.a.3,Finger Dexterity,LV,2.5,8,0.189,2.1296,2.8704,N,N,08/2023,Analyst
31-1133.00,1.A.2.b.1,Control Precision,IM,2.12,8,0.125,1.88,2.37,N,,08/2023,Analyst
31-1133.00,1.A.2.b.1,Control Precision,LV,1.88,8,0.125,1.63,2.12,N,N,08/2023,Analyst
31-1133.00,1.A.2.b.2,Multilimb Coordination,IM,2.88,8,0.125,2.63,3.12,N,,08/2023,Analyst
31-1133.00,1.A.2.b.2,Multilimb Coordination,LV,2.0,8,0.0,2.0,2.0,N,N,08/2023,Analyst
31-1133.00,1.A.2.b.3,Response Orientation,IM,2.75,8,0.1637,2.4292,3.0708,N,,08/2023,Analyst
31-1133.00,1.A.2.b.3,Response Orientation,LV,2.62,8,0.183,2.2664,2.9836,N,N,08/2023,Analyst
31-1133.00,1.A.2.b.4,Rate Control,IM,2.0,8,0.0,2.0,2.0,N,,08/2023,Analyst
31-1133.00,1.A.2.b.4,Rate Control,LV,1.0,8,0.0,1.0,1.0,N,N,08/2023,Analyst
31-1133.00,1.A.2.c.1,Reaction Time,IM,2.75,8,0.1637,2.4292,3.0708,N,,08/2023,Analyst
31-1133.00,1.A.2.c.1,Reaction Time,LV,2.5,8,0.189,2.1296,2.8704,N,N,08/2023,Analyst
31-1133.00,1.A.2.c.2,Wrist-Finger Speed,IM,1.88,8,0.125,1.63,2.12,N,,08/2023,Analyst
31-1133.00,1.A.2.c.2,Wrist-Finger Speed,LV,1.12,8,0.2266,0.6809,1.5691,N,N,08/2023,Analyst
31-1133.00,1.A.2.c.3,Speed of Limb Movement,IM,2.12,8,0.125,1.88,2.37,N,,08/2023,Analyst
31-1133.00,1.A.2.c.3,Speed of Limb Movement,LV,2.0,8,0.0,2.0,2.0,N,N,08/2023,Analyst
31-1133.00,1.A.3.a.1,Static Strength,IM,2.88,8,0.125,2.63,3.12,N,,08/2023,Analyst
31-1133.00,1.A.3.a.1,Static Strength,LV,3.12,8,0.125,2.88,3.37,N,N,08/2023,Analyst
31-1133.00,1.A.3.a.2,Explosive Strength,IM,2.25,8,0.1637,1.9292,2.5708,N,,08/2023,Analyst
31-1133.00,1.A.3.a.2,Explosive Strength,LV,2.38,8,0.183,2.0164,2.7336,N,N,08/2023,Analyst
31-1133.00,1.A.3.a.3,Dynamic Strength,IM,2.12,8,0.125,1.88,2.37,N,,08/2023,Analyst
31-1133.00,1.A.3.a.3,Dynamic Strength,LV,2.25,8,0.1637,1.9292,2.5708,N,N,08/2023,Analyst
31-1133.00,1.A.3.a.4,Trunk Strength,IM,3.0,8,0.0,3.0,3.0,N,,08/2023,Analyst
31-1133.00,1.A.3.a.4,Trunk Strength,LV,2.88,8,0.125,2.63,3.12,N,N,08/2023,Analyst
31-1133.00,1.A.3.b.1,Stamina,IM,2.75,8,0.1637,2.4292,3.0708,N,,08/2023,Analyst
31-1133.00,1.A.3.b.1,Stamina,LV,2.25,8,0.1637,1.9292,2.5708,N,N,08/2023,Analyst
31-1133.00,1.A.3.c.1,Extent Flexibility,IM,2.38,8,0.183,2.0164,2.7336,N,,08/2023,Analyst
31-1133.00,1.A.3.c.1,Extent Flexibility,LV,2.5,8,0.189,2.1296,2.8704,N,N,08/2023,Analyst
31-1133.00,1.A.3.c.2,Dynamic Flexibility,IM,1.0,8,0.0,1.0,1.0,N,,08/2023,Analyst
31-1133.00,1.A.3.c.2,Dynamic Flexibility,LV,0.0,8,0.0,0.0,0.0,N,Y,08/2023,Analyst
31-1133.00,1.A.3.c.3,Gross Body Coordination,IM,2.62,8,0.183,2.2664,2.9836,N,,08/2023,Analyst
31-1133.00,1.A.3.c.3,Gross Body Coordination,LV,2.25,8,0.1637,1.9292,2.5708,N,N,08/2023,Analyst
31-1133.00,1.A.3.c.4,Gross Body Equilibrium,IM,2.38,8,0.183,2.0164,2.7336,N,,08/2023,Analyst
31-1133.00,1.A.3.c.4,Gross Body Equilibrium,LV,2.12,8,0.125,1.88,2.37,N,N,08/2023,Analyst
31-1133.00,1.A.4.a.1,Near Vision,IM,3.12,8,0.125,2.88,3.37,N,,08/2023,Analyst
31-1133.00,1.A.4.a.1,Near Vision,LV,3.25,8,0.1637,2.9292,3.5708,N,N,08/2023,Analyst
31-1133.00,1.A.4.a.2,Far Vision,IM,3.12,8,0.125,2.88,3.37,N,,08/2023,Analyst
31-1133.00,1.A.4.a.2,Far Vision,LV,3.0,8,0.0,3.0,3.0,N,N,08/2023,Analyst
31-1133.00,1.A.4.a.3,Visual Color Discrimination,IM,2.75,8,0.1637,2.4292,3.0708,N,,08/2023,Analyst
31-1133.00,1.A.4.a.3,Visual Color Discrimination,LV,2.62,8,0.183,2.2664,2.9836,N,N,08/2023,Analyst
31-1133.00,1.A.4.a.4,Night Vision,IM,1.62,8,0.183,1.2664,1.9836,N,,08/2023,Analyst
31-1133.00,1.A.4.a.4,Night Vision,LV,0.62,8,0.183,0.2664,0.9836,N,N,08/2023,Analyst
31-1133.00,1.A.4.a.5,Peripheral Vision,IM,1.62,8,0.183,1.2664,1.9836,N,,08/2023,Analyst
31-1133.00,1.A.4.a.5,Peripheral Vision,LV,0.62,8,0.183,0.2664,0.9836,N,N,08/2023,Analyst
31-1133.00,1.A.4.a.6,Depth Perception,IM,2.12,8,0.125,1.88,2.37,N,,08/2023,Analyst
31-1133.00,1.A.4.a.6,Depth Perception,LV,2.0,8,0.0,2.0,2.0,N,N,08/2023,Analyst
31-1133.00,1.A.4.a.7,Glare Sensitivity,IM,1.5,8,0.189,1.1296,1.8704,N,,08/2023,Analyst
31-1133.00,1.A.4.a.7,Glare Sensitivity,LV,0.5,8,0.189,0.1296,0.8704,N,N,08/2023,Analyst
31-1133.00,1.A.4.b.1,Hearing Sensitivity,IM,2.62,8,0.183,2.2664,2.9836,N,,08/2023,Analyst
31-1133.00,1.A.4.b.1,Hearing Sensitivity,LV,2.25,8,0.1637,1.9292,2.5708,N,N,08/2023,Analyst
31-1133.00,1.A.4.b.2,Auditory Attention,IM,3.0,8,0.0,3.0,3.0,N,,08/2023,Analyst
31-1133.00,1.A.4.b.2,Auditory Attention,LV,3.0,8,0.0,3.0,3.0,N,N,08/2023,Analyst
31-1133.00,1.A.4.b.3,Sound Localization,IM,1.5,8,0.189,1.1296,1.8704,N,,08/2023,Analyst
31-1133.00,1.A.4.b.3,Sound Localization,LV,0.5,8,0.189,0.1296,0.8704,N,N,08/2023,Analyst
31-1133.00,1.A.4.b.4,Speech Recognition,IM,3.38,8,0.183,3.0164,3.7336,N,,08/2023,Analyst
31-1133.00,1.A.4.b.4,Speech Recognition,LV,3.0,8,0.0,3.0,3.0,N,N,08/2023,Analyst
31-1133.00,1.A.4.b.5,Speech Clarity,IM,3.5,8,0.189,3.1296,3.8704,N,,08/2023,Analyst
31-1133.00,1.A.4.b.5,Speech Clarity,LV,3.0,8,0.0,3.0,3.0,N,N,08/2023,Analyst
31-2011.00,1.A.1.a.1,Oral Comprehension,IM,4.0,8,0.0,4.0,4.0,N,,08/2022,Analyst
31-2011.00,1.A.1.a.1,Oral Comprehension,LV,4.12,8,0.125,3.88,4.37,N,N,08/2022,Analyst
31-2011.00,1.A.1.a.2,Written Comprehension,IM,3.62,8,0.183,3.2664,3.9836,N,,08/2022,Analyst
31-2011.00,1.A.1.a.2,Written Comprehension,LV,3.88,8,0.125,3.63,4.12,N,N,08/2022,Analyst
31-2011.00,1.A.1.a.3,Oral Expression,IM,4.0,8,0.0,4.0,4.0,N,,08/2022,Analyst
31-2011.00,1.A.1.a.3,Oral Expression,LV,4.12,8,0.125,3.88,4.37,N,N,08/2022,Analyst
31-2011.00,1.A.1.a.4,Written Expression,IM,3.75,8,0.1637,3.4292,4.0708,N,,08/2022,Analyst
31-2011.00,1.A.1.a.4,Written Expression,LV,3.75,8,0.1637,3.4292,4.0708,N,N,08/2022,Analyst
31-2011.00,1.A.1.b.1,Fluency of Ideas,IM,3.12,8,0.125,2.88,3.37,N,,08/2022,Analyst
31-2011.00,1.A.1.b.1,Fluency of Ideas,LV,3.12,8,0.125,2.88,3.37,N,N,08/2022,Analyst
31-2011.00,1.A.1.b.2,Originality,IM,2.88,8,0.125,2.63,3.12,N,,08/2022,Analyst
31-2011.00,1.A.1.b.2,Originality,LV,3.12,8,0.125,2.88,3.37,N,N,08/2022,Analyst
31-2011.00,1.A.1.b.3,Problem Sensitivity,IM,3.75,8,0.1637,3.4292,4.0708,N,,08/2022,Analyst
31-2011.00,1.A.1.b.3,Problem Sensitivity,LV,4.0,8,0.0,4.0,4.0,N,N,08/2022,Analyst
31-2011.00,1.A.1.b.4,Deductive Reasoning,IM,3.38,8,0.183,3.0164,3.7336,N,,08/2022,Analyst
31-2011.00,1.A.1.b.4,Deductive Reasoning,LV,3.62,8,0.183,3.2664,3.9836,N,N,08/2022,Analyst
31-2011.00,1.A.1.b.5,Inductive Reasoning,IM,3.25,8,0.1637,2.9292,3.5708,N,,08/2022,Analyst
31-2011.00,1.A.1.b.5,Inductive Reasoning,LV,3.12,8,0.125,2.88,3.37,N,N,08/2022,Analyst
31-2011.00,1.A.1.b.6,Information Ordering,IM,3.38,8,0.183,3.0164,3.7336,N,,08/2022,Analyst
31-2011.00,1.A.1.b.6,Information Ordering,LV,3.25,8,0.1637,2.9292,3.5708,N,N,08/2022,Analyst
31-2011.00,1.A.1.b.7,Category Flexibility,IM,3.0,8,0.0,3.0,3.0,N,,08/2022,Analyst
31-2011.00,1.A.1.b.7,Category Flexibility,LV,3.12,8,0.125,2.88,3.37,N,N,08/2022,Analyst
31-2011.00,1.A.1.c.1,Mathematical Reasoning,IM,2.0,8,0.0,2.0,2.0,N,,08/2022,Analyst
31-2011.00,1.A.1.c.1,Mathematical Reasoning,LV,2.0,8,0.0,2.0,2.0,N,N,08/2022,Analyst
31-2011.00,1.A.1.c.2,Number Facility,IM,2.0,8,0.0,2.0,2.0,N,,08/2022,Analyst
31-2011.00,1.A.1.c.2,Number Facility,LV,2.12,8,0.125,1.88,2.37,N,N,08/2022,Analyst
31-2011.00,1.A.1.d.1,Memorization,IM,2.38,8,0.183,2.0164,2.7336,N,,08/2022,Analyst
31-2011.00,1.A.1.d.1,Memorization,LV,2.5,8,0.189,2.1296,2.8704,N,N,08/2022,Analyst
31-2011.00,1.A.1.e.1,Speed of Closure,IM,2.25,8,0.1637,1.9292,2.5708,N,,08/2022,Analyst
31-2011.00,1.A.1.e.1,Speed of Closure,LV,2.12,8,0.125,1.88,2.37,N,N,08/2022,Analyst
31-2011.00,1.A.1.e.2,Flexibility of Closure,IM,2.5,8,0.189,2.1296,2.8704,N,,08/2022,Analyst
31-2011.00,1.A.1.e.2,Flexibility of Closure,LV,2.62,8,0.183,2.2664,2.9836,N,N,08/2022,Analyst
31-2011.00,1.A.1.e.3,Perceptual Speed,IM,2.75,8,0.1637,2.4292,3.0708,N,,08/2022,Analyst
31-2011.00,1.A.1.e.3,Perceptual Speed,LV,2.88,8,0.125,2.63,3.12,N,N,08/2022,Analyst
31-2011.00,1.A.1.f.1,Spatial Orientation,IM,1.5,8,0.189,1.1296,1.8704,N,,08/2022,Analyst
31-2011.00,1.A.1.f.1,Spatial Orientation,LV,0.62,8,0.2631,0.1094,1.1406,N,N,08/2022,Analyst
31-2011.00,1.A.1.f.2,Visualization,IM,2.62,8,0.183,2.2664,2.9836,N,,08/2022,Analyst
31-2011.00,1.A.1.f.2,Visualization,LV,2.62,8,0.183,2.2664,2.9836,N,N,08/2022,Analyst
31-2011.00,1.A.1.g.1,Selective Attention,IM,3.0,8,0.0,3.0,3.0,N,,08/2022,Analyst
31-2011.00,1.A.1.g.1,Selective Attention,LV,3.0,8,0.0,3.0,3.0,N,N,08/2022,Analyst
31-2011.00,1.A.1.g.2,Time Sharing,IM,2.88,8,0.125,2.63,3.12,N,,08/2022,Analyst
31-2011.00,1.A.1.g.2,Time Sharing,LV,2.75,8,0.1637,2.4292,3.0708,N,N,08/2022,Analyst
31-2011.00,1.A.2.a.1,Arm-Hand Steadiness,IM,3.0,8,0.0,3.0,3.0,N,,08/2022,Analyst
31-2011.00,1.A.2.a.1,Arm-Hand Steadiness,LV,2.88,8,0.125,2.63,3.12,N,N,08/2022,Analyst
31-2011.00,1.A.2.a.2,Manual Dexterity,IM,3.0,8,0.0,3.0,3.0,N,,08/2022,Analyst
31-2011.00,1.A.2.a.2,Manual Dexterity,LV,2.75,8,0.1637,2.4292,3.0708,N,N,08/2022,Analyst
31-2011.00,1.A.2.a.3,Finger Dexterity,IM,3.0,8,0.0,3.0,3.0,N,,08/2022,Analyst
31-2011.00,1.A.2.a.3,Finger Dexterity,LV,3.0,8,0.0,3.0,3.0,N,N,08/2022,Analyst
31-2011.00,1.A.2.b.1,Control Precision,IM,2.25,8,0.1637,1.9292,2.5708,N,,08/2022,Analyst
31-2011.00,1.A.2.b.1,Control Precision,LV,2.5,8,0.189,2.1296,2.8704,N,N,08/2022,Analyst
31-2011.00,1.A.2.b.2,Multilimb Coordination,IM,2.75,8,0.1637,2.4292,3.0708,N,,08/2022,Analyst
31-2011.00,1.A.2.b.2,Multilimb Coordination,LV,2.62,8,0.183,2.2664,2.9836,N,N,08/2022,Analyst
31-2011.00,1.A.2.b.3,Response Orientation,IM,2.12,8,0.125,1.88,2.37,N,,08/2022,Analyst
31-2011.00,1.A.2.b.3,Response Orientation,LV,1.5,8,0.2673,0.9762,2.0238,N,N,08/2022,Analyst
31-2011.00,1.A.2.b.4,Rate Control,IM,1.88,8,0.125,1.63,2.12,N,,08/2022,Analyst
31-2011.00,1.A.2.b.4,Rate Control,LV,0.88,8,0.125,0.63,1.12,N,N,08/2022,Analyst
31-2011.00,1.A.2.c.1,Reaction Time,IM,2.0,8,0.0,2.0,2.0,N,,08/2022,Analyst
31-2011.00,1.A.2.c.1,Reaction Time,LV,1.5,8,0.2673,0.9762,2.0238,N,N,08/2022,Analyst
31-2011.00,1.A.2.c.2,Wrist-Finger Speed,IM,2.12,8,0.125,1.88,2.37,N,,08/2022,Analyst
31-2011.00,1.A.2.c.2,Wrist-Finger Speed,LV,1.38,8,0.183,1.0164,1.7336,N,N,08/2022,Analyst
31-2011.00,1.A.2.c.3,Speed of Limb Movement,IM,2.0,8,0.0,2.0,2.0,N,,08/2022,Analyst
31-2011.00,1.A.2.c.3,Speed of Limb Movement,LV,1.12,8,0.125,0.88,1.37,N,N,08/2022,Analyst
31-2011.00,1.A.3.a.1,Static Strength,IM,3.12,8,0.125,2.88,3.37,N,,08/2022,Analyst
31-2011.00,1.A.3.a.1,Static Strength,LV,3.0,8,0.189,2.6296,3.3704,N,N,08/2022,Analyst
31-2011.00,1.A.3.a.2,Explosive Strength,IM,1.5,8,0.189,1.1296,1.8704,N,,08/2022,Analyst
31-2011.00,1.A.3.a.2,Explosive Strength,LV,0.75,8,0.3134,0.1358,1.3642,N,N,08/2022,Analyst
31-2011.00,1.A.3.a.3,Dynamic Strength,IM,2.25,8,0.1637,1.9292,2.5708,N,,08/2022,Analyst
31-2011.00,1.A.3.a.3,Dynamic Strength,LV,2.12,8,0.295,1.5467,2.7033,N,N,08/2022,Analyst
31-2011.00,1.A.3.a.4,Trunk Strength,IM,3.0,8,0.189,2.6296,3.3704,N,,08/2022,Analyst
31-2011.00,1.A.3.a.4,Trunk Strength,LV,2.62,8,0.2631,2.1094,3.1406,N,N,08/2022,Analyst
31-2011.00,1.A.3.b.1,Stamina,IM,2.25,8,0.1637,1.9292,2.5708,N,,08/2022,Analyst
31-2011.00,1.A.3.b.1,Stamina,LV,2.25,8,0.25,1.76,2.74,N,N,08/2022,Analyst
31-2011.00,1.A.3.c.1,Extent Flexibility,IM,2.75,8,0.25,2.26,3.24,N,,08/2022,Analyst
31-2011.00,1.A.3.c.1,Extent Flexibility,LV,2.62,8,0.2631,2.1094,3.1406,N,N,08/2022,Analyst
31-2011.00,1.A.3.c.2,Dynamic Flexibility,IM,1.0,8,0.0,1.0,1.0,N,,08/2022,Analyst
31-2011.00,1.A.3.c.2,Dynamic Flexibility,LV,0.0,8,0.0,0.0,0.0,N,Y,08/2022,Analyst
31-2011.00,1.A.3.c.3,Gross Body Coordination,IM,2.38,8,0.183,2.0164,2.7336,N,,08/2022,Analyst
31-2011.00,1.A.3.c.3,Gross Body Coordination,LV,2.0,8,0.0,2.0,2.0,N,N,08/2022,Analyst
31-2011.00,1.A.3.c.4,Gross Body Equilibrium,IM,2.0,8,0.0,2.0,2.0,N,,08/2022,Analyst
31-2011.00,1.A.3.c.4,Gross Body Equilibrium,LV,2.0,8,0.0,2.0,2.0,N,N,08/2022,Analyst
31-2011.00,1.A.4.a.1,Near Vision,IM,3.5,8,0.189,3.1296,3.8704,N,,08/2022,Analyst
31-2011.00,1.A.4.a.1,Near Vision,LV,3.25,8,0.1637,2.9292,3.5708,N,N,08/2022,Analyst
31-2011.00,1.A.4.a.2,Far Vision,IM,2.75,8,0.1637,2.4292,3.0708,N,,08/2022,Analyst
31-2011.00,1.A.4.a.2,Far Vision,LV,2.88,8,0.125,2.63,3.12,N,N,08/2022,Analyst
31-2011.00,1.A.4.a.3,Visual Color Discrimination,IM,2.0,8,0.189,1.6296,2.3704,N,,08/2022,Analyst
31-2011.00,1.A.4.a.3,Visual Color Discrimination,LV,1.75,8,0.25,1.26,2.24,N,N,08/2022,Analyst
31-2011.00,1.A.4.a.4,Night Vision,IM,1.0,8,0.0,1.0,1.0,N,,08/2022,Analyst
31-2011.00,1.A.4.a.4,Night Vision,LV,0.0,8,0.0,0.0,0.0,N,Y,08/2022,Analyst
31-2011.00,1.A.4.a.5,Peripheral Vision,IM,1.0,8,0.0,1.0,1.0,N,,08/2022,Analyst
31-2011.00,1.A.4.a.5,Peripheral Vision,LV,0.0,8,0.0,0.0,0.0,N,Y,08/2022,Analyst
31-2011.00,1.A.4.a.6,Depth Perception,IM,2.0,8,0.189,1.6296,2.3704,N,,08/2022,Analyst
31-2011.00,1.A.4.a.6,Depth Perception,LV,1.75,8,0.25,1.26,2.24,N,N,08/2022,Analyst
31-2011.00,1.A.4.a.7,Glare Sensitivity,IM,1.0,8,0.0,1.0,1.0,N,,08/2022,Analyst
31-2011.00,1.A.4.a.7,Glare Sensitivity,LV,0.0,8,0.0,0.0,0.0,N,Y,08/2022,Analyst
31-2011.00,1.A.4.b.1,Hearing Sensitivity,IM,1.88,8,0.125,1.63,2.12,N,,08/2022,Analyst
31-2011.00,1.A.4.b.1,Hearing Sensitivity,LV,1.75,8,0.25,1.26,2.24,N,N,08/2022,Analyst
31-2011.00,1.A.4.b.2,Auditory Attention,IM,2.25,8,0.1637,1.9292,2.5708,N,,08/2022,Analyst
31-2011.00,1.A.4.b.2,Auditory Attention,LV,2.12,8,0.125,1.88,2.37,N,N,08/2022,Analyst
31-2011.00,1.A.4.b.3,Sound Localization,IM,1.12,8,0.125,1.0,1.37,N,,08/2022,Analyst
31-2011.00,1.A.4.b.3,Sound Localization,LV,0.12,8,0.125,0.0,0.37,N,Y,08/2022,Analyst
31-2011.00,1.A.4.b.4,Speech Recognition,IM,3.25,8,0.1637,2.9292,3.5708,N,,08/2022,Analyst
31-2011.00,1.A.4.b.4,Speech Recognition,LV,3.12,8,0.125,2.88,3.37,N,N,08/2022,Analyst
31-2011.00,1.A.4.b.5,Speech Clarity,IM,3.38,8,0.183,3.0164,3.7336,N,,08/2022,Analyst
31-2011.00,1.A.4.b.5,Speech Clarity,LV,3.0,8,0.0,3.0,3.0,N,N,08/2022,Analyst
31-2012.00,1.A.1.a.1,Oral Comprehension,IM,3.75,8,0.1637,3.4292,4.0708,N,,08/2020,Analyst
31-2012.00,1.A.1.a.1,Oral Comprehension,LV,3.88,8,0.125,3.63,4.12,N,N,08/2020,Analyst
31-2012.00,1.A.1.a.2,Written Comprehension,IM,3.12,8,0.125,2.88,3.37,N,,08/2020,Analyst
31-2012.00,1.A.1.a.2,Written Comprehension,LV,3.12,8,0.125,2.88,3.37,N,N,08/2020,Analyst
31-2012.00,1.A.1.a.3,Oral Expression,IM,3.5,8,0.189,3.1296,3.8704,N,,08/2020,Analyst
31-2012.00,1.A.1.a.3,Oral Expression,LV,3.75,8,0.1637,3.4292,4.0708,N,N,08/2020,Analyst
31-2012.00,1.A.1.a.4,Written Expression,IM,3.12,8,0.125,2.88,3.37,N,,08/2020,Analyst
31-2012.00,1.A.1.a.4,Written Expression,LV,3.12,8,0.125,2.88,3.37,N,N,08/2020,Analyst
31-2012.00,1.A.1.b.1,Fluency of Ideas,IM,2.75,8,0.1637,2.4292,3.0708,N,,08/2020,Analyst
31-2012.00,1.A.1.b.1,Fluency of Ideas,LV,2.75,8,0.1637,2.4292,3.0708,N,N,08/2020,Analyst
31-2012.00,1.A.1.b.2,Originality,IM,2.62,8,0.183,2.2664,2.9836,N,,08/2020,Analyst
31-2012.00,1.A.1.b.2,Originality,LV,2.62,8,0.183,2.2664,2.9836,N,N,08/2020,Analyst
31-2012.00,1.A.1.b.3,Problem Sensitivity,IM,3.75,8,0.1637,3.4292,4.0708,N,,08/2020,Analyst
31-2012.00,1.A.1.b.3,Problem Sensitivity,LV,3.5,8,0.189,3.1296,3.8704,N,N,08/2020,Analyst
31-2012.00,1.A.1.b.4,Deductive Reasoning,IM,3.25,8,0.1637,2.9292,3.5708,N,,08/2020,Analyst
31-2012.00,1.A.1.b.4,Deductive Reasoning,LV,3.12,8,0.125,2.88,3.37,N,N,08/2020,Analyst
31-2012.00,1.A.1.b.5,Inductive Reasoning,IM,3.0,8,0.0,3.0,3.0,N,,08/2020,Analyst
31-2012.00,1.A.1.b.5,Inductive Reasoning,LV,3.0,8,0.0,3.0,3.0,N,N,08/2020,Analyst
31-2012.00,1.A.1.b.6,Information Ordering,IM,3.12,8,0.125,2.88,3.37,N,,08/2020,Analyst
31-2012.00,1.A.1.b.6,Information Ordering,LV,3.0,8,0.0,3.0,3.0,N,N,08/2020,Analyst
31-2012.00,1.A.1.b.7,Category Flexibility,IM,3.0,8,0.0,3.0,3.0,N,,08/2020,Analyst
31-2012.00,1.A.1.b.7,Category Flexibility,LV,3.0,8,0.0,3.0,3.0,N,N,08/2020,Analyst
31-2012.00,1.A.1.c.1,Mathematical Reasoning,IM,2.0,8,0.0,2.0,2.0,N,,08/2020,Analyst
31-2012.00,1.A.1.c.1,Mathematical Reasoning,LV,1.62,8,0.183,1.2664,1.9836,N,N,08/2020,Analyst
31-2012.00,1.A.1.c.2,Number Facility,IM,2.0,8,0.0,2.0,2.0,N,,08/2020,Analyst
31-2012.00,1.A.1.c.2,Number Facility,LV,1.88,8,0.125,1.63,2.12,N,N,08/2020,Analyst
31-2012.00,1.A.1.d.1,Memorization,IM,2.12,8,0.125,1.88,2.37,N,,08/2020,Analyst
31-2012.00,1.A.1.d.1,Memorization,LV,2.0,8,0.0,2.0,2.0,N,N,08/2020,Analyst
31-2012.00,1.A.1.e.1,Speed of Closure,IM,2.12,8,0.125,1.88,2.37,N,,08/2020,Analyst
31-2012.00,1.A.1.e.1,Speed of Closure,LV,2.0,8,0.0,2.0,2.0,N,N,08/2020,Analyst
31-2012.00,1.A.1.e.2,Flexibility of Closure,IM,2.62,8,0.183,2.2664,2.9836,N,,08/2020,Analyst
31-2012.00,1.A.1.e.2,Flexibility of Closure,LV,2.12,8,0.125,1.88,2.37,N,N,08/2020,Analyst
31-2012.00,1.A.1.e.3,Perceptual Speed,IM,2.25,8,0.1637,1.9292,2.5708,N,,08/2020,Analyst
31-2012.00,1.A.1.e.3,Perceptual Speed,LV,2.25,8,0.1637,1.9292,2.5708,N,N,08/2020,Analyst
31-2012.00,1.A.1.f.1,Spatial Orientation,IM,1.38,8,0.183,1.0164,1.7336,N,,08/2020,Analyst
31-2012.00,1.A.1.f.1,Spatial Orientation,LV,0.5,8,0.2673,0.0,1.0238,N,N,08/2020,Analyst
31-2012.00,1.A.1.f.2,Visualization,IM,2.12,8,0.125,1.88,2.37,N,,08/2020,Analyst
31-2012.00,1.A.1.f.2,Visualization,LV,2.38,8,0.183,2.0164,2.7336,N,N,08/2020,Analyst
31-2012.00,1.A.1.g.1,Selective Attention,IM,2.62,8,0.183,2.2664,2.9836,N,,08/2020,Analyst
31-2012.00,1.A.1.g.1,Selective Attention,LV,2.62,8,0.183,2.2664,2.9836,N,N,08/2020,Analyst
31-2012.00,1.A.1.g.2,Time Sharing,IM,2.75,8,0.1637,2.4292,3.0708,N,,08/2020,Analyst
31-2012.00,1.A.1.g.2,Time Sharing,LV,2.62,8,0.183,2.2664,2.9836,N,N,08/2020,Analyst
31-2012.00,1.A.2.a.1,Arm-Hand Steadiness,IM,2.88,8,0.125,2.63,3.12,N,,08/2020,Analyst
31-2012.00,1.A.2.a.1,Arm-Hand Steadiness,LV,2.75,8,0.1637,2.4292,3.0708,N,N,08/2020,Analyst
31-2012.00,1.A.2.a.2,Manual Dexterity,IM,2.88,8,0.2266,2.4309,3.3191,N,,08/2020,Analyst
31-2012.00,1.A.2.a.2,Manual Dexterity,LV,2.75,8,0.1637,2.4292,3.0708,N,N,08/2020,Analyst
31-2012.00,1.A.2.a.3,Finger Dexterity,IM,3.0,8,0.0,3.0,3.0,N,,08/2020,Analyst
31-2012.00,1.A.2.a.3,Finger Dexterity,LV,3.0,8,0.0,3.0,3.0,N,N,08/2020,Analyst
31-2012.00,1.A.2.b.1,Control Precision,IM,2.12,8,0.125,1.88,2.37,N,,08/2020,Analyst
31-2012.00,1.A.2.b.1,Control Precision,LV,2.12,8,0.125,1.88,2.37,N,N,08/2020,Analyst
31-2012.00,1.A.2.b.2,Multilimb Coordination,IM,2.75,8,0.1637,2.4292,3.0708,N,,08/2020,Analyst
31-2012.00,1.A.2.b.2,Multilimb Coordination,LV,2.88,8,0.125,2.63,3.12,N,N,08/2020,Analyst
31-2012.00,1.A.2.b.3,Response Orientation,IM,1.88,8,0.125,1.63,2.12,N,,08/2020,Analyst
31-2012.00,1.A.2.b.3,Response Orientation,LV,1.5,8,0.2673,0.9762,2.0238,N,N,08/2020,Analyst
31-2012.00,1.A.2.b.4,Rate Control,IM,1.5,8,0.189,1.1296,1.8704,N,,08/2020,Analyst
31-2012.00,1.A.2.b.4,Rate Control,LV,0.62,8,0.2631,0.1094,1.1406,N,N,08/2020,Analyst
31-2012.00,1.A.2.c.1,Reaction Time,IM,1.75,8,0.1637,1.4292,2.0708,N,,08/2020,Analyst
31-2012.00,1.A.2.c.1,Reaction Time,LV,1.0,8,0.2673,0.4762,1.5238,N,N,08/2020,Analyst
31-2012.00,1.A.2.c.2,Wrist-Finger Speed,IM,1.38,8,0.183,1.0164,1.7336,N,,08/2020,Analyst
31-2012.00,1.A.2.c.2,Wrist-Finger Speed,LV,0.5,8,0.2673,0.0,1.0238,N,N,08/2020,Analyst
31-2012.00,1.A.2.c.3,Speed of Limb Movement,IM,1.5,8,0.189,1.1296,1.8704,N,,08/2020,Analyst
31-2012.00,1.A.2.c.3,Speed of Limb Movement,LV,0.62,8,0.2631,0.1094,1.1406,N,N,08/2020,Analyst
31-2012.00,1.A.3.a.1,Static Strength,IM,2.88,8,0.125,2.63,3.12,N,,08/2020,Analyst
31-2012.00,1.A.3.a.1,Static Strength,LV,3.0,8,0.0,3.0,3.0,N,N,08/2020,Analyst
31-2012.00,1.A.3.a.2,Explosive Strength,IM,1.88,8,0.125,1.63,2.12,N,,08/2020,Analyst
31-2012.00,1.A.3.a.2,Explosive Strength,LV,1.62,8,0.2631,1.1094,2.1406,N,N,08/2020,Analyst
31-2012.00,1.A.3.a.3,Dynamic Strength,IM,2.12,8,0.125,1.88,2.37,N,,08/2020,Analyst
31-2012.00,1.A.3.a.3,Dynamic Strength,LV,2.12,8,0.125,1.88,2.37,N,N,08/2020,Analyst
31-2012.00,1.A.3.a.4,Trunk Strength,IM,3.0,8,0.189,2.6296,3.3704,N,,08/2020,Analyst
31-2012.00,1.A.3.a.4,Trunk Strength,LV,2.88,8,0.125,2.63,3.12,N,N,08/2020,Analyst
31-2012.00,1.A.3.b.1,Stamina,IM,2.62,8,0.183,2.2664,2.9836,N,,08/2020,Analyst
31-2012.00,1.A.3.b.1,Stamina,LV,2.12,8,0.125,1.88,2.37,N,N,08/2020,Analyst
31-2012.00,1.A.3.c.1,Extent Flexibility,IM,2.75,8,0.1637,2.4292,3.0708,N,,08/2020,Analyst
31-2012.00,1.A.3.c.1,Extent Flexibility,LV,2.75,8,0.1637,2.4292,3.0708,N,N,08/2020,Analyst
31-2012.00,1.A.3.c.2,Dynamic Flexibility,IM,1.12,8,0.125,1.0,1.37,N,,08/2020,Analyst
31-2012.00,1.A.3.c.2,Dynamic Flexibility,LV,0.12,8,0.125,0.0,0.37,N,Y,08/2020,Analyst
31-2012.00,1.A.3.c.3,Gross Body Coordination,IM,2.5,8,0.189,2.1296,2.8704,N,,08/2020,Analyst
31-2012.00,1.A.3.c.3,Gross Body Coordination,LV,2.5,8,0.189,2.1296,2.8704,N,N,08/2020,Analyst
31-2012.00,1.A.3.c.4,Gross Body Equilibrium,IM,2.5,8,0.189,2.1296,2.8704,N,,08/2020,Analyst
31-2012.00,1.A.3.c.4,Gross Body Equilibrium,LV,2.5,8,0.189,2.1296,2.8704,N,N,08/2020,Analyst
31-2012.00,1.A.4.a.1,Near Vision,IM,3.0,8,0.0,3.0,3.0,N,,08/2020,Analyst
31-2012.00,1.A.4.a.1,Near Vision,LV,2.88,8,0.125,2.63,3.12,N,N,08/2020,Analyst
31-2012.00,1.A.4.a.2,Far Vision,IM,2.5,8,0.189,2.1296,2.8704,N,,08/2020,Analyst
31-2012.00,1.A.4.a.2,Far Vision,LV,2.5,8,0.189,2.1296,2.8704,N,N,08/2020,Analyst
31-2012.00,1.A.4.a.3,Visual Color Discrimination,IM,1.88,8,0.125,1.63,2.12,N,,08/2020,Analyst
31-2012.00,1.A.4.a.3,Visual Color Discrimination,LV,1.75,8,0.25,1.26,2.24,N,N,08/2020,Analyst
31-2012.00,1.A.4.a.4,Night Vision,IM,1.25,8,0.1637,1.0,1.5708,N,,08/2020,Analyst
31-2012.00,1.A.4.a.4,Night Vision,LV,0.38,8,0.2631,0.0,0.8906,N,Y,08/2020,Analyst
31-2012.00,1.A.4.a.5,Peripheral Vision,IM,1.5,8,0.189,1.1296,1.8704,N,,08/2020,Analyst
31-2012.00,1.A.4.a.5,Peripheral Vision,LV,0.62,8,0.2631,0.1094,1.1406,N,N,08/2020,Analyst
31-2012.00,1.A.4.a.6,Depth Perception,IM,1.88,8,0.125,1.63,2.12,N,,08/2020,Analyst
31-2012.00,1.A.4.a.6,Depth Perception,LV,1.62,8,0.2631,1.1094,2.1406,N,N,08/2020,Analyst
31-2012.00,1.A.4.a.7,Glare Sensitivity,IM,1.38,8,0.183,1.0164,1.7336,N,,08/2020,Analyst
31-2012.00,1.A.4.a.7,Glare Sensitivity,LV,0.5,8,0.2673,0.0,1.0238,N,N,08/2020,Analyst
31-2012.00,1.A.4.b.1,Hearing Sensitivity,IM,1.88,8,0.125,1.63,2.12,N,,08/2020,Analyst
31-2012.00,1.A.4.b.1,Hearing Sensitivity,LV,1.75,8,0.25,1.26,2.24,N,N,08/2020,Analyst
31-2012.00,1.A.4.b.2,Auditory Attention,IM,2.0,8,0.0,2.0,2.0,N,,08/2020,Analyst
31-2012.00,1.A.4.b.2,Auditory Attention,LV,2.0,8,0.0,2.0,2.0,N,N,08/2020,Analyst
31-2012.00,1.A.4.b.3,Sound Localization,IM,1.25,8,0.1637,1.0,1.5708,N,,08/2020,Analyst
31-2012.00,1.A.4.b.3,Sound Localization,LV,0.38,8,0.2631,0.0,0.8906,N,Y,08/2020,Analyst
31-2012.00,1.A.4.b.4,Speech Recognition,IM,3.25,8,0.1637,2.9292,3.5708,N,,08/2020,Analyst
31-2012.00,1.A.4.b.4,Speech Recognition,LV,3.0,8,0.0,3.0,3.0,N,N,08/2020,Analyst
31-2012.00,1.A.4.b.5,Speech Clarity,IM,3.25,8,0.1637,2.9292,3.5708,N,,08/2020,Analyst
31-2012.00,1.A.4.b.5,Speech Clarity,LV,3.12,8,0.125,2.88,3.37,N,N,08/2020,Analyst
31-2021.00,1.A.1.a.1,Oral Comprehension,IM,4.0,8,0.0,4.0,4.0,N,,08/2020,Analyst
31-2021.00,1.A.1.a.1,Oral Comprehension,LV,4.0,8,0.0,4.0,4.0,N,N,08/2020,Analyst
31-2021.00,1.A.1.a.2,Written Comprehension,IM,3.75,8,0.1637,3.4292,4.0708,N,,08/2020,Analyst
31-2021.00,1.A.1.a.2,Written Comprehension,LV,3.88,8,0.125,3.63,4.12,N,N,08/2020,Analyst
31-2021.00,1.A.1.a.3,Oral Expression,IM,4.12,8,0.125,3.88,4.37,N,,08/2020,Analyst
31-2021.00,1.A.1.a.3,Oral Expression,LV,4.12,8,0.125,3.88,4.37,N,N,08/2020,Analyst
31-2021.00,1.A.1.a.4,Written Expression,IM,3.25,8,0.1637,2.9292,3.5708,N,,08/2020,Analyst
31-2021.00,1.A.1.a.4,Written Expression,LV,3.25,8,0.1637,2.9292,3.5708,N,N,08/2020,Analyst
31-2021.00,1.A.1.b.1,Fluency of Ideas,IM,3.0,8,0.0,3.0,3.0,N,,08/2020,Analyst
31-2021.00,1.A.1.b.1,Fluency of Ideas,LV,3.12,8,0.125,2.88,3.37,N,N,08/2020,Analyst
31-2021.00,1.A.1.b.2,Originality,IM,2.75,8,0.1637,2.4292,3.0708,N,,08/2020,Analyst
31-2021.00,1.A.1.b.2,Originality,LV,2.88,8,0.125,2.63,3.12,N,N,08/2020,Analyst
31-2021.00,1.A.1.b.3,Problem Sensitivity,IM,3.75,8,0.1637,3.4292,4.0708,N,,08/2020,Analyst
31-2021.00,1.A.1.b.3,Problem Sensitivity,LV,3.88,8,0.125,3.63,4.12,N,N,08/2020,Analyst
31-2021.00,1.A.1.b.4,Deductive Reasoning,IM,3.25,8,0.1637,2.9292,3.5708,N,,08/2020,Analyst
31-2021.00,1.A.1.b.4,Deductive Reasoning,LV,3.62,8,0.183,3.2664,3.9836,N,N,08/2020,Analyst
31-2021.00,1.A.1.b.5,Inductive Reasoning,IM,3.25,8,0.1637,2.9292,3.5708,N,,08/2020,Analyst
31-2021.00,1.A.1.b.5,Inductive Reasoning,LV,3.25,8,0.1637,2.9292,3.5708,N,N,08/2020,Analyst
31-2021.00,1.A.1.b.6,Information Ordering,IM,3.12,8,0.125,2.88,3.37,N,,08/2020,Analyst
31-2021.00,1.A.1.b.6,Information Ordering,LV,3.12,8,0.125,2.88,3.37,N,N,08/2020,Analyst
31-2021.00,1.A.1.b.7,Category Flexibility,IM,3.0,8,0.0,3.0,3.0,N,,08/2020,Analyst
31-2021.00,1.A.1.b.7,Category Flexibility,LV,3.0,8,0.0,3.0,3.0,N,N,08/2020,Analyst
31-2021.00,1.A.1.c.1,Mathematical Reasoning,IM,2.0,8,0.0,2.0,2.0,N,,08/2020,Analyst
31-2021.00,1.A.1.c.1,Mathematical Reasoning,LV,2.12,8,0.125,1.88,2.37,N,N,08/2020,Analyst
31-2021.00,1.A.1.c.2,Number Facility,IM,2.0,8,0.0,2.0,2.0,N,,08/2020,Analyst
31-2021.00,1.A.1.c.2,Number Facility,LV,2.12,8,0.125,1.88,2.37,N,N,08/2020,Analyst
31-2021.00,1.A.1.d.1,Memorization,IM,2.12,8,0.125,1.88,2.37,N,,08/2020,Analyst
31-2021.00,1.A.1.d.1,Memorization,LV,2.25,8,0.1637,1.9292,2.5708,N,N,08/2020,Analyst
31-2021.00,1.A.1.e.1,Speed of Closure,IM,2.5,8,0.189,2.1296,2.8704,N,,08/2020,Analyst
31-2021.00,1.A.1.e.1,Speed of Closure,LV,2.62,8,0.183,2.2664,2.9836,N,N,08/2020,Analyst
31-2021.00,1.A.1.e.2,Flexibility of Closure,IM,2.75,8,0.1637,2.4292,3.0708,N,,08/2020,Analyst
31-2021.00,1.A.1.e.2,Flexibility of Closure,LV,2.88,8,0.125,2.63,3.12,N,N,08/2020,Analyst
31-2021.00,1.A.1.e.3,Perceptual Speed,IM,3.0,8,0.189,2.6296,3.3704,N,,08/2020,Analyst
31-2021.00,1.A.1.e.3,Perceptual Speed,LV,3.0,8,0.0,3.0,3.0,N,N,08/2020,Analyst
31-2021.00,1.A.1.f.1,Spatial Orientation,IM,1.0,8,0.0,1.0,1.0,N,,08/2020,Analyst
31-2021.00,1.A.1.f.1,Spatial Orientation,LV,0.0,8,0.0,0.0,0.0,N,Y,08/2020,Analyst
31-2021.00,1.A.1.f.2,Visualization,IM,3.0,8,0.189,2.6296,3.3704,N,,08/2020,Analyst
31-2021.00,1.A.1.f.2,Visualization,LV,3.0,8,0.0,3.0,3.0,N,N,08/2020,Analyst
31-2021.00,1.A.1.g.1,Selective Attention,IM,3.25,8,0.1637,2.9292,3.5708,N,,08/2020,Analyst
31-2021.00,1.A.1.g.1,Selective Attention,LV,3.0,8,0.189,2.6296,3.3704,N,N,08/2020,Analyst
31-2021.00,1.A.1.g.2,Time Sharing,IM,2.88,8,0.125,2.63,3.12,N,,08/2020,Analyst
31-2021.00,1.A.1.g.2,Time Sharing,LV,2.75,8,0.1637,2.4292,3.0708,N,N,08/2020,Analyst
31-2021.00,1.A.2.a.1,Arm-Hand Steadiness,IM,3.12,8,0.125,2.88,3.37,N,,08/2020,Analyst
31-2021.00,1.A.2.a.1,Arm-Hand Steadiness,LV,3.0,8,0.0,3.0,3.0,N,N,08/2020,Analyst
31-2021.00,1.A.2.a.2,Manual Dexterity,IM,3.0,8,0.0,3.0,3.0,N,,08/2020,Analyst
31-2021.00,1.A.2.a.2,Manual Dexterity,LV,2.88,8,0.125,2.63,3.12,N,N,08/2020,Analyst
31-2021.00,1.A.2.a.3,Finger Dexterity,IM,3.0,8,0.0,3.0,3.0,N,,08/2020,Analyst
31-2021.00,1.A.2.a.3,Finger Dexterity,LV,2.88,8,0.125,2.63,3.12,N,N,08/2020,Analyst
31-2021.00,1.A.2.b.1,Control Precision,IM,2.38,8,0.183,2.0164,2.7336,N,,08/2020,Analyst
31-2021.00,1.A.2.b.1,Control Precision,LV,2.25,8,0.1637,1.9292,2.5708,N,N,08/2020,Analyst
31-2021.00,1.A.2.b.2,Multilimb Coordination,IM,3.0,8,0.0,3.0,3.0,N,,08/2020,Analyst
31-2021.00,1.A.2.b.2,Multilimb Coordination,LV,2.88,8,0.125,2.63,3.12,N,N,08/2020,Analyst
31-2021.00,1.A.2.b.3,Response Orientation,IM,1.75,8,0.1637,1.4292,2.0708,N,,08/2020,Analyst
31-2021.00,1.A.2.b.3,Response Orientation,LV,0.88,8,0.2266,0.4309,1.3191,N,N,08/2020,Analyst
31-2021.00,1.A.2.b.4,Rate Control,IM,2.0,8,0.0,2.0,2.0,N,,08/2020,Analyst
31-2021.00,1.A.2.b.4,Rate Control,LV,1.0,8,0.0,1.0,1.0,N,N,08/2020,Analyst
31-2021.00,1.A.2.c.1,Reaction Time,IM,2.0,8,0.0,2.0,2.0,N,,08/2020,Analyst
31-2021.00,1.A.2.c.1,Reaction Time,LV,1.0,8,0.0,1.0,1.0,N,N,08/2020,Analyst
31-2021.00,1.A.2.c.2,Wrist-Finger Speed,IM,2.12,8,0.125,1.88,2.37,N,,08/2020,Analyst
31-2021.00,1.A.2.c.2,Wrist-Finger Speed,LV,1.25,8,0.1637,0.9292,1.5708,N,N,08/2020,Analyst
31-2021.00,1.A.2.c.3,Speed of Limb Movement,IM,1.75,8,0.1637,1.4292,2.0708,N,,08/2020,Analyst
31-2021.00,1.A.2.c.3,Speed of Limb Movement,LV,1.38,8,0.3239,0.7402,2.0098,N,N,08/2020,Analyst
31-2021.00,1.A.3.a.1,Static Strength,IM,3.12,8,0.125,2.88,3.37,N,,08/2020,Analyst
31-2021.00,1.A.3.a.1,Static Strength,LV,3.0,8,0.0,3.0,3.0,N,N,08/2020,Analyst
31-2021.00,1.A.3.a.2,Explosive Strength,IM,1.62,8,0.183,1.2664,1.9836,N,,08/2020,Analyst
31-2021.00,1.A.3.a.2,Explosive Strength,LV,0.88,8,0.295,0.2967,1.4533,N,N,08/2020,Analyst
31-2021.00,1.A.3.a.3,Dynamic Strength,IM,2.25,8,0.1637,1.9292,2.5708,N,,08/2020,Analyst
31-2021.00,1.A.3.a.3,Dynamic Strength,LV,2.12,8,0.125,1.88,2.37,N,N,08/2020,Analyst
31-2021.00,1.A.3.a.4,Trunk Strength,IM,3.0,8,0.189,2.6296,3.3704,N,,08/2020,Analyst
31-2021.00,1.A.3.a.4,Trunk Strength,LV,3.0,8,0.0,3.0,3.0,N,N,08/2020,Analyst
31-2021.00,1.A.3.b.1,Stamina,IM,2.5,8,0.189,2.1296,2.8704,N,,08/2020,Analyst
31-2021.00,1.A.3.b.1,Stamina,LV,2.62,8,0.183,2.2664,2.9836,N,N,08/2020,Analyst
31-2021.00,1.A.3.c.1,Extent Flexibility,IM,2.88,8,0.125,2.63,3.12,N,,08/2020,Analyst
31-2021.00,1.A.3.c.1,Extent Flexibility,LV,2.88,8,0.125,2.63,3.12,N,N,08/2020,Analyst
31-2021.00,1.A.3.c.2,Dynamic Flexibility,IM,1.0,8,0.0,1.0,1.0,N,,08/2020,Analyst
31-2021.00,1.A.3.c.2,Dynamic Flexibility,LV,0.0,8,0.0,0.0,0.0,N,Y,08/2020,Analyst
31-2021.00,1.A.3.c.3,Gross Body Coordination,IM,2.38,8,0.183,2.0164,2.7336,N,,08/2020,Analyst
31-2021.00,1.A.3.c.3,Gross Body Coordination,LV,2.38,8,0.183,2.0164,2.7336,N,N,08/2020,Analyst
31-2021.00,1.A.3.c.4,Gross Body Equilibrium,IM,2.12,8,0.125,1.88,2.37,N,,08/2020,Analyst
31-2021.00,1.A.3.c.4,Gross Body Equilibrium,LV,2.0,8,0.189,1.6296,2.3704,N,N,08/2020,Analyst
31-2021.00,1.A.4.a.1,Near Vision,IM,3.75,8,0.1637,3.4292,4.0708,N,,08/2020,Analyst
31-2021.00,1.A.4.a.1,Near Vision,LV,3.88,8,0.125,3.63,4.12,N,N,08/2020,Analyst
31-2021.00,1.A.4.a.2,Far Vision,IM,3.0,8,0.0,3.0,3.0,N,,08/2020,Analyst
31-2021.00,1.A.4.a.2,Far Vision,LV,3.0,8,0.0,3.0,3.0,N,N,08/2020,Analyst
31-2021.00,1.A.4.a.3,Visual Color Discrimination,IM,2.12,8,0.125,1.88,2.37,N,,08/2020,Analyst
31-2021.00,1.A.4.a.3,Visual Color Discrimination,LV,2.12,8,0.125,1.88,2.37,N,N,08/2020,Analyst
31-2021.00,1.A.4.a.4,Night Vision,IM,1.0,8,0.0,1.0,1.0,N,,08/2020,Analyst
31-2021.00,1.A.4.a.4,Night Vision,LV,0.0,8,0.0,0.0,0.0,N,Y,08/2020,Analyst
31-2021.00,1.A.4.a.5,Peripheral Vision,IM,1.0,8,0.0,1.0,1.0,N,,08/2020,Analyst
31-2021.00,1.A.4.a.5,Peripheral Vision,LV,0.0,8,0.0,0.0,0.0,N,Y,08/2020,Analyst
31-2021.00,1.A.4.a.6,Depth Perception,IM,2.0,8,0.0,2.0,2.0,N,,08/2020,Analyst
31-2021.00,1.A.4.a.6,Depth Perception,LV,2.0,8,0.0,2.0,2.0,N,N,08/2020,Analyst
31-2021.00,1.A.4.a.7,Glare Sensitivity,IM,1.0,8,0.0,1.0,1.0,N,,08/2020,Analyst
31-2021.00,1.A.4.a.7,Glare Sensitivity,LV,0.0,8,0.0,0.0,0.0,N,Y,08/2020,Analyst
31-2021.00,1.A.4.b.1,Hearing Sensitivity,IM,2.12,8,0.125,1.88,2.37,N,,08/2020,Analyst
31-2021.00,1.A.4.b.1,Hearing Sensitivity,LV,2.12,8,0.125,1.88,2.37,N,N,08/2020,Analyst
31-2021.00,1.A.4.b.2,Auditory Attention,IM,2.38,8,0.183,2.0164,2.7336,N,,08/2020,Analyst
31-2021.00,1.A.4.b.2,Auditory Attention,LV,2.12,8,0.125,1.88,2.37,N,N,08/2020,Analyst
31-2021.00,1.A.4.b.3,Sound Localization,IM,1.0,8,0.0,1.0,1.0,N,,08/2020,Analyst
31-2021.00,1.A.4.b.3,Sound Localization,LV,0.0,8,0.0,0.0,0.0,N,Y,08/2020,Analyst
31-2021.00,1.A.4.b.4,Speech Recognition,IM,3.88,8,0.125,3.63,4.12,N,,08/2020,Analyst
31-2021.00,1.A.4.b.4,Speech Recognition,LV,3.75,8,0.1637,3.4292,4.0708,N,N,08/2020,Analyst
31-2021.00,1.A.4.b.5,Speech Clarity,IM,3.88,8,0.125,3.63,4.12,N,,08/2020,Analyst
31-2021.00,1.A.4.b.5,Speech Clarity,LV,3.5,8,0.189,3.1296,3.8704,N,N,08/2020,Analyst
31-2022.00,1.A.1.a.1,Oral Comprehension,IM,3.38,8,0.183,3.0164,3.7336,N,,08/2023,Analyst
31-2022.00,1.A.1.a.1,Oral Comprehension,LV,3.75,8,0.1637,3.4292,4.0708,N,N,08/2023,Analyst
31-2022.00,1.A.1.a.2,Written Comprehension,IM,3.0,8,0.0,3.0,3.0,N,,08/2023,Analyst
31-2022.00,1.A.1.a.2,Written Comprehension,LV,3.0,8,0.0,3.0,3.0,N,N,08/2023,Analyst
31-2022.00,1.A.1.a.3,Oral Expression,IM,3.12,8,0.125,2.88,3.37,N,,08/2023,Analyst
31-2022.00,1.A.1.a.3,Oral Expression,LV,3.12,8,0.125,2.88,3.37,N,N,08/2023,Analyst
31-2022.00,1.A.1.a.4,Written Expression,IM,3.0,8,0.0,3.0,3.0,N,,08/2023,Analyst
31-2022.00,1.A.1.a.4,Written Expression,LV,2.88,8,0.125,2.63,3.12,N,N,08/2023,Analyst
31-2022.00,1.A.1.b.1,Fluency of Ideas,IM,2.12,8,0.125,1.88,2.37,N,,08/2023,Analyst
31-2022.00,1.A.1.b.1,Fluency of Ideas,LV,2.12,8,0.125,1.88,2.37,N,N,08/2023,Analyst
31-2022.00,1.A.1.b.2,Originality,IM,2.25,8,0.1637,1.9292,2.5708,N,,08/2023,Analyst
31-2022.00,1.A.1.b.2,Originality,LV,2.12,8,0.125,1.88,2.37,N,N,08/2023,Analyst
31-2022.00,1.A.1.b.3,Problem Sensitivity,IM,3.25,8,0.1637,2.9292,3.5708,N,,08/2023,Analyst
31-2022.00,1.A.1.b.3,Problem Sensitivity,LV,3.0,8,0.0,3.0,3.0,N,N,08/2023,Analyst
31-2022.00,1.A.1.b.4,Deductive Reasoning,IM,2.88,8,0.125,2.63,3.12,N,,08/2023,Analyst
31-2022.00,1.A.1.b.4,Deductive Reasoning,LV,2.88,8,0.125,2.63,3.12,N,N,08/2023,Analyst
31-2022.00,1.A.1.b.5,Inductive Reasoning,IM,3.0,8,0.0,3.0,3.0,N,,08/2023,Analyst
31-2022.00,1.A.1.b.5,Inductive Reasoning,LV,3.0,8,0.0,3.0,3.0,N,N,08/2023,Analyst
31-2022.00,1.A.1.b.6,Information Ordering,IM,3.0,8,0.0,3.0,3.0,N,,08/2023,Analyst
31-2022.00,1.A.1.b.6,Information Ordering,LV,3.0,8,0.0,3.0,3.0,N,N,08/2023,Analyst
31-2022.00,1.A.1.b.7,Category Flexibility,IM,2.88,8,0.125,2.63,3.12,N,,08/2023,Analyst
31-2022.00,1.A.1.b.7,Category Flexibility,LV,2.88,8,0.125,2.63,3.12,N,N,08/2023,Analyst
31-2022.00,1.A.1.c.1,Mathematical Reasoning,IM,2.0,8,0.0,2.0,2.0,N,,08/2023,Analyst
31-2022.00,1.A.1.c.1,Mathematical Reasoning,LV,1.75,8,0.1637,1.4292,2.0708,N,N,08/2023,Analyst
31-2022.00,1.A.1.c.2,Number Facility,IM,2.0,8,0.0,2.0,2.0,N,,08/2023,Analyst
31-2022.00,1.A.1.c.2,Number Facility,LV,2.0,8,0.0,2.0,2.0,N,N,08/2023,Analyst
31-2022.00,1.A.1.d.1,Memorization,IM,2.25,8,0.1637,1.9292,2.5708,N,,08/2023,Analyst
31-2022.00,1.A.1.d.1,Memorization,LV,2.12,8,0.125,1.88,2.37,N,N,08/2023,Analyst
31-2022.00,1.A.1.e.1,Speed of Closure,IM,2.12,8,0.125,1.88,2.37,N,,08/2023,Analyst
31-2022.00,1.A.1.e.1,Speed of Closure,LV,2.0,8,0.0,2.0,2.0,N,N,08/2023,Analyst
31-2022.00,1.A.1.e.2,Flexibility of Closure,IM,2.75,8,0.1637,2.4292,3.0708,N,,08/2023,Analyst
31-2022.00,1.A.1.e.2,Flexibility of Closure,LV,2.12,8,0.125,1.88,2.37,N,N,08/2023,Analyst
31-2022.00,1.A.1.e.3,Perceptual Speed,IM,2.75,8,0.1637,2.4292,3.0708,N,,08/2023,Analyst
31-2022.00,1.A.1.e.3,Perceptual Speed,LV,2.38,8,0.183,2.0164,2.7336,N,N,08/2023,Analyst
31-2022.00,1.A.1.f.1,Spatial Orientation,IM,1.0,8,0.0,1.0,1.0,N,,08/2023,Analyst
31-2022.00,1.A.1.f.1,Spatial Orientation,LV,0.0,8,0.0,0.0,0.0,N,Y,08/2023,Analyst
31-2022.00,1.A.1.f.2,Visualization,IM,2.12,8,0.125,1.88,2.37,N,,08/2023,Analyst
31-2022.00,1.A.1.f.2,Visualization,LV,2.75,8,0.1637,2.4292,3.0708,N,N,08/2023,Analyst
31-2022.00,1.A.1.g.1,Selective Attention,IM,3.0,8,0.0,3.0,3.0,N,,08/2023,Analyst
31-2022.00,1.A.1.g.1,Selective Attention,LV,2.88,8,0.125,2.63,3.12,N,N,08/2023,Analyst
31-2022.00,1.A.1.g.2,Time Sharing,IM,2.38,8,0.183,2.0164,2.7336,N,,08/2023,Analyst
31-2022.00,1.A.1.g.2,Time Sharing,LV,2.25,8,0.1637,1.9292,2.5708,N,N,08/2023,Analyst
31-2022.00,1.A.2.a.1,Arm-Hand Steadiness,IM,2.88,8,0.125,2.63,3.12,N,,08/2023,Analyst
31-2022.00,1.A.2.a.1,Arm-Hand Steadiness,LV,2.62,8,0.183,2.2664,2.9836,N,N,08/2023,Analyst
31-2022.00,1.A.2.a.2,Manual Dexterity,IM,2.62,8,0.183,2.2664,2.9836,N,,08/2023,Analyst
31-2022.00,1.A.2.a.2,Manual Dexterity,LV,2.62,8,0.183,2.2664,2.9836,N,N,08/2023,Analyst
31-2022.00,1.A.2.a.3,Finger Dexterity,IM,2.88,8,0.125,2.63,3.12,N,,08/2023,Analyst
31-2022.00,1.A.2.a.3,Finger Dexterity,LV,2.5,8,0.189,2.1296,2.8704,N,N,08/2023,Analyst
31-2022.00,1.A.2.b.1,Control Precision,IM,2.12,8,0.125,1.88,2.37,N,,08/2023,Analyst
31-2022.00,1.A.2.b.1,Control Precision,LV,1.88,8,0.125,1.63,2.12,N,N,08/2023,Analyst
31-2022.00,1.A.2.b.2,Multilimb Coordination,IM,2.88,8,0.125,2.63,3.12,N,,08/2023,Analyst
31-2022.00,1.A.2.b.2,Multilimb Coordination,LV,2.62,8,0.183,2.2664,2.9836,N,N,08/2023,Analyst
31-2022.00,1.A.2.b.3,Response Orientation,IM,1.62,8,0.183,1.2664,1.9836,N,,08/2023,Analyst
31-2022.00,1.A.2.b.3,Response Orientation,LV,1.25,8,0.366,0.5327,1.9673,N,N,08/2023,Analyst
31-2022.00,1.A.2.b.4,Rate Control,IM,1.5,8,0.189,1.1296,1.8704,N,,08/2023,Analyst
31-2022.00,1.A.2.b.4,Rate Control,LV,0.5,8,0.189,0.1296,0.8704,N,N,08/2023,Analyst
31-2022.00,1.A.2.c.1,Reaction Time,IM,1.5,8,0.189,1.1296,1.8704,N,,08/2023,Analyst
31-2022.00,1.A.2.c.1,Reaction Time,LV,0.88,8,0.3504,0.1883,1.5617,N,N,08/2023,Analyst
31-2022.00,1.A.2.c.2,Wrist-Finger Speed,IM,1.88,8,0.125,1.63,2.12,N,,08/2023,Analyst
31-2022.00,1.A.2.c.2,Wrist-Finger Speed,LV,1.62,8,0.2631,1.1094,2.1406,N,N,08/2023,Analyst
31-2022.00,1.A.2.c.3,Speed of Limb Movement,IM,1.75,8,0.1637,1.4292,2.0708,N,,08/2023,Analyst
31-2022.00,1.A.2.c.3,Speed of Limb Movement,LV,1.12,8,0.295,0.5467,1.7033,N,N,08/2023,Analyst
31-2022.00,1.A.3.a.1,Static Strength,IM,2.88,8,0.125,2.63,3.12,N,,08/2023,Analyst
31-2022.00,1.A.3.a.1,Static Strength,LV,2.88,8,0.125,2.63,3.12,N,N,08/2023,Analyst
31-2022.00,1.A.3.a.2,Explosive Strength,IM,1.38,8,0.183,1.0164,1.7336,N,,08/2023,Analyst
31-2022.00,1.A.3.a.2,Explosive Strength,LV,0.62,8,0.3239,0.0,1.2598,N,N,08/2023,Analyst
31-2022.00,1.A.3.a.3,Dynamic Strength,IM,2.25,8,0.1637,1.9292,2.5708,N,,08/2023,Analyst
31-2022.00,1.A.3.a.3,Dynamic Strength,LV,2.12,8,0.125,1.88,2.37,N,N,08/2023,Analyst
31-2022.00,1.A.3.a.4,Trunk Strength,IM,3.0,8,0.0,3.0,3.0,N,,08/2023,Analyst
31-2022.00,1.A.3.a.4,Trunk Strength,LV,3.0,8,0.0,3.0,3.0,N,N,08/2023,Analyst
31-2022.00,1.A.3.b.1,Stamina,IM,2.62,8,0.183,2.2664,2.9836,N,,08/2023,Analyst
31-2022.00,1.A.3.b.1,Stamina,LV,2.25,8,0.1637,1.9292,2.5708,N,N,08/2023,Analyst
31-2022.00,1.A.3.c.1,Extent Flexibility,IM,2.75,8,0.1637,2.4292,3.0708,N,,08/2023,Analyst
31-2022.00,1.A.3.c.1,Extent Flexibility,LV,2.75,8,0.1637,2.4292,3.0708,N,N,08/2023,Analyst
31-2022.00,1.A.3.c.2,Dynamic Flexibility,IM,1.38,8,0.183,1.0164,1.7336,N,,08/2023,Analyst
31-2022.00,1.A.3.c.2,Dynamic Flexibility,LV,0.38,8,0.183,0.0164,0.7336,N,N,08/2023,Analyst
31-2022.00,1.A.3.c.3,Gross Body Coordination,IM,2.62,8,0.183,2.2664,2.9836,N,,08/2023,Analyst
31-2022.00,1.A.3.c.3,Gross Body Coordination,LV,2.25,8,0.1637,1.9292,2.5708,N,N,08/2023,Analyst
31-2022.00,1.A.3.c.4,Gross Body Equilibrium,IM,2.25,8,0.1637,1.9292,2.5708,N,,08/2023,Analyst
31-2022.00,1.A.3.c.4,Gross Body Equilibrium,LV,2.0,8,0.0,2.0,2.0,N,N,08/2023,Analyst
31-2022.00,1.A.4.a.1,Near Vision,IM,3.12,8,0.125,2.88,3.37,N,,08/2023,Analyst
31-2022.00,1.A.4.a.1,Near Vision,LV,3.12,8,0.125,2.88,3.37,N,N,08/2023,Analyst
31-2022.00,1.A.4.a.2,Far Vision,IM,2.75,8,0.1637,2.4292,3.0708,N,,08/2023,Analyst
31-2022.00,1.A.4.a.2,Far Vision,LV,2.62,8,0.183,2.2664,2.9836,N,N,08/2023,Analyst
31-2022.00,1.A.4.a.3,Visual Color Discrimination,IM,2.0,8,0.0,2.0,2.0,N,,08/2023,Analyst
31-2022.00,1.A.4.a.3,Visual Color Discrimination,LV,2.0,8,0.189,1.6296,2.3704,N,N,08/2023,Analyst
31-2022.00,1.A.4.a.4,Night Vision,IM,1.0,8,0.0,1.0,1.0,N,,08/2023,Analyst
31-2022.00,1.A.4.a.4,Night Vision,LV,0.0,8,0.0,0.0,0.0,N,Y,08/2023,Analyst
31-2022.00,1.A.4.a.5,Peripheral Vision,IM,1.0,8,0.0,1.0,1.0,N,,08/2023,Analyst
31-2022.00,1.A.4.a.5,Peripheral Vision,LV,0.0,8,0.0,0.0,0.0,N,Y,08/2023,Analyst
31-2022.00,1.A.4.a.6,Depth Perception,IM,2.0,8,0.0,2.0,2.0,N,,08/2023,Analyst
31-2022.00,1.A.4.a.6,Depth Perception,LV,1.75,8,0.1637,1.4292,2.0708,N,N,08/2023,Analyst
31-2022.00,1.A.4.a.7,Glare Sensitivity,IM,1.0,8,0.0,1.0,1.0,N,,08/2023,Analyst
31-2022.00,1.A.4.a.7,Glare Sensitivity,LV,0.0,8,0.0,0.0,0.0,N,Y,08/2023,Analyst
31-2022.00,1.A.4.b.1,Hearing Sensitivity,IM,2.0,8,0.0,2.0,2.0,N,,08/2023,Analyst
31-2022.00,1.A.4.b.1,Hearing Sensitivity,LV,2.12,8,0.125,1.88,2.37,N,N,08/2023,Analyst
31-2022.00,1.A.4.b.2,Auditory Attention,IM,2.12,8,0.125,1.88,2.37,N,,08/2023,Analyst
31-2022.00,1.A.4.b.2,Auditory Attention,LV,2.12,8,0.125,1.88,2.37,N,N,08/2023,Analyst
31-2022.00,1.A.4.b.3,Sound Localization,IM,1.0,8,0.0,1.0,1.0,N,,08/2023,Analyst
31-2022.00,1.A.4.b.3,Sound Localization,LV,0.0,8,0.0,0.0,0.0,N,Y,08/2023,Analyst
31-2022.00,1.A.4.b.4,Speech Recognition,IM,3.25,8,0.1637,2.9292,3.5708,N,,08/2023,Analyst
31-2022.00,1.A.4.b.4,Speech Recognition,LV,3.25,8,0.1637,2.9292,3.5708,N,N,08/2023,Analyst
31-2022.00,1.A.4.b.5,Speech Clarity,IM,3.0,8,0.0,3.0,3.0,N,,08/2023,Analyst
31-2022.00,1.A.4.b.5,Speech Clarity,LV,3.12,8,0.125,2.88,3.37,N,N,08/2023,Analyst
31-9011.00,1.A.1.a.1,Oral Comprehension,IM,3.62,8,0.183,3.2664,3.9836,N,,08/2021,Analyst
31-9011.00,1.A.1.a.1,Oral Comprehension,LV,3.88,8,0.125,3.63,4.12,N,N,08/2021,Analyst
31-9011.00,1.A.1.a.2,Written Comprehension,IM,3.12,8,0.125,2.88,3.37,N,,08/2021,Analyst
31-9011.00,1.A.1.a.2,Written Comprehension,LV,3.12,8,0.125,2.88,3.37,N,N,08/2021,Analyst
31-9011.00,1.A.1.a.3,Oral Expression,IM,3.62,8,0.2631,3.1094,4.1406,N,,08/2021,Analyst
31-9011.00,1.A.1.a.3,Oral Expression,LV,3.62,8,0.183,3.2664,3.9836,N,N,08/2021,Analyst
31-9011.00,1.A.1.a.4,Written Expression,IM,3.12,8,0.2266,2.6809,3.5691,N,,08/2021,Analyst
31-9011.00,1.A.1.a.4,Written Expression,LV,3.0,8,0.0,3.0,3.0,N,N,08/2021,Analyst
31-9011.00,1.A.1.b.1,Fluency of Ideas,IM,2.75,8,0.25,2.26,3.24,N,,08/2021,Analyst
31-9011.00,1.A.1.b.1,Fluency of Ideas,LV,2.75,8,0.25,2.26,3.24,N,N,08/2021,Analyst
31-9011.00,1.A.1.b.2,Originality,IM,2.75,8,0.1637,2.4292,3.0708,N,,08/2021,Analyst
31-9011.00,1.A.1.b.2,Originality,LV,2.88,8,0.2266,2.4309,3.3191,N,N,08/2021,Analyst
31-9011.00,1.A.1.b.3,Problem Sensitivity,IM,3.38,8,0.183,3.0164,3.7336,N,,08/2021,Analyst
31-9011.00,1.A.1.b.3,Problem Sensitivity,LV,3.38,8,0.183,3.0164,3.7336,N,N,08/2021,Analyst
31-9011.00,1.A.1.b.4,Deductive Reasoning,IM,3.12,8,0.125,2.88,3.37,N,,08/2021,Analyst
31-9011.00,1.A.1.b.4,Deductive Reasoning,LV,3.12,8,0.125,2.88,3.37,N,N,08/2021,Analyst
31-9011.00,1.A.1.b.5,Inductive Reasoning,IM,3.0,8,0.0,3.0,3.0,N,,08/2021,Analyst
31-9011.00,1.A.1.b.5,Inductive Reasoning,LV,3.0,8,0.0,3.0,3.0,N,N,08/2021,Analyst
31-9011.00,1.A.1.b.6,Information Ordering,IM,2.88,8,0.125,2.63,3.12,N,,08/2021,Analyst
31-9011.00,1.A.1.b.6,Information Ordering,LV,3.0,8,0.0,3.0,3.0,N,N,08/2021,Analyst
31-9011.00,1.A.1.b.7,Category Flexibility,IM,2.75,8,0.1637,2.4292,3.0708,N,,08/2021,Analyst
31-9011.00,1.A.1.b.7,Category Flexibility,LV,2.75,8,0.1637,2.4292,3.0708,N,N,08/2021,Analyst
31-9011.00,1.A.1.c.1,Mathematical Reasoning,IM,2.0,8,0.0,2.0,2.0,N,,08/2021,Analyst
31-9011.00,1.A.1.c.1,Mathematical Reasoning,LV,1.12,8,0.125,0.88,1.37,N,N,08/2021,Analyst
31-9011.00,1.A.1.c.2,Number Facility,IM,1.88,8,0.125,1.63,2.12,N,,08/2021,Analyst
31-9011.00,1.A.1.c.2,Number Facility,LV,1.12,8,0.2266,0.6809,1.5691,N,N,08/2021,Analyst
31-9011.00,1.A.1.d.1,Memorization,IM,2.12,8,0.125,1.88,2.37,N,,08/2021,Analyst
31-9011.00,1.A.1.d.1,Memorization,LV,2.0,8,0.189,1.6296,2.3704,N,N,08/2021,Analyst
31-9011.00,1.A.1.e.1,Speed of Closure,IM,2.12,8,0.125,1.88,2.37,N,,08/2021,Analyst
31-9011.00,1.A.1.e.1,Speed of Closure,LV,2.12,8,0.125,1.88,2.37,N,N,08/2021,Analyst
31-9011.00,1.A.1.e.2,Flexibility of Closure,IM,2.25,8,0.1637,1.9292,2.5708,N,,08/2021,Analyst
31-9011.00,1.A.1.e.2,Flexibility of Closure,LV,2.25,8,0.1637,1.9292,2.5708,N,N,08/2021,Analyst
31-9011.00,1.A.1.e.3,Perceptual Speed,IM,2.0,8,0.0,2.0,2.0,N,,08/2021,Analyst
31-9011.00,1.A.1.e.3,Perceptual Speed,LV,1.88,8,0.125,1.63,2.12,N,N,08/2021,Analyst
31-9011.00,1.A.1.f.1,Spatial Orientation,IM,1.25,8,0.1637,1.0,1.5708,N,,08/2021,Analyst
31-9011.00,1.A.1.f.1,Spatial Orientation,LV,0.25,8,0.1637,0.0,0.5708,N,Y,08/2021,Analyst
31-9011.00,1.A.1.f.2,Visualization,IM,2.0,8,0.0,2.0,2.0,N,,08/2021,Analyst
31-9011.00,1.A.1.f.2,Visualization,LV,1.88,8,0.125,1.63,2.12,N,N,08/2021,Analyst
31-9011.00,1.A.1.g.1,Selective Attention,IM,3.12,8,0.125,2.88,3.37,N,,08/2021,Analyst
31-9011.00,1.A.1.g.1,Selective Attention,LV,3.0,8,0.0,3.0,3.0,N,N,08/2021,Analyst
31-9011.00,1.A.1.g.2,Time Sharing,IM,2.25,8,0.1637,1.9292,2.5708,N,,08/2021,Analyst
31-9011.00,1.A.1.g.2,Time Sharing,LV,2.25,8,0.1637,1.9292,2.5708,N,N,08/2021,Analyst
31-9011.00,1.A.2.a.1,Arm-Hand Steadiness,IM,3.12,8,0.125,2.88,3.37,N,,08/2021,Analyst
31-9011.00,1.A.2.a.1,Arm-Hand Steadiness,LV,3.12,8,0.125,2.88,3.37,N,N,08/2021,Analyst
31-9011.00,1.A.2.a.2,Manual Dexterity,IM,3.5,8,0.189,3.1296,3.8704,N,,08/2021,Analyst
31-9011.00,1.A.2.a.2,Manual Dexterity,LV,3.12,8,0.125,2.88,3.37,N,N,08/2021,Analyst
31-9011.00,1.A.2.a.3,Finger Dexterity,IM,3.12,8,0.125,2.88,3.37,N,,08/2021,Analyst
31-9011.00,1.A.2.a.3,Finger Dexterity,LV,3.25,8,0.1637,2.9292,3.5708,N,N,08/2021,Analyst
31-9011.00,1.A.2.b.1,Control Precision,IM,2.0,8,0.189,1.6296,2.3704,N,,08/2021,Analyst
31-9011.00,1.A.2.b.1,Control Precision,LV,1.88,8,0.295,1.2967,2.4533,N,N,08/2021,Analyst
31-9011.00,1.A.2.b.2,Multilimb Coordination,IM,3.38,8,0.183,3.0164,3.7336,N,,08/2021,Analyst
31-9011.00,1.A.2.b.2,Multilimb Coordination,LV,3.12,8,0.125,2.88,3.37,N,N,08/2021,Analyst
31-9011.00,1.A.2.b.3,Response Orientation,IM,1.25,8,0.1637,1.0,1.5708,N,,08/2021,Analyst
31-9011.00,1.A.2.b.3,Response Orientation,LV,0.25,8,0.1637,0.0,0.5708,N,Y,08/2021,Analyst
31-9011.00,1.A.2.b.4,Rate Control,IM,1.0,8,0.0,1.0,1.0,N,,08/2021,Analyst
31-9011.00,1.A.2.b.4,Rate Control,LV,0.0,8,0.0,0.0,0.0,N,Y,08/2021,Analyst
31-9011.00,1.A.2.c.1,Reaction Time,IM,1.12,8,0.125,1.0,1.37,N,,08/2021,Analyst
31-9011.00,1.A.2.c.1,Reaction Time,LV,0.12,8,0.125,0.0,0.37,N,Y,08/2021,Analyst
31-9011.00,1.A.2.c.2,Wrist-Finger Speed,IM,2.25,8,0.1637,1.9292,2.5708,N,,08/2021,Analyst
31-9011.00,1.A.2.c.2,Wrist-Finger Speed,LV,2.0,8,0.189,1.6296,2.3704,N,N,08/2021,Analyst
31-9011.00,1.A.2.c.3,Speed of Limb Movement,IM,1.5,8,0.189,1.1296,1.8704,N,,08/2021,Analyst
31-9011.00,1.A.2.c.3,Speed of Limb Movement,LV,0.62,8,0.2631,0.1094,1.1406,N,N,08/2021,Analyst
31-9011.00,1.A.3.a.1,Static Strength,IM,3.0,8,0.189,2.6296,3.3704,N,,08/2021,Analyst
31-9011.00,1.A.3.a.1,Static Strength,LV,3.0,8,0.189,2.6296,3.3704,N,N,08/2021,Analyst
31-9011.00,1.A.3.a.2,Explosive Strength,IM,1.88,8,0.2266,1.4309,2.3191,N,,08/2021,Analyst
31-9011.00,1.A.3.a.2,Explosive Strength,LV,0.88,8,0.2266,0.4309,1.3191,N,N,08/2021,Analyst
31-9011.00,1.A.3.a.3,Dynamic Strength,IM,3.75,8,0.1637,3.4292,4.0708,N,,08/2021,Analyst
31-9011.00,1.A.3.a.3,Dynamic Strength,LV,3.5,8,0.2673,2.9762,4.0238,N,N,08/2021,Analyst
31-9011.00,1.A.3.a.4,Trunk Strength,IM,3.75,8,0.1637,3.4292,4.0708,N,,08/2021,Analyst
31-9011.00,1.A.3.a.4,Trunk Strength,LV,3.38,8,0.183,3.0164,3.7336,N,N,08/2021,Analyst
31-9011.00,1.A.3.b.1,Stamina,IM,3.12,8,0.125,2.88,3.37,N,,08/2021,Analyst
31-9011.00,1.A.3.b.1,Stamina,LV,3.12,8,0.125,2.88,3.37,N,N,08/2021,Analyst
31-9011.00,1.A.3.c.1,Extent Flexibility,IM,3.25,8,0.1637,2.9292,3.5708,N,,08/2021,Analyst
31-9011.00,1.A.3.c.1,Extent Flexibility,LV,3.12,8,0.125,2.88,3.37,N,N,08/2021,Analyst
31-9011.00,1.A.3.c.2,Dynamic Flexibility,IM,1.88,8,0.125,1.63,2.12,N,,08/2021,Analyst
31-9011.00,1.A.3.c.2,Dynamic Flexibility,LV,1.0,8,0.189,0.6296,1.3704,N,N,08/2021,Analyst
31-9011.00,1.A.3.c.3,Gross Body Coordination,IM,1.75,8,0.1637,1.4292,2.0708,N,,08/2021,Analyst
31-9011.00,1.A.3.c.3,Gross Body Coordination,LV,1.5,8,0.3273,0.8584,2.1416,N,N,08/2021,Analyst
31-9011.00,1.A.3.c.4,Gross Body Equilibrium,IM,2.0,8,0.0,2.0,2.0,N,,08/2021,Analyst
31-9011.00,1.A.3.c.4,Gross Body Equilibrium,LV,1.88,8,0.125,1.63,2.12,N,N,08/2021,Analyst
31-9011.00,1.A.4.a.1,Near Vision,IM,3.0,8,0.0,3.0,3.0,N,,08/2021,Analyst
31-9011.00,1.A.4.a.1,Near Vision,LV,3.0,8,0.0,3.0,3.0,N,N,08/2021,Analyst
31-9011.00,1.A.4.a.2,Far Vision,IM,2.12,8,0.125,1.88,2.37,N,,08/2021,Analyst
31-9011.00,1.A.4.a.2,Far Vision,LV,2.0,8,0.0,2.0,2.0,N,N,08/2021,Analyst
31-9011.00,1.A.4.a.3,Visual Color Discrimination,IM,1.75,8,0.1637,1.4292,2.0708,N,,08/2021,Analyst
31-9011.00,1.A.4.a.3,Visual Color Discrimination,LV,1.25,8,0.3134,0.6358,1.8642,N,N,08/2021,Analyst
31-9011.00,1.A.4.a.4,Night Vision,IM,1.0,8,0.0,1.0,1.0,N,,08/2021,Analyst
31-9011.00,1.A.4.a.4,Night Vision,LV,0.0,8,0.0,0.0,0.0,N,Y,08/2021,Analyst
31-9011.00,1.A.4.a.5,Peripheral Vision,IM,1.0,8,0.0,1.0,1.0,N,,08/2021,Analyst
31-9011.00,1.A.4.a.5,Peripheral Vision,LV,0.0,8,0.0,0.0,0.0,N,Y,08/2021,Analyst
31-9011.00,1.A.4.a.6,Depth Perception,IM,1.88,8,0.125,1.63,2.12,N,,08/2021,Analyst
31-9011.00,1.A.4.a.6,Depth Perception,LV,1.12,8,0.2266,0.6809,1.5691,N,N,08/2021,Analyst
31-9011.00,1.A.4.a.7,Glare Sensitivity,IM,1.0,8,0.0,1.0,1.0,N,,08/2021,Analyst
31-9011.00,1.A.4.a.7,Glare Sensitivity,LV,0.0,8,0.0,0.0,0.0,N,Y,08/2021,Analyst
31-9011.00,1.A.4.b.1,Hearing Sensitivity,IM,1.62,8,0.183,1.2664,1.9836,N,,08/2021,Analyst
31-9011.00,1.A.4.b.1,Hearing Sensitivity,LV,0.88,8,0.295,0.2967,1.4533,N,N,08/2021,Analyst
31-9011.00,1.A.4.b.2,Auditory Attention,IM,1.62,8,0.183,1.2664,1.9836,N,,08/2021,Analyst
31-9011.00,1.A.4.b.2,Auditory Attention,LV,1.0,8,0.3273,0.3584,1.6416,N,N,08/2021,Analyst
31-9011.00,1.A.4.b.3,Sound Localization,IM,1.0,8,0.0,1.0,1.0,N,,08/2021,Analyst
31-9011.00,1.A.4.b.3,Sound Localization,LV,0.0,8,0.0,0.0,0.0,N,Y,08/2021,Analyst
31-9011.00,1.A.4.b.4,Speech Recognition,IM,3.0,8,0.0,3.0,3.0,N,,08/2021,Analyst
31-9011.00,1.A.4.b.4,Speech Recognition,LV,3.0,8,0.0,3.0,3.0,N,N,08/2021,Analyst
31-9011.00,1.A.4.b.5,Speech Clarity,IM,3.12,8,0.125,2.88,3.37,N,,08/2021,Analyst
31-9011.00,1.A.4.b.5,Speech Clarity,LV,3.12,8,0.125,2.88,3.37,N,N,08/2021,Analyst
31-9091.00,1.A.1.a.1,Oral Comprehension,IM,3.88,8,0.125,3.63,4.12,N,,08/2021,Analyst
31-9091.00,1.A.1.a.1,Oral Comprehension,LV,4.0,8,0.0,4.0,4.0,N,N,08/2021,Analyst
31-9091.00,1.A.1.a.2,Written Comprehension,IM,3.5,8,0.189,3.1296,3.8704,N,,08/2021,Analyst
31-9091.00,1.A.1.a.2,Written Comprehension,LV,3.38,8,0.183,3.0164,3.7336,N,N,08/2021,Analyst
31-9091.00,1.A.1.a.3,Oral Expression,IM,4.0,8,0.0,4.0,4.0,N,,08/2021,Analyst
31-9091.00,1.A.1.a.3,Oral Expression,LV,3.88,8,0.125,3.63,4.12,N,N,08/2021,Analyst
31-9091.00,1.A.1.a.4,Written Expression,IM,3.12,8,0.125,2.88,3.37,N,,08/2021,Analyst
31-9091.00,1.A.1.a.4,Written Expression,LV,3.0,8,0.0,3.0,3.0,N,N,08/2021,Analyst
31-9091.00,1.A.1.b.1,Fluency of Ideas,IM,2.75,8,0.1637,2.4292,3.0708,N,,08/2021,Analyst
31-9091.00,1.A.1.b.1,Fluency of Ideas,LV,2.88,8,0.125,2.63,3.12,N,N,08/2021,Analyst
31-9091.00,1.A.1.b.2,Originality,IM,2.62,8,0.183,2.2664,2.9836,N,,08/2021,Analyst
31-9091.00,1.A.1.b.2,Originality,LV,2.5,8,0.189,2.1296,2.8704,N,N,08/2021,Analyst
31-9091.00,1.A.1.b.3,Problem Sensitivity,IM,3.12,8,0.125,2.88,3.37,N,,08/2021,Analyst
31-9091.00,1.A.1.b.3,Problem Sensitivity,LV,3.25,8,0.25,2.76,3.74,N,N,08/2021,Analyst
31-9091.00,1.A.1.b.4,Deductive Reasoning,IM,3.38,8,0.183,3.0164,3.7336,N,,08/2021,Analyst
31-9091.00,1.A.1.b.4,Deductive Reasoning,LV,3.25,8,0.1637,2.9292,3.5708,N,N,08/2021,Analyst
31-9091.00,1.A.1.b.5,Inductive Reasoning,IM,3.0,8,0.0,3.0,3.0,N,,08/2021,Analyst
31-9091.00,1.A.1.b.5,Inductive Reasoning,LV,3.0,8,0.0,3.0,3.0,N,N,08/2021,Analyst
31-9091.00,1.A.1.b.6,Information Ordering,IM,3.25,8,0.1637,2.9292,3.5708,N,,08/2021,Analyst
31-9091.00,1.A.1.b.6,Information Ordering,LV,3.0,8,0.0,3.0,3.0,N,N,08/2021,Analyst
31-9091.00,1.A.1.b.7,Category Flexibility,IM,3.0,8,0.189,2.6296,3.3704,N,,08/2021,Analyst
31-9091.00,1.A.1.b.7,Category Flexibility,LV,3.12,8,0.125,2.88,3.37,N,N,08/2021,Analyst
31-9091.00,1.A.1.c.1,Mathematical Reasoning,IM,2.12,8,0.125,1.88,2.37,N,,08/2021,Analyst
31-9091.00,1.A.1.c.1,Mathematical Reasoning,LV,2.0,8,0.0,2.0,2.0,N,N,08/2021,Analyst
31-9091.00,1.A.1.c.2,Number Facility,IM,2.38,8,0.183,2.0164,2.7336,N,,08/2021,Analyst
31-9091.00,1.A.1.c.2,Number Facility,LV,2.12,8,0.125,1.88,2.37,N,N,08/2021,Analyst
31-9091.00,1.A.1.d.1,Memorization,IM,2.0,8,0.0,2.0,2.0,N,,08/2021,Analyst
31-9091.00,1.A.1.d.1,Memorization,LV,2.12,8,0.125,1.88,2.37,N,N,08/2021,Analyst
31-9091.00,1.A.1.e.1,Speed of Closure,IM,2.12,8,0.125,1.88,2.37,N,,08/2021,Analyst
31-9091.00,1.A.1.e.1,Speed of Closure,LV,2.12,8,0.125,1.88,2.37,N,N,08/2021,Analyst
31-9091.00,1.A.1.e.2,Flexibility of Closure,IM,2.38,8,0.2631,1.8594,2.8906,N,,08/2021,Analyst
31-9091.00,1.A.1.e.2,Flexibility of Closure,LV,2.25,8,0.1637,1.9292,2.5708,N,N,08/2021,Analyst
31-9091.00,1.A.1.e.3,Perceptual Speed,IM,2.88,8,0.2266,2.4309,3.3191,N,,08/2021,Analyst
31-9091.00,1.A.1.e.3,Perceptual Speed,LV,2.38,8,0.183,2.0164,2.7336,N,N,08/2021,Analyst
31-9091.00,1.A.1.f.1,Spatial Orientation,IM,1.5,8,0.2673,1.0,2.0238,N,,08/2021,Analyst
31-9091.00,1.A.1.f.1,Spatial Orientation,LV,0.38,8,0.183,0.0164,0.7336,N,N,08/2021,Analyst
31-9091.00,1.A.1.f.2,Visualization,IM,2.38,8,0.183,2.0164,2.7336,N,,08/2021,Analyst
31-9091.00,1.A.1.f.2,Visualization,LV,2.62,8,0.183,2.2664,2.9836,N,N,08/2021,Analyst
31-9091.00,1.A.1.g.1,Selective Attention,IM,3.0,8,0.0,3.0,3.0,N,,08/2021,Analyst
31-9091.00,1.A.1.g.1,Selective Attention,LV,3.0,8,0.0,3.0,3.0,N,N,08/2021,Analyst
31-9091.00,1.A.1.g.2,Time Sharing,IM,3.0,8,0.0,3.0,3.0,N,,08/2021,Analyst
31-9091.00,1.A.1.g.2,Time Sharing,LV,2.88,8,0.125,2.63,3.12,N,N,08/2021,Analyst
31-9091.00,1.A.2.a.1,Arm-Hand Steadiness,IM,3.12,8,0.125,2.88,3.37,N,,08/2021,Analyst
31-9091.00,1.A.2.a.1,Arm-Hand Steadiness,LV,3.38,8,0.2631,2.8594,3.8906,N,N,08/2021,Analyst
31-9091.00,1.A.2.a.2,Manual Dexterity,IM,3.0,8,0.0,3.0,3.0,N,,08/2021,Analyst
31-9091.00,1.A.2.a.2,Manual Dexterity,LV,3.0,8,0.0,3.0,3.0,N,N,08/2021,Analyst
31-9091.00,1.A.2.a.3,Finger Dexterity,IM,3.12,8,0.125,2.88,3.37,N,,08/2021,Analyst
31-9091.00,1.A.2.a.3,Finger Dexterity,LV,3.12,8,0.125,2.88,3.37,N,N,08/2021,Analyst
31-9091.00,1.A.2.b.1,Control Precision,IM,3.0,8,0.0,3.0,3.0,N,,08/2021,Analyst
31-9091.00,1.A.2.b.1,Control Precision,LV,3.12,8,0.125,2.88,3.37,N,N,08/2021,Analyst
31-9091.00,1.A.2.b.2,Multilimb Coordination,IM,2.75,8,0.1637,2.4292,3.0708,N,,08/2021,Analyst
31-9091.00,1.A.2.b.2,Multilimb Coordination,LV,2.88,8,0.125,2.63,3.12,N,N,08/2021,Analyst
31-9091.00,1.A.2.b.3,Response Orientation,IM,1.88,8,0.125,1.63,2.12,N,,08/2021,Analyst
31-9091.00,1.A.2.b.3,Response Orientation,LV,1.75,8,0.25,1.26,2.24,N,N,08/2021,Analyst
31-9091.00,1.A.2.b.4,Rate Control,IM,1.75,8,0.1637,1.4292,2.0708,N,,08/2021,Analyst
31-9091.00,1.A.2.b.4,Rate Control,LV,1.5,8,0.3273,0.8584,2.1416,N,N,08/2021,Analyst
31-9091.00,1.A.2.c.1,Reaction Time,IM,1.88,8,0.125,1.63,2.12,N,,08/2021,Analyst
31-9091.00,1.A.2.c.1,Reaction Time,LV,1.62,8,0.2631,1.1094,2.1406,N,N,08/2021,Analyst
31-9091.00,1.A.2.c.2,Wrist-Finger Speed,IM,2.0,8,0.0,2.0,2.0,N,,08/2021,Analyst
31-9091.00,1.A.2.c.2,Wrist-Finger Speed,LV,2.0,8,0.0,2.0,2.0,N,N,08/2021,Analyst
31-9091.00,1.A.2.c.3,Speed of Limb Movement,IM,1.75,8,0.1637,1.4292,2.0708,N,,08/2021,Analyst
31-9091.00,1.A.2.c.3,Speed of Limb Movement,LV,1.38,8,0.3239,0.7402,2.0098,N,N,08/2021,Analyst
31-9091.00,1.A.3.a.1,Static Strength,IM,2.12,8,0.125,1.88,2.37,N,,08/2021,Analyst
31-9091.00,1.A.3.a.1,Static Strength,LV,1.88,8,0.125,1.63,2.12,N,N,08/2021,Analyst
31-9091.00,1.A.3.a.2,Explosive Strength,IM,1.25,8,0.1637,1.0,1.5708,N,,08/2021,Analyst
31-9091.00,1.A.3.a.2,Explosive Strength,LV,0.25,8,0.1637,0.0,0.5708,N,Y,08/2021,Analyst
31-9091.00,1.A.3.a.3,Dynamic Strength,IM,2.12,8,0.125,1.88,2.37,N,,08/2021,Analyst
31-9091.00,1.A.3.a.3,Dynamic Strength,LV,1.75,8,0.1637,1.4292,2.0708,N,N,08/2021,Analyst
31-9091.00,1.A.3.a.4,Trunk Strength,IM,2.38,8,0.183,2.0164,2.7336,N,,08/2021,Analyst
31-9091.00,1.A.3.a.4,Trunk Strength,LV,2.25,8,0.1637,1.9292,2.5708,N,N,08/2021,Analyst
31-9091.00,1.A.3.b.1,Stamina,IM,2.12,8,0.125,1.88,2.37,N,,08/2021,Analyst
31-9091.00,1.A.3.b.1,Stamina,LV,1.88,8,0.125,1.63,2.12,N,N,08/2021,Analyst
31-9091.00,1.A.3.c.1,Extent Flexibility,IM,2.5,8,0.189,2.1296,2.8704,N,,08/2021,Analyst
31-9091.00,1.A.3.c.1,Extent Flexibility,LV,2.62,8,0.183,2.2664,2.9836,N,N,08/2021,Analyst
31-9091.00,1.A.3.c.2,Dynamic Flexibility,IM,1.38,8,0.2631,1.0,1.8906,N,,08/2021,Analyst
31-9091.00,1.A.3.c.2,Dynamic Flexibility,LV,0.25,8,0.1637,0.0,0.5708,N,Y,08/2021,Analyst
31-9091.00,1.A.3.c.3,Gross Body Coordination,IM,2.0,8,0.0,2.0,2.0,N,,08/2021,Analyst
31-9091.00,1.A.3.c.3,Gross Body Coordination,LV,2.0,8,0.0,2.0,2.0,N,N,08/2021,Analyst
31-9091.00,1.A.3.c.4,Gross Body Equilibrium,IM,1.75,8,0.1637,1.4292,2.0708,N,,08/2021,Analyst
31-9091.00,1.A.3.c.4,Gross Body Equilibrium,LV,1.12,8,0.295,0.5467,1.7033,N,N,08/2021,Analyst
31-9091.00,1.A.4.a.1,Near Vision,IM,4.12,8,0.125,3.88,4.37,N,,08/2021,Analyst
31-9091.00,1.A.4.a.1,Near Vision,LV,4.0,8,0.189,3.6296,4.3704,N,N,08/2021,Analyst
31-9091.00,1.A.4.a.2,Far Vision,IM,2.88,8,0.125,2.63,3.12,N,,08/2021,Analyst
31-9091.00,1.A.4.a.2,Far Vision,LV,2.88,8,0.125,2.63,3.12,N,N,08/2021,Analyst
31-9091.00,1.A.4.a.3,Visual Color Discrimination,IM,2.88,8,0.125,2.63,3.12,N,,08/2021,Analyst
31-9091.00,1.A.4.a.3,Visual Color Discrimination,LV,2.88,8,0.125,2.63,3.12,N,N,08/2021,Analyst
31-9091.00,1.A.4.a.4,Night Vision,IM,1.0,8,0.0,1.0,1.0,N,,08/2021,Analyst
31-9091.00,1.A.4.a.4,Night Vision,LV,0.0,8,0.0,0.0,0.0,N,Y,08/2021,Analyst
31-9091.00,1.A.4.a.5,Peripheral Vision,IM,1.0,8,0.0,1.0,1.0,N,,08/2021,Analyst
31-9091.00,1.A.4.a.5,Peripheral Vision,LV,0.0,8,0.0,0.0,0.0,N,Y,08/2021,Analyst
31-9091.00,1.A.4.a.6,Depth Perception,IM,2.12,8,0.125,1.88,2.37,N,,08/2021,Analyst
31-9091.00,1.A.4.a.6,Depth Perception,LV,2.0,8,0.0,2.0,2.0,N,N,08/2021,Analyst
31-9091.00,1.A.4.a.7,Glare Sensitivity,IM,1.12,8,0.125,1.0,1.37,N,,08/2021,Analyst
31-9091.00,1.A.4.a.7,Glare Sensitivity,LV,0.12,8,0.125,0.0,0.37,N,Y,08/2021,Analyst
31-9091.00,1.A.4.b.1,Hearing Sensitivity,IM,2.0,8,0.189,1.6296,2.3704,N,,08/2021,Analyst
31-9091.00,1.A.4.b.1,Hearing Sensitivity,LV,1.75,8,0.25,1.26,2.24,N,N,08/2021,Analyst
31-9091.00,1.A.4.b.2,Auditory Attention,IM,2.25,8,0.1637,1.9292,2.5708,N,,08/2021,Analyst
31-9091.00,1.A.4.b.2,Auditory Attention,LV,2.12,8,0.125,1.88,2.37,N,N,08/2021,Analyst
31-9091.00,1.A.4.b.3,Sound Localization,IM,1.0,8,0.0,1.0,1.0,N,,08/2021,Analyst
31-9091.00,1.A.4.b.3,Sound Localization,LV,0.0,8,0.0,0.0,0.0,N,Y,08/2021,Analyst
31-9091.00,1.A.4.b.4,Speech Recognition,IM,3.75,8,0.1637,3.4292,4.0708,N,,08/2021,Analyst
31-9091.00,1.A.4.b.4,Speech Recognition,LV,3.38,8,0.183,3.0164,3.7336,N,N,08/2021,Analyst
31-9091.00,1.A.4.b.5,Speech Clarity,IM,3.12,8,0.125,2.88,3.37,N,,08/2021,Analyst
31-9091.00,1.A.4.b.5,Speech Clarity,LV,3.0,8,0.0,3.0,3.0,N,N,08/2021,Analyst
31-9092.00,1.A.1.a.1,Oral Comprehension,IM,4.0,8,0.0,4.0,4.0,N,,08/2021,Analyst
31-9092.00,1.A.1.a.1,Oral Comprehension,LV,4.12,8,0.125,3.88,4.37,N,N,08/2021,Analyst
31-9092.00,1.A.1.a.2,Written Comprehension,IM,4.0,8,0.0,4.0,4.0,N,,08/2021,Analyst
31-9092.00,1.A.1.a.2,Written Comprehension,LV,3.75,8,0.1637,3.4292,4.0708,N,N,08/2021,Analyst
31-9092.00,1.A.1.a.3,Oral Expression,IM,4.0,8,0.0,4.0,4.0,N,,08/2021,Analyst
31-9092.00,1.A.1.a.3,Oral Expression,LV,4.0,8,0.189,3.6296,4.3704,N,N,08/2021,Analyst
31-9092.00,1.A.1.a.4,Written Expression,IM,3.75,8,0.1637,3.4292,4.0708,N,,08/2021,Analyst
31-9092.00,1.A.1.a.4,Written Expression,LV,3.62,8,0.183,3.2664,3.9836,N,N,08/2021,Analyst
31-9092.00,1.A.1.b.1,Fluency of Ideas,IM,2.75,8,0.1637,2.4292,3.0708,N,,08/2021,Analyst
31-9092.00,1.A.1.b.1,Fluency of Ideas,LV,2.88,8,0.125,2.63,3.12,N,N,08/2021,Analyst
31-9092.00,1.A.1.b.2,Originality,IM,2.75,8,0.1637,2.4292,3.0708,N,,08/2021,Analyst
31-9092.00,1.A.1.b.2,Originality,LV,2.75,8,0.1637,2.4292,3.0708,N,N,08/2021,Analyst
31-9092.00,1.A.1.b.3,Problem Sensitivity,IM,3.88,8,0.125,3.63,4.12,N,,08/2021,Analyst
31-9092.00,1.A.1.b.3,Problem Sensitivity,LV,3.75,8,0.1637,3.4292,4.0708,N,N,08/2021,Analyst
31-9092.00,1.A.1.b.4,Deductive Reasoning,IM,3.5,8,0.189,3.1296,3.8704,N,,08/2021,Analyst
31-9092.00,1.A.1.b.4,Deductive Reasoning,LV,3.5,8,0.189,3.1296,3.8704,N,N,08/2021,Analyst
31-9092.00,1.A.1.b.5,Inductive Reasoning,IM,3.25,8,0.1637,2.9292,3.5708,N,,08/2021,Analyst
31-9092.00,1.A.1.b.5,Inductive Reasoning,LV,3.25,8,0.1637,2.9292,3.5708,N,N,08/2021,Analyst
31-9092.00,1.A.1.b.6,Information Ordering,IM,3.25,8,0.1637,2.9292,3.5708,N,,08/2021,Analyst
31-9092.00,1.A.1.b.6,Information Ordering,LV,3.12,8,0.125,2.88,3.37,N,N,08/2021,Analyst
31-9092.00,1.A.1.b.7,Category Flexibility,IM,3.12,8,0.125,2.88,3.37,N,,08/2021,Analyst
31-9092.00,1.A.1.b.7,Category Flexibility,LV,3.12,8,0.125,2.88,3.37,N,N,08/2021,Analyst
31-9092.00,1.A.1.c.1,Mathematical Reasoning,IM,2.75,8,0.1637,2.4292,3.0708,N,,08/2021,Analyst
31-9092.00,1.A.1.c.1,Mathematical Reasoning,LV,2.75,8,0.1637,2.4292,3.0708,N,N,08/2021,Analyst
31-9092.00,1.A.1.c.2,Number Facility,IM,2.88,8,0.125,2.63,3.12,N,,08/2021,Analyst
31-9092.00,1.A.1.c.2,Number Facility,LV,3.0,8,0.0,3.0,3.0,N,N,08/2021,Analyst
31-9092.00,1.A.1.d.1,Memorization,IM,2.88,8,0.125,2.63,3.12,N,,08/2021,Analyst
31-9092.00,1.A.1.d.1,Memorization,LV,2.75,8,0.1637,2.4292,3.0708,N,N,08/2021,Analyst
31-9092.00,1.A.1.e.1,Speed of Closure,IM,2.5,8,0.189,2.1296,2.8704,N,,08/2021,Analyst
31-9092.00,1.A.1.e.1,Speed of Closure,LV,2.62,8,0.183,2.2664,2.9836,N,N,08/2021,Analyst
31-9092.00,1.A.1.e.2,Flexibility of Closure,IM,3.12,8,0.125,2.88,3.37,N,,08/2021,Analyst
31-9092.00,1.A.1.e.2,Flexibility of Closure,LV,3.12,8,0.125,2.88,3.37,N,N,08/2021,Analyst
31-9092.00,1.A.1.e.3,Perceptual Speed,IM,3.0,8,0.0,3.0,3.0,N,,08/2021,Analyst
31-9092.00,1.A.1.e.3,Perceptual Speed,LV,2.88,8,0.125,2.63,3.12,N,N,08/2021,Analyst
31-9092.00,1.A.1.f.1,Spatial Orientation,IM,1.5,8,0.189,1.1296,1.8704,N,,08/2021,Analyst
31-9092.00,1.A.1.f.1,Spatial Orientation,LV,0.62,8,0.2631,0.1094,1.1406,N,N,08/2021,Analyst
31-9092.00,1.A.1.f.2,Visualization,IM,2.38,8,0.183,2.0164,2.7336,N,,08/2021,Analyst
31-9092.00,1.A.1.f.2,Visualization,LV,2.12,8,0.125,1.88,2.37,N,N,08/2021,Analyst
31-9092.00,1.A.1.g.1,Selective Attention,IM,2.75,8,0.1637,2.4292,3.0708,N,,08/2021,Analyst
31-9092.00,1.A.1.g.1,Selective Attention,LV,2.88,8,0.125,2.63,3.12,N,N,08/2021,Analyst
31-9092.00,1.A.1.g.2,Time Sharing,IM,2.88,8,0.125,2.63,3.12,N,,08/2021,Analyst
31-9092.00,1.A.1.g.2,Time Sharing,LV,3.0,8,0.0,3.0,3.0,N,N,08/2021,Analyst
31-9092.00,1.A.2.a.1,Arm-Hand Steadiness,IM,3.0,8,0.189,2.6296,3.3704,N,,08/2021,Analyst
31-9092.00,1.A.2.a.1,Arm-Hand Steadiness,LV,3.0,8,0.189,2.6296,3.3704,N,N,08/2021,Analyst
31-9092.00,1.A.2.a.2,Manual Dexterity,IM,2.25,8,0.1637,1.9292,2.5708,N,,08/2021,Analyst
31-9092.00,1.A.2.a.2,Manual Dexterity,LV,2.25,8,0.1637,1.9292,2.5708,N,N,08/2021,Analyst
31-9092.00,1.A.2.a.3,Finger Dexterity,IM,3.0,8,0.0,3.0,3.0,N,,08/2021,Analyst
31-9092.00,1.A.2.a.3,Finger Dexterity,LV,3.0,8,0.0,3.0,3.0,N,N,08/2021,Analyst
31-9092.00,1.A.2.b.1,Control Precision,IM,2.25,8,0.1637,1.9292,2.5708,N,,08/2021,Analyst
31-9092.00,1.A.2.b.1,Control Precision,LV,2.25,8,0.1637,1.9292,2.5708,N,N,08/2021,Analyst
31-9092.00,1.A.2.b.2,Multilimb Coordination,IM,2.12,8,0.125,1.88,2.37,N,,08/2021,Analyst
31-9092.00,1.A.2.b.2,Multilimb Coordination,LV,2.12,8,0.125,1.88,2.37,N,N,08/2021,Analyst
31-9092.00,1.A.2.b.3,Response Orientation,IM,2.0,8,0.0,2.0,2.0,N,,08/2021,Analyst
31-9092.00,1.A.2.b.3,Response Orientation,LV,1.38,8,0.183,1.0164,1.7336,N,N,08/2021,Analyst
31-9092.00,1.A.2.b.4,Rate Control,IM,1.62,8,0.183,1.2664,1.9836,N,,08/2021,Analyst
31-9092.00,1.A.2.b.4,Rate Control,LV,0.75,8,0.25,0.26,1.24,N,N,08/2021,Analyst
31-9092.00,1.A.2.c.1,Reaction Time,IM,1.88,8,0.125,1.63,2.12,N,,08/2021,Analyst
31-9092.00,1.A.2.c.1,Reaction Time,LV,1.12,8,0.2266,0.6809,1.5691,N,N,08/2021,Analyst
31-9092.00,1.A.2.c.2,Wrist-Finger Speed,IM,2.0,8,0.189,1.6296,2.3704,N,,08/2021,Analyst
31-9092.00,1.A.2.c.2,Wrist-Finger Speed,LV,1.25,8,0.25,0.76,1.74,N,N,08/2021,Analyst
31-9092.00,1.A.2.c.3,Speed of Limb Movement,IM,1.5,8,0.189,1.1296,1.8704,N,,08/2021,Analyst
31-9092.00,1.A.2.c.3,Speed of Limb Movement,LV,0.62,8,0.2631,0.1094,1.1406,N,N,08/2021,Analyst
31-9092.00,1.A.3.a.1,Static Strength,IM,2.12,8,0.125,1.88,2.37,N,,08/2021,Analyst
31-9092.00,1.A.3.a.1,Static Strength,LV,2.12,8,0.125,1.88,2.37,N,N,08/2021,Analyst
31-9092.00,1.A.3.a.2,Explosive Strength,IM,1.25,8,0.1637,1.0,1.5708,N,,08/2021,Analyst
31-9092.00,1.A.3.a.2,Explosive Strength,LV,0.25,8,0.1637,0.0,0.5708,N,Y,08/2021,Analyst
31-9092.00,1.A.3.a.3,Dynamic Strength,IM,1.88,8,0.125,1.63,2.12,N,,08/2021,Analyst
31-9092.00,1.A.3.a.3,Dynamic Strength,LV,1.25,8,0.25,0.76,1.74,N,N,08/2021,Analyst
31-9092.00,1.A.3.a.4,Trunk Strength,IM,2.62,8,0.183,2.2664,2.9836,N,,08/2021,Analyst
31-9092.00,1.A.3.a.4,Trunk Strength,LV,2.25,8,0.1637,1.9292,2.5708,N,N,08/2021,Analyst
31-9092.00,1.A.3.b.1,Stamina,IM,2.0,8,0.0,2.0,2.0,N,,08/2021,Analyst
31-9092.00,1.A.3.b.1,Stamina,LV,1.88,8,0.125,1.63,2.12,N,N,08/2021,Analyst
31-9092.00,1.A.3.c.1,Extent Flexibility,IM,1.88,8,0.125,1.63,2.12,N,,08/2021,Analyst
31-9092.00,1.A.3.c.1,Extent Flexibility,LV,1.75,8,0.25,1.26,2.24,N,N,08/2021,Analyst
31-9092.00,1.A.3.c.2,Dynamic Flexibility,IM,1.0,8,0.0,1.0,1.0,N,,08/2021,Analyst
31-9092.00,1.A.3.c.2,Dynamic Flexibility,LV,0.0,8,0.0,0.0,0.0,N,Y,08/2021,Analyst
31-9092.00,1.A.3.c.3,Gross Body Coordination,IM,1.88,8,0.125,1.63,2.12,N,,08/2021,Analyst
31-9092.00,1.A.3.c.3,Gross Body Coordination,LV,1.62,8,0.2631,1.1094,2.1406,N,N,08/2021,Analyst
31-9092.00,1.A.3.c.4,Gross Body Equilibrium,IM,1.75,8,0.1637,1.4292,2.0708,N,,08/2021,Analyst
31-9092.00,1.A.3.c.4,Gross Body Equilibrium,LV,0.75,8,0.1637,0.4292,1.0708,N,N,08/2021,Analyst
31-9092.00,1.A.4.a.1,Near Vision,IM,3.88,8,0.125,3.63,4.12,N,,08/2021,Analyst
31-9092.00,1.A.4.a.1,Near Vision,LV,3.88,8,0.125,3.63,4.12,N,N,08/2021,Analyst
31-9092.00,1.A.4.a.2,Far Vision,IM,2.88,8,0.125,2.63,3.12,N,,08/2021,Analyst
31-9092.00,1.A.4.a.2,Far Vision,LV,2.88,8,0.125,2.63,3.12,N,N,08/2021,Analyst
31-9092.00,1.A.4.a.3,Visual Color Discrimination,IM,2.88,8,0.125,2.63,3.12,N,,08/2021,Analyst
31-9092.00,1.A.4.a.3,Visual Color Discrimination,LV,2.88,8,0.125,2.63,3.12,N,N,08/2021,Analyst
31-9092.00,1.A.4.a.4,Night Vision,IM,1.25,8,0.1637,1.0,1.5708,N,,08/2021,Analyst
31-9092.00,1.A.4.a.4,Night Vision,LV,0.25,8,0.1637,0.0,0.5708,N,Y,08/2021,Analyst
31-9092.00,1.A.4.a.5,Peripheral Vision,IM,1.38,8,0.183,1.0164,1.7336,N,,08/2021,Analyst
31-9092.00,1.A.4.a.5,Peripheral Vision,LV,0.38,8,0.183,0.0164,0.7336,N,N,08/2021,Analyst
31-9092.00,1.A.4.a.6,Depth Perception,IM,1.88,8,0.2266,1.4309,2.3191,N,,08/2021,Analyst
31-9092.00,1.A.4.a.6,Depth Perception,LV,1.38,8,0.3239,0.7402,2.0098,N,N,08/2021,Analyst
31-9092.00,1.A.4.a.7,Glare Sensitivity,IM,1.25,8,0.1637,1.0,1.5708,N,,08/2021,Analyst
31-9092.00,1.A.4.a.7,Glare Sensitivity,LV,0.38,8,0.2631,0.0,0.8906,N,Y,08/2021,Analyst
31-9092.00,1.A.4.b.1,Hearing Sensitivity,IM,2.12,8,0.125,1.88,2.37,N,,08/2021,Analyst
31-9092.00,1.A.4.b.1,Hearing Sensitivity,LV,2.0,8,0.0,2.0,2.0,N,N,08/2021,Analyst
31-9092.00,1.A.4.b.2,Auditory Attention,IM,2.25,8,0.1637,1.9292,2.5708,N,,08/2021,Analyst
31-9092.00,1.A.4.b.2,Auditory Attention,LV,2.12,8,0.125,1.88,2.37,N,N,08/2021,Analyst
31-9092.00,1.A.4.b.3,Sound Localization,IM,1.25,8,0.1637,1.0,1.5708,N,,08/2021,Analyst
31-9092.00,1.A.4.b.3,Sound Localization,LV,0.25,8,0.1637,0.0,0.5708,N,Y,08/2021,Analyst
31-9092.00,1.A.4.b.4,Speech Recognition,IM,3.88,8,0.125,3.63,4.12,N,,08/2021,Analyst
31-9092.00,1.A.4.b.4,Speech Recognition,LV,3.25,8,0.1637,2.9292,3.5708,N,N,08/2021,Analyst
31-9092.00,1.A.4.b.5,Speech Clarity,IM,3.75,8,0.1637,3.4292,4.0708,N,,08/2021,Analyst
31-9092.00,1.A.4.b.5,Speech Clarity,LV,3.12,8,0.125,2.88,3.37,N,N,08/2021,Analyst
31-9093.00,1.A.1.a.1,Oral Comprehension,IM,3.62,8,0.183,3.2664,3.9836,N,,07/2014,Analyst
31-9093.00,1.A.1.a.1,Oral Comprehension,LV,3.75,8,0.1637,3.4292,4.0708,N,N,07/2014,Analyst
31-9093.00,1.A.1.a.2,Written Comprehension,IM,3.12,8,0.125,2.88,3.37,N,,07/2014,Analyst
31-9093.00,1.A.1.a.2,Written Comprehension,LV,3.12,8,0.125,2.88,3.37,N,N,07/2014,Analyst
31-9093.00,1.A.1.a.3,Oral Expression,IM,3.25,8,0.1637,2.9292,3.5708,N,,07/2014,Analyst
31-9093.00,1.A.1.a.3,Oral Expression,LV,3.12,8,0.125,2.88,3.37,N,N,07/2014,Analyst
31-9093.00,1.A.1.a.4,Written Expression,IM,3.25,8,0.1637,2.9292,3.5708,N,,07/2014,Analyst
31-9093.00,1.A.1.a.4,Written Expression,LV,2.5,8,0.189,2.1296,2.8704,N,N,07/2014,Analyst
31-9093.00,1.A.1.b.1,Fluency of Ideas,IM,2.0,8,0.0,2.0,2.0,N,,07/2014,Analyst
31-9093.00,1.A.1.b.1,Fluency of Ideas,LV,2.0,8,0.0,2.0,2.0,N,N,07/2014,Analyst
31-9093.00,1.A.1.b.2,Originality,IM,2.0,8,0.0,2.0,2.0,N,,07/2014,Analyst
31-9093.00,1.A.1.b.2,Originality,LV,2.0,8,0.0,2.0,2.0,N,N,07/2014,Analyst
31-9093.00,1.A.1.b.3,Problem Sensitivity,IM,3.75,8,0.1637,3.4292,4.0708,N,,07/2014,Analyst
31-9093.00,1.A.1.b.3,Problem Sensitivity,LV,3.12,8,0.125,2.88,3.37,N,N,07/2014,Analyst
31-9093.00,1.A.1.b.4,Deductive Reasoning,IM,3.25,8,0.1637,2.9292,3.5708,N,,07/2014,Analyst
31-9093.00,1.A.1.b.4,Deductive Reasoning,LV,3.12,8,0.125,2.88,3.37,N,N,07/2014,Analyst
31-9093.00,1.A.1.b.5,Inductive Reasoning,IM,3.0,8,0.0,3.0,3.0,N,,07/2014,Analyst
31-9093.00,1.A.1.b.5,Inductive Reasoning,LV,2.62,8,0.183,2.2664,2.9836,N,N,07/2014,Analyst
31-9093.00,1.A.1.b.6,Information Ordering,IM,3.25,8,0.1637,2.9292,3.5708,N,,07/2014,Analyst
31-9093.00,1.A.1.b.6,Information Ordering,LV,3.0,8,0.0,3.0,3.0,N,N,07/2014,Analyst
31-9093.00,1.A.1.b.7,Category Flexibility,IM,3.12,8,0.125,2.88,3.37,N,,07/2014,Analyst
31-9093.00,1.A.1.b.7,Category Flexibility,LV,3.0,8,0.0,3.0,3.0,N,N,07/2014,Analyst
31-9093.00,1.A.1.c.1,Mathematical Reasoning,IM,2.0,8,0.0,2.0,2.0,N,,07/2014,Analyst
31-9093.00,1.A.1.c.1,Mathematical Reasoning,LV,1.88,8,0.125,1.63,2.12,N,N,07/2014,Analyst
31-9093.00,1.A.1.c.2,Number Facility,IM,2.12,8,0.125,1.88,2.37,N,,07/2014,Analyst
31-9093.00,1.A.1.c.2,Number Facility,LV,2.0,8,0.0,2.0,2.0,N,N,07/2014,Analyst
31-9093.00,1.A.1.d.1,Memorization,IM,2.0,8,0.0,2.0,2.0,N,,07/2014,Analyst
31-9093.00,1.A.1.d.1,Memorization,LV,2.0,8,0.0,2.0,2.0,N,N,07/2014,Analyst
31-9093.00,1.A.1.e.1,Speed of Closure,IM,2.25,8,0.1637,1.9292,2.5708,N,,07/2014,Analyst
31-9093.00,1.A.1.e.1,Speed of Closure,LV,2.0,8,0.0,2.0,2.0,N,N,07/2014,Analyst
31-9093.00,1.A.1.e.2,Flexibility of Closure,IM,3.0,8,0.189,2.6296,3.3704,N,,07/2014,Analyst
31-9093.00,1.A.1.e.2,Flexibility of Closure,LV,2.88,8,0.125,2.63,3.12,N,N,07/2014,Analyst
31-9093.00,1.A.1.e.3,Perceptual Speed,IM,3.25,8,0.1637,2.9292,3.5708,N,,07/2014,Analyst
31-9093.00,1.A.1.e.3,Perceptual Speed,LV,3.12,8,0.125,2.88,3.37,N,N,07/2014,Analyst
31-9093.00,1.A.1.f.1,Spatial Orientation,IM,1.88,8,0.125,1.63,2.12,N,,07/2014,Analyst
31-9093.00,1.A.1.f.1,Spatial Orientation,LV,1.62,8,0.2631,1.1094,2.1406,N,N,07/2014,Analyst
31-9093.00,1.A.1.f.2,Visualization,IM,3.0,8,0.0,3.0,3.0,N,,07/2014,Analyst
31-9093.00,1.A.1.f.2,Visualization,LV,3.25,8,0.1637,2.9292,3.5708,N,N,07/2014,Analyst
31-9093.00,1.A.1.g.1,Selective Attention,IM,2.88,8,0.125,2.63,3.12,N,,07/2014,Analyst
31-9093.00,1.A.1.g.1,Selective Attention,LV,2.88,8,0.125,2.63,3.12,N,N,07/2014,Analyst
31-9093.00,1.A.1.g.2,Time Sharing,IM,2.75,8,0.1637,2.4292,3.0708,N,,07/2014,Analyst
31-9093.00,1.A.1.g.2,Time Sharing,LV,2.75,8,0.1637,2.4292,3.0708,N,N,07/2014,Analyst
31-9093.00,1.A.2.a.1,Arm-Hand Steadiness,IM,3.25,8,0.1637,2.9292,3.5708,N,,07/2014,Analyst
31-9093.00,1.A.2.a.1,Arm-Hand Steadiness,LV,3.12,8,0.125,2.88,3.37,N,N,07/2014,Analyst
31-9093.00,1.A.2.a.2,Manual Dexterity,IM,3.25,8,0.1637,2.9292,3.5708,N,,07/2014,Analyst
31-9093.00,1.A.2.a.2,Manual Dexterity,LV,3.0,8,0.0,3.0,3.0,N,N,07/2014,Analyst
31-9093.00,1.A.2.a.3,Finger Dexterity,IM,3.25,8,0.1637,2.9292,3.5708,N,,07/2014,Analyst
31-9093.00,1.A.2.a.3,Finger Dexterity,LV,3.25,8,0.1637,2.9292,3.5708,N,N,07/2014,Analyst
31-9093.00,1.A.2.b.1,Control Precision,IM,3.0,8,0.189,2.6296,3.3704,N,,07/2014,Analyst
31-9093.00,1.A.2.b.1,Control Precision,LV,3.0,8,0.189,2.6296,3.3704,N,N,07/2014,Analyst
31-9093.00,1.A.2.b.2,Multilimb Coordination,IM,3.0,8,0.0,3.0,3.0,N,,07/2014,Analyst
31-9093.00,1.A.2.b.2,Multilimb Coordination,LV,2.62,8,0.183,2.2664,2.9836,N,N,07/2014,Analyst
31-9093.00,1.A.2.b.3,Response Orientation,IM,2.12,8,0.125,1.88,2.37,N,,07/2014,Analyst
31-9093.00,1.A.2.b.3,Response Orientation,LV,1.88,8,0.125,1.63,2.12,N,N,07/2014,Analyst
31-9093.00,1.A.2.b.4,Rate Control,IM,2.25,8,0.1637,1.9292,2.5708,N,,07/2014,Analyst
31-9093.00,1.A.2.b.4,Rate Control,LV,2.0,8,0.0,2.0,2.0,N,N,07/2014,Analyst
31-9093.00,1.A.2.c.1,Reaction Time,IM,2.5,8,0.189,2.1296,2.8704,N,,07/2014,Analyst
31-9093.00,1.A.2.c.1,Reaction Time,LV,2.38,8,0.183,2.0164,2.7336,N,N,07/2014,Analyst
31-9093.00,1.A.2.c.2,Wrist-Finger Speed,IM,2.12,8,0.125,1.88,2.37,N,,07/2014,Analyst
31-9093.00,1.A.2.c.2,Wrist-Finger Speed,LV,2.12,8,0.2266,1.6809,2.5691,N,N,07/2014,Analyst
31-9093.00,1.A.2.c.3,Speed of Limb Movement,IM,2.25,8,0.1637,1.9292,2.5708,N,,07/2014,Analyst
31-9093.00,1.A.2.c.3,Speed of Limb Movement,LV,2.12,8,0.125,1.88,2.37,N,N,07/2014,Analyst
31-9093.00,1.A.3.a.1,Static Strength,IM,3.0,8,0.0,3.0,3.0,N,,07/2014,Analyst
31-9093.00,1.A.3.a.1,Static Strength,LV,3.0,8,0.0,3.0,3.0,N,N,07/2014,Analyst
31-9093.00,1.A.3.a.2,Explosive Strength,IM,1.12,8,0.125,1.0,1.37,N,,07/2014,Analyst
31-9093.00,1.A.3.a.2,Explosive Strength,LV,0.12,8,0.125,0.0,0.37,N,Y,07/2014,Analyst
31-9093.00,1.A.3.a.3,Dynamic Strength,IM,2.25,8,0.1637,1.9292,2.5708,N,,07/2014,Analyst
31-9093.00,1.A.3.a.3,Dynamic Strength,LV,2.0,8,0.0,2.0,2.0,N,N,07/2014,Analyst
31-9093.00,1.A.3.a.4,Trunk Strength,IM,3.12,8,0.125,2.88,3.37,N,,07/2014,Analyst
31-9093.00,1.A.3.a.4,Trunk Strength,LV,3.0,8,0.0,3.0,3.0,N,N,07/2014,Analyst
31-9093.00,1.A.3.b.1,Stamina,IM,2.62,8,0.183,2.2664,2.9836,N,,07/2014,Analyst
31-9093.00,1.A.3.b.1,Stamina,LV,2.12,8,0.125,1.88,2.37,N,N,07/2014,Analyst
31-9093.00,1.A.3.c.1,Extent Flexibility,IM,2.38,8,0.183,2.0164,2.7336,N,,07/2014,Analyst
31-9093.00,1.A.3.c.1,Extent Flexibility,LV,2.62,8,0.183,2.2664,2.9836,N,N,07/2014,Analyst
31-9093.00,1.A.3.c.2,Dynamic Flexibility,IM,1.25,8,0.1637,1.0,1.5708,N,,07/2014,Analyst
31-9093.00,1.A.3.c.2,Dynamic Flexibility,LV,0.25,8,0.1637,0.0,0.5708,N,Y,07/2014,Analyst
31-9093.00,1.A.3.c.3,Gross Body Coordination,IM,2.25,8,0.1637,1.9292,2.5708,N,,07/2014,Analyst
31-9093.00,1.A.3.c.3,Gross Body Coordination,LV,2.0,8,0.0,2.0,2.0,N,N,07/2014,Analyst
31-9093.00,1.A.3.c.4,Gross Body Equilibrium,IM,1.75,8,0.1637,1.4292,2.0708,N,,07/2014,Analyst
31-9093.00,1.A.3.c.4,Gross Body Equilibrium,LV,0.75,8,0.1637,0.4292,1.0708,N,N,07/2014,Analyst
31-9093.00,1.A.4.a.1,Near Vision,IM,3.88,8,0.125,3.63,4.12,N,,07/2014,Analyst
31-9093.00,1.A.4.a.1,Near Vision,LV,3.88,8,0.125,3.63,4.12,N,N,07/2014,Analyst
31-9093.00,1.A.4.a.2,Far Vision,IM,2.88,8,0.125,2.63,3.12,N,,07/2014,Analyst
31-9093.00,1.A.4.a.2,Far Vision,LV,2.88,8,0.125,2.63,3.12,N,N,07/2014,Analyst
31-9093.00,1.A.4.a.3,Visual Color Discrimination,IM,2.88,8,0.125,2.63,3.12,N,,07/2014,Analyst
31-9093.00,1.A.4.a.3,Visual Color Discrimination,LV,3.0,8,0.0,3.0,3.0,N,N,07/2014,Analyst
31-9093.00,1.A.4.a.4,Night Vision,IM,1.75,8,0.1637,1.4292,2.0708,N,,07/2014,Analyst
31-9093.00,1.A.4.a.4,Night Vision,LV,0.75,8,0.1637,0.4292,1.0708,N,N,07/2014,Analyst
31-9093.00,1.A.4.a.5,Peripheral Vision,IM,1.75,8,0.1637,1.4292,2.0708,N,,07/2014,Analyst
31-9093.00,1.A.4.a.5,Peripheral Vision,LV,0.75,8,0.1637,0.4292,1.0708,N,N,07/2014,Analyst
31-9093.00,1.A.4.a.6,Depth Perception,IM,2.5,8,0.2673,1.9762,3.0238,N,,07/2014,Analyst
31-9093.00,1.A.4.a.6,Depth Perception,LV,1.75,8,0.25,1.26,2.24,N,N,07/2014,Analyst
31-9093.00,1.A.4.a.7,Glare Sensitivity,IM,1.75,8,0.1637,1.4292,2.0708,N,,07/2014,Analyst
31-9093.00,1.A.4.a.7,Glare Sensitivity,LV,0.75,8,0.1637,0.4292,1.0708,N,N,07/2014,Analyst
31-9093.00,1.A.4.b.1,Hearing Sensitivity,IM,2.62,8,0.183,2.2664,2.9836,N,,07/2014,Analyst
31-9093.00,1.A.4.b.1,Hearing Sensitivity,LV,2.5,8,0.189,2.1296,2.8704,N,N,07/2014,Analyst
31-9093.00,1.A.4.b.2,Auditory Attention,IM,2.75,8,0.1637,2.4292,3.0708,N,,07/2014,Analyst
31-9093.00,1.A.4.b.2,Auditory Attention,LV,2.62,8,0.183,2.2664,2.9836,N,N,07/2014,Analyst
31-9093.00,1.A.4.b.3,Sound Localization,IM,1.88,8,0.125,1.63,2.12,N,,07/2014,Analyst
31-9093.00,1.A.4.b.3,Sound Localization,LV,1.25,8,0.25,0.76,1.74,N,N,07/2014,Analyst
31-9093.00,1.A.4.b.4,Speech Recognition,IM,3.25,8,0.1637,2.9292,3.5708,N,,07/2014,Analyst
31-9093.00,1.A.4.b.4,Speech Recognition,LV,2.88,8,0.125,2.63,3.12,N,N,07/2014,Analyst
31-9093.00,1.A.4.b.5,Speech Clarity,IM,2.88,8,0.2266,2.4309,3.3191,N,,07/2014,Analyst
31-9093.00,1.A.4.b.5,Speech Clarity,LV,2.75,8,0.1637,2.4292,3.0708,N,N,07/2014,Analyst
31-9094.00,1.A.1.a.1,Oral Comprehension,IM,4.25,8,0.1637,3.9292,4.5708,N,,08/2021,Analyst
31-9094.00,1.A.1.a.1,Oral Comprehension,LV,4.88,8,0.125,4.63,5.12,N,N,08/2021,Analyst
31-9094.00,1.A.1.a.2,Written Comprehension,IM,4.12,8,0.125,3.88,4.37,N,,08/2021,Analyst
31-9094.00,1.A.1.a.2,Written Comprehension,LV,4.12,8,0.125,3.88,4.37,N,N,08/2021,Analyst
31-9094.00,1.A.1.a.3,Oral Expression,IM,3.75,8,0.1637,3.4292,4.0708,N,,08/2021,Analyst
31-9094.00,1.A.1.a.3,Oral Expression,LV,4.0,8,0.0,4.0,4.0,N,N,08/2021,Analyst
31-9094.00,1.A.1.a.4,Written Expression,IM,3.88,8,0.125,3.63,4.12,N,,08/2021,Analyst
31-9094.00,1.A.1.a.4,Written Expression,LV,4.12,8,0.125,3.88,4.37,N,N,08/2021,Analyst
31-9094.00,1.A.1.b.1,Fluency of Ideas,IM,1.88,8,0.125,1.63,2.12,N,,08/2021,Analyst
31-9094.00,1.A.1.b.1,Fluency of Ideas,LV,1.75,8,0.25,1.26,2.24,N,N,08/2021,Analyst
31-9094.00,1.A.1.b.2,Originality,IM,1.88,8,0.125,1.63,2.12,N,,08/2021,Analyst
31-9094.00,1.A.1.b.2,Originality,LV,1.5,8,0.2673,0.9762,2.0238,N,N,08/2021,Analyst
31-9094.00,1.A.1.b.3,Problem Sensitivity,IM,3.0,8,0.0,3.0,3.0,N,,08/2021,Analyst
31-9094.00,1.A.1.b.3,Problem Sensitivity,LV,3.0,8,0.0,3.0,3.0,N,N,08/2021,Analyst
31-9094.00,1.A.1.b.4,Deductive Reasoning,IM,3.0,8,0.0,3.0,3.0,N,,08/2021,Analyst
31-9094.00,1.A.1.b.4,Deductive Reasoning,LV,3.0,8,0.0,3.0,3.0,N,N,08/2021,Analyst
31-9094.00,1.A.1.b.5,Inductive Reasoning,IM,3.0,8,0.0,3.0,3.0,N,,08/2021,Analyst
31-9094.00,1.A.1.b.5,Inductive Reasoning,LV,3.0,8,0.0,3.0,3.0,N,N,08/2021,Analyst
31-9094.00,1.A.1.b.6,Information Ordering,IM,3.25,8,0.1637,2.9292,3.5708,N,,08/2021,Analyst
31-9094.00,1.A.1.b.6,Information Ordering,LV,3.0,8,0.0,3.0,3.0,N,N,08/2021,Analyst
31-9094.00,1.A.1.b.7,Category Flexibility,IM,3.12,8,0.125,2.88,3.37,N,,08/2021,Analyst
31-9094.00,1.A.1.b.7,Category Flexibility,LV,3.0,8,0.0,3.0,3.0,N,N,08/2021,Analyst
31-9094.00,1.A.1.c.1,Mathematical Reasoning,IM,1.88,8,0.125,1.63,2.12,N,,08/2021,Analyst
31-9094.00,1.A.1.c.1,Mathematical Reasoning,LV,1.5,8,0.2673,0.9762,2.0238,N,N,08/2021,Analyst
31-9094.00,1.A.1.c.2,Number Facility,IM,2.0,8,0.0,2.0,2.0,N,,08/2021,Analyst
31-9094.00,1.A.1.c.2,Number Facility,LV,1.62,8,0.183,1.2664,1.9836,N,N,08/2021,Analyst
31-9094.00,1.A.1.d.1,Memorization,IM,2.12,8,0.125,1.88,2.37,N,,08/2021,Analyst
31-9094.00,1.A.1.d.1,Memorization,LV,2.0,8,0.0,2.0,2.0,N,N,08/2021,Analyst
31-9094.00,1.A.1.e.1,Speed of Closure,IM,2.25,8,0.1637,1.9292,2.5708,N,,08/2021,Analyst
31-9094.00,1.A.1.e.1,Speed of Closure,LV,2.12,8,0.125,1.88,2.37,N,N,08/2021,Analyst
31-9094.00,1.A.1.e.2,Flexibility of Closure,IM,2.88,8,0.125,2.63,3.12,N,,08/2021,Analyst
31-9094.00,1.A.1.e.2,Flexibility of Closure,LV,2.88,8,0.125,2.63,3.12,N,N,08/2021,Analyst
31-9094.00,1.A.1.e.3,Perceptual Speed,IM,3.0,8,0.0,3.0,3.0,N,,08/2021,Analyst
31-9094.00,1.A.1.e.3,Perceptual Speed,LV,2.88,8,0.125,2.63,3.12,N,N,08/2021,Analyst
31-9094.00,1.A.1.f.1,Spatial Orientation,IM,1.0,8,0.0,1.0,1.0,N,,08/2021,Analyst
31-9094.00,1.A.1.f.1,Spatial Orientation,LV,0.0,8,0.0,0.0,0.0,N,Y,08/2021,Analyst
31-9094.00,1.A.1.f.2,Visualization,IM,1.75,8,0.1637,1.4292,2.0708,N,,08/2021,Analyst
31-9094.00,1.A.1.f.2,Visualization,LV,1.12,8,0.295,0.5467,1.7033,N,N,08/2021,Analyst
31-9094.00,1.A.1.g.1,Selective Attention,IM,3.12,8,0.125,2.88,3.37,N,,08/2021,Analyst
31-9094.00,1.A.1.g.1,Selective Attention,LV,3.12,8,0.125,2.88,3.37,N,N,08/2021,Analyst
31-9094.00,1.A.1.g.2,Time Sharing,IM,2.12,8,0.125,1.88,2.37,N,,08/2021,Analyst
31-9094.00,1.A.1.g.2,Time Sharing,LV,2.0,8,0.0,2.0,2.0,N,N,08/2021,Analyst
31-9094.00,1.A.2.a.1,Arm-Hand Steadiness,IM,2.25,8,0.1637,1.9292,2.5708,N,,08/2021,Analyst
31-9094.00,1.A.2.a.1,Arm-Hand Steadiness,LV,2.12,8,0.125,1.88,2.37,N,N,08/2021,Analyst
31-9094.00,1.A.2.a.2,Manual Dexterity,IM,2.62,8,0.183,2.2664,2.9836,N,,08/2021,Analyst
31-9094.00,1.A.2.a.2,Manual Dexterity,LV,2.25,8,0.1637,1.9292,2.5708,N,N,08/2021,Analyst
31-9094.00,1.A.2.a.3,Finger Dexterity,IM,3.0,8,0.0,3.0,3.0,N,,08/2021,Analyst
31-9094.00,1.A.2.a.3,Finger Dexterity,LV,3.12,8,0.125,2.88,3.37,N,N,08/2021,Analyst
31-9094.00,1.A.2.b.1,Control Precision,IM,2.12,8,0.125,1.88,2.37,N,,08/2021,Analyst
31-9094.00,1.A.2.b.1,Control Precision,LV,2.12,8,0.125,1.88,2.37,N,N,08/2021,Analyst
31-9094.00,1.A.2.b.2,Multilimb Coordination,IM,1.12,8,0.125,1.0,1.37,N,,08/2021,Analyst
31-9094.00,1.A.2.b.2,Multilimb Coordination,LV,0.12,8,0.125,0.0,0.37,N,Y,08/2021,Analyst
31-9094.00,1.A.2.b.3,Response Orientation,IM,1.0,8,0.0,1.0,1.0,N,,08/2021,Analyst
31-9094.00,1.A.2.b.3,Response Orientation,LV,0.0,8,0.0,0.0,0.0,N,Y,08/2021,Analyst
31-9094.00,1.A.2.b.4,Rate Control,IM,1.0,8,0.0,1.0,1.0,N,,08/2021,Analyst
31-9094.00,1.A.2.b.4,Rate Control,LV,0.0,8,0.0,0.0,0.0,N,Y,08/2021,Analyst
31-9094.00,1.A.2.c.1,Reaction Time,IM,1.0,8,0.0,1.0,1.0,N,,08/2021,Analyst
31-9094.00,1.A.2.c.1,Reaction Time,LV,0.0,8,0.0,0.0,0.0,N,Y,08/2021,Analyst
31-9094.00,1.A.2.c.2,Wrist-Finger Speed,IM,2.0,8,0.2673,1.4762,2.5238,N,,08/2021,Analyst
31-9094.00,1.A.2.c.2,Wrist-Finger Speed,LV,1.75,8,0.4532,0.8618,2.6382,N,N,08/2021,Analyst
31-9094.00,1.A.2.c.3,Speed of Limb Movement,IM,1.0,8,0.0,1.0,1.0,N,,08/2021,Analyst
31-9094.00,1.A.2.c.3,Speed of Limb Movement,LV,0.0,8,0.0,0.0,0.0,N,Y,08/2021,Analyst
31-9094.00,1.A.3.a.1,Static Strength,IM,1.0,8,0.0,1.0,1.0,N,,08/2021,Analyst
31-9094.00,1.A.3.a.1,Static Strength,LV,0.0,8,0.0,0.0,0.0,N,Y,08/2021,Analyst
31-9094.00,1.A.3.a.2,Explosive Strength,IM,1.0,8,0.0,1.0,1.0,N,,08/2021,Analyst
31-9094.00,1.A.3.a.2,Explosive Strength,LV,0.0,8,0.0,0.0,0.0,N,Y,08/2021,Analyst
31-9094.00,1.A.3.a.3,Dynamic Strength,IM,1.25,8,0.1637,1.0,1.5708,N,,08/2021,Analyst
31-9094.00,1.A.3.a.3,Dynamic Strength,LV,0.25,8,0.1637,0.0,0.5708,N,Y,08/2021,Analyst
31-9094.00,1.A.3.a.4,Trunk Strength,IM,1.5,8,0.189,1.1296,1.8704,N,,08/2021,Analyst
31-9094.00,1.A.3.a.4,Trunk Strength,LV,1.0,8,0.378,0.2592,1.7408,N,N,08/2021,Analyst
31-9094.00,1.A.3.b.1,Stamina,IM,1.25,8,0.1637,1.0,1.5708,N,,08/2021,Analyst
31-9094.00,1.A.3.b.1,Stamina,LV,0.25,8,0.1637,0.0,0.5708,N,Y,08/2021,Analyst
31-9094.00,1.A.3.c.1,Extent Flexibility,IM,1.0,8,0.0,1.0,1.0,N,,08/2021,Analyst
31-9094.00,1.A.3.c.1,Extent Flexibility,LV,0.0,8,0.0,0.0,0.0,N,Y,08/2021,Analyst
31-9094.00,1.A.3.c.2,Dynamic Flexibility,IM,1.0,8,0.0,1.0,1.0,N,,08/2021,Analyst
31-9094.00,1.A.3.c.2,Dynamic Flexibility,LV,0.0,8,0.0,0.0,0.0,N,Y,08/2021,Analyst
31-9094.00,1.A.3.c.3,Gross Body Coordination,IM,1.12,8,0.125,1.0,1.37,N,,08/2021,Analyst
31-9094.00,1.A.3.c.3,Gross Body Coordination,LV,0.12,8,0.125,0.0,0.37,N,Y,08/2021,Analyst
31-9094.00,1.A.3.c.4,Gross Body Equilibrium,IM,1.12,8,0.125,1.0,1.37,N,,08/2021,Analyst
31-9094.00,1.A.3.c.4,Gross Body Equilibrium,LV,0.12,8,0.125,0.0,0.37,N,Y,08/2021,Analyst
31-9094.00,1.A.4.a.1,Near Vision,IM,3.88,8,0.125,3.63,4.12,N,,08/2021,Analyst
31-9094.00,1.A.4.a.1,Near Vision,LV,3.88,8,0.125,3.63,4.12,N,N,08/2021,Analyst
31-9094.00,1.A.4.a.2,Far Vision,IM,2.25,8,0.1637,1.9292,2.5708,N,,08/2021,Analyst
31-9094.00,1.A.4.a.2,Far Vision,LV,2.12,8,0.125,1.88,2.37,N,N,08/2021,Analyst
31-9094.00,1.A.4.a.3,Visual Color Discrimination,IM,1.75,8,0.1637,1.4292,2.0708,N,,08/2021,Analyst
31-9094.00,1.A.4.a.3,Visual Color Discrimination,LV,1.12,8,0.295,0.5467,1.7033,N,N,08/2021,Analyst
31-9094.00,1.A.4.a.4,Night Vision,IM,1.0,8,0.0,1.0,1.0,N,,08/2021,Analyst
31-9094.00,1.A.4.a.4,Night Vision,LV,0.0,8,0.0,0.0,0.0,N,Y,08/2021,Analyst
31-9094.00,1.A.4.a.5,Peripheral Vision,IM,1.0,8,0.0,1.0,1.0,N,,08/2021,Analyst
31-9094.00,1.A.4.a.5,Peripheral Vision,LV,0.0,8,0.0,0.0,0.0,N,Y,08/2021,Analyst
31-9094.00,1.A.4.a.6,Depth Perception,IM,1.0,8,0.0,1.0,1.0,N,,08/2021,Analyst
31-9094.00,1.A.4.a.6,Depth Perception,LV,0.0,8,0.0,0.0,0.0,N,Y,08/2021,Analyst
31-9094.00,1.A.4.a.7,Glare Sensitivity,IM,1.0,8,0.0,1.0,1.0,N,,08/2021,Analyst
31-9094.00,1.A.4.a.7,Glare Sensitivity,LV,0.0,8,0.0,0.0,0.0,N,Y,08/2021,Analyst
31-9094.00,1.A.4.b.1,Hearing Sensitivity,IM,1.88,8,0.125,1.63,2.12,N,,08/2021,Analyst
31-9094.00,1.A.4.b.1,Hearing Sensitivity,LV,1.5,8,0.2673,0.9762,2.0238,N,N,08/2021,Analyst
31-9094.00,1.A.4.b.2,Auditory Attention,IM,2.25,8,0.1637,1.9292,2.5708,N,,08/2021,Analyst
31-9094.00,1.A.4.b.2,Auditory Attention,LV,2.12,8,0.125,1.88,2.37,N,N,08/2021,Analyst
31-9094.00,1.A.4.b.3,Sound Localization,IM,1.0,8,0.0,1.0,1.0,N,,08/2021,Analyst
31-9094.00,1.A.4.b.3,Sound Localization,LV,0.0,8,0.0,0.0,0.0,N,Y,08/2021,Analyst
31-9094.00,1.A.4.b.4,Speech Recognition,IM,4.0,8,0.0,4.0,4.0,N,,08/2021,Analyst
31-9094.00,1.A.4.b.4,Speech Recognition,LV,4.25,8,0.1637,3.9292,4.5708,N,N,08/2021,Analyst
31-9094.00,1.A.4.b.5,Speech Clarity,IM,3.0,8,0.0,3.0,3.0,N,,08/2021,Analyst
31-9094.00,1.A.4.b.5,Speech Clarity,LV,2.88,8,0.125,2.63,3.12,N,N,08/2021,Analyst
31-9095.00,1.A.1.a.1,Oral Comprehension,IM,4.0,8,0.0,4.0,4.0,N,,07/2014,Analyst
31-9095.00,1.A.1.a.1,Oral Comprehension,LV,4.0,8,0.0,4.0,4.0,N,N,07/2014,Analyst
31-9095.00,1.A.1.a.2,Written Comprehension,IM,3.25,8,0.1637,2.9292,3.5708,N,,07/2014,Analyst
31-9095.00,1.A.1.a.2,Written Comprehension,LV,3.12,8,0.125,2.88,3.37,N,N,07/2014,Analyst
31-9095.00,1.A.1.a.3,Oral Expression,IM,3.5,8,0.189,3.1296,3.8704,N,,07/2014,Analyst
31-9095.00,1.A.1.a.3,Oral Expression,LV,3.5,8,0.189,3.1296,3.8704,N,N,07/2014,Analyst
31-9095.00,1.A.1.a.4,Written Expression,IM,3.0,8,0.0,3.0,3.0,N,,07/2014,Analyst
31-9095.00,1.A.1.a.4,Written Expression,LV,2.75,8,0.1637,2.4292,3.0708,N,N,07/2014,Analyst
31-9095.00,1.A.1.b.1,Fluency of Ideas,IM,1.88,8,0.125,1.63,2.12,N,,07/2014,Analyst
31-9095.00,1.A.1.b.1,Fluency of Ideas,LV,1.75,8,0.25,1.26,2.24,N,N,07/2014,Analyst
31-9095.00,1.A.1.b.2,Originality,IM,1.88,8,0.125,1.63,2.12,N,,07/2014,Analyst
31-9095.00,1.A.1.b.2,Originality,LV,1.5,8,0.2673,0.9762,2.0238,N,N,07/2014,Analyst
31-9095.00,1.A.1.b.3,Problem Sensitivity,IM,3.25,8,0.1637,2.9292,3.5708,N,,07/2014,Analyst
31-9095.00,1.A.1.b.3,Problem Sensitivity,LV,3.0,8,0.0,3.0,3.0,N,N,07/2014,Analyst
31-9095.00,1.A.1.b.4,Deductive Reasoning,IM,3.0,8,0.0,3.0,3.0,N,,07/2014,Analyst
31-9095.00,1.A.1.b.4,Deductive Reasoning,LV,3.0,8,0.0,3.0,3.0,N,N,07/2014,Analyst
31-9095.00,1.A.1.b.5,Inductive Reasoning,IM,2.75,8,0.1637,2.4292,3.0708,N,,07/2014,Analyst
31-9095.00,1.A.1.b.5,Inductive Reasoning,LV,2.75,8,0.1637,2.4292,3.0708,N,N,07/2014,Analyst
31-9095.00,1.A.1.b.6,Information Ordering,IM,3.12,8,0.125,2.88,3.37,N,,07/2014,Analyst
31-9095.00,1.A.1.b.6,Information Ordering,LV,2.75,8,0.1637,2.4292,3.0708,N,N,07/2014,Analyst
31-9095.00,1.A.1.b.7,Category Flexibility,IM,3.0,8,0.0,3.0,3.0,N,,07/2014,Analyst
31-9095.00,1.A.1.b.7,Category Flexibility,LV,2.75,8,0.1637,2.4292,3.0708,N,N,07/2014,Analyst
31-9095.00,1.A.1.c.1,Mathematical Reasoning,IM,2.88,8,0.125,2.63,3.12,N,,07/2014,Analyst
31-9095.00,1.A.1.c.1,Mathematical Reasoning,LV,2.25,8,0.25,1.76,2.74,N,N,07/2014,Analyst
31-9095.00,1.A.1.c.2,Number Facility,IM,2.62,8,0.183,2.2664,2.9836,N,,07/2014,Analyst
31-9095.00,1.A.1.c.2,Number Facility,LV,2.25,8,0.1637,1.9292,2.5708,N,N,07/2014,Analyst
31-9095.00,1.A.1.d.1,Memorization,IM,2.0,8,0.0,2.0,2.0,N,,07/2014,Analyst
31-9095.00,1.A.1.d.1,Memorization,LV,1.88,8,0.125,1.63,2.12,N,N,07/2014,Analyst
31-9095.00,1.A.1.e.1,Speed of Closure,IM,1.88,8,0.125,1.63,2.12,N,,07/2014,Analyst
31-9095.00,1.A.1.e.1,Speed of Closure,LV,1.75,8,0.25,1.26,2.24,N,N,07/2014,Analyst
31-9095.00,1.A.1.e.2,Flexibility of Closure,IM,2.38,8,0.183,2.0164,2.7336,N,,07/2014,Analyst
31-9095.00,1.A.1.e.2,Flexibility of Closure,LV,2.12,8,0.2266,1.6809,2.5691,N,N,07/2014,Analyst
31-9095.00,1.A.1.e.3,Perceptual Speed,IM,2.88,8,0.2266,2.4309,3.3191,N,,07/2014,Analyst
31-9095.00,1.A.1.e.3,Perceptual Speed,LV,2.62,8,0.183,2.2664,2.9836,N,N,07/2014,Analyst
31-9095.00,1.A.1.f.1,Spatial Orientation,IM,1.38,8,0.183,1.0164,1.7336,N,,07/2014,Analyst
31-9095.00,1.A.1.f.1,Spatial Orientation,LV,0.38,8,0.183,0.0164,0.7336,N,N,07/2014,Analyst
31-9095.00,1.A.1.f.2,Visualization,IM,2.12,8,0.125,1.88,2.37,N,,07/2014,Analyst
31-9095.00,1.A.1.f.2,Visualization,LV,2.12,8,0.125,1.88,2.37,N,N,07/2014,Analyst
31-9095.00,1.A.1.g.1,Selective Attention,IM,2.62,8,0.183,2.2664,2.9836,N,,07/2014,Analyst
31-9095.00,1.A.1.g.1,Selective Attention,LV,2.25,8,0.1637,1.9292,2.5708,N,N,07/2014,Analyst
31-9095.00,1.A.1.g.2,Time Sharing,IM,2.62,8,0.183,2.2664,2.9836,N,,07/2014,Analyst
31-9095.00,1.A.1.g.2,Time Sharing,LV,2.12,8,0.125,1.88,2.37,N,N,07/2014,Analyst
31-9095.00,1.A.2.a.1,Arm-Hand Steadiness,IM,2.5,8,0.189,2.1296,2.8704,N,,07/2014,Analyst
31-9095.00,1.A.2.a.1,Arm-Hand Steadiness,LV,2.25,8,0.1637,1.9292,2.5708,N,N,07/2014,Analyst
31-9095.00,1.A.2.a.2,Manual Dexterity,IM,2.38,8,0.183,2.0164,2.7336,N,,07/2014,Analyst
31-9095.00,1.A.2.a.2,Manual Dexterity,LV,2.12,8,0.125,1.88,2.37,N,N,07/2014,Analyst
31-9095.00,1.A.2.a.3,Finger Dexterity,IM,3.0,8,0.0,3.0,3.0,N,,07/2014,Analyst
31-9095.00,1.A.2.a.3,Finger Dexterity,LV,2.88,8,0.125,2.63,3.12,N,N,07/2014,Analyst
31-9095.00,1.A.2.b.1,Control Precision,IM,1.88,8,0.125,1.63,2.12,N,,07/2014,Analyst
31-9095.00,1.A.2.b.1,Control Precision,LV,1.38,8,0.3239,0.7402,2.0098,N,N,07/2014,Analyst
31-9095.00,1.A.2.b.2,Multilimb Coordination,IM,2.25,8,0.1637,1.9292,2.5708,N,,07/2014,Analyst
31-9095.00,1.A.2.b.2,Multilimb Coordination,LV,2.12,8,0.125,1.88,2.37,N,N,07/2014,Analyst
31-9095.00,1.A.2.b.3,Response Orientation,IM,1.62,8,0.183,1.2664,1.9836,N,,07/2014,Analyst
31-9095.00,1.A.2.b.3,Response Orientation,LV,1.0,8,0.3273,0.3584,1.6416,N,N,07/2014,Analyst
31-9095.00,1.A.2.b.4,Rate Control,IM,1.5,8,0.189,1.1296,1.8704,N,,07/2014,Analyst
31-9095.00,1.A.2.b.4,Rate Control,LV,0.5,8,0.189,0.1296,0.8704,N,N,07/2014,Analyst
31-9095.00,1.A.2.c.1,Reaction Time,IM,1.62,8,0.183,1.2664,1.9836,N,,07/2014,Analyst
31-9095.00,1.A.2.c.1,Reaction Time,LV,0.62,8,0.183,0.2664,0.9836,N,N,07/2014,Analyst
31-9095.00,1.A.2.c.2,Wrist-Finger Speed,IM,1.75,8,0.1637,1.4292,2.0708,N,,07/2014,Analyst
31-9095.00,1.A.2.c.2,Wrist-Finger Speed,LV,0.88,8,0.2266,0.4309,1.3191,N,N,07/2014,Analyst
31-9095.00,1.A.2.c.3,Speed of Limb Movement,IM,1.25,8,0.1637,1.0,1.5708,N,,07/2014,Analyst
31-9095.00,1.A.2.c.3,Speed of Limb Movement,LV,0.25,8,0.1637,0.0,0.5708,N,Y,07/2014,Analyst
31-9095.00,1.A.3.a.1,Static Strength,IM,2.12,8,0.125,1.88,2.37,N,,07/2014,Analyst
31-9095.00,1.A.3.a.1,Static Strength,LV,2.0,8,0.189,1.6296,2.3704,N,N,07/2014,Analyst
31-9095.00,1.A.3.a.2,Explosive Strength,IM,1.0,8,0.0,1.0,1.0,N,,07/2014,Analyst
31-9095.00,1.A.3.a.2,Explosive Strength,LV,0.0,8,0.0,0.0,0.0,N,Y,07/2014,Analyst
31-9095.00,1.A.3.a.3,Dynamic Strength,IM,2.12,8,0.125,1.88,2.37,N,,07/2014,Analyst
31-9095.00,1.A.3.a.3,Dynamic Strength,LV,1.25,8,0.25,0.76,1.74,N,N,07/2014,Analyst
31-9095.00,1.A.3.a.4,Trunk Strength,IM,2.75,8,0.25,2.26,3.24,N,,07/2014,Analyst
31-9095.00,1.A.3.a.4,Trunk Strength,LV,2.75,8,0.1637,2.4292,3.0708,N,N,07/2014,Analyst
31-9095.00,1.A.3.b.1,Stamina,IM,2.12,8,0.125,1.88,2.37,N,,07/2014,Analyst
31-9095.00,1.A.3.b.1,Stamina,LV,1.38,8,0.183,1.0164,1.7336,N,N,07/2014,Analyst
31-9095.00,1.A.3.c.1,Extent Flexibility,IM,2.12,8,0.125,1.88,2.37,N,,07/2014,Analyst
31-9095.00,1.A.3.c.1,Extent Flexibility,LV,2.38,8,0.183,2.0164,2.7336,N,N,07/2014,Analyst
31-9095.00,1.A.3.c.2,Dynamic Flexibility,IM,1.38,8,0.183,1.0164,1.7336,N,,07/2014,Analyst
31-9095.00,1.A.3.c.2,Dynamic Flexibility,LV,0.38,8,0.183,0.0164,0.7336,N,N,07/2014,Analyst
31-9095.00,1.A.3.c.3,Gross Body Coordination,IM,1.88,8,0.125,1.63,2.12,N,,07/2014,Analyst
31-9095.00,1.A.3.c.3,Gross Body Coordination,LV,1.12,8,0.2266,0.6809,1.5691,N,N,07/2014,Analyst
31-9095.00,1.A.3.c.4,Gross Body Equilibrium,IM,1.62,8,0.183,1.2664,1.9836,N,,07/2014,Analyst
31-9095.00,1.A.3.c.4,Gross Body Equilibrium,LV,0.75,8,0.25,0.26,1.24,N,N,07/2014,Analyst
31-9095.00,1.A.4.a.1,Near Vision,IM,3.38,8,0.183,3.0164,3.7336,N,,07/2014,Analyst
31-9095.00,1.A.4.a.1,Near Vision,LV,3.62,8,0.183,3.2664,3.9836,N,N,07/2014,Analyst
31-9095.00,1.A.4.a.2,Far Vision,IM,2.88,8,0.125,2.63,3.12,N,,07/2014,Analyst
31-9095.00,1.A.4.a.2,Far Vision,LV,2.75,8,0.1637,2.4292,3.0708,N,N,07/2014,Analyst
31-9095.00,1.A.4.a.3,Visual Color Discrimination,IM,2.75,8,0.1637,2.4292,3.0708,N,,07/2014,Analyst
31-9095.00,1.A.4.a.3,Visual Color Discrimination,LV,2.5,8,0.189,2.1296,2.8704,N,N,07/2014,Analyst
31-9095.00,1.A.4.a.4,Night Vision,IM,1.0,8,0.0,1.0,1.0,N,,07/2014,Analyst
31-9095.00,1.A.4.a.4,Night Vision,LV,0.0,8,0.0,0.0,0.0,N,Y,07/2014,Analyst
31-9095.00,1.A.4.a.5,Peripheral Vision,IM,1.0,8,0.0,1.0,1.0,N,,07/2014,Analyst
31-9095.00,1.A.4.a.5,Peripheral Vision,LV,0.0,8,0.0,0.0,0.0,N,Y,07/2014,Analyst
31-9095.00,1.A.4.a.6,Depth Perception,IM,2.0,8,0.0,2.0,2.0,N,,07/2014,Analyst
31-9095.00,1.A.4.a.6,Depth Perception,LV,1.25,8,0.1637,0.9292,1.5708,N,N,07/2014,Analyst
31-9095.00,1.A.4.a.7,Glare Sensitivity,IM,1.0,8,0.0,1.0,1.0,N,,07/2014,Analyst
31-9095.00,1.A.4.a.7,Glare Sensitivity,LV,0.0,8,0.0,0.0,0.0,N,Y,07/2014,Analyst
31-9095.00,1.A.4.b.1,Hearing Sensitivity,IM,1.75,8,0.1637,1.4292,2.0708,N,,07/2014,Analyst
31-9095.00,1.A.4.b.1,Hearing Sensitivity,LV,1.0,8,0.2673,0.4762,1.5238,N,N,07/2014,Analyst
31-9095.00,1.A.4.b.2,Auditory Attention,IM,2.0,8,0.0,2.0,2.0,N,,07/2014,Analyst
31-9095.00,1.A.4.b.2,Auditory Attention,LV,1.38,8,0.183,1.0164,1.7336,N,N,07/2014,Analyst
31-9095.00,1.A.4.b.3,Sound Localization,IM,1.0,8,0.0,1.0,1.0,N,,07/2014,Analyst
31-9095.00,1.A.4.b.3,Sound Localization,LV,0.0,8,0.0,0.0,0.0,N,Y,07/2014,Analyst
31-9095.00,1.A.4.b.4,Speech Recognition,IM,3.38,8,0.183,3.0164,3.7336,N,,07/2014,Analyst
31-9095.00,1.A.4.b.4,Speech Recognition,LV,3.38,8,0.183,3.0164,3.7336,N,N,07/2014,Analyst
31-9095.00,1.A.4.b.5,Speech Clarity,IM,3.5,8,0.189,3.1296,3.8704,N,,07/2014,Analyst
31-9095.00,1.A.4.b.5,Speech Clarity,LV,3.0,8,0.0,3.0,3.0,N,N,07/2014,Analyst
31-9096.00,1.A.1.a.1,Oral Comprehension,IM,3.38,8,0.183,3.0164,3.7336,N,,08/2020,Analyst
31-9096.00,1.A.1.a.1,Oral Comprehension,LV,3.75,8,0.1637,3.4292,4.0708,N,N,08/2020,Analyst
31-9096.00,1.A.1.a.2,Written Comprehension,IM,3.0,8,0.0,3.0,3.0,N,,08/2020,Analyst
31-9096.00,1.A.1.a.2,Written Comprehension,LV,3.0,8,0.0,3.0,3.0,N,N,08/2020,Analyst
31-9096.00,1.A.1.a.3,Oral Expression,IM,3.38,8,0.183,3.0164,3.7336,N,,08/2020,Analyst
31-9096.00,1.A.1.a.3,Oral Expression,LV,3.0,8,0.0,3.0,3.0,N,N,08/2020,Analyst
31-9096.00,1.A.1.a.4,Written Expression,IM,3.25,8,0.1637,2.9292,3.5708,N,,08/2020,Analyst
31-9096.00,1.A.1.a.4,Written Expression,LV,3.0,8,0.0,3.0,3.0,N,N,08/2020,Analyst
31-9096.00,1.A.1.b.1,Fluency of Ideas,IM,2.25,8,0.1637,1.9292,2.5708,N,,08/2020,Analyst
31-9096.00,1.A.1.b.1,Fluency of Ideas,LV,2.25,8,0.1637,1.9292,2.5708,N,N,08/2020,Analyst
31-9096.00,1.A.1.b.2,Originality,IM,2.25,8,0.1637,1.9292,2.5708,N,,08/2020,Analyst
31-9096.00,1.A.1.b.2,Originality,LV,2.0,8,0.0,2.0,2.0,N,N,08/2020,Analyst
31-9096.00,1.A.1.b.3,Problem Sensitivity,IM,3.25,8,0.1637,2.9292,3.5708,N,,08/2020,Analyst
31-9096.00,1.A.1.b.3,Problem Sensitivity,LV,3.75,8,0.1637,3.4292,4.0708,N,N,08/2020,Analyst
31-9096.00,1.A.1.b.4,Deductive Reasoning,IM,3.12,8,0.125,2.88,3.37,N,,08/2020,Analyst
31-9096.00,1.A.1.b.4,Deductive Reasoning,LV,3.0,8,0.0,3.0,3.0,N,N,08/2020,Analyst
31-9096.00,1.A.1.b.5,Inductive Reasoning,IM,3.0,8,0.0,3.0,3.0,N,,08/2020,Analyst
31-9096.00,1.A.1.b.5,Inductive Reasoning,LV,3.0,8,0.0,3.0,3.0,N,N,08/2020,Analyst
31-9096.00,1.A.1.b.6,Information Ordering,IM,3.25,8,0.1637,2.9292,3.5708,N,,08/2020,Analyst
31-9096.00,1.A.1.b.6,Information Ordering,LV,3.0,8,0.0,3.0,3.0,N,N,08/2020,Analyst
31-9096.00,1.A.1.b.7,Category Flexibility,IM,2.88,8,0.125,2.63,3.12,N,,08/2020,Analyst
31-9096.00,1.A.1.b.7,Category Flexibility,LV,3.0,8,0.0,3.0,3.0,N,N,08/2020,Analyst
31-9096.00,1.A.1.c.1,Mathematical Reasoning,IM,2.75,8,0.1637,2.4292,3.0708,N,,08/2020,Analyst
31-9096.00,1.A.1.c.1,Mathematical Reasoning,LV,2.12,8,0.125,1.88,2.37,N,N,08/2020,Analyst
31-9096.00,1.A.1.c.2,Number Facility,IM,2.75,8,0.1637,2.4292,3.0708,N,,08/2020,Analyst
31-9096.00,1.A.1.c.2,Number Facility,LV,2.12,8,0.125,1.88,2.37,N,N,08/2020,Analyst
31-9096.00,1.A.1.d.1,Memorization,IM,2.12,8,0.125,1.88,2.37,N,,08/2020,Analyst
31-9096.00,1.A.1.d.1,Memorization,LV,2.0,8,0.0,2.0,2.0,N,N,08/2020,Analyst
31-9096.00,1.A.1.e.1,Speed of Closure,IM,2.0,8,0.0,2.0,2.0,N,,08/2020,Analyst
31-9096.00,1.A.1.e.1,Speed of Closure,LV,2.12,8,0.125,1.88,2.37,N,N,08/2020,Analyst
31-9096.00,1.A.1.e.2,Flexibility of Closure,IM,3.0,8,0.0,3.0,3.0,N,,08/2020,Analyst
31-9096.00,1.A.1.e.2,Flexibility of Closure,LV,2.88,8,0.125,2.63,3.12,N,N,08/2020,Analyst
31-9096.00,1.A.1.e.3,Perceptual Speed,IM,2.5,8,0.189,2.1296,2.8704,N,,08/2020,Analyst
31-9096.00,1.A.1.e.3,Perceptual Speed,LV,2.88,8,0.125,2.63,3.12,N,N,08/2020,Analyst
31-9096.00,1.A.1.f.1,Spatial Orientation,IM,1.0,8,0.0,1.0,1.0,N,,08/2020,Analyst
31-9096.00,1.A.1.f.1,Spatial Orientation,LV,0.0,8,0.0,0.0,0.0,N,Y,08/2020,Analyst
31-9096.00,1.A.1.f.2,Visualization,IM,2.25,8,0.1637,1.9292,2.5708,N,,08/2020,Analyst
31-9096.00,1.A.1.f.2,Visualization,LV,2.12,8,0.125,1.88,2.37,N,N,08/2020,Analyst
31-9096.00,1.A.1.g.1,Selective Attention,IM,3.0,8,0.0,3.0,3.0,N,,08/2020,Analyst
31-9096.00,1.A.1.g.1,Selective Attention,LV,2.62,8,0.2631,2.1094,3.1406,N,N,08/2020,Analyst
31-9096.00,1.A.1.g.2,Time Sharing,IM,2.5,8,0.189,2.1296,2.8704,N,,08/2020,Analyst
31-9096.00,1.A.1.g.2,Time Sharing,LV,2.0,8,0.0,2.0,2.0,N,N,08/2020,Analyst
31-9096.00,1.A.2.a.1,Arm-Hand Steadiness,IM,3.0,8,0.0,3.0,3.0,N,,08/2020,Analyst
31-9096.00,1.A.2.a.1,Arm-Hand Steadiness,LV,3.0,8,0.0,3.0,3.0,N,N,08/2020,Analyst
31-9096.00,1.A.2.a.2,Manual Dexterity,IM,3.12,8,0.125,2.88,3.37,N,,08/2020,Analyst
31-9096.00,1.A.2.a.2,Manual Dexterity,LV,2.88,8,0.125,2.63,3.12,N,N,08/2020,Analyst
31-9096.00,1.A.2.a.3,Finger Dexterity,IM,3.0,8,0.0,3.0,3.0,N,,08/2020,Analyst
31-9096.00,1.A.2.a.3,Finger Dexterity,LV,3.0,8,0.0,3.0,3.0,N,N,08/2020,Analyst
31-9096.00,1.A.2.b.1,Control Precision,IM,2.25,8,0.1637,1.9292,2.5708,N,,08/2020,Analyst
31-9096.00,1.A.2.b.1,Control Precision,LV,2.25,8,0.1637,1.9292,2.5708,N,N,08/2020,Analyst
31-9096.00,1.A.2.b.2,Multilimb Coordination,IM,3.0,8,0.0,3.0,3.0,N,,08/2020,Analyst
31-9096.00,1.A.2.b.2,Multilimb Coordination,LV,2.88,8,0.125,2.63,3.12,N,N,08/2020,Analyst
31-9096.00,1.A.2.b.3,Response Orientation,IM,1.75,8,0.1637,1.4292,2.0708,N,,08/2020,Analyst
31-9096.00,1.A.2.b.3,Response Orientation,LV,1.38,8,0.3239,0.7402,2.0098,N,N,08/2020,Analyst
31-9096.00,1.A.2.b.4,Rate Control,IM,2.0,8,0.0,2.0,2.0,N,,08/2020,Analyst
31-9096.00,1.A.2.b.4,Rate Control,LV,1.25,8,0.1637,0.9292,1.5708,N,N,08/2020,Analyst
31-9096.00,1.A.2.c.1,Reaction Time,IM,2.0,8,0.0,2.0,2.0,N,,08/2020,Analyst
31-9096.00,1.A.2.c.1,Reaction Time,LV,2.0,8,0.0,2.0,2.0,N,N,08/2020,Analyst
31-9096.00,1.A.2.c.2,Wrist-Finger Speed,IM,2.0,8,0.0,2.0,2.0,N,,08/2020,Analyst
31-9096.00,1.A.2.c.2,Wrist-Finger Speed,LV,1.88,8,0.125,1.63,2.12,N,N,08/2020,Analyst
31-9096.00,1.A.2.c.3,Speed of Limb Movement,IM,2.0,8,0.189,1.6296,2.3704,N,,08/2020,Analyst
31-9096.00,1.A.2.c.3,Speed of Limb Movement,LV,1.75,8,0.25,1.26,2.24,N,N,08/2020,Analyst
31-9096.00,1.A.3.a.1,Static Strength,IM,2.75,8,0.1637,2.4292,3.0708,N,,08/2020,Analyst
31-9096.00,1.A.3.a.1,Static Strength,LV,2.88,8,0.125,2.63,3.12,N,N,08/2020,Analyst
31-9096.00,1.A.3.a.2,Explosive Strength,IM,1.38,8,0.183,1.0164,1.7336,N,,08/2020,Analyst
31-9096.00,1.A.3.a.2,Explosive Strength,LV,0.5,8,0.2673,0.0,1.0238,N,N,08/2020,Analyst
31-9096.00,1.A.3.a.3,Dynamic Strength,IM,2.0,8,0.0,2.0,2.0,N,,08/2020,Analyst
31-9096.00,1.A.3.a.3,Dynamic Strength,LV,1.88,8,0.125,1.63,2.12,N,N,08/2020,Analyst
31-9096.00,1.A.3.a.4,Trunk Strength,IM,3.0,8,0.0,3.0,3.0,N,,08/2020,Analyst
31-9096.00,1.A.3.a.4,Trunk Strength,LV,3.0,8,0.0,3.0,3.0,N,N,08/2020,Analyst
31-9096.00,1.A.3.b.1,Stamina,IM,2.38,8,0.183,2.0164,2.7336,N,,08/2020,Analyst
31-9096.00,1.A.3.b.1,Stamina,LV,2.12,8,0.125,1.88,2.37,N,N,08/2020,Analyst
31-9096.00,1.A.3.c.1,Extent Flexibility,IM,3.0,8,0.0,3.0,3.0,N,,08/2020,Analyst
31-9096.00,1.A.3.c.1,Extent Flexibility,LV,3.0,8,0.0,3.0,3.0,N,N,08/2020,Analyst
31-9096.00,1.A.3.c.2,Dynamic Flexibility,IM,1.38,8,0.183,1.0164,1.7336,N,,08/2020,Analyst
31-9096.00,1.A.3.c.2,Dynamic Flexibility,LV,0.5,8,0.2673,0.0,1.0238,N,N,08/2020,Analyst
31-9096.00,1.A.3.c.3,Gross Body Coordination,IM,2.12,8,0.125,1.88,2.37,N,,08/2020,Analyst
31-9096.00,1.A.3.c.3,Gross Body Coordination,LV,2.12,8,0.125,1.88,2.37,N,N,08/2020,Analyst
31-9096.00,1.A.3.c.4,Gross Body Equilibrium,IM,2.0,8,0.0,2.0,2.0,N,,08/2020,Analyst
31-9096.00,1.A.3.c.4,Gross Body Equilibrium,LV,2.12,8,0.125,1.88,2.37,N,N,08/2020,Analyst
31-9096.00,1.A.4.a.1,Near Vision,IM,3.12,8,0.125,2.88,3.37,N,,08/2020,Analyst
31-9096.00,1.A.4.a.1,Near Vision,LV,3.25,8,0.1637,2.9292,3.5708,N,N,08/2020,Analyst
31-9096.00,1.A.4.a.2,Far Vision,IM,2.88,8,0.125,2.63,3.12,N,,08/2020,Analyst
31-9096.00,1.A.4.a.2,Far Vision,LV,3.0,8,0.0,3.0,3.0,N,N,08/2020,Analyst
31-9096.00,1.A.4.a.3,Visual Color Discrimination,IM,2.25,8,0.25,1.76,2.74,N,,08/2020,Analyst
31-9096.00,1.A.4.a.3,Visual Color Discrimination,LV,2.5,8,0.2673,1.9762,3.0238,N,N,08/2020,Analyst
31-9096.00,1.A.4.a.4,Night Vision,IM,1.0,8,0.0,1.0,1.0,N,,08/2020,Analyst
31-9096.00,1.A.4.a.4,Night Vision,LV,0.0,8,0.0,0.0,0.0,N,Y,08/2020,Analyst
31-9096.00,1.A.4.a.5,Peripheral Vision,IM,1.0,8,0.0,1.0,1.0,N,,08/2020,Analyst
31-9096.00,1.A.4.a.5,Peripheral Vision,LV,0.0,8,0.0,0.0,0.0,N,Y,08/2020,Analyst
31-9096.00,1.A.4.a.6,Depth Perception,IM,2.0,8,0.0,2.0,2.0,N,,08/2020,Analyst
31-9096.00,1.A.4.a.6,Depth Perception,LV,2.0,8,0.0,2.0,2.0,N,N,08/2020,Analyst
31-9096.00,1.A.4.a.7,Glare Sensitivity,IM,1.0,8,0.0,1.0,1.0,N,,08/2020,Analyst
31-9096.00,1.A.4.a.7,Glare Sensitivity,LV,0.0,8,0.0,0.0,0.0,N,Y,08/2020,Analyst
31-9096.00,1.A.4.b.1,Hearing Sensitivity,IM,2.62,8,0.183,2.2664,2.9836,N,,08/2020,Analyst
31-9096.00,1.A.4.b.1,Hearing Sensitivity,LV,2.12,8,0.125,1.88,2.37,N,N,08/2020,Analyst
31-9096.00,1.A.4.b.2,Auditory Attention,IM,2.25,8,0.1637,1.9292,2.5708,N,,08/2020,Analyst
31-9096.00,1.A.4.b.2,Auditory Attention,LV,2.12,8,0.125,1.88,2.37,N,N,08/2020,Analyst
31-9096.00,1.A.4.b.3,Sound Localization,IM,1.0,8,0.0,1.0,1.0,N,,08/2020,Analyst
31-9096.00,1.A.4.b.3,Sound Localization,LV,0.0,8,0.0,0.0,0.0,N,Y,08/2020,Analyst
31-9096.00,1.A.4.b.4,Speech Recognition,IM,3.0,8,0.0,3.0,3.0,N,,08/2020,Analyst
31-9096.00,1.A.4.b.4,Speech Recognition,LV,3.0,8,0.0,3.0,3.0,N,N,08/2020,Analyst
31-9096.00,1.A.4.b.5,Speech Clarity,IM,3.0,8,0.0,3.0,3.0,N,,08/2020,Analyst
31-9096.00,1.A.4.b.5,Speech Clarity,LV,3.0,8,0.0,3.0,3.0,N,N,08/2020,Analyst
31-9097.00,1.A.1.a.1,Oral Comprehension,IM,3.5,8,0.189,3.1296,3.8704,N,,08/2019,Analyst
31-9097.00,1.A.1.a.1,Oral Comprehension,LV,4.0,8,0.0,4.0,4.0,N,N,08/2019,Analyst
31-9097.00,1.A.1.a.2,Written Comprehension,IM,3.5,8,0.189,3.1296,3.8704,N,,08/2019,Analyst
31-9097.00,1.A.1.a.2,Written Comprehension,LV,3.88,8,0.125,3.63,4.12,N,N,08/2019,Analyst
31-9097.00,1.A.1.a.3,Oral Expression,IM,3.5,8,0.189,3.1296,3.8704,N,,08/2019,Analyst
31-9097.00,1.A.1.a.3,Oral Expression,LV,4.0,8,0.0,4.0,4.0,N,N,08/2019,Analyst
31-9097.00,1.A.1.a.4,Written Expression,IM,3.12,8,0.125,2.88,3.37,N,,08/2019,Analyst
31-9097.00,1.A.1.a.4,Written Expression,LV,3.0,8,0.0,3.0,3.0,N,N,08/2019,Analyst
31-9097.00,1.A.1.b.1,Fluency of Ideas,IM,2.5,8,0.189,2.1296,2.8704,N,,08/2019,Analyst
31-9097.00,1.A.1.b.1,Fluency of Ideas,LV,2.25,8,0.1637,1.9292,2.5708,N,N,08/2019,Analyst
31-9097.00,1.A.1.b.2,Originality,IM,2.38,8,0.183,2.0164,2.7336,N,,08/2019,Analyst
31-9097.00,1.A.1.b.2,Originality,LV,2.12,8,0.125,1.88,2.37,N,N,08/2019,Analyst
31-9097.00,1.A.1.b.3,Problem Sensitivity,IM,3.62,8,0.183,3.2664,3.9836,N,,08/2019,Analyst
31-9097.00,1.A.1.b.3,Problem Sensitivity,LV,3.12,8,0.125,2.88,3.37,N,N,08/2019,Analyst
31-9097.00,1.A.1.b.4,Deductive Reasoning,IM,3.38,8,0.183,3.0164,3.7336,N,,08/2019,Analyst
31-9097.00,1.A.1.b.4,Deductive Reasoning,LV,3.25,8,0.1637,2.9292,3.5708,N,N,08/2019,Analyst
31-9097.00,1.A.1.b.5,Inductive Reasoning,IM,3.12,8,0.125,2.88,3.37,N,,08/2019,Analyst
31-9097.00,1.A.1.b.5,Inductive Reasoning,LV,3.0,8,0.0,3.0,3.0,N,N,08/2019,Analyst
31-9097.00,1.A.1.b.6,Information Ordering,IM,3.25,8,0.1637,2.9292,3.5708,N,,08/2019,Analyst
31-9097.00,1.A.1.b.6,Information Ordering,LV,3.25,8,0.1637,2.9292,3.5708,N,N,08/2019,Analyst
31-9097.00,1.A.1.b.7,Category Flexibility,IM,3.12,8,0.125,2.88,3.37,N,,08/2019,Analyst
31-9097.00,1.A.1.b.7,Category Flexibility,LV,3.12,8,0.125,2.88,3.37,N,N,08/2019,Analyst
31-9097.00,1.A.1.c.1,Mathematical Reasoning,IM,2.25,8,0.1637,1.9292,2.5708,N,,08/2019,Analyst
31-9097.00,1.A.1.c.1,Mathematical Reasoning,LV,2.0,8,0.0,2.0,2.0,N,N,08/2019,Analyst
31-9097.00,1.A.1.c.2,Number Facility,IM,2.12,8,0.125,1.88,2.37,N,,08/2019,Analyst
31-9097.00,1.A.1.c.2,Number Facility,LV,2.12,8,0.125,1.88,2.37,N,N,08/2019,Analyst
31-9097.00,1.A.1.d.1,Memorization,IM,2.25,8,0.1637,1.9292,2.5708,N,,08/2019,Analyst
31-9097.00,1.A.1.d.1,Memorization,LV,2.12,8,0.125,1.88,2.37,N,N,08/2019,Analyst
31-9097.00,1.A.1.e.1,Speed of Closure,IM,2.12,8,0.125,1.88,2.37,N,,08/2019,Analyst
31-9097.00,1.A.1.e.1,Speed of Closure,LV,2.0,8,0.0,2.0,2.0,N,N,08/2019,Analyst
31-9097.00,1.A.1.e.2,Flexibility of Closure,IM,3.12,8,0.125,2.88,3.37,N,,08/2019,Analyst
31-9097.00,1.A.1.e.2,Flexibility of Closure,LV,3.12,8,0.125,2.88,3.37,N,N,08/2019,Analyst
31-9097.00,1.A.1.e.3,Perceptual Speed,IM,3.0,8,0.0,3.0,3.0,N,,08/2019,Analyst
31-9097.00,1.A.1.e.3,Perceptual Speed,LV,3.0,8,0.0,3.0,3.0,N,N,08/2019,Analyst
31-9097.00,1.A.1.f.1,Spatial Orientation,IM,1.12,8,0.125,1.0,1.37,N,,08/2019,Analyst
31-9097.00,1.A.1.f.1,Spatial Orientation,LV,0.12,8,0.125,0.0,0.37,N,Y,08/2019,Analyst
31-9097.00,1.A.1.f.2,Visualization,IM,2.5,8,0.189,2.1296,2.8704,N,,08/2019,Analyst
31-9097.00,1.A.1.f.2,Visualization,LV,2.62,8,0.183,2.2664,2.9836,N,N,08/2019,Analyst
31-9097.00,1.A.1.g.1,Selective Attention,IM,3.0,8,0.0,3.0,3.0,N,,08/2019,Analyst
31-9097.00,1.A.1.g.1,Selective Attention,LV,3.0,8,0.0,3.0,3.0,N,N,08/2019,Analyst
31-9097.00,1.A.1.g.2,Time Sharing,IM,2.5,8,0.189,2.1296,2.8704,N,,08/2019,Analyst
31-9097.00,1.A.1.g.2,Time Sharing,LV,2.12,8,0.125,1.88,2.37,N,N,08/2019,Analyst
31-9097.00,1.A.2.a.1,Arm-Hand Steadiness,IM,3.75,8,0.1637,3.4292,4.0708,N,,08/2019,Analyst
31-9097.00,1.A.2.a.1,Arm-Hand Steadiness,LV,3.88,8,0.125,3.63,4.12,N,N,08/2019,Analyst
31-9097.00,1.A.2.a.2,Manual Dexterity,IM,3.0,8,0.189,2.6296,3.3704,N,,08/2019,Analyst
31-9097.00,1.A.2.a.2,Manual Dexterity,LV,3.0,8,0.189,2.6296,3.3704,N,N,08/2019,Analyst
31-9097.00,1.A.2.a.3,Finger Dexterity,IM,3.25,8,0.1637,2.9292,3.5708,N,,08/2019,Analyst
31-9097.00,1.A.2.a.3,Finger Dexterity,LV,3.38,8,0.183,3.0164,3.7336,N,N,08/2019,Analyst
31-9097.00,1.A.2.b.1,Control Precision,IM,2.25,8,0.1637,1.9292,2.5708,N,,08/2019,Analyst
31-9097.00,1.A.2.b.1,Control Precision,LV,2.12,8,0.125,1.88,2.37,N,N,08/2019,Analyst
31-9097.00,1.A.2.b.2,Multilimb Coordination,IM,2.38,8,0.183,2.0164,2.7336,N,,08/2019,Analyst
31-9097.00,1.A.2.b.2,Multilimb Coordination,LV,2.12,8,0.125,1.88,2.37,N,N,08/2019,Analyst
31-9097.00,1.A.2.b.3,Response Orientation,IM,1.75,8,0.1637,1.4292,2.0708,N,,08/2019,Analyst
31-9097.00,1.A.2.b.3,Response Orientation,LV,1.0,8,0.2673,0.4762,1.5238,N,N,08/2019,Analyst
31-9097.00,1.A.2.b.4,Rate Control,IM,1.75,8,0.1637,1.4292,2.0708,N,,08/2019,Analyst
31-9097.00,1.A.2.b.4,Rate Control,LV,1.0,8,0.2673,0.4762,1.5238,N,N,08/2019,Analyst
31-9097.00,1.A.2.c.1,Reaction Time,IM,1.88,8,0.2266,1.4309,2.3191,N,,08/2019,Analyst
31-9097.00,1.A.2.c.1,Reaction Time,LV,1.5,8,0.3273,0.8584,2.1416,N,N,08/2019,Analyst
31-9097.00,1.A.2.c.2,Wrist-Finger Speed,IM,1.62,8,0.183,1.2664,1.9836,N,,08/2019,Analyst
31-9097.00,1.A.2.c.2,Wrist-Finger Speed,LV,0.75,8,0.25,0.26,1.24,N,N,08/2019,Analyst
31-9097.00,1.A.2.c.3,Speed of Limb Movement,IM,1.75,8,0.1637,1.4292,2.0708,N,,08/2019,Analyst
31-9097.00,1.A.2.c.3,Speed of Limb Movement,LV,1.0,8,0.2673,0.4762,1.5238,N,N,08/2019,Analyst
31-9097.00,1.A.3.a.1,Static Strength,IM,2.12,8,0.125,1.88,2.37,N,,08/2019,Analyst
31-9097.00,1.A.3.a.1,Static Strength,LV,2.0,8,0.0,2.0,2.0,N,N,08/2019,Analyst
31-9097.00,1.A.3.a.2,Explosive Strength,IM,1.75,8,0.1637,1.4292,2.0708,N,,08/2019,Analyst
31-9097.00,1.A.3.a.2,Explosive Strength,LV,0.88,8,0.2266,0.4309,1.3191,N,N,08/2019,Analyst
31-9097.00,1.A.3.a.3,Dynamic Strength,IM,2.0,8,0.189,1.6296,2.3704,N,,08/2019,Analyst
31-9097.00,1.A.3.a.3,Dynamic Strength,LV,1.12,8,0.2266,0.6809,1.5691,N,N,08/2019,Analyst
31-9097.00,1.A.3.a.4,Trunk Strength,IM,2.25,8,0.1637,1.9292,2.5708,N,,08/2019,Analyst
31-9097.00,1.A.3.a.4,Trunk Strength,LV,2.25,8,0.1637,1.9292,2.5708,N,N,08/2019,Analyst
31-9097.00,1.A.3.b.1,Stamina,IM,2.25,8,0.1637,1.9292,2.5708,N,,08/2019,Analyst
31-9097.00,1.A.3.b.1,Stamina,LV,1.75,8,0.1637,1.4292,2.0708,N,N,08/2019,Analyst
31-9097.00,1.A.3.c.1,Extent Flexibility,IM,2.38,8,0.183,2.0164,2.7336,N,,08/2019,Analyst
31-9097.00,1.A.3.c.1,Extent Flexibility,LV,2.25,8,0.1637,1.9292,2.5708,N,N,08/2019,Analyst
31-9097.00,1.A.3.c.2,Dynamic Flexibility,IM,1.12,8,0.125,1.0,1.37,N,,08/2019,Analyst
31-9097.00,1.A.3.c.2,Dynamic Flexibility,LV,0.12,8,0.125,0.0,0.37,N,Y,08/2019,Analyst
31-9097.00,1.A.3.c.3,Gross Body Coordination,IM,2.0,8,0.0,2.0,2.0,N,,08/2019,Analyst
31-9097.00,1.A.3.c.3,Gross Body Coordination,LV,1.88,8,0.125,1.63,2.12,N,N,08/2019,Analyst
31-9097.00,1.A.3.c.4,Gross Body Equilibrium,IM,1.88,8,0.125,1.63,2.12,N,,08/2019,Analyst
31-9097.00,1.A.3.c.4,Gross Body Equilibrium,LV,1.0,8,0.189,0.6296,1.3704,N,N,08/2019,Analyst
31-9097.00,1.A.4.a.1,Near Vision,IM,3.88,8,0.125,3.63,4.12,N,,08/2019,Analyst
31-9097.00,1.A.4.a.1,Near Vision,LV,4.0,8,0.189,3.6296,4.3704,N,N,08/2019,Analyst
31-9097.00,1.A.4.a.2,Far Vision,IM,2.88,8,0.125,2.63,3.12,N,,08/2019,Analyst
31-9097.00,1.A.4.a.2,Far Vision,LV,2.88,8,0.125,2.63,3.12,N,N,08/2019,Analyst
31-9097.00,1.A.4.a.3,Visual Color Discrimination,IM,2.75,8,0.1637,2.4292,3.0708,N,,08/2019,Analyst
31-9097.00,1.A.4.a.3,Visual Color Discrimination,LV,2.62,8,0.183,2.2664,2.9836,N,N,08/2019,Analyst
31-9097.00,1.A.4.a.4,Night Vision,IM,1.0,8,0.0,1.0,1.0,N,,08/2019,Analyst
31-9097.00,1.A.4.a.4,Night Vision,LV,0.0,8,0.0,0.0,0.0,N,Y,08/2019,Analyst
31-9097.00,1.A.4.a.5,Peripheral Vision,IM,1.0,8,0.0,1.0,1.0,N,,08/2019,Analyst
31-9097.00,1.A.4.a.5,Peripheral Vision,LV,0.0,8,0.0,0.0,0.0,N,Y,08/2019,Analyst
31-9097.00,1.A.4.a.6,Depth Perception,IM,2.0,8,0.0,2.0,2.0,N,,08/2019,Analyst
31-9097.00,1.A.4.a.6,Depth Perception,LV,2.0,8,0.0,2.0,2.0,N,N,08/2019,Analyst
31-9097.00,1.A.4.a.7,Glare Sensitivity,IM,1.0,8,0.0,1.0,1.0,N,,08/2019,Analyst
31-9097.00,1.A.4.a.7,Glare Sensitivity,LV,0.0,8,0.0,0.0,0.0,N,Y,08/2019,Analyst
31-9097.00,1.A.4.b.1,Hearing Sensitivity,IM,2.0,8,0.189,1.6296,2.3704,N,,08/2019,Analyst
31-9097.00,1.A.4.b.1,Hearing Sensitivity,LV,1.75,8,0.25,1.26,2.24,N,N,08/2019,Analyst
31-9097.00,1.A.4.b.2,Auditory Attention,IM,2.12,8,0.125,1.88,2.37,N,,08/2019,Analyst
31-9097.00,1.A.4.b.2,Auditory Attention,LV,2.25,8,0.1637,1.9292,2.5708,N,N,08/2019,Analyst
31-9097.00,1.A.4.b.3,Sound Localization,IM,1.0,8,0.0,1.0,1.0,N,,08/2019,Analyst
31-9097.00,1.A.4.b.3,Sound Localization,LV,0.0,8,0.0,0.0,0.0,N,Y,08/2019,Analyst
31-9097.00,1.A.4.b.4,Speech Recognition,IM,3.25,8,0.1637,2.9292,3.5708,N,,08/2019,Analyst
31-9097.00,1.A.4.b.4,Speech Recognition,LV,3.0,8,0.0,3.0,3.0,N,N,08/2019,Analyst
31-9097.00,1.A.4.b.5,Speech Clarity,IM,3.38,8,0.183,3.0164,3.7336,N,,08/2019,Analyst
31-9097.00,1.A.4.b.5,Speech Clarity,LV,3.0,8,0.0,3.0,3.0,N,N,08/2019,Analyst
31-9099.01,1.A.1.a.1,Oral Comprehension,IM,4.0,8,0.0,4.0,4.0,N,,08/2022,Analyst
31-9099.01,1.A.1.a.1,Oral Comprehension,LV,4.0,8,0.0,4.0,4.0,N,N,08/2022,Analyst
31-9099.01,1.A.1.a.2,Written Comprehension,IM,3.88,8,0.125,3.63,4.12,N,,08/2022,Analyst
31-9099.01,1.A.1.a.2,Written Comprehension,LV,4.0,8,0.0,4.0,4.0,N,N,08/2022,Analyst
31-9099.01,1.A.1.a.3,Oral Expression,IM,4.0,8,0.0,4.0,4.0,N,,08/2022,Analyst
31-9099.01,1.A.1.a.3,Oral Expression,LV,4.0,8,0.0,4.0,4.0,N,N,08/2022,Analyst
31-9099.01,1.A.1.a.4,Written Expression,IM,3.88,8,0.125,3.63,4.12,N,,08/2022,Analyst
31-9099.01,1.A.1.a.4,Written Expression,LV,4.0,8,0.0,4.0,4.0,N,N,08/2022,Analyst
31-9099.01,1.A.1.b.1,Fluency of Ideas,IM,3.0,8,0.189,2.6296,3.3704,N,,08/2022,Analyst
31-9099.01,1.A.1.b.1,Fluency of Ideas,LV,3.12,8,0.125,2.88,3.37,N,N,08/2022,Analyst
31-9099.01,1.A.1.b.2,Originality,IM,3.0,8,0.189,2.6296,3.3704,N,,08/2022,Analyst
31-9099.01,1.A.1.b.2,Originality,LV,3.12,8,0.125,2.88,3.37,N,N,08/2022,Analyst
31-9099.01,1.A.1.b.3,Problem Sensitivity,IM,3.62,8,0.183,3.2664,3.9836,N,,08/2022,Analyst
31-9099.01,1.A.1.b.3,Problem Sensitivity,LV,3.88,8,0.125,3.63,4.12,N,N,08/2022,Analyst
31-9099.01,1.A.1.b.4,Deductive Reasoning,IM,3.5,8,0.189,3.1296,3.8704,N,,08/2022,Analyst
31-9099.01,1.A.1.b.4,Deductive Reasoning,LV,3.38,8,0.183,3.0164,3.7336,N,N,08/2022,Analyst
31-9099.01,1.A.1.b.5,Inductive Reasoning,IM,3.5,8,0.189,3.1296,3.8704,N,,08/2022,Analyst
31-9099.01,1.A.1.b.5,Inductive Reasoning,LV,3.38,8,0.183,3.0164,3.7336,N,N,08/2022,Analyst
31-9099.01,1.A.1.b.6,Information Ordering,IM,3.62,8,0.183,3.2664,3.9836,N,,08/2022,Analyst
31-9099.01,1.A.1.b.6,Information Ordering,LV,3.38,8,0.183,3.0164,3.7336,N,N,08/2022,Analyst
31-9099.01,1.A.1.b.7,Category Flexibility,IM,2.88,8,0.125,2.63,3.12,N,,08/2022,Analyst
31-9099.01,1.A.1.b.7,Category Flexibility,LV,2.88,8,0.125,2.63,3.12,N,N,08/2022,Analyst
31-9099.01,1.A.1.c.1,Mathematical Reasoning,IM,2.12,8,0.125,1.88,2.37,N,,08/2022,Analyst
31-9099.01,1.A.1.c.1,Mathematical Reasoning,LV,2.12,8,0.125,1.88,2.37,N,N,08/2022,Analyst
31-9099.01,1.A.1.c.2,Number Facility,IM,2.12,8,0.125,1.88,2.37,N,,08/2022,Analyst
31-9099.01,1.A.1.c.2,Number Facility,LV,2.25,8,0.1637,1.9292,2.5708,N,N,08/2022,Analyst
31-9099.01,1.A.1.d.1,Memorization,IM,2.38,8,0.183,2.0164,2.7336,N,,08/2022,Analyst
31-9099.01,1.A.1.d.1,Memorization,LV,2.75,8,0.1637,2.4292,3.0708,N,N,08/2022,Analyst
31-9099.01,1.A.1.e.1,Speed of Closure,IM,2.75,8,0.1637,2.4292,3.0708,N,,08/2022,Analyst
31-9099.01,1.A.1.e.1,Speed of Closure,LV,2.75,8,0.1637,2.4292,3.0708,N,N,08/2022,Analyst
31-9099.01,1.A.1.e.2,Flexibility of Closure,IM,2.88,8,0.125,2.63,3.12,N,,08/2022,Analyst
31-9099.01,1.A.1.e.2,Flexibility of Closure,LV,2.88,8,0.125,2.63,3.12,N,N,08/2022,Analyst
31-9099.01,1.A.1.e.3,Perceptual Speed,IM,2.75,8,0.1637,2.4292,3.0708,N,,08/2022,Analyst
31-9099.01,1.A.1.e.3,Perceptual Speed,LV,2.88,8,0.125,2.63,3.12,N,N,08/2022,Analyst
31-9099.01,1.A.1.f.1,Spatial Orientation,IM,1.0,8,0.0,1.0,1.0,N,,08/2022,Analyst
31-9099.01,1.A.1.f.1,Spatial Orientation,LV,0.0,8,0.0,0.0,0.0,N,Y,08/2022,Analyst
31-9099.01,1.A.1.f.2,Visualization,IM,2.25,8,0.1637,1.9292,2.5708,N,,08/2022,Analyst
31-9099.01,1.A.1.f.2,Visualization,LV,2.12,8,0.125,1.88,2.37,N,N,08/2022,Analyst
31-9099.01,1.A.1.g.1,Selective Attention,IM,2.75,8,0.1637,2.4292,3.0708,N,,08/2022,Analyst
31-9099.01,1.A.1.g.1,Selective Attention,LV,2.88,8,0.125,2.63,3.12,N,N,08/2022,Analyst
31-9099.01,1.A.1.g.2,Time Sharing,IM,3.0,8,0.0,3.0,3.0,N,,08/2022,Analyst
31-9099.01,1.A.1.g.2,Time Sharing,LV,2.75,8,0.1637,2.4292,3.0708,N,N,08/2022,Analyst
31-9099.01,1.A.2.a.1,Arm-Hand Steadiness,IM,2.12,8,0.125,1.88,2.37,N,,08/2022,Analyst
31-9099.01,1.A.2.a.1,Arm-Hand Steadiness,LV,2.0,8,0.0,2.0,2.0,N,N,08/2022,Analyst
31-9099.01,1.A.2.a.2,Manual Dexterity,IM,2.12,8,0.125,1.88,2.37,N,,08/2022,Analyst
31-9099.01,1.A.2.a.2,Manual Dexterity,LV,1.88,8,0.125,1.63,2.12,N,N,08/2022,Analyst
31-9099.01,1.A.2.a.3,Finger Dexterity,IM,2.25,8,0.1637,1.9292,2.5708,N,,08/2022,Analyst
31-9099.01,1.A.2.a.3,Finger Dexterity,LV,2.0,8,0.189,1.6296,2.3704,N,N,08/2022,Analyst
31-9099.01,1.A.2.b.1,Control Precision,IM,2.12,8,0.125,1.88,2.37,N,,08/2022,Analyst
31-9099.01,1.A.2.b.1,Control Precision,LV,1.88,8,0.125,1.63,2.12,N,N,08/2022,Analyst
31-9099.01,1.A.2.b.2,Multilimb Coordination,IM,1.0,8,0.0,1.0,1.0,N,,08/2022,Analyst
31-9099.01,1.A.2.b.2,Multilimb Coordination,LV,0.0,8,0.0,0.0,0.0,N,Y,08/2022,Analyst
31-9099.01,1.A.2.b.3,Response Orientation,IM,1.0,8,0.0,1.0,1.0,N,,08/2022,Analyst
31-9099.01,1.A.2.b.3,Response Orientation,LV,0.0,8,0.0,0.0,0.0,N,Y,08/2022,Analyst
31-9099.01,1.A.2.b.4,Rate Control,IM,1.0,8,0.0,1.0,1.0,N,,08/2022,Analyst
31-9099.01,1.A.2.b.4,Rate Control,LV,0.0,8,0.0,0.0,0.0,N,Y,08/2022,Analyst
31-9099.01,1.A.2.c.1,Reaction Time,IM,1.0,8,0.0,1.0,1.0,N,,08/2022,Analyst
31-9099.01,1.A.2.c.1,Reaction Time,LV,0.0,8,0.0,0.0,0.0,N,Y,08/2022,Analyst
31-9099.01,1.A.2.c.2,Wrist-Finger Speed,IM,1.5,8,0.189,1.1296,1.8704,N,,08/2022,Analyst
31-9099.01,1.A.2.c.2,Wrist-Finger Speed,LV,0.62,8,0.2631,0.1094,1.1406,N,N,08/2022,Analyst
31-9099.01,1.A.2.c.3,Speed of Limb Movement,IM,1.0,8,0.0,1.0,1.0,N,,08/2022,Analyst
31-9099.01,1.A.2.c.3,Speed of Limb Movement,LV,0.0,8,0.0,0.0,0.0,N,Y,08/2022,Analyst
31-9099.01,1.A.3.a.1,Static Strength,IM,1.0,8,0.0,1.0,1.0,N,,08/2022,Analyst
31-9099.01,1.A.3.a.1,Static Strength,LV,0.0,8,0.0,0.0,0.0,N,Y,08/2022,Analyst
31-9099.01,1.A.3.a.2,Explosive Strength,IM,1.0,8,0.0,1.0,1.0,N,,08/2022,Analyst
31-9099.01,1.A.3.a.2,Explosive Strength,LV,0.0,8,0.0,0.0,0.0,N,Y,08/2022,Analyst
31-9099.01,1.A.3.a.3,Dynamic Strength,IM,1.0,8,0.0,1.0,1.0,N,,08/2022,Analyst
31-9099.01,1.A.3.a.3,Dynamic Strength,LV,0.0,8,0.0,0.0,0.0,N,Y,08/2022,Analyst
31-9099.01,1.A.3.a.4,Trunk Strength,IM,1.75,8,0.1637,1.4292,2.0708,N,,08/2022,Analyst
31-9099.01,1.A.3.a.4,Trunk Strength,LV,1.25,8,0.3134,0.6358,1.8642,N,N,08/2022,Analyst
31-9099.01,1.A.3.b.1,Stamina,IM,1.0,8,0.0,1.0,1.0,N,,08/2022,Analyst
31-9099.01,1.A.3.b.1,Stamina,LV,0.0,8,0.0,0.0,0.0,N,Y,08/2022,Analyst
31-9099.01,1.A.3.c.1,Extent Flexibility,IM,1.0,8,0.0,1.0,1.0,N,,08/2022,Analyst
31-9099.01,1.A.3.c.1,Extent Flexibility,LV,0.0,8,0.0,0.0,0.0,N,Y,08/2022,Analyst
31-9099.01,1.A.3.c.2,Dynamic Flexibility,IM,1.0,8,0.0,1.0,1.0,N,,08/2022,Analyst
31-9099.01,1.A.3.c.2,Dynamic Flexibility,LV,0.0,8,0.0,0.0,0.0,N,Y,08/2022,Analyst
31-9099.01,1.A.3.c.3,Gross Body Coordination,IM,1.0,8,0.0,1.0,1.0,N,,08/2022,Analyst
31-9099.01,1.A.3.c.3,Gross Body Coordination,LV,0.0,8,0.0,0.0,0.0,N,Y,08/2022,Analyst
31-9099.01,1.A.3.c.4,Gross Body Equilibrium,IM,1.0,8,0.0,1.0,1.0,N,,08/2022,Analyst
31-9099.01,1.A.3.c.4,Gross Body Equilibrium,LV,0.0,8,0.0,0.0,0.0,N,Y,08/2022,Analyst
31-9099.01,1.A.4.a.1,Near Vision,IM,3.5,8,0.189,3.1296,3.8704,N,,08/2022,Analyst
31-9099.01,1.A.4.a.1,Near Vision,LV,3.62,8,0.183,3.2664,3.9836,N,N,08/2022,Analyst
31-9099.01,1.A.4.a.2,Far Vision,IM,2.75,8,0.1637,2.4292,3.0708,N,,08/2022,Analyst
31-9099.01,1.A.4.a.2,Far Vision,LV,2.88,8,0.125,2.63,3.12,N,N,08/2022,Analyst
31-9099.01,1.A.4.a.3,Visual Color Discrimination,IM,2.5,8,0.189,2.1296,2.8704,N,,08/2022,Analyst
31-9099.01,1.A.4.a.3,Visual Color Discrimination,LV,2.38,8,0.183,2.0164,2.7336,N,N,08/2022,Analyst
31-9099.01,1.A.4.a.4,Night Vision,IM,1.0,8,0.0,1.0,1.0,N,,08/2022,Analyst
31-9099.01,1.A.4.a.4,Night Vision,LV,0.0,8,0.0,0.0,0.0,N,Y,08/2022,Analyst
31-9099.01,1.A.4.a.5,Peripheral Vision,IM,1.0,8,0.0,1.0,1.0,N,,08/2022,Analyst
31-9099.01,1.A.4.a.5,Peripheral Vision,LV,0.0,8,0.0,0.0,0.0,N,Y,08/2022,Analyst
31-9099.01,1.A.4.a.6,Depth Perception,IM,1.12,8,0.125,1.0,1.37,N,,08/2022,Analyst
31-9099.01,1.A.4.a.6,Depth Perception,LV,0.12,8,0.125,0.0,0.37,N,Y,08/2022,Analyst
31-9099.01,1.A.4.a.7,Glare Sensitivity,IM,1.0,8,0.0,1.0,1.0,N,,08/2022,Analyst
31-9099.01,1.A.4.a.7,Glare Sensitivity,LV,0.0,8,0.0,0.0,0.0,N,Y,08/2022,Analyst
31-9099.01,1.A.4.b.1,Hearing Sensitivity,IM,3.25,8,0.1637,2.9292,3.5708,N,,08/2022,Analyst
31-9099.01,1.A.4.b.1,Hearing Sensitivity,LV,3.25,8,0.25,2.76,3.74,N,N,08/2022,Analyst
31-9099.01,1.A.4.b.2,Auditory Attention,IM,3.0,8,0.0,3.0,3.0,N,,08/2022,Analyst
31-9099.01,1.A.4.b.2,Auditory Attention,LV,3.0,8,0.0,3.0,3.0,N,N,08/2022,Analyst
31-9099.01,1.A.4.b.3,Sound Localization,IM,1.12,8,0.125,1.0,1.37,N,,08/2022,Analyst
31-9099.01,1.A.4.b.3,Sound Localization,LV,0.12,8,0.125,0.0,0.37,N,Y,08/2022,Analyst
31-9099.01,1.A.4.b.4,Speech Recognition,IM,4.0,8,0.0,4.0,4.0,N,,08/2022,Analyst
31-9099.01,1.A.4.b.4,Speech Recognition,LV,4.75,8,0.1637,4.4292,5.0708,N,N,08/2022,Analyst
31-9099.01,1.A.4.b.5,Speech Clarity,IM,4.0,8,0.0,4.0,4.0,N,,08/2022,Analyst
31-9099.01,1.A.4.b.5,Speech Clarity,LV,4.0,8,0.0,4.0,4.0,N,N,08/2022,Analyst
31-9099.02,1.A.1.a.1,Oral Comprehension,IM,3.75,8,0.1637,3.4292,4.0708,N,,08/2023,Analyst
31-9099.02,1.A.1.a.1,Oral Comprehension,LV,3.88,8,0.125,3.63,4.12,N,N,08/2023,Analyst
31-9099.02,1.A.1.a.2,Written Comprehension,IM,3.62,8,0.183,3.2664,3.9836,N,,08/2023,Analyst
31-9099.02,1.A.1.a.2,Written Comprehension,LV,3.62,8,0.183,3.2664,3.9836,N,N,08/2023,Analyst
31-9099.02,1.A.1.a.3,Oral Expression,IM,3.75,8,0.1637,3.4292,4.0708,N,,08/2023,Analyst
31-9099.02,1.A.1.a.3,Oral Expression,LV,3.88,8,0.125,3.63,4.12,N,N,08/2023,Analyst
31-9099.02,1.A.1.a.4,Written Expression,IM,3.12,8,0.125,2.88,3.37,N,,08/2023,Analyst
31-9099.02,1.A.1.a.4,Written Expression,LV,3.0,8,0.0,3.0,3.0,N,N,08/2023,Analyst
31-9099.02,1.A.1.b.1,Fluency of Ideas,IM,2.62,8,0.183,2.2664,2.9836,N,,08/2023,Analyst
31-9099.02,1.A.1.b.1,Fluency of Ideas,LV,2.25,8,0.1637,1.9292,2.5708,N,N,08/2023,Analyst
31-9099.02,1.A.1.b.2,Originality,IM,2.0,8,0.0,2.0,2.0,N,,08/2023,Analyst
31-9099.02,1.A.1.b.2,Originality,LV,2.0,8,0.0,2.0,2.0,N,N,08/2023,Analyst
31-9099.02,1.A.1.b.3,Problem Sensitivity,IM,3.88,8,0.2266,3.4309,4.3191,N,,08/2023,Analyst
31-9099.02,1.A.1.b.3,Problem Sensitivity,LV,3.38,8,0.183,3.0164,3.7336,N,N,08/2023,Analyst
31-9099.02,1.A.1.b.4,Deductive Reasoning,IM,3.25,8,0.1637,2.9292,3.5708,N,,08/2023,Analyst
31-9099.02,1.A.1.b.4,Deductive Reasoning,LV,3.12,8,0.125,2.88,3.37,N,N,08/2023,Analyst
31-9099.02,1.A.1.b.5,Inductive Reasoning,IM,3.0,8,0.0,3.0,3.0,N,,08/2023,Analyst
31-9099.02,1.A.1.b.5,Inductive Reasoning,LV,3.0,8,0.0,3.0,3.0,N,N,08/2023,Analyst
31-9099.02,1.A.1.b.6,Information Ordering,IM,3.25,8,0.1637,2.9292,3.5708,N,,08/2023,Analyst
31-9099.02,1.A.1.b.6,Information Ordering,LV,3.0,8,0.0,3.0,3.0,N,N,08/2023,Analyst
31-9099.02,1.A.1.b.7,Category Flexibility,IM,3.12,8,0.125,2.88,3.37,N,,08/2023,Analyst
31-9099.02,1.A.1.b.7,Category Flexibility,LV,3.12,8,0.125,2.88,3.37,N,N,08/2023,Analyst
31-9099.02,1.A.1.c.1,Mathematical Reasoning,IM,2.12,8,0.125,1.88,2.37,N,,08/2023,Analyst
31-9099.02,1.A.1.c.1,Mathematical Reasoning,LV,2.0,8,0.0,2.0,2.0,N,N,08/2023,Analyst
31-9099.02,1.A.1.c.2,Number Facility,IM,2.12,8,0.125,1.88,2.37,N,,08/2023,Analyst
31-9099.02,1.A.1.c.2,Number Facility,LV,2.0,8,0.0,2.0,2.0,N,N,08/2023,Analyst
31-9099.02,1.A.1.d.1,Memorization,IM,2.5,8,0.189,2.1296,2.8704,N,,08/2023,Analyst
31-9099.02,1.A.1.d.1,Memorization,LV,2.25,8,0.1637,1.9292,2.5708,N,N,08/2023,Analyst
31-9099.02,1.A.1.e.1,Speed of Closure,IM,2.12,8,0.125,1.88,2.37,N,,08/2023,Analyst
31-9099.02,1.A.1.e.1,Speed of Closure,LV,2.12,8,0.125,1.88,2.37,N,N,08/2023,Analyst
31-9099.02,1.A.1.e.2,Flexibility of Closure,IM,3.0,8,0.0,3.0,3.0,N,,08/2023,Analyst
31-9099.02,1.A.1.e.2,Flexibility of Closure,LV,3.0,8,0.0,3.0,3.0,N,N,08/2023,Analyst
31-9099.02,1.A.1.e.3,Perceptual Speed,IM,3.0,8,0.0,3.0,3.0,N,,08/2023,Analyst
31-9099.02,1.A.1.e.3,Perceptual Speed,LV,3.0,8,0.0,3.0,3.0,N,N,08/2023,Analyst
31-9099.02,1.A.1.f.1,Spatial Orientation,IM,1.75,8,0.1637,1.4292,2.0708,N,,08/2023,Analyst
31-9099.02,1.A.1.f.1,Spatial Orientation,LV,0.75,8,0.1637,0.4292,1.0708,N,N,08/2023,Analyst
31-9099.02,1.A.1.f.2,Visualization,IM,2.88,8,0.125,2.63,3.12,N,,08/2023,Analyst
31-9099.02,1.A.1.f.2,Visualization,LV,2.88,8,0.125,2.63,3.12,N,N,08/2023,Analyst
31-9099.02,1.A.1.g.1,Selective Attention,IM,3.12,8,0.125,2.88,3.37,N,,08/2023,Analyst
31-9099.02,1.A.1.g.1,Selective Attention,LV,3.12,8,0.125,2.88,3.37,N,N,08/2023,Analyst
31-9099.02,1.A.1.g.2,Time Sharing,IM,2.75,8,0.1637,2.4292,3.0708,N,,08/2023,Analyst
31-9099.02,1.A.1.g.2,Time Sharing,LV,2.88,8,0.125,2.63,3.12,N,N,08/2023,Analyst
31-9099.02,1.A.2.a.1,Arm-Hand Steadiness,IM,3.38,8,0.183,3.0164,3.7336,N,,08/2023,Analyst
31-9099.02,1.A.2.a.1,Arm-Hand Steadiness,LV,3.38,8,0.183,3.0164,3.7336,N,N,08/2023,Analyst
31-9099.02,1.A.2.a.2,Manual Dexterity,IM,3.25,8,0.1637,2.9292,3.5708,N,,08/2023,Analyst
31-9099.02,1.A.2.a.2,Manual Dexterity,LV,3.0,8,0.0,3.0,3.0,N,N,08/2023,Analyst
31-9099.02,1.A.2.a.3,Finger Dexterity,IM,3.25,8,0.1637,2.9292,3.5708,N,,08/2023,Analyst
31-9099.02,1.A.2.a.3,Finger Dexterity,LV,3.12,8,0.125,2.88,3.37,N,N,08/2023,Analyst
31-9099.02,1.A.2.b.1,Control Precision,IM,3.12,8,0.125,2.88,3.37,N,,08/2023,Analyst
31-9099.02,1.A.2.b.1,Control Precision,LV,3.25,8,0.25,2.76,3.74,N,N,08/2023,Analyst
31-9099.02,1.A.2.b.2,Multilimb Coordination,IM,3.0,8,0.0,3.0,3.0,N,,08/2023,Analyst
31-9099.02,1.A.2.b.2,Multilimb Coordination,LV,3.12,8,0.125,2.88,3.37,N,N,08/2023,Analyst
31-9099.02,1.A.2.b.3,Response Orientation,IM,2.12,8,0.125,1.88,2.37,N,,08/2023,Analyst
31-9099.02,1.A.2.b.3,Response Orientation,LV,1.88,8,0.125,1.63,2.12,N,N,08/2023,Analyst
31-9099.02,1.A.2.b.4,Rate Control,IM,2.38,8,0.183,2.0164,2.7336,N,,08/2023,Analyst
31-9099.02,1.A.2.b.4,Rate Control,LV,2.0,8,0.0,2.0,2.0,N,N,08/2023,Analyst
31-9099.02,1.A.2.c.1,Reaction Time,IM,2.25,8,0.1637,1.9292,2.5708,N,,08/2023,Analyst
31-9099.02,1.A.2.c.1,Reaction Time,LV,2.0,8,0.0,2.0,2.0,N,N,08/2023,Analyst
31-9099.02,1.A.2.c.2,Wrist-Finger Speed,IM,2.12,8,0.2266,1.6809,2.5691,N,,08/2023,Analyst
31-9099.02,1.A.2.c.2,Wrist-Finger Speed,LV,1.88,8,0.295,1.2967,2.4533,N,N,08/2023,Analyst
31-9099.02,1.A.2.c.3,Speed of Limb Movement,IM,1.5,8,0.189,1.1296,1.8704,N,,08/2023,Analyst
31-9099.02,1.A.2.c.3,Speed of Limb Movement,LV,0.5,8,0.189,0.1296,0.8704,N,N,08/2023,Analyst
31-9099.02,1.A.3.a.1,Static Strength,IM,2.62,8,0.183,2.2664,2.9836,N,,08/2023,Analyst
31-9099.02,1.A.3.a.1,Static Strength,LV,2.75,8,0.1637,2.4292,3.0708,N,N,08/2023,Analyst
31-9099.02,1.A.3.a.2,Explosive Strength,IM,1.62,8,0.183,1.2664,1.9836,N,,08/2023,Analyst
31-9099.02,1.A.3.a.2,Explosive Strength,LV,0.62,8,0.183,0.2664,0.9836,N,N,08/2023,Analyst
31-9099.02,1.A.3.a.3,Dynamic Strength,IM,2.12,8,0.125,1.88,2.37,N,,08/2023,Analyst
31-9099.02,1.A.3.a.3,Dynamic Strength,LV,2.12,8,0.125,1.88,2.37,N,N,08/2023,Analyst
31-9099.02,1.A.3.a.4,Trunk Strength,IM,2.62,8,0.183,2.2664,2.9836,N,,08/2023,Analyst
31-9099.02,1.A.3.a.4,Trunk Strength,LV,2.62,8,0.183,2.2664,2.9836,N,N,08/2023,Analyst
31-9099.02,1.A.3.b.1,Stamina,IM,2.0,8,0.0,2.0,2.0,N,,08/2023,Analyst
31-9099.02,1.A.3.b.1,Stamina,LV,1.75,8,0.1637,1.4292,2.0708,N,N,08/2023,Analyst
31-9099.02,1.A.3.c.1,Extent Flexibility,IM,2.5,8,0.189,2.1296,2.8704,N,,08/2023,Analyst
31-9099.02,1.A.3.c.1,Extent Flexibility,LV,2.5,8,0.189,2.1296,2.8704,N,N,08/2023,Analyst
31-9099.02,1.A.3.c.2,Dynamic Flexibility,IM,1.12,8,0.125,1.0,1.37,N,,08/2023,Analyst
31-9099.02,1.A.3.c.2,Dynamic Flexibility,LV,0.12,8,0.125,0.0,0.37,N,Y,08/2023,Analyst
31-9099.02,1.A.3.c.3,Gross Body Coordination,IM,2.0,8,0.0,2.0,2.0,N,,08/2023,Analyst
31-9099.02,1.A.3.c.3,Gross Body Coordination,LV,2.0,8,0.0,2.0,2.0,N,N,08/2023,Analyst
31-9099.02,1.A.3.c.4,Gross Body Equilibrium,IM,1.75,8,0.1637,1.4292,2.0708,N,,08/2023,Analyst
31-9099.02,1.A.3.c.4,Gross Body Equilibrium,LV,1.25,8,0.3134,0.6358,1.8642,N,N,08/2023,Analyst
31-9099.02,1.A.4.a.1,Near Vision,IM,4.0,8,0.0,4.0,4.0,N,,08/2023,Analyst
31-9099.02,1.A.4.a.1,Near Vision,LV,4.12,8,0.125,3.88,4.37,N,N,08/2023,Analyst
31-9099.02,1.A.4.a.2,Far Vision,IM,2.88,8,0.2266,2.4309,3.3191,N,,08/2023,Analyst
31-9099.02,1.A.4.a.2,Far Vision,LV,2.88,8,0.2266,2.4309,3.3191,N,N,08/2023,Analyst
31-9099.02,1.A.4.a.3,Visual Color Discrimination,IM,2.75,8,0.1637,2.4292,3.0708,N,,08/2023,Analyst
31-9099.02,1.A.4.a.3,Visual Color Discrimination,LV,2.88,8,0.125,2.63,3.12,N,N,08/2023,Analyst
31-9099.02,1.A.4.a.4,Night Vision,IM,1.38,8,0.183,1.0164,1.7336,N,,08/2023,Analyst
31-9099.02,1.A.4.a.4,Night Vision,LV,0.38,8,0.183,0.0164,0.7336,N,N,08/2023,Analyst
31-9099.02,1.A.4.a.5,Peripheral Vision,IM,1.5,8,0.189,1.1296,1.8704,N,,08/2023,Analyst
31-9099.02,1.A.4.a.5,Peripheral Vision,LV,0.5,8,0.189,0.1296,0.8704,N,N,08/2023,Analyst
31-9099.02,1.A.4.a.6,Depth Perception,IM,2.12,8,0.125,1.88,2.37,N,,08/2023,Analyst
31-9099.02,1.A.4.a.6,Depth Perception,LV,2.25,8,0.1637,1.9292,2.5708,N,N,08/2023,Analyst
31-9099.02,1.A.4.a.7,Glare Sensitivity,IM,1.5,8,0.189,1.1296,1.8704,N,,08/2023,Analyst
31-9099.02,1.A.4.a.7,Glare Sensitivity,LV,0.5,8,0.189,0.1296,0.8704,N,N,08/2023,Analyst
31-9099.02,1.A.4.b.1,Hearing Sensitivity,IM,2.12,8,0.125,1.88,2.37,N,,08/2023,Analyst
31-9099.02,1.A.4.b.1,Hearing Sensitivity,LV,2.0,8,0.0,2.0,2.0,N,N,08/2023,Analyst
31-9099.02,1.A.4.b.2,Auditory Attention,IM,1.88,8,0.125,1.63,2.12,N,,08/2023,Analyst
31-9099.02,1.A.4.b.2,Auditory Attention,LV,1.75,8,0.25,1.26,2.24,N,N,08/2023,Analyst
31-9099.02,1.A.4.b.3,Sound Localization,IM,1.38,8,0.183,1.0164,1.7336,N,,08/2023,Analyst
31-9099.02,1.A.4.b.3,Sound Localization,LV,0.38,8,0.183,0.0164,0.7336,N,N,08/2023,Analyst
31-9099.02,1.A.4.b.4,Speech Recognition,IM,3.25,8,0.1637,2.9292,3.5708,N,,08/2023,Analyst
31-9099.02,1.A.4.b.4,Speech Recognition,LV,3.12,8,0.125,2.88,3.37,N,N,08/2023,Analyst
31-9099.02,1.A.4.b.5,Speech Clarity,IM,3.12,8,0.125,2.88,3.37,N,,08/2023,Analyst
31-9099.02,1.A.4.b.5,Speech Clarity,LV,3.12,8,0.125,2.88,3.37,N,N,08/2023,Analyst
33-1011.00,1.A.1.a.1,Oral Comprehension,IM,4.0,8,0.0,4.0,4.0,N,,08/2020,Analyst
33-1011.00,1.A.1.a.1,Oral Comprehension,LV,4.0,8,0.0,4.0,4.0,N,N,08/2020,Analyst
33-1011.00,1.A.1.a.2,Written Comprehension,IM,3.88,8,0.125,3.63,4.12,N,,08/2020,Analyst
33-1011.00,1.A.1.a.2,Written Comprehension,LV,3.88,8,0.125,3.63,4.12,N,N,08/2020,Analyst
33-1011.00,1.A.1.a.3,Oral Expression,IM,4.0,8,0.0,4.0,4.0,N,,08/2020,Analyst
33-1011.00,1.A.1.a.3,Oral Expression,LV,4.0,8,0.0,4.0,4.0,N,N,08/2020,Analyst
33-1011.00,1.A.1.a.4,Written Expression,IM,3.75,8,0.1637,3.4292,4.0708,N,,08/2020,Analyst
33-1011.00,1.A.1.a.4,Written Expression,LV,4.0,8,0.0,4.0,4.0,N,N,08/2020,Analyst
33-1011.00,1.A.1.b.1,Fluency of Ideas,IM,3.0,8,0.0,3.0,3.0,N,,08/2020,Analyst
33-1011.00,1.A.1.b.1,Fluency of Ideas,LV,3.0,8,0.0,3.0,3.0,N,N,08/2020,Analyst
33-1011.00,1.A.1.b.2,Originality,IM,2.75,8,0.1637,2.4292,3.0708,N,,08/2020,Analyst
33-1011.00,1.A.1.b.2,Originality,LV,2.75,8,0.1637,2.4292,3.0708,N,N,08/2020,Analyst
33-1011.00,1.A.1.b.3,Problem Sensitivity,IM,4.0,8,0.0,4.0,4.0,N,,08/2020,Analyst
33-1011.00,1.A.1.b.3,Problem Sensitivity,LV,4.0,8,0.0,4.0,4.0,N,N,08/2020,Analyst
33-1011.00,1.A.1.b.4,Deductive Reasoning,IM,4.0,8,0.0,4.0,4.0,N,,08/2020,Analyst
33-1011.00,1.A.1.b.4,Deductive Reasoning,LV,4.0,8,0.0,4.0,4.0,N,N,08/2020,Analyst
33-1011.00,1.A.1.b.5,Inductive Reasoning,IM,3.75,8,0.1637,3.4292,4.0708,N,,08/2020,Analyst
33-1011.00,1.A.1.b.5,Inductive Reasoning,LV,3.88,8,0.125,3.63,4.12,N,N,08/2020,Analyst
33-1011.00,1.A.1.b.6,Information Ordering,IM,3.38,8,0.183,3.0164,3.7336,N,,08/2020,Analyst
33-1011.00,1.A.1.b.6,Information Ordering,LV,3.12,8,0.125,2.88,3.37,N,N,08/2020,Analyst
33-1011.00,1.A.1.b.7,Category Flexibility,IM,3.0,8,0.0,3.0,3.0,N,,08/2020,Analyst
33-1011.00,1.A.1.b.7,Category Flexibility,LV,3.0,8,0.0,3.0,3.0,N,N,08/2020,Analyst
33-1011.00,1.A.1.c.1,Mathematical Reasoning,IM,2.12,8,0.125,1.88,2.37,N,,08/2020,Analyst
33-1011.00,1.A.1.c.1,Mathematical Reasoning,LV,2.0,8,0.0,2.0,2.0,N,N,08/2020,Analyst
33-1011.00,1.A.1.c.2,Number Facility,IM,2.38,8,0.183,2.0164,2.7336,N,,08/2020,Analyst
33-1011.00,1.A.1.c.2,Number Facility,LV,2.25,8,0.1637,1.9292,2.5708,N,N,08/2020,Analyst
33-1011.00,1.A.1.d.1,Memorization,IM,2.62,8,0.183,2.2664,2.9836,N,,08/2020,Analyst
33-1011.00,1.A.1.d.1,Memorization,LV,2.38,8,0.183,2.0164,2.7336,N,N,08/2020,Analyst
33-1011.00,1.A.1.e.1,Speed of Closure,IM,2.75,8,0.1637,2.4292,3.0708,N,,08/2020,Analyst
33-1011.00,1.A.1.e.1,Speed of Closure,LV,2.75,8,0.1637,2.4292,3.0708,N,N,08/2020,Analyst
33-1011.00,1.A.1.e.2,Flexibility of Closure,IM,3.12,8,0.125,2.88,3.37,N,,08/2020,Analyst
33-1011.00,1.A.1.e.2,Flexibility of Closure,LV,3.25,8,0.1637,2.9292,3.5708,N,N,08/2020,Analyst
33-1011.00,1.A.1.e.3,Perceptual Speed,IM,3.12,8,0.125,2.88,3.37,N,,08/2020,Analyst
33-1011.00,1.A.1.e.3,Perceptual Speed,LV,3.12,8,0.125,2.88,3.37,N,N,08/2020,Analyst
33-1011.00,1.A.1.f.1,Spatial Orientation,IM,2.12,8,0.125,1.88,2.37,N,,08/2020,Analyst
33-1011.00,1.A.1.f.1,Spatial Orientation,LV,2.0,8,0.0,2.0,2.0,N,N,08/2020,Analyst
33-1011.00,1.A.1.f.2,Visualization,IM,2.25,8,0.1637,1.9292,2.5708,N,,08/2020,Analyst
33-1011.00,1.A.1.f.2,Visualization,LV,2.5,8,0.189,2.1296,2.8704,N,N,08/2020,Analyst
33-1011.00,1.A.1.g.1,Selective Attention,IM,3.12,8,0.125,2.88,3.37,N,,08/2020,Analyst
33-1011.00,1.A.1.g.1,Selective Attention,LV,3.62,8,0.183,3.2664,3.9836,N,N,08/2020,Analyst
33-1011.00,1.A.1.g.2,Time Sharing,IM,3.0,8,0.0,3.0,3.0,N,,08/2020,Analyst
33-1011.00,1.A.1.g.2,Time Sharing,LV,3.0,8,0.0,3.0,3.0,N,N,08/2020,Analyst
33-1011.00,1.A.2.a.1,Arm-Hand Steadiness,IM,2.38,8,0.183,2.0164,2.7336,N,,08/2020,Analyst
33-1011.00,1.A.2.a.1,Arm-Hand Steadiness,LV,2.5,8,0.189,2.1296,2.8704,N,N,08/2020,Analyst
33-1011.00,1.A.2.a.2,Manual Dexterity,IM,2.38,8,0.183,2.0164,2.7336,N,,08/2020,Analyst
33-1011.00,1.A.2.a.2,Manual Dexterity,LV,2.25,8,0.1637,1.9292,2.5708,N,N,08/2020,Analyst
33-1011.00,1.A.2.a.3,Finger Dexterity,IM,2.38,8,0.183,2.0164,2.7336,N,,08/2020,Analyst
33-1011.00,1.A.2.a.3,Finger Dexterity,LV,2.0,8,0.0,2.0,2.0,N,N,08/2020,Analyst
33-1011.00,1.A.2.b.1,Control Precision,IM,2.12,8,0.125,1.88,2.37,N,,08/2020,Analyst
33-1011.00,1.A.2.b.1,Control Precision,LV,2.12,8,0.125,1.88,2.37,N,N,08/2020,Analyst
33-1011.00,1.A.2.b.2,Multilimb Coordination,IM,2.75,8,0.1637,2.4292,3.0708,N,,08/2020,Analyst
33-1011.00,1.A.2.b.2,Multilimb Coordination,LV,2.25,8,0.1637,1.9292,2.5708,N,N,08/2020,Analyst
33-1011.00,1.A.2.b.3,Response Orientation,IM,3.0,8,0.189,2.6296,3.3704,N,,08/2020,Analyst
33-1011.00,1.A.2.b.3,Response Orientation,LV,2.88,8,0.125,2.63,3.12,N,N,08/2020,Analyst
33-1011.00,1.A.2.b.4,Rate Control,IM,1.88,8,0.125,1.63,2.12,N,,08/2020,Analyst
33-1011.00,1.A.2.b.4,Rate Control,LV,0.88,8,0.125,0.63,1.12,N,N,08/2020,Analyst
33-1011.00,1.A.2.c.1,Reaction Time,IM,3.12,8,0.125,2.88,3.37,N,,08/2020,Analyst
33-1011.00,1.A.2.c.1,Reaction Time,LV,3.12,8,0.125,2.88,3.37,N,N,08/2020,Analyst
33-1011.00,1.A.2.c.2,Wrist-Finger Speed,IM,1.62,8,0.183,1.2664,1.9836,N,,08/2020,Analyst
33-1011.00,1.A.2.c.2,Wrist-Finger Speed,LV,0.75,8,0.25,0.26,1.24,N,N,08/2020,Analyst
33-1011.00,1.A.2.c.3,Speed of Limb Movement,IM,2.0,8,0.0,2.0,2.0,N,,08/2020,Analyst
33-1011.00,1.A.2.c.3,Speed of Limb Movement,LV,1.88,8,0.125,1.63,2.12,N,N,08/2020,Analyst
33-1011.00,1.A.3.a.1,Static Strength,IM,3.12,8,0.125,2.88,3.37,N,,08/2020,Analyst
33-1011.00,1.A.3.a.1,Static Strength,LV,3.88,8,0.2266,3.4309,4.3191,N,N,08/2020,Analyst
33-1011.00,1.A.3.a.2,Explosive Strength,IM,3.12,8,0.125,2.88,3.37,N,,08/2020,Analyst
33-1011.00,1.A.3.a.2,Explosive Strength,LV,3.0,8,0.0,3.0,3.0,N,N,08/2020,Analyst
33-1011.00,1.A.3.a.3,Dynamic Strength,IM,2.5,8,0.189,2.1296,2.8704,N,,08/2020,Analyst
33-1011.00,1.A.3.a.3,Dynamic Strength,LV,2.12,8,0.125,1.88,2.37,N,N,08/2020,Analyst
33-1011.00,1.A.3.a.4,Trunk Strength,IM,3.12,8,0.125,2.88,3.37,N,,08/2020,Analyst
33-1011.00,1.A.3.a.4,Trunk Strength,LV,3.12,8,0.125,2.88,3.37,N,N,08/2020,Analyst
33-1011.00,1.A.3.b.1,Stamina,IM,3.0,8,0.0,3.0,3.0,N,,08/2020,Analyst
33-1011.00,1.A.3.b.1,Stamina,LV,3.0,8,0.0,3.0,3.0,N,N,08/2020,Analyst
33-1011.00,1.A.3.c.1,Extent Flexibility,IM,2.25,8,0.1637,1.9292,2.5708,N,,08/2020,Analyst
33-1011.00,1.A.3.c.1,Extent Flexibility,LV,2.12,8,0.125,1.88,2.37,N,N,08/2020,Analyst
33-1011.00,1.A.3.c.2,Dynamic Flexibility,IM,1.38,8,0.183,1.0164,1.7336,N,,08/2020,Analyst
33-1011.00,1.A.3.c.2,Dynamic Flexibility,LV,0.5,8,0.2673,0.0,1.0238,N,N,08/2020,Analyst
33-1011.00,1.A.3.c.3,Gross Body Coordination,IM,2.75,8,0.1637,2.4292,3.0708,N,,08/2020,Analyst
33-1011.00,1.A.3.c.3,Gross Body Coordination,LV,2.88,8,0.125,2.63,3.12,N,N,08/2020,Analyst
33-1011.00,1.A.3.c.4,Gross Body Equilibrium,IM,3.0,8,0.0,3.0,3.0,N,,08/2020,Analyst
33-1011.00,1.A.3.c.4,Gross Body Equilibrium,LV,3.0,8,0.0,3.0,3.0,N,N,08/2020,Analyst
33-1011.00,1.A.4.a.1,Near Vision,IM,3.5,8,0.189,3.1296,3.8704,N,,08/2020,Analyst
33-1011.00,1.A.4.a.1,Near Vision,LV,3.25,8,0.1637,2.9292,3.5708,N,N,08/2020,Analyst
33-1011.00,1.A.4.a.2,Far Vision,IM,3.38,8,0.183,3.0164,3.7336,N,,08/2020,Analyst
33-1011.00,1.A.4.a.2,Far Vision,LV,3.25,8,0.1637,2.9292,3.5708,N,N,08/2020,Analyst
33-1011.00,1.A.4.a.3,Visual Color Discrimination,IM,2.25,8,0.25,1.76,2.74,N,,08/2020,Analyst
33-1011.00,1.A.4.a.3,Visual Color Discrimination,LV,1.88,8,0.295,1.2967,2.4533,N,N,08/2020,Analyst
33-1011.00,1.A.4.a.4,Night Vision,IM,1.75,8,0.1637,1.4292,2.0708,N,,08/2020,Analyst
33-1011.00,1.A.4.a.4,Night Vision,LV,1.0,8,0.2673,0.4762,1.5238,N,N,08/2020,Analyst
33-1011.00,1.A.4.a.5,Peripheral Vision,IM,2.12,8,0.125,1.88,2.37,N,,08/2020,Analyst
33-1011.00,1.A.4.a.5,Peripheral Vision,LV,2.12,8,0.125,1.88,2.37,N,N,08/2020,Analyst
33-1011.00,1.A.4.a.6,Depth Perception,IM,2.38,8,0.183,2.0164,2.7336,N,,08/2020,Analyst
33-1011.00,1.A.4.a.6,Depth Perception,LV,2.0,8,0.0,2.0,2.0,N,N,08/2020,Analyst
33-1011.00,1.A.4.a.7,Glare Sensitivity,IM,1.88,8,0.125,1.63,2.12,N,,08/2020,Analyst
33-1011.00,1.A.4.a.7,Glare Sensitivity,LV,1.5,8,0.2673,0.9762,2.0238,N,N,08/2020,Analyst
33-1011.00,1.A.4.b.1,Hearing Sensitivity,IM,2.12,8,0.125,1.88,2.37,N,,08/2020,Analyst
33-1011.00,1.A.4.b.1,Hearing Sensitivity,LV,2.0,8,0.0,2.0,2.0,N,N,08/2020,Analyst
33-1011.00,1.A.4.b.2,Auditory Attention,IM,3.12,8,0.125,2.88,3.37,N,,08/2020,Analyst
33-1011.00,1.A.4.b.2,Auditory Attention,LV,3.0,8,0.0,3.0,3.0,N,N,08/2020,Analyst
33-1011.00,1.A.4.b.3,Sound Localization,IM,2.0,8,0.189,1.6296,2.3704,N,,08/2020,Analyst
33-1011.00,1.A.4.b.3,Sound Localization,LV,1.5,8,0.2673,0.9762,2.0238,N,N,08/2020,Analyst
33-1011.00,1.A.4.b.4,Speech Recognition,IM,3.5,8,0.189,3.1296,3.8704,N,,08/2020,Analyst
33-1011.00,1.A.4.b.4,Speech Recognition,LV,3.25,8,0.1637,2.9292,3.5708,N,N,08/2020,Analyst
33-1011.00,1.A.4.b.5,Speech Clarity,IM,3.62,8,0.183,3.2664,3.9836,N,,08/2020,Analyst
33-1011.00,1.A.4.b.5,Speech Clarity,LV,3.75,8,0.1637,3.4292,4.0708,N,N,08/2020,Analyst
33-1012.00,1.A.1.a.1,Oral Comprehension,IM,4.0,8,0.0,4.0,4.0,N,,08/2024,Analyst
33-1012.00,1.A.1.a.1,Oral Comprehension,LV,4.0,8,0.0,4.0,4.0,N,N,08/2024,Analyst
33-1012.00,1.A.1.a.2,Written Comprehension,IM,4.0,8,0.0,4.0,4.0,N,,08/2024,Analyst
33-1012.00,1.A.1.a.2,Written Comprehension,LV,4.0,8,0.0,4.0,4.0,N,N,08/2024,Analyst
33-1012.00,1.A.1.a.3,Oral Expression,IM,4.0,8,0.0,4.0,4.0,N,,08/2024,Analyst
33-1012.00,1.A.1.a.3,Oral Expression,LV,4.0,8,0.0,4.0,4.0,N,N,08/2024,Analyst
33-1012.00,1.A.1.a.4,Written Expression,IM,3.88,8,0.125,3.63,4.12,N,,08/2024,Analyst
33-1012.00,1.A.1.a.4,Written Expression,LV,4.0,8,0.0,4.0,4.0,N,N,08/2024,Analyst
33-1012.00,1.A.1.b.1,Fluency of Ideas,IM,3.12,8,0.125,2.88,3.37,N,,08/2024,Analyst
33-1012.00,1.A.1.b.1,Fluency of Ideas,LV,3.38,8,0.183,3.0164,3.7336,N,N,08/2024,Analyst
33-1012.00,1.A.1.b.2,Originality,IM,3.0,8,0.0,3.0,3.0,N,,08/2024,Analyst
33-1012.00,1.A.1.b.2,Originality,LV,3.12,8,0.125,2.88,3.37,N,N,08/2024,Analyst
33-1012.00,1.A.1.b.3,Problem Sensitivity,IM,4.0,8,0.0,4.0,4.0,N,,08/2024,Analyst
33-1012.00,1.A.1.b.3,Problem Sensitivity,LV,4.12,8,0.125,3.88,4.37,N,N,08/2024,Analyst
33-1012.00,1.A.1.b.4,Deductive Reasoning,IM,3.88,8,0.125,3.63,4.12,N,,08/2024,Analyst
33-1012.00,1.A.1.b.4,Deductive Reasoning,LV,4.12,8,0.125,3.88,4.37,N,N,08/2024,Analyst
33-1012.00,1.A.1.b.5,Inductive Reasoning,IM,3.88,8,0.125,3.63,4.12,N,,08/2024,Analyst
33-1012.00,1.A.1.b.5,Inductive Reasoning,LV,4.0,8,0.0,4.0,4.0,N,N,08/2024,Analyst
33-1012.00,1.A.1.b.6,Information Ordering,IM,3.75,8,0.1637,3.4292,4.0708,N,,08/2024,Analyst
33-1012.00,1.A.1.b.6,Information Ordering,LV,3.88,8,0.125,3.63,4.12,N,N,08/2024,Analyst
33-1012.00,1.A.1.b.7,Category Flexibility,IM,3.25,8,0.1637,2.9292,3.5708,N,,08/2024,Analyst
33-1012.00,1.A.1.b.7,Category Flexibility,LV,3.62,8,0.183,3.2664,3.9836,N,N,08/2024,Analyst
33-1012.00,1.A.1.c.1,Mathematical Reasoning,IM,2.62,8,0.183,2.2664,2.9836,N,,08/2024,Analyst
33-1012.00,1.A.1.c.1,Mathematical Reasoning,LV,2.62,8,0.183,2.2664,2.9836,N,N,08/2024,Analyst
33-1012.00,1.A.1.c.2,Number Facility,IM,2.5,8,0.189,2.1296,2.8704,N,,08/2024,Analyst
33-1012.00,1.A.1.c.2,Number Facility,LV,2.75,8,0.1637,2.4292,3.0708,N,N,08/2024,Analyst
33-1012.00,1.A.1.d.1,Memorization,IM,3.0,8,0.0,3.0,3.0,N,,08/2024,Analyst
33-1012.00,1.A.1.d.1,Memorization,LV,3.0,8,0.0,3.0,3.0,N,N,08/2024,Analyst
33-1012.00,1.A.1.e.1,Speed of Closure,IM,3.0,8,0.189,2.6296,3.3704,N,,08/2024,Analyst
33-1012.00,1.A.1.e.1,Speed of Closure,LV,3.0,8,0.189,2.6296,3.3704,N,N,08/2024,Analyst
33-1012.00,1.A.1.e.2,Flexibility of Closure,IM,3.12,8,0.125,2.88,3.37,N,,08/2024,Analyst
33-1012.00,1.A.1.e.2,Flexibility of Closure,LV,3.62,8,0.183,3.2664,3.9836,N,N,08/2024,Analyst
33-1012.00,1.A.1.e.3,Perceptual Speed,IM,3.0,8,0.0,3.0,3.0,N,,08/2024,Analyst
33-1012.00,1.A.1.e.3,Perceptual Speed,LV,3.0,8,0.0,3.0,3.0,N,N,08/2024,Analyst
33-1012.00,1.A.1.f.1,Spatial Orientation,IM,2.25,8,0.1637,1.9292,2.5708,N,,08/2024,Analyst
33-1012.00,1.A.1.f.1,Spatial Orientation,LV,2.25,8,0.1637,1.9292,2.5708,N,N,08/2024,Analyst
33-1012.00,1.A.1.f.2,Visualization,IM,2.75,8,0.1637,2.4292,3.0708,N,,08/2024,Analyst
33-1012.00,1.A.1.f.2,Visualization,LV,2.88,8,0.125,2.63,3.12,N,N,08/2024,Analyst
33-1012.00,1.A.1.g.1,Selective Attention,IM,3.5,8,0.189,3.1296,3.8704,N,,08/2024,Analyst
33-1012.00,1.A.1.g.1,Selective Attention,LV,3.25,8,0.1637,2.9292,3.5708,N,N,08/2024,Analyst
33-1012.00,1.A.1.g.2,Time Sharing,IM,2.88,8,0.125,2.63,3.12,N,,08/2024,Analyst
33-1012.00,1.A.1.g.2,Time Sharing,LV,3.12,8,0.125,2.88,3.37,N,N,08/2024,Analyst
33-1012.00,1.A.2.a.1,Arm-Hand Steadiness,IM,3.0,8,0.0,3.0,3.0,N,,08/2024,Analyst
33-1012.00,1.A.2.a.1,Arm-Hand Steadiness,LV,3.0,8,0.0,3.0,3.0,N,N,08/2024,Analyst
33-1012.00,1.A.2.a.2,Manual Dexterity,IM,3.0,8,0.0,3.0,3.0,N,,08/2024,Analyst
33-1012.00,1.A.2.a.2,Manual Dexterity,LV,3.0,8,0.0,3.0,3.0,N,N,08/2024,Analyst
33-1012.00,1.A.2.a.3,Finger Dexterity,IM,2.75,8,0.1637,2.4292,3.0708,N,,08/2024,Analyst
33-1012.00,1.A.2.a.3,Finger Dexterity,LV,2.75,8,0.1637,2.4292,3.0708,N,N,08/2024,Analyst
33-1012.00,1.A.2.b.1,Control Precision,IM,2.88,8,0.125,2.63,3.12,N,,08/2024,Analyst
33-1012.00,1.A.2.b.1,Control Precision,LV,2.88,8,0.125,2.63,3.12,N,N,08/2024,Analyst
33-1012.00,1.A.2.b.2,Multilimb Coordination,IM,2.88,8,0.125,2.63,3.12,N,,08/2024,Analyst
33-1012.00,1.A.2.b.2,Multilimb Coordination,LV,2.88,8,0.125,2.63,3.12,N,N,08/2024,Analyst
33-1012.00,1.A.2.b.3,Response Orientation,IM,2.88,8,0.125,2.63,3.12,N,,08/2024,Analyst
33-1012.00,1.A.2.b.3,Response Orientation,LV,2.88,8,0.125,2.63,3.12,N,N,08/2024,Analyst
33-1012.00,1.A.2.b.4,Rate Control,IM,2.38,8,0.183,2.0164,2.7336,N,,08/2024,Analyst
33-1012.00,1.A.2.b.4,Rate Control,LV,2.38,8,0.183,2.0164,2.7336,N,N,08/2024,Analyst
33-1012.00,1.A.2.c.1,Reaction Time,IM,2.88,8,0.125,2.63,3.12,N,,08/2024,Analyst
33-1012.00,1.A.2.c.1,Reaction Time,LV,3.12,8,0.125,2.88,3.37,N,N,08/2024,Analyst
33-1012.00,1.A.2.c.2,Wrist-Finger Speed,IM,2.0,8,0.0,2.0,2.0,N,,08/2024,Analyst
33-1012.00,1.A.2.c.2,Wrist-Finger Speed,LV,1.38,8,0.183,1.0164,1.7336,N,N,08/2024,Analyst
33-1012.00,1.A.2.c.3,Speed of Limb Movement,IM,2.0,8,0.0,2.0,2.0,N,,08/2024,Analyst
33-1012.00,1.A.2.c.3,Speed of Limb Movement,LV,1.88,8,0.125,1.63,2.12,N,N,08/2024,Analyst
33-1012.00,1.A.3.a.1,Static Strength,IM,2.75,8,0.1637,2.4292,3.0708,N,,08/2024,Analyst
33-1012.00,1.A.3.a.1,Static Strength,LV,2.88,8,0.125,2.63,3.12,N,N,08/2024,Analyst
33-1012.00,1.A.3.a.2,Explosive Strength,IM,2.38,8,0.183,2.0164,2.7336,N,,08/2024,Analyst
33-1012.00,1.A.3.a.2,Explosive Strength,LV,2.5,8,0.189,2.1296,2.8704,N,N,08/2024,Analyst
33-1012.00,1.A.3.a.3,Dynamic Strength,IM,2.12,8,0.125,1.88,2.37,N,,08/2024,Analyst
33-1012.00,1.A.3.a.3,Dynamic Strength,LV,2.12,8,0.125,1.88,2.37,N,N,08/2024,Analyst
33-1012.00,1.A.3.a.4,Trunk Strength,IM,2.75,8,0.1637,2.4292,3.0708,N,,08/2024,Analyst
33-1012.00,1.A.3.a.4,Trunk Strength,LV,2.62,8,0.183,2.2664,2.9836,N,N,08/2024,Analyst
33-1012.00,1.A.3.b.1,Stamina,IM,2.12,8,0.125,1.88,2.37,N,,08/2024,Analyst
33-1012.00,1.A.3.b.1,Stamina,LV,2.12,8,0.125,1.88,2.37,N,N,08/2024,Analyst
33-1012.00,1.A.3.c.1,Extent Flexibility,IM,2.0,8,0.0,2.0,2.0,N,,08/2024,Analyst
33-1012.00,1.A.3.c.1,Extent Flexibility,LV,2.0,8,0.0,2.0,2.0,N,N,08/2024,Analyst
33-1012.00,1.A.3.c.2,Dynamic Flexibility,IM,1.0,8,0.0,1.0,1.0,N,,08/2024,Analyst
33-1012.00,1.A.3.c.2,Dynamic Flexibility,LV,0.0,8,0.0,0.0,0.0,N,Y,08/2024,Analyst
33-1012.00,1.A.3.c.3,Gross Body Coordination,IM,2.12,8,0.125,1.88,2.37,N,,08/2024,Analyst
33-1012.00,1.A.3.c.3,Gross Body Coordination,LV,2.12,8,0.125,1.88,2.37,N,N,08/2024,Analyst
33-1012.00,1.A.3.c.4,Gross Body Equilibrium,IM,2.0,8,0.0,2.0,2.0,N,,08/2024,Analyst
33-1012.00,1.A.3.c.4,Gross Body Equilibrium,LV,2.0,8,0.0,2.0,2.0,N,N,08/2024,Analyst
33-1012.00,1.A.4.a.1,Near Vision,IM,3.5,8,0.189,3.1296,3.8704,N,,08/2024,Analyst
33-1012.00,1.A.4.a.1,Near Vision,LV,3.75,8,0.1637,3.4292,4.0708,N,N,08/2024,Analyst
33-1012.00,1.A.4.a.2,Far Vision,IM,3.0,8,0.0,3.0,3.0,N,,08/2024,Analyst
33-1012.00,1.A.4.a.2,Far Vision,LV,3.5,8,0.189,3.1296,3.8704,N,N,08/2024,Analyst
33-1012.00,1.A.4.a.3,Visual Color Discrimination,IM,2.5,8,0.189,2.1296,2.8704,N,,08/2024,Analyst
33-1012.00,1.A.4.a.3,Visual Color Discrimination,LV,2.75,8,0.1637,2.4292,3.0708,N,N,08/2024,Analyst
33-1012.00,1.A.4.a.4,Night Vision,IM,1.88,8,0.125,1.63,2.12,N,,08/2024,Analyst
33-1012.00,1.A.4.a.4,Night Vision,LV,1.88,8,0.295,1.2967,2.4533,N,N,08/2024,Analyst
33-1012.00,1.A.4.a.5,Peripheral Vision,IM,2.12,8,0.125,1.88,2.37,N,,08/2024,Analyst
33-1012.00,1.A.4.a.5,Peripheral Vision,LV,2.25,8,0.1637,1.9292,2.5708,N,N,08/2024,Analyst
33-1012.00,1.A.4.a.6,Depth Perception,IM,2.5,8,0.189,2.1296,2.8704,N,,08/2024,Analyst
33-1012.00,1.A.4.a.6,Depth Perception,LV,2.38,8,0.183,2.0164,2.7336,N,N,08/2024,Analyst
33-1012.00,1.A.4.a.7,Glare Sensitivity,IM,1.88,8,0.125,1.63,2.12,N,,08/2024,Analyst
33-1012.00,1.A.4.a.7,Glare Sensitivity,LV,1.88,8,0.295,1.2967,2.4533,N,N,08/2024,Analyst
33-1012.00,1.A.4.b.1,Hearing Sensitivity,IM,2.5,8,0.189,2.1296,2.8704,N,,08/2024,Analyst
33-1012.00,1.A.4.b.1,Hearing Sensitivity,LV,2.62,8,0.183,2.2664,2.9836,N,N,08/2024,Analyst
33-1012.00,1.A.4.b.2,Auditory Attention,IM,2.88,8,0.125,2.63,3.12,N,,08/2024,Analyst
33-1012.00,1.A.4.b.2,Auditory Attention,LV,2.88,8,0.125,2.63,3.12,N,N,08/2024,Analyst
33-1012.00,1.A.4.b.3,Sound Localization,IM,1.88,8,0.125,1.63,2.12,N,,08/2024,Analyst
33-1012.00,1.A.4.b.3,Sound Localization,LV,1.88,8,0.295,1.2967,2.4533,N,N,08/2024,Analyst
33-1012.00,1.A.4.b.4,Speech Recognition,IM,3.62,8,0.183,3.2664,3.9836,N,,08/2024,Analyst
33-1012.00,1.A.4.b.4,Speech Recognition,LV,3.62,8,0.183,3.2664,3.9836,N,N,08/2024,Analyst
33-1012.00,1.A.4.b.5,Speech Clarity,IM,3.62,8,0.183,3.2664,3.9836,N,,08/2024,Analyst
33-1012.00,1.A.4.b.5,Speech Clarity,LV,3.62,8,0.183,3.2664,3.9836,N,N,08/2024,Analyst
33-1021.00,1.A.1.a.1,Oral Comprehension,IM,4.12,8,0.2266,3.6809,4.5691,N,,08/2022,Analyst
33-1021.00,1.A.1.a.1,Oral Comprehension,LV,4.0,8,0.189,3.6296,4.3704,N,N,08/2022,Analyst
33-1021.00,1.A.1.a.2,Written Comprehension,IM,3.62,8,0.183,3.2664,3.9836,N,,08/2022,Analyst
33-1021.00,1.A.1.a.2,Written Comprehension,LV,3.88,8,0.2266,3.4309,4.3191,N,N,08/2022,Analyst
33-1021.00,1.A.1.a.3,Oral Expression,IM,4.25,8,0.1637,3.9292,4.5708,N,,08/2022,Analyst
33-1021.00,1.A.1.a.3,Oral Expression,LV,4.0,8,0.189,3.6296,4.3704,N,N,08/2022,Analyst
33-1021.00,1.A.1.a.4,Written Expression,IM,3.62,8,0.183,3.2664,3.9836,N,,08/2022,Analyst
33-1021.00,1.A.1.a.4,Written Expression,LV,3.75,8,0.1637,3.4292,4.0708,N,N,08/2022,Analyst
33-1021.00,1.A.1.b.1,Fluency of Ideas,IM,3.5,8,0.189,3.1296,3.8704,N,,08/2022,Analyst
33-1021.00,1.A.1.b.1,Fluency of Ideas,LV,3.5,8,0.189,3.1296,3.8704,N,N,08/2022,Analyst
33-1021.00,1.A.1.b.2,Originality,IM,3.25,8,0.1637,2.9292,3.5708,N,,08/2022,Analyst
33-1021.00,1.A.1.b.2,Originality,LV,3.25,8,0.1637,2.9292,3.5708,N,N,08/2022,Analyst
33-1021.00,1.A.1.b.3,Problem Sensitivity,IM,4.12,8,0.295,3.5467,4.7033,N,,08/2022,Analyst
33-1021.00,1.A.1.b.3,Problem Sensitivity,LV,3.62,8,0.2631,3.1094,4.1406,N,N,08/2022,Analyst
33-1021.00,1.A.1.b.4,Deductive Reasoning,IM,3.75,8,0.25,3.26,4.24,N,,08/2022,Analyst
33-1021.00,1.A.1.b.4,Deductive Reasoning,LV,3.75,8,0.1637,3.4292,4.0708,N,N,08/2022,Analyst
33-1021.00,1.A.1.b.5,Inductive Reasoning,IM,3.75,8,0.25,3.26,4.24,N,,08/2022,Analyst
33-1021.00,1.A.1.b.5,Inductive Reasoning,LV,3.62,8,0.183,3.2664,3.9836,N,N,08/2022,Analyst
33-1021.00,1.A.1.b.6,Information Ordering,IM,3.62,8,0.183,3.2664,3.9836,N,,08/2022,Analyst
33-1021.00,1.A.1.b.6,Information Ordering,LV,3.75,8,0.1637,3.4292,4.0708,N,N,08/2022,Analyst
33-1021.00,1.A.1.b.7,Category Flexibility,IM,3.38,8,0.183,3.0164,3.7336,N,,08/2022,Analyst
33-1021.00,1.A.1.b.7,Category Flexibility,LV,3.38,8,0.183,3.0164,3.7336,N,N,08/2022,Analyst
33-1021.00,1.A.1.c.1,Mathematical Reasoning,IM,2.62,8,0.183,2.2664,2.9836,N,,08/2022,Analyst
33-1021.00,1.A.1.c.1,Mathematical Reasoning,LV,2.38,8,0.183,2.0164,2.7336,N,N,08/2022,Analyst
33-1021.00,1.A.1.c.2,Number Facility,IM,2.5,8,0.189,2.1296,2.8704,N,,08/2022,Analyst
33-1021.00,1.A.1.c.2,Number Facility,LV,2.62,8,0.183,2.2664,2.9836,N,N,08/2022,Analyst
33-1021.00,1.A.1.d.1,Memorization,IM,2.88,8,0.125,2.63,3.12,N,,08/2022,Analyst
33-1021.00,1.A.1.d.1,Memorization,LV,3.25,8,0.1637,2.9292,3.5708,N,N,08/2022,Analyst
33-1021.00,1.A.1.e.1,Speed of Closure,IM,3.0,8,0.189,2.6296,3.3704,N,,08/2022,Analyst
33-1021.00,1.A.1.e.1,Speed of Closure,LV,3.25,8,0.1637,2.9292,3.5708,N,N,08/2022,Analyst
33-1021.00,1.A.1.e.2,Flexibility of Closure,IM,3.0,8,0.189,2.6296,3.3704,N,,08/2022,Analyst
33-1021.00,1.A.1.e.2,Flexibility of Closure,LV,3.62,8,0.183,3.2664,3.9836,N,N,08/2022,Analyst
33-1021.00,1.A.1.e.3,Perceptual Speed,IM,3.25,8,0.1637,2.9292,3.5708,N,,08/2022,Analyst
33-1021.00,1.A.1.e.3,Perceptual Speed,LV,3.38,8,0.183,3.0164,3.7336,N,N,08/2022,Analyst
33-1021.00,1.A.1.f.1,Spatial Orientation,IM,2.5,8,0.4226,1.6717,3.3283,N,,08/2022,Analyst
33-1021.00,1.A.1.f.1,Spatial Orientation,LV,2.12,8,0.4795,1.1852,3.0648,N,N,08/2022,Analyst
33-1021.00,1.A.1.f.2,Visualization,IM,3.12,8,0.2266,2.6809,3.5691,N,,08/2022,Analyst
33-1021.00,1.A.1.f.2,Visualization,LV,3.25,8,0.1637,2.9292,3.5708,N,N,08/2022,Analyst
33-1021.00,1.A.1.g.1,Selective Attention,IM,3.25,8,0.1637,2.9292,3.5708,N,,08/2022,Analyst
33-1021.00,1.A.1.g.1,Selective Attention,LV,3.5,8,0.189,3.1296,3.8704,N,N,08/2022,Analyst
33-1021.00,1.A.1.g.2,Time Sharing,IM,3.0,8,0.0,3.0,3.0,N,,08/2022,Analyst
33-1021.00,1.A.1.g.2,Time Sharing,LV,3.12,8,0.2266,2.6809,3.5691,N,N,08/2022,Analyst
33-1021.00,1.A.2.a.1,Arm-Hand Steadiness,IM,3.12,8,0.295,2.5467,3.7033,N,,08/2022,Analyst
33-1021.00,1.A.2.a.1,Arm-Hand Steadiness,LV,3.0,8,0.378,2.2592,3.7408,N,N,08/2022,Analyst
33-1021.00,1.A.2.a.2,Manual Dexterity,IM,3.25,8,0.1637,2.9292,3.5708,N,,08/2022,Analyst
33-1021.00,1.A.2.a.2,Manual Dexterity,LV,3.38,8,0.183,3.0164,3.7336,N,N,08/2022,Analyst
33-1021.00,1.A.2.a.3,Finger Dexterity,IM,3.0,8,0.189,2.6296,3.3704,N,,08/2022,Analyst
33-1021.00,1.A.2.a.3,Finger Dexterity,LV,2.88,8,0.2266,2.4309,3.3191,N,N,08/2022,Analyst
33-1021.00,1.A.2.b.1,Control Precision,IM,3.0,8,0.3273,2.3584,3.6416,N,,08/2022,Analyst
33-1021.00,1.A.2.b.1,Control Precision,LV,3.0,8,0.4226,2.1717,3.8283,N,N,08/2022,Analyst
33-1021.00,1.A.2.b.2,Multilimb Coordination,IM,3.0,8,0.2673,2.4762,3.5238,N,,08/2022,Analyst
33-1021.00,1.A.2.b.2,Multilimb Coordination,LV,2.88,8,0.3981,2.0947,3.6553,N,N,08/2022,Analyst
33-1021.00,1.A.2.b.3,Response Orientation,IM,2.62,8,0.3239,1.9902,3.2598,N,,08/2022,Analyst
33-1021.00,1.A.2.b.3,Response Orientation,LV,2.62,8,0.4605,1.7224,3.5276,N,N,08/2022,Analyst
33-1021.00,1.A.2.b.4,Rate Control,IM,2.38,8,0.3239,1.7402,3.0098,N,,08/2022,Analyst
33-1021.00,1.A.2.b.4,Rate Control,LV,2.5,8,0.5345,1.4523,3.5477,Y,N,08/2022,Analyst
33-1021.00,1.A.2.c.1,Reaction Time,IM,2.88,8,0.3504,2.1883,3.5617,N,,08/2022,Analyst
33-1021.00,1.A.2.c.1,Reaction Time,LV,2.88,8,0.5489,1.7991,3.9509,Y,N,08/2022,Analyst
33-1021.00,1.A.2.c.2,Wrist-Finger Speed,IM,2.25,8,0.3134,1.6358,2.8642,N,,08/2022,Analyst
33-1021.00,1.A.2.c.2,Wrist-Finger Speed,LV,2.12,8,0.4795,1.1852,3.0648,N,N,08/2022,Analyst
33-1021.00,1.A.2.c.3,Speed of Limb Movement,IM,2.12,8,0.3504,1.4383,2.8117,N,,08/2022,Analyst
33-1021.00,1.A.2.c.3,Speed of Limb Movement,LV,1.62,8,0.5324,0.5814,2.6686,Y,N,08/2022,Analyst
33-1021.00,1.A.3.a.1,Static Strength,IM,3.12,8,0.295,2.5467,3.7033,N,,08/2022,Analyst
33-1021.00,1.A.3.a.1,Static Strength,LV,3.12,8,0.295,2.5467,3.7033,N,N,08/2022,Analyst
33-1021.00,1.A.3.a.2,Explosive Strength,IM,3.12,8,0.2266,2.6809,3.5691,N,,08/2022,Analyst
33-1021.00,1.A.3.a.2,Explosive Strength,LV,2.62,8,0.3239,1.9902,3.2598,N,N,08/2022,Analyst
33-1021.00,1.A.3.a.3,Dynamic Strength,IM,2.75,8,0.25,2.26,3.24,N,,08/2022,Analyst
33-1021.00,1.A.3.a.3,Dynamic Strength,LV,2.62,8,0.183,2.2664,2.9836,N,N,08/2022,Analyst
33-1021.00,1.A.3.a.4,Trunk Strength,IM,3.25,8,0.1637,2.9292,3.5708,N,,08/2022,Analyst
33-1021.00,1.A.3.a.4,Trunk Strength,LV,3.38,8,0.183,3.0164,3.7336,N,N,08/2022,Analyst
33-1021.00,1.A.3.b.1,Stamina,IM,2.88,8,0.295,2.2967,3.4533,N,,08/2022,Analyst
33-1021.00,1.A.3.b.1,Stamina,LV,2.88,8,0.295,2.2967,3.4533,N,N,08/2022,Analyst
33-1021.00,1.A.3.c.1,Extent Flexibility,IM,3.0,8,0.2673,2.4762,3.5238,N,,08/2022,Analyst
33-1021.00,1.A.3.c.1,Extent Flexibility,LV,3.0,8,0.2673,2.4762,3.5238,N,N,08/2022,Analyst
33-1021.00,1.A.3.c.2,Dynamic Flexibility,IM,1.75,8,0.366,1.0327,2.4673,N,,08/2022,Analyst
33-1021.00,1.A.3.c.2,Dynamic Flexibility,LV,1.0,8,0.4226,0.1717,1.8283,N,N,08/2022,Analyst
33-1021.00,1.A.3.c.3,Gross Body Coordination,IM,2.75,8,0.3134,2.1358,3.3642,N,,08/2022,Analyst
33-1021.00,1.A.3.c.3,Gross Body Coordination,LV,2.5,8,0.2673,1.9762,3.0238,N,N,08/2022,Analyst
33-1021.00,1.A.3.c.4,Gross Body Equilibrium,IM,3.0,8,0.2673,2.4762,3.5238,N,,08/2022,Analyst
33-1021.00,1.A.3.c.4,Gross Body Equilibrium,LV,2.75,8,0.1637,2.4292,3.0708,N,N,08/2022,Analyst
33-1021.00,1.A.4.a.1,Near Vision,IM,4.0,8,0.189,3.6296,4.3704,N,,08/2022,Analyst
33-1021.00,1.A.4.a.1,Near Vision,LV,3.75,8,0.1637,3.4292,4.0708,N,N,08/2022,Analyst
33-1021.00,1.A.4.a.2,Far Vision,IM,3.25,8,0.25,2.76,3.74,N,,08/2022,Analyst
33-1021.00,1.A.4.a.2,Far Vision,LV,3.25,8,0.1637,2.9292,3.5708,N,N,08/2022,Analyst
33-1021.00,1.A.4.a.3,Visual Color Discrimination,IM,3.0,8,0.189,2.6296,3.3704,N,,08/2022,Analyst
33-1021.00,1.A.4.a.3,Visual Color Discrimination,LV,3.0,8,0.189,2.6296,3.3704,N,N,08/2022,Analyst
33-1021.00,1.A.4.a.4,Night Vision,IM,2.12,8,0.2266,1.6809,2.5691,N,,08/2022,Analyst
33-1021.00,1.A.4.a.4,Night Vision,LV,2.0,8,0.4226,1.1717,2.8283,N,N,08/2022,Analyst
33-1021.00,1.A.4.a.5,Peripheral Vision,IM,2.12,8,0.2266,1.6809,2.5691,N,,08/2022,Analyst
33-1021.00,1.A.4.a.5,Peripheral Vision,LV,2.25,8,0.4532,1.3618,3.1382,N,N,08/2022,Analyst
33-1021.00,1.A.4.a.6,Depth Perception,IM,2.38,8,0.3239,1.7402,3.0098,N,,08/2022,Analyst
33-1021.00,1.A.4.a.6,Depth Perception,LV,2.38,8,0.4199,1.5519,3.1981,N,N,08/2022,Analyst
33-1021.00,1.A.4.a.7,Glare Sensitivity,IM,2.5,8,0.189,2.1296,2.8704,N,,08/2022,Analyst
33-1021.00,1.A.4.a.7,Glare Sensitivity,LV,2.38,8,0.3239,1.7402,3.0098,N,N,08/2022,Analyst
33-1021.00,1.A.4.b.1,Hearing Sensitivity,IM,2.62,8,0.183,2.2664,2.9836,N,,08/2022,Analyst
33-1021.00,1.A.4.b.1,Hearing Sensitivity,LV,2.75,8,0.1637,2.4292,3.0708,N,N,08/2022,Analyst
33-1021.00,1.A.4.b.2,Auditory Attention,IM,2.88,8,0.2266,2.4309,3.3191,N,,08/2022,Analyst
33-1021.00,1.A.4.b.2,Auditory Attention,LV,3.0,8,0.189,2.6296,3.3704,N,N,08/2022,Analyst
33-1021.00,1.A.4.b.3,Sound Localization,IM,2.12,8,0.3504,1.4383,2.8117,N,,08/2022,Analyst
33-1021.00,1.A.4.b.3,Sound Localization,LV,1.88,8,0.5154,0.8648,2.8852,Y,N,08/2022,Analyst
33-1021.00,1.A.4.b.4,Speech Recognition,IM,3.62,8,0.183,3.2664,3.9836,N,,08/2022,Analyst
33-1021.00,1.A.4.b.4,Speech Recognition,LV,3.75,8,0.1637,3.4292,4.0708,N,N,08/2022,Analyst
33-1021.00,1.A.4.b.5,Speech Clarity,IM,3.62,8,0.183,3.2664,3.9836,N,,08/2022,Analyst
33-1021.00,1.A.4.b.5,Speech Clarity,LV,3.5,8,0.189,3.1296,3.8704,N,N,08/2022,Analyst
33-2011.00,1.A.1.a.1,Oral Comprehension,IM,3.88,8,0.125,3.63,4.12,N,,08/2022,Analyst
33-2011.00,1.A.1.a.1,Oral Comprehension,LV,4.25,8,0.1637,3.9292,4.5708,N,N,08/2022,Analyst
33-2011.00,1.A.1.a.2,Written Comprehension,IM,3.38,8,0.2631,2.8594,3.8906,N,,08/2022,Analyst
33-2011.00,1.A.1.a.2,Written Comprehension,LV,3.38,8,0.183,3.0164,3.7336,N,N,08/2022,Analyst
33-2011.00,1.A.1.a.3,Oral Expression,IM,3.75,8,0.1637,3.4292,4.0708,N,,08/2022,Analyst
33-2011.00,1.A.1.a.3,Oral Expression,LV,4.0,8,0.0,4.0,4.0,N,N,08/2022,Analyst
33-2011.00,1.A.1.a.4,Written Expression,IM,3.0,8,0.2673,2.4762,3.5238,N,,08/2022,Analyst
33-2011.00,1.A.1.a.4,Written Expression,LV,3.5,8,0.189,3.1296,3.8704,N,N,08/2022,Analyst
33-2011.00,1.A.1.b.1,Fluency of Ideas,IM,2.88,8,0.125,2.63,3.12,N,,08/2022,Analyst
33-2011.00,1.A.1.b.1,Fluency of Ideas,LV,3.12,8,0.2266,2.6809,3.5691,N,N,08/2022,Analyst
33-2011.00,1.A.1.b.2,Originality,IM,2.62,8,0.183,2.2664,2.9836,N,,08/2022,Analyst
33-2011.00,1.A.1.b.2,Originality,LV,2.75,8,0.1637,2.4292,3.0708,N,N,08/2022,Analyst
33-2011.00,1.A.1.b.3,Problem Sensitivity,IM,4.12,8,0.125,3.88,4.37,N,,08/2022,Analyst
33-2011.00,1.A.1.b.3,Problem Sensitivity,LV,4.5,8,0.2673,3.9762,5.0238,N,N,08/2022,Analyst
33-2011.00,1.A.1.b.4,Deductive Reasoning,IM,3.75,8,0.1637,3.4292,4.0708,N,,08/2022,Analyst
33-2011.00,1.A.1.b.4,Deductive Reasoning,LV,3.88,8,0.125,3.63,4.12,N,N,08/2022,Analyst
33-2011.00,1.A.1.b.5,Inductive Reasoning,IM,3.62,8,0.183,3.2664,3.9836,N,,08/2022,Analyst
33-2011.00,1.A.1.b.5,Inductive Reasoning,LV,3.88,8,0.125,3.63,4.12,N,N,08/2022,Analyst
33-2011.00,1.A.1.b.6,Information Ordering,IM,3.5,8,0.189,3.1296,3.8704,N,,08/2022,Analyst
33-2011.00,1.A.1.b.6,Information Ordering,LV,3.5,8,0.189,3.1296,3.8704,N,N,08/2022,Analyst
33-2011.00,1.A.1.b.7,Category Flexibility,IM,3.12,8,0.2266,2.6809,3.5691,N,,08/2022,Analyst
33-2011.00,1.A.1.b.7,Category Flexibility,LV,3.25,8,0.1637,2.9292,3.5708,N,N,08/2022,Analyst
33-2011.00,1.A.1.c.1,Mathematical Reasoning,IM,2.62,8,0.183,2.2664,2.9836,N,,08/2022,Analyst
33-2011.00,1.A.1.c.1,Mathematical Reasoning,LV,2.75,8,0.1637,2.4292,3.0708,N,N,08/2022,Analyst
33-2011.00,1.A.1.c.2,Number Facility,IM,2.62,8,0.183,2.2664,2.9836,N,,08/2022,Analyst
33-2011.00,1.A.1.c.2,Number Facility,LV,2.62,8,0.183,2.2664,2.9836,N,N,08/2022,Analyst
33-2011.00,1.A.1.d.1,Memorization,IM,2.88,8,0.125,2.63,3.12,N,,08/2022,Analyst
33-2011.00,1.A.1.d.1,Memorization,LV,3.12,8,0.125,2.88,3.37,N,N,08/2022,Analyst
33-2011.00,1.A.1.e.1,Speed of Closure,IM,3.12,8,0.2266,2.6809,3.5691,N,,08/2022,Analyst
33-2011.00,1.A.1.e.1,Speed of Closure,LV,3.25,8,0.3134,2.6358,3.8642,N,N,08/2022,Analyst
33-2011.00,1.A.1.e.2,Flexibility of Closure,IM,3.5,8,0.189,3.1296,3.8704,N,,08/2022,Analyst
33-2011.00,1.A.1.e.2,Flexibility of Closure,LV,3.88,8,0.2266,3.4309,4.3191,N,N,08/2022,Analyst
33-2011.00,1.A.1.e.3,Perceptual Speed,IM,3.38,8,0.2631,2.8594,3.8906,N,,08/2022,Analyst
33-2011.00,1.A.1.e.3,Perceptual Speed,LV,3.5,8,0.2673,2.9762,4.0238,N,N,08/2022,Analyst
33-2011.00,1.A.1.f.1,Spatial Orientation,IM,3.25,8,0.25,2.76,3.74,N,,08/2022,Analyst
33-2011.00,1.A.1.f.1,Spatial Orientation,LV,3.0,8,0.189,2.6296,3.3704,N,N,08/2022,Analyst
33-2011.00,1.A.1.f.2,Visualization,IM,3.25,8,0.1637,2.9292,3.5708,N,,08/2022,Analyst
33-2011.00,1.A.1.f.2,Visualization,LV,3.5,8,0.189,3.1296,3.8704,N,N,08/2022,Analyst
33-2011.00,1.A.1.g.1,Selective Attention,IM,3.12,8,0.2266,2.6809,3.5691,N,,08/2022,Analyst
33-2011.00,1.A.1.g.1,Selective Attention,LV,2.88,8,0.125,2.63,3.12,N,N,08/2022,Analyst
33-2011.00,1.A.1.g.2,Time Sharing,IM,2.75,8,0.1637,2.4292,3.0708,N,,08/2022,Analyst
33-2011.00,1.A.1.g.2,Time Sharing,LV,2.88,8,0.2266,2.4309,3.3191,N,N,08/2022,Analyst
33-2011.00,1.A.2.a.1,Arm-Hand Steadiness,IM,3.75,8,0.1637,3.4292,4.0708,N,,08/2022,Analyst
33-2011.00,1.A.2.a.1,Arm-Hand Steadiness,LV,3.62,8,0.2631,3.1094,4.1406,N,N,08/2022,Analyst
33-2011.00,1.A.2.a.2,Manual Dexterity,IM,3.5,8,0.189,3.1296,3.8704,N,,08/2022,Analyst
33-2011.00,1.A.2.a.2,Manual Dexterity,LV,3.38,8,0.183,3.0164,3.7336,N,N,08/2022,Analyst
33-2011.00,1.A.2.a.3,Finger Dexterity,IM,3.0,8,0.0,3.0,3.0,N,,08/2022,Analyst
33-2011.00,1.A.2.a.3,Finger Dexterity,LV,3.0,8,0.189,2.6296,3.3704,N,N,08/2022,Analyst
33-2011.00,1.A.2.b.1,Control Precision,IM,3.62,8,0.183,3.2664,3.9836,N,,08/2022,Analyst
33-2011.00,1.A.2.b.1,Control Precision,LV,3.88,8,0.125,3.63,4.12,N,N,08/2022,Analyst
33-2011.00,1.A.2.b.2,Multilimb Coordination,IM,3.62,8,0.183,3.2664,3.9836,N,,08/2022,Analyst
33-2011.00,1.A.2.b.2,Multilimb Coordination,LV,3.88,8,0.125,3.63,4.12,N,N,08/2022,Analyst
33-2011.00,1.A.2.b.3,Response Orientation,IM,3.0,8,0.189,2.6296,3.3704,N,,08/2022,Analyst
33-2011.00,1.A.2.b.3,Response Orientation,LV,3.38,8,0.2631,2.8594,3.8906,N,N,08/2022,Analyst
33-2011.00,1.A.2.b.4,Rate Control,IM,2.88,8,0.2266,2.4309,3.3191,N,,08/2022,Analyst
33-2011.00,1.A.2.b.4,Rate Control,LV,3.0,8,0.2673,2.4762,3.5238,N,N,08/2022,Analyst
33-2011.00,1.A.2.c.1,Reaction Time,IM,3.5,8,0.189,3.1296,3.8704,N,,08/2022,Analyst
33-2011.00,1.A.2.c.1,Reaction Time,LV,4.0,8,0.378,3.2592,4.7408,N,N,08/2022,Analyst
33-2011.00,1.A.2.c.2,Wrist-Finger Speed,IM,2.5,8,0.189,2.1296,2.8704,N,,08/2022,Analyst
33-2011.00,1.A.2.c.2,Wrist-Finger Speed,LV,2.62,8,0.183,2.2664,2.9836,N,N,08/2022,Analyst
33-2011.00,1.A.2.c.3,Speed of Limb Movement,IM,2.88,8,0.295,2.2967,3.4533,N,,08/2022,Analyst
33-2011.00,1.A.2.c.3,Speed of Limb Movement,LV,2.5,8,0.189,2.1296,2.8704,N,N,08/2022,Analyst
33-2011.00,1.A.3.a.1,Static Strength,IM,3.75,8,0.25,3.26,4.24,N,,08/2022,Analyst
33-2011.00,1.A.3.a.1,Static Strength,LV,4.38,8,0.375,3.64,5.11,N,N,08/2022,Analyst
33-2011.00,1.A.3.a.2,Explosive Strength,IM,3.12,8,0.125,2.88,3.37,N,,08/2022,Analyst
33-2011.00,1.A.3.a.2,Explosive Strength,LV,3.38,8,0.2631,2.8594,3.8906,N,N,08/2022,Analyst
33-2011.00,1.A.3.a.3,Dynamic Strength,IM,3.5,8,0.2673,2.9762,4.0238,N,,08/2022,Analyst
33-2011.00,1.A.3.a.3,Dynamic Strength,LV,3.75,8,0.4119,2.9427,4.5573,N,N,08/2022,Analyst
33-2011.00,1.A.3.a.4,Trunk Strength,IM,3.5,8,0.189,3.1296,3.8704,N,,08/2022,Analyst
33-2011.00,1.A.3.a.4,Trunk Strength,LV,3.88,8,0.295,3.2967,4.4533,N,N,08/2022,Analyst
33-2011.00,1.A.3.b.1,Stamina,IM,3.62,8,0.2631,3.1094,4.1406,N,,08/2022,Analyst
33-2011.00,1.A.3.b.1,Stamina,LV,3.88,8,0.295,3.2967,4.4533,N,N,08/2022,Analyst
33-2011.00,1.A.3.c.1,Extent Flexibility,IM,3.38,8,0.3239,2.7402,4.0098,N,,08/2022,Analyst
33-2011.00,1.A.3.c.1,Extent Flexibility,LV,3.75,8,0.366,3.0327,4.4673,N,N,08/2022,Analyst
33-2011.00,1.A.3.c.2,Dynamic Flexibility,IM,2.12,8,0.3504,1.4383,2.8117,N,,08/2022,Analyst
33-2011.00,1.A.3.c.2,Dynamic Flexibility,LV,1.88,8,0.4795,0.9352,2.8148,N,N,08/2022,Analyst
33-2011.00,1.A.3.c.3,Gross Body Coordination,IM,3.12,8,0.295,2.5467,3.7033,N,,08/2022,Analyst
33-2011.00,1.A.3.c.3,Gross Body Coordination,LV,3.25,8,0.3134,2.6358,3.8642,N,N,08/2022,Analyst
33-2011.00,1.A.3.c.4,Gross Body Equilibrium,IM,3.0,8,0.189,2.6296,3.3704,N,,08/2022,Analyst
33-2011.00,1.A.3.c.4,Gross Body Equilibrium,LV,3.12,8,0.2266,2.6809,3.5691,N,N,08/2022,Analyst
33-2011.00,1.A.4.a.1,Near Vision,IM,3.62,8,0.183,3.2664,3.9836,N,,08/2022,Analyst
33-2011.00,1.A.4.a.1,Near Vision,LV,3.62,8,0.2631,3.1094,4.1406,N,N,08/2022,Analyst
33-2011.00,1.A.4.a.2,Far Vision,IM,3.75,8,0.1637,3.4292,4.0708,N,,08/2022,Analyst
33-2011.00,1.A.4.a.2,Far Vision,LV,3.88,8,0.2266,3.4309,4.3191,N,N,08/2022,Analyst
33-2011.00,1.A.4.a.3,Visual Color Discrimination,IM,3.12,8,0.2266,2.6809,3.5691,N,,08/2022,Analyst
33-2011.00,1.A.4.a.3,Visual Color Discrimination,LV,3.5,8,0.3273,2.8584,4.1416,N,N,08/2022,Analyst
33-2011.00,1.A.4.a.4,Night Vision,IM,2.38,8,0.2631,1.8594,2.8906,N,,08/2022,Analyst
33-2011.00,1.A.4.a.4,Night Vision,LV,2.62,8,0.3239,1.9902,3.2598,N,N,08/2022,Analyst
33-2011.00,1.A.4.a.5,Peripheral Vision,IM,2.62,8,0.2631,2.1094,3.1406,N,,08/2022,Analyst
33-2011.00,1.A.4.a.5,Peripheral Vision,LV,2.62,8,0.3239,1.9902,3.2598,N,N,08/2022,Analyst
33-2011.00,1.A.4.a.6,Depth Perception,IM,3.12,8,0.125,2.88,3.37,N,,08/2022,Analyst
33-2011.00,1.A.4.a.6,Depth Perception,LV,3.25,8,0.1637,2.9292,3.5708,N,N,08/2022,Analyst
33-2011.00,1.A.4.a.7,Glare Sensitivity,IM,2.62,8,0.183,2.2664,2.9836,N,,08/2022,Analyst
33-2011.00,1.A.4.a.7,Glare Sensitivity,LV,2.75,8,0.3134,2.1358,3.3642,N,N,08/2022,Analyst
33-2011.00,1.A.4.b.1,Hearing Sensitivity,IM,2.88,8,0.2266,2.4309,3.3191,N,,08/2022,Analyst
33-2011.00,1.A.4.b.1,Hearing Sensitivity,LV,3.0,8,0.2673,2.4762,3.5238,N,N,08/2022,Analyst
33-2011.00,1.A.4.b.2,Auditory Attention,IM,3.38,8,0.183,3.0164,3.7336,N,,08/2022,Analyst
33-2011.00,1.A.4.b.2,Auditory Attention,LV,3.62,8,0.2631,3.1094,4.1406,N,N,08/2022,Analyst
33-2011.00,1.A.4.b.3,Sound Localization,IM,2.5,8,0.2673,1.9762,3.0238,N,,08/2022,Analyst
33-2011.00,1.A.4.b.3,Sound Localization,LV,2.62,8,0.2631,2.1094,3.1406,N,N,08/2022,Analyst
33-2011.00,1.A.4.b.4,Speech Recognition,IM,3.5,8,0.189,3.1296,3.8704,N,,08/2022,Analyst
33-2011.00,1.A.4.b.4,Speech Recognition,LV,3.38,8,0.183,3.0164,3.7336,N,N,08/2022,Analyst
33-2011.00,1.A.4.b.5,Speech Clarity,IM,3.62,8,0.183,3.2664,3.9836,N,,08/2022,Analyst
33-2011.00,1.A.4.b.5,Speech Clarity,LV,3.38,8,0.183,3.0164,3.7336,N,N,08/2022,Analyst
33-2021.00,1.A.1.a.1,Oral Comprehension,IM,4.0,8,0.189,3.6296,4.3704,N,,08/2022,Analyst
33-2021.00,1.A.1.a.1,Oral Comprehension,LV,4.12,8,0.125,3.88,4.37,N,N,08/2022,Analyst
33-2021.00,1.A.1.a.2,Written Comprehension,IM,4.0,8,0.189,3.6296,4.3704,N,,08/2022,Analyst
33-2021.00,1.A.1.a.2,Written Comprehension,LV,4.0,8,0.189,3.6296,4.3704,N,N,08/2022,Analyst
33-2021.00,1.A.1.a.3,Oral Expression,IM,3.88,8,0.295,3.2967,4.4533,N,,08/2022,Analyst
33-2021.00,1.A.1.a.3,Oral Expression,LV,4.0,8,0.189,3.6296,4.3704,N,N,08/2022,Analyst
33-2021.00,1.A.1.a.4,Written Expression,IM,4.0,8,0.3273,3.3584,4.6416,N,,08/2022,Analyst
33-2021.00,1.A.1.a.4,Written Expression,LV,4.0,8,0.3273,3.3584,4.6416,N,N,08/2022,Analyst
33-2021.00,1.A.1.b.1,Fluency of Ideas,IM,3.12,8,0.2266,2.6809,3.5691,N,,08/2022,Analyst
33-2021.00,1.A.1.b.1,Fluency of Ideas,LV,3.0,8,0.2673,2.4762,3.5238,N,N,08/2022,Analyst
33-2021.00,1.A.1.b.2,Originality,IM,3.0,8,0.189,2.6296,3.3704,N,,08/2022,Analyst
33-2021.00,1.A.1.b.2,Originality,LV,3.0,8,0.3273,2.3584,3.6416,N,N,08/2022,Analyst
33-2021.00,1.A.1.b.3,Problem Sensitivity,IM,4.12,8,0.295,3.5467,4.7033,N,,08/2022,Analyst
33-2021.00,1.A.1.b.3,Problem Sensitivity,LV,3.88,8,0.295,3.2967,4.4533,N,N,08/2022,Analyst
33-2021.00,1.A.1.b.4,Deductive Reasoning,IM,3.88,8,0.295,3.2967,4.4533,N,,08/2022,Analyst
33-2021.00,1.A.1.b.4,Deductive Reasoning,LV,4.0,8,0.2673,3.4762,4.5238,N,N,08/2022,Analyst
33-2021.00,1.A.1.b.5,Inductive Reasoning,IM,3.75,8,0.25,3.26,4.24,N,,08/2022,Analyst
33-2021.00,1.A.1.b.5,Inductive Reasoning,LV,3.88,8,0.2266,3.4309,4.3191,N,N,08/2022,Analyst
33-2021.00,1.A.1.b.6,Information Ordering,IM,3.75,8,0.25,3.26,4.24,N,,08/2022,Analyst
33-2021.00,1.A.1.b.6,Information Ordering,LV,3.62,8,0.2631,3.1094,4.1406,N,N,08/2022,Analyst
33-2021.00,1.A.1.b.7,Category Flexibility,IM,3.5,8,0.189,3.1296,3.8704,N,,08/2022,Analyst
33-2021.00,1.A.1.b.7,Category Flexibility,LV,3.62,8,0.183,3.2664,3.9836,N,N,08/2022,Analyst
33-2021.00,1.A.1.c.1,Mathematical Reasoning,IM,2.38,8,0.183,2.0164,2.7336,N,,08/2022,Analyst
33-2021.00,1.A.1.c.1,Mathematical Reasoning,LV,2.25,8,0.366,1.5327,2.9673,N,N,08/2022,Analyst
33-2021.00,1.A.1.c.2,Number Facility,IM,2.5,8,0.189,2.1296,2.8704,N,,08/2022,Analyst
33-2021.00,1.A.1.c.2,Number Facility,LV,2.38,8,0.183,2.0164,2.7336,N,N,08/2022,Analyst
33-2021.00,1.A.1.d.1,Memorization,IM,2.62,8,0.183,2.2664,2.9836,N,,08/2022,Analyst
33-2021.00,1.A.1.d.1,Memorization,LV,2.88,8,0.3504,2.1883,3.5617,N,N,08/2022,Analyst
33-2021.00,1.A.1.e.1,Speed of Closure,IM,2.62,8,0.2631,2.1094,3.1406,N,,08/2022,Analyst
33-2021.00,1.A.1.e.1,Speed of Closure,LV,2.75,8,0.3134,2.1358,3.3642,N,N,08/2022,Analyst
33-2021.00,1.A.1.e.2,Flexibility of Closure,IM,3.5,8,0.3273,2.8584,4.1416,N,,08/2022,Analyst
33-2021.00,1.A.1.e.2,Flexibility of Closure,LV,3.75,8,0.25,3.26,4.24,N,N,08/2022,Analyst
33-2021.00,1.A.1.e.3,Perceptual Speed,IM,2.88,8,0.125,2.63,3.12,N,,08/2022,Analyst
33-2021.00,1.A.1.e.3,Perceptual Speed,LV,3.12,8,0.2266,2.6809,3.5691,N,N,08/2022,Analyst
33-2021.00,1.A.1.f.1,Spatial Orientation,IM,2.38,8,0.183,2.0164,2.7336,N,,08/2022,Analyst
33-2021.00,1.A.1.f.1,Spatial Orientation,LV,2.5,8,0.3273,1.8584,3.1416,N,N,08/2022,Analyst
33-2021.00,1.A.1.f.2,Visualization,IM,2.75,8,0.25,2.26,3.24,N,,08/2022,Analyst
33-2021.00,1.A.1.f.2,Visualization,LV,2.88,8,0.295,2.2967,3.4533,N,N,08/2022,Analyst
33-2021.00,1.A.1.g.1,Selective Attention,IM,3.38,8,0.183,3.0164,3.7336,N,,08/2022,Analyst
33-2021.00,1.A.1.g.1,Selective Attention,LV,3.38,8,0.183,3.0164,3.7336,N,N,08/2022,Analyst
33-2021.00,1.A.1.g.2,Time Sharing,IM,2.62,8,0.183,2.2664,2.9836,N,,08/2022,Analyst
33-2021.00,1.A.1.g.2,Time Sharing,LV,2.75,8,0.1637,2.4292,3.0708,N,N,08/2022,Analyst
33-2021.00,1.A.2.a.1,Arm-Hand Steadiness,IM,2.62,8,0.183,2.2664,2.9836,N,,08/2022,Analyst
33-2021.00,1.A.2.a.1,Arm-Hand Steadiness,LV,2.38,8,0.183,2.0164,2.7336,N,N,08/2022,Analyst
33-2021.00,1.A.2.a.2,Manual Dexterity,IM,2.5,8,0.189,2.1296,2.8704,N,,08/2022,Analyst
33-2021.00,1.A.2.a.2,Manual Dexterity,LV,2.12,8,0.295,1.5467,2.7033,N,N,08/2022,Analyst
33-2021.00,1.A.2.a.3,Finger Dexterity,IM,2.25,8,0.1637,1.9292,2.5708,N,,08/2022,Analyst
33-2021.00,1.A.2.a.3,Finger Dexterity,LV,2.12,8,0.2266,1.6809,2.5691,N,N,08/2022,Analyst
33-2021.00,1.A.2.b.1,Control Precision,IM,2.25,8,0.1637,1.9292,2.5708,N,,08/2022,Analyst
33-2021.00,1.A.2.b.1,Control Precision,LV,2.12,8,0.2266,1.6809,2.5691,N,N,08/2022,Analyst
33-2021.00,1.A.2.b.2,Multilimb Coordination,IM,2.38,8,0.183,2.0164,2.7336,N,,08/2022,Analyst
33-2021.00,1.A.2.b.2,Multilimb Coordination,LV,2.38,8,0.2631,1.8594,2.8906,N,N,08/2022,Analyst
33-2021.00,1.A.2.b.3,Response Orientation,IM,2.0,8,0.189,1.6296,2.3704,N,,08/2022,Analyst
33-2021.00,1.A.2.b.3,Response Orientation,LV,1.62,8,0.3239,0.9902,2.2598,N,N,08/2022,Analyst
33-2021.00,1.A.2.b.4,Rate Control,IM,1.88,8,0.125,1.63,2.12,N,,08/2022,Analyst
33-2021.00,1.A.2.b.4,Rate Control,LV,1.38,8,0.3239,0.7402,2.0098,N,N,08/2022,Analyst
33-2021.00,1.A.2.c.1,Reaction Time,IM,2.0,8,0.189,1.6296,2.3704,N,,08/2022,Analyst
33-2021.00,1.A.2.c.1,Reaction Time,LV,2.25,8,0.4532,1.3618,3.1382,N,N,08/2022,Analyst
33-2021.00,1.A.2.c.2,Wrist-Finger Speed,IM,2.25,8,0.25,1.76,2.74,N,,08/2022,Analyst
33-2021.00,1.A.2.c.2,Wrist-Finger Speed,LV,2.25,8,0.491,1.2877,3.2123,N,N,08/2022,Analyst
33-2021.00,1.A.2.c.3,Speed of Limb Movement,IM,1.25,8,0.1637,1.0,1.5708,N,,08/2022,Analyst
33-2021.00,1.A.2.c.3,Speed of Limb Movement,LV,0.5,8,0.3273,0.0,1.1416,N,Y,08/2022,Analyst
33-2021.00,1.A.3.a.1,Static Strength,IM,2.25,8,0.1637,1.9292,2.5708,N,,08/2022,Analyst
33-2021.00,1.A.3.a.1,Static Strength,LV,2.25,8,0.25,1.76,2.74,N,N,08/2022,Analyst
33-2021.00,1.A.3.a.2,Explosive Strength,IM,2.12,8,0.125,1.88,2.37,N,,08/2022,Analyst
33-2021.00,1.A.3.a.2,Explosive Strength,LV,2.0,8,0.2673,1.4762,2.5238,N,N,08/2022,Analyst
33-2021.00,1.A.3.a.3,Dynamic Strength,IM,2.25,8,0.1637,1.9292,2.5708,N,,08/2022,Analyst
33-2021.00,1.A.3.a.3,Dynamic Strength,LV,2.0,8,0.2673,1.4762,2.5238,N,N,08/2022,Analyst
33-2021.00,1.A.3.a.4,Trunk Strength,IM,2.75,8,0.1637,2.4292,3.0708,N,,08/2022,Analyst
33-2021.00,1.A.3.a.4,Trunk Strength,LV,2.62,8,0.3239,1.9902,3.2598,N,N,08/2022,Analyst
33-2021.00,1.A.3.b.1,Stamina,IM,2.25,8,0.25,1.76,2.74,N,,08/2022,Analyst
33-2021.00,1.A.3.b.1,Stamina,LV,1.5,8,0.3273,0.8584,2.1416,N,N,08/2022,Analyst
33-2021.00,1.A.3.c.1,Extent Flexibility,IM,2.25,8,0.25,1.76,2.74,N,,08/2022,Analyst
33-2021.00,1.A.3.c.1,Extent Flexibility,LV,2.12,8,0.3504,1.4383,2.8117,N,N,08/2022,Analyst
33-2021.00,1.A.3.c.2,Dynamic Flexibility,IM,1.12,8,0.125,1.0,1.37,N,,08/2022,Analyst
33-2021.00,1.A.3.c.2,Dynamic Flexibility,LV,0.12,8,0.125,0.0,0.37,N,Y,08/2022,Analyst
33-2021.00,1.A.3.c.3,Gross Body Coordination,IM,1.75,8,0.1637,1.4292,2.0708,N,,08/2022,Analyst
33-2021.00,1.A.3.c.3,Gross Body Coordination,LV,1.75,8,0.4119,0.9427,2.5573,N,N,08/2022,Analyst
33-2021.00,1.A.3.c.4,Gross Body Equilibrium,IM,2.25,8,0.25,1.76,2.74,N,,08/2022,Analyst
33-2021.00,1.A.3.c.4,Gross Body Equilibrium,LV,1.88,8,0.295,1.2967,2.4533,N,N,08/2022,Analyst
33-2021.00,1.A.4.a.1,Near Vision,IM,3.62,8,0.2631,3.1094,4.1406,N,,08/2022,Analyst
33-2021.00,1.A.4.a.1,Near Vision,LV,3.38,8,0.3239,2.7402,4.0098,N,N,08/2022,Analyst
33-2021.00,1.A.4.a.2,Far Vision,IM,3.12,8,0.2266,2.6809,3.5691,N,,08/2022,Analyst
33-2021.00,1.A.4.a.2,Far Vision,LV,3.0,8,0.2673,2.4762,3.5238,N,N,08/2022,Analyst
33-2021.00,1.A.4.a.3,Visual Color Discrimination,IM,3.12,8,0.2266,2.6809,3.5691,N,,08/2022,Analyst
33-2021.00,1.A.4.a.3,Visual Color Discrimination,LV,2.62,8,0.2631,2.1094,3.1406,N,N,08/2022,Analyst
33-2021.00,1.A.4.a.4,Night Vision,IM,2.0,8,0.189,1.6296,2.3704,N,,08/2022,Analyst
33-2021.00,1.A.4.a.4,Night Vision,LV,1.62,8,0.3239,0.9902,2.2598,N,N,08/2022,Analyst
33-2021.00,1.A.4.a.5,Peripheral Vision,IM,2.38,8,0.183,2.0164,2.7336,N,,08/2022,Analyst
33-2021.00,1.A.4.a.5,Peripheral Vision,LV,1.62,8,0.2631,1.1094,2.1406,N,N,08/2022,Analyst
33-2021.00,1.A.4.a.6,Depth Perception,IM,2.5,8,0.189,2.1296,2.8704,N,,08/2022,Analyst
33-2021.00,1.A.4.a.6,Depth Perception,LV,2.38,8,0.2631,1.8594,2.8906,N,N,08/2022,Analyst
33-2021.00,1.A.4.a.7,Glare Sensitivity,IM,2.25,8,0.1637,1.9292,2.5708,N,,08/2022,Analyst
33-2021.00,1.A.4.a.7,Glare Sensitivity,LV,2.12,8,0.125,1.88,2.37,N,N,08/2022,Analyst
33-2021.00,1.A.4.b.1,Hearing Sensitivity,IM,2.38,8,0.2631,1.8594,2.8906,N,,08/2022,Analyst
33-2021.00,1.A.4.b.1,Hearing Sensitivity,LV,2.25,8,0.366,1.5327,2.9673,N,N,08/2022,Analyst
33-2021.00,1.A.4.b.2,Auditory Attention,IM,2.5,8,0.2673,1.9762,3.0238,N,,08/2022,Analyst
33-2021.00,1.A.4.b.2,Auditory Attention,LV,2.38,8,0.4199,1.5519,3.1981,N,N,08/2022,Analyst
33-2021.00,1.A.4.b.3,Sound Localization,IM,2.0,8,0.189,1.6296,2.3704,N,,08/2022,Analyst
33-2021.00,1.A.4.b.3,Sound Localization,LV,1.5,8,0.3273,0.8584,2.1416,N,N,08/2022,Analyst
33-2021.00,1.A.4.b.4,Speech Recognition,IM,3.38,8,0.183,3.0164,3.7336,N,,08/2022,Analyst
33-2021.00,1.A.4.b.4,Speech Recognition,LV,3.88,8,0.2266,3.4309,4.3191,N,N,08/2022,Analyst
33-2021.00,1.A.4.b.5,Speech Clarity,IM,3.38,8,0.183,3.0164,3.7336,N,,08/2022,Analyst
33-2021.00,1.A.4.b.5,Speech Clarity,LV,3.75,8,0.25,3.26,4.24,N,N,08/2022,Analyst
33-2022.00,1.A.1.a.1,Oral Comprehension,IM,3.88,8,0.125,3.63,4.12,N,,08/2019,Analyst
33-2022.00,1.A.1.a.1,Oral Comprehension,LV,4.0,8,0.0,4.0,4.0,N,N,08/2019,Analyst
33-2022.00,1.A.1.a.2,Written Comprehension,IM,3.5,8,0.189,3.1296,3.8704,N,,08/2019,Analyst
33-2022.00,1.A.1.a.2,Written Comprehension,LV,3.5,8,0.189,3.1296,3.8704,N,N,08/2019,Analyst
33-2022.00,1.A.1.a.3,Oral Expression,IM,4.0,8,0.0,4.0,4.0,N,,08/2019,Analyst
33-2022.00,1.A.1.a.3,Oral Expression,LV,4.0,8,0.0,4.0,4.0,N,N,08/2019,Analyst
33-2022.00,1.A.1.a.4,Written Expression,IM,3.25,8,0.1637,2.9292,3.5708,N,,08/2019,Analyst
33-2022.00,1.A.1.a.4,Written Expression,LV,3.38,8,0.183,3.0164,3.7336,N,N,08/2019,Analyst
33-2022.00,1.A.1.b.1,Fluency of Ideas,IM,2.88,8,0.125,2.63,3.12,N,,08/2019,Analyst
33-2022.00,1.A.1.b.1,Fluency of Ideas,LV,2.88,8,0.125,2.63,3.12,N,N,08/2019,Analyst
33-2022.00,1.A.1.b.2,Originality,IM,3.0,8,0.189,2.6296,3.3704,N,,08/2019,Analyst
33-2022.00,1.A.1.b.2,Originality,LV,3.0,8,0.189,2.6296,3.3704,N,N,08/2019,Analyst
33-2022.00,1.A.1.b.3,Problem Sensitivity,IM,4.0,8,0.0,4.0,4.0,N,,08/2019,Analyst
33-2022.00,1.A.1.b.3,Problem Sensitivity,LV,4.12,8,0.125,3.88,4.37,N,N,08/2019,Analyst
33-2022.00,1.A.1.b.4,Deductive Reasoning,IM,3.62,8,0.183,3.2664,3.9836,N,,08/2019,Analyst
33-2022.00,1.A.1.b.4,Deductive Reasoning,LV,3.62,8,0.183,3.2664,3.9836,N,N,08/2019,Analyst
33-2022.00,1.A.1.b.5,Inductive Reasoning,IM,3.5,8,0.189,3.1296,3.8704,N,,08/2019,Analyst
33-2022.00,1.A.1.b.5,Inductive Reasoning,LV,3.62,8,0.183,3.2664,3.9836,N,N,08/2019,Analyst
33-2022.00,1.A.1.b.6,Information Ordering,IM,3.12,8,0.125,2.88,3.37,N,,08/2019,Analyst
33-2022.00,1.A.1.b.6,Information Ordering,LV,3.12,8,0.125,2.88,3.37,N,N,08/2019,Analyst
33-2022.00,1.A.1.b.7,Category Flexibility,IM,3.0,8,0.0,3.0,3.0,N,,08/2019,Analyst
33-2022.00,1.A.1.b.7,Category Flexibility,LV,3.12,8,0.125,2.88,3.37,N,N,08/2019,Analyst
33-2022.00,1.A.1.c.1,Mathematical Reasoning,IM,2.38,8,0.183,2.0164,2.7336,N,,08/2019,Analyst
33-2022.00,1.A.1.c.1,Mathematical Reasoning,LV,2.62,8,0.183,2.2664,2.9836,N,N,08/2019,Analyst
33-2022.00,1.A.1.c.2,Number Facility,IM,2.62,8,0.183,2.2664,2.9836,N,,08/2019,Analyst
33-2022.00,1.A.1.c.2,Number Facility,LV,2.62,8,0.183,2.2664,2.9836,N,N,08/2019,Analyst
33-2022.00,1.A.1.d.1,Memorization,IM,2.25,8,0.1637,1.9292,2.5708,N,,08/2019,Analyst
33-2022.00,1.A.1.d.1,Memorization,LV,2.25,8,0.1637,1.9292,2.5708,N,N,08/2019,Analyst
33-2022.00,1.A.1.e.1,Speed of Closure,IM,3.12,8,0.125,2.88,3.37,N,,08/2019,Analyst
33-2022.00,1.A.1.e.1,Speed of Closure,LV,3.25,8,0.25,2.76,3.74,N,N,08/2019,Analyst
33-2022.00,1.A.1.e.2,Flexibility of Closure,IM,3.5,8,0.189,3.1296,3.8704,N,,08/2019,Analyst
33-2022.00,1.A.1.e.2,Flexibility of Closure,LV,3.88,8,0.2266,3.4309,4.3191,N,N,08/2019,Analyst
33-2022.00,1.A.1.e.3,Perceptual Speed,IM,3.25,8,0.1637,2.9292,3.5708,N,,08/2019,Analyst
33-2022.00,1.A.1.e.3,Perceptual Speed,LV,3.25,8,0.1637,2.9292,3.5708,N,N,08/2019,Analyst
33-2022.00,1.A.1.f.1,Spatial Orientation,IM,2.38,8,0.183,2.0164,2.7336,N,,08/2019,Analyst
33-2022.00,1.A.1.f.1,Spatial Orientation,LV,2.38,8,0.183,2.0164,2.7336,N,N,08/2019,Analyst
33-2022.00,1.A.1.f.2,Visualization,IM,2.75,8,0.1637,2.4292,3.0708,N,,08/2019,Analyst
33-2022.00,1.A.1.f.2,Visualization,LV,2.88,8,0.125,2.63,3.12,N,N,08/2019,Analyst
33-2022.00,1.A.1.g.1,Selective Attention,IM,3.0,8,0.0,3.0,3.0,N,,08/2019,Analyst
33-2022.00,1.A.1.g.1,Selective Attention,LV,3.12,8,0.125,2.88,3.37,N,N,08/2019,Analyst
33-2022.00,1.A.1.g.2,Time Sharing,IM,2.62,8,0.183,2.2664,2.9836,N,,08/2019,Analyst
33-2022.00,1.A.1.g.2,Time Sharing,LV,2.88,8,0.125,2.63,3.12,N,N,08/2019,Analyst
33-2022.00,1.A.2.a.1,Arm-Hand Steadiness,IM,2.75,8,0.1637,2.4292,3.0708,N,,08/2019,Analyst
33-2022.00,1.A.2.a.1,Arm-Hand Steadiness,LV,2.75,8,0.1637,2.4292,3.0708,N,N,08/2019,Analyst
33-2022.00,1.A.2.a.2,Manual Dexterity,IM,2.5,8,0.189,2.1296,2.8704,N,,08/2019,Analyst
33-2022.00,1.A.2.a.2,Manual Dexterity,LV,2.38,8,0.183,2.0164,2.7336,N,N,08/2019,Analyst
33-2022.00,1.A.2.a.3,Finger Dexterity,IM,2.5,8,0.189,2.1296,2.8704,N,,08/2019,Analyst
33-2022.00,1.A.2.a.3,Finger Dexterity,LV,2.62,8,0.183,2.2664,2.9836,N,N,08/2019,Analyst
33-2022.00,1.A.2.b.1,Control Precision,IM,2.75,8,0.1637,2.4292,3.0708,N,,08/2019,Analyst
33-2022.00,1.A.2.b.1,Control Precision,LV,2.88,8,0.125,2.63,3.12,N,N,08/2019,Analyst
33-2022.00,1.A.2.b.2,Multilimb Coordination,IM,3.0,8,0.0,3.0,3.0,N,,08/2019,Analyst
33-2022.00,1.A.2.b.2,Multilimb Coordination,LV,3.0,8,0.0,3.0,3.0,N,N,08/2019,Analyst
33-2022.00,1.A.2.b.3,Response Orientation,IM,2.25,8,0.1637,1.9292,2.5708,N,,08/2019,Analyst
33-2022.00,1.A.2.b.3,Response Orientation,LV,2.0,8,0.2673,1.4762,2.5238,N,N,08/2019,Analyst
33-2022.00,1.A.2.b.4,Rate Control,IM,2.0,8,0.189,1.6296,2.3704,N,,08/2019,Analyst
33-2022.00,1.A.2.b.4,Rate Control,LV,1.38,8,0.2631,0.8594,1.8906,N,N,08/2019,Analyst
33-2022.00,1.A.2.c.1,Reaction Time,IM,2.12,8,0.125,1.88,2.37,N,,08/2019,Analyst
33-2022.00,1.A.2.c.1,Reaction Time,LV,2.0,8,0.189,1.6296,2.3704,N,N,08/2019,Analyst
33-2022.00,1.A.2.c.2,Wrist-Finger Speed,IM,1.88,8,0.125,1.63,2.12,N,,08/2019,Analyst
33-2022.00,1.A.2.c.2,Wrist-Finger Speed,LV,1.12,8,0.2266,0.6809,1.5691,N,N,08/2019,Analyst
33-2022.00,1.A.2.c.3,Speed of Limb Movement,IM,1.88,8,0.125,1.63,2.12,N,,08/2019,Analyst
33-2022.00,1.A.2.c.3,Speed of Limb Movement,LV,1.38,8,0.2631,0.8594,1.8906,N,N,08/2019,Analyst
33-2022.00,1.A.3.a.1,Static Strength,IM,2.25,8,0.1637,1.9292,2.5708,N,,08/2019,Analyst
33-2022.00,1.A.3.a.1,Static Strength,LV,2.25,8,0.1637,1.9292,2.5708,N,N,08/2019,Analyst
33-2022.00,1.A.3.a.2,Explosive Strength,IM,1.62,8,0.183,1.2664,1.9836,N,,08/2019,Analyst
33-2022.00,1.A.3.a.2,Explosive Strength,LV,0.88,8,0.295,0.2967,1.4533,N,N,08/2019,Analyst
33-2022.00,1.A.3.a.3,Dynamic Strength,IM,2.12,8,0.125,1.88,2.37,N,,08/2019,Analyst
33-2022.00,1.A.3.a.3,Dynamic Strength,LV,2.0,8,0.189,1.6296,2.3704,N,N,08/2019,Analyst
33-2022.00,1.A.3.a.4,Trunk Strength,IM,2.62,8,0.2631,2.1094,3.1406,N,,08/2019,Analyst
33-2022.00,1.A.3.a.4,Trunk Strength,LV,2.75,8,0.25,2.26,3.24,N,N,08/2019,Analyst
33-2022.00,1.A.3.b.1,Stamina,IM,2.38,8,0.183,2.0164,2.7336,N,,08/2019,Analyst
33-2022.00,1.A.3.b.1,Stamina,LV,2.12,8,0.125,1.88,2.37,N,N,08/2019,Analyst
33-2022.00,1.A.3.c.1,Extent Flexibility,IM,2.38,8,0.183,2.0164,2.7336,N,,08/2019,Analyst
33-2022.00,1.A.3.c.1,Extent Flexibility,LV,2.25,8,0.1637,1.9292,2.5708,N,N,08/2019,Analyst
33-2022.00,1.A.3.c.2,Dynamic Flexibility,IM,1.38,8,0.183,1.0164,1.7336,N,,08/2019,Analyst
33-2022.00,1.A.3.c.2,Dynamic Flexibility,LV,0.5,8,0.2673,0.0,1.0238,N,N,08/2019,Analyst
33-2022.00,1.A.3.c.3,Gross Body Coordination,IM,2.0,8,0.0,2.0,2.0,N,,08/2019,Analyst
33-2022.00,1.A.3.c.3,Gross Body Coordination,LV,2.0,8,0.0,2.0,2.0,N,N,08/2019,Analyst
33-2022.00,1.A.3.c.4,Gross Body Equilibrium,IM,2.12,8,0.2266,1.6809,2.5691,N,,08/2019,Analyst
33-2022.00,1.A.3.c.4,Gross Body Equilibrium,LV,1.62,8,0.3239,0.9902,2.2598,N,N,08/2019,Analyst
33-2022.00,1.A.4.a.1,Near Vision,IM,3.62,8,0.183,3.2664,3.9836,N,,08/2019,Analyst
33-2022.00,1.A.4.a.1,Near Vision,LV,3.62,8,0.183,3.2664,3.9836,N,N,08/2019,Analyst
33-2022.00,1.A.4.a.2,Far Vision,IM,3.5,8,0.189,3.1296,3.8704,N,,08/2019,Analyst
33-2022.00,1.A.4.a.2,Far Vision,LV,3.62,8,0.2631,3.1094,4.1406,N,N,08/2019,Analyst
33-2022.00,1.A.4.a.3,Visual Color Discrimination,IM,2.62,8,0.183,2.2664,2.9836,N,,08/2019,Analyst
33-2022.00,1.A.4.a.3,Visual Color Discrimination,LV,2.62,8,0.183,2.2664,2.9836,N,N,08/2019,Analyst
33-2022.00,1.A.4.a.4,Night Vision,IM,1.88,8,0.125,1.63,2.12,N,,08/2019,Analyst
33-2022.00,1.A.4.a.4,Night Vision,LV,1.12,8,0.2266,0.6809,1.5691,N,N,08/2019,Analyst
33-2022.00,1.A.4.a.5,Peripheral Vision,IM,2.12,8,0.125,1.88,2.37,N,,08/2019,Analyst
33-2022.00,1.A.4.a.5,Peripheral Vision,LV,1.38,8,0.183,1.0164,1.7336,N,N,08/2019,Analyst
33-2022.00,1.A.4.a.6,Depth Perception,IM,3.0,8,0.0,3.0,3.0,N,,08/2019,Analyst
33-2022.00,1.A.4.a.6,Depth Perception,LV,3.0,8,0.0,3.0,3.0,N,N,08/2019,Analyst
33-2022.00,1.A.4.a.7,Glare Sensitivity,IM,2.12,8,0.125,1.88,2.37,N,,08/2019,Analyst
33-2022.00,1.A.4.a.7,Glare Sensitivity,LV,1.62,8,0.2631,1.1094,2.1406,N,N,08/2019,Analyst
33-2022.00,1.A.4.b.1,Hearing Sensitivity,IM,2.12,8,0.125,1.88,2.37,N,,08/2019,Analyst
33-2022.00,1.A.4.b.1,Hearing Sensitivity,LV,2.12,8,0.125,1.88,2.37,N,N,08/2019,Analyst
33-2022.00,1.A.4.b.2,Auditory Attention,IM,2.25,8,0.1637,1.9292,2.5708,N,,08/2019,Analyst
33-2022.00,1.A.4.b.2,Auditory Attention,LV,2.25,8,0.1637,1.9292,2.5708,N,N,08/2019,Analyst
33-2022.00,1.A.4.b.3,Sound Localization,IM,1.88,8,0.125,1.63,2.12,N,,08/2019,Analyst
33-2022.00,1.A.4.b.3,Sound Localization,LV,1.12,8,0.2266,0.6809,1.5691,N,N,08/2019,Analyst
33-2022.00,1.A.4.b.4,Speech Recognition,IM,3.12,8,0.125,2.88,3.37,N,,08/2019,Analyst
33-2022.00,1.A.4.b.4,Speech Recognition,LV,3.0,8,0.0,3.0,3.0,N,N,08/2019,Analyst
33-2022.00,1.A.4.b.5,Speech Clarity,IM,3.38,8,0.183,3.0164,3.7336,N,,08/2019,Analyst
33-2022.00,1.A.4.b.5,Speech Clarity,LV,3.38,8,0.183,3.0164,3.7336,N,N,08/2019,Analyst
33-3011.00,1.A.1.a.1,Oral Comprehension,IM,3.62,8,0.183,3.2664,3.9836,N,,08/2020,Analyst
33-3011.00,1.A.1.a.1,Oral Comprehension,LV,3.25,8,0.1637,2.9292,3.5708,N,N,08/2020,Analyst
33-3011.00,1.A.1.a.2,Written Comprehension,IM,3.0,8,0.0,3.0,3.0,N,,08/2020,Analyst
33-3011.00,1.A.1.a.2,Written Comprehension,LV,3.0,8,0.0,3.0,3.0,N,N,08/2020,Analyst
33-3011.00,1.A.1.a.3,Oral Expression,IM,3.75,8,0.1637,3.4292,4.0708,N,,08/2020,Analyst
33-3011.00,1.A.1.a.3,Oral Expression,LV,3.25,8,0.1637,2.9292,3.5708,N,N,08/2020,Analyst
33-3011.00,1.A.1.a.4,Written Expression,IM,2.75,8,0.1637,2.4292,3.0708,N,,08/2020,Analyst
33-3011.00,1.A.1.a.4,Written Expression,LV,2.25,8,0.1637,1.9292,2.5708,N,N,08/2020,Analyst
33-3011.00,1.A.1.b.1,Fluency of Ideas,IM,2.0,8,0.0,2.0,2.0,N,,08/2020,Analyst
33-3011.00,1.A.1.b.1,Fluency of Ideas,LV,1.62,8,0.183,1.2664,1.9836,N,N,08/2020,Analyst
33-3011.00,1.A.1.b.2,Originality,IM,2.0,8,0.0,2.0,2.0,N,,08/2020,Analyst
33-3011.00,1.A.1.b.2,Originality,LV,1.38,8,0.183,1.0164,1.7336,N,N,08/2020,Analyst
33-3011.00,1.A.1.b.3,Problem Sensitivity,IM,3.88,8,0.125,3.63,4.12,N,,08/2020,Analyst
33-3011.00,1.A.1.b.3,Problem Sensitivity,LV,3.88,8,0.125,3.63,4.12,N,N,08/2020,Analyst
33-3011.00,1.A.1.b.4,Deductive Reasoning,IM,3.12,8,0.125,2.88,3.37,N,,08/2020,Analyst
33-3011.00,1.A.1.b.4,Deductive Reasoning,LV,3.0,8,0.0,3.0,3.0,N,N,08/2020,Analyst
33-3011.00,1.A.1.b.5,Inductive Reasoning,IM,3.0,8,0.0,3.0,3.0,N,,08/2020,Analyst
33-3011.00,1.A.1.b.5,Inductive Reasoning,LV,3.0,8,0.0,3.0,3.0,N,N,08/2020,Analyst
33-3011.00,1.A.1.b.6,Information Ordering,IM,3.0,8,0.0,3.0,3.0,N,,08/2020,Analyst
33-3011.00,1.A.1.b.6,Information Ordering,LV,2.88,8,0.125,2.63,3.12,N,N,08/2020,Analyst
33-3011.00,1.A.1.b.7,Category Flexibility,IM,2.12,8,0.125,1.88,2.37,N,,08/2020,Analyst
33-3011.00,1.A.1.b.7,Category Flexibility,LV,2.25,8,0.1637,1.9292,2.5708,N,N,08/2020,Analyst
33-3011.00,1.A.1.c.1,Mathematical Reasoning,IM,1.38,8,0.183,1.0164,1.7336,N,,08/2020,Analyst
33-3011.00,1.A.1.c.1,Mathematical Reasoning,LV,0.5,8,0.2673,0.0,1.0238,N,N,08/2020,Analyst
33-3011.00,1.A.1.c.2,Number Facility,IM,1.75,8,0.1637,1.4292,2.0708,N,,08/2020,Analyst
33-3011.00,1.A.1.c.2,Number Facility,LV,0.88,8,0.2266,0.4309,1.3191,N,N,08/2020,Analyst
33-3011.00,1.A.1.d.1,Memorization,IM,2.12,8,0.125,1.88,2.37,N,,08/2020,Analyst
33-3011.00,1.A.1.d.1,Memorization,LV,1.88,8,0.125,1.63,2.12,N,N,08/2020,Analyst
33-3011.00,1.A.1.e.1,Speed of Closure,IM,2.38,8,0.183,2.0164,2.7336,N,,08/2020,Analyst
33-3011.00,1.A.1.e.1,Speed of Closure,LV,2.25,8,0.1637,1.9292,2.5708,N,N,08/2020,Analyst
33-3011.00,1.A.1.e.2,Flexibility of Closure,IM,2.38,8,0.183,2.0164,2.7336,N,,08/2020,Analyst
33-3011.00,1.A.1.e.2,Flexibility of Closure,LV,2.25,8,0.25,1.76,2.74,N,N,08/2020,Analyst
33-3011.00,1.A.1.e.3,Perceptual Speed,IM,2.38,8,0.183,2.0164,2.7336,N,,08/2020,Analyst
33-3011.00,1.A.1.e.3,Perceptual Speed,LV,2.25,8,0.1637,1.9292,2.5708,N,N,08/2020,Analyst
33-3011.00,1.A.1.f.1,Spatial Orientation,IM,1.75,8,0.1637,1.4292,2.0708,N,,08/2020,Analyst
33-3011.00,1.A.1.f.1,Spatial Orientation,LV,0.88,8,0.2266,0.4309,1.3191,N,N,08/2020,Analyst
33-3011.00,1.A.1.f.2,Visualization,IM,2.0,8,0.189,1.6296,2.3704,N,,08/2020,Analyst
33-3011.00,1.A.1.f.2,Visualization,LV,1.38,8,0.3239,0.7402,2.0098,N,N,08/2020,Analyst
33-3011.00,1.A.1.g.1,Selective Attention,IM,3.75,8,0.1637,3.4292,4.0708,N,,08/2020,Analyst
33-3011.00,1.A.1.g.1,Selective Attention,LV,3.12,8,0.125,2.88,3.37,N,N,08/2020,Analyst
33-3011.00,1.A.1.g.2,Time Sharing,IM,2.62,8,0.183,2.2664,2.9836,N,,08/2020,Analyst
33-3011.00,1.A.1.g.2,Time Sharing,LV,2.5,8,0.189,2.1296,2.8704,N,N,08/2020,Analyst
33-3011.00,1.A.2.a.1,Arm-Hand Steadiness,IM,2.0,8,0.0,2.0,2.0,N,,08/2020,Analyst
33-3011.00,1.A.2.a.1,Arm-Hand Steadiness,LV,1.5,8,0.189,1.1296,1.8704,N,N,08/2020,Analyst
33-3011.00,1.A.2.a.2,Manual Dexterity,IM,2.0,8,0.0,2.0,2.0,N,,08/2020,Analyst
33-3011.00,1.A.2.a.2,Manual Dexterity,LV,1.25,8,0.1637,0.9292,1.5708,N,N,08/2020,Analyst
33-3011.00,1.A.2.a.3,Finger Dexterity,IM,2.0,8,0.0,2.0,2.0,N,,08/2020,Analyst
33-3011.00,1.A.2.a.3,Finger Dexterity,LV,1.38,8,0.183,1.0164,1.7336,N,N,08/2020,Analyst
33-3011.00,1.A.2.b.1,Control Precision,IM,1.75,8,0.25,1.26,2.24,N,,08/2020,Analyst
33-3011.00,1.A.2.b.1,Control Precision,LV,0.88,8,0.295,0.2967,1.4533,N,N,08/2020,Analyst
33-3011.00,1.A.2.b.2,Multilimb Coordination,IM,2.38,8,0.183,2.0164,2.7336,N,,08/2020,Analyst
33-3011.00,1.A.2.b.2,Multilimb Coordination,LV,2.12,8,0.125,1.88,2.37,N,N,08/2020,Analyst
33-3011.00,1.A.2.b.3,Response Orientation,IM,2.38,8,0.183,2.0164,2.7336,N,,08/2020,Analyst
33-3011.00,1.A.2.b.3,Response Orientation,LV,2.5,8,0.189,2.1296,2.8704,N,N,08/2020,Analyst
33-3011.00,1.A.2.b.4,Rate Control,IM,1.5,8,0.189,1.1296,1.8704,N,,08/2020,Analyst
33-3011.00,1.A.2.b.4,Rate Control,LV,0.75,8,0.3134,0.1358,1.3642,N,N,08/2020,Analyst
33-3011.00,1.A.2.c.1,Reaction Time,IM,2.5,8,0.189,2.1296,2.8704,N,,08/2020,Analyst
33-3011.00,1.A.2.c.1,Reaction Time,LV,2.88,8,0.125,2.63,3.12,N,N,08/2020,Analyst
33-3011.00,1.A.2.c.2,Wrist-Finger Speed,IM,1.25,8,0.1637,1.0,1.5708,N,,08/2020,Analyst
33-3011.00,1.A.2.c.2,Wrist-Finger Speed,LV,0.38,8,0.2631,0.0,0.8906,N,Y,08/2020,Analyst
33-3011.00,1.A.2.c.3,Speed of Limb Movement,IM,2.12,8,0.125,1.88,2.37,N,,08/2020,Analyst
33-3011.00,1.A.2.c.3,Speed of Limb Movement,LV,2.0,8,0.189,1.6296,2.3704,N,N,08/2020,Analyst
33-3011.00,1.A.3.a.1,Static Strength,IM,3.0,8,0.0,3.0,3.0,N,,08/2020,Analyst
33-3011.00,1.A.3.a.1,Static Strength,LV,3.25,8,0.1637,2.9292,3.5708,N,N,08/2020,Analyst
33-3011.00,1.A.3.a.2,Explosive Strength,IM,2.38,8,0.183,2.0164,2.7336,N,,08/2020,Analyst
33-3011.00,1.A.3.a.2,Explosive Strength,LV,3.12,8,0.125,2.88,3.37,N,N,08/2020,Analyst
33-3011.00,1.A.3.a.3,Dynamic Strength,IM,2.12,8,0.125,1.88,2.37,N,,08/2020,Analyst
33-3011.00,1.A.3.a.3,Dynamic Strength,LV,2.25,8,0.1637,1.9292,2.5708,N,N,08/2020,Analyst
33-3011.00,1.A.3.a.4,Trunk Strength,IM,3.0,8,0.0,3.0,3.0,N,,08/2020,Analyst
33-3011.00,1.A.3.a.4,Trunk Strength,LV,3.0,8,0.0,3.0,3.0,N,N,08/2020,Analyst
33-3011.00,1.A.3.b.1,Stamina,IM,2.25,8,0.1637,1.9292,2.5708,N,,08/2020,Analyst
33-3011.00,1.A.3.b.1,Stamina,LV,2.25,8,0.1637,1.9292,2.5708,N,N,08/2020,Analyst
33-3011.00,1.A.3.c.1,Extent Flexibility,IM,2.12,8,0.125,1.88,2.37,N,,08/2020,Analyst
33-3011.00,1.A.3.c.1,Extent Flexibility,LV,2.12,8,0.125,1.88,2.37,N,N,08/2020,Analyst
33-3011.00,1.A.3.c.2,Dynamic Flexibility,IM,1.0,8,0.0,1.0,1.0,N,,08/2020,Analyst
33-3011.00,1.A.3.c.2,Dynamic Flexibility,LV,0.0,8,0.0,0.0,0.0,N,Y,08/2020,Analyst
33-3011.00,1.A.3.c.3,Gross Body Coordination,IM,2.0,8,0.0,2.0,2.0,N,,08/2020,Analyst
33-3011.00,1.A.3.c.3,Gross Body Coordination,LV,2.25,8,0.1637,1.9292,2.5708,N,N,08/2020,Analyst
33-3011.00,1.A.3.c.4,Gross Body Equilibrium,IM,2.0,8,0.0,2.0,2.0,N,,08/2020,Analyst
33-3011.00,1.A.3.c.4,Gross Body Equilibrium,LV,2.0,8,0.0,2.0,2.0,N,N,08/2020,Analyst
33-3011.00,1.A.4.a.1,Near Vision,IM,3.38,8,0.183,3.0164,3.7336,N,,08/2020,Analyst
33-3011.00,1.A.4.a.1,Near Vision,LV,3.12,8,0.125,2.88,3.37,N,N,08/2020,Analyst
33-3011.00,1.A.4.a.2,Far Vision,IM,2.88,8,0.125,2.63,3.12,N,,08/2020,Analyst
33-3011.00,1.A.4.a.2,Far Vision,LV,2.88,8,0.125,2.63,3.12,N,N,08/2020,Analyst
33-3011.00,1.A.4.a.3,Visual Color Discrimination,IM,2.12,8,0.125,1.88,2.37,N,,08/2020,Analyst
33-3011.00,1.A.4.a.3,Visual Color Discrimination,LV,1.5,8,0.2673,0.9762,2.0238,N,N,08/2020,Analyst
33-3011.00,1.A.4.a.4,Night Vision,IM,1.5,8,0.189,1.1296,1.8704,N,,08/2020,Analyst
33-3011.00,1.A.4.a.4,Night Vision,LV,0.75,8,0.3134,0.1358,1.3642,N,N,08/2020,Analyst
33-3011.00,1.A.4.a.5,Peripheral Vision,IM,1.62,8,0.183,1.2664,1.9836,N,,08/2020,Analyst
33-3011.00,1.A.4.a.5,Peripheral Vision,LV,1.0,8,0.3273,0.3584,1.6416,N,N,08/2020,Analyst
33-3011.00,1.A.4.a.6,Depth Perception,IM,2.12,8,0.125,1.88,2.37,N,,08/2020,Analyst
33-3011.00,1.A.4.a.6,Depth Perception,LV,1.5,8,0.2673,0.9762,2.0238,N,N,08/2020,Analyst
33-3011.00,1.A.4.a.7,Glare Sensitivity,IM,1.5,8,0.189,1.1296,1.8704,N,,08/2020,Analyst
33-3011.00,1.A.4.a.7,Glare Sensitivity,LV,0.62,8,0.2631,0.1094,1.1406,N,N,08/2020,Analyst
33-3011.00,1.A.4.b.1,Hearing Sensitivity,IM,2.0,8,0.0,2.0,2.0,N,,08/2020,Analyst
33-3011.00,1.A.4.b.1,Hearing Sensitivity,LV,1.25,8,0.1637,0.9292,1.5708,N,N,08/2020,Analyst
33-3011.00,1.A.4.b.2,Auditory Attention,IM,2.12,8,0.125,1.88,2.37,N,,08/2020,Analyst
33-3011.00,1.A.4.b.2,Auditory Attention,LV,2.0,8,0.0,2.0,2.0,N,N,08/2020,Analyst
33-3011.00,1.A.4.b.3,Sound Localization,IM,1.62,8,0.183,1.2664,1.9836,N,,08/2020,Analyst
33-3011.00,1.A.4.b.3,Sound Localization,LV,0.75,8,0.25,0.26,1.24,N,N,08/2020,Analyst
33-3011.00,1.A.4.b.4,Speech Recognition,IM,3.62,8,0.183,3.2664,3.9836,N,,08/2020,Analyst
33-3011.00,1.A.4.b.4,Speech Recognition,LV,3.25,8,0.1637,2.9292,3.5708,N,N,08/2020,Analyst
33-3011.00,1.A.4.b.5,Speech Clarity,IM,3.75,8,0.1637,3.4292,4.0708,N,,08/2020,Analyst
33-3011.00,1.A.4.b.5,Speech Clarity,LV,3.12,8,0.125,2.88,3.37,N,N,08/2020,Analyst
33-3012.00,1.A.1.a.1,Oral Comprehension,IM,4.0,8,0.0,4.0,4.0,N,,08/2023,Analyst
33-3012.00,1.A.1.a.1,Oral Comprehension,LV,3.88,8,0.125,3.63,4.12,N,N,08/2023,Analyst
33-3012.00,1.A.1.a.2,Written Comprehension,IM,3.38,8,0.183,3.0164,3.7336,N,,08/2023,Analyst
33-3012.00,1.A.1.a.2,Written Comprehension,LV,3.0,8,0.0,3.0,3.0,N,N,08/2023,Analyst
33-3012.00,1.A.1.a.3,Oral Expression,IM,4.0,8,0.0,4.0,4.0,N,,08/2023,Analyst
33-3012.00,1.A.1.a.3,Oral Expression,LV,3.88,8,0.125,3.63,4.12,N,N,08/2023,Analyst
33-3012.00,1.A.1.a.4,Written Expression,IM,3.0,8,0.0,3.0,3.0,N,,08/2023,Analyst
33-3012.00,1.A.1.a.4,Written Expression,LV,3.0,8,0.0,3.0,3.0,N,N,08/2023,Analyst
33-3012.00,1.A.1.b.1,Fluency of Ideas,IM,2.88,8,0.125,2.63,3.12,N,,08/2023,Analyst
33-3012.00,1.A.1.b.1,Fluency of Ideas,LV,2.88,8,0.125,2.63,3.12,N,N,08/2023,Analyst
33-3012.00,1.A.1.b.2,Originality,IM,2.25,8,0.1637,1.9292,2.5708,N,,08/2023,Analyst
33-3012.00,1.A.1.b.2,Originality,LV,2.25,8,0.1637,1.9292,2.5708,N,N,08/2023,Analyst
33-3012.00,1.A.1.b.3,Problem Sensitivity,IM,4.0,8,0.0,4.0,4.0,N,,08/2023,Analyst
33-3012.00,1.A.1.b.3,Problem Sensitivity,LV,4.0,8,0.0,4.0,4.0,N,N,08/2023,Analyst
33-3012.00,1.A.1.b.4,Deductive Reasoning,IM,3.75,8,0.1637,3.4292,4.0708,N,,08/2023,Analyst
33-3012.00,1.A.1.b.4,Deductive Reasoning,LV,3.5,8,0.189,3.1296,3.8704,N,N,08/2023,Analyst
33-3012.00,1.A.1.b.5,Inductive Reasoning,IM,3.75,8,0.1637,3.4292,4.0708,N,,08/2023,Analyst
33-3012.00,1.A.1.b.5,Inductive Reasoning,LV,3.75,8,0.1637,3.4292,4.0708,N,N,08/2023,Analyst
33-3012.00,1.A.1.b.6,Information Ordering,IM,3.25,8,0.25,2.76,3.74,N,,08/2023,Analyst
33-3012.00,1.A.1.b.6,Information Ordering,LV,3.0,8,0.0,3.0,3.0,N,N,08/2023,Analyst
33-3012.00,1.A.1.b.7,Category Flexibility,IM,2.88,8,0.125,2.63,3.12,N,,08/2023,Analyst
33-3012.00,1.A.1.b.7,Category Flexibility,LV,3.0,8,0.0,3.0,3.0,N,N,08/2023,Analyst
33-3012.00,1.A.1.c.1,Mathematical Reasoning,IM,2.0,8,0.0,2.0,2.0,N,,08/2023,Analyst
33-3012.00,1.A.1.c.1,Mathematical Reasoning,LV,1.88,8,0.125,1.63,2.12,N,N,08/2023,Analyst
33-3012.00,1.A.1.c.2,Number Facility,IM,2.12,8,0.125,1.88,2.37,N,,08/2023,Analyst
33-3012.00,1.A.1.c.2,Number Facility,LV,2.12,8,0.125,1.88,2.37,N,N,08/2023,Analyst
33-3012.00,1.A.1.d.1,Memorization,IM,2.5,8,0.189,2.1296,2.8704,N,,08/2023,Analyst
33-3012.00,1.A.1.d.1,Memorization,LV,2.38,8,0.183,2.0164,2.7336,N,N,08/2023,Analyst
33-3012.00,1.A.1.e.1,Speed of Closure,IM,2.88,8,0.125,2.63,3.12,N,,08/2023,Analyst
33-3012.00,1.A.1.e.1,Speed of Closure,LV,2.88,8,0.125,2.63,3.12,N,N,08/2023,Analyst
33-3012.00,1.A.1.e.2,Flexibility of Closure,IM,3.25,8,0.1637,2.9292,3.5708,N,,08/2023,Analyst
33-3012.00,1.A.1.e.2,Flexibility of Closure,LV,3.25,8,0.1637,2.9292,3.5708,N,N,08/2023,Analyst
33-3012.00,1.A.1.e.3,Perceptual Speed,IM,3.0,8,0.0,3.0,3.0,N,,08/2023,Analyst
33-3012.00,1.A.1.e.3,Perceptual Speed,LV,3.0,8,0.0,3.0,3.0,N,N,08/2023,Analyst
33-3012.00,1.A.1.f.1,Spatial Orientation,IM,2.12,8,0.125,1.88,2.37,N,,08/2023,Analyst
33-3012.00,1.A.1.f.1,Spatial Orientation,LV,2.12,8,0.125,1.88,2.37,N,N,08/2023,Analyst
33-3012.00,1.A.1.f.2,Visualization,IM,2.88,8,0.125,2.63,3.12,N,,08/2023,Analyst
33-3012.00,1.A.1.f.2,Visualization,LV,3.0,8,0.0,3.0,3.0,N,N,08/2023,Analyst
33-3012.00,1.A.1.g.1,Selective Attention,IM,3.38,8,0.183,3.0164,3.7336,N,,08/2023,Analyst
33-3012.00,1.A.1.g.1,Selective Attention,LV,3.75,8,0.1637,3.4292,4.0708,N,N,08/2023,Analyst
33-3012.00,1.A.1.g.2,Time Sharing,IM,3.0,8,0.0,3.0,3.0,N,,08/2023,Analyst
33-3012.00,1.A.1.g.2,Time Sharing,LV,3.0,8,0.0,3.0,3.0,N,N,08/2023,Analyst
33-3012.00,1.A.2.a.1,Arm-Hand Steadiness,IM,3.0,8,0.0,3.0,3.0,N,,08/2023,Analyst
33-3012.00,1.A.2.a.1,Arm-Hand Steadiness,LV,3.0,8,0.0,3.0,3.0,N,N,08/2023,Analyst
33-3012.00,1.A.2.a.2,Manual Dexterity,IM,3.0,8,0.0,3.0,3.0,N,,08/2023,Analyst
33-3012.00,1.A.2.a.2,Manual Dexterity,LV,3.0,8,0.0,3.0,3.0,N,N,08/2023,Analyst
33-3012.00,1.A.2.a.3,Finger Dexterity,IM,2.88,8,0.125,2.63,3.12,N,,08/2023,Analyst
33-3012.00,1.A.2.a.3,Finger Dexterity,LV,3.0,8,0.0,3.0,3.0,N,N,08/2023,Analyst
33-3012.00,1.A.2.b.1,Control Precision,IM,2.88,8,0.125,2.63,3.12,N,,08/2023,Analyst
33-3012.00,1.A.2.b.1,Control Precision,LV,2.88,8,0.125,2.63,3.12,N,N,08/2023,Analyst
33-3012.00,1.A.2.b.2,Multilimb Coordination,IM,3.0,8,0.0,3.0,3.0,N,,08/2023,Analyst
33-3012.00,1.A.2.b.2,Multilimb Coordination,LV,3.0,8,0.0,3.0,3.0,N,N,08/2023,Analyst
33-3012.00,1.A.2.b.3,Response Orientation,IM,2.88,8,0.125,2.63,3.12,N,,08/2023,Analyst
33-3012.00,1.A.2.b.3,Response Orientation,LV,3.0,8,0.0,3.0,3.0,N,N,08/2023,Analyst
33-3012.00,1.A.2.b.4,Rate Control,IM,2.12,8,0.125,1.88,2.37,N,,08/2023,Analyst
33-3012.00,1.A.2.b.4,Rate Control,LV,2.0,8,0.189,1.6296,2.3704,N,N,08/2023,Analyst
33-3012.00,1.A.2.c.1,Reaction Time,IM,3.0,8,0.0,3.0,3.0,N,,08/2023,Analyst
33-3012.00,1.A.2.c.1,Reaction Time,LV,3.0,8,0.0,3.0,3.0,N,N,08/2023,Analyst
33-3012.00,1.A.2.c.2,Wrist-Finger Speed,IM,2.0,8,0.0,2.0,2.0,N,,08/2023,Analyst
33-3012.00,1.A.2.c.2,Wrist-Finger Speed,LV,1.38,8,0.183,1.0164,1.7336,N,N,08/2023,Analyst
33-3012.00,1.A.2.c.3,Speed of Limb Movement,IM,2.75,8,0.1637,2.4292,3.0708,N,,08/2023,Analyst
33-3012.00,1.A.2.c.3,Speed of Limb Movement,LV,2.75,8,0.1637,2.4292,3.0708,N,N,08/2023,Analyst
33-3012.00,1.A.3.a.1,Static Strength,IM,3.0,8,0.0,3.0,3.0,N,,08/2023,Analyst
33-3012.00,1.A.3.a.1,Static Strength,LV,3.75,8,0.1637,3.4292,4.0708,N,N,08/2023,Analyst
33-3012.00,1.A.3.a.2,Explosive Strength,IM,3.0,8,0.0,3.0,3.0,N,,08/2023,Analyst
33-3012.00,1.A.3.a.2,Explosive Strength,LV,3.0,8,0.0,3.0,3.0,N,N,08/2023,Analyst
33-3012.00,1.A.3.a.3,Dynamic Strength,IM,3.0,8,0.0,3.0,3.0,N,,08/2023,Analyst
33-3012.00,1.A.3.a.3,Dynamic Strength,LV,3.0,8,0.0,3.0,3.0,N,N,08/2023,Analyst
33-3012.00,1.A.3.a.4,Trunk Strength,IM,3.0,8,0.0,3.0,3.0,N,,08/2023,Analyst
33-3012.00,1.A.3.a.4,Trunk Strength,LV,3.12,8,0.125,2.88,3.37,N,N,08/2023,Analyst
33-3012.00,1.A.3.b.1,Stamina,IM,3.12,8,0.125,2.88,3.37,N,,08/2023,Analyst
33-3012.00,1.A.3.b.1,Stamina,LV,3.12,8,0.125,2.88,3.37,N,N,08/2023,Analyst
33-3012.00,1.A.3.c.1,Extent Flexibility,IM,3.0,8,0.189,2.6296,3.3704,N,,08/2023,Analyst
33-3012.00,1.A.3.c.1,Extent Flexibility,LV,3.0,8,0.0,3.0,3.0,N,N,08/2023,Analyst
33-3012.00,1.A.3.c.2,Dynamic Flexibility,IM,1.25,8,0.1637,1.0,1.5708,N,,08/2023,Analyst
33-3012.00,1.A.3.c.2,Dynamic Flexibility,LV,0.25,8,0.1637,0.0,0.5708,N,Y,08/2023,Analyst
33-3012.00,1.A.3.c.3,Gross Body Coordination,IM,2.75,8,0.1637,2.4292,3.0708,N,,08/2023,Analyst
33-3012.00,1.A.3.c.3,Gross Body Coordination,LV,2.75,8,0.1637,2.4292,3.0708,N,N,08/2023,Analyst
33-3012.00,1.A.3.c.4,Gross Body Equilibrium,IM,2.5,8,0.189,2.1296,2.8704,N,,08/2023,Analyst
33-3012.00,1.A.3.c.4,Gross Body Equilibrium,LV,2.5,8,0.189,2.1296,2.8704,N,N,08/2023,Analyst
33-3012.00,1.A.4.a.1,Near Vision,IM,3.62,8,0.183,3.2664,3.9836,N,,08/2023,Analyst
33-3012.00,1.A.4.a.1,Near Vision,LV,3.5,8,0.189,3.1296,3.8704,N,N,08/2023,Analyst
33-3012.00,1.A.4.a.2,Far Vision,IM,3.25,8,0.1637,2.9292,3.5708,N,,08/2023,Analyst
33-3012.00,1.A.4.a.2,Far Vision,LV,3.38,8,0.183,3.0164,3.7336,N,N,08/2023,Analyst
33-3012.00,1.A.4.a.3,Visual Color Discrimination,IM,2.75,8,0.1637,2.4292,3.0708,N,,08/2023,Analyst
33-3012.00,1.A.4.a.3,Visual Color Discrimination,LV,2.38,8,0.183,2.0164,2.7336,N,N,08/2023,Analyst
33-3012.00,1.A.4.a.4,Night Vision,IM,2.0,8,0.0,2.0,2.0,N,,08/2023,Analyst
33-3012.00,1.A.4.a.4,Night Vision,LV,1.75,8,0.1637,1.4292,2.0708,N,N,08/2023,Analyst
33-3012.00,1.A.4.a.5,Peripheral Vision,IM,2.12,8,0.125,1.88,2.37,N,,08/2023,Analyst
33-3012.00,1.A.4.a.5,Peripheral Vision,LV,2.62,8,0.2631,2.1094,3.1406,N,N,08/2023,Analyst
33-3012.00,1.A.4.a.6,Depth Perception,IM,2.62,8,0.183,2.2664,2.9836,N,,08/2023,Analyst
33-3012.00,1.A.4.a.6,Depth Perception,LV,2.75,8,0.1637,2.4292,3.0708,N,N,08/2023,Analyst
33-3012.00,1.A.4.a.7,Glare Sensitivity,IM,2.0,8,0.0,2.0,2.0,N,,08/2023,Analyst
33-3012.00,1.A.4.a.7,Glare Sensitivity,LV,1.88,8,0.125,1.63,2.12,N,N,08/2023,Analyst
33-3012.00,1.A.4.b.1,Hearing Sensitivity,IM,2.88,8,0.125,2.63,3.12,N,,08/2023,Analyst
33-3012.00,1.A.4.b.1,Hearing Sensitivity,LV,2.75,8,0.1637,2.4292,3.0708,N,N,08/2023,Analyst
33-3012.00,1.A.4.b.2,Auditory Attention,IM,3.0,8,0.0,3.0,3.0,N,,08/2023,Analyst
33-3012.00,1.A.4.b.2,Auditory Attention,LV,3.12,8,0.125,2.88,3.37,N,N,08/2023,Analyst
33-3012.00,1.A.4.b.3,Sound Localization,IM,2.0,8,0.0,2.0,2.0,N,,08/2023,Analyst
33-3012.00,1.A.4.b.3,Sound Localization,LV,2.12,8,0.125,1.88,2.37,N,N,08/2023,Analyst
33-3012.00,1.A.4.b.4,Speech Recognition,IM,3.62,8,0.183,3.2664,3.9836,N,,08/2023,Analyst
33-3012.00,1.A.4.b.4,Speech Recognition,LV,3.25,8,0.1637,2.9292,3.5708,N,N,08/2023,Analyst
33-3012.00,1.A.4.b.5,Speech Clarity,IM,3.75,8,0.1637,3.4292,4.0708,N,,08/2023,Analyst
33-3012.00,1.A.4.b.5,Speech Clarity,LV,3.62,8,0.183,3.2664,3.9836,N,N,08/2023,Analyst
33-3021.00,1.A.1.a.1,Oral Comprehension,IM,4.38,8,0.183,4.0164,4.7336,N,,08/2022,Analyst
33-3021.00,1.A.1.a.1,Oral Comprehension,LV,4.12,8,0.125,3.88,4.37,N,N,08/2022,Analyst
33-3021.00,1.A.1.a.2,Written Comprehension,IM,4.0,8,0.0,4.0,4.0,N,,08/2022,Analyst
33-3021.00,1.A.1.a.2,Written Comprehension,LV,4.0,8,0.0,4.0,4.0,N,N,08/2022,Analyst
33-3021.00,1.A.1.a.3,Oral Expression,IM,4.12,8,0.295,3.5467,4.7033,N,,08/2022,Analyst
33-3021.00,1.A.1.a.3,Oral Expression,LV,3.88,8,0.2266,3.4309,4.3191,N,N,08/2022,Analyst
33-3021.00,1.A.1.a.4,Written Expression,IM,3.75,8,0.1637,3.4292,4.0708,N,,08/2022,Analyst
33-3021.00,1.A.1.a.4,Written Expression,LV,3.62,8,0.183,3.2664,3.9836,N,N,08/2022,Analyst
33-3021.00,1.A.1.b.1,Fluency of Ideas,IM,3.38,8,0.183,3.0164,3.7336,N,,08/2022,Analyst
33-3021.00,1.A.1.b.1,Fluency of Ideas,LV,3.75,8,0.1637,3.4292,4.0708,N,N,08/2022,Analyst
33-3021.00,1.A.1.b.2,Originality,IM,3.12,8,0.125,2.88,3.37,N,,08/2022,Analyst
33-3021.00,1.A.1.b.2,Originality,LV,3.12,8,0.125,2.88,3.37,N,N,08/2022,Analyst
33-3021.00,1.A.1.b.3,Problem Sensitivity,IM,4.12,8,0.125,3.88,4.37,N,,08/2022,Analyst
33-3021.00,1.A.1.b.3,Problem Sensitivity,LV,4.38,8,0.183,4.0164,4.7336,N,N,08/2022,Analyst
33-3021.00,1.A.1.b.4,Deductive Reasoning,IM,4.12,8,0.125,3.88,4.37,N,,08/2022,Analyst
33-3021.00,1.A.1.b.4,Deductive Reasoning,LV,4.25,8,0.1637,3.9292,4.5708,N,N,08/2022,Analyst
33-3021.00,1.A.1.b.5,Inductive Reasoning,IM,4.38,8,0.183,4.0164,4.7336,N,,08/2022,Analyst
33-3021.00,1.A.1.b.5,Inductive Reasoning,LV,4.12,8,0.125,3.88,4.37,N,N,08/2022,Analyst
33-3021.00,1.A.1.b.6,Information Ordering,IM,3.88,8,0.125,3.63,4.12,N,,08/2022,Analyst
33-3021.00,1.A.1.b.6,Information Ordering,LV,3.88,8,0.125,3.63,4.12,N,N,08/2022,Analyst
33-3021.00,1.A.1.b.7,Category Flexibility,IM,3.62,8,0.183,3.2664,3.9836,N,,08/2022,Analyst
33-3021.00,1.A.1.b.7,Category Flexibility,LV,3.62,8,0.183,3.2664,3.9836,N,N,08/2022,Analyst
33-3021.00,1.A.1.c.1,Mathematical Reasoning,IM,2.5,8,0.189,2.1296,2.8704,N,,08/2022,Analyst
33-3021.00,1.A.1.c.1,Mathematical Reasoning,LV,2.38,8,0.183,2.0164,2.7336,N,N,08/2022,Analyst
33-3021.00,1.A.1.c.2,Number Facility,IM,2.38,8,0.183,2.0164,2.7336,N,,08/2022,Analyst
33-3021.00,1.A.1.c.2,Number Facility,LV,2.25,8,0.1637,1.9292,2.5708,N,N,08/2022,Analyst
33-3021.00,1.A.1.d.1,Memorization,IM,2.88,8,0.125,2.63,3.12,N,,08/2022,Analyst
33-3021.00,1.A.1.d.1,Memorization,LV,3.0,8,0.2673,2.4762,3.5238,N,N,08/2022,Analyst
33-3021.00,1.A.1.e.1,Speed of Closure,IM,3.38,8,0.2631,2.8594,3.8906,N,,08/2022,Analyst
33-3021.00,1.A.1.e.1,Speed of Closure,LV,3.38,8,0.2631,2.8594,3.8906,N,N,08/2022,Analyst
33-3021.00,1.A.1.e.2,Flexibility of Closure,IM,3.62,8,0.2631,3.1094,4.1406,N,,08/2022,Analyst
33-3021.00,1.A.1.e.2,Flexibility of Closure,LV,3.62,8,0.2631,3.1094,4.1406,N,N,08/2022,Analyst
33-3021.00,1.A.1.e.3,Perceptual Speed,IM,3.25,8,0.1637,2.9292,3.5708,N,,08/2022,Analyst
33-3021.00,1.A.1.e.3,Perceptual Speed,LV,3.0,8,0.0,3.0,3.0,N,N,08/2022,Analyst
33-3021.00,1.A.1.f.1,Spatial Orientation,IM,2.5,8,0.378,1.7592,3.2408,N,,08/2022,Analyst
33-3021.00,1.A.1.f.1,Spatial Orientation,LV,2.38,8,0.565,1.2676,3.4824,Y,N,08/2022,Analyst
33-3021.00,1.A.1.f.2,Visualization,IM,2.88,8,0.2266,2.4309,3.3191,N,,08/2022,Analyst
33-3021.00,1.A.1.f.2,Visualization,LV,2.88,8,0.2266,2.4309,3.3191,N,N,08/2022,Analyst
33-3021.00,1.A.1.g.1,Selective Attention,IM,3.25,8,0.1637,2.9292,3.5708,N,,08/2022,Analyst
33-3021.00,1.A.1.g.1,Selective Attention,LV,3.25,8,0.1637,2.9292,3.5708,N,N,08/2022,Analyst
33-3021.00,1.A.1.g.2,Time Sharing,IM,3.25,8,0.1637,2.9292,3.5708,N,,08/2022,Analyst
33-3021.00,1.A.1.g.2,Time Sharing,LV,3.12,8,0.125,2.88,3.37,N,N,08/2022,Analyst
33-3021.00,1.A.2.a.1,Arm-Hand Steadiness,IM,2.5,8,0.189,2.1296,2.8704,N,,08/2022,Analyst
33-3021.00,1.A.2.a.1,Arm-Hand Steadiness,LV,2.38,8,0.183,2.0164,2.7336,N,N,08/2022,Analyst
33-3021.00,1.A.2.a.2,Manual Dexterity,IM,2.5,8,0.189,2.1296,2.8704,N,,08/2022,Analyst
33-3021.00,1.A.2.a.2,Manual Dexterity,LV,2.25,8,0.1637,1.9292,2.5708,N,N,08/2022,Analyst
33-3021.00,1.A.2.a.3,Finger Dexterity,IM,2.25,8,0.1637,1.9292,2.5708,N,,08/2022,Analyst
33-3021.00,1.A.2.a.3,Finger Dexterity,LV,2.12,8,0.125,1.88,2.37,N,N,08/2022,Analyst
33-3021.00,1.A.2.b.1,Control Precision,IM,2.38,8,0.183,2.0164,2.7336,N,,08/2022,Analyst
33-3021.00,1.A.2.b.1,Control Precision,LV,2.25,8,0.366,1.5327,2.9673,N,N,08/2022,Analyst
33-3021.00,1.A.2.b.2,Multilimb Coordination,IM,2.75,8,0.25,2.26,3.24,N,,08/2022,Analyst
33-3021.00,1.A.2.b.2,Multilimb Coordination,LV,2.25,8,0.25,1.76,2.74,N,N,08/2022,Analyst
33-3021.00,1.A.2.b.3,Response Orientation,IM,2.62,8,0.183,2.2664,2.9836,N,,08/2022,Analyst
33-3021.00,1.A.2.b.3,Response Orientation,LV,3.0,8,0.4226,2.1717,3.8283,N,N,08/2022,Analyst
33-3021.00,1.A.2.b.4,Rate Control,IM,2.5,8,0.3273,1.8584,3.1416,N,,08/2022,Analyst
33-3021.00,1.A.2.b.4,Rate Control,LV,2.38,8,0.565,1.2676,3.4824,Y,N,08/2022,Analyst
33-3021.00,1.A.2.c.1,Reaction Time,IM,2.62,8,0.183,2.2664,2.9836,N,,08/2022,Analyst
33-3021.00,1.A.2.c.1,Reaction Time,LV,3.12,8,0.4795,2.1852,4.0648,N,N,08/2022,Analyst
33-3021.00,1.A.2.c.2,Wrist-Finger Speed,IM,2.25,8,0.1637,1.9292,2.5708,N,,08/2022,Analyst
33-3021.00,1.A.2.c.2,Wrist-Finger Speed,LV,2.0,8,0.378,1.2592,2.7408,N,N,08/2022,Analyst
33-3021.00,1.A.2.c.3,Speed of Limb Movement,IM,2.5,8,0.189,2.1296,2.8704,N,,08/2022,Analyst
33-3021.00,1.A.2.c.3,Speed of Limb Movement,LV,2.12,8,0.3504,1.4383,2.8117,N,N,08/2022,Analyst
33-3021.00,1.A.3.a.1,Static Strength,IM,2.5,8,0.189,2.1296,2.8704,N,,08/2022,Analyst
33-3021.00,1.A.3.a.1,Static Strength,LV,2.5,8,0.4629,1.5927,3.4073,N,N,08/2022,Analyst
33-3021.00,1.A.3.a.2,Explosive Strength,IM,2.5,8,0.189,2.1296,2.8704,N,,08/2022,Analyst
33-3021.00,1.A.3.a.2,Explosive Strength,LV,2.62,8,0.183,2.2664,2.9836,N,N,08/2022,Analyst
33-3021.00,1.A.3.a.3,Dynamic Strength,IM,2.25,8,0.25,1.76,2.74,N,,08/2022,Analyst
33-3021.00,1.A.3.a.3,Dynamic Strength,LV,1.75,8,0.4119,0.9427,2.5573,N,N,08/2022,Analyst
33-3021.00,1.A.3.a.4,Trunk Strength,IM,2.62,8,0.183,2.2664,2.9836,N,,08/2022,Analyst
33-3021.00,1.A.3.a.4,Trunk Strength,LV,2.75,8,0.1637,2.4292,3.0708,N,N,08/2022,Analyst
33-3021.00,1.A.3.b.1,Stamina,IM,2.25,8,0.1637,1.9292,2.5708,N,,08/2022,Analyst
33-3021.00,1.A.3.b.1,Stamina,LV,2.25,8,0.25,1.76,2.74,N,N,08/2022,Analyst
33-3021.00,1.A.3.c.1,Extent Flexibility,IM,2.25,8,0.1637,1.9292,2.5708,N,,08/2022,Analyst
33-3021.00,1.A.3.c.1,Extent Flexibility,LV,2.38,8,0.183,2.0164,2.7336,N,N,08/2022,Analyst
33-3021.00,1.A.3.c.2,Dynamic Flexibility,IM,1.38,8,0.183,1.0164,1.7336,N,,08/2022,Analyst
33-3021.00,1.A.3.c.2,Dynamic Flexibility,LV,0.62,8,0.3239,0.0,1.2598,N,N,08/2022,Analyst
33-3021.00,1.A.3.c.3,Gross Body Coordination,IM,2.12,8,0.2266,1.6809,2.5691,N,,08/2022,Analyst
33-3021.00,1.A.3.c.3,Gross Body Coordination,LV,2.0,8,0.3273,1.3584,2.6416,N,N,08/2022,Analyst
33-3021.00,1.A.3.c.4,Gross Body Equilibrium,IM,2.0,8,0.0,2.0,2.0,N,,08/2022,Analyst
33-3021.00,1.A.3.c.4,Gross Body Equilibrium,LV,1.75,8,0.1637,1.4292,2.0708,N,N,08/2022,Analyst
33-3021.00,1.A.4.a.1,Near Vision,IM,3.88,8,0.125,3.63,4.12,N,,08/2022,Analyst
33-3021.00,1.A.4.a.1,Near Vision,LV,3.75,8,0.1637,3.4292,4.0708,N,N,08/2022,Analyst
33-3021.00,1.A.4.a.2,Far Vision,IM,3.62,8,0.2631,3.1094,4.1406,N,,08/2022,Analyst
33-3021.00,1.A.4.a.2,Far Vision,LV,3.5,8,0.2673,2.9762,4.0238,N,N,08/2022,Analyst
33-3021.00,1.A.4.a.3,Visual Color Discrimination,IM,2.5,8,0.189,2.1296,2.8704,N,,08/2022,Analyst
33-3021.00,1.A.4.a.3,Visual Color Discrimination,LV,2.5,8,0.189,2.1296,2.8704,N,N,08/2022,Analyst
33-3021.00,1.A.4.a.4,Night Vision,IM,2.38,8,0.3239,1.7402,3.0098,N,,08/2022,Analyst
33-3021.00,1.A.4.a.4,Night Vision,LV,2.25,8,0.366,1.5327,2.9673,N,N,08/2022,Analyst
33-3021.00,1.A.4.a.5,Peripheral Vision,IM,2.62,8,0.2631,2.1094,3.1406,N,,08/2022,Analyst
33-3021.00,1.A.4.a.5,Peripheral Vision,LV,2.62,8,0.2631,2.1094,3.1406,N,N,08/2022,Analyst
33-3021.00,1.A.4.a.6,Depth Perception,IM,2.62,8,0.183,2.2664,2.9836,N,,08/2022,Analyst
33-3021.00,1.A.4.a.6,Depth Perception,LV,2.38,8,0.183,2.0164,2.7336,N,N,08/2022,Analyst
33-3021.00,1.A.4.a.7,Glare Sensitivity,IM,2.12,8,0.125,1.88,2.37,N,,08/2022,Analyst
33-3021.00,1.A.4.a.7,Glare Sensitivity,LV,2.25,8,0.1637,1.9292,2.5708,N,N,08/2022,Analyst
33-3021.00,1.A.4.b.1,Hearing Sensitivity,IM,2.25,8,0.25,1.76,2.74,N,,08/2022,Analyst
33-3021.00,1.A.4.b.1,Hearing Sensitivity,LV,2.12,8,0.3504,1.4383,2.8117,N,N,08/2022,Analyst
33-3021.00,1.A.4.b.2,Auditory Attention,IM,2.88,8,0.2266,2.4309,3.3191,N,,08/2022,Analyst
33-3021.00,1.A.4.b.2,Auditory Attention,LV,2.88,8,0.2266,2.4309,3.3191,N,N,08/2022,Analyst
33-3021.00,1.A.4.b.3,Sound Localization,IM,2.12,8,0.2266,1.6809,2.5691,N,,08/2022,Analyst
33-3021.00,1.A.4.b.3,Sound Localization,LV,1.88,8,0.3504,1.1883,2.5617,N,N,08/2022,Analyst
33-3021.00,1.A.4.b.4,Speech Recognition,IM,3.88,8,0.125,3.63,4.12,N,,08/2022,Analyst
33-3021.00,1.A.4.b.4,Speech Recognition,LV,4.0,8,0.189,3.6296,4.3704,N,N,08/2022,Analyst
33-3021.00,1.A.4.b.5,Speech Clarity,IM,3.88,8,0.2266,3.4309,4.3191,N,,08/2022,Analyst
33-3021.00,1.A.4.b.5,Speech Clarity,LV,3.62,8,0.183,3.2664,3.9836,N,N,08/2022,Analyst
33-3021.02,1.A.1.a.1,Oral Comprehension,IM,4.0,8,0.0,4.0,4.0,N,,08/2018,Analyst
33-3021.02,1.A.1.a.1,Oral Comprehension,LV,4.0,8,0.0,4.0,4.0,N,N,08/2018,Analyst
33-3021.02,1.A.1.a.2,Written Comprehension,IM,4.0,8,0.0,4.0,4.0,N,,08/2018,Analyst
33-3021.02,1.A.1.a.2,Written Comprehension,LV,4.0,8,0.0,4.0,4.0,N,N,08/2018,Analyst
33-3021.02,1.A.1.a.3,Oral Expression,IM,3.75,8,0.1637,3.4292,4.0708,N,,08/2018,Analyst
33-3021.02,1.A.1.a.3,Oral Expression,LV,4.12,8,0.125,3.88,4.37,N,N,08/2018,Analyst
33-3021.02,1.A.1.a.4,Written Expression,IM,3.75,8,0.25,3.26,4.24,N,,08/2018,Analyst
33-3021.02,1.A.1.a.4,Written Expression,LV,3.88,8,0.2266,3.4309,4.3191,N,N,08/2018,Analyst
33-3021.02,1.A.1.b.1,Fluency of Ideas,IM,3.12,8,0.125,2.88,3.37,N,,08/2018,Analyst
33-3021.02,1.A.1.b.1,Fluency of Ideas,LV,3.12,8,0.125,2.88,3.37,N,N,08/2018,Analyst
33-3021.02,1.A.1.b.2,Originality,IM,2.75,8,0.1637,2.4292,3.0708,N,,08/2018,Analyst
33-3021.02,1.A.1.b.2,Originality,LV,2.88,8,0.125,2.63,3.12,N,N,08/2018,Analyst
33-3021.02,1.A.1.b.3,Problem Sensitivity,IM,3.62,8,0.183,3.2664,3.9836,N,,08/2018,Analyst
33-3021.02,1.A.1.b.3,Problem Sensitivity,LV,3.5,8,0.189,3.1296,3.8704,N,N,08/2018,Analyst
33-3021.02,1.A.1.b.4,Deductive Reasoning,IM,3.88,8,0.125,3.63,4.12,N,,08/2018,Analyst
33-3021.02,1.A.1.b.4,Deductive Reasoning,LV,4.0,8,0.189,3.6296,4.3704,N,N,08/2018,Analyst
33-3021.02,1.A.1.b.5,Inductive Reasoning,IM,4.0,8,0.189,3.6296,4.3704,N,,08/2018,Analyst
33-3021.02,1.A.1.b.5,Inductive Reasoning,LV,4.0,8,0.189,3.6296,4.3704,N,N,08/2018,Analyst
33-3021.02,1.A.1.b.6,Information Ordering,IM,3.88,8,0.125,3.63,4.12,N,,08/2018,Analyst
33-3021.02,1.A.1.b.6,Information Ordering,LV,3.88,8,0.125,3.63,4.12,N,N,08/2018,Analyst
33-3021.02,1.A.1.b.7,Category Flexibility,IM,3.38,8,0.183,3.0164,3.7336,N,,08/2018,Analyst
33-3021.02,1.A.1.b.7,Category Flexibility,LV,3.5,8,0.189,3.1296,3.8704,N,N,08/2018,Analyst
33-3021.02,1.A.1.c.1,Mathematical Reasoning,IM,2.62,8,0.183,2.2664,2.9836,N,,08/2018,Analyst
33-3021.02,1.A.1.c.1,Mathematical Reasoning,LV,2.75,8,0.1637,2.4292,3.0708,N,N,08/2018,Analyst
33-3021.02,1.A.1.c.2,Number Facility,IM,2.5,8,0.189,2.1296,2.8704,N,,08/2018,Analyst
33-3021.02,1.A.1.c.2,Number Facility,LV,2.38,8,0.183,2.0164,2.7336,N,N,08/2018,Analyst
33-3021.02,1.A.1.d.1,Memorization,IM,2.25,8,0.1637,1.9292,2.5708,N,,08/2018,Analyst
33-3021.02,1.A.1.d.1,Memorization,LV,2.25,8,0.1637,1.9292,2.5708,N,N,08/2018,Analyst
33-3021.02,1.A.1.e.1,Speed of Closure,IM,2.38,8,0.2631,1.8594,2.8906,N,,08/2018,Analyst
33-3021.02,1.A.1.e.1,Speed of Closure,LV,2.25,8,0.25,1.76,2.74,N,N,08/2018,Analyst
33-3021.02,1.A.1.e.2,Flexibility of Closure,IM,3.62,8,0.2631,3.1094,4.1406,N,,08/2018,Analyst
33-3021.02,1.A.1.e.2,Flexibility of Closure,LV,3.88,8,0.2266,3.4309,4.3191,N,N,08/2018,Analyst
33-3021.02,1.A.1.e.3,Perceptual Speed,IM,3.12,8,0.125,2.88,3.37,N,,08/2018,Analyst
33-3021.02,1.A.1.e.3,Perceptual Speed,LV,3.12,8,0.125,2.88,3.37,N,N,08/2018,Analyst
33-3021.02,1.A.1.f.1,Spatial Orientation,IM,2.0,8,0.0,2.0,2.0,N,,08/2018,Analyst
33-3021.02,1.A.1.f.1,Spatial Orientation,LV,1.5,8,0.189,1.1296,1.8704,N,N,08/2018,Analyst
33-3021.02,1.A.1.f.2,Visualization,IM,2.62,8,0.183,2.2664,2.9836,N,,08/2018,Analyst
33-3021.02,1.A.1.f.2,Visualization,LV,2.88,8,0.2266,2.4309,3.3191,N,N,08/2018,Analyst
33-3021.02,1.A.1.g.1,Selective Attention,IM,3.12,8,0.125,2.88,3.37,N,,08/2018,Analyst
33-3021.02,1.A.1.g.1,Selective Attention,LV,3.12,8,0.125,2.88,3.37,N,N,08/2018,Analyst
33-3021.02,1.A.1.g.2,Time Sharing,IM,2.88,8,0.125,2.63,3.12,N,,08/2018,Analyst
33-3021.02,1.A.1.g.2,Time Sharing,LV,3.0,8,0.0,3.0,3.0,N,N,08/2018,Analyst
33-3021.02,1.A.2.a.1,Arm-Hand Steadiness,IM,2.88,8,0.125,2.63,3.12,N,,08/2018,Analyst
33-3021.02,1.A.2.a.1,Arm-Hand Steadiness,LV,3.0,8,0.0,3.0,3.0,N,N,08/2018,Analyst
33-3021.02,1.A.2.a.2,Manual Dexterity,IM,2.75,8,0.1637,2.4292,3.0708,N,,08/2018,Analyst
33-3021.02,1.A.2.a.2,Manual Dexterity,LV,2.5,8,0.189,2.1296,2.8704,N,N,08/2018,Analyst
33-3021.02,1.A.2.a.3,Finger Dexterity,IM,2.88,8,0.125,2.63,3.12,N,,08/2018,Analyst
33-3021.02,1.A.2.a.3,Finger Dexterity,LV,2.88,8,0.125,2.63,3.12,N,N,08/2018,Analyst
33-3021.02,1.A.2.b.1,Control Precision,IM,2.75,8,0.1637,2.4292,3.0708,N,,08/2018,Analyst
33-3021.02,1.A.2.b.1,Control Precision,LV,2.62,8,0.183,2.2664,2.9836,N,N,08/2018,Analyst
33-3021.02,1.A.2.b.2,Multilimb Coordination,IM,2.62,8,0.183,2.2664,2.9836,N,,08/2018,Analyst
33-3021.02,1.A.2.b.2,Multilimb Coordination,LV,2.88,8,0.125,2.63,3.12,N,N,08/2018,Analyst
33-3021.02,1.A.2.b.3,Response Orientation,IM,2.25,8,0.1637,1.9292,2.5708,N,,08/2018,Analyst
33-3021.02,1.A.2.b.3,Response Orientation,LV,2.12,8,0.125,1.88,2.37,N,N,08/2018,Analyst
33-3021.02,1.A.2.b.4,Rate Control,IM,1.88,8,0.125,1.63,2.12,N,,08/2018,Analyst
33-3021.02,1.A.2.b.4,Rate Control,LV,1.62,8,0.2631,1.1094,2.1406,N,N,08/2018,Analyst
33-3021.02,1.A.2.c.1,Reaction Time,IM,2.25,8,0.1637,1.9292,2.5708,N,,08/2018,Analyst
33-3021.02,1.A.2.c.1,Reaction Time,LV,2.38,8,0.183,2.0164,2.7336,N,N,08/2018,Analyst
33-3021.02,1.A.2.c.2,Wrist-Finger Speed,IM,2.12,8,0.125,1.88,2.37,N,,08/2018,Analyst
33-3021.02,1.A.2.c.2,Wrist-Finger Speed,LV,2.12,8,0.125,1.88,2.37,N,N,08/2018,Analyst
33-3021.02,1.A.2.c.3,Speed of Limb Movement,IM,2.0,8,0.0,2.0,2.0,N,,08/2018,Analyst
33-3021.02,1.A.2.c.3,Speed of Limb Movement,LV,1.5,8,0.189,1.1296,1.8704,N,N,08/2018,Analyst
33-3021.02,1.A.3.a.1,Static Strength,IM,2.12,8,0.125,1.88,2.37,N,,08/2018,Analyst
33-3021.02,1.A.3.a.1,Static Strength,LV,2.0,8,0.0,2.0,2.0,N,N,08/2018,Analyst
33-3021.02,1.A.3.a.2,Explosive Strength,IM,1.5,8,0.189,1.1296,1.8704,N,,08/2018,Analyst
33-3021.02,1.A.3.a.2,Explosive Strength,LV,0.62,8,0.2631,0.1094,1.1406,N,N,08/2018,Analyst
33-3021.02,1.A.3.a.3,Dynamic Strength,IM,1.88,8,0.125,1.63,2.12,N,,08/2018,Analyst
33-3021.02,1.A.3.a.3,Dynamic Strength,LV,1.25,8,0.25,0.76,1.74,N,N,08/2018,Analyst
33-3021.02,1.A.3.a.4,Trunk Strength,IM,2.25,8,0.1637,1.9292,2.5708,N,,08/2018,Analyst
33-3021.02,1.A.3.a.4,Trunk Strength,LV,2.38,8,0.183,2.0164,2.7336,N,N,08/2018,Analyst
33-3021.02,1.A.3.b.1,Stamina,IM,2.0,8,0.0,2.0,2.0,N,,08/2018,Analyst
33-3021.02,1.A.3.b.1,Stamina,LV,1.5,8,0.189,1.1296,1.8704,N,N,08/2018,Analyst
33-3021.02,1.A.3.c.1,Extent Flexibility,IM,2.25,8,0.1637,1.9292,2.5708,N,,08/2018,Analyst
33-3021.02,1.A.3.c.1,Extent Flexibility,LV,2.0,8,0.3273,1.3584,2.6416,N,N,08/2018,Analyst
33-3021.02,1.A.3.c.2,Dynamic Flexibility,IM,1.0,8,0.0,1.0,1.0,N,,08/2018,Analyst
33-3021.02,1.A.3.c.2,Dynamic Flexibility,LV,0.0,8,0.0,0.0,0.0,N,Y,08/2018,Analyst
33-3021.02,1.A.3.c.3,Gross Body Coordination,IM,2.0,8,0.0,2.0,2.0,N,,08/2018,Analyst
33-3021.02,1.A.3.c.3,Gross Body Coordination,LV,1.75,8,0.1637,1.4292,2.0708,N,N,08/2018,Analyst
33-3021.02,1.A.3.c.4,Gross Body Equilibrium,IM,1.88,8,0.125,1.63,2.12,N,,08/2018,Analyst
33-3021.02,1.A.3.c.4,Gross Body Equilibrium,LV,1.25,8,0.25,0.76,1.74,N,N,08/2018,Analyst
33-3021.02,1.A.4.a.1,Near Vision,IM,3.88,8,0.125,3.63,4.12,N,,08/2018,Analyst
33-3021.02,1.A.4.a.1,Near Vision,LV,4.0,8,0.0,4.0,4.0,N,N,08/2018,Analyst
33-3021.02,1.A.4.a.2,Far Vision,IM,3.12,8,0.125,2.88,3.37,N,,08/2018,Analyst
33-3021.02,1.A.4.a.2,Far Vision,LV,3.38,8,0.2631,2.8594,3.8906,N,N,08/2018,Analyst
33-3021.02,1.A.4.a.3,Visual Color Discrimination,IM,3.12,8,0.125,2.88,3.37,N,,08/2018,Analyst
33-3021.02,1.A.4.a.3,Visual Color Discrimination,LV,3.12,8,0.125,2.88,3.37,N,N,08/2018,Analyst
33-3021.02,1.A.4.a.4,Night Vision,IM,2.0,8,0.0,2.0,2.0,N,,08/2018,Analyst
33-3021.02,1.A.4.a.4,Night Vision,LV,1.38,8,0.183,1.0164,1.7336,N,N,08/2018,Analyst
33-3021.02,1.A.4.a.5,Peripheral Vision,IM,2.0,8,0.0,2.0,2.0,N,,08/2018,Analyst
33-3021.02,1.A.4.a.5,Peripheral Vision,LV,1.38,8,0.183,1.0164,1.7336,N,N,08/2018,Analyst
33-3021.02,1.A.4.a.6,Depth Perception,IM,2.12,8,0.125,1.88,2.37,N,,08/2018,Analyst
33-3021.02,1.A.4.a.6,Depth Perception,LV,2.0,8,0.0,2.0,2.0,N,N,08/2018,Analyst
33-3021.02,1.A.4.a.7,Glare Sensitivity,IM,2.0,8,0.189,1.6296,2.3704,N,,08/2018,Analyst
33-3021.02,1.A.4.a.7,Glare Sensitivity,LV,1.5,8,0.3273,0.8584,2.1416,N,N,08/2018,Analyst
33-3021.02,1.A.4.b.1,Hearing Sensitivity,IM,2.25,8,0.25,1.76,2.74,N,,08/2018,Analyst
33-3021.02,1.A.4.b.1,Hearing Sensitivity,LV,2.12,8,0.3504,1.4383,2.8117,N,N,08/2018,Analyst
33-3021.02,1.A.4.b.2,Auditory Attention,IM,2.5,8,0.189,2.1296,2.8704,N,,08/2018,Analyst
33-3021.02,1.A.4.b.2,Auditory Attention,LV,2.5,8,0.189,2.1296,2.8704,N,N,08/2018,Analyst
33-3021.02,1.A.4.b.3,Sound Localization,IM,1.75,8,0.1637,1.4292,2.0708,N,,08/2018,Analyst
33-3021.02,1.A.4.b.3,Sound Localization,LV,0.75,8,0.1637,0.4292,1.0708,N,N,08/2018,Analyst
33-3021.02,1.A.4.b.4,Speech Recognition,IM,3.5,8,0.189,3.1296,3.8704,N,,08/2018,Analyst
33-3021.02,1.A.4.b.4,Speech Recognition,LV,3.38,8,0.183,3.0164,3.7336,N,N,08/2018,Analyst
33-3021.02,1.A.4.b.5,Speech Clarity,IM,3.62,8,0.183,3.2664,3.9836,N,,08/2018,Analyst
33-3021.02,1.A.4.b.5,Speech Clarity,LV,3.62,8,0.183,3.2664,3.9836,N,N,08/2018,Analyst
33-3021.06,1.A.1.a.1,Oral Comprehension,IM,4.12,8,0.125,3.88,4.37,N,,08/2024,Analyst
33-3021.06,1.A.1.a.1,Oral Comprehension,LV,4.75,8,0.1637,4.4292,5.0708,N,N,08/2024,Analyst
33-3021.06,1.A.1.a.2,Written Comprehension,IM,4.12,8,0.125,3.88,4.37,N,,08/2024,Analyst
33-3021.06,1.A.1.a.2,Written Comprehension,LV,4.75,8,0.1637,4.4292,5.0708,N,N,08/2024,Analyst
33-3021.06,1.A.1.a.3,Oral Expression,IM,4.0,8,0.0,4.0,4.0,N,,08/2024,Analyst
33-3021.06,1.A.1.a.3,Oral Expression,LV,4.5,8,0.189,4.1296,4.8704,N,N,08/2024,Analyst
33-3021.06,1.A.1.a.4,Written Expression,IM,4.0,8,0.0,4.0,4.0,N,,08/2024,Analyst
33-3021.06,1.A.1.a.4,Written Expression,LV,4.62,8,0.183,4.2664,4.9836,N,N,08/2024,Analyst
33-3021.06,1.A.1.b.1,Fluency of Ideas,IM,3.25,8,0.1637,2.9292,3.5708,N,,08/2024,Analyst
33-3021.06,1.A.1.b.1,Fluency of Ideas,LV,4.0,8,0.2673,3.4762,4.5238,N,N,08/2024,Analyst
33-3021.06,1.A.1.b.2,Originality,IM,3.12,8,0.125,2.88,3.37,N,,08/2024,Analyst
33-3021.06,1.A.1.b.2,Originality,LV,3.5,8,0.189,3.1296,3.8704,N,N,08/2024,Analyst
33-3021.06,1.A.1.b.3,Problem Sensitivity,IM,4.12,8,0.125,3.88,4.37,N,,08/2024,Analyst
33-3021.06,1.A.1.b.3,Problem Sensitivity,LV,4.12,8,0.125,3.88,4.37,N,N,08/2024,Analyst
33-3021.06,1.A.1.b.4,Deductive Reasoning,IM,4.0,8,0.0,4.0,4.0,N,,08/2024,Analyst
33-3021.06,1.A.1.b.4,Deductive Reasoning,LV,4.62,8,0.183,4.2664,4.9836,N,N,08/2024,Analyst
33-3021.06,1.A.1.b.5,Inductive Reasoning,IM,4.25,8,0.1637,3.9292,4.5708,N,,08/2024,Analyst
33-3021.06,1.A.1.b.5,Inductive Reasoning,LV,4.75,8,0.1637,4.4292,5.0708,N,N,08/2024,Analyst
33-3021.06,1.A.1.b.6,Information Ordering,IM,4.0,8,0.0,4.0,4.0,N,,08/2024,Analyst
33-3021.06,1.A.1.b.6,Information Ordering,LV,4.0,8,0.0,4.0,4.0,N,N,08/2024,Analyst
33-3021.06,1.A.1.b.7,Category Flexibility,IM,3.5,8,0.189,3.1296,3.8704,N,,08/2024,Analyst
33-3021.06,1.A.1.b.7,Category Flexibility,LV,3.75,8,0.1637,3.4292,4.0708,N,N,08/2024,Analyst
33-3021.06,1.A.1.c.1,Mathematical Reasoning,IM,2.88,8,0.125,2.63,3.12,N,,08/2024,Analyst
33-3021.06,1.A.1.c.1,Mathematical Reasoning,LV,2.88,8,0.125,2.63,3.12,N,N,08/2024,Analyst
33-3021.06,1.A.1.c.2,Number Facility,IM,2.62,8,0.183,2.2664,2.9836,N,,08/2024,Analyst
33-3021.06,1.A.1.c.2,Number Facility,LV,2.75,8,0.1637,2.4292,3.0708,N,N,08/2024,Analyst
33-3021.06,1.A.1.d.1,Memorization,IM,2.62,8,0.183,2.2664,2.9836,N,,08/2024,Analyst
33-3021.06,1.A.1.d.1,Memorization,LV,2.75,8,0.1637,2.4292,3.0708,N,N,08/2024,Analyst
33-3021.06,1.A.1.e.1,Speed of Closure,IM,3.0,8,0.189,2.6296,3.3704,N,,08/2024,Analyst
33-3021.06,1.A.1.e.1,Speed of Closure,LV,3.62,8,0.2631,3.1094,4.1406,N,N,08/2024,Analyst
33-3021.06,1.A.1.e.2,Flexibility of Closure,IM,3.88,8,0.125,3.63,4.12,N,,08/2024,Analyst
33-3021.06,1.A.1.e.2,Flexibility of Closure,LV,4.0,8,0.189,3.6296,4.3704,N,N,08/2024,Analyst
33-3021.06,1.A.1.e.3,Perceptual Speed,IM,3.0,8,0.189,2.6296,3.3704,N,,08/2024,Analyst
33-3021.06,1.A.1.e.3,Perceptual Speed,LV,3.12,8,0.125,2.88,3.37,N,N,08/2024,Analyst
33-3021.06,1.A.1.f.1,Spatial Orientation,IM,1.0,8,0.0,1.0,1.0,N,,08/2024,Analyst
33-3021.06,1.A.1.f.1,Spatial Orientation,LV,0.0,8,0.0,0.0,0.0,N,Y,08/2024,Analyst
33-3021.06,1.A.1.f.2,Visualization,IM,2.75,8,0.1637,2.4292,3.0708,N,,08/2024,Analyst
33-3021.06,1.A.1.f.2,Visualization,LV,2.75,8,0.1637,2.4292,3.0708,N,N,08/2024,Analyst
33-3021.06,1.A.1.g.1,Selective Attention,IM,3.0,8,0.0,3.0,3.0,N,,08/2024,Analyst
33-3021.06,1.A.1.g.1,Selective Attention,LV,3.0,8,0.0,3.0,3.0,N,N,08/2024,Analyst
33-3021.06,1.A.1.g.2,Time Sharing,IM,2.38,8,0.183,2.0164,2.7336,N,,08/2024,Analyst
33-3021.06,1.A.1.g.2,Time Sharing,LV,2.38,8,0.183,2.0164,2.7336,N,N,08/2024,Analyst
33-3021.06,1.A.2.a.1,Arm-Hand Steadiness,IM,1.75,8,0.1637,1.4292,2.0708,N,,08/2024,Analyst
33-3021.06,1.A.2.a.1,Arm-Hand Steadiness,LV,0.75,8,0.1637,0.4292,1.0708,N,N,08/2024,Analyst
33-3021.06,1.A.2.a.2,Manual Dexterity,IM,1.62,8,0.183,1.2664,1.9836,N,,08/2024,Analyst
33-3021.06,1.A.2.a.2,Manual Dexterity,LV,0.62,8,0.183,0.2664,0.9836,N,N,08/2024,Analyst
33-3021.06,1.A.2.a.3,Finger Dexterity,IM,1.62,8,0.183,1.2664,1.9836,N,,08/2024,Analyst
33-3021.06,1.A.2.a.3,Finger Dexterity,LV,0.75,8,0.25,0.26,1.24,N,N,08/2024,Analyst
33-3021.06,1.A.2.b.1,Control Precision,IM,1.5,8,0.189,1.1296,1.8704,N,,08/2024,Analyst
33-3021.06,1.A.2.b.1,Control Precision,LV,0.62,8,0.2631,0.1094,1.1406,N,N,08/2024,Analyst
33-3021.06,1.A.2.b.2,Multilimb Coordination,IM,1.12,8,0.125,1.0,1.37,N,,08/2024,Analyst
33-3021.06,1.A.2.b.2,Multilimb Coordination,LV,0.12,8,0.125,0.0,0.37,N,Y,08/2024,Analyst
33-3021.06,1.A.2.b.3,Response Orientation,IM,1.0,8,0.0,1.0,1.0,N,,08/2024,Analyst
33-3021.06,1.A.2.b.3,Response Orientation,LV,0.0,8,0.0,0.0,0.0,N,Y,08/2024,Analyst
33-3021.06,1.A.2.b.4,Rate Control,IM,1.0,8,0.0,1.0,1.0,N,,08/2024,Analyst
33-3021.06,1.A.2.b.4,Rate Control,LV,0.0,8,0.0,0.0,0.0,N,Y,08/2024,Analyst
33-3021.06,1.A.2.c.1,Reaction Time,IM,1.0,8,0.0,1.0,1.0,N,,08/2024,Analyst
33-3021.06,1.A.2.c.1,Reaction Time,LV,0.0,8,0.0,0.0,0.0,N,Y,08/2024,Analyst
33-3021.06,1.A.2.c.2,Wrist-Finger Speed,IM,1.62,8,0.183,1.2664,1.9836,N,,08/2024,Analyst
33-3021.06,1.A.2.c.2,Wrist-Finger Speed,LV,0.62,8,0.183,0.2664,0.9836,N,N,08/2024,Analyst
33-3021.06,1.A.2.c.3,Speed of Limb Movement,IM,1.0,8,0.0,1.0,1.0,N,,08/2024,Analyst
33-3021.06,1.A.2.c.3,Speed of Limb Movement,LV,0.0,8,0.0,0.0,0.0,N,Y,08/2024,Analyst
33-3021.06,1.A.3.a.1,Static Strength,IM,1.0,8,0.0,1.0,1.0,N,,08/2024,Analyst
33-3021.06,1.A.3.a.1,Static Strength,LV,0.0,8,0.0,0.0,0.0,N,Y,08/2024,Analyst
33-3021.06,1.A.3.a.2,Explosive Strength,IM,1.0,8,0.0,1.0,1.0,N,,08/2024,Analyst
33-3021.06,1.A.3.a.2,Explosive Strength,LV,0.0,8,0.0,0.0,0.0,N,Y,08/2024,Analyst
33-3021.06,1.A.3.a.3,Dynamic Strength,IM,1.38,8,0.183,1.0164,1.7336,N,,08/2024,Analyst
33-3021.06,1.A.3.a.3,Dynamic Strength,LV,0.38,8,0.183,0.0164,0.7336,N,N,08/2024,Analyst
33-3021.06,1.A.3.a.4,Trunk Strength,IM,1.88,8,0.2266,1.4309,2.3191,N,,08/2024,Analyst
33-3021.06,1.A.3.a.4,Trunk Strength,LV,1.25,8,0.3134,0.6358,1.8642,N,N,08/2024,Analyst
33-3021.06,1.A.3.b.1,Stamina,IM,1.0,8,0.0,1.0,1.0,N,,08/2024,Analyst
33-3021.06,1.A.3.b.1,Stamina,LV,0.0,8,0.0,0.0,0.0,N,Y,08/2024,Analyst
33-3021.06,1.A.3.c.1,Extent Flexibility,IM,1.0,8,0.0,1.0,1.0,N,,08/2024,Analyst
33-3021.06,1.A.3.c.1,Extent Flexibility,LV,0.0,8,0.0,0.0,0.0,N,Y,08/2024,Analyst
33-3021.06,1.A.3.c.2,Dynamic Flexibility,IM,1.0,8,0.0,1.0,1.0,N,,08/2024,Analyst
33-3021.06,1.A.3.c.2,Dynamic Flexibility,LV,0.0,8,0.0,0.0,0.0,N,Y,08/2024,Analyst
33-3021.06,1.A.3.c.3,Gross Body Coordination,IM,1.0,8,0.0,1.0,1.0,N,,08/2024,Analyst
33-3021.06,1.A.3.c.3,Gross Body Coordination,LV,0.0,8,0.0,0.0,0.0,N,Y,08/2024,Analyst
33-3021.06,1.A.3.c.4,Gross Body Equilibrium,IM,1.0,8,0.0,1.0,1.0,N,,08/2024,Analyst
33-3021.06,1.A.3.c.4,Gross Body Equilibrium,LV,0.0,8,0.0,0.0,0.0,N,Y,08/2024,Analyst
33-3021.06,1.A.4.a.1,Near Vision,IM,3.88,8,0.125,3.63,4.12,N,,08/2024,Analyst
33-3021.06,1.A.4.a.1,Near Vision,LV,3.88,8,0.125,3.63,4.12,N,N,08/2024,Analyst
33-3021.06,1.A.4.a.2,Far Vision,IM,3.0,8,0.0,3.0,3.0,N,,08/2024,Analyst
33-3021.06,1.A.4.a.2,Far Vision,LV,3.0,8,0.0,3.0,3.0,N,N,08/2024,Analyst
33-3021.06,1.A.4.a.3,Visual Color Discrimination,IM,2.12,8,0.125,1.88,2.37,N,,08/2024,Analyst
33-3021.06,1.A.4.a.3,Visual Color Discrimination,LV,2.12,8,0.125,1.88,2.37,N,N,08/2024,Analyst
33-3021.06,1.A.4.a.4,Night Vision,IM,1.0,8,0.0,1.0,1.0,N,,08/2024,Analyst
33-3021.06,1.A.4.a.4,Night Vision,LV,0.0,8,0.0,0.0,0.0,N,Y,08/2024,Analyst
33-3021.06,1.A.4.a.5,Peripheral Vision,IM,1.0,8,0.0,1.0,1.0,N,,08/2024,Analyst
33-3021.06,1.A.4.a.5,Peripheral Vision,LV,0.0,8,0.0,0.0,0.0,N,Y,08/2024,Analyst
33-3021.06,1.A.4.a.6,Depth Perception,IM,1.25,8,0.1637,1.0,1.5708,N,,08/2024,Analyst
33-3021.06,1.A.4.a.6,Depth Perception,LV,0.25,8,0.1637,0.0,0.5708,N,Y,08/2024,Analyst
33-3021.06,1.A.4.a.7,Glare Sensitivity,IM,1.0,8,0.0,1.0,1.0,N,,08/2024,Analyst
33-3021.06,1.A.4.a.7,Glare Sensitivity,LV,0.0,8,0.0,0.0,0.0,N,Y,08/2024,Analyst
33-3021.06,1.A.4.b.1,Hearing Sensitivity,IM,2.0,8,0.0,2.0,2.0,N,,08/2024,Analyst
33-3021.06,1.A.4.b.1,Hearing Sensitivity,LV,2.0,8,0.0,2.0,2.0,N,N,08/2024,Analyst
33-3021.06,1.A.4.b.2,Auditory Attention,IM,2.12,8,0.125,1.88,2.37,N,,08/2024,Analyst
33-3021.06,1.A.4.b.2,Auditory Attention,LV,2.0,8,0.0,2.0,2.0,N,N,08/2024,Analyst
33-3021.06,1.A.4.b.3,Sound Localization,IM,1.0,8,0.0,1.0,1.0,N,,08/2024,Analyst
33-3021.06,1.A.4.b.3,Sound Localization,LV,0.0,8,0.0,0.0,0.0,N,Y,08/2024,Analyst
33-3021.06,1.A.4.b.4,Speech Recognition,IM,4.0,8,0.0,4.0,4.0,N,,08/2024,Analyst
33-3021.06,1.A.4.b.4,Speech Recognition,LV,4.12,8,0.125,3.88,4.37,N,N,08/2024,Analyst
33-3021.06,1.A.4.b.5,Speech Clarity,IM,4.0,8,0.0,4.0,4.0,N,,08/2024,Analyst
33-3021.06,1.A.4.b.5,Speech Clarity,LV,4.0,8,0.0,4.0,4.0,N,N,08/2024,Analyst
33-3031.00,1.A.1.a.1,Oral Comprehension,IM,4.12,8,0.125,3.88,4.37,N,,07/2014,Analyst
33-3031.00,1.A.1.a.1,Oral Comprehension,LV,4.12,8,0.125,3.88,4.37,N,N,07/2014,Analyst
33-3031.00,1.A.1.a.2,Written Comprehension,IM,3.62,8,0.183,3.2664,3.9836,N,,07/2014,Analyst
33-3031.00,1.A.1.a.2,Written Comprehension,LV,3.75,8,0.1637,3.4292,4.0708,N,N,07/2014,Analyst
33-3031.00,1.A.1.a.3,Oral Expression,IM,4.12,8,0.125,3.88,4.37,N,,07/2014,Analyst
33-3031.00,1.A.1.a.3,Oral Expression,LV,4.0,8,0.0,4.0,4.0,N,N,07/2014,Analyst
33-3031.00,1.A.1.a.4,Written Expression,IM,3.5,8,0.189,3.1296,3.8704,N,,07/2014,Analyst
33-3031.00,1.A.1.a.4,Written Expression,LV,3.75,8,0.1637,3.4292,4.0708,N,N,07/2014,Analyst
33-3031.00,1.A.1.b.1,Fluency of Ideas,IM,2.88,8,0.125,2.63,3.12,N,,07/2014,Analyst
33-3031.00,1.A.1.b.1,Fluency of Ideas,LV,3.0,8,0.189,2.6296,3.3704,N,N,07/2014,Analyst
33-3031.00,1.A.1.b.2,Originality,IM,2.88,8,0.125,2.63,3.12,N,,07/2014,Analyst
33-3031.00,1.A.1.b.2,Originality,LV,3.0,8,0.189,2.6296,3.3704,N,N,07/2014,Analyst
33-3031.00,1.A.1.b.3,Problem Sensitivity,IM,4.0,8,0.0,4.0,4.0,N,,07/2014,Analyst
33-3031.00,1.A.1.b.3,Problem Sensitivity,LV,4.12,8,0.125,3.88,4.37,N,N,07/2014,Analyst
33-3031.00,1.A.1.b.4,Deductive Reasoning,IM,3.75,8,0.1637,3.4292,4.0708,N,,07/2014,Analyst
33-3031.00,1.A.1.b.4,Deductive Reasoning,LV,3.75,8,0.1637,3.4292,4.0708,N,N,07/2014,Analyst
33-3031.00,1.A.1.b.5,Inductive Reasoning,IM,4.12,8,0.125,3.88,4.37,N,,07/2014,Analyst
33-3031.00,1.A.1.b.5,Inductive Reasoning,LV,4.0,8,0.0,4.0,4.0,N,N,07/2014,Analyst
33-3031.00,1.A.1.b.6,Information Ordering,IM,3.12,8,0.125,2.88,3.37,N,,07/2014,Analyst
33-3031.00,1.A.1.b.6,Information Ordering,LV,3.12,8,0.125,2.88,3.37,N,N,07/2014,Analyst
33-3031.00,1.A.1.b.7,Category Flexibility,IM,3.12,8,0.125,2.88,3.37,N,,07/2014,Analyst
33-3031.00,1.A.1.b.7,Category Flexibility,LV,3.12,8,0.125,2.88,3.37,N,N,07/2014,Analyst
33-3031.00,1.A.1.c.1,Mathematical Reasoning,IM,2.38,8,0.183,2.0164,2.7336,N,,07/2014,Analyst
33-3031.00,1.A.1.c.1,Mathematical Reasoning,LV,2.25,8,0.1637,1.9292,2.5708,N,N,07/2014,Analyst
33-3031.00,1.A.1.c.2,Number Facility,IM,2.25,8,0.1637,1.9292,2.5708,N,,07/2014,Analyst
33-3031.00,1.A.1.c.2,Number Facility,LV,2.5,8,0.189,2.1296,2.8704,N,N,07/2014,Analyst
33-3031.00,1.A.1.d.1,Memorization,IM,2.38,8,0.183,2.0164,2.7336,N,,07/2014,Analyst
33-3031.00,1.A.1.d.1,Memorization,LV,2.25,8,0.1637,1.9292,2.5708,N,N,07/2014,Analyst
33-3031.00,1.A.1.e.1,Speed of Closure,IM,3.0,8,0.189,2.6296,3.3704,N,,07/2014,Analyst
33-3031.00,1.A.1.e.1,Speed of Closure,LV,3.0,8,0.189,2.6296,3.3704,N,N,07/2014,Analyst
33-3031.00,1.A.1.e.2,Flexibility of Closure,IM,3.25,8,0.1637,2.9292,3.5708,N,,07/2014,Analyst
33-3031.00,1.A.1.e.2,Flexibility of Closure,LV,3.5,8,0.2673,2.9762,4.0238,N,N,07/2014,Analyst
33-3031.00,1.A.1.e.3,Perceptual Speed,IM,2.88,8,0.125,2.63,3.12,N,,07/2014,Analyst
33-3031.00,1.A.1.e.3,Perceptual Speed,LV,2.75,8,0.1637,2.4292,3.0708,N,N,07/2014,Analyst
33-3031.00,1.A.1.f.1,Spatial Orientation,IM,3.12,8,0.125,2.88,3.37,N,,07/2014,Analyst
33-3031.00,1.A.1.f.1,Spatial Orientation,LV,3.25,8,0.1637,2.9292,3.5708,N,N,07/2014,Analyst
33-3031.00,1.A.1.f.2,Visualization,IM,2.5,8,0.189,2.1296,2.8704,N,,07/2014,Analyst
33-3031.00,1.A.1.f.2,Visualization,LV,2.38,8,0.183,2.0164,2.7336,N,N,07/2014,Analyst
33-3031.00,1.A.1.g.1,Selective Attention,IM,3.0,8,0.0,3.0,3.0,N,,07/2014,Analyst
33-3031.00,1.A.1.g.1,Selective Attention,LV,3.25,8,0.1637,2.9292,3.5708,N,N,07/2014,Analyst
33-3031.00,1.A.1.g.2,Time Sharing,IM,3.0,8,0.0,3.0,3.0,N,,07/2014,Analyst
33-3031.00,1.A.1.g.2,Time Sharing,LV,3.0,8,0.0,3.0,3.0,N,N,07/2014,Analyst
33-3031.00,1.A.2.a.1,Arm-Hand Steadiness,IM,2.88,8,0.125,2.63,3.12,N,,07/2014,Analyst
33-3031.00,1.A.2.a.1,Arm-Hand Steadiness,LV,2.62,8,0.183,2.2664,2.9836,N,N,07/2014,Analyst
33-3031.00,1.A.2.a.2,Manual Dexterity,IM,2.62,8,0.183,2.2664,2.9836,N,,07/2014,Analyst
33-3031.00,1.A.2.a.2,Manual Dexterity,LV,2.5,8,0.189,2.1296,2.8704,N,N,07/2014,Analyst
33-3031.00,1.A.2.a.3,Finger Dexterity,IM,2.62,8,0.183,2.2664,2.9836,N,,07/2014,Analyst
33-3031.00,1.A.2.a.3,Finger Dexterity,LV,2.5,8,0.189,2.1296,2.8704,N,N,07/2014,Analyst
33-3031.00,1.A.2.b.1,Control Precision,IM,3.0,8,0.189,2.6296,3.3704,N,,07/2014,Analyst
33-3031.00,1.A.2.b.1,Control Precision,LV,3.25,8,0.25,2.76,3.74,N,N,07/2014,Analyst
33-3031.00,1.A.2.b.2,Multilimb Coordination,IM,3.0,8,0.189,2.6296,3.3704,N,,07/2014,Analyst
33-3031.00,1.A.2.b.2,Multilimb Coordination,LV,3.0,8,0.189,2.6296,3.3704,N,N,07/2014,Analyst
33-3031.00,1.A.2.b.3,Response Orientation,IM,2.62,8,0.183,2.2664,2.9836,N,,07/2014,Analyst
33-3031.00,1.A.2.b.3,Response Orientation,LV,2.88,8,0.125,2.63,3.12,N,N,07/2014,Analyst
33-3031.00,1.A.2.b.4,Rate Control,IM,2.38,8,0.183,2.0164,2.7336,N,,07/2014,Analyst
33-3031.00,1.A.2.b.4,Rate Control,LV,2.62,8,0.2631,2.1094,3.1406,N,N,07/2014,Analyst
33-3031.00,1.A.2.c.1,Reaction Time,IM,2.88,8,0.125,2.63,3.12,N,,07/2014,Analyst
33-3031.00,1.A.2.c.1,Reaction Time,LV,3.0,8,0.0,3.0,3.0,N,N,07/2014,Analyst
33-3031.00,1.A.2.c.2,Wrist-Finger Speed,IM,1.75,8,0.1637,1.4292,2.0708,N,,07/2014,Analyst
33-3031.00,1.A.2.c.2,Wrist-Finger Speed,LV,0.88,8,0.2266,0.4309,1.3191,N,N,07/2014,Analyst
33-3031.00,1.A.2.c.3,Speed of Limb Movement,IM,2.25,8,0.1637,1.9292,2.5708,N,,07/2014,Analyst
33-3031.00,1.A.2.c.3,Speed of Limb Movement,LV,2.25,8,0.1637,1.9292,2.5708,N,N,07/2014,Analyst
33-3031.00,1.A.3.a.1,Static Strength,IM,2.88,8,0.125,2.63,3.12,N,,07/2014,Analyst
33-3031.00,1.A.3.a.1,Static Strength,LV,2.88,8,0.125,2.63,3.12,N,N,07/2014,Analyst
33-3031.00,1.A.3.a.2,Explosive Strength,IM,1.88,8,0.125,1.63,2.12,N,,07/2014,Analyst
33-3031.00,1.A.3.a.2,Explosive Strength,LV,1.75,8,0.25,1.26,2.24,N,N,07/2014,Analyst
33-3031.00,1.A.3.a.3,Dynamic Strength,IM,2.25,8,0.1637,1.9292,2.5708,N,,07/2014,Analyst
33-3031.00,1.A.3.a.3,Dynamic Strength,LV,2.0,8,0.0,2.0,2.0,N,N,07/2014,Analyst
33-3031.00,1.A.3.a.4,Trunk Strength,IM,2.5,8,0.189,2.1296,2.8704,N,,07/2014,Analyst
33-3031.00,1.A.3.a.4,Trunk Strength,LV,2.75,8,0.1637,2.4292,3.0708,N,N,07/2014,Analyst
33-3031.00,1.A.3.b.1,Stamina,IM,3.0,8,0.0,3.0,3.0,N,,07/2014,Analyst
33-3031.00,1.A.3.b.1,Stamina,LV,2.88,8,0.125,2.63,3.12,N,N,07/2014,Analyst
33-3031.00,1.A.3.c.1,Extent Flexibility,IM,2.0,8,0.0,2.0,2.0,N,,07/2014,Analyst
33-3031.00,1.A.3.c.1,Extent Flexibility,LV,2.12,8,0.125,1.88,2.37,N,N,07/2014,Analyst
33-3031.00,1.A.3.c.2,Dynamic Flexibility,IM,1.0,8,0.0,1.0,1.0,N,,07/2014,Analyst
33-3031.00,1.A.3.c.2,Dynamic Flexibility,LV,0.0,8,0.0,0.0,0.0,N,Y,07/2014,Analyst
33-3031.00,1.A.3.c.3,Gross Body Coordination,IM,2.5,8,0.189,2.1296,2.8704,N,,07/2014,Analyst
33-3031.00,1.A.3.c.3,Gross Body Coordination,LV,2.38,8,0.183,2.0164,2.7336,N,N,07/2014,Analyst
33-3031.00,1.A.3.c.4,Gross Body Equilibrium,IM,2.25,8,0.1637,1.9292,2.5708,N,,07/2014,Analyst
33-3031.00,1.A.3.c.4,Gross Body Equilibrium,LV,2.25,8,0.25,1.76,2.74,N,N,07/2014,Analyst
33-3031.00,1.A.4.a.1,Near Vision,IM,3.75,8,0.1637,3.4292,4.0708,N,,07/2014,Analyst
33-3031.00,1.A.4.a.1,Near Vision,LV,3.75,8,0.1637,3.4292,4.0708,N,N,07/2014,Analyst
33-3031.00,1.A.4.a.2,Far Vision,IM,3.75,8,0.1637,3.4292,4.0708,N,,07/2014,Analyst
33-3031.00,1.A.4.a.2,Far Vision,LV,4.0,8,0.189,3.6296,4.3704,N,N,07/2014,Analyst
33-3031.00,1.A.4.a.3,Visual Color Discrimination,IM,2.75,8,0.1637,2.4292,3.0708,N,,07/2014,Analyst
33-3031.00,1.A.4.a.3,Visual Color Discrimination,LV,2.75,8,0.1637,2.4292,3.0708,N,N,07/2014,Analyst
33-3031.00,1.A.4.a.4,Night Vision,IM,2.25,8,0.25,1.76,2.74,N,,07/2014,Analyst
33-3031.00,1.A.4.a.4,Night Vision,LV,2.12,8,0.3504,1.4383,2.8117,N,N,07/2014,Analyst
33-3031.00,1.A.4.a.5,Peripheral Vision,IM,2.38,8,0.183,2.0164,2.7336,N,,07/2014,Analyst
33-3031.00,1.A.4.a.5,Peripheral Vision,LV,2.25,8,0.1637,1.9292,2.5708,N,N,07/2014,Analyst
33-3031.00,1.A.4.a.6,Depth Perception,IM,3.0,8,0.0,3.0,3.0,N,,07/2014,Analyst
33-3031.00,1.A.4.a.6,Depth Perception,LV,3.0,8,0.0,3.0,3.0,N,N,07/2014,Analyst
33-3031.00,1.A.4.a.7,Glare Sensitivity,IM,2.62,8,0.183,2.2664,2.9836,N,,07/2014,Analyst
33-3031.00,1.A.4.a.7,Glare Sensitivity,LV,3.0,8,0.0,3.0,3.0,N,N,07/2014,Analyst
33-3031.00,1.A.4.b.1,Hearing Sensitivity,IM,2.75,8,0.1637,2.4292,3.0708,N,,07/2014,Analyst
33-3031.00,1.A.4.b.1,Hearing Sensitivity,LV,2.38,8,0.183,2.0164,2.7336,N,N,07/2014,Analyst
33-3031.00,1.A.4.b.2,Auditory Attention,IM,2.12,8,0.125,1.88,2.37,N,,07/2014,Analyst
33-3031.00,1.A.4.b.2,Auditory Attention,LV,2.12,8,0.125,1.88,2.37,N,N,07/2014,Analyst
33-3031.00,1.A.4.b.3,Sound Localization,IM,2.12,8,0.2266,1.6809,2.5691,N,,07/2014,Analyst
33-3031.00,1.A.4.b.3,Sound Localization,LV,2.25,8,0.366,1.5327,2.9673,N,N,07/2014,Analyst
33-3031.00,1.A.4.b.4,Speech Recognition,IM,3.88,8,0.125,3.63,4.12,N,,07/2014,Analyst
33-3031.00,1.A.4.b.4,Speech Recognition,LV,3.25,8,0.1637,2.9292,3.5708,N,N,07/2014,Analyst
33-3031.00,1.A.4.b.5,Speech Clarity,IM,3.88,8,0.125,3.63,4.12,N,,07/2014,Analyst
33-3031.00,1.A.4.b.5,Speech Clarity,LV,3.88,8,0.125,3.63,4.12,N,N,07/2014,Analyst
33-3041.00,1.A.1.a.1,Oral Comprehension,IM,3.25,8,0.1637,2.9292,3.5708,N,,07/2016,Analyst
33-3041.00,1.A.1.a.1,Oral Comprehension,LV,3.5,8,0.189,3.1296,3.8704,N,N,07/2016,Analyst
33-3041.00,1.A.1.a.2,Written Comprehension,IM,3.0,8,0.0,3.0,3.0,N,,07/2016,Analyst
33-3041.00,1.A.1.a.2,Written Comprehension,LV,3.0,8,0.0,3.0,3.0,N,N,07/2016,Analyst
33-3041.00,1.A.1.a.3,Oral Expression,IM,3.62,8,0.183,3.2664,3.9836,N,,07/2016,Analyst
33-3041.00,1.A.1.a.3,Oral Expression,LV,3.88,8,0.125,3.63,4.12,N,N,07/2016,Analyst
33-3041.00,1.A.1.a.4,Written Expression,IM,3.12,8,0.125,2.88,3.37,N,,07/2016,Analyst
33-3041.00,1.A.1.a.4,Written Expression,LV,2.5,8,0.189,2.1296,2.8704,N,N,07/2016,Analyst
33-3041.00,1.A.1.b.1,Fluency of Ideas,IM,2.0,8,0.0,2.0,2.0,N,,07/2016,Analyst
33-3041.00,1.A.1.b.1,Fluency of Ideas,LV,2.25,8,0.1637,1.9292,2.5708,N,N,07/2016,Analyst
33-3041.00,1.A.1.b.2,Originality,IM,2.0,8,0.0,2.0,2.0,N,,07/2016,Analyst
33-3041.00,1.A.1.b.2,Originality,LV,2.25,8,0.1637,1.9292,2.5708,N,N,07/2016,Analyst
33-3041.00,1.A.1.b.3,Problem Sensitivity,IM,3.12,8,0.125,2.88,3.37,N,,07/2016,Analyst
33-3041.00,1.A.1.b.3,Problem Sensitivity,LV,3.12,8,0.125,2.88,3.37,N,N,07/2016,Analyst
33-3041.00,1.A.1.b.4,Deductive Reasoning,IM,3.0,8,0.0,3.0,3.0,N,,07/2016,Analyst
33-3041.00,1.A.1.b.4,Deductive Reasoning,LV,3.0,8,0.0,3.0,3.0,N,N,07/2016,Analyst
33-3041.00,1.A.1.b.5,Inductive Reasoning,IM,3.0,8,0.0,3.0,3.0,N,,07/2016,Analyst
33-3041.00,1.A.1.b.5,Inductive Reasoning,LV,2.75,8,0.1637,2.4292,3.0708,N,N,07/2016,Analyst
33-3041.00,1.A.1.b.6,Information Ordering,IM,3.25,8,0.1637,2.9292,3.5708,N,,07/2016,Analyst
33-3041.00,1.A.1.b.6,Information Ordering,LV,3.0,8,0.0,3.0,3.0,N,N,07/2016,Analyst
33-3041.00,1.A.1.b.7,Category Flexibility,IM,2.88,8,0.2266,2.4309,3.3191,N,,07/2016,Analyst
33-3041.00,1.A.1.b.7,Category Flexibility,LV,2.38,8,0.183,2.0164,2.7336,N,N,07/2016,Analyst
33-3041.00,1.A.1.c.1,Mathematical Reasoning,IM,2.0,8,0.0,2.0,2.0,N,,07/2016,Analyst
33-3041.00,1.A.1.c.1,Mathematical Reasoning,LV,1.5,8,0.189,1.1296,1.8704,N,N,07/2016,Analyst
33-3041.00,1.A.1.c.2,Number Facility,IM,2.0,8,0.0,2.0,2.0,N,,07/2016,Analyst
33-3041.00,1.A.1.c.2,Number Facility,LV,1.75,8,0.1637,1.4292,2.0708,N,N,07/2016,Analyst
33-3041.00,1.A.1.d.1,Memorization,IM,2.25,8,0.1637,1.9292,2.5708,N,,07/2016,Analyst
33-3041.00,1.A.1.d.1,Memorization,LV,2.25,8,0.1637,1.9292,2.5708,N,N,07/2016,Analyst
33-3041.00,1.A.1.e.1,Speed of Closure,IM,2.25,8,0.1637,1.9292,2.5708,N,,07/2016,Analyst
33-3041.00,1.A.1.e.1,Speed of Closure,LV,2.12,8,0.125,1.88,2.37,N,N,07/2016,Analyst
33-3041.00,1.A.1.e.2,Flexibility of Closure,IM,2.25,8,0.1637,1.9292,2.5708,N,,07/2016,Analyst
33-3041.00,1.A.1.e.2,Flexibility of Closure,LV,2.25,8,0.1637,1.9292,2.5708,N,N,07/2016,Analyst
33-3041.00,1.A.1.e.3,Perceptual Speed,IM,3.0,8,0.189,2.6296,3.3704,N,,07/2016,Analyst
33-3041.00,1.A.1.e.3,Perceptual Speed,LV,2.5,8,0.189,2.1296,2.8704,N,N,07/2016,Analyst
33-3041.00,1.A.1.f.1,Spatial Orientation,IM,2.62,8,0.183,2.2664,2.9836,N,,07/2016,Analyst
33-3041.00,1.A.1.f.1,Spatial Orientation,LV,2.25,8,0.1637,1.9292,2.5708,N,N,07/2016,Analyst
33-3041.00,1.A.1.f.2,Visualization,IM,2.12,8,0.125,1.88,2.37,N,,07/2016,Analyst
33-3041.00,1.A.1.f.2,Visualization,LV,2.12,8,0.125,1.88,2.37,N,N,07/2016,Analyst
33-3041.00,1.A.1.g.1,Selective Attention,IM,3.0,8,0.0,3.0,3.0,N,,07/2016,Analyst
33-3041.00,1.A.1.g.1,Selective Attention,LV,2.25,8,0.1637,1.9292,2.5708,N,N,07/2016,Analyst
33-3041.00,1.A.1.g.2,Time Sharing,IM,2.62,8,0.183,2.2664,2.9836,N,,07/2016,Analyst
33-3041.00,1.A.1.g.2,Time Sharing,LV,2.12,8,0.125,1.88,2.37,N,N,07/2016,Analyst
33-3041.00,1.A.2.a.1,Arm-Hand Steadiness,IM,2.62,8,0.183,2.2664,2.9836,N,,07/2016,Analyst
33-3041.00,1.A.2.a.1,Arm-Hand Steadiness,LV,2.12,8,0.125,1.88,2.37,N,N,07/2016,Analyst
33-3041.00,1.A.2.a.2,Manual Dexterity,IM,2.5,8,0.189,2.1296,2.8704,N,,07/2016,Analyst
33-3041.00,1.A.2.a.2,Manual Dexterity,LV,2.12,8,0.125,1.88,2.37,N,N,07/2016,Analyst
33-3041.00,1.A.2.a.3,Finger Dexterity,IM,2.75,8,0.1637,2.4292,3.0708,N,,07/2016,Analyst
33-3041.00,1.A.2.a.3,Finger Dexterity,LV,2.25,8,0.1637,1.9292,2.5708,N,N,07/2016,Analyst
33-3041.00,1.A.2.b.1,Control Precision,IM,3.0,8,0.0,3.0,3.0,N,,07/2016,Analyst
33-3041.00,1.A.2.b.1,Control Precision,LV,2.75,8,0.1637,2.4292,3.0708,N,N,07/2016,Analyst
33-3041.00,1.A.2.b.2,Multilimb Coordination,IM,2.75,8,0.1637,2.4292,3.0708,N,,07/2016,Analyst
33-3041.00,1.A.2.b.2,Multilimb Coordination,LV,2.62,8,0.183,2.2664,2.9836,N,N,07/2016,Analyst
33-3041.00,1.A.2.b.3,Response Orientation,IM,2.38,8,0.183,2.0164,2.7336,N,,07/2016,Analyst
33-3041.00,1.A.2.b.3,Response Orientation,LV,2.38,8,0.183,2.0164,2.7336,N,N,07/2016,Analyst
33-3041.00,1.A.2.b.4,Rate Control,IM,2.0,8,0.0,2.0,2.0,N,,07/2016,Analyst
33-3041.00,1.A.2.b.4,Rate Control,LV,1.75,8,0.25,1.26,2.24,N,N,07/2016,Analyst
33-3041.00,1.A.2.c.1,Reaction Time,IM,2.38,8,0.183,2.0164,2.7336,N,,07/2016,Analyst
33-3041.00,1.A.2.c.1,Reaction Time,LV,2.38,8,0.183,2.0164,2.7336,N,N,07/2016,Analyst
33-3041.00,1.A.2.c.2,Wrist-Finger Speed,IM,1.62,8,0.183,1.2664,1.9836,N,,07/2016,Analyst
33-3041.00,1.A.2.c.2,Wrist-Finger Speed,LV,1.0,8,0.3273,0.3584,1.6416,N,N,07/2016,Analyst
33-3041.00,1.A.2.c.3,Speed of Limb Movement,IM,2.0,8,0.0,2.0,2.0,N,,07/2016,Analyst
33-3041.00,1.A.2.c.3,Speed of Limb Movement,LV,1.62,8,0.183,1.2664,1.9836,N,N,07/2016,Analyst
33-3041.00,1.A.3.a.1,Static Strength,IM,2.62,8,0.183,2.2664,2.9836,N,,07/2016,Analyst
33-3041.00,1.A.3.a.1,Static Strength,LV,2.12,8,0.125,1.88,2.37,N,N,07/2016,Analyst
33-3041.00,1.A.3.a.2,Explosive Strength,IM,2.0,8,0.0,2.0,2.0,N,,07/2016,Analyst
33-3041.00,1.A.3.a.2,Explosive Strength,LV,1.5,8,0.2673,0.9762,2.0238,N,N,07/2016,Analyst
33-3041.00,1.A.3.a.3,Dynamic Strength,IM,2.0,8,0.0,2.0,2.0,N,,07/2016,Analyst
33-3041.00,1.A.3.a.3,Dynamic Strength,LV,1.62,8,0.2631,1.1094,2.1406,N,N,07/2016,Analyst
33-3041.00,1.A.3.a.4,Trunk Strength,IM,2.88,8,0.125,2.63,3.12,N,,07/2016,Analyst
33-3041.00,1.A.3.a.4,Trunk Strength,LV,2.75,8,0.1637,2.4292,3.0708,N,N,07/2016,Analyst
33-3041.00,1.A.3.b.1,Stamina,IM,2.62,8,0.183,2.2664,2.9836,N,,07/2016,Analyst
33-3041.00,1.A.3.b.1,Stamina,LV,2.0,8,0.189,1.6296,2.3704,N,N,07/2016,Analyst
33-3041.00,1.A.3.c.1,Extent Flexibility,IM,2.38,8,0.183,2.0164,2.7336,N,,07/2016,Analyst
33-3041.00,1.A.3.c.1,Extent Flexibility,LV,2.12,8,0.125,1.88,2.37,N,N,07/2016,Analyst
33-3041.00,1.A.3.c.2,Dynamic Flexibility,IM,1.0,8,0.0,1.0,1.0,N,,07/2016,Analyst
33-3041.00,1.A.3.c.2,Dynamic Flexibility,LV,0.0,8,0.0,0.0,0.0,N,Y,07/2016,Analyst
33-3041.00,1.A.3.c.3,Gross Body Coordination,IM,2.38,8,0.183,2.0164,2.7336,N,,07/2016,Analyst
33-3041.00,1.A.3.c.3,Gross Body Coordination,LV,2.0,8,0.0,2.0,2.0,N,N,07/2016,Analyst
33-3041.00,1.A.3.c.4,Gross Body Equilibrium,IM,2.0,8,0.0,2.0,2.0,N,,07/2016,Analyst
33-3041.00,1.A.3.c.4,Gross Body Equilibrium,LV,1.62,8,0.2631,1.1094,2.1406,N,N,07/2016,Analyst
33-3041.00,1.A.4.a.1,Near Vision,IM,3.25,8,0.1637,2.9292,3.5708,N,,07/2016,Analyst
33-3041.00,1.A.4.a.1,Near Vision,LV,3.12,8,0.125,2.88,3.37,N,N,07/2016,Analyst
33-3041.00,1.A.4.a.2,Far Vision,IM,3.12,8,0.125,2.88,3.37,N,,07/2016,Analyst
33-3041.00,1.A.4.a.2,Far Vision,LV,3.12,8,0.125,2.88,3.37,N,N,07/2016,Analyst
33-3041.00,1.A.4.a.3,Visual Color Discrimination,IM,2.88,8,0.125,2.63,3.12,N,,07/2016,Analyst
33-3041.00,1.A.4.a.3,Visual Color Discrimination,LV,2.38,8,0.183,2.0164,2.7336,N,N,07/2016,Analyst
33-3041.00,1.A.4.a.4,Night Vision,IM,2.0,8,0.0,2.0,2.0,N,,07/2016,Analyst
33-3041.00,1.A.4.a.4,Night Vision,LV,2.0,8,0.0,2.0,2.0,N,N,07/2016,Analyst
33-3041.00,1.A.4.a.5,Peripheral Vision,IM,2.0,8,0.0,2.0,2.0,N,,07/2016,Analyst
33-3041.00,1.A.4.a.5,Peripheral Vision,LV,1.62,8,0.2631,1.1094,2.1406,N,N,07/2016,Analyst
33-3041.00,1.A.4.a.6,Depth Perception,IM,2.75,8,0.1637,2.4292,3.0708,N,,07/2016,Analyst
33-3041.00,1.A.4.a.6,Depth Perception,LV,2.12,8,0.125,1.88,2.37,N,N,07/2016,Analyst
33-3041.00,1.A.4.a.7,Glare Sensitivity,IM,2.25,8,0.1637,1.9292,2.5708,N,,07/2016,Analyst
33-3041.00,1.A.4.a.7,Glare Sensitivity,LV,2.0,8,0.0,2.0,2.0,N,N,07/2016,Analyst
33-3041.00,1.A.4.b.1,Hearing Sensitivity,IM,2.25,8,0.1637,1.9292,2.5708,N,,07/2016,Analyst
33-3041.00,1.A.4.b.1,Hearing Sensitivity,LV,2.12,8,0.125,1.88,2.37,N,N,07/2016,Analyst
33-3041.00,1.A.4.b.2,Auditory Attention,IM,2.38,8,0.183,2.0164,2.7336,N,,07/2016,Analyst
33-3041.00,1.A.4.b.2,Auditory Attention,LV,2.12,8,0.125,1.88,2.37,N,N,07/2016,Analyst
33-3041.00,1.A.4.b.3,Sound Localization,IM,2.12,8,0.125,1.88,2.37,N,,07/2016,Analyst
33-3041.00,1.A.4.b.3,Sound Localization,LV,1.75,8,0.1637,1.4292,2.0708,N,N,07/2016,Analyst
33-3041.00,1.A.4.b.4,Speech Recognition,IM,3.12,8,0.125,2.88,3.37,N,,07/2016,Analyst
33-3041.00,1.A.4.b.4,Speech Recognition,LV,2.62,8,0.183,2.2664,2.9836,N,N,07/2016,Analyst
33-3041.00,1.A.4.b.5,Speech Clarity,IM,3.38,8,0.183,3.0164,3.7336,N,,07/2016,Analyst
33-3041.00,1.A.4.b.5,Speech Clarity,LV,2.88,8,0.125,2.63,3.12,N,N,07/2016,Analyst
33-3051.00,1.A.1.a.1,Oral Comprehension,IM,4.5,8,0.189,4.1296,4.8704,N,,08/2022,Analyst
33-3051.00,1.A.1.a.1,Oral Comprehension,LV,4.0,8,0.189,3.6296,4.3704,N,N,08/2022,Analyst
33-3051.00,1.A.1.a.2,Written Comprehension,IM,3.88,8,0.2266,3.4309,4.3191,N,,08/2022,Analyst
33-3051.00,1.A.1.a.2,Written Comprehension,LV,3.75,8,0.25,3.26,4.24,N,N,08/2022,Analyst
33-3051.00,1.A.1.a.3,Oral Expression,IM,4.12,8,0.2266,3.6809,4.5691,N,,08/2022,Analyst
33-3051.00,1.A.1.a.3,Oral Expression,LV,4.12,8,0.125,3.88,4.37,N,N,08/2022,Analyst
33-3051.00,1.A.1.a.4,Written Expression,IM,3.5,8,0.189,3.1296,3.8704,N,,08/2022,Analyst
33-3051.00,1.A.1.a.4,Written Expression,LV,3.5,8,0.189,3.1296,3.8704,N,N,08/2022,Analyst
33-3051.00,1.A.1.b.1,Fluency of Ideas,IM,3.0,8,0.189,2.6296,3.3704,N,,08/2022,Analyst
33-3051.00,1.A.1.b.1,Fluency of Ideas,LV,3.0,8,0.189,2.6296,3.3704,N,N,08/2022,Analyst
33-3051.00,1.A.1.b.2,Originality,IM,3.0,8,0.189,2.6296,3.3704,N,,08/2022,Analyst
33-3051.00,1.A.1.b.2,Originality,LV,2.75,8,0.1637,2.4292,3.0708,N,N,08/2022,Analyst
33-3051.00,1.A.1.b.3,Problem Sensitivity,IM,4.5,8,0.189,4.1296,4.8704,N,,08/2022,Analyst
33-3051.00,1.A.1.b.3,Problem Sensitivity,LV,4.25,8,0.1637,3.9292,4.5708,N,N,08/2022,Analyst
33-3051.00,1.A.1.b.4,Deductive Reasoning,IM,4.25,8,0.1637,3.9292,4.5708,N,,08/2022,Analyst
33-3051.00,1.A.1.b.4,Deductive Reasoning,LV,4.12,8,0.2266,3.6809,4.5691,N,N,08/2022,Analyst
33-3051.00,1.A.1.b.5,Inductive Reasoning,IM,4.25,8,0.1637,3.9292,4.5708,N,,08/2022,Analyst
33-3051.00,1.A.1.b.5,Inductive Reasoning,LV,3.88,8,0.125,3.63,4.12,N,N,08/2022,Analyst
33-3051.00,1.A.1.b.6,Information Ordering,IM,3.75,8,0.1637,3.4292,4.0708,N,,08/2022,Analyst
33-3051.00,1.A.1.b.6,Information Ordering,LV,3.62,8,0.183,3.2664,3.9836,N,N,08/2022,Analyst
33-3051.00,1.A.1.b.7,Category Flexibility,IM,3.38,8,0.183,3.0164,3.7336,N,,08/2022,Analyst
33-3051.00,1.A.1.b.7,Category Flexibility,LV,3.5,8,0.2673,2.9762,4.0238,N,N,08/2022,Analyst
33-3051.00,1.A.1.c.1,Mathematical Reasoning,IM,2.25,8,0.1637,1.9292,2.5708,N,,08/2022,Analyst
33-3051.00,1.A.1.c.1,Mathematical Reasoning,LV,1.88,8,0.2266,1.4309,2.3191,N,N,08/2022,Analyst
33-3051.00,1.A.1.c.2,Number Facility,IM,2.38,8,0.183,2.0164,2.7336,N,,08/2022,Analyst
33-3051.00,1.A.1.c.2,Number Facility,LV,2.25,8,0.25,1.76,2.74,N,N,08/2022,Analyst
33-3051.00,1.A.1.d.1,Memorization,IM,3.0,8,0.2673,2.4762,3.5238,N,,08/2022,Analyst
33-3051.00,1.A.1.d.1,Memorization,LV,3.12,8,0.2266,2.6809,3.5691,N,N,08/2022,Analyst
33-3051.00,1.A.1.e.1,Speed of Closure,IM,3.25,8,0.25,2.76,3.74,N,,08/2022,Analyst
33-3051.00,1.A.1.e.1,Speed of Closure,LV,2.88,8,0.2266,2.4309,3.3191,N,N,08/2022,Analyst
33-3051.00,1.A.1.e.2,Flexibility of Closure,IM,3.5,8,0.2673,2.9762,4.0238,N,,08/2022,Analyst
33-3051.00,1.A.1.e.2,Flexibility of Closure,LV,3.75,8,0.25,3.26,4.24,N,N,08/2022,Analyst
33-3051.00,1.A.1.e.3,Perceptual Speed,IM,3.12,8,0.2266,2.6809,3.5691,N,,08/2022,Analyst
33-3051.00,1.A.1.e.3,Perceptual Speed,LV,3.25,8,0.1637,2.9292,3.5708,N,N,08/2022,Analyst
33-3051.00,1.A.1.f.1,Spatial Orientation,IM,2.88,8,0.295,2.2967,3.4533,N,,08/2022,Analyst
33-3051.00,1.A.1.f.1,Spatial Orientation,LV,2.62,8,0.3239,1.9902,3.2598,N,N,08/2022,Analyst
33-3051.00,1.A.1.f.2,Visualization,IM,2.62,8,0.183,2.2664,2.9836,N,,08/2022,Analyst
33-3051.00,1.A.1.f.2,Visualization,LV,2.62,8,0.2631,2.1094,3.1406,N,N,08/2022,Analyst
33-3051.00,1.A.1.g.1,Selective Attention,IM,3.25,8,0.3134,2.6358,3.8642,N,,08/2022,Analyst
33-3051.00,1.A.1.g.1,Selective Attention,LV,3.25,8,0.25,2.76,3.74,N,N,08/2022,Analyst
33-3051.00,1.A.1.g.2,Time Sharing,IM,3.0,8,0.2673,2.4762,3.5238,N,,08/2022,Analyst
33-3051.00,1.A.1.g.2,Time Sharing,LV,3.25,8,0.25,2.76,3.74,N,N,08/2022,Analyst
33-3051.00,1.A.2.a.1,Arm-Hand Steadiness,IM,3.0,8,0.189,2.6296,3.3704,N,,08/2022,Analyst
33-3051.00,1.A.2.a.1,Arm-Hand Steadiness,LV,3.12,8,0.2266,2.6809,3.5691,N,N,08/2022,Analyst
33-3051.00,1.A.2.a.2,Manual Dexterity,IM,2.88,8,0.2266,2.4309,3.3191,N,,08/2022,Analyst
33-3051.00,1.A.2.a.2,Manual Dexterity,LV,2.88,8,0.2266,2.4309,3.3191,N,N,08/2022,Analyst
33-3051.00,1.A.2.a.3,Finger Dexterity,IM,2.62,8,0.2631,2.1094,3.1406,N,,08/2022,Analyst
33-3051.00,1.A.2.a.3,Finger Dexterity,LV,2.38,8,0.2631,1.8594,2.8906,N,N,08/2022,Analyst
33-3051.00,1.A.2.b.1,Control Precision,IM,2.62,8,0.2631,2.1094,3.1406,N,,08/2022,Analyst
33-3051.00,1.A.2.b.1,Control Precision,LV,2.62,8,0.2631,2.1094,3.1406,N,N,08/2022,Analyst
33-3051.00,1.A.2.b.2,Multilimb Coordination,IM,3.25,8,0.25,2.76,3.74,N,,08/2022,Analyst
33-3051.00,1.A.2.b.2,Multilimb Coordination,LV,3.0,8,0.3273,2.3584,3.6416,N,N,08/2022,Analyst
33-3051.00,1.A.2.b.3,Response Orientation,IM,3.12,8,0.2266,2.6809,3.5691,N,,08/2022,Analyst
33-3051.00,1.A.2.b.3,Response Orientation,LV,3.5,8,0.2673,2.9762,4.0238,N,N,08/2022,Analyst
33-3051.00,1.A.2.b.4,Rate Control,IM,2.88,8,0.2266,2.4309,3.3191,N,,08/2022,Analyst
33-3051.00,1.A.2.b.4,Rate Control,LV,3.38,8,0.183,3.0164,3.7336,N,N,08/2022,Analyst
33-3051.00,1.A.2.c.1,Reaction Time,IM,3.12,8,0.125,2.88,3.37,N,,08/2022,Analyst
33-3051.00,1.A.2.c.1,Reaction Time,LV,3.62,8,0.375,2.89,4.36,N,N,08/2022,Analyst
33-3051.00,1.A.2.c.2,Wrist-Finger Speed,IM,2.38,8,0.183,2.0164,2.7336,N,,08/2022,Analyst
33-3051.00,1.A.2.c.2,Wrist-Finger Speed,LV,2.5,8,0.4226,1.6717,3.3283,N,N,08/2022,Analyst
33-3051.00,1.A.2.c.3,Speed of Limb Movement,IM,2.62,8,0.183,2.2664,2.9836,N,,08/2022,Analyst
33-3051.00,1.A.2.c.3,Speed of Limb Movement,LV,2.88,8,0.3504,2.1883,3.5617,N,N,08/2022,Analyst
33-3051.00,1.A.3.a.1,Static Strength,IM,3.25,8,0.1637,2.9292,3.5708,N,,08/2022,Analyst
33-3051.00,1.A.3.a.1,Static Strength,LV,3.38,8,0.183,3.0164,3.7336,N,N,08/2022,Analyst
33-3051.00,1.A.3.a.2,Explosive Strength,IM,3.25,8,0.1637,2.9292,3.5708,N,,08/2022,Analyst
33-3051.00,1.A.3.a.2,Explosive Strength,LV,3.25,8,0.25,2.76,3.74,N,N,08/2022,Analyst
33-3051.00,1.A.3.a.3,Dynamic Strength,IM,3.12,8,0.2266,2.6809,3.5691,N,,08/2022,Analyst
33-3051.00,1.A.3.a.3,Dynamic Strength,LV,2.62,8,0.3239,1.9902,3.2598,N,N,08/2022,Analyst
33-3051.00,1.A.3.a.4,Trunk Strength,IM,3.38,8,0.183,3.0164,3.7336,N,,08/2022,Analyst
33-3051.00,1.A.3.a.4,Trunk Strength,LV,3.0,8,0.0,3.0,3.0,N,N,08/2022,Analyst
33-3051.00,1.A.3.b.1,Stamina,IM,2.88,8,0.125,2.63,3.12,N,,08/2022,Analyst
33-3051.00,1.A.3.b.1,Stamina,LV,3.0,8,0.189,2.6296,3.3704,N,N,08/2022,Analyst
33-3051.00,1.A.3.c.1,Extent Flexibility,IM,2.75,8,0.1637,2.4292,3.0708,N,,08/2022,Analyst
33-3051.00,1.A.3.c.1,Extent Flexibility,LV,2.88,8,0.2266,2.4309,3.3191,N,N,08/2022,Analyst
33-3051.00,1.A.3.c.2,Dynamic Flexibility,IM,1.5,8,0.2673,1.0,2.0238,N,,08/2022,Analyst
33-3051.00,1.A.3.c.2,Dynamic Flexibility,LV,0.75,8,0.4119,0.0,1.5573,N,N,08/2022,Analyst
33-3051.00,1.A.3.c.3,Gross Body Coordination,IM,2.75,8,0.1637,2.4292,3.0708,N,,08/2022,Analyst
33-3051.00,1.A.3.c.3,Gross Body Coordination,LV,2.88,8,0.2266,2.4309,3.3191,N,N,08/2022,Analyst
33-3051.00,1.A.3.c.4,Gross Body Equilibrium,IM,2.62,8,0.2631,2.1094,3.1406,N,,08/2022,Analyst
33-3051.00,1.A.3.c.4,Gross Body Equilibrium,LV,2.62,8,0.3239,1.9902,3.2598,N,N,08/2022,Analyst
33-3051.00,1.A.4.a.1,Near Vision,IM,3.75,8,0.1637,3.4292,4.0708,N,,08/2022,Analyst
33-3051.00,1.A.4.a.1,Near Vision,LV,3.88,8,0.125,3.63,4.12,N,N,08/2022,Analyst
33-3051.00,1.A.4.a.2,Far Vision,IM,3.62,8,0.183,3.2664,3.9836,N,,08/2022,Analyst
33-3051.00,1.A.4.a.2,Far Vision,LV,3.88,8,0.2266,3.4309,4.3191,N,N,08/2022,Analyst
33-3051.00,1.A.4.a.3,Visual Color Discrimination,IM,2.75,8,0.3134,2.1358,3.3642,N,,08/2022,Analyst
33-3051.00,1.A.4.a.3,Visual Color Discrimination,LV,2.88,8,0.2266,2.4309,3.3191,N,N,08/2022,Analyst
33-3051.00,1.A.4.a.4,Night Vision,IM,2.5,8,0.2673,1.9762,3.0238,N,,08/2022,Analyst
33-3051.00,1.A.4.a.4,Night Vision,LV,2.5,8,0.189,2.1296,2.8704,N,N,08/2022,Analyst
33-3051.00,1.A.4.a.5,Peripheral Vision,IM,2.62,8,0.183,2.2664,2.9836,N,,08/2022,Analyst
33-3051.00,1.A.4.a.5,Peripheral Vision,LV,2.62,8,0.183,2.2664,2.9836,N,N,08/2022,Analyst
33-3051.00,1.A.4.a.6,Depth Perception,IM,2.75,8,0.25,2.26,3.24,N,,08/2022,Analyst
33-3051.00,1.A.4.a.6,Depth Perception,LV,2.75,8,0.1637,2.4292,3.0708,N,N,08/2022,Analyst
33-3051.00,1.A.4.a.7,Glare Sensitivity,IM,2.62,8,0.183,2.2664,2.9836,N,,08/2022,Analyst
33-3051.00,1.A.4.a.7,Glare Sensitivity,LV,2.75,8,0.1637,2.4292,3.0708,N,N,08/2022,Analyst
33-3051.00,1.A.4.b.1,Hearing Sensitivity,IM,2.75,8,0.25,2.26,3.24,N,,08/2022,Analyst
33-3051.00,1.A.4.b.1,Hearing Sensitivity,LV,2.75,8,0.1637,2.4292,3.0708,N,N,08/2022,Analyst
33-3051.00,1.A.4.b.2,Auditory Attention,IM,2.88,8,0.2266,2.4309,3.3191,N,,08/2022,Analyst
33-3051.00,1.A.4.b.2,Auditory Attention,LV,3.0,8,0.0,3.0,3.0,N,N,08/2022,Analyst
33-3051.00,1.A.4.b.3,Sound Localization,IM,2.75,8,0.25,2.26,3.24,N,,08/2022,Analyst
33-3051.00,1.A.4.b.3,Sound Localization,LV,2.62,8,0.2631,2.1094,3.1406,N,N,08/2022,Analyst
33-3051.00,1.A.4.b.4,Speech Recognition,IM,3.62,8,0.183,3.2664,3.9836,N,,08/2022,Analyst
33-3051.00,1.A.4.b.4,Speech Recognition,LV,4.0,8,0.189,3.6296,4.3704,N,N,08/2022,Analyst
33-3051.00,1.A.4.b.5,Speech Clarity,IM,3.88,8,0.125,3.63,4.12,N,,08/2022,Analyst
33-3051.00,1.A.4.b.5,Speech Clarity,LV,3.5,8,0.189,3.1296,3.8704,N,N,08/2022,Analyst
33-3051.04,1.A.1.a.1,Oral Comprehension,IM,4.0,8,0.0,4.0,4.0,N,,07/2012,Analyst
33-3051.04,1.A.1.a.1,Oral Comprehension,LV,4.0,8,0.0,4.0,4.0,N,N,07/2012,Analyst
33-3051.04,1.A.1.a.2,Written Comprehension,IM,3.88,8,0.125,3.63,4.12,N,,07/2012,Analyst
33-3051.04,1.A.1.a.2,Written Comprehension,LV,4.0,8,0.0,4.0,4.0,N,N,07/2012,Analyst
33-3051.04,1.A.1.a.3,Oral Expression,IM,4.0,8,0.0,4.0,4.0,N,,07/2012,Analyst
33-3051.04,1.A.1.a.3,Oral Expression,LV,4.0,8,0.0,4.0,4.0,N,N,07/2012,Analyst
33-3051.04,1.A.1.a.4,Written Expression,IM,3.62,8,0.183,3.2664,3.9836,N,,07/2012,Analyst
33-3051.04,1.A.1.a.4,Written Expression,LV,3.75,8,0.1637,3.4292,4.0708,N,N,07/2012,Analyst
33-3051.04,1.A.1.b.1,Fluency of Ideas,IM,2.88,8,0.125,2.63,3.12,N,,07/2012,Analyst
33-3051.04,1.A.1.b.1,Fluency of Ideas,LV,2.88,8,0.125,2.63,3.12,N,N,07/2012,Analyst
33-3051.04,1.A.1.b.2,Originality,IM,2.62,8,0.2631,2.1094,3.1406,N,,07/2012,Analyst
33-3051.04,1.A.1.b.2,Originality,LV,2.38,8,0.375,1.64,3.11,N,N,07/2012,Analyst
33-3051.04,1.A.1.b.3,Problem Sensitivity,IM,4.0,8,0.0,4.0,4.0,N,,07/2012,Analyst
33-3051.04,1.A.1.b.3,Problem Sensitivity,LV,4.12,8,0.125,3.88,4.37,N,N,07/2012,Analyst
33-3051.04,1.A.1.b.4,Deductive Reasoning,IM,3.88,8,0.125,3.63,4.12,N,,07/2012,Analyst
33-3051.04,1.A.1.b.4,Deductive Reasoning,LV,4.0,8,0.0,4.0,4.0,N,N,07/2012,Analyst
33-3051.04,1.A.1.b.5,Inductive Reasoning,IM,4.0,8,0.0,4.0,4.0,N,,07/2012,Analyst
33-3051.04,1.A.1.b.5,Inductive Reasoning,LV,4.0,8,0.0,4.0,4.0,N,N,07/2012,Analyst
33-3051.04,1.A.1.b.6,Information Ordering,IM,3.38,8,0.183,3.0164,3.7336,N,,07/2012,Analyst
33-3051.04,1.A.1.b.6,Information Ordering,LV,3.38,8,0.183,3.0164,3.7336,N,N,07/2012,Analyst
33-3051.04,1.A.1.b.7,Category Flexibility,IM,2.88,8,0.125,2.63,3.12,N,,07/2012,Analyst
33-3051.04,1.A.1.b.7,Category Flexibility,LV,3.12,8,0.2266,2.6809,3.5691,N,N,07/2012,Analyst
33-3051.04,1.A.1.c.1,Mathematical Reasoning,IM,2.38,8,0.183,2.0164,2.7336,N,,07/2012,Analyst
33-3051.04,1.A.1.c.1,Mathematical Reasoning,LV,2.12,8,0.2266,1.6809,2.5691,N,N,07/2012,Analyst
33-3051.04,1.A.1.c.2,Number Facility,IM,2.25,8,0.1637,1.9292,2.5708,N,,07/2012,Analyst
33-3051.04,1.A.1.c.2,Number Facility,LV,2.5,8,0.189,2.1296,2.8704,N,N,07/2012,Analyst
33-3051.04,1.A.1.d.1,Memorization,IM,2.75,8,0.1637,2.4292,3.0708,N,,07/2012,Analyst
33-3051.04,1.A.1.d.1,Memorization,LV,2.25,8,0.1637,1.9292,2.5708,N,N,07/2012,Analyst
33-3051.04,1.A.1.e.1,Speed of Closure,IM,2.75,8,0.25,2.26,3.24,N,,07/2012,Analyst
33-3051.04,1.A.1.e.1,Speed of Closure,LV,2.75,8,0.3134,2.1358,3.3642,N,N,07/2012,Analyst
33-3051.04,1.A.1.e.2,Flexibility of Closure,IM,3.38,8,0.183,3.0164,3.7336,N,,07/2012,Analyst
33-3051.04,1.A.1.e.2,Flexibility of Closure,LV,3.38,8,0.2631,2.8594,3.8906,N,N,07/2012,Analyst
33-3051.04,1.A.1.e.3,Perceptual Speed,IM,3.25,8,0.1637,2.9292,3.5708,N,,07/2012,Analyst
33-3051.04,1.A.1.e.3,Perceptual Speed,LV,3.12,8,0.125,2.88,3.37,N,N,07/2012,Analyst
33-3051.04,1.A.1.f.1,Spatial Orientation,IM,1.88,8,0.125,1.63,2.12,N,,07/2012,Analyst
33-3051.04,1.A.1.f.1,Spatial Orientation,LV,1.5,8,0.2673,0.9762,2.0238,N,N,07/2012,Analyst
33-3051.04,1.A.1.f.2,Visualization,IM,2.5,8,0.189,2.1296,2.8704,N,,07/2012,Analyst
33-3051.04,1.A.1.f.2,Visualization,LV,2.38,8,0.183,2.0164,2.7336,N,N,07/2012,Analyst
33-3051.04,1.A.1.g.1,Selective Attention,IM,3.25,8,0.1637,2.9292,3.5708,N,,07/2012,Analyst
33-3051.04,1.A.1.g.1,Selective Attention,LV,3.38,8,0.183,3.0164,3.7336,N,N,07/2012,Analyst
33-3051.04,1.A.1.g.2,Time Sharing,IM,3.0,8,0.0,3.0,3.0,N,,07/2012,Analyst
33-3051.04,1.A.1.g.2,Time Sharing,LV,2.75,8,0.1637,2.4292,3.0708,N,N,07/2012,Analyst
33-3051.04,1.A.2.a.1,Arm-Hand Steadiness,IM,2.5,8,0.189,2.1296,2.8704,N,,07/2012,Analyst
33-3051.04,1.A.2.a.1,Arm-Hand Steadiness,LV,2.25,8,0.1637,1.9292,2.5708,N,N,07/2012,Analyst
33-3051.04,1.A.2.a.2,Manual Dexterity,IM,2.75,8,0.1637,2.4292,3.0708,N,,07/2012,Analyst
33-3051.04,1.A.2.a.2,Manual Dexterity,LV,2.62,8,0.183,2.2664,2.9836,N,N,07/2012,Analyst
33-3051.04,1.A.2.a.3,Finger Dexterity,IM,2.88,8,0.125,2.63,3.12,N,,07/2012,Analyst
33-3051.04,1.A.2.a.3,Finger Dexterity,LV,2.88,8,0.125,2.63,3.12,N,N,07/2012,Analyst
33-3051.04,1.A.2.b.1,Control Precision,IM,2.5,8,0.189,2.1296,2.8704,N,,07/2012,Analyst
33-3051.04,1.A.2.b.1,Control Precision,LV,2.62,8,0.183,2.2664,2.9836,N,N,07/2012,Analyst
33-3051.04,1.A.2.b.2,Multilimb Coordination,IM,2.75,8,0.1637,2.4292,3.0708,N,,07/2012,Analyst
33-3051.04,1.A.2.b.2,Multilimb Coordination,LV,2.75,8,0.1637,2.4292,3.0708,N,N,07/2012,Analyst
33-3051.04,1.A.2.b.3,Response Orientation,IM,2.25,8,0.1637,1.9292,2.5708,N,,07/2012,Analyst
33-3051.04,1.A.2.b.3,Response Orientation,LV,2.25,8,0.1637,1.9292,2.5708,N,N,07/2012,Analyst
33-3051.04,1.A.2.b.4,Rate Control,IM,2.0,8,0.189,1.6296,2.3704,N,,07/2012,Analyst
33-3051.04,1.A.2.b.4,Rate Control,LV,1.88,8,0.295,1.2967,2.4533,N,N,07/2012,Analyst
33-3051.04,1.A.2.c.1,Reaction Time,IM,2.5,8,0.189,2.1296,2.8704,N,,07/2012,Analyst
33-3051.04,1.A.2.c.1,Reaction Time,LV,2.75,8,0.1637,2.4292,3.0708,N,N,07/2012,Analyst
33-3051.04,1.A.2.c.2,Wrist-Finger Speed,IM,1.88,8,0.125,1.63,2.12,N,,07/2012,Analyst
33-3051.04,1.A.2.c.2,Wrist-Finger Speed,LV,0.88,8,0.125,0.63,1.12,N,N,07/2012,Analyst
33-3051.04,1.A.2.c.3,Speed of Limb Movement,IM,2.0,8,0.0,2.0,2.0,N,,07/2012,Analyst
33-3051.04,1.A.2.c.3,Speed of Limb Movement,LV,1.88,8,0.125,1.63,2.12,N,N,07/2012,Analyst
33-3051.04,1.A.3.a.1,Static Strength,IM,2.5,8,0.189,2.1296,2.8704,N,,07/2012,Analyst
33-3051.04,1.A.3.a.1,Static Strength,LV,2.75,8,0.1637,2.4292,3.0708,N,N,07/2012,Analyst
33-3051.04,1.A.3.a.2,Explosive Strength,IM,2.0,8,0.0,2.0,2.0,N,,07/2012,Analyst
33-3051.04,1.A.3.a.2,Explosive Strength,LV,1.88,8,0.125,1.63,2.12,N,N,07/2012,Analyst
33-3051.04,1.A.3.a.3,Dynamic Strength,IM,1.88,8,0.125,1.63,2.12,N,,07/2012,Analyst
33-3051.04,1.A.3.a.3,Dynamic Strength,LV,1.62,8,0.2631,1.1094,2.1406,N,N,07/2012,Analyst
33-3051.04,1.A.3.a.4,Trunk Strength,IM,2.38,8,0.183,2.0164,2.7336,N,,07/2012,Analyst
33-3051.04,1.A.3.a.4,Trunk Strength,LV,2.25,8,0.1637,1.9292,2.5708,N,N,07/2012,Analyst
33-3051.04,1.A.3.b.1,Stamina,IM,2.12,8,0.125,1.88,2.37,N,,07/2012,Analyst
33-3051.04,1.A.3.b.1,Stamina,LV,2.0,8,0.0,2.0,2.0,N,N,07/2012,Analyst
33-3051.04,1.A.3.c.1,Extent Flexibility,IM,2.25,8,0.1637,1.9292,2.5708,N,,07/2012,Analyst
33-3051.04,1.A.3.c.1,Extent Flexibility,LV,2.5,8,0.189,2.1296,2.8704,N,N,07/2012,Analyst
33-3051.04,1.A.3.c.2,Dynamic Flexibility,IM,1.0,8,0.0,1.0,1.0,N,,07/2012,Analyst
33-3051.04,1.A.3.c.2,Dynamic Flexibility,LV,0.0,8,0.0,0.0,0.0,N,Y,07/2012,Analyst
33-3051.04,1.A.3.c.3,Gross Body Coordination,IM,2.0,8,0.0,2.0,2.0,N,,07/2012,Analyst
33-3051.04,1.A.3.c.3,Gross Body Coordination,LV,2.0,8,0.0,2.0,2.0,N,N,07/2012,Analyst
33-3051.04,1.A.3.c.4,Gross Body Equilibrium,IM,2.0,8,0.0,2.0,2.0,N,,07/2012,Analyst
33-3051.04,1.A.3.c.4,Gross Body Equilibrium,LV,1.75,8,0.1637,1.4292,2.0708,N,N,07/2012,Analyst
33-3051.04,1.A.4.a.1,Near Vision,IM,4.0,8,0.0,4.0,4.0,N,,07/2012,Analyst
33-3051.04,1.A.4.a.1,Near Vision,LV,4.12,8,0.125,3.88,4.37,N,N,07/2012,Analyst
33-3051.04,1.A.4.a.2,Far Vision,IM,3.25,8,0.1637,2.9292,3.5708,N,,07/2012,Analyst
33-3051.04,1.A.4.a.2,Far Vision,LV,3.38,8,0.183,3.0164,3.7336,N,N,07/2012,Analyst
33-3051.04,1.A.4.a.3,Visual Color Discrimination,IM,2.75,8,0.1637,2.4292,3.0708,N,,07/2012,Analyst
33-3051.04,1.A.4.a.3,Visual Color Discrimination,LV,2.75,8,0.1637,2.4292,3.0708,N,N,07/2012,Analyst
33-3051.04,1.A.4.a.4,Night Vision,IM,1.88,8,0.125,1.63,2.12,N,,07/2012,Analyst
33-3051.04,1.A.4.a.4,Night Vision,LV,1.25,8,0.25,0.76,1.74,N,N,07/2012,Analyst
33-3051.04,1.A.4.a.5,Peripheral Vision,IM,1.88,8,0.125,1.63,2.12,N,,07/2012,Analyst
33-3051.04,1.A.4.a.5,Peripheral Vision,LV,1.38,8,0.2631,0.8594,1.8906,N,N,07/2012,Analyst
33-3051.04,1.A.4.a.6,Depth Perception,IM,2.75,8,0.1637,2.4292,3.0708,N,,07/2012,Analyst
33-3051.04,1.A.4.a.6,Depth Perception,LV,2.38,8,0.2631,1.8594,2.8906,N,N,07/2012,Analyst
33-3051.04,1.A.4.a.7,Glare Sensitivity,IM,2.0,8,0.0,2.0,2.0,N,,07/2012,Analyst
33-3051.04,1.A.4.a.7,Glare Sensitivity,LV,2.0,8,0.0,2.0,2.0,N,N,07/2012,Analyst
33-3051.04,1.A.4.b.1,Hearing Sensitivity,IM,2.12,8,0.2266,1.6809,2.5691,N,,07/2012,Analyst
33-3051.04,1.A.4.b.1,Hearing Sensitivity,LV,1.75,8,0.25,1.26,2.24,N,N,07/2012,Analyst
33-3051.04,1.A.4.b.2,Auditory Attention,IM,2.75,8,0.1637,2.4292,3.0708,N,,07/2012,Analyst
33-3051.04,1.A.4.b.2,Auditory Attention,LV,2.5,8,0.189,2.1296,2.8704,N,N,07/2012,Analyst
33-3051.04,1.A.4.b.3,Sound Localization,IM,1.88,8,0.125,1.63,2.12,N,,07/2012,Analyst
33-3051.04,1.A.4.b.3,Sound Localization,LV,1.12,8,0.2266,0.6809,1.5691,N,N,07/2012,Analyst
33-3051.04,1.A.4.b.4,Speech Recognition,IM,3.75,8,0.1637,3.4292,4.0708,N,,07/2012,Analyst
33-3051.04,1.A.4.b.4,Speech Recognition,LV,4.12,8,0.125,3.88,4.37,N,N,07/2012,Analyst
33-3051.04,1.A.4.b.5,Speech Clarity,IM,3.88,8,0.125,3.63,4.12,N,,07/2012,Analyst
33-3051.04,1.A.4.b.5,Speech Clarity,LV,3.88,8,0.125,3.63,4.12,N,N,07/2012,Analyst
33-3052.00,1.A.1.a.1,Oral Comprehension,IM,4.0,8,0.0,4.0,4.0,N,,07/2017,Analyst
33-3052.00,1.A.1.a.1,Oral Comprehension,LV,4.0,8,0.0,4.0,4.0,N,N,07/2017,Analyst
33-3052.00,1.A.1.a.2,Written Comprehension,IM,3.38,8,0.183,3.0164,3.7336,N,,07/2017,Analyst
33-3052.00,1.A.1.a.2,Written Comprehension,LV,3.25,8,0.1637,2.9292,3.5708,N,N,07/2017,Analyst
33-3052.00,1.A.1.a.3,Oral Expression,IM,4.0,8,0.0,4.0,4.0,N,,07/2017,Analyst
33-3052.00,1.A.1.a.3,Oral Expression,LV,4.0,8,0.0,4.0,4.0,N,N,07/2017,Analyst
33-3052.00,1.A.1.a.4,Written Expression,IM,3.75,8,0.1637,3.4292,4.0708,N,,07/2017,Analyst
33-3052.00,1.A.1.a.4,Written Expression,LV,3.25,8,0.1637,2.9292,3.5708,N,N,07/2017,Analyst
33-3052.00,1.A.1.b.1,Fluency of Ideas,IM,3.0,8,0.0,3.0,3.0,N,,07/2017,Analyst
33-3052.00,1.A.1.b.1,Fluency of Ideas,LV,3.0,8,0.0,3.0,3.0,N,N,07/2017,Analyst
33-3052.00,1.A.1.b.2,Originality,IM,3.0,8,0.0,3.0,3.0,N,,07/2017,Analyst
33-3052.00,1.A.1.b.2,Originality,LV,3.0,8,0.189,2.6296,3.3704,N,N,07/2017,Analyst
33-3052.00,1.A.1.b.3,Problem Sensitivity,IM,4.12,8,0.125,3.88,4.37,N,,07/2017,Analyst
33-3052.00,1.A.1.b.3,Problem Sensitivity,LV,4.0,8,0.0,4.0,4.0,N,N,07/2017,Analyst
33-3052.00,1.A.1.b.4,Deductive Reasoning,IM,3.75,8,0.1637,3.4292,4.0708,N,,07/2017,Analyst
33-3052.00,1.A.1.b.4,Deductive Reasoning,LV,3.88,8,0.125,3.63,4.12,N,N,07/2017,Analyst
33-3052.00,1.A.1.b.5,Inductive Reasoning,IM,3.88,8,0.125,3.63,4.12,N,,07/2017,Analyst
33-3052.00,1.A.1.b.5,Inductive Reasoning,LV,3.88,8,0.125,3.63,4.12,N,N,07/2017,Analyst
33-3052.00,1.A.1.b.6,Information Ordering,IM,3.38,8,0.183,3.0164,3.7336,N,,07/2017,Analyst
33-3052.00,1.A.1.b.6,Information Ordering,LV,3.0,8,0.0,3.0,3.0,N,N,07/2017,Analyst
33-3052.00,1.A.1.b.7,Category Flexibility,IM,3.0,8,0.0,3.0,3.0,N,,07/2017,Analyst
33-3052.00,1.A.1.b.7,Category Flexibility,LV,3.0,8,0.0,3.0,3.0,N,N,07/2017,Analyst
33-3052.00,1.A.1.c.1,Mathematical Reasoning,IM,2.12,8,0.125,1.88,2.37,N,,07/2017,Analyst
33-3052.00,1.A.1.c.1,Mathematical Reasoning,LV,2.0,8,0.0,2.0,2.0,N,N,07/2017,Analyst
33-3052.00,1.A.1.c.2,Number Facility,IM,2.0,8,0.0,2.0,2.0,N,,07/2017,Analyst
33-3052.00,1.A.1.c.2,Number Facility,LV,2.12,8,0.125,1.88,2.37,N,N,07/2017,Analyst
33-3052.00,1.A.1.d.1,Memorization,IM,2.38,8,0.183,2.0164,2.7336,N,,07/2017,Analyst
33-3052.00,1.A.1.d.1,Memorization,LV,2.25,8,0.1637,1.9292,2.5708,N,N,07/2017,Analyst
33-3052.00,1.A.1.e.1,Speed of Closure,IM,3.12,8,0.2266,2.6809,3.5691,N,,07/2017,Analyst
33-3052.00,1.A.1.e.1,Speed of Closure,LV,3.12,8,0.2266,2.6809,3.5691,N,N,07/2017,Analyst
33-3052.00,1.A.1.e.2,Flexibility of Closure,IM,3.38,8,0.183,3.0164,3.7336,N,,07/2017,Analyst
33-3052.00,1.A.1.e.2,Flexibility of Closure,LV,3.38,8,0.183,3.0164,3.7336,N,N,07/2017,Analyst
33-3052.00,1.A.1.e.3,Perceptual Speed,IM,3.0,8,0.0,3.0,3.0,N,,07/2017,Analyst
33-3052.00,1.A.1.e.3,Perceptual Speed,LV,3.0,8,0.0,3.0,3.0,N,N,07/2017,Analyst
33-3052.00,1.A.1.f.1,Spatial Orientation,IM,2.62,8,0.183,2.2664,2.9836,N,,07/2017,Analyst
33-3052.00,1.A.1.f.1,Spatial Orientation,LV,2.75,8,0.1637,2.4292,3.0708,N,N,07/2017,Analyst
33-3052.00,1.A.1.f.2,Visualization,IM,2.62,8,0.183,2.2664,2.9836,N,,07/2017,Analyst
33-3052.00,1.A.1.f.2,Visualization,LV,2.88,8,0.125,2.63,3.12,N,N,07/2017,Analyst
33-3052.00,1.A.1.g.1,Selective Attention,IM,3.25,8,0.1637,2.9292,3.5708,N,,07/2017,Analyst
33-3052.00,1.A.1.g.1,Selective Attention,LV,3.25,8,0.1637,2.9292,3.5708,N,N,07/2017,Analyst
33-3052.00,1.A.1.g.2,Time Sharing,IM,3.0,8,0.189,2.6296,3.3704,N,,07/2017,Analyst
33-3052.00,1.A.1.g.2,Time Sharing,LV,2.75,8,0.25,2.26,3.24,N,N,07/2017,Analyst
33-3052.00,1.A.2.a.1,Arm-Hand Steadiness,IM,3.0,8,0.0,3.0,3.0,N,,07/2017,Analyst
33-3052.00,1.A.2.a.1,Arm-Hand Steadiness,LV,2.88,8,0.125,2.63,3.12,N,N,07/2017,Analyst
33-3052.00,1.A.2.a.2,Manual Dexterity,IM,3.0,8,0.0,3.0,3.0,N,,07/2017,Analyst
33-3052.00,1.A.2.a.2,Manual Dexterity,LV,2.75,8,0.1637,2.4292,3.0708,N,N,07/2017,Analyst
33-3052.00,1.A.2.a.3,Finger Dexterity,IM,2.5,8,0.189,2.1296,2.8704,N,,07/2017,Analyst
33-3052.00,1.A.2.a.3,Finger Dexterity,LV,2.5,8,0.189,2.1296,2.8704,N,N,07/2017,Analyst
33-3052.00,1.A.2.b.1,Control Precision,IM,2.62,8,0.183,2.2664,2.9836,N,,07/2017,Analyst
33-3052.00,1.A.2.b.1,Control Precision,LV,2.75,8,0.1637,2.4292,3.0708,N,N,07/2017,Analyst
33-3052.00,1.A.2.b.2,Multilimb Coordination,IM,3.0,8,0.0,3.0,3.0,N,,07/2017,Analyst
33-3052.00,1.A.2.b.2,Multilimb Coordination,LV,3.0,8,0.0,3.0,3.0,N,N,07/2017,Analyst
33-3052.00,1.A.2.b.3,Response Orientation,IM,3.0,8,0.0,3.0,3.0,N,,07/2017,Analyst
33-3052.00,1.A.2.b.3,Response Orientation,LV,3.12,8,0.125,2.88,3.37,N,N,07/2017,Analyst
33-3052.00,1.A.2.b.4,Rate Control,IM,2.5,8,0.189,2.1296,2.8704,N,,07/2017,Analyst
33-3052.00,1.A.2.b.4,Rate Control,LV,2.5,8,0.189,2.1296,2.8704,N,N,07/2017,Analyst
33-3052.00,1.A.2.c.1,Reaction Time,IM,2.88,8,0.125,2.63,3.12,N,,07/2017,Analyst
33-3052.00,1.A.2.c.1,Reaction Time,LV,3.12,8,0.125,2.88,3.37,N,N,07/2017,Analyst
33-3052.00,1.A.2.c.2,Wrist-Finger Speed,IM,2.12,8,0.125,1.88,2.37,N,,07/2017,Analyst
33-3052.00,1.A.2.c.2,Wrist-Finger Speed,LV,2.12,8,0.125,1.88,2.37,N,N,07/2017,Analyst
33-3052.00,1.A.2.c.3,Speed of Limb Movement,IM,2.0,8,0.0,2.0,2.0,N,,07/2017,Analyst
33-3052.00,1.A.2.c.3,Speed of Limb Movement,LV,2.12,8,0.125,1.88,2.37,N,N,07/2017,Analyst
33-3052.00,1.A.3.a.1,Static Strength,IM,3.0,8,0.0,3.0,3.0,N,,07/2017,Analyst
33-3052.00,1.A.3.a.1,Static Strength,LV,3.12,8,0.125,2.88,3.37,N,N,07/2017,Analyst
33-3052.00,1.A.3.a.2,Explosive Strength,IM,3.0,8,0.0,3.0,3.0,N,,07/2017,Analyst
33-3052.00,1.A.3.a.2,Explosive Strength,LV,3.12,8,0.125,2.88,3.37,N,N,07/2017,Analyst
33-3052.00,1.A.3.a.3,Dynamic Strength,IM,2.88,8,0.125,2.63,3.12,N,,07/2017,Analyst
33-3052.00,1.A.3.a.3,Dynamic Strength,LV,2.88,8,0.125,2.63,3.12,N,N,07/2017,Analyst
33-3052.00,1.A.3.a.4,Trunk Strength,IM,3.12,8,0.125,2.88,3.37,N,,07/2017,Analyst
33-3052.00,1.A.3.a.4,Trunk Strength,LV,3.25,8,0.1637,2.9292,3.5708,N,N,07/2017,Analyst
33-3052.00,1.A.3.b.1,Stamina,IM,3.0,8,0.189,2.6296,3.3704,N,,07/2017,Analyst
33-3052.00,1.A.3.b.1,Stamina,LV,3.0,8,0.189,2.6296,3.3704,N,N,07/2017,Analyst
33-3052.00,1.A.3.c.1,Extent Flexibility,IM,2.88,8,0.125,2.63,3.12,N,,07/2017,Analyst
33-3052.00,1.A.3.c.1,Extent Flexibility,LV,2.5,8,0.189,2.1296,2.8704,N,N,07/2017,Analyst
33-3052.00,1.A.3.c.2,Dynamic Flexibility,IM,1.0,8,0.0,1.0,1.0,N,,07/2017,Analyst
33-3052.00,1.A.3.c.2,Dynamic Flexibility,LV,0.0,8,0.0,0.0,0.0,N,Y,07/2017,Analyst
33-3052.00,1.A.3.c.3,Gross Body Coordination,IM,2.75,8,0.1637,2.4292,3.0708,N,,07/2017,Analyst
33-3052.00,1.A.3.c.3,Gross Body Coordination,LV,2.75,8,0.1637,2.4292,3.0708,N,N,07/2017,Analyst
33-3052.00,1.A.3.c.4,Gross Body Equilibrium,IM,2.88,8,0.125,2.63,3.12,N,,07/2017,Analyst
33-3052.00,1.A.3.c.4,Gross Body Equilibrium,LV,2.25,8,0.1637,1.9292,2.5708,N,N,07/2017,Analyst
33-3052.00,1.A.4.a.1,Near Vision,IM,3.75,8,0.1637,3.4292,4.0708,N,,07/2017,Analyst
33-3052.00,1.A.4.a.1,Near Vision,LV,3.25,8,0.1637,2.9292,3.5708,N,N,07/2017,Analyst
33-3052.00,1.A.4.a.2,Far Vision,IM,3.75,8,0.1637,3.4292,4.0708,N,,07/2017,Analyst
33-3052.00,1.A.4.a.2,Far Vision,LV,3.88,8,0.125,3.63,4.12,N,N,07/2017,Analyst
33-3052.00,1.A.4.a.3,Visual Color Discrimination,IM,2.75,8,0.1637,2.4292,3.0708,N,,07/2017,Analyst
33-3052.00,1.A.4.a.3,Visual Color Discrimination,LV,2.75,8,0.1637,2.4292,3.0708,N,N,07/2017,Analyst
33-3052.00,1.A.4.a.4,Night Vision,IM,2.62,8,0.183,2.2664,2.9836,N,,07/2017,Analyst
33-3052.00,1.A.4.a.4,Night Vision,LV,3.0,8,0.189,2.6296,3.3704,N,N,07/2017,Analyst
33-3052.00,1.A.4.a.5,Peripheral Vision,IM,2.75,8,0.1637,2.4292,3.0708,N,,07/2017,Analyst
33-3052.00,1.A.4.a.5,Peripheral Vision,LV,2.62,8,0.2631,2.1094,3.1406,N,N,07/2017,Analyst
33-3052.00,1.A.4.a.6,Depth Perception,IM,2.88,8,0.125,2.63,3.12,N,,07/2017,Analyst
33-3052.00,1.A.4.a.6,Depth Perception,LV,2.88,8,0.125,2.63,3.12,N,N,07/2017,Analyst
33-3052.00,1.A.4.a.7,Glare Sensitivity,IM,2.5,8,0.189,2.1296,2.8704,N,,07/2017,Analyst
33-3052.00,1.A.4.a.7,Glare Sensitivity,LV,2.62,8,0.183,2.2664,2.9836,N,N,07/2017,Analyst
33-3052.00,1.A.4.b.1,Hearing Sensitivity,IM,3.0,8,0.0,3.0,3.0,N,,07/2017,Analyst
33-3052.00,1.A.4.b.1,Hearing Sensitivity,LV,2.75,8,0.1637,2.4292,3.0708,N,N,07/2017,Analyst
33-3052.00,1.A.4.b.2,Auditory Attention,IM,3.12,8,0.125,2.88,3.37,N,,07/2017,Analyst
33-3052.00,1.A.4.b.2,Auditory Attention,LV,2.88,8,0.125,2.63,3.12,N,N,07/2017,Analyst
33-3052.00,1.A.4.b.3,Sound Localization,IM,2.62,8,0.183,2.2664,2.9836,N,,07/2017,Analyst
33-3052.00,1.A.4.b.3,Sound Localization,LV,2.12,8,0.125,1.88,2.37,N,N,07/2017,Analyst
33-3052.00,1.A.4.b.4,Speech Recognition,IM,3.62,8,0.183,3.2664,3.9836,N,,07/2017,Analyst
33-3052.00,1.A.4.b.4,Speech Recognition,LV,3.25,8,0.1637,2.9292,3.5708,N,N,07/2017,Analyst
33-3052.00,1.A.4.b.5,Speech Clarity,IM,3.88,8,0.125,3.63,4.12,N,,07/2017,Analyst
33-3052.00,1.A.4.b.5,Speech Clarity,LV,3.25,8,0.1637,2.9292,3.5708,N,N,07/2017,Analyst
33-9011.00,1.A.1.a.1,Oral Comprehension,IM,4.0,8,0.0,4.0,4.0,N,,08/2018,Analyst
33-9011.00,1.A.1.a.1,Oral Comprehension,LV,3.88,8,0.125,3.63,4.12,N,N,08/2018,Analyst
33-9011.00,1.A.1.a.2,Written Comprehension,IM,3.38,8,0.183,3.0164,3.7336,N,,08/2018,Analyst
33-9011.00,1.A.1.a.2,Written Comprehension,LV,3.5,8,0.189,3.1296,3.8704,N,N,08/2018,Analyst
33-9011.00,1.A.1.a.3,Oral Expression,IM,4.0,8,0.0,4.0,4.0,N,,08/2018,Analyst
33-9011.00,1.A.1.a.3,Oral Expression,LV,3.88,8,0.125,3.63,4.12,N,N,08/2018,Analyst
33-9011.00,1.A.1.a.4,Written Expression,IM,3.25,8,0.1637,2.9292,3.5708,N,,08/2018,Analyst
33-9011.00,1.A.1.a.4,Written Expression,LV,3.0,8,0.189,2.6296,3.3704,N,N,08/2018,Analyst
33-9011.00,1.A.1.b.1,Fluency of Ideas,IM,2.88,8,0.125,2.63,3.12,N,,08/2018,Analyst
33-9011.00,1.A.1.b.1,Fluency of Ideas,LV,2.88,8,0.125,2.63,3.12,N,N,08/2018,Analyst
33-9011.00,1.A.1.b.2,Originality,IM,2.62,8,0.2631,2.1094,3.1406,N,,08/2018,Analyst
33-9011.00,1.A.1.b.2,Originality,LV,2.62,8,0.375,1.89,3.36,N,N,08/2018,Analyst
33-9011.00,1.A.1.b.3,Problem Sensitivity,IM,4.0,8,0.0,4.0,4.0,N,,08/2018,Analyst
33-9011.00,1.A.1.b.3,Problem Sensitivity,LV,3.88,8,0.125,3.63,4.12,N,N,08/2018,Analyst
33-9011.00,1.A.1.b.4,Deductive Reasoning,IM,3.5,8,0.189,3.1296,3.8704,N,,08/2018,Analyst
33-9011.00,1.A.1.b.4,Deductive Reasoning,LV,3.38,8,0.183,3.0164,3.7336,N,N,08/2018,Analyst
33-9011.00,1.A.1.b.5,Inductive Reasoning,IM,3.38,8,0.183,3.0164,3.7336,N,,08/2018,Analyst
33-9011.00,1.A.1.b.5,Inductive Reasoning,LV,3.88,8,0.125,3.63,4.12,N,N,08/2018,Analyst
33-9011.00,1.A.1.b.6,Information Ordering,IM,3.12,8,0.125,2.88,3.37,N,,08/2018,Analyst
33-9011.00,1.A.1.b.6,Information Ordering,LV,2.88,8,0.125,2.63,3.12,N,N,08/2018,Analyst
33-9011.00,1.A.1.b.7,Category Flexibility,IM,3.0,8,0.0,3.0,3.0,N,,08/2018,Analyst
33-9011.00,1.A.1.b.7,Category Flexibility,LV,3.0,8,0.0,3.0,3.0,N,N,08/2018,Analyst
33-9011.00,1.A.1.c.1,Mathematical Reasoning,IM,2.0,8,0.0,2.0,2.0,N,,08/2018,Analyst
33-9011.00,1.A.1.c.1,Mathematical Reasoning,LV,1.5,8,0.189,1.1296,1.8704,N,N,08/2018,Analyst
33-9011.00,1.A.1.c.2,Number Facility,IM,1.88,8,0.125,1.63,2.12,N,,08/2018,Analyst
33-9011.00,1.A.1.c.2,Number Facility,LV,1.25,8,0.25,0.76,1.74,N,N,08/2018,Analyst
33-9011.00,1.A.1.d.1,Memorization,IM,1.88,8,0.125,1.63,2.12,N,,08/2018,Analyst
33-9011.00,1.A.1.d.1,Memorization,LV,1.62,8,0.2631,1.1094,2.1406,N,N,08/2018,Analyst
33-9011.00,1.A.1.e.1,Speed of Closure,IM,2.25,8,0.1637,1.9292,2.5708,N,,08/2018,Analyst
33-9011.00,1.A.1.e.1,Speed of Closure,LV,2.12,8,0.125,1.88,2.37,N,N,08/2018,Analyst
33-9011.00,1.A.1.e.2,Flexibility of Closure,IM,2.88,8,0.125,2.63,3.12,N,,08/2018,Analyst
33-9011.00,1.A.1.e.2,Flexibility of Closure,LV,2.88,8,0.125,2.63,3.12,N,N,08/2018,Analyst
33-9011.00,1.A.1.e.3,Perceptual Speed,IM,2.38,8,0.183,2.0164,2.7336,N,,08/2018,Analyst
33-9011.00,1.A.1.e.3,Perceptual Speed,LV,2.0,8,0.189,1.6296,2.3704,N,N,08/2018,Analyst
33-9011.00,1.A.1.f.1,Spatial Orientation,IM,2.12,8,0.125,1.88,2.37,N,,08/2018,Analyst
33-9011.00,1.A.1.f.1,Spatial Orientation,LV,1.62,8,0.2631,1.1094,2.1406,N,N,08/2018,Analyst
33-9011.00,1.A.1.f.2,Visualization,IM,2.12,8,0.125,1.88,2.37,N,,08/2018,Analyst
33-9011.00,1.A.1.f.2,Visualization,LV,2.12,8,0.125,1.88,2.37,N,N,08/2018,Analyst
33-9011.00,1.A.1.g.1,Selective Attention,IM,2.75,8,0.1637,2.4292,3.0708,N,,08/2018,Analyst
33-9011.00,1.A.1.g.1,Selective Attention,LV,2.75,8,0.1637,2.4292,3.0708,N,N,08/2018,Analyst
33-9011.00,1.A.1.g.2,Time Sharing,IM,3.0,8,0.0,3.0,3.0,N,,08/2018,Analyst
33-9011.00,1.A.1.g.2,Time Sharing,LV,3.0,8,0.0,3.0,3.0,N,N,08/2018,Analyst
33-9011.00,1.A.2.a.1,Arm-Hand Steadiness,IM,3.0,8,0.0,3.0,3.0,N,,08/2018,Analyst
33-9011.00,1.A.2.a.1,Arm-Hand Steadiness,LV,2.88,8,0.125,2.63,3.12,N,N,08/2018,Analyst
33-9011.00,1.A.2.a.2,Manual Dexterity,IM,3.0,8,0.0,3.0,3.0,N,,08/2018,Analyst
33-9011.00,1.A.2.a.2,Manual Dexterity,LV,2.88,8,0.125,2.63,3.12,N,N,08/2018,Analyst
33-9011.00,1.A.2.a.3,Finger Dexterity,IM,2.5,8,0.189,2.1296,2.8704,N,,08/2018,Analyst
33-9011.00,1.A.2.a.3,Finger Dexterity,LV,2.5,8,0.189,2.1296,2.8704,N,N,08/2018,Analyst
33-9011.00,1.A.2.b.1,Control Precision,IM,2.5,8,0.189,2.1296,2.8704,N,,08/2018,Analyst
33-9011.00,1.A.2.b.1,Control Precision,LV,2.5,8,0.189,2.1296,2.8704,N,N,08/2018,Analyst
33-9011.00,1.A.2.b.2,Multilimb Coordination,IM,2.75,8,0.1637,2.4292,3.0708,N,,08/2018,Analyst
33-9011.00,1.A.2.b.2,Multilimb Coordination,LV,2.75,8,0.1637,2.4292,3.0708,N,N,08/2018,Analyst
33-9011.00,1.A.2.b.3,Response Orientation,IM,2.38,8,0.183,2.0164,2.7336,N,,08/2018,Analyst
33-9011.00,1.A.2.b.3,Response Orientation,LV,2.38,8,0.183,2.0164,2.7336,N,N,08/2018,Analyst
33-9011.00,1.A.2.b.4,Rate Control,IM,2.0,8,0.0,2.0,2.0,N,,08/2018,Analyst
33-9011.00,1.A.2.b.4,Rate Control,LV,2.0,8,0.0,2.0,2.0,N,N,08/2018,Analyst
33-9011.00,1.A.2.c.1,Reaction Time,IM,2.38,8,0.183,2.0164,2.7336,N,,08/2018,Analyst
33-9011.00,1.A.2.c.1,Reaction Time,LV,2.25,8,0.1637,1.9292,2.5708,N,N,08/2018,Analyst
33-9011.00,1.A.2.c.2,Wrist-Finger Speed,IM,1.5,8,0.189,1.1296,1.8704,N,,08/2018,Analyst
33-9011.00,1.A.2.c.2,Wrist-Finger Speed,LV,0.75,8,0.3134,0.1358,1.3642,N,N,08/2018,Analyst
33-9011.00,1.A.2.c.3,Speed of Limb Movement,IM,2.0,8,0.0,2.0,2.0,N,,08/2018,Analyst
33-9011.00,1.A.2.c.3,Speed of Limb Movement,LV,1.38,8,0.183,1.0164,1.7336,N,N,08/2018,Analyst
33-9011.00,1.A.3.a.1,Static Strength,IM,3.12,8,0.125,2.88,3.37,N,,08/2018,Analyst
33-9011.00,1.A.3.a.1,Static Strength,LV,3.12,8,0.125,2.88,3.37,N,N,08/2018,Analyst
33-9011.00,1.A.3.a.2,Explosive Strength,IM,1.75,8,0.1637,1.4292,2.0708,N,,08/2018,Analyst
33-9011.00,1.A.3.a.2,Explosive Strength,LV,1.0,8,0.2673,0.4762,1.5238,N,N,08/2018,Analyst
33-9011.00,1.A.3.a.3,Dynamic Strength,IM,2.12,8,0.125,1.88,2.37,N,,08/2018,Analyst
33-9011.00,1.A.3.a.3,Dynamic Strength,LV,1.88,8,0.2266,1.4309,2.3191,N,N,08/2018,Analyst
33-9011.00,1.A.3.a.4,Trunk Strength,IM,2.5,8,0.189,2.1296,2.8704,N,,08/2018,Analyst
33-9011.00,1.A.3.a.4,Trunk Strength,LV,2.62,8,0.183,2.2664,2.9836,N,N,08/2018,Analyst
33-9011.00,1.A.3.b.1,Stamina,IM,2.25,8,0.1637,1.9292,2.5708,N,,08/2018,Analyst
33-9011.00,1.A.3.b.1,Stamina,LV,1.88,8,0.125,1.63,2.12,N,N,08/2018,Analyst
33-9011.00,1.A.3.c.1,Extent Flexibility,IM,2.25,8,0.1637,1.9292,2.5708,N,,08/2018,Analyst
33-9011.00,1.A.3.c.1,Extent Flexibility,LV,2.75,8,0.1637,2.4292,3.0708,N,N,08/2018,Analyst
33-9011.00,1.A.3.c.2,Dynamic Flexibility,IM,1.38,8,0.183,1.0164,1.7336,N,,08/2018,Analyst
33-9011.00,1.A.3.c.2,Dynamic Flexibility,LV,0.38,8,0.183,0.0164,0.7336,N,N,08/2018,Analyst
33-9011.00,1.A.3.c.3,Gross Body Coordination,IM,2.25,8,0.1637,1.9292,2.5708,N,,08/2018,Analyst
33-9011.00,1.A.3.c.3,Gross Body Coordination,LV,2.25,8,0.1637,1.9292,2.5708,N,N,08/2018,Analyst
33-9011.00,1.A.3.c.4,Gross Body Equilibrium,IM,2.12,8,0.125,1.88,2.37,N,,08/2018,Analyst
33-9011.00,1.A.3.c.4,Gross Body Equilibrium,LV,1.5,8,0.189,1.1296,1.8704,N,N,08/2018,Analyst
33-9011.00,1.A.4.a.1,Near Vision,IM,3.25,8,0.1637,2.9292,3.5708,N,,08/2018,Analyst
33-9011.00,1.A.4.a.1,Near Vision,LV,3.0,8,0.189,2.6296,3.3704,N,N,08/2018,Analyst
33-9011.00,1.A.4.a.2,Far Vision,IM,3.25,8,0.1637,2.9292,3.5708,N,,08/2018,Analyst
33-9011.00,1.A.4.a.2,Far Vision,LV,3.25,8,0.1637,2.9292,3.5708,N,N,08/2018,Analyst
33-9011.00,1.A.4.a.3,Visual Color Discrimination,IM,2.0,8,0.0,2.0,2.0,N,,08/2018,Analyst
33-9011.00,1.A.4.a.3,Visual Color Discrimination,LV,2.0,8,0.0,2.0,2.0,N,N,08/2018,Analyst
33-9011.00,1.A.4.a.4,Night Vision,IM,1.88,8,0.125,1.63,2.12,N,,08/2018,Analyst
33-9011.00,1.A.4.a.4,Night Vision,LV,1.12,8,0.2266,0.6809,1.5691,N,N,08/2018,Analyst
33-9011.00,1.A.4.a.5,Peripheral Vision,IM,2.0,8,0.0,2.0,2.0,N,,08/2018,Analyst
33-9011.00,1.A.4.a.5,Peripheral Vision,LV,1.62,8,0.183,1.2664,1.9836,N,N,08/2018,Analyst
33-9011.00,1.A.4.a.6,Depth Perception,IM,2.38,8,0.183,2.0164,2.7336,N,,08/2018,Analyst
33-9011.00,1.A.4.a.6,Depth Perception,LV,2.25,8,0.1637,1.9292,2.5708,N,N,08/2018,Analyst
33-9011.00,1.A.4.a.7,Glare Sensitivity,IM,2.0,8,0.0,2.0,2.0,N,,08/2018,Analyst
33-9011.00,1.A.4.a.7,Glare Sensitivity,LV,1.75,8,0.1637,1.4292,2.0708,N,N,08/2018,Analyst
33-9011.00,1.A.4.b.1,Hearing Sensitivity,IM,2.12,8,0.125,1.88,2.37,N,,08/2018,Analyst
33-9011.00,1.A.4.b.1,Hearing Sensitivity,LV,2.12,8,0.125,1.88,2.37,N,N,08/2018,Analyst
33-9011.00,1.A.4.b.2,Auditory Attention,IM,2.25,8,0.1637,1.9292,2.5708,N,,08/2018,Analyst
33-9011.00,1.A.4.b.2,Auditory Attention,LV,2.12,8,0.125,1.88,2.37,N,N,08/2018,Analyst
33-9011.00,1.A.4.b.3,Sound Localization,IM,2.12,8,0.125,1.88,2.37,N,,08/2018,Analyst
33-9011.00,1.A.4.b.3,Sound Localization,LV,2.0,8,0.0,2.0,2.0,N,N,08/2018,Analyst
33-9011.00,1.A.4.b.4,Speech Recognition,IM,3.25,8,0.1637,2.9292,3.5708,N,,08/2018,Analyst
33-9011.00,1.A.4.b.4,Speech Recognition,LV,3.0,8,0.189,2.6296,3.3704,N,N,08/2018,Analyst
33-9011.00,1.A.4.b.5,Speech Clarity,IM,3.38,8,0.183,3.0164,3.7336,N,,08/2018,Analyst
33-9011.00,1.A.4.b.5,Speech Clarity,LV,3.0,8,0.189,2.6296,3.3704,N,N,08/2018,Analyst
33-9021.00,1.A.1.a.1,Oral Comprehension,IM,4.0,8,0.0,4.0,4.0,N,,07/2015,Analyst
33-9021.00,1.A.1.a.1,Oral Comprehension,LV,4.0,8,0.0,4.0,4.0,N,N,07/2015,Analyst
33-9021.00,1.A.1.a.2,Written Comprehension,IM,3.88,8,0.125,3.63,4.12,N,,07/2015,Analyst
33-9021.00,1.A.1.a.2,Written Comprehension,LV,4.0,8,0.0,4.0,4.0,N,N,07/2015,Analyst
33-9021.00,1.A.1.a.3,Oral Expression,IM,4.0,8,0.0,4.0,4.0,N,,07/2015,Analyst
33-9021.00,1.A.1.a.3,Oral Expression,LV,4.0,8,0.0,4.0,4.0,N,N,07/2015,Analyst
33-9021.00,1.A.1.a.4,Written Expression,IM,3.88,8,0.2266,3.4309,4.3191,N,,07/2015,Analyst
33-9021.00,1.A.1.a.4,Written Expression,LV,4.0,8,0.0,4.0,4.0,N,N,07/2015,Analyst
33-9021.00,1.A.1.b.1,Fluency of Ideas,IM,3.0,8,0.0,3.0,3.0,N,,07/2015,Analyst
33-9021.00,1.A.1.b.1,Fluency of Ideas,LV,3.38,8,0.183,3.0164,3.7336,N,N,07/2015,Analyst
33-9021.00,1.A.1.b.2,Originality,IM,3.0,8,0.0,3.0,3.0,N,,07/2015,Analyst
33-9021.00,1.A.1.b.2,Originality,LV,3.12,8,0.125,2.88,3.37,N,N,07/2015,Analyst
33-9021.00,1.A.1.b.3,Problem Sensitivity,IM,4.0,8,0.0,4.0,4.0,N,,07/2015,Analyst
33-9021.00,1.A.1.b.3,Problem Sensitivity,LV,4.12,8,0.125,3.88,4.37,N,N,07/2015,Analyst
33-9021.00,1.A.1.b.4,Deductive Reasoning,IM,3.88,8,0.125,3.63,4.12,N,,07/2015,Analyst
33-9021.00,1.A.1.b.4,Deductive Reasoning,LV,4.0,8,0.0,4.0,4.0,N,N,07/2015,Analyst
33-9021.00,1.A.1.b.5,Inductive Reasoning,IM,4.12,8,0.125,3.88,4.37,N,,07/2015,Analyst
33-9021.00,1.A.1.b.5,Inductive Reasoning,LV,4.12,8,0.125,3.88,4.37,N,N,07/2015,Analyst
33-9021.00,1.A.1.b.6,Information Ordering,IM,3.5,8,0.189,3.1296,3.8704,N,,07/2015,Analyst
33-9021.00,1.A.1.b.6,Information Ordering,LV,3.38,8,0.183,3.0164,3.7336,N,N,07/2015,Analyst
33-9021.00,1.A.1.b.7,Category Flexibility,IM,3.12,8,0.125,2.88,3.37,N,,07/2015,Analyst
33-9021.00,1.A.1.b.7,Category Flexibility,LV,3.12,8,0.125,2.88,3.37,N,N,07/2015,Analyst
33-9021.00,1.A.1.c.1,Mathematical Reasoning,IM,2.5,8,0.189,2.1296,2.8704,N,,07/2015,Analyst
33-9021.00,1.A.1.c.1,Mathematical Reasoning,LV,2.25,8,0.1637,1.9292,2.5708,N,N,07/2015,Analyst
33-9021.00,1.A.1.c.2,Number Facility,IM,2.38,8,0.183,2.0164,2.7336,N,,07/2015,Analyst
33-9021.00,1.A.1.c.2,Number Facility,LV,2.38,8,0.183,2.0164,2.7336,N,N,07/2015,Analyst
33-9021.00,1.A.1.d.1,Memorization,IM,2.12,8,0.125,1.88,2.37,N,,07/2015,Analyst
33-9021.00,1.A.1.d.1,Memorization,LV,2.12,8,0.125,1.88,2.37,N,N,07/2015,Analyst
33-9021.00,1.A.1.e.1,Speed of Closure,IM,2.75,8,0.25,2.26,3.24,N,,07/2015,Analyst
33-9021.00,1.A.1.e.1,Speed of Closure,LV,2.75,8,0.25,2.26,3.24,N,N,07/2015,Analyst
33-9021.00,1.A.1.e.2,Flexibility of Closure,IM,3.25,8,0.1637,2.9292,3.5708,N,,07/2015,Analyst
33-9021.00,1.A.1.e.2,Flexibility of Closure,LV,3.5,8,0.189,3.1296,3.8704,N,N,07/2015,Analyst
33-9021.00,1.A.1.e.3,Perceptual Speed,IM,3.0,8,0.189,2.6296,3.3704,N,,07/2015,Analyst
33-9021.00,1.A.1.e.3,Perceptual Speed,LV,3.0,8,0.189,2.6296,3.3704,N,N,07/2015,Analyst
33-9021.00,1.A.1.f.1,Spatial Orientation,IM,1.88,8,0.125,1.63,2.12,N,,07/2015,Analyst
33-9021.00,1.A.1.f.1,Spatial Orientation,LV,1.12,8,0.2266,0.6809,1.5691,N,N,07/2015,Analyst
33-9021.00,1.A.1.f.2,Visualization,IM,2.25,8,0.1637,1.9292,2.5708,N,,07/2015,Analyst
33-9021.00,1.A.1.f.2,Visualization,LV,2.25,8,0.1637,1.9292,2.5708,N,N,07/2015,Analyst
33-9021.00,1.A.1.g.1,Selective Attention,IM,3.38,8,0.2631,2.8594,3.8906,N,,07/2015,Analyst
33-9021.00,1.A.1.g.1,Selective Attention,LV,3.25,8,0.25,2.76,3.74,N,N,07/2015,Analyst
33-9021.00,1.A.1.g.2,Time Sharing,IM,2.75,8,0.1637,2.4292,3.0708,N,,07/2015,Analyst
33-9021.00,1.A.1.g.2,Time Sharing,LV,2.62,8,0.183,2.2664,2.9836,N,N,07/2015,Analyst
33-9021.00,1.A.2.a.1,Arm-Hand Steadiness,IM,2.12,8,0.125,1.88,2.37,N,,07/2015,Analyst
33-9021.00,1.A.2.a.1,Arm-Hand Steadiness,LV,1.75,8,0.1637,1.4292,2.0708,N,N,07/2015,Analyst
33-9021.00,1.A.2.a.2,Manual Dexterity,IM,2.0,8,0.0,2.0,2.0,N,,07/2015,Analyst
33-9021.00,1.A.2.a.2,Manual Dexterity,LV,1.75,8,0.1637,1.4292,2.0708,N,N,07/2015,Analyst
33-9021.00,1.A.2.a.3,Finger Dexterity,IM,2.25,8,0.1637,1.9292,2.5708,N,,07/2015,Analyst
33-9021.00,1.A.2.a.3,Finger Dexterity,LV,2.25,8,0.25,1.76,2.74,N,N,07/2015,Analyst
33-9021.00,1.A.2.b.1,Control Precision,IM,2.38,8,0.183,2.0164,2.7336,N,,07/2015,Analyst
33-9021.00,1.A.2.b.1,Control Precision,LV,2.5,8,0.2673,1.9762,3.0238,N,N,07/2015,Analyst
33-9021.00,1.A.2.b.2,Multilimb Coordination,IM,2.12,8,0.125,1.88,2.37,N,,07/2015,Analyst
33-9021.00,1.A.2.b.2,Multilimb Coordination,LV,2.12,8,0.125,1.88,2.37,N,N,07/2015,Analyst
33-9021.00,1.A.2.b.3,Response Orientation,IM,2.0,8,0.0,2.0,2.0,N,,07/2015,Analyst
33-9021.00,1.A.2.b.3,Response Orientation,LV,2.12,8,0.125,1.88,2.37,N,N,07/2015,Analyst
33-9021.00,1.A.2.b.4,Rate Control,IM,1.62,8,0.183,1.2664,1.9836,N,,07/2015,Analyst
33-9021.00,1.A.2.b.4,Rate Control,LV,0.62,8,0.183,0.2664,0.9836,N,N,07/2015,Analyst
33-9021.00,1.A.2.c.1,Reaction Time,IM,2.0,8,0.0,2.0,2.0,N,,07/2015,Analyst
33-9021.00,1.A.2.c.1,Reaction Time,LV,1.75,8,0.1637,1.4292,2.0708,N,N,07/2015,Analyst
33-9021.00,1.A.2.c.2,Wrist-Finger Speed,IM,1.75,8,0.1637,1.4292,2.0708,N,,07/2015,Analyst
33-9021.00,1.A.2.c.2,Wrist-Finger Speed,LV,1.0,8,0.2673,0.4762,1.5238,N,N,07/2015,Analyst
33-9021.00,1.A.2.c.3,Speed of Limb Movement,IM,1.0,8,0.0,1.0,1.0,N,,07/2015,Analyst
33-9021.00,1.A.2.c.3,Speed of Limb Movement,LV,0.0,8,0.0,0.0,0.0,N,Y,07/2015,Analyst
33-9021.00,1.A.3.a.1,Static Strength,IM,1.38,8,0.183,1.0164,1.7336,N,,07/2015,Analyst
33-9021.00,1.A.3.a.1,Static Strength,LV,0.5,8,0.2673,0.0,1.0238,N,N,07/2015,Analyst
33-9021.00,1.A.3.a.2,Explosive Strength,IM,1.25,8,0.1637,1.0,1.5708,N,,07/2015,Analyst
33-9021.00,1.A.3.a.2,Explosive Strength,LV,0.25,8,0.1637,0.0,0.5708,N,Y,07/2015,Analyst
33-9021.00,1.A.3.a.3,Dynamic Strength,IM,1.38,8,0.183,1.0164,1.7336,N,,07/2015,Analyst
33-9021.00,1.A.3.a.3,Dynamic Strength,LV,0.38,8,0.183,0.0164,0.7336,N,N,07/2015,Analyst
33-9021.00,1.A.3.a.4,Trunk Strength,IM,2.25,8,0.1637,1.9292,2.5708,N,,07/2015,Analyst
33-9021.00,1.A.3.a.4,Trunk Strength,LV,1.88,8,0.125,1.63,2.12,N,N,07/2015,Analyst
33-9021.00,1.A.3.b.1,Stamina,IM,1.12,8,0.125,1.0,1.37,N,,07/2015,Analyst
33-9021.00,1.A.3.b.1,Stamina,LV,0.12,8,0.125,0.0,0.37,N,Y,07/2015,Analyst
33-9021.00,1.A.3.c.1,Extent Flexibility,IM,1.5,8,0.189,1.1296,1.8704,N,,07/2015,Analyst
33-9021.00,1.A.3.c.1,Extent Flexibility,LV,0.62,8,0.2631,0.1094,1.1406,N,N,07/2015,Analyst
33-9021.00,1.A.3.c.2,Dynamic Flexibility,IM,1.0,8,0.0,1.0,1.0,N,,07/2015,Analyst
33-9021.00,1.A.3.c.2,Dynamic Flexibility,LV,0.0,8,0.0,0.0,0.0,N,Y,07/2015,Analyst
33-9021.00,1.A.3.c.3,Gross Body Coordination,IM,1.38,8,0.183,1.0164,1.7336,N,,07/2015,Analyst
33-9021.00,1.A.3.c.3,Gross Body Coordination,LV,0.5,8,0.2673,0.0,1.0238,N,N,07/2015,Analyst
33-9021.00,1.A.3.c.4,Gross Body Equilibrium,IM,1.38,8,0.183,1.0164,1.7336,N,,07/2015,Analyst
33-9021.00,1.A.3.c.4,Gross Body Equilibrium,LV,0.38,8,0.183,0.0164,0.7336,N,N,07/2015,Analyst
33-9021.00,1.A.4.a.1,Near Vision,IM,4.0,8,0.0,4.0,4.0,N,,07/2015,Analyst
33-9021.00,1.A.4.a.1,Near Vision,LV,3.75,8,0.1637,3.4292,4.0708,N,N,07/2015,Analyst
33-9021.00,1.A.4.a.2,Far Vision,IM,3.12,8,0.125,2.88,3.37,N,,07/2015,Analyst
33-9021.00,1.A.4.a.2,Far Vision,LV,3.38,8,0.183,3.0164,3.7336,N,N,07/2015,Analyst
33-9021.00,1.A.4.a.3,Visual Color Discrimination,IM,2.12,8,0.125,1.88,2.37,N,,07/2015,Analyst
33-9021.00,1.A.4.a.3,Visual Color Discrimination,LV,2.0,8,0.0,2.0,2.0,N,N,07/2015,Analyst
33-9021.00,1.A.4.a.4,Night Vision,IM,1.5,8,0.189,1.1296,1.8704,N,,07/2015,Analyst
33-9021.00,1.A.4.a.4,Night Vision,LV,0.88,8,0.3504,0.1883,1.5617,N,N,07/2015,Analyst
33-9021.00,1.A.4.a.5,Peripheral Vision,IM,1.75,8,0.1637,1.4292,2.0708,N,,07/2015,Analyst
33-9021.00,1.A.4.a.5,Peripheral Vision,LV,0.88,8,0.2266,0.4309,1.3191,N,N,07/2015,Analyst
33-9021.00,1.A.4.a.6,Depth Perception,IM,2.25,8,0.1637,1.9292,2.5708,N,,07/2015,Analyst
33-9021.00,1.A.4.a.6,Depth Perception,LV,2.0,8,0.0,2.0,2.0,N,N,07/2015,Analyst
33-9021.00,1.A.4.a.7,Glare Sensitivity,IM,1.88,8,0.125,1.63,2.12,N,,07/2015,Analyst
33-9021.00,1.A.4.a.7,Glare Sensitivity,LV,1.12,8,0.2266,0.6809,1.5691,N,N,07/2015,Analyst
33-9021.00,1.A.4.b.1,Hearing Sensitivity,IM,2.25,8,0.1637,1.9292,2.5708,N,,07/2015,Analyst
33-9021.00,1.A.4.b.1,Hearing Sensitivity,LV,2.0,8,0.189,1.6296,2.3704,N,N,07/2015,Analyst
33-9021.00,1.A.4.b.2,Auditory Attention,IM,2.12,8,0.2266,1.6809,2.5691,N,,07/2015,Analyst
33-9021.00,1.A.4.b.2,Auditory Attention,LV,1.75,8,0.25,1.26,2.24,N,N,07/2015,Analyst
33-9021.00,1.A.4.b.3,Sound Localization,IM,1.75,8,0.1637,1.4292,2.0708,N,,07/2015,Analyst
33-9021.00,1.A.4.b.3,Sound Localization,LV,0.75,8,0.1637,0.4292,1.0708,N,N,07/2015,Analyst
33-9021.00,1.A.4.b.4,Speech Recognition,IM,3.62,8,0.183,3.2664,3.9836,N,,07/2015,Analyst
33-9021.00,1.A.4.b.4,Speech Recognition,LV,3.75,8,0.1637,3.4292,4.0708,N,N,07/2015,Analyst
33-9021.00,1.A.4.b.5,Speech Clarity,IM,3.62,8,0.183,3.2664,3.9836,N,,07/2015,Analyst
33-9021.00,1.A.4.b.5,Speech Clarity,LV,3.62,8,0.183,3.2664,3.9836,N,N,07/2015,Analyst
33-9031.00,1.A.1.a.1,Oral Comprehension,IM,3.88,8,0.125,3.63,4.12,N,,08/2019,Analyst
33-9031.00,1.A.1.a.1,Oral Comprehension,LV,3.75,8,0.1637,3.4292,4.0708,N,N,08/2019,Analyst
33-9031.00,1.A.1.a.2,Written Comprehension,IM,3.12,8,0.125,2.88,3.37,N,,08/2019,Analyst
33-9031.00,1.A.1.a.2,Written Comprehension,LV,3.12,8,0.125,2.88,3.37,N,N,08/2019,Analyst
33-9031.00,1.A.1.a.3,Oral Expression,IM,3.62,8,0.183,3.2664,3.9836,N,,08/2019,Analyst
33-9031.00,1.A.1.a.3,Oral Expression,LV,3.75,8,0.1637,3.4292,4.0708,N,N,08/2019,Analyst
33-9031.00,1.A.1.a.4,Written Expression,IM,3.75,8,0.25,3.26,4.24,N,,08/2019,Analyst
33-9031.00,1.A.1.a.4,Written Expression,LV,3.12,8,0.125,2.88,3.37,N,N,08/2019,Analyst
33-9031.00,1.A.1.b.1,Fluency of Ideas,IM,2.25,8,0.1637,1.9292,2.5708,N,,08/2019,Analyst
33-9031.00,1.A.1.b.1,Fluency of Ideas,LV,2.12,8,0.125,1.88,2.37,N,N,08/2019,Analyst
33-9031.00,1.A.1.b.2,Originality,IM,2.12,8,0.125,1.88,2.37,N,,08/2019,Analyst
33-9031.00,1.A.1.b.2,Originality,LV,2.12,8,0.125,1.88,2.37,N,N,08/2019,Analyst
33-9031.00,1.A.1.b.3,Problem Sensitivity,IM,4.25,8,0.1637,3.9292,4.5708,N,,08/2019,Analyst
33-9031.00,1.A.1.b.3,Problem Sensitivity,LV,4.12,8,0.125,3.88,4.37,N,N,08/2019,Analyst
33-9031.00,1.A.1.b.4,Deductive Reasoning,IM,3.5,8,0.189,3.1296,3.8704,N,,08/2019,Analyst
33-9031.00,1.A.1.b.4,Deductive Reasoning,LV,3.5,8,0.189,3.1296,3.8704,N,N,08/2019,Analyst
33-9031.00,1.A.1.b.5,Inductive Reasoning,IM,3.75,8,0.1637,3.4292,4.0708,N,,08/2019,Analyst
33-9031.00,1.A.1.b.5,Inductive Reasoning,LV,3.75,8,0.1637,3.4292,4.0708,N,N,08/2019,Analyst
33-9031.00,1.A.1.b.6,Information Ordering,IM,3.12,8,0.125,2.88,3.37,N,,08/2019,Analyst
33-9031.00,1.A.1.b.6,Information Ordering,LV,3.12,8,0.125,2.88,3.37,N,N,08/2019,Analyst
33-9031.00,1.A.1.b.7,Category Flexibility,IM,2.88,8,0.125,2.63,3.12,N,,08/2019,Analyst
33-9031.00,1.A.1.b.7,Category Flexibility,LV,2.62,8,0.183,2.2664,2.9836,N,N,08/2019,Analyst
33-9031.00,1.A.1.c.1,Mathematical Reasoning,IM,2.12,8,0.125,1.88,2.37,N,,08/2019,Analyst
33-9031.00,1.A.1.c.1,Mathematical Reasoning,LV,1.38,8,0.2631,0.8594,1.8906,N,N,08/2019,Analyst
33-9031.00,1.A.1.c.2,Number Facility,IM,2.12,8,0.125,1.88,2.37,N,,08/2019,Analyst
33-9031.00,1.A.1.c.2,Number Facility,LV,1.5,8,0.2673,0.9762,2.0238,N,N,08/2019,Analyst
33-9031.00,1.A.1.d.1,Memorization,IM,2.12,8,0.125,1.88,2.37,N,,08/2019,Analyst
33-9031.00,1.A.1.d.1,Memorization,LV,2.12,8,0.125,1.88,2.37,N,N,08/2019,Analyst
33-9031.00,1.A.1.e.1,Speed of Closure,IM,3.12,8,0.125,2.88,3.37,N,,08/2019,Analyst
33-9031.00,1.A.1.e.1,Speed of Closure,LV,3.38,8,0.2631,2.8594,3.8906,N,N,08/2019,Analyst
33-9031.00,1.A.1.e.2,Flexibility of Closure,IM,3.62,8,0.2631,3.1094,4.1406,N,,08/2019,Analyst
33-9031.00,1.A.1.e.2,Flexibility of Closure,LV,3.5,8,0.2673,2.9762,4.0238,N,N,08/2019,Analyst
33-9031.00,1.A.1.e.3,Perceptual Speed,IM,3.38,8,0.183,3.0164,3.7336,N,,08/2019,Analyst
33-9031.00,1.A.1.e.3,Perceptual Speed,LV,3.25,8,0.25,2.76,3.74,N,N,08/2019,Analyst
33-9031.00,1.A.1.f.1,Spatial Orientation,IM,1.38,8,0.183,1.0164,1.7336,N,,08/2019,Analyst
33-9031.00,1.A.1.f.1,Spatial Orientation,LV,0.38,8,0.183,0.0164,0.7336,N,N,08/2019,Analyst
33-9031.00,1.A.1.f.2,Visualization,IM,2.25,8,0.1637,1.9292,2.5708,N,,08/2019,Analyst
33-9031.00,1.A.1.f.2,Visualization,LV,2.25,8,0.1637,1.9292,2.5708,N,N,08/2019,Analyst
33-9031.00,1.A.1.g.1,Selective Attention,IM,4.0,8,0.0,4.0,4.0,N,,08/2019,Analyst
33-9031.00,1.A.1.g.1,Selective Attention,LV,4.0,8,0.0,4.0,4.0,N,N,08/2019,Analyst
33-9031.00,1.A.1.g.2,Time Sharing,IM,3.12,8,0.2266,2.6809,3.5691,N,,08/2019,Analyst
33-9031.00,1.A.1.g.2,Time Sharing,LV,3.0,8,0.189,2.6296,3.3704,N,N,08/2019,Analyst
33-9031.00,1.A.2.a.1,Arm-Hand Steadiness,IM,2.0,8,0.189,1.6296,2.3704,N,,08/2019,Analyst
33-9031.00,1.A.2.a.1,Arm-Hand Steadiness,LV,1.75,8,0.25,1.26,2.24,N,N,08/2019,Analyst
33-9031.00,1.A.2.a.2,Manual Dexterity,IM,2.0,8,0.189,1.6296,2.3704,N,,08/2019,Analyst
33-9031.00,1.A.2.a.2,Manual Dexterity,LV,1.5,8,0.2673,0.9762,2.0238,N,N,08/2019,Analyst
33-9031.00,1.A.2.a.3,Finger Dexterity,IM,2.12,8,0.2266,1.6809,2.5691,N,,08/2019,Analyst
33-9031.00,1.A.2.a.3,Finger Dexterity,LV,1.75,8,0.25,1.26,2.24,N,N,08/2019,Analyst
33-9031.00,1.A.2.b.1,Control Precision,IM,2.12,8,0.2266,1.6809,2.5691,N,,08/2019,Analyst
33-9031.00,1.A.2.b.1,Control Precision,LV,1.62,8,0.2631,1.1094,2.1406,N,N,08/2019,Analyst
33-9031.00,1.A.2.b.2,Multilimb Coordination,IM,1.62,8,0.183,1.2664,1.9836,N,,08/2019,Analyst
33-9031.00,1.A.2.b.2,Multilimb Coordination,LV,0.62,8,0.183,0.2664,0.9836,N,N,08/2019,Analyst
33-9031.00,1.A.2.b.3,Response Orientation,IM,1.75,8,0.1637,1.4292,2.0708,N,,08/2019,Analyst
33-9031.00,1.A.2.b.3,Response Orientation,LV,1.25,8,0.3134,0.6358,1.8642,N,N,08/2019,Analyst
33-9031.00,1.A.2.b.4,Rate Control,IM,1.0,8,0.0,1.0,1.0,N,,08/2019,Analyst
33-9031.00,1.A.2.b.4,Rate Control,LV,0.0,8,0.0,0.0,0.0,N,Y,08/2019,Analyst
33-9031.00,1.A.2.c.1,Reaction Time,IM,1.62,8,0.183,1.2664,1.9836,N,,08/2019,Analyst
33-9031.00,1.A.2.c.1,Reaction Time,LV,0.88,8,0.295,0.2967,1.4533,N,N,08/2019,Analyst
33-9031.00,1.A.2.c.2,Wrist-Finger Speed,IM,1.75,8,0.1637,1.4292,2.0708,N,,08/2019,Analyst
33-9031.00,1.A.2.c.2,Wrist-Finger Speed,LV,0.88,8,0.2266,0.4309,1.3191,N,N,08/2019,Analyst
33-9031.00,1.A.2.c.3,Speed of Limb Movement,IM,1.38,8,0.183,1.0164,1.7336,N,,08/2019,Analyst
33-9031.00,1.A.2.c.3,Speed of Limb Movement,LV,0.38,8,0.183,0.0164,0.7336,N,N,08/2019,Analyst
33-9031.00,1.A.3.a.1,Static Strength,IM,1.88,8,0.125,1.63,2.12,N,,08/2019,Analyst
33-9031.00,1.A.3.a.1,Static Strength,LV,1.62,8,0.2631,1.1094,2.1406,N,N,08/2019,Analyst
33-9031.00,1.A.3.a.2,Explosive Strength,IM,1.75,8,0.1637,1.4292,2.0708,N,,08/2019,Analyst
33-9031.00,1.A.3.a.2,Explosive Strength,LV,1.38,8,0.3239,0.7402,2.0098,N,N,08/2019,Analyst
33-9031.00,1.A.3.a.3,Dynamic Strength,IM,1.62,8,0.183,1.2664,1.9836,N,,08/2019,Analyst
33-9031.00,1.A.3.a.3,Dynamic Strength,LV,0.62,8,0.183,0.2664,0.9836,N,N,08/2019,Analyst
33-9031.00,1.A.3.a.4,Trunk Strength,IM,2.0,8,0.189,1.6296,2.3704,N,,08/2019,Analyst
33-9031.00,1.A.3.a.4,Trunk Strength,LV,1.75,8,0.3134,1.1358,2.3642,N,N,08/2019,Analyst
33-9031.00,1.A.3.b.1,Stamina,IM,1.75,8,0.1637,1.4292,2.0708,N,,08/2019,Analyst
33-9031.00,1.A.3.b.1,Stamina,LV,1.12,8,0.295,0.5467,1.7033,N,N,08/2019,Analyst
33-9031.00,1.A.3.c.1,Extent Flexibility,IM,1.75,8,0.1637,1.4292,2.0708,N,,08/2019,Analyst
33-9031.00,1.A.3.c.1,Extent Flexibility,LV,1.0,8,0.3273,0.3584,1.6416,N,N,08/2019,Analyst
33-9031.00,1.A.3.c.2,Dynamic Flexibility,IM,1.0,8,0.0,1.0,1.0,N,,08/2019,Analyst
33-9031.00,1.A.3.c.2,Dynamic Flexibility,LV,0.0,8,0.0,0.0,0.0,N,Y,08/2019,Analyst
33-9031.00,1.A.3.c.3,Gross Body Coordination,IM,1.5,8,0.189,1.1296,1.8704,N,,08/2019,Analyst
33-9031.00,1.A.3.c.3,Gross Body Coordination,LV,0.88,8,0.3504,0.1883,1.5617,N,N,08/2019,Analyst
33-9031.00,1.A.3.c.4,Gross Body Equilibrium,IM,1.62,8,0.183,1.2664,1.9836,N,,08/2019,Analyst
33-9031.00,1.A.3.c.4,Gross Body Equilibrium,LV,0.88,8,0.295,0.2967,1.4533,N,N,08/2019,Analyst
33-9031.00,1.A.4.a.1,Near Vision,IM,3.75,8,0.1637,3.4292,4.0708,N,,08/2019,Analyst
33-9031.00,1.A.4.a.1,Near Vision,LV,3.88,8,0.125,3.63,4.12,N,N,08/2019,Analyst
33-9031.00,1.A.4.a.2,Far Vision,IM,4.0,8,0.189,3.6296,4.3704,N,,08/2019,Analyst
33-9031.00,1.A.4.a.2,Far Vision,LV,4.0,8,0.189,3.6296,4.3704,N,N,08/2019,Analyst
33-9031.00,1.A.4.a.3,Visual Color Discrimination,IM,2.38,8,0.183,2.0164,2.7336,N,,08/2019,Analyst
33-9031.00,1.A.4.a.3,Visual Color Discrimination,LV,2.12,8,0.125,1.88,2.37,N,N,08/2019,Analyst
33-9031.00,1.A.4.a.4,Night Vision,IM,1.25,8,0.1637,1.0,1.5708,N,,08/2019,Analyst
33-9031.00,1.A.4.a.4,Night Vision,LV,0.25,8,0.1637,0.0,0.5708,N,Y,08/2019,Analyst
33-9031.00,1.A.4.a.5,Peripheral Vision,IM,1.62,8,0.183,1.2664,1.9836,N,,08/2019,Analyst
33-9031.00,1.A.4.a.5,Peripheral Vision,LV,1.0,8,0.378,0.2592,1.7408,N,N,08/2019,Analyst
33-9031.00,1.A.4.a.6,Depth Perception,IM,2.0,8,0.0,2.0,2.0,N,,08/2019,Analyst
33-9031.00,1.A.4.a.6,Depth Perception,LV,1.12,8,0.125,0.88,1.37,N,N,08/2019,Analyst
33-9031.00,1.A.4.a.7,Glare Sensitivity,IM,1.0,8,0.0,1.0,1.0,N,,08/2019,Analyst
33-9031.00,1.A.4.a.7,Glare Sensitivity,LV,0.0,8,0.0,0.0,0.0,N,Y,08/2019,Analyst
33-9031.00,1.A.4.b.1,Hearing Sensitivity,IM,2.0,8,0.0,2.0,2.0,N,,08/2019,Analyst
33-9031.00,1.A.4.b.1,Hearing Sensitivity,LV,1.5,8,0.189,1.1296,1.8704,N,N,08/2019,Analyst
33-9031.00,1.A.4.b.2,Auditory Attention,IM,2.25,8,0.1637,1.9292,2.5708,N,,08/2019,Analyst
33-9031.00,1.A.4.b.2,Auditory Attention,LV,2.25,8,0.25,1.76,2.74,N,N,08/2019,Analyst
33-9031.00,1.A.4.b.3,Sound Localization,IM,1.0,8,0.0,1.0,1.0,N,,08/2019,Analyst
33-9031.00,1.A.4.b.3,Sound Localization,LV,0.0,8,0.0,0.0,0.0,N,Y,08/2019,Analyst
33-9031.00,1.A.4.b.4,Speech Recognition,IM,3.25,8,0.1637,2.9292,3.5708,N,,08/2019,Analyst
33-9031.00,1.A.4.b.4,Speech Recognition,LV,3.25,8,0.1637,2.9292,3.5708,N,N,08/2019,Analyst
33-9031.00,1.A.4.b.5,Speech Clarity,IM,3.25,8,0.1637,2.9292,3.5708,N,,08/2019,Analyst
33-9031.00,1.A.4.b.5,Speech Clarity,LV,3.12,8,0.125,2.88,3.37,N,N,08/2019,Analyst
33-9032.00,1.A.1.a.1,Oral Comprehension,IM,3.62,8,0.183,3.2664,3.9836,N,,08/2023,Analyst
33-9032.00,1.A.1.a.1,Oral Comprehension,LV,3.62,8,0.183,3.2664,3.9836,N,N,08/2023,Analyst
33-9032.00,1.A.1.a.2,Written Comprehension,IM,3.0,8,0.0,3.0,3.0,N,,08/2023,Analyst
33-9032.00,1.A.1.a.2,Written Comprehension,LV,3.0,8,0.0,3.0,3.0,N,N,08/2023,Analyst
33-9032.00,1.A.1.a.3,Oral Expression,IM,3.38,8,0.183,3.0164,3.7336,N,,08/2023,Analyst
33-9032.00,1.A.1.a.3,Oral Expression,LV,3.5,8,0.189,3.1296,3.8704,N,N,08/2023,Analyst
33-9032.00,1.A.1.a.4,Written Expression,IM,2.88,8,0.125,2.63,3.12,N,,08/2023,Analyst
33-9032.00,1.A.1.a.4,Written Expression,LV,2.5,8,0.189,2.1296,2.8704,N,N,08/2023,Analyst
33-9032.00,1.A.1.b.1,Fluency of Ideas,IM,2.25,8,0.1637,1.9292,2.5708,N,,08/2023,Analyst
33-9032.00,1.A.1.b.1,Fluency of Ideas,LV,2.12,8,0.125,1.88,2.37,N,N,08/2023,Analyst
33-9032.00,1.A.1.b.2,Originality,IM,2.25,8,0.1637,1.9292,2.5708,N,,08/2023,Analyst
33-9032.00,1.A.1.b.2,Originality,LV,2.12,8,0.125,1.88,2.37,N,N,08/2023,Analyst
33-9032.00,1.A.1.b.3,Problem Sensitivity,IM,3.88,8,0.125,3.63,4.12,N,,08/2023,Analyst
33-9032.00,1.A.1.b.3,Problem Sensitivity,LV,3.75,8,0.1637,3.4292,4.0708,N,N,08/2023,Analyst
33-9032.00,1.A.1.b.4,Deductive Reasoning,IM,3.25,8,0.1637,2.9292,3.5708,N,,08/2023,Analyst
33-9032.00,1.A.1.b.4,Deductive Reasoning,LV,3.0,8,0.0,3.0,3.0,N,N,08/2023,Analyst
33-9032.00,1.A.1.b.5,Inductive Reasoning,IM,3.0,8,0.0,3.0,3.0,N,,08/2023,Analyst
33-9032.00,1.A.1.b.5,Inductive Reasoning,LV,3.0,8,0.0,3.0,3.0,N,N,08/2023,Analyst
33-9032.00,1.A.1.b.6,Information Ordering,IM,3.0,8,0.0,3.0,3.0,N,,08/2023,Analyst
33-9032.00,1.A.1.b.6,Information Ordering,LV,3.12,8,0.125,2.88,3.37,N,N,08/2023,Analyst
33-9032.00,1.A.1.b.7,Category Flexibility,IM,2.25,8,0.1637,1.9292,2.5708,N,,08/2023,Analyst
33-9032.00,1.A.1.b.7,Category Flexibility,LV,2.0,8,0.0,2.0,2.0,N,N,08/2023,Analyst
33-9032.00,1.A.1.c.1,Mathematical Reasoning,IM,2.0,8,0.0,2.0,2.0,N,,08/2023,Analyst
33-9032.00,1.A.1.c.1,Mathematical Reasoning,LV,1.12,8,0.125,0.88,1.37,N,N,08/2023,Analyst
33-9032.00,1.A.1.c.2,Number Facility,IM,2.0,8,0.0,2.0,2.0,N,,08/2023,Analyst
33-9032.00,1.A.1.c.2,Number Facility,LV,1.12,8,0.125,0.88,1.37,N,N,08/2023,Analyst
33-9032.00,1.A.1.d.1,Memorization,IM,2.25,8,0.1637,1.9292,2.5708,N,,08/2023,Analyst
33-9032.00,1.A.1.d.1,Memorization,LV,2.0,8,0.0,2.0,2.0,N,N,08/2023,Analyst
33-9032.00,1.A.1.e.1,Speed of Closure,IM,2.5,8,0.189,2.1296,2.8704,N,,08/2023,Analyst
33-9032.00,1.A.1.e.1,Speed of Closure,LV,2.38,8,0.183,2.0164,2.7336,N,N,08/2023,Analyst
33-9032.00,1.A.1.e.2,Flexibility of Closure,IM,3.12,8,0.125,2.88,3.37,N,,08/2023,Analyst
33-9032.00,1.A.1.e.2,Flexibility of Closure,LV,3.12,8,0.125,2.88,3.37,N,N,08/2023,Analyst
33-9032.00,1.A.1.e.3,Perceptual Speed,IM,2.88,8,0.125,2.63,3.12,N,,08/2023,Analyst
33-9032.00,1.A.1.e.3,Perceptual Speed,LV,3.0,8,0.0,3.0,3.0,N,N,08/2023,Analyst
33-9032.00,1.A.1.f.1,Spatial Orientation,IM,2.38,8,0.183,2.0164,2.7336,N,,08/2023,Analyst
33-9032.00,1.A.1.f.1,Spatial Orientation,LV,2.0,8,0.189,1.6296,2.3704,N,N,08/2023,Analyst
33-9032.00,1.A.1.f.2,Visualization,IM,2.38,8,0.183,2.0164,2.7336,N,,08/2023,Analyst
33-9032.00,1.A.1.f.2,Visualization,LV,2.25,8,0.1637,1.9292,2.5708,N,N,08/2023,Analyst
33-9032.00,1.A.1.g.1,Selective Attention,IM,3.38,8,0.183,3.0164,3.7336,N,,08/2023,Analyst
33-9032.00,1.A.1.g.1,Selective Attention,LV,3.88,8,0.125,3.63,4.12,N,N,08/2023,Analyst
33-9032.00,1.A.1.g.2,Time Sharing,IM,2.88,8,0.125,2.63,3.12,N,,08/2023,Analyst
33-9032.00,1.A.1.g.2,Time Sharing,LV,2.38,8,0.183,2.0164,2.7336,N,N,08/2023,Analyst
33-9032.00,1.A.2.a.1,Arm-Hand Steadiness,IM,2.38,8,0.183,2.0164,2.7336,N,,08/2023,Analyst
33-9032.00,1.A.2.a.1,Arm-Hand Steadiness,LV,2.12,8,0.125,1.88,2.37,N,N,08/2023,Analyst
33-9032.00,1.A.2.a.2,Manual Dexterity,IM,2.12,8,0.125,1.88,2.37,N,,08/2023,Analyst
33-9032.00,1.A.2.a.2,Manual Dexterity,LV,1.62,8,0.183,1.2664,1.9836,N,N,08/2023,Analyst
33-9032.00,1.A.2.a.3,Finger Dexterity,IM,2.0,8,0.0,2.0,2.0,N,,08/2023,Analyst
33-9032.00,1.A.2.a.3,Finger Dexterity,LV,1.88,8,0.125,1.63,2.12,N,N,08/2023,Analyst
33-9032.00,1.A.2.b.1,Control Precision,IM,2.25,8,0.1637,1.9292,2.5708,N,,08/2023,Analyst
33-9032.00,1.A.2.b.1,Control Precision,LV,2.25,8,0.1637,1.9292,2.5708,N,N,08/2023,Analyst
33-9032.00,1.A.2.b.2,Multilimb Coordination,IM,2.25,8,0.1637,1.9292,2.5708,N,,08/2023,Analyst
33-9032.00,1.A.2.b.2,Multilimb Coordination,LV,2.12,8,0.125,1.88,2.37,N,N,08/2023,Analyst
33-9032.00,1.A.2.b.3,Response Orientation,IM,2.38,8,0.183,2.0164,2.7336,N,,08/2023,Analyst
33-9032.00,1.A.2.b.3,Response Orientation,LV,2.0,8,0.0,2.0,2.0,N,N,08/2023,Analyst
33-9032.00,1.A.2.b.4,Rate Control,IM,2.25,8,0.1637,1.9292,2.5708,N,,08/2023,Analyst
33-9032.00,1.A.2.b.4,Rate Control,LV,1.62,8,0.183,1.2664,1.9836,N,N,08/2023,Analyst
33-9032.00,1.A.2.c.1,Reaction Time,IM,2.25,8,0.1637,1.9292,2.5708,N,,08/2023,Analyst
33-9032.00,1.A.2.c.1,Reaction Time,LV,2.0,8,0.0,2.0,2.0,N,N,08/2023,Analyst
33-9032.00,1.A.2.c.2,Wrist-Finger Speed,IM,1.88,8,0.125,1.63,2.12,N,,08/2023,Analyst
33-9032.00,1.A.2.c.2,Wrist-Finger Speed,LV,1.12,8,0.2266,0.6809,1.5691,N,N,08/2023,Analyst
33-9032.00,1.A.2.c.3,Speed of Limb Movement,IM,1.75,8,0.1637,1.4292,2.0708,N,,08/2023,Analyst
33-9032.00,1.A.2.c.3,Speed of Limb Movement,LV,1.0,8,0.2673,0.4762,1.5238,N,N,08/2023,Analyst
33-9032.00,1.A.3.a.1,Static Strength,IM,2.75,8,0.1637,2.4292,3.0708,N,,08/2023,Analyst
33-9032.00,1.A.3.a.1,Static Strength,LV,2.75,8,0.1637,2.4292,3.0708,N,N,08/2023,Analyst
33-9032.00,1.A.3.a.2,Explosive Strength,IM,2.12,8,0.125,1.88,2.37,N,,08/2023,Analyst
33-9032.00,1.A.3.a.2,Explosive Strength,LV,2.12,8,0.125,1.88,2.37,N,N,08/2023,Analyst
33-9032.00,1.A.3.a.3,Dynamic Strength,IM,2.12,8,0.125,1.88,2.37,N,,08/2023,Analyst
33-9032.00,1.A.3.a.3,Dynamic Strength,LV,2.0,8,0.189,1.6296,2.3704,N,N,08/2023,Analyst
33-9032.00,1.A.3.a.4,Trunk Strength,IM,2.88,8,0.125,2.63,3.12,N,,08/2023,Analyst
33-9032.00,1.A.3.a.4,Trunk Strength,LV,2.88,8,0.125,2.63,3.12,N,N,08/2023,Analyst
33-9032.00,1.A.3.b.1,Stamina,IM,2.75,8,0.1637,2.4292,3.0708,N,,08/2023,Analyst
33-9032.00,1.A.3.b.1,Stamina,LV,2.38,8,0.183,2.0164,2.7336,N,N,08/2023,Analyst
33-9032.00,1.A.3.c.1,Extent Flexibility,IM,2.0,8,0.0,2.0,2.0,N,,08/2023,Analyst
33-9032.00,1.A.3.c.1,Extent Flexibility,LV,2.12,8,0.125,1.88,2.37,N,N,08/2023,Analyst
33-9032.00,1.A.3.c.2,Dynamic Flexibility,IM,1.0,8,0.0,1.0,1.0,N,,08/2023,Analyst
33-9032.00,1.A.3.c.2,Dynamic Flexibility,LV,0.0,8,0.0,0.0,0.0,N,Y,08/2023,Analyst
33-9032.00,1.A.3.c.3,Gross Body Coordination,IM,2.12,8,0.125,1.88,2.37,N,,08/2023,Analyst
33-9032.00,1.A.3.c.3,Gross Body Coordination,LV,2.12,8,0.125,1.88,2.37,N,N,08/2023,Analyst
33-9032.00,1.A.3.c.4,Gross Body Equilibrium,IM,2.0,8,0.0,2.0,2.0,N,,08/2023,Analyst
33-9032.00,1.A.3.c.4,Gross Body Equilibrium,LV,1.75,8,0.1637,1.4292,2.0708,N,N,08/2023,Analyst
33-9032.00,1.A.4.a.1,Near Vision,IM,3.38,8,0.183,3.0164,3.7336,N,,08/2023,Analyst
33-9032.00,1.A.4.a.1,Near Vision,LV,3.12,8,0.125,2.88,3.37,N,N,08/2023,Analyst
33-9032.00,1.A.4.a.2,Far Vision,IM,3.75,8,0.1637,3.4292,4.0708,N,,08/2023,Analyst
33-9032.00,1.A.4.a.2,Far Vision,LV,3.38,8,0.183,3.0164,3.7336,N,N,08/2023,Analyst
33-9032.00,1.A.4.a.3,Visual Color Discrimination,IM,2.88,8,0.2266,2.4309,3.3191,N,,08/2023,Analyst
33-9032.00,1.A.4.a.3,Visual Color Discrimination,LV,2.25,8,0.1637,1.9292,2.5708,N,N,08/2023,Analyst
33-9032.00,1.A.4.a.4,Night Vision,IM,2.12,8,0.125,1.88,2.37,N,,08/2023,Analyst
33-9032.00,1.A.4.a.4,Night Vision,LV,1.5,8,0.2673,0.9762,2.0238,N,N,08/2023,Analyst
33-9032.00,1.A.4.a.5,Peripheral Vision,IM,2.12,8,0.125,1.88,2.37,N,,08/2023,Analyst
33-9032.00,1.A.4.a.5,Peripheral Vision,LV,1.38,8,0.183,1.0164,1.7336,N,N,08/2023,Analyst
33-9032.00,1.A.4.a.6,Depth Perception,IM,2.12,8,0.125,1.88,2.37,N,,08/2023,Analyst
33-9032.00,1.A.4.a.6,Depth Perception,LV,2.12,8,0.125,1.88,2.37,N,N,08/2023,Analyst
33-9032.00,1.A.4.a.7,Glare Sensitivity,IM,2.12,8,0.125,1.88,2.37,N,,08/2023,Analyst
33-9032.00,1.A.4.a.7,Glare Sensitivity,LV,2.0,8,0.189,1.6296,2.3704,N,N,08/2023,Analyst
33-9032.00,1.A.4.b.1,Hearing Sensitivity,IM,2.88,8,0.125,2.63,3.12,N,,08/2023,Analyst
33-9032.00,1.A.4.b.1,Hearing Sensitivity,LV,2.38,8,0.183,2.0164,2.7336,N,N,08/2023,Analyst
33-9032.00,1.A.4.b.2,Auditory Attention,IM,2.88,8,0.125,2.63,3.12,N,,08/2023,Analyst
33-9032.00,1.A.4.b.2,Auditory Attention,LV,2.5,8,0.189,2.1296,2.8704,N,N,08/2023,Analyst
33-9032.00,1.A.4.b.3,Sound Localization,IM,2.0,8,0.0,2.0,2.0,N,,08/2023,Analyst
33-9032.00,1.A.4.b.3,Sound Localization,LV,1.75,8,0.1637,1.4292,2.0708,N,N,08/2023,Analyst
33-9032.00,1.A.4.b.4,Speech Recognition,IM,3.38,8,0.183,3.0164,3.7336,N,,08/2023,Analyst
33-9032.00,1.A.4.b.4,Speech Recognition,LV,3.12,8,0.125,2.88,3.37,N,N,08/2023,Analyst
33-9032.00,1.A.4.b.5,Speech Clarity,IM,3.25,8,0.1637,2.9292,3.5708,N,,08/2023,Analyst
33-9032.00,1.A.4.b.5,Speech Clarity,LV,3.0,8,0.0,3.0,3.0,N,N,08/2023,Analyst
33-9091.00,1.A.1.a.1,Oral Comprehension,IM,3.5,8,0.189,3.1296,3.8704,N,,07/2016,Analyst
33-9091.00,1.A.1.a.1,Oral Comprehension,LV,3.12,8,0.2266,2.6809,3.5691,N,N,07/2016,Analyst
33-9091.00,1.A.1.a.2,Written Comprehension,IM,2.38,8,0.183,2.0164,2.7336,N,,07/2016,Analyst
33-9091.00,1.A.1.a.2,Written Comprehension,LV,2.0,8,0.0,2.0,2.0,N,N,07/2016,Analyst
33-9091.00,1.A.1.a.3,Oral Expression,IM,3.5,8,0.189,3.1296,3.8704,N,,07/2016,Analyst
33-9091.00,1.A.1.a.3,Oral Expression,LV,3.62,8,0.183,3.2664,3.9836,N,N,07/2016,Analyst
33-9091.00,1.A.1.a.4,Written Expression,IM,2.38,8,0.183,2.0164,2.7336,N,,07/2016,Analyst
33-9091.00,1.A.1.a.4,Written Expression,LV,1.75,8,0.1637,1.4292,2.0708,N,N,07/2016,Analyst
33-9091.00,1.A.1.b.1,Fluency of Ideas,IM,1.88,8,0.125,1.63,2.12,N,,07/2016,Analyst
33-9091.00,1.A.1.b.1,Fluency of Ideas,LV,0.88,8,0.125,0.63,1.12,N,N,07/2016,Analyst
33-9091.00,1.A.1.b.2,Originality,IM,1.88,8,0.125,1.63,2.12,N,,07/2016,Analyst
33-9091.00,1.A.1.b.2,Originality,LV,0.88,8,0.125,0.63,1.12,N,N,07/2016,Analyst
33-9091.00,1.A.1.b.3,Problem Sensitivity,IM,3.5,8,0.189,3.1296,3.8704,N,,07/2016,Analyst
33-9091.00,1.A.1.b.3,Problem Sensitivity,LV,3.12,8,0.2266,2.6809,3.5691,N,N,07/2016,Analyst
33-9091.00,1.A.1.b.4,Deductive Reasoning,IM,3.0,8,0.0,3.0,3.0,N,,07/2016,Analyst
33-9091.00,1.A.1.b.4,Deductive Reasoning,LV,2.62,8,0.183,2.2664,2.9836,N,N,07/2016,Analyst
33-9091.00,1.A.1.b.5,Inductive Reasoning,IM,2.88,8,0.125,2.63,3.12,N,,07/2016,Analyst
33-9091.00,1.A.1.b.5,Inductive Reasoning,LV,2.62,8,0.183,2.2664,2.9836,N,N,07/2016,Analyst
33-9091.00,1.A.1.b.6,Information Ordering,IM,2.88,8,0.125,2.63,3.12,N,,07/2016,Analyst
33-9091.00,1.A.1.b.6,Information Ordering,LV,2.38,8,0.2631,1.8594,2.8906,N,N,07/2016,Analyst
33-9091.00,1.A.1.b.7,Category Flexibility,IM,2.38,8,0.183,2.0164,2.7336,N,,07/2016,Analyst
33-9091.00,1.A.1.b.7,Category Flexibility,LV,1.88,8,0.125,1.63,2.12,N,N,07/2016,Analyst
33-9091.00,1.A.1.c.1,Mathematical Reasoning,IM,1.38,8,0.183,1.0164,1.7336,N,,07/2016,Analyst
33-9091.00,1.A.1.c.1,Mathematical Reasoning,LV,0.38,8,0.183,0.0164,0.7336,N,N,07/2016,Analyst
33-9091.00,1.A.1.c.2,Number Facility,IM,1.5,8,0.189,1.1296,1.8704,N,,07/2016,Analyst
33-9091.00,1.A.1.c.2,Number Facility,LV,0.5,8,0.189,0.1296,0.8704,N,N,07/2016,Analyst
33-9091.00,1.A.1.d.1,Memorization,IM,2.0,8,0.189,1.6296,2.3704,N,,07/2016,Analyst
33-9091.00,1.A.1.d.1,Memorization,LV,1.0,8,0.189,0.6296,1.3704,N,N,07/2016,Analyst
33-9091.00,1.A.1.e.1,Speed of Closure,IM,2.0,8,0.189,1.6296,2.3704,N,,07/2016,Analyst
33-9091.00,1.A.1.e.1,Speed of Closure,LV,1.38,8,0.2631,0.8594,1.8906,N,N,07/2016,Analyst
33-9091.00,1.A.1.e.2,Flexibility of Closure,IM,2.0,8,0.189,1.6296,2.3704,N,,07/2016,Analyst
33-9091.00,1.A.1.e.2,Flexibility of Closure,LV,1.38,8,0.2631,0.8594,1.8906,N,N,07/2016,Analyst
33-9091.00,1.A.1.e.3,Perceptual Speed,IM,2.25,8,0.1637,1.9292,2.5708,N,,07/2016,Analyst
33-9091.00,1.A.1.e.3,Perceptual Speed,LV,2.0,8,0.0,2.0,2.0,N,N,07/2016,Analyst
33-9091.00,1.A.1.f.1,Spatial Orientation,IM,2.0,8,0.189,1.6296,2.3704,N,,07/2016,Analyst
33-9091.00,1.A.1.f.1,Spatial Orientation,LV,1.5,8,0.2673,0.9762,2.0238,N,N,07/2016,Analyst
33-9091.00,1.A.1.f.2,Visualization,IM,1.88,8,0.125,1.63,2.12,N,,07/2016,Analyst
33-9091.00,1.A.1.f.2,Visualization,LV,1.25,8,0.25,0.76,1.74,N,N,07/2016,Analyst
33-9091.00,1.A.1.g.1,Selective Attention,IM,3.12,8,0.2266,2.6809,3.5691,N,,07/2016,Analyst
33-9091.00,1.A.1.g.1,Selective Attention,LV,2.88,8,0.125,2.63,3.12,N,N,07/2016,Analyst
33-9091.00,1.A.1.g.2,Time Sharing,IM,2.75,8,0.1637,2.4292,3.0708,N,,07/2016,Analyst
33-9091.00,1.A.1.g.2,Time Sharing,LV,2.5,8,0.189,2.1296,2.8704,N,N,07/2016,Analyst
33-9091.00,1.A.2.a.1,Arm-Hand Steadiness,IM,2.75,8,0.1637,2.4292,3.0708,N,,07/2016,Analyst
33-9091.00,1.A.2.a.1,Arm-Hand Steadiness,LV,2.0,8,0.0,2.0,2.0,N,N,07/2016,Analyst
33-9091.00,1.A.2.a.2,Manual Dexterity,IM,2.38,8,0.183,2.0164,2.7336,N,,07/2016,Analyst
33-9091.00,1.A.2.a.2,Manual Dexterity,LV,1.88,8,0.125,1.63,2.12,N,N,07/2016,Analyst
33-9091.00,1.A.2.a.3,Finger Dexterity,IM,2.0,8,0.0,2.0,2.0,N,,07/2016,Analyst
33-9091.00,1.A.2.a.3,Finger Dexterity,LV,1.88,8,0.125,1.63,2.12,N,N,07/2016,Analyst
33-9091.00,1.A.2.b.1,Control Precision,IM,1.75,8,0.1637,1.4292,2.0708,N,,07/2016,Analyst
33-9091.00,1.A.2.b.1,Control Precision,LV,0.88,8,0.2266,0.4309,1.3191,N,N,07/2016,Analyst
33-9091.00,1.A.2.b.2,Multilimb Coordination,IM,2.25,8,0.1637,1.9292,2.5708,N,,07/2016,Analyst
33-9091.00,1.A.2.b.2,Multilimb Coordination,LV,2.0,8,0.0,2.0,2.0,N,N,07/2016,Analyst
33-9091.00,1.A.2.b.3,Response Orientation,IM,1.75,8,0.1637,1.4292,2.0708,N,,07/2016,Analyst
33-9091.00,1.A.2.b.3,Response Orientation,LV,1.12,8,0.295,0.5467,1.7033,N,N,07/2016,Analyst
33-9091.00,1.A.2.b.4,Rate Control,IM,1.62,8,0.2631,1.1094,2.1406,N,,07/2016,Analyst
33-9091.00,1.A.2.b.4,Rate Control,LV,0.5,8,0.189,0.1296,0.8704,N,N,07/2016,Analyst
33-9091.00,1.A.2.c.1,Reaction Time,IM,2.75,8,0.1637,2.4292,3.0708,N,,07/2016,Analyst
33-9091.00,1.A.2.c.1,Reaction Time,LV,2.5,8,0.189,2.1296,2.8704,N,N,07/2016,Analyst
33-9091.00,1.A.2.c.2,Wrist-Finger Speed,IM,1.5,8,0.189,1.1296,1.8704,N,,07/2016,Analyst
33-9091.00,1.A.2.c.2,Wrist-Finger Speed,LV,0.5,8,0.189,0.1296,0.8704,N,N,07/2016,Analyst
33-9091.00,1.A.2.c.3,Speed of Limb Movement,IM,1.88,8,0.125,1.63,2.12,N,,07/2016,Analyst
33-9091.00,1.A.2.c.3,Speed of Limb Movement,LV,1.75,8,0.25,1.26,2.24,N,N,07/2016,Analyst
33-9091.00,1.A.3.a.1,Static Strength,IM,1.88,8,0.125,1.63,2.12,N,,07/2016,Analyst
33-9091.00,1.A.3.a.1,Static Strength,LV,1.5,8,0.2673,0.9762,2.0238,N,N,07/2016,Analyst
33-9091.00,1.A.3.a.2,Explosive Strength,IM,1.5,8,0.189,1.1296,1.8704,N,,07/2016,Analyst
33-9091.00,1.A.3.a.2,Explosive Strength,LV,0.62,8,0.2631,0.1094,1.1406,N,N,07/2016,Analyst
33-9091.00,1.A.3.a.3,Dynamic Strength,IM,2.0,8,0.189,1.6296,2.3704,N,,07/2016,Analyst
33-9091.00,1.A.3.a.3,Dynamic Strength,LV,1.0,8,0.189,0.6296,1.3704,N,N,07/2016,Analyst
33-9091.00,1.A.3.a.4,Trunk Strength,IM,2.88,8,0.2266,2.4309,3.3191,N,,07/2016,Analyst
33-9091.00,1.A.3.a.4,Trunk Strength,LV,2.88,8,0.125,2.63,3.12,N,N,07/2016,Analyst
33-9091.00,1.A.3.b.1,Stamina,IM,2.38,8,0.183,2.0164,2.7336,N,,07/2016,Analyst
33-9091.00,1.A.3.b.1,Stamina,LV,2.0,8,0.189,1.6296,2.3704,N,N,07/2016,Analyst
33-9091.00,1.A.3.c.1,Extent Flexibility,IM,2.0,8,0.0,2.0,2.0,N,,07/2016,Analyst
33-9091.00,1.A.3.c.1,Extent Flexibility,LV,1.75,8,0.1637,1.4292,2.0708,N,N,07/2016,Analyst
33-9091.00,1.A.3.c.2,Dynamic Flexibility,IM,1.25,8,0.1637,1.0,1.5708,N,,07/2016,Analyst
33-9091.00,1.A.3.c.2,Dynamic Flexibility,LV,0.25,8,0.1637,0.0,0.5708,N,Y,07/2016,Analyst
33-9091.00,1.A.3.c.3,Gross Body Coordination,IM,2.12,8,0.125,1.88,2.37,N,,07/2016,Analyst
33-9091.00,1.A.3.c.3,Gross Body Coordination,LV,2.0,8,0.0,2.0,2.0,N,N,07/2016,Analyst
33-9091.00,1.A.3.c.4,Gross Body Equilibrium,IM,1.88,8,0.125,1.63,2.12,N,,07/2016,Analyst
33-9091.00,1.A.3.c.4,Gross Body Equilibrium,LV,0.88,8,0.125,0.63,1.12,N,N,07/2016,Analyst
33-9091.00,1.A.4.a.1,Near Vision,IM,2.88,8,0.125,2.63,3.12,N,,07/2016,Analyst
33-9091.00,1.A.4.a.1,Near Vision,LV,2.75,8,0.1637,2.4292,3.0708,N,N,07/2016,Analyst
33-9091.00,1.A.4.a.2,Far Vision,IM,3.12,8,0.125,2.88,3.37,N,,07/2016,Analyst
33-9091.00,1.A.4.a.2,Far Vision,LV,3.12,8,0.125,2.88,3.37,N,N,07/2016,Analyst
33-9091.00,1.A.4.a.3,Visual Color Discrimination,IM,2.0,8,0.0,2.0,2.0,N,,07/2016,Analyst
33-9091.00,1.A.4.a.3,Visual Color Discrimination,LV,1.88,8,0.125,1.63,2.12,N,N,07/2016,Analyst
33-9091.00,1.A.4.a.4,Night Vision,IM,1.62,8,0.183,1.2664,1.9836,N,,07/2016,Analyst
33-9091.00,1.A.4.a.4,Night Vision,LV,0.62,8,0.183,0.2664,0.9836,N,N,07/2016,Analyst
33-9091.00,1.A.4.a.5,Peripheral Vision,IM,2.0,8,0.189,1.6296,2.3704,N,,07/2016,Analyst
33-9091.00,1.A.4.a.5,Peripheral Vision,LV,1.12,8,0.295,0.5467,1.7033,N,N,07/2016,Analyst
33-9091.00,1.A.4.a.6,Depth Perception,IM,2.25,8,0.1637,1.9292,2.5708,N,,07/2016,Analyst
33-9091.00,1.A.4.a.6,Depth Perception,LV,1.5,8,0.2673,0.9762,2.0238,N,N,07/2016,Analyst
33-9091.00,1.A.4.a.7,Glare Sensitivity,IM,2.12,8,0.125,1.88,2.37,N,,07/2016,Analyst
33-9091.00,1.A.4.a.7,Glare Sensitivity,LV,1.5,8,0.2673,0.9762,2.0238,N,N,07/2016,Analyst
33-9091.00,1.A.4.b.1,Hearing Sensitivity,IM,2.25,8,0.1637,1.9292,2.5708,N,,07/2016,Analyst
33-9091.00,1.A.4.b.1,Hearing Sensitivity,LV,1.75,8,0.1637,1.4292,2.0708,N,N,07/2016,Analyst
33-9091.00,1.A.4.b.2,Auditory Attention,IM,2.38,8,0.183,2.0164,2.7336,N,,07/2016,Analyst
33-9091.00,1.A.4.b.2,Auditory Attention,LV,2.12,8,0.2266,1.6809,2.5691,N,N,07/2016,Analyst
33-9091.00,1.A.4.b.3,Sound Localization,IM,1.62,8,0.183,1.2664,1.9836,N,,07/2016,Analyst
33-9091.00,1.A.4.b.3,Sound Localization,LV,0.75,8,0.25,0.26,1.24,N,N,07/2016,Analyst
33-9091.00,1.A.4.b.4,Speech Recognition,IM,3.0,8,0.0,3.0,3.0,N,,07/2016,Analyst
33-9091.00,1.A.4.b.4,Speech Recognition,LV,3.0,8,0.0,3.0,3.0,N,N,07/2016,Analyst
33-9091.00,1.A.4.b.5,Speech Clarity,IM,3.12,8,0.125,2.88,3.37,N,,07/2016,Analyst
33-9091.00,1.A.4.b.5,Speech Clarity,LV,3.0,8,0.0,3.0,3.0,N,N,07/2016,Analyst
33-9092.00,1.A.1.a.1,Oral Comprehension,IM,3.25,8,0.1637,2.9292,3.5708,N,,08/2020,Analyst
33-9092.00,1.A.1.a.1,Oral Comprehension,LV,3.75,8,0.1637,3.4292,4.0708,N,N,08/2020,Analyst
33-9092.00,1.A.1.a.2,Written Comprehension,IM,2.75,8,0.1637,2.4292,3.0708,N,,08/2020,Analyst
33-9092.00,1.A.1.a.2,Written Comprehension,LV,2.88,8,0.125,2.63,3.12,N,N,08/2020,Analyst
33-9092.00,1.A.1.a.3,Oral Expression,IM,3.5,8,0.189,3.1296,3.8704,N,,08/2020,Analyst
33-9092.00,1.A.1.a.3,Oral Expression,LV,4.0,8,0.0,4.0,4.0,N,N,08/2020,Analyst
33-9092.00,1.A.1.a.4,Written Expression,IM,2.62,8,0.183,2.2664,2.9836,N,,08/2020,Analyst
33-9092.00,1.A.1.a.4,Written Expression,LV,2.62,8,0.183,2.2664,2.9836,N,N,08/2020,Analyst
33-9092.00,1.A.1.b.1,Fluency of Ideas,IM,2.25,8,0.1637,1.9292,2.5708,N,,08/2020,Analyst
33-9092.00,1.A.1.b.1,Fluency of Ideas,LV,2.25,8,0.1637,1.9292,2.5708,N,N,08/2020,Analyst
33-9092.00,1.A.1.b.2,Originality,IM,2.0,8,0.0,2.0,2.0,N,,08/2020,Analyst
33-9092.00,1.A.1.b.2,Originality,LV,2.0,8,0.0,2.0,2.0,N,N,08/2020,Analyst
33-9092.00,1.A.1.b.3,Problem Sensitivity,IM,4.0,8,0.0,4.0,4.0,N,,08/2020,Analyst
33-9092.00,1.A.1.b.3,Problem Sensitivity,LV,4.12,8,0.125,3.88,4.37,N,N,08/2020,Analyst
33-9092.00,1.A.1.b.4,Deductive Reasoning,IM,3.12,8,0.125,2.88,3.37,N,,08/2020,Analyst
33-9092.00,1.A.1.b.4,Deductive Reasoning,LV,3.12,8,0.125,2.88,3.37,N,N,08/2020,Analyst
33-9092.00,1.A.1.b.5,Inductive Reasoning,IM,3.0,8,0.0,3.0,3.0,N,,08/2020,Analyst
33-9092.00,1.A.1.b.5,Inductive Reasoning,LV,3.0,8,0.0,3.0,3.0,N,N,08/2020,Analyst
33-9092.00,1.A.1.b.6,Information Ordering,IM,3.0,8,0.0,3.0,3.0,N,,08/2020,Analyst
33-9092.00,1.A.1.b.6,Information Ordering,LV,2.88,8,0.125,2.63,3.12,N,N,08/2020,Analyst
33-9092.00,1.A.1.b.7,Category Flexibility,IM,2.5,8,0.189,2.1296,2.8704,N,,08/2020,Analyst
33-9092.00,1.A.1.b.7,Category Flexibility,LV,2.38,8,0.2631,1.8594,2.8906,N,N,08/2020,Analyst
33-9092.00,1.A.1.c.1,Mathematical Reasoning,IM,1.5,8,0.189,1.1296,1.8704,N,,08/2020,Analyst
33-9092.00,1.A.1.c.1,Mathematical Reasoning,LV,0.75,8,0.3134,0.1358,1.3642,N,N,08/2020,Analyst
33-9092.00,1.A.1.c.2,Number Facility,IM,1.75,8,0.1637,1.4292,2.0708,N,,08/2020,Analyst
33-9092.00,1.A.1.c.2,Number Facility,LV,1.0,8,0.2673,0.4762,1.5238,N,N,08/2020,Analyst
33-9092.00,1.A.1.d.1,Memorization,IM,2.25,8,0.1637,1.9292,2.5708,N,,08/2020,Analyst
33-9092.00,1.A.1.d.1,Memorization,LV,2.25,8,0.1637,1.9292,2.5708,N,N,08/2020,Analyst
33-9092.00,1.A.1.e.1,Speed of Closure,IM,3.0,8,0.0,3.0,3.0,N,,08/2020,Analyst
33-9092.00,1.A.1.e.1,Speed of Closure,LV,3.0,8,0.0,3.0,3.0,N,N,08/2020,Analyst
33-9092.00,1.A.1.e.2,Flexibility of Closure,IM,3.12,8,0.125,2.88,3.37,N,,08/2020,Analyst
33-9092.00,1.A.1.e.2,Flexibility of Closure,LV,3.62,8,0.2631,3.1094,4.1406,N,N,08/2020,Analyst
33-9092.00,1.A.1.e.3,Perceptual Speed,IM,3.0,8,0.189,2.6296,3.3704,N,,08/2020,Analyst
33-9092.00,1.A.1.e.3,Perceptual Speed,LV,3.0,8,0.189,2.6296,3.3704,N,N,08/2020,Analyst
33-9092.00,1.A.1.f.1,Spatial Orientation,IM,2.12,8,0.125,1.88,2.37,N,,08/2020,Analyst
33-9092.00,1.A.1.f.1,Spatial Orientation,LV,1.62,8,0.183,1.2664,1.9836,N,N,08/2020,Analyst
33-9092.00,1.A.1.f.2,Visualization,IM,2.0,8,0.0,2.0,2.0,N,,08/2020,Analyst
33-9092.00,1.A.1.f.2,Visualization,LV,2.0,8,0.0,2.0,2.0,N,N,08/2020,Analyst
33-9092.00,1.A.1.g.1,Selective Attention,IM,3.25,8,0.1637,2.9292,3.5708,N,,08/2020,Analyst
33-9092.00,1.A.1.g.1,Selective Attention,LV,3.25,8,0.1637,2.9292,3.5708,N,N,08/2020,Analyst
33-9092.00,1.A.1.g.2,Time Sharing,IM,3.0,8,0.0,3.0,3.0,N,,08/2020,Analyst
33-9092.00,1.A.1.g.2,Time Sharing,LV,3.0,8,0.0,3.0,3.0,N,N,08/2020,Analyst
33-9092.00,1.A.2.a.1,Arm-Hand Steadiness,IM,2.5,8,0.189,2.1296,2.8704,N,,08/2020,Analyst
33-9092.00,1.A.2.a.1,Arm-Hand Steadiness,LV,2.25,8,0.1637,1.9292,2.5708,N,N,08/2020,Analyst
33-9092.00,1.A.2.a.2,Manual Dexterity,IM,2.12,8,0.125,1.88,2.37,N,,08/2020,Analyst
33-9092.00,1.A.2.a.2,Manual Dexterity,LV,2.12,8,0.125,1.88,2.37,N,N,08/2020,Analyst
33-9092.00,1.A.2.a.3,Finger Dexterity,IM,2.0,8,0.0,2.0,2.0,N,,08/2020,Analyst
33-9092.00,1.A.2.a.3,Finger Dexterity,LV,1.5,8,0.189,1.1296,1.8704,N,N,08/2020,Analyst
33-9092.00,1.A.2.b.1,Control Precision,IM,2.0,8,0.189,1.6296,2.3704,N,,08/2020,Analyst
33-9092.00,1.A.2.b.1,Control Precision,LV,1.12,8,0.2266,0.6809,1.5691,N,N,08/2020,Analyst
33-9092.00,1.A.2.b.2,Multilimb Coordination,IM,2.75,8,0.1637,2.4292,3.0708,N,,08/2020,Analyst
33-9092.00,1.A.2.b.2,Multilimb Coordination,LV,2.38,8,0.183,2.0164,2.7336,N,N,08/2020,Analyst
33-9092.00,1.A.2.b.3,Response Orientation,IM,2.25,8,0.1637,1.9292,2.5708,N,,08/2020,Analyst
33-9092.00,1.A.2.b.3,Response Orientation,LV,2.0,8,0.189,1.6296,2.3704,N,N,08/2020,Analyst
33-9092.00,1.A.2.b.4,Rate Control,IM,1.75,8,0.1637,1.4292,2.0708,N,,08/2020,Analyst
33-9092.00,1.A.2.b.4,Rate Control,LV,1.0,8,0.2673,0.4762,1.5238,N,N,08/2020,Analyst
33-9092.00,1.A.2.c.1,Reaction Time,IM,2.12,8,0.125,1.88,2.37,N,,08/2020,Analyst
33-9092.00,1.A.2.c.1,Reaction Time,LV,2.12,8,0.125,1.88,2.37,N,N,08/2020,Analyst
33-9092.00,1.A.2.c.2,Wrist-Finger Speed,IM,1.0,8,0.0,1.0,1.0,N,,08/2020,Analyst
33-9092.00,1.A.2.c.2,Wrist-Finger Speed,LV,0.0,8,0.0,0.0,0.0,N,Y,08/2020,Analyst
33-9092.00,1.A.2.c.3,Speed of Limb Movement,IM,2.0,8,0.189,1.6296,2.3704,N,,08/2020,Analyst
33-9092.00,1.A.2.c.3,Speed of Limb Movement,LV,1.88,8,0.295,1.2967,2.4533,N,N,08/2020,Analyst
33-9092.00,1.A.3.a.1,Static Strength,IM,2.88,8,0.125,2.63,3.12,N,,08/2020,Analyst
33-9092.00,1.A.3.a.1,Static Strength,LV,3.5,8,0.2673,2.9762,4.0238,N,N,08/2020,Analyst
33-9092.00,1.A.3.a.2,Explosive Strength,IM,2.0,8,0.189,1.6296,2.3704,N,,08/2020,Analyst
33-9092.00,1.A.3.a.2,Explosive Strength,LV,1.38,8,0.2631,0.8594,1.8906,N,N,08/2020,Analyst
33-9092.00,1.A.3.a.3,Dynamic Strength,IM,2.12,8,0.125,1.88,2.37,N,,08/2020,Analyst
33-9092.00,1.A.3.a.3,Dynamic Strength,LV,2.12,8,0.125,1.88,2.37,N,N,08/2020,Analyst
33-9092.00,1.A.3.a.4,Trunk Strength,IM,3.0,8,0.189,2.6296,3.3704,N,,08/2020,Analyst
33-9092.00,1.A.3.a.4,Trunk Strength,LV,3.0,8,0.189,2.6296,3.3704,N,N,08/2020,Analyst
33-9092.00,1.A.3.b.1,Stamina,IM,3.0,8,0.189,2.6296,3.3704,N,,08/2020,Analyst
33-9092.00,1.A.3.b.1,Stamina,LV,3.0,8,0.189,2.6296,3.3704,N,N,08/2020,Analyst
33-9092.00,1.A.3.c.1,Extent Flexibility,IM,2.5,8,0.189,2.1296,2.8704,N,,08/2020,Analyst
33-9092.00,1.A.3.c.1,Extent Flexibility,LV,2.62,8,0.2631,2.1094,3.1406,N,N,08/2020,Analyst
33-9092.00,1.A.3.c.2,Dynamic Flexibility,IM,1.38,8,0.183,1.0164,1.7336,N,,08/2020,Analyst
33-9092.00,1.A.3.c.2,Dynamic Flexibility,LV,0.5,8,0.2673,0.0,1.0238,N,N,08/2020,Analyst
33-9092.00,1.A.3.c.3,Gross Body Coordination,IM,2.88,8,0.125,2.63,3.12,N,,08/2020,Analyst
33-9092.00,1.A.3.c.3,Gross Body Coordination,LV,2.88,8,0.125,2.63,3.12,N,N,08/2020,Analyst
33-9092.00,1.A.3.c.4,Gross Body Equilibrium,IM,2.38,8,0.183,2.0164,2.7336,N,,08/2020,Analyst
33-9092.00,1.A.3.c.4,Gross Body Equilibrium,LV,1.88,8,0.125,1.63,2.12,N,N,08/2020,Analyst
33-9092.00,1.A.4.a.1,Near Vision,IM,3.0,8,0.0,3.0,3.0,N,,08/2020,Analyst
33-9092.00,1.A.4.a.1,Near Vision,LV,3.0,8,0.0,3.0,3.0,N,N,08/2020,Analyst
33-9092.00,1.A.4.a.2,Far Vision,IM,3.5,8,0.189,3.1296,3.8704,N,,08/2020,Analyst
33-9092.00,1.A.4.a.2,Far Vision,LV,3.75,8,0.25,3.26,4.24,N,N,08/2020,Analyst
33-9092.00,1.A.4.a.3,Visual Color Discrimination,IM,1.88,8,0.125,1.63,2.12,N,,08/2020,Analyst
33-9092.00,1.A.4.a.3,Visual Color Discrimination,LV,1.75,8,0.25,1.26,2.24,N,N,08/2020,Analyst
33-9092.00,1.A.4.a.4,Night Vision,IM,1.25,8,0.1637,1.0,1.5708,N,,08/2020,Analyst
33-9092.00,1.A.4.a.4,Night Vision,LV,0.38,8,0.2631,0.0,0.8906,N,Y,08/2020,Analyst
33-9092.00,1.A.4.a.5,Peripheral Vision,IM,1.88,8,0.125,1.63,2.12,N,,08/2020,Analyst
33-9092.00,1.A.4.a.5,Peripheral Vision,LV,1.12,8,0.2266,0.6809,1.5691,N,N,08/2020,Analyst
33-9092.00,1.A.4.a.6,Depth Perception,IM,2.38,8,0.183,2.0164,2.7336,N,,08/2020,Analyst
33-9092.00,1.A.4.a.6,Depth Perception,LV,2.12,8,0.125,1.88,2.37,N,N,08/2020,Analyst
33-9092.00,1.A.4.a.7,Glare Sensitivity,IM,2.0,8,0.189,1.6296,2.3704,N,,08/2020,Analyst
33-9092.00,1.A.4.a.7,Glare Sensitivity,LV,1.38,8,0.3239,0.7402,2.0098,N,N,08/2020,Analyst
33-9092.00,1.A.4.b.1,Hearing Sensitivity,IM,2.12,8,0.125,1.88,2.37,N,,08/2020,Analyst
33-9092.00,1.A.4.b.1,Hearing Sensitivity,LV,1.88,8,0.125,1.63,2.12,N,N,08/2020,Analyst
33-9092.00,1.A.4.b.2,Auditory Attention,IM,2.5,8,0.189,2.1296,2.8704,N,,08/2020,Analyst
33-9092.00,1.A.4.b.2,Auditory Attention,LV,2.5,8,0.189,2.1296,2.8704,N,N,08/2020,Analyst
33-9092.00,1.A.4.b.3,Sound Localization,IM,2.0,8,0.189,1.6296,2.3704,N,,08/2020,Analyst
33-9092.00,1.A.4.b.3,Sound Localization,LV,1.38,8,0.2631,0.8594,1.8906,N,N,08/2020,Analyst
33-9092.00,1.A.4.b.4,Speech Recognition,IM,3.12,8,0.125,2.88,3.37,N,,08/2020,Analyst
33-9092.00,1.A.4.b.4,Speech Recognition,LV,3.0,8,0.0,3.0,3.0,N,N,08/2020,Analyst
33-9092.00,1.A.4.b.5,Speech Clarity,IM,3.25,8,0.1637,2.9292,3.5708,N,,08/2020,Analyst
33-9092.00,1.A.4.b.5,Speech Clarity,LV,3.25,8,0.1637,2.9292,3.5708,N,N,08/2020,Analyst
33-9093.00,1.A.1.a.1,Oral Comprehension,IM,3.5,8,0.189,3.1296,3.8704,N,,06/2009,Analyst
33-9093.00,1.A.1.a.1,Oral Comprehension,LV,3.75,8,0.1637,3.4292,4.0708,N,N,06/2009,Analyst
33-9093.00,1.A.1.a.2,Written Comprehension,IM,3.12,8,0.2266,2.6809,3.5691,N,,06/2009,Analyst
33-9093.00,1.A.1.a.2,Written Comprehension,LV,3.12,8,0.2266,2.6809,3.5691,N,N,06/2009,Analyst
33-9093.00,1.A.1.a.3,Oral Expression,IM,3.5,8,0.189,3.1296,3.8704,N,,06/2009,Analyst
33-9093.00,1.A.1.a.3,Oral Expression,LV,3.62,8,0.2631,3.1094,4.1406,N,N,06/2009,Analyst
33-9093.00,1.A.1.a.4,Written Expression,IM,2.75,8,0.1637,2.4292,3.0708,N,,06/2009,Analyst
33-9093.00,1.A.1.a.4,Written Expression,LV,2.62,8,0.183,2.2664,2.9836,N,N,06/2009,Analyst
33-9093.00,1.A.1.b.1,Fluency of Ideas,IM,2.38,8,0.2631,1.8594,2.8906,N,,06/2009,Analyst
33-9093.00,1.A.1.b.1,Fluency of Ideas,LV,2.5,8,0.4226,1.6717,3.3283,N,N,06/2009,Analyst
33-9093.00,1.A.1.b.2,Originality,IM,2.5,8,0.2673,1.9762,3.0238,N,,06/2009,Analyst
33-9093.00,1.A.1.b.2,Originality,LV,2.38,8,0.4199,1.5519,3.1981,N,N,06/2009,Analyst
33-9093.00,1.A.1.b.3,Problem Sensitivity,IM,4.12,8,0.125,3.88,4.37,N,,06/2009,Analyst
33-9093.00,1.A.1.b.3,Problem Sensitivity,LV,3.88,8,0.125,3.63,4.12,N,N,06/2009,Analyst
33-9093.00,1.A.1.b.4,Deductive Reasoning,IM,3.5,8,0.189,3.1296,3.8704,N,,06/2009,Analyst
33-9093.00,1.A.1.b.4,Deductive Reasoning,LV,3.38,8,0.3239,2.7402,4.0098,N,N,06/2009,Analyst
33-9093.00,1.A.1.b.5,Inductive Reasoning,IM,3.5,8,0.189,3.1296,3.8704,N,,06/2009,Analyst
33-9093.00,1.A.1.b.5,Inductive Reasoning,LV,3.5,8,0.2673,2.9762,4.0238,N,N,06/2009,Analyst
33-9093.00,1.A.1.b.6,Information Ordering,IM,3.25,8,0.1637,2.9292,3.5708,N,,06/2009,Analyst
33-9093.00,1.A.1.b.6,Information Ordering,LV,3.25,8,0.25,2.76,3.74,N,N,06/2009,Analyst
33-9093.00,1.A.1.b.7,Category Flexibility,IM,3.12,8,0.125,2.88,3.37,N,,06/2009,Analyst
33-9093.00,1.A.1.b.7,Category Flexibility,LV,3.0,8,0.189,2.6296,3.3704,N,N,06/2009,Analyst
33-9093.00,1.A.1.c.1,Mathematical Reasoning,IM,2.0,8,0.2673,1.4762,2.5238,N,,06/2009,Analyst
33-9093.00,1.A.1.c.1,Mathematical Reasoning,LV,1.5,8,0.378,0.7592,2.2408,N,N,06/2009,Analyst
33-9093.00,1.A.1.c.2,Number Facility,IM,2.0,8,0.189,1.6296,2.3704,N,,06/2009,Analyst
33-9093.00,1.A.1.c.2,Number Facility,LV,1.5,8,0.3273,0.8584,2.1416,N,N,06/2009,Analyst
33-9093.00,1.A.1.d.1,Memorization,IM,2.5,8,0.189,2.1296,2.8704,N,,06/2009,Analyst
33-9093.00,1.A.1.d.1,Memorization,LV,2.62,8,0.2631,2.1094,3.1406,N,N,06/2009,Analyst
33-9093.00,1.A.1.e.1,Speed of Closure,IM,2.88,8,0.2266,2.4309,3.3191,N,,06/2009,Analyst
33-9093.00,1.A.1.e.1,Speed of Closure,LV,2.88,8,0.295,2.2967,3.4533,N,N,06/2009,Analyst
33-9093.00,1.A.1.e.2,Flexibility of Closure,IM,3.5,8,0.189,3.1296,3.8704,N,,06/2009,Analyst
33-9093.00,1.A.1.e.2,Flexibility of Closure,LV,3.88,8,0.2266,3.4309,4.3191,N,N,06/2009,Analyst
33-9093.00,1.A.1.e.3,Perceptual Speed,IM,3.25,8,0.25,2.76,3.74,N,,06/2009,Analyst
33-9093.00,1.A.1.e.3,Perceptual Speed,LV,3.62,8,0.375,2.89,4.36,N,N,06/2009,Analyst
33-9093.00,1.A.1.f.1,Spatial Orientation,IM,1.25,8,0.25,1.0,1.74,N,,06/2009,Analyst
33-9093.00,1.A.1.f.1,Spatial Orientation,LV,0.38,8,0.375,0.0,1.11,N,Y,06/2009,Analyst
33-9093.00,1.A.1.f.2,Visualization,IM,2.62,8,0.183,2.2664,2.9836,N,,06/2009,Analyst
33-9093.00,1.A.1.f.2,Visualization,LV,2.75,8,0.25,2.26,3.24,N,N,06/2009,Analyst
33-9093.00,1.A.1.g.1,Selective Attention,IM,3.62,8,0.183,3.2664,3.9836,N,,06/2009,Analyst
33-9093.00,1.A.1.g.1,Selective Attention,LV,3.75,8,0.1637,3.4292,4.0708,N,N,06/2009,Analyst
33-9093.00,1.A.1.g.2,Time Sharing,IM,2.75,8,0.1637,2.4292,3.0708,N,,06/2009,Analyst
33-9093.00,1.A.1.g.2,Time Sharing,LV,2.88,8,0.2266,2.4309,3.3191,N,N,06/2009,Analyst
33-9093.00,1.A.2.a.1,Arm-Hand Steadiness,IM,2.88,8,0.125,2.63,3.12,N,,06/2009,Analyst
33-9093.00,1.A.2.a.1,Arm-Hand Steadiness,LV,2.88,8,0.2266,2.4309,3.3191,N,N,06/2009,Analyst
33-9093.00,1.A.2.a.2,Manual Dexterity,IM,3.0,8,0.189,2.6296,3.3704,N,,06/2009,Analyst
33-9093.00,1.A.2.a.2,Manual Dexterity,LV,3.0,8,0.189,2.6296,3.3704,N,N,06/2009,Analyst
33-9093.00,1.A.2.a.3,Finger Dexterity,IM,3.0,8,0.189,2.6296,3.3704,N,,06/2009,Analyst
33-9093.00,1.A.2.a.3,Finger Dexterity,LV,2.75,8,0.25,2.26,3.24,N,N,06/2009,Analyst
33-9093.00,1.A.2.b.1,Control Precision,IM,2.62,8,0.2631,2.1094,3.1406,N,,06/2009,Analyst
33-9093.00,1.A.2.b.1,Control Precision,LV,2.5,8,0.189,2.1296,2.8704,N,N,06/2009,Analyst
33-9093.00,1.A.2.b.2,Multilimb Coordination,IM,3.0,8,0.189,2.6296,3.3704,N,,06/2009,Analyst
33-9093.00,1.A.2.b.2,Multilimb Coordination,LV,2.62,8,0.183,2.2664,2.9836,N,N,06/2009,Analyst
33-9093.00,1.A.2.b.3,Response Orientation,IM,2.5,8,0.189,2.1296,2.8704,N,,06/2009,Analyst
33-9093.00,1.A.2.b.3,Response Orientation,LV,2.62,8,0.183,2.2664,2.9836,N,N,06/2009,Analyst
33-9093.00,1.A.2.b.4,Rate Control,IM,2.75,8,0.1637,2.4292,3.0708,N,,06/2009,Analyst
33-9093.00,1.A.2.b.4,Rate Control,LV,2.5,8,0.2673,1.9762,3.0238,N,N,06/2009,Analyst
33-9093.00,1.A.2.c.1,Reaction Time,IM,2.88,8,0.125,2.63,3.12,N,,06/2009,Analyst
33-9093.00,1.A.2.c.1,Reaction Time,LV,3.12,8,0.295,2.5467,3.7033,N,N,06/2009,Analyst
33-9093.00,1.A.2.c.2,Wrist-Finger Speed,IM,2.12,8,0.125,1.88,2.37,N,,06/2009,Analyst
33-9093.00,1.A.2.c.2,Wrist-Finger Speed,LV,1.75,8,0.1637,1.4292,2.0708,N,N,06/2009,Analyst
33-9093.00,1.A.2.c.3,Speed of Limb Movement,IM,2.38,8,0.183,2.0164,2.7336,N,,06/2009,Analyst
33-9093.00,1.A.2.c.3,Speed of Limb Movement,LV,1.88,8,0.3504,1.1883,2.5617,N,N,06/2009,Analyst
33-9093.00,1.A.3.a.1,Static Strength,IM,2.88,8,0.2266,2.4309,3.3191,N,,06/2009,Analyst
33-9093.00,1.A.3.a.1,Static Strength,LV,3.38,8,0.2631,2.8594,3.8906,N,N,06/2009,Analyst
33-9093.00,1.A.3.a.2,Explosive Strength,IM,1.88,8,0.2266,1.4309,2.3191,N,,06/2009,Analyst
33-9093.00,1.A.3.a.2,Explosive Strength,LV,1.5,8,0.4226,0.6717,2.3283,N,N,06/2009,Analyst
33-9093.00,1.A.3.a.3,Dynamic Strength,IM,2.38,8,0.183,2.0164,2.7336,N,,06/2009,Analyst
33-9093.00,1.A.3.a.3,Dynamic Strength,LV,2.38,8,0.2631,1.8594,2.8906,N,N,06/2009,Analyst
33-9093.00,1.A.3.a.4,Trunk Strength,IM,2.75,8,0.25,2.26,3.24,N,,06/2009,Analyst
33-9093.00,1.A.3.a.4,Trunk Strength,LV,2.75,8,0.25,2.26,3.24,N,N,06/2009,Analyst
33-9093.00,1.A.3.b.1,Stamina,IM,2.62,8,0.183,2.2664,2.9836,N,,06/2009,Analyst
33-9093.00,1.A.3.b.1,Stamina,LV,2.62,8,0.3239,1.9902,3.2598,N,N,06/2009,Analyst
33-9093.00,1.A.3.c.1,Extent Flexibility,IM,2.62,8,0.183,2.2664,2.9836,N,,06/2009,Analyst
33-9093.00,1.A.3.c.1,Extent Flexibility,LV,2.88,8,0.2266,2.4309,3.3191,N,N,06/2009,Analyst
33-9093.00,1.A.3.c.2,Dynamic Flexibility,IM,1.25,8,0.1637,1.0,1.5708,N,,06/2009,Analyst
33-9093.00,1.A.3.c.2,Dynamic Flexibility,LV,0.38,8,0.2631,0.0,0.8906,N,Y,06/2009,Analyst
33-9093.00,1.A.3.c.3,Gross Body Coordination,IM,2.5,8,0.189,2.1296,2.8704,N,,06/2009,Analyst
33-9093.00,1.A.3.c.3,Gross Body Coordination,LV,2.5,8,0.189,2.1296,2.8704,N,N,06/2009,Analyst
33-9093.00,1.A.3.c.4,Gross Body Equilibrium,IM,2.25,8,0.25,1.76,2.74,N,,06/2009,Analyst
33-9093.00,1.A.3.c.4,Gross Body Equilibrium,LV,2.0,8,0.3273,1.3584,2.6416,N,N,06/2009,Analyst
33-9093.00,1.A.4.a.1,Near Vision,IM,3.38,8,0.183,3.0164,3.7336,N,,06/2009,Analyst
33-9093.00,1.A.4.a.1,Near Vision,LV,3.75,8,0.25,3.26,4.24,N,N,06/2009,Analyst
33-9093.00,1.A.4.a.2,Far Vision,IM,3.12,8,0.125,2.88,3.37,N,,06/2009,Analyst
33-9093.00,1.A.4.a.2,Far Vision,LV,3.75,8,0.25,3.26,4.24,N,N,06/2009,Analyst
33-9093.00,1.A.4.a.3,Visual Color Discrimination,IM,2.88,8,0.2266,2.4309,3.3191,N,,06/2009,Analyst
33-9093.00,1.A.4.a.3,Visual Color Discrimination,LV,2.62,8,0.2631,2.1094,3.1406,N,N,06/2009,Analyst
33-9093.00,1.A.4.a.4,Night Vision,IM,1.12,8,0.125,1.0,1.37,N,,06/2009,Analyst
33-9093.00,1.A.4.a.4,Night Vision,LV,0.25,8,0.25,0.0,0.74,N,Y,06/2009,Analyst
33-9093.00,1.A.4.a.5,Peripheral Vision,IM,1.38,8,0.183,1.0164,1.7336,N,,06/2009,Analyst
33-9093.00,1.A.4.a.5,Peripheral Vision,LV,0.62,8,0.3239,0.0,1.2598,N,N,06/2009,Analyst
33-9093.00,1.A.4.a.6,Depth Perception,IM,2.25,8,0.1637,1.9292,2.5708,N,,06/2009,Analyst
33-9093.00,1.A.4.a.6,Depth Perception,LV,2.12,8,0.2266,1.6809,2.5691,N,N,06/2009,Analyst
33-9093.00,1.A.4.a.7,Glare Sensitivity,IM,1.88,8,0.125,1.63,2.12,N,,06/2009,Analyst
33-9093.00,1.A.4.a.7,Glare Sensitivity,LV,1.25,8,0.25,0.76,1.74,N,N,06/2009,Analyst
33-9093.00,1.A.4.b.1,Hearing Sensitivity,IM,2.62,8,0.183,2.2664,2.9836,N,,06/2009,Analyst
33-9093.00,1.A.4.b.1,Hearing Sensitivity,LV,2.5,8,0.189,2.1296,2.8704,N,N,06/2009,Analyst
33-9093.00,1.A.4.b.2,Auditory Attention,IM,2.88,8,0.2266,2.4309,3.3191,N,,06/2009,Analyst
33-9093.00,1.A.4.b.2,Auditory Attention,LV,3.12,8,0.295,2.5467,3.7033,N,N,06/2009,Analyst
33-9093.00,1.A.4.b.3,Sound Localization,IM,1.25,8,0.1637,1.0,1.5708,N,,06/2009,Analyst
33-9093.00,1.A.4.b.3,Sound Localization,LV,0.5,8,0.3273,0.0,1.1416,N,Y,06/2009,Analyst
33-9093.00,1.A.4.b.4,Speech Recognition,IM,3.38,8,0.183,3.0164,3.7336,N,,06/2009,Analyst
33-9093.00,1.A.4.b.4,Speech Recognition,LV,3.88,8,0.4407,3.0113,4.7387,N,N,06/2009,Analyst
33-9093.00,1.A.4.b.5,Speech Clarity,IM,3.38,8,0.2631,2.8594,3.8906,N,,06/2009,Analyst
33-9093.00,1.A.4.b.5,Speech Clarity,LV,3.5,8,0.2673,2.9762,4.0238,N,N,06/2009,Analyst
33-9099.02,1.A.1.a.1,Oral Comprehension,IM,4.0,8,0.189,3.6296,4.3704,N,,07/2014,Analyst
33-9099.02,1.A.1.a.1,Oral Comprehension,LV,3.62,8,0.183,3.2664,3.9836,N,N,07/2014,Analyst
33-9099.02,1.A.1.a.2,Written Comprehension,IM,3.5,8,0.189,3.1296,3.8704,N,,07/2014,Analyst
33-9099.02,1.A.1.a.2,Written Comprehension,LV,3.12,8,0.125,2.88,3.37,N,N,07/2014,Analyst
33-9099.02,1.A.1.a.3,Oral Expression,IM,3.75,8,0.25,3.26,4.24,N,,07/2014,Analyst
33-9099.02,1.A.1.a.3,Oral Expression,LV,3.62,8,0.183,3.2664,3.9836,N,N,07/2014,Analyst
33-9099.02,1.A.1.a.4,Written Expression,IM,3.12,8,0.125,2.88,3.37,N,,07/2014,Analyst
33-9099.02,1.A.1.a.4,Written Expression,LV,3.38,8,0.183,3.0164,3.7336,N,N,07/2014,Analyst
33-9099.02,1.A.1.b.1,Fluency of Ideas,IM,2.75,8,0.1637,2.4292,3.0708,N,,07/2014,Analyst
33-9099.02,1.A.1.b.1,Fluency of Ideas,LV,2.75,8,0.1637,2.4292,3.0708,N,N,07/2014,Analyst
33-9099.02,1.A.1.b.2,Originality,IM,2.5,8,0.189,2.1296,2.8704,N,,07/2014,Analyst
33-9099.02,1.A.1.b.2,Originality,LV,2.75,8,0.1637,2.4292,3.0708,N,N,07/2014,Analyst
33-9099.02,1.A.1.b.3,Problem Sensitivity,IM,4.0,8,0.189,3.6296,4.3704,N,,07/2014,Analyst
33-9099.02,1.A.1.b.3,Problem Sensitivity,LV,3.62,8,0.183,3.2664,3.9836,N,N,07/2014,Analyst
33-9099.02,1.A.1.b.4,Deductive Reasoning,IM,3.75,8,0.1637,3.4292,4.0708,N,,07/2014,Analyst
33-9099.02,1.A.1.b.4,Deductive Reasoning,LV,3.12,8,0.125,2.88,3.37,N,N,07/2014,Analyst
33-9099.02,1.A.1.b.5,Inductive Reasoning,IM,3.62,8,0.183,3.2664,3.9836,N,,07/2014,Analyst
33-9099.02,1.A.1.b.5,Inductive Reasoning,LV,3.5,8,0.189,3.1296,3.8704,N,N,07/2014,Analyst
33-9099.02,1.A.1.b.6,Information Ordering,IM,3.25,8,0.1637,2.9292,3.5708,N,,07/2014,Analyst
33-9099.02,1.A.1.b.6,Information Ordering,LV,3.0,8,0.0,3.0,3.0,N,N,07/2014,Analyst
33-9099.02,1.A.1.b.7,Category Flexibility,IM,3.0,8,0.189,2.6296,3.3704,N,,07/2014,Analyst
33-9099.02,1.A.1.b.7,Category Flexibility,LV,3.0,8,0.0,3.0,3.0,N,N,07/2014,Analyst
33-9099.02,1.A.1.c.1,Mathematical Reasoning,IM,2.5,8,0.2673,1.9762,3.0238,N,,07/2014,Analyst
33-9099.02,1.A.1.c.1,Mathematical Reasoning,LV,2.12,8,0.2266,1.6809,2.5691,N,N,07/2014,Analyst
33-9099.02,1.A.1.c.2,Number Facility,IM,2.38,8,0.183,2.0164,2.7336,N,,07/2014,Analyst
33-9099.02,1.A.1.c.2,Number Facility,LV,2.62,8,0.183,2.2664,2.9836,N,N,07/2014,Analyst
33-9099.02,1.A.1.d.1,Memorization,IM,2.5,8,0.189,2.1296,2.8704,N,,07/2014,Analyst
33-9099.02,1.A.1.d.1,Memorization,LV,2.25,8,0.25,1.76,2.74,N,N,07/2014,Analyst
33-9099.02,1.A.1.e.1,Speed of Closure,IM,2.75,8,0.25,2.26,3.24,N,,07/2014,Analyst
33-9099.02,1.A.1.e.1,Speed of Closure,LV,2.62,8,0.2631,2.1094,3.1406,N,N,07/2014,Analyst
33-9099.02,1.A.1.e.2,Flexibility of Closure,IM,3.25,8,0.25,2.76,3.74,N,,07/2014,Analyst
33-9099.02,1.A.1.e.2,Flexibility of Closure,LV,3.12,8,0.295,2.5467,3.7033,N,N,07/2014,Analyst
33-9099.02,1.A.1.e.3,Perceptual Speed,IM,2.75,8,0.25,2.26,3.24,N,,07/2014,Analyst
33-9099.02,1.A.1.e.3,Perceptual Speed,LV,2.75,8,0.1637,2.4292,3.0708,N,N,07/2014,Analyst
33-9099.02,1.A.1.f.1,Spatial Orientation,IM,2.12,8,0.125,1.88,2.37,N,,07/2014,Analyst
33-9099.02,1.A.1.f.1,Spatial Orientation,LV,1.88,8,0.2266,1.4309,2.3191,N,N,07/2014,Analyst
33-9099.02,1.A.1.f.2,Visualization,IM,2.5,8,0.189,2.1296,2.8704,N,,07/2014,Analyst
33-9099.02,1.A.1.f.2,Visualization,LV,2.62,8,0.183,2.2664,2.9836,N,N,07/2014,Analyst
33-9099.02,1.A.1.g.1,Selective Attention,IM,3.38,8,0.2631,2.8594,3.8906,N,,07/2014,Analyst
33-9099.02,1.A.1.g.1,Selective Attention,LV,3.5,8,0.2673,2.9762,4.0238,N,N,07/2014,Analyst
33-9099.02,1.A.1.g.2,Time Sharing,IM,2.5,8,0.189,2.1296,2.8704,N,,07/2014,Analyst
33-9099.02,1.A.1.g.2,Time Sharing,LV,2.25,8,0.1637,1.9292,2.5708,N,N,07/2014,Analyst
33-9099.02,1.A.2.a.1,Arm-Hand Steadiness,IM,2.12,8,0.125,1.88,2.37,N,,07/2014,Analyst
33-9099.02,1.A.2.a.1,Arm-Hand Steadiness,LV,1.88,8,0.2266,1.4309,2.3191,N,N,07/2014,Analyst
33-9099.02,1.A.2.a.2,Manual Dexterity,IM,2.12,8,0.125,1.88,2.37,N,,07/2014,Analyst
33-9099.02,1.A.2.a.2,Manual Dexterity,LV,2.0,8,0.189,1.6296,2.3704,N,N,07/2014,Analyst
33-9099.02,1.A.2.a.3,Finger Dexterity,IM,2.5,8,0.189,2.1296,2.8704,N,,07/2014,Analyst
33-9099.02,1.A.2.a.3,Finger Dexterity,LV,2.25,8,0.25,1.76,2.74,N,N,07/2014,Analyst
33-9099.02,1.A.2.b.1,Control Precision,IM,2.0,8,0.0,2.0,2.0,N,,07/2014,Analyst
33-9099.02,1.A.2.b.1,Control Precision,LV,1.88,8,0.2266,1.4309,2.3191,N,N,07/2014,Analyst
33-9099.02,1.A.2.b.2,Multilimb Coordination,IM,2.38,8,0.183,2.0164,2.7336,N,,07/2014,Analyst
33-9099.02,1.A.2.b.2,Multilimb Coordination,LV,2.0,8,0.3273,1.3584,2.6416,N,N,07/2014,Analyst
33-9099.02,1.A.2.b.3,Response Orientation,IM,2.12,8,0.125,1.88,2.37,N,,07/2014,Analyst
33-9099.02,1.A.2.b.3,Response Orientation,LV,2.12,8,0.2266,1.6809,2.5691,N,N,07/2014,Analyst
33-9099.02,1.A.2.b.4,Rate Control,IM,1.88,8,0.125,1.63,2.12,N,,07/2014,Analyst
33-9099.02,1.A.2.b.4,Rate Control,LV,1.25,8,0.25,0.76,1.74,N,N,07/2014,Analyst
33-9099.02,1.A.2.c.1,Reaction Time,IM,2.38,8,0.183,2.0164,2.7336,N,,07/2014,Analyst
33-9099.02,1.A.2.c.1,Reaction Time,LV,2.38,8,0.2631,1.8594,2.8906,N,N,07/2014,Analyst
33-9099.02,1.A.2.c.2,Wrist-Finger Speed,IM,1.38,8,0.183,1.0164,1.7336,N,,07/2014,Analyst
33-9099.02,1.A.2.c.2,Wrist-Finger Speed,LV,0.62,8,0.3239,0.0,1.2598,N,N,07/2014,Analyst
33-9099.02,1.A.2.c.3,Speed of Limb Movement,IM,2.0,8,0.0,2.0,2.0,N,,07/2014,Analyst
33-9099.02,1.A.2.c.3,Speed of Limb Movement,LV,1.75,8,0.1637,1.4292,2.0708,N,N,07/2014,Analyst
33-9099.02,1.A.3.a.1,Static Strength,IM,2.12,8,0.125,1.88,2.37,N,,07/2014,Analyst
33-9099.02,1.A.3.a.1,Static Strength,LV,2.12,8,0.2266,1.6809,2.5691,N,N,07/2014,Analyst
33-9099.02,1.A.3.a.2,Explosive Strength,IM,2.0,8,0.0,2.0,2.0,N,,07/2014,Analyst
33-9099.02,1.A.3.a.2,Explosive Strength,LV,1.62,8,0.2631,1.1094,2.1406,N,N,07/2014,Analyst
33-9099.02,1.A.3.a.3,Dynamic Strength,IM,1.88,8,0.125,1.63,2.12,N,,07/2014,Analyst
33-9099.02,1.A.3.a.3,Dynamic Strength,LV,1.12,8,0.2266,0.6809,1.5691,N,N,07/2014,Analyst
33-9099.02,1.A.3.a.4,Trunk Strength,IM,2.38,8,0.183,2.0164,2.7336,N,,07/2014,Analyst
33-9099.02,1.A.3.a.4,Trunk Strength,LV,2.25,8,0.1637,1.9292,2.5708,N,N,07/2014,Analyst
33-9099.02,1.A.3.b.1,Stamina,IM,2.12,8,0.125,1.88,2.37,N,,07/2014,Analyst
33-9099.02,1.A.3.b.1,Stamina,LV,1.62,8,0.2631,1.1094,2.1406,N,N,07/2014,Analyst
33-9099.02,1.A.3.c.1,Extent Flexibility,IM,1.75,8,0.1637,1.4292,2.0708,N,,07/2014,Analyst
33-9099.02,1.A.3.c.1,Extent Flexibility,LV,1.25,8,0.3134,0.6358,1.8642,N,N,07/2014,Analyst
33-9099.02,1.A.3.c.2,Dynamic Flexibility,IM,1.0,8,0.0,1.0,1.0,N,,07/2014,Analyst
33-9099.02,1.A.3.c.2,Dynamic Flexibility,LV,0.0,8,0.0,0.0,0.0,N,Y,07/2014,Analyst
33-9099.02,1.A.3.c.3,Gross Body Coordination,IM,2.0,8,0.0,2.0,2.0,N,,07/2014,Analyst
33-9099.02,1.A.3.c.3,Gross Body Coordination,LV,2.0,8,0.0,2.0,2.0,N,N,07/2014,Analyst
33-9099.02,1.A.3.c.4,Gross Body Equilibrium,IM,1.88,8,0.125,1.63,2.12,N,,07/2014,Analyst
33-9099.02,1.A.3.c.4,Gross Body Equilibrium,LV,1.5,8,0.2673,0.9762,2.0238,N,N,07/2014,Analyst
33-9099.02,1.A.4.a.1,Near Vision,IM,3.38,8,0.2631,2.8594,3.8906,N,,07/2014,Analyst
33-9099.02,1.A.4.a.1,Near Vision,LV,3.12,8,0.2266,2.6809,3.5691,N,N,07/2014,Analyst
33-9099.02,1.A.4.a.2,Far Vision,IM,3.25,8,0.3134,2.6358,3.8642,N,,07/2014,Analyst
33-9099.02,1.A.4.a.2,Far Vision,LV,3.38,8,0.2631,2.8594,3.8906,N,N,07/2014,Analyst
33-9099.02,1.A.4.a.3,Visual Color Discrimination,IM,2.38,8,0.3239,1.7402,3.0098,N,,07/2014,Analyst
33-9099.02,1.A.4.a.3,Visual Color Discrimination,LV,2.0,8,0.4226,1.1717,2.8283,N,N,07/2014,Analyst
33-9099.02,1.A.4.a.4,Night Vision,IM,1.88,8,0.125,1.63,2.12,N,,07/2014,Analyst
33-9099.02,1.A.4.a.4,Night Vision,LV,1.38,8,0.2631,0.8594,1.8906,N,N,07/2014,Analyst
33-9099.02,1.A.4.a.5,Peripheral Vision,IM,1.88,8,0.125,1.63,2.12,N,,07/2014,Analyst
33-9099.02,1.A.4.a.5,Peripheral Vision,LV,1.38,8,0.2631,0.8594,1.8906,N,N,07/2014,Analyst
33-9099.02,1.A.4.a.6,Depth Perception,IM,2.12,8,0.125,1.88,2.37,N,,07/2014,Analyst
33-9099.02,1.A.4.a.6,Depth Perception,LV,2.12,8,0.2266,1.6809,2.5691,N,N,07/2014,Analyst
33-9099.02,1.A.4.a.7,Glare Sensitivity,IM,1.75,8,0.1637,1.4292,2.0708,N,,07/2014,Analyst
33-9099.02,1.A.4.a.7,Glare Sensitivity,LV,1.12,8,0.295,0.5467,1.7033,N,N,07/2014,Analyst
33-9099.02,1.A.4.b.1,Hearing Sensitivity,IM,2.38,8,0.2631,1.8594,2.8906,N,,07/2014,Analyst
33-9099.02,1.A.4.b.1,Hearing Sensitivity,LV,2.12,8,0.125,1.88,2.37,N,N,07/2014,Analyst
33-9099.02,1.A.4.b.2,Auditory Attention,IM,2.25,8,0.3134,1.6358,2.8642,N,,07/2014,Analyst
33-9099.02,1.A.4.b.2,Auditory Attention,LV,1.88,8,0.295,1.2967,2.4533,N,N,07/2014,Analyst
33-9099.02,1.A.4.b.3,Sound Localization,IM,1.88,8,0.125,1.63,2.12,N,,07/2014,Analyst
33-9099.02,1.A.4.b.3,Sound Localization,LV,1.62,8,0.2631,1.1094,2.1406,N,N,07/2014,Analyst
33-9099.02,1.A.4.b.4,Speech Recognition,IM,3.62,8,0.183,3.2664,3.9836,N,,07/2014,Analyst
33-9099.02,1.A.4.b.4,Speech Recognition,LV,3.12,8,0.125,2.88,3.37,N,N,07/2014,Analyst
33-9099.02,1.A.4.b.5,Speech Clarity,IM,3.5,8,0.189,3.1296,3.8704,N,,07/2014,Analyst
33-9099.02,1.A.4.b.5,Speech Clarity,LV,3.0,8,0.0,3.0,3.0,N,N,07/2014,Analyst
35-1011.00,1.A.1.a.1,Oral Comprehension,IM,4.0,8,0.0,4.0,4.0,N,,08/2021,Analyst
35-1011.00,1.A.1.a.1,Oral Comprehension,LV,4.0,8,0.0,4.0,4.0,N,N,08/2021,Analyst
35-1011.00,1.A.1.a.2,Written Comprehension,IM,3.25,8,0.1637,2.9292,3.5708,N,,08/2021,Analyst
35-1011.00,1.A.1.a.2,Written Comprehension,LV,3.25,8,0.1637,2.9292,3.5708,N,N,08/2021,Analyst
35-1011.00,1.A.1.a.3,Oral Expression,IM,4.0,8,0.0,4.0,4.0,N,,08/2021,Analyst
35-1011.00,1.A.1.a.3,Oral Expression,LV,4.12,8,0.125,3.88,4.37,N,N,08/2021,Analyst
35-1011.00,1.A.1.a.4,Written Expression,IM,3.12,8,0.125,2.88,3.37,N,,08/2021,Analyst
35-1011.00,1.A.1.a.4,Written Expression,LV,3.25,8,0.1637,2.9292,3.5708,N,N,08/2021,Analyst
35-1011.00,1.A.1.b.1,Fluency of Ideas,IM,3.25,8,0.1637,2.9292,3.5708,N,,08/2021,Analyst
35-1011.00,1.A.1.b.1,Fluency of Ideas,LV,3.25,8,0.25,2.76,3.74,N,N,08/2021,Analyst
35-1011.00,1.A.1.b.2,Originality,IM,3.38,8,0.183,3.0164,3.7336,N,,08/2021,Analyst
35-1011.00,1.A.1.b.2,Originality,LV,3.5,8,0.189,3.1296,3.8704,N,N,08/2021,Analyst
35-1011.00,1.A.1.b.3,Problem Sensitivity,IM,4.0,8,0.0,4.0,4.0,N,,08/2021,Analyst
35-1011.00,1.A.1.b.3,Problem Sensitivity,LV,4.12,8,0.125,3.88,4.37,N,N,08/2021,Analyst
35-1011.00,1.A.1.b.4,Deductive Reasoning,IM,4.0,8,0.0,4.0,4.0,N,,08/2021,Analyst
35-1011.00,1.A.1.b.4,Deductive Reasoning,LV,4.12,8,0.125,3.88,4.37,N,N,08/2021,Analyst
35-1011.00,1.A.1.b.5,Inductive Reasoning,IM,3.5,8,0.189,3.1296,3.8704,N,,08/2021,Analyst
35-1011.00,1.A.1.b.5,Inductive Reasoning,LV,3.38,8,0.183,3.0164,3.7336,N,N,08/2021,Analyst
35-1011.00,1.A.1.b.6,Information Ordering,IM,3.62,8,0.183,3.2664,3.9836,N,,08/2021,Analyst
35-1011.00,1.A.1.b.6,Information Ordering,LV,3.38,8,0.183,3.0164,3.7336,N,N,08/2021,Analyst
35-1011.00,1.A.1.b.7,Category Flexibility,IM,3.12,8,0.125,2.88,3.37,N,,08/2021,Analyst
35-1011.00,1.A.1.b.7,Category Flexibility,LV,3.38,8,0.2631,2.8594,3.8906,N,N,08/2021,Analyst
35-1011.00,1.A.1.c.1,Mathematical Reasoning,IM,3.12,8,0.125,2.88,3.37,N,,08/2021,Analyst
35-1011.00,1.A.1.c.1,Mathematical Reasoning,LV,3.0,8,0.0,3.0,3.0,N,N,08/2021,Analyst
35-1011.00,1.A.1.c.2,Number Facility,IM,3.12,8,0.125,2.88,3.37,N,,08/2021,Analyst
35-1011.00,1.A.1.c.2,Number Facility,LV,3.12,8,0.125,2.88,3.37,N,N,08/2021,Analyst
35-1011.00,1.A.1.d.1,Memorization,IM,2.88,8,0.125,2.63,3.12,N,,08/2021,Analyst
35-1011.00,1.A.1.d.1,Memorization,LV,2.75,8,0.1637,2.4292,3.0708,N,N,08/2021,Analyst
35-1011.00,1.A.1.e.1,Speed of Closure,IM,2.25,8,0.1637,1.9292,2.5708,N,,08/2021,Analyst
35-1011.00,1.A.1.e.1,Speed of Closure,LV,2.25,8,0.1637,1.9292,2.5708,N,N,08/2021,Analyst
35-1011.00,1.A.1.e.2,Flexibility of Closure,IM,3.0,8,0.189,2.6296,3.3704,N,,08/2021,Analyst
35-1011.00,1.A.1.e.2,Flexibility of Closure,LV,2.88,8,0.125,2.63,3.12,N,N,08/2021,Analyst
35-1011.00,1.A.1.e.3,Perceptual Speed,IM,3.12,8,0.125,2.88,3.37,N,,08/2021,Analyst
35-1011.00,1.A.1.e.3,Perceptual Speed,LV,3.25,8,0.1637,2.9292,3.5708,N,N,08/2021,Analyst
35-1011.00,1.A.1.f.1,Spatial Orientation,IM,1.62,8,0.183,1.2664,1.9836,N,,08/2021,Analyst
35-1011.00,1.A.1.f.1,Spatial Orientation,LV,0.75,8,0.25,0.26,1.24,N,N,08/2021,Analyst
35-1011.00,1.A.1.f.2,Visualization,IM,3.12,8,0.125,2.88,3.37,N,,08/2021,Analyst
35-1011.00,1.A.1.f.2,Visualization,LV,3.12,8,0.125,2.88,3.37,N,N,08/2021,Analyst
35-1011.00,1.A.1.g.1,Selective Attention,IM,3.25,8,0.1637,2.9292,3.5708,N,,08/2021,Analyst
35-1011.00,1.A.1.g.1,Selective Attention,LV,3.12,8,0.125,2.88,3.37,N,N,08/2021,Analyst
35-1011.00,1.A.1.g.2,Time Sharing,IM,3.12,8,0.125,2.88,3.37,N,,08/2021,Analyst
35-1011.00,1.A.1.g.2,Time Sharing,LV,3.12,8,0.125,2.88,3.37,N,N,08/2021,Analyst
35-1011.00,1.A.2.a.1,Arm-Hand Steadiness,IM,3.12,8,0.125,2.88,3.37,N,,08/2021,Analyst
35-1011.00,1.A.2.a.1,Arm-Hand Steadiness,LV,3.0,8,0.0,3.0,3.0,N,N,08/2021,Analyst
35-1011.00,1.A.2.a.2,Manual Dexterity,IM,3.25,8,0.1637,2.9292,3.5708,N,,08/2021,Analyst
35-1011.00,1.A.2.a.2,Manual Dexterity,LV,3.0,8,0.0,3.0,3.0,N,N,08/2021,Analyst
35-1011.00,1.A.2.a.3,Finger Dexterity,IM,3.12,8,0.125,2.88,3.37,N,,08/2021,Analyst
35-1011.00,1.A.2.a.3,Finger Dexterity,LV,3.0,8,0.0,3.0,3.0,N,N,08/2021,Analyst
35-1011.00,1.A.2.b.1,Control Precision,IM,2.25,8,0.1637,1.9292,2.5708,N,,08/2021,Analyst
35-1011.00,1.A.2.b.1,Control Precision,LV,2.25,8,0.1637,1.9292,2.5708,N,N,08/2021,Analyst
35-1011.00,1.A.2.b.2,Multilimb Coordination,IM,2.75,8,0.25,2.26,3.24,N,,08/2021,Analyst
35-1011.00,1.A.2.b.2,Multilimb Coordination,LV,2.38,8,0.183,2.0164,2.7336,N,N,08/2021,Analyst
35-1011.00,1.A.2.b.3,Response Orientation,IM,2.0,8,0.0,2.0,2.0,N,,08/2021,Analyst
35-1011.00,1.A.2.b.3,Response Orientation,LV,2.0,8,0.189,1.6296,2.3704,N,N,08/2021,Analyst
35-1011.00,1.A.2.b.4,Rate Control,IM,2.12,8,0.125,1.88,2.37,N,,08/2021,Analyst
35-1011.00,1.A.2.b.4,Rate Control,LV,1.5,8,0.2673,0.9762,2.0238,N,N,08/2021,Analyst
35-1011.00,1.A.2.c.1,Reaction Time,IM,2.25,8,0.1637,1.9292,2.5708,N,,08/2021,Analyst
35-1011.00,1.A.2.c.1,Reaction Time,LV,2.25,8,0.1637,1.9292,2.5708,N,N,08/2021,Analyst
35-1011.00,1.A.2.c.2,Wrist-Finger Speed,IM,2.12,8,0.125,1.88,2.37,N,,08/2021,Analyst
35-1011.00,1.A.2.c.2,Wrist-Finger Speed,LV,2.12,8,0.125,1.88,2.37,N,N,08/2021,Analyst
35-1011.00,1.A.2.c.3,Speed of Limb Movement,IM,2.0,8,0.0,2.0,2.0,N,,08/2021,Analyst
35-1011.00,1.A.2.c.3,Speed of Limb Movement,LV,1.88,8,0.125,1.63,2.12,N,N,08/2021,Analyst
35-1011.00,1.A.3.a.1,Static Strength,IM,2.25,8,0.1637,1.9292,2.5708,N,,08/2021,Analyst
35-1011.00,1.A.3.a.1,Static Strength,LV,2.12,8,0.125,1.88,2.37,N,N,08/2021,Analyst
35-1011.00,1.A.3.a.2,Explosive Strength,IM,1.5,8,0.189,1.1296,1.8704,N,,08/2021,Analyst
35-1011.00,1.A.3.a.2,Explosive Strength,LV,0.5,8,0.189,0.1296,0.8704,N,N,08/2021,Analyst
35-1011.00,1.A.3.a.3,Dynamic Strength,IM,2.12,8,0.125,1.88,2.37,N,,08/2021,Analyst
35-1011.00,1.A.3.a.3,Dynamic Strength,LV,2.0,8,0.189,1.6296,2.3704,N,N,08/2021,Analyst
35-1011.00,1.A.3.a.4,Trunk Strength,IM,3.12,8,0.125,2.88,3.37,N,,08/2021,Analyst
35-1011.00,1.A.3.a.4,Trunk Strength,LV,3.12,8,0.125,2.88,3.37,N,N,08/2021,Analyst
35-1011.00,1.A.3.b.1,Stamina,IM,2.25,8,0.1637,1.9292,2.5708,N,,08/2021,Analyst
35-1011.00,1.A.3.b.1,Stamina,LV,2.12,8,0.125,1.88,2.37,N,N,08/2021,Analyst
35-1011.00,1.A.3.c.1,Extent Flexibility,IM,2.75,8,0.1637,2.4292,3.0708,N,,08/2021,Analyst
35-1011.00,1.A.3.c.1,Extent Flexibility,LV,3.0,8,0.189,2.6296,3.3704,N,N,08/2021,Analyst
35-1011.00,1.A.3.c.2,Dynamic Flexibility,IM,1.75,8,0.1637,1.4292,2.0708,N,,08/2021,Analyst
35-1011.00,1.A.3.c.2,Dynamic Flexibility,LV,0.88,8,0.2266,0.4309,1.3191,N,N,08/2021,Analyst
35-1011.00,1.A.3.c.3,Gross Body Coordination,IM,2.0,8,0.0,2.0,2.0,N,,08/2021,Analyst
35-1011.00,1.A.3.c.3,Gross Body Coordination,LV,1.88,8,0.125,1.63,2.12,N,N,08/2021,Analyst
35-1011.00,1.A.3.c.4,Gross Body Equilibrium,IM,2.0,8,0.0,2.0,2.0,N,,08/2021,Analyst
35-1011.00,1.A.3.c.4,Gross Body Equilibrium,LV,1.25,8,0.1637,0.9292,1.5708,N,N,08/2021,Analyst
35-1011.00,1.A.4.a.1,Near Vision,IM,3.38,8,0.2631,2.8594,3.8906,N,,08/2021,Analyst
35-1011.00,1.A.4.a.1,Near Vision,LV,3.38,8,0.183,3.0164,3.7336,N,N,08/2021,Analyst
35-1011.00,1.A.4.a.2,Far Vision,IM,2.75,8,0.1637,2.4292,3.0708,N,,08/2021,Analyst
35-1011.00,1.A.4.a.2,Far Vision,LV,2.88,8,0.125,2.63,3.12,N,N,08/2021,Analyst
35-1011.00,1.A.4.a.3,Visual Color Discrimination,IM,3.0,8,0.189,2.6296,3.3704,N,,08/2021,Analyst
35-1011.00,1.A.4.a.3,Visual Color Discrimination,LV,3.0,8,0.0,3.0,3.0,N,N,08/2021,Analyst
35-1011.00,1.A.4.a.4,Night Vision,IM,1.5,8,0.189,1.1296,1.8704,N,,08/2021,Analyst
35-1011.00,1.A.4.a.4,Night Vision,LV,0.5,8,0.189,0.1296,0.8704,N,N,08/2021,Analyst
35-1011.00,1.A.4.a.5,Peripheral Vision,IM,1.62,8,0.183,1.2664,1.9836,N,,08/2021,Analyst
35-1011.00,1.A.4.a.5,Peripheral Vision,LV,0.75,8,0.25,0.26,1.24,N,N,08/2021,Analyst
35-1011.00,1.A.4.a.6,Depth Perception,IM,2.0,8,0.0,2.0,2.0,N,,08/2021,Analyst
35-1011.00,1.A.4.a.6,Depth Perception,LV,1.75,8,0.1637,1.4292,2.0708,N,N,08/2021,Analyst
35-1011.00,1.A.4.a.7,Glare Sensitivity,IM,1.62,8,0.183,1.2664,1.9836,N,,08/2021,Analyst
35-1011.00,1.A.4.a.7,Glare Sensitivity,LV,0.75,8,0.25,0.26,1.24,N,N,08/2021,Analyst
35-1011.00,1.A.4.b.1,Hearing Sensitivity,IM,2.12,8,0.2266,1.6809,2.5691,N,,08/2021,Analyst
35-1011.00,1.A.4.b.1,Hearing Sensitivity,LV,1.75,8,0.25,1.26,2.24,N,N,08/2021,Analyst
35-1011.00,1.A.4.b.2,Auditory Attention,IM,2.25,8,0.1637,1.9292,2.5708,N,,08/2021,Analyst
35-1011.00,1.A.4.b.2,Auditory Attention,LV,2.62,8,0.2631,2.1094,3.1406,N,N,08/2021,Analyst
35-1011.00,1.A.4.b.3,Sound Localization,IM,1.38,8,0.183,1.0164,1.7336,N,,08/2021,Analyst
35-1011.00,1.A.4.b.3,Sound Localization,LV,0.38,8,0.183,0.0164,0.7336,N,N,08/2021,Analyst
35-1011.00,1.A.4.b.4,Speech Recognition,IM,3.75,8,0.1637,3.4292,4.0708,N,,08/2021,Analyst
35-1011.00,1.A.4.b.4,Speech Recognition,LV,3.38,8,0.183,3.0164,3.7336,N,N,08/2021,Analyst
35-1011.00,1.A.4.b.5,Speech Clarity,IM,3.88,8,0.125,3.63,4.12,N,,08/2021,Analyst
35-1011.00,1.A.4.b.5,Speech Clarity,LV,3.38,8,0.183,3.0164,3.7336,N,N,08/2021,Analyst
35-1012.00,1.A.1.a.1,Oral Comprehension,IM,4.0,8,0.0,4.0,4.0,N,,07/2017,Analyst
35-1012.00,1.A.1.a.1,Oral Comprehension,LV,3.88,8,0.125,3.63,4.12,N,N,07/2017,Analyst
35-1012.00,1.A.1.a.2,Written Comprehension,IM,3.38,8,0.183,3.0164,3.7336,N,,07/2017,Analyst
35-1012.00,1.A.1.a.2,Written Comprehension,LV,3.5,8,0.189,3.1296,3.8704,N,N,07/2017,Analyst
35-1012.00,1.A.1.a.3,Oral Expression,IM,4.0,8,0.0,4.0,4.0,N,,07/2017,Analyst
35-1012.00,1.A.1.a.3,Oral Expression,LV,3.75,8,0.1637,3.4292,4.0708,N,N,07/2017,Analyst
35-1012.00,1.A.1.a.4,Written Expression,IM,2.88,8,0.125,2.63,3.12,N,,07/2017,Analyst
35-1012.00,1.A.1.a.4,Written Expression,LV,3.12,8,0.125,2.88,3.37,N,N,07/2017,Analyst
35-1012.00,1.A.1.b.1,Fluency of Ideas,IM,3.0,8,0.0,3.0,3.0,N,,07/2017,Analyst
35-1012.00,1.A.1.b.1,Fluency of Ideas,LV,3.0,8,0.0,3.0,3.0,N,N,07/2017,Analyst
35-1012.00,1.A.1.b.2,Originality,IM,2.75,8,0.1637,2.4292,3.0708,N,,07/2017,Analyst
35-1012.00,1.A.1.b.2,Originality,LV,3.0,8,0.189,2.6296,3.3704,N,N,07/2017,Analyst
35-1012.00,1.A.1.b.3,Problem Sensitivity,IM,3.88,8,0.125,3.63,4.12,N,,07/2017,Analyst
35-1012.00,1.A.1.b.3,Problem Sensitivity,LV,3.12,8,0.125,2.88,3.37,N,N,07/2017,Analyst
35-1012.00,1.A.1.b.4,Deductive Reasoning,IM,3.88,8,0.125,3.63,4.12,N,,07/2017,Analyst
35-1012.00,1.A.1.b.4,Deductive Reasoning,LV,3.12,8,0.125,2.88,3.37,N,N,07/2017,Analyst
35-1012.00,1.A.1.b.5,Inductive Reasoning,IM,3.12,8,0.125,2.88,3.37,N,,07/2017,Analyst
35-1012.00,1.A.1.b.5,Inductive Reasoning,LV,3.0,8,0.0,3.0,3.0,N,N,07/2017,Analyst
35-1012.00,1.A.1.b.6,Information Ordering,IM,3.12,8,0.125,2.88,3.37,N,,07/2017,Analyst
35-1012.00,1.A.1.b.6,Information Ordering,LV,3.12,8,0.125,2.88,3.37,N,N,07/2017,Analyst
35-1012.00,1.A.1.b.7,Category Flexibility,IM,3.0,8,0.0,3.0,3.0,N,,07/2017,Analyst
35-1012.00,1.A.1.b.7,Category Flexibility,LV,3.0,8,0.0,3.0,3.0,N,N,07/2017,Analyst
35-1012.00,1.A.1.c.1,Mathematical Reasoning,IM,3.0,8,0.0,3.0,3.0,N,,07/2017,Analyst
35-1012.00,1.A.1.c.1,Mathematical Reasoning,LV,2.88,8,0.125,2.63,3.12,N,N,07/2017,Analyst
35-1012.00,1.A.1.c.2,Number Facility,IM,3.0,8,0.0,3.0,3.0,N,,07/2017,Analyst
35-1012.00,1.A.1.c.2,Number Facility,LV,2.75,8,0.1637,2.4292,3.0708,N,N,07/2017,Analyst
35-1012.00,1.A.1.d.1,Memorization,IM,2.75,8,0.1637,2.4292,3.0708,N,,07/2017,Analyst
35-1012.00,1.A.1.d.1,Memorization,LV,2.62,8,0.183,2.2664,2.9836,N,N,07/2017,Analyst
35-1012.00,1.A.1.e.1,Speed of Closure,IM,2.38,8,0.183,2.0164,2.7336,N,,07/2017,Analyst
35-1012.00,1.A.1.e.1,Speed of Closure,LV,2.12,8,0.125,1.88,2.37,N,N,07/2017,Analyst
35-1012.00,1.A.1.e.2,Flexibility of Closure,IM,2.75,8,0.1637,2.4292,3.0708,N,,07/2017,Analyst
35-1012.00,1.A.1.e.2,Flexibility of Closure,LV,2.62,8,0.183,2.2664,2.9836,N,N,07/2017,Analyst
35-1012.00,1.A.1.e.3,Perceptual Speed,IM,2.75,8,0.25,2.26,3.24,N,,07/2017,Analyst
35-1012.00,1.A.1.e.3,Perceptual Speed,LV,2.75,8,0.25,2.26,3.24,N,N,07/2017,Analyst
35-1012.00,1.A.1.f.1,Spatial Orientation,IM,1.62,8,0.183,1.2664,1.9836,N,,07/2017,Analyst
35-1012.00,1.A.1.f.1,Spatial Orientation,LV,0.62,8,0.183,0.2664,0.9836,N,N,07/2017,Analyst
35-1012.00,1.A.1.f.2,Visualization,IM,3.0,8,0.0,3.0,3.0,N,,07/2017,Analyst
35-1012.00,1.A.1.f.2,Visualization,LV,2.88,8,0.125,2.63,3.12,N,N,07/2017,Analyst
35-1012.00,1.A.1.g.1,Selective Attention,IM,3.0,8,0.0,3.0,3.0,N,,07/2017,Analyst
35-1012.00,1.A.1.g.1,Selective Attention,LV,2.75,8,0.1637,2.4292,3.0708,N,N,07/2017,Analyst
35-1012.00,1.A.1.g.2,Time Sharing,IM,3.12,8,0.125,2.88,3.37,N,,07/2017,Analyst
35-1012.00,1.A.1.g.2,Time Sharing,LV,3.0,8,0.0,3.0,3.0,N,N,07/2017,Analyst
35-1012.00,1.A.2.a.1,Arm-Hand Steadiness,IM,3.0,8,0.0,3.0,3.0,N,,07/2017,Analyst
35-1012.00,1.A.2.a.1,Arm-Hand Steadiness,LV,2.5,8,0.189,2.1296,2.8704,N,N,07/2017,Analyst
35-1012.00,1.A.2.a.2,Manual Dexterity,IM,2.5,8,0.189,2.1296,2.8704,N,,07/2017,Analyst
35-1012.00,1.A.2.a.2,Manual Dexterity,LV,2.5,8,0.189,2.1296,2.8704,N,N,07/2017,Analyst
35-1012.00,1.A.2.a.3,Finger Dexterity,IM,2.88,8,0.125,2.63,3.12,N,,07/2017,Analyst
35-1012.00,1.A.2.a.3,Finger Dexterity,LV,2.75,8,0.1637,2.4292,3.0708,N,N,07/2017,Analyst
35-1012.00,1.A.2.b.1,Control Precision,IM,2.12,8,0.125,1.88,2.37,N,,07/2017,Analyst
35-1012.00,1.A.2.b.1,Control Precision,LV,2.12,8,0.125,1.88,2.37,N,N,07/2017,Analyst
35-1012.00,1.A.2.b.2,Multilimb Coordination,IM,2.75,8,0.25,2.26,3.24,N,,07/2017,Analyst
35-1012.00,1.A.2.b.2,Multilimb Coordination,LV,2.25,8,0.1637,1.9292,2.5708,N,N,07/2017,Analyst
35-1012.00,1.A.2.b.3,Response Orientation,IM,1.88,8,0.125,1.63,2.12,N,,07/2017,Analyst
35-1012.00,1.A.2.b.3,Response Orientation,LV,1.38,8,0.2631,0.8594,1.8906,N,N,07/2017,Analyst
35-1012.00,1.A.2.b.4,Rate Control,IM,1.75,8,0.1637,1.4292,2.0708,N,,07/2017,Analyst
35-1012.00,1.A.2.b.4,Rate Control,LV,1.12,8,0.295,0.5467,1.7033,N,N,07/2017,Analyst
35-1012.00,1.A.2.c.1,Reaction Time,IM,1.88,8,0.125,1.63,2.12,N,,07/2017,Analyst
35-1012.00,1.A.2.c.1,Reaction Time,LV,1.38,8,0.2631,0.8594,1.8906,N,N,07/2017,Analyst
35-1012.00,1.A.2.c.2,Wrist-Finger Speed,IM,2.12,8,0.125,1.88,2.37,N,,07/2017,Analyst
35-1012.00,1.A.2.c.2,Wrist-Finger Speed,LV,2.25,8,0.1637,1.9292,2.5708,N,N,07/2017,Analyst
35-1012.00,1.A.2.c.3,Speed of Limb Movement,IM,1.88,8,0.125,1.63,2.12,N,,07/2017,Analyst
35-1012.00,1.A.2.c.3,Speed of Limb Movement,LV,1.75,8,0.25,1.26,2.24,N,N,07/2017,Analyst
35-1012.00,1.A.3.a.1,Static Strength,IM,2.25,8,0.1637,1.9292,2.5708,N,,07/2017,Analyst
35-1012.00,1.A.3.a.1,Static Strength,LV,2.25,8,0.1637,1.9292,2.5708,N,N,07/2017,Analyst
35-1012.00,1.A.3.a.2,Explosive Strength,IM,1.38,8,0.183,1.0164,1.7336,N,,07/2017,Analyst
35-1012.00,1.A.3.a.2,Explosive Strength,LV,0.5,8,0.2673,0.0,1.0238,N,N,07/2017,Analyst
35-1012.00,1.A.3.a.3,Dynamic Strength,IM,2.12,8,0.125,1.88,2.37,N,,07/2017,Analyst
35-1012.00,1.A.3.a.3,Dynamic Strength,LV,2.0,8,0.189,1.6296,2.3704,N,N,07/2017,Analyst
35-1012.00,1.A.3.a.4,Trunk Strength,IM,2.75,8,0.1637,2.4292,3.0708,N,,07/2017,Analyst
35-1012.00,1.A.3.a.4,Trunk Strength,LV,2.38,8,0.183,2.0164,2.7336,N,N,07/2017,Analyst
35-1012.00,1.A.3.b.1,Stamina,IM,2.62,8,0.183,2.2664,2.9836,N,,07/2017,Analyst
35-1012.00,1.A.3.b.1,Stamina,LV,2.12,8,0.125,1.88,2.37,N,N,07/2017,Analyst
35-1012.00,1.A.3.c.1,Extent Flexibility,IM,2.25,8,0.1637,1.9292,2.5708,N,,07/2017,Analyst
35-1012.00,1.A.3.c.1,Extent Flexibility,LV,2.38,8,0.2631,1.8594,2.8906,N,N,07/2017,Analyst
35-1012.00,1.A.3.c.2,Dynamic Flexibility,IM,1.38,8,0.183,1.0164,1.7336,N,,07/2017,Analyst
35-1012.00,1.A.3.c.2,Dynamic Flexibility,LV,0.38,8,0.183,0.0164,0.7336,N,N,07/2017,Analyst
35-1012.00,1.A.3.c.3,Gross Body Coordination,IM,2.12,8,0.125,1.88,2.37,N,,07/2017,Analyst
35-1012.00,1.A.3.c.3,Gross Body Coordination,LV,2.0,8,0.0,2.0,2.0,N,N,07/2017,Analyst
35-1012.00,1.A.3.c.4,Gross Body Equilibrium,IM,1.88,8,0.125,1.63,2.12,N,,07/2017,Analyst
35-1012.00,1.A.3.c.4,Gross Body Equilibrium,LV,1.0,8,0.189,0.6296,1.3704,N,N,07/2017,Analyst
35-1012.00,1.A.4.a.1,Near Vision,IM,3.12,8,0.125,2.88,3.37,N,,07/2017,Analyst
35-1012.00,1.A.4.a.1,Near Vision,LV,3.25,8,0.1637,2.9292,3.5708,N,N,07/2017,Analyst
35-1012.00,1.A.4.a.2,Far Vision,IM,3.12,8,0.125,2.88,3.37,N,,07/2017,Analyst
35-1012.00,1.A.4.a.2,Far Vision,LV,3.0,8,0.0,3.0,3.0,N,N,07/2017,Analyst
35-1012.00,1.A.4.a.3,Visual Color Discrimination,IM,2.88,8,0.125,2.63,3.12,N,,07/2017,Analyst
35-1012.00,1.A.4.a.3,Visual Color Discrimination,LV,2.62,8,0.183,2.2664,2.9836,N,N,07/2017,Analyst
35-1012.00,1.A.4.a.4,Night Vision,IM,1.0,8,0.0,1.0,1.0,N,,07/2017,Analyst
35-1012.00,1.A.4.a.4,Night Vision,LV,0.0,8,0.0,0.0,0.0,N,Y,07/2017,Analyst
35-1012.00,1.A.4.a.5,Peripheral Vision,IM,1.0,8,0.0,1.0,1.0,N,,07/2017,Analyst
35-1012.00,1.A.4.a.5,Peripheral Vision,LV,0.0,8,0.0,0.0,0.0,N,Y,07/2017,Analyst
35-1012.00,1.A.4.a.6,Depth Perception,IM,2.0,8,0.0,2.0,2.0,N,,07/2017,Analyst
35-1012.00,1.A.4.a.6,Depth Perception,LV,2.0,8,0.0,2.0,2.0,N,N,07/2017,Analyst
35-1012.00,1.A.4.a.7,Glare Sensitivity,IM,1.0,8,0.0,1.0,1.0,N,,07/2017,Analyst
35-1012.00,1.A.4.a.7,Glare Sensitivity,LV,0.0,8,0.0,0.0,0.0,N,Y,07/2017,Analyst
35-1012.00,1.A.4.b.1,Hearing Sensitivity,IM,1.88,8,0.2266,1.4309,2.3191,N,,07/2017,Analyst
35-1012.00,1.A.4.b.1,Hearing Sensitivity,LV,1.5,8,0.3273,0.8584,2.1416,N,N,07/2017,Analyst
35-1012.00,1.A.4.b.2,Auditory Attention,IM,2.88,8,0.125,2.63,3.12,N,,07/2017,Analyst
35-1012.00,1.A.4.b.2,Auditory Attention,LV,2.75,8,0.1637,2.4292,3.0708,N,N,07/2017,Analyst
35-1012.00,1.A.4.b.3,Sound Localization,IM,1.0,8,0.0,1.0,1.0,N,,07/2017,Analyst
35-1012.00,1.A.4.b.3,Sound Localization,LV,0.0,8,0.0,0.0,0.0,N,Y,07/2017,Analyst
35-1012.00,1.A.4.b.4,Speech Recognition,IM,3.62,8,0.183,3.2664,3.9836,N,,07/2017,Analyst
35-1012.00,1.A.4.b.4,Speech Recognition,LV,3.0,8,0.0,3.0,3.0,N,N,07/2017,Analyst
35-1012.00,1.A.4.b.5,Speech Clarity,IM,3.62,8,0.183,3.2664,3.9836,N,,07/2017,Analyst
35-1012.00,1.A.4.b.5,Speech Clarity,LV,3.12,8,0.125,2.88,3.37,N,N,07/2017,Analyst
35-2011.00,1.A.1.a.1,Oral Comprehension,IM,3.62,8,0.183,3.2664,3.9836,N,,08/2019,Analyst
35-2011.00,1.A.1.a.1,Oral Comprehension,LV,3.0,8,0.0,3.0,3.0,N,N,08/2019,Analyst
35-2011.00,1.A.1.a.2,Written Comprehension,IM,2.88,8,0.125,2.63,3.12,N,,08/2019,Analyst
35-2011.00,1.A.1.a.2,Written Comprehension,LV,2.75,8,0.1637,2.4292,3.0708,N,N,08/2019,Analyst
35-2011.00,1.A.1.a.3,Oral Expression,IM,2.88,8,0.125,2.63,3.12,N,,08/2019,Analyst
35-2011.00,1.A.1.a.3,Oral Expression,LV,2.75,8,0.1637,2.4292,3.0708,N,N,08/2019,Analyst
35-2011.00,1.A.1.a.4,Written Expression,IM,2.38,8,0.183,2.0164,2.7336,N,,08/2019,Analyst
35-2011.00,1.A.1.a.4,Written Expression,LV,1.88,8,0.125,1.63,2.12,N,N,08/2019,Analyst
35-2011.00,1.A.1.b.1,Fluency of Ideas,IM,2.0,8,0.0,2.0,2.0,N,,08/2019,Analyst
35-2011.00,1.A.1.b.1,Fluency of Ideas,LV,2.0,8,0.0,2.0,2.0,N,N,08/2019,Analyst
35-2011.00,1.A.1.b.2,Originality,IM,2.0,8,0.0,2.0,2.0,N,,08/2019,Analyst
35-2011.00,1.A.1.b.2,Originality,LV,2.0,8,0.0,2.0,2.0,N,N,08/2019,Analyst
35-2011.00,1.A.1.b.3,Problem Sensitivity,IM,2.88,8,0.125,2.63,3.12,N,,08/2019,Analyst
35-2011.00,1.A.1.b.3,Problem Sensitivity,LV,2.62,8,0.183,2.2664,2.9836,N,N,08/2019,Analyst
35-2011.00,1.A.1.b.4,Deductive Reasoning,IM,2.88,8,0.125,2.63,3.12,N,,08/2019,Analyst
35-2011.00,1.A.1.b.4,Deductive Reasoning,LV,2.75,8,0.1637,2.4292,3.0708,N,N,08/2019,Analyst
35-2011.00,1.A.1.b.5,Inductive Reasoning,IM,2.38,8,0.183,2.0164,2.7336,N,,08/2019,Analyst
35-2011.00,1.A.1.b.5,Inductive Reasoning,LV,2.25,8,0.1637,1.9292,2.5708,N,N,08/2019,Analyst
35-2011.00,1.A.1.b.6,Information Ordering,IM,3.12,8,0.125,2.88,3.37,N,,08/2019,Analyst
35-2011.00,1.A.1.b.6,Information Ordering,LV,2.88,8,0.125,2.63,3.12,N,N,08/2019,Analyst
35-2011.00,1.A.1.b.7,Category Flexibility,IM,2.12,8,0.125,1.88,2.37,N,,08/2019,Analyst
35-2011.00,1.A.1.b.7,Category Flexibility,LV,2.25,8,0.1637,1.9292,2.5708,N,N,08/2019,Analyst
35-2011.00,1.A.1.c.1,Mathematical Reasoning,IM,2.0,8,0.0,2.0,2.0,N,,08/2019,Analyst
35-2011.00,1.A.1.c.1,Mathematical Reasoning,LV,1.12,8,0.125,0.88,1.37,N,N,08/2019,Analyst
35-2011.00,1.A.1.c.2,Number Facility,IM,2.0,8,0.0,2.0,2.0,N,,08/2019,Analyst
35-2011.00,1.A.1.c.2,Number Facility,LV,1.62,8,0.183,1.2664,1.9836,N,N,08/2019,Analyst
35-2011.00,1.A.1.d.1,Memorization,IM,2.0,8,0.0,2.0,2.0,N,,08/2019,Analyst
35-2011.00,1.A.1.d.1,Memorization,LV,2.0,8,0.0,2.0,2.0,N,N,08/2019,Analyst
35-2011.00,1.A.1.e.1,Speed of Closure,IM,2.12,8,0.125,1.88,2.37,N,,08/2019,Analyst
35-2011.00,1.A.1.e.1,Speed of Closure,LV,1.75,8,0.1637,1.4292,2.0708,N,N,08/2019,Analyst
35-2011.00,1.A.1.e.2,Flexibility of Closure,IM,2.0,8,0.0,2.0,2.0,N,,08/2019,Analyst
35-2011.00,1.A.1.e.2,Flexibility of Closure,LV,1.38,8,0.2631,0.8594,1.8906,N,N,08/2019,Analyst
35-2011.00,1.A.1.e.3,Perceptual Speed,IM,2.12,8,0.125,1.88,2.37,N,,08/2019,Analyst
35-2011.00,1.A.1.e.3,Perceptual Speed,LV,1.88,8,0.2266,1.4309,2.3191,N,N,08/2019,Analyst
35-2011.00,1.A.1.f.1,Spatial Orientation,IM,1.0,8,0.0,1.0,1.0,N,,08/2019,Analyst
35-2011.00,1.A.1.f.1,Spatial Orientation,LV,0.0,8,0.0,0.0,0.0,N,Y,08/2019,Analyst
35-2011.00,1.A.1.f.2,Visualization,IM,2.0,8,0.0,2.0,2.0,N,,08/2019,Analyst
35-2011.00,1.A.1.f.2,Visualization,LV,1.5,8,0.189,1.1296,1.8704,N,N,08/2019,Analyst
35-2011.00,1.A.1.g.1,Selective Attention,IM,2.88,8,0.125,2.63,3.12,N,,08/2019,Analyst
35-2011.00,1.A.1.g.1,Selective Attention,LV,2.62,8,0.183,2.2664,2.9836,N,N,08/2019,Analyst
35-2011.00,1.A.1.g.2,Time Sharing,IM,2.62,8,0.183,2.2664,2.9836,N,,08/2019,Analyst
35-2011.00,1.A.1.g.2,Time Sharing,LV,2.5,8,0.189,2.1296,2.8704,N,N,08/2019,Analyst
35-2011.00,1.A.2.a.1,Arm-Hand Steadiness,IM,2.62,8,0.183,2.2664,2.9836,N,,08/2019,Analyst
35-2011.00,1.A.2.a.1,Arm-Hand Steadiness,LV,2.5,8,0.2673,1.9762,3.0238,N,N,08/2019,Analyst
35-2011.00,1.A.2.a.2,Manual Dexterity,IM,2.88,8,0.2266,2.4309,3.3191,N,,08/2019,Analyst
35-2011.00,1.A.2.a.2,Manual Dexterity,LV,2.5,8,0.2673,1.9762,3.0238,N,N,08/2019,Analyst
35-2011.00,1.A.2.a.3,Finger Dexterity,IM,2.12,8,0.125,1.88,2.37,N,,08/2019,Analyst
35-2011.00,1.A.2.a.3,Finger Dexterity,LV,2.0,8,0.189,1.6296,2.3704,N,N,08/2019,Analyst
35-2011.00,1.A.2.b.1,Control Precision,IM,1.75,8,0.1637,1.4292,2.0708,N,,08/2019,Analyst
35-2011.00,1.A.2.b.1,Control Precision,LV,1.25,8,0.3134,0.6358,1.8642,N,N,08/2019,Analyst
35-2011.00,1.A.2.b.2,Multilimb Coordination,IM,2.12,8,0.125,1.88,2.37,N,,08/2019,Analyst
35-2011.00,1.A.2.b.2,Multilimb Coordination,LV,2.0,8,0.0,2.0,2.0,N,N,08/2019,Analyst
35-2011.00,1.A.2.b.3,Response Orientation,IM,1.62,8,0.183,1.2664,1.9836,N,,08/2019,Analyst
35-2011.00,1.A.2.b.3,Response Orientation,LV,0.75,8,0.25,0.26,1.24,N,N,08/2019,Analyst
35-2011.00,1.A.2.b.4,Rate Control,IM,1.5,8,0.189,1.1296,1.8704,N,,08/2019,Analyst
35-2011.00,1.A.2.b.4,Rate Control,LV,0.5,8,0.189,0.1296,0.8704,N,N,08/2019,Analyst
35-2011.00,1.A.2.c.1,Reaction Time,IM,1.62,8,0.183,1.2664,1.9836,N,,08/2019,Analyst
35-2011.00,1.A.2.c.1,Reaction Time,LV,1.12,8,0.3504,0.4383,1.8117,N,N,08/2019,Analyst
35-2011.00,1.A.2.c.2,Wrist-Finger Speed,IM,1.88,8,0.3504,1.1883,2.5617,N,,08/2019,Analyst
35-2011.00,1.A.2.c.2,Wrist-Finger Speed,LV,1.25,8,0.4119,0.4427,2.0573,N,N,08/2019,Analyst
35-2011.00,1.A.2.c.3,Speed of Limb Movement,IM,1.62,8,0.183,1.2664,1.9836,N,,08/2019,Analyst
35-2011.00,1.A.2.c.3,Speed of Limb Movement,LV,1.12,8,0.3504,0.4383,1.8117,N,N,08/2019,Analyst
35-2011.00,1.A.3.a.1,Static Strength,IM,2.25,8,0.1637,1.9292,2.5708,N,,08/2019,Analyst
35-2011.00,1.A.3.a.1,Static Strength,LV,2.25,8,0.1637,1.9292,2.5708,N,N,08/2019,Analyst
35-2011.00,1.A.3.a.2,Explosive Strength,IM,2.0,8,0.189,1.6296,2.3704,N,,08/2019,Analyst
35-2011.00,1.A.3.a.2,Explosive Strength,LV,1.38,8,0.3239,0.7402,2.0098,N,N,08/2019,Analyst
35-2011.00,1.A.3.a.3,Dynamic Strength,IM,2.12,8,0.125,1.88,2.37,N,,08/2019,Analyst
35-2011.00,1.A.3.a.3,Dynamic Strength,LV,1.88,8,0.125,1.63,2.12,N,N,08/2019,Analyst
35-2011.00,1.A.3.a.4,Trunk Strength,IM,2.88,8,0.125,2.63,3.12,N,,08/2019,Analyst
35-2011.00,1.A.3.a.4,Trunk Strength,LV,2.62,8,0.183,2.2664,2.9836,N,N,08/2019,Analyst
35-2011.00,1.A.3.b.1,Stamina,IM,2.5,8,0.189,2.1296,2.8704,N,,08/2019,Analyst
35-2011.00,1.A.3.b.1,Stamina,LV,1.88,8,0.125,1.63,2.12,N,N,08/2019,Analyst
35-2011.00,1.A.3.c.1,Extent Flexibility,IM,2.12,8,0.125,1.88,2.37,N,,08/2019,Analyst
35-2011.00,1.A.3.c.1,Extent Flexibility,LV,2.0,8,0.0,2.0,2.0,N,N,08/2019,Analyst
35-2011.00,1.A.3.c.2,Dynamic Flexibility,IM,1.0,8,0.0,1.0,1.0,N,,08/2019,Analyst
35-2011.00,1.A.3.c.2,Dynamic Flexibility,LV,0.0,8,0.0,0.0,0.0,N,Y,08/2019,Analyst
35-2011.00,1.A.3.c.3,Gross Body Coordination,IM,2.0,8,0.0,2.0,2.0,N,,08/2019,Analyst
35-2011.00,1.A.3.c.3,Gross Body Coordination,LV,1.62,8,0.183,1.2664,1.9836,N,N,08/2019,Analyst
35-2011.00,1.A.3.c.4,Gross Body Equilibrium,IM,2.0,8,0.0,2.0,2.0,N,,08/2019,Analyst
35-2011.00,1.A.3.c.4,Gross Body Equilibrium,LV,1.25,8,0.1637,0.9292,1.5708,N,N,08/2019,Analyst
35-2011.00,1.A.4.a.1,Near Vision,IM,3.12,8,0.125,2.88,3.37,N,,08/2019,Analyst
35-2011.00,1.A.4.a.1,Near Vision,LV,3.0,8,0.0,3.0,3.0,N,N,08/2019,Analyst
35-2011.00,1.A.4.a.2,Far Vision,IM,2.0,8,0.0,2.0,2.0,N,,08/2019,Analyst
35-2011.00,1.A.4.a.2,Far Vision,LV,2.0,8,0.0,2.0,2.0,N,N,08/2019,Analyst
35-2011.00,1.A.4.a.3,Visual Color Discrimination,IM,2.12,8,0.125,1.88,2.37,N,,08/2019,Analyst
35-2011.00,1.A.4.a.3,Visual Color Discrimination,LV,2.0,8,0.0,2.0,2.0,N,N,08/2019,Analyst
35-2011.00,1.A.4.a.4,Night Vision,IM,1.0,8,0.0,1.0,1.0,N,,08/2019,Analyst
35-2011.00,1.A.4.a.4,Night Vision,LV,0.0,8,0.0,0.0,0.0,N,Y,08/2019,Analyst
35-2011.00,1.A.4.a.5,Peripheral Vision,IM,1.0,8,0.0,1.0,1.0,N,,08/2019,Analyst
35-2011.00,1.A.4.a.5,Peripheral Vision,LV,0.0,8,0.0,0.0,0.0,N,Y,08/2019,Analyst
35-2011.00,1.A.4.a.6,Depth Perception,IM,1.25,8,0.1637,1.0,1.5708,N,,08/2019,Analyst
35-2011.00,1.A.4.a.6,Depth Perception,LV,0.25,8,0.1637,0.0,0.5708,N,Y,08/2019,Analyst
35-2011.00,1.A.4.a.7,Glare Sensitivity,IM,1.0,8,0.0,1.0,1.0,N,,08/2019,Analyst
35-2011.00,1.A.4.a.7,Glare Sensitivity,LV,0.0,8,0.0,0.0,0.0,N,Y,08/2019,Analyst
35-2011.00,1.A.4.b.1,Hearing Sensitivity,IM,1.75,8,0.1637,1.4292,2.0708,N,,08/2019,Analyst
35-2011.00,1.A.4.b.1,Hearing Sensitivity,LV,0.88,8,0.2266,0.4309,1.3191,N,N,08/2019,Analyst
35-2011.00,1.A.4.b.2,Auditory Attention,IM,2.0,8,0.0,2.0,2.0,N,,08/2019,Analyst
35-2011.00,1.A.4.b.2,Auditory Attention,LV,1.25,8,0.1637,0.9292,1.5708,N,N,08/2019,Analyst
35-2011.00,1.A.4.b.3,Sound Localization,IM,1.0,8,0.0,1.0,1.0,N,,08/2019,Analyst
35-2011.00,1.A.4.b.3,Sound Localization,LV,0.0,8,0.0,0.0,0.0,N,Y,08/2019,Analyst
35-2011.00,1.A.4.b.4,Speech Recognition,IM,3.0,8,0.0,3.0,3.0,N,,08/2019,Analyst
35-2011.00,1.A.4.b.4,Speech Recognition,LV,2.88,8,0.125,2.63,3.12,N,N,08/2019,Analyst
35-2011.00,1.A.4.b.5,Speech Clarity,IM,2.88,8,0.125,2.63,3.12,N,,08/2019,Analyst
35-2011.00,1.A.4.b.5,Speech Clarity,LV,2.62,8,0.183,2.2664,2.9836,N,N,08/2019,Analyst
35-2012.00,1.A.1.a.1,Oral Comprehension,IM,3.12,8,0.125,2.88,3.37,N,,08/2019,Analyst
35-2012.00,1.A.1.a.1,Oral Comprehension,LV,3.5,8,0.189,3.1296,3.8704,N,N,08/2019,Analyst
35-2012.00,1.A.1.a.2,Written Comprehension,IM,3.0,8,0.0,3.0,3.0,N,,08/2019,Analyst
35-2012.00,1.A.1.a.2,Written Comprehension,LV,3.0,8,0.0,3.0,3.0,N,N,08/2019,Analyst
35-2012.00,1.A.1.a.3,Oral Expression,IM,3.25,8,0.1637,2.9292,3.5708,N,,08/2019,Analyst
35-2012.00,1.A.1.a.3,Oral Expression,LV,3.38,8,0.183,3.0164,3.7336,N,N,08/2019,Analyst
35-2012.00,1.A.1.a.4,Written Expression,IM,2.88,8,0.125,2.63,3.12,N,,08/2019,Analyst
35-2012.00,1.A.1.a.4,Written Expression,LV,2.62,8,0.183,2.2664,2.9836,N,N,08/2019,Analyst
35-2012.00,1.A.1.b.1,Fluency of Ideas,IM,2.5,8,0.189,2.1296,2.8704,N,,08/2019,Analyst
35-2012.00,1.A.1.b.1,Fluency of Ideas,LV,2.38,8,0.183,2.0164,2.7336,N,N,08/2019,Analyst
35-2012.00,1.A.1.b.2,Originality,IM,2.62,8,0.183,2.2664,2.9836,N,,08/2019,Analyst
35-2012.00,1.A.1.b.2,Originality,LV,2.5,8,0.189,2.1296,2.8704,N,N,08/2019,Analyst
35-2012.00,1.A.1.b.3,Problem Sensitivity,IM,3.12,8,0.125,2.88,3.37,N,,08/2019,Analyst
35-2012.00,1.A.1.b.3,Problem Sensitivity,LV,3.12,8,0.125,2.88,3.37,N,N,08/2019,Analyst
35-2012.00,1.A.1.b.4,Deductive Reasoning,IM,3.12,8,0.125,2.88,3.37,N,,08/2019,Analyst
35-2012.00,1.A.1.b.4,Deductive Reasoning,LV,3.0,8,0.0,3.0,3.0,N,N,08/2019,Analyst
35-2012.00,1.A.1.b.5,Inductive Reasoning,IM,3.0,8,0.0,3.0,3.0,N,,08/2019,Analyst
35-2012.00,1.A.1.b.5,Inductive Reasoning,LV,3.0,8,0.0,3.0,3.0,N,N,08/2019,Analyst
35-2012.00,1.A.1.b.6,Information Ordering,IM,3.12,8,0.125,2.88,3.37,N,,08/2019,Analyst
35-2012.00,1.A.1.b.6,Information Ordering,LV,3.12,8,0.125,2.88,3.37,N,N,08/2019,Analyst
35-2012.00,1.A.1.b.7,Category Flexibility,IM,3.12,8,0.125,2.88,3.37,N,,08/2019,Analyst
35-2012.00,1.A.1.b.7,Category Flexibility,LV,3.0,8,0.0,3.0,3.0,N,N,08/2019,Analyst
35-2012.00,1.A.1.c.1,Mathematical Reasoning,IM,2.75,8,0.1637,2.4292,3.0708,N,,08/2019,Analyst
35-2012.00,1.A.1.c.1,Mathematical Reasoning,LV,2.12,8,0.125,1.88,2.37,N,N,08/2019,Analyst
35-2012.00,1.A.1.c.2,Number Facility,IM,2.62,8,0.183,2.2664,2.9836,N,,08/2019,Analyst
35-2012.00,1.A.1.c.2,Number Facility,LV,2.75,8,0.1637,2.4292,3.0708,N,N,08/2019,Analyst
35-2012.00,1.A.1.d.1,Memorization,IM,2.12,8,0.125,1.88,2.37,N,,08/2019,Analyst
35-2012.00,1.A.1.d.1,Memorization,LV,2.12,8,0.125,1.88,2.37,N,N,08/2019,Analyst
35-2012.00,1.A.1.e.1,Speed of Closure,IM,2.0,8,0.0,2.0,2.0,N,,08/2019,Analyst
35-2012.00,1.A.1.e.1,Speed of Closure,LV,1.88,8,0.125,1.63,2.12,N,N,08/2019,Analyst
35-2012.00,1.A.1.e.2,Flexibility of Closure,IM,2.25,8,0.1637,1.9292,2.5708,N,,08/2019,Analyst
35-2012.00,1.A.1.e.2,Flexibility of Closure,LV,2.0,8,0.0,2.0,2.0,N,N,08/2019,Analyst
35-2012.00,1.A.1.e.3,Perceptual Speed,IM,2.75,8,0.25,2.26,3.24,N,,08/2019,Analyst
35-2012.00,1.A.1.e.3,Perceptual Speed,LV,2.5,8,0.189,2.1296,2.8704,N,N,08/2019,Analyst
35-2012.00,1.A.1.f.1,Spatial Orientation,IM,1.12,8,0.125,1.0,1.37,N,,08/2019,Analyst
35-2012.00,1.A.1.f.1,Spatial Orientation,LV,0.12,8,0.125,0.0,0.37,N,Y,08/2019,Analyst
35-2012.00,1.A.1.f.2,Visualization,IM,3.0,8,0.189,2.6296,3.3704,N,,08/2019,Analyst
35-2012.00,1.A.1.f.2,Visualization,LV,2.75,8,0.1637,2.4292,3.0708,N,N,08/2019,Analyst
35-2012.00,1.A.1.g.1,Selective Attention,IM,3.0,8,0.0,3.0,3.0,N,,08/2019,Analyst
35-2012.00,1.A.1.g.1,Selective Attention,LV,3.0,8,0.0,3.0,3.0,N,N,08/2019,Analyst
35-2012.00,1.A.1.g.2,Time Sharing,IM,3.0,8,0.0,3.0,3.0,N,,08/2019,Analyst
35-2012.00,1.A.1.g.2,Time Sharing,LV,3.0,8,0.0,3.0,3.0,N,N,08/2019,Analyst
35-2012.00,1.A.2.a.1,Arm-Hand Steadiness,IM,3.0,8,0.0,3.0,3.0,N,,08/2019,Analyst
35-2012.00,1.A.2.a.1,Arm-Hand Steadiness,LV,3.0,8,0.0,3.0,3.0,N,N,08/2019,Analyst
35-2012.00,1.A.2.a.2,Manual Dexterity,IM,3.0,8,0.0,3.0,3.0,N,,08/2019,Analyst
35-2012.00,1.A.2.a.2,Manual Dexterity,LV,3.0,8,0.0,3.0,3.0,N,N,08/2019,Analyst
35-2012.00,1.A.2.a.3,Finger Dexterity,IM,3.0,8,0.0,3.0,3.0,N,,08/2019,Analyst
35-2012.00,1.A.2.a.3,Finger Dexterity,LV,3.0,8,0.0,3.0,3.0,N,N,08/2019,Analyst
35-2012.00,1.A.2.b.1,Control Precision,IM,2.88,8,0.125,2.63,3.12,N,,08/2019,Analyst
35-2012.00,1.A.2.b.1,Control Precision,LV,2.25,8,0.1637,1.9292,2.5708,N,N,08/2019,Analyst
35-2012.00,1.A.2.b.2,Multilimb Coordination,IM,2.75,8,0.1637,2.4292,3.0708,N,,08/2019,Analyst
35-2012.00,1.A.2.b.2,Multilimb Coordination,LV,2.25,8,0.1637,1.9292,2.5708,N,N,08/2019,Analyst
35-2012.00,1.A.2.b.3,Response Orientation,IM,1.88,8,0.125,1.63,2.12,N,,08/2019,Analyst
35-2012.00,1.A.2.b.3,Response Orientation,LV,1.38,8,0.2631,0.8594,1.8906,N,N,08/2019,Analyst
35-2012.00,1.A.2.b.4,Rate Control,IM,1.88,8,0.125,1.63,2.12,N,,08/2019,Analyst
35-2012.00,1.A.2.b.4,Rate Control,LV,1.62,8,0.2631,1.1094,2.1406,N,N,08/2019,Analyst
35-2012.00,1.A.2.c.1,Reaction Time,IM,2.0,8,0.189,1.6296,2.3704,N,,08/2019,Analyst
35-2012.00,1.A.2.c.1,Reaction Time,LV,1.88,8,0.295,1.2967,2.4533,N,N,08/2019,Analyst
35-2012.00,1.A.2.c.2,Wrist-Finger Speed,IM,2.25,8,0.1637,1.9292,2.5708,N,,08/2019,Analyst
35-2012.00,1.A.2.c.2,Wrist-Finger Speed,LV,2.25,8,0.1637,1.9292,2.5708,N,N,08/2019,Analyst
35-2012.00,1.A.2.c.3,Speed of Limb Movement,IM,1.88,8,0.125,1.63,2.12,N,,08/2019,Analyst
35-2012.00,1.A.2.c.3,Speed of Limb Movement,LV,1.5,8,0.2673,0.9762,2.0238,N,N,08/2019,Analyst
35-2012.00,1.A.3.a.1,Static Strength,IM,2.12,8,0.125,1.88,2.37,N,,08/2019,Analyst
35-2012.00,1.A.3.a.1,Static Strength,LV,2.25,8,0.1637,1.9292,2.5708,N,N,08/2019,Analyst
35-2012.00,1.A.3.a.2,Explosive Strength,IM,1.25,8,0.1637,1.0,1.5708,N,,08/2019,Analyst
35-2012.00,1.A.3.a.2,Explosive Strength,LV,0.25,8,0.1637,0.0,0.5708,N,Y,08/2019,Analyst
35-2012.00,1.A.3.a.3,Dynamic Strength,IM,2.12,8,0.125,1.88,2.37,N,,08/2019,Analyst
35-2012.00,1.A.3.a.3,Dynamic Strength,LV,2.0,8,0.0,2.0,2.0,N,N,08/2019,Analyst
35-2012.00,1.A.3.a.4,Trunk Strength,IM,3.0,8,0.189,2.6296,3.3704,N,,08/2019,Analyst
35-2012.00,1.A.3.a.4,Trunk Strength,LV,3.0,8,0.0,3.0,3.0,N,N,08/2019,Analyst
35-2012.00,1.A.3.b.1,Stamina,IM,2.75,8,0.1637,2.4292,3.0708,N,,08/2019,Analyst
35-2012.00,1.A.3.b.1,Stamina,LV,2.0,8,0.0,2.0,2.0,N,N,08/2019,Analyst
35-2012.00,1.A.3.c.1,Extent Flexibility,IM,2.38,8,0.183,2.0164,2.7336,N,,08/2019,Analyst
35-2012.00,1.A.3.c.1,Extent Flexibility,LV,2.12,8,0.125,1.88,2.37,N,N,08/2019,Analyst
35-2012.00,1.A.3.c.2,Dynamic Flexibility,IM,1.38,8,0.183,1.0164,1.7336,N,,08/2019,Analyst
35-2012.00,1.A.3.c.2,Dynamic Flexibility,LV,0.5,8,0.2673,0.0,1.0238,N,N,08/2019,Analyst
35-2012.00,1.A.3.c.3,Gross Body Coordination,IM,2.0,8,0.0,2.0,2.0,N,,08/2019,Analyst
35-2012.00,1.A.3.c.3,Gross Body Coordination,LV,2.0,8,0.0,2.0,2.0,N,N,08/2019,Analyst
35-2012.00,1.A.3.c.4,Gross Body Equilibrium,IM,1.88,8,0.125,1.63,2.12,N,,08/2019,Analyst
35-2012.00,1.A.3.c.4,Gross Body Equilibrium,LV,1.5,8,0.2673,0.9762,2.0238,N,N,08/2019,Analyst
35-2012.00,1.A.4.a.1,Near Vision,IM,3.25,8,0.1637,2.9292,3.5708,N,,08/2019,Analyst
35-2012.00,1.A.4.a.1,Near Vision,LV,3.0,8,0.0,3.0,3.0,N,N,08/2019,Analyst
35-2012.00,1.A.4.a.2,Far Vision,IM,2.75,8,0.1637,2.4292,3.0708,N,,08/2019,Analyst
35-2012.00,1.A.4.a.2,Far Vision,LV,2.62,8,0.183,2.2664,2.9836,N,N,08/2019,Analyst
35-2012.00,1.A.4.a.3,Visual Color Discrimination,IM,2.75,8,0.1637,2.4292,3.0708,N,,08/2019,Analyst
35-2012.00,1.A.4.a.3,Visual Color Discrimination,LV,2.62,8,0.183,2.2664,2.9836,N,N,08/2019,Analyst
35-2012.00,1.A.4.a.4,Night Vision,IM,1.0,8,0.0,1.0,1.0,N,,08/2019,Analyst
35-2012.00,1.A.4.a.4,Night Vision,LV,0.0,8,0.0,0.0,0.0,N,Y,08/2019,Analyst
35-2012.00,1.A.4.a.5,Peripheral Vision,IM,1.12,8,0.125,1.0,1.37,N,,08/2019,Analyst
35-2012.00,1.A.4.a.5,Peripheral Vision,LV,0.12,8,0.125,0.0,0.37,N,Y,08/2019,Analyst
35-2012.00,1.A.4.a.6,Depth Perception,IM,2.12,8,0.125,1.88,2.37,N,,08/2019,Analyst
35-2012.00,1.A.4.a.6,Depth Perception,LV,2.0,8,0.0,2.0,2.0,N,N,08/2019,Analyst
35-2012.00,1.A.4.a.7,Glare Sensitivity,IM,1.0,8,0.0,1.0,1.0,N,,08/2019,Analyst
35-2012.00,1.A.4.a.7,Glare Sensitivity,LV,0.0,8,0.0,0.0,0.0,N,Y,08/2019,Analyst
35-2012.00,1.A.4.b.1,Hearing Sensitivity,IM,2.5,8,0.189,2.1296,2.8704,N,,08/2019,Analyst
35-2012.00,1.A.4.b.1,Hearing Sensitivity,LV,1.88,8,0.125,1.63,2.12,N,N,08/2019,Analyst
35-2012.00,1.A.4.b.2,Auditory Attention,IM,2.5,8,0.189,2.1296,2.8704,N,,08/2019,Analyst
35-2012.00,1.A.4.b.2,Auditory Attention,LV,2.12,8,0.125,1.88,2.37,N,N,08/2019,Analyst
35-2012.00,1.A.4.b.3,Sound Localization,IM,1.0,8,0.0,1.0,1.0,N,,08/2019,Analyst
35-2012.00,1.A.4.b.3,Sound Localization,LV,0.0,8,0.0,0.0,0.0,N,Y,08/2019,Analyst
35-2012.00,1.A.4.b.4,Speech Recognition,IM,3.0,8,0.0,3.0,3.0,N,,08/2019,Analyst
35-2012.00,1.A.4.b.4,Speech Recognition,LV,2.88,8,0.125,2.63,3.12,N,N,08/2019,Analyst
35-2012.00,1.A.4.b.5,Speech Clarity,IM,3.12,8,0.125,2.88,3.37,N,,08/2019,Analyst
35-2012.00,1.A.4.b.5,Speech Clarity,LV,2.88,8,0.125,2.63,3.12,N,N,08/2019,Analyst
35-2013.00,1.A.1.a.1,Oral Comprehension,IM,3.0,8,0.0,3.0,3.0,N,,08/2023,Analyst
35-2013.00,1.A.1.a.1,Oral Comprehension,LV,3.38,8,0.183,3.0164,3.7336,N,N,08/2023,Analyst
35-2013.00,1.A.1.a.2,Written Comprehension,IM,3.0,8,0.0,3.0,3.0,N,,08/2023,Analyst
35-2013.00,1.A.1.a.2,Written Comprehension,LV,3.0,8,0.0,3.0,3.0,N,N,08/2023,Analyst
35-2013.00,1.A.1.a.3,Oral Expression,IM,3.12,8,0.125,2.88,3.37,N,,08/2023,Analyst
35-2013.00,1.A.1.a.3,Oral Expression,LV,3.0,8,0.0,3.0,3.0,N,N,08/2023,Analyst
35-2013.00,1.A.1.a.4,Written Expression,IM,2.88,8,0.125,2.63,3.12,N,,08/2023,Analyst
35-2013.00,1.A.1.a.4,Written Expression,LV,2.62,8,0.183,2.2664,2.9836,N,N,08/2023,Analyst
35-2013.00,1.A.1.b.1,Fluency of Ideas,IM,3.25,8,0.1637,2.9292,3.5708,N,,08/2023,Analyst
35-2013.00,1.A.1.b.1,Fluency of Ideas,LV,3.12,8,0.125,2.88,3.37,N,N,08/2023,Analyst
35-2013.00,1.A.1.b.2,Originality,IM,3.0,8,0.0,3.0,3.0,N,,08/2023,Analyst
35-2013.00,1.A.1.b.2,Originality,LV,3.12,8,0.125,2.88,3.37,N,N,08/2023,Analyst
35-2013.00,1.A.1.b.3,Problem Sensitivity,IM,3.25,8,0.1637,2.9292,3.5708,N,,08/2023,Analyst
35-2013.00,1.A.1.b.3,Problem Sensitivity,LV,3.12,8,0.125,2.88,3.37,N,N,08/2023,Analyst
35-2013.00,1.A.1.b.4,Deductive Reasoning,IM,3.12,8,0.125,2.88,3.37,N,,08/2023,Analyst
35-2013.00,1.A.1.b.4,Deductive Reasoning,LV,3.12,8,0.125,2.88,3.37,N,N,08/2023,Analyst
35-2013.00,1.A.1.b.5,Inductive Reasoning,IM,3.0,8,0.0,3.0,3.0,N,,08/2023,Analyst
35-2013.00,1.A.1.b.5,Inductive Reasoning,LV,3.0,8,0.0,3.0,3.0,N,N,08/2023,Analyst
35-2013.00,1.A.1.b.6,Information Ordering,IM,3.12,8,0.125,2.88,3.37,N,,08/2023,Analyst
35-2013.00,1.A.1.b.6,Information Ordering,LV,3.0,8,0.0,3.0,3.0,N,N,08/2023,Analyst
35-2013.00,1.A.1.b.7,Category Flexibility,IM,3.0,8,0.0,3.0,3.0,N,,08/2023,Analyst
35-2013.00,1.A.1.b.7,Category Flexibility,LV,3.0,8,0.0,3.0,3.0,N,N,08/2023,Analyst
35-2013.00,1.A.1.c.1,Mathematical Reasoning,IM,2.0,8,0.0,2.0,2.0,N,,08/2023,Analyst
35-2013.00,1.A.1.c.1,Mathematical Reasoning,LV,2.0,8,0.0,2.0,2.0,N,N,08/2023,Analyst
35-2013.00,1.A.1.c.2,Number Facility,IM,2.25,8,0.1637,1.9292,2.5708,N,,08/2023,Analyst
35-2013.00,1.A.1.c.2,Number Facility,LV,2.12,8,0.125,1.88,2.37,N,N,08/2023,Analyst
35-2013.00,1.A.1.d.1,Memorization,IM,2.12,8,0.125,1.88,2.37,N,,08/2023,Analyst
35-2013.00,1.A.1.d.1,Memorization,LV,2.0,8,0.0,2.0,2.0,N,N,08/2023,Analyst
35-2013.00,1.A.1.e.1,Speed of Closure,IM,2.12,8,0.125,1.88,2.37,N,,08/2023,Analyst
35-2013.00,1.A.1.e.1,Speed of Closure,LV,2.0,8,0.0,2.0,2.0,N,N,08/2023,Analyst
35-2013.00,1.A.1.e.2,Flexibility of Closure,IM,2.5,8,0.189,2.1296,2.8704,N,,08/2023,Analyst
35-2013.00,1.A.1.e.2,Flexibility of Closure,LV,2.12,8,0.125,1.88,2.37,N,N,08/2023,Analyst
35-2013.00,1.A.1.e.3,Perceptual Speed,IM,2.62,8,0.183,2.2664,2.9836,N,,08/2023,Analyst
35-2013.00,1.A.1.e.3,Perceptual Speed,LV,2.25,8,0.1637,1.9292,2.5708,N,N,08/2023,Analyst
35-2013.00,1.A.1.f.1,Spatial Orientation,IM,1.0,8,0.0,1.0,1.0,N,,08/2023,Analyst
35-2013.00,1.A.1.f.1,Spatial Orientation,LV,0.0,8,0.0,0.0,0.0,N,Y,08/2023,Analyst
35-2013.00,1.A.1.f.2,Visualization,IM,2.62,8,0.183,2.2664,2.9836,N,,08/2023,Analyst
35-2013.00,1.A.1.f.2,Visualization,LV,2.38,8,0.183,2.0164,2.7336,N,N,08/2023,Analyst
35-2013.00,1.A.1.g.1,Selective Attention,IM,3.0,8,0.0,3.0,3.0,N,,08/2023,Analyst
35-2013.00,1.A.1.g.1,Selective Attention,LV,3.0,8,0.0,3.0,3.0,N,N,08/2023,Analyst
35-2013.00,1.A.1.g.2,Time Sharing,IM,2.38,8,0.183,2.0164,2.7336,N,,08/2023,Analyst
35-2013.00,1.A.1.g.2,Time Sharing,LV,2.12,8,0.125,1.88,2.37,N,N,08/2023,Analyst
35-2013.00,1.A.2.a.1,Arm-Hand Steadiness,IM,3.0,8,0.0,3.0,3.0,N,,08/2023,Analyst
35-2013.00,1.A.2.a.1,Arm-Hand Steadiness,LV,3.0,8,0.0,3.0,3.0,N,N,08/2023,Analyst
35-2013.00,1.A.2.a.2,Manual Dexterity,IM,3.12,8,0.125,2.88,3.37,N,,08/2023,Analyst
35-2013.00,1.A.2.a.2,Manual Dexterity,LV,2.88,8,0.125,2.63,3.12,N,N,08/2023,Analyst
35-2013.00,1.A.2.a.3,Finger Dexterity,IM,3.12,8,0.125,2.88,3.37,N,,08/2023,Analyst
35-2013.00,1.A.2.a.3,Finger Dexterity,LV,3.0,8,0.0,3.0,3.0,N,N,08/2023,Analyst
35-2013.00,1.A.2.b.1,Control Precision,IM,2.75,8,0.1637,2.4292,3.0708,N,,08/2023,Analyst
35-2013.00,1.A.2.b.1,Control Precision,LV,2.25,8,0.1637,1.9292,2.5708,N,N,08/2023,Analyst
35-2013.00,1.A.2.b.2,Multilimb Coordination,IM,2.88,8,0.125,2.63,3.12,N,,08/2023,Analyst
35-2013.00,1.A.2.b.2,Multilimb Coordination,LV,2.88,8,0.125,2.63,3.12,N,N,08/2023,Analyst
35-2013.00,1.A.2.b.3,Response Orientation,IM,1.88,8,0.125,1.63,2.12,N,,08/2023,Analyst
35-2013.00,1.A.2.b.3,Response Orientation,LV,1.62,8,0.2631,1.1094,2.1406,N,N,08/2023,Analyst
35-2013.00,1.A.2.b.4,Rate Control,IM,1.88,8,0.125,1.63,2.12,N,,08/2023,Analyst
35-2013.00,1.A.2.b.4,Rate Control,LV,1.0,8,0.189,0.6296,1.3704,N,N,08/2023,Analyst
35-2013.00,1.A.2.c.1,Reaction Time,IM,2.0,8,0.0,2.0,2.0,N,,08/2023,Analyst
35-2013.00,1.A.2.c.1,Reaction Time,LV,1.12,8,0.125,0.88,1.37,N,N,08/2023,Analyst
35-2013.00,1.A.2.c.2,Wrist-Finger Speed,IM,2.38,8,0.183,2.0164,2.7336,N,,08/2023,Analyst
35-2013.00,1.A.2.c.2,Wrist-Finger Speed,LV,2.12,8,0.2266,1.6809,2.5691,N,N,08/2023,Analyst
35-2013.00,1.A.2.c.3,Speed of Limb Movement,IM,1.0,8,0.0,1.0,1.0,N,,08/2023,Analyst
35-2013.00,1.A.2.c.3,Speed of Limb Movement,LV,0.0,8,0.0,0.0,0.0,N,Y,08/2023,Analyst
35-2013.00,1.A.3.a.1,Static Strength,IM,2.88,8,0.125,2.63,3.12,N,,08/2023,Analyst
35-2013.00,1.A.3.a.1,Static Strength,LV,2.62,8,0.183,2.2664,2.9836,N,N,08/2023,Analyst
35-2013.00,1.A.3.a.2,Explosive Strength,IM,2.0,8,0.0,2.0,2.0,N,,08/2023,Analyst
35-2013.00,1.A.3.a.2,Explosive Strength,LV,1.38,8,0.183,1.0164,1.7336,N,N,08/2023,Analyst
35-2013.00,1.A.3.a.3,Dynamic Strength,IM,2.12,8,0.125,1.88,2.37,N,,08/2023,Analyst
35-2013.00,1.A.3.a.3,Dynamic Strength,LV,2.12,8,0.125,1.88,2.37,N,N,08/2023,Analyst
35-2013.00,1.A.3.a.4,Trunk Strength,IM,3.0,8,0.0,3.0,3.0,N,,08/2023,Analyst
35-2013.00,1.A.3.a.4,Trunk Strength,LV,3.0,8,0.0,3.0,3.0,N,N,08/2023,Analyst
35-2013.00,1.A.3.b.1,Stamina,IM,2.0,8,0.0,2.0,2.0,N,,08/2023,Analyst
35-2013.00,1.A.3.b.1,Stamina,LV,1.75,8,0.1637,1.4292,2.0708,N,N,08/2023,Analyst
35-2013.00,1.A.3.c.1,Extent Flexibility,IM,2.0,8,0.0,2.0,2.0,N,,08/2023,Analyst
35-2013.00,1.A.3.c.1,Extent Flexibility,LV,2.5,8,0.189,2.1296,2.8704,N,N,08/2023,Analyst
35-2013.00,1.A.3.c.2,Dynamic Flexibility,IM,1.38,8,0.183,1.0164,1.7336,N,,08/2023,Analyst
35-2013.00,1.A.3.c.2,Dynamic Flexibility,LV,0.38,8,0.183,0.0164,0.7336,N,N,08/2023,Analyst
35-2013.00,1.A.3.c.3,Gross Body Coordination,IM,2.0,8,0.0,2.0,2.0,N,,08/2023,Analyst
35-2013.00,1.A.3.c.3,Gross Body Coordination,LV,1.75,8,0.1637,1.4292,2.0708,N,N,08/2023,Analyst
35-2013.00,1.A.3.c.4,Gross Body Equilibrium,IM,2.0,8,0.0,2.0,2.0,N,,08/2023,Analyst
35-2013.00,1.A.3.c.4,Gross Body Equilibrium,LV,1.12,8,0.125,0.88,1.37,N,N,08/2023,Analyst
35-2013.00,1.A.4.a.1,Near Vision,IM,3.38,8,0.183,3.0164,3.7336,N,,08/2023,Analyst
35-2013.00,1.A.4.a.1,Near Vision,LV,3.25,8,0.1637,2.9292,3.5708,N,N,08/2023,Analyst
35-2013.00,1.A.4.a.2,Far Vision,IM,2.75,8,0.1637,2.4292,3.0708,N,,08/2023,Analyst
35-2013.00,1.A.4.a.2,Far Vision,LV,2.75,8,0.1637,2.4292,3.0708,N,N,08/2023,Analyst
35-2013.00,1.A.4.a.3,Visual Color Discrimination,IM,2.88,8,0.125,2.63,3.12,N,,08/2023,Analyst
35-2013.00,1.A.4.a.3,Visual Color Discrimination,LV,3.0,8,0.0,3.0,3.0,N,N,08/2023,Analyst
35-2013.00,1.A.4.a.4,Night Vision,IM,1.0,8,0.0,1.0,1.0,N,,08/2023,Analyst
35-2013.00,1.A.4.a.4,Night Vision,LV,0.0,8,0.0,0.0,0.0,N,Y,08/2023,Analyst
35-2013.00,1.A.4.a.5,Peripheral Vision,IM,1.0,8,0.0,1.0,1.0,N,,08/2023,Analyst
35-2013.00,1.A.4.a.5,Peripheral Vision,LV,0.0,8,0.0,0.0,0.0,N,Y,08/2023,Analyst
35-2013.00,1.A.4.a.6,Depth Perception,IM,2.0,8,0.0,2.0,2.0,N,,08/2023,Analyst
35-2013.00,1.A.4.a.6,Depth Perception,LV,2.0,8,0.0,2.0,2.0,N,N,08/2023,Analyst
35-2013.00,1.A.4.a.7,Glare Sensitivity,IM,1.0,8,0.0,1.0,1.0,N,,08/2023,Analyst
35-2013.00,1.A.4.a.7,Glare Sensitivity,LV,0.0,8,0.0,0.0,0.0,N,Y,08/2023,Analyst
35-2013.00,1.A.4.b.1,Hearing Sensitivity,IM,2.0,8,0.0,2.0,2.0,N,,08/2023,Analyst
35-2013.00,1.A.4.b.1,Hearing Sensitivity,LV,2.0,8,0.0,2.0,2.0,N,N,08/2023,Analyst
35-2013.00,1.A.4.b.2,Auditory Attention,IM,1.88,8,0.125,1.63,2.12,N,,08/2023,Analyst
35-2013.00,1.A.4.b.2,Auditory Attention,LV,1.62,8,0.2631,1.1094,2.1406,N,N,08/2023,Analyst
35-2013.00,1.A.4.b.3,Sound Localization,IM,1.0,8,0.0,1.0,1.0,N,,08/2023,Analyst
35-2013.00,1.A.4.b.3,Sound Localization,LV,0.0,8,0.0,0.0,0.0,N,Y,08/2023,Analyst
35-2013.00,1.A.4.b.4,Speech Recognition,IM,3.0,8,0.0,3.0,3.0,N,,08/2023,Analyst
35-2013.00,1.A.4.b.4,Speech Recognition,LV,3.0,8,0.0,3.0,3.0,N,N,08/2023,Analyst
35-2013.00,1.A.4.b.5,Speech Clarity,IM,2.88,8,0.125,2.63,3.12,N,,08/2023,Analyst
35-2013.00,1.A.4.b.5,Speech Clarity,LV,2.88,8,0.125,2.63,3.12,N,N,08/2023,Analyst
35-2014.00,1.A.1.a.1,Oral Comprehension,IM,3.0,8,0.189,2.6296,3.3704,N,,08/2018,Analyst
35-2014.00,1.A.1.a.1,Oral Comprehension,LV,3.0,8,0.0,3.0,3.0,N,N,08/2018,Analyst
35-2014.00,1.A.1.a.2,Written Comprehension,IM,2.75,8,0.1637,2.4292,3.0708,N,,08/2018,Analyst
35-2014.00,1.A.1.a.2,Written Comprehension,LV,2.88,8,0.125,2.63,3.12,N,N,08/2018,Analyst
35-2014.00,1.A.1.a.3,Oral Expression,IM,3.0,8,0.0,3.0,3.0,N,,08/2018,Analyst
35-2014.00,1.A.1.a.3,Oral Expression,LV,3.25,8,0.1637,2.9292,3.5708,N,N,08/2018,Analyst
35-2014.00,1.A.1.a.4,Written Expression,IM,2.75,8,0.1637,2.4292,3.0708,N,,08/2018,Analyst
35-2014.00,1.A.1.a.4,Written Expression,LV,2.25,8,0.1637,1.9292,2.5708,N,N,08/2018,Analyst
35-2014.00,1.A.1.b.1,Fluency of Ideas,IM,2.88,8,0.125,2.63,3.12,N,,08/2018,Analyst
35-2014.00,1.A.1.b.1,Fluency of Ideas,LV,2.38,8,0.2631,1.8594,2.8906,N,N,08/2018,Analyst
35-2014.00,1.A.1.b.2,Originality,IM,2.88,8,0.125,2.63,3.12,N,,08/2018,Analyst
35-2014.00,1.A.1.b.2,Originality,LV,3.0,8,0.189,2.6296,3.3704,N,N,08/2018,Analyst
35-2014.00,1.A.1.b.3,Problem Sensitivity,IM,3.12,8,0.125,2.88,3.37,N,,08/2018,Analyst
35-2014.00,1.A.1.b.3,Problem Sensitivity,LV,3.0,8,0.189,2.6296,3.3704,N,N,08/2018,Analyst
35-2014.00,1.A.1.b.4,Deductive Reasoning,IM,2.88,8,0.125,2.63,3.12,N,,08/2018,Analyst
35-2014.00,1.A.1.b.4,Deductive Reasoning,LV,2.88,8,0.125,2.63,3.12,N,N,08/2018,Analyst
35-2014.00,1.A.1.b.5,Inductive Reasoning,IM,2.88,8,0.125,2.63,3.12,N,,08/2018,Analyst
35-2014.00,1.A.1.b.5,Inductive Reasoning,LV,2.88,8,0.125,2.63,3.12,N,N,08/2018,Analyst
35-2014.00,1.A.1.b.6,Information Ordering,IM,3.12,8,0.2266,2.6809,3.5691,N,,08/2018,Analyst
35-2014.00,1.A.1.b.6,Information Ordering,LV,3.12,8,0.2266,2.6809,3.5691,N,N,08/2018,Analyst
35-2014.00,1.A.1.b.7,Category Flexibility,IM,2.88,8,0.125,2.63,3.12,N,,08/2018,Analyst
35-2014.00,1.A.1.b.7,Category Flexibility,LV,2.88,8,0.125,2.63,3.12,N,N,08/2018,Analyst
35-2014.00,1.A.1.c.1,Mathematical Reasoning,IM,2.38,8,0.183,2.0164,2.7336,N,,08/2018,Analyst
35-2014.00,1.A.1.c.1,Mathematical Reasoning,LV,2.12,8,0.2266,1.6809,2.5691,N,N,08/2018,Analyst
35-2014.00,1.A.1.c.2,Number Facility,IM,2.75,8,0.1637,2.4292,3.0708,N,,08/2018,Analyst
35-2014.00,1.A.1.c.2,Number Facility,LV,2.25,8,0.1637,1.9292,2.5708,N,N,08/2018,Analyst
35-2014.00,1.A.1.d.1,Memorization,IM,2.0,8,0.0,2.0,2.0,N,,08/2018,Analyst
35-2014.00,1.A.1.d.1,Memorization,LV,2.0,8,0.0,2.0,2.0,N,N,08/2018,Analyst
35-2014.00,1.A.1.e.1,Speed of Closure,IM,2.0,8,0.0,2.0,2.0,N,,08/2018,Analyst
35-2014.00,1.A.1.e.1,Speed of Closure,LV,2.12,8,0.125,1.88,2.37,N,N,08/2018,Analyst
35-2014.00,1.A.1.e.2,Flexibility of Closure,IM,2.88,8,0.125,2.63,3.12,N,,08/2018,Analyst
35-2014.00,1.A.1.e.2,Flexibility of Closure,LV,2.75,8,0.25,2.26,3.24,N,N,08/2018,Analyst
35-2014.00,1.A.1.e.3,Perceptual Speed,IM,3.0,8,0.0,3.0,3.0,N,,08/2018,Analyst
35-2014.00,1.A.1.e.3,Perceptual Speed,LV,3.0,8,0.0,3.0,3.0,N,N,08/2018,Analyst
35-2014.00,1.A.1.f.1,Spatial Orientation,IM,1.5,8,0.189,1.1296,1.8704,N,,08/2018,Analyst
35-2014.00,1.A.1.f.1,Spatial Orientation,LV,0.75,8,0.3134,0.1358,1.3642,N,N,08/2018,Analyst
35-2014.00,1.A.1.f.2,Visualization,IM,2.88,8,0.125,2.63,3.12,N,,08/2018,Analyst
35-2014.00,1.A.1.f.2,Visualization,LV,2.88,8,0.125,2.63,3.12,N,N,08/2018,Analyst
35-2014.00,1.A.1.g.1,Selective Attention,IM,3.0,8,0.0,3.0,3.0,N,,08/2018,Analyst
35-2014.00,1.A.1.g.1,Selective Attention,LV,2.88,8,0.125,2.63,3.12,N,N,08/2018,Analyst
35-2014.00,1.A.1.g.2,Time Sharing,IM,2.88,8,0.125,2.63,3.12,N,,08/2018,Analyst
35-2014.00,1.A.1.g.2,Time Sharing,LV,2.88,8,0.125,2.63,3.12,N,N,08/2018,Analyst
35-2014.00,1.A.2.a.1,Arm-Hand Steadiness,IM,3.0,8,0.0,3.0,3.0,N,,08/2018,Analyst
35-2014.00,1.A.2.a.1,Arm-Hand Steadiness,LV,3.0,8,0.0,3.0,3.0,N,N,08/2018,Analyst
35-2014.00,1.A.2.a.2,Manual Dexterity,IM,3.12,8,0.125,2.88,3.37,N,,08/2018,Analyst
35-2014.00,1.A.2.a.2,Manual Dexterity,LV,3.12,8,0.125,2.88,3.37,N,N,08/2018,Analyst
35-2014.00,1.A.2.a.3,Finger Dexterity,IM,3.0,8,0.0,3.0,3.0,N,,08/2018,Analyst
35-2014.00,1.A.2.a.3,Finger Dexterity,LV,3.0,8,0.0,3.0,3.0,N,N,08/2018,Analyst
35-2014.00,1.A.2.b.1,Control Precision,IM,2.88,8,0.125,2.63,3.12,N,,08/2018,Analyst
35-2014.00,1.A.2.b.1,Control Precision,LV,3.0,8,0.0,3.0,3.0,N,N,08/2018,Analyst
35-2014.00,1.A.2.b.2,Multilimb Coordination,IM,2.75,8,0.1637,2.4292,3.0708,N,,08/2018,Analyst
35-2014.00,1.A.2.b.2,Multilimb Coordination,LV,2.62,8,0.183,2.2664,2.9836,N,N,08/2018,Analyst
35-2014.00,1.A.2.b.3,Response Orientation,IM,1.88,8,0.2266,1.4309,2.3191,N,,08/2018,Analyst
35-2014.00,1.A.2.b.3,Response Orientation,LV,1.62,8,0.375,0.89,2.36,N,N,08/2018,Analyst
35-2014.00,1.A.2.b.4,Rate Control,IM,2.0,8,0.0,2.0,2.0,N,,08/2018,Analyst
35-2014.00,1.A.2.b.4,Rate Control,LV,1.62,8,0.183,1.2664,1.9836,N,N,08/2018,Analyst
35-2014.00,1.A.2.c.1,Reaction Time,IM,2.12,8,0.125,1.88,2.37,N,,08/2018,Analyst
35-2014.00,1.A.2.c.1,Reaction Time,LV,2.12,8,0.125,1.88,2.37,N,N,08/2018,Analyst
35-2014.00,1.A.2.c.2,Wrist-Finger Speed,IM,2.5,8,0.189,2.1296,2.8704,N,,08/2018,Analyst
35-2014.00,1.A.2.c.2,Wrist-Finger Speed,LV,2.25,8,0.1637,1.9292,2.5708,N,N,08/2018,Analyst
35-2014.00,1.A.2.c.3,Speed of Limb Movement,IM,1.75,8,0.1637,1.4292,2.0708,N,,08/2018,Analyst
35-2014.00,1.A.2.c.3,Speed of Limb Movement,LV,1.25,8,0.3134,0.6358,1.8642,N,N,08/2018,Analyst
35-2014.00,1.A.3.a.1,Static Strength,IM,2.38,8,0.183,2.0164,2.7336,N,,08/2018,Analyst
35-2014.00,1.A.3.a.1,Static Strength,LV,2.25,8,0.1637,1.9292,2.5708,N,N,08/2018,Analyst
35-2014.00,1.A.3.a.2,Explosive Strength,IM,1.62,8,0.2631,1.1094,2.1406,N,,08/2018,Analyst
35-2014.00,1.A.3.a.2,Explosive Strength,LV,0.88,8,0.3981,0.0947,1.6553,N,N,08/2018,Analyst
35-2014.00,1.A.3.a.3,Dynamic Strength,IM,2.12,8,0.125,1.88,2.37,N,,08/2018,Analyst
35-2014.00,1.A.3.a.3,Dynamic Strength,LV,2.0,8,0.0,2.0,2.0,N,N,08/2018,Analyst
35-2014.00,1.A.3.a.4,Trunk Strength,IM,3.0,8,0.0,3.0,3.0,N,,08/2018,Analyst
35-2014.00,1.A.3.a.4,Trunk Strength,LV,2.88,8,0.125,2.63,3.12,N,N,08/2018,Analyst
35-2014.00,1.A.3.b.1,Stamina,IM,2.62,8,0.183,2.2664,2.9836,N,,08/2018,Analyst
35-2014.00,1.A.3.b.1,Stamina,LV,2.0,8,0.189,1.6296,2.3704,N,N,08/2018,Analyst
35-2014.00,1.A.3.c.1,Extent Flexibility,IM,2.75,8,0.1637,2.4292,3.0708,N,,08/2018,Analyst
35-2014.00,1.A.3.c.1,Extent Flexibility,LV,2.75,8,0.1637,2.4292,3.0708,N,N,08/2018,Analyst
35-2014.00,1.A.3.c.2,Dynamic Flexibility,IM,1.38,8,0.183,1.0164,1.7336,N,,08/2018,Analyst
35-2014.00,1.A.3.c.2,Dynamic Flexibility,LV,0.38,8,0.183,0.0164,0.7336,N,N,08/2018,Analyst
35-2014.00,1.A.3.c.3,Gross Body Coordination,IM,2.12,8,0.125,1.88,2.37,N,,08/2018,Analyst
35-2014.00,1.A.3.c.3,Gross Body Coordination,LV,2.12,8,0.125,1.88,2.37,N,N,08/2018,Analyst
35-2014.00,1.A.3.c.4,Gross Body Equilibrium,IM,1.88,8,0.125,1.63,2.12,N,,08/2018,Analyst
35-2014.00,1.A.3.c.4,Gross Body Equilibrium,LV,1.38,8,0.3239,0.7402,2.0098,N,N,08/2018,Analyst
35-2014.00,1.A.4.a.1,Near Vision,IM,3.5,8,0.189,3.1296,3.8704,N,,08/2018,Analyst
35-2014.00,1.A.4.a.1,Near Vision,LV,3.38,8,0.183,3.0164,3.7336,N,N,08/2018,Analyst
35-2014.00,1.A.4.a.2,Far Vision,IM,2.75,8,0.1637,2.4292,3.0708,N,,08/2018,Analyst
35-2014.00,1.A.4.a.2,Far Vision,LV,2.62,8,0.2631,2.1094,3.1406,N,N,08/2018,Analyst
35-2014.00,1.A.4.a.3,Visual Color Discrimination,IM,3.0,8,0.189,2.6296,3.3704,N,,08/2018,Analyst
35-2014.00,1.A.4.a.3,Visual Color Discrimination,LV,2.88,8,0.125,2.63,3.12,N,N,08/2018,Analyst
35-2014.00,1.A.4.a.4,Night Vision,IM,1.0,8,0.0,1.0,1.0,N,,08/2018,Analyst
35-2014.00,1.A.4.a.4,Night Vision,LV,0.0,8,0.0,0.0,0.0,N,Y,08/2018,Analyst
35-2014.00,1.A.4.a.5,Peripheral Vision,IM,1.0,8,0.0,1.0,1.0,N,,08/2018,Analyst
35-2014.00,1.A.4.a.5,Peripheral Vision,LV,0.0,8,0.0,0.0,0.0,N,Y,08/2018,Analyst
35-2014.00,1.A.4.a.6,Depth Perception,IM,2.0,8,0.0,2.0,2.0,N,,08/2018,Analyst
35-2014.00,1.A.4.a.6,Depth Perception,LV,2.0,8,0.0,2.0,2.0,N,N,08/2018,Analyst
35-2014.00,1.A.4.a.7,Glare Sensitivity,IM,1.0,8,0.0,1.0,1.0,N,,08/2018,Analyst
35-2014.00,1.A.4.a.7,Glare Sensitivity,LV,0.0,8,0.0,0.0,0.0,N,Y,08/2018,Analyst
35-2014.00,1.A.4.b.1,Hearing Sensitivity,IM,2.5,8,0.189,2.1296,2.8704,N,,08/2018,Analyst
35-2014.00,1.A.4.b.1,Hearing Sensitivity,LV,2.12,8,0.125,1.88,2.37,N,N,08/2018,Analyst
35-2014.00,1.A.4.b.2,Auditory Attention,IM,2.25,8,0.1637,1.9292,2.5708,N,,08/2018,Analyst
35-2014.00,1.A.4.b.2,Auditory Attention,LV,2.38,8,0.183,2.0164,2.7336,N,N,08/2018,Analyst
35-2014.00,1.A.4.b.3,Sound Localization,IM,1.12,8,0.125,1.0,1.37,N,,08/2018,Analyst
35-2014.00,1.A.4.b.3,Sound Localization,LV,0.12,8,0.125,0.0,0.37,N,Y,08/2018,Analyst
35-2014.00,1.A.4.b.4,Speech Recognition,IM,3.12,8,0.125,2.88,3.37,N,,08/2018,Analyst
35-2014.00,1.A.4.b.4,Speech Recognition,LV,3.0,8,0.0,3.0,3.0,N,N,08/2018,Analyst
35-2014.00,1.A.4.b.5,Speech Clarity,IM,2.88,8,0.125,2.63,3.12,N,,08/2018,Analyst
35-2014.00,1.A.4.b.5,Speech Clarity,LV,2.5,8,0.189,2.1296,2.8704,N,N,08/2018,Analyst
35-2015.00,1.A.1.a.1,Oral Comprehension,IM,3.62,8,0.183,3.2664,3.9836,N,,08/2018,Analyst
35-2015.00,1.A.1.a.1,Oral Comprehension,LV,3.0,8,0.0,3.0,3.0,N,N,08/2018,Analyst
35-2015.00,1.A.1.a.2,Written Comprehension,IM,2.88,8,0.125,2.63,3.12,N,,08/2018,Analyst
35-2015.00,1.A.1.a.2,Written Comprehension,LV,2.88,8,0.125,2.63,3.12,N,N,08/2018,Analyst
35-2015.00,1.A.1.a.3,Oral Expression,IM,3.0,8,0.0,3.0,3.0,N,,08/2018,Analyst
35-2015.00,1.A.1.a.3,Oral Expression,LV,3.0,8,0.0,3.0,3.0,N,N,08/2018,Analyst
35-2015.00,1.A.1.a.4,Written Expression,IM,2.25,8,0.1637,1.9292,2.5708,N,,08/2018,Analyst
35-2015.00,1.A.1.a.4,Written Expression,LV,2.5,8,0.189,2.1296,2.8704,N,N,08/2018,Analyst
35-2015.00,1.A.1.b.1,Fluency of Ideas,IM,2.12,8,0.125,1.88,2.37,N,,08/2018,Analyst
35-2015.00,1.A.1.b.1,Fluency of Ideas,LV,2.25,8,0.1637,1.9292,2.5708,N,N,08/2018,Analyst
35-2015.00,1.A.1.b.2,Originality,IM,2.38,8,0.183,2.0164,2.7336,N,,08/2018,Analyst
35-2015.00,1.A.1.b.2,Originality,LV,2.38,8,0.183,2.0164,2.7336,N,N,08/2018,Analyst
35-2015.00,1.A.1.b.3,Problem Sensitivity,IM,3.12,8,0.125,2.88,3.37,N,,08/2018,Analyst
35-2015.00,1.A.1.b.3,Problem Sensitivity,LV,2.88,8,0.125,2.63,3.12,N,N,08/2018,Analyst
35-2015.00,1.A.1.b.4,Deductive Reasoning,IM,2.62,8,0.183,2.2664,2.9836,N,,08/2018,Analyst
35-2015.00,1.A.1.b.4,Deductive Reasoning,LV,2.88,8,0.125,2.63,3.12,N,N,08/2018,Analyst
35-2015.00,1.A.1.b.5,Inductive Reasoning,IM,2.62,8,0.183,2.2664,2.9836,N,,08/2018,Analyst
35-2015.00,1.A.1.b.5,Inductive Reasoning,LV,2.75,8,0.1637,2.4292,3.0708,N,N,08/2018,Analyst
35-2015.00,1.A.1.b.6,Information Ordering,IM,2.75,8,0.1637,2.4292,3.0708,N,,08/2018,Analyst
35-2015.00,1.A.1.b.6,Information Ordering,LV,3.0,8,0.0,3.0,3.0,N,N,08/2018,Analyst
35-2015.00,1.A.1.b.7,Category Flexibility,IM,2.75,8,0.1637,2.4292,3.0708,N,,08/2018,Analyst
35-2015.00,1.A.1.b.7,Category Flexibility,LV,2.88,8,0.125,2.63,3.12,N,N,08/2018,Analyst
35-2015.00,1.A.1.c.1,Mathematical Reasoning,IM,2.12,8,0.125,1.88,2.37,N,,08/2018,Analyst
35-2015.00,1.A.1.c.1,Mathematical Reasoning,LV,2.12,8,0.125,1.88,2.37,N,N,08/2018,Analyst
35-2015.00,1.A.1.c.2,Number Facility,IM,2.12,8,0.125,1.88,2.37,N,,08/2018,Analyst
35-2015.00,1.A.1.c.2,Number Facility,LV,2.0,8,0.0,2.0,2.0,N,N,08/2018,Analyst
35-2015.00,1.A.1.d.1,Memorization,IM,2.38,8,0.183,2.0164,2.7336,N,,08/2018,Analyst
35-2015.00,1.A.1.d.1,Memorization,LV,2.12,8,0.125,1.88,2.37,N,N,08/2018,Analyst
35-2015.00,1.A.1.e.1,Speed of Closure,IM,2.38,8,0.183,2.0164,2.7336,N,,08/2018,Analyst
35-2015.00,1.A.1.e.1,Speed of Closure,LV,2.5,8,0.189,2.1296,2.8704,N,N,08/2018,Analyst
35-2015.00,1.A.1.e.2,Flexibility of Closure,IM,2.75,8,0.1637,2.4292,3.0708,N,,08/2018,Analyst
35-2015.00,1.A.1.e.2,Flexibility of Closure,LV,2.38,8,0.183,2.0164,2.7336,N,N,08/2018,Analyst
35-2015.00,1.A.1.e.3,Perceptual Speed,IM,2.62,8,0.183,2.2664,2.9836,N,,08/2018,Analyst
35-2015.00,1.A.1.e.3,Perceptual Speed,LV,2.88,8,0.125,2.63,3.12,N,N,08/2018,Analyst
35-2015.00,1.A.1.f.1,Spatial Orientation,IM,1.0,8,0.0,1.0,1.0,N,,08/2018,Analyst
35-2015.00,1.A.1.f.1,Spatial Orientation,LV,0.0,8,0.0,0.0,0.0,N,Y,08/2018,Analyst
35-2015.00,1.A.1.f.2,Visualization,IM,2.5,8,0.189,2.1296,2.8704,N,,08/2018,Analyst
35-2015.00,1.A.1.f.2,Visualization,LV,2.5,8,0.189,2.1296,2.8704,N,N,08/2018,Analyst
35-2015.00,1.A.1.g.1,Selective Attention,IM,3.0,8,0.0,3.0,3.0,N,,08/2018,Analyst
35-2015.00,1.A.1.g.1,Selective Attention,LV,2.88,8,0.125,2.63,3.12,N,N,08/2018,Analyst
35-2015.00,1.A.1.g.2,Time Sharing,IM,3.0,8,0.189,2.6296,3.3704,N,,08/2018,Analyst
35-2015.00,1.A.1.g.2,Time Sharing,LV,2.88,8,0.125,2.63,3.12,N,N,08/2018,Analyst
35-2015.00,1.A.2.a.1,Arm-Hand Steadiness,IM,3.0,8,0.0,3.0,3.0,N,,08/2018,Analyst
35-2015.00,1.A.2.a.1,Arm-Hand Steadiness,LV,2.75,8,0.1637,2.4292,3.0708,N,N,08/2018,Analyst
35-2015.00,1.A.2.a.2,Manual Dexterity,IM,3.0,8,0.189,2.6296,3.3704,N,,08/2018,Analyst
35-2015.00,1.A.2.a.2,Manual Dexterity,LV,2.88,8,0.125,2.63,3.12,N,N,08/2018,Analyst
35-2015.00,1.A.2.a.3,Finger Dexterity,IM,3.0,8,0.0,3.0,3.0,N,,08/2018,Analyst
35-2015.00,1.A.2.a.3,Finger Dexterity,LV,2.88,8,0.125,2.63,3.12,N,N,08/2018,Analyst
35-2015.00,1.A.2.b.1,Control Precision,IM,3.0,8,0.0,3.0,3.0,N,,08/2018,Analyst
35-2015.00,1.A.2.b.1,Control Precision,LV,2.75,8,0.1637,2.4292,3.0708,N,N,08/2018,Analyst
35-2015.00,1.A.2.b.2,Multilimb Coordination,IM,2.62,8,0.183,2.2664,2.9836,N,,08/2018,Analyst
35-2015.00,1.A.2.b.2,Multilimb Coordination,LV,2.12,8,0.125,1.88,2.37,N,N,08/2018,Analyst
35-2015.00,1.A.2.b.3,Response Orientation,IM,1.75,8,0.1637,1.4292,2.0708,N,,08/2018,Analyst
35-2015.00,1.A.2.b.3,Response Orientation,LV,1.0,8,0.2673,0.4762,1.5238,N,N,08/2018,Analyst
35-2015.00,1.A.2.b.4,Rate Control,IM,2.0,8,0.0,2.0,2.0,N,,08/2018,Analyst
35-2015.00,1.A.2.b.4,Rate Control,LV,2.0,8,0.0,2.0,2.0,N,N,08/2018,Analyst
35-2015.00,1.A.2.c.1,Reaction Time,IM,2.0,8,0.0,2.0,2.0,N,,08/2018,Analyst
35-2015.00,1.A.2.c.1,Reaction Time,LV,1.88,8,0.125,1.63,2.12,N,N,08/2018,Analyst
35-2015.00,1.A.2.c.2,Wrist-Finger Speed,IM,1.25,8,0.1637,1.0,1.5708,N,,08/2018,Analyst
35-2015.00,1.A.2.c.2,Wrist-Finger Speed,LV,0.38,8,0.2631,0.0,0.8906,N,Y,08/2018,Analyst
35-2015.00,1.A.2.c.3,Speed of Limb Movement,IM,1.75,8,0.1637,1.4292,2.0708,N,,08/2018,Analyst
35-2015.00,1.A.2.c.3,Speed of Limb Movement,LV,1.25,8,0.3134,0.6358,1.8642,N,N,08/2018,Analyst
35-2015.00,1.A.3.a.1,Static Strength,IM,2.0,8,0.0,2.0,2.0,N,,08/2018,Analyst
35-2015.00,1.A.3.a.1,Static Strength,LV,2.0,8,0.0,2.0,2.0,N,N,08/2018,Analyst
35-2015.00,1.A.3.a.2,Explosive Strength,IM,1.38,8,0.183,1.0164,1.7336,N,,08/2018,Analyst
35-2015.00,1.A.3.a.2,Explosive Strength,LV,0.75,8,0.4119,0.0,1.5573,N,N,08/2018,Analyst
35-2015.00,1.A.3.a.3,Dynamic Strength,IM,2.0,8,0.0,2.0,2.0,N,,08/2018,Analyst
35-2015.00,1.A.3.a.3,Dynamic Strength,LV,2.0,8,0.0,2.0,2.0,N,N,08/2018,Analyst
35-2015.00,1.A.3.a.4,Trunk Strength,IM,3.0,8,0.0,3.0,3.0,N,,08/2018,Analyst
35-2015.00,1.A.3.a.4,Trunk Strength,LV,3.0,8,0.0,3.0,3.0,N,N,08/2018,Analyst
35-2015.00,1.A.3.b.1,Stamina,IM,2.25,8,0.1637,1.9292,2.5708,N,,08/2018,Analyst
35-2015.00,1.A.3.b.1,Stamina,LV,2.0,8,0.189,1.6296,2.3704,N,N,08/2018,Analyst
35-2015.00,1.A.3.c.1,Extent Flexibility,IM,2.75,8,0.1637,2.4292,3.0708,N,,08/2018,Analyst
35-2015.00,1.A.3.c.1,Extent Flexibility,LV,2.5,8,0.189,2.1296,2.8704,N,N,08/2018,Analyst
35-2015.00,1.A.3.c.2,Dynamic Flexibility,IM,1.0,8,0.0,1.0,1.0,N,,08/2018,Analyst
35-2015.00,1.A.3.c.2,Dynamic Flexibility,LV,0.0,8,0.0,0.0,0.0,N,Y,08/2018,Analyst
35-2015.00,1.A.3.c.3,Gross Body Coordination,IM,2.0,8,0.0,2.0,2.0,N,,08/2018,Analyst
35-2015.00,1.A.3.c.3,Gross Body Coordination,LV,2.0,8,0.0,2.0,2.0,N,N,08/2018,Analyst
35-2015.00,1.A.3.c.4,Gross Body Equilibrium,IM,2.0,8,0.0,2.0,2.0,N,,08/2018,Analyst
35-2015.00,1.A.3.c.4,Gross Body Equilibrium,LV,1.88,8,0.125,1.63,2.12,N,N,08/2018,Analyst
35-2015.00,1.A.4.a.1,Near Vision,IM,3.75,8,0.1637,3.4292,4.0708,N,,08/2018,Analyst
35-2015.00,1.A.4.a.1,Near Vision,LV,3.38,8,0.183,3.0164,3.7336,N,N,08/2018,Analyst
35-2015.00,1.A.4.a.2,Far Vision,IM,2.75,8,0.1637,2.4292,3.0708,N,,08/2018,Analyst
35-2015.00,1.A.4.a.2,Far Vision,LV,2.75,8,0.1637,2.4292,3.0708,N,N,08/2018,Analyst
35-2015.00,1.A.4.a.3,Visual Color Discrimination,IM,2.62,8,0.183,2.2664,2.9836,N,,08/2018,Analyst
35-2015.00,1.A.4.a.3,Visual Color Discrimination,LV,2.62,8,0.183,2.2664,2.9836,N,N,08/2018,Analyst
35-2015.00,1.A.4.a.4,Night Vision,IM,1.0,8,0.0,1.0,1.0,N,,08/2018,Analyst
35-2015.00,1.A.4.a.4,Night Vision,LV,0.0,8,0.0,0.0,0.0,N,Y,08/2018,Analyst
35-2015.00,1.A.4.a.5,Peripheral Vision,IM,1.0,8,0.0,1.0,1.0,N,,08/2018,Analyst
35-2015.00,1.A.4.a.5,Peripheral Vision,LV,0.0,8,0.0,0.0,0.0,N,Y,08/2018,Analyst
35-2015.00,1.A.4.a.6,Depth Perception,IM,1.88,8,0.125,1.63,2.12,N,,08/2018,Analyst
35-2015.00,1.A.4.a.6,Depth Perception,LV,1.38,8,0.2631,0.8594,1.8906,N,N,08/2018,Analyst
35-2015.00,1.A.4.a.7,Glare Sensitivity,IM,1.0,8,0.0,1.0,1.0,N,,08/2018,Analyst
35-2015.00,1.A.4.a.7,Glare Sensitivity,LV,0.0,8,0.0,0.0,0.0,N,Y,08/2018,Analyst
35-2015.00,1.A.4.b.1,Hearing Sensitivity,IM,2.75,8,0.1637,2.4292,3.0708,N,,08/2018,Analyst
35-2015.00,1.A.4.b.1,Hearing Sensitivity,LV,2.38,8,0.183,2.0164,2.7336,N,N,08/2018,Analyst
35-2015.00,1.A.4.b.2,Auditory Attention,IM,2.5,8,0.189,2.1296,2.8704,N,,08/2018,Analyst
35-2015.00,1.A.4.b.2,Auditory Attention,LV,2.0,8,0.0,2.0,2.0,N,N,08/2018,Analyst
35-2015.00,1.A.4.b.3,Sound Localization,IM,1.0,8,0.0,1.0,1.0,N,,08/2018,Analyst
35-2015.00,1.A.4.b.3,Sound Localization,LV,0.0,8,0.0,0.0,0.0,N,Y,08/2018,Analyst
35-2015.00,1.A.4.b.4,Speech Recognition,IM,3.12,8,0.125,2.88,3.37,N,,08/2018,Analyst
35-2015.00,1.A.4.b.4,Speech Recognition,LV,3.0,8,0.0,3.0,3.0,N,N,08/2018,Analyst
35-2015.00,1.A.4.b.5,Speech Clarity,IM,3.12,8,0.125,2.88,3.37,N,,08/2018,Analyst
35-2015.00,1.A.4.b.5,Speech Clarity,LV,2.88,8,0.125,2.63,3.12,N,N,08/2018,Analyst
35-2021.00,1.A.1.a.1,Oral Comprehension,IM,3.0,8,0.0,3.0,3.0,N,,08/2024,Analyst
35-2021.00,1.A.1.a.1,Oral Comprehension,LV,3.0,8,0.0,3.0,3.0,N,N,08/2024,Analyst
35-2021.00,1.A.1.a.2,Written Comprehension,IM,2.25,8,0.1637,1.9292,2.5708,N,,08/2024,Analyst
35-2021.00,1.A.1.a.2,Written Comprehension,LV,2.12,8,0.125,1.88,2.37,N,N,08/2024,Analyst
35-2021.00,1.A.1.a.3,Oral Expression,IM,2.88,8,0.125,2.63,3.12,N,,08/2024,Analyst
35-2021.00,1.A.1.a.3,Oral Expression,LV,2.38,8,0.183,2.0164,2.7336,N,N,08/2024,Analyst
35-2021.00,1.A.1.a.4,Written Expression,IM,1.88,8,0.125,1.63,2.12,N,,08/2024,Analyst
35-2021.00,1.A.1.a.4,Written Expression,LV,1.75,8,0.25,1.26,2.24,N,N,08/2024,Analyst
35-2021.00,1.A.1.b.1,Fluency of Ideas,IM,1.88,8,0.125,1.63,2.12,N,,08/2024,Analyst
35-2021.00,1.A.1.b.1,Fluency of Ideas,LV,1.75,8,0.25,1.26,2.24,N,N,08/2024,Analyst
35-2021.00,1.A.1.b.2,Originality,IM,1.88,8,0.125,1.63,2.12,N,,08/2024,Analyst
35-2021.00,1.A.1.b.2,Originality,LV,1.75,8,0.25,1.26,2.24,N,N,08/2024,Analyst
35-2021.00,1.A.1.b.3,Problem Sensitivity,IM,2.62,8,0.183,2.2664,2.9836,N,,08/2024,Analyst
35-2021.00,1.A.1.b.3,Problem Sensitivity,LV,2.12,8,0.125,1.88,2.37,N,N,08/2024,Analyst
35-2021.00,1.A.1.b.4,Deductive Reasoning,IM,2.62,8,0.183,2.2664,2.9836,N,,08/2024,Analyst
35-2021.00,1.A.1.b.4,Deductive Reasoning,LV,2.12,8,0.125,1.88,2.37,N,N,08/2024,Analyst
35-2021.00,1.A.1.b.5,Inductive Reasoning,IM,2.5,8,0.189,2.1296,2.8704,N,,08/2024,Analyst
35-2021.00,1.A.1.b.5,Inductive Reasoning,LV,2.0,8,0.0,2.0,2.0,N,N,08/2024,Analyst
35-2021.00,1.A.1.b.6,Information Ordering,IM,2.75,8,0.1637,2.4292,3.0708,N,,08/2024,Analyst
35-2021.00,1.A.1.b.6,Information Ordering,LV,2.5,8,0.189,2.1296,2.8704,N,N,08/2024,Analyst
35-2021.00,1.A.1.b.7,Category Flexibility,IM,2.62,8,0.183,2.2664,2.9836,N,,08/2024,Analyst
35-2021.00,1.A.1.b.7,Category Flexibility,LV,2.62,8,0.183,2.2664,2.9836,N,N,08/2024,Analyst
35-2021.00,1.A.1.c.1,Mathematical Reasoning,IM,1.88,8,0.125,1.63,2.12,N,,08/2024,Analyst
35-2021.00,1.A.1.c.1,Mathematical Reasoning,LV,1.38,8,0.2631,0.8594,1.8906,N,N,08/2024,Analyst
35-2021.00,1.A.1.c.2,Number Facility,IM,2.0,8,0.0,2.0,2.0,N,,08/2024,Analyst
35-2021.00,1.A.1.c.2,Number Facility,LV,1.62,8,0.183,1.2664,1.9836,N,N,08/2024,Analyst
35-2021.00,1.A.1.d.1,Memorization,IM,1.88,8,0.125,1.63,2.12,N,,08/2024,Analyst
35-2021.00,1.A.1.d.1,Memorization,LV,1.75,8,0.25,1.26,2.24,N,N,08/2024,Analyst
35-2021.00,1.A.1.e.1,Speed of Closure,IM,2.0,8,0.0,2.0,2.0,N,,08/2024,Analyst
35-2021.00,1.A.1.e.1,Speed of Closure,LV,1.75,8,0.1637,1.4292,2.0708,N,N,08/2024,Analyst
35-2021.00,1.A.1.e.2,Flexibility of Closure,IM,2.0,8,0.0,2.0,2.0,N,,08/2024,Analyst
35-2021.00,1.A.1.e.2,Flexibility of Closure,LV,1.88,8,0.125,1.63,2.12,N,N,08/2024,Analyst
35-2021.00,1.A.1.e.3,Perceptual Speed,IM,2.0,8,0.0,2.0,2.0,N,,08/2024,Analyst
35-2021.00,1.A.1.e.3,Perceptual Speed,LV,1.88,8,0.125,1.63,2.12,N,N,08/2024,Analyst
35-2021.00,1.A.1.f.1,Spatial Orientation,IM,1.75,8,0.25,1.26,2.24,N,,08/2024,Analyst
35-2021.00,1.A.1.f.1,Spatial Orientation,LV,0.88,8,0.3504,0.1883,1.5617,N,N,08/2024,Analyst
35-2021.00,1.A.1.f.2,Visualization,IM,2.0,8,0.0,2.0,2.0,N,,08/2024,Analyst
35-2021.00,1.A.1.f.2,Visualization,LV,1.88,8,0.125,1.63,2.12,N,N,08/2024,Analyst
35-2021.00,1.A.1.g.1,Selective Attention,IM,2.62,8,0.183,2.2664,2.9836,N,,08/2024,Analyst
35-2021.00,1.A.1.g.1,Selective Attention,LV,2.0,8,0.0,2.0,2.0,N,N,08/2024,Analyst
35-2021.00,1.A.1.g.2,Time Sharing,IM,2.12,8,0.125,1.88,2.37,N,,08/2024,Analyst
35-2021.00,1.A.1.g.2,Time Sharing,LV,1.88,8,0.125,1.63,2.12,N,N,08/2024,Analyst
35-2021.00,1.A.2.a.1,Arm-Hand Steadiness,IM,2.88,8,0.125,2.63,3.12,N,,08/2024,Analyst
35-2021.00,1.A.2.a.1,Arm-Hand Steadiness,LV,2.75,8,0.1637,2.4292,3.0708,N,N,08/2024,Analyst
35-2021.00,1.A.2.a.2,Manual Dexterity,IM,2.88,8,0.125,2.63,3.12,N,,08/2024,Analyst
35-2021.00,1.A.2.a.2,Manual Dexterity,LV,2.88,8,0.125,2.63,3.12,N,N,08/2024,Analyst
35-2021.00,1.A.2.a.3,Finger Dexterity,IM,2.88,8,0.125,2.63,3.12,N,,08/2024,Analyst
35-2021.00,1.A.2.a.3,Finger Dexterity,LV,2.88,8,0.125,2.63,3.12,N,N,08/2024,Analyst
35-2021.00,1.A.2.b.1,Control Precision,IM,2.0,8,0.0,2.0,2.0,N,,08/2024,Analyst
35-2021.00,1.A.2.b.1,Control Precision,LV,2.0,8,0.0,2.0,2.0,N,N,08/2024,Analyst
35-2021.00,1.A.2.b.2,Multilimb Coordination,IM,2.12,8,0.125,1.88,2.37,N,,08/2024,Analyst
35-2021.00,1.A.2.b.2,Multilimb Coordination,LV,1.88,8,0.125,1.63,2.12,N,N,08/2024,Analyst
35-2021.00,1.A.2.b.3,Response Orientation,IM,1.25,8,0.1637,1.0,1.5708,N,,08/2024,Analyst
35-2021.00,1.A.2.b.3,Response Orientation,LV,0.25,8,0.1637,0.0,0.5708,N,Y,08/2024,Analyst
35-2021.00,1.A.2.b.4,Rate Control,IM,1.38,8,0.183,1.0164,1.7336,N,,08/2024,Analyst
35-2021.00,1.A.2.b.4,Rate Control,LV,0.38,8,0.183,0.0164,0.7336,N,N,08/2024,Analyst
35-2021.00,1.A.2.c.1,Reaction Time,IM,1.62,8,0.183,1.2664,1.9836,N,,08/2024,Analyst
35-2021.00,1.A.2.c.1,Reaction Time,LV,0.75,8,0.25,0.26,1.24,N,N,08/2024,Analyst
35-2021.00,1.A.2.c.2,Wrist-Finger Speed,IM,1.88,8,0.2266,1.4309,2.3191,N,,08/2024,Analyst
35-2021.00,1.A.2.c.2,Wrist-Finger Speed,LV,1.5,8,0.378,0.7592,2.2408,N,N,08/2024,Analyst
35-2021.00,1.A.2.c.3,Speed of Limb Movement,IM,1.5,8,0.189,1.1296,1.8704,N,,08/2024,Analyst
35-2021.00,1.A.2.c.3,Speed of Limb Movement,LV,0.62,8,0.2631,0.1094,1.1406,N,N,08/2024,Analyst
35-2021.00,1.A.3.a.1,Static Strength,IM,2.25,8,0.1637,1.9292,2.5708,N,,08/2024,Analyst
35-2021.00,1.A.3.a.1,Static Strength,LV,2.0,8,0.0,2.0,2.0,N,N,08/2024,Analyst
35-2021.00,1.A.3.a.2,Explosive Strength,IM,1.75,8,0.1637,1.4292,2.0708,N,,08/2024,Analyst
35-2021.00,1.A.3.a.2,Explosive Strength,LV,1.0,8,0.2673,0.4762,1.5238,N,N,08/2024,Analyst
35-2021.00,1.A.3.a.3,Dynamic Strength,IM,2.0,8,0.0,2.0,2.0,N,,08/2024,Analyst
35-2021.00,1.A.3.a.3,Dynamic Strength,LV,2.0,8,0.0,2.0,2.0,N,N,08/2024,Analyst
35-2021.00,1.A.3.a.4,Trunk Strength,IM,3.0,8,0.0,3.0,3.0,N,,08/2024,Analyst
35-2021.00,1.A.3.a.4,Trunk Strength,LV,3.0,8,0.0,3.0,3.0,N,N,08/2024,Analyst
35-2021.00,1.A.3.b.1,Stamina,IM,2.5,8,0.189,2.1296,2.8704,N,,08/2024,Analyst
35-2021.00,1.A.3.b.1,Stamina,LV,2.0,8,0.0,2.0,2.0,N,N,08/2024,Analyst
35-2021.00,1.A.3.c.1,Extent Flexibility,IM,2.5,8,0.189,2.1296,2.8704,N,,08/2024,Analyst
35-2021.00,1.A.3.c.1,Extent Flexibility,LV,2.5,8,0.189,2.1296,2.8704,N,N,08/2024,Analyst
35-2021.00,1.A.3.c.2,Dynamic Flexibility,IM,1.25,8,0.1637,1.0,1.5708,N,,08/2024,Analyst
35-2021.00,1.A.3.c.2,Dynamic Flexibility,LV,0.25,8,0.1637,0.0,0.5708,N,Y,08/2024,Analyst
35-2021.00,1.A.3.c.3,Gross Body Coordination,IM,2.0,8,0.0,2.0,2.0,N,,08/2024,Analyst
35-2021.00,1.A.3.c.3,Gross Body Coordination,LV,1.62,8,0.183,1.2664,1.9836,N,N,08/2024,Analyst
35-2021.00,1.A.3.c.4,Gross Body Equilibrium,IM,1.88,8,0.125,1.63,2.12,N,,08/2024,Analyst
35-2021.00,1.A.3.c.4,Gross Body Equilibrium,LV,1.25,8,0.25,0.76,1.74,N,N,08/2024,Analyst
35-2021.00,1.A.4.a.1,Near Vision,IM,3.0,8,0.0,3.0,3.0,N,,08/2024,Analyst
35-2021.00,1.A.4.a.1,Near Vision,LV,3.0,8,0.0,3.0,3.0,N,N,08/2024,Analyst
35-2021.00,1.A.4.a.2,Far Vision,IM,2.38,8,0.183,2.0164,2.7336,N,,08/2024,Analyst
35-2021.00,1.A.4.a.2,Far Vision,LV,2.25,8,0.1637,1.9292,2.5708,N,N,08/2024,Analyst
35-2021.00,1.A.4.a.3,Visual Color Discrimination,IM,2.25,8,0.1637,1.9292,2.5708,N,,08/2024,Analyst
35-2021.00,1.A.4.a.3,Visual Color Discrimination,LV,1.88,8,0.125,1.63,2.12,N,N,08/2024,Analyst
35-2021.00,1.A.4.a.4,Night Vision,IM,1.0,8,0.0,1.0,1.0,N,,08/2024,Analyst
35-2021.00,1.A.4.a.4,Night Vision,LV,0.0,8,0.0,0.0,0.0,N,Y,08/2024,Analyst
35-2021.00,1.A.4.a.5,Peripheral Vision,IM,1.12,8,0.125,1.0,1.37,N,,08/2024,Analyst
35-2021.00,1.A.4.a.5,Peripheral Vision,LV,0.12,8,0.125,0.0,0.37,N,Y,08/2024,Analyst
35-2021.00,1.A.4.a.6,Depth Perception,IM,2.0,8,0.0,2.0,2.0,N,,08/2024,Analyst
35-2021.00,1.A.4.a.6,Depth Perception,LV,1.88,8,0.125,1.63,2.12,N,N,08/2024,Analyst
35-2021.00,1.A.4.a.7,Glare Sensitivity,IM,1.0,8,0.0,1.0,1.0,N,,08/2024,Analyst
35-2021.00,1.A.4.a.7,Glare Sensitivity,LV,0.0,8,0.0,0.0,0.0,N,Y,08/2024,Analyst
35-2021.00,1.A.4.b.1,Hearing Sensitivity,IM,1.88,8,0.125,1.63,2.12,N,,08/2024,Analyst
35-2021.00,1.A.4.b.1,Hearing Sensitivity,LV,1.75,8,0.25,1.26,2.24,N,N,08/2024,Analyst
35-2021.00,1.A.4.b.2,Auditory Attention,IM,2.0,8,0.0,2.0,2.0,N,,08/2024,Analyst
35-2021.00,1.A.4.b.2,Auditory Attention,LV,2.12,8,0.125,1.88,2.37,N,N,08/2024,Analyst
35-2021.00,1.A.4.b.3,Sound Localization,IM,1.0,8,0.0,1.0,1.0,N,,08/2024,Analyst
35-2021.00,1.A.4.b.3,Sound Localization,LV,0.0,8,0.0,0.0,0.0,N,Y,08/2024,Analyst
35-2021.00,1.A.4.b.4,Speech Recognition,IM,2.88,8,0.125,2.63,3.12,N,,08/2024,Analyst
35-2021.00,1.A.4.b.4,Speech Recognition,LV,2.75,8,0.1637,2.4292,3.0708,N,N,08/2024,Analyst
35-2021.00,1.A.4.b.5,Speech Clarity,IM,2.88,8,0.125,2.63,3.12,N,,08/2024,Analyst
35-2021.00,1.A.4.b.5,Speech Clarity,LV,2.5,8,0.189,2.1296,2.8704,N,N,08/2024,Analyst
35-3011.00,1.A.1.a.1,Oral Comprehension,IM,3.75,8,0.25,3.26,4.24,N,,07/2017,Analyst
35-3011.00,1.A.1.a.1,Oral Comprehension,LV,3.75,8,0.1637,3.4292,4.0708,N,N,07/2017,Analyst
35-3011.00,1.A.1.a.2,Written Comprehension,IM,3.0,8,0.0,3.0,3.0,N,,07/2017,Analyst
35-3011.00,1.A.1.a.2,Written Comprehension,LV,3.0,8,0.0,3.0,3.0,N,N,07/2017,Analyst
35-3011.00,1.A.1.a.3,Oral Expression,IM,3.88,8,0.125,3.63,4.12,N,,07/2017,Analyst
35-3011.00,1.A.1.a.3,Oral Expression,LV,3.75,8,0.1637,3.4292,4.0708,N,N,07/2017,Analyst
35-3011.00,1.A.1.a.4,Written Expression,IM,3.0,8,0.0,3.0,3.0,N,,07/2017,Analyst
35-3011.00,1.A.1.a.4,Written Expression,LV,2.88,8,0.125,2.63,3.12,N,N,07/2017,Analyst
35-3011.00,1.A.1.b.1,Fluency of Ideas,IM,2.75,8,0.1637,2.4292,3.0708,N,,07/2017,Analyst
35-3011.00,1.A.1.b.1,Fluency of Ideas,LV,2.88,8,0.125,2.63,3.12,N,N,07/2017,Analyst
35-3011.00,1.A.1.b.2,Originality,IM,2.88,8,0.125,2.63,3.12,N,,07/2017,Analyst
35-3011.00,1.A.1.b.2,Originality,LV,2.75,8,0.1637,2.4292,3.0708,N,N,07/2017,Analyst
35-3011.00,1.A.1.b.3,Problem Sensitivity,IM,3.0,8,0.0,3.0,3.0,N,,07/2017,Analyst
35-3011.00,1.A.1.b.3,Problem Sensitivity,LV,3.25,8,0.1637,2.9292,3.5708,N,N,07/2017,Analyst
35-3011.00,1.A.1.b.4,Deductive Reasoning,IM,3.0,8,0.0,3.0,3.0,N,,07/2017,Analyst
35-3011.00,1.A.1.b.4,Deductive Reasoning,LV,3.0,8,0.0,3.0,3.0,N,N,07/2017,Analyst
35-3011.00,1.A.1.b.5,Inductive Reasoning,IM,3.0,8,0.0,3.0,3.0,N,,07/2017,Analyst
35-3011.00,1.A.1.b.5,Inductive Reasoning,LV,3.0,8,0.0,3.0,3.0,N,N,07/2017,Analyst
35-3011.00,1.A.1.b.6,Information Ordering,IM,3.25,8,0.1637,2.9292,3.5708,N,,07/2017,Analyst
35-3011.00,1.A.1.b.6,Information Ordering,LV,3.0,8,0.0,3.0,3.0,N,N,07/2017,Analyst
35-3011.00,1.A.1.b.7,Category Flexibility,IM,2.88,8,0.125,2.63,3.12,N,,07/2017,Analyst
35-3011.00,1.A.1.b.7,Category Flexibility,LV,2.88,8,0.125,2.63,3.12,N,N,07/2017,Analyst
35-3011.00,1.A.1.c.1,Mathematical Reasoning,IM,2.25,8,0.1637,1.9292,2.5708,N,,07/2017,Analyst
35-3011.00,1.A.1.c.1,Mathematical Reasoning,LV,2.12,8,0.125,1.88,2.37,N,N,07/2017,Analyst
35-3011.00,1.A.1.c.2,Number Facility,IM,2.5,8,0.189,2.1296,2.8704,N,,07/2017,Analyst
35-3011.00,1.A.1.c.2,Number Facility,LV,2.25,8,0.1637,1.9292,2.5708,N,N,07/2017,Analyst
35-3011.00,1.A.1.d.1,Memorization,IM,3.0,8,0.0,3.0,3.0,N,,07/2017,Analyst
35-3011.00,1.A.1.d.1,Memorization,LV,2.75,8,0.1637,2.4292,3.0708,N,N,07/2017,Analyst
35-3011.00,1.A.1.e.1,Speed of Closure,IM,2.12,8,0.125,1.88,2.37,N,,07/2017,Analyst
35-3011.00,1.A.1.e.1,Speed of Closure,LV,2.12,8,0.125,1.88,2.37,N,N,07/2017,Analyst
35-3011.00,1.A.1.e.2,Flexibility of Closure,IM,2.75,8,0.1637,2.4292,3.0708,N,,07/2017,Analyst
35-3011.00,1.A.1.e.2,Flexibility of Closure,LV,2.75,8,0.1637,2.4292,3.0708,N,N,07/2017,Analyst
35-3011.00,1.A.1.e.3,Perceptual Speed,IM,2.75,8,0.1637,2.4292,3.0708,N,,07/2017,Analyst
35-3011.00,1.A.1.e.3,Perceptual Speed,LV,2.62,8,0.183,2.2664,2.9836,N,N,07/2017,Analyst
35-3011.00,1.A.1.f.1,Spatial Orientation,IM,1.25,8,0.25,1.0,1.74,N,,07/2017,Analyst
35-3011.00,1.A.1.f.1,Spatial Orientation,LV,0.12,8,0.125,0.0,0.37,N,Y,07/2017,Analyst
35-3011.00,1.A.1.f.2,Visualization,IM,2.5,8,0.189,2.1296,2.8704,N,,07/2017,Analyst
35-3011.00,1.A.1.f.2,Visualization,LV,2.62,8,0.183,2.2664,2.9836,N,N,07/2017,Analyst
35-3011.00,1.A.1.g.1,Selective Attention,IM,3.0,8,0.0,3.0,3.0,N,,07/2017,Analyst
35-3011.00,1.A.1.g.1,Selective Attention,LV,3.0,8,0.0,3.0,3.0,N,N,07/2017,Analyst
35-3011.00,1.A.1.g.2,Time Sharing,IM,2.88,8,0.125,2.63,3.12,N,,07/2017,Analyst
35-3011.00,1.A.1.g.2,Time Sharing,LV,2.88,8,0.125,2.63,3.12,N,N,07/2017,Analyst
35-3011.00,1.A.2.a.1,Arm-Hand Steadiness,IM,3.12,8,0.125,2.88,3.37,N,,07/2017,Analyst
35-3011.00,1.A.2.a.1,Arm-Hand Steadiness,LV,3.0,8,0.0,3.0,3.0,N,N,07/2017,Analyst
35-3011.00,1.A.2.a.2,Manual Dexterity,IM,3.12,8,0.125,2.88,3.37,N,,07/2017,Analyst
35-3011.00,1.A.2.a.2,Manual Dexterity,LV,3.0,8,0.0,3.0,3.0,N,N,07/2017,Analyst
35-3011.00,1.A.2.a.3,Finger Dexterity,IM,3.0,8,0.0,3.0,3.0,N,,07/2017,Analyst
35-3011.00,1.A.2.a.3,Finger Dexterity,LV,3.0,8,0.0,3.0,3.0,N,N,07/2017,Analyst
35-3011.00,1.A.2.b.1,Control Precision,IM,2.5,8,0.189,2.1296,2.8704,N,,07/2017,Analyst
35-3011.00,1.A.2.b.1,Control Precision,LV,2.62,8,0.183,2.2664,2.9836,N,N,07/2017,Analyst
35-3011.00,1.A.2.b.2,Multilimb Coordination,IM,2.75,8,0.1637,2.4292,3.0708,N,,07/2017,Analyst
35-3011.00,1.A.2.b.2,Multilimb Coordination,LV,2.88,8,0.125,2.63,3.12,N,N,07/2017,Analyst
35-3011.00,1.A.2.b.3,Response Orientation,IM,1.75,8,0.1637,1.4292,2.0708,N,,07/2017,Analyst
35-3011.00,1.A.2.b.3,Response Orientation,LV,1.38,8,0.3239,0.7402,2.0098,N,N,07/2017,Analyst
35-3011.00,1.A.2.b.4,Rate Control,IM,1.75,8,0.1637,1.4292,2.0708,N,,07/2017,Analyst
35-3011.00,1.A.2.b.4,Rate Control,LV,1.38,8,0.3239,0.7402,2.0098,N,N,07/2017,Analyst
35-3011.00,1.A.2.c.1,Reaction Time,IM,1.75,8,0.1637,1.4292,2.0708,N,,07/2017,Analyst
35-3011.00,1.A.2.c.1,Reaction Time,LV,1.38,8,0.3239,0.7402,2.0098,N,N,07/2017,Analyst
35-3011.00,1.A.2.c.2,Wrist-Finger Speed,IM,2.0,8,0.0,2.0,2.0,N,,07/2017,Analyst
35-3011.00,1.A.2.c.2,Wrist-Finger Speed,LV,1.75,8,0.1637,1.4292,2.0708,N,N,07/2017,Analyst
35-3011.00,1.A.2.c.3,Speed of Limb Movement,IM,1.75,8,0.1637,1.4292,2.0708,N,,07/2017,Analyst
35-3011.00,1.A.2.c.3,Speed of Limb Movement,LV,1.5,8,0.3273,0.8584,2.1416,N,N,07/2017,Analyst
35-3011.00,1.A.3.a.1,Static Strength,IM,2.25,8,0.1637,1.9292,2.5708,N,,07/2017,Analyst
35-3011.00,1.A.3.a.1,Static Strength,LV,2.62,8,0.183,2.2664,2.9836,N,N,07/2017,Analyst
35-3011.00,1.A.3.a.2,Explosive Strength,IM,1.38,8,0.2631,1.0,1.8906,N,,07/2017,Analyst
35-3011.00,1.A.3.a.2,Explosive Strength,LV,0.62,8,0.4199,0.0,1.4481,N,Y,07/2017,Analyst
35-3011.00,1.A.3.a.3,Dynamic Strength,IM,2.12,8,0.125,1.88,2.37,N,,07/2017,Analyst
35-3011.00,1.A.3.a.3,Dynamic Strength,LV,2.0,8,0.0,2.0,2.0,N,N,07/2017,Analyst
35-3011.00,1.A.3.a.4,Trunk Strength,IM,3.0,8,0.0,3.0,3.0,N,,07/2017,Analyst
35-3011.00,1.A.3.a.4,Trunk Strength,LV,2.88,8,0.125,2.63,3.12,N,N,07/2017,Analyst
35-3011.00,1.A.3.b.1,Stamina,IM,2.5,8,0.189,2.1296,2.8704,N,,07/2017,Analyst
35-3011.00,1.A.3.b.1,Stamina,LV,2.12,8,0.125,1.88,2.37,N,N,07/2017,Analyst
35-3011.00,1.A.3.c.1,Extent Flexibility,IM,2.62,8,0.183,2.2664,2.9836,N,,07/2017,Analyst
35-3011.00,1.A.3.c.1,Extent Flexibility,LV,2.88,8,0.125,2.63,3.12,N,N,07/2017,Analyst
35-3011.00,1.A.3.c.2,Dynamic Flexibility,IM,1.0,8,0.0,1.0,1.0,N,,07/2017,Analyst
35-3011.00,1.A.3.c.2,Dynamic Flexibility,LV,0.0,8,0.0,0.0,0.0,N,Y,07/2017,Analyst
35-3011.00,1.A.3.c.3,Gross Body Coordination,IM,2.75,8,0.1637,2.4292,3.0708,N,,07/2017,Analyst
35-3011.00,1.A.3.c.3,Gross Body Coordination,LV,2.5,8,0.189,2.1296,2.8704,N,N,07/2017,Analyst
35-3011.00,1.A.3.c.4,Gross Body Equilibrium,IM,2.12,8,0.125,1.88,2.37,N,,07/2017,Analyst
35-3011.00,1.A.3.c.4,Gross Body Equilibrium,LV,2.0,8,0.0,2.0,2.0,N,N,07/2017,Analyst
35-3011.00,1.A.4.a.1,Near Vision,IM,3.25,8,0.1637,2.9292,3.5708,N,,07/2017,Analyst
35-3011.00,1.A.4.a.1,Near Vision,LV,3.5,8,0.189,3.1296,3.8704,N,N,07/2017,Analyst
35-3011.00,1.A.4.a.2,Far Vision,IM,2.88,8,0.125,2.63,3.12,N,,07/2017,Analyst
35-3011.00,1.A.4.a.2,Far Vision,LV,2.88,8,0.125,2.63,3.12,N,N,07/2017,Analyst
35-3011.00,1.A.4.a.3,Visual Color Discrimination,IM,2.62,8,0.183,2.2664,2.9836,N,,07/2017,Analyst
35-3011.00,1.A.4.a.3,Visual Color Discrimination,LV,2.62,8,0.183,2.2664,2.9836,N,N,07/2017,Analyst
35-3011.00,1.A.4.a.4,Night Vision,IM,1.0,8,0.0,1.0,1.0,N,,07/2017,Analyst
35-3011.00,1.A.4.a.4,Night Vision,LV,0.0,8,0.0,0.0,0.0,N,Y,07/2017,Analyst
35-3011.00,1.A.4.a.5,Peripheral Vision,IM,1.12,8,0.125,1.0,1.37,N,,07/2017,Analyst
35-3011.00,1.A.4.a.5,Peripheral Vision,LV,0.12,8,0.125,0.0,0.37,N,Y,07/2017,Analyst
35-3011.00,1.A.4.a.6,Depth Perception,IM,2.12,8,0.125,1.88,2.37,N,,07/2017,Analyst
35-3011.00,1.A.4.a.6,Depth Perception,LV,2.12,8,0.125,1.88,2.37,N,N,07/2017,Analyst
35-3011.00,1.A.4.a.7,Glare Sensitivity,IM,1.0,8,0.0,1.0,1.0,N,,07/2017,Analyst
35-3011.00,1.A.4.a.7,Glare Sensitivity,LV,0.0,8,0.0,0.0,0.0,N,Y,07/2017,Analyst
35-3011.00,1.A.4.b.1,Hearing Sensitivity,IM,2.0,8,0.0,2.0,2.0,N,,07/2017,Analyst
35-3011.00,1.A.4.b.1,Hearing Sensitivity,LV,2.5,8,0.189,2.1296,2.8704,N,N,07/2017,Analyst
35-3011.00,1.A.4.b.2,Auditory Attention,IM,3.0,8,0.0,3.0,3.0,N,,07/2017,Analyst
35-3011.00,1.A.4.b.2,Auditory Attention,LV,3.0,8,0.0,3.0,3.0,N,N,07/2017,Analyst
35-3011.00,1.A.4.b.3,Sound Localization,IM,1.12,8,0.125,1.0,1.37,N,,07/2017,Analyst
35-3011.00,1.A.4.b.3,Sound Localization,LV,0.25,8,0.25,0.0,0.74,N,Y,07/2017,Analyst
35-3011.00,1.A.4.b.4,Speech Recognition,IM,3.25,8,0.1637,2.9292,3.5708,N,,07/2017,Analyst
35-3011.00,1.A.4.b.4,Speech Recognition,LV,3.5,8,0.189,3.1296,3.8704,N,N,07/2017,Analyst
35-3011.00,1.A.4.b.5,Speech Clarity,IM,3.12,8,0.125,2.88,3.37,N,,07/2017,Analyst
35-3011.00,1.A.4.b.5,Speech Clarity,LV,3.0,8,0.0,3.0,3.0,N,N,07/2017,Analyst
35-3023.00,1.A.1.a.1,Oral Comprehension,IM,3.38,8,0.183,3.0164,3.7336,N,,08/2022,Analyst
35-3023.00,1.A.1.a.1,Oral Comprehension,LV,2.88,8,0.2266,2.4309,3.3191,N,N,08/2022,Analyst
35-3023.00,1.A.1.a.2,Written Comprehension,IM,2.38,8,0.183,2.0164,2.7336,N,,08/2022,Analyst
35-3023.00,1.A.1.a.2,Written Comprehension,LV,2.25,8,0.1637,1.9292,2.5708,N,N,08/2022,Analyst
35-3023.00,1.A.1.a.3,Oral Expression,IM,3.25,8,0.1637,2.9292,3.5708,N,,08/2022,Analyst
35-3023.00,1.A.1.a.3,Oral Expression,LV,2.75,8,0.25,2.26,3.24,N,N,08/2022,Analyst
35-3023.00,1.A.1.a.4,Written Expression,IM,2.12,8,0.125,1.88,2.37,N,,08/2022,Analyst
35-3023.00,1.A.1.a.4,Written Expression,LV,1.75,8,0.1637,1.4292,2.0708,N,N,08/2022,Analyst
35-3023.00,1.A.1.b.1,Fluency of Ideas,IM,2.0,8,0.189,1.6296,2.3704,N,,08/2022,Analyst
35-3023.00,1.A.1.b.1,Fluency of Ideas,LV,1.62,8,0.2631,1.1094,2.1406,N,N,08/2022,Analyst
35-3023.00,1.A.1.b.2,Originality,IM,1.75,8,0.1637,1.4292,2.0708,N,,08/2022,Analyst
35-3023.00,1.A.1.b.2,Originality,LV,1.5,8,0.3273,0.8584,2.1416,N,N,08/2022,Analyst
35-3023.00,1.A.1.b.3,Problem Sensitivity,IM,2.88,8,0.125,2.63,3.12,N,,08/2022,Analyst
35-3023.00,1.A.1.b.3,Problem Sensitivity,LV,2.5,8,0.189,2.1296,2.8704,N,N,08/2022,Analyst
35-3023.00,1.A.1.b.4,Deductive Reasoning,IM,2.38,8,0.183,2.0164,2.7336,N,,08/2022,Analyst
35-3023.00,1.A.1.b.4,Deductive Reasoning,LV,2.12,8,0.125,1.88,2.37,N,N,08/2022,Analyst
35-3023.00,1.A.1.b.5,Inductive Reasoning,IM,2.38,8,0.183,2.0164,2.7336,N,,08/2022,Analyst
35-3023.00,1.A.1.b.5,Inductive Reasoning,LV,1.88,8,0.125,1.63,2.12,N,N,08/2022,Analyst
35-3023.00,1.A.1.b.6,Information Ordering,IM,2.62,8,0.183,2.2664,2.9836,N,,08/2022,Analyst
35-3023.00,1.A.1.b.6,Information Ordering,LV,2.12,8,0.125,1.88,2.37,N,N,08/2022,Analyst
35-3023.00,1.A.1.b.7,Category Flexibility,IM,2.25,8,0.1637,1.9292,2.5708,N,,08/2022,Analyst
35-3023.00,1.A.1.b.7,Category Flexibility,LV,2.12,8,0.125,1.88,2.37,N,N,08/2022,Analyst
35-3023.00,1.A.1.c.1,Mathematical Reasoning,IM,2.25,8,0.1637,1.9292,2.5708,N,,08/2022,Analyst
35-3023.00,1.A.1.c.1,Mathematical Reasoning,LV,1.5,8,0.189,1.1296,1.8704,N,N,08/2022,Analyst
35-3023.00,1.A.1.c.2,Number Facility,IM,2.38,8,0.183,2.0164,2.7336,N,,08/2022,Analyst
35-3023.00,1.A.1.c.2,Number Facility,LV,1.88,8,0.2266,1.4309,2.3191,N,N,08/2022,Analyst
35-3023.00,1.A.1.d.1,Memorization,IM,2.38,8,0.183,2.0164,2.7336,N,,08/2022,Analyst
35-3023.00,1.A.1.d.1,Memorization,LV,2.0,8,0.2673,1.4762,2.5238,N,N,08/2022,Analyst
35-3023.00,1.A.1.e.1,Speed of Closure,IM,2.12,8,0.125,1.88,2.37,N,,08/2022,Analyst
35-3023.00,1.A.1.e.1,Speed of Closure,LV,1.62,8,0.183,1.2664,1.9836,N,N,08/2022,Analyst
35-3023.00,1.A.1.e.2,Flexibility of Closure,IM,2.25,8,0.1637,1.9292,2.5708,N,,08/2022,Analyst
35-3023.00,1.A.1.e.2,Flexibility of Closure,LV,1.75,8,0.25,1.26,2.24,N,N,08/2022,Analyst
35-3023.00,1.A.1.e.3,Perceptual Speed,IM,2.25,8,0.1637,1.9292,2.5708,N,,08/2022,Analyst
35-3023.00,1.A.1.e.3,Perceptual Speed,LV,2.0,8,0.189,1.6296,2.3704,N,N,08/2022,Analyst
35-3023.00,1.A.1.f.1,Spatial Orientation,IM,1.5,8,0.189,1.1296,1.8704,N,,08/2022,Analyst
35-3023.00,1.A.1.f.1,Spatial Orientation,LV,0.88,8,0.3504,0.1883,1.5617,N,N,08/2022,Analyst
35-3023.00,1.A.1.f.2,Visualization,IM,2.0,8,0.0,2.0,2.0,N,,08/2022,Analyst
35-3023.00,1.A.1.f.2,Visualization,LV,1.75,8,0.1637,1.4292,2.0708,N,N,08/2022,Analyst
35-3023.00,1.A.1.g.1,Selective Attention,IM,2.62,8,0.183,2.2664,2.9836,N,,08/2022,Analyst
35-3023.00,1.A.1.g.1,Selective Attention,LV,2.12,8,0.125,1.88,2.37,N,N,08/2022,Analyst
35-3023.00,1.A.1.g.2,Time Sharing,IM,2.75,8,0.1637,2.4292,3.0708,N,,08/2022,Analyst
35-3023.00,1.A.1.g.2,Time Sharing,LV,2.12,8,0.125,1.88,2.37,N,N,08/2022,Analyst
35-3023.00,1.A.2.a.1,Arm-Hand Steadiness,IM,2.62,8,0.183,2.2664,2.9836,N,,08/2022,Analyst
35-3023.00,1.A.2.a.1,Arm-Hand Steadiness,LV,2.25,8,0.1637,1.9292,2.5708,N,N,08/2022,Analyst
35-3023.00,1.A.2.a.2,Manual Dexterity,IM,2.62,8,0.183,2.2664,2.9836,N,,08/2022,Analyst
35-3023.00,1.A.2.a.2,Manual Dexterity,LV,2.25,8,0.3134,1.6358,2.8642,N,N,08/2022,Analyst
35-3023.00,1.A.2.a.3,Finger Dexterity,IM,2.5,8,0.189,2.1296,2.8704,N,,08/2022,Analyst
35-3023.00,1.A.2.a.3,Finger Dexterity,LV,2.12,8,0.2266,1.6809,2.5691,N,N,08/2022,Analyst
35-3023.00,1.A.2.b.1,Control Precision,IM,2.0,8,0.0,2.0,2.0,N,,08/2022,Analyst
35-3023.00,1.A.2.b.1,Control Precision,LV,1.88,8,0.125,1.63,2.12,N,N,08/2022,Analyst
35-3023.00,1.A.2.b.2,Multilimb Coordination,IM,1.62,8,0.3239,1.0,2.2598,N,,08/2022,Analyst
35-3023.00,1.A.2.b.2,Multilimb Coordination,LV,0.75,8,0.4119,0.0,1.5573,N,N,08/2022,Analyst
35-3023.00,1.A.2.b.3,Response Orientation,IM,1.5,8,0.189,1.1296,1.8704,N,,08/2022,Analyst
35-3023.00,1.A.2.b.3,Response Orientation,LV,1.0,8,0.378,0.2592,1.7408,N,N,08/2022,Analyst
35-3023.00,1.A.2.b.4,Rate Control,IM,1.62,8,0.183,1.2664,1.9836,N,,08/2022,Analyst
35-3023.00,1.A.2.b.4,Rate Control,LV,0.75,8,0.25,0.26,1.24,N,N,08/2022,Analyst
35-3023.00,1.A.2.c.1,Reaction Time,IM,1.75,8,0.1637,1.4292,2.0708,N,,08/2022,Analyst
35-3023.00,1.A.2.c.1,Reaction Time,LV,1.0,8,0.2673,0.4762,1.5238,N,N,08/2022,Analyst
35-3023.00,1.A.2.c.2,Wrist-Finger Speed,IM,1.62,8,0.2631,1.1094,2.1406,N,,08/2022,Analyst
35-3023.00,1.A.2.c.2,Wrist-Finger Speed,LV,1.0,8,0.4226,0.1717,1.8283,N,N,08/2022,Analyst
35-3023.00,1.A.2.c.3,Speed of Limb Movement,IM,1.25,8,0.1637,1.0,1.5708,N,,08/2022,Analyst
35-3023.00,1.A.2.c.3,Speed of Limb Movement,LV,0.25,8,0.1637,0.0,0.5708,N,Y,08/2022,Analyst
35-3023.00,1.A.3.a.1,Static Strength,IM,1.5,8,0.189,1.1296,1.8704,N,,08/2022,Analyst
35-3023.00,1.A.3.a.1,Static Strength,LV,0.75,8,0.3134,0.1358,1.3642,N,N,08/2022,Analyst
35-3023.00,1.A.3.a.2,Explosive Strength,IM,1.38,8,0.183,1.0164,1.7336,N,,08/2022,Analyst
35-3023.00,1.A.3.a.2,Explosive Strength,LV,0.5,8,0.2673,0.0,1.0238,N,N,08/2022,Analyst
35-3023.00,1.A.3.a.3,Dynamic Strength,IM,2.12,8,0.2266,1.6809,2.5691,N,,08/2022,Analyst
35-3023.00,1.A.3.a.3,Dynamic Strength,LV,1.5,8,0.378,0.7592,2.2408,N,N,08/2022,Analyst
35-3023.00,1.A.3.a.4,Trunk Strength,IM,2.75,8,0.25,2.26,3.24,N,,08/2022,Analyst
35-3023.00,1.A.3.a.4,Trunk Strength,LV,2.38,8,0.3239,1.7402,3.0098,N,N,08/2022,Analyst
35-3023.00,1.A.3.b.1,Stamina,IM,2.12,8,0.125,1.88,2.37,N,,08/2022,Analyst
35-3023.00,1.A.3.b.1,Stamina,LV,1.62,8,0.2631,1.1094,2.1406,N,N,08/2022,Analyst
35-3023.00,1.A.3.c.1,Extent Flexibility,IM,2.0,8,0.189,1.6296,2.3704,N,,08/2022,Analyst
35-3023.00,1.A.3.c.1,Extent Flexibility,LV,1.75,8,0.366,1.0327,2.4673,N,N,08/2022,Analyst
35-3023.00,1.A.3.c.2,Dynamic Flexibility,IM,1.0,8,0.0,1.0,1.0,N,,08/2022,Analyst
35-3023.00,1.A.3.c.2,Dynamic Flexibility,LV,0.0,8,0.0,0.0,0.0,N,Y,08/2022,Analyst
35-3023.00,1.A.3.c.3,Gross Body Coordination,IM,2.0,8,0.2673,1.4762,2.5238,N,,08/2022,Analyst
35-3023.00,1.A.3.c.3,Gross Body Coordination,LV,1.12,8,0.3504,0.4383,1.8117,N,N,08/2022,Analyst
35-3023.00,1.A.3.c.4,Gross Body Equilibrium,IM,1.75,8,0.1637,1.4292,2.0708,N,,08/2022,Analyst
35-3023.00,1.A.3.c.4,Gross Body Equilibrium,LV,1.12,8,0.295,0.5467,1.7033,N,N,08/2022,Analyst
35-3023.00,1.A.4.a.1,Near Vision,IM,3.12,8,0.2266,2.6809,3.5691,N,,08/2022,Analyst
35-3023.00,1.A.4.a.1,Near Vision,LV,2.75,8,0.1637,2.4292,3.0708,N,N,08/2022,Analyst
35-3023.00,1.A.4.a.2,Far Vision,IM,2.62,8,0.183,2.2664,2.9836,N,,08/2022,Analyst
35-3023.00,1.A.4.a.2,Far Vision,LV,2.5,8,0.189,2.1296,2.8704,N,N,08/2022,Analyst
35-3023.00,1.A.4.a.3,Visual Color Discrimination,IM,2.12,8,0.125,1.88,2.37,N,,08/2022,Analyst
35-3023.00,1.A.4.a.3,Visual Color Discrimination,LV,1.88,8,0.125,1.63,2.12,N,N,08/2022,Analyst
35-3023.00,1.A.4.a.4,Night Vision,IM,1.0,8,0.0,1.0,1.0,N,,08/2022,Analyst
35-3023.00,1.A.4.a.4,Night Vision,LV,0.0,8,0.0,0.0,0.0,N,Y,08/2022,Analyst
35-3023.00,1.A.4.a.5,Peripheral Vision,IM,1.12,8,0.125,1.0,1.37,N,,08/2022,Analyst
35-3023.00,1.A.4.a.5,Peripheral Vision,LV,0.25,8,0.25,0.0,0.74,N,Y,08/2022,Analyst
35-3023.00,1.A.4.a.6,Depth Perception,IM,1.75,8,0.1637,1.4292,2.0708,N,,08/2022,Analyst
35-3023.00,1.A.4.a.6,Depth Perception,LV,1.12,8,0.295,0.5467,1.7033,N,N,08/2022,Analyst
35-3023.00,1.A.4.a.7,Glare Sensitivity,IM,1.0,8,0.0,1.0,1.0,N,,08/2022,Analyst
35-3023.00,1.A.4.a.7,Glare Sensitivity,LV,0.0,8,0.0,0.0,0.0,N,Y,08/2022,Analyst
35-3023.00,1.A.4.b.1,Hearing Sensitivity,IM,1.88,8,0.125,1.63,2.12,N,,08/2022,Analyst
35-3023.00,1.A.4.b.1,Hearing Sensitivity,LV,1.38,8,0.2631,0.8594,1.8906,N,N,08/2022,Analyst
35-3023.00,1.A.4.b.2,Auditory Attention,IM,2.5,8,0.189,2.1296,2.8704,N,,08/2022,Analyst
35-3023.00,1.A.4.b.2,Auditory Attention,LV,2.38,8,0.183,2.0164,2.7336,N,N,08/2022,Analyst
35-3023.00,1.A.4.b.3,Sound Localization,IM,1.25,8,0.1637,1.0,1.5708,N,,08/2022,Analyst
35-3023.00,1.A.4.b.3,Sound Localization,LV,0.38,8,0.2631,0.0,0.8906,N,Y,08/2022,Analyst
35-3023.00,1.A.4.b.4,Speech Recognition,IM,3.25,8,0.1637,2.9292,3.5708,N,,08/2022,Analyst
35-3023.00,1.A.4.b.4,Speech Recognition,LV,2.88,8,0.2266,2.4309,3.3191,N,N,08/2022,Analyst
35-3023.00,1.A.4.b.5,Speech Clarity,IM,3.12,8,0.125,2.88,3.37,N,,08/2022,Analyst
35-3023.00,1.A.4.b.5,Speech Clarity,LV,2.75,8,0.25,2.26,3.24,N,N,08/2022,Analyst
35-3023.01,1.A.1.a.1,Oral Comprehension,IM,3.75,8,0.25,3.26,4.24,N,,07/2015,Analyst
35-3023.01,1.A.1.a.1,Oral Comprehension,LV,3.25,8,0.3134,2.6358,3.8642,N,N,07/2015,Analyst
35-3023.01,1.A.1.a.2,Written Comprehension,IM,3.0,8,0.189,2.6296,3.3704,N,,07/2015,Analyst
35-3023.01,1.A.1.a.2,Written Comprehension,LV,3.12,8,0.295,2.5467,3.7033,N,N,07/2015,Analyst
35-3023.01,1.A.1.a.3,Oral Expression,IM,3.62,8,0.183,3.2664,3.9836,N,,07/2015,Analyst
35-3023.01,1.A.1.a.3,Oral Expression,LV,3.5,8,0.189,3.1296,3.8704,N,N,07/2015,Analyst
35-3023.01,1.A.1.a.4,Written Expression,IM,2.75,8,0.1637,2.4292,3.0708,N,,07/2015,Analyst
35-3023.01,1.A.1.a.4,Written Expression,LV,2.62,8,0.183,2.2664,2.9836,N,N,07/2015,Analyst
35-3023.01,1.A.1.b.1,Fluency of Ideas,IM,2.62,8,0.2631,2.1094,3.1406,N,,07/2015,Analyst
35-3023.01,1.A.1.b.1,Fluency of Ideas,LV,2.38,8,0.183,2.0164,2.7336,N,N,07/2015,Analyst
35-3023.01,1.A.1.b.2,Originality,IM,2.5,8,0.3273,1.8584,3.1416,N,,07/2015,Analyst
35-3023.01,1.A.1.b.2,Originality,LV,2.12,8,0.3504,1.4383,2.8117,N,N,07/2015,Analyst
35-3023.01,1.A.1.b.3,Problem Sensitivity,IM,3.12,8,0.2266,2.6809,3.5691,N,,07/2015,Analyst
35-3023.01,1.A.1.b.3,Problem Sensitivity,LV,2.75,8,0.1637,2.4292,3.0708,N,N,07/2015,Analyst
35-3023.01,1.A.1.b.4,Deductive Reasoning,IM,2.88,8,0.295,2.2967,3.4533,N,,07/2015,Analyst
35-3023.01,1.A.1.b.4,Deductive Reasoning,LV,2.62,8,0.183,2.2664,2.9836,N,N,07/2015,Analyst
35-3023.01,1.A.1.b.5,Inductive Reasoning,IM,2.62,8,0.2631,2.1094,3.1406,N,,07/2015,Analyst
35-3023.01,1.A.1.b.5,Inductive Reasoning,LV,2.5,8,0.189,2.1296,2.8704,N,N,07/2015,Analyst
35-3023.01,1.A.1.b.6,Information Ordering,IM,3.12,8,0.2266,2.6809,3.5691,N,,07/2015,Analyst
35-3023.01,1.A.1.b.6,Information Ordering,LV,2.75,8,0.1637,2.4292,3.0708,N,N,07/2015,Analyst
35-3023.01,1.A.1.b.7,Category Flexibility,IM,2.75,8,0.25,2.26,3.24,N,,07/2015,Analyst
35-3023.01,1.A.1.b.7,Category Flexibility,LV,2.75,8,0.1637,2.4292,3.0708,N,N,07/2015,Analyst
35-3023.01,1.A.1.c.1,Mathematical Reasoning,IM,2.12,8,0.125,1.88,2.37,N,,07/2015,Analyst
35-3023.01,1.A.1.c.1,Mathematical Reasoning,LV,1.88,8,0.2266,1.4309,2.3191,N,N,07/2015,Analyst
35-3023.01,1.A.1.c.2,Number Facility,IM,2.5,8,0.189,2.1296,2.8704,N,,07/2015,Analyst
35-3023.01,1.A.1.c.2,Number Facility,LV,2.0,8,0.2673,1.4762,2.5238,N,N,07/2015,Analyst
35-3023.01,1.A.1.d.1,Memorization,IM,2.5,8,0.2673,1.9762,3.0238,N,,07/2015,Analyst
35-3023.01,1.A.1.d.1,Memorization,LV,2.5,8,0.2673,1.9762,3.0238,N,N,07/2015,Analyst
35-3023.01,1.A.1.e.1,Speed of Closure,IM,2.62,8,0.2631,2.1094,3.1406,N,,07/2015,Analyst
35-3023.01,1.A.1.e.1,Speed of Closure,LV,2.62,8,0.2631,2.1094,3.1406,N,N,07/2015,Analyst
35-3023.01,1.A.1.e.2,Flexibility of Closure,IM,2.75,8,0.25,2.26,3.24,N,,07/2015,Analyst
35-3023.01,1.A.1.e.2,Flexibility of Closure,LV,2.62,8,0.2631,2.1094,3.1406,N,N,07/2015,Analyst
35-3023.01,1.A.1.e.3,Perceptual Speed,IM,2.75,8,0.1637,2.4292,3.0708,N,,07/2015,Analyst
35-3023.01,1.A.1.e.3,Perceptual Speed,LV,2.5,8,0.189,2.1296,2.8704,N,N,07/2015,Analyst
35-3023.01,1.A.1.f.1,Spatial Orientation,IM,1.12,8,0.125,1.0,1.37,N,,07/2015,Analyst
35-3023.01,1.A.1.f.1,Spatial Orientation,LV,0.38,8,0.375,0.0,1.11,N,Y,07/2015,Analyst
35-3023.01,1.A.1.f.2,Visualization,IM,2.38,8,0.183,2.0164,2.7336,N,,07/2015,Analyst
35-3023.01,1.A.1.f.2,Visualization,LV,2.38,8,0.183,2.0164,2.7336,N,N,07/2015,Analyst
35-3023.01,1.A.1.g.1,Selective Attention,IM,2.88,8,0.2266,2.4309,3.3191,N,,07/2015,Analyst
35-3023.01,1.A.1.g.1,Selective Attention,LV,2.5,8,0.189,2.1296,2.8704,N,N,07/2015,Analyst
35-3023.01,1.A.1.g.2,Time Sharing,IM,3.12,8,0.295,2.5467,3.7033,N,,07/2015,Analyst
35-3023.01,1.A.1.g.2,Time Sharing,LV,2.5,8,0.189,2.1296,2.8704,N,N,07/2015,Analyst
35-3023.01,1.A.2.a.1,Arm-Hand Steadiness,IM,3.12,8,0.125,2.88,3.37,N,,07/2015,Analyst
35-3023.01,1.A.2.a.1,Arm-Hand Steadiness,LV,2.88,8,0.125,2.63,3.12,N,N,07/2015,Analyst
35-3023.01,1.A.2.a.2,Manual Dexterity,IM,3.0,8,0.189,2.6296,3.3704,N,,07/2015,Analyst
35-3023.01,1.A.2.a.2,Manual Dexterity,LV,2.88,8,0.125,2.63,3.12,N,N,07/2015,Analyst
35-3023.01,1.A.2.a.3,Finger Dexterity,IM,3.12,8,0.125,2.88,3.37,N,,07/2015,Analyst
35-3023.01,1.A.2.a.3,Finger Dexterity,LV,3.12,8,0.2266,2.6809,3.5691,N,N,07/2015,Analyst
35-3023.01,1.A.2.b.1,Control Precision,IM,3.0,8,0.189,2.6296,3.3704,N,,07/2015,Analyst
35-3023.01,1.A.2.b.1,Control Precision,LV,2.62,8,0.183,2.2664,2.9836,N,N,07/2015,Analyst
35-3023.01,1.A.2.b.2,Multilimb Coordination,IM,2.75,8,0.1637,2.4292,3.0708,N,,07/2015,Analyst
35-3023.01,1.A.2.b.2,Multilimb Coordination,LV,2.62,8,0.183,2.2664,2.9836,N,N,07/2015,Analyst
35-3023.01,1.A.2.b.3,Response Orientation,IM,1.5,8,0.2673,1.0,2.0238,N,,07/2015,Analyst
35-3023.01,1.A.2.b.3,Response Orientation,LV,0.75,8,0.4119,0.0,1.5573,N,N,07/2015,Analyst
35-3023.01,1.A.2.b.4,Rate Control,IM,2.25,8,0.25,1.76,2.74,N,,07/2015,Analyst
35-3023.01,1.A.2.b.4,Rate Control,LV,1.75,8,0.3134,1.1358,2.3642,N,N,07/2015,Analyst
35-3023.01,1.A.2.c.1,Reaction Time,IM,2.5,8,0.189,2.1296,2.8704,N,,07/2015,Analyst
35-3023.01,1.A.2.c.1,Reaction Time,LV,2.5,8,0.2673,1.9762,3.0238,N,N,07/2015,Analyst
35-3023.01,1.A.2.c.2,Wrist-Finger Speed,IM,2.5,8,0.189,2.1296,2.8704,N,,07/2015,Analyst
35-3023.01,1.A.2.c.2,Wrist-Finger Speed,LV,2.0,8,0.2673,1.4762,2.5238,N,N,07/2015,Analyst
35-3023.01,1.A.2.c.3,Speed of Limb Movement,IM,1.5,8,0.2673,1.0,2.0238,N,,07/2015,Analyst
35-3023.01,1.A.2.c.3,Speed of Limb Movement,LV,0.75,8,0.4119,0.0,1.5573,N,N,07/2015,Analyst
35-3023.01,1.A.3.a.1,Static Strength,IM,2.62,8,0.183,2.2664,2.9836,N,,07/2015,Analyst
35-3023.01,1.A.3.a.1,Static Strength,LV,2.25,8,0.25,1.76,2.74,N,N,07/2015,Analyst
35-3023.01,1.A.3.a.2,Explosive Strength,IM,2.12,8,0.2266,1.6809,2.5691,N,,07/2015,Analyst
35-3023.01,1.A.3.a.2,Explosive Strength,LV,1.75,8,0.366,1.0327,2.4673,N,N,07/2015,Analyst
35-3023.01,1.A.3.a.3,Dynamic Strength,IM,2.38,8,0.183,2.0164,2.7336,N,,07/2015,Analyst
35-3023.01,1.A.3.a.3,Dynamic Strength,LV,2.0,8,0.2673,1.4762,2.5238,N,N,07/2015,Analyst
35-3023.01,1.A.3.a.4,Trunk Strength,IM,3.0,8,0.189,2.6296,3.3704,N,,07/2015,Analyst
35-3023.01,1.A.3.a.4,Trunk Strength,LV,3.0,8,0.189,2.6296,3.3704,N,N,07/2015,Analyst
35-3023.01,1.A.3.b.1,Stamina,IM,2.62,8,0.2631,2.1094,3.1406,N,,07/2015,Analyst
35-3023.01,1.A.3.b.1,Stamina,LV,2.0,8,0.3273,1.3584,2.6416,N,N,07/2015,Analyst
35-3023.01,1.A.3.c.1,Extent Flexibility,IM,2.75,8,0.25,2.26,3.24,N,,07/2015,Analyst
35-3023.01,1.A.3.c.1,Extent Flexibility,LV,2.88,8,0.2266,2.4309,3.3191,N,N,07/2015,Analyst
35-3023.01,1.A.3.c.2,Dynamic Flexibility,IM,1.12,8,0.125,1.0,1.37,N,,07/2015,Analyst
35-3023.01,1.A.3.c.2,Dynamic Flexibility,LV,0.25,8,0.25,0.0,0.74,N,Y,07/2015,Analyst
35-3023.01,1.A.3.c.3,Gross Body Coordination,IM,2.25,8,0.25,1.76,2.74,N,,07/2015,Analyst
35-3023.01,1.A.3.c.3,Gross Body Coordination,LV,1.75,8,0.366,1.0327,2.4673,N,N,07/2015,Analyst
35-3023.01,1.A.3.c.4,Gross Body Equilibrium,IM,2.0,8,0.189,1.6296,2.3704,N,,07/2015,Analyst
35-3023.01,1.A.3.c.4,Gross Body Equilibrium,LV,1.5,8,0.3273,0.8584,2.1416,N,N,07/2015,Analyst
35-3023.01,1.A.4.a.1,Near Vision,IM,3.25,8,0.1637,2.9292,3.5708,N,,07/2015,Analyst
35-3023.01,1.A.4.a.1,Near Vision,LV,3.0,8,0.189,2.6296,3.3704,N,N,07/2015,Analyst
35-3023.01,1.A.4.a.2,Far Vision,IM,2.38,8,0.2631,1.8594,2.8906,N,,07/2015,Analyst
35-3023.01,1.A.4.a.2,Far Vision,LV,2.12,8,0.3504,1.4383,2.8117,N,N,07/2015,Analyst
35-3023.01,1.A.4.a.3,Visual Color Discrimination,IM,2.62,8,0.2631,2.1094,3.1406,N,,07/2015,Analyst
35-3023.01,1.A.4.a.3,Visual Color Discrimination,LV,2.38,8,0.2631,1.8594,2.8906,N,N,07/2015,Analyst
35-3023.01,1.A.4.a.4,Night Vision,IM,1.0,8,0.0,1.0,1.0,N,,07/2015,Analyst
35-3023.01,1.A.4.a.4,Night Vision,LV,0.0,8,0.0,0.0,0.0,N,Y,07/2015,Analyst
35-3023.01,1.A.4.a.5,Peripheral Vision,IM,1.0,8,0.0,1.0,1.0,N,,07/2015,Analyst
35-3023.01,1.A.4.a.5,Peripheral Vision,LV,0.0,8,0.0,0.0,0.0,N,Y,07/2015,Analyst
35-3023.01,1.A.4.a.6,Depth Perception,IM,2.12,8,0.2266,1.6809,2.5691,N,,07/2015,Analyst
35-3023.01,1.A.4.a.6,Depth Perception,LV,1.62,8,0.3239,0.9902,2.2598,N,N,07/2015,Analyst
35-3023.01,1.A.4.a.7,Glare Sensitivity,IM,1.0,8,0.0,1.0,1.0,N,,07/2015,Analyst
35-3023.01,1.A.4.a.7,Glare Sensitivity,LV,0.0,8,0.0,0.0,0.0,N,Y,07/2015,Analyst
35-3023.01,1.A.4.b.1,Hearing Sensitivity,IM,2.88,8,0.2266,2.4309,3.3191,N,,07/2015,Analyst
35-3023.01,1.A.4.b.1,Hearing Sensitivity,LV,2.12,8,0.125,1.88,2.37,N,N,07/2015,Analyst
35-3023.01,1.A.4.b.2,Auditory Attention,IM,2.62,8,0.2631,2.1094,3.1406,N,,07/2015,Analyst
35-3023.01,1.A.4.b.2,Auditory Attention,LV,2.62,8,0.183,2.2664,2.9836,N,N,07/2015,Analyst
35-3023.01,1.A.4.b.3,Sound Localization,IM,1.25,8,0.25,1.0,1.74,N,,07/2015,Analyst
35-3023.01,1.A.4.b.3,Sound Localization,LV,0.38,8,0.375,0.0,1.11,N,Y,07/2015,Analyst
35-3023.01,1.A.4.b.4,Speech Recognition,IM,3.38,8,0.183,3.0164,3.7336,N,,07/2015,Analyst
35-3023.01,1.A.4.b.4,Speech Recognition,LV,3.25,8,0.1637,2.9292,3.5708,N,N,07/2015,Analyst
35-3023.01,1.A.4.b.5,Speech Clarity,IM,3.5,8,0.189,3.1296,3.8704,N,,07/2015,Analyst
35-3023.01,1.A.4.b.5,Speech Clarity,LV,3.12,8,0.125,2.88,3.37,N,N,07/2015,Analyst
35-3031.00,1.A.1.a.1,Oral Comprehension,IM,3.88,8,0.125,3.63,4.12,N,,08/2018,Analyst
35-3031.00,1.A.1.a.1,Oral Comprehension,LV,3.0,8,0.0,3.0,3.0,N,N,08/2018,Analyst
35-3031.00,1.A.1.a.2,Written Comprehension,IM,2.88,8,0.125,2.63,3.12,N,,08/2018,Analyst
35-3031.00,1.A.1.a.2,Written Comprehension,LV,2.88,8,0.125,2.63,3.12,N,N,08/2018,Analyst
35-3031.00,1.A.1.a.3,Oral Expression,IM,3.88,8,0.125,3.63,4.12,N,,08/2018,Analyst
35-3031.00,1.A.1.a.3,Oral Expression,LV,3.0,8,0.0,3.0,3.0,N,N,08/2018,Analyst
35-3031.00,1.A.1.a.4,Written Expression,IM,2.5,8,0.189,2.1296,2.8704,N,,08/2018,Analyst
35-3031.00,1.A.1.a.4,Written Expression,LV,2.12,8,0.125,1.88,2.37,N,N,08/2018,Analyst
35-3031.00,1.A.1.b.1,Fluency of Ideas,IM,2.12,8,0.125,1.88,2.37,N,,08/2018,Analyst
35-3031.00,1.A.1.b.1,Fluency of Ideas,LV,2.12,8,0.125,1.88,2.37,N,N,08/2018,Analyst
35-3031.00,1.A.1.b.2,Originality,IM,2.12,8,0.125,1.88,2.37,N,,08/2018,Analyst
35-3031.00,1.A.1.b.2,Originality,LV,2.12,8,0.125,1.88,2.37,N,N,08/2018,Analyst
35-3031.00,1.A.1.b.3,Problem Sensitivity,IM,3.0,8,0.0,3.0,3.0,N,,08/2018,Analyst
35-3031.00,1.A.1.b.3,Problem Sensitivity,LV,2.88,8,0.125,2.63,3.12,N,N,08/2018,Analyst
35-3031.00,1.A.1.b.4,Deductive Reasoning,IM,3.0,8,0.189,2.6296,3.3704,N,,08/2018,Analyst
35-3031.00,1.A.1.b.4,Deductive Reasoning,LV,2.25,8,0.1637,1.9292,2.5708,N,N,08/2018,Analyst
35-3031.00,1.A.1.b.5,Inductive Reasoning,IM,2.88,8,0.125,2.63,3.12,N,,08/2018,Analyst
35-3031.00,1.A.1.b.5,Inductive Reasoning,LV,2.25,8,0.1637,1.9292,2.5708,N,N,08/2018,Analyst
35-3031.00,1.A.1.b.6,Information Ordering,IM,2.88,8,0.125,2.63,3.12,N,,08/2018,Analyst
35-3031.00,1.A.1.b.6,Information Ordering,LV,2.25,8,0.1637,1.9292,2.5708,N,N,08/2018,Analyst
35-3031.00,1.A.1.b.7,Category Flexibility,IM,2.62,8,0.183,2.2664,2.9836,N,,08/2018,Analyst
35-3031.00,1.A.1.b.7,Category Flexibility,LV,2.12,8,0.125,1.88,2.37,N,N,08/2018,Analyst
35-3031.00,1.A.1.c.1,Mathematical Reasoning,IM,2.0,8,0.0,2.0,2.0,N,,08/2018,Analyst
35-3031.00,1.A.1.c.1,Mathematical Reasoning,LV,1.75,8,0.25,1.26,2.24,N,N,08/2018,Analyst
35-3031.00,1.A.1.c.2,Number Facility,IM,2.12,8,0.125,1.88,2.37,N,,08/2018,Analyst
35-3031.00,1.A.1.c.2,Number Facility,LV,1.62,8,0.183,1.2664,1.9836,N,N,08/2018,Analyst
35-3031.00,1.A.1.d.1,Memorization,IM,2.88,8,0.125,2.63,3.12,N,,08/2018,Analyst
35-3031.00,1.A.1.d.1,Memorization,LV,2.88,8,0.125,2.63,3.12,N,N,08/2018,Analyst
35-3031.00,1.A.1.e.1,Speed of Closure,IM,2.12,8,0.125,1.88,2.37,N,,08/2018,Analyst
35-3031.00,1.A.1.e.1,Speed of Closure,LV,2.0,8,0.0,2.0,2.0,N,N,08/2018,Analyst
35-3031.00,1.A.1.e.2,Flexibility of Closure,IM,2.38,8,0.183,2.0164,2.7336,N,,08/2018,Analyst
35-3031.00,1.A.1.e.2,Flexibility of Closure,LV,2.12,8,0.125,1.88,2.37,N,N,08/2018,Analyst
35-3031.00,1.A.1.e.3,Perceptual Speed,IM,2.12,8,0.125,1.88,2.37,N,,08/2018,Analyst
35-3031.00,1.A.1.e.3,Perceptual Speed,LV,2.25,8,0.1637,1.9292,2.5708,N,N,08/2018,Analyst
35-3031.00,1.A.1.f.1,Spatial Orientation,IM,1.5,8,0.189,1.1296,1.8704,N,,08/2018,Analyst
35-3031.00,1.A.1.f.1,Spatial Orientation,LV,0.5,8,0.189,0.1296,0.8704,N,N,08/2018,Analyst
35-3031.00,1.A.1.f.2,Visualization,IM,2.12,8,0.125,1.88,2.37,N,,08/2018,Analyst
35-3031.00,1.A.1.f.2,Visualization,LV,1.88,8,0.125,1.63,2.12,N,N,08/2018,Analyst
35-3031.00,1.A.1.g.1,Selective Attention,IM,3.0,8,0.0,3.0,3.0,N,,08/2018,Analyst
35-3031.00,1.A.1.g.1,Selective Attention,LV,2.25,8,0.1637,1.9292,2.5708,N,N,08/2018,Analyst
35-3031.00,1.A.1.g.2,Time Sharing,IM,3.12,8,0.125,2.88,3.37,N,,08/2018,Analyst
35-3031.00,1.A.1.g.2,Time Sharing,LV,2.62,8,0.183,2.2664,2.9836,N,N,08/2018,Analyst
35-3031.00,1.A.2.a.1,Arm-Hand Steadiness,IM,3.0,8,0.0,3.0,3.0,N,,08/2018,Analyst
35-3031.00,1.A.2.a.1,Arm-Hand Steadiness,LV,2.38,8,0.183,2.0164,2.7336,N,N,08/2018,Analyst
35-3031.00,1.A.2.a.2,Manual Dexterity,IM,2.88,8,0.125,2.63,3.12,N,,08/2018,Analyst
35-3031.00,1.A.2.a.2,Manual Dexterity,LV,2.88,8,0.125,2.63,3.12,N,N,08/2018,Analyst
35-3031.00,1.A.2.a.3,Finger Dexterity,IM,2.62,8,0.183,2.2664,2.9836,N,,08/2018,Analyst
35-3031.00,1.A.2.a.3,Finger Dexterity,LV,2.38,8,0.183,2.0164,2.7336,N,N,08/2018,Analyst
35-3031.00,1.A.2.b.1,Control Precision,IM,2.0,8,0.0,2.0,2.0,N,,08/2018,Analyst
35-3031.00,1.A.2.b.1,Control Precision,LV,1.62,8,0.2631,1.1094,2.1406,N,N,08/2018,Analyst
35-3031.00,1.A.2.b.2,Multilimb Coordination,IM,2.75,8,0.1637,2.4292,3.0708,N,,08/2018,Analyst
35-3031.00,1.A.2.b.2,Multilimb Coordination,LV,2.12,8,0.125,1.88,2.37,N,N,08/2018,Analyst
35-3031.00,1.A.2.b.3,Response Orientation,IM,1.0,8,0.0,1.0,1.0,N,,08/2018,Analyst
35-3031.00,1.A.2.b.3,Response Orientation,LV,0.0,8,0.0,0.0,0.0,N,Y,08/2018,Analyst
35-3031.00,1.A.2.b.4,Rate Control,IM,1.62,8,0.183,1.2664,1.9836,N,,08/2018,Analyst
35-3031.00,1.A.2.b.4,Rate Control,LV,0.62,8,0.183,0.2664,0.9836,N,N,08/2018,Analyst
35-3031.00,1.A.2.c.1,Reaction Time,IM,2.0,8,0.0,2.0,2.0,N,,08/2018,Analyst
35-3031.00,1.A.2.c.1,Reaction Time,LV,1.0,8,0.0,1.0,1.0,N,N,08/2018,Analyst
35-3031.00,1.A.2.c.2,Wrist-Finger Speed,IM,1.12,8,0.125,1.0,1.37,N,,08/2018,Analyst
35-3031.00,1.A.2.c.2,Wrist-Finger Speed,LV,0.12,8,0.125,0.0,0.37,N,Y,08/2018,Analyst
35-3031.00,1.A.2.c.3,Speed of Limb Movement,IM,2.12,8,0.295,1.5467,2.7033,N,,08/2018,Analyst
35-3031.00,1.A.2.c.3,Speed of Limb Movement,LV,1.38,8,0.3239,0.7402,2.0098,N,N,08/2018,Analyst
35-3031.00,1.A.3.a.1,Static Strength,IM,2.75,8,0.1637,2.4292,3.0708,N,,08/2018,Analyst
35-3031.00,1.A.3.a.1,Static Strength,LV,2.25,8,0.1637,1.9292,2.5708,N,N,08/2018,Analyst
35-3031.00,1.A.3.a.2,Explosive Strength,IM,1.25,8,0.1637,1.0,1.5708,N,,08/2018,Analyst
35-3031.00,1.A.3.a.2,Explosive Strength,LV,0.62,8,0.4199,0.0,1.4481,N,Y,08/2018,Analyst
35-3031.00,1.A.3.a.3,Dynamic Strength,IM,2.88,8,0.125,2.63,3.12,N,,08/2018,Analyst
35-3031.00,1.A.3.a.3,Dynamic Strength,LV,2.38,8,0.183,2.0164,2.7336,N,N,08/2018,Analyst
35-3031.00,1.A.3.a.4,Trunk Strength,IM,3.0,8,0.0,3.0,3.0,N,,08/2018,Analyst
35-3031.00,1.A.3.a.4,Trunk Strength,LV,3.0,8,0.0,3.0,3.0,N,N,08/2018,Analyst
35-3031.00,1.A.3.b.1,Stamina,IM,3.0,8,0.189,2.6296,3.3704,N,,08/2018,Analyst
35-3031.00,1.A.3.b.1,Stamina,LV,2.62,8,0.183,2.2664,2.9836,N,N,08/2018,Analyst
35-3031.00,1.A.3.c.1,Extent Flexibility,IM,2.75,8,0.1637,2.4292,3.0708,N,,08/2018,Analyst
35-3031.00,1.A.3.c.1,Extent Flexibility,LV,2.88,8,0.125,2.63,3.12,N,N,08/2018,Analyst
35-3031.00,1.A.3.c.2,Dynamic Flexibility,IM,1.38,8,0.2631,1.0,1.8906,N,,08/2018,Analyst
35-3031.00,1.A.3.c.2,Dynamic Flexibility,LV,0.38,8,0.2631,0.0,0.8906,N,Y,08/2018,Analyst
35-3031.00,1.A.3.c.3,Gross Body Coordination,IM,2.75,8,0.1637,2.4292,3.0708,N,,08/2018,Analyst
35-3031.00,1.A.3.c.3,Gross Body Coordination,LV,2.62,8,0.183,2.2664,2.9836,N,N,08/2018,Analyst
35-3031.00,1.A.3.c.4,Gross Body Equilibrium,IM,2.0,8,0.0,2.0,2.0,N,,08/2018,Analyst
35-3031.00,1.A.3.c.4,Gross Body Equilibrium,LV,1.62,8,0.3239,0.9902,2.2598,N,N,08/2018,Analyst
35-3031.00,1.A.4.a.1,Near Vision,IM,3.12,8,0.125,2.88,3.37,N,,08/2018,Analyst
35-3031.00,1.A.4.a.1,Near Vision,LV,3.0,8,0.0,3.0,3.0,N,N,08/2018,Analyst
35-3031.00,1.A.4.a.2,Far Vision,IM,2.25,8,0.1637,1.9292,2.5708,N,,08/2018,Analyst
35-3031.00,1.A.4.a.2,Far Vision,LV,2.25,8,0.1637,1.9292,2.5708,N,N,08/2018,Analyst
35-3031.00,1.A.4.a.3,Visual Color Discrimination,IM,2.12,8,0.125,1.88,2.37,N,,08/2018,Analyst
35-3031.00,1.A.4.a.3,Visual Color Discrimination,LV,2.0,8,0.0,2.0,2.0,N,N,08/2018,Analyst
35-3031.00,1.A.4.a.4,Night Vision,IM,1.0,8,0.0,1.0,1.0,N,,08/2018,Analyst
35-3031.00,1.A.4.a.4,Night Vision,LV,0.0,8,0.0,0.0,0.0,N,Y,08/2018,Analyst
35-3031.00,1.A.4.a.5,Peripheral Vision,IM,1.0,8,0.0,1.0,1.0,N,,08/2018,Analyst
35-3031.00,1.A.4.a.5,Peripheral Vision,LV,0.0,8,0.0,0.0,0.0,N,Y,08/2018,Analyst
35-3031.00,1.A.4.a.6,Depth Perception,IM,1.62,8,0.183,1.2664,1.9836,N,,08/2018,Analyst
35-3031.00,1.A.4.a.6,Depth Perception,LV,0.75,8,0.25,0.26,1.24,N,N,08/2018,Analyst
35-3031.00,1.A.4.a.7,Glare Sensitivity,IM,1.0,8,0.0,1.0,1.0,N,,08/2018,Analyst
35-3031.00,1.A.4.a.7,Glare Sensitivity,LV,0.0,8,0.0,0.0,0.0,N,Y,08/2018,Analyst
35-3031.00,1.A.4.b.1,Hearing Sensitivity,IM,2.0,8,0.0,2.0,2.0,N,,08/2018,Analyst
35-3031.00,1.A.4.b.1,Hearing Sensitivity,LV,2.12,8,0.125,1.88,2.37,N,N,08/2018,Analyst
35-3031.00,1.A.4.b.2,Auditory Attention,IM,2.38,8,0.183,2.0164,2.7336,N,,08/2018,Analyst
35-3031.00,1.A.4.b.2,Auditory Attention,LV,2.12,8,0.125,1.88,2.37,N,N,08/2018,Analyst
35-3031.00,1.A.4.b.3,Sound Localization,IM,1.0,8,0.0,1.0,1.0,N,,08/2018,Analyst
35-3031.00,1.A.4.b.3,Sound Localization,LV,0.0,8,0.0,0.0,0.0,N,Y,08/2018,Analyst
35-3031.00,1.A.4.b.4,Speech Recognition,IM,3.62,8,0.183,3.2664,3.9836,N,,08/2018,Analyst
35-3031.00,1.A.4.b.4,Speech Recognition,LV,3.0,8,0.0,3.0,3.0,N,N,08/2018,Analyst
35-3031.00,1.A.4.b.5,Speech Clarity,IM,3.62,8,0.183,3.2664,3.9836,N,,08/2018,Analyst
35-3031.00,1.A.4.b.5,Speech Clarity,LV,3.0,8,0.0,3.0,3.0,N,N,08/2018,Analyst
35-3041.00,1.A.1.a.1,Oral Comprehension,IM,3.5,8,0.189,3.1296,3.8704,N,,08/2020,Analyst
35-3041.00,1.A.1.a.1,Oral Comprehension,LV,3.0,8,0.0,3.0,3.0,N,N,08/2020,Analyst
35-3041.00,1.A.1.a.2,Written Comprehension,IM,2.75,8,0.1637,2.4292,3.0708,N,,08/2020,Analyst
35-3041.00,1.A.1.a.2,Written Comprehension,LV,2.75,8,0.1637,2.4292,3.0708,N,N,08/2020,Analyst
35-3041.00,1.A.1.a.3,Oral Expression,IM,3.12,8,0.125,2.88,3.37,N,,08/2020,Analyst
35-3041.00,1.A.1.a.3,Oral Expression,LV,3.0,8,0.0,3.0,3.0,N,N,08/2020,Analyst
35-3041.00,1.A.1.a.4,Written Expression,IM,2.5,8,0.189,2.1296,2.8704,N,,08/2020,Analyst
35-3041.00,1.A.1.a.4,Written Expression,LV,2.12,8,0.125,1.88,2.37,N,N,08/2020,Analyst
35-3041.00,1.A.1.b.1,Fluency of Ideas,IM,2.0,8,0.0,2.0,2.0,N,,08/2020,Analyst
35-3041.00,1.A.1.b.1,Fluency of Ideas,LV,1.88,8,0.125,1.63,2.12,N,N,08/2020,Analyst
35-3041.00,1.A.1.b.2,Originality,IM,2.0,8,0.0,2.0,2.0,N,,08/2020,Analyst
35-3041.00,1.A.1.b.2,Originality,LV,1.88,8,0.2266,1.4309,2.3191,N,N,08/2020,Analyst
35-3041.00,1.A.1.b.3,Problem Sensitivity,IM,2.88,8,0.125,2.63,3.12,N,,08/2020,Analyst
35-3041.00,1.A.1.b.3,Problem Sensitivity,LV,2.62,8,0.183,2.2664,2.9836,N,N,08/2020,Analyst
35-3041.00,1.A.1.b.4,Deductive Reasoning,IM,2.88,8,0.125,2.63,3.12,N,,08/2020,Analyst
35-3041.00,1.A.1.b.4,Deductive Reasoning,LV,2.12,8,0.125,1.88,2.37,N,N,08/2020,Analyst
35-3041.00,1.A.1.b.5,Inductive Reasoning,IM,2.88,8,0.125,2.63,3.12,N,,08/2020,Analyst
35-3041.00,1.A.1.b.5,Inductive Reasoning,LV,2.25,8,0.1637,1.9292,2.5708,N,N,08/2020,Analyst
35-3041.00,1.A.1.b.6,Information Ordering,IM,2.88,8,0.125,2.63,3.12,N,,08/2020,Analyst
35-3041.00,1.A.1.b.6,Information Ordering,LV,2.12,8,0.125,1.88,2.37,N,N,08/2020,Analyst
35-3041.00,1.A.1.b.7,Category Flexibility,IM,2.25,8,0.1637,1.9292,2.5708,N,,08/2020,Analyst
35-3041.00,1.A.1.b.7,Category Flexibility,LV,2.12,8,0.125,1.88,2.37,N,N,08/2020,Analyst
35-3041.00,1.A.1.c.1,Mathematical Reasoning,IM,2.0,8,0.0,2.0,2.0,N,,08/2020,Analyst
35-3041.00,1.A.1.c.1,Mathematical Reasoning,LV,1.12,8,0.125,0.88,1.37,N,N,08/2020,Analyst
35-3041.00,1.A.1.c.2,Number Facility,IM,2.12,8,0.125,1.88,2.37,N,,08/2020,Analyst
35-3041.00,1.A.1.c.2,Number Facility,LV,1.88,8,0.125,1.63,2.12,N,N,08/2020,Analyst
35-3041.00,1.A.1.d.1,Memorization,IM,2.12,8,0.125,1.88,2.37,N,,08/2020,Analyst
35-3041.00,1.A.1.d.1,Memorization,LV,1.75,8,0.1637,1.4292,2.0708,N,N,08/2020,Analyst
35-3041.00,1.A.1.e.1,Speed of Closure,IM,2.0,8,0.0,2.0,2.0,N,,08/2020,Analyst
35-3041.00,1.A.1.e.1,Speed of Closure,LV,1.25,8,0.1637,0.9292,1.5708,N,N,08/2020,Analyst
35-3041.00,1.A.1.e.2,Flexibility of Closure,IM,2.12,8,0.125,1.88,2.37,N,,08/2020,Analyst
35-3041.00,1.A.1.e.2,Flexibility of Closure,LV,2.0,8,0.189,1.6296,2.3704,N,N,08/2020,Analyst
35-3041.00,1.A.1.e.3,Perceptual Speed,IM,2.12,8,0.125,1.88,2.37,N,,08/2020,Analyst
35-3041.00,1.A.1.e.3,Perceptual Speed,LV,2.12,8,0.125,1.88,2.37,N,N,08/2020,Analyst
35-3041.00,1.A.1.f.1,Spatial Orientation,IM,1.5,8,0.189,1.1296,1.8704,N,,08/2020,Analyst
35-3041.00,1.A.1.f.1,Spatial Orientation,LV,0.62,8,0.2631,0.1094,1.1406,N,N,08/2020,Analyst
35-3041.00,1.A.1.f.2,Visualization,IM,2.12,8,0.125,1.88,2.37,N,,08/2020,Analyst
35-3041.00,1.A.1.f.2,Visualization,LV,2.12,8,0.125,1.88,2.37,N,N,08/2020,Analyst
35-3041.00,1.A.1.g.1,Selective Attention,IM,3.0,8,0.0,3.0,3.0,N,,08/2020,Analyst
35-3041.00,1.A.1.g.1,Selective Attention,LV,2.25,8,0.1637,1.9292,2.5708,N,N,08/2020,Analyst
35-3041.00,1.A.1.g.2,Time Sharing,IM,2.25,8,0.1637,1.9292,2.5708,N,,08/2020,Analyst
35-3041.00,1.A.1.g.2,Time Sharing,LV,2.12,8,0.125,1.88,2.37,N,N,08/2020,Analyst
35-3041.00,1.A.2.a.1,Arm-Hand Steadiness,IM,2.88,8,0.125,2.63,3.12,N,,08/2020,Analyst
35-3041.00,1.A.2.a.1,Arm-Hand Steadiness,LV,2.62,8,0.183,2.2664,2.9836,N,N,08/2020,Analyst
35-3041.00,1.A.2.a.2,Manual Dexterity,IM,2.88,8,0.125,2.63,3.12,N,,08/2020,Analyst
35-3041.00,1.A.2.a.2,Manual Dexterity,LV,2.25,8,0.1637,1.9292,2.5708,N,N,08/2020,Analyst
35-3041.00,1.A.2.a.3,Finger Dexterity,IM,2.25,8,0.1637,1.9292,2.5708,N,,08/2020,Analyst
35-3041.00,1.A.2.a.3,Finger Dexterity,LV,2.25,8,0.1637,1.9292,2.5708,N,N,08/2020,Analyst
35-3041.00,1.A.2.b.1,Control Precision,IM,2.0,8,0.0,2.0,2.0,N,,08/2020,Analyst
35-3041.00,1.A.2.b.1,Control Precision,LV,2.0,8,0.0,2.0,2.0,N,N,08/2020,Analyst
35-3041.00,1.A.2.b.2,Multilimb Coordination,IM,2.25,8,0.1637,1.9292,2.5708,N,,08/2020,Analyst
35-3041.00,1.A.2.b.2,Multilimb Coordination,LV,2.0,8,0.0,2.0,2.0,N,N,08/2020,Analyst
35-3041.00,1.A.2.b.3,Response Orientation,IM,1.62,8,0.183,1.2664,1.9836,N,,08/2020,Analyst
35-3041.00,1.A.2.b.3,Response Orientation,LV,0.62,8,0.183,0.2664,0.9836,N,N,08/2020,Analyst
35-3041.00,1.A.2.b.4,Rate Control,IM,2.0,8,0.0,2.0,2.0,N,,08/2020,Analyst
35-3041.00,1.A.2.b.4,Rate Control,LV,1.12,8,0.125,0.88,1.37,N,N,08/2020,Analyst
35-3041.00,1.A.2.c.1,Reaction Time,IM,2.0,8,0.0,2.0,2.0,N,,08/2020,Analyst
35-3041.00,1.A.2.c.1,Reaction Time,LV,1.12,8,0.125,0.88,1.37,N,N,08/2020,Analyst
35-3041.00,1.A.2.c.2,Wrist-Finger Speed,IM,1.88,8,0.125,1.63,2.12,N,,08/2020,Analyst
35-3041.00,1.A.2.c.2,Wrist-Finger Speed,LV,0.88,8,0.125,0.63,1.12,N,N,08/2020,Analyst
35-3041.00,1.A.2.c.3,Speed of Limb Movement,IM,1.75,8,0.1637,1.4292,2.0708,N,,08/2020,Analyst
35-3041.00,1.A.2.c.3,Speed of Limb Movement,LV,0.75,8,0.1637,0.4292,1.0708,N,N,08/2020,Analyst
35-3041.00,1.A.3.a.1,Static Strength,IM,2.38,8,0.183,2.0164,2.7336,N,,08/2020,Analyst
35-3041.00,1.A.3.a.1,Static Strength,LV,2.12,8,0.125,1.88,2.37,N,N,08/2020,Analyst
35-3041.00,1.A.3.a.2,Explosive Strength,IM,1.38,8,0.183,1.0164,1.7336,N,,08/2020,Analyst
35-3041.00,1.A.3.a.2,Explosive Strength,LV,0.5,8,0.2673,0.0,1.0238,N,N,08/2020,Analyst
35-3041.00,1.A.3.a.3,Dynamic Strength,IM,2.12,8,0.125,1.88,2.37,N,,08/2020,Analyst
35-3041.00,1.A.3.a.3,Dynamic Strength,LV,1.25,8,0.1637,0.9292,1.5708,N,N,08/2020,Analyst
35-3041.00,1.A.3.a.4,Trunk Strength,IM,2.88,8,0.125,2.63,3.12,N,,08/2020,Analyst
35-3041.00,1.A.3.a.4,Trunk Strength,LV,2.38,8,0.2631,1.8594,2.8906,N,N,08/2020,Analyst
35-3041.00,1.A.3.b.1,Stamina,IM,2.25,8,0.1637,1.9292,2.5708,N,,08/2020,Analyst
35-3041.00,1.A.3.b.1,Stamina,LV,2.12,8,0.125,1.88,2.37,N,N,08/2020,Analyst
35-3041.00,1.A.3.c.1,Extent Flexibility,IM,2.38,8,0.183,2.0164,2.7336,N,,08/2020,Analyst
35-3041.00,1.A.3.c.1,Extent Flexibility,LV,2.12,8,0.125,1.88,2.37,N,N,08/2020,Analyst
35-3041.00,1.A.3.c.2,Dynamic Flexibility,IM,1.0,8,0.0,1.0,1.0,N,,08/2020,Analyst
35-3041.00,1.A.3.c.2,Dynamic Flexibility,LV,0.0,8,0.0,0.0,0.0,N,Y,08/2020,Analyst
35-3041.00,1.A.3.c.3,Gross Body Coordination,IM,2.38,8,0.183,2.0164,2.7336,N,,08/2020,Analyst
35-3041.00,1.A.3.c.3,Gross Body Coordination,LV,2.12,8,0.125,1.88,2.37,N,N,08/2020,Analyst
35-3041.00,1.A.3.c.4,Gross Body Equilibrium,IM,2.38,8,0.183,2.0164,2.7336,N,,08/2020,Analyst
35-3041.00,1.A.3.c.4,Gross Body Equilibrium,LV,1.38,8,0.2631,0.8594,1.8906,N,N,08/2020,Analyst
35-3041.00,1.A.4.a.1,Near Vision,IM,3.12,8,0.125,2.88,3.37,N,,08/2020,Analyst
35-3041.00,1.A.4.a.1,Near Vision,LV,3.0,8,0.0,3.0,3.0,N,N,08/2020,Analyst
35-3041.00,1.A.4.a.2,Far Vision,IM,2.62,8,0.183,2.2664,2.9836,N,,08/2020,Analyst
35-3041.00,1.A.4.a.2,Far Vision,LV,2.25,8,0.1637,1.9292,2.5708,N,N,08/2020,Analyst
35-3041.00,1.A.4.a.3,Visual Color Discrimination,IM,2.12,8,0.125,1.88,2.37,N,,08/2020,Analyst
35-3041.00,1.A.4.a.3,Visual Color Discrimination,LV,1.88,8,0.125,1.63,2.12,N,N,08/2020,Analyst
35-3041.00,1.A.4.a.4,Night Vision,IM,1.0,8,0.0,1.0,1.0,N,,08/2020,Analyst
35-3041.00,1.A.4.a.4,Night Vision,LV,0.0,8,0.0,0.0,0.0,N,Y,08/2020,Analyst
35-3041.00,1.A.4.a.5,Peripheral Vision,IM,1.0,8,0.0,1.0,1.0,N,,08/2020,Analyst
35-3041.00,1.A.4.a.5,Peripheral Vision,LV,0.0,8,0.0,0.0,0.0,N,Y,08/2020,Analyst
35-3041.00,1.A.4.a.6,Depth Perception,IM,2.0,8,0.0,2.0,2.0,N,,08/2020,Analyst
35-3041.00,1.A.4.a.6,Depth Perception,LV,1.5,8,0.189,1.1296,1.8704,N,N,08/2020,Analyst
35-3041.00,1.A.4.a.7,Glare Sensitivity,IM,1.0,8,0.0,1.0,1.0,N,,08/2020,Analyst
35-3041.00,1.A.4.a.7,Glare Sensitivity,LV,0.0,8,0.0,0.0,0.0,N,Y,08/2020,Analyst
35-3041.00,1.A.4.b.1,Hearing Sensitivity,IM,2.0,8,0.0,2.0,2.0,N,,08/2020,Analyst
35-3041.00,1.A.4.b.1,Hearing Sensitivity,LV,2.0,8,0.189,1.6296,2.3704,N,N,08/2020,Analyst
35-3041.00,1.A.4.b.2,Auditory Attention,IM,2.12,8,0.125,1.88,2.37,N,,08/2020,Analyst
35-3041.00,1.A.4.b.2,Auditory Attention,LV,2.12,8,0.125,1.88,2.37,N,N,08/2020,Analyst
35-3041.00,1.A.4.b.3,Sound Localization,IM,1.0,8,0.0,1.0,1.0,N,,08/2020,Analyst
35-3041.00,1.A.4.b.3,Sound Localization,LV,0.0,8,0.0,0.0,0.0,N,Y,08/2020,Analyst
35-3041.00,1.A.4.b.4,Speech Recognition,IM,3.0,8,0.0,3.0,3.0,N,,08/2020,Analyst
35-3041.00,1.A.4.b.4,Speech Recognition,LV,3.0,8,0.0,3.0,3.0,N,N,08/2020,Analyst
35-3041.00,1.A.4.b.5,Speech Clarity,IM,3.0,8,0.0,3.0,3.0,N,,08/2020,Analyst
35-3041.00,1.A.4.b.5,Speech Clarity,LV,3.0,8,0.0,3.0,3.0,N,N,08/2020,Analyst
35-9011.00,1.A.1.a.1,Oral Comprehension,IM,3.0,8,0.0,3.0,3.0,N,,08/2021,Analyst
35-9011.00,1.A.1.a.1,Oral Comprehension,LV,2.75,8,0.1637,2.4292,3.0708,N,N,08/2021,Analyst
35-9011.00,1.A.1.a.2,Written Comprehension,IM,2.12,8,0.125,1.88,2.37,N,,08/2021,Analyst
35-9011.00,1.A.1.a.2,Written Comprehension,LV,2.0,8,0.0,2.0,2.0,N,N,08/2021,Analyst
35-9011.00,1.A.1.a.3,Oral Expression,IM,3.0,8,0.0,3.0,3.0,N,,08/2021,Analyst
35-9011.00,1.A.1.a.3,Oral Expression,LV,2.5,8,0.189,2.1296,2.8704,N,N,08/2021,Analyst
35-9011.00,1.A.1.a.4,Written Expression,IM,2.0,8,0.0,2.0,2.0,N,,08/2021,Analyst
35-9011.00,1.A.1.a.4,Written Expression,LV,1.25,8,0.1637,0.9292,1.5708,N,N,08/2021,Analyst
35-9011.00,1.A.1.b.1,Fluency of Ideas,IM,2.0,8,0.0,2.0,2.0,N,,08/2021,Analyst
35-9011.00,1.A.1.b.1,Fluency of Ideas,LV,2.12,8,0.125,1.88,2.37,N,N,08/2021,Analyst
35-9011.00,1.A.1.b.2,Originality,IM,2.0,8,0.0,2.0,2.0,N,,08/2021,Analyst
35-9011.00,1.A.1.b.2,Originality,LV,1.75,8,0.1637,1.4292,2.0708,N,N,08/2021,Analyst
35-9011.00,1.A.1.b.3,Problem Sensitivity,IM,2.5,8,0.189,2.1296,2.8704,N,,08/2021,Analyst
35-9011.00,1.A.1.b.3,Problem Sensitivity,LV,2.12,8,0.125,1.88,2.37,N,N,08/2021,Analyst
35-9011.00,1.A.1.b.4,Deductive Reasoning,IM,2.62,8,0.183,2.2664,2.9836,N,,08/2021,Analyst
35-9011.00,1.A.1.b.4,Deductive Reasoning,LV,2.12,8,0.125,1.88,2.37,N,N,08/2021,Analyst
35-9011.00,1.A.1.b.5,Inductive Reasoning,IM,2.5,8,0.189,2.1296,2.8704,N,,08/2021,Analyst
35-9011.00,1.A.1.b.5,Inductive Reasoning,LV,2.12,8,0.125,1.88,2.37,N,N,08/2021,Analyst
35-9011.00,1.A.1.b.6,Information Ordering,IM,3.0,8,0.0,3.0,3.0,N,,08/2021,Analyst
35-9011.00,1.A.1.b.6,Information Ordering,LV,2.25,8,0.1637,1.9292,2.5708,N,N,08/2021,Analyst
35-9011.00,1.A.1.b.7,Category Flexibility,IM,2.5,8,0.189,2.1296,2.8704,N,,08/2021,Analyst
35-9011.00,1.A.1.b.7,Category Flexibility,LV,2.25,8,0.1637,1.9292,2.5708,N,N,08/2021,Analyst
35-9011.00,1.A.1.c.1,Mathematical Reasoning,IM,2.0,8,0.0,2.0,2.0,N,,08/2021,Analyst
35-9011.00,1.A.1.c.1,Mathematical Reasoning,LV,1.25,8,0.1637,0.9292,1.5708,N,N,08/2021,Analyst
35-9011.00,1.A.1.c.2,Number Facility,IM,2.0,8,0.0,2.0,2.0,N,,08/2021,Analyst
35-9011.00,1.A.1.c.2,Number Facility,LV,1.25,8,0.1637,0.9292,1.5708,N,N,08/2021,Analyst
35-9011.00,1.A.1.d.1,Memorization,IM,2.0,8,0.0,2.0,2.0,N,,08/2021,Analyst
35-9011.00,1.A.1.d.1,Memorization,LV,1.5,8,0.189,1.1296,1.8704,N,N,08/2021,Analyst
35-9011.00,1.A.1.e.1,Speed of Closure,IM,1.88,8,0.125,1.63,2.12,N,,08/2021,Analyst
35-9011.00,1.A.1.e.1,Speed of Closure,LV,1.38,8,0.2631,0.8594,1.8906,N,N,08/2021,Analyst
35-9011.00,1.A.1.e.2,Flexibility of Closure,IM,2.0,8,0.0,2.0,2.0,N,,08/2021,Analyst
35-9011.00,1.A.1.e.2,Flexibility of Closure,LV,1.75,8,0.1637,1.4292,2.0708,N,N,08/2021,Analyst
35-9011.00,1.A.1.e.3,Perceptual Speed,IM,2.0,8,0.0,2.0,2.0,N,,08/2021,Analyst
35-9011.00,1.A.1.e.3,Perceptual Speed,LV,1.88,8,0.125,1.63,2.12,N,N,08/2021,Analyst
35-9011.00,1.A.1.f.1,Spatial Orientation,IM,1.5,8,0.189,1.1296,1.8704,N,,08/2021,Analyst
35-9011.00,1.A.1.f.1,Spatial Orientation,LV,0.5,8,0.189,0.1296,0.8704,N,N,08/2021,Analyst
35-9011.00,1.A.1.f.2,Visualization,IM,2.25,8,0.1637,1.9292,2.5708,N,,08/2021,Analyst
35-9011.00,1.A.1.f.2,Visualization,LV,2.0,8,0.0,2.0,2.0,N,N,08/2021,Analyst
35-9011.00,1.A.1.g.1,Selective Attention,IM,2.38,8,0.183,2.0164,2.7336,N,,08/2021,Analyst
35-9011.00,1.A.1.g.1,Selective Attention,LV,2.12,8,0.125,1.88,2.37,N,N,08/2021,Analyst
35-9011.00,1.A.1.g.2,Time Sharing,IM,2.25,8,0.1637,1.9292,2.5708,N,,08/2021,Analyst
35-9011.00,1.A.1.g.2,Time Sharing,LV,2.0,8,0.0,2.0,2.0,N,N,08/2021,Analyst
35-9011.00,1.A.2.a.1,Arm-Hand Steadiness,IM,3.12,8,0.125,2.88,3.37,N,,08/2021,Analyst
35-9011.00,1.A.2.a.1,Arm-Hand Steadiness,LV,2.75,8,0.1637,2.4292,3.0708,N,N,08/2021,Analyst
35-9011.00,1.A.2.a.2,Manual Dexterity,IM,3.12,8,0.125,2.88,3.37,N,,08/2021,Analyst
35-9011.00,1.A.2.a.2,Manual Dexterity,LV,3.0,8,0.0,3.0,3.0,N,N,08/2021,Analyst
35-9011.00,1.A.2.a.3,Finger Dexterity,IM,2.88,8,0.125,2.63,3.12,N,,08/2021,Analyst
35-9011.00,1.A.2.a.3,Finger Dexterity,LV,2.75,8,0.1637,2.4292,3.0708,N,N,08/2021,Analyst
35-9011.00,1.A.2.b.1,Control Precision,IM,2.0,8,0.0,2.0,2.0,N,,08/2021,Analyst
35-9011.00,1.A.2.b.1,Control Precision,LV,1.88,8,0.125,1.63,2.12,N,N,08/2021,Analyst
35-9011.00,1.A.2.b.2,Multilimb Coordination,IM,2.88,8,0.125,2.63,3.12,N,,08/2021,Analyst
35-9011.00,1.A.2.b.2,Multilimb Coordination,LV,2.88,8,0.125,2.63,3.12,N,N,08/2021,Analyst
35-9011.00,1.A.2.b.3,Response Orientation,IM,1.75,8,0.1637,1.4292,2.0708,N,,08/2021,Analyst
35-9011.00,1.A.2.b.3,Response Orientation,LV,0.75,8,0.1637,0.4292,1.0708,N,N,08/2021,Analyst
35-9011.00,1.A.2.b.4,Rate Control,IM,1.12,8,0.125,1.0,1.37,N,,08/2021,Analyst
35-9011.00,1.A.2.b.4,Rate Control,LV,0.12,8,0.125,0.0,0.37,N,Y,08/2021,Analyst
35-9011.00,1.A.2.c.1,Reaction Time,IM,1.38,8,0.183,1.0164,1.7336,N,,08/2021,Analyst
35-9011.00,1.A.2.c.1,Reaction Time,LV,0.5,8,0.2673,0.0,1.0238,N,N,08/2021,Analyst
35-9011.00,1.A.2.c.2,Wrist-Finger Speed,IM,1.88,8,0.125,1.63,2.12,N,,08/2021,Analyst
35-9011.00,1.A.2.c.2,Wrist-Finger Speed,LV,1.5,8,0.2673,0.9762,2.0238,N,N,08/2021,Analyst
35-9011.00,1.A.2.c.3,Speed of Limb Movement,IM,1.88,8,0.125,1.63,2.12,N,,08/2021,Analyst
35-9011.00,1.A.2.c.3,Speed of Limb Movement,LV,1.5,8,0.2673,0.9762,2.0238,N,N,08/2021,Analyst
35-9011.00,1.A.3.a.1,Static Strength,IM,3.0,8,0.0,3.0,3.0,N,,08/2021,Analyst
35-9011.00,1.A.3.a.1,Static Strength,LV,3.0,8,0.0,3.0,3.0,N,N,08/2021,Analyst
35-9011.00,1.A.3.a.2,Explosive Strength,IM,1.5,8,0.2673,1.0,2.0238,N,,08/2021,Analyst
35-9011.00,1.A.3.a.2,Explosive Strength,LV,0.75,8,0.4119,0.0,1.5573,N,N,08/2021,Analyst
35-9011.00,1.A.3.a.3,Dynamic Strength,IM,2.88,8,0.125,2.63,3.12,N,,08/2021,Analyst
35-9011.00,1.A.3.a.3,Dynamic Strength,LV,2.12,8,0.125,1.88,2.37,N,N,08/2021,Analyst
35-9011.00,1.A.3.a.4,Trunk Strength,IM,3.5,8,0.189,3.1296,3.8704,N,,08/2021,Analyst
35-9011.00,1.A.3.a.4,Trunk Strength,LV,3.0,8,0.0,3.0,3.0,N,N,08/2021,Analyst
35-9011.00,1.A.3.b.1,Stamina,IM,3.12,8,0.125,2.88,3.37,N,,08/2021,Analyst
35-9011.00,1.A.3.b.1,Stamina,LV,2.88,8,0.125,2.63,3.12,N,N,08/2021,Analyst
35-9011.00,1.A.3.c.1,Extent Flexibility,IM,3.0,8,0.0,3.0,3.0,N,,08/2021,Analyst
35-9011.00,1.A.3.c.1,Extent Flexibility,LV,3.0,8,0.0,3.0,3.0,N,N,08/2021,Analyst
35-9011.00,1.A.3.c.2,Dynamic Flexibility,IM,1.88,8,0.2266,1.4309,2.3191,N,,08/2021,Analyst
35-9011.00,1.A.3.c.2,Dynamic Flexibility,LV,0.88,8,0.2266,0.4309,1.3191,N,N,08/2021,Analyst
35-9011.00,1.A.3.c.3,Gross Body Coordination,IM,2.62,8,0.2631,2.1094,3.1406,N,,08/2021,Analyst
35-9011.00,1.A.3.c.3,Gross Body Coordination,LV,2.12,8,0.125,1.88,2.37,N,N,08/2021,Analyst
35-9011.00,1.A.3.c.4,Gross Body Equilibrium,IM,2.25,8,0.1637,1.9292,2.5708,N,,08/2021,Analyst
35-9011.00,1.A.3.c.4,Gross Body Equilibrium,LV,1.88,8,0.295,1.2967,2.4533,N,N,08/2021,Analyst
35-9011.00,1.A.4.a.1,Near Vision,IM,3.0,8,0.0,3.0,3.0,N,,08/2021,Analyst
35-9011.00,1.A.4.a.1,Near Vision,LV,3.0,8,0.0,3.0,3.0,N,N,08/2021,Analyst
35-9011.00,1.A.4.a.2,Far Vision,IM,2.88,8,0.125,2.63,3.12,N,,08/2021,Analyst
35-9011.00,1.A.4.a.2,Far Vision,LV,2.88,8,0.125,2.63,3.12,N,N,08/2021,Analyst
35-9011.00,1.A.4.a.3,Visual Color Discrimination,IM,2.12,8,0.125,1.88,2.37,N,,08/2021,Analyst
35-9011.00,1.A.4.a.3,Visual Color Discrimination,LV,1.88,8,0.125,1.63,2.12,N,N,08/2021,Analyst
35-9011.00,1.A.4.a.4,Night Vision,IM,1.0,8,0.0,1.0,1.0,N,,08/2021,Analyst
35-9011.00,1.A.4.a.4,Night Vision,LV,0.0,8,0.0,0.0,0.0,N,Y,08/2021,Analyst
35-9011.00,1.A.4.a.5,Peripheral Vision,IM,1.12,8,0.125,1.0,1.37,N,,08/2021,Analyst
35-9011.00,1.A.4.a.5,Peripheral Vision,LV,0.12,8,0.125,0.0,0.37,N,Y,08/2021,Analyst
35-9011.00,1.A.4.a.6,Depth Perception,IM,2.0,8,0.0,2.0,2.0,N,,08/2021,Analyst
35-9011.00,1.A.4.a.6,Depth Perception,LV,1.62,8,0.183,1.2664,1.9836,N,N,08/2021,Analyst
35-9011.00,1.A.4.a.7,Glare Sensitivity,IM,1.0,8,0.0,1.0,1.0,N,,08/2021,Analyst
35-9011.00,1.A.4.a.7,Glare Sensitivity,LV,0.0,8,0.0,0.0,0.0,N,Y,08/2021,Analyst
35-9011.00,1.A.4.b.1,Hearing Sensitivity,IM,2.12,8,0.125,1.88,2.37,N,,08/2021,Analyst
35-9011.00,1.A.4.b.1,Hearing Sensitivity,LV,2.0,8,0.0,2.0,2.0,N,N,08/2021,Analyst
35-9011.00,1.A.4.b.2,Auditory Attention,IM,2.12,8,0.125,1.88,2.37,N,,08/2021,Analyst
35-9011.00,1.A.4.b.2,Auditory Attention,LV,2.0,8,0.0,2.0,2.0,N,N,08/2021,Analyst
35-9011.00,1.A.4.b.3,Sound Localization,IM,1.0,8,0.0,1.0,1.0,N,,08/2021,Analyst
35-9011.00,1.A.4.b.3,Sound Localization,LV,0.0,8,0.0,0.0,0.0,N,Y,08/2021,Analyst
35-9011.00,1.A.4.b.4,Speech Recognition,IM,3.0,8,0.0,3.0,3.0,N,,08/2021,Analyst
35-9011.00,1.A.4.b.4,Speech Recognition,LV,2.88,8,0.125,2.63,3.12,N,N,08/2021,Analyst
35-9011.00,1.A.4.b.5,Speech Clarity,IM,3.0,8,0.0,3.0,3.0,N,,08/2021,Analyst
35-9011.00,1.A.4.b.5,Speech Clarity,LV,2.25,8,0.1637,1.9292,2.5708,N,N,08/2021,Analyst
35-9021.00,1.A.1.a.1,Oral Comprehension,IM,2.88,8,0.125,2.63,3.12,N,,08/2021,Analyst
35-9021.00,1.A.1.a.1,Oral Comprehension,LV,2.25,8,0.1637,1.9292,2.5708,N,N,08/2021,Analyst
35-9021.00,1.A.1.a.2,Written Comprehension,IM,2.0,8,0.0,2.0,2.0,N,,08/2021,Analyst
35-9021.00,1.A.1.a.2,Written Comprehension,LV,2.0,8,0.0,2.0,2.0,N,N,08/2021,Analyst
35-9021.00,1.A.1.a.3,Oral Expression,IM,2.88,8,0.125,2.63,3.12,N,,08/2021,Analyst
35-9021.00,1.A.1.a.3,Oral Expression,LV,2.12,8,0.125,1.88,2.37,N,N,08/2021,Analyst
35-9021.00,1.A.1.a.4,Written Expression,IM,2.0,8,0.0,2.0,2.0,N,,08/2021,Analyst
35-9021.00,1.A.1.a.4,Written Expression,LV,1.62,8,0.183,1.2664,1.9836,N,N,08/2021,Analyst
35-9021.00,1.A.1.b.1,Fluency of Ideas,IM,2.12,8,0.125,1.88,2.37,N,,08/2021,Analyst
35-9021.00,1.A.1.b.1,Fluency of Ideas,LV,1.88,8,0.125,1.63,2.12,N,N,08/2021,Analyst
35-9021.00,1.A.1.b.2,Originality,IM,2.0,8,0.0,2.0,2.0,N,,08/2021,Analyst
35-9021.00,1.A.1.b.2,Originality,LV,1.75,8,0.1637,1.4292,2.0708,N,N,08/2021,Analyst
35-9021.00,1.A.1.b.3,Problem Sensitivity,IM,2.62,8,0.183,2.2664,2.9836,N,,08/2021,Analyst
35-9021.00,1.A.1.b.3,Problem Sensitivity,LV,2.0,8,0.0,2.0,2.0,N,N,08/2021,Analyst
35-9021.00,1.A.1.b.4,Deductive Reasoning,IM,2.0,8,0.0,2.0,2.0,N,,08/2021,Analyst
35-9021.00,1.A.1.b.4,Deductive Reasoning,LV,2.0,8,0.0,2.0,2.0,N,N,08/2021,Analyst
35-9021.00,1.A.1.b.5,Inductive Reasoning,IM,2.0,8,0.0,2.0,2.0,N,,08/2021,Analyst
35-9021.00,1.A.1.b.5,Inductive Reasoning,LV,2.0,8,0.0,2.0,2.0,N,N,08/2021,Analyst
35-9021.00,1.A.1.b.6,Information Ordering,IM,2.88,8,0.2266,2.4309,3.3191,N,,08/2021,Analyst
35-9021.00,1.A.1.b.6,Information Ordering,LV,2.12,8,0.125,1.88,2.37,N,N,08/2021,Analyst
35-9021.00,1.A.1.b.7,Category Flexibility,IM,2.62,8,0.183,2.2664,2.9836,N,,08/2021,Analyst
35-9021.00,1.A.1.b.7,Category Flexibility,LV,2.0,8,0.0,2.0,2.0,N,N,08/2021,Analyst
35-9021.00,1.A.1.c.1,Mathematical Reasoning,IM,2.0,8,0.0,2.0,2.0,N,,08/2021,Analyst
35-9021.00,1.A.1.c.1,Mathematical Reasoning,LV,1.12,8,0.125,0.88,1.37,N,N,08/2021,Analyst
35-9021.00,1.A.1.c.2,Number Facility,IM,2.0,8,0.0,2.0,2.0,N,,08/2021,Analyst
35-9021.00,1.A.1.c.2,Number Facility,LV,1.12,8,0.125,0.88,1.37,N,N,08/2021,Analyst
35-9021.00,1.A.1.d.1,Memorization,IM,2.0,8,0.0,2.0,2.0,N,,08/2021,Analyst
35-9021.00,1.A.1.d.1,Memorization,LV,1.5,8,0.189,1.1296,1.8704,N,N,08/2021,Analyst
35-9021.00,1.A.1.e.1,Speed of Closure,IM,2.0,8,0.0,2.0,2.0,N,,08/2021,Analyst
35-9021.00,1.A.1.e.1,Speed of Closure,LV,2.0,8,0.0,2.0,2.0,N,N,08/2021,Analyst
35-9021.00,1.A.1.e.2,Flexibility of Closure,IM,2.0,8,0.0,2.0,2.0,N,,08/2021,Analyst
35-9021.00,1.A.1.e.2,Flexibility of Closure,LV,2.0,8,0.0,2.0,2.0,N,N,08/2021,Analyst
35-9021.00,1.A.1.e.3,Perceptual Speed,IM,2.12,8,0.125,1.88,2.37,N,,08/2021,Analyst
35-9021.00,1.A.1.e.3,Perceptual Speed,LV,2.12,8,0.125,1.88,2.37,N,N,08/2021,Analyst
35-9021.00,1.A.1.f.1,Spatial Orientation,IM,2.0,8,0.0,2.0,2.0,N,,08/2021,Analyst
35-9021.00,1.A.1.f.1,Spatial Orientation,LV,1.0,8,0.0,1.0,1.0,N,N,08/2021,Analyst
35-9021.00,1.A.1.f.2,Visualization,IM,2.12,8,0.125,1.88,2.37,N,,08/2021,Analyst
35-9021.00,1.A.1.f.2,Visualization,LV,2.0,8,0.0,2.0,2.0,N,N,08/2021,Analyst
35-9021.00,1.A.1.g.1,Selective Attention,IM,2.88,8,0.125,2.63,3.12,N,,08/2021,Analyst
35-9021.00,1.A.1.g.1,Selective Attention,LV,2.12,8,0.125,1.88,2.37,N,N,08/2021,Analyst
35-9021.00,1.A.1.g.2,Time Sharing,IM,2.0,8,0.0,2.0,2.0,N,,08/2021,Analyst
35-9021.00,1.A.1.g.2,Time Sharing,LV,2.0,8,0.0,2.0,2.0,N,N,08/2021,Analyst
35-9021.00,1.A.2.a.1,Arm-Hand Steadiness,IM,3.12,8,0.125,2.88,3.37,N,,08/2021,Analyst
35-9021.00,1.A.2.a.1,Arm-Hand Steadiness,LV,2.88,8,0.125,2.63,3.12,N,N,08/2021,Analyst
35-9021.00,1.A.2.a.2,Manual Dexterity,IM,3.62,8,0.183,3.2664,3.9836,N,,08/2021,Analyst
35-9021.00,1.A.2.a.2,Manual Dexterity,LV,3.62,8,0.183,3.2664,3.9836,N,N,08/2021,Analyst
35-9021.00,1.A.2.a.3,Finger Dexterity,IM,3.12,8,0.125,2.88,3.37,N,,08/2021,Analyst
35-9021.00,1.A.2.a.3,Finger Dexterity,LV,2.38,8,0.183,2.0164,2.7336,N,N,08/2021,Analyst
35-9021.00,1.A.2.b.1,Control Precision,IM,2.88,8,0.125,2.63,3.12,N,,08/2021,Analyst
35-9021.00,1.A.2.b.1,Control Precision,LV,2.25,8,0.1637,1.9292,2.5708,N,N,08/2021,Analyst
35-9021.00,1.A.2.b.2,Multilimb Coordination,IM,3.0,8,0.0,3.0,3.0,N,,08/2021,Analyst
35-9021.00,1.A.2.b.2,Multilimb Coordination,LV,2.62,8,0.183,2.2664,2.9836,N,N,08/2021,Analyst
35-9021.00,1.A.2.b.3,Response Orientation,IM,2.0,8,0.0,2.0,2.0,N,,08/2021,Analyst
35-9021.00,1.A.2.b.3,Response Orientation,LV,2.0,8,0.0,2.0,2.0,N,N,08/2021,Analyst
35-9021.00,1.A.2.b.4,Rate Control,IM,2.5,8,0.189,2.1296,2.8704,N,,08/2021,Analyst
35-9021.00,1.A.2.b.4,Rate Control,LV,2.25,8,0.1637,1.9292,2.5708,N,N,08/2021,Analyst
35-9021.00,1.A.2.c.1,Reaction Time,IM,2.12,8,0.125,1.88,2.37,N,,08/2021,Analyst
35-9021.00,1.A.2.c.1,Reaction Time,LV,2.0,8,0.0,2.0,2.0,N,N,08/2021,Analyst
35-9021.00,1.A.2.c.2,Wrist-Finger Speed,IM,1.75,8,0.1637,1.4292,2.0708,N,,08/2021,Analyst
35-9021.00,1.A.2.c.2,Wrist-Finger Speed,LV,1.5,8,0.3273,0.8584,2.1416,N,N,08/2021,Analyst
35-9021.00,1.A.2.c.3,Speed of Limb Movement,IM,2.62,8,0.183,2.2664,2.9836,N,,08/2021,Analyst
35-9021.00,1.A.2.c.3,Speed of Limb Movement,LV,2.12,8,0.125,1.88,2.37,N,N,08/2021,Analyst
35-9021.00,1.A.3.a.1,Static Strength,IM,2.88,8,0.125,2.63,3.12,N,,08/2021,Analyst
35-9021.00,1.A.3.a.1,Static Strength,LV,2.75,8,0.1637,2.4292,3.0708,N,N,08/2021,Analyst
35-9021.00,1.A.3.a.2,Explosive Strength,IM,1.5,8,0.2673,1.0,2.0238,N,,08/2021,Analyst
35-9021.00,1.A.3.a.2,Explosive Strength,LV,0.75,8,0.4119,0.0,1.5573,N,N,08/2021,Analyst
35-9021.00,1.A.3.a.3,Dynamic Strength,IM,2.12,8,0.125,1.88,2.37,N,,08/2021,Analyst
35-9021.00,1.A.3.a.3,Dynamic Strength,LV,1.75,8,0.1637,1.4292,2.0708,N,N,08/2021,Analyst
35-9021.00,1.A.3.a.4,Trunk Strength,IM,3.0,8,0.0,3.0,3.0,N,,08/2021,Analyst
35-9021.00,1.A.3.a.4,Trunk Strength,LV,3.0,8,0.0,3.0,3.0,N,N,08/2021,Analyst
35-9021.00,1.A.3.b.1,Stamina,IM,2.62,8,0.183,2.2664,2.9836,N,,08/2021,Analyst
35-9021.00,1.A.3.b.1,Stamina,LV,2.25,8,0.1637,1.9292,2.5708,N,N,08/2021,Analyst
35-9021.00,1.A.3.c.1,Extent Flexibility,IM,3.0,8,0.0,3.0,3.0,N,,08/2021,Analyst
35-9021.00,1.A.3.c.1,Extent Flexibility,LV,3.0,8,0.0,3.0,3.0,N,N,08/2021,Analyst
35-9021.00,1.A.3.c.2,Dynamic Flexibility,IM,1.12,8,0.125,1.0,1.37,N,,08/2021,Analyst
35-9021.00,1.A.3.c.2,Dynamic Flexibility,LV,0.25,8,0.25,0.0,0.74,N,Y,08/2021,Analyst
35-9021.00,1.A.3.c.3,Gross Body Coordination,IM,2.62,8,0.183,2.2664,2.9836,N,,08/2021,Analyst
35-9021.00,1.A.3.c.3,Gross Body Coordination,LV,2.12,8,0.125,1.88,2.37,N,N,08/2021,Analyst
35-9021.00,1.A.3.c.4,Gross Body Equilibrium,IM,2.0,8,0.0,2.0,2.0,N,,08/2021,Analyst
35-9021.00,1.A.3.c.4,Gross Body Equilibrium,LV,1.5,8,0.189,1.1296,1.8704,N,N,08/2021,Analyst
35-9021.00,1.A.4.a.1,Near Vision,IM,3.0,8,0.0,3.0,3.0,N,,08/2021,Analyst
35-9021.00,1.A.4.a.1,Near Vision,LV,2.38,8,0.183,2.0164,2.7336,N,N,08/2021,Analyst
35-9021.00,1.A.4.a.2,Far Vision,IM,2.62,8,0.183,2.2664,2.9836,N,,08/2021,Analyst
35-9021.00,1.A.4.a.2,Far Vision,LV,2.25,8,0.1637,1.9292,2.5708,N,N,08/2021,Analyst
35-9021.00,1.A.4.a.3,Visual Color Discrimination,IM,2.12,8,0.125,1.88,2.37,N,,08/2021,Analyst
35-9021.00,1.A.4.a.3,Visual Color Discrimination,LV,2.0,8,0.0,2.0,2.0,N,N,08/2021,Analyst
35-9021.00,1.A.4.a.4,Night Vision,IM,2.0,8,0.0,2.0,2.0,N,,08/2021,Analyst
35-9021.00,1.A.4.a.4,Night Vision,LV,1.0,8,0.0,1.0,1.0,N,N,08/2021,Analyst
35-9021.00,1.A.4.a.5,Peripheral Vision,IM,2.0,8,0.0,2.0,2.0,N,,08/2021,Analyst
35-9021.00,1.A.4.a.5,Peripheral Vision,LV,1.0,8,0.0,1.0,1.0,N,N,08/2021,Analyst
35-9021.00,1.A.4.a.6,Depth Perception,IM,2.12,8,0.125,1.88,2.37,N,,08/2021,Analyst
35-9021.00,1.A.4.a.6,Depth Perception,LV,2.0,8,0.0,2.0,2.0,N,N,08/2021,Analyst
35-9021.00,1.A.4.a.7,Glare Sensitivity,IM,2.0,8,0.0,2.0,2.0,N,,08/2021,Analyst
35-9021.00,1.A.4.a.7,Glare Sensitivity,LV,1.5,8,0.189,1.1296,1.8704,N,N,08/2021,Analyst
35-9021.00,1.A.4.b.1,Hearing Sensitivity,IM,2.0,8,0.0,2.0,2.0,N,,08/2021,Analyst
35-9021.00,1.A.4.b.1,Hearing Sensitivity,LV,2.0,8,0.0,2.0,2.0,N,N,08/2021,Analyst
35-9021.00,1.A.4.b.2,Auditory Attention,IM,2.0,8,0.0,2.0,2.0,N,,08/2021,Analyst
35-9021.00,1.A.4.b.2,Auditory Attention,LV,2.0,8,0.0,2.0,2.0,N,N,08/2021,Analyst
35-9021.00,1.A.4.b.3,Sound Localization,IM,2.0,8,0.0,2.0,2.0,N,,08/2021,Analyst
35-9021.00,1.A.4.b.3,Sound Localization,LV,1.0,8,0.0,1.0,1.0,N,N,08/2021,Analyst
35-9021.00,1.A.4.b.4,Speech Recognition,IM,2.88,8,0.125,2.63,3.12,N,,08/2021,Analyst
35-9021.00,1.A.4.b.4,Speech Recognition,LV,2.12,8,0.125,1.88,2.37,N,N,08/2021,Analyst
35-9021.00,1.A.4.b.5,Speech Clarity,IM,2.62,8,0.183,2.2664,2.9836,N,,08/2021,Analyst
35-9021.00,1.A.4.b.5,Speech Clarity,LV,1.88,8,0.125,1.63,2.12,N,N,08/2021,Analyst
35-9031.00,1.A.1.a.1,Oral Comprehension,IM,3.88,8,0.125,3.63,4.12,N,,08/2018,Analyst
35-9031.00,1.A.1.a.1,Oral Comprehension,LV,3.12,8,0.125,2.88,3.37,N,N,08/2018,Analyst
35-9031.00,1.A.1.a.2,Written Comprehension,IM,2.88,8,0.125,2.63,3.12,N,,08/2018,Analyst
35-9031.00,1.A.1.a.2,Written Comprehension,LV,2.62,8,0.183,2.2664,2.9836,N,N,08/2018,Analyst
35-9031.00,1.A.1.a.3,Oral Expression,IM,3.88,8,0.125,3.63,4.12,N,,08/2018,Analyst
35-9031.00,1.A.1.a.3,Oral Expression,LV,3.12,8,0.125,2.88,3.37,N,N,08/2018,Analyst
35-9031.00,1.A.1.a.4,Written Expression,IM,2.5,8,0.189,2.1296,2.8704,N,,08/2018,Analyst
35-9031.00,1.A.1.a.4,Written Expression,LV,2.38,8,0.2631,1.8594,2.8906,N,N,08/2018,Analyst
35-9031.00,1.A.1.b.1,Fluency of Ideas,IM,1.88,8,0.125,1.63,2.12,N,,08/2018,Analyst
35-9031.00,1.A.1.b.1,Fluency of Ideas,LV,1.75,8,0.25,1.26,2.24,N,N,08/2018,Analyst
35-9031.00,1.A.1.b.2,Originality,IM,1.88,8,0.125,1.63,2.12,N,,08/2018,Analyst
35-9031.00,1.A.1.b.2,Originality,LV,1.75,8,0.25,1.26,2.24,N,N,08/2018,Analyst
35-9031.00,1.A.1.b.3,Problem Sensitivity,IM,3.0,8,0.0,3.0,3.0,N,,08/2018,Analyst
35-9031.00,1.A.1.b.3,Problem Sensitivity,LV,2.88,8,0.125,2.63,3.12,N,N,08/2018,Analyst
35-9031.00,1.A.1.b.4,Deductive Reasoning,IM,2.88,8,0.125,2.63,3.12,N,,08/2018,Analyst
35-9031.00,1.A.1.b.4,Deductive Reasoning,LV,2.75,8,0.1637,2.4292,3.0708,N,N,08/2018,Analyst
35-9031.00,1.A.1.b.5,Inductive Reasoning,IM,2.88,8,0.125,2.63,3.12,N,,08/2018,Analyst
35-9031.00,1.A.1.b.5,Inductive Reasoning,LV,2.62,8,0.183,2.2664,2.9836,N,N,08/2018,Analyst
35-9031.00,1.A.1.b.6,Information Ordering,IM,2.88,8,0.125,2.63,3.12,N,,08/2018,Analyst
35-9031.00,1.A.1.b.6,Information Ordering,LV,2.62,8,0.183,2.2664,2.9836,N,N,08/2018,Analyst
35-9031.00,1.A.1.b.7,Category Flexibility,IM,2.75,8,0.1637,2.4292,3.0708,N,,08/2018,Analyst
35-9031.00,1.A.1.b.7,Category Flexibility,LV,2.5,8,0.2673,1.9762,3.0238,N,N,08/2018,Analyst
35-9031.00,1.A.1.c.1,Mathematical Reasoning,IM,2.12,8,0.125,1.88,2.37,N,,08/2018,Analyst
35-9031.00,1.A.1.c.1,Mathematical Reasoning,LV,2.0,8,0.0,2.0,2.0,N,N,08/2018,Analyst
35-9031.00,1.A.1.c.2,Number Facility,IM,2.12,8,0.125,1.88,2.37,N,,08/2018,Analyst
35-9031.00,1.A.1.c.2,Number Facility,LV,2.0,8,0.0,2.0,2.0,N,N,08/2018,Analyst
35-9031.00,1.A.1.d.1,Memorization,IM,2.0,8,0.189,1.6296,2.3704,N,,08/2018,Analyst
35-9031.00,1.A.1.d.1,Memorization,LV,2.0,8,0.3273,1.3584,2.6416,N,N,08/2018,Analyst
35-9031.00,1.A.1.e.1,Speed of Closure,IM,2.12,8,0.125,1.88,2.37,N,,08/2018,Analyst
35-9031.00,1.A.1.e.1,Speed of Closure,LV,2.0,8,0.0,2.0,2.0,N,N,08/2018,Analyst
35-9031.00,1.A.1.e.2,Flexibility of Closure,IM,2.25,8,0.1637,1.9292,2.5708,N,,08/2018,Analyst
35-9031.00,1.A.1.e.2,Flexibility of Closure,LV,2.5,8,0.189,2.1296,2.8704,N,N,08/2018,Analyst
35-9031.00,1.A.1.e.3,Perceptual Speed,IM,1.88,8,0.125,1.63,2.12,N,,08/2018,Analyst
35-9031.00,1.A.1.e.3,Perceptual Speed,LV,1.88,8,0.295,1.2967,2.4533,N,N,08/2018,Analyst
35-9031.00,1.A.1.f.1,Spatial Orientation,IM,1.25,8,0.1637,1.0,1.5708,N,,08/2018,Analyst
35-9031.00,1.A.1.f.1,Spatial Orientation,LV,0.25,8,0.1637,0.0,0.5708,N,Y,08/2018,Analyst
35-9031.00,1.A.1.f.2,Visualization,IM,2.0,8,0.189,1.6296,2.3704,N,,08/2018,Analyst
35-9031.00,1.A.1.f.2,Visualization,LV,1.75,8,0.25,1.26,2.24,N,N,08/2018,Analyst
35-9031.00,1.A.1.g.1,Selective Attention,IM,2.75,8,0.1637,2.4292,3.0708,N,,08/2018,Analyst
35-9031.00,1.A.1.g.1,Selective Attention,LV,2.62,8,0.183,2.2664,2.9836,N,N,08/2018,Analyst
35-9031.00,1.A.1.g.2,Time Sharing,IM,2.75,8,0.1637,2.4292,3.0708,N,,08/2018,Analyst
35-9031.00,1.A.1.g.2,Time Sharing,LV,2.5,8,0.189,2.1296,2.8704,N,N,08/2018,Analyst
35-9031.00,1.A.2.a.1,Arm-Hand Steadiness,IM,2.0,8,0.189,1.6296,2.3704,N,,08/2018,Analyst
35-9031.00,1.A.2.a.1,Arm-Hand Steadiness,LV,1.75,8,0.25,1.26,2.24,N,N,08/2018,Analyst
35-9031.00,1.A.2.a.2,Manual Dexterity,IM,2.25,8,0.1637,1.9292,2.5708,N,,08/2018,Analyst
35-9031.00,1.A.2.a.2,Manual Dexterity,LV,1.88,8,0.125,1.63,2.12,N,N,08/2018,Analyst
35-9031.00,1.A.2.a.3,Finger Dexterity,IM,2.5,8,0.189,2.1296,2.8704,N,,08/2018,Analyst
35-9031.00,1.A.2.a.3,Finger Dexterity,LV,2.0,8,0.0,2.0,2.0,N,N,08/2018,Analyst
35-9031.00,1.A.2.b.1,Control Precision,IM,1.75,8,0.1637,1.4292,2.0708,N,,08/2018,Analyst
35-9031.00,1.A.2.b.1,Control Precision,LV,1.5,8,0.3273,0.8584,2.1416,N,N,08/2018,Analyst
35-9031.00,1.A.2.b.2,Multilimb Coordination,IM,1.88,8,0.125,1.63,2.12,N,,08/2018,Analyst
35-9031.00,1.A.2.b.2,Multilimb Coordination,LV,1.75,8,0.25,1.26,2.24,N,N,08/2018,Analyst
35-9031.00,1.A.2.b.3,Response Orientation,IM,1.12,8,0.125,1.0,1.37,N,,08/2018,Analyst
35-9031.00,1.A.2.b.3,Response Orientation,LV,0.25,8,0.25,0.0,0.74,N,Y,08/2018,Analyst
35-9031.00,1.A.2.b.4,Rate Control,IM,1.0,8,0.0,1.0,1.0,N,,08/2018,Analyst
35-9031.00,1.A.2.b.4,Rate Control,LV,0.0,8,0.0,0.0,0.0,N,Y,08/2018,Analyst
35-9031.00,1.A.2.c.1,Reaction Time,IM,1.0,8,0.0,1.0,1.0,N,,08/2018,Analyst
35-9031.00,1.A.2.c.1,Reaction Time,LV,0.0,8,0.0,0.0,0.0,N,Y,08/2018,Analyst
35-9031.00,1.A.2.c.2,Wrist-Finger Speed,IM,1.0,8,0.0,1.0,1.0,N,,08/2018,Analyst
35-9031.00,1.A.2.c.2,Wrist-Finger Speed,LV,0.0,8,0.0,0.0,0.0,N,Y,08/2018,Analyst
35-9031.00,1.A.2.c.3,Speed of Limb Movement,IM,1.62,8,0.183,1.2664,1.9836,N,,08/2018,Analyst
35-9031.00,1.A.2.c.3,Speed of Limb Movement,LV,0.88,8,0.295,0.2967,1.4533,N,N,08/2018,Analyst
35-9031.00,1.A.3.a.1,Static Strength,IM,2.0,8,0.0,2.0,2.0,N,,08/2018,Analyst
35-9031.00,1.A.3.a.1,Static Strength,LV,1.62,8,0.183,1.2664,1.9836,N,N,08/2018,Analyst
35-9031.00,1.A.3.a.2,Explosive Strength,IM,1.25,8,0.1637,1.0,1.5708,N,,08/2018,Analyst
35-9031.00,1.A.3.a.2,Explosive Strength,LV,0.25,8,0.1637,0.0,0.5708,N,Y,08/2018,Analyst
35-9031.00,1.A.3.a.3,Dynamic Strength,IM,1.88,8,0.125,1.63,2.12,N,,08/2018,Analyst
35-9031.00,1.A.3.a.3,Dynamic Strength,LV,1.38,8,0.2631,0.8594,1.8906,N,N,08/2018,Analyst
35-9031.00,1.A.3.a.4,Trunk Strength,IM,2.75,8,0.25,2.26,3.24,N,,08/2018,Analyst
35-9031.00,1.A.3.a.4,Trunk Strength,LV,2.75,8,0.1637,2.4292,3.0708,N,N,08/2018,Analyst
35-9031.00,1.A.3.b.1,Stamina,IM,2.12,8,0.125,1.88,2.37,N,,08/2018,Analyst
35-9031.00,1.A.3.b.1,Stamina,LV,2.0,8,0.0,2.0,2.0,N,N,08/2018,Analyst
35-9031.00,1.A.3.c.1,Extent Flexibility,IM,1.75,8,0.1637,1.4292,2.0708,N,,08/2018,Analyst
35-9031.00,1.A.3.c.1,Extent Flexibility,LV,1.5,8,0.3273,0.8584,2.1416,N,N,08/2018,Analyst
35-9031.00,1.A.3.c.2,Dynamic Flexibility,IM,1.0,8,0.0,1.0,1.0,N,,08/2018,Analyst
35-9031.00,1.A.3.c.2,Dynamic Flexibility,LV,0.0,8,0.0,0.0,0.0,N,Y,08/2018,Analyst
35-9031.00,1.A.3.c.3,Gross Body Coordination,IM,1.88,8,0.125,1.63,2.12,N,,08/2018,Analyst
35-9031.00,1.A.3.c.3,Gross Body Coordination,LV,1.75,8,0.25,1.26,2.24,N,N,08/2018,Analyst
35-9031.00,1.A.3.c.4,Gross Body Equilibrium,IM,1.75,8,0.1637,1.4292,2.0708,N,,08/2018,Analyst
35-9031.00,1.A.3.c.4,Gross Body Equilibrium,LV,0.88,8,0.2266,0.4309,1.3191,N,N,08/2018,Analyst
35-9031.00,1.A.4.a.1,Near Vision,IM,3.25,8,0.1637,2.9292,3.5708,N,,08/2018,Analyst
35-9031.00,1.A.4.a.1,Near Vision,LV,3.0,8,0.0,3.0,3.0,N,N,08/2018,Analyst
35-9031.00,1.A.4.a.2,Far Vision,IM,2.62,8,0.183,2.2664,2.9836,N,,08/2018,Analyst
35-9031.00,1.A.4.a.2,Far Vision,LV,2.88,8,0.125,2.63,3.12,N,N,08/2018,Analyst
35-9031.00,1.A.4.a.3,Visual Color Discrimination,IM,1.88,8,0.125,1.63,2.12,N,,08/2018,Analyst
35-9031.00,1.A.4.a.3,Visual Color Discrimination,LV,1.62,8,0.2631,1.1094,2.1406,N,N,08/2018,Analyst
35-9031.00,1.A.4.a.4,Night Vision,IM,1.12,8,0.125,1.0,1.37,N,,08/2018,Analyst
35-9031.00,1.A.4.a.4,Night Vision,LV,0.12,8,0.125,0.0,0.37,N,Y,08/2018,Analyst
35-9031.00,1.A.4.a.5,Peripheral Vision,IM,1.12,8,0.125,1.0,1.37,N,,08/2018,Analyst
35-9031.00,1.A.4.a.5,Peripheral Vision,LV,0.12,8,0.125,0.0,0.37,N,Y,08/2018,Analyst
35-9031.00,1.A.4.a.6,Depth Perception,IM,1.62,8,0.183,1.2664,1.9836,N,,08/2018,Analyst
35-9031.00,1.A.4.a.6,Depth Perception,LV,0.62,8,0.183,0.2664,0.9836,N,N,08/2018,Analyst
35-9031.00,1.A.4.a.7,Glare Sensitivity,IM,1.0,8,0.0,1.0,1.0,N,,08/2018,Analyst
35-9031.00,1.A.4.a.7,Glare Sensitivity,LV,0.0,8,0.0,0.0,0.0,N,Y,08/2018,Analyst
35-9031.00,1.A.4.b.1,Hearing Sensitivity,IM,1.75,8,0.1637,1.4292,2.0708,N,,08/2018,Analyst
35-9031.00,1.A.4.b.1,Hearing Sensitivity,LV,1.38,8,0.3239,0.7402,2.0098,N,N,08/2018,Analyst
35-9031.00,1.A.4.b.2,Auditory Attention,IM,2.25,8,0.1637,1.9292,2.5708,N,,08/2018,Analyst
35-9031.00,1.A.4.b.2,Auditory Attention,LV,2.12,8,0.125,1.88,2.37,N,N,08/2018,Analyst
35-9031.00,1.A.4.b.3,Sound Localization,IM,1.0,8,0.0,1.0,1.0,N,,08/2018,Analyst
35-9031.00,1.A.4.b.3,Sound Localization,LV,0.0,8,0.0,0.0,0.0,N,Y,08/2018,Analyst
35-9031.00,1.A.4.b.4,Speech Recognition,IM,3.38,8,0.183,3.0164,3.7336,N,,08/2018,Analyst
35-9031.00,1.A.4.b.4,Speech Recognition,LV,3.12,8,0.125,2.88,3.37,N,N,08/2018,Analyst
35-9031.00,1.A.4.b.5,Speech Clarity,IM,3.38,8,0.183,3.0164,3.7336,N,,08/2018,Analyst
35-9031.00,1.A.4.b.5,Speech Clarity,LV,3.0,8,0.0,3.0,3.0,N,N,08/2018,Analyst
37-1011.00,1.A.1.a.1,Oral Comprehension,IM,3.62,8,0.183,3.2664,3.9836,N,,08/2020,Analyst
37-1011.00,1.A.1.a.1,Oral Comprehension,LV,3.75,8,0.1637,3.4292,4.0708,N,N,08/2020,Analyst
37-1011.00,1.A.1.a.2,Written Comprehension,IM,3.0,8,0.0,3.0,3.0,N,,08/2020,Analyst
37-1011.00,1.A.1.a.2,Written Comprehension,LV,3.0,8,0.0,3.0,3.0,N,N,08/2020,Analyst
37-1011.00,1.A.1.a.3,Oral Expression,IM,3.88,8,0.125,3.63,4.12,N,,08/2020,Analyst
37-1011.00,1.A.1.a.3,Oral Expression,LV,3.75,8,0.1637,3.4292,4.0708,N,N,08/2020,Analyst
37-1011.00,1.A.1.a.4,Written Expression,IM,3.0,8,0.0,3.0,3.0,N,,08/2020,Analyst
37-1011.00,1.A.1.a.4,Written Expression,LV,3.0,8,0.0,3.0,3.0,N,N,08/2020,Analyst
37-1011.00,1.A.1.b.1,Fluency of Ideas,IM,2.75,8,0.1637,2.4292,3.0708,N,,08/2020,Analyst
37-1011.00,1.A.1.b.1,Fluency of Ideas,LV,2.62,8,0.183,2.2664,2.9836,N,N,08/2020,Analyst
37-1011.00,1.A.1.b.2,Originality,IM,2.62,8,0.183,2.2664,2.9836,N,,08/2020,Analyst
37-1011.00,1.A.1.b.2,Originality,LV,2.25,8,0.1637,1.9292,2.5708,N,N,08/2020,Analyst
37-1011.00,1.A.1.b.3,Problem Sensitivity,IM,3.25,8,0.1637,2.9292,3.5708,N,,08/2020,Analyst
37-1011.00,1.A.1.b.3,Problem Sensitivity,LV,3.0,8,0.0,3.0,3.0,N,N,08/2020,Analyst
37-1011.00,1.A.1.b.4,Deductive Reasoning,IM,3.12,8,0.125,2.88,3.37,N,,08/2020,Analyst
37-1011.00,1.A.1.b.4,Deductive Reasoning,LV,3.0,8,0.0,3.0,3.0,N,N,08/2020,Analyst
37-1011.00,1.A.1.b.5,Inductive Reasoning,IM,3.0,8,0.0,3.0,3.0,N,,08/2020,Analyst
37-1011.00,1.A.1.b.5,Inductive Reasoning,LV,3.0,8,0.0,3.0,3.0,N,N,08/2020,Analyst
37-1011.00,1.A.1.b.6,Information Ordering,IM,3.25,8,0.1637,2.9292,3.5708,N,,08/2020,Analyst
37-1011.00,1.A.1.b.6,Information Ordering,LV,3.0,8,0.0,3.0,3.0,N,N,08/2020,Analyst
37-1011.00,1.A.1.b.7,Category Flexibility,IM,3.12,8,0.125,2.88,3.37,N,,08/2020,Analyst
37-1011.00,1.A.1.b.7,Category Flexibility,LV,3.0,8,0.0,3.0,3.0,N,N,08/2020,Analyst
37-1011.00,1.A.1.c.1,Mathematical Reasoning,IM,2.12,8,0.125,1.88,2.37,N,,08/2020,Analyst
37-1011.00,1.A.1.c.1,Mathematical Reasoning,LV,2.0,8,0.189,1.6296,2.3704,N,N,08/2020,Analyst
37-1011.00,1.A.1.c.2,Number Facility,IM,2.5,8,0.189,2.1296,2.8704,N,,08/2020,Analyst
37-1011.00,1.A.1.c.2,Number Facility,LV,2.62,8,0.183,2.2664,2.9836,N,N,08/2020,Analyst
37-1011.00,1.A.1.d.1,Memorization,IM,2.12,8,0.125,1.88,2.37,N,,08/2020,Analyst
37-1011.00,1.A.1.d.1,Memorization,LV,2.0,8,0.0,2.0,2.0,N,N,08/2020,Analyst
37-1011.00,1.A.1.e.1,Speed of Closure,IM,2.12,8,0.125,1.88,2.37,N,,08/2020,Analyst
37-1011.00,1.A.1.e.1,Speed of Closure,LV,2.12,8,0.125,1.88,2.37,N,N,08/2020,Analyst
37-1011.00,1.A.1.e.2,Flexibility of Closure,IM,2.62,8,0.2631,2.1094,3.1406,N,,08/2020,Analyst
37-1011.00,1.A.1.e.2,Flexibility of Closure,LV,2.25,8,0.1637,1.9292,2.5708,N,N,08/2020,Analyst
37-1011.00,1.A.1.e.3,Perceptual Speed,IM,2.5,8,0.2673,1.9762,3.0238,N,,08/2020,Analyst
37-1011.00,1.A.1.e.3,Perceptual Speed,LV,2.12,8,0.125,1.88,2.37,N,N,08/2020,Analyst
37-1011.00,1.A.1.f.1,Spatial Orientation,IM,1.75,8,0.1637,1.4292,2.0708,N,,08/2020,Analyst
37-1011.00,1.A.1.f.1,Spatial Orientation,LV,1.12,8,0.295,0.5467,1.7033,N,N,08/2020,Analyst
37-1011.00,1.A.1.f.2,Visualization,IM,2.12,8,0.125,1.88,2.37,N,,08/2020,Analyst
37-1011.00,1.A.1.f.2,Visualization,LV,2.12,8,0.125,1.88,2.37,N,N,08/2020,Analyst
37-1011.00,1.A.1.g.1,Selective Attention,IM,2.62,8,0.183,2.2664,2.9836,N,,08/2020,Analyst
37-1011.00,1.A.1.g.1,Selective Attention,LV,2.25,8,0.1637,1.9292,2.5708,N,N,08/2020,Analyst
37-1011.00,1.A.1.g.2,Time Sharing,IM,2.25,8,0.1637,1.9292,2.5708,N,,08/2020,Analyst
37-1011.00,1.A.1.g.2,Time Sharing,LV,2.12,8,0.125,1.88,2.37,N,N,08/2020,Analyst
37-1011.00,1.A.2.a.1,Arm-Hand Steadiness,IM,2.75,8,0.1637,2.4292,3.0708,N,,08/2020,Analyst
37-1011.00,1.A.2.a.1,Arm-Hand Steadiness,LV,2.25,8,0.1637,1.9292,2.5708,N,N,08/2020,Analyst
37-1011.00,1.A.2.a.2,Manual Dexterity,IM,3.0,8,0.189,2.6296,3.3704,N,,08/2020,Analyst
37-1011.00,1.A.2.a.2,Manual Dexterity,LV,2.12,8,0.125,1.88,2.37,N,N,08/2020,Analyst
37-1011.00,1.A.2.a.3,Finger Dexterity,IM,2.5,8,0.189,2.1296,2.8704,N,,08/2020,Analyst
37-1011.00,1.A.2.a.3,Finger Dexterity,LV,2.12,8,0.125,1.88,2.37,N,N,08/2020,Analyst
37-1011.00,1.A.2.b.1,Control Precision,IM,2.5,8,0.189,2.1296,2.8704,N,,08/2020,Analyst
37-1011.00,1.A.2.b.1,Control Precision,LV,2.25,8,0.1637,1.9292,2.5708,N,N,08/2020,Analyst
37-1011.00,1.A.2.b.2,Multilimb Coordination,IM,2.5,8,0.189,2.1296,2.8704,N,,08/2020,Analyst
37-1011.00,1.A.2.b.2,Multilimb Coordination,LV,2.0,8,0.0,2.0,2.0,N,N,08/2020,Analyst
37-1011.00,1.A.2.b.3,Response Orientation,IM,1.75,8,0.1637,1.4292,2.0708,N,,08/2020,Analyst
37-1011.00,1.A.2.b.3,Response Orientation,LV,1.5,8,0.3273,0.8584,2.1416,N,N,08/2020,Analyst
37-1011.00,1.A.2.b.4,Rate Control,IM,1.75,8,0.1637,1.4292,2.0708,N,,08/2020,Analyst
37-1011.00,1.A.2.b.4,Rate Control,LV,1.5,8,0.3273,0.8584,2.1416,N,N,08/2020,Analyst
37-1011.00,1.A.2.c.1,Reaction Time,IM,1.88,8,0.125,1.63,2.12,N,,08/2020,Analyst
37-1011.00,1.A.2.c.1,Reaction Time,LV,1.12,8,0.2266,0.6809,1.5691,N,N,08/2020,Analyst
37-1011.00,1.A.2.c.2,Wrist-Finger Speed,IM,1.88,8,0.125,1.63,2.12,N,,08/2020,Analyst
37-1011.00,1.A.2.c.2,Wrist-Finger Speed,LV,1.38,8,0.2631,0.8594,1.8906,N,N,08/2020,Analyst
37-1011.00,1.A.2.c.3,Speed of Limb Movement,IM,1.75,8,0.1637,1.4292,2.0708,N,,08/2020,Analyst
37-1011.00,1.A.2.c.3,Speed of Limb Movement,LV,1.5,8,0.3273,0.8584,2.1416,N,N,08/2020,Analyst
37-1011.00,1.A.3.a.1,Static Strength,IM,2.75,8,0.25,2.26,3.24,N,,08/2020,Analyst
37-1011.00,1.A.3.a.1,Static Strength,LV,2.25,8,0.1637,1.9292,2.5708,N,N,08/2020,Analyst
37-1011.00,1.A.3.a.2,Explosive Strength,IM,1.38,8,0.183,1.0164,1.7336,N,,08/2020,Analyst
37-1011.00,1.A.3.a.2,Explosive Strength,LV,0.62,8,0.3239,0.0,1.2598,N,N,08/2020,Analyst
37-1011.00,1.A.3.a.3,Dynamic Strength,IM,2.25,8,0.1637,1.9292,2.5708,N,,08/2020,Analyst
37-1011.00,1.A.3.a.3,Dynamic Strength,LV,2.12,8,0.125,1.88,2.37,N,N,08/2020,Analyst
37-1011.00,1.A.3.a.4,Trunk Strength,IM,2.88,8,0.2266,2.4309,3.3191,N,,08/2020,Analyst
37-1011.00,1.A.3.a.4,Trunk Strength,LV,2.88,8,0.2266,2.4309,3.3191,N,N,08/2020,Analyst
37-1011.00,1.A.3.b.1,Stamina,IM,2.5,8,0.2673,1.9762,3.0238,N,,08/2020,Analyst
37-1011.00,1.A.3.b.1,Stamina,LV,2.25,8,0.1637,1.9292,2.5708,N,N,08/2020,Analyst
37-1011.00,1.A.3.c.1,Extent Flexibility,IM,2.25,8,0.1637,1.9292,2.5708,N,,08/2020,Analyst
37-1011.00,1.A.3.c.1,Extent Flexibility,LV,2.25,8,0.25,1.76,2.74,N,N,08/2020,Analyst
37-1011.00,1.A.3.c.2,Dynamic Flexibility,IM,1.12,8,0.125,1.0,1.37,N,,08/2020,Analyst
37-1011.00,1.A.3.c.2,Dynamic Flexibility,LV,0.12,8,0.125,0.0,0.37,N,Y,08/2020,Analyst
37-1011.00,1.A.3.c.3,Gross Body Coordination,IM,2.12,8,0.125,1.88,2.37,N,,08/2020,Analyst
37-1011.00,1.A.3.c.3,Gross Body Coordination,LV,2.0,8,0.0,2.0,2.0,N,N,08/2020,Analyst
37-1011.00,1.A.3.c.4,Gross Body Equilibrium,IM,2.0,8,0.189,1.6296,2.3704,N,,08/2020,Analyst
37-1011.00,1.A.3.c.4,Gross Body Equilibrium,LV,1.62,8,0.2631,1.1094,2.1406,N,N,08/2020,Analyst
37-1011.00,1.A.4.a.1,Near Vision,IM,3.25,8,0.1637,2.9292,3.5708,N,,08/2020,Analyst
37-1011.00,1.A.4.a.1,Near Vision,LV,3.12,8,0.125,2.88,3.37,N,N,08/2020,Analyst
37-1011.00,1.A.4.a.2,Far Vision,IM,3.0,8,0.189,2.6296,3.3704,N,,08/2020,Analyst
37-1011.00,1.A.4.a.2,Far Vision,LV,3.0,8,0.189,2.6296,3.3704,N,N,08/2020,Analyst
37-1011.00,1.A.4.a.3,Visual Color Discrimination,IM,2.5,8,0.189,2.1296,2.8704,N,,08/2020,Analyst
37-1011.00,1.A.4.a.3,Visual Color Discrimination,LV,2.12,8,0.125,1.88,2.37,N,N,08/2020,Analyst
37-1011.00,1.A.4.a.4,Night Vision,IM,1.5,8,0.189,1.1296,1.8704,N,,08/2020,Analyst
37-1011.00,1.A.4.a.4,Night Vision,LV,0.62,8,0.2631,0.1094,1.1406,N,N,08/2020,Analyst
37-1011.00,1.A.4.a.5,Peripheral Vision,IM,1.5,8,0.189,1.1296,1.8704,N,,08/2020,Analyst
37-1011.00,1.A.4.a.5,Peripheral Vision,LV,0.62,8,0.2631,0.1094,1.1406,N,N,08/2020,Analyst
37-1011.00,1.A.4.a.6,Depth Perception,IM,2.0,8,0.0,2.0,2.0,N,,08/2020,Analyst
37-1011.00,1.A.4.a.6,Depth Perception,LV,1.88,8,0.125,1.63,2.12,N,N,08/2020,Analyst
37-1011.00,1.A.4.a.7,Glare Sensitivity,IM,1.25,8,0.1637,1.0,1.5708,N,,08/2020,Analyst
37-1011.00,1.A.4.a.7,Glare Sensitivity,LV,0.38,8,0.2631,0.0,0.8906,N,Y,08/2020,Analyst
37-1011.00,1.A.4.b.1,Hearing Sensitivity,IM,1.88,8,0.125,1.63,2.12,N,,08/2020,Analyst
37-1011.00,1.A.4.b.1,Hearing Sensitivity,LV,1.5,8,0.2673,0.9762,2.0238,N,N,08/2020,Analyst
37-1011.00,1.A.4.b.2,Auditory Attention,IM,1.88,8,0.125,1.63,2.12,N,,08/2020,Analyst
37-1011.00,1.A.4.b.2,Auditory Attention,LV,1.25,8,0.25,0.76,1.74,N,N,08/2020,Analyst
37-1011.00,1.A.4.b.3,Sound Localization,IM,1.38,8,0.183,1.0164,1.7336,N,,08/2020,Analyst
37-1011.00,1.A.4.b.3,Sound Localization,LV,0.38,8,0.183,0.0164,0.7336,N,N,08/2020,Analyst
37-1011.00,1.A.4.b.4,Speech Recognition,IM,3.25,8,0.1637,2.9292,3.5708,N,,08/2020,Analyst
37-1011.00,1.A.4.b.4,Speech Recognition,LV,3.12,8,0.125,2.88,3.37,N,N,08/2020,Analyst
37-1011.00,1.A.4.b.5,Speech Clarity,IM,3.25,8,0.1637,2.9292,3.5708,N,,08/2020,Analyst
37-1011.00,1.A.4.b.5,Speech Clarity,LV,3.12,8,0.125,2.88,3.37,N,N,08/2020,Analyst
37-1012.00,1.A.1.a.1,Oral Comprehension,IM,4.0,8,0.0,4.0,4.0,N,,08/2021,Analyst
37-1012.00,1.A.1.a.1,Oral Comprehension,LV,4.0,8,0.0,4.0,4.0,N,N,08/2021,Analyst
37-1012.00,1.A.1.a.2,Written Comprehension,IM,3.25,8,0.1637,2.9292,3.5708,N,,08/2021,Analyst
37-1012.00,1.A.1.a.2,Written Comprehension,LV,3.62,8,0.183,3.2664,3.9836,N,N,08/2021,Analyst
37-1012.00,1.A.1.a.3,Oral Expression,IM,3.88,8,0.125,3.63,4.12,N,,08/2021,Analyst
37-1012.00,1.A.1.a.3,Oral Expression,LV,4.0,8,0.0,4.0,4.0,N,N,08/2021,Analyst
37-1012.00,1.A.1.a.4,Written Expression,IM,3.12,8,0.125,2.88,3.37,N,,08/2021,Analyst
37-1012.00,1.A.1.a.4,Written Expression,LV,3.12,8,0.125,2.88,3.37,N,N,08/2021,Analyst
37-1012.00,1.A.1.b.1,Fluency of Ideas,IM,3.0,8,0.0,3.0,3.0,N,,08/2021,Analyst
37-1012.00,1.A.1.b.1,Fluency of Ideas,LV,3.0,8,0.0,3.0,3.0,N,N,08/2021,Analyst
37-1012.00,1.A.1.b.2,Originality,IM,2.88,8,0.125,2.63,3.12,N,,08/2021,Analyst
37-1012.00,1.A.1.b.2,Originality,LV,3.0,8,0.0,3.0,3.0,N,N,08/2021,Analyst
37-1012.00,1.A.1.b.3,Problem Sensitivity,IM,3.75,8,0.1637,3.4292,4.0708,N,,08/2021,Analyst
37-1012.00,1.A.1.b.3,Problem Sensitivity,LV,3.12,8,0.125,2.88,3.37,N,N,08/2021,Analyst
37-1012.00,1.A.1.b.4,Deductive Reasoning,IM,3.12,8,0.125,2.88,3.37,N,,08/2021,Analyst
37-1012.00,1.A.1.b.4,Deductive Reasoning,LV,3.12,8,0.125,2.88,3.37,N,N,08/2021,Analyst
37-1012.00,1.A.1.b.5,Inductive Reasoning,IM,3.12,8,0.125,2.88,3.37,N,,08/2021,Analyst
37-1012.00,1.A.1.b.5,Inductive Reasoning,LV,3.12,8,0.125,2.88,3.37,N,N,08/2021,Analyst
37-1012.00,1.A.1.b.6,Information Ordering,IM,3.12,8,0.125,2.88,3.37,N,,08/2021,Analyst
37-1012.00,1.A.1.b.6,Information Ordering,LV,3.12,8,0.125,2.88,3.37,N,N,08/2021,Analyst
37-1012.00,1.A.1.b.7,Category Flexibility,IM,2.88,8,0.125,2.63,3.12,N,,08/2021,Analyst
37-1012.00,1.A.1.b.7,Category Flexibility,LV,3.0,8,0.0,3.0,3.0,N,N,08/2021,Analyst
37-1012.00,1.A.1.c.1,Mathematical Reasoning,IM,2.38,8,0.183,2.0164,2.7336,N,,08/2021,Analyst
37-1012.00,1.A.1.c.1,Mathematical Reasoning,LV,2.5,8,0.189,2.1296,2.8704,N,N,08/2021,Analyst
37-1012.00,1.A.1.c.2,Number Facility,IM,2.62,8,0.183,2.2664,2.9836,N,,08/2021,Analyst
37-1012.00,1.A.1.c.2,Number Facility,LV,2.5,8,0.189,2.1296,2.8704,N,N,08/2021,Analyst
37-1012.00,1.A.1.d.1,Memorization,IM,2.38,8,0.183,2.0164,2.7336,N,,08/2021,Analyst
37-1012.00,1.A.1.d.1,Memorization,LV,2.25,8,0.1637,1.9292,2.5708,N,N,08/2021,Analyst
37-1012.00,1.A.1.e.1,Speed of Closure,IM,2.25,8,0.1637,1.9292,2.5708,N,,08/2021,Analyst
37-1012.00,1.A.1.e.1,Speed of Closure,LV,2.12,8,0.125,1.88,2.37,N,N,08/2021,Analyst
37-1012.00,1.A.1.e.2,Flexibility of Closure,IM,3.12,8,0.125,2.88,3.37,N,,08/2021,Analyst
37-1012.00,1.A.1.e.2,Flexibility of Closure,LV,3.12,8,0.125,2.88,3.37,N,N,08/2021,Analyst
37-1012.00,1.A.1.e.3,Perceptual Speed,IM,3.12,8,0.125,2.88,3.37,N,,08/2021,Analyst
37-1012.00,1.A.1.e.3,Perceptual Speed,LV,3.12,8,0.125,2.88,3.37,N,N,08/2021,Analyst
37-1012.00,1.A.1.f.1,Spatial Orientation,IM,2.0,8,0.0,2.0,2.0,N,,08/2021,Analyst
37-1012.00,1.A.1.f.1,Spatial Orientation,LV,1.88,8,0.125,1.63,2.12,N,N,08/2021,Analyst
37-1012.00,1.A.1.f.2,Visualization,IM,3.25,8,0.1637,2.9292,3.5708,N,,08/2021,Analyst
37-1012.00,1.A.1.f.2,Visualization,LV,3.25,8,0.1637,2.9292,3.5708,N,N,08/2021,Analyst
37-1012.00,1.A.1.g.1,Selective Attention,IM,3.0,8,0.0,3.0,3.0,N,,08/2021,Analyst
37-1012.00,1.A.1.g.1,Selective Attention,LV,3.12,8,0.125,2.88,3.37,N,N,08/2021,Analyst
37-1012.00,1.A.1.g.2,Time Sharing,IM,3.12,8,0.125,2.88,3.37,N,,08/2021,Analyst
37-1012.00,1.A.1.g.2,Time Sharing,LV,2.88,8,0.125,2.63,3.12,N,N,08/2021,Analyst
37-1012.00,1.A.2.a.1,Arm-Hand Steadiness,IM,3.12,8,0.125,2.88,3.37,N,,08/2021,Analyst
37-1012.00,1.A.2.a.1,Arm-Hand Steadiness,LV,3.0,8,0.0,3.0,3.0,N,N,08/2021,Analyst
37-1012.00,1.A.2.a.2,Manual Dexterity,IM,3.0,8,0.0,3.0,3.0,N,,08/2021,Analyst
37-1012.00,1.A.2.a.2,Manual Dexterity,LV,3.0,8,0.0,3.0,3.0,N,N,08/2021,Analyst
37-1012.00,1.A.2.a.3,Finger Dexterity,IM,3.0,8,0.0,3.0,3.0,N,,08/2021,Analyst
37-1012.00,1.A.2.a.3,Finger Dexterity,LV,3.0,8,0.0,3.0,3.0,N,N,08/2021,Analyst
37-1012.00,1.A.2.b.1,Control Precision,IM,3.0,8,0.0,3.0,3.0,N,,08/2021,Analyst
37-1012.00,1.A.2.b.1,Control Precision,LV,3.12,8,0.125,2.88,3.37,N,N,08/2021,Analyst
37-1012.00,1.A.2.b.2,Multilimb Coordination,IM,3.0,8,0.0,3.0,3.0,N,,08/2021,Analyst
37-1012.00,1.A.2.b.2,Multilimb Coordination,LV,3.0,8,0.0,3.0,3.0,N,N,08/2021,Analyst
37-1012.00,1.A.2.b.3,Response Orientation,IM,2.12,8,0.125,1.88,2.37,N,,08/2021,Analyst
37-1012.00,1.A.2.b.3,Response Orientation,LV,2.12,8,0.125,1.88,2.37,N,N,08/2021,Analyst
37-1012.00,1.A.2.b.4,Rate Control,IM,2.38,8,0.183,2.0164,2.7336,N,,08/2021,Analyst
37-1012.00,1.A.2.b.4,Rate Control,LV,2.25,8,0.1637,1.9292,2.5708,N,N,08/2021,Analyst
37-1012.00,1.A.2.c.1,Reaction Time,IM,2.38,8,0.183,2.0164,2.7336,N,,08/2021,Analyst
37-1012.00,1.A.2.c.1,Reaction Time,LV,2.75,8,0.1637,2.4292,3.0708,N,N,08/2021,Analyst
37-1012.00,1.A.2.c.2,Wrist-Finger Speed,IM,2.0,8,0.0,2.0,2.0,N,,08/2021,Analyst
37-1012.00,1.A.2.c.2,Wrist-Finger Speed,LV,1.38,8,0.183,1.0164,1.7336,N,N,08/2021,Analyst
37-1012.00,1.A.2.c.3,Speed of Limb Movement,IM,1.62,8,0.183,1.2664,1.9836,N,,08/2021,Analyst
37-1012.00,1.A.2.c.3,Speed of Limb Movement,LV,0.75,8,0.25,0.26,1.24,N,N,08/2021,Analyst
37-1012.00,1.A.3.a.1,Static Strength,IM,3.0,8,0.0,3.0,3.0,N,,08/2021,Analyst
37-1012.00,1.A.3.a.1,Static Strength,LV,3.0,8,0.0,3.0,3.0,N,N,08/2021,Analyst
37-1012.00,1.A.3.a.2,Explosive Strength,IM,1.88,8,0.125,1.63,2.12,N,,08/2021,Analyst
37-1012.00,1.A.3.a.2,Explosive Strength,LV,1.25,8,0.25,0.76,1.74,N,N,08/2021,Analyst
37-1012.00,1.A.3.a.3,Dynamic Strength,IM,2.12,8,0.125,1.88,2.37,N,,08/2021,Analyst
37-1012.00,1.A.3.a.3,Dynamic Strength,LV,2.0,8,0.0,2.0,2.0,N,N,08/2021,Analyst
37-1012.00,1.A.3.a.4,Trunk Strength,IM,2.88,8,0.125,2.63,3.12,N,,08/2021,Analyst
37-1012.00,1.A.3.a.4,Trunk Strength,LV,2.88,8,0.125,2.63,3.12,N,N,08/2021,Analyst
37-1012.00,1.A.3.b.1,Stamina,IM,2.25,8,0.1637,1.9292,2.5708,N,,08/2021,Analyst
37-1012.00,1.A.3.b.1,Stamina,LV,2.12,8,0.125,1.88,2.37,N,N,08/2021,Analyst
37-1012.00,1.A.3.c.1,Extent Flexibility,IM,2.38,8,0.183,2.0164,2.7336,N,,08/2021,Analyst
37-1012.00,1.A.3.c.1,Extent Flexibility,LV,2.62,8,0.183,2.2664,2.9836,N,N,08/2021,Analyst
37-1012.00,1.A.3.c.2,Dynamic Flexibility,IM,1.62,8,0.183,1.2664,1.9836,N,,08/2021,Analyst
37-1012.00,1.A.3.c.2,Dynamic Flexibility,LV,0.62,8,0.183,0.2664,0.9836,N,N,08/2021,Analyst
37-1012.00,1.A.3.c.3,Gross Body Coordination,IM,2.25,8,0.1637,1.9292,2.5708,N,,08/2021,Analyst
37-1012.00,1.A.3.c.3,Gross Body Coordination,LV,2.12,8,0.125,1.88,2.37,N,N,08/2021,Analyst
37-1012.00,1.A.3.c.4,Gross Body Equilibrium,IM,2.0,8,0.0,2.0,2.0,N,,08/2021,Analyst
37-1012.00,1.A.3.c.4,Gross Body Equilibrium,LV,1.88,8,0.125,1.63,2.12,N,N,08/2021,Analyst
37-1012.00,1.A.4.a.1,Near Vision,IM,3.38,8,0.183,3.0164,3.7336,N,,08/2021,Analyst
37-1012.00,1.A.4.a.1,Near Vision,LV,3.25,8,0.1637,2.9292,3.5708,N,N,08/2021,Analyst
37-1012.00,1.A.4.a.2,Far Vision,IM,3.12,8,0.125,2.88,3.37,N,,08/2021,Analyst
37-1012.00,1.A.4.a.2,Far Vision,LV,3.12,8,0.125,2.88,3.37,N,N,08/2021,Analyst
37-1012.00,1.A.4.a.3,Visual Color Discrimination,IM,2.88,8,0.125,2.63,3.12,N,,08/2021,Analyst
37-1012.00,1.A.4.a.3,Visual Color Discrimination,LV,2.88,8,0.125,2.63,3.12,N,N,08/2021,Analyst
37-1012.00,1.A.4.a.4,Night Vision,IM,2.12,8,0.125,1.88,2.37,N,,08/2021,Analyst
37-1012.00,1.A.4.a.4,Night Vision,LV,1.12,8,0.125,0.88,1.37,N,N,08/2021,Analyst
37-1012.00,1.A.4.a.5,Peripheral Vision,IM,2.0,8,0.0,2.0,2.0,N,,08/2021,Analyst
37-1012.00,1.A.4.a.5,Peripheral Vision,LV,1.25,8,0.1637,0.9292,1.5708,N,N,08/2021,Analyst
37-1012.00,1.A.4.a.6,Depth Perception,IM,2.62,8,0.183,2.2664,2.9836,N,,08/2021,Analyst
37-1012.00,1.A.4.a.6,Depth Perception,LV,2.75,8,0.1637,2.4292,3.0708,N,N,08/2021,Analyst
37-1012.00,1.A.4.a.7,Glare Sensitivity,IM,2.0,8,0.0,2.0,2.0,N,,08/2021,Analyst
37-1012.00,1.A.4.a.7,Glare Sensitivity,LV,1.88,8,0.125,1.63,2.12,N,N,08/2021,Analyst
37-1012.00,1.A.4.b.1,Hearing Sensitivity,IM,2.38,8,0.183,2.0164,2.7336,N,,08/2021,Analyst
37-1012.00,1.A.4.b.1,Hearing Sensitivity,LV,2.12,8,0.125,1.88,2.37,N,N,08/2021,Analyst
37-1012.00,1.A.4.b.2,Auditory Attention,IM,2.88,8,0.125,2.63,3.12,N,,08/2021,Analyst
37-1012.00,1.A.4.b.2,Auditory Attention,LV,2.75,8,0.1637,2.4292,3.0708,N,N,08/2021,Analyst
37-1012.00,1.A.4.b.3,Sound Localization,IM,2.0,8,0.0,2.0,2.0,N,,08/2021,Analyst
37-1012.00,1.A.4.b.3,Sound Localization,LV,1.38,8,0.183,1.0164,1.7336,N,N,08/2021,Analyst
37-1012.00,1.A.4.b.4,Speech Recognition,IM,3.25,8,0.1637,2.9292,3.5708,N,,08/2021,Analyst
37-1012.00,1.A.4.b.4,Speech Recognition,LV,3.0,8,0.0,3.0,3.0,N,N,08/2021,Analyst
37-1012.00,1.A.4.b.5,Speech Clarity,IM,3.25,8,0.1637,2.9292,3.5708,N,,08/2021,Analyst
37-1012.00,1.A.4.b.5,Speech Clarity,LV,3.0,8,0.0,3.0,3.0,N,N,08/2021,Analyst
37-2011.00,1.A.1.a.1,Oral Comprehension,IM,3.0,8,0.0,3.0,3.0,N,,08/2023,Analyst
37-2011.00,1.A.1.a.1,Oral Comprehension,LV,2.88,8,0.125,2.63,3.12,N,N,08/2023,Analyst
37-2011.00,1.A.1.a.2,Written Comprehension,IM,2.25,8,0.1637,1.9292,2.5708,N,,08/2023,Analyst
37-2011.00,1.A.1.a.2,Written Comprehension,LV,2.38,8,0.183,2.0164,2.7336,N,N,08/2023,Analyst
37-2011.00,1.A.1.a.3,Oral Expression,IM,3.0,8,0.0,3.0,3.0,N,,08/2023,Analyst
37-2011.00,1.A.1.a.3,Oral Expression,LV,2.88,8,0.125,2.63,3.12,N,N,08/2023,Analyst
37-2011.00,1.A.1.a.4,Written Expression,IM,2.25,8,0.1637,1.9292,2.5708,N,,08/2023,Analyst
37-2011.00,1.A.1.a.4,Written Expression,LV,2.0,8,0.0,2.0,2.0,N,N,08/2023,Analyst
37-2011.00,1.A.1.b.1,Fluency of Ideas,IM,2.12,8,0.125,1.88,2.37,N,,08/2023,Analyst
37-2011.00,1.A.1.b.1,Fluency of Ideas,LV,1.88,8,0.125,1.63,2.12,N,N,08/2023,Analyst
37-2011.00,1.A.1.b.2,Originality,IM,2.12,8,0.125,1.88,2.37,N,,08/2023,Analyst
37-2011.00,1.A.1.b.2,Originality,LV,1.88,8,0.125,1.63,2.12,N,N,08/2023,Analyst
37-2011.00,1.A.1.b.3,Problem Sensitivity,IM,3.0,8,0.0,3.0,3.0,N,,08/2023,Analyst
37-2011.00,1.A.1.b.3,Problem Sensitivity,LV,2.75,8,0.1637,2.4292,3.0708,N,N,08/2023,Analyst
37-2011.00,1.A.1.b.4,Deductive Reasoning,IM,2.75,8,0.1637,2.4292,3.0708,N,,08/2023,Analyst
37-2011.00,1.A.1.b.4,Deductive Reasoning,LV,2.62,8,0.183,2.2664,2.9836,N,N,08/2023,Analyst
37-2011.00,1.A.1.b.5,Inductive Reasoning,IM,2.5,8,0.189,2.1296,2.8704,N,,08/2023,Analyst
37-2011.00,1.A.1.b.5,Inductive Reasoning,LV,2.5,8,0.189,2.1296,2.8704,N,N,08/2023,Analyst
37-2011.00,1.A.1.b.6,Information Ordering,IM,2.88,8,0.125,2.63,3.12,N,,08/2023,Analyst
37-2011.00,1.A.1.b.6,Information Ordering,LV,2.75,8,0.1637,2.4292,3.0708,N,N,08/2023,Analyst
37-2011.00,1.A.1.b.7,Category Flexibility,IM,2.62,8,0.183,2.2664,2.9836,N,,08/2023,Analyst
37-2011.00,1.A.1.b.7,Category Flexibility,LV,2.62,8,0.183,2.2664,2.9836,N,N,08/2023,Analyst
37-2011.00,1.A.1.c.1,Mathematical Reasoning,IM,1.5,8,0.189,1.1296,1.8704,N,,08/2023,Analyst
37-2011.00,1.A.1.c.1,Mathematical Reasoning,LV,0.88,8,0.3504,0.1883,1.5617,N,N,08/2023,Analyst
37-2011.00,1.A.1.c.2,Number Facility,IM,1.5,8,0.189,1.1296,1.8704,N,,08/2023,Analyst
37-2011.00,1.A.1.c.2,Number Facility,LV,0.75,8,0.3134,0.1358,1.3642,N,N,08/2023,Analyst
37-2011.00,1.A.1.d.1,Memorization,IM,1.88,8,0.125,1.63,2.12,N,,08/2023,Analyst
37-2011.00,1.A.1.d.1,Memorization,LV,1.5,8,0.3273,0.8584,2.1416,N,N,08/2023,Analyst
37-2011.00,1.A.1.e.1,Speed of Closure,IM,2.0,8,0.0,2.0,2.0,N,,08/2023,Analyst
37-2011.00,1.A.1.e.1,Speed of Closure,LV,1.38,8,0.183,1.0164,1.7336,N,N,08/2023,Analyst
37-2011.00,1.A.1.e.2,Flexibility of Closure,IM,2.12,8,0.125,1.88,2.37,N,,08/2023,Analyst
37-2011.00,1.A.1.e.2,Flexibility of Closure,LV,2.12,8,0.125,1.88,2.37,N,N,08/2023,Analyst
37-2011.00,1.A.1.e.3,Perceptual Speed,IM,2.12,8,0.125,1.88,2.37,N,,08/2023,Analyst
37-2011.00,1.A.1.e.3,Perceptual Speed,LV,2.0,8,0.0,2.0,2.0,N,N,08/2023,Analyst
37-2011.00,1.A.1.f.1,Spatial Orientation,IM,1.25,8,0.1637,1.0,1.5708,N,,08/2023,Analyst
37-2011.00,1.A.1.f.1,Spatial Orientation,LV,0.25,8,0.1637,0.0,0.5708,N,Y,08/2023,Analyst
37-2011.00,1.A.1.f.2,Visualization,IM,2.25,8,0.1637,1.9292,2.5708,N,,08/2023,Analyst
37-2011.00,1.A.1.f.2,Visualization,LV,2.12,8,0.125,1.88,2.37,N,N,08/2023,Analyst
37-2011.00,1.A.1.g.1,Selective Attention,IM,2.88,8,0.125,2.63,3.12,N,,08/2023,Analyst
37-2011.00,1.A.1.g.1,Selective Attention,LV,2.12,8,0.125,1.88,2.37,N,N,08/2023,Analyst
37-2011.00,1.A.1.g.2,Time Sharing,IM,2.12,8,0.125,1.88,2.37,N,,08/2023,Analyst
37-2011.00,1.A.1.g.2,Time Sharing,LV,2.0,8,0.0,2.0,2.0,N,N,08/2023,Analyst
37-2011.00,1.A.2.a.1,Arm-Hand Steadiness,IM,3.0,8,0.0,3.0,3.0,N,,08/2023,Analyst
37-2011.00,1.A.2.a.1,Arm-Hand Steadiness,LV,2.75,8,0.1637,2.4292,3.0708,N,N,08/2023,Analyst
37-2011.00,1.A.2.a.2,Manual Dexterity,IM,3.0,8,0.0,3.0,3.0,N,,08/2023,Analyst
37-2011.00,1.A.2.a.2,Manual Dexterity,LV,2.38,8,0.183,2.0164,2.7336,N,N,08/2023,Analyst
37-2011.00,1.A.2.a.3,Finger Dexterity,IM,2.75,8,0.1637,2.4292,3.0708,N,,08/2023,Analyst
37-2011.00,1.A.2.a.3,Finger Dexterity,LV,2.5,8,0.189,2.1296,2.8704,N,N,08/2023,Analyst
37-2011.00,1.A.2.b.1,Control Precision,IM,2.62,8,0.183,2.2664,2.9836,N,,08/2023,Analyst
37-2011.00,1.A.2.b.1,Control Precision,LV,2.12,8,0.125,1.88,2.37,N,N,08/2023,Analyst
37-2011.00,1.A.2.b.2,Multilimb Coordination,IM,2.88,8,0.2266,2.4309,3.3191,N,,08/2023,Analyst
37-2011.00,1.A.2.b.2,Multilimb Coordination,LV,2.62,8,0.183,2.2664,2.9836,N,N,08/2023,Analyst
37-2011.00,1.A.2.b.3,Response Orientation,IM,1.75,8,0.1637,1.4292,2.0708,N,,08/2023,Analyst
37-2011.00,1.A.2.b.3,Response Orientation,LV,0.88,8,0.2266,0.4309,1.3191,N,N,08/2023,Analyst
37-2011.00,1.A.2.b.4,Rate Control,IM,2.0,8,0.0,2.0,2.0,N,,08/2023,Analyst
37-2011.00,1.A.2.b.4,Rate Control,LV,1.12,8,0.125,0.88,1.37,N,N,08/2023,Analyst
37-2011.00,1.A.2.c.1,Reaction Time,IM,2.0,8,0.0,2.0,2.0,N,,08/2023,Analyst
37-2011.00,1.A.2.c.1,Reaction Time,LV,1.12,8,0.125,0.88,1.37,N,N,08/2023,Analyst
37-2011.00,1.A.2.c.2,Wrist-Finger Speed,IM,1.88,8,0.125,1.63,2.12,N,,08/2023,Analyst
37-2011.00,1.A.2.c.2,Wrist-Finger Speed,LV,1.0,8,0.189,0.6296,1.3704,N,N,08/2023,Analyst
37-2011.00,1.A.2.c.3,Speed of Limb Movement,IM,1.75,8,0.1637,1.4292,2.0708,N,,08/2023,Analyst
37-2011.00,1.A.2.c.3,Speed of Limb Movement,LV,0.88,8,0.2266,0.4309,1.3191,N,N,08/2023,Analyst
37-2011.00,1.A.3.a.1,Static Strength,IM,3.0,8,0.0,3.0,3.0,N,,08/2023,Analyst
37-2011.00,1.A.3.a.1,Static Strength,LV,3.0,8,0.0,3.0,3.0,N,N,08/2023,Analyst
37-2011.00,1.A.3.a.2,Explosive Strength,IM,1.5,8,0.189,1.1296,1.8704,N,,08/2023,Analyst
37-2011.00,1.A.3.a.2,Explosive Strength,LV,0.88,8,0.3981,0.0947,1.6553,N,N,08/2023,Analyst
37-2011.00,1.A.3.a.3,Dynamic Strength,IM,2.12,8,0.125,1.88,2.37,N,,08/2023,Analyst
37-2011.00,1.A.3.a.3,Dynamic Strength,LV,2.0,8,0.0,2.0,2.0,N,N,08/2023,Analyst
37-2011.00,1.A.3.a.4,Trunk Strength,IM,3.25,8,0.1637,2.9292,3.5708,N,,08/2023,Analyst
37-2011.00,1.A.3.a.4,Trunk Strength,LV,3.0,8,0.0,3.0,3.0,N,N,08/2023,Analyst
37-2011.00,1.A.3.b.1,Stamina,IM,2.75,8,0.1637,2.4292,3.0708,N,,08/2023,Analyst
37-2011.00,1.A.3.b.1,Stamina,LV,2.38,8,0.183,2.0164,2.7336,N,N,08/2023,Analyst
37-2011.00,1.A.3.c.1,Extent Flexibility,IM,3.0,8,0.0,3.0,3.0,N,,08/2023,Analyst
37-2011.00,1.A.3.c.1,Extent Flexibility,LV,3.0,8,0.0,3.0,3.0,N,N,08/2023,Analyst
37-2011.00,1.A.3.c.2,Dynamic Flexibility,IM,1.25,8,0.1637,1.0,1.5708,N,,08/2023,Analyst
37-2011.00,1.A.3.c.2,Dynamic Flexibility,LV,0.25,8,0.1637,0.0,0.5708,N,Y,08/2023,Analyst
37-2011.00,1.A.3.c.3,Gross Body Coordination,IM,2.75,8,0.1637,2.4292,3.0708,N,,08/2023,Analyst
37-2011.00,1.A.3.c.3,Gross Body Coordination,LV,2.38,8,0.183,2.0164,2.7336,N,N,08/2023,Analyst
37-2011.00,1.A.3.c.4,Gross Body Equilibrium,IM,2.25,8,0.1637,1.9292,2.5708,N,,08/2023,Analyst
37-2011.00,1.A.3.c.4,Gross Body Equilibrium,LV,2.12,8,0.125,1.88,2.37,N,N,08/2023,Analyst
37-2011.00,1.A.4.a.1,Near Vision,IM,3.25,8,0.1637,2.9292,3.5708,N,,08/2023,Analyst
37-2011.00,1.A.4.a.1,Near Vision,LV,3.12,8,0.125,2.88,3.37,N,N,08/2023,Analyst
37-2011.00,1.A.4.a.2,Far Vision,IM,2.75,8,0.1637,2.4292,3.0708,N,,08/2023,Analyst
37-2011.00,1.A.4.a.2,Far Vision,LV,2.75,8,0.1637,2.4292,3.0708,N,N,08/2023,Analyst
37-2011.00,1.A.4.a.3,Visual Color Discrimination,IM,2.12,8,0.125,1.88,2.37,N,,08/2023,Analyst
37-2011.00,1.A.4.a.3,Visual Color Discrimination,LV,2.25,8,0.1637,1.9292,2.5708,N,N,08/2023,Analyst
37-2011.00,1.A.4.a.4,Night Vision,IM,1.0,8,0.0,1.0,1.0,N,,08/2023,Analyst
37-2011.00,1.A.4.a.4,Night Vision,LV,0.0,8,0.0,0.0,0.0,N,Y,08/2023,Analyst
37-2011.00,1.A.4.a.5,Peripheral Vision,IM,1.0,8,0.0,1.0,1.0,N,,08/2023,Analyst
37-2011.00,1.A.4.a.5,Peripheral Vision,LV,0.0,8,0.0,0.0,0.0,N,Y,08/2023,Analyst
37-2011.00,1.A.4.a.6,Depth Perception,IM,2.0,8,0.0,2.0,2.0,N,,08/2023,Analyst
37-2011.00,1.A.4.a.6,Depth Perception,LV,2.0,8,0.0,2.0,2.0,N,N,08/2023,Analyst
37-2011.00,1.A.4.a.7,Glare Sensitivity,IM,1.5,8,0.189,1.1296,1.8704,N,,08/2023,Analyst
37-2011.00,1.A.4.a.7,Glare Sensitivity,LV,0.62,8,0.2631,0.1094,1.1406,N,N,08/2023,Analyst
37-2011.00,1.A.4.b.1,Hearing Sensitivity,IM,2.0,8,0.0,2.0,2.0,N,,08/2023,Analyst
37-2011.00,1.A.4.b.1,Hearing Sensitivity,LV,1.88,8,0.125,1.63,2.12,N,N,08/2023,Analyst
37-2011.00,1.A.4.b.2,Auditory Attention,IM,2.0,8,0.0,2.0,2.0,N,,08/2023,Analyst
37-2011.00,1.A.4.b.2,Auditory Attention,LV,1.88,8,0.125,1.63,2.12,N,N,08/2023,Analyst
37-2011.00,1.A.4.b.3,Sound Localization,IM,1.0,8,0.0,1.0,1.0,N,,08/2023,Analyst
37-2011.00,1.A.4.b.3,Sound Localization,LV,0.0,8,0.0,0.0,0.0,N,Y,08/2023,Analyst
37-2011.00,1.A.4.b.4,Speech Recognition,IM,2.75,8,0.1637,2.4292,3.0708,N,,08/2023,Analyst
37-2011.00,1.A.4.b.4,Speech Recognition,LV,2.25,8,0.1637,1.9292,2.5708,N,N,08/2023,Analyst
37-2011.00,1.A.4.b.5,Speech Clarity,IM,2.88,8,0.125,2.63,3.12,N,,08/2023,Analyst
37-2011.00,1.A.4.b.5,Speech Clarity,LV,2.25,8,0.1637,1.9292,2.5708,N,N,08/2023,Analyst
37-2012.00,1.A.1.a.1,Oral Comprehension,IM,3.0,8,0.0,3.0,3.0,N,,08/2020,Analyst
37-2012.00,1.A.1.a.1,Oral Comprehension,LV,2.88,8,0.125,2.63,3.12,N,N,08/2020,Analyst
37-2012.00,1.A.1.a.2,Written Comprehension,IM,2.5,8,0.189,2.1296,2.8704,N,,08/2020,Analyst
37-2012.00,1.A.1.a.2,Written Comprehension,LV,2.5,8,0.189,2.1296,2.8704,N,N,08/2020,Analyst
37-2012.00,1.A.1.a.3,Oral Expression,IM,3.0,8,0.0,3.0,3.0,N,,08/2020,Analyst
37-2012.00,1.A.1.a.3,Oral Expression,LV,3.0,8,0.0,3.0,3.0,N,N,08/2020,Analyst
37-2012.00,1.A.1.a.4,Written Expression,IM,2.0,8,0.0,2.0,2.0,N,,08/2020,Analyst
37-2012.00,1.A.1.a.4,Written Expression,LV,2.0,8,0.189,1.6296,2.3704,N,N,08/2020,Analyst
37-2012.00,1.A.1.b.1,Fluency of Ideas,IM,2.0,8,0.0,2.0,2.0,N,,08/2020,Analyst
37-2012.00,1.A.1.b.1,Fluency of Ideas,LV,1.88,8,0.125,1.63,2.12,N,N,08/2020,Analyst
37-2012.00,1.A.1.b.2,Originality,IM,2.0,8,0.0,2.0,2.0,N,,08/2020,Analyst
37-2012.00,1.A.1.b.2,Originality,LV,1.88,8,0.125,1.63,2.12,N,N,08/2020,Analyst
37-2012.00,1.A.1.b.3,Problem Sensitivity,IM,2.88,8,0.125,2.63,3.12,N,,08/2020,Analyst
37-2012.00,1.A.1.b.3,Problem Sensitivity,LV,2.12,8,0.125,1.88,2.37,N,N,08/2020,Analyst
37-2012.00,1.A.1.b.4,Deductive Reasoning,IM,2.62,8,0.183,2.2664,2.9836,N,,08/2020,Analyst
37-2012.00,1.A.1.b.4,Deductive Reasoning,LV,2.12,8,0.125,1.88,2.37,N,N,08/2020,Analyst
37-2012.00,1.A.1.b.5,Inductive Reasoning,IM,2.62,8,0.183,2.2664,2.9836,N,,08/2020,Analyst
37-2012.00,1.A.1.b.5,Inductive Reasoning,LV,2.12,8,0.125,1.88,2.37,N,N,08/2020,Analyst
37-2012.00,1.A.1.b.6,Information Ordering,IM,2.88,8,0.125,2.63,3.12,N,,08/2020,Analyst
37-2012.00,1.A.1.b.6,Information Ordering,LV,2.12,8,0.125,1.88,2.37,N,N,08/2020,Analyst
37-2012.00,1.A.1.b.7,Category Flexibility,IM,2.12,8,0.125,1.88,2.37,N,,08/2020,Analyst
37-2012.00,1.A.1.b.7,Category Flexibility,LV,2.0,8,0.0,2.0,2.0,N,N,08/2020,Analyst
37-2012.00,1.A.1.c.1,Mathematical Reasoning,IM,2.0,8,0.0,2.0,2.0,N,,08/2020,Analyst
37-2012.00,1.A.1.c.1,Mathematical Reasoning,LV,1.0,8,0.0,1.0,1.0,N,N,08/2020,Analyst
37-2012.00,1.A.1.c.2,Number Facility,IM,2.0,8,0.0,2.0,2.0,N,,08/2020,Analyst
37-2012.00,1.A.1.c.2,Number Facility,LV,1.25,8,0.1637,0.9292,1.5708,N,N,08/2020,Analyst
37-2012.00,1.A.1.d.1,Memorization,IM,2.0,8,0.0,2.0,2.0,N,,08/2020,Analyst
37-2012.00,1.A.1.d.1,Memorization,LV,1.25,8,0.1637,0.9292,1.5708,N,N,08/2020,Analyst
37-2012.00,1.A.1.e.1,Speed of Closure,IM,2.0,8,0.0,2.0,2.0,N,,08/2020,Analyst
37-2012.00,1.A.1.e.1,Speed of Closure,LV,1.25,8,0.1637,0.9292,1.5708,N,N,08/2020,Analyst
37-2012.00,1.A.1.e.2,Flexibility of Closure,IM,2.0,8,0.0,2.0,2.0,N,,08/2020,Analyst
37-2012.00,1.A.1.e.2,Flexibility of Closure,LV,2.0,8,0.189,1.6296,2.3704,N,N,08/2020,Analyst
37-2012.00,1.A.1.e.3,Perceptual Speed,IM,2.0,8,0.0,2.0,2.0,N,,08/2020,Analyst
37-2012.00,1.A.1.e.3,Perceptual Speed,LV,2.0,8,0.189,1.6296,2.3704,N,N,08/2020,Analyst
37-2012.00,1.A.1.f.1,Spatial Orientation,IM,1.0,8,0.0,1.0,1.0,N,,08/2020,Analyst
37-2012.00,1.A.1.f.1,Spatial Orientation,LV,0.0,8,0.0,0.0,0.0,N,Y,08/2020,Analyst
37-2012.00,1.A.1.f.2,Visualization,IM,2.0,8,0.0,2.0,2.0,N,,08/2020,Analyst
37-2012.00,1.A.1.f.2,Visualization,LV,1.88,8,0.125,1.63,2.12,N,N,08/2020,Analyst
37-2012.00,1.A.1.g.1,Selective Attention,IM,2.88,8,0.125,2.63,3.12,N,,08/2020,Analyst
37-2012.00,1.A.1.g.1,Selective Attention,LV,2.12,8,0.125,1.88,2.37,N,N,08/2020,Analyst
37-2012.00,1.A.1.g.2,Time Sharing,IM,2.0,8,0.0,2.0,2.0,N,,08/2020,Analyst
37-2012.00,1.A.1.g.2,Time Sharing,LV,2.0,8,0.0,2.0,2.0,N,N,08/2020,Analyst
37-2012.00,1.A.2.a.1,Arm-Hand Steadiness,IM,2.38,8,0.183,2.0164,2.7336,N,,08/2020,Analyst
37-2012.00,1.A.2.a.1,Arm-Hand Steadiness,LV,2.12,8,0.125,1.88,2.37,N,N,08/2020,Analyst
37-2012.00,1.A.2.a.2,Manual Dexterity,IM,2.75,8,0.1637,2.4292,3.0708,N,,08/2020,Analyst
37-2012.00,1.A.2.a.2,Manual Dexterity,LV,2.12,8,0.125,1.88,2.37,N,N,08/2020,Analyst
37-2012.00,1.A.2.a.3,Finger Dexterity,IM,2.5,8,0.189,2.1296,2.8704,N,,08/2020,Analyst
37-2012.00,1.A.2.a.3,Finger Dexterity,LV,2.12,8,0.125,1.88,2.37,N,N,08/2020,Analyst
37-2012.00,1.A.2.b.1,Control Precision,IM,2.0,8,0.0,2.0,2.0,N,,08/2020,Analyst
37-2012.00,1.A.2.b.1,Control Precision,LV,1.88,8,0.2266,1.4309,2.3191,N,N,08/2020,Analyst
37-2012.00,1.A.2.b.2,Multilimb Coordination,IM,2.5,8,0.2673,1.9762,3.0238,N,,08/2020,Analyst
37-2012.00,1.A.2.b.2,Multilimb Coordination,LV,1.88,8,0.295,1.2967,2.4533,N,N,08/2020,Analyst
37-2012.00,1.A.2.b.3,Response Orientation,IM,1.5,8,0.189,1.1296,1.8704,N,,08/2020,Analyst
37-2012.00,1.A.2.b.3,Response Orientation,LV,0.62,8,0.2631,0.1094,1.1406,N,N,08/2020,Analyst
37-2012.00,1.A.2.b.4,Rate Control,IM,1.5,8,0.189,1.1296,1.8704,N,,08/2020,Analyst
37-2012.00,1.A.2.b.4,Rate Control,LV,0.5,8,0.189,0.1296,0.8704,N,N,08/2020,Analyst
37-2012.00,1.A.2.c.1,Reaction Time,IM,1.38,8,0.183,1.0164,1.7336,N,,08/2020,Analyst
37-2012.00,1.A.2.c.1,Reaction Time,LV,0.38,8,0.183,0.0164,0.7336,N,N,08/2020,Analyst
37-2012.00,1.A.2.c.2,Wrist-Finger Speed,IM,1.88,8,0.125,1.63,2.12,N,,08/2020,Analyst
37-2012.00,1.A.2.c.2,Wrist-Finger Speed,LV,0.88,8,0.125,0.63,1.12,N,N,08/2020,Analyst
37-2012.00,1.A.2.c.3,Speed of Limb Movement,IM,1.88,8,0.125,1.63,2.12,N,,08/2020,Analyst
37-2012.00,1.A.2.c.3,Speed of Limb Movement,LV,1.25,8,0.25,0.76,1.74,N,N,08/2020,Analyst
37-2012.00,1.A.3.a.1,Static Strength,IM,2.88,8,0.125,2.63,3.12,N,,08/2020,Analyst
37-2012.00,1.A.3.a.1,Static Strength,LV,2.12,8,0.125,1.88,2.37,N,N,08/2020,Analyst
37-2012.00,1.A.3.a.2,Explosive Strength,IM,1.25,8,0.1637,1.0,1.5708,N,,08/2020,Analyst
37-2012.00,1.A.3.a.2,Explosive Strength,LV,0.38,8,0.2631,0.0,0.8906,N,Y,08/2020,Analyst
37-2012.00,1.A.3.a.3,Dynamic Strength,IM,2.88,8,0.2266,2.4309,3.3191,N,,08/2020,Analyst
37-2012.00,1.A.3.a.3,Dynamic Strength,LV,2.25,8,0.1637,1.9292,2.5708,N,N,08/2020,Analyst
37-2012.00,1.A.3.a.4,Trunk Strength,IM,3.12,8,0.125,2.88,3.37,N,,08/2020,Analyst
37-2012.00,1.A.3.a.4,Trunk Strength,LV,3.25,8,0.1637,2.9292,3.5708,N,N,08/2020,Analyst
37-2012.00,1.A.3.b.1,Stamina,IM,3.0,8,0.0,3.0,3.0,N,,08/2020,Analyst
37-2012.00,1.A.3.b.1,Stamina,LV,2.88,8,0.2266,2.4309,3.3191,N,N,08/2020,Analyst
37-2012.00,1.A.3.c.1,Extent Flexibility,IM,3.0,8,0.189,2.6296,3.3704,N,,08/2020,Analyst
37-2012.00,1.A.3.c.1,Extent Flexibility,LV,3.12,8,0.125,2.88,3.37,N,N,08/2020,Analyst
37-2012.00,1.A.3.c.2,Dynamic Flexibility,IM,1.62,8,0.183,1.2664,1.9836,N,,08/2020,Analyst
37-2012.00,1.A.3.c.2,Dynamic Flexibility,LV,0.62,8,0.183,0.2664,0.9836,N,N,08/2020,Analyst
37-2012.00,1.A.3.c.3,Gross Body Coordination,IM,2.75,8,0.1637,2.4292,3.0708,N,,08/2020,Analyst
37-2012.00,1.A.3.c.3,Gross Body Coordination,LV,2.38,8,0.183,2.0164,2.7336,N,N,08/2020,Analyst
37-2012.00,1.A.3.c.4,Gross Body Equilibrium,IM,2.25,8,0.1637,1.9292,2.5708,N,,08/2020,Analyst
37-2012.00,1.A.3.c.4,Gross Body Equilibrium,LV,1.38,8,0.2631,0.8594,1.8906,N,N,08/2020,Analyst
37-2012.00,1.A.4.a.1,Near Vision,IM,3.0,8,0.0,3.0,3.0,N,,08/2020,Analyst
37-2012.00,1.A.4.a.1,Near Vision,LV,3.0,8,0.0,3.0,3.0,N,N,08/2020,Analyst
37-2012.00,1.A.4.a.2,Far Vision,IM,2.75,8,0.1637,2.4292,3.0708,N,,08/2020,Analyst
37-2012.00,1.A.4.a.2,Far Vision,LV,2.88,8,0.125,2.63,3.12,N,N,08/2020,Analyst
37-2012.00,1.A.4.a.3,Visual Color Discrimination,IM,2.62,8,0.183,2.2664,2.9836,N,,08/2020,Analyst
37-2012.00,1.A.4.a.3,Visual Color Discrimination,LV,1.88,8,0.125,1.63,2.12,N,N,08/2020,Analyst
37-2012.00,1.A.4.a.4,Night Vision,IM,1.0,8,0.0,1.0,1.0,N,,08/2020,Analyst
37-2012.00,1.A.4.a.4,Night Vision,LV,0.0,8,0.0,0.0,0.0,N,Y,08/2020,Analyst
37-2012.00,1.A.4.a.5,Peripheral Vision,IM,1.0,8,0.0,1.0,1.0,N,,08/2020,Analyst
37-2012.00,1.A.4.a.5,Peripheral Vision,LV,0.0,8,0.0,0.0,0.0,N,Y,08/2020,Analyst
37-2012.00,1.A.4.a.6,Depth Perception,IM,2.0,8,0.0,2.0,2.0,N,,08/2020,Analyst
37-2012.00,1.A.4.a.6,Depth Perception,LV,1.12,8,0.125,0.88,1.37,N,N,08/2020,Analyst
37-2012.00,1.A.4.a.7,Glare Sensitivity,IM,1.0,8,0.0,1.0,1.0,N,,08/2020,Analyst
37-2012.00,1.A.4.a.7,Glare Sensitivity,LV,0.0,8,0.0,0.0,0.0,N,Y,08/2020,Analyst
37-2012.00,1.A.4.b.1,Hearing Sensitivity,IM,2.0,8,0.0,2.0,2.0,N,,08/2020,Analyst
37-2012.00,1.A.4.b.1,Hearing Sensitivity,LV,1.12,8,0.125,0.88,1.37,N,N,08/2020,Analyst
37-2012.00,1.A.4.b.2,Auditory Attention,IM,2.0,8,0.0,2.0,2.0,N,,08/2020,Analyst
37-2012.00,1.A.4.b.2,Auditory Attention,LV,1.38,8,0.183,1.0164,1.7336,N,N,08/2020,Analyst
37-2012.00,1.A.4.b.3,Sound Localization,IM,1.0,8,0.0,1.0,1.0,N,,08/2020,Analyst
37-2012.00,1.A.4.b.3,Sound Localization,LV,0.0,8,0.0,0.0,0.0,N,Y,08/2020,Analyst
37-2012.00,1.A.4.b.4,Speech Recognition,IM,2.88,8,0.125,2.63,3.12,N,,08/2020,Analyst
37-2012.00,1.A.4.b.4,Speech Recognition,LV,2.5,8,0.189,2.1296,2.8704,N,N,08/2020,Analyst
37-2012.00,1.A.4.b.5,Speech Clarity,IM,2.88,8,0.125,2.63,3.12,N,,08/2020,Analyst
37-2012.00,1.A.4.b.5,Speech Clarity,LV,2.12,8,0.125,1.88,2.37,N,N,08/2020,Analyst
37-2021.00,1.A.1.a.1,Oral Comprehension,IM,3.75,8,0.1637,3.4292,4.0708,N,,07/2015,Analyst
37-2021.00,1.A.1.a.1,Oral Comprehension,LV,3.62,8,0.183,3.2664,3.9836,N,N,07/2015,Analyst
37-2021.00,1.A.1.a.2,Written Comprehension,IM,3.25,8,0.1637,2.9292,3.5708,N,,07/2015,Analyst
37-2021.00,1.A.1.a.2,Written Comprehension,LV,3.0,8,0.0,3.0,3.0,N,N,07/2015,Analyst
37-2021.00,1.A.1.a.3,Oral Expression,IM,3.75,8,0.1637,3.4292,4.0708,N,,07/2015,Analyst
37-2021.00,1.A.1.a.3,Oral Expression,LV,3.62,8,0.183,3.2664,3.9836,N,N,07/2015,Analyst
37-2021.00,1.A.1.a.4,Written Expression,IM,3.62,8,0.183,3.2664,3.9836,N,,07/2015,Analyst
37-2021.00,1.A.1.a.4,Written Expression,LV,3.0,8,0.0,3.0,3.0,N,N,07/2015,Analyst
37-2021.00,1.A.1.b.1,Fluency of Ideas,IM,2.88,8,0.125,2.63,3.12,N,,07/2015,Analyst
37-2021.00,1.A.1.b.1,Fluency of Ideas,LV,2.75,8,0.1637,2.4292,3.0708,N,N,07/2015,Analyst
37-2021.00,1.A.1.b.2,Originality,IM,2.75,8,0.1637,2.4292,3.0708,N,,07/2015,Analyst
37-2021.00,1.A.1.b.2,Originality,LV,2.75,8,0.1637,2.4292,3.0708,N,N,07/2015,Analyst
37-2021.00,1.A.1.b.3,Problem Sensitivity,IM,3.62,8,0.183,3.2664,3.9836,N,,07/2015,Analyst
37-2021.00,1.A.1.b.3,Problem Sensitivity,LV,3.0,8,0.0,3.0,3.0,N,N,07/2015,Analyst
37-2021.00,1.A.1.b.4,Deductive Reasoning,IM,3.62,8,0.183,3.2664,3.9836,N,,07/2015,Analyst
37-2021.00,1.A.1.b.4,Deductive Reasoning,LV,3.0,8,0.0,3.0,3.0,N,N,07/2015,Analyst
37-2021.00,1.A.1.b.5,Inductive Reasoning,IM,3.5,8,0.189,3.1296,3.8704,N,,07/2015,Analyst
37-2021.00,1.A.1.b.5,Inductive Reasoning,LV,3.0,8,0.0,3.0,3.0,N,N,07/2015,Analyst
37-2021.00,1.A.1.b.6,Information Ordering,IM,3.25,8,0.1637,2.9292,3.5708,N,,07/2015,Analyst
37-2021.00,1.A.1.b.6,Information Ordering,LV,3.0,8,0.0,3.0,3.0,N,N,07/2015,Analyst
37-2021.00,1.A.1.b.7,Category Flexibility,IM,3.25,8,0.1637,2.9292,3.5708,N,,07/2015,Analyst
37-2021.00,1.A.1.b.7,Category Flexibility,LV,3.0,8,0.0,3.0,3.0,N,N,07/2015,Analyst
37-2021.00,1.A.1.c.1,Mathematical Reasoning,IM,2.75,8,0.1637,2.4292,3.0708,N,,07/2015,Analyst
37-2021.00,1.A.1.c.1,Mathematical Reasoning,LV,2.25,8,0.1637,1.9292,2.5708,N,N,07/2015,Analyst
37-2021.00,1.A.1.c.2,Number Facility,IM,2.75,8,0.1637,2.4292,3.0708,N,,07/2015,Analyst
37-2021.00,1.A.1.c.2,Number Facility,LV,2.88,8,0.125,2.63,3.12,N,N,07/2015,Analyst
37-2021.00,1.A.1.d.1,Memorization,IM,2.12,8,0.125,1.88,2.37,N,,07/2015,Analyst
37-2021.00,1.A.1.d.1,Memorization,LV,2.12,8,0.125,1.88,2.37,N,N,07/2015,Analyst
37-2021.00,1.A.1.e.1,Speed of Closure,IM,2.38,8,0.183,2.0164,2.7336,N,,07/2015,Analyst
37-2021.00,1.A.1.e.1,Speed of Closure,LV,2.38,8,0.183,2.0164,2.7336,N,N,07/2015,Analyst
37-2021.00,1.A.1.e.2,Flexibility of Closure,IM,3.25,8,0.25,2.76,3.74,N,,07/2015,Analyst
37-2021.00,1.A.1.e.2,Flexibility of Closure,LV,3.25,8,0.25,2.76,3.74,N,N,07/2015,Analyst
37-2021.00,1.A.1.e.3,Perceptual Speed,IM,2.88,8,0.125,2.63,3.12,N,,07/2015,Analyst
37-2021.00,1.A.1.e.3,Perceptual Speed,LV,3.0,8,0.189,2.6296,3.3704,N,N,07/2015,Analyst
37-2021.00,1.A.1.f.1,Spatial Orientation,IM,2.62,8,0.183,2.2664,2.9836,N,,07/2015,Analyst
37-2021.00,1.A.1.f.1,Spatial Orientation,LV,2.25,8,0.1637,1.9292,2.5708,N,N,07/2015,Analyst
37-2021.00,1.A.1.f.2,Visualization,IM,3.0,8,0.0,3.0,3.0,N,,07/2015,Analyst
37-2021.00,1.A.1.f.2,Visualization,LV,2.88,8,0.125,2.63,3.12,N,N,07/2015,Analyst
37-2021.00,1.A.1.g.1,Selective Attention,IM,3.0,8,0.0,3.0,3.0,N,,07/2015,Analyst
37-2021.00,1.A.1.g.1,Selective Attention,LV,2.88,8,0.125,2.63,3.12,N,N,07/2015,Analyst
37-2021.00,1.A.1.g.2,Time Sharing,IM,3.0,8,0.0,3.0,3.0,N,,07/2015,Analyst
37-2021.00,1.A.1.g.2,Time Sharing,LV,2.88,8,0.125,2.63,3.12,N,N,07/2015,Analyst
37-2021.00,1.A.2.a.1,Arm-Hand Steadiness,IM,3.0,8,0.0,3.0,3.0,N,,07/2015,Analyst
37-2021.00,1.A.2.a.1,Arm-Hand Steadiness,LV,2.88,8,0.125,2.63,3.12,N,N,07/2015,Analyst
37-2021.00,1.A.2.a.2,Manual Dexterity,IM,3.0,8,0.0,3.0,3.0,N,,07/2015,Analyst
37-2021.00,1.A.2.a.2,Manual Dexterity,LV,2.88,8,0.125,2.63,3.12,N,N,07/2015,Analyst
37-2021.00,1.A.2.a.3,Finger Dexterity,IM,2.88,8,0.125,2.63,3.12,N,,07/2015,Analyst
37-2021.00,1.A.2.a.3,Finger Dexterity,LV,2.75,8,0.1637,2.4292,3.0708,N,N,07/2015,Analyst
37-2021.00,1.A.2.b.1,Control Precision,IM,3.0,8,0.0,3.0,3.0,N,,07/2015,Analyst
37-2021.00,1.A.2.b.1,Control Precision,LV,3.0,8,0.0,3.0,3.0,N,N,07/2015,Analyst
37-2021.00,1.A.2.b.2,Multilimb Coordination,IM,2.88,8,0.125,2.63,3.12,N,,07/2015,Analyst
37-2021.00,1.A.2.b.2,Multilimb Coordination,LV,2.75,8,0.1637,2.4292,3.0708,N,N,07/2015,Analyst
37-2021.00,1.A.2.b.3,Response Orientation,IM,2.25,8,0.1637,1.9292,2.5708,N,,07/2015,Analyst
37-2021.00,1.A.2.b.3,Response Orientation,LV,2.5,8,0.189,2.1296,2.8704,N,N,07/2015,Analyst
37-2021.00,1.A.2.b.4,Rate Control,IM,2.25,8,0.1637,1.9292,2.5708,N,,07/2015,Analyst
37-2021.00,1.A.2.b.4,Rate Control,LV,2.12,8,0.2266,1.6809,2.5691,N,N,07/2015,Analyst
37-2021.00,1.A.2.c.1,Reaction Time,IM,2.5,8,0.189,2.1296,2.8704,N,,07/2015,Analyst
37-2021.00,1.A.2.c.1,Reaction Time,LV,2.25,8,0.1637,1.9292,2.5708,N,N,07/2015,Analyst
37-2021.00,1.A.2.c.2,Wrist-Finger Speed,IM,2.12,8,0.125,1.88,2.37,N,,07/2015,Analyst
37-2021.00,1.A.2.c.2,Wrist-Finger Speed,LV,1.88,8,0.125,1.63,2.12,N,N,07/2015,Analyst
37-2021.00,1.A.2.c.3,Speed of Limb Movement,IM,2.0,8,0.189,1.6296,2.3704,N,,07/2015,Analyst
37-2021.00,1.A.2.c.3,Speed of Limb Movement,LV,1.75,8,0.25,1.26,2.24,N,N,07/2015,Analyst
37-2021.00,1.A.3.a.1,Static Strength,IM,2.88,8,0.125,2.63,3.12,N,,07/2015,Analyst
37-2021.00,1.A.3.a.1,Static Strength,LV,2.5,8,0.189,2.1296,2.8704,N,N,07/2015,Analyst
37-2021.00,1.A.3.a.2,Explosive Strength,IM,1.62,8,0.2631,1.1094,2.1406,N,,07/2015,Analyst
37-2021.00,1.A.3.a.2,Explosive Strength,LV,1.0,8,0.4226,0.1717,1.8283,N,N,07/2015,Analyst
37-2021.00,1.A.3.a.3,Dynamic Strength,IM,2.25,8,0.1637,1.9292,2.5708,N,,07/2015,Analyst
37-2021.00,1.A.3.a.3,Dynamic Strength,LV,2.0,8,0.0,2.0,2.0,N,N,07/2015,Analyst
37-2021.00,1.A.3.a.4,Trunk Strength,IM,3.0,8,0.0,3.0,3.0,N,,07/2015,Analyst
37-2021.00,1.A.3.a.4,Trunk Strength,LV,3.0,8,0.0,3.0,3.0,N,N,07/2015,Analyst
37-2021.00,1.A.3.b.1,Stamina,IM,2.62,8,0.183,2.2664,2.9836,N,,07/2015,Analyst
37-2021.00,1.A.3.b.1,Stamina,LV,2.25,8,0.1637,1.9292,2.5708,N,N,07/2015,Analyst
37-2021.00,1.A.3.c.1,Extent Flexibility,IM,3.0,8,0.0,3.0,3.0,N,,07/2015,Analyst
37-2021.00,1.A.3.c.1,Extent Flexibility,LV,3.25,8,0.1637,2.9292,3.5708,N,N,07/2015,Analyst
37-2021.00,1.A.3.c.2,Dynamic Flexibility,IM,1.25,8,0.1637,1.0,1.5708,N,,07/2015,Analyst
37-2021.00,1.A.3.c.2,Dynamic Flexibility,LV,0.25,8,0.1637,0.0,0.5708,N,Y,07/2015,Analyst
37-2021.00,1.A.3.c.3,Gross Body Coordination,IM,2.88,8,0.125,2.63,3.12,N,,07/2015,Analyst
37-2021.00,1.A.3.c.3,Gross Body Coordination,LV,2.38,8,0.183,2.0164,2.7336,N,N,07/2015,Analyst
37-2021.00,1.A.3.c.4,Gross Body Equilibrium,IM,2.88,8,0.125,2.63,3.12,N,,07/2015,Analyst
37-2021.00,1.A.3.c.4,Gross Body Equilibrium,LV,2.25,8,0.1637,1.9292,2.5708,N,N,07/2015,Analyst
37-2021.00,1.A.4.a.1,Near Vision,IM,4.0,8,0.0,4.0,4.0,N,,07/2015,Analyst
37-2021.00,1.A.4.a.1,Near Vision,LV,3.25,8,0.1637,2.9292,3.5708,N,N,07/2015,Analyst
37-2021.00,1.A.4.a.2,Far Vision,IM,3.5,8,0.189,3.1296,3.8704,N,,07/2015,Analyst
37-2021.00,1.A.4.a.2,Far Vision,LV,3.12,8,0.125,2.88,3.37,N,N,07/2015,Analyst
37-2021.00,1.A.4.a.3,Visual Color Discrimination,IM,3.0,8,0.0,3.0,3.0,N,,07/2015,Analyst
37-2021.00,1.A.4.a.3,Visual Color Discrimination,LV,2.75,8,0.1637,2.4292,3.0708,N,N,07/2015,Analyst
37-2021.00,1.A.4.a.4,Night Vision,IM,2.25,8,0.1637,1.9292,2.5708,N,,07/2015,Analyst
37-2021.00,1.A.4.a.4,Night Vision,LV,2.0,8,0.189,1.6296,2.3704,N,N,07/2015,Analyst
37-2021.00,1.A.4.a.5,Peripheral Vision,IM,2.25,8,0.1637,1.9292,2.5708,N,,07/2015,Analyst
37-2021.00,1.A.4.a.5,Peripheral Vision,LV,2.0,8,0.189,1.6296,2.3704,N,N,07/2015,Analyst
37-2021.00,1.A.4.a.6,Depth Perception,IM,2.88,8,0.125,2.63,3.12,N,,07/2015,Analyst
37-2021.00,1.A.4.a.6,Depth Perception,LV,2.62,8,0.183,2.2664,2.9836,N,N,07/2015,Analyst
37-2021.00,1.A.4.a.7,Glare Sensitivity,IM,2.12,8,0.125,1.88,2.37,N,,07/2015,Analyst
37-2021.00,1.A.4.a.7,Glare Sensitivity,LV,2.0,8,0.0,2.0,2.0,N,N,07/2015,Analyst
37-2021.00,1.A.4.b.1,Hearing Sensitivity,IM,2.88,8,0.125,2.63,3.12,N,,07/2015,Analyst
37-2021.00,1.A.4.b.1,Hearing Sensitivity,LV,2.5,8,0.189,2.1296,2.8704,N,N,07/2015,Analyst
37-2021.00,1.A.4.b.2,Auditory Attention,IM,2.5,8,0.189,2.1296,2.8704,N,,07/2015,Analyst
37-2021.00,1.A.4.b.2,Auditory Attention,LV,2.25,8,0.1637,1.9292,2.5708,N,N,07/2015,Analyst
37-2021.00,1.A.4.b.3,Sound Localization,IM,2.12,8,0.125,1.88,2.37,N,,07/2015,Analyst
37-2021.00,1.A.4.b.3,Sound Localization,LV,1.88,8,0.125,1.63,2.12,N,N,07/2015,Analyst
37-2021.00,1.A.4.b.4,Speech Recognition,IM,3.62,8,0.183,3.2664,3.9836,N,,07/2015,Analyst
37-2021.00,1.A.4.b.4,Speech Recognition,LV,3.38,8,0.183,3.0164,3.7336,N,N,07/2015,Analyst
37-2021.00,1.A.4.b.5,Speech Clarity,IM,3.75,8,0.1637,3.4292,4.0708,N,,07/2015,Analyst
37-2021.00,1.A.4.b.5,Speech Clarity,LV,3.12,8,0.125,2.88,3.37,N,N,07/2015,Analyst
37-3011.00,1.A.1.a.1,Oral Comprehension,IM,2.88,8,0.125,2.63,3.12,N,,07/2015,Analyst
37-3011.00,1.A.1.a.1,Oral Comprehension,LV,3.0,8,0.0,3.0,3.0,N,N,07/2015,Analyst
37-3011.00,1.A.1.a.2,Written Comprehension,IM,2.25,8,0.1637,1.9292,2.5708,N,,07/2015,Analyst
37-3011.00,1.A.1.a.2,Written Comprehension,LV,2.0,8,0.189,1.6296,2.3704,N,N,07/2015,Analyst
37-3011.00,1.A.1.a.3,Oral Expression,IM,2.75,8,0.1637,2.4292,3.0708,N,,07/2015,Analyst
37-3011.00,1.A.1.a.3,Oral Expression,LV,2.75,8,0.1637,2.4292,3.0708,N,N,07/2015,Analyst
37-3011.00,1.A.1.a.4,Written Expression,IM,1.75,8,0.1637,1.4292,2.0708,N,,07/2015,Analyst
37-3011.00,1.A.1.a.4,Written Expression,LV,1.38,8,0.3239,0.7402,2.0098,N,N,07/2015,Analyst
37-3011.00,1.A.1.b.1,Fluency of Ideas,IM,2.0,8,0.0,2.0,2.0,N,,07/2015,Analyst
37-3011.00,1.A.1.b.1,Fluency of Ideas,LV,1.88,8,0.125,1.63,2.12,N,N,07/2015,Analyst
37-3011.00,1.A.1.b.2,Originality,IM,2.0,8,0.0,2.0,2.0,N,,07/2015,Analyst
37-3011.00,1.A.1.b.2,Originality,LV,1.88,8,0.125,1.63,2.12,N,N,07/2015,Analyst
37-3011.00,1.A.1.b.3,Problem Sensitivity,IM,3.0,8,0.0,3.0,3.0,N,,07/2015,Analyst
37-3011.00,1.A.1.b.3,Problem Sensitivity,LV,2.88,8,0.125,2.63,3.12,N,N,07/2015,Analyst
37-3011.00,1.A.1.b.4,Deductive Reasoning,IM,2.75,8,0.1637,2.4292,3.0708,N,,07/2015,Analyst
37-3011.00,1.A.1.b.4,Deductive Reasoning,LV,2.38,8,0.183,2.0164,2.7336,N,N,07/2015,Analyst
37-3011.00,1.A.1.b.5,Inductive Reasoning,IM,2.75,8,0.1637,2.4292,3.0708,N,,07/2015,Analyst
37-3011.00,1.A.1.b.5,Inductive Reasoning,LV,2.5,8,0.189,2.1296,2.8704,N,N,07/2015,Analyst
37-3011.00,1.A.1.b.6,Information Ordering,IM,2.88,8,0.125,2.63,3.12,N,,07/2015,Analyst
37-3011.00,1.A.1.b.6,Information Ordering,LV,2.62,8,0.2631,2.1094,3.1406,N,N,07/2015,Analyst
37-3011.00,1.A.1.b.7,Category Flexibility,IM,2.38,8,0.2631,1.8594,2.8906,N,,07/2015,Analyst
37-3011.00,1.A.1.b.7,Category Flexibility,LV,2.38,8,0.375,1.64,3.11,N,N,07/2015,Analyst
37-3011.00,1.A.1.c.1,Mathematical Reasoning,IM,1.5,8,0.189,1.1296,1.8704,N,,07/2015,Analyst
37-3011.00,1.A.1.c.1,Mathematical Reasoning,LV,0.5,8,0.189,0.1296,0.8704,N,N,07/2015,Analyst
37-3011.00,1.A.1.c.2,Number Facility,IM,1.88,8,0.125,1.63,2.12,N,,07/2015,Analyst
37-3011.00,1.A.1.c.2,Number Facility,LV,1.0,8,0.189,0.6296,1.3704,N,N,07/2015,Analyst
37-3011.00,1.A.1.d.1,Memorization,IM,2.0,8,0.0,2.0,2.0,N,,07/2015,Analyst
37-3011.00,1.A.1.d.1,Memorization,LV,1.25,8,0.1637,0.9292,1.5708,N,N,07/2015,Analyst
37-3011.00,1.A.1.e.1,Speed of Closure,IM,2.12,8,0.125,1.88,2.37,N,,07/2015,Analyst
37-3011.00,1.A.1.e.1,Speed of Closure,LV,1.25,8,0.1637,0.9292,1.5708,N,N,07/2015,Analyst
37-3011.00,1.A.1.e.2,Flexibility of Closure,IM,2.62,8,0.183,2.2664,2.9836,N,,07/2015,Analyst
37-3011.00,1.A.1.e.2,Flexibility of Closure,LV,1.88,8,0.125,1.63,2.12,N,N,07/2015,Analyst
37-3011.00,1.A.1.e.3,Perceptual Speed,IM,2.38,8,0.183,2.0164,2.7336,N,,07/2015,Analyst
37-3011.00,1.A.1.e.3,Perceptual Speed,LV,1.88,8,0.125,1.63,2.12,N,N,07/2015,Analyst
37-3011.00,1.A.1.f.1,Spatial Orientation,IM,2.12,8,0.125,1.88,2.37,N,,07/2015,Analyst
37-3011.00,1.A.1.f.1,Spatial Orientation,LV,1.62,8,0.183,1.2664,1.9836,N,N,07/2015,Analyst
37-3011.00,1.A.1.f.2,Visualization,IM,3.0,8,0.0,3.0,3.0,N,,07/2015,Analyst
37-3011.00,1.A.1.f.2,Visualization,LV,2.75,8,0.1637,2.4292,3.0708,N,N,07/2015,Analyst
37-3011.00,1.A.1.g.1,Selective Attention,IM,2.88,8,0.125,2.63,3.12,N,,07/2015,Analyst
37-3011.00,1.A.1.g.1,Selective Attention,LV,2.88,8,0.125,2.63,3.12,N,N,07/2015,Analyst
37-3011.00,1.A.1.g.2,Time Sharing,IM,2.0,8,0.0,2.0,2.0,N,,07/2015,Analyst
37-3011.00,1.A.1.g.2,Time Sharing,LV,1.88,8,0.125,1.63,2.12,N,N,07/2015,Analyst
37-3011.00,1.A.2.a.1,Arm-Hand Steadiness,IM,3.12,8,0.125,2.88,3.37,N,,07/2015,Analyst
37-3011.00,1.A.2.a.1,Arm-Hand Steadiness,LV,2.75,8,0.25,2.26,3.24,N,N,07/2015,Analyst
37-3011.00,1.A.2.a.2,Manual Dexterity,IM,3.38,8,0.183,3.0164,3.7336,N,,07/2015,Analyst
37-3011.00,1.A.2.a.2,Manual Dexterity,LV,3.12,8,0.125,2.88,3.37,N,N,07/2015,Analyst
37-3011.00,1.A.2.a.3,Finger Dexterity,IM,2.75,8,0.1637,2.4292,3.0708,N,,07/2015,Analyst
37-3011.00,1.A.2.a.3,Finger Dexterity,LV,2.5,8,0.189,2.1296,2.8704,N,N,07/2015,Analyst
37-3011.00,1.A.2.b.1,Control Precision,IM,3.12,8,0.125,2.88,3.37,N,,07/2015,Analyst
37-3011.00,1.A.2.b.1,Control Precision,LV,3.5,8,0.189,3.1296,3.8704,N,N,07/2015,Analyst
37-3011.00,1.A.2.b.2,Multilimb Coordination,IM,3.62,8,0.183,3.2664,3.9836,N,,07/2015,Analyst
37-3011.00,1.A.2.b.2,Multilimb Coordination,LV,3.62,8,0.183,3.2664,3.9836,N,N,07/2015,Analyst
37-3011.00,1.A.2.b.3,Response Orientation,IM,2.25,8,0.1637,1.9292,2.5708,N,,07/2015,Analyst
37-3011.00,1.A.2.b.3,Response Orientation,LV,2.12,8,0.125,1.88,2.37,N,N,07/2015,Analyst
37-3011.00,1.A.2.b.4,Rate Control,IM,2.62,8,0.183,2.2664,2.9836,N,,07/2015,Analyst
37-3011.00,1.A.2.b.4,Rate Control,LV,2.12,8,0.125,1.88,2.37,N,N,07/2015,Analyst
37-3011.00,1.A.2.c.1,Reaction Time,IM,2.5,8,0.189,2.1296,2.8704,N,,07/2015,Analyst
37-3011.00,1.A.2.c.1,Reaction Time,LV,2.5,8,0.189,2.1296,2.8704,N,N,07/2015,Analyst
37-3011.00,1.A.2.c.2,Wrist-Finger Speed,IM,1.62,8,0.183,1.2664,1.9836,N,,07/2015,Analyst
37-3011.00,1.A.2.c.2,Wrist-Finger Speed,LV,0.88,8,0.295,0.2967,1.4533,N,N,07/2015,Analyst
37-3011.00,1.A.2.c.3,Speed of Limb Movement,IM,2.12,8,0.2266,1.6809,2.5691,N,,07/2015,Analyst
37-3011.00,1.A.2.c.3,Speed of Limb Movement,LV,1.75,8,0.3134,1.1358,2.3642,N,N,07/2015,Analyst
37-3011.00,1.A.3.a.1,Static Strength,IM,3.12,8,0.125,2.88,3.37,N,,07/2015,Analyst
37-3011.00,1.A.3.a.1,Static Strength,LV,3.75,8,0.25,3.26,4.24,N,N,07/2015,Analyst
37-3011.00,1.A.3.a.2,Explosive Strength,IM,2.12,8,0.2266,1.6809,2.5691,N,,07/2015,Analyst
37-3011.00,1.A.3.a.2,Explosive Strength,LV,1.5,8,0.3273,0.8584,2.1416,N,N,07/2015,Analyst
37-3011.00,1.A.3.a.3,Dynamic Strength,IM,2.75,8,0.25,2.26,3.24,N,,07/2015,Analyst
37-3011.00,1.A.3.a.3,Dynamic Strength,LV,2.38,8,0.2631,1.8594,2.8906,N,N,07/2015,Analyst
37-3011.00,1.A.3.a.4,Trunk Strength,IM,3.25,8,0.1637,2.9292,3.5708,N,,07/2015,Analyst
37-3011.00,1.A.3.a.4,Trunk Strength,LV,3.5,8,0.189,3.1296,3.8704,N,N,07/2015,Analyst
37-3011.00,1.A.3.b.1,Stamina,IM,3.0,8,0.189,2.6296,3.3704,N,,07/2015,Analyst
37-3011.00,1.A.3.b.1,Stamina,LV,2.5,8,0.189,2.1296,2.8704,N,N,07/2015,Analyst
37-3011.00,1.A.3.c.1,Extent Flexibility,IM,3.12,8,0.125,2.88,3.37,N,,07/2015,Analyst
37-3011.00,1.A.3.c.1,Extent Flexibility,LV,3.12,8,0.125,2.88,3.37,N,N,07/2015,Analyst
37-3011.00,1.A.3.c.2,Dynamic Flexibility,IM,1.75,8,0.1637,1.4292,2.0708,N,,07/2015,Analyst
37-3011.00,1.A.3.c.2,Dynamic Flexibility,LV,1.12,8,0.295,0.5467,1.7033,N,N,07/2015,Analyst
37-3011.00,1.A.3.c.3,Gross Body Coordination,IM,2.75,8,0.1637,2.4292,3.0708,N,,07/2015,Analyst
37-3011.00,1.A.3.c.3,Gross Body Coordination,LV,2.62,8,0.183,2.2664,2.9836,N,N,07/2015,Analyst
37-3011.00,1.A.3.c.4,Gross Body Equilibrium,IM,2.5,8,0.189,2.1296,2.8704,N,,07/2015,Analyst
37-3011.00,1.A.3.c.4,Gross Body Equilibrium,LV,2.12,8,0.125,1.88,2.37,N,N,07/2015,Analyst
37-3011.00,1.A.4.a.1,Near Vision,IM,3.0,8,0.189,2.6296,3.3704,N,,07/2015,Analyst
37-3011.00,1.A.4.a.1,Near Vision,LV,2.88,8,0.125,2.63,3.12,N,N,07/2015,Analyst
37-3011.00,1.A.4.a.2,Far Vision,IM,2.88,8,0.125,2.63,3.12,N,,07/2015,Analyst
37-3011.00,1.A.4.a.2,Far Vision,LV,2.62,8,0.183,2.2664,2.9836,N,N,07/2015,Analyst
37-3011.00,1.A.4.a.3,Visual Color Discrimination,IM,2.38,8,0.183,2.0164,2.7336,N,,07/2015,Analyst
37-3011.00,1.A.4.a.3,Visual Color Discrimination,LV,2.25,8,0.1637,1.9292,2.5708,N,N,07/2015,Analyst
37-3011.00,1.A.4.a.4,Night Vision,IM,1.75,8,0.1637,1.4292,2.0708,N,,07/2015,Analyst
37-3011.00,1.A.4.a.4,Night Vision,LV,1.12,8,0.295,0.5467,1.7033,N,N,07/2015,Analyst
37-3011.00,1.A.4.a.5,Peripheral Vision,IM,2.0,8,0.0,2.0,2.0,N,,07/2015,Analyst
37-3011.00,1.A.4.a.5,Peripheral Vision,LV,1.62,8,0.183,1.2664,1.9836,N,N,07/2015,Analyst
37-3011.00,1.A.4.a.6,Depth Perception,IM,2.62,8,0.183,2.2664,2.9836,N,,07/2015,Analyst
37-3011.00,1.A.4.a.6,Depth Perception,LV,2.5,8,0.189,2.1296,2.8704,N,N,07/2015,Analyst
37-3011.00,1.A.4.a.7,Glare Sensitivity,IM,2.0,8,0.189,1.6296,2.3704,N,,07/2015,Analyst
37-3011.00,1.A.4.a.7,Glare Sensitivity,LV,1.75,8,0.3134,1.1358,2.3642,N,N,07/2015,Analyst
37-3011.00,1.A.4.b.1,Hearing Sensitivity,IM,2.12,8,0.125,1.88,2.37,N,,07/2015,Analyst
37-3011.00,1.A.4.b.1,Hearing Sensitivity,LV,2.0,8,0.0,2.0,2.0,N,N,07/2015,Analyst
37-3011.00,1.A.4.b.2,Auditory Attention,IM,2.25,8,0.1637,1.9292,2.5708,N,,07/2015,Analyst
37-3011.00,1.A.4.b.2,Auditory Attention,LV,2.25,8,0.1637,1.9292,2.5708,N,N,07/2015,Analyst
37-3011.00,1.A.4.b.3,Sound Localization,IM,1.88,8,0.125,1.63,2.12,N,,07/2015,Analyst
37-3011.00,1.A.4.b.3,Sound Localization,LV,0.88,8,0.125,0.63,1.12,N,N,07/2015,Analyst
37-3011.00,1.A.4.b.4,Speech Recognition,IM,2.88,8,0.125,2.63,3.12,N,,07/2015,Analyst
37-3011.00,1.A.4.b.4,Speech Recognition,LV,2.0,8,0.0,2.0,2.0,N,N,07/2015,Analyst
37-3011.00,1.A.4.b.5,Speech Clarity,IM,2.88,8,0.125,2.63,3.12,N,,07/2015,Analyst
37-3011.00,1.A.4.b.5,Speech Clarity,LV,2.0,8,0.189,1.6296,2.3704,N,N,07/2015,Analyst
37-3012.00,1.A.1.a.1,Oral Comprehension,IM,3.25,8,0.1637,2.9292,3.5708,N,,07/2015,Analyst
37-3012.00,1.A.1.a.1,Oral Comprehension,LV,3.25,8,0.1637,2.9292,3.5708,N,N,07/2015,Analyst
37-3012.00,1.A.1.a.2,Written Comprehension,IM,3.12,8,0.125,2.88,3.37,N,,07/2015,Analyst
37-3012.00,1.A.1.a.2,Written Comprehension,LV,3.0,8,0.0,3.0,3.0,N,N,07/2015,Analyst
37-3012.00,1.A.1.a.3,Oral Expression,IM,3.12,8,0.125,2.88,3.37,N,,07/2015,Analyst
37-3012.00,1.A.1.a.3,Oral Expression,LV,3.0,8,0.0,3.0,3.0,N,N,07/2015,Analyst
37-3012.00,1.A.1.a.4,Written Expression,IM,2.62,8,0.183,2.2664,2.9836,N,,07/2015,Analyst
37-3012.00,1.A.1.a.4,Written Expression,LV,2.62,8,0.183,2.2664,2.9836,N,N,07/2015,Analyst
37-3012.00,1.A.1.b.1,Fluency of Ideas,IM,2.5,8,0.2673,1.9762,3.0238,N,,07/2015,Analyst
37-3012.00,1.A.1.b.1,Fluency of Ideas,LV,2.25,8,0.1637,1.9292,2.5708,N,N,07/2015,Analyst
37-3012.00,1.A.1.b.2,Originality,IM,2.38,8,0.183,2.0164,2.7336,N,,07/2015,Analyst
37-3012.00,1.A.1.b.2,Originality,LV,2.12,8,0.125,1.88,2.37,N,N,07/2015,Analyst
37-3012.00,1.A.1.b.3,Problem Sensitivity,IM,3.25,8,0.1637,2.9292,3.5708,N,,07/2015,Analyst
37-3012.00,1.A.1.b.3,Problem Sensitivity,LV,2.88,8,0.125,2.63,3.12,N,N,07/2015,Analyst
37-3012.00,1.A.1.b.4,Deductive Reasoning,IM,3.25,8,0.1637,2.9292,3.5708,N,,07/2015,Analyst
37-3012.00,1.A.1.b.4,Deductive Reasoning,LV,3.0,8,0.0,3.0,3.0,N,N,07/2015,Analyst
37-3012.00,1.A.1.b.5,Inductive Reasoning,IM,3.0,8,0.189,2.6296,3.3704,N,,07/2015,Analyst
37-3012.00,1.A.1.b.5,Inductive Reasoning,LV,2.88,8,0.125,2.63,3.12,N,N,07/2015,Analyst
37-3012.00,1.A.1.b.6,Information Ordering,IM,3.0,8,0.0,3.0,3.0,N,,07/2015,Analyst
37-3012.00,1.A.1.b.6,Information Ordering,LV,3.0,8,0.0,3.0,3.0,N,N,07/2015,Analyst
37-3012.00,1.A.1.b.7,Category Flexibility,IM,3.0,8,0.0,3.0,3.0,N,,07/2015,Analyst
37-3012.00,1.A.1.b.7,Category Flexibility,LV,3.0,8,0.0,3.0,3.0,N,N,07/2015,Analyst
37-3012.00,1.A.1.c.1,Mathematical Reasoning,IM,2.25,8,0.1637,1.9292,2.5708,N,,07/2015,Analyst
37-3012.00,1.A.1.c.1,Mathematical Reasoning,LV,2.0,8,0.0,2.0,2.0,N,N,07/2015,Analyst
37-3012.00,1.A.1.c.2,Number Facility,IM,2.88,8,0.125,2.63,3.12,N,,07/2015,Analyst
37-3012.00,1.A.1.c.2,Number Facility,LV,2.62,8,0.183,2.2664,2.9836,N,N,07/2015,Analyst
37-3012.00,1.A.1.d.1,Memorization,IM,2.0,8,0.0,2.0,2.0,N,,07/2015,Analyst
37-3012.00,1.A.1.d.1,Memorization,LV,1.75,8,0.1637,1.4292,2.0708,N,N,07/2015,Analyst
37-3012.00,1.A.1.e.1,Speed of Closure,IM,2.25,8,0.1637,1.9292,2.5708,N,,07/2015,Analyst
37-3012.00,1.A.1.e.1,Speed of Closure,LV,2.38,8,0.183,2.0164,2.7336,N,N,07/2015,Analyst
37-3012.00,1.A.1.e.2,Flexibility of Closure,IM,2.5,8,0.189,2.1296,2.8704,N,,07/2015,Analyst
37-3012.00,1.A.1.e.2,Flexibility of Closure,LV,2.5,8,0.189,2.1296,2.8704,N,N,07/2015,Analyst
37-3012.00,1.A.1.e.3,Perceptual Speed,IM,2.5,8,0.189,2.1296,2.8704,N,,07/2015,Analyst
37-3012.00,1.A.1.e.3,Perceptual Speed,LV,2.25,8,0.1637,1.9292,2.5708,N,N,07/2015,Analyst
37-3012.00,1.A.1.f.1,Spatial Orientation,IM,2.12,8,0.125,1.88,2.37,N,,07/2015,Analyst
37-3012.00,1.A.1.f.1,Spatial Orientation,LV,1.62,8,0.183,1.2664,1.9836,N,N,07/2015,Analyst
37-3012.00,1.A.1.f.2,Visualization,IM,2.75,8,0.1637,2.4292,3.0708,N,,07/2015,Analyst
37-3012.00,1.A.1.f.2,Visualization,LV,2.38,8,0.183,2.0164,2.7336,N,N,07/2015,Analyst
37-3012.00,1.A.1.g.1,Selective Attention,IM,3.0,8,0.0,3.0,3.0,N,,07/2015,Analyst
37-3012.00,1.A.1.g.1,Selective Attention,LV,2.62,8,0.183,2.2664,2.9836,N,N,07/2015,Analyst
37-3012.00,1.A.1.g.2,Time Sharing,IM,2.62,8,0.183,2.2664,2.9836,N,,07/2015,Analyst
37-3012.00,1.A.1.g.2,Time Sharing,LV,2.25,8,0.1637,1.9292,2.5708,N,N,07/2015,Analyst
37-3012.00,1.A.2.a.1,Arm-Hand Steadiness,IM,3.38,8,0.183,3.0164,3.7336,N,,07/2015,Analyst
37-3012.00,1.A.2.a.1,Arm-Hand Steadiness,LV,2.62,8,0.183,2.2664,2.9836,N,N,07/2015,Analyst
37-3012.00,1.A.2.a.2,Manual Dexterity,IM,3.12,8,0.125,2.88,3.37,N,,07/2015,Analyst
37-3012.00,1.A.2.a.2,Manual Dexterity,LV,3.0,8,0.0,3.0,3.0,N,N,07/2015,Analyst
37-3012.00,1.A.2.a.3,Finger Dexterity,IM,2.88,8,0.125,2.63,3.12,N,,07/2015,Analyst
37-3012.00,1.A.2.a.3,Finger Dexterity,LV,3.0,8,0.0,3.0,3.0,N,N,07/2015,Analyst
37-3012.00,1.A.2.b.1,Control Precision,IM,3.38,8,0.183,3.0164,3.7336,N,,07/2015,Analyst
37-3012.00,1.A.2.b.1,Control Precision,LV,3.0,8,0.0,3.0,3.0,N,N,07/2015,Analyst
37-3012.00,1.A.2.b.2,Multilimb Coordination,IM,3.12,8,0.125,2.88,3.37,N,,07/2015,Analyst
37-3012.00,1.A.2.b.2,Multilimb Coordination,LV,3.0,8,0.0,3.0,3.0,N,N,07/2015,Analyst
37-3012.00,1.A.2.b.3,Response Orientation,IM,2.25,8,0.1637,1.9292,2.5708,N,,07/2015,Analyst
37-3012.00,1.A.2.b.3,Response Orientation,LV,2.0,8,0.189,1.6296,2.3704,N,N,07/2015,Analyst
37-3012.00,1.A.2.b.4,Rate Control,IM,2.75,8,0.1637,2.4292,3.0708,N,,07/2015,Analyst
37-3012.00,1.A.2.b.4,Rate Control,LV,2.5,8,0.2673,1.9762,3.0238,N,N,07/2015,Analyst
37-3012.00,1.A.2.c.1,Reaction Time,IM,2.5,8,0.189,2.1296,2.8704,N,,07/2015,Analyst
37-3012.00,1.A.2.c.1,Reaction Time,LV,2.5,8,0.189,2.1296,2.8704,N,N,07/2015,Analyst
37-3012.00,1.A.2.c.2,Wrist-Finger Speed,IM,2.0,8,0.0,2.0,2.0,N,,07/2015,Analyst
37-3012.00,1.A.2.c.2,Wrist-Finger Speed,LV,1.62,8,0.183,1.2664,1.9836,N,N,07/2015,Analyst
37-3012.00,1.A.2.c.3,Speed of Limb Movement,IM,1.88,8,0.125,1.63,2.12,N,,07/2015,Analyst
37-3012.00,1.A.2.c.3,Speed of Limb Movement,LV,1.75,8,0.25,1.26,2.24,N,N,07/2015,Analyst
37-3012.00,1.A.3.a.1,Static Strength,IM,3.0,8,0.0,3.0,3.0,N,,07/2015,Analyst
37-3012.00,1.A.3.a.1,Static Strength,LV,3.0,8,0.0,3.0,3.0,N,N,07/2015,Analyst
37-3012.00,1.A.3.a.2,Explosive Strength,IM,1.5,8,0.189,1.1296,1.8704,N,,07/2015,Analyst
37-3012.00,1.A.3.a.2,Explosive Strength,LV,0.88,8,0.3981,0.0947,1.6553,N,N,07/2015,Analyst
37-3012.00,1.A.3.a.3,Dynamic Strength,IM,2.25,8,0.25,1.76,2.74,N,,07/2015,Analyst
37-3012.00,1.A.3.a.3,Dynamic Strength,LV,2.12,8,0.125,1.88,2.37,N,N,07/2015,Analyst
37-3012.00,1.A.3.a.4,Trunk Strength,IM,2.88,8,0.125,2.63,3.12,N,,07/2015,Analyst
37-3012.00,1.A.3.a.4,Trunk Strength,LV,2.75,8,0.1637,2.4292,3.0708,N,N,07/2015,Analyst
37-3012.00,1.A.3.b.1,Stamina,IM,2.12,8,0.125,1.88,2.37,N,,07/2015,Analyst
37-3012.00,1.A.3.b.1,Stamina,LV,2.12,8,0.125,1.88,2.37,N,N,07/2015,Analyst
37-3012.00,1.A.3.c.1,Extent Flexibility,IM,2.38,8,0.183,2.0164,2.7336,N,,07/2015,Analyst
37-3012.00,1.A.3.c.1,Extent Flexibility,LV,2.38,8,0.183,2.0164,2.7336,N,N,07/2015,Analyst
37-3012.00,1.A.3.c.2,Dynamic Flexibility,IM,1.12,8,0.125,1.0,1.37,N,,07/2015,Analyst
37-3012.00,1.A.3.c.2,Dynamic Flexibility,LV,0.25,8,0.25,0.0,0.74,N,Y,07/2015,Analyst
37-3012.00,1.A.3.c.3,Gross Body Coordination,IM,2.25,8,0.1637,1.9292,2.5708,N,,07/2015,Analyst
37-3012.00,1.A.3.c.3,Gross Body Coordination,LV,2.12,8,0.125,1.88,2.37,N,N,07/2015,Analyst
37-3012.00,1.A.3.c.4,Gross Body Equilibrium,IM,2.0,8,0.0,2.0,2.0,N,,07/2015,Analyst
37-3012.00,1.A.3.c.4,Gross Body Equilibrium,LV,1.62,8,0.183,1.2664,1.9836,N,N,07/2015,Analyst
37-3012.00,1.A.4.a.1,Near Vision,IM,3.5,8,0.189,3.1296,3.8704,N,,07/2015,Analyst
37-3012.00,1.A.4.a.1,Near Vision,LV,3.25,8,0.1637,2.9292,3.5708,N,N,07/2015,Analyst
37-3012.00,1.A.4.a.2,Far Vision,IM,2.88,8,0.2266,2.4309,3.3191,N,,07/2015,Analyst
37-3012.00,1.A.4.a.2,Far Vision,LV,2.62,8,0.183,2.2664,2.9836,N,N,07/2015,Analyst
37-3012.00,1.A.4.a.3,Visual Color Discrimination,IM,2.88,8,0.2266,2.4309,3.3191,N,,07/2015,Analyst
37-3012.00,1.A.4.a.3,Visual Color Discrimination,LV,2.38,8,0.183,2.0164,2.7336,N,N,07/2015,Analyst
37-3012.00,1.A.4.a.4,Night Vision,IM,1.88,8,0.125,1.63,2.12,N,,07/2015,Analyst
37-3012.00,1.A.4.a.4,Night Vision,LV,1.38,8,0.2631,0.8594,1.8906,N,N,07/2015,Analyst
37-3012.00,1.A.4.a.5,Peripheral Vision,IM,1.88,8,0.125,1.63,2.12,N,,07/2015,Analyst
37-3012.00,1.A.4.a.5,Peripheral Vision,LV,1.25,8,0.25,0.76,1.74,N,N,07/2015,Analyst
37-3012.00,1.A.4.a.6,Depth Perception,IM,3.0,8,0.0,3.0,3.0,N,,07/2015,Analyst
37-3012.00,1.A.4.a.6,Depth Perception,LV,2.88,8,0.125,2.63,3.12,N,N,07/2015,Analyst
37-3012.00,1.A.4.a.7,Glare Sensitivity,IM,2.0,8,0.0,2.0,2.0,N,,07/2015,Analyst
37-3012.00,1.A.4.a.7,Glare Sensitivity,LV,1.38,8,0.183,1.0164,1.7336,N,N,07/2015,Analyst
37-3012.00,1.A.4.b.1,Hearing Sensitivity,IM,2.38,8,0.183,2.0164,2.7336,N,,07/2015,Analyst
37-3012.00,1.A.4.b.1,Hearing Sensitivity,LV,2.0,8,0.0,2.0,2.0,N,N,07/2015,Analyst
37-3012.00,1.A.4.b.2,Auditory Attention,IM,2.38,8,0.183,2.0164,2.7336,N,,07/2015,Analyst
37-3012.00,1.A.4.b.2,Auditory Attention,LV,2.0,8,0.0,2.0,2.0,N,N,07/2015,Analyst
37-3012.00,1.A.4.b.3,Sound Localization,IM,2.0,8,0.0,2.0,2.0,N,,07/2015,Analyst
37-3012.00,1.A.4.b.3,Sound Localization,LV,1.25,8,0.1637,0.9292,1.5708,N,N,07/2015,Analyst
37-3012.00,1.A.4.b.4,Speech Recognition,IM,3.25,8,0.1637,2.9292,3.5708,N,,07/2015,Analyst
37-3012.00,1.A.4.b.4,Speech Recognition,LV,2.5,8,0.189,2.1296,2.8704,N,N,07/2015,Analyst
37-3012.00,1.A.4.b.5,Speech Clarity,IM,3.0,8,0.0,3.0,3.0,N,,07/2015,Analyst
37-3012.00,1.A.4.b.5,Speech Clarity,LV,2.88,8,0.125,2.63,3.12,N,N,07/2015,Analyst
37-3013.00,1.A.1.a.1,Oral Comprehension,IM,3.62,8,0.183,3.2664,3.9836,N,,08/2018,Analyst
37-3013.00,1.A.1.a.1,Oral Comprehension,LV,3.38,8,0.183,3.0164,3.7336,N,N,08/2018,Analyst
37-3013.00,1.A.1.a.2,Written Comprehension,IM,2.62,8,0.183,2.2664,2.9836,N,,08/2018,Analyst
37-3013.00,1.A.1.a.2,Written Comprehension,LV,2.62,8,0.183,2.2664,2.9836,N,N,08/2018,Analyst
37-3013.00,1.A.1.a.3,Oral Expression,IM,3.12,8,0.125,2.88,3.37,N,,08/2018,Analyst
37-3013.00,1.A.1.a.3,Oral Expression,LV,3.12,8,0.125,2.88,3.37,N,N,08/2018,Analyst
37-3013.00,1.A.1.a.4,Written Expression,IM,2.5,8,0.189,2.1296,2.8704,N,,08/2018,Analyst
37-3013.00,1.A.1.a.4,Written Expression,LV,2.5,8,0.189,2.1296,2.8704,N,N,08/2018,Analyst
37-3013.00,1.A.1.b.1,Fluency of Ideas,IM,2.5,8,0.189,2.1296,2.8704,N,,08/2018,Analyst
37-3013.00,1.A.1.b.1,Fluency of Ideas,LV,2.25,8,0.1637,1.9292,2.5708,N,N,08/2018,Analyst
37-3013.00,1.A.1.b.2,Originality,IM,2.25,8,0.1637,1.9292,2.5708,N,,08/2018,Analyst
37-3013.00,1.A.1.b.2,Originality,LV,2.25,8,0.1637,1.9292,2.5708,N,N,08/2018,Analyst
37-3013.00,1.A.1.b.3,Problem Sensitivity,IM,3.88,8,0.125,3.63,4.12,N,,08/2018,Analyst
37-3013.00,1.A.1.b.3,Problem Sensitivity,LV,3.25,8,0.1637,2.9292,3.5708,N,N,08/2018,Analyst
37-3013.00,1.A.1.b.4,Deductive Reasoning,IM,3.25,8,0.1637,2.9292,3.5708,N,,08/2018,Analyst
37-3013.00,1.A.1.b.4,Deductive Reasoning,LV,3.0,8,0.0,3.0,3.0,N,N,08/2018,Analyst
37-3013.00,1.A.1.b.5,Inductive Reasoning,IM,3.12,8,0.125,2.88,3.37,N,,08/2018,Analyst
37-3013.00,1.A.1.b.5,Inductive Reasoning,LV,3.0,8,0.0,3.0,3.0,N,N,08/2018,Analyst
37-3013.00,1.A.1.b.6,Information Ordering,IM,3.0,8,0.0,3.0,3.0,N,,08/2018,Analyst
37-3013.00,1.A.1.b.6,Information Ordering,LV,3.0,8,0.0,3.0,3.0,N,N,08/2018,Analyst
37-3013.00,1.A.1.b.7,Category Flexibility,IM,2.88,8,0.125,2.63,3.12,N,,08/2018,Analyst
37-3013.00,1.A.1.b.7,Category Flexibility,LV,2.88,8,0.125,2.63,3.12,N,N,08/2018,Analyst
37-3013.00,1.A.1.c.1,Mathematical Reasoning,IM,2.0,8,0.0,2.0,2.0,N,,08/2018,Analyst
37-3013.00,1.A.1.c.1,Mathematical Reasoning,LV,1.0,8,0.0,1.0,1.0,N,N,08/2018,Analyst
37-3013.00,1.A.1.c.2,Number Facility,IM,1.88,8,0.125,1.63,2.12,N,,08/2018,Analyst
37-3013.00,1.A.1.c.2,Number Facility,LV,0.88,8,0.125,0.63,1.12,N,N,08/2018,Analyst
37-3013.00,1.A.1.d.1,Memorization,IM,1.88,8,0.125,1.63,2.12,N,,08/2018,Analyst
37-3013.00,1.A.1.d.1,Memorization,LV,1.75,8,0.25,1.26,2.24,N,N,08/2018,Analyst
37-3013.00,1.A.1.e.1,Speed of Closure,IM,2.0,8,0.0,2.0,2.0,N,,08/2018,Analyst
37-3013.00,1.A.1.e.1,Speed of Closure,LV,2.0,8,0.0,2.0,2.0,N,N,08/2018,Analyst
37-3013.00,1.A.1.e.2,Flexibility of Closure,IM,3.0,8,0.189,2.6296,3.3704,N,,08/2018,Analyst
37-3013.00,1.A.1.e.2,Flexibility of Closure,LV,2.75,8,0.1637,2.4292,3.0708,N,N,08/2018,Analyst
37-3013.00,1.A.1.e.3,Perceptual Speed,IM,2.5,8,0.189,2.1296,2.8704,N,,08/2018,Analyst
37-3013.00,1.A.1.e.3,Perceptual Speed,LV,2.38,8,0.183,2.0164,2.7336,N,N,08/2018,Analyst
37-3013.00,1.A.1.f.1,Spatial Orientation,IM,3.0,8,0.189,2.6296,3.3704,N,,08/2018,Analyst
37-3013.00,1.A.1.f.1,Spatial Orientation,LV,2.5,8,0.189,2.1296,2.8704,N,N,08/2018,Analyst
37-3013.00,1.A.1.f.2,Visualization,IM,3.12,8,0.125,2.88,3.37,N,,08/2018,Analyst
37-3013.00,1.A.1.f.2,Visualization,LV,3.12,8,0.125,2.88,3.37,N,N,08/2018,Analyst
37-3013.00,1.A.1.g.1,Selective Attention,IM,3.38,8,0.183,3.0164,3.7336,N,,08/2018,Analyst
37-3013.00,1.A.1.g.1,Selective Attention,LV,3.12,8,0.125,2.88,3.37,N,N,08/2018,Analyst
37-3013.00,1.A.1.g.2,Time Sharing,IM,2.88,8,0.125,2.63,3.12,N,,08/2018,Analyst
37-3013.00,1.A.1.g.2,Time Sharing,LV,2.88,8,0.125,2.63,3.12,N,N,08/2018,Analyst
37-3013.00,1.A.2.a.1,Arm-Hand Steadiness,IM,3.75,8,0.1637,3.4292,4.0708,N,,08/2018,Analyst
37-3013.00,1.A.2.a.1,Arm-Hand Steadiness,LV,3.25,8,0.1637,2.9292,3.5708,N,N,08/2018,Analyst
37-3013.00,1.A.2.a.2,Manual Dexterity,IM,3.88,8,0.125,3.63,4.12,N,,08/2018,Analyst
37-3013.00,1.A.2.a.2,Manual Dexterity,LV,3.75,8,0.1637,3.4292,4.0708,N,N,08/2018,Analyst
37-3013.00,1.A.2.a.3,Finger Dexterity,IM,3.12,8,0.125,2.88,3.37,N,,08/2018,Analyst
37-3013.00,1.A.2.a.3,Finger Dexterity,LV,3.0,8,0.0,3.0,3.0,N,N,08/2018,Analyst
37-3013.00,1.A.2.b.1,Control Precision,IM,4.0,8,0.0,4.0,4.0,N,,08/2018,Analyst
37-3013.00,1.A.2.b.1,Control Precision,LV,4.0,8,0.0,4.0,4.0,N,N,08/2018,Analyst
37-3013.00,1.A.2.b.2,Multilimb Coordination,IM,3.88,8,0.125,3.63,4.12,N,,08/2018,Analyst
37-3013.00,1.A.2.b.2,Multilimb Coordination,LV,3.75,8,0.1637,3.4292,4.0708,N,N,08/2018,Analyst
37-3013.00,1.A.2.b.3,Response Orientation,IM,2.88,8,0.2266,2.4309,3.3191,N,,08/2018,Analyst
37-3013.00,1.A.2.b.3,Response Orientation,LV,2.88,8,0.2266,2.4309,3.3191,N,N,08/2018,Analyst
37-3013.00,1.A.2.b.4,Rate Control,IM,3.0,8,0.189,2.6296,3.3704,N,,08/2018,Analyst
37-3013.00,1.A.2.b.4,Rate Control,LV,3.12,8,0.125,2.88,3.37,N,N,08/2018,Analyst
37-3013.00,1.A.2.c.1,Reaction Time,IM,3.88,8,0.125,3.63,4.12,N,,08/2018,Analyst
37-3013.00,1.A.2.c.1,Reaction Time,LV,4.0,8,0.0,4.0,4.0,N,N,08/2018,Analyst
37-3013.00,1.A.2.c.2,Wrist-Finger Speed,IM,2.62,8,0.183,2.2664,2.9836,N,,08/2018,Analyst
37-3013.00,1.A.2.c.2,Wrist-Finger Speed,LV,2.38,8,0.183,2.0164,2.7336,N,N,08/2018,Analyst
37-3013.00,1.A.2.c.3,Speed of Limb Movement,IM,2.88,8,0.125,2.63,3.12,N,,08/2018,Analyst
37-3013.00,1.A.2.c.3,Speed of Limb Movement,LV,2.75,8,0.1637,2.4292,3.0708,N,N,08/2018,Analyst
37-3013.00,1.A.3.a.1,Static Strength,IM,3.75,8,0.1637,3.4292,4.0708,N,,08/2018,Analyst
37-3013.00,1.A.3.a.1,Static Strength,LV,3.88,8,0.2266,3.4309,4.3191,N,N,08/2018,Analyst
37-3013.00,1.A.3.a.2,Explosive Strength,IM,1.75,8,0.1637,1.4292,2.0708,N,,08/2018,Analyst
37-3013.00,1.A.3.a.2,Explosive Strength,LV,0.88,8,0.2266,0.4309,1.3191,N,N,08/2018,Analyst
37-3013.00,1.A.3.a.3,Dynamic Strength,IM,3.38,8,0.183,3.0164,3.7336,N,,08/2018,Analyst
37-3013.00,1.A.3.a.3,Dynamic Strength,LV,3.38,8,0.183,3.0164,3.7336,N,N,08/2018,Analyst
37-3013.00,1.A.3.a.4,Trunk Strength,IM,3.5,8,0.189,3.1296,3.8704,N,,08/2018,Analyst
37-3013.00,1.A.3.a.4,Trunk Strength,LV,3.88,8,0.2266,3.4309,4.3191,N,N,08/2018,Analyst
37-3013.00,1.A.3.b.1,Stamina,IM,3.25,8,0.1637,2.9292,3.5708,N,,08/2018,Analyst
37-3013.00,1.A.3.b.1,Stamina,LV,3.12,8,0.125,2.88,3.37,N,N,08/2018,Analyst
37-3013.00,1.A.3.c.1,Extent Flexibility,IM,3.75,8,0.1637,3.4292,4.0708,N,,08/2018,Analyst
37-3013.00,1.A.3.c.1,Extent Flexibility,LV,4.0,8,0.0,4.0,4.0,N,N,08/2018,Analyst
37-3013.00,1.A.3.c.2,Dynamic Flexibility,IM,1.75,8,0.1637,1.4292,2.0708,N,,08/2018,Analyst
37-3013.00,1.A.3.c.2,Dynamic Flexibility,LV,1.12,8,0.295,0.5467,1.7033,N,N,08/2018,Analyst
37-3013.00,1.A.3.c.3,Gross Body Coordination,IM,3.0,8,0.0,3.0,3.0,N,,08/2018,Analyst
37-3013.00,1.A.3.c.3,Gross Body Coordination,LV,2.88,8,0.125,2.63,3.12,N,N,08/2018,Analyst
37-3013.00,1.A.3.c.4,Gross Body Equilibrium,IM,3.25,8,0.1637,2.9292,3.5708,N,,08/2018,Analyst
37-3013.00,1.A.3.c.4,Gross Body Equilibrium,LV,3.12,8,0.125,2.88,3.37,N,N,08/2018,Analyst
37-3013.00,1.A.4.a.1,Near Vision,IM,3.5,8,0.189,3.1296,3.8704,N,,08/2018,Analyst
37-3013.00,1.A.4.a.1,Near Vision,LV,3.25,8,0.1637,2.9292,3.5708,N,N,08/2018,Analyst
37-3013.00,1.A.4.a.2,Far Vision,IM,3.25,8,0.1637,2.9292,3.5708,N,,08/2018,Analyst
37-3013.00,1.A.4.a.2,Far Vision,LV,3.12,8,0.125,2.88,3.37,N,N,08/2018,Analyst
37-3013.00,1.A.4.a.3,Visual Color Discrimination,IM,2.75,8,0.1637,2.4292,3.0708,N,,08/2018,Analyst
37-3013.00,1.A.4.a.3,Visual Color Discrimination,LV,2.38,8,0.183,2.0164,2.7336,N,N,08/2018,Analyst
37-3013.00,1.A.4.a.4,Night Vision,IM,1.75,8,0.1637,1.4292,2.0708,N,,08/2018,Analyst
37-3013.00,1.A.4.a.4,Night Vision,LV,1.38,8,0.3239,0.7402,2.0098,N,N,08/2018,Analyst
37-3013.00,1.A.4.a.5,Peripheral Vision,IM,2.5,8,0.189,2.1296,2.8704,N,,08/2018,Analyst
37-3013.00,1.A.4.a.5,Peripheral Vision,LV,2.12,8,0.125,1.88,2.37,N,N,08/2018,Analyst
37-3013.00,1.A.4.a.6,Depth Perception,IM,3.12,8,0.125,2.88,3.37,N,,08/2018,Analyst
37-3013.00,1.A.4.a.6,Depth Perception,LV,3.5,8,0.189,3.1296,3.8704,N,N,08/2018,Analyst
37-3013.00,1.A.4.a.7,Glare Sensitivity,IM,2.0,8,0.0,2.0,2.0,N,,08/2018,Analyst
37-3013.00,1.A.4.a.7,Glare Sensitivity,LV,2.12,8,0.125,1.88,2.37,N,N,08/2018,Analyst
37-3013.00,1.A.4.b.1,Hearing Sensitivity,IM,2.62,8,0.183,2.2664,2.9836,N,,08/2018,Analyst
37-3013.00,1.A.4.b.1,Hearing Sensitivity,LV,2.62,8,0.183,2.2664,2.9836,N,N,08/2018,Analyst
37-3013.00,1.A.4.b.2,Auditory Attention,IM,3.0,8,0.0,3.0,3.0,N,,08/2018,Analyst
37-3013.00,1.A.4.b.2,Auditory Attention,LV,3.25,8,0.1637,2.9292,3.5708,N,N,08/2018,Analyst
37-3013.00,1.A.4.b.3,Sound Localization,IM,2.12,8,0.125,1.88,2.37,N,,08/2018,Analyst
37-3013.00,1.A.4.b.3,Sound Localization,LV,1.88,8,0.125,1.63,2.12,N,N,08/2018,Analyst
37-3013.00,1.A.4.b.4,Speech Recognition,IM,3.0,8,0.189,2.6296,3.3704,N,,08/2018,Analyst
37-3013.00,1.A.4.b.4,Speech Recognition,LV,2.75,8,0.1637,2.4292,3.0708,N,N,08/2018,Analyst
37-3013.00,1.A.4.b.5,Speech Clarity,IM,3.0,8,0.189,2.6296,3.3704,N,,08/2018,Analyst
37-3013.00,1.A.4.b.5,Speech Clarity,LV,2.75,8,0.1637,2.4292,3.0708,N,N,08/2018,Analyst
39-1013.00,1.A.1.a.1,Oral Comprehension,IM,4.0,8,0.189,3.6296,4.3704,N,,08/2022,Analyst
39-1013.00,1.A.1.a.1,Oral Comprehension,LV,3.75,8,0.25,3.26,4.24,N,N,08/2022,Analyst
39-1013.00,1.A.1.a.2,Written Comprehension,IM,3.5,8,0.189,3.1296,3.8704,N,,08/2022,Analyst
39-1013.00,1.A.1.a.2,Written Comprehension,LV,3.62,8,0.2631,3.1094,4.1406,N,N,08/2022,Analyst
39-1013.00,1.A.1.a.3,Oral Expression,IM,3.88,8,0.125,3.63,4.12,N,,08/2022,Analyst
39-1013.00,1.A.1.a.3,Oral Expression,LV,4.0,8,0.189,3.6296,4.3704,N,N,08/2022,Analyst
39-1013.00,1.A.1.a.4,Written Expression,IM,3.5,8,0.189,3.1296,3.8704,N,,08/2022,Analyst
39-1013.00,1.A.1.a.4,Written Expression,LV,3.38,8,0.2631,2.8594,3.8906,N,N,08/2022,Analyst
39-1013.00,1.A.1.b.1,Fluency of Ideas,IM,2.75,8,0.3134,2.1358,3.3642,N,,08/2022,Analyst
39-1013.00,1.A.1.b.1,Fluency of Ideas,LV,2.25,8,0.3134,1.6358,2.8642,N,N,08/2022,Analyst
39-1013.00,1.A.1.b.2,Originality,IM,2.5,8,0.2673,1.9762,3.0238,N,,08/2022,Analyst
39-1013.00,1.A.1.b.2,Originality,LV,2.62,8,0.2631,2.1094,3.1406,N,N,08/2022,Analyst
39-1013.00,1.A.1.b.3,Problem Sensitivity,IM,3.75,8,0.25,3.26,4.24,N,,08/2022,Analyst
39-1013.00,1.A.1.b.3,Problem Sensitivity,LV,3.75,8,0.1637,3.4292,4.0708,N,N,08/2022,Analyst
39-1013.00,1.A.1.b.4,Deductive Reasoning,IM,3.62,8,0.183,3.2664,3.9836,N,,08/2022,Analyst
39-1013.00,1.A.1.b.4,Deductive Reasoning,LV,3.38,8,0.183,3.0164,3.7336,N,N,08/2022,Analyst
39-1013.00,1.A.1.b.5,Inductive Reasoning,IM,3.25,8,0.1637,2.9292,3.5708,N,,08/2022,Analyst
39-1013.00,1.A.1.b.5,Inductive Reasoning,LV,3.5,8,0.189,3.1296,3.8704,N,N,08/2022,Analyst
39-1013.00,1.A.1.b.6,Information Ordering,IM,3.38,8,0.183,3.0164,3.7336,N,,08/2022,Analyst
39-1013.00,1.A.1.b.6,Information Ordering,LV,3.25,8,0.1637,2.9292,3.5708,N,N,08/2022,Analyst
39-1013.00,1.A.1.b.7,Category Flexibility,IM,2.88,8,0.2266,2.4309,3.3191,N,,08/2022,Analyst
39-1013.00,1.A.1.b.7,Category Flexibility,LV,2.5,8,0.2673,1.9762,3.0238,N,N,08/2022,Analyst
39-1013.00,1.A.1.c.1,Mathematical Reasoning,IM,2.62,8,0.183,2.2664,2.9836,N,,08/2022,Analyst
39-1013.00,1.A.1.c.1,Mathematical Reasoning,LV,2.25,8,0.3134,1.6358,2.8642,N,N,08/2022,Analyst
39-1013.00,1.A.1.c.2,Number Facility,IM,2.88,8,0.2266,2.4309,3.3191,N,,08/2022,Analyst
39-1013.00,1.A.1.c.2,Number Facility,LV,2.62,8,0.2631,2.1094,3.1406,N,N,08/2022,Analyst
39-1013.00,1.A.1.d.1,Memorization,IM,3.12,8,0.295,2.5467,3.7033,N,,08/2022,Analyst
39-1013.00,1.A.1.d.1,Memorization,LV,3.12,8,0.3504,2.4383,3.8117,N,N,08/2022,Analyst
39-1013.00,1.A.1.e.1,Speed of Closure,IM,3.0,8,0.3273,2.3584,3.6416,N,,08/2022,Analyst
39-1013.00,1.A.1.e.1,Speed of Closure,LV,2.88,8,0.2266,2.4309,3.3191,N,N,08/2022,Analyst
39-1013.00,1.A.1.e.2,Flexibility of Closure,IM,3.0,8,0.3273,2.3584,3.6416,N,,08/2022,Analyst
39-1013.00,1.A.1.e.2,Flexibility of Closure,LV,3.0,8,0.189,2.6296,3.3704,N,N,08/2022,Analyst
39-1013.00,1.A.1.e.3,Perceptual Speed,IM,2.75,8,0.25,2.26,3.24,N,,08/2022,Analyst
39-1013.00,1.A.1.e.3,Perceptual Speed,LV,2.75,8,0.3134,2.1358,3.3642,N,N,08/2022,Analyst
39-1013.00,1.A.1.f.1,Spatial Orientation,IM,1.75,8,0.4119,1.0,2.5573,N,,08/2022,Analyst
39-1013.00,1.A.1.f.1,Spatial Orientation,LV,0.88,8,0.4795,0.0,1.8148,N,N,08/2022,Analyst
39-1013.00,1.A.1.f.2,Visualization,IM,2.38,8,0.2631,1.8594,2.8906,N,,08/2022,Analyst
39-1013.00,1.A.1.f.2,Visualization,LV,2.12,8,0.3981,1.3447,2.9053,N,N,08/2022,Analyst
39-1013.00,1.A.1.g.1,Selective Attention,IM,3.5,8,0.2673,2.9762,4.0238,N,,08/2022,Analyst
39-1013.00,1.A.1.g.1,Selective Attention,LV,3.38,8,0.183,3.0164,3.7336,N,N,08/2022,Analyst
39-1013.00,1.A.1.g.2,Time Sharing,IM,2.88,8,0.2266,2.4309,3.3191,N,,08/2022,Analyst
39-1013.00,1.A.1.g.2,Time Sharing,LV,3.12,8,0.3504,2.4383,3.8117,N,N,08/2022,Analyst
39-1013.00,1.A.2.a.1,Arm-Hand Steadiness,IM,2.38,8,0.183,2.0164,2.7336,N,,08/2022,Analyst
39-1013.00,1.A.2.a.1,Arm-Hand Steadiness,LV,2.12,8,0.2266,1.6809,2.5691,N,N,08/2022,Analyst
39-1013.00,1.A.2.a.2,Manual Dexterity,IM,2.38,8,0.183,2.0164,2.7336,N,,08/2022,Analyst
39-1013.00,1.A.2.a.2,Manual Dexterity,LV,2.25,8,0.25,1.76,2.74,N,N,08/2022,Analyst
39-1013.00,1.A.2.a.3,Finger Dexterity,IM,2.62,8,0.183,2.2664,2.9836,N,,08/2022,Analyst
39-1013.00,1.A.2.a.3,Finger Dexterity,LV,2.5,8,0.189,2.1296,2.8704,N,N,08/2022,Analyst
39-1013.00,1.A.2.b.1,Control Precision,IM,2.5,8,0.2673,1.9762,3.0238,N,,08/2022,Analyst
39-1013.00,1.A.2.b.1,Control Precision,LV,2.12,8,0.2266,1.6809,2.5691,N,N,08/2022,Analyst
39-1013.00,1.A.2.b.2,Multilimb Coordination,IM,2.38,8,0.3239,1.7402,3.0098,N,,08/2022,Analyst
39-1013.00,1.A.2.b.2,Multilimb Coordination,LV,1.88,8,0.3504,1.1883,2.5617,N,N,08/2022,Analyst
39-1013.00,1.A.2.b.3,Response Orientation,IM,1.62,8,0.3239,1.0,2.2598,N,,08/2022,Analyst
39-1013.00,1.A.2.b.3,Response Orientation,LV,0.88,8,0.4795,0.0,1.8148,N,N,08/2022,Analyst
39-1013.00,1.A.2.b.4,Rate Control,IM,1.62,8,0.3239,1.0,2.2598,N,,08/2022,Analyst
39-1013.00,1.A.2.b.4,Rate Control,LV,0.88,8,0.4795,0.0,1.8148,N,N,08/2022,Analyst
39-1013.00,1.A.2.c.1,Reaction Time,IM,1.75,8,0.4119,1.0,2.5573,N,,08/2022,Analyst
39-1013.00,1.A.2.c.1,Reaction Time,LV,1.12,8,0.5806,0.0,2.2629,Y,N,08/2022,Analyst
39-1013.00,1.A.2.c.2,Wrist-Finger Speed,IM,2.25,8,0.25,1.76,2.74,N,,08/2022,Analyst
39-1013.00,1.A.2.c.2,Wrist-Finger Speed,LV,1.75,8,0.366,1.0327,2.4673,N,N,08/2022,Analyst
39-1013.00,1.A.2.c.3,Speed of Limb Movement,IM,1.62,8,0.3239,1.0,2.2598,N,,08/2022,Analyst
39-1013.00,1.A.2.c.3,Speed of Limb Movement,LV,0.75,8,0.4119,0.0,1.5573,N,N,08/2022,Analyst
39-1013.00,1.A.3.a.1,Static Strength,IM,2.25,8,0.25,1.76,2.74,N,,08/2022,Analyst
39-1013.00,1.A.3.a.1,Static Strength,LV,1.75,8,0.3134,1.1358,2.3642,N,N,08/2022,Analyst
39-1013.00,1.A.3.a.2,Explosive Strength,IM,2.38,8,0.183,2.0164,2.7336,N,,08/2022,Analyst
39-1013.00,1.A.3.a.2,Explosive Strength,LV,2.0,8,0.2673,1.4762,2.5238,N,N,08/2022,Analyst
39-1013.00,1.A.3.a.3,Dynamic Strength,IM,2.12,8,0.2266,1.6809,2.5691,N,,08/2022,Analyst
39-1013.00,1.A.3.a.3,Dynamic Strength,LV,1.62,8,0.375,0.89,2.36,N,N,08/2022,Analyst
39-1013.00,1.A.3.a.4,Trunk Strength,IM,2.75,8,0.1637,2.4292,3.0708,N,,08/2022,Analyst
39-1013.00,1.A.3.a.4,Trunk Strength,LV,2.75,8,0.1637,2.4292,3.0708,N,N,08/2022,Analyst
39-1013.00,1.A.3.b.1,Stamina,IM,2.25,8,0.1637,1.9292,2.5708,N,,08/2022,Analyst
39-1013.00,1.A.3.b.1,Stamina,LV,2.0,8,0.3273,1.3584,2.6416,N,N,08/2022,Analyst
39-1013.00,1.A.3.c.1,Extent Flexibility,IM,2.12,8,0.2266,1.6809,2.5691,N,,08/2022,Analyst
39-1013.00,1.A.3.c.1,Extent Flexibility,LV,1.75,8,0.366,1.0327,2.4673,N,N,08/2022,Analyst
39-1013.00,1.A.3.c.2,Dynamic Flexibility,IM,1.38,8,0.2631,1.0,1.8906,N,,08/2022,Analyst
39-1013.00,1.A.3.c.2,Dynamic Flexibility,LV,0.5,8,0.378,0.0,1.2408,N,Y,08/2022,Analyst
39-1013.00,1.A.3.c.3,Gross Body Coordination,IM,2.12,8,0.2266,1.6809,2.5691,N,,08/2022,Analyst
39-1013.00,1.A.3.c.3,Gross Body Coordination,LV,1.62,8,0.3239,0.9902,2.2598,N,N,08/2022,Analyst
39-1013.00,1.A.3.c.4,Gross Body Equilibrium,IM,2.12,8,0.2266,1.6809,2.5691,N,,08/2022,Analyst
39-1013.00,1.A.3.c.4,Gross Body Equilibrium,LV,1.62,8,0.3239,0.9902,2.2598,N,N,08/2022,Analyst
39-1013.00,1.A.4.a.1,Near Vision,IM,3.62,8,0.183,3.2664,3.9836,N,,08/2022,Analyst
39-1013.00,1.A.4.a.1,Near Vision,LV,3.5,8,0.189,3.1296,3.8704,N,N,08/2022,Analyst
39-1013.00,1.A.4.a.2,Far Vision,IM,3.25,8,0.3134,2.6358,3.8642,N,,08/2022,Analyst
39-1013.00,1.A.4.a.2,Far Vision,LV,3.25,8,0.366,2.5327,3.9673,N,N,08/2022,Analyst
39-1013.00,1.A.4.a.3,Visual Color Discrimination,IM,2.62,8,0.3239,1.9902,3.2598,N,,08/2022,Analyst
39-1013.00,1.A.4.a.3,Visual Color Discrimination,LV,2.0,8,0.2673,1.4762,2.5238,N,N,08/2022,Analyst
39-1013.00,1.A.4.a.4,Night Vision,IM,1.62,8,0.2631,1.1094,2.1406,N,,08/2022,Analyst
39-1013.00,1.A.4.a.4,Night Vision,LV,1.25,8,0.491,0.2877,2.2123,N,N,08/2022,Analyst
39-1013.00,1.A.4.a.5,Peripheral Vision,IM,1.62,8,0.2631,1.1094,2.1406,N,,08/2022,Analyst
39-1013.00,1.A.4.a.5,Peripheral Vision,LV,1.0,8,0.4226,0.1717,1.8283,N,N,08/2022,Analyst
39-1013.00,1.A.4.a.6,Depth Perception,IM,1.5,8,0.2673,1.0,2.0238,N,,08/2022,Analyst
39-1013.00,1.A.4.a.6,Depth Perception,LV,0.75,8,0.4119,0.0,1.5573,N,N,08/2022,Analyst
39-1013.00,1.A.4.a.7,Glare Sensitivity,IM,2.0,8,0.189,1.6296,2.3704,N,,08/2022,Analyst
39-1013.00,1.A.4.a.7,Glare Sensitivity,LV,1.75,8,0.366,1.0327,2.4673,N,N,08/2022,Analyst
39-1013.00,1.A.4.b.1,Hearing Sensitivity,IM,2.25,8,0.25,1.76,2.74,N,,08/2022,Analyst
39-1013.00,1.A.4.b.1,Hearing Sensitivity,LV,1.88,8,0.295,1.2967,2.4533,N,N,08/2022,Analyst
39-1013.00,1.A.4.b.2,Auditory Attention,IM,2.62,8,0.183,2.2664,2.9836,N,,08/2022,Analyst
39-1013.00,1.A.4.b.2,Auditory Attention,LV,2.88,8,0.125,2.63,3.12,N,N,08/2022,Analyst
39-1013.00,1.A.4.b.3,Sound Localization,IM,1.75,8,0.3134,1.1358,2.3642,N,,08/2022,Analyst
39-1013.00,1.A.4.b.3,Sound Localization,LV,1.12,8,0.4407,0.2613,1.9887,N,N,08/2022,Analyst
39-1013.00,1.A.4.b.4,Speech Recognition,IM,3.75,8,0.1637,3.4292,4.0708,N,,08/2022,Analyst
39-1013.00,1.A.4.b.4,Speech Recognition,LV,3.62,8,0.2631,3.1094,4.1406,N,N,08/2022,Analyst
39-1013.00,1.A.4.b.5,Speech Clarity,IM,3.75,8,0.25,3.26,4.24,N,,08/2022,Analyst
39-1013.00,1.A.4.b.5,Speech Clarity,LV,3.25,8,0.1637,2.9292,3.5708,N,N,08/2022,Analyst
39-1022.00,1.A.1.a.1,Oral Comprehension,IM,4.0,8,0.0,4.0,4.0,N,,08/2024,Analyst
39-1022.00,1.A.1.a.1,Oral Comprehension,LV,3.88,8,0.125,3.63,4.12,N,N,08/2024,Analyst
39-1022.00,1.A.1.a.2,Written Comprehension,IM,3.75,8,0.1637,3.4292,4.0708,N,,08/2024,Analyst
39-1022.00,1.A.1.a.2,Written Comprehension,LV,3.62,8,0.183,3.2664,3.9836,N,N,08/2024,Analyst
39-1022.00,1.A.1.a.3,Oral Expression,IM,4.0,8,0.0,4.0,4.0,N,,08/2024,Analyst
39-1022.00,1.A.1.a.3,Oral Expression,LV,3.88,8,0.125,3.63,4.12,N,N,08/2024,Analyst
39-1022.00,1.A.1.a.4,Written Expression,IM,3.25,8,0.1637,2.9292,3.5708,N,,08/2024,Analyst
39-1022.00,1.A.1.a.4,Written Expression,LV,3.5,8,0.189,3.1296,3.8704,N,N,08/2024,Analyst
39-1022.00,1.A.1.b.1,Fluency of Ideas,IM,3.0,8,0.0,3.0,3.0,N,,08/2024,Analyst
39-1022.00,1.A.1.b.1,Fluency of Ideas,LV,3.0,8,0.0,3.0,3.0,N,N,08/2024,Analyst
39-1022.00,1.A.1.b.2,Originality,IM,3.0,8,0.0,3.0,3.0,N,,08/2024,Analyst
39-1022.00,1.A.1.b.2,Originality,LV,3.0,8,0.0,3.0,3.0,N,N,08/2024,Analyst
39-1022.00,1.A.1.b.3,Problem Sensitivity,IM,3.88,8,0.125,3.63,4.12,N,,08/2024,Analyst
39-1022.00,1.A.1.b.3,Problem Sensitivity,LV,3.75,8,0.1637,3.4292,4.0708,N,N,08/2024,Analyst
39-1022.00,1.A.1.b.4,Deductive Reasoning,IM,3.5,8,0.189,3.1296,3.8704,N,,08/2024,Analyst
39-1022.00,1.A.1.b.4,Deductive Reasoning,LV,3.5,8,0.189,3.1296,3.8704,N,N,08/2024,Analyst
39-1022.00,1.A.1.b.5,Inductive Reasoning,IM,3.12,8,0.125,2.88,3.37,N,,08/2024,Analyst
39-1022.00,1.A.1.b.5,Inductive Reasoning,LV,3.12,8,0.125,2.88,3.37,N,N,08/2024,Analyst
39-1022.00,1.A.1.b.6,Information Ordering,IM,3.12,8,0.125,2.88,3.37,N,,08/2024,Analyst
39-1022.00,1.A.1.b.6,Information Ordering,LV,3.0,8,0.0,3.0,3.0,N,N,08/2024,Analyst
39-1022.00,1.A.1.b.7,Category Flexibility,IM,3.0,8,0.0,3.0,3.0,N,,08/2024,Analyst
39-1022.00,1.A.1.b.7,Category Flexibility,LV,3.0,8,0.0,3.0,3.0,N,N,08/2024,Analyst
39-1022.00,1.A.1.c.1,Mathematical Reasoning,IM,2.12,8,0.125,1.88,2.37,N,,08/2024,Analyst
39-1022.00,1.A.1.c.1,Mathematical Reasoning,LV,2.0,8,0.0,2.0,2.0,N,N,08/2024,Analyst
39-1022.00,1.A.1.c.2,Number Facility,IM,2.0,8,0.0,2.0,2.0,N,,08/2024,Analyst
39-1022.00,1.A.1.c.2,Number Facility,LV,2.0,8,0.0,2.0,2.0,N,N,08/2024,Analyst
39-1022.00,1.A.1.d.1,Memorization,IM,2.0,8,0.0,2.0,2.0,N,,08/2024,Analyst
39-1022.00,1.A.1.d.1,Memorization,LV,2.0,8,0.0,2.0,2.0,N,N,08/2024,Analyst
39-1022.00,1.A.1.e.1,Speed of Closure,IM,2.0,8,0.0,2.0,2.0,N,,08/2024,Analyst
39-1022.00,1.A.1.e.1,Speed of Closure,LV,2.0,8,0.0,2.0,2.0,N,N,08/2024,Analyst
39-1022.00,1.A.1.e.2,Flexibility of Closure,IM,2.62,8,0.183,2.2664,2.9836,N,,08/2024,Analyst
39-1022.00,1.A.1.e.2,Flexibility of Closure,LV,2.5,8,0.189,2.1296,2.8704,N,N,08/2024,Analyst
39-1022.00,1.A.1.e.3,Perceptual Speed,IM,2.5,8,0.189,2.1296,2.8704,N,,08/2024,Analyst
39-1022.00,1.A.1.e.3,Perceptual Speed,LV,2.62,8,0.183,2.2664,2.9836,N,N,08/2024,Analyst
39-1022.00,1.A.1.f.1,Spatial Orientation,IM,1.0,8,0.0,1.0,1.0,N,,08/2024,Analyst
39-1022.00,1.A.1.f.1,Spatial Orientation,LV,0.0,8,0.0,0.0,0.0,N,Y,08/2024,Analyst
39-1022.00,1.A.1.f.2,Visualization,IM,2.12,8,0.125,1.88,2.37,N,,08/2024,Analyst
39-1022.00,1.A.1.f.2,Visualization,LV,2.12,8,0.125,1.88,2.37,N,N,08/2024,Analyst
39-1022.00,1.A.1.g.1,Selective Attention,IM,3.0,8,0.0,3.0,3.0,N,,08/2024,Analyst
39-1022.00,1.A.1.g.1,Selective Attention,LV,2.88,8,0.125,2.63,3.12,N,N,08/2024,Analyst
39-1022.00,1.A.1.g.2,Time Sharing,IM,2.88,8,0.125,2.63,3.12,N,,08/2024,Analyst
39-1022.00,1.A.1.g.2,Time Sharing,LV,2.88,8,0.125,2.63,3.12,N,N,08/2024,Analyst
39-1022.00,1.A.2.a.1,Arm-Hand Steadiness,IM,2.12,8,0.125,1.88,2.37,N,,08/2024,Analyst
39-1022.00,1.A.2.a.1,Arm-Hand Steadiness,LV,2.0,8,0.0,2.0,2.0,N,N,08/2024,Analyst
39-1022.00,1.A.2.a.2,Manual Dexterity,IM,2.0,8,0.0,2.0,2.0,N,,08/2024,Analyst
39-1022.00,1.A.2.a.2,Manual Dexterity,LV,1.75,8,0.1637,1.4292,2.0708,N,N,08/2024,Analyst
39-1022.00,1.A.2.a.3,Finger Dexterity,IM,2.0,8,0.0,2.0,2.0,N,,08/2024,Analyst
39-1022.00,1.A.2.a.3,Finger Dexterity,LV,1.75,8,0.1637,1.4292,2.0708,N,N,08/2024,Analyst
39-1022.00,1.A.2.b.1,Control Precision,IM,1.62,8,0.2631,1.1094,2.1406,N,,08/2024,Analyst
39-1022.00,1.A.2.b.1,Control Precision,LV,0.5,8,0.189,0.1296,0.8704,N,N,08/2024,Analyst
39-1022.00,1.A.2.b.2,Multilimb Coordination,IM,1.88,8,0.125,1.63,2.12,N,,08/2024,Analyst
39-1022.00,1.A.2.b.2,Multilimb Coordination,LV,1.25,8,0.25,0.76,1.74,N,N,08/2024,Analyst
39-1022.00,1.A.2.b.3,Response Orientation,IM,1.25,8,0.25,1.0,1.74,N,,08/2024,Analyst
39-1022.00,1.A.2.b.3,Response Orientation,LV,0.12,8,0.125,0.0,0.37,N,Y,08/2024,Analyst
39-1022.00,1.A.2.b.4,Rate Control,IM,1.0,8,0.0,1.0,1.0,N,,08/2024,Analyst
39-1022.00,1.A.2.b.4,Rate Control,LV,0.0,8,0.0,0.0,0.0,N,Y,08/2024,Analyst
39-1022.00,1.A.2.c.1,Reaction Time,IM,1.0,8,0.0,1.0,1.0,N,,08/2024,Analyst
39-1022.00,1.A.2.c.1,Reaction Time,LV,0.0,8,0.0,0.0,0.0,N,Y,08/2024,Analyst
39-1022.00,1.A.2.c.2,Wrist-Finger Speed,IM,2.0,8,0.189,1.6296,2.3704,N,,08/2024,Analyst
39-1022.00,1.A.2.c.2,Wrist-Finger Speed,LV,1.0,8,0.189,0.6296,1.3704,N,N,08/2024,Analyst
39-1022.00,1.A.2.c.3,Speed of Limb Movement,IM,1.0,8,0.0,1.0,1.0,N,,08/2024,Analyst
39-1022.00,1.A.2.c.3,Speed of Limb Movement,LV,0.0,8,0.0,0.0,0.0,N,Y,08/2024,Analyst
39-1022.00,1.A.3.a.1,Static Strength,IM,1.88,8,0.125,1.63,2.12,N,,08/2024,Analyst
39-1022.00,1.A.3.a.1,Static Strength,LV,1.62,8,0.2631,1.1094,2.1406,N,N,08/2024,Analyst
39-1022.00,1.A.3.a.2,Explosive Strength,IM,1.5,8,0.189,1.1296,1.8704,N,,08/2024,Analyst
39-1022.00,1.A.3.a.2,Explosive Strength,LV,0.5,8,0.189,0.1296,0.8704,N,N,08/2024,Analyst
39-1022.00,1.A.3.a.3,Dynamic Strength,IM,2.0,8,0.0,2.0,2.0,N,,08/2024,Analyst
39-1022.00,1.A.3.a.3,Dynamic Strength,LV,1.38,8,0.183,1.0164,1.7336,N,N,08/2024,Analyst
39-1022.00,1.A.3.a.4,Trunk Strength,IM,2.62,8,0.183,2.2664,2.9836,N,,08/2024,Analyst
39-1022.00,1.A.3.a.4,Trunk Strength,LV,2.5,8,0.189,2.1296,2.8704,N,N,08/2024,Analyst
39-1022.00,1.A.3.b.1,Stamina,IM,2.12,8,0.125,1.88,2.37,N,,08/2024,Analyst
39-1022.00,1.A.3.b.1,Stamina,LV,2.0,8,0.189,1.6296,2.3704,N,N,08/2024,Analyst
39-1022.00,1.A.3.c.1,Extent Flexibility,IM,2.0,8,0.0,2.0,2.0,N,,08/2024,Analyst
39-1022.00,1.A.3.c.1,Extent Flexibility,LV,2.0,8,0.0,2.0,2.0,N,N,08/2024,Analyst
39-1022.00,1.A.3.c.2,Dynamic Flexibility,IM,1.0,8,0.0,1.0,1.0,N,,08/2024,Analyst
39-1022.00,1.A.3.c.2,Dynamic Flexibility,LV,0.0,8,0.0,0.0,0.0,N,Y,08/2024,Analyst
39-1022.00,1.A.3.c.3,Gross Body Coordination,IM,2.0,8,0.0,2.0,2.0,N,,08/2024,Analyst
39-1022.00,1.A.3.c.3,Gross Body Coordination,LV,1.0,8,0.0,1.0,1.0,N,N,08/2024,Analyst
39-1022.00,1.A.3.c.4,Gross Body Equilibrium,IM,1.88,8,0.125,1.63,2.12,N,,08/2024,Analyst
39-1022.00,1.A.3.c.4,Gross Body Equilibrium,LV,0.88,8,0.125,0.63,1.12,N,N,08/2024,Analyst
39-1022.00,1.A.4.a.1,Near Vision,IM,3.25,8,0.1637,2.9292,3.5708,N,,08/2024,Analyst
39-1022.00,1.A.4.a.1,Near Vision,LV,3.12,8,0.125,2.88,3.37,N,N,08/2024,Analyst
39-1022.00,1.A.4.a.2,Far Vision,IM,2.88,8,0.125,2.63,3.12,N,,08/2024,Analyst
39-1022.00,1.A.4.a.2,Far Vision,LV,2.88,8,0.125,2.63,3.12,N,N,08/2024,Analyst
39-1022.00,1.A.4.a.3,Visual Color Discrimination,IM,2.0,8,0.0,2.0,2.0,N,,08/2024,Analyst
39-1022.00,1.A.4.a.3,Visual Color Discrimination,LV,1.75,8,0.1637,1.4292,2.0708,N,N,08/2024,Analyst
39-1022.00,1.A.4.a.4,Night Vision,IM,1.0,8,0.0,1.0,1.0,N,,08/2024,Analyst
39-1022.00,1.A.4.a.4,Night Vision,LV,0.0,8,0.0,0.0,0.0,N,Y,08/2024,Analyst
39-1022.00,1.A.4.a.5,Peripheral Vision,IM,1.0,8,0.0,1.0,1.0,N,,08/2024,Analyst
39-1022.00,1.A.4.a.5,Peripheral Vision,LV,0.0,8,0.0,0.0,0.0,N,Y,08/2024,Analyst
39-1022.00,1.A.4.a.6,Depth Perception,IM,1.75,8,0.1637,1.4292,2.0708,N,,08/2024,Analyst
39-1022.00,1.A.4.a.6,Depth Perception,LV,0.75,8,0.1637,0.4292,1.0708,N,N,08/2024,Analyst
39-1022.00,1.A.4.a.7,Glare Sensitivity,IM,1.0,8,0.0,1.0,1.0,N,,08/2024,Analyst
39-1022.00,1.A.4.a.7,Glare Sensitivity,LV,0.0,8,0.0,0.0,0.0,N,Y,08/2024,Analyst
39-1022.00,1.A.4.b.1,Hearing Sensitivity,IM,2.0,8,0.0,2.0,2.0,N,,08/2024,Analyst
39-1022.00,1.A.4.b.1,Hearing Sensitivity,LV,2.0,8,0.0,2.0,2.0,N,N,08/2024,Analyst
39-1022.00,1.A.4.b.2,Auditory Attention,IM,2.5,8,0.189,2.1296,2.8704,N,,08/2024,Analyst
39-1022.00,1.A.4.b.2,Auditory Attention,LV,2.0,8,0.0,2.0,2.0,N,N,08/2024,Analyst
39-1022.00,1.A.4.b.3,Sound Localization,IM,1.0,8,0.0,1.0,1.0,N,,08/2024,Analyst
39-1022.00,1.A.4.b.3,Sound Localization,LV,0.0,8,0.0,0.0,0.0,N,Y,08/2024,Analyst
39-1022.00,1.A.4.b.4,Speech Recognition,IM,3.75,8,0.1637,3.4292,4.0708,N,,08/2024,Analyst
39-1022.00,1.A.4.b.4,Speech Recognition,LV,3.75,8,0.1637,3.4292,4.0708,N,N,08/2024,Analyst
39-1022.00,1.A.4.b.5,Speech Clarity,IM,3.75,8,0.1637,3.4292,4.0708,N,,08/2024,Analyst
39-1022.00,1.A.4.b.5,Speech Clarity,LV,3.38,8,0.183,3.0164,3.7336,N,N,08/2024,Analyst
39-2011.00,1.A.1.a.1,Oral Comprehension,IM,3.38,8,0.183,3.0164,3.7336,N,,07/2014,Analyst
39-2011.00,1.A.1.a.1,Oral Comprehension,LV,3.88,8,0.125,3.63,4.12,N,N,07/2014,Analyst
39-2011.00,1.A.1.a.2,Written Comprehension,IM,3.0,8,0.189,2.6296,3.3704,N,,07/2014,Analyst
39-2011.00,1.A.1.a.2,Written Comprehension,LV,3.0,8,0.0,3.0,3.0,N,N,07/2014,Analyst
39-2011.00,1.A.1.a.3,Oral Expression,IM,3.62,8,0.183,3.2664,3.9836,N,,07/2014,Analyst
39-2011.00,1.A.1.a.3,Oral Expression,LV,4.0,8,0.0,4.0,4.0,N,N,07/2014,Analyst
39-2011.00,1.A.1.a.4,Written Expression,IM,3.0,8,0.189,2.6296,3.3704,N,,07/2014,Analyst
39-2011.00,1.A.1.a.4,Written Expression,LV,2.88,8,0.125,2.63,3.12,N,N,07/2014,Analyst
39-2011.00,1.A.1.b.1,Fluency of Ideas,IM,3.12,8,0.125,2.88,3.37,N,,07/2014,Analyst
39-2011.00,1.A.1.b.1,Fluency of Ideas,LV,3.12,8,0.125,2.88,3.37,N,N,07/2014,Analyst
39-2011.00,1.A.1.b.2,Originality,IM,3.12,8,0.125,2.88,3.37,N,,07/2014,Analyst
39-2011.00,1.A.1.b.2,Originality,LV,3.25,8,0.1637,2.9292,3.5708,N,N,07/2014,Analyst
39-2011.00,1.A.1.b.3,Problem Sensitivity,IM,3.75,8,0.1637,3.4292,4.0708,N,,07/2014,Analyst
39-2011.00,1.A.1.b.3,Problem Sensitivity,LV,4.0,8,0.0,4.0,4.0,N,N,07/2014,Analyst
39-2011.00,1.A.1.b.4,Deductive Reasoning,IM,3.12,8,0.125,2.88,3.37,N,,07/2014,Analyst
39-2011.00,1.A.1.b.4,Deductive Reasoning,LV,3.5,8,0.189,3.1296,3.8704,N,N,07/2014,Analyst
39-2011.00,1.A.1.b.5,Inductive Reasoning,IM,3.0,8,0.0,3.0,3.0,N,,07/2014,Analyst
39-2011.00,1.A.1.b.5,Inductive Reasoning,LV,3.25,8,0.1637,2.9292,3.5708,N,N,07/2014,Analyst
39-2011.00,1.A.1.b.6,Information Ordering,IM,3.25,8,0.1637,2.9292,3.5708,N,,07/2014,Analyst
39-2011.00,1.A.1.b.6,Information Ordering,LV,3.0,8,0.0,3.0,3.0,N,N,07/2014,Analyst
39-2011.00,1.A.1.b.7,Category Flexibility,IM,3.0,8,0.0,3.0,3.0,N,,07/2014,Analyst
39-2011.00,1.A.1.b.7,Category Flexibility,LV,2.88,8,0.125,2.63,3.12,N,N,07/2014,Analyst
39-2011.00,1.A.1.c.1,Mathematical Reasoning,IM,2.0,8,0.0,2.0,2.0,N,,07/2014,Analyst
39-2011.00,1.A.1.c.1,Mathematical Reasoning,LV,1.75,8,0.1637,1.4292,2.0708,N,N,07/2014,Analyst
39-2011.00,1.A.1.c.2,Number Facility,IM,2.0,8,0.0,2.0,2.0,N,,07/2014,Analyst
39-2011.00,1.A.1.c.2,Number Facility,LV,1.88,8,0.125,1.63,2.12,N,N,07/2014,Analyst
39-2011.00,1.A.1.d.1,Memorization,IM,2.38,8,0.183,2.0164,2.7336,N,,07/2014,Analyst
39-2011.00,1.A.1.d.1,Memorization,LV,2.25,8,0.1637,1.9292,2.5708,N,N,07/2014,Analyst
39-2011.00,1.A.1.e.1,Speed of Closure,IM,2.62,8,0.183,2.2664,2.9836,N,,07/2014,Analyst
39-2011.00,1.A.1.e.1,Speed of Closure,LV,2.5,8,0.189,2.1296,2.8704,N,N,07/2014,Analyst
39-2011.00,1.A.1.e.2,Flexibility of Closure,IM,2.88,8,0.125,2.63,3.12,N,,07/2014,Analyst
39-2011.00,1.A.1.e.2,Flexibility of Closure,LV,2.75,8,0.1637,2.4292,3.0708,N,N,07/2014,Analyst
39-2011.00,1.A.1.e.3,Perceptual Speed,IM,2.88,8,0.125,2.63,3.12,N,,07/2014,Analyst
39-2011.00,1.A.1.e.3,Perceptual Speed,LV,2.38,8,0.183,2.0164,2.7336,N,N,07/2014,Analyst
39-2011.00,1.A.1.f.1,Spatial Orientation,IM,2.0,8,0.0,2.0,2.0,N,,07/2014,Analyst
39-2011.00,1.A.1.f.1,Spatial Orientation,LV,1.88,8,0.125,1.63,2.12,N,N,07/2014,Analyst
39-2011.00,1.A.1.f.2,Visualization,IM,2.62,8,0.183,2.2664,2.9836,N,,07/2014,Analyst
39-2011.00,1.A.1.f.2,Visualization,LV,2.5,8,0.189,2.1296,2.8704,N,N,07/2014,Analyst
39-2011.00,1.A.1.g.1,Selective Attention,IM,3.0,8,0.0,3.0,3.0,N,,07/2014,Analyst
39-2011.00,1.A.1.g.1,Selective Attention,LV,2.88,8,0.125,2.63,3.12,N,N,07/2014,Analyst
39-2011.00,1.A.1.g.2,Time Sharing,IM,2.75,8,0.1637,2.4292,3.0708,N,,07/2014,Analyst
39-2011.00,1.A.1.g.2,Time Sharing,LV,2.88,8,0.125,2.63,3.12,N,N,07/2014,Analyst
39-2011.00,1.A.2.a.1,Arm-Hand Steadiness,IM,2.88,8,0.125,2.63,3.12,N,,07/2014,Analyst
39-2011.00,1.A.2.a.1,Arm-Hand Steadiness,LV,2.75,8,0.1637,2.4292,3.0708,N,N,07/2014,Analyst
39-2011.00,1.A.2.a.2,Manual Dexterity,IM,3.0,8,0.0,3.0,3.0,N,,07/2014,Analyst
39-2011.00,1.A.2.a.2,Manual Dexterity,LV,2.88,8,0.125,2.63,3.12,N,N,07/2014,Analyst
39-2011.00,1.A.2.a.3,Finger Dexterity,IM,2.88,8,0.125,2.63,3.12,N,,07/2014,Analyst
39-2011.00,1.A.2.a.3,Finger Dexterity,LV,2.75,8,0.1637,2.4292,3.0708,N,N,07/2014,Analyst
39-2011.00,1.A.2.b.1,Control Precision,IM,2.75,8,0.1637,2.4292,3.0708,N,,07/2014,Analyst
39-2011.00,1.A.2.b.1,Control Precision,LV,2.75,8,0.1637,2.4292,3.0708,N,N,07/2014,Analyst
39-2011.00,1.A.2.b.2,Multilimb Coordination,IM,3.0,8,0.0,3.0,3.0,N,,07/2014,Analyst
39-2011.00,1.A.2.b.2,Multilimb Coordination,LV,3.0,8,0.0,3.0,3.0,N,N,07/2014,Analyst
39-2011.00,1.A.2.b.3,Response Orientation,IM,2.75,8,0.1637,2.4292,3.0708,N,,07/2014,Analyst
39-2011.00,1.A.2.b.3,Response Orientation,LV,2.5,8,0.189,2.1296,2.8704,N,N,07/2014,Analyst
39-2011.00,1.A.2.b.4,Rate Control,IM,2.25,8,0.25,1.76,2.74,N,,07/2014,Analyst
39-2011.00,1.A.2.b.4,Rate Control,LV,1.75,8,0.25,1.26,2.24,N,N,07/2014,Analyst
39-2011.00,1.A.2.c.1,Reaction Time,IM,2.62,8,0.183,2.2664,2.9836,N,,07/2014,Analyst
39-2011.00,1.A.2.c.1,Reaction Time,LV,2.38,8,0.183,2.0164,2.7336,N,N,07/2014,Analyst
39-2011.00,1.A.2.c.2,Wrist-Finger Speed,IM,2.12,8,0.125,1.88,2.37,N,,07/2014,Analyst
39-2011.00,1.A.2.c.2,Wrist-Finger Speed,LV,1.62,8,0.183,1.2664,1.9836,N,N,07/2014,Analyst
39-2011.00,1.A.2.c.3,Speed of Limb Movement,IM,2.5,8,0.189,2.1296,2.8704,N,,07/2014,Analyst
39-2011.00,1.A.2.c.3,Speed of Limb Movement,LV,2.25,8,0.1637,1.9292,2.5708,N,N,07/2014,Analyst
39-2011.00,1.A.3.a.1,Static Strength,IM,2.88,8,0.125,2.63,3.12,N,,07/2014,Analyst
39-2011.00,1.A.3.a.1,Static Strength,LV,3.0,8,0.0,3.0,3.0,N,N,07/2014,Analyst
39-2011.00,1.A.3.a.2,Explosive Strength,IM,1.38,8,0.183,1.0164,1.7336,N,,07/2014,Analyst
39-2011.00,1.A.3.a.2,Explosive Strength,LV,0.5,8,0.2673,0.0,1.0238,N,N,07/2014,Analyst
39-2011.00,1.A.3.a.3,Dynamic Strength,IM,2.62,8,0.183,2.2664,2.9836,N,,07/2014,Analyst
39-2011.00,1.A.3.a.3,Dynamic Strength,LV,2.75,8,0.1637,2.4292,3.0708,N,N,07/2014,Analyst
39-2011.00,1.A.3.a.4,Trunk Strength,IM,3.0,8,0.0,3.0,3.0,N,,07/2014,Analyst
39-2011.00,1.A.3.a.4,Trunk Strength,LV,3.0,8,0.0,3.0,3.0,N,N,07/2014,Analyst
39-2011.00,1.A.3.b.1,Stamina,IM,3.0,8,0.0,3.0,3.0,N,,07/2014,Analyst
39-2011.00,1.A.3.b.1,Stamina,LV,2.75,8,0.1637,2.4292,3.0708,N,N,07/2014,Analyst
39-2011.00,1.A.3.c.1,Extent Flexibility,IM,2.88,8,0.125,2.63,3.12,N,,07/2014,Analyst
39-2011.00,1.A.3.c.1,Extent Flexibility,LV,3.12,8,0.125,2.88,3.37,N,N,07/2014,Analyst
39-2011.00,1.A.3.c.2,Dynamic Flexibility,IM,1.12,8,0.125,1.0,1.37,N,,07/2014,Analyst
39-2011.00,1.A.3.c.2,Dynamic Flexibility,LV,0.25,8,0.25,0.0,0.74,N,Y,07/2014,Analyst
39-2011.00,1.A.3.c.3,Gross Body Coordination,IM,3.0,8,0.0,3.0,3.0,N,,07/2014,Analyst
39-2011.00,1.A.3.c.3,Gross Body Coordination,LV,2.88,8,0.125,2.63,3.12,N,N,07/2014,Analyst
39-2011.00,1.A.3.c.4,Gross Body Equilibrium,IM,2.12,8,0.125,1.88,2.37,N,,07/2014,Analyst
39-2011.00,1.A.3.c.4,Gross Body Equilibrium,LV,1.88,8,0.125,1.63,2.12,N,N,07/2014,Analyst
39-2011.00,1.A.4.a.1,Near Vision,IM,3.0,8,0.0,3.0,3.0,N,,07/2014,Analyst
39-2011.00,1.A.4.a.1,Near Vision,LV,3.12,8,0.125,2.88,3.37,N,N,07/2014,Analyst
39-2011.00,1.A.4.a.2,Far Vision,IM,3.0,8,0.0,3.0,3.0,N,,07/2014,Analyst
39-2011.00,1.A.4.a.2,Far Vision,LV,3.12,8,0.125,2.88,3.37,N,N,07/2014,Analyst
39-2011.00,1.A.4.a.3,Visual Color Discrimination,IM,2.38,8,0.2631,1.8594,2.8906,N,,07/2014,Analyst
39-2011.00,1.A.4.a.3,Visual Color Discrimination,LV,2.12,8,0.3504,1.4383,2.8117,N,N,07/2014,Analyst
39-2011.00,1.A.4.a.4,Night Vision,IM,1.75,8,0.1637,1.4292,2.0708,N,,07/2014,Analyst
39-2011.00,1.A.4.a.4,Night Vision,LV,1.5,8,0.3273,0.8584,2.1416,N,N,07/2014,Analyst
39-2011.00,1.A.4.a.5,Peripheral Vision,IM,2.0,8,0.0,2.0,2.0,N,,07/2014,Analyst
39-2011.00,1.A.4.a.5,Peripheral Vision,LV,1.88,8,0.125,1.63,2.12,N,N,07/2014,Analyst
39-2011.00,1.A.4.a.6,Depth Perception,IM,2.88,8,0.125,2.63,3.12,N,,07/2014,Analyst
39-2011.00,1.A.4.a.6,Depth Perception,LV,2.38,8,0.183,2.0164,2.7336,N,N,07/2014,Analyst
39-2011.00,1.A.4.a.7,Glare Sensitivity,IM,1.75,8,0.1637,1.4292,2.0708,N,,07/2014,Analyst
39-2011.00,1.A.4.a.7,Glare Sensitivity,LV,1.38,8,0.3239,0.7402,2.0098,N,N,07/2014,Analyst
39-2011.00,1.A.4.b.1,Hearing Sensitivity,IM,2.62,8,0.183,2.2664,2.9836,N,,07/2014,Analyst
39-2011.00,1.A.4.b.1,Hearing Sensitivity,LV,2.25,8,0.1637,1.9292,2.5708,N,N,07/2014,Analyst
39-2011.00,1.A.4.b.2,Auditory Attention,IM,2.62,8,0.183,2.2664,2.9836,N,,07/2014,Analyst
39-2011.00,1.A.4.b.2,Auditory Attention,LV,2.38,8,0.183,2.0164,2.7336,N,N,07/2014,Analyst
39-2011.00,1.A.4.b.3,Sound Localization,IM,2.0,8,0.0,2.0,2.0,N,,07/2014,Analyst
39-2011.00,1.A.4.b.3,Sound Localization,LV,1.75,8,0.1637,1.4292,2.0708,N,N,07/2014,Analyst
39-2011.00,1.A.4.b.4,Speech Recognition,IM,3.12,8,0.125,2.88,3.37,N,,07/2014,Analyst
39-2011.00,1.A.4.b.4,Speech Recognition,LV,2.88,8,0.125,2.63,3.12,N,N,07/2014,Analyst
39-2011.00,1.A.4.b.5,Speech Clarity,IM,3.25,8,0.1637,2.9292,3.5708,N,,07/2014,Analyst
39-2011.00,1.A.4.b.5,Speech Clarity,LV,3.0,8,0.189,2.6296,3.3704,N,N,07/2014,Analyst
39-2021.00,1.A.1.a.1,Oral Comprehension,IM,3.25,8,0.1637,2.9292,3.5708,N,,08/2019,Analyst
39-2021.00,1.A.1.a.1,Oral Comprehension,LV,3.25,8,0.1637,2.9292,3.5708,N,N,08/2019,Analyst
39-2021.00,1.A.1.a.2,Written Comprehension,IM,2.88,8,0.2266,2.4309,3.3191,N,,08/2019,Analyst
39-2021.00,1.A.1.a.2,Written Comprehension,LV,2.75,8,0.1637,2.4292,3.0708,N,N,08/2019,Analyst
39-2021.00,1.A.1.a.3,Oral Expression,IM,3.12,8,0.125,2.88,3.37,N,,08/2019,Analyst
39-2021.00,1.A.1.a.3,Oral Expression,LV,3.25,8,0.1637,2.9292,3.5708,N,N,08/2019,Analyst
39-2021.00,1.A.1.a.4,Written Expression,IM,2.5,8,0.189,2.1296,2.8704,N,,08/2019,Analyst
39-2021.00,1.A.1.a.4,Written Expression,LV,2.25,8,0.1637,1.9292,2.5708,N,N,08/2019,Analyst
39-2021.00,1.A.1.b.1,Fluency of Ideas,IM,2.12,8,0.125,1.88,2.37,N,,08/2019,Analyst
39-2021.00,1.A.1.b.1,Fluency of Ideas,LV,1.75,8,0.1637,1.4292,2.0708,N,N,08/2019,Analyst
39-2021.00,1.A.1.b.2,Originality,IM,2.0,8,0.0,2.0,2.0,N,,08/2019,Analyst
39-2021.00,1.A.1.b.2,Originality,LV,1.88,8,0.125,1.63,2.12,N,N,08/2019,Analyst
39-2021.00,1.A.1.b.3,Problem Sensitivity,IM,3.12,8,0.125,2.88,3.37,N,,08/2019,Analyst
39-2021.00,1.A.1.b.3,Problem Sensitivity,LV,3.25,8,0.25,2.76,3.74,N,N,08/2019,Analyst
39-2021.00,1.A.1.b.4,Deductive Reasoning,IM,3.0,8,0.0,3.0,3.0,N,,08/2019,Analyst
39-2021.00,1.A.1.b.4,Deductive Reasoning,LV,3.0,8,0.189,2.6296,3.3704,N,N,08/2019,Analyst
39-2021.00,1.A.1.b.5,Inductive Reasoning,IM,3.0,8,0.0,3.0,3.0,N,,08/2019,Analyst
39-2021.00,1.A.1.b.5,Inductive Reasoning,LV,2.88,8,0.125,2.63,3.12,N,N,08/2019,Analyst
39-2021.00,1.A.1.b.6,Information Ordering,IM,3.12,8,0.125,2.88,3.37,N,,08/2019,Analyst
39-2021.00,1.A.1.b.6,Information Ordering,LV,2.75,8,0.1637,2.4292,3.0708,N,N,08/2019,Analyst
39-2021.00,1.A.1.b.7,Category Flexibility,IM,2.62,8,0.183,2.2664,2.9836,N,,08/2019,Analyst
39-2021.00,1.A.1.b.7,Category Flexibility,LV,2.62,8,0.183,2.2664,2.9836,N,N,08/2019,Analyst
39-2021.00,1.A.1.c.1,Mathematical Reasoning,IM,2.0,8,0.0,2.0,2.0,N,,08/2019,Analyst
39-2021.00,1.A.1.c.1,Mathematical Reasoning,LV,1.5,8,0.189,1.1296,1.8704,N,N,08/2019,Analyst
39-2021.00,1.A.1.c.2,Number Facility,IM,2.0,8,0.0,2.0,2.0,N,,08/2019,Analyst
39-2021.00,1.A.1.c.2,Number Facility,LV,1.75,8,0.1637,1.4292,2.0708,N,N,08/2019,Analyst
39-2021.00,1.A.1.d.1,Memorization,IM,2.12,8,0.125,1.88,2.37,N,,08/2019,Analyst
39-2021.00,1.A.1.d.1,Memorization,LV,2.0,8,0.0,2.0,2.0,N,N,08/2019,Analyst
39-2021.00,1.A.1.e.1,Speed of Closure,IM,2.0,8,0.0,2.0,2.0,N,,08/2019,Analyst
39-2021.00,1.A.1.e.1,Speed of Closure,LV,2.0,8,0.0,2.0,2.0,N,N,08/2019,Analyst
39-2021.00,1.A.1.e.2,Flexibility of Closure,IM,2.62,8,0.183,2.2664,2.9836,N,,08/2019,Analyst
39-2021.00,1.A.1.e.2,Flexibility of Closure,LV,2.12,8,0.125,1.88,2.37,N,N,08/2019,Analyst
39-2021.00,1.A.1.e.3,Perceptual Speed,IM,2.12,8,0.125,1.88,2.37,N,,08/2019,Analyst
39-2021.00,1.A.1.e.3,Perceptual Speed,LV,2.12,8,0.125,1.88,2.37,N,N,08/2019,Analyst
39-2021.00,1.A.1.f.1,Spatial Orientation,IM,1.5,8,0.189,1.1296,1.8704,N,,08/2019,Analyst
39-2021.00,1.A.1.f.1,Spatial Orientation,LV,0.5,8,0.189,0.1296,0.8704,N,N,08/2019,Analyst
39-2021.00,1.A.1.f.2,Visualization,IM,2.0,8,0.0,2.0,2.0,N,,08/2019,Analyst
39-2021.00,1.A.1.f.2,Visualization,LV,2.0,8,0.0,2.0,2.0,N,N,08/2019,Analyst
39-2021.00,1.A.1.g.1,Selective Attention,IM,2.62,8,0.183,2.2664,2.9836,N,,08/2019,Analyst
39-2021.00,1.A.1.g.1,Selective Attention,LV,2.38,8,0.183,2.0164,2.7336,N,N,08/2019,Analyst
39-2021.00,1.A.1.g.2,Time Sharing,IM,2.12,8,0.125,1.88,2.37,N,,08/2019,Analyst
39-2021.00,1.A.1.g.2,Time Sharing,LV,2.12,8,0.125,1.88,2.37,N,N,08/2019,Analyst
39-2021.00,1.A.2.a.1,Arm-Hand Steadiness,IM,2.88,8,0.125,2.63,3.12,N,,08/2019,Analyst
39-2021.00,1.A.2.a.1,Arm-Hand Steadiness,LV,2.75,8,0.1637,2.4292,3.0708,N,N,08/2019,Analyst
39-2021.00,1.A.2.a.2,Manual Dexterity,IM,2.75,8,0.1637,2.4292,3.0708,N,,08/2019,Analyst
39-2021.00,1.A.2.a.2,Manual Dexterity,LV,2.25,8,0.1637,1.9292,2.5708,N,N,08/2019,Analyst
39-2021.00,1.A.2.a.3,Finger Dexterity,IM,2.62,8,0.183,2.2664,2.9836,N,,08/2019,Analyst
39-2021.00,1.A.2.a.3,Finger Dexterity,LV,2.38,8,0.183,2.0164,2.7336,N,N,08/2019,Analyst
39-2021.00,1.A.2.b.1,Control Precision,IM,2.0,8,0.189,1.6296,2.3704,N,,08/2019,Analyst
39-2021.00,1.A.2.b.1,Control Precision,LV,1.88,8,0.295,1.2967,2.4533,N,N,08/2019,Analyst
39-2021.00,1.A.2.b.2,Multilimb Coordination,IM,2.25,8,0.1637,1.9292,2.5708,N,,08/2019,Analyst
39-2021.00,1.A.2.b.2,Multilimb Coordination,LV,2.12,8,0.125,1.88,2.37,N,N,08/2019,Analyst
39-2021.00,1.A.2.b.3,Response Orientation,IM,1.62,8,0.183,1.2664,1.9836,N,,08/2019,Analyst
39-2021.00,1.A.2.b.3,Response Orientation,LV,0.75,8,0.25,0.26,1.24,N,N,08/2019,Analyst
39-2021.00,1.A.2.b.4,Rate Control,IM,1.0,8,0.0,1.0,1.0,N,,08/2019,Analyst
39-2021.00,1.A.2.b.4,Rate Control,LV,0.0,8,0.0,0.0,0.0,N,Y,08/2019,Analyst
39-2021.00,1.A.2.c.1,Reaction Time,IM,1.5,8,0.189,1.1296,1.8704,N,,08/2019,Analyst
39-2021.00,1.A.2.c.1,Reaction Time,LV,0.62,8,0.2631,0.1094,1.1406,N,N,08/2019,Analyst
39-2021.00,1.A.2.c.2,Wrist-Finger Speed,IM,1.38,8,0.183,1.0164,1.7336,N,,08/2019,Analyst
39-2021.00,1.A.2.c.2,Wrist-Finger Speed,LV,0.5,8,0.2673,0.0,1.0238,N,N,08/2019,Analyst
39-2021.00,1.A.2.c.3,Speed of Limb Movement,IM,1.88,8,0.2266,1.4309,2.3191,N,,08/2019,Analyst
39-2021.00,1.A.2.c.3,Speed of Limb Movement,LV,1.38,8,0.375,0.64,2.11,N,N,08/2019,Analyst
39-2021.00,1.A.3.a.1,Static Strength,IM,3.12,8,0.125,2.88,3.37,N,,08/2019,Analyst
39-2021.00,1.A.3.a.1,Static Strength,LV,3.12,8,0.125,2.88,3.37,N,N,08/2019,Analyst
39-2021.00,1.A.3.a.2,Explosive Strength,IM,1.5,8,0.189,1.1296,1.8704,N,,08/2019,Analyst
39-2021.00,1.A.3.a.2,Explosive Strength,LV,0.62,8,0.2631,0.1094,1.1406,N,N,08/2019,Analyst
39-2021.00,1.A.3.a.3,Dynamic Strength,IM,2.12,8,0.125,1.88,2.37,N,,08/2019,Analyst
39-2021.00,1.A.3.a.3,Dynamic Strength,LV,2.12,8,0.125,1.88,2.37,N,N,08/2019,Analyst
39-2021.00,1.A.3.a.4,Trunk Strength,IM,3.0,8,0.189,2.6296,3.3704,N,,08/2019,Analyst
39-2021.00,1.A.3.a.4,Trunk Strength,LV,3.0,8,0.189,2.6296,3.3704,N,N,08/2019,Analyst
39-2021.00,1.A.3.b.1,Stamina,IM,2.75,8,0.25,2.26,3.24,N,,08/2019,Analyst
39-2021.00,1.A.3.b.1,Stamina,LV,2.25,8,0.25,1.76,2.74,N,N,08/2019,Analyst
39-2021.00,1.A.3.c.1,Extent Flexibility,IM,2.88,8,0.2266,2.4309,3.3191,N,,08/2019,Analyst
39-2021.00,1.A.3.c.1,Extent Flexibility,LV,3.0,8,0.189,2.6296,3.3704,N,N,08/2019,Analyst
39-2021.00,1.A.3.c.2,Dynamic Flexibility,IM,1.25,8,0.1637,1.0,1.5708,N,,08/2019,Analyst
39-2021.00,1.A.3.c.2,Dynamic Flexibility,LV,0.38,8,0.2631,0.0,0.8906,N,Y,08/2019,Analyst
39-2021.00,1.A.3.c.3,Gross Body Coordination,IM,2.12,8,0.125,1.88,2.37,N,,08/2019,Analyst
39-2021.00,1.A.3.c.3,Gross Body Coordination,LV,2.0,8,0.189,1.6296,2.3704,N,N,08/2019,Analyst
39-2021.00,1.A.3.c.4,Gross Body Equilibrium,IM,1.88,8,0.125,1.63,2.12,N,,08/2019,Analyst
39-2021.00,1.A.3.c.4,Gross Body Equilibrium,LV,1.25,8,0.25,0.76,1.74,N,N,08/2019,Analyst
39-2021.00,1.A.4.a.1,Near Vision,IM,3.12,8,0.125,2.88,3.37,N,,08/2019,Analyst
39-2021.00,1.A.4.a.1,Near Vision,LV,3.0,8,0.0,3.0,3.0,N,N,08/2019,Analyst
39-2021.00,1.A.4.a.2,Far Vision,IM,2.88,8,0.125,2.63,3.12,N,,08/2019,Analyst
39-2021.00,1.A.4.a.2,Far Vision,LV,2.62,8,0.183,2.2664,2.9836,N,N,08/2019,Analyst
39-2021.00,1.A.4.a.3,Visual Color Discrimination,IM,2.0,8,0.0,2.0,2.0,N,,08/2019,Analyst
39-2021.00,1.A.4.a.3,Visual Color Discrimination,LV,2.0,8,0.0,2.0,2.0,N,N,08/2019,Analyst
39-2021.00,1.A.4.a.4,Night Vision,IM,1.0,8,0.0,1.0,1.0,N,,08/2019,Analyst
39-2021.00,1.A.4.a.4,Night Vision,LV,0.0,8,0.0,0.0,0.0,N,Y,08/2019,Analyst
39-2021.00,1.A.4.a.5,Peripheral Vision,IM,1.12,8,0.125,1.0,1.37,N,,08/2019,Analyst
39-2021.00,1.A.4.a.5,Peripheral Vision,LV,0.12,8,0.125,0.0,0.37,N,Y,08/2019,Analyst
39-2021.00,1.A.4.a.6,Depth Perception,IM,2.0,8,0.0,2.0,2.0,N,,08/2019,Analyst
39-2021.00,1.A.4.a.6,Depth Perception,LV,1.5,8,0.189,1.1296,1.8704,N,N,08/2019,Analyst
39-2021.00,1.A.4.a.7,Glare Sensitivity,IM,1.0,8,0.0,1.0,1.0,N,,08/2019,Analyst
39-2021.00,1.A.4.a.7,Glare Sensitivity,LV,0.0,8,0.0,0.0,0.0,N,Y,08/2019,Analyst
39-2021.00,1.A.4.b.1,Hearing Sensitivity,IM,1.88,8,0.125,1.63,2.12,N,,08/2019,Analyst
39-2021.00,1.A.4.b.1,Hearing Sensitivity,LV,1.62,8,0.2631,1.1094,2.1406,N,N,08/2019,Analyst
39-2021.00,1.A.4.b.2,Auditory Attention,IM,2.38,8,0.183,2.0164,2.7336,N,,08/2019,Analyst
39-2021.00,1.A.4.b.2,Auditory Attention,LV,2.12,8,0.125,1.88,2.37,N,N,08/2019,Analyst
39-2021.00,1.A.4.b.3,Sound Localization,IM,1.75,8,0.1637,1.4292,2.0708,N,,08/2019,Analyst
39-2021.00,1.A.4.b.3,Sound Localization,LV,0.75,8,0.1637,0.4292,1.0708,N,N,08/2019,Analyst
39-2021.00,1.A.4.b.4,Speech Recognition,IM,3.0,8,0.0,3.0,3.0,N,,08/2019,Analyst
39-2021.00,1.A.4.b.4,Speech Recognition,LV,3.0,8,0.0,3.0,3.0,N,N,08/2019,Analyst
39-2021.00,1.A.4.b.5,Speech Clarity,IM,3.0,8,0.0,3.0,3.0,N,,08/2019,Analyst
39-2021.00,1.A.4.b.5,Speech Clarity,LV,2.88,8,0.125,2.63,3.12,N,N,08/2019,Analyst
39-3011.00,1.A.1.a.1,Oral Comprehension,IM,3.75,8,0.1637,3.4292,4.0708,N,,08/2019,Analyst
39-3011.00,1.A.1.a.1,Oral Comprehension,LV,3.75,8,0.1637,3.4292,4.0708,N,N,08/2019,Analyst
39-3011.00,1.A.1.a.2,Written Comprehension,IM,2.62,8,0.183,2.2664,2.9836,N,,08/2019,Analyst
39-3011.00,1.A.1.a.2,Written Comprehension,LV,2.88,8,0.125,2.63,3.12,N,N,08/2019,Analyst
39-3011.00,1.A.1.a.3,Oral Expression,IM,3.75,8,0.1637,3.4292,4.0708,N,,08/2019,Analyst
39-3011.00,1.A.1.a.3,Oral Expression,LV,3.75,8,0.1637,3.4292,4.0708,N,N,08/2019,Analyst
39-3011.00,1.A.1.a.4,Written Expression,IM,2.25,8,0.25,1.76,2.74,N,,08/2019,Analyst
39-3011.00,1.A.1.a.4,Written Expression,LV,1.88,8,0.295,1.2967,2.4533,N,N,08/2019,Analyst
39-3011.00,1.A.1.b.1,Fluency of Ideas,IM,2.12,8,0.2266,1.6809,2.5691,N,,08/2019,Analyst
39-3011.00,1.A.1.b.1,Fluency of Ideas,LV,1.88,8,0.295,1.2967,2.4533,N,N,08/2019,Analyst
39-3011.00,1.A.1.b.2,Originality,IM,2.12,8,0.2266,1.6809,2.5691,N,,08/2019,Analyst
39-3011.00,1.A.1.b.2,Originality,LV,1.75,8,0.25,1.26,2.24,N,N,08/2019,Analyst
39-3011.00,1.A.1.b.3,Problem Sensitivity,IM,3.25,8,0.1637,2.9292,3.5708,N,,08/2019,Analyst
39-3011.00,1.A.1.b.3,Problem Sensitivity,LV,3.12,8,0.125,2.88,3.37,N,N,08/2019,Analyst
39-3011.00,1.A.1.b.4,Deductive Reasoning,IM,3.12,8,0.125,2.88,3.37,N,,08/2019,Analyst
39-3011.00,1.A.1.b.4,Deductive Reasoning,LV,3.0,8,0.0,3.0,3.0,N,N,08/2019,Analyst
39-3011.00,1.A.1.b.5,Inductive Reasoning,IM,2.88,8,0.125,2.63,3.12,N,,08/2019,Analyst
39-3011.00,1.A.1.b.5,Inductive Reasoning,LV,2.88,8,0.125,2.63,3.12,N,N,08/2019,Analyst
39-3011.00,1.A.1.b.6,Information Ordering,IM,3.12,8,0.125,2.88,3.37,N,,08/2019,Analyst
39-3011.00,1.A.1.b.6,Information Ordering,LV,3.12,8,0.125,2.88,3.37,N,N,08/2019,Analyst
39-3011.00,1.A.1.b.7,Category Flexibility,IM,2.75,8,0.1637,2.4292,3.0708,N,,08/2019,Analyst
39-3011.00,1.A.1.b.7,Category Flexibility,LV,2.75,8,0.1637,2.4292,3.0708,N,N,08/2019,Analyst
39-3011.00,1.A.1.c.1,Mathematical Reasoning,IM,2.88,8,0.125,2.63,3.12,N,,08/2019,Analyst
39-3011.00,1.A.1.c.1,Mathematical Reasoning,LV,2.0,8,0.0,2.0,2.0,N,N,08/2019,Analyst
39-3011.00,1.A.1.c.2,Number Facility,IM,2.88,8,0.2266,2.4309,3.3191,N,,08/2019,Analyst
39-3011.00,1.A.1.c.2,Number Facility,LV,2.75,8,0.1637,2.4292,3.0708,N,N,08/2019,Analyst
39-3011.00,1.A.1.d.1,Memorization,IM,2.25,8,0.1637,1.9292,2.5708,N,,08/2019,Analyst
39-3011.00,1.A.1.d.1,Memorization,LV,2.25,8,0.1637,1.9292,2.5708,N,N,08/2019,Analyst
39-3011.00,1.A.1.e.1,Speed of Closure,IM,2.75,8,0.1637,2.4292,3.0708,N,,08/2019,Analyst
39-3011.00,1.A.1.e.1,Speed of Closure,LV,2.75,8,0.1637,2.4292,3.0708,N,N,08/2019,Analyst
39-3011.00,1.A.1.e.2,Flexibility of Closure,IM,2.75,8,0.1637,2.4292,3.0708,N,,08/2019,Analyst
39-3011.00,1.A.1.e.2,Flexibility of Closure,LV,2.75,8,0.1637,2.4292,3.0708,N,N,08/2019,Analyst
39-3011.00,1.A.1.e.3,Perceptual Speed,IM,2.88,8,0.2266,2.4309,3.3191,N,,08/2019,Analyst
39-3011.00,1.A.1.e.3,Perceptual Speed,LV,2.88,8,0.2266,2.4309,3.3191,N,N,08/2019,Analyst
39-3011.00,1.A.1.f.1,Spatial Orientation,IM,1.12,8,0.125,1.0,1.37,N,,08/2019,Analyst
39-3011.00,1.A.1.f.1,Spatial Orientation,LV,0.12,8,0.125,0.0,0.37,N,Y,08/2019,Analyst
39-3011.00,1.A.1.f.2,Visualization,IM,2.38,8,0.183,2.0164,2.7336,N,,08/2019,Analyst
39-3011.00,1.A.1.f.2,Visualization,LV,2.12,8,0.2266,1.6809,2.5691,N,N,08/2019,Analyst
39-3011.00,1.A.1.g.1,Selective Attention,IM,3.0,8,0.189,2.6296,3.3704,N,,08/2019,Analyst
39-3011.00,1.A.1.g.1,Selective Attention,LV,3.0,8,0.189,2.6296,3.3704,N,N,08/2019,Analyst
39-3011.00,1.A.1.g.2,Time Sharing,IM,2.75,8,0.1637,2.4292,3.0708,N,,08/2019,Analyst
39-3011.00,1.A.1.g.2,Time Sharing,LV,2.62,8,0.183,2.2664,2.9836,N,N,08/2019,Analyst
39-3011.00,1.A.2.a.1,Arm-Hand Steadiness,IM,2.88,8,0.125,2.63,3.12,N,,08/2019,Analyst
39-3011.00,1.A.2.a.1,Arm-Hand Steadiness,LV,2.5,8,0.189,2.1296,2.8704,N,N,08/2019,Analyst
39-3011.00,1.A.2.a.2,Manual Dexterity,IM,3.0,8,0.189,2.6296,3.3704,N,,08/2019,Analyst
39-3011.00,1.A.2.a.2,Manual Dexterity,LV,2.75,8,0.1637,2.4292,3.0708,N,N,08/2019,Analyst
39-3011.00,1.A.2.a.3,Finger Dexterity,IM,3.12,8,0.2266,2.6809,3.5691,N,,08/2019,Analyst
39-3011.00,1.A.2.a.3,Finger Dexterity,LV,2.88,8,0.125,2.63,3.12,N,N,08/2019,Analyst
39-3011.00,1.A.2.b.1,Control Precision,IM,2.12,8,0.2266,1.6809,2.5691,N,,08/2019,Analyst
39-3011.00,1.A.2.b.1,Control Precision,LV,1.75,8,0.25,1.26,2.24,N,N,08/2019,Analyst
39-3011.00,1.A.2.b.2,Multilimb Coordination,IM,2.12,8,0.125,1.88,2.37,N,,08/2019,Analyst
39-3011.00,1.A.2.b.2,Multilimb Coordination,LV,2.0,8,0.0,2.0,2.0,N,N,08/2019,Analyst
39-3011.00,1.A.2.b.3,Response Orientation,IM,1.38,8,0.183,1.0164,1.7336,N,,08/2019,Analyst
39-3011.00,1.A.2.b.3,Response Orientation,LV,0.5,8,0.2673,0.0,1.0238,N,N,08/2019,Analyst
39-3011.00,1.A.2.b.4,Rate Control,IM,1.0,8,0.0,1.0,1.0,N,,08/2019,Analyst
39-3011.00,1.A.2.b.4,Rate Control,LV,0.0,8,0.0,0.0,0.0,N,Y,08/2019,Analyst
39-3011.00,1.A.2.c.1,Reaction Time,IM,1.25,8,0.1637,1.0,1.5708,N,,08/2019,Analyst
39-3011.00,1.A.2.c.1,Reaction Time,LV,0.25,8,0.1637,0.0,0.5708,N,Y,08/2019,Analyst
39-3011.00,1.A.2.c.2,Wrist-Finger Speed,IM,2.0,8,0.189,1.6296,2.3704,N,,08/2019,Analyst
39-3011.00,1.A.2.c.2,Wrist-Finger Speed,LV,1.25,8,0.25,0.76,1.74,N,N,08/2019,Analyst
39-3011.00,1.A.2.c.3,Speed of Limb Movement,IM,1.12,8,0.125,1.0,1.37,N,,08/2019,Analyst
39-3011.00,1.A.2.c.3,Speed of Limb Movement,LV,0.12,8,0.125,0.0,0.37,N,Y,08/2019,Analyst
39-3011.00,1.A.3.a.1,Static Strength,IM,1.88,8,0.125,1.63,2.12,N,,08/2019,Analyst
39-3011.00,1.A.3.a.1,Static Strength,LV,1.25,8,0.25,0.76,1.74,N,N,08/2019,Analyst
39-3011.00,1.A.3.a.2,Explosive Strength,IM,1.12,8,0.125,1.0,1.37,N,,08/2019,Analyst
39-3011.00,1.A.3.a.2,Explosive Strength,LV,0.12,8,0.125,0.0,0.37,N,Y,08/2019,Analyst
39-3011.00,1.A.3.a.3,Dynamic Strength,IM,2.0,8,0.189,1.6296,2.3704,N,,08/2019,Analyst
39-3011.00,1.A.3.a.3,Dynamic Strength,LV,1.12,8,0.2266,0.6809,1.5691,N,N,08/2019,Analyst
39-3011.00,1.A.3.a.4,Trunk Strength,IM,2.75,8,0.25,2.26,3.24,N,,08/2019,Analyst
39-3011.00,1.A.3.a.4,Trunk Strength,LV,2.25,8,0.1637,1.9292,2.5708,N,N,08/2019,Analyst
39-3011.00,1.A.3.b.1,Stamina,IM,2.0,8,0.0,2.0,2.0,N,,08/2019,Analyst
39-3011.00,1.A.3.b.1,Stamina,LV,1.62,8,0.183,1.2664,1.9836,N,N,08/2019,Analyst
39-3011.00,1.A.3.c.1,Extent Flexibility,IM,2.12,8,0.125,1.88,2.37,N,,08/2019,Analyst
39-3011.00,1.A.3.c.1,Extent Flexibility,LV,2.0,8,0.189,1.6296,2.3704,N,N,08/2019,Analyst
39-3011.00,1.A.3.c.2,Dynamic Flexibility,IM,1.38,8,0.183,1.0164,1.7336,N,,08/2019,Analyst
39-3011.00,1.A.3.c.2,Dynamic Flexibility,LV,0.38,8,0.183,0.0164,0.7336,N,N,08/2019,Analyst
39-3011.00,1.A.3.c.3,Gross Body Coordination,IM,1.88,8,0.125,1.63,2.12,N,,08/2019,Analyst
39-3011.00,1.A.3.c.3,Gross Body Coordination,LV,0.88,8,0.125,0.63,1.12,N,N,08/2019,Analyst
39-3011.00,1.A.3.c.4,Gross Body Equilibrium,IM,1.75,8,0.1637,1.4292,2.0708,N,,08/2019,Analyst
39-3011.00,1.A.3.c.4,Gross Body Equilibrium,LV,0.75,8,0.1637,0.4292,1.0708,N,N,08/2019,Analyst
39-3011.00,1.A.4.a.1,Near Vision,IM,3.38,8,0.2631,2.8594,3.8906,N,,08/2019,Analyst
39-3011.00,1.A.4.a.1,Near Vision,LV,3.25,8,0.25,2.76,3.74,N,N,08/2019,Analyst
39-3011.00,1.A.4.a.2,Far Vision,IM,2.88,8,0.2266,2.4309,3.3191,N,,08/2019,Analyst
39-3011.00,1.A.4.a.2,Far Vision,LV,2.75,8,0.1637,2.4292,3.0708,N,N,08/2019,Analyst
39-3011.00,1.A.4.a.3,Visual Color Discrimination,IM,2.62,8,0.183,2.2664,2.9836,N,,08/2019,Analyst
39-3011.00,1.A.4.a.3,Visual Color Discrimination,LV,2.12,8,0.125,1.88,2.37,N,N,08/2019,Analyst
39-3011.00,1.A.4.a.4,Night Vision,IM,1.0,8,0.0,1.0,1.0,N,,08/2019,Analyst
39-3011.00,1.A.4.a.4,Night Vision,LV,0.0,8,0.0,0.0,0.0,N,Y,08/2019,Analyst
39-3011.00,1.A.4.a.5,Peripheral Vision,IM,1.25,8,0.1637,1.0,1.5708,N,,08/2019,Analyst
39-3011.00,1.A.4.a.5,Peripheral Vision,LV,0.38,8,0.2631,0.0,0.8906,N,Y,08/2019,Analyst
39-3011.00,1.A.4.a.6,Depth Perception,IM,1.88,8,0.2266,1.4309,2.3191,N,,08/2019,Analyst
39-3011.00,1.A.4.a.6,Depth Perception,LV,0.88,8,0.2266,0.4309,1.3191,N,N,08/2019,Analyst
39-3011.00,1.A.4.a.7,Glare Sensitivity,IM,1.0,8,0.0,1.0,1.0,N,,08/2019,Analyst
39-3011.00,1.A.4.a.7,Glare Sensitivity,LV,0.0,8,0.0,0.0,0.0,N,Y,08/2019,Analyst
39-3011.00,1.A.4.b.1,Hearing Sensitivity,IM,1.88,8,0.125,1.63,2.12,N,,08/2019,Analyst
39-3011.00,1.A.4.b.1,Hearing Sensitivity,LV,1.75,8,0.25,1.26,2.24,N,N,08/2019,Analyst
39-3011.00,1.A.4.b.2,Auditory Attention,IM,2.62,8,0.183,2.2664,2.9836,N,,08/2019,Analyst
39-3011.00,1.A.4.b.2,Auditory Attention,LV,2.25,8,0.1637,1.9292,2.5708,N,N,08/2019,Analyst
39-3011.00,1.A.4.b.3,Sound Localization,IM,1.12,8,0.125,1.0,1.37,N,,08/2019,Analyst
39-3011.00,1.A.4.b.3,Sound Localization,LV,0.12,8,0.125,0.0,0.37,N,Y,08/2019,Analyst
39-3011.00,1.A.4.b.4,Speech Recognition,IM,3.5,8,0.189,3.1296,3.8704,N,,08/2019,Analyst
39-3011.00,1.A.4.b.4,Speech Recognition,LV,3.0,8,0.189,2.6296,3.3704,N,N,08/2019,Analyst
39-3011.00,1.A.4.b.5,Speech Clarity,IM,3.5,8,0.189,3.1296,3.8704,N,,08/2019,Analyst
39-3011.00,1.A.4.b.5,Speech Clarity,LV,3.0,8,0.189,2.6296,3.3704,N,N,08/2019,Analyst
39-3012.00,1.A.1.a.1,Oral Comprehension,IM,4.0,8,0.0,4.0,4.0,N,,07/2014,Analyst
39-3012.00,1.A.1.a.1,Oral Comprehension,LV,3.88,8,0.125,3.63,4.12,N,N,07/2014,Analyst
39-3012.00,1.A.1.a.2,Written Comprehension,IM,3.0,8,0.189,2.6296,3.3704,N,,07/2014,Analyst
39-3012.00,1.A.1.a.2,Written Comprehension,LV,3.12,8,0.125,2.88,3.37,N,N,07/2014,Analyst
39-3012.00,1.A.1.a.3,Oral Expression,IM,3.75,8,0.1637,3.4292,4.0708,N,,07/2014,Analyst
39-3012.00,1.A.1.a.3,Oral Expression,LV,3.88,8,0.125,3.63,4.12,N,N,07/2014,Analyst
39-3012.00,1.A.1.a.4,Written Expression,IM,3.0,8,0.189,2.6296,3.3704,N,,07/2014,Analyst
39-3012.00,1.A.1.a.4,Written Expression,LV,2.75,8,0.1637,2.4292,3.0708,N,N,07/2014,Analyst
39-3012.00,1.A.1.b.1,Fluency of Ideas,IM,2.12,8,0.2266,1.6809,2.5691,N,,07/2014,Analyst
39-3012.00,1.A.1.b.1,Fluency of Ideas,LV,2.12,8,0.3504,1.4383,2.8117,N,N,07/2014,Analyst
39-3012.00,1.A.1.b.2,Originality,IM,2.0,8,0.189,1.6296,2.3704,N,,07/2014,Analyst
39-3012.00,1.A.1.b.2,Originality,LV,1.75,8,0.25,1.26,2.24,N,N,07/2014,Analyst
39-3012.00,1.A.1.b.3,Problem Sensitivity,IM,3.38,8,0.183,3.0164,3.7336,N,,07/2014,Analyst
39-3012.00,1.A.1.b.3,Problem Sensitivity,LV,2.88,8,0.125,2.63,3.12,N,N,07/2014,Analyst
39-3012.00,1.A.1.b.4,Deductive Reasoning,IM,3.12,8,0.125,2.88,3.37,N,,07/2014,Analyst
39-3012.00,1.A.1.b.4,Deductive Reasoning,LV,3.12,8,0.125,2.88,3.37,N,N,07/2014,Analyst
39-3012.00,1.A.1.b.5,Inductive Reasoning,IM,3.0,8,0.0,3.0,3.0,N,,07/2014,Analyst
39-3012.00,1.A.1.b.5,Inductive Reasoning,LV,2.75,8,0.1637,2.4292,3.0708,N,N,07/2014,Analyst
39-3012.00,1.A.1.b.6,Information Ordering,IM,3.25,8,0.1637,2.9292,3.5708,N,,07/2014,Analyst
39-3012.00,1.A.1.b.6,Information Ordering,LV,3.12,8,0.125,2.88,3.37,N,N,07/2014,Analyst
39-3012.00,1.A.1.b.7,Category Flexibility,IM,2.62,8,0.183,2.2664,2.9836,N,,07/2014,Analyst
39-3012.00,1.A.1.b.7,Category Flexibility,LV,2.75,8,0.1637,2.4292,3.0708,N,N,07/2014,Analyst
39-3012.00,1.A.1.c.1,Mathematical Reasoning,IM,3.0,8,0.0,3.0,3.0,N,,07/2014,Analyst
39-3012.00,1.A.1.c.1,Mathematical Reasoning,LV,2.38,8,0.183,2.0164,2.7336,N,N,07/2014,Analyst
39-3012.00,1.A.1.c.2,Number Facility,IM,3.0,8,0.0,3.0,3.0,N,,07/2014,Analyst
39-3012.00,1.A.1.c.2,Number Facility,LV,2.62,8,0.183,2.2664,2.9836,N,N,07/2014,Analyst
39-3012.00,1.A.1.d.1,Memorization,IM,2.25,8,0.1637,1.9292,2.5708,N,,07/2014,Analyst
39-3012.00,1.A.1.d.1,Memorization,LV,2.25,8,0.1637,1.9292,2.5708,N,N,07/2014,Analyst
39-3012.00,1.A.1.e.1,Speed of Closure,IM,2.38,8,0.183,2.0164,2.7336,N,,07/2014,Analyst
39-3012.00,1.A.1.e.1,Speed of Closure,LV,2.12,8,0.125,1.88,2.37,N,N,07/2014,Analyst
39-3012.00,1.A.1.e.2,Flexibility of Closure,IM,2.38,8,0.183,2.0164,2.7336,N,,07/2014,Analyst
39-3012.00,1.A.1.e.2,Flexibility of Closure,LV,2.38,8,0.183,2.0164,2.7336,N,N,07/2014,Analyst
39-3012.00,1.A.1.e.3,Perceptual Speed,IM,2.75,8,0.1637,2.4292,3.0708,N,,07/2014,Analyst
39-3012.00,1.A.1.e.3,Perceptual Speed,LV,2.75,8,0.25,2.26,3.24,N,N,07/2014,Analyst
39-3012.00,1.A.1.f.1,Spatial Orientation,IM,1.12,8,0.125,1.0,1.37,N,,07/2014,Analyst
39-3012.00,1.A.1.f.1,Spatial Orientation,LV,0.12,8,0.125,0.0,0.37,N,Y,07/2014,Analyst
39-3012.00,1.A.1.f.2,Visualization,IM,2.0,8,0.0,2.0,2.0,N,,07/2014,Analyst
39-3012.00,1.A.1.f.2,Visualization,LV,2.12,8,0.125,1.88,2.37,N,N,07/2014,Analyst
39-3012.00,1.A.1.g.1,Selective Attention,IM,2.88,8,0.2266,2.4309,3.3191,N,,07/2014,Analyst
39-3012.00,1.A.1.g.1,Selective Attention,LV,3.0,8,0.189,2.6296,3.3704,N,N,07/2014,Analyst
39-3012.00,1.A.1.g.2,Time Sharing,IM,2.88,8,0.125,2.63,3.12,N,,07/2014,Analyst
39-3012.00,1.A.1.g.2,Time Sharing,LV,2.75,8,0.1637,2.4292,3.0708,N,N,07/2014,Analyst
39-3012.00,1.A.2.a.1,Arm-Hand Steadiness,IM,2.38,8,0.183,2.0164,2.7336,N,,07/2014,Analyst
39-3012.00,1.A.2.a.1,Arm-Hand Steadiness,LV,2.0,8,0.0,2.0,2.0,N,N,07/2014,Analyst
39-3012.00,1.A.2.a.2,Manual Dexterity,IM,2.62,8,0.183,2.2664,2.9836,N,,07/2014,Analyst
39-3012.00,1.A.2.a.2,Manual Dexterity,LV,2.12,8,0.125,1.88,2.37,N,N,07/2014,Analyst
39-3012.00,1.A.2.a.3,Finger Dexterity,IM,2.75,8,0.1637,2.4292,3.0708,N,,07/2014,Analyst
39-3012.00,1.A.2.a.3,Finger Dexterity,LV,2.38,8,0.183,2.0164,2.7336,N,N,07/2014,Analyst
39-3012.00,1.A.2.b.1,Control Precision,IM,1.88,8,0.125,1.63,2.12,N,,07/2014,Analyst
39-3012.00,1.A.2.b.1,Control Precision,LV,1.75,8,0.25,1.26,2.24,N,N,07/2014,Analyst
39-3012.00,1.A.2.b.2,Multilimb Coordination,IM,2.0,8,0.189,1.6296,2.3704,N,,07/2014,Analyst
39-3012.00,1.A.2.b.2,Multilimb Coordination,LV,1.25,8,0.25,0.76,1.74,N,N,07/2014,Analyst
39-3012.00,1.A.2.b.3,Response Orientation,IM,1.25,8,0.1637,1.0,1.5708,N,,07/2014,Analyst
39-3012.00,1.A.2.b.3,Response Orientation,LV,0.38,8,0.2631,0.0,0.8906,N,Y,07/2014,Analyst
39-3012.00,1.A.2.b.4,Rate Control,IM,2.0,8,0.189,1.6296,2.3704,N,,07/2014,Analyst
39-3012.00,1.A.2.b.4,Rate Control,LV,1.12,8,0.2266,0.6809,1.5691,N,N,07/2014,Analyst
39-3012.00,1.A.2.c.1,Reaction Time,IM,2.0,8,0.189,1.6296,2.3704,N,,07/2014,Analyst
39-3012.00,1.A.2.c.1,Reaction Time,LV,1.25,8,0.25,0.76,1.74,N,N,07/2014,Analyst
39-3012.00,1.A.2.c.2,Wrist-Finger Speed,IM,1.25,8,0.1637,1.0,1.5708,N,,07/2014,Analyst
39-3012.00,1.A.2.c.2,Wrist-Finger Speed,LV,0.5,8,0.3273,0.0,1.1416,N,Y,07/2014,Analyst
39-3012.00,1.A.2.c.3,Speed of Limb Movement,IM,2.0,8,0.0,2.0,2.0,N,,07/2014,Analyst
39-3012.00,1.A.2.c.3,Speed of Limb Movement,LV,1.12,8,0.125,0.88,1.37,N,N,07/2014,Analyst
39-3012.00,1.A.3.a.1,Static Strength,IM,1.5,8,0.189,1.1296,1.8704,N,,07/2014,Analyst
39-3012.00,1.A.3.a.1,Static Strength,LV,0.5,8,0.189,0.1296,0.8704,N,N,07/2014,Analyst
39-3012.00,1.A.3.a.2,Explosive Strength,IM,1.0,8,0.0,1.0,1.0,N,,07/2014,Analyst
39-3012.00,1.A.3.a.2,Explosive Strength,LV,0.0,8,0.0,0.0,0.0,N,Y,07/2014,Analyst
39-3012.00,1.A.3.a.3,Dynamic Strength,IM,1.38,8,0.183,1.0164,1.7336,N,,07/2014,Analyst
39-3012.00,1.A.3.a.3,Dynamic Strength,LV,0.38,8,0.183,0.0164,0.7336,N,N,07/2014,Analyst
39-3012.00,1.A.3.a.4,Trunk Strength,IM,2.25,8,0.1637,1.9292,2.5708,N,,07/2014,Analyst
39-3012.00,1.A.3.a.4,Trunk Strength,LV,2.12,8,0.2266,1.6809,2.5691,N,N,07/2014,Analyst
39-3012.00,1.A.3.b.1,Stamina,IM,2.12,8,0.125,1.88,2.37,N,,07/2014,Analyst
39-3012.00,1.A.3.b.1,Stamina,LV,1.12,8,0.125,0.88,1.37,N,N,07/2014,Analyst
39-3012.00,1.A.3.c.1,Extent Flexibility,IM,1.5,8,0.189,1.1296,1.8704,N,,07/2014,Analyst
39-3012.00,1.A.3.c.1,Extent Flexibility,LV,0.5,8,0.189,0.1296,0.8704,N,N,07/2014,Analyst
39-3012.00,1.A.3.c.2,Dynamic Flexibility,IM,1.12,8,0.125,1.0,1.37,N,,07/2014,Analyst
39-3012.00,1.A.3.c.2,Dynamic Flexibility,LV,0.12,8,0.125,0.0,0.37,N,Y,07/2014,Analyst
39-3012.00,1.A.3.c.3,Gross Body Coordination,IM,1.75,8,0.1637,1.4292,2.0708,N,,07/2014,Analyst
39-3012.00,1.A.3.c.3,Gross Body Coordination,LV,0.75,8,0.1637,0.4292,1.0708,N,N,07/2014,Analyst
39-3012.00,1.A.3.c.4,Gross Body Equilibrium,IM,1.0,8,0.0,1.0,1.0,N,,07/2014,Analyst
39-3012.00,1.A.3.c.4,Gross Body Equilibrium,LV,0.0,8,0.0,0.0,0.0,N,Y,07/2014,Analyst
39-3012.00,1.A.4.a.1,Near Vision,IM,3.62,8,0.183,3.2664,3.9836,N,,07/2014,Analyst
39-3012.00,1.A.4.a.1,Near Vision,LV,3.5,8,0.189,3.1296,3.8704,N,N,07/2014,Analyst
39-3012.00,1.A.4.a.2,Far Vision,IM,3.12,8,0.125,2.88,3.37,N,,07/2014,Analyst
39-3012.00,1.A.4.a.2,Far Vision,LV,3.0,8,0.0,3.0,3.0,N,N,07/2014,Analyst
39-3012.00,1.A.4.a.3,Visual Color Discrimination,IM,2.38,8,0.183,2.0164,2.7336,N,,07/2014,Analyst
39-3012.00,1.A.4.a.3,Visual Color Discrimination,LV,2.0,8,0.0,2.0,2.0,N,N,07/2014,Analyst
39-3012.00,1.A.4.a.4,Night Vision,IM,1.0,8,0.0,1.0,1.0,N,,07/2014,Analyst
39-3012.00,1.A.4.a.4,Night Vision,LV,0.0,8,0.0,0.0,0.0,N,Y,07/2014,Analyst
39-3012.00,1.A.4.a.5,Peripheral Vision,IM,1.12,8,0.125,1.0,1.37,N,,07/2014,Analyst
39-3012.00,1.A.4.a.5,Peripheral Vision,LV,0.38,8,0.375,0.0,1.11,N,Y,07/2014,Analyst
39-3012.00,1.A.4.a.6,Depth Perception,IM,2.0,8,0.0,2.0,2.0,N,,07/2014,Analyst
39-3012.00,1.A.4.a.6,Depth Perception,LV,1.12,8,0.125,0.88,1.37,N,N,07/2014,Analyst
39-3012.00,1.A.4.a.7,Glare Sensitivity,IM,1.0,8,0.0,1.0,1.0,N,,07/2014,Analyst
39-3012.00,1.A.4.a.7,Glare Sensitivity,LV,0.0,8,0.0,0.0,0.0,N,Y,07/2014,Analyst
39-3012.00,1.A.4.b.1,Hearing Sensitivity,IM,1.88,8,0.125,1.63,2.12,N,,07/2014,Analyst
39-3012.00,1.A.4.b.1,Hearing Sensitivity,LV,1.75,8,0.25,1.26,2.24,N,N,07/2014,Analyst
39-3012.00,1.A.4.b.2,Auditory Attention,IM,2.25,8,0.1637,1.9292,2.5708,N,,07/2014,Analyst
39-3012.00,1.A.4.b.2,Auditory Attention,LV,2.12,8,0.295,1.5467,2.7033,N,N,07/2014,Analyst
39-3012.00,1.A.4.b.3,Sound Localization,IM,1.0,8,0.0,1.0,1.0,N,,07/2014,Analyst
39-3012.00,1.A.4.b.3,Sound Localization,LV,0.0,8,0.0,0.0,0.0,N,Y,07/2014,Analyst
39-3012.00,1.A.4.b.4,Speech Recognition,IM,3.38,8,0.183,3.0164,3.7336,N,,07/2014,Analyst
39-3012.00,1.A.4.b.4,Speech Recognition,LV,2.88,8,0.125,2.63,3.12,N,N,07/2014,Analyst
39-3012.00,1.A.4.b.5,Speech Clarity,IM,3.38,8,0.183,3.0164,3.7336,N,,07/2014,Analyst
39-3012.00,1.A.4.b.5,Speech Clarity,LV,3.12,8,0.125,2.88,3.37,N,N,07/2014,Analyst
39-3021.00,1.A.1.a.1,Oral Comprehension,IM,3.12,8,0.125,2.88,3.37,N,,08/2020,Analyst
39-3021.00,1.A.1.a.1,Oral Comprehension,LV,3.5,8,0.189,3.1296,3.8704,N,N,08/2020,Analyst
39-3021.00,1.A.1.a.2,Written Comprehension,IM,3.0,8,0.0,3.0,3.0,N,,08/2020,Analyst
39-3021.00,1.A.1.a.2,Written Comprehension,LV,3.0,8,0.0,3.0,3.0,N,N,08/2020,Analyst
39-3021.00,1.A.1.a.3,Oral Expression,IM,3.12,8,0.125,2.88,3.37,N,,08/2020,Analyst
39-3021.00,1.A.1.a.3,Oral Expression,LV,3.12,8,0.125,2.88,3.37,N,N,08/2020,Analyst
39-3021.00,1.A.1.a.4,Written Expression,IM,2.62,8,0.183,2.2664,2.9836,N,,08/2020,Analyst
39-3021.00,1.A.1.a.4,Written Expression,LV,2.5,8,0.189,2.1296,2.8704,N,N,08/2020,Analyst
39-3021.00,1.A.1.b.1,Fluency of Ideas,IM,2.0,8,0.0,2.0,2.0,N,,08/2020,Analyst
39-3021.00,1.A.1.b.1,Fluency of Ideas,LV,1.88,8,0.125,1.63,2.12,N,N,08/2020,Analyst
39-3021.00,1.A.1.b.2,Originality,IM,2.0,8,0.0,2.0,2.0,N,,08/2020,Analyst
39-3021.00,1.A.1.b.2,Originality,LV,2.0,8,0.0,2.0,2.0,N,N,08/2020,Analyst
39-3021.00,1.A.1.b.3,Problem Sensitivity,IM,3.12,8,0.125,2.88,3.37,N,,08/2020,Analyst
39-3021.00,1.A.1.b.3,Problem Sensitivity,LV,2.88,8,0.125,2.63,3.12,N,N,08/2020,Analyst
39-3021.00,1.A.1.b.4,Deductive Reasoning,IM,2.75,8,0.1637,2.4292,3.0708,N,,08/2020,Analyst
39-3021.00,1.A.1.b.4,Deductive Reasoning,LV,2.75,8,0.1637,2.4292,3.0708,N,N,08/2020,Analyst
39-3021.00,1.A.1.b.5,Inductive Reasoning,IM,2.75,8,0.1637,2.4292,3.0708,N,,08/2020,Analyst
39-3021.00,1.A.1.b.5,Inductive Reasoning,LV,2.88,8,0.125,2.63,3.12,N,N,08/2020,Analyst
39-3021.00,1.A.1.b.6,Information Ordering,IM,3.0,8,0.0,3.0,3.0,N,,08/2020,Analyst
39-3021.00,1.A.1.b.6,Information Ordering,LV,3.0,8,0.0,3.0,3.0,N,N,08/2020,Analyst
39-3021.00,1.A.1.b.7,Category Flexibility,IM,2.88,8,0.125,2.63,3.12,N,,08/2020,Analyst
39-3021.00,1.A.1.b.7,Category Flexibility,LV,2.88,8,0.125,2.63,3.12,N,N,08/2020,Analyst
39-3021.00,1.A.1.c.1,Mathematical Reasoning,IM,1.38,8,0.183,1.0164,1.7336,N,,08/2020,Analyst
39-3021.00,1.A.1.c.1,Mathematical Reasoning,LV,0.38,8,0.183,0.0164,0.7336,N,N,08/2020,Analyst
39-3021.00,1.A.1.c.2,Number Facility,IM,1.75,8,0.1637,1.4292,2.0708,N,,08/2020,Analyst
39-3021.00,1.A.1.c.2,Number Facility,LV,1.0,8,0.3273,0.3584,1.6416,N,N,08/2020,Analyst
39-3021.00,1.A.1.d.1,Memorization,IM,1.88,8,0.125,1.63,2.12,N,,08/2020,Analyst
39-3021.00,1.A.1.d.1,Memorization,LV,1.38,8,0.2631,0.8594,1.8906,N,N,08/2020,Analyst
39-3021.00,1.A.1.e.1,Speed of Closure,IM,2.0,8,0.0,2.0,2.0,N,,08/2020,Analyst
39-3021.00,1.A.1.e.1,Speed of Closure,LV,1.88,8,0.125,1.63,2.12,N,N,08/2020,Analyst
39-3021.00,1.A.1.e.2,Flexibility of Closure,IM,2.75,8,0.1637,2.4292,3.0708,N,,08/2020,Analyst
39-3021.00,1.A.1.e.2,Flexibility of Closure,LV,2.75,8,0.1637,2.4292,3.0708,N,N,08/2020,Analyst
39-3021.00,1.A.1.e.3,Perceptual Speed,IM,3.0,8,0.0,3.0,3.0,N,,08/2020,Analyst
39-3021.00,1.A.1.e.3,Perceptual Speed,LV,2.88,8,0.125,2.63,3.12,N,N,08/2020,Analyst
39-3021.00,1.A.1.f.1,Spatial Orientation,IM,1.5,8,0.189,1.1296,1.8704,N,,08/2020,Analyst
39-3021.00,1.A.1.f.1,Spatial Orientation,LV,0.75,8,0.366,0.0327,1.4673,N,N,08/2020,Analyst
39-3021.00,1.A.1.f.2,Visualization,IM,2.62,8,0.183,2.2664,2.9836,N,,08/2020,Analyst
39-3021.00,1.A.1.f.2,Visualization,LV,2.88,8,0.125,2.63,3.12,N,N,08/2020,Analyst
39-3021.00,1.A.1.g.1,Selective Attention,IM,3.0,8,0.0,3.0,3.0,N,,08/2020,Analyst
39-3021.00,1.A.1.g.1,Selective Attention,LV,3.0,8,0.0,3.0,3.0,N,N,08/2020,Analyst
39-3021.00,1.A.1.g.2,Time Sharing,IM,2.75,8,0.1637,2.4292,3.0708,N,,08/2020,Analyst
39-3021.00,1.A.1.g.2,Time Sharing,LV,2.12,8,0.125,1.88,2.37,N,N,08/2020,Analyst
39-3021.00,1.A.2.a.1,Arm-Hand Steadiness,IM,3.0,8,0.0,3.0,3.0,N,,08/2020,Analyst
39-3021.00,1.A.2.a.1,Arm-Hand Steadiness,LV,2.88,8,0.125,2.63,3.12,N,N,08/2020,Analyst
39-3021.00,1.A.2.a.2,Manual Dexterity,IM,3.0,8,0.0,3.0,3.0,N,,08/2020,Analyst
39-3021.00,1.A.2.a.2,Manual Dexterity,LV,2.88,8,0.125,2.63,3.12,N,N,08/2020,Analyst
39-3021.00,1.A.2.a.3,Finger Dexterity,IM,3.0,8,0.0,3.0,3.0,N,,08/2020,Analyst
39-3021.00,1.A.2.a.3,Finger Dexterity,LV,2.88,8,0.125,2.63,3.12,N,N,08/2020,Analyst
39-3021.00,1.A.2.b.1,Control Precision,IM,3.12,8,0.125,2.88,3.37,N,,08/2020,Analyst
39-3021.00,1.A.2.b.1,Control Precision,LV,3.0,8,0.0,3.0,3.0,N,N,08/2020,Analyst
39-3021.00,1.A.2.b.2,Multilimb Coordination,IM,2.62,8,0.183,2.2664,2.9836,N,,08/2020,Analyst
39-3021.00,1.A.2.b.2,Multilimb Coordination,LV,2.5,8,0.189,2.1296,2.8704,N,N,08/2020,Analyst
39-3021.00,1.A.2.b.3,Response Orientation,IM,1.75,8,0.1637,1.4292,2.0708,N,,08/2020,Analyst
39-3021.00,1.A.2.b.3,Response Orientation,LV,1.38,8,0.3239,0.7402,2.0098,N,N,08/2020,Analyst
39-3021.00,1.A.2.b.4,Rate Control,IM,2.62,8,0.183,2.2664,2.9836,N,,08/2020,Analyst
39-3021.00,1.A.2.b.4,Rate Control,LV,2.38,8,0.2631,1.8594,2.8906,N,N,08/2020,Analyst
39-3021.00,1.A.2.c.1,Reaction Time,IM,3.0,8,0.0,3.0,3.0,N,,08/2020,Analyst
39-3021.00,1.A.2.c.1,Reaction Time,LV,2.88,8,0.125,2.63,3.12,N,N,08/2020,Analyst
39-3021.00,1.A.2.c.2,Wrist-Finger Speed,IM,1.62,8,0.183,1.2664,1.9836,N,,08/2020,Analyst
39-3021.00,1.A.2.c.2,Wrist-Finger Speed,LV,1.25,8,0.366,0.5327,1.9673,N,N,08/2020,Analyst
39-3021.00,1.A.2.c.3,Speed of Limb Movement,IM,1.5,8,0.189,1.1296,1.8704,N,,08/2020,Analyst
39-3021.00,1.A.2.c.3,Speed of Limb Movement,LV,0.5,8,0.189,0.1296,0.8704,N,N,08/2020,Analyst
39-3021.00,1.A.3.a.1,Static Strength,IM,2.0,8,0.0,2.0,2.0,N,,08/2020,Analyst
39-3021.00,1.A.3.a.1,Static Strength,LV,2.0,8,0.0,2.0,2.0,N,N,08/2020,Analyst
39-3021.00,1.A.3.a.2,Explosive Strength,IM,1.25,8,0.1637,1.0,1.5708,N,,08/2020,Analyst
39-3021.00,1.A.3.a.2,Explosive Strength,LV,0.38,8,0.2631,0.0,0.8906,N,Y,08/2020,Analyst
39-3021.00,1.A.3.a.3,Dynamic Strength,IM,1.88,8,0.125,1.63,2.12,N,,08/2020,Analyst
39-3021.00,1.A.3.a.3,Dynamic Strength,LV,1.0,8,0.189,0.6296,1.3704,N,N,08/2020,Analyst
39-3021.00,1.A.3.a.4,Trunk Strength,IM,2.0,8,0.0,2.0,2.0,N,,08/2020,Analyst
39-3021.00,1.A.3.a.4,Trunk Strength,LV,2.0,8,0.0,2.0,2.0,N,N,08/2020,Analyst
39-3021.00,1.A.3.b.1,Stamina,IM,1.88,8,0.125,1.63,2.12,N,,08/2020,Analyst
39-3021.00,1.A.3.b.1,Stamina,LV,1.0,8,0.189,0.6296,1.3704,N,N,08/2020,Analyst
39-3021.00,1.A.3.c.1,Extent Flexibility,IM,2.0,8,0.0,2.0,2.0,N,,08/2020,Analyst
39-3021.00,1.A.3.c.1,Extent Flexibility,LV,1.75,8,0.1637,1.4292,2.0708,N,N,08/2020,Analyst
39-3021.00,1.A.3.c.2,Dynamic Flexibility,IM,1.0,8,0.0,1.0,1.0,N,,08/2020,Analyst
39-3021.00,1.A.3.c.2,Dynamic Flexibility,LV,0.0,8,0.0,0.0,0.0,N,Y,08/2020,Analyst
39-3021.00,1.A.3.c.3,Gross Body Coordination,IM,2.0,8,0.0,2.0,2.0,N,,08/2020,Analyst
39-3021.00,1.A.3.c.3,Gross Body Coordination,LV,1.12,8,0.125,0.88,1.37,N,N,08/2020,Analyst
39-3021.00,1.A.3.c.4,Gross Body Equilibrium,IM,1.38,8,0.183,1.0164,1.7336,N,,08/2020,Analyst
39-3021.00,1.A.3.c.4,Gross Body Equilibrium,LV,0.5,8,0.2673,0.0,1.0238,N,N,08/2020,Analyst
39-3021.00,1.A.4.a.1,Near Vision,IM,3.88,8,0.125,3.63,4.12,N,,08/2020,Analyst
39-3021.00,1.A.4.a.1,Near Vision,LV,3.88,8,0.125,3.63,4.12,N,N,08/2020,Analyst
39-3021.00,1.A.4.a.2,Far Vision,IM,4.0,8,0.0,4.0,4.0,N,,08/2020,Analyst
39-3021.00,1.A.4.a.2,Far Vision,LV,4.0,8,0.0,4.0,4.0,N,N,08/2020,Analyst
39-3021.00,1.A.4.a.3,Visual Color Discrimination,IM,3.0,8,0.0,3.0,3.0,N,,08/2020,Analyst
39-3021.00,1.A.4.a.3,Visual Color Discrimination,LV,3.25,8,0.1637,2.9292,3.5708,N,N,08/2020,Analyst
39-3021.00,1.A.4.a.4,Night Vision,IM,1.88,8,0.2266,1.4309,2.3191,N,,08/2020,Analyst
39-3021.00,1.A.4.a.4,Night Vision,LV,1.5,8,0.378,0.7592,2.2408,N,N,08/2020,Analyst
39-3021.00,1.A.4.a.5,Peripheral Vision,IM,1.62,8,0.183,1.2664,1.9836,N,,08/2020,Analyst
39-3021.00,1.A.4.a.5,Peripheral Vision,LV,0.62,8,0.183,0.2664,0.9836,N,N,08/2020,Analyst
39-3021.00,1.A.4.a.6,Depth Perception,IM,1.88,8,0.125,1.63,2.12,N,,08/2020,Analyst
39-3021.00,1.A.4.a.6,Depth Perception,LV,2.0,8,0.378,1.2592,2.7408,N,N,08/2020,Analyst
39-3021.00,1.A.4.a.7,Glare Sensitivity,IM,1.75,8,0.1637,1.4292,2.0708,N,,08/2020,Analyst
39-3021.00,1.A.4.a.7,Glare Sensitivity,LV,1.38,8,0.3239,0.7402,2.0098,N,N,08/2020,Analyst
39-3021.00,1.A.4.b.1,Hearing Sensitivity,IM,2.75,8,0.1637,2.4292,3.0708,N,,08/2020,Analyst
39-3021.00,1.A.4.b.1,Hearing Sensitivity,LV,2.75,8,0.1637,2.4292,3.0708,N,N,08/2020,Analyst
39-3021.00,1.A.4.b.2,Auditory Attention,IM,2.75,8,0.1637,2.4292,3.0708,N,,08/2020,Analyst
39-3021.00,1.A.4.b.2,Auditory Attention,LV,2.62,8,0.183,2.2664,2.9836,N,N,08/2020,Analyst
39-3021.00,1.A.4.b.3,Sound Localization,IM,1.75,8,0.1637,1.4292,2.0708,N,,08/2020,Analyst
39-3021.00,1.A.4.b.3,Sound Localization,LV,1.0,8,0.2673,0.4762,1.5238,N,N,08/2020,Analyst
39-3021.00,1.A.4.b.4,Speech Recognition,IM,3.0,8,0.0,3.0,3.0,N,,08/2020,Analyst
39-3021.00,1.A.4.b.4,Speech Recognition,LV,3.0,8,0.0,3.0,3.0,N,N,08/2020,Analyst
39-3021.00,1.A.4.b.5,Speech Clarity,IM,3.0,8,0.0,3.0,3.0,N,,08/2020,Analyst
39-3021.00,1.A.4.b.5,Speech Clarity,LV,3.0,8,0.0,3.0,3.0,N,N,08/2020,Analyst
39-3031.00,1.A.1.a.1,Oral Comprehension,IM,3.25,8,0.1637,2.9292,3.5708,N,,07/2015,Analyst
39-3031.00,1.A.1.a.1,Oral Comprehension,LV,2.88,8,0.125,2.63,3.12,N,N,07/2015,Analyst
39-3031.00,1.A.1.a.2,Written Comprehension,IM,2.88,8,0.125,2.63,3.12,N,,07/2015,Analyst
39-3031.00,1.A.1.a.2,Written Comprehension,LV,2.5,8,0.189,2.1296,2.8704,N,N,07/2015,Analyst
39-3031.00,1.A.1.a.3,Oral Expression,IM,3.25,8,0.1637,2.9292,3.5708,N,,07/2015,Analyst
39-3031.00,1.A.1.a.3,Oral Expression,LV,3.0,8,0.0,3.0,3.0,N,N,07/2015,Analyst
39-3031.00,1.A.1.a.4,Written Expression,IM,2.25,8,0.1637,1.9292,2.5708,N,,07/2015,Analyst
39-3031.00,1.A.1.a.4,Written Expression,LV,2.12,8,0.125,1.88,2.37,N,N,07/2015,Analyst
39-3031.00,1.A.1.b.1,Fluency of Ideas,IM,2.25,8,0.1637,1.9292,2.5708,N,,07/2015,Analyst
39-3031.00,1.A.1.b.1,Fluency of Ideas,LV,2.0,8,0.0,2.0,2.0,N,N,07/2015,Analyst
39-3031.00,1.A.1.b.2,Originality,IM,2.25,8,0.1637,1.9292,2.5708,N,,07/2015,Analyst
39-3031.00,1.A.1.b.2,Originality,LV,2.0,8,0.0,2.0,2.0,N,N,07/2015,Analyst
39-3031.00,1.A.1.b.3,Problem Sensitivity,IM,3.0,8,0.189,2.6296,3.3704,N,,07/2015,Analyst
39-3031.00,1.A.1.b.3,Problem Sensitivity,LV,2.88,8,0.125,2.63,3.12,N,N,07/2015,Analyst
39-3031.00,1.A.1.b.4,Deductive Reasoning,IM,2.88,8,0.125,2.63,3.12,N,,07/2015,Analyst
39-3031.00,1.A.1.b.4,Deductive Reasoning,LV,2.38,8,0.183,2.0164,2.7336,N,N,07/2015,Analyst
39-3031.00,1.A.1.b.5,Inductive Reasoning,IM,2.75,8,0.1637,2.4292,3.0708,N,,07/2015,Analyst
39-3031.00,1.A.1.b.5,Inductive Reasoning,LV,2.25,8,0.1637,1.9292,2.5708,N,N,07/2015,Analyst
39-3031.00,1.A.1.b.6,Information Ordering,IM,2.75,8,0.1637,2.4292,3.0708,N,,07/2015,Analyst
39-3031.00,1.A.1.b.6,Information Ordering,LV,2.25,8,0.1637,1.9292,2.5708,N,N,07/2015,Analyst
39-3031.00,1.A.1.b.7,Category Flexibility,IM,2.5,8,0.189,2.1296,2.8704,N,,07/2015,Analyst
39-3031.00,1.A.1.b.7,Category Flexibility,LV,2.12,8,0.125,1.88,2.37,N,N,07/2015,Analyst
39-3031.00,1.A.1.c.1,Mathematical Reasoning,IM,1.88,8,0.125,1.63,2.12,N,,07/2015,Analyst
39-3031.00,1.A.1.c.1,Mathematical Reasoning,LV,1.25,8,0.25,0.76,1.74,N,N,07/2015,Analyst
39-3031.00,1.A.1.c.2,Number Facility,IM,1.88,8,0.125,1.63,2.12,N,,07/2015,Analyst
39-3031.00,1.A.1.c.2,Number Facility,LV,1.75,8,0.25,1.26,2.24,N,N,07/2015,Analyst
39-3031.00,1.A.1.d.1,Memorization,IM,2.12,8,0.125,1.88,2.37,N,,07/2015,Analyst
39-3031.00,1.A.1.d.1,Memorization,LV,1.75,8,0.1637,1.4292,2.0708,N,N,07/2015,Analyst
39-3031.00,1.A.1.e.1,Speed of Closure,IM,2.12,8,0.125,1.88,2.37,N,,07/2015,Analyst
39-3031.00,1.A.1.e.1,Speed of Closure,LV,2.0,8,0.0,2.0,2.0,N,N,07/2015,Analyst
39-3031.00,1.A.1.e.2,Flexibility of Closure,IM,2.5,8,0.189,2.1296,2.8704,N,,07/2015,Analyst
39-3031.00,1.A.1.e.2,Flexibility of Closure,LV,2.12,8,0.125,1.88,2.37,N,N,07/2015,Analyst
39-3031.00,1.A.1.e.3,Perceptual Speed,IM,2.62,8,0.183,2.2664,2.9836,N,,07/2015,Analyst
39-3031.00,1.A.1.e.3,Perceptual Speed,LV,2.12,8,0.125,1.88,2.37,N,N,07/2015,Analyst
39-3031.00,1.A.1.f.1,Spatial Orientation,IM,1.5,8,0.189,1.1296,1.8704,N,,07/2015,Analyst
39-3031.00,1.A.1.f.1,Spatial Orientation,LV,0.75,8,0.3134,0.1358,1.3642,N,N,07/2015,Analyst
39-3031.00,1.A.1.f.2,Visualization,IM,2.0,8,0.0,2.0,2.0,N,,07/2015,Analyst
39-3031.00,1.A.1.f.2,Visualization,LV,1.88,8,0.125,1.63,2.12,N,N,07/2015,Analyst
39-3031.00,1.A.1.g.1,Selective Attention,IM,2.88,8,0.125,2.63,3.12,N,,07/2015,Analyst
39-3031.00,1.A.1.g.1,Selective Attention,LV,2.12,8,0.125,1.88,2.37,N,N,07/2015,Analyst
39-3031.00,1.A.1.g.2,Time Sharing,IM,2.5,8,0.189,2.1296,2.8704,N,,07/2015,Analyst
39-3031.00,1.A.1.g.2,Time Sharing,LV,2.0,8,0.0,2.0,2.0,N,N,07/2015,Analyst
39-3031.00,1.A.2.a.1,Arm-Hand Steadiness,IM,2.25,8,0.1637,1.9292,2.5708,N,,07/2015,Analyst
39-3031.00,1.A.2.a.1,Arm-Hand Steadiness,LV,2.0,8,0.0,2.0,2.0,N,N,07/2015,Analyst
39-3031.00,1.A.2.a.2,Manual Dexterity,IM,2.5,8,0.189,2.1296,2.8704,N,,07/2015,Analyst
39-3031.00,1.A.2.a.2,Manual Dexterity,LV,1.88,8,0.125,1.63,2.12,N,N,07/2015,Analyst
39-3031.00,1.A.2.a.3,Finger Dexterity,IM,2.5,8,0.189,2.1296,2.8704,N,,07/2015,Analyst
39-3031.00,1.A.2.a.3,Finger Dexterity,LV,1.88,8,0.125,1.63,2.12,N,N,07/2015,Analyst
39-3031.00,1.A.2.b.1,Control Precision,IM,2.0,8,0.0,2.0,2.0,N,,07/2015,Analyst
39-3031.00,1.A.2.b.1,Control Precision,LV,1.75,8,0.1637,1.4292,2.0708,N,N,07/2015,Analyst
39-3031.00,1.A.2.b.2,Multilimb Coordination,IM,2.0,8,0.0,2.0,2.0,N,,07/2015,Analyst
39-3031.00,1.A.2.b.2,Multilimb Coordination,LV,1.5,8,0.189,1.1296,1.8704,N,N,07/2015,Analyst
39-3031.00,1.A.2.b.3,Response Orientation,IM,1.5,8,0.189,1.1296,1.8704,N,,07/2015,Analyst
39-3031.00,1.A.2.b.3,Response Orientation,LV,0.62,8,0.2631,0.1094,1.1406,N,N,07/2015,Analyst
39-3031.00,1.A.2.b.4,Rate Control,IM,1.62,8,0.183,1.2664,1.9836,N,,07/2015,Analyst
39-3031.00,1.A.2.b.4,Rate Control,LV,0.75,8,0.25,0.26,1.24,N,N,07/2015,Analyst
39-3031.00,1.A.2.c.1,Reaction Time,IM,1.62,8,0.183,1.2664,1.9836,N,,07/2015,Analyst
39-3031.00,1.A.2.c.1,Reaction Time,LV,0.75,8,0.25,0.26,1.24,N,N,07/2015,Analyst
39-3031.00,1.A.2.c.2,Wrist-Finger Speed,IM,1.62,8,0.183,1.2664,1.9836,N,,07/2015,Analyst
39-3031.00,1.A.2.c.2,Wrist-Finger Speed,LV,0.88,8,0.295,0.2967,1.4533,N,N,07/2015,Analyst
39-3031.00,1.A.2.c.3,Speed of Limb Movement,IM,1.38,8,0.183,1.0164,1.7336,N,,07/2015,Analyst
39-3031.00,1.A.2.c.3,Speed of Limb Movement,LV,0.5,8,0.2673,0.0,1.0238,N,N,07/2015,Analyst
39-3031.00,1.A.3.a.1,Static Strength,IM,2.12,8,0.125,1.88,2.37,N,,07/2015,Analyst
39-3031.00,1.A.3.a.1,Static Strength,LV,1.62,8,0.183,1.2664,1.9836,N,N,07/2015,Analyst
39-3031.00,1.A.3.a.2,Explosive Strength,IM,1.38,8,0.183,1.0164,1.7336,N,,07/2015,Analyst
39-3031.00,1.A.3.a.2,Explosive Strength,LV,0.62,8,0.3239,0.0,1.2598,N,N,07/2015,Analyst
39-3031.00,1.A.3.a.3,Dynamic Strength,IM,2.0,8,0.0,2.0,2.0,N,,07/2015,Analyst
39-3031.00,1.A.3.a.3,Dynamic Strength,LV,1.25,8,0.1637,0.9292,1.5708,N,N,07/2015,Analyst
39-3031.00,1.A.3.a.4,Trunk Strength,IM,2.62,8,0.183,2.2664,2.9836,N,,07/2015,Analyst
39-3031.00,1.A.3.a.4,Trunk Strength,LV,2.38,8,0.183,2.0164,2.7336,N,N,07/2015,Analyst
39-3031.00,1.A.3.b.1,Stamina,IM,2.12,8,0.125,1.88,2.37,N,,07/2015,Analyst
39-3031.00,1.A.3.b.1,Stamina,LV,1.38,8,0.183,1.0164,1.7336,N,N,07/2015,Analyst
39-3031.00,1.A.3.c.1,Extent Flexibility,IM,2.0,8,0.0,2.0,2.0,N,,07/2015,Analyst
39-3031.00,1.A.3.c.1,Extent Flexibility,LV,1.38,8,0.183,1.0164,1.7336,N,N,07/2015,Analyst
39-3031.00,1.A.3.c.2,Dynamic Flexibility,IM,1.0,8,0.0,1.0,1.0,N,,07/2015,Analyst
39-3031.00,1.A.3.c.2,Dynamic Flexibility,LV,0.0,8,0.0,0.0,0.0,N,Y,07/2015,Analyst
39-3031.00,1.A.3.c.3,Gross Body Coordination,IM,2.0,8,0.0,2.0,2.0,N,,07/2015,Analyst
39-3031.00,1.A.3.c.3,Gross Body Coordination,LV,1.38,8,0.183,1.0164,1.7336,N,N,07/2015,Analyst
39-3031.00,1.A.3.c.4,Gross Body Equilibrium,IM,2.0,8,0.0,2.0,2.0,N,,07/2015,Analyst
39-3031.00,1.A.3.c.4,Gross Body Equilibrium,LV,1.38,8,0.183,1.0164,1.7336,N,N,07/2015,Analyst
39-3031.00,1.A.4.a.1,Near Vision,IM,3.12,8,0.125,2.88,3.37,N,,07/2015,Analyst
39-3031.00,1.A.4.a.1,Near Vision,LV,3.0,8,0.189,2.6296,3.3704,N,N,07/2015,Analyst
39-3031.00,1.A.4.a.2,Far Vision,IM,2.75,8,0.1637,2.4292,3.0708,N,,07/2015,Analyst
39-3031.00,1.A.4.a.2,Far Vision,LV,2.62,8,0.183,2.2664,2.9836,N,N,07/2015,Analyst
39-3031.00,1.A.4.a.3,Visual Color Discrimination,IM,2.5,8,0.189,2.1296,2.8704,N,,07/2015,Analyst
39-3031.00,1.A.4.a.3,Visual Color Discrimination,LV,2.0,8,0.0,2.0,2.0,N,N,07/2015,Analyst
39-3031.00,1.A.4.a.4,Night Vision,IM,1.38,8,0.2631,1.0,1.8906,N,,07/2015,Analyst
39-3031.00,1.A.4.a.4,Night Vision,LV,0.5,8,0.378,0.0,1.2408,N,Y,07/2015,Analyst
39-3031.00,1.A.4.a.5,Peripheral Vision,IM,1.12,8,0.125,1.0,1.37,N,,07/2015,Analyst
39-3031.00,1.A.4.a.5,Peripheral Vision,LV,0.25,8,0.25,0.0,0.74,N,Y,07/2015,Analyst
39-3031.00,1.A.4.a.6,Depth Perception,IM,2.0,8,0.0,2.0,2.0,N,,07/2015,Analyst
39-3031.00,1.A.4.a.6,Depth Perception,LV,1.38,8,0.183,1.0164,1.7336,N,N,07/2015,Analyst
39-3031.00,1.A.4.a.7,Glare Sensitivity,IM,1.0,8,0.0,1.0,1.0,N,,07/2015,Analyst
39-3031.00,1.A.4.a.7,Glare Sensitivity,LV,0.0,8,0.0,0.0,0.0,N,Y,07/2015,Analyst
39-3031.00,1.A.4.b.1,Hearing Sensitivity,IM,2.12,8,0.125,1.88,2.37,N,,07/2015,Analyst
39-3031.00,1.A.4.b.1,Hearing Sensitivity,LV,2.0,8,0.0,2.0,2.0,N,N,07/2015,Analyst
39-3031.00,1.A.4.b.2,Auditory Attention,IM,2.25,8,0.1637,1.9292,2.5708,N,,07/2015,Analyst
39-3031.00,1.A.4.b.2,Auditory Attention,LV,2.12,8,0.125,1.88,2.37,N,N,07/2015,Analyst
39-3031.00,1.A.4.b.3,Sound Localization,IM,1.0,8,0.0,1.0,1.0,N,,07/2015,Analyst
39-3031.00,1.A.4.b.3,Sound Localization,LV,0.0,8,0.0,0.0,0.0,N,Y,07/2015,Analyst
39-3031.00,1.A.4.b.4,Speech Recognition,IM,3.0,8,0.0,3.0,3.0,N,,07/2015,Analyst
39-3031.00,1.A.4.b.4,Speech Recognition,LV,3.0,8,0.0,3.0,3.0,N,N,07/2015,Analyst
39-3031.00,1.A.4.b.5,Speech Clarity,IM,3.38,8,0.183,3.0164,3.7336,N,,07/2015,Analyst
39-3031.00,1.A.4.b.5,Speech Clarity,LV,2.88,8,0.125,2.63,3.12,N,N,07/2015,Analyst
39-3091.00,1.A.1.a.1,Oral Comprehension,IM,3.75,8,0.1637,3.4292,4.0708,N,,08/2020,Analyst
39-3091.00,1.A.1.a.1,Oral Comprehension,LV,3.0,8,0.0,3.0,3.0,N,N,08/2020,Analyst
39-3091.00,1.A.1.a.2,Written Comprehension,IM,2.75,8,0.1637,2.4292,3.0708,N,,08/2020,Analyst
39-3091.00,1.A.1.a.2,Written Comprehension,LV,2.75,8,0.1637,2.4292,3.0708,N,N,08/2020,Analyst
39-3091.00,1.A.1.a.3,Oral Expression,IM,3.75,8,0.1637,3.4292,4.0708,N,,08/2020,Analyst
39-3091.00,1.A.1.a.3,Oral Expression,LV,3.62,8,0.183,3.2664,3.9836,N,N,08/2020,Analyst
39-3091.00,1.A.1.a.4,Written Expression,IM,2.62,8,0.183,2.2664,2.9836,N,,08/2020,Analyst
39-3091.00,1.A.1.a.4,Written Expression,LV,2.0,8,0.0,2.0,2.0,N,N,08/2020,Analyst
39-3091.00,1.A.1.b.1,Fluency of Ideas,IM,2.0,8,0.0,2.0,2.0,N,,08/2020,Analyst
39-3091.00,1.A.1.b.1,Fluency of Ideas,LV,2.0,8,0.0,2.0,2.0,N,N,08/2020,Analyst
39-3091.00,1.A.1.b.2,Originality,IM,2.0,8,0.0,2.0,2.0,N,,08/2020,Analyst
39-3091.00,1.A.1.b.2,Originality,LV,2.0,8,0.0,2.0,2.0,N,N,08/2020,Analyst
39-3091.00,1.A.1.b.3,Problem Sensitivity,IM,3.5,8,0.189,3.1296,3.8704,N,,08/2020,Analyst
39-3091.00,1.A.1.b.3,Problem Sensitivity,LV,3.0,8,0.0,3.0,3.0,N,N,08/2020,Analyst
39-3091.00,1.A.1.b.4,Deductive Reasoning,IM,2.75,8,0.1637,2.4292,3.0708,N,,08/2020,Analyst
39-3091.00,1.A.1.b.4,Deductive Reasoning,LV,2.5,8,0.189,2.1296,2.8704,N,N,08/2020,Analyst
39-3091.00,1.A.1.b.5,Inductive Reasoning,IM,2.75,8,0.1637,2.4292,3.0708,N,,08/2020,Analyst
39-3091.00,1.A.1.b.5,Inductive Reasoning,LV,2.12,8,0.125,1.88,2.37,N,N,08/2020,Analyst
39-3091.00,1.A.1.b.6,Information Ordering,IM,2.88,8,0.125,2.63,3.12,N,,08/2020,Analyst
39-3091.00,1.A.1.b.6,Information Ordering,LV,2.38,8,0.183,2.0164,2.7336,N,N,08/2020,Analyst
39-3091.00,1.A.1.b.7,Category Flexibility,IM,2.25,8,0.1637,1.9292,2.5708,N,,08/2020,Analyst
39-3091.00,1.A.1.b.7,Category Flexibility,LV,2.0,8,0.0,2.0,2.0,N,N,08/2020,Analyst
39-3091.00,1.A.1.c.1,Mathematical Reasoning,IM,2.12,8,0.125,1.88,2.37,N,,08/2020,Analyst
39-3091.00,1.A.1.c.1,Mathematical Reasoning,LV,1.38,8,0.183,1.0164,1.7336,N,N,08/2020,Analyst
39-3091.00,1.A.1.c.2,Number Facility,IM,2.12,8,0.125,1.88,2.37,N,,08/2020,Analyst
39-3091.00,1.A.1.c.2,Number Facility,LV,1.5,8,0.189,1.1296,1.8704,N,N,08/2020,Analyst
39-3091.00,1.A.1.d.1,Memorization,IM,2.0,8,0.0,2.0,2.0,N,,08/2020,Analyst
39-3091.00,1.A.1.d.1,Memorization,LV,2.0,8,0.0,2.0,2.0,N,N,08/2020,Analyst
39-3091.00,1.A.1.e.1,Speed of Closure,IM,2.12,8,0.125,1.88,2.37,N,,08/2020,Analyst
39-3091.00,1.A.1.e.1,Speed of Closure,LV,2.12,8,0.125,1.88,2.37,N,N,08/2020,Analyst
39-3091.00,1.A.1.e.2,Flexibility of Closure,IM,2.0,8,0.0,2.0,2.0,N,,08/2020,Analyst
39-3091.00,1.A.1.e.2,Flexibility of Closure,LV,2.12,8,0.125,1.88,2.37,N,N,08/2020,Analyst
39-3091.00,1.A.1.e.3,Perceptual Speed,IM,2.12,8,0.125,1.88,2.37,N,,08/2020,Analyst
39-3091.00,1.A.1.e.3,Perceptual Speed,LV,2.12,8,0.125,1.88,2.37,N,N,08/2020,Analyst
39-3091.00,1.A.1.f.1,Spatial Orientation,IM,1.5,8,0.189,1.1296,1.8704,N,,08/2020,Analyst
39-3091.00,1.A.1.f.1,Spatial Orientation,LV,0.5,8,0.189,0.1296,0.8704,N,N,08/2020,Analyst
39-3091.00,1.A.1.f.2,Visualization,IM,2.12,8,0.125,1.88,2.37,N,,08/2020,Analyst
39-3091.00,1.A.1.f.2,Visualization,LV,2.0,8,0.189,1.6296,2.3704,N,N,08/2020,Analyst
39-3091.00,1.A.1.g.1,Selective Attention,IM,2.88,8,0.125,2.63,3.12,N,,08/2020,Analyst
39-3091.00,1.A.1.g.1,Selective Attention,LV,2.25,8,0.1637,1.9292,2.5708,N,N,08/2020,Analyst
39-3091.00,1.A.1.g.2,Time Sharing,IM,2.25,8,0.1637,1.9292,2.5708,N,,08/2020,Analyst
39-3091.00,1.A.1.g.2,Time Sharing,LV,2.12,8,0.125,1.88,2.37,N,N,08/2020,Analyst
39-3091.00,1.A.2.a.1,Arm-Hand Steadiness,IM,2.75,8,0.1637,2.4292,3.0708,N,,08/2020,Analyst
39-3091.00,1.A.2.a.1,Arm-Hand Steadiness,LV,2.25,8,0.1637,1.9292,2.5708,N,N,08/2020,Analyst
39-3091.00,1.A.2.a.2,Manual Dexterity,IM,2.62,8,0.183,2.2664,2.9836,N,,08/2020,Analyst
39-3091.00,1.A.2.a.2,Manual Dexterity,LV,2.0,8,0.0,2.0,2.0,N,N,08/2020,Analyst
39-3091.00,1.A.2.a.3,Finger Dexterity,IM,2.0,8,0.0,2.0,2.0,N,,08/2020,Analyst
39-3091.00,1.A.2.a.3,Finger Dexterity,LV,2.0,8,0.0,2.0,2.0,N,N,08/2020,Analyst
39-3091.00,1.A.2.b.1,Control Precision,IM,2.62,8,0.183,2.2664,2.9836,N,,08/2020,Analyst
39-3091.00,1.A.2.b.1,Control Precision,LV,2.0,8,0.0,2.0,2.0,N,N,08/2020,Analyst
39-3091.00,1.A.2.b.2,Multilimb Coordination,IM,2.5,8,0.189,2.1296,2.8704,N,,08/2020,Analyst
39-3091.00,1.A.2.b.2,Multilimb Coordination,LV,2.0,8,0.0,2.0,2.0,N,N,08/2020,Analyst
39-3091.00,1.A.2.b.3,Response Orientation,IM,1.75,8,0.1637,1.4292,2.0708,N,,08/2020,Analyst
39-3091.00,1.A.2.b.3,Response Orientation,LV,1.5,8,0.3273,0.8584,2.1416,N,N,08/2020,Analyst
39-3091.00,1.A.2.b.4,Rate Control,IM,1.5,8,0.189,1.1296,1.8704,N,,08/2020,Analyst
39-3091.00,1.A.2.b.4,Rate Control,LV,0.88,8,0.3504,0.1883,1.5617,N,N,08/2020,Analyst
39-3091.00,1.A.2.c.1,Reaction Time,IM,1.5,8,0.189,1.1296,1.8704,N,,08/2020,Analyst
39-3091.00,1.A.2.c.1,Reaction Time,LV,1.0,8,0.378,0.2592,1.7408,N,N,08/2020,Analyst
39-3091.00,1.A.2.c.2,Wrist-Finger Speed,IM,1.88,8,0.125,1.63,2.12,N,,08/2020,Analyst
39-3091.00,1.A.2.c.2,Wrist-Finger Speed,LV,1.25,8,0.25,0.76,1.74,N,N,08/2020,Analyst
39-3091.00,1.A.2.c.3,Speed of Limb Movement,IM,1.38,8,0.183,1.0164,1.7336,N,,08/2020,Analyst
39-3091.00,1.A.2.c.3,Speed of Limb Movement,LV,0.38,8,0.183,0.0164,0.7336,N,N,08/2020,Analyst
39-3091.00,1.A.3.a.1,Static Strength,IM,2.0,8,0.0,2.0,2.0,N,,08/2020,Analyst
39-3091.00,1.A.3.a.1,Static Strength,LV,2.0,8,0.0,2.0,2.0,N,N,08/2020,Analyst
39-3091.00,1.A.3.a.2,Explosive Strength,IM,2.0,8,0.0,2.0,2.0,N,,08/2020,Analyst
39-3091.00,1.A.3.a.2,Explosive Strength,LV,1.38,8,0.183,1.0164,1.7336,N,N,08/2020,Analyst
39-3091.00,1.A.3.a.3,Dynamic Strength,IM,1.88,8,0.125,1.63,2.12,N,,08/2020,Analyst
39-3091.00,1.A.3.a.3,Dynamic Strength,LV,1.12,8,0.2266,0.6809,1.5691,N,N,08/2020,Analyst
39-3091.00,1.A.3.a.4,Trunk Strength,IM,2.75,8,0.1637,2.4292,3.0708,N,,08/2020,Analyst
39-3091.00,1.A.3.a.4,Trunk Strength,LV,2.12,8,0.125,1.88,2.37,N,N,08/2020,Analyst
39-3091.00,1.A.3.b.1,Stamina,IM,2.12,8,0.125,1.88,2.37,N,,08/2020,Analyst
39-3091.00,1.A.3.b.1,Stamina,LV,1.75,8,0.1637,1.4292,2.0708,N,N,08/2020,Analyst
39-3091.00,1.A.3.c.1,Extent Flexibility,IM,2.0,8,0.0,2.0,2.0,N,,08/2020,Analyst
39-3091.00,1.A.3.c.1,Extent Flexibility,LV,2.0,8,0.0,2.0,2.0,N,N,08/2020,Analyst
39-3091.00,1.A.3.c.2,Dynamic Flexibility,IM,1.0,8,0.0,1.0,1.0,N,,08/2020,Analyst
39-3091.00,1.A.3.c.2,Dynamic Flexibility,LV,0.0,8,0.0,0.0,0.0,N,Y,08/2020,Analyst
39-3091.00,1.A.3.c.3,Gross Body Coordination,IM,2.0,8,0.0,2.0,2.0,N,,08/2020,Analyst
39-3091.00,1.A.3.c.3,Gross Body Coordination,LV,1.5,8,0.189,1.1296,1.8704,N,N,08/2020,Analyst
39-3091.00,1.A.3.c.4,Gross Body Equilibrium,IM,2.0,8,0.0,2.0,2.0,N,,08/2020,Analyst
39-3091.00,1.A.3.c.4,Gross Body Equilibrium,LV,1.38,8,0.183,1.0164,1.7336,N,N,08/2020,Analyst
39-3091.00,1.A.4.a.1,Near Vision,IM,3.0,8,0.0,3.0,3.0,N,,08/2020,Analyst
39-3091.00,1.A.4.a.1,Near Vision,LV,3.0,8,0.0,3.0,3.0,N,N,08/2020,Analyst
39-3091.00,1.A.4.a.2,Far Vision,IM,2.75,8,0.1637,2.4292,3.0708,N,,08/2020,Analyst
39-3091.00,1.A.4.a.2,Far Vision,LV,2.25,8,0.1637,1.9292,2.5708,N,N,08/2020,Analyst
39-3091.00,1.A.4.a.3,Visual Color Discrimination,IM,2.0,8,0.0,2.0,2.0,N,,08/2020,Analyst
39-3091.00,1.A.4.a.3,Visual Color Discrimination,LV,1.25,8,0.1637,0.9292,1.5708,N,N,08/2020,Analyst
39-3091.00,1.A.4.a.4,Night Vision,IM,1.0,8,0.0,1.0,1.0,N,,08/2020,Analyst
39-3091.00,1.A.4.a.4,Night Vision,LV,0.0,8,0.0,0.0,0.0,N,Y,08/2020,Analyst
39-3091.00,1.A.4.a.5,Peripheral Vision,IM,1.12,8,0.125,1.0,1.37,N,,08/2020,Analyst
39-3091.00,1.A.4.a.5,Peripheral Vision,LV,0.12,8,0.125,0.0,0.37,N,Y,08/2020,Analyst
39-3091.00,1.A.4.a.6,Depth Perception,IM,2.0,8,0.0,2.0,2.0,N,,08/2020,Analyst
39-3091.00,1.A.4.a.6,Depth Perception,LV,1.5,8,0.189,1.1296,1.8704,N,N,08/2020,Analyst
39-3091.00,1.A.4.a.7,Glare Sensitivity,IM,1.62,8,0.183,1.2664,1.9836,N,,08/2020,Analyst
39-3091.00,1.A.4.a.7,Glare Sensitivity,LV,0.62,8,0.183,0.2664,0.9836,N,N,08/2020,Analyst
39-3091.00,1.A.4.b.1,Hearing Sensitivity,IM,2.12,8,0.125,1.88,2.37,N,,08/2020,Analyst
39-3091.00,1.A.4.b.1,Hearing Sensitivity,LV,1.5,8,0.2673,0.9762,2.0238,N,N,08/2020,Analyst
39-3091.00,1.A.4.b.2,Auditory Attention,IM,2.25,8,0.1637,1.9292,2.5708,N,,08/2020,Analyst
39-3091.00,1.A.4.b.2,Auditory Attention,LV,1.88,8,0.125,1.63,2.12,N,N,08/2020,Analyst
39-3091.00,1.A.4.b.3,Sound Localization,IM,1.12,8,0.125,1.0,1.37,N,,08/2020,Analyst
39-3091.00,1.A.4.b.3,Sound Localization,LV,0.12,8,0.125,0.0,0.37,N,Y,08/2020,Analyst
39-3091.00,1.A.4.b.4,Speech Recognition,IM,3.38,8,0.183,3.0164,3.7336,N,,08/2020,Analyst
39-3091.00,1.A.4.b.4,Speech Recognition,LV,3.0,8,0.0,3.0,3.0,N,N,08/2020,Analyst
39-3091.00,1.A.4.b.5,Speech Clarity,IM,3.88,8,0.125,3.63,4.12,N,,08/2020,Analyst
39-3091.00,1.A.4.b.5,Speech Clarity,LV,3.0,8,0.0,3.0,3.0,N,N,08/2020,Analyst
39-3092.00,1.A.1.a.1,Oral Comprehension,IM,3.62,8,0.183,3.2664,3.9836,N,,07/2016,Analyst
39-3092.00,1.A.1.a.1,Oral Comprehension,LV,3.88,8,0.125,3.63,4.12,N,N,07/2016,Analyst
39-3092.00,1.A.1.a.2,Written Comprehension,IM,3.0,8,0.189,2.6296,3.3704,N,,07/2016,Analyst
39-3092.00,1.A.1.a.2,Written Comprehension,LV,2.88,8,0.125,2.63,3.12,N,N,07/2016,Analyst
39-3092.00,1.A.1.a.3,Oral Expression,IM,3.62,8,0.183,3.2664,3.9836,N,,07/2016,Analyst
39-3092.00,1.A.1.a.3,Oral Expression,LV,3.12,8,0.125,2.88,3.37,N,N,07/2016,Analyst
39-3092.00,1.A.1.a.4,Written Expression,IM,2.88,8,0.125,2.63,3.12,N,,07/2016,Analyst
39-3092.00,1.A.1.a.4,Written Expression,LV,2.88,8,0.125,2.63,3.12,N,N,07/2016,Analyst
39-3092.00,1.A.1.b.1,Fluency of Ideas,IM,3.12,8,0.125,2.88,3.37,N,,07/2016,Analyst
39-3092.00,1.A.1.b.1,Fluency of Ideas,LV,3.12,8,0.125,2.88,3.37,N,N,07/2016,Analyst
39-3092.00,1.A.1.b.2,Originality,IM,3.0,8,0.189,2.6296,3.3704,N,,07/2016,Analyst
39-3092.00,1.A.1.b.2,Originality,LV,3.12,8,0.125,2.88,3.37,N,N,07/2016,Analyst
39-3092.00,1.A.1.b.3,Problem Sensitivity,IM,3.25,8,0.1637,2.9292,3.5708,N,,07/2016,Analyst
39-3092.00,1.A.1.b.3,Problem Sensitivity,LV,3.0,8,0.189,2.6296,3.3704,N,N,07/2016,Analyst
39-3092.00,1.A.1.b.4,Deductive Reasoning,IM,3.0,8,0.189,2.6296,3.3704,N,,07/2016,Analyst
39-3092.00,1.A.1.b.4,Deductive Reasoning,LV,2.88,8,0.125,2.63,3.12,N,N,07/2016,Analyst
39-3092.00,1.A.1.b.5,Inductive Reasoning,IM,3.0,8,0.189,2.6296,3.3704,N,,07/2016,Analyst
39-3092.00,1.A.1.b.5,Inductive Reasoning,LV,2.88,8,0.125,2.63,3.12,N,N,07/2016,Analyst
39-3092.00,1.A.1.b.6,Information Ordering,IM,3.12,8,0.125,2.88,3.37,N,,07/2016,Analyst
39-3092.00,1.A.1.b.6,Information Ordering,LV,3.0,8,0.0,3.0,3.0,N,N,07/2016,Analyst
39-3092.00,1.A.1.b.7,Category Flexibility,IM,3.12,8,0.125,2.88,3.37,N,,07/2016,Analyst
39-3092.00,1.A.1.b.7,Category Flexibility,LV,3.0,8,0.0,3.0,3.0,N,N,07/2016,Analyst
39-3092.00,1.A.1.c.1,Mathematical Reasoning,IM,1.62,8,0.183,1.2664,1.9836,N,,07/2016,Analyst
39-3092.00,1.A.1.c.1,Mathematical Reasoning,LV,1.0,8,0.3273,0.3584,1.6416,N,N,07/2016,Analyst
39-3092.00,1.A.1.c.2,Number Facility,IM,1.75,8,0.1637,1.4292,2.0708,N,,07/2016,Analyst
39-3092.00,1.A.1.c.2,Number Facility,LV,1.25,8,0.3134,0.6358,1.8642,N,N,07/2016,Analyst
39-3092.00,1.A.1.d.1,Memorization,IM,1.62,8,0.183,1.2664,1.9836,N,,07/2016,Analyst
39-3092.00,1.A.1.d.1,Memorization,LV,1.0,8,0.3273,0.3584,1.6416,N,N,07/2016,Analyst
39-3092.00,1.A.1.e.1,Speed of Closure,IM,2.0,8,0.0,2.0,2.0,N,,07/2016,Analyst
39-3092.00,1.A.1.e.1,Speed of Closure,LV,1.62,8,0.2631,1.1094,2.1406,N,N,07/2016,Analyst
39-3092.00,1.A.1.e.2,Flexibility of Closure,IM,2.5,8,0.2673,1.9762,3.0238,N,,07/2016,Analyst
39-3092.00,1.A.1.e.2,Flexibility of Closure,LV,2.5,8,0.189,2.1296,2.8704,N,N,07/2016,Analyst
39-3092.00,1.A.1.e.3,Perceptual Speed,IM,2.25,8,0.1637,1.9292,2.5708,N,,07/2016,Analyst
39-3092.00,1.A.1.e.3,Perceptual Speed,LV,2.25,8,0.1637,1.9292,2.5708,N,N,07/2016,Analyst
39-3092.00,1.A.1.f.1,Spatial Orientation,IM,1.0,8,0.0,1.0,1.0,N,,07/2016,Analyst
39-3092.00,1.A.1.f.1,Spatial Orientation,LV,0.0,8,0.0,0.0,0.0,N,Y,07/2016,Analyst
39-3092.00,1.A.1.f.2,Visualization,IM,2.5,8,0.2673,1.9762,3.0238,N,,07/2016,Analyst
39-3092.00,1.A.1.f.2,Visualization,LV,2.75,8,0.1637,2.4292,3.0708,N,N,07/2016,Analyst
39-3092.00,1.A.1.g.1,Selective Attention,IM,3.0,8,0.189,2.6296,3.3704,N,,07/2016,Analyst
39-3092.00,1.A.1.g.1,Selective Attention,LV,2.75,8,0.25,2.26,3.24,N,N,07/2016,Analyst
39-3092.00,1.A.1.g.2,Time Sharing,IM,2.0,8,0.0,2.0,2.0,N,,07/2016,Analyst
39-3092.00,1.A.1.g.2,Time Sharing,LV,1.38,8,0.183,1.0164,1.7336,N,N,07/2016,Analyst
39-3092.00,1.A.2.a.1,Arm-Hand Steadiness,IM,3.0,8,0.0,3.0,3.0,N,,07/2016,Analyst
39-3092.00,1.A.2.a.1,Arm-Hand Steadiness,LV,3.0,8,0.0,3.0,3.0,N,N,07/2016,Analyst
39-3092.00,1.A.2.a.2,Manual Dexterity,IM,2.88,8,0.125,2.63,3.12,N,,07/2016,Analyst
39-3092.00,1.A.2.a.2,Manual Dexterity,LV,2.88,8,0.125,2.63,3.12,N,N,07/2016,Analyst
39-3092.00,1.A.2.a.3,Finger Dexterity,IM,3.0,8,0.189,2.6296,3.3704,N,,07/2016,Analyst
39-3092.00,1.A.2.a.3,Finger Dexterity,LV,3.0,8,0.189,2.6296,3.3704,N,N,07/2016,Analyst
39-3092.00,1.A.2.b.1,Control Precision,IM,2.25,8,0.1637,1.9292,2.5708,N,,07/2016,Analyst
39-3092.00,1.A.2.b.1,Control Precision,LV,2.62,8,0.2631,2.1094,3.1406,N,N,07/2016,Analyst
39-3092.00,1.A.2.b.2,Multilimb Coordination,IM,2.25,8,0.1637,1.9292,2.5708,N,,07/2016,Analyst
39-3092.00,1.A.2.b.2,Multilimb Coordination,LV,2.25,8,0.25,1.76,2.74,N,N,07/2016,Analyst
39-3092.00,1.A.2.b.3,Response Orientation,IM,1.5,8,0.189,1.1296,1.8704,N,,07/2016,Analyst
39-3092.00,1.A.2.b.3,Response Orientation,LV,0.5,8,0.189,0.1296,0.8704,N,N,07/2016,Analyst
39-3092.00,1.A.2.b.4,Rate Control,IM,1.62,8,0.183,1.2664,1.9836,N,,07/2016,Analyst
39-3092.00,1.A.2.b.4,Rate Control,LV,0.62,8,0.183,0.2664,0.9836,N,N,07/2016,Analyst
39-3092.00,1.A.2.c.1,Reaction Time,IM,2.0,8,0.0,2.0,2.0,N,,07/2016,Analyst
39-3092.00,1.A.2.c.1,Reaction Time,LV,1.12,8,0.125,0.88,1.37,N,N,07/2016,Analyst
39-3092.00,1.A.2.c.2,Wrist-Finger Speed,IM,2.0,8,0.0,2.0,2.0,N,,07/2016,Analyst
39-3092.00,1.A.2.c.2,Wrist-Finger Speed,LV,1.25,8,0.1637,0.9292,1.5708,N,N,07/2016,Analyst
39-3092.00,1.A.2.c.3,Speed of Limb Movement,IM,1.38,8,0.183,1.0164,1.7336,N,,07/2016,Analyst
39-3092.00,1.A.2.c.3,Speed of Limb Movement,LV,0.38,8,0.183,0.0164,0.7336,N,N,07/2016,Analyst
39-3092.00,1.A.3.a.1,Static Strength,IM,2.25,8,0.1637,1.9292,2.5708,N,,07/2016,Analyst
39-3092.00,1.A.3.a.1,Static Strength,LV,2.12,8,0.2266,1.6809,2.5691,N,N,07/2016,Analyst
39-3092.00,1.A.3.a.2,Explosive Strength,IM,1.62,8,0.2631,1.1094,2.1406,N,,07/2016,Analyst
39-3092.00,1.A.3.a.2,Explosive Strength,LV,0.88,8,0.3981,0.0947,1.6553,N,N,07/2016,Analyst
39-3092.00,1.A.3.a.3,Dynamic Strength,IM,2.12,8,0.125,1.88,2.37,N,,07/2016,Analyst
39-3092.00,1.A.3.a.3,Dynamic Strength,LV,1.62,8,0.2631,1.1094,2.1406,N,N,07/2016,Analyst
39-3092.00,1.A.3.a.4,Trunk Strength,IM,2.38,8,0.183,2.0164,2.7336,N,,07/2016,Analyst
39-3092.00,1.A.3.a.4,Trunk Strength,LV,2.0,8,0.189,1.6296,2.3704,N,N,07/2016,Analyst
39-3092.00,1.A.3.b.1,Stamina,IM,2.12,8,0.125,1.88,2.37,N,,07/2016,Analyst
39-3092.00,1.A.3.b.1,Stamina,LV,1.5,8,0.2673,0.9762,2.0238,N,N,07/2016,Analyst
39-3092.00,1.A.3.c.1,Extent Flexibility,IM,2.25,8,0.1637,1.9292,2.5708,N,,07/2016,Analyst
39-3092.00,1.A.3.c.1,Extent Flexibility,LV,1.88,8,0.2266,1.4309,2.3191,N,N,07/2016,Analyst
39-3092.00,1.A.3.c.2,Dynamic Flexibility,IM,1.0,8,0.0,1.0,1.0,N,,07/2016,Analyst
39-3092.00,1.A.3.c.2,Dynamic Flexibility,LV,0.0,8,0.0,0.0,0.0,N,Y,07/2016,Analyst
39-3092.00,1.A.3.c.3,Gross Body Coordination,IM,2.0,8,0.0,2.0,2.0,N,,07/2016,Analyst
39-3092.00,1.A.3.c.3,Gross Body Coordination,LV,1.38,8,0.183,1.0164,1.7336,N,N,07/2016,Analyst
39-3092.00,1.A.3.c.4,Gross Body Equilibrium,IM,1.88,8,0.125,1.63,2.12,N,,07/2016,Analyst
39-3092.00,1.A.3.c.4,Gross Body Equilibrium,LV,1.12,8,0.2266,0.6809,1.5691,N,N,07/2016,Analyst
39-3092.00,1.A.4.a.1,Near Vision,IM,3.25,8,0.1637,2.9292,3.5708,N,,07/2016,Analyst
39-3092.00,1.A.4.a.1,Near Vision,LV,3.25,8,0.1637,2.9292,3.5708,N,N,07/2016,Analyst
39-3092.00,1.A.4.a.2,Far Vision,IM,2.5,8,0.189,2.1296,2.8704,N,,07/2016,Analyst
39-3092.00,1.A.4.a.2,Far Vision,LV,2.62,8,0.183,2.2664,2.9836,N,N,07/2016,Analyst
39-3092.00,1.A.4.a.3,Visual Color Discrimination,IM,2.75,8,0.1637,2.4292,3.0708,N,,07/2016,Analyst
39-3092.00,1.A.4.a.3,Visual Color Discrimination,LV,3.0,8,0.0,3.0,3.0,N,N,07/2016,Analyst
39-3092.00,1.A.4.a.4,Night Vision,IM,1.0,8,0.0,1.0,1.0,N,,07/2016,Analyst
39-3092.00,1.A.4.a.4,Night Vision,LV,0.0,8,0.0,0.0,0.0,N,Y,07/2016,Analyst
39-3092.00,1.A.4.a.5,Peripheral Vision,IM,1.0,8,0.0,1.0,1.0,N,,07/2016,Analyst
39-3092.00,1.A.4.a.5,Peripheral Vision,LV,0.0,8,0.0,0.0,0.0,N,Y,07/2016,Analyst
39-3092.00,1.A.4.a.6,Depth Perception,IM,2.0,8,0.0,2.0,2.0,N,,07/2016,Analyst
39-3092.00,1.A.4.a.6,Depth Perception,LV,1.62,8,0.183,1.2664,1.9836,N,N,07/2016,Analyst
39-3092.00,1.A.4.a.7,Glare Sensitivity,IM,1.5,8,0.189,1.1296,1.8704,N,,07/2016,Analyst
39-3092.00,1.A.4.a.7,Glare Sensitivity,LV,0.62,8,0.2631,0.1094,1.1406,N,N,07/2016,Analyst
39-3092.00,1.A.4.b.1,Hearing Sensitivity,IM,2.12,8,0.125,1.88,2.37,N,,07/2016,Analyst
39-3092.00,1.A.4.b.1,Hearing Sensitivity,LV,1.62,8,0.2631,1.1094,2.1406,N,N,07/2016,Analyst
39-3092.00,1.A.4.b.2,Auditory Attention,IM,2.25,8,0.1637,1.9292,2.5708,N,,07/2016,Analyst
39-3092.00,1.A.4.b.2,Auditory Attention,LV,1.5,8,0.189,1.1296,1.8704,N,N,07/2016,Analyst
39-3092.00,1.A.4.b.3,Sound Localization,IM,1.0,8,0.0,1.0,1.0,N,,07/2016,Analyst
39-3092.00,1.A.4.b.3,Sound Localization,LV,0.0,8,0.0,0.0,0.0,N,Y,07/2016,Analyst
39-3092.00,1.A.4.b.4,Speech Recognition,IM,3.0,8,0.189,2.6296,3.3704,N,,07/2016,Analyst
39-3092.00,1.A.4.b.4,Speech Recognition,LV,2.5,8,0.2673,1.9762,3.0238,N,N,07/2016,Analyst
39-3092.00,1.A.4.b.5,Speech Clarity,IM,3.12,8,0.125,2.88,3.37,N,,07/2016,Analyst
39-3092.00,1.A.4.b.5,Speech Clarity,LV,2.88,8,0.125,2.63,3.12,N,N,07/2016,Analyst
39-3093.00,1.A.1.a.1,Oral Comprehension,IM,3.38,8,0.183,3.0164,3.7336,N,,07/2011,Analyst
39-3093.00,1.A.1.a.1,Oral Comprehension,LV,3.0,8,0.0,3.0,3.0,N,N,07/2011,Analyst
39-3093.00,1.A.1.a.2,Written Comprehension,IM,2.75,8,0.1637,2.4292,3.0708,N,,07/2011,Analyst
39-3093.00,1.A.1.a.2,Written Comprehension,LV,2.88,8,0.125,2.63,3.12,N,N,07/2011,Analyst
39-3093.00,1.A.1.a.3,Oral Expression,IM,3.25,8,0.1637,2.9292,3.5708,N,,07/2011,Analyst
39-3093.00,1.A.1.a.3,Oral Expression,LV,3.25,8,0.1637,2.9292,3.5708,N,N,07/2011,Analyst
39-3093.00,1.A.1.a.4,Written Expression,IM,2.75,8,0.25,2.26,3.24,N,,07/2011,Analyst
39-3093.00,1.A.1.a.4,Written Expression,LV,2.25,8,0.1637,1.9292,2.5708,N,N,07/2011,Analyst
39-3093.00,1.A.1.b.1,Fluency of Ideas,IM,2.0,8,0.0,2.0,2.0,N,,07/2011,Analyst
39-3093.00,1.A.1.b.1,Fluency of Ideas,LV,1.62,8,0.183,1.2664,1.9836,N,N,07/2011,Analyst
39-3093.00,1.A.1.b.2,Originality,IM,1.75,8,0.1637,1.4292,2.0708,N,,07/2011,Analyst
39-3093.00,1.A.1.b.2,Originality,LV,0.88,8,0.2266,0.4309,1.3191,N,N,07/2011,Analyst
39-3093.00,1.A.1.b.3,Problem Sensitivity,IM,2.88,8,0.125,2.63,3.12,N,,07/2011,Analyst
39-3093.00,1.A.1.b.3,Problem Sensitivity,LV,2.88,8,0.125,2.63,3.12,N,N,07/2011,Analyst
39-3093.00,1.A.1.b.4,Deductive Reasoning,IM,2.75,8,0.1637,2.4292,3.0708,N,,07/2011,Analyst
39-3093.00,1.A.1.b.4,Deductive Reasoning,LV,2.62,8,0.183,2.2664,2.9836,N,N,07/2011,Analyst
39-3093.00,1.A.1.b.5,Inductive Reasoning,IM,2.62,8,0.183,2.2664,2.9836,N,,07/2011,Analyst
39-3093.00,1.A.1.b.5,Inductive Reasoning,LV,2.38,8,0.183,2.0164,2.7336,N,N,07/2011,Analyst
39-3093.00,1.A.1.b.6,Information Ordering,IM,2.75,8,0.1637,2.4292,3.0708,N,,07/2011,Analyst
39-3093.00,1.A.1.b.6,Information Ordering,LV,2.62,8,0.183,2.2664,2.9836,N,N,07/2011,Analyst
39-3093.00,1.A.1.b.7,Category Flexibility,IM,2.0,8,0.0,2.0,2.0,N,,07/2011,Analyst
39-3093.00,1.A.1.b.7,Category Flexibility,LV,2.25,8,0.1637,1.9292,2.5708,N,N,07/2011,Analyst
39-3093.00,1.A.1.c.1,Mathematical Reasoning,IM,1.25,8,0.1637,1.0,1.5708,N,,07/2011,Analyst
39-3093.00,1.A.1.c.1,Mathematical Reasoning,LV,0.25,8,0.1637,0.0,0.5708,N,Y,07/2011,Analyst
39-3093.00,1.A.1.c.2,Number Facility,IM,1.38,8,0.183,1.0164,1.7336,N,,07/2011,Analyst
39-3093.00,1.A.1.c.2,Number Facility,LV,0.38,8,0.183,0.0164,0.7336,N,N,07/2011,Analyst
39-3093.00,1.A.1.d.1,Memorization,IM,1.62,8,0.183,1.2664,1.9836,N,,07/2011,Analyst
39-3093.00,1.A.1.d.1,Memorization,LV,1.0,8,0.3273,0.3584,1.6416,N,N,07/2011,Analyst
39-3093.00,1.A.1.e.1,Speed of Closure,IM,1.75,8,0.1637,1.4292,2.0708,N,,07/2011,Analyst
39-3093.00,1.A.1.e.1,Speed of Closure,LV,0.88,8,0.2266,0.4309,1.3191,N,N,07/2011,Analyst
39-3093.00,1.A.1.e.2,Flexibility of Closure,IM,1.75,8,0.1637,1.4292,2.0708,N,,07/2011,Analyst
39-3093.00,1.A.1.e.2,Flexibility of Closure,LV,1.0,8,0.2673,0.4762,1.5238,N,N,07/2011,Analyst
39-3093.00,1.A.1.e.3,Perceptual Speed,IM,1.75,8,0.1637,1.4292,2.0708,N,,07/2011,Analyst
39-3093.00,1.A.1.e.3,Perceptual Speed,LV,0.88,8,0.2266,0.4309,1.3191,N,N,07/2011,Analyst
39-3093.00,1.A.1.f.1,Spatial Orientation,IM,1.12,8,0.125,1.0,1.37,N,,07/2011,Analyst
39-3093.00,1.A.1.f.1,Spatial Orientation,LV,0.12,8,0.125,0.0,0.37,N,Y,07/2011,Analyst
39-3093.00,1.A.1.f.2,Visualization,IM,1.5,8,0.189,1.1296,1.8704,N,,07/2011,Analyst
39-3093.00,1.A.1.f.2,Visualization,LV,0.5,8,0.189,0.1296,0.8704,N,N,07/2011,Analyst
39-3093.00,1.A.1.g.1,Selective Attention,IM,2.25,8,0.1637,1.9292,2.5708,N,,07/2011,Analyst
39-3093.00,1.A.1.g.1,Selective Attention,LV,2.12,8,0.125,1.88,2.37,N,N,07/2011,Analyst
39-3093.00,1.A.1.g.2,Time Sharing,IM,2.0,8,0.0,2.0,2.0,N,,07/2011,Analyst
39-3093.00,1.A.1.g.2,Time Sharing,LV,1.62,8,0.183,1.2664,1.9836,N,N,07/2011,Analyst
39-3093.00,1.A.2.a.1,Arm-Hand Steadiness,IM,2.12,8,0.125,1.88,2.37,N,,07/2011,Analyst
39-3093.00,1.A.2.a.1,Arm-Hand Steadiness,LV,1.62,8,0.183,1.2664,1.9836,N,N,07/2011,Analyst
39-3093.00,1.A.2.a.2,Manual Dexterity,IM,2.0,8,0.0,2.0,2.0,N,,07/2011,Analyst
39-3093.00,1.A.2.a.2,Manual Dexterity,LV,1.5,8,0.2673,0.9762,2.0238,N,N,07/2011,Analyst
39-3093.00,1.A.2.a.3,Finger Dexterity,IM,2.0,8,0.189,1.6296,2.3704,N,,07/2011,Analyst
39-3093.00,1.A.2.a.3,Finger Dexterity,LV,1.38,8,0.2631,0.8594,1.8906,N,N,07/2011,Analyst
39-3093.00,1.A.2.b.1,Control Precision,IM,2.0,8,0.0,2.0,2.0,N,,07/2011,Analyst
39-3093.00,1.A.2.b.1,Control Precision,LV,1.38,8,0.183,1.0164,1.7336,N,N,07/2011,Analyst
39-3093.00,1.A.2.b.2,Multilimb Coordination,IM,2.0,8,0.189,1.6296,2.3704,N,,07/2011,Analyst
39-3093.00,1.A.2.b.2,Multilimb Coordination,LV,1.12,8,0.2266,0.6809,1.5691,N,N,07/2011,Analyst
39-3093.00,1.A.2.b.3,Response Orientation,IM,1.0,8,0.0,1.0,1.0,N,,07/2011,Analyst
39-3093.00,1.A.2.b.3,Response Orientation,LV,0.0,8,0.0,0.0,0.0,N,Y,07/2011,Analyst
39-3093.00,1.A.2.b.4,Rate Control,IM,1.0,8,0.0,1.0,1.0,N,,07/2011,Analyst
39-3093.00,1.A.2.b.4,Rate Control,LV,0.0,8,0.0,0.0,0.0,N,Y,07/2011,Analyst
39-3093.00,1.A.2.c.1,Reaction Time,IM,1.0,8,0.0,1.0,1.0,N,,07/2011,Analyst
39-3093.00,1.A.2.c.1,Reaction Time,LV,0.0,8,0.0,0.0,0.0,N,Y,07/2011,Analyst
39-3093.00,1.A.2.c.2,Wrist-Finger Speed,IM,1.0,8,0.0,1.0,1.0,N,,07/2011,Analyst
39-3093.00,1.A.2.c.2,Wrist-Finger Speed,LV,0.0,8,0.0,0.0,0.0,N,Y,07/2011,Analyst
39-3093.00,1.A.2.c.3,Speed of Limb Movement,IM,1.5,8,0.189,1.1296,1.8704,N,,07/2011,Analyst
39-3093.00,1.A.2.c.3,Speed of Limb Movement,LV,0.5,8,0.189,0.1296,0.8704,N,N,07/2011,Analyst
39-3093.00,1.A.3.a.1,Static Strength,IM,2.0,8,0.189,1.6296,2.3704,N,,07/2011,Analyst
39-3093.00,1.A.3.a.1,Static Strength,LV,1.25,8,0.25,0.76,1.74,N,N,07/2011,Analyst
39-3093.00,1.A.3.a.2,Explosive Strength,IM,1.0,8,0.0,1.0,1.0,N,,07/2011,Analyst
39-3093.00,1.A.3.a.2,Explosive Strength,LV,0.0,8,0.0,0.0,0.0,N,Y,07/2011,Analyst
39-3093.00,1.A.3.a.3,Dynamic Strength,IM,1.5,8,0.189,1.1296,1.8704,N,,07/2011,Analyst
39-3093.00,1.A.3.a.3,Dynamic Strength,LV,0.62,8,0.2631,0.1094,1.1406,N,N,07/2011,Analyst
39-3093.00,1.A.3.a.4,Trunk Strength,IM,2.88,8,0.125,2.63,3.12,N,,07/2011,Analyst
39-3093.00,1.A.3.a.4,Trunk Strength,LV,2.38,8,0.183,2.0164,2.7336,N,N,07/2011,Analyst
39-3093.00,1.A.3.b.1,Stamina,IM,2.12,8,0.125,1.88,2.37,N,,07/2011,Analyst
39-3093.00,1.A.3.b.1,Stamina,LV,1.75,8,0.1637,1.4292,2.0708,N,N,07/2011,Analyst
39-3093.00,1.A.3.c.1,Extent Flexibility,IM,2.25,8,0.1637,1.9292,2.5708,N,,07/2011,Analyst
39-3093.00,1.A.3.c.1,Extent Flexibility,LV,2.88,8,0.125,2.63,3.12,N,N,07/2011,Analyst
39-3093.00,1.A.3.c.2,Dynamic Flexibility,IM,1.0,8,0.0,1.0,1.0,N,,07/2011,Analyst
39-3093.00,1.A.3.c.2,Dynamic Flexibility,LV,0.0,8,0.0,0.0,0.0,N,Y,07/2011,Analyst
39-3093.00,1.A.3.c.3,Gross Body Coordination,IM,2.0,8,0.0,2.0,2.0,N,,07/2011,Analyst
39-3093.00,1.A.3.c.3,Gross Body Coordination,LV,1.25,8,0.1637,0.9292,1.5708,N,N,07/2011,Analyst
39-3093.00,1.A.3.c.4,Gross Body Equilibrium,IM,1.88,8,0.2266,1.4309,2.3191,N,,07/2011,Analyst
39-3093.00,1.A.3.c.4,Gross Body Equilibrium,LV,1.0,8,0.2673,0.4762,1.5238,N,N,07/2011,Analyst
39-3093.00,1.A.4.a.1,Near Vision,IM,2.88,8,0.125,2.63,3.12,N,,07/2011,Analyst
39-3093.00,1.A.4.a.1,Near Vision,LV,3.0,8,0.0,3.0,3.0,N,N,07/2011,Analyst
39-3093.00,1.A.4.a.2,Far Vision,IM,2.12,8,0.125,1.88,2.37,N,,07/2011,Analyst
39-3093.00,1.A.4.a.2,Far Vision,LV,2.0,8,0.0,2.0,2.0,N,N,07/2011,Analyst
39-3093.00,1.A.4.a.3,Visual Color Discrimination,IM,2.0,8,0.0,2.0,2.0,N,,07/2011,Analyst
39-3093.00,1.A.4.a.3,Visual Color Discrimination,LV,1.12,8,0.125,0.88,1.37,N,N,07/2011,Analyst
39-3093.00,1.A.4.a.4,Night Vision,IM,1.0,8,0.0,1.0,1.0,N,,07/2011,Analyst
39-3093.00,1.A.4.a.4,Night Vision,LV,0.0,8,0.0,0.0,0.0,N,Y,07/2011,Analyst
39-3093.00,1.A.4.a.5,Peripheral Vision,IM,1.0,8,0.0,1.0,1.0,N,,07/2011,Analyst
39-3093.00,1.A.4.a.5,Peripheral Vision,LV,0.0,8,0.0,0.0,0.0,N,Y,07/2011,Analyst
39-3093.00,1.A.4.a.6,Depth Perception,IM,1.0,8,0.0,1.0,1.0,N,,07/2011,Analyst
39-3093.00,1.A.4.a.6,Depth Perception,LV,0.0,8,0.0,0.0,0.0,N,Y,07/2011,Analyst
39-3093.00,1.A.4.a.7,Glare Sensitivity,IM,1.0,8,0.0,1.0,1.0,N,,07/2011,Analyst
39-3093.00,1.A.4.a.7,Glare Sensitivity,LV,0.0,8,0.0,0.0,0.0,N,Y,07/2011,Analyst
39-3093.00,1.A.4.b.1,Hearing Sensitivity,IM,1.25,8,0.1637,1.0,1.5708,N,,07/2011,Analyst
39-3093.00,1.A.4.b.1,Hearing Sensitivity,LV,0.25,8,0.1637,0.0,0.5708,N,Y,07/2011,Analyst
39-3093.00,1.A.4.b.2,Auditory Attention,IM,1.5,8,0.189,1.1296,1.8704,N,,07/2011,Analyst
39-3093.00,1.A.4.b.2,Auditory Attention,LV,0.5,8,0.189,0.1296,0.8704,N,N,07/2011,Analyst
39-3093.00,1.A.4.b.3,Sound Localization,IM,1.0,8,0.0,1.0,1.0,N,,07/2011,Analyst
39-3093.00,1.A.4.b.3,Sound Localization,LV,0.0,8,0.0,0.0,0.0,N,Y,07/2011,Analyst
39-3093.00,1.A.4.b.4,Speech Recognition,IM,3.5,8,0.189,3.1296,3.8704,N,,07/2011,Analyst
39-3093.00,1.A.4.b.4,Speech Recognition,LV,3.0,8,0.0,3.0,3.0,N,N,07/2011,Analyst
39-3093.00,1.A.4.b.5,Speech Clarity,IM,3.38,8,0.183,3.0164,3.7336,N,,07/2011,Analyst
39-3093.00,1.A.4.b.5,Speech Clarity,LV,2.75,8,0.1637,2.4292,3.0708,N,N,07/2011,Analyst
39-4011.00,1.A.1.a.1,Oral Comprehension,IM,3.62,8,0.2631,3.1094,4.1406,N,,08/2021,Analyst
39-4011.00,1.A.1.a.1,Oral Comprehension,LV,4.0,8,0.0,4.0,4.0,N,N,08/2021,Analyst
39-4011.00,1.A.1.a.2,Written Comprehension,IM,3.0,8,0.189,2.6296,3.3704,N,,08/2021,Analyst
39-4011.00,1.A.1.a.2,Written Comprehension,LV,3.25,8,0.1637,2.9292,3.5708,N,N,08/2021,Analyst
39-4011.00,1.A.1.a.3,Oral Expression,IM,3.38,8,0.183,3.0164,3.7336,N,,08/2021,Analyst
39-4011.00,1.A.1.a.3,Oral Expression,LV,3.88,8,0.125,3.63,4.12,N,N,08/2021,Analyst
39-4011.00,1.A.1.a.4,Written Expression,IM,3.0,8,0.0,3.0,3.0,N,,08/2021,Analyst
39-4011.00,1.A.1.a.4,Written Expression,LV,3.0,8,0.0,3.0,3.0,N,N,08/2021,Analyst
39-4011.00,1.A.1.b.1,Fluency of Ideas,IM,2.75,8,0.1637,2.4292,3.0708,N,,08/2021,Analyst
39-4011.00,1.A.1.b.1,Fluency of Ideas,LV,2.88,8,0.125,2.63,3.12,N,N,08/2021,Analyst
39-4011.00,1.A.1.b.2,Originality,IM,2.38,8,0.183,2.0164,2.7336,N,,08/2021,Analyst
39-4011.00,1.A.1.b.2,Originality,LV,2.75,8,0.1637,2.4292,3.0708,N,N,08/2021,Analyst
39-4011.00,1.A.1.b.3,Problem Sensitivity,IM,3.62,8,0.183,3.2664,3.9836,N,,08/2021,Analyst
39-4011.00,1.A.1.b.3,Problem Sensitivity,LV,3.25,8,0.1637,2.9292,3.5708,N,N,08/2021,Analyst
39-4011.00,1.A.1.b.4,Deductive Reasoning,IM,3.25,8,0.1637,2.9292,3.5708,N,,08/2021,Analyst
39-4011.00,1.A.1.b.4,Deductive Reasoning,LV,3.12,8,0.125,2.88,3.37,N,N,08/2021,Analyst
39-4011.00,1.A.1.b.5,Inductive Reasoning,IM,3.12,8,0.125,2.88,3.37,N,,08/2021,Analyst
39-4011.00,1.A.1.b.5,Inductive Reasoning,LV,3.0,8,0.0,3.0,3.0,N,N,08/2021,Analyst
39-4011.00,1.A.1.b.6,Information Ordering,IM,3.25,8,0.1637,2.9292,3.5708,N,,08/2021,Analyst
39-4011.00,1.A.1.b.6,Information Ordering,LV,3.25,8,0.1637,2.9292,3.5708,N,N,08/2021,Analyst
39-4011.00,1.A.1.b.7,Category Flexibility,IM,2.75,8,0.1637,2.4292,3.0708,N,,08/2021,Analyst
39-4011.00,1.A.1.b.7,Category Flexibility,LV,2.75,8,0.1637,2.4292,3.0708,N,N,08/2021,Analyst
39-4011.00,1.A.1.c.1,Mathematical Reasoning,IM,2.0,8,0.0,2.0,2.0,N,,08/2021,Analyst
39-4011.00,1.A.1.c.1,Mathematical Reasoning,LV,1.5,8,0.189,1.1296,1.8704,N,N,08/2021,Analyst
39-4011.00,1.A.1.c.2,Number Facility,IM,2.0,8,0.0,2.0,2.0,N,,08/2021,Analyst
39-4011.00,1.A.1.c.2,Number Facility,LV,1.62,8,0.2631,1.1094,2.1406,N,N,08/2021,Analyst
39-4011.00,1.A.1.d.1,Memorization,IM,2.0,8,0.0,2.0,2.0,N,,08/2021,Analyst
39-4011.00,1.A.1.d.1,Memorization,LV,1.62,8,0.183,1.2664,1.9836,N,N,08/2021,Analyst
39-4011.00,1.A.1.e.1,Speed of Closure,IM,2.0,8,0.0,2.0,2.0,N,,08/2021,Analyst
39-4011.00,1.A.1.e.1,Speed of Closure,LV,1.38,8,0.183,1.0164,1.7336,N,N,08/2021,Analyst
39-4011.00,1.A.1.e.2,Flexibility of Closure,IM,2.75,8,0.1637,2.4292,3.0708,N,,08/2021,Analyst
39-4011.00,1.A.1.e.2,Flexibility of Closure,LV,2.75,8,0.1637,2.4292,3.0708,N,N,08/2021,Analyst
39-4011.00,1.A.1.e.3,Perceptual Speed,IM,2.38,8,0.183,2.0164,2.7336,N,,08/2021,Analyst
39-4011.00,1.A.1.e.3,Perceptual Speed,LV,2.25,8,0.1637,1.9292,2.5708,N,N,08/2021,Analyst
39-4011.00,1.A.1.f.1,Spatial Orientation,IM,2.0,8,0.0,2.0,2.0,N,,08/2021,Analyst
39-4011.00,1.A.1.f.1,Spatial Orientation,LV,1.5,8,0.2673,0.9762,2.0238,N,N,08/2021,Analyst
39-4011.00,1.A.1.f.2,Visualization,IM,3.12,8,0.125,2.88,3.37,N,,08/2021,Analyst
39-4011.00,1.A.1.f.2,Visualization,LV,3.0,8,0.0,3.0,3.0,N,N,08/2021,Analyst
39-4011.00,1.A.1.g.1,Selective Attention,IM,2.88,8,0.125,2.63,3.12,N,,08/2021,Analyst
39-4011.00,1.A.1.g.1,Selective Attention,LV,2.25,8,0.1637,1.9292,2.5708,N,N,08/2021,Analyst
39-4011.00,1.A.1.g.2,Time Sharing,IM,2.38,8,0.183,2.0164,2.7336,N,,08/2021,Analyst
39-4011.00,1.A.1.g.2,Time Sharing,LV,2.12,8,0.125,1.88,2.37,N,N,08/2021,Analyst
39-4011.00,1.A.2.a.1,Arm-Hand Steadiness,IM,3.38,8,0.183,3.0164,3.7336,N,,08/2021,Analyst
39-4011.00,1.A.2.a.1,Arm-Hand Steadiness,LV,4.0,8,0.0,4.0,4.0,N,N,08/2021,Analyst
39-4011.00,1.A.2.a.2,Manual Dexterity,IM,3.12,8,0.125,2.88,3.37,N,,08/2021,Analyst
39-4011.00,1.A.2.a.2,Manual Dexterity,LV,3.12,8,0.125,2.88,3.37,N,N,08/2021,Analyst
39-4011.00,1.A.2.a.3,Finger Dexterity,IM,3.0,8,0.0,3.0,3.0,N,,08/2021,Analyst
39-4011.00,1.A.2.a.3,Finger Dexterity,LV,3.12,8,0.125,2.88,3.37,N,N,08/2021,Analyst
39-4011.00,1.A.2.b.1,Control Precision,IM,3.0,8,0.0,3.0,3.0,N,,08/2021,Analyst
39-4011.00,1.A.2.b.1,Control Precision,LV,3.0,8,0.0,3.0,3.0,N,N,08/2021,Analyst
39-4011.00,1.A.2.b.2,Multilimb Coordination,IM,2.88,8,0.125,2.63,3.12,N,,08/2021,Analyst
39-4011.00,1.A.2.b.2,Multilimb Coordination,LV,2.75,8,0.1637,2.4292,3.0708,N,N,08/2021,Analyst
39-4011.00,1.A.2.b.3,Response Orientation,IM,2.0,8,0.0,2.0,2.0,N,,08/2021,Analyst
39-4011.00,1.A.2.b.3,Response Orientation,LV,1.25,8,0.1637,0.9292,1.5708,N,N,08/2021,Analyst
39-4011.00,1.A.2.b.4,Rate Control,IM,2.0,8,0.0,2.0,2.0,N,,08/2021,Analyst
39-4011.00,1.A.2.b.4,Rate Control,LV,1.12,8,0.125,0.88,1.37,N,N,08/2021,Analyst
39-4011.00,1.A.2.c.1,Reaction Time,IM,2.0,8,0.0,2.0,2.0,N,,08/2021,Analyst
39-4011.00,1.A.2.c.1,Reaction Time,LV,1.25,8,0.1637,0.9292,1.5708,N,N,08/2021,Analyst
39-4011.00,1.A.2.c.2,Wrist-Finger Speed,IM,2.0,8,0.0,2.0,2.0,N,,08/2021,Analyst
39-4011.00,1.A.2.c.2,Wrist-Finger Speed,LV,1.75,8,0.1637,1.4292,2.0708,N,N,08/2021,Analyst
39-4011.00,1.A.2.c.3,Speed of Limb Movement,IM,1.62,8,0.183,1.2664,1.9836,N,,08/2021,Analyst
39-4011.00,1.A.2.c.3,Speed of Limb Movement,LV,0.75,8,0.25,0.26,1.24,N,N,08/2021,Analyst
39-4011.00,1.A.3.a.1,Static Strength,IM,2.88,8,0.125,2.63,3.12,N,,08/2021,Analyst
39-4011.00,1.A.3.a.1,Static Strength,LV,3.0,8,0.189,2.6296,3.3704,N,N,08/2021,Analyst
39-4011.00,1.A.3.a.2,Explosive Strength,IM,1.5,8,0.2673,1.0,2.0238,N,,08/2021,Analyst
39-4011.00,1.A.3.a.2,Explosive Strength,LV,0.62,8,0.375,0.0,1.36,N,N,08/2021,Analyst
39-4011.00,1.A.3.a.3,Dynamic Strength,IM,1.88,8,0.125,1.63,2.12,N,,08/2021,Analyst
39-4011.00,1.A.3.a.3,Dynamic Strength,LV,1.25,8,0.25,0.76,1.74,N,N,08/2021,Analyst
39-4011.00,1.A.3.a.4,Trunk Strength,IM,3.0,8,0.0,3.0,3.0,N,,08/2021,Analyst
39-4011.00,1.A.3.a.4,Trunk Strength,LV,3.0,8,0.0,3.0,3.0,N,N,08/2021,Analyst
39-4011.00,1.A.3.b.1,Stamina,IM,2.0,8,0.0,2.0,2.0,N,,08/2021,Analyst
39-4011.00,1.A.3.b.1,Stamina,LV,1.88,8,0.125,1.63,2.12,N,N,08/2021,Analyst
39-4011.00,1.A.3.c.1,Extent Flexibility,IM,2.25,8,0.1637,1.9292,2.5708,N,,08/2021,Analyst
39-4011.00,1.A.3.c.1,Extent Flexibility,LV,2.0,8,0.189,1.6296,2.3704,N,N,08/2021,Analyst
39-4011.00,1.A.3.c.2,Dynamic Flexibility,IM,1.0,8,0.0,1.0,1.0,N,,08/2021,Analyst
39-4011.00,1.A.3.c.2,Dynamic Flexibility,LV,0.0,8,0.0,0.0,0.0,N,Y,08/2021,Analyst
39-4011.00,1.A.3.c.3,Gross Body Coordination,IM,2.0,8,0.0,2.0,2.0,N,,08/2021,Analyst
39-4011.00,1.A.3.c.3,Gross Body Coordination,LV,1.75,8,0.1637,1.4292,2.0708,N,N,08/2021,Analyst
39-4011.00,1.A.3.c.4,Gross Body Equilibrium,IM,2.0,8,0.0,2.0,2.0,N,,08/2021,Analyst
39-4011.00,1.A.3.c.4,Gross Body Equilibrium,LV,1.5,8,0.2673,0.9762,2.0238,N,N,08/2021,Analyst
39-4011.00,1.A.4.a.1,Near Vision,IM,4.0,8,0.0,4.0,4.0,N,,08/2021,Analyst
39-4011.00,1.A.4.a.1,Near Vision,LV,4.0,8,0.0,4.0,4.0,N,N,08/2021,Analyst
39-4011.00,1.A.4.a.2,Far Vision,IM,2.88,8,0.125,2.63,3.12,N,,08/2021,Analyst
39-4011.00,1.A.4.a.2,Far Vision,LV,2.88,8,0.125,2.63,3.12,N,N,08/2021,Analyst
39-4011.00,1.A.4.a.3,Visual Color Discrimination,IM,3.0,8,0.0,3.0,3.0,N,,08/2021,Analyst
39-4011.00,1.A.4.a.3,Visual Color Discrimination,LV,3.5,8,0.189,3.1296,3.8704,N,N,08/2021,Analyst
39-4011.00,1.A.4.a.4,Night Vision,IM,2.0,8,0.0,2.0,2.0,N,,08/2021,Analyst
39-4011.00,1.A.4.a.4,Night Vision,LV,1.12,8,0.125,0.88,1.37,N,N,08/2021,Analyst
39-4011.00,1.A.4.a.5,Peripheral Vision,IM,2.0,8,0.0,2.0,2.0,N,,08/2021,Analyst
39-4011.00,1.A.4.a.5,Peripheral Vision,LV,1.12,8,0.125,0.88,1.37,N,N,08/2021,Analyst
39-4011.00,1.A.4.a.6,Depth Perception,IM,2.5,8,0.189,2.1296,2.8704,N,,08/2021,Analyst
39-4011.00,1.A.4.a.6,Depth Perception,LV,2.0,8,0.0,2.0,2.0,N,N,08/2021,Analyst
39-4011.00,1.A.4.a.7,Glare Sensitivity,IM,2.0,8,0.0,2.0,2.0,N,,08/2021,Analyst
39-4011.00,1.A.4.a.7,Glare Sensitivity,LV,1.12,8,0.125,0.88,1.37,N,N,08/2021,Analyst
39-4011.00,1.A.4.b.1,Hearing Sensitivity,IM,2.12,8,0.125,1.88,2.37,N,,08/2021,Analyst
39-4011.00,1.A.4.b.1,Hearing Sensitivity,LV,1.5,8,0.2673,0.9762,2.0238,N,N,08/2021,Analyst
39-4011.00,1.A.4.b.2,Auditory Attention,IM,2.12,8,0.125,1.88,2.37,N,,08/2021,Analyst
39-4011.00,1.A.4.b.2,Auditory Attention,LV,1.5,8,0.2673,0.9762,2.0238,N,N,08/2021,Analyst
39-4011.00,1.A.4.b.3,Sound Localization,IM,2.0,8,0.0,2.0,2.0,N,,08/2021,Analyst
39-4011.00,1.A.4.b.3,Sound Localization,LV,1.12,8,0.125,0.88,1.37,N,N,08/2021,Analyst
39-4011.00,1.A.4.b.4,Speech Recognition,IM,3.38,8,0.183,3.0164,3.7336,N,,08/2021,Analyst
39-4011.00,1.A.4.b.4,Speech Recognition,LV,3.25,8,0.1637,2.9292,3.5708,N,N,08/2021,Analyst
39-4011.00,1.A.4.b.5,Speech Clarity,IM,3.25,8,0.1637,2.9292,3.5708,N,,08/2021,Analyst
39-4011.00,1.A.4.b.5,Speech Clarity,LV,3.12,8,0.125,2.88,3.37,N,N,08/2021,Analyst
39-4021.00,1.A.1.a.1,Oral Comprehension,IM,3.25,8,0.1637,2.9292,3.5708,N,,08/2024,Analyst
39-4021.00,1.A.1.a.1,Oral Comprehension,LV,3.62,8,0.183,3.2664,3.9836,N,N,08/2024,Analyst
39-4021.00,1.A.1.a.2,Written Comprehension,IM,3.0,8,0.0,3.0,3.0,N,,08/2024,Analyst
39-4021.00,1.A.1.a.2,Written Comprehension,LV,3.0,8,0.0,3.0,3.0,N,N,08/2024,Analyst
39-4021.00,1.A.1.a.3,Oral Expression,IM,3.25,8,0.1637,2.9292,3.5708,N,,08/2024,Analyst
39-4021.00,1.A.1.a.3,Oral Expression,LV,3.62,8,0.183,3.2664,3.9836,N,N,08/2024,Analyst
39-4021.00,1.A.1.a.4,Written Expression,IM,2.75,8,0.1637,2.4292,3.0708,N,,08/2024,Analyst
39-4021.00,1.A.1.a.4,Written Expression,LV,2.75,8,0.1637,2.4292,3.0708,N,N,08/2024,Analyst
39-4021.00,1.A.1.b.1,Fluency of Ideas,IM,2.25,8,0.1637,1.9292,2.5708,N,,08/2024,Analyst
39-4021.00,1.A.1.b.1,Fluency of Ideas,LV,1.88,8,0.2266,1.4309,2.3191,N,N,08/2024,Analyst
39-4021.00,1.A.1.b.2,Originality,IM,1.88,8,0.125,1.63,2.12,N,,08/2024,Analyst
39-4021.00,1.A.1.b.2,Originality,LV,1.62,8,0.2631,1.1094,2.1406,N,N,08/2024,Analyst
39-4021.00,1.A.1.b.3,Problem Sensitivity,IM,2.88,8,0.125,2.63,3.12,N,,08/2024,Analyst
39-4021.00,1.A.1.b.3,Problem Sensitivity,LV,3.0,8,0.189,2.6296,3.3704,N,N,08/2024,Analyst
39-4021.00,1.A.1.b.4,Deductive Reasoning,IM,2.88,8,0.125,2.63,3.12,N,,08/2024,Analyst
39-4021.00,1.A.1.b.4,Deductive Reasoning,LV,2.88,8,0.125,2.63,3.12,N,N,08/2024,Analyst
39-4021.00,1.A.1.b.5,Inductive Reasoning,IM,2.62,8,0.183,2.2664,2.9836,N,,08/2024,Analyst
39-4021.00,1.A.1.b.5,Inductive Reasoning,LV,2.5,8,0.189,2.1296,2.8704,N,N,08/2024,Analyst
39-4021.00,1.A.1.b.6,Information Ordering,IM,2.88,8,0.2266,2.4309,3.3191,N,,08/2024,Analyst
39-4021.00,1.A.1.b.6,Information Ordering,LV,2.62,8,0.183,2.2664,2.9836,N,N,08/2024,Analyst
39-4021.00,1.A.1.b.7,Category Flexibility,IM,2.0,8,0.0,2.0,2.0,N,,08/2024,Analyst
39-4021.00,1.A.1.b.7,Category Flexibility,LV,2.12,8,0.125,1.88,2.37,N,N,08/2024,Analyst
39-4021.00,1.A.1.c.1,Mathematical Reasoning,IM,1.88,8,0.125,1.63,2.12,N,,08/2024,Analyst
39-4021.00,1.A.1.c.1,Mathematical Reasoning,LV,0.88,8,0.125,0.63,1.12,N,N,08/2024,Analyst
39-4021.00,1.A.1.c.2,Number Facility,IM,2.0,8,0.0,2.0,2.0,N,,08/2024,Analyst
39-4021.00,1.A.1.c.2,Number Facility,LV,1.12,8,0.125,0.88,1.37,N,N,08/2024,Analyst
39-4021.00,1.A.1.d.1,Memorization,IM,2.12,8,0.125,1.88,2.37,N,,08/2024,Analyst
39-4021.00,1.A.1.d.1,Memorization,LV,1.75,8,0.1637,1.4292,2.0708,N,N,08/2024,Analyst
39-4021.00,1.A.1.e.1,Speed of Closure,IM,2.0,8,0.0,2.0,2.0,N,,08/2024,Analyst
39-4021.00,1.A.1.e.1,Speed of Closure,LV,1.0,8,0.0,1.0,1.0,N,N,08/2024,Analyst
39-4021.00,1.A.1.e.2,Flexibility of Closure,IM,2.0,8,0.0,2.0,2.0,N,,08/2024,Analyst
39-4021.00,1.A.1.e.2,Flexibility of Closure,LV,1.12,8,0.125,0.88,1.37,N,N,08/2024,Analyst
39-4021.00,1.A.1.e.3,Perceptual Speed,IM,1.88,8,0.125,1.63,2.12,N,,08/2024,Analyst
39-4021.00,1.A.1.e.3,Perceptual Speed,LV,1.25,8,0.25,0.76,1.74,N,N,08/2024,Analyst
39-4021.00,1.A.1.f.1,Spatial Orientation,IM,2.0,8,0.0,2.0,2.0,N,,08/2024,Analyst
39-4021.00,1.A.1.f.1,Spatial Orientation,LV,1.62,8,0.183,1.2664,1.9836,N,N,08/2024,Analyst
39-4021.00,1.A.1.f.2,Visualization,IM,2.12,8,0.125,1.88,2.37,N,,08/2024,Analyst
39-4021.00,1.A.1.f.2,Visualization,LV,2.12,8,0.125,1.88,2.37,N,N,08/2024,Analyst
39-4021.00,1.A.1.g.1,Selective Attention,IM,2.25,8,0.1637,1.9292,2.5708,N,,08/2024,Analyst
39-4021.00,1.A.1.g.1,Selective Attention,LV,2.0,8,0.0,2.0,2.0,N,N,08/2024,Analyst
39-4021.00,1.A.1.g.2,Time Sharing,IM,2.25,8,0.1637,1.9292,2.5708,N,,08/2024,Analyst
39-4021.00,1.A.1.g.2,Time Sharing,LV,2.12,8,0.125,1.88,2.37,N,N,08/2024,Analyst
39-4021.00,1.A.2.a.1,Arm-Hand Steadiness,IM,2.25,8,0.1637,1.9292,2.5708,N,,08/2024,Analyst
39-4021.00,1.A.2.a.1,Arm-Hand Steadiness,LV,2.25,8,0.1637,1.9292,2.5708,N,N,08/2024,Analyst
39-4021.00,1.A.2.a.2,Manual Dexterity,IM,2.0,8,0.0,2.0,2.0,N,,08/2024,Analyst
39-4021.00,1.A.2.a.2,Manual Dexterity,LV,2.0,8,0.0,2.0,2.0,N,N,08/2024,Analyst
39-4021.00,1.A.2.a.3,Finger Dexterity,IM,2.0,8,0.0,2.0,2.0,N,,08/2024,Analyst
39-4021.00,1.A.2.a.3,Finger Dexterity,LV,1.75,8,0.25,1.26,2.24,N,N,08/2024,Analyst
39-4021.00,1.A.2.b.1,Control Precision,IM,2.12,8,0.125,1.88,2.37,N,,08/2024,Analyst
39-4021.00,1.A.2.b.1,Control Precision,LV,2.12,8,0.125,1.88,2.37,N,N,08/2024,Analyst
39-4021.00,1.A.2.b.2,Multilimb Coordination,IM,2.5,8,0.189,2.1296,2.8704,N,,08/2024,Analyst
39-4021.00,1.A.2.b.2,Multilimb Coordination,LV,2.12,8,0.125,1.88,2.37,N,N,08/2024,Analyst
39-4021.00,1.A.2.b.3,Response Orientation,IM,1.88,8,0.125,1.63,2.12,N,,08/2024,Analyst
39-4021.00,1.A.2.b.3,Response Orientation,LV,1.25,8,0.3134,0.6358,1.8642,N,N,08/2024,Analyst
39-4021.00,1.A.2.b.4,Rate Control,IM,1.88,8,0.125,1.63,2.12,N,,08/2024,Analyst
39-4021.00,1.A.2.b.4,Rate Control,LV,0.88,8,0.125,0.63,1.12,N,N,08/2024,Analyst
39-4021.00,1.A.2.c.1,Reaction Time,IM,1.88,8,0.125,1.63,2.12,N,,08/2024,Analyst
39-4021.00,1.A.2.c.1,Reaction Time,LV,1.0,8,0.189,0.6296,1.3704,N,N,08/2024,Analyst
39-4021.00,1.A.2.c.2,Wrist-Finger Speed,IM,1.5,8,0.189,1.1296,1.8704,N,,08/2024,Analyst
39-4021.00,1.A.2.c.2,Wrist-Finger Speed,LV,0.5,8,0.189,0.1296,0.8704,N,N,08/2024,Analyst
39-4021.00,1.A.2.c.3,Speed of Limb Movement,IM,1.38,8,0.183,1.0164,1.7336,N,,08/2024,Analyst
39-4021.00,1.A.2.c.3,Speed of Limb Movement,LV,0.38,8,0.183,0.0164,0.7336,N,N,08/2024,Analyst
39-4021.00,1.A.3.a.1,Static Strength,IM,2.75,8,0.1637,2.4292,3.0708,N,,08/2024,Analyst
39-4021.00,1.A.3.a.1,Static Strength,LV,2.62,8,0.183,2.2664,2.9836,N,N,08/2024,Analyst
39-4021.00,1.A.3.a.2,Explosive Strength,IM,1.62,8,0.183,1.2664,1.9836,N,,08/2024,Analyst
39-4021.00,1.A.3.a.2,Explosive Strength,LV,0.62,8,0.183,0.2664,0.9836,N,N,08/2024,Analyst
39-4021.00,1.A.3.a.3,Dynamic Strength,IM,2.0,8,0.0,2.0,2.0,N,,08/2024,Analyst
39-4021.00,1.A.3.a.3,Dynamic Strength,LV,1.38,8,0.183,1.0164,1.7336,N,N,08/2024,Analyst
39-4021.00,1.A.3.a.4,Trunk Strength,IM,2.5,8,0.189,2.1296,2.8704,N,,08/2024,Analyst
39-4021.00,1.A.3.a.4,Trunk Strength,LV,2.38,8,0.183,2.0164,2.7336,N,N,08/2024,Analyst
39-4021.00,1.A.3.b.1,Stamina,IM,2.0,8,0.0,2.0,2.0,N,,08/2024,Analyst
39-4021.00,1.A.3.b.1,Stamina,LV,1.5,8,0.189,1.1296,1.8704,N,N,08/2024,Analyst
39-4021.00,1.A.3.c.1,Extent Flexibility,IM,2.0,8,0.0,2.0,2.0,N,,08/2024,Analyst
39-4021.00,1.A.3.c.1,Extent Flexibility,LV,1.5,8,0.189,1.1296,1.8704,N,N,08/2024,Analyst
39-4021.00,1.A.3.c.2,Dynamic Flexibility,IM,1.12,8,0.125,1.0,1.37,N,,08/2024,Analyst
39-4021.00,1.A.3.c.2,Dynamic Flexibility,LV,0.12,8,0.125,0.0,0.37,N,Y,08/2024,Analyst
39-4021.00,1.A.3.c.3,Gross Body Coordination,IM,2.0,8,0.0,2.0,2.0,N,,08/2024,Analyst
39-4021.00,1.A.3.c.3,Gross Body Coordination,LV,1.62,8,0.183,1.2664,1.9836,N,N,08/2024,Analyst
39-4021.00,1.A.3.c.4,Gross Body Equilibrium,IM,1.75,8,0.1637,1.4292,2.0708,N,,08/2024,Analyst
39-4021.00,1.A.3.c.4,Gross Body Equilibrium,LV,0.75,8,0.1637,0.4292,1.0708,N,N,08/2024,Analyst
39-4021.00,1.A.4.a.1,Near Vision,IM,3.12,8,0.125,2.88,3.37,N,,08/2024,Analyst
39-4021.00,1.A.4.a.1,Near Vision,LV,3.0,8,0.0,3.0,3.0,N,N,08/2024,Analyst
39-4021.00,1.A.4.a.2,Far Vision,IM,2.75,8,0.1637,2.4292,3.0708,N,,08/2024,Analyst
39-4021.00,1.A.4.a.2,Far Vision,LV,2.62,8,0.183,2.2664,2.9836,N,N,08/2024,Analyst
39-4021.00,1.A.4.a.3,Visual Color Discrimination,IM,2.0,8,0.189,1.6296,2.3704,N,,08/2024,Analyst
39-4021.00,1.A.4.a.3,Visual Color Discrimination,LV,1.75,8,0.25,1.26,2.24,N,N,08/2024,Analyst
39-4021.00,1.A.4.a.4,Night Vision,IM,1.62,8,0.183,1.2664,1.9836,N,,08/2024,Analyst
39-4021.00,1.A.4.a.4,Night Vision,LV,0.75,8,0.25,0.26,1.24,N,N,08/2024,Analyst
39-4021.00,1.A.4.a.5,Peripheral Vision,IM,1.75,8,0.1637,1.4292,2.0708,N,,08/2024,Analyst
39-4021.00,1.A.4.a.5,Peripheral Vision,LV,1.0,8,0.2673,0.4762,1.5238,N,N,08/2024,Analyst
39-4021.00,1.A.4.a.6,Depth Perception,IM,2.12,8,0.125,1.88,2.37,N,,08/2024,Analyst
39-4021.00,1.A.4.a.6,Depth Perception,LV,2.0,8,0.0,2.0,2.0,N,N,08/2024,Analyst
39-4021.00,1.A.4.a.7,Glare Sensitivity,IM,1.75,8,0.1637,1.4292,2.0708,N,,08/2024,Analyst
39-4021.00,1.A.4.a.7,Glare Sensitivity,LV,1.0,8,0.2673,0.4762,1.5238,N,N,08/2024,Analyst
39-4021.00,1.A.4.b.1,Hearing Sensitivity,IM,1.88,8,0.125,1.63,2.12,N,,08/2024,Analyst
39-4021.00,1.A.4.b.1,Hearing Sensitivity,LV,1.38,8,0.2631,0.8594,1.8906,N,N,08/2024,Analyst
39-4021.00,1.A.4.b.2,Auditory Attention,IM,1.75,8,0.1637,1.4292,2.0708,N,,08/2024,Analyst
39-4021.00,1.A.4.b.2,Auditory Attention,LV,1.12,8,0.295,0.5467,1.7033,N,N,08/2024,Analyst
39-4021.00,1.A.4.b.3,Sound Localization,IM,1.5,8,0.189,1.1296,1.8704,N,,08/2024,Analyst
39-4021.00,1.A.4.b.3,Sound Localization,LV,0.5,8,0.189,0.1296,0.8704,N,N,08/2024,Analyst
39-4021.00,1.A.4.b.4,Speech Recognition,IM,3.0,8,0.0,3.0,3.0,N,,08/2024,Analyst
39-4021.00,1.A.4.b.4,Speech Recognition,LV,3.12,8,0.125,2.88,3.37,N,N,08/2024,Analyst
39-4021.00,1.A.4.b.5,Speech Clarity,IM,3.12,8,0.125,2.88,3.37,N,,08/2024,Analyst
39-4021.00,1.A.4.b.5,Speech Clarity,LV,3.0,8,0.0,3.0,3.0,N,N,08/2024,Analyst
39-4031.00,1.A.1.a.1,Oral Comprehension,IM,3.75,8,0.25,3.26,4.24,N,,08/2024,Analyst
39-4031.00,1.A.1.a.1,Oral Comprehension,LV,3.88,8,0.125,3.63,4.12,N,N,08/2024,Analyst
39-4031.00,1.A.1.a.2,Written Comprehension,IM,3.12,8,0.125,2.88,3.37,N,,08/2024,Analyst
39-4031.00,1.A.1.a.2,Written Comprehension,LV,3.75,8,0.1637,3.4292,4.0708,N,N,08/2024,Analyst
39-4031.00,1.A.1.a.3,Oral Expression,IM,4.0,8,0.189,3.6296,4.3704,N,,08/2024,Analyst
39-4031.00,1.A.1.a.3,Oral Expression,LV,4.0,8,0.0,4.0,4.0,N,N,08/2024,Analyst
39-4031.00,1.A.1.a.4,Written Expression,IM,3.12,8,0.125,2.88,3.37,N,,08/2024,Analyst
39-4031.00,1.A.1.a.4,Written Expression,LV,3.75,8,0.1637,3.4292,4.0708,N,N,08/2024,Analyst
39-4031.00,1.A.1.b.1,Fluency of Ideas,IM,3.12,8,0.125,2.88,3.37,N,,08/2024,Analyst
39-4031.00,1.A.1.b.1,Fluency of Ideas,LV,3.0,8,0.0,3.0,3.0,N,N,08/2024,Analyst
39-4031.00,1.A.1.b.2,Originality,IM,3.0,8,0.0,3.0,3.0,N,,08/2024,Analyst
39-4031.00,1.A.1.b.2,Originality,LV,3.0,8,0.0,3.0,3.0,N,N,08/2024,Analyst
39-4031.00,1.A.1.b.3,Problem Sensitivity,IM,3.62,8,0.183,3.2664,3.9836,N,,08/2024,Analyst
39-4031.00,1.A.1.b.3,Problem Sensitivity,LV,3.5,8,0.189,3.1296,3.8704,N,N,08/2024,Analyst
39-4031.00,1.A.1.b.4,Deductive Reasoning,IM,3.12,8,0.125,2.88,3.37,N,,08/2024,Analyst
39-4031.00,1.A.1.b.4,Deductive Reasoning,LV,3.5,8,0.189,3.1296,3.8704,N,N,08/2024,Analyst
39-4031.00,1.A.1.b.5,Inductive Reasoning,IM,3.0,8,0.0,3.0,3.0,N,,08/2024,Analyst
39-4031.00,1.A.1.b.5,Inductive Reasoning,LV,3.0,8,0.0,3.0,3.0,N,N,08/2024,Analyst
39-4031.00,1.A.1.b.6,Information Ordering,IM,3.25,8,0.1637,2.9292,3.5708,N,,08/2024,Analyst
39-4031.00,1.A.1.b.6,Information Ordering,LV,3.12,8,0.125,2.88,3.37,N,N,08/2024,Analyst
39-4031.00,1.A.1.b.7,Category Flexibility,IM,3.0,8,0.0,3.0,3.0,N,,08/2024,Analyst
39-4031.00,1.A.1.b.7,Category Flexibility,LV,3.12,8,0.125,2.88,3.37,N,N,08/2024,Analyst
39-4031.00,1.A.1.c.1,Mathematical Reasoning,IM,2.62,8,0.183,2.2664,2.9836,N,,08/2024,Analyst
39-4031.00,1.A.1.c.1,Mathematical Reasoning,LV,2.75,8,0.1637,2.4292,3.0708,N,N,08/2024,Analyst
39-4031.00,1.A.1.c.2,Number Facility,IM,2.62,8,0.183,2.2664,2.9836,N,,08/2024,Analyst
39-4031.00,1.A.1.c.2,Number Facility,LV,2.88,8,0.125,2.63,3.12,N,N,08/2024,Analyst
39-4031.00,1.A.1.d.1,Memorization,IM,2.25,8,0.1637,1.9292,2.5708,N,,08/2024,Analyst
39-4031.00,1.A.1.d.1,Memorization,LV,2.38,8,0.183,2.0164,2.7336,N,N,08/2024,Analyst
39-4031.00,1.A.1.e.1,Speed of Closure,IM,2.12,8,0.125,1.88,2.37,N,,08/2024,Analyst
39-4031.00,1.A.1.e.1,Speed of Closure,LV,2.38,8,0.183,2.0164,2.7336,N,N,08/2024,Analyst
39-4031.00,1.A.1.e.2,Flexibility of Closure,IM,2.75,8,0.1637,2.4292,3.0708,N,,08/2024,Analyst
39-4031.00,1.A.1.e.2,Flexibility of Closure,LV,2.75,8,0.1637,2.4292,3.0708,N,N,08/2024,Analyst
39-4031.00,1.A.1.e.3,Perceptual Speed,IM,2.12,8,0.125,1.88,2.37,N,,08/2024,Analyst
39-4031.00,1.A.1.e.3,Perceptual Speed,LV,2.25,8,0.1637,1.9292,2.5708,N,N,08/2024,Analyst
39-4031.00,1.A.1.f.1,Spatial Orientation,IM,2.12,8,0.125,1.88,2.37,N,,08/2024,Analyst
39-4031.00,1.A.1.f.1,Spatial Orientation,LV,2.0,8,0.189,1.6296,2.3704,N,N,08/2024,Analyst
39-4031.00,1.A.1.f.2,Visualization,IM,2.75,8,0.1637,2.4292,3.0708,N,,08/2024,Analyst
39-4031.00,1.A.1.f.2,Visualization,LV,2.88,8,0.125,2.63,3.12,N,N,08/2024,Analyst
39-4031.00,1.A.1.g.1,Selective Attention,IM,3.12,8,0.125,2.88,3.37,N,,08/2024,Analyst
39-4031.00,1.A.1.g.1,Selective Attention,LV,3.0,8,0.0,3.0,3.0,N,N,08/2024,Analyst
39-4031.00,1.A.1.g.2,Time Sharing,IM,2.88,8,0.2266,2.4309,3.3191,N,,08/2024,Analyst
39-4031.00,1.A.1.g.2,Time Sharing,LV,3.0,8,0.0,3.0,3.0,N,N,08/2024,Analyst
39-4031.00,1.A.2.a.1,Arm-Hand Steadiness,IM,2.88,8,0.125,2.63,3.12,N,,08/2024,Analyst
39-4031.00,1.A.2.a.1,Arm-Hand Steadiness,LV,3.0,8,0.0,3.0,3.0,N,N,08/2024,Analyst
39-4031.00,1.A.2.a.2,Manual Dexterity,IM,2.88,8,0.125,2.63,3.12,N,,08/2024,Analyst
39-4031.00,1.A.2.a.2,Manual Dexterity,LV,2.75,8,0.1637,2.4292,3.0708,N,N,08/2024,Analyst
39-4031.00,1.A.2.a.3,Finger Dexterity,IM,2.62,8,0.183,2.2664,2.9836,N,,08/2024,Analyst
39-4031.00,1.A.2.a.3,Finger Dexterity,LV,2.38,8,0.183,2.0164,2.7336,N,N,08/2024,Analyst
39-4031.00,1.A.2.b.1,Control Precision,IM,2.88,8,0.125,2.63,3.12,N,,08/2024,Analyst
39-4031.00,1.A.2.b.1,Control Precision,LV,2.88,8,0.125,2.63,3.12,N,N,08/2024,Analyst
39-4031.00,1.A.2.b.2,Multilimb Coordination,IM,2.75,8,0.1637,2.4292,3.0708,N,,08/2024,Analyst
39-4031.00,1.A.2.b.2,Multilimb Coordination,LV,2.88,8,0.125,2.63,3.12,N,N,08/2024,Analyst
39-4031.00,1.A.2.b.3,Response Orientation,IM,2.0,8,0.0,2.0,2.0,N,,08/2024,Analyst
39-4031.00,1.A.2.b.3,Response Orientation,LV,2.0,8,0.0,2.0,2.0,N,N,08/2024,Analyst
39-4031.00,1.A.2.b.4,Rate Control,IM,1.88,8,0.125,1.63,2.12,N,,08/2024,Analyst
39-4031.00,1.A.2.b.4,Rate Control,LV,1.62,8,0.2631,1.1094,2.1406,N,N,08/2024,Analyst
39-4031.00,1.A.2.c.1,Reaction Time,IM,1.88,8,0.125,1.63,2.12,N,,08/2024,Analyst
39-4031.00,1.A.2.c.1,Reaction Time,LV,1.75,8,0.25,1.26,2.24,N,N,08/2024,Analyst
39-4031.00,1.A.2.c.2,Wrist-Finger Speed,IM,2.12,8,0.125,1.88,2.37,N,,08/2024,Analyst
39-4031.00,1.A.2.c.2,Wrist-Finger Speed,LV,2.0,8,0.189,1.6296,2.3704,N,N,08/2024,Analyst
39-4031.00,1.A.2.c.3,Speed of Limb Movement,IM,1.38,8,0.183,1.0164,1.7336,N,,08/2024,Analyst
39-4031.00,1.A.2.c.3,Speed of Limb Movement,LV,0.62,8,0.3239,0.0,1.2598,N,N,08/2024,Analyst
39-4031.00,1.A.3.a.1,Static Strength,IM,2.62,8,0.2631,2.1094,3.1406,N,,08/2024,Analyst
39-4031.00,1.A.3.a.1,Static Strength,LV,2.75,8,0.25,2.26,3.24,N,N,08/2024,Analyst
39-4031.00,1.A.3.a.2,Explosive Strength,IM,1.75,8,0.1637,1.4292,2.0708,N,,08/2024,Analyst
39-4031.00,1.A.3.a.2,Explosive Strength,LV,0.88,8,0.2266,0.4309,1.3191,N,N,08/2024,Analyst
39-4031.00,1.A.3.a.3,Dynamic Strength,IM,2.12,8,0.2266,1.6809,2.5691,N,,08/2024,Analyst
39-4031.00,1.A.3.a.3,Dynamic Strength,LV,1.38,8,0.3239,0.7402,2.0098,N,N,08/2024,Analyst
39-4031.00,1.A.3.a.4,Trunk Strength,IM,2.38,8,0.183,2.0164,2.7336,N,,08/2024,Analyst
39-4031.00,1.A.3.a.4,Trunk Strength,LV,2.38,8,0.183,2.0164,2.7336,N,N,08/2024,Analyst
39-4031.00,1.A.3.b.1,Stamina,IM,2.12,8,0.125,1.88,2.37,N,,08/2024,Analyst
39-4031.00,1.A.3.b.1,Stamina,LV,1.62,8,0.183,1.2664,1.9836,N,N,08/2024,Analyst
39-4031.00,1.A.3.c.1,Extent Flexibility,IM,2.25,8,0.1637,1.9292,2.5708,N,,08/2024,Analyst
39-4031.00,1.A.3.c.1,Extent Flexibility,LV,2.12,8,0.125,1.88,2.37,N,N,08/2024,Analyst
39-4031.00,1.A.3.c.2,Dynamic Flexibility,IM,1.12,8,0.125,1.0,1.37,N,,08/2024,Analyst
39-4031.00,1.A.3.c.2,Dynamic Flexibility,LV,0.12,8,0.125,0.0,0.37,N,Y,08/2024,Analyst
39-4031.00,1.A.3.c.3,Gross Body Coordination,IM,2.0,8,0.0,2.0,2.0,N,,08/2024,Analyst
39-4031.00,1.A.3.c.3,Gross Body Coordination,LV,1.75,8,0.1637,1.4292,2.0708,N,N,08/2024,Analyst
39-4031.00,1.A.3.c.4,Gross Body Equilibrium,IM,1.75,8,0.1637,1.4292,2.0708,N,,08/2024,Analyst
39-4031.00,1.A.3.c.4,Gross Body Equilibrium,LV,1.12,8,0.295,0.5467,1.7033,N,N,08/2024,Analyst
39-4031.00,1.A.4.a.1,Near Vision,IM,3.25,8,0.1637,2.9292,3.5708,N,,08/2024,Analyst
39-4031.00,1.A.4.a.1,Near Vision,LV,3.62,8,0.183,3.2664,3.9836,N,N,08/2024,Analyst
39-4031.00,1.A.4.a.2,Far Vision,IM,2.75,8,0.1637,2.4292,3.0708,N,,08/2024,Analyst
39-4031.00,1.A.4.a.2,Far Vision,LV,3.0,8,0.0,3.0,3.0,N,N,08/2024,Analyst
39-4031.00,1.A.4.a.3,Visual Color Discrimination,IM,2.12,8,0.125,1.88,2.37,N,,08/2024,Analyst
39-4031.00,1.A.4.a.3,Visual Color Discrimination,LV,2.25,8,0.1637,1.9292,2.5708,N,N,08/2024,Analyst
39-4031.00,1.A.4.a.4,Night Vision,IM,1.75,8,0.1637,1.4292,2.0708,N,,08/2024,Analyst
39-4031.00,1.A.4.a.4,Night Vision,LV,1.0,8,0.2673,0.4762,1.5238,N,N,08/2024,Analyst
39-4031.00,1.A.4.a.5,Peripheral Vision,IM,2.0,8,0.189,1.6296,2.3704,N,,08/2024,Analyst
39-4031.00,1.A.4.a.5,Peripheral Vision,LV,1.0,8,0.189,0.6296,1.3704,N,N,08/2024,Analyst
39-4031.00,1.A.4.a.6,Depth Perception,IM,2.25,8,0.1637,1.9292,2.5708,N,,08/2024,Analyst
39-4031.00,1.A.4.a.6,Depth Perception,LV,2.12,8,0.125,1.88,2.37,N,N,08/2024,Analyst
39-4031.00,1.A.4.a.7,Glare Sensitivity,IM,1.75,8,0.1637,1.4292,2.0708,N,,08/2024,Analyst
39-4031.00,1.A.4.a.7,Glare Sensitivity,LV,1.12,8,0.295,0.5467,1.7033,N,N,08/2024,Analyst
39-4031.00,1.A.4.b.1,Hearing Sensitivity,IM,2.12,8,0.125,1.88,2.37,N,,08/2024,Analyst
39-4031.00,1.A.4.b.1,Hearing Sensitivity,LV,2.0,8,0.0,2.0,2.0,N,N,08/2024,Analyst
39-4031.00,1.A.4.b.2,Auditory Attention,IM,2.38,8,0.183,2.0164,2.7336,N,,08/2024,Analyst
39-4031.00,1.A.4.b.2,Auditory Attention,LV,2.12,8,0.125,1.88,2.37,N,N,08/2024,Analyst
39-4031.00,1.A.4.b.3,Sound Localization,IM,1.75,8,0.1637,1.4292,2.0708,N,,08/2024,Analyst
39-4031.00,1.A.4.b.3,Sound Localization,LV,1.0,8,0.2673,0.4762,1.5238,N,N,08/2024,Analyst
39-4031.00,1.A.4.b.4,Speech Recognition,IM,3.75,8,0.1637,3.4292,4.0708,N,,08/2024,Analyst
39-4031.00,1.A.4.b.4,Speech Recognition,LV,3.75,8,0.1637,3.4292,4.0708,N,N,08/2024,Analyst
39-4031.00,1.A.4.b.5,Speech Clarity,IM,3.75,8,0.1637,3.4292,4.0708,N,,08/2024,Analyst
39-4031.00,1.A.4.b.5,Speech Clarity,LV,3.75,8,0.1637,3.4292,4.0708,N,N,08/2024,Analyst
39-5011.00,1.A.1.a.1,Oral Comprehension,IM,3.62,8,0.183,3.2664,3.9836,N,,08/2018,Analyst
39-5011.00,1.A.1.a.1,Oral Comprehension,LV,3.38,8,0.2631,2.8594,3.8906,N,N,08/2018,Analyst
39-5011.00,1.A.1.a.2,Written Comprehension,IM,2.75,8,0.1637,2.4292,3.0708,N,,08/2018,Analyst
39-5011.00,1.A.1.a.2,Written Comprehension,LV,2.88,8,0.125,2.63,3.12,N,N,08/2018,Analyst
39-5011.00,1.A.1.a.3,Oral Expression,IM,3.25,8,0.1637,2.9292,3.5708,N,,08/2018,Analyst
39-5011.00,1.A.1.a.3,Oral Expression,LV,3.38,8,0.183,3.0164,3.7336,N,N,08/2018,Analyst
39-5011.00,1.A.1.a.4,Written Expression,IM,2.25,8,0.1637,1.9292,2.5708,N,,08/2018,Analyst
39-5011.00,1.A.1.a.4,Written Expression,LV,2.0,8,0.0,2.0,2.0,N,N,08/2018,Analyst
39-5011.00,1.A.1.b.1,Fluency of Ideas,IM,2.75,8,0.1637,2.4292,3.0708,N,,08/2018,Analyst
39-5011.00,1.A.1.b.1,Fluency of Ideas,LV,2.25,8,0.1637,1.9292,2.5708,N,N,08/2018,Analyst
39-5011.00,1.A.1.b.2,Originality,IM,2.5,8,0.189,2.1296,2.8704,N,,08/2018,Analyst
39-5011.00,1.A.1.b.2,Originality,LV,2.62,8,0.183,2.2664,2.9836,N,N,08/2018,Analyst
39-5011.00,1.A.1.b.3,Problem Sensitivity,IM,3.0,8,0.0,3.0,3.0,N,,08/2018,Analyst
39-5011.00,1.A.1.b.3,Problem Sensitivity,LV,2.88,8,0.125,2.63,3.12,N,N,08/2018,Analyst
39-5011.00,1.A.1.b.4,Deductive Reasoning,IM,2.88,8,0.125,2.63,3.12,N,,08/2018,Analyst
39-5011.00,1.A.1.b.4,Deductive Reasoning,LV,2.88,8,0.125,2.63,3.12,N,N,08/2018,Analyst
39-5011.00,1.A.1.b.5,Inductive Reasoning,IM,2.75,8,0.1637,2.4292,3.0708,N,,08/2018,Analyst
39-5011.00,1.A.1.b.5,Inductive Reasoning,LV,2.88,8,0.125,2.63,3.12,N,N,08/2018,Analyst
39-5011.00,1.A.1.b.6,Information Ordering,IM,2.75,8,0.1637,2.4292,3.0708,N,,08/2018,Analyst
39-5011.00,1.A.1.b.6,Information Ordering,LV,2.38,8,0.2631,1.8594,2.8906,N,N,08/2018,Analyst
39-5011.00,1.A.1.b.7,Category Flexibility,IM,2.25,8,0.1637,1.9292,2.5708,N,,08/2018,Analyst
39-5011.00,1.A.1.b.7,Category Flexibility,LV,2.12,8,0.125,1.88,2.37,N,N,08/2018,Analyst
39-5011.00,1.A.1.c.1,Mathematical Reasoning,IM,1.75,8,0.1637,1.4292,2.0708,N,,08/2018,Analyst
39-5011.00,1.A.1.c.1,Mathematical Reasoning,LV,0.88,8,0.2266,0.4309,1.3191,N,N,08/2018,Analyst
39-5011.00,1.A.1.c.2,Number Facility,IM,1.88,8,0.125,1.63,2.12,N,,08/2018,Analyst
39-5011.00,1.A.1.c.2,Number Facility,LV,1.25,8,0.25,0.76,1.74,N,N,08/2018,Analyst
39-5011.00,1.A.1.d.1,Memorization,IM,2.0,8,0.0,2.0,2.0,N,,08/2018,Analyst
39-5011.00,1.A.1.d.1,Memorization,LV,1.5,8,0.189,1.1296,1.8704,N,N,08/2018,Analyst
39-5011.00,1.A.1.e.1,Speed of Closure,IM,1.88,8,0.125,1.63,2.12,N,,08/2018,Analyst
39-5011.00,1.A.1.e.1,Speed of Closure,LV,1.62,8,0.2631,1.1094,2.1406,N,N,08/2018,Analyst
39-5011.00,1.A.1.e.2,Flexibility of Closure,IM,2.0,8,0.0,2.0,2.0,N,,08/2018,Analyst
39-5011.00,1.A.1.e.2,Flexibility of Closure,LV,2.0,8,0.0,2.0,2.0,N,N,08/2018,Analyst
39-5011.00,1.A.1.e.3,Perceptual Speed,IM,2.0,8,0.0,2.0,2.0,N,,08/2018,Analyst
39-5011.00,1.A.1.e.3,Perceptual Speed,LV,1.38,8,0.183,1.0164,1.7336,N,N,08/2018,Analyst
39-5011.00,1.A.1.f.1,Spatial Orientation,IM,1.0,8,0.0,1.0,1.0,N,,08/2018,Analyst
39-5011.00,1.A.1.f.1,Spatial Orientation,LV,0.0,8,0.0,0.0,0.0,N,Y,08/2018,Analyst
39-5011.00,1.A.1.f.2,Visualization,IM,3.0,8,0.189,2.6296,3.3704,N,,08/2018,Analyst
39-5011.00,1.A.1.f.2,Visualization,LV,3.0,8,0.189,2.6296,3.3704,N,N,08/2018,Analyst
39-5011.00,1.A.1.g.1,Selective Attention,IM,3.12,8,0.125,2.88,3.37,N,,08/2018,Analyst
39-5011.00,1.A.1.g.1,Selective Attention,LV,3.0,8,0.0,3.0,3.0,N,N,08/2018,Analyst
39-5011.00,1.A.1.g.2,Time Sharing,IM,2.75,8,0.1637,2.4292,3.0708,N,,08/2018,Analyst
39-5011.00,1.A.1.g.2,Time Sharing,LV,2.25,8,0.1637,1.9292,2.5708,N,N,08/2018,Analyst
39-5011.00,1.A.2.a.1,Arm-Hand Steadiness,IM,3.88,8,0.125,3.63,4.12,N,,08/2018,Analyst
39-5011.00,1.A.2.a.1,Arm-Hand Steadiness,LV,3.5,8,0.189,3.1296,3.8704,N,N,08/2018,Analyst
39-5011.00,1.A.2.a.2,Manual Dexterity,IM,3.38,8,0.183,3.0164,3.7336,N,,08/2018,Analyst
39-5011.00,1.A.2.a.2,Manual Dexterity,LV,3.0,8,0.189,2.6296,3.3704,N,N,08/2018,Analyst
39-5011.00,1.A.2.a.3,Finger Dexterity,IM,3.38,8,0.183,3.0164,3.7336,N,,08/2018,Analyst
39-5011.00,1.A.2.a.3,Finger Dexterity,LV,3.12,8,0.125,2.88,3.37,N,N,08/2018,Analyst
39-5011.00,1.A.2.b.1,Control Precision,IM,3.0,8,0.0,3.0,3.0,N,,08/2018,Analyst
39-5011.00,1.A.2.b.1,Control Precision,LV,3.0,8,0.0,3.0,3.0,N,N,08/2018,Analyst
39-5011.00,1.A.2.b.2,Multilimb Coordination,IM,2.38,8,0.183,2.0164,2.7336,N,,08/2018,Analyst
39-5011.00,1.A.2.b.2,Multilimb Coordination,LV,2.38,8,0.183,2.0164,2.7336,N,N,08/2018,Analyst
39-5011.00,1.A.2.b.3,Response Orientation,IM,1.25,8,0.1637,1.0,1.5708,N,,08/2018,Analyst
39-5011.00,1.A.2.b.3,Response Orientation,LV,0.25,8,0.1637,0.0,0.5708,N,Y,08/2018,Analyst
39-5011.00,1.A.2.b.4,Rate Control,IM,1.38,8,0.183,1.0164,1.7336,N,,08/2018,Analyst
39-5011.00,1.A.2.b.4,Rate Control,LV,0.38,8,0.183,0.0164,0.7336,N,N,08/2018,Analyst
39-5011.00,1.A.2.c.1,Reaction Time,IM,1.5,8,0.189,1.1296,1.8704,N,,08/2018,Analyst
39-5011.00,1.A.2.c.1,Reaction Time,LV,0.5,8,0.189,0.1296,0.8704,N,N,08/2018,Analyst
39-5011.00,1.A.2.c.2,Wrist-Finger Speed,IM,2.25,8,0.1637,1.9292,2.5708,N,,08/2018,Analyst
39-5011.00,1.A.2.c.2,Wrist-Finger Speed,LV,2.0,8,0.189,1.6296,2.3704,N,N,08/2018,Analyst
39-5011.00,1.A.2.c.3,Speed of Limb Movement,IM,1.0,8,0.0,1.0,1.0,N,,08/2018,Analyst
39-5011.00,1.A.2.c.3,Speed of Limb Movement,LV,0.0,8,0.0,0.0,0.0,N,Y,08/2018,Analyst
39-5011.00,1.A.3.a.1,Static Strength,IM,1.88,8,0.125,1.63,2.12,N,,08/2018,Analyst
39-5011.00,1.A.3.a.1,Static Strength,LV,1.0,8,0.189,0.6296,1.3704,N,N,08/2018,Analyst
39-5011.00,1.A.3.a.2,Explosive Strength,IM,1.25,8,0.1637,1.0,1.5708,N,,08/2018,Analyst
39-5011.00,1.A.3.a.2,Explosive Strength,LV,0.25,8,0.1637,0.0,0.5708,N,Y,08/2018,Analyst
39-5011.00,1.A.3.a.3,Dynamic Strength,IM,2.25,8,0.1637,1.9292,2.5708,N,,08/2018,Analyst
39-5011.00,1.A.3.a.3,Dynamic Strength,LV,2.0,8,0.189,1.6296,2.3704,N,N,08/2018,Analyst
39-5011.00,1.A.3.a.4,Trunk Strength,IM,3.0,8,0.189,2.6296,3.3704,N,,08/2018,Analyst
39-5011.00,1.A.3.a.4,Trunk Strength,LV,2.88,8,0.2266,2.4309,3.3191,N,N,08/2018,Analyst
39-5011.00,1.A.3.b.1,Stamina,IM,2.12,8,0.125,1.88,2.37,N,,08/2018,Analyst
39-5011.00,1.A.3.b.1,Stamina,LV,1.12,8,0.125,0.88,1.37,N,N,08/2018,Analyst
39-5011.00,1.A.3.c.1,Extent Flexibility,IM,2.25,8,0.1637,1.9292,2.5708,N,,08/2018,Analyst
39-5011.00,1.A.3.c.1,Extent Flexibility,LV,1.38,8,0.183,1.0164,1.7336,N,N,08/2018,Analyst
39-5011.00,1.A.3.c.2,Dynamic Flexibility,IM,1.12,8,0.125,1.0,1.37,N,,08/2018,Analyst
39-5011.00,1.A.3.c.2,Dynamic Flexibility,LV,0.12,8,0.125,0.0,0.37,N,Y,08/2018,Analyst
39-5011.00,1.A.3.c.3,Gross Body Coordination,IM,1.62,8,0.183,1.2664,1.9836,N,,08/2018,Analyst
39-5011.00,1.A.3.c.3,Gross Body Coordination,LV,0.62,8,0.183,0.2664,0.9836,N,N,08/2018,Analyst
39-5011.00,1.A.3.c.4,Gross Body Equilibrium,IM,1.62,8,0.183,1.2664,1.9836,N,,08/2018,Analyst
39-5011.00,1.A.3.c.4,Gross Body Equilibrium,LV,0.75,8,0.25,0.26,1.24,N,N,08/2018,Analyst
39-5011.00,1.A.4.a.1,Near Vision,IM,3.62,8,0.183,3.2664,3.9836,N,,08/2018,Analyst
39-5011.00,1.A.4.a.1,Near Vision,LV,3.25,8,0.1637,2.9292,3.5708,N,N,08/2018,Analyst
39-5011.00,1.A.4.a.2,Far Vision,IM,2.12,8,0.125,1.88,2.37,N,,08/2018,Analyst
39-5011.00,1.A.4.a.2,Far Vision,LV,1.5,8,0.189,1.1296,1.8704,N,N,08/2018,Analyst
39-5011.00,1.A.4.a.3,Visual Color Discrimination,IM,2.5,8,0.189,2.1296,2.8704,N,,08/2018,Analyst
39-5011.00,1.A.4.a.3,Visual Color Discrimination,LV,2.38,8,0.183,2.0164,2.7336,N,N,08/2018,Analyst
39-5011.00,1.A.4.a.4,Night Vision,IM,1.0,8,0.0,1.0,1.0,N,,08/2018,Analyst
39-5011.00,1.A.4.a.4,Night Vision,LV,0.0,8,0.0,0.0,0.0,N,Y,08/2018,Analyst
39-5011.00,1.A.4.a.5,Peripheral Vision,IM,1.0,8,0.0,1.0,1.0,N,,08/2018,Analyst
39-5011.00,1.A.4.a.5,Peripheral Vision,LV,0.0,8,0.0,0.0,0.0,N,Y,08/2018,Analyst
39-5011.00,1.A.4.a.6,Depth Perception,IM,2.12,8,0.125,1.88,2.37,N,,08/2018,Analyst
39-5011.00,1.A.4.a.6,Depth Perception,LV,1.25,8,0.1637,0.9292,1.5708,N,N,08/2018,Analyst
39-5011.00,1.A.4.a.7,Glare Sensitivity,IM,1.0,8,0.0,1.0,1.0,N,,08/2018,Analyst
39-5011.00,1.A.4.a.7,Glare Sensitivity,LV,0.0,8,0.0,0.0,0.0,N,Y,08/2018,Analyst
39-5011.00,1.A.4.b.1,Hearing Sensitivity,IM,1.75,8,0.1637,1.4292,2.0708,N,,08/2018,Analyst
39-5011.00,1.A.4.b.1,Hearing Sensitivity,LV,0.88,8,0.2266,0.4309,1.3191,N,N,08/2018,Analyst
39-5011.00,1.A.4.b.2,Auditory Attention,IM,2.0,8,0.189,1.6296,2.3704,N,,08/2018,Analyst
39-5011.00,1.A.4.b.2,Auditory Attention,LV,1.62,8,0.3239,0.9902,2.2598,N,N,08/2018,Analyst
39-5011.00,1.A.4.b.3,Sound Localization,IM,1.0,8,0.0,1.0,1.0,N,,08/2018,Analyst
39-5011.00,1.A.4.b.3,Sound Localization,LV,0.0,8,0.0,0.0,0.0,N,Y,08/2018,Analyst
39-5011.00,1.A.4.b.4,Speech Recognition,IM,3.25,8,0.1637,2.9292,3.5708,N,,08/2018,Analyst
39-5011.00,1.A.4.b.4,Speech Recognition,LV,3.12,8,0.125,2.88,3.37,N,N,08/2018,Analyst
39-5011.00,1.A.4.b.5,Speech Clarity,IM,3.12,8,0.125,2.88,3.37,N,,08/2018,Analyst
39-5011.00,1.A.4.b.5,Speech Clarity,LV,2.62,8,0.183,2.2664,2.9836,N,N,08/2018,Analyst
39-5012.00,1.A.1.a.1,Oral Comprehension,IM,3.75,8,0.1637,3.4292,4.0708,N,,07/2016,Analyst
39-5012.00,1.A.1.a.1,Oral Comprehension,LV,3.25,8,0.1637,2.9292,3.5708,N,N,07/2016,Analyst
39-5012.00,1.A.1.a.2,Written Comprehension,IM,3.0,8,0.0,3.0,3.0,N,,07/2016,Analyst
39-5012.00,1.A.1.a.2,Written Comprehension,LV,3.0,8,0.0,3.0,3.0,N,N,07/2016,Analyst
39-5012.00,1.A.1.a.3,Oral Expression,IM,3.75,8,0.1637,3.4292,4.0708,N,,07/2016,Analyst
39-5012.00,1.A.1.a.3,Oral Expression,LV,3.38,8,0.183,3.0164,3.7336,N,N,07/2016,Analyst
39-5012.00,1.A.1.a.4,Written Expression,IM,2.88,8,0.125,2.63,3.12,N,,07/2016,Analyst
39-5012.00,1.A.1.a.4,Written Expression,LV,2.12,8,0.125,1.88,2.37,N,N,07/2016,Analyst
39-5012.00,1.A.1.b.1,Fluency of Ideas,IM,3.25,8,0.25,2.76,3.74,N,,07/2016,Analyst
39-5012.00,1.A.1.b.1,Fluency of Ideas,LV,3.12,8,0.125,2.88,3.37,N,N,07/2016,Analyst
39-5012.00,1.A.1.b.2,Originality,IM,3.75,8,0.1637,3.4292,4.0708,N,,07/2016,Analyst
39-5012.00,1.A.1.b.2,Originality,LV,3.12,8,0.125,2.88,3.37,N,N,07/2016,Analyst
39-5012.00,1.A.1.b.3,Problem Sensitivity,IM,3.12,8,0.125,2.88,3.37,N,,07/2016,Analyst
39-5012.00,1.A.1.b.3,Problem Sensitivity,LV,3.12,8,0.125,2.88,3.37,N,N,07/2016,Analyst
39-5012.00,1.A.1.b.4,Deductive Reasoning,IM,3.0,8,0.0,3.0,3.0,N,,07/2016,Analyst
39-5012.00,1.A.1.b.4,Deductive Reasoning,LV,3.12,8,0.125,2.88,3.37,N,N,07/2016,Analyst
39-5012.00,1.A.1.b.5,Inductive Reasoning,IM,3.0,8,0.0,3.0,3.0,N,,07/2016,Analyst
39-5012.00,1.A.1.b.5,Inductive Reasoning,LV,3.0,8,0.0,3.0,3.0,N,N,07/2016,Analyst
39-5012.00,1.A.1.b.6,Information Ordering,IM,3.0,8,0.0,3.0,3.0,N,,07/2016,Analyst
39-5012.00,1.A.1.b.6,Information Ordering,LV,3.0,8,0.0,3.0,3.0,N,N,07/2016,Analyst
39-5012.00,1.A.1.b.7,Category Flexibility,IM,3.0,8,0.0,3.0,3.0,N,,07/2016,Analyst
39-5012.00,1.A.1.b.7,Category Flexibility,LV,3.0,8,0.0,3.0,3.0,N,N,07/2016,Analyst
39-5012.00,1.A.1.c.1,Mathematical Reasoning,IM,2.38,8,0.183,2.0164,2.7336,N,,07/2016,Analyst
39-5012.00,1.A.1.c.1,Mathematical Reasoning,LV,1.88,8,0.125,1.63,2.12,N,N,07/2016,Analyst
39-5012.00,1.A.1.c.2,Number Facility,IM,2.12,8,0.125,1.88,2.37,N,,07/2016,Analyst
39-5012.00,1.A.1.c.2,Number Facility,LV,2.0,8,0.0,2.0,2.0,N,N,07/2016,Analyst
39-5012.00,1.A.1.d.1,Memorization,IM,2.0,8,0.0,2.0,2.0,N,,07/2016,Analyst
39-5012.00,1.A.1.d.1,Memorization,LV,2.12,8,0.125,1.88,2.37,N,N,07/2016,Analyst
39-5012.00,1.A.1.e.1,Speed of Closure,IM,2.5,8,0.189,2.1296,2.8704,N,,07/2016,Analyst
39-5012.00,1.A.1.e.1,Speed of Closure,LV,2.12,8,0.125,1.88,2.37,N,N,07/2016,Analyst
39-5012.00,1.A.1.e.2,Flexibility of Closure,IM,2.88,8,0.125,2.63,3.12,N,,07/2016,Analyst
39-5012.00,1.A.1.e.2,Flexibility of Closure,LV,2.88,8,0.125,2.63,3.12,N,N,07/2016,Analyst
39-5012.00,1.A.1.e.3,Perceptual Speed,IM,2.62,8,0.183,2.2664,2.9836,N,,07/2016,Analyst
39-5012.00,1.A.1.e.3,Perceptual Speed,LV,2.5,8,0.189,2.1296,2.8704,N,N,07/2016,Analyst
39-5012.00,1.A.1.f.1,Spatial Orientation,IM,1.0,8,0.0,1.0,1.0,N,,07/2016,Analyst
39-5012.00,1.A.1.f.1,Spatial Orientation,LV,0.0,8,0.0,0.0,0.0,N,Y,07/2016,Analyst
39-5012.00,1.A.1.f.2,Visualization,IM,3.5,8,0.189,3.1296,3.8704,N,,07/2016,Analyst
39-5012.00,1.A.1.f.2,Visualization,LV,3.62,8,0.183,3.2664,3.9836,N,N,07/2016,Analyst
39-5012.00,1.A.1.g.1,Selective Attention,IM,3.0,8,0.0,3.0,3.0,N,,07/2016,Analyst
39-5012.00,1.A.1.g.1,Selective Attention,LV,2.88,8,0.125,2.63,3.12,N,N,07/2016,Analyst
39-5012.00,1.A.1.g.2,Time Sharing,IM,2.88,8,0.125,2.63,3.12,N,,07/2016,Analyst
39-5012.00,1.A.1.g.2,Time Sharing,LV,3.0,8,0.0,3.0,3.0,N,N,07/2016,Analyst
39-5012.00,1.A.2.a.1,Arm-Hand Steadiness,IM,3.88,8,0.125,3.63,4.12,N,,07/2016,Analyst
39-5012.00,1.A.2.a.1,Arm-Hand Steadiness,LV,3.75,8,0.1637,3.4292,4.0708,N,N,07/2016,Analyst
39-5012.00,1.A.2.a.2,Manual Dexterity,IM,3.88,8,0.125,3.63,4.12,N,,07/2016,Analyst
39-5012.00,1.A.2.a.2,Manual Dexterity,LV,3.75,8,0.1637,3.4292,4.0708,N,N,07/2016,Analyst
39-5012.00,1.A.2.a.3,Finger Dexterity,IM,3.88,8,0.125,3.63,4.12,N,,07/2016,Analyst
39-5012.00,1.A.2.a.3,Finger Dexterity,LV,3.75,8,0.1637,3.4292,4.0708,N,N,07/2016,Analyst
39-5012.00,1.A.2.b.1,Control Precision,IM,2.88,8,0.125,2.63,3.12,N,,07/2016,Analyst
39-5012.00,1.A.2.b.1,Control Precision,LV,3.0,8,0.189,2.6296,3.3704,N,N,07/2016,Analyst
39-5012.00,1.A.2.b.2,Multilimb Coordination,IM,2.88,8,0.125,2.63,3.12,N,,07/2016,Analyst
39-5012.00,1.A.2.b.2,Multilimb Coordination,LV,2.75,8,0.1637,2.4292,3.0708,N,N,07/2016,Analyst
39-5012.00,1.A.2.b.3,Response Orientation,IM,1.0,8,0.0,1.0,1.0,N,,07/2016,Analyst
39-5012.00,1.A.2.b.3,Response Orientation,LV,0.0,8,0.0,0.0,0.0,N,Y,07/2016,Analyst
39-5012.00,1.A.2.b.4,Rate Control,IM,1.0,8,0.0,1.0,1.0,N,,07/2016,Analyst
39-5012.00,1.A.2.b.4,Rate Control,LV,0.0,8,0.0,0.0,0.0,N,Y,07/2016,Analyst
39-5012.00,1.A.2.c.1,Reaction Time,IM,1.0,8,0.0,1.0,1.0,N,,07/2016,Analyst
39-5012.00,1.A.2.c.1,Reaction Time,LV,0.0,8,0.0,0.0,0.0,N,Y,07/2016,Analyst
39-5012.00,1.A.2.c.2,Wrist-Finger Speed,IM,2.0,8,0.0,2.0,2.0,N,,07/2016,Analyst
39-5012.00,1.A.2.c.2,Wrist-Finger Speed,LV,1.88,8,0.125,1.63,2.12,N,N,07/2016,Analyst
39-5012.00,1.A.2.c.3,Speed of Limb Movement,IM,1.0,8,0.0,1.0,1.0,N,,07/2016,Analyst
39-5012.00,1.A.2.c.3,Speed of Limb Movement,LV,0.0,8,0.0,0.0,0.0,N,Y,07/2016,Analyst
39-5012.00,1.A.3.a.1,Static Strength,IM,2.0,8,0.0,2.0,2.0,N,,07/2016,Analyst
39-5012.00,1.A.3.a.1,Static Strength,LV,1.88,8,0.125,1.63,2.12,N,N,07/2016,Analyst
39-5012.00,1.A.3.a.2,Explosive Strength,IM,1.38,8,0.183,1.0164,1.7336,N,,07/2016,Analyst
39-5012.00,1.A.3.a.2,Explosive Strength,LV,0.75,8,0.4119,0.0,1.5573,N,N,07/2016,Analyst
39-5012.00,1.A.3.a.3,Dynamic Strength,IM,2.25,8,0.1637,1.9292,2.5708,N,,07/2016,Analyst
39-5012.00,1.A.3.a.3,Dynamic Strength,LV,1.88,8,0.125,1.63,2.12,N,N,07/2016,Analyst
39-5012.00,1.A.3.a.4,Trunk Strength,IM,2.88,8,0.125,2.63,3.12,N,,07/2016,Analyst
39-5012.00,1.A.3.a.4,Trunk Strength,LV,3.0,8,0.0,3.0,3.0,N,N,07/2016,Analyst
39-5012.00,1.A.3.b.1,Stamina,IM,2.12,8,0.125,1.88,2.37,N,,07/2016,Analyst
39-5012.00,1.A.3.b.1,Stamina,LV,1.5,8,0.189,1.1296,1.8704,N,N,07/2016,Analyst
39-5012.00,1.A.3.c.1,Extent Flexibility,IM,2.75,8,0.1637,2.4292,3.0708,N,,07/2016,Analyst
39-5012.00,1.A.3.c.1,Extent Flexibility,LV,2.75,8,0.1637,2.4292,3.0708,N,N,07/2016,Analyst
39-5012.00,1.A.3.c.2,Dynamic Flexibility,IM,1.12,8,0.125,1.0,1.37,N,,07/2016,Analyst
39-5012.00,1.A.3.c.2,Dynamic Flexibility,LV,0.12,8,0.125,0.0,0.37,N,Y,07/2016,Analyst
39-5012.00,1.A.3.c.3,Gross Body Coordination,IM,1.88,8,0.125,1.63,2.12,N,,07/2016,Analyst
39-5012.00,1.A.3.c.3,Gross Body Coordination,LV,1.25,8,0.25,0.76,1.74,N,N,07/2016,Analyst
39-5012.00,1.A.3.c.4,Gross Body Equilibrium,IM,1.62,8,0.183,1.2664,1.9836,N,,07/2016,Analyst
39-5012.00,1.A.3.c.4,Gross Body Equilibrium,LV,1.0,8,0.378,0.2592,1.7408,N,N,07/2016,Analyst
39-5012.00,1.A.4.a.1,Near Vision,IM,4.0,8,0.0,4.0,4.0,N,,07/2016,Analyst
39-5012.00,1.A.4.a.1,Near Vision,LV,4.0,8,0.0,4.0,4.0,N,N,07/2016,Analyst
39-5012.00,1.A.4.a.2,Far Vision,IM,2.38,8,0.183,2.0164,2.7336,N,,07/2016,Analyst
39-5012.00,1.A.4.a.2,Far Vision,LV,2.62,8,0.183,2.2664,2.9836,N,N,07/2016,Analyst
39-5012.00,1.A.4.a.3,Visual Color Discrimination,IM,3.12,8,0.125,2.88,3.37,N,,07/2016,Analyst
39-5012.00,1.A.4.a.3,Visual Color Discrimination,LV,3.0,8,0.0,3.0,3.0,N,N,07/2016,Analyst
39-5012.00,1.A.4.a.4,Night Vision,IM,1.0,8,0.0,1.0,1.0,N,,07/2016,Analyst
39-5012.00,1.A.4.a.4,Night Vision,LV,0.0,8,0.0,0.0,0.0,N,Y,07/2016,Analyst
39-5012.00,1.A.4.a.5,Peripheral Vision,IM,1.0,8,0.0,1.0,1.0,N,,07/2016,Analyst
39-5012.00,1.A.4.a.5,Peripheral Vision,LV,0.0,8,0.0,0.0,0.0,N,Y,07/2016,Analyst
39-5012.00,1.A.4.a.6,Depth Perception,IM,2.0,8,0.0,2.0,2.0,N,,07/2016,Analyst
39-5012.00,1.A.4.a.6,Depth Perception,LV,1.88,8,0.125,1.63,2.12,N,N,07/2016,Analyst
39-5012.00,1.A.4.a.7,Glare Sensitivity,IM,1.0,8,0.0,1.0,1.0,N,,07/2016,Analyst
39-5012.00,1.A.4.a.7,Glare Sensitivity,LV,0.0,8,0.0,0.0,0.0,N,Y,07/2016,Analyst
39-5012.00,1.A.4.b.1,Hearing Sensitivity,IM,2.0,8,0.0,2.0,2.0,N,,07/2016,Analyst
39-5012.00,1.A.4.b.1,Hearing Sensitivity,LV,1.88,8,0.125,1.63,2.12,N,N,07/2016,Analyst
39-5012.00,1.A.4.b.2,Auditory Attention,IM,2.25,8,0.1637,1.9292,2.5708,N,,07/2016,Analyst
39-5012.00,1.A.4.b.2,Auditory Attention,LV,2.0,8,0.0,2.0,2.0,N,N,07/2016,Analyst
39-5012.00,1.A.4.b.3,Sound Localization,IM,1.0,8,0.0,1.0,1.0,N,,07/2016,Analyst
39-5012.00,1.A.4.b.3,Sound Localization,LV,0.0,8,0.0,0.0,0.0,N,Y,07/2016,Analyst
39-5012.00,1.A.4.b.4,Speech Recognition,IM,3.62,8,0.183,3.2664,3.9836,N,,07/2016,Analyst
39-5012.00,1.A.4.b.4,Speech Recognition,LV,3.25,8,0.1637,2.9292,3.5708,N,N,07/2016,Analyst
39-5012.00,1.A.4.b.5,Speech Clarity,IM,3.25,8,0.1637,2.9292,3.5708,N,,07/2016,Analyst
39-5012.00,1.A.4.b.5,Speech Clarity,LV,3.0,8,0.0,3.0,3.0,N,N,07/2016,Analyst
39-5091.00,1.A.1.a.1,Oral Comprehension,IM,3.75,8,0.1637,3.4292,4.0708,N,,08/2018,Analyst
39-5091.00,1.A.1.a.1,Oral Comprehension,LV,4.0,8,0.0,4.0,4.0,N,N,08/2018,Analyst
39-5091.00,1.A.1.a.2,Written Comprehension,IM,3.12,8,0.125,2.88,3.37,N,,08/2018,Analyst
39-5091.00,1.A.1.a.2,Written Comprehension,LV,3.0,8,0.0,3.0,3.0,N,N,08/2018,Analyst
39-5091.00,1.A.1.a.3,Oral Expression,IM,3.75,8,0.1637,3.4292,4.0708,N,,08/2018,Analyst
39-5091.00,1.A.1.a.3,Oral Expression,LV,3.88,8,0.125,3.63,4.12,N,N,08/2018,Analyst
39-5091.00,1.A.1.a.4,Written Expression,IM,3.0,8,0.0,3.0,3.0,N,,08/2018,Analyst
39-5091.00,1.A.1.a.4,Written Expression,LV,3.0,8,0.0,3.0,3.0,N,N,08/2018,Analyst
39-5091.00,1.A.1.b.1,Fluency of Ideas,IM,3.12,8,0.125,2.88,3.37,N,,08/2018,Analyst
39-5091.00,1.A.1.b.1,Fluency of Ideas,LV,3.62,8,0.2631,3.1094,4.1406,N,N,08/2018,Analyst
39-5091.00,1.A.1.b.2,Originality,IM,3.38,8,0.183,3.0164,3.7336,N,,08/2018,Analyst
39-5091.00,1.A.1.b.2,Originality,LV,3.88,8,0.125,3.63,4.12,N,N,08/2018,Analyst
39-5091.00,1.A.1.b.3,Problem Sensitivity,IM,3.12,8,0.125,2.88,3.37,N,,08/2018,Analyst
39-5091.00,1.A.1.b.3,Problem Sensitivity,LV,3.12,8,0.125,2.88,3.37,N,N,08/2018,Analyst
39-5091.00,1.A.1.b.4,Deductive Reasoning,IM,3.25,8,0.1637,2.9292,3.5708,N,,08/2018,Analyst
39-5091.00,1.A.1.b.4,Deductive Reasoning,LV,3.25,8,0.1637,2.9292,3.5708,N,N,08/2018,Analyst
39-5091.00,1.A.1.b.5,Inductive Reasoning,IM,3.12,8,0.125,2.88,3.37,N,,08/2018,Analyst
39-5091.00,1.A.1.b.5,Inductive Reasoning,LV,3.0,8,0.0,3.0,3.0,N,N,08/2018,Analyst
39-5091.00,1.A.1.b.6,Information Ordering,IM,3.12,8,0.125,2.88,3.37,N,,08/2018,Analyst
39-5091.00,1.A.1.b.6,Information Ordering,LV,3.25,8,0.1637,2.9292,3.5708,N,N,08/2018,Analyst
39-5091.00,1.A.1.b.7,Category Flexibility,IM,3.25,8,0.1637,2.9292,3.5708,N,,08/2018,Analyst
39-5091.00,1.A.1.b.7,Category Flexibility,LV,3.38,8,0.2631,2.8594,3.8906,N,N,08/2018,Analyst
39-5091.00,1.A.1.c.1,Mathematical Reasoning,IM,2.12,8,0.125,1.88,2.37,N,,08/2018,Analyst
39-5091.00,1.A.1.c.1,Mathematical Reasoning,LV,2.0,8,0.0,2.0,2.0,N,N,08/2018,Analyst
39-5091.00,1.A.1.c.2,Number Facility,IM,2.12,8,0.125,1.88,2.37,N,,08/2018,Analyst
39-5091.00,1.A.1.c.2,Number Facility,LV,2.25,8,0.1637,1.9292,2.5708,N,N,08/2018,Analyst
39-5091.00,1.A.1.d.1,Memorization,IM,2.12,8,0.125,1.88,2.37,N,,08/2018,Analyst
39-5091.00,1.A.1.d.1,Memorization,LV,2.12,8,0.125,1.88,2.37,N,N,08/2018,Analyst
39-5091.00,1.A.1.e.1,Speed of Closure,IM,2.5,8,0.189,2.1296,2.8704,N,,08/2018,Analyst
39-5091.00,1.A.1.e.1,Speed of Closure,LV,2.75,8,0.1637,2.4292,3.0708,N,N,08/2018,Analyst
39-5091.00,1.A.1.e.2,Flexibility of Closure,IM,2.75,8,0.1637,2.4292,3.0708,N,,08/2018,Analyst
39-5091.00,1.A.1.e.2,Flexibility of Closure,LV,2.75,8,0.1637,2.4292,3.0708,N,N,08/2018,Analyst
39-5091.00,1.A.1.e.3,Perceptual Speed,IM,2.75,8,0.1637,2.4292,3.0708,N,,08/2018,Analyst
39-5091.00,1.A.1.e.3,Perceptual Speed,LV,2.88,8,0.125,2.63,3.12,N,N,08/2018,Analyst
39-5091.00,1.A.1.f.1,Spatial Orientation,IM,1.12,8,0.125,1.0,1.37,N,,08/2018,Analyst
39-5091.00,1.A.1.f.1,Spatial Orientation,LV,0.12,8,0.125,0.0,0.37,N,Y,08/2018,Analyst
39-5091.00,1.A.1.f.2,Visualization,IM,3.25,8,0.1637,2.9292,3.5708,N,,08/2018,Analyst
39-5091.00,1.A.1.f.2,Visualization,LV,3.88,8,0.2266,3.4309,4.3191,N,N,08/2018,Analyst
39-5091.00,1.A.1.g.1,Selective Attention,IM,3.12,8,0.125,2.88,3.37,N,,08/2018,Analyst
39-5091.00,1.A.1.g.1,Selective Attention,LV,3.12,8,0.125,2.88,3.37,N,N,08/2018,Analyst
39-5091.00,1.A.1.g.2,Time Sharing,IM,2.25,8,0.1637,1.9292,2.5708,N,,08/2018,Analyst
39-5091.00,1.A.1.g.2,Time Sharing,LV,2.0,8,0.0,2.0,2.0,N,N,08/2018,Analyst
39-5091.00,1.A.2.a.1,Arm-Hand Steadiness,IM,3.75,8,0.1637,3.4292,4.0708,N,,08/2018,Analyst
39-5091.00,1.A.2.a.1,Arm-Hand Steadiness,LV,3.88,8,0.125,3.63,4.12,N,N,08/2018,Analyst
39-5091.00,1.A.2.a.2,Manual Dexterity,IM,3.75,8,0.1637,3.4292,4.0708,N,,08/2018,Analyst
39-5091.00,1.A.2.a.2,Manual Dexterity,LV,3.75,8,0.1637,3.4292,4.0708,N,N,08/2018,Analyst
39-5091.00,1.A.2.a.3,Finger Dexterity,IM,3.62,8,0.183,3.2664,3.9836,N,,08/2018,Analyst
39-5091.00,1.A.2.a.3,Finger Dexterity,LV,3.38,8,0.183,3.0164,3.7336,N,N,08/2018,Analyst
39-5091.00,1.A.2.b.1,Control Precision,IM,2.38,8,0.183,2.0164,2.7336,N,,08/2018,Analyst
39-5091.00,1.A.2.b.1,Control Precision,LV,2.12,8,0.125,1.88,2.37,N,N,08/2018,Analyst
39-5091.00,1.A.2.b.2,Multilimb Coordination,IM,2.5,8,0.189,2.1296,2.8704,N,,08/2018,Analyst
39-5091.00,1.A.2.b.2,Multilimb Coordination,LV,2.5,8,0.189,2.1296,2.8704,N,N,08/2018,Analyst
39-5091.00,1.A.2.b.3,Response Orientation,IM,1.0,8,0.0,1.0,1.0,N,,08/2018,Analyst
39-5091.00,1.A.2.b.3,Response Orientation,LV,0.0,8,0.0,0.0,0.0,N,Y,08/2018,Analyst
39-5091.00,1.A.2.b.4,Rate Control,IM,1.0,8,0.0,1.0,1.0,N,,08/2018,Analyst
39-5091.00,1.A.2.b.4,Rate Control,LV,0.0,8,0.0,0.0,0.0,N,Y,08/2018,Analyst
39-5091.00,1.A.2.c.1,Reaction Time,IM,1.0,8,0.0,1.0,1.0,N,,08/2018,Analyst
39-5091.00,1.A.2.c.1,Reaction Time,LV,0.0,8,0.0,0.0,0.0,N,Y,08/2018,Analyst
39-5091.00,1.A.2.c.2,Wrist-Finger Speed,IM,2.0,8,0.189,1.6296,2.3704,N,,08/2018,Analyst
39-5091.00,1.A.2.c.2,Wrist-Finger Speed,LV,1.38,8,0.2631,0.8594,1.8906,N,N,08/2018,Analyst
39-5091.00,1.A.2.c.3,Speed of Limb Movement,IM,1.75,8,0.1637,1.4292,2.0708,N,,08/2018,Analyst
39-5091.00,1.A.2.c.3,Speed of Limb Movement,LV,1.12,8,0.295,0.5467,1.7033,N,N,08/2018,Analyst
39-5091.00,1.A.3.a.1,Static Strength,IM,2.12,8,0.125,1.88,2.37,N,,08/2018,Analyst
39-5091.00,1.A.3.a.1,Static Strength,LV,2.0,8,0.189,1.6296,2.3704,N,N,08/2018,Analyst
39-5091.00,1.A.3.a.2,Explosive Strength,IM,1.12,8,0.125,1.0,1.37,N,,08/2018,Analyst
39-5091.00,1.A.3.a.2,Explosive Strength,LV,0.12,8,0.125,0.0,0.37,N,Y,08/2018,Analyst
39-5091.00,1.A.3.a.3,Dynamic Strength,IM,2.12,8,0.125,1.88,2.37,N,,08/2018,Analyst
39-5091.00,1.A.3.a.3,Dynamic Strength,LV,1.88,8,0.2266,1.4309,2.3191,N,N,08/2018,Analyst
39-5091.00,1.A.3.a.4,Trunk Strength,IM,2.62,8,0.183,2.2664,2.9836,N,,08/2018,Analyst
39-5091.00,1.A.3.a.4,Trunk Strength,LV,2.5,8,0.189,2.1296,2.8704,N,N,08/2018,Analyst
39-5091.00,1.A.3.b.1,Stamina,IM,2.0,8,0.0,2.0,2.0,N,,08/2018,Analyst
39-5091.00,1.A.3.b.1,Stamina,LV,1.62,8,0.183,1.2664,1.9836,N,N,08/2018,Analyst
39-5091.00,1.A.3.c.1,Extent Flexibility,IM,2.38,8,0.183,2.0164,2.7336,N,,08/2018,Analyst
39-5091.00,1.A.3.c.1,Extent Flexibility,LV,2.38,8,0.183,2.0164,2.7336,N,N,08/2018,Analyst
39-5091.00,1.A.3.c.2,Dynamic Flexibility,IM,1.12,8,0.125,1.0,1.37,N,,08/2018,Analyst
39-5091.00,1.A.3.c.2,Dynamic Flexibility,LV,0.12,8,0.125,0.0,0.37,N,Y,08/2018,Analyst
39-5091.00,1.A.3.c.3,Gross Body Coordination,IM,1.88,8,0.125,1.63,2.12,N,,08/2018,Analyst
39-5091.00,1.A.3.c.3,Gross Body Coordination,LV,1.62,8,0.2631,1.1094,2.1406,N,N,08/2018,Analyst
39-5091.00,1.A.3.c.4,Gross Body Equilibrium,IM,1.75,8,0.1637,1.4292,2.0708,N,,08/2018,Analyst
39-5091.00,1.A.3.c.4,Gross Body Equilibrium,LV,0.88,8,0.2266,0.4309,1.3191,N,N,08/2018,Analyst
39-5091.00,1.A.4.a.1,Near Vision,IM,3.88,8,0.125,3.63,4.12,N,,08/2018,Analyst
39-5091.00,1.A.4.a.1,Near Vision,LV,4.0,8,0.189,3.6296,4.3704,N,N,08/2018,Analyst
39-5091.00,1.A.4.a.2,Far Vision,IM,3.12,8,0.125,2.88,3.37,N,,08/2018,Analyst
39-5091.00,1.A.4.a.2,Far Vision,LV,3.25,8,0.1637,2.9292,3.5708,N,N,08/2018,Analyst
39-5091.00,1.A.4.a.3,Visual Color Discrimination,IM,3.62,8,0.183,3.2664,3.9836,N,,08/2018,Analyst
39-5091.00,1.A.4.a.3,Visual Color Discrimination,LV,4.25,8,0.1637,3.9292,4.5708,N,N,08/2018,Analyst
39-5091.00,1.A.4.a.4,Night Vision,IM,1.12,8,0.125,1.0,1.37,N,,08/2018,Analyst
39-5091.00,1.A.4.a.4,Night Vision,LV,0.12,8,0.125,0.0,0.37,N,Y,08/2018,Analyst
39-5091.00,1.A.4.a.5,Peripheral Vision,IM,1.0,8,0.0,1.0,1.0,N,,08/2018,Analyst
39-5091.00,1.A.4.a.5,Peripheral Vision,LV,0.0,8,0.0,0.0,0.0,N,Y,08/2018,Analyst
39-5091.00,1.A.4.a.6,Depth Perception,IM,2.12,8,0.125,1.88,2.37,N,,08/2018,Analyst
39-5091.00,1.A.4.a.6,Depth Perception,LV,2.0,8,0.0,2.0,2.0,N,N,08/2018,Analyst
39-5091.00,1.A.4.a.7,Glare Sensitivity,IM,1.75,8,0.1637,1.4292,2.0708,N,,08/2018,Analyst
39-5091.00,1.A.4.a.7,Glare Sensitivity,LV,1.5,8,0.3273,0.8584,2.1416,N,N,08/2018,Analyst
39-5091.00,1.A.4.b.1,Hearing Sensitivity,IM,1.75,8,0.1637,1.4292,2.0708,N,,08/2018,Analyst
39-5091.00,1.A.4.b.1,Hearing Sensitivity,LV,1.5,8,0.3273,0.8584,2.1416,N,N,08/2018,Analyst
39-5091.00,1.A.4.b.2,Auditory Attention,IM,2.38,8,0.183,2.0164,2.7336,N,,08/2018,Analyst
39-5091.00,1.A.4.b.2,Auditory Attention,LV,2.12,8,0.125,1.88,2.37,N,N,08/2018,Analyst
39-5091.00,1.A.4.b.3,Sound Localization,IM,1.0,8,0.0,1.0,1.0,N,,08/2018,Analyst
39-5091.00,1.A.4.b.3,Sound Localization,LV,0.0,8,0.0,0.0,0.0,N,Y,08/2018,Analyst
39-5091.00,1.A.4.b.4,Speech Recognition,IM,3.38,8,0.183,3.0164,3.7336,N,,08/2018,Analyst
39-5091.00,1.A.4.b.4,Speech Recognition,LV,3.25,8,0.1637,2.9292,3.5708,N,N,08/2018,Analyst
39-5091.00,1.A.4.b.5,Speech Clarity,IM,3.25,8,0.1637,2.9292,3.5708,N,,08/2018,Analyst
39-5091.00,1.A.4.b.5,Speech Clarity,LV,2.88,8,0.125,2.63,3.12,N,N,08/2018,Analyst
39-5092.00,1.A.1.a.1,Oral Comprehension,IM,2.88,8,0.125,2.63,3.12,N,,07/2015,Analyst
39-5092.00,1.A.1.a.1,Oral Comprehension,LV,2.75,8,0.1637,2.4292,3.0708,N,N,07/2015,Analyst
39-5092.00,1.A.1.a.2,Written Comprehension,IM,2.5,8,0.189,2.1296,2.8704,N,,07/2015,Analyst
39-5092.00,1.A.1.a.2,Written Comprehension,LV,2.25,8,0.1637,1.9292,2.5708,N,N,07/2015,Analyst
39-5092.00,1.A.1.a.3,Oral Expression,IM,3.0,8,0.0,3.0,3.0,N,,07/2015,Analyst
39-5092.00,1.A.1.a.3,Oral Expression,LV,2.75,8,0.1637,2.4292,3.0708,N,N,07/2015,Analyst
39-5092.00,1.A.1.a.4,Written Expression,IM,2.12,8,0.125,1.88,2.37,N,,07/2015,Analyst
39-5092.00,1.A.1.a.4,Written Expression,LV,1.75,8,0.1637,1.4292,2.0708,N,N,07/2015,Analyst
39-5092.00,1.A.1.b.1,Fluency of Ideas,IM,2.25,8,0.1637,1.9292,2.5708,N,,07/2015,Analyst
39-5092.00,1.A.1.b.1,Fluency of Ideas,LV,2.0,8,0.0,2.0,2.0,N,N,07/2015,Analyst
39-5092.00,1.A.1.b.2,Originality,IM,2.62,8,0.183,2.2664,2.9836,N,,07/2015,Analyst
39-5092.00,1.A.1.b.2,Originality,LV,2.12,8,0.125,1.88,2.37,N,N,07/2015,Analyst
39-5092.00,1.A.1.b.3,Problem Sensitivity,IM,2.75,8,0.1637,2.4292,3.0708,N,,07/2015,Analyst
39-5092.00,1.A.1.b.3,Problem Sensitivity,LV,2.5,8,0.189,2.1296,2.8704,N,N,07/2015,Analyst
39-5092.00,1.A.1.b.4,Deductive Reasoning,IM,2.5,8,0.189,2.1296,2.8704,N,,07/2015,Analyst
39-5092.00,1.A.1.b.4,Deductive Reasoning,LV,2.38,8,0.183,2.0164,2.7336,N,N,07/2015,Analyst
39-5092.00,1.A.1.b.5,Inductive Reasoning,IM,2.62,8,0.183,2.2664,2.9836,N,,07/2015,Analyst
39-5092.00,1.A.1.b.5,Inductive Reasoning,LV,2.25,8,0.1637,1.9292,2.5708,N,N,07/2015,Analyst
39-5092.00,1.A.1.b.6,Information Ordering,IM,2.62,8,0.183,2.2664,2.9836,N,,07/2015,Analyst
39-5092.00,1.A.1.b.6,Information Ordering,LV,2.12,8,0.125,1.88,2.37,N,N,07/2015,Analyst
39-5092.00,1.A.1.b.7,Category Flexibility,IM,2.5,8,0.189,2.1296,2.8704,N,,07/2015,Analyst
39-5092.00,1.A.1.b.7,Category Flexibility,LV,2.5,8,0.189,2.1296,2.8704,N,N,07/2015,Analyst
39-5092.00,1.A.1.c.1,Mathematical Reasoning,IM,1.38,8,0.183,1.0164,1.7336,N,,07/2015,Analyst
39-5092.00,1.A.1.c.1,Mathematical Reasoning,LV,0.38,8,0.183,0.0164,0.7336,N,N,07/2015,Analyst
39-5092.00,1.A.1.c.2,Number Facility,IM,1.75,8,0.25,1.26,2.24,N,,07/2015,Analyst
39-5092.00,1.A.1.c.2,Number Facility,LV,1.12,8,0.3504,0.4383,1.8117,N,N,07/2015,Analyst
39-5092.00,1.A.1.d.1,Memorization,IM,1.75,8,0.1637,1.4292,2.0708,N,,07/2015,Analyst
39-5092.00,1.A.1.d.1,Memorization,LV,0.88,8,0.2266,0.4309,1.3191,N,N,07/2015,Analyst
39-5092.00,1.A.1.e.1,Speed of Closure,IM,2.0,8,0.0,2.0,2.0,N,,07/2015,Analyst
39-5092.00,1.A.1.e.1,Speed of Closure,LV,1.75,8,0.1637,1.4292,2.0708,N,N,07/2015,Analyst
39-5092.00,1.A.1.e.2,Flexibility of Closure,IM,2.12,8,0.125,1.88,2.37,N,,07/2015,Analyst
39-5092.00,1.A.1.e.2,Flexibility of Closure,LV,2.0,8,0.0,2.0,2.0,N,N,07/2015,Analyst
39-5092.00,1.A.1.e.3,Perceptual Speed,IM,2.0,8,0.0,2.0,2.0,N,,07/2015,Analyst
39-5092.00,1.A.1.e.3,Perceptual Speed,LV,2.0,8,0.0,2.0,2.0,N,N,07/2015,Analyst
39-5092.00,1.A.1.f.1,Spatial Orientation,IM,1.0,8,0.0,1.0,1.0,N,,07/2015,Analyst
39-5092.00,1.A.1.f.1,Spatial Orientation,LV,0.0,8,0.0,0.0,0.0,N,Y,07/2015,Analyst
39-5092.00,1.A.1.f.2,Visualization,IM,2.5,8,0.189,2.1296,2.8704,N,,07/2015,Analyst
39-5092.00,1.A.1.f.2,Visualization,LV,2.0,8,0.0,2.0,2.0,N,N,07/2015,Analyst
39-5092.00,1.A.1.g.1,Selective Attention,IM,2.88,8,0.125,2.63,3.12,N,,07/2015,Analyst
39-5092.00,1.A.1.g.1,Selective Attention,LV,2.25,8,0.1637,1.9292,2.5708,N,N,07/2015,Analyst
39-5092.00,1.A.1.g.2,Time Sharing,IM,2.62,8,0.183,2.2664,2.9836,N,,07/2015,Analyst
39-5092.00,1.A.1.g.2,Time Sharing,LV,2.0,8,0.0,2.0,2.0,N,N,07/2015,Analyst
39-5092.00,1.A.2.a.1,Arm-Hand Steadiness,IM,3.12,8,0.125,2.88,3.37,N,,07/2015,Analyst
39-5092.00,1.A.2.a.1,Arm-Hand Steadiness,LV,3.12,8,0.125,2.88,3.37,N,N,07/2015,Analyst
39-5092.00,1.A.2.a.2,Manual Dexterity,IM,3.0,8,0.189,2.6296,3.3704,N,,07/2015,Analyst
39-5092.00,1.A.2.a.2,Manual Dexterity,LV,2.38,8,0.3239,1.7402,3.0098,N,N,07/2015,Analyst
39-5092.00,1.A.2.a.3,Finger Dexterity,IM,3.12,8,0.125,2.88,3.37,N,,07/2015,Analyst
39-5092.00,1.A.2.a.3,Finger Dexterity,LV,3.0,8,0.189,2.6296,3.3704,N,N,07/2015,Analyst
39-5092.00,1.A.2.b.1,Control Precision,IM,2.88,8,0.2266,2.4309,3.3191,N,,07/2015,Analyst
39-5092.00,1.A.2.b.1,Control Precision,LV,2.25,8,0.1637,1.9292,2.5708,N,N,07/2015,Analyst
39-5092.00,1.A.2.b.2,Multilimb Coordination,IM,2.25,8,0.3134,1.6358,2.8642,N,,07/2015,Analyst
39-5092.00,1.A.2.b.2,Multilimb Coordination,LV,1.5,8,0.378,0.7592,2.2408,N,N,07/2015,Analyst
39-5092.00,1.A.2.b.3,Response Orientation,IM,1.12,8,0.125,1.0,1.37,N,,07/2015,Analyst
39-5092.00,1.A.2.b.3,Response Orientation,LV,0.25,8,0.25,0.0,0.74,N,Y,07/2015,Analyst
39-5092.00,1.A.2.b.4,Rate Control,IM,1.25,8,0.1637,1.0,1.5708,N,,07/2015,Analyst
39-5092.00,1.A.2.b.4,Rate Control,LV,0.25,8,0.1637,0.0,0.5708,N,Y,07/2015,Analyst
39-5092.00,1.A.2.c.1,Reaction Time,IM,1.12,8,0.125,1.0,1.37,N,,07/2015,Analyst
39-5092.00,1.A.2.c.1,Reaction Time,LV,0.25,8,0.25,0.0,0.74,N,Y,07/2015,Analyst
39-5092.00,1.A.2.c.2,Wrist-Finger Speed,IM,1.38,8,0.183,1.0164,1.7336,N,,07/2015,Analyst
39-5092.00,1.A.2.c.2,Wrist-Finger Speed,LV,0.62,8,0.3239,0.0,1.2598,N,N,07/2015,Analyst
39-5092.00,1.A.2.c.3,Speed of Limb Movement,IM,1.0,8,0.0,1.0,1.0,N,,07/2015,Analyst
39-5092.00,1.A.2.c.3,Speed of Limb Movement,LV,0.0,8,0.0,0.0,0.0,N,Y,07/2015,Analyst
39-5092.00,1.A.3.a.1,Static Strength,IM,1.38,8,0.183,1.0164,1.7336,N,,07/2015,Analyst
39-5092.00,1.A.3.a.1,Static Strength,LV,0.5,8,0.2673,0.0,1.0238,N,N,07/2015,Analyst
39-5092.00,1.A.3.a.2,Explosive Strength,IM,1.0,8,0.0,1.0,1.0,N,,07/2015,Analyst
39-5092.00,1.A.3.a.2,Explosive Strength,LV,0.0,8,0.0,0.0,0.0,N,Y,07/2015,Analyst
39-5092.00,1.A.3.a.3,Dynamic Strength,IM,1.5,8,0.189,1.1296,1.8704,N,,07/2015,Analyst
39-5092.00,1.A.3.a.3,Dynamic Strength,LV,0.88,8,0.3504,0.1883,1.5617,N,N,07/2015,Analyst
39-5092.00,1.A.3.a.4,Trunk Strength,IM,1.5,8,0.189,1.1296,1.8704,N,,07/2015,Analyst
39-5092.00,1.A.3.a.4,Trunk Strength,LV,0.88,8,0.3504,0.1883,1.5617,N,N,07/2015,Analyst
39-5092.00,1.A.3.b.1,Stamina,IM,1.12,8,0.125,1.0,1.37,N,,07/2015,Analyst
39-5092.00,1.A.3.b.1,Stamina,LV,0.12,8,0.125,0.0,0.37,N,Y,07/2015,Analyst
39-5092.00,1.A.3.c.1,Extent Flexibility,IM,1.0,8,0.0,1.0,1.0,N,,07/2015,Analyst
39-5092.00,1.A.3.c.1,Extent Flexibility,LV,0.0,8,0.0,0.0,0.0,N,Y,07/2015,Analyst
39-5092.00,1.A.3.c.2,Dynamic Flexibility,IM,1.0,8,0.0,1.0,1.0,N,,07/2015,Analyst
39-5092.00,1.A.3.c.2,Dynamic Flexibility,LV,0.0,8,0.0,0.0,0.0,N,Y,07/2015,Analyst
39-5092.00,1.A.3.c.3,Gross Body Coordination,IM,1.0,8,0.0,1.0,1.0,N,,07/2015,Analyst
39-5092.00,1.A.3.c.3,Gross Body Coordination,LV,0.0,8,0.0,0.0,0.0,N,Y,07/2015,Analyst
39-5092.00,1.A.3.c.4,Gross Body Equilibrium,IM,1.0,8,0.0,1.0,1.0,N,,07/2015,Analyst
39-5092.00,1.A.3.c.4,Gross Body Equilibrium,LV,0.0,8,0.0,0.0,0.0,N,Y,07/2015,Analyst
39-5092.00,1.A.4.a.1,Near Vision,IM,3.5,8,0.189,3.1296,3.8704,N,,07/2015,Analyst
39-5092.00,1.A.4.a.1,Near Vision,LV,3.12,8,0.125,2.88,3.37,N,N,07/2015,Analyst
39-5092.00,1.A.4.a.2,Far Vision,IM,2.38,8,0.183,2.0164,2.7336,N,,07/2015,Analyst
39-5092.00,1.A.4.a.2,Far Vision,LV,2.12,8,0.125,1.88,2.37,N,N,07/2015,Analyst
39-5092.00,1.A.4.a.3,Visual Color Discrimination,IM,2.75,8,0.1637,2.4292,3.0708,N,,07/2015,Analyst
39-5092.00,1.A.4.a.3,Visual Color Discrimination,LV,2.25,8,0.1637,1.9292,2.5708,N,N,07/2015,Analyst
39-5092.00,1.A.4.a.4,Night Vision,IM,1.0,8,0.0,1.0,1.0,N,,07/2015,Analyst
39-5092.00,1.A.4.a.4,Night Vision,LV,0.0,8,0.0,0.0,0.0,N,Y,07/2015,Analyst
39-5092.00,1.A.4.a.5,Peripheral Vision,IM,1.0,8,0.0,1.0,1.0,N,,07/2015,Analyst
39-5092.00,1.A.4.a.5,Peripheral Vision,LV,0.0,8,0.0,0.0,0.0,N,Y,07/2015,Analyst
39-5092.00,1.A.4.a.6,Depth Perception,IM,1.62,8,0.183,1.2664,1.9836,N,,07/2015,Analyst
39-5092.00,1.A.4.a.6,Depth Perception,LV,1.25,8,0.366,0.5327,1.9673,N,N,07/2015,Analyst
39-5092.00,1.A.4.a.7,Glare Sensitivity,IM,1.0,8,0.0,1.0,1.0,N,,07/2015,Analyst
39-5092.00,1.A.4.a.7,Glare Sensitivity,LV,0.0,8,0.0,0.0,0.0,N,Y,07/2015,Analyst
39-5092.00,1.A.4.b.1,Hearing Sensitivity,IM,2.0,8,0.0,2.0,2.0,N,,07/2015,Analyst
39-5092.00,1.A.4.b.1,Hearing Sensitivity,LV,1.75,8,0.1637,1.4292,2.0708,N,N,07/2015,Analyst
39-5092.00,1.A.4.b.2,Auditory Attention,IM,2.0,8,0.0,2.0,2.0,N,,07/2015,Analyst
39-5092.00,1.A.4.b.2,Auditory Attention,LV,1.75,8,0.1637,1.4292,2.0708,N,N,07/2015,Analyst
39-5092.00,1.A.4.b.3,Sound Localization,IM,1.0,8,0.0,1.0,1.0,N,,07/2015,Analyst
39-5092.00,1.A.4.b.3,Sound Localization,LV,0.0,8,0.0,0.0,0.0,N,Y,07/2015,Analyst
39-5092.00,1.A.4.b.4,Speech Recognition,IM,3.0,8,0.0,3.0,3.0,N,,07/2015,Analyst
39-5092.00,1.A.4.b.4,Speech Recognition,LV,3.0,8,0.189,2.6296,3.3704,N,N,07/2015,Analyst
39-5092.00,1.A.4.b.5,Speech Clarity,IM,2.88,8,0.125,2.63,3.12,N,,07/2015,Analyst
39-5092.00,1.A.4.b.5,Speech Clarity,LV,2.75,8,0.1637,2.4292,3.0708,N,N,07/2015,Analyst
39-5093.00,1.A.1.a.1,Oral Comprehension,IM,3.62,8,0.183,3.2664,3.9836,N,,06/2008,Analyst
39-5093.00,1.A.1.a.1,Oral Comprehension,LV,2.62,8,0.2631,2.1094,3.1406,N,N,06/2008,Analyst
39-5093.00,1.A.1.a.2,Written Comprehension,IM,2.62,8,0.183,2.2664,2.9836,N,,06/2008,Analyst
39-5093.00,1.A.1.a.2,Written Comprehension,LV,2.5,8,0.2673,1.9762,3.0238,N,N,06/2008,Analyst
39-5093.00,1.A.1.a.3,Oral Expression,IM,3.38,8,0.183,3.0164,3.7336,N,,06/2008,Analyst
39-5093.00,1.A.1.a.3,Oral Expression,LV,2.88,8,0.2266,2.4309,3.3191,N,N,06/2008,Analyst
39-5093.00,1.A.1.a.4,Written Expression,IM,2.5,8,0.2673,1.9762,3.0238,N,,06/2008,Analyst
39-5093.00,1.A.1.a.4,Written Expression,LV,2.0,8,0.3273,1.3584,2.6416,N,N,06/2008,Analyst
39-5093.00,1.A.1.b.1,Fluency of Ideas,IM,1.88,8,0.2266,1.4309,2.3191,N,,06/2008,Analyst
39-5093.00,1.A.1.b.1,Fluency of Ideas,LV,1.75,8,0.4119,0.9427,2.5573,N,N,06/2008,Analyst
39-5093.00,1.A.1.b.2,Originality,IM,2.0,8,0.2673,1.4762,2.5238,N,,06/2008,Analyst
39-5093.00,1.A.1.b.2,Originality,LV,1.62,8,0.4199,0.8019,2.4481,N,N,06/2008,Analyst
39-5093.00,1.A.1.b.3,Problem Sensitivity,IM,2.75,8,0.1637,2.4292,3.0708,N,,06/2008,Analyst
39-5093.00,1.A.1.b.3,Problem Sensitivity,LV,2.25,8,0.1637,1.9292,2.5708,N,N,06/2008,Analyst
39-5093.00,1.A.1.b.4,Deductive Reasoning,IM,2.75,8,0.1637,2.4292,3.0708,N,,06/2008,Analyst
39-5093.00,1.A.1.b.4,Deductive Reasoning,LV,2.38,8,0.2631,1.8594,2.8906,N,N,06/2008,Analyst
39-5093.00,1.A.1.b.5,Inductive Reasoning,IM,2.62,8,0.183,2.2664,2.9836,N,,06/2008,Analyst
39-5093.00,1.A.1.b.5,Inductive Reasoning,LV,2.38,8,0.3239,1.7402,3.0098,N,N,06/2008,Analyst
39-5093.00,1.A.1.b.6,Information Ordering,IM,2.62,8,0.183,2.2664,2.9836,N,,06/2008,Analyst
39-5093.00,1.A.1.b.6,Information Ordering,LV,2.0,8,0.189,1.6296,2.3704,N,N,06/2008,Analyst
39-5093.00,1.A.1.b.7,Category Flexibility,IM,2.5,8,0.189,2.1296,2.8704,N,,06/2008,Analyst
39-5093.00,1.A.1.b.7,Category Flexibility,LV,2.25,8,0.1637,1.9292,2.5708,N,N,06/2008,Analyst
39-5093.00,1.A.1.c.1,Mathematical Reasoning,IM,1.62,8,0.183,1.2664,1.9836,N,,06/2008,Analyst
39-5093.00,1.A.1.c.1,Mathematical Reasoning,LV,0.75,8,0.25,0.26,1.24,N,N,06/2008,Analyst
39-5093.00,1.A.1.c.2,Number Facility,IM,1.62,8,0.183,1.2664,1.9836,N,,06/2008,Analyst
39-5093.00,1.A.1.c.2,Number Facility,LV,0.88,8,0.295,0.2967,1.4533,N,N,06/2008,Analyst
39-5093.00,1.A.1.d.1,Memorization,IM,1.62,8,0.183,1.2664,1.9836,N,,06/2008,Analyst
39-5093.00,1.A.1.d.1,Memorization,LV,1.38,8,0.4199,0.5519,2.1981,N,N,06/2008,Analyst
39-5093.00,1.A.1.e.1,Speed of Closure,IM,1.75,8,0.25,1.26,2.24,N,,06/2008,Analyst
39-5093.00,1.A.1.e.1,Speed of Closure,LV,1.38,8,0.4199,0.5519,2.1981,N,N,06/2008,Analyst
39-5093.00,1.A.1.e.2,Flexibility of Closure,IM,2.25,8,0.3134,1.6358,2.8642,N,,06/2008,Analyst
39-5093.00,1.A.1.e.2,Flexibility of Closure,LV,1.75,8,0.4119,0.9427,2.5573,N,N,06/2008,Analyst
39-5093.00,1.A.1.e.3,Perceptual Speed,IM,1.88,8,0.2266,1.4309,2.3191,N,,06/2008,Analyst
39-5093.00,1.A.1.e.3,Perceptual Speed,LV,1.62,8,0.375,0.89,2.36,N,N,06/2008,Analyst
39-5093.00,1.A.1.f.1,Spatial Orientation,IM,1.0,8,0.0,1.0,1.0,N,,06/2008,Analyst
39-5093.00,1.A.1.f.1,Spatial Orientation,LV,0.0,8,0.0,0.0,0.0,N,Y,06/2008,Analyst
39-5093.00,1.A.1.f.2,Visualization,IM,2.0,8,0.2673,1.4762,2.5238,N,,06/2008,Analyst
39-5093.00,1.A.1.f.2,Visualization,LV,1.62,8,0.375,0.89,2.36,N,N,06/2008,Analyst
39-5093.00,1.A.1.g.1,Selective Attention,IM,2.75,8,0.1637,2.4292,3.0708,N,,06/2008,Analyst
39-5093.00,1.A.1.g.1,Selective Attention,LV,2.38,8,0.2631,1.8594,2.8906,N,N,06/2008,Analyst
39-5093.00,1.A.1.g.2,Time Sharing,IM,2.5,8,0.189,2.1296,2.8704,N,,06/2008,Analyst
39-5093.00,1.A.1.g.2,Time Sharing,LV,2.25,8,0.1637,1.9292,2.5708,N,N,06/2008,Analyst
39-5093.00,1.A.2.a.1,Arm-Hand Steadiness,IM,3.12,8,0.2266,2.6809,3.5691,N,,06/2008,Analyst
39-5093.00,1.A.2.a.1,Arm-Hand Steadiness,LV,2.75,8,0.25,2.26,3.24,N,N,06/2008,Analyst
39-5093.00,1.A.2.a.2,Manual Dexterity,IM,3.0,8,0.189,2.6296,3.3704,N,,06/2008,Analyst
39-5093.00,1.A.2.a.2,Manual Dexterity,LV,2.88,8,0.2266,2.4309,3.3191,N,N,06/2008,Analyst
39-5093.00,1.A.2.a.3,Finger Dexterity,IM,2.88,8,0.2266,2.4309,3.3191,N,,06/2008,Analyst
39-5093.00,1.A.2.a.3,Finger Dexterity,LV,2.75,8,0.25,2.26,3.24,N,N,06/2008,Analyst
39-5093.00,1.A.2.b.1,Control Precision,IM,2.38,8,0.183,2.0164,2.7336,N,,06/2008,Analyst
39-5093.00,1.A.2.b.1,Control Precision,LV,2.12,8,0.125,1.88,2.37,N,N,06/2008,Analyst
39-5093.00,1.A.2.b.2,Multilimb Coordination,IM,2.25,8,0.366,1.5327,2.9673,N,,06/2008,Analyst
39-5093.00,1.A.2.b.2,Multilimb Coordination,LV,1.75,8,0.4532,0.8618,2.6382,N,N,06/2008,Analyst
39-5093.00,1.A.2.b.3,Response Orientation,IM,1.0,8,0.0,1.0,1.0,N,,06/2008,Analyst
39-5093.00,1.A.2.b.3,Response Orientation,LV,0.0,8,0.0,0.0,0.0,N,Y,06/2008,Analyst
39-5093.00,1.A.2.b.4,Rate Control,IM,1.0,8,0.0,1.0,1.0,N,,06/2008,Analyst
39-5093.00,1.A.2.b.4,Rate Control,LV,0.0,8,0.0,0.0,0.0,N,Y,06/2008,Analyst
39-5093.00,1.A.2.c.1,Reaction Time,IM,1.0,8,0.0,1.0,1.0,N,,06/2008,Analyst
39-5093.00,1.A.2.c.1,Reaction Time,LV,0.0,8,0.0,0.0,0.0,N,Y,06/2008,Analyst
39-5093.00,1.A.2.c.2,Wrist-Finger Speed,IM,1.75,8,0.3134,1.1358,2.3642,N,,06/2008,Analyst
39-5093.00,1.A.2.c.2,Wrist-Finger Speed,LV,1.12,8,0.4795,0.1852,2.0648,N,N,06/2008,Analyst
39-5093.00,1.A.2.c.3,Speed of Limb Movement,IM,1.25,8,0.1637,1.0,1.5708,N,,06/2008,Analyst
39-5093.00,1.A.2.c.3,Speed of Limb Movement,LV,0.5,8,0.3273,0.0,1.1416,N,Y,06/2008,Analyst
39-5093.00,1.A.3.a.1,Static Strength,IM,2.25,8,0.3134,1.6358,2.8642,N,,06/2008,Analyst
39-5093.00,1.A.3.a.1,Static Strength,LV,1.5,8,0.3273,0.8584,2.1416,N,N,06/2008,Analyst
39-5093.00,1.A.3.a.2,Explosive Strength,IM,1.0,8,0.0,1.0,1.0,N,,06/2008,Analyst
39-5093.00,1.A.3.a.2,Explosive Strength,LV,0.0,8,0.0,0.0,0.0,N,Y,06/2008,Analyst
39-5093.00,1.A.3.a.3,Dynamic Strength,IM,2.38,8,0.2631,1.8594,2.8906,N,,06/2008,Analyst
39-5093.00,1.A.3.a.3,Dynamic Strength,LV,2.0,8,0.3273,1.3584,2.6416,N,N,06/2008,Analyst
39-5093.00,1.A.3.a.4,Trunk Strength,IM,2.75,8,0.1637,2.4292,3.0708,N,,06/2008,Analyst
39-5093.00,1.A.3.a.4,Trunk Strength,LV,2.75,8,0.1637,2.4292,3.0708,N,N,06/2008,Analyst
39-5093.00,1.A.3.b.1,Stamina,IM,2.25,8,0.25,1.76,2.74,N,,06/2008,Analyst
39-5093.00,1.A.3.b.1,Stamina,LV,1.88,8,0.3504,1.1883,2.5617,N,N,06/2008,Analyst
39-5093.00,1.A.3.c.1,Extent Flexibility,IM,2.38,8,0.183,2.0164,2.7336,N,,06/2008,Analyst
39-5093.00,1.A.3.c.1,Extent Flexibility,LV,2.38,8,0.183,2.0164,2.7336,N,N,06/2008,Analyst
39-5093.00,1.A.3.c.2,Dynamic Flexibility,IM,1.25,8,0.1637,1.0,1.5708,N,,06/2008,Analyst
39-5093.00,1.A.3.c.2,Dynamic Flexibility,LV,0.38,8,0.2631,0.0,0.8906,N,Y,06/2008,Analyst
39-5093.00,1.A.3.c.3,Gross Body Coordination,IM,1.5,8,0.189,1.1296,1.8704,N,,06/2008,Analyst
39-5093.00,1.A.3.c.3,Gross Body Coordination,LV,1.0,8,0.378,0.2592,1.7408,N,N,06/2008,Analyst
39-5093.00,1.A.3.c.4,Gross Body Equilibrium,IM,1.38,8,0.183,1.0164,1.7336,N,,06/2008,Analyst
39-5093.00,1.A.3.c.4,Gross Body Equilibrium,LV,0.38,8,0.183,0.0164,0.7336,N,N,06/2008,Analyst
39-5093.00,1.A.4.a.1,Near Vision,IM,3.12,8,0.125,2.88,3.37,N,,06/2008,Analyst
39-5093.00,1.A.4.a.1,Near Vision,LV,2.88,8,0.2266,2.4309,3.3191,N,N,06/2008,Analyst
39-5093.00,1.A.4.a.2,Far Vision,IM,2.25,8,0.3134,1.6358,2.8642,N,,06/2008,Analyst
39-5093.00,1.A.4.a.2,Far Vision,LV,1.75,8,0.4119,0.9427,2.5573,N,N,06/2008,Analyst
39-5093.00,1.A.4.a.3,Visual Color Discrimination,IM,2.38,8,0.3239,1.7402,3.0098,N,,06/2008,Analyst
39-5093.00,1.A.4.a.3,Visual Color Discrimination,LV,2.0,8,0.378,1.2592,2.7408,N,N,06/2008,Analyst
39-5093.00,1.A.4.a.4,Night Vision,IM,1.0,8,0.0,1.0,1.0,N,,06/2008,Analyst
39-5093.00,1.A.4.a.4,Night Vision,LV,0.0,8,0.0,0.0,0.0,N,Y,06/2008,Analyst
39-5093.00,1.A.4.a.5,Peripheral Vision,IM,1.0,8,0.0,1.0,1.0,N,,06/2008,Analyst
39-5093.00,1.A.4.a.5,Peripheral Vision,LV,0.0,8,0.0,0.0,0.0,N,Y,06/2008,Analyst
39-5093.00,1.A.4.a.6,Depth Perception,IM,1.5,8,0.189,1.1296,1.8704,N,,06/2008,Analyst
39-5093.00,1.A.4.a.6,Depth Perception,LV,0.75,8,0.3134,0.1358,1.3642,N,N,06/2008,Analyst
39-5093.00,1.A.4.a.7,Glare Sensitivity,IM,1.0,8,0.0,1.0,1.0,N,,06/2008,Analyst
39-5093.00,1.A.4.a.7,Glare Sensitivity,LV,0.0,8,0.0,0.0,0.0,N,Y,06/2008,Analyst
39-5093.00,1.A.4.b.1,Hearing Sensitivity,IM,1.75,8,0.25,1.26,2.24,N,,06/2008,Analyst
39-5093.00,1.A.4.b.1,Hearing Sensitivity,LV,1.25,8,0.4119,0.4427,2.0573,N,N,06/2008,Analyst
39-5093.00,1.A.4.b.2,Auditory Attention,IM,1.62,8,0.183,1.2664,1.9836,N,,06/2008,Analyst
39-5093.00,1.A.4.b.2,Auditory Attention,LV,1.25,8,0.4119,0.4427,2.0573,N,N,06/2008,Analyst
39-5093.00,1.A.4.b.3,Sound Localization,IM,1.0,8,0.0,1.0,1.0,N,,06/2008,Analyst
39-5093.00,1.A.4.b.3,Sound Localization,LV,0.0,8,0.0,0.0,0.0,N,Y,06/2008,Analyst
39-5093.00,1.A.4.b.4,Speech Recognition,IM,2.88,8,0.125,2.63,3.12,N,,06/2008,Analyst
39-5093.00,1.A.4.b.4,Speech Recognition,LV,2.75,8,0.25,2.26,3.24,N,N,06/2008,Analyst
39-5093.00,1.A.4.b.5,Speech Clarity,IM,3.25,8,0.1637,2.9292,3.5708,N,,06/2008,Analyst
39-5093.00,1.A.4.b.5,Speech Clarity,LV,2.5,8,0.189,2.1296,2.8704,N,N,06/2008,Analyst
39-5094.00,1.A.1.a.1,Oral Comprehension,IM,3.88,8,0.125,3.63,4.12,N,,07/2012,Analyst
39-5094.00,1.A.1.a.1,Oral Comprehension,LV,3.75,8,0.1637,3.4292,4.0708,N,N,07/2012,Analyst
39-5094.00,1.A.1.a.2,Written Comprehension,IM,3.25,8,0.1637,2.9292,3.5708,N,,07/2012,Analyst
39-5094.00,1.A.1.a.2,Written Comprehension,LV,3.25,8,0.1637,2.9292,3.5708,N,N,07/2012,Analyst
39-5094.00,1.A.1.a.3,Oral Expression,IM,3.88,8,0.125,3.63,4.12,N,,07/2012,Analyst
39-5094.00,1.A.1.a.3,Oral Expression,LV,3.75,8,0.1637,3.4292,4.0708,N,N,07/2012,Analyst
39-5094.00,1.A.1.a.4,Written Expression,IM,3.0,8,0.189,2.6296,3.3704,N,,07/2012,Analyst
39-5094.00,1.A.1.a.4,Written Expression,LV,2.88,8,0.125,2.63,3.12,N,N,07/2012,Analyst
39-5094.00,1.A.1.b.1,Fluency of Ideas,IM,2.88,8,0.125,2.63,3.12,N,,07/2012,Analyst
39-5094.00,1.A.1.b.1,Fluency of Ideas,LV,3.0,8,0.0,3.0,3.0,N,N,07/2012,Analyst
39-5094.00,1.A.1.b.2,Originality,IM,3.0,8,0.0,3.0,3.0,N,,07/2012,Analyst
39-5094.00,1.A.1.b.2,Originality,LV,2.88,8,0.125,2.63,3.12,N,N,07/2012,Analyst
39-5094.00,1.A.1.b.3,Problem Sensitivity,IM,3.12,8,0.125,2.88,3.37,N,,07/2012,Analyst
39-5094.00,1.A.1.b.3,Problem Sensitivity,LV,3.0,8,0.0,3.0,3.0,N,N,07/2012,Analyst
39-5094.00,1.A.1.b.4,Deductive Reasoning,IM,3.12,8,0.125,2.88,3.37,N,,07/2012,Analyst
39-5094.00,1.A.1.b.4,Deductive Reasoning,LV,3.0,8,0.0,3.0,3.0,N,N,07/2012,Analyst
39-5094.00,1.A.1.b.5,Inductive Reasoning,IM,2.88,8,0.125,2.63,3.12,N,,07/2012,Analyst
39-5094.00,1.A.1.b.5,Inductive Reasoning,LV,3.0,8,0.0,3.0,3.0,N,N,07/2012,Analyst
39-5094.00,1.A.1.b.6,Information Ordering,IM,2.88,8,0.125,2.63,3.12,N,,07/2012,Analyst
39-5094.00,1.A.1.b.6,Information Ordering,LV,2.88,8,0.125,2.63,3.12,N,N,07/2012,Analyst
39-5094.00,1.A.1.b.7,Category Flexibility,IM,2.88,8,0.125,2.63,3.12,N,,07/2012,Analyst
39-5094.00,1.A.1.b.7,Category Flexibility,LV,3.0,8,0.0,3.0,3.0,N,N,07/2012,Analyst
39-5094.00,1.A.1.c.1,Mathematical Reasoning,IM,1.5,8,0.189,1.1296,1.8704,N,,07/2012,Analyst
39-5094.00,1.A.1.c.1,Mathematical Reasoning,LV,0.62,8,0.2631,0.1094,1.1406,N,N,07/2012,Analyst
39-5094.00,1.A.1.c.2,Number Facility,IM,1.5,8,0.189,1.1296,1.8704,N,,07/2012,Analyst
39-5094.00,1.A.1.c.2,Number Facility,LV,1.0,8,0.378,0.2592,1.7408,N,N,07/2012,Analyst
39-5094.00,1.A.1.d.1,Memorization,IM,2.0,8,0.0,2.0,2.0,N,,07/2012,Analyst
39-5094.00,1.A.1.d.1,Memorization,LV,1.25,8,0.1637,0.9292,1.5708,N,N,07/2012,Analyst
39-5094.00,1.A.1.e.1,Speed of Closure,IM,2.0,8,0.0,2.0,2.0,N,,07/2012,Analyst
39-5094.00,1.A.1.e.1,Speed of Closure,LV,1.88,8,0.125,1.63,2.12,N,N,07/2012,Analyst
39-5094.00,1.A.1.e.2,Flexibility of Closure,IM,2.62,8,0.183,2.2664,2.9836,N,,07/2012,Analyst
39-5094.00,1.A.1.e.2,Flexibility of Closure,LV,2.12,8,0.125,1.88,2.37,N,N,07/2012,Analyst
39-5094.00,1.A.1.e.3,Perceptual Speed,IM,2.12,8,0.125,1.88,2.37,N,,07/2012,Analyst
39-5094.00,1.A.1.e.3,Perceptual Speed,LV,2.0,8,0.0,2.0,2.0,N,N,07/2012,Analyst
39-5094.00,1.A.1.f.1,Spatial Orientation,IM,1.0,8,0.0,1.0,1.0,N,,07/2012,Analyst
39-5094.00,1.A.1.f.1,Spatial Orientation,LV,0.0,8,0.0,0.0,0.0,N,Y,07/2012,Analyst
39-5094.00,1.A.1.f.2,Visualization,IM,2.25,8,0.1637,1.9292,2.5708,N,,07/2012,Analyst
39-5094.00,1.A.1.f.2,Visualization,LV,2.12,8,0.125,1.88,2.37,N,N,07/2012,Analyst
39-5094.00,1.A.1.g.1,Selective Attention,IM,3.0,8,0.189,2.6296,3.3704,N,,07/2012,Analyst
39-5094.00,1.A.1.g.1,Selective Attention,LV,2.75,8,0.1637,2.4292,3.0708,N,N,07/2012,Analyst
39-5094.00,1.A.1.g.2,Time Sharing,IM,2.38,8,0.183,2.0164,2.7336,N,,07/2012,Analyst
39-5094.00,1.A.1.g.2,Time Sharing,LV,2.38,8,0.183,2.0164,2.7336,N,N,07/2012,Analyst
39-5094.00,1.A.2.a.1,Arm-Hand Steadiness,IM,3.25,8,0.1637,2.9292,3.5708,N,,07/2012,Analyst
39-5094.00,1.A.2.a.1,Arm-Hand Steadiness,LV,3.25,8,0.1637,2.9292,3.5708,N,N,07/2012,Analyst
39-5094.00,1.A.2.a.2,Manual Dexterity,IM,3.0,8,0.189,2.6296,3.3704,N,,07/2012,Analyst
39-5094.00,1.A.2.a.2,Manual Dexterity,LV,2.88,8,0.125,2.63,3.12,N,N,07/2012,Analyst
39-5094.00,1.A.2.a.3,Finger Dexterity,IM,3.12,8,0.125,2.88,3.37,N,,07/2012,Analyst
39-5094.00,1.A.2.a.3,Finger Dexterity,LV,2.88,8,0.125,2.63,3.12,N,N,07/2012,Analyst
39-5094.00,1.A.2.b.1,Control Precision,IM,2.75,8,0.1637,2.4292,3.0708,N,,07/2012,Analyst
39-5094.00,1.A.2.b.1,Control Precision,LV,2.62,8,0.183,2.2664,2.9836,N,N,07/2012,Analyst
39-5094.00,1.A.2.b.2,Multilimb Coordination,IM,2.5,8,0.189,2.1296,2.8704,N,,07/2012,Analyst
39-5094.00,1.A.2.b.2,Multilimb Coordination,LV,2.0,8,0.0,2.0,2.0,N,N,07/2012,Analyst
39-5094.00,1.A.2.b.3,Response Orientation,IM,1.25,8,0.1637,1.0,1.5708,N,,07/2012,Analyst
39-5094.00,1.A.2.b.3,Response Orientation,LV,0.25,8,0.1637,0.0,0.5708,N,Y,07/2012,Analyst
39-5094.00,1.A.2.b.4,Rate Control,IM,1.25,8,0.1637,1.0,1.5708,N,,07/2012,Analyst
39-5094.00,1.A.2.b.4,Rate Control,LV,0.25,8,0.1637,0.0,0.5708,N,Y,07/2012,Analyst
39-5094.00,1.A.2.c.1,Reaction Time,IM,1.25,8,0.1637,1.0,1.5708,N,,07/2012,Analyst
39-5094.00,1.A.2.c.1,Reaction Time,LV,0.25,8,0.1637,0.0,0.5708,N,Y,07/2012,Analyst
39-5094.00,1.A.2.c.2,Wrist-Finger Speed,IM,1.88,8,0.125,1.63,2.12,N,,07/2012,Analyst
39-5094.00,1.A.2.c.2,Wrist-Finger Speed,LV,0.88,8,0.125,0.63,1.12,N,N,07/2012,Analyst
39-5094.00,1.A.2.c.3,Speed of Limb Movement,IM,1.0,8,0.0,1.0,1.0,N,,07/2012,Analyst
39-5094.00,1.A.2.c.3,Speed of Limb Movement,LV,0.0,8,0.0,0.0,0.0,N,Y,07/2012,Analyst
39-5094.00,1.A.3.a.1,Static Strength,IM,2.12,8,0.125,1.88,2.37,N,,07/2012,Analyst
39-5094.00,1.A.3.a.1,Static Strength,LV,1.88,8,0.125,1.63,2.12,N,N,07/2012,Analyst
39-5094.00,1.A.3.a.2,Explosive Strength,IM,1.0,8,0.0,1.0,1.0,N,,07/2012,Analyst
39-5094.00,1.A.3.a.2,Explosive Strength,LV,0.0,8,0.0,0.0,0.0,N,Y,07/2012,Analyst
39-5094.00,1.A.3.a.3,Dynamic Strength,IM,2.12,8,0.125,1.88,2.37,N,,07/2012,Analyst
39-5094.00,1.A.3.a.3,Dynamic Strength,LV,1.62,8,0.2631,1.1094,2.1406,N,N,07/2012,Analyst
39-5094.00,1.A.3.a.4,Trunk Strength,IM,2.25,8,0.1637,1.9292,2.5708,N,,07/2012,Analyst
39-5094.00,1.A.3.a.4,Trunk Strength,LV,2.0,8,0.0,2.0,2.0,N,N,07/2012,Analyst
39-5094.00,1.A.3.b.1,Stamina,IM,2.0,8,0.0,2.0,2.0,N,,07/2012,Analyst
39-5094.00,1.A.3.b.1,Stamina,LV,1.75,8,0.1637,1.4292,2.0708,N,N,07/2012,Analyst
39-5094.00,1.A.3.c.1,Extent Flexibility,IM,2.25,8,0.1637,1.9292,2.5708,N,,07/2012,Analyst
39-5094.00,1.A.3.c.1,Extent Flexibility,LV,2.0,8,0.0,2.0,2.0,N,N,07/2012,Analyst
39-5094.00,1.A.3.c.2,Dynamic Flexibility,IM,1.0,8,0.0,1.0,1.0,N,,07/2012,Analyst
39-5094.00,1.A.3.c.2,Dynamic Flexibility,LV,0.0,8,0.0,0.0,0.0,N,Y,07/2012,Analyst
39-5094.00,1.A.3.c.3,Gross Body Coordination,IM,1.38,8,0.183,1.0164,1.7336,N,,07/2012,Analyst
39-5094.00,1.A.3.c.3,Gross Body Coordination,LV,0.5,8,0.2673,0.0,1.0238,N,N,07/2012,Analyst
39-5094.00,1.A.3.c.4,Gross Body Equilibrium,IM,1.25,8,0.1637,1.0,1.5708,N,,07/2012,Analyst
39-5094.00,1.A.3.c.4,Gross Body Equilibrium,LV,0.25,8,0.1637,0.0,0.5708,N,Y,07/2012,Analyst
39-5094.00,1.A.4.a.1,Near Vision,IM,3.62,8,0.2631,3.1094,4.1406,N,,07/2012,Analyst
39-5094.00,1.A.4.a.1,Near Vision,LV,3.75,8,0.25,3.26,4.24,N,N,07/2012,Analyst
39-5094.00,1.A.4.a.2,Far Vision,IM,2.0,8,0.0,2.0,2.0,N,,07/2012,Analyst
39-5094.00,1.A.4.a.2,Far Vision,LV,2.0,8,0.0,2.0,2.0,N,N,07/2012,Analyst
39-5094.00,1.A.4.a.3,Visual Color Discrimination,IM,2.88,8,0.125,2.63,3.12,N,,07/2012,Analyst
39-5094.00,1.A.4.a.3,Visual Color Discrimination,LV,3.0,8,0.189,2.6296,3.3704,N,N,07/2012,Analyst
39-5094.00,1.A.4.a.4,Night Vision,IM,1.0,8,0.0,1.0,1.0,N,,07/2012,Analyst
39-5094.00,1.A.4.a.4,Night Vision,LV,0.0,8,0.0,0.0,0.0,N,Y,07/2012,Analyst
39-5094.00,1.A.4.a.5,Peripheral Vision,IM,1.0,8,0.0,1.0,1.0,N,,07/2012,Analyst
39-5094.00,1.A.4.a.5,Peripheral Vision,LV,0.0,8,0.0,0.0,0.0,N,Y,07/2012,Analyst
39-5094.00,1.A.4.a.6,Depth Perception,IM,2.0,8,0.0,2.0,2.0,N,,07/2012,Analyst
39-5094.00,1.A.4.a.6,Depth Perception,LV,1.62,8,0.183,1.2664,1.9836,N,N,07/2012,Analyst
39-5094.00,1.A.4.a.7,Glare Sensitivity,IM,1.12,8,0.125,1.0,1.37,N,,07/2012,Analyst
39-5094.00,1.A.4.a.7,Glare Sensitivity,LV,0.12,8,0.125,0.0,0.37,N,Y,07/2012,Analyst
39-5094.00,1.A.4.b.1,Hearing Sensitivity,IM,1.88,8,0.125,1.63,2.12,N,,07/2012,Analyst
39-5094.00,1.A.4.b.1,Hearing Sensitivity,LV,1.38,8,0.2631,0.8594,1.8906,N,N,07/2012,Analyst
39-5094.00,1.A.4.b.2,Auditory Attention,IM,1.75,8,0.1637,1.4292,2.0708,N,,07/2012,Analyst
39-5094.00,1.A.4.b.2,Auditory Attention,LV,1.12,8,0.295,0.5467,1.7033,N,N,07/2012,Analyst
39-5094.00,1.A.4.b.3,Sound Localization,IM,1.0,8,0.0,1.0,1.0,N,,07/2012,Analyst
39-5094.00,1.A.4.b.3,Sound Localization,LV,0.0,8,0.0,0.0,0.0,N,Y,07/2012,Analyst
39-5094.00,1.A.4.b.4,Speech Recognition,IM,3.5,8,0.2673,2.9762,4.0238,N,,07/2012,Analyst
39-5094.00,1.A.4.b.4,Speech Recognition,LV,3.0,8,0.189,2.6296,3.3704,N,N,07/2012,Analyst
39-5094.00,1.A.4.b.5,Speech Clarity,IM,3.5,8,0.2673,2.9762,4.0238,N,,07/2012,Analyst
39-5094.00,1.A.4.b.5,Speech Clarity,LV,2.88,8,0.125,2.63,3.12,N,N,07/2012,Analyst
39-6011.00,1.A.1.a.1,Oral Comprehension,IM,3.75,8,0.1637,3.4292,4.0708,N,,08/2018,Analyst
39-6011.00,1.A.1.a.1,Oral Comprehension,LV,3.12,8,0.125,2.88,3.37,N,N,08/2018,Analyst
39-6011.00,1.A.1.a.2,Written Comprehension,IM,2.88,8,0.125,2.63,3.12,N,,08/2018,Analyst
39-6011.00,1.A.1.a.2,Written Comprehension,LV,2.88,8,0.125,2.63,3.12,N,N,08/2018,Analyst
39-6011.00,1.A.1.a.3,Oral Expression,IM,3.75,8,0.1637,3.4292,4.0708,N,,08/2018,Analyst
39-6011.00,1.A.1.a.3,Oral Expression,LV,3.62,8,0.183,3.2664,3.9836,N,N,08/2018,Analyst
39-6011.00,1.A.1.a.4,Written Expression,IM,2.75,8,0.1637,2.4292,3.0708,N,,08/2018,Analyst
39-6011.00,1.A.1.a.4,Written Expression,LV,2.12,8,0.125,1.88,2.37,N,N,08/2018,Analyst
39-6011.00,1.A.1.b.1,Fluency of Ideas,IM,2.38,8,0.183,2.0164,2.7336,N,,08/2018,Analyst
39-6011.00,1.A.1.b.1,Fluency of Ideas,LV,2.12,8,0.125,1.88,2.37,N,N,08/2018,Analyst
39-6011.00,1.A.1.b.2,Originality,IM,2.38,8,0.183,2.0164,2.7336,N,,08/2018,Analyst
39-6011.00,1.A.1.b.2,Originality,LV,2.0,8,0.0,2.0,2.0,N,N,08/2018,Analyst
39-6011.00,1.A.1.b.3,Problem Sensitivity,IM,3.0,8,0.189,2.6296,3.3704,N,,08/2018,Analyst
39-6011.00,1.A.1.b.3,Problem Sensitivity,LV,2.75,8,0.1637,2.4292,3.0708,N,N,08/2018,Analyst
39-6011.00,1.A.1.b.4,Deductive Reasoning,IM,2.88,8,0.125,2.63,3.12,N,,08/2018,Analyst
39-6011.00,1.A.1.b.4,Deductive Reasoning,LV,2.25,8,0.1637,1.9292,2.5708,N,N,08/2018,Analyst
39-6011.00,1.A.1.b.5,Inductive Reasoning,IM,2.88,8,0.125,2.63,3.12,N,,08/2018,Analyst
39-6011.00,1.A.1.b.5,Inductive Reasoning,LV,2.12,8,0.125,1.88,2.37,N,N,08/2018,Analyst
39-6011.00,1.A.1.b.6,Information Ordering,IM,2.88,8,0.125,2.63,3.12,N,,08/2018,Analyst
39-6011.00,1.A.1.b.6,Information Ordering,LV,2.5,8,0.189,2.1296,2.8704,N,N,08/2018,Analyst
39-6011.00,1.A.1.b.7,Category Flexibility,IM,2.75,8,0.1637,2.4292,3.0708,N,,08/2018,Analyst
39-6011.00,1.A.1.b.7,Category Flexibility,LV,2.25,8,0.1637,1.9292,2.5708,N,N,08/2018,Analyst
39-6011.00,1.A.1.c.1,Mathematical Reasoning,IM,2.0,8,0.0,2.0,2.0,N,,08/2018,Analyst
39-6011.00,1.A.1.c.1,Mathematical Reasoning,LV,1.62,8,0.183,1.2664,1.9836,N,N,08/2018,Analyst
39-6011.00,1.A.1.c.2,Number Facility,IM,2.12,8,0.125,1.88,2.37,N,,08/2018,Analyst
39-6011.00,1.A.1.c.2,Number Facility,LV,1.5,8,0.189,1.1296,1.8704,N,N,08/2018,Analyst
39-6011.00,1.A.1.d.1,Memorization,IM,2.0,8,0.0,2.0,2.0,N,,08/2018,Analyst
39-6011.00,1.A.1.d.1,Memorization,LV,2.12,8,0.125,1.88,2.37,N,N,08/2018,Analyst
39-6011.00,1.A.1.e.1,Speed of Closure,IM,2.0,8,0.0,2.0,2.0,N,,08/2018,Analyst
39-6011.00,1.A.1.e.1,Speed of Closure,LV,2.0,8,0.189,1.6296,2.3704,N,N,08/2018,Analyst
39-6011.00,1.A.1.e.2,Flexibility of Closure,IM,2.25,8,0.1637,1.9292,2.5708,N,,08/2018,Analyst
39-6011.00,1.A.1.e.2,Flexibility of Closure,LV,2.12,8,0.125,1.88,2.37,N,N,08/2018,Analyst
39-6011.00,1.A.1.e.3,Perceptual Speed,IM,2.62,8,0.183,2.2664,2.9836,N,,08/2018,Analyst
39-6011.00,1.A.1.e.3,Perceptual Speed,LV,2.38,8,0.183,2.0164,2.7336,N,N,08/2018,Analyst
39-6011.00,1.A.1.f.1,Spatial Orientation,IM,2.62,8,0.183,2.2664,2.9836,N,,08/2018,Analyst
39-6011.00,1.A.1.f.1,Spatial Orientation,LV,2.25,8,0.1637,1.9292,2.5708,N,N,08/2018,Analyst
39-6011.00,1.A.1.f.2,Visualization,IM,2.25,8,0.1637,1.9292,2.5708,N,,08/2018,Analyst
39-6011.00,1.A.1.f.2,Visualization,LV,2.12,8,0.125,1.88,2.37,N,N,08/2018,Analyst
39-6011.00,1.A.1.g.1,Selective Attention,IM,3.0,8,0.0,3.0,3.0,N,,08/2018,Analyst
39-6011.00,1.A.1.g.1,Selective Attention,LV,2.88,8,0.125,2.63,3.12,N,N,08/2018,Analyst
39-6011.00,1.A.1.g.2,Time Sharing,IM,3.0,8,0.0,3.0,3.0,N,,08/2018,Analyst
39-6011.00,1.A.1.g.2,Time Sharing,LV,2.88,8,0.125,2.63,3.12,N,N,08/2018,Analyst
39-6011.00,1.A.2.a.1,Arm-Hand Steadiness,IM,2.75,8,0.1637,2.4292,3.0708,N,,08/2018,Analyst
39-6011.00,1.A.2.a.1,Arm-Hand Steadiness,LV,2.25,8,0.1637,1.9292,2.5708,N,N,08/2018,Analyst
39-6011.00,1.A.2.a.2,Manual Dexterity,IM,2.88,8,0.125,2.63,3.12,N,,08/2018,Analyst
39-6011.00,1.A.2.a.2,Manual Dexterity,LV,2.5,8,0.189,2.1296,2.8704,N,N,08/2018,Analyst
39-6011.00,1.A.2.a.3,Finger Dexterity,IM,2.62,8,0.183,2.2664,2.9836,N,,08/2018,Analyst
39-6011.00,1.A.2.a.3,Finger Dexterity,LV,2.25,8,0.1637,1.9292,2.5708,N,N,08/2018,Analyst
39-6011.00,1.A.2.b.1,Control Precision,IM,2.88,8,0.125,2.63,3.12,N,,08/2018,Analyst
39-6011.00,1.A.2.b.1,Control Precision,LV,2.75,8,0.1637,2.4292,3.0708,N,N,08/2018,Analyst
39-6011.00,1.A.2.b.2,Multilimb Coordination,IM,3.25,8,0.1637,2.9292,3.5708,N,,08/2018,Analyst
39-6011.00,1.A.2.b.2,Multilimb Coordination,LV,2.75,8,0.1637,2.4292,3.0708,N,N,08/2018,Analyst
39-6011.00,1.A.2.b.3,Response Orientation,IM,2.0,8,0.0,2.0,2.0,N,,08/2018,Analyst
39-6011.00,1.A.2.b.3,Response Orientation,LV,2.0,8,0.189,1.6296,2.3704,N,N,08/2018,Analyst
39-6011.00,1.A.2.b.4,Rate Control,IM,2.12,8,0.125,1.88,2.37,N,,08/2018,Analyst
39-6011.00,1.A.2.b.4,Rate Control,LV,1.5,8,0.2673,0.9762,2.0238,N,N,08/2018,Analyst
39-6011.00,1.A.2.c.1,Reaction Time,IM,2.12,8,0.125,1.88,2.37,N,,08/2018,Analyst
39-6011.00,1.A.2.c.1,Reaction Time,LV,1.75,8,0.25,1.26,2.24,N,N,08/2018,Analyst
39-6011.00,1.A.2.c.2,Wrist-Finger Speed,IM,1.75,8,0.1637,1.4292,2.0708,N,,08/2018,Analyst
39-6011.00,1.A.2.c.2,Wrist-Finger Speed,LV,1.12,8,0.295,0.5467,1.7033,N,N,08/2018,Analyst
39-6011.00,1.A.2.c.3,Speed of Limb Movement,IM,2.0,8,0.2673,1.4762,2.5238,N,,08/2018,Analyst
39-6011.00,1.A.2.c.3,Speed of Limb Movement,LV,1.25,8,0.3134,0.6358,1.8642,N,N,08/2018,Analyst
39-6011.00,1.A.3.a.1,Static Strength,IM,3.5,8,0.2673,2.9762,4.0238,N,,08/2018,Analyst
39-6011.00,1.A.3.a.1,Static Strength,LV,3.75,8,0.1637,3.4292,4.0708,N,N,08/2018,Analyst
39-6011.00,1.A.3.a.2,Explosive Strength,IM,1.88,8,0.295,1.2967,2.4533,N,,08/2018,Analyst
39-6011.00,1.A.3.a.2,Explosive Strength,LV,1.25,8,0.4532,0.3618,2.1382,N,N,08/2018,Analyst
39-6011.00,1.A.3.a.3,Dynamic Strength,IM,2.62,8,0.183,2.2664,2.9836,N,,08/2018,Analyst
39-6011.00,1.A.3.a.3,Dynamic Strength,LV,2.62,8,0.183,2.2664,2.9836,N,N,08/2018,Analyst
39-6011.00,1.A.3.a.4,Trunk Strength,IM,3.75,8,0.1637,3.4292,4.0708,N,,08/2018,Analyst
39-6011.00,1.A.3.a.4,Trunk Strength,LV,3.12,8,0.125,2.88,3.37,N,N,08/2018,Analyst
39-6011.00,1.A.3.b.1,Stamina,IM,3.0,8,0.0,3.0,3.0,N,,08/2018,Analyst
39-6011.00,1.A.3.b.1,Stamina,LV,2.88,8,0.125,2.63,3.12,N,N,08/2018,Analyst
39-6011.00,1.A.3.c.1,Extent Flexibility,IM,3.0,8,0.189,2.6296,3.3704,N,,08/2018,Analyst
39-6011.00,1.A.3.c.1,Extent Flexibility,LV,2.88,8,0.125,2.63,3.12,N,N,08/2018,Analyst
39-6011.00,1.A.3.c.2,Dynamic Flexibility,IM,1.12,8,0.125,1.0,1.37,N,,08/2018,Analyst
39-6011.00,1.A.3.c.2,Dynamic Flexibility,LV,0.25,8,0.25,0.0,0.74,N,Y,08/2018,Analyst
39-6011.00,1.A.3.c.3,Gross Body Coordination,IM,2.62,8,0.183,2.2664,2.9836,N,,08/2018,Analyst
39-6011.00,1.A.3.c.3,Gross Body Coordination,LV,2.75,8,0.1637,2.4292,3.0708,N,N,08/2018,Analyst
39-6011.00,1.A.3.c.4,Gross Body Equilibrium,IM,2.12,8,0.125,1.88,2.37,N,,08/2018,Analyst
39-6011.00,1.A.3.c.4,Gross Body Equilibrium,LV,2.0,8,0.3273,1.3584,2.6416,N,N,08/2018,Analyst
39-6011.00,1.A.4.a.1,Near Vision,IM,3.0,8,0.0,3.0,3.0,N,,08/2018,Analyst
39-6011.00,1.A.4.a.1,Near Vision,LV,3.12,8,0.125,2.88,3.37,N,N,08/2018,Analyst
39-6011.00,1.A.4.a.2,Far Vision,IM,2.75,8,0.1637,2.4292,3.0708,N,,08/2018,Analyst
39-6011.00,1.A.4.a.2,Far Vision,LV,2.75,8,0.1637,2.4292,3.0708,N,N,08/2018,Analyst
39-6011.00,1.A.4.a.3,Visual Color Discrimination,IM,2.0,8,0.0,2.0,2.0,N,,08/2018,Analyst
39-6011.00,1.A.4.a.3,Visual Color Discrimination,LV,2.0,8,0.189,1.6296,2.3704,N,N,08/2018,Analyst
39-6011.00,1.A.4.a.4,Night Vision,IM,1.75,8,0.1637,1.4292,2.0708,N,,08/2018,Analyst
39-6011.00,1.A.4.a.4,Night Vision,LV,1.0,8,0.2673,0.4762,1.5238,N,N,08/2018,Analyst
39-6011.00,1.A.4.a.5,Peripheral Vision,IM,1.88,8,0.125,1.63,2.12,N,,08/2018,Analyst
39-6011.00,1.A.4.a.5,Peripheral Vision,LV,1.25,8,0.25,0.76,1.74,N,N,08/2018,Analyst
39-6011.00,1.A.4.a.6,Depth Perception,IM,2.5,8,0.189,2.1296,2.8704,N,,08/2018,Analyst
39-6011.00,1.A.4.a.6,Depth Perception,LV,2.12,8,0.125,1.88,2.37,N,N,08/2018,Analyst
39-6011.00,1.A.4.a.7,Glare Sensitivity,IM,1.88,8,0.125,1.63,2.12,N,,08/2018,Analyst
39-6011.00,1.A.4.a.7,Glare Sensitivity,LV,1.25,8,0.25,0.76,1.74,N,N,08/2018,Analyst
39-6011.00,1.A.4.b.1,Hearing Sensitivity,IM,2.0,8,0.0,2.0,2.0,N,,08/2018,Analyst
39-6011.00,1.A.4.b.1,Hearing Sensitivity,LV,2.12,8,0.125,1.88,2.37,N,N,08/2018,Analyst
39-6011.00,1.A.4.b.2,Auditory Attention,IM,2.88,8,0.125,2.63,3.12,N,,08/2018,Analyst
39-6011.00,1.A.4.b.2,Auditory Attention,LV,2.62,8,0.183,2.2664,2.9836,N,N,08/2018,Analyst
39-6011.00,1.A.4.b.3,Sound Localization,IM,2.0,8,0.0,2.0,2.0,N,,08/2018,Analyst
39-6011.00,1.A.4.b.3,Sound Localization,LV,1.38,8,0.183,1.0164,1.7336,N,N,08/2018,Analyst
39-6011.00,1.A.4.b.4,Speech Recognition,IM,3.5,8,0.189,3.1296,3.8704,N,,08/2018,Analyst
39-6011.00,1.A.4.b.4,Speech Recognition,LV,3.0,8,0.0,3.0,3.0,N,N,08/2018,Analyst
39-6011.00,1.A.4.b.5,Speech Clarity,IM,3.12,8,0.125,2.88,3.37,N,,08/2018,Analyst
39-6011.00,1.A.4.b.5,Speech Clarity,LV,3.0,8,0.0,3.0,3.0,N,N,08/2018,Analyst
39-6012.00,1.A.1.a.1,Oral Comprehension,IM,4.0,8,0.0,4.0,4.0,N,,08/2020,Analyst
39-6012.00,1.A.1.a.1,Oral Comprehension,LV,4.0,8,0.0,4.0,4.0,N,N,08/2020,Analyst
39-6012.00,1.A.1.a.2,Written Comprehension,IM,3.12,8,0.125,2.88,3.37,N,,08/2020,Analyst
39-6012.00,1.A.1.a.2,Written Comprehension,LV,3.38,8,0.183,3.0164,3.7336,N,N,08/2020,Analyst
39-6012.00,1.A.1.a.3,Oral Expression,IM,4.0,8,0.0,4.0,4.0,N,,08/2020,Analyst
39-6012.00,1.A.1.a.3,Oral Expression,LV,4.0,8,0.0,4.0,4.0,N,N,08/2020,Analyst
39-6012.00,1.A.1.a.4,Written Expression,IM,3.0,8,0.0,3.0,3.0,N,,08/2020,Analyst
39-6012.00,1.A.1.a.4,Written Expression,LV,3.0,8,0.0,3.0,3.0,N,N,08/2020,Analyst
39-6012.00,1.A.1.b.1,Fluency of Ideas,IM,3.12,8,0.125,2.88,3.37,N,,08/2020,Analyst
39-6012.00,1.A.1.b.1,Fluency of Ideas,LV,3.12,8,0.125,2.88,3.37,N,N,08/2020,Analyst
39-6012.00,1.A.1.b.2,Originality,IM,3.0,8,0.0,3.0,3.0,N,,08/2020,Analyst
39-6012.00,1.A.1.b.2,Originality,LV,3.12,8,0.125,2.88,3.37,N,N,08/2020,Analyst
39-6012.00,1.A.1.b.3,Problem Sensitivity,IM,3.5,8,0.189,3.1296,3.8704,N,,08/2020,Analyst
39-6012.00,1.A.1.b.3,Problem Sensitivity,LV,3.38,8,0.183,3.0164,3.7336,N,N,08/2020,Analyst
39-6012.00,1.A.1.b.4,Deductive Reasoning,IM,3.5,8,0.189,3.1296,3.8704,N,,08/2020,Analyst
39-6012.00,1.A.1.b.4,Deductive Reasoning,LV,3.0,8,0.0,3.0,3.0,N,N,08/2020,Analyst
39-6012.00,1.A.1.b.5,Inductive Reasoning,IM,3.0,8,0.189,2.6296,3.3704,N,,08/2020,Analyst
39-6012.00,1.A.1.b.5,Inductive Reasoning,LV,2.88,8,0.125,2.63,3.12,N,N,08/2020,Analyst
39-6012.00,1.A.1.b.6,Information Ordering,IM,3.12,8,0.125,2.88,3.37,N,,08/2020,Analyst
39-6012.00,1.A.1.b.6,Information Ordering,LV,2.88,8,0.125,2.63,3.12,N,N,08/2020,Analyst
39-6012.00,1.A.1.b.7,Category Flexibility,IM,2.88,8,0.125,2.63,3.12,N,,08/2020,Analyst
39-6012.00,1.A.1.b.7,Category Flexibility,LV,3.0,8,0.0,3.0,3.0,N,N,08/2020,Analyst
39-6012.00,1.A.1.c.1,Mathematical Reasoning,IM,2.0,8,0.0,2.0,2.0,N,,08/2020,Analyst
39-6012.00,1.A.1.c.1,Mathematical Reasoning,LV,2.0,8,0.0,2.0,2.0,N,N,08/2020,Analyst
39-6012.00,1.A.1.c.2,Number Facility,IM,2.12,8,0.125,1.88,2.37,N,,08/2020,Analyst
39-6012.00,1.A.1.c.2,Number Facility,LV,2.12,8,0.125,1.88,2.37,N,N,08/2020,Analyst
39-6012.00,1.A.1.d.1,Memorization,IM,2.62,8,0.183,2.2664,2.9836,N,,08/2020,Analyst
39-6012.00,1.A.1.d.1,Memorization,LV,3.0,8,0.0,3.0,3.0,N,N,08/2020,Analyst
39-6012.00,1.A.1.e.1,Speed of Closure,IM,2.25,8,0.1637,1.9292,2.5708,N,,08/2020,Analyst
39-6012.00,1.A.1.e.1,Speed of Closure,LV,2.12,8,0.125,1.88,2.37,N,N,08/2020,Analyst
39-6012.00,1.A.1.e.2,Flexibility of Closure,IM,2.5,8,0.189,2.1296,2.8704,N,,08/2020,Analyst
39-6012.00,1.A.1.e.2,Flexibility of Closure,LV,2.12,8,0.125,1.88,2.37,N,N,08/2020,Analyst
39-6012.00,1.A.1.e.3,Perceptual Speed,IM,2.12,8,0.125,1.88,2.37,N,,08/2020,Analyst
39-6012.00,1.A.1.e.3,Perceptual Speed,LV,2.0,8,0.0,2.0,2.0,N,N,08/2020,Analyst
39-6012.00,1.A.1.f.1,Spatial Orientation,IM,1.5,8,0.189,1.1296,1.8704,N,,08/2020,Analyst
39-6012.00,1.A.1.f.1,Spatial Orientation,LV,0.5,8,0.189,0.1296,0.8704,N,N,08/2020,Analyst
39-6012.00,1.A.1.f.2,Visualization,IM,2.12,8,0.125,1.88,2.37,N,,08/2020,Analyst
39-6012.00,1.A.1.f.2,Visualization,LV,2.12,8,0.125,1.88,2.37,N,N,08/2020,Analyst
39-6012.00,1.A.1.g.1,Selective Attention,IM,2.88,8,0.2266,2.4309,3.3191,N,,08/2020,Analyst
39-6012.00,1.A.1.g.1,Selective Attention,LV,2.62,8,0.2631,2.1094,3.1406,N,N,08/2020,Analyst
39-6012.00,1.A.1.g.2,Time Sharing,IM,2.62,8,0.183,2.2664,2.9836,N,,08/2020,Analyst
39-6012.00,1.A.1.g.2,Time Sharing,LV,2.12,8,0.125,1.88,2.37,N,N,08/2020,Analyst
39-6012.00,1.A.2.a.1,Arm-Hand Steadiness,IM,1.5,8,0.189,1.1296,1.8704,N,,08/2020,Analyst
39-6012.00,1.A.2.a.1,Arm-Hand Steadiness,LV,0.75,8,0.3134,0.1358,1.3642,N,N,08/2020,Analyst
39-6012.00,1.A.2.a.2,Manual Dexterity,IM,1.38,8,0.183,1.0164,1.7336,N,,08/2020,Analyst
39-6012.00,1.A.2.a.2,Manual Dexterity,LV,0.5,8,0.2673,0.0,1.0238,N,N,08/2020,Analyst
39-6012.00,1.A.2.a.3,Finger Dexterity,IM,1.62,8,0.2631,1.1094,2.1406,N,,08/2020,Analyst
39-6012.00,1.A.2.a.3,Finger Dexterity,LV,0.88,8,0.3504,0.1883,1.5617,N,N,08/2020,Analyst
39-6012.00,1.A.2.b.1,Control Precision,IM,1.12,8,0.125,1.0,1.37,N,,08/2020,Analyst
39-6012.00,1.A.2.b.1,Control Precision,LV,0.12,8,0.125,0.0,0.37,N,Y,08/2020,Analyst
39-6012.00,1.A.2.b.2,Multilimb Coordination,IM,1.75,8,0.1637,1.4292,2.0708,N,,08/2020,Analyst
39-6012.00,1.A.2.b.2,Multilimb Coordination,LV,0.88,8,0.2266,0.4309,1.3191,N,N,08/2020,Analyst
39-6012.00,1.A.2.b.3,Response Orientation,IM,1.0,8,0.0,1.0,1.0,N,,08/2020,Analyst
39-6012.00,1.A.2.b.3,Response Orientation,LV,0.0,8,0.0,0.0,0.0,N,Y,08/2020,Analyst
39-6012.00,1.A.2.b.4,Rate Control,IM,1.0,8,0.0,1.0,1.0,N,,08/2020,Analyst
39-6012.00,1.A.2.b.4,Rate Control,LV,0.0,8,0.0,0.0,0.0,N,Y,08/2020,Analyst
39-6012.00,1.A.2.c.1,Reaction Time,IM,1.0,8,0.0,1.0,1.0,N,,08/2020,Analyst
39-6012.00,1.A.2.c.1,Reaction Time,LV,0.0,8,0.0,0.0,0.0,N,Y,08/2020,Analyst
39-6012.00,1.A.2.c.2,Wrist-Finger Speed,IM,1.62,8,0.183,1.2664,1.9836,N,,08/2020,Analyst
39-6012.00,1.A.2.c.2,Wrist-Finger Speed,LV,0.75,8,0.25,0.26,1.24,N,N,08/2020,Analyst
39-6012.00,1.A.2.c.3,Speed of Limb Movement,IM,1.0,8,0.0,1.0,1.0,N,,08/2020,Analyst
39-6012.00,1.A.2.c.3,Speed of Limb Movement,LV,0.0,8,0.0,0.0,0.0,N,Y,08/2020,Analyst
39-6012.00,1.A.3.a.1,Static Strength,IM,1.88,8,0.125,1.63,2.12,N,,08/2020,Analyst
39-6012.00,1.A.3.a.1,Static Strength,LV,1.5,8,0.2673,0.9762,2.0238,N,N,08/2020,Analyst
39-6012.00,1.A.3.a.2,Explosive Strength,IM,1.5,8,0.2673,1.0,2.0238,N,,08/2020,Analyst
39-6012.00,1.A.3.a.2,Explosive Strength,LV,0.5,8,0.2673,0.0,1.0238,N,N,08/2020,Analyst
39-6012.00,1.A.3.a.3,Dynamic Strength,IM,1.5,8,0.189,1.1296,1.8704,N,,08/2020,Analyst
39-6012.00,1.A.3.a.3,Dynamic Strength,LV,0.5,8,0.189,0.1296,0.8704,N,N,08/2020,Analyst
39-6012.00,1.A.3.a.4,Trunk Strength,IM,2.38,8,0.183,2.0164,2.7336,N,,08/2020,Analyst
39-6012.00,1.A.3.a.4,Trunk Strength,LV,2.38,8,0.183,2.0164,2.7336,N,N,08/2020,Analyst
39-6012.00,1.A.3.b.1,Stamina,IM,1.62,8,0.183,1.2664,1.9836,N,,08/2020,Analyst
39-6012.00,1.A.3.b.1,Stamina,LV,0.75,8,0.25,0.26,1.24,N,N,08/2020,Analyst
39-6012.00,1.A.3.c.1,Extent Flexibility,IM,1.38,8,0.183,1.0164,1.7336,N,,08/2020,Analyst
39-6012.00,1.A.3.c.1,Extent Flexibility,LV,0.5,8,0.2673,0.0,1.0238,N,N,08/2020,Analyst
39-6012.00,1.A.3.c.2,Dynamic Flexibility,IM,1.0,8,0.0,1.0,1.0,N,,08/2020,Analyst
39-6012.00,1.A.3.c.2,Dynamic Flexibility,LV,0.0,8,0.0,0.0,0.0,N,Y,08/2020,Analyst
39-6012.00,1.A.3.c.3,Gross Body Coordination,IM,1.62,8,0.183,1.2664,1.9836,N,,08/2020,Analyst
39-6012.00,1.A.3.c.3,Gross Body Coordination,LV,0.62,8,0.183,0.2664,0.9836,N,N,08/2020,Analyst
39-6012.00,1.A.3.c.4,Gross Body Equilibrium,IM,1.5,8,0.189,1.1296,1.8704,N,,08/2020,Analyst
39-6012.00,1.A.3.c.4,Gross Body Equilibrium,LV,0.5,8,0.189,0.1296,0.8704,N,N,08/2020,Analyst
39-6012.00,1.A.4.a.1,Near Vision,IM,3.0,8,0.0,3.0,3.0,N,,08/2020,Analyst
39-6012.00,1.A.4.a.1,Near Vision,LV,3.12,8,0.125,2.88,3.37,N,N,08/2020,Analyst
39-6012.00,1.A.4.a.2,Far Vision,IM,2.75,8,0.1637,2.4292,3.0708,N,,08/2020,Analyst
39-6012.00,1.A.4.a.2,Far Vision,LV,2.62,8,0.183,2.2664,2.9836,N,N,08/2020,Analyst
39-6012.00,1.A.4.a.3,Visual Color Discrimination,IM,1.75,8,0.1637,1.4292,2.0708,N,,08/2020,Analyst
39-6012.00,1.A.4.a.3,Visual Color Discrimination,LV,1.0,8,0.2673,0.4762,1.5238,N,N,08/2020,Analyst
39-6012.00,1.A.4.a.4,Night Vision,IM,1.12,8,0.125,1.0,1.37,N,,08/2020,Analyst
39-6012.00,1.A.4.a.4,Night Vision,LV,0.12,8,0.125,0.0,0.37,N,Y,08/2020,Analyst
39-6012.00,1.A.4.a.5,Peripheral Vision,IM,1.0,8,0.0,1.0,1.0,N,,08/2020,Analyst
39-6012.00,1.A.4.a.5,Peripheral Vision,LV,0.0,8,0.0,0.0,0.0,N,Y,08/2020,Analyst
39-6012.00,1.A.4.a.6,Depth Perception,IM,1.5,8,0.189,1.1296,1.8704,N,,08/2020,Analyst
39-6012.00,1.A.4.a.6,Depth Perception,LV,0.62,8,0.2631,0.1094,1.1406,N,N,08/2020,Analyst
39-6012.00,1.A.4.a.7,Glare Sensitivity,IM,1.0,8,0.0,1.0,1.0,N,,08/2020,Analyst
39-6012.00,1.A.4.a.7,Glare Sensitivity,LV,0.0,8,0.0,0.0,0.0,N,Y,08/2020,Analyst
39-6012.00,1.A.4.b.1,Hearing Sensitivity,IM,1.88,8,0.125,1.63,2.12,N,,08/2020,Analyst
39-6012.00,1.A.4.b.1,Hearing Sensitivity,LV,1.12,8,0.2266,0.6809,1.5691,N,N,08/2020,Analyst
39-6012.00,1.A.4.b.2,Auditory Attention,IM,2.12,8,0.125,1.88,2.37,N,,08/2020,Analyst
39-6012.00,1.A.4.b.2,Auditory Attention,LV,2.12,8,0.125,1.88,2.37,N,N,08/2020,Analyst
39-6012.00,1.A.4.b.3,Sound Localization,IM,1.12,8,0.125,1.0,1.37,N,,08/2020,Analyst
39-6012.00,1.A.4.b.3,Sound Localization,LV,0.12,8,0.125,0.0,0.37,N,Y,08/2020,Analyst
39-6012.00,1.A.4.b.4,Speech Recognition,IM,3.88,8,0.125,3.63,4.12,N,,08/2020,Analyst
39-6012.00,1.A.4.b.4,Speech Recognition,LV,4.12,8,0.125,3.88,4.37,N,N,08/2020,Analyst
39-6012.00,1.A.4.b.5,Speech Clarity,IM,4.0,8,0.0,4.0,4.0,N,,08/2020,Analyst
39-6012.00,1.A.4.b.5,Speech Clarity,LV,3.88,8,0.125,3.63,4.12,N,N,08/2020,Analyst
39-7011.00,1.A.1.a.1,Oral Comprehension,IM,4.0,8,0.189,3.6296,4.3704,N,,08/2020,Analyst
39-7011.00,1.A.1.a.1,Oral Comprehension,LV,4.0,8,0.0,4.0,4.0,N,N,08/2020,Analyst
39-7011.00,1.A.1.a.2,Written Comprehension,IM,3.12,8,0.125,2.88,3.37,N,,08/2020,Analyst
39-7011.00,1.A.1.a.2,Written Comprehension,LV,3.12,8,0.125,2.88,3.37,N,N,08/2020,Analyst
39-7011.00,1.A.1.a.3,Oral Expression,IM,4.12,8,0.125,3.88,4.37,N,,08/2020,Analyst
39-7011.00,1.A.1.a.3,Oral Expression,LV,3.88,8,0.125,3.63,4.12,N,N,08/2020,Analyst
39-7011.00,1.A.1.a.4,Written Expression,IM,2.88,8,0.125,2.63,3.12,N,,08/2020,Analyst
39-7011.00,1.A.1.a.4,Written Expression,LV,2.25,8,0.1637,1.9292,2.5708,N,N,08/2020,Analyst
39-7011.00,1.A.1.b.1,Fluency of Ideas,IM,2.25,8,0.1637,1.9292,2.5708,N,,08/2020,Analyst
39-7011.00,1.A.1.b.1,Fluency of Ideas,LV,2.38,8,0.183,2.0164,2.7336,N,N,08/2020,Analyst
39-7011.00,1.A.1.b.2,Originality,IM,2.25,8,0.1637,1.9292,2.5708,N,,08/2020,Analyst
39-7011.00,1.A.1.b.2,Originality,LV,2.62,8,0.183,2.2664,2.9836,N,N,08/2020,Analyst
39-7011.00,1.A.1.b.3,Problem Sensitivity,IM,3.0,8,0.0,3.0,3.0,N,,08/2020,Analyst
39-7011.00,1.A.1.b.3,Problem Sensitivity,LV,3.0,8,0.0,3.0,3.0,N,N,08/2020,Analyst
39-7011.00,1.A.1.b.4,Deductive Reasoning,IM,2.88,8,0.125,2.63,3.12,N,,08/2020,Analyst
39-7011.00,1.A.1.b.4,Deductive Reasoning,LV,2.88,8,0.125,2.63,3.12,N,N,08/2020,Analyst
39-7011.00,1.A.1.b.5,Inductive Reasoning,IM,2.88,8,0.125,2.63,3.12,N,,08/2020,Analyst
39-7011.00,1.A.1.b.5,Inductive Reasoning,LV,2.88,8,0.125,2.63,3.12,N,N,08/2020,Analyst
39-7011.00,1.A.1.b.6,Information Ordering,IM,2.88,8,0.125,2.63,3.12,N,,08/2020,Analyst
39-7011.00,1.A.1.b.6,Information Ordering,LV,2.88,8,0.125,2.63,3.12,N,N,08/2020,Analyst
39-7011.00,1.A.1.b.7,Category Flexibility,IM,2.38,8,0.183,2.0164,2.7336,N,,08/2020,Analyst
39-7011.00,1.A.1.b.7,Category Flexibility,LV,2.75,8,0.1637,2.4292,3.0708,N,N,08/2020,Analyst
39-7011.00,1.A.1.c.1,Mathematical Reasoning,IM,2.0,8,0.0,2.0,2.0,N,,08/2020,Analyst
39-7011.00,1.A.1.c.1,Mathematical Reasoning,LV,1.12,8,0.125,0.88,1.37,N,N,08/2020,Analyst
39-7011.00,1.A.1.c.2,Number Facility,IM,2.0,8,0.0,2.0,2.0,N,,08/2020,Analyst
39-7011.00,1.A.1.c.2,Number Facility,LV,1.12,8,0.125,0.88,1.37,N,N,08/2020,Analyst
39-7011.00,1.A.1.d.1,Memorization,IM,2.75,8,0.1637,2.4292,3.0708,N,,08/2020,Analyst
39-7011.00,1.A.1.d.1,Memorization,LV,2.75,8,0.25,2.26,3.24,N,N,08/2020,Analyst
39-7011.00,1.A.1.e.1,Speed of Closure,IM,2.0,8,0.0,2.0,2.0,N,,08/2020,Analyst
39-7011.00,1.A.1.e.1,Speed of Closure,LV,1.5,8,0.189,1.1296,1.8704,N,N,08/2020,Analyst
39-7011.00,1.A.1.e.2,Flexibility of Closure,IM,2.25,8,0.1637,1.9292,2.5708,N,,08/2020,Analyst
39-7011.00,1.A.1.e.2,Flexibility of Closure,LV,2.12,8,0.125,1.88,2.37,N,N,08/2020,Analyst
39-7011.00,1.A.1.e.3,Perceptual Speed,IM,2.0,8,0.0,2.0,2.0,N,,08/2020,Analyst
39-7011.00,1.A.1.e.3,Perceptual Speed,LV,1.38,8,0.2631,0.8594,1.8906,N,N,08/2020,Analyst
39-7011.00,1.A.1.f.1,Spatial Orientation,IM,1.88,8,0.125,1.63,2.12,N,,08/2020,Analyst
39-7011.00,1.A.1.f.1,Spatial Orientation,LV,1.5,8,0.2673,0.9762,2.0238,N,N,08/2020,Analyst
39-7011.00,1.A.1.f.2,Visualization,IM,2.0,8,0.0,2.0,2.0,N,,08/2020,Analyst
39-7011.00,1.A.1.f.2,Visualization,LV,1.38,8,0.183,1.0164,1.7336,N,N,08/2020,Analyst
39-7011.00,1.A.1.g.1,Selective Attention,IM,2.88,8,0.125,2.63,3.12,N,,08/2020,Analyst
39-7011.00,1.A.1.g.1,Selective Attention,LV,2.25,8,0.1637,1.9292,2.5708,N,N,08/2020,Analyst
39-7011.00,1.A.1.g.2,Time Sharing,IM,2.75,8,0.1637,2.4292,3.0708,N,,08/2020,Analyst
39-7011.00,1.A.1.g.2,Time Sharing,LV,2.5,8,0.189,2.1296,2.8704,N,N,08/2020,Analyst
39-7011.00,1.A.2.a.1,Arm-Hand Steadiness,IM,1.5,8,0.189,1.1296,1.8704,N,,08/2020,Analyst
39-7011.00,1.A.2.a.1,Arm-Hand Steadiness,LV,0.62,8,0.2631,0.1094,1.1406,N,N,08/2020,Analyst
39-7011.00,1.A.2.a.2,Manual Dexterity,IM,1.5,8,0.189,1.1296,1.8704,N,,08/2020,Analyst
39-7011.00,1.A.2.a.2,Manual Dexterity,LV,0.62,8,0.2631,0.1094,1.1406,N,N,08/2020,Analyst
39-7011.00,1.A.2.a.3,Finger Dexterity,IM,1.38,8,0.183,1.0164,1.7336,N,,08/2020,Analyst
39-7011.00,1.A.2.a.3,Finger Dexterity,LV,0.38,8,0.183,0.0164,0.7336,N,N,08/2020,Analyst
39-7011.00,1.A.2.b.1,Control Precision,IM,1.38,8,0.183,1.0164,1.7336,N,,08/2020,Analyst
39-7011.00,1.A.2.b.1,Control Precision,LV,0.38,8,0.183,0.0164,0.7336,N,N,08/2020,Analyst
39-7011.00,1.A.2.b.2,Multilimb Coordination,IM,1.38,8,0.183,1.0164,1.7336,N,,08/2020,Analyst
39-7011.00,1.A.2.b.2,Multilimb Coordination,LV,0.38,8,0.183,0.0164,0.7336,N,N,08/2020,Analyst
39-7011.00,1.A.2.b.3,Response Orientation,IM,1.0,8,0.0,1.0,1.0,N,,08/2020,Analyst
39-7011.00,1.A.2.b.3,Response Orientation,LV,0.0,8,0.0,0.0,0.0,N,Y,08/2020,Analyst
39-7011.00,1.A.2.b.4,Rate Control,IM,1.0,8,0.0,1.0,1.0,N,,08/2020,Analyst
39-7011.00,1.A.2.b.4,Rate Control,LV,0.0,8,0.0,0.0,0.0,N,Y,08/2020,Analyst
39-7011.00,1.A.2.c.1,Reaction Time,IM,1.0,8,0.0,1.0,1.0,N,,08/2020,Analyst
39-7011.00,1.A.2.c.1,Reaction Time,LV,0.0,8,0.0,0.0,0.0,N,Y,08/2020,Analyst
39-7011.00,1.A.2.c.2,Wrist-Finger Speed,IM,1.25,8,0.1637,1.0,1.5708,N,,08/2020,Analyst
39-7011.00,1.A.2.c.2,Wrist-Finger Speed,LV,0.25,8,0.1637,0.0,0.5708,N,Y,08/2020,Analyst
39-7011.00,1.A.2.c.3,Speed of Limb Movement,IM,1.38,8,0.183,1.0164,1.7336,N,,08/2020,Analyst
39-7011.00,1.A.2.c.3,Speed of Limb Movement,LV,0.38,8,0.183,0.0164,0.7336,N,N,08/2020,Analyst
39-7011.00,1.A.3.a.1,Static Strength,IM,1.5,8,0.189,1.1296,1.8704,N,,08/2020,Analyst
39-7011.00,1.A.3.a.1,Static Strength,LV,0.5,8,0.189,0.1296,0.8704,N,N,08/2020,Analyst
39-7011.00,1.A.3.a.2,Explosive Strength,IM,1.12,8,0.125,1.0,1.37,N,,08/2020,Analyst
39-7011.00,1.A.3.a.2,Explosive Strength,LV,0.25,8,0.25,0.0,0.74,N,Y,08/2020,Analyst
39-7011.00,1.A.3.a.3,Dynamic Strength,IM,1.5,8,0.189,1.1296,1.8704,N,,08/2020,Analyst
39-7011.00,1.A.3.a.3,Dynamic Strength,LV,0.62,8,0.2631,0.1094,1.1406,N,N,08/2020,Analyst
39-7011.00,1.A.3.a.4,Trunk Strength,IM,2.25,8,0.1637,1.9292,2.5708,N,,08/2020,Analyst
39-7011.00,1.A.3.a.4,Trunk Strength,LV,2.0,8,0.0,2.0,2.0,N,N,08/2020,Analyst
39-7011.00,1.A.3.b.1,Stamina,IM,2.0,8,0.189,1.6296,2.3704,N,,08/2020,Analyst
39-7011.00,1.A.3.b.1,Stamina,LV,1.62,8,0.2631,1.1094,2.1406,N,N,08/2020,Analyst
39-7011.00,1.A.3.c.1,Extent Flexibility,IM,1.25,8,0.1637,1.0,1.5708,N,,08/2020,Analyst
39-7011.00,1.A.3.c.1,Extent Flexibility,LV,0.25,8,0.1637,0.0,0.5708,N,Y,08/2020,Analyst
39-7011.00,1.A.3.c.2,Dynamic Flexibility,IM,1.0,8,0.0,1.0,1.0,N,,08/2020,Analyst
39-7011.00,1.A.3.c.2,Dynamic Flexibility,LV,0.0,8,0.0,0.0,0.0,N,Y,08/2020,Analyst
39-7011.00,1.A.3.c.3,Gross Body Coordination,IM,1.88,8,0.125,1.63,2.12,N,,08/2020,Analyst
39-7011.00,1.A.3.c.3,Gross Body Coordination,LV,1.5,8,0.2673,0.9762,2.0238,N,N,08/2020,Analyst
39-7011.00,1.A.3.c.4,Gross Body Equilibrium,IM,1.75,8,0.1637,1.4292,2.0708,N,,08/2020,Analyst
39-7011.00,1.A.3.c.4,Gross Body Equilibrium,LV,1.0,8,0.2673,0.4762,1.5238,N,N,08/2020,Analyst
39-7011.00,1.A.4.a.1,Near Vision,IM,3.0,8,0.0,3.0,3.0,N,,08/2020,Analyst
39-7011.00,1.A.4.a.1,Near Vision,LV,2.88,8,0.125,2.63,3.12,N,N,08/2020,Analyst
39-7011.00,1.A.4.a.2,Far Vision,IM,3.12,8,0.125,2.88,3.37,N,,08/2020,Analyst
39-7011.00,1.A.4.a.2,Far Vision,LV,3.12,8,0.125,2.88,3.37,N,N,08/2020,Analyst
39-7011.00,1.A.4.a.3,Visual Color Discrimination,IM,2.0,8,0.0,2.0,2.0,N,,08/2020,Analyst
39-7011.00,1.A.4.a.3,Visual Color Discrimination,LV,1.25,8,0.1637,0.9292,1.5708,N,N,08/2020,Analyst
39-7011.00,1.A.4.a.4,Night Vision,IM,1.12,8,0.125,1.0,1.37,N,,08/2020,Analyst
39-7011.00,1.A.4.a.4,Night Vision,LV,0.12,8,0.125,0.0,0.37,N,Y,08/2020,Analyst
39-7011.00,1.A.4.a.5,Peripheral Vision,IM,1.0,8,0.0,1.0,1.0,N,,08/2020,Analyst
39-7011.00,1.A.4.a.5,Peripheral Vision,LV,0.0,8,0.0,0.0,0.0,N,Y,08/2020,Analyst
39-7011.00,1.A.4.a.6,Depth Perception,IM,1.62,8,0.183,1.2664,1.9836,N,,08/2020,Analyst
39-7011.00,1.A.4.a.6,Depth Perception,LV,0.62,8,0.183,0.2664,0.9836,N,N,08/2020,Analyst
39-7011.00,1.A.4.a.7,Glare Sensitivity,IM,1.25,8,0.1637,1.0,1.5708,N,,08/2020,Analyst
39-7011.00,1.A.4.a.7,Glare Sensitivity,LV,0.25,8,0.1637,0.0,0.5708,N,Y,08/2020,Analyst
39-7011.00,1.A.4.b.1,Hearing Sensitivity,IM,1.88,8,0.125,1.63,2.12,N,,08/2020,Analyst
39-7011.00,1.A.4.b.1,Hearing Sensitivity,LV,1.0,8,0.189,0.6296,1.3704,N,N,08/2020,Analyst
39-7011.00,1.A.4.b.2,Auditory Attention,IM,2.0,8,0.0,2.0,2.0,N,,08/2020,Analyst
39-7011.00,1.A.4.b.2,Auditory Attention,LV,1.5,8,0.189,1.1296,1.8704,N,N,08/2020,Analyst
39-7011.00,1.A.4.b.3,Sound Localization,IM,1.12,8,0.125,1.0,1.37,N,,08/2020,Analyst
39-7011.00,1.A.4.b.3,Sound Localization,LV,0.12,8,0.125,0.0,0.37,N,Y,08/2020,Analyst
39-7011.00,1.A.4.b.4,Speech Recognition,IM,3.12,8,0.125,2.88,3.37,N,,08/2020,Analyst
39-7011.00,1.A.4.b.4,Speech Recognition,LV,3.25,8,0.1637,2.9292,3.5708,N,N,08/2020,Analyst
39-7011.00,1.A.4.b.5,Speech Clarity,IM,3.88,8,0.125,3.63,4.12,N,,08/2020,Analyst
39-7011.00,1.A.4.b.5,Speech Clarity,LV,4.0,8,0.0,4.0,4.0,N,N,08/2020,Analyst
39-7012.00,1.A.1.a.1,Oral Comprehension,IM,4.0,8,0.0,4.0,4.0,N,,08/2022,Analyst
39-7012.00,1.A.1.a.1,Oral Comprehension,LV,4.0,8,0.0,4.0,4.0,N,N,08/2022,Analyst
39-7012.00,1.A.1.a.2,Written Comprehension,IM,3.88,8,0.125,3.63,4.12,N,,08/2022,Analyst
39-7012.00,1.A.1.a.2,Written Comprehension,LV,3.62,8,0.183,3.2664,3.9836,N,N,08/2022,Analyst
39-7012.00,1.A.1.a.3,Oral Expression,IM,4.0,8,0.0,4.0,4.0,N,,08/2022,Analyst
39-7012.00,1.A.1.a.3,Oral Expression,LV,4.0,8,0.0,4.0,4.0,N,N,08/2022,Analyst
39-7012.00,1.A.1.a.4,Written Expression,IM,3.12,8,0.125,2.88,3.37,N,,08/2022,Analyst
39-7012.00,1.A.1.a.4,Written Expression,LV,3.0,8,0.0,3.0,3.0,N,N,08/2022,Analyst
39-7012.00,1.A.1.b.1,Fluency of Ideas,IM,2.88,8,0.125,2.63,3.12,N,,08/2022,Analyst
39-7012.00,1.A.1.b.1,Fluency of Ideas,LV,3.25,8,0.1637,2.9292,3.5708,N,N,08/2022,Analyst
39-7012.00,1.A.1.b.2,Originality,IM,3.0,8,0.0,3.0,3.0,N,,08/2022,Analyst
39-7012.00,1.A.1.b.2,Originality,LV,3.25,8,0.1637,2.9292,3.5708,N,N,08/2022,Analyst
39-7012.00,1.A.1.b.3,Problem Sensitivity,IM,3.38,8,0.183,3.0164,3.7336,N,,08/2022,Analyst
39-7012.00,1.A.1.b.3,Problem Sensitivity,LV,3.38,8,0.183,3.0164,3.7336,N,N,08/2022,Analyst
39-7012.00,1.A.1.b.4,Deductive Reasoning,IM,3.25,8,0.1637,2.9292,3.5708,N,,08/2022,Analyst
39-7012.00,1.A.1.b.4,Deductive Reasoning,LV,3.25,8,0.1637,2.9292,3.5708,N,N,08/2022,Analyst
39-7012.00,1.A.1.b.5,Inductive Reasoning,IM,3.12,8,0.125,2.88,3.37,N,,08/2022,Analyst
39-7012.00,1.A.1.b.5,Inductive Reasoning,LV,3.0,8,0.0,3.0,3.0,N,N,08/2022,Analyst
39-7012.00,1.A.1.b.6,Information Ordering,IM,3.25,8,0.1637,2.9292,3.5708,N,,08/2022,Analyst
39-7012.00,1.A.1.b.6,Information Ordering,LV,3.0,8,0.0,3.0,3.0,N,N,08/2022,Analyst
39-7012.00,1.A.1.b.7,Category Flexibility,IM,3.12,8,0.125,2.88,3.37,N,,08/2022,Analyst
39-7012.00,1.A.1.b.7,Category Flexibility,LV,3.0,8,0.0,3.0,3.0,N,N,08/2022,Analyst
39-7012.00,1.A.1.c.1,Mathematical Reasoning,IM,2.25,8,0.1637,1.9292,2.5708,N,,08/2022,Analyst
39-7012.00,1.A.1.c.1,Mathematical Reasoning,LV,2.0,8,0.0,2.0,2.0,N,N,08/2022,Analyst
39-7012.00,1.A.1.c.2,Number Facility,IM,2.5,8,0.189,2.1296,2.8704,N,,08/2022,Analyst
39-7012.00,1.A.1.c.2,Number Facility,LV,2.62,8,0.183,2.2664,2.9836,N,N,08/2022,Analyst
39-7012.00,1.A.1.d.1,Memorization,IM,2.38,8,0.183,2.0164,2.7336,N,,08/2022,Analyst
39-7012.00,1.A.1.d.1,Memorization,LV,2.75,8,0.1637,2.4292,3.0708,N,N,08/2022,Analyst
39-7012.00,1.A.1.e.1,Speed of Closure,IM,2.62,8,0.183,2.2664,2.9836,N,,08/2022,Analyst
39-7012.00,1.A.1.e.1,Speed of Closure,LV,2.12,8,0.125,1.88,2.37,N,N,08/2022,Analyst
39-7012.00,1.A.1.e.2,Flexibility of Closure,IM,2.75,8,0.1637,2.4292,3.0708,N,,08/2022,Analyst
39-7012.00,1.A.1.e.2,Flexibility of Closure,LV,2.75,8,0.1637,2.4292,3.0708,N,N,08/2022,Analyst
39-7012.00,1.A.1.e.3,Perceptual Speed,IM,2.75,8,0.1637,2.4292,3.0708,N,,08/2022,Analyst
39-7012.00,1.A.1.e.3,Perceptual Speed,LV,2.62,8,0.183,2.2664,2.9836,N,N,08/2022,Analyst
39-7012.00,1.A.1.f.1,Spatial Orientation,IM,2.62,8,0.183,2.2664,2.9836,N,,08/2022,Analyst
39-7012.00,1.A.1.f.1,Spatial Orientation,LV,2.5,8,0.2673,1.9762,3.0238,N,N,08/2022,Analyst
39-7012.00,1.A.1.f.2,Visualization,IM,2.62,8,0.183,2.2664,2.9836,N,,08/2022,Analyst
39-7012.00,1.A.1.f.2,Visualization,LV,2.62,8,0.183,2.2664,2.9836,N,N,08/2022,Analyst
39-7012.00,1.A.1.g.1,Selective Attention,IM,3.0,8,0.0,3.0,3.0,N,,08/2022,Analyst
39-7012.00,1.A.1.g.1,Selective Attention,LV,2.88,8,0.125,2.63,3.12,N,N,08/2022,Analyst
39-7012.00,1.A.1.g.2,Time Sharing,IM,3.0,8,0.0,3.0,3.0,N,,08/2022,Analyst
39-7012.00,1.A.1.g.2,Time Sharing,LV,3.0,8,0.0,3.0,3.0,N,N,08/2022,Analyst
39-7012.00,1.A.2.a.1,Arm-Hand Steadiness,IM,2.38,8,0.183,2.0164,2.7336,N,,08/2022,Analyst
39-7012.00,1.A.2.a.1,Arm-Hand Steadiness,LV,2.12,8,0.125,1.88,2.37,N,N,08/2022,Analyst
39-7012.00,1.A.2.a.2,Manual Dexterity,IM,2.12,8,0.125,1.88,2.37,N,,08/2022,Analyst
39-7012.00,1.A.2.a.2,Manual Dexterity,LV,1.88,8,0.2266,1.4309,2.3191,N,N,08/2022,Analyst
39-7012.00,1.A.2.a.3,Finger Dexterity,IM,2.12,8,0.125,1.88,2.37,N,,08/2022,Analyst
39-7012.00,1.A.2.a.3,Finger Dexterity,LV,1.88,8,0.125,1.63,2.12,N,N,08/2022,Analyst
39-7012.00,1.A.2.b.1,Control Precision,IM,2.12,8,0.125,1.88,2.37,N,,08/2022,Analyst
39-7012.00,1.A.2.b.1,Control Precision,LV,2.38,8,0.183,2.0164,2.7336,N,N,08/2022,Analyst
39-7012.00,1.A.2.b.2,Multilimb Coordination,IM,2.12,8,0.125,1.88,2.37,N,,08/2022,Analyst
39-7012.00,1.A.2.b.2,Multilimb Coordination,LV,2.0,8,0.189,1.6296,2.3704,N,N,08/2022,Analyst
39-7012.00,1.A.2.b.3,Response Orientation,IM,2.0,8,0.0,2.0,2.0,N,,08/2022,Analyst
39-7012.00,1.A.2.b.3,Response Orientation,LV,1.88,8,0.2266,1.4309,2.3191,N,N,08/2022,Analyst
39-7012.00,1.A.2.b.4,Rate Control,IM,1.62,8,0.183,1.2664,1.9836,N,,08/2022,Analyst
39-7012.00,1.A.2.b.4,Rate Control,LV,1.0,8,0.3273,0.3584,1.6416,N,N,08/2022,Analyst
39-7012.00,1.A.2.c.1,Reaction Time,IM,2.12,8,0.125,1.88,2.37,N,,08/2022,Analyst
39-7012.00,1.A.2.c.1,Reaction Time,LV,2.0,8,0.189,1.6296,2.3704,N,N,08/2022,Analyst
39-7012.00,1.A.2.c.2,Wrist-Finger Speed,IM,1.5,8,0.189,1.1296,1.8704,N,,08/2022,Analyst
39-7012.00,1.A.2.c.2,Wrist-Finger Speed,LV,0.75,8,0.3134,0.1358,1.3642,N,N,08/2022,Analyst
39-7012.00,1.A.2.c.3,Speed of Limb Movement,IM,1.0,8,0.0,1.0,1.0,N,,08/2022,Analyst
39-7012.00,1.A.2.c.3,Speed of Limb Movement,LV,0.0,8,0.0,0.0,0.0,N,Y,08/2022,Analyst
39-7012.00,1.A.3.a.1,Static Strength,IM,1.62,8,0.183,1.2664,1.9836,N,,08/2022,Analyst
39-7012.00,1.A.3.a.1,Static Strength,LV,1.0,8,0.3273,0.3584,1.6416,N,N,08/2022,Analyst
39-7012.00,1.A.3.a.2,Explosive Strength,IM,1.62,8,0.183,1.2664,1.9836,N,,08/2022,Analyst
39-7012.00,1.A.3.a.2,Explosive Strength,LV,0.75,8,0.25,0.26,1.24,N,N,08/2022,Analyst
39-7012.00,1.A.3.a.3,Dynamic Strength,IM,1.62,8,0.183,1.2664,1.9836,N,,08/2022,Analyst
39-7012.00,1.A.3.a.3,Dynamic Strength,LV,1.0,8,0.3273,0.3584,1.6416,N,N,08/2022,Analyst
39-7012.00,1.A.3.a.4,Trunk Strength,IM,2.12,8,0.2266,1.6809,2.5691,N,,08/2022,Analyst
39-7012.00,1.A.3.a.4,Trunk Strength,LV,1.5,8,0.2673,0.9762,2.0238,N,N,08/2022,Analyst
39-7012.00,1.A.3.b.1,Stamina,IM,1.88,8,0.125,1.63,2.12,N,,08/2022,Analyst
39-7012.00,1.A.3.b.1,Stamina,LV,1.12,8,0.2266,0.6809,1.5691,N,N,08/2022,Analyst
39-7012.00,1.A.3.c.1,Extent Flexibility,IM,1.5,8,0.189,1.1296,1.8704,N,,08/2022,Analyst
39-7012.00,1.A.3.c.1,Extent Flexibility,LV,0.88,8,0.3504,0.1883,1.5617,N,N,08/2022,Analyst
39-7012.00,1.A.3.c.2,Dynamic Flexibility,IM,1.0,8,0.0,1.0,1.0,N,,08/2022,Analyst
39-7012.00,1.A.3.c.2,Dynamic Flexibility,LV,0.0,8,0.0,0.0,0.0,N,Y,08/2022,Analyst
39-7012.00,1.A.3.c.3,Gross Body Coordination,IM,1.62,8,0.183,1.2664,1.9836,N,,08/2022,Analyst
39-7012.00,1.A.3.c.3,Gross Body Coordination,LV,0.88,8,0.295,0.2967,1.4533,N,N,08/2022,Analyst
39-7012.00,1.A.3.c.4,Gross Body Equilibrium,IM,1.5,8,0.189,1.1296,1.8704,N,,08/2022,Analyst
39-7012.00,1.A.3.c.4,Gross Body Equilibrium,LV,0.5,8,0.189,0.1296,0.8704,N,N,08/2022,Analyst
39-7012.00,1.A.4.a.1,Near Vision,IM,3.38,8,0.183,3.0164,3.7336,N,,08/2022,Analyst
39-7012.00,1.A.4.a.1,Near Vision,LV,3.38,8,0.183,3.0164,3.7336,N,N,08/2022,Analyst
39-7012.00,1.A.4.a.2,Far Vision,IM,3.0,8,0.0,3.0,3.0,N,,08/2022,Analyst
39-7012.00,1.A.4.a.2,Far Vision,LV,3.12,8,0.125,2.88,3.37,N,N,08/2022,Analyst
39-7012.00,1.A.4.a.3,Visual Color Discrimination,IM,2.12,8,0.125,1.88,2.37,N,,08/2022,Analyst
39-7012.00,1.A.4.a.3,Visual Color Discrimination,LV,2.0,8,0.0,2.0,2.0,N,N,08/2022,Analyst
39-7012.00,1.A.4.a.4,Night Vision,IM,1.75,8,0.1637,1.4292,2.0708,N,,08/2022,Analyst
39-7012.00,1.A.4.a.4,Night Vision,LV,1.0,8,0.2673,0.4762,1.5238,N,N,08/2022,Analyst
39-7012.00,1.A.4.a.5,Peripheral Vision,IM,2.0,8,0.0,2.0,2.0,N,,08/2022,Analyst
39-7012.00,1.A.4.a.5,Peripheral Vision,LV,1.25,8,0.1637,0.9292,1.5708,N,N,08/2022,Analyst
39-7012.00,1.A.4.a.6,Depth Perception,IM,2.25,8,0.1637,1.9292,2.5708,N,,08/2022,Analyst
39-7012.00,1.A.4.a.6,Depth Perception,LV,2.0,8,0.0,2.0,2.0,N,N,08/2022,Analyst
39-7012.00,1.A.4.a.7,Glare Sensitivity,IM,1.75,8,0.1637,1.4292,2.0708,N,,08/2022,Analyst
39-7012.00,1.A.4.a.7,Glare Sensitivity,LV,1.0,8,0.2673,0.4762,1.5238,N,N,08/2022,Analyst
39-7012.00,1.A.4.b.1,Hearing Sensitivity,IM,2.25,8,0.1637,1.9292,2.5708,N,,08/2022,Analyst
39-7012.00,1.A.4.b.1,Hearing Sensitivity,LV,2.12,8,0.125,1.88,2.37,N,N,08/2022,Analyst
39-7012.00,1.A.4.b.2,Auditory Attention,IM,2.38,8,0.183,2.0164,2.7336,N,,08/2022,Analyst
39-7012.00,1.A.4.b.2,Auditory Attention,LV,2.25,8,0.1637,1.9292,2.5708,N,N,08/2022,Analyst
39-7012.00,1.A.4.b.3,Sound Localization,IM,1.75,8,0.1637,1.4292,2.0708,N,,08/2022,Analyst
39-7012.00,1.A.4.b.3,Sound Localization,LV,0.88,8,0.2266,0.4309,1.3191,N,N,08/2022,Analyst
39-7012.00,1.A.4.b.4,Speech Recognition,IM,3.88,8,0.125,3.63,4.12,N,,08/2022,Analyst
39-7012.00,1.A.4.b.4,Speech Recognition,LV,4.12,8,0.125,3.88,4.37,N,N,08/2022,Analyst
39-7012.00,1.A.4.b.5,Speech Clarity,IM,3.88,8,0.125,3.63,4.12,N,,08/2022,Analyst
39-7012.00,1.A.4.b.5,Speech Clarity,LV,4.12,8,0.125,3.88,4.37,N,N,08/2022,Analyst
39-9011.00,1.A.1.a.1,Oral Comprehension,IM,3.88,8,0.125,3.63,4.12,N,,08/2018,Analyst
39-9011.00,1.A.1.a.1,Oral Comprehension,LV,3.75,8,0.1637,3.4292,4.0708,N,N,08/2018,Analyst
39-9011.00,1.A.1.a.2,Written Comprehension,IM,3.12,8,0.125,2.88,3.37,N,,08/2018,Analyst
39-9011.00,1.A.1.a.2,Written Comprehension,LV,3.12,8,0.125,2.88,3.37,N,N,08/2018,Analyst
39-9011.00,1.A.1.a.3,Oral Expression,IM,3.75,8,0.1637,3.4292,4.0708,N,,08/2018,Analyst
39-9011.00,1.A.1.a.3,Oral Expression,LV,3.5,8,0.189,3.1296,3.8704,N,N,08/2018,Analyst
39-9011.00,1.A.1.a.4,Written Expression,IM,3.0,8,0.0,3.0,3.0,N,,08/2018,Analyst
39-9011.00,1.A.1.a.4,Written Expression,LV,3.0,8,0.0,3.0,3.0,N,N,08/2018,Analyst
39-9011.00,1.A.1.b.1,Fluency of Ideas,IM,3.0,8,0.0,3.0,3.0,N,,08/2018,Analyst
39-9011.00,1.A.1.b.1,Fluency of Ideas,LV,3.0,8,0.0,3.0,3.0,N,N,08/2018,Analyst
39-9011.00,1.A.1.b.2,Originality,IM,2.88,8,0.125,2.63,3.12,N,,08/2018,Analyst
39-9011.00,1.A.1.b.2,Originality,LV,2.88,8,0.125,2.63,3.12,N,N,08/2018,Analyst
39-9011.00,1.A.1.b.3,Problem Sensitivity,IM,3.62,8,0.183,3.2664,3.9836,N,,08/2018,Analyst
39-9011.00,1.A.1.b.3,Problem Sensitivity,LV,3.38,8,0.183,3.0164,3.7336,N,N,08/2018,Analyst
39-9011.00,1.A.1.b.4,Deductive Reasoning,IM,3.12,8,0.125,2.88,3.37,N,,08/2018,Analyst
39-9011.00,1.A.1.b.4,Deductive Reasoning,LV,3.0,8,0.0,3.0,3.0,N,N,08/2018,Analyst
39-9011.00,1.A.1.b.5,Inductive Reasoning,IM,3.0,8,0.0,3.0,3.0,N,,08/2018,Analyst
39-9011.00,1.A.1.b.5,Inductive Reasoning,LV,3.0,8,0.189,2.6296,3.3704,N,N,08/2018,Analyst
39-9011.00,1.A.1.b.6,Information Ordering,IM,3.0,8,0.0,3.0,3.0,N,,08/2018,Analyst
39-9011.00,1.A.1.b.6,Information Ordering,LV,3.0,8,0.189,2.6296,3.3704,N,N,08/2018,Analyst
39-9011.00,1.A.1.b.7,Category Flexibility,IM,3.0,8,0.0,3.0,3.0,N,,08/2018,Analyst
39-9011.00,1.A.1.b.7,Category Flexibility,LV,2.88,8,0.125,2.63,3.12,N,N,08/2018,Analyst
39-9011.00,1.A.1.c.1,Mathematical Reasoning,IM,2.0,8,0.0,2.0,2.0,N,,08/2018,Analyst
39-9011.00,1.A.1.c.1,Mathematical Reasoning,LV,1.88,8,0.125,1.63,2.12,N,N,08/2018,Analyst
39-9011.00,1.A.1.c.2,Number Facility,IM,2.0,8,0.0,2.0,2.0,N,,08/2018,Analyst
39-9011.00,1.A.1.c.2,Number Facility,LV,1.88,8,0.125,1.63,2.12,N,N,08/2018,Analyst
39-9011.00,1.A.1.d.1,Memorization,IM,2.62,8,0.183,2.2664,2.9836,N,,08/2018,Analyst
39-9011.00,1.A.1.d.1,Memorization,LV,2.62,8,0.183,2.2664,2.9836,N,N,08/2018,Analyst
39-9011.00,1.A.1.e.1,Speed of Closure,IM,2.62,8,0.183,2.2664,2.9836,N,,08/2018,Analyst
39-9011.00,1.A.1.e.1,Speed of Closure,LV,2.75,8,0.1637,2.4292,3.0708,N,N,08/2018,Analyst
39-9011.00,1.A.1.e.2,Flexibility of Closure,IM,2.88,8,0.125,2.63,3.12,N,,08/2018,Analyst
39-9011.00,1.A.1.e.2,Flexibility of Closure,LV,2.88,8,0.125,2.63,3.12,N,N,08/2018,Analyst
39-9011.00,1.A.1.e.3,Perceptual Speed,IM,2.62,8,0.183,2.2664,2.9836,N,,08/2018,Analyst
39-9011.00,1.A.1.e.3,Perceptual Speed,LV,2.38,8,0.183,2.0164,2.7336,N,N,08/2018,Analyst
39-9011.00,1.A.1.f.1,Spatial Orientation,IM,1.25,8,0.1637,1.0,1.5708,N,,08/2018,Analyst
39-9011.00,1.A.1.f.1,Spatial Orientation,LV,0.25,8,0.1637,0.0,0.5708,N,Y,08/2018,Analyst
39-9011.00,1.A.1.f.2,Visualization,IM,2.75,8,0.1637,2.4292,3.0708,N,,08/2018,Analyst
39-9011.00,1.A.1.f.2,Visualization,LV,2.62,8,0.183,2.2664,2.9836,N,N,08/2018,Analyst
39-9011.00,1.A.1.g.1,Selective Attention,IM,3.0,8,0.0,3.0,3.0,N,,08/2018,Analyst
39-9011.00,1.A.1.g.1,Selective Attention,LV,3.12,8,0.125,2.88,3.37,N,N,08/2018,Analyst
39-9011.00,1.A.1.g.2,Time Sharing,IM,3.0,8,0.0,3.0,3.0,N,,08/2018,Analyst
39-9011.00,1.A.1.g.2,Time Sharing,LV,2.88,8,0.125,2.63,3.12,N,N,08/2018,Analyst
39-9011.00,1.A.2.a.1,Arm-Hand Steadiness,IM,2.5,8,0.189,2.1296,2.8704,N,,08/2018,Analyst
39-9011.00,1.A.2.a.1,Arm-Hand Steadiness,LV,2.62,8,0.183,2.2664,2.9836,N,N,08/2018,Analyst
39-9011.00,1.A.2.a.2,Manual Dexterity,IM,2.12,8,0.125,1.88,2.37,N,,08/2018,Analyst
39-9011.00,1.A.2.a.2,Manual Dexterity,LV,2.0,8,0.0,2.0,2.0,N,N,08/2018,Analyst
39-9011.00,1.A.2.a.3,Finger Dexterity,IM,2.62,8,0.183,2.2664,2.9836,N,,08/2018,Analyst
39-9011.00,1.A.2.a.3,Finger Dexterity,LV,2.38,8,0.183,2.0164,2.7336,N,N,08/2018,Analyst
39-9011.00,1.A.2.b.1,Control Precision,IM,1.0,8,0.0,1.0,1.0,N,,08/2018,Analyst
39-9011.00,1.A.2.b.1,Control Precision,LV,0.0,8,0.0,0.0,0.0,N,Y,08/2018,Analyst
39-9011.00,1.A.2.b.2,Multilimb Coordination,IM,2.12,8,0.125,1.88,2.37,N,,08/2018,Analyst
39-9011.00,1.A.2.b.2,Multilimb Coordination,LV,2.0,8,0.0,2.0,2.0,N,N,08/2018,Analyst
39-9011.00,1.A.2.b.3,Response Orientation,IM,1.12,8,0.125,1.0,1.37,N,,08/2018,Analyst
39-9011.00,1.A.2.b.3,Response Orientation,LV,0.12,8,0.125,0.0,0.37,N,Y,08/2018,Analyst
39-9011.00,1.A.2.b.4,Rate Control,IM,1.0,8,0.0,1.0,1.0,N,,08/2018,Analyst
39-9011.00,1.A.2.b.4,Rate Control,LV,0.0,8,0.0,0.0,0.0,N,Y,08/2018,Analyst
39-9011.00,1.A.2.c.1,Reaction Time,IM,1.12,8,0.125,1.0,1.37,N,,08/2018,Analyst
39-9011.00,1.A.2.c.1,Reaction Time,LV,0.25,8,0.25,0.0,0.74,N,Y,08/2018,Analyst
39-9011.00,1.A.2.c.2,Wrist-Finger Speed,IM,1.38,8,0.183,1.0164,1.7336,N,,08/2018,Analyst
39-9011.00,1.A.2.c.2,Wrist-Finger Speed,LV,0.5,8,0.2673,0.0,1.0238,N,N,08/2018,Analyst
39-9011.00,1.A.2.c.3,Speed of Limb Movement,IM,1.75,8,0.1637,1.4292,2.0708,N,,08/2018,Analyst
39-9011.00,1.A.2.c.3,Speed of Limb Movement,LV,0.88,8,0.2266,0.4309,1.3191,N,N,08/2018,Analyst
39-9011.00,1.A.3.a.1,Static Strength,IM,2.38,8,0.183,2.0164,2.7336,N,,08/2018,Analyst
39-9011.00,1.A.3.a.1,Static Strength,LV,2.25,8,0.1637,1.9292,2.5708,N,N,08/2018,Analyst
39-9011.00,1.A.3.a.2,Explosive Strength,IM,1.38,8,0.183,1.0164,1.7336,N,,08/2018,Analyst
39-9011.00,1.A.3.a.2,Explosive Strength,LV,0.62,8,0.3239,0.0,1.2598,N,N,08/2018,Analyst
39-9011.00,1.A.3.a.3,Dynamic Strength,IM,2.12,8,0.125,1.88,2.37,N,,08/2018,Analyst
39-9011.00,1.A.3.a.3,Dynamic Strength,LV,1.75,8,0.25,1.26,2.24,N,N,08/2018,Analyst
39-9011.00,1.A.3.a.4,Trunk Strength,IM,2.38,8,0.183,2.0164,2.7336,N,,08/2018,Analyst
39-9011.00,1.A.3.a.4,Trunk Strength,LV,2.25,8,0.1637,1.9292,2.5708,N,N,08/2018,Analyst
39-9011.00,1.A.3.b.1,Stamina,IM,2.12,8,0.125,1.88,2.37,N,,08/2018,Analyst
39-9011.00,1.A.3.b.1,Stamina,LV,2.12,8,0.125,1.88,2.37,N,N,08/2018,Analyst
39-9011.00,1.A.3.c.1,Extent Flexibility,IM,2.75,8,0.1637,2.4292,3.0708,N,,08/2018,Analyst
39-9011.00,1.A.3.c.1,Extent Flexibility,LV,2.62,8,0.183,2.2664,2.9836,N,N,08/2018,Analyst
39-9011.00,1.A.3.c.2,Dynamic Flexibility,IM,1.12,8,0.125,1.0,1.37,N,,08/2018,Analyst
39-9011.00,1.A.3.c.2,Dynamic Flexibility,LV,0.25,8,0.25,0.0,0.74,N,Y,08/2018,Analyst
39-9011.00,1.A.3.c.3,Gross Body Coordination,IM,2.25,8,0.1637,1.9292,2.5708,N,,08/2018,Analyst
39-9011.00,1.A.3.c.3,Gross Body Coordination,LV,2.0,8,0.0,2.0,2.0,N,N,08/2018,Analyst
39-9011.00,1.A.3.c.4,Gross Body Equilibrium,IM,2.0,8,0.189,1.6296,2.3704,N,,08/2018,Analyst
39-9011.00,1.A.3.c.4,Gross Body Equilibrium,LV,1.88,8,0.295,1.2967,2.4533,N,N,08/2018,Analyst
39-9011.00,1.A.4.a.1,Near Vision,IM,3.0,8,0.0,3.0,3.0,N,,08/2018,Analyst
39-9011.00,1.A.4.a.1,Near Vision,LV,3.0,8,0.0,3.0,3.0,N,N,08/2018,Analyst
39-9011.00,1.A.4.a.2,Far Vision,IM,3.12,8,0.125,2.88,3.37,N,,08/2018,Analyst
39-9011.00,1.A.4.a.2,Far Vision,LV,3.0,8,0.0,3.0,3.0,N,N,08/2018,Analyst
39-9011.00,1.A.4.a.3,Visual Color Discrimination,IM,2.5,8,0.189,2.1296,2.8704,N,,08/2018,Analyst
39-9011.00,1.A.4.a.3,Visual Color Discrimination,LV,2.38,8,0.2631,1.8594,2.8906,N,N,08/2018,Analyst
39-9011.00,1.A.4.a.4,Night Vision,IM,1.0,8,0.0,1.0,1.0,N,,08/2018,Analyst
39-9011.00,1.A.4.a.4,Night Vision,LV,0.0,8,0.0,0.0,0.0,N,Y,08/2018,Analyst
39-9011.00,1.A.4.a.5,Peripheral Vision,IM,1.0,8,0.0,1.0,1.0,N,,08/2018,Analyst
39-9011.00,1.A.4.a.5,Peripheral Vision,LV,0.0,8,0.0,0.0,0.0,N,Y,08/2018,Analyst
39-9011.00,1.A.4.a.6,Depth Perception,IM,2.0,8,0.0,2.0,2.0,N,,08/2018,Analyst
39-9011.00,1.A.4.a.6,Depth Perception,LV,1.38,8,0.183,1.0164,1.7336,N,N,08/2018,Analyst
39-9011.00,1.A.4.a.7,Glare Sensitivity,IM,1.0,8,0.0,1.0,1.0,N,,08/2018,Analyst
39-9011.00,1.A.4.a.7,Glare Sensitivity,LV,0.0,8,0.0,0.0,0.0,N,Y,08/2018,Analyst
39-9011.00,1.A.4.b.1,Hearing Sensitivity,IM,2.0,8,0.0,2.0,2.0,N,,08/2018,Analyst
39-9011.00,1.A.4.b.1,Hearing Sensitivity,LV,2.0,8,0.0,2.0,2.0,N,N,08/2018,Analyst
39-9011.00,1.A.4.b.2,Auditory Attention,IM,2.25,8,0.1637,1.9292,2.5708,N,,08/2018,Analyst
39-9011.00,1.A.4.b.2,Auditory Attention,LV,2.25,8,0.1637,1.9292,2.5708,N,N,08/2018,Analyst
39-9011.00,1.A.4.b.3,Sound Localization,IM,1.12,8,0.125,1.0,1.37,N,,08/2018,Analyst
39-9011.00,1.A.4.b.3,Sound Localization,LV,0.12,8,0.125,0.0,0.37,N,Y,08/2018,Analyst
39-9011.00,1.A.4.b.4,Speech Recognition,IM,3.12,8,0.125,2.88,3.37,N,,08/2018,Analyst
39-9011.00,1.A.4.b.4,Speech Recognition,LV,3.12,8,0.125,2.88,3.37,N,N,08/2018,Analyst
39-9011.00,1.A.4.b.5,Speech Clarity,IM,3.0,8,0.0,3.0,3.0,N,,08/2018,Analyst
39-9011.00,1.A.4.b.5,Speech Clarity,LV,3.0,8,0.189,2.6296,3.3704,N,N,08/2018,Analyst
39-9011.01,1.A.1.a.1,Oral Comprehension,IM,4.0,8,0.0,4.0,4.0,N,,08/2023,Analyst
39-9011.01,1.A.1.a.1,Oral Comprehension,LV,3.88,8,0.125,3.63,4.12,N,N,08/2023,Analyst
39-9011.01,1.A.1.a.2,Written Comprehension,IM,3.38,8,0.183,3.0164,3.7336,N,,08/2023,Analyst
39-9011.01,1.A.1.a.2,Written Comprehension,LV,3.0,8,0.0,3.0,3.0,N,N,08/2023,Analyst
39-9011.01,1.A.1.a.3,Oral Expression,IM,4.0,8,0.0,4.0,4.0,N,,08/2023,Analyst
39-9011.01,1.A.1.a.3,Oral Expression,LV,3.88,8,0.125,3.63,4.12,N,N,08/2023,Analyst
39-9011.01,1.A.1.a.4,Written Expression,IM,3.0,8,0.0,3.0,3.0,N,,08/2023,Analyst
39-9011.01,1.A.1.a.4,Written Expression,LV,2.88,8,0.125,2.63,3.12,N,N,08/2023,Analyst
39-9011.01,1.A.1.b.1,Fluency of Ideas,IM,3.12,8,0.125,2.88,3.37,N,,08/2023,Analyst
39-9011.01,1.A.1.b.1,Fluency of Ideas,LV,3.0,8,0.0,3.0,3.0,N,N,08/2023,Analyst
39-9011.01,1.A.1.b.2,Originality,IM,3.12,8,0.125,2.88,3.37,N,,08/2023,Analyst
39-9011.01,1.A.1.b.2,Originality,LV,3.0,8,0.189,2.6296,3.3704,N,N,08/2023,Analyst
39-9011.01,1.A.1.b.3,Problem Sensitivity,IM,3.88,8,0.125,3.63,4.12,N,,08/2023,Analyst
39-9011.01,1.A.1.b.3,Problem Sensitivity,LV,4.0,8,0.0,4.0,4.0,N,N,08/2023,Analyst
39-9011.01,1.A.1.b.4,Deductive Reasoning,IM,3.62,8,0.183,3.2664,3.9836,N,,08/2023,Analyst
39-9011.01,1.A.1.b.4,Deductive Reasoning,LV,3.25,8,0.1637,2.9292,3.5708,N,N,08/2023,Analyst
39-9011.01,1.A.1.b.5,Inductive Reasoning,IM,3.5,8,0.189,3.1296,3.8704,N,,08/2023,Analyst
39-9011.01,1.A.1.b.5,Inductive Reasoning,LV,3.0,8,0.0,3.0,3.0,N,N,08/2023,Analyst
39-9011.01,1.A.1.b.6,Information Ordering,IM,3.0,8,0.0,3.0,3.0,N,,08/2023,Analyst
39-9011.01,1.A.1.b.6,Information Ordering,LV,3.0,8,0.0,3.0,3.0,N,N,08/2023,Analyst
39-9011.01,1.A.1.b.7,Category Flexibility,IM,2.88,8,0.125,2.63,3.12,N,,08/2023,Analyst
39-9011.01,1.A.1.b.7,Category Flexibility,LV,2.75,8,0.1637,2.4292,3.0708,N,N,08/2023,Analyst
39-9011.01,1.A.1.c.1,Mathematical Reasoning,IM,1.62,8,0.183,1.2664,1.9836,N,,08/2023,Analyst
39-9011.01,1.A.1.c.1,Mathematical Reasoning,LV,0.62,8,0.183,0.2664,0.9836,N,N,08/2023,Analyst
39-9011.01,1.A.1.c.2,Number Facility,IM,2.0,8,0.0,2.0,2.0,N,,08/2023,Analyst
39-9011.01,1.A.1.c.2,Number Facility,LV,1.62,8,0.183,1.2664,1.9836,N,N,08/2023,Analyst
39-9011.01,1.A.1.d.1,Memorization,IM,2.62,8,0.183,2.2664,2.9836,N,,08/2023,Analyst
39-9011.01,1.A.1.d.1,Memorization,LV,2.75,8,0.1637,2.4292,3.0708,N,N,08/2023,Analyst
39-9011.01,1.A.1.e.1,Speed of Closure,IM,2.62,8,0.183,2.2664,2.9836,N,,08/2023,Analyst
39-9011.01,1.A.1.e.1,Speed of Closure,LV,2.75,8,0.1637,2.4292,3.0708,N,N,08/2023,Analyst
39-9011.01,1.A.1.e.2,Flexibility of Closure,IM,2.88,8,0.125,2.63,3.12,N,,08/2023,Analyst
39-9011.01,1.A.1.e.2,Flexibility of Closure,LV,2.88,8,0.125,2.63,3.12,N,N,08/2023,Analyst
39-9011.01,1.A.1.e.3,Perceptual Speed,IM,2.38,8,0.183,2.0164,2.7336,N,,08/2023,Analyst
39-9011.01,1.A.1.e.3,Perceptual Speed,LV,2.38,8,0.183,2.0164,2.7336,N,N,08/2023,Analyst
39-9011.01,1.A.1.f.1,Spatial Orientation,IM,2.0,8,0.0,2.0,2.0,N,,08/2023,Analyst
39-9011.01,1.A.1.f.1,Spatial Orientation,LV,1.88,8,0.125,1.63,2.12,N,N,08/2023,Analyst
39-9011.01,1.A.1.f.2,Visualization,IM,2.62,8,0.183,2.2664,2.9836,N,,08/2023,Analyst
39-9011.01,1.A.1.f.2,Visualization,LV,2.62,8,0.183,2.2664,2.9836,N,N,08/2023,Analyst
39-9011.01,1.A.1.g.1,Selective Attention,IM,3.12,8,0.125,2.88,3.37,N,,08/2023,Analyst
39-9011.01,1.A.1.g.1,Selective Attention,LV,3.0,8,0.189,2.6296,3.3704,N,N,08/2023,Analyst
39-9011.01,1.A.1.g.2,Time Sharing,IM,2.88,8,0.125,2.63,3.12,N,,08/2023,Analyst
39-9011.01,1.A.1.g.2,Time Sharing,LV,3.0,8,0.0,3.0,3.0,N,N,08/2023,Analyst
39-9011.01,1.A.2.a.1,Arm-Hand Steadiness,IM,2.62,8,0.183,2.2664,2.9836,N,,08/2023,Analyst
39-9011.01,1.A.2.a.1,Arm-Hand Steadiness,LV,2.75,8,0.1637,2.4292,3.0708,N,N,08/2023,Analyst
39-9011.01,1.A.2.a.2,Manual Dexterity,IM,2.62,8,0.183,2.2664,2.9836,N,,08/2023,Analyst
39-9011.01,1.A.2.a.2,Manual Dexterity,LV,2.25,8,0.1637,1.9292,2.5708,N,N,08/2023,Analyst
39-9011.01,1.A.2.a.3,Finger Dexterity,IM,2.5,8,0.189,2.1296,2.8704,N,,08/2023,Analyst
39-9011.01,1.A.2.a.3,Finger Dexterity,LV,2.12,8,0.125,1.88,2.37,N,N,08/2023,Analyst
39-9011.01,1.A.2.b.1,Control Precision,IM,2.12,8,0.125,1.88,2.37,N,,08/2023,Analyst
39-9011.01,1.A.2.b.1,Control Precision,LV,2.0,8,0.0,2.0,2.0,N,N,08/2023,Analyst
39-9011.01,1.A.2.b.2,Multilimb Coordination,IM,2.88,8,0.125,2.63,3.12,N,,08/2023,Analyst
39-9011.01,1.A.2.b.2,Multilimb Coordination,LV,2.75,8,0.1637,2.4292,3.0708,N,N,08/2023,Analyst
39-9011.01,1.A.2.b.3,Response Orientation,IM,2.62,8,0.183,2.2664,2.9836,N,,08/2023,Analyst
39-9011.01,1.A.2.b.3,Response Orientation,LV,2.62,8,0.2631,2.1094,3.1406,N,N,08/2023,Analyst
39-9011.01,1.A.2.b.4,Rate Control,IM,2.0,8,0.0,2.0,2.0,N,,08/2023,Analyst
39-9011.01,1.A.2.b.4,Rate Control,LV,1.12,8,0.125,0.88,1.37,N,N,08/2023,Analyst
39-9011.01,1.A.2.c.1,Reaction Time,IM,2.0,8,0.0,2.0,2.0,N,,08/2023,Analyst
39-9011.01,1.A.2.c.1,Reaction Time,LV,1.88,8,0.125,1.63,2.12,N,N,08/2023,Analyst
39-9011.01,1.A.2.c.2,Wrist-Finger Speed,IM,1.88,8,0.125,1.63,2.12,N,,08/2023,Analyst
39-9011.01,1.A.2.c.2,Wrist-Finger Speed,LV,1.0,8,0.189,0.6296,1.3704,N,N,08/2023,Analyst
39-9011.01,1.A.2.c.3,Speed of Limb Movement,IM,1.62,8,0.183,1.2664,1.9836,N,,08/2023,Analyst
39-9011.01,1.A.2.c.3,Speed of Limb Movement,LV,0.62,8,0.183,0.2664,0.9836,N,N,08/2023,Analyst
39-9011.01,1.A.3.a.1,Static Strength,IM,2.75,8,0.1637,2.4292,3.0708,N,,08/2023,Analyst
39-9011.01,1.A.3.a.1,Static Strength,LV,2.88,8,0.125,2.63,3.12,N,N,08/2023,Analyst
39-9011.01,1.A.3.a.2,Explosive Strength,IM,2.0,8,0.0,2.0,2.0,N,,08/2023,Analyst
39-9011.01,1.A.3.a.2,Explosive Strength,LV,1.38,8,0.2631,0.8594,1.8906,N,N,08/2023,Analyst
39-9011.01,1.A.3.a.3,Dynamic Strength,IM,2.5,8,0.189,2.1296,2.8704,N,,08/2023,Analyst
39-9011.01,1.A.3.a.3,Dynamic Strength,LV,2.0,8,0.0,2.0,2.0,N,N,08/2023,Analyst
39-9011.01,1.A.3.a.4,Trunk Strength,IM,3.0,8,0.0,3.0,3.0,N,,08/2023,Analyst
39-9011.01,1.A.3.a.4,Trunk Strength,LV,3.0,8,0.0,3.0,3.0,N,N,08/2023,Analyst
39-9011.01,1.A.3.b.1,Stamina,IM,2.75,8,0.1637,2.4292,3.0708,N,,08/2023,Analyst
39-9011.01,1.A.3.b.1,Stamina,LV,2.12,8,0.125,1.88,2.37,N,N,08/2023,Analyst
39-9011.01,1.A.3.c.1,Extent Flexibility,IM,2.75,8,0.1637,2.4292,3.0708,N,,08/2023,Analyst
39-9011.01,1.A.3.c.1,Extent Flexibility,LV,2.75,8,0.1637,2.4292,3.0708,N,N,08/2023,Analyst
39-9011.01,1.A.3.c.2,Dynamic Flexibility,IM,1.25,8,0.1637,1.0,1.5708,N,,08/2023,Analyst
39-9011.01,1.A.3.c.2,Dynamic Flexibility,LV,0.25,8,0.1637,0.0,0.5708,N,Y,08/2023,Analyst
39-9011.01,1.A.3.c.3,Gross Body Coordination,IM,2.62,8,0.183,2.2664,2.9836,N,,08/2023,Analyst
39-9011.01,1.A.3.c.3,Gross Body Coordination,LV,2.12,8,0.125,1.88,2.37,N,N,08/2023,Analyst
39-9011.01,1.A.3.c.4,Gross Body Equilibrium,IM,2.0,8,0.0,2.0,2.0,N,,08/2023,Analyst
39-9011.01,1.A.3.c.4,Gross Body Equilibrium,LV,1.88,8,0.125,1.63,2.12,N,N,08/2023,Analyst
39-9011.01,1.A.4.a.1,Near Vision,IM,3.12,8,0.125,2.88,3.37,N,,08/2023,Analyst
39-9011.01,1.A.4.a.1,Near Vision,LV,3.0,8,0.0,3.0,3.0,N,N,08/2023,Analyst
39-9011.01,1.A.4.a.2,Far Vision,IM,2.75,8,0.1637,2.4292,3.0708,N,,08/2023,Analyst
39-9011.01,1.A.4.a.2,Far Vision,LV,2.88,8,0.125,2.63,3.12,N,N,08/2023,Analyst
39-9011.01,1.A.4.a.3,Visual Color Discrimination,IM,2.0,8,0.0,2.0,2.0,N,,08/2023,Analyst
39-9011.01,1.A.4.a.3,Visual Color Discrimination,LV,2.0,8,0.0,2.0,2.0,N,N,08/2023,Analyst
39-9011.01,1.A.4.a.4,Night Vision,IM,2.0,8,0.0,2.0,2.0,N,,08/2023,Analyst
39-9011.01,1.A.4.a.4,Night Vision,LV,1.88,8,0.125,1.63,2.12,N,N,08/2023,Analyst
39-9011.01,1.A.4.a.5,Peripheral Vision,IM,2.0,8,0.0,2.0,2.0,N,,08/2023,Analyst
39-9011.01,1.A.4.a.5,Peripheral Vision,LV,2.0,8,0.0,2.0,2.0,N,N,08/2023,Analyst
39-9011.01,1.A.4.a.6,Depth Perception,IM,2.25,8,0.1637,1.9292,2.5708,N,,08/2023,Analyst
39-9011.01,1.A.4.a.6,Depth Perception,LV,2.0,8,0.0,2.0,2.0,N,N,08/2023,Analyst
39-9011.01,1.A.4.a.7,Glare Sensitivity,IM,2.0,8,0.0,2.0,2.0,N,,08/2023,Analyst
39-9011.01,1.A.4.a.7,Glare Sensitivity,LV,1.25,8,0.1637,0.9292,1.5708,N,N,08/2023,Analyst
39-9011.01,1.A.4.b.1,Hearing Sensitivity,IM,2.25,8,0.1637,1.9292,2.5708,N,,08/2023,Analyst
39-9011.01,1.A.4.b.1,Hearing Sensitivity,LV,2.25,8,0.1637,1.9292,2.5708,N,N,08/2023,Analyst
39-9011.01,1.A.4.b.2,Auditory Attention,IM,2.38,8,0.183,2.0164,2.7336,N,,08/2023,Analyst
39-9011.01,1.A.4.b.2,Auditory Attention,LV,2.25,8,0.1637,1.9292,2.5708,N,N,08/2023,Analyst
39-9011.01,1.A.4.b.3,Sound Localization,IM,2.12,8,0.125,1.88,2.37,N,,08/2023,Analyst
39-9011.01,1.A.4.b.3,Sound Localization,LV,1.25,8,0.1637,0.9292,1.5708,N,N,08/2023,Analyst
39-9011.01,1.A.4.b.4,Speech Recognition,IM,3.75,8,0.1637,3.4292,4.0708,N,,08/2023,Analyst
39-9011.01,1.A.4.b.4,Speech Recognition,LV,3.12,8,0.125,2.88,3.37,N,N,08/2023,Analyst
39-9011.01,1.A.4.b.5,Speech Clarity,IM,3.75,8,0.1637,3.4292,4.0708,N,,08/2023,Analyst
39-9011.01,1.A.4.b.5,Speech Clarity,LV,3.12,8,0.125,2.88,3.37,N,N,08/2023,Analyst
39-9031.00,1.A.1.a.1,Oral Comprehension,IM,3.25,8,0.1637,2.9292,3.5708,N,,08/2021,Analyst
39-9031.00,1.A.1.a.1,Oral Comprehension,LV,3.88,8,0.125,3.63,4.12,N,N,08/2021,Analyst
39-9031.00,1.A.1.a.2,Written Comprehension,IM,2.88,8,0.125,2.63,3.12,N,,08/2021,Analyst
39-9031.00,1.A.1.a.2,Written Comprehension,LV,3.0,8,0.0,3.0,3.0,N,N,08/2021,Analyst
39-9031.00,1.A.1.a.3,Oral Expression,IM,3.88,8,0.125,3.63,4.12,N,,08/2021,Analyst
39-9031.00,1.A.1.a.3,Oral Expression,LV,3.88,8,0.125,3.63,4.12,N,N,08/2021,Analyst
39-9031.00,1.A.1.a.4,Written Expression,IM,2.88,8,0.125,2.63,3.12,N,,08/2021,Analyst
39-9031.00,1.A.1.a.4,Written Expression,LV,2.75,8,0.1637,2.4292,3.0708,N,N,08/2021,Analyst
39-9031.00,1.A.1.b.1,Fluency of Ideas,IM,3.0,8,0.189,2.6296,3.3704,N,,08/2021,Analyst
39-9031.00,1.A.1.b.1,Fluency of Ideas,LV,3.25,8,0.25,2.76,3.74,N,N,08/2021,Analyst
39-9031.00,1.A.1.b.2,Originality,IM,3.12,8,0.125,2.88,3.37,N,,08/2021,Analyst
39-9031.00,1.A.1.b.2,Originality,LV,3.12,8,0.125,2.88,3.37,N,N,08/2021,Analyst
39-9031.00,1.A.1.b.3,Problem Sensitivity,IM,3.12,8,0.125,2.88,3.37,N,,08/2021,Analyst
39-9031.00,1.A.1.b.3,Problem Sensitivity,LV,3.0,8,0.0,3.0,3.0,N,N,08/2021,Analyst
39-9031.00,1.A.1.b.4,Deductive Reasoning,IM,3.0,8,0.0,3.0,3.0,N,,08/2021,Analyst
39-9031.00,1.A.1.b.4,Deductive Reasoning,LV,3.0,8,0.0,3.0,3.0,N,N,08/2021,Analyst
39-9031.00,1.A.1.b.5,Inductive Reasoning,IM,3.0,8,0.0,3.0,3.0,N,,08/2021,Analyst
39-9031.00,1.A.1.b.5,Inductive Reasoning,LV,3.0,8,0.0,3.0,3.0,N,N,08/2021,Analyst
39-9031.00,1.A.1.b.6,Information Ordering,IM,3.12,8,0.125,2.88,3.37,N,,08/2021,Analyst
39-9031.00,1.A.1.b.6,Information Ordering,LV,3.0,8,0.0,3.0,3.0,N,N,08/2021,Analyst
39-9031.00,1.A.1.b.7,Category Flexibility,IM,3.0,8,0.0,3.0,3.0,N,,08/2021,Analyst
39-9031.00,1.A.1.b.7,Category Flexibility,LV,3.12,8,0.125,2.88,3.37,N,N,08/2021,Analyst
39-9031.00,1.A.1.c.1,Mathematical Reasoning,IM,1.75,8,0.1637,1.4292,2.0708,N,,08/2021,Analyst
39-9031.00,1.A.1.c.1,Mathematical Reasoning,LV,0.75,8,0.1637,0.4292,1.0708,N,N,08/2021,Analyst
39-9031.00,1.A.1.c.2,Number Facility,IM,1.88,8,0.125,1.63,2.12,N,,08/2021,Analyst
39-9031.00,1.A.1.c.2,Number Facility,LV,1.0,8,0.189,0.6296,1.3704,N,N,08/2021,Analyst
39-9031.00,1.A.1.d.1,Memorization,IM,2.38,8,0.183,2.0164,2.7336,N,,08/2021,Analyst
39-9031.00,1.A.1.d.1,Memorization,LV,2.38,8,0.183,2.0164,2.7336,N,N,08/2021,Analyst
39-9031.00,1.A.1.e.1,Speed of Closure,IM,2.0,8,0.0,2.0,2.0,N,,08/2021,Analyst
39-9031.00,1.A.1.e.1,Speed of Closure,LV,2.12,8,0.125,1.88,2.37,N,N,08/2021,Analyst
39-9031.00,1.A.1.e.2,Flexibility of Closure,IM,2.0,8,0.0,2.0,2.0,N,,08/2021,Analyst
39-9031.00,1.A.1.e.2,Flexibility of Closure,LV,2.0,8,0.0,2.0,2.0,N,N,08/2021,Analyst
39-9031.00,1.A.1.e.3,Perceptual Speed,IM,2.0,8,0.0,2.0,2.0,N,,08/2021,Analyst
39-9031.00,1.A.1.e.3,Perceptual Speed,LV,2.12,8,0.125,1.88,2.37,N,N,08/2021,Analyst
39-9031.00,1.A.1.f.1,Spatial Orientation,IM,1.75,8,0.1637,1.4292,2.0708,N,,08/2021,Analyst
39-9031.00,1.A.1.f.1,Spatial Orientation,LV,0.88,8,0.2266,0.4309,1.3191,N,N,08/2021,Analyst
39-9031.00,1.A.1.f.2,Visualization,IM,2.12,8,0.125,1.88,2.37,N,,08/2021,Analyst
39-9031.00,1.A.1.f.2,Visualization,LV,2.12,8,0.125,1.88,2.37,N,N,08/2021,Analyst
39-9031.00,1.A.1.g.1,Selective Attention,IM,3.0,8,0.0,3.0,3.0,N,,08/2021,Analyst
39-9031.00,1.A.1.g.1,Selective Attention,LV,3.0,8,0.0,3.0,3.0,N,N,08/2021,Analyst
39-9031.00,1.A.1.g.2,Time Sharing,IM,2.88,8,0.125,2.63,3.12,N,,08/2021,Analyst
39-9031.00,1.A.1.g.2,Time Sharing,LV,3.0,8,0.0,3.0,3.0,N,N,08/2021,Analyst
39-9031.00,1.A.2.a.1,Arm-Hand Steadiness,IM,2.75,8,0.1637,2.4292,3.0708,N,,08/2021,Analyst
39-9031.00,1.A.2.a.1,Arm-Hand Steadiness,LV,2.88,8,0.125,2.63,3.12,N,N,08/2021,Analyst
39-9031.00,1.A.2.a.2,Manual Dexterity,IM,3.0,8,0.0,3.0,3.0,N,,08/2021,Analyst
39-9031.00,1.A.2.a.2,Manual Dexterity,LV,2.88,8,0.125,2.63,3.12,N,N,08/2021,Analyst
39-9031.00,1.A.2.a.3,Finger Dexterity,IM,2.25,8,0.1637,1.9292,2.5708,N,,08/2021,Analyst
39-9031.00,1.A.2.a.3,Finger Dexterity,LV,2.12,8,0.125,1.88,2.37,N,N,08/2021,Analyst
39-9031.00,1.A.2.b.1,Control Precision,IM,1.62,8,0.183,1.2664,1.9836,N,,08/2021,Analyst
39-9031.00,1.A.2.b.1,Control Precision,LV,1.0,8,0.3273,0.3584,1.6416,N,N,08/2021,Analyst
39-9031.00,1.A.2.b.2,Multilimb Coordination,IM,2.88,8,0.125,2.63,3.12,N,,08/2021,Analyst
39-9031.00,1.A.2.b.2,Multilimb Coordination,LV,2.88,8,0.125,2.63,3.12,N,N,08/2021,Analyst
39-9031.00,1.A.2.b.3,Response Orientation,IM,1.75,8,0.1637,1.4292,2.0708,N,,08/2021,Analyst
39-9031.00,1.A.2.b.3,Response Orientation,LV,0.75,8,0.1637,0.4292,1.0708,N,N,08/2021,Analyst
39-9031.00,1.A.2.b.4,Rate Control,IM,1.75,8,0.1637,1.4292,2.0708,N,,08/2021,Analyst
39-9031.00,1.A.2.b.4,Rate Control,LV,0.88,8,0.2266,0.4309,1.3191,N,N,08/2021,Analyst
39-9031.00,1.A.2.c.1,Reaction Time,IM,1.62,8,0.183,1.2664,1.9836,N,,08/2021,Analyst
39-9031.00,1.A.2.c.1,Reaction Time,LV,0.75,8,0.25,0.26,1.24,N,N,08/2021,Analyst
39-9031.00,1.A.2.c.2,Wrist-Finger Speed,IM,1.88,8,0.125,1.63,2.12,N,,08/2021,Analyst
39-9031.00,1.A.2.c.2,Wrist-Finger Speed,LV,1.25,8,0.25,0.76,1.74,N,N,08/2021,Analyst
39-9031.00,1.A.2.c.3,Speed of Limb Movement,IM,2.0,8,0.189,1.6296,2.3704,N,,08/2021,Analyst
39-9031.00,1.A.2.c.3,Speed of Limb Movement,LV,2.12,8,0.3504,1.4383,2.8117,N,N,08/2021,Analyst
39-9031.00,1.A.3.a.1,Static Strength,IM,3.38,8,0.183,3.0164,3.7336,N,,08/2021,Analyst
39-9031.00,1.A.3.a.1,Static Strength,LV,3.75,8,0.25,3.26,4.24,N,N,08/2021,Analyst
39-9031.00,1.A.3.a.2,Explosive Strength,IM,2.75,8,0.25,2.26,3.24,N,,08/2021,Analyst
39-9031.00,1.A.3.a.2,Explosive Strength,LV,2.62,8,0.2631,2.1094,3.1406,N,N,08/2021,Analyst
39-9031.00,1.A.3.a.3,Dynamic Strength,IM,3.38,8,0.183,3.0164,3.7336,N,,08/2021,Analyst
39-9031.00,1.A.3.a.3,Dynamic Strength,LV,4.0,8,0.0,4.0,4.0,N,N,08/2021,Analyst
39-9031.00,1.A.3.a.4,Trunk Strength,IM,3.62,8,0.183,3.2664,3.9836,N,,08/2021,Analyst
39-9031.00,1.A.3.a.4,Trunk Strength,LV,4.12,8,0.125,3.88,4.37,N,N,08/2021,Analyst
39-9031.00,1.A.3.b.1,Stamina,IM,3.88,8,0.125,3.63,4.12,N,,08/2021,Analyst
39-9031.00,1.A.3.b.1,Stamina,LV,4.0,8,0.189,3.6296,4.3704,N,N,08/2021,Analyst
39-9031.00,1.A.3.c.1,Extent Flexibility,IM,4.0,8,0.0,4.0,4.0,N,,08/2021,Analyst
39-9031.00,1.A.3.c.1,Extent Flexibility,LV,4.12,8,0.125,3.88,4.37,N,N,08/2021,Analyst
39-9031.00,1.A.3.c.2,Dynamic Flexibility,IM,3.25,8,0.1637,2.9292,3.5708,N,,08/2021,Analyst
39-9031.00,1.A.3.c.2,Dynamic Flexibility,LV,3.38,8,0.2631,2.8594,3.8906,N,N,08/2021,Analyst
39-9031.00,1.A.3.c.3,Gross Body Coordination,IM,3.88,8,0.125,3.63,4.12,N,,08/2021,Analyst
39-9031.00,1.A.3.c.3,Gross Body Coordination,LV,3.88,8,0.125,3.63,4.12,N,N,08/2021,Analyst
39-9031.00,1.A.3.c.4,Gross Body Equilibrium,IM,3.0,8,0.189,2.6296,3.3704,N,,08/2021,Analyst
39-9031.00,1.A.3.c.4,Gross Body Equilibrium,LV,3.0,8,0.189,2.6296,3.3704,N,N,08/2021,Analyst
39-9031.00,1.A.4.a.1,Near Vision,IM,3.0,8,0.0,3.0,3.0,N,,08/2021,Analyst
39-9031.00,1.A.4.a.1,Near Vision,LV,2.88,8,0.125,2.63,3.12,N,N,08/2021,Analyst
39-9031.00,1.A.4.a.2,Far Vision,IM,3.12,8,0.125,2.88,3.37,N,,08/2021,Analyst
39-9031.00,1.A.4.a.2,Far Vision,LV,3.12,8,0.125,2.88,3.37,N,N,08/2021,Analyst
39-9031.00,1.A.4.a.3,Visual Color Discrimination,IM,1.62,8,0.183,1.2664,1.9836,N,,08/2021,Analyst
39-9031.00,1.A.4.a.3,Visual Color Discrimination,LV,1.12,8,0.3504,0.4383,1.8117,N,N,08/2021,Analyst
39-9031.00,1.A.4.a.4,Night Vision,IM,1.0,8,0.0,1.0,1.0,N,,08/2021,Analyst
39-9031.00,1.A.4.a.4,Night Vision,LV,0.0,8,0.0,0.0,0.0,N,Y,08/2021,Analyst
39-9031.00,1.A.4.a.5,Peripheral Vision,IM,1.75,8,0.1637,1.4292,2.0708,N,,08/2021,Analyst
39-9031.00,1.A.4.a.5,Peripheral Vision,LV,1.0,8,0.2673,0.4762,1.5238,N,N,08/2021,Analyst
39-9031.00,1.A.4.a.6,Depth Perception,IM,1.88,8,0.125,1.63,2.12,N,,08/2021,Analyst
39-9031.00,1.A.4.a.6,Depth Perception,LV,1.62,8,0.2631,1.1094,2.1406,N,N,08/2021,Analyst
39-9031.00,1.A.4.a.7,Glare Sensitivity,IM,1.0,8,0.0,1.0,1.0,N,,08/2021,Analyst
39-9031.00,1.A.4.a.7,Glare Sensitivity,LV,0.0,8,0.0,0.0,0.0,N,Y,08/2021,Analyst
39-9031.00,1.A.4.b.1,Hearing Sensitivity,IM,1.75,8,0.1637,1.4292,2.0708,N,,08/2021,Analyst
39-9031.00,1.A.4.b.1,Hearing Sensitivity,LV,1.38,8,0.3239,0.7402,2.0098,N,N,08/2021,Analyst
39-9031.00,1.A.4.b.2,Auditory Attention,IM,2.12,8,0.125,1.88,2.37,N,,08/2021,Analyst
39-9031.00,1.A.4.b.2,Auditory Attention,LV,2.25,8,0.1637,1.9292,2.5708,N,N,08/2021,Analyst
39-9031.00,1.A.4.b.3,Sound Localization,IM,1.25,8,0.1637,1.0,1.5708,N,,08/2021,Analyst
39-9031.00,1.A.4.b.3,Sound Localization,LV,0.25,8,0.1637,0.0,0.5708,N,Y,08/2021,Analyst
39-9031.00,1.A.4.b.4,Speech Recognition,IM,3.12,8,0.125,2.88,3.37,N,,08/2021,Analyst
39-9031.00,1.A.4.b.4,Speech Recognition,LV,3.12,8,0.125,2.88,3.37,N,N,08/2021,Analyst
39-9031.00,1.A.4.b.5,Speech Clarity,IM,3.75,8,0.1637,3.4292,4.0708,N,,08/2021,Analyst
39-9031.00,1.A.4.b.5,Speech Clarity,LV,3.62,8,0.183,3.2664,3.9836,N,N,08/2021,Analyst
39-9032.00,1.A.1.a.1,Oral Comprehension,IM,4.0,8,0.0,4.0,4.0,N,,07/2017,Analyst
39-9032.00,1.A.1.a.1,Oral Comprehension,LV,4.0,8,0.0,4.0,4.0,N,N,07/2017,Analyst
39-9032.00,1.A.1.a.2,Written Comprehension,IM,3.38,8,0.183,3.0164,3.7336,N,,07/2017,Analyst
39-9032.00,1.A.1.a.2,Written Comprehension,LV,3.25,8,0.1637,2.9292,3.5708,N,N,07/2017,Analyst
39-9032.00,1.A.1.a.3,Oral Expression,IM,4.0,8,0.0,4.0,4.0,N,,07/2017,Analyst
39-9032.00,1.A.1.a.3,Oral Expression,LV,4.0,8,0.0,4.0,4.0,N,N,07/2017,Analyst
39-9032.00,1.A.1.a.4,Written Expression,IM,3.12,8,0.125,2.88,3.37,N,,07/2017,Analyst
39-9032.00,1.A.1.a.4,Written Expression,LV,3.12,8,0.125,2.88,3.37,N,N,07/2017,Analyst
39-9032.00,1.A.1.b.1,Fluency of Ideas,IM,3.12,8,0.125,2.88,3.37,N,,07/2017,Analyst
39-9032.00,1.A.1.b.1,Fluency of Ideas,LV,3.12,8,0.125,2.88,3.37,N,N,07/2017,Analyst
39-9032.00,1.A.1.b.2,Originality,IM,3.12,8,0.125,2.88,3.37,N,,07/2017,Analyst
39-9032.00,1.A.1.b.2,Originality,LV,3.5,8,0.189,3.1296,3.8704,N,N,07/2017,Analyst
39-9032.00,1.A.1.b.3,Problem Sensitivity,IM,3.62,8,0.183,3.2664,3.9836,N,,07/2017,Analyst
39-9032.00,1.A.1.b.3,Problem Sensitivity,LV,3.12,8,0.125,2.88,3.37,N,N,07/2017,Analyst
39-9032.00,1.A.1.b.4,Deductive Reasoning,IM,3.25,8,0.1637,2.9292,3.5708,N,,07/2017,Analyst
39-9032.00,1.A.1.b.4,Deductive Reasoning,LV,3.25,8,0.1637,2.9292,3.5708,N,N,07/2017,Analyst
39-9032.00,1.A.1.b.5,Inductive Reasoning,IM,3.0,8,0.0,3.0,3.0,N,,07/2017,Analyst
39-9032.00,1.A.1.b.5,Inductive Reasoning,LV,3.0,8,0.0,3.0,3.0,N,N,07/2017,Analyst
39-9032.00,1.A.1.b.6,Information Ordering,IM,3.12,8,0.125,2.88,3.37,N,,07/2017,Analyst
39-9032.00,1.A.1.b.6,Information Ordering,LV,3.0,8,0.0,3.0,3.0,N,N,07/2017,Analyst
39-9032.00,1.A.1.b.7,Category Flexibility,IM,3.12,8,0.125,2.88,3.37,N,,07/2017,Analyst
39-9032.00,1.A.1.b.7,Category Flexibility,LV,3.0,8,0.0,3.0,3.0,N,N,07/2017,Analyst
39-9032.00,1.A.1.c.1,Mathematical Reasoning,IM,2.25,8,0.1637,1.9292,2.5708,N,,07/2017,Analyst
39-9032.00,1.A.1.c.1,Mathematical Reasoning,LV,2.0,8,0.0,2.0,2.0,N,N,07/2017,Analyst
39-9032.00,1.A.1.c.2,Number Facility,IM,2.12,8,0.125,1.88,2.37,N,,07/2017,Analyst
39-9032.00,1.A.1.c.2,Number Facility,LV,2.12,8,0.125,1.88,2.37,N,N,07/2017,Analyst
39-9032.00,1.A.1.d.1,Memorization,IM,2.0,8,0.0,2.0,2.0,N,,07/2017,Analyst
39-9032.00,1.A.1.d.1,Memorization,LV,2.0,8,0.0,2.0,2.0,N,N,07/2017,Analyst
39-9032.00,1.A.1.e.1,Speed of Closure,IM,2.62,8,0.183,2.2664,2.9836,N,,07/2017,Analyst
39-9032.00,1.A.1.e.1,Speed of Closure,LV,2.62,8,0.183,2.2664,2.9836,N,N,07/2017,Analyst
39-9032.00,1.A.1.e.2,Flexibility of Closure,IM,2.62,8,0.183,2.2664,2.9836,N,,07/2017,Analyst
39-9032.00,1.A.1.e.2,Flexibility of Closure,LV,2.5,8,0.189,2.1296,2.8704,N,N,07/2017,Analyst
39-9032.00,1.A.1.e.3,Perceptual Speed,IM,2.62,8,0.183,2.2664,2.9836,N,,07/2017,Analyst
39-9032.00,1.A.1.e.3,Perceptual Speed,LV,2.25,8,0.1637,1.9292,2.5708,N,N,07/2017,Analyst
39-9032.00,1.A.1.f.1,Spatial Orientation,IM,1.0,8,0.0,1.0,1.0,N,,07/2017,Analyst
39-9032.00,1.A.1.f.1,Spatial Orientation,LV,0.0,8,0.0,0.0,0.0,N,Y,07/2017,Analyst
39-9032.00,1.A.1.f.2,Visualization,IM,2.62,8,0.2631,2.1094,3.1406,N,,07/2017,Analyst
39-9032.00,1.A.1.f.2,Visualization,LV,2.5,8,0.189,2.1296,2.8704,N,N,07/2017,Analyst
39-9032.00,1.A.1.g.1,Selective Attention,IM,3.0,8,0.0,3.0,3.0,N,,07/2017,Analyst
39-9032.00,1.A.1.g.1,Selective Attention,LV,3.0,8,0.0,3.0,3.0,N,N,07/2017,Analyst
39-9032.00,1.A.1.g.2,Time Sharing,IM,3.0,8,0.0,3.0,3.0,N,,07/2017,Analyst
39-9032.00,1.A.1.g.2,Time Sharing,LV,2.88,8,0.125,2.63,3.12,N,N,07/2017,Analyst
39-9032.00,1.A.2.a.1,Arm-Hand Steadiness,IM,2.0,8,0.0,2.0,2.0,N,,07/2017,Analyst
39-9032.00,1.A.2.a.1,Arm-Hand Steadiness,LV,2.0,8,0.0,2.0,2.0,N,N,07/2017,Analyst
39-9032.00,1.A.2.a.2,Manual Dexterity,IM,1.75,8,0.1637,1.4292,2.0708,N,,07/2017,Analyst
39-9032.00,1.A.2.a.2,Manual Dexterity,LV,0.75,8,0.1637,0.4292,1.0708,N,N,07/2017,Analyst
39-9032.00,1.A.2.a.3,Finger Dexterity,IM,2.0,8,0.0,2.0,2.0,N,,07/2017,Analyst
39-9032.00,1.A.2.a.3,Finger Dexterity,LV,2.0,8,0.0,2.0,2.0,N,N,07/2017,Analyst
39-9032.00,1.A.2.b.1,Control Precision,IM,1.62,8,0.183,1.2664,1.9836,N,,07/2017,Analyst
39-9032.00,1.A.2.b.1,Control Precision,LV,1.12,8,0.3504,0.4383,1.8117,N,N,07/2017,Analyst
39-9032.00,1.A.2.b.2,Multilimb Coordination,IM,2.5,8,0.189,2.1296,2.8704,N,,07/2017,Analyst
39-9032.00,1.A.2.b.2,Multilimb Coordination,LV,1.88,8,0.125,1.63,2.12,N,N,07/2017,Analyst
39-9032.00,1.A.2.b.3,Response Orientation,IM,1.38,8,0.183,1.0164,1.7336,N,,07/2017,Analyst
39-9032.00,1.A.2.b.3,Response Orientation,LV,0.62,8,0.3239,0.0,1.2598,N,N,07/2017,Analyst
39-9032.00,1.A.2.b.4,Rate Control,IM,1.0,8,0.0,1.0,1.0,N,,07/2017,Analyst
39-9032.00,1.A.2.b.4,Rate Control,LV,0.0,8,0.0,0.0,0.0,N,Y,07/2017,Analyst
39-9032.00,1.A.2.c.1,Reaction Time,IM,1.62,8,0.183,1.2664,1.9836,N,,07/2017,Analyst
39-9032.00,1.A.2.c.1,Reaction Time,LV,0.88,8,0.295,0.2967,1.4533,N,N,07/2017,Analyst
39-9032.00,1.A.2.c.2,Wrist-Finger Speed,IM,1.62,8,0.183,1.2664,1.9836,N,,07/2017,Analyst
39-9032.00,1.A.2.c.2,Wrist-Finger Speed,LV,0.62,8,0.183,0.2664,0.9836,N,N,07/2017,Analyst
39-9032.00,1.A.2.c.3,Speed of Limb Movement,IM,1.62,8,0.183,1.2664,1.9836,N,,07/2017,Analyst
39-9032.00,1.A.2.c.3,Speed of Limb Movement,LV,1.0,8,0.3273,0.3584,1.6416,N,N,07/2017,Analyst
39-9032.00,1.A.3.a.1,Static Strength,IM,2.38,8,0.183,2.0164,2.7336,N,,07/2017,Analyst
39-9032.00,1.A.3.a.1,Static Strength,LV,2.12,8,0.125,1.88,2.37,N,N,07/2017,Analyst
39-9032.00,1.A.3.a.2,Explosive Strength,IM,1.88,8,0.125,1.63,2.12,N,,07/2017,Analyst
39-9032.00,1.A.3.a.2,Explosive Strength,LV,1.0,8,0.189,0.6296,1.3704,N,N,07/2017,Analyst
39-9032.00,1.A.3.a.3,Dynamic Strength,IM,2.12,8,0.125,1.88,2.37,N,,07/2017,Analyst
39-9032.00,1.A.3.a.3,Dynamic Strength,LV,2.0,8,0.0,2.0,2.0,N,N,07/2017,Analyst
39-9032.00,1.A.3.a.4,Trunk Strength,IM,2.75,8,0.1637,2.4292,3.0708,N,,07/2017,Analyst
39-9032.00,1.A.3.a.4,Trunk Strength,LV,2.62,8,0.183,2.2664,2.9836,N,N,07/2017,Analyst
39-9032.00,1.A.3.b.1,Stamina,IM,2.88,8,0.2266,2.4309,3.3191,N,,07/2017,Analyst
39-9032.00,1.A.3.b.1,Stamina,LV,2.75,8,0.1637,2.4292,3.0708,N,N,07/2017,Analyst
39-9032.00,1.A.3.c.1,Extent Flexibility,IM,2.12,8,0.125,1.88,2.37,N,,07/2017,Analyst
39-9032.00,1.A.3.c.1,Extent Flexibility,LV,2.12,8,0.125,1.88,2.37,N,N,07/2017,Analyst
39-9032.00,1.A.3.c.2,Dynamic Flexibility,IM,1.12,8,0.125,1.0,1.37,N,,07/2017,Analyst
39-9032.00,1.A.3.c.2,Dynamic Flexibility,LV,0.12,8,0.125,0.0,0.37,N,Y,07/2017,Analyst
39-9032.00,1.A.3.c.3,Gross Body Coordination,IM,2.88,8,0.125,2.63,3.12,N,,07/2017,Analyst
39-9032.00,1.A.3.c.3,Gross Body Coordination,LV,2.88,8,0.125,2.63,3.12,N,N,07/2017,Analyst
39-9032.00,1.A.3.c.4,Gross Body Equilibrium,IM,2.12,8,0.125,1.88,2.37,N,,07/2017,Analyst
39-9032.00,1.A.3.c.4,Gross Body Equilibrium,LV,1.88,8,0.125,1.63,2.12,N,N,07/2017,Analyst
39-9032.00,1.A.4.a.1,Near Vision,IM,3.62,8,0.183,3.2664,3.9836,N,,07/2017,Analyst
39-9032.00,1.A.4.a.1,Near Vision,LV,3.25,8,0.1637,2.9292,3.5708,N,N,07/2017,Analyst
39-9032.00,1.A.4.a.2,Far Vision,IM,3.12,8,0.125,2.88,3.37,N,,07/2017,Analyst
39-9032.00,1.A.4.a.2,Far Vision,LV,3.0,8,0.0,3.0,3.0,N,N,07/2017,Analyst
39-9032.00,1.A.4.a.3,Visual Color Discrimination,IM,2.12,8,0.2266,1.6809,2.5691,N,,07/2017,Analyst
39-9032.00,1.A.4.a.3,Visual Color Discrimination,LV,1.62,8,0.2631,1.1094,2.1406,N,N,07/2017,Analyst
39-9032.00,1.A.4.a.4,Night Vision,IM,1.0,8,0.0,1.0,1.0,N,,07/2017,Analyst
39-9032.00,1.A.4.a.4,Night Vision,LV,0.0,8,0.0,0.0,0.0,N,Y,07/2017,Analyst
39-9032.00,1.A.4.a.5,Peripheral Vision,IM,1.0,8,0.0,1.0,1.0,N,,07/2017,Analyst
39-9032.00,1.A.4.a.5,Peripheral Vision,LV,0.0,8,0.0,0.0,0.0,N,Y,07/2017,Analyst
39-9032.00,1.A.4.a.6,Depth Perception,IM,2.0,8,0.0,2.0,2.0,N,,07/2017,Analyst
39-9032.00,1.A.4.a.6,Depth Perception,LV,1.75,8,0.1637,1.4292,2.0708,N,N,07/2017,Analyst
39-9032.00,1.A.4.a.7,Glare Sensitivity,IM,1.25,8,0.1637,1.0,1.5708,N,,07/2017,Analyst
39-9032.00,1.A.4.a.7,Glare Sensitivity,LV,0.25,8,0.1637,0.0,0.5708,N,Y,07/2017,Analyst
39-9032.00,1.A.4.b.1,Hearing Sensitivity,IM,2.0,8,0.0,2.0,2.0,N,,07/2017,Analyst
39-9032.00,1.A.4.b.1,Hearing Sensitivity,LV,1.88,8,0.125,1.63,2.12,N,N,07/2017,Analyst
39-9032.00,1.A.4.b.2,Auditory Attention,IM,2.25,8,0.1637,1.9292,2.5708,N,,07/2017,Analyst
39-9032.00,1.A.4.b.2,Auditory Attention,LV,2.0,8,0.189,1.6296,2.3704,N,N,07/2017,Analyst
39-9032.00,1.A.4.b.3,Sound Localization,IM,1.0,8,0.0,1.0,1.0,N,,07/2017,Analyst
39-9032.00,1.A.4.b.3,Sound Localization,LV,0.0,8,0.0,0.0,0.0,N,Y,07/2017,Analyst
39-9032.00,1.A.4.b.4,Speech Recognition,IM,3.62,8,0.183,3.2664,3.9836,N,,07/2017,Analyst
39-9032.00,1.A.4.b.4,Speech Recognition,LV,3.12,8,0.125,2.88,3.37,N,N,07/2017,Analyst
39-9032.00,1.A.4.b.5,Speech Clarity,IM,3.88,8,0.125,3.63,4.12,N,,07/2017,Analyst
39-9032.00,1.A.4.b.5,Speech Clarity,LV,3.25,8,0.1637,2.9292,3.5708,N,N,07/2017,Analyst
39-9041.00,1.A.1.a.1,Oral Comprehension,IM,4.0,8,0.0,4.0,4.0,N,,08/2019,Analyst
39-9041.00,1.A.1.a.1,Oral Comprehension,LV,4.0,8,0.0,4.0,4.0,N,N,08/2019,Analyst
39-9041.00,1.A.1.a.2,Written Comprehension,IM,3.38,8,0.183,3.0164,3.7336,N,,08/2019,Analyst
39-9041.00,1.A.1.a.2,Written Comprehension,LV,3.75,8,0.1637,3.4292,4.0708,N,N,08/2019,Analyst
39-9041.00,1.A.1.a.3,Oral Expression,IM,4.0,8,0.0,4.0,4.0,N,,08/2019,Analyst
39-9041.00,1.A.1.a.3,Oral Expression,LV,4.0,8,0.0,4.0,4.0,N,N,08/2019,Analyst
39-9041.00,1.A.1.a.4,Written Expression,IM,3.12,8,0.125,2.88,3.37,N,,08/2019,Analyst
39-9041.00,1.A.1.a.4,Written Expression,LV,3.25,8,0.1637,2.9292,3.5708,N,N,08/2019,Analyst
39-9041.00,1.A.1.b.1,Fluency of Ideas,IM,2.88,8,0.125,2.63,3.12,N,,08/2019,Analyst
39-9041.00,1.A.1.b.1,Fluency of Ideas,LV,3.0,8,0.0,3.0,3.0,N,N,08/2019,Analyst
39-9041.00,1.A.1.b.2,Originality,IM,2.88,8,0.125,2.63,3.12,N,,08/2019,Analyst
39-9041.00,1.A.1.b.2,Originality,LV,3.0,8,0.0,3.0,3.0,N,N,08/2019,Analyst
39-9041.00,1.A.1.b.3,Problem Sensitivity,IM,4.0,8,0.0,4.0,4.0,N,,08/2019,Analyst
39-9041.00,1.A.1.b.3,Problem Sensitivity,LV,3.62,8,0.183,3.2664,3.9836,N,N,08/2019,Analyst
39-9041.00,1.A.1.b.4,Deductive Reasoning,IM,3.38,8,0.183,3.0164,3.7336,N,,08/2019,Analyst
39-9041.00,1.A.1.b.4,Deductive Reasoning,LV,3.25,8,0.1637,2.9292,3.5708,N,N,08/2019,Analyst
39-9041.00,1.A.1.b.5,Inductive Reasoning,IM,3.12,8,0.125,2.88,3.37,N,,08/2019,Analyst
39-9041.00,1.A.1.b.5,Inductive Reasoning,LV,3.0,8,0.0,3.0,3.0,N,N,08/2019,Analyst
39-9041.00,1.A.1.b.6,Information Ordering,IM,3.0,8,0.189,2.6296,3.3704,N,,08/2019,Analyst
39-9041.00,1.A.1.b.6,Information Ordering,LV,2.88,8,0.125,2.63,3.12,N,N,08/2019,Analyst
39-9041.00,1.A.1.b.7,Category Flexibility,IM,2.75,8,0.1637,2.4292,3.0708,N,,08/2019,Analyst
39-9041.00,1.A.1.b.7,Category Flexibility,LV,2.88,8,0.125,2.63,3.12,N,N,08/2019,Analyst
39-9041.00,1.A.1.c.1,Mathematical Reasoning,IM,2.0,8,0.0,2.0,2.0,N,,08/2019,Analyst
39-9041.00,1.A.1.c.1,Mathematical Reasoning,LV,2.0,8,0.0,2.0,2.0,N,N,08/2019,Analyst
39-9041.00,1.A.1.c.2,Number Facility,IM,2.0,8,0.0,2.0,2.0,N,,08/2019,Analyst
39-9041.00,1.A.1.c.2,Number Facility,LV,2.0,8,0.0,2.0,2.0,N,N,08/2019,Analyst
39-9041.00,1.A.1.d.1,Memorization,IM,2.0,8,0.0,2.0,2.0,N,,08/2019,Analyst
39-9041.00,1.A.1.d.1,Memorization,LV,2.0,8,0.0,2.0,2.0,N,N,08/2019,Analyst
39-9041.00,1.A.1.e.1,Speed of Closure,IM,2.5,8,0.189,2.1296,2.8704,N,,08/2019,Analyst
39-9041.00,1.A.1.e.1,Speed of Closure,LV,2.12,8,0.125,1.88,2.37,N,N,08/2019,Analyst
39-9041.00,1.A.1.e.2,Flexibility of Closure,IM,2.62,8,0.183,2.2664,2.9836,N,,08/2019,Analyst
39-9041.00,1.A.1.e.2,Flexibility of Closure,LV,2.38,8,0.183,2.0164,2.7336,N,N,08/2019,Analyst
39-9041.00,1.A.1.e.3,Perceptual Speed,IM,2.5,8,0.189,2.1296,2.8704,N,,08/2019,Analyst
39-9041.00,1.A.1.e.3,Perceptual Speed,LV,2.0,8,0.0,2.0,2.0,N,N,08/2019,Analyst
39-9041.00,1.A.1.f.1,Spatial Orientation,IM,1.62,8,0.183,1.2664,1.9836,N,,08/2019,Analyst
39-9041.00,1.A.1.f.1,Spatial Orientation,LV,0.62,8,0.183,0.2664,0.9836,N,N,08/2019,Analyst
39-9041.00,1.A.1.f.2,Visualization,IM,2.5,8,0.189,2.1296,2.8704,N,,08/2019,Analyst
39-9041.00,1.A.1.f.2,Visualization,LV,2.12,8,0.125,1.88,2.37,N,N,08/2019,Analyst
39-9041.00,1.A.1.g.1,Selective Attention,IM,3.0,8,0.0,3.0,3.0,N,,08/2019,Analyst
39-9041.00,1.A.1.g.1,Selective Attention,LV,2.75,8,0.1637,2.4292,3.0708,N,N,08/2019,Analyst
39-9041.00,1.A.1.g.2,Time Sharing,IM,2.88,8,0.125,2.63,3.12,N,,08/2019,Analyst
39-9041.00,1.A.1.g.2,Time Sharing,LV,2.12,8,0.125,1.88,2.37,N,N,08/2019,Analyst
39-9041.00,1.A.2.a.1,Arm-Hand Steadiness,IM,1.88,8,0.125,1.63,2.12,N,,08/2019,Analyst
39-9041.00,1.A.2.a.1,Arm-Hand Steadiness,LV,1.0,8,0.189,0.6296,1.3704,N,N,08/2019,Analyst
39-9041.00,1.A.2.a.2,Manual Dexterity,IM,2.0,8,0.0,2.0,2.0,N,,08/2019,Analyst
39-9041.00,1.A.2.a.2,Manual Dexterity,LV,1.0,8,0.0,1.0,1.0,N,N,08/2019,Analyst
39-9041.00,1.A.2.a.3,Finger Dexterity,IM,2.0,8,0.0,2.0,2.0,N,,08/2019,Analyst
39-9041.00,1.A.2.a.3,Finger Dexterity,LV,1.75,8,0.1637,1.4292,2.0708,N,N,08/2019,Analyst
39-9041.00,1.A.2.b.1,Control Precision,IM,1.38,8,0.183,1.0164,1.7336,N,,08/2019,Analyst
39-9041.00,1.A.2.b.1,Control Precision,LV,0.38,8,0.183,0.0164,0.7336,N,N,08/2019,Analyst
39-9041.00,1.A.2.b.2,Multilimb Coordination,IM,2.0,8,0.0,2.0,2.0,N,,08/2019,Analyst
39-9041.00,1.A.2.b.2,Multilimb Coordination,LV,1.38,8,0.183,1.0164,1.7336,N,N,08/2019,Analyst
39-9041.00,1.A.2.b.3,Response Orientation,IM,1.75,8,0.1637,1.4292,2.0708,N,,08/2019,Analyst
39-9041.00,1.A.2.b.3,Response Orientation,LV,0.88,8,0.2266,0.4309,1.3191,N,N,08/2019,Analyst
39-9041.00,1.A.2.b.4,Rate Control,IM,1.38,8,0.183,1.0164,1.7336,N,,08/2019,Analyst
39-9041.00,1.A.2.b.4,Rate Control,LV,0.38,8,0.183,0.0164,0.7336,N,N,08/2019,Analyst
39-9041.00,1.A.2.c.1,Reaction Time,IM,1.75,8,0.1637,1.4292,2.0708,N,,08/2019,Analyst
39-9041.00,1.A.2.c.1,Reaction Time,LV,0.88,8,0.2266,0.4309,1.3191,N,N,08/2019,Analyst
39-9041.00,1.A.2.c.2,Wrist-Finger Speed,IM,1.25,8,0.1637,1.0,1.5708,N,,08/2019,Analyst
39-9041.00,1.A.2.c.2,Wrist-Finger Speed,LV,0.25,8,0.1637,0.0,0.5708,N,Y,08/2019,Analyst
39-9041.00,1.A.2.c.3,Speed of Limb Movement,IM,1.62,8,0.183,1.2664,1.9836,N,,08/2019,Analyst
39-9041.00,1.A.2.c.3,Speed of Limb Movement,LV,0.62,8,0.183,0.2664,0.9836,N,N,08/2019,Analyst
39-9041.00,1.A.3.a.1,Static Strength,IM,2.0,8,0.0,2.0,2.0,N,,08/2019,Analyst
39-9041.00,1.A.3.a.1,Static Strength,LV,1.25,8,0.1637,0.9292,1.5708,N,N,08/2019,Analyst
39-9041.00,1.A.3.a.2,Explosive Strength,IM,1.25,8,0.1637,1.0,1.5708,N,,08/2019,Analyst
39-9041.00,1.A.3.a.2,Explosive Strength,LV,0.5,8,0.3273,0.0,1.1416,N,Y,08/2019,Analyst
39-9041.00,1.A.3.a.3,Dynamic Strength,IM,1.88,8,0.125,1.63,2.12,N,,08/2019,Analyst
39-9041.00,1.A.3.a.3,Dynamic Strength,LV,1.12,8,0.2266,0.6809,1.5691,N,N,08/2019,Analyst
39-9041.00,1.A.3.a.4,Trunk Strength,IM,2.0,8,0.0,2.0,2.0,N,,08/2019,Analyst
39-9041.00,1.A.3.a.4,Trunk Strength,LV,2.12,8,0.125,1.88,2.37,N,N,08/2019,Analyst
39-9041.00,1.A.3.b.1,Stamina,IM,2.0,8,0.0,2.0,2.0,N,,08/2019,Analyst
39-9041.00,1.A.3.b.1,Stamina,LV,1.25,8,0.1637,0.9292,1.5708,N,N,08/2019,Analyst
39-9041.00,1.A.3.c.1,Extent Flexibility,IM,1.88,8,0.125,1.63,2.12,N,,08/2019,Analyst
39-9041.00,1.A.3.c.1,Extent Flexibility,LV,1.12,8,0.2266,0.6809,1.5691,N,N,08/2019,Analyst
39-9041.00,1.A.3.c.2,Dynamic Flexibility,IM,1.0,8,0.0,1.0,1.0,N,,08/2019,Analyst
39-9041.00,1.A.3.c.2,Dynamic Flexibility,LV,0.0,8,0.0,0.0,0.0,N,Y,08/2019,Analyst
39-9041.00,1.A.3.c.3,Gross Body Coordination,IM,1.88,8,0.125,1.63,2.12,N,,08/2019,Analyst
39-9041.00,1.A.3.c.3,Gross Body Coordination,LV,1.12,8,0.2266,0.6809,1.5691,N,N,08/2019,Analyst
39-9041.00,1.A.3.c.4,Gross Body Equilibrium,IM,1.88,8,0.125,1.63,2.12,N,,08/2019,Analyst
39-9041.00,1.A.3.c.4,Gross Body Equilibrium,LV,1.0,8,0.189,0.6296,1.3704,N,N,08/2019,Analyst
39-9041.00,1.A.4.a.1,Near Vision,IM,3.12,8,0.125,2.88,3.37,N,,08/2019,Analyst
39-9041.00,1.A.4.a.1,Near Vision,LV,3.12,8,0.125,2.88,3.37,N,N,08/2019,Analyst
39-9041.00,1.A.4.a.2,Far Vision,IM,3.0,8,0.0,3.0,3.0,N,,08/2019,Analyst
39-9041.00,1.A.4.a.2,Far Vision,LV,3.0,8,0.0,3.0,3.0,N,N,08/2019,Analyst
39-9041.00,1.A.4.a.3,Visual Color Discrimination,IM,2.12,8,0.125,1.88,2.37,N,,08/2019,Analyst
39-9041.00,1.A.4.a.3,Visual Color Discrimination,LV,2.0,8,0.0,2.0,2.0,N,N,08/2019,Analyst
39-9041.00,1.A.4.a.4,Night Vision,IM,1.38,8,0.183,1.0164,1.7336,N,,08/2019,Analyst
39-9041.00,1.A.4.a.4,Night Vision,LV,0.5,8,0.2673,0.0,1.0238,N,N,08/2019,Analyst
39-9041.00,1.A.4.a.5,Peripheral Vision,IM,1.38,8,0.183,1.0164,1.7336,N,,08/2019,Analyst
39-9041.00,1.A.4.a.5,Peripheral Vision,LV,0.5,8,0.2673,0.0,1.0238,N,N,08/2019,Analyst
39-9041.00,1.A.4.a.6,Depth Perception,IM,1.88,8,0.125,1.63,2.12,N,,08/2019,Analyst
39-9041.00,1.A.4.a.6,Depth Perception,LV,1.0,8,0.189,0.6296,1.3704,N,N,08/2019,Analyst
39-9041.00,1.A.4.a.7,Glare Sensitivity,IM,1.38,8,0.183,1.0164,1.7336,N,,08/2019,Analyst
39-9041.00,1.A.4.a.7,Glare Sensitivity,LV,0.38,8,0.183,0.0164,0.7336,N,N,08/2019,Analyst
39-9041.00,1.A.4.b.1,Hearing Sensitivity,IM,2.25,8,0.1637,1.9292,2.5708,N,,08/2019,Analyst
39-9041.00,1.A.4.b.1,Hearing Sensitivity,LV,2.12,8,0.125,1.88,2.37,N,N,08/2019,Analyst
39-9041.00,1.A.4.b.2,Auditory Attention,IM,2.12,8,0.125,1.88,2.37,N,,08/2019,Analyst
39-9041.00,1.A.4.b.2,Auditory Attention,LV,2.12,8,0.125,1.88,2.37,N,N,08/2019,Analyst
39-9041.00,1.A.4.b.3,Sound Localization,IM,1.38,8,0.183,1.0164,1.7336,N,,08/2019,Analyst
39-9041.00,1.A.4.b.3,Sound Localization,LV,0.5,8,0.2673,0.0,1.0238,N,N,08/2019,Analyst
39-9041.00,1.A.4.b.4,Speech Recognition,IM,3.62,8,0.183,3.2664,3.9836,N,,08/2019,Analyst
39-9041.00,1.A.4.b.4,Speech Recognition,LV,4.0,8,0.0,4.0,4.0,N,N,08/2019,Analyst
39-9041.00,1.A.4.b.5,Speech Clarity,IM,3.75,8,0.1637,3.4292,4.0708,N,,08/2019,Analyst
39-9041.00,1.A.4.b.5,Speech Clarity,LV,3.38,8,0.183,3.0164,3.7336,N,N,08/2019,Analyst
41-1011.00,1.A.1.a.1,Oral Comprehension,IM,3.88,8,0.125,3.63,4.12,N,,08/2018,Analyst
41-1011.00,1.A.1.a.1,Oral Comprehension,LV,3.88,8,0.125,3.63,4.12,N,N,08/2018,Analyst
41-1011.00,1.A.1.a.2,Written Comprehension,IM,3.0,8,0.0,3.0,3.0,N,,08/2018,Analyst
41-1011.00,1.A.1.a.2,Written Comprehension,LV,3.38,8,0.183,3.0164,3.7336,N,N,08/2018,Analyst
41-1011.00,1.A.1.a.3,Oral Expression,IM,3.88,8,0.125,3.63,4.12,N,,08/2018,Analyst
41-1011.00,1.A.1.a.3,Oral Expression,LV,4.0,8,0.0,4.0,4.0,N,N,08/2018,Analyst
41-1011.00,1.A.1.a.4,Written Expression,IM,3.0,8,0.0,3.0,3.0,N,,08/2018,Analyst
41-1011.00,1.A.1.a.4,Written Expression,LV,3.75,8,0.1637,3.4292,4.0708,N,N,08/2018,Analyst
41-1011.00,1.A.1.b.1,Fluency of Ideas,IM,3.0,8,0.0,3.0,3.0,N,,08/2018,Analyst
41-1011.00,1.A.1.b.1,Fluency of Ideas,LV,3.12,8,0.125,2.88,3.37,N,N,08/2018,Analyst
41-1011.00,1.A.1.b.2,Originality,IM,3.0,8,0.0,3.0,3.0,N,,08/2018,Analyst
41-1011.00,1.A.1.b.2,Originality,LV,3.12,8,0.125,2.88,3.37,N,N,08/2018,Analyst
41-1011.00,1.A.1.b.3,Problem Sensitivity,IM,3.25,8,0.1637,2.9292,3.5708,N,,08/2018,Analyst
41-1011.00,1.A.1.b.3,Problem Sensitivity,LV,3.62,8,0.183,3.2664,3.9836,N,N,08/2018,Analyst
41-1011.00,1.A.1.b.4,Deductive Reasoning,IM,3.12,8,0.125,2.88,3.37,N,,08/2018,Analyst
41-1011.00,1.A.1.b.4,Deductive Reasoning,LV,3.62,8,0.183,3.2664,3.9836,N,N,08/2018,Analyst
41-1011.00,1.A.1.b.5,Inductive Reasoning,IM,3.0,8,0.0,3.0,3.0,N,,08/2018,Analyst
41-1011.00,1.A.1.b.5,Inductive Reasoning,LV,3.0,8,0.0,3.0,3.0,N,N,08/2018,Analyst
41-1011.00,1.A.1.b.6,Information Ordering,IM,3.12,8,0.125,2.88,3.37,N,,08/2018,Analyst
41-1011.00,1.A.1.b.6,Information Ordering,LV,3.12,8,0.125,2.88,3.37,N,N,08/2018,Analyst
41-1011.00,1.A.1.b.7,Category Flexibility,IM,3.0,8,0.0,3.0,3.0,N,,08/2018,Analyst
41-1011.00,1.A.1.b.7,Category Flexibility,LV,3.0,8,0.0,3.0,3.0,N,N,08/2018,Analyst
41-1011.00,1.A.1.c.1,Mathematical Reasoning,IM,2.62,8,0.183,2.2664,2.9836,N,,08/2018,Analyst
41-1011.00,1.A.1.c.1,Mathematical Reasoning,LV,2.88,8,0.125,2.63,3.12,N,N,08/2018,Analyst
41-1011.00,1.A.1.c.2,Number Facility,IM,2.88,8,0.125,2.63,3.12,N,,08/2018,Analyst
41-1011.00,1.A.1.c.2,Number Facility,LV,2.88,8,0.125,2.63,3.12,N,N,08/2018,Analyst
41-1011.00,1.A.1.d.1,Memorization,IM,2.75,8,0.1637,2.4292,3.0708,N,,08/2018,Analyst
41-1011.00,1.A.1.d.1,Memorization,LV,2.75,8,0.1637,2.4292,3.0708,N,N,08/2018,Analyst
41-1011.00,1.A.1.e.1,Speed of Closure,IM,2.62,8,0.183,2.2664,2.9836,N,,08/2018,Analyst
41-1011.00,1.A.1.e.1,Speed of Closure,LV,2.88,8,0.125,2.63,3.12,N,N,08/2018,Analyst
41-1011.00,1.A.1.e.2,Flexibility of Closure,IM,2.88,8,0.125,2.63,3.12,N,,08/2018,Analyst
41-1011.00,1.A.1.e.2,Flexibility of Closure,LV,2.75,8,0.1637,2.4292,3.0708,N,N,08/2018,Analyst
41-1011.00,1.A.1.e.3,Perceptual Speed,IM,2.62,8,0.183,2.2664,2.9836,N,,08/2018,Analyst
41-1011.00,1.A.1.e.3,Perceptual Speed,LV,2.62,8,0.183,2.2664,2.9836,N,N,08/2018,Analyst
41-1011.00,1.A.1.f.1,Spatial Orientation,IM,1.25,8,0.1637,1.0,1.5708,N,,08/2018,Analyst
41-1011.00,1.A.1.f.1,Spatial Orientation,LV,0.25,8,0.1637,0.0,0.5708,N,Y,08/2018,Analyst
41-1011.00,1.A.1.f.2,Visualization,IM,2.38,8,0.183,2.0164,2.7336,N,,08/2018,Analyst
41-1011.00,1.A.1.f.2,Visualization,LV,2.75,8,0.1637,2.4292,3.0708,N,N,08/2018,Analyst
41-1011.00,1.A.1.g.1,Selective Attention,IM,3.0,8,0.0,3.0,3.0,N,,08/2018,Analyst
41-1011.00,1.A.1.g.1,Selective Attention,LV,2.75,8,0.1637,2.4292,3.0708,N,N,08/2018,Analyst
41-1011.00,1.A.1.g.2,Time Sharing,IM,2.75,8,0.1637,2.4292,3.0708,N,,08/2018,Analyst
41-1011.00,1.A.1.g.2,Time Sharing,LV,2.38,8,0.183,2.0164,2.7336,N,N,08/2018,Analyst
41-1011.00,1.A.2.a.1,Arm-Hand Steadiness,IM,2.25,8,0.1637,1.9292,2.5708,N,,08/2018,Analyst
41-1011.00,1.A.2.a.1,Arm-Hand Steadiness,LV,2.38,8,0.183,2.0164,2.7336,N,N,08/2018,Analyst
41-1011.00,1.A.2.a.2,Manual Dexterity,IM,2.38,8,0.183,2.0164,2.7336,N,,08/2018,Analyst
41-1011.00,1.A.2.a.2,Manual Dexterity,LV,2.0,8,0.0,2.0,2.0,N,N,08/2018,Analyst
41-1011.00,1.A.2.a.3,Finger Dexterity,IM,2.5,8,0.189,2.1296,2.8704,N,,08/2018,Analyst
41-1011.00,1.A.2.a.3,Finger Dexterity,LV,2.38,8,0.183,2.0164,2.7336,N,N,08/2018,Analyst
41-1011.00,1.A.2.b.1,Control Precision,IM,1.88,8,0.125,1.63,2.12,N,,08/2018,Analyst
41-1011.00,1.A.2.b.1,Control Precision,LV,1.5,8,0.2673,0.9762,2.0238,N,N,08/2018,Analyst
41-1011.00,1.A.2.b.2,Multilimb Coordination,IM,2.38,8,0.183,2.0164,2.7336,N,,08/2018,Analyst
41-1011.00,1.A.2.b.2,Multilimb Coordination,LV,2.25,8,0.1637,1.9292,2.5708,N,N,08/2018,Analyst
41-1011.00,1.A.2.b.3,Response Orientation,IM,1.5,8,0.189,1.1296,1.8704,N,,08/2018,Analyst
41-1011.00,1.A.2.b.3,Response Orientation,LV,0.88,8,0.3504,0.1883,1.5617,N,N,08/2018,Analyst
41-1011.00,1.A.2.b.4,Rate Control,IM,1.38,8,0.183,1.0164,1.7336,N,,08/2018,Analyst
41-1011.00,1.A.2.b.4,Rate Control,LV,0.38,8,0.183,0.0164,0.7336,N,N,08/2018,Analyst
41-1011.00,1.A.2.c.1,Reaction Time,IM,1.38,8,0.183,1.0164,1.7336,N,,08/2018,Analyst
41-1011.00,1.A.2.c.1,Reaction Time,LV,0.5,8,0.2673,0.0,1.0238,N,N,08/2018,Analyst
41-1011.00,1.A.2.c.2,Wrist-Finger Speed,IM,2.0,8,0.0,2.0,2.0,N,,08/2018,Analyst
41-1011.00,1.A.2.c.2,Wrist-Finger Speed,LV,1.75,8,0.1637,1.4292,2.0708,N,N,08/2018,Analyst
41-1011.00,1.A.2.c.3,Speed of Limb Movement,IM,1.5,8,0.189,1.1296,1.8704,N,,08/2018,Analyst
41-1011.00,1.A.2.c.3,Speed of Limb Movement,LV,0.88,8,0.3504,0.1883,1.5617,N,N,08/2018,Analyst
41-1011.00,1.A.3.a.1,Static Strength,IM,2.0,8,0.0,2.0,2.0,N,,08/2018,Analyst
41-1011.00,1.A.3.a.1,Static Strength,LV,2.25,8,0.1637,1.9292,2.5708,N,N,08/2018,Analyst
41-1011.00,1.A.3.a.2,Explosive Strength,IM,1.5,8,0.189,1.1296,1.8704,N,,08/2018,Analyst
41-1011.00,1.A.3.a.2,Explosive Strength,LV,0.75,8,0.3134,0.1358,1.3642,N,N,08/2018,Analyst
41-1011.00,1.A.3.a.3,Dynamic Strength,IM,2.12,8,0.125,1.88,2.37,N,,08/2018,Analyst
41-1011.00,1.A.3.a.3,Dynamic Strength,LV,2.0,8,0.0,2.0,2.0,N,N,08/2018,Analyst
41-1011.00,1.A.3.a.4,Trunk Strength,IM,2.5,8,0.189,2.1296,2.8704,N,,08/2018,Analyst
41-1011.00,1.A.3.a.4,Trunk Strength,LV,2.25,8,0.1637,1.9292,2.5708,N,N,08/2018,Analyst
41-1011.00,1.A.3.b.1,Stamina,IM,2.0,8,0.0,2.0,2.0,N,,08/2018,Analyst
41-1011.00,1.A.3.b.1,Stamina,LV,1.75,8,0.1637,1.4292,2.0708,N,N,08/2018,Analyst
41-1011.00,1.A.3.c.1,Extent Flexibility,IM,2.0,8,0.0,2.0,2.0,N,,08/2018,Analyst
41-1011.00,1.A.3.c.1,Extent Flexibility,LV,2.5,8,0.189,2.1296,2.8704,N,N,08/2018,Analyst
41-1011.00,1.A.3.c.2,Dynamic Flexibility,IM,1.0,8,0.0,1.0,1.0,N,,08/2018,Analyst
41-1011.00,1.A.3.c.2,Dynamic Flexibility,LV,0.0,8,0.0,0.0,0.0,N,Y,08/2018,Analyst
41-1011.00,1.A.3.c.3,Gross Body Coordination,IM,2.0,8,0.0,2.0,2.0,N,,08/2018,Analyst
41-1011.00,1.A.3.c.3,Gross Body Coordination,LV,2.0,8,0.0,2.0,2.0,N,N,08/2018,Analyst
41-1011.00,1.A.3.c.4,Gross Body Equilibrium,IM,2.0,8,0.0,2.0,2.0,N,,08/2018,Analyst
41-1011.00,1.A.3.c.4,Gross Body Equilibrium,LV,1.62,8,0.183,1.2664,1.9836,N,N,08/2018,Analyst
41-1011.00,1.A.4.a.1,Near Vision,IM,3.12,8,0.125,2.88,3.37,N,,08/2018,Analyst
41-1011.00,1.A.4.a.1,Near Vision,LV,3.5,8,0.189,3.1296,3.8704,N,N,08/2018,Analyst
41-1011.00,1.A.4.a.2,Far Vision,IM,2.88,8,0.125,2.63,3.12,N,,08/2018,Analyst
41-1011.00,1.A.4.a.2,Far Vision,LV,3.0,8,0.0,3.0,3.0,N,N,08/2018,Analyst
41-1011.00,1.A.4.a.3,Visual Color Discrimination,IM,2.5,8,0.189,2.1296,2.8704,N,,08/2018,Analyst
41-1011.00,1.A.4.a.3,Visual Color Discrimination,LV,2.5,8,0.189,2.1296,2.8704,N,N,08/2018,Analyst
41-1011.00,1.A.4.a.4,Night Vision,IM,1.0,8,0.0,1.0,1.0,N,,08/2018,Analyst
41-1011.00,1.A.4.a.4,Night Vision,LV,0.0,8,0.0,0.0,0.0,N,Y,08/2018,Analyst
41-1011.00,1.A.4.a.5,Peripheral Vision,IM,1.0,8,0.0,1.0,1.0,N,,08/2018,Analyst
41-1011.00,1.A.4.a.5,Peripheral Vision,LV,0.0,8,0.0,0.0,0.0,N,Y,08/2018,Analyst
41-1011.00,1.A.4.a.6,Depth Perception,IM,1.5,8,0.189,1.1296,1.8704,N,,08/2018,Analyst
41-1011.00,1.A.4.a.6,Depth Perception,LV,0.88,8,0.3504,0.1883,1.5617,N,N,08/2018,Analyst
41-1011.00,1.A.4.a.7,Glare Sensitivity,IM,1.0,8,0.0,1.0,1.0,N,,08/2018,Analyst
41-1011.00,1.A.4.a.7,Glare Sensitivity,LV,0.0,8,0.0,0.0,0.0,N,Y,08/2018,Analyst
41-1011.00,1.A.4.b.1,Hearing Sensitivity,IM,2.38,8,0.183,2.0164,2.7336,N,,08/2018,Analyst
41-1011.00,1.A.4.b.1,Hearing Sensitivity,LV,2.0,8,0.0,2.0,2.0,N,N,08/2018,Analyst
41-1011.00,1.A.4.b.2,Auditory Attention,IM,2.12,8,0.125,1.88,2.37,N,,08/2018,Analyst
41-1011.00,1.A.4.b.2,Auditory Attention,LV,2.25,8,0.1637,1.9292,2.5708,N,N,08/2018,Analyst
41-1011.00,1.A.4.b.3,Sound Localization,IM,1.12,8,0.125,1.0,1.37,N,,08/2018,Analyst
41-1011.00,1.A.4.b.3,Sound Localization,LV,0.12,8,0.125,0.0,0.37,N,Y,08/2018,Analyst
41-1011.00,1.A.4.b.4,Speech Recognition,IM,3.75,8,0.1637,3.4292,4.0708,N,,08/2018,Analyst
41-1011.00,1.A.4.b.4,Speech Recognition,LV,3.88,8,0.125,3.63,4.12,N,N,08/2018,Analyst
41-1011.00,1.A.4.b.5,Speech Clarity,IM,3.88,8,0.125,3.63,4.12,N,,08/2018,Analyst
41-1011.00,1.A.4.b.5,Speech Clarity,LV,3.25,8,0.1637,2.9292,3.5708,N,N,08/2018,Analyst
41-1012.00,1.A.1.a.1,Oral Comprehension,IM,4.0,8,0.0,4.0,4.0,N,,08/2020,Analyst
41-1012.00,1.A.1.a.1,Oral Comprehension,LV,4.0,8,0.0,4.0,4.0,N,N,08/2020,Analyst
41-1012.00,1.A.1.a.2,Written Comprehension,IM,3.75,8,0.1637,3.4292,4.0708,N,,08/2020,Analyst
41-1012.00,1.A.1.a.2,Written Comprehension,LV,4.0,8,0.0,4.0,4.0,N,N,08/2020,Analyst
41-1012.00,1.A.1.a.3,Oral Expression,IM,4.0,8,0.0,4.0,4.0,N,,08/2020,Analyst
41-1012.00,1.A.1.a.3,Oral Expression,LV,4.12,8,0.125,3.88,4.37,N,N,08/2020,Analyst
41-1012.00,1.A.1.a.4,Written Expression,IM,3.5,8,0.189,3.1296,3.8704,N,,08/2020,Analyst
41-1012.00,1.A.1.a.4,Written Expression,LV,3.88,8,0.125,3.63,4.12,N,N,08/2020,Analyst
41-1012.00,1.A.1.b.1,Fluency of Ideas,IM,3.5,8,0.189,3.1296,3.8704,N,,08/2020,Analyst
41-1012.00,1.A.1.b.1,Fluency of Ideas,LV,3.62,8,0.183,3.2664,3.9836,N,N,08/2020,Analyst
41-1012.00,1.A.1.b.2,Originality,IM,2.88,8,0.125,2.63,3.12,N,,08/2020,Analyst
41-1012.00,1.A.1.b.2,Originality,LV,3.38,8,0.183,3.0164,3.7336,N,N,08/2020,Analyst
41-1012.00,1.A.1.b.3,Problem Sensitivity,IM,3.5,8,0.189,3.1296,3.8704,N,,08/2020,Analyst
41-1012.00,1.A.1.b.3,Problem Sensitivity,LV,3.12,8,0.125,2.88,3.37,N,N,08/2020,Analyst
41-1012.00,1.A.1.b.4,Deductive Reasoning,IM,3.75,8,0.1637,3.4292,4.0708,N,,08/2020,Analyst
41-1012.00,1.A.1.b.4,Deductive Reasoning,LV,3.88,8,0.125,3.63,4.12,N,N,08/2020,Analyst
41-1012.00,1.A.1.b.5,Inductive Reasoning,IM,3.75,8,0.1637,3.4292,4.0708,N,,08/2020,Analyst
41-1012.00,1.A.1.b.5,Inductive Reasoning,LV,3.88,8,0.125,3.63,4.12,N,N,08/2020,Analyst
41-1012.00,1.A.1.b.6,Information Ordering,IM,3.62,8,0.183,3.2664,3.9836,N,,08/2020,Analyst
41-1012.00,1.A.1.b.6,Information Ordering,LV,3.12,8,0.125,2.88,3.37,N,N,08/2020,Analyst
41-1012.00,1.A.1.b.7,Category Flexibility,IM,3.5,8,0.189,3.1296,3.8704,N,,08/2020,Analyst
41-1012.00,1.A.1.b.7,Category Flexibility,LV,3.12,8,0.125,2.88,3.37,N,N,08/2020,Analyst
41-1012.00,1.A.1.c.1,Mathematical Reasoning,IM,3.12,8,0.125,2.88,3.37,N,,08/2020,Analyst
41-1012.00,1.A.1.c.1,Mathematical Reasoning,LV,3.12,8,0.125,2.88,3.37,N,N,08/2020,Analyst
41-1012.00,1.A.1.c.2,Number Facility,IM,3.0,8,0.189,2.6296,3.3704,N,,08/2020,Analyst
41-1012.00,1.A.1.c.2,Number Facility,LV,3.12,8,0.125,2.88,3.37,N,N,08/2020,Analyst
41-1012.00,1.A.1.d.1,Memorization,IM,2.62,8,0.183,2.2664,2.9836,N,,08/2020,Analyst
41-1012.00,1.A.1.d.1,Memorization,LV,2.75,8,0.1637,2.4292,3.0708,N,N,08/2020,Analyst
41-1012.00,1.A.1.e.1,Speed of Closure,IM,2.38,8,0.183,2.0164,2.7336,N,,08/2020,Analyst
41-1012.00,1.A.1.e.1,Speed of Closure,LV,2.0,8,0.0,2.0,2.0,N,N,08/2020,Analyst
41-1012.00,1.A.1.e.2,Flexibility of Closure,IM,2.75,8,0.1637,2.4292,3.0708,N,,08/2020,Analyst
41-1012.00,1.A.1.e.2,Flexibility of Closure,LV,2.75,8,0.1637,2.4292,3.0708,N,N,08/2020,Analyst
41-1012.00,1.A.1.e.3,Perceptual Speed,IM,2.62,8,0.183,2.2664,2.9836,N,,08/2020,Analyst
41-1012.00,1.A.1.e.3,Perceptual Speed,LV,2.75,8,0.1637,2.4292,3.0708,N,N,08/2020,Analyst
41-1012.00,1.A.1.f.1,Spatial Orientation,IM,1.12,8,0.125,1.0,1.37,N,,08/2020,Analyst
41-1012.00,1.A.1.f.1,Spatial Orientation,LV,0.12,8,0.125,0.0,0.37,N,Y,08/2020,Analyst
41-1012.00,1.A.1.f.2,Visualization,IM,2.75,8,0.1637,2.4292,3.0708,N,,08/2020,Analyst
41-1012.00,1.A.1.f.2,Visualization,LV,2.88,8,0.2266,2.4309,3.3191,N,N,08/2020,Analyst
41-1012.00,1.A.1.g.1,Selective Attention,IM,2.75,8,0.1637,2.4292,3.0708,N,,08/2020,Analyst
41-1012.00,1.A.1.g.1,Selective Attention,LV,2.75,8,0.1637,2.4292,3.0708,N,N,08/2020,Analyst
41-1012.00,1.A.1.g.2,Time Sharing,IM,2.62,8,0.183,2.2664,2.9836,N,,08/2020,Analyst
41-1012.00,1.A.1.g.2,Time Sharing,LV,2.25,8,0.1637,1.9292,2.5708,N,N,08/2020,Analyst
41-1012.00,1.A.2.a.1,Arm-Hand Steadiness,IM,1.38,8,0.183,1.0164,1.7336,N,,08/2020,Analyst
41-1012.00,1.A.2.a.1,Arm-Hand Steadiness,LV,0.5,8,0.2673,0.0,1.0238,N,N,08/2020,Analyst
41-1012.00,1.A.2.a.2,Manual Dexterity,IM,1.5,8,0.189,1.1296,1.8704,N,,08/2020,Analyst
41-1012.00,1.A.2.a.2,Manual Dexterity,LV,0.75,8,0.3134,0.1358,1.3642,N,N,08/2020,Analyst
41-1012.00,1.A.2.a.3,Finger Dexterity,IM,2.12,8,0.125,1.88,2.37,N,,08/2020,Analyst
41-1012.00,1.A.2.a.3,Finger Dexterity,LV,2.25,8,0.1637,1.9292,2.5708,N,N,08/2020,Analyst
41-1012.00,1.A.2.b.1,Control Precision,IM,1.5,8,0.189,1.1296,1.8704,N,,08/2020,Analyst
41-1012.00,1.A.2.b.1,Control Precision,LV,0.62,8,0.2631,0.1094,1.1406,N,N,08/2020,Analyst
41-1012.00,1.A.2.b.2,Multilimb Coordination,IM,1.0,8,0.0,1.0,1.0,N,,08/2020,Analyst
41-1012.00,1.A.2.b.2,Multilimb Coordination,LV,0.0,8,0.0,0.0,0.0,N,Y,08/2020,Analyst
41-1012.00,1.A.2.b.3,Response Orientation,IM,1.0,8,0.0,1.0,1.0,N,,08/2020,Analyst
41-1012.00,1.A.2.b.3,Response Orientation,LV,0.0,8,0.0,0.0,0.0,N,Y,08/2020,Analyst
41-1012.00,1.A.2.b.4,Rate Control,IM,1.12,8,0.125,1.0,1.37,N,,08/2020,Analyst
41-1012.00,1.A.2.b.4,Rate Control,LV,0.12,8,0.125,0.0,0.37,N,Y,08/2020,Analyst
41-1012.00,1.A.2.c.1,Reaction Time,IM,1.25,8,0.1637,1.0,1.5708,N,,08/2020,Analyst
41-1012.00,1.A.2.c.1,Reaction Time,LV,0.25,8,0.1637,0.0,0.5708,N,Y,08/2020,Analyst
41-1012.00,1.A.2.c.2,Wrist-Finger Speed,IM,1.38,8,0.183,1.0164,1.7336,N,,08/2020,Analyst
41-1012.00,1.A.2.c.2,Wrist-Finger Speed,LV,0.5,8,0.2673,0.0,1.0238,N,N,08/2020,Analyst
41-1012.00,1.A.2.c.3,Speed of Limb Movement,IM,1.0,8,0.0,1.0,1.0,N,,08/2020,Analyst
41-1012.00,1.A.2.c.3,Speed of Limb Movement,LV,0.0,8,0.0,0.0,0.0,N,Y,08/2020,Analyst
41-1012.00,1.A.3.a.1,Static Strength,IM,1.0,8,0.0,1.0,1.0,N,,08/2020,Analyst
41-1012.00,1.A.3.a.1,Static Strength,LV,0.0,8,0.0,0.0,0.0,N,Y,08/2020,Analyst
41-1012.00,1.A.3.a.2,Explosive Strength,IM,1.12,8,0.125,1.0,1.37,N,,08/2020,Analyst
41-1012.00,1.A.3.a.2,Explosive Strength,LV,0.12,8,0.125,0.0,0.37,N,Y,08/2020,Analyst
41-1012.00,1.A.3.a.3,Dynamic Strength,IM,1.25,8,0.1637,1.0,1.5708,N,,08/2020,Analyst
41-1012.00,1.A.3.a.3,Dynamic Strength,LV,0.25,8,0.1637,0.0,0.5708,N,Y,08/2020,Analyst
41-1012.00,1.A.3.a.4,Trunk Strength,IM,1.75,8,0.1637,1.4292,2.0708,N,,08/2020,Analyst
41-1012.00,1.A.3.a.4,Trunk Strength,LV,1.38,8,0.375,0.64,2.11,N,N,08/2020,Analyst
41-1012.00,1.A.3.b.1,Stamina,IM,1.25,8,0.1637,1.0,1.5708,N,,08/2020,Analyst
41-1012.00,1.A.3.b.1,Stamina,LV,0.25,8,0.1637,0.0,0.5708,N,Y,08/2020,Analyst
41-1012.00,1.A.3.c.1,Extent Flexibility,IM,1.0,8,0.0,1.0,1.0,N,,08/2020,Analyst
41-1012.00,1.A.3.c.1,Extent Flexibility,LV,0.0,8,0.0,0.0,0.0,N,Y,08/2020,Analyst
41-1012.00,1.A.3.c.2,Dynamic Flexibility,IM,1.0,8,0.0,1.0,1.0,N,,08/2020,Analyst
41-1012.00,1.A.3.c.2,Dynamic Flexibility,LV,0.0,8,0.0,0.0,0.0,N,Y,08/2020,Analyst
41-1012.00,1.A.3.c.3,Gross Body Coordination,IM,1.0,8,0.0,1.0,1.0,N,,08/2020,Analyst
41-1012.00,1.A.3.c.3,Gross Body Coordination,LV,0.0,8,0.0,0.0,0.0,N,Y,08/2020,Analyst
41-1012.00,1.A.3.c.4,Gross Body Equilibrium,IM,1.0,8,0.0,1.0,1.0,N,,08/2020,Analyst
41-1012.00,1.A.3.c.4,Gross Body Equilibrium,LV,0.0,8,0.0,0.0,0.0,N,Y,08/2020,Analyst
41-1012.00,1.A.4.a.1,Near Vision,IM,3.62,8,0.183,3.2664,3.9836,N,,08/2020,Analyst
41-1012.00,1.A.4.a.1,Near Vision,LV,3.62,8,0.183,3.2664,3.9836,N,N,08/2020,Analyst
41-1012.00,1.A.4.a.2,Far Vision,IM,2.88,8,0.125,2.63,3.12,N,,08/2020,Analyst
41-1012.00,1.A.4.a.2,Far Vision,LV,3.0,8,0.0,3.0,3.0,N,N,08/2020,Analyst
41-1012.00,1.A.4.a.3,Visual Color Discrimination,IM,1.75,8,0.1637,1.4292,2.0708,N,,08/2020,Analyst
41-1012.00,1.A.4.a.3,Visual Color Discrimination,LV,1.38,8,0.3239,0.7402,2.0098,N,N,08/2020,Analyst
41-1012.00,1.A.4.a.4,Night Vision,IM,1.0,8,0.0,1.0,1.0,N,,08/2020,Analyst
41-1012.00,1.A.4.a.4,Night Vision,LV,0.0,8,0.0,0.0,0.0,N,Y,08/2020,Analyst
41-1012.00,1.A.4.a.5,Peripheral Vision,IM,1.0,8,0.0,1.0,1.0,N,,08/2020,Analyst
41-1012.00,1.A.4.a.5,Peripheral Vision,LV,0.0,8,0.0,0.0,0.0,N,Y,08/2020,Analyst
41-1012.00,1.A.4.a.6,Depth Perception,IM,1.75,8,0.1637,1.4292,2.0708,N,,08/2020,Analyst
41-1012.00,1.A.4.a.6,Depth Perception,LV,0.88,8,0.2266,0.4309,1.3191,N,N,08/2020,Analyst
41-1012.00,1.A.4.a.7,Glare Sensitivity,IM,1.0,8,0.0,1.0,1.0,N,,08/2020,Analyst
41-1012.00,1.A.4.a.7,Glare Sensitivity,LV,0.0,8,0.0,0.0,0.0,N,Y,08/2020,Analyst
41-1012.00,1.A.4.b.1,Hearing Sensitivity,IM,1.88,8,0.125,1.63,2.12,N,,08/2020,Analyst
41-1012.00,1.A.4.b.1,Hearing Sensitivity,LV,1.38,8,0.2631,0.8594,1.8906,N,N,08/2020,Analyst
41-1012.00,1.A.4.b.2,Auditory Attention,IM,2.0,8,0.0,2.0,2.0,N,,08/2020,Analyst
41-1012.00,1.A.4.b.2,Auditory Attention,LV,1.88,8,0.125,1.63,2.12,N,N,08/2020,Analyst
41-1012.00,1.A.4.b.3,Sound Localization,IM,1.0,8,0.0,1.0,1.0,N,,08/2020,Analyst
41-1012.00,1.A.4.b.3,Sound Localization,LV,0.0,8,0.0,0.0,0.0,N,Y,08/2020,Analyst
41-1012.00,1.A.4.b.4,Speech Recognition,IM,4.0,8,0.0,4.0,4.0,N,,08/2020,Analyst
41-1012.00,1.A.4.b.4,Speech Recognition,LV,4.0,8,0.0,4.0,4.0,N,N,08/2020,Analyst
41-1012.00,1.A.4.b.5,Speech Clarity,IM,3.88,8,0.125,3.63,4.12,N,,08/2020,Analyst
41-1012.00,1.A.4.b.5,Speech Clarity,LV,4.0,8,0.0,4.0,4.0,N,N,08/2020,Analyst
41-2011.00,1.A.1.a.1,Oral Comprehension,IM,3.5,8,0.189,3.1296,3.8704,N,,08/2024,Analyst
41-2011.00,1.A.1.a.1,Oral Comprehension,LV,3.5,8,0.189,3.1296,3.8704,N,N,08/2024,Analyst
41-2011.00,1.A.1.a.2,Written Comprehension,IM,3.12,8,0.125,2.88,3.37,N,,08/2024,Analyst
41-2011.00,1.A.1.a.2,Written Comprehension,LV,3.0,8,0.0,3.0,3.0,N,N,08/2024,Analyst
41-2011.00,1.A.1.a.3,Oral Expression,IM,3.5,8,0.189,3.1296,3.8704,N,,08/2024,Analyst
41-2011.00,1.A.1.a.3,Oral Expression,LV,3.0,8,0.0,3.0,3.0,N,N,08/2024,Analyst
41-2011.00,1.A.1.a.4,Written Expression,IM,2.38,8,0.183,2.0164,2.7336,N,,08/2024,Analyst
41-2011.00,1.A.1.a.4,Written Expression,LV,2.5,8,0.189,2.1296,2.8704,N,N,08/2024,Analyst
41-2011.00,1.A.1.b.1,Fluency of Ideas,IM,2.0,8,0.0,2.0,2.0,N,,08/2024,Analyst
41-2011.00,1.A.1.b.1,Fluency of Ideas,LV,2.0,8,0.0,2.0,2.0,N,N,08/2024,Analyst
41-2011.00,1.A.1.b.2,Originality,IM,2.0,8,0.0,2.0,2.0,N,,08/2024,Analyst
41-2011.00,1.A.1.b.2,Originality,LV,2.0,8,0.0,2.0,2.0,N,N,08/2024,Analyst
41-2011.00,1.A.1.b.3,Problem Sensitivity,IM,3.0,8,0.0,3.0,3.0,N,,08/2024,Analyst
41-2011.00,1.A.1.b.3,Problem Sensitivity,LV,2.75,8,0.1637,2.4292,3.0708,N,N,08/2024,Analyst
41-2011.00,1.A.1.b.4,Deductive Reasoning,IM,2.62,8,0.183,2.2664,2.9836,N,,08/2024,Analyst
41-2011.00,1.A.1.b.4,Deductive Reasoning,LV,2.62,8,0.183,2.2664,2.9836,N,N,08/2024,Analyst
41-2011.00,1.A.1.b.5,Inductive Reasoning,IM,2.62,8,0.183,2.2664,2.9836,N,,08/2024,Analyst
41-2011.00,1.A.1.b.5,Inductive Reasoning,LV,2.62,8,0.183,2.2664,2.9836,N,N,08/2024,Analyst
41-2011.00,1.A.1.b.6,Information Ordering,IM,3.0,8,0.189,2.6296,3.3704,N,,08/2024,Analyst
41-2011.00,1.A.1.b.6,Information Ordering,LV,2.75,8,0.1637,2.4292,3.0708,N,N,08/2024,Analyst
41-2011.00,1.A.1.b.7,Category Flexibility,IM,2.75,8,0.1637,2.4292,3.0708,N,,08/2024,Analyst
41-2011.00,1.A.1.b.7,Category Flexibility,LV,2.75,8,0.1637,2.4292,3.0708,N,N,08/2024,Analyst
41-2011.00,1.A.1.c.1,Mathematical Reasoning,IM,2.38,8,0.183,2.0164,2.7336,N,,08/2024,Analyst
41-2011.00,1.A.1.c.1,Mathematical Reasoning,LV,2.0,8,0.0,2.0,2.0,N,N,08/2024,Analyst
41-2011.00,1.A.1.c.2,Number Facility,IM,2.62,8,0.183,2.2664,2.9836,N,,08/2024,Analyst
41-2011.00,1.A.1.c.2,Number Facility,LV,2.25,8,0.1637,1.9292,2.5708,N,N,08/2024,Analyst
41-2011.00,1.A.1.d.1,Memorization,IM,2.62,8,0.183,2.2664,2.9836,N,,08/2024,Analyst
41-2011.00,1.A.1.d.1,Memorization,LV,2.25,8,0.1637,1.9292,2.5708,N,N,08/2024,Analyst
41-2011.00,1.A.1.e.1,Speed of Closure,IM,2.0,8,0.0,2.0,2.0,N,,08/2024,Analyst
41-2011.00,1.A.1.e.1,Speed of Closure,LV,1.88,8,0.125,1.63,2.12,N,N,08/2024,Analyst
41-2011.00,1.A.1.e.2,Flexibility of Closure,IM,2.0,8,0.0,2.0,2.0,N,,08/2024,Analyst
41-2011.00,1.A.1.e.2,Flexibility of Closure,LV,2.0,8,0.0,2.0,2.0,N,N,08/2024,Analyst
41-2011.00,1.A.1.e.3,Perceptual Speed,IM,2.38,8,0.183,2.0164,2.7336,N,,08/2024,Analyst
41-2011.00,1.A.1.e.3,Perceptual Speed,LV,2.25,8,0.1637,1.9292,2.5708,N,N,08/2024,Analyst
41-2011.00,1.A.1.f.1,Spatial Orientation,IM,1.0,8,0.0,1.0,1.0,N,,08/2024,Analyst
41-2011.00,1.A.1.f.1,Spatial Orientation,LV,0.0,8,0.0,0.0,0.0,N,Y,08/2024,Analyst
41-2011.00,1.A.1.f.2,Visualization,IM,1.88,8,0.125,1.63,2.12,N,,08/2024,Analyst
41-2011.00,1.A.1.f.2,Visualization,LV,1.5,8,0.2673,0.9762,2.0238,N,N,08/2024,Analyst
41-2011.00,1.A.1.g.1,Selective Attention,IM,2.88,8,0.125,2.63,3.12,N,,08/2024,Analyst
41-2011.00,1.A.1.g.1,Selective Attention,LV,2.75,8,0.1637,2.4292,3.0708,N,N,08/2024,Analyst
41-2011.00,1.A.1.g.2,Time Sharing,IM,2.88,8,0.2266,2.4309,3.3191,N,,08/2024,Analyst
41-2011.00,1.A.1.g.2,Time Sharing,LV,2.75,8,0.1637,2.4292,3.0708,N,N,08/2024,Analyst
41-2011.00,1.A.2.a.1,Arm-Hand Steadiness,IM,2.5,8,0.189,2.1296,2.8704,N,,08/2024,Analyst
41-2011.00,1.A.2.a.1,Arm-Hand Steadiness,LV,2.0,8,0.0,2.0,2.0,N,N,08/2024,Analyst
41-2011.00,1.A.2.a.2,Manual Dexterity,IM,2.5,8,0.189,2.1296,2.8704,N,,08/2024,Analyst
41-2011.00,1.A.2.a.2,Manual Dexterity,LV,2.12,8,0.125,1.88,2.37,N,N,08/2024,Analyst
41-2011.00,1.A.2.a.3,Finger Dexterity,IM,2.62,8,0.183,2.2664,2.9836,N,,08/2024,Analyst
41-2011.00,1.A.2.a.3,Finger Dexterity,LV,2.25,8,0.1637,1.9292,2.5708,N,N,08/2024,Analyst
41-2011.00,1.A.2.b.1,Control Precision,IM,2.38,8,0.183,2.0164,2.7336,N,,08/2024,Analyst
41-2011.00,1.A.2.b.1,Control Precision,LV,2.0,8,0.0,2.0,2.0,N,N,08/2024,Analyst
41-2011.00,1.A.2.b.2,Multilimb Coordination,IM,2.12,8,0.125,1.88,2.37,N,,08/2024,Analyst
41-2011.00,1.A.2.b.2,Multilimb Coordination,LV,2.0,8,0.0,2.0,2.0,N,N,08/2024,Analyst
41-2011.00,1.A.2.b.3,Response Orientation,IM,1.75,8,0.1637,1.4292,2.0708,N,,08/2024,Analyst
41-2011.00,1.A.2.b.3,Response Orientation,LV,0.88,8,0.2266,0.4309,1.3191,N,N,08/2024,Analyst
41-2011.00,1.A.2.b.4,Rate Control,IM,1.5,8,0.189,1.1296,1.8704,N,,08/2024,Analyst
41-2011.00,1.A.2.b.4,Rate Control,LV,0.5,8,0.189,0.1296,0.8704,N,N,08/2024,Analyst
41-2011.00,1.A.2.c.1,Reaction Time,IM,1.5,8,0.189,1.1296,1.8704,N,,08/2024,Analyst
41-2011.00,1.A.2.c.1,Reaction Time,LV,0.5,8,0.189,0.1296,0.8704,N,N,08/2024,Analyst
41-2011.00,1.A.2.c.2,Wrist-Finger Speed,IM,1.75,8,0.1637,1.4292,2.0708,N,,08/2024,Analyst
41-2011.00,1.A.2.c.2,Wrist-Finger Speed,LV,1.38,8,0.3239,0.7402,2.0098,N,N,08/2024,Analyst
41-2011.00,1.A.2.c.3,Speed of Limb Movement,IM,1.0,8,0.0,1.0,1.0,N,,08/2024,Analyst
41-2011.00,1.A.2.c.3,Speed of Limb Movement,LV,0.0,8,0.0,0.0,0.0,N,Y,08/2024,Analyst
41-2011.00,1.A.3.a.1,Static Strength,IM,2.12,8,0.125,1.88,2.37,N,,08/2024,Analyst
41-2011.00,1.A.3.a.1,Static Strength,LV,2.0,8,0.0,2.0,2.0,N,N,08/2024,Analyst
41-2011.00,1.A.3.a.2,Explosive Strength,IM,1.88,8,0.125,1.63,2.12,N,,08/2024,Analyst
41-2011.00,1.A.3.a.2,Explosive Strength,LV,0.88,8,0.125,0.63,1.12,N,N,08/2024,Analyst
41-2011.00,1.A.3.a.3,Dynamic Strength,IM,2.0,8,0.0,2.0,2.0,N,,08/2024,Analyst
41-2011.00,1.A.3.a.3,Dynamic Strength,LV,1.12,8,0.125,0.88,1.37,N,N,08/2024,Analyst
41-2011.00,1.A.3.a.4,Trunk Strength,IM,2.5,8,0.189,2.1296,2.8704,N,,08/2024,Analyst
41-2011.00,1.A.3.a.4,Trunk Strength,LV,2.62,8,0.183,2.2664,2.9836,N,N,08/2024,Analyst
41-2011.00,1.A.3.b.1,Stamina,IM,2.12,8,0.125,1.88,2.37,N,,08/2024,Analyst
41-2011.00,1.A.3.b.1,Stamina,LV,1.88,8,0.2266,1.4309,2.3191,N,N,08/2024,Analyst
41-2011.00,1.A.3.c.1,Extent Flexibility,IM,2.12,8,0.125,1.88,2.37,N,,08/2024,Analyst
41-2011.00,1.A.3.c.1,Extent Flexibility,LV,2.0,8,0.0,2.0,2.0,N,N,08/2024,Analyst
41-2011.00,1.A.3.c.2,Dynamic Flexibility,IM,1.0,8,0.0,1.0,1.0,N,,08/2024,Analyst
41-2011.00,1.A.3.c.2,Dynamic Flexibility,LV,0.0,8,0.0,0.0,0.0,N,Y,08/2024,Analyst
41-2011.00,1.A.3.c.3,Gross Body Coordination,IM,2.0,8,0.0,2.0,2.0,N,,08/2024,Analyst
41-2011.00,1.A.3.c.3,Gross Body Coordination,LV,1.62,8,0.183,1.2664,1.9836,N,N,08/2024,Analyst
41-2011.00,1.A.3.c.4,Gross Body Equilibrium,IM,2.0,8,0.0,2.0,2.0,N,,08/2024,Analyst
41-2011.00,1.A.3.c.4,Gross Body Equilibrium,LV,1.25,8,0.1637,0.9292,1.5708,N,N,08/2024,Analyst
41-2011.00,1.A.4.a.1,Near Vision,IM,3.25,8,0.1637,2.9292,3.5708,N,,08/2024,Analyst
41-2011.00,1.A.4.a.1,Near Vision,LV,3.12,8,0.125,2.88,3.37,N,N,08/2024,Analyst
41-2011.00,1.A.4.a.2,Far Vision,IM,2.12,8,0.125,1.88,2.37,N,,08/2024,Analyst
41-2011.00,1.A.4.a.2,Far Vision,LV,2.12,8,0.125,1.88,2.37,N,N,08/2024,Analyst
41-2011.00,1.A.4.a.3,Visual Color Discrimination,IM,2.12,8,0.125,1.88,2.37,N,,08/2024,Analyst
41-2011.00,1.A.4.a.3,Visual Color Discrimination,LV,1.88,8,0.125,1.63,2.12,N,N,08/2024,Analyst
41-2011.00,1.A.4.a.4,Night Vision,IM,1.0,8,0.0,1.0,1.0,N,,08/2024,Analyst
41-2011.00,1.A.4.a.4,Night Vision,LV,0.0,8,0.0,0.0,0.0,N,Y,08/2024,Analyst
41-2011.00,1.A.4.a.5,Peripheral Vision,IM,1.0,8,0.0,1.0,1.0,N,,08/2024,Analyst
41-2011.00,1.A.4.a.5,Peripheral Vision,LV,0.0,8,0.0,0.0,0.0,N,Y,08/2024,Analyst
41-2011.00,1.A.4.a.6,Depth Perception,IM,1.5,8,0.189,1.1296,1.8704,N,,08/2024,Analyst
41-2011.00,1.A.4.a.6,Depth Perception,LV,0.75,8,0.3134,0.1358,1.3642,N,N,08/2024,Analyst
41-2011.00,1.A.4.a.7,Glare Sensitivity,IM,1.0,8,0.0,1.0,1.0,N,,08/2024,Analyst
41-2011.00,1.A.4.a.7,Glare Sensitivity,LV,0.0,8,0.0,0.0,0.0,N,Y,08/2024,Analyst
41-2011.00,1.A.4.b.1,Hearing Sensitivity,IM,2.0,8,0.0,2.0,2.0,N,,08/2024,Analyst
41-2011.00,1.A.4.b.1,Hearing Sensitivity,LV,2.0,8,0.0,2.0,2.0,N,N,08/2024,Analyst
41-2011.00,1.A.4.b.2,Auditory Attention,IM,2.0,8,0.0,2.0,2.0,N,,08/2024,Analyst
41-2011.00,1.A.4.b.2,Auditory Attention,LV,1.5,8,0.189,1.1296,1.8704,N,N,08/2024,Analyst
41-2011.00,1.A.4.b.3,Sound Localization,IM,1.0,8,0.0,1.0,1.0,N,,08/2024,Analyst
41-2011.00,1.A.4.b.3,Sound Localization,LV,0.0,8,0.0,0.0,0.0,N,Y,08/2024,Analyst
41-2011.00,1.A.4.b.4,Speech Recognition,IM,3.0,8,0.0,3.0,3.0,N,,08/2024,Analyst
41-2011.00,1.A.4.b.4,Speech Recognition,LV,3.0,8,0.0,3.0,3.0,N,N,08/2024,Analyst
41-2011.00,1.A.4.b.5,Speech Clarity,IM,3.12,8,0.125,2.88,3.37,N,,08/2024,Analyst
41-2011.00,1.A.4.b.5,Speech Clarity,LV,2.88,8,0.125,2.63,3.12,N,N,08/2024,Analyst
41-2012.00,1.A.1.a.1,Oral Comprehension,IM,3.5,8,0.189,3.1296,3.8704,N,,08/2019,Analyst
41-2012.00,1.A.1.a.1,Oral Comprehension,LV,3.25,8,0.1637,2.9292,3.5708,N,N,08/2019,Analyst
41-2012.00,1.A.1.a.2,Written Comprehension,IM,3.12,8,0.125,2.88,3.37,N,,08/2019,Analyst
41-2012.00,1.A.1.a.2,Written Comprehension,LV,2.88,8,0.125,2.63,3.12,N,N,08/2019,Analyst
41-2012.00,1.A.1.a.3,Oral Expression,IM,3.38,8,0.183,3.0164,3.7336,N,,08/2019,Analyst
41-2012.00,1.A.1.a.3,Oral Expression,LV,3.25,8,0.1637,2.9292,3.5708,N,N,08/2019,Analyst
41-2012.00,1.A.1.a.4,Written Expression,IM,2.88,8,0.125,2.63,3.12,N,,08/2019,Analyst
41-2012.00,1.A.1.a.4,Written Expression,LV,2.25,8,0.1637,1.9292,2.5708,N,N,08/2019,Analyst
41-2012.00,1.A.1.b.1,Fluency of Ideas,IM,2.25,8,0.1637,1.9292,2.5708,N,,08/2019,Analyst
41-2012.00,1.A.1.b.1,Fluency of Ideas,LV,2.12,8,0.125,1.88,2.37,N,N,08/2019,Analyst
41-2012.00,1.A.1.b.2,Originality,IM,2.0,8,0.0,2.0,2.0,N,,08/2019,Analyst
41-2012.00,1.A.1.b.2,Originality,LV,2.12,8,0.125,1.88,2.37,N,N,08/2019,Analyst
41-2012.00,1.A.1.b.3,Problem Sensitivity,IM,3.25,8,0.1637,2.9292,3.5708,N,,08/2019,Analyst
41-2012.00,1.A.1.b.3,Problem Sensitivity,LV,3.0,8,0.0,3.0,3.0,N,N,08/2019,Analyst
41-2012.00,1.A.1.b.4,Deductive Reasoning,IM,3.0,8,0.0,3.0,3.0,N,,08/2019,Analyst
41-2012.00,1.A.1.b.4,Deductive Reasoning,LV,2.88,8,0.125,2.63,3.12,N,N,08/2019,Analyst
41-2012.00,1.A.1.b.5,Inductive Reasoning,IM,3.0,8,0.0,3.0,3.0,N,,08/2019,Analyst
41-2012.00,1.A.1.b.5,Inductive Reasoning,LV,2.62,8,0.183,2.2664,2.9836,N,N,08/2019,Analyst
41-2012.00,1.A.1.b.6,Information Ordering,IM,3.25,8,0.1637,2.9292,3.5708,N,,08/2019,Analyst
41-2012.00,1.A.1.b.6,Information Ordering,LV,3.0,8,0.0,3.0,3.0,N,N,08/2019,Analyst
41-2012.00,1.A.1.b.7,Category Flexibility,IM,2.88,8,0.125,2.63,3.12,N,,08/2019,Analyst
41-2012.00,1.A.1.b.7,Category Flexibility,LV,3.0,8,0.0,3.0,3.0,N,N,08/2019,Analyst
41-2012.00,1.A.1.c.1,Mathematical Reasoning,IM,3.12,8,0.125,2.88,3.37,N,,08/2019,Analyst
41-2012.00,1.A.1.c.1,Mathematical Reasoning,LV,2.38,8,0.183,2.0164,2.7336,N,N,08/2019,Analyst
41-2012.00,1.A.1.c.2,Number Facility,IM,3.12,8,0.125,2.88,3.37,N,,08/2019,Analyst
41-2012.00,1.A.1.c.2,Number Facility,LV,3.0,8,0.0,3.0,3.0,N,N,08/2019,Analyst
41-2012.00,1.A.1.d.1,Memorization,IM,2.25,8,0.1637,1.9292,2.5708,N,,08/2019,Analyst
41-2012.00,1.A.1.d.1,Memorization,LV,2.12,8,0.125,1.88,2.37,N,N,08/2019,Analyst
41-2012.00,1.A.1.e.1,Speed of Closure,IM,2.12,8,0.125,1.88,2.37,N,,08/2019,Analyst
41-2012.00,1.A.1.e.1,Speed of Closure,LV,2.12,8,0.125,1.88,2.37,N,N,08/2019,Analyst
41-2012.00,1.A.1.e.2,Flexibility of Closure,IM,2.62,8,0.183,2.2664,2.9836,N,,08/2019,Analyst
41-2012.00,1.A.1.e.2,Flexibility of Closure,LV,2.5,8,0.189,2.1296,2.8704,N,N,08/2019,Analyst
41-2012.00,1.A.1.e.3,Perceptual Speed,IM,3.0,8,0.0,3.0,3.0,N,,08/2019,Analyst
41-2012.00,1.A.1.e.3,Perceptual Speed,LV,3.0,8,0.0,3.0,3.0,N,N,08/2019,Analyst
41-2012.00,1.A.1.f.1,Spatial Orientation,IM,1.12,8,0.125,1.0,1.37,N,,08/2019,Analyst
41-2012.00,1.A.1.f.1,Spatial Orientation,LV,0.25,8,0.25,0.0,0.74,N,Y,08/2019,Analyst
41-2012.00,1.A.1.f.2,Visualization,IM,2.12,8,0.125,1.88,2.37,N,,08/2019,Analyst
41-2012.00,1.A.1.f.2,Visualization,LV,2.12,8,0.125,1.88,2.37,N,N,08/2019,Analyst
41-2012.00,1.A.1.g.1,Selective Attention,IM,2.88,8,0.125,2.63,3.12,N,,08/2019,Analyst
41-2012.00,1.A.1.g.1,Selective Attention,LV,2.88,8,0.125,2.63,3.12,N,N,08/2019,Analyst
41-2012.00,1.A.1.g.2,Time Sharing,IM,2.75,8,0.1637,2.4292,3.0708,N,,08/2019,Analyst
41-2012.00,1.A.1.g.2,Time Sharing,LV,2.25,8,0.1637,1.9292,2.5708,N,N,08/2019,Analyst
41-2012.00,1.A.2.a.1,Arm-Hand Steadiness,IM,3.0,8,0.0,3.0,3.0,N,,08/2019,Analyst
41-2012.00,1.A.2.a.1,Arm-Hand Steadiness,LV,2.38,8,0.183,2.0164,2.7336,N,N,08/2019,Analyst
41-2012.00,1.A.2.a.2,Manual Dexterity,IM,2.88,8,0.125,2.63,3.12,N,,08/2019,Analyst
41-2012.00,1.A.2.a.2,Manual Dexterity,LV,2.12,8,0.125,1.88,2.37,N,N,08/2019,Analyst
41-2012.00,1.A.2.a.3,Finger Dexterity,IM,3.0,8,0.0,3.0,3.0,N,,08/2019,Analyst
41-2012.00,1.A.2.a.3,Finger Dexterity,LV,2.62,8,0.183,2.2664,2.9836,N,N,08/2019,Analyst
41-2012.00,1.A.2.b.1,Control Precision,IM,2.12,8,0.125,1.88,2.37,N,,08/2019,Analyst
41-2012.00,1.A.2.b.1,Control Precision,LV,2.12,8,0.125,1.88,2.37,N,N,08/2019,Analyst
41-2012.00,1.A.2.b.2,Multilimb Coordination,IM,2.0,8,0.0,2.0,2.0,N,,08/2019,Analyst
41-2012.00,1.A.2.b.2,Multilimb Coordination,LV,1.88,8,0.125,1.63,2.12,N,N,08/2019,Analyst
41-2012.00,1.A.2.b.3,Response Orientation,IM,1.75,8,0.1637,1.4292,2.0708,N,,08/2019,Analyst
41-2012.00,1.A.2.b.3,Response Orientation,LV,1.25,8,0.3134,0.6358,1.8642,N,N,08/2019,Analyst
41-2012.00,1.A.2.b.4,Rate Control,IM,2.0,8,0.0,2.0,2.0,N,,08/2019,Analyst
41-2012.00,1.A.2.b.4,Rate Control,LV,1.0,8,0.0,1.0,1.0,N,N,08/2019,Analyst
41-2012.00,1.A.2.c.1,Reaction Time,IM,2.0,8,0.0,2.0,2.0,N,,08/2019,Analyst
41-2012.00,1.A.2.c.1,Reaction Time,LV,1.12,8,0.125,0.88,1.37,N,N,08/2019,Analyst
41-2012.00,1.A.2.c.2,Wrist-Finger Speed,IM,2.12,8,0.125,1.88,2.37,N,,08/2019,Analyst
41-2012.00,1.A.2.c.2,Wrist-Finger Speed,LV,1.62,8,0.183,1.2664,1.9836,N,N,08/2019,Analyst
41-2012.00,1.A.2.c.3,Speed of Limb Movement,IM,1.62,8,0.183,1.2664,1.9836,N,,08/2019,Analyst
41-2012.00,1.A.2.c.3,Speed of Limb Movement,LV,0.88,8,0.295,0.2967,1.4533,N,N,08/2019,Analyst
41-2012.00,1.A.3.a.1,Static Strength,IM,2.0,8,0.0,2.0,2.0,N,,08/2019,Analyst
41-2012.00,1.A.3.a.1,Static Strength,LV,1.75,8,0.1637,1.4292,2.0708,N,N,08/2019,Analyst
41-2012.00,1.A.3.a.2,Explosive Strength,IM,1.12,8,0.125,1.0,1.37,N,,08/2019,Analyst
41-2012.00,1.A.3.a.2,Explosive Strength,LV,0.25,8,0.25,0.0,0.74,N,Y,08/2019,Analyst
41-2012.00,1.A.3.a.3,Dynamic Strength,IM,2.0,8,0.0,2.0,2.0,N,,08/2019,Analyst
41-2012.00,1.A.3.a.3,Dynamic Strength,LV,1.25,8,0.1637,0.9292,1.5708,N,N,08/2019,Analyst
41-2012.00,1.A.3.a.4,Trunk Strength,IM,2.5,8,0.189,2.1296,2.8704,N,,08/2019,Analyst
41-2012.00,1.A.3.a.4,Trunk Strength,LV,2.0,8,0.0,2.0,2.0,N,N,08/2019,Analyst
41-2012.00,1.A.3.b.1,Stamina,IM,2.0,8,0.0,2.0,2.0,N,,08/2019,Analyst
41-2012.00,1.A.3.b.1,Stamina,LV,1.25,8,0.1637,0.9292,1.5708,N,N,08/2019,Analyst
41-2012.00,1.A.3.c.1,Extent Flexibility,IM,2.12,8,0.125,1.88,2.37,N,,08/2019,Analyst
41-2012.00,1.A.3.c.1,Extent Flexibility,LV,1.88,8,0.2266,1.4309,2.3191,N,N,08/2019,Analyst
41-2012.00,1.A.3.c.2,Dynamic Flexibility,IM,1.12,8,0.125,1.0,1.37,N,,08/2019,Analyst
41-2012.00,1.A.3.c.2,Dynamic Flexibility,LV,0.12,8,0.125,0.0,0.37,N,Y,08/2019,Analyst
41-2012.00,1.A.3.c.3,Gross Body Coordination,IM,2.0,8,0.0,2.0,2.0,N,,08/2019,Analyst
41-2012.00,1.A.3.c.3,Gross Body Coordination,LV,1.62,8,0.183,1.2664,1.9836,N,N,08/2019,Analyst
41-2012.00,1.A.3.c.4,Gross Body Equilibrium,IM,2.0,8,0.0,2.0,2.0,N,,08/2019,Analyst
41-2012.00,1.A.3.c.4,Gross Body Equilibrium,LV,1.12,8,0.125,0.88,1.37,N,N,08/2019,Analyst
41-2012.00,1.A.4.a.1,Near Vision,IM,3.38,8,0.183,3.0164,3.7336,N,,08/2019,Analyst
41-2012.00,1.A.4.a.1,Near Vision,LV,3.12,8,0.125,2.88,3.37,N,N,08/2019,Analyst
41-2012.00,1.A.4.a.2,Far Vision,IM,2.88,8,0.125,2.63,3.12,N,,08/2019,Analyst
41-2012.00,1.A.4.a.2,Far Vision,LV,3.0,8,0.0,3.0,3.0,N,N,08/2019,Analyst
41-2012.00,1.A.4.a.3,Visual Color Discrimination,IM,2.25,8,0.1637,1.9292,2.5708,N,,08/2019,Analyst
41-2012.00,1.A.4.a.3,Visual Color Discrimination,LV,2.5,8,0.189,2.1296,2.8704,N,N,08/2019,Analyst
41-2012.00,1.A.4.a.4,Night Vision,IM,1.0,8,0.0,1.0,1.0,N,,08/2019,Analyst
41-2012.00,1.A.4.a.4,Night Vision,LV,0.0,8,0.0,0.0,0.0,N,Y,08/2019,Analyst
41-2012.00,1.A.4.a.5,Peripheral Vision,IM,1.0,8,0.0,1.0,1.0,N,,08/2019,Analyst
41-2012.00,1.A.4.a.5,Peripheral Vision,LV,0.0,8,0.0,0.0,0.0,N,Y,08/2019,Analyst
41-2012.00,1.A.4.a.6,Depth Perception,IM,2.0,8,0.0,2.0,2.0,N,,08/2019,Analyst
41-2012.00,1.A.4.a.6,Depth Perception,LV,1.38,8,0.183,1.0164,1.7336,N,N,08/2019,Analyst
41-2012.00,1.A.4.a.7,Glare Sensitivity,IM,1.0,8,0.0,1.0,1.0,N,,08/2019,Analyst
41-2012.00,1.A.4.a.7,Glare Sensitivity,LV,0.0,8,0.0,0.0,0.0,N,Y,08/2019,Analyst
41-2012.00,1.A.4.b.1,Hearing Sensitivity,IM,2.5,8,0.189,2.1296,2.8704,N,,08/2019,Analyst
41-2012.00,1.A.4.b.1,Hearing Sensitivity,LV,2.0,8,0.0,2.0,2.0,N,N,08/2019,Analyst
41-2012.00,1.A.4.b.2,Auditory Attention,IM,2.75,8,0.1637,2.4292,3.0708,N,,08/2019,Analyst
41-2012.00,1.A.4.b.2,Auditory Attention,LV,2.75,8,0.1637,2.4292,3.0708,N,N,08/2019,Analyst
41-2012.00,1.A.4.b.3,Sound Localization,IM,1.62,8,0.183,1.2664,1.9836,N,,08/2019,Analyst
41-2012.00,1.A.4.b.3,Sound Localization,LV,0.62,8,0.183,0.2664,0.9836,N,N,08/2019,Analyst
41-2012.00,1.A.4.b.4,Speech Recognition,IM,3.25,8,0.1637,2.9292,3.5708,N,,08/2019,Analyst
41-2012.00,1.A.4.b.4,Speech Recognition,LV,3.0,8,0.0,3.0,3.0,N,N,08/2019,Analyst
41-2012.00,1.A.4.b.5,Speech Clarity,IM,3.12,8,0.125,2.88,3.37,N,,08/2019,Analyst
41-2012.00,1.A.4.b.5,Speech Clarity,LV,3.0,8,0.0,3.0,3.0,N,N,08/2019,Analyst
41-2021.00,1.A.1.a.1,Oral Comprehension,IM,4.0,8,0.0,4.0,4.0,N,,08/2019,Analyst
41-2021.00,1.A.1.a.1,Oral Comprehension,LV,3.88,8,0.125,3.63,4.12,N,N,08/2019,Analyst
41-2021.00,1.A.1.a.2,Written Comprehension,IM,3.25,8,0.1637,2.9292,3.5708,N,,08/2019,Analyst
41-2021.00,1.A.1.a.2,Written Comprehension,LV,3.12,8,0.125,2.88,3.37,N,N,08/2019,Analyst
41-2021.00,1.A.1.a.3,Oral Expression,IM,3.88,8,0.125,3.63,4.12,N,,08/2019,Analyst
41-2021.00,1.A.1.a.3,Oral Expression,LV,3.75,8,0.1637,3.4292,4.0708,N,N,08/2019,Analyst
41-2021.00,1.A.1.a.4,Written Expression,IM,3.0,8,0.0,3.0,3.0,N,,08/2019,Analyst
41-2021.00,1.A.1.a.4,Written Expression,LV,3.0,8,0.0,3.0,3.0,N,N,08/2019,Analyst
41-2021.00,1.A.1.b.1,Fluency of Ideas,IM,2.62,8,0.183,2.2664,2.9836,N,,08/2019,Analyst
41-2021.00,1.A.1.b.1,Fluency of Ideas,LV,2.12,8,0.125,1.88,2.37,N,N,08/2019,Analyst
41-2021.00,1.A.1.b.2,Originality,IM,2.25,8,0.1637,1.9292,2.5708,N,,08/2019,Analyst
41-2021.00,1.A.1.b.2,Originality,LV,2.12,8,0.125,1.88,2.37,N,N,08/2019,Analyst
41-2021.00,1.A.1.b.3,Problem Sensitivity,IM,3.12,8,0.125,2.88,3.37,N,,08/2019,Analyst
41-2021.00,1.A.1.b.3,Problem Sensitivity,LV,2.75,8,0.1637,2.4292,3.0708,N,N,08/2019,Analyst
41-2021.00,1.A.1.b.4,Deductive Reasoning,IM,2.88,8,0.125,2.63,3.12,N,,08/2019,Analyst
41-2021.00,1.A.1.b.4,Deductive Reasoning,LV,2.88,8,0.125,2.63,3.12,N,N,08/2019,Analyst
41-2021.00,1.A.1.b.5,Inductive Reasoning,IM,2.88,8,0.125,2.63,3.12,N,,08/2019,Analyst
41-2021.00,1.A.1.b.5,Inductive Reasoning,LV,2.75,8,0.1637,2.4292,3.0708,N,N,08/2019,Analyst
41-2021.00,1.A.1.b.6,Information Ordering,IM,3.12,8,0.125,2.88,3.37,N,,08/2019,Analyst
41-2021.00,1.A.1.b.6,Information Ordering,LV,3.0,8,0.0,3.0,3.0,N,N,08/2019,Analyst
41-2021.00,1.A.1.b.7,Category Flexibility,IM,2.75,8,0.1637,2.4292,3.0708,N,,08/2019,Analyst
41-2021.00,1.A.1.b.7,Category Flexibility,LV,2.88,8,0.125,2.63,3.12,N,N,08/2019,Analyst
41-2021.00,1.A.1.c.1,Mathematical Reasoning,IM,2.62,8,0.183,2.2664,2.9836,N,,08/2019,Analyst
41-2021.00,1.A.1.c.1,Mathematical Reasoning,LV,2.38,8,0.183,2.0164,2.7336,N,N,08/2019,Analyst
41-2021.00,1.A.1.c.2,Number Facility,IM,2.88,8,0.125,2.63,3.12,N,,08/2019,Analyst
41-2021.00,1.A.1.c.2,Number Facility,LV,2.75,8,0.25,2.26,3.24,N,N,08/2019,Analyst
41-2021.00,1.A.1.d.1,Memorization,IM,2.38,8,0.183,2.0164,2.7336,N,,08/2019,Analyst
41-2021.00,1.A.1.d.1,Memorization,LV,2.12,8,0.125,1.88,2.37,N,N,08/2019,Analyst
41-2021.00,1.A.1.e.1,Speed of Closure,IM,2.12,8,0.125,1.88,2.37,N,,08/2019,Analyst
41-2021.00,1.A.1.e.1,Speed of Closure,LV,2.0,8,0.0,2.0,2.0,N,N,08/2019,Analyst
41-2021.00,1.A.1.e.2,Flexibility of Closure,IM,2.75,8,0.1637,2.4292,3.0708,N,,08/2019,Analyst
41-2021.00,1.A.1.e.2,Flexibility of Closure,LV,2.62,8,0.183,2.2664,2.9836,N,N,08/2019,Analyst
41-2021.00,1.A.1.e.3,Perceptual Speed,IM,2.75,8,0.1637,2.4292,3.0708,N,,08/2019,Analyst
41-2021.00,1.A.1.e.3,Perceptual Speed,LV,2.12,8,0.125,1.88,2.37,N,N,08/2019,Analyst
41-2021.00,1.A.1.f.1,Spatial Orientation,IM,1.5,8,0.189,1.1296,1.8704,N,,08/2019,Analyst
41-2021.00,1.A.1.f.1,Spatial Orientation,LV,0.75,8,0.3134,0.1358,1.3642,N,N,08/2019,Analyst
41-2021.00,1.A.1.f.2,Visualization,IM,2.0,8,0.0,2.0,2.0,N,,08/2019,Analyst
41-2021.00,1.A.1.f.2,Visualization,LV,2.12,8,0.125,1.88,2.37,N,N,08/2019,Analyst
41-2021.00,1.A.1.g.1,Selective Attention,IM,3.0,8,0.0,3.0,3.0,N,,08/2019,Analyst
41-2021.00,1.A.1.g.1,Selective Attention,LV,3.0,8,0.189,2.6296,3.3704,N,N,08/2019,Analyst
41-2021.00,1.A.1.g.2,Time Sharing,IM,2.12,8,0.125,1.88,2.37,N,,08/2019,Analyst
41-2021.00,1.A.1.g.2,Time Sharing,LV,2.62,8,0.183,2.2664,2.9836,N,N,08/2019,Analyst
41-2021.00,1.A.2.a.1,Arm-Hand Steadiness,IM,2.12,8,0.125,1.88,2.37,N,,08/2019,Analyst
41-2021.00,1.A.2.a.1,Arm-Hand Steadiness,LV,2.12,8,0.125,1.88,2.37,N,N,08/2019,Analyst
41-2021.00,1.A.2.a.2,Manual Dexterity,IM,2.0,8,0.0,2.0,2.0,N,,08/2019,Analyst
41-2021.00,1.A.2.a.2,Manual Dexterity,LV,2.0,8,0.0,2.0,2.0,N,N,08/2019,Analyst
41-2021.00,1.A.2.a.3,Finger Dexterity,IM,2.38,8,0.183,2.0164,2.7336,N,,08/2019,Analyst
41-2021.00,1.A.2.a.3,Finger Dexterity,LV,2.0,8,0.0,2.0,2.0,N,N,08/2019,Analyst
41-2021.00,1.A.2.b.1,Control Precision,IM,2.38,8,0.183,2.0164,2.7336,N,,08/2019,Analyst
41-2021.00,1.A.2.b.1,Control Precision,LV,2.5,8,0.189,2.1296,2.8704,N,N,08/2019,Analyst
41-2021.00,1.A.2.b.2,Multilimb Coordination,IM,2.38,8,0.183,2.0164,2.7336,N,,08/2019,Analyst
41-2021.00,1.A.2.b.2,Multilimb Coordination,LV,2.0,8,0.0,2.0,2.0,N,N,08/2019,Analyst
41-2021.00,1.A.2.b.3,Response Orientation,IM,2.0,8,0.0,2.0,2.0,N,,08/2019,Analyst
41-2021.00,1.A.2.b.3,Response Orientation,LV,1.75,8,0.1637,1.4292,2.0708,N,N,08/2019,Analyst
41-2021.00,1.A.2.b.4,Rate Control,IM,2.0,8,0.0,2.0,2.0,N,,08/2019,Analyst
41-2021.00,1.A.2.b.4,Rate Control,LV,1.12,8,0.125,0.88,1.37,N,N,08/2019,Analyst
41-2021.00,1.A.2.c.1,Reaction Time,IM,2.0,8,0.0,2.0,2.0,N,,08/2019,Analyst
41-2021.00,1.A.2.c.1,Reaction Time,LV,1.62,8,0.183,1.2664,1.9836,N,N,08/2019,Analyst
41-2021.00,1.A.2.c.2,Wrist-Finger Speed,IM,2.12,8,0.125,1.88,2.37,N,,08/2019,Analyst
41-2021.00,1.A.2.c.2,Wrist-Finger Speed,LV,1.38,8,0.183,1.0164,1.7336,N,N,08/2019,Analyst
41-2021.00,1.A.2.c.3,Speed of Limb Movement,IM,1.5,8,0.189,1.1296,1.8704,N,,08/2019,Analyst
41-2021.00,1.A.2.c.3,Speed of Limb Movement,LV,0.5,8,0.189,0.1296,0.8704,N,N,08/2019,Analyst
41-2021.00,1.A.3.a.1,Static Strength,IM,2.0,8,0.0,2.0,2.0,N,,08/2019,Analyst
41-2021.00,1.A.3.a.1,Static Strength,LV,2.0,8,0.0,2.0,2.0,N,N,08/2019,Analyst
41-2021.00,1.A.3.a.2,Explosive Strength,IM,1.38,8,0.183,1.0164,1.7336,N,,08/2019,Analyst
41-2021.00,1.A.3.a.2,Explosive Strength,LV,0.5,8,0.2673,0.0,1.0238,N,N,08/2019,Analyst
41-2021.00,1.A.3.a.3,Dynamic Strength,IM,2.0,8,0.0,2.0,2.0,N,,08/2019,Analyst
41-2021.00,1.A.3.a.3,Dynamic Strength,LV,1.12,8,0.125,0.88,1.37,N,N,08/2019,Analyst
41-2021.00,1.A.3.a.4,Trunk Strength,IM,2.38,8,0.183,2.0164,2.7336,N,,08/2019,Analyst
41-2021.00,1.A.3.a.4,Trunk Strength,LV,2.0,8,0.0,2.0,2.0,N,N,08/2019,Analyst
41-2021.00,1.A.3.b.1,Stamina,IM,2.0,8,0.0,2.0,2.0,N,,08/2019,Analyst
41-2021.00,1.A.3.b.1,Stamina,LV,1.38,8,0.183,1.0164,1.7336,N,N,08/2019,Analyst
41-2021.00,1.A.3.c.1,Extent Flexibility,IM,2.12,8,0.125,1.88,2.37,N,,08/2019,Analyst
41-2021.00,1.A.3.c.1,Extent Flexibility,LV,1.38,8,0.183,1.0164,1.7336,N,N,08/2019,Analyst
41-2021.00,1.A.3.c.2,Dynamic Flexibility,IM,1.0,8,0.0,1.0,1.0,N,,08/2019,Analyst
41-2021.00,1.A.3.c.2,Dynamic Flexibility,LV,0.0,8,0.0,0.0,0.0,N,Y,08/2019,Analyst
41-2021.00,1.A.3.c.3,Gross Body Coordination,IM,2.0,8,0.0,2.0,2.0,N,,08/2019,Analyst
41-2021.00,1.A.3.c.3,Gross Body Coordination,LV,1.5,8,0.189,1.1296,1.8704,N,N,08/2019,Analyst
41-2021.00,1.A.3.c.4,Gross Body Equilibrium,IM,2.0,8,0.0,2.0,2.0,N,,08/2019,Analyst
41-2021.00,1.A.3.c.4,Gross Body Equilibrium,LV,1.12,8,0.125,0.88,1.37,N,N,08/2019,Analyst
41-2021.00,1.A.4.a.1,Near Vision,IM,3.38,8,0.183,3.0164,3.7336,N,,08/2019,Analyst
41-2021.00,1.A.4.a.1,Near Vision,LV,3.12,8,0.125,2.88,3.37,N,N,08/2019,Analyst
41-2021.00,1.A.4.a.2,Far Vision,IM,2.88,8,0.125,2.63,3.12,N,,08/2019,Analyst
41-2021.00,1.A.4.a.2,Far Vision,LV,2.75,8,0.1637,2.4292,3.0708,N,N,08/2019,Analyst
41-2021.00,1.A.4.a.3,Visual Color Discrimination,IM,2.0,8,0.0,2.0,2.0,N,,08/2019,Analyst
41-2021.00,1.A.4.a.3,Visual Color Discrimination,LV,2.0,8,0.0,2.0,2.0,N,N,08/2019,Analyst
41-2021.00,1.A.4.a.4,Night Vision,IM,1.5,8,0.189,1.1296,1.8704,N,,08/2019,Analyst
41-2021.00,1.A.4.a.4,Night Vision,LV,0.75,8,0.3134,0.1358,1.3642,N,N,08/2019,Analyst
41-2021.00,1.A.4.a.5,Peripheral Vision,IM,1.62,8,0.183,1.2664,1.9836,N,,08/2019,Analyst
41-2021.00,1.A.4.a.5,Peripheral Vision,LV,0.88,8,0.295,0.2967,1.4533,N,N,08/2019,Analyst
41-2021.00,1.A.4.a.6,Depth Perception,IM,2.0,8,0.0,2.0,2.0,N,,08/2019,Analyst
41-2021.00,1.A.4.a.6,Depth Perception,LV,1.88,8,0.125,1.63,2.12,N,N,08/2019,Analyst
41-2021.00,1.A.4.a.7,Glare Sensitivity,IM,1.5,8,0.189,1.1296,1.8704,N,,08/2019,Analyst
41-2021.00,1.A.4.a.7,Glare Sensitivity,LV,0.62,8,0.2631,0.1094,1.1406,N,N,08/2019,Analyst
41-2021.00,1.A.4.b.1,Hearing Sensitivity,IM,2.12,8,0.125,1.88,2.37,N,,08/2019,Analyst
41-2021.00,1.A.4.b.1,Hearing Sensitivity,LV,2.0,8,0.0,2.0,2.0,N,N,08/2019,Analyst
41-2021.00,1.A.4.b.2,Auditory Attention,IM,2.25,8,0.1637,1.9292,2.5708,N,,08/2019,Analyst
41-2021.00,1.A.4.b.2,Auditory Attention,LV,2.12,8,0.125,1.88,2.37,N,N,08/2019,Analyst
41-2021.00,1.A.4.b.3,Sound Localization,IM,1.62,8,0.183,1.2664,1.9836,N,,08/2019,Analyst
41-2021.00,1.A.4.b.3,Sound Localization,LV,0.62,8,0.183,0.2664,0.9836,N,N,08/2019,Analyst
41-2021.00,1.A.4.b.4,Speech Recognition,IM,3.62,8,0.183,3.2664,3.9836,N,,08/2019,Analyst
41-2021.00,1.A.4.b.4,Speech Recognition,LV,3.38,8,0.183,3.0164,3.7336,N,N,08/2019,Analyst
41-2021.00,1.A.4.b.5,Speech Clarity,IM,3.62,8,0.183,3.2664,3.9836,N,,08/2019,Analyst
41-2021.00,1.A.4.b.5,Speech Clarity,LV,3.25,8,0.1637,2.9292,3.5708,N,N,08/2019,Analyst
41-2022.00,1.A.1.a.1,Oral Comprehension,IM,4.0,8,0.0,4.0,4.0,N,,08/2023,Analyst
41-2022.00,1.A.1.a.1,Oral Comprehension,LV,3.88,8,0.125,3.63,4.12,N,N,08/2023,Analyst
41-2022.00,1.A.1.a.2,Written Comprehension,IM,3.75,8,0.1637,3.4292,4.0708,N,,08/2023,Analyst
41-2022.00,1.A.1.a.2,Written Comprehension,LV,3.25,8,0.1637,2.9292,3.5708,N,N,08/2023,Analyst
41-2022.00,1.A.1.a.3,Oral Expression,IM,4.0,8,0.0,4.0,4.0,N,,08/2023,Analyst
41-2022.00,1.A.1.a.3,Oral Expression,LV,4.0,8,0.0,4.0,4.0,N,N,08/2023,Analyst
41-2022.00,1.A.1.a.4,Written Expression,IM,3.38,8,0.183,3.0164,3.7336,N,,08/2023,Analyst
41-2022.00,1.A.1.a.4,Written Expression,LV,2.88,8,0.125,2.63,3.12,N,N,08/2023,Analyst
41-2022.00,1.A.1.b.1,Fluency of Ideas,IM,2.75,8,0.1637,2.4292,3.0708,N,,08/2023,Analyst
41-2022.00,1.A.1.b.1,Fluency of Ideas,LV,2.75,8,0.1637,2.4292,3.0708,N,N,08/2023,Analyst
41-2022.00,1.A.1.b.2,Originality,IM,2.75,8,0.1637,2.4292,3.0708,N,,08/2023,Analyst
41-2022.00,1.A.1.b.2,Originality,LV,2.5,8,0.189,2.1296,2.8704,N,N,08/2023,Analyst
41-2022.00,1.A.1.b.3,Problem Sensitivity,IM,3.25,8,0.1637,2.9292,3.5708,N,,08/2023,Analyst
41-2022.00,1.A.1.b.3,Problem Sensitivity,LV,2.88,8,0.125,2.63,3.12,N,N,08/2023,Analyst
41-2022.00,1.A.1.b.4,Deductive Reasoning,IM,3.0,8,0.0,3.0,3.0,N,,08/2023,Analyst
41-2022.00,1.A.1.b.4,Deductive Reasoning,LV,3.0,8,0.0,3.0,3.0,N,N,08/2023,Analyst
41-2022.00,1.A.1.b.5,Inductive Reasoning,IM,3.25,8,0.1637,2.9292,3.5708,N,,08/2023,Analyst
41-2022.00,1.A.1.b.5,Inductive Reasoning,LV,3.0,8,0.0,3.0,3.0,N,N,08/2023,Analyst
41-2022.00,1.A.1.b.6,Information Ordering,IM,3.5,8,0.189,3.1296,3.8704,N,,08/2023,Analyst
41-2022.00,1.A.1.b.6,Information Ordering,LV,3.0,8,0.0,3.0,3.0,N,N,08/2023,Analyst
41-2022.00,1.A.1.b.7,Category Flexibility,IM,3.12,8,0.125,2.88,3.37,N,,08/2023,Analyst
41-2022.00,1.A.1.b.7,Category Flexibility,LV,3.12,8,0.125,2.88,3.37,N,N,08/2023,Analyst
41-2022.00,1.A.1.c.1,Mathematical Reasoning,IM,2.75,8,0.1637,2.4292,3.0708,N,,08/2023,Analyst
41-2022.00,1.A.1.c.1,Mathematical Reasoning,LV,2.25,8,0.1637,1.9292,2.5708,N,N,08/2023,Analyst
41-2022.00,1.A.1.c.2,Number Facility,IM,2.88,8,0.125,2.63,3.12,N,,08/2023,Analyst
41-2022.00,1.A.1.c.2,Number Facility,LV,2.75,8,0.1637,2.4292,3.0708,N,N,08/2023,Analyst
41-2022.00,1.A.1.d.1,Memorization,IM,2.62,8,0.183,2.2664,2.9836,N,,08/2023,Analyst
41-2022.00,1.A.1.d.1,Memorization,LV,2.88,8,0.125,2.63,3.12,N,N,08/2023,Analyst
41-2022.00,1.A.1.e.1,Speed of Closure,IM,2.88,8,0.125,2.63,3.12,N,,08/2023,Analyst
41-2022.00,1.A.1.e.1,Speed of Closure,LV,2.88,8,0.125,2.63,3.12,N,N,08/2023,Analyst
41-2022.00,1.A.1.e.2,Flexibility of Closure,IM,3.0,8,0.0,3.0,3.0,N,,08/2023,Analyst
41-2022.00,1.A.1.e.2,Flexibility of Closure,LV,2.88,8,0.125,2.63,3.12,N,N,08/2023,Analyst
41-2022.00,1.A.1.e.3,Perceptual Speed,IM,3.0,8,0.0,3.0,3.0,N,,08/2023,Analyst
41-2022.00,1.A.1.e.3,Perceptual Speed,LV,3.0,8,0.0,3.0,3.0,N,N,08/2023,Analyst
41-2022.00,1.A.1.f.1,Spatial Orientation,IM,1.88,8,0.125,1.63,2.12,N,,08/2023,Analyst
41-2022.00,1.A.1.f.1,Spatial Orientation,LV,1.12,8,0.2266,0.6809,1.5691,N,N,08/2023,Analyst
41-2022.00,1.A.1.f.2,Visualization,IM,2.75,8,0.1637,2.4292,3.0708,N,,08/2023,Analyst
41-2022.00,1.A.1.f.2,Visualization,LV,2.88,8,0.2266,2.4309,3.3191,N,N,08/2023,Analyst
41-2022.00,1.A.1.g.1,Selective Attention,IM,3.0,8,0.0,3.0,3.0,N,,08/2023,Analyst
41-2022.00,1.A.1.g.1,Selective Attention,LV,3.0,8,0.0,3.0,3.0,N,N,08/2023,Analyst
41-2022.00,1.A.1.g.2,Time Sharing,IM,2.75,8,0.1637,2.4292,3.0708,N,,08/2023,Analyst
41-2022.00,1.A.1.g.2,Time Sharing,LV,2.75,8,0.1637,2.4292,3.0708,N,N,08/2023,Analyst
41-2022.00,1.A.2.a.1,Arm-Hand Steadiness,IM,2.88,8,0.125,2.63,3.12,N,,08/2023,Analyst
41-2022.00,1.A.2.a.1,Arm-Hand Steadiness,LV,2.88,8,0.125,2.63,3.12,N,N,08/2023,Analyst
41-2022.00,1.A.2.a.2,Manual Dexterity,IM,2.88,8,0.125,2.63,3.12,N,,08/2023,Analyst
41-2022.00,1.A.2.a.2,Manual Dexterity,LV,2.38,8,0.183,2.0164,2.7336,N,N,08/2023,Analyst
41-2022.00,1.A.2.a.3,Finger Dexterity,IM,3.0,8,0.0,3.0,3.0,N,,08/2023,Analyst
41-2022.00,1.A.2.a.3,Finger Dexterity,LV,2.88,8,0.125,2.63,3.12,N,N,08/2023,Analyst
41-2022.00,1.A.2.b.1,Control Precision,IM,2.12,8,0.125,1.88,2.37,N,,08/2023,Analyst
41-2022.00,1.A.2.b.1,Control Precision,LV,2.12,8,0.125,1.88,2.37,N,N,08/2023,Analyst
41-2022.00,1.A.2.b.2,Multilimb Coordination,IM,2.75,8,0.1637,2.4292,3.0708,N,,08/2023,Analyst
41-2022.00,1.A.2.b.2,Multilimb Coordination,LV,2.0,8,0.0,2.0,2.0,N,N,08/2023,Analyst
41-2022.00,1.A.2.b.3,Response Orientation,IM,1.88,8,0.125,1.63,2.12,N,,08/2023,Analyst
41-2022.00,1.A.2.b.3,Response Orientation,LV,1.25,8,0.25,0.76,1.74,N,N,08/2023,Analyst
41-2022.00,1.A.2.b.4,Rate Control,IM,1.75,8,0.1637,1.4292,2.0708,N,,08/2023,Analyst
41-2022.00,1.A.2.b.4,Rate Control,LV,0.88,8,0.2266,0.4309,1.3191,N,N,08/2023,Analyst
41-2022.00,1.A.2.c.1,Reaction Time,IM,1.75,8,0.1637,1.4292,2.0708,N,,08/2023,Analyst
41-2022.00,1.A.2.c.1,Reaction Time,LV,1.12,8,0.295,0.5467,1.7033,N,N,08/2023,Analyst
41-2022.00,1.A.2.c.2,Wrist-Finger Speed,IM,1.75,8,0.1637,1.4292,2.0708,N,,08/2023,Analyst
41-2022.00,1.A.2.c.2,Wrist-Finger Speed,LV,1.12,8,0.295,0.5467,1.7033,N,N,08/2023,Analyst
41-2022.00,1.A.2.c.3,Speed of Limb Movement,IM,1.12,8,0.125,1.0,1.37,N,,08/2023,Analyst
41-2022.00,1.A.2.c.3,Speed of Limb Movement,LV,0.12,8,0.125,0.0,0.37,N,Y,08/2023,Analyst
41-2022.00,1.A.3.a.1,Static Strength,IM,2.62,8,0.183,2.2664,2.9836,N,,08/2023,Analyst
41-2022.00,1.A.3.a.1,Static Strength,LV,2.5,8,0.189,2.1296,2.8704,N,N,08/2023,Analyst
41-2022.00,1.A.3.a.2,Explosive Strength,IM,1.62,8,0.183,1.2664,1.9836,N,,08/2023,Analyst
41-2022.00,1.A.3.a.2,Explosive Strength,LV,0.62,8,0.183,0.2664,0.9836,N,N,08/2023,Analyst
41-2022.00,1.A.3.a.3,Dynamic Strength,IM,1.88,8,0.125,1.63,2.12,N,,08/2023,Analyst
41-2022.00,1.A.3.a.3,Dynamic Strength,LV,1.62,8,0.2631,1.1094,2.1406,N,N,08/2023,Analyst
41-2022.00,1.A.3.a.4,Trunk Strength,IM,2.75,8,0.1637,2.4292,3.0708,N,,08/2023,Analyst
41-2022.00,1.A.3.a.4,Trunk Strength,LV,2.75,8,0.1637,2.4292,3.0708,N,N,08/2023,Analyst
41-2022.00,1.A.3.b.1,Stamina,IM,2.0,8,0.0,2.0,2.0,N,,08/2023,Analyst
41-2022.00,1.A.3.b.1,Stamina,LV,1.88,8,0.125,1.63,2.12,N,N,08/2023,Analyst
41-2022.00,1.A.3.c.1,Extent Flexibility,IM,2.25,8,0.1637,1.9292,2.5708,N,,08/2023,Analyst
41-2022.00,1.A.3.c.1,Extent Flexibility,LV,2.5,8,0.189,2.1296,2.8704,N,N,08/2023,Analyst
41-2022.00,1.A.3.c.2,Dynamic Flexibility,IM,1.0,8,0.0,1.0,1.0,N,,08/2023,Analyst
41-2022.00,1.A.3.c.2,Dynamic Flexibility,LV,0.0,8,0.0,0.0,0.0,N,Y,08/2023,Analyst
41-2022.00,1.A.3.c.3,Gross Body Coordination,IM,2.0,8,0.0,2.0,2.0,N,,08/2023,Analyst
41-2022.00,1.A.3.c.3,Gross Body Coordination,LV,1.88,8,0.125,1.63,2.12,N,N,08/2023,Analyst
41-2022.00,1.A.3.c.4,Gross Body Equilibrium,IM,1.88,8,0.125,1.63,2.12,N,,08/2023,Analyst
41-2022.00,1.A.3.c.4,Gross Body Equilibrium,LV,1.75,8,0.25,1.26,2.24,N,N,08/2023,Analyst
41-2022.00,1.A.4.a.1,Near Vision,IM,3.88,8,0.125,3.63,4.12,N,,08/2023,Analyst
41-2022.00,1.A.4.a.1,Near Vision,LV,3.88,8,0.125,3.63,4.12,N,N,08/2023,Analyst
41-2022.00,1.A.4.a.2,Far Vision,IM,2.88,8,0.125,2.63,3.12,N,,08/2023,Analyst
41-2022.00,1.A.4.a.2,Far Vision,LV,3.0,8,0.0,3.0,3.0,N,N,08/2023,Analyst
41-2022.00,1.A.4.a.3,Visual Color Discrimination,IM,2.75,8,0.1637,2.4292,3.0708,N,,08/2023,Analyst
41-2022.00,1.A.4.a.3,Visual Color Discrimination,LV,2.88,8,0.125,2.63,3.12,N,N,08/2023,Analyst
41-2022.00,1.A.4.a.4,Night Vision,IM,1.5,8,0.189,1.1296,1.8704,N,,08/2023,Analyst
41-2022.00,1.A.4.a.4,Night Vision,LV,0.62,8,0.2631,0.1094,1.1406,N,N,08/2023,Analyst
41-2022.00,1.A.4.a.5,Peripheral Vision,IM,1.62,8,0.183,1.2664,1.9836,N,,08/2023,Analyst
41-2022.00,1.A.4.a.5,Peripheral Vision,LV,0.75,8,0.25,0.26,1.24,N,N,08/2023,Analyst
41-2022.00,1.A.4.a.6,Depth Perception,IM,1.75,8,0.1637,1.4292,2.0708,N,,08/2023,Analyst
41-2022.00,1.A.4.a.6,Depth Perception,LV,1.12,8,0.295,0.5467,1.7033,N,N,08/2023,Analyst
41-2022.00,1.A.4.a.7,Glare Sensitivity,IM,1.75,8,0.1637,1.4292,2.0708,N,,08/2023,Analyst
41-2022.00,1.A.4.a.7,Glare Sensitivity,LV,1.0,8,0.2673,0.4762,1.5238,N,N,08/2023,Analyst
41-2022.00,1.A.4.b.1,Hearing Sensitivity,IM,2.12,8,0.125,1.88,2.37,N,,08/2023,Analyst
41-2022.00,1.A.4.b.1,Hearing Sensitivity,LV,2.12,8,0.125,1.88,2.37,N,N,08/2023,Analyst
41-2022.00,1.A.4.b.2,Auditory Attention,IM,2.62,8,0.183,2.2664,2.9836,N,,08/2023,Analyst
41-2022.00,1.A.4.b.2,Auditory Attention,LV,2.25,8,0.1637,1.9292,2.5708,N,N,08/2023,Analyst
41-2022.00,1.A.4.b.3,Sound Localization,IM,1.62,8,0.183,1.2664,1.9836,N,,08/2023,Analyst
41-2022.00,1.A.4.b.3,Sound Localization,LV,0.75,8,0.25,0.26,1.24,N,N,08/2023,Analyst
41-2022.00,1.A.4.b.4,Speech Recognition,IM,3.75,8,0.1637,3.4292,4.0708,N,,08/2023,Analyst
41-2022.00,1.A.4.b.4,Speech Recognition,LV,3.75,8,0.1637,3.4292,4.0708,N,N,08/2023,Analyst
41-2022.00,1.A.4.b.5,Speech Clarity,IM,3.62,8,0.183,3.2664,3.9836,N,,08/2023,Analyst
41-2022.00,1.A.4.b.5,Speech Clarity,LV,3.25,8,0.1637,2.9292,3.5708,N,N,08/2023,Analyst
41-2031.00,1.A.1.a.1,Oral Comprehension,IM,3.88,8,0.125,3.63,4.12,N,,08/2018,Analyst
41-2031.00,1.A.1.a.1,Oral Comprehension,LV,3.62,8,0.183,3.2664,3.9836,N,N,08/2018,Analyst
41-2031.00,1.A.1.a.2,Written Comprehension,IM,3.0,8,0.0,3.0,3.0,N,,08/2018,Analyst
41-2031.00,1.A.1.a.2,Written Comprehension,LV,3.0,8,0.0,3.0,3.0,N,N,08/2018,Analyst
41-2031.00,1.A.1.a.3,Oral Expression,IM,4.0,8,0.0,4.0,4.0,N,,08/2018,Analyst
41-2031.00,1.A.1.a.3,Oral Expression,LV,3.88,8,0.125,3.63,4.12,N,N,08/2018,Analyst
41-2031.00,1.A.1.a.4,Written Expression,IM,3.0,8,0.0,3.0,3.0,N,,08/2018,Analyst
41-2031.00,1.A.1.a.4,Written Expression,LV,3.0,8,0.0,3.0,3.0,N,N,08/2018,Analyst
41-2031.00,1.A.1.b.1,Fluency of Ideas,IM,2.88,8,0.125,2.63,3.12,N,,08/2018,Analyst
41-2031.00,1.A.1.b.1,Fluency of Ideas,LV,2.88,8,0.125,2.63,3.12,N,N,08/2018,Analyst
41-2031.00,1.A.1.b.2,Originality,IM,2.88,8,0.125,2.63,3.12,N,,08/2018,Analyst
41-2031.00,1.A.1.b.2,Originality,LV,2.62,8,0.183,2.2664,2.9836,N,N,08/2018,Analyst
41-2031.00,1.A.1.b.3,Problem Sensitivity,IM,3.12,8,0.125,2.88,3.37,N,,08/2018,Analyst
41-2031.00,1.A.1.b.3,Problem Sensitivity,LV,3.25,8,0.1637,2.9292,3.5708,N,N,08/2018,Analyst
41-2031.00,1.A.1.b.4,Deductive Reasoning,IM,2.88,8,0.125,2.63,3.12,N,,08/2018,Analyst
41-2031.00,1.A.1.b.4,Deductive Reasoning,LV,3.0,8,0.0,3.0,3.0,N,N,08/2018,Analyst
41-2031.00,1.A.1.b.5,Inductive Reasoning,IM,2.88,8,0.125,2.63,3.12,N,,08/2018,Analyst
41-2031.00,1.A.1.b.5,Inductive Reasoning,LV,2.88,8,0.125,2.63,3.12,N,N,08/2018,Analyst
41-2031.00,1.A.1.b.6,Information Ordering,IM,3.0,8,0.0,3.0,3.0,N,,08/2018,Analyst
41-2031.00,1.A.1.b.6,Information Ordering,LV,2.88,8,0.125,2.63,3.12,N,N,08/2018,Analyst
41-2031.00,1.A.1.b.7,Category Flexibility,IM,2.88,8,0.125,2.63,3.12,N,,08/2018,Analyst
41-2031.00,1.A.1.b.7,Category Flexibility,LV,2.88,8,0.125,2.63,3.12,N,N,08/2018,Analyst
41-2031.00,1.A.1.c.1,Mathematical Reasoning,IM,2.62,8,0.183,2.2664,2.9836,N,,08/2018,Analyst
41-2031.00,1.A.1.c.1,Mathematical Reasoning,LV,2.25,8,0.1637,1.9292,2.5708,N,N,08/2018,Analyst
41-2031.00,1.A.1.c.2,Number Facility,IM,2.62,8,0.183,2.2664,2.9836,N,,08/2018,Analyst
41-2031.00,1.A.1.c.2,Number Facility,LV,2.62,8,0.183,2.2664,2.9836,N,N,08/2018,Analyst
41-2031.00,1.A.1.d.1,Memorization,IM,2.75,8,0.1637,2.4292,3.0708,N,,08/2018,Analyst
41-2031.00,1.A.1.d.1,Memorization,LV,2.25,8,0.1637,1.9292,2.5708,N,N,08/2018,Analyst
41-2031.00,1.A.1.e.1,Speed of Closure,IM,2.12,8,0.125,1.88,2.37,N,,08/2018,Analyst
41-2031.00,1.A.1.e.1,Speed of Closure,LV,2.12,8,0.125,1.88,2.37,N,N,08/2018,Analyst
41-2031.00,1.A.1.e.2,Flexibility of Closure,IM,2.25,8,0.1637,1.9292,2.5708,N,,08/2018,Analyst
41-2031.00,1.A.1.e.2,Flexibility of Closure,LV,2.12,8,0.125,1.88,2.37,N,N,08/2018,Analyst
41-2031.00,1.A.1.e.3,Perceptual Speed,IM,2.5,8,0.189,2.1296,2.8704,N,,08/2018,Analyst
41-2031.00,1.A.1.e.3,Perceptual Speed,LV,2.12,8,0.125,1.88,2.37,N,N,08/2018,Analyst
41-2031.00,1.A.1.f.1,Spatial Orientation,IM,1.0,8,0.0,1.0,1.0,N,,08/2018,Analyst
41-2031.00,1.A.1.f.1,Spatial Orientation,LV,0.0,8,0.0,0.0,0.0,N,Y,08/2018,Analyst
41-2031.00,1.A.1.f.2,Visualization,IM,2.5,8,0.189,2.1296,2.8704,N,,08/2018,Analyst
41-2031.00,1.A.1.f.2,Visualization,LV,2.12,8,0.125,1.88,2.37,N,N,08/2018,Analyst
41-2031.00,1.A.1.g.1,Selective Attention,IM,2.88,8,0.125,2.63,3.12,N,,08/2018,Analyst
41-2031.00,1.A.1.g.1,Selective Attention,LV,2.62,8,0.183,2.2664,2.9836,N,N,08/2018,Analyst
41-2031.00,1.A.1.g.2,Time Sharing,IM,2.75,8,0.1637,2.4292,3.0708,N,,08/2018,Analyst
41-2031.00,1.A.1.g.2,Time Sharing,LV,2.5,8,0.189,2.1296,2.8704,N,N,08/2018,Analyst
41-2031.00,1.A.2.a.1,Arm-Hand Steadiness,IM,2.25,8,0.1637,1.9292,2.5708,N,,08/2018,Analyst
41-2031.00,1.A.2.a.1,Arm-Hand Steadiness,LV,2.0,8,0.0,2.0,2.0,N,N,08/2018,Analyst
41-2031.00,1.A.2.a.2,Manual Dexterity,IM,2.0,8,0.0,2.0,2.0,N,,08/2018,Analyst
41-2031.00,1.A.2.a.2,Manual Dexterity,LV,1.88,8,0.125,1.63,2.12,N,N,08/2018,Analyst
41-2031.00,1.A.2.a.3,Finger Dexterity,IM,2.38,8,0.183,2.0164,2.7336,N,,08/2018,Analyst
41-2031.00,1.A.2.a.3,Finger Dexterity,LV,2.25,8,0.1637,1.9292,2.5708,N,N,08/2018,Analyst
41-2031.00,1.A.2.b.1,Control Precision,IM,2.0,8,0.0,2.0,2.0,N,,08/2018,Analyst
41-2031.00,1.A.2.b.1,Control Precision,LV,2.0,8,0.0,2.0,2.0,N,N,08/2018,Analyst
41-2031.00,1.A.2.b.2,Multilimb Coordination,IM,2.0,8,0.0,2.0,2.0,N,,08/2018,Analyst
41-2031.00,1.A.2.b.2,Multilimb Coordination,LV,1.75,8,0.1637,1.4292,2.0708,N,N,08/2018,Analyst
41-2031.00,1.A.2.b.3,Response Orientation,IM,1.0,8,0.0,1.0,1.0,N,,08/2018,Analyst
41-2031.00,1.A.2.b.3,Response Orientation,LV,0.0,8,0.0,0.0,0.0,N,Y,08/2018,Analyst
41-2031.00,1.A.2.b.4,Rate Control,IM,1.38,8,0.183,1.0164,1.7336,N,,08/2018,Analyst
41-2031.00,1.A.2.b.4,Rate Control,LV,0.38,8,0.183,0.0164,0.7336,N,N,08/2018,Analyst
41-2031.00,1.A.2.c.1,Reaction Time,IM,1.5,8,0.189,1.1296,1.8704,N,,08/2018,Analyst
41-2031.00,1.A.2.c.1,Reaction Time,LV,0.5,8,0.189,0.1296,0.8704,N,N,08/2018,Analyst
41-2031.00,1.A.2.c.2,Wrist-Finger Speed,IM,1.38,8,0.183,1.0164,1.7336,N,,08/2018,Analyst
41-2031.00,1.A.2.c.2,Wrist-Finger Speed,LV,0.38,8,0.183,0.0164,0.7336,N,N,08/2018,Analyst
41-2031.00,1.A.2.c.3,Speed of Limb Movement,IM,1.5,8,0.189,1.1296,1.8704,N,,08/2018,Analyst
41-2031.00,1.A.2.c.3,Speed of Limb Movement,LV,0.5,8,0.189,0.1296,0.8704,N,N,08/2018,Analyst
41-2031.00,1.A.3.a.1,Static Strength,IM,1.88,8,0.125,1.63,2.12,N,,08/2018,Analyst
41-2031.00,1.A.3.a.1,Static Strength,LV,1.75,8,0.25,1.26,2.24,N,N,08/2018,Analyst
41-2031.00,1.A.3.a.2,Explosive Strength,IM,1.5,8,0.189,1.1296,1.8704,N,,08/2018,Analyst
41-2031.00,1.A.3.a.2,Explosive Strength,LV,0.75,8,0.3134,0.1358,1.3642,N,N,08/2018,Analyst
41-2031.00,1.A.3.a.3,Dynamic Strength,IM,1.88,8,0.125,1.63,2.12,N,,08/2018,Analyst
41-2031.00,1.A.3.a.3,Dynamic Strength,LV,1.12,8,0.2266,0.6809,1.5691,N,N,08/2018,Analyst
41-2031.00,1.A.3.a.4,Trunk Strength,IM,2.5,8,0.189,2.1296,2.8704,N,,08/2018,Analyst
41-2031.00,1.A.3.a.4,Trunk Strength,LV,2.75,8,0.1637,2.4292,3.0708,N,N,08/2018,Analyst
41-2031.00,1.A.3.b.1,Stamina,IM,2.0,8,0.0,2.0,2.0,N,,08/2018,Analyst
41-2031.00,1.A.3.b.1,Stamina,LV,1.75,8,0.1637,1.4292,2.0708,N,N,08/2018,Analyst
41-2031.00,1.A.3.c.1,Extent Flexibility,IM,1.88,8,0.125,1.63,2.12,N,,08/2018,Analyst
41-2031.00,1.A.3.c.1,Extent Flexibility,LV,1.62,8,0.2631,1.1094,2.1406,N,N,08/2018,Analyst
41-2031.00,1.A.3.c.2,Dynamic Flexibility,IM,1.0,8,0.0,1.0,1.0,N,,08/2018,Analyst
41-2031.00,1.A.3.c.2,Dynamic Flexibility,LV,0.0,8,0.0,0.0,0.0,N,Y,08/2018,Analyst
41-2031.00,1.A.3.c.3,Gross Body Coordination,IM,2.0,8,0.0,2.0,2.0,N,,08/2018,Analyst
41-2031.00,1.A.3.c.3,Gross Body Coordination,LV,1.75,8,0.1637,1.4292,2.0708,N,N,08/2018,Analyst
41-2031.00,1.A.3.c.4,Gross Body Equilibrium,IM,2.0,8,0.0,2.0,2.0,N,,08/2018,Analyst
41-2031.00,1.A.3.c.4,Gross Body Equilibrium,LV,1.38,8,0.183,1.0164,1.7336,N,N,08/2018,Analyst
41-2031.00,1.A.4.a.1,Near Vision,IM,3.0,8,0.189,2.6296,3.3704,N,,08/2018,Analyst
41-2031.00,1.A.4.a.1,Near Vision,LV,3.0,8,0.0,3.0,3.0,N,N,08/2018,Analyst
41-2031.00,1.A.4.a.2,Far Vision,IM,2.38,8,0.183,2.0164,2.7336,N,,08/2018,Analyst
41-2031.00,1.A.4.a.2,Far Vision,LV,2.38,8,0.183,2.0164,2.7336,N,N,08/2018,Analyst
41-2031.00,1.A.4.a.3,Visual Color Discrimination,IM,2.12,8,0.125,1.88,2.37,N,,08/2018,Analyst
41-2031.00,1.A.4.a.3,Visual Color Discrimination,LV,2.0,8,0.0,2.0,2.0,N,N,08/2018,Analyst
41-2031.00,1.A.4.a.4,Night Vision,IM,1.0,8,0.0,1.0,1.0,N,,08/2018,Analyst
41-2031.00,1.A.4.a.4,Night Vision,LV,0.0,8,0.0,0.0,0.0,N,Y,08/2018,Analyst
41-2031.00,1.A.4.a.5,Peripheral Vision,IM,1.0,8,0.0,1.0,1.0,N,,08/2018,Analyst
41-2031.00,1.A.4.a.5,Peripheral Vision,LV,0.0,8,0.0,0.0,0.0,N,Y,08/2018,Analyst
41-2031.00,1.A.4.a.6,Depth Perception,IM,1.88,8,0.125,1.63,2.12,N,,08/2018,Analyst
41-2031.00,1.A.4.a.6,Depth Perception,LV,1.25,8,0.25,0.76,1.74,N,N,08/2018,Analyst
41-2031.00,1.A.4.a.7,Glare Sensitivity,IM,1.0,8,0.0,1.0,1.0,N,,08/2018,Analyst
41-2031.00,1.A.4.a.7,Glare Sensitivity,LV,0.0,8,0.0,0.0,0.0,N,Y,08/2018,Analyst
41-2031.00,1.A.4.b.1,Hearing Sensitivity,IM,2.0,8,0.0,2.0,2.0,N,,08/2018,Analyst
41-2031.00,1.A.4.b.1,Hearing Sensitivity,LV,1.75,8,0.1637,1.4292,2.0708,N,N,08/2018,Analyst
41-2031.00,1.A.4.b.2,Auditory Attention,IM,2.12,8,0.125,1.88,2.37,N,,08/2018,Analyst
41-2031.00,1.A.4.b.2,Auditory Attention,LV,2.12,8,0.2266,1.6809,2.5691,N,N,08/2018,Analyst
41-2031.00,1.A.4.b.3,Sound Localization,IM,1.0,8,0.0,1.0,1.0,N,,08/2018,Analyst
41-2031.00,1.A.4.b.3,Sound Localization,LV,0.0,8,0.0,0.0,0.0,N,Y,08/2018,Analyst
41-2031.00,1.A.4.b.4,Speech Recognition,IM,3.62,8,0.183,3.2664,3.9836,N,,08/2018,Analyst
41-2031.00,1.A.4.b.4,Speech Recognition,LV,3.62,8,0.183,3.2664,3.9836,N,N,08/2018,Analyst
41-2031.00,1.A.4.b.5,Speech Clarity,IM,3.62,8,0.183,3.2664,3.9836,N,,08/2018,Analyst
41-2031.00,1.A.4.b.5,Speech Clarity,LV,3.12,8,0.2266,2.6809,3.5691,N,N,08/2018,Analyst
41-3011.00,1.A.1.a.1,Oral Comprehension,IM,4.0,8,0.0,4.0,4.0,N,,08/2018,Analyst
41-3011.00,1.A.1.a.1,Oral Comprehension,LV,4.0,8,0.0,4.0,4.0,N,N,08/2018,Analyst
41-3011.00,1.A.1.a.2,Written Comprehension,IM,3.88,8,0.125,3.63,4.12,N,,08/2018,Analyst
41-3011.00,1.A.1.a.2,Written Comprehension,LV,3.88,8,0.125,3.63,4.12,N,N,08/2018,Analyst
41-3011.00,1.A.1.a.3,Oral Expression,IM,4.12,8,0.125,3.88,4.37,N,,08/2018,Analyst
41-3011.00,1.A.1.a.3,Oral Expression,LV,4.0,8,0.0,4.0,4.0,N,N,08/2018,Analyst
41-3011.00,1.A.1.a.4,Written Expression,IM,3.5,8,0.189,3.1296,3.8704,N,,08/2018,Analyst
41-3011.00,1.A.1.a.4,Written Expression,LV,3.75,8,0.1637,3.4292,4.0708,N,N,08/2018,Analyst
41-3011.00,1.A.1.b.1,Fluency of Ideas,IM,3.25,8,0.1637,2.9292,3.5708,N,,08/2018,Analyst
41-3011.00,1.A.1.b.1,Fluency of Ideas,LV,3.88,8,0.125,3.63,4.12,N,N,08/2018,Analyst
41-3011.00,1.A.1.b.2,Originality,IM,3.25,8,0.1637,2.9292,3.5708,N,,08/2018,Analyst
41-3011.00,1.A.1.b.2,Originality,LV,3.38,8,0.183,3.0164,3.7336,N,N,08/2018,Analyst
41-3011.00,1.A.1.b.3,Problem Sensitivity,IM,3.12,8,0.125,2.88,3.37,N,,08/2018,Analyst
41-3011.00,1.A.1.b.3,Problem Sensitivity,LV,3.12,8,0.125,2.88,3.37,N,N,08/2018,Analyst
41-3011.00,1.A.1.b.4,Deductive Reasoning,IM,3.12,8,0.125,2.88,3.37,N,,08/2018,Analyst
41-3011.00,1.A.1.b.4,Deductive Reasoning,LV,3.62,8,0.183,3.2664,3.9836,N,N,08/2018,Analyst
41-3011.00,1.A.1.b.5,Inductive Reasoning,IM,3.12,8,0.125,2.88,3.37,N,,08/2018,Analyst
41-3011.00,1.A.1.b.5,Inductive Reasoning,LV,3.25,8,0.1637,2.9292,3.5708,N,N,08/2018,Analyst
41-3011.00,1.A.1.b.6,Information Ordering,IM,3.0,8,0.0,3.0,3.0,N,,08/2018,Analyst
41-3011.00,1.A.1.b.6,Information Ordering,LV,3.38,8,0.183,3.0164,3.7336,N,N,08/2018,Analyst
41-3011.00,1.A.1.b.7,Category Flexibility,IM,3.0,8,0.0,3.0,3.0,N,,08/2018,Analyst
41-3011.00,1.A.1.b.7,Category Flexibility,LV,3.25,8,0.1637,2.9292,3.5708,N,N,08/2018,Analyst
41-3011.00,1.A.1.c.1,Mathematical Reasoning,IM,2.75,8,0.1637,2.4292,3.0708,N,,08/2018,Analyst
41-3011.00,1.A.1.c.1,Mathematical Reasoning,LV,2.88,8,0.125,2.63,3.12,N,N,08/2018,Analyst
41-3011.00,1.A.1.c.2,Number Facility,IM,2.75,8,0.1637,2.4292,3.0708,N,,08/2018,Analyst
41-3011.00,1.A.1.c.2,Number Facility,LV,2.88,8,0.125,2.63,3.12,N,N,08/2018,Analyst
41-3011.00,1.A.1.d.1,Memorization,IM,2.38,8,0.2631,1.8594,2.8906,N,,08/2018,Analyst
41-3011.00,1.A.1.d.1,Memorization,LV,3.0,8,0.189,2.6296,3.3704,N,N,08/2018,Analyst
41-3011.00,1.A.1.e.1,Speed of Closure,IM,2.75,8,0.1637,2.4292,3.0708,N,,08/2018,Analyst
41-3011.00,1.A.1.e.1,Speed of Closure,LV,2.62,8,0.183,2.2664,2.9836,N,N,08/2018,Analyst
41-3011.00,1.A.1.e.2,Flexibility of Closure,IM,2.88,8,0.125,2.63,3.12,N,,08/2018,Analyst
41-3011.00,1.A.1.e.2,Flexibility of Closure,LV,2.75,8,0.1637,2.4292,3.0708,N,N,08/2018,Analyst
41-3011.00,1.A.1.e.3,Perceptual Speed,IM,2.75,8,0.1637,2.4292,3.0708,N,,08/2018,Analyst
41-3011.00,1.A.1.e.3,Perceptual Speed,LV,2.62,8,0.183,2.2664,2.9836,N,N,08/2018,Analyst
41-3011.00,1.A.1.f.1,Spatial Orientation,IM,1.38,8,0.183,1.0164,1.7336,N,,08/2018,Analyst
41-3011.00,1.A.1.f.1,Spatial Orientation,LV,0.5,8,0.2673,0.0,1.0238,N,N,08/2018,Analyst
41-3011.00,1.A.1.f.2,Visualization,IM,2.88,8,0.125,2.63,3.12,N,,08/2018,Analyst
41-3011.00,1.A.1.f.2,Visualization,LV,2.88,8,0.125,2.63,3.12,N,N,08/2018,Analyst
41-3011.00,1.A.1.g.1,Selective Attention,IM,3.0,8,0.0,3.0,3.0,N,,08/2018,Analyst
41-3011.00,1.A.1.g.1,Selective Attention,LV,2.88,8,0.125,2.63,3.12,N,N,08/2018,Analyst
41-3011.00,1.A.1.g.2,Time Sharing,IM,2.88,8,0.125,2.63,3.12,N,,08/2018,Analyst
41-3011.00,1.A.1.g.2,Time Sharing,LV,2.88,8,0.125,2.63,3.12,N,N,08/2018,Analyst
41-3011.00,1.A.2.a.1,Arm-Hand Steadiness,IM,1.38,8,0.183,1.0164,1.7336,N,,08/2018,Analyst
41-3011.00,1.A.2.a.1,Arm-Hand Steadiness,LV,0.38,8,0.183,0.0164,0.7336,N,N,08/2018,Analyst
41-3011.00,1.A.2.a.2,Manual Dexterity,IM,1.0,8,0.0,1.0,1.0,N,,08/2018,Analyst
41-3011.00,1.A.2.a.2,Manual Dexterity,LV,0.0,8,0.0,0.0,0.0,N,Y,08/2018,Analyst
41-3011.00,1.A.2.a.3,Finger Dexterity,IM,1.62,8,0.183,1.2664,1.9836,N,,08/2018,Analyst
41-3011.00,1.A.2.a.3,Finger Dexterity,LV,1.12,8,0.3504,0.4383,1.8117,N,N,08/2018,Analyst
41-3011.00,1.A.2.b.1,Control Precision,IM,1.88,8,0.125,1.63,2.12,N,,08/2018,Analyst
41-3011.00,1.A.2.b.1,Control Precision,LV,1.38,8,0.2631,0.8594,1.8906,N,N,08/2018,Analyst
41-3011.00,1.A.2.b.2,Multilimb Coordination,IM,1.88,8,0.125,1.63,2.12,N,,08/2018,Analyst
41-3011.00,1.A.2.b.2,Multilimb Coordination,LV,0.88,8,0.125,0.63,1.12,N,N,08/2018,Analyst
41-3011.00,1.A.2.b.3,Response Orientation,IM,1.38,8,0.183,1.0164,1.7336,N,,08/2018,Analyst
41-3011.00,1.A.2.b.3,Response Orientation,LV,0.38,8,0.183,0.0164,0.7336,N,N,08/2018,Analyst
41-3011.00,1.A.2.b.4,Rate Control,IM,1.38,8,0.183,1.0164,1.7336,N,,08/2018,Analyst
41-3011.00,1.A.2.b.4,Rate Control,LV,0.38,8,0.183,0.0164,0.7336,N,N,08/2018,Analyst
41-3011.00,1.A.2.c.1,Reaction Time,IM,1.38,8,0.183,1.0164,1.7336,N,,08/2018,Analyst
41-3011.00,1.A.2.c.1,Reaction Time,LV,0.38,8,0.183,0.0164,0.7336,N,N,08/2018,Analyst
41-3011.00,1.A.2.c.2,Wrist-Finger Speed,IM,1.12,8,0.125,1.0,1.37,N,,08/2018,Analyst
41-3011.00,1.A.2.c.2,Wrist-Finger Speed,LV,0.25,8,0.25,0.0,0.74,N,Y,08/2018,Analyst
41-3011.00,1.A.2.c.3,Speed of Limb Movement,IM,1.0,8,0.0,1.0,1.0,N,,08/2018,Analyst
41-3011.00,1.A.2.c.3,Speed of Limb Movement,LV,0.0,8,0.0,0.0,0.0,N,Y,08/2018,Analyst
41-3011.00,1.A.3.a.1,Static Strength,IM,1.0,8,0.0,1.0,1.0,N,,08/2018,Analyst
41-3011.00,1.A.3.a.1,Static Strength,LV,0.0,8,0.0,0.0,0.0,N,Y,08/2018,Analyst
41-3011.00,1.A.3.a.2,Explosive Strength,IM,1.0,8,0.0,1.0,1.0,N,,08/2018,Analyst
41-3011.00,1.A.3.a.2,Explosive Strength,LV,0.0,8,0.0,0.0,0.0,N,Y,08/2018,Analyst
41-3011.00,1.A.3.a.3,Dynamic Strength,IM,1.0,8,0.0,1.0,1.0,N,,08/2018,Analyst
41-3011.00,1.A.3.a.3,Dynamic Strength,LV,0.0,8,0.0,0.0,0.0,N,Y,08/2018,Analyst
41-3011.00,1.A.3.a.4,Trunk Strength,IM,2.0,8,0.0,2.0,2.0,N,,08/2018,Analyst
41-3011.00,1.A.3.a.4,Trunk Strength,LV,2.0,8,0.0,2.0,2.0,N,N,08/2018,Analyst
41-3011.00,1.A.3.b.1,Stamina,IM,1.0,8,0.0,1.0,1.0,N,,08/2018,Analyst
41-3011.00,1.A.3.b.1,Stamina,LV,0.0,8,0.0,0.0,0.0,N,Y,08/2018,Analyst
41-3011.00,1.A.3.c.1,Extent Flexibility,IM,1.0,8,0.0,1.0,1.0,N,,08/2018,Analyst
41-3011.00,1.A.3.c.1,Extent Flexibility,LV,0.0,8,0.0,0.0,0.0,N,Y,08/2018,Analyst
41-3011.00,1.A.3.c.2,Dynamic Flexibility,IM,1.0,8,0.0,1.0,1.0,N,,08/2018,Analyst
41-3011.00,1.A.3.c.2,Dynamic Flexibility,LV,0.0,8,0.0,0.0,0.0,N,Y,08/2018,Analyst
41-3011.00,1.A.3.c.3,Gross Body Coordination,IM,1.0,8,0.0,1.0,1.0,N,,08/2018,Analyst
41-3011.00,1.A.3.c.3,Gross Body Coordination,LV,0.0,8,0.0,0.0,0.0,N,Y,08/2018,Analyst
41-3011.00,1.A.3.c.4,Gross Body Equilibrium,IM,1.0,8,0.0,1.0,1.0,N,,08/2018,Analyst
41-3011.00,1.A.3.c.4,Gross Body Equilibrium,LV,0.0,8,0.0,0.0,0.0,N,Y,08/2018,Analyst
41-3011.00,1.A.4.a.1,Near Vision,IM,3.38,8,0.183,3.0164,3.7336,N,,08/2018,Analyst
41-3011.00,1.A.4.a.1,Near Vision,LV,3.75,8,0.1637,3.4292,4.0708,N,N,08/2018,Analyst
41-3011.00,1.A.4.a.2,Far Vision,IM,2.75,8,0.1637,2.4292,3.0708,N,,08/2018,Analyst
41-3011.00,1.A.4.a.2,Far Vision,LV,2.75,8,0.1637,2.4292,3.0708,N,N,08/2018,Analyst
41-3011.00,1.A.4.a.3,Visual Color Discrimination,IM,2.5,8,0.189,2.1296,2.8704,N,,08/2018,Analyst
41-3011.00,1.A.4.a.3,Visual Color Discrimination,LV,2.62,8,0.183,2.2664,2.9836,N,N,08/2018,Analyst
41-3011.00,1.A.4.a.4,Night Vision,IM,1.25,8,0.1637,1.0,1.5708,N,,08/2018,Analyst
41-3011.00,1.A.4.a.4,Night Vision,LV,0.25,8,0.1637,0.0,0.5708,N,Y,08/2018,Analyst
41-3011.00,1.A.4.a.5,Peripheral Vision,IM,1.25,8,0.1637,1.0,1.5708,N,,08/2018,Analyst
41-3011.00,1.A.4.a.5,Peripheral Vision,LV,0.25,8,0.1637,0.0,0.5708,N,Y,08/2018,Analyst
41-3011.00,1.A.4.a.6,Depth Perception,IM,2.0,8,0.0,2.0,2.0,N,,08/2018,Analyst
41-3011.00,1.A.4.a.6,Depth Perception,LV,1.75,8,0.25,1.26,2.24,N,N,08/2018,Analyst
41-3011.00,1.A.4.a.7,Glare Sensitivity,IM,1.25,8,0.1637,1.0,1.5708,N,,08/2018,Analyst
41-3011.00,1.A.4.a.7,Glare Sensitivity,LV,0.25,8,0.1637,0.0,0.5708,N,Y,08/2018,Analyst
41-3011.00,1.A.4.b.1,Hearing Sensitivity,IM,2.0,8,0.0,2.0,2.0,N,,08/2018,Analyst
41-3011.00,1.A.4.b.1,Hearing Sensitivity,LV,1.75,8,0.1637,1.4292,2.0708,N,N,08/2018,Analyst
41-3011.00,1.A.4.b.2,Auditory Attention,IM,2.0,8,0.0,2.0,2.0,N,,08/2018,Analyst
41-3011.00,1.A.4.b.2,Auditory Attention,LV,1.88,8,0.125,1.63,2.12,N,N,08/2018,Analyst
41-3011.00,1.A.4.b.3,Sound Localization,IM,1.5,8,0.189,1.1296,1.8704,N,,08/2018,Analyst
41-3011.00,1.A.4.b.3,Sound Localization,LV,0.5,8,0.189,0.1296,0.8704,N,N,08/2018,Analyst
41-3011.00,1.A.4.b.4,Speech Recognition,IM,4.0,8,0.0,4.0,4.0,N,,08/2018,Analyst
41-3011.00,1.A.4.b.4,Speech Recognition,LV,4.0,8,0.0,4.0,4.0,N,N,08/2018,Analyst
41-3011.00,1.A.4.b.5,Speech Clarity,IM,4.12,8,0.125,3.88,4.37,N,,08/2018,Analyst
41-3011.00,1.A.4.b.5,Speech Clarity,LV,4.0,8,0.0,4.0,4.0,N,N,08/2018,Analyst
41-3021.00,1.A.1.a.1,Oral Comprehension,IM,4.0,8,0.0,4.0,4.0,N,,08/2018,Analyst
41-3021.00,1.A.1.a.1,Oral Comprehension,LV,4.12,8,0.125,3.88,4.37,N,N,08/2018,Analyst
41-3021.00,1.A.1.a.2,Written Comprehension,IM,4.0,8,0.0,4.0,4.0,N,,08/2018,Analyst
41-3021.00,1.A.1.a.2,Written Comprehension,LV,4.0,8,0.0,4.0,4.0,N,N,08/2018,Analyst
41-3021.00,1.A.1.a.3,Oral Expression,IM,4.0,8,0.0,4.0,4.0,N,,08/2018,Analyst
41-3021.00,1.A.1.a.3,Oral Expression,LV,4.12,8,0.125,3.88,4.37,N,N,08/2018,Analyst
41-3021.00,1.A.1.a.4,Written Expression,IM,3.62,8,0.183,3.2664,3.9836,N,,08/2018,Analyst
41-3021.00,1.A.1.a.4,Written Expression,LV,3.75,8,0.1637,3.4292,4.0708,N,N,08/2018,Analyst
41-3021.00,1.A.1.b.1,Fluency of Ideas,IM,2.88,8,0.125,2.63,3.12,N,,08/2018,Analyst
41-3021.00,1.A.1.b.1,Fluency of Ideas,LV,3.0,8,0.0,3.0,3.0,N,N,08/2018,Analyst
41-3021.00,1.A.1.b.2,Originality,IM,2.75,8,0.1637,2.4292,3.0708,N,,08/2018,Analyst
41-3021.00,1.A.1.b.2,Originality,LV,3.0,8,0.0,3.0,3.0,N,N,08/2018,Analyst
41-3021.00,1.A.1.b.3,Problem Sensitivity,IM,3.25,8,0.1637,2.9292,3.5708,N,,08/2018,Analyst
41-3021.00,1.A.1.b.3,Problem Sensitivity,LV,3.5,8,0.189,3.1296,3.8704,N,N,08/2018,Analyst
41-3021.00,1.A.1.b.4,Deductive Reasoning,IM,3.25,8,0.1637,2.9292,3.5708,N,,08/2018,Analyst
41-3021.00,1.A.1.b.4,Deductive Reasoning,LV,3.62,8,0.183,3.2664,3.9836,N,N,08/2018,Analyst
41-3021.00,1.A.1.b.5,Inductive Reasoning,IM,3.12,8,0.125,2.88,3.37,N,,08/2018,Analyst
41-3021.00,1.A.1.b.5,Inductive Reasoning,LV,3.25,8,0.1637,2.9292,3.5708,N,N,08/2018,Analyst
41-3021.00,1.A.1.b.6,Information Ordering,IM,3.12,8,0.125,2.88,3.37,N,,08/2018,Analyst
41-3021.00,1.A.1.b.6,Information Ordering,LV,3.0,8,0.0,3.0,3.0,N,N,08/2018,Analyst
41-3021.00,1.A.1.b.7,Category Flexibility,IM,3.12,8,0.125,2.88,3.37,N,,08/2018,Analyst
41-3021.00,1.A.1.b.7,Category Flexibility,LV,3.25,8,0.1637,2.9292,3.5708,N,N,08/2018,Analyst
41-3021.00,1.A.1.c.1,Mathematical Reasoning,IM,3.12,8,0.125,2.88,3.37,N,,08/2018,Analyst
41-3021.00,1.A.1.c.1,Mathematical Reasoning,LV,3.0,8,0.0,3.0,3.0,N,N,08/2018,Analyst
41-3021.00,1.A.1.c.2,Number Facility,IM,3.0,8,0.0,3.0,3.0,N,,08/2018,Analyst
41-3021.00,1.A.1.c.2,Number Facility,LV,3.0,8,0.0,3.0,3.0,N,N,08/2018,Analyst
41-3021.00,1.A.1.d.1,Memorization,IM,2.25,8,0.1637,1.9292,2.5708,N,,08/2018,Analyst
41-3021.00,1.A.1.d.1,Memorization,LV,2.5,8,0.189,2.1296,2.8704,N,N,08/2018,Analyst
41-3021.00,1.A.1.e.1,Speed of Closure,IM,2.5,8,0.189,2.1296,2.8704,N,,08/2018,Analyst
41-3021.00,1.A.1.e.1,Speed of Closure,LV,2.12,8,0.125,1.88,2.37,N,N,08/2018,Analyst
41-3021.00,1.A.1.e.2,Flexibility of Closure,IM,2.88,8,0.125,2.63,3.12,N,,08/2018,Analyst
41-3021.00,1.A.1.e.2,Flexibility of Closure,LV,2.75,8,0.1637,2.4292,3.0708,N,N,08/2018,Analyst
41-3021.00,1.A.1.e.3,Perceptual Speed,IM,2.62,8,0.183,2.2664,2.9836,N,,08/2018,Analyst
41-3021.00,1.A.1.e.3,Perceptual Speed,LV,2.25,8,0.1637,1.9292,2.5708,N,N,08/2018,Analyst
41-3021.00,1.A.1.f.1,Spatial Orientation,IM,1.0,8,0.0,1.0,1.0,N,,08/2018,Analyst
41-3021.00,1.A.1.f.1,Spatial Orientation,LV,0.0,8,0.0,0.0,0.0,N,Y,08/2018,Analyst
41-3021.00,1.A.1.f.2,Visualization,IM,2.0,8,0.189,1.6296,2.3704,N,,08/2018,Analyst
41-3021.00,1.A.1.f.2,Visualization,LV,1.75,8,0.25,1.26,2.24,N,N,08/2018,Analyst
41-3021.00,1.A.1.g.1,Selective Attention,IM,2.75,8,0.1637,2.4292,3.0708,N,,08/2018,Analyst
41-3021.00,1.A.1.g.1,Selective Attention,LV,2.5,8,0.189,2.1296,2.8704,N,N,08/2018,Analyst
41-3021.00,1.A.1.g.2,Time Sharing,IM,2.62,8,0.183,2.2664,2.9836,N,,08/2018,Analyst
41-3021.00,1.A.1.g.2,Time Sharing,LV,2.38,8,0.183,2.0164,2.7336,N,N,08/2018,Analyst
41-3021.00,1.A.2.a.1,Arm-Hand Steadiness,IM,1.0,8,0.0,1.0,1.0,N,,08/2018,Analyst
41-3021.00,1.A.2.a.1,Arm-Hand Steadiness,LV,0.0,8,0.0,0.0,0.0,N,Y,08/2018,Analyst
41-3021.00,1.A.2.a.2,Manual Dexterity,IM,1.0,8,0.0,1.0,1.0,N,,08/2018,Analyst
41-3021.00,1.A.2.a.2,Manual Dexterity,LV,0.0,8,0.0,0.0,0.0,N,Y,08/2018,Analyst
41-3021.00,1.A.2.a.3,Finger Dexterity,IM,1.75,8,0.1637,1.4292,2.0708,N,,08/2018,Analyst
41-3021.00,1.A.2.a.3,Finger Dexterity,LV,1.12,8,0.295,0.5467,1.7033,N,N,08/2018,Analyst
41-3021.00,1.A.2.b.1,Control Precision,IM,1.5,8,0.189,1.1296,1.8704,N,,08/2018,Analyst
41-3021.00,1.A.2.b.1,Control Precision,LV,0.5,8,0.189,0.1296,0.8704,N,N,08/2018,Analyst
41-3021.00,1.A.2.b.2,Multilimb Coordination,IM,1.38,8,0.183,1.0164,1.7336,N,,08/2018,Analyst
41-3021.00,1.A.2.b.2,Multilimb Coordination,LV,0.38,8,0.183,0.0164,0.7336,N,N,08/2018,Analyst
41-3021.00,1.A.2.b.3,Response Orientation,IM,1.0,8,0.0,1.0,1.0,N,,08/2018,Analyst
41-3021.00,1.A.2.b.3,Response Orientation,LV,0.0,8,0.0,0.0,0.0,N,Y,08/2018,Analyst
41-3021.00,1.A.2.b.4,Rate Control,IM,1.0,8,0.0,1.0,1.0,N,,08/2018,Analyst
41-3021.00,1.A.2.b.4,Rate Control,LV,0.0,8,0.0,0.0,0.0,N,Y,08/2018,Analyst
41-3021.00,1.A.2.c.1,Reaction Time,IM,1.0,8,0.0,1.0,1.0,N,,08/2018,Analyst
41-3021.00,1.A.2.c.1,Reaction Time,LV,0.0,8,0.0,0.0,0.0,N,Y,08/2018,Analyst
41-3021.00,1.A.2.c.2,Wrist-Finger Speed,IM,1.5,8,0.189,1.1296,1.8704,N,,08/2018,Analyst
41-3021.00,1.A.2.c.2,Wrist-Finger Speed,LV,0.5,8,0.189,0.1296,0.8704,N,N,08/2018,Analyst
41-3021.00,1.A.2.c.3,Speed of Limb Movement,IM,1.0,8,0.0,1.0,1.0,N,,08/2018,Analyst
41-3021.00,1.A.2.c.3,Speed of Limb Movement,LV,0.0,8,0.0,0.0,0.0,N,Y,08/2018,Analyst
41-3021.00,1.A.3.a.1,Static Strength,IM,1.0,8,0.0,1.0,1.0,N,,08/2018,Analyst
41-3021.00,1.A.3.a.1,Static Strength,LV,0.0,8,0.0,0.0,0.0,N,Y,08/2018,Analyst
41-3021.00,1.A.3.a.2,Explosive Strength,IM,1.0,8,0.0,1.0,1.0,N,,08/2018,Analyst
41-3021.00,1.A.3.a.2,Explosive Strength,LV,0.0,8,0.0,0.0,0.0,N,Y,08/2018,Analyst
41-3021.00,1.A.3.a.3,Dynamic Strength,IM,1.0,8,0.0,1.0,1.0,N,,08/2018,Analyst
41-3021.00,1.A.3.a.3,Dynamic Strength,LV,0.0,8,0.0,0.0,0.0,N,Y,08/2018,Analyst
41-3021.00,1.A.3.a.4,Trunk Strength,IM,1.75,8,0.1637,1.4292,2.0708,N,,08/2018,Analyst
41-3021.00,1.A.3.a.4,Trunk Strength,LV,1.25,8,0.3134,0.6358,1.8642,N,N,08/2018,Analyst
41-3021.00,1.A.3.b.1,Stamina,IM,1.0,8,0.0,1.0,1.0,N,,08/2018,Analyst
41-3021.00,1.A.3.b.1,Stamina,LV,0.0,8,0.0,0.0,0.0,N,Y,08/2018,Analyst
41-3021.00,1.A.3.c.1,Extent Flexibility,IM,1.0,8,0.0,1.0,1.0,N,,08/2018,Analyst
41-3021.00,1.A.3.c.1,Extent Flexibility,LV,0.0,8,0.0,0.0,0.0,N,Y,08/2018,Analyst
41-3021.00,1.A.3.c.2,Dynamic Flexibility,IM,1.0,8,0.0,1.0,1.0,N,,08/2018,Analyst
41-3021.00,1.A.3.c.2,Dynamic Flexibility,LV,0.0,8,0.0,0.0,0.0,N,Y,08/2018,Analyst
41-3021.00,1.A.3.c.3,Gross Body Coordination,IM,1.0,8,0.0,1.0,1.0,N,,08/2018,Analyst
41-3021.00,1.A.3.c.3,Gross Body Coordination,LV,0.0,8,0.0,0.0,0.0,N,Y,08/2018,Analyst
41-3021.00,1.A.3.c.4,Gross Body Equilibrium,IM,1.0,8,0.0,1.0,1.0,N,,08/2018,Analyst
41-3021.00,1.A.3.c.4,Gross Body Equilibrium,LV,0.0,8,0.0,0.0,0.0,N,Y,08/2018,Analyst
41-3021.00,1.A.4.a.1,Near Vision,IM,3.5,8,0.189,3.1296,3.8704,N,,08/2018,Analyst
41-3021.00,1.A.4.a.1,Near Vision,LV,3.62,8,0.183,3.2664,3.9836,N,N,08/2018,Analyst
41-3021.00,1.A.4.a.2,Far Vision,IM,2.38,8,0.183,2.0164,2.7336,N,,08/2018,Analyst
41-3021.00,1.A.4.a.2,Far Vision,LV,2.38,8,0.183,2.0164,2.7336,N,N,08/2018,Analyst
41-3021.00,1.A.4.a.3,Visual Color Discrimination,IM,1.75,8,0.1637,1.4292,2.0708,N,,08/2018,Analyst
41-3021.00,1.A.4.a.3,Visual Color Discrimination,LV,1.38,8,0.3239,0.7402,2.0098,N,N,08/2018,Analyst
41-3021.00,1.A.4.a.4,Night Vision,IM,1.0,8,0.0,1.0,1.0,N,,08/2018,Analyst
41-3021.00,1.A.4.a.4,Night Vision,LV,0.0,8,0.0,0.0,0.0,N,Y,08/2018,Analyst
41-3021.00,1.A.4.a.5,Peripheral Vision,IM,1.0,8,0.0,1.0,1.0,N,,08/2018,Analyst
41-3021.00,1.A.4.a.5,Peripheral Vision,LV,0.0,8,0.0,0.0,0.0,N,Y,08/2018,Analyst
41-3021.00,1.A.4.a.6,Depth Perception,IM,1.38,8,0.183,1.0164,1.7336,N,,08/2018,Analyst
41-3021.00,1.A.4.a.6,Depth Perception,LV,0.38,8,0.183,0.0164,0.7336,N,N,08/2018,Analyst
41-3021.00,1.A.4.a.7,Glare Sensitivity,IM,1.0,8,0.0,1.0,1.0,N,,08/2018,Analyst
41-3021.00,1.A.4.a.7,Glare Sensitivity,LV,0.0,8,0.0,0.0,0.0,N,Y,08/2018,Analyst
41-3021.00,1.A.4.b.1,Hearing Sensitivity,IM,1.75,8,0.1637,1.4292,2.0708,N,,08/2018,Analyst
41-3021.00,1.A.4.b.1,Hearing Sensitivity,LV,0.75,8,0.1637,0.4292,1.0708,N,N,08/2018,Analyst
41-3021.00,1.A.4.b.2,Auditory Attention,IM,1.88,8,0.125,1.63,2.12,N,,08/2018,Analyst
41-3021.00,1.A.4.b.2,Auditory Attention,LV,1.38,8,0.2631,0.8594,1.8906,N,N,08/2018,Analyst
41-3021.00,1.A.4.b.3,Sound Localization,IM,1.0,8,0.0,1.0,1.0,N,,08/2018,Analyst
41-3021.00,1.A.4.b.3,Sound Localization,LV,0.0,8,0.0,0.0,0.0,N,Y,08/2018,Analyst
41-3021.00,1.A.4.b.4,Speech Recognition,IM,3.62,8,0.183,3.2664,3.9836,N,,08/2018,Analyst
41-3021.00,1.A.4.b.4,Speech Recognition,LV,3.75,8,0.1637,3.4292,4.0708,N,N,08/2018,Analyst
41-3021.00,1.A.4.b.5,Speech Clarity,IM,3.75,8,0.1637,3.4292,4.0708,N,,08/2018,Analyst
41-3021.00,1.A.4.b.5,Speech Clarity,LV,3.75,8,0.1637,3.4292,4.0708,N,N,08/2018,Analyst
41-3031.00,1.A.1.a.1,Oral Comprehension,IM,4.12,8,0.2266,3.6809,4.5691,N,,08/2022,Analyst
41-3031.00,1.A.1.a.1,Oral Comprehension,LV,3.88,8,0.2266,3.4309,4.3191,N,N,08/2022,Analyst
41-3031.00,1.A.1.a.2,Written Comprehension,IM,3.62,8,0.2631,3.1094,4.1406,N,,08/2022,Analyst
41-3031.00,1.A.1.a.2,Written Comprehension,LV,4.12,8,0.125,3.88,4.37,N,N,08/2022,Analyst
41-3031.00,1.A.1.a.3,Oral Expression,IM,3.88,8,0.295,3.2967,4.4533,N,,08/2022,Analyst
41-3031.00,1.A.1.a.3,Oral Expression,LV,4.12,8,0.2266,3.6809,4.5691,N,N,08/2022,Analyst
41-3031.00,1.A.1.a.4,Written Expression,IM,3.5,8,0.2673,2.9762,4.0238,N,,08/2022,Analyst
41-3031.00,1.A.1.a.4,Written Expression,LV,3.62,8,0.3239,2.9902,4.2598,N,N,08/2022,Analyst
41-3031.00,1.A.1.b.1,Fluency of Ideas,IM,3.25,8,0.3134,2.6358,3.8642,N,,08/2022,Analyst
41-3031.00,1.A.1.b.1,Fluency of Ideas,LV,3.75,8,0.366,3.0327,4.4673,N,N,08/2022,Analyst
41-3031.00,1.A.1.b.2,Originality,IM,3.0,8,0.189,2.6296,3.3704,N,,08/2022,Analyst
41-3031.00,1.A.1.b.2,Originality,LV,3.0,8,0.2673,2.4762,3.5238,N,N,08/2022,Analyst
41-3031.00,1.A.1.b.3,Problem Sensitivity,IM,3.5,8,0.189,3.1296,3.8704,N,,08/2022,Analyst
41-3031.00,1.A.1.b.3,Problem Sensitivity,LV,3.75,8,0.1637,3.4292,4.0708,N,N,08/2022,Analyst
41-3031.00,1.A.1.b.4,Deductive Reasoning,IM,3.75,8,0.25,3.26,4.24,N,,08/2022,Analyst
41-3031.00,1.A.1.b.4,Deductive Reasoning,LV,4.25,8,0.4119,3.4427,5.0573,N,N,08/2022,Analyst
41-3031.00,1.A.1.b.5,Inductive Reasoning,IM,3.38,8,0.183,3.0164,3.7336,N,,08/2022,Analyst
41-3031.00,1.A.1.b.5,Inductive Reasoning,LV,3.5,8,0.3273,2.8584,4.1416,N,N,08/2022,Analyst
41-3031.00,1.A.1.b.6,Information Ordering,IM,3.38,8,0.183,3.0164,3.7336,N,,08/2022,Analyst
41-3031.00,1.A.1.b.6,Information Ordering,LV,3.38,8,0.3239,2.7402,4.0098,N,N,08/2022,Analyst
41-3031.00,1.A.1.b.7,Category Flexibility,IM,3.25,8,0.1637,2.9292,3.5708,N,,08/2022,Analyst
41-3031.00,1.A.1.b.7,Category Flexibility,LV,3.25,8,0.1637,2.9292,3.5708,N,N,08/2022,Analyst
41-3031.00,1.A.1.c.1,Mathematical Reasoning,IM,3.25,8,0.25,2.76,3.74,N,,08/2022,Analyst
41-3031.00,1.A.1.c.1,Mathematical Reasoning,LV,3.38,8,0.3239,2.7402,4.0098,N,N,08/2022,Analyst
41-3031.00,1.A.1.c.2,Number Facility,IM,3.12,8,0.3504,2.4383,3.8117,N,,08/2022,Analyst
41-3031.00,1.A.1.c.2,Number Facility,LV,3.62,8,0.4605,2.7224,4.5276,N,N,08/2022,Analyst
41-3031.00,1.A.1.d.1,Memorization,IM,2.5,8,0.189,2.1296,2.8704,N,,08/2022,Analyst
41-3031.00,1.A.1.d.1,Memorization,LV,2.75,8,0.25,2.26,3.24,N,N,08/2022,Analyst
41-3031.00,1.A.1.e.1,Speed of Closure,IM,2.75,8,0.25,2.26,3.24,N,,08/2022,Analyst
41-3031.00,1.A.1.e.1,Speed of Closure,LV,3.38,8,0.3239,2.7402,4.0098,N,N,08/2022,Analyst
41-3031.00,1.A.1.e.2,Flexibility of Closure,IM,2.88,8,0.2266,2.4309,3.3191,N,,08/2022,Analyst
41-3031.00,1.A.1.e.2,Flexibility of Closure,LV,3.12,8,0.2266,2.6809,3.5691,N,N,08/2022,Analyst
41-3031.00,1.A.1.e.3,Perceptual Speed,IM,2.75,8,0.25,2.26,3.24,N,,08/2022,Analyst
41-3031.00,1.A.1.e.3,Perceptual Speed,LV,3.12,8,0.295,2.5467,3.7033,N,N,08/2022,Analyst
41-3031.00,1.A.1.f.1,Spatial Orientation,IM,1.38,8,0.2631,1.0,1.8906,N,,08/2022,Analyst
41-3031.00,1.A.1.f.1,Spatial Orientation,LV,0.5,8,0.378,0.0,1.2408,N,Y,08/2022,Analyst
41-3031.00,1.A.1.f.2,Visualization,IM,2.0,8,0.0,2.0,2.0,N,,08/2022,Analyst
41-3031.00,1.A.1.f.2,Visualization,LV,2.25,8,0.1637,1.9292,2.5708,N,N,08/2022,Analyst
41-3031.00,1.A.1.g.1,Selective Attention,IM,2.88,8,0.2266,2.4309,3.3191,N,,08/2022,Analyst
41-3031.00,1.A.1.g.1,Selective Attention,LV,2.62,8,0.2631,2.1094,3.1406,N,N,08/2022,Analyst
41-3031.00,1.A.1.g.2,Time Sharing,IM,2.38,8,0.183,2.0164,2.7336,N,,08/2022,Analyst
41-3031.00,1.A.1.g.2,Time Sharing,LV,2.75,8,0.491,1.7877,3.7123,N,N,08/2022,Analyst
41-3031.00,1.A.2.a.1,Arm-Hand Steadiness,IM,1.12,8,0.125,1.0,1.37,N,,08/2022,Analyst
41-3031.00,1.A.2.a.1,Arm-Hand Steadiness,LV,0.12,8,0.125,0.0,0.37,N,Y,08/2022,Analyst
41-3031.00,1.A.2.a.2,Manual Dexterity,IM,1.12,8,0.125,1.0,1.37,N,,08/2022,Analyst
41-3031.00,1.A.2.a.2,Manual Dexterity,LV,0.12,8,0.125,0.0,0.37,N,Y,08/2022,Analyst
41-3031.00,1.A.2.a.3,Finger Dexterity,IM,1.0,8,0.0,1.0,1.0,N,,08/2022,Analyst
41-3031.00,1.A.2.a.3,Finger Dexterity,LV,0.0,8,0.0,0.0,0.0,N,Y,08/2022,Analyst
41-3031.00,1.A.2.b.1,Control Precision,IM,1.12,8,0.125,1.0,1.37,N,,08/2022,Analyst
41-3031.00,1.A.2.b.1,Control Precision,LV,0.12,8,0.125,0.0,0.37,N,Y,08/2022,Analyst
41-3031.00,1.A.2.b.2,Multilimb Coordination,IM,1.12,8,0.125,1.0,1.37,N,,08/2022,Analyst
41-3031.00,1.A.2.b.2,Multilimb Coordination,LV,0.12,8,0.125,0.0,0.37,N,Y,08/2022,Analyst
41-3031.00,1.A.2.b.3,Response Orientation,IM,1.12,8,0.125,1.0,1.37,N,,08/2022,Analyst
41-3031.00,1.A.2.b.3,Response Orientation,LV,0.12,8,0.125,0.0,0.37,N,Y,08/2022,Analyst
41-3031.00,1.A.2.b.4,Rate Control,IM,1.0,8,0.0,1.0,1.0,N,,08/2022,Analyst
41-3031.00,1.A.2.b.4,Rate Control,LV,0.0,8,0.0,0.0,0.0,N,Y,08/2022,Analyst
41-3031.00,1.A.2.c.1,Reaction Time,IM,1.12,8,0.125,1.0,1.37,N,,08/2022,Analyst
41-3031.00,1.A.2.c.1,Reaction Time,LV,0.25,8,0.25,0.0,0.74,N,Y,08/2022,Analyst
41-3031.00,1.A.2.c.2,Wrist-Finger Speed,IM,1.88,8,0.2266,1.4309,2.3191,N,,08/2022,Analyst
41-3031.00,1.A.2.c.2,Wrist-Finger Speed,LV,1.62,8,0.565,0.5176,2.7324,Y,N,08/2022,Analyst
41-3031.00,1.A.2.c.3,Speed of Limb Movement,IM,1.0,8,0.0,1.0,1.0,N,,08/2022,Analyst
41-3031.00,1.A.2.c.3,Speed of Limb Movement,LV,0.0,8,0.0,0.0,0.0,N,Y,08/2022,Analyst
41-3031.00,1.A.3.a.1,Static Strength,IM,1.0,8,0.0,1.0,1.0,N,,08/2022,Analyst
41-3031.00,1.A.3.a.1,Static Strength,LV,0.0,8,0.0,0.0,0.0,N,Y,08/2022,Analyst
41-3031.00,1.A.3.a.2,Explosive Strength,IM,1.0,8,0.0,1.0,1.0,N,,08/2022,Analyst
41-3031.00,1.A.3.a.2,Explosive Strength,LV,0.0,8,0.0,0.0,0.0,N,Y,08/2022,Analyst
41-3031.00,1.A.3.a.3,Dynamic Strength,IM,1.0,8,0.0,1.0,1.0,N,,08/2022,Analyst
41-3031.00,1.A.3.a.3,Dynamic Strength,LV,0.0,8,0.0,0.0,0.0,N,Y,08/2022,Analyst
41-3031.00,1.A.3.a.4,Trunk Strength,IM,1.88,8,0.125,1.63,2.12,N,,08/2022,Analyst
41-3031.00,1.A.3.a.4,Trunk Strength,LV,1.62,8,0.2631,1.1094,2.1406,N,N,08/2022,Analyst
41-3031.00,1.A.3.b.1,Stamina,IM,1.0,8,0.0,1.0,1.0,N,,08/2022,Analyst
41-3031.00,1.A.3.b.1,Stamina,LV,0.0,8,0.0,0.0,0.0,N,Y,08/2022,Analyst
41-3031.00,1.A.3.c.1,Extent Flexibility,IM,1.12,8,0.125,1.0,1.37,N,,08/2022,Analyst
41-3031.00,1.A.3.c.1,Extent Flexibility,LV,0.12,8,0.125,0.0,0.37,N,Y,08/2022,Analyst
41-3031.00,1.A.3.c.2,Dynamic Flexibility,IM,1.0,8,0.0,1.0,1.0,N,,08/2022,Analyst
41-3031.00,1.A.3.c.2,Dynamic Flexibility,LV,0.0,8,0.0,0.0,0.0,N,Y,08/2022,Analyst
41-3031.00,1.A.3.c.3,Gross Body Coordination,IM,1.0,8,0.0,1.0,1.0,N,,08/2022,Analyst
41-3031.00,1.A.3.c.3,Gross Body Coordination,LV,0.0,8,0.0,0.0,0.0,N,Y,08/2022,Analyst
41-3031.00,1.A.3.c.4,Gross Body Equilibrium,IM,1.0,8,0.0,1.0,1.0,N,,08/2022,Analyst
41-3031.00,1.A.3.c.4,Gross Body Equilibrium,LV,0.0,8,0.0,0.0,0.0,N,Y,08/2022,Analyst
41-3031.00,1.A.4.a.1,Near Vision,IM,3.38,8,0.183,3.0164,3.7336,N,,08/2022,Analyst
41-3031.00,1.A.4.a.1,Near Vision,LV,3.62,8,0.375,2.89,4.36,N,N,08/2022,Analyst
41-3031.00,1.A.4.a.2,Far Vision,IM,2.5,8,0.189,2.1296,2.8704,N,,08/2022,Analyst
41-3031.00,1.A.4.a.2,Far Vision,LV,2.62,8,0.183,2.2664,2.9836,N,N,08/2022,Analyst
41-3031.00,1.A.4.a.3,Visual Color Discrimination,IM,1.62,8,0.183,1.2664,1.9836,N,,08/2022,Analyst
41-3031.00,1.A.4.a.3,Visual Color Discrimination,LV,1.12,8,0.3504,0.4383,1.8117,N,N,08/2022,Analyst
41-3031.00,1.A.4.a.4,Night Vision,IM,1.12,8,0.125,1.0,1.37,N,,08/2022,Analyst
41-3031.00,1.A.4.a.4,Night Vision,LV,0.12,8,0.125,0.0,0.37,N,Y,08/2022,Analyst
41-3031.00,1.A.4.a.5,Peripheral Vision,IM,1.12,8,0.125,1.0,1.37,N,,08/2022,Analyst
41-3031.00,1.A.4.a.5,Peripheral Vision,LV,0.12,8,0.125,0.0,0.37,N,Y,08/2022,Analyst
41-3031.00,1.A.4.a.6,Depth Perception,IM,1.25,8,0.1637,1.0,1.5708,N,,08/2022,Analyst
41-3031.00,1.A.4.a.6,Depth Perception,LV,0.38,8,0.2631,0.0,0.8906,N,Y,08/2022,Analyst
41-3031.00,1.A.4.a.7,Glare Sensitivity,IM,1.12,8,0.125,1.0,1.37,N,,08/2022,Analyst
41-3031.00,1.A.4.a.7,Glare Sensitivity,LV,0.12,8,0.125,0.0,0.37,N,Y,08/2022,Analyst
41-3031.00,1.A.4.b.1,Hearing Sensitivity,IM,2.0,8,0.2673,1.4762,2.5238,N,,08/2022,Analyst
41-3031.00,1.A.4.b.1,Hearing Sensitivity,LV,1.5,8,0.378,0.7592,2.2408,N,N,08/2022,Analyst
41-3031.00,1.A.4.b.2,Auditory Attention,IM,2.25,8,0.25,1.76,2.74,N,,08/2022,Analyst
41-3031.00,1.A.4.b.2,Auditory Attention,LV,2.0,8,0.3273,1.3584,2.6416,N,N,08/2022,Analyst
41-3031.00,1.A.4.b.3,Sound Localization,IM,1.12,8,0.125,1.0,1.37,N,,08/2022,Analyst
41-3031.00,1.A.4.b.3,Sound Localization,LV,0.12,8,0.125,0.0,0.37,N,Y,08/2022,Analyst
41-3031.00,1.A.4.b.4,Speech Recognition,IM,3.5,8,0.189,3.1296,3.8704,N,,08/2022,Analyst
41-3031.00,1.A.4.b.4,Speech Recognition,LV,4.0,8,0.2673,3.4762,4.5238,N,N,08/2022,Analyst
41-3031.00,1.A.4.b.5,Speech Clarity,IM,3.62,8,0.2631,3.1094,4.1406,N,,08/2022,Analyst
41-3031.00,1.A.4.b.5,Speech Clarity,LV,3.5,8,0.2673,2.9762,4.0238,N,N,08/2022,Analyst
41-3041.00,1.A.1.a.1,Oral Comprehension,IM,4.0,8,0.0,4.0,4.0,N,,07/2016,Analyst
41-3041.00,1.A.1.a.1,Oral Comprehension,LV,4.0,8,0.0,4.0,4.0,N,N,07/2016,Analyst
41-3041.00,1.A.1.a.2,Written Comprehension,IM,3.88,8,0.125,3.63,4.12,N,,07/2016,Analyst
41-3041.00,1.A.1.a.2,Written Comprehension,LV,3.75,8,0.1637,3.4292,4.0708,N,N,07/2016,Analyst
41-3041.00,1.A.1.a.3,Oral Expression,IM,3.88,8,0.125,3.63,4.12,N,,07/2016,Analyst
41-3041.00,1.A.1.a.3,Oral Expression,LV,4.0,8,0.0,4.0,4.0,N,N,07/2016,Analyst
41-3041.00,1.A.1.a.4,Written Expression,IM,3.12,8,0.125,2.88,3.37,N,,07/2016,Analyst
41-3041.00,1.A.1.a.4,Written Expression,LV,3.0,8,0.0,3.0,3.0,N,N,07/2016,Analyst
41-3041.00,1.A.1.b.1,Fluency of Ideas,IM,3.0,8,0.0,3.0,3.0,N,,07/2016,Analyst
41-3041.00,1.A.1.b.1,Fluency of Ideas,LV,3.5,8,0.189,3.1296,3.8704,N,N,07/2016,Analyst
41-3041.00,1.A.1.b.2,Originality,IM,3.0,8,0.0,3.0,3.0,N,,07/2016,Analyst
41-3041.00,1.A.1.b.2,Originality,LV,3.0,8,0.0,3.0,3.0,N,N,07/2016,Analyst
41-3041.00,1.A.1.b.3,Problem Sensitivity,IM,3.5,8,0.2673,2.9762,4.0238,N,,07/2016,Analyst
41-3041.00,1.A.1.b.3,Problem Sensitivity,LV,2.88,8,0.125,2.63,3.12,N,N,07/2016,Analyst
41-3041.00,1.A.1.b.4,Deductive Reasoning,IM,3.12,8,0.125,2.88,3.37,N,,07/2016,Analyst
41-3041.00,1.A.1.b.4,Deductive Reasoning,LV,3.75,8,0.1637,3.4292,4.0708,N,N,07/2016,Analyst
41-3041.00,1.A.1.b.5,Inductive Reasoning,IM,3.0,8,0.0,3.0,3.0,N,,07/2016,Analyst
41-3041.00,1.A.1.b.5,Inductive Reasoning,LV,3.0,8,0.0,3.0,3.0,N,N,07/2016,Analyst
41-3041.00,1.A.1.b.6,Information Ordering,IM,3.25,8,0.1637,2.9292,3.5708,N,,07/2016,Analyst
41-3041.00,1.A.1.b.6,Information Ordering,LV,3.0,8,0.0,3.0,3.0,N,N,07/2016,Analyst
41-3041.00,1.A.1.b.7,Category Flexibility,IM,3.0,8,0.0,3.0,3.0,N,,07/2016,Analyst
41-3041.00,1.A.1.b.7,Category Flexibility,LV,3.0,8,0.0,3.0,3.0,N,N,07/2016,Analyst
41-3041.00,1.A.1.c.1,Mathematical Reasoning,IM,2.88,8,0.125,2.63,3.12,N,,07/2016,Analyst
41-3041.00,1.A.1.c.1,Mathematical Reasoning,LV,2.0,8,0.0,2.0,2.0,N,N,07/2016,Analyst
41-3041.00,1.A.1.c.2,Number Facility,IM,3.0,8,0.0,3.0,3.0,N,,07/2016,Analyst
41-3041.00,1.A.1.c.2,Number Facility,LV,2.88,8,0.125,2.63,3.12,N,N,07/2016,Analyst
41-3041.00,1.A.1.d.1,Memorization,IM,2.88,8,0.125,2.63,3.12,N,,07/2016,Analyst
41-3041.00,1.A.1.d.1,Memorization,LV,2.75,8,0.1637,2.4292,3.0708,N,N,07/2016,Analyst
41-3041.00,1.A.1.e.1,Speed of Closure,IM,2.25,8,0.1637,1.9292,2.5708,N,,07/2016,Analyst
41-3041.00,1.A.1.e.1,Speed of Closure,LV,2.0,8,0.0,2.0,2.0,N,N,07/2016,Analyst
41-3041.00,1.A.1.e.2,Flexibility of Closure,IM,2.5,8,0.189,2.1296,2.8704,N,,07/2016,Analyst
41-3041.00,1.A.1.e.2,Flexibility of Closure,LV,2.38,8,0.183,2.0164,2.7336,N,N,07/2016,Analyst
41-3041.00,1.A.1.e.3,Perceptual Speed,IM,2.12,8,0.125,1.88,2.37,N,,07/2016,Analyst
41-3041.00,1.A.1.e.3,Perceptual Speed,LV,2.0,8,0.0,2.0,2.0,N,N,07/2016,Analyst
41-3041.00,1.A.1.f.1,Spatial Orientation,IM,1.0,8,0.0,1.0,1.0,N,,07/2016,Analyst
41-3041.00,1.A.1.f.1,Spatial Orientation,LV,0.0,8,0.0,0.0,0.0,N,Y,07/2016,Analyst
41-3041.00,1.A.1.f.2,Visualization,IM,2.25,8,0.1637,1.9292,2.5708,N,,07/2016,Analyst
41-3041.00,1.A.1.f.2,Visualization,LV,2.12,8,0.125,1.88,2.37,N,N,07/2016,Analyst
41-3041.00,1.A.1.g.1,Selective Attention,IM,3.12,8,0.2266,2.6809,3.5691,N,,07/2016,Analyst
41-3041.00,1.A.1.g.1,Selective Attention,LV,2.38,8,0.183,2.0164,2.7336,N,N,07/2016,Analyst
41-3041.00,1.A.1.g.2,Time Sharing,IM,2.88,8,0.125,2.63,3.12,N,,07/2016,Analyst
41-3041.00,1.A.1.g.2,Time Sharing,LV,2.88,8,0.125,2.63,3.12,N,N,07/2016,Analyst
41-3041.00,1.A.2.a.1,Arm-Hand Steadiness,IM,1.62,8,0.183,1.2664,1.9836,N,,07/2016,Analyst
41-3041.00,1.A.2.a.1,Arm-Hand Steadiness,LV,0.75,8,0.25,0.26,1.24,N,N,07/2016,Analyst
41-3041.00,1.A.2.a.2,Manual Dexterity,IM,1.75,8,0.1637,1.4292,2.0708,N,,07/2016,Analyst
41-3041.00,1.A.2.a.2,Manual Dexterity,LV,0.75,8,0.1637,0.4292,1.0708,N,N,07/2016,Analyst
41-3041.00,1.A.2.a.3,Finger Dexterity,IM,2.25,8,0.25,1.76,2.74,N,,07/2016,Analyst
41-3041.00,1.A.2.a.3,Finger Dexterity,LV,1.5,8,0.2673,0.9762,2.0238,N,N,07/2016,Analyst
41-3041.00,1.A.2.b.1,Control Precision,IM,1.5,8,0.189,1.1296,1.8704,N,,07/2016,Analyst
41-3041.00,1.A.2.b.1,Control Precision,LV,0.5,8,0.189,0.1296,0.8704,N,N,07/2016,Analyst
41-3041.00,1.A.2.b.2,Multilimb Coordination,IM,1.0,8,0.0,1.0,1.0,N,,07/2016,Analyst
41-3041.00,1.A.2.b.2,Multilimb Coordination,LV,0.0,8,0.0,0.0,0.0,N,Y,07/2016,Analyst
41-3041.00,1.A.2.b.3,Response Orientation,IM,1.12,8,0.125,1.0,1.37,N,,07/2016,Analyst
41-3041.00,1.A.2.b.3,Response Orientation,LV,0.12,8,0.125,0.0,0.37,N,Y,07/2016,Analyst
41-3041.00,1.A.2.b.4,Rate Control,IM,1.0,8,0.0,1.0,1.0,N,,07/2016,Analyst
41-3041.00,1.A.2.b.4,Rate Control,LV,0.0,8,0.0,0.0,0.0,N,Y,07/2016,Analyst
41-3041.00,1.A.2.c.1,Reaction Time,IM,1.0,8,0.0,1.0,1.0,N,,07/2016,Analyst
41-3041.00,1.A.2.c.1,Reaction Time,LV,0.0,8,0.0,0.0,0.0,N,Y,07/2016,Analyst
41-3041.00,1.A.2.c.2,Wrist-Finger Speed,IM,2.12,8,0.125,1.88,2.37,N,,07/2016,Analyst
41-3041.00,1.A.2.c.2,Wrist-Finger Speed,LV,1.75,8,0.1637,1.4292,2.0708,N,N,07/2016,Analyst
41-3041.00,1.A.2.c.3,Speed of Limb Movement,IM,1.0,8,0.0,1.0,1.0,N,,07/2016,Analyst
41-3041.00,1.A.2.c.3,Speed of Limb Movement,LV,0.0,8,0.0,0.0,0.0,N,Y,07/2016,Analyst
41-3041.00,1.A.3.a.1,Static Strength,IM,1.0,8,0.0,1.0,1.0,N,,07/2016,Analyst
41-3041.00,1.A.3.a.1,Static Strength,LV,0.0,8,0.0,0.0,0.0,N,Y,07/2016,Analyst
41-3041.00,1.A.3.a.2,Explosive Strength,IM,1.0,8,0.0,1.0,1.0,N,,07/2016,Analyst
41-3041.00,1.A.3.a.2,Explosive Strength,LV,0.0,8,0.0,0.0,0.0,N,Y,07/2016,Analyst
41-3041.00,1.A.3.a.3,Dynamic Strength,IM,1.38,8,0.183,1.0164,1.7336,N,,07/2016,Analyst
41-3041.00,1.A.3.a.3,Dynamic Strength,LV,0.38,8,0.183,0.0164,0.7336,N,N,07/2016,Analyst
41-3041.00,1.A.3.a.4,Trunk Strength,IM,2.12,8,0.125,1.88,2.37,N,,07/2016,Analyst
41-3041.00,1.A.3.a.4,Trunk Strength,LV,1.5,8,0.189,1.1296,1.8704,N,N,07/2016,Analyst
41-3041.00,1.A.3.b.1,Stamina,IM,1.0,8,0.0,1.0,1.0,N,,07/2016,Analyst
41-3041.00,1.A.3.b.1,Stamina,LV,0.0,8,0.0,0.0,0.0,N,Y,07/2016,Analyst
41-3041.00,1.A.3.c.1,Extent Flexibility,IM,1.0,8,0.0,1.0,1.0,N,,07/2016,Analyst
41-3041.00,1.A.3.c.1,Extent Flexibility,LV,0.0,8,0.0,0.0,0.0,N,Y,07/2016,Analyst
41-3041.00,1.A.3.c.2,Dynamic Flexibility,IM,1.0,8,0.0,1.0,1.0,N,,07/2016,Analyst
41-3041.00,1.A.3.c.2,Dynamic Flexibility,LV,0.0,8,0.0,0.0,0.0,N,Y,07/2016,Analyst
41-3041.00,1.A.3.c.3,Gross Body Coordination,IM,1.0,8,0.0,1.0,1.0,N,,07/2016,Analyst
41-3041.00,1.A.3.c.3,Gross Body Coordination,LV,0.0,8,0.0,0.0,0.0,N,Y,07/2016,Analyst
41-3041.00,1.A.3.c.4,Gross Body Equilibrium,IM,1.0,8,0.0,1.0,1.0,N,,07/2016,Analyst
41-3041.00,1.A.3.c.4,Gross Body Equilibrium,LV,0.0,8,0.0,0.0,0.0,N,Y,07/2016,Analyst
41-3041.00,1.A.4.a.1,Near Vision,IM,3.88,8,0.125,3.63,4.12,N,,07/2016,Analyst
41-3041.00,1.A.4.a.1,Near Vision,LV,3.88,8,0.125,3.63,4.12,N,N,07/2016,Analyst
41-3041.00,1.A.4.a.2,Far Vision,IM,2.12,8,0.125,1.88,2.37,N,,07/2016,Analyst
41-3041.00,1.A.4.a.2,Far Vision,LV,1.88,8,0.125,1.63,2.12,N,N,07/2016,Analyst
41-3041.00,1.A.4.a.3,Visual Color Discrimination,IM,1.75,8,0.1637,1.4292,2.0708,N,,07/2016,Analyst
41-3041.00,1.A.4.a.3,Visual Color Discrimination,LV,0.88,8,0.2266,0.4309,1.3191,N,N,07/2016,Analyst
41-3041.00,1.A.4.a.4,Night Vision,IM,1.0,8,0.0,1.0,1.0,N,,07/2016,Analyst
41-3041.00,1.A.4.a.4,Night Vision,LV,0.0,8,0.0,0.0,0.0,N,Y,07/2016,Analyst
41-3041.00,1.A.4.a.5,Peripheral Vision,IM,1.0,8,0.0,1.0,1.0,N,,07/2016,Analyst
41-3041.00,1.A.4.a.5,Peripheral Vision,LV,0.0,8,0.0,0.0,0.0,N,Y,07/2016,Analyst
41-3041.00,1.A.4.a.6,Depth Perception,IM,1.62,8,0.183,1.2664,1.9836,N,,07/2016,Analyst
41-3041.00,1.A.4.a.6,Depth Perception,LV,0.62,8,0.183,0.2664,0.9836,N,N,07/2016,Analyst
41-3041.00,1.A.4.a.7,Glare Sensitivity,IM,1.0,8,0.0,1.0,1.0,N,,07/2016,Analyst
41-3041.00,1.A.4.a.7,Glare Sensitivity,LV,0.0,8,0.0,0.0,0.0,N,Y,07/2016,Analyst
41-3041.00,1.A.4.b.1,Hearing Sensitivity,IM,1.75,8,0.1637,1.4292,2.0708,N,,07/2016,Analyst
41-3041.00,1.A.4.b.1,Hearing Sensitivity,LV,0.75,8,0.1637,0.4292,1.0708,N,N,07/2016,Analyst
41-3041.00,1.A.4.b.2,Auditory Attention,IM,2.62,8,0.183,2.2664,2.9836,N,,07/2016,Analyst
41-3041.00,1.A.4.b.2,Auditory Attention,LV,2.12,8,0.125,1.88,2.37,N,N,07/2016,Analyst
41-3041.00,1.A.4.b.3,Sound Localization,IM,1.0,8,0.0,1.0,1.0,N,,07/2016,Analyst
41-3041.00,1.A.4.b.3,Sound Localization,LV,0.0,8,0.0,0.0,0.0,N,Y,07/2016,Analyst
41-3041.00,1.A.4.b.4,Speech Recognition,IM,4.12,8,0.125,3.88,4.37,N,,07/2016,Analyst
41-3041.00,1.A.4.b.4,Speech Recognition,LV,4.0,8,0.189,3.6296,4.3704,N,N,07/2016,Analyst
41-3041.00,1.A.4.b.5,Speech Clarity,IM,4.0,8,0.0,4.0,4.0,N,,07/2016,Analyst
41-3041.00,1.A.4.b.5,Speech Clarity,LV,3.62,8,0.2631,3.1094,4.1406,N,N,07/2016,Analyst
41-4011.00,1.A.1.a.1,Oral Comprehension,IM,4.0,8,0.0,4.0,4.0,N,,07/2014,Analyst
41-4011.00,1.A.1.a.1,Oral Comprehension,LV,4.5,8,0.189,4.1296,4.8704,N,N,07/2014,Analyst
41-4011.00,1.A.1.a.2,Written Comprehension,IM,3.88,8,0.125,3.63,4.12,N,,07/2014,Analyst
41-4011.00,1.A.1.a.2,Written Comprehension,LV,4.0,8,0.0,4.0,4.0,N,N,07/2014,Analyst
41-4011.00,1.A.1.a.3,Oral Expression,IM,4.5,8,0.189,4.1296,4.8704,N,,07/2014,Analyst
41-4011.00,1.A.1.a.3,Oral Expression,LV,4.62,8,0.183,4.2664,4.9836,N,N,07/2014,Analyst
41-4011.00,1.A.1.a.4,Written Expression,IM,3.75,8,0.1637,3.4292,4.0708,N,,07/2014,Analyst
41-4011.00,1.A.1.a.4,Written Expression,LV,3.88,8,0.125,3.63,4.12,N,N,07/2014,Analyst
41-4011.00,1.A.1.b.1,Fluency of Ideas,IM,3.12,8,0.125,2.88,3.37,N,,07/2014,Analyst
41-4011.00,1.A.1.b.1,Fluency of Ideas,LV,3.62,8,0.183,3.2664,3.9836,N,N,07/2014,Analyst
41-4011.00,1.A.1.b.2,Originality,IM,3.0,8,0.0,3.0,3.0,N,,07/2014,Analyst
41-4011.00,1.A.1.b.2,Originality,LV,3.62,8,0.183,3.2664,3.9836,N,N,07/2014,Analyst
41-4011.00,1.A.1.b.3,Problem Sensitivity,IM,3.12,8,0.125,2.88,3.37,N,,07/2014,Analyst
41-4011.00,1.A.1.b.3,Problem Sensitivity,LV,3.62,8,0.183,3.2664,3.9836,N,N,07/2014,Analyst
41-4011.00,1.A.1.b.4,Deductive Reasoning,IM,3.5,8,0.189,3.1296,3.8704,N,,07/2014,Analyst
41-4011.00,1.A.1.b.4,Deductive Reasoning,LV,3.88,8,0.125,3.63,4.12,N,N,07/2014,Analyst
41-4011.00,1.A.1.b.5,Inductive Reasoning,IM,3.0,8,0.0,3.0,3.0,N,,07/2014,Analyst
41-4011.00,1.A.1.b.5,Inductive Reasoning,LV,3.25,8,0.1637,2.9292,3.5708,N,N,07/2014,Analyst
41-4011.00,1.A.1.b.6,Information Ordering,IM,3.0,8,0.0,3.0,3.0,N,,07/2014,Analyst
41-4011.00,1.A.1.b.6,Information Ordering,LV,3.25,8,0.1637,2.9292,3.5708,N,N,07/2014,Analyst
41-4011.00,1.A.1.b.7,Category Flexibility,IM,3.0,8,0.0,3.0,3.0,N,,07/2014,Analyst
41-4011.00,1.A.1.b.7,Category Flexibility,LV,3.0,8,0.0,3.0,3.0,N,N,07/2014,Analyst
41-4011.00,1.A.1.c.1,Mathematical Reasoning,IM,2.88,8,0.2266,2.4309,3.3191,N,,07/2014,Analyst
41-4011.00,1.A.1.c.1,Mathematical Reasoning,LV,2.75,8,0.1637,2.4292,3.0708,N,N,07/2014,Analyst
41-4011.00,1.A.1.c.2,Number Facility,IM,2.88,8,0.125,2.63,3.12,N,,07/2014,Analyst
41-4011.00,1.A.1.c.2,Number Facility,LV,3.12,8,0.125,2.88,3.37,N,N,07/2014,Analyst
41-4011.00,1.A.1.d.1,Memorization,IM,3.0,8,0.189,2.6296,3.3704,N,,07/2014,Analyst
41-4011.00,1.A.1.d.1,Memorization,LV,3.12,8,0.125,2.88,3.37,N,N,07/2014,Analyst
41-4011.00,1.A.1.e.1,Speed of Closure,IM,2.88,8,0.125,2.63,3.12,N,,07/2014,Analyst
41-4011.00,1.A.1.e.1,Speed of Closure,LV,2.88,8,0.125,2.63,3.12,N,N,07/2014,Analyst
41-4011.00,1.A.1.e.2,Flexibility of Closure,IM,2.75,8,0.1637,2.4292,3.0708,N,,07/2014,Analyst
41-4011.00,1.A.1.e.2,Flexibility of Closure,LV,2.75,8,0.1637,2.4292,3.0708,N,N,07/2014,Analyst
41-4011.00,1.A.1.e.3,Perceptual Speed,IM,2.5,8,0.189,2.1296,2.8704,N,,07/2014,Analyst
41-4011.00,1.A.1.e.3,Perceptual Speed,LV,2.12,8,0.125,1.88,2.37,N,N,07/2014,Analyst
41-4011.00,1.A.1.f.1,Spatial Orientation,IM,1.0,8,0.0,1.0,1.0,N,,07/2014,Analyst
41-4011.00,1.A.1.f.1,Spatial Orientation,LV,0.0,8,0.0,0.0,0.0,N,Y,07/2014,Analyst
41-4011.00,1.A.1.f.2,Visualization,IM,2.5,8,0.189,2.1296,2.8704,N,,07/2014,Analyst
41-4011.00,1.A.1.f.2,Visualization,LV,2.25,8,0.1637,1.9292,2.5708,N,N,07/2014,Analyst
41-4011.00,1.A.1.g.1,Selective Attention,IM,2.75,8,0.1637,2.4292,3.0708,N,,07/2014,Analyst
41-4011.00,1.A.1.g.1,Selective Attention,LV,2.25,8,0.1637,1.9292,2.5708,N,N,07/2014,Analyst
41-4011.00,1.A.1.g.2,Time Sharing,IM,2.62,8,0.183,2.2664,2.9836,N,,07/2014,Analyst
41-4011.00,1.A.1.g.2,Time Sharing,LV,2.12,8,0.125,1.88,2.37,N,N,07/2014,Analyst
41-4011.00,1.A.2.a.1,Arm-Hand Steadiness,IM,1.0,8,0.0,1.0,1.0,N,,07/2014,Analyst
41-4011.00,1.A.2.a.1,Arm-Hand Steadiness,LV,0.0,8,0.0,0.0,0.0,N,Y,07/2014,Analyst
41-4011.00,1.A.2.a.2,Manual Dexterity,IM,1.0,8,0.0,1.0,1.0,N,,07/2014,Analyst
41-4011.00,1.A.2.a.2,Manual Dexterity,LV,0.0,8,0.0,0.0,0.0,N,Y,07/2014,Analyst
41-4011.00,1.A.2.a.3,Finger Dexterity,IM,2.38,8,0.183,2.0164,2.7336,N,,07/2014,Analyst
41-4011.00,1.A.2.a.3,Finger Dexterity,LV,2.0,8,0.0,2.0,2.0,N,N,07/2014,Analyst
41-4011.00,1.A.2.b.1,Control Precision,IM,2.0,8,0.0,2.0,2.0,N,,07/2014,Analyst
41-4011.00,1.A.2.b.1,Control Precision,LV,1.88,8,0.125,1.63,2.12,N,N,07/2014,Analyst
41-4011.00,1.A.2.b.2,Multilimb Coordination,IM,2.0,8,0.0,2.0,2.0,N,,07/2014,Analyst
41-4011.00,1.A.2.b.2,Multilimb Coordination,LV,1.88,8,0.125,1.63,2.12,N,N,07/2014,Analyst
41-4011.00,1.A.2.b.3,Response Orientation,IM,1.0,8,0.0,1.0,1.0,N,,07/2014,Analyst
41-4011.00,1.A.2.b.3,Response Orientation,LV,0.0,8,0.0,0.0,0.0,N,Y,07/2014,Analyst
41-4011.00,1.A.2.b.4,Rate Control,IM,1.0,8,0.0,1.0,1.0,N,,07/2014,Analyst
41-4011.00,1.A.2.b.4,Rate Control,LV,0.0,8,0.0,0.0,0.0,N,Y,07/2014,Analyst
41-4011.00,1.A.2.c.1,Reaction Time,IM,1.0,8,0.0,1.0,1.0,N,,07/2014,Analyst
41-4011.00,1.A.2.c.1,Reaction Time,LV,0.0,8,0.0,0.0,0.0,N,Y,07/2014,Analyst
41-4011.00,1.A.2.c.2,Wrist-Finger Speed,IM,1.0,8,0.0,1.0,1.0,N,,07/2014,Analyst
41-4011.00,1.A.2.c.2,Wrist-Finger Speed,LV,0.0,8,0.0,0.0,0.0,N,Y,07/2014,Analyst
41-4011.00,1.A.2.c.3,Speed of Limb Movement,IM,1.0,8,0.0,1.0,1.0,N,,07/2014,Analyst
41-4011.00,1.A.2.c.3,Speed of Limb Movement,LV,0.0,8,0.0,0.0,0.0,N,Y,07/2014,Analyst
41-4011.00,1.A.3.a.1,Static Strength,IM,1.0,8,0.0,1.0,1.0,N,,07/2014,Analyst
41-4011.00,1.A.3.a.1,Static Strength,LV,0.0,8,0.0,0.0,0.0,N,Y,07/2014,Analyst
41-4011.00,1.A.3.a.2,Explosive Strength,IM,1.0,8,0.0,1.0,1.0,N,,07/2014,Analyst
41-4011.00,1.A.3.a.2,Explosive Strength,LV,0.0,8,0.0,0.0,0.0,N,Y,07/2014,Analyst
41-4011.00,1.A.3.a.3,Dynamic Strength,IM,1.0,8,0.0,1.0,1.0,N,,07/2014,Analyst
41-4011.00,1.A.3.a.3,Dynamic Strength,LV,0.0,8,0.0,0.0,0.0,N,Y,07/2014,Analyst
41-4011.00,1.A.3.a.4,Trunk Strength,IM,2.0,8,0.0,2.0,2.0,N,,07/2014,Analyst
41-4011.00,1.A.3.a.4,Trunk Strength,LV,1.75,8,0.1637,1.4292,2.0708,N,N,07/2014,Analyst
41-4011.00,1.A.3.b.1,Stamina,IM,1.0,8,0.0,1.0,1.0,N,,07/2014,Analyst
41-4011.00,1.A.3.b.1,Stamina,LV,0.0,8,0.0,0.0,0.0,N,Y,07/2014,Analyst
41-4011.00,1.A.3.c.1,Extent Flexibility,IM,1.0,8,0.0,1.0,1.0,N,,07/2014,Analyst
41-4011.00,1.A.3.c.1,Extent Flexibility,LV,0.0,8,0.0,0.0,0.0,N,Y,07/2014,Analyst
41-4011.00,1.A.3.c.2,Dynamic Flexibility,IM,1.0,8,0.0,1.0,1.0,N,,07/2014,Analyst
41-4011.00,1.A.3.c.2,Dynamic Flexibility,LV,0.0,8,0.0,0.0,0.0,N,Y,07/2014,Analyst
41-4011.00,1.A.3.c.3,Gross Body Coordination,IM,1.0,8,0.0,1.0,1.0,N,,07/2014,Analyst
41-4011.00,1.A.3.c.3,Gross Body Coordination,LV,0.0,8,0.0,0.0,0.0,N,Y,07/2014,Analyst
41-4011.00,1.A.3.c.4,Gross Body Equilibrium,IM,1.0,8,0.0,1.0,1.0,N,,07/2014,Analyst
41-4011.00,1.A.3.c.4,Gross Body Equilibrium,LV,0.0,8,0.0,0.0,0.0,N,Y,07/2014,Analyst
41-4011.00,1.A.4.a.1,Near Vision,IM,3.25,8,0.1637,2.9292,3.5708,N,,07/2014,Analyst
41-4011.00,1.A.4.a.1,Near Vision,LV,3.62,8,0.183,3.2664,3.9836,N,N,07/2014,Analyst
41-4011.00,1.A.4.a.2,Far Vision,IM,2.75,8,0.1637,2.4292,3.0708,N,,07/2014,Analyst
41-4011.00,1.A.4.a.2,Far Vision,LV,2.75,8,0.1637,2.4292,3.0708,N,N,07/2014,Analyst
41-4011.00,1.A.4.a.3,Visual Color Discrimination,IM,2.12,8,0.125,1.88,2.37,N,,07/2014,Analyst
41-4011.00,1.A.4.a.3,Visual Color Discrimination,LV,2.0,8,0.189,1.6296,2.3704,N,N,07/2014,Analyst
41-4011.00,1.A.4.a.4,Night Vision,IM,1.0,8,0.0,1.0,1.0,N,,07/2014,Analyst
41-4011.00,1.A.4.a.4,Night Vision,LV,0.0,8,0.0,0.0,0.0,N,Y,07/2014,Analyst
41-4011.00,1.A.4.a.5,Peripheral Vision,IM,1.0,8,0.0,1.0,1.0,N,,07/2014,Analyst
41-4011.00,1.A.4.a.5,Peripheral Vision,LV,0.0,8,0.0,0.0,0.0,N,Y,07/2014,Analyst
41-4011.00,1.A.4.a.6,Depth Perception,IM,1.88,8,0.125,1.63,2.12,N,,07/2014,Analyst
41-4011.00,1.A.4.a.6,Depth Perception,LV,1.5,8,0.2673,0.9762,2.0238,N,N,07/2014,Analyst
41-4011.00,1.A.4.a.7,Glare Sensitivity,IM,1.0,8,0.0,1.0,1.0,N,,07/2014,Analyst
41-4011.00,1.A.4.a.7,Glare Sensitivity,LV,0.0,8,0.0,0.0,0.0,N,Y,07/2014,Analyst
41-4011.00,1.A.4.b.1,Hearing Sensitivity,IM,2.0,8,0.0,2.0,2.0,N,,07/2014,Analyst
41-4011.00,1.A.4.b.1,Hearing Sensitivity,LV,1.62,8,0.183,1.2664,1.9836,N,N,07/2014,Analyst
41-4011.00,1.A.4.b.2,Auditory Attention,IM,2.0,8,0.0,2.0,2.0,N,,07/2014,Analyst
41-4011.00,1.A.4.b.2,Auditory Attention,LV,1.62,8,0.183,1.2664,1.9836,N,N,07/2014,Analyst
41-4011.00,1.A.4.b.3,Sound Localization,IM,1.0,8,0.0,1.0,1.0,N,,07/2014,Analyst
41-4011.00,1.A.4.b.3,Sound Localization,LV,0.0,8,0.0,0.0,0.0,N,Y,07/2014,Analyst
41-4011.00,1.A.4.b.4,Speech Recognition,IM,4.0,8,0.0,4.0,4.0,N,,07/2014,Analyst
41-4011.00,1.A.4.b.4,Speech Recognition,LV,4.0,8,0.0,4.0,4.0,N,N,07/2014,Analyst
41-4011.00,1.A.4.b.5,Speech Clarity,IM,4.0,8,0.0,4.0,4.0,N,,07/2014,Analyst
41-4011.00,1.A.4.b.5,Speech Clarity,LV,4.12,8,0.125,3.88,4.37,N,N,07/2014,Analyst
41-4011.07,1.A.1.a.1,Oral Comprehension,IM,4.0,8,0.0,4.0,4.0,N,,08/2024,Analyst
41-4011.07,1.A.1.a.1,Oral Comprehension,LV,4.0,8,0.0,4.0,4.0,N,N,08/2024,Analyst
41-4011.07,1.A.1.a.2,Written Comprehension,IM,3.62,8,0.183,3.2664,3.9836,N,,08/2024,Analyst
41-4011.07,1.A.1.a.2,Written Comprehension,LV,3.75,8,0.1637,3.4292,4.0708,N,N,08/2024,Analyst
41-4011.07,1.A.1.a.3,Oral Expression,IM,4.0,8,0.0,4.0,4.0,N,,08/2024,Analyst
41-4011.07,1.A.1.a.3,Oral Expression,LV,4.0,8,0.0,4.0,4.0,N,N,08/2024,Analyst
41-4011.07,1.A.1.a.4,Written Expression,IM,3.38,8,0.183,3.0164,3.7336,N,,08/2024,Analyst
41-4011.07,1.A.1.a.4,Written Expression,LV,3.5,8,0.189,3.1296,3.8704,N,N,08/2024,Analyst
41-4011.07,1.A.1.b.1,Fluency of Ideas,IM,3.0,8,0.0,3.0,3.0,N,,08/2024,Analyst
41-4011.07,1.A.1.b.1,Fluency of Ideas,LV,3.0,8,0.0,3.0,3.0,N,N,08/2024,Analyst
41-4011.07,1.A.1.b.2,Originality,IM,3.0,8,0.0,3.0,3.0,N,,08/2024,Analyst
41-4011.07,1.A.1.b.2,Originality,LV,3.0,8,0.0,3.0,3.0,N,N,08/2024,Analyst
41-4011.07,1.A.1.b.3,Problem Sensitivity,IM,3.38,8,0.183,3.0164,3.7336,N,,08/2024,Analyst
41-4011.07,1.A.1.b.3,Problem Sensitivity,LV,3.25,8,0.1637,2.9292,3.5708,N,N,08/2024,Analyst
41-4011.07,1.A.1.b.4,Deductive Reasoning,IM,3.38,8,0.183,3.0164,3.7336,N,,08/2024,Analyst
41-4011.07,1.A.1.b.4,Deductive Reasoning,LV,3.62,8,0.183,3.2664,3.9836,N,N,08/2024,Analyst
41-4011.07,1.A.1.b.5,Inductive Reasoning,IM,3.12,8,0.125,2.88,3.37,N,,08/2024,Analyst
41-4011.07,1.A.1.b.5,Inductive Reasoning,LV,3.12,8,0.125,2.88,3.37,N,N,08/2024,Analyst
41-4011.07,1.A.1.b.6,Information Ordering,IM,3.12,8,0.125,2.88,3.37,N,,08/2024,Analyst
41-4011.07,1.A.1.b.6,Information Ordering,LV,3.12,8,0.125,2.88,3.37,N,N,08/2024,Analyst
41-4011.07,1.A.1.b.7,Category Flexibility,IM,3.0,8,0.0,3.0,3.0,N,,08/2024,Analyst
41-4011.07,1.A.1.b.7,Category Flexibility,LV,3.25,8,0.1637,2.9292,3.5708,N,N,08/2024,Analyst
41-4011.07,1.A.1.c.1,Mathematical Reasoning,IM,2.88,8,0.125,2.63,3.12,N,,08/2024,Analyst
41-4011.07,1.A.1.c.1,Mathematical Reasoning,LV,2.88,8,0.125,2.63,3.12,N,N,08/2024,Analyst
41-4011.07,1.A.1.c.2,Number Facility,IM,2.88,8,0.125,2.63,3.12,N,,08/2024,Analyst
41-4011.07,1.A.1.c.2,Number Facility,LV,2.88,8,0.125,2.63,3.12,N,N,08/2024,Analyst
41-4011.07,1.A.1.d.1,Memorization,IM,2.38,8,0.183,2.0164,2.7336,N,,08/2024,Analyst
41-4011.07,1.A.1.d.1,Memorization,LV,2.38,8,0.183,2.0164,2.7336,N,N,08/2024,Analyst
41-4011.07,1.A.1.e.1,Speed of Closure,IM,2.75,8,0.1637,2.4292,3.0708,N,,08/2024,Analyst
41-4011.07,1.A.1.e.1,Speed of Closure,LV,2.75,8,0.1637,2.4292,3.0708,N,N,08/2024,Analyst
41-4011.07,1.A.1.e.2,Flexibility of Closure,IM,3.0,8,0.0,3.0,3.0,N,,08/2024,Analyst
41-4011.07,1.A.1.e.2,Flexibility of Closure,LV,3.0,8,0.0,3.0,3.0,N,N,08/2024,Analyst
41-4011.07,1.A.1.e.3,Perceptual Speed,IM,2.62,8,0.183,2.2664,2.9836,N,,08/2024,Analyst
41-4011.07,1.A.1.e.3,Perceptual Speed,LV,2.25,8,0.1637,1.9292,2.5708,N,N,08/2024,Analyst
41-4011.07,1.A.1.f.1,Spatial Orientation,IM,1.75,8,0.1637,1.4292,2.0708,N,,08/2024,Analyst
41-4011.07,1.A.1.f.1,Spatial Orientation,LV,1.0,8,0.2673,0.4762,1.5238,N,N,08/2024,Analyst
41-4011.07,1.A.1.f.2,Visualization,IM,2.88,8,0.125,2.63,3.12,N,,08/2024,Analyst
41-4011.07,1.A.1.f.2,Visualization,LV,3.0,8,0.0,3.0,3.0,N,N,08/2024,Analyst
41-4011.07,1.A.1.g.1,Selective Attention,IM,2.88,8,0.125,2.63,3.12,N,,08/2024,Analyst
41-4011.07,1.A.1.g.1,Selective Attention,LV,2.75,8,0.1637,2.4292,3.0708,N,N,08/2024,Analyst
41-4011.07,1.A.1.g.2,Time Sharing,IM,2.12,8,0.125,1.88,2.37,N,,08/2024,Analyst
41-4011.07,1.A.1.g.2,Time Sharing,LV,2.0,8,0.0,2.0,2.0,N,N,08/2024,Analyst
41-4011.07,1.A.2.a.1,Arm-Hand Steadiness,IM,1.75,8,0.1637,1.4292,2.0708,N,,08/2024,Analyst
41-4011.07,1.A.2.a.1,Arm-Hand Steadiness,LV,1.25,8,0.3134,0.6358,1.8642,N,N,08/2024,Analyst
41-4011.07,1.A.2.a.2,Manual Dexterity,IM,1.5,8,0.189,1.1296,1.8704,N,,08/2024,Analyst
41-4011.07,1.A.2.a.2,Manual Dexterity,LV,0.5,8,0.189,0.1296,0.8704,N,N,08/2024,Analyst
41-4011.07,1.A.2.a.3,Finger Dexterity,IM,1.75,8,0.1637,1.4292,2.0708,N,,08/2024,Analyst
41-4011.07,1.A.2.a.3,Finger Dexterity,LV,1.25,8,0.3134,0.6358,1.8642,N,N,08/2024,Analyst
41-4011.07,1.A.2.b.1,Control Precision,IM,1.25,8,0.1637,1.0,1.5708,N,,08/2024,Analyst
41-4011.07,1.A.2.b.1,Control Precision,LV,0.38,8,0.2631,0.0,0.8906,N,Y,08/2024,Analyst
41-4011.07,1.A.2.b.2,Multilimb Coordination,IM,1.12,8,0.125,1.0,1.37,N,,08/2024,Analyst
41-4011.07,1.A.2.b.2,Multilimb Coordination,LV,0.12,8,0.125,0.0,0.37,N,Y,08/2024,Analyst
41-4011.07,1.A.2.b.3,Response Orientation,IM,1.0,8,0.0,1.0,1.0,N,,08/2024,Analyst
41-4011.07,1.A.2.b.3,Response Orientation,LV,0.0,8,0.0,0.0,0.0,N,Y,08/2024,Analyst
41-4011.07,1.A.2.b.4,Rate Control,IM,1.0,8,0.0,1.0,1.0,N,,08/2024,Analyst
41-4011.07,1.A.2.b.4,Rate Control,LV,0.0,8,0.0,0.0,0.0,N,Y,08/2024,Analyst
41-4011.07,1.A.2.c.1,Reaction Time,IM,1.0,8,0.0,1.0,1.0,N,,08/2024,Analyst
41-4011.07,1.A.2.c.1,Reaction Time,LV,0.0,8,0.0,0.0,0.0,N,Y,08/2024,Analyst
41-4011.07,1.A.2.c.2,Wrist-Finger Speed,IM,1.38,8,0.183,1.0164,1.7336,N,,08/2024,Analyst
41-4011.07,1.A.2.c.2,Wrist-Finger Speed,LV,0.38,8,0.183,0.0164,0.7336,N,N,08/2024,Analyst
41-4011.07,1.A.2.c.3,Speed of Limb Movement,IM,1.0,8,0.0,1.0,1.0,N,,08/2024,Analyst
41-4011.07,1.A.2.c.3,Speed of Limb Movement,LV,0.0,8,0.0,0.0,0.0,N,Y,08/2024,Analyst
41-4011.07,1.A.3.a.1,Static Strength,IM,1.25,8,0.1637,1.0,1.5708,N,,08/2024,Analyst
41-4011.07,1.A.3.a.1,Static Strength,LV,0.25,8,0.1637,0.0,0.5708,N,Y,08/2024,Analyst
41-4011.07,1.A.3.a.2,Explosive Strength,IM,1.0,8,0.0,1.0,1.0,N,,08/2024,Analyst
41-4011.07,1.A.3.a.2,Explosive Strength,LV,0.0,8,0.0,0.0,0.0,N,Y,08/2024,Analyst
41-4011.07,1.A.3.a.3,Dynamic Strength,IM,1.12,8,0.125,1.0,1.37,N,,08/2024,Analyst
41-4011.07,1.A.3.a.3,Dynamic Strength,LV,0.12,8,0.125,0.0,0.37,N,Y,08/2024,Analyst
41-4011.07,1.A.3.a.4,Trunk Strength,IM,1.88,8,0.125,1.63,2.12,N,,08/2024,Analyst
41-4011.07,1.A.3.a.4,Trunk Strength,LV,1.38,8,0.2631,0.8594,1.8906,N,N,08/2024,Analyst
41-4011.07,1.A.3.b.1,Stamina,IM,1.25,8,0.1637,1.0,1.5708,N,,08/2024,Analyst
41-4011.07,1.A.3.b.1,Stamina,LV,0.25,8,0.1637,0.0,0.5708,N,Y,08/2024,Analyst
41-4011.07,1.A.3.c.1,Extent Flexibility,IM,1.38,8,0.183,1.0164,1.7336,N,,08/2024,Analyst
41-4011.07,1.A.3.c.1,Extent Flexibility,LV,0.38,8,0.183,0.0164,0.7336,N,N,08/2024,Analyst
41-4011.07,1.A.3.c.2,Dynamic Flexibility,IM,1.0,8,0.0,1.0,1.0,N,,08/2024,Analyst
41-4011.07,1.A.3.c.2,Dynamic Flexibility,LV,0.0,8,0.0,0.0,0.0,N,Y,08/2024,Analyst
41-4011.07,1.A.3.c.3,Gross Body Coordination,IM,1.12,8,0.125,1.0,1.37,N,,08/2024,Analyst
41-4011.07,1.A.3.c.3,Gross Body Coordination,LV,0.12,8,0.125,0.0,0.37,N,Y,08/2024,Analyst
41-4011.07,1.A.3.c.4,Gross Body Equilibrium,IM,1.12,8,0.125,1.0,1.37,N,,08/2024,Analyst
41-4011.07,1.A.3.c.4,Gross Body Equilibrium,LV,0.12,8,0.125,0.0,0.37,N,Y,08/2024,Analyst
41-4011.07,1.A.4.a.1,Near Vision,IM,3.25,8,0.1637,2.9292,3.5708,N,,08/2024,Analyst
41-4011.07,1.A.4.a.1,Near Vision,LV,3.25,8,0.1637,2.9292,3.5708,N,N,08/2024,Analyst
41-4011.07,1.A.4.a.2,Far Vision,IM,3.25,8,0.1637,2.9292,3.5708,N,,08/2024,Analyst
41-4011.07,1.A.4.a.2,Far Vision,LV,3.25,8,0.1637,2.9292,3.5708,N,N,08/2024,Analyst
41-4011.07,1.A.4.a.3,Visual Color Discrimination,IM,2.25,8,0.1637,1.9292,2.5708,N,,08/2024,Analyst
41-4011.07,1.A.4.a.3,Visual Color Discrimination,LV,2.12,8,0.125,1.88,2.37,N,N,08/2024,Analyst
41-4011.07,1.A.4.a.4,Night Vision,IM,1.0,8,0.0,1.0,1.0,N,,08/2024,Analyst
41-4011.07,1.A.4.a.4,Night Vision,LV,0.0,8,0.0,0.0,0.0,N,Y,08/2024,Analyst
41-4011.07,1.A.4.a.5,Peripheral Vision,IM,1.12,8,0.125,1.0,1.37,N,,08/2024,Analyst
41-4011.07,1.A.4.a.5,Peripheral Vision,LV,0.25,8,0.25,0.0,0.74,N,Y,08/2024,Analyst
41-4011.07,1.A.4.a.6,Depth Perception,IM,2.0,8,0.0,2.0,2.0,N,,08/2024,Analyst
41-4011.07,1.A.4.a.6,Depth Perception,LV,2.0,8,0.0,2.0,2.0,N,N,08/2024,Analyst
41-4011.07,1.A.4.a.7,Glare Sensitivity,IM,1.12,8,0.125,1.0,1.37,N,,08/2024,Analyst
41-4011.07,1.A.4.a.7,Glare Sensitivity,LV,0.12,8,0.125,0.0,0.37,N,Y,08/2024,Analyst
41-4011.07,1.A.4.b.1,Hearing Sensitivity,IM,1.62,8,0.183,1.2664,1.9836,N,,08/2024,Analyst
41-4011.07,1.A.4.b.1,Hearing Sensitivity,LV,1.0,8,0.3273,0.3584,1.6416,N,N,08/2024,Analyst
41-4011.07,1.A.4.b.2,Auditory Attention,IM,1.62,8,0.183,1.2664,1.9836,N,,08/2024,Analyst
41-4011.07,1.A.4.b.2,Auditory Attention,LV,1.0,8,0.3273,0.3584,1.6416,N,N,08/2024,Analyst
41-4011.07,1.A.4.b.3,Sound Localization,IM,1.0,8,0.0,1.0,1.0,N,,08/2024,Analyst
41-4011.07,1.A.4.b.3,Sound Localization,LV,0.0,8,0.0,0.0,0.0,N,Y,08/2024,Analyst
41-4011.07,1.A.4.b.4,Speech Recognition,IM,3.5,8,0.189,3.1296,3.8704,N,,08/2024,Analyst
41-4011.07,1.A.4.b.4,Speech Recognition,LV,3.62,8,0.183,3.2664,3.9836,N,N,08/2024,Analyst
41-4011.07,1.A.4.b.5,Speech Clarity,IM,3.62,8,0.183,3.2664,3.9836,N,,08/2024,Analyst
41-4011.07,1.A.4.b.5,Speech Clarity,LV,3.62,8,0.183,3.2664,3.9836,N,N,08/2024,Analyst
41-4012.00,1.A.1.a.1,Oral Comprehension,IM,3.88,8,0.125,3.63,4.12,N,,08/2020,Analyst
41-4012.00,1.A.1.a.1,Oral Comprehension,LV,4.0,8,0.0,4.0,4.0,N,N,08/2020,Analyst
41-4012.00,1.A.1.a.2,Written Comprehension,IM,3.75,8,0.1637,3.4292,4.0708,N,,08/2020,Analyst
41-4012.00,1.A.1.a.2,Written Comprehension,LV,3.88,8,0.125,3.63,4.12,N,N,08/2020,Analyst
41-4012.00,1.A.1.a.3,Oral Expression,IM,4.0,8,0.0,4.0,4.0,N,,08/2020,Analyst
41-4012.00,1.A.1.a.3,Oral Expression,LV,4.12,8,0.125,3.88,4.37,N,N,08/2020,Analyst
41-4012.00,1.A.1.a.4,Written Expression,IM,3.62,8,0.183,3.2664,3.9836,N,,08/2020,Analyst
41-4012.00,1.A.1.a.4,Written Expression,LV,3.75,8,0.1637,3.4292,4.0708,N,N,08/2020,Analyst
41-4012.00,1.A.1.b.1,Fluency of Ideas,IM,3.12,8,0.125,2.88,3.37,N,,08/2020,Analyst
41-4012.00,1.A.1.b.1,Fluency of Ideas,LV,3.12,8,0.125,2.88,3.37,N,N,08/2020,Analyst
41-4012.00,1.A.1.b.2,Originality,IM,3.0,8,0.0,3.0,3.0,N,,08/2020,Analyst
41-4012.00,1.A.1.b.2,Originality,LV,3.0,8,0.0,3.0,3.0,N,N,08/2020,Analyst
41-4012.00,1.A.1.b.3,Problem Sensitivity,IM,3.12,8,0.125,2.88,3.37,N,,08/2020,Analyst
41-4012.00,1.A.1.b.3,Problem Sensitivity,LV,3.25,8,0.1637,2.9292,3.5708,N,N,08/2020,Analyst
41-4012.00,1.A.1.b.4,Deductive Reasoning,IM,3.12,8,0.125,2.88,3.37,N,,08/2020,Analyst
41-4012.00,1.A.1.b.4,Deductive Reasoning,LV,3.25,8,0.1637,2.9292,3.5708,N,N,08/2020,Analyst
41-4012.00,1.A.1.b.5,Inductive Reasoning,IM,3.0,8,0.0,3.0,3.0,N,,08/2020,Analyst
41-4012.00,1.A.1.b.5,Inductive Reasoning,LV,3.12,8,0.125,2.88,3.37,N,N,08/2020,Analyst
41-4012.00,1.A.1.b.6,Information Ordering,IM,3.12,8,0.125,2.88,3.37,N,,08/2020,Analyst
41-4012.00,1.A.1.b.6,Information Ordering,LV,3.12,8,0.125,2.88,3.37,N,N,08/2020,Analyst
41-4012.00,1.A.1.b.7,Category Flexibility,IM,3.12,8,0.125,2.88,3.37,N,,08/2020,Analyst
41-4012.00,1.A.1.b.7,Category Flexibility,LV,3.0,8,0.0,3.0,3.0,N,N,08/2020,Analyst
41-4012.00,1.A.1.c.1,Mathematical Reasoning,IM,2.38,8,0.183,2.0164,2.7336,N,,08/2020,Analyst
41-4012.00,1.A.1.c.1,Mathematical Reasoning,LV,2.38,8,0.2631,1.8594,2.8906,N,N,08/2020,Analyst
41-4012.00,1.A.1.c.2,Number Facility,IM,2.38,8,0.183,2.0164,2.7336,N,,08/2020,Analyst
41-4012.00,1.A.1.c.2,Number Facility,LV,2.5,8,0.2673,1.9762,3.0238,N,N,08/2020,Analyst
41-4012.00,1.A.1.d.1,Memorization,IM,2.25,8,0.1637,1.9292,2.5708,N,,08/2020,Analyst
41-4012.00,1.A.1.d.1,Memorization,LV,2.25,8,0.1637,1.9292,2.5708,N,N,08/2020,Analyst
41-4012.00,1.A.1.e.1,Speed of Closure,IM,2.12,8,0.125,1.88,2.37,N,,08/2020,Analyst
41-4012.00,1.A.1.e.1,Speed of Closure,LV,2.12,8,0.125,1.88,2.37,N,N,08/2020,Analyst
41-4012.00,1.A.1.e.2,Flexibility of Closure,IM,2.38,8,0.183,2.0164,2.7336,N,,08/2020,Analyst
41-4012.00,1.A.1.e.2,Flexibility of Closure,LV,2.25,8,0.1637,1.9292,2.5708,N,N,08/2020,Analyst
41-4012.00,1.A.1.e.3,Perceptual Speed,IM,2.12,8,0.125,1.88,2.37,N,,08/2020,Analyst
41-4012.00,1.A.1.e.3,Perceptual Speed,LV,2.12,8,0.125,1.88,2.37,N,N,08/2020,Analyst
41-4012.00,1.A.1.f.1,Spatial Orientation,IM,1.5,8,0.189,1.1296,1.8704,N,,08/2020,Analyst
41-4012.00,1.A.1.f.1,Spatial Orientation,LV,0.75,8,0.3134,0.1358,1.3642,N,N,08/2020,Analyst
41-4012.00,1.A.1.f.2,Visualization,IM,2.12,8,0.125,1.88,2.37,N,,08/2020,Analyst
41-4012.00,1.A.1.f.2,Visualization,LV,2.25,8,0.25,1.76,2.74,N,N,08/2020,Analyst
41-4012.00,1.A.1.g.1,Selective Attention,IM,2.38,8,0.183,2.0164,2.7336,N,,08/2020,Analyst
41-4012.00,1.A.1.g.1,Selective Attention,LV,2.38,8,0.183,2.0164,2.7336,N,N,08/2020,Analyst
41-4012.00,1.A.1.g.2,Time Sharing,IM,2.25,8,0.1637,1.9292,2.5708,N,,08/2020,Analyst
41-4012.00,1.A.1.g.2,Time Sharing,LV,2.12,8,0.125,1.88,2.37,N,N,08/2020,Analyst
41-4012.00,1.A.2.a.1,Arm-Hand Steadiness,IM,2.0,8,0.0,2.0,2.0,N,,08/2020,Analyst
41-4012.00,1.A.2.a.1,Arm-Hand Steadiness,LV,1.75,8,0.1637,1.4292,2.0708,N,N,08/2020,Analyst
41-4012.00,1.A.2.a.2,Manual Dexterity,IM,2.12,8,0.125,1.88,2.37,N,,08/2020,Analyst
41-4012.00,1.A.2.a.2,Manual Dexterity,LV,1.38,8,0.183,1.0164,1.7336,N,N,08/2020,Analyst
41-4012.00,1.A.2.a.3,Finger Dexterity,IM,2.12,8,0.125,1.88,2.37,N,,08/2020,Analyst
41-4012.00,1.A.2.a.3,Finger Dexterity,LV,2.0,8,0.0,2.0,2.0,N,N,08/2020,Analyst
41-4012.00,1.A.2.b.1,Control Precision,IM,2.12,8,0.125,1.88,2.37,N,,08/2020,Analyst
41-4012.00,1.A.2.b.1,Control Precision,LV,1.88,8,0.125,1.63,2.12,N,N,08/2020,Analyst
41-4012.00,1.A.2.b.2,Multilimb Coordination,IM,2.0,8,0.0,2.0,2.0,N,,08/2020,Analyst
41-4012.00,1.A.2.b.2,Multilimb Coordination,LV,2.0,8,0.0,2.0,2.0,N,N,08/2020,Analyst
41-4012.00,1.A.2.b.3,Response Orientation,IM,1.75,8,0.1637,1.4292,2.0708,N,,08/2020,Analyst
41-4012.00,1.A.2.b.3,Response Orientation,LV,1.0,8,0.2673,0.4762,1.5238,N,N,08/2020,Analyst
41-4012.00,1.A.2.b.4,Rate Control,IM,1.5,8,0.189,1.1296,1.8704,N,,08/2020,Analyst
41-4012.00,1.A.2.b.4,Rate Control,LV,0.62,8,0.2631,0.1094,1.1406,N,N,08/2020,Analyst
41-4012.00,1.A.2.c.1,Reaction Time,IM,1.62,8,0.183,1.2664,1.9836,N,,08/2020,Analyst
41-4012.00,1.A.2.c.1,Reaction Time,LV,0.75,8,0.25,0.26,1.24,N,N,08/2020,Analyst
41-4012.00,1.A.2.c.2,Wrist-Finger Speed,IM,1.5,8,0.189,1.1296,1.8704,N,,08/2020,Analyst
41-4012.00,1.A.2.c.2,Wrist-Finger Speed,LV,0.62,8,0.2631,0.1094,1.1406,N,N,08/2020,Analyst
41-4012.00,1.A.2.c.3,Speed of Limb Movement,IM,1.25,8,0.1637,1.0,1.5708,N,,08/2020,Analyst
41-4012.00,1.A.2.c.3,Speed of Limb Movement,LV,0.25,8,0.1637,0.0,0.5708,N,Y,08/2020,Analyst
41-4012.00,1.A.3.a.1,Static Strength,IM,1.38,8,0.183,1.0164,1.7336,N,,08/2020,Analyst
41-4012.00,1.A.3.a.1,Static Strength,LV,0.62,8,0.3239,0.0,1.2598,N,N,08/2020,Analyst
41-4012.00,1.A.3.a.2,Explosive Strength,IM,1.38,8,0.183,1.0164,1.7336,N,,08/2020,Analyst
41-4012.00,1.A.3.a.2,Explosive Strength,LV,0.5,8,0.2673,0.0,1.0238,N,N,08/2020,Analyst
41-4012.00,1.A.3.a.3,Dynamic Strength,IM,1.38,8,0.183,1.0164,1.7336,N,,08/2020,Analyst
41-4012.00,1.A.3.a.3,Dynamic Strength,LV,0.5,8,0.2673,0.0,1.0238,N,N,08/2020,Analyst
41-4012.00,1.A.3.a.4,Trunk Strength,IM,2.0,8,0.189,1.6296,2.3704,N,,08/2020,Analyst
41-4012.00,1.A.3.a.4,Trunk Strength,LV,1.62,8,0.3239,0.9902,2.2598,N,N,08/2020,Analyst
41-4012.00,1.A.3.b.1,Stamina,IM,1.5,8,0.189,1.1296,1.8704,N,,08/2020,Analyst
41-4012.00,1.A.3.b.1,Stamina,LV,0.75,8,0.3134,0.1358,1.3642,N,N,08/2020,Analyst
41-4012.00,1.A.3.c.1,Extent Flexibility,IM,1.62,8,0.183,1.2664,1.9836,N,,08/2020,Analyst
41-4012.00,1.A.3.c.1,Extent Flexibility,LV,0.75,8,0.25,0.26,1.24,N,N,08/2020,Analyst
41-4012.00,1.A.3.c.2,Dynamic Flexibility,IM,1.12,8,0.125,1.0,1.37,N,,08/2020,Analyst
41-4012.00,1.A.3.c.2,Dynamic Flexibility,LV,0.12,8,0.125,0.0,0.37,N,Y,08/2020,Analyst
41-4012.00,1.A.3.c.3,Gross Body Coordination,IM,1.5,8,0.189,1.1296,1.8704,N,,08/2020,Analyst
41-4012.00,1.A.3.c.3,Gross Body Coordination,LV,0.62,8,0.2631,0.1094,1.1406,N,N,08/2020,Analyst
41-4012.00,1.A.3.c.4,Gross Body Equilibrium,IM,1.38,8,0.183,1.0164,1.7336,N,,08/2020,Analyst
41-4012.00,1.A.3.c.4,Gross Body Equilibrium,LV,0.38,8,0.183,0.0164,0.7336,N,N,08/2020,Analyst
41-4012.00,1.A.4.a.1,Near Vision,IM,3.12,8,0.125,2.88,3.37,N,,08/2020,Analyst
41-4012.00,1.A.4.a.1,Near Vision,LV,3.25,8,0.1637,2.9292,3.5708,N,N,08/2020,Analyst
41-4012.00,1.A.4.a.2,Far Vision,IM,2.25,8,0.1637,1.9292,2.5708,N,,08/2020,Analyst
41-4012.00,1.A.4.a.2,Far Vision,LV,2.25,8,0.1637,1.9292,2.5708,N,N,08/2020,Analyst
41-4012.00,1.A.4.a.3,Visual Color Discrimination,IM,1.88,8,0.125,1.63,2.12,N,,08/2020,Analyst
41-4012.00,1.A.4.a.3,Visual Color Discrimination,LV,1.75,8,0.25,1.26,2.24,N,N,08/2020,Analyst
41-4012.00,1.A.4.a.4,Night Vision,IM,1.5,8,0.189,1.1296,1.8704,N,,08/2020,Analyst
41-4012.00,1.A.4.a.4,Night Vision,LV,0.62,8,0.2631,0.1094,1.1406,N,N,08/2020,Analyst
41-4012.00,1.A.4.a.5,Peripheral Vision,IM,1.62,8,0.183,1.2664,1.9836,N,,08/2020,Analyst
41-4012.00,1.A.4.a.5,Peripheral Vision,LV,0.75,8,0.25,0.26,1.24,N,N,08/2020,Analyst
41-4012.00,1.A.4.a.6,Depth Perception,IM,1.88,8,0.125,1.63,2.12,N,,08/2020,Analyst
41-4012.00,1.A.4.a.6,Depth Perception,LV,1.25,8,0.25,0.76,1.74,N,N,08/2020,Analyst
41-4012.00,1.A.4.a.7,Glare Sensitivity,IM,1.62,8,0.183,1.2664,1.9836,N,,08/2020,Analyst
41-4012.00,1.A.4.a.7,Glare Sensitivity,LV,0.75,8,0.25,0.26,1.24,N,N,08/2020,Analyst
41-4012.00,1.A.4.b.1,Hearing Sensitivity,IM,1.62,8,0.183,1.2664,1.9836,N,,08/2020,Analyst
41-4012.00,1.A.4.b.1,Hearing Sensitivity,LV,0.88,8,0.295,0.2967,1.4533,N,N,08/2020,Analyst
41-4012.00,1.A.4.b.2,Auditory Attention,IM,1.88,8,0.125,1.63,2.12,N,,08/2020,Analyst
41-4012.00,1.A.4.b.2,Auditory Attention,LV,1.25,8,0.25,0.76,1.74,N,N,08/2020,Analyst
41-4012.00,1.A.4.b.3,Sound Localization,IM,1.38,8,0.183,1.0164,1.7336,N,,08/2020,Analyst
41-4012.00,1.A.4.b.3,Sound Localization,LV,0.5,8,0.2673,0.0,1.0238,N,N,08/2020,Analyst
41-4012.00,1.A.4.b.4,Speech Recognition,IM,3.75,8,0.1637,3.4292,4.0708,N,,08/2020,Analyst
41-4012.00,1.A.4.b.4,Speech Recognition,LV,4.0,8,0.0,4.0,4.0,N,N,08/2020,Analyst
41-4012.00,1.A.4.b.5,Speech Clarity,IM,3.88,8,0.125,3.63,4.12,N,,08/2020,Analyst
41-4012.00,1.A.4.b.5,Speech Clarity,LV,3.88,8,0.125,3.63,4.12,N,N,08/2020,Analyst
41-9011.00,1.A.1.a.1,Oral Comprehension,IM,3.88,8,0.125,3.63,4.12,N,,07/2016,Analyst
41-9011.00,1.A.1.a.1,Oral Comprehension,LV,3.75,8,0.1637,3.4292,4.0708,N,N,07/2016,Analyst
41-9011.00,1.A.1.a.2,Written Comprehension,IM,3.0,8,0.0,3.0,3.0,N,,07/2016,Analyst
41-9011.00,1.A.1.a.2,Written Comprehension,LV,3.0,8,0.0,3.0,3.0,N,N,07/2016,Analyst
41-9011.00,1.A.1.a.3,Oral Expression,IM,3.88,8,0.125,3.63,4.12,N,,07/2016,Analyst
41-9011.00,1.A.1.a.3,Oral Expression,LV,3.88,8,0.125,3.63,4.12,N,N,07/2016,Analyst
41-9011.00,1.A.1.a.4,Written Expression,IM,3.0,8,0.0,3.0,3.0,N,,07/2016,Analyst
41-9011.00,1.A.1.a.4,Written Expression,LV,3.0,8,0.0,3.0,3.0,N,N,07/2016,Analyst
41-9011.00,1.A.1.b.1,Fluency of Ideas,IM,2.75,8,0.1637,2.4292,3.0708,N,,07/2016,Analyst
41-9011.00,1.A.1.b.1,Fluency of Ideas,LV,3.0,8,0.0,3.0,3.0,N,N,07/2016,Analyst
41-9011.00,1.A.1.b.2,Originality,IM,2.88,8,0.125,2.63,3.12,N,,07/2016,Analyst
41-9011.00,1.A.1.b.2,Originality,LV,3.0,8,0.0,3.0,3.0,N,N,07/2016,Analyst
41-9011.00,1.A.1.b.3,Problem Sensitivity,IM,3.0,8,0.0,3.0,3.0,N,,07/2016,Analyst
41-9011.00,1.A.1.b.3,Problem Sensitivity,LV,3.0,8,0.0,3.0,3.0,N,N,07/2016,Analyst
41-9011.00,1.A.1.b.4,Deductive Reasoning,IM,3.12,8,0.125,2.88,3.37,N,,07/2016,Analyst
41-9011.00,1.A.1.b.4,Deductive Reasoning,LV,3.0,8,0.0,3.0,3.0,N,N,07/2016,Analyst
41-9011.00,1.A.1.b.5,Inductive Reasoning,IM,3.0,8,0.0,3.0,3.0,N,,07/2016,Analyst
41-9011.00,1.A.1.b.5,Inductive Reasoning,LV,3.0,8,0.0,3.0,3.0,N,N,07/2016,Analyst
41-9011.00,1.A.1.b.6,Information Ordering,IM,3.0,8,0.0,3.0,3.0,N,,07/2016,Analyst
41-9011.00,1.A.1.b.6,Information Ordering,LV,3.0,8,0.0,3.0,3.0,N,N,07/2016,Analyst
41-9011.00,1.A.1.b.7,Category Flexibility,IM,3.0,8,0.0,3.0,3.0,N,,07/2016,Analyst
41-9011.00,1.A.1.b.7,Category Flexibility,LV,3.0,8,0.0,3.0,3.0,N,N,07/2016,Analyst
41-9011.00,1.A.1.c.1,Mathematical Reasoning,IM,2.12,8,0.125,1.88,2.37,N,,07/2016,Analyst
41-9011.00,1.A.1.c.1,Mathematical Reasoning,LV,2.12,8,0.125,1.88,2.37,N,N,07/2016,Analyst
41-9011.00,1.A.1.c.2,Number Facility,IM,2.12,8,0.125,1.88,2.37,N,,07/2016,Analyst
41-9011.00,1.A.1.c.2,Number Facility,LV,2.12,8,0.125,1.88,2.37,N,N,07/2016,Analyst
41-9011.00,1.A.1.d.1,Memorization,IM,2.62,8,0.183,2.2664,2.9836,N,,07/2016,Analyst
41-9011.00,1.A.1.d.1,Memorization,LV,2.88,8,0.125,2.63,3.12,N,N,07/2016,Analyst
41-9011.00,1.A.1.e.1,Speed of Closure,IM,2.25,8,0.1637,1.9292,2.5708,N,,07/2016,Analyst
41-9011.00,1.A.1.e.1,Speed of Closure,LV,2.0,8,0.0,2.0,2.0,N,N,07/2016,Analyst
41-9011.00,1.A.1.e.2,Flexibility of Closure,IM,2.62,8,0.183,2.2664,2.9836,N,,07/2016,Analyst
41-9011.00,1.A.1.e.2,Flexibility of Closure,LV,2.38,8,0.183,2.0164,2.7336,N,N,07/2016,Analyst
41-9011.00,1.A.1.e.3,Perceptual Speed,IM,2.75,8,0.1637,2.4292,3.0708,N,,07/2016,Analyst
41-9011.00,1.A.1.e.3,Perceptual Speed,LV,2.5,8,0.189,2.1296,2.8704,N,N,07/2016,Analyst
41-9011.00,1.A.1.f.1,Spatial Orientation,IM,1.38,8,0.183,1.0164,1.7336,N,,07/2016,Analyst
41-9011.00,1.A.1.f.1,Spatial Orientation,LV,0.38,8,0.183,0.0164,0.7336,N,N,07/2016,Analyst
41-9011.00,1.A.1.f.2,Visualization,IM,2.88,8,0.125,2.63,3.12,N,,07/2016,Analyst
41-9011.00,1.A.1.f.2,Visualization,LV,3.12,8,0.125,2.88,3.37,N,N,07/2016,Analyst
41-9011.00,1.A.1.g.1,Selective Attention,IM,3.0,8,0.0,3.0,3.0,N,,07/2016,Analyst
41-9011.00,1.A.1.g.1,Selective Attention,LV,2.88,8,0.125,2.63,3.12,N,N,07/2016,Analyst
41-9011.00,1.A.1.g.2,Time Sharing,IM,2.75,8,0.1637,2.4292,3.0708,N,,07/2016,Analyst
41-9011.00,1.A.1.g.2,Time Sharing,LV,3.0,8,0.0,3.0,3.0,N,N,07/2016,Analyst
41-9011.00,1.A.2.a.1,Arm-Hand Steadiness,IM,2.12,8,0.2266,1.6809,2.5691,N,,07/2016,Analyst
41-9011.00,1.A.2.a.1,Arm-Hand Steadiness,LV,1.88,8,0.295,1.2967,2.4533,N,N,07/2016,Analyst
41-9011.00,1.A.2.a.2,Manual Dexterity,IM,2.0,8,0.189,1.6296,2.3704,N,,07/2016,Analyst
41-9011.00,1.A.2.a.2,Manual Dexterity,LV,1.38,8,0.2631,0.8594,1.8906,N,N,07/2016,Analyst
41-9011.00,1.A.2.a.3,Finger Dexterity,IM,2.38,8,0.2631,1.8594,2.8906,N,,07/2016,Analyst
41-9011.00,1.A.2.a.3,Finger Dexterity,LV,1.75,8,0.25,1.26,2.24,N,N,07/2016,Analyst
41-9011.00,1.A.2.b.1,Control Precision,IM,1.75,8,0.25,1.26,2.24,N,,07/2016,Analyst
41-9011.00,1.A.2.b.1,Control Precision,LV,1.12,8,0.3504,0.4383,1.8117,N,N,07/2016,Analyst
41-9011.00,1.A.2.b.2,Multilimb Coordination,IM,2.25,8,0.1637,1.9292,2.5708,N,,07/2016,Analyst
41-9011.00,1.A.2.b.2,Multilimb Coordination,LV,2.0,8,0.0,2.0,2.0,N,N,07/2016,Analyst
41-9011.00,1.A.2.b.3,Response Orientation,IM,1.0,8,0.0,1.0,1.0,N,,07/2016,Analyst
41-9011.00,1.A.2.b.3,Response Orientation,LV,0.0,8,0.0,0.0,0.0,N,Y,07/2016,Analyst
41-9011.00,1.A.2.b.4,Rate Control,IM,1.62,8,0.183,1.2664,1.9836,N,,07/2016,Analyst
41-9011.00,1.A.2.b.4,Rate Control,LV,0.62,8,0.183,0.2664,0.9836,N,N,07/2016,Analyst
41-9011.00,1.A.2.c.1,Reaction Time,IM,1.62,8,0.183,1.2664,1.9836,N,,07/2016,Analyst
41-9011.00,1.A.2.c.1,Reaction Time,LV,0.62,8,0.183,0.2664,0.9836,N,N,07/2016,Analyst
41-9011.00,1.A.2.c.2,Wrist-Finger Speed,IM,1.5,8,0.189,1.1296,1.8704,N,,07/2016,Analyst
41-9011.00,1.A.2.c.2,Wrist-Finger Speed,LV,0.5,8,0.189,0.1296,0.8704,N,N,07/2016,Analyst
41-9011.00,1.A.2.c.3,Speed of Limb Movement,IM,1.0,8,0.0,1.0,1.0,N,,07/2016,Analyst
41-9011.00,1.A.2.c.3,Speed of Limb Movement,LV,0.0,8,0.0,0.0,0.0,N,Y,07/2016,Analyst
41-9011.00,1.A.3.a.1,Static Strength,IM,2.25,8,0.1637,1.9292,2.5708,N,,07/2016,Analyst
41-9011.00,1.A.3.a.1,Static Strength,LV,2.12,8,0.125,1.88,2.37,N,N,07/2016,Analyst
41-9011.00,1.A.3.a.2,Explosive Strength,IM,1.5,8,0.189,1.1296,1.8704,N,,07/2016,Analyst
41-9011.00,1.A.3.a.2,Explosive Strength,LV,0.88,8,0.3504,0.1883,1.5617,N,N,07/2016,Analyst
41-9011.00,1.A.3.a.3,Dynamic Strength,IM,2.12,8,0.125,1.88,2.37,N,,07/2016,Analyst
41-9011.00,1.A.3.a.3,Dynamic Strength,LV,1.88,8,0.125,1.63,2.12,N,N,07/2016,Analyst
41-9011.00,1.A.3.a.4,Trunk Strength,IM,2.75,8,0.1637,2.4292,3.0708,N,,07/2016,Analyst
41-9011.00,1.A.3.a.4,Trunk Strength,LV,2.12,8,0.125,1.88,2.37,N,N,07/2016,Analyst
41-9011.00,1.A.3.b.1,Stamina,IM,2.12,8,0.125,1.88,2.37,N,,07/2016,Analyst
41-9011.00,1.A.3.b.1,Stamina,LV,1.75,8,0.1637,1.4292,2.0708,N,N,07/2016,Analyst
41-9011.00,1.A.3.c.1,Extent Flexibility,IM,2.12,8,0.125,1.88,2.37,N,,07/2016,Analyst
41-9011.00,1.A.3.c.1,Extent Flexibility,LV,2.0,8,0.0,2.0,2.0,N,N,07/2016,Analyst
41-9011.00,1.A.3.c.2,Dynamic Flexibility,IM,1.0,8,0.0,1.0,1.0,N,,07/2016,Analyst
41-9011.00,1.A.3.c.2,Dynamic Flexibility,LV,0.0,8,0.0,0.0,0.0,N,Y,07/2016,Analyst
41-9011.00,1.A.3.c.3,Gross Body Coordination,IM,2.0,8,0.0,2.0,2.0,N,,07/2016,Analyst
41-9011.00,1.A.3.c.3,Gross Body Coordination,LV,1.88,8,0.125,1.63,2.12,N,N,07/2016,Analyst
41-9011.00,1.A.3.c.4,Gross Body Equilibrium,IM,2.0,8,0.0,2.0,2.0,N,,07/2016,Analyst
41-9011.00,1.A.3.c.4,Gross Body Equilibrium,LV,1.38,8,0.183,1.0164,1.7336,N,N,07/2016,Analyst
41-9011.00,1.A.4.a.1,Near Vision,IM,3.12,8,0.125,2.88,3.37,N,,07/2016,Analyst
41-9011.00,1.A.4.a.1,Near Vision,LV,3.38,8,0.183,3.0164,3.7336,N,N,07/2016,Analyst
41-9011.00,1.A.4.a.2,Far Vision,IM,2.88,8,0.125,2.63,3.12,N,,07/2016,Analyst
41-9011.00,1.A.4.a.2,Far Vision,LV,3.25,8,0.1637,2.9292,3.5708,N,N,07/2016,Analyst
41-9011.00,1.A.4.a.3,Visual Color Discrimination,IM,2.75,8,0.1637,2.4292,3.0708,N,,07/2016,Analyst
41-9011.00,1.A.4.a.3,Visual Color Discrimination,LV,2.25,8,0.1637,1.9292,2.5708,N,N,07/2016,Analyst
41-9011.00,1.A.4.a.4,Night Vision,IM,1.0,8,0.0,1.0,1.0,N,,07/2016,Analyst
41-9011.00,1.A.4.a.4,Night Vision,LV,0.0,8,0.0,0.0,0.0,N,Y,07/2016,Analyst
41-9011.00,1.A.4.a.5,Peripheral Vision,IM,1.0,8,0.0,1.0,1.0,N,,07/2016,Analyst
41-9011.00,1.A.4.a.5,Peripheral Vision,LV,0.0,8,0.0,0.0,0.0,N,Y,07/2016,Analyst
41-9011.00,1.A.4.a.6,Depth Perception,IM,2.0,8,0.0,2.0,2.0,N,,07/2016,Analyst
41-9011.00,1.A.4.a.6,Depth Perception,LV,2.0,8,0.0,2.0,2.0,N,N,07/2016,Analyst
41-9011.00,1.A.4.a.7,Glare Sensitivity,IM,1.0,8,0.0,1.0,1.0,N,,07/2016,Analyst
41-9011.00,1.A.4.a.7,Glare Sensitivity,LV,0.0,8,0.0,0.0,0.0,N,Y,07/2016,Analyst
41-9011.00,1.A.4.b.1,Hearing Sensitivity,IM,2.62,8,0.183,2.2664,2.9836,N,,07/2016,Analyst
41-9011.00,1.A.4.b.1,Hearing Sensitivity,LV,2.0,8,0.0,2.0,2.0,N,N,07/2016,Analyst
41-9011.00,1.A.4.b.2,Auditory Attention,IM,2.75,8,0.1637,2.4292,3.0708,N,,07/2016,Analyst
41-9011.00,1.A.4.b.2,Auditory Attention,LV,2.62,8,0.183,2.2664,2.9836,N,N,07/2016,Analyst
41-9011.00,1.A.4.b.3,Sound Localization,IM,1.0,8,0.0,1.0,1.0,N,,07/2016,Analyst
41-9011.00,1.A.4.b.3,Sound Localization,LV,0.0,8,0.0,0.0,0.0,N,Y,07/2016,Analyst
41-9011.00,1.A.4.b.4,Speech Recognition,IM,3.75,8,0.1637,3.4292,4.0708,N,,07/2016,Analyst
41-9011.00,1.A.4.b.4,Speech Recognition,LV,3.88,8,0.125,3.63,4.12,N,N,07/2016,Analyst
41-9011.00,1.A.4.b.5,Speech Clarity,IM,3.88,8,0.125,3.63,4.12,N,,07/2016,Analyst
41-9011.00,1.A.4.b.5,Speech Clarity,LV,4.0,8,0.0,4.0,4.0,N,N,07/2016,Analyst
41-9012.00,1.A.1.a.1,Oral Comprehension,IM,2.88,8,0.125,2.63,3.12,N,,08/2021,Analyst
41-9012.00,1.A.1.a.1,Oral Comprehension,LV,3.0,8,0.189,2.6296,3.3704,N,N,08/2021,Analyst
41-9012.00,1.A.1.a.2,Written Comprehension,IM,2.25,8,0.1637,1.9292,2.5708,N,,08/2021,Analyst
41-9012.00,1.A.1.a.2,Written Comprehension,LV,2.38,8,0.183,2.0164,2.7336,N,N,08/2021,Analyst
41-9012.00,1.A.1.a.3,Oral Expression,IM,2.75,8,0.1637,2.4292,3.0708,N,,08/2021,Analyst
41-9012.00,1.A.1.a.3,Oral Expression,LV,2.62,8,0.183,2.2664,2.9836,N,N,08/2021,Analyst
41-9012.00,1.A.1.a.4,Written Expression,IM,2.38,8,0.183,2.0164,2.7336,N,,08/2021,Analyst
41-9012.00,1.A.1.a.4,Written Expression,LV,2.25,8,0.1637,1.9292,2.5708,N,N,08/2021,Analyst
41-9012.00,1.A.1.b.1,Fluency of Ideas,IM,2.25,8,0.1637,1.9292,2.5708,N,,08/2021,Analyst
41-9012.00,1.A.1.b.1,Fluency of Ideas,LV,2.12,8,0.125,1.88,2.37,N,N,08/2021,Analyst
41-9012.00,1.A.1.b.2,Originality,IM,2.5,8,0.189,2.1296,2.8704,N,,08/2021,Analyst
41-9012.00,1.A.1.b.2,Originality,LV,2.12,8,0.125,1.88,2.37,N,N,08/2021,Analyst
41-9012.00,1.A.1.b.3,Problem Sensitivity,IM,2.25,8,0.1637,1.9292,2.5708,N,,08/2021,Analyst
41-9012.00,1.A.1.b.3,Problem Sensitivity,LV,2.0,8,0.0,2.0,2.0,N,N,08/2021,Analyst
41-9012.00,1.A.1.b.4,Deductive Reasoning,IM,2.0,8,0.0,2.0,2.0,N,,08/2021,Analyst
41-9012.00,1.A.1.b.4,Deductive Reasoning,LV,2.0,8,0.0,2.0,2.0,N,N,08/2021,Analyst
41-9012.00,1.A.1.b.5,Inductive Reasoning,IM,2.25,8,0.1637,1.9292,2.5708,N,,08/2021,Analyst
41-9012.00,1.A.1.b.5,Inductive Reasoning,LV,2.0,8,0.0,2.0,2.0,N,N,08/2021,Analyst
41-9012.00,1.A.1.b.6,Information Ordering,IM,2.12,8,0.125,1.88,2.37,N,,08/2021,Analyst
41-9012.00,1.A.1.b.6,Information Ordering,LV,2.0,8,0.0,2.0,2.0,N,N,08/2021,Analyst
41-9012.00,1.A.1.b.7,Category Flexibility,IM,2.38,8,0.183,2.0164,2.7336,N,,08/2021,Analyst
41-9012.00,1.A.1.b.7,Category Flexibility,LV,2.62,8,0.183,2.2664,2.9836,N,N,08/2021,Analyst
41-9012.00,1.A.1.c.1,Mathematical Reasoning,IM,1.62,8,0.183,1.2664,1.9836,N,,08/2021,Analyst
41-9012.00,1.A.1.c.1,Mathematical Reasoning,LV,0.88,8,0.295,0.2967,1.4533,N,N,08/2021,Analyst
41-9012.00,1.A.1.c.2,Number Facility,IM,1.62,8,0.183,1.2664,1.9836,N,,08/2021,Analyst
41-9012.00,1.A.1.c.2,Number Facility,LV,0.62,8,0.183,0.2664,0.9836,N,N,08/2021,Analyst
41-9012.00,1.A.1.d.1,Memorization,IM,1.75,8,0.1637,1.4292,2.0708,N,,08/2021,Analyst
41-9012.00,1.A.1.d.1,Memorization,LV,1.12,8,0.295,0.5467,1.7033,N,N,08/2021,Analyst
41-9012.00,1.A.1.e.1,Speed of Closure,IM,1.25,8,0.1637,1.0,1.5708,N,,08/2021,Analyst
41-9012.00,1.A.1.e.1,Speed of Closure,LV,0.25,8,0.1637,0.0,0.5708,N,Y,08/2021,Analyst
41-9012.00,1.A.1.e.2,Flexibility of Closure,IM,1.62,8,0.183,1.2664,1.9836,N,,08/2021,Analyst
41-9012.00,1.A.1.e.2,Flexibility of Closure,LV,0.62,8,0.183,0.2664,0.9836,N,N,08/2021,Analyst
41-9012.00,1.A.1.e.3,Perceptual Speed,IM,1.38,8,0.183,1.0164,1.7336,N,,08/2021,Analyst
41-9012.00,1.A.1.e.3,Perceptual Speed,LV,0.38,8,0.183,0.0164,0.7336,N,N,08/2021,Analyst
41-9012.00,1.A.1.f.1,Spatial Orientation,IM,1.62,8,0.183,1.2664,1.9836,N,,08/2021,Analyst
41-9012.00,1.A.1.f.1,Spatial Orientation,LV,0.88,8,0.295,0.2967,1.4533,N,N,08/2021,Analyst
41-9012.00,1.A.1.f.2,Visualization,IM,2.12,8,0.125,1.88,2.37,N,,08/2021,Analyst
41-9012.00,1.A.1.f.2,Visualization,LV,2.0,8,0.189,1.6296,2.3704,N,N,08/2021,Analyst
41-9012.00,1.A.1.g.1,Selective Attention,IM,2.62,8,0.183,2.2664,2.9836,N,,08/2021,Analyst
41-9012.00,1.A.1.g.1,Selective Attention,LV,2.25,8,0.1637,1.9292,2.5708,N,N,08/2021,Analyst
41-9012.00,1.A.1.g.2,Time Sharing,IM,2.12,8,0.125,1.88,2.37,N,,08/2021,Analyst
41-9012.00,1.A.1.g.2,Time Sharing,LV,2.12,8,0.125,1.88,2.37,N,N,08/2021,Analyst
41-9012.00,1.A.2.a.1,Arm-Hand Steadiness,IM,1.88,8,0.125,1.63,2.12,N,,08/2021,Analyst
41-9012.00,1.A.2.a.1,Arm-Hand Steadiness,LV,1.62,8,0.2631,1.1094,2.1406,N,N,08/2021,Analyst
41-9012.00,1.A.2.a.2,Manual Dexterity,IM,1.5,8,0.189,1.1296,1.8704,N,,08/2021,Analyst
41-9012.00,1.A.2.a.2,Manual Dexterity,LV,0.5,8,0.189,0.1296,0.8704,N,N,08/2021,Analyst
41-9012.00,1.A.2.a.3,Finger Dexterity,IM,1.38,8,0.183,1.0164,1.7336,N,,08/2021,Analyst
41-9012.00,1.A.2.a.3,Finger Dexterity,LV,0.38,8,0.183,0.0164,0.7336,N,N,08/2021,Analyst
41-9012.00,1.A.2.b.1,Control Precision,IM,1.0,8,0.0,1.0,1.0,N,,08/2021,Analyst
41-9012.00,1.A.2.b.1,Control Precision,LV,0.0,8,0.0,0.0,0.0,N,Y,08/2021,Analyst
41-9012.00,1.A.2.b.2,Multilimb Coordination,IM,2.62,8,0.183,2.2664,2.9836,N,,08/2021,Analyst
41-9012.00,1.A.2.b.2,Multilimb Coordination,LV,2.0,8,0.0,2.0,2.0,N,N,08/2021,Analyst
41-9012.00,1.A.2.b.3,Response Orientation,IM,1.5,8,0.189,1.1296,1.8704,N,,08/2021,Analyst
41-9012.00,1.A.2.b.3,Response Orientation,LV,0.62,8,0.2631,0.1094,1.1406,N,N,08/2021,Analyst
41-9012.00,1.A.2.b.4,Rate Control,IM,1.12,8,0.125,1.0,1.37,N,,08/2021,Analyst
41-9012.00,1.A.2.b.4,Rate Control,LV,0.12,8,0.125,0.0,0.37,N,Y,08/2021,Analyst
41-9012.00,1.A.2.c.1,Reaction Time,IM,1.25,8,0.1637,1.0,1.5708,N,,08/2021,Analyst
41-9012.00,1.A.2.c.1,Reaction Time,LV,0.25,8,0.1637,0.0,0.5708,N,Y,08/2021,Analyst
41-9012.00,1.A.2.c.2,Wrist-Finger Speed,IM,1.0,8,0.0,1.0,1.0,N,,08/2021,Analyst
41-9012.00,1.A.2.c.2,Wrist-Finger Speed,LV,0.0,8,0.0,0.0,0.0,N,Y,08/2021,Analyst
41-9012.00,1.A.2.c.3,Speed of Limb Movement,IM,1.25,8,0.1637,1.0,1.5708,N,,08/2021,Analyst
41-9012.00,1.A.2.c.3,Speed of Limb Movement,LV,0.25,8,0.1637,0.0,0.5708,N,Y,08/2021,Analyst
41-9012.00,1.A.3.a.1,Static Strength,IM,1.88,8,0.125,1.63,2.12,N,,08/2021,Analyst
41-9012.00,1.A.3.a.1,Static Strength,LV,1.38,8,0.2631,0.8594,1.8906,N,N,08/2021,Analyst
41-9012.00,1.A.3.a.2,Explosive Strength,IM,1.25,8,0.1637,1.0,1.5708,N,,08/2021,Analyst
41-9012.00,1.A.3.a.2,Explosive Strength,LV,0.25,8,0.1637,0.0,0.5708,N,Y,08/2021,Analyst
41-9012.00,1.A.3.a.3,Dynamic Strength,IM,2.0,8,0.189,1.6296,2.3704,N,,08/2021,Analyst
41-9012.00,1.A.3.a.3,Dynamic Strength,LV,1.5,8,0.3273,0.8584,2.1416,N,N,08/2021,Analyst
41-9012.00,1.A.3.a.4,Trunk Strength,IM,2.75,8,0.1637,2.4292,3.0708,N,,08/2021,Analyst
41-9012.00,1.A.3.a.4,Trunk Strength,LV,2.75,8,0.1637,2.4292,3.0708,N,N,08/2021,Analyst
41-9012.00,1.A.3.b.1,Stamina,IM,2.25,8,0.1637,1.9292,2.5708,N,,08/2021,Analyst
41-9012.00,1.A.3.b.1,Stamina,LV,2.0,8,0.0,2.0,2.0,N,N,08/2021,Analyst
41-9012.00,1.A.3.c.1,Extent Flexibility,IM,2.62,8,0.183,2.2664,2.9836,N,,08/2021,Analyst
41-9012.00,1.A.3.c.1,Extent Flexibility,LV,2.75,8,0.25,2.26,3.24,N,N,08/2021,Analyst
41-9012.00,1.A.3.c.2,Dynamic Flexibility,IM,1.5,8,0.189,1.1296,1.8704,N,,08/2021,Analyst
41-9012.00,1.A.3.c.2,Dynamic Flexibility,LV,0.62,8,0.2631,0.1094,1.1406,N,N,08/2021,Analyst
41-9012.00,1.A.3.c.3,Gross Body Coordination,IM,2.75,8,0.1637,2.4292,3.0708,N,,08/2021,Analyst
41-9012.00,1.A.3.c.3,Gross Body Coordination,LV,2.62,8,0.183,2.2664,2.9836,N,N,08/2021,Analyst
41-9012.00,1.A.3.c.4,Gross Body Equilibrium,IM,2.75,8,0.1637,2.4292,3.0708,N,,08/2021,Analyst
41-9012.00,1.A.3.c.4,Gross Body Equilibrium,LV,2.62,8,0.183,2.2664,2.9836,N,N,08/2021,Analyst
41-9012.00,1.A.4.a.1,Near Vision,IM,2.38,8,0.183,2.0164,2.7336,N,,08/2021,Analyst
41-9012.00,1.A.4.a.1,Near Vision,LV,2.12,8,0.125,1.88,2.37,N,N,08/2021,Analyst
41-9012.00,1.A.4.a.2,Far Vision,IM,2.25,8,0.1637,1.9292,2.5708,N,,08/2021,Analyst
41-9012.00,1.A.4.a.2,Far Vision,LV,2.12,8,0.125,1.88,2.37,N,N,08/2021,Analyst
41-9012.00,1.A.4.a.3,Visual Color Discrimination,IM,2.25,8,0.1637,1.9292,2.5708,N,,08/2021,Analyst
41-9012.00,1.A.4.a.3,Visual Color Discrimination,LV,2.12,8,0.125,1.88,2.37,N,N,08/2021,Analyst
41-9012.00,1.A.4.a.4,Night Vision,IM,1.0,8,0.0,1.0,1.0,N,,08/2021,Analyst
41-9012.00,1.A.4.a.4,Night Vision,LV,0.0,8,0.0,0.0,0.0,N,Y,08/2021,Analyst
41-9012.00,1.A.4.a.5,Peripheral Vision,IM,1.25,8,0.1637,1.0,1.5708,N,,08/2021,Analyst
41-9012.00,1.A.4.a.5,Peripheral Vision,LV,0.25,8,0.1637,0.0,0.5708,N,Y,08/2021,Analyst
41-9012.00,1.A.4.a.6,Depth Perception,IM,1.38,8,0.183,1.0164,1.7336,N,,08/2021,Analyst
41-9012.00,1.A.4.a.6,Depth Perception,LV,0.5,8,0.2673,0.0,1.0238,N,N,08/2021,Analyst
41-9012.00,1.A.4.a.7,Glare Sensitivity,IM,1.5,8,0.189,1.1296,1.8704,N,,08/2021,Analyst
41-9012.00,1.A.4.a.7,Glare Sensitivity,LV,0.62,8,0.2631,0.1094,1.1406,N,N,08/2021,Analyst
41-9012.00,1.A.4.b.1,Hearing Sensitivity,IM,1.25,8,0.1637,1.0,1.5708,N,,08/2021,Analyst
41-9012.00,1.A.4.b.1,Hearing Sensitivity,LV,0.25,8,0.1637,0.0,0.5708,N,Y,08/2021,Analyst
41-9012.00,1.A.4.b.2,Auditory Attention,IM,1.38,8,0.183,1.0164,1.7336,N,,08/2021,Analyst
41-9012.00,1.A.4.b.2,Auditory Attention,LV,0.38,8,0.183,0.0164,0.7336,N,N,08/2021,Analyst
41-9012.00,1.A.4.b.3,Sound Localization,IM,1.0,8,0.0,1.0,1.0,N,,08/2021,Analyst
41-9012.00,1.A.4.b.3,Sound Localization,LV,0.0,8,0.0,0.0,0.0,N,Y,08/2021,Analyst
41-9012.00,1.A.4.b.4,Speech Recognition,IM,2.75,8,0.1637,2.4292,3.0708,N,,08/2021,Analyst
41-9012.00,1.A.4.b.4,Speech Recognition,LV,2.75,8,0.1637,2.4292,3.0708,N,N,08/2021,Analyst
41-9012.00,1.A.4.b.5,Speech Clarity,IM,2.75,8,0.1637,2.4292,3.0708,N,,08/2021,Analyst
41-9012.00,1.A.4.b.5,Speech Clarity,LV,2.62,8,0.183,2.2664,2.9836,N,N,08/2021,Analyst
41-9021.00,1.A.1.a.1,Oral Comprehension,IM,4.0,8,0.0,4.0,4.0,N,,07/2015,Analyst
41-9021.00,1.A.1.a.1,Oral Comprehension,LV,4.0,8,0.0,4.0,4.0,N,N,07/2015,Analyst
41-9021.00,1.A.1.a.2,Written Comprehension,IM,4.0,8,0.0,4.0,4.0,N,,07/2015,Analyst
41-9021.00,1.A.1.a.2,Written Comprehension,LV,4.0,8,0.0,4.0,4.0,N,N,07/2015,Analyst
41-9021.00,1.A.1.a.3,Oral Expression,IM,4.0,8,0.0,4.0,4.0,N,,07/2015,Analyst
41-9021.00,1.A.1.a.3,Oral Expression,LV,4.0,8,0.0,4.0,4.0,N,N,07/2015,Analyst
41-9021.00,1.A.1.a.4,Written Expression,IM,3.5,8,0.189,3.1296,3.8704,N,,07/2015,Analyst
41-9021.00,1.A.1.a.4,Written Expression,LV,3.62,8,0.183,3.2664,3.9836,N,N,07/2015,Analyst
41-9021.00,1.A.1.b.1,Fluency of Ideas,IM,2.75,8,0.1637,2.4292,3.0708,N,,07/2015,Analyst
41-9021.00,1.A.1.b.1,Fluency of Ideas,LV,2.62,8,0.183,2.2664,2.9836,N,N,07/2015,Analyst
41-9021.00,1.A.1.b.2,Originality,IM,2.5,8,0.189,2.1296,2.8704,N,,07/2015,Analyst
41-9021.00,1.A.1.b.2,Originality,LV,2.62,8,0.183,2.2664,2.9836,N,N,07/2015,Analyst
41-9021.00,1.A.1.b.3,Problem Sensitivity,IM,3.38,8,0.183,3.0164,3.7336,N,,07/2015,Analyst
41-9021.00,1.A.1.b.3,Problem Sensitivity,LV,3.5,8,0.189,3.1296,3.8704,N,N,07/2015,Analyst
41-9021.00,1.A.1.b.4,Deductive Reasoning,IM,3.62,8,0.183,3.2664,3.9836,N,,07/2015,Analyst
41-9021.00,1.A.1.b.4,Deductive Reasoning,LV,4.0,8,0.0,4.0,4.0,N,N,07/2015,Analyst
41-9021.00,1.A.1.b.5,Inductive Reasoning,IM,3.25,8,0.1637,2.9292,3.5708,N,,07/2015,Analyst
41-9021.00,1.A.1.b.5,Inductive Reasoning,LV,3.12,8,0.125,2.88,3.37,N,N,07/2015,Analyst
41-9021.00,1.A.1.b.6,Information Ordering,IM,3.0,8,0.0,3.0,3.0,N,,07/2015,Analyst
41-9021.00,1.A.1.b.6,Information Ordering,LV,3.0,8,0.0,3.0,3.0,N,N,07/2015,Analyst
41-9021.00,1.A.1.b.7,Category Flexibility,IM,2.62,8,0.183,2.2664,2.9836,N,,07/2015,Analyst
41-9021.00,1.A.1.b.7,Category Flexibility,LV,2.5,8,0.189,2.1296,2.8704,N,N,07/2015,Analyst
41-9021.00,1.A.1.c.1,Mathematical Reasoning,IM,2.88,8,0.125,2.63,3.12,N,,07/2015,Analyst
41-9021.00,1.A.1.c.1,Mathematical Reasoning,LV,2.75,8,0.1637,2.4292,3.0708,N,N,07/2015,Analyst
41-9021.00,1.A.1.c.2,Number Facility,IM,2.12,8,0.125,1.88,2.37,N,,07/2015,Analyst
41-9021.00,1.A.1.c.2,Number Facility,LV,2.12,8,0.125,1.88,2.37,N,N,07/2015,Analyst
41-9021.00,1.A.1.d.1,Memorization,IM,2.0,8,0.0,2.0,2.0,N,,07/2015,Analyst
41-9021.00,1.A.1.d.1,Memorization,LV,2.0,8,0.0,2.0,2.0,N,N,07/2015,Analyst
41-9021.00,1.A.1.e.1,Speed of Closure,IM,2.0,8,0.0,2.0,2.0,N,,07/2015,Analyst
41-9021.00,1.A.1.e.1,Speed of Closure,LV,1.25,8,0.1637,0.9292,1.5708,N,N,07/2015,Analyst
41-9021.00,1.A.1.e.2,Flexibility of Closure,IM,2.25,8,0.1637,1.9292,2.5708,N,,07/2015,Analyst
41-9021.00,1.A.1.e.2,Flexibility of Closure,LV,2.12,8,0.125,1.88,2.37,N,N,07/2015,Analyst
41-9021.00,1.A.1.e.3,Perceptual Speed,IM,2.12,8,0.125,1.88,2.37,N,,07/2015,Analyst
41-9021.00,1.A.1.e.3,Perceptual Speed,LV,2.0,8,0.189,1.6296,2.3704,N,N,07/2015,Analyst
41-9021.00,1.A.1.f.1,Spatial Orientation,IM,1.38,8,0.183,1.0164,1.7336,N,,07/2015,Analyst
41-9021.00,1.A.1.f.1,Spatial Orientation,LV,0.5,8,0.2673,0.0,1.0238,N,N,07/2015,Analyst
41-9021.00,1.A.1.f.2,Visualization,IM,2.0,8,0.0,2.0,2.0,N,,07/2015,Analyst
41-9021.00,1.A.1.f.2,Visualization,LV,1.5,8,0.189,1.1296,1.8704,N,N,07/2015,Analyst
41-9021.00,1.A.1.g.1,Selective Attention,IM,2.38,8,0.183,2.0164,2.7336,N,,07/2015,Analyst
41-9021.00,1.A.1.g.1,Selective Attention,LV,2.0,8,0.189,1.6296,2.3704,N,N,07/2015,Analyst
41-9021.00,1.A.1.g.2,Time Sharing,IM,2.12,8,0.125,1.88,2.37,N,,07/2015,Analyst
41-9021.00,1.A.1.g.2,Time Sharing,LV,2.12,8,0.125,1.88,2.37,N,N,07/2015,Analyst
41-9021.00,1.A.2.a.1,Arm-Hand Steadiness,IM,1.12,8,0.125,1.0,1.37,N,,07/2015,Analyst
41-9021.00,1.A.2.a.1,Arm-Hand Steadiness,LV,0.12,8,0.125,0.0,0.37,N,Y,07/2015,Analyst
41-9021.00,1.A.2.a.2,Manual Dexterity,IM,1.12,8,0.125,1.0,1.37,N,,07/2015,Analyst
41-9021.00,1.A.2.a.2,Manual Dexterity,LV,0.12,8,0.125,0.0,0.37,N,Y,07/2015,Analyst
41-9021.00,1.A.2.a.3,Finger Dexterity,IM,1.25,8,0.1637,1.0,1.5708,N,,07/2015,Analyst
41-9021.00,1.A.2.a.3,Finger Dexterity,LV,0.25,8,0.1637,0.0,0.5708,N,Y,07/2015,Analyst
41-9021.00,1.A.2.b.1,Control Precision,IM,1.38,8,0.183,1.0164,1.7336,N,,07/2015,Analyst
41-9021.00,1.A.2.b.1,Control Precision,LV,0.62,8,0.3239,0.0,1.2598,N,N,07/2015,Analyst
41-9021.00,1.A.2.b.2,Multilimb Coordination,IM,1.38,8,0.183,1.0164,1.7336,N,,07/2015,Analyst
41-9021.00,1.A.2.b.2,Multilimb Coordination,LV,0.38,8,0.183,0.0164,0.7336,N,N,07/2015,Analyst
41-9021.00,1.A.2.b.3,Response Orientation,IM,1.12,8,0.125,1.0,1.37,N,,07/2015,Analyst
41-9021.00,1.A.2.b.3,Response Orientation,LV,0.12,8,0.125,0.0,0.37,N,Y,07/2015,Analyst
41-9021.00,1.A.2.b.4,Rate Control,IM,1.0,8,0.0,1.0,1.0,N,,07/2015,Analyst
41-9021.00,1.A.2.b.4,Rate Control,LV,0.0,8,0.0,0.0,0.0,N,Y,07/2015,Analyst
41-9021.00,1.A.2.c.1,Reaction Time,IM,1.12,8,0.125,1.0,1.37,N,,07/2015,Analyst
41-9021.00,1.A.2.c.1,Reaction Time,LV,0.12,8,0.125,0.0,0.37,N,Y,07/2015,Analyst
41-9021.00,1.A.2.c.2,Wrist-Finger Speed,IM,1.75,8,0.1637,1.4292,2.0708,N,,07/2015,Analyst
41-9021.00,1.A.2.c.2,Wrist-Finger Speed,LV,0.88,8,0.2266,0.4309,1.3191,N,N,07/2015,Analyst
41-9021.00,1.A.2.c.3,Speed of Limb Movement,IM,1.0,8,0.0,1.0,1.0,N,,07/2015,Analyst
41-9021.00,1.A.2.c.3,Speed of Limb Movement,LV,0.0,8,0.0,0.0,0.0,N,Y,07/2015,Analyst
41-9021.00,1.A.3.a.1,Static Strength,IM,1.0,8,0.0,1.0,1.0,N,,07/2015,Analyst
41-9021.00,1.A.3.a.1,Static Strength,LV,0.0,8,0.0,0.0,0.0,N,Y,07/2015,Analyst
41-9021.00,1.A.3.a.2,Explosive Strength,IM,1.0,8,0.0,1.0,1.0,N,,07/2015,Analyst
41-9021.00,1.A.3.a.2,Explosive Strength,LV,0.0,8,0.0,0.0,0.0,N,Y,07/2015,Analyst
41-9021.00,1.A.3.a.3,Dynamic Strength,IM,1.0,8,0.0,1.0,1.0,N,,07/2015,Analyst
41-9021.00,1.A.3.a.3,Dynamic Strength,LV,0.0,8,0.0,0.0,0.0,N,Y,07/2015,Analyst
41-9021.00,1.A.3.a.4,Trunk Strength,IM,2.12,8,0.125,1.88,2.37,N,,07/2015,Analyst
41-9021.00,1.A.3.a.4,Trunk Strength,LV,1.75,8,0.1637,1.4292,2.0708,N,N,07/2015,Analyst
41-9021.00,1.A.3.b.1,Stamina,IM,1.0,8,0.0,1.0,1.0,N,,07/2015,Analyst
41-9021.00,1.A.3.b.1,Stamina,LV,0.0,8,0.0,0.0,0.0,N,Y,07/2015,Analyst
41-9021.00,1.A.3.c.1,Extent Flexibility,IM,1.0,8,0.0,1.0,1.0,N,,07/2015,Analyst
41-9021.00,1.A.3.c.1,Extent Flexibility,LV,0.0,8,0.0,0.0,0.0,N,Y,07/2015,Analyst
41-9021.00,1.A.3.c.2,Dynamic Flexibility,IM,1.0,8,0.0,1.0,1.0,N,,07/2015,Analyst
41-9021.00,1.A.3.c.2,Dynamic Flexibility,LV,0.0,8,0.0,0.0,0.0,N,Y,07/2015,Analyst
41-9021.00,1.A.3.c.3,Gross Body Coordination,IM,1.0,8,0.0,1.0,1.0,N,,07/2015,Analyst
41-9021.00,1.A.3.c.3,Gross Body Coordination,LV,0.0,8,0.0,0.0,0.0,N,Y,07/2015,Analyst
41-9021.00,1.A.3.c.4,Gross Body Equilibrium,IM,1.0,8,0.0,1.0,1.0,N,,07/2015,Analyst
41-9021.00,1.A.3.c.4,Gross Body Equilibrium,LV,0.0,8,0.0,0.0,0.0,N,Y,07/2015,Analyst
41-9021.00,1.A.4.a.1,Near Vision,IM,3.62,8,0.183,3.2664,3.9836,N,,07/2015,Analyst
41-9021.00,1.A.4.a.1,Near Vision,LV,4.12,8,0.2266,3.6809,4.5691,N,N,07/2015,Analyst
41-9021.00,1.A.4.a.2,Far Vision,IM,2.62,8,0.183,2.2664,2.9836,N,,07/2015,Analyst
41-9021.00,1.A.4.a.2,Far Vision,LV,2.38,8,0.183,2.0164,2.7336,N,N,07/2015,Analyst
41-9021.00,1.A.4.a.3,Visual Color Discrimination,IM,1.75,8,0.1637,1.4292,2.0708,N,,07/2015,Analyst
41-9021.00,1.A.4.a.3,Visual Color Discrimination,LV,0.75,8,0.1637,0.4292,1.0708,N,N,07/2015,Analyst
41-9021.00,1.A.4.a.4,Night Vision,IM,1.0,8,0.0,1.0,1.0,N,,07/2015,Analyst
41-9021.00,1.A.4.a.4,Night Vision,LV,0.0,8,0.0,0.0,0.0,N,Y,07/2015,Analyst
41-9021.00,1.A.4.a.5,Peripheral Vision,IM,1.0,8,0.0,1.0,1.0,N,,07/2015,Analyst
41-9021.00,1.A.4.a.5,Peripheral Vision,LV,0.0,8,0.0,0.0,0.0,N,Y,07/2015,Analyst
41-9021.00,1.A.4.a.6,Depth Perception,IM,1.75,8,0.1637,1.4292,2.0708,N,,07/2015,Analyst
41-9021.00,1.A.4.a.6,Depth Perception,LV,1.38,8,0.3239,0.7402,2.0098,N,N,07/2015,Analyst
41-9021.00,1.A.4.a.7,Glare Sensitivity,IM,1.0,8,0.0,1.0,1.0,N,,07/2015,Analyst
41-9021.00,1.A.4.a.7,Glare Sensitivity,LV,0.0,8,0.0,0.0,0.0,N,Y,07/2015,Analyst
41-9021.00,1.A.4.b.1,Hearing Sensitivity,IM,1.5,8,0.189,1.1296,1.8704,N,,07/2015,Analyst
41-9021.00,1.A.4.b.1,Hearing Sensitivity,LV,0.62,8,0.2631,0.1094,1.1406,N,N,07/2015,Analyst
41-9021.00,1.A.4.b.2,Auditory Attention,IM,1.75,8,0.1637,1.4292,2.0708,N,,07/2015,Analyst
41-9021.00,1.A.4.b.2,Auditory Attention,LV,1.0,8,0.2673,0.4762,1.5238,N,N,07/2015,Analyst
41-9021.00,1.A.4.b.3,Sound Localization,IM,1.0,8,0.0,1.0,1.0,N,,07/2015,Analyst
41-9021.00,1.A.4.b.3,Sound Localization,LV,0.0,8,0.0,0.0,0.0,N,Y,07/2015,Analyst
41-9021.00,1.A.4.b.4,Speech Recognition,IM,3.62,8,0.183,3.2664,3.9836,N,,07/2015,Analyst
41-9021.00,1.A.4.b.4,Speech Recognition,LV,3.75,8,0.1637,3.4292,4.0708,N,N,07/2015,Analyst
41-9021.00,1.A.4.b.5,Speech Clarity,IM,3.62,8,0.183,3.2664,3.9836,N,,07/2015,Analyst
41-9021.00,1.A.4.b.5,Speech Clarity,LV,3.25,8,0.1637,2.9292,3.5708,N,N,07/2015,Analyst
41-9022.00,1.A.1.a.1,Oral Comprehension,IM,4.0,8,0.0,4.0,4.0,N,,08/2019,Analyst
41-9022.00,1.A.1.a.1,Oral Comprehension,LV,4.0,8,0.0,4.0,4.0,N,N,08/2019,Analyst
41-9022.00,1.A.1.a.2,Written Comprehension,IM,3.88,8,0.125,3.63,4.12,N,,08/2019,Analyst
41-9022.00,1.A.1.a.2,Written Comprehension,LV,4.0,8,0.0,4.0,4.0,N,N,08/2019,Analyst
41-9022.00,1.A.1.a.3,Oral Expression,IM,4.0,8,0.0,4.0,4.0,N,,08/2019,Analyst
41-9022.00,1.A.1.a.3,Oral Expression,LV,4.0,8,0.0,4.0,4.0,N,N,08/2019,Analyst
41-9022.00,1.A.1.a.4,Written Expression,IM,3.38,8,0.183,3.0164,3.7336,N,,08/2019,Analyst
41-9022.00,1.A.1.a.4,Written Expression,LV,3.12,8,0.125,2.88,3.37,N,N,08/2019,Analyst
41-9022.00,1.A.1.b.1,Fluency of Ideas,IM,3.0,8,0.0,3.0,3.0,N,,08/2019,Analyst
41-9022.00,1.A.1.b.1,Fluency of Ideas,LV,3.12,8,0.125,2.88,3.37,N,N,08/2019,Analyst
41-9022.00,1.A.1.b.2,Originality,IM,2.88,8,0.125,2.63,3.12,N,,08/2019,Analyst
41-9022.00,1.A.1.b.2,Originality,LV,2.75,8,0.1637,2.4292,3.0708,N,N,08/2019,Analyst
41-9022.00,1.A.1.b.3,Problem Sensitivity,IM,3.0,8,0.0,3.0,3.0,N,,08/2019,Analyst
41-9022.00,1.A.1.b.3,Problem Sensitivity,LV,3.5,8,0.189,3.1296,3.8704,N,N,08/2019,Analyst
41-9022.00,1.A.1.b.4,Deductive Reasoning,IM,3.25,8,0.1637,2.9292,3.5708,N,,08/2019,Analyst
41-9022.00,1.A.1.b.4,Deductive Reasoning,LV,3.88,8,0.2266,3.4309,4.3191,N,N,08/2019,Analyst
41-9022.00,1.A.1.b.5,Inductive Reasoning,IM,3.12,8,0.125,2.88,3.37,N,,08/2019,Analyst
41-9022.00,1.A.1.b.5,Inductive Reasoning,LV,3.25,8,0.1637,2.9292,3.5708,N,N,08/2019,Analyst
41-9022.00,1.A.1.b.6,Information Ordering,IM,3.12,8,0.125,2.88,3.37,N,,08/2019,Analyst
41-9022.00,1.A.1.b.6,Information Ordering,LV,3.0,8,0.0,3.0,3.0,N,N,08/2019,Analyst
41-9022.00,1.A.1.b.7,Category Flexibility,IM,3.12,8,0.125,2.88,3.37,N,,08/2019,Analyst
41-9022.00,1.A.1.b.7,Category Flexibility,LV,3.12,8,0.125,2.88,3.37,N,N,08/2019,Analyst
41-9022.00,1.A.1.c.1,Mathematical Reasoning,IM,3.0,8,0.0,3.0,3.0,N,,08/2019,Analyst
41-9022.00,1.A.1.c.1,Mathematical Reasoning,LV,3.0,8,0.0,3.0,3.0,N,N,08/2019,Analyst
41-9022.00,1.A.1.c.2,Number Facility,IM,2.88,8,0.125,2.63,3.12,N,,08/2019,Analyst
41-9022.00,1.A.1.c.2,Number Facility,LV,3.0,8,0.0,3.0,3.0,N,N,08/2019,Analyst
41-9022.00,1.A.1.d.1,Memorization,IM,2.62,8,0.183,2.2664,2.9836,N,,08/2019,Analyst
41-9022.00,1.A.1.d.1,Memorization,LV,2.75,8,0.1637,2.4292,3.0708,N,N,08/2019,Analyst
41-9022.00,1.A.1.e.1,Speed of Closure,IM,2.75,8,0.1637,2.4292,3.0708,N,,08/2019,Analyst
41-9022.00,1.A.1.e.1,Speed of Closure,LV,2.38,8,0.183,2.0164,2.7336,N,N,08/2019,Analyst
41-9022.00,1.A.1.e.2,Flexibility of Closure,IM,3.0,8,0.0,3.0,3.0,N,,08/2019,Analyst
41-9022.00,1.A.1.e.2,Flexibility of Closure,LV,3.0,8,0.0,3.0,3.0,N,N,08/2019,Analyst
41-9022.00,1.A.1.e.3,Perceptual Speed,IM,2.5,8,0.189,2.1296,2.8704,N,,08/2019,Analyst
41-9022.00,1.A.1.e.3,Perceptual Speed,LV,2.62,8,0.183,2.2664,2.9836,N,N,08/2019,Analyst
41-9022.00,1.A.1.f.1,Spatial Orientation,IM,1.88,8,0.125,1.63,2.12,N,,08/2019,Analyst
41-9022.00,1.A.1.f.1,Spatial Orientation,LV,1.75,8,0.25,1.26,2.24,N,N,08/2019,Analyst
41-9022.00,1.A.1.f.2,Visualization,IM,2.75,8,0.1637,2.4292,3.0708,N,,08/2019,Analyst
41-9022.00,1.A.1.f.2,Visualization,LV,2.88,8,0.125,2.63,3.12,N,N,08/2019,Analyst
41-9022.00,1.A.1.g.1,Selective Attention,IM,2.62,8,0.183,2.2664,2.9836,N,,08/2019,Analyst
41-9022.00,1.A.1.g.1,Selective Attention,LV,2.5,8,0.189,2.1296,2.8704,N,N,08/2019,Analyst
41-9022.00,1.A.1.g.2,Time Sharing,IM,2.5,8,0.189,2.1296,2.8704,N,,08/2019,Analyst
41-9022.00,1.A.1.g.2,Time Sharing,LV,2.5,8,0.189,2.1296,2.8704,N,N,08/2019,Analyst
41-9022.00,1.A.2.a.1,Arm-Hand Steadiness,IM,1.62,8,0.183,1.2664,1.9836,N,,08/2019,Analyst
41-9022.00,1.A.2.a.1,Arm-Hand Steadiness,LV,0.75,8,0.25,0.26,1.24,N,N,08/2019,Analyst
41-9022.00,1.A.2.a.2,Manual Dexterity,IM,1.5,8,0.189,1.1296,1.8704,N,,08/2019,Analyst
41-9022.00,1.A.2.a.2,Manual Dexterity,LV,0.62,8,0.2631,0.1094,1.1406,N,N,08/2019,Analyst
41-9022.00,1.A.2.a.3,Finger Dexterity,IM,1.75,8,0.1637,1.4292,2.0708,N,,08/2019,Analyst
41-9022.00,1.A.2.a.3,Finger Dexterity,LV,1.5,8,0.3273,0.8584,2.1416,N,N,08/2019,Analyst
41-9022.00,1.A.2.b.1,Control Precision,IM,1.75,8,0.1637,1.4292,2.0708,N,,08/2019,Analyst
41-9022.00,1.A.2.b.1,Control Precision,LV,1.38,8,0.3239,0.7402,2.0098,N,N,08/2019,Analyst
41-9022.00,1.A.2.b.2,Multilimb Coordination,IM,1.88,8,0.125,1.63,2.12,N,,08/2019,Analyst
41-9022.00,1.A.2.b.2,Multilimb Coordination,LV,1.5,8,0.2673,0.9762,2.0238,N,N,08/2019,Analyst
41-9022.00,1.A.2.b.3,Response Orientation,IM,1.75,8,0.1637,1.4292,2.0708,N,,08/2019,Analyst
41-9022.00,1.A.2.b.3,Response Orientation,LV,0.88,8,0.2266,0.4309,1.3191,N,N,08/2019,Analyst
41-9022.00,1.A.2.b.4,Rate Control,IM,1.75,8,0.1637,1.4292,2.0708,N,,08/2019,Analyst
41-9022.00,1.A.2.b.4,Rate Control,LV,0.88,8,0.2266,0.4309,1.3191,N,N,08/2019,Analyst
41-9022.00,1.A.2.c.1,Reaction Time,IM,1.75,8,0.1637,1.4292,2.0708,N,,08/2019,Analyst
41-9022.00,1.A.2.c.1,Reaction Time,LV,1.25,8,0.3134,0.6358,1.8642,N,N,08/2019,Analyst
41-9022.00,1.A.2.c.2,Wrist-Finger Speed,IM,1.5,8,0.189,1.1296,1.8704,N,,08/2019,Analyst
41-9022.00,1.A.2.c.2,Wrist-Finger Speed,LV,0.62,8,0.2631,0.1094,1.1406,N,N,08/2019,Analyst
41-9022.00,1.A.2.c.3,Speed of Limb Movement,IM,1.5,8,0.189,1.1296,1.8704,N,,08/2019,Analyst
41-9022.00,1.A.2.c.3,Speed of Limb Movement,LV,0.5,8,0.189,0.1296,0.8704,N,N,08/2019,Analyst
41-9022.00,1.A.3.a.1,Static Strength,IM,1.38,8,0.183,1.0164,1.7336,N,,08/2019,Analyst
41-9022.00,1.A.3.a.1,Static Strength,LV,0.5,8,0.2673,0.0,1.0238,N,N,08/2019,Analyst
41-9022.00,1.A.3.a.2,Explosive Strength,IM,1.25,8,0.1637,1.0,1.5708,N,,08/2019,Analyst
41-9022.00,1.A.3.a.2,Explosive Strength,LV,0.25,8,0.1637,0.0,0.5708,N,Y,08/2019,Analyst
41-9022.00,1.A.3.a.3,Dynamic Strength,IM,1.38,8,0.183,1.0164,1.7336,N,,08/2019,Analyst
41-9022.00,1.A.3.a.3,Dynamic Strength,LV,0.38,8,0.183,0.0164,0.7336,N,N,08/2019,Analyst
41-9022.00,1.A.3.a.4,Trunk Strength,IM,2.25,8,0.1637,1.9292,2.5708,N,,08/2019,Analyst
41-9022.00,1.A.3.a.4,Trunk Strength,LV,1.75,8,0.25,1.26,2.24,N,N,08/2019,Analyst
41-9022.00,1.A.3.b.1,Stamina,IM,1.38,8,0.183,1.0164,1.7336,N,,08/2019,Analyst
41-9022.00,1.A.3.b.1,Stamina,LV,0.38,8,0.183,0.0164,0.7336,N,N,08/2019,Analyst
41-9022.00,1.A.3.c.1,Extent Flexibility,IM,1.25,8,0.1637,1.0,1.5708,N,,08/2019,Analyst
41-9022.00,1.A.3.c.1,Extent Flexibility,LV,0.25,8,0.1637,0.0,0.5708,N,Y,08/2019,Analyst
41-9022.00,1.A.3.c.2,Dynamic Flexibility,IM,1.12,8,0.125,1.0,1.37,N,,08/2019,Analyst
41-9022.00,1.A.3.c.2,Dynamic Flexibility,LV,0.12,8,0.125,0.0,0.37,N,Y,08/2019,Analyst
41-9022.00,1.A.3.c.3,Gross Body Coordination,IM,1.25,8,0.1637,1.0,1.5708,N,,08/2019,Analyst
41-9022.00,1.A.3.c.3,Gross Body Coordination,LV,0.25,8,0.1637,0.0,0.5708,N,Y,08/2019,Analyst
41-9022.00,1.A.3.c.4,Gross Body Equilibrium,IM,1.25,8,0.1637,1.0,1.5708,N,,08/2019,Analyst
41-9022.00,1.A.3.c.4,Gross Body Equilibrium,LV,0.25,8,0.1637,0.0,0.5708,N,Y,08/2019,Analyst
41-9022.00,1.A.4.a.1,Near Vision,IM,3.0,8,0.0,3.0,3.0,N,,08/2019,Analyst
41-9022.00,1.A.4.a.1,Near Vision,LV,4.0,8,0.0,4.0,4.0,N,N,08/2019,Analyst
41-9022.00,1.A.4.a.2,Far Vision,IM,3.12,8,0.125,2.88,3.37,N,,08/2019,Analyst
41-9022.00,1.A.4.a.2,Far Vision,LV,3.25,8,0.1637,2.9292,3.5708,N,N,08/2019,Analyst
41-9022.00,1.A.4.a.3,Visual Color Discrimination,IM,2.62,8,0.183,2.2664,2.9836,N,,08/2019,Analyst
41-9022.00,1.A.4.a.3,Visual Color Discrimination,LV,2.75,8,0.1637,2.4292,3.0708,N,N,08/2019,Analyst
41-9022.00,1.A.4.a.4,Night Vision,IM,1.75,8,0.1637,1.4292,2.0708,N,,08/2019,Analyst
41-9022.00,1.A.4.a.4,Night Vision,LV,1.12,8,0.295,0.5467,1.7033,N,N,08/2019,Analyst
41-9022.00,1.A.4.a.5,Peripheral Vision,IM,1.88,8,0.125,1.63,2.12,N,,08/2019,Analyst
41-9022.00,1.A.4.a.5,Peripheral Vision,LV,0.88,8,0.125,0.63,1.12,N,N,08/2019,Analyst
41-9022.00,1.A.4.a.6,Depth Perception,IM,2.25,8,0.1637,1.9292,2.5708,N,,08/2019,Analyst
41-9022.00,1.A.4.a.6,Depth Perception,LV,1.88,8,0.125,1.63,2.12,N,N,08/2019,Analyst
41-9022.00,1.A.4.a.7,Glare Sensitivity,IM,1.75,8,0.1637,1.4292,2.0708,N,,08/2019,Analyst
41-9022.00,1.A.4.a.7,Glare Sensitivity,LV,1.0,8,0.2673,0.4762,1.5238,N,N,08/2019,Analyst
41-9022.00,1.A.4.b.1,Hearing Sensitivity,IM,1.88,8,0.125,1.63,2.12,N,,08/2019,Analyst
41-9022.00,1.A.4.b.1,Hearing Sensitivity,LV,1.75,8,0.25,1.26,2.24,N,N,08/2019,Analyst
41-9022.00,1.A.4.b.2,Auditory Attention,IM,1.88,8,0.125,1.63,2.12,N,,08/2019,Analyst
41-9022.00,1.A.4.b.2,Auditory Attention,LV,1.62,8,0.2631,1.1094,2.1406,N,N,08/2019,Analyst
41-9022.00,1.A.4.b.3,Sound Localization,IM,1.88,8,0.125,1.63,2.12,N,,08/2019,Analyst
41-9022.00,1.A.4.b.3,Sound Localization,LV,0.88,8,0.125,0.63,1.12,N,N,08/2019,Analyst
41-9022.00,1.A.4.b.4,Speech Recognition,IM,3.88,8,0.125,3.63,4.12,N,,08/2019,Analyst
41-9022.00,1.A.4.b.4,Speech Recognition,LV,4.0,8,0.189,3.6296,4.3704,N,N,08/2019,Analyst
41-9022.00,1.A.4.b.5,Speech Clarity,IM,3.88,8,0.125,3.63,4.12,N,,08/2019,Analyst
41-9022.00,1.A.4.b.5,Speech Clarity,LV,3.38,8,0.183,3.0164,3.7336,N,N,08/2019,Analyst
41-9031.00,1.A.1.a.1,Oral Comprehension,IM,4.0,8,0.0,4.0,4.0,N,,08/2022,Analyst
41-9031.00,1.A.1.a.1,Oral Comprehension,LV,4.88,8,0.125,4.63,5.12,N,N,08/2022,Analyst
41-9031.00,1.A.1.a.2,Written Comprehension,IM,4.0,8,0.0,4.0,4.0,N,,08/2022,Analyst
41-9031.00,1.A.1.a.2,Written Comprehension,LV,4.62,8,0.183,4.2664,4.9836,N,N,08/2022,Analyst
41-9031.00,1.A.1.a.3,Oral Expression,IM,4.12,8,0.125,3.88,4.37,N,,08/2022,Analyst
41-9031.00,1.A.1.a.3,Oral Expression,LV,5.0,8,0.0,5.0,5.0,N,N,08/2022,Analyst
41-9031.00,1.A.1.a.4,Written Expression,IM,3.88,8,0.125,3.63,4.12,N,,08/2022,Analyst
41-9031.00,1.A.1.a.4,Written Expression,LV,4.12,8,0.125,3.88,4.37,N,N,08/2022,Analyst
41-9031.00,1.A.1.b.1,Fluency of Ideas,IM,3.62,8,0.183,3.2664,3.9836,N,,08/2022,Analyst
41-9031.00,1.A.1.b.1,Fluency of Ideas,LV,4.0,8,0.0,4.0,4.0,N,N,08/2022,Analyst
41-9031.00,1.A.1.b.2,Originality,IM,3.38,8,0.183,3.0164,3.7336,N,,08/2022,Analyst
41-9031.00,1.A.1.b.2,Originality,LV,3.75,8,0.1637,3.4292,4.0708,N,N,08/2022,Analyst
41-9031.00,1.A.1.b.3,Problem Sensitivity,IM,3.75,8,0.1637,3.4292,4.0708,N,,08/2022,Analyst
41-9031.00,1.A.1.b.3,Problem Sensitivity,LV,4.0,8,0.0,4.0,4.0,N,N,08/2022,Analyst
41-9031.00,1.A.1.b.4,Deductive Reasoning,IM,4.0,8,0.0,4.0,4.0,N,,08/2022,Analyst
41-9031.00,1.A.1.b.4,Deductive Reasoning,LV,4.0,8,0.0,4.0,4.0,N,N,08/2022,Analyst
41-9031.00,1.A.1.b.5,Inductive Reasoning,IM,4.0,8,0.0,4.0,4.0,N,,08/2022,Analyst
41-9031.00,1.A.1.b.5,Inductive Reasoning,LV,4.0,8,0.0,4.0,4.0,N,N,08/2022,Analyst
41-9031.00,1.A.1.b.6,Information Ordering,IM,3.75,8,0.1637,3.4292,4.0708,N,,08/2022,Analyst
41-9031.00,1.A.1.b.6,Information Ordering,LV,4.0,8,0.0,4.0,4.0,N,N,08/2022,Analyst
41-9031.00,1.A.1.b.7,Category Flexibility,IM,3.62,8,0.183,3.2664,3.9836,N,,08/2022,Analyst
41-9031.00,1.A.1.b.7,Category Flexibility,LV,4.0,8,0.0,4.0,4.0,N,N,08/2022,Analyst
41-9031.00,1.A.1.c.1,Mathematical Reasoning,IM,3.12,8,0.125,2.88,3.37,N,,08/2022,Analyst
41-9031.00,1.A.1.c.1,Mathematical Reasoning,LV,3.62,8,0.183,3.2664,3.9836,N,N,08/2022,Analyst
41-9031.00,1.A.1.c.2,Number Facility,IM,3.25,8,0.1637,2.9292,3.5708,N,,08/2022,Analyst
41-9031.00,1.A.1.c.2,Number Facility,LV,3.88,8,0.125,3.63,4.12,N,N,08/2022,Analyst
41-9031.00,1.A.1.d.1,Memorization,IM,3.0,8,0.0,3.0,3.0,N,,08/2022,Analyst
41-9031.00,1.A.1.d.1,Memorization,LV,3.12,8,0.125,2.88,3.37,N,N,08/2022,Analyst
41-9031.00,1.A.1.e.1,Speed of Closure,IM,3.0,8,0.0,3.0,3.0,N,,08/2022,Analyst
41-9031.00,1.A.1.e.1,Speed of Closure,LV,3.0,8,0.0,3.0,3.0,N,N,08/2022,Analyst
41-9031.00,1.A.1.e.2,Flexibility of Closure,IM,2.88,8,0.125,2.63,3.12,N,,08/2022,Analyst
41-9031.00,1.A.1.e.2,Flexibility of Closure,LV,2.88,8,0.125,2.63,3.12,N,N,08/2022,Analyst
41-9031.00,1.A.1.e.3,Perceptual Speed,IM,2.75,8,0.1637,2.4292,3.0708,N,,08/2022,Analyst
41-9031.00,1.A.1.e.3,Perceptual Speed,LV,2.88,8,0.125,2.63,3.12,N,N,08/2022,Analyst
41-9031.00,1.A.1.f.1,Spatial Orientation,IM,1.0,8,0.0,1.0,1.0,N,,08/2022,Analyst
41-9031.00,1.A.1.f.1,Spatial Orientation,LV,0.0,8,0.0,0.0,0.0,N,Y,08/2022,Analyst
41-9031.00,1.A.1.f.2,Visualization,IM,2.88,8,0.125,2.63,3.12,N,,08/2022,Analyst
41-9031.00,1.A.1.f.2,Visualization,LV,3.12,8,0.125,2.88,3.37,N,N,08/2022,Analyst
41-9031.00,1.A.1.g.1,Selective Attention,IM,2.88,8,0.125,2.63,3.12,N,,08/2022,Analyst
41-9031.00,1.A.1.g.1,Selective Attention,LV,2.88,8,0.125,2.63,3.12,N,N,08/2022,Analyst
41-9031.00,1.A.1.g.2,Time Sharing,IM,2.62,8,0.183,2.2664,2.9836,N,,08/2022,Analyst
41-9031.00,1.A.1.g.2,Time Sharing,LV,2.62,8,0.183,2.2664,2.9836,N,N,08/2022,Analyst
41-9031.00,1.A.2.a.1,Arm-Hand Steadiness,IM,1.88,8,0.125,1.63,2.12,N,,08/2022,Analyst
41-9031.00,1.A.2.a.1,Arm-Hand Steadiness,LV,1.38,8,0.2631,0.8594,1.8906,N,N,08/2022,Analyst
41-9031.00,1.A.2.a.2,Manual Dexterity,IM,1.88,8,0.125,1.63,2.12,N,,08/2022,Analyst
41-9031.00,1.A.2.a.2,Manual Dexterity,LV,1.5,8,0.2673,0.9762,2.0238,N,N,08/2022,Analyst
41-9031.00,1.A.2.a.3,Finger Dexterity,IM,2.12,8,0.125,1.88,2.37,N,,08/2022,Analyst
41-9031.00,1.A.2.a.3,Finger Dexterity,LV,2.0,8,0.0,2.0,2.0,N,N,08/2022,Analyst
41-9031.00,1.A.2.b.1,Control Precision,IM,1.75,8,0.1637,1.4292,2.0708,N,,08/2022,Analyst
41-9031.00,1.A.2.b.1,Control Precision,LV,1.25,8,0.3134,0.6358,1.8642,N,N,08/2022,Analyst
41-9031.00,1.A.2.b.2,Multilimb Coordination,IM,1.38,8,0.183,1.0164,1.7336,N,,08/2022,Analyst
41-9031.00,1.A.2.b.2,Multilimb Coordination,LV,0.5,8,0.2673,0.0,1.0238,N,N,08/2022,Analyst
41-9031.00,1.A.2.b.3,Response Orientation,IM,1.0,8,0.0,1.0,1.0,N,,08/2022,Analyst
41-9031.00,1.A.2.b.3,Response Orientation,LV,0.0,8,0.0,0.0,0.0,N,Y,08/2022,Analyst
41-9031.00,1.A.2.b.4,Rate Control,IM,1.0,8,0.0,1.0,1.0,N,,08/2022,Analyst
41-9031.00,1.A.2.b.4,Rate Control,LV,0.0,8,0.0,0.0,0.0,N,Y,08/2022,Analyst
41-9031.00,1.A.2.c.1,Reaction Time,IM,1.0,8,0.0,1.0,1.0,N,,08/2022,Analyst
41-9031.00,1.A.2.c.1,Reaction Time,LV,0.0,8,0.0,0.0,0.0,N,Y,08/2022,Analyst
41-9031.00,1.A.2.c.2,Wrist-Finger Speed,IM,1.5,8,0.189,1.1296,1.8704,N,,08/2022,Analyst
41-9031.00,1.A.2.c.2,Wrist-Finger Speed,LV,0.62,8,0.2631,0.1094,1.1406,N,N,08/2022,Analyst
41-9031.00,1.A.2.c.3,Speed of Limb Movement,IM,1.0,8,0.0,1.0,1.0,N,,08/2022,Analyst
41-9031.00,1.A.2.c.3,Speed of Limb Movement,LV,0.0,8,0.0,0.0,0.0,N,Y,08/2022,Analyst
41-9031.00,1.A.3.a.1,Static Strength,IM,1.0,8,0.0,1.0,1.0,N,,08/2022,Analyst
41-9031.00,1.A.3.a.1,Static Strength,LV,0.0,8,0.0,0.0,0.0,N,Y,08/2022,Analyst
41-9031.00,1.A.3.a.2,Explosive Strength,IM,1.0,8,0.0,1.0,1.0,N,,08/2022,Analyst
41-9031.00,1.A.3.a.2,Explosive Strength,LV,0.0,8,0.0,0.0,0.0,N,Y,08/2022,Analyst
41-9031.00,1.A.3.a.3,Dynamic Strength,IM,1.0,8,0.0,1.0,1.0,N,,08/2022,Analyst
41-9031.00,1.A.3.a.3,Dynamic Strength,LV,0.0,8,0.0,0.0,0.0,N,Y,08/2022,Analyst
41-9031.00,1.A.3.a.4,Trunk Strength,IM,1.75,8,0.1637,1.4292,2.0708,N,,08/2022,Analyst
41-9031.00,1.A.3.a.4,Trunk Strength,LV,1.25,8,0.3134,0.6358,1.8642,N,N,08/2022,Analyst
41-9031.00,1.A.3.b.1,Stamina,IM,1.0,8,0.0,1.0,1.0,N,,08/2022,Analyst
41-9031.00,1.A.3.b.1,Stamina,LV,0.0,8,0.0,0.0,0.0,N,Y,08/2022,Analyst
41-9031.00,1.A.3.c.1,Extent Flexibility,IM,1.0,8,0.0,1.0,1.0,N,,08/2022,Analyst
41-9031.00,1.A.3.c.1,Extent Flexibility,LV,0.0,8,0.0,0.0,0.0,N,Y,08/2022,Analyst
41-9031.00,1.A.3.c.2,Dynamic Flexibility,IM,1.0,8,0.0,1.0,1.0,N,,08/2022,Analyst
41-9031.00,1.A.3.c.2,Dynamic Flexibility,LV,0.0,8,0.0,0.0,0.0,N,Y,08/2022,Analyst
41-9031.00,1.A.3.c.3,Gross Body Coordination,IM,1.0,8,0.0,1.0,1.0,N,,08/2022,Analyst
41-9031.00,1.A.3.c.3,Gross Body Coordination,LV,0.0,8,0.0,0.0,0.0,N,Y,08/2022,Analyst
41-9031.00,1.A.3.c.4,Gross Body Equilibrium,IM,1.0,8,0.0,1.0,1.0,N,,08/2022,Analyst
41-9031.00,1.A.3.c.4,Gross Body Equilibrium,LV,0.0,8,0.0,0.0,0.0,N,Y,08/2022,Analyst
41-9031.00,1.A.4.a.1,Near Vision,IM,3.62,8,0.183,3.2664,3.9836,N,,08/2022,Analyst
41-9031.00,1.A.4.a.1,Near Vision,LV,3.88,8,0.125,3.63,4.12,N,N,08/2022,Analyst
41-9031.00,1.A.4.a.2,Far Vision,IM,2.75,8,0.1637,2.4292,3.0708,N,,08/2022,Analyst
41-9031.00,1.A.4.a.2,Far Vision,LV,3.25,8,0.1637,2.9292,3.5708,N,N,08/2022,Analyst
41-9031.00,1.A.4.a.3,Visual Color Discrimination,IM,2.5,8,0.189,2.1296,2.8704,N,,08/2022,Analyst
41-9031.00,1.A.4.a.3,Visual Color Discrimination,LV,2.5,8,0.189,2.1296,2.8704,N,N,08/2022,Analyst
41-9031.00,1.A.4.a.4,Night Vision,IM,1.0,8,0.0,1.0,1.0,N,,08/2022,Analyst
41-9031.00,1.A.4.a.4,Night Vision,LV,0.0,8,0.0,0.0,0.0,N,Y,08/2022,Analyst
41-9031.00,1.A.4.a.5,Peripheral Vision,IM,1.0,8,0.0,1.0,1.0,N,,08/2022,Analyst
41-9031.00,1.A.4.a.5,Peripheral Vision,LV,0.0,8,0.0,0.0,0.0,N,Y,08/2022,Analyst
41-9031.00,1.A.4.a.6,Depth Perception,IM,2.12,8,0.125,1.88,2.37,N,,08/2022,Analyst
41-9031.00,1.A.4.a.6,Depth Perception,LV,2.0,8,0.0,2.0,2.0,N,N,08/2022,Analyst
41-9031.00,1.A.4.a.7,Glare Sensitivity,IM,1.0,8,0.0,1.0,1.0,N,,08/2022,Analyst
41-9031.00,1.A.4.a.7,Glare Sensitivity,LV,0.0,8,0.0,0.0,0.0,N,Y,08/2022,Analyst
41-9031.00,1.A.4.b.1,Hearing Sensitivity,IM,1.88,8,0.125,1.63,2.12,N,,08/2022,Analyst
41-9031.00,1.A.4.b.1,Hearing Sensitivity,LV,1.38,8,0.2631,0.8594,1.8906,N,N,08/2022,Analyst
41-9031.00,1.A.4.b.2,Auditory Attention,IM,2.0,8,0.189,1.6296,2.3704,N,,08/2022,Analyst
41-9031.00,1.A.4.b.2,Auditory Attention,LV,1.5,8,0.2673,0.9762,2.0238,N,N,08/2022,Analyst
41-9031.00,1.A.4.b.3,Sound Localization,IM,1.0,8,0.0,1.0,1.0,N,,08/2022,Analyst
41-9031.00,1.A.4.b.3,Sound Localization,LV,0.0,8,0.0,0.0,0.0,N,Y,08/2022,Analyst
41-9031.00,1.A.4.b.4,Speech Recognition,IM,4.0,8,0.0,4.0,4.0,N,,08/2022,Analyst
41-9031.00,1.A.4.b.4,Speech Recognition,LV,4.0,8,0.0,4.0,4.0,N,N,08/2022,Analyst
41-9031.00,1.A.4.b.5,Speech Clarity,IM,4.12,8,0.125,3.88,4.37,N,,08/2022,Analyst
41-9031.00,1.A.4.b.5,Speech Clarity,LV,4.12,8,0.125,3.88,4.37,N,N,08/2022,Analyst
41-9041.00,1.A.1.a.1,Oral Comprehension,IM,4.0,8,0.0,4.0,4.0,N,,08/2023,Analyst
41-9041.00,1.A.1.a.1,Oral Comprehension,LV,3.75,8,0.1637,3.4292,4.0708,N,N,08/2023,Analyst
41-9041.00,1.A.1.a.2,Written Comprehension,IM,3.12,8,0.125,2.88,3.37,N,,08/2023,Analyst
41-9041.00,1.A.1.a.2,Written Comprehension,LV,3.0,8,0.0,3.0,3.0,N,N,08/2023,Analyst
41-9041.00,1.A.1.a.3,Oral Expression,IM,4.0,8,0.0,4.0,4.0,N,,08/2023,Analyst
41-9041.00,1.A.1.a.3,Oral Expression,LV,3.75,8,0.1637,3.4292,4.0708,N,N,08/2023,Analyst
41-9041.00,1.A.1.a.4,Written Expression,IM,2.75,8,0.1637,2.4292,3.0708,N,,08/2023,Analyst
41-9041.00,1.A.1.a.4,Written Expression,LV,2.88,8,0.125,2.63,3.12,N,N,08/2023,Analyst
41-9041.00,1.A.1.b.1,Fluency of Ideas,IM,2.25,8,0.1637,1.9292,2.5708,N,,08/2023,Analyst
41-9041.00,1.A.1.b.1,Fluency of Ideas,LV,2.25,8,0.1637,1.9292,2.5708,N,N,08/2023,Analyst
41-9041.00,1.A.1.b.2,Originality,IM,2.25,8,0.1637,1.9292,2.5708,N,,08/2023,Analyst
41-9041.00,1.A.1.b.2,Originality,LV,2.12,8,0.125,1.88,2.37,N,N,08/2023,Analyst
41-9041.00,1.A.1.b.3,Problem Sensitivity,IM,2.88,8,0.125,2.63,3.12,N,,08/2023,Analyst
41-9041.00,1.A.1.b.3,Problem Sensitivity,LV,2.62,8,0.183,2.2664,2.9836,N,N,08/2023,Analyst
41-9041.00,1.A.1.b.4,Deductive Reasoning,IM,2.75,8,0.1637,2.4292,3.0708,N,,08/2023,Analyst
41-9041.00,1.A.1.b.4,Deductive Reasoning,LV,2.62,8,0.183,2.2664,2.9836,N,N,08/2023,Analyst
41-9041.00,1.A.1.b.5,Inductive Reasoning,IM,2.62,8,0.183,2.2664,2.9836,N,,08/2023,Analyst
41-9041.00,1.A.1.b.5,Inductive Reasoning,LV,2.62,8,0.183,2.2664,2.9836,N,N,08/2023,Analyst
41-9041.00,1.A.1.b.6,Information Ordering,IM,2.62,8,0.183,2.2664,2.9836,N,,08/2023,Analyst
41-9041.00,1.A.1.b.6,Information Ordering,LV,2.12,8,0.125,1.88,2.37,N,N,08/2023,Analyst
41-9041.00,1.A.1.b.7,Category Flexibility,IM,2.25,8,0.1637,1.9292,2.5708,N,,08/2023,Analyst
41-9041.00,1.A.1.b.7,Category Flexibility,LV,2.25,8,0.1637,1.9292,2.5708,N,N,08/2023,Analyst
41-9041.00,1.A.1.c.1,Mathematical Reasoning,IM,1.62,8,0.183,1.2664,1.9836,N,,08/2023,Analyst
41-9041.00,1.A.1.c.1,Mathematical Reasoning,LV,0.75,8,0.25,0.26,1.24,N,N,08/2023,Analyst
41-9041.00,1.A.1.c.2,Number Facility,IM,1.75,8,0.1637,1.4292,2.0708,N,,08/2023,Analyst
41-9041.00,1.A.1.c.2,Number Facility,LV,1.0,8,0.2673,0.4762,1.5238,N,N,08/2023,Analyst
41-9041.00,1.A.1.d.1,Memorization,IM,1.88,8,0.125,1.63,2.12,N,,08/2023,Analyst
41-9041.00,1.A.1.d.1,Memorization,LV,1.5,8,0.2673,0.9762,2.0238,N,N,08/2023,Analyst
41-9041.00,1.A.1.e.1,Speed of Closure,IM,1.75,8,0.1637,1.4292,2.0708,N,,08/2023,Analyst
41-9041.00,1.A.1.e.1,Speed of Closure,LV,0.75,8,0.1637,0.4292,1.0708,N,N,08/2023,Analyst
41-9041.00,1.A.1.e.2,Flexibility of Closure,IM,1.88,8,0.125,1.63,2.12,N,,08/2023,Analyst
41-9041.00,1.A.1.e.2,Flexibility of Closure,LV,1.25,8,0.25,0.76,1.74,N,N,08/2023,Analyst
41-9041.00,1.A.1.e.3,Perceptual Speed,IM,1.5,8,0.189,1.1296,1.8704,N,,08/2023,Analyst
41-9041.00,1.A.1.e.3,Perceptual Speed,LV,0.75,8,0.3134,0.1358,1.3642,N,N,08/2023,Analyst
41-9041.00,1.A.1.f.1,Spatial Orientation,IM,1.0,8,0.0,1.0,1.0,N,,08/2023,Analyst
41-9041.00,1.A.1.f.1,Spatial Orientation,LV,0.0,8,0.0,0.0,0.0,N,Y,08/2023,Analyst
41-9041.00,1.A.1.f.2,Visualization,IM,1.62,8,0.183,1.2664,1.9836,N,,08/2023,Analyst
41-9041.00,1.A.1.f.2,Visualization,LV,0.75,8,0.25,0.26,1.24,N,N,08/2023,Analyst
41-9041.00,1.A.1.g.1,Selective Attention,IM,3.12,8,0.125,2.88,3.37,N,,08/2023,Analyst
41-9041.00,1.A.1.g.1,Selective Attention,LV,2.62,8,0.2631,2.1094,3.1406,N,N,08/2023,Analyst
41-9041.00,1.A.1.g.2,Time Sharing,IM,2.12,8,0.125,1.88,2.37,N,,08/2023,Analyst
41-9041.00,1.A.1.g.2,Time Sharing,LV,2.12,8,0.125,1.88,2.37,N,N,08/2023,Analyst
41-9041.00,1.A.2.a.1,Arm-Hand Steadiness,IM,1.62,8,0.183,1.2664,1.9836,N,,08/2023,Analyst
41-9041.00,1.A.2.a.1,Arm-Hand Steadiness,LV,0.75,8,0.25,0.26,1.24,N,N,08/2023,Analyst
41-9041.00,1.A.2.a.2,Manual Dexterity,IM,1.5,8,0.189,1.1296,1.8704,N,,08/2023,Analyst
41-9041.00,1.A.2.a.2,Manual Dexterity,LV,0.5,8,0.189,0.1296,0.8704,N,N,08/2023,Analyst
41-9041.00,1.A.2.a.3,Finger Dexterity,IM,1.75,8,0.1637,1.4292,2.0708,N,,08/2023,Analyst
41-9041.00,1.A.2.a.3,Finger Dexterity,LV,1.12,8,0.295,0.5467,1.7033,N,N,08/2023,Analyst
41-9041.00,1.A.2.b.1,Control Precision,IM,1.5,8,0.189,1.1296,1.8704,N,,08/2023,Analyst
41-9041.00,1.A.2.b.1,Control Precision,LV,0.5,8,0.189,0.1296,0.8704,N,N,08/2023,Analyst
41-9041.00,1.A.2.b.2,Multilimb Coordination,IM,1.0,8,0.0,1.0,1.0,N,,08/2023,Analyst
41-9041.00,1.A.2.b.2,Multilimb Coordination,LV,0.0,8,0.0,0.0,0.0,N,Y,08/2023,Analyst
41-9041.00,1.A.2.b.3,Response Orientation,IM,1.0,8,0.0,1.0,1.0,N,,08/2023,Analyst
41-9041.00,1.A.2.b.3,Response Orientation,LV,0.0,8,0.0,0.0,0.0,N,Y,08/2023,Analyst
41-9041.00,1.A.2.b.4,Rate Control,IM,1.0,8,0.0,1.0,1.0,N,,08/2023,Analyst
41-9041.00,1.A.2.b.4,Rate Control,LV,0.0,8,0.0,0.0,0.0,N,Y,08/2023,Analyst
41-9041.00,1.A.2.c.1,Reaction Time,IM,1.0,8,0.0,1.0,1.0,N,,08/2023,Analyst
41-9041.00,1.A.2.c.1,Reaction Time,LV,0.0,8,0.0,0.0,0.0,N,Y,08/2023,Analyst
41-9041.00,1.A.2.c.2,Wrist-Finger Speed,IM,1.62,8,0.183,1.2664,1.9836,N,,08/2023,Analyst
41-9041.00,1.A.2.c.2,Wrist-Finger Speed,LV,0.62,8,0.183,0.2664,0.9836,N,N,08/2023,Analyst
41-9041.00,1.A.2.c.3,Speed of Limb Movement,IM,1.0,8,0.0,1.0,1.0,N,,08/2023,Analyst
41-9041.00,1.A.2.c.3,Speed of Limb Movement,LV,0.0,8,0.0,0.0,0.0,N,Y,08/2023,Analyst
41-9041.00,1.A.3.a.1,Static Strength,IM,1.0,8,0.0,1.0,1.0,N,,08/2023,Analyst
41-9041.00,1.A.3.a.1,Static Strength,LV,0.0,8,0.0,0.0,0.0,N,Y,08/2023,Analyst
41-9041.00,1.A.3.a.2,Explosive Strength,IM,1.0,8,0.0,1.0,1.0,N,,08/2023,Analyst
41-9041.00,1.A.3.a.2,Explosive Strength,LV,0.0,8,0.0,0.0,0.0,N,Y,08/2023,Analyst
41-9041.00,1.A.3.a.3,Dynamic Strength,IM,1.0,8,0.0,1.0,1.0,N,,08/2023,Analyst
41-9041.00,1.A.3.a.3,Dynamic Strength,LV,0.0,8,0.0,0.0,0.0,N,Y,08/2023,Analyst
41-9041.00,1.A.3.a.4,Trunk Strength,IM,1.62,8,0.183,1.2664,1.9836,N,,08/2023,Analyst
41-9041.00,1.A.3.a.4,Trunk Strength,LV,1.12,8,0.3504,0.4383,1.8117,N,N,08/2023,Analyst
41-9041.00,1.A.3.b.1,Stamina,IM,1.0,8,0.0,1.0,1.0,N,,08/2023,Analyst
41-9041.00,1.A.3.b.1,Stamina,LV,0.0,8,0.0,0.0,0.0,N,Y,08/2023,Analyst
41-9041.00,1.A.3.c.1,Extent Flexibility,IM,1.0,8,0.0,1.0,1.0,N,,08/2023,Analyst
41-9041.00,1.A.3.c.1,Extent Flexibility,LV,0.0,8,0.0,0.0,0.0,N,Y,08/2023,Analyst
41-9041.00,1.A.3.c.2,Dynamic Flexibility,IM,1.0,8,0.0,1.0,1.0,N,,08/2023,Analyst
41-9041.00,1.A.3.c.2,Dynamic Flexibility,LV,0.0,8,0.0,0.0,0.0,N,Y,08/2023,Analyst
41-9041.00,1.A.3.c.3,Gross Body Coordination,IM,1.0,8,0.0,1.0,1.0,N,,08/2023,Analyst
41-9041.00,1.A.3.c.3,Gross Body Coordination,LV,0.0,8,0.0,0.0,0.0,N,Y,08/2023,Analyst
41-9041.00,1.A.3.c.4,Gross Body Equilibrium,IM,1.0,8,0.0,1.0,1.0,N,,08/2023,Analyst
41-9041.00,1.A.3.c.4,Gross Body Equilibrium,LV,0.0,8,0.0,0.0,0.0,N,Y,08/2023,Analyst
41-9041.00,1.A.4.a.1,Near Vision,IM,2.88,8,0.2266,2.4309,3.3191,N,,08/2023,Analyst
41-9041.00,1.A.4.a.1,Near Vision,LV,3.0,8,0.0,3.0,3.0,N,N,08/2023,Analyst
41-9041.00,1.A.4.a.2,Far Vision,IM,1.62,8,0.183,1.2664,1.9836,N,,08/2023,Analyst
41-9041.00,1.A.4.a.2,Far Vision,LV,1.0,8,0.3273,0.3584,1.6416,N,N,08/2023,Analyst
41-9041.00,1.A.4.a.3,Visual Color Discrimination,IM,1.5,8,0.189,1.1296,1.8704,N,,08/2023,Analyst
41-9041.00,1.A.4.a.3,Visual Color Discrimination,LV,0.62,8,0.2631,0.1094,1.1406,N,N,08/2023,Analyst
41-9041.00,1.A.4.a.4,Night Vision,IM,1.0,8,0.0,1.0,1.0,N,,08/2023,Analyst
41-9041.00,1.A.4.a.4,Night Vision,LV,0.0,8,0.0,0.0,0.0,N,Y,08/2023,Analyst
41-9041.00,1.A.4.a.5,Peripheral Vision,IM,1.0,8,0.0,1.0,1.0,N,,08/2023,Analyst
41-9041.00,1.A.4.a.5,Peripheral Vision,LV,0.0,8,0.0,0.0,0.0,N,Y,08/2023,Analyst
41-9041.00,1.A.4.a.6,Depth Perception,IM,1.25,8,0.1637,1.0,1.5708,N,,08/2023,Analyst
41-9041.00,1.A.4.a.6,Depth Perception,LV,0.25,8,0.1637,0.0,0.5708,N,Y,08/2023,Analyst
41-9041.00,1.A.4.a.7,Glare Sensitivity,IM,1.0,8,0.0,1.0,1.0,N,,08/2023,Analyst
41-9041.00,1.A.4.a.7,Glare Sensitivity,LV,0.0,8,0.0,0.0,0.0,N,Y,08/2023,Analyst
41-9041.00,1.A.4.b.1,Hearing Sensitivity,IM,1.75,8,0.1637,1.4292,2.0708,N,,08/2023,Analyst
41-9041.00,1.A.4.b.1,Hearing Sensitivity,LV,1.12,8,0.295,0.5467,1.7033,N,N,08/2023,Analyst
41-9041.00,1.A.4.b.2,Auditory Attention,IM,2.12,8,0.2266,1.6809,2.5691,N,,08/2023,Analyst
41-9041.00,1.A.4.b.2,Auditory Attention,LV,1.62,8,0.3239,0.9902,2.2598,N,N,08/2023,Analyst
41-9041.00,1.A.4.b.3,Sound Localization,IM,1.0,8,0.0,1.0,1.0,N,,08/2023,Analyst
41-9041.00,1.A.4.b.3,Sound Localization,LV,0.0,8,0.0,0.0,0.0,N,Y,08/2023,Analyst
41-9041.00,1.A.4.b.4,Speech Recognition,IM,3.62,8,0.183,3.2664,3.9836,N,,08/2023,Analyst
41-9041.00,1.A.4.b.4,Speech Recognition,LV,3.5,8,0.2673,2.9762,4.0238,N,N,08/2023,Analyst
41-9041.00,1.A.4.b.5,Speech Clarity,IM,3.75,8,0.1637,3.4292,4.0708,N,,08/2023,Analyst
41-9041.00,1.A.4.b.5,Speech Clarity,LV,3.75,8,0.25,3.26,4.24,N,N,08/2023,Analyst
41-9091.00,1.A.1.a.1,Oral Comprehension,IM,3.88,8,0.125,3.63,4.12,N,,08/2018,Analyst
41-9091.00,1.A.1.a.1,Oral Comprehension,LV,3.62,8,0.183,3.2664,3.9836,N,N,08/2018,Analyst
41-9091.00,1.A.1.a.2,Written Comprehension,IM,3.0,8,0.0,3.0,3.0,N,,08/2018,Analyst
41-9091.00,1.A.1.a.2,Written Comprehension,LV,3.0,8,0.0,3.0,3.0,N,N,08/2018,Analyst
41-9091.00,1.A.1.a.3,Oral Expression,IM,4.0,8,0.0,4.0,4.0,N,,08/2018,Analyst
41-9091.00,1.A.1.a.3,Oral Expression,LV,3.75,8,0.1637,3.4292,4.0708,N,N,08/2018,Analyst
41-9091.00,1.A.1.a.4,Written Expression,IM,3.12,8,0.2266,2.6809,3.5691,N,,08/2018,Analyst
41-9091.00,1.A.1.a.4,Written Expression,LV,2.88,8,0.125,2.63,3.12,N,N,08/2018,Analyst
41-9091.00,1.A.1.b.1,Fluency of Ideas,IM,2.88,8,0.125,2.63,3.12,N,,08/2018,Analyst
41-9091.00,1.A.1.b.1,Fluency of Ideas,LV,3.0,8,0.0,3.0,3.0,N,N,08/2018,Analyst
41-9091.00,1.A.1.b.2,Originality,IM,2.88,8,0.125,2.63,3.12,N,,08/2018,Analyst
41-9091.00,1.A.1.b.2,Originality,LV,3.0,8,0.0,3.0,3.0,N,N,08/2018,Analyst
41-9091.00,1.A.1.b.3,Problem Sensitivity,IM,2.88,8,0.2266,2.4309,3.3191,N,,08/2018,Analyst
41-9091.00,1.A.1.b.3,Problem Sensitivity,LV,2.88,8,0.125,2.63,3.12,N,N,08/2018,Analyst
41-9091.00,1.A.1.b.4,Deductive Reasoning,IM,2.88,8,0.125,2.63,3.12,N,,08/2018,Analyst
41-9091.00,1.A.1.b.4,Deductive Reasoning,LV,2.88,8,0.125,2.63,3.12,N,N,08/2018,Analyst
41-9091.00,1.A.1.b.5,Inductive Reasoning,IM,2.75,8,0.1637,2.4292,3.0708,N,,08/2018,Analyst
41-9091.00,1.A.1.b.5,Inductive Reasoning,LV,2.88,8,0.125,2.63,3.12,N,N,08/2018,Analyst
41-9091.00,1.A.1.b.6,Information Ordering,IM,3.0,8,0.0,3.0,3.0,N,,08/2018,Analyst
41-9091.00,1.A.1.b.6,Information Ordering,LV,2.88,8,0.125,2.63,3.12,N,N,08/2018,Analyst
41-9091.00,1.A.1.b.7,Category Flexibility,IM,2.5,8,0.189,2.1296,2.8704,N,,08/2018,Analyst
41-9091.00,1.A.1.b.7,Category Flexibility,LV,2.75,8,0.1637,2.4292,3.0708,N,N,08/2018,Analyst
41-9091.00,1.A.1.c.1,Mathematical Reasoning,IM,2.12,8,0.125,1.88,2.37,N,,08/2018,Analyst
41-9091.00,1.A.1.c.1,Mathematical Reasoning,LV,1.62,8,0.183,1.2664,1.9836,N,N,08/2018,Analyst
41-9091.00,1.A.1.c.2,Number Facility,IM,2.0,8,0.0,2.0,2.0,N,,08/2018,Analyst
41-9091.00,1.A.1.c.2,Number Facility,LV,2.0,8,0.0,2.0,2.0,N,N,08/2018,Analyst
41-9091.00,1.A.1.d.1,Memorization,IM,2.25,8,0.1637,1.9292,2.5708,N,,08/2018,Analyst
41-9091.00,1.A.1.d.1,Memorization,LV,2.12,8,0.125,1.88,2.37,N,N,08/2018,Analyst
41-9091.00,1.A.1.e.1,Speed of Closure,IM,1.75,8,0.1637,1.4292,2.0708,N,,08/2018,Analyst
41-9091.00,1.A.1.e.1,Speed of Closure,LV,1.12,8,0.295,0.5467,1.7033,N,N,08/2018,Analyst
41-9091.00,1.A.1.e.2,Flexibility of Closure,IM,2.12,8,0.125,1.88,2.37,N,,08/2018,Analyst
41-9091.00,1.A.1.e.2,Flexibility of Closure,LV,1.38,8,0.183,1.0164,1.7336,N,N,08/2018,Analyst
41-9091.00,1.A.1.e.3,Perceptual Speed,IM,1.5,8,0.189,1.1296,1.8704,N,,08/2018,Analyst
41-9091.00,1.A.1.e.3,Perceptual Speed,LV,0.5,8,0.189,0.1296,0.8704,N,N,08/2018,Analyst
41-9091.00,1.A.1.f.1,Spatial Orientation,IM,1.25,8,0.1637,1.0,1.5708,N,,08/2018,Analyst
41-9091.00,1.A.1.f.1,Spatial Orientation,LV,0.25,8,0.1637,0.0,0.5708,N,Y,08/2018,Analyst
41-9091.00,1.A.1.f.2,Visualization,IM,2.0,8,0.189,1.6296,2.3704,N,,08/2018,Analyst
41-9091.00,1.A.1.f.2,Visualization,LV,1.25,8,0.3134,0.6358,1.8642,N,N,08/2018,Analyst
41-9091.00,1.A.1.g.1,Selective Attention,IM,2.5,8,0.189,2.1296,2.8704,N,,08/2018,Analyst
41-9091.00,1.A.1.g.1,Selective Attention,LV,2.38,8,0.183,2.0164,2.7336,N,N,08/2018,Analyst
41-9091.00,1.A.1.g.2,Time Sharing,IM,2.5,8,0.189,2.1296,2.8704,N,,08/2018,Analyst
41-9091.00,1.A.1.g.2,Time Sharing,LV,2.12,8,0.125,1.88,2.37,N,N,08/2018,Analyst
41-9091.00,1.A.2.a.1,Arm-Hand Steadiness,IM,1.12,8,0.125,1.0,1.37,N,,08/2018,Analyst
41-9091.00,1.A.2.a.1,Arm-Hand Steadiness,LV,0.12,8,0.125,0.0,0.37,N,Y,08/2018,Analyst
41-9091.00,1.A.2.a.2,Manual Dexterity,IM,1.25,8,0.1637,1.0,1.5708,N,,08/2018,Analyst
41-9091.00,1.A.2.a.2,Manual Dexterity,LV,0.25,8,0.1637,0.0,0.5708,N,Y,08/2018,Analyst
41-9091.00,1.A.2.a.3,Finger Dexterity,IM,1.62,8,0.183,1.2664,1.9836,N,,08/2018,Analyst
41-9091.00,1.A.2.a.3,Finger Dexterity,LV,0.75,8,0.25,0.26,1.24,N,N,08/2018,Analyst
41-9091.00,1.A.2.b.1,Control Precision,IM,1.12,8,0.125,1.0,1.37,N,,08/2018,Analyst
41-9091.00,1.A.2.b.1,Control Precision,LV,0.12,8,0.125,0.0,0.37,N,Y,08/2018,Analyst
41-9091.00,1.A.2.b.2,Multilimb Coordination,IM,1.12,8,0.125,1.0,1.37,N,,08/2018,Analyst
41-9091.00,1.A.2.b.2,Multilimb Coordination,LV,0.12,8,0.125,0.0,0.37,N,Y,08/2018,Analyst
41-9091.00,1.A.2.b.3,Response Orientation,IM,1.0,8,0.0,1.0,1.0,N,,08/2018,Analyst
41-9091.00,1.A.2.b.3,Response Orientation,LV,0.0,8,0.0,0.0,0.0,N,Y,08/2018,Analyst
41-9091.00,1.A.2.b.4,Rate Control,IM,1.0,8,0.0,1.0,1.0,N,,08/2018,Analyst
41-9091.00,1.A.2.b.4,Rate Control,LV,0.0,8,0.0,0.0,0.0,N,Y,08/2018,Analyst
41-9091.00,1.A.2.c.1,Reaction Time,IM,1.0,8,0.0,1.0,1.0,N,,08/2018,Analyst
41-9091.00,1.A.2.c.1,Reaction Time,LV,0.0,8,0.0,0.0,0.0,N,Y,08/2018,Analyst
41-9091.00,1.A.2.c.2,Wrist-Finger Speed,IM,1.5,8,0.189,1.1296,1.8704,N,,08/2018,Analyst
41-9091.00,1.A.2.c.2,Wrist-Finger Speed,LV,0.5,8,0.189,0.1296,0.8704,N,N,08/2018,Analyst
41-9091.00,1.A.2.c.3,Speed of Limb Movement,IM,1.0,8,0.0,1.0,1.0,N,,08/2018,Analyst
41-9091.00,1.A.2.c.3,Speed of Limb Movement,LV,0.0,8,0.0,0.0,0.0,N,Y,08/2018,Analyst
41-9091.00,1.A.3.a.1,Static Strength,IM,1.38,8,0.183,1.0164,1.7336,N,,08/2018,Analyst
41-9091.00,1.A.3.a.1,Static Strength,LV,0.38,8,0.183,0.0164,0.7336,N,N,08/2018,Analyst
41-9091.00,1.A.3.a.2,Explosive Strength,IM,1.0,8,0.0,1.0,1.0,N,,08/2018,Analyst
41-9091.00,1.A.3.a.2,Explosive Strength,LV,0.0,8,0.0,0.0,0.0,N,Y,08/2018,Analyst
41-9091.00,1.A.3.a.3,Dynamic Strength,IM,1.0,8,0.0,1.0,1.0,N,,08/2018,Analyst
41-9091.00,1.A.3.a.3,Dynamic Strength,LV,0.0,8,0.0,0.0,0.0,N,Y,08/2018,Analyst
41-9091.00,1.A.3.a.4,Trunk Strength,IM,2.12,8,0.125,1.88,2.37,N,,08/2018,Analyst
41-9091.00,1.A.3.a.4,Trunk Strength,LV,1.88,8,0.2266,1.4309,2.3191,N,N,08/2018,Analyst
41-9091.00,1.A.3.b.1,Stamina,IM,1.25,8,0.1637,1.0,1.5708,N,,08/2018,Analyst
41-9091.00,1.A.3.b.1,Stamina,LV,0.25,8,0.1637,0.0,0.5708,N,Y,08/2018,Analyst
41-9091.00,1.A.3.c.1,Extent Flexibility,IM,1.0,8,0.0,1.0,1.0,N,,08/2018,Analyst
41-9091.00,1.A.3.c.1,Extent Flexibility,LV,0.0,8,0.0,0.0,0.0,N,Y,08/2018,Analyst
41-9091.00,1.A.3.c.2,Dynamic Flexibility,IM,1.0,8,0.0,1.0,1.0,N,,08/2018,Analyst
41-9091.00,1.A.3.c.2,Dynamic Flexibility,LV,0.0,8,0.0,0.0,0.0,N,Y,08/2018,Analyst
41-9091.00,1.A.3.c.3,Gross Body Coordination,IM,1.0,8,0.0,1.0,1.0,N,,08/2018,Analyst
41-9091.00,1.A.3.c.3,Gross Body Coordination,LV,0.0,8,0.0,0.0,0.0,N,Y,08/2018,Analyst
41-9091.00,1.A.3.c.4,Gross Body Equilibrium,IM,1.0,8,0.0,1.0,1.0,N,,08/2018,Analyst
41-9091.00,1.A.3.c.4,Gross Body Equilibrium,LV,0.0,8,0.0,0.0,0.0,N,Y,08/2018,Analyst
41-9091.00,1.A.4.a.1,Near Vision,IM,2.88,8,0.2266,2.4309,3.3191,N,,08/2018,Analyst
41-9091.00,1.A.4.a.1,Near Vision,LV,2.88,8,0.125,2.63,3.12,N,N,08/2018,Analyst
41-9091.00,1.A.4.a.2,Far Vision,IM,2.38,8,0.183,2.0164,2.7336,N,,08/2018,Analyst
41-9091.00,1.A.4.a.2,Far Vision,LV,2.12,8,0.125,1.88,2.37,N,N,08/2018,Analyst
41-9091.00,1.A.4.a.3,Visual Color Discrimination,IM,1.75,8,0.1637,1.4292,2.0708,N,,08/2018,Analyst
41-9091.00,1.A.4.a.3,Visual Color Discrimination,LV,1.0,8,0.2673,0.4762,1.5238,N,N,08/2018,Analyst
41-9091.00,1.A.4.a.4,Night Vision,IM,1.12,8,0.125,1.0,1.37,N,,08/2018,Analyst
41-9091.00,1.A.4.a.4,Night Vision,LV,0.12,8,0.125,0.0,0.37,N,Y,08/2018,Analyst
41-9091.00,1.A.4.a.5,Peripheral Vision,IM,1.0,8,0.0,1.0,1.0,N,,08/2018,Analyst
41-9091.00,1.A.4.a.5,Peripheral Vision,LV,0.0,8,0.0,0.0,0.0,N,Y,08/2018,Analyst
41-9091.00,1.A.4.a.6,Depth Perception,IM,1.0,8,0.0,1.0,1.0,N,,08/2018,Analyst
41-9091.00,1.A.4.a.6,Depth Perception,LV,0.0,8,0.0,0.0,0.0,N,Y,08/2018,Analyst
41-9091.00,1.A.4.a.7,Glare Sensitivity,IM,1.0,8,0.0,1.0,1.0,N,,08/2018,Analyst
41-9091.00,1.A.4.a.7,Glare Sensitivity,LV,0.0,8,0.0,0.0,0.0,N,Y,08/2018,Analyst
41-9091.00,1.A.4.b.1,Hearing Sensitivity,IM,1.5,8,0.189,1.1296,1.8704,N,,08/2018,Analyst
41-9091.00,1.A.4.b.1,Hearing Sensitivity,LV,0.5,8,0.189,0.1296,0.8704,N,N,08/2018,Analyst
41-9091.00,1.A.4.b.2,Auditory Attention,IM,1.5,8,0.189,1.1296,1.8704,N,,08/2018,Analyst
41-9091.00,1.A.4.b.2,Auditory Attention,LV,0.75,8,0.3134,0.1358,1.3642,N,N,08/2018,Analyst
41-9091.00,1.A.4.b.3,Sound Localization,IM,1.0,8,0.0,1.0,1.0,N,,08/2018,Analyst
41-9091.00,1.A.4.b.3,Sound Localization,LV,0.0,8,0.0,0.0,0.0,N,Y,08/2018,Analyst
41-9091.00,1.A.4.b.4,Speech Recognition,IM,3.5,8,0.189,3.1296,3.8704,N,,08/2018,Analyst
41-9091.00,1.A.4.b.4,Speech Recognition,LV,3.5,8,0.189,3.1296,3.8704,N,N,08/2018,Analyst
41-9091.00,1.A.4.b.5,Speech Clarity,IM,3.5,8,0.189,3.1296,3.8704,N,,08/2018,Analyst
41-9091.00,1.A.4.b.5,Speech Clarity,LV,3.5,8,0.189,3.1296,3.8704,N,N,08/2018,Analyst
43-1011.00,1.A.1.a.1,Oral Comprehension,IM,4.12,8,0.125,3.88,4.37,N,,07/2015,Analyst
43-1011.00,1.A.1.a.1,Oral Comprehension,LV,4.0,8,0.0,4.0,4.0,N,N,07/2015,Analyst
43-1011.00,1.A.1.a.2,Written Comprehension,IM,4.0,8,0.0,4.0,4.0,N,,07/2015,Analyst
43-1011.00,1.A.1.a.2,Written Comprehension,LV,4.0,8,0.0,4.0,4.0,N,N,07/2015,Analyst
43-1011.00,1.A.1.a.3,Oral Expression,IM,4.0,8,0.0,4.0,4.0,N,,07/2015,Analyst
43-1011.00,1.A.1.a.3,Oral Expression,LV,4.0,8,0.0,4.0,4.0,N,N,07/2015,Analyst
43-1011.00,1.A.1.a.4,Written Expression,IM,3.88,8,0.125,3.63,4.12,N,,07/2015,Analyst
43-1011.00,1.A.1.a.4,Written Expression,LV,4.0,8,0.0,4.0,4.0,N,N,07/2015,Analyst
43-1011.00,1.A.1.b.1,Fluency of Ideas,IM,3.38,8,0.183,3.0164,3.7336,N,,07/2015,Analyst
43-1011.00,1.A.1.b.1,Fluency of Ideas,LV,3.0,8,0.0,3.0,3.0,N,N,07/2015,Analyst
43-1011.00,1.A.1.b.2,Originality,IM,3.38,8,0.183,3.0164,3.7336,N,,07/2015,Analyst
43-1011.00,1.A.1.b.2,Originality,LV,3.38,8,0.183,3.0164,3.7336,N,N,07/2015,Analyst
43-1011.00,1.A.1.b.3,Problem Sensitivity,IM,3.75,8,0.1637,3.4292,4.0708,N,,07/2015,Analyst
43-1011.00,1.A.1.b.3,Problem Sensitivity,LV,3.62,8,0.183,3.2664,3.9836,N,N,07/2015,Analyst
43-1011.00,1.A.1.b.4,Deductive Reasoning,IM,3.62,8,0.183,3.2664,3.9836,N,,07/2015,Analyst
43-1011.00,1.A.1.b.4,Deductive Reasoning,LV,3.62,8,0.183,3.2664,3.9836,N,N,07/2015,Analyst
43-1011.00,1.A.1.b.5,Inductive Reasoning,IM,3.5,8,0.189,3.1296,3.8704,N,,07/2015,Analyst
43-1011.00,1.A.1.b.5,Inductive Reasoning,LV,3.25,8,0.1637,2.9292,3.5708,N,N,07/2015,Analyst
43-1011.00,1.A.1.b.6,Information Ordering,IM,3.62,8,0.183,3.2664,3.9836,N,,07/2015,Analyst
43-1011.00,1.A.1.b.6,Information Ordering,LV,3.25,8,0.1637,2.9292,3.5708,N,N,07/2015,Analyst
43-1011.00,1.A.1.b.7,Category Flexibility,IM,3.25,8,0.1637,2.9292,3.5708,N,,07/2015,Analyst
43-1011.00,1.A.1.b.7,Category Flexibility,LV,3.0,8,0.0,3.0,3.0,N,N,07/2015,Analyst
43-1011.00,1.A.1.c.1,Mathematical Reasoning,IM,2.75,8,0.1637,2.4292,3.0708,N,,07/2015,Analyst
43-1011.00,1.A.1.c.1,Mathematical Reasoning,LV,2.75,8,0.1637,2.4292,3.0708,N,N,07/2015,Analyst
43-1011.00,1.A.1.c.2,Number Facility,IM,2.62,8,0.183,2.2664,2.9836,N,,07/2015,Analyst
43-1011.00,1.A.1.c.2,Number Facility,LV,2.88,8,0.125,2.63,3.12,N,N,07/2015,Analyst
43-1011.00,1.A.1.d.1,Memorization,IM,2.5,8,0.189,2.1296,2.8704,N,,07/2015,Analyst
43-1011.00,1.A.1.d.1,Memorization,LV,2.5,8,0.189,2.1296,2.8704,N,N,07/2015,Analyst
43-1011.00,1.A.1.e.1,Speed of Closure,IM,2.62,8,0.183,2.2664,2.9836,N,,07/2015,Analyst
43-1011.00,1.A.1.e.1,Speed of Closure,LV,2.38,8,0.183,2.0164,2.7336,N,N,07/2015,Analyst
43-1011.00,1.A.1.e.2,Flexibility of Closure,IM,2.75,8,0.1637,2.4292,3.0708,N,,07/2015,Analyst
43-1011.00,1.A.1.e.2,Flexibility of Closure,LV,2.38,8,0.183,2.0164,2.7336,N,N,07/2015,Analyst
43-1011.00,1.A.1.e.3,Perceptual Speed,IM,2.62,8,0.183,2.2664,2.9836,N,,07/2015,Analyst
43-1011.00,1.A.1.e.3,Perceptual Speed,LV,2.62,8,0.183,2.2664,2.9836,N,N,07/2015,Analyst
43-1011.00,1.A.1.f.1,Spatial Orientation,IM,1.0,8,0.0,1.0,1.0,N,,07/2015,Analyst
43-1011.00,1.A.1.f.1,Spatial Orientation,LV,0.0,8,0.0,0.0,0.0,N,Y,07/2015,Analyst
43-1011.00,1.A.1.f.2,Visualization,IM,2.62,8,0.183,2.2664,2.9836,N,,07/2015,Analyst
43-1011.00,1.A.1.f.2,Visualization,LV,2.62,8,0.183,2.2664,2.9836,N,N,07/2015,Analyst
43-1011.00,1.A.1.g.1,Selective Attention,IM,3.0,8,0.189,2.6296,3.3704,N,,07/2015,Analyst
43-1011.00,1.A.1.g.1,Selective Attention,LV,2.62,8,0.183,2.2664,2.9836,N,N,07/2015,Analyst
43-1011.00,1.A.1.g.2,Time Sharing,IM,2.88,8,0.125,2.63,3.12,N,,07/2015,Analyst
43-1011.00,1.A.1.g.2,Time Sharing,LV,2.88,8,0.125,2.63,3.12,N,N,07/2015,Analyst
43-1011.00,1.A.2.a.1,Arm-Hand Steadiness,IM,1.38,8,0.183,1.0164,1.7336,N,,07/2015,Analyst
43-1011.00,1.A.2.a.1,Arm-Hand Steadiness,LV,0.62,8,0.3239,0.0,1.2598,N,N,07/2015,Analyst
43-1011.00,1.A.2.a.2,Manual Dexterity,IM,1.5,8,0.189,1.1296,1.8704,N,,07/2015,Analyst
43-1011.00,1.A.2.a.2,Manual Dexterity,LV,0.5,8,0.189,0.1296,0.8704,N,N,07/2015,Analyst
43-1011.00,1.A.2.a.3,Finger Dexterity,IM,2.62,8,0.183,2.2664,2.9836,N,,07/2015,Analyst
43-1011.00,1.A.2.a.3,Finger Dexterity,LV,2.12,8,0.295,1.5467,2.7033,N,N,07/2015,Analyst
43-1011.00,1.A.2.b.1,Control Precision,IM,1.0,8,0.0,1.0,1.0,N,,07/2015,Analyst
43-1011.00,1.A.2.b.1,Control Precision,LV,0.0,8,0.0,0.0,0.0,N,Y,07/2015,Analyst
43-1011.00,1.A.2.b.2,Multilimb Coordination,IM,1.75,8,0.25,1.26,2.24,N,,07/2015,Analyst
43-1011.00,1.A.2.b.2,Multilimb Coordination,LV,0.88,8,0.295,0.2967,1.4533,N,N,07/2015,Analyst
43-1011.00,1.A.2.b.3,Response Orientation,IM,1.0,8,0.0,1.0,1.0,N,,07/2015,Analyst
43-1011.00,1.A.2.b.3,Response Orientation,LV,0.0,8,0.0,0.0,0.0,N,Y,07/2015,Analyst
43-1011.00,1.A.2.b.4,Rate Control,IM,1.0,8,0.0,1.0,1.0,N,,07/2015,Analyst
43-1011.00,1.A.2.b.4,Rate Control,LV,0.0,8,0.0,0.0,0.0,N,Y,07/2015,Analyst
43-1011.00,1.A.2.c.1,Reaction Time,IM,1.0,8,0.0,1.0,1.0,N,,07/2015,Analyst
43-1011.00,1.A.2.c.1,Reaction Time,LV,0.0,8,0.0,0.0,0.0,N,Y,07/2015,Analyst
43-1011.00,1.A.2.c.2,Wrist-Finger Speed,IM,1.5,8,0.2673,1.0,2.0238,N,,07/2015,Analyst
43-1011.00,1.A.2.c.2,Wrist-Finger Speed,LV,0.5,8,0.2673,0.0,1.0238,N,N,07/2015,Analyst
43-1011.00,1.A.2.c.3,Speed of Limb Movement,IM,1.0,8,0.0,1.0,1.0,N,,07/2015,Analyst
43-1011.00,1.A.2.c.3,Speed of Limb Movement,LV,0.0,8,0.0,0.0,0.0,N,Y,07/2015,Analyst
43-1011.00,1.A.3.a.1,Static Strength,IM,1.5,8,0.189,1.1296,1.8704,N,,07/2015,Analyst
43-1011.00,1.A.3.a.1,Static Strength,LV,0.62,8,0.2631,0.1094,1.1406,N,N,07/2015,Analyst
43-1011.00,1.A.3.a.2,Explosive Strength,IM,1.25,8,0.1637,1.0,1.5708,N,,07/2015,Analyst
43-1011.00,1.A.3.a.2,Explosive Strength,LV,0.38,8,0.2631,0.0,0.8906,N,Y,07/2015,Analyst
43-1011.00,1.A.3.a.3,Dynamic Strength,IM,1.5,8,0.189,1.1296,1.8704,N,,07/2015,Analyst
43-1011.00,1.A.3.a.3,Dynamic Strength,LV,0.62,8,0.2631,0.1094,1.1406,N,N,07/2015,Analyst
43-1011.00,1.A.3.a.4,Trunk Strength,IM,1.62,8,0.2631,1.1094,2.1406,N,,07/2015,Analyst
43-1011.00,1.A.3.a.4,Trunk Strength,LV,0.88,8,0.3504,0.1883,1.5617,N,N,07/2015,Analyst
43-1011.00,1.A.3.b.1,Stamina,IM,1.38,8,0.183,1.0164,1.7336,N,,07/2015,Analyst
43-1011.00,1.A.3.b.1,Stamina,LV,0.5,8,0.2673,0.0,1.0238,N,N,07/2015,Analyst
43-1011.00,1.A.3.c.1,Extent Flexibility,IM,1.5,8,0.189,1.1296,1.8704,N,,07/2015,Analyst
43-1011.00,1.A.3.c.1,Extent Flexibility,LV,0.62,8,0.2631,0.1094,1.1406,N,N,07/2015,Analyst
43-1011.00,1.A.3.c.2,Dynamic Flexibility,IM,1.0,8,0.0,1.0,1.0,N,,07/2015,Analyst
43-1011.00,1.A.3.c.2,Dynamic Flexibility,LV,0.0,8,0.0,0.0,0.0,N,Y,07/2015,Analyst
43-1011.00,1.A.3.c.3,Gross Body Coordination,IM,1.38,8,0.183,1.0164,1.7336,N,,07/2015,Analyst
43-1011.00,1.A.3.c.3,Gross Body Coordination,LV,0.38,8,0.183,0.0164,0.7336,N,N,07/2015,Analyst
43-1011.00,1.A.3.c.4,Gross Body Equilibrium,IM,1.25,8,0.1637,1.0,1.5708,N,,07/2015,Analyst
43-1011.00,1.A.3.c.4,Gross Body Equilibrium,LV,0.25,8,0.1637,0.0,0.5708,N,Y,07/2015,Analyst
43-1011.00,1.A.4.a.1,Near Vision,IM,3.5,8,0.189,3.1296,3.8704,N,,07/2015,Analyst
43-1011.00,1.A.4.a.1,Near Vision,LV,3.5,8,0.189,3.1296,3.8704,N,N,07/2015,Analyst
43-1011.00,1.A.4.a.2,Far Vision,IM,2.88,8,0.125,2.63,3.12,N,,07/2015,Analyst
43-1011.00,1.A.4.a.2,Far Vision,LV,2.88,8,0.125,2.63,3.12,N,N,07/2015,Analyst
43-1011.00,1.A.4.a.3,Visual Color Discrimination,IM,2.12,8,0.125,1.88,2.37,N,,07/2015,Analyst
43-1011.00,1.A.4.a.3,Visual Color Discrimination,LV,1.88,8,0.125,1.63,2.12,N,N,07/2015,Analyst
43-1011.00,1.A.4.a.4,Night Vision,IM,1.0,8,0.0,1.0,1.0,N,,07/2015,Analyst
43-1011.00,1.A.4.a.4,Night Vision,LV,0.0,8,0.0,0.0,0.0,N,Y,07/2015,Analyst
43-1011.00,1.A.4.a.5,Peripheral Vision,IM,1.0,8,0.0,1.0,1.0,N,,07/2015,Analyst
43-1011.00,1.A.4.a.5,Peripheral Vision,LV,0.0,8,0.0,0.0,0.0,N,Y,07/2015,Analyst
43-1011.00,1.A.4.a.6,Depth Perception,IM,1.88,8,0.125,1.63,2.12,N,,07/2015,Analyst
43-1011.00,1.A.4.a.6,Depth Perception,LV,1.38,8,0.2631,0.8594,1.8906,N,N,07/2015,Analyst
43-1011.00,1.A.4.a.7,Glare Sensitivity,IM,1.0,8,0.0,1.0,1.0,N,,07/2015,Analyst
43-1011.00,1.A.4.a.7,Glare Sensitivity,LV,0.0,8,0.0,0.0,0.0,N,Y,07/2015,Analyst
43-1011.00,1.A.4.b.1,Hearing Sensitivity,IM,2.5,8,0.189,2.1296,2.8704,N,,07/2015,Analyst
43-1011.00,1.A.4.b.1,Hearing Sensitivity,LV,2.0,8,0.0,2.0,2.0,N,N,07/2015,Analyst
43-1011.00,1.A.4.b.2,Auditory Attention,IM,2.75,8,0.1637,2.4292,3.0708,N,,07/2015,Analyst
43-1011.00,1.A.4.b.2,Auditory Attention,LV,2.38,8,0.183,2.0164,2.7336,N,N,07/2015,Analyst
43-1011.00,1.A.4.b.3,Sound Localization,IM,1.0,8,0.0,1.0,1.0,N,,07/2015,Analyst
43-1011.00,1.A.4.b.3,Sound Localization,LV,0.0,8,0.0,0.0,0.0,N,Y,07/2015,Analyst
43-1011.00,1.A.4.b.4,Speech Recognition,IM,3.88,8,0.125,3.63,4.12,N,,07/2015,Analyst
43-1011.00,1.A.4.b.4,Speech Recognition,LV,3.5,8,0.189,3.1296,3.8704,N,N,07/2015,Analyst
43-1011.00,1.A.4.b.5,Speech Clarity,IM,3.88,8,0.125,3.63,4.12,N,,07/2015,Analyst
43-1011.00,1.A.4.b.5,Speech Clarity,LV,3.75,8,0.1637,3.4292,4.0708,N,N,07/2015,Analyst
43-2011.00,1.A.1.a.1,Oral Comprehension,IM,4.12,8,0.3504,3.4383,4.8117,N,,08/2022,Analyst
43-2011.00,1.A.1.a.1,Oral Comprehension,LV,3.75,8,0.1637,3.4292,4.0708,N,N,08/2022,Analyst
43-2011.00,1.A.1.a.2,Written Comprehension,IM,3.0,8,0.0,3.0,3.0,N,,08/2022,Analyst
43-2011.00,1.A.1.a.2,Written Comprehension,LV,2.88,8,0.125,2.63,3.12,N,N,08/2022,Analyst
43-2011.00,1.A.1.a.3,Oral Expression,IM,4.12,8,0.125,3.88,4.37,N,,08/2022,Analyst
43-2011.00,1.A.1.a.3,Oral Expression,LV,4.0,8,0.0,4.0,4.0,N,N,08/2022,Analyst
43-2011.00,1.A.1.a.4,Written Expression,IM,3.0,8,0.0,3.0,3.0,N,,08/2022,Analyst
43-2011.00,1.A.1.a.4,Written Expression,LV,2.88,8,0.125,2.63,3.12,N,N,08/2022,Analyst
43-2011.00,1.A.1.b.1,Fluency of Ideas,IM,2.0,8,0.0,2.0,2.0,N,,08/2022,Analyst
43-2011.00,1.A.1.b.1,Fluency of Ideas,LV,1.88,8,0.125,1.63,2.12,N,N,08/2022,Analyst
43-2011.00,1.A.1.b.2,Originality,IM,2.0,8,0.0,2.0,2.0,N,,08/2022,Analyst
43-2011.00,1.A.1.b.2,Originality,LV,1.75,8,0.1637,1.4292,2.0708,N,N,08/2022,Analyst
43-2011.00,1.A.1.b.3,Problem Sensitivity,IM,2.88,8,0.125,2.63,3.12,N,,08/2022,Analyst
43-2011.00,1.A.1.b.3,Problem Sensitivity,LV,2.75,8,0.1637,2.4292,3.0708,N,N,08/2022,Analyst
43-2011.00,1.A.1.b.4,Deductive Reasoning,IM,3.0,8,0.0,3.0,3.0,N,,08/2022,Analyst
43-2011.00,1.A.1.b.4,Deductive Reasoning,LV,2.62,8,0.183,2.2664,2.9836,N,N,08/2022,Analyst
43-2011.00,1.A.1.b.5,Inductive Reasoning,IM,3.0,8,0.0,3.0,3.0,N,,08/2022,Analyst
43-2011.00,1.A.1.b.5,Inductive Reasoning,LV,2.5,8,0.189,2.1296,2.8704,N,N,08/2022,Analyst
43-2011.00,1.A.1.b.6,Information Ordering,IM,3.0,8,0.189,2.6296,3.3704,N,,08/2022,Analyst
43-2011.00,1.A.1.b.6,Information Ordering,LV,2.38,8,0.183,2.0164,2.7336,N,N,08/2022,Analyst
43-2011.00,1.A.1.b.7,Category Flexibility,IM,2.5,8,0.189,2.1296,2.8704,N,,08/2022,Analyst
43-2011.00,1.A.1.b.7,Category Flexibility,LV,2.25,8,0.25,1.76,2.74,N,N,08/2022,Analyst
43-2011.00,1.A.1.c.1,Mathematical Reasoning,IM,1.88,8,0.125,1.63,2.12,N,,08/2022,Analyst
43-2011.00,1.A.1.c.1,Mathematical Reasoning,LV,1.0,8,0.189,0.6296,1.3704,N,N,08/2022,Analyst
43-2011.00,1.A.1.c.2,Number Facility,IM,1.88,8,0.125,1.63,2.12,N,,08/2022,Analyst
43-2011.00,1.A.1.c.2,Number Facility,LV,1.75,8,0.3134,1.1358,2.3642,N,N,08/2022,Analyst
43-2011.00,1.A.1.d.1,Memorization,IM,2.25,8,0.1637,1.9292,2.5708,N,,08/2022,Analyst
43-2011.00,1.A.1.d.1,Memorization,LV,2.12,8,0.125,1.88,2.37,N,N,08/2022,Analyst
43-2011.00,1.A.1.e.1,Speed of Closure,IM,2.38,8,0.183,2.0164,2.7336,N,,08/2022,Analyst
43-2011.00,1.A.1.e.1,Speed of Closure,LV,2.38,8,0.183,2.0164,2.7336,N,N,08/2022,Analyst
43-2011.00,1.A.1.e.2,Flexibility of Closure,IM,2.25,8,0.1637,1.9292,2.5708,N,,08/2022,Analyst
43-2011.00,1.A.1.e.2,Flexibility of Closure,LV,2.0,8,0.0,2.0,2.0,N,N,08/2022,Analyst
43-2011.00,1.A.1.e.3,Perceptual Speed,IM,2.75,8,0.1637,2.4292,3.0708,N,,08/2022,Analyst
43-2011.00,1.A.1.e.3,Perceptual Speed,LV,2.12,8,0.125,1.88,2.37,N,N,08/2022,Analyst
43-2011.00,1.A.1.f.1,Spatial Orientation,IM,1.0,8,0.0,1.0,1.0,N,,08/2022,Analyst
43-2011.00,1.A.1.f.1,Spatial Orientation,LV,0.0,8,0.0,0.0,0.0,N,Y,08/2022,Analyst
43-2011.00,1.A.1.f.2,Visualization,IM,1.88,8,0.125,1.63,2.12,N,,08/2022,Analyst
43-2011.00,1.A.1.f.2,Visualization,LV,1.5,8,0.2673,0.9762,2.0238,N,N,08/2022,Analyst
43-2011.00,1.A.1.g.1,Selective Attention,IM,3.12,8,0.125,2.88,3.37,N,,08/2022,Analyst
43-2011.00,1.A.1.g.1,Selective Attention,LV,2.38,8,0.183,2.0164,2.7336,N,N,08/2022,Analyst
43-2011.00,1.A.1.g.2,Time Sharing,IM,2.62,8,0.183,2.2664,2.9836,N,,08/2022,Analyst
43-2011.00,1.A.1.g.2,Time Sharing,LV,2.38,8,0.183,2.0164,2.7336,N,N,08/2022,Analyst
43-2011.00,1.A.2.a.1,Arm-Hand Steadiness,IM,2.12,8,0.125,1.88,2.37,N,,08/2022,Analyst
43-2011.00,1.A.2.a.1,Arm-Hand Steadiness,LV,1.88,8,0.125,1.63,2.12,N,N,08/2022,Analyst
43-2011.00,1.A.2.a.2,Manual Dexterity,IM,2.0,8,0.0,2.0,2.0,N,,08/2022,Analyst
43-2011.00,1.A.2.a.2,Manual Dexterity,LV,1.75,8,0.1637,1.4292,2.0708,N,N,08/2022,Analyst
43-2011.00,1.A.2.a.3,Finger Dexterity,IM,2.38,8,0.183,2.0164,2.7336,N,,08/2022,Analyst
43-2011.00,1.A.2.a.3,Finger Dexterity,LV,2.0,8,0.189,1.6296,2.3704,N,N,08/2022,Analyst
43-2011.00,1.A.2.b.1,Control Precision,IM,2.0,8,0.0,2.0,2.0,N,,08/2022,Analyst
43-2011.00,1.A.2.b.1,Control Precision,LV,1.75,8,0.1637,1.4292,2.0708,N,N,08/2022,Analyst
43-2011.00,1.A.2.b.2,Multilimb Coordination,IM,1.5,8,0.189,1.1296,1.8704,N,,08/2022,Analyst
43-2011.00,1.A.2.b.2,Multilimb Coordination,LV,0.62,8,0.2631,0.1094,1.1406,N,N,08/2022,Analyst
43-2011.00,1.A.2.b.3,Response Orientation,IM,1.62,8,0.183,1.2664,1.9836,N,,08/2022,Analyst
43-2011.00,1.A.2.b.3,Response Orientation,LV,1.0,8,0.3273,0.3584,1.6416,N,N,08/2022,Analyst
43-2011.00,1.A.2.b.4,Rate Control,IM,1.0,8,0.0,1.0,1.0,N,,08/2022,Analyst
43-2011.00,1.A.2.b.4,Rate Control,LV,0.0,8,0.0,0.0,0.0,N,Y,08/2022,Analyst
43-2011.00,1.A.2.c.1,Reaction Time,IM,1.12,8,0.125,1.0,1.37,N,,08/2022,Analyst
43-2011.00,1.A.2.c.1,Reaction Time,LV,0.12,8,0.125,0.0,0.37,N,Y,08/2022,Analyst
43-2011.00,1.A.2.c.2,Wrist-Finger Speed,IM,1.88,8,0.125,1.63,2.12,N,,08/2022,Analyst
43-2011.00,1.A.2.c.2,Wrist-Finger Speed,LV,1.12,8,0.2266,0.6809,1.5691,N,N,08/2022,Analyst
43-2011.00,1.A.2.c.3,Speed of Limb Movement,IM,1.0,8,0.0,1.0,1.0,N,,08/2022,Analyst
43-2011.00,1.A.2.c.3,Speed of Limb Movement,LV,0.0,8,0.0,0.0,0.0,N,Y,08/2022,Analyst
43-2011.00,1.A.3.a.1,Static Strength,IM,1.0,8,0.0,1.0,1.0,N,,08/2022,Analyst
43-2011.00,1.A.3.a.1,Static Strength,LV,0.0,8,0.0,0.0,0.0,N,Y,08/2022,Analyst
43-2011.00,1.A.3.a.2,Explosive Strength,IM,1.0,8,0.0,1.0,1.0,N,,08/2022,Analyst
43-2011.00,1.A.3.a.2,Explosive Strength,LV,0.0,8,0.0,0.0,0.0,N,Y,08/2022,Analyst
43-2011.00,1.A.3.a.3,Dynamic Strength,IM,1.38,8,0.183,1.0164,1.7336,N,,08/2022,Analyst
43-2011.00,1.A.3.a.3,Dynamic Strength,LV,0.5,8,0.2673,0.0,1.0238,N,N,08/2022,Analyst
43-2011.00,1.A.3.a.4,Trunk Strength,IM,1.75,8,0.25,1.26,2.24,N,,08/2022,Analyst
43-2011.00,1.A.3.a.4,Trunk Strength,LV,1.0,8,0.3273,0.3584,1.6416,N,N,08/2022,Analyst
43-2011.00,1.A.3.b.1,Stamina,IM,1.0,8,0.0,1.0,1.0,N,,08/2022,Analyst
43-2011.00,1.A.3.b.1,Stamina,LV,0.0,8,0.0,0.0,0.0,N,Y,08/2022,Analyst
43-2011.00,1.A.3.c.1,Extent Flexibility,IM,1.0,8,0.0,1.0,1.0,N,,08/2022,Analyst
43-2011.00,1.A.3.c.1,Extent Flexibility,LV,0.0,8,0.0,0.0,0.0,N,Y,08/2022,Analyst
43-2011.00,1.A.3.c.2,Dynamic Flexibility,IM,1.0,8,0.0,1.0,1.0,N,,08/2022,Analyst
43-2011.00,1.A.3.c.2,Dynamic Flexibility,LV,0.0,8,0.0,0.0,0.0,N,Y,08/2022,Analyst
43-2011.00,1.A.3.c.3,Gross Body Coordination,IM,1.0,8,0.0,1.0,1.0,N,,08/2022,Analyst
43-2011.00,1.A.3.c.3,Gross Body Coordination,LV,0.0,8,0.0,0.0,0.0,N,Y,08/2022,Analyst
43-2011.00,1.A.3.c.4,Gross Body Equilibrium,IM,1.0,8,0.0,1.0,1.0,N,,08/2022,Analyst
43-2011.00,1.A.3.c.4,Gross Body Equilibrium,LV,0.0,8,0.0,0.0,0.0,N,Y,08/2022,Analyst
43-2011.00,1.A.4.a.1,Near Vision,IM,3.38,8,0.183,3.0164,3.7336,N,,08/2022,Analyst
43-2011.00,1.A.4.a.1,Near Vision,LV,3.25,8,0.1637,2.9292,3.5708,N,N,08/2022,Analyst
43-2011.00,1.A.4.a.2,Far Vision,IM,2.75,8,0.1637,2.4292,3.0708,N,,08/2022,Analyst
43-2011.00,1.A.4.a.2,Far Vision,LV,2.25,8,0.1637,1.9292,2.5708,N,N,08/2022,Analyst
43-2011.00,1.A.4.a.3,Visual Color Discrimination,IM,2.0,8,0.0,2.0,2.0,N,,08/2022,Analyst
43-2011.00,1.A.4.a.3,Visual Color Discrimination,LV,1.25,8,0.1637,0.9292,1.5708,N,N,08/2022,Analyst
43-2011.00,1.A.4.a.4,Night Vision,IM,1.0,8,0.0,1.0,1.0,N,,08/2022,Analyst
43-2011.00,1.A.4.a.4,Night Vision,LV,0.0,8,0.0,0.0,0.0,N,Y,08/2022,Analyst
43-2011.00,1.A.4.a.5,Peripheral Vision,IM,1.0,8,0.0,1.0,1.0,N,,08/2022,Analyst
43-2011.00,1.A.4.a.5,Peripheral Vision,LV,0.0,8,0.0,0.0,0.0,N,Y,08/2022,Analyst
43-2011.00,1.A.4.a.6,Depth Perception,IM,1.12,8,0.125,1.0,1.37,N,,08/2022,Analyst
43-2011.00,1.A.4.a.6,Depth Perception,LV,0.12,8,0.125,0.0,0.37,N,Y,08/2022,Analyst
43-2011.00,1.A.4.a.7,Glare Sensitivity,IM,1.0,8,0.0,1.0,1.0,N,,08/2022,Analyst
43-2011.00,1.A.4.a.7,Glare Sensitivity,LV,0.0,8,0.0,0.0,0.0,N,Y,08/2022,Analyst
43-2011.00,1.A.4.b.1,Hearing Sensitivity,IM,2.12,8,0.125,1.88,2.37,N,,08/2022,Analyst
43-2011.00,1.A.4.b.1,Hearing Sensitivity,LV,2.0,8,0.0,2.0,2.0,N,N,08/2022,Analyst
43-2011.00,1.A.4.b.2,Auditory Attention,IM,2.75,8,0.1637,2.4292,3.0708,N,,08/2022,Analyst
43-2011.00,1.A.4.b.2,Auditory Attention,LV,2.0,8,0.0,2.0,2.0,N,N,08/2022,Analyst
43-2011.00,1.A.4.b.3,Sound Localization,IM,1.0,8,0.0,1.0,1.0,N,,08/2022,Analyst
43-2011.00,1.A.4.b.3,Sound Localization,LV,0.0,8,0.0,0.0,0.0,N,Y,08/2022,Analyst
43-2011.00,1.A.4.b.4,Speech Recognition,IM,4.0,8,0.0,4.0,4.0,N,,08/2022,Analyst
43-2011.00,1.A.4.b.4,Speech Recognition,LV,4.0,8,0.0,4.0,4.0,N,N,08/2022,Analyst
43-2011.00,1.A.4.b.5,Speech Clarity,IM,4.0,8,0.0,4.0,4.0,N,,08/2022,Analyst
43-2011.00,1.A.4.b.5,Speech Clarity,LV,3.88,8,0.125,3.63,4.12,N,N,08/2022,Analyst
43-2021.00,1.A.1.a.1,Oral Comprehension,IM,4.0,8,0.0,4.0,4.0,N,,08/2024,Analyst
43-2021.00,1.A.1.a.1,Oral Comprehension,LV,3.62,8,0.183,3.2664,3.9836,N,N,08/2024,Analyst
43-2021.00,1.A.1.a.2,Written Comprehension,IM,3.0,8,0.0,3.0,3.0,N,,08/2024,Analyst
43-2021.00,1.A.1.a.2,Written Comprehension,LV,3.0,8,0.0,3.0,3.0,N,N,08/2024,Analyst
43-2021.00,1.A.1.a.3,Oral Expression,IM,4.12,8,0.125,3.88,4.37,N,,08/2024,Analyst
43-2021.00,1.A.1.a.3,Oral Expression,LV,3.75,8,0.1637,3.4292,4.0708,N,N,08/2024,Analyst
43-2021.00,1.A.1.a.4,Written Expression,IM,2.75,8,0.1637,2.4292,3.0708,N,,08/2024,Analyst
43-2021.00,1.A.1.a.4,Written Expression,LV,2.62,8,0.183,2.2664,2.9836,N,N,08/2024,Analyst
43-2021.00,1.A.1.b.1,Fluency of Ideas,IM,1.88,8,0.125,1.63,2.12,N,,08/2024,Analyst
43-2021.00,1.A.1.b.1,Fluency of Ideas,LV,1.75,8,0.25,1.26,2.24,N,N,08/2024,Analyst
43-2021.00,1.A.1.b.2,Originality,IM,1.88,8,0.125,1.63,2.12,N,,08/2024,Analyst
43-2021.00,1.A.1.b.2,Originality,LV,1.75,8,0.25,1.26,2.24,N,N,08/2024,Analyst
43-2021.00,1.A.1.b.3,Problem Sensitivity,IM,3.0,8,0.0,3.0,3.0,N,,08/2024,Analyst
43-2021.00,1.A.1.b.3,Problem Sensitivity,LV,2.88,8,0.125,2.63,3.12,N,N,08/2024,Analyst
43-2021.00,1.A.1.b.4,Deductive Reasoning,IM,2.88,8,0.125,2.63,3.12,N,,08/2024,Analyst
43-2021.00,1.A.1.b.4,Deductive Reasoning,LV,2.62,8,0.183,2.2664,2.9836,N,N,08/2024,Analyst
43-2021.00,1.A.1.b.5,Inductive Reasoning,IM,2.88,8,0.125,2.63,3.12,N,,08/2024,Analyst
43-2021.00,1.A.1.b.5,Inductive Reasoning,LV,2.75,8,0.1637,2.4292,3.0708,N,N,08/2024,Analyst
43-2021.00,1.A.1.b.6,Information Ordering,IM,2.75,8,0.1637,2.4292,3.0708,N,,08/2024,Analyst
43-2021.00,1.A.1.b.6,Information Ordering,LV,2.62,8,0.183,2.2664,2.9836,N,N,08/2024,Analyst
43-2021.00,1.A.1.b.7,Category Flexibility,IM,2.5,8,0.189,2.1296,2.8704,N,,08/2024,Analyst
43-2021.00,1.A.1.b.7,Category Flexibility,LV,2.25,8,0.1637,1.9292,2.5708,N,N,08/2024,Analyst
43-2021.00,1.A.1.c.1,Mathematical Reasoning,IM,2.0,8,0.0,2.0,2.0,N,,08/2024,Analyst
43-2021.00,1.A.1.c.1,Mathematical Reasoning,LV,1.38,8,0.183,1.0164,1.7336,N,N,08/2024,Analyst
43-2021.00,1.A.1.c.2,Number Facility,IM,1.88,8,0.125,1.63,2.12,N,,08/2024,Analyst
43-2021.00,1.A.1.c.2,Number Facility,LV,1.38,8,0.2631,0.8594,1.8906,N,N,08/2024,Analyst
43-2021.00,1.A.1.d.1,Memorization,IM,2.0,8,0.0,2.0,2.0,N,,08/2024,Analyst
43-2021.00,1.A.1.d.1,Memorization,LV,1.5,8,0.189,1.1296,1.8704,N,N,08/2024,Analyst
43-2021.00,1.A.1.e.1,Speed of Closure,IM,2.12,8,0.125,1.88,2.37,N,,08/2024,Analyst
43-2021.00,1.A.1.e.1,Speed of Closure,LV,2.12,8,0.125,1.88,2.37,N,N,08/2024,Analyst
43-2021.00,1.A.1.e.2,Flexibility of Closure,IM,2.5,8,0.189,2.1296,2.8704,N,,08/2024,Analyst
43-2021.00,1.A.1.e.2,Flexibility of Closure,LV,2.12,8,0.125,1.88,2.37,N,N,08/2024,Analyst
43-2021.00,1.A.1.e.3,Perceptual Speed,IM,2.25,8,0.1637,1.9292,2.5708,N,,08/2024,Analyst
43-2021.00,1.A.1.e.3,Perceptual Speed,LV,2.0,8,0.0,2.0,2.0,N,N,08/2024,Analyst
43-2021.00,1.A.1.f.1,Spatial Orientation,IM,1.0,8,0.0,1.0,1.0,N,,08/2024,Analyst
43-2021.00,1.A.1.f.1,Spatial Orientation,LV,0.0,8,0.0,0.0,0.0,N,Y,08/2024,Analyst
43-2021.00,1.A.1.f.2,Visualization,IM,1.62,8,0.183,1.2664,1.9836,N,,08/2024,Analyst
43-2021.00,1.A.1.f.2,Visualization,LV,0.88,8,0.295,0.2967,1.4533,N,N,08/2024,Analyst
43-2021.00,1.A.1.g.1,Selective Attention,IM,3.0,8,0.0,3.0,3.0,N,,08/2024,Analyst
43-2021.00,1.A.1.g.1,Selective Attention,LV,3.0,8,0.0,3.0,3.0,N,N,08/2024,Analyst
43-2021.00,1.A.1.g.2,Time Sharing,IM,2.0,8,0.0,2.0,2.0,N,,08/2024,Analyst
43-2021.00,1.A.1.g.2,Time Sharing,LV,2.0,8,0.0,2.0,2.0,N,N,08/2024,Analyst
43-2021.00,1.A.2.a.1,Arm-Hand Steadiness,IM,2.0,8,0.0,2.0,2.0,N,,08/2024,Analyst
43-2021.00,1.A.2.a.1,Arm-Hand Steadiness,LV,1.62,8,0.183,1.2664,1.9836,N,N,08/2024,Analyst
43-2021.00,1.A.2.a.2,Manual Dexterity,IM,2.0,8,0.0,2.0,2.0,N,,08/2024,Analyst
43-2021.00,1.A.2.a.2,Manual Dexterity,LV,1.38,8,0.183,1.0164,1.7336,N,N,08/2024,Analyst
43-2021.00,1.A.2.a.3,Finger Dexterity,IM,2.62,8,0.183,2.2664,2.9836,N,,08/2024,Analyst
43-2021.00,1.A.2.a.3,Finger Dexterity,LV,2.38,8,0.183,2.0164,2.7336,N,N,08/2024,Analyst
43-2021.00,1.A.2.b.1,Control Precision,IM,2.0,8,0.0,2.0,2.0,N,,08/2024,Analyst
43-2021.00,1.A.2.b.1,Control Precision,LV,1.62,8,0.183,1.2664,1.9836,N,N,08/2024,Analyst
43-2021.00,1.A.2.b.2,Multilimb Coordination,IM,1.0,8,0.0,1.0,1.0,N,,08/2024,Analyst
43-2021.00,1.A.2.b.2,Multilimb Coordination,LV,0.0,8,0.0,0.0,0.0,N,Y,08/2024,Analyst
43-2021.00,1.A.2.b.3,Response Orientation,IM,1.5,8,0.189,1.1296,1.8704,N,,08/2024,Analyst
43-2021.00,1.A.2.b.3,Response Orientation,LV,0.5,8,0.189,0.1296,0.8704,N,N,08/2024,Analyst
43-2021.00,1.A.2.b.4,Rate Control,IM,1.62,8,0.183,1.2664,1.9836,N,,08/2024,Analyst
43-2021.00,1.A.2.b.4,Rate Control,LV,0.75,8,0.25,0.26,1.24,N,N,08/2024,Analyst
43-2021.00,1.A.2.c.1,Reaction Time,IM,1.88,8,0.125,1.63,2.12,N,,08/2024,Analyst
43-2021.00,1.A.2.c.1,Reaction Time,LV,1.12,8,0.2266,0.6809,1.5691,N,N,08/2024,Analyst
43-2021.00,1.A.2.c.2,Wrist-Finger Speed,IM,1.62,8,0.183,1.2664,1.9836,N,,08/2024,Analyst
43-2021.00,1.A.2.c.2,Wrist-Finger Speed,LV,0.62,8,0.183,0.2664,0.9836,N,N,08/2024,Analyst
43-2021.00,1.A.2.c.3,Speed of Limb Movement,IM,1.0,8,0.0,1.0,1.0,N,,08/2024,Analyst
43-2021.00,1.A.2.c.3,Speed of Limb Movement,LV,0.0,8,0.0,0.0,0.0,N,Y,08/2024,Analyst
43-2021.00,1.A.3.a.1,Static Strength,IM,1.0,8,0.0,1.0,1.0,N,,08/2024,Analyst
43-2021.00,1.A.3.a.1,Static Strength,LV,0.0,8,0.0,0.0,0.0,N,Y,08/2024,Analyst
43-2021.00,1.A.3.a.2,Explosive Strength,IM,1.0,8,0.0,1.0,1.0,N,,08/2024,Analyst
43-2021.00,1.A.3.a.2,Explosive Strength,LV,0.0,8,0.0,0.0,0.0,N,Y,08/2024,Analyst
43-2021.00,1.A.3.a.3,Dynamic Strength,IM,1.5,8,0.189,1.1296,1.8704,N,,08/2024,Analyst
43-2021.00,1.A.3.a.3,Dynamic Strength,LV,0.5,8,0.189,0.1296,0.8704,N,N,08/2024,Analyst
43-2021.00,1.A.3.a.4,Trunk Strength,IM,1.88,8,0.2266,1.4309,2.3191,N,,08/2024,Analyst
43-2021.00,1.A.3.a.4,Trunk Strength,LV,1.25,8,0.3134,0.6358,1.8642,N,N,08/2024,Analyst
43-2021.00,1.A.3.b.1,Stamina,IM,1.0,8,0.0,1.0,1.0,N,,08/2024,Analyst
43-2021.00,1.A.3.b.1,Stamina,LV,0.0,8,0.0,0.0,0.0,N,Y,08/2024,Analyst
43-2021.00,1.A.3.c.1,Extent Flexibility,IM,1.0,8,0.0,1.0,1.0,N,,08/2024,Analyst
43-2021.00,1.A.3.c.1,Extent Flexibility,LV,0.0,8,0.0,0.0,0.0,N,Y,08/2024,Analyst
43-2021.00,1.A.3.c.2,Dynamic Flexibility,IM,1.0,8,0.0,1.0,1.0,N,,08/2024,Analyst
43-2021.00,1.A.3.c.2,Dynamic Flexibility,LV,0.0,8,0.0,0.0,0.0,N,Y,08/2024,Analyst
43-2021.00,1.A.3.c.3,Gross Body Coordination,IM,1.0,8,0.0,1.0,1.0,N,,08/2024,Analyst
43-2021.00,1.A.3.c.3,Gross Body Coordination,LV,0.0,8,0.0,0.0,0.0,N,Y,08/2024,Analyst
43-2021.00,1.A.3.c.4,Gross Body Equilibrium,IM,1.0,8,0.0,1.0,1.0,N,,08/2024,Analyst
43-2021.00,1.A.3.c.4,Gross Body Equilibrium,LV,0.0,8,0.0,0.0,0.0,N,Y,08/2024,Analyst
43-2021.00,1.A.4.a.1,Near Vision,IM,3.0,8,0.189,2.6296,3.3704,N,,08/2024,Analyst
43-2021.00,1.A.4.a.1,Near Vision,LV,2.88,8,0.2266,2.4309,3.3191,N,N,08/2024,Analyst
43-2021.00,1.A.4.a.2,Far Vision,IM,2.0,8,0.189,1.6296,2.3704,N,,08/2024,Analyst
43-2021.00,1.A.4.a.2,Far Vision,LV,1.75,8,0.25,1.26,2.24,N,N,08/2024,Analyst
43-2021.00,1.A.4.a.3,Visual Color Discrimination,IM,1.88,8,0.125,1.63,2.12,N,,08/2024,Analyst
43-2021.00,1.A.4.a.3,Visual Color Discrimination,LV,1.12,8,0.2266,0.6809,1.5691,N,N,08/2024,Analyst
43-2021.00,1.A.4.a.4,Night Vision,IM,1.0,8,0.0,1.0,1.0,N,,08/2024,Analyst
43-2021.00,1.A.4.a.4,Night Vision,LV,0.0,8,0.0,0.0,0.0,N,Y,08/2024,Analyst
43-2021.00,1.A.4.a.5,Peripheral Vision,IM,1.0,8,0.0,1.0,1.0,N,,08/2024,Analyst
43-2021.00,1.A.4.a.5,Peripheral Vision,LV,0.0,8,0.0,0.0,0.0,N,Y,08/2024,Analyst
43-2021.00,1.A.4.a.6,Depth Perception,IM,1.5,8,0.189,1.1296,1.8704,N,,08/2024,Analyst
43-2021.00,1.A.4.a.6,Depth Perception,LV,0.5,8,0.189,0.1296,0.8704,N,N,08/2024,Analyst
43-2021.00,1.A.4.a.7,Glare Sensitivity,IM,1.0,8,0.0,1.0,1.0,N,,08/2024,Analyst
43-2021.00,1.A.4.a.7,Glare Sensitivity,LV,0.0,8,0.0,0.0,0.0,N,Y,08/2024,Analyst
43-2021.00,1.A.4.b.1,Hearing Sensitivity,IM,2.12,8,0.125,1.88,2.37,N,,08/2024,Analyst
43-2021.00,1.A.4.b.1,Hearing Sensitivity,LV,2.0,8,0.0,2.0,2.0,N,N,08/2024,Analyst
43-2021.00,1.A.4.b.2,Auditory Attention,IM,2.5,8,0.189,2.1296,2.8704,N,,08/2024,Analyst
43-2021.00,1.A.4.b.2,Auditory Attention,LV,2.0,8,0.0,2.0,2.0,N,N,08/2024,Analyst
43-2021.00,1.A.4.b.3,Sound Localization,IM,1.0,8,0.0,1.0,1.0,N,,08/2024,Analyst
43-2021.00,1.A.4.b.3,Sound Localization,LV,0.0,8,0.0,0.0,0.0,N,Y,08/2024,Analyst
43-2021.00,1.A.4.b.4,Speech Recognition,IM,4.0,8,0.0,4.0,4.0,N,,08/2024,Analyst
43-2021.00,1.A.4.b.4,Speech Recognition,LV,4.12,8,0.2266,3.6809,4.5691,N,N,08/2024,Analyst
43-2021.00,1.A.4.b.5,Speech Clarity,IM,4.0,8,0.0,4.0,4.0,N,,08/2024,Analyst
43-2021.00,1.A.4.b.5,Speech Clarity,LV,3.75,8,0.1637,3.4292,4.0708,N,N,08/2024,Analyst
43-3011.00,1.A.1.a.1,Oral Comprehension,IM,3.75,8,0.1637,3.4292,4.0708,N,,08/2018,Analyst
43-3011.00,1.A.1.a.1,Oral Comprehension,LV,3.88,8,0.125,3.63,4.12,N,N,08/2018,Analyst
43-3011.00,1.A.1.a.2,Written Comprehension,IM,3.62,8,0.183,3.2664,3.9836,N,,08/2018,Analyst
43-3011.00,1.A.1.a.2,Written Comprehension,LV,3.75,8,0.1637,3.4292,4.0708,N,N,08/2018,Analyst
43-3011.00,1.A.1.a.3,Oral Expression,IM,3.75,8,0.1637,3.4292,4.0708,N,,08/2018,Analyst
43-3011.00,1.A.1.a.3,Oral Expression,LV,3.88,8,0.125,3.63,4.12,N,N,08/2018,Analyst
43-3011.00,1.A.1.a.4,Written Expression,IM,3.5,8,0.189,3.1296,3.8704,N,,08/2018,Analyst
43-3011.00,1.A.1.a.4,Written Expression,LV,3.5,8,0.189,3.1296,3.8704,N,N,08/2018,Analyst
43-3011.00,1.A.1.b.1,Fluency of Ideas,IM,2.5,8,0.189,2.1296,2.8704,N,,08/2018,Analyst
43-3011.00,1.A.1.b.1,Fluency of Ideas,LV,2.75,8,0.1637,2.4292,3.0708,N,N,08/2018,Analyst
43-3011.00,1.A.1.b.2,Originality,IM,2.5,8,0.189,2.1296,2.8704,N,,08/2018,Analyst
43-3011.00,1.A.1.b.2,Originality,LV,2.62,8,0.183,2.2664,2.9836,N,N,08/2018,Analyst
43-3011.00,1.A.1.b.3,Problem Sensitivity,IM,3.0,8,0.0,3.0,3.0,N,,08/2018,Analyst
43-3011.00,1.A.1.b.3,Problem Sensitivity,LV,3.0,8,0.0,3.0,3.0,N,N,08/2018,Analyst
43-3011.00,1.A.1.b.4,Deductive Reasoning,IM,2.88,8,0.125,2.63,3.12,N,,08/2018,Analyst
43-3011.00,1.A.1.b.4,Deductive Reasoning,LV,2.88,8,0.125,2.63,3.12,N,N,08/2018,Analyst
43-3011.00,1.A.1.b.5,Inductive Reasoning,IM,2.88,8,0.125,2.63,3.12,N,,08/2018,Analyst
43-3011.00,1.A.1.b.5,Inductive Reasoning,LV,3.12,8,0.2266,2.6809,3.5691,N,N,08/2018,Analyst
43-3011.00,1.A.1.b.6,Information Ordering,IM,2.88,8,0.125,2.63,3.12,N,,08/2018,Analyst
43-3011.00,1.A.1.b.6,Information Ordering,LV,2.88,8,0.125,2.63,3.12,N,N,08/2018,Analyst
43-3011.00,1.A.1.b.7,Category Flexibility,IM,3.0,8,0.0,3.0,3.0,N,,08/2018,Analyst
43-3011.00,1.A.1.b.7,Category Flexibility,LV,3.0,8,0.0,3.0,3.0,N,N,08/2018,Analyst
43-3011.00,1.A.1.c.1,Mathematical Reasoning,IM,2.62,8,0.183,2.2664,2.9836,N,,08/2018,Analyst
43-3011.00,1.A.1.c.1,Mathematical Reasoning,LV,2.62,8,0.183,2.2664,2.9836,N,N,08/2018,Analyst
43-3011.00,1.A.1.c.2,Number Facility,IM,2.75,8,0.1637,2.4292,3.0708,N,,08/2018,Analyst
43-3011.00,1.A.1.c.2,Number Facility,LV,2.75,8,0.1637,2.4292,3.0708,N,N,08/2018,Analyst
43-3011.00,1.A.1.d.1,Memorization,IM,2.12,8,0.125,1.88,2.37,N,,08/2018,Analyst
43-3011.00,1.A.1.d.1,Memorization,LV,2.12,8,0.125,1.88,2.37,N,N,08/2018,Analyst
43-3011.00,1.A.1.e.1,Speed of Closure,IM,2.0,8,0.0,2.0,2.0,N,,08/2018,Analyst
43-3011.00,1.A.1.e.1,Speed of Closure,LV,2.12,8,0.125,1.88,2.37,N,N,08/2018,Analyst
43-3011.00,1.A.1.e.2,Flexibility of Closure,IM,2.38,8,0.183,2.0164,2.7336,N,,08/2018,Analyst
43-3011.00,1.A.1.e.2,Flexibility of Closure,LV,2.88,8,0.125,2.63,3.12,N,N,08/2018,Analyst
43-3011.00,1.A.1.e.3,Perceptual Speed,IM,2.62,8,0.183,2.2664,2.9836,N,,08/2018,Analyst
43-3011.00,1.A.1.e.3,Perceptual Speed,LV,2.62,8,0.183,2.2664,2.9836,N,N,08/2018,Analyst
43-3011.00,1.A.1.f.1,Spatial Orientation,IM,1.0,8,0.0,1.0,1.0,N,,08/2018,Analyst
43-3011.00,1.A.1.f.1,Spatial Orientation,LV,0.0,8,0.0,0.0,0.0,N,Y,08/2018,Analyst
43-3011.00,1.A.1.f.2,Visualization,IM,2.12,8,0.125,1.88,2.37,N,,08/2018,Analyst
43-3011.00,1.A.1.f.2,Visualization,LV,2.0,8,0.189,1.6296,2.3704,N,N,08/2018,Analyst
43-3011.00,1.A.1.g.1,Selective Attention,IM,3.0,8,0.0,3.0,3.0,N,,08/2018,Analyst
43-3011.00,1.A.1.g.1,Selective Attention,LV,3.0,8,0.0,3.0,3.0,N,N,08/2018,Analyst
43-3011.00,1.A.1.g.2,Time Sharing,IM,2.25,8,0.1637,1.9292,2.5708,N,,08/2018,Analyst
43-3011.00,1.A.1.g.2,Time Sharing,LV,2.12,8,0.125,1.88,2.37,N,N,08/2018,Analyst
43-3011.00,1.A.2.a.1,Arm-Hand Steadiness,IM,1.38,8,0.183,1.0164,1.7336,N,,08/2018,Analyst
43-3011.00,1.A.2.a.1,Arm-Hand Steadiness,LV,0.75,8,0.366,0.0327,1.4673,N,N,08/2018,Analyst
43-3011.00,1.A.2.a.2,Manual Dexterity,IM,1.38,8,0.183,1.0164,1.7336,N,,08/2018,Analyst
43-3011.00,1.A.2.a.2,Manual Dexterity,LV,0.5,8,0.2673,0.0,1.0238,N,N,08/2018,Analyst
43-3011.00,1.A.2.a.3,Finger Dexterity,IM,2.12,8,0.295,1.5467,2.7033,N,,08/2018,Analyst
43-3011.00,1.A.2.a.3,Finger Dexterity,LV,1.75,8,0.4119,0.9427,2.5573,N,N,08/2018,Analyst
43-3011.00,1.A.2.b.1,Control Precision,IM,1.38,8,0.183,1.0164,1.7336,N,,08/2018,Analyst
43-3011.00,1.A.2.b.1,Control Precision,LV,0.5,8,0.2673,0.0,1.0238,N,N,08/2018,Analyst
43-3011.00,1.A.2.b.2,Multilimb Coordination,IM,1.0,8,0.0,1.0,1.0,N,,08/2018,Analyst
43-3011.00,1.A.2.b.2,Multilimb Coordination,LV,0.0,8,0.0,0.0,0.0,N,Y,08/2018,Analyst
43-3011.00,1.A.2.b.3,Response Orientation,IM,1.0,8,0.0,1.0,1.0,N,,08/2018,Analyst
43-3011.00,1.A.2.b.3,Response Orientation,LV,0.0,8,0.0,0.0,0.0,N,Y,08/2018,Analyst
43-3011.00,1.A.2.b.4,Rate Control,IM,1.0,8,0.0,1.0,1.0,N,,08/2018,Analyst
43-3011.00,1.A.2.b.4,Rate Control,LV,0.0,8,0.0,0.0,0.0,N,Y,08/2018,Analyst
43-3011.00,1.A.2.c.1,Reaction Time,IM,1.0,8,0.0,1.0,1.0,N,,08/2018,Analyst
43-3011.00,1.A.2.c.1,Reaction Time,LV,0.0,8,0.0,0.0,0.0,N,Y,08/2018,Analyst
43-3011.00,1.A.2.c.2,Wrist-Finger Speed,IM,1.25,8,0.1637,1.0,1.5708,N,,08/2018,Analyst
43-3011.00,1.A.2.c.2,Wrist-Finger Speed,LV,0.38,8,0.2631,0.0,0.8906,N,Y,08/2018,Analyst
43-3011.00,1.A.2.c.3,Speed of Limb Movement,IM,1.0,8,0.0,1.0,1.0,N,,08/2018,Analyst
43-3011.00,1.A.2.c.3,Speed of Limb Movement,LV,0.0,8,0.0,0.0,0.0,N,Y,08/2018,Analyst
43-3011.00,1.A.3.a.1,Static Strength,IM,1.0,8,0.0,1.0,1.0,N,,08/2018,Analyst
43-3011.00,1.A.3.a.1,Static Strength,LV,0.0,8,0.0,0.0,0.0,N,Y,08/2018,Analyst
43-3011.00,1.A.3.a.2,Explosive Strength,IM,1.0,8,0.0,1.0,1.0,N,,08/2018,Analyst
43-3011.00,1.A.3.a.2,Explosive Strength,LV,0.0,8,0.0,0.0,0.0,N,Y,08/2018,Analyst
43-3011.00,1.A.3.a.3,Dynamic Strength,IM,1.12,8,0.125,1.0,1.37,N,,08/2018,Analyst
43-3011.00,1.A.3.a.3,Dynamic Strength,LV,0.12,8,0.125,0.0,0.37,N,Y,08/2018,Analyst
43-3011.00,1.A.3.a.4,Trunk Strength,IM,1.38,8,0.183,1.0164,1.7336,N,,08/2018,Analyst
43-3011.00,1.A.3.a.4,Trunk Strength,LV,0.62,8,0.3239,0.0,1.2598,N,N,08/2018,Analyst
43-3011.00,1.A.3.b.1,Stamina,IM,1.0,8,0.0,1.0,1.0,N,,08/2018,Analyst
43-3011.00,1.A.3.b.1,Stamina,LV,0.0,8,0.0,0.0,0.0,N,Y,08/2018,Analyst
43-3011.00,1.A.3.c.1,Extent Flexibility,IM,1.0,8,0.0,1.0,1.0,N,,08/2018,Analyst
43-3011.00,1.A.3.c.1,Extent Flexibility,LV,0.0,8,0.0,0.0,0.0,N,Y,08/2018,Analyst
43-3011.00,1.A.3.c.2,Dynamic Flexibility,IM,1.0,8,0.0,1.0,1.0,N,,08/2018,Analyst
43-3011.00,1.A.3.c.2,Dynamic Flexibility,LV,0.0,8,0.0,0.0,0.0,N,Y,08/2018,Analyst
43-3011.00,1.A.3.c.3,Gross Body Coordination,IM,1.0,8,0.0,1.0,1.0,N,,08/2018,Analyst
43-3011.00,1.A.3.c.3,Gross Body Coordination,LV,0.0,8,0.0,0.0,0.0,N,Y,08/2018,Analyst
43-3011.00,1.A.3.c.4,Gross Body Equilibrium,IM,1.0,8,0.0,1.0,1.0,N,,08/2018,Analyst
43-3011.00,1.A.3.c.4,Gross Body Equilibrium,LV,0.0,8,0.0,0.0,0.0,N,Y,08/2018,Analyst
43-3011.00,1.A.4.a.1,Near Vision,IM,3.25,8,0.1637,2.9292,3.5708,N,,08/2018,Analyst
43-3011.00,1.A.4.a.1,Near Vision,LV,3.5,8,0.189,3.1296,3.8704,N,N,08/2018,Analyst
43-3011.00,1.A.4.a.2,Far Vision,IM,2.5,8,0.189,2.1296,2.8704,N,,08/2018,Analyst
43-3011.00,1.A.4.a.2,Far Vision,LV,2.62,8,0.183,2.2664,2.9836,N,N,08/2018,Analyst
43-3011.00,1.A.4.a.3,Visual Color Discrimination,IM,2.0,8,0.0,2.0,2.0,N,,08/2018,Analyst
43-3011.00,1.A.4.a.3,Visual Color Discrimination,LV,1.5,8,0.189,1.1296,1.8704,N,N,08/2018,Analyst
43-3011.00,1.A.4.a.4,Night Vision,IM,1.0,8,0.0,1.0,1.0,N,,08/2018,Analyst
43-3011.00,1.A.4.a.4,Night Vision,LV,0.0,8,0.0,0.0,0.0,N,Y,08/2018,Analyst
43-3011.00,1.A.4.a.5,Peripheral Vision,IM,1.0,8,0.0,1.0,1.0,N,,08/2018,Analyst
43-3011.00,1.A.4.a.5,Peripheral Vision,LV,0.0,8,0.0,0.0,0.0,N,Y,08/2018,Analyst
43-3011.00,1.A.4.a.6,Depth Perception,IM,1.5,8,0.189,1.1296,1.8704,N,,08/2018,Analyst
43-3011.00,1.A.4.a.6,Depth Perception,LV,0.75,8,0.3134,0.1358,1.3642,N,N,08/2018,Analyst
43-3011.00,1.A.4.a.7,Glare Sensitivity,IM,1.0,8,0.0,1.0,1.0,N,,08/2018,Analyst
43-3011.00,1.A.4.a.7,Glare Sensitivity,LV,0.0,8,0.0,0.0,0.0,N,Y,08/2018,Analyst
43-3011.00,1.A.4.b.1,Hearing Sensitivity,IM,2.12,8,0.125,1.88,2.37,N,,08/2018,Analyst
43-3011.00,1.A.4.b.1,Hearing Sensitivity,LV,2.0,8,0.0,2.0,2.0,N,N,08/2018,Analyst
43-3011.00,1.A.4.b.2,Auditory Attention,IM,2.12,8,0.125,1.88,2.37,N,,08/2018,Analyst
43-3011.00,1.A.4.b.2,Auditory Attention,LV,2.12,8,0.125,1.88,2.37,N,N,08/2018,Analyst
43-3011.00,1.A.4.b.3,Sound Localization,IM,1.0,8,0.0,1.0,1.0,N,,08/2018,Analyst
43-3011.00,1.A.4.b.3,Sound Localization,LV,0.0,8,0.0,0.0,0.0,N,Y,08/2018,Analyst
43-3011.00,1.A.4.b.4,Speech Recognition,IM,3.62,8,0.183,3.2664,3.9836,N,,08/2018,Analyst
43-3011.00,1.A.4.b.4,Speech Recognition,LV,3.0,8,0.0,3.0,3.0,N,N,08/2018,Analyst
43-3011.00,1.A.4.b.5,Speech Clarity,IM,3.62,8,0.183,3.2664,3.9836,N,,08/2018,Analyst
43-3011.00,1.A.4.b.5,Speech Clarity,LV,3.0,8,0.0,3.0,3.0,N,N,08/2018,Analyst
43-3021.00,1.A.1.a.1,Oral Comprehension,IM,3.38,8,0.183,3.0164,3.7336,N,,08/2022,Analyst
43-3021.00,1.A.1.a.1,Oral Comprehension,LV,3.5,8,0.189,3.1296,3.8704,N,N,08/2022,Analyst
43-3021.00,1.A.1.a.2,Written Comprehension,IM,3.62,8,0.183,3.2664,3.9836,N,,08/2022,Analyst
43-3021.00,1.A.1.a.2,Written Comprehension,LV,3.25,8,0.1637,2.9292,3.5708,N,N,08/2022,Analyst
43-3021.00,1.A.1.a.3,Oral Expression,IM,3.5,8,0.189,3.1296,3.8704,N,,08/2022,Analyst
43-3021.00,1.A.1.a.3,Oral Expression,LV,3.75,8,0.1637,3.4292,4.0708,N,N,08/2022,Analyst
43-3021.00,1.A.1.a.4,Written Expression,IM,3.38,8,0.183,3.0164,3.7336,N,,08/2022,Analyst
43-3021.00,1.A.1.a.4,Written Expression,LV,3.0,8,0.189,2.6296,3.3704,N,N,08/2022,Analyst
43-3021.00,1.A.1.b.1,Fluency of Ideas,IM,2.12,8,0.2266,1.6809,2.5691,N,,08/2022,Analyst
43-3021.00,1.A.1.b.1,Fluency of Ideas,LV,2.0,8,0.3273,1.3584,2.6416,N,N,08/2022,Analyst
43-3021.00,1.A.1.b.2,Originality,IM,2.0,8,0.189,1.6296,2.3704,N,,08/2022,Analyst
43-3021.00,1.A.1.b.2,Originality,LV,1.75,8,0.25,1.26,2.24,N,N,08/2022,Analyst
43-3021.00,1.A.1.b.3,Problem Sensitivity,IM,3.25,8,0.1637,2.9292,3.5708,N,,08/2022,Analyst
43-3021.00,1.A.1.b.3,Problem Sensitivity,LV,3.12,8,0.125,2.88,3.37,N,N,08/2022,Analyst
43-3021.00,1.A.1.b.4,Deductive Reasoning,IM,3.12,8,0.125,2.88,3.37,N,,08/2022,Analyst
43-3021.00,1.A.1.b.4,Deductive Reasoning,LV,3.38,8,0.183,3.0164,3.7336,N,N,08/2022,Analyst
43-3021.00,1.A.1.b.5,Inductive Reasoning,IM,3.0,8,0.0,3.0,3.0,N,,08/2022,Analyst
43-3021.00,1.A.1.b.5,Inductive Reasoning,LV,3.12,8,0.2266,2.6809,3.5691,N,N,08/2022,Analyst
43-3021.00,1.A.1.b.6,Information Ordering,IM,3.5,8,0.189,3.1296,3.8704,N,,08/2022,Analyst
43-3021.00,1.A.1.b.6,Information Ordering,LV,3.25,8,0.25,2.76,3.74,N,N,08/2022,Analyst
43-3021.00,1.A.1.b.7,Category Flexibility,IM,3.12,8,0.125,2.88,3.37,N,,08/2022,Analyst
43-3021.00,1.A.1.b.7,Category Flexibility,LV,3.0,8,0.189,2.6296,3.3704,N,N,08/2022,Analyst
43-3021.00,1.A.1.c.1,Mathematical Reasoning,IM,2.88,8,0.2266,2.4309,3.3191,N,,08/2022,Analyst
43-3021.00,1.A.1.c.1,Mathematical Reasoning,LV,2.75,8,0.25,2.26,3.24,N,N,08/2022,Analyst
43-3021.00,1.A.1.c.2,Number Facility,IM,3.12,8,0.2266,2.6809,3.5691,N,,08/2022,Analyst
43-3021.00,1.A.1.c.2,Number Facility,LV,3.0,8,0.2673,2.4762,3.5238,N,N,08/2022,Analyst
43-3021.00,1.A.1.d.1,Memorization,IM,2.5,8,0.189,2.1296,2.8704,N,,08/2022,Analyst
43-3021.00,1.A.1.d.1,Memorization,LV,2.62,8,0.183,2.2664,2.9836,N,N,08/2022,Analyst
43-3021.00,1.A.1.e.1,Speed of Closure,IM,2.38,8,0.183,2.0164,2.7336,N,,08/2022,Analyst
43-3021.00,1.A.1.e.1,Speed of Closure,LV,2.38,8,0.183,2.0164,2.7336,N,N,08/2022,Analyst
43-3021.00,1.A.1.e.2,Flexibility of Closure,IM,2.88,8,0.125,2.63,3.12,N,,08/2022,Analyst
43-3021.00,1.A.1.e.2,Flexibility of Closure,LV,2.62,8,0.183,2.2664,2.9836,N,N,08/2022,Analyst
43-3021.00,1.A.1.e.3,Perceptual Speed,IM,2.62,8,0.183,2.2664,2.9836,N,,08/2022,Analyst
43-3021.00,1.A.1.e.3,Perceptual Speed,LV,2.5,8,0.189,2.1296,2.8704,N,N,08/2022,Analyst
43-3021.00,1.A.1.f.1,Spatial Orientation,IM,1.0,8,0.0,1.0,1.0,N,,08/2022,Analyst
43-3021.00,1.A.1.f.1,Spatial Orientation,LV,0.0,8,0.0,0.0,0.0,N,Y,08/2022,Analyst
43-3021.00,1.A.1.f.2,Visualization,IM,1.88,8,0.125,1.63,2.12,N,,08/2022,Analyst
43-3021.00,1.A.1.f.2,Visualization,LV,1.5,8,0.2673,0.9762,2.0238,N,N,08/2022,Analyst
43-3021.00,1.A.1.g.1,Selective Attention,IM,2.75,8,0.1637,2.4292,3.0708,N,,08/2022,Analyst
43-3021.00,1.A.1.g.1,Selective Attention,LV,2.5,8,0.189,2.1296,2.8704,N,N,08/2022,Analyst
43-3021.00,1.A.1.g.2,Time Sharing,IM,2.12,8,0.125,1.88,2.37,N,,08/2022,Analyst
43-3021.00,1.A.1.g.2,Time Sharing,LV,2.0,8,0.0,2.0,2.0,N,N,08/2022,Analyst
43-3021.00,1.A.2.a.1,Arm-Hand Steadiness,IM,1.88,8,0.125,1.63,2.12,N,,08/2022,Analyst
43-3021.00,1.A.2.a.1,Arm-Hand Steadiness,LV,1.38,8,0.2631,0.8594,1.8906,N,N,08/2022,Analyst
43-3021.00,1.A.2.a.2,Manual Dexterity,IM,1.88,8,0.125,1.63,2.12,N,,08/2022,Analyst
43-3021.00,1.A.2.a.2,Manual Dexterity,LV,1.25,8,0.25,0.76,1.74,N,N,08/2022,Analyst
43-3021.00,1.A.2.a.3,Finger Dexterity,IM,1.88,8,0.125,1.63,2.12,N,,08/2022,Analyst
43-3021.00,1.A.2.a.3,Finger Dexterity,LV,1.5,8,0.2673,0.9762,2.0238,N,N,08/2022,Analyst
43-3021.00,1.A.2.b.1,Control Precision,IM,1.75,8,0.1637,1.4292,2.0708,N,,08/2022,Analyst
43-3021.00,1.A.2.b.1,Control Precision,LV,1.25,8,0.3134,0.6358,1.8642,N,N,08/2022,Analyst
43-3021.00,1.A.2.b.2,Multilimb Coordination,IM,1.0,8,0.0,1.0,1.0,N,,08/2022,Analyst
43-3021.00,1.A.2.b.2,Multilimb Coordination,LV,0.0,8,0.0,0.0,0.0,N,Y,08/2022,Analyst
43-3021.00,1.A.2.b.3,Response Orientation,IM,1.12,8,0.125,1.0,1.37,N,,08/2022,Analyst
43-3021.00,1.A.2.b.3,Response Orientation,LV,0.25,8,0.25,0.0,0.74,N,Y,08/2022,Analyst
43-3021.00,1.A.2.b.4,Rate Control,IM,1.0,8,0.0,1.0,1.0,N,,08/2022,Analyst
43-3021.00,1.A.2.b.4,Rate Control,LV,0.0,8,0.0,0.0,0.0,N,Y,08/2022,Analyst
43-3021.00,1.A.2.c.1,Reaction Time,IM,1.0,8,0.0,1.0,1.0,N,,08/2022,Analyst
43-3021.00,1.A.2.c.1,Reaction Time,LV,0.0,8,0.0,0.0,0.0,N,Y,08/2022,Analyst
43-3021.00,1.A.2.c.2,Wrist-Finger Speed,IM,2.38,8,0.2631,1.8594,2.8906,N,,08/2022,Analyst
43-3021.00,1.A.2.c.2,Wrist-Finger Speed,LV,2.25,8,0.4532,1.3618,3.1382,N,N,08/2022,Analyst
43-3021.00,1.A.2.c.3,Speed of Limb Movement,IM,1.0,8,0.0,1.0,1.0,N,,08/2022,Analyst
43-3021.00,1.A.2.c.3,Speed of Limb Movement,LV,0.0,8,0.0,0.0,0.0,N,Y,08/2022,Analyst
43-3021.00,1.A.3.a.1,Static Strength,IM,1.0,8,0.0,1.0,1.0,N,,08/2022,Analyst
43-3021.00,1.A.3.a.1,Static Strength,LV,0.0,8,0.0,0.0,0.0,N,Y,08/2022,Analyst
43-3021.00,1.A.3.a.2,Explosive Strength,IM,1.0,8,0.0,1.0,1.0,N,,08/2022,Analyst
43-3021.00,1.A.3.a.2,Explosive Strength,LV,0.0,8,0.0,0.0,0.0,N,Y,08/2022,Analyst
43-3021.00,1.A.3.a.3,Dynamic Strength,IM,1.62,8,0.183,1.2664,1.9836,N,,08/2022,Analyst
43-3021.00,1.A.3.a.3,Dynamic Strength,LV,0.75,8,0.25,0.26,1.24,N,N,08/2022,Analyst
43-3021.00,1.A.3.a.4,Trunk Strength,IM,2.25,8,0.1637,1.9292,2.5708,N,,08/2022,Analyst
43-3021.00,1.A.3.a.4,Trunk Strength,LV,1.88,8,0.125,1.63,2.12,N,N,08/2022,Analyst
43-3021.00,1.A.3.b.1,Stamina,IM,1.0,8,0.0,1.0,1.0,N,,08/2022,Analyst
43-3021.00,1.A.3.b.1,Stamina,LV,0.0,8,0.0,0.0,0.0,N,Y,08/2022,Analyst
43-3021.00,1.A.3.c.1,Extent Flexibility,IM,1.0,8,0.0,1.0,1.0,N,,08/2022,Analyst
43-3021.00,1.A.3.c.1,Extent Flexibility,LV,0.0,8,0.0,0.0,0.0,N,Y,08/2022,Analyst
43-3021.00,1.A.3.c.2,Dynamic Flexibility,IM,1.0,8,0.0,1.0,1.0,N,,08/2022,Analyst
43-3021.00,1.A.3.c.2,Dynamic Flexibility,LV,0.0,8,0.0,0.0,0.0,N,Y,08/2022,Analyst
43-3021.00,1.A.3.c.3,Gross Body Coordination,IM,1.0,8,0.0,1.0,1.0,N,,08/2022,Analyst
43-3021.00,1.A.3.c.3,Gross Body Coordination,LV,0.0,8,0.0,0.0,0.0,N,Y,08/2022,Analyst
43-3021.00,1.A.3.c.4,Gross Body Equilibrium,IM,1.0,8,0.0,1.0,1.0,N,,08/2022,Analyst
43-3021.00,1.A.3.c.4,Gross Body Equilibrium,LV,0.0,8,0.0,0.0,0.0,N,Y,08/2022,Analyst
43-3021.00,1.A.4.a.1,Near Vision,IM,3.62,8,0.183,3.2664,3.9836,N,,08/2022,Analyst
43-3021.00,1.A.4.a.1,Near Vision,LV,3.62,8,0.183,3.2664,3.9836,N,N,08/2022,Analyst
43-3021.00,1.A.4.a.2,Far Vision,IM,2.12,8,0.2266,1.6809,2.5691,N,,08/2022,Analyst
43-3021.00,1.A.4.a.2,Far Vision,LV,1.88,8,0.3504,1.1883,2.5617,N,N,08/2022,Analyst
43-3021.00,1.A.4.a.3,Visual Color Discrimination,IM,1.75,8,0.1637,1.4292,2.0708,N,,08/2022,Analyst
43-3021.00,1.A.4.a.3,Visual Color Discrimination,LV,1.25,8,0.3134,0.6358,1.8642,N,N,08/2022,Analyst
43-3021.00,1.A.4.a.4,Night Vision,IM,1.0,8,0.0,1.0,1.0,N,,08/2022,Analyst
43-3021.00,1.A.4.a.4,Night Vision,LV,0.0,8,0.0,0.0,0.0,N,Y,08/2022,Analyst
43-3021.00,1.A.4.a.5,Peripheral Vision,IM,1.0,8,0.0,1.0,1.0,N,,08/2022,Analyst
43-3021.00,1.A.4.a.5,Peripheral Vision,LV,0.0,8,0.0,0.0,0.0,N,Y,08/2022,Analyst
43-3021.00,1.A.4.a.6,Depth Perception,IM,1.0,8,0.0,1.0,1.0,N,,08/2022,Analyst
43-3021.00,1.A.4.a.6,Depth Perception,LV,0.0,8,0.0,0.0,0.0,N,Y,08/2022,Analyst
43-3021.00,1.A.4.a.7,Glare Sensitivity,IM,1.0,8,0.0,1.0,1.0,N,,08/2022,Analyst
43-3021.00,1.A.4.a.7,Glare Sensitivity,LV,0.0,8,0.0,0.0,0.0,N,Y,08/2022,Analyst
43-3021.00,1.A.4.b.1,Hearing Sensitivity,IM,1.62,8,0.183,1.2664,1.9836,N,,08/2022,Analyst
43-3021.00,1.A.4.b.1,Hearing Sensitivity,LV,1.0,8,0.3273,0.3584,1.6416,N,N,08/2022,Analyst
43-3021.00,1.A.4.b.2,Auditory Attention,IM,2.12,8,0.125,1.88,2.37,N,,08/2022,Analyst
43-3021.00,1.A.4.b.2,Auditory Attention,LV,1.75,8,0.1637,1.4292,2.0708,N,N,08/2022,Analyst
43-3021.00,1.A.4.b.3,Sound Localization,IM,1.12,8,0.125,1.0,1.37,N,,08/2022,Analyst
43-3021.00,1.A.4.b.3,Sound Localization,LV,0.12,8,0.125,0.0,0.37,N,Y,08/2022,Analyst
43-3021.00,1.A.4.b.4,Speech Recognition,IM,3.38,8,0.183,3.0164,3.7336,N,,08/2022,Analyst
43-3021.00,1.A.4.b.4,Speech Recognition,LV,3.38,8,0.183,3.0164,3.7336,N,N,08/2022,Analyst
43-3021.00,1.A.4.b.5,Speech Clarity,IM,3.25,8,0.1637,2.9292,3.5708,N,,08/2022,Analyst
43-3021.00,1.A.4.b.5,Speech Clarity,LV,3.0,8,0.0,3.0,3.0,N,N,08/2022,Analyst
43-3031.00,1.A.1.a.1,Oral Comprehension,IM,4.0,8,0.0,4.0,4.0,N,,07/2017,Analyst
43-3031.00,1.A.1.a.1,Oral Comprehension,LV,4.0,8,0.0,4.0,4.0,N,N,07/2017,Analyst
43-3031.00,1.A.1.a.2,Written Comprehension,IM,3.88,8,0.125,3.63,4.12,N,,07/2017,Analyst
43-3031.00,1.A.1.a.2,Written Comprehension,LV,3.88,8,0.125,3.63,4.12,N,N,07/2017,Analyst
43-3031.00,1.A.1.a.3,Oral Expression,IM,3.5,8,0.189,3.1296,3.8704,N,,07/2017,Analyst
43-3031.00,1.A.1.a.3,Oral Expression,LV,3.75,8,0.1637,3.4292,4.0708,N,N,07/2017,Analyst
43-3031.00,1.A.1.a.4,Written Expression,IM,3.62,8,0.183,3.2664,3.9836,N,,07/2017,Analyst
43-3031.00,1.A.1.a.4,Written Expression,LV,3.62,8,0.183,3.2664,3.9836,N,N,07/2017,Analyst
43-3031.00,1.A.1.b.1,Fluency of Ideas,IM,2.12,8,0.125,1.88,2.37,N,,07/2017,Analyst
43-3031.00,1.A.1.b.1,Fluency of Ideas,LV,2.0,8,0.0,2.0,2.0,N,N,07/2017,Analyst
43-3031.00,1.A.1.b.2,Originality,IM,1.88,8,0.125,1.63,2.12,N,,07/2017,Analyst
43-3031.00,1.A.1.b.2,Originality,LV,1.75,8,0.25,1.26,2.24,N,N,07/2017,Analyst
43-3031.00,1.A.1.b.3,Problem Sensitivity,IM,3.5,8,0.189,3.1296,3.8704,N,,07/2017,Analyst
43-3031.00,1.A.1.b.3,Problem Sensitivity,LV,3.0,8,0.0,3.0,3.0,N,N,07/2017,Analyst
43-3031.00,1.A.1.b.4,Deductive Reasoning,IM,3.0,8,0.0,3.0,3.0,N,,07/2017,Analyst
43-3031.00,1.A.1.b.4,Deductive Reasoning,LV,3.12,8,0.125,2.88,3.37,N,N,07/2017,Analyst
43-3031.00,1.A.1.b.5,Inductive Reasoning,IM,3.12,8,0.125,2.88,3.37,N,,07/2017,Analyst
43-3031.00,1.A.1.b.5,Inductive Reasoning,LV,3.25,8,0.1637,2.9292,3.5708,N,N,07/2017,Analyst
43-3031.00,1.A.1.b.6,Information Ordering,IM,3.12,8,0.125,2.88,3.37,N,,07/2017,Analyst
43-3031.00,1.A.1.b.6,Information Ordering,LV,3.12,8,0.125,2.88,3.37,N,N,07/2017,Analyst
43-3031.00,1.A.1.b.7,Category Flexibility,IM,3.12,8,0.125,2.88,3.37,N,,07/2017,Analyst
43-3031.00,1.A.1.b.7,Category Flexibility,LV,3.0,8,0.0,3.0,3.0,N,N,07/2017,Analyst
43-3031.00,1.A.1.c.1,Mathematical Reasoning,IM,3.88,8,0.125,3.63,4.12,N,,07/2017,Analyst
43-3031.00,1.A.1.c.1,Mathematical Reasoning,LV,3.88,8,0.125,3.63,4.12,N,N,07/2017,Analyst
43-3031.00,1.A.1.c.2,Number Facility,IM,3.5,8,0.189,3.1296,3.8704,N,,07/2017,Analyst
43-3031.00,1.A.1.c.2,Number Facility,LV,3.88,8,0.125,3.63,4.12,N,N,07/2017,Analyst
43-3031.00,1.A.1.d.1,Memorization,IM,2.38,8,0.183,2.0164,2.7336,N,,07/2017,Analyst
43-3031.00,1.A.1.d.1,Memorization,LV,2.25,8,0.1637,1.9292,2.5708,N,N,07/2017,Analyst
43-3031.00,1.A.1.e.1,Speed of Closure,IM,2.25,8,0.1637,1.9292,2.5708,N,,07/2017,Analyst
43-3031.00,1.A.1.e.1,Speed of Closure,LV,2.25,8,0.1637,1.9292,2.5708,N,N,07/2017,Analyst
43-3031.00,1.A.1.e.2,Flexibility of Closure,IM,2.75,8,0.1637,2.4292,3.0708,N,,07/2017,Analyst
43-3031.00,1.A.1.e.2,Flexibility of Closure,LV,2.88,8,0.125,2.63,3.12,N,N,07/2017,Analyst
43-3031.00,1.A.1.e.3,Perceptual Speed,IM,2.88,8,0.2266,2.4309,3.3191,N,,07/2017,Analyst
43-3031.00,1.A.1.e.3,Perceptual Speed,LV,2.88,8,0.2266,2.4309,3.3191,N,N,07/2017,Analyst
43-3031.00,1.A.1.f.1,Spatial Orientation,IM,1.0,8,0.0,1.0,1.0,N,,07/2017,Analyst
43-3031.00,1.A.1.f.1,Spatial Orientation,LV,0.0,8,0.0,0.0,0.0,N,Y,07/2017,Analyst
43-3031.00,1.A.1.f.2,Visualization,IM,2.0,8,0.189,1.6296,2.3704,N,,07/2017,Analyst
43-3031.00,1.A.1.f.2,Visualization,LV,1.75,8,0.3134,1.1358,2.3642,N,N,07/2017,Analyst
43-3031.00,1.A.1.g.1,Selective Attention,IM,3.0,8,0.0,3.0,3.0,N,,07/2017,Analyst
43-3031.00,1.A.1.g.1,Selective Attention,LV,2.88,8,0.125,2.63,3.12,N,N,07/2017,Analyst
43-3031.00,1.A.1.g.2,Time Sharing,IM,2.0,8,0.0,2.0,2.0,N,,07/2017,Analyst
43-3031.00,1.A.1.g.2,Time Sharing,LV,2.0,8,0.0,2.0,2.0,N,N,07/2017,Analyst
43-3031.00,1.A.2.a.1,Arm-Hand Steadiness,IM,2.0,8,0.0,2.0,2.0,N,,07/2017,Analyst
43-3031.00,1.A.2.a.1,Arm-Hand Steadiness,LV,1.75,8,0.1637,1.4292,2.0708,N,N,07/2017,Analyst
43-3031.00,1.A.2.a.2,Manual Dexterity,IM,2.0,8,0.0,2.0,2.0,N,,07/2017,Analyst
43-3031.00,1.A.2.a.2,Manual Dexterity,LV,1.75,8,0.1637,1.4292,2.0708,N,N,07/2017,Analyst
43-3031.00,1.A.2.a.3,Finger Dexterity,IM,2.5,8,0.189,2.1296,2.8704,N,,07/2017,Analyst
43-3031.00,1.A.2.a.3,Finger Dexterity,LV,2.38,8,0.183,2.0164,2.7336,N,N,07/2017,Analyst
43-3031.00,1.A.2.b.1,Control Precision,IM,2.0,8,0.0,2.0,2.0,N,,07/2017,Analyst
43-3031.00,1.A.2.b.1,Control Precision,LV,1.75,8,0.1637,1.4292,2.0708,N,N,07/2017,Analyst
43-3031.00,1.A.2.b.2,Multilimb Coordination,IM,1.0,8,0.0,1.0,1.0,N,,07/2017,Analyst
43-3031.00,1.A.2.b.2,Multilimb Coordination,LV,0.0,8,0.0,0.0,0.0,N,Y,07/2017,Analyst
43-3031.00,1.A.2.b.3,Response Orientation,IM,1.0,8,0.0,1.0,1.0,N,,07/2017,Analyst
43-3031.00,1.A.2.b.3,Response Orientation,LV,0.0,8,0.0,0.0,0.0,N,Y,07/2017,Analyst
43-3031.00,1.A.2.b.4,Rate Control,IM,1.0,8,0.0,1.0,1.0,N,,07/2017,Analyst
43-3031.00,1.A.2.b.4,Rate Control,LV,0.0,8,0.0,0.0,0.0,N,Y,07/2017,Analyst
43-3031.00,1.A.2.c.1,Reaction Time,IM,1.0,8,0.0,1.0,1.0,N,,07/2017,Analyst
43-3031.00,1.A.2.c.1,Reaction Time,LV,0.0,8,0.0,0.0,0.0,N,Y,07/2017,Analyst
43-3031.00,1.A.2.c.2,Wrist-Finger Speed,IM,1.62,8,0.183,1.2664,1.9836,N,,07/2017,Analyst
43-3031.00,1.A.2.c.2,Wrist-Finger Speed,LV,0.88,8,0.295,0.2967,1.4533,N,N,07/2017,Analyst
43-3031.00,1.A.2.c.3,Speed of Limb Movement,IM,1.0,8,0.0,1.0,1.0,N,,07/2017,Analyst
43-3031.00,1.A.2.c.3,Speed of Limb Movement,LV,0.0,8,0.0,0.0,0.0,N,Y,07/2017,Analyst
43-3031.00,1.A.3.a.1,Static Strength,IM,1.0,8,0.0,1.0,1.0,N,,07/2017,Analyst
43-3031.00,1.A.3.a.1,Static Strength,LV,0.0,8,0.0,0.0,0.0,N,Y,07/2017,Analyst
43-3031.00,1.A.3.a.2,Explosive Strength,IM,1.0,8,0.0,1.0,1.0,N,,07/2017,Analyst
43-3031.00,1.A.3.a.2,Explosive Strength,LV,0.0,8,0.0,0.0,0.0,N,Y,07/2017,Analyst
43-3031.00,1.A.3.a.3,Dynamic Strength,IM,1.38,8,0.183,1.0164,1.7336,N,,07/2017,Analyst
43-3031.00,1.A.3.a.3,Dynamic Strength,LV,0.5,8,0.2673,0.0,1.0238,N,N,07/2017,Analyst
43-3031.00,1.A.3.a.4,Trunk Strength,IM,1.75,8,0.1637,1.4292,2.0708,N,,07/2017,Analyst
43-3031.00,1.A.3.a.4,Trunk Strength,LV,1.25,8,0.3134,0.6358,1.8642,N,N,07/2017,Analyst
43-3031.00,1.A.3.b.1,Stamina,IM,1.0,8,0.0,1.0,1.0,N,,07/2017,Analyst
43-3031.00,1.A.3.b.1,Stamina,LV,0.0,8,0.0,0.0,0.0,N,Y,07/2017,Analyst
43-3031.00,1.A.3.c.1,Extent Flexibility,IM,1.0,8,0.0,1.0,1.0,N,,07/2017,Analyst
43-3031.00,1.A.3.c.1,Extent Flexibility,LV,0.0,8,0.0,0.0,0.0,N,Y,07/2017,Analyst
43-3031.00,1.A.3.c.2,Dynamic Flexibility,IM,1.0,8,0.0,1.0,1.0,N,,07/2017,Analyst
43-3031.00,1.A.3.c.2,Dynamic Flexibility,LV,0.0,8,0.0,0.0,0.0,N,Y,07/2017,Analyst
43-3031.00,1.A.3.c.3,Gross Body Coordination,IM,1.0,8,0.0,1.0,1.0,N,,07/2017,Analyst
43-3031.00,1.A.3.c.3,Gross Body Coordination,LV,0.0,8,0.0,0.0,0.0,N,Y,07/2017,Analyst
43-3031.00,1.A.3.c.4,Gross Body Equilibrium,IM,1.0,8,0.0,1.0,1.0,N,,07/2017,Analyst
43-3031.00,1.A.3.c.4,Gross Body Equilibrium,LV,0.0,8,0.0,0.0,0.0,N,Y,07/2017,Analyst
43-3031.00,1.A.4.a.1,Near Vision,IM,3.88,8,0.125,3.63,4.12,N,,07/2017,Analyst
43-3031.00,1.A.4.a.1,Near Vision,LV,4.0,8,0.189,3.6296,4.3704,N,N,07/2017,Analyst
43-3031.00,1.A.4.a.2,Far Vision,IM,2.62,8,0.183,2.2664,2.9836,N,,07/2017,Analyst
43-3031.00,1.A.4.a.2,Far Vision,LV,2.38,8,0.183,2.0164,2.7336,N,N,07/2017,Analyst
43-3031.00,1.A.4.a.3,Visual Color Discrimination,IM,1.75,8,0.1637,1.4292,2.0708,N,,07/2017,Analyst
43-3031.00,1.A.4.a.3,Visual Color Discrimination,LV,1.5,8,0.3273,0.8584,2.1416,N,N,07/2017,Analyst
43-3031.00,1.A.4.a.4,Night Vision,IM,1.0,8,0.0,1.0,1.0,N,,07/2017,Analyst
43-3031.00,1.A.4.a.4,Night Vision,LV,0.0,8,0.0,0.0,0.0,N,Y,07/2017,Analyst
43-3031.00,1.A.4.a.5,Peripheral Vision,IM,1.0,8,0.0,1.0,1.0,N,,07/2017,Analyst
43-3031.00,1.A.4.a.5,Peripheral Vision,LV,0.0,8,0.0,0.0,0.0,N,Y,07/2017,Analyst
43-3031.00,1.A.4.a.6,Depth Perception,IM,1.0,8,0.0,1.0,1.0,N,,07/2017,Analyst
43-3031.00,1.A.4.a.6,Depth Perception,LV,0.0,8,0.0,0.0,0.0,N,Y,07/2017,Analyst
43-3031.00,1.A.4.a.7,Glare Sensitivity,IM,1.0,8,0.0,1.0,1.0,N,,07/2017,Analyst
43-3031.00,1.A.4.a.7,Glare Sensitivity,LV,0.0,8,0.0,0.0,0.0,N,Y,07/2017,Analyst
43-3031.00,1.A.4.b.1,Hearing Sensitivity,IM,1.75,8,0.1637,1.4292,2.0708,N,,07/2017,Analyst
43-3031.00,1.A.4.b.1,Hearing Sensitivity,LV,1.0,8,0.2673,0.4762,1.5238,N,N,07/2017,Analyst
43-3031.00,1.A.4.b.2,Auditory Attention,IM,1.88,8,0.125,1.63,2.12,N,,07/2017,Analyst
43-3031.00,1.A.4.b.2,Auditory Attention,LV,1.25,8,0.25,0.76,1.74,N,N,07/2017,Analyst
43-3031.00,1.A.4.b.3,Sound Localization,IM,1.0,8,0.0,1.0,1.0,N,,07/2017,Analyst
43-3031.00,1.A.4.b.3,Sound Localization,LV,0.0,8,0.0,0.0,0.0,N,Y,07/2017,Analyst
43-3031.00,1.A.4.b.4,Speech Recognition,IM,3.12,8,0.125,2.88,3.37,N,,07/2017,Analyst
43-3031.00,1.A.4.b.4,Speech Recognition,LV,3.12,8,0.125,2.88,3.37,N,N,07/2017,Analyst
43-3031.00,1.A.4.b.5,Speech Clarity,IM,3.0,8,0.0,3.0,3.0,N,,07/2017,Analyst
43-3031.00,1.A.4.b.5,Speech Clarity,LV,3.25,8,0.25,2.76,3.74,N,N,07/2017,Analyst
43-3041.00,1.A.1.a.1,Oral Comprehension,IM,3.88,8,0.2266,3.4309,4.3191,N,,08/2023,Analyst
43-3041.00,1.A.1.a.1,Oral Comprehension,LV,3.75,8,0.1637,3.4292,4.0708,N,N,08/2023,Analyst
43-3041.00,1.A.1.a.2,Written Comprehension,IM,3.12,8,0.125,2.88,3.37,N,,08/2023,Analyst
43-3041.00,1.A.1.a.2,Written Comprehension,LV,3.0,8,0.0,3.0,3.0,N,N,08/2023,Analyst
43-3041.00,1.A.1.a.3,Oral Expression,IM,3.88,8,0.125,3.63,4.12,N,,08/2023,Analyst
43-3041.00,1.A.1.a.3,Oral Expression,LV,3.88,8,0.125,3.63,4.12,N,N,08/2023,Analyst
43-3041.00,1.A.1.a.4,Written Expression,IM,3.0,8,0.0,3.0,3.0,N,,08/2023,Analyst
43-3041.00,1.A.1.a.4,Written Expression,LV,3.0,8,0.0,3.0,3.0,N,N,08/2023,Analyst
43-3041.00,1.A.1.b.1,Fluency of Ideas,IM,2.12,8,0.125,1.88,2.37,N,,08/2023,Analyst
43-3041.00,1.A.1.b.1,Fluency of Ideas,LV,2.12,8,0.125,1.88,2.37,N,N,08/2023,Analyst
43-3041.00,1.A.1.b.2,Originality,IM,2.12,8,0.125,1.88,2.37,N,,08/2023,Analyst
43-3041.00,1.A.1.b.2,Originality,LV,1.88,8,0.125,1.63,2.12,N,N,08/2023,Analyst
43-3041.00,1.A.1.b.3,Problem Sensitivity,IM,3.62,8,0.183,3.2664,3.9836,N,,08/2023,Analyst
43-3041.00,1.A.1.b.3,Problem Sensitivity,LV,3.12,8,0.125,2.88,3.37,N,N,08/2023,Analyst
43-3041.00,1.A.1.b.4,Deductive Reasoning,IM,3.25,8,0.1637,2.9292,3.5708,N,,08/2023,Analyst
43-3041.00,1.A.1.b.4,Deductive Reasoning,LV,3.12,8,0.125,2.88,3.37,N,N,08/2023,Analyst
43-3041.00,1.A.1.b.5,Inductive Reasoning,IM,3.0,8,0.0,3.0,3.0,N,,08/2023,Analyst
43-3041.00,1.A.1.b.5,Inductive Reasoning,LV,3.0,8,0.0,3.0,3.0,N,N,08/2023,Analyst
43-3041.00,1.A.1.b.6,Information Ordering,IM,3.25,8,0.1637,2.9292,3.5708,N,,08/2023,Analyst
43-3041.00,1.A.1.b.6,Information Ordering,LV,3.0,8,0.0,3.0,3.0,N,N,08/2023,Analyst
43-3041.00,1.A.1.b.7,Category Flexibility,IM,2.88,8,0.125,2.63,3.12,N,,08/2023,Analyst
43-3041.00,1.A.1.b.7,Category Flexibility,LV,2.88,8,0.125,2.63,3.12,N,N,08/2023,Analyst
43-3041.00,1.A.1.c.1,Mathematical Reasoning,IM,3.62,8,0.183,3.2664,3.9836,N,,08/2023,Analyst
43-3041.00,1.A.1.c.1,Mathematical Reasoning,LV,2.5,8,0.189,2.1296,2.8704,N,N,08/2023,Analyst
43-3041.00,1.A.1.c.2,Number Facility,IM,3.62,8,0.183,3.2664,3.9836,N,,08/2023,Analyst
43-3041.00,1.A.1.c.2,Number Facility,LV,2.88,8,0.125,2.63,3.12,N,N,08/2023,Analyst
43-3041.00,1.A.1.d.1,Memorization,IM,2.62,8,0.183,2.2664,2.9836,N,,08/2023,Analyst
43-3041.00,1.A.1.d.1,Memorization,LV,2.25,8,0.1637,1.9292,2.5708,N,N,08/2023,Analyst
43-3041.00,1.A.1.e.1,Speed of Closure,IM,2.0,8,0.0,2.0,2.0,N,,08/2023,Analyst
43-3041.00,1.A.1.e.1,Speed of Closure,LV,2.12,8,0.125,1.88,2.37,N,N,08/2023,Analyst
43-3041.00,1.A.1.e.2,Flexibility of Closure,IM,2.5,8,0.189,2.1296,2.8704,N,,08/2023,Analyst
43-3041.00,1.A.1.e.2,Flexibility of Closure,LV,2.12,8,0.125,1.88,2.37,N,N,08/2023,Analyst
43-3041.00,1.A.1.e.3,Perceptual Speed,IM,2.88,8,0.125,2.63,3.12,N,,08/2023,Analyst
43-3041.00,1.A.1.e.3,Perceptual Speed,LV,2.88,8,0.125,2.63,3.12,N,N,08/2023,Analyst
43-3041.00,1.A.1.f.1,Spatial Orientation,IM,1.12,8,0.125,1.0,1.37,N,,08/2023,Analyst
43-3041.00,1.A.1.f.1,Spatial Orientation,LV,0.12,8,0.125,0.0,0.37,N,Y,08/2023,Analyst
43-3041.00,1.A.1.f.2,Visualization,IM,2.0,8,0.0,2.0,2.0,N,,08/2023,Analyst
43-3041.00,1.A.1.f.2,Visualization,LV,1.5,8,0.189,1.1296,1.8704,N,N,08/2023,Analyst
43-3041.00,1.A.1.g.1,Selective Attention,IM,3.12,8,0.125,2.88,3.37,N,,08/2023,Analyst
43-3041.00,1.A.1.g.1,Selective Attention,LV,3.0,8,0.0,3.0,3.0,N,N,08/2023,Analyst
43-3041.00,1.A.1.g.2,Time Sharing,IM,2.38,8,0.183,2.0164,2.7336,N,,08/2023,Analyst
43-3041.00,1.A.1.g.2,Time Sharing,LV,2.75,8,0.1637,2.4292,3.0708,N,N,08/2023,Analyst
43-3041.00,1.A.2.a.1,Arm-Hand Steadiness,IM,2.12,8,0.125,1.88,2.37,N,,08/2023,Analyst
43-3041.00,1.A.2.a.1,Arm-Hand Steadiness,LV,2.12,8,0.125,1.88,2.37,N,N,08/2023,Analyst
43-3041.00,1.A.2.a.2,Manual Dexterity,IM,2.12,8,0.125,1.88,2.37,N,,08/2023,Analyst
43-3041.00,1.A.2.a.2,Manual Dexterity,LV,2.12,8,0.125,1.88,2.37,N,N,08/2023,Analyst
43-3041.00,1.A.2.a.3,Finger Dexterity,IM,2.25,8,0.1637,1.9292,2.5708,N,,08/2023,Analyst
43-3041.00,1.A.2.a.3,Finger Dexterity,LV,2.0,8,0.0,2.0,2.0,N,N,08/2023,Analyst
43-3041.00,1.A.2.b.1,Control Precision,IM,2.0,8,0.0,2.0,2.0,N,,08/2023,Analyst
43-3041.00,1.A.2.b.1,Control Precision,LV,2.0,8,0.0,2.0,2.0,N,N,08/2023,Analyst
43-3041.00,1.A.2.b.2,Multilimb Coordination,IM,2.0,8,0.0,2.0,2.0,N,,08/2023,Analyst
43-3041.00,1.A.2.b.2,Multilimb Coordination,LV,1.5,8,0.189,1.1296,1.8704,N,N,08/2023,Analyst
43-3041.00,1.A.2.b.3,Response Orientation,IM,1.12,8,0.125,1.0,1.37,N,,08/2023,Analyst
43-3041.00,1.A.2.b.3,Response Orientation,LV,0.12,8,0.125,0.0,0.37,N,Y,08/2023,Analyst
43-3041.00,1.A.2.b.4,Rate Control,IM,1.25,8,0.1637,1.0,1.5708,N,,08/2023,Analyst
43-3041.00,1.A.2.b.4,Rate Control,LV,0.25,8,0.1637,0.0,0.5708,N,Y,08/2023,Analyst
43-3041.00,1.A.2.c.1,Reaction Time,IM,1.12,8,0.125,1.0,1.37,N,,08/2023,Analyst
43-3041.00,1.A.2.c.1,Reaction Time,LV,0.12,8,0.125,0.0,0.37,N,Y,08/2023,Analyst
43-3041.00,1.A.2.c.2,Wrist-Finger Speed,IM,1.5,8,0.189,1.1296,1.8704,N,,08/2023,Analyst
43-3041.00,1.A.2.c.2,Wrist-Finger Speed,LV,0.5,8,0.189,0.1296,0.8704,N,N,08/2023,Analyst
43-3041.00,1.A.2.c.3,Speed of Limb Movement,IM,1.25,8,0.1637,1.0,1.5708,N,,08/2023,Analyst
43-3041.00,1.A.2.c.3,Speed of Limb Movement,LV,0.38,8,0.2631,0.0,0.8906,N,Y,08/2023,Analyst
43-3041.00,1.A.3.a.1,Static Strength,IM,2.0,8,0.0,2.0,2.0,N,,08/2023,Analyst
43-3041.00,1.A.3.a.1,Static Strength,LV,1.5,8,0.189,1.1296,1.8704,N,N,08/2023,Analyst
43-3041.00,1.A.3.a.2,Explosive Strength,IM,1.38,8,0.183,1.0164,1.7336,N,,08/2023,Analyst
43-3041.00,1.A.3.a.2,Explosive Strength,LV,0.38,8,0.183,0.0164,0.7336,N,N,08/2023,Analyst
43-3041.00,1.A.3.a.3,Dynamic Strength,IM,2.0,8,0.0,2.0,2.0,N,,08/2023,Analyst
43-3041.00,1.A.3.a.3,Dynamic Strength,LV,1.0,8,0.0,1.0,1.0,N,N,08/2023,Analyst
43-3041.00,1.A.3.a.4,Trunk Strength,IM,2.88,8,0.125,2.63,3.12,N,,08/2023,Analyst
43-3041.00,1.A.3.a.4,Trunk Strength,LV,2.62,8,0.183,2.2664,2.9836,N,N,08/2023,Analyst
43-3041.00,1.A.3.b.1,Stamina,IM,2.12,8,0.125,1.88,2.37,N,,08/2023,Analyst
43-3041.00,1.A.3.b.1,Stamina,LV,1.88,8,0.125,1.63,2.12,N,N,08/2023,Analyst
43-3041.00,1.A.3.c.1,Extent Flexibility,IM,2.25,8,0.1637,1.9292,2.5708,N,,08/2023,Analyst
43-3041.00,1.A.3.c.1,Extent Flexibility,LV,2.0,8,0.0,2.0,2.0,N,N,08/2023,Analyst
43-3041.00,1.A.3.c.2,Dynamic Flexibility,IM,1.0,8,0.0,1.0,1.0,N,,08/2023,Analyst
43-3041.00,1.A.3.c.2,Dynamic Flexibility,LV,0.0,8,0.0,0.0,0.0,N,Y,08/2023,Analyst
43-3041.00,1.A.3.c.3,Gross Body Coordination,IM,2.0,8,0.0,2.0,2.0,N,,08/2023,Analyst
43-3041.00,1.A.3.c.3,Gross Body Coordination,LV,1.12,8,0.125,0.88,1.37,N,N,08/2023,Analyst
43-3041.00,1.A.3.c.4,Gross Body Equilibrium,IM,1.62,8,0.183,1.2664,1.9836,N,,08/2023,Analyst
43-3041.00,1.A.3.c.4,Gross Body Equilibrium,LV,0.62,8,0.183,0.2664,0.9836,N,N,08/2023,Analyst
43-3041.00,1.A.4.a.1,Near Vision,IM,3.88,8,0.125,3.63,4.12,N,,08/2023,Analyst
43-3041.00,1.A.4.a.1,Near Vision,LV,3.5,8,0.189,3.1296,3.8704,N,N,08/2023,Analyst
43-3041.00,1.A.4.a.2,Far Vision,IM,2.12,8,0.125,1.88,2.37,N,,08/2023,Analyst
43-3041.00,1.A.4.a.2,Far Vision,LV,2.12,8,0.125,1.88,2.37,N,N,08/2023,Analyst
43-3041.00,1.A.4.a.3,Visual Color Discrimination,IM,2.0,8,0.0,2.0,2.0,N,,08/2023,Analyst
43-3041.00,1.A.4.a.3,Visual Color Discrimination,LV,1.62,8,0.183,1.2664,1.9836,N,N,08/2023,Analyst
43-3041.00,1.A.4.a.4,Night Vision,IM,1.0,8,0.0,1.0,1.0,N,,08/2023,Analyst
43-3041.00,1.A.4.a.4,Night Vision,LV,0.0,8,0.0,0.0,0.0,N,Y,08/2023,Analyst
43-3041.00,1.A.4.a.5,Peripheral Vision,IM,1.0,8,0.0,1.0,1.0,N,,08/2023,Analyst
43-3041.00,1.A.4.a.5,Peripheral Vision,LV,0.0,8,0.0,0.0,0.0,N,Y,08/2023,Analyst
43-3041.00,1.A.4.a.6,Depth Perception,IM,1.38,8,0.183,1.0164,1.7336,N,,08/2023,Analyst
43-3041.00,1.A.4.a.6,Depth Perception,LV,0.38,8,0.183,0.0164,0.7336,N,N,08/2023,Analyst
43-3041.00,1.A.4.a.7,Glare Sensitivity,IM,1.0,8,0.0,1.0,1.0,N,,08/2023,Analyst
43-3041.00,1.A.4.a.7,Glare Sensitivity,LV,0.0,8,0.0,0.0,0.0,N,Y,08/2023,Analyst
43-3041.00,1.A.4.b.1,Hearing Sensitivity,IM,1.62,8,0.183,1.2664,1.9836,N,,08/2023,Analyst
43-3041.00,1.A.4.b.1,Hearing Sensitivity,LV,0.88,8,0.295,0.2967,1.4533,N,N,08/2023,Analyst
43-3041.00,1.A.4.b.2,Auditory Attention,IM,2.38,8,0.183,2.0164,2.7336,N,,08/2023,Analyst
43-3041.00,1.A.4.b.2,Auditory Attention,LV,2.75,8,0.1637,2.4292,3.0708,N,N,08/2023,Analyst
43-3041.00,1.A.4.b.3,Sound Localization,IM,1.0,8,0.0,1.0,1.0,N,,08/2023,Analyst
43-3041.00,1.A.4.b.3,Sound Localization,LV,0.0,8,0.0,0.0,0.0,N,Y,08/2023,Analyst
43-3041.00,1.A.4.b.4,Speech Recognition,IM,3.25,8,0.1637,2.9292,3.5708,N,,08/2023,Analyst
43-3041.00,1.A.4.b.4,Speech Recognition,LV,3.12,8,0.125,2.88,3.37,N,N,08/2023,Analyst
43-3041.00,1.A.4.b.5,Speech Clarity,IM,3.75,8,0.1637,3.4292,4.0708,N,,08/2023,Analyst
43-3041.00,1.A.4.b.5,Speech Clarity,LV,3.0,8,0.0,3.0,3.0,N,N,08/2023,Analyst
43-3051.00,1.A.1.a.1,Oral Comprehension,IM,3.88,8,0.125,3.63,4.12,N,,08/2022,Analyst
43-3051.00,1.A.1.a.1,Oral Comprehension,LV,3.88,8,0.125,3.63,4.12,N,N,08/2022,Analyst
43-3051.00,1.A.1.a.2,Written Comprehension,IM,3.88,8,0.125,3.63,4.12,N,,08/2022,Analyst
43-3051.00,1.A.1.a.2,Written Comprehension,LV,3.88,8,0.125,3.63,4.12,N,N,08/2022,Analyst
43-3051.00,1.A.1.a.3,Oral Expression,IM,3.62,8,0.183,3.2664,3.9836,N,,08/2022,Analyst
43-3051.00,1.A.1.a.3,Oral Expression,LV,3.88,8,0.125,3.63,4.12,N,N,08/2022,Analyst
43-3051.00,1.A.1.a.4,Written Expression,IM,3.75,8,0.1637,3.4292,4.0708,N,,08/2022,Analyst
43-3051.00,1.A.1.a.4,Written Expression,LV,3.5,8,0.2673,2.9762,4.0238,N,N,08/2022,Analyst
43-3051.00,1.A.1.b.1,Fluency of Ideas,IM,2.12,8,0.125,1.88,2.37,N,,08/2022,Analyst
43-3051.00,1.A.1.b.1,Fluency of Ideas,LV,2.12,8,0.125,1.88,2.37,N,N,08/2022,Analyst
43-3051.00,1.A.1.b.2,Originality,IM,2.12,8,0.125,1.88,2.37,N,,08/2022,Analyst
43-3051.00,1.A.1.b.2,Originality,LV,2.12,8,0.125,1.88,2.37,N,N,08/2022,Analyst
43-3051.00,1.A.1.b.3,Problem Sensitivity,IM,3.25,8,0.1637,2.9292,3.5708,N,,08/2022,Analyst
43-3051.00,1.A.1.b.3,Problem Sensitivity,LV,3.25,8,0.1637,2.9292,3.5708,N,N,08/2022,Analyst
43-3051.00,1.A.1.b.4,Deductive Reasoning,IM,3.12,8,0.125,2.88,3.37,N,,08/2022,Analyst
43-3051.00,1.A.1.b.4,Deductive Reasoning,LV,3.0,8,0.189,2.6296,3.3704,N,N,08/2022,Analyst
43-3051.00,1.A.1.b.5,Inductive Reasoning,IM,3.12,8,0.125,2.88,3.37,N,,08/2022,Analyst
43-3051.00,1.A.1.b.5,Inductive Reasoning,LV,3.0,8,0.189,2.6296,3.3704,N,N,08/2022,Analyst
43-3051.00,1.A.1.b.6,Information Ordering,IM,3.38,8,0.183,3.0164,3.7336,N,,08/2022,Analyst
43-3051.00,1.A.1.b.6,Information Ordering,LV,3.12,8,0.125,2.88,3.37,N,N,08/2022,Analyst
43-3051.00,1.A.1.b.7,Category Flexibility,IM,2.88,8,0.125,2.63,3.12,N,,08/2022,Analyst
43-3051.00,1.A.1.b.7,Category Flexibility,LV,2.88,8,0.125,2.63,3.12,N,N,08/2022,Analyst
43-3051.00,1.A.1.c.1,Mathematical Reasoning,IM,3.5,8,0.189,3.1296,3.8704,N,,08/2022,Analyst
43-3051.00,1.A.1.c.1,Mathematical Reasoning,LV,3.38,8,0.183,3.0164,3.7336,N,N,08/2022,Analyst
43-3051.00,1.A.1.c.2,Number Facility,IM,3.38,8,0.183,3.0164,3.7336,N,,08/2022,Analyst
43-3051.00,1.A.1.c.2,Number Facility,LV,3.38,8,0.183,3.0164,3.7336,N,N,08/2022,Analyst
43-3051.00,1.A.1.d.1,Memorization,IM,2.12,8,0.125,1.88,2.37,N,,08/2022,Analyst
43-3051.00,1.A.1.d.1,Memorization,LV,2.0,8,0.0,2.0,2.0,N,N,08/2022,Analyst
43-3051.00,1.A.1.e.1,Speed of Closure,IM,2.0,8,0.0,2.0,2.0,N,,08/2022,Analyst
43-3051.00,1.A.1.e.1,Speed of Closure,LV,2.12,8,0.125,1.88,2.37,N,N,08/2022,Analyst
43-3051.00,1.A.1.e.2,Flexibility of Closure,IM,2.75,8,0.1637,2.4292,3.0708,N,,08/2022,Analyst
43-3051.00,1.A.1.e.2,Flexibility of Closure,LV,2.62,8,0.183,2.2664,2.9836,N,N,08/2022,Analyst
43-3051.00,1.A.1.e.3,Perceptual Speed,IM,2.88,8,0.2266,2.4309,3.3191,N,,08/2022,Analyst
43-3051.00,1.A.1.e.3,Perceptual Speed,LV,2.62,8,0.183,2.2664,2.9836,N,N,08/2022,Analyst
43-3051.00,1.A.1.f.1,Spatial Orientation,IM,1.0,8,0.0,1.0,1.0,N,,08/2022,Analyst
43-3051.00,1.A.1.f.1,Spatial Orientation,LV,0.0,8,0.0,0.0,0.0,N,Y,08/2022,Analyst
43-3051.00,1.A.1.f.2,Visualization,IM,2.0,8,0.0,2.0,2.0,N,,08/2022,Analyst
43-3051.00,1.A.1.f.2,Visualization,LV,1.75,8,0.1637,1.4292,2.0708,N,N,08/2022,Analyst
43-3051.00,1.A.1.g.1,Selective Attention,IM,3.0,8,0.0,3.0,3.0,N,,08/2022,Analyst
43-3051.00,1.A.1.g.1,Selective Attention,LV,2.88,8,0.125,2.63,3.12,N,N,08/2022,Analyst
43-3051.00,1.A.1.g.2,Time Sharing,IM,2.0,8,0.0,2.0,2.0,N,,08/2022,Analyst
43-3051.00,1.A.1.g.2,Time Sharing,LV,2.12,8,0.125,1.88,2.37,N,N,08/2022,Analyst
43-3051.00,1.A.2.a.1,Arm-Hand Steadiness,IM,1.88,8,0.125,1.63,2.12,N,,08/2022,Analyst
43-3051.00,1.A.2.a.1,Arm-Hand Steadiness,LV,0.88,8,0.125,0.63,1.12,N,N,08/2022,Analyst
43-3051.00,1.A.2.a.2,Manual Dexterity,IM,2.0,8,0.0,2.0,2.0,N,,08/2022,Analyst
43-3051.00,1.A.2.a.2,Manual Dexterity,LV,1.0,8,0.0,1.0,1.0,N,N,08/2022,Analyst
43-3051.00,1.A.2.a.3,Finger Dexterity,IM,2.0,8,0.0,2.0,2.0,N,,08/2022,Analyst
43-3051.00,1.A.2.a.3,Finger Dexterity,LV,1.62,8,0.183,1.2664,1.9836,N,N,08/2022,Analyst
43-3051.00,1.A.2.b.1,Control Precision,IM,1.5,8,0.189,1.1296,1.8704,N,,08/2022,Analyst
43-3051.00,1.A.2.b.1,Control Precision,LV,0.5,8,0.189,0.1296,0.8704,N,N,08/2022,Analyst
43-3051.00,1.A.2.b.2,Multilimb Coordination,IM,1.0,8,0.0,1.0,1.0,N,,08/2022,Analyst
43-3051.00,1.A.2.b.2,Multilimb Coordination,LV,0.0,8,0.0,0.0,0.0,N,Y,08/2022,Analyst
43-3051.00,1.A.2.b.3,Response Orientation,IM,1.0,8,0.0,1.0,1.0,N,,08/2022,Analyst
43-3051.00,1.A.2.b.3,Response Orientation,LV,0.0,8,0.0,0.0,0.0,N,Y,08/2022,Analyst
43-3051.00,1.A.2.b.4,Rate Control,IM,1.0,8,0.0,1.0,1.0,N,,08/2022,Analyst
43-3051.00,1.A.2.b.4,Rate Control,LV,0.0,8,0.0,0.0,0.0,N,Y,08/2022,Analyst
43-3051.00,1.A.2.c.1,Reaction Time,IM,1.0,8,0.0,1.0,1.0,N,,08/2022,Analyst
43-3051.00,1.A.2.c.1,Reaction Time,LV,0.0,8,0.0,0.0,0.0,N,Y,08/2022,Analyst
43-3051.00,1.A.2.c.2,Wrist-Finger Speed,IM,1.75,8,0.1637,1.4292,2.0708,N,,08/2022,Analyst
43-3051.00,1.A.2.c.2,Wrist-Finger Speed,LV,0.88,8,0.2266,0.4309,1.3191,N,N,08/2022,Analyst
43-3051.00,1.A.2.c.3,Speed of Limb Movement,IM,1.0,8,0.0,1.0,1.0,N,,08/2022,Analyst
43-3051.00,1.A.2.c.3,Speed of Limb Movement,LV,0.0,8,0.0,0.0,0.0,N,Y,08/2022,Analyst
43-3051.00,1.A.3.a.1,Static Strength,IM,1.0,8,0.0,1.0,1.0,N,,08/2022,Analyst
43-3051.00,1.A.3.a.1,Static Strength,LV,0.0,8,0.0,0.0,0.0,N,Y,08/2022,Analyst
43-3051.00,1.A.3.a.2,Explosive Strength,IM,1.0,8,0.0,1.0,1.0,N,,08/2022,Analyst
43-3051.00,1.A.3.a.2,Explosive Strength,LV,0.0,8,0.0,0.0,0.0,N,Y,08/2022,Analyst
43-3051.00,1.A.3.a.3,Dynamic Strength,IM,1.38,8,0.183,1.0164,1.7336,N,,08/2022,Analyst
43-3051.00,1.A.3.a.3,Dynamic Strength,LV,0.38,8,0.183,0.0164,0.7336,N,N,08/2022,Analyst
43-3051.00,1.A.3.a.4,Trunk Strength,IM,2.0,8,0.0,2.0,2.0,N,,08/2022,Analyst
43-3051.00,1.A.3.a.4,Trunk Strength,LV,1.5,8,0.189,1.1296,1.8704,N,N,08/2022,Analyst
43-3051.00,1.A.3.b.1,Stamina,IM,1.0,8,0.0,1.0,1.0,N,,08/2022,Analyst
43-3051.00,1.A.3.b.1,Stamina,LV,0.0,8,0.0,0.0,0.0,N,Y,08/2022,Analyst
43-3051.00,1.A.3.c.1,Extent Flexibility,IM,1.0,8,0.0,1.0,1.0,N,,08/2022,Analyst
43-3051.00,1.A.3.c.1,Extent Flexibility,LV,0.0,8,0.0,0.0,0.0,N,Y,08/2022,Analyst
43-3051.00,1.A.3.c.2,Dynamic Flexibility,IM,1.0,8,0.0,1.0,1.0,N,,08/2022,Analyst
43-3051.00,1.A.3.c.2,Dynamic Flexibility,LV,0.0,8,0.0,0.0,0.0,N,Y,08/2022,Analyst
43-3051.00,1.A.3.c.3,Gross Body Coordination,IM,1.0,8,0.0,1.0,1.0,N,,08/2022,Analyst
43-3051.00,1.A.3.c.3,Gross Body Coordination,LV,0.0,8,0.0,0.0,0.0,N,Y,08/2022,Analyst
43-3051.00,1.A.3.c.4,Gross Body Equilibrium,IM,1.0,8,0.0,1.0,1.0,N,,08/2022,Analyst
43-3051.00,1.A.3.c.4,Gross Body Equilibrium,LV,0.0,8,0.0,0.0,0.0,N,Y,08/2022,Analyst
43-3051.00,1.A.4.a.1,Near Vision,IM,3.75,8,0.1637,3.4292,4.0708,N,,08/2022,Analyst
43-3051.00,1.A.4.a.1,Near Vision,LV,3.75,8,0.1637,3.4292,4.0708,N,N,08/2022,Analyst
43-3051.00,1.A.4.a.2,Far Vision,IM,2.12,8,0.125,1.88,2.37,N,,08/2022,Analyst
43-3051.00,1.A.4.a.2,Far Vision,LV,2.12,8,0.125,1.88,2.37,N,N,08/2022,Analyst
43-3051.00,1.A.4.a.3,Visual Color Discrimination,IM,2.0,8,0.0,2.0,2.0,N,,08/2022,Analyst
43-3051.00,1.A.4.a.3,Visual Color Discrimination,LV,1.12,8,0.125,0.88,1.37,N,N,08/2022,Analyst
43-3051.00,1.A.4.a.4,Night Vision,IM,1.0,8,0.0,1.0,1.0,N,,08/2022,Analyst
43-3051.00,1.A.4.a.4,Night Vision,LV,0.0,8,0.0,0.0,0.0,N,Y,08/2022,Analyst
43-3051.00,1.A.4.a.5,Peripheral Vision,IM,1.0,8,0.0,1.0,1.0,N,,08/2022,Analyst
43-3051.00,1.A.4.a.5,Peripheral Vision,LV,0.0,8,0.0,0.0,0.0,N,Y,08/2022,Analyst
43-3051.00,1.A.4.a.6,Depth Perception,IM,1.0,8,0.0,1.0,1.0,N,,08/2022,Analyst
43-3051.00,1.A.4.a.6,Depth Perception,LV,0.0,8,0.0,0.0,0.0,N,Y,08/2022,Analyst
43-3051.00,1.A.4.a.7,Glare Sensitivity,IM,1.0,8,0.0,1.0,1.0,N,,08/2022,Analyst
43-3051.00,1.A.4.a.7,Glare Sensitivity,LV,0.0,8,0.0,0.0,0.0,N,Y,08/2022,Analyst
43-3051.00,1.A.4.b.1,Hearing Sensitivity,IM,2.0,8,0.0,2.0,2.0,N,,08/2022,Analyst
43-3051.00,1.A.4.b.1,Hearing Sensitivity,LV,1.12,8,0.125,0.88,1.37,N,N,08/2022,Analyst
43-3051.00,1.A.4.b.2,Auditory Attention,IM,2.0,8,0.0,2.0,2.0,N,,08/2022,Analyst
43-3051.00,1.A.4.b.2,Auditory Attention,LV,1.25,8,0.1637,0.9292,1.5708,N,N,08/2022,Analyst
43-3051.00,1.A.4.b.3,Sound Localization,IM,1.0,8,0.0,1.0,1.0,N,,08/2022,Analyst
43-3051.00,1.A.4.b.3,Sound Localization,LV,0.0,8,0.0,0.0,0.0,N,Y,08/2022,Analyst
43-3051.00,1.A.4.b.4,Speech Recognition,IM,3.0,8,0.0,3.0,3.0,N,,08/2022,Analyst
43-3051.00,1.A.4.b.4,Speech Recognition,LV,3.12,8,0.125,2.88,3.37,N,N,08/2022,Analyst
43-3051.00,1.A.4.b.5,Speech Clarity,IM,3.0,8,0.0,3.0,3.0,N,,08/2022,Analyst
43-3051.00,1.A.4.b.5,Speech Clarity,LV,3.12,8,0.125,2.88,3.37,N,N,08/2022,Analyst
43-3061.00,1.A.1.a.1,Oral Comprehension,IM,4.0,8,0.0,4.0,4.0,N,,08/2022,Analyst
43-3061.00,1.A.1.a.1,Oral Comprehension,LV,3.88,8,0.125,3.63,4.12,N,N,08/2022,Analyst
43-3061.00,1.A.1.a.2,Written Comprehension,IM,3.88,8,0.125,3.63,4.12,N,,08/2022,Analyst
43-3061.00,1.A.1.a.2,Written Comprehension,LV,4.0,8,0.0,4.0,4.0,N,N,08/2022,Analyst
43-3061.00,1.A.1.a.3,Oral Expression,IM,4.0,8,0.0,4.0,4.0,N,,08/2022,Analyst
43-3061.00,1.A.1.a.3,Oral Expression,LV,4.0,8,0.0,4.0,4.0,N,N,08/2022,Analyst
43-3061.00,1.A.1.a.4,Written Expression,IM,3.75,8,0.1637,3.4292,4.0708,N,,08/2022,Analyst
43-3061.00,1.A.1.a.4,Written Expression,LV,3.12,8,0.125,2.88,3.37,N,N,08/2022,Analyst
43-3061.00,1.A.1.b.1,Fluency of Ideas,IM,2.88,8,0.2266,2.4309,3.3191,N,,08/2022,Analyst
43-3061.00,1.A.1.b.1,Fluency of Ideas,LV,2.38,8,0.183,2.0164,2.7336,N,N,08/2022,Analyst
43-3061.00,1.A.1.b.2,Originality,IM,2.38,8,0.183,2.0164,2.7336,N,,08/2022,Analyst
43-3061.00,1.A.1.b.2,Originality,LV,2.25,8,0.1637,1.9292,2.5708,N,N,08/2022,Analyst
43-3061.00,1.A.1.b.3,Problem Sensitivity,IM,3.5,8,0.189,3.1296,3.8704,N,,08/2022,Analyst
43-3061.00,1.A.1.b.3,Problem Sensitivity,LV,3.12,8,0.125,2.88,3.37,N,N,08/2022,Analyst
43-3061.00,1.A.1.b.4,Deductive Reasoning,IM,3.5,8,0.189,3.1296,3.8704,N,,08/2022,Analyst
43-3061.00,1.A.1.b.4,Deductive Reasoning,LV,3.12,8,0.125,2.88,3.37,N,N,08/2022,Analyst
43-3061.00,1.A.1.b.5,Inductive Reasoning,IM,3.5,8,0.189,3.1296,3.8704,N,,08/2022,Analyst
43-3061.00,1.A.1.b.5,Inductive Reasoning,LV,3.0,8,0.0,3.0,3.0,N,N,08/2022,Analyst
43-3061.00,1.A.1.b.6,Information Ordering,IM,3.75,8,0.1637,3.4292,4.0708,N,,08/2022,Analyst
43-3061.00,1.A.1.b.6,Information Ordering,LV,3.0,8,0.0,3.0,3.0,N,N,08/2022,Analyst
43-3061.00,1.A.1.b.7,Category Flexibility,IM,3.0,8,0.189,2.6296,3.3704,N,,08/2022,Analyst
43-3061.00,1.A.1.b.7,Category Flexibility,LV,2.88,8,0.125,2.63,3.12,N,N,08/2022,Analyst
43-3061.00,1.A.1.c.1,Mathematical Reasoning,IM,3.12,8,0.125,2.88,3.37,N,,08/2022,Analyst
43-3061.00,1.A.1.c.1,Mathematical Reasoning,LV,2.88,8,0.2266,2.4309,3.3191,N,N,08/2022,Analyst
43-3061.00,1.A.1.c.2,Number Facility,IM,2.5,8,0.189,2.1296,2.8704,N,,08/2022,Analyst
43-3061.00,1.A.1.c.2,Number Facility,LV,2.5,8,0.189,2.1296,2.8704,N,N,08/2022,Analyst
43-3061.00,1.A.1.d.1,Memorization,IM,2.0,8,0.0,2.0,2.0,N,,08/2022,Analyst
43-3061.00,1.A.1.d.1,Memorization,LV,1.88,8,0.125,1.63,2.12,N,N,08/2022,Analyst
43-3061.00,1.A.1.e.1,Speed of Closure,IM,2.12,8,0.125,1.88,2.37,N,,08/2022,Analyst
43-3061.00,1.A.1.e.1,Speed of Closure,LV,2.0,8,0.0,2.0,2.0,N,N,08/2022,Analyst
43-3061.00,1.A.1.e.2,Flexibility of Closure,IM,2.25,8,0.1637,1.9292,2.5708,N,,08/2022,Analyst
43-3061.00,1.A.1.e.2,Flexibility of Closure,LV,2.12,8,0.125,1.88,2.37,N,N,08/2022,Analyst
43-3061.00,1.A.1.e.3,Perceptual Speed,IM,2.75,8,0.1637,2.4292,3.0708,N,,08/2022,Analyst
43-3061.00,1.A.1.e.3,Perceptual Speed,LV,2.12,8,0.125,1.88,2.37,N,N,08/2022,Analyst
43-3061.00,1.A.1.f.1,Spatial Orientation,IM,1.0,8,0.0,1.0,1.0,N,,08/2022,Analyst
43-3061.00,1.A.1.f.1,Spatial Orientation,LV,0.0,8,0.0,0.0,0.0,N,Y,08/2022,Analyst
43-3061.00,1.A.1.f.2,Visualization,IM,2.0,8,0.0,2.0,2.0,N,,08/2022,Analyst
43-3061.00,1.A.1.f.2,Visualization,LV,1.25,8,0.1637,0.9292,1.5708,N,N,08/2022,Analyst
43-3061.00,1.A.1.g.1,Selective Attention,IM,2.88,8,0.125,2.63,3.12,N,,08/2022,Analyst
43-3061.00,1.A.1.g.1,Selective Attention,LV,2.38,8,0.183,2.0164,2.7336,N,N,08/2022,Analyst
43-3061.00,1.A.1.g.2,Time Sharing,IM,2.5,8,0.189,2.1296,2.8704,N,,08/2022,Analyst
43-3061.00,1.A.1.g.2,Time Sharing,LV,2.0,8,0.0,2.0,2.0,N,N,08/2022,Analyst
43-3061.00,1.A.2.a.1,Arm-Hand Steadiness,IM,1.62,8,0.183,1.2664,1.9836,N,,08/2022,Analyst
43-3061.00,1.A.2.a.1,Arm-Hand Steadiness,LV,0.62,8,0.183,0.2664,0.9836,N,N,08/2022,Analyst
43-3061.00,1.A.2.a.2,Manual Dexterity,IM,1.62,8,0.183,1.2664,1.9836,N,,08/2022,Analyst
43-3061.00,1.A.2.a.2,Manual Dexterity,LV,0.62,8,0.183,0.2664,0.9836,N,N,08/2022,Analyst
43-3061.00,1.A.2.a.3,Finger Dexterity,IM,1.62,8,0.183,1.2664,1.9836,N,,08/2022,Analyst
43-3061.00,1.A.2.a.3,Finger Dexterity,LV,0.62,8,0.183,0.2664,0.9836,N,N,08/2022,Analyst
43-3061.00,1.A.2.b.1,Control Precision,IM,1.0,8,0.0,1.0,1.0,N,,08/2022,Analyst
43-3061.00,1.A.2.b.1,Control Precision,LV,0.0,8,0.0,0.0,0.0,N,Y,08/2022,Analyst
43-3061.00,1.A.2.b.2,Multilimb Coordination,IM,1.5,8,0.189,1.1296,1.8704,N,,08/2022,Analyst
43-3061.00,1.A.2.b.2,Multilimb Coordination,LV,0.5,8,0.189,0.1296,0.8704,N,N,08/2022,Analyst
43-3061.00,1.A.2.b.3,Response Orientation,IM,1.0,8,0.0,1.0,1.0,N,,08/2022,Analyst
43-3061.00,1.A.2.b.3,Response Orientation,LV,0.0,8,0.0,0.0,0.0,N,Y,08/2022,Analyst
43-3061.00,1.A.2.b.4,Rate Control,IM,1.0,8,0.0,1.0,1.0,N,,08/2022,Analyst
43-3061.00,1.A.2.b.4,Rate Control,LV,0.0,8,0.0,0.0,0.0,N,Y,08/2022,Analyst
43-3061.00,1.A.2.c.1,Reaction Time,IM,1.0,8,0.0,1.0,1.0,N,,08/2022,Analyst
43-3061.00,1.A.2.c.1,Reaction Time,LV,0.0,8,0.0,0.0,0.0,N,Y,08/2022,Analyst
43-3061.00,1.A.2.c.2,Wrist-Finger Speed,IM,1.5,8,0.189,1.1296,1.8704,N,,08/2022,Analyst
43-3061.00,1.A.2.c.2,Wrist-Finger Speed,LV,0.5,8,0.189,0.1296,0.8704,N,N,08/2022,Analyst
43-3061.00,1.A.2.c.3,Speed of Limb Movement,IM,1.0,8,0.0,1.0,1.0,N,,08/2022,Analyst
43-3061.00,1.A.2.c.3,Speed of Limb Movement,LV,0.0,8,0.0,0.0,0.0,N,Y,08/2022,Analyst
43-3061.00,1.A.3.a.1,Static Strength,IM,1.5,8,0.189,1.1296,1.8704,N,,08/2022,Analyst
43-3061.00,1.A.3.a.1,Static Strength,LV,0.5,8,0.189,0.1296,0.8704,N,N,08/2022,Analyst
43-3061.00,1.A.3.a.2,Explosive Strength,IM,1.25,8,0.1637,1.0,1.5708,N,,08/2022,Analyst
43-3061.00,1.A.3.a.2,Explosive Strength,LV,0.25,8,0.1637,0.0,0.5708,N,Y,08/2022,Analyst
43-3061.00,1.A.3.a.3,Dynamic Strength,IM,1.5,8,0.189,1.1296,1.8704,N,,08/2022,Analyst
43-3061.00,1.A.3.a.3,Dynamic Strength,LV,0.5,8,0.189,0.1296,0.8704,N,N,08/2022,Analyst
43-3061.00,1.A.3.a.4,Trunk Strength,IM,1.75,8,0.1637,1.4292,2.0708,N,,08/2022,Analyst
43-3061.00,1.A.3.a.4,Trunk Strength,LV,1.12,8,0.295,0.5467,1.7033,N,N,08/2022,Analyst
43-3061.00,1.A.3.b.1,Stamina,IM,1.0,8,0.0,1.0,1.0,N,,08/2022,Analyst
43-3061.00,1.A.3.b.1,Stamina,LV,0.0,8,0.0,0.0,0.0,N,Y,08/2022,Analyst
43-3061.00,1.A.3.c.1,Extent Flexibility,IM,1.5,8,0.189,1.1296,1.8704,N,,08/2022,Analyst
43-3061.00,1.A.3.c.1,Extent Flexibility,LV,0.5,8,0.189,0.1296,0.8704,N,N,08/2022,Analyst
43-3061.00,1.A.3.c.2,Dynamic Flexibility,IM,1.0,8,0.0,1.0,1.0,N,,08/2022,Analyst
43-3061.00,1.A.3.c.2,Dynamic Flexibility,LV,0.0,8,0.0,0.0,0.0,N,Y,08/2022,Analyst
43-3061.00,1.A.3.c.3,Gross Body Coordination,IM,1.0,8,0.0,1.0,1.0,N,,08/2022,Analyst
43-3061.00,1.A.3.c.3,Gross Body Coordination,LV,0.0,8,0.0,0.0,0.0,N,Y,08/2022,Analyst
43-3061.00,1.A.3.c.4,Gross Body Equilibrium,IM,1.0,8,0.0,1.0,1.0,N,,08/2022,Analyst
43-3061.00,1.A.3.c.4,Gross Body Equilibrium,LV,0.0,8,0.0,0.0,0.0,N,Y,08/2022,Analyst
43-3061.00,1.A.4.a.1,Near Vision,IM,3.88,8,0.125,3.63,4.12,N,,08/2022,Analyst
43-3061.00,1.A.4.a.1,Near Vision,LV,3.88,8,0.125,3.63,4.12,N,N,08/2022,Analyst
43-3061.00,1.A.4.a.2,Far Vision,IM,2.12,8,0.125,1.88,2.37,N,,08/2022,Analyst
43-3061.00,1.A.4.a.2,Far Vision,LV,1.62,8,0.2631,1.1094,2.1406,N,N,08/2022,Analyst
43-3061.00,1.A.4.a.3,Visual Color Discrimination,IM,2.0,8,0.0,2.0,2.0,N,,08/2022,Analyst
43-3061.00,1.A.4.a.3,Visual Color Discrimination,LV,1.38,8,0.183,1.0164,1.7336,N,N,08/2022,Analyst
43-3061.00,1.A.4.a.4,Night Vision,IM,1.0,8,0.0,1.0,1.0,N,,08/2022,Analyst
43-3061.00,1.A.4.a.4,Night Vision,LV,0.0,8,0.0,0.0,0.0,N,Y,08/2022,Analyst
43-3061.00,1.A.4.a.5,Peripheral Vision,IM,1.0,8,0.0,1.0,1.0,N,,08/2022,Analyst
43-3061.00,1.A.4.a.5,Peripheral Vision,LV,0.0,8,0.0,0.0,0.0,N,Y,08/2022,Analyst
43-3061.00,1.A.4.a.6,Depth Perception,IM,1.0,8,0.0,1.0,1.0,N,,08/2022,Analyst
43-3061.00,1.A.4.a.6,Depth Perception,LV,0.0,8,0.0,0.0,0.0,N,Y,08/2022,Analyst
43-3061.00,1.A.4.a.7,Glare Sensitivity,IM,1.0,8,0.0,1.0,1.0,N,,08/2022,Analyst
43-3061.00,1.A.4.a.7,Glare Sensitivity,LV,0.0,8,0.0,0.0,0.0,N,Y,08/2022,Analyst
43-3061.00,1.A.4.b.1,Hearing Sensitivity,IM,1.88,8,0.125,1.63,2.12,N,,08/2022,Analyst
43-3061.00,1.A.4.b.1,Hearing Sensitivity,LV,1.25,8,0.25,0.76,1.74,N,N,08/2022,Analyst
43-3061.00,1.A.4.b.2,Auditory Attention,IM,2.0,8,0.0,2.0,2.0,N,,08/2022,Analyst
43-3061.00,1.A.4.b.2,Auditory Attention,LV,1.5,8,0.189,1.1296,1.8704,N,N,08/2022,Analyst
43-3061.00,1.A.4.b.3,Sound Localization,IM,1.0,8,0.0,1.0,1.0,N,,08/2022,Analyst
43-3061.00,1.A.4.b.3,Sound Localization,LV,0.0,8,0.0,0.0,0.0,N,Y,08/2022,Analyst
43-3061.00,1.A.4.b.4,Speech Recognition,IM,3.38,8,0.183,3.0164,3.7336,N,,08/2022,Analyst
43-3061.00,1.A.4.b.4,Speech Recognition,LV,3.0,8,0.0,3.0,3.0,N,N,08/2022,Analyst
43-3061.00,1.A.4.b.5,Speech Clarity,IM,3.62,8,0.183,3.2664,3.9836,N,,08/2022,Analyst
43-3061.00,1.A.4.b.5,Speech Clarity,LV,3.0,8,0.0,3.0,3.0,N,N,08/2022,Analyst
43-3071.00,1.A.1.a.1,Oral Comprehension,IM,4.0,8,0.0,4.0,4.0,N,,08/2018,Analyst
43-3071.00,1.A.1.a.1,Oral Comprehension,LV,3.75,8,0.1637,3.4292,4.0708,N,N,08/2018,Analyst
43-3071.00,1.A.1.a.2,Written Comprehension,IM,3.25,8,0.1637,2.9292,3.5708,N,,08/2018,Analyst
43-3071.00,1.A.1.a.2,Written Comprehension,LV,3.12,8,0.125,2.88,3.37,N,N,08/2018,Analyst
43-3071.00,1.A.1.a.3,Oral Expression,IM,3.88,8,0.125,3.63,4.12,N,,08/2018,Analyst
43-3071.00,1.A.1.a.3,Oral Expression,LV,3.88,8,0.125,3.63,4.12,N,N,08/2018,Analyst
43-3071.00,1.A.1.a.4,Written Expression,IM,3.25,8,0.1637,2.9292,3.5708,N,,08/2018,Analyst
43-3071.00,1.A.1.a.4,Written Expression,LV,3.0,8,0.0,3.0,3.0,N,N,08/2018,Analyst
43-3071.00,1.A.1.b.1,Fluency of Ideas,IM,2.88,8,0.125,2.63,3.12,N,,08/2018,Analyst
43-3071.00,1.A.1.b.1,Fluency of Ideas,LV,2.38,8,0.183,2.0164,2.7336,N,N,08/2018,Analyst
43-3071.00,1.A.1.b.2,Originality,IM,2.25,8,0.1637,1.9292,2.5708,N,,08/2018,Analyst
43-3071.00,1.A.1.b.2,Originality,LV,2.25,8,0.1637,1.9292,2.5708,N,N,08/2018,Analyst
43-3071.00,1.A.1.b.3,Problem Sensitivity,IM,3.62,8,0.183,3.2664,3.9836,N,,08/2018,Analyst
43-3071.00,1.A.1.b.3,Problem Sensitivity,LV,3.25,8,0.1637,2.9292,3.5708,N,N,08/2018,Analyst
43-3071.00,1.A.1.b.4,Deductive Reasoning,IM,3.12,8,0.125,2.88,3.37,N,,08/2018,Analyst
43-3071.00,1.A.1.b.4,Deductive Reasoning,LV,3.25,8,0.1637,2.9292,3.5708,N,N,08/2018,Analyst
43-3071.00,1.A.1.b.5,Inductive Reasoning,IM,3.0,8,0.0,3.0,3.0,N,,08/2018,Analyst
43-3071.00,1.A.1.b.5,Inductive Reasoning,LV,3.12,8,0.125,2.88,3.37,N,N,08/2018,Analyst
43-3071.00,1.A.1.b.6,Information Ordering,IM,3.62,8,0.183,3.2664,3.9836,N,,08/2018,Analyst
43-3071.00,1.A.1.b.6,Information Ordering,LV,3.0,8,0.0,3.0,3.0,N,N,08/2018,Analyst
43-3071.00,1.A.1.b.7,Category Flexibility,IM,3.0,8,0.189,2.6296,3.3704,N,,08/2018,Analyst
43-3071.00,1.A.1.b.7,Category Flexibility,LV,3.0,8,0.0,3.0,3.0,N,N,08/2018,Analyst
43-3071.00,1.A.1.c.1,Mathematical Reasoning,IM,3.12,8,0.125,2.88,3.37,N,,08/2018,Analyst
43-3071.00,1.A.1.c.1,Mathematical Reasoning,LV,3.0,8,0.0,3.0,3.0,N,N,08/2018,Analyst
43-3071.00,1.A.1.c.2,Number Facility,IM,3.88,8,0.125,3.63,4.12,N,,08/2018,Analyst
43-3071.00,1.A.1.c.2,Number Facility,LV,3.12,8,0.125,2.88,3.37,N,N,08/2018,Analyst
43-3071.00,1.A.1.d.1,Memorization,IM,2.12,8,0.125,1.88,2.37,N,,08/2018,Analyst
43-3071.00,1.A.1.d.1,Memorization,LV,2.12,8,0.125,1.88,2.37,N,N,08/2018,Analyst
43-3071.00,1.A.1.e.1,Speed of Closure,IM,2.5,8,0.189,2.1296,2.8704,N,,08/2018,Analyst
43-3071.00,1.A.1.e.1,Speed of Closure,LV,2.25,8,0.1637,1.9292,2.5708,N,N,08/2018,Analyst
43-3071.00,1.A.1.e.2,Flexibility of Closure,IM,2.88,8,0.125,2.63,3.12,N,,08/2018,Analyst
43-3071.00,1.A.1.e.2,Flexibility of Closure,LV,2.62,8,0.183,2.2664,2.9836,N,N,08/2018,Analyst
43-3071.00,1.A.1.e.3,Perceptual Speed,IM,3.0,8,0.0,3.0,3.0,N,,08/2018,Analyst
43-3071.00,1.A.1.e.3,Perceptual Speed,LV,2.75,8,0.1637,2.4292,3.0708,N,N,08/2018,Analyst
43-3071.00,1.A.1.f.1,Spatial Orientation,IM,1.0,8,0.0,1.0,1.0,N,,08/2018,Analyst
43-3071.00,1.A.1.f.1,Spatial Orientation,LV,0.0,8,0.0,0.0,0.0,N,Y,08/2018,Analyst
43-3071.00,1.A.1.f.2,Visualization,IM,2.12,8,0.125,1.88,2.37,N,,08/2018,Analyst
43-3071.00,1.A.1.f.2,Visualization,LV,2.0,8,0.189,1.6296,2.3704,N,N,08/2018,Analyst
43-3071.00,1.A.1.g.1,Selective Attention,IM,3.25,8,0.1637,2.9292,3.5708,N,,08/2018,Analyst
43-3071.00,1.A.1.g.1,Selective Attention,LV,3.0,8,0.189,2.6296,3.3704,N,N,08/2018,Analyst
43-3071.00,1.A.1.g.2,Time Sharing,IM,2.88,8,0.125,2.63,3.12,N,,08/2018,Analyst
43-3071.00,1.A.1.g.2,Time Sharing,LV,2.88,8,0.125,2.63,3.12,N,N,08/2018,Analyst
43-3071.00,1.A.2.a.1,Arm-Hand Steadiness,IM,2.75,8,0.1637,2.4292,3.0708,N,,08/2018,Analyst
43-3071.00,1.A.2.a.1,Arm-Hand Steadiness,LV,2.12,8,0.125,1.88,2.37,N,N,08/2018,Analyst
43-3071.00,1.A.2.a.2,Manual Dexterity,IM,2.12,8,0.125,1.88,2.37,N,,08/2018,Analyst
43-3071.00,1.A.2.a.2,Manual Dexterity,LV,2.12,8,0.125,1.88,2.37,N,N,08/2018,Analyst
43-3071.00,1.A.2.a.3,Finger Dexterity,IM,2.75,8,0.1637,2.4292,3.0708,N,,08/2018,Analyst
43-3071.00,1.A.2.a.3,Finger Dexterity,LV,2.38,8,0.183,2.0164,2.7336,N,N,08/2018,Analyst
43-3071.00,1.A.2.b.1,Control Precision,IM,2.38,8,0.183,2.0164,2.7336,N,,08/2018,Analyst
43-3071.00,1.A.2.b.1,Control Precision,LV,2.0,8,0.0,2.0,2.0,N,N,08/2018,Analyst
43-3071.00,1.A.2.b.2,Multilimb Coordination,IM,2.0,8,0.0,2.0,2.0,N,,08/2018,Analyst
43-3071.00,1.A.2.b.2,Multilimb Coordination,LV,1.88,8,0.125,1.63,2.12,N,N,08/2018,Analyst
43-3071.00,1.A.2.b.3,Response Orientation,IM,1.5,8,0.189,1.1296,1.8704,N,,08/2018,Analyst
43-3071.00,1.A.2.b.3,Response Orientation,LV,0.88,8,0.3504,0.1883,1.5617,N,N,08/2018,Analyst
43-3071.00,1.A.2.b.4,Rate Control,IM,1.88,8,0.125,1.63,2.12,N,,08/2018,Analyst
43-3071.00,1.A.2.b.4,Rate Control,LV,1.0,8,0.189,0.6296,1.3704,N,N,08/2018,Analyst
43-3071.00,1.A.2.c.1,Reaction Time,IM,1.88,8,0.125,1.63,2.12,N,,08/2018,Analyst
43-3071.00,1.A.2.c.1,Reaction Time,LV,0.88,8,0.125,0.63,1.12,N,N,08/2018,Analyst
43-3071.00,1.A.2.c.2,Wrist-Finger Speed,IM,2.0,8,0.189,1.6296,2.3704,N,,08/2018,Analyst
43-3071.00,1.A.2.c.2,Wrist-Finger Speed,LV,1.62,8,0.2631,1.1094,2.1406,N,N,08/2018,Analyst
43-3071.00,1.A.2.c.3,Speed of Limb Movement,IM,1.5,8,0.189,1.1296,1.8704,N,,08/2018,Analyst
43-3071.00,1.A.2.c.3,Speed of Limb Movement,LV,0.5,8,0.189,0.1296,0.8704,N,N,08/2018,Analyst
43-3071.00,1.A.3.a.1,Static Strength,IM,2.0,8,0.0,2.0,2.0,N,,08/2018,Analyst
43-3071.00,1.A.3.a.1,Static Strength,LV,1.5,8,0.189,1.1296,1.8704,N,N,08/2018,Analyst
43-3071.00,1.A.3.a.2,Explosive Strength,IM,1.25,8,0.1637,1.0,1.5708,N,,08/2018,Analyst
43-3071.00,1.A.3.a.2,Explosive Strength,LV,0.38,8,0.2631,0.0,0.8906,N,Y,08/2018,Analyst
43-3071.00,1.A.3.a.3,Dynamic Strength,IM,1.62,8,0.183,1.2664,1.9836,N,,08/2018,Analyst
43-3071.00,1.A.3.a.3,Dynamic Strength,LV,0.88,8,0.295,0.2967,1.4533,N,N,08/2018,Analyst
43-3071.00,1.A.3.a.4,Trunk Strength,IM,2.25,8,0.1637,1.9292,2.5708,N,,08/2018,Analyst
43-3071.00,1.A.3.a.4,Trunk Strength,LV,2.0,8,0.0,2.0,2.0,N,N,08/2018,Analyst
43-3071.00,1.A.3.b.1,Stamina,IM,1.62,8,0.183,1.2664,1.9836,N,,08/2018,Analyst
43-3071.00,1.A.3.b.1,Stamina,LV,0.75,8,0.25,0.26,1.24,N,N,08/2018,Analyst
43-3071.00,1.A.3.c.1,Extent Flexibility,IM,1.62,8,0.183,1.2664,1.9836,N,,08/2018,Analyst
43-3071.00,1.A.3.c.1,Extent Flexibility,LV,0.75,8,0.25,0.26,1.24,N,N,08/2018,Analyst
43-3071.00,1.A.3.c.2,Dynamic Flexibility,IM,1.0,8,0.0,1.0,1.0,N,,08/2018,Analyst
43-3071.00,1.A.3.c.2,Dynamic Flexibility,LV,0.0,8,0.0,0.0,0.0,N,Y,08/2018,Analyst
43-3071.00,1.A.3.c.3,Gross Body Coordination,IM,1.75,8,0.1637,1.4292,2.0708,N,,08/2018,Analyst
43-3071.00,1.A.3.c.3,Gross Body Coordination,LV,0.75,8,0.1637,0.4292,1.0708,N,N,08/2018,Analyst
43-3071.00,1.A.3.c.4,Gross Body Equilibrium,IM,1.25,8,0.1637,1.0,1.5708,N,,08/2018,Analyst
43-3071.00,1.A.3.c.4,Gross Body Equilibrium,LV,0.25,8,0.1637,0.0,0.5708,N,Y,08/2018,Analyst
43-3071.00,1.A.4.a.1,Near Vision,IM,3.5,8,0.189,3.1296,3.8704,N,,08/2018,Analyst
43-3071.00,1.A.4.a.1,Near Vision,LV,3.38,8,0.183,3.0164,3.7336,N,N,08/2018,Analyst
43-3071.00,1.A.4.a.2,Far Vision,IM,2.75,8,0.1637,2.4292,3.0708,N,,08/2018,Analyst
43-3071.00,1.A.4.a.2,Far Vision,LV,2.62,8,0.183,2.2664,2.9836,N,N,08/2018,Analyst
43-3071.00,1.A.4.a.3,Visual Color Discrimination,IM,2.25,8,0.1637,1.9292,2.5708,N,,08/2018,Analyst
43-3071.00,1.A.4.a.3,Visual Color Discrimination,LV,2.25,8,0.1637,1.9292,2.5708,N,N,08/2018,Analyst
43-3071.00,1.A.4.a.4,Night Vision,IM,1.0,8,0.0,1.0,1.0,N,,08/2018,Analyst
43-3071.00,1.A.4.a.4,Night Vision,LV,0.0,8,0.0,0.0,0.0,N,Y,08/2018,Analyst
43-3071.00,1.A.4.a.5,Peripheral Vision,IM,1.0,8,0.0,1.0,1.0,N,,08/2018,Analyst
43-3071.00,1.A.4.a.5,Peripheral Vision,LV,0.0,8,0.0,0.0,0.0,N,Y,08/2018,Analyst
43-3071.00,1.A.4.a.6,Depth Perception,IM,1.62,8,0.183,1.2664,1.9836,N,,08/2018,Analyst
43-3071.00,1.A.4.a.6,Depth Perception,LV,1.0,8,0.3273,0.3584,1.6416,N,N,08/2018,Analyst
43-3071.00,1.A.4.a.7,Glare Sensitivity,IM,1.0,8,0.0,1.0,1.0,N,,08/2018,Analyst
43-3071.00,1.A.4.a.7,Glare Sensitivity,LV,0.0,8,0.0,0.0,0.0,N,Y,08/2018,Analyst
43-3071.00,1.A.4.b.1,Hearing Sensitivity,IM,2.0,8,0.0,2.0,2.0,N,,08/2018,Analyst
43-3071.00,1.A.4.b.1,Hearing Sensitivity,LV,1.5,8,0.189,1.1296,1.8704,N,N,08/2018,Analyst
43-3071.00,1.A.4.b.2,Auditory Attention,IM,2.12,8,0.125,1.88,2.37,N,,08/2018,Analyst
43-3071.00,1.A.4.b.2,Auditory Attention,LV,1.62,8,0.183,1.2664,1.9836,N,N,08/2018,Analyst
43-3071.00,1.A.4.b.3,Sound Localization,IM,1.0,8,0.0,1.0,1.0,N,,08/2018,Analyst
43-3071.00,1.A.4.b.3,Sound Localization,LV,0.0,8,0.0,0.0,0.0,N,Y,08/2018,Analyst
43-3071.00,1.A.4.b.4,Speech Recognition,IM,3.88,8,0.2266,3.4309,4.3191,N,,08/2018,Analyst
43-3071.00,1.A.4.b.4,Speech Recognition,LV,3.62,8,0.183,3.2664,3.9836,N,N,08/2018,Analyst
43-3071.00,1.A.4.b.5,Speech Clarity,IM,3.75,8,0.1637,3.4292,4.0708,N,,08/2018,Analyst
43-3071.00,1.A.4.b.5,Speech Clarity,LV,3.62,8,0.183,3.2664,3.9836,N,N,08/2018,Analyst
43-4011.00,1.A.1.a.1,Oral Comprehension,IM,4.0,8,0.0,4.0,4.0,N,,07/2014,Analyst
43-4011.00,1.A.1.a.1,Oral Comprehension,LV,3.88,8,0.125,3.63,4.12,N,N,07/2014,Analyst
43-4011.00,1.A.1.a.2,Written Comprehension,IM,3.75,8,0.1637,3.4292,4.0708,N,,07/2014,Analyst
43-4011.00,1.A.1.a.2,Written Comprehension,LV,3.75,8,0.1637,3.4292,4.0708,N,N,07/2014,Analyst
43-4011.00,1.A.1.a.3,Oral Expression,IM,3.88,8,0.125,3.63,4.12,N,,07/2014,Analyst
43-4011.00,1.A.1.a.3,Oral Expression,LV,4.0,8,0.0,4.0,4.0,N,N,07/2014,Analyst
43-4011.00,1.A.1.a.4,Written Expression,IM,3.62,8,0.183,3.2664,3.9836,N,,07/2014,Analyst
43-4011.00,1.A.1.a.4,Written Expression,LV,3.62,8,0.183,3.2664,3.9836,N,N,07/2014,Analyst
43-4011.00,1.A.1.b.1,Fluency of Ideas,IM,2.62,8,0.183,2.2664,2.9836,N,,07/2014,Analyst
43-4011.00,1.A.1.b.1,Fluency of Ideas,LV,2.38,8,0.183,2.0164,2.7336,N,N,07/2014,Analyst
43-4011.00,1.A.1.b.2,Originality,IM,2.62,8,0.183,2.2664,2.9836,N,,07/2014,Analyst
43-4011.00,1.A.1.b.2,Originality,LV,2.38,8,0.183,2.0164,2.7336,N,N,07/2014,Analyst
43-4011.00,1.A.1.b.3,Problem Sensitivity,IM,3.38,8,0.183,3.0164,3.7336,N,,07/2014,Analyst
43-4011.00,1.A.1.b.3,Problem Sensitivity,LV,3.12,8,0.125,2.88,3.37,N,N,07/2014,Analyst
43-4011.00,1.A.1.b.4,Deductive Reasoning,IM,3.25,8,0.1637,2.9292,3.5708,N,,07/2014,Analyst
43-4011.00,1.A.1.b.4,Deductive Reasoning,LV,3.75,8,0.1637,3.4292,4.0708,N,N,07/2014,Analyst
43-4011.00,1.A.1.b.5,Inductive Reasoning,IM,3.12,8,0.125,2.88,3.37,N,,07/2014,Analyst
43-4011.00,1.A.1.b.5,Inductive Reasoning,LV,3.12,8,0.125,2.88,3.37,N,N,07/2014,Analyst
43-4011.00,1.A.1.b.6,Information Ordering,IM,3.5,8,0.189,3.1296,3.8704,N,,07/2014,Analyst
43-4011.00,1.A.1.b.6,Information Ordering,LV,3.0,8,0.0,3.0,3.0,N,N,07/2014,Analyst
43-4011.00,1.A.1.b.7,Category Flexibility,IM,2.88,8,0.125,2.63,3.12,N,,07/2014,Analyst
43-4011.00,1.A.1.b.7,Category Flexibility,LV,3.0,8,0.0,3.0,3.0,N,N,07/2014,Analyst
43-4011.00,1.A.1.c.1,Mathematical Reasoning,IM,3.12,8,0.125,2.88,3.37,N,,07/2014,Analyst
43-4011.00,1.A.1.c.1,Mathematical Reasoning,LV,3.0,8,0.0,3.0,3.0,N,N,07/2014,Analyst
43-4011.00,1.A.1.c.2,Number Facility,IM,3.12,8,0.125,2.88,3.37,N,,07/2014,Analyst
43-4011.00,1.A.1.c.2,Number Facility,LV,3.75,8,0.1637,3.4292,4.0708,N,N,07/2014,Analyst
43-4011.00,1.A.1.d.1,Memorization,IM,2.5,8,0.189,2.1296,2.8704,N,,07/2014,Analyst
43-4011.00,1.A.1.d.1,Memorization,LV,2.38,8,0.183,2.0164,2.7336,N,N,07/2014,Analyst
43-4011.00,1.A.1.e.1,Speed of Closure,IM,2.62,8,0.183,2.2664,2.9836,N,,07/2014,Analyst
43-4011.00,1.A.1.e.1,Speed of Closure,LV,2.5,8,0.189,2.1296,2.8704,N,N,07/2014,Analyst
43-4011.00,1.A.1.e.2,Flexibility of Closure,IM,2.88,8,0.125,2.63,3.12,N,,07/2014,Analyst
43-4011.00,1.A.1.e.2,Flexibility of Closure,LV,2.75,8,0.1637,2.4292,3.0708,N,N,07/2014,Analyst
43-4011.00,1.A.1.e.3,Perceptual Speed,IM,2.75,8,0.1637,2.4292,3.0708,N,,07/2014,Analyst
43-4011.00,1.A.1.e.3,Perceptual Speed,LV,2.62,8,0.183,2.2664,2.9836,N,N,07/2014,Analyst
43-4011.00,1.A.1.f.1,Spatial Orientation,IM,1.0,8,0.0,1.0,1.0,N,,07/2014,Analyst
43-4011.00,1.A.1.f.1,Spatial Orientation,LV,0.0,8,0.0,0.0,0.0,N,Y,07/2014,Analyst
43-4011.00,1.A.1.f.2,Visualization,IM,2.12,8,0.125,1.88,2.37,N,,07/2014,Analyst
43-4011.00,1.A.1.f.2,Visualization,LV,2.0,8,0.0,2.0,2.0,N,N,07/2014,Analyst
43-4011.00,1.A.1.g.1,Selective Attention,IM,3.12,8,0.125,2.88,3.37,N,,07/2014,Analyst
43-4011.00,1.A.1.g.1,Selective Attention,LV,3.0,8,0.0,3.0,3.0,N,N,07/2014,Analyst
43-4011.00,1.A.1.g.2,Time Sharing,IM,2.75,8,0.1637,2.4292,3.0708,N,,07/2014,Analyst
43-4011.00,1.A.1.g.2,Time Sharing,LV,2.75,8,0.1637,2.4292,3.0708,N,N,07/2014,Analyst
43-4011.00,1.A.2.a.1,Arm-Hand Steadiness,IM,2.0,8,0.0,2.0,2.0,N,,07/2014,Analyst
43-4011.00,1.A.2.a.1,Arm-Hand Steadiness,LV,1.62,8,0.183,1.2664,1.9836,N,N,07/2014,Analyst
43-4011.00,1.A.2.a.2,Manual Dexterity,IM,2.0,8,0.0,2.0,2.0,N,,07/2014,Analyst
43-4011.00,1.A.2.a.2,Manual Dexterity,LV,1.62,8,0.183,1.2664,1.9836,N,N,07/2014,Analyst
43-4011.00,1.A.2.a.3,Finger Dexterity,IM,2.88,8,0.125,2.63,3.12,N,,07/2014,Analyst
43-4011.00,1.A.2.a.3,Finger Dexterity,LV,2.62,8,0.183,2.2664,2.9836,N,N,07/2014,Analyst
43-4011.00,1.A.2.b.1,Control Precision,IM,2.0,8,0.0,2.0,2.0,N,,07/2014,Analyst
43-4011.00,1.A.2.b.1,Control Precision,LV,1.62,8,0.183,1.2664,1.9836,N,N,07/2014,Analyst
43-4011.00,1.A.2.b.2,Multilimb Coordination,IM,1.0,8,0.0,1.0,1.0,N,,07/2014,Analyst
43-4011.00,1.A.2.b.2,Multilimb Coordination,LV,0.0,8,0.0,0.0,0.0,N,Y,07/2014,Analyst
43-4011.00,1.A.2.b.3,Response Orientation,IM,1.0,8,0.0,1.0,1.0,N,,07/2014,Analyst
43-4011.00,1.A.2.b.3,Response Orientation,LV,0.0,8,0.0,0.0,0.0,N,Y,07/2014,Analyst
43-4011.00,1.A.2.b.4,Rate Control,IM,1.0,8,0.0,1.0,1.0,N,,07/2014,Analyst
43-4011.00,1.A.2.b.4,Rate Control,LV,0.0,8,0.0,0.0,0.0,N,Y,07/2014,Analyst
43-4011.00,1.A.2.c.1,Reaction Time,IM,1.0,8,0.0,1.0,1.0,N,,07/2014,Analyst
43-4011.00,1.A.2.c.1,Reaction Time,LV,0.0,8,0.0,0.0,0.0,N,Y,07/2014,Analyst
43-4011.00,1.A.2.c.2,Wrist-Finger Speed,IM,1.25,8,0.1637,1.0,1.5708,N,,07/2014,Analyst
43-4011.00,1.A.2.c.2,Wrist-Finger Speed,LV,0.38,8,0.2631,0.0,0.8906,N,Y,07/2014,Analyst
43-4011.00,1.A.2.c.3,Speed of Limb Movement,IM,1.0,8,0.0,1.0,1.0,N,,07/2014,Analyst
43-4011.00,1.A.2.c.3,Speed of Limb Movement,LV,0.0,8,0.0,0.0,0.0,N,Y,07/2014,Analyst
43-4011.00,1.A.3.a.1,Static Strength,IM,1.0,8,0.0,1.0,1.0,N,,07/2014,Analyst
43-4011.00,1.A.3.a.1,Static Strength,LV,0.0,8,0.0,0.0,0.0,N,Y,07/2014,Analyst
43-4011.00,1.A.3.a.2,Explosive Strength,IM,1.0,8,0.0,1.0,1.0,N,,07/2014,Analyst
43-4011.00,1.A.3.a.2,Explosive Strength,LV,0.0,8,0.0,0.0,0.0,N,Y,07/2014,Analyst
43-4011.00,1.A.3.a.3,Dynamic Strength,IM,1.0,8,0.0,1.0,1.0,N,,07/2014,Analyst
43-4011.00,1.A.3.a.3,Dynamic Strength,LV,0.0,8,0.0,0.0,0.0,N,Y,07/2014,Analyst
43-4011.00,1.A.3.a.4,Trunk Strength,IM,1.12,8,0.125,1.0,1.37,N,,07/2014,Analyst
43-4011.00,1.A.3.a.4,Trunk Strength,LV,0.25,8,0.25,0.0,0.74,N,Y,07/2014,Analyst
43-4011.00,1.A.3.b.1,Stamina,IM,1.0,8,0.0,1.0,1.0,N,,07/2014,Analyst
43-4011.00,1.A.3.b.1,Stamina,LV,0.0,8,0.0,0.0,0.0,N,Y,07/2014,Analyst
43-4011.00,1.A.3.c.1,Extent Flexibility,IM,1.0,8,0.0,1.0,1.0,N,,07/2014,Analyst
43-4011.00,1.A.3.c.1,Extent Flexibility,LV,0.0,8,0.0,0.0,0.0,N,Y,07/2014,Analyst
43-4011.00,1.A.3.c.2,Dynamic Flexibility,IM,1.0,8,0.0,1.0,1.0,N,,07/2014,Analyst
43-4011.00,1.A.3.c.2,Dynamic Flexibility,LV,0.0,8,0.0,0.0,0.0,N,Y,07/2014,Analyst
43-4011.00,1.A.3.c.3,Gross Body Coordination,IM,1.0,8,0.0,1.0,1.0,N,,07/2014,Analyst
43-4011.00,1.A.3.c.3,Gross Body Coordination,LV,0.0,8,0.0,0.0,0.0,N,Y,07/2014,Analyst
43-4011.00,1.A.3.c.4,Gross Body Equilibrium,IM,1.0,8,0.0,1.0,1.0,N,,07/2014,Analyst
43-4011.00,1.A.3.c.4,Gross Body Equilibrium,LV,0.0,8,0.0,0.0,0.0,N,Y,07/2014,Analyst
43-4011.00,1.A.4.a.1,Near Vision,IM,3.75,8,0.1637,3.4292,4.0708,N,,07/2014,Analyst
43-4011.00,1.A.4.a.1,Near Vision,LV,3.88,8,0.125,3.63,4.12,N,N,07/2014,Analyst
43-4011.00,1.A.4.a.2,Far Vision,IM,2.62,8,0.183,2.2664,2.9836,N,,07/2014,Analyst
43-4011.00,1.A.4.a.2,Far Vision,LV,2.75,8,0.1637,2.4292,3.0708,N,N,07/2014,Analyst
43-4011.00,1.A.4.a.3,Visual Color Discrimination,IM,2.0,8,0.0,2.0,2.0,N,,07/2014,Analyst
43-4011.00,1.A.4.a.3,Visual Color Discrimination,LV,1.88,8,0.125,1.63,2.12,N,N,07/2014,Analyst
43-4011.00,1.A.4.a.4,Night Vision,IM,1.0,8,0.0,1.0,1.0,N,,07/2014,Analyst
43-4011.00,1.A.4.a.4,Night Vision,LV,0.0,8,0.0,0.0,0.0,N,Y,07/2014,Analyst
43-4011.00,1.A.4.a.5,Peripheral Vision,IM,1.0,8,0.0,1.0,1.0,N,,07/2014,Analyst
43-4011.00,1.A.4.a.5,Peripheral Vision,LV,0.0,8,0.0,0.0,0.0,N,Y,07/2014,Analyst
43-4011.00,1.A.4.a.6,Depth Perception,IM,1.62,8,0.183,1.2664,1.9836,N,,07/2014,Analyst
43-4011.00,1.A.4.a.6,Depth Perception,LV,0.62,8,0.183,0.2664,0.9836,N,N,07/2014,Analyst
43-4011.00,1.A.4.a.7,Glare Sensitivity,IM,1.0,8,0.0,1.0,1.0,N,,07/2014,Analyst
43-4011.00,1.A.4.a.7,Glare Sensitivity,LV,0.0,8,0.0,0.0,0.0,N,Y,07/2014,Analyst
43-4011.00,1.A.4.b.1,Hearing Sensitivity,IM,2.0,8,0.0,2.0,2.0,N,,07/2014,Analyst
43-4011.00,1.A.4.b.1,Hearing Sensitivity,LV,1.88,8,0.125,1.63,2.12,N,N,07/2014,Analyst
43-4011.00,1.A.4.b.2,Auditory Attention,IM,2.12,8,0.125,1.88,2.37,N,,07/2014,Analyst
43-4011.00,1.A.4.b.2,Auditory Attention,LV,2.0,8,0.0,2.0,2.0,N,N,07/2014,Analyst
43-4011.00,1.A.4.b.3,Sound Localization,IM,1.0,8,0.0,1.0,1.0,N,,07/2014,Analyst
43-4011.00,1.A.4.b.3,Sound Localization,LV,0.0,8,0.0,0.0,0.0,N,Y,07/2014,Analyst
43-4011.00,1.A.4.b.4,Speech Recognition,IM,3.62,8,0.183,3.2664,3.9836,N,,07/2014,Analyst
43-4011.00,1.A.4.b.4,Speech Recognition,LV,3.75,8,0.1637,3.4292,4.0708,N,N,07/2014,Analyst
43-4011.00,1.A.4.b.5,Speech Clarity,IM,3.62,8,0.183,3.2664,3.9836,N,,07/2014,Analyst
43-4011.00,1.A.4.b.5,Speech Clarity,LV,3.5,8,0.189,3.1296,3.8704,N,N,07/2014,Analyst
43-4021.00,1.A.1.a.1,Oral Comprehension,IM,3.75,8,0.1637,3.4292,4.0708,N,,08/2023,Analyst
43-4021.00,1.A.1.a.1,Oral Comprehension,LV,3.88,8,0.125,3.63,4.12,N,N,08/2023,Analyst
43-4021.00,1.A.1.a.2,Written Comprehension,IM,4.0,8,0.0,4.0,4.0,N,,08/2023,Analyst
43-4021.00,1.A.1.a.2,Written Comprehension,LV,4.0,8,0.0,4.0,4.0,N,N,08/2023,Analyst
43-4021.00,1.A.1.a.3,Oral Expression,IM,3.62,8,0.183,3.2664,3.9836,N,,08/2023,Analyst
43-4021.00,1.A.1.a.3,Oral Expression,LV,3.88,8,0.125,3.63,4.12,N,N,08/2023,Analyst
43-4021.00,1.A.1.a.4,Written Expression,IM,4.12,8,0.125,3.88,4.37,N,,08/2023,Analyst
43-4021.00,1.A.1.a.4,Written Expression,LV,4.0,8,0.0,4.0,4.0,N,N,08/2023,Analyst
43-4021.00,1.A.1.b.1,Fluency of Ideas,IM,3.0,8,0.0,3.0,3.0,N,,08/2023,Analyst
43-4021.00,1.A.1.b.1,Fluency of Ideas,LV,3.0,8,0.0,3.0,3.0,N,N,08/2023,Analyst
43-4021.00,1.A.1.b.2,Originality,IM,2.88,8,0.125,2.63,3.12,N,,08/2023,Analyst
43-4021.00,1.A.1.b.2,Originality,LV,2.75,8,0.1637,2.4292,3.0708,N,N,08/2023,Analyst
43-4021.00,1.A.1.b.3,Problem Sensitivity,IM,3.38,8,0.183,3.0164,3.7336,N,,08/2023,Analyst
43-4021.00,1.A.1.b.3,Problem Sensitivity,LV,3.0,8,0.0,3.0,3.0,N,N,08/2023,Analyst
43-4021.00,1.A.1.b.4,Deductive Reasoning,IM,3.25,8,0.1637,2.9292,3.5708,N,,08/2023,Analyst
43-4021.00,1.A.1.b.4,Deductive Reasoning,LV,3.0,8,0.0,3.0,3.0,N,N,08/2023,Analyst
43-4021.00,1.A.1.b.5,Inductive Reasoning,IM,3.12,8,0.125,2.88,3.37,N,,08/2023,Analyst
43-4021.00,1.A.1.b.5,Inductive Reasoning,LV,3.0,8,0.0,3.0,3.0,N,N,08/2023,Analyst
43-4021.00,1.A.1.b.6,Information Ordering,IM,3.25,8,0.1637,2.9292,3.5708,N,,08/2023,Analyst
43-4021.00,1.A.1.b.6,Information Ordering,LV,3.0,8,0.0,3.0,3.0,N,N,08/2023,Analyst
43-4021.00,1.A.1.b.7,Category Flexibility,IM,3.0,8,0.189,2.6296,3.3704,N,,08/2023,Analyst
43-4021.00,1.A.1.b.7,Category Flexibility,LV,3.0,8,0.0,3.0,3.0,N,N,08/2023,Analyst
43-4021.00,1.A.1.c.1,Mathematical Reasoning,IM,2.62,8,0.183,2.2664,2.9836,N,,08/2023,Analyst
43-4021.00,1.A.1.c.1,Mathematical Reasoning,LV,2.62,8,0.183,2.2664,2.9836,N,N,08/2023,Analyst
43-4021.00,1.A.1.c.2,Number Facility,IM,2.75,8,0.1637,2.4292,3.0708,N,,08/2023,Analyst
43-4021.00,1.A.1.c.2,Number Facility,LV,2.62,8,0.183,2.2664,2.9836,N,N,08/2023,Analyst
43-4021.00,1.A.1.d.1,Memorization,IM,2.12,8,0.125,1.88,2.37,N,,08/2023,Analyst
43-4021.00,1.A.1.d.1,Memorization,LV,2.0,8,0.0,2.0,2.0,N,N,08/2023,Analyst
43-4021.00,1.A.1.e.1,Speed of Closure,IM,2.62,8,0.183,2.2664,2.9836,N,,08/2023,Analyst
43-4021.00,1.A.1.e.1,Speed of Closure,LV,2.62,8,0.183,2.2664,2.9836,N,N,08/2023,Analyst
43-4021.00,1.A.1.e.2,Flexibility of Closure,IM,2.75,8,0.1637,2.4292,3.0708,N,,08/2023,Analyst
43-4021.00,1.A.1.e.2,Flexibility of Closure,LV,2.62,8,0.183,2.2664,2.9836,N,N,08/2023,Analyst
43-4021.00,1.A.1.e.3,Perceptual Speed,IM,2.5,8,0.189,2.1296,2.8704,N,,08/2023,Analyst
43-4021.00,1.A.1.e.3,Perceptual Speed,LV,2.12,8,0.125,1.88,2.37,N,N,08/2023,Analyst
43-4021.00,1.A.1.f.1,Spatial Orientation,IM,1.0,8,0.0,1.0,1.0,N,,08/2023,Analyst
43-4021.00,1.A.1.f.1,Spatial Orientation,LV,0.0,8,0.0,0.0,0.0,N,Y,08/2023,Analyst
43-4021.00,1.A.1.f.2,Visualization,IM,2.0,8,0.0,2.0,2.0,N,,08/2023,Analyst
43-4021.00,1.A.1.f.2,Visualization,LV,2.0,8,0.0,2.0,2.0,N,N,08/2023,Analyst
43-4021.00,1.A.1.g.1,Selective Attention,IM,3.0,8,0.0,3.0,3.0,N,,08/2023,Analyst
43-4021.00,1.A.1.g.1,Selective Attention,LV,3.0,8,0.0,3.0,3.0,N,N,08/2023,Analyst
43-4021.00,1.A.1.g.2,Time Sharing,IM,2.25,8,0.25,1.76,2.74,N,,08/2023,Analyst
43-4021.00,1.A.1.g.2,Time Sharing,LV,1.88,8,0.295,1.2967,2.4533,N,N,08/2023,Analyst
43-4021.00,1.A.2.a.1,Arm-Hand Steadiness,IM,1.12,8,0.125,1.0,1.37,N,,08/2023,Analyst
43-4021.00,1.A.2.a.1,Arm-Hand Steadiness,LV,0.12,8,0.125,0.0,0.37,N,Y,08/2023,Analyst
43-4021.00,1.A.2.a.2,Manual Dexterity,IM,1.12,8,0.125,1.0,1.37,N,,08/2023,Analyst
43-4021.00,1.A.2.a.2,Manual Dexterity,LV,0.12,8,0.125,0.0,0.37,N,Y,08/2023,Analyst
43-4021.00,1.A.2.a.3,Finger Dexterity,IM,1.75,8,0.1637,1.4292,2.0708,N,,08/2023,Analyst
43-4021.00,1.A.2.a.3,Finger Dexterity,LV,1.12,8,0.295,0.5467,1.7033,N,N,08/2023,Analyst
43-4021.00,1.A.2.b.1,Control Precision,IM,1.0,8,0.0,1.0,1.0,N,,08/2023,Analyst
43-4021.00,1.A.2.b.1,Control Precision,LV,0.0,8,0.0,0.0,0.0,N,Y,08/2023,Analyst
43-4021.00,1.A.2.b.2,Multilimb Coordination,IM,1.0,8,0.0,1.0,1.0,N,,08/2023,Analyst
43-4021.00,1.A.2.b.2,Multilimb Coordination,LV,0.0,8,0.0,0.0,0.0,N,Y,08/2023,Analyst
43-4021.00,1.A.2.b.3,Response Orientation,IM,1.0,8,0.0,1.0,1.0,N,,08/2023,Analyst
43-4021.00,1.A.2.b.3,Response Orientation,LV,0.0,8,0.0,0.0,0.0,N,Y,08/2023,Analyst
43-4021.00,1.A.2.b.4,Rate Control,IM,1.0,8,0.0,1.0,1.0,N,,08/2023,Analyst
43-4021.00,1.A.2.b.4,Rate Control,LV,0.0,8,0.0,0.0,0.0,N,Y,08/2023,Analyst
43-4021.00,1.A.2.c.1,Reaction Time,IM,1.0,8,0.0,1.0,1.0,N,,08/2023,Analyst
43-4021.00,1.A.2.c.1,Reaction Time,LV,0.0,8,0.0,0.0,0.0,N,Y,08/2023,Analyst
43-4021.00,1.A.2.c.2,Wrist-Finger Speed,IM,2.0,8,0.189,1.6296,2.3704,N,,08/2023,Analyst
43-4021.00,1.A.2.c.2,Wrist-Finger Speed,LV,1.62,8,0.2631,1.1094,2.1406,N,N,08/2023,Analyst
43-4021.00,1.A.2.c.3,Speed of Limb Movement,IM,1.0,8,0.0,1.0,1.0,N,,08/2023,Analyst
43-4021.00,1.A.2.c.3,Speed of Limb Movement,LV,0.0,8,0.0,0.0,0.0,N,Y,08/2023,Analyst
43-4021.00,1.A.3.a.1,Static Strength,IM,1.0,8,0.0,1.0,1.0,N,,08/2023,Analyst
43-4021.00,1.A.3.a.1,Static Strength,LV,0.0,8,0.0,0.0,0.0,N,Y,08/2023,Analyst
43-4021.00,1.A.3.a.2,Explosive Strength,IM,1.0,8,0.0,1.0,1.0,N,,08/2023,Analyst
43-4021.00,1.A.3.a.2,Explosive Strength,LV,0.0,8,0.0,0.0,0.0,N,Y,08/2023,Analyst
43-4021.00,1.A.3.a.3,Dynamic Strength,IM,1.12,8,0.125,1.0,1.37,N,,08/2023,Analyst
43-4021.00,1.A.3.a.3,Dynamic Strength,LV,0.12,8,0.125,0.0,0.37,N,Y,08/2023,Analyst
43-4021.00,1.A.3.a.4,Trunk Strength,IM,1.75,8,0.1637,1.4292,2.0708,N,,08/2023,Analyst
43-4021.00,1.A.3.a.4,Trunk Strength,LV,1.25,8,0.3134,0.6358,1.8642,N,N,08/2023,Analyst
43-4021.00,1.A.3.b.1,Stamina,IM,1.0,8,0.0,1.0,1.0,N,,08/2023,Analyst
43-4021.00,1.A.3.b.1,Stamina,LV,0.0,8,0.0,0.0,0.0,N,Y,08/2023,Analyst
43-4021.00,1.A.3.c.1,Extent Flexibility,IM,1.0,8,0.0,1.0,1.0,N,,08/2023,Analyst
43-4021.00,1.A.3.c.1,Extent Flexibility,LV,0.0,8,0.0,0.0,0.0,N,Y,08/2023,Analyst
43-4021.00,1.A.3.c.2,Dynamic Flexibility,IM,1.0,8,0.0,1.0,1.0,N,,08/2023,Analyst
43-4021.00,1.A.3.c.2,Dynamic Flexibility,LV,0.0,8,0.0,0.0,0.0,N,Y,08/2023,Analyst
43-4021.00,1.A.3.c.3,Gross Body Coordination,IM,1.0,8,0.0,1.0,1.0,N,,08/2023,Analyst
43-4021.00,1.A.3.c.3,Gross Body Coordination,LV,0.0,8,0.0,0.0,0.0,N,Y,08/2023,Analyst
43-4021.00,1.A.3.c.4,Gross Body Equilibrium,IM,1.0,8,0.0,1.0,1.0,N,,08/2023,Analyst
43-4021.00,1.A.3.c.4,Gross Body Equilibrium,LV,0.0,8,0.0,0.0,0.0,N,Y,08/2023,Analyst
43-4021.00,1.A.4.a.1,Near Vision,IM,3.62,8,0.183,3.2664,3.9836,N,,08/2023,Analyst
43-4021.00,1.A.4.a.1,Near Vision,LV,3.62,8,0.183,3.2664,3.9836,N,N,08/2023,Analyst
43-4021.00,1.A.4.a.2,Far Vision,IM,2.5,8,0.189,2.1296,2.8704,N,,08/2023,Analyst
43-4021.00,1.A.4.a.2,Far Vision,LV,2.25,8,0.1637,1.9292,2.5708,N,N,08/2023,Analyst
43-4021.00,1.A.4.a.3,Visual Color Discrimination,IM,1.75,8,0.1637,1.4292,2.0708,N,,08/2023,Analyst
43-4021.00,1.A.4.a.3,Visual Color Discrimination,LV,1.0,8,0.2673,0.4762,1.5238,N,N,08/2023,Analyst
43-4021.00,1.A.4.a.4,Night Vision,IM,1.0,8,0.0,1.0,1.0,N,,08/2023,Analyst
43-4021.00,1.A.4.a.4,Night Vision,LV,0.0,8,0.0,0.0,0.0,N,Y,08/2023,Analyst
43-4021.00,1.A.4.a.5,Peripheral Vision,IM,1.0,8,0.0,1.0,1.0,N,,08/2023,Analyst
43-4021.00,1.A.4.a.5,Peripheral Vision,LV,0.0,8,0.0,0.0,0.0,N,Y,08/2023,Analyst
43-4021.00,1.A.4.a.6,Depth Perception,IM,1.25,8,0.1637,1.0,1.5708,N,,08/2023,Analyst
43-4021.00,1.A.4.a.6,Depth Perception,LV,0.25,8,0.1637,0.0,0.5708,N,Y,08/2023,Analyst
43-4021.00,1.A.4.a.7,Glare Sensitivity,IM,1.0,8,0.0,1.0,1.0,N,,08/2023,Analyst
43-4021.00,1.A.4.a.7,Glare Sensitivity,LV,0.0,8,0.0,0.0,0.0,N,Y,08/2023,Analyst
43-4021.00,1.A.4.b.1,Hearing Sensitivity,IM,1.62,8,0.183,1.2664,1.9836,N,,08/2023,Analyst
43-4021.00,1.A.4.b.1,Hearing Sensitivity,LV,0.75,8,0.25,0.26,1.24,N,N,08/2023,Analyst
43-4021.00,1.A.4.b.2,Auditory Attention,IM,1.88,8,0.125,1.63,2.12,N,,08/2023,Analyst
43-4021.00,1.A.4.b.2,Auditory Attention,LV,1.5,8,0.2673,0.9762,2.0238,N,N,08/2023,Analyst
43-4021.00,1.A.4.b.3,Sound Localization,IM,1.0,8,0.0,1.0,1.0,N,,08/2023,Analyst
43-4021.00,1.A.4.b.3,Sound Localization,LV,0.0,8,0.0,0.0,0.0,N,Y,08/2023,Analyst
43-4021.00,1.A.4.b.4,Speech Recognition,IM,3.12,8,0.125,2.88,3.37,N,,08/2023,Analyst
43-4021.00,1.A.4.b.4,Speech Recognition,LV,3.0,8,0.0,3.0,3.0,N,N,08/2023,Analyst
43-4021.00,1.A.4.b.5,Speech Clarity,IM,3.38,8,0.183,3.0164,3.7336,N,,08/2023,Analyst
43-4021.00,1.A.4.b.5,Speech Clarity,LV,2.88,8,0.125,2.63,3.12,N,N,08/2023,Analyst
43-4031.00,1.A.1.a.1,Oral Comprehension,IM,3.88,8,0.125,3.63,4.12,N,,08/2022,Analyst
43-4031.00,1.A.1.a.1,Oral Comprehension,LV,3.62,8,0.183,3.2664,3.9836,N,N,08/2022,Analyst
43-4031.00,1.A.1.a.2,Written Comprehension,IM,3.5,8,0.189,3.1296,3.8704,N,,08/2022,Analyst
43-4031.00,1.A.1.a.2,Written Comprehension,LV,3.62,8,0.183,3.2664,3.9836,N,N,08/2022,Analyst
43-4031.00,1.A.1.a.3,Oral Expression,IM,3.75,8,0.1637,3.4292,4.0708,N,,08/2022,Analyst
43-4031.00,1.A.1.a.3,Oral Expression,LV,3.75,8,0.1637,3.4292,4.0708,N,N,08/2022,Analyst
43-4031.00,1.A.1.a.4,Written Expression,IM,3.38,8,0.183,3.0164,3.7336,N,,08/2022,Analyst
43-4031.00,1.A.1.a.4,Written Expression,LV,3.38,8,0.183,3.0164,3.7336,N,N,08/2022,Analyst
43-4031.00,1.A.1.b.1,Fluency of Ideas,IM,2.5,8,0.189,2.1296,2.8704,N,,08/2022,Analyst
43-4031.00,1.A.1.b.1,Fluency of Ideas,LV,2.5,8,0.189,2.1296,2.8704,N,N,08/2022,Analyst
43-4031.00,1.A.1.b.2,Originality,IM,2.25,8,0.1637,1.9292,2.5708,N,,08/2022,Analyst
43-4031.00,1.A.1.b.2,Originality,LV,2.0,8,0.189,1.6296,2.3704,N,N,08/2022,Analyst
43-4031.00,1.A.1.b.3,Problem Sensitivity,IM,3.38,8,0.183,3.0164,3.7336,N,,08/2022,Analyst
43-4031.00,1.A.1.b.3,Problem Sensitivity,LV,2.88,8,0.125,2.63,3.12,N,N,08/2022,Analyst
43-4031.00,1.A.1.b.4,Deductive Reasoning,IM,3.38,8,0.183,3.0164,3.7336,N,,08/2022,Analyst
43-4031.00,1.A.1.b.4,Deductive Reasoning,LV,3.12,8,0.125,2.88,3.37,N,N,08/2022,Analyst
43-4031.00,1.A.1.b.5,Inductive Reasoning,IM,3.25,8,0.1637,2.9292,3.5708,N,,08/2022,Analyst
43-4031.00,1.A.1.b.5,Inductive Reasoning,LV,3.12,8,0.125,2.88,3.37,N,N,08/2022,Analyst
43-4031.00,1.A.1.b.6,Information Ordering,IM,3.38,8,0.183,3.0164,3.7336,N,,08/2022,Analyst
43-4031.00,1.A.1.b.6,Information Ordering,LV,3.0,8,0.189,2.6296,3.3704,N,N,08/2022,Analyst
43-4031.00,1.A.1.b.7,Category Flexibility,IM,3.12,8,0.125,2.88,3.37,N,,08/2022,Analyst
43-4031.00,1.A.1.b.7,Category Flexibility,LV,2.75,8,0.1637,2.4292,3.0708,N,N,08/2022,Analyst
43-4031.00,1.A.1.c.1,Mathematical Reasoning,IM,2.5,8,0.2673,1.9762,3.0238,N,,08/2022,Analyst
43-4031.00,1.A.1.c.1,Mathematical Reasoning,LV,2.12,8,0.2266,1.6809,2.5691,N,N,08/2022,Analyst
43-4031.00,1.A.1.c.2,Number Facility,IM,2.5,8,0.2673,1.9762,3.0238,N,,08/2022,Analyst
43-4031.00,1.A.1.c.2,Number Facility,LV,2.12,8,0.2266,1.6809,2.5691,N,N,08/2022,Analyst
43-4031.00,1.A.1.d.1,Memorization,IM,2.5,8,0.189,2.1296,2.8704,N,,08/2022,Analyst
43-4031.00,1.A.1.d.1,Memorization,LV,2.5,8,0.189,2.1296,2.8704,N,N,08/2022,Analyst
43-4031.00,1.A.1.e.1,Speed of Closure,IM,2.38,8,0.183,2.0164,2.7336,N,,08/2022,Analyst
43-4031.00,1.A.1.e.1,Speed of Closure,LV,2.38,8,0.183,2.0164,2.7336,N,N,08/2022,Analyst
43-4031.00,1.A.1.e.2,Flexibility of Closure,IM,2.88,8,0.2266,2.4309,3.3191,N,,08/2022,Analyst
43-4031.00,1.A.1.e.2,Flexibility of Closure,LV,2.62,8,0.183,2.2664,2.9836,N,N,08/2022,Analyst
43-4031.00,1.A.1.e.3,Perceptual Speed,IM,2.38,8,0.183,2.0164,2.7336,N,,08/2022,Analyst
43-4031.00,1.A.1.e.3,Perceptual Speed,LV,2.12,8,0.125,1.88,2.37,N,N,08/2022,Analyst
43-4031.00,1.A.1.f.1,Spatial Orientation,IM,1.0,8,0.0,1.0,1.0,N,,08/2022,Analyst
43-4031.00,1.A.1.f.1,Spatial Orientation,LV,0.0,8,0.0,0.0,0.0,N,Y,08/2022,Analyst
43-4031.00,1.A.1.f.2,Visualization,IM,1.88,8,0.125,1.63,2.12,N,,08/2022,Analyst
43-4031.00,1.A.1.f.2,Visualization,LV,1.62,8,0.2631,1.1094,2.1406,N,N,08/2022,Analyst
43-4031.00,1.A.1.g.1,Selective Attention,IM,2.88,8,0.125,2.63,3.12,N,,08/2022,Analyst
43-4031.00,1.A.1.g.1,Selective Attention,LV,2.38,8,0.183,2.0164,2.7336,N,N,08/2022,Analyst
43-4031.00,1.A.1.g.2,Time Sharing,IM,2.5,8,0.189,2.1296,2.8704,N,,08/2022,Analyst
43-4031.00,1.A.1.g.2,Time Sharing,LV,2.38,8,0.183,2.0164,2.7336,N,N,08/2022,Analyst
43-4031.00,1.A.2.a.1,Arm-Hand Steadiness,IM,2.12,8,0.125,1.88,2.37,N,,08/2022,Analyst
43-4031.00,1.A.2.a.1,Arm-Hand Steadiness,LV,1.75,8,0.25,1.26,2.24,N,N,08/2022,Analyst
43-4031.00,1.A.2.a.2,Manual Dexterity,IM,2.12,8,0.2266,1.6809,2.5691,N,,08/2022,Analyst
43-4031.00,1.A.2.a.2,Manual Dexterity,LV,1.38,8,0.375,0.64,2.11,N,N,08/2022,Analyst
43-4031.00,1.A.2.a.3,Finger Dexterity,IM,2.12,8,0.2266,1.6809,2.5691,N,,08/2022,Analyst
43-4031.00,1.A.2.a.3,Finger Dexterity,LV,1.88,8,0.3504,1.1883,2.5617,N,N,08/2022,Analyst
43-4031.00,1.A.2.b.1,Control Precision,IM,1.88,8,0.125,1.63,2.12,N,,08/2022,Analyst
43-4031.00,1.A.2.b.1,Control Precision,LV,1.38,8,0.2631,0.8594,1.8906,N,N,08/2022,Analyst
43-4031.00,1.A.2.b.2,Multilimb Coordination,IM,1.0,8,0.0,1.0,1.0,N,,08/2022,Analyst
43-4031.00,1.A.2.b.2,Multilimb Coordination,LV,0.0,8,0.0,0.0,0.0,N,Y,08/2022,Analyst
43-4031.00,1.A.2.b.3,Response Orientation,IM,1.25,8,0.1637,1.0,1.5708,N,,08/2022,Analyst
43-4031.00,1.A.2.b.3,Response Orientation,LV,0.38,8,0.2631,0.0,0.8906,N,Y,08/2022,Analyst
43-4031.00,1.A.2.b.4,Rate Control,IM,1.0,8,0.0,1.0,1.0,N,,08/2022,Analyst
43-4031.00,1.A.2.b.4,Rate Control,LV,0.0,8,0.0,0.0,0.0,N,Y,08/2022,Analyst
43-4031.00,1.A.2.c.1,Reaction Time,IM,1.12,8,0.125,1.0,1.37,N,,08/2022,Analyst
43-4031.00,1.A.2.c.1,Reaction Time,LV,0.12,8,0.125,0.0,0.37,N,Y,08/2022,Analyst
43-4031.00,1.A.2.c.2,Wrist-Finger Speed,IM,2.75,8,0.3134,2.1358,3.3642,N,,08/2022,Analyst
43-4031.00,1.A.2.c.2,Wrist-Finger Speed,LV,2.25,8,0.491,1.2877,3.2123,N,N,08/2022,Analyst
43-4031.00,1.A.2.c.3,Speed of Limb Movement,IM,1.0,8,0.0,1.0,1.0,N,,08/2022,Analyst
43-4031.00,1.A.2.c.3,Speed of Limb Movement,LV,0.0,8,0.0,0.0,0.0,N,Y,08/2022,Analyst
43-4031.00,1.A.3.a.1,Static Strength,IM,1.0,8,0.0,1.0,1.0,N,,08/2022,Analyst
43-4031.00,1.A.3.a.1,Static Strength,LV,0.0,8,0.0,0.0,0.0,N,Y,08/2022,Analyst
43-4031.00,1.A.3.a.2,Explosive Strength,IM,1.0,8,0.0,1.0,1.0,N,,08/2022,Analyst
43-4031.00,1.A.3.a.2,Explosive Strength,LV,0.0,8,0.0,0.0,0.0,N,Y,08/2022,Analyst
43-4031.00,1.A.3.a.3,Dynamic Strength,IM,1.75,8,0.1637,1.4292,2.0708,N,,08/2022,Analyst
43-4031.00,1.A.3.a.3,Dynamic Strength,LV,0.88,8,0.2266,0.4309,1.3191,N,N,08/2022,Analyst
43-4031.00,1.A.3.a.4,Trunk Strength,IM,2.25,8,0.1637,1.9292,2.5708,N,,08/2022,Analyst
43-4031.00,1.A.3.a.4,Trunk Strength,LV,1.75,8,0.1637,1.4292,2.0708,N,N,08/2022,Analyst
43-4031.00,1.A.3.b.1,Stamina,IM,1.0,8,0.0,1.0,1.0,N,,08/2022,Analyst
43-4031.00,1.A.3.b.1,Stamina,LV,0.0,8,0.0,0.0,0.0,N,Y,08/2022,Analyst
43-4031.00,1.A.3.c.1,Extent Flexibility,IM,1.0,8,0.0,1.0,1.0,N,,08/2022,Analyst
43-4031.00,1.A.3.c.1,Extent Flexibility,LV,0.0,8,0.0,0.0,0.0,N,Y,08/2022,Analyst
43-4031.00,1.A.3.c.2,Dynamic Flexibility,IM,1.0,8,0.0,1.0,1.0,N,,08/2022,Analyst
43-4031.00,1.A.3.c.2,Dynamic Flexibility,LV,0.0,8,0.0,0.0,0.0,N,Y,08/2022,Analyst
43-4031.00,1.A.3.c.3,Gross Body Coordination,IM,1.0,8,0.0,1.0,1.0,N,,08/2022,Analyst
43-4031.00,1.A.3.c.3,Gross Body Coordination,LV,0.0,8,0.0,0.0,0.0,N,Y,08/2022,Analyst
43-4031.00,1.A.3.c.4,Gross Body Equilibrium,IM,1.0,8,0.0,1.0,1.0,N,,08/2022,Analyst
43-4031.00,1.A.3.c.4,Gross Body Equilibrium,LV,0.0,8,0.0,0.0,0.0,N,Y,08/2022,Analyst
43-4031.00,1.A.4.a.1,Near Vision,IM,3.62,8,0.183,3.2664,3.9836,N,,08/2022,Analyst
43-4031.00,1.A.4.a.1,Near Vision,LV,3.88,8,0.2266,3.4309,4.3191,N,N,08/2022,Analyst
43-4031.00,1.A.4.a.2,Far Vision,IM,2.5,8,0.189,2.1296,2.8704,N,,08/2022,Analyst
43-4031.00,1.A.4.a.2,Far Vision,LV,2.25,8,0.3134,1.6358,2.8642,N,N,08/2022,Analyst
43-4031.00,1.A.4.a.3,Visual Color Discrimination,IM,1.88,8,0.2266,1.4309,2.3191,N,,08/2022,Analyst
43-4031.00,1.A.4.a.3,Visual Color Discrimination,LV,1.12,8,0.295,0.5467,1.7033,N,N,08/2022,Analyst
43-4031.00,1.A.4.a.4,Night Vision,IM,1.0,8,0.0,1.0,1.0,N,,08/2022,Analyst
43-4031.00,1.A.4.a.4,Night Vision,LV,0.0,8,0.0,0.0,0.0,N,Y,08/2022,Analyst
43-4031.00,1.A.4.a.5,Peripheral Vision,IM,1.0,8,0.0,1.0,1.0,N,,08/2022,Analyst
43-4031.00,1.A.4.a.5,Peripheral Vision,LV,0.0,8,0.0,0.0,0.0,N,Y,08/2022,Analyst
43-4031.00,1.A.4.a.6,Depth Perception,IM,1.0,8,0.0,1.0,1.0,N,,08/2022,Analyst
43-4031.00,1.A.4.a.6,Depth Perception,LV,0.0,8,0.0,0.0,0.0,N,Y,08/2022,Analyst
43-4031.00,1.A.4.a.7,Glare Sensitivity,IM,1.0,8,0.0,1.0,1.0,N,,08/2022,Analyst
43-4031.00,1.A.4.a.7,Glare Sensitivity,LV,0.0,8,0.0,0.0,0.0,N,Y,08/2022,Analyst
43-4031.00,1.A.4.b.1,Hearing Sensitivity,IM,1.88,8,0.125,1.63,2.12,N,,08/2022,Analyst
43-4031.00,1.A.4.b.1,Hearing Sensitivity,LV,1.62,8,0.2631,1.1094,2.1406,N,N,08/2022,Analyst
43-4031.00,1.A.4.b.2,Auditory Attention,IM,2.0,8,0.189,1.6296,2.3704,N,,08/2022,Analyst
43-4031.00,1.A.4.b.2,Auditory Attention,LV,1.62,8,0.2631,1.1094,2.1406,N,N,08/2022,Analyst
43-4031.00,1.A.4.b.3,Sound Localization,IM,1.0,8,0.0,1.0,1.0,N,,08/2022,Analyst
43-4031.00,1.A.4.b.3,Sound Localization,LV,0.0,8,0.0,0.0,0.0,N,Y,08/2022,Analyst
43-4031.00,1.A.4.b.4,Speech Recognition,IM,3.5,8,0.189,3.1296,3.8704,N,,08/2022,Analyst
43-4031.00,1.A.4.b.4,Speech Recognition,LV,3.38,8,0.3239,2.7402,4.0098,N,N,08/2022,Analyst
43-4031.00,1.A.4.b.5,Speech Clarity,IM,3.38,8,0.183,3.0164,3.7336,N,,08/2022,Analyst
43-4031.00,1.A.4.b.5,Speech Clarity,LV,3.12,8,0.125,2.88,3.37,N,N,08/2022,Analyst
43-4041.00,1.A.1.a.1,Oral Comprehension,IM,3.62,8,0.183,3.2664,3.9836,N,,08/2024,Analyst
43-4041.00,1.A.1.a.1,Oral Comprehension,LV,3.75,8,0.1637,3.4292,4.0708,N,N,08/2024,Analyst
43-4041.00,1.A.1.a.2,Written Comprehension,IM,3.5,8,0.189,3.1296,3.8704,N,,08/2024,Analyst
43-4041.00,1.A.1.a.2,Written Comprehension,LV,3.5,8,0.189,3.1296,3.8704,N,N,08/2024,Analyst
43-4041.00,1.A.1.a.3,Oral Expression,IM,3.5,8,0.189,3.1296,3.8704,N,,08/2024,Analyst
43-4041.00,1.A.1.a.3,Oral Expression,LV,3.62,8,0.183,3.2664,3.9836,N,N,08/2024,Analyst
43-4041.00,1.A.1.a.4,Written Expression,IM,3.12,8,0.125,2.88,3.37,N,,08/2024,Analyst
43-4041.00,1.A.1.a.4,Written Expression,LV,3.25,8,0.1637,2.9292,3.5708,N,N,08/2024,Analyst
43-4041.00,1.A.1.b.1,Fluency of Ideas,IM,2.25,8,0.25,1.76,2.74,N,,08/2024,Analyst
43-4041.00,1.A.1.b.1,Fluency of Ideas,LV,2.25,8,0.366,1.5327,2.9673,N,N,08/2024,Analyst
43-4041.00,1.A.1.b.2,Originality,IM,2.12,8,0.2266,1.6809,2.5691,N,,08/2024,Analyst
43-4041.00,1.A.1.b.2,Originality,LV,2.12,8,0.3504,1.4383,2.8117,N,N,08/2024,Analyst
43-4041.00,1.A.1.b.3,Problem Sensitivity,IM,3.5,8,0.189,3.1296,3.8704,N,,08/2024,Analyst
43-4041.00,1.A.1.b.3,Problem Sensitivity,LV,3.0,8,0.0,3.0,3.0,N,N,08/2024,Analyst
43-4041.00,1.A.1.b.4,Deductive Reasoning,IM,3.25,8,0.1637,2.9292,3.5708,N,,08/2024,Analyst
43-4041.00,1.A.1.b.4,Deductive Reasoning,LV,3.12,8,0.125,2.88,3.37,N,N,08/2024,Analyst
43-4041.00,1.A.1.b.5,Inductive Reasoning,IM,3.25,8,0.25,2.76,3.74,N,,08/2024,Analyst
43-4041.00,1.A.1.b.5,Inductive Reasoning,LV,3.12,8,0.125,2.88,3.37,N,N,08/2024,Analyst
43-4041.00,1.A.1.b.6,Information Ordering,IM,3.0,8,0.189,2.6296,3.3704,N,,08/2024,Analyst
43-4041.00,1.A.1.b.6,Information Ordering,LV,3.12,8,0.125,2.88,3.37,N,N,08/2024,Analyst
43-4041.00,1.A.1.b.7,Category Flexibility,IM,2.75,8,0.25,2.26,3.24,N,,08/2024,Analyst
43-4041.00,1.A.1.b.7,Category Flexibility,LV,2.88,8,0.125,2.63,3.12,N,N,08/2024,Analyst
43-4041.00,1.A.1.c.1,Mathematical Reasoning,IM,2.62,8,0.2631,2.1094,3.1406,N,,08/2024,Analyst
43-4041.00,1.A.1.c.1,Mathematical Reasoning,LV,2.5,8,0.189,2.1296,2.8704,N,N,08/2024,Analyst
43-4041.00,1.A.1.c.2,Number Facility,IM,2.62,8,0.2631,2.1094,3.1406,N,,08/2024,Analyst
43-4041.00,1.A.1.c.2,Number Facility,LV,2.5,8,0.2673,1.9762,3.0238,N,N,08/2024,Analyst
43-4041.00,1.A.1.d.1,Memorization,IM,2.12,8,0.125,1.88,2.37,N,,08/2024,Analyst
43-4041.00,1.A.1.d.1,Memorization,LV,2.25,8,0.25,1.76,2.74,N,N,08/2024,Analyst
43-4041.00,1.A.1.e.1,Speed of Closure,IM,2.5,8,0.189,2.1296,2.8704,N,,08/2024,Analyst
43-4041.00,1.A.1.e.1,Speed of Closure,LV,2.25,8,0.25,1.76,2.74,N,N,08/2024,Analyst
43-4041.00,1.A.1.e.2,Flexibility of Closure,IM,2.75,8,0.25,2.26,3.24,N,,08/2024,Analyst
43-4041.00,1.A.1.e.2,Flexibility of Closure,LV,2.88,8,0.2266,2.4309,3.3191,N,N,08/2024,Analyst
43-4041.00,1.A.1.e.3,Perceptual Speed,IM,2.38,8,0.183,2.0164,2.7336,N,,08/2024,Analyst
43-4041.00,1.A.1.e.3,Perceptual Speed,LV,2.12,8,0.2266,1.6809,2.5691,N,N,08/2024,Analyst
43-4041.00,1.A.1.f.1,Spatial Orientation,IM,1.12,8,0.125,1.0,1.37,N,,08/2024,Analyst
43-4041.00,1.A.1.f.1,Spatial Orientation,LV,0.12,8,0.125,0.0,0.37,N,Y,08/2024,Analyst
43-4041.00,1.A.1.f.2,Visualization,IM,1.88,8,0.125,1.63,2.12,N,,08/2024,Analyst
43-4041.00,1.A.1.f.2,Visualization,LV,1.62,8,0.2631,1.1094,2.1406,N,N,08/2024,Analyst
43-4041.00,1.A.1.g.1,Selective Attention,IM,2.62,8,0.183,2.2664,2.9836,N,,08/2024,Analyst
43-4041.00,1.A.1.g.1,Selective Attention,LV,2.5,8,0.189,2.1296,2.8704,N,N,08/2024,Analyst
43-4041.00,1.A.1.g.2,Time Sharing,IM,2.25,8,0.1637,1.9292,2.5708,N,,08/2024,Analyst
43-4041.00,1.A.1.g.2,Time Sharing,LV,2.0,8,0.0,2.0,2.0,N,N,08/2024,Analyst
43-4041.00,1.A.2.a.1,Arm-Hand Steadiness,IM,1.12,8,0.125,1.0,1.37,N,,08/2024,Analyst
43-4041.00,1.A.2.a.1,Arm-Hand Steadiness,LV,0.25,8,0.25,0.0,0.74,N,Y,08/2024,Analyst
43-4041.00,1.A.2.a.2,Manual Dexterity,IM,1.25,8,0.1637,1.0,1.5708,N,,08/2024,Analyst
43-4041.00,1.A.2.a.2,Manual Dexterity,LV,0.38,8,0.2631,0.0,0.8906,N,Y,08/2024,Analyst
43-4041.00,1.A.2.a.3,Finger Dexterity,IM,1.12,8,0.125,1.0,1.37,N,,08/2024,Analyst
43-4041.00,1.A.2.a.3,Finger Dexterity,LV,0.25,8,0.25,0.0,0.74,N,Y,08/2024,Analyst
43-4041.00,1.A.2.b.1,Control Precision,IM,1.0,8,0.0,1.0,1.0,N,,08/2024,Analyst
43-4041.00,1.A.2.b.1,Control Precision,LV,0.0,8,0.0,0.0,0.0,N,Y,08/2024,Analyst
43-4041.00,1.A.2.b.2,Multilimb Coordination,IM,1.0,8,0.0,1.0,1.0,N,,08/2024,Analyst
43-4041.00,1.A.2.b.2,Multilimb Coordination,LV,0.0,8,0.0,0.0,0.0,N,Y,08/2024,Analyst
43-4041.00,1.A.2.b.3,Response Orientation,IM,1.0,8,0.0,1.0,1.0,N,,08/2024,Analyst
43-4041.00,1.A.2.b.3,Response Orientation,LV,0.0,8,0.0,0.0,0.0,N,Y,08/2024,Analyst
43-4041.00,1.A.2.b.4,Rate Control,IM,1.0,8,0.0,1.0,1.0,N,,08/2024,Analyst
43-4041.00,1.A.2.b.4,Rate Control,LV,0.0,8,0.0,0.0,0.0,N,Y,08/2024,Analyst
43-4041.00,1.A.2.c.1,Reaction Time,IM,1.0,8,0.0,1.0,1.0,N,,08/2024,Analyst
43-4041.00,1.A.2.c.1,Reaction Time,LV,0.0,8,0.0,0.0,0.0,N,Y,08/2024,Analyst
43-4041.00,1.A.2.c.2,Wrist-Finger Speed,IM,2.12,8,0.2266,1.6809,2.5691,N,,08/2024,Analyst
43-4041.00,1.A.2.c.2,Wrist-Finger Speed,LV,1.38,8,0.2631,0.8594,1.8906,N,N,08/2024,Analyst
43-4041.00,1.A.2.c.3,Speed of Limb Movement,IM,1.0,8,0.0,1.0,1.0,N,,08/2024,Analyst
43-4041.00,1.A.2.c.3,Speed of Limb Movement,LV,0.0,8,0.0,0.0,0.0,N,Y,08/2024,Analyst
43-4041.00,1.A.3.a.1,Static Strength,IM,1.0,8,0.0,1.0,1.0,N,,08/2024,Analyst
43-4041.00,1.A.3.a.1,Static Strength,LV,0.0,8,0.0,0.0,0.0,N,Y,08/2024,Analyst
43-4041.00,1.A.3.a.2,Explosive Strength,IM,1.0,8,0.0,1.0,1.0,N,,08/2024,Analyst
43-4041.00,1.A.3.a.2,Explosive Strength,LV,0.0,8,0.0,0.0,0.0,N,Y,08/2024,Analyst
43-4041.00,1.A.3.a.3,Dynamic Strength,IM,1.75,8,0.1637,1.4292,2.0708,N,,08/2024,Analyst
43-4041.00,1.A.3.a.3,Dynamic Strength,LV,0.75,8,0.1637,0.4292,1.0708,N,N,08/2024,Analyst
43-4041.00,1.A.3.a.4,Trunk Strength,IM,2.12,8,0.125,1.88,2.37,N,,08/2024,Analyst
43-4041.00,1.A.3.a.4,Trunk Strength,LV,1.62,8,0.183,1.2664,1.9836,N,N,08/2024,Analyst
43-4041.00,1.A.3.b.1,Stamina,IM,1.0,8,0.0,1.0,1.0,N,,08/2024,Analyst
43-4041.00,1.A.3.b.1,Stamina,LV,0.0,8,0.0,0.0,0.0,N,Y,08/2024,Analyst
43-4041.00,1.A.3.c.1,Extent Flexibility,IM,1.0,8,0.0,1.0,1.0,N,,08/2024,Analyst
43-4041.00,1.A.3.c.1,Extent Flexibility,LV,0.0,8,0.0,0.0,0.0,N,Y,08/2024,Analyst
43-4041.00,1.A.3.c.2,Dynamic Flexibility,IM,1.0,8,0.0,1.0,1.0,N,,08/2024,Analyst
43-4041.00,1.A.3.c.2,Dynamic Flexibility,LV,0.0,8,0.0,0.0,0.0,N,Y,08/2024,Analyst
43-4041.00,1.A.3.c.3,Gross Body Coordination,IM,1.0,8,0.0,1.0,1.0,N,,08/2024,Analyst
43-4041.00,1.A.3.c.3,Gross Body Coordination,LV,0.0,8,0.0,0.0,0.0,N,Y,08/2024,Analyst
43-4041.00,1.A.3.c.4,Gross Body Equilibrium,IM,1.0,8,0.0,1.0,1.0,N,,08/2024,Analyst
43-4041.00,1.A.3.c.4,Gross Body Equilibrium,LV,0.0,8,0.0,0.0,0.0,N,Y,08/2024,Analyst
43-4041.00,1.A.4.a.1,Near Vision,IM,3.5,8,0.189,3.1296,3.8704,N,,08/2024,Analyst
43-4041.00,1.A.4.a.1,Near Vision,LV,3.62,8,0.183,3.2664,3.9836,N,N,08/2024,Analyst
43-4041.00,1.A.4.a.2,Far Vision,IM,2.12,8,0.2266,1.6809,2.5691,N,,08/2024,Analyst
43-4041.00,1.A.4.a.2,Far Vision,LV,2.0,8,0.3273,1.3584,2.6416,N,N,08/2024,Analyst
43-4041.00,1.A.4.a.3,Visual Color Discrimination,IM,1.62,8,0.183,1.2664,1.9836,N,,08/2024,Analyst
43-4041.00,1.A.4.a.3,Visual Color Discrimination,LV,1.0,8,0.3273,0.3584,1.6416,N,N,08/2024,Analyst
43-4041.00,1.A.4.a.4,Night Vision,IM,1.0,8,0.0,1.0,1.0,N,,08/2024,Analyst
43-4041.00,1.A.4.a.4,Night Vision,LV,0.0,8,0.0,0.0,0.0,N,Y,08/2024,Analyst
43-4041.00,1.A.4.a.5,Peripheral Vision,IM,1.0,8,0.0,1.0,1.0,N,,08/2024,Analyst
43-4041.00,1.A.4.a.5,Peripheral Vision,LV,0.0,8,0.0,0.0,0.0,N,Y,08/2024,Analyst
43-4041.00,1.A.4.a.6,Depth Perception,IM,1.5,8,0.189,1.1296,1.8704,N,,08/2024,Analyst
43-4041.00,1.A.4.a.6,Depth Perception,LV,0.5,8,0.189,0.1296,0.8704,N,N,08/2024,Analyst
43-4041.00,1.A.4.a.7,Glare Sensitivity,IM,1.75,8,0.1637,1.4292,2.0708,N,,08/2024,Analyst
43-4041.00,1.A.4.a.7,Glare Sensitivity,LV,0.88,8,0.2266,0.4309,1.3191,N,N,08/2024,Analyst
43-4041.00,1.A.4.b.1,Hearing Sensitivity,IM,1.62,8,0.183,1.2664,1.9836,N,,08/2024,Analyst
43-4041.00,1.A.4.b.1,Hearing Sensitivity,LV,0.88,8,0.295,0.2967,1.4533,N,N,08/2024,Analyst
43-4041.00,1.A.4.b.2,Auditory Attention,IM,2.12,8,0.125,1.88,2.37,N,,08/2024,Analyst
43-4041.00,1.A.4.b.2,Auditory Attention,LV,1.38,8,0.183,1.0164,1.7336,N,N,08/2024,Analyst
43-4041.00,1.A.4.b.3,Sound Localization,IM,1.0,8,0.0,1.0,1.0,N,,08/2024,Analyst
43-4041.00,1.A.4.b.3,Sound Localization,LV,0.0,8,0.0,0.0,0.0,N,Y,08/2024,Analyst
43-4041.00,1.A.4.b.4,Speech Recognition,IM,3.25,8,0.25,2.76,3.74,N,,08/2024,Analyst
43-4041.00,1.A.4.b.4,Speech Recognition,LV,3.0,8,0.189,2.6296,3.3704,N,N,08/2024,Analyst
43-4041.00,1.A.4.b.5,Speech Clarity,IM,3.25,8,0.25,2.76,3.74,N,,08/2024,Analyst
43-4041.00,1.A.4.b.5,Speech Clarity,LV,2.88,8,0.125,2.63,3.12,N,N,08/2024,Analyst
43-4051.00,1.A.1.a.1,Oral Comprehension,IM,4.12,8,0.125,3.88,4.37,N,,08/2022,Analyst
43-4051.00,1.A.1.a.1,Oral Comprehension,LV,3.75,8,0.1637,3.4292,4.0708,N,N,08/2022,Analyst
43-4051.00,1.A.1.a.2,Written Comprehension,IM,3.38,8,0.183,3.0164,3.7336,N,,08/2022,Analyst
43-4051.00,1.A.1.a.2,Written Comprehension,LV,3.12,8,0.125,2.88,3.37,N,N,08/2022,Analyst
43-4051.00,1.A.1.a.3,Oral Expression,IM,4.12,8,0.125,3.88,4.37,N,,08/2022,Analyst
43-4051.00,1.A.1.a.3,Oral Expression,LV,3.88,8,0.125,3.63,4.12,N,N,08/2022,Analyst
43-4051.00,1.A.1.a.4,Written Expression,IM,3.62,8,0.183,3.2664,3.9836,N,,08/2022,Analyst
43-4051.00,1.A.1.a.4,Written Expression,LV,3.12,8,0.125,2.88,3.37,N,N,08/2022,Analyst
43-4051.00,1.A.1.b.1,Fluency of Ideas,IM,2.75,8,0.1637,2.4292,3.0708,N,,08/2022,Analyst
43-4051.00,1.A.1.b.1,Fluency of Ideas,LV,2.62,8,0.183,2.2664,2.9836,N,N,08/2022,Analyst
43-4051.00,1.A.1.b.2,Originality,IM,2.75,8,0.1637,2.4292,3.0708,N,,08/2022,Analyst
43-4051.00,1.A.1.b.2,Originality,LV,2.62,8,0.183,2.2664,2.9836,N,N,08/2022,Analyst
43-4051.00,1.A.1.b.3,Problem Sensitivity,IM,3.88,8,0.125,3.63,4.12,N,,08/2022,Analyst
43-4051.00,1.A.1.b.3,Problem Sensitivity,LV,3.25,8,0.1637,2.9292,3.5708,N,N,08/2022,Analyst
43-4051.00,1.A.1.b.4,Deductive Reasoning,IM,3.25,8,0.1637,2.9292,3.5708,N,,08/2022,Analyst
43-4051.00,1.A.1.b.4,Deductive Reasoning,LV,3.12,8,0.125,2.88,3.37,N,N,08/2022,Analyst
43-4051.00,1.A.1.b.5,Inductive Reasoning,IM,3.12,8,0.125,2.88,3.37,N,,08/2022,Analyst
43-4051.00,1.A.1.b.5,Inductive Reasoning,LV,3.12,8,0.125,2.88,3.37,N,N,08/2022,Analyst
43-4051.00,1.A.1.b.6,Information Ordering,IM,3.12,8,0.125,2.88,3.37,N,,08/2022,Analyst
43-4051.00,1.A.1.b.6,Information Ordering,LV,3.0,8,0.0,3.0,3.0,N,N,08/2022,Analyst
43-4051.00,1.A.1.b.7,Category Flexibility,IM,2.75,8,0.1637,2.4292,3.0708,N,,08/2022,Analyst
43-4051.00,1.A.1.b.7,Category Flexibility,LV,2.88,8,0.125,2.63,3.12,N,N,08/2022,Analyst
43-4051.00,1.A.1.c.1,Mathematical Reasoning,IM,2.75,8,0.1637,2.4292,3.0708,N,,08/2022,Analyst
43-4051.00,1.A.1.c.1,Mathematical Reasoning,LV,2.12,8,0.125,1.88,2.37,N,N,08/2022,Analyst
43-4051.00,1.A.1.c.2,Number Facility,IM,2.38,8,0.183,2.0164,2.7336,N,,08/2022,Analyst
43-4051.00,1.A.1.c.2,Number Facility,LV,2.25,8,0.1637,1.9292,2.5708,N,N,08/2022,Analyst
43-4051.00,1.A.1.d.1,Memorization,IM,2.5,8,0.189,2.1296,2.8704,N,,08/2022,Analyst
43-4051.00,1.A.1.d.1,Memorization,LV,2.12,8,0.125,1.88,2.37,N,N,08/2022,Analyst
43-4051.00,1.A.1.e.1,Speed of Closure,IM,2.38,8,0.183,2.0164,2.7336,N,,08/2022,Analyst
43-4051.00,1.A.1.e.1,Speed of Closure,LV,2.12,8,0.125,1.88,2.37,N,N,08/2022,Analyst
43-4051.00,1.A.1.e.2,Flexibility of Closure,IM,2.75,8,0.1637,2.4292,3.0708,N,,08/2022,Analyst
43-4051.00,1.A.1.e.2,Flexibility of Closure,LV,2.88,8,0.125,2.63,3.12,N,N,08/2022,Analyst
43-4051.00,1.A.1.e.3,Perceptual Speed,IM,2.38,8,0.183,2.0164,2.7336,N,,08/2022,Analyst
43-4051.00,1.A.1.e.3,Perceptual Speed,LV,2.38,8,0.2631,1.8594,2.8906,N,N,08/2022,Analyst
43-4051.00,1.A.1.f.1,Spatial Orientation,IM,1.0,8,0.0,1.0,1.0,N,,08/2022,Analyst
43-4051.00,1.A.1.f.1,Spatial Orientation,LV,0.0,8,0.0,0.0,0.0,N,Y,08/2022,Analyst
43-4051.00,1.A.1.f.2,Visualization,IM,2.12,8,0.125,1.88,2.37,N,,08/2022,Analyst
43-4051.00,1.A.1.f.2,Visualization,LV,2.12,8,0.125,1.88,2.37,N,N,08/2022,Analyst
43-4051.00,1.A.1.g.1,Selective Attention,IM,2.88,8,0.125,2.63,3.12,N,,08/2022,Analyst
43-4051.00,1.A.1.g.1,Selective Attention,LV,2.88,8,0.2266,2.4309,3.3191,N,N,08/2022,Analyst
43-4051.00,1.A.1.g.2,Time Sharing,IM,2.25,8,0.1637,1.9292,2.5708,N,,08/2022,Analyst
43-4051.00,1.A.1.g.2,Time Sharing,LV,2.12,8,0.125,1.88,2.37,N,N,08/2022,Analyst
43-4051.00,1.A.2.a.1,Arm-Hand Steadiness,IM,2.0,8,0.0,2.0,2.0,N,,08/2022,Analyst
43-4051.00,1.A.2.a.1,Arm-Hand Steadiness,LV,1.62,8,0.183,1.2664,1.9836,N,N,08/2022,Analyst
43-4051.00,1.A.2.a.2,Manual Dexterity,IM,2.0,8,0.0,2.0,2.0,N,,08/2022,Analyst
43-4051.00,1.A.2.a.2,Manual Dexterity,LV,1.38,8,0.183,1.0164,1.7336,N,N,08/2022,Analyst
43-4051.00,1.A.2.a.3,Finger Dexterity,IM,2.38,8,0.183,2.0164,2.7336,N,,08/2022,Analyst
43-4051.00,1.A.2.a.3,Finger Dexterity,LV,2.12,8,0.125,1.88,2.37,N,N,08/2022,Analyst
43-4051.00,1.A.2.b.1,Control Precision,IM,1.88,8,0.125,1.63,2.12,N,,08/2022,Analyst
43-4051.00,1.A.2.b.1,Control Precision,LV,1.0,8,0.189,0.6296,1.3704,N,N,08/2022,Analyst
43-4051.00,1.A.2.b.2,Multilimb Coordination,IM,1.25,8,0.1637,1.0,1.5708,N,,08/2022,Analyst
43-4051.00,1.A.2.b.2,Multilimb Coordination,LV,0.25,8,0.1637,0.0,0.5708,N,Y,08/2022,Analyst
43-4051.00,1.A.2.b.3,Response Orientation,IM,1.0,8,0.0,1.0,1.0,N,,08/2022,Analyst
43-4051.00,1.A.2.b.3,Response Orientation,LV,0.0,8,0.0,0.0,0.0,N,Y,08/2022,Analyst
43-4051.00,1.A.2.b.4,Rate Control,IM,1.0,8,0.0,1.0,1.0,N,,08/2022,Analyst
43-4051.00,1.A.2.b.4,Rate Control,LV,0.0,8,0.0,0.0,0.0,N,Y,08/2022,Analyst
43-4051.00,1.A.2.c.1,Reaction Time,IM,1.0,8,0.0,1.0,1.0,N,,08/2022,Analyst
43-4051.00,1.A.2.c.1,Reaction Time,LV,0.0,8,0.0,0.0,0.0,N,Y,08/2022,Analyst
43-4051.00,1.A.2.c.2,Wrist-Finger Speed,IM,1.5,8,0.2673,1.0,2.0238,N,,08/2022,Analyst
43-4051.00,1.A.2.c.2,Wrist-Finger Speed,LV,0.62,8,0.3239,0.0,1.2598,N,N,08/2022,Analyst
43-4051.00,1.A.2.c.3,Speed of Limb Movement,IM,1.0,8,0.0,1.0,1.0,N,,08/2022,Analyst
43-4051.00,1.A.2.c.3,Speed of Limb Movement,LV,0.0,8,0.0,0.0,0.0,N,Y,08/2022,Analyst
43-4051.00,1.A.3.a.1,Static Strength,IM,1.38,8,0.183,1.0164,1.7336,N,,08/2022,Analyst
43-4051.00,1.A.3.a.1,Static Strength,LV,0.38,8,0.183,0.0164,0.7336,N,N,08/2022,Analyst
43-4051.00,1.A.3.a.2,Explosive Strength,IM,1.25,8,0.1637,1.0,1.5708,N,,08/2022,Analyst
43-4051.00,1.A.3.a.2,Explosive Strength,LV,0.25,8,0.1637,0.0,0.5708,N,Y,08/2022,Analyst
43-4051.00,1.A.3.a.3,Dynamic Strength,IM,1.38,8,0.183,1.0164,1.7336,N,,08/2022,Analyst
43-4051.00,1.A.3.a.3,Dynamic Strength,LV,0.38,8,0.183,0.0164,0.7336,N,N,08/2022,Analyst
43-4051.00,1.A.3.a.4,Trunk Strength,IM,1.38,8,0.183,1.0164,1.7336,N,,08/2022,Analyst
43-4051.00,1.A.3.a.4,Trunk Strength,LV,0.62,8,0.3239,0.0,1.2598,N,N,08/2022,Analyst
43-4051.00,1.A.3.b.1,Stamina,IM,1.25,8,0.1637,1.0,1.5708,N,,08/2022,Analyst
43-4051.00,1.A.3.b.1,Stamina,LV,0.25,8,0.1637,0.0,0.5708,N,Y,08/2022,Analyst
43-4051.00,1.A.3.c.1,Extent Flexibility,IM,1.38,8,0.183,1.0164,1.7336,N,,08/2022,Analyst
43-4051.00,1.A.3.c.1,Extent Flexibility,LV,0.38,8,0.183,0.0164,0.7336,N,N,08/2022,Analyst
43-4051.00,1.A.3.c.2,Dynamic Flexibility,IM,1.0,8,0.0,1.0,1.0,N,,08/2022,Analyst
43-4051.00,1.A.3.c.2,Dynamic Flexibility,LV,0.0,8,0.0,0.0,0.0,N,Y,08/2022,Analyst
43-4051.00,1.A.3.c.3,Gross Body Coordination,IM,1.25,8,0.1637,1.0,1.5708,N,,08/2022,Analyst
43-4051.00,1.A.3.c.3,Gross Body Coordination,LV,0.25,8,0.1637,0.0,0.5708,N,Y,08/2022,Analyst
43-4051.00,1.A.3.c.4,Gross Body Equilibrium,IM,1.12,8,0.125,1.0,1.37,N,,08/2022,Analyst
43-4051.00,1.A.3.c.4,Gross Body Equilibrium,LV,0.12,8,0.125,0.0,0.37,N,Y,08/2022,Analyst
43-4051.00,1.A.4.a.1,Near Vision,IM,3.62,8,0.183,3.2664,3.9836,N,,08/2022,Analyst
43-4051.00,1.A.4.a.1,Near Vision,LV,3.25,8,0.1637,2.9292,3.5708,N,N,08/2022,Analyst
43-4051.00,1.A.4.a.2,Far Vision,IM,2.25,8,0.1637,1.9292,2.5708,N,,08/2022,Analyst
43-4051.00,1.A.4.a.2,Far Vision,LV,2.62,8,0.183,2.2664,2.9836,N,N,08/2022,Analyst
43-4051.00,1.A.4.a.3,Visual Color Discrimination,IM,2.0,8,0.0,2.0,2.0,N,,08/2022,Analyst
43-4051.00,1.A.4.a.3,Visual Color Discrimination,LV,1.88,8,0.125,1.63,2.12,N,N,08/2022,Analyst
43-4051.00,1.A.4.a.4,Night Vision,IM,1.0,8,0.0,1.0,1.0,N,,08/2022,Analyst
43-4051.00,1.A.4.a.4,Night Vision,LV,0.0,8,0.0,0.0,0.0,N,Y,08/2022,Analyst
43-4051.00,1.A.4.a.5,Peripheral Vision,IM,1.0,8,0.0,1.0,1.0,N,,08/2022,Analyst
43-4051.00,1.A.4.a.5,Peripheral Vision,LV,0.0,8,0.0,0.0,0.0,N,Y,08/2022,Analyst
43-4051.00,1.A.4.a.6,Depth Perception,IM,1.25,8,0.1637,1.0,1.5708,N,,08/2022,Analyst
43-4051.00,1.A.4.a.6,Depth Perception,LV,0.25,8,0.1637,0.0,0.5708,N,Y,08/2022,Analyst
43-4051.00,1.A.4.a.7,Glare Sensitivity,IM,1.0,8,0.0,1.0,1.0,N,,08/2022,Analyst
43-4051.00,1.A.4.a.7,Glare Sensitivity,LV,0.0,8,0.0,0.0,0.0,N,Y,08/2022,Analyst
43-4051.00,1.A.4.b.1,Hearing Sensitivity,IM,2.0,8,0.0,2.0,2.0,N,,08/2022,Analyst
43-4051.00,1.A.4.b.1,Hearing Sensitivity,LV,1.88,8,0.125,1.63,2.12,N,N,08/2022,Analyst
43-4051.00,1.A.4.b.2,Auditory Attention,IM,2.25,8,0.1637,1.9292,2.5708,N,,08/2022,Analyst
43-4051.00,1.A.4.b.2,Auditory Attention,LV,2.0,8,0.0,2.0,2.0,N,N,08/2022,Analyst
43-4051.00,1.A.4.b.3,Sound Localization,IM,1.0,8,0.0,1.0,1.0,N,,08/2022,Analyst
43-4051.00,1.A.4.b.3,Sound Localization,LV,0.0,8,0.0,0.0,0.0,N,Y,08/2022,Analyst
43-4051.00,1.A.4.b.4,Speech Recognition,IM,4.0,8,0.0,4.0,4.0,N,,08/2022,Analyst
43-4051.00,1.A.4.b.4,Speech Recognition,LV,3.25,8,0.1637,2.9292,3.5708,N,N,08/2022,Analyst
43-4051.00,1.A.4.b.5,Speech Clarity,IM,4.0,8,0.0,4.0,4.0,N,,08/2022,Analyst
43-4051.00,1.A.4.b.5,Speech Clarity,LV,3.25,8,0.1637,2.9292,3.5708,N,N,08/2022,Analyst
43-4061.00,1.A.1.a.1,Oral Comprehension,IM,4.0,8,0.0,4.0,4.0,N,,08/2023,Analyst
43-4061.00,1.A.1.a.1,Oral Comprehension,LV,4.0,8,0.0,4.0,4.0,N,N,08/2023,Analyst
43-4061.00,1.A.1.a.2,Written Comprehension,IM,3.88,8,0.125,3.63,4.12,N,,08/2023,Analyst
43-4061.00,1.A.1.a.2,Written Comprehension,LV,3.88,8,0.125,3.63,4.12,N,N,08/2023,Analyst
43-4061.00,1.A.1.a.3,Oral Expression,IM,4.25,8,0.1637,3.9292,4.5708,N,,08/2023,Analyst
43-4061.00,1.A.1.a.3,Oral Expression,LV,4.12,8,0.125,3.88,4.37,N,N,08/2023,Analyst
43-4061.00,1.A.1.a.4,Written Expression,IM,3.88,8,0.125,3.63,4.12,N,,08/2023,Analyst
43-4061.00,1.A.1.a.4,Written Expression,LV,3.88,8,0.125,3.63,4.12,N,N,08/2023,Analyst
43-4061.00,1.A.1.b.1,Fluency of Ideas,IM,2.75,8,0.1637,2.4292,3.0708,N,,08/2023,Analyst
43-4061.00,1.A.1.b.1,Fluency of Ideas,LV,2.75,8,0.1637,2.4292,3.0708,N,N,08/2023,Analyst
43-4061.00,1.A.1.b.2,Originality,IM,2.5,8,0.189,2.1296,2.8704,N,,08/2023,Analyst
43-4061.00,1.A.1.b.2,Originality,LV,2.62,8,0.183,2.2664,2.9836,N,N,08/2023,Analyst
43-4061.00,1.A.1.b.3,Problem Sensitivity,IM,3.38,8,0.183,3.0164,3.7336,N,,08/2023,Analyst
43-4061.00,1.A.1.b.3,Problem Sensitivity,LV,3.38,8,0.183,3.0164,3.7336,N,N,08/2023,Analyst
43-4061.00,1.A.1.b.4,Deductive Reasoning,IM,3.62,8,0.183,3.2664,3.9836,N,,08/2023,Analyst
43-4061.00,1.A.1.b.4,Deductive Reasoning,LV,3.75,8,0.1637,3.4292,4.0708,N,N,08/2023,Analyst
43-4061.00,1.A.1.b.5,Inductive Reasoning,IM,3.62,8,0.183,3.2664,3.9836,N,,08/2023,Analyst
43-4061.00,1.A.1.b.5,Inductive Reasoning,LV,3.62,8,0.183,3.2664,3.9836,N,N,08/2023,Analyst
43-4061.00,1.A.1.b.6,Information Ordering,IM,3.38,8,0.183,3.0164,3.7336,N,,08/2023,Analyst
43-4061.00,1.A.1.b.6,Information Ordering,LV,3.25,8,0.1637,2.9292,3.5708,N,N,08/2023,Analyst
43-4061.00,1.A.1.b.7,Category Flexibility,IM,3.12,8,0.125,2.88,3.37,N,,08/2023,Analyst
43-4061.00,1.A.1.b.7,Category Flexibility,LV,3.12,8,0.125,2.88,3.37,N,N,08/2023,Analyst
43-4061.00,1.A.1.c.1,Mathematical Reasoning,IM,2.62,8,0.183,2.2664,2.9836,N,,08/2023,Analyst
43-4061.00,1.A.1.c.1,Mathematical Reasoning,LV,2.62,8,0.183,2.2664,2.9836,N,N,08/2023,Analyst
43-4061.00,1.A.1.c.2,Number Facility,IM,2.25,8,0.1637,1.9292,2.5708,N,,08/2023,Analyst
43-4061.00,1.A.1.c.2,Number Facility,LV,2.38,8,0.183,2.0164,2.7336,N,N,08/2023,Analyst
43-4061.00,1.A.1.d.1,Memorization,IM,2.12,8,0.125,1.88,2.37,N,,08/2023,Analyst
43-4061.00,1.A.1.d.1,Memorization,LV,2.0,8,0.0,2.0,2.0,N,N,08/2023,Analyst
43-4061.00,1.A.1.e.1,Speed of Closure,IM,2.12,8,0.125,1.88,2.37,N,,08/2023,Analyst
43-4061.00,1.A.1.e.1,Speed of Closure,LV,2.0,8,0.0,2.0,2.0,N,N,08/2023,Analyst
43-4061.00,1.A.1.e.2,Flexibility of Closure,IM,2.62,8,0.183,2.2664,2.9836,N,,08/2023,Analyst
43-4061.00,1.A.1.e.2,Flexibility of Closure,LV,2.75,8,0.1637,2.4292,3.0708,N,N,08/2023,Analyst
43-4061.00,1.A.1.e.3,Perceptual Speed,IM,2.25,8,0.1637,1.9292,2.5708,N,,08/2023,Analyst
43-4061.00,1.A.1.e.3,Perceptual Speed,LV,2.25,8,0.1637,1.9292,2.5708,N,N,08/2023,Analyst
43-4061.00,1.A.1.f.1,Spatial Orientation,IM,1.0,8,0.0,1.0,1.0,N,,08/2023,Analyst
43-4061.00,1.A.1.f.1,Spatial Orientation,LV,0.0,8,0.0,0.0,0.0,N,Y,08/2023,Analyst
43-4061.00,1.A.1.f.2,Visualization,IM,2.12,8,0.125,1.88,2.37,N,,08/2023,Analyst
43-4061.00,1.A.1.f.2,Visualization,LV,2.0,8,0.189,1.6296,2.3704,N,N,08/2023,Analyst
43-4061.00,1.A.1.g.1,Selective Attention,IM,2.88,8,0.125,2.63,3.12,N,,08/2023,Analyst
43-4061.00,1.A.1.g.1,Selective Attention,LV,2.88,8,0.125,2.63,3.12,N,N,08/2023,Analyst
43-4061.00,1.A.1.g.2,Time Sharing,IM,2.25,8,0.1637,1.9292,2.5708,N,,08/2023,Analyst
43-4061.00,1.A.1.g.2,Time Sharing,LV,2.12,8,0.125,1.88,2.37,N,N,08/2023,Analyst
43-4061.00,1.A.2.a.1,Arm-Hand Steadiness,IM,1.88,8,0.125,1.63,2.12,N,,08/2023,Analyst
43-4061.00,1.A.2.a.1,Arm-Hand Steadiness,LV,1.5,8,0.2673,0.9762,2.0238,N,N,08/2023,Analyst
43-4061.00,1.A.2.a.2,Manual Dexterity,IM,1.88,8,0.125,1.63,2.12,N,,08/2023,Analyst
43-4061.00,1.A.2.a.2,Manual Dexterity,LV,1.25,8,0.25,0.76,1.74,N,N,08/2023,Analyst
43-4061.00,1.A.2.a.3,Finger Dexterity,IM,1.88,8,0.125,1.63,2.12,N,,08/2023,Analyst
43-4061.00,1.A.2.a.3,Finger Dexterity,LV,1.25,8,0.25,0.76,1.74,N,N,08/2023,Analyst
43-4061.00,1.A.2.b.1,Control Precision,IM,1.88,8,0.125,1.63,2.12,N,,08/2023,Analyst
43-4061.00,1.A.2.b.1,Control Precision,LV,1.12,8,0.2266,0.6809,1.5691,N,N,08/2023,Analyst
43-4061.00,1.A.2.b.2,Multilimb Coordination,IM,1.0,8,0.0,1.0,1.0,N,,08/2023,Analyst
43-4061.00,1.A.2.b.2,Multilimb Coordination,LV,0.0,8,0.0,0.0,0.0,N,Y,08/2023,Analyst
43-4061.00,1.A.2.b.3,Response Orientation,IM,1.0,8,0.0,1.0,1.0,N,,08/2023,Analyst
43-4061.00,1.A.2.b.3,Response Orientation,LV,0.0,8,0.0,0.0,0.0,N,Y,08/2023,Analyst
43-4061.00,1.A.2.b.4,Rate Control,IM,1.0,8,0.0,1.0,1.0,N,,08/2023,Analyst
43-4061.00,1.A.2.b.4,Rate Control,LV,0.0,8,0.0,0.0,0.0,N,Y,08/2023,Analyst
43-4061.00,1.A.2.c.1,Reaction Time,IM,1.0,8,0.0,1.0,1.0,N,,08/2023,Analyst
43-4061.00,1.A.2.c.1,Reaction Time,LV,0.0,8,0.0,0.0,0.0,N,Y,08/2023,Analyst
43-4061.00,1.A.2.c.2,Wrist-Finger Speed,IM,1.62,8,0.183,1.2664,1.9836,N,,08/2023,Analyst
43-4061.00,1.A.2.c.2,Wrist-Finger Speed,LV,0.75,8,0.25,0.26,1.24,N,N,08/2023,Analyst
43-4061.00,1.A.2.c.3,Speed of Limb Movement,IM,1.0,8,0.0,1.0,1.0,N,,08/2023,Analyst
43-4061.00,1.A.2.c.3,Speed of Limb Movement,LV,0.0,8,0.0,0.0,0.0,N,Y,08/2023,Analyst
43-4061.00,1.A.3.a.1,Static Strength,IM,1.0,8,0.0,1.0,1.0,N,,08/2023,Analyst
43-4061.00,1.A.3.a.1,Static Strength,LV,0.0,8,0.0,0.0,0.0,N,Y,08/2023,Analyst
43-4061.00,1.A.3.a.2,Explosive Strength,IM,1.0,8,0.0,1.0,1.0,N,,08/2023,Analyst
43-4061.00,1.A.3.a.2,Explosive Strength,LV,0.0,8,0.0,0.0,0.0,N,Y,08/2023,Analyst
43-4061.00,1.A.3.a.3,Dynamic Strength,IM,1.12,8,0.125,1.0,1.37,N,,08/2023,Analyst
43-4061.00,1.A.3.a.3,Dynamic Strength,LV,0.12,8,0.125,0.0,0.37,N,Y,08/2023,Analyst
43-4061.00,1.A.3.a.4,Trunk Strength,IM,1.75,8,0.1637,1.4292,2.0708,N,,08/2023,Analyst
43-4061.00,1.A.3.a.4,Trunk Strength,LV,1.38,8,0.3239,0.7402,2.0098,N,N,08/2023,Analyst
43-4061.00,1.A.3.b.1,Stamina,IM,1.0,8,0.0,1.0,1.0,N,,08/2023,Analyst
43-4061.00,1.A.3.b.1,Stamina,LV,0.0,8,0.0,0.0,0.0,N,Y,08/2023,Analyst
43-4061.00,1.A.3.c.1,Extent Flexibility,IM,1.0,8,0.0,1.0,1.0,N,,08/2023,Analyst
43-4061.00,1.A.3.c.1,Extent Flexibility,LV,0.0,8,0.0,0.0,0.0,N,Y,08/2023,Analyst
43-4061.00,1.A.3.c.2,Dynamic Flexibility,IM,1.0,8,0.0,1.0,1.0,N,,08/2023,Analyst
43-4061.00,1.A.3.c.2,Dynamic Flexibility,LV,0.0,8,0.0,0.0,0.0,N,Y,08/2023,Analyst
43-4061.00,1.A.3.c.3,Gross Body Coordination,IM,1.0,8,0.0,1.0,1.0,N,,08/2023,Analyst
43-4061.00,1.A.3.c.3,Gross Body Coordination,LV,0.0,8,0.0,0.0,0.0,N,Y,08/2023,Analyst
43-4061.00,1.A.3.c.4,Gross Body Equilibrium,IM,1.0,8,0.0,1.0,1.0,N,,08/2023,Analyst
43-4061.00,1.A.3.c.4,Gross Body Equilibrium,LV,0.0,8,0.0,0.0,0.0,N,Y,08/2023,Analyst
43-4061.00,1.A.4.a.1,Near Vision,IM,3.25,8,0.1637,2.9292,3.5708,N,,08/2023,Analyst
43-4061.00,1.A.4.a.1,Near Vision,LV,3.62,8,0.183,3.2664,3.9836,N,N,08/2023,Analyst
43-4061.00,1.A.4.a.2,Far Vision,IM,2.25,8,0.1637,1.9292,2.5708,N,,08/2023,Analyst
43-4061.00,1.A.4.a.2,Far Vision,LV,2.12,8,0.125,1.88,2.37,N,N,08/2023,Analyst
43-4061.00,1.A.4.a.3,Visual Color Discrimination,IM,1.75,8,0.1637,1.4292,2.0708,N,,08/2023,Analyst
43-4061.00,1.A.4.a.3,Visual Color Discrimination,LV,1.5,8,0.3273,0.8584,2.1416,N,N,08/2023,Analyst
43-4061.00,1.A.4.a.4,Night Vision,IM,1.0,8,0.0,1.0,1.0,N,,08/2023,Analyst
43-4061.00,1.A.4.a.4,Night Vision,LV,0.0,8,0.0,0.0,0.0,N,Y,08/2023,Analyst
43-4061.00,1.A.4.a.5,Peripheral Vision,IM,1.0,8,0.0,1.0,1.0,N,,08/2023,Analyst
43-4061.00,1.A.4.a.5,Peripheral Vision,LV,0.0,8,0.0,0.0,0.0,N,Y,08/2023,Analyst
43-4061.00,1.A.4.a.6,Depth Perception,IM,1.0,8,0.0,1.0,1.0,N,,08/2023,Analyst
43-4061.00,1.A.4.a.6,Depth Perception,LV,0.0,8,0.0,0.0,0.0,N,Y,08/2023,Analyst
43-4061.00,1.A.4.a.7,Glare Sensitivity,IM,1.0,8,0.0,1.0,1.0,N,,08/2023,Analyst
43-4061.00,1.A.4.a.7,Glare Sensitivity,LV,0.0,8,0.0,0.0,0.0,N,Y,08/2023,Analyst
43-4061.00,1.A.4.b.1,Hearing Sensitivity,IM,1.75,8,0.1637,1.4292,2.0708,N,,08/2023,Analyst
43-4061.00,1.A.4.b.1,Hearing Sensitivity,LV,1.38,8,0.3239,0.7402,2.0098,N,N,08/2023,Analyst
43-4061.00,1.A.4.b.2,Auditory Attention,IM,1.88,8,0.2266,1.4309,2.3191,N,,08/2023,Analyst
43-4061.00,1.A.4.b.2,Auditory Attention,LV,1.5,8,0.3273,0.8584,2.1416,N,N,08/2023,Analyst
43-4061.00,1.A.4.b.3,Sound Localization,IM,1.0,8,0.0,1.0,1.0,N,,08/2023,Analyst
43-4061.00,1.A.4.b.3,Sound Localization,LV,0.0,8,0.0,0.0,0.0,N,Y,08/2023,Analyst
43-4061.00,1.A.4.b.4,Speech Recognition,IM,3.75,8,0.1637,3.4292,4.0708,N,,08/2023,Analyst
43-4061.00,1.A.4.b.4,Speech Recognition,LV,3.88,8,0.2266,3.4309,4.3191,N,N,08/2023,Analyst
43-4061.00,1.A.4.b.5,Speech Clarity,IM,3.88,8,0.125,3.63,4.12,N,,08/2023,Analyst
43-4061.00,1.A.4.b.5,Speech Clarity,LV,4.0,8,0.189,3.6296,4.3704,N,N,08/2023,Analyst
43-4071.00,1.A.1.a.1,Oral Comprehension,IM,3.88,8,0.125,3.63,4.12,N,,07/2014,Analyst
43-4071.00,1.A.1.a.1,Oral Comprehension,LV,3.62,8,0.183,3.2664,3.9836,N,N,07/2014,Analyst
43-4071.00,1.A.1.a.2,Written Comprehension,IM,4.0,8,0.189,3.6296,4.3704,N,,07/2014,Analyst
43-4071.00,1.A.1.a.2,Written Comprehension,LV,3.0,8,0.0,3.0,3.0,N,N,07/2014,Analyst
43-4071.00,1.A.1.a.3,Oral Expression,IM,3.62,8,0.183,3.2664,3.9836,N,,07/2014,Analyst
43-4071.00,1.A.1.a.3,Oral Expression,LV,3.12,8,0.125,2.88,3.37,N,N,07/2014,Analyst
43-4071.00,1.A.1.a.4,Written Expression,IM,3.5,8,0.189,3.1296,3.8704,N,,07/2014,Analyst
43-4071.00,1.A.1.a.4,Written Expression,LV,3.12,8,0.125,2.88,3.37,N,N,07/2014,Analyst
43-4071.00,1.A.1.b.1,Fluency of Ideas,IM,2.75,8,0.1637,2.4292,3.0708,N,,07/2014,Analyst
43-4071.00,1.A.1.b.1,Fluency of Ideas,LV,2.62,8,0.183,2.2664,2.9836,N,N,07/2014,Analyst
43-4071.00,1.A.1.b.2,Originality,IM,2.88,8,0.125,2.63,3.12,N,,07/2014,Analyst
43-4071.00,1.A.1.b.2,Originality,LV,2.75,8,0.1637,2.4292,3.0708,N,N,07/2014,Analyst
43-4071.00,1.A.1.b.3,Problem Sensitivity,IM,3.0,8,0.0,3.0,3.0,N,,07/2014,Analyst
43-4071.00,1.A.1.b.3,Problem Sensitivity,LV,3.0,8,0.0,3.0,3.0,N,N,07/2014,Analyst
43-4071.00,1.A.1.b.4,Deductive Reasoning,IM,3.0,8,0.0,3.0,3.0,N,,07/2014,Analyst
43-4071.00,1.A.1.b.4,Deductive Reasoning,LV,2.88,8,0.125,2.63,3.12,N,N,07/2014,Analyst
43-4071.00,1.A.1.b.5,Inductive Reasoning,IM,3.0,8,0.0,3.0,3.0,N,,07/2014,Analyst
43-4071.00,1.A.1.b.5,Inductive Reasoning,LV,2.88,8,0.125,2.63,3.12,N,N,07/2014,Analyst
43-4071.00,1.A.1.b.6,Information Ordering,IM,4.12,8,0.125,3.88,4.37,N,,07/2014,Analyst
43-4071.00,1.A.1.b.6,Information Ordering,LV,3.0,8,0.0,3.0,3.0,N,N,07/2014,Analyst
43-4071.00,1.A.1.b.7,Category Flexibility,IM,4.0,8,0.0,4.0,4.0,N,,07/2014,Analyst
43-4071.00,1.A.1.b.7,Category Flexibility,LV,3.5,8,0.189,3.1296,3.8704,N,N,07/2014,Analyst
43-4071.00,1.A.1.c.1,Mathematical Reasoning,IM,2.0,8,0.0,2.0,2.0,N,,07/2014,Analyst
43-4071.00,1.A.1.c.1,Mathematical Reasoning,LV,2.0,8,0.0,2.0,2.0,N,N,07/2014,Analyst
43-4071.00,1.A.1.c.2,Number Facility,IM,2.12,8,0.125,1.88,2.37,N,,07/2014,Analyst
43-4071.00,1.A.1.c.2,Number Facility,LV,2.0,8,0.0,2.0,2.0,N,N,07/2014,Analyst
43-4071.00,1.A.1.d.1,Memorization,IM,2.5,8,0.189,2.1296,2.8704,N,,07/2014,Analyst
43-4071.00,1.A.1.d.1,Memorization,LV,2.12,8,0.125,1.88,2.37,N,N,07/2014,Analyst
43-4071.00,1.A.1.e.1,Speed of Closure,IM,2.25,8,0.1637,1.9292,2.5708,N,,07/2014,Analyst
43-4071.00,1.A.1.e.1,Speed of Closure,LV,2.0,8,0.0,2.0,2.0,N,N,07/2014,Analyst
43-4071.00,1.A.1.e.2,Flexibility of Closure,IM,3.0,8,0.0,3.0,3.0,N,,07/2014,Analyst
43-4071.00,1.A.1.e.2,Flexibility of Closure,LV,3.0,8,0.0,3.0,3.0,N,N,07/2014,Analyst
43-4071.00,1.A.1.e.3,Perceptual Speed,IM,3.5,8,0.189,3.1296,3.8704,N,,07/2014,Analyst
43-4071.00,1.A.1.e.3,Perceptual Speed,LV,2.88,8,0.125,2.63,3.12,N,N,07/2014,Analyst
43-4071.00,1.A.1.f.1,Spatial Orientation,IM,1.0,8,0.0,1.0,1.0,N,,07/2014,Analyst
43-4071.00,1.A.1.f.1,Spatial Orientation,LV,0.0,8,0.0,0.0,0.0,N,Y,07/2014,Analyst
43-4071.00,1.A.1.f.2,Visualization,IM,2.12,8,0.125,1.88,2.37,N,,07/2014,Analyst
43-4071.00,1.A.1.f.2,Visualization,LV,2.0,8,0.0,2.0,2.0,N,N,07/2014,Analyst
43-4071.00,1.A.1.g.1,Selective Attention,IM,3.0,8,0.0,3.0,3.0,N,,07/2014,Analyst
43-4071.00,1.A.1.g.1,Selective Attention,LV,2.88,8,0.125,2.63,3.12,N,N,07/2014,Analyst
43-4071.00,1.A.1.g.2,Time Sharing,IM,2.38,8,0.183,2.0164,2.7336,N,,07/2014,Analyst
43-4071.00,1.A.1.g.2,Time Sharing,LV,2.25,8,0.1637,1.9292,2.5708,N,N,07/2014,Analyst
43-4071.00,1.A.2.a.1,Arm-Hand Steadiness,IM,2.62,8,0.183,2.2664,2.9836,N,,07/2014,Analyst
43-4071.00,1.A.2.a.1,Arm-Hand Steadiness,LV,2.0,8,0.0,2.0,2.0,N,N,07/2014,Analyst
43-4071.00,1.A.2.a.2,Manual Dexterity,IM,2.62,8,0.183,2.2664,2.9836,N,,07/2014,Analyst
43-4071.00,1.A.2.a.2,Manual Dexterity,LV,2.0,8,0.0,2.0,2.0,N,N,07/2014,Analyst
43-4071.00,1.A.2.a.3,Finger Dexterity,IM,2.88,8,0.125,2.63,3.12,N,,07/2014,Analyst
43-4071.00,1.A.2.a.3,Finger Dexterity,LV,2.88,8,0.125,2.63,3.12,N,N,07/2014,Analyst
43-4071.00,1.A.2.b.1,Control Precision,IM,1.88,8,0.125,1.63,2.12,N,,07/2014,Analyst
43-4071.00,1.A.2.b.1,Control Precision,LV,1.12,8,0.2266,0.6809,1.5691,N,N,07/2014,Analyst
43-4071.00,1.A.2.b.2,Multilimb Coordination,IM,2.12,8,0.125,1.88,2.37,N,,07/2014,Analyst
43-4071.00,1.A.2.b.2,Multilimb Coordination,LV,1.5,8,0.189,1.1296,1.8704,N,N,07/2014,Analyst
43-4071.00,1.A.2.b.3,Response Orientation,IM,1.0,8,0.0,1.0,1.0,N,,07/2014,Analyst
43-4071.00,1.A.2.b.3,Response Orientation,LV,0.0,8,0.0,0.0,0.0,N,Y,07/2014,Analyst
43-4071.00,1.A.2.b.4,Rate Control,IM,1.0,8,0.0,1.0,1.0,N,,07/2014,Analyst
43-4071.00,1.A.2.b.4,Rate Control,LV,0.0,8,0.0,0.0,0.0,N,Y,07/2014,Analyst
43-4071.00,1.A.2.c.1,Reaction Time,IM,1.0,8,0.0,1.0,1.0,N,,07/2014,Analyst
43-4071.00,1.A.2.c.1,Reaction Time,LV,0.0,8,0.0,0.0,0.0,N,Y,07/2014,Analyst
43-4071.00,1.A.2.c.2,Wrist-Finger Speed,IM,2.0,8,0.0,2.0,2.0,N,,07/2014,Analyst
43-4071.00,1.A.2.c.2,Wrist-Finger Speed,LV,2.0,8,0.0,2.0,2.0,N,N,07/2014,Analyst
43-4071.00,1.A.2.c.3,Speed of Limb Movement,IM,1.62,8,0.183,1.2664,1.9836,N,,07/2014,Analyst
43-4071.00,1.A.2.c.3,Speed of Limb Movement,LV,0.62,8,0.183,0.2664,0.9836,N,N,07/2014,Analyst
43-4071.00,1.A.3.a.1,Static Strength,IM,2.12,8,0.125,1.88,2.37,N,,07/2014,Analyst
43-4071.00,1.A.3.a.1,Static Strength,LV,2.0,8,0.0,2.0,2.0,N,N,07/2014,Analyst
43-4071.00,1.A.3.a.2,Explosive Strength,IM,1.0,8,0.0,1.0,1.0,N,,07/2014,Analyst
43-4071.00,1.A.3.a.2,Explosive Strength,LV,0.0,8,0.0,0.0,0.0,N,Y,07/2014,Analyst
43-4071.00,1.A.3.a.3,Dynamic Strength,IM,1.62,8,0.183,1.2664,1.9836,N,,07/2014,Analyst
43-4071.00,1.A.3.a.3,Dynamic Strength,LV,0.62,8,0.183,0.2664,0.9836,N,N,07/2014,Analyst
43-4071.00,1.A.3.a.4,Trunk Strength,IM,2.12,8,0.125,1.88,2.37,N,,07/2014,Analyst
43-4071.00,1.A.3.a.4,Trunk Strength,LV,1.88,8,0.125,1.63,2.12,N,N,07/2014,Analyst
43-4071.00,1.A.3.b.1,Stamina,IM,2.0,8,0.0,2.0,2.0,N,,07/2014,Analyst
43-4071.00,1.A.3.b.1,Stamina,LV,1.25,8,0.1637,0.9292,1.5708,N,N,07/2014,Analyst
43-4071.00,1.A.3.c.1,Extent Flexibility,IM,2.0,8,0.0,2.0,2.0,N,,07/2014,Analyst
43-4071.00,1.A.3.c.1,Extent Flexibility,LV,1.75,8,0.1637,1.4292,2.0708,N,N,07/2014,Analyst
43-4071.00,1.A.3.c.2,Dynamic Flexibility,IM,1.0,8,0.0,1.0,1.0,N,,07/2014,Analyst
43-4071.00,1.A.3.c.2,Dynamic Flexibility,LV,0.0,8,0.0,0.0,0.0,N,Y,07/2014,Analyst
43-4071.00,1.A.3.c.3,Gross Body Coordination,IM,2.0,8,0.0,2.0,2.0,N,,07/2014,Analyst
43-4071.00,1.A.3.c.3,Gross Body Coordination,LV,1.12,8,0.125,0.88,1.37,N,N,07/2014,Analyst
43-4071.00,1.A.3.c.4,Gross Body Equilibrium,IM,2.0,8,0.0,2.0,2.0,N,,07/2014,Analyst
43-4071.00,1.A.3.c.4,Gross Body Equilibrium,LV,1.12,8,0.125,0.88,1.37,N,N,07/2014,Analyst
43-4071.00,1.A.4.a.1,Near Vision,IM,4.0,8,0.189,3.6296,4.3704,N,,07/2014,Analyst
43-4071.00,1.A.4.a.1,Near Vision,LV,4.0,8,0.0,4.0,4.0,N,N,07/2014,Analyst
43-4071.00,1.A.4.a.2,Far Vision,IM,2.62,8,0.183,2.2664,2.9836,N,,07/2014,Analyst
43-4071.00,1.A.4.a.2,Far Vision,LV,2.62,8,0.183,2.2664,2.9836,N,N,07/2014,Analyst
43-4071.00,1.A.4.a.3,Visual Color Discrimination,IM,2.0,8,0.0,2.0,2.0,N,,07/2014,Analyst
43-4071.00,1.A.4.a.3,Visual Color Discrimination,LV,1.88,8,0.125,1.63,2.12,N,N,07/2014,Analyst
43-4071.00,1.A.4.a.4,Night Vision,IM,1.0,8,0.0,1.0,1.0,N,,07/2014,Analyst
43-4071.00,1.A.4.a.4,Night Vision,LV,0.0,8,0.0,0.0,0.0,N,Y,07/2014,Analyst
43-4071.00,1.A.4.a.5,Peripheral Vision,IM,1.0,8,0.0,1.0,1.0,N,,07/2014,Analyst
43-4071.00,1.A.4.a.5,Peripheral Vision,LV,0.0,8,0.0,0.0,0.0,N,Y,07/2014,Analyst
43-4071.00,1.A.4.a.6,Depth Perception,IM,1.88,8,0.125,1.63,2.12,N,,07/2014,Analyst
43-4071.00,1.A.4.a.6,Depth Perception,LV,0.88,8,0.125,0.63,1.12,N,N,07/2014,Analyst
43-4071.00,1.A.4.a.7,Glare Sensitivity,IM,1.0,8,0.0,1.0,1.0,N,,07/2014,Analyst
43-4071.00,1.A.4.a.7,Glare Sensitivity,LV,0.0,8,0.0,0.0,0.0,N,Y,07/2014,Analyst
43-4071.00,1.A.4.b.1,Hearing Sensitivity,IM,1.5,8,0.189,1.1296,1.8704,N,,07/2014,Analyst
43-4071.00,1.A.4.b.1,Hearing Sensitivity,LV,0.62,8,0.2631,0.1094,1.1406,N,N,07/2014,Analyst
43-4071.00,1.A.4.b.2,Auditory Attention,IM,1.5,8,0.189,1.1296,1.8704,N,,07/2014,Analyst
43-4071.00,1.A.4.b.2,Auditory Attention,LV,0.75,8,0.3134,0.1358,1.3642,N,N,07/2014,Analyst
43-4071.00,1.A.4.b.3,Sound Localization,IM,1.0,8,0.0,1.0,1.0,N,,07/2014,Analyst
43-4071.00,1.A.4.b.3,Sound Localization,LV,0.0,8,0.0,0.0,0.0,N,Y,07/2014,Analyst
43-4071.00,1.A.4.b.4,Speech Recognition,IM,3.0,8,0.0,3.0,3.0,N,,07/2014,Analyst
43-4071.00,1.A.4.b.4,Speech Recognition,LV,3.0,8,0.0,3.0,3.0,N,N,07/2014,Analyst
43-4071.00,1.A.4.b.5,Speech Clarity,IM,3.0,8,0.0,3.0,3.0,N,,07/2014,Analyst
43-4071.00,1.A.4.b.5,Speech Clarity,LV,3.0,8,0.0,3.0,3.0,N,N,07/2014,Analyst
43-4081.00,1.A.1.a.1,Oral Comprehension,IM,3.88,8,0.125,3.63,4.12,N,,07/2017,Analyst
43-4081.00,1.A.1.a.1,Oral Comprehension,LV,3.75,8,0.1637,3.4292,4.0708,N,N,07/2017,Analyst
43-4081.00,1.A.1.a.2,Written Comprehension,IM,3.0,8,0.0,3.0,3.0,N,,07/2017,Analyst
43-4081.00,1.A.1.a.2,Written Comprehension,LV,3.12,8,0.125,2.88,3.37,N,N,07/2017,Analyst
43-4081.00,1.A.1.a.3,Oral Expression,IM,3.88,8,0.125,3.63,4.12,N,,07/2017,Analyst
43-4081.00,1.A.1.a.3,Oral Expression,LV,4.0,8,0.0,4.0,4.0,N,N,07/2017,Analyst
43-4081.00,1.A.1.a.4,Written Expression,IM,3.0,8,0.0,3.0,3.0,N,,07/2017,Analyst
43-4081.00,1.A.1.a.4,Written Expression,LV,3.0,8,0.0,3.0,3.0,N,N,07/2017,Analyst
43-4081.00,1.A.1.b.1,Fluency of Ideas,IM,2.88,8,0.125,2.63,3.12,N,,07/2017,Analyst
43-4081.00,1.A.1.b.1,Fluency of Ideas,LV,3.0,8,0.0,3.0,3.0,N,N,07/2017,Analyst
43-4081.00,1.A.1.b.2,Originality,IM,2.88,8,0.125,2.63,3.12,N,,07/2017,Analyst
43-4081.00,1.A.1.b.2,Originality,LV,2.38,8,0.183,2.0164,2.7336,N,N,07/2017,Analyst
43-4081.00,1.A.1.b.3,Problem Sensitivity,IM,3.25,8,0.1637,2.9292,3.5708,N,,07/2017,Analyst
43-4081.00,1.A.1.b.3,Problem Sensitivity,LV,3.0,8,0.0,3.0,3.0,N,N,07/2017,Analyst
43-4081.00,1.A.1.b.4,Deductive Reasoning,IM,3.0,8,0.0,3.0,3.0,N,,07/2017,Analyst
43-4081.00,1.A.1.b.4,Deductive Reasoning,LV,3.0,8,0.0,3.0,3.0,N,N,07/2017,Analyst
43-4081.00,1.A.1.b.5,Inductive Reasoning,IM,2.88,8,0.125,2.63,3.12,N,,07/2017,Analyst
43-4081.00,1.A.1.b.5,Inductive Reasoning,LV,3.0,8,0.0,3.0,3.0,N,N,07/2017,Analyst
43-4081.00,1.A.1.b.6,Information Ordering,IM,3.0,8,0.0,3.0,3.0,N,,07/2017,Analyst
43-4081.00,1.A.1.b.6,Information Ordering,LV,3.0,8,0.0,3.0,3.0,N,N,07/2017,Analyst
43-4081.00,1.A.1.b.7,Category Flexibility,IM,3.0,8,0.0,3.0,3.0,N,,07/2017,Analyst
43-4081.00,1.A.1.b.7,Category Flexibility,LV,3.0,8,0.0,3.0,3.0,N,N,07/2017,Analyst
43-4081.00,1.A.1.c.1,Mathematical Reasoning,IM,2.75,8,0.1637,2.4292,3.0708,N,,07/2017,Analyst
43-4081.00,1.A.1.c.1,Mathematical Reasoning,LV,2.0,8,0.0,2.0,2.0,N,N,07/2017,Analyst
43-4081.00,1.A.1.c.2,Number Facility,IM,2.75,8,0.1637,2.4292,3.0708,N,,07/2017,Analyst
43-4081.00,1.A.1.c.2,Number Facility,LV,2.38,8,0.183,2.0164,2.7336,N,N,07/2017,Analyst
43-4081.00,1.A.1.d.1,Memorization,IM,2.12,8,0.125,1.88,2.37,N,,07/2017,Analyst
43-4081.00,1.A.1.d.1,Memorization,LV,2.5,8,0.189,2.1296,2.8704,N,N,07/2017,Analyst
43-4081.00,1.A.1.e.1,Speed of Closure,IM,2.12,8,0.125,1.88,2.37,N,,07/2017,Analyst
43-4081.00,1.A.1.e.1,Speed of Closure,LV,2.12,8,0.125,1.88,2.37,N,N,07/2017,Analyst
43-4081.00,1.A.1.e.2,Flexibility of Closure,IM,2.25,8,0.1637,1.9292,2.5708,N,,07/2017,Analyst
43-4081.00,1.A.1.e.2,Flexibility of Closure,LV,2.25,8,0.1637,1.9292,2.5708,N,N,07/2017,Analyst
43-4081.00,1.A.1.e.3,Perceptual Speed,IM,2.12,8,0.125,1.88,2.37,N,,07/2017,Analyst
43-4081.00,1.A.1.e.3,Perceptual Speed,LV,2.38,8,0.183,2.0164,2.7336,N,N,07/2017,Analyst
43-4081.00,1.A.1.f.1,Spatial Orientation,IM,1.75,8,0.1637,1.4292,2.0708,N,,07/2017,Analyst
43-4081.00,1.A.1.f.1,Spatial Orientation,LV,0.75,8,0.1637,0.4292,1.0708,N,N,07/2017,Analyst
43-4081.00,1.A.1.f.2,Visualization,IM,2.0,8,0.0,2.0,2.0,N,,07/2017,Analyst
43-4081.00,1.A.1.f.2,Visualization,LV,2.12,8,0.125,1.88,2.37,N,N,07/2017,Analyst
43-4081.00,1.A.1.g.1,Selective Attention,IM,2.88,8,0.125,2.63,3.12,N,,07/2017,Analyst
43-4081.00,1.A.1.g.1,Selective Attention,LV,2.88,8,0.125,2.63,3.12,N,N,07/2017,Analyst
43-4081.00,1.A.1.g.2,Time Sharing,IM,2.25,8,0.1637,1.9292,2.5708,N,,07/2017,Analyst
43-4081.00,1.A.1.g.2,Time Sharing,LV,2.25,8,0.1637,1.9292,2.5708,N,N,07/2017,Analyst
43-4081.00,1.A.2.a.1,Arm-Hand Steadiness,IM,2.12,8,0.125,1.88,2.37,N,,07/2017,Analyst
43-4081.00,1.A.2.a.1,Arm-Hand Steadiness,LV,2.0,8,0.0,2.0,2.0,N,N,07/2017,Analyst
43-4081.00,1.A.2.a.2,Manual Dexterity,IM,2.12,8,0.125,1.88,2.37,N,,07/2017,Analyst
43-4081.00,1.A.2.a.2,Manual Dexterity,LV,2.0,8,0.0,2.0,2.0,N,N,07/2017,Analyst
43-4081.00,1.A.2.a.3,Finger Dexterity,IM,2.5,8,0.189,2.1296,2.8704,N,,07/2017,Analyst
43-4081.00,1.A.2.a.3,Finger Dexterity,LV,2.0,8,0.0,2.0,2.0,N,N,07/2017,Analyst
43-4081.00,1.A.2.b.1,Control Precision,IM,2.0,8,0.0,2.0,2.0,N,,07/2017,Analyst
43-4081.00,1.A.2.b.1,Control Precision,LV,1.75,8,0.1637,1.4292,2.0708,N,N,07/2017,Analyst
43-4081.00,1.A.2.b.2,Multilimb Coordination,IM,1.5,8,0.189,1.1296,1.8704,N,,07/2017,Analyst
43-4081.00,1.A.2.b.2,Multilimb Coordination,LV,0.75,8,0.3134,0.1358,1.3642,N,N,07/2017,Analyst
43-4081.00,1.A.2.b.3,Response Orientation,IM,1.0,8,0.0,1.0,1.0,N,,07/2017,Analyst
43-4081.00,1.A.2.b.3,Response Orientation,LV,0.0,8,0.0,0.0,0.0,N,Y,07/2017,Analyst
43-4081.00,1.A.2.b.4,Rate Control,IM,1.0,8,0.0,1.0,1.0,N,,07/2017,Analyst
43-4081.00,1.A.2.b.4,Rate Control,LV,0.0,8,0.0,0.0,0.0,N,Y,07/2017,Analyst
43-4081.00,1.A.2.c.1,Reaction Time,IM,1.0,8,0.0,1.0,1.0,N,,07/2017,Analyst
43-4081.00,1.A.2.c.1,Reaction Time,LV,0.0,8,0.0,0.0,0.0,N,Y,07/2017,Analyst
43-4081.00,1.A.2.c.2,Wrist-Finger Speed,IM,1.25,8,0.1637,1.0,1.5708,N,,07/2017,Analyst
43-4081.00,1.A.2.c.2,Wrist-Finger Speed,LV,0.38,8,0.2631,0.0,0.8906,N,Y,07/2017,Analyst
43-4081.00,1.A.2.c.3,Speed of Limb Movement,IM,1.0,8,0.0,1.0,1.0,N,,07/2017,Analyst
43-4081.00,1.A.2.c.3,Speed of Limb Movement,LV,0.0,8,0.0,0.0,0.0,N,Y,07/2017,Analyst
43-4081.00,1.A.3.a.1,Static Strength,IM,1.62,8,0.183,1.2664,1.9836,N,,07/2017,Analyst
43-4081.00,1.A.3.a.1,Static Strength,LV,1.0,8,0.3273,0.3584,1.6416,N,N,07/2017,Analyst
43-4081.00,1.A.3.a.2,Explosive Strength,IM,1.5,8,0.189,1.1296,1.8704,N,,07/2017,Analyst
43-4081.00,1.A.3.a.2,Explosive Strength,LV,0.75,8,0.3134,0.1358,1.3642,N,N,07/2017,Analyst
43-4081.00,1.A.3.a.3,Dynamic Strength,IM,1.5,8,0.189,1.1296,1.8704,N,,07/2017,Analyst
43-4081.00,1.A.3.a.3,Dynamic Strength,LV,0.88,8,0.3981,0.0947,1.6553,N,N,07/2017,Analyst
43-4081.00,1.A.3.a.4,Trunk Strength,IM,2.12,8,0.125,1.88,2.37,N,,07/2017,Analyst
43-4081.00,1.A.3.a.4,Trunk Strength,LV,2.0,8,0.0,2.0,2.0,N,N,07/2017,Analyst
43-4081.00,1.A.3.b.1,Stamina,IM,1.38,8,0.183,1.0164,1.7336,N,,07/2017,Analyst
43-4081.00,1.A.3.b.1,Stamina,LV,0.5,8,0.2673,0.0,1.0238,N,N,07/2017,Analyst
43-4081.00,1.A.3.c.1,Extent Flexibility,IM,1.38,8,0.183,1.0164,1.7336,N,,07/2017,Analyst
43-4081.00,1.A.3.c.1,Extent Flexibility,LV,0.62,8,0.3239,0.0,1.2598,N,N,07/2017,Analyst
43-4081.00,1.A.3.c.2,Dynamic Flexibility,IM,1.0,8,0.0,1.0,1.0,N,,07/2017,Analyst
43-4081.00,1.A.3.c.2,Dynamic Flexibility,LV,0.0,8,0.0,0.0,0.0,N,Y,07/2017,Analyst
43-4081.00,1.A.3.c.3,Gross Body Coordination,IM,1.38,8,0.183,1.0164,1.7336,N,,07/2017,Analyst
43-4081.00,1.A.3.c.3,Gross Body Coordination,LV,0.5,8,0.2673,0.0,1.0238,N,N,07/2017,Analyst
43-4081.00,1.A.3.c.4,Gross Body Equilibrium,IM,1.5,8,0.189,1.1296,1.8704,N,,07/2017,Analyst
43-4081.00,1.A.3.c.4,Gross Body Equilibrium,LV,0.62,8,0.2631,0.1094,1.1406,N,N,07/2017,Analyst
43-4081.00,1.A.4.a.1,Near Vision,IM,3.25,8,0.1637,2.9292,3.5708,N,,07/2017,Analyst
43-4081.00,1.A.4.a.1,Near Vision,LV,3.5,8,0.189,3.1296,3.8704,N,N,07/2017,Analyst
43-4081.00,1.A.4.a.2,Far Vision,IM,2.75,8,0.1637,2.4292,3.0708,N,,07/2017,Analyst
43-4081.00,1.A.4.a.2,Far Vision,LV,2.75,8,0.1637,2.4292,3.0708,N,N,07/2017,Analyst
43-4081.00,1.A.4.a.3,Visual Color Discrimination,IM,2.12,8,0.125,1.88,2.37,N,,07/2017,Analyst
43-4081.00,1.A.4.a.3,Visual Color Discrimination,LV,2.0,8,0.189,1.6296,2.3704,N,N,07/2017,Analyst
43-4081.00,1.A.4.a.4,Night Vision,IM,1.0,8,0.0,1.0,1.0,N,,07/2017,Analyst
43-4081.00,1.A.4.a.4,Night Vision,LV,0.0,8,0.0,0.0,0.0,N,Y,07/2017,Analyst
43-4081.00,1.A.4.a.5,Peripheral Vision,IM,1.0,8,0.0,1.0,1.0,N,,07/2017,Analyst
43-4081.00,1.A.4.a.5,Peripheral Vision,LV,0.0,8,0.0,0.0,0.0,N,Y,07/2017,Analyst
43-4081.00,1.A.4.a.6,Depth Perception,IM,1.38,8,0.183,1.0164,1.7336,N,,07/2017,Analyst
43-4081.00,1.A.4.a.6,Depth Perception,LV,0.5,8,0.2673,0.0,1.0238,N,N,07/2017,Analyst
43-4081.00,1.A.4.a.7,Glare Sensitivity,IM,1.0,8,0.0,1.0,1.0,N,,07/2017,Analyst
43-4081.00,1.A.4.a.7,Glare Sensitivity,LV,0.0,8,0.0,0.0,0.0,N,Y,07/2017,Analyst
43-4081.00,1.A.4.b.1,Hearing Sensitivity,IM,2.0,8,0.189,1.6296,2.3704,N,,07/2017,Analyst
43-4081.00,1.A.4.b.1,Hearing Sensitivity,LV,1.88,8,0.295,1.2967,2.4533,N,N,07/2017,Analyst
43-4081.00,1.A.4.b.2,Auditory Attention,IM,2.25,8,0.1637,1.9292,2.5708,N,,07/2017,Analyst
43-4081.00,1.A.4.b.2,Auditory Attention,LV,2.12,8,0.125,1.88,2.37,N,N,07/2017,Analyst
43-4081.00,1.A.4.b.3,Sound Localization,IM,1.0,8,0.0,1.0,1.0,N,,07/2017,Analyst
43-4081.00,1.A.4.b.3,Sound Localization,LV,0.0,8,0.0,0.0,0.0,N,Y,07/2017,Analyst
43-4081.00,1.A.4.b.4,Speech Recognition,IM,3.38,8,0.183,3.0164,3.7336,N,,07/2017,Analyst
43-4081.00,1.A.4.b.4,Speech Recognition,LV,3.62,8,0.183,3.2664,3.9836,N,N,07/2017,Analyst
43-4081.00,1.A.4.b.5,Speech Clarity,IM,3.38,8,0.183,3.0164,3.7336,N,,07/2017,Analyst
43-4081.00,1.A.4.b.5,Speech Clarity,LV,3.25,8,0.1637,2.9292,3.5708,N,N,07/2017,Analyst
43-4111.00,1.A.1.a.1,Oral Comprehension,IM,3.88,8,0.125,3.63,4.12,N,,08/2021,Analyst
43-4111.00,1.A.1.a.1,Oral Comprehension,LV,3.88,8,0.125,3.63,4.12,N,N,08/2021,Analyst
43-4111.00,1.A.1.a.2,Written Comprehension,IM,3.5,8,0.189,3.1296,3.8704,N,,08/2021,Analyst
43-4111.00,1.A.1.a.2,Written Comprehension,LV,3.88,8,0.125,3.63,4.12,N,N,08/2021,Analyst
43-4111.00,1.A.1.a.3,Oral Expression,IM,4.0,8,0.189,3.6296,4.3704,N,,08/2021,Analyst
43-4111.00,1.A.1.a.3,Oral Expression,LV,4.0,8,0.0,4.0,4.0,N,N,08/2021,Analyst
43-4111.00,1.A.1.a.4,Written Expression,IM,3.38,8,0.183,3.0164,3.7336,N,,08/2021,Analyst
43-4111.00,1.A.1.a.4,Written Expression,LV,3.38,8,0.183,3.0164,3.7336,N,N,08/2021,Analyst
43-4111.00,1.A.1.b.1,Fluency of Ideas,IM,2.38,8,0.183,2.0164,2.7336,N,,08/2021,Analyst
43-4111.00,1.A.1.b.1,Fluency of Ideas,LV,2.25,8,0.1637,1.9292,2.5708,N,N,08/2021,Analyst
43-4111.00,1.A.1.b.2,Originality,IM,2.5,8,0.2673,1.9762,3.0238,N,,08/2021,Analyst
43-4111.00,1.A.1.b.2,Originality,LV,2.25,8,0.1637,1.9292,2.5708,N,N,08/2021,Analyst
43-4111.00,1.A.1.b.3,Problem Sensitivity,IM,3.25,8,0.25,2.76,3.74,N,,08/2021,Analyst
43-4111.00,1.A.1.b.3,Problem Sensitivity,LV,3.12,8,0.2266,2.6809,3.5691,N,N,08/2021,Analyst
43-4111.00,1.A.1.b.4,Deductive Reasoning,IM,3.25,8,0.1637,2.9292,3.5708,N,,08/2021,Analyst
43-4111.00,1.A.1.b.4,Deductive Reasoning,LV,3.25,8,0.1637,2.9292,3.5708,N,N,08/2021,Analyst
43-4111.00,1.A.1.b.5,Inductive Reasoning,IM,3.25,8,0.1637,2.9292,3.5708,N,,08/2021,Analyst
43-4111.00,1.A.1.b.5,Inductive Reasoning,LV,3.12,8,0.125,2.88,3.37,N,N,08/2021,Analyst
43-4111.00,1.A.1.b.6,Information Ordering,IM,3.38,8,0.183,3.0164,3.7336,N,,08/2021,Analyst
43-4111.00,1.A.1.b.6,Information Ordering,LV,3.12,8,0.125,2.88,3.37,N,N,08/2021,Analyst
43-4111.00,1.A.1.b.7,Category Flexibility,IM,3.12,8,0.125,2.88,3.37,N,,08/2021,Analyst
43-4111.00,1.A.1.b.7,Category Flexibility,LV,3.12,8,0.125,2.88,3.37,N,N,08/2021,Analyst
43-4111.00,1.A.1.c.1,Mathematical Reasoning,IM,2.25,8,0.1637,1.9292,2.5708,N,,08/2021,Analyst
43-4111.00,1.A.1.c.1,Mathematical Reasoning,LV,2.12,8,0.125,1.88,2.37,N,N,08/2021,Analyst
43-4111.00,1.A.1.c.2,Number Facility,IM,2.25,8,0.1637,1.9292,2.5708,N,,08/2021,Analyst
43-4111.00,1.A.1.c.2,Number Facility,LV,2.25,8,0.1637,1.9292,2.5708,N,N,08/2021,Analyst
43-4111.00,1.A.1.d.1,Memorization,IM,2.25,8,0.1637,1.9292,2.5708,N,,08/2021,Analyst
43-4111.00,1.A.1.d.1,Memorization,LV,2.38,8,0.183,2.0164,2.7336,N,N,08/2021,Analyst
43-4111.00,1.A.1.e.1,Speed of Closure,IM,2.12,8,0.125,1.88,2.37,N,,08/2021,Analyst
43-4111.00,1.A.1.e.1,Speed of Closure,LV,2.38,8,0.183,2.0164,2.7336,N,N,08/2021,Analyst
43-4111.00,1.A.1.e.2,Flexibility of Closure,IM,2.25,8,0.1637,1.9292,2.5708,N,,08/2021,Analyst
43-4111.00,1.A.1.e.2,Flexibility of Closure,LV,2.5,8,0.189,2.1296,2.8704,N,N,08/2021,Analyst
43-4111.00,1.A.1.e.3,Perceptual Speed,IM,2.0,8,0.0,2.0,2.0,N,,08/2021,Analyst
43-4111.00,1.A.1.e.3,Perceptual Speed,LV,2.25,8,0.1637,1.9292,2.5708,N,N,08/2021,Analyst
43-4111.00,1.A.1.f.1,Spatial Orientation,IM,1.0,8,0.0,1.0,1.0,N,,08/2021,Analyst
43-4111.00,1.A.1.f.1,Spatial Orientation,LV,0.0,8,0.0,0.0,0.0,N,Y,08/2021,Analyst
43-4111.00,1.A.1.f.2,Visualization,IM,2.12,8,0.125,1.88,2.37,N,,08/2021,Analyst
43-4111.00,1.A.1.f.2,Visualization,LV,1.25,8,0.1637,0.9292,1.5708,N,N,08/2021,Analyst
43-4111.00,1.A.1.g.1,Selective Attention,IM,3.25,8,0.1637,2.9292,3.5708,N,,08/2021,Analyst
43-4111.00,1.A.1.g.1,Selective Attention,LV,3.0,8,0.189,2.6296,3.3704,N,N,08/2021,Analyst
43-4111.00,1.A.1.g.2,Time Sharing,IM,2.25,8,0.1637,1.9292,2.5708,N,,08/2021,Analyst
43-4111.00,1.A.1.g.2,Time Sharing,LV,2.12,8,0.125,1.88,2.37,N,N,08/2021,Analyst
43-4111.00,1.A.2.a.1,Arm-Hand Steadiness,IM,2.0,8,0.0,2.0,2.0,N,,08/2021,Analyst
43-4111.00,1.A.2.a.1,Arm-Hand Steadiness,LV,1.12,8,0.125,0.88,1.37,N,N,08/2021,Analyst
43-4111.00,1.A.2.a.2,Manual Dexterity,IM,2.0,8,0.0,2.0,2.0,N,,08/2021,Analyst
43-4111.00,1.A.2.a.2,Manual Dexterity,LV,1.0,8,0.0,1.0,1.0,N,N,08/2021,Analyst
43-4111.00,1.A.2.a.3,Finger Dexterity,IM,2.0,8,0.0,2.0,2.0,N,,08/2021,Analyst
43-4111.00,1.A.2.a.3,Finger Dexterity,LV,1.75,8,0.1637,1.4292,2.0708,N,N,08/2021,Analyst
43-4111.00,1.A.2.b.1,Control Precision,IM,2.0,8,0.0,2.0,2.0,N,,08/2021,Analyst
43-4111.00,1.A.2.b.1,Control Precision,LV,1.0,8,0.0,1.0,1.0,N,N,08/2021,Analyst
43-4111.00,1.A.2.b.2,Multilimb Coordination,IM,1.12,8,0.125,1.0,1.37,N,,08/2021,Analyst
43-4111.00,1.A.2.b.2,Multilimb Coordination,LV,0.12,8,0.125,0.0,0.37,N,Y,08/2021,Analyst
43-4111.00,1.A.2.b.3,Response Orientation,IM,1.12,8,0.125,1.0,1.37,N,,08/2021,Analyst
43-4111.00,1.A.2.b.3,Response Orientation,LV,0.12,8,0.125,0.0,0.37,N,Y,08/2021,Analyst
43-4111.00,1.A.2.b.4,Rate Control,IM,1.0,8,0.0,1.0,1.0,N,,08/2021,Analyst
43-4111.00,1.A.2.b.4,Rate Control,LV,0.0,8,0.0,0.0,0.0,N,Y,08/2021,Analyst
43-4111.00,1.A.2.c.1,Reaction Time,IM,1.0,8,0.0,1.0,1.0,N,,08/2021,Analyst
43-4111.00,1.A.2.c.1,Reaction Time,LV,0.0,8,0.0,0.0,0.0,N,Y,08/2021,Analyst
43-4111.00,1.A.2.c.2,Wrist-Finger Speed,IM,1.38,8,0.183,1.0164,1.7336,N,,08/2021,Analyst
43-4111.00,1.A.2.c.2,Wrist-Finger Speed,LV,0.5,8,0.2673,0.0,1.0238,N,N,08/2021,Analyst
43-4111.00,1.A.2.c.3,Speed of Limb Movement,IM,1.0,8,0.0,1.0,1.0,N,,08/2021,Analyst
43-4111.00,1.A.2.c.3,Speed of Limb Movement,LV,0.0,8,0.0,0.0,0.0,N,Y,08/2021,Analyst
43-4111.00,1.A.3.a.1,Static Strength,IM,1.0,8,0.0,1.0,1.0,N,,08/2021,Analyst
43-4111.00,1.A.3.a.1,Static Strength,LV,0.0,8,0.0,0.0,0.0,N,Y,08/2021,Analyst
43-4111.00,1.A.3.a.2,Explosive Strength,IM,1.0,8,0.0,1.0,1.0,N,,08/2021,Analyst
43-4111.00,1.A.3.a.2,Explosive Strength,LV,0.0,8,0.0,0.0,0.0,N,Y,08/2021,Analyst
43-4111.00,1.A.3.a.3,Dynamic Strength,IM,1.12,8,0.125,1.0,1.37,N,,08/2021,Analyst
43-4111.00,1.A.3.a.3,Dynamic Strength,LV,0.25,8,0.25,0.0,0.74,N,Y,08/2021,Analyst
43-4111.00,1.A.3.a.4,Trunk Strength,IM,1.62,8,0.183,1.2664,1.9836,N,,08/2021,Analyst
43-4111.00,1.A.3.a.4,Trunk Strength,LV,0.88,8,0.295,0.2967,1.4533,N,N,08/2021,Analyst
43-4111.00,1.A.3.b.1,Stamina,IM,1.0,8,0.0,1.0,1.0,N,,08/2021,Analyst
43-4111.00,1.A.3.b.1,Stamina,LV,0.0,8,0.0,0.0,0.0,N,Y,08/2021,Analyst
43-4111.00,1.A.3.c.1,Extent Flexibility,IM,1.0,8,0.0,1.0,1.0,N,,08/2021,Analyst
43-4111.00,1.A.3.c.1,Extent Flexibility,LV,0.0,8,0.0,0.0,0.0,N,Y,08/2021,Analyst
43-4111.00,1.A.3.c.2,Dynamic Flexibility,IM,1.0,8,0.0,1.0,1.0,N,,08/2021,Analyst
43-4111.00,1.A.3.c.2,Dynamic Flexibility,LV,0.0,8,0.0,0.0,0.0,N,Y,08/2021,Analyst
43-4111.00,1.A.3.c.3,Gross Body Coordination,IM,1.0,8,0.0,1.0,1.0,N,,08/2021,Analyst
43-4111.00,1.A.3.c.3,Gross Body Coordination,LV,0.0,8,0.0,0.0,0.0,N,Y,08/2021,Analyst
43-4111.00,1.A.3.c.4,Gross Body Equilibrium,IM,1.0,8,0.0,1.0,1.0,N,,08/2021,Analyst
43-4111.00,1.A.3.c.4,Gross Body Equilibrium,LV,0.0,8,0.0,0.0,0.0,N,Y,08/2021,Analyst
43-4111.00,1.A.4.a.1,Near Vision,IM,3.38,8,0.183,3.0164,3.7336,N,,08/2021,Analyst
43-4111.00,1.A.4.a.1,Near Vision,LV,3.75,8,0.1637,3.4292,4.0708,N,N,08/2021,Analyst
43-4111.00,1.A.4.a.2,Far Vision,IM,2.25,8,0.1637,1.9292,2.5708,N,,08/2021,Analyst
43-4111.00,1.A.4.a.2,Far Vision,LV,2.12,8,0.125,1.88,2.37,N,N,08/2021,Analyst
43-4111.00,1.A.4.a.3,Visual Color Discrimination,IM,2.0,8,0.0,2.0,2.0,N,,08/2021,Analyst
43-4111.00,1.A.4.a.3,Visual Color Discrimination,LV,1.75,8,0.1637,1.4292,2.0708,N,N,08/2021,Analyst
43-4111.00,1.A.4.a.4,Night Vision,IM,1.0,8,0.0,1.0,1.0,N,,08/2021,Analyst
43-4111.00,1.A.4.a.4,Night Vision,LV,0.0,8,0.0,0.0,0.0,N,Y,08/2021,Analyst
43-4111.00,1.A.4.a.5,Peripheral Vision,IM,1.0,8,0.0,1.0,1.0,N,,08/2021,Analyst
43-4111.00,1.A.4.a.5,Peripheral Vision,LV,0.0,8,0.0,0.0,0.0,N,Y,08/2021,Analyst
43-4111.00,1.A.4.a.6,Depth Perception,IM,1.12,8,0.125,1.0,1.37,N,,08/2021,Analyst
43-4111.00,1.A.4.a.6,Depth Perception,LV,0.12,8,0.125,0.0,0.37,N,Y,08/2021,Analyst
43-4111.00,1.A.4.a.7,Glare Sensitivity,IM,1.5,8,0.189,1.1296,1.8704,N,,08/2021,Analyst
43-4111.00,1.A.4.a.7,Glare Sensitivity,LV,0.62,8,0.2631,0.1094,1.1406,N,N,08/2021,Analyst
43-4111.00,1.A.4.b.1,Hearing Sensitivity,IM,2.0,8,0.0,2.0,2.0,N,,08/2021,Analyst
43-4111.00,1.A.4.b.1,Hearing Sensitivity,LV,2.0,8,0.0,2.0,2.0,N,N,08/2021,Analyst
43-4111.00,1.A.4.b.2,Auditory Attention,IM,2.12,8,0.125,1.88,2.37,N,,08/2021,Analyst
43-4111.00,1.A.4.b.2,Auditory Attention,LV,2.0,8,0.0,2.0,2.0,N,N,08/2021,Analyst
43-4111.00,1.A.4.b.3,Sound Localization,IM,1.0,8,0.0,1.0,1.0,N,,08/2021,Analyst
43-4111.00,1.A.4.b.3,Sound Localization,LV,0.0,8,0.0,0.0,0.0,N,Y,08/2021,Analyst
43-4111.00,1.A.4.b.4,Speech Recognition,IM,3.88,8,0.125,3.63,4.12,N,,08/2021,Analyst
43-4111.00,1.A.4.b.4,Speech Recognition,LV,4.0,8,0.0,4.0,4.0,N,N,08/2021,Analyst
43-4111.00,1.A.4.b.5,Speech Clarity,IM,3.88,8,0.125,3.63,4.12,N,,08/2021,Analyst
43-4111.00,1.A.4.b.5,Speech Clarity,LV,4.0,8,0.0,4.0,4.0,N,N,08/2021,Analyst
43-4121.00,1.A.1.a.1,Oral Comprehension,IM,3.38,8,0.2631,2.8594,3.8906,N,,08/2018,Analyst
43-4121.00,1.A.1.a.1,Oral Comprehension,LV,3.5,8,0.189,3.1296,3.8704,N,N,08/2018,Analyst
43-4121.00,1.A.1.a.2,Written Comprehension,IM,3.62,8,0.183,3.2664,3.9836,N,,08/2018,Analyst
43-4121.00,1.A.1.a.2,Written Comprehension,LV,3.12,8,0.125,2.88,3.37,N,N,08/2018,Analyst
43-4121.00,1.A.1.a.3,Oral Expression,IM,3.62,8,0.183,3.2664,3.9836,N,,08/2018,Analyst
43-4121.00,1.A.1.a.3,Oral Expression,LV,3.75,8,0.1637,3.4292,4.0708,N,N,08/2018,Analyst
43-4121.00,1.A.1.a.4,Written Expression,IM,3.0,8,0.0,3.0,3.0,N,,08/2018,Analyst
43-4121.00,1.A.1.a.4,Written Expression,LV,3.0,8,0.0,3.0,3.0,N,N,08/2018,Analyst
43-4121.00,1.A.1.b.1,Fluency of Ideas,IM,2.12,8,0.125,1.88,2.37,N,,08/2018,Analyst
43-4121.00,1.A.1.b.1,Fluency of Ideas,LV,2.12,8,0.125,1.88,2.37,N,N,08/2018,Analyst
43-4121.00,1.A.1.b.2,Originality,IM,2.12,8,0.125,1.88,2.37,N,,08/2018,Analyst
43-4121.00,1.A.1.b.2,Originality,LV,2.0,8,0.0,2.0,2.0,N,N,08/2018,Analyst
43-4121.00,1.A.1.b.3,Problem Sensitivity,IM,3.12,8,0.125,2.88,3.37,N,,08/2018,Analyst
43-4121.00,1.A.1.b.3,Problem Sensitivity,LV,2.88,8,0.125,2.63,3.12,N,N,08/2018,Analyst
43-4121.00,1.A.1.b.4,Deductive Reasoning,IM,2.88,8,0.125,2.63,3.12,N,,08/2018,Analyst
43-4121.00,1.A.1.b.4,Deductive Reasoning,LV,2.62,8,0.183,2.2664,2.9836,N,N,08/2018,Analyst
43-4121.00,1.A.1.b.5,Inductive Reasoning,IM,2.88,8,0.125,2.63,3.12,N,,08/2018,Analyst
43-4121.00,1.A.1.b.5,Inductive Reasoning,LV,2.75,8,0.1637,2.4292,3.0708,N,N,08/2018,Analyst
43-4121.00,1.A.1.b.6,Information Ordering,IM,3.38,8,0.183,3.0164,3.7336,N,,08/2018,Analyst
43-4121.00,1.A.1.b.6,Information Ordering,LV,3.12,8,0.125,2.88,3.37,N,N,08/2018,Analyst
43-4121.00,1.A.1.b.7,Category Flexibility,IM,3.0,8,0.0,3.0,3.0,N,,08/2018,Analyst
43-4121.00,1.A.1.b.7,Category Flexibility,LV,3.0,8,0.0,3.0,3.0,N,N,08/2018,Analyst
43-4121.00,1.A.1.c.1,Mathematical Reasoning,IM,2.0,8,0.0,2.0,2.0,N,,08/2018,Analyst
43-4121.00,1.A.1.c.1,Mathematical Reasoning,LV,1.88,8,0.125,1.63,2.12,N,N,08/2018,Analyst
43-4121.00,1.A.1.c.2,Number Facility,IM,2.0,8,0.0,2.0,2.0,N,,08/2018,Analyst
43-4121.00,1.A.1.c.2,Number Facility,LV,2.25,8,0.1637,1.9292,2.5708,N,N,08/2018,Analyst
43-4121.00,1.A.1.d.1,Memorization,IM,2.5,8,0.189,2.1296,2.8704,N,,08/2018,Analyst
43-4121.00,1.A.1.d.1,Memorization,LV,2.25,8,0.1637,1.9292,2.5708,N,N,08/2018,Analyst
43-4121.00,1.A.1.e.1,Speed of Closure,IM,2.12,8,0.125,1.88,2.37,N,,08/2018,Analyst
43-4121.00,1.A.1.e.1,Speed of Closure,LV,2.12,8,0.125,1.88,2.37,N,N,08/2018,Analyst
43-4121.00,1.A.1.e.2,Flexibility of Closure,IM,2.75,8,0.1637,2.4292,3.0708,N,,08/2018,Analyst
43-4121.00,1.A.1.e.2,Flexibility of Closure,LV,2.62,8,0.183,2.2664,2.9836,N,N,08/2018,Analyst
43-4121.00,1.A.1.e.3,Perceptual Speed,IM,3.0,8,0.189,2.6296,3.3704,N,,08/2018,Analyst
43-4121.00,1.A.1.e.3,Perceptual Speed,LV,2.62,8,0.183,2.2664,2.9836,N,N,08/2018,Analyst
43-4121.00,1.A.1.f.1,Spatial Orientation,IM,1.88,8,0.125,1.63,2.12,N,,08/2018,Analyst
43-4121.00,1.A.1.f.1,Spatial Orientation,LV,1.12,8,0.2266,0.6809,1.5691,N,N,08/2018,Analyst
43-4121.00,1.A.1.f.2,Visualization,IM,2.38,8,0.183,2.0164,2.7336,N,,08/2018,Analyst
43-4121.00,1.A.1.f.2,Visualization,LV,2.25,8,0.1637,1.9292,2.5708,N,N,08/2018,Analyst
43-4121.00,1.A.1.g.1,Selective Attention,IM,3.0,8,0.0,3.0,3.0,N,,08/2018,Analyst
43-4121.00,1.A.1.g.1,Selective Attention,LV,2.62,8,0.183,2.2664,2.9836,N,N,08/2018,Analyst
43-4121.00,1.A.1.g.2,Time Sharing,IM,2.88,8,0.125,2.63,3.12,N,,08/2018,Analyst
43-4121.00,1.A.1.g.2,Time Sharing,LV,2.12,8,0.125,1.88,2.37,N,N,08/2018,Analyst
43-4121.00,1.A.2.a.1,Arm-Hand Steadiness,IM,2.25,8,0.1637,1.9292,2.5708,N,,08/2018,Analyst
43-4121.00,1.A.2.a.1,Arm-Hand Steadiness,LV,2.12,8,0.125,1.88,2.37,N,N,08/2018,Analyst
43-4121.00,1.A.2.a.2,Manual Dexterity,IM,2.0,8,0.0,2.0,2.0,N,,08/2018,Analyst
43-4121.00,1.A.2.a.2,Manual Dexterity,LV,2.12,8,0.125,1.88,2.37,N,N,08/2018,Analyst
43-4121.00,1.A.2.a.3,Finger Dexterity,IM,2.5,8,0.2673,1.9762,3.0238,N,,08/2018,Analyst
43-4121.00,1.A.2.a.3,Finger Dexterity,LV,2.12,8,0.125,1.88,2.37,N,N,08/2018,Analyst
43-4121.00,1.A.2.b.1,Control Precision,IM,2.0,8,0.0,2.0,2.0,N,,08/2018,Analyst
43-4121.00,1.A.2.b.1,Control Precision,LV,1.38,8,0.183,1.0164,1.7336,N,N,08/2018,Analyst
43-4121.00,1.A.2.b.2,Multilimb Coordination,IM,2.0,8,0.0,2.0,2.0,N,,08/2018,Analyst
43-4121.00,1.A.2.b.2,Multilimb Coordination,LV,1.75,8,0.1637,1.4292,2.0708,N,N,08/2018,Analyst
43-4121.00,1.A.2.b.3,Response Orientation,IM,1.0,8,0.0,1.0,1.0,N,,08/2018,Analyst
43-4121.00,1.A.2.b.3,Response Orientation,LV,0.0,8,0.0,0.0,0.0,N,Y,08/2018,Analyst
43-4121.00,1.A.2.b.4,Rate Control,IM,1.0,8,0.0,1.0,1.0,N,,08/2018,Analyst
43-4121.00,1.A.2.b.4,Rate Control,LV,0.0,8,0.0,0.0,0.0,N,Y,08/2018,Analyst
43-4121.00,1.A.2.c.1,Reaction Time,IM,1.0,8,0.0,1.0,1.0,N,,08/2018,Analyst
43-4121.00,1.A.2.c.1,Reaction Time,LV,0.0,8,0.0,0.0,0.0,N,Y,08/2018,Analyst
43-4121.00,1.A.2.c.2,Wrist-Finger Speed,IM,1.62,8,0.183,1.2664,1.9836,N,,08/2018,Analyst
43-4121.00,1.A.2.c.2,Wrist-Finger Speed,LV,0.62,8,0.183,0.2664,0.9836,N,N,08/2018,Analyst
43-4121.00,1.A.2.c.3,Speed of Limb Movement,IM,1.0,8,0.0,1.0,1.0,N,,08/2018,Analyst
43-4121.00,1.A.2.c.3,Speed of Limb Movement,LV,0.0,8,0.0,0.0,0.0,N,Y,08/2018,Analyst
43-4121.00,1.A.3.a.1,Static Strength,IM,2.12,8,0.125,1.88,2.37,N,,08/2018,Analyst
43-4121.00,1.A.3.a.1,Static Strength,LV,2.0,8,0.0,2.0,2.0,N,N,08/2018,Analyst
43-4121.00,1.A.3.a.2,Explosive Strength,IM,1.12,8,0.125,1.0,1.37,N,,08/2018,Analyst
43-4121.00,1.A.3.a.2,Explosive Strength,LV,0.25,8,0.25,0.0,0.74,N,Y,08/2018,Analyst
43-4121.00,1.A.3.a.3,Dynamic Strength,IM,2.0,8,0.0,2.0,2.0,N,,08/2018,Analyst
43-4121.00,1.A.3.a.3,Dynamic Strength,LV,1.25,8,0.1637,0.9292,1.5708,N,N,08/2018,Analyst
43-4121.00,1.A.3.a.4,Trunk Strength,IM,2.62,8,0.183,2.2664,2.9836,N,,08/2018,Analyst
43-4121.00,1.A.3.a.4,Trunk Strength,LV,2.0,8,0.0,2.0,2.0,N,N,08/2018,Analyst
43-4121.00,1.A.3.b.1,Stamina,IM,2.0,8,0.0,2.0,2.0,N,,08/2018,Analyst
43-4121.00,1.A.3.b.1,Stamina,LV,1.0,8,0.0,1.0,1.0,N,N,08/2018,Analyst
43-4121.00,1.A.3.c.1,Extent Flexibility,IM,2.12,8,0.125,1.88,2.37,N,,08/2018,Analyst
43-4121.00,1.A.3.c.1,Extent Flexibility,LV,2.25,8,0.1637,1.9292,2.5708,N,N,08/2018,Analyst
43-4121.00,1.A.3.c.2,Dynamic Flexibility,IM,1.0,8,0.0,1.0,1.0,N,,08/2018,Analyst
43-4121.00,1.A.3.c.2,Dynamic Flexibility,LV,0.0,8,0.0,0.0,0.0,N,Y,08/2018,Analyst
43-4121.00,1.A.3.c.3,Gross Body Coordination,IM,2.0,8,0.0,2.0,2.0,N,,08/2018,Analyst
43-4121.00,1.A.3.c.3,Gross Body Coordination,LV,1.12,8,0.125,0.88,1.37,N,N,08/2018,Analyst
43-4121.00,1.A.3.c.4,Gross Body Equilibrium,IM,2.0,8,0.0,2.0,2.0,N,,08/2018,Analyst
43-4121.00,1.A.3.c.4,Gross Body Equilibrium,LV,1.38,8,0.183,1.0164,1.7336,N,N,08/2018,Analyst
43-4121.00,1.A.4.a.1,Near Vision,IM,3.25,8,0.1637,2.9292,3.5708,N,,08/2018,Analyst
43-4121.00,1.A.4.a.1,Near Vision,LV,3.62,8,0.183,3.2664,3.9836,N,N,08/2018,Analyst
43-4121.00,1.A.4.a.2,Far Vision,IM,2.62,8,0.183,2.2664,2.9836,N,,08/2018,Analyst
43-4121.00,1.A.4.a.2,Far Vision,LV,2.75,8,0.1637,2.4292,3.0708,N,N,08/2018,Analyst
43-4121.00,1.A.4.a.3,Visual Color Discrimination,IM,2.0,8,0.0,2.0,2.0,N,,08/2018,Analyst
43-4121.00,1.A.4.a.3,Visual Color Discrimination,LV,1.88,8,0.125,1.63,2.12,N,N,08/2018,Analyst
43-4121.00,1.A.4.a.4,Night Vision,IM,1.12,8,0.125,1.0,1.37,N,,08/2018,Analyst
43-4121.00,1.A.4.a.4,Night Vision,LV,0.25,8,0.25,0.0,0.74,N,Y,08/2018,Analyst
43-4121.00,1.A.4.a.5,Peripheral Vision,IM,1.12,8,0.125,1.0,1.37,N,,08/2018,Analyst
43-4121.00,1.A.4.a.5,Peripheral Vision,LV,0.25,8,0.25,0.0,0.74,N,Y,08/2018,Analyst
43-4121.00,1.A.4.a.6,Depth Perception,IM,1.38,8,0.183,1.0164,1.7336,N,,08/2018,Analyst
43-4121.00,1.A.4.a.6,Depth Perception,LV,0.5,8,0.2673,0.0,1.0238,N,N,08/2018,Analyst
43-4121.00,1.A.4.a.7,Glare Sensitivity,IM,1.0,8,0.0,1.0,1.0,N,,08/2018,Analyst
43-4121.00,1.A.4.a.7,Glare Sensitivity,LV,0.0,8,0.0,0.0,0.0,N,Y,08/2018,Analyst
43-4121.00,1.A.4.b.1,Hearing Sensitivity,IM,2.0,8,0.0,2.0,2.0,N,,08/2018,Analyst
43-4121.00,1.A.4.b.1,Hearing Sensitivity,LV,1.88,8,0.125,1.63,2.12,N,N,08/2018,Analyst
43-4121.00,1.A.4.b.2,Auditory Attention,IM,2.12,8,0.125,1.88,2.37,N,,08/2018,Analyst
43-4121.00,1.A.4.b.2,Auditory Attention,LV,2.12,8,0.125,1.88,2.37,N,N,08/2018,Analyst
43-4121.00,1.A.4.b.3,Sound Localization,IM,1.0,8,0.0,1.0,1.0,N,,08/2018,Analyst
43-4121.00,1.A.4.b.3,Sound Localization,LV,0.0,8,0.0,0.0,0.0,N,Y,08/2018,Analyst
43-4121.00,1.A.4.b.4,Speech Recognition,IM,3.12,8,0.125,2.88,3.37,N,,08/2018,Analyst
43-4121.00,1.A.4.b.4,Speech Recognition,LV,3.12,8,0.125,2.88,3.37,N,N,08/2018,Analyst
43-4121.00,1.A.4.b.5,Speech Clarity,IM,3.12,8,0.125,2.88,3.37,N,,08/2018,Analyst
43-4121.00,1.A.4.b.5,Speech Clarity,LV,3.0,8,0.0,3.0,3.0,N,N,08/2018,Analyst
43-4131.00,1.A.1.a.1,Oral Comprehension,IM,4.12,8,0.125,3.88,4.37,N,,07/2017,Analyst
43-4131.00,1.A.1.a.1,Oral Comprehension,LV,4.12,8,0.125,3.88,4.37,N,N,07/2017,Analyst
43-4131.00,1.A.1.a.2,Written Comprehension,IM,4.12,8,0.125,3.88,4.37,N,,07/2017,Analyst
43-4131.00,1.A.1.a.2,Written Comprehension,LV,4.0,8,0.0,4.0,4.0,N,N,07/2017,Analyst
43-4131.00,1.A.1.a.3,Oral Expression,IM,4.0,8,0.0,4.0,4.0,N,,07/2017,Analyst
43-4131.00,1.A.1.a.3,Oral Expression,LV,4.12,8,0.125,3.88,4.37,N,N,07/2017,Analyst
43-4131.00,1.A.1.a.4,Written Expression,IM,3.62,8,0.183,3.2664,3.9836,N,,07/2017,Analyst
43-4131.00,1.A.1.a.4,Written Expression,LV,3.88,8,0.125,3.63,4.12,N,N,07/2017,Analyst
43-4131.00,1.A.1.b.1,Fluency of Ideas,IM,3.0,8,0.0,3.0,3.0,N,,07/2017,Analyst
43-4131.00,1.A.1.b.1,Fluency of Ideas,LV,3.0,8,0.0,3.0,3.0,N,N,07/2017,Analyst
43-4131.00,1.A.1.b.2,Originality,IM,2.62,8,0.183,2.2664,2.9836,N,,07/2017,Analyst
43-4131.00,1.A.1.b.2,Originality,LV,2.75,8,0.1637,2.4292,3.0708,N,N,07/2017,Analyst
43-4131.00,1.A.1.b.3,Problem Sensitivity,IM,3.75,8,0.1637,3.4292,4.0708,N,,07/2017,Analyst
43-4131.00,1.A.1.b.3,Problem Sensitivity,LV,3.38,8,0.183,3.0164,3.7336,N,N,07/2017,Analyst
43-4131.00,1.A.1.b.4,Deductive Reasoning,IM,3.62,8,0.183,3.2664,3.9836,N,,07/2017,Analyst
43-4131.00,1.A.1.b.4,Deductive Reasoning,LV,3.75,8,0.1637,3.4292,4.0708,N,N,07/2017,Analyst
43-4131.00,1.A.1.b.5,Inductive Reasoning,IM,3.62,8,0.183,3.2664,3.9836,N,,07/2017,Analyst
43-4131.00,1.A.1.b.5,Inductive Reasoning,LV,3.5,8,0.189,3.1296,3.8704,N,N,07/2017,Analyst
43-4131.00,1.A.1.b.6,Information Ordering,IM,3.75,8,0.1637,3.4292,4.0708,N,,07/2017,Analyst
43-4131.00,1.A.1.b.6,Information Ordering,LV,3.62,8,0.183,3.2664,3.9836,N,N,07/2017,Analyst
43-4131.00,1.A.1.b.7,Category Flexibility,IM,3.0,8,0.0,3.0,3.0,N,,07/2017,Analyst
43-4131.00,1.A.1.b.7,Category Flexibility,LV,3.25,8,0.1637,2.9292,3.5708,N,N,07/2017,Analyst
43-4131.00,1.A.1.c.1,Mathematical Reasoning,IM,3.12,8,0.125,2.88,3.37,N,,07/2017,Analyst
43-4131.00,1.A.1.c.1,Mathematical Reasoning,LV,3.25,8,0.1637,2.9292,3.5708,N,N,07/2017,Analyst
43-4131.00,1.A.1.c.2,Number Facility,IM,3.0,8,0.0,3.0,3.0,N,,07/2017,Analyst
43-4131.00,1.A.1.c.2,Number Facility,LV,3.25,8,0.1637,2.9292,3.5708,N,N,07/2017,Analyst
43-4131.00,1.A.1.d.1,Memorization,IM,2.12,8,0.125,1.88,2.37,N,,07/2017,Analyst
43-4131.00,1.A.1.d.1,Memorization,LV,2.75,8,0.1637,2.4292,3.0708,N,N,07/2017,Analyst
43-4131.00,1.A.1.e.1,Speed of Closure,IM,2.75,8,0.1637,2.4292,3.0708,N,,07/2017,Analyst
43-4131.00,1.A.1.e.1,Speed of Closure,LV,2.75,8,0.1637,2.4292,3.0708,N,N,07/2017,Analyst
43-4131.00,1.A.1.e.2,Flexibility of Closure,IM,2.88,8,0.125,2.63,3.12,N,,07/2017,Analyst
43-4131.00,1.A.1.e.2,Flexibility of Closure,LV,2.88,8,0.125,2.63,3.12,N,N,07/2017,Analyst
43-4131.00,1.A.1.e.3,Perceptual Speed,IM,2.75,8,0.1637,2.4292,3.0708,N,,07/2017,Analyst
43-4131.00,1.A.1.e.3,Perceptual Speed,LV,2.75,8,0.1637,2.4292,3.0708,N,N,07/2017,Analyst
43-4131.00,1.A.1.f.1,Spatial Orientation,IM,1.0,8,0.0,1.0,1.0,N,,07/2017,Analyst
43-4131.00,1.A.1.f.1,Spatial Orientation,LV,0.0,8,0.0,0.0,0.0,N,Y,07/2017,Analyst
43-4131.00,1.A.1.f.2,Visualization,IM,2.62,8,0.183,2.2664,2.9836,N,,07/2017,Analyst
43-4131.00,1.A.1.f.2,Visualization,LV,2.38,8,0.183,2.0164,2.7336,N,N,07/2017,Analyst
43-4131.00,1.A.1.g.1,Selective Attention,IM,3.12,8,0.125,2.88,3.37,N,,07/2017,Analyst
43-4131.00,1.A.1.g.1,Selective Attention,LV,3.0,8,0.189,2.6296,3.3704,N,N,07/2017,Analyst
43-4131.00,1.A.1.g.2,Time Sharing,IM,2.88,8,0.125,2.63,3.12,N,,07/2017,Analyst
43-4131.00,1.A.1.g.2,Time Sharing,LV,2.5,8,0.189,2.1296,2.8704,N,N,07/2017,Analyst
43-4131.00,1.A.2.a.1,Arm-Hand Steadiness,IM,1.38,8,0.183,1.0164,1.7336,N,,07/2017,Analyst
43-4131.00,1.A.2.a.1,Arm-Hand Steadiness,LV,0.38,8,0.183,0.0164,0.7336,N,N,07/2017,Analyst
43-4131.00,1.A.2.a.2,Manual Dexterity,IM,1.38,8,0.183,1.0164,1.7336,N,,07/2017,Analyst
43-4131.00,1.A.2.a.2,Manual Dexterity,LV,0.38,8,0.183,0.0164,0.7336,N,N,07/2017,Analyst
43-4131.00,1.A.2.a.3,Finger Dexterity,IM,2.62,8,0.183,2.2664,2.9836,N,,07/2017,Analyst
43-4131.00,1.A.2.a.3,Finger Dexterity,LV,2.12,8,0.295,1.5467,2.7033,N,N,07/2017,Analyst
43-4131.00,1.A.2.b.1,Control Precision,IM,1.5,8,0.189,1.1296,1.8704,N,,07/2017,Analyst
43-4131.00,1.A.2.b.1,Control Precision,LV,0.5,8,0.189,0.1296,0.8704,N,N,07/2017,Analyst
43-4131.00,1.A.2.b.2,Multilimb Coordination,IM,1.0,8,0.0,1.0,1.0,N,,07/2017,Analyst
43-4131.00,1.A.2.b.2,Multilimb Coordination,LV,0.0,8,0.0,0.0,0.0,N,Y,07/2017,Analyst
43-4131.00,1.A.2.b.3,Response Orientation,IM,1.0,8,0.0,1.0,1.0,N,,07/2017,Analyst
43-4131.00,1.A.2.b.3,Response Orientation,LV,0.0,8,0.0,0.0,0.0,N,Y,07/2017,Analyst
43-4131.00,1.A.2.b.4,Rate Control,IM,1.0,8,0.0,1.0,1.0,N,,07/2017,Analyst
43-4131.00,1.A.2.b.4,Rate Control,LV,0.0,8,0.0,0.0,0.0,N,Y,07/2017,Analyst
43-4131.00,1.A.2.c.1,Reaction Time,IM,1.0,8,0.0,1.0,1.0,N,,07/2017,Analyst
43-4131.00,1.A.2.c.1,Reaction Time,LV,0.0,8,0.0,0.0,0.0,N,Y,07/2017,Analyst
43-4131.00,1.A.2.c.2,Wrist-Finger Speed,IM,1.38,8,0.183,1.0164,1.7336,N,,07/2017,Analyst
43-4131.00,1.A.2.c.2,Wrist-Finger Speed,LV,0.5,8,0.2673,0.0,1.0238,N,N,07/2017,Analyst
43-4131.00,1.A.2.c.3,Speed of Limb Movement,IM,1.0,8,0.0,1.0,1.0,N,,07/2017,Analyst
43-4131.00,1.A.2.c.3,Speed of Limb Movement,LV,0.0,8,0.0,0.0,0.0,N,Y,07/2017,Analyst
43-4131.00,1.A.3.a.1,Static Strength,IM,1.0,8,0.0,1.0,1.0,N,,07/2017,Analyst
43-4131.00,1.A.3.a.1,Static Strength,LV,0.0,8,0.0,0.0,0.0,N,Y,07/2017,Analyst
43-4131.00,1.A.3.a.2,Explosive Strength,IM,1.0,8,0.0,1.0,1.0,N,,07/2017,Analyst
43-4131.00,1.A.3.a.2,Explosive Strength,LV,0.0,8,0.0,0.0,0.0,N,Y,07/2017,Analyst
43-4131.00,1.A.3.a.3,Dynamic Strength,IM,1.25,8,0.1637,1.0,1.5708,N,,07/2017,Analyst
43-4131.00,1.A.3.a.3,Dynamic Strength,LV,0.25,8,0.1637,0.0,0.5708,N,Y,07/2017,Analyst
43-4131.00,1.A.3.a.4,Trunk Strength,IM,1.62,8,0.2631,1.1094,2.1406,N,,07/2017,Analyst
43-4131.00,1.A.3.a.4,Trunk Strength,LV,0.75,8,0.3134,0.1358,1.3642,N,N,07/2017,Analyst
43-4131.00,1.A.3.b.1,Stamina,IM,1.0,8,0.0,1.0,1.0,N,,07/2017,Analyst
43-4131.00,1.A.3.b.1,Stamina,LV,0.0,8,0.0,0.0,0.0,N,Y,07/2017,Analyst
43-4131.00,1.A.3.c.1,Extent Flexibility,IM,1.0,8,0.0,1.0,1.0,N,,07/2017,Analyst
43-4131.00,1.A.3.c.1,Extent Flexibility,LV,0.0,8,0.0,0.0,0.0,N,Y,07/2017,Analyst
43-4131.00,1.A.3.c.2,Dynamic Flexibility,IM,1.0,8,0.0,1.0,1.0,N,,07/2017,Analyst
43-4131.00,1.A.3.c.2,Dynamic Flexibility,LV,0.0,8,0.0,0.0,0.0,N,Y,07/2017,Analyst
43-4131.00,1.A.3.c.3,Gross Body Coordination,IM,1.0,8,0.0,1.0,1.0,N,,07/2017,Analyst
43-4131.00,1.A.3.c.3,Gross Body Coordination,LV,0.0,8,0.0,0.0,0.0,N,Y,07/2017,Analyst
43-4131.00,1.A.3.c.4,Gross Body Equilibrium,IM,1.0,8,0.0,1.0,1.0,N,,07/2017,Analyst
43-4131.00,1.A.3.c.4,Gross Body Equilibrium,LV,0.0,8,0.0,0.0,0.0,N,Y,07/2017,Analyst
43-4131.00,1.A.4.a.1,Near Vision,IM,3.75,8,0.1637,3.4292,4.0708,N,,07/2017,Analyst
43-4131.00,1.A.4.a.1,Near Vision,LV,3.88,8,0.125,3.63,4.12,N,N,07/2017,Analyst
43-4131.00,1.A.4.a.2,Far Vision,IM,2.75,8,0.1637,2.4292,3.0708,N,,07/2017,Analyst
43-4131.00,1.A.4.a.2,Far Vision,LV,2.75,8,0.25,2.26,3.24,N,N,07/2017,Analyst
43-4131.00,1.A.4.a.3,Visual Color Discrimination,IM,2.12,8,0.125,1.88,2.37,N,,07/2017,Analyst
43-4131.00,1.A.4.a.3,Visual Color Discrimination,LV,1.75,8,0.1637,1.4292,2.0708,N,N,07/2017,Analyst
43-4131.00,1.A.4.a.4,Night Vision,IM,1.0,8,0.0,1.0,1.0,N,,07/2017,Analyst
43-4131.00,1.A.4.a.4,Night Vision,LV,0.0,8,0.0,0.0,0.0,N,Y,07/2017,Analyst
43-4131.00,1.A.4.a.5,Peripheral Vision,IM,1.0,8,0.0,1.0,1.0,N,,07/2017,Analyst
43-4131.00,1.A.4.a.5,Peripheral Vision,LV,0.0,8,0.0,0.0,0.0,N,Y,07/2017,Analyst
43-4131.00,1.A.4.a.6,Depth Perception,IM,1.38,8,0.183,1.0164,1.7336,N,,07/2017,Analyst
43-4131.00,1.A.4.a.6,Depth Perception,LV,0.5,8,0.2673,0.0,1.0238,N,N,07/2017,Analyst
43-4131.00,1.A.4.a.7,Glare Sensitivity,IM,1.0,8,0.0,1.0,1.0,N,,07/2017,Analyst
43-4131.00,1.A.4.a.7,Glare Sensitivity,LV,0.0,8,0.0,0.0,0.0,N,Y,07/2017,Analyst
43-4131.00,1.A.4.b.1,Hearing Sensitivity,IM,2.12,8,0.125,1.88,2.37,N,,07/2017,Analyst
43-4131.00,1.A.4.b.1,Hearing Sensitivity,LV,2.0,8,0.0,2.0,2.0,N,N,07/2017,Analyst
43-4131.00,1.A.4.b.2,Auditory Attention,IM,2.0,8,0.0,2.0,2.0,N,,07/2017,Analyst
43-4131.00,1.A.4.b.2,Auditory Attention,LV,2.0,8,0.0,2.0,2.0,N,N,07/2017,Analyst
43-4131.00,1.A.4.b.3,Sound Localization,IM,1.0,8,0.0,1.0,1.0,N,,07/2017,Analyst
43-4131.00,1.A.4.b.3,Sound Localization,LV,0.0,8,0.0,0.0,0.0,N,Y,07/2017,Analyst
43-4131.00,1.A.4.b.4,Speech Recognition,IM,4.0,8,0.0,4.0,4.0,N,,07/2017,Analyst
43-4131.00,1.A.4.b.4,Speech Recognition,LV,4.0,8,0.0,4.0,4.0,N,N,07/2017,Analyst
43-4131.00,1.A.4.b.5,Speech Clarity,IM,4.0,8,0.0,4.0,4.0,N,,07/2017,Analyst
43-4131.00,1.A.4.b.5,Speech Clarity,LV,3.38,8,0.183,3.0164,3.7336,N,N,07/2017,Analyst
43-4141.00,1.A.1.a.1,Oral Comprehension,IM,4.0,8,0.0,4.0,4.0,N,,08/2020,Analyst
43-4141.00,1.A.1.a.1,Oral Comprehension,LV,4.0,8,0.0,4.0,4.0,N,N,08/2020,Analyst
43-4141.00,1.A.1.a.2,Written Comprehension,IM,3.75,8,0.1637,3.4292,4.0708,N,,08/2020,Analyst
43-4141.00,1.A.1.a.2,Written Comprehension,LV,4.0,8,0.0,4.0,4.0,N,N,08/2020,Analyst
43-4141.00,1.A.1.a.3,Oral Expression,IM,4.0,8,0.0,4.0,4.0,N,,08/2020,Analyst
43-4141.00,1.A.1.a.3,Oral Expression,LV,4.0,8,0.0,4.0,4.0,N,N,08/2020,Analyst
43-4141.00,1.A.1.a.4,Written Expression,IM,3.0,8,0.0,3.0,3.0,N,,08/2020,Analyst
43-4141.00,1.A.1.a.4,Written Expression,LV,3.0,8,0.0,3.0,3.0,N,N,08/2020,Analyst
43-4141.00,1.A.1.b.1,Fluency of Ideas,IM,2.62,8,0.183,2.2664,2.9836,N,,08/2020,Analyst
43-4141.00,1.A.1.b.1,Fluency of Ideas,LV,2.38,8,0.183,2.0164,2.7336,N,N,08/2020,Analyst
43-4141.00,1.A.1.b.2,Originality,IM,2.12,8,0.2266,1.6809,2.5691,N,,08/2020,Analyst
43-4141.00,1.A.1.b.2,Originality,LV,1.75,8,0.25,1.26,2.24,N,N,08/2020,Analyst
43-4141.00,1.A.1.b.3,Problem Sensitivity,IM,3.12,8,0.125,2.88,3.37,N,,08/2020,Analyst
43-4141.00,1.A.1.b.3,Problem Sensitivity,LV,2.88,8,0.125,2.63,3.12,N,N,08/2020,Analyst
43-4141.00,1.A.1.b.4,Deductive Reasoning,IM,3.25,8,0.1637,2.9292,3.5708,N,,08/2020,Analyst
43-4141.00,1.A.1.b.4,Deductive Reasoning,LV,3.12,8,0.125,2.88,3.37,N,N,08/2020,Analyst
43-4141.00,1.A.1.b.5,Inductive Reasoning,IM,3.12,8,0.125,2.88,3.37,N,,08/2020,Analyst
43-4141.00,1.A.1.b.5,Inductive Reasoning,LV,3.0,8,0.0,3.0,3.0,N,N,08/2020,Analyst
43-4141.00,1.A.1.b.6,Information Ordering,IM,3.12,8,0.125,2.88,3.37,N,,08/2020,Analyst
43-4141.00,1.A.1.b.6,Information Ordering,LV,3.0,8,0.0,3.0,3.0,N,N,08/2020,Analyst
43-4141.00,1.A.1.b.7,Category Flexibility,IM,2.88,8,0.125,2.63,3.12,N,,08/2020,Analyst
43-4141.00,1.A.1.b.7,Category Flexibility,LV,2.75,8,0.1637,2.4292,3.0708,N,N,08/2020,Analyst
43-4141.00,1.A.1.c.1,Mathematical Reasoning,IM,3.0,8,0.0,3.0,3.0,N,,08/2020,Analyst
43-4141.00,1.A.1.c.1,Mathematical Reasoning,LV,2.75,8,0.1637,2.4292,3.0708,N,N,08/2020,Analyst
43-4141.00,1.A.1.c.2,Number Facility,IM,2.88,8,0.125,2.63,3.12,N,,08/2020,Analyst
43-4141.00,1.A.1.c.2,Number Facility,LV,2.88,8,0.125,2.63,3.12,N,N,08/2020,Analyst
43-4141.00,1.A.1.d.1,Memorization,IM,2.62,8,0.183,2.2664,2.9836,N,,08/2020,Analyst
43-4141.00,1.A.1.d.1,Memorization,LV,2.25,8,0.1637,1.9292,2.5708,N,N,08/2020,Analyst
43-4141.00,1.A.1.e.1,Speed of Closure,IM,2.5,8,0.189,2.1296,2.8704,N,,08/2020,Analyst
43-4141.00,1.A.1.e.1,Speed of Closure,LV,2.12,8,0.125,1.88,2.37,N,N,08/2020,Analyst
43-4141.00,1.A.1.e.2,Flexibility of Closure,IM,2.5,8,0.189,2.1296,2.8704,N,,08/2020,Analyst
43-4141.00,1.A.1.e.2,Flexibility of Closure,LV,2.0,8,0.0,2.0,2.0,N,N,08/2020,Analyst
43-4141.00,1.A.1.e.3,Perceptual Speed,IM,2.75,8,0.1637,2.4292,3.0708,N,,08/2020,Analyst
43-4141.00,1.A.1.e.3,Perceptual Speed,LV,2.12,8,0.125,1.88,2.37,N,N,08/2020,Analyst
43-4141.00,1.A.1.f.1,Spatial Orientation,IM,1.0,8,0.0,1.0,1.0,N,,08/2020,Analyst
43-4141.00,1.A.1.f.1,Spatial Orientation,LV,0.0,8,0.0,0.0,0.0,N,Y,08/2020,Analyst
43-4141.00,1.A.1.f.2,Visualization,IM,2.0,8,0.0,2.0,2.0,N,,08/2020,Analyst
43-4141.00,1.A.1.f.2,Visualization,LV,1.88,8,0.125,1.63,2.12,N,N,08/2020,Analyst
43-4141.00,1.A.1.g.1,Selective Attention,IM,2.75,8,0.1637,2.4292,3.0708,N,,08/2020,Analyst
43-4141.00,1.A.1.g.1,Selective Attention,LV,2.12,8,0.125,1.88,2.37,N,N,08/2020,Analyst
43-4141.00,1.A.1.g.2,Time Sharing,IM,2.5,8,0.189,2.1296,2.8704,N,,08/2020,Analyst
43-4141.00,1.A.1.g.2,Time Sharing,LV,2.12,8,0.125,1.88,2.37,N,N,08/2020,Analyst
43-4141.00,1.A.2.a.1,Arm-Hand Steadiness,IM,1.88,8,0.125,1.63,2.12,N,,08/2020,Analyst
43-4141.00,1.A.2.a.1,Arm-Hand Steadiness,LV,1.0,8,0.189,0.6296,1.3704,N,N,08/2020,Analyst
43-4141.00,1.A.2.a.2,Manual Dexterity,IM,1.88,8,0.125,1.63,2.12,N,,08/2020,Analyst
43-4141.00,1.A.2.a.2,Manual Dexterity,LV,1.5,8,0.2673,0.9762,2.0238,N,N,08/2020,Analyst
43-4141.00,1.A.2.a.3,Finger Dexterity,IM,2.38,8,0.183,2.0164,2.7336,N,,08/2020,Analyst
43-4141.00,1.A.2.a.3,Finger Dexterity,LV,1.88,8,0.125,1.63,2.12,N,N,08/2020,Analyst
43-4141.00,1.A.2.b.1,Control Precision,IM,1.88,8,0.125,1.63,2.12,N,,08/2020,Analyst
43-4141.00,1.A.2.b.1,Control Precision,LV,1.12,8,0.2266,0.6809,1.5691,N,N,08/2020,Analyst
43-4141.00,1.A.2.b.2,Multilimb Coordination,IM,1.0,8,0.0,1.0,1.0,N,,08/2020,Analyst
43-4141.00,1.A.2.b.2,Multilimb Coordination,LV,0.0,8,0.0,0.0,0.0,N,Y,08/2020,Analyst
43-4141.00,1.A.2.b.3,Response Orientation,IM,1.0,8,0.0,1.0,1.0,N,,08/2020,Analyst
43-4141.00,1.A.2.b.3,Response Orientation,LV,0.0,8,0.0,0.0,0.0,N,Y,08/2020,Analyst
43-4141.00,1.A.2.b.4,Rate Control,IM,1.0,8,0.0,1.0,1.0,N,,08/2020,Analyst
43-4141.00,1.A.2.b.4,Rate Control,LV,0.0,8,0.0,0.0,0.0,N,Y,08/2020,Analyst
43-4141.00,1.A.2.c.1,Reaction Time,IM,1.0,8,0.0,1.0,1.0,N,,08/2020,Analyst
43-4141.00,1.A.2.c.1,Reaction Time,LV,0.0,8,0.0,0.0,0.0,N,Y,08/2020,Analyst
43-4141.00,1.A.2.c.2,Wrist-Finger Speed,IM,1.5,8,0.189,1.1296,1.8704,N,,08/2020,Analyst
43-4141.00,1.A.2.c.2,Wrist-Finger Speed,LV,0.75,8,0.3134,0.1358,1.3642,N,N,08/2020,Analyst
43-4141.00,1.A.2.c.3,Speed of Limb Movement,IM,1.0,8,0.0,1.0,1.0,N,,08/2020,Analyst
43-4141.00,1.A.2.c.3,Speed of Limb Movement,LV,0.0,8,0.0,0.0,0.0,N,Y,08/2020,Analyst
43-4141.00,1.A.3.a.1,Static Strength,IM,1.0,8,0.0,1.0,1.0,N,,08/2020,Analyst
43-4141.00,1.A.3.a.1,Static Strength,LV,0.0,8,0.0,0.0,0.0,N,Y,08/2020,Analyst
43-4141.00,1.A.3.a.2,Explosive Strength,IM,1.25,8,0.1637,1.0,1.5708,N,,08/2020,Analyst
43-4141.00,1.A.3.a.2,Explosive Strength,LV,0.25,8,0.1637,0.0,0.5708,N,Y,08/2020,Analyst
43-4141.00,1.A.3.a.3,Dynamic Strength,IM,1.38,8,0.183,1.0164,1.7336,N,,08/2020,Analyst
43-4141.00,1.A.3.a.3,Dynamic Strength,LV,0.38,8,0.183,0.0164,0.7336,N,N,08/2020,Analyst
43-4141.00,1.A.3.a.4,Trunk Strength,IM,1.88,8,0.2266,1.4309,2.3191,N,,08/2020,Analyst
43-4141.00,1.A.3.a.4,Trunk Strength,LV,1.38,8,0.3239,0.7402,2.0098,N,N,08/2020,Analyst
43-4141.00,1.A.3.b.1,Stamina,IM,1.25,8,0.1637,1.0,1.5708,N,,08/2020,Analyst
43-4141.00,1.A.3.b.1,Stamina,LV,0.25,8,0.1637,0.0,0.5708,N,Y,08/2020,Analyst
43-4141.00,1.A.3.c.1,Extent Flexibility,IM,1.0,8,0.0,1.0,1.0,N,,08/2020,Analyst
43-4141.00,1.A.3.c.1,Extent Flexibility,LV,0.0,8,0.0,0.0,0.0,N,Y,08/2020,Analyst
43-4141.00,1.A.3.c.2,Dynamic Flexibility,IM,1.0,8,0.0,1.0,1.0,N,,08/2020,Analyst
43-4141.00,1.A.3.c.2,Dynamic Flexibility,LV,0.0,8,0.0,0.0,0.0,N,Y,08/2020,Analyst
43-4141.00,1.A.3.c.3,Gross Body Coordination,IM,1.25,8,0.1637,1.0,1.5708,N,,08/2020,Analyst
43-4141.00,1.A.3.c.3,Gross Body Coordination,LV,0.25,8,0.1637,0.0,0.5708,N,Y,08/2020,Analyst
43-4141.00,1.A.3.c.4,Gross Body Equilibrium,IM,1.12,8,0.125,1.0,1.37,N,,08/2020,Analyst
43-4141.00,1.A.3.c.4,Gross Body Equilibrium,LV,0.12,8,0.125,0.0,0.37,N,Y,08/2020,Analyst
43-4141.00,1.A.4.a.1,Near Vision,IM,3.75,8,0.1637,3.4292,4.0708,N,,08/2020,Analyst
43-4141.00,1.A.4.a.1,Near Vision,LV,3.88,8,0.2266,3.4309,4.3191,N,N,08/2020,Analyst
43-4141.00,1.A.4.a.2,Far Vision,IM,2.25,8,0.1637,1.9292,2.5708,N,,08/2020,Analyst
43-4141.00,1.A.4.a.2,Far Vision,LV,2.0,8,0.0,2.0,2.0,N,N,08/2020,Analyst
43-4141.00,1.A.4.a.3,Visual Color Discrimination,IM,1.62,8,0.183,1.2664,1.9836,N,,08/2020,Analyst
43-4141.00,1.A.4.a.3,Visual Color Discrimination,LV,0.88,8,0.295,0.2967,1.4533,N,N,08/2020,Analyst
43-4141.00,1.A.4.a.4,Night Vision,IM,1.0,8,0.0,1.0,1.0,N,,08/2020,Analyst
43-4141.00,1.A.4.a.4,Night Vision,LV,0.0,8,0.0,0.0,0.0,N,Y,08/2020,Analyst
43-4141.00,1.A.4.a.5,Peripheral Vision,IM,1.0,8,0.0,1.0,1.0,N,,08/2020,Analyst
43-4141.00,1.A.4.a.5,Peripheral Vision,LV,0.0,8,0.0,0.0,0.0,N,Y,08/2020,Analyst
43-4141.00,1.A.4.a.6,Depth Perception,IM,1.0,8,0.0,1.0,1.0,N,,08/2020,Analyst
43-4141.00,1.A.4.a.6,Depth Perception,LV,0.0,8,0.0,0.0,0.0,N,Y,08/2020,Analyst
43-4141.00,1.A.4.a.7,Glare Sensitivity,IM,1.0,8,0.0,1.0,1.0,N,,08/2020,Analyst
43-4141.00,1.A.4.a.7,Glare Sensitivity,LV,0.0,8,0.0,0.0,0.0,N,Y,08/2020,Analyst
43-4141.00,1.A.4.b.1,Hearing Sensitivity,IM,1.75,8,0.1637,1.4292,2.0708,N,,08/2020,Analyst
43-4141.00,1.A.4.b.1,Hearing Sensitivity,LV,1.25,8,0.3134,0.6358,1.8642,N,N,08/2020,Analyst
43-4141.00,1.A.4.b.2,Auditory Attention,IM,2.12,8,0.125,1.88,2.37,N,,08/2020,Analyst
43-4141.00,1.A.4.b.2,Auditory Attention,LV,2.0,8,0.0,2.0,2.0,N,N,08/2020,Analyst
43-4141.00,1.A.4.b.3,Sound Localization,IM,1.0,8,0.0,1.0,1.0,N,,08/2020,Analyst
43-4141.00,1.A.4.b.3,Sound Localization,LV,0.0,8,0.0,0.0,0.0,N,Y,08/2020,Analyst
43-4141.00,1.A.4.b.4,Speech Recognition,IM,3.62,8,0.183,3.2664,3.9836,N,,08/2020,Analyst
43-4141.00,1.A.4.b.4,Speech Recognition,LV,3.62,8,0.183,3.2664,3.9836,N,N,08/2020,Analyst
43-4141.00,1.A.4.b.5,Speech Clarity,IM,3.62,8,0.183,3.2664,3.9836,N,,08/2020,Analyst
43-4141.00,1.A.4.b.5,Speech Clarity,LV,3.12,8,0.125,2.88,3.37,N,N,08/2020,Analyst
43-4151.00,1.A.1.a.1,Oral Comprehension,IM,4.0,8,0.0,4.0,4.0,N,,08/2023,Analyst
43-4151.00,1.A.1.a.1,Oral Comprehension,LV,3.88,8,0.125,3.63,4.12,N,N,08/2023,Analyst
43-4151.00,1.A.1.a.2,Written Comprehension,IM,3.75,8,0.1637,3.4292,4.0708,N,,08/2023,Analyst
43-4151.00,1.A.1.a.2,Written Comprehension,LV,3.38,8,0.183,3.0164,3.7336,N,N,08/2023,Analyst
43-4151.00,1.A.1.a.3,Oral Expression,IM,4.0,8,0.0,4.0,4.0,N,,08/2023,Analyst
43-4151.00,1.A.1.a.3,Oral Expression,LV,3.88,8,0.125,3.63,4.12,N,N,08/2023,Analyst
43-4151.00,1.A.1.a.4,Written Expression,IM,3.38,8,0.183,3.0164,3.7336,N,,08/2023,Analyst
43-4151.00,1.A.1.a.4,Written Expression,LV,3.0,8,0.0,3.0,3.0,N,N,08/2023,Analyst
43-4151.00,1.A.1.b.1,Fluency of Ideas,IM,2.5,8,0.189,2.1296,2.8704,N,,08/2023,Analyst
43-4151.00,1.A.1.b.1,Fluency of Ideas,LV,2.5,8,0.189,2.1296,2.8704,N,N,08/2023,Analyst
43-4151.00,1.A.1.b.2,Originality,IM,2.25,8,0.1637,1.9292,2.5708,N,,08/2023,Analyst
43-4151.00,1.A.1.b.2,Originality,LV,2.0,8,0.0,2.0,2.0,N,N,08/2023,Analyst
43-4151.00,1.A.1.b.3,Problem Sensitivity,IM,3.5,8,0.189,3.1296,3.8704,N,,08/2023,Analyst
43-4151.00,1.A.1.b.3,Problem Sensitivity,LV,3.12,8,0.125,2.88,3.37,N,N,08/2023,Analyst
43-4151.00,1.A.1.b.4,Deductive Reasoning,IM,3.12,8,0.125,2.88,3.37,N,,08/2023,Analyst
43-4151.00,1.A.1.b.4,Deductive Reasoning,LV,3.0,8,0.0,3.0,3.0,N,N,08/2023,Analyst
43-4151.00,1.A.1.b.5,Inductive Reasoning,IM,3.12,8,0.125,2.88,3.37,N,,08/2023,Analyst
43-4151.00,1.A.1.b.5,Inductive Reasoning,LV,3.0,8,0.0,3.0,3.0,N,N,08/2023,Analyst
43-4151.00,1.A.1.b.6,Information Ordering,IM,3.25,8,0.1637,2.9292,3.5708,N,,08/2023,Analyst
43-4151.00,1.A.1.b.6,Information Ordering,LV,3.0,8,0.0,3.0,3.0,N,N,08/2023,Analyst
43-4151.00,1.A.1.b.7,Category Flexibility,IM,3.12,8,0.125,2.88,3.37,N,,08/2023,Analyst
43-4151.00,1.A.1.b.7,Category Flexibility,LV,3.12,8,0.125,2.88,3.37,N,N,08/2023,Analyst
43-4151.00,1.A.1.c.1,Mathematical Reasoning,IM,2.62,8,0.183,2.2664,2.9836,N,,08/2023,Analyst
43-4151.00,1.A.1.c.1,Mathematical Reasoning,LV,2.25,8,0.1637,1.9292,2.5708,N,N,08/2023,Analyst
43-4151.00,1.A.1.c.2,Number Facility,IM,2.88,8,0.125,2.63,3.12,N,,08/2023,Analyst
43-4151.00,1.A.1.c.2,Number Facility,LV,2.88,8,0.125,2.63,3.12,N,N,08/2023,Analyst
43-4151.00,1.A.1.d.1,Memorization,IM,2.25,8,0.1637,1.9292,2.5708,N,,08/2023,Analyst
43-4151.00,1.A.1.d.1,Memorization,LV,2.25,8,0.1637,1.9292,2.5708,N,N,08/2023,Analyst
43-4151.00,1.A.1.e.1,Speed of Closure,IM,2.88,8,0.125,2.63,3.12,N,,08/2023,Analyst
43-4151.00,1.A.1.e.1,Speed of Closure,LV,2.88,8,0.125,2.63,3.12,N,N,08/2023,Analyst
43-4151.00,1.A.1.e.2,Flexibility of Closure,IM,3.0,8,0.189,2.6296,3.3704,N,,08/2023,Analyst
43-4151.00,1.A.1.e.2,Flexibility of Closure,LV,2.75,8,0.1637,2.4292,3.0708,N,N,08/2023,Analyst
43-4151.00,1.A.1.e.3,Perceptual Speed,IM,3.12,8,0.125,2.88,3.37,N,,08/2023,Analyst
43-4151.00,1.A.1.e.3,Perceptual Speed,LV,3.0,8,0.0,3.0,3.0,N,N,08/2023,Analyst
43-4151.00,1.A.1.f.1,Spatial Orientation,IM,1.0,8,0.0,1.0,1.0,N,,08/2023,Analyst
43-4151.00,1.A.1.f.1,Spatial Orientation,LV,0.0,8,0.0,0.0,0.0,N,Y,08/2023,Analyst
43-4151.00,1.A.1.f.2,Visualization,IM,2.12,8,0.125,1.88,2.37,N,,08/2023,Analyst
43-4151.00,1.A.1.f.2,Visualization,LV,2.12,8,0.125,1.88,2.37,N,N,08/2023,Analyst
43-4151.00,1.A.1.g.1,Selective Attention,IM,3.0,8,0.0,3.0,3.0,N,,08/2023,Analyst
43-4151.00,1.A.1.g.1,Selective Attention,LV,2.88,8,0.125,2.63,3.12,N,N,08/2023,Analyst
43-4151.00,1.A.1.g.2,Time Sharing,IM,2.75,8,0.1637,2.4292,3.0708,N,,08/2023,Analyst
43-4151.00,1.A.1.g.2,Time Sharing,LV,2.38,8,0.183,2.0164,2.7336,N,N,08/2023,Analyst
43-4151.00,1.A.2.a.1,Arm-Hand Steadiness,IM,1.88,8,0.125,1.63,2.12,N,,08/2023,Analyst
43-4151.00,1.A.2.a.1,Arm-Hand Steadiness,LV,1.38,8,0.2631,0.8594,1.8906,N,N,08/2023,Analyst
43-4151.00,1.A.2.a.2,Manual Dexterity,IM,1.75,8,0.1637,1.4292,2.0708,N,,08/2023,Analyst
43-4151.00,1.A.2.a.2,Manual Dexterity,LV,1.12,8,0.295,0.5467,1.7033,N,N,08/2023,Analyst
43-4151.00,1.A.2.a.3,Finger Dexterity,IM,1.88,8,0.125,1.63,2.12,N,,08/2023,Analyst
43-4151.00,1.A.2.a.3,Finger Dexterity,LV,1.5,8,0.2673,0.9762,2.0238,N,N,08/2023,Analyst
43-4151.00,1.A.2.b.1,Control Precision,IM,1.62,8,0.183,1.2664,1.9836,N,,08/2023,Analyst
43-4151.00,1.A.2.b.1,Control Precision,LV,0.62,8,0.183,0.2664,0.9836,N,N,08/2023,Analyst
43-4151.00,1.A.2.b.2,Multilimb Coordination,IM,1.25,8,0.1637,1.0,1.5708,N,,08/2023,Analyst
43-4151.00,1.A.2.b.2,Multilimb Coordination,LV,0.25,8,0.1637,0.0,0.5708,N,Y,08/2023,Analyst
43-4151.00,1.A.2.b.3,Response Orientation,IM,1.12,8,0.125,1.0,1.37,N,,08/2023,Analyst
43-4151.00,1.A.2.b.3,Response Orientation,LV,0.12,8,0.125,0.0,0.37,N,Y,08/2023,Analyst
43-4151.00,1.A.2.b.4,Rate Control,IM,1.12,8,0.125,1.0,1.37,N,,08/2023,Analyst
43-4151.00,1.A.2.b.4,Rate Control,LV,0.12,8,0.125,0.0,0.37,N,Y,08/2023,Analyst
43-4151.00,1.A.2.c.1,Reaction Time,IM,1.38,8,0.183,1.0164,1.7336,N,,08/2023,Analyst
43-4151.00,1.A.2.c.1,Reaction Time,LV,0.38,8,0.183,0.0164,0.7336,N,N,08/2023,Analyst
43-4151.00,1.A.2.c.2,Wrist-Finger Speed,IM,2.0,8,0.0,2.0,2.0,N,,08/2023,Analyst
43-4151.00,1.A.2.c.2,Wrist-Finger Speed,LV,1.5,8,0.189,1.1296,1.8704,N,N,08/2023,Analyst
43-4151.00,1.A.2.c.3,Speed of Limb Movement,IM,1.0,8,0.0,1.0,1.0,N,,08/2023,Analyst
43-4151.00,1.A.2.c.3,Speed of Limb Movement,LV,0.0,8,0.0,0.0,0.0,N,Y,08/2023,Analyst
43-4151.00,1.A.3.a.1,Static Strength,IM,1.0,8,0.0,1.0,1.0,N,,08/2023,Analyst
43-4151.00,1.A.3.a.1,Static Strength,LV,0.0,8,0.0,0.0,0.0,N,Y,08/2023,Analyst
43-4151.00,1.A.3.a.2,Explosive Strength,IM,1.0,8,0.0,1.0,1.0,N,,08/2023,Analyst
43-4151.00,1.A.3.a.2,Explosive Strength,LV,0.0,8,0.0,0.0,0.0,N,Y,08/2023,Analyst
43-4151.00,1.A.3.a.3,Dynamic Strength,IM,1.62,8,0.183,1.2664,1.9836,N,,08/2023,Analyst
43-4151.00,1.A.3.a.3,Dynamic Strength,LV,0.62,8,0.183,0.2664,0.9836,N,N,08/2023,Analyst
43-4151.00,1.A.3.a.4,Trunk Strength,IM,2.0,8,0.189,1.6296,2.3704,N,,08/2023,Analyst
43-4151.00,1.A.3.a.4,Trunk Strength,LV,1.62,8,0.2631,1.1094,2.1406,N,N,08/2023,Analyst
43-4151.00,1.A.3.b.1,Stamina,IM,1.12,8,0.125,1.0,1.37,N,,08/2023,Analyst
43-4151.00,1.A.3.b.1,Stamina,LV,0.12,8,0.125,0.0,0.37,N,Y,08/2023,Analyst
43-4151.00,1.A.3.c.1,Extent Flexibility,IM,1.38,8,0.183,1.0164,1.7336,N,,08/2023,Analyst
43-4151.00,1.A.3.c.1,Extent Flexibility,LV,0.38,8,0.183,0.0164,0.7336,N,N,08/2023,Analyst
43-4151.00,1.A.3.c.2,Dynamic Flexibility,IM,1.0,8,0.0,1.0,1.0,N,,08/2023,Analyst
43-4151.00,1.A.3.c.2,Dynamic Flexibility,LV,0.0,8,0.0,0.0,0.0,N,Y,08/2023,Analyst
43-4151.00,1.A.3.c.3,Gross Body Coordination,IM,1.0,8,0.0,1.0,1.0,N,,08/2023,Analyst
43-4151.00,1.A.3.c.3,Gross Body Coordination,LV,0.0,8,0.0,0.0,0.0,N,Y,08/2023,Analyst
43-4151.00,1.A.3.c.4,Gross Body Equilibrium,IM,1.12,8,0.125,1.0,1.37,N,,08/2023,Analyst
43-4151.00,1.A.3.c.4,Gross Body Equilibrium,LV,0.12,8,0.125,0.0,0.37,N,Y,08/2023,Analyst
43-4151.00,1.A.4.a.1,Near Vision,IM,4.0,8,0.0,4.0,4.0,N,,08/2023,Analyst
43-4151.00,1.A.4.a.1,Near Vision,LV,4.0,8,0.0,4.0,4.0,N,N,08/2023,Analyst
43-4151.00,1.A.4.a.2,Far Vision,IM,2.62,8,0.183,2.2664,2.9836,N,,08/2023,Analyst
43-4151.00,1.A.4.a.2,Far Vision,LV,2.62,8,0.183,2.2664,2.9836,N,N,08/2023,Analyst
43-4151.00,1.A.4.a.3,Visual Color Discrimination,IM,2.5,8,0.189,2.1296,2.8704,N,,08/2023,Analyst
43-4151.00,1.A.4.a.3,Visual Color Discrimination,LV,2.25,8,0.1637,1.9292,2.5708,N,N,08/2023,Analyst
43-4151.00,1.A.4.a.4,Night Vision,IM,1.0,8,0.0,1.0,1.0,N,,08/2023,Analyst
43-4151.00,1.A.4.a.4,Night Vision,LV,0.0,8,0.0,0.0,0.0,N,Y,08/2023,Analyst
43-4151.00,1.A.4.a.5,Peripheral Vision,IM,1.0,8,0.0,1.0,1.0,N,,08/2023,Analyst
43-4151.00,1.A.4.a.5,Peripheral Vision,LV,0.0,8,0.0,0.0,0.0,N,Y,08/2023,Analyst
43-4151.00,1.A.4.a.6,Depth Perception,IM,1.5,8,0.189,1.1296,1.8704,N,,08/2023,Analyst
43-4151.00,1.A.4.a.6,Depth Perception,LV,0.5,8,0.189,0.1296,0.8704,N,N,08/2023,Analyst
43-4151.00,1.A.4.a.7,Glare Sensitivity,IM,1.0,8,0.0,1.0,1.0,N,,08/2023,Analyst
43-4151.00,1.A.4.a.7,Glare Sensitivity,LV,0.0,8,0.0,0.0,0.0,N,Y,08/2023,Analyst
43-4151.00,1.A.4.b.1,Hearing Sensitivity,IM,1.75,8,0.1637,1.4292,2.0708,N,,08/2023,Analyst
43-4151.00,1.A.4.b.1,Hearing Sensitivity,LV,1.25,8,0.3134,0.6358,1.8642,N,N,08/2023,Analyst
43-4151.00,1.A.4.b.2,Auditory Attention,IM,2.38,8,0.183,2.0164,2.7336,N,,08/2023,Analyst
43-4151.00,1.A.4.b.2,Auditory Attention,LV,2.12,8,0.125,1.88,2.37,N,N,08/2023,Analyst
43-4151.00,1.A.4.b.3,Sound Localization,IM,1.0,8,0.0,1.0,1.0,N,,08/2023,Analyst
43-4151.00,1.A.4.b.3,Sound Localization,LV,0.0,8,0.0,0.0,0.0,N,Y,08/2023,Analyst
43-4151.00,1.A.4.b.4,Speech Recognition,IM,4.0,8,0.189,3.6296,4.3704,N,,08/2023,Analyst
43-4151.00,1.A.4.b.4,Speech Recognition,LV,3.88,8,0.2266,3.4309,4.3191,N,N,08/2023,Analyst
43-4151.00,1.A.4.b.5,Speech Clarity,IM,3.88,8,0.125,3.63,4.12,N,,08/2023,Analyst
43-4151.00,1.A.4.b.5,Speech Clarity,LV,3.38,8,0.183,3.0164,3.7336,N,N,08/2023,Analyst
43-4161.00,1.A.1.a.1,Oral Comprehension,IM,4.0,8,0.0,4.0,4.0,N,,07/2017,Analyst
43-4161.00,1.A.1.a.1,Oral Comprehension,LV,4.0,8,0.0,4.0,4.0,N,N,07/2017,Analyst
43-4161.00,1.A.1.a.2,Written Comprehension,IM,3.88,8,0.125,3.63,4.12,N,,07/2017,Analyst
43-4161.00,1.A.1.a.2,Written Comprehension,LV,3.88,8,0.125,3.63,4.12,N,N,07/2017,Analyst
43-4161.00,1.A.1.a.3,Oral Expression,IM,4.0,8,0.0,4.0,4.0,N,,07/2017,Analyst
43-4161.00,1.A.1.a.3,Oral Expression,LV,4.0,8,0.0,4.0,4.0,N,N,07/2017,Analyst
43-4161.00,1.A.1.a.4,Written Expression,IM,3.75,8,0.1637,3.4292,4.0708,N,,07/2017,Analyst
43-4161.00,1.A.1.a.4,Written Expression,LV,4.0,8,0.0,4.0,4.0,N,N,07/2017,Analyst
43-4161.00,1.A.1.b.1,Fluency of Ideas,IM,2.88,8,0.125,2.63,3.12,N,,07/2017,Analyst
43-4161.00,1.A.1.b.1,Fluency of Ideas,LV,2.62,8,0.2631,2.1094,3.1406,N,N,07/2017,Analyst
43-4161.00,1.A.1.b.2,Originality,IM,2.5,8,0.2673,1.9762,3.0238,N,,07/2017,Analyst
43-4161.00,1.A.1.b.2,Originality,LV,2.25,8,0.366,1.5327,2.9673,N,N,07/2017,Analyst
43-4161.00,1.A.1.b.3,Problem Sensitivity,IM,3.38,8,0.183,3.0164,3.7336,N,,07/2017,Analyst
43-4161.00,1.A.1.b.3,Problem Sensitivity,LV,3.25,8,0.1637,2.9292,3.5708,N,N,07/2017,Analyst
43-4161.00,1.A.1.b.4,Deductive Reasoning,IM,3.25,8,0.1637,2.9292,3.5708,N,,07/2017,Analyst
43-4161.00,1.A.1.b.4,Deductive Reasoning,LV,3.12,8,0.125,2.88,3.37,N,N,07/2017,Analyst
43-4161.00,1.A.1.b.5,Inductive Reasoning,IM,3.0,8,0.0,3.0,3.0,N,,07/2017,Analyst
43-4161.00,1.A.1.b.5,Inductive Reasoning,LV,3.0,8,0.0,3.0,3.0,N,N,07/2017,Analyst
43-4161.00,1.A.1.b.6,Information Ordering,IM,3.25,8,0.1637,2.9292,3.5708,N,,07/2017,Analyst
43-4161.00,1.A.1.b.6,Information Ordering,LV,3.12,8,0.125,2.88,3.37,N,N,07/2017,Analyst
43-4161.00,1.A.1.b.7,Category Flexibility,IM,3.12,8,0.125,2.88,3.37,N,,07/2017,Analyst
43-4161.00,1.A.1.b.7,Category Flexibility,LV,2.88,8,0.125,2.63,3.12,N,N,07/2017,Analyst
43-4161.00,1.A.1.c.1,Mathematical Reasoning,IM,2.0,8,0.0,2.0,2.0,N,,07/2017,Analyst
43-4161.00,1.A.1.c.1,Mathematical Reasoning,LV,2.0,8,0.0,2.0,2.0,N,N,07/2017,Analyst
43-4161.00,1.A.1.c.2,Number Facility,IM,2.0,8,0.0,2.0,2.0,N,,07/2017,Analyst
43-4161.00,1.A.1.c.2,Number Facility,LV,2.12,8,0.125,1.88,2.37,N,N,07/2017,Analyst
43-4161.00,1.A.1.d.1,Memorization,IM,2.12,8,0.125,1.88,2.37,N,,07/2017,Analyst
43-4161.00,1.A.1.d.1,Memorization,LV,2.12,8,0.125,1.88,2.37,N,N,07/2017,Analyst
43-4161.00,1.A.1.e.1,Speed of Closure,IM,2.25,8,0.1637,1.9292,2.5708,N,,07/2017,Analyst
43-4161.00,1.A.1.e.1,Speed of Closure,LV,2.0,8,0.0,2.0,2.0,N,N,07/2017,Analyst
43-4161.00,1.A.1.e.2,Flexibility of Closure,IM,2.75,8,0.25,2.26,3.24,N,,07/2017,Analyst
43-4161.00,1.A.1.e.2,Flexibility of Closure,LV,2.62,8,0.183,2.2664,2.9836,N,N,07/2017,Analyst
43-4161.00,1.A.1.e.3,Perceptual Speed,IM,2.5,8,0.189,2.1296,2.8704,N,,07/2017,Analyst
43-4161.00,1.A.1.e.3,Perceptual Speed,LV,2.25,8,0.1637,1.9292,2.5708,N,N,07/2017,Analyst
43-4161.00,1.A.1.f.1,Spatial Orientation,IM,1.0,8,0.0,1.0,1.0,N,,07/2017,Analyst
43-4161.00,1.A.1.f.1,Spatial Orientation,LV,0.0,8,0.0,0.0,0.0,N,Y,07/2017,Analyst
43-4161.00,1.A.1.f.2,Visualization,IM,2.0,8,0.0,2.0,2.0,N,,07/2017,Analyst
43-4161.00,1.A.1.f.2,Visualization,LV,2.0,8,0.0,2.0,2.0,N,N,07/2017,Analyst
43-4161.00,1.A.1.g.1,Selective Attention,IM,2.62,8,0.2631,2.1094,3.1406,N,,07/2017,Analyst
43-4161.00,1.A.1.g.1,Selective Attention,LV,2.38,8,0.375,1.64,3.11,N,N,07/2017,Analyst
43-4161.00,1.A.1.g.2,Time Sharing,IM,2.62,8,0.183,2.2664,2.9836,N,,07/2017,Analyst
43-4161.00,1.A.1.g.2,Time Sharing,LV,2.5,8,0.189,2.1296,2.8704,N,N,07/2017,Analyst
43-4161.00,1.A.2.a.1,Arm-Hand Steadiness,IM,1.0,8,0.0,1.0,1.0,N,,07/2017,Analyst
43-4161.00,1.A.2.a.1,Arm-Hand Steadiness,LV,0.0,8,0.0,0.0,0.0,N,Y,07/2017,Analyst
43-4161.00,1.A.2.a.2,Manual Dexterity,IM,1.0,8,0.0,1.0,1.0,N,,07/2017,Analyst
43-4161.00,1.A.2.a.2,Manual Dexterity,LV,0.0,8,0.0,0.0,0.0,N,Y,07/2017,Analyst
43-4161.00,1.A.2.a.3,Finger Dexterity,IM,1.75,8,0.1637,1.4292,2.0708,N,,07/2017,Analyst
43-4161.00,1.A.2.a.3,Finger Dexterity,LV,1.38,8,0.3239,0.7402,2.0098,N,N,07/2017,Analyst
43-4161.00,1.A.2.b.1,Control Precision,IM,1.0,8,0.0,1.0,1.0,N,,07/2017,Analyst
43-4161.00,1.A.2.b.1,Control Precision,LV,0.0,8,0.0,0.0,0.0,N,Y,07/2017,Analyst
43-4161.00,1.A.2.b.2,Multilimb Coordination,IM,1.0,8,0.0,1.0,1.0,N,,07/2017,Analyst
43-4161.00,1.A.2.b.2,Multilimb Coordination,LV,0.0,8,0.0,0.0,0.0,N,Y,07/2017,Analyst
43-4161.00,1.A.2.b.3,Response Orientation,IM,1.0,8,0.0,1.0,1.0,N,,07/2017,Analyst
43-4161.00,1.A.2.b.3,Response Orientation,LV,0.0,8,0.0,0.0,0.0,N,Y,07/2017,Analyst
43-4161.00,1.A.2.b.4,Rate Control,IM,1.0,8,0.0,1.0,1.0,N,,07/2017,Analyst
43-4161.00,1.A.2.b.4,Rate Control,LV,0.0,8,0.0,0.0,0.0,N,Y,07/2017,Analyst
43-4161.00,1.A.2.c.1,Reaction Time,IM,1.0,8,0.0,1.0,1.0,N,,07/2017,Analyst
43-4161.00,1.A.2.c.1,Reaction Time,LV,0.0,8,0.0,0.0,0.0,N,Y,07/2017,Analyst
43-4161.00,1.A.2.c.2,Wrist-Finger Speed,IM,1.38,8,0.183,1.0164,1.7336,N,,07/2017,Analyst
43-4161.00,1.A.2.c.2,Wrist-Finger Speed,LV,0.38,8,0.183,0.0164,0.7336,N,N,07/2017,Analyst
43-4161.00,1.A.2.c.3,Speed of Limb Movement,IM,1.0,8,0.0,1.0,1.0,N,,07/2017,Analyst
43-4161.00,1.A.2.c.3,Speed of Limb Movement,LV,0.0,8,0.0,0.0,0.0,N,Y,07/2017,Analyst
43-4161.00,1.A.3.a.1,Static Strength,IM,1.0,8,0.0,1.0,1.0,N,,07/2017,Analyst
43-4161.00,1.A.3.a.1,Static Strength,LV,0.0,8,0.0,0.0,0.0,N,Y,07/2017,Analyst
43-4161.00,1.A.3.a.2,Explosive Strength,IM,1.0,8,0.0,1.0,1.0,N,,07/2017,Analyst
43-4161.00,1.A.3.a.2,Explosive Strength,LV,0.0,8,0.0,0.0,0.0,N,Y,07/2017,Analyst
43-4161.00,1.A.3.a.3,Dynamic Strength,IM,1.38,8,0.183,1.0164,1.7336,N,,07/2017,Analyst
43-4161.00,1.A.3.a.3,Dynamic Strength,LV,0.38,8,0.183,0.0164,0.7336,N,N,07/2017,Analyst
43-4161.00,1.A.3.a.4,Trunk Strength,IM,1.62,8,0.183,1.2664,1.9836,N,,07/2017,Analyst
43-4161.00,1.A.3.a.4,Trunk Strength,LV,1.0,8,0.3273,0.3584,1.6416,N,N,07/2017,Analyst
43-4161.00,1.A.3.b.1,Stamina,IM,1.0,8,0.0,1.0,1.0,N,,07/2017,Analyst
43-4161.00,1.A.3.b.1,Stamina,LV,0.0,8,0.0,0.0,0.0,N,Y,07/2017,Analyst
43-4161.00,1.A.3.c.1,Extent Flexibility,IM,1.0,8,0.0,1.0,1.0,N,,07/2017,Analyst
43-4161.00,1.A.3.c.1,Extent Flexibility,LV,0.0,8,0.0,0.0,0.0,N,Y,07/2017,Analyst
43-4161.00,1.A.3.c.2,Dynamic Flexibility,IM,1.0,8,0.0,1.0,1.0,N,,07/2017,Analyst
43-4161.00,1.A.3.c.2,Dynamic Flexibility,LV,0.0,8,0.0,0.0,0.0,N,Y,07/2017,Analyst
43-4161.00,1.A.3.c.3,Gross Body Coordination,IM,1.0,8,0.0,1.0,1.0,N,,07/2017,Analyst
43-4161.00,1.A.3.c.3,Gross Body Coordination,LV,0.0,8,0.0,0.0,0.0,N,Y,07/2017,Analyst
43-4161.00,1.A.3.c.4,Gross Body Equilibrium,IM,1.0,8,0.0,1.0,1.0,N,,07/2017,Analyst
43-4161.00,1.A.3.c.4,Gross Body Equilibrium,LV,0.0,8,0.0,0.0,0.0,N,Y,07/2017,Analyst
43-4161.00,1.A.4.a.1,Near Vision,IM,3.62,8,0.183,3.2664,3.9836,N,,07/2017,Analyst
43-4161.00,1.A.4.a.1,Near Vision,LV,3.62,8,0.183,3.2664,3.9836,N,N,07/2017,Analyst
43-4161.00,1.A.4.a.2,Far Vision,IM,2.75,8,0.1637,2.4292,3.0708,N,,07/2017,Analyst
43-4161.00,1.A.4.a.2,Far Vision,LV,2.62,8,0.183,2.2664,2.9836,N,N,07/2017,Analyst
43-4161.00,1.A.4.a.3,Visual Color Discrimination,IM,1.75,8,0.1637,1.4292,2.0708,N,,07/2017,Analyst
43-4161.00,1.A.4.a.3,Visual Color Discrimination,LV,1.25,8,0.3134,0.6358,1.8642,N,N,07/2017,Analyst
43-4161.00,1.A.4.a.4,Night Vision,IM,1.0,8,0.0,1.0,1.0,N,,07/2017,Analyst
43-4161.00,1.A.4.a.4,Night Vision,LV,0.0,8,0.0,0.0,0.0,N,Y,07/2017,Analyst
43-4161.00,1.A.4.a.5,Peripheral Vision,IM,1.0,8,0.0,1.0,1.0,N,,07/2017,Analyst
43-4161.00,1.A.4.a.5,Peripheral Vision,LV,0.0,8,0.0,0.0,0.0,N,Y,07/2017,Analyst
43-4161.00,1.A.4.a.6,Depth Perception,IM,1.25,8,0.1637,1.0,1.5708,N,,07/2017,Analyst
43-4161.00,1.A.4.a.6,Depth Perception,LV,0.25,8,0.1637,0.0,0.5708,N,Y,07/2017,Analyst
43-4161.00,1.A.4.a.7,Glare Sensitivity,IM,1.0,8,0.0,1.0,1.0,N,,07/2017,Analyst
43-4161.00,1.A.4.a.7,Glare Sensitivity,LV,0.0,8,0.0,0.0,0.0,N,Y,07/2017,Analyst
43-4161.00,1.A.4.b.1,Hearing Sensitivity,IM,1.75,8,0.1637,1.4292,2.0708,N,,07/2017,Analyst
43-4161.00,1.A.4.b.1,Hearing Sensitivity,LV,0.88,8,0.2266,0.4309,1.3191,N,N,07/2017,Analyst
43-4161.00,1.A.4.b.2,Auditory Attention,IM,1.88,8,0.125,1.63,2.12,N,,07/2017,Analyst
43-4161.00,1.A.4.b.2,Auditory Attention,LV,1.25,8,0.25,0.76,1.74,N,N,07/2017,Analyst
43-4161.00,1.A.4.b.3,Sound Localization,IM,1.0,8,0.0,1.0,1.0,N,,07/2017,Analyst
43-4161.00,1.A.4.b.3,Sound Localization,LV,0.0,8,0.0,0.0,0.0,N,Y,07/2017,Analyst
43-4161.00,1.A.4.b.4,Speech Recognition,IM,3.5,8,0.189,3.1296,3.8704,N,,07/2017,Analyst
43-4161.00,1.A.4.b.4,Speech Recognition,LV,3.38,8,0.183,3.0164,3.7336,N,N,07/2017,Analyst
43-4161.00,1.A.4.b.5,Speech Clarity,IM,3.75,8,0.1637,3.4292,4.0708,N,,07/2017,Analyst
43-4161.00,1.A.4.b.5,Speech Clarity,LV,3.25,8,0.1637,2.9292,3.5708,N,N,07/2017,Analyst
43-4171.00,1.A.1.a.1,Oral Comprehension,IM,3.88,8,0.125,3.63,4.12,N,,08/2023,Analyst
43-4171.00,1.A.1.a.1,Oral Comprehension,LV,3.75,8,0.1637,3.4292,4.0708,N,N,08/2023,Analyst
43-4171.00,1.A.1.a.2,Written Comprehension,IM,3.62,8,0.183,3.2664,3.9836,N,,08/2023,Analyst
43-4171.00,1.A.1.a.2,Written Comprehension,LV,3.0,8,0.0,3.0,3.0,N,N,08/2023,Analyst
43-4171.00,1.A.1.a.3,Oral Expression,IM,4.0,8,0.0,4.0,4.0,N,,08/2023,Analyst
43-4171.00,1.A.1.a.3,Oral Expression,LV,3.88,8,0.125,3.63,4.12,N,N,08/2023,Analyst
43-4171.00,1.A.1.a.4,Written Expression,IM,3.38,8,0.183,3.0164,3.7336,N,,08/2023,Analyst
43-4171.00,1.A.1.a.4,Written Expression,LV,3.0,8,0.0,3.0,3.0,N,N,08/2023,Analyst
43-4171.00,1.A.1.b.1,Fluency of Ideas,IM,2.5,8,0.189,2.1296,2.8704,N,,08/2023,Analyst
43-4171.00,1.A.1.b.1,Fluency of Ideas,LV,2.5,8,0.189,2.1296,2.8704,N,N,08/2023,Analyst
43-4171.00,1.A.1.b.2,Originality,IM,2.38,8,0.183,2.0164,2.7336,N,,08/2023,Analyst
43-4171.00,1.A.1.b.2,Originality,LV,2.0,8,0.189,1.6296,2.3704,N,N,08/2023,Analyst
43-4171.00,1.A.1.b.3,Problem Sensitivity,IM,2.75,8,0.1637,2.4292,3.0708,N,,08/2023,Analyst
43-4171.00,1.A.1.b.3,Problem Sensitivity,LV,2.88,8,0.125,2.63,3.12,N,N,08/2023,Analyst
43-4171.00,1.A.1.b.4,Deductive Reasoning,IM,2.62,8,0.183,2.2664,2.9836,N,,08/2023,Analyst
43-4171.00,1.A.1.b.4,Deductive Reasoning,LV,2.88,8,0.125,2.63,3.12,N,N,08/2023,Analyst
43-4171.00,1.A.1.b.5,Inductive Reasoning,IM,2.75,8,0.1637,2.4292,3.0708,N,,08/2023,Analyst
43-4171.00,1.A.1.b.5,Inductive Reasoning,LV,2.75,8,0.1637,2.4292,3.0708,N,N,08/2023,Analyst
43-4171.00,1.A.1.b.6,Information Ordering,IM,2.75,8,0.1637,2.4292,3.0708,N,,08/2023,Analyst
43-4171.00,1.A.1.b.6,Information Ordering,LV,2.75,8,0.1637,2.4292,3.0708,N,N,08/2023,Analyst
43-4171.00,1.A.1.b.7,Category Flexibility,IM,2.62,8,0.183,2.2664,2.9836,N,,08/2023,Analyst
43-4171.00,1.A.1.b.7,Category Flexibility,LV,2.62,8,0.183,2.2664,2.9836,N,N,08/2023,Analyst
43-4171.00,1.A.1.c.1,Mathematical Reasoning,IM,2.38,8,0.183,2.0164,2.7336,N,,08/2023,Analyst
43-4171.00,1.A.1.c.1,Mathematical Reasoning,LV,2.0,8,0.0,2.0,2.0,N,N,08/2023,Analyst
43-4171.00,1.A.1.c.2,Number Facility,IM,2.5,8,0.189,2.1296,2.8704,N,,08/2023,Analyst
43-4171.00,1.A.1.c.2,Number Facility,LV,2.12,8,0.125,1.88,2.37,N,N,08/2023,Analyst
43-4171.00,1.A.1.d.1,Memorization,IM,2.5,8,0.189,2.1296,2.8704,N,,08/2023,Analyst
43-4171.00,1.A.1.d.1,Memorization,LV,2.12,8,0.125,1.88,2.37,N,N,08/2023,Analyst
43-4171.00,1.A.1.e.1,Speed of Closure,IM,2.12,8,0.125,1.88,2.37,N,,08/2023,Analyst
43-4171.00,1.A.1.e.1,Speed of Closure,LV,1.88,8,0.125,1.63,2.12,N,N,08/2023,Analyst
43-4171.00,1.A.1.e.2,Flexibility of Closure,IM,2.38,8,0.183,2.0164,2.7336,N,,08/2023,Analyst
43-4171.00,1.A.1.e.2,Flexibility of Closure,LV,2.38,8,0.183,2.0164,2.7336,N,N,08/2023,Analyst
43-4171.00,1.A.1.e.3,Perceptual Speed,IM,2.62,8,0.183,2.2664,2.9836,N,,08/2023,Analyst
43-4171.00,1.A.1.e.3,Perceptual Speed,LV,2.5,8,0.189,2.1296,2.8704,N,N,08/2023,Analyst
43-4171.00,1.A.1.f.1,Spatial Orientation,IM,1.12,8,0.125,1.0,1.37,N,,08/2023,Analyst
43-4171.00,1.A.1.f.1,Spatial Orientation,LV,0.25,8,0.25,0.0,0.74,N,Y,08/2023,Analyst
43-4171.00,1.A.1.f.2,Visualization,IM,2.12,8,0.125,1.88,2.37,N,,08/2023,Analyst
43-4171.00,1.A.1.f.2,Visualization,LV,1.88,8,0.125,1.63,2.12,N,N,08/2023,Analyst
43-4171.00,1.A.1.g.1,Selective Attention,IM,3.0,8,0.0,3.0,3.0,N,,08/2023,Analyst
43-4171.00,1.A.1.g.1,Selective Attention,LV,2.88,8,0.125,2.63,3.12,N,N,08/2023,Analyst
43-4171.00,1.A.1.g.2,Time Sharing,IM,2.88,8,0.125,2.63,3.12,N,,08/2023,Analyst
43-4171.00,1.A.1.g.2,Time Sharing,LV,2.62,8,0.183,2.2664,2.9836,N,N,08/2023,Analyst
43-4171.00,1.A.2.a.1,Arm-Hand Steadiness,IM,2.0,8,0.0,2.0,2.0,N,,08/2023,Analyst
43-4171.00,1.A.2.a.1,Arm-Hand Steadiness,LV,1.88,8,0.125,1.63,2.12,N,N,08/2023,Analyst
43-4171.00,1.A.2.a.2,Manual Dexterity,IM,2.0,8,0.0,2.0,2.0,N,,08/2023,Analyst
43-4171.00,1.A.2.a.2,Manual Dexterity,LV,1.62,8,0.183,1.2664,1.9836,N,N,08/2023,Analyst
43-4171.00,1.A.2.a.3,Finger Dexterity,IM,2.25,8,0.1637,1.9292,2.5708,N,,08/2023,Analyst
43-4171.00,1.A.2.a.3,Finger Dexterity,LV,2.0,8,0.0,2.0,2.0,N,N,08/2023,Analyst
43-4171.00,1.A.2.b.1,Control Precision,IM,2.0,8,0.0,2.0,2.0,N,,08/2023,Analyst
43-4171.00,1.A.2.b.1,Control Precision,LV,1.38,8,0.183,1.0164,1.7336,N,N,08/2023,Analyst
43-4171.00,1.A.2.b.2,Multilimb Coordination,IM,1.5,8,0.189,1.1296,1.8704,N,,08/2023,Analyst
43-4171.00,1.A.2.b.2,Multilimb Coordination,LV,0.5,8,0.189,0.1296,0.8704,N,N,08/2023,Analyst
43-4171.00,1.A.2.b.3,Response Orientation,IM,1.0,8,0.0,1.0,1.0,N,,08/2023,Analyst
43-4171.00,1.A.2.b.3,Response Orientation,LV,0.0,8,0.0,0.0,0.0,N,Y,08/2023,Analyst
43-4171.00,1.A.2.b.4,Rate Control,IM,1.0,8,0.0,1.0,1.0,N,,08/2023,Analyst
43-4171.00,1.A.2.b.4,Rate Control,LV,0.0,8,0.0,0.0,0.0,N,Y,08/2023,Analyst
43-4171.00,1.A.2.c.1,Reaction Time,IM,1.0,8,0.0,1.0,1.0,N,,08/2023,Analyst
43-4171.00,1.A.2.c.1,Reaction Time,LV,0.0,8,0.0,0.0,0.0,N,Y,08/2023,Analyst
43-4171.00,1.A.2.c.2,Wrist-Finger Speed,IM,1.25,8,0.1637,1.0,1.5708,N,,08/2023,Analyst
43-4171.00,1.A.2.c.2,Wrist-Finger Speed,LV,0.25,8,0.1637,0.0,0.5708,N,Y,08/2023,Analyst
43-4171.00,1.A.2.c.3,Speed of Limb Movement,IM,1.0,8,0.0,1.0,1.0,N,,08/2023,Analyst
43-4171.00,1.A.2.c.3,Speed of Limb Movement,LV,0.0,8,0.0,0.0,0.0,N,Y,08/2023,Analyst
43-4171.00,1.A.3.a.1,Static Strength,IM,1.25,8,0.1637,1.0,1.5708,N,,08/2023,Analyst
43-4171.00,1.A.3.a.1,Static Strength,LV,0.25,8,0.1637,0.0,0.5708,N,Y,08/2023,Analyst
43-4171.00,1.A.3.a.2,Explosive Strength,IM,1.0,8,0.0,1.0,1.0,N,,08/2023,Analyst
43-4171.00,1.A.3.a.2,Explosive Strength,LV,0.0,8,0.0,0.0,0.0,N,Y,08/2023,Analyst
43-4171.00,1.A.3.a.3,Dynamic Strength,IM,1.12,8,0.125,1.0,1.37,N,,08/2023,Analyst
43-4171.00,1.A.3.a.3,Dynamic Strength,LV,0.25,8,0.25,0.0,0.74,N,Y,08/2023,Analyst
43-4171.00,1.A.3.a.4,Trunk Strength,IM,1.38,8,0.183,1.0164,1.7336,N,,08/2023,Analyst
43-4171.00,1.A.3.a.4,Trunk Strength,LV,0.62,8,0.3239,0.0,1.2598,N,N,08/2023,Analyst
43-4171.00,1.A.3.b.1,Stamina,IM,1.0,8,0.0,1.0,1.0,N,,08/2023,Analyst
43-4171.00,1.A.3.b.1,Stamina,LV,0.0,8,0.0,0.0,0.0,N,Y,08/2023,Analyst
43-4171.00,1.A.3.c.1,Extent Flexibility,IM,1.0,8,0.0,1.0,1.0,N,,08/2023,Analyst
43-4171.00,1.A.3.c.1,Extent Flexibility,LV,0.0,8,0.0,0.0,0.0,N,Y,08/2023,Analyst
43-4171.00,1.A.3.c.2,Dynamic Flexibility,IM,1.0,8,0.0,1.0,1.0,N,,08/2023,Analyst
43-4171.00,1.A.3.c.2,Dynamic Flexibility,LV,0.0,8,0.0,0.0,0.0,N,Y,08/2023,Analyst
43-4171.00,1.A.3.c.3,Gross Body Coordination,IM,1.0,8,0.0,1.0,1.0,N,,08/2023,Analyst
43-4171.00,1.A.3.c.3,Gross Body Coordination,LV,0.0,8,0.0,0.0,0.0,N,Y,08/2023,Analyst
43-4171.00,1.A.3.c.4,Gross Body Equilibrium,IM,1.0,8,0.0,1.0,1.0,N,,08/2023,Analyst
43-4171.00,1.A.3.c.4,Gross Body Equilibrium,LV,0.0,8,0.0,0.0,0.0,N,Y,08/2023,Analyst
43-4171.00,1.A.4.a.1,Near Vision,IM,3.12,8,0.125,2.88,3.37,N,,08/2023,Analyst
43-4171.00,1.A.4.a.1,Near Vision,LV,3.38,8,0.183,3.0164,3.7336,N,N,08/2023,Analyst
43-4171.00,1.A.4.a.2,Far Vision,IM,2.75,8,0.1637,2.4292,3.0708,N,,08/2023,Analyst
43-4171.00,1.A.4.a.2,Far Vision,LV,2.88,8,0.125,2.63,3.12,N,N,08/2023,Analyst
43-4171.00,1.A.4.a.3,Visual Color Discrimination,IM,2.0,8,0.0,2.0,2.0,N,,08/2023,Analyst
43-4171.00,1.A.4.a.3,Visual Color Discrimination,LV,2.0,8,0.0,2.0,2.0,N,N,08/2023,Analyst
43-4171.00,1.A.4.a.4,Night Vision,IM,1.0,8,0.0,1.0,1.0,N,,08/2023,Analyst
43-4171.00,1.A.4.a.4,Night Vision,LV,0.0,8,0.0,0.0,0.0,N,Y,08/2023,Analyst
43-4171.00,1.A.4.a.5,Peripheral Vision,IM,1.0,8,0.0,1.0,1.0,N,,08/2023,Analyst
43-4171.00,1.A.4.a.5,Peripheral Vision,LV,0.0,8,0.0,0.0,0.0,N,Y,08/2023,Analyst
43-4171.00,1.A.4.a.6,Depth Perception,IM,1.25,8,0.1637,1.0,1.5708,N,,08/2023,Analyst
43-4171.00,1.A.4.a.6,Depth Perception,LV,0.25,8,0.1637,0.0,0.5708,N,Y,08/2023,Analyst
43-4171.00,1.A.4.a.7,Glare Sensitivity,IM,1.12,8,0.125,1.0,1.37,N,,08/2023,Analyst
43-4171.00,1.A.4.a.7,Glare Sensitivity,LV,0.12,8,0.125,0.0,0.37,N,Y,08/2023,Analyst
43-4171.00,1.A.4.b.1,Hearing Sensitivity,IM,2.12,8,0.125,1.88,2.37,N,,08/2023,Analyst
43-4171.00,1.A.4.b.1,Hearing Sensitivity,LV,2.0,8,0.0,2.0,2.0,N,N,08/2023,Analyst
43-4171.00,1.A.4.b.2,Auditory Attention,IM,2.25,8,0.1637,1.9292,2.5708,N,,08/2023,Analyst
43-4171.00,1.A.4.b.2,Auditory Attention,LV,2.0,8,0.0,2.0,2.0,N,N,08/2023,Analyst
43-4171.00,1.A.4.b.3,Sound Localization,IM,1.0,8,0.0,1.0,1.0,N,,08/2023,Analyst
43-4171.00,1.A.4.b.3,Sound Localization,LV,0.0,8,0.0,0.0,0.0,N,Y,08/2023,Analyst
43-4171.00,1.A.4.b.4,Speech Recognition,IM,3.88,8,0.125,3.63,4.12,N,,08/2023,Analyst
43-4171.00,1.A.4.b.4,Speech Recognition,LV,3.62,8,0.183,3.2664,3.9836,N,N,08/2023,Analyst
43-4171.00,1.A.4.b.5,Speech Clarity,IM,3.75,8,0.1637,3.4292,4.0708,N,,08/2023,Analyst
43-4171.00,1.A.4.b.5,Speech Clarity,LV,3.12,8,0.125,2.88,3.37,N,N,08/2023,Analyst
43-4181.00,1.A.1.a.1,Oral Comprehension,IM,4.0,8,0.189,3.6296,4.3704,N,,07/2013,Analyst
43-4181.00,1.A.1.a.1,Oral Comprehension,LV,3.62,8,0.183,3.2664,3.9836,N,N,07/2013,Analyst
43-4181.00,1.A.1.a.2,Written Comprehension,IM,3.62,8,0.183,3.2664,3.9836,N,,07/2013,Analyst
43-4181.00,1.A.1.a.2,Written Comprehension,LV,3.38,8,0.183,3.0164,3.7336,N,N,07/2013,Analyst
43-4181.00,1.A.1.a.3,Oral Expression,IM,4.12,8,0.125,3.88,4.37,N,,07/2013,Analyst
43-4181.00,1.A.1.a.3,Oral Expression,LV,4.0,8,0.0,4.0,4.0,N,N,07/2013,Analyst
43-4181.00,1.A.1.a.4,Written Expression,IM,3.12,8,0.125,2.88,3.37,N,,07/2013,Analyst
43-4181.00,1.A.1.a.4,Written Expression,LV,3.0,8,0.0,3.0,3.0,N,N,07/2013,Analyst
43-4181.00,1.A.1.b.1,Fluency of Ideas,IM,2.88,8,0.125,2.63,3.12,N,,07/2013,Analyst
43-4181.00,1.A.1.b.1,Fluency of Ideas,LV,2.88,8,0.125,2.63,3.12,N,N,07/2013,Analyst
43-4181.00,1.A.1.b.2,Originality,IM,2.75,8,0.1637,2.4292,3.0708,N,,07/2013,Analyst
43-4181.00,1.A.1.b.2,Originality,LV,2.75,8,0.1637,2.4292,3.0708,N,N,07/2013,Analyst
43-4181.00,1.A.1.b.3,Problem Sensitivity,IM,3.12,8,0.125,2.88,3.37,N,,07/2013,Analyst
43-4181.00,1.A.1.b.3,Problem Sensitivity,LV,3.0,8,0.0,3.0,3.0,N,N,07/2013,Analyst
43-4181.00,1.A.1.b.4,Deductive Reasoning,IM,3.12,8,0.125,2.88,3.37,N,,07/2013,Analyst
43-4181.00,1.A.1.b.4,Deductive Reasoning,LV,3.12,8,0.125,2.88,3.37,N,N,07/2013,Analyst
43-4181.00,1.A.1.b.5,Inductive Reasoning,IM,3.0,8,0.0,3.0,3.0,N,,07/2013,Analyst
43-4181.00,1.A.1.b.5,Inductive Reasoning,LV,3.0,8,0.0,3.0,3.0,N,N,07/2013,Analyst
43-4181.00,1.A.1.b.6,Information Ordering,IM,3.62,8,0.183,3.2664,3.9836,N,,07/2013,Analyst
43-4181.00,1.A.1.b.6,Information Ordering,LV,3.0,8,0.0,3.0,3.0,N,N,07/2013,Analyst
43-4181.00,1.A.1.b.7,Category Flexibility,IM,3.0,8,0.0,3.0,3.0,N,,07/2013,Analyst
43-4181.00,1.A.1.b.7,Category Flexibility,LV,3.0,8,0.0,3.0,3.0,N,N,07/2013,Analyst
43-4181.00,1.A.1.c.1,Mathematical Reasoning,IM,2.62,8,0.183,2.2664,2.9836,N,,07/2013,Analyst
43-4181.00,1.A.1.c.1,Mathematical Reasoning,LV,2.0,8,0.0,2.0,2.0,N,N,07/2013,Analyst
43-4181.00,1.A.1.c.2,Number Facility,IM,2.38,8,0.183,2.0164,2.7336,N,,07/2013,Analyst
43-4181.00,1.A.1.c.2,Number Facility,LV,2.38,8,0.183,2.0164,2.7336,N,N,07/2013,Analyst
43-4181.00,1.A.1.d.1,Memorization,IM,2.38,8,0.183,2.0164,2.7336,N,,07/2013,Analyst
43-4181.00,1.A.1.d.1,Memorization,LV,2.38,8,0.183,2.0164,2.7336,N,N,07/2013,Analyst
43-4181.00,1.A.1.e.1,Speed of Closure,IM,2.62,8,0.183,2.2664,2.9836,N,,07/2013,Analyst
43-4181.00,1.A.1.e.1,Speed of Closure,LV,2.38,8,0.183,2.0164,2.7336,N,N,07/2013,Analyst
43-4181.00,1.A.1.e.2,Flexibility of Closure,IM,2.88,8,0.125,2.63,3.12,N,,07/2013,Analyst
43-4181.00,1.A.1.e.2,Flexibility of Closure,LV,2.62,8,0.183,2.2664,2.9836,N,N,07/2013,Analyst
43-4181.00,1.A.1.e.3,Perceptual Speed,IM,2.75,8,0.1637,2.4292,3.0708,N,,07/2013,Analyst
43-4181.00,1.A.1.e.3,Perceptual Speed,LV,2.25,8,0.1637,1.9292,2.5708,N,N,07/2013,Analyst
43-4181.00,1.A.1.f.1,Spatial Orientation,IM,1.12,8,0.125,1.0,1.37,N,,07/2013,Analyst
43-4181.00,1.A.1.f.1,Spatial Orientation,LV,0.25,8,0.25,0.0,0.74,N,Y,07/2013,Analyst
43-4181.00,1.A.1.f.2,Visualization,IM,2.12,8,0.125,1.88,2.37,N,,07/2013,Analyst
43-4181.00,1.A.1.f.2,Visualization,LV,2.0,8,0.0,2.0,2.0,N,N,07/2013,Analyst
43-4181.00,1.A.1.g.1,Selective Attention,IM,3.0,8,0.0,3.0,3.0,N,,07/2013,Analyst
43-4181.00,1.A.1.g.1,Selective Attention,LV,2.88,8,0.125,2.63,3.12,N,N,07/2013,Analyst
43-4181.00,1.A.1.g.2,Time Sharing,IM,2.88,8,0.125,2.63,3.12,N,,07/2013,Analyst
43-4181.00,1.A.1.g.2,Time Sharing,LV,2.75,8,0.1637,2.4292,3.0708,N,N,07/2013,Analyst
43-4181.00,1.A.2.a.1,Arm-Hand Steadiness,IM,2.38,8,0.183,2.0164,2.7336,N,,07/2013,Analyst
43-4181.00,1.A.2.a.1,Arm-Hand Steadiness,LV,2.12,8,0.125,1.88,2.37,N,N,07/2013,Analyst
43-4181.00,1.A.2.a.2,Manual Dexterity,IM,2.12,8,0.125,1.88,2.37,N,,07/2013,Analyst
43-4181.00,1.A.2.a.2,Manual Dexterity,LV,2.0,8,0.0,2.0,2.0,N,N,07/2013,Analyst
43-4181.00,1.A.2.a.3,Finger Dexterity,IM,2.88,8,0.125,2.63,3.12,N,,07/2013,Analyst
43-4181.00,1.A.2.a.3,Finger Dexterity,LV,2.5,8,0.189,2.1296,2.8704,N,N,07/2013,Analyst
43-4181.00,1.A.2.b.1,Control Precision,IM,2.12,8,0.125,1.88,2.37,N,,07/2013,Analyst
43-4181.00,1.A.2.b.1,Control Precision,LV,2.0,8,0.0,2.0,2.0,N,N,07/2013,Analyst
43-4181.00,1.A.2.b.2,Multilimb Coordination,IM,2.12,8,0.125,1.88,2.37,N,,07/2013,Analyst
43-4181.00,1.A.2.b.2,Multilimb Coordination,LV,2.0,8,0.0,2.0,2.0,N,N,07/2013,Analyst
43-4181.00,1.A.2.b.3,Response Orientation,IM,1.38,8,0.183,1.0164,1.7336,N,,07/2013,Analyst
43-4181.00,1.A.2.b.3,Response Orientation,LV,0.38,8,0.183,0.0164,0.7336,N,N,07/2013,Analyst
43-4181.00,1.A.2.b.4,Rate Control,IM,2.0,8,0.0,2.0,2.0,N,,07/2013,Analyst
43-4181.00,1.A.2.b.4,Rate Control,LV,1.38,8,0.183,1.0164,1.7336,N,N,07/2013,Analyst
43-4181.00,1.A.2.c.1,Reaction Time,IM,2.0,8,0.0,2.0,2.0,N,,07/2013,Analyst
43-4181.00,1.A.2.c.1,Reaction Time,LV,1.38,8,0.183,1.0164,1.7336,N,N,07/2013,Analyst
43-4181.00,1.A.2.c.2,Wrist-Finger Speed,IM,1.5,8,0.189,1.1296,1.8704,N,,07/2013,Analyst
43-4181.00,1.A.2.c.2,Wrist-Finger Speed,LV,0.5,8,0.189,0.1296,0.8704,N,N,07/2013,Analyst
43-4181.00,1.A.2.c.3,Speed of Limb Movement,IM,1.12,8,0.125,1.0,1.37,N,,07/2013,Analyst
43-4181.00,1.A.2.c.3,Speed of Limb Movement,LV,0.12,8,0.125,0.0,0.37,N,Y,07/2013,Analyst
43-4181.00,1.A.3.a.1,Static Strength,IM,2.38,8,0.183,2.0164,2.7336,N,,07/2013,Analyst
43-4181.00,1.A.3.a.1,Static Strength,LV,2.38,8,0.183,2.0164,2.7336,N,N,07/2013,Analyst
43-4181.00,1.A.3.a.2,Explosive Strength,IM,1.25,8,0.1637,1.0,1.5708,N,,07/2013,Analyst
43-4181.00,1.A.3.a.2,Explosive Strength,LV,0.5,8,0.3273,0.0,1.1416,N,Y,07/2013,Analyst
43-4181.00,1.A.3.a.3,Dynamic Strength,IM,2.0,8,0.0,2.0,2.0,N,,07/2013,Analyst
43-4181.00,1.A.3.a.3,Dynamic Strength,LV,1.5,8,0.189,1.1296,1.8704,N,N,07/2013,Analyst
43-4181.00,1.A.3.a.4,Trunk Strength,IM,2.25,8,0.1637,1.9292,2.5708,N,,07/2013,Analyst
43-4181.00,1.A.3.a.4,Trunk Strength,LV,2.12,8,0.125,1.88,2.37,N,N,07/2013,Analyst
43-4181.00,1.A.3.b.1,Stamina,IM,2.12,8,0.125,1.88,2.37,N,,07/2013,Analyst
43-4181.00,1.A.3.b.1,Stamina,LV,1.38,8,0.183,1.0164,1.7336,N,N,07/2013,Analyst
43-4181.00,1.A.3.c.1,Extent Flexibility,IM,1.75,8,0.1637,1.4292,2.0708,N,,07/2013,Analyst
43-4181.00,1.A.3.c.1,Extent Flexibility,LV,1.0,8,0.2673,0.4762,1.5238,N,N,07/2013,Analyst
43-4181.00,1.A.3.c.2,Dynamic Flexibility,IM,1.0,8,0.0,1.0,1.0,N,,07/2013,Analyst
43-4181.00,1.A.3.c.2,Dynamic Flexibility,LV,0.0,8,0.0,0.0,0.0,N,Y,07/2013,Analyst
43-4181.00,1.A.3.c.3,Gross Body Coordination,IM,2.0,8,0.0,2.0,2.0,N,,07/2013,Analyst
43-4181.00,1.A.3.c.3,Gross Body Coordination,LV,1.5,8,0.189,1.1296,1.8704,N,N,07/2013,Analyst
43-4181.00,1.A.3.c.4,Gross Body Equilibrium,IM,1.88,8,0.125,1.63,2.12,N,,07/2013,Analyst
43-4181.00,1.A.3.c.4,Gross Body Equilibrium,LV,1.0,8,0.189,0.6296,1.3704,N,N,07/2013,Analyst
43-4181.00,1.A.4.a.1,Near Vision,IM,3.38,8,0.183,3.0164,3.7336,N,,07/2013,Analyst
43-4181.00,1.A.4.a.1,Near Vision,LV,3.75,8,0.1637,3.4292,4.0708,N,N,07/2013,Analyst
43-4181.00,1.A.4.a.2,Far Vision,IM,2.88,8,0.125,2.63,3.12,N,,07/2013,Analyst
43-4181.00,1.A.4.a.2,Far Vision,LV,2.88,8,0.125,2.63,3.12,N,N,07/2013,Analyst
43-4181.00,1.A.4.a.3,Visual Color Discrimination,IM,2.25,8,0.1637,1.9292,2.5708,N,,07/2013,Analyst
43-4181.00,1.A.4.a.3,Visual Color Discrimination,LV,2.0,8,0.0,2.0,2.0,N,N,07/2013,Analyst
43-4181.00,1.A.4.a.4,Night Vision,IM,1.0,8,0.0,1.0,1.0,N,,07/2013,Analyst
43-4181.00,1.A.4.a.4,Night Vision,LV,0.0,8,0.0,0.0,0.0,N,Y,07/2013,Analyst
43-4181.00,1.A.4.a.5,Peripheral Vision,IM,1.0,8,0.0,1.0,1.0,N,,07/2013,Analyst
43-4181.00,1.A.4.a.5,Peripheral Vision,LV,0.0,8,0.0,0.0,0.0,N,Y,07/2013,Analyst
43-4181.00,1.A.4.a.6,Depth Perception,IM,1.38,8,0.183,1.0164,1.7336,N,,07/2013,Analyst
43-4181.00,1.A.4.a.6,Depth Perception,LV,0.62,8,0.3239,0.0,1.2598,N,N,07/2013,Analyst
43-4181.00,1.A.4.a.7,Glare Sensitivity,IM,1.62,8,0.183,1.2664,1.9836,N,,07/2013,Analyst
43-4181.00,1.A.4.a.7,Glare Sensitivity,LV,0.75,8,0.25,0.26,1.24,N,N,07/2013,Analyst
43-4181.00,1.A.4.b.1,Hearing Sensitivity,IM,2.25,8,0.1637,1.9292,2.5708,N,,07/2013,Analyst
43-4181.00,1.A.4.b.1,Hearing Sensitivity,LV,1.88,8,0.125,1.63,2.12,N,N,07/2013,Analyst
43-4181.00,1.A.4.b.2,Auditory Attention,IM,2.25,8,0.1637,1.9292,2.5708,N,,07/2013,Analyst
43-4181.00,1.A.4.b.2,Auditory Attention,LV,2.75,8,0.1637,2.4292,3.0708,N,N,07/2013,Analyst
43-4181.00,1.A.4.b.3,Sound Localization,IM,1.0,8,0.0,1.0,1.0,N,,07/2013,Analyst
43-4181.00,1.A.4.b.3,Sound Localization,LV,0.0,8,0.0,0.0,0.0,N,Y,07/2013,Analyst
43-4181.00,1.A.4.b.4,Speech Recognition,IM,4.0,8,0.189,3.6296,4.3704,N,,07/2013,Analyst
43-4181.00,1.A.4.b.4,Speech Recognition,LV,3.75,8,0.1637,3.4292,4.0708,N,N,07/2013,Analyst
43-4181.00,1.A.4.b.5,Speech Clarity,IM,4.0,8,0.189,3.6296,4.3704,N,,07/2013,Analyst
43-4181.00,1.A.4.b.5,Speech Clarity,LV,4.0,8,0.0,4.0,4.0,N,N,07/2013,Analyst
43-5011.00,1.A.1.a.1,Oral Comprehension,IM,4.0,8,0.0,4.0,4.0,N,,08/2021,Analyst
43-5011.00,1.A.1.a.1,Oral Comprehension,LV,4.0,8,0.0,4.0,4.0,N,N,08/2021,Analyst
43-5011.00,1.A.1.a.2,Written Comprehension,IM,3.88,8,0.125,3.63,4.12,N,,08/2021,Analyst
43-5011.00,1.A.1.a.2,Written Comprehension,LV,3.75,8,0.1637,3.4292,4.0708,N,N,08/2021,Analyst
43-5011.00,1.A.1.a.3,Oral Expression,IM,4.0,8,0.0,4.0,4.0,N,,08/2021,Analyst
43-5011.00,1.A.1.a.3,Oral Expression,LV,4.0,8,0.0,4.0,4.0,N,N,08/2021,Analyst
43-5011.00,1.A.1.a.4,Written Expression,IM,3.12,8,0.125,2.88,3.37,N,,08/2021,Analyst
43-5011.00,1.A.1.a.4,Written Expression,LV,3.12,8,0.125,2.88,3.37,N,N,08/2021,Analyst
43-5011.00,1.A.1.b.1,Fluency of Ideas,IM,2.38,8,0.183,2.0164,2.7336,N,,08/2021,Analyst
43-5011.00,1.A.1.b.1,Fluency of Ideas,LV,2.5,8,0.189,2.1296,2.8704,N,N,08/2021,Analyst
43-5011.00,1.A.1.b.2,Originality,IM,2.25,8,0.1637,1.9292,2.5708,N,,08/2021,Analyst
43-5011.00,1.A.1.b.2,Originality,LV,2.25,8,0.1637,1.9292,2.5708,N,N,08/2021,Analyst
43-5011.00,1.A.1.b.3,Problem Sensitivity,IM,3.12,8,0.125,2.88,3.37,N,,08/2021,Analyst
43-5011.00,1.A.1.b.3,Problem Sensitivity,LV,3.0,8,0.189,2.6296,3.3704,N,N,08/2021,Analyst
43-5011.00,1.A.1.b.4,Deductive Reasoning,IM,3.0,8,0.0,3.0,3.0,N,,08/2021,Analyst
43-5011.00,1.A.1.b.4,Deductive Reasoning,LV,3.0,8,0.0,3.0,3.0,N,N,08/2021,Analyst
43-5011.00,1.A.1.b.5,Inductive Reasoning,IM,3.0,8,0.0,3.0,3.0,N,,08/2021,Analyst
43-5011.00,1.A.1.b.5,Inductive Reasoning,LV,3.0,8,0.0,3.0,3.0,N,N,08/2021,Analyst
43-5011.00,1.A.1.b.6,Information Ordering,IM,2.88,8,0.125,2.63,3.12,N,,08/2021,Analyst
43-5011.00,1.A.1.b.6,Information Ordering,LV,3.0,8,0.0,3.0,3.0,N,N,08/2021,Analyst
43-5011.00,1.A.1.b.7,Category Flexibility,IM,3.0,8,0.0,3.0,3.0,N,,08/2021,Analyst
43-5011.00,1.A.1.b.7,Category Flexibility,LV,3.12,8,0.125,2.88,3.37,N,N,08/2021,Analyst
43-5011.00,1.A.1.c.1,Mathematical Reasoning,IM,2.38,8,0.183,2.0164,2.7336,N,,08/2021,Analyst
43-5011.00,1.A.1.c.1,Mathematical Reasoning,LV,2.5,8,0.189,2.1296,2.8704,N,N,08/2021,Analyst
43-5011.00,1.A.1.c.2,Number Facility,IM,2.75,8,0.1637,2.4292,3.0708,N,,08/2021,Analyst
43-5011.00,1.A.1.c.2,Number Facility,LV,2.62,8,0.183,2.2664,2.9836,N,N,08/2021,Analyst
43-5011.00,1.A.1.d.1,Memorization,IM,2.12,8,0.125,1.88,2.37,N,,08/2021,Analyst
43-5011.00,1.A.1.d.1,Memorization,LV,2.12,8,0.125,1.88,2.37,N,N,08/2021,Analyst
43-5011.00,1.A.1.e.1,Speed of Closure,IM,2.12,8,0.125,1.88,2.37,N,,08/2021,Analyst
43-5011.00,1.A.1.e.1,Speed of Closure,LV,2.0,8,0.189,1.6296,2.3704,N,N,08/2021,Analyst
43-5011.00,1.A.1.e.2,Flexibility of Closure,IM,2.88,8,0.125,2.63,3.12,N,,08/2021,Analyst
43-5011.00,1.A.1.e.2,Flexibility of Closure,LV,2.38,8,0.183,2.0164,2.7336,N,N,08/2021,Analyst
43-5011.00,1.A.1.e.3,Perceptual Speed,IM,2.88,8,0.125,2.63,3.12,N,,08/2021,Analyst
43-5011.00,1.A.1.e.3,Perceptual Speed,LV,2.75,8,0.1637,2.4292,3.0708,N,N,08/2021,Analyst
43-5011.00,1.A.1.f.1,Spatial Orientation,IM,1.62,8,0.183,1.2664,1.9836,N,,08/2021,Analyst
43-5011.00,1.A.1.f.1,Spatial Orientation,LV,0.75,8,0.25,0.26,1.24,N,N,08/2021,Analyst
43-5011.00,1.A.1.f.2,Visualization,IM,2.25,8,0.1637,1.9292,2.5708,N,,08/2021,Analyst
43-5011.00,1.A.1.f.2,Visualization,LV,2.0,8,0.0,2.0,2.0,N,N,08/2021,Analyst
43-5011.00,1.A.1.g.1,Selective Attention,IM,3.0,8,0.0,3.0,3.0,N,,08/2021,Analyst
43-5011.00,1.A.1.g.1,Selective Attention,LV,3.0,8,0.0,3.0,3.0,N,N,08/2021,Analyst
43-5011.00,1.A.1.g.2,Time Sharing,IM,2.75,8,0.1637,2.4292,3.0708,N,,08/2021,Analyst
43-5011.00,1.A.1.g.2,Time Sharing,LV,2.75,8,0.1637,2.4292,3.0708,N,N,08/2021,Analyst
43-5011.00,1.A.2.a.1,Arm-Hand Steadiness,IM,1.88,8,0.2266,1.4309,2.3191,N,,08/2021,Analyst
43-5011.00,1.A.2.a.1,Arm-Hand Steadiness,LV,1.25,8,0.3134,0.6358,1.8642,N,N,08/2021,Analyst
43-5011.00,1.A.2.a.2,Manual Dexterity,IM,1.88,8,0.2266,1.4309,2.3191,N,,08/2021,Analyst
43-5011.00,1.A.2.a.2,Manual Dexterity,LV,1.38,8,0.375,0.64,2.11,N,N,08/2021,Analyst
43-5011.00,1.A.2.a.3,Finger Dexterity,IM,2.12,8,0.125,1.88,2.37,N,,08/2021,Analyst
43-5011.00,1.A.2.a.3,Finger Dexterity,LV,2.12,8,0.125,1.88,2.37,N,N,08/2021,Analyst
43-5011.00,1.A.2.b.1,Control Precision,IM,1.88,8,0.2266,1.4309,2.3191,N,,08/2021,Analyst
43-5011.00,1.A.2.b.1,Control Precision,LV,1.25,8,0.3134,0.6358,1.8642,N,N,08/2021,Analyst
43-5011.00,1.A.2.b.2,Multilimb Coordination,IM,1.75,8,0.25,1.26,2.24,N,,08/2021,Analyst
43-5011.00,1.A.2.b.2,Multilimb Coordination,LV,1.12,8,0.3981,0.3447,1.9053,N,N,08/2021,Analyst
43-5011.00,1.A.2.b.3,Response Orientation,IM,1.62,8,0.183,1.2664,1.9836,N,,08/2021,Analyst
43-5011.00,1.A.2.b.3,Response Orientation,LV,0.88,8,0.295,0.2967,1.4533,N,N,08/2021,Analyst
43-5011.00,1.A.2.b.4,Rate Control,IM,1.62,8,0.183,1.2664,1.9836,N,,08/2021,Analyst
43-5011.00,1.A.2.b.4,Rate Control,LV,0.75,8,0.25,0.26,1.24,N,N,08/2021,Analyst
43-5011.00,1.A.2.c.1,Reaction Time,IM,1.75,8,0.25,1.26,2.24,N,,08/2021,Analyst
43-5011.00,1.A.2.c.1,Reaction Time,LV,1.0,8,0.3273,0.3584,1.6416,N,N,08/2021,Analyst
43-5011.00,1.A.2.c.2,Wrist-Finger Speed,IM,1.62,8,0.183,1.2664,1.9836,N,,08/2021,Analyst
43-5011.00,1.A.2.c.2,Wrist-Finger Speed,LV,0.75,8,0.25,0.26,1.24,N,N,08/2021,Analyst
43-5011.00,1.A.2.c.3,Speed of Limb Movement,IM,1.0,8,0.0,1.0,1.0,N,,08/2021,Analyst
43-5011.00,1.A.2.c.3,Speed of Limb Movement,LV,0.0,8,0.0,0.0,0.0,N,Y,08/2021,Analyst
43-5011.00,1.A.3.a.1,Static Strength,IM,1.75,8,0.25,1.26,2.24,N,,08/2021,Analyst
43-5011.00,1.A.3.a.1,Static Strength,LV,1.0,8,0.3273,0.3584,1.6416,N,N,08/2021,Analyst
43-5011.00,1.A.3.a.2,Explosive Strength,IM,1.62,8,0.183,1.2664,1.9836,N,,08/2021,Analyst
43-5011.00,1.A.3.a.2,Explosive Strength,LV,1.0,8,0.3273,0.3584,1.6416,N,N,08/2021,Analyst
43-5011.00,1.A.3.a.3,Dynamic Strength,IM,1.62,8,0.183,1.2664,1.9836,N,,08/2021,Analyst
43-5011.00,1.A.3.a.3,Dynamic Strength,LV,0.88,8,0.295,0.2967,1.4533,N,N,08/2021,Analyst
43-5011.00,1.A.3.a.4,Trunk Strength,IM,1.62,8,0.183,1.2664,1.9836,N,,08/2021,Analyst
43-5011.00,1.A.3.a.4,Trunk Strength,LV,1.12,8,0.3504,0.4383,1.8117,N,N,08/2021,Analyst
43-5011.00,1.A.3.b.1,Stamina,IM,1.62,8,0.183,1.2664,1.9836,N,,08/2021,Analyst
43-5011.00,1.A.3.b.1,Stamina,LV,0.75,8,0.25,0.26,1.24,N,N,08/2021,Analyst
43-5011.00,1.A.3.c.1,Extent Flexibility,IM,1.62,8,0.183,1.2664,1.9836,N,,08/2021,Analyst
43-5011.00,1.A.3.c.1,Extent Flexibility,LV,1.12,8,0.3504,0.4383,1.8117,N,N,08/2021,Analyst
43-5011.00,1.A.3.c.2,Dynamic Flexibility,IM,1.0,8,0.0,1.0,1.0,N,,08/2021,Analyst
43-5011.00,1.A.3.c.2,Dynamic Flexibility,LV,0.0,8,0.0,0.0,0.0,N,Y,08/2021,Analyst
43-5011.00,1.A.3.c.3,Gross Body Coordination,IM,1.62,8,0.183,1.2664,1.9836,N,,08/2021,Analyst
43-5011.00,1.A.3.c.3,Gross Body Coordination,LV,0.62,8,0.183,0.2664,0.9836,N,N,08/2021,Analyst
43-5011.00,1.A.3.c.4,Gross Body Equilibrium,IM,1.5,8,0.189,1.1296,1.8704,N,,08/2021,Analyst
43-5011.00,1.A.3.c.4,Gross Body Equilibrium,LV,0.5,8,0.189,0.1296,0.8704,N,N,08/2021,Analyst
43-5011.00,1.A.4.a.1,Near Vision,IM,3.25,8,0.1637,2.9292,3.5708,N,,08/2021,Analyst
43-5011.00,1.A.4.a.1,Near Vision,LV,3.12,8,0.125,2.88,3.37,N,N,08/2021,Analyst
43-5011.00,1.A.4.a.2,Far Vision,IM,2.38,8,0.183,2.0164,2.7336,N,,08/2021,Analyst
43-5011.00,1.A.4.a.2,Far Vision,LV,2.75,8,0.1637,2.4292,3.0708,N,N,08/2021,Analyst
43-5011.00,1.A.4.a.3,Visual Color Discrimination,IM,2.12,8,0.125,1.88,2.37,N,,08/2021,Analyst
43-5011.00,1.A.4.a.3,Visual Color Discrimination,LV,2.0,8,0.189,1.6296,2.3704,N,N,08/2021,Analyst
43-5011.00,1.A.4.a.4,Night Vision,IM,1.5,8,0.189,1.1296,1.8704,N,,08/2021,Analyst
43-5011.00,1.A.4.a.4,Night Vision,LV,0.62,8,0.2631,0.1094,1.1406,N,N,08/2021,Analyst
43-5011.00,1.A.4.a.5,Peripheral Vision,IM,1.62,8,0.183,1.2664,1.9836,N,,08/2021,Analyst
43-5011.00,1.A.4.a.5,Peripheral Vision,LV,0.75,8,0.25,0.26,1.24,N,N,08/2021,Analyst
43-5011.00,1.A.4.a.6,Depth Perception,IM,2.0,8,0.0,2.0,2.0,N,,08/2021,Analyst
43-5011.00,1.A.4.a.6,Depth Perception,LV,1.25,8,0.1637,0.9292,1.5708,N,N,08/2021,Analyst
43-5011.00,1.A.4.a.7,Glare Sensitivity,IM,1.5,8,0.189,1.1296,1.8704,N,,08/2021,Analyst
43-5011.00,1.A.4.a.7,Glare Sensitivity,LV,0.62,8,0.2631,0.1094,1.1406,N,N,08/2021,Analyst
43-5011.00,1.A.4.b.1,Hearing Sensitivity,IM,2.0,8,0.0,2.0,2.0,N,,08/2021,Analyst
43-5011.00,1.A.4.b.1,Hearing Sensitivity,LV,1.75,8,0.25,1.26,2.24,N,N,08/2021,Analyst
43-5011.00,1.A.4.b.2,Auditory Attention,IM,2.25,8,0.1637,1.9292,2.5708,N,,08/2021,Analyst
43-5011.00,1.A.4.b.2,Auditory Attention,LV,2.12,8,0.125,1.88,2.37,N,N,08/2021,Analyst
43-5011.00,1.A.4.b.3,Sound Localization,IM,1.5,8,0.189,1.1296,1.8704,N,,08/2021,Analyst
43-5011.00,1.A.4.b.3,Sound Localization,LV,0.62,8,0.2631,0.1094,1.1406,N,N,08/2021,Analyst
43-5011.00,1.A.4.b.4,Speech Recognition,IM,3.0,8,0.0,3.0,3.0,N,,08/2021,Analyst
43-5011.00,1.A.4.b.4,Speech Recognition,LV,3.0,8,0.0,3.0,3.0,N,N,08/2021,Analyst
43-5011.00,1.A.4.b.5,Speech Clarity,IM,3.0,8,0.0,3.0,3.0,N,,08/2021,Analyst
43-5011.00,1.A.4.b.5,Speech Clarity,LV,3.0,8,0.0,3.0,3.0,N,N,08/2021,Analyst
43-5011.01,1.A.1.a.1,Oral Comprehension,IM,3.88,8,0.2266,3.4309,4.3191,N,,08/2024,Analyst
43-5011.01,1.A.1.a.1,Oral Comprehension,LV,3.88,8,0.125,3.63,4.12,N,N,08/2024,Analyst
43-5011.01,1.A.1.a.2,Written Comprehension,IM,3.88,8,0.2266,3.4309,4.3191,N,,08/2024,Analyst
43-5011.01,1.A.1.a.2,Written Comprehension,LV,3.75,8,0.1637,3.4292,4.0708,N,N,08/2024,Analyst
43-5011.01,1.A.1.a.3,Oral Expression,IM,3.88,8,0.2266,3.4309,4.3191,N,,08/2024,Analyst
43-5011.01,1.A.1.a.3,Oral Expression,LV,3.88,8,0.125,3.63,4.12,N,N,08/2024,Analyst
43-5011.01,1.A.1.a.4,Written Expression,IM,3.38,8,0.183,3.0164,3.7336,N,,08/2024,Analyst
43-5011.01,1.A.1.a.4,Written Expression,LV,3.5,8,0.189,3.1296,3.8704,N,N,08/2024,Analyst
43-5011.01,1.A.1.b.1,Fluency of Ideas,IM,3.0,8,0.0,3.0,3.0,N,,08/2024,Analyst
43-5011.01,1.A.1.b.1,Fluency of Ideas,LV,3.0,8,0.0,3.0,3.0,N,N,08/2024,Analyst
43-5011.01,1.A.1.b.2,Originality,IM,2.75,8,0.1637,2.4292,3.0708,N,,08/2024,Analyst
43-5011.01,1.A.1.b.2,Originality,LV,2.75,8,0.1637,2.4292,3.0708,N,N,08/2024,Analyst
43-5011.01,1.A.1.b.3,Problem Sensitivity,IM,3.5,8,0.189,3.1296,3.8704,N,,08/2024,Analyst
43-5011.01,1.A.1.b.3,Problem Sensitivity,LV,3.25,8,0.1637,2.9292,3.5708,N,N,08/2024,Analyst
43-5011.01,1.A.1.b.4,Deductive Reasoning,IM,3.38,8,0.183,3.0164,3.7336,N,,08/2024,Analyst
43-5011.01,1.A.1.b.4,Deductive Reasoning,LV,3.75,8,0.1637,3.4292,4.0708,N,N,08/2024,Analyst
43-5011.01,1.A.1.b.5,Inductive Reasoning,IM,3.12,8,0.125,2.88,3.37,N,,08/2024,Analyst
43-5011.01,1.A.1.b.5,Inductive Reasoning,LV,3.0,8,0.0,3.0,3.0,N,N,08/2024,Analyst
43-5011.01,1.A.1.b.6,Information Ordering,IM,3.62,8,0.183,3.2664,3.9836,N,,08/2024,Analyst
43-5011.01,1.A.1.b.6,Information Ordering,LV,3.0,8,0.0,3.0,3.0,N,N,08/2024,Analyst
43-5011.01,1.A.1.b.7,Category Flexibility,IM,3.12,8,0.125,2.88,3.37,N,,08/2024,Analyst
43-5011.01,1.A.1.b.7,Category Flexibility,LV,3.12,8,0.125,2.88,3.37,N,N,08/2024,Analyst
43-5011.01,1.A.1.c.1,Mathematical Reasoning,IM,3.0,8,0.0,3.0,3.0,N,,08/2024,Analyst
43-5011.01,1.A.1.c.1,Mathematical Reasoning,LV,3.0,8,0.0,3.0,3.0,N,N,08/2024,Analyst
43-5011.01,1.A.1.c.2,Number Facility,IM,3.12,8,0.2266,2.6809,3.5691,N,,08/2024,Analyst
43-5011.01,1.A.1.c.2,Number Facility,LV,3.0,8,0.0,3.0,3.0,N,N,08/2024,Analyst
43-5011.01,1.A.1.d.1,Memorization,IM,2.75,8,0.25,2.26,3.24,N,,08/2024,Analyst
43-5011.01,1.A.1.d.1,Memorization,LV,2.62,8,0.183,2.2664,2.9836,N,N,08/2024,Analyst
43-5011.01,1.A.1.e.1,Speed of Closure,IM,3.0,8,0.189,2.6296,3.3704,N,,08/2024,Analyst
43-5011.01,1.A.1.e.1,Speed of Closure,LV,2.75,8,0.1637,2.4292,3.0708,N,N,08/2024,Analyst
43-5011.01,1.A.1.e.2,Flexibility of Closure,IM,3.12,8,0.125,2.88,3.37,N,,08/2024,Analyst
43-5011.01,1.A.1.e.2,Flexibility of Closure,LV,2.88,8,0.125,2.63,3.12,N,N,08/2024,Analyst
43-5011.01,1.A.1.e.3,Perceptual Speed,IM,3.12,8,0.125,2.88,3.37,N,,08/2024,Analyst
43-5011.01,1.A.1.e.3,Perceptual Speed,LV,3.0,8,0.0,3.0,3.0,N,N,08/2024,Analyst
43-5011.01,1.A.1.f.1,Spatial Orientation,IM,1.62,8,0.183,1.2664,1.9836,N,,08/2024,Analyst
43-5011.01,1.A.1.f.1,Spatial Orientation,LV,0.88,8,0.295,0.2967,1.4533,N,N,08/2024,Analyst
43-5011.01,1.A.1.f.2,Visualization,IM,2.88,8,0.125,2.63,3.12,N,,08/2024,Analyst
43-5011.01,1.A.1.f.2,Visualization,LV,2.88,8,0.125,2.63,3.12,N,N,08/2024,Analyst
43-5011.01,1.A.1.g.1,Selective Attention,IM,2.88,8,0.125,2.63,3.12,N,,08/2024,Analyst
43-5011.01,1.A.1.g.1,Selective Attention,LV,2.62,8,0.183,2.2664,2.9836,N,N,08/2024,Analyst
43-5011.01,1.A.1.g.2,Time Sharing,IM,2.88,8,0.125,2.63,3.12,N,,08/2024,Analyst
43-5011.01,1.A.1.g.2,Time Sharing,LV,2.88,8,0.125,2.63,3.12,N,N,08/2024,Analyst
43-5011.01,1.A.2.a.1,Arm-Hand Steadiness,IM,1.88,8,0.3504,1.1883,2.5617,N,,08/2024,Analyst
43-5011.01,1.A.2.a.1,Arm-Hand Steadiness,LV,1.12,8,0.4795,0.1852,2.0648,N,N,08/2024,Analyst
43-5011.01,1.A.2.a.2,Manual Dexterity,IM,1.62,8,0.2631,1.1094,2.1406,N,,08/2024,Analyst
43-5011.01,1.A.2.a.2,Manual Dexterity,LV,1.0,8,0.4226,0.1717,1.8283,N,N,08/2024,Analyst
43-5011.01,1.A.2.a.3,Finger Dexterity,IM,2.0,8,0.189,1.6296,2.3704,N,,08/2024,Analyst
43-5011.01,1.A.2.a.3,Finger Dexterity,LV,1.75,8,0.3134,1.1358,2.3642,N,N,08/2024,Analyst
43-5011.01,1.A.2.b.1,Control Precision,IM,1.62,8,0.2631,1.1094,2.1406,N,,08/2024,Analyst
43-5011.01,1.A.2.b.1,Control Precision,LV,1.12,8,0.4407,0.2613,1.9887,N,N,08/2024,Analyst
43-5011.01,1.A.2.b.2,Multilimb Coordination,IM,1.5,8,0.189,1.1296,1.8704,N,,08/2024,Analyst
43-5011.01,1.A.2.b.2,Multilimb Coordination,LV,0.88,8,0.3504,0.1883,1.5617,N,N,08/2024,Analyst
43-5011.01,1.A.2.b.3,Response Orientation,IM,1.5,8,0.189,1.1296,1.8704,N,,08/2024,Analyst
43-5011.01,1.A.2.b.3,Response Orientation,LV,0.62,8,0.2631,0.1094,1.1406,N,N,08/2024,Analyst
43-5011.01,1.A.2.b.4,Rate Control,IM,1.5,8,0.189,1.1296,1.8704,N,,08/2024,Analyst
43-5011.01,1.A.2.b.4,Rate Control,LV,0.75,8,0.3134,0.1358,1.3642,N,N,08/2024,Analyst
43-5011.01,1.A.2.c.1,Reaction Time,IM,1.5,8,0.189,1.1296,1.8704,N,,08/2024,Analyst
43-5011.01,1.A.2.c.1,Reaction Time,LV,0.88,8,0.3504,0.1883,1.5617,N,N,08/2024,Analyst
43-5011.01,1.A.2.c.2,Wrist-Finger Speed,IM,1.5,8,0.189,1.1296,1.8704,N,,08/2024,Analyst
43-5011.01,1.A.2.c.2,Wrist-Finger Speed,LV,0.75,8,0.3134,0.1358,1.3642,N,N,08/2024,Analyst
43-5011.01,1.A.2.c.3,Speed of Limb Movement,IM,1.0,8,0.0,1.0,1.0,N,,08/2024,Analyst
43-5011.01,1.A.2.c.3,Speed of Limb Movement,LV,0.0,8,0.0,0.0,0.0,N,Y,08/2024,Analyst
43-5011.01,1.A.3.a.1,Static Strength,IM,1.5,8,0.189,1.1296,1.8704,N,,08/2024,Analyst
43-5011.01,1.A.3.a.1,Static Strength,LV,0.88,8,0.3504,0.1883,1.5617,N,N,08/2024,Analyst
43-5011.01,1.A.3.a.2,Explosive Strength,IM,1.5,8,0.189,1.1296,1.8704,N,,08/2024,Analyst
43-5011.01,1.A.3.a.2,Explosive Strength,LV,0.75,8,0.3134,0.1358,1.3642,N,N,08/2024,Analyst
43-5011.01,1.A.3.a.3,Dynamic Strength,IM,1.38,8,0.183,1.0164,1.7336,N,,08/2024,Analyst
43-5011.01,1.A.3.a.3,Dynamic Strength,LV,0.5,8,0.2673,0.0,1.0238,N,N,08/2024,Analyst
43-5011.01,1.A.3.a.4,Trunk Strength,IM,1.75,8,0.25,1.26,2.24,N,,08/2024,Analyst
43-5011.01,1.A.3.a.4,Trunk Strength,LV,1.12,8,0.3504,0.4383,1.8117,N,N,08/2024,Analyst
43-5011.01,1.A.3.b.1,Stamina,IM,1.5,8,0.189,1.1296,1.8704,N,,08/2024,Analyst
43-5011.01,1.A.3.b.1,Stamina,LV,0.62,8,0.2631,0.1094,1.1406,N,N,08/2024,Analyst
43-5011.01,1.A.3.c.1,Extent Flexibility,IM,1.62,8,0.2631,1.1094,2.1406,N,,08/2024,Analyst
43-5011.01,1.A.3.c.1,Extent Flexibility,LV,1.0,8,0.4226,0.1717,1.8283,N,N,08/2024,Analyst
43-5011.01,1.A.3.c.2,Dynamic Flexibility,IM,1.0,8,0.0,1.0,1.0,N,,08/2024,Analyst
43-5011.01,1.A.3.c.2,Dynamic Flexibility,LV,0.0,8,0.0,0.0,0.0,N,Y,08/2024,Analyst
43-5011.01,1.A.3.c.3,Gross Body Coordination,IM,1.38,8,0.183,1.0164,1.7336,N,,08/2024,Analyst
43-5011.01,1.A.3.c.3,Gross Body Coordination,LV,0.5,8,0.2673,0.0,1.0238,N,N,08/2024,Analyst
43-5011.01,1.A.3.c.4,Gross Body Equilibrium,IM,1.5,8,0.189,1.1296,1.8704,N,,08/2024,Analyst
43-5011.01,1.A.3.c.4,Gross Body Equilibrium,LV,0.62,8,0.2631,0.1094,1.1406,N,N,08/2024,Analyst
43-5011.01,1.A.4.a.1,Near Vision,IM,3.5,8,0.189,3.1296,3.8704,N,,08/2024,Analyst
43-5011.01,1.A.4.a.1,Near Vision,LV,3.38,8,0.183,3.0164,3.7336,N,N,08/2024,Analyst
43-5011.01,1.A.4.a.2,Far Vision,IM,2.88,8,0.125,2.63,3.12,N,,08/2024,Analyst
43-5011.01,1.A.4.a.2,Far Vision,LV,2.88,8,0.125,2.63,3.12,N,N,08/2024,Analyst
43-5011.01,1.A.4.a.3,Visual Color Discrimination,IM,2.5,8,0.189,2.1296,2.8704,N,,08/2024,Analyst
43-5011.01,1.A.4.a.3,Visual Color Discrimination,LV,2.25,8,0.1637,1.9292,2.5708,N,N,08/2024,Analyst
43-5011.01,1.A.4.a.4,Night Vision,IM,1.5,8,0.189,1.1296,1.8704,N,,08/2024,Analyst
43-5011.01,1.A.4.a.4,Night Vision,LV,0.5,8,0.189,0.1296,0.8704,N,N,08/2024,Analyst
43-5011.01,1.A.4.a.5,Peripheral Vision,IM,1.5,8,0.189,1.1296,1.8704,N,,08/2024,Analyst
43-5011.01,1.A.4.a.5,Peripheral Vision,LV,0.5,8,0.189,0.1296,0.8704,N,N,08/2024,Analyst
43-5011.01,1.A.4.a.6,Depth Perception,IM,1.88,8,0.125,1.63,2.12,N,,08/2024,Analyst
43-5011.01,1.A.4.a.6,Depth Perception,LV,1.25,8,0.25,0.76,1.74,N,N,08/2024,Analyst
43-5011.01,1.A.4.a.7,Glare Sensitivity,IM,1.5,8,0.189,1.1296,1.8704,N,,08/2024,Analyst
43-5011.01,1.A.4.a.7,Glare Sensitivity,LV,0.5,8,0.189,0.1296,0.8704,N,N,08/2024,Analyst
43-5011.01,1.A.4.b.1,Hearing Sensitivity,IM,2.25,8,0.1637,1.9292,2.5708,N,,08/2024,Analyst
43-5011.01,1.A.4.b.1,Hearing Sensitivity,LV,2.0,8,0.0,2.0,2.0,N,N,08/2024,Analyst
43-5011.01,1.A.4.b.2,Auditory Attention,IM,2.25,8,0.1637,1.9292,2.5708,N,,08/2024,Analyst
43-5011.01,1.A.4.b.2,Auditory Attention,LV,2.12,8,0.125,1.88,2.37,N,N,08/2024,Analyst
43-5011.01,1.A.4.b.3,Sound Localization,IM,1.5,8,0.189,1.1296,1.8704,N,,08/2024,Analyst
43-5011.01,1.A.4.b.3,Sound Localization,LV,0.5,8,0.189,0.1296,0.8704,N,N,08/2024,Analyst
43-5011.01,1.A.4.b.4,Speech Recognition,IM,3.0,8,0.0,3.0,3.0,N,,08/2024,Analyst
43-5011.01,1.A.4.b.4,Speech Recognition,LV,3.38,8,0.183,3.0164,3.7336,N,N,08/2024,Analyst
43-5011.01,1.A.4.b.5,Speech Clarity,IM,3.0,8,0.0,3.0,3.0,N,,08/2024,Analyst
43-5011.01,1.A.4.b.5,Speech Clarity,LV,3.0,8,0.0,3.0,3.0,N,N,08/2024,Analyst
43-5021.00,1.A.1.a.1,Oral Comprehension,IM,3.62,8,0.183,3.2664,3.9836,N,,07/2016,Analyst
43-5021.00,1.A.1.a.1,Oral Comprehension,LV,3.12,8,0.125,2.88,3.37,N,N,07/2016,Analyst
43-5021.00,1.A.1.a.2,Written Comprehension,IM,3.25,8,0.1637,2.9292,3.5708,N,,07/2016,Analyst
43-5021.00,1.A.1.a.2,Written Comprehension,LV,3.0,8,0.0,3.0,3.0,N,N,07/2016,Analyst
43-5021.00,1.A.1.a.3,Oral Expression,IM,3.62,8,0.183,3.2664,3.9836,N,,07/2016,Analyst
43-5021.00,1.A.1.a.3,Oral Expression,LV,3.0,8,0.0,3.0,3.0,N,N,07/2016,Analyst
43-5021.00,1.A.1.a.4,Written Expression,IM,3.12,8,0.2266,2.6809,3.5691,N,,07/2016,Analyst
43-5021.00,1.A.1.a.4,Written Expression,LV,2.38,8,0.183,2.0164,2.7336,N,N,07/2016,Analyst
43-5021.00,1.A.1.b.1,Fluency of Ideas,IM,2.12,8,0.125,1.88,2.37,N,,07/2016,Analyst
43-5021.00,1.A.1.b.1,Fluency of Ideas,LV,1.75,8,0.1637,1.4292,2.0708,N,N,07/2016,Analyst
43-5021.00,1.A.1.b.2,Originality,IM,2.25,8,0.1637,1.9292,2.5708,N,,07/2016,Analyst
43-5021.00,1.A.1.b.2,Originality,LV,1.88,8,0.2266,1.4309,2.3191,N,N,07/2016,Analyst
43-5021.00,1.A.1.b.3,Problem Sensitivity,IM,3.12,8,0.125,2.88,3.37,N,,07/2016,Analyst
43-5021.00,1.A.1.b.3,Problem Sensitivity,LV,2.62,8,0.183,2.2664,2.9836,N,N,07/2016,Analyst
43-5021.00,1.A.1.b.4,Deductive Reasoning,IM,3.0,8,0.0,3.0,3.0,N,,07/2016,Analyst
43-5021.00,1.A.1.b.4,Deductive Reasoning,LV,2.88,8,0.125,2.63,3.12,N,N,07/2016,Analyst
43-5021.00,1.A.1.b.5,Inductive Reasoning,IM,3.0,8,0.0,3.0,3.0,N,,07/2016,Analyst
43-5021.00,1.A.1.b.5,Inductive Reasoning,LV,2.25,8,0.1637,1.9292,2.5708,N,N,07/2016,Analyst
43-5021.00,1.A.1.b.6,Information Ordering,IM,3.12,8,0.125,2.88,3.37,N,,07/2016,Analyst
43-5021.00,1.A.1.b.6,Information Ordering,LV,3.0,8,0.0,3.0,3.0,N,N,07/2016,Analyst
43-5021.00,1.A.1.b.7,Category Flexibility,IM,3.12,8,0.125,2.88,3.37,N,,07/2016,Analyst
43-5021.00,1.A.1.b.7,Category Flexibility,LV,2.75,8,0.1637,2.4292,3.0708,N,N,07/2016,Analyst
43-5021.00,1.A.1.c.1,Mathematical Reasoning,IM,2.12,8,0.125,1.88,2.37,N,,07/2016,Analyst
43-5021.00,1.A.1.c.1,Mathematical Reasoning,LV,1.62,8,0.183,1.2664,1.9836,N,N,07/2016,Analyst
43-5021.00,1.A.1.c.2,Number Facility,IM,2.0,8,0.0,2.0,2.0,N,,07/2016,Analyst
43-5021.00,1.A.1.c.2,Number Facility,LV,1.88,8,0.125,1.63,2.12,N,N,07/2016,Analyst
43-5021.00,1.A.1.d.1,Memorization,IM,2.12,8,0.125,1.88,2.37,N,,07/2016,Analyst
43-5021.00,1.A.1.d.1,Memorization,LV,1.88,8,0.125,1.63,2.12,N,N,07/2016,Analyst
43-5021.00,1.A.1.e.1,Speed of Closure,IM,2.0,8,0.0,2.0,2.0,N,,07/2016,Analyst
43-5021.00,1.A.1.e.1,Speed of Closure,LV,2.0,8,0.0,2.0,2.0,N,N,07/2016,Analyst
43-5021.00,1.A.1.e.2,Flexibility of Closure,IM,2.25,8,0.1637,1.9292,2.5708,N,,07/2016,Analyst
43-5021.00,1.A.1.e.2,Flexibility of Closure,LV,2.12,8,0.125,1.88,2.37,N,N,07/2016,Analyst
43-5021.00,1.A.1.e.3,Perceptual Speed,IM,3.0,8,0.189,2.6296,3.3704,N,,07/2016,Analyst
43-5021.00,1.A.1.e.3,Perceptual Speed,LV,2.62,8,0.183,2.2664,2.9836,N,N,07/2016,Analyst
43-5021.00,1.A.1.f.1,Spatial Orientation,IM,2.75,8,0.1637,2.4292,3.0708,N,,07/2016,Analyst
43-5021.00,1.A.1.f.1,Spatial Orientation,LV,2.25,8,0.1637,1.9292,2.5708,N,N,07/2016,Analyst
43-5021.00,1.A.1.f.2,Visualization,IM,2.38,8,0.183,2.0164,2.7336,N,,07/2016,Analyst
43-5021.00,1.A.1.f.2,Visualization,LV,2.12,8,0.125,1.88,2.37,N,N,07/2016,Analyst
43-5021.00,1.A.1.g.1,Selective Attention,IM,2.88,8,0.125,2.63,3.12,N,,07/2016,Analyst
43-5021.00,1.A.1.g.1,Selective Attention,LV,2.62,8,0.183,2.2664,2.9836,N,N,07/2016,Analyst
43-5021.00,1.A.1.g.2,Time Sharing,IM,2.88,8,0.125,2.63,3.12,N,,07/2016,Analyst
43-5021.00,1.A.1.g.2,Time Sharing,LV,2.88,8,0.125,2.63,3.12,N,N,07/2016,Analyst
43-5021.00,1.A.2.a.1,Arm-Hand Steadiness,IM,3.0,8,0.0,3.0,3.0,N,,07/2016,Analyst
43-5021.00,1.A.2.a.1,Arm-Hand Steadiness,LV,2.62,8,0.183,2.2664,2.9836,N,N,07/2016,Analyst
43-5021.00,1.A.2.a.2,Manual Dexterity,IM,3.12,8,0.125,2.88,3.37,N,,07/2016,Analyst
43-5021.00,1.A.2.a.2,Manual Dexterity,LV,2.75,8,0.1637,2.4292,3.0708,N,N,07/2016,Analyst
43-5021.00,1.A.2.a.3,Finger Dexterity,IM,3.12,8,0.125,2.88,3.37,N,,07/2016,Analyst
43-5021.00,1.A.2.a.3,Finger Dexterity,LV,2.5,8,0.189,2.1296,2.8704,N,N,07/2016,Analyst
43-5021.00,1.A.2.b.1,Control Precision,IM,3.0,8,0.0,3.0,3.0,N,,07/2016,Analyst
43-5021.00,1.A.2.b.1,Control Precision,LV,3.0,8,0.0,3.0,3.0,N,N,07/2016,Analyst
43-5021.00,1.A.2.b.2,Multilimb Coordination,IM,3.25,8,0.1637,2.9292,3.5708,N,,07/2016,Analyst
43-5021.00,1.A.2.b.2,Multilimb Coordination,LV,3.12,8,0.125,2.88,3.37,N,N,07/2016,Analyst
43-5021.00,1.A.2.b.3,Response Orientation,IM,3.0,8,0.0,3.0,3.0,N,,07/2016,Analyst
43-5021.00,1.A.2.b.3,Response Orientation,LV,3.12,8,0.125,2.88,3.37,N,N,07/2016,Analyst
43-5021.00,1.A.2.b.4,Rate Control,IM,2.75,8,0.25,2.26,3.24,N,,07/2016,Analyst
43-5021.00,1.A.2.b.4,Rate Control,LV,2.38,8,0.183,2.0164,2.7336,N,N,07/2016,Analyst
43-5021.00,1.A.2.c.1,Reaction Time,IM,2.75,8,0.25,2.26,3.24,N,,07/2016,Analyst
43-5021.00,1.A.2.c.1,Reaction Time,LV,2.25,8,0.1637,1.9292,2.5708,N,N,07/2016,Analyst
43-5021.00,1.A.2.c.2,Wrist-Finger Speed,IM,1.88,8,0.125,1.63,2.12,N,,07/2016,Analyst
43-5021.00,1.A.2.c.2,Wrist-Finger Speed,LV,1.0,8,0.189,0.6296,1.3704,N,N,07/2016,Analyst
43-5021.00,1.A.2.c.3,Speed of Limb Movement,IM,2.25,8,0.25,1.76,2.74,N,,07/2016,Analyst
43-5021.00,1.A.2.c.3,Speed of Limb Movement,LV,1.62,8,0.3239,0.9902,2.2598,N,N,07/2016,Analyst
43-5021.00,1.A.3.a.1,Static Strength,IM,2.88,8,0.2266,2.4309,3.3191,N,,07/2016,Analyst
43-5021.00,1.A.3.a.1,Static Strength,LV,2.62,8,0.183,2.2664,2.9836,N,N,07/2016,Analyst
43-5021.00,1.A.3.a.2,Explosive Strength,IM,1.75,8,0.1637,1.4292,2.0708,N,,07/2016,Analyst
43-5021.00,1.A.3.a.2,Explosive Strength,LV,0.75,8,0.1637,0.4292,1.0708,N,N,07/2016,Analyst
43-5021.00,1.A.3.a.3,Dynamic Strength,IM,2.38,8,0.183,2.0164,2.7336,N,,07/2016,Analyst
43-5021.00,1.A.3.a.3,Dynamic Strength,LV,2.12,8,0.125,1.88,2.37,N,N,07/2016,Analyst
43-5021.00,1.A.3.a.4,Trunk Strength,IM,2.88,8,0.2266,2.4309,3.3191,N,,07/2016,Analyst
43-5021.00,1.A.3.a.4,Trunk Strength,LV,2.88,8,0.125,2.63,3.12,N,N,07/2016,Analyst
43-5021.00,1.A.3.b.1,Stamina,IM,2.75,8,0.1637,2.4292,3.0708,N,,07/2016,Analyst
43-5021.00,1.A.3.b.1,Stamina,LV,2.62,8,0.183,2.2664,2.9836,N,N,07/2016,Analyst
43-5021.00,1.A.3.c.1,Extent Flexibility,IM,2.75,8,0.25,2.26,3.24,N,,07/2016,Analyst
43-5021.00,1.A.3.c.1,Extent Flexibility,LV,2.75,8,0.25,2.26,3.24,N,N,07/2016,Analyst
43-5021.00,1.A.3.c.2,Dynamic Flexibility,IM,1.62,8,0.183,1.2664,1.9836,N,,07/2016,Analyst
43-5021.00,1.A.3.c.2,Dynamic Flexibility,LV,0.75,8,0.25,0.26,1.24,N,N,07/2016,Analyst
43-5021.00,1.A.3.c.3,Gross Body Coordination,IM,2.62,8,0.183,2.2664,2.9836,N,,07/2016,Analyst
43-5021.00,1.A.3.c.3,Gross Body Coordination,LV,2.12,8,0.125,1.88,2.37,N,N,07/2016,Analyst
43-5021.00,1.A.3.c.4,Gross Body Equilibrium,IM,2.0,8,0.0,2.0,2.0,N,,07/2016,Analyst
43-5021.00,1.A.3.c.4,Gross Body Equilibrium,LV,1.75,8,0.1637,1.4292,2.0708,N,N,07/2016,Analyst
43-5021.00,1.A.4.a.1,Near Vision,IM,3.25,8,0.1637,2.9292,3.5708,N,,07/2016,Analyst
43-5021.00,1.A.4.a.1,Near Vision,LV,3.25,8,0.1637,2.9292,3.5708,N,N,07/2016,Analyst
43-5021.00,1.A.4.a.2,Far Vision,IM,3.25,8,0.1637,2.9292,3.5708,N,,07/2016,Analyst
43-5021.00,1.A.4.a.2,Far Vision,LV,2.75,8,0.1637,2.4292,3.0708,N,N,07/2016,Analyst
43-5021.00,1.A.4.a.3,Visual Color Discrimination,IM,2.25,8,0.1637,1.9292,2.5708,N,,07/2016,Analyst
43-5021.00,1.A.4.a.3,Visual Color Discrimination,LV,2.12,8,0.125,1.88,2.37,N,N,07/2016,Analyst
43-5021.00,1.A.4.a.4,Night Vision,IM,2.0,8,0.189,1.6296,2.3704,N,,07/2016,Analyst
43-5021.00,1.A.4.a.4,Night Vision,LV,1.38,8,0.2631,0.8594,1.8906,N,N,07/2016,Analyst
43-5021.00,1.A.4.a.5,Peripheral Vision,IM,2.12,8,0.125,1.88,2.37,N,,07/2016,Analyst
43-5021.00,1.A.4.a.5,Peripheral Vision,LV,1.88,8,0.2266,1.4309,2.3191,N,N,07/2016,Analyst
43-5021.00,1.A.4.a.6,Depth Perception,IM,3.0,8,0.0,3.0,3.0,N,,07/2016,Analyst
43-5021.00,1.A.4.a.6,Depth Perception,LV,2.62,8,0.183,2.2664,2.9836,N,N,07/2016,Analyst
43-5021.00,1.A.4.a.7,Glare Sensitivity,IM,2.5,8,0.189,2.1296,2.8704,N,,07/2016,Analyst
43-5021.00,1.A.4.a.7,Glare Sensitivity,LV,2.25,8,0.1637,1.9292,2.5708,N,N,07/2016,Analyst
43-5021.00,1.A.4.b.1,Hearing Sensitivity,IM,2.12,8,0.125,1.88,2.37,N,,07/2016,Analyst
43-5021.00,1.A.4.b.1,Hearing Sensitivity,LV,2.0,8,0.0,2.0,2.0,N,N,07/2016,Analyst
43-5021.00,1.A.4.b.2,Auditory Attention,IM,2.5,8,0.189,2.1296,2.8704,N,,07/2016,Analyst
43-5021.00,1.A.4.b.2,Auditory Attention,LV,2.38,8,0.183,2.0164,2.7336,N,N,07/2016,Analyst
43-5021.00,1.A.4.b.3,Sound Localization,IM,1.88,8,0.125,1.63,2.12,N,,07/2016,Analyst
43-5021.00,1.A.4.b.3,Sound Localization,LV,2.0,8,0.3273,1.3584,2.6416,N,N,07/2016,Analyst
43-5021.00,1.A.4.b.4,Speech Recognition,IM,3.25,8,0.1637,2.9292,3.5708,N,,07/2016,Analyst
43-5021.00,1.A.4.b.4,Speech Recognition,LV,3.5,8,0.189,3.1296,3.8704,N,N,07/2016,Analyst
43-5021.00,1.A.4.b.5,Speech Clarity,IM,3.12,8,0.125,2.88,3.37,N,,07/2016,Analyst
43-5021.00,1.A.4.b.5,Speech Clarity,LV,2.88,8,0.125,2.63,3.12,N,N,07/2016,Analyst
43-5031.00,1.A.1.a.1,Oral Comprehension,IM,4.25,8,0.1637,3.9292,4.5708,N,,08/2023,Analyst
43-5031.00,1.A.1.a.1,Oral Comprehension,LV,4.0,8,0.0,4.0,4.0,N,N,08/2023,Analyst
43-5031.00,1.A.1.a.2,Written Comprehension,IM,3.75,8,0.1637,3.4292,4.0708,N,,08/2023,Analyst
43-5031.00,1.A.1.a.2,Written Comprehension,LV,3.0,8,0.0,3.0,3.0,N,N,08/2023,Analyst
43-5031.00,1.A.1.a.3,Oral Expression,IM,4.38,8,0.183,4.0164,4.7336,N,,08/2023,Analyst
43-5031.00,1.A.1.a.3,Oral Expression,LV,4.0,8,0.0,4.0,4.0,N,N,08/2023,Analyst
43-5031.00,1.A.1.a.4,Written Expression,IM,3.25,8,0.1637,2.9292,3.5708,N,,08/2023,Analyst
43-5031.00,1.A.1.a.4,Written Expression,LV,3.25,8,0.1637,2.9292,3.5708,N,N,08/2023,Analyst
43-5031.00,1.A.1.b.1,Fluency of Ideas,IM,3.0,8,0.0,3.0,3.0,N,,08/2023,Analyst
43-5031.00,1.A.1.b.1,Fluency of Ideas,LV,3.0,8,0.0,3.0,3.0,N,N,08/2023,Analyst
43-5031.00,1.A.1.b.2,Originality,IM,2.75,8,0.1637,2.4292,3.0708,N,,08/2023,Analyst
43-5031.00,1.A.1.b.2,Originality,LV,2.88,8,0.125,2.63,3.12,N,N,08/2023,Analyst
43-5031.00,1.A.1.b.3,Problem Sensitivity,IM,4.0,8,0.0,4.0,4.0,N,,08/2023,Analyst
43-5031.00,1.A.1.b.3,Problem Sensitivity,LV,4.0,8,0.0,4.0,4.0,N,N,08/2023,Analyst
43-5031.00,1.A.1.b.4,Deductive Reasoning,IM,3.75,8,0.1637,3.4292,4.0708,N,,08/2023,Analyst
43-5031.00,1.A.1.b.4,Deductive Reasoning,LV,3.88,8,0.125,3.63,4.12,N,N,08/2023,Analyst
43-5031.00,1.A.1.b.5,Inductive Reasoning,IM,3.5,8,0.189,3.1296,3.8704,N,,08/2023,Analyst
43-5031.00,1.A.1.b.5,Inductive Reasoning,LV,3.0,8,0.0,3.0,3.0,N,N,08/2023,Analyst
43-5031.00,1.A.1.b.6,Information Ordering,IM,3.75,8,0.1637,3.4292,4.0708,N,,08/2023,Analyst
43-5031.00,1.A.1.b.6,Information Ordering,LV,3.75,8,0.1637,3.4292,4.0708,N,N,08/2023,Analyst
43-5031.00,1.A.1.b.7,Category Flexibility,IM,3.0,8,0.0,3.0,3.0,N,,08/2023,Analyst
43-5031.00,1.A.1.b.7,Category Flexibility,LV,3.0,8,0.0,3.0,3.0,N,N,08/2023,Analyst
43-5031.00,1.A.1.c.1,Mathematical Reasoning,IM,2.0,8,0.0,2.0,2.0,N,,08/2023,Analyst
43-5031.00,1.A.1.c.1,Mathematical Reasoning,LV,2.0,8,0.0,2.0,2.0,N,N,08/2023,Analyst
43-5031.00,1.A.1.c.2,Number Facility,IM,2.0,8,0.0,2.0,2.0,N,,08/2023,Analyst
43-5031.00,1.A.1.c.2,Number Facility,LV,2.0,8,0.0,2.0,2.0,N,N,08/2023,Analyst
43-5031.00,1.A.1.d.1,Memorization,IM,2.88,8,0.125,2.63,3.12,N,,08/2023,Analyst
43-5031.00,1.A.1.d.1,Memorization,LV,3.0,8,0.189,2.6296,3.3704,N,N,08/2023,Analyst
43-5031.00,1.A.1.e.1,Speed of Closure,IM,3.0,8,0.0,3.0,3.0,N,,08/2023,Analyst
43-5031.00,1.A.1.e.1,Speed of Closure,LV,3.0,8,0.0,3.0,3.0,N,N,08/2023,Analyst
43-5031.00,1.A.1.e.2,Flexibility of Closure,IM,3.0,8,0.0,3.0,3.0,N,,08/2023,Analyst
43-5031.00,1.A.1.e.2,Flexibility of Closure,LV,3.0,8,0.0,3.0,3.0,N,N,08/2023,Analyst
43-5031.00,1.A.1.e.3,Perceptual Speed,IM,3.0,8,0.0,3.0,3.0,N,,08/2023,Analyst
43-5031.00,1.A.1.e.3,Perceptual Speed,LV,3.5,8,0.189,3.1296,3.8704,N,N,08/2023,Analyst
43-5031.00,1.A.1.f.1,Spatial Orientation,IM,1.25,8,0.1637,1.0,1.5708,N,,08/2023,Analyst
43-5031.00,1.A.1.f.1,Spatial Orientation,LV,0.38,8,0.2631,0.0,0.8906,N,Y,08/2023,Analyst
43-5031.00,1.A.1.f.2,Visualization,IM,2.25,8,0.1637,1.9292,2.5708,N,,08/2023,Analyst
43-5031.00,1.A.1.f.2,Visualization,LV,2.88,8,0.2266,2.4309,3.3191,N,N,08/2023,Analyst
43-5031.00,1.A.1.g.1,Selective Attention,IM,3.88,8,0.125,3.63,4.12,N,,08/2023,Analyst
43-5031.00,1.A.1.g.1,Selective Attention,LV,4.0,8,0.0,4.0,4.0,N,N,08/2023,Analyst
43-5031.00,1.A.1.g.2,Time Sharing,IM,3.25,8,0.1637,2.9292,3.5708,N,,08/2023,Analyst
43-5031.00,1.A.1.g.2,Time Sharing,LV,3.62,8,0.183,3.2664,3.9836,N,N,08/2023,Analyst
43-5031.00,1.A.2.a.1,Arm-Hand Steadiness,IM,2.12,8,0.125,1.88,2.37,N,,08/2023,Analyst
43-5031.00,1.A.2.a.1,Arm-Hand Steadiness,LV,2.12,8,0.125,1.88,2.37,N,N,08/2023,Analyst
43-5031.00,1.A.2.a.2,Manual Dexterity,IM,2.25,8,0.1637,1.9292,2.5708,N,,08/2023,Analyst
43-5031.00,1.A.2.a.2,Manual Dexterity,LV,2.12,8,0.125,1.88,2.37,N,N,08/2023,Analyst
43-5031.00,1.A.2.a.3,Finger Dexterity,IM,2.5,8,0.189,2.1296,2.8704,N,,08/2023,Analyst
43-5031.00,1.A.2.a.3,Finger Dexterity,LV,2.38,8,0.183,2.0164,2.7336,N,N,08/2023,Analyst
43-5031.00,1.A.2.b.1,Control Precision,IM,2.12,8,0.125,1.88,2.37,N,,08/2023,Analyst
43-5031.00,1.A.2.b.1,Control Precision,LV,2.12,8,0.125,1.88,2.37,N,N,08/2023,Analyst
43-5031.00,1.A.2.b.2,Multilimb Coordination,IM,2.0,8,0.0,2.0,2.0,N,,08/2023,Analyst
43-5031.00,1.A.2.b.2,Multilimb Coordination,LV,1.5,8,0.189,1.1296,1.8704,N,N,08/2023,Analyst
43-5031.00,1.A.2.b.3,Response Orientation,IM,2.12,8,0.125,1.88,2.37,N,,08/2023,Analyst
43-5031.00,1.A.2.b.3,Response Orientation,LV,2.0,8,0.189,1.6296,2.3704,N,N,08/2023,Analyst
43-5031.00,1.A.2.b.4,Rate Control,IM,1.38,8,0.183,1.0164,1.7336,N,,08/2023,Analyst
43-5031.00,1.A.2.b.4,Rate Control,LV,0.38,8,0.183,0.0164,0.7336,N,N,08/2023,Analyst
43-5031.00,1.A.2.c.1,Reaction Time,IM,2.5,8,0.189,2.1296,2.8704,N,,08/2023,Analyst
43-5031.00,1.A.2.c.1,Reaction Time,LV,1.88,8,0.125,1.63,2.12,N,N,08/2023,Analyst
43-5031.00,1.A.2.c.2,Wrist-Finger Speed,IM,2.0,8,0.189,1.6296,2.3704,N,,08/2023,Analyst
43-5031.00,1.A.2.c.2,Wrist-Finger Speed,LV,1.88,8,0.295,1.2967,2.4533,N,N,08/2023,Analyst
43-5031.00,1.A.2.c.3,Speed of Limb Movement,IM,1.38,8,0.183,1.0164,1.7336,N,,08/2023,Analyst
43-5031.00,1.A.2.c.3,Speed of Limb Movement,LV,0.38,8,0.183,0.0164,0.7336,N,N,08/2023,Analyst
43-5031.00,1.A.3.a.1,Static Strength,IM,1.62,8,0.183,1.2664,1.9836,N,,08/2023,Analyst
43-5031.00,1.A.3.a.1,Static Strength,LV,0.62,8,0.183,0.2664,0.9836,N,N,08/2023,Analyst
43-5031.00,1.A.3.a.2,Explosive Strength,IM,1.38,8,0.183,1.0164,1.7336,N,,08/2023,Analyst
43-5031.00,1.A.3.a.2,Explosive Strength,LV,0.38,8,0.183,0.0164,0.7336,N,N,08/2023,Analyst
43-5031.00,1.A.3.a.3,Dynamic Strength,IM,1.38,8,0.183,1.0164,1.7336,N,,08/2023,Analyst
43-5031.00,1.A.3.a.3,Dynamic Strength,LV,0.5,8,0.2673,0.0,1.0238,N,N,08/2023,Analyst
43-5031.00,1.A.3.a.4,Trunk Strength,IM,2.12,8,0.2266,1.6809,2.5691,N,,08/2023,Analyst
43-5031.00,1.A.3.a.4,Trunk Strength,LV,1.38,8,0.3239,0.7402,2.0098,N,N,08/2023,Analyst
43-5031.00,1.A.3.b.1,Stamina,IM,1.5,8,0.189,1.1296,1.8704,N,,08/2023,Analyst
43-5031.00,1.A.3.b.1,Stamina,LV,0.5,8,0.189,0.1296,0.8704,N,N,08/2023,Analyst
43-5031.00,1.A.3.c.1,Extent Flexibility,IM,1.88,8,0.125,1.63,2.12,N,,08/2023,Analyst
43-5031.00,1.A.3.c.1,Extent Flexibility,LV,1.12,8,0.2266,0.6809,1.5691,N,N,08/2023,Analyst
43-5031.00,1.A.3.c.2,Dynamic Flexibility,IM,1.0,8,0.0,1.0,1.0,N,,08/2023,Analyst
43-5031.00,1.A.3.c.2,Dynamic Flexibility,LV,0.0,8,0.0,0.0,0.0,N,Y,08/2023,Analyst
43-5031.00,1.A.3.c.3,Gross Body Coordination,IM,1.5,8,0.189,1.1296,1.8704,N,,08/2023,Analyst
43-5031.00,1.A.3.c.3,Gross Body Coordination,LV,0.5,8,0.189,0.1296,0.8704,N,N,08/2023,Analyst
43-5031.00,1.A.3.c.4,Gross Body Equilibrium,IM,1.5,8,0.189,1.1296,1.8704,N,,08/2023,Analyst
43-5031.00,1.A.3.c.4,Gross Body Equilibrium,LV,0.5,8,0.189,0.1296,0.8704,N,N,08/2023,Analyst
43-5031.00,1.A.4.a.1,Near Vision,IM,3.25,8,0.1637,2.9292,3.5708,N,,08/2023,Analyst
43-5031.00,1.A.4.a.1,Near Vision,LV,3.88,8,0.125,3.63,4.12,N,N,08/2023,Analyst
43-5031.00,1.A.4.a.2,Far Vision,IM,2.62,8,0.183,2.2664,2.9836,N,,08/2023,Analyst
43-5031.00,1.A.4.a.2,Far Vision,LV,2.88,8,0.125,2.63,3.12,N,N,08/2023,Analyst
43-5031.00,1.A.4.a.3,Visual Color Discrimination,IM,2.25,8,0.1637,1.9292,2.5708,N,,08/2023,Analyst
43-5031.00,1.A.4.a.3,Visual Color Discrimination,LV,2.38,8,0.183,2.0164,2.7336,N,N,08/2023,Analyst
43-5031.00,1.A.4.a.4,Night Vision,IM,1.0,8,0.0,1.0,1.0,N,,08/2023,Analyst
43-5031.00,1.A.4.a.4,Night Vision,LV,0.0,8,0.0,0.0,0.0,N,Y,08/2023,Analyst
43-5031.00,1.A.4.a.5,Peripheral Vision,IM,1.0,8,0.0,1.0,1.0,N,,08/2023,Analyst
43-5031.00,1.A.4.a.5,Peripheral Vision,LV,0.0,8,0.0,0.0,0.0,N,Y,08/2023,Analyst
43-5031.00,1.A.4.a.6,Depth Perception,IM,2.0,8,0.0,2.0,2.0,N,,08/2023,Analyst
43-5031.00,1.A.4.a.6,Depth Perception,LV,1.75,8,0.1637,1.4292,2.0708,N,N,08/2023,Analyst
43-5031.00,1.A.4.a.7,Glare Sensitivity,IM,1.12,8,0.125,1.0,1.37,N,,08/2023,Analyst
43-5031.00,1.A.4.a.7,Glare Sensitivity,LV,0.12,8,0.125,0.0,0.37,N,Y,08/2023,Analyst
43-5031.00,1.A.4.b.1,Hearing Sensitivity,IM,2.75,8,0.1637,2.4292,3.0708,N,,08/2023,Analyst
43-5031.00,1.A.4.b.1,Hearing Sensitivity,LV,2.12,8,0.125,1.88,2.37,N,N,08/2023,Analyst
43-5031.00,1.A.4.b.2,Auditory Attention,IM,3.12,8,0.125,2.88,3.37,N,,08/2023,Analyst
43-5031.00,1.A.4.b.2,Auditory Attention,LV,3.12,8,0.125,2.88,3.37,N,N,08/2023,Analyst
43-5031.00,1.A.4.b.3,Sound Localization,IM,1.0,8,0.0,1.0,1.0,N,,08/2023,Analyst
43-5031.00,1.A.4.b.3,Sound Localization,LV,0.0,8,0.0,0.0,0.0,N,Y,08/2023,Analyst
43-5031.00,1.A.4.b.4,Speech Recognition,IM,3.88,8,0.125,3.63,4.12,N,,08/2023,Analyst
43-5031.00,1.A.4.b.4,Speech Recognition,LV,4.62,8,0.183,4.2664,4.9836,N,N,08/2023,Analyst
43-5031.00,1.A.4.b.5,Speech Clarity,IM,4.12,8,0.125,3.88,4.37,N,,08/2023,Analyst
43-5031.00,1.A.4.b.5,Speech Clarity,LV,4.0,8,0.0,4.0,4.0,N,N,08/2023,Analyst
43-5032.00,1.A.1.a.1,Oral Comprehension,IM,4.0,8,0.0,4.0,4.0,N,,08/2021,Analyst
43-5032.00,1.A.1.a.1,Oral Comprehension,LV,4.0,8,0.0,4.0,4.0,N,N,08/2021,Analyst
43-5032.00,1.A.1.a.2,Written Comprehension,IM,3.62,8,0.183,3.2664,3.9836,N,,08/2021,Analyst
43-5032.00,1.A.1.a.2,Written Comprehension,LV,3.25,8,0.1637,2.9292,3.5708,N,N,08/2021,Analyst
43-5032.00,1.A.1.a.3,Oral Expression,IM,4.0,8,0.0,4.0,4.0,N,,08/2021,Analyst
43-5032.00,1.A.1.a.3,Oral Expression,LV,4.0,8,0.0,4.0,4.0,N,N,08/2021,Analyst
43-5032.00,1.A.1.a.4,Written Expression,IM,3.62,8,0.183,3.2664,3.9836,N,,08/2021,Analyst
43-5032.00,1.A.1.a.4,Written Expression,LV,3.25,8,0.1637,2.9292,3.5708,N,N,08/2021,Analyst
43-5032.00,1.A.1.b.1,Fluency of Ideas,IM,2.88,8,0.125,2.63,3.12,N,,08/2021,Analyst
43-5032.00,1.A.1.b.1,Fluency of Ideas,LV,2.75,8,0.1637,2.4292,3.0708,N,N,08/2021,Analyst
43-5032.00,1.A.1.b.2,Originality,IM,2.75,8,0.1637,2.4292,3.0708,N,,08/2021,Analyst
43-5032.00,1.A.1.b.2,Originality,LV,2.75,8,0.1637,2.4292,3.0708,N,N,08/2021,Analyst
43-5032.00,1.A.1.b.3,Problem Sensitivity,IM,3.62,8,0.183,3.2664,3.9836,N,,08/2021,Analyst
43-5032.00,1.A.1.b.3,Problem Sensitivity,LV,3.25,8,0.1637,2.9292,3.5708,N,N,08/2021,Analyst
43-5032.00,1.A.1.b.4,Deductive Reasoning,IM,3.75,8,0.1637,3.4292,4.0708,N,,08/2021,Analyst
43-5032.00,1.A.1.b.4,Deductive Reasoning,LV,3.62,8,0.183,3.2664,3.9836,N,N,08/2021,Analyst
43-5032.00,1.A.1.b.5,Inductive Reasoning,IM,3.0,8,0.0,3.0,3.0,N,,08/2021,Analyst
43-5032.00,1.A.1.b.5,Inductive Reasoning,LV,3.12,8,0.125,2.88,3.37,N,N,08/2021,Analyst
43-5032.00,1.A.1.b.6,Information Ordering,IM,3.12,8,0.125,2.88,3.37,N,,08/2021,Analyst
43-5032.00,1.A.1.b.6,Information Ordering,LV,3.0,8,0.0,3.0,3.0,N,N,08/2021,Analyst
43-5032.00,1.A.1.b.7,Category Flexibility,IM,3.0,8,0.0,3.0,3.0,N,,08/2021,Analyst
43-5032.00,1.A.1.b.7,Category Flexibility,LV,3.0,8,0.0,3.0,3.0,N,N,08/2021,Analyst
43-5032.00,1.A.1.c.1,Mathematical Reasoning,IM,2.25,8,0.1637,1.9292,2.5708,N,,08/2021,Analyst
43-5032.00,1.A.1.c.1,Mathematical Reasoning,LV,2.25,8,0.1637,1.9292,2.5708,N,N,08/2021,Analyst
43-5032.00,1.A.1.c.2,Number Facility,IM,2.25,8,0.1637,1.9292,2.5708,N,,08/2021,Analyst
43-5032.00,1.A.1.c.2,Number Facility,LV,2.25,8,0.1637,1.9292,2.5708,N,N,08/2021,Analyst
43-5032.00,1.A.1.d.1,Memorization,IM,2.62,8,0.183,2.2664,2.9836,N,,08/2021,Analyst
43-5032.00,1.A.1.d.1,Memorization,LV,2.5,8,0.189,2.1296,2.8704,N,N,08/2021,Analyst
43-5032.00,1.A.1.e.1,Speed of Closure,IM,2.88,8,0.125,2.63,3.12,N,,08/2021,Analyst
43-5032.00,1.A.1.e.1,Speed of Closure,LV,2.88,8,0.125,2.63,3.12,N,N,08/2021,Analyst
43-5032.00,1.A.1.e.2,Flexibility of Closure,IM,2.75,8,0.1637,2.4292,3.0708,N,,08/2021,Analyst
43-5032.00,1.A.1.e.2,Flexibility of Closure,LV,2.62,8,0.183,2.2664,2.9836,N,N,08/2021,Analyst
43-5032.00,1.A.1.e.3,Perceptual Speed,IM,2.88,8,0.125,2.63,3.12,N,,08/2021,Analyst
43-5032.00,1.A.1.e.3,Perceptual Speed,LV,2.75,8,0.1637,2.4292,3.0708,N,N,08/2021,Analyst
43-5032.00,1.A.1.f.1,Spatial Orientation,IM,1.12,8,0.125,1.0,1.37,N,,08/2021,Analyst
43-5032.00,1.A.1.f.1,Spatial Orientation,LV,0.12,8,0.125,0.0,0.37,N,Y,08/2021,Analyst
43-5032.00,1.A.1.f.2,Visualization,IM,2.25,8,0.1637,1.9292,2.5708,N,,08/2021,Analyst
43-5032.00,1.A.1.f.2,Visualization,LV,2.12,8,0.125,1.88,2.37,N,N,08/2021,Analyst
43-5032.00,1.A.1.g.1,Selective Attention,IM,3.25,8,0.1637,2.9292,3.5708,N,,08/2021,Analyst
43-5032.00,1.A.1.g.1,Selective Attention,LV,3.12,8,0.125,2.88,3.37,N,N,08/2021,Analyst
43-5032.00,1.A.1.g.2,Time Sharing,IM,2.88,8,0.125,2.63,3.12,N,,08/2021,Analyst
43-5032.00,1.A.1.g.2,Time Sharing,LV,2.75,8,0.1637,2.4292,3.0708,N,N,08/2021,Analyst
43-5032.00,1.A.2.a.1,Arm-Hand Steadiness,IM,1.75,8,0.1637,1.4292,2.0708,N,,08/2021,Analyst
43-5032.00,1.A.2.a.1,Arm-Hand Steadiness,LV,1.12,8,0.295,0.5467,1.7033,N,N,08/2021,Analyst
43-5032.00,1.A.2.a.2,Manual Dexterity,IM,2.0,8,0.0,2.0,2.0,N,,08/2021,Analyst
43-5032.00,1.A.2.a.2,Manual Dexterity,LV,1.38,8,0.183,1.0164,1.7336,N,N,08/2021,Analyst
43-5032.00,1.A.2.a.3,Finger Dexterity,IM,2.62,8,0.183,2.2664,2.9836,N,,08/2021,Analyst
43-5032.00,1.A.2.a.3,Finger Dexterity,LV,2.12,8,0.125,1.88,2.37,N,N,08/2021,Analyst
43-5032.00,1.A.2.b.1,Control Precision,IM,2.0,8,0.0,2.0,2.0,N,,08/2021,Analyst
43-5032.00,1.A.2.b.1,Control Precision,LV,1.88,8,0.125,1.63,2.12,N,N,08/2021,Analyst
43-5032.00,1.A.2.b.2,Multilimb Coordination,IM,1.0,8,0.0,1.0,1.0,N,,08/2021,Analyst
43-5032.00,1.A.2.b.2,Multilimb Coordination,LV,0.0,8,0.0,0.0,0.0,N,Y,08/2021,Analyst
43-5032.00,1.A.2.b.3,Response Orientation,IM,1.12,8,0.125,1.0,1.37,N,,08/2021,Analyst
43-5032.00,1.A.2.b.3,Response Orientation,LV,0.12,8,0.125,0.0,0.37,N,Y,08/2021,Analyst
43-5032.00,1.A.2.b.4,Rate Control,IM,1.0,8,0.0,1.0,1.0,N,,08/2021,Analyst
43-5032.00,1.A.2.b.4,Rate Control,LV,0.0,8,0.0,0.0,0.0,N,Y,08/2021,Analyst
43-5032.00,1.A.2.c.1,Reaction Time,IM,1.0,8,0.0,1.0,1.0,N,,08/2021,Analyst
43-5032.00,1.A.2.c.1,Reaction Time,LV,0.0,8,0.0,0.0,0.0,N,Y,08/2021,Analyst
43-5032.00,1.A.2.c.2,Wrist-Finger Speed,IM,1.5,8,0.189,1.1296,1.8704,N,,08/2021,Analyst
43-5032.00,1.A.2.c.2,Wrist-Finger Speed,LV,0.62,8,0.2631,0.1094,1.1406,N,N,08/2021,Analyst
43-5032.00,1.A.2.c.3,Speed of Limb Movement,IM,1.0,8,0.0,1.0,1.0,N,,08/2021,Analyst
43-5032.00,1.A.2.c.3,Speed of Limb Movement,LV,0.0,8,0.0,0.0,0.0,N,Y,08/2021,Analyst
43-5032.00,1.A.3.a.1,Static Strength,IM,1.0,8,0.0,1.0,1.0,N,,08/2021,Analyst
43-5032.00,1.A.3.a.1,Static Strength,LV,0.0,8,0.0,0.0,0.0,N,Y,08/2021,Analyst
43-5032.00,1.A.3.a.2,Explosive Strength,IM,1.0,8,0.0,1.0,1.0,N,,08/2021,Analyst
43-5032.00,1.A.3.a.2,Explosive Strength,LV,0.0,8,0.0,0.0,0.0,N,Y,08/2021,Analyst
43-5032.00,1.A.3.a.3,Dynamic Strength,IM,1.12,8,0.125,1.0,1.37,N,,08/2021,Analyst
43-5032.00,1.A.3.a.3,Dynamic Strength,LV,0.12,8,0.125,0.0,0.37,N,Y,08/2021,Analyst
43-5032.00,1.A.3.a.4,Trunk Strength,IM,1.62,8,0.183,1.2664,1.9836,N,,08/2021,Analyst
43-5032.00,1.A.3.a.4,Trunk Strength,LV,1.12,8,0.3504,0.4383,1.8117,N,N,08/2021,Analyst
43-5032.00,1.A.3.b.1,Stamina,IM,1.0,8,0.0,1.0,1.0,N,,08/2021,Analyst
43-5032.00,1.A.3.b.1,Stamina,LV,0.0,8,0.0,0.0,0.0,N,Y,08/2021,Analyst
43-5032.00,1.A.3.c.1,Extent Flexibility,IM,1.0,8,0.0,1.0,1.0,N,,08/2021,Analyst
43-5032.00,1.A.3.c.1,Extent Flexibility,LV,0.0,8,0.0,0.0,0.0,N,Y,08/2021,Analyst
43-5032.00,1.A.3.c.2,Dynamic Flexibility,IM,1.0,8,0.0,1.0,1.0,N,,08/2021,Analyst
43-5032.00,1.A.3.c.2,Dynamic Flexibility,LV,0.0,8,0.0,0.0,0.0,N,Y,08/2021,Analyst
43-5032.00,1.A.3.c.3,Gross Body Coordination,IM,1.0,8,0.0,1.0,1.0,N,,08/2021,Analyst
43-5032.00,1.A.3.c.3,Gross Body Coordination,LV,0.0,8,0.0,0.0,0.0,N,Y,08/2021,Analyst
43-5032.00,1.A.3.c.4,Gross Body Equilibrium,IM,1.0,8,0.0,1.0,1.0,N,,08/2021,Analyst
43-5032.00,1.A.3.c.4,Gross Body Equilibrium,LV,0.0,8,0.0,0.0,0.0,N,Y,08/2021,Analyst
43-5032.00,1.A.4.a.1,Near Vision,IM,3.75,8,0.1637,3.4292,4.0708,N,,08/2021,Analyst
43-5032.00,1.A.4.a.1,Near Vision,LV,3.75,8,0.1637,3.4292,4.0708,N,N,08/2021,Analyst
43-5032.00,1.A.4.a.2,Far Vision,IM,2.88,8,0.125,2.63,3.12,N,,08/2021,Analyst
43-5032.00,1.A.4.a.2,Far Vision,LV,2.88,8,0.125,2.63,3.12,N,N,08/2021,Analyst
43-5032.00,1.A.4.a.3,Visual Color Discrimination,IM,1.75,8,0.1637,1.4292,2.0708,N,,08/2021,Analyst
43-5032.00,1.A.4.a.3,Visual Color Discrimination,LV,1.5,8,0.3273,0.8584,2.1416,N,N,08/2021,Analyst
43-5032.00,1.A.4.a.4,Night Vision,IM,1.0,8,0.0,1.0,1.0,N,,08/2021,Analyst
43-5032.00,1.A.4.a.4,Night Vision,LV,0.0,8,0.0,0.0,0.0,N,Y,08/2021,Analyst
43-5032.00,1.A.4.a.5,Peripheral Vision,IM,1.0,8,0.0,1.0,1.0,N,,08/2021,Analyst
43-5032.00,1.A.4.a.5,Peripheral Vision,LV,0.0,8,0.0,0.0,0.0,N,Y,08/2021,Analyst
43-5032.00,1.A.4.a.6,Depth Perception,IM,1.62,8,0.183,1.2664,1.9836,N,,08/2021,Analyst
43-5032.00,1.A.4.a.6,Depth Perception,LV,0.75,8,0.25,0.26,1.24,N,N,08/2021,Analyst
43-5032.00,1.A.4.a.7,Glare Sensitivity,IM,1.0,8,0.0,1.0,1.0,N,,08/2021,Analyst
43-5032.00,1.A.4.a.7,Glare Sensitivity,LV,0.0,8,0.0,0.0,0.0,N,Y,08/2021,Analyst
43-5032.00,1.A.4.b.1,Hearing Sensitivity,IM,2.25,8,0.1637,1.9292,2.5708,N,,08/2021,Analyst
43-5032.00,1.A.4.b.1,Hearing Sensitivity,LV,2.0,8,0.0,2.0,2.0,N,N,08/2021,Analyst
43-5032.00,1.A.4.b.2,Auditory Attention,IM,2.5,8,0.189,2.1296,2.8704,N,,08/2021,Analyst
43-5032.00,1.A.4.b.2,Auditory Attention,LV,2.25,8,0.1637,1.9292,2.5708,N,N,08/2021,Analyst
43-5032.00,1.A.4.b.3,Sound Localization,IM,1.0,8,0.0,1.0,1.0,N,,08/2021,Analyst
43-5032.00,1.A.4.b.3,Sound Localization,LV,0.0,8,0.0,0.0,0.0,N,Y,08/2021,Analyst
43-5032.00,1.A.4.b.4,Speech Recognition,IM,4.0,8,0.0,4.0,4.0,N,,08/2021,Analyst
43-5032.00,1.A.4.b.4,Speech Recognition,LV,4.12,8,0.125,3.88,4.37,N,N,08/2021,Analyst
43-5032.00,1.A.4.b.5,Speech Clarity,IM,4.0,8,0.0,4.0,4.0,N,,08/2021,Analyst
43-5032.00,1.A.4.b.5,Speech Clarity,LV,4.0,8,0.0,4.0,4.0,N,N,08/2021,Analyst
43-5041.00,1.A.1.a.1,Oral Comprehension,IM,3.25,8,0.1637,2.9292,3.5708,N,,07/2016,Analyst
43-5041.00,1.A.1.a.1,Oral Comprehension,LV,3.25,8,0.1637,2.9292,3.5708,N,N,07/2016,Analyst
43-5041.00,1.A.1.a.2,Written Comprehension,IM,3.0,8,0.0,3.0,3.0,N,,07/2016,Analyst
43-5041.00,1.A.1.a.2,Written Comprehension,LV,3.0,8,0.0,3.0,3.0,N,N,07/2016,Analyst
43-5041.00,1.A.1.a.3,Oral Expression,IM,3.25,8,0.1637,2.9292,3.5708,N,,07/2016,Analyst
43-5041.00,1.A.1.a.3,Oral Expression,LV,3.0,8,0.0,3.0,3.0,N,N,07/2016,Analyst
43-5041.00,1.A.1.a.4,Written Expression,IM,2.75,8,0.1637,2.4292,3.0708,N,,07/2016,Analyst
43-5041.00,1.A.1.a.4,Written Expression,LV,2.38,8,0.183,2.0164,2.7336,N,N,07/2016,Analyst
43-5041.00,1.A.1.b.1,Fluency of Ideas,IM,2.12,8,0.125,1.88,2.37,N,,07/2016,Analyst
43-5041.00,1.A.1.b.1,Fluency of Ideas,LV,2.0,8,0.0,2.0,2.0,N,N,07/2016,Analyst
43-5041.00,1.A.1.b.2,Originality,IM,2.25,8,0.1637,1.9292,2.5708,N,,07/2016,Analyst
43-5041.00,1.A.1.b.2,Originality,LV,2.0,8,0.0,2.0,2.0,N,N,07/2016,Analyst
43-5041.00,1.A.1.b.3,Problem Sensitivity,IM,3.0,8,0.0,3.0,3.0,N,,07/2016,Analyst
43-5041.00,1.A.1.b.3,Problem Sensitivity,LV,2.88,8,0.125,2.63,3.12,N,N,07/2016,Analyst
43-5041.00,1.A.1.b.4,Deductive Reasoning,IM,2.75,8,0.1637,2.4292,3.0708,N,,07/2016,Analyst
43-5041.00,1.A.1.b.4,Deductive Reasoning,LV,2.75,8,0.1637,2.4292,3.0708,N,N,07/2016,Analyst
43-5041.00,1.A.1.b.5,Inductive Reasoning,IM,2.88,8,0.2266,2.4309,3.3191,N,,07/2016,Analyst
43-5041.00,1.A.1.b.5,Inductive Reasoning,LV,2.75,8,0.1637,2.4292,3.0708,N,N,07/2016,Analyst
43-5041.00,1.A.1.b.6,Information Ordering,IM,3.12,8,0.125,2.88,3.37,N,,07/2016,Analyst
43-5041.00,1.A.1.b.6,Information Ordering,LV,2.88,8,0.125,2.63,3.12,N,N,07/2016,Analyst
43-5041.00,1.A.1.b.7,Category Flexibility,IM,2.88,8,0.125,2.63,3.12,N,,07/2016,Analyst
43-5041.00,1.A.1.b.7,Category Flexibility,LV,2.88,8,0.125,2.63,3.12,N,N,07/2016,Analyst
43-5041.00,1.A.1.c.1,Mathematical Reasoning,IM,2.62,8,0.183,2.2664,2.9836,N,,07/2016,Analyst
43-5041.00,1.A.1.c.1,Mathematical Reasoning,LV,2.0,8,0.189,1.6296,2.3704,N,N,07/2016,Analyst
43-5041.00,1.A.1.c.2,Number Facility,IM,2.62,8,0.183,2.2664,2.9836,N,,07/2016,Analyst
43-5041.00,1.A.1.c.2,Number Facility,LV,2.12,8,0.125,1.88,2.37,N,N,07/2016,Analyst
43-5041.00,1.A.1.d.1,Memorization,IM,2.12,8,0.125,1.88,2.37,N,,07/2016,Analyst
43-5041.00,1.A.1.d.1,Memorization,LV,2.0,8,0.0,2.0,2.0,N,N,07/2016,Analyst
43-5041.00,1.A.1.e.1,Speed of Closure,IM,2.25,8,0.1637,1.9292,2.5708,N,,07/2016,Analyst
43-5041.00,1.A.1.e.1,Speed of Closure,LV,2.0,8,0.0,2.0,2.0,N,N,07/2016,Analyst
43-5041.00,1.A.1.e.2,Flexibility of Closure,IM,2.5,8,0.189,2.1296,2.8704,N,,07/2016,Analyst
43-5041.00,1.A.1.e.2,Flexibility of Closure,LV,2.5,8,0.189,2.1296,2.8704,N,N,07/2016,Analyst
43-5041.00,1.A.1.e.3,Perceptual Speed,IM,3.12,8,0.125,2.88,3.37,N,,07/2016,Analyst
43-5041.00,1.A.1.e.3,Perceptual Speed,LV,2.88,8,0.125,2.63,3.12,N,N,07/2016,Analyst
43-5041.00,1.A.1.f.1,Spatial Orientation,IM,2.25,8,0.1637,1.9292,2.5708,N,,07/2016,Analyst
43-5041.00,1.A.1.f.1,Spatial Orientation,LV,2.12,8,0.125,1.88,2.37,N,N,07/2016,Analyst
43-5041.00,1.A.1.f.2,Visualization,IM,2.25,8,0.1637,1.9292,2.5708,N,,07/2016,Analyst
43-5041.00,1.A.1.f.2,Visualization,LV,2.38,8,0.183,2.0164,2.7336,N,N,07/2016,Analyst
43-5041.00,1.A.1.g.1,Selective Attention,IM,2.88,8,0.125,2.63,3.12,N,,07/2016,Analyst
43-5041.00,1.A.1.g.1,Selective Attention,LV,2.5,8,0.2673,1.9762,3.0238,N,N,07/2016,Analyst
43-5041.00,1.A.1.g.2,Time Sharing,IM,2.25,8,0.1637,1.9292,2.5708,N,,07/2016,Analyst
43-5041.00,1.A.1.g.2,Time Sharing,LV,2.25,8,0.1637,1.9292,2.5708,N,N,07/2016,Analyst
43-5041.00,1.A.2.a.1,Arm-Hand Steadiness,IM,3.0,8,0.189,2.6296,3.3704,N,,07/2016,Analyst
43-5041.00,1.A.2.a.1,Arm-Hand Steadiness,LV,2.5,8,0.3273,1.8584,3.1416,N,N,07/2016,Analyst
43-5041.00,1.A.2.a.2,Manual Dexterity,IM,2.88,8,0.125,2.63,3.12,N,,07/2016,Analyst
43-5041.00,1.A.2.a.2,Manual Dexterity,LV,2.5,8,0.189,2.1296,2.8704,N,N,07/2016,Analyst
43-5041.00,1.A.2.a.3,Finger Dexterity,IM,2.75,8,0.1637,2.4292,3.0708,N,,07/2016,Analyst
43-5041.00,1.A.2.a.3,Finger Dexterity,LV,2.38,8,0.183,2.0164,2.7336,N,N,07/2016,Analyst
43-5041.00,1.A.2.b.1,Control Precision,IM,3.0,8,0.0,3.0,3.0,N,,07/2016,Analyst
43-5041.00,1.A.2.b.1,Control Precision,LV,2.88,8,0.125,2.63,3.12,N,N,07/2016,Analyst
43-5041.00,1.A.2.b.2,Multilimb Coordination,IM,3.0,8,0.0,3.0,3.0,N,,07/2016,Analyst
43-5041.00,1.A.2.b.2,Multilimb Coordination,LV,2.88,8,0.125,2.63,3.12,N,N,07/2016,Analyst
43-5041.00,1.A.2.b.3,Response Orientation,IM,2.5,8,0.189,2.1296,2.8704,N,,07/2016,Analyst
43-5041.00,1.A.2.b.3,Response Orientation,LV,2.62,8,0.183,2.2664,2.9836,N,N,07/2016,Analyst
43-5041.00,1.A.2.b.4,Rate Control,IM,2.5,8,0.189,2.1296,2.8704,N,,07/2016,Analyst
43-5041.00,1.A.2.b.4,Rate Control,LV,2.25,8,0.1637,1.9292,2.5708,N,N,07/2016,Analyst
43-5041.00,1.A.2.c.1,Reaction Time,IM,2.38,8,0.183,2.0164,2.7336,N,,07/2016,Analyst
43-5041.00,1.A.2.c.1,Reaction Time,LV,2.75,8,0.1637,2.4292,3.0708,N,N,07/2016,Analyst
43-5041.00,1.A.2.c.2,Wrist-Finger Speed,IM,2.25,8,0.1637,1.9292,2.5708,N,,07/2016,Analyst
43-5041.00,1.A.2.c.2,Wrist-Finger Speed,LV,2.0,8,0.189,1.6296,2.3704,N,N,07/2016,Analyst
43-5041.00,1.A.2.c.3,Speed of Limb Movement,IM,2.5,8,0.2673,1.9762,3.0238,N,,07/2016,Analyst
43-5041.00,1.A.2.c.3,Speed of Limb Movement,LV,1.62,8,0.2631,1.1094,2.1406,N,N,07/2016,Analyst
43-5041.00,1.A.3.a.1,Static Strength,IM,2.88,8,0.125,2.63,3.12,N,,07/2016,Analyst
43-5041.00,1.A.3.a.1,Static Strength,LV,2.38,8,0.183,2.0164,2.7336,N,N,07/2016,Analyst
43-5041.00,1.A.3.a.2,Explosive Strength,IM,1.75,8,0.25,1.26,2.24,N,,07/2016,Analyst
43-5041.00,1.A.3.a.2,Explosive Strength,LV,1.0,8,0.378,0.2592,1.7408,N,N,07/2016,Analyst
43-5041.00,1.A.3.a.3,Dynamic Strength,IM,2.12,8,0.125,1.88,2.37,N,,07/2016,Analyst
43-5041.00,1.A.3.a.3,Dynamic Strength,LV,1.62,8,0.183,1.2664,1.9836,N,N,07/2016,Analyst
43-5041.00,1.A.3.a.4,Trunk Strength,IM,3.12,8,0.125,2.88,3.37,N,,07/2016,Analyst
43-5041.00,1.A.3.a.4,Trunk Strength,LV,3.0,8,0.189,2.6296,3.3704,N,N,07/2016,Analyst
43-5041.00,1.A.3.b.1,Stamina,IM,2.75,8,0.1637,2.4292,3.0708,N,,07/2016,Analyst
43-5041.00,1.A.3.b.1,Stamina,LV,2.12,8,0.125,1.88,2.37,N,N,07/2016,Analyst
43-5041.00,1.A.3.c.1,Extent Flexibility,IM,3.0,8,0.0,3.0,3.0,N,,07/2016,Analyst
43-5041.00,1.A.3.c.1,Extent Flexibility,LV,3.0,8,0.0,3.0,3.0,N,N,07/2016,Analyst
43-5041.00,1.A.3.c.2,Dynamic Flexibility,IM,1.0,8,0.0,1.0,1.0,N,,07/2016,Analyst
43-5041.00,1.A.3.c.2,Dynamic Flexibility,LV,0.0,8,0.0,0.0,0.0,N,Y,07/2016,Analyst
43-5041.00,1.A.3.c.3,Gross Body Coordination,IM,2.88,8,0.125,2.63,3.12,N,,07/2016,Analyst
43-5041.00,1.A.3.c.3,Gross Body Coordination,LV,2.12,8,0.125,1.88,2.37,N,N,07/2016,Analyst
43-5041.00,1.A.3.c.4,Gross Body Equilibrium,IM,2.38,8,0.183,2.0164,2.7336,N,,07/2016,Analyst
43-5041.00,1.A.3.c.4,Gross Body Equilibrium,LV,2.0,8,0.189,1.6296,2.3704,N,N,07/2016,Analyst
43-5041.00,1.A.4.a.1,Near Vision,IM,3.5,8,0.189,3.1296,3.8704,N,,07/2016,Analyst
43-5041.00,1.A.4.a.1,Near Vision,LV,3.25,8,0.1637,2.9292,3.5708,N,N,07/2016,Analyst
43-5041.00,1.A.4.a.2,Far Vision,IM,3.0,8,0.189,2.6296,3.3704,N,,07/2016,Analyst
43-5041.00,1.A.4.a.2,Far Vision,LV,3.0,8,0.189,2.6296,3.3704,N,N,07/2016,Analyst
43-5041.00,1.A.4.a.3,Visual Color Discrimination,IM,2.75,8,0.1637,2.4292,3.0708,N,,07/2016,Analyst
43-5041.00,1.A.4.a.3,Visual Color Discrimination,LV,2.75,8,0.1637,2.4292,3.0708,N,N,07/2016,Analyst
43-5041.00,1.A.4.a.4,Night Vision,IM,2.0,8,0.0,2.0,2.0,N,,07/2016,Analyst
43-5041.00,1.A.4.a.4,Night Vision,LV,1.88,8,0.125,1.63,2.12,N,N,07/2016,Analyst
43-5041.00,1.A.4.a.5,Peripheral Vision,IM,2.0,8,0.0,2.0,2.0,N,,07/2016,Analyst
43-5041.00,1.A.4.a.5,Peripheral Vision,LV,1.88,8,0.125,1.63,2.12,N,N,07/2016,Analyst
43-5041.00,1.A.4.a.6,Depth Perception,IM,2.75,8,0.1637,2.4292,3.0708,N,,07/2016,Analyst
43-5041.00,1.A.4.a.6,Depth Perception,LV,2.12,8,0.125,1.88,2.37,N,N,07/2016,Analyst
43-5041.00,1.A.4.a.7,Glare Sensitivity,IM,2.38,8,0.183,2.0164,2.7336,N,,07/2016,Analyst
43-5041.00,1.A.4.a.7,Glare Sensitivity,LV,2.25,8,0.1637,1.9292,2.5708,N,N,07/2016,Analyst
43-5041.00,1.A.4.b.1,Hearing Sensitivity,IM,2.12,8,0.125,1.88,2.37,N,,07/2016,Analyst
43-5041.00,1.A.4.b.1,Hearing Sensitivity,LV,2.12,8,0.125,1.88,2.37,N,N,07/2016,Analyst
43-5041.00,1.A.4.b.2,Auditory Attention,IM,2.25,8,0.1637,1.9292,2.5708,N,,07/2016,Analyst
43-5041.00,1.A.4.b.2,Auditory Attention,LV,2.12,8,0.125,1.88,2.37,N,N,07/2016,Analyst
43-5041.00,1.A.4.b.3,Sound Localization,IM,2.0,8,0.0,2.0,2.0,N,,07/2016,Analyst
43-5041.00,1.A.4.b.3,Sound Localization,LV,1.88,8,0.125,1.63,2.12,N,N,07/2016,Analyst
43-5041.00,1.A.4.b.4,Speech Recognition,IM,3.0,8,0.0,3.0,3.0,N,,07/2016,Analyst
43-5041.00,1.A.4.b.4,Speech Recognition,LV,2.75,8,0.1637,2.4292,3.0708,N,N,07/2016,Analyst
43-5041.00,1.A.4.b.5,Speech Clarity,IM,3.0,8,0.0,3.0,3.0,N,,07/2016,Analyst
43-5041.00,1.A.4.b.5,Speech Clarity,LV,2.75,8,0.1637,2.4292,3.0708,N,N,07/2016,Analyst
43-5051.00,1.A.1.a.1,Oral Comprehension,IM,4.0,8,0.0,4.0,4.0,N,,07/2016,Analyst
43-5051.00,1.A.1.a.1,Oral Comprehension,LV,3.75,8,0.1637,3.4292,4.0708,N,N,07/2016,Analyst
43-5051.00,1.A.1.a.2,Written Comprehension,IM,3.38,8,0.183,3.0164,3.7336,N,,07/2016,Analyst
43-5051.00,1.A.1.a.2,Written Comprehension,LV,3.25,8,0.1637,2.9292,3.5708,N,N,07/2016,Analyst
43-5051.00,1.A.1.a.3,Oral Expression,IM,3.88,8,0.125,3.63,4.12,N,,07/2016,Analyst
43-5051.00,1.A.1.a.3,Oral Expression,LV,4.0,8,0.0,4.0,4.0,N,N,07/2016,Analyst
43-5051.00,1.A.1.a.4,Written Expression,IM,2.88,8,0.125,2.63,3.12,N,,07/2016,Analyst
43-5051.00,1.A.1.a.4,Written Expression,LV,2.75,8,0.1637,2.4292,3.0708,N,N,07/2016,Analyst
43-5051.00,1.A.1.b.1,Fluency of Ideas,IM,2.0,8,0.0,2.0,2.0,N,,07/2016,Analyst
43-5051.00,1.A.1.b.1,Fluency of Ideas,LV,2.0,8,0.0,2.0,2.0,N,N,07/2016,Analyst
43-5051.00,1.A.1.b.2,Originality,IM,2.0,8,0.0,2.0,2.0,N,,07/2016,Analyst
43-5051.00,1.A.1.b.2,Originality,LV,1.88,8,0.125,1.63,2.12,N,N,07/2016,Analyst
43-5051.00,1.A.1.b.3,Problem Sensitivity,IM,3.0,8,0.0,3.0,3.0,N,,07/2016,Analyst
43-5051.00,1.A.1.b.3,Problem Sensitivity,LV,2.88,8,0.125,2.63,3.12,N,N,07/2016,Analyst
43-5051.00,1.A.1.b.4,Deductive Reasoning,IM,3.12,8,0.125,2.88,3.37,N,,07/2016,Analyst
43-5051.00,1.A.1.b.4,Deductive Reasoning,LV,3.0,8,0.0,3.0,3.0,N,N,07/2016,Analyst
43-5051.00,1.A.1.b.5,Inductive Reasoning,IM,3.0,8,0.0,3.0,3.0,N,,07/2016,Analyst
43-5051.00,1.A.1.b.5,Inductive Reasoning,LV,3.0,8,0.0,3.0,3.0,N,N,07/2016,Analyst
43-5051.00,1.A.1.b.6,Information Ordering,IM,3.12,8,0.125,2.88,3.37,N,,07/2016,Analyst
43-5051.00,1.A.1.b.6,Information Ordering,LV,2.88,8,0.125,2.63,3.12,N,N,07/2016,Analyst
43-5051.00,1.A.1.b.7,Category Flexibility,IM,3.12,8,0.125,2.88,3.37,N,,07/2016,Analyst
43-5051.00,1.A.1.b.7,Category Flexibility,LV,2.75,8,0.1637,2.4292,3.0708,N,N,07/2016,Analyst
43-5051.00,1.A.1.c.1,Mathematical Reasoning,IM,3.0,8,0.0,3.0,3.0,N,,07/2016,Analyst
43-5051.00,1.A.1.c.1,Mathematical Reasoning,LV,2.12,8,0.2266,1.6809,2.5691,N,N,07/2016,Analyst
43-5051.00,1.A.1.c.2,Number Facility,IM,3.0,8,0.0,3.0,3.0,N,,07/2016,Analyst
43-5051.00,1.A.1.c.2,Number Facility,LV,2.88,8,0.125,2.63,3.12,N,N,07/2016,Analyst
43-5051.00,1.A.1.d.1,Memorization,IM,2.25,8,0.1637,1.9292,2.5708,N,,07/2016,Analyst
43-5051.00,1.A.1.d.1,Memorization,LV,2.0,8,0.0,2.0,2.0,N,N,07/2016,Analyst
43-5051.00,1.A.1.e.1,Speed of Closure,IM,2.75,8,0.25,2.26,3.24,N,,07/2016,Analyst
43-5051.00,1.A.1.e.1,Speed of Closure,LV,2.12,8,0.125,1.88,2.37,N,N,07/2016,Analyst
43-5051.00,1.A.1.e.2,Flexibility of Closure,IM,2.62,8,0.183,2.2664,2.9836,N,,07/2016,Analyst
43-5051.00,1.A.1.e.2,Flexibility of Closure,LV,2.5,8,0.189,2.1296,2.8704,N,N,07/2016,Analyst
43-5051.00,1.A.1.e.3,Perceptual Speed,IM,3.0,8,0.189,2.6296,3.3704,N,,07/2016,Analyst
43-5051.00,1.A.1.e.3,Perceptual Speed,LV,2.75,8,0.1637,2.4292,3.0708,N,N,07/2016,Analyst
43-5051.00,1.A.1.f.1,Spatial Orientation,IM,1.12,8,0.125,1.0,1.37,N,,07/2016,Analyst
43-5051.00,1.A.1.f.1,Spatial Orientation,LV,0.12,8,0.125,0.0,0.37,N,Y,07/2016,Analyst
43-5051.00,1.A.1.f.2,Visualization,IM,2.12,8,0.125,1.88,2.37,N,,07/2016,Analyst
43-5051.00,1.A.1.f.2,Visualization,LV,2.0,8,0.0,2.0,2.0,N,N,07/2016,Analyst
43-5051.00,1.A.1.g.1,Selective Attention,IM,3.0,8,0.0,3.0,3.0,N,,07/2016,Analyst
43-5051.00,1.A.1.g.1,Selective Attention,LV,2.88,8,0.125,2.63,3.12,N,N,07/2016,Analyst
43-5051.00,1.A.1.g.2,Time Sharing,IM,2.75,8,0.1637,2.4292,3.0708,N,,07/2016,Analyst
43-5051.00,1.A.1.g.2,Time Sharing,LV,2.75,8,0.1637,2.4292,3.0708,N,N,07/2016,Analyst
43-5051.00,1.A.2.a.1,Arm-Hand Steadiness,IM,3.0,8,0.0,3.0,3.0,N,,07/2016,Analyst
43-5051.00,1.A.2.a.1,Arm-Hand Steadiness,LV,2.75,8,0.1637,2.4292,3.0708,N,N,07/2016,Analyst
43-5051.00,1.A.2.a.2,Manual Dexterity,IM,3.12,8,0.125,2.88,3.37,N,,07/2016,Analyst
43-5051.00,1.A.2.a.2,Manual Dexterity,LV,2.88,8,0.125,2.63,3.12,N,N,07/2016,Analyst
43-5051.00,1.A.2.a.3,Finger Dexterity,IM,3.0,8,0.0,3.0,3.0,N,,07/2016,Analyst
43-5051.00,1.A.2.a.3,Finger Dexterity,LV,2.88,8,0.125,2.63,3.12,N,N,07/2016,Analyst
43-5051.00,1.A.2.b.1,Control Precision,IM,2.25,8,0.1637,1.9292,2.5708,N,,07/2016,Analyst
43-5051.00,1.A.2.b.1,Control Precision,LV,2.12,8,0.125,1.88,2.37,N,N,07/2016,Analyst
43-5051.00,1.A.2.b.2,Multilimb Coordination,IM,2.5,8,0.189,2.1296,2.8704,N,,07/2016,Analyst
43-5051.00,1.A.2.b.2,Multilimb Coordination,LV,2.12,8,0.125,1.88,2.37,N,N,07/2016,Analyst
43-5051.00,1.A.2.b.3,Response Orientation,IM,1.25,8,0.1637,1.0,1.5708,N,,07/2016,Analyst
43-5051.00,1.A.2.b.3,Response Orientation,LV,0.38,8,0.2631,0.0,0.8906,N,Y,07/2016,Analyst
43-5051.00,1.A.2.b.4,Rate Control,IM,1.62,8,0.183,1.2664,1.9836,N,,07/2016,Analyst
43-5051.00,1.A.2.b.4,Rate Control,LV,0.75,8,0.25,0.26,1.24,N,N,07/2016,Analyst
43-5051.00,1.A.2.c.1,Reaction Time,IM,1.62,8,0.183,1.2664,1.9836,N,,07/2016,Analyst
43-5051.00,1.A.2.c.1,Reaction Time,LV,0.75,8,0.25,0.26,1.24,N,N,07/2016,Analyst
43-5051.00,1.A.2.c.2,Wrist-Finger Speed,IM,1.88,8,0.125,1.63,2.12,N,,07/2016,Analyst
43-5051.00,1.A.2.c.2,Wrist-Finger Speed,LV,1.0,8,0.189,0.6296,1.3704,N,N,07/2016,Analyst
43-5051.00,1.A.2.c.3,Speed of Limb Movement,IM,1.88,8,0.125,1.63,2.12,N,,07/2016,Analyst
43-5051.00,1.A.2.c.3,Speed of Limb Movement,LV,1.25,8,0.25,0.76,1.74,N,N,07/2016,Analyst
43-5051.00,1.A.3.a.1,Static Strength,IM,2.75,8,0.25,2.26,3.24,N,,07/2016,Analyst
43-5051.00,1.A.3.a.1,Static Strength,LV,2.62,8,0.183,2.2664,2.9836,N,N,07/2016,Analyst
43-5051.00,1.A.3.a.2,Explosive Strength,IM,1.62,8,0.183,1.2664,1.9836,N,,07/2016,Analyst
43-5051.00,1.A.3.a.2,Explosive Strength,LV,0.75,8,0.25,0.26,1.24,N,N,07/2016,Analyst
43-5051.00,1.A.3.a.3,Dynamic Strength,IM,2.12,8,0.125,1.88,2.37,N,,07/2016,Analyst
43-5051.00,1.A.3.a.3,Dynamic Strength,LV,2.12,8,0.125,1.88,2.37,N,N,07/2016,Analyst
43-5051.00,1.A.3.a.4,Trunk Strength,IM,3.12,8,0.125,2.88,3.37,N,,07/2016,Analyst
43-5051.00,1.A.3.a.4,Trunk Strength,LV,2.88,8,0.125,2.63,3.12,N,N,07/2016,Analyst
43-5051.00,1.A.3.b.1,Stamina,IM,2.5,8,0.189,2.1296,2.8704,N,,07/2016,Analyst
43-5051.00,1.A.3.b.1,Stamina,LV,1.75,8,0.1637,1.4292,2.0708,N,N,07/2016,Analyst
43-5051.00,1.A.3.c.1,Extent Flexibility,IM,2.75,8,0.1637,2.4292,3.0708,N,,07/2016,Analyst
43-5051.00,1.A.3.c.1,Extent Flexibility,LV,2.62,8,0.183,2.2664,2.9836,N,N,07/2016,Analyst
43-5051.00,1.A.3.c.2,Dynamic Flexibility,IM,1.0,8,0.0,1.0,1.0,N,,07/2016,Analyst
43-5051.00,1.A.3.c.2,Dynamic Flexibility,LV,0.0,8,0.0,0.0,0.0,N,Y,07/2016,Analyst
43-5051.00,1.A.3.c.3,Gross Body Coordination,IM,2.12,8,0.125,1.88,2.37,N,,07/2016,Analyst
43-5051.00,1.A.3.c.3,Gross Body Coordination,LV,2.12,8,0.125,1.88,2.37,N,N,07/2016,Analyst
43-5051.00,1.A.3.c.4,Gross Body Equilibrium,IM,1.88,8,0.125,1.63,2.12,N,,07/2016,Analyst
43-5051.00,1.A.3.c.4,Gross Body Equilibrium,LV,1.12,8,0.2266,0.6809,1.5691,N,N,07/2016,Analyst
43-5051.00,1.A.4.a.1,Near Vision,IM,3.5,8,0.189,3.1296,3.8704,N,,07/2016,Analyst
43-5051.00,1.A.4.a.1,Near Vision,LV,3.62,8,0.183,3.2664,3.9836,N,N,07/2016,Analyst
43-5051.00,1.A.4.a.2,Far Vision,IM,2.88,8,0.125,2.63,3.12,N,,07/2016,Analyst
43-5051.00,1.A.4.a.2,Far Vision,LV,2.75,8,0.1637,2.4292,3.0708,N,N,07/2016,Analyst
43-5051.00,1.A.4.a.3,Visual Color Discrimination,IM,2.12,8,0.125,1.88,2.37,N,,07/2016,Analyst
43-5051.00,1.A.4.a.3,Visual Color Discrimination,LV,2.0,8,0.0,2.0,2.0,N,N,07/2016,Analyst
43-5051.00,1.A.4.a.4,Night Vision,IM,1.0,8,0.0,1.0,1.0,N,,07/2016,Analyst
43-5051.00,1.A.4.a.4,Night Vision,LV,0.0,8,0.0,0.0,0.0,N,Y,07/2016,Analyst
43-5051.00,1.A.4.a.5,Peripheral Vision,IM,1.0,8,0.0,1.0,1.0,N,,07/2016,Analyst
43-5051.00,1.A.4.a.5,Peripheral Vision,LV,0.0,8,0.0,0.0,0.0,N,Y,07/2016,Analyst
43-5051.00,1.A.4.a.6,Depth Perception,IM,2.0,8,0.0,2.0,2.0,N,,07/2016,Analyst
43-5051.00,1.A.4.a.6,Depth Perception,LV,1.75,8,0.1637,1.4292,2.0708,N,N,07/2016,Analyst
43-5051.00,1.A.4.a.7,Glare Sensitivity,IM,1.25,8,0.1637,1.0,1.5708,N,,07/2016,Analyst
43-5051.00,1.A.4.a.7,Glare Sensitivity,LV,0.38,8,0.2631,0.0,0.8906,N,Y,07/2016,Analyst
43-5051.00,1.A.4.b.1,Hearing Sensitivity,IM,2.12,8,0.2266,1.6809,2.5691,N,,07/2016,Analyst
43-5051.00,1.A.4.b.1,Hearing Sensitivity,LV,1.75,8,0.25,1.26,2.24,N,N,07/2016,Analyst
43-5051.00,1.A.4.b.2,Auditory Attention,IM,2.5,8,0.189,2.1296,2.8704,N,,07/2016,Analyst
43-5051.00,1.A.4.b.2,Auditory Attention,LV,2.25,8,0.1637,1.9292,2.5708,N,N,07/2016,Analyst
43-5051.00,1.A.4.b.3,Sound Localization,IM,1.0,8,0.0,1.0,1.0,N,,07/2016,Analyst
43-5051.00,1.A.4.b.3,Sound Localization,LV,0.0,8,0.0,0.0,0.0,N,Y,07/2016,Analyst
43-5051.00,1.A.4.b.4,Speech Recognition,IM,3.38,8,0.183,3.0164,3.7336,N,,07/2016,Analyst
43-5051.00,1.A.4.b.4,Speech Recognition,LV,3.12,8,0.125,2.88,3.37,N,N,07/2016,Analyst
43-5051.00,1.A.4.b.5,Speech Clarity,IM,3.38,8,0.183,3.0164,3.7336,N,,07/2016,Analyst
43-5051.00,1.A.4.b.5,Speech Clarity,LV,3.12,8,0.125,2.88,3.37,N,N,07/2016,Analyst
43-5052.00,1.A.1.a.1,Oral Comprehension,IM,3.0,8,0.0,3.0,3.0,N,,07/2016,Analyst
43-5052.00,1.A.1.a.1,Oral Comprehension,LV,3.62,8,0.183,3.2664,3.9836,N,N,07/2016,Analyst
43-5052.00,1.A.1.a.2,Written Comprehension,IM,3.0,8,0.0,3.0,3.0,N,,07/2016,Analyst
43-5052.00,1.A.1.a.2,Written Comprehension,LV,3.0,8,0.0,3.0,3.0,N,N,07/2016,Analyst
43-5052.00,1.A.1.a.3,Oral Expression,IM,2.88,8,0.125,2.63,3.12,N,,07/2016,Analyst
43-5052.00,1.A.1.a.3,Oral Expression,LV,3.5,8,0.189,3.1296,3.8704,N,N,07/2016,Analyst
43-5052.00,1.A.1.a.4,Written Expression,IM,2.25,8,0.1637,1.9292,2.5708,N,,07/2016,Analyst
43-5052.00,1.A.1.a.4,Written Expression,LV,2.25,8,0.1637,1.9292,2.5708,N,N,07/2016,Analyst
43-5052.00,1.A.1.b.1,Fluency of Ideas,IM,2.0,8,0.0,2.0,2.0,N,,07/2016,Analyst
43-5052.00,1.A.1.b.1,Fluency of Ideas,LV,1.25,8,0.1637,0.9292,1.5708,N,N,07/2016,Analyst
43-5052.00,1.A.1.b.2,Originality,IM,2.0,8,0.0,2.0,2.0,N,,07/2016,Analyst
43-5052.00,1.A.1.b.2,Originality,LV,1.38,8,0.183,1.0164,1.7336,N,N,07/2016,Analyst
43-5052.00,1.A.1.b.3,Problem Sensitivity,IM,3.0,8,0.0,3.0,3.0,N,,07/2016,Analyst
43-5052.00,1.A.1.b.3,Problem Sensitivity,LV,2.75,8,0.1637,2.4292,3.0708,N,N,07/2016,Analyst
43-5052.00,1.A.1.b.4,Deductive Reasoning,IM,2.75,8,0.1637,2.4292,3.0708,N,,07/2016,Analyst
43-5052.00,1.A.1.b.4,Deductive Reasoning,LV,2.75,8,0.1637,2.4292,3.0708,N,N,07/2016,Analyst
43-5052.00,1.A.1.b.5,Inductive Reasoning,IM,2.75,8,0.1637,2.4292,3.0708,N,,07/2016,Analyst
43-5052.00,1.A.1.b.5,Inductive Reasoning,LV,2.75,8,0.1637,2.4292,3.0708,N,N,07/2016,Analyst
43-5052.00,1.A.1.b.6,Information Ordering,IM,3.12,8,0.125,2.88,3.37,N,,07/2016,Analyst
43-5052.00,1.A.1.b.6,Information Ordering,LV,2.88,8,0.125,2.63,3.12,N,N,07/2016,Analyst
43-5052.00,1.A.1.b.7,Category Flexibility,IM,3.0,8,0.0,3.0,3.0,N,,07/2016,Analyst
43-5052.00,1.A.1.b.7,Category Flexibility,LV,3.0,8,0.0,3.0,3.0,N,N,07/2016,Analyst
43-5052.00,1.A.1.c.1,Mathematical Reasoning,IM,1.62,8,0.183,1.2664,1.9836,N,,07/2016,Analyst
43-5052.00,1.A.1.c.1,Mathematical Reasoning,LV,1.0,8,0.3273,0.3584,1.6416,N,N,07/2016,Analyst
43-5052.00,1.A.1.c.2,Number Facility,IM,1.75,8,0.1637,1.4292,2.0708,N,,07/2016,Analyst
43-5052.00,1.A.1.c.2,Number Facility,LV,1.25,8,0.3134,0.6358,1.8642,N,N,07/2016,Analyst
43-5052.00,1.A.1.d.1,Memorization,IM,2.12,8,0.125,1.88,2.37,N,,07/2016,Analyst
43-5052.00,1.A.1.d.1,Memorization,LV,1.25,8,0.1637,0.9292,1.5708,N,N,07/2016,Analyst
43-5052.00,1.A.1.e.1,Speed of Closure,IM,2.0,8,0.0,2.0,2.0,N,,07/2016,Analyst
43-5052.00,1.A.1.e.1,Speed of Closure,LV,1.25,8,0.1637,0.9292,1.5708,N,N,07/2016,Analyst
43-5052.00,1.A.1.e.2,Flexibility of Closure,IM,2.75,8,0.1637,2.4292,3.0708,N,,07/2016,Analyst
43-5052.00,1.A.1.e.2,Flexibility of Closure,LV,2.25,8,0.1637,1.9292,2.5708,N,N,07/2016,Analyst
43-5052.00,1.A.1.e.3,Perceptual Speed,IM,2.75,8,0.1637,2.4292,3.0708,N,,07/2016,Analyst
43-5052.00,1.A.1.e.3,Perceptual Speed,LV,2.62,8,0.183,2.2664,2.9836,N,N,07/2016,Analyst
43-5052.00,1.A.1.f.1,Spatial Orientation,IM,2.25,8,0.1637,1.9292,2.5708,N,,07/2016,Analyst
43-5052.00,1.A.1.f.1,Spatial Orientation,LV,2.0,8,0.189,1.6296,2.3704,N,N,07/2016,Analyst
43-5052.00,1.A.1.f.2,Visualization,IM,2.0,8,0.0,2.0,2.0,N,,07/2016,Analyst
43-5052.00,1.A.1.f.2,Visualization,LV,1.88,8,0.125,1.63,2.12,N,N,07/2016,Analyst
43-5052.00,1.A.1.g.1,Selective Attention,IM,2.88,8,0.125,2.63,3.12,N,,07/2016,Analyst
43-5052.00,1.A.1.g.1,Selective Attention,LV,2.75,8,0.1637,2.4292,3.0708,N,N,07/2016,Analyst
43-5052.00,1.A.1.g.2,Time Sharing,IM,2.5,8,0.189,2.1296,2.8704,N,,07/2016,Analyst
43-5052.00,1.A.1.g.2,Time Sharing,LV,2.62,8,0.183,2.2664,2.9836,N,N,07/2016,Analyst
43-5052.00,1.A.2.a.1,Arm-Hand Steadiness,IM,3.0,8,0.0,3.0,3.0,N,,07/2016,Analyst
43-5052.00,1.A.2.a.1,Arm-Hand Steadiness,LV,2.88,8,0.125,2.63,3.12,N,N,07/2016,Analyst
43-5052.00,1.A.2.a.2,Manual Dexterity,IM,2.88,8,0.125,2.63,3.12,N,,07/2016,Analyst
43-5052.00,1.A.2.a.2,Manual Dexterity,LV,3.0,8,0.0,3.0,3.0,N,N,07/2016,Analyst
43-5052.00,1.A.2.a.3,Finger Dexterity,IM,2.88,8,0.125,2.63,3.12,N,,07/2016,Analyst
43-5052.00,1.A.2.a.3,Finger Dexterity,LV,2.88,8,0.125,2.63,3.12,N,N,07/2016,Analyst
43-5052.00,1.A.2.b.1,Control Precision,IM,2.88,8,0.125,2.63,3.12,N,,07/2016,Analyst
43-5052.00,1.A.2.b.1,Control Precision,LV,3.0,8,0.0,3.0,3.0,N,N,07/2016,Analyst
43-5052.00,1.A.2.b.2,Multilimb Coordination,IM,2.88,8,0.125,2.63,3.12,N,,07/2016,Analyst
43-5052.00,1.A.2.b.2,Multilimb Coordination,LV,2.88,8,0.125,2.63,3.12,N,N,07/2016,Analyst
43-5052.00,1.A.2.b.3,Response Orientation,IM,2.12,8,0.125,1.88,2.37,N,,07/2016,Analyst
43-5052.00,1.A.2.b.3,Response Orientation,LV,2.25,8,0.1637,1.9292,2.5708,N,N,07/2016,Analyst
43-5052.00,1.A.2.b.4,Rate Control,IM,2.12,8,0.125,1.88,2.37,N,,07/2016,Analyst
43-5052.00,1.A.2.b.4,Rate Control,LV,1.88,8,0.125,1.63,2.12,N,N,07/2016,Analyst
43-5052.00,1.A.2.c.1,Reaction Time,IM,2.0,8,0.0,2.0,2.0,N,,07/2016,Analyst
43-5052.00,1.A.2.c.1,Reaction Time,LV,1.88,8,0.125,1.63,2.12,N,N,07/2016,Analyst
43-5052.00,1.A.2.c.2,Wrist-Finger Speed,IM,2.0,8,0.0,2.0,2.0,N,,07/2016,Analyst
43-5052.00,1.A.2.c.2,Wrist-Finger Speed,LV,1.12,8,0.125,0.88,1.37,N,N,07/2016,Analyst
43-5052.00,1.A.2.c.3,Speed of Limb Movement,IM,1.75,8,0.1637,1.4292,2.0708,N,,07/2016,Analyst
43-5052.00,1.A.2.c.3,Speed of Limb Movement,LV,1.25,8,0.3134,0.6358,1.8642,N,N,07/2016,Analyst
43-5052.00,1.A.3.a.1,Static Strength,IM,2.88,8,0.125,2.63,3.12,N,,07/2016,Analyst
43-5052.00,1.A.3.a.1,Static Strength,LV,2.62,8,0.183,2.2664,2.9836,N,N,07/2016,Analyst
43-5052.00,1.A.3.a.2,Explosive Strength,IM,1.75,8,0.25,1.26,2.24,N,,07/2016,Analyst
43-5052.00,1.A.3.a.2,Explosive Strength,LV,1.0,8,0.378,0.2592,1.7408,N,N,07/2016,Analyst
43-5052.00,1.A.3.a.3,Dynamic Strength,IM,2.12,8,0.125,1.88,2.37,N,,07/2016,Analyst
43-5052.00,1.A.3.a.3,Dynamic Strength,LV,2.0,8,0.189,1.6296,2.3704,N,N,07/2016,Analyst
43-5052.00,1.A.3.a.4,Trunk Strength,IM,3.0,8,0.0,3.0,3.0,N,,07/2016,Analyst
43-5052.00,1.A.3.a.4,Trunk Strength,LV,2.62,8,0.183,2.2664,2.9836,N,N,07/2016,Analyst
43-5052.00,1.A.3.b.1,Stamina,IM,2.75,8,0.1637,2.4292,3.0708,N,,07/2016,Analyst
43-5052.00,1.A.3.b.1,Stamina,LV,2.38,8,0.183,2.0164,2.7336,N,N,07/2016,Analyst
43-5052.00,1.A.3.c.1,Extent Flexibility,IM,2.88,8,0.125,2.63,3.12,N,,07/2016,Analyst
43-5052.00,1.A.3.c.1,Extent Flexibility,LV,2.75,8,0.1637,2.4292,3.0708,N,N,07/2016,Analyst
43-5052.00,1.A.3.c.2,Dynamic Flexibility,IM,1.5,8,0.189,1.1296,1.8704,N,,07/2016,Analyst
43-5052.00,1.A.3.c.2,Dynamic Flexibility,LV,0.62,8,0.2631,0.1094,1.1406,N,N,07/2016,Analyst
43-5052.00,1.A.3.c.3,Gross Body Coordination,IM,2.25,8,0.1637,1.9292,2.5708,N,,07/2016,Analyst
43-5052.00,1.A.3.c.3,Gross Body Coordination,LV,2.0,8,0.0,2.0,2.0,N,N,07/2016,Analyst
43-5052.00,1.A.3.c.4,Gross Body Equilibrium,IM,2.0,8,0.0,2.0,2.0,N,,07/2016,Analyst
43-5052.00,1.A.3.c.4,Gross Body Equilibrium,LV,2.0,8,0.189,1.6296,2.3704,N,N,07/2016,Analyst
43-5052.00,1.A.4.a.1,Near Vision,IM,3.12,8,0.2266,2.6809,3.5691,N,,07/2016,Analyst
43-5052.00,1.A.4.a.1,Near Vision,LV,3.0,8,0.189,2.6296,3.3704,N,N,07/2016,Analyst
43-5052.00,1.A.4.a.2,Far Vision,IM,2.75,8,0.1637,2.4292,3.0708,N,,07/2016,Analyst
43-5052.00,1.A.4.a.2,Far Vision,LV,2.75,8,0.1637,2.4292,3.0708,N,N,07/2016,Analyst
43-5052.00,1.A.4.a.3,Visual Color Discrimination,IM,2.0,8,0.0,2.0,2.0,N,,07/2016,Analyst
43-5052.00,1.A.4.a.3,Visual Color Discrimination,LV,1.88,8,0.125,1.63,2.12,N,N,07/2016,Analyst
43-5052.00,1.A.4.a.4,Night Vision,IM,2.0,8,0.0,2.0,2.0,N,,07/2016,Analyst
43-5052.00,1.A.4.a.4,Night Vision,LV,1.75,8,0.1637,1.4292,2.0708,N,N,07/2016,Analyst
43-5052.00,1.A.4.a.5,Peripheral Vision,IM,2.0,8,0.0,2.0,2.0,N,,07/2016,Analyst
43-5052.00,1.A.4.a.5,Peripheral Vision,LV,1.5,8,0.189,1.1296,1.8704,N,N,07/2016,Analyst
43-5052.00,1.A.4.a.6,Depth Perception,IM,2.38,8,0.183,2.0164,2.7336,N,,07/2016,Analyst
43-5052.00,1.A.4.a.6,Depth Perception,LV,2.38,8,0.183,2.0164,2.7336,N,N,07/2016,Analyst
43-5052.00,1.A.4.a.7,Glare Sensitivity,IM,2.0,8,0.0,2.0,2.0,N,,07/2016,Analyst
43-5052.00,1.A.4.a.7,Glare Sensitivity,LV,1.88,8,0.125,1.63,2.12,N,N,07/2016,Analyst
43-5052.00,1.A.4.b.1,Hearing Sensitivity,IM,2.0,8,0.0,2.0,2.0,N,,07/2016,Analyst
43-5052.00,1.A.4.b.1,Hearing Sensitivity,LV,2.0,8,0.189,1.6296,2.3704,N,N,07/2016,Analyst
43-5052.00,1.A.4.b.2,Auditory Attention,IM,2.38,8,0.183,2.0164,2.7336,N,,07/2016,Analyst
43-5052.00,1.A.4.b.2,Auditory Attention,LV,2.25,8,0.1637,1.9292,2.5708,N,N,07/2016,Analyst
43-5052.00,1.A.4.b.3,Sound Localization,IM,2.0,8,0.0,2.0,2.0,N,,07/2016,Analyst
43-5052.00,1.A.4.b.3,Sound Localization,LV,1.5,8,0.189,1.1296,1.8704,N,N,07/2016,Analyst
43-5052.00,1.A.4.b.4,Speech Recognition,IM,3.0,8,0.0,3.0,3.0,N,,07/2016,Analyst
43-5052.00,1.A.4.b.4,Speech Recognition,LV,2.38,8,0.183,2.0164,2.7336,N,N,07/2016,Analyst
43-5052.00,1.A.4.b.5,Speech Clarity,IM,3.0,8,0.0,3.0,3.0,N,,07/2016,Analyst
43-5052.00,1.A.4.b.5,Speech Clarity,LV,2.38,8,0.183,2.0164,2.7336,N,N,07/2016,Analyst
43-5053.00,1.A.1.a.1,Oral Comprehension,IM,3.0,8,0.0,3.0,3.0,N,,07/2016,Analyst
43-5053.00,1.A.1.a.1,Oral Comprehension,LV,3.0,8,0.0,3.0,3.0,N,N,07/2016,Analyst
43-5053.00,1.A.1.a.2,Written Comprehension,IM,3.12,8,0.125,2.88,3.37,N,,07/2016,Analyst
43-5053.00,1.A.1.a.2,Written Comprehension,LV,2.75,8,0.1637,2.4292,3.0708,N,N,07/2016,Analyst
43-5053.00,1.A.1.a.3,Oral Expression,IM,3.0,8,0.0,3.0,3.0,N,,07/2016,Analyst
43-5053.00,1.A.1.a.3,Oral Expression,LV,3.0,8,0.189,2.6296,3.3704,N,N,07/2016,Analyst
43-5053.00,1.A.1.a.4,Written Expression,IM,2.5,8,0.189,2.1296,2.8704,N,,07/2016,Analyst
43-5053.00,1.A.1.a.4,Written Expression,LV,2.0,8,0.0,2.0,2.0,N,N,07/2016,Analyst
43-5053.00,1.A.1.b.1,Fluency of Ideas,IM,2.0,8,0.0,2.0,2.0,N,,07/2016,Analyst
43-5053.00,1.A.1.b.1,Fluency of Ideas,LV,1.75,8,0.1637,1.4292,2.0708,N,N,07/2016,Analyst
43-5053.00,1.A.1.b.2,Originality,IM,1.88,8,0.125,1.63,2.12,N,,07/2016,Analyst
43-5053.00,1.A.1.b.2,Originality,LV,1.62,8,0.2631,1.1094,2.1406,N,N,07/2016,Analyst
43-5053.00,1.A.1.b.3,Problem Sensitivity,IM,3.0,8,0.0,3.0,3.0,N,,07/2016,Analyst
43-5053.00,1.A.1.b.3,Problem Sensitivity,LV,2.62,8,0.183,2.2664,2.9836,N,N,07/2016,Analyst
43-5053.00,1.A.1.b.4,Deductive Reasoning,IM,3.0,8,0.189,2.6296,3.3704,N,,07/2016,Analyst
43-5053.00,1.A.1.b.4,Deductive Reasoning,LV,2.5,8,0.189,2.1296,2.8704,N,N,07/2016,Analyst
43-5053.00,1.A.1.b.5,Inductive Reasoning,IM,2.88,8,0.125,2.63,3.12,N,,07/2016,Analyst
43-5053.00,1.A.1.b.5,Inductive Reasoning,LV,2.5,8,0.189,2.1296,2.8704,N,N,07/2016,Analyst
43-5053.00,1.A.1.b.6,Information Ordering,IM,3.12,8,0.125,2.88,3.37,N,,07/2016,Analyst
43-5053.00,1.A.1.b.6,Information Ordering,LV,2.62,8,0.183,2.2664,2.9836,N,N,07/2016,Analyst
43-5053.00,1.A.1.b.7,Category Flexibility,IM,3.12,8,0.125,2.88,3.37,N,,07/2016,Analyst
43-5053.00,1.A.1.b.7,Category Flexibility,LV,2.62,8,0.183,2.2664,2.9836,N,N,07/2016,Analyst
43-5053.00,1.A.1.c.1,Mathematical Reasoning,IM,2.0,8,0.0,2.0,2.0,N,,07/2016,Analyst
43-5053.00,1.A.1.c.1,Mathematical Reasoning,LV,1.25,8,0.1637,0.9292,1.5708,N,N,07/2016,Analyst
43-5053.00,1.A.1.c.2,Number Facility,IM,2.0,8,0.0,2.0,2.0,N,,07/2016,Analyst
43-5053.00,1.A.1.c.2,Number Facility,LV,1.62,8,0.183,1.2664,1.9836,N,N,07/2016,Analyst
43-5053.00,1.A.1.d.1,Memorization,IM,2.12,8,0.125,1.88,2.37,N,,07/2016,Analyst
43-5053.00,1.A.1.d.1,Memorization,LV,1.62,8,0.183,1.2664,1.9836,N,N,07/2016,Analyst
43-5053.00,1.A.1.e.1,Speed of Closure,IM,2.12,8,0.125,1.88,2.37,N,,07/2016,Analyst
43-5053.00,1.A.1.e.1,Speed of Closure,LV,2.12,8,0.125,1.88,2.37,N,N,07/2016,Analyst
43-5053.00,1.A.1.e.2,Flexibility of Closure,IM,2.38,8,0.183,2.0164,2.7336,N,,07/2016,Analyst
43-5053.00,1.A.1.e.2,Flexibility of Closure,LV,2.0,8,0.0,2.0,2.0,N,N,07/2016,Analyst
43-5053.00,1.A.1.e.3,Perceptual Speed,IM,3.12,8,0.125,2.88,3.37,N,,07/2016,Analyst
43-5053.00,1.A.1.e.3,Perceptual Speed,LV,2.62,8,0.183,2.2664,2.9836,N,N,07/2016,Analyst
43-5053.00,1.A.1.f.1,Spatial Orientation,IM,1.25,8,0.1637,1.0,1.5708,N,,07/2016,Analyst
43-5053.00,1.A.1.f.1,Spatial Orientation,LV,0.25,8,0.1637,0.0,0.5708,N,Y,07/2016,Analyst
43-5053.00,1.A.1.f.2,Visualization,IM,2.0,8,0.0,2.0,2.0,N,,07/2016,Analyst
43-5053.00,1.A.1.f.2,Visualization,LV,2.0,8,0.0,2.0,2.0,N,N,07/2016,Analyst
43-5053.00,1.A.1.g.1,Selective Attention,IM,2.88,8,0.125,2.63,3.12,N,,07/2016,Analyst
43-5053.00,1.A.1.g.1,Selective Attention,LV,2.62,8,0.183,2.2664,2.9836,N,N,07/2016,Analyst
43-5053.00,1.A.1.g.2,Time Sharing,IM,2.0,8,0.0,2.0,2.0,N,,07/2016,Analyst
43-5053.00,1.A.1.g.2,Time Sharing,LV,2.0,8,0.0,2.0,2.0,N,N,07/2016,Analyst
43-5053.00,1.A.2.a.1,Arm-Hand Steadiness,IM,2.88,8,0.125,2.63,3.12,N,,07/2016,Analyst
43-5053.00,1.A.2.a.1,Arm-Hand Steadiness,LV,2.5,8,0.189,2.1296,2.8704,N,N,07/2016,Analyst
43-5053.00,1.A.2.a.2,Manual Dexterity,IM,3.38,8,0.183,3.0164,3.7336,N,,07/2016,Analyst
43-5053.00,1.A.2.a.2,Manual Dexterity,LV,3.25,8,0.1637,2.9292,3.5708,N,N,07/2016,Analyst
43-5053.00,1.A.2.a.3,Finger Dexterity,IM,3.0,8,0.0,3.0,3.0,N,,07/2016,Analyst
43-5053.00,1.A.2.a.3,Finger Dexterity,LV,3.0,8,0.189,2.6296,3.3704,N,N,07/2016,Analyst
43-5053.00,1.A.2.b.1,Control Precision,IM,2.88,8,0.125,2.63,3.12,N,,07/2016,Analyst
43-5053.00,1.A.2.b.1,Control Precision,LV,2.88,8,0.125,2.63,3.12,N,N,07/2016,Analyst
43-5053.00,1.A.2.b.2,Multilimb Coordination,IM,3.12,8,0.125,2.88,3.37,N,,07/2016,Analyst
43-5053.00,1.A.2.b.2,Multilimb Coordination,LV,3.25,8,0.1637,2.9292,3.5708,N,N,07/2016,Analyst
43-5053.00,1.A.2.b.3,Response Orientation,IM,2.0,8,0.0,2.0,2.0,N,,07/2016,Analyst
43-5053.00,1.A.2.b.3,Response Orientation,LV,1.75,8,0.1637,1.4292,2.0708,N,N,07/2016,Analyst
43-5053.00,1.A.2.b.4,Rate Control,IM,2.25,8,0.1637,1.9292,2.5708,N,,07/2016,Analyst
43-5053.00,1.A.2.b.4,Rate Control,LV,2.12,8,0.125,1.88,2.37,N,N,07/2016,Analyst
43-5053.00,1.A.2.c.1,Reaction Time,IM,2.5,8,0.189,2.1296,2.8704,N,,07/2016,Analyst
43-5053.00,1.A.2.c.1,Reaction Time,LV,2.38,8,0.183,2.0164,2.7336,N,N,07/2016,Analyst
43-5053.00,1.A.2.c.2,Wrist-Finger Speed,IM,2.38,8,0.183,2.0164,2.7336,N,,07/2016,Analyst
43-5053.00,1.A.2.c.2,Wrist-Finger Speed,LV,2.0,8,0.0,2.0,2.0,N,N,07/2016,Analyst
43-5053.00,1.A.2.c.3,Speed of Limb Movement,IM,1.88,8,0.125,1.63,2.12,N,,07/2016,Analyst
43-5053.00,1.A.2.c.3,Speed of Limb Movement,LV,1.25,8,0.25,0.76,1.74,N,N,07/2016,Analyst
43-5053.00,1.A.3.a.1,Static Strength,IM,3.12,8,0.125,2.88,3.37,N,,07/2016,Analyst
43-5053.00,1.A.3.a.1,Static Strength,LV,3.38,8,0.183,3.0164,3.7336,N,N,07/2016,Analyst
43-5053.00,1.A.3.a.2,Explosive Strength,IM,1.5,8,0.189,1.1296,1.8704,N,,07/2016,Analyst
43-5053.00,1.A.3.a.2,Explosive Strength,LV,0.75,8,0.3134,0.1358,1.3642,N,N,07/2016,Analyst
43-5053.00,1.A.3.a.3,Dynamic Strength,IM,2.38,8,0.2631,1.8594,2.8906,N,,07/2016,Analyst
43-5053.00,1.A.3.a.3,Dynamic Strength,LV,2.12,8,0.125,1.88,2.37,N,N,07/2016,Analyst
43-5053.00,1.A.3.a.4,Trunk Strength,IM,3.0,8,0.189,2.6296,3.3704,N,,07/2016,Analyst
43-5053.00,1.A.3.a.4,Trunk Strength,LV,3.0,8,0.189,2.6296,3.3704,N,N,07/2016,Analyst
43-5053.00,1.A.3.b.1,Stamina,IM,2.38,8,0.2631,1.8594,2.8906,N,,07/2016,Analyst
43-5053.00,1.A.3.b.1,Stamina,LV,2.12,8,0.125,1.88,2.37,N,N,07/2016,Analyst
43-5053.00,1.A.3.c.1,Extent Flexibility,IM,2.88,8,0.2266,2.4309,3.3191,N,,07/2016,Analyst
43-5053.00,1.A.3.c.1,Extent Flexibility,LV,3.0,8,0.189,2.6296,3.3704,N,N,07/2016,Analyst
43-5053.00,1.A.3.c.2,Dynamic Flexibility,IM,1.75,8,0.1637,1.4292,2.0708,N,,07/2016,Analyst
43-5053.00,1.A.3.c.2,Dynamic Flexibility,LV,0.88,8,0.2266,0.4309,1.3191,N,N,07/2016,Analyst
43-5053.00,1.A.3.c.3,Gross Body Coordination,IM,2.0,8,0.0,2.0,2.0,N,,07/2016,Analyst
43-5053.00,1.A.3.c.3,Gross Body Coordination,LV,2.0,8,0.0,2.0,2.0,N,N,07/2016,Analyst
43-5053.00,1.A.3.c.4,Gross Body Equilibrium,IM,1.88,8,0.125,1.63,2.12,N,,07/2016,Analyst
43-5053.00,1.A.3.c.4,Gross Body Equilibrium,LV,1.0,8,0.189,0.6296,1.3704,N,N,07/2016,Analyst
43-5053.00,1.A.4.a.1,Near Vision,IM,3.75,8,0.1637,3.4292,4.0708,N,,07/2016,Analyst
43-5053.00,1.A.4.a.1,Near Vision,LV,3.75,8,0.1637,3.4292,4.0708,N,N,07/2016,Analyst
43-5053.00,1.A.4.a.2,Far Vision,IM,2.62,8,0.183,2.2664,2.9836,N,,07/2016,Analyst
43-5053.00,1.A.4.a.2,Far Vision,LV,2.25,8,0.1637,1.9292,2.5708,N,N,07/2016,Analyst
43-5053.00,1.A.4.a.3,Visual Color Discrimination,IM,2.0,8,0.0,2.0,2.0,N,,07/2016,Analyst
43-5053.00,1.A.4.a.3,Visual Color Discrimination,LV,2.0,8,0.0,2.0,2.0,N,N,07/2016,Analyst
43-5053.00,1.A.4.a.4,Night Vision,IM,1.12,8,0.125,1.0,1.37,N,,07/2016,Analyst
43-5053.00,1.A.4.a.4,Night Vision,LV,0.12,8,0.125,0.0,0.37,N,Y,07/2016,Analyst
43-5053.00,1.A.4.a.5,Peripheral Vision,IM,1.12,8,0.125,1.0,1.37,N,,07/2016,Analyst
43-5053.00,1.A.4.a.5,Peripheral Vision,LV,0.12,8,0.125,0.0,0.37,N,Y,07/2016,Analyst
43-5053.00,1.A.4.a.6,Depth Perception,IM,2.0,8,0.0,2.0,2.0,N,,07/2016,Analyst
43-5053.00,1.A.4.a.6,Depth Perception,LV,2.12,8,0.125,1.88,2.37,N,N,07/2016,Analyst
43-5053.00,1.A.4.a.7,Glare Sensitivity,IM,1.0,8,0.0,1.0,1.0,N,,07/2016,Analyst
43-5053.00,1.A.4.a.7,Glare Sensitivity,LV,0.0,8,0.0,0.0,0.0,N,Y,07/2016,Analyst
43-5053.00,1.A.4.b.1,Hearing Sensitivity,IM,2.25,8,0.1637,1.9292,2.5708,N,,07/2016,Analyst
43-5053.00,1.A.4.b.1,Hearing Sensitivity,LV,1.88,8,0.125,1.63,2.12,N,N,07/2016,Analyst
43-5053.00,1.A.4.b.2,Auditory Attention,IM,2.25,8,0.25,1.76,2.74,N,,07/2016,Analyst
43-5053.00,1.A.4.b.2,Auditory Attention,LV,2.12,8,0.295,1.5467,2.7033,N,N,07/2016,Analyst
43-5053.00,1.A.4.b.3,Sound Localization,IM,1.0,8,0.0,1.0,1.0,N,,07/2016,Analyst
43-5053.00,1.A.4.b.3,Sound Localization,LV,0.0,8,0.0,0.0,0.0,N,Y,07/2016,Analyst
43-5053.00,1.A.4.b.4,Speech Recognition,IM,3.0,8,0.0,3.0,3.0,N,,07/2016,Analyst
43-5053.00,1.A.4.b.4,Speech Recognition,LV,2.75,8,0.1637,2.4292,3.0708,N,N,07/2016,Analyst
43-5053.00,1.A.4.b.5,Speech Clarity,IM,3.0,8,0.189,2.6296,3.3704,N,,07/2016,Analyst
43-5053.00,1.A.4.b.5,Speech Clarity,LV,2.75,8,0.1637,2.4292,3.0708,N,N,07/2016,Analyst
43-5061.00,1.A.1.a.1,Oral Comprehension,IM,3.88,8,0.125,3.63,4.12,N,,08/2022,Analyst
43-5061.00,1.A.1.a.1,Oral Comprehension,LV,3.88,8,0.125,3.63,4.12,N,N,08/2022,Analyst
43-5061.00,1.A.1.a.2,Written Comprehension,IM,3.62,8,0.183,3.2664,3.9836,N,,08/2022,Analyst
43-5061.00,1.A.1.a.2,Written Comprehension,LV,3.38,8,0.183,3.0164,3.7336,N,N,08/2022,Analyst
43-5061.00,1.A.1.a.3,Oral Expression,IM,3.75,8,0.1637,3.4292,4.0708,N,,08/2022,Analyst
43-5061.00,1.A.1.a.3,Oral Expression,LV,3.88,8,0.125,3.63,4.12,N,N,08/2022,Analyst
43-5061.00,1.A.1.a.4,Written Expression,IM,3.5,8,0.189,3.1296,3.8704,N,,08/2022,Analyst
43-5061.00,1.A.1.a.4,Written Expression,LV,3.38,8,0.183,3.0164,3.7336,N,N,08/2022,Analyst
43-5061.00,1.A.1.b.1,Fluency of Ideas,IM,2.75,8,0.1637,2.4292,3.0708,N,,08/2022,Analyst
43-5061.00,1.A.1.b.1,Fluency of Ideas,LV,2.75,8,0.1637,2.4292,3.0708,N,N,08/2022,Analyst
43-5061.00,1.A.1.b.2,Originality,IM,2.5,8,0.189,2.1296,2.8704,N,,08/2022,Analyst
43-5061.00,1.A.1.b.2,Originality,LV,2.62,8,0.183,2.2664,2.9836,N,N,08/2022,Analyst
43-5061.00,1.A.1.b.3,Problem Sensitivity,IM,3.75,8,0.1637,3.4292,4.0708,N,,08/2022,Analyst
43-5061.00,1.A.1.b.3,Problem Sensitivity,LV,3.5,8,0.189,3.1296,3.8704,N,N,08/2022,Analyst
43-5061.00,1.A.1.b.4,Deductive Reasoning,IM,3.5,8,0.189,3.1296,3.8704,N,,08/2022,Analyst
43-5061.00,1.A.1.b.4,Deductive Reasoning,LV,3.5,8,0.189,3.1296,3.8704,N,N,08/2022,Analyst
43-5061.00,1.A.1.b.5,Inductive Reasoning,IM,3.0,8,0.0,3.0,3.0,N,,08/2022,Analyst
43-5061.00,1.A.1.b.5,Inductive Reasoning,LV,3.12,8,0.125,2.88,3.37,N,N,08/2022,Analyst
43-5061.00,1.A.1.b.6,Information Ordering,IM,3.88,8,0.125,3.63,4.12,N,,08/2022,Analyst
43-5061.00,1.A.1.b.6,Information Ordering,LV,3.62,8,0.183,3.2664,3.9836,N,N,08/2022,Analyst
43-5061.00,1.A.1.b.7,Category Flexibility,IM,3.12,8,0.125,2.88,3.37,N,,08/2022,Analyst
43-5061.00,1.A.1.b.7,Category Flexibility,LV,3.0,8,0.0,3.0,3.0,N,N,08/2022,Analyst
43-5061.00,1.A.1.c.1,Mathematical Reasoning,IM,2.62,8,0.183,2.2664,2.9836,N,,08/2022,Analyst
43-5061.00,1.A.1.c.1,Mathematical Reasoning,LV,2.62,8,0.183,2.2664,2.9836,N,N,08/2022,Analyst
43-5061.00,1.A.1.c.2,Number Facility,IM,2.75,8,0.25,2.26,3.24,N,,08/2022,Analyst
43-5061.00,1.A.1.c.2,Number Facility,LV,2.75,8,0.1637,2.4292,3.0708,N,N,08/2022,Analyst
43-5061.00,1.A.1.d.1,Memorization,IM,1.75,8,0.1637,1.4292,2.0708,N,,08/2022,Analyst
43-5061.00,1.A.1.d.1,Memorization,LV,1.5,8,0.3273,0.8584,2.1416,N,N,08/2022,Analyst
43-5061.00,1.A.1.e.1,Speed of Closure,IM,2.38,8,0.2631,1.8594,2.8906,N,,08/2022,Analyst
43-5061.00,1.A.1.e.1,Speed of Closure,LV,2.12,8,0.125,1.88,2.37,N,N,08/2022,Analyst
43-5061.00,1.A.1.e.2,Flexibility of Closure,IM,2.75,8,0.1637,2.4292,3.0708,N,,08/2022,Analyst
43-5061.00,1.A.1.e.2,Flexibility of Closure,LV,2.88,8,0.125,2.63,3.12,N,N,08/2022,Analyst
43-5061.00,1.A.1.e.3,Perceptual Speed,IM,3.0,8,0.189,2.6296,3.3704,N,,08/2022,Analyst
43-5061.00,1.A.1.e.3,Perceptual Speed,LV,2.75,8,0.1637,2.4292,3.0708,N,N,08/2022,Analyst
43-5061.00,1.A.1.f.1,Spatial Orientation,IM,1.12,8,0.125,1.0,1.37,N,,08/2022,Analyst
43-5061.00,1.A.1.f.1,Spatial Orientation,LV,0.12,8,0.125,0.0,0.37,N,Y,08/2022,Analyst
43-5061.00,1.A.1.f.2,Visualization,IM,2.5,8,0.189,2.1296,2.8704,N,,08/2022,Analyst
43-5061.00,1.A.1.f.2,Visualization,LV,2.62,8,0.183,2.2664,2.9836,N,N,08/2022,Analyst
43-5061.00,1.A.1.g.1,Selective Attention,IM,3.25,8,0.1637,2.9292,3.5708,N,,08/2022,Analyst
43-5061.00,1.A.1.g.1,Selective Attention,LV,3.0,8,0.189,2.6296,3.3704,N,N,08/2022,Analyst
43-5061.00,1.A.1.g.2,Time Sharing,IM,2.62,8,0.183,2.2664,2.9836,N,,08/2022,Analyst
43-5061.00,1.A.1.g.2,Time Sharing,LV,2.12,8,0.125,1.88,2.37,N,N,08/2022,Analyst
43-5061.00,1.A.2.a.1,Arm-Hand Steadiness,IM,2.0,8,0.0,2.0,2.0,N,,08/2022,Analyst
43-5061.00,1.A.2.a.1,Arm-Hand Steadiness,LV,1.75,8,0.1637,1.4292,2.0708,N,N,08/2022,Analyst
43-5061.00,1.A.2.a.2,Manual Dexterity,IM,2.0,8,0.0,2.0,2.0,N,,08/2022,Analyst
43-5061.00,1.A.2.a.2,Manual Dexterity,LV,1.62,8,0.183,1.2664,1.9836,N,N,08/2022,Analyst
43-5061.00,1.A.2.a.3,Finger Dexterity,IM,2.25,8,0.1637,1.9292,2.5708,N,,08/2022,Analyst
43-5061.00,1.A.2.a.3,Finger Dexterity,LV,1.88,8,0.125,1.63,2.12,N,N,08/2022,Analyst
43-5061.00,1.A.2.b.1,Control Precision,IM,2.0,8,0.0,2.0,2.0,N,,08/2022,Analyst
43-5061.00,1.A.2.b.1,Control Precision,LV,1.38,8,0.183,1.0164,1.7336,N,N,08/2022,Analyst
43-5061.00,1.A.2.b.2,Multilimb Coordination,IM,1.5,8,0.189,1.1296,1.8704,N,,08/2022,Analyst
43-5061.00,1.A.2.b.2,Multilimb Coordination,LV,0.5,8,0.189,0.1296,0.8704,N,N,08/2022,Analyst
43-5061.00,1.A.2.b.3,Response Orientation,IM,1.5,8,0.189,1.1296,1.8704,N,,08/2022,Analyst
43-5061.00,1.A.2.b.3,Response Orientation,LV,0.5,8,0.189,0.1296,0.8704,N,N,08/2022,Analyst
43-5061.00,1.A.2.b.4,Rate Control,IM,2.0,8,0.0,2.0,2.0,N,,08/2022,Analyst
43-5061.00,1.A.2.b.4,Rate Control,LV,1.25,8,0.1637,0.9292,1.5708,N,N,08/2022,Analyst
43-5061.00,1.A.2.c.1,Reaction Time,IM,1.75,8,0.1637,1.4292,2.0708,N,,08/2022,Analyst
43-5061.00,1.A.2.c.1,Reaction Time,LV,0.75,8,0.1637,0.4292,1.0708,N,N,08/2022,Analyst
43-5061.00,1.A.2.c.2,Wrist-Finger Speed,IM,1.88,8,0.125,1.63,2.12,N,,08/2022,Analyst
43-5061.00,1.A.2.c.2,Wrist-Finger Speed,LV,0.88,8,0.125,0.63,1.12,N,N,08/2022,Analyst
43-5061.00,1.A.2.c.3,Speed of Limb Movement,IM,1.5,8,0.189,1.1296,1.8704,N,,08/2022,Analyst
43-5061.00,1.A.2.c.3,Speed of Limb Movement,LV,0.5,8,0.189,0.1296,0.8704,N,N,08/2022,Analyst
43-5061.00,1.A.3.a.1,Static Strength,IM,1.5,8,0.189,1.1296,1.8704,N,,08/2022,Analyst
43-5061.00,1.A.3.a.1,Static Strength,LV,0.5,8,0.189,0.1296,0.8704,N,N,08/2022,Analyst
43-5061.00,1.A.3.a.2,Explosive Strength,IM,1.0,8,0.0,1.0,1.0,N,,08/2022,Analyst
43-5061.00,1.A.3.a.2,Explosive Strength,LV,0.0,8,0.0,0.0,0.0,N,Y,08/2022,Analyst
43-5061.00,1.A.3.a.3,Dynamic Strength,IM,1.75,8,0.1637,1.4292,2.0708,N,,08/2022,Analyst
43-5061.00,1.A.3.a.3,Dynamic Strength,LV,0.75,8,0.1637,0.4292,1.0708,N,N,08/2022,Analyst
43-5061.00,1.A.3.a.4,Trunk Strength,IM,2.0,8,0.0,2.0,2.0,N,,08/2022,Analyst
43-5061.00,1.A.3.a.4,Trunk Strength,LV,1.62,8,0.183,1.2664,1.9836,N,N,08/2022,Analyst
43-5061.00,1.A.3.b.1,Stamina,IM,1.5,8,0.189,1.1296,1.8704,N,,08/2022,Analyst
43-5061.00,1.A.3.b.1,Stamina,LV,0.5,8,0.189,0.1296,0.8704,N,N,08/2022,Analyst
43-5061.00,1.A.3.c.1,Extent Flexibility,IM,1.5,8,0.189,1.1296,1.8704,N,,08/2022,Analyst
43-5061.00,1.A.3.c.1,Extent Flexibility,LV,0.5,8,0.189,0.1296,0.8704,N,N,08/2022,Analyst
43-5061.00,1.A.3.c.2,Dynamic Flexibility,IM,1.0,8,0.0,1.0,1.0,N,,08/2022,Analyst
43-5061.00,1.A.3.c.2,Dynamic Flexibility,LV,0.0,8,0.0,0.0,0.0,N,Y,08/2022,Analyst
43-5061.00,1.A.3.c.3,Gross Body Coordination,IM,1.38,8,0.183,1.0164,1.7336,N,,08/2022,Analyst
43-5061.00,1.A.3.c.3,Gross Body Coordination,LV,0.38,8,0.183,0.0164,0.7336,N,N,08/2022,Analyst
43-5061.00,1.A.3.c.4,Gross Body Equilibrium,IM,1.38,8,0.183,1.0164,1.7336,N,,08/2022,Analyst
43-5061.00,1.A.3.c.4,Gross Body Equilibrium,LV,0.38,8,0.183,0.0164,0.7336,N,N,08/2022,Analyst
43-5061.00,1.A.4.a.1,Near Vision,IM,3.62,8,0.183,3.2664,3.9836,N,,08/2022,Analyst
43-5061.00,1.A.4.a.1,Near Vision,LV,3.75,8,0.1637,3.4292,4.0708,N,N,08/2022,Analyst
43-5061.00,1.A.4.a.2,Far Vision,IM,2.88,8,0.125,2.63,3.12,N,,08/2022,Analyst
43-5061.00,1.A.4.a.2,Far Vision,LV,2.88,8,0.125,2.63,3.12,N,N,08/2022,Analyst
43-5061.00,1.A.4.a.3,Visual Color Discrimination,IM,2.12,8,0.125,1.88,2.37,N,,08/2022,Analyst
43-5061.00,1.A.4.a.3,Visual Color Discrimination,LV,2.0,8,0.189,1.6296,2.3704,N,N,08/2022,Analyst
43-5061.00,1.A.4.a.4,Night Vision,IM,1.0,8,0.0,1.0,1.0,N,,08/2022,Analyst
43-5061.00,1.A.4.a.4,Night Vision,LV,0.0,8,0.0,0.0,0.0,N,Y,08/2022,Analyst
43-5061.00,1.A.4.a.5,Peripheral Vision,IM,1.0,8,0.0,1.0,1.0,N,,08/2022,Analyst
43-5061.00,1.A.4.a.5,Peripheral Vision,LV,0.0,8,0.0,0.0,0.0,N,Y,08/2022,Analyst
43-5061.00,1.A.4.a.6,Depth Perception,IM,2.0,8,0.0,2.0,2.0,N,,08/2022,Analyst
43-5061.00,1.A.4.a.6,Depth Perception,LV,1.38,8,0.183,1.0164,1.7336,N,N,08/2022,Analyst
43-5061.00,1.A.4.a.7,Glare Sensitivity,IM,1.0,8,0.0,1.0,1.0,N,,08/2022,Analyst
43-5061.00,1.A.4.a.7,Glare Sensitivity,LV,0.0,8,0.0,0.0,0.0,N,Y,08/2022,Analyst
43-5061.00,1.A.4.b.1,Hearing Sensitivity,IM,2.12,8,0.125,1.88,2.37,N,,08/2022,Analyst
43-5061.00,1.A.4.b.1,Hearing Sensitivity,LV,1.62,8,0.2631,1.1094,2.1406,N,N,08/2022,Analyst
43-5061.00,1.A.4.b.2,Auditory Attention,IM,2.12,8,0.125,1.88,2.37,N,,08/2022,Analyst
43-5061.00,1.A.4.b.2,Auditory Attention,LV,2.12,8,0.125,1.88,2.37,N,N,08/2022,Analyst
43-5061.00,1.A.4.b.3,Sound Localization,IM,1.0,8,0.0,1.0,1.0,N,,08/2022,Analyst
43-5061.00,1.A.4.b.3,Sound Localization,LV,0.0,8,0.0,0.0,0.0,N,Y,08/2022,Analyst
43-5061.00,1.A.4.b.4,Speech Recognition,IM,3.38,8,0.183,3.0164,3.7336,N,,08/2022,Analyst
43-5061.00,1.A.4.b.4,Speech Recognition,LV,3.0,8,0.0,3.0,3.0,N,N,08/2022,Analyst
43-5061.00,1.A.4.b.5,Speech Clarity,IM,3.0,8,0.0,3.0,3.0,N,,08/2022,Analyst
43-5061.00,1.A.4.b.5,Speech Clarity,LV,3.0,8,0.0,3.0,3.0,N,N,08/2022,Analyst
43-5071.00,1.A.1.a.1,Oral Comprehension,IM,3.12,8,0.125,2.88,3.37,N,,08/2019,Analyst
43-5071.00,1.A.1.a.1,Oral Comprehension,LV,3.12,8,0.125,2.88,3.37,N,N,08/2019,Analyst
43-5071.00,1.A.1.a.2,Written Comprehension,IM,3.0,8,0.0,3.0,3.0,N,,08/2019,Analyst
43-5071.00,1.A.1.a.2,Written Comprehension,LV,3.0,8,0.0,3.0,3.0,N,N,08/2019,Analyst
43-5071.00,1.A.1.a.3,Oral Expression,IM,3.25,8,0.1637,2.9292,3.5708,N,,08/2019,Analyst
43-5071.00,1.A.1.a.3,Oral Expression,LV,3.12,8,0.125,2.88,3.37,N,N,08/2019,Analyst
43-5071.00,1.A.1.a.4,Written Expression,IM,3.0,8,0.0,3.0,3.0,N,,08/2019,Analyst
43-5071.00,1.A.1.a.4,Written Expression,LV,2.62,8,0.183,2.2664,2.9836,N,N,08/2019,Analyst
43-5071.00,1.A.1.b.1,Fluency of Ideas,IM,2.75,8,0.1637,2.4292,3.0708,N,,08/2019,Analyst
43-5071.00,1.A.1.b.1,Fluency of Ideas,LV,2.12,8,0.125,1.88,2.37,N,N,08/2019,Analyst
43-5071.00,1.A.1.b.2,Originality,IM,2.12,8,0.125,1.88,2.37,N,,08/2019,Analyst
43-5071.00,1.A.1.b.2,Originality,LV,2.12,8,0.125,1.88,2.37,N,N,08/2019,Analyst
43-5071.00,1.A.1.b.3,Problem Sensitivity,IM,3.25,8,0.1637,2.9292,3.5708,N,,08/2019,Analyst
43-5071.00,1.A.1.b.3,Problem Sensitivity,LV,3.0,8,0.0,3.0,3.0,N,N,08/2019,Analyst
43-5071.00,1.A.1.b.4,Deductive Reasoning,IM,3.0,8,0.0,3.0,3.0,N,,08/2019,Analyst
43-5071.00,1.A.1.b.4,Deductive Reasoning,LV,2.88,8,0.125,2.63,3.12,N,N,08/2019,Analyst
43-5071.00,1.A.1.b.5,Inductive Reasoning,IM,3.0,8,0.0,3.0,3.0,N,,08/2019,Analyst
43-5071.00,1.A.1.b.5,Inductive Reasoning,LV,2.88,8,0.125,2.63,3.12,N,N,08/2019,Analyst
43-5071.00,1.A.1.b.6,Information Ordering,IM,3.25,8,0.1637,2.9292,3.5708,N,,08/2019,Analyst
43-5071.00,1.A.1.b.6,Information Ordering,LV,3.0,8,0.0,3.0,3.0,N,N,08/2019,Analyst
43-5071.00,1.A.1.b.7,Category Flexibility,IM,3.0,8,0.0,3.0,3.0,N,,08/2019,Analyst
43-5071.00,1.A.1.b.7,Category Flexibility,LV,3.0,8,0.0,3.0,3.0,N,N,08/2019,Analyst
43-5071.00,1.A.1.c.1,Mathematical Reasoning,IM,2.25,8,0.1637,1.9292,2.5708,N,,08/2019,Analyst
43-5071.00,1.A.1.c.1,Mathematical Reasoning,LV,2.12,8,0.125,1.88,2.37,N,N,08/2019,Analyst
43-5071.00,1.A.1.c.2,Number Facility,IM,2.38,8,0.183,2.0164,2.7336,N,,08/2019,Analyst
43-5071.00,1.A.1.c.2,Number Facility,LV,2.38,8,0.183,2.0164,2.7336,N,N,08/2019,Analyst
43-5071.00,1.A.1.d.1,Memorization,IM,2.12,8,0.125,1.88,2.37,N,,08/2019,Analyst
43-5071.00,1.A.1.d.1,Memorization,LV,2.12,8,0.125,1.88,2.37,N,N,08/2019,Analyst
43-5071.00,1.A.1.e.1,Speed of Closure,IM,2.12,8,0.125,1.88,2.37,N,,08/2019,Analyst
43-5071.00,1.A.1.e.1,Speed of Closure,LV,2.12,8,0.125,1.88,2.37,N,N,08/2019,Analyst
43-5071.00,1.A.1.e.2,Flexibility of Closure,IM,2.5,8,0.189,2.1296,2.8704,N,,08/2019,Analyst
43-5071.00,1.A.1.e.2,Flexibility of Closure,LV,2.38,8,0.183,2.0164,2.7336,N,N,08/2019,Analyst
43-5071.00,1.A.1.e.3,Perceptual Speed,IM,3.0,8,0.0,3.0,3.0,N,,08/2019,Analyst
43-5071.00,1.A.1.e.3,Perceptual Speed,LV,2.88,8,0.125,2.63,3.12,N,N,08/2019,Analyst
43-5071.00,1.A.1.f.1,Spatial Orientation,IM,2.0,8,0.0,2.0,2.0,N,,08/2019,Analyst
43-5071.00,1.A.1.f.1,Spatial Orientation,LV,1.38,8,0.183,1.0164,1.7336,N,N,08/2019,Analyst
43-5071.00,1.A.1.f.2,Visualization,IM,2.38,8,0.183,2.0164,2.7336,N,,08/2019,Analyst
43-5071.00,1.A.1.f.2,Visualization,LV,2.62,8,0.183,2.2664,2.9836,N,N,08/2019,Analyst
43-5071.00,1.A.1.g.1,Selective Attention,IM,3.0,8,0.0,3.0,3.0,N,,08/2019,Analyst
43-5071.00,1.A.1.g.1,Selective Attention,LV,2.38,8,0.183,2.0164,2.7336,N,N,08/2019,Analyst
43-5071.00,1.A.1.g.2,Time Sharing,IM,2.12,8,0.125,1.88,2.37,N,,08/2019,Analyst
43-5071.00,1.A.1.g.2,Time Sharing,LV,2.25,8,0.1637,1.9292,2.5708,N,N,08/2019,Analyst
43-5071.00,1.A.2.a.1,Arm-Hand Steadiness,IM,3.12,8,0.125,2.88,3.37,N,,08/2019,Analyst
43-5071.00,1.A.2.a.1,Arm-Hand Steadiness,LV,2.5,8,0.189,2.1296,2.8704,N,N,08/2019,Analyst
43-5071.00,1.A.2.a.2,Manual Dexterity,IM,3.0,8,0.189,2.6296,3.3704,N,,08/2019,Analyst
43-5071.00,1.A.2.a.2,Manual Dexterity,LV,2.88,8,0.125,2.63,3.12,N,N,08/2019,Analyst
43-5071.00,1.A.2.a.3,Finger Dexterity,IM,2.88,8,0.125,2.63,3.12,N,,08/2019,Analyst
43-5071.00,1.A.2.a.3,Finger Dexterity,LV,2.38,8,0.183,2.0164,2.7336,N,N,08/2019,Analyst
43-5071.00,1.A.2.b.1,Control Precision,IM,2.62,8,0.183,2.2664,2.9836,N,,08/2019,Analyst
43-5071.00,1.A.2.b.1,Control Precision,LV,2.38,8,0.183,2.0164,2.7336,N,N,08/2019,Analyst
43-5071.00,1.A.2.b.2,Multilimb Coordination,IM,2.75,8,0.1637,2.4292,3.0708,N,,08/2019,Analyst
43-5071.00,1.A.2.b.2,Multilimb Coordination,LV,2.38,8,0.183,2.0164,2.7336,N,N,08/2019,Analyst
43-5071.00,1.A.2.b.3,Response Orientation,IM,2.0,8,0.0,2.0,2.0,N,,08/2019,Analyst
43-5071.00,1.A.2.b.3,Response Orientation,LV,1.75,8,0.1637,1.4292,2.0708,N,N,08/2019,Analyst
43-5071.00,1.A.2.b.4,Rate Control,IM,2.12,8,0.125,1.88,2.37,N,,08/2019,Analyst
43-5071.00,1.A.2.b.4,Rate Control,LV,1.88,8,0.125,1.63,2.12,N,N,08/2019,Analyst
43-5071.00,1.A.2.c.1,Reaction Time,IM,2.0,8,0.0,2.0,2.0,N,,08/2019,Analyst
43-5071.00,1.A.2.c.1,Reaction Time,LV,1.88,8,0.125,1.63,2.12,N,N,08/2019,Analyst
43-5071.00,1.A.2.c.2,Wrist-Finger Speed,IM,2.12,8,0.125,1.88,2.37,N,,08/2019,Analyst
43-5071.00,1.A.2.c.2,Wrist-Finger Speed,LV,1.88,8,0.125,1.63,2.12,N,N,08/2019,Analyst
43-5071.00,1.A.2.c.3,Speed of Limb Movement,IM,1.88,8,0.125,1.63,2.12,N,,08/2019,Analyst
43-5071.00,1.A.2.c.3,Speed of Limb Movement,LV,1.25,8,0.25,0.76,1.74,N,N,08/2019,Analyst
43-5071.00,1.A.3.a.1,Static Strength,IM,2.75,8,0.1637,2.4292,3.0708,N,,08/2019,Analyst
43-5071.00,1.A.3.a.1,Static Strength,LV,2.88,8,0.125,2.63,3.12,N,N,08/2019,Analyst
43-5071.00,1.A.3.a.2,Explosive Strength,IM,1.75,8,0.25,1.26,2.24,N,,08/2019,Analyst
43-5071.00,1.A.3.a.2,Explosive Strength,LV,1.12,8,0.3981,0.3447,1.9053,N,N,08/2019,Analyst
43-5071.00,1.A.3.a.3,Dynamic Strength,IM,1.88,8,0.125,1.63,2.12,N,,08/2019,Analyst
43-5071.00,1.A.3.a.3,Dynamic Strength,LV,1.75,8,0.25,1.26,2.24,N,N,08/2019,Analyst
43-5071.00,1.A.3.a.4,Trunk Strength,IM,2.88,8,0.125,2.63,3.12,N,,08/2019,Analyst
43-5071.00,1.A.3.a.4,Trunk Strength,LV,2.88,8,0.125,2.63,3.12,N,N,08/2019,Analyst
43-5071.00,1.A.3.b.1,Stamina,IM,2.25,8,0.1637,1.9292,2.5708,N,,08/2019,Analyst
43-5071.00,1.A.3.b.1,Stamina,LV,2.12,8,0.125,1.88,2.37,N,N,08/2019,Analyst
43-5071.00,1.A.3.c.1,Extent Flexibility,IM,2.75,8,0.1637,2.4292,3.0708,N,,08/2019,Analyst
43-5071.00,1.A.3.c.1,Extent Flexibility,LV,2.88,8,0.2266,2.4309,3.3191,N,N,08/2019,Analyst
43-5071.00,1.A.3.c.2,Dynamic Flexibility,IM,1.25,8,0.1637,1.0,1.5708,N,,08/2019,Analyst
43-5071.00,1.A.3.c.2,Dynamic Flexibility,LV,0.38,8,0.2631,0.0,0.8906,N,Y,08/2019,Analyst
43-5071.00,1.A.3.c.3,Gross Body Coordination,IM,2.0,8,0.0,2.0,2.0,N,,08/2019,Analyst
43-5071.00,1.A.3.c.3,Gross Body Coordination,LV,1.88,8,0.125,1.63,2.12,N,N,08/2019,Analyst
43-5071.00,1.A.3.c.4,Gross Body Equilibrium,IM,1.88,8,0.125,1.63,2.12,N,,08/2019,Analyst
43-5071.00,1.A.3.c.4,Gross Body Equilibrium,LV,1.5,8,0.3273,0.8584,2.1416,N,N,08/2019,Analyst
43-5071.00,1.A.4.a.1,Near Vision,IM,3.75,8,0.1637,3.4292,4.0708,N,,08/2019,Analyst
43-5071.00,1.A.4.a.1,Near Vision,LV,3.25,8,0.1637,2.9292,3.5708,N,N,08/2019,Analyst
43-5071.00,1.A.4.a.2,Far Vision,IM,2.88,8,0.125,2.63,3.12,N,,08/2019,Analyst
43-5071.00,1.A.4.a.2,Far Vision,LV,2.88,8,0.125,2.63,3.12,N,N,08/2019,Analyst
43-5071.00,1.A.4.a.3,Visual Color Discrimination,IM,2.75,8,0.1637,2.4292,3.0708,N,,08/2019,Analyst
43-5071.00,1.A.4.a.3,Visual Color Discrimination,LV,2.38,8,0.183,2.0164,2.7336,N,N,08/2019,Analyst
43-5071.00,1.A.4.a.4,Night Vision,IM,2.0,8,0.0,2.0,2.0,N,,08/2019,Analyst
43-5071.00,1.A.4.a.4,Night Vision,LV,1.0,8,0.0,1.0,1.0,N,N,08/2019,Analyst
43-5071.00,1.A.4.a.5,Peripheral Vision,IM,2.0,8,0.0,2.0,2.0,N,,08/2019,Analyst
43-5071.00,1.A.4.a.5,Peripheral Vision,LV,1.62,8,0.183,1.2664,1.9836,N,N,08/2019,Analyst
43-5071.00,1.A.4.a.6,Depth Perception,IM,2.25,8,0.1637,1.9292,2.5708,N,,08/2019,Analyst
43-5071.00,1.A.4.a.6,Depth Perception,LV,2.12,8,0.125,1.88,2.37,N,N,08/2019,Analyst
43-5071.00,1.A.4.a.7,Glare Sensitivity,IM,2.0,8,0.0,2.0,2.0,N,,08/2019,Analyst
43-5071.00,1.A.4.a.7,Glare Sensitivity,LV,1.0,8,0.0,1.0,1.0,N,N,08/2019,Analyst
43-5071.00,1.A.4.b.1,Hearing Sensitivity,IM,2.0,8,0.0,2.0,2.0,N,,08/2019,Analyst
43-5071.00,1.A.4.b.1,Hearing Sensitivity,LV,1.88,8,0.125,1.63,2.12,N,N,08/2019,Analyst
43-5071.00,1.A.4.b.2,Auditory Attention,IM,2.25,8,0.1637,1.9292,2.5708,N,,08/2019,Analyst
43-5071.00,1.A.4.b.2,Auditory Attention,LV,2.12,8,0.125,1.88,2.37,N,N,08/2019,Analyst
43-5071.00,1.A.4.b.3,Sound Localization,IM,2.0,8,0.0,2.0,2.0,N,,08/2019,Analyst
43-5071.00,1.A.4.b.3,Sound Localization,LV,1.0,8,0.0,1.0,1.0,N,N,08/2019,Analyst
43-5071.00,1.A.4.b.4,Speech Recognition,IM,3.0,8,0.0,3.0,3.0,N,,08/2019,Analyst
43-5071.00,1.A.4.b.4,Speech Recognition,LV,2.88,8,0.125,2.63,3.12,N,N,08/2019,Analyst
43-5071.00,1.A.4.b.5,Speech Clarity,IM,3.0,8,0.0,3.0,3.0,N,,08/2019,Analyst
43-5071.00,1.A.4.b.5,Speech Clarity,LV,3.0,8,0.0,3.0,3.0,N,N,08/2019,Analyst
43-5111.00,1.A.1.a.1,Oral Comprehension,IM,3.25,8,0.1637,2.9292,3.5708,N,,08/2018,Analyst
43-5111.00,1.A.1.a.1,Oral Comprehension,LV,3.5,8,0.189,3.1296,3.8704,N,N,08/2018,Analyst
43-5111.00,1.A.1.a.2,Written Comprehension,IM,3.38,8,0.183,3.0164,3.7336,N,,08/2018,Analyst
43-5111.00,1.A.1.a.2,Written Comprehension,LV,3.0,8,0.0,3.0,3.0,N,N,08/2018,Analyst
43-5111.00,1.A.1.a.3,Oral Expression,IM,3.25,8,0.1637,2.9292,3.5708,N,,08/2018,Analyst
43-5111.00,1.A.1.a.3,Oral Expression,LV,3.12,8,0.125,2.88,3.37,N,N,08/2018,Analyst
43-5111.00,1.A.1.a.4,Written Expression,IM,3.12,8,0.2266,2.6809,3.5691,N,,08/2018,Analyst
43-5111.00,1.A.1.a.4,Written Expression,LV,3.0,8,0.0,3.0,3.0,N,N,08/2018,Analyst
43-5111.00,1.A.1.b.1,Fluency of Ideas,IM,2.12,8,0.125,1.88,2.37,N,,08/2018,Analyst
43-5111.00,1.A.1.b.1,Fluency of Ideas,LV,2.12,8,0.125,1.88,2.37,N,N,08/2018,Analyst
43-5111.00,1.A.1.b.2,Originality,IM,2.25,8,0.1637,1.9292,2.5708,N,,08/2018,Analyst
43-5111.00,1.A.1.b.2,Originality,LV,2.12,8,0.125,1.88,2.37,N,N,08/2018,Analyst
43-5111.00,1.A.1.b.3,Problem Sensitivity,IM,3.38,8,0.183,3.0164,3.7336,N,,08/2018,Analyst
43-5111.00,1.A.1.b.3,Problem Sensitivity,LV,2.88,8,0.125,2.63,3.12,N,N,08/2018,Analyst
43-5111.00,1.A.1.b.4,Deductive Reasoning,IM,3.12,8,0.125,2.88,3.37,N,,08/2018,Analyst
43-5111.00,1.A.1.b.4,Deductive Reasoning,LV,3.12,8,0.125,2.88,3.37,N,N,08/2018,Analyst
43-5111.00,1.A.1.b.5,Inductive Reasoning,IM,3.0,8,0.189,2.6296,3.3704,N,,08/2018,Analyst
43-5111.00,1.A.1.b.5,Inductive Reasoning,LV,3.0,8,0.0,3.0,3.0,N,N,08/2018,Analyst
43-5111.00,1.A.1.b.6,Information Ordering,IM,3.25,8,0.1637,2.9292,3.5708,N,,08/2018,Analyst
43-5111.00,1.A.1.b.6,Information Ordering,LV,3.0,8,0.0,3.0,3.0,N,N,08/2018,Analyst
43-5111.00,1.A.1.b.7,Category Flexibility,IM,3.38,8,0.183,3.0164,3.7336,N,,08/2018,Analyst
43-5111.00,1.A.1.b.7,Category Flexibility,LV,3.25,8,0.1637,2.9292,3.5708,N,N,08/2018,Analyst
43-5111.00,1.A.1.c.1,Mathematical Reasoning,IM,3.0,8,0.189,2.6296,3.3704,N,,08/2018,Analyst
43-5111.00,1.A.1.c.1,Mathematical Reasoning,LV,2.62,8,0.183,2.2664,2.9836,N,N,08/2018,Analyst
43-5111.00,1.A.1.c.2,Number Facility,IM,3.0,8,0.189,2.6296,3.3704,N,,08/2018,Analyst
43-5111.00,1.A.1.c.2,Number Facility,LV,2.75,8,0.1637,2.4292,3.0708,N,N,08/2018,Analyst
43-5111.00,1.A.1.d.1,Memorization,IM,2.5,8,0.189,2.1296,2.8704,N,,08/2018,Analyst
43-5111.00,1.A.1.d.1,Memorization,LV,2.25,8,0.1637,1.9292,2.5708,N,N,08/2018,Analyst
43-5111.00,1.A.1.e.1,Speed of Closure,IM,2.25,8,0.1637,1.9292,2.5708,N,,08/2018,Analyst
43-5111.00,1.A.1.e.1,Speed of Closure,LV,2.25,8,0.1637,1.9292,2.5708,N,N,08/2018,Analyst
43-5111.00,1.A.1.e.2,Flexibility of Closure,IM,3.12,8,0.125,2.88,3.37,N,,08/2018,Analyst
43-5111.00,1.A.1.e.2,Flexibility of Closure,LV,3.12,8,0.125,2.88,3.37,N,N,08/2018,Analyst
43-5111.00,1.A.1.e.3,Perceptual Speed,IM,3.25,8,0.1637,2.9292,3.5708,N,,08/2018,Analyst
43-5111.00,1.A.1.e.3,Perceptual Speed,LV,3.12,8,0.125,2.88,3.37,N,N,08/2018,Analyst
43-5111.00,1.A.1.f.1,Spatial Orientation,IM,1.62,8,0.183,1.2664,1.9836,N,,08/2018,Analyst
43-5111.00,1.A.1.f.1,Spatial Orientation,LV,0.88,8,0.295,0.2967,1.4533,N,N,08/2018,Analyst
43-5111.00,1.A.1.f.2,Visualization,IM,2.5,8,0.189,2.1296,2.8704,N,,08/2018,Analyst
43-5111.00,1.A.1.f.2,Visualization,LV,2.5,8,0.189,2.1296,2.8704,N,N,08/2018,Analyst
43-5111.00,1.A.1.g.1,Selective Attention,IM,3.25,8,0.1637,2.9292,3.5708,N,,08/2018,Analyst
43-5111.00,1.A.1.g.1,Selective Attention,LV,3.12,8,0.125,2.88,3.37,N,N,08/2018,Analyst
43-5111.00,1.A.1.g.2,Time Sharing,IM,2.75,8,0.1637,2.4292,3.0708,N,,08/2018,Analyst
43-5111.00,1.A.1.g.2,Time Sharing,LV,2.25,8,0.1637,1.9292,2.5708,N,N,08/2018,Analyst
43-5111.00,1.A.2.a.1,Arm-Hand Steadiness,IM,2.88,8,0.125,2.63,3.12,N,,08/2018,Analyst
43-5111.00,1.A.2.a.1,Arm-Hand Steadiness,LV,2.62,8,0.2631,2.1094,3.1406,N,N,08/2018,Analyst
43-5111.00,1.A.2.a.2,Manual Dexterity,IM,2.75,8,0.1637,2.4292,3.0708,N,,08/2018,Analyst
43-5111.00,1.A.2.a.2,Manual Dexterity,LV,2.38,8,0.183,2.0164,2.7336,N,N,08/2018,Analyst
43-5111.00,1.A.2.a.3,Finger Dexterity,IM,3.0,8,0.0,3.0,3.0,N,,08/2018,Analyst
43-5111.00,1.A.2.a.3,Finger Dexterity,LV,2.88,8,0.125,2.63,3.12,N,N,08/2018,Analyst
43-5111.00,1.A.2.b.1,Control Precision,IM,2.62,8,0.183,2.2664,2.9836,N,,08/2018,Analyst
43-5111.00,1.A.2.b.1,Control Precision,LV,2.5,8,0.189,2.1296,2.8704,N,N,08/2018,Analyst
43-5111.00,1.A.2.b.2,Multilimb Coordination,IM,2.25,8,0.1637,1.9292,2.5708,N,,08/2018,Analyst
43-5111.00,1.A.2.b.2,Multilimb Coordination,LV,2.38,8,0.183,2.0164,2.7336,N,N,08/2018,Analyst
43-5111.00,1.A.2.b.3,Response Orientation,IM,1.62,8,0.183,1.2664,1.9836,N,,08/2018,Analyst
43-5111.00,1.A.2.b.3,Response Orientation,LV,0.88,8,0.295,0.2967,1.4533,N,N,08/2018,Analyst
43-5111.00,1.A.2.b.4,Rate Control,IM,1.88,8,0.3504,1.1883,2.5617,N,,08/2018,Analyst
43-5111.00,1.A.2.b.4,Rate Control,LV,1.12,8,0.4795,0.1852,2.0648,N,N,08/2018,Analyst
43-5111.00,1.A.2.c.1,Reaction Time,IM,2.38,8,0.183,2.0164,2.7336,N,,08/2018,Analyst
43-5111.00,1.A.2.c.1,Reaction Time,LV,2.38,8,0.183,2.0164,2.7336,N,N,08/2018,Analyst
43-5111.00,1.A.2.c.2,Wrist-Finger Speed,IM,1.5,8,0.189,1.1296,1.8704,N,,08/2018,Analyst
43-5111.00,1.A.2.c.2,Wrist-Finger Speed,LV,0.75,8,0.3134,0.1358,1.3642,N,N,08/2018,Analyst
43-5111.00,1.A.2.c.3,Speed of Limb Movement,IM,1.62,8,0.183,1.2664,1.9836,N,,08/2018,Analyst
43-5111.00,1.A.2.c.3,Speed of Limb Movement,LV,1.25,8,0.366,0.5327,1.9673,N,N,08/2018,Analyst
43-5111.00,1.A.3.a.1,Static Strength,IM,2.25,8,0.1637,1.9292,2.5708,N,,08/2018,Analyst
43-5111.00,1.A.3.a.1,Static Strength,LV,2.0,8,0.0,2.0,2.0,N,N,08/2018,Analyst
43-5111.00,1.A.3.a.2,Explosive Strength,IM,1.62,8,0.183,1.2664,1.9836,N,,08/2018,Analyst
43-5111.00,1.A.3.a.2,Explosive Strength,LV,1.0,8,0.3273,0.3584,1.6416,N,N,08/2018,Analyst
43-5111.00,1.A.3.a.3,Dynamic Strength,IM,2.0,8,0.0,2.0,2.0,N,,08/2018,Analyst
43-5111.00,1.A.3.a.3,Dynamic Strength,LV,1.88,8,0.125,1.63,2.12,N,N,08/2018,Analyst
43-5111.00,1.A.3.a.4,Trunk Strength,IM,2.38,8,0.183,2.0164,2.7336,N,,08/2018,Analyst
43-5111.00,1.A.3.a.4,Trunk Strength,LV,2.12,8,0.2266,1.6809,2.5691,N,N,08/2018,Analyst
43-5111.00,1.A.3.b.1,Stamina,IM,2.0,8,0.0,2.0,2.0,N,,08/2018,Analyst
43-5111.00,1.A.3.b.1,Stamina,LV,2.0,8,0.0,2.0,2.0,N,N,08/2018,Analyst
43-5111.00,1.A.3.c.1,Extent Flexibility,IM,2.38,8,0.183,2.0164,2.7336,N,,08/2018,Analyst
43-5111.00,1.A.3.c.1,Extent Flexibility,LV,2.38,8,0.183,2.0164,2.7336,N,N,08/2018,Analyst
43-5111.00,1.A.3.c.2,Dynamic Flexibility,IM,1.0,8,0.0,1.0,1.0,N,,08/2018,Analyst
43-5111.00,1.A.3.c.2,Dynamic Flexibility,LV,0.0,8,0.0,0.0,0.0,N,Y,08/2018,Analyst
43-5111.00,1.A.3.c.3,Gross Body Coordination,IM,2.0,8,0.0,2.0,2.0,N,,08/2018,Analyst
43-5111.00,1.A.3.c.3,Gross Body Coordination,LV,1.88,8,0.125,1.63,2.12,N,N,08/2018,Analyst
43-5111.00,1.A.3.c.4,Gross Body Equilibrium,IM,2.0,8,0.0,2.0,2.0,N,,08/2018,Analyst
43-5111.00,1.A.3.c.4,Gross Body Equilibrium,LV,1.62,8,0.183,1.2664,1.9836,N,N,08/2018,Analyst
43-5111.00,1.A.4.a.1,Near Vision,IM,4.0,8,0.0,4.0,4.0,N,,08/2018,Analyst
43-5111.00,1.A.4.a.1,Near Vision,LV,4.0,8,0.0,4.0,4.0,N,N,08/2018,Analyst
43-5111.00,1.A.4.a.2,Far Vision,IM,3.0,8,0.0,3.0,3.0,N,,08/2018,Analyst
43-5111.00,1.A.4.a.2,Far Vision,LV,3.0,8,0.0,3.0,3.0,N,N,08/2018,Analyst
43-5111.00,1.A.4.a.3,Visual Color Discrimination,IM,2.75,8,0.25,2.26,3.24,N,,08/2018,Analyst
43-5111.00,1.A.4.a.3,Visual Color Discrimination,LV,2.5,8,0.189,2.1296,2.8704,N,N,08/2018,Analyst
43-5111.00,1.A.4.a.4,Night Vision,IM,1.5,8,0.189,1.1296,1.8704,N,,08/2018,Analyst
43-5111.00,1.A.4.a.4,Night Vision,LV,0.75,8,0.3134,0.1358,1.3642,N,N,08/2018,Analyst
43-5111.00,1.A.4.a.5,Peripheral Vision,IM,1.62,8,0.183,1.2664,1.9836,N,,08/2018,Analyst
43-5111.00,1.A.4.a.5,Peripheral Vision,LV,0.88,8,0.295,0.2967,1.4533,N,N,08/2018,Analyst
43-5111.00,1.A.4.a.6,Depth Perception,IM,1.88,8,0.295,1.2967,2.4533,N,,08/2018,Analyst
43-5111.00,1.A.4.a.6,Depth Perception,LV,1.38,8,0.4605,0.4724,2.2776,N,N,08/2018,Analyst
43-5111.00,1.A.4.a.7,Glare Sensitivity,IM,1.5,8,0.189,1.1296,1.8704,N,,08/2018,Analyst
43-5111.00,1.A.4.a.7,Glare Sensitivity,LV,0.75,8,0.3134,0.1358,1.3642,N,N,08/2018,Analyst
43-5111.00,1.A.4.b.1,Hearing Sensitivity,IM,2.25,8,0.1637,1.9292,2.5708,N,,08/2018,Analyst
43-5111.00,1.A.4.b.1,Hearing Sensitivity,LV,2.12,8,0.125,1.88,2.37,N,N,08/2018,Analyst
43-5111.00,1.A.4.b.2,Auditory Attention,IM,2.5,8,0.189,2.1296,2.8704,N,,08/2018,Analyst
43-5111.00,1.A.4.b.2,Auditory Attention,LV,2.75,8,0.1637,2.4292,3.0708,N,N,08/2018,Analyst
43-5111.00,1.A.4.b.3,Sound Localization,IM,1.62,8,0.183,1.2664,1.9836,N,,08/2018,Analyst
43-5111.00,1.A.4.b.3,Sound Localization,LV,0.88,8,0.295,0.2967,1.4533,N,N,08/2018,Analyst
43-5111.00,1.A.4.b.4,Speech Recognition,IM,3.12,8,0.125,2.88,3.37,N,,08/2018,Analyst
43-5111.00,1.A.4.b.4,Speech Recognition,LV,3.12,8,0.125,2.88,3.37,N,N,08/2018,Analyst
43-5111.00,1.A.4.b.5,Speech Clarity,IM,3.0,8,0.0,3.0,3.0,N,,08/2018,Analyst
43-5111.00,1.A.4.b.5,Speech Clarity,LV,3.0,8,0.0,3.0,3.0,N,N,08/2018,Analyst
43-6011.00,1.A.1.a.1,Oral Comprehension,IM,4.0,8,0.0,4.0,4.0,N,,07/2017,Analyst
43-6011.00,1.A.1.a.1,Oral Comprehension,LV,4.0,8,0.0,4.0,4.0,N,N,07/2017,Analyst
43-6011.00,1.A.1.a.2,Written Comprehension,IM,4.0,8,0.0,4.0,4.0,N,,07/2017,Analyst
43-6011.00,1.A.1.a.2,Written Comprehension,LV,4.0,8,0.0,4.0,4.0,N,N,07/2017,Analyst
43-6011.00,1.A.1.a.3,Oral Expression,IM,4.0,8,0.0,4.0,4.0,N,,07/2017,Analyst
43-6011.00,1.A.1.a.3,Oral Expression,LV,4.0,8,0.0,4.0,4.0,N,N,07/2017,Analyst
43-6011.00,1.A.1.a.4,Written Expression,IM,4.0,8,0.0,4.0,4.0,N,,07/2017,Analyst
43-6011.00,1.A.1.a.4,Written Expression,LV,4.0,8,0.0,4.0,4.0,N,N,07/2017,Analyst
43-6011.00,1.A.1.b.1,Fluency of Ideas,IM,3.0,8,0.0,3.0,3.0,N,,07/2017,Analyst
43-6011.00,1.A.1.b.1,Fluency of Ideas,LV,3.0,8,0.0,3.0,3.0,N,N,07/2017,Analyst
43-6011.00,1.A.1.b.2,Originality,IM,3.0,8,0.0,3.0,3.0,N,,07/2017,Analyst
43-6011.00,1.A.1.b.2,Originality,LV,3.0,8,0.0,3.0,3.0,N,N,07/2017,Analyst
43-6011.00,1.A.1.b.3,Problem Sensitivity,IM,3.25,8,0.1637,2.9292,3.5708,N,,07/2017,Analyst
43-6011.00,1.A.1.b.3,Problem Sensitivity,LV,3.0,8,0.0,3.0,3.0,N,N,07/2017,Analyst
43-6011.00,1.A.1.b.4,Deductive Reasoning,IM,3.12,8,0.125,2.88,3.37,N,,07/2017,Analyst
43-6011.00,1.A.1.b.4,Deductive Reasoning,LV,3.12,8,0.125,2.88,3.37,N,N,07/2017,Analyst
43-6011.00,1.A.1.b.5,Inductive Reasoning,IM,3.0,8,0.0,3.0,3.0,N,,07/2017,Analyst
43-6011.00,1.A.1.b.5,Inductive Reasoning,LV,3.12,8,0.125,2.88,3.37,N,N,07/2017,Analyst
43-6011.00,1.A.1.b.6,Information Ordering,IM,3.38,8,0.183,3.0164,3.7336,N,,07/2017,Analyst
43-6011.00,1.A.1.b.6,Information Ordering,LV,3.12,8,0.125,2.88,3.37,N,N,07/2017,Analyst
43-6011.00,1.A.1.b.7,Category Flexibility,IM,3.12,8,0.125,2.88,3.37,N,,07/2017,Analyst
43-6011.00,1.A.1.b.7,Category Flexibility,LV,3.12,8,0.125,2.88,3.37,N,N,07/2017,Analyst
43-6011.00,1.A.1.c.1,Mathematical Reasoning,IM,2.88,8,0.125,2.63,3.12,N,,07/2017,Analyst
43-6011.00,1.A.1.c.1,Mathematical Reasoning,LV,2.62,8,0.183,2.2664,2.9836,N,N,07/2017,Analyst
43-6011.00,1.A.1.c.2,Number Facility,IM,2.62,8,0.183,2.2664,2.9836,N,,07/2017,Analyst
43-6011.00,1.A.1.c.2,Number Facility,LV,2.75,8,0.1637,2.4292,3.0708,N,N,07/2017,Analyst
43-6011.00,1.A.1.d.1,Memorization,IM,2.75,8,0.1637,2.4292,3.0708,N,,07/2017,Analyst
43-6011.00,1.A.1.d.1,Memorization,LV,2.75,8,0.1637,2.4292,3.0708,N,N,07/2017,Analyst
43-6011.00,1.A.1.e.1,Speed of Closure,IM,2.62,8,0.183,2.2664,2.9836,N,,07/2017,Analyst
43-6011.00,1.A.1.e.1,Speed of Closure,LV,2.5,8,0.189,2.1296,2.8704,N,N,07/2017,Analyst
43-6011.00,1.A.1.e.2,Flexibility of Closure,IM,3.0,8,0.0,3.0,3.0,N,,07/2017,Analyst
43-6011.00,1.A.1.e.2,Flexibility of Closure,LV,3.0,8,0.0,3.0,3.0,N,N,07/2017,Analyst
43-6011.00,1.A.1.e.3,Perceptual Speed,IM,3.12,8,0.125,2.88,3.37,N,,07/2017,Analyst
43-6011.00,1.A.1.e.3,Perceptual Speed,LV,2.75,8,0.1637,2.4292,3.0708,N,N,07/2017,Analyst
43-6011.00,1.A.1.f.1,Spatial Orientation,IM,1.0,8,0.0,1.0,1.0,N,,07/2017,Analyst
43-6011.00,1.A.1.f.1,Spatial Orientation,LV,0.0,8,0.0,0.0,0.0,N,Y,07/2017,Analyst
43-6011.00,1.A.1.f.2,Visualization,IM,2.25,8,0.1637,1.9292,2.5708,N,,07/2017,Analyst
43-6011.00,1.A.1.f.2,Visualization,LV,2.25,8,0.1637,1.9292,2.5708,N,N,07/2017,Analyst
43-6011.00,1.A.1.g.1,Selective Attention,IM,3.0,8,0.0,3.0,3.0,N,,07/2017,Analyst
43-6011.00,1.A.1.g.1,Selective Attention,LV,3.0,8,0.0,3.0,3.0,N,N,07/2017,Analyst
43-6011.00,1.A.1.g.2,Time Sharing,IM,2.88,8,0.125,2.63,3.12,N,,07/2017,Analyst
43-6011.00,1.A.1.g.2,Time Sharing,LV,2.88,8,0.125,2.63,3.12,N,N,07/2017,Analyst
43-6011.00,1.A.2.a.1,Arm-Hand Steadiness,IM,1.75,8,0.1637,1.4292,2.0708,N,,07/2017,Analyst
43-6011.00,1.A.2.a.1,Arm-Hand Steadiness,LV,0.88,8,0.2266,0.4309,1.3191,N,N,07/2017,Analyst
43-6011.00,1.A.2.a.2,Manual Dexterity,IM,1.88,8,0.125,1.63,2.12,N,,07/2017,Analyst
43-6011.00,1.A.2.a.2,Manual Dexterity,LV,1.0,8,0.189,0.6296,1.3704,N,N,07/2017,Analyst
43-6011.00,1.A.2.a.3,Finger Dexterity,IM,2.62,8,0.183,2.2664,2.9836,N,,07/2017,Analyst
43-6011.00,1.A.2.a.3,Finger Dexterity,LV,2.25,8,0.25,1.76,2.74,N,N,07/2017,Analyst
43-6011.00,1.A.2.b.1,Control Precision,IM,1.62,8,0.183,1.2664,1.9836,N,,07/2017,Analyst
43-6011.00,1.A.2.b.1,Control Precision,LV,0.75,8,0.25,0.26,1.24,N,N,07/2017,Analyst
43-6011.00,1.A.2.b.2,Multilimb Coordination,IM,1.62,8,0.183,1.2664,1.9836,N,,07/2017,Analyst
43-6011.00,1.A.2.b.2,Multilimb Coordination,LV,0.62,8,0.183,0.2664,0.9836,N,N,07/2017,Analyst
43-6011.00,1.A.2.b.3,Response Orientation,IM,1.25,8,0.1637,1.0,1.5708,N,,07/2017,Analyst
43-6011.00,1.A.2.b.3,Response Orientation,LV,0.25,8,0.1637,0.0,0.5708,N,Y,07/2017,Analyst
43-6011.00,1.A.2.b.4,Rate Control,IM,1.0,8,0.0,1.0,1.0,N,,07/2017,Analyst
43-6011.00,1.A.2.b.4,Rate Control,LV,0.0,8,0.0,0.0,0.0,N,Y,07/2017,Analyst
43-6011.00,1.A.2.c.1,Reaction Time,IM,1.0,8,0.0,1.0,1.0,N,,07/2017,Analyst
43-6011.00,1.A.2.c.1,Reaction Time,LV,0.0,8,0.0,0.0,0.0,N,Y,07/2017,Analyst
43-6011.00,1.A.2.c.2,Wrist-Finger Speed,IM,2.12,8,0.125,1.88,2.37,N,,07/2017,Analyst
43-6011.00,1.A.2.c.2,Wrist-Finger Speed,LV,1.88,8,0.2266,1.4309,2.3191,N,N,07/2017,Analyst
43-6011.00,1.A.2.c.3,Speed of Limb Movement,IM,1.0,8,0.0,1.0,1.0,N,,07/2017,Analyst
43-6011.00,1.A.2.c.3,Speed of Limb Movement,LV,0.0,8,0.0,0.0,0.0,N,Y,07/2017,Analyst
43-6011.00,1.A.3.a.1,Static Strength,IM,1.38,8,0.183,1.0164,1.7336,N,,07/2017,Analyst
43-6011.00,1.A.3.a.1,Static Strength,LV,0.38,8,0.183,0.0164,0.7336,N,N,07/2017,Analyst
43-6011.00,1.A.3.a.2,Explosive Strength,IM,1.25,8,0.1637,1.0,1.5708,N,,07/2017,Analyst
43-6011.00,1.A.3.a.2,Explosive Strength,LV,0.25,8,0.1637,0.0,0.5708,N,Y,07/2017,Analyst
43-6011.00,1.A.3.a.3,Dynamic Strength,IM,1.25,8,0.1637,1.0,1.5708,N,,07/2017,Analyst
43-6011.00,1.A.3.a.3,Dynamic Strength,LV,0.25,8,0.1637,0.0,0.5708,N,Y,07/2017,Analyst
43-6011.00,1.A.3.a.4,Trunk Strength,IM,1.5,8,0.189,1.1296,1.8704,N,,07/2017,Analyst
43-6011.00,1.A.3.a.4,Trunk Strength,LV,0.88,8,0.3504,0.1883,1.5617,N,N,07/2017,Analyst
43-6011.00,1.A.3.b.1,Stamina,IM,1.0,8,0.0,1.0,1.0,N,,07/2017,Analyst
43-6011.00,1.A.3.b.1,Stamina,LV,0.0,8,0.0,0.0,0.0,N,Y,07/2017,Analyst
43-6011.00,1.A.3.c.1,Extent Flexibility,IM,1.12,8,0.125,1.0,1.37,N,,07/2017,Analyst
43-6011.00,1.A.3.c.1,Extent Flexibility,LV,0.25,8,0.25,0.0,0.74,N,Y,07/2017,Analyst
43-6011.00,1.A.3.c.2,Dynamic Flexibility,IM,1.0,8,0.0,1.0,1.0,N,,07/2017,Analyst
43-6011.00,1.A.3.c.2,Dynamic Flexibility,LV,0.0,8,0.0,0.0,0.0,N,Y,07/2017,Analyst
43-6011.00,1.A.3.c.3,Gross Body Coordination,IM,1.0,8,0.0,1.0,1.0,N,,07/2017,Analyst
43-6011.00,1.A.3.c.3,Gross Body Coordination,LV,0.0,8,0.0,0.0,0.0,N,Y,07/2017,Analyst
43-6011.00,1.A.3.c.4,Gross Body Equilibrium,IM,1.0,8,0.0,1.0,1.0,N,,07/2017,Analyst
43-6011.00,1.A.3.c.4,Gross Body Equilibrium,LV,0.0,8,0.0,0.0,0.0,N,Y,07/2017,Analyst
43-6011.00,1.A.4.a.1,Near Vision,IM,3.88,8,0.125,3.63,4.12,N,,07/2017,Analyst
43-6011.00,1.A.4.a.1,Near Vision,LV,4.12,8,0.125,3.88,4.37,N,N,07/2017,Analyst
43-6011.00,1.A.4.a.2,Far Vision,IM,2.88,8,0.125,2.63,3.12,N,,07/2017,Analyst
43-6011.00,1.A.4.a.2,Far Vision,LV,3.12,8,0.125,2.88,3.37,N,N,07/2017,Analyst
43-6011.00,1.A.4.a.3,Visual Color Discrimination,IM,1.88,8,0.125,1.63,2.12,N,,07/2017,Analyst
43-6011.00,1.A.4.a.3,Visual Color Discrimination,LV,1.75,8,0.25,1.26,2.24,N,N,07/2017,Analyst
43-6011.00,1.A.4.a.4,Night Vision,IM,1.0,8,0.0,1.0,1.0,N,,07/2017,Analyst
43-6011.00,1.A.4.a.4,Night Vision,LV,0.0,8,0.0,0.0,0.0,N,Y,07/2017,Analyst
43-6011.00,1.A.4.a.5,Peripheral Vision,IM,1.0,8,0.0,1.0,1.0,N,,07/2017,Analyst
43-6011.00,1.A.4.a.5,Peripheral Vision,LV,0.0,8,0.0,0.0,0.0,N,Y,07/2017,Analyst
43-6011.00,1.A.4.a.6,Depth Perception,IM,1.25,8,0.1637,1.0,1.5708,N,,07/2017,Analyst
43-6011.00,1.A.4.a.6,Depth Perception,LV,0.25,8,0.1637,0.0,0.5708,N,Y,07/2017,Analyst
43-6011.00,1.A.4.a.7,Glare Sensitivity,IM,1.0,8,0.0,1.0,1.0,N,,07/2017,Analyst
43-6011.00,1.A.4.a.7,Glare Sensitivity,LV,0.0,8,0.0,0.0,0.0,N,Y,07/2017,Analyst
43-6011.00,1.A.4.b.1,Hearing Sensitivity,IM,1.88,8,0.2266,1.4309,2.3191,N,,07/2017,Analyst
43-6011.00,1.A.4.b.1,Hearing Sensitivity,LV,1.5,8,0.3273,0.8584,2.1416,N,N,07/2017,Analyst
43-6011.00,1.A.4.b.2,Auditory Attention,IM,2.25,8,0.1637,1.9292,2.5708,N,,07/2017,Analyst
43-6011.00,1.A.4.b.2,Auditory Attention,LV,2.12,8,0.125,1.88,2.37,N,N,07/2017,Analyst
43-6011.00,1.A.4.b.3,Sound Localization,IM,1.0,8,0.0,1.0,1.0,N,,07/2017,Analyst
43-6011.00,1.A.4.b.3,Sound Localization,LV,0.0,8,0.0,0.0,0.0,N,Y,07/2017,Analyst
43-6011.00,1.A.4.b.4,Speech Recognition,IM,4.0,8,0.0,4.0,4.0,N,,07/2017,Analyst
43-6011.00,1.A.4.b.4,Speech Recognition,LV,4.12,8,0.125,3.88,4.37,N,N,07/2017,Analyst
43-6011.00,1.A.4.b.5,Speech Clarity,IM,3.88,8,0.125,3.63,4.12,N,,07/2017,Analyst
43-6011.00,1.A.4.b.5,Speech Clarity,LV,3.88,8,0.125,3.63,4.12,N,N,07/2017,Analyst
43-6012.00,1.A.1.a.1,Oral Comprehension,IM,4.0,8,0.0,4.0,4.0,N,,08/2024,Analyst
43-6012.00,1.A.1.a.1,Oral Comprehension,LV,4.0,8,0.0,4.0,4.0,N,N,08/2024,Analyst
43-6012.00,1.A.1.a.2,Written Comprehension,IM,4.0,8,0.0,4.0,4.0,N,,08/2024,Analyst
43-6012.00,1.A.1.a.2,Written Comprehension,LV,4.0,8,0.0,4.0,4.0,N,N,08/2024,Analyst
43-6012.00,1.A.1.a.3,Oral Expression,IM,3.88,8,0.125,3.63,4.12,N,,08/2024,Analyst
43-6012.00,1.A.1.a.3,Oral Expression,LV,4.0,8,0.0,4.0,4.0,N,N,08/2024,Analyst
43-6012.00,1.A.1.a.4,Written Expression,IM,3.88,8,0.125,3.63,4.12,N,,08/2024,Analyst
43-6012.00,1.A.1.a.4,Written Expression,LV,4.0,8,0.0,4.0,4.0,N,N,08/2024,Analyst
43-6012.00,1.A.1.b.1,Fluency of Ideas,IM,2.75,8,0.1637,2.4292,3.0708,N,,08/2024,Analyst
43-6012.00,1.A.1.b.1,Fluency of Ideas,LV,2.88,8,0.125,2.63,3.12,N,N,08/2024,Analyst
43-6012.00,1.A.1.b.2,Originality,IM,2.62,8,0.183,2.2664,2.9836,N,,08/2024,Analyst
43-6012.00,1.A.1.b.2,Originality,LV,2.25,8,0.1637,1.9292,2.5708,N,N,08/2024,Analyst
43-6012.00,1.A.1.b.3,Problem Sensitivity,IM,3.0,8,0.0,3.0,3.0,N,,08/2024,Analyst
43-6012.00,1.A.1.b.3,Problem Sensitivity,LV,3.0,8,0.0,3.0,3.0,N,N,08/2024,Analyst
43-6012.00,1.A.1.b.4,Deductive Reasoning,IM,3.0,8,0.0,3.0,3.0,N,,08/2024,Analyst
43-6012.00,1.A.1.b.4,Deductive Reasoning,LV,3.0,8,0.0,3.0,3.0,N,N,08/2024,Analyst
43-6012.00,1.A.1.b.5,Inductive Reasoning,IM,2.88,8,0.125,2.63,3.12,N,,08/2024,Analyst
43-6012.00,1.A.1.b.5,Inductive Reasoning,LV,2.88,8,0.125,2.63,3.12,N,N,08/2024,Analyst
43-6012.00,1.A.1.b.6,Information Ordering,IM,3.12,8,0.125,2.88,3.37,N,,08/2024,Analyst
43-6012.00,1.A.1.b.6,Information Ordering,LV,3.0,8,0.0,3.0,3.0,N,N,08/2024,Analyst
43-6012.00,1.A.1.b.7,Category Flexibility,IM,3.0,8,0.0,3.0,3.0,N,,08/2024,Analyst
43-6012.00,1.A.1.b.7,Category Flexibility,LV,3.0,8,0.0,3.0,3.0,N,N,08/2024,Analyst
43-6012.00,1.A.1.c.1,Mathematical Reasoning,IM,2.12,8,0.125,1.88,2.37,N,,08/2024,Analyst
43-6012.00,1.A.1.c.1,Mathematical Reasoning,LV,2.0,8,0.189,1.6296,2.3704,N,N,08/2024,Analyst
43-6012.00,1.A.1.c.2,Number Facility,IM,2.12,8,0.125,1.88,2.37,N,,08/2024,Analyst
43-6012.00,1.A.1.c.2,Number Facility,LV,2.12,8,0.125,1.88,2.37,N,N,08/2024,Analyst
43-6012.00,1.A.1.d.1,Memorization,IM,2.12,8,0.125,1.88,2.37,N,,08/2024,Analyst
43-6012.00,1.A.1.d.1,Memorization,LV,1.88,8,0.125,1.63,2.12,N,N,08/2024,Analyst
43-6012.00,1.A.1.e.1,Speed of Closure,IM,2.12,8,0.125,1.88,2.37,N,,08/2024,Analyst
43-6012.00,1.A.1.e.1,Speed of Closure,LV,2.12,8,0.125,1.88,2.37,N,N,08/2024,Analyst
43-6012.00,1.A.1.e.2,Flexibility of Closure,IM,2.12,8,0.125,1.88,2.37,N,,08/2024,Analyst
43-6012.00,1.A.1.e.2,Flexibility of Closure,LV,2.0,8,0.0,2.0,2.0,N,N,08/2024,Analyst
43-6012.00,1.A.1.e.3,Perceptual Speed,IM,2.38,8,0.183,2.0164,2.7336,N,,08/2024,Analyst
43-6012.00,1.A.1.e.3,Perceptual Speed,LV,2.0,8,0.0,2.0,2.0,N,N,08/2024,Analyst
43-6012.00,1.A.1.f.1,Spatial Orientation,IM,1.0,8,0.0,1.0,1.0,N,,08/2024,Analyst
43-6012.00,1.A.1.f.1,Spatial Orientation,LV,0.0,8,0.0,0.0,0.0,N,Y,08/2024,Analyst
43-6012.00,1.A.1.f.2,Visualization,IM,2.25,8,0.1637,1.9292,2.5708,N,,08/2024,Analyst
43-6012.00,1.A.1.f.2,Visualization,LV,2.12,8,0.125,1.88,2.37,N,N,08/2024,Analyst
43-6012.00,1.A.1.g.1,Selective Attention,IM,3.12,8,0.125,2.88,3.37,N,,08/2024,Analyst
43-6012.00,1.A.1.g.1,Selective Attention,LV,2.38,8,0.183,2.0164,2.7336,N,N,08/2024,Analyst
43-6012.00,1.A.1.g.2,Time Sharing,IM,2.5,8,0.189,2.1296,2.8704,N,,08/2024,Analyst
43-6012.00,1.A.1.g.2,Time Sharing,LV,2.0,8,0.0,2.0,2.0,N,N,08/2024,Analyst
43-6012.00,1.A.2.a.1,Arm-Hand Steadiness,IM,2.0,8,0.0,2.0,2.0,N,,08/2024,Analyst
43-6012.00,1.A.2.a.1,Arm-Hand Steadiness,LV,1.25,8,0.1637,0.9292,1.5708,N,N,08/2024,Analyst
43-6012.00,1.A.2.a.2,Manual Dexterity,IM,2.0,8,0.0,2.0,2.0,N,,08/2024,Analyst
43-6012.00,1.A.2.a.2,Manual Dexterity,LV,1.12,8,0.125,0.88,1.37,N,N,08/2024,Analyst
43-6012.00,1.A.2.a.3,Finger Dexterity,IM,2.0,8,0.0,2.0,2.0,N,,08/2024,Analyst
43-6012.00,1.A.2.a.3,Finger Dexterity,LV,1.88,8,0.125,1.63,2.12,N,N,08/2024,Analyst
43-6012.00,1.A.2.b.1,Control Precision,IM,2.0,8,0.0,2.0,2.0,N,,08/2024,Analyst
43-6012.00,1.A.2.b.1,Control Precision,LV,1.0,8,0.0,1.0,1.0,N,N,08/2024,Analyst
43-6012.00,1.A.2.b.2,Multilimb Coordination,IM,1.0,8,0.0,1.0,1.0,N,,08/2024,Analyst
43-6012.00,1.A.2.b.2,Multilimb Coordination,LV,0.0,8,0.0,0.0,0.0,N,Y,08/2024,Analyst
43-6012.00,1.A.2.b.3,Response Orientation,IM,1.0,8,0.0,1.0,1.0,N,,08/2024,Analyst
43-6012.00,1.A.2.b.3,Response Orientation,LV,0.0,8,0.0,0.0,0.0,N,Y,08/2024,Analyst
43-6012.00,1.A.2.b.4,Rate Control,IM,1.0,8,0.0,1.0,1.0,N,,08/2024,Analyst
43-6012.00,1.A.2.b.4,Rate Control,LV,0.0,8,0.0,0.0,0.0,N,Y,08/2024,Analyst
43-6012.00,1.A.2.c.1,Reaction Time,IM,1.0,8,0.0,1.0,1.0,N,,08/2024,Analyst
43-6012.00,1.A.2.c.1,Reaction Time,LV,0.0,8,0.0,0.0,0.0,N,Y,08/2024,Analyst
43-6012.00,1.A.2.c.2,Wrist-Finger Speed,IM,2.12,8,0.125,1.88,2.37,N,,08/2024,Analyst
43-6012.00,1.A.2.c.2,Wrist-Finger Speed,LV,1.88,8,0.125,1.63,2.12,N,N,08/2024,Analyst
43-6012.00,1.A.2.c.3,Speed of Limb Movement,IM,1.0,8,0.0,1.0,1.0,N,,08/2024,Analyst
43-6012.00,1.A.2.c.3,Speed of Limb Movement,LV,0.0,8,0.0,0.0,0.0,N,Y,08/2024,Analyst
43-6012.00,1.A.3.a.1,Static Strength,IM,1.0,8,0.0,1.0,1.0,N,,08/2024,Analyst
43-6012.00,1.A.3.a.1,Static Strength,LV,0.0,8,0.0,0.0,0.0,N,Y,08/2024,Analyst
43-6012.00,1.A.3.a.2,Explosive Strength,IM,1.0,8,0.0,1.0,1.0,N,,08/2024,Analyst
43-6012.00,1.A.3.a.2,Explosive Strength,LV,0.0,8,0.0,0.0,0.0,N,Y,08/2024,Analyst
43-6012.00,1.A.3.a.3,Dynamic Strength,IM,1.38,8,0.183,1.0164,1.7336,N,,08/2024,Analyst
43-6012.00,1.A.3.a.3,Dynamic Strength,LV,0.38,8,0.183,0.0164,0.7336,N,N,08/2024,Analyst
43-6012.00,1.A.3.a.4,Trunk Strength,IM,2.0,8,0.0,2.0,2.0,N,,08/2024,Analyst
43-6012.00,1.A.3.a.4,Trunk Strength,LV,1.25,8,0.1637,0.9292,1.5708,N,N,08/2024,Analyst
43-6012.00,1.A.3.b.1,Stamina,IM,1.0,8,0.0,1.0,1.0,N,,08/2024,Analyst
43-6012.00,1.A.3.b.1,Stamina,LV,0.0,8,0.0,0.0,0.0,N,Y,08/2024,Analyst
43-6012.00,1.A.3.c.1,Extent Flexibility,IM,1.0,8,0.0,1.0,1.0,N,,08/2024,Analyst
43-6012.00,1.A.3.c.1,Extent Flexibility,LV,0.0,8,0.0,0.0,0.0,N,Y,08/2024,Analyst
43-6012.00,1.A.3.c.2,Dynamic Flexibility,IM,1.0,8,0.0,1.0,1.0,N,,08/2024,Analyst
43-6012.00,1.A.3.c.2,Dynamic Flexibility,LV,0.0,8,0.0,0.0,0.0,N,Y,08/2024,Analyst
43-6012.00,1.A.3.c.3,Gross Body Coordination,IM,1.0,8,0.0,1.0,1.0,N,,08/2024,Analyst
43-6012.00,1.A.3.c.3,Gross Body Coordination,LV,0.0,8,0.0,0.0,0.0,N,Y,08/2024,Analyst
43-6012.00,1.A.3.c.4,Gross Body Equilibrium,IM,1.0,8,0.0,1.0,1.0,N,,08/2024,Analyst
43-6012.00,1.A.3.c.4,Gross Body Equilibrium,LV,0.0,8,0.0,0.0,0.0,N,Y,08/2024,Analyst
43-6012.00,1.A.4.a.1,Near Vision,IM,4.0,8,0.0,4.0,4.0,N,,08/2024,Analyst
43-6012.00,1.A.4.a.1,Near Vision,LV,4.62,8,0.183,4.2664,4.9836,N,N,08/2024,Analyst
43-6012.00,1.A.4.a.2,Far Vision,IM,2.75,8,0.1637,2.4292,3.0708,N,,08/2024,Analyst
43-6012.00,1.A.4.a.2,Far Vision,LV,2.88,8,0.125,2.63,3.12,N,N,08/2024,Analyst
43-6012.00,1.A.4.a.3,Visual Color Discrimination,IM,2.0,8,0.0,2.0,2.0,N,,08/2024,Analyst
43-6012.00,1.A.4.a.3,Visual Color Discrimination,LV,1.5,8,0.189,1.1296,1.8704,N,N,08/2024,Analyst
43-6012.00,1.A.4.a.4,Night Vision,IM,1.0,8,0.0,1.0,1.0,N,,08/2024,Analyst
43-6012.00,1.A.4.a.4,Night Vision,LV,0.0,8,0.0,0.0,0.0,N,Y,08/2024,Analyst
43-6012.00,1.A.4.a.5,Peripheral Vision,IM,1.0,8,0.0,1.0,1.0,N,,08/2024,Analyst
43-6012.00,1.A.4.a.5,Peripheral Vision,LV,0.0,8,0.0,0.0,0.0,N,Y,08/2024,Analyst
43-6012.00,1.A.4.a.6,Depth Perception,IM,1.38,8,0.183,1.0164,1.7336,N,,08/2024,Analyst
43-6012.00,1.A.4.a.6,Depth Perception,LV,0.38,8,0.183,0.0164,0.7336,N,N,08/2024,Analyst
43-6012.00,1.A.4.a.7,Glare Sensitivity,IM,1.0,8,0.0,1.0,1.0,N,,08/2024,Analyst
43-6012.00,1.A.4.a.7,Glare Sensitivity,LV,0.0,8,0.0,0.0,0.0,N,Y,08/2024,Analyst
43-6012.00,1.A.4.b.1,Hearing Sensitivity,IM,2.0,8,0.0,2.0,2.0,N,,08/2024,Analyst
43-6012.00,1.A.4.b.1,Hearing Sensitivity,LV,1.5,8,0.189,1.1296,1.8704,N,N,08/2024,Analyst
43-6012.00,1.A.4.b.2,Auditory Attention,IM,2.25,8,0.1637,1.9292,2.5708,N,,08/2024,Analyst
43-6012.00,1.A.4.b.2,Auditory Attention,LV,1.62,8,0.183,1.2664,1.9836,N,N,08/2024,Analyst
43-6012.00,1.A.4.b.3,Sound Localization,IM,1.0,8,0.0,1.0,1.0,N,,08/2024,Analyst
43-6012.00,1.A.4.b.3,Sound Localization,LV,0.0,8,0.0,0.0,0.0,N,Y,08/2024,Analyst
43-6012.00,1.A.4.b.4,Speech Recognition,IM,3.75,8,0.1637,3.4292,4.0708,N,,08/2024,Analyst
43-6012.00,1.A.4.b.4,Speech Recognition,LV,3.62,8,0.183,3.2664,3.9836,N,N,08/2024,Analyst
43-6012.00,1.A.4.b.5,Speech Clarity,IM,3.75,8,0.1637,3.4292,4.0708,N,,08/2024,Analyst
43-6012.00,1.A.4.b.5,Speech Clarity,LV,3.12,8,0.125,2.88,3.37,N,N,08/2024,Analyst
43-6013.00,1.A.1.a.1,Oral Comprehension,IM,4.0,8,0.0,4.0,4.0,N,,08/2021,Analyst
43-6013.00,1.A.1.a.1,Oral Comprehension,LV,4.0,8,0.0,4.0,4.0,N,N,08/2021,Analyst
43-6013.00,1.A.1.a.2,Written Comprehension,IM,4.0,8,0.0,4.0,4.0,N,,08/2021,Analyst
43-6013.00,1.A.1.a.2,Written Comprehension,LV,3.5,8,0.189,3.1296,3.8704,N,N,08/2021,Analyst
43-6013.00,1.A.1.a.3,Oral Expression,IM,4.0,8,0.0,4.0,4.0,N,,08/2021,Analyst
43-6013.00,1.A.1.a.3,Oral Expression,LV,4.0,8,0.0,4.0,4.0,N,N,08/2021,Analyst
43-6013.00,1.A.1.a.4,Written Expression,IM,3.12,8,0.125,2.88,3.37,N,,08/2021,Analyst
43-6013.00,1.A.1.a.4,Written Expression,LV,3.0,8,0.0,3.0,3.0,N,N,08/2021,Analyst
43-6013.00,1.A.1.b.1,Fluency of Ideas,IM,2.12,8,0.125,1.88,2.37,N,,08/2021,Analyst
43-6013.00,1.A.1.b.1,Fluency of Ideas,LV,2.12,8,0.125,1.88,2.37,N,N,08/2021,Analyst
43-6013.00,1.A.1.b.2,Originality,IM,2.0,8,0.0,2.0,2.0,N,,08/2021,Analyst
43-6013.00,1.A.1.b.2,Originality,LV,2.0,8,0.0,2.0,2.0,N,N,08/2021,Analyst
43-6013.00,1.A.1.b.3,Problem Sensitivity,IM,3.0,8,0.0,3.0,3.0,N,,08/2021,Analyst
43-6013.00,1.A.1.b.3,Problem Sensitivity,LV,2.88,8,0.125,2.63,3.12,N,N,08/2021,Analyst
43-6013.00,1.A.1.b.4,Deductive Reasoning,IM,3.12,8,0.125,2.88,3.37,N,,08/2021,Analyst
43-6013.00,1.A.1.b.4,Deductive Reasoning,LV,3.0,8,0.0,3.0,3.0,N,N,08/2021,Analyst
43-6013.00,1.A.1.b.5,Inductive Reasoning,IM,3.12,8,0.125,2.88,3.37,N,,08/2021,Analyst
43-6013.00,1.A.1.b.5,Inductive Reasoning,LV,3.0,8,0.0,3.0,3.0,N,N,08/2021,Analyst
43-6013.00,1.A.1.b.6,Information Ordering,IM,3.12,8,0.125,2.88,3.37,N,,08/2021,Analyst
43-6013.00,1.A.1.b.6,Information Ordering,LV,2.88,8,0.125,2.63,3.12,N,N,08/2021,Analyst
43-6013.00,1.A.1.b.7,Category Flexibility,IM,3.0,8,0.0,3.0,3.0,N,,08/2021,Analyst
43-6013.00,1.A.1.b.7,Category Flexibility,LV,3.0,8,0.0,3.0,3.0,N,N,08/2021,Analyst
43-6013.00,1.A.1.c.1,Mathematical Reasoning,IM,2.12,8,0.125,1.88,2.37,N,,08/2021,Analyst
43-6013.00,1.A.1.c.1,Mathematical Reasoning,LV,2.0,8,0.0,2.0,2.0,N,N,08/2021,Analyst
43-6013.00,1.A.1.c.2,Number Facility,IM,2.12,8,0.125,1.88,2.37,N,,08/2021,Analyst
43-6013.00,1.A.1.c.2,Number Facility,LV,2.0,8,0.0,2.0,2.0,N,N,08/2021,Analyst
43-6013.00,1.A.1.d.1,Memorization,IM,2.12,8,0.125,1.88,2.37,N,,08/2021,Analyst
43-6013.00,1.A.1.d.1,Memorization,LV,2.0,8,0.0,2.0,2.0,N,N,08/2021,Analyst
43-6013.00,1.A.1.e.1,Speed of Closure,IM,1.88,8,0.125,1.63,2.12,N,,08/2021,Analyst
43-6013.00,1.A.1.e.1,Speed of Closure,LV,1.75,8,0.25,1.26,2.24,N,N,08/2021,Analyst
43-6013.00,1.A.1.e.2,Flexibility of Closure,IM,2.12,8,0.125,1.88,2.37,N,,08/2021,Analyst
43-6013.00,1.A.1.e.2,Flexibility of Closure,LV,2.0,8,0.0,2.0,2.0,N,N,08/2021,Analyst
43-6013.00,1.A.1.e.3,Perceptual Speed,IM,2.12,8,0.125,1.88,2.37,N,,08/2021,Analyst
43-6013.00,1.A.1.e.3,Perceptual Speed,LV,2.12,8,0.125,1.88,2.37,N,N,08/2021,Analyst
43-6013.00,1.A.1.f.1,Spatial Orientation,IM,1.0,8,0.0,1.0,1.0,N,,08/2021,Analyst
43-6013.00,1.A.1.f.1,Spatial Orientation,LV,0.0,8,0.0,0.0,0.0,N,Y,08/2021,Analyst
43-6013.00,1.A.1.f.2,Visualization,IM,2.0,8,0.0,2.0,2.0,N,,08/2021,Analyst
43-6013.00,1.A.1.f.2,Visualization,LV,2.0,8,0.0,2.0,2.0,N,N,08/2021,Analyst
43-6013.00,1.A.1.g.1,Selective Attention,IM,2.88,8,0.125,2.63,3.12,N,,08/2021,Analyst
43-6013.00,1.A.1.g.1,Selective Attention,LV,2.75,8,0.1637,2.4292,3.0708,N,N,08/2021,Analyst
43-6013.00,1.A.1.g.2,Time Sharing,IM,2.88,8,0.125,2.63,3.12,N,,08/2021,Analyst
43-6013.00,1.A.1.g.2,Time Sharing,LV,2.25,8,0.1637,1.9292,2.5708,N,N,08/2021,Analyst
43-6013.00,1.A.2.a.1,Arm-Hand Steadiness,IM,2.0,8,0.0,2.0,2.0,N,,08/2021,Analyst
43-6013.00,1.A.2.a.1,Arm-Hand Steadiness,LV,1.62,8,0.183,1.2664,1.9836,N,N,08/2021,Analyst
43-6013.00,1.A.2.a.2,Manual Dexterity,IM,2.0,8,0.0,2.0,2.0,N,,08/2021,Analyst
43-6013.00,1.A.2.a.2,Manual Dexterity,LV,1.38,8,0.183,1.0164,1.7336,N,N,08/2021,Analyst
43-6013.00,1.A.2.a.3,Finger Dexterity,IM,2.75,8,0.1637,2.4292,3.0708,N,,08/2021,Analyst
43-6013.00,1.A.2.a.3,Finger Dexterity,LV,2.75,8,0.1637,2.4292,3.0708,N,N,08/2021,Analyst
43-6013.00,1.A.2.b.1,Control Precision,IM,1.88,8,0.125,1.63,2.12,N,,08/2021,Analyst
43-6013.00,1.A.2.b.1,Control Precision,LV,1.25,8,0.25,0.76,1.74,N,N,08/2021,Analyst
43-6013.00,1.A.2.b.2,Multilimb Coordination,IM,1.0,8,0.0,1.0,1.0,N,,08/2021,Analyst
43-6013.00,1.A.2.b.2,Multilimb Coordination,LV,0.0,8,0.0,0.0,0.0,N,Y,08/2021,Analyst
43-6013.00,1.A.2.b.3,Response Orientation,IM,1.0,8,0.0,1.0,1.0,N,,08/2021,Analyst
43-6013.00,1.A.2.b.3,Response Orientation,LV,0.0,8,0.0,0.0,0.0,N,Y,08/2021,Analyst
43-6013.00,1.A.2.b.4,Rate Control,IM,1.0,8,0.0,1.0,1.0,N,,08/2021,Analyst
43-6013.00,1.A.2.b.4,Rate Control,LV,0.0,8,0.0,0.0,0.0,N,Y,08/2021,Analyst
43-6013.00,1.A.2.c.1,Reaction Time,IM,1.0,8,0.0,1.0,1.0,N,,08/2021,Analyst
43-6013.00,1.A.2.c.1,Reaction Time,LV,0.0,8,0.0,0.0,0.0,N,Y,08/2021,Analyst
43-6013.00,1.A.2.c.2,Wrist-Finger Speed,IM,1.5,8,0.189,1.1296,1.8704,N,,08/2021,Analyst
43-6013.00,1.A.2.c.2,Wrist-Finger Speed,LV,0.62,8,0.2631,0.1094,1.1406,N,N,08/2021,Analyst
43-6013.00,1.A.2.c.3,Speed of Limb Movement,IM,1.0,8,0.0,1.0,1.0,N,,08/2021,Analyst
43-6013.00,1.A.2.c.3,Speed of Limb Movement,LV,0.0,8,0.0,0.0,0.0,N,Y,08/2021,Analyst
43-6013.00,1.A.3.a.1,Static Strength,IM,1.0,8,0.0,1.0,1.0,N,,08/2021,Analyst
43-6013.00,1.A.3.a.1,Static Strength,LV,0.0,8,0.0,0.0,0.0,N,Y,08/2021,Analyst
43-6013.00,1.A.3.a.2,Explosive Strength,IM,1.0,8,0.0,1.0,1.0,N,,08/2021,Analyst
43-6013.00,1.A.3.a.2,Explosive Strength,LV,0.0,8,0.0,0.0,0.0,N,Y,08/2021,Analyst
43-6013.00,1.A.3.a.3,Dynamic Strength,IM,1.25,8,0.1637,1.0,1.5708,N,,08/2021,Analyst
43-6013.00,1.A.3.a.3,Dynamic Strength,LV,0.25,8,0.1637,0.0,0.5708,N,Y,08/2021,Analyst
43-6013.00,1.A.3.a.4,Trunk Strength,IM,1.5,8,0.189,1.1296,1.8704,N,,08/2021,Analyst
43-6013.00,1.A.3.a.4,Trunk Strength,LV,0.88,8,0.3504,0.1883,1.5617,N,N,08/2021,Analyst
43-6013.00,1.A.3.b.1,Stamina,IM,1.0,8,0.0,1.0,1.0,N,,08/2021,Analyst
43-6013.00,1.A.3.b.1,Stamina,LV,0.0,8,0.0,0.0,0.0,N,Y,08/2021,Analyst
43-6013.00,1.A.3.c.1,Extent Flexibility,IM,1.0,8,0.0,1.0,1.0,N,,08/2021,Analyst
43-6013.00,1.A.3.c.1,Extent Flexibility,LV,0.0,8,0.0,0.0,0.0,N,Y,08/2021,Analyst
43-6013.00,1.A.3.c.2,Dynamic Flexibility,IM,1.0,8,0.0,1.0,1.0,N,,08/2021,Analyst
43-6013.00,1.A.3.c.2,Dynamic Flexibility,LV,0.0,8,0.0,0.0,0.0,N,Y,08/2021,Analyst
43-6013.00,1.A.3.c.3,Gross Body Coordination,IM,1.0,8,0.0,1.0,1.0,N,,08/2021,Analyst
43-6013.00,1.A.3.c.3,Gross Body Coordination,LV,0.0,8,0.0,0.0,0.0,N,Y,08/2021,Analyst
43-6013.00,1.A.3.c.4,Gross Body Equilibrium,IM,1.0,8,0.0,1.0,1.0,N,,08/2021,Analyst
43-6013.00,1.A.3.c.4,Gross Body Equilibrium,LV,0.0,8,0.0,0.0,0.0,N,Y,08/2021,Analyst
43-6013.00,1.A.4.a.1,Near Vision,IM,3.38,8,0.183,3.0164,3.7336,N,,08/2021,Analyst
43-6013.00,1.A.4.a.1,Near Vision,LV,3.12,8,0.125,2.88,3.37,N,N,08/2021,Analyst
43-6013.00,1.A.4.a.2,Far Vision,IM,2.12,8,0.125,1.88,2.37,N,,08/2021,Analyst
43-6013.00,1.A.4.a.2,Far Vision,LV,2.12,8,0.125,1.88,2.37,N,N,08/2021,Analyst
43-6013.00,1.A.4.a.3,Visual Color Discrimination,IM,1.88,8,0.125,1.63,2.12,N,,08/2021,Analyst
43-6013.00,1.A.4.a.3,Visual Color Discrimination,LV,1.62,8,0.2631,1.1094,2.1406,N,N,08/2021,Analyst
43-6013.00,1.A.4.a.4,Night Vision,IM,1.0,8,0.0,1.0,1.0,N,,08/2021,Analyst
43-6013.00,1.A.4.a.4,Night Vision,LV,0.0,8,0.0,0.0,0.0,N,Y,08/2021,Analyst
43-6013.00,1.A.4.a.5,Peripheral Vision,IM,1.0,8,0.0,1.0,1.0,N,,08/2021,Analyst
43-6013.00,1.A.4.a.5,Peripheral Vision,LV,0.0,8,0.0,0.0,0.0,N,Y,08/2021,Analyst
43-6013.00,1.A.4.a.6,Depth Perception,IM,1.12,8,0.125,1.0,1.37,N,,08/2021,Analyst
43-6013.00,1.A.4.a.6,Depth Perception,LV,0.12,8,0.125,0.0,0.37,N,Y,08/2021,Analyst
43-6013.00,1.A.4.a.7,Glare Sensitivity,IM,1.0,8,0.0,1.0,1.0,N,,08/2021,Analyst
43-6013.00,1.A.4.a.7,Glare Sensitivity,LV,0.0,8,0.0,0.0,0.0,N,Y,08/2021,Analyst
43-6013.00,1.A.4.b.1,Hearing Sensitivity,IM,1.62,8,0.183,1.2664,1.9836,N,,08/2021,Analyst
43-6013.00,1.A.4.b.1,Hearing Sensitivity,LV,0.88,8,0.295,0.2967,1.4533,N,N,08/2021,Analyst
43-6013.00,1.A.4.b.2,Auditory Attention,IM,1.88,8,0.125,1.63,2.12,N,,08/2021,Analyst
43-6013.00,1.A.4.b.2,Auditory Attention,LV,1.38,8,0.2631,0.8594,1.8906,N,N,08/2021,Analyst
43-6013.00,1.A.4.b.3,Sound Localization,IM,1.0,8,0.0,1.0,1.0,N,,08/2021,Analyst
43-6013.00,1.A.4.b.3,Sound Localization,LV,0.0,8,0.0,0.0,0.0,N,Y,08/2021,Analyst
43-6013.00,1.A.4.b.4,Speech Recognition,IM,3.75,8,0.1637,3.4292,4.0708,N,,08/2021,Analyst
43-6013.00,1.A.4.b.4,Speech Recognition,LV,3.12,8,0.125,2.88,3.37,N,N,08/2021,Analyst
43-6013.00,1.A.4.b.5,Speech Clarity,IM,3.75,8,0.1637,3.4292,4.0708,N,,08/2021,Analyst
43-6013.00,1.A.4.b.5,Speech Clarity,LV,3.0,8,0.0,3.0,3.0,N,N,08/2021,Analyst
43-6014.00,1.A.1.a.1,Oral Comprehension,IM,4.0,8,0.0,4.0,4.0,N,,08/2019,Analyst
43-6014.00,1.A.1.a.1,Oral Comprehension,LV,4.0,8,0.0,4.0,4.0,N,N,08/2019,Analyst
43-6014.00,1.A.1.a.2,Written Comprehension,IM,4.0,8,0.0,4.0,4.0,N,,08/2019,Analyst
43-6014.00,1.A.1.a.2,Written Comprehension,LV,3.88,8,0.125,3.63,4.12,N,N,08/2019,Analyst
43-6014.00,1.A.1.a.3,Oral Expression,IM,4.0,8,0.0,4.0,4.0,N,,08/2019,Analyst
43-6014.00,1.A.1.a.3,Oral Expression,LV,4.0,8,0.0,4.0,4.0,N,N,08/2019,Analyst
43-6014.00,1.A.1.a.4,Written Expression,IM,4.0,8,0.0,4.0,4.0,N,,08/2019,Analyst
43-6014.00,1.A.1.a.4,Written Expression,LV,3.88,8,0.125,3.63,4.12,N,N,08/2019,Analyst
43-6014.00,1.A.1.b.1,Fluency of Ideas,IM,2.5,8,0.189,2.1296,2.8704,N,,08/2019,Analyst
43-6014.00,1.A.1.b.1,Fluency of Ideas,LV,2.0,8,0.0,2.0,2.0,N,N,08/2019,Analyst
43-6014.00,1.A.1.b.2,Originality,IM,2.0,8,0.0,2.0,2.0,N,,08/2019,Analyst
43-6014.00,1.A.1.b.2,Originality,LV,2.0,8,0.0,2.0,2.0,N,N,08/2019,Analyst
43-6014.00,1.A.1.b.3,Problem Sensitivity,IM,3.12,8,0.125,2.88,3.37,N,,08/2019,Analyst
43-6014.00,1.A.1.b.3,Problem Sensitivity,LV,3.0,8,0.0,3.0,3.0,N,N,08/2019,Analyst
43-6014.00,1.A.1.b.4,Deductive Reasoning,IM,3.0,8,0.0,3.0,3.0,N,,08/2019,Analyst
43-6014.00,1.A.1.b.4,Deductive Reasoning,LV,2.88,8,0.125,2.63,3.12,N,N,08/2019,Analyst
43-6014.00,1.A.1.b.5,Inductive Reasoning,IM,3.0,8,0.0,3.0,3.0,N,,08/2019,Analyst
43-6014.00,1.A.1.b.5,Inductive Reasoning,LV,2.88,8,0.125,2.63,3.12,N,N,08/2019,Analyst
43-6014.00,1.A.1.b.6,Information Ordering,IM,3.62,8,0.183,3.2664,3.9836,N,,08/2019,Analyst
43-6014.00,1.A.1.b.6,Information Ordering,LV,3.12,8,0.125,2.88,3.37,N,N,08/2019,Analyst
43-6014.00,1.A.1.b.7,Category Flexibility,IM,3.0,8,0.0,3.0,3.0,N,,08/2019,Analyst
43-6014.00,1.A.1.b.7,Category Flexibility,LV,3.0,8,0.0,3.0,3.0,N,N,08/2019,Analyst
43-6014.00,1.A.1.c.1,Mathematical Reasoning,IM,2.0,8,0.0,2.0,2.0,N,,08/2019,Analyst
43-6014.00,1.A.1.c.1,Mathematical Reasoning,LV,1.75,8,0.1637,1.4292,2.0708,N,N,08/2019,Analyst
43-6014.00,1.A.1.c.2,Number Facility,IM,2.12,8,0.125,1.88,2.37,N,,08/2019,Analyst
43-6014.00,1.A.1.c.2,Number Facility,LV,1.75,8,0.1637,1.4292,2.0708,N,N,08/2019,Analyst
43-6014.00,1.A.1.d.1,Memorization,IM,2.12,8,0.125,1.88,2.37,N,,08/2019,Analyst
43-6014.00,1.A.1.d.1,Memorization,LV,1.88,8,0.125,1.63,2.12,N,N,08/2019,Analyst
43-6014.00,1.A.1.e.1,Speed of Closure,IM,2.0,8,0.0,2.0,2.0,N,,08/2019,Analyst
43-6014.00,1.A.1.e.1,Speed of Closure,LV,2.0,8,0.0,2.0,2.0,N,N,08/2019,Analyst
43-6014.00,1.A.1.e.2,Flexibility of Closure,IM,2.0,8,0.0,2.0,2.0,N,,08/2019,Analyst
43-6014.00,1.A.1.e.2,Flexibility of Closure,LV,2.12,8,0.125,1.88,2.37,N,N,08/2019,Analyst
43-6014.00,1.A.1.e.3,Perceptual Speed,IM,2.25,8,0.1637,1.9292,2.5708,N,,08/2019,Analyst
43-6014.00,1.A.1.e.3,Perceptual Speed,LV,2.0,8,0.0,2.0,2.0,N,N,08/2019,Analyst
43-6014.00,1.A.1.f.1,Spatial Orientation,IM,1.0,8,0.0,1.0,1.0,N,,08/2019,Analyst
43-6014.00,1.A.1.f.1,Spatial Orientation,LV,0.0,8,0.0,0.0,0.0,N,Y,08/2019,Analyst
43-6014.00,1.A.1.f.2,Visualization,IM,2.12,8,0.125,1.88,2.37,N,,08/2019,Analyst
43-6014.00,1.A.1.f.2,Visualization,LV,2.0,8,0.0,2.0,2.0,N,N,08/2019,Analyst
43-6014.00,1.A.1.g.1,Selective Attention,IM,3.0,8,0.0,3.0,3.0,N,,08/2019,Analyst
43-6014.00,1.A.1.g.1,Selective Attention,LV,2.88,8,0.2266,2.4309,3.3191,N,N,08/2019,Analyst
43-6014.00,1.A.1.g.2,Time Sharing,IM,2.88,8,0.125,2.63,3.12,N,,08/2019,Analyst
43-6014.00,1.A.1.g.2,Time Sharing,LV,2.75,8,0.1637,2.4292,3.0708,N,N,08/2019,Analyst
43-6014.00,1.A.2.a.1,Arm-Hand Steadiness,IM,2.0,8,0.0,2.0,2.0,N,,08/2019,Analyst
43-6014.00,1.A.2.a.1,Arm-Hand Steadiness,LV,1.25,8,0.1637,0.9292,1.5708,N,N,08/2019,Analyst
43-6014.00,1.A.2.a.2,Manual Dexterity,IM,2.0,8,0.0,2.0,2.0,N,,08/2019,Analyst
43-6014.00,1.A.2.a.2,Manual Dexterity,LV,1.38,8,0.183,1.0164,1.7336,N,N,08/2019,Analyst
43-6014.00,1.A.2.a.3,Finger Dexterity,IM,2.12,8,0.125,1.88,2.37,N,,08/2019,Analyst
43-6014.00,1.A.2.a.3,Finger Dexterity,LV,1.62,8,0.183,1.2664,1.9836,N,N,08/2019,Analyst
43-6014.00,1.A.2.b.1,Control Precision,IM,1.88,8,0.125,1.63,2.12,N,,08/2019,Analyst
43-6014.00,1.A.2.b.1,Control Precision,LV,1.0,8,0.189,0.6296,1.3704,N,N,08/2019,Analyst
43-6014.00,1.A.2.b.2,Multilimb Coordination,IM,1.0,8,0.0,1.0,1.0,N,,08/2019,Analyst
43-6014.00,1.A.2.b.2,Multilimb Coordination,LV,0.0,8,0.0,0.0,0.0,N,Y,08/2019,Analyst
43-6014.00,1.A.2.b.3,Response Orientation,IM,1.0,8,0.0,1.0,1.0,N,,08/2019,Analyst
43-6014.00,1.A.2.b.3,Response Orientation,LV,0.0,8,0.0,0.0,0.0,N,Y,08/2019,Analyst
43-6014.00,1.A.2.b.4,Rate Control,IM,1.0,8,0.0,1.0,1.0,N,,08/2019,Analyst
43-6014.00,1.A.2.b.4,Rate Control,LV,0.0,8,0.0,0.0,0.0,N,Y,08/2019,Analyst
43-6014.00,1.A.2.c.1,Reaction Time,IM,1.0,8,0.0,1.0,1.0,N,,08/2019,Analyst
43-6014.00,1.A.2.c.1,Reaction Time,LV,0.0,8,0.0,0.0,0.0,N,Y,08/2019,Analyst
43-6014.00,1.A.2.c.2,Wrist-Finger Speed,IM,2.12,8,0.125,1.88,2.37,N,,08/2019,Analyst
43-6014.00,1.A.2.c.2,Wrist-Finger Speed,LV,2.0,8,0.0,2.0,2.0,N,N,08/2019,Analyst
43-6014.00,1.A.2.c.3,Speed of Limb Movement,IM,1.0,8,0.0,1.0,1.0,N,,08/2019,Analyst
43-6014.00,1.A.2.c.3,Speed of Limb Movement,LV,0.0,8,0.0,0.0,0.0,N,Y,08/2019,Analyst
43-6014.00,1.A.3.a.1,Static Strength,IM,1.0,8,0.0,1.0,1.0,N,,08/2019,Analyst
43-6014.00,1.A.3.a.1,Static Strength,LV,0.0,8,0.0,0.0,0.0,N,Y,08/2019,Analyst
43-6014.00,1.A.3.a.2,Explosive Strength,IM,1.0,8,0.0,1.0,1.0,N,,08/2019,Analyst
43-6014.00,1.A.3.a.2,Explosive Strength,LV,0.0,8,0.0,0.0,0.0,N,Y,08/2019,Analyst
43-6014.00,1.A.3.a.3,Dynamic Strength,IM,1.12,8,0.125,1.0,1.37,N,,08/2019,Analyst
43-6014.00,1.A.3.a.3,Dynamic Strength,LV,0.12,8,0.125,0.0,0.37,N,Y,08/2019,Analyst
43-6014.00,1.A.3.a.4,Trunk Strength,IM,1.75,8,0.25,1.26,2.24,N,,08/2019,Analyst
43-6014.00,1.A.3.a.4,Trunk Strength,LV,0.88,8,0.295,0.2967,1.4533,N,N,08/2019,Analyst
43-6014.00,1.A.3.b.1,Stamina,IM,1.0,8,0.0,1.0,1.0,N,,08/2019,Analyst
43-6014.00,1.A.3.b.1,Stamina,LV,0.0,8,0.0,0.0,0.0,N,Y,08/2019,Analyst
43-6014.00,1.A.3.c.1,Extent Flexibility,IM,1.0,8,0.0,1.0,1.0,N,,08/2019,Analyst
43-6014.00,1.A.3.c.1,Extent Flexibility,LV,0.0,8,0.0,0.0,0.0,N,Y,08/2019,Analyst
43-6014.00,1.A.3.c.2,Dynamic Flexibility,IM,1.0,8,0.0,1.0,1.0,N,,08/2019,Analyst
43-6014.00,1.A.3.c.2,Dynamic Flexibility,LV,0.0,8,0.0,0.0,0.0,N,Y,08/2019,Analyst
43-6014.00,1.A.3.c.3,Gross Body Coordination,IM,1.0,8,0.0,1.0,1.0,N,,08/2019,Analyst
43-6014.00,1.A.3.c.3,Gross Body Coordination,LV,0.0,8,0.0,0.0,0.0,N,Y,08/2019,Analyst
43-6014.00,1.A.3.c.4,Gross Body Equilibrium,IM,1.0,8,0.0,1.0,1.0,N,,08/2019,Analyst
43-6014.00,1.A.3.c.4,Gross Body Equilibrium,LV,0.0,8,0.0,0.0,0.0,N,Y,08/2019,Analyst
43-6014.00,1.A.4.a.1,Near Vision,IM,3.88,8,0.125,3.63,4.12,N,,08/2019,Analyst
43-6014.00,1.A.4.a.1,Near Vision,LV,3.88,8,0.125,3.63,4.12,N,N,08/2019,Analyst
43-6014.00,1.A.4.a.2,Far Vision,IM,2.25,8,0.1637,1.9292,2.5708,N,,08/2019,Analyst
43-6014.00,1.A.4.a.2,Far Vision,LV,2.12,8,0.125,1.88,2.37,N,N,08/2019,Analyst
43-6014.00,1.A.4.a.3,Visual Color Discrimination,IM,2.0,8,0.0,2.0,2.0,N,,08/2019,Analyst
43-6014.00,1.A.4.a.3,Visual Color Discrimination,LV,1.5,8,0.189,1.1296,1.8704,N,N,08/2019,Analyst
43-6014.00,1.A.4.a.4,Night Vision,IM,1.0,8,0.0,1.0,1.0,N,,08/2019,Analyst
43-6014.00,1.A.4.a.4,Night Vision,LV,0.0,8,0.0,0.0,0.0,N,Y,08/2019,Analyst
43-6014.00,1.A.4.a.5,Peripheral Vision,IM,1.0,8,0.0,1.0,1.0,N,,08/2019,Analyst
43-6014.00,1.A.4.a.5,Peripheral Vision,LV,0.0,8,0.0,0.0,0.0,N,Y,08/2019,Analyst
43-6014.00,1.A.4.a.6,Depth Perception,IM,1.0,8,0.0,1.0,1.0,N,,08/2019,Analyst
43-6014.00,1.A.4.a.6,Depth Perception,LV,0.0,8,0.0,0.0,0.0,N,Y,08/2019,Analyst
43-6014.00,1.A.4.a.7,Glare Sensitivity,IM,1.0,8,0.0,1.0,1.0,N,,08/2019,Analyst
43-6014.00,1.A.4.a.7,Glare Sensitivity,LV,0.0,8,0.0,0.0,0.0,N,Y,08/2019,Analyst
43-6014.00,1.A.4.b.1,Hearing Sensitivity,IM,1.88,8,0.125,1.63,2.12,N,,08/2019,Analyst
43-6014.00,1.A.4.b.1,Hearing Sensitivity,LV,1.12,8,0.2266,0.6809,1.5691,N,N,08/2019,Analyst
43-6014.00,1.A.4.b.2,Auditory Attention,IM,1.88,8,0.125,1.63,2.12,N,,08/2019,Analyst
43-6014.00,1.A.4.b.2,Auditory Attention,LV,1.38,8,0.2631,0.8594,1.8906,N,N,08/2019,Analyst
43-6014.00,1.A.4.b.3,Sound Localization,IM,1.0,8,0.0,1.0,1.0,N,,08/2019,Analyst
43-6014.00,1.A.4.b.3,Sound Localization,LV,0.0,8,0.0,0.0,0.0,N,Y,08/2019,Analyst
43-6014.00,1.A.4.b.4,Speech Recognition,IM,3.75,8,0.1637,3.4292,4.0708,N,,08/2019,Analyst
43-6014.00,1.A.4.b.4,Speech Recognition,LV,3.75,8,0.1637,3.4292,4.0708,N,N,08/2019,Analyst
43-6014.00,1.A.4.b.5,Speech Clarity,IM,3.75,8,0.1637,3.4292,4.0708,N,,08/2019,Analyst
43-6014.00,1.A.4.b.5,Speech Clarity,LV,3.25,8,0.1637,2.9292,3.5708,N,N,08/2019,Analyst
43-9021.00,1.A.1.a.1,Oral Comprehension,IM,3.5,8,0.189,3.1296,3.8704,N,,08/2018,Analyst
43-9021.00,1.A.1.a.1,Oral Comprehension,LV,3.12,8,0.125,2.88,3.37,N,N,08/2018,Analyst
43-9021.00,1.A.1.a.2,Written Comprehension,IM,3.88,8,0.125,3.63,4.12,N,,08/2018,Analyst
43-9021.00,1.A.1.a.2,Written Comprehension,LV,3.0,8,0.0,3.0,3.0,N,N,08/2018,Analyst
43-9021.00,1.A.1.a.3,Oral Expression,IM,3.0,8,0.0,3.0,3.0,N,,08/2018,Analyst
43-9021.00,1.A.1.a.3,Oral Expression,LV,3.0,8,0.0,3.0,3.0,N,N,08/2018,Analyst
43-9021.00,1.A.1.a.4,Written Expression,IM,3.12,8,0.125,2.88,3.37,N,,08/2018,Analyst
43-9021.00,1.A.1.a.4,Written Expression,LV,2.88,8,0.125,2.63,3.12,N,N,08/2018,Analyst
43-9021.00,1.A.1.b.1,Fluency of Ideas,IM,2.12,8,0.125,1.88,2.37,N,,08/2018,Analyst
43-9021.00,1.A.1.b.1,Fluency of Ideas,LV,2.38,8,0.183,2.0164,2.7336,N,N,08/2018,Analyst
43-9021.00,1.A.1.b.2,Originality,IM,2.0,8,0.0,2.0,2.0,N,,08/2018,Analyst
43-9021.00,1.A.1.b.2,Originality,LV,2.0,8,0.0,2.0,2.0,N,N,08/2018,Analyst
43-9021.00,1.A.1.b.3,Problem Sensitivity,IM,2.88,8,0.125,2.63,3.12,N,,08/2018,Analyst
43-9021.00,1.A.1.b.3,Problem Sensitivity,LV,2.88,8,0.125,2.63,3.12,N,N,08/2018,Analyst
43-9021.00,1.A.1.b.4,Deductive Reasoning,IM,2.88,8,0.2266,2.4309,3.3191,N,,08/2018,Analyst
43-9021.00,1.A.1.b.4,Deductive Reasoning,LV,2.75,8,0.1637,2.4292,3.0708,N,N,08/2018,Analyst
43-9021.00,1.A.1.b.5,Inductive Reasoning,IM,3.0,8,0.189,2.6296,3.3704,N,,08/2018,Analyst
43-9021.00,1.A.1.b.5,Inductive Reasoning,LV,2.88,8,0.125,2.63,3.12,N,N,08/2018,Analyst
43-9021.00,1.A.1.b.6,Information Ordering,IM,3.5,8,0.189,3.1296,3.8704,N,,08/2018,Analyst
43-9021.00,1.A.1.b.6,Information Ordering,LV,3.0,8,0.0,3.0,3.0,N,N,08/2018,Analyst
43-9021.00,1.A.1.b.7,Category Flexibility,IM,3.12,8,0.125,2.88,3.37,N,,08/2018,Analyst
43-9021.00,1.A.1.b.7,Category Flexibility,LV,3.0,8,0.0,3.0,3.0,N,N,08/2018,Analyst
43-9021.00,1.A.1.c.1,Mathematical Reasoning,IM,2.38,8,0.183,2.0164,2.7336,N,,08/2018,Analyst
43-9021.00,1.A.1.c.1,Mathematical Reasoning,LV,2.0,8,0.0,2.0,2.0,N,N,08/2018,Analyst
43-9021.00,1.A.1.c.2,Number Facility,IM,2.12,8,0.125,1.88,2.37,N,,08/2018,Analyst
43-9021.00,1.A.1.c.2,Number Facility,LV,2.0,8,0.0,2.0,2.0,N,N,08/2018,Analyst
43-9021.00,1.A.1.d.1,Memorization,IM,2.38,8,0.183,2.0164,2.7336,N,,08/2018,Analyst
43-9021.00,1.A.1.d.1,Memorization,LV,1.88,8,0.125,1.63,2.12,N,N,08/2018,Analyst
43-9021.00,1.A.1.e.1,Speed of Closure,IM,2.5,8,0.189,2.1296,2.8704,N,,08/2018,Analyst
43-9021.00,1.A.1.e.1,Speed of Closure,LV,2.38,8,0.2631,1.8594,2.8906,N,N,08/2018,Analyst
43-9021.00,1.A.1.e.2,Flexibility of Closure,IM,2.75,8,0.1637,2.4292,3.0708,N,,08/2018,Analyst
43-9021.00,1.A.1.e.2,Flexibility of Closure,LV,2.75,8,0.1637,2.4292,3.0708,N,N,08/2018,Analyst
43-9021.00,1.A.1.e.3,Perceptual Speed,IM,3.5,8,0.2673,2.9762,4.0238,N,,08/2018,Analyst
43-9021.00,1.A.1.e.3,Perceptual Speed,LV,2.75,8,0.1637,2.4292,3.0708,N,N,08/2018,Analyst
43-9021.00,1.A.1.f.1,Spatial Orientation,IM,1.0,8,0.0,1.0,1.0,N,,08/2018,Analyst
43-9021.00,1.A.1.f.1,Spatial Orientation,LV,0.0,8,0.0,0.0,0.0,N,Y,08/2018,Analyst
43-9021.00,1.A.1.f.2,Visualization,IM,2.38,8,0.183,2.0164,2.7336,N,,08/2018,Analyst
43-9021.00,1.A.1.f.2,Visualization,LV,2.0,8,0.0,2.0,2.0,N,N,08/2018,Analyst
43-9021.00,1.A.1.g.1,Selective Attention,IM,3.38,8,0.183,3.0164,3.7336,N,,08/2018,Analyst
43-9021.00,1.A.1.g.1,Selective Attention,LV,2.88,8,0.125,2.63,3.12,N,N,08/2018,Analyst
43-9021.00,1.A.1.g.2,Time Sharing,IM,2.75,8,0.1637,2.4292,3.0708,N,,08/2018,Analyst
43-9021.00,1.A.1.g.2,Time Sharing,LV,2.0,8,0.0,2.0,2.0,N,N,08/2018,Analyst
43-9021.00,1.A.2.a.1,Arm-Hand Steadiness,IM,2.0,8,0.0,2.0,2.0,N,,08/2018,Analyst
43-9021.00,1.A.2.a.1,Arm-Hand Steadiness,LV,2.0,8,0.189,1.6296,2.3704,N,N,08/2018,Analyst
43-9021.00,1.A.2.a.2,Manual Dexterity,IM,2.0,8,0.0,2.0,2.0,N,,08/2018,Analyst
43-9021.00,1.A.2.a.2,Manual Dexterity,LV,1.75,8,0.1637,1.4292,2.0708,N,N,08/2018,Analyst
43-9021.00,1.A.2.a.3,Finger Dexterity,IM,3.75,8,0.25,3.26,4.24,N,,08/2018,Analyst
43-9021.00,1.A.2.a.3,Finger Dexterity,LV,3.0,8,0.3273,2.3584,3.6416,N,N,08/2018,Analyst
43-9021.00,1.A.2.b.1,Control Precision,IM,2.0,8,0.0,2.0,2.0,N,,08/2018,Analyst
43-9021.00,1.A.2.b.1,Control Precision,LV,1.88,8,0.125,1.63,2.12,N,N,08/2018,Analyst
43-9021.00,1.A.2.b.2,Multilimb Coordination,IM,1.62,8,0.183,1.2664,1.9836,N,,08/2018,Analyst
43-9021.00,1.A.2.b.2,Multilimb Coordination,LV,0.62,8,0.183,0.2664,0.9836,N,N,08/2018,Analyst
43-9021.00,1.A.2.b.3,Response Orientation,IM,1.0,8,0.0,1.0,1.0,N,,08/2018,Analyst
43-9021.00,1.A.2.b.3,Response Orientation,LV,0.0,8,0.0,0.0,0.0,N,Y,08/2018,Analyst
43-9021.00,1.A.2.b.4,Rate Control,IM,1.62,8,0.183,1.2664,1.9836,N,,08/2018,Analyst
43-9021.00,1.A.2.b.4,Rate Control,LV,1.0,8,0.3273,0.3584,1.6416,N,N,08/2018,Analyst
43-9021.00,1.A.2.c.1,Reaction Time,IM,1.38,8,0.183,1.0164,1.7336,N,,08/2018,Analyst
43-9021.00,1.A.2.c.1,Reaction Time,LV,0.75,8,0.366,0.0327,1.4673,N,N,08/2018,Analyst
43-9021.00,1.A.2.c.2,Wrist-Finger Speed,IM,3.12,8,0.2266,2.6809,3.5691,N,,08/2018,Analyst
43-9021.00,1.A.2.c.2,Wrist-Finger Speed,LV,3.62,8,0.2631,3.1094,4.1406,N,N,08/2018,Analyst
43-9021.00,1.A.2.c.3,Speed of Limb Movement,IM,1.0,8,0.0,1.0,1.0,N,,08/2018,Analyst
43-9021.00,1.A.2.c.3,Speed of Limb Movement,LV,0.0,8,0.0,0.0,0.0,N,Y,08/2018,Analyst
43-9021.00,1.A.3.a.1,Static Strength,IM,1.62,8,0.183,1.2664,1.9836,N,,08/2018,Analyst
43-9021.00,1.A.3.a.1,Static Strength,LV,0.75,8,0.25,0.26,1.24,N,N,08/2018,Analyst
43-9021.00,1.A.3.a.2,Explosive Strength,IM,1.62,8,0.183,1.2664,1.9836,N,,08/2018,Analyst
43-9021.00,1.A.3.a.2,Explosive Strength,LV,0.75,8,0.25,0.26,1.24,N,N,08/2018,Analyst
43-9021.00,1.A.3.a.3,Dynamic Strength,IM,1.62,8,0.183,1.2664,1.9836,N,,08/2018,Analyst
43-9021.00,1.A.3.a.3,Dynamic Strength,LV,0.88,8,0.295,0.2967,1.4533,N,N,08/2018,Analyst
43-9021.00,1.A.3.a.4,Trunk Strength,IM,2.0,8,0.0,2.0,2.0,N,,08/2018,Analyst
43-9021.00,1.A.3.a.4,Trunk Strength,LV,1.75,8,0.1637,1.4292,2.0708,N,N,08/2018,Analyst
43-9021.00,1.A.3.b.1,Stamina,IM,1.5,8,0.189,1.1296,1.8704,N,,08/2018,Analyst
43-9021.00,1.A.3.b.1,Stamina,LV,0.62,8,0.2631,0.1094,1.1406,N,N,08/2018,Analyst
43-9021.00,1.A.3.c.1,Extent Flexibility,IM,1.88,8,0.125,1.63,2.12,N,,08/2018,Analyst
43-9021.00,1.A.3.c.1,Extent Flexibility,LV,1.5,8,0.2673,0.9762,2.0238,N,N,08/2018,Analyst
43-9021.00,1.A.3.c.2,Dynamic Flexibility,IM,1.0,8,0.0,1.0,1.0,N,,08/2018,Analyst
43-9021.00,1.A.3.c.2,Dynamic Flexibility,LV,0.0,8,0.0,0.0,0.0,N,Y,08/2018,Analyst
43-9021.00,1.A.3.c.3,Gross Body Coordination,IM,1.38,8,0.183,1.0164,1.7336,N,,08/2018,Analyst
43-9021.00,1.A.3.c.3,Gross Body Coordination,LV,0.5,8,0.2673,0.0,1.0238,N,N,08/2018,Analyst
43-9021.00,1.A.3.c.4,Gross Body Equilibrium,IM,1.5,8,0.189,1.1296,1.8704,N,,08/2018,Analyst
43-9021.00,1.A.3.c.4,Gross Body Equilibrium,LV,0.62,8,0.2631,0.1094,1.1406,N,N,08/2018,Analyst
43-9021.00,1.A.4.a.1,Near Vision,IM,3.88,8,0.125,3.63,4.12,N,,08/2018,Analyst
43-9021.00,1.A.4.a.1,Near Vision,LV,3.88,8,0.125,3.63,4.12,N,N,08/2018,Analyst
43-9021.00,1.A.4.a.2,Far Vision,IM,2.75,8,0.1637,2.4292,3.0708,N,,08/2018,Analyst
43-9021.00,1.A.4.a.2,Far Vision,LV,2.75,8,0.1637,2.4292,3.0708,N,N,08/2018,Analyst
43-9021.00,1.A.4.a.3,Visual Color Discrimination,IM,2.0,8,0.0,2.0,2.0,N,,08/2018,Analyst
43-9021.00,1.A.4.a.3,Visual Color Discrimination,LV,1.62,8,0.183,1.2664,1.9836,N,N,08/2018,Analyst
43-9021.00,1.A.4.a.4,Night Vision,IM,1.0,8,0.0,1.0,1.0,N,,08/2018,Analyst
43-9021.00,1.A.4.a.4,Night Vision,LV,0.0,8,0.0,0.0,0.0,N,Y,08/2018,Analyst
43-9021.00,1.A.4.a.5,Peripheral Vision,IM,1.0,8,0.0,1.0,1.0,N,,08/2018,Analyst
43-9021.00,1.A.4.a.5,Peripheral Vision,LV,0.0,8,0.0,0.0,0.0,N,Y,08/2018,Analyst
43-9021.00,1.A.4.a.6,Depth Perception,IM,1.88,8,0.125,1.63,2.12,N,,08/2018,Analyst
43-9021.00,1.A.4.a.6,Depth Perception,LV,1.12,8,0.2266,0.6809,1.5691,N,N,08/2018,Analyst
43-9021.00,1.A.4.a.7,Glare Sensitivity,IM,1.0,8,0.0,1.0,1.0,N,,08/2018,Analyst
43-9021.00,1.A.4.a.7,Glare Sensitivity,LV,0.0,8,0.0,0.0,0.0,N,Y,08/2018,Analyst
43-9021.00,1.A.4.b.1,Hearing Sensitivity,IM,2.0,8,0.0,2.0,2.0,N,,08/2018,Analyst
43-9021.00,1.A.4.b.1,Hearing Sensitivity,LV,1.75,8,0.1637,1.4292,2.0708,N,N,08/2018,Analyst
43-9021.00,1.A.4.b.2,Auditory Attention,IM,2.12,8,0.125,1.88,2.37,N,,08/2018,Analyst
43-9021.00,1.A.4.b.2,Auditory Attention,LV,2.12,8,0.2266,1.6809,2.5691,N,N,08/2018,Analyst
43-9021.00,1.A.4.b.3,Sound Localization,IM,1.0,8,0.0,1.0,1.0,N,,08/2018,Analyst
43-9021.00,1.A.4.b.3,Sound Localization,LV,0.0,8,0.0,0.0,0.0,N,Y,08/2018,Analyst
43-9021.00,1.A.4.b.4,Speech Recognition,IM,3.5,8,0.189,3.1296,3.8704,N,,08/2018,Analyst
43-9021.00,1.A.4.b.4,Speech Recognition,LV,3.38,8,0.183,3.0164,3.7336,N,N,08/2018,Analyst
43-9021.00,1.A.4.b.5,Speech Clarity,IM,3.25,8,0.1637,2.9292,3.5708,N,,08/2018,Analyst
43-9021.00,1.A.4.b.5,Speech Clarity,LV,3.0,8,0.0,3.0,3.0,N,N,08/2018,Analyst
43-9022.00,1.A.1.a.1,Oral Comprehension,IM,3.38,8,0.183,3.0164,3.7336,N,,07/2017,Analyst
43-9022.00,1.A.1.a.1,Oral Comprehension,LV,3.5,8,0.189,3.1296,3.8704,N,N,07/2017,Analyst
43-9022.00,1.A.1.a.2,Written Comprehension,IM,3.75,8,0.1637,3.4292,4.0708,N,,07/2017,Analyst
43-9022.00,1.A.1.a.2,Written Comprehension,LV,3.62,8,0.183,3.2664,3.9836,N,N,07/2017,Analyst
43-9022.00,1.A.1.a.3,Oral Expression,IM,3.12,8,0.125,2.88,3.37,N,,07/2017,Analyst
43-9022.00,1.A.1.a.3,Oral Expression,LV,3.12,8,0.125,2.88,3.37,N,N,07/2017,Analyst
43-9022.00,1.A.1.a.4,Written Expression,IM,3.25,8,0.1637,2.9292,3.5708,N,,07/2017,Analyst
43-9022.00,1.A.1.a.4,Written Expression,LV,3.25,8,0.1637,2.9292,3.5708,N,N,07/2017,Analyst
43-9022.00,1.A.1.b.1,Fluency of Ideas,IM,2.0,8,0.0,2.0,2.0,N,,07/2017,Analyst
43-9022.00,1.A.1.b.1,Fluency of Ideas,LV,1.88,8,0.125,1.63,2.12,N,N,07/2017,Analyst
43-9022.00,1.A.1.b.2,Originality,IM,1.88,8,0.125,1.63,2.12,N,,07/2017,Analyst
43-9022.00,1.A.1.b.2,Originality,LV,1.75,8,0.25,1.26,2.24,N,N,07/2017,Analyst
43-9022.00,1.A.1.b.3,Problem Sensitivity,IM,2.88,8,0.125,2.63,3.12,N,,07/2017,Analyst
43-9022.00,1.A.1.b.3,Problem Sensitivity,LV,2.75,8,0.1637,2.4292,3.0708,N,N,07/2017,Analyst
43-9022.00,1.A.1.b.4,Deductive Reasoning,IM,3.0,8,0.0,3.0,3.0,N,,07/2017,Analyst
43-9022.00,1.A.1.b.4,Deductive Reasoning,LV,2.88,8,0.125,2.63,3.12,N,N,07/2017,Analyst
43-9022.00,1.A.1.b.5,Inductive Reasoning,IM,2.62,8,0.183,2.2664,2.9836,N,,07/2017,Analyst
43-9022.00,1.A.1.b.5,Inductive Reasoning,LV,2.62,8,0.183,2.2664,2.9836,N,N,07/2017,Analyst
43-9022.00,1.A.1.b.6,Information Ordering,IM,3.12,8,0.125,2.88,3.37,N,,07/2017,Analyst
43-9022.00,1.A.1.b.6,Information Ordering,LV,3.0,8,0.0,3.0,3.0,N,N,07/2017,Analyst
43-9022.00,1.A.1.b.7,Category Flexibility,IM,3.0,8,0.0,3.0,3.0,N,,07/2017,Analyst
43-9022.00,1.A.1.b.7,Category Flexibility,LV,2.88,8,0.125,2.63,3.12,N,N,07/2017,Analyst
43-9022.00,1.A.1.c.1,Mathematical Reasoning,IM,2.38,8,0.183,2.0164,2.7336,N,,07/2017,Analyst
43-9022.00,1.A.1.c.1,Mathematical Reasoning,LV,1.88,8,0.125,1.63,2.12,N,N,07/2017,Analyst
43-9022.00,1.A.1.c.2,Number Facility,IM,2.25,8,0.1637,1.9292,2.5708,N,,07/2017,Analyst
43-9022.00,1.A.1.c.2,Number Facility,LV,2.0,8,0.189,1.6296,2.3704,N,N,07/2017,Analyst
43-9022.00,1.A.1.d.1,Memorization,IM,2.0,8,0.0,2.0,2.0,N,,07/2017,Analyst
43-9022.00,1.A.1.d.1,Memorization,LV,1.75,8,0.1637,1.4292,2.0708,N,N,07/2017,Analyst
43-9022.00,1.A.1.e.1,Speed of Closure,IM,2.25,8,0.1637,1.9292,2.5708,N,,07/2017,Analyst
43-9022.00,1.A.1.e.1,Speed of Closure,LV,2.12,8,0.125,1.88,2.37,N,N,07/2017,Analyst
43-9022.00,1.A.1.e.2,Flexibility of Closure,IM,2.5,8,0.189,2.1296,2.8704,N,,07/2017,Analyst
43-9022.00,1.A.1.e.2,Flexibility of Closure,LV,2.38,8,0.183,2.0164,2.7336,N,N,07/2017,Analyst
43-9022.00,1.A.1.e.3,Perceptual Speed,IM,3.0,8,0.0,3.0,3.0,N,,07/2017,Analyst
43-9022.00,1.A.1.e.3,Perceptual Speed,LV,3.0,8,0.189,2.6296,3.3704,N,N,07/2017,Analyst
43-9022.00,1.A.1.f.1,Spatial Orientation,IM,1.0,8,0.0,1.0,1.0,N,,07/2017,Analyst
43-9022.00,1.A.1.f.1,Spatial Orientation,LV,0.0,8,0.0,0.0,0.0,N,Y,07/2017,Analyst
43-9022.00,1.A.1.f.2,Visualization,IM,2.5,8,0.189,2.1296,2.8704,N,,07/2017,Analyst
43-9022.00,1.A.1.f.2,Visualization,LV,2.0,8,0.0,2.0,2.0,N,N,07/2017,Analyst
43-9022.00,1.A.1.g.1,Selective Attention,IM,2.88,8,0.2266,2.4309,3.3191,N,,07/2017,Analyst
43-9022.00,1.A.1.g.1,Selective Attention,LV,2.38,8,0.2631,1.8594,2.8906,N,N,07/2017,Analyst
43-9022.00,1.A.1.g.2,Time Sharing,IM,2.25,8,0.25,1.76,2.74,N,,07/2017,Analyst
43-9022.00,1.A.1.g.2,Time Sharing,LV,1.88,8,0.295,1.2967,2.4533,N,N,07/2017,Analyst
43-9022.00,1.A.2.a.1,Arm-Hand Steadiness,IM,2.0,8,0.0,2.0,2.0,N,,07/2017,Analyst
43-9022.00,1.A.2.a.1,Arm-Hand Steadiness,LV,1.25,8,0.1637,0.9292,1.5708,N,N,07/2017,Analyst
43-9022.00,1.A.2.a.2,Manual Dexterity,IM,2.12,8,0.125,1.88,2.37,N,,07/2017,Analyst
43-9022.00,1.A.2.a.2,Manual Dexterity,LV,1.75,8,0.25,1.26,2.24,N,N,07/2017,Analyst
43-9022.00,1.A.2.a.3,Finger Dexterity,IM,3.0,8,0.189,2.6296,3.3704,N,,07/2017,Analyst
43-9022.00,1.A.2.a.3,Finger Dexterity,LV,2.38,8,0.3239,1.7402,3.0098,N,N,07/2017,Analyst
43-9022.00,1.A.2.b.1,Control Precision,IM,2.0,8,0.0,2.0,2.0,N,,07/2017,Analyst
43-9022.00,1.A.2.b.1,Control Precision,LV,1.75,8,0.1637,1.4292,2.0708,N,N,07/2017,Analyst
43-9022.00,1.A.2.b.2,Multilimb Coordination,IM,1.12,8,0.125,1.0,1.37,N,,07/2017,Analyst
43-9022.00,1.A.2.b.2,Multilimb Coordination,LV,0.12,8,0.125,0.0,0.37,N,Y,07/2017,Analyst
43-9022.00,1.A.2.b.3,Response Orientation,IM,1.25,8,0.1637,1.0,1.5708,N,,07/2017,Analyst
43-9022.00,1.A.2.b.3,Response Orientation,LV,0.25,8,0.1637,0.0,0.5708,N,Y,07/2017,Analyst
43-9022.00,1.A.2.b.4,Rate Control,IM,1.0,8,0.0,1.0,1.0,N,,07/2017,Analyst
43-9022.00,1.A.2.b.4,Rate Control,LV,0.0,8,0.0,0.0,0.0,N,Y,07/2017,Analyst
43-9022.00,1.A.2.c.1,Reaction Time,IM,1.0,8,0.0,1.0,1.0,N,,07/2017,Analyst
43-9022.00,1.A.2.c.1,Reaction Time,LV,0.0,8,0.0,0.0,0.0,N,Y,07/2017,Analyst
43-9022.00,1.A.2.c.2,Wrist-Finger Speed,IM,3.12,8,0.125,2.88,3.37,N,,07/2017,Analyst
43-9022.00,1.A.2.c.2,Wrist-Finger Speed,LV,3.88,8,0.2266,3.4309,4.3191,N,N,07/2017,Analyst
43-9022.00,1.A.2.c.3,Speed of Limb Movement,IM,1.0,8,0.0,1.0,1.0,N,,07/2017,Analyst
43-9022.00,1.A.2.c.3,Speed of Limb Movement,LV,0.0,8,0.0,0.0,0.0,N,Y,07/2017,Analyst
43-9022.00,1.A.3.a.1,Static Strength,IM,1.0,8,0.0,1.0,1.0,N,,07/2017,Analyst
43-9022.00,1.A.3.a.1,Static Strength,LV,0.0,8,0.0,0.0,0.0,N,Y,07/2017,Analyst
43-9022.00,1.A.3.a.2,Explosive Strength,IM,1.0,8,0.0,1.0,1.0,N,,07/2017,Analyst
43-9022.00,1.A.3.a.2,Explosive Strength,LV,0.0,8,0.0,0.0,0.0,N,Y,07/2017,Analyst
43-9022.00,1.A.3.a.3,Dynamic Strength,IM,1.5,8,0.189,1.1296,1.8704,N,,07/2017,Analyst
43-9022.00,1.A.3.a.3,Dynamic Strength,LV,0.62,8,0.2631,0.1094,1.1406,N,N,07/2017,Analyst
43-9022.00,1.A.3.a.4,Trunk Strength,IM,2.0,8,0.0,2.0,2.0,N,,07/2017,Analyst
43-9022.00,1.A.3.a.4,Trunk Strength,LV,1.62,8,0.2631,1.1094,2.1406,N,N,07/2017,Analyst
43-9022.00,1.A.3.b.1,Stamina,IM,1.0,8,0.0,1.0,1.0,N,,07/2017,Analyst
43-9022.00,1.A.3.b.1,Stamina,LV,0.0,8,0.0,0.0,0.0,N,Y,07/2017,Analyst
43-9022.00,1.A.3.c.1,Extent Flexibility,IM,1.0,8,0.0,1.0,1.0,N,,07/2017,Analyst
43-9022.00,1.A.3.c.1,Extent Flexibility,LV,0.0,8,0.0,0.0,0.0,N,Y,07/2017,Analyst
43-9022.00,1.A.3.c.2,Dynamic Flexibility,IM,1.0,8,0.0,1.0,1.0,N,,07/2017,Analyst
43-9022.00,1.A.3.c.2,Dynamic Flexibility,LV,0.0,8,0.0,0.0,0.0,N,Y,07/2017,Analyst
43-9022.00,1.A.3.c.3,Gross Body Coordination,IM,1.0,8,0.0,1.0,1.0,N,,07/2017,Analyst
43-9022.00,1.A.3.c.3,Gross Body Coordination,LV,0.0,8,0.0,0.0,0.0,N,Y,07/2017,Analyst
43-9022.00,1.A.3.c.4,Gross Body Equilibrium,IM,1.0,8,0.0,1.0,1.0,N,,07/2017,Analyst
43-9022.00,1.A.3.c.4,Gross Body Equilibrium,LV,0.0,8,0.0,0.0,0.0,N,Y,07/2017,Analyst
43-9022.00,1.A.4.a.1,Near Vision,IM,4.0,8,0.0,4.0,4.0,N,,07/2017,Analyst
43-9022.00,1.A.4.a.1,Near Vision,LV,4.0,8,0.0,4.0,4.0,N,N,07/2017,Analyst
43-9022.00,1.A.4.a.2,Far Vision,IM,2.38,8,0.183,2.0164,2.7336,N,,07/2017,Analyst
43-9022.00,1.A.4.a.2,Far Vision,LV,2.25,8,0.1637,1.9292,2.5708,N,N,07/2017,Analyst
43-9022.00,1.A.4.a.3,Visual Color Discrimination,IM,1.88,8,0.125,1.63,2.12,N,,07/2017,Analyst
43-9022.00,1.A.4.a.3,Visual Color Discrimination,LV,1.75,8,0.25,1.26,2.24,N,N,07/2017,Analyst
43-9022.00,1.A.4.a.4,Night Vision,IM,1.0,8,0.0,1.0,1.0,N,,07/2017,Analyst
43-9022.00,1.A.4.a.4,Night Vision,LV,0.0,8,0.0,0.0,0.0,N,Y,07/2017,Analyst
43-9022.00,1.A.4.a.5,Peripheral Vision,IM,1.0,8,0.0,1.0,1.0,N,,07/2017,Analyst
43-9022.00,1.A.4.a.5,Peripheral Vision,LV,0.0,8,0.0,0.0,0.0,N,Y,07/2017,Analyst
43-9022.00,1.A.4.a.6,Depth Perception,IM,1.38,8,0.183,1.0164,1.7336,N,,07/2017,Analyst
43-9022.00,1.A.4.a.6,Depth Perception,LV,0.5,8,0.2673,0.0,1.0238,N,N,07/2017,Analyst
43-9022.00,1.A.4.a.7,Glare Sensitivity,IM,1.0,8,0.0,1.0,1.0,N,,07/2017,Analyst
43-9022.00,1.A.4.a.7,Glare Sensitivity,LV,0.0,8,0.0,0.0,0.0,N,Y,07/2017,Analyst
43-9022.00,1.A.4.b.1,Hearing Sensitivity,IM,1.62,8,0.183,1.2664,1.9836,N,,07/2017,Analyst
43-9022.00,1.A.4.b.1,Hearing Sensitivity,LV,1.12,8,0.3504,0.4383,1.8117,N,N,07/2017,Analyst
43-9022.00,1.A.4.b.2,Auditory Attention,IM,2.12,8,0.125,1.88,2.37,N,,07/2017,Analyst
43-9022.00,1.A.4.b.2,Auditory Attention,LV,2.0,8,0.0,2.0,2.0,N,N,07/2017,Analyst
43-9022.00,1.A.4.b.3,Sound Localization,IM,1.0,8,0.0,1.0,1.0,N,,07/2017,Analyst
43-9022.00,1.A.4.b.3,Sound Localization,LV,0.0,8,0.0,0.0,0.0,N,Y,07/2017,Analyst
43-9022.00,1.A.4.b.4,Speech Recognition,IM,3.5,8,0.189,3.1296,3.8704,N,,07/2017,Analyst
43-9022.00,1.A.4.b.4,Speech Recognition,LV,3.25,8,0.25,2.76,3.74,N,N,07/2017,Analyst
43-9022.00,1.A.4.b.5,Speech Clarity,IM,3.0,8,0.189,2.6296,3.3704,N,,07/2017,Analyst
43-9022.00,1.A.4.b.5,Speech Clarity,LV,2.88,8,0.125,2.63,3.12,N,N,07/2017,Analyst
43-9031.00,1.A.1.a.1,Oral Comprehension,IM,3.62,8,0.183,3.2664,3.9836,N,,08/2021,Analyst
43-9031.00,1.A.1.a.1,Oral Comprehension,LV,4.0,8,0.0,4.0,4.0,N,N,08/2021,Analyst
43-9031.00,1.A.1.a.2,Written Comprehension,IM,3.75,8,0.1637,3.4292,4.0708,N,,08/2021,Analyst
43-9031.00,1.A.1.a.2,Written Comprehension,LV,4.0,8,0.0,4.0,4.0,N,N,08/2021,Analyst
43-9031.00,1.A.1.a.3,Oral Expression,IM,3.12,8,0.125,2.88,3.37,N,,08/2021,Analyst
43-9031.00,1.A.1.a.3,Oral Expression,LV,3.88,8,0.125,3.63,4.12,N,N,08/2021,Analyst
43-9031.00,1.A.1.a.4,Written Expression,IM,3.62,8,0.183,3.2664,3.9836,N,,08/2021,Analyst
43-9031.00,1.A.1.a.4,Written Expression,LV,3.75,8,0.1637,3.4292,4.0708,N,N,08/2021,Analyst
43-9031.00,1.A.1.b.1,Fluency of Ideas,IM,3.75,8,0.1637,3.4292,4.0708,N,,08/2021,Analyst
43-9031.00,1.A.1.b.1,Fluency of Ideas,LV,3.75,8,0.1637,3.4292,4.0708,N,N,08/2021,Analyst
43-9031.00,1.A.1.b.2,Originality,IM,3.88,8,0.125,3.63,4.12,N,,08/2021,Analyst
43-9031.00,1.A.1.b.2,Originality,LV,3.88,8,0.125,3.63,4.12,N,N,08/2021,Analyst
43-9031.00,1.A.1.b.3,Problem Sensitivity,IM,3.62,8,0.183,3.2664,3.9836,N,,08/2021,Analyst
43-9031.00,1.A.1.b.3,Problem Sensitivity,LV,3.25,8,0.1637,2.9292,3.5708,N,N,08/2021,Analyst
43-9031.00,1.A.1.b.4,Deductive Reasoning,IM,3.5,8,0.189,3.1296,3.8704,N,,08/2021,Analyst
43-9031.00,1.A.1.b.4,Deductive Reasoning,LV,3.62,8,0.183,3.2664,3.9836,N,N,08/2021,Analyst
43-9031.00,1.A.1.b.5,Inductive Reasoning,IM,3.0,8,0.0,3.0,3.0,N,,08/2021,Analyst
43-9031.00,1.A.1.b.5,Inductive Reasoning,LV,3.0,8,0.0,3.0,3.0,N,N,08/2021,Analyst
43-9031.00,1.A.1.b.6,Information Ordering,IM,4.0,8,0.0,4.0,4.0,N,,08/2021,Analyst
43-9031.00,1.A.1.b.6,Information Ordering,LV,3.88,8,0.125,3.63,4.12,N,N,08/2021,Analyst
43-9031.00,1.A.1.b.7,Category Flexibility,IM,3.62,8,0.183,3.2664,3.9836,N,,08/2021,Analyst
43-9031.00,1.A.1.b.7,Category Flexibility,LV,3.62,8,0.183,3.2664,3.9836,N,N,08/2021,Analyst
43-9031.00,1.A.1.c.1,Mathematical Reasoning,IM,2.0,8,0.0,2.0,2.0,N,,08/2021,Analyst
43-9031.00,1.A.1.c.1,Mathematical Reasoning,LV,2.0,8,0.0,2.0,2.0,N,N,08/2021,Analyst
43-9031.00,1.A.1.c.2,Number Facility,IM,2.38,8,0.183,2.0164,2.7336,N,,08/2021,Analyst
43-9031.00,1.A.1.c.2,Number Facility,LV,2.0,8,0.0,2.0,2.0,N,N,08/2021,Analyst
43-9031.00,1.A.1.d.1,Memorization,IM,2.5,8,0.189,2.1296,2.8704,N,,08/2021,Analyst
43-9031.00,1.A.1.d.1,Memorization,LV,2.0,8,0.0,2.0,2.0,N,N,08/2021,Analyst
43-9031.00,1.A.1.e.1,Speed of Closure,IM,2.38,8,0.183,2.0164,2.7336,N,,08/2021,Analyst
43-9031.00,1.A.1.e.1,Speed of Closure,LV,2.62,8,0.183,2.2664,2.9836,N,N,08/2021,Analyst
43-9031.00,1.A.1.e.2,Flexibility of Closure,IM,3.0,8,0.0,3.0,3.0,N,,08/2021,Analyst
43-9031.00,1.A.1.e.2,Flexibility of Closure,LV,3.62,8,0.183,3.2664,3.9836,N,N,08/2021,Analyst
43-9031.00,1.A.1.e.3,Perceptual Speed,IM,3.5,8,0.189,3.1296,3.8704,N,,08/2021,Analyst
43-9031.00,1.A.1.e.3,Perceptual Speed,LV,3.0,8,0.0,3.0,3.0,N,N,08/2021,Analyst
43-9031.00,1.A.1.f.1,Spatial Orientation,IM,1.5,8,0.189,1.1296,1.8704,N,,08/2021,Analyst
43-9031.00,1.A.1.f.1,Spatial Orientation,LV,0.5,8,0.189,0.1296,0.8704,N,N,08/2021,Analyst
43-9031.00,1.A.1.f.2,Visualization,IM,3.88,8,0.125,3.63,4.12,N,,08/2021,Analyst
43-9031.00,1.A.1.f.2,Visualization,LV,4.0,8,0.189,3.6296,4.3704,N,N,08/2021,Analyst
43-9031.00,1.A.1.g.1,Selective Attention,IM,3.12,8,0.125,2.88,3.37,N,,08/2021,Analyst
43-9031.00,1.A.1.g.1,Selective Attention,LV,3.0,8,0.0,3.0,3.0,N,N,08/2021,Analyst
43-9031.00,1.A.1.g.2,Time Sharing,IM,2.62,8,0.183,2.2664,2.9836,N,,08/2021,Analyst
43-9031.00,1.A.1.g.2,Time Sharing,LV,2.5,8,0.189,2.1296,2.8704,N,N,08/2021,Analyst
43-9031.00,1.A.2.a.1,Arm-Hand Steadiness,IM,2.38,8,0.183,2.0164,2.7336,N,,08/2021,Analyst
43-9031.00,1.A.2.a.1,Arm-Hand Steadiness,LV,2.5,8,0.189,2.1296,2.8704,N,N,08/2021,Analyst
43-9031.00,1.A.2.a.2,Manual Dexterity,IM,2.38,8,0.183,2.0164,2.7336,N,,08/2021,Analyst
43-9031.00,1.A.2.a.2,Manual Dexterity,LV,2.5,8,0.189,2.1296,2.8704,N,N,08/2021,Analyst
43-9031.00,1.A.2.a.3,Finger Dexterity,IM,2.62,8,0.183,2.2664,2.9836,N,,08/2021,Analyst
43-9031.00,1.A.2.a.3,Finger Dexterity,LV,2.62,8,0.183,2.2664,2.9836,N,N,08/2021,Analyst
43-9031.00,1.A.2.b.1,Control Precision,IM,2.38,8,0.183,2.0164,2.7336,N,,08/2021,Analyst
43-9031.00,1.A.2.b.1,Control Precision,LV,2.38,8,0.183,2.0164,2.7336,N,N,08/2021,Analyst
43-9031.00,1.A.2.b.2,Multilimb Coordination,IM,1.88,8,0.3504,1.1883,2.5617,N,,08/2021,Analyst
43-9031.00,1.A.2.b.2,Multilimb Coordination,LV,1.0,8,0.378,0.2592,1.7408,N,N,08/2021,Analyst
43-9031.00,1.A.2.b.3,Response Orientation,IM,1.5,8,0.189,1.1296,1.8704,N,,08/2021,Analyst
43-9031.00,1.A.2.b.3,Response Orientation,LV,1.0,8,0.378,0.2592,1.7408,N,N,08/2021,Analyst
43-9031.00,1.A.2.b.4,Rate Control,IM,1.5,8,0.189,1.1296,1.8704,N,,08/2021,Analyst
43-9031.00,1.A.2.b.4,Rate Control,LV,0.5,8,0.189,0.1296,0.8704,N,N,08/2021,Analyst
43-9031.00,1.A.2.c.1,Reaction Time,IM,1.38,8,0.183,1.0164,1.7336,N,,08/2021,Analyst
43-9031.00,1.A.2.c.1,Reaction Time,LV,0.38,8,0.183,0.0164,0.7336,N,N,08/2021,Analyst
43-9031.00,1.A.2.c.2,Wrist-Finger Speed,IM,2.12,8,0.125,1.88,2.37,N,,08/2021,Analyst
43-9031.00,1.A.2.c.2,Wrist-Finger Speed,LV,1.88,8,0.125,1.63,2.12,N,N,08/2021,Analyst
43-9031.00,1.A.2.c.3,Speed of Limb Movement,IM,1.38,8,0.183,1.0164,1.7336,N,,08/2021,Analyst
43-9031.00,1.A.2.c.3,Speed of Limb Movement,LV,0.38,8,0.183,0.0164,0.7336,N,N,08/2021,Analyst
43-9031.00,1.A.3.a.1,Static Strength,IM,1.38,8,0.183,1.0164,1.7336,N,,08/2021,Analyst
43-9031.00,1.A.3.a.1,Static Strength,LV,0.38,8,0.183,0.0164,0.7336,N,N,08/2021,Analyst
43-9031.00,1.A.3.a.2,Explosive Strength,IM,1.0,8,0.0,1.0,1.0,N,,08/2021,Analyst
43-9031.00,1.A.3.a.2,Explosive Strength,LV,0.0,8,0.0,0.0,0.0,N,Y,08/2021,Analyst
43-9031.00,1.A.3.a.3,Dynamic Strength,IM,1.75,8,0.1637,1.4292,2.0708,N,,08/2021,Analyst
43-9031.00,1.A.3.a.3,Dynamic Strength,LV,0.88,8,0.2266,0.4309,1.3191,N,N,08/2021,Analyst
43-9031.00,1.A.3.a.4,Trunk Strength,IM,1.88,8,0.125,1.63,2.12,N,,08/2021,Analyst
43-9031.00,1.A.3.a.4,Trunk Strength,LV,1.5,8,0.2673,0.9762,2.0238,N,N,08/2021,Analyst
43-9031.00,1.A.3.b.1,Stamina,IM,1.5,8,0.189,1.1296,1.8704,N,,08/2021,Analyst
43-9031.00,1.A.3.b.1,Stamina,LV,0.62,8,0.2631,0.1094,1.1406,N,N,08/2021,Analyst
43-9031.00,1.A.3.c.1,Extent Flexibility,IM,1.5,8,0.189,1.1296,1.8704,N,,08/2021,Analyst
43-9031.00,1.A.3.c.1,Extent Flexibility,LV,0.5,8,0.189,0.1296,0.8704,N,N,08/2021,Analyst
43-9031.00,1.A.3.c.2,Dynamic Flexibility,IM,1.0,8,0.0,1.0,1.0,N,,08/2021,Analyst
43-9031.00,1.A.3.c.2,Dynamic Flexibility,LV,0.0,8,0.0,0.0,0.0,N,Y,08/2021,Analyst
43-9031.00,1.A.3.c.3,Gross Body Coordination,IM,1.38,8,0.183,1.0164,1.7336,N,,08/2021,Analyst
43-9031.00,1.A.3.c.3,Gross Body Coordination,LV,0.38,8,0.183,0.0164,0.7336,N,N,08/2021,Analyst
43-9031.00,1.A.3.c.4,Gross Body Equilibrium,IM,1.38,8,0.183,1.0164,1.7336,N,,08/2021,Analyst
43-9031.00,1.A.3.c.4,Gross Body Equilibrium,LV,0.38,8,0.183,0.0164,0.7336,N,N,08/2021,Analyst
43-9031.00,1.A.4.a.1,Near Vision,IM,4.12,8,0.125,3.88,4.37,N,,08/2021,Analyst
43-9031.00,1.A.4.a.1,Near Vision,LV,4.12,8,0.125,3.88,4.37,N,N,08/2021,Analyst
43-9031.00,1.A.4.a.2,Far Vision,IM,3.0,8,0.0,3.0,3.0,N,,08/2021,Analyst
43-9031.00,1.A.4.a.2,Far Vision,LV,3.0,8,0.0,3.0,3.0,N,N,08/2021,Analyst
43-9031.00,1.A.4.a.3,Visual Color Discrimination,IM,3.62,8,0.183,3.2664,3.9836,N,,08/2021,Analyst
43-9031.00,1.A.4.a.3,Visual Color Discrimination,LV,4.0,8,0.189,3.6296,4.3704,N,N,08/2021,Analyst
43-9031.00,1.A.4.a.4,Night Vision,IM,1.5,8,0.189,1.1296,1.8704,N,,08/2021,Analyst
43-9031.00,1.A.4.a.4,Night Vision,LV,0.5,8,0.189,0.1296,0.8704,N,N,08/2021,Analyst
43-9031.00,1.A.4.a.5,Peripheral Vision,IM,1.38,8,0.183,1.0164,1.7336,N,,08/2021,Analyst
43-9031.00,1.A.4.a.5,Peripheral Vision,LV,0.38,8,0.183,0.0164,0.7336,N,N,08/2021,Analyst
43-9031.00,1.A.4.a.6,Depth Perception,IM,2.0,8,0.0,2.0,2.0,N,,08/2021,Analyst
43-9031.00,1.A.4.a.6,Depth Perception,LV,1.88,8,0.125,1.63,2.12,N,N,08/2021,Analyst
43-9031.00,1.A.4.a.7,Glare Sensitivity,IM,1.38,8,0.183,1.0164,1.7336,N,,08/2021,Analyst
43-9031.00,1.A.4.a.7,Glare Sensitivity,LV,0.38,8,0.183,0.0164,0.7336,N,N,08/2021,Analyst
43-9031.00,1.A.4.b.1,Hearing Sensitivity,IM,2.0,8,0.0,2.0,2.0,N,,08/2021,Analyst
43-9031.00,1.A.4.b.1,Hearing Sensitivity,LV,1.75,8,0.1637,1.4292,2.0708,N,N,08/2021,Analyst
43-9031.00,1.A.4.b.2,Auditory Attention,IM,1.88,8,0.125,1.63,2.12,N,,08/2021,Analyst
43-9031.00,1.A.4.b.2,Auditory Attention,LV,1.5,8,0.2673,0.9762,2.0238,N,N,08/2021,Analyst
43-9031.00,1.A.4.b.3,Sound Localization,IM,1.5,8,0.189,1.1296,1.8704,N,,08/2021,Analyst
43-9031.00,1.A.4.b.3,Sound Localization,LV,0.5,8,0.189,0.1296,0.8704,N,N,08/2021,Analyst
43-9031.00,1.A.4.b.4,Speech Recognition,IM,3.12,8,0.2266,2.6809,3.5691,N,,08/2021,Analyst
43-9031.00,1.A.4.b.4,Speech Recognition,LV,3.62,8,0.183,3.2664,3.9836,N,N,08/2021,Analyst
43-9031.00,1.A.4.b.5,Speech Clarity,IM,3.12,8,0.125,2.88,3.37,N,,08/2021,Analyst
43-9031.00,1.A.4.b.5,Speech Clarity,LV,3.12,8,0.125,2.88,3.37,N,N,08/2021,Analyst
43-9041.00,1.A.1.a.1,Oral Comprehension,IM,3.62,8,0.2631,3.1094,4.1406,N,,08/2022,Analyst
43-9041.00,1.A.1.a.1,Oral Comprehension,LV,3.5,8,0.3273,2.8584,4.1416,N,N,08/2022,Analyst
43-9041.00,1.A.1.a.2,Written Comprehension,IM,3.62,8,0.2631,3.1094,4.1406,N,,08/2022,Analyst
43-9041.00,1.A.1.a.2,Written Comprehension,LV,3.62,8,0.2631,3.1094,4.1406,N,N,08/2022,Analyst
43-9041.00,1.A.1.a.3,Oral Expression,IM,3.5,8,0.2673,2.9762,4.0238,N,,08/2022,Analyst
43-9041.00,1.A.1.a.3,Oral Expression,LV,3.5,8,0.189,3.1296,3.8704,N,N,08/2022,Analyst
43-9041.00,1.A.1.a.4,Written Expression,IM,3.38,8,0.2631,2.8594,3.8906,N,,08/2022,Analyst
43-9041.00,1.A.1.a.4,Written Expression,LV,3.25,8,0.3134,2.6358,3.8642,N,N,08/2022,Analyst
43-9041.00,1.A.1.b.1,Fluency of Ideas,IM,2.38,8,0.183,2.0164,2.7336,N,,08/2022,Analyst
43-9041.00,1.A.1.b.1,Fluency of Ideas,LV,2.38,8,0.3239,1.7402,3.0098,N,N,08/2022,Analyst
43-9041.00,1.A.1.b.2,Originality,IM,2.25,8,0.1637,1.9292,2.5708,N,,08/2022,Analyst
43-9041.00,1.A.1.b.2,Originality,LV,2.12,8,0.295,1.5467,2.7033,N,N,08/2022,Analyst
43-9041.00,1.A.1.b.3,Problem Sensitivity,IM,3.25,8,0.25,2.76,3.74,N,,08/2022,Analyst
43-9041.00,1.A.1.b.3,Problem Sensitivity,LV,2.62,8,0.2631,2.1094,3.1406,N,N,08/2022,Analyst
43-9041.00,1.A.1.b.4,Deductive Reasoning,IM,3.38,8,0.183,3.0164,3.7336,N,,08/2022,Analyst
43-9041.00,1.A.1.b.4,Deductive Reasoning,LV,2.62,8,0.2631,2.1094,3.1406,N,N,08/2022,Analyst
43-9041.00,1.A.1.b.5,Inductive Reasoning,IM,3.12,8,0.125,2.88,3.37,N,,08/2022,Analyst
43-9041.00,1.A.1.b.5,Inductive Reasoning,LV,2.62,8,0.183,2.2664,2.9836,N,N,08/2022,Analyst
43-9041.00,1.A.1.b.6,Information Ordering,IM,3.38,8,0.183,3.0164,3.7336,N,,08/2022,Analyst
43-9041.00,1.A.1.b.6,Information Ordering,LV,3.0,8,0.189,2.6296,3.3704,N,N,08/2022,Analyst
43-9041.00,1.A.1.b.7,Category Flexibility,IM,3.12,8,0.125,2.88,3.37,N,,08/2022,Analyst
43-9041.00,1.A.1.b.7,Category Flexibility,LV,3.12,8,0.125,2.88,3.37,N,N,08/2022,Analyst
43-9041.00,1.A.1.c.1,Mathematical Reasoning,IM,2.62,8,0.2631,2.1094,3.1406,N,,08/2022,Analyst
43-9041.00,1.A.1.c.1,Mathematical Reasoning,LV,2.25,8,0.3134,1.6358,2.8642,N,N,08/2022,Analyst
43-9041.00,1.A.1.c.2,Number Facility,IM,2.62,8,0.2631,2.1094,3.1406,N,,08/2022,Analyst
43-9041.00,1.A.1.c.2,Number Facility,LV,3.0,8,0.2673,2.4762,3.5238,N,N,08/2022,Analyst
43-9041.00,1.A.1.d.1,Memorization,IM,2.38,8,0.183,2.0164,2.7336,N,,08/2022,Analyst
43-9041.00,1.A.1.d.1,Memorization,LV,2.25,8,0.3134,1.6358,2.8642,N,N,08/2022,Analyst
43-9041.00,1.A.1.e.1,Speed of Closure,IM,2.38,8,0.183,2.0164,2.7336,N,,08/2022,Analyst
43-9041.00,1.A.1.e.1,Speed of Closure,LV,2.38,8,0.2631,1.8594,2.8906,N,N,08/2022,Analyst
43-9041.00,1.A.1.e.2,Flexibility of Closure,IM,2.62,8,0.2631,2.1094,3.1406,N,,08/2022,Analyst
43-9041.00,1.A.1.e.2,Flexibility of Closure,LV,2.62,8,0.183,2.2664,2.9836,N,N,08/2022,Analyst
43-9041.00,1.A.1.e.3,Perceptual Speed,IM,2.75,8,0.25,2.26,3.24,N,,08/2022,Analyst
43-9041.00,1.A.1.e.3,Perceptual Speed,LV,2.38,8,0.183,2.0164,2.7336,N,N,08/2022,Analyst
43-9041.00,1.A.1.f.1,Spatial Orientation,IM,1.25,8,0.25,1.0,1.74,N,,08/2022,Analyst
43-9041.00,1.A.1.f.1,Spatial Orientation,LV,0.38,8,0.375,0.0,1.11,N,Y,08/2022,Analyst
43-9041.00,1.A.1.f.2,Visualization,IM,2.0,8,0.189,1.6296,2.3704,N,,08/2022,Analyst
43-9041.00,1.A.1.f.2,Visualization,LV,1.62,8,0.3239,0.9902,2.2598,N,N,08/2022,Analyst
43-9041.00,1.A.1.g.1,Selective Attention,IM,2.88,8,0.2266,2.4309,3.3191,N,,08/2022,Analyst
43-9041.00,1.A.1.g.1,Selective Attention,LV,2.5,8,0.189,2.1296,2.8704,N,N,08/2022,Analyst
43-9041.00,1.A.1.g.2,Time Sharing,IM,2.62,8,0.2631,2.1094,3.1406,N,,08/2022,Analyst
43-9041.00,1.A.1.g.2,Time Sharing,LV,2.25,8,0.1637,1.9292,2.5708,N,N,08/2022,Analyst
43-9041.00,1.A.2.a.1,Arm-Hand Steadiness,IM,1.88,8,0.125,1.63,2.12,N,,08/2022,Analyst
43-9041.00,1.A.2.a.1,Arm-Hand Steadiness,LV,1.0,8,0.189,0.6296,1.3704,N,N,08/2022,Analyst
43-9041.00,1.A.2.a.2,Manual Dexterity,IM,1.88,8,0.125,1.63,2.12,N,,08/2022,Analyst
43-9041.00,1.A.2.a.2,Manual Dexterity,LV,1.0,8,0.189,0.6296,1.3704,N,N,08/2022,Analyst
43-9041.00,1.A.2.a.3,Finger Dexterity,IM,2.0,8,0.0,2.0,2.0,N,,08/2022,Analyst
43-9041.00,1.A.2.a.3,Finger Dexterity,LV,1.25,8,0.1637,0.9292,1.5708,N,N,08/2022,Analyst
43-9041.00,1.A.2.b.1,Control Precision,IM,1.88,8,0.125,1.63,2.12,N,,08/2022,Analyst
43-9041.00,1.A.2.b.1,Control Precision,LV,1.12,8,0.2266,0.6809,1.5691,N,N,08/2022,Analyst
43-9041.00,1.A.2.b.2,Multilimb Coordination,IM,1.25,8,0.1637,1.0,1.5708,N,,08/2022,Analyst
43-9041.00,1.A.2.b.2,Multilimb Coordination,LV,0.25,8,0.1637,0.0,0.5708,N,Y,08/2022,Analyst
43-9041.00,1.A.2.b.3,Response Orientation,IM,1.25,8,0.1637,1.0,1.5708,N,,08/2022,Analyst
43-9041.00,1.A.2.b.3,Response Orientation,LV,0.38,8,0.2631,0.0,0.8906,N,Y,08/2022,Analyst
43-9041.00,1.A.2.b.4,Rate Control,IM,1.25,8,0.1637,1.0,1.5708,N,,08/2022,Analyst
43-9041.00,1.A.2.b.4,Rate Control,LV,0.25,8,0.1637,0.0,0.5708,N,Y,08/2022,Analyst
43-9041.00,1.A.2.c.1,Reaction Time,IM,1.25,8,0.1637,1.0,1.5708,N,,08/2022,Analyst
43-9041.00,1.A.2.c.1,Reaction Time,LV,0.38,8,0.2631,0.0,0.8906,N,Y,08/2022,Analyst
43-9041.00,1.A.2.c.2,Wrist-Finger Speed,IM,1.88,8,0.2266,1.4309,2.3191,N,,08/2022,Analyst
43-9041.00,1.A.2.c.2,Wrist-Finger Speed,LV,1.62,8,0.4978,0.6494,2.6006,N,N,08/2022,Analyst
43-9041.00,1.A.2.c.3,Speed of Limb Movement,IM,1.25,8,0.1637,1.0,1.5708,N,,08/2022,Analyst
43-9041.00,1.A.2.c.3,Speed of Limb Movement,LV,0.25,8,0.1637,0.0,0.5708,N,Y,08/2022,Analyst
43-9041.00,1.A.3.a.1,Static Strength,IM,1.12,8,0.125,1.0,1.37,N,,08/2022,Analyst
43-9041.00,1.A.3.a.1,Static Strength,LV,0.12,8,0.125,0.0,0.37,N,Y,08/2022,Analyst
43-9041.00,1.A.3.a.2,Explosive Strength,IM,1.0,8,0.0,1.0,1.0,N,,08/2022,Analyst
43-9041.00,1.A.3.a.2,Explosive Strength,LV,0.0,8,0.0,0.0,0.0,N,Y,08/2022,Analyst
43-9041.00,1.A.3.a.3,Dynamic Strength,IM,1.62,8,0.183,1.2664,1.9836,N,,08/2022,Analyst
43-9041.00,1.A.3.a.3,Dynamic Strength,LV,0.75,8,0.25,0.26,1.24,N,N,08/2022,Analyst
43-9041.00,1.A.3.a.4,Trunk Strength,IM,2.12,8,0.2266,1.6809,2.5691,N,,08/2022,Analyst
43-9041.00,1.A.3.a.4,Trunk Strength,LV,1.62,8,0.2631,1.1094,2.1406,N,N,08/2022,Analyst
43-9041.00,1.A.3.b.1,Stamina,IM,1.12,8,0.125,1.0,1.37,N,,08/2022,Analyst
43-9041.00,1.A.3.b.1,Stamina,LV,0.12,8,0.125,0.0,0.37,N,Y,08/2022,Analyst
43-9041.00,1.A.3.c.1,Extent Flexibility,IM,1.12,8,0.125,1.0,1.37,N,,08/2022,Analyst
43-9041.00,1.A.3.c.1,Extent Flexibility,LV,0.12,8,0.125,0.0,0.37,N,Y,08/2022,Analyst
43-9041.00,1.A.3.c.2,Dynamic Flexibility,IM,1.0,8,0.0,1.0,1.0,N,,08/2022,Analyst
43-9041.00,1.A.3.c.2,Dynamic Flexibility,LV,0.0,8,0.0,0.0,0.0,N,Y,08/2022,Analyst
43-9041.00,1.A.3.c.3,Gross Body Coordination,IM,1.0,8,0.0,1.0,1.0,N,,08/2022,Analyst
43-9041.00,1.A.3.c.3,Gross Body Coordination,LV,0.0,8,0.0,0.0,0.0,N,Y,08/2022,Analyst
43-9041.00,1.A.3.c.4,Gross Body Equilibrium,IM,1.0,8,0.0,1.0,1.0,N,,08/2022,Analyst
43-9041.00,1.A.3.c.4,Gross Body Equilibrium,LV,0.0,8,0.0,0.0,0.0,N,Y,08/2022,Analyst
43-9041.00,1.A.4.a.1,Near Vision,IM,3.5,8,0.2673,2.9762,4.0238,N,,08/2022,Analyst
43-9041.00,1.A.4.a.1,Near Vision,LV,3.75,8,0.25,3.26,4.24,N,N,08/2022,Analyst
43-9041.00,1.A.4.a.2,Far Vision,IM,2.62,8,0.183,2.2664,2.9836,N,,08/2022,Analyst
43-9041.00,1.A.4.a.2,Far Vision,LV,2.0,8,0.2673,1.4762,2.5238,N,N,08/2022,Analyst
43-9041.00,1.A.4.a.3,Visual Color Discrimination,IM,2.12,8,0.2266,1.6809,2.5691,N,,08/2022,Analyst
43-9041.00,1.A.4.a.3,Visual Color Discrimination,LV,1.88,8,0.3504,1.1883,2.5617,N,N,08/2022,Analyst
43-9041.00,1.A.4.a.4,Night Vision,IM,1.0,8,0.0,1.0,1.0,N,,08/2022,Analyst
43-9041.00,1.A.4.a.4,Night Vision,LV,0.0,8,0.0,0.0,0.0,N,Y,08/2022,Analyst
43-9041.00,1.A.4.a.5,Peripheral Vision,IM,1.12,8,0.125,1.0,1.37,N,,08/2022,Analyst
43-9041.00,1.A.4.a.5,Peripheral Vision,LV,0.25,8,0.25,0.0,0.74,N,Y,08/2022,Analyst
43-9041.00,1.A.4.a.6,Depth Perception,IM,1.25,8,0.1637,1.0,1.5708,N,,08/2022,Analyst
43-9041.00,1.A.4.a.6,Depth Perception,LV,0.25,8,0.1637,0.0,0.5708,N,Y,08/2022,Analyst
43-9041.00,1.A.4.a.7,Glare Sensitivity,IM,1.12,8,0.125,1.0,1.37,N,,08/2022,Analyst
43-9041.00,1.A.4.a.7,Glare Sensitivity,LV,0.25,8,0.25,0.0,0.74,N,Y,08/2022,Analyst
43-9041.00,1.A.4.b.1,Hearing Sensitivity,IM,2.0,8,0.189,1.6296,2.3704,N,,08/2022,Analyst
43-9041.00,1.A.4.b.1,Hearing Sensitivity,LV,1.62,8,0.3239,0.9902,2.2598,N,N,08/2022,Analyst
43-9041.00,1.A.4.b.2,Auditory Attention,IM,2.25,8,0.25,1.76,2.74,N,,08/2022,Analyst
43-9041.00,1.A.4.b.2,Auditory Attention,LV,2.0,8,0.3273,1.3584,2.6416,N,N,08/2022,Analyst
43-9041.00,1.A.4.b.3,Sound Localization,IM,1.12,8,0.125,1.0,1.37,N,,08/2022,Analyst
43-9041.00,1.A.4.b.3,Sound Localization,LV,0.12,8,0.125,0.0,0.37,N,Y,08/2022,Analyst
43-9041.00,1.A.4.b.4,Speech Recognition,IM,3.5,8,0.189,3.1296,3.8704,N,,08/2022,Analyst
43-9041.00,1.A.4.b.4,Speech Recognition,LV,3.62,8,0.183,3.2664,3.9836,N,N,08/2022,Analyst
43-9041.00,1.A.4.b.5,Speech Clarity,IM,3.5,8,0.189,3.1296,3.8704,N,,08/2022,Analyst
43-9041.00,1.A.4.b.5,Speech Clarity,LV,3.0,8,0.189,2.6296,3.3704,N,N,08/2022,Analyst
43-9051.00,1.A.1.a.1,Oral Comprehension,IM,3.25,8,0.1637,2.9292,3.5708,N,,07/2016,Analyst
43-9051.00,1.A.1.a.1,Oral Comprehension,LV,3.0,8,0.0,3.0,3.0,N,N,07/2016,Analyst
43-9051.00,1.A.1.a.2,Written Comprehension,IM,3.12,8,0.125,2.88,3.37,N,,07/2016,Analyst
43-9051.00,1.A.1.a.2,Written Comprehension,LV,3.0,8,0.0,3.0,3.0,N,N,07/2016,Analyst
43-9051.00,1.A.1.a.3,Oral Expression,IM,3.0,8,0.0,3.0,3.0,N,,07/2016,Analyst
43-9051.00,1.A.1.a.3,Oral Expression,LV,3.0,8,0.0,3.0,3.0,N,N,07/2016,Analyst
43-9051.00,1.A.1.a.4,Written Expression,IM,2.88,8,0.125,2.63,3.12,N,,07/2016,Analyst
43-9051.00,1.A.1.a.4,Written Expression,LV,2.75,8,0.1637,2.4292,3.0708,N,N,07/2016,Analyst
43-9051.00,1.A.1.b.1,Fluency of Ideas,IM,2.0,8,0.0,2.0,2.0,N,,07/2016,Analyst
43-9051.00,1.A.1.b.1,Fluency of Ideas,LV,2.0,8,0.0,2.0,2.0,N,N,07/2016,Analyst
43-9051.00,1.A.1.b.2,Originality,IM,2.0,8,0.0,2.0,2.0,N,,07/2016,Analyst
43-9051.00,1.A.1.b.2,Originality,LV,2.0,8,0.0,2.0,2.0,N,N,07/2016,Analyst
43-9051.00,1.A.1.b.3,Problem Sensitivity,IM,3.0,8,0.0,3.0,3.0,N,,07/2016,Analyst
43-9051.00,1.A.1.b.3,Problem Sensitivity,LV,3.0,8,0.0,3.0,3.0,N,N,07/2016,Analyst
43-9051.00,1.A.1.b.4,Deductive Reasoning,IM,3.0,8,0.0,3.0,3.0,N,,07/2016,Analyst
43-9051.00,1.A.1.b.4,Deductive Reasoning,LV,2.75,8,0.1637,2.4292,3.0708,N,N,07/2016,Analyst
43-9051.00,1.A.1.b.5,Inductive Reasoning,IM,2.88,8,0.125,2.63,3.12,N,,07/2016,Analyst
43-9051.00,1.A.1.b.5,Inductive Reasoning,LV,2.75,8,0.1637,2.4292,3.0708,N,N,07/2016,Analyst
43-9051.00,1.A.1.b.6,Information Ordering,IM,3.12,8,0.125,2.88,3.37,N,,07/2016,Analyst
43-9051.00,1.A.1.b.6,Information Ordering,LV,2.88,8,0.125,2.63,3.12,N,N,07/2016,Analyst
43-9051.00,1.A.1.b.7,Category Flexibility,IM,3.12,8,0.125,2.88,3.37,N,,07/2016,Analyst
43-9051.00,1.A.1.b.7,Category Flexibility,LV,2.75,8,0.1637,2.4292,3.0708,N,N,07/2016,Analyst
43-9051.00,1.A.1.c.1,Mathematical Reasoning,IM,2.12,8,0.125,1.88,2.37,N,,07/2016,Analyst
43-9051.00,1.A.1.c.1,Mathematical Reasoning,LV,1.62,8,0.183,1.2664,1.9836,N,N,07/2016,Analyst
43-9051.00,1.A.1.c.2,Number Facility,IM,2.12,8,0.125,1.88,2.37,N,,07/2016,Analyst
43-9051.00,1.A.1.c.2,Number Facility,LV,1.75,8,0.1637,1.4292,2.0708,N,N,07/2016,Analyst
43-9051.00,1.A.1.d.1,Memorization,IM,2.12,8,0.125,1.88,2.37,N,,07/2016,Analyst
43-9051.00,1.A.1.d.1,Memorization,LV,2.0,8,0.0,2.0,2.0,N,N,07/2016,Analyst
43-9051.00,1.A.1.e.1,Speed of Closure,IM,2.12,8,0.125,1.88,2.37,N,,07/2016,Analyst
43-9051.00,1.A.1.e.1,Speed of Closure,LV,2.12,8,0.125,1.88,2.37,N,N,07/2016,Analyst
43-9051.00,1.A.1.e.2,Flexibility of Closure,IM,2.5,8,0.189,2.1296,2.8704,N,,07/2016,Analyst
43-9051.00,1.A.1.e.2,Flexibility of Closure,LV,2.12,8,0.125,1.88,2.37,N,N,07/2016,Analyst
43-9051.00,1.A.1.e.3,Perceptual Speed,IM,2.88,8,0.125,2.63,3.12,N,,07/2016,Analyst
43-9051.00,1.A.1.e.3,Perceptual Speed,LV,2.75,8,0.1637,2.4292,3.0708,N,N,07/2016,Analyst
43-9051.00,1.A.1.f.1,Spatial Orientation,IM,1.75,8,0.1637,1.4292,2.0708,N,,07/2016,Analyst
43-9051.00,1.A.1.f.1,Spatial Orientation,LV,1.0,8,0.2673,0.4762,1.5238,N,N,07/2016,Analyst
43-9051.00,1.A.1.f.2,Visualization,IM,2.25,8,0.1637,1.9292,2.5708,N,,07/2016,Analyst
43-9051.00,1.A.1.f.2,Visualization,LV,2.12,8,0.125,1.88,2.37,N,N,07/2016,Analyst
43-9051.00,1.A.1.g.1,Selective Attention,IM,2.88,8,0.125,2.63,3.12,N,,07/2016,Analyst
43-9051.00,1.A.1.g.1,Selective Attention,LV,2.62,8,0.183,2.2664,2.9836,N,N,07/2016,Analyst
43-9051.00,1.A.1.g.2,Time Sharing,IM,2.25,8,0.1637,1.9292,2.5708,N,,07/2016,Analyst
43-9051.00,1.A.1.g.2,Time Sharing,LV,2.12,8,0.125,1.88,2.37,N,N,07/2016,Analyst
43-9051.00,1.A.2.a.1,Arm-Hand Steadiness,IM,3.0,8,0.0,3.0,3.0,N,,07/2016,Analyst
43-9051.00,1.A.2.a.1,Arm-Hand Steadiness,LV,2.75,8,0.1637,2.4292,3.0708,N,N,07/2016,Analyst
43-9051.00,1.A.2.a.2,Manual Dexterity,IM,3.12,8,0.125,2.88,3.37,N,,07/2016,Analyst
43-9051.00,1.A.2.a.2,Manual Dexterity,LV,3.0,8,0.189,2.6296,3.3704,N,N,07/2016,Analyst
43-9051.00,1.A.2.a.3,Finger Dexterity,IM,3.12,8,0.125,2.88,3.37,N,,07/2016,Analyst
43-9051.00,1.A.2.a.3,Finger Dexterity,LV,3.12,8,0.125,2.88,3.37,N,N,07/2016,Analyst
43-9051.00,1.A.2.b.1,Control Precision,IM,2.62,8,0.2631,2.1094,3.1406,N,,07/2016,Analyst
43-9051.00,1.A.2.b.1,Control Precision,LV,2.38,8,0.183,2.0164,2.7336,N,N,07/2016,Analyst
43-9051.00,1.A.2.b.2,Multilimb Coordination,IM,2.62,8,0.183,2.2664,2.9836,N,,07/2016,Analyst
43-9051.00,1.A.2.b.2,Multilimb Coordination,LV,2.5,8,0.2673,1.9762,3.0238,N,N,07/2016,Analyst
43-9051.00,1.A.2.b.3,Response Orientation,IM,2.12,8,0.125,1.88,2.37,N,,07/2016,Analyst
43-9051.00,1.A.2.b.3,Response Orientation,LV,1.5,8,0.2673,0.9762,2.0238,N,N,07/2016,Analyst
43-9051.00,1.A.2.b.4,Rate Control,IM,2.5,8,0.189,2.1296,2.8704,N,,07/2016,Analyst
43-9051.00,1.A.2.b.4,Rate Control,LV,2.0,8,0.189,1.6296,2.3704,N,N,07/2016,Analyst
43-9051.00,1.A.2.c.1,Reaction Time,IM,2.25,8,0.1637,1.9292,2.5708,N,,07/2016,Analyst
43-9051.00,1.A.2.c.1,Reaction Time,LV,2.25,8,0.1637,1.9292,2.5708,N,N,07/2016,Analyst
43-9051.00,1.A.2.c.2,Wrist-Finger Speed,IM,2.12,8,0.125,1.88,2.37,N,,07/2016,Analyst
43-9051.00,1.A.2.c.2,Wrist-Finger Speed,LV,1.88,8,0.125,1.63,2.12,N,N,07/2016,Analyst
43-9051.00,1.A.2.c.3,Speed of Limb Movement,IM,1.75,8,0.1637,1.4292,2.0708,N,,07/2016,Analyst
43-9051.00,1.A.2.c.3,Speed of Limb Movement,LV,1.0,8,0.2673,0.4762,1.5238,N,N,07/2016,Analyst
43-9051.00,1.A.3.a.1,Static Strength,IM,2.88,8,0.2266,2.4309,3.3191,N,,07/2016,Analyst
43-9051.00,1.A.3.a.1,Static Strength,LV,2.75,8,0.25,2.26,3.24,N,N,07/2016,Analyst
43-9051.00,1.A.3.a.2,Explosive Strength,IM,1.75,8,0.1637,1.4292,2.0708,N,,07/2016,Analyst
43-9051.00,1.A.3.a.2,Explosive Strength,LV,1.12,8,0.295,0.5467,1.7033,N,N,07/2016,Analyst
43-9051.00,1.A.3.a.3,Dynamic Strength,IM,2.12,8,0.125,1.88,2.37,N,,07/2016,Analyst
43-9051.00,1.A.3.a.3,Dynamic Strength,LV,2.0,8,0.189,1.6296,2.3704,N,N,07/2016,Analyst
43-9051.00,1.A.3.a.4,Trunk Strength,IM,2.75,8,0.1637,2.4292,3.0708,N,,07/2016,Analyst
43-9051.00,1.A.3.a.4,Trunk Strength,LV,2.62,8,0.2631,2.1094,3.1406,N,N,07/2016,Analyst
43-9051.00,1.A.3.b.1,Stamina,IM,2.12,8,0.125,1.88,2.37,N,,07/2016,Analyst
43-9051.00,1.A.3.b.1,Stamina,LV,2.12,8,0.125,1.88,2.37,N,N,07/2016,Analyst
43-9051.00,1.A.3.c.1,Extent Flexibility,IM,2.38,8,0.183,2.0164,2.7336,N,,07/2016,Analyst
43-9051.00,1.A.3.c.1,Extent Flexibility,LV,2.38,8,0.2631,1.8594,2.8906,N,N,07/2016,Analyst
43-9051.00,1.A.3.c.2,Dynamic Flexibility,IM,1.38,8,0.183,1.0164,1.7336,N,,07/2016,Analyst
43-9051.00,1.A.3.c.2,Dynamic Flexibility,LV,0.5,8,0.2673,0.0,1.0238,N,N,07/2016,Analyst
43-9051.00,1.A.3.c.3,Gross Body Coordination,IM,2.0,8,0.0,2.0,2.0,N,,07/2016,Analyst
43-9051.00,1.A.3.c.3,Gross Body Coordination,LV,2.0,8,0.0,2.0,2.0,N,N,07/2016,Analyst
43-9051.00,1.A.3.c.4,Gross Body Equilibrium,IM,2.0,8,0.189,1.6296,2.3704,N,,07/2016,Analyst
43-9051.00,1.A.3.c.4,Gross Body Equilibrium,LV,1.5,8,0.2673,0.9762,2.0238,N,N,07/2016,Analyst
43-9051.00,1.A.4.a.1,Near Vision,IM,3.38,8,0.183,3.0164,3.7336,N,,07/2016,Analyst
43-9051.00,1.A.4.a.1,Near Vision,LV,3.12,8,0.125,2.88,3.37,N,N,07/2016,Analyst
43-9051.00,1.A.4.a.2,Far Vision,IM,2.88,8,0.125,2.63,3.12,N,,07/2016,Analyst
43-9051.00,1.A.4.a.2,Far Vision,LV,2.5,8,0.189,2.1296,2.8704,N,N,07/2016,Analyst
43-9051.00,1.A.4.a.3,Visual Color Discrimination,IM,2.25,8,0.1637,1.9292,2.5708,N,,07/2016,Analyst
43-9051.00,1.A.4.a.3,Visual Color Discrimination,LV,2.12,8,0.2266,1.6809,2.5691,N,N,07/2016,Analyst
43-9051.00,1.A.4.a.4,Night Vision,IM,1.25,8,0.1637,1.0,1.5708,N,,07/2016,Analyst
43-9051.00,1.A.4.a.4,Night Vision,LV,0.25,8,0.1637,0.0,0.5708,N,Y,07/2016,Analyst
43-9051.00,1.A.4.a.5,Peripheral Vision,IM,1.5,8,0.189,1.1296,1.8704,N,,07/2016,Analyst
43-9051.00,1.A.4.a.5,Peripheral Vision,LV,0.75,8,0.3134,0.1358,1.3642,N,N,07/2016,Analyst
43-9051.00,1.A.4.a.6,Depth Perception,IM,2.12,8,0.125,1.88,2.37,N,,07/2016,Analyst
43-9051.00,1.A.4.a.6,Depth Perception,LV,1.62,8,0.2631,1.1094,2.1406,N,N,07/2016,Analyst
43-9051.00,1.A.4.a.7,Glare Sensitivity,IM,1.12,8,0.125,1.0,1.37,N,,07/2016,Analyst
43-9051.00,1.A.4.a.7,Glare Sensitivity,LV,0.12,8,0.125,0.0,0.37,N,Y,07/2016,Analyst
43-9051.00,1.A.4.b.1,Hearing Sensitivity,IM,2.12,8,0.125,1.88,2.37,N,,07/2016,Analyst
43-9051.00,1.A.4.b.1,Hearing Sensitivity,LV,1.88,8,0.125,1.63,2.12,N,N,07/2016,Analyst
43-9051.00,1.A.4.b.2,Auditory Attention,IM,2.0,8,0.0,2.0,2.0,N,,07/2016,Analyst
43-9051.00,1.A.4.b.2,Auditory Attention,LV,2.0,8,0.0,2.0,2.0,N,N,07/2016,Analyst
43-9051.00,1.A.4.b.3,Sound Localization,IM,1.25,8,0.1637,1.0,1.5708,N,,07/2016,Analyst
43-9051.00,1.A.4.b.3,Sound Localization,LV,0.25,8,0.1637,0.0,0.5708,N,Y,07/2016,Analyst
43-9051.00,1.A.4.b.4,Speech Recognition,IM,3.12,8,0.125,2.88,3.37,N,,07/2016,Analyst
43-9051.00,1.A.4.b.4,Speech Recognition,LV,2.88,8,0.125,2.63,3.12,N,N,07/2016,Analyst
43-9051.00,1.A.4.b.5,Speech Clarity,IM,2.88,8,0.125,2.63,3.12,N,,07/2016,Analyst
43-9051.00,1.A.4.b.5,Speech Clarity,LV,2.75,8,0.1637,2.4292,3.0708,N,N,07/2016,Analyst
43-9061.00,1.A.1.a.1,Oral Comprehension,IM,3.75,8,0.1637,3.4292,4.0708,N,,08/2018,Analyst
43-9061.00,1.A.1.a.1,Oral Comprehension,LV,3.62,8,0.183,3.2664,3.9836,N,N,08/2018,Analyst
43-9061.00,1.A.1.a.2,Written Comprehension,IM,3.75,8,0.1637,3.4292,4.0708,N,,08/2018,Analyst
43-9061.00,1.A.1.a.2,Written Comprehension,LV,3.12,8,0.125,2.88,3.37,N,N,08/2018,Analyst
43-9061.00,1.A.1.a.3,Oral Expression,IM,3.88,8,0.125,3.63,4.12,N,,08/2018,Analyst
43-9061.00,1.A.1.a.3,Oral Expression,LV,3.62,8,0.183,3.2664,3.9836,N,N,08/2018,Analyst
43-9061.00,1.A.1.a.4,Written Expression,IM,3.62,8,0.183,3.2664,3.9836,N,,08/2018,Analyst
43-9061.00,1.A.1.a.4,Written Expression,LV,3.0,8,0.0,3.0,3.0,N,N,08/2018,Analyst
43-9061.00,1.A.1.b.1,Fluency of Ideas,IM,2.75,8,0.1637,2.4292,3.0708,N,,08/2018,Analyst
43-9061.00,1.A.1.b.1,Fluency of Ideas,LV,2.0,8,0.0,2.0,2.0,N,N,08/2018,Analyst
43-9061.00,1.A.1.b.2,Originality,IM,2.12,8,0.125,1.88,2.37,N,,08/2018,Analyst
43-9061.00,1.A.1.b.2,Originality,LV,2.0,8,0.0,2.0,2.0,N,N,08/2018,Analyst
43-9061.00,1.A.1.b.3,Problem Sensitivity,IM,3.12,8,0.125,2.88,3.37,N,,08/2018,Analyst
43-9061.00,1.A.1.b.3,Problem Sensitivity,LV,2.75,8,0.1637,2.4292,3.0708,N,N,08/2018,Analyst
43-9061.00,1.A.1.b.4,Deductive Reasoning,IM,3.0,8,0.189,2.6296,3.3704,N,,08/2018,Analyst
43-9061.00,1.A.1.b.4,Deductive Reasoning,LV,2.88,8,0.125,2.63,3.12,N,N,08/2018,Analyst
43-9061.00,1.A.1.b.5,Inductive Reasoning,IM,3.0,8,0.189,2.6296,3.3704,N,,08/2018,Analyst
43-9061.00,1.A.1.b.5,Inductive Reasoning,LV,2.88,8,0.125,2.63,3.12,N,N,08/2018,Analyst
43-9061.00,1.A.1.b.6,Information Ordering,IM,3.12,8,0.125,2.88,3.37,N,,08/2018,Analyst
43-9061.00,1.A.1.b.6,Information Ordering,LV,3.0,8,0.0,3.0,3.0,N,N,08/2018,Analyst
43-9061.00,1.A.1.b.7,Category Flexibility,IM,3.0,8,0.189,2.6296,3.3704,N,,08/2018,Analyst
43-9061.00,1.A.1.b.7,Category Flexibility,LV,3.0,8,0.0,3.0,3.0,N,N,08/2018,Analyst
43-9061.00,1.A.1.c.1,Mathematical Reasoning,IM,2.75,8,0.25,2.26,3.24,N,,08/2018,Analyst
43-9061.00,1.A.1.c.1,Mathematical Reasoning,LV,2.62,8,0.183,2.2664,2.9836,N,N,08/2018,Analyst
43-9061.00,1.A.1.c.2,Number Facility,IM,2.62,8,0.183,2.2664,2.9836,N,,08/2018,Analyst
43-9061.00,1.A.1.c.2,Number Facility,LV,2.62,8,0.183,2.2664,2.9836,N,N,08/2018,Analyst
43-9061.00,1.A.1.d.1,Memorization,IM,2.12,8,0.125,1.88,2.37,N,,08/2018,Analyst
43-9061.00,1.A.1.d.1,Memorization,LV,2.0,8,0.0,2.0,2.0,N,N,08/2018,Analyst
43-9061.00,1.A.1.e.1,Speed of Closure,IM,2.12,8,0.125,1.88,2.37,N,,08/2018,Analyst
43-9061.00,1.A.1.e.1,Speed of Closure,LV,2.0,8,0.189,1.6296,2.3704,N,N,08/2018,Analyst
43-9061.00,1.A.1.e.2,Flexibility of Closure,IM,2.62,8,0.183,2.2664,2.9836,N,,08/2018,Analyst
43-9061.00,1.A.1.e.2,Flexibility of Closure,LV,2.75,8,0.1637,2.4292,3.0708,N,N,08/2018,Analyst
43-9061.00,1.A.1.e.3,Perceptual Speed,IM,2.62,8,0.183,2.2664,2.9836,N,,08/2018,Analyst
43-9061.00,1.A.1.e.3,Perceptual Speed,LV,2.5,8,0.189,2.1296,2.8704,N,N,08/2018,Analyst
43-9061.00,1.A.1.f.1,Spatial Orientation,IM,1.0,8,0.0,1.0,1.0,N,,08/2018,Analyst
43-9061.00,1.A.1.f.1,Spatial Orientation,LV,0.0,8,0.0,0.0,0.0,N,Y,08/2018,Analyst
43-9061.00,1.A.1.f.2,Visualization,IM,2.12,8,0.125,1.88,2.37,N,,08/2018,Analyst
43-9061.00,1.A.1.f.2,Visualization,LV,2.0,8,0.0,2.0,2.0,N,N,08/2018,Analyst
43-9061.00,1.A.1.g.1,Selective Attention,IM,3.0,8,0.0,3.0,3.0,N,,08/2018,Analyst
43-9061.00,1.A.1.g.1,Selective Attention,LV,2.75,8,0.1637,2.4292,3.0708,N,N,08/2018,Analyst
43-9061.00,1.A.1.g.2,Time Sharing,IM,2.88,8,0.125,2.63,3.12,N,,08/2018,Analyst
43-9061.00,1.A.1.g.2,Time Sharing,LV,2.12,8,0.125,1.88,2.37,N,N,08/2018,Analyst
43-9061.00,1.A.2.a.1,Arm-Hand Steadiness,IM,2.0,8,0.0,2.0,2.0,N,,08/2018,Analyst
43-9061.00,1.A.2.a.1,Arm-Hand Steadiness,LV,1.75,8,0.1637,1.4292,2.0708,N,N,08/2018,Analyst
43-9061.00,1.A.2.a.2,Manual Dexterity,IM,1.88,8,0.125,1.63,2.12,N,,08/2018,Analyst
43-9061.00,1.A.2.a.2,Manual Dexterity,LV,1.62,8,0.2631,1.1094,2.1406,N,N,08/2018,Analyst
43-9061.00,1.A.2.a.3,Finger Dexterity,IM,2.38,8,0.183,2.0164,2.7336,N,,08/2018,Analyst
43-9061.00,1.A.2.a.3,Finger Dexterity,LV,1.88,8,0.125,1.63,2.12,N,N,08/2018,Analyst
43-9061.00,1.A.2.b.1,Control Precision,IM,2.12,8,0.125,1.88,2.37,N,,08/2018,Analyst
43-9061.00,1.A.2.b.1,Control Precision,LV,1.75,8,0.1637,1.4292,2.0708,N,N,08/2018,Analyst
43-9061.00,1.A.2.b.2,Multilimb Coordination,IM,1.38,8,0.183,1.0164,1.7336,N,,08/2018,Analyst
43-9061.00,1.A.2.b.2,Multilimb Coordination,LV,0.75,8,0.366,0.0327,1.4673,N,N,08/2018,Analyst
43-9061.00,1.A.2.b.3,Response Orientation,IM,1.0,8,0.0,1.0,1.0,N,,08/2018,Analyst
43-9061.00,1.A.2.b.3,Response Orientation,LV,0.0,8,0.0,0.0,0.0,N,Y,08/2018,Analyst
43-9061.00,1.A.2.b.4,Rate Control,IM,1.0,8,0.0,1.0,1.0,N,,08/2018,Analyst
43-9061.00,1.A.2.b.4,Rate Control,LV,0.0,8,0.0,0.0,0.0,N,Y,08/2018,Analyst
43-9061.00,1.A.2.c.1,Reaction Time,IM,1.0,8,0.0,1.0,1.0,N,,08/2018,Analyst
43-9061.00,1.A.2.c.1,Reaction Time,LV,0.0,8,0.0,0.0,0.0,N,Y,08/2018,Analyst
43-9061.00,1.A.2.c.2,Wrist-Finger Speed,IM,1.5,8,0.189,1.1296,1.8704,N,,08/2018,Analyst
43-9061.00,1.A.2.c.2,Wrist-Finger Speed,LV,0.75,8,0.3134,0.1358,1.3642,N,N,08/2018,Analyst
43-9061.00,1.A.2.c.3,Speed of Limb Movement,IM,1.0,8,0.0,1.0,1.0,N,,08/2018,Analyst
43-9061.00,1.A.2.c.3,Speed of Limb Movement,LV,0.0,8,0.0,0.0,0.0,N,Y,08/2018,Analyst
43-9061.00,1.A.3.a.1,Static Strength,IM,1.38,8,0.183,1.0164,1.7336,N,,08/2018,Analyst
43-9061.00,1.A.3.a.1,Static Strength,LV,0.5,8,0.2673,0.0,1.0238,N,N,08/2018,Analyst
43-9061.00,1.A.3.a.2,Explosive Strength,IM,1.0,8,0.0,1.0,1.0,N,,08/2018,Analyst
43-9061.00,1.A.3.a.2,Explosive Strength,LV,0.0,8,0.0,0.0,0.0,N,Y,08/2018,Analyst
43-9061.00,1.A.3.a.3,Dynamic Strength,IM,1.38,8,0.183,1.0164,1.7336,N,,08/2018,Analyst
43-9061.00,1.A.3.a.3,Dynamic Strength,LV,0.62,8,0.3239,0.0,1.2598,N,N,08/2018,Analyst
43-9061.00,1.A.3.a.4,Trunk Strength,IM,1.75,8,0.1637,1.4292,2.0708,N,,08/2018,Analyst
43-9061.00,1.A.3.a.4,Trunk Strength,LV,1.0,8,0.2673,0.4762,1.5238,N,N,08/2018,Analyst
43-9061.00,1.A.3.b.1,Stamina,IM,1.0,8,0.0,1.0,1.0,N,,08/2018,Analyst
43-9061.00,1.A.3.b.1,Stamina,LV,0.0,8,0.0,0.0,0.0,N,Y,08/2018,Analyst
43-9061.00,1.A.3.c.1,Extent Flexibility,IM,1.0,8,0.0,1.0,1.0,N,,08/2018,Analyst
43-9061.00,1.A.3.c.1,Extent Flexibility,LV,0.0,8,0.0,0.0,0.0,N,Y,08/2018,Analyst
43-9061.00,1.A.3.c.2,Dynamic Flexibility,IM,1.0,8,0.0,1.0,1.0,N,,08/2018,Analyst
43-9061.00,1.A.3.c.2,Dynamic Flexibility,LV,0.0,8,0.0,0.0,0.0,N,Y,08/2018,Analyst
43-9061.00,1.A.3.c.3,Gross Body Coordination,IM,1.0,8,0.0,1.0,1.0,N,,08/2018,Analyst
43-9061.00,1.A.3.c.3,Gross Body Coordination,LV,0.0,8,0.0,0.0,0.0,N,Y,08/2018,Analyst
43-9061.00,1.A.3.c.4,Gross Body Equilibrium,IM,1.0,8,0.0,1.0,1.0,N,,08/2018,Analyst
43-9061.00,1.A.3.c.4,Gross Body Equilibrium,LV,0.0,8,0.0,0.0,0.0,N,Y,08/2018,Analyst
43-9061.00,1.A.4.a.1,Near Vision,IM,3.38,8,0.183,3.0164,3.7336,N,,08/2018,Analyst
43-9061.00,1.A.4.a.1,Near Vision,LV,3.25,8,0.1637,2.9292,3.5708,N,N,08/2018,Analyst
43-9061.00,1.A.4.a.2,Far Vision,IM,2.75,8,0.1637,2.4292,3.0708,N,,08/2018,Analyst
43-9061.00,1.A.4.a.2,Far Vision,LV,2.75,8,0.1637,2.4292,3.0708,N,N,08/2018,Analyst
43-9061.00,1.A.4.a.3,Visual Color Discrimination,IM,2.12,8,0.125,1.88,2.37,N,,08/2018,Analyst
43-9061.00,1.A.4.a.3,Visual Color Discrimination,LV,2.0,8,0.0,2.0,2.0,N,N,08/2018,Analyst
43-9061.00,1.A.4.a.4,Night Vision,IM,1.0,8,0.0,1.0,1.0,N,,08/2018,Analyst
43-9061.00,1.A.4.a.4,Night Vision,LV,0.0,8,0.0,0.0,0.0,N,Y,08/2018,Analyst
43-9061.00,1.A.4.a.5,Peripheral Vision,IM,1.0,8,0.0,1.0,1.0,N,,08/2018,Analyst
43-9061.00,1.A.4.a.5,Peripheral Vision,LV,0.0,8,0.0,0.0,0.0,N,Y,08/2018,Analyst
43-9061.00,1.A.4.a.6,Depth Perception,IM,1.5,8,0.189,1.1296,1.8704,N,,08/2018,Analyst
43-9061.00,1.A.4.a.6,Depth Perception,LV,0.5,8,0.189,0.1296,0.8704,N,N,08/2018,Analyst
43-9061.00,1.A.4.a.7,Glare Sensitivity,IM,1.0,8,0.0,1.0,1.0,N,,08/2018,Analyst
43-9061.00,1.A.4.a.7,Glare Sensitivity,LV,0.0,8,0.0,0.0,0.0,N,Y,08/2018,Analyst
43-9061.00,1.A.4.b.1,Hearing Sensitivity,IM,2.0,8,0.0,2.0,2.0,N,,08/2018,Analyst
43-9061.00,1.A.4.b.1,Hearing Sensitivity,LV,1.88,8,0.125,1.63,2.12,N,N,08/2018,Analyst
43-9061.00,1.A.4.b.2,Auditory Attention,IM,2.12,8,0.125,1.88,2.37,N,,08/2018,Analyst
43-9061.00,1.A.4.b.2,Auditory Attention,LV,2.0,8,0.0,2.0,2.0,N,N,08/2018,Analyst
43-9061.00,1.A.4.b.3,Sound Localization,IM,1.0,8,0.0,1.0,1.0,N,,08/2018,Analyst
43-9061.00,1.A.4.b.3,Sound Localization,LV,0.0,8,0.0,0.0,0.0,N,Y,08/2018,Analyst
43-9061.00,1.A.4.b.4,Speech Recognition,IM,3.38,8,0.183,3.0164,3.7336,N,,08/2018,Analyst
43-9061.00,1.A.4.b.4,Speech Recognition,LV,3.12,8,0.125,2.88,3.37,N,N,08/2018,Analyst
43-9061.00,1.A.4.b.5,Speech Clarity,IM,3.38,8,0.183,3.0164,3.7336,N,,08/2018,Analyst
43-9061.00,1.A.4.b.5,Speech Clarity,LV,3.0,8,0.0,3.0,3.0,N,N,08/2018,Analyst
43-9071.00,1.A.1.a.1,Oral Comprehension,IM,3.12,8,0.125,2.88,3.37,N,,07/2017,Analyst
43-9071.00,1.A.1.a.1,Oral Comprehension,LV,3.12,8,0.125,2.88,3.37,N,N,07/2017,Analyst
43-9071.00,1.A.1.a.2,Written Comprehension,IM,3.62,8,0.183,3.2664,3.9836,N,,07/2017,Analyst
43-9071.00,1.A.1.a.2,Written Comprehension,LV,3.0,8,0.0,3.0,3.0,N,N,07/2017,Analyst
43-9071.00,1.A.1.a.3,Oral Expression,IM,3.12,8,0.125,2.88,3.37,N,,07/2017,Analyst
43-9071.00,1.A.1.a.3,Oral Expression,LV,3.0,8,0.0,3.0,3.0,N,N,07/2017,Analyst
43-9071.00,1.A.1.a.4,Written Expression,IM,2.88,8,0.125,2.63,3.12,N,,07/2017,Analyst
43-9071.00,1.A.1.a.4,Written Expression,LV,2.38,8,0.183,2.0164,2.7336,N,N,07/2017,Analyst
43-9071.00,1.A.1.b.1,Fluency of Ideas,IM,2.12,8,0.125,1.88,2.37,N,,07/2017,Analyst
43-9071.00,1.A.1.b.1,Fluency of Ideas,LV,2.12,8,0.125,1.88,2.37,N,N,07/2017,Analyst
43-9071.00,1.A.1.b.2,Originality,IM,2.12,8,0.125,1.88,2.37,N,,07/2017,Analyst
43-9071.00,1.A.1.b.2,Originality,LV,2.12,8,0.125,1.88,2.37,N,N,07/2017,Analyst
43-9071.00,1.A.1.b.3,Problem Sensitivity,IM,3.0,8,0.0,3.0,3.0,N,,07/2017,Analyst
43-9071.00,1.A.1.b.3,Problem Sensitivity,LV,2.75,8,0.1637,2.4292,3.0708,N,N,07/2017,Analyst
43-9071.00,1.A.1.b.4,Deductive Reasoning,IM,2.75,8,0.1637,2.4292,3.0708,N,,07/2017,Analyst
43-9071.00,1.A.1.b.4,Deductive Reasoning,LV,2.62,8,0.183,2.2664,2.9836,N,N,07/2017,Analyst
43-9071.00,1.A.1.b.5,Inductive Reasoning,IM,2.75,8,0.1637,2.4292,3.0708,N,,07/2017,Analyst
43-9071.00,1.A.1.b.5,Inductive Reasoning,LV,2.5,8,0.189,2.1296,2.8704,N,N,07/2017,Analyst
43-9071.00,1.A.1.b.6,Information Ordering,IM,3.25,8,0.1637,2.9292,3.5708,N,,07/2017,Analyst
43-9071.00,1.A.1.b.6,Information Ordering,LV,2.88,8,0.125,2.63,3.12,N,N,07/2017,Analyst
43-9071.00,1.A.1.b.7,Category Flexibility,IM,2.75,8,0.1637,2.4292,3.0708,N,,07/2017,Analyst
43-9071.00,1.A.1.b.7,Category Flexibility,LV,2.88,8,0.125,2.63,3.12,N,N,07/2017,Analyst
43-9071.00,1.A.1.c.1,Mathematical Reasoning,IM,2.75,8,0.1637,2.4292,3.0708,N,,07/2017,Analyst
43-9071.00,1.A.1.c.1,Mathematical Reasoning,LV,2.0,8,0.0,2.0,2.0,N,N,07/2017,Analyst
43-9071.00,1.A.1.c.2,Number Facility,IM,2.75,8,0.1637,2.4292,3.0708,N,,07/2017,Analyst
43-9071.00,1.A.1.c.2,Number Facility,LV,2.5,8,0.189,2.1296,2.8704,N,N,07/2017,Analyst
43-9071.00,1.A.1.d.1,Memorization,IM,2.0,8,0.0,2.0,2.0,N,,07/2017,Analyst
43-9071.00,1.A.1.d.1,Memorization,LV,2.0,8,0.0,2.0,2.0,N,N,07/2017,Analyst
43-9071.00,1.A.1.e.1,Speed of Closure,IM,2.0,8,0.0,2.0,2.0,N,,07/2017,Analyst
43-9071.00,1.A.1.e.1,Speed of Closure,LV,2.0,8,0.0,2.0,2.0,N,N,07/2017,Analyst
43-9071.00,1.A.1.e.2,Flexibility of Closure,IM,2.5,8,0.189,2.1296,2.8704,N,,07/2017,Analyst
43-9071.00,1.A.1.e.2,Flexibility of Closure,LV,2.62,8,0.183,2.2664,2.9836,N,N,07/2017,Analyst
43-9071.00,1.A.1.e.3,Perceptual Speed,IM,2.75,8,0.1637,2.4292,3.0708,N,,07/2017,Analyst
43-9071.00,1.A.1.e.3,Perceptual Speed,LV,2.75,8,0.1637,2.4292,3.0708,N,N,07/2017,Analyst
43-9071.00,1.A.1.f.1,Spatial Orientation,IM,1.0,8,0.0,1.0,1.0,N,,07/2017,Analyst
43-9071.00,1.A.1.f.1,Spatial Orientation,LV,0.0,8,0.0,0.0,0.0,N,Y,07/2017,Analyst
43-9071.00,1.A.1.f.2,Visualization,IM,2.75,8,0.1637,2.4292,3.0708,N,,07/2017,Analyst
43-9071.00,1.A.1.f.2,Visualization,LV,2.5,8,0.189,2.1296,2.8704,N,N,07/2017,Analyst
43-9071.00,1.A.1.g.1,Selective Attention,IM,3.0,8,0.0,3.0,3.0,N,,07/2017,Analyst
43-9071.00,1.A.1.g.1,Selective Attention,LV,2.88,8,0.125,2.63,3.12,N,N,07/2017,Analyst
43-9071.00,1.A.1.g.2,Time Sharing,IM,2.62,8,0.183,2.2664,2.9836,N,,07/2017,Analyst
43-9071.00,1.A.1.g.2,Time Sharing,LV,2.12,8,0.125,1.88,2.37,N,N,07/2017,Analyst
43-9071.00,1.A.2.a.1,Arm-Hand Steadiness,IM,3.0,8,0.0,3.0,3.0,N,,07/2017,Analyst
43-9071.00,1.A.2.a.1,Arm-Hand Steadiness,LV,2.88,8,0.125,2.63,3.12,N,N,07/2017,Analyst
43-9071.00,1.A.2.a.2,Manual Dexterity,IM,2.75,8,0.1637,2.4292,3.0708,N,,07/2017,Analyst
43-9071.00,1.A.2.a.2,Manual Dexterity,LV,2.75,8,0.1637,2.4292,3.0708,N,N,07/2017,Analyst
43-9071.00,1.A.2.a.3,Finger Dexterity,IM,2.88,8,0.125,2.63,3.12,N,,07/2017,Analyst
43-9071.00,1.A.2.a.3,Finger Dexterity,LV,2.88,8,0.125,2.63,3.12,N,N,07/2017,Analyst
43-9071.00,1.A.2.b.1,Control Precision,IM,2.88,8,0.125,2.63,3.12,N,,07/2017,Analyst
43-9071.00,1.A.2.b.1,Control Precision,LV,2.88,8,0.125,2.63,3.12,N,N,07/2017,Analyst
43-9071.00,1.A.2.b.2,Multilimb Coordination,IM,2.38,8,0.183,2.0164,2.7336,N,,07/2017,Analyst
43-9071.00,1.A.2.b.2,Multilimb Coordination,LV,2.12,8,0.125,1.88,2.37,N,N,07/2017,Analyst
43-9071.00,1.A.2.b.3,Response Orientation,IM,1.75,8,0.1637,1.4292,2.0708,N,,07/2017,Analyst
43-9071.00,1.A.2.b.3,Response Orientation,LV,1.5,8,0.3273,0.8584,2.1416,N,N,07/2017,Analyst
43-9071.00,1.A.2.b.4,Rate Control,IM,2.62,8,0.183,2.2664,2.9836,N,,07/2017,Analyst
43-9071.00,1.A.2.b.4,Rate Control,LV,2.38,8,0.183,2.0164,2.7336,N,N,07/2017,Analyst
43-9071.00,1.A.2.c.1,Reaction Time,IM,2.25,8,0.1637,1.9292,2.5708,N,,07/2017,Analyst
43-9071.00,1.A.2.c.1,Reaction Time,LV,2.38,8,0.183,2.0164,2.7336,N,N,07/2017,Analyst
43-9071.00,1.A.2.c.2,Wrist-Finger Speed,IM,2.12,8,0.125,1.88,2.37,N,,07/2017,Analyst
43-9071.00,1.A.2.c.2,Wrist-Finger Speed,LV,1.75,8,0.1637,1.4292,2.0708,N,N,07/2017,Analyst
43-9071.00,1.A.2.c.3,Speed of Limb Movement,IM,1.62,8,0.183,1.2664,1.9836,N,,07/2017,Analyst
43-9071.00,1.A.2.c.3,Speed of Limb Movement,LV,1.12,8,0.3504,0.4383,1.8117,N,N,07/2017,Analyst
43-9071.00,1.A.3.a.1,Static Strength,IM,2.12,8,0.125,1.88,2.37,N,,07/2017,Analyst
43-9071.00,1.A.3.a.1,Static Strength,LV,2.12,8,0.125,1.88,2.37,N,N,07/2017,Analyst
43-9071.00,1.A.3.a.2,Explosive Strength,IM,1.38,8,0.183,1.0164,1.7336,N,,07/2017,Analyst
43-9071.00,1.A.3.a.2,Explosive Strength,LV,0.75,8,0.366,0.0327,1.4673,N,N,07/2017,Analyst
43-9071.00,1.A.3.a.3,Dynamic Strength,IM,2.0,8,0.0,2.0,2.0,N,,07/2017,Analyst
43-9071.00,1.A.3.a.3,Dynamic Strength,LV,1.88,8,0.125,1.63,2.12,N,N,07/2017,Analyst
43-9071.00,1.A.3.a.4,Trunk Strength,IM,2.5,8,0.189,2.1296,2.8704,N,,07/2017,Analyst
43-9071.00,1.A.3.a.4,Trunk Strength,LV,2.38,8,0.183,2.0164,2.7336,N,N,07/2017,Analyst
43-9071.00,1.A.3.b.1,Stamina,IM,2.12,8,0.125,1.88,2.37,N,,07/2017,Analyst
43-9071.00,1.A.3.b.1,Stamina,LV,1.75,8,0.1637,1.4292,2.0708,N,N,07/2017,Analyst
43-9071.00,1.A.3.c.1,Extent Flexibility,IM,2.38,8,0.183,2.0164,2.7336,N,,07/2017,Analyst
43-9071.00,1.A.3.c.1,Extent Flexibility,LV,2.62,8,0.183,2.2664,2.9836,N,N,07/2017,Analyst
43-9071.00,1.A.3.c.2,Dynamic Flexibility,IM,1.0,8,0.0,1.0,1.0,N,,07/2017,Analyst
43-9071.00,1.A.3.c.2,Dynamic Flexibility,LV,0.0,8,0.0,0.0,0.0,N,Y,07/2017,Analyst
43-9071.00,1.A.3.c.3,Gross Body Coordination,IM,2.0,8,0.0,2.0,2.0,N,,07/2017,Analyst
43-9071.00,1.A.3.c.3,Gross Body Coordination,LV,1.75,8,0.1637,1.4292,2.0708,N,N,07/2017,Analyst
43-9071.00,1.A.3.c.4,Gross Body Equilibrium,IM,2.0,8,0.0,2.0,2.0,N,,07/2017,Analyst
43-9071.00,1.A.3.c.4,Gross Body Equilibrium,LV,1.12,8,0.125,0.88,1.37,N,N,07/2017,Analyst
43-9071.00,1.A.4.a.1,Near Vision,IM,3.62,8,0.183,3.2664,3.9836,N,,07/2017,Analyst
43-9071.00,1.A.4.a.1,Near Vision,LV,3.12,8,0.125,2.88,3.37,N,N,07/2017,Analyst
43-9071.00,1.A.4.a.2,Far Vision,IM,2.75,8,0.1637,2.4292,3.0708,N,,07/2017,Analyst
43-9071.00,1.A.4.a.2,Far Vision,LV,2.75,8,0.1637,2.4292,3.0708,N,N,07/2017,Analyst
43-9071.00,1.A.4.a.3,Visual Color Discrimination,IM,2.62,8,0.2631,2.1094,3.1406,N,,07/2017,Analyst
43-9071.00,1.A.4.a.3,Visual Color Discrimination,LV,2.38,8,0.375,1.64,3.11,N,N,07/2017,Analyst
43-9071.00,1.A.4.a.4,Night Vision,IM,1.0,8,0.0,1.0,1.0,N,,07/2017,Analyst
43-9071.00,1.A.4.a.4,Night Vision,LV,0.0,8,0.0,0.0,0.0,N,Y,07/2017,Analyst
43-9071.00,1.A.4.a.5,Peripheral Vision,IM,1.12,8,0.125,1.0,1.37,N,,07/2017,Analyst
43-9071.00,1.A.4.a.5,Peripheral Vision,LV,0.25,8,0.25,0.0,0.74,N,Y,07/2017,Analyst
43-9071.00,1.A.4.a.6,Depth Perception,IM,2.38,8,0.2631,1.8594,2.8906,N,,07/2017,Analyst
43-9071.00,1.A.4.a.6,Depth Perception,LV,1.75,8,0.25,1.26,2.24,N,N,07/2017,Analyst
43-9071.00,1.A.4.a.7,Glare Sensitivity,IM,1.12,8,0.125,1.0,1.37,N,,07/2017,Analyst
43-9071.00,1.A.4.a.7,Glare Sensitivity,LV,0.25,8,0.25,0.0,0.74,N,Y,07/2017,Analyst
43-9071.00,1.A.4.b.1,Hearing Sensitivity,IM,2.5,8,0.189,2.1296,2.8704,N,,07/2017,Analyst
43-9071.00,1.A.4.b.1,Hearing Sensitivity,LV,2.5,8,0.189,2.1296,2.8704,N,N,07/2017,Analyst
43-9071.00,1.A.4.b.2,Auditory Attention,IM,2.75,8,0.1637,2.4292,3.0708,N,,07/2017,Analyst
43-9071.00,1.A.4.b.2,Auditory Attention,LV,2.5,8,0.189,2.1296,2.8704,N,N,07/2017,Analyst
43-9071.00,1.A.4.b.3,Sound Localization,IM,1.12,8,0.125,1.0,1.37,N,,07/2017,Analyst
43-9071.00,1.A.4.b.3,Sound Localization,LV,0.12,8,0.125,0.0,0.37,N,Y,07/2017,Analyst
43-9071.00,1.A.4.b.4,Speech Recognition,IM,2.88,8,0.125,2.63,3.12,N,,07/2017,Analyst
43-9071.00,1.A.4.b.4,Speech Recognition,LV,2.88,8,0.125,2.63,3.12,N,N,07/2017,Analyst
43-9071.00,1.A.4.b.5,Speech Clarity,IM,2.88,8,0.125,2.63,3.12,N,,07/2017,Analyst
43-9071.00,1.A.4.b.5,Speech Clarity,LV,2.38,8,0.183,2.0164,2.7336,N,N,07/2017,Analyst
43-9081.00,1.A.1.a.1,Oral Comprehension,IM,3.75,8,0.1637,3.4292,4.0708,N,,07/2016,Analyst
43-9081.00,1.A.1.a.1,Oral Comprehension,LV,4.0,8,0.0,4.0,4.0,N,N,07/2016,Analyst
43-9081.00,1.A.1.a.2,Written Comprehension,IM,4.38,8,0.183,4.0164,4.7336,N,,07/2016,Analyst
43-9081.00,1.A.1.a.2,Written Comprehension,LV,4.25,8,0.1637,3.9292,4.5708,N,N,07/2016,Analyst
43-9081.00,1.A.1.a.3,Oral Expression,IM,3.5,8,0.189,3.1296,3.8704,N,,07/2016,Analyst
43-9081.00,1.A.1.a.3,Oral Expression,LV,3.75,8,0.1637,3.4292,4.0708,N,N,07/2016,Analyst
43-9081.00,1.A.1.a.4,Written Expression,IM,3.62,8,0.183,3.2664,3.9836,N,,07/2016,Analyst
43-9081.00,1.A.1.a.4,Written Expression,LV,4.0,8,0.189,3.6296,4.3704,N,N,07/2016,Analyst
43-9081.00,1.A.1.b.1,Fluency of Ideas,IM,2.0,8,0.189,1.6296,2.3704,N,,07/2016,Analyst
43-9081.00,1.A.1.b.1,Fluency of Ideas,LV,1.62,8,0.2631,1.1094,2.1406,N,N,07/2016,Analyst
43-9081.00,1.A.1.b.2,Originality,IM,1.88,8,0.125,1.63,2.12,N,,07/2016,Analyst
43-9081.00,1.A.1.b.2,Originality,LV,1.62,8,0.2631,1.1094,2.1406,N,N,07/2016,Analyst
43-9081.00,1.A.1.b.3,Problem Sensitivity,IM,3.25,8,0.1637,2.9292,3.5708,N,,07/2016,Analyst
43-9081.00,1.A.1.b.3,Problem Sensitivity,LV,3.0,8,0.0,3.0,3.0,N,N,07/2016,Analyst
43-9081.00,1.A.1.b.4,Deductive Reasoning,IM,3.12,8,0.125,2.88,3.37,N,,07/2016,Analyst
43-9081.00,1.A.1.b.4,Deductive Reasoning,LV,3.0,8,0.189,2.6296,3.3704,N,N,07/2016,Analyst
43-9081.00,1.A.1.b.5,Inductive Reasoning,IM,2.75,8,0.1637,2.4292,3.0708,N,,07/2016,Analyst
43-9081.00,1.A.1.b.5,Inductive Reasoning,LV,2.62,8,0.183,2.2664,2.9836,N,N,07/2016,Analyst
43-9081.00,1.A.1.b.6,Information Ordering,IM,3.0,8,0.0,3.0,3.0,N,,07/2016,Analyst
43-9081.00,1.A.1.b.6,Information Ordering,LV,3.0,8,0.0,3.0,3.0,N,N,07/2016,Analyst
43-9081.00,1.A.1.b.7,Category Flexibility,IM,2.5,8,0.189,2.1296,2.8704,N,,07/2016,Analyst
43-9081.00,1.A.1.b.7,Category Flexibility,LV,2.38,8,0.183,2.0164,2.7336,N,N,07/2016,Analyst
43-9081.00,1.A.1.c.1,Mathematical Reasoning,IM,2.0,8,0.0,2.0,2.0,N,,07/2016,Analyst
43-9081.00,1.A.1.c.1,Mathematical Reasoning,LV,1.0,8,0.0,1.0,1.0,N,N,07/2016,Analyst
43-9081.00,1.A.1.c.2,Number Facility,IM,1.38,8,0.183,1.0164,1.7336,N,,07/2016,Analyst
43-9081.00,1.A.1.c.2,Number Facility,LV,0.5,8,0.2673,0.0,1.0238,N,N,07/2016,Analyst
43-9081.00,1.A.1.d.1,Memorization,IM,2.0,8,0.0,2.0,2.0,N,,07/2016,Analyst
43-9081.00,1.A.1.d.1,Memorization,LV,2.0,8,0.0,2.0,2.0,N,N,07/2016,Analyst
43-9081.00,1.A.1.e.1,Speed of Closure,IM,2.12,8,0.125,1.88,2.37,N,,07/2016,Analyst
43-9081.00,1.A.1.e.1,Speed of Closure,LV,1.25,8,0.1637,0.9292,1.5708,N,N,07/2016,Analyst
43-9081.00,1.A.1.e.2,Flexibility of Closure,IM,2.5,8,0.189,2.1296,2.8704,N,,07/2016,Analyst
43-9081.00,1.A.1.e.2,Flexibility of Closure,LV,2.5,8,0.189,2.1296,2.8704,N,N,07/2016,Analyst
43-9081.00,1.A.1.e.3,Perceptual Speed,IM,3.12,8,0.2266,2.6809,3.5691,N,,07/2016,Analyst
43-9081.00,1.A.1.e.3,Perceptual Speed,LV,2.62,8,0.183,2.2664,2.9836,N,N,07/2016,Analyst
43-9081.00,1.A.1.f.1,Spatial Orientation,IM,1.0,8,0.0,1.0,1.0,N,,07/2016,Analyst
43-9081.00,1.A.1.f.1,Spatial Orientation,LV,0.0,8,0.0,0.0,0.0,N,Y,07/2016,Analyst
43-9081.00,1.A.1.f.2,Visualization,IM,2.12,8,0.125,1.88,2.37,N,,07/2016,Analyst
43-9081.00,1.A.1.f.2,Visualization,LV,1.5,8,0.189,1.1296,1.8704,N,N,07/2016,Analyst
43-9081.00,1.A.1.g.1,Selective Attention,IM,2.88,8,0.2266,2.4309,3.3191,N,,07/2016,Analyst
43-9081.00,1.A.1.g.1,Selective Attention,LV,2.38,8,0.2631,1.8594,2.8906,N,N,07/2016,Analyst
43-9081.00,1.A.1.g.2,Time Sharing,IM,1.88,8,0.125,1.63,2.12,N,,07/2016,Analyst
43-9081.00,1.A.1.g.2,Time Sharing,LV,1.25,8,0.25,0.76,1.74,N,N,07/2016,Analyst
43-9081.00,1.A.2.a.1,Arm-Hand Steadiness,IM,1.88,8,0.125,1.63,2.12,N,,07/2016,Analyst
43-9081.00,1.A.2.a.1,Arm-Hand Steadiness,LV,1.0,8,0.189,0.6296,1.3704,N,N,07/2016,Analyst
43-9081.00,1.A.2.a.2,Manual Dexterity,IM,1.88,8,0.125,1.63,2.12,N,,07/2016,Analyst
43-9081.00,1.A.2.a.2,Manual Dexterity,LV,1.0,8,0.189,0.6296,1.3704,N,N,07/2016,Analyst
43-9081.00,1.A.2.a.3,Finger Dexterity,IM,2.0,8,0.0,2.0,2.0,N,,07/2016,Analyst
43-9081.00,1.A.2.a.3,Finger Dexterity,LV,1.38,8,0.183,1.0164,1.7336,N,N,07/2016,Analyst
43-9081.00,1.A.2.b.1,Control Precision,IM,1.38,8,0.183,1.0164,1.7336,N,,07/2016,Analyst
43-9081.00,1.A.2.b.1,Control Precision,LV,0.38,8,0.183,0.0164,0.7336,N,N,07/2016,Analyst
43-9081.00,1.A.2.b.2,Multilimb Coordination,IM,1.0,8,0.0,1.0,1.0,N,,07/2016,Analyst
43-9081.00,1.A.2.b.2,Multilimb Coordination,LV,0.0,8,0.0,0.0,0.0,N,Y,07/2016,Analyst
43-9081.00,1.A.2.b.3,Response Orientation,IM,1.0,8,0.0,1.0,1.0,N,,07/2016,Analyst
43-9081.00,1.A.2.b.3,Response Orientation,LV,0.0,8,0.0,0.0,0.0,N,Y,07/2016,Analyst
43-9081.00,1.A.2.b.4,Rate Control,IM,1.0,8,0.0,1.0,1.0,N,,07/2016,Analyst
43-9081.00,1.A.2.b.4,Rate Control,LV,0.0,8,0.0,0.0,0.0,N,Y,07/2016,Analyst
43-9081.00,1.A.2.c.1,Reaction Time,IM,1.12,8,0.125,1.0,1.37,N,,07/2016,Analyst
43-9081.00,1.A.2.c.1,Reaction Time,LV,0.12,8,0.125,0.0,0.37,N,Y,07/2016,Analyst
43-9081.00,1.A.2.c.2,Wrist-Finger Speed,IM,1.38,8,0.183,1.0164,1.7336,N,,07/2016,Analyst
43-9081.00,1.A.2.c.2,Wrist-Finger Speed,LV,0.5,8,0.2673,0.0,1.0238,N,N,07/2016,Analyst
43-9081.00,1.A.2.c.3,Speed of Limb Movement,IM,1.0,8,0.0,1.0,1.0,N,,07/2016,Analyst
43-9081.00,1.A.2.c.3,Speed of Limb Movement,LV,0.0,8,0.0,0.0,0.0,N,Y,07/2016,Analyst
43-9081.00,1.A.3.a.1,Static Strength,IM,1.0,8,0.0,1.0,1.0,N,,07/2016,Analyst
43-9081.00,1.A.3.a.1,Static Strength,LV,0.0,8,0.0,0.0,0.0,N,Y,07/2016,Analyst
43-9081.00,1.A.3.a.2,Explosive Strength,IM,1.0,8,0.0,1.0,1.0,N,,07/2016,Analyst
43-9081.00,1.A.3.a.2,Explosive Strength,LV,0.0,8,0.0,0.0,0.0,N,Y,07/2016,Analyst
43-9081.00,1.A.3.a.3,Dynamic Strength,IM,1.38,8,0.183,1.0164,1.7336,N,,07/2016,Analyst
43-9081.00,1.A.3.a.3,Dynamic Strength,LV,0.5,8,0.2673,0.0,1.0238,N,N,07/2016,Analyst
43-9081.00,1.A.3.a.4,Trunk Strength,IM,1.62,8,0.183,1.2664,1.9836,N,,07/2016,Analyst
43-9081.00,1.A.3.a.4,Trunk Strength,LV,0.88,8,0.295,0.2967,1.4533,N,N,07/2016,Analyst
43-9081.00,1.A.3.b.1,Stamina,IM,1.0,8,0.0,1.0,1.0,N,,07/2016,Analyst
43-9081.00,1.A.3.b.1,Stamina,LV,0.0,8,0.0,0.0,0.0,N,Y,07/2016,Analyst
43-9081.00,1.A.3.c.1,Extent Flexibility,IM,1.0,8,0.0,1.0,1.0,N,,07/2016,Analyst
43-9081.00,1.A.3.c.1,Extent Flexibility,LV,0.0,8,0.0,0.0,0.0,N,Y,07/2016,Analyst
43-9081.00,1.A.3.c.2,Dynamic Flexibility,IM,1.0,8,0.0,1.0,1.0,N,,07/2016,Analyst
43-9081.00,1.A.3.c.2,Dynamic Flexibility,LV,0.0,8,0.0,0.0,0.0,N,Y,07/2016,Analyst
43-9081.00,1.A.3.c.3,Gross Body Coordination,IM,1.0,8,0.0,1.0,1.0,N,,07/2016,Analyst
43-9081.00,1.A.3.c.3,Gross Body Coordination,LV,0.0,8,0.0,0.0,0.0,N,Y,07/2016,Analyst
43-9081.00,1.A.3.c.4,Gross Body Equilibrium,IM,1.0,8,0.0,1.0,1.0,N,,07/2016,Analyst
43-9081.00,1.A.3.c.4,Gross Body Equilibrium,LV,0.0,8,0.0,0.0,0.0,N,Y,07/2016,Analyst
43-9081.00,1.A.4.a.1,Near Vision,IM,3.88,8,0.125,3.63,4.12,N,,07/2016,Analyst
43-9081.00,1.A.4.a.1,Near Vision,LV,3.88,8,0.125,3.63,4.12,N,N,07/2016,Analyst
43-9081.00,1.A.4.a.2,Far Vision,IM,1.75,8,0.1637,1.4292,2.0708,N,,07/2016,Analyst
43-9081.00,1.A.4.a.2,Far Vision,LV,0.88,8,0.2266,0.4309,1.3191,N,N,07/2016,Analyst
43-9081.00,1.A.4.a.3,Visual Color Discrimination,IM,1.75,8,0.1637,1.4292,2.0708,N,,07/2016,Analyst
43-9081.00,1.A.4.a.3,Visual Color Discrimination,LV,0.88,8,0.2266,0.4309,1.3191,N,N,07/2016,Analyst
43-9081.00,1.A.4.a.4,Night Vision,IM,1.0,8,0.0,1.0,1.0,N,,07/2016,Analyst
43-9081.00,1.A.4.a.4,Night Vision,LV,0.0,8,0.0,0.0,0.0,N,Y,07/2016,Analyst
43-9081.00,1.A.4.a.5,Peripheral Vision,IM,1.0,8,0.0,1.0,1.0,N,,07/2016,Analyst
43-9081.00,1.A.4.a.5,Peripheral Vision,LV,0.0,8,0.0,0.0,0.0,N,Y,07/2016,Analyst
43-9081.00,1.A.4.a.6,Depth Perception,IM,1.0,8,0.0,1.0,1.0,N,,07/2016,Analyst
43-9081.00,1.A.4.a.6,Depth Perception,LV,0.0,8,0.0,0.0,0.0,N,Y,07/2016,Analyst
43-9081.00,1.A.4.a.7,Glare Sensitivity,IM,1.0,8,0.0,1.0,1.0,N,,07/2016,Analyst
43-9081.00,1.A.4.a.7,Glare Sensitivity,LV,0.0,8,0.0,0.0,0.0,N,Y,07/2016,Analyst
43-9081.00,1.A.4.b.1,Hearing Sensitivity,IM,1.5,8,0.189,1.1296,1.8704,N,,07/2016,Analyst
43-9081.00,1.A.4.b.1,Hearing Sensitivity,LV,0.5,8,0.189,0.1296,0.8704,N,N,07/2016,Analyst
43-9081.00,1.A.4.b.2,Auditory Attention,IM,1.62,8,0.183,1.2664,1.9836,N,,07/2016,Analyst
43-9081.00,1.A.4.b.2,Auditory Attention,LV,0.88,8,0.295,0.2967,1.4533,N,N,07/2016,Analyst
43-9081.00,1.A.4.b.3,Sound Localization,IM,1.0,8,0.0,1.0,1.0,N,,07/2016,Analyst
43-9081.00,1.A.4.b.3,Sound Localization,LV,0.0,8,0.0,0.0,0.0,N,Y,07/2016,Analyst
43-9081.00,1.A.4.b.4,Speech Recognition,IM,3.0,8,0.189,2.6296,3.3704,N,,07/2016,Analyst
43-9081.00,1.A.4.b.4,Speech Recognition,LV,2.88,8,0.125,2.63,3.12,N,N,07/2016,Analyst
43-9081.00,1.A.4.b.5,Speech Clarity,IM,3.0,8,0.189,2.6296,3.3704,N,,07/2016,Analyst
43-9081.00,1.A.4.b.5,Speech Clarity,LV,2.75,8,0.1637,2.4292,3.0708,N,N,07/2016,Analyst
43-9111.00,1.A.1.a.1,Oral Comprehension,IM,3.88,8,0.125,3.63,4.12,N,,07/2015,Analyst
43-9111.00,1.A.1.a.1,Oral Comprehension,LV,4.12,8,0.125,3.88,4.37,N,N,07/2015,Analyst
43-9111.00,1.A.1.a.2,Written Comprehension,IM,4.0,8,0.0,4.0,4.0,N,,07/2015,Analyst
43-9111.00,1.A.1.a.2,Written Comprehension,LV,4.0,8,0.0,4.0,4.0,N,N,07/2015,Analyst
43-9111.00,1.A.1.a.3,Oral Expression,IM,3.75,8,0.1637,3.4292,4.0708,N,,07/2015,Analyst
43-9111.00,1.A.1.a.3,Oral Expression,LV,4.0,8,0.0,4.0,4.0,N,N,07/2015,Analyst
43-9111.00,1.A.1.a.4,Written Expression,IM,3.88,8,0.125,3.63,4.12,N,,07/2015,Analyst
43-9111.00,1.A.1.a.4,Written Expression,LV,3.88,8,0.125,3.63,4.12,N,N,07/2015,Analyst
43-9111.00,1.A.1.b.1,Fluency of Ideas,IM,3.12,8,0.125,2.88,3.37,N,,07/2015,Analyst
43-9111.00,1.A.1.b.1,Fluency of Ideas,LV,3.5,8,0.189,3.1296,3.8704,N,N,07/2015,Analyst
43-9111.00,1.A.1.b.2,Originality,IM,3.0,8,0.0,3.0,3.0,N,,07/2015,Analyst
43-9111.00,1.A.1.b.2,Originality,LV,3.12,8,0.125,2.88,3.37,N,N,07/2015,Analyst
43-9111.00,1.A.1.b.3,Problem Sensitivity,IM,3.12,8,0.125,2.88,3.37,N,,07/2015,Analyst
43-9111.00,1.A.1.b.3,Problem Sensitivity,LV,3.38,8,0.183,3.0164,3.7336,N,N,07/2015,Analyst
43-9111.00,1.A.1.b.4,Deductive Reasoning,IM,3.62,8,0.183,3.2664,3.9836,N,,07/2015,Analyst
43-9111.00,1.A.1.b.4,Deductive Reasoning,LV,3.88,8,0.125,3.63,4.12,N,N,07/2015,Analyst
43-9111.00,1.A.1.b.5,Inductive Reasoning,IM,3.75,8,0.1637,3.4292,4.0708,N,,07/2015,Analyst
43-9111.00,1.A.1.b.5,Inductive Reasoning,LV,3.38,8,0.183,3.0164,3.7336,N,N,07/2015,Analyst
43-9111.00,1.A.1.b.6,Information Ordering,IM,3.75,8,0.1637,3.4292,4.0708,N,,07/2015,Analyst
43-9111.00,1.A.1.b.6,Information Ordering,LV,3.75,8,0.1637,3.4292,4.0708,N,N,07/2015,Analyst
43-9111.00,1.A.1.b.7,Category Flexibility,IM,3.38,8,0.183,3.0164,3.7336,N,,07/2015,Analyst
43-9111.00,1.A.1.b.7,Category Flexibility,LV,3.38,8,0.183,3.0164,3.7336,N,N,07/2015,Analyst
43-9111.00,1.A.1.c.1,Mathematical Reasoning,IM,4.62,8,0.183,4.2664,4.9836,N,,07/2015,Analyst
43-9111.00,1.A.1.c.1,Mathematical Reasoning,LV,4.88,8,0.125,4.63,5.12,N,N,07/2015,Analyst
43-9111.00,1.A.1.c.2,Number Facility,IM,4.0,8,0.189,3.6296,4.3704,N,,07/2015,Analyst
43-9111.00,1.A.1.c.2,Number Facility,LV,4.62,8,0.183,4.2664,4.9836,N,N,07/2015,Analyst
43-9111.00,1.A.1.d.1,Memorization,IM,2.88,8,0.2266,2.4309,3.3191,N,,07/2015,Analyst
43-9111.00,1.A.1.d.1,Memorization,LV,2.75,8,0.1637,2.4292,3.0708,N,N,07/2015,Analyst
43-9111.00,1.A.1.e.1,Speed of Closure,IM,3.0,8,0.189,2.6296,3.3704,N,,07/2015,Analyst
43-9111.00,1.A.1.e.1,Speed of Closure,LV,2.88,8,0.125,2.63,3.12,N,N,07/2015,Analyst
43-9111.00,1.A.1.e.2,Flexibility of Closure,IM,3.25,8,0.1637,2.9292,3.5708,N,,07/2015,Analyst
43-9111.00,1.A.1.e.2,Flexibility of Closure,LV,3.0,8,0.0,3.0,3.0,N,N,07/2015,Analyst
43-9111.00,1.A.1.e.3,Perceptual Speed,IM,3.0,8,0.189,2.6296,3.3704,N,,07/2015,Analyst
43-9111.00,1.A.1.e.3,Perceptual Speed,LV,2.75,8,0.1637,2.4292,3.0708,N,N,07/2015,Analyst
43-9111.00,1.A.1.f.1,Spatial Orientation,IM,1.0,8,0.0,1.0,1.0,N,,07/2015,Analyst
43-9111.00,1.A.1.f.1,Spatial Orientation,LV,0.0,8,0.0,0.0,0.0,N,Y,07/2015,Analyst
43-9111.00,1.A.1.f.2,Visualization,IM,2.75,8,0.1637,2.4292,3.0708,N,,07/2015,Analyst
43-9111.00,1.A.1.f.2,Visualization,LV,2.75,8,0.1637,2.4292,3.0708,N,N,07/2015,Analyst
43-9111.00,1.A.1.g.1,Selective Attention,IM,3.25,8,0.1637,2.9292,3.5708,N,,07/2015,Analyst
43-9111.00,1.A.1.g.1,Selective Attention,LV,3.0,8,0.0,3.0,3.0,N,N,07/2015,Analyst
43-9111.00,1.A.1.g.2,Time Sharing,IM,2.38,8,0.183,2.0164,2.7336,N,,07/2015,Analyst
43-9111.00,1.A.1.g.2,Time Sharing,LV,2.25,8,0.1637,1.9292,2.5708,N,N,07/2015,Analyst
43-9111.00,1.A.2.a.1,Arm-Hand Steadiness,IM,1.5,8,0.189,1.1296,1.8704,N,,07/2015,Analyst
43-9111.00,1.A.2.a.1,Arm-Hand Steadiness,LV,1.0,8,0.378,0.2592,1.7408,N,N,07/2015,Analyst
43-9111.00,1.A.2.a.2,Manual Dexterity,IM,1.5,8,0.189,1.1296,1.8704,N,,07/2015,Analyst
43-9111.00,1.A.2.a.2,Manual Dexterity,LV,1.0,8,0.378,0.2592,1.7408,N,N,07/2015,Analyst
43-9111.00,1.A.2.a.3,Finger Dexterity,IM,2.12,8,0.3504,1.4383,2.8117,N,,07/2015,Analyst
43-9111.00,1.A.2.a.3,Finger Dexterity,LV,1.62,8,0.4978,0.6494,2.6006,N,N,07/2015,Analyst
43-9111.00,1.A.2.b.1,Control Precision,IM,1.38,8,0.183,1.0164,1.7336,N,,07/2015,Analyst
43-9111.00,1.A.2.b.1,Control Precision,LV,0.62,8,0.3239,0.0,1.2598,N,N,07/2015,Analyst
43-9111.00,1.A.2.b.2,Multilimb Coordination,IM,1.0,8,0.0,1.0,1.0,N,,07/2015,Analyst
43-9111.00,1.A.2.b.2,Multilimb Coordination,LV,0.0,8,0.0,0.0,0.0,N,Y,07/2015,Analyst
43-9111.00,1.A.2.b.3,Response Orientation,IM,1.0,8,0.0,1.0,1.0,N,,07/2015,Analyst
43-9111.00,1.A.2.b.3,Response Orientation,LV,0.0,8,0.0,0.0,0.0,N,Y,07/2015,Analyst
43-9111.00,1.A.2.b.4,Rate Control,IM,1.0,8,0.0,1.0,1.0,N,,07/2015,Analyst
43-9111.00,1.A.2.b.4,Rate Control,LV,0.0,8,0.0,0.0,0.0,N,Y,07/2015,Analyst
43-9111.00,1.A.2.c.1,Reaction Time,IM,1.0,8,0.0,1.0,1.0,N,,07/2015,Analyst
43-9111.00,1.A.2.c.1,Reaction Time,LV,0.0,8,0.0,0.0,0.0,N,Y,07/2015,Analyst
43-9111.00,1.A.2.c.2,Wrist-Finger Speed,IM,1.5,8,0.189,1.1296,1.8704,N,,07/2015,Analyst
43-9111.00,1.A.2.c.2,Wrist-Finger Speed,LV,0.75,8,0.3134,0.1358,1.3642,N,N,07/2015,Analyst
43-9111.00,1.A.2.c.3,Speed of Limb Movement,IM,1.0,8,0.0,1.0,1.0,N,,07/2015,Analyst
43-9111.00,1.A.2.c.3,Speed of Limb Movement,LV,0.0,8,0.0,0.0,0.0,N,Y,07/2015,Analyst
43-9111.00,1.A.3.a.1,Static Strength,IM,1.0,8,0.0,1.0,1.0,N,,07/2015,Analyst
43-9111.00,1.A.3.a.1,Static Strength,LV,0.0,8,0.0,0.0,0.0,N,Y,07/2015,Analyst
43-9111.00,1.A.3.a.2,Explosive Strength,IM,1.0,8,0.0,1.0,1.0,N,,07/2015,Analyst
43-9111.00,1.A.3.a.2,Explosive Strength,LV,0.0,8,0.0,0.0,0.0,N,Y,07/2015,Analyst
43-9111.00,1.A.3.a.3,Dynamic Strength,IM,1.5,8,0.189,1.1296,1.8704,N,,07/2015,Analyst
43-9111.00,1.A.3.a.3,Dynamic Strength,LV,0.62,8,0.2631,0.1094,1.1406,N,N,07/2015,Analyst
43-9111.00,1.A.3.a.4,Trunk Strength,IM,1.5,8,0.189,1.1296,1.8704,N,,07/2015,Analyst
43-9111.00,1.A.3.a.4,Trunk Strength,LV,0.75,8,0.3134,0.1358,1.3642,N,N,07/2015,Analyst
43-9111.00,1.A.3.b.1,Stamina,IM,1.0,8,0.0,1.0,1.0,N,,07/2015,Analyst
43-9111.00,1.A.3.b.1,Stamina,LV,0.0,8,0.0,0.0,0.0,N,Y,07/2015,Analyst
43-9111.00,1.A.3.c.1,Extent Flexibility,IM,1.0,8,0.0,1.0,1.0,N,,07/2015,Analyst
43-9111.00,1.A.3.c.1,Extent Flexibility,LV,0.0,8,0.0,0.0,0.0,N,Y,07/2015,Analyst
43-9111.00,1.A.3.c.2,Dynamic Flexibility,IM,1.0,8,0.0,1.0,1.0,N,,07/2015,Analyst
43-9111.00,1.A.3.c.2,Dynamic Flexibility,LV,0.0,8,0.0,0.0,0.0,N,Y,07/2015,Analyst
43-9111.00,1.A.3.c.3,Gross Body Coordination,IM,1.0,8,0.0,1.0,1.0,N,,07/2015,Analyst
43-9111.00,1.A.3.c.3,Gross Body Coordination,LV,0.0,8,0.0,0.0,0.0,N,Y,07/2015,Analyst
43-9111.00,1.A.3.c.4,Gross Body Equilibrium,IM,1.0,8,0.0,1.0,1.0,N,,07/2015,Analyst
43-9111.00,1.A.3.c.4,Gross Body Equilibrium,LV,0.0,8,0.0,0.0,0.0,N,Y,07/2015,Analyst
43-9111.00,1.A.4.a.1,Near Vision,IM,3.75,8,0.1637,3.4292,4.0708,N,,07/2015,Analyst
43-9111.00,1.A.4.a.1,Near Vision,LV,4.0,8,0.189,3.6296,4.3704,N,N,07/2015,Analyst
43-9111.00,1.A.4.a.2,Far Vision,IM,2.75,8,0.1637,2.4292,3.0708,N,,07/2015,Analyst
43-9111.00,1.A.4.a.2,Far Vision,LV,3.0,8,0.189,2.6296,3.3704,N,N,07/2015,Analyst
43-9111.00,1.A.4.a.3,Visual Color Discrimination,IM,2.0,8,0.0,2.0,2.0,N,,07/2015,Analyst
43-9111.00,1.A.4.a.3,Visual Color Discrimination,LV,1.88,8,0.125,1.63,2.12,N,N,07/2015,Analyst
43-9111.00,1.A.4.a.4,Night Vision,IM,1.0,8,0.0,1.0,1.0,N,,07/2015,Analyst
43-9111.00,1.A.4.a.4,Night Vision,LV,0.0,8,0.0,0.0,0.0,N,Y,07/2015,Analyst
43-9111.00,1.A.4.a.5,Peripheral Vision,IM,1.0,8,0.0,1.0,1.0,N,,07/2015,Analyst
43-9111.00,1.A.4.a.5,Peripheral Vision,LV,0.0,8,0.0,0.0,0.0,N,Y,07/2015,Analyst
43-9111.00,1.A.4.a.6,Depth Perception,IM,1.25,8,0.1637,1.0,1.5708,N,,07/2015,Analyst
43-9111.00,1.A.4.a.6,Depth Perception,LV,0.25,8,0.1637,0.0,0.5708,N,Y,07/2015,Analyst
43-9111.00,1.A.4.a.7,Glare Sensitivity,IM,1.0,8,0.0,1.0,1.0,N,,07/2015,Analyst
43-9111.00,1.A.4.a.7,Glare Sensitivity,LV,0.0,8,0.0,0.0,0.0,N,Y,07/2015,Analyst
43-9111.00,1.A.4.b.1,Hearing Sensitivity,IM,1.75,8,0.1637,1.4292,2.0708,N,,07/2015,Analyst
43-9111.00,1.A.4.b.1,Hearing Sensitivity,LV,1.0,8,0.2673,0.4762,1.5238,N,N,07/2015,Analyst
43-9111.00,1.A.4.b.2,Auditory Attention,IM,2.12,8,0.125,1.88,2.37,N,,07/2015,Analyst
43-9111.00,1.A.4.b.2,Auditory Attention,LV,1.38,8,0.183,1.0164,1.7336,N,N,07/2015,Analyst
43-9111.00,1.A.4.b.3,Sound Localization,IM,1.0,8,0.0,1.0,1.0,N,,07/2015,Analyst
43-9111.00,1.A.4.b.3,Sound Localization,LV,0.0,8,0.0,0.0,0.0,N,Y,07/2015,Analyst
43-9111.00,1.A.4.b.4,Speech Recognition,IM,3.5,8,0.189,3.1296,3.8704,N,,07/2015,Analyst
43-9111.00,1.A.4.b.4,Speech Recognition,LV,3.12,8,0.125,2.88,3.37,N,N,07/2015,Analyst
43-9111.00,1.A.4.b.5,Speech Clarity,IM,3.5,8,0.189,3.1296,3.8704,N,,07/2015,Analyst
43-9111.00,1.A.4.b.5,Speech Clarity,LV,3.0,8,0.0,3.0,3.0,N,N,07/2015,Analyst
45-1011.00,1.A.1.a.1,Oral Comprehension,IM,3.88,8,0.125,3.63,4.12,N,,08/2022,Analyst
45-1011.00,1.A.1.a.1,Oral Comprehension,LV,3.62,8,0.183,3.2664,3.9836,N,N,08/2022,Analyst
45-1011.00,1.A.1.a.2,Written Comprehension,IM,3.12,8,0.125,2.88,3.37,N,,08/2022,Analyst
45-1011.00,1.A.1.a.2,Written Comprehension,LV,3.38,8,0.183,3.0164,3.7336,N,N,08/2022,Analyst
45-1011.00,1.A.1.a.3,Oral Expression,IM,3.75,8,0.1637,3.4292,4.0708,N,,08/2022,Analyst
45-1011.00,1.A.1.a.3,Oral Expression,LV,3.62,8,0.183,3.2664,3.9836,N,N,08/2022,Analyst
45-1011.00,1.A.1.a.4,Written Expression,IM,3.12,8,0.125,2.88,3.37,N,,08/2022,Analyst
45-1011.00,1.A.1.a.4,Written Expression,LV,3.38,8,0.183,3.0164,3.7336,N,N,08/2022,Analyst
45-1011.00,1.A.1.b.1,Fluency of Ideas,IM,3.0,8,0.0,3.0,3.0,N,,08/2022,Analyst
45-1011.00,1.A.1.b.1,Fluency of Ideas,LV,3.0,8,0.0,3.0,3.0,N,N,08/2022,Analyst
45-1011.00,1.A.1.b.2,Originality,IM,2.62,8,0.183,2.2664,2.9836,N,,08/2022,Analyst
45-1011.00,1.A.1.b.2,Originality,LV,3.0,8,0.189,2.6296,3.3704,N,N,08/2022,Analyst
45-1011.00,1.A.1.b.3,Problem Sensitivity,IM,3.88,8,0.125,3.63,4.12,N,,08/2022,Analyst
45-1011.00,1.A.1.b.3,Problem Sensitivity,LV,3.62,8,0.183,3.2664,3.9836,N,N,08/2022,Analyst
45-1011.00,1.A.1.b.4,Deductive Reasoning,IM,3.38,8,0.183,3.0164,3.7336,N,,08/2022,Analyst
45-1011.00,1.A.1.b.4,Deductive Reasoning,LV,3.5,8,0.189,3.1296,3.8704,N,N,08/2022,Analyst
45-1011.00,1.A.1.b.5,Inductive Reasoning,IM,3.38,8,0.183,3.0164,3.7336,N,,08/2022,Analyst
45-1011.00,1.A.1.b.5,Inductive Reasoning,LV,3.38,8,0.183,3.0164,3.7336,N,N,08/2022,Analyst
45-1011.00,1.A.1.b.6,Information Ordering,IM,3.38,8,0.183,3.0164,3.7336,N,,08/2022,Analyst
45-1011.00,1.A.1.b.6,Information Ordering,LV,3.25,8,0.1637,2.9292,3.5708,N,N,08/2022,Analyst
45-1011.00,1.A.1.b.7,Category Flexibility,IM,3.38,8,0.183,3.0164,3.7336,N,,08/2022,Analyst
45-1011.00,1.A.1.b.7,Category Flexibility,LV,3.38,8,0.183,3.0164,3.7336,N,N,08/2022,Analyst
45-1011.00,1.A.1.c.1,Mathematical Reasoning,IM,2.62,8,0.183,2.2664,2.9836,N,,08/2022,Analyst
45-1011.00,1.A.1.c.1,Mathematical Reasoning,LV,2.75,8,0.1637,2.4292,3.0708,N,N,08/2022,Analyst
45-1011.00,1.A.1.c.2,Number Facility,IM,2.62,8,0.183,2.2664,2.9836,N,,08/2022,Analyst
45-1011.00,1.A.1.c.2,Number Facility,LV,2.62,8,0.183,2.2664,2.9836,N,N,08/2022,Analyst
45-1011.00,1.A.1.d.1,Memorization,IM,2.5,8,0.189,2.1296,2.8704,N,,08/2022,Analyst
45-1011.00,1.A.1.d.1,Memorization,LV,2.5,8,0.189,2.1296,2.8704,N,N,08/2022,Analyst
45-1011.00,1.A.1.e.1,Speed of Closure,IM,2.75,8,0.25,2.26,3.24,N,,08/2022,Analyst
45-1011.00,1.A.1.e.1,Speed of Closure,LV,2.88,8,0.2266,2.4309,3.3191,N,N,08/2022,Analyst
45-1011.00,1.A.1.e.2,Flexibility of Closure,IM,3.0,8,0.189,2.6296,3.3704,N,,08/2022,Analyst
45-1011.00,1.A.1.e.2,Flexibility of Closure,LV,3.12,8,0.2266,2.6809,3.5691,N,N,08/2022,Analyst
45-1011.00,1.A.1.e.3,Perceptual Speed,IM,3.0,8,0.189,2.6296,3.3704,N,,08/2022,Analyst
45-1011.00,1.A.1.e.3,Perceptual Speed,LV,3.12,8,0.125,2.88,3.37,N,N,08/2022,Analyst
45-1011.00,1.A.1.f.1,Spatial Orientation,IM,2.5,8,0.189,2.1296,2.8704,N,,08/2022,Analyst
45-1011.00,1.A.1.f.1,Spatial Orientation,LV,2.38,8,0.2631,1.8594,2.8906,N,N,08/2022,Analyst
45-1011.00,1.A.1.f.2,Visualization,IM,3.0,8,0.189,2.6296,3.3704,N,,08/2022,Analyst
45-1011.00,1.A.1.f.2,Visualization,LV,3.0,8,0.189,2.6296,3.3704,N,N,08/2022,Analyst
45-1011.00,1.A.1.g.1,Selective Attention,IM,2.75,8,0.1637,2.4292,3.0708,N,,08/2022,Analyst
45-1011.00,1.A.1.g.1,Selective Attention,LV,2.75,8,0.1637,2.4292,3.0708,N,N,08/2022,Analyst
45-1011.00,1.A.1.g.2,Time Sharing,IM,2.88,8,0.125,2.63,3.12,N,,08/2022,Analyst
45-1011.00,1.A.1.g.2,Time Sharing,LV,2.88,8,0.125,2.63,3.12,N,N,08/2022,Analyst
45-1011.00,1.A.2.a.1,Arm-Hand Steadiness,IM,3.12,8,0.2266,2.6809,3.5691,N,,08/2022,Analyst
45-1011.00,1.A.2.a.1,Arm-Hand Steadiness,LV,2.5,8,0.189,2.1296,2.8704,N,N,08/2022,Analyst
45-1011.00,1.A.2.a.2,Manual Dexterity,IM,3.0,8,0.189,2.6296,3.3704,N,,08/2022,Analyst
45-1011.00,1.A.2.a.2,Manual Dexterity,LV,2.75,8,0.1637,2.4292,3.0708,N,N,08/2022,Analyst
45-1011.00,1.A.2.a.3,Finger Dexterity,IM,2.75,8,0.1637,2.4292,3.0708,N,,08/2022,Analyst
45-1011.00,1.A.2.a.3,Finger Dexterity,LV,2.62,8,0.183,2.2664,2.9836,N,N,08/2022,Analyst
45-1011.00,1.A.2.b.1,Control Precision,IM,3.0,8,0.2673,2.4762,3.5238,N,,08/2022,Analyst
45-1011.00,1.A.2.b.1,Control Precision,LV,3.38,8,0.3239,2.7402,4.0098,N,N,08/2022,Analyst
45-1011.00,1.A.2.b.2,Multilimb Coordination,IM,2.88,8,0.2266,2.4309,3.3191,N,,08/2022,Analyst
45-1011.00,1.A.2.b.2,Multilimb Coordination,LV,3.12,8,0.295,2.5467,3.7033,N,N,08/2022,Analyst
45-1011.00,1.A.2.b.3,Response Orientation,IM,2.62,8,0.183,2.2664,2.9836,N,,08/2022,Analyst
45-1011.00,1.A.2.b.3,Response Orientation,LV,2.88,8,0.295,2.2967,3.4533,N,N,08/2022,Analyst
45-1011.00,1.A.2.b.4,Rate Control,IM,2.62,8,0.183,2.2664,2.9836,N,,08/2022,Analyst
45-1011.00,1.A.2.b.4,Rate Control,LV,2.5,8,0.189,2.1296,2.8704,N,N,08/2022,Analyst
45-1011.00,1.A.2.c.1,Reaction Time,IM,2.62,8,0.183,2.2664,2.9836,N,,08/2022,Analyst
45-1011.00,1.A.2.c.1,Reaction Time,LV,2.75,8,0.25,2.26,3.24,N,N,08/2022,Analyst
45-1011.00,1.A.2.c.2,Wrist-Finger Speed,IM,2.5,8,0.189,2.1296,2.8704,N,,08/2022,Analyst
45-1011.00,1.A.2.c.2,Wrist-Finger Speed,LV,2.38,8,0.183,2.0164,2.7336,N,N,08/2022,Analyst
45-1011.00,1.A.2.c.3,Speed of Limb Movement,IM,1.38,8,0.183,1.0164,1.7336,N,,08/2022,Analyst
45-1011.00,1.A.2.c.3,Speed of Limb Movement,LV,0.5,8,0.2673,0.0,1.0238,N,N,08/2022,Analyst
45-1011.00,1.A.3.a.1,Static Strength,IM,2.75,8,0.25,2.26,3.24,N,,08/2022,Analyst
45-1011.00,1.A.3.a.1,Static Strength,LV,2.88,8,0.2266,2.4309,3.3191,N,N,08/2022,Analyst
45-1011.00,1.A.3.a.2,Explosive Strength,IM,2.38,8,0.2631,1.8594,2.8906,N,,08/2022,Analyst
45-1011.00,1.A.3.a.2,Explosive Strength,LV,1.88,8,0.3504,1.1883,2.5617,N,N,08/2022,Analyst
45-1011.00,1.A.3.a.3,Dynamic Strength,IM,2.5,8,0.189,2.1296,2.8704,N,,08/2022,Analyst
45-1011.00,1.A.3.a.3,Dynamic Strength,LV,2.12,8,0.2266,1.6809,2.5691,N,N,08/2022,Analyst
45-1011.00,1.A.3.a.4,Trunk Strength,IM,2.88,8,0.295,2.2967,3.4533,N,,08/2022,Analyst
45-1011.00,1.A.3.a.4,Trunk Strength,LV,2.88,8,0.2266,2.4309,3.3191,N,N,08/2022,Analyst
45-1011.00,1.A.3.b.1,Stamina,IM,2.62,8,0.183,2.2664,2.9836,N,,08/2022,Analyst
45-1011.00,1.A.3.b.1,Stamina,LV,2.5,8,0.189,2.1296,2.8704,N,N,08/2022,Analyst
45-1011.00,1.A.3.c.1,Extent Flexibility,IM,2.75,8,0.1637,2.4292,3.0708,N,,08/2022,Analyst
45-1011.00,1.A.3.c.1,Extent Flexibility,LV,3.12,8,0.295,2.5467,3.7033,N,N,08/2022,Analyst
45-1011.00,1.A.3.c.2,Dynamic Flexibility,IM,1.62,8,0.183,1.2664,1.9836,N,,08/2022,Analyst
45-1011.00,1.A.3.c.2,Dynamic Flexibility,LV,1.0,8,0.3273,0.3584,1.6416,N,N,08/2022,Analyst
45-1011.00,1.A.3.c.3,Gross Body Coordination,IM,2.62,8,0.183,2.2664,2.9836,N,,08/2022,Analyst
45-1011.00,1.A.3.c.3,Gross Body Coordination,LV,2.38,8,0.183,2.0164,2.7336,N,N,08/2022,Analyst
45-1011.00,1.A.3.c.4,Gross Body Equilibrium,IM,2.12,8,0.125,1.88,2.37,N,,08/2022,Analyst
45-1011.00,1.A.3.c.4,Gross Body Equilibrium,LV,2.12,8,0.125,1.88,2.37,N,N,08/2022,Analyst
45-1011.00,1.A.4.a.1,Near Vision,IM,3.5,8,0.189,3.1296,3.8704,N,,08/2022,Analyst
45-1011.00,1.A.4.a.1,Near Vision,LV,3.38,8,0.183,3.0164,3.7336,N,N,08/2022,Analyst
45-1011.00,1.A.4.a.2,Far Vision,IM,3.38,8,0.2631,2.8594,3.8906,N,,08/2022,Analyst
45-1011.00,1.A.4.a.2,Far Vision,LV,3.25,8,0.25,2.76,3.74,N,N,08/2022,Analyst
45-1011.00,1.A.4.a.3,Visual Color Discrimination,IM,2.75,8,0.1637,2.4292,3.0708,N,,08/2022,Analyst
45-1011.00,1.A.4.a.3,Visual Color Discrimination,LV,2.5,8,0.189,2.1296,2.8704,N,N,08/2022,Analyst
45-1011.00,1.A.4.a.4,Night Vision,IM,1.88,8,0.2266,1.4309,2.3191,N,,08/2022,Analyst
45-1011.00,1.A.4.a.4,Night Vision,LV,1.38,8,0.3239,0.7402,2.0098,N,N,08/2022,Analyst
45-1011.00,1.A.4.a.5,Peripheral Vision,IM,2.12,8,0.125,1.88,2.37,N,,08/2022,Analyst
45-1011.00,1.A.4.a.5,Peripheral Vision,LV,2.0,8,0.189,1.6296,2.3704,N,N,08/2022,Analyst
45-1011.00,1.A.4.a.6,Depth Perception,IM,2.88,8,0.125,2.63,3.12,N,,08/2022,Analyst
45-1011.00,1.A.4.a.6,Depth Perception,LV,3.0,8,0.2673,2.4762,3.5238,N,N,08/2022,Analyst
45-1011.00,1.A.4.a.7,Glare Sensitivity,IM,2.12,8,0.125,1.88,2.37,N,,08/2022,Analyst
45-1011.00,1.A.4.a.7,Glare Sensitivity,LV,2.25,8,0.1637,1.9292,2.5708,N,N,08/2022,Analyst
45-1011.00,1.A.4.b.1,Hearing Sensitivity,IM,2.5,8,0.189,2.1296,2.8704,N,,08/2022,Analyst
45-1011.00,1.A.4.b.1,Hearing Sensitivity,LV,2.62,8,0.183,2.2664,2.9836,N,N,08/2022,Analyst
45-1011.00,1.A.4.b.2,Auditory Attention,IM,2.5,8,0.189,2.1296,2.8704,N,,08/2022,Analyst
45-1011.00,1.A.4.b.2,Auditory Attention,LV,2.38,8,0.183,2.0164,2.7336,N,N,08/2022,Analyst
45-1011.00,1.A.4.b.3,Sound Localization,IM,2.0,8,0.189,1.6296,2.3704,N,,08/2022,Analyst
45-1011.00,1.A.4.b.3,Sound Localization,LV,1.75,8,0.3134,1.1358,2.3642,N,N,08/2022,Analyst
45-1011.00,1.A.4.b.4,Speech Recognition,IM,3.5,8,0.189,3.1296,3.8704,N,,08/2022,Analyst
45-1011.00,1.A.4.b.4,Speech Recognition,LV,3.25,8,0.1637,2.9292,3.5708,N,N,08/2022,Analyst
45-1011.00,1.A.4.b.5,Speech Clarity,IM,3.5,8,0.189,3.1296,3.8704,N,,08/2022,Analyst
45-1011.00,1.A.4.b.5,Speech Clarity,LV,3.5,8,0.189,3.1296,3.8704,N,N,08/2022,Analyst
45-2011.00,1.A.1.a.1,Oral Comprehension,IM,3.88,8,0.125,3.63,4.12,N,,07/2013,Analyst
45-2011.00,1.A.1.a.1,Oral Comprehension,LV,3.88,8,0.125,3.63,4.12,N,N,07/2013,Analyst
45-2011.00,1.A.1.a.2,Written Comprehension,IM,3.62,8,0.183,3.2664,3.9836,N,,07/2013,Analyst
45-2011.00,1.A.1.a.2,Written Comprehension,LV,3.75,8,0.1637,3.4292,4.0708,N,N,07/2013,Analyst
45-2011.00,1.A.1.a.3,Oral Expression,IM,3.75,8,0.1637,3.4292,4.0708,N,,07/2013,Analyst
45-2011.00,1.A.1.a.3,Oral Expression,LV,3.88,8,0.125,3.63,4.12,N,N,07/2013,Analyst
45-2011.00,1.A.1.a.4,Written Expression,IM,3.12,8,0.125,2.88,3.37,N,,07/2013,Analyst
45-2011.00,1.A.1.a.4,Written Expression,LV,3.5,8,0.189,3.1296,3.8704,N,N,07/2013,Analyst
45-2011.00,1.A.1.b.1,Fluency of Ideas,IM,2.75,8,0.1637,2.4292,3.0708,N,,07/2013,Analyst
45-2011.00,1.A.1.b.1,Fluency of Ideas,LV,2.62,8,0.183,2.2664,2.9836,N,N,07/2013,Analyst
45-2011.00,1.A.1.b.2,Originality,IM,2.62,8,0.183,2.2664,2.9836,N,,07/2013,Analyst
45-2011.00,1.A.1.b.2,Originality,LV,2.5,8,0.189,2.1296,2.8704,N,N,07/2013,Analyst
45-2011.00,1.A.1.b.3,Problem Sensitivity,IM,4.0,8,0.0,4.0,4.0,N,,07/2013,Analyst
45-2011.00,1.A.1.b.3,Problem Sensitivity,LV,4.0,8,0.0,4.0,4.0,N,N,07/2013,Analyst
45-2011.00,1.A.1.b.4,Deductive Reasoning,IM,3.88,8,0.125,3.63,4.12,N,,07/2013,Analyst
45-2011.00,1.A.1.b.4,Deductive Reasoning,LV,3.88,8,0.125,3.63,4.12,N,N,07/2013,Analyst
45-2011.00,1.A.1.b.5,Inductive Reasoning,IM,3.88,8,0.125,3.63,4.12,N,,07/2013,Analyst
45-2011.00,1.A.1.b.5,Inductive Reasoning,LV,3.88,8,0.125,3.63,4.12,N,N,07/2013,Analyst
45-2011.00,1.A.1.b.6,Information Ordering,IM,3.12,8,0.125,2.88,3.37,N,,07/2013,Analyst
45-2011.00,1.A.1.b.6,Information Ordering,LV,3.0,8,0.0,3.0,3.0,N,N,07/2013,Analyst
45-2011.00,1.A.1.b.7,Category Flexibility,IM,3.12,8,0.125,2.88,3.37,N,,07/2013,Analyst
45-2011.00,1.A.1.b.7,Category Flexibility,LV,3.62,8,0.183,3.2664,3.9836,N,N,07/2013,Analyst
45-2011.00,1.A.1.c.1,Mathematical Reasoning,IM,2.5,8,0.189,2.1296,2.8704,N,,07/2013,Analyst
45-2011.00,1.A.1.c.1,Mathematical Reasoning,LV,2.25,8,0.1637,1.9292,2.5708,N,N,07/2013,Analyst
45-2011.00,1.A.1.c.2,Number Facility,IM,2.38,8,0.183,2.0164,2.7336,N,,07/2013,Analyst
45-2011.00,1.A.1.c.2,Number Facility,LV,2.25,8,0.1637,1.9292,2.5708,N,N,07/2013,Analyst
45-2011.00,1.A.1.d.1,Memorization,IM,2.12,8,0.125,1.88,2.37,N,,07/2013,Analyst
45-2011.00,1.A.1.d.1,Memorization,LV,2.25,8,0.1637,1.9292,2.5708,N,N,07/2013,Analyst
45-2011.00,1.A.1.e.1,Speed of Closure,IM,3.12,8,0.125,2.88,3.37,N,,07/2013,Analyst
45-2011.00,1.A.1.e.1,Speed of Closure,LV,3.0,8,0.0,3.0,3.0,N,N,07/2013,Analyst
45-2011.00,1.A.1.e.2,Flexibility of Closure,IM,3.5,8,0.189,3.1296,3.8704,N,,07/2013,Analyst
45-2011.00,1.A.1.e.2,Flexibility of Closure,LV,3.75,8,0.1637,3.4292,4.0708,N,N,07/2013,Analyst
45-2011.00,1.A.1.e.3,Perceptual Speed,IM,3.25,8,0.1637,2.9292,3.5708,N,,07/2013,Analyst
45-2011.00,1.A.1.e.3,Perceptual Speed,LV,3.25,8,0.1637,2.9292,3.5708,N,N,07/2013,Analyst
45-2011.00,1.A.1.f.1,Spatial Orientation,IM,2.0,8,0.0,2.0,2.0,N,,07/2013,Analyst
45-2011.00,1.A.1.f.1,Spatial Orientation,LV,2.0,8,0.0,2.0,2.0,N,N,07/2013,Analyst
45-2011.00,1.A.1.f.2,Visualization,IM,2.75,8,0.1637,2.4292,3.0708,N,,07/2013,Analyst
45-2011.00,1.A.1.f.2,Visualization,LV,3.0,8,0.0,3.0,3.0,N,N,07/2013,Analyst
45-2011.00,1.A.1.g.1,Selective Attention,IM,3.0,8,0.0,3.0,3.0,N,,07/2013,Analyst
45-2011.00,1.A.1.g.1,Selective Attention,LV,3.12,8,0.125,2.88,3.37,N,N,07/2013,Analyst
45-2011.00,1.A.1.g.2,Time Sharing,IM,2.75,8,0.1637,2.4292,3.0708,N,,07/2013,Analyst
45-2011.00,1.A.1.g.2,Time Sharing,LV,2.62,8,0.183,2.2664,2.9836,N,N,07/2013,Analyst
45-2011.00,1.A.2.a.1,Arm-Hand Steadiness,IM,2.62,8,0.183,2.2664,2.9836,N,,07/2013,Analyst
45-2011.00,1.A.2.a.1,Arm-Hand Steadiness,LV,2.75,8,0.1637,2.4292,3.0708,N,N,07/2013,Analyst
45-2011.00,1.A.2.a.2,Manual Dexterity,IM,2.5,8,0.189,2.1296,2.8704,N,,07/2013,Analyst
45-2011.00,1.A.2.a.2,Manual Dexterity,LV,2.12,8,0.125,1.88,2.37,N,N,07/2013,Analyst
45-2011.00,1.A.2.a.3,Finger Dexterity,IM,2.62,8,0.183,2.2664,2.9836,N,,07/2013,Analyst
45-2011.00,1.A.2.a.3,Finger Dexterity,LV,2.25,8,0.1637,1.9292,2.5708,N,N,07/2013,Analyst
45-2011.00,1.A.2.b.1,Control Precision,IM,2.38,8,0.183,2.0164,2.7336,N,,07/2013,Analyst
45-2011.00,1.A.2.b.1,Control Precision,LV,2.38,8,0.183,2.0164,2.7336,N,N,07/2013,Analyst
45-2011.00,1.A.2.b.2,Multilimb Coordination,IM,2.5,8,0.189,2.1296,2.8704,N,,07/2013,Analyst
45-2011.00,1.A.2.b.2,Multilimb Coordination,LV,2.38,8,0.183,2.0164,2.7336,N,N,07/2013,Analyst
45-2011.00,1.A.2.b.3,Response Orientation,IM,1.88,8,0.125,1.63,2.12,N,,07/2013,Analyst
45-2011.00,1.A.2.b.3,Response Orientation,LV,1.62,8,0.2631,1.1094,2.1406,N,N,07/2013,Analyst
45-2011.00,1.A.2.b.4,Rate Control,IM,2.12,8,0.125,1.88,2.37,N,,07/2013,Analyst
45-2011.00,1.A.2.b.4,Rate Control,LV,1.75,8,0.1637,1.4292,2.0708,N,N,07/2013,Analyst
45-2011.00,1.A.2.c.1,Reaction Time,IM,2.12,8,0.125,1.88,2.37,N,,07/2013,Analyst
45-2011.00,1.A.2.c.1,Reaction Time,LV,2.12,8,0.125,1.88,2.37,N,N,07/2013,Analyst
45-2011.00,1.A.2.c.2,Wrist-Finger Speed,IM,1.88,8,0.125,1.63,2.12,N,,07/2013,Analyst
45-2011.00,1.A.2.c.2,Wrist-Finger Speed,LV,1.25,8,0.25,0.76,1.74,N,N,07/2013,Analyst
45-2011.00,1.A.2.c.3,Speed of Limb Movement,IM,2.0,8,0.0,2.0,2.0,N,,07/2013,Analyst
45-2011.00,1.A.2.c.3,Speed of Limb Movement,LV,1.75,8,0.1637,1.4292,2.0708,N,N,07/2013,Analyst
45-2011.00,1.A.3.a.1,Static Strength,IM,2.0,8,0.0,2.0,2.0,N,,07/2013,Analyst
45-2011.00,1.A.3.a.1,Static Strength,LV,2.0,8,0.0,2.0,2.0,N,N,07/2013,Analyst
45-2011.00,1.A.3.a.2,Explosive Strength,IM,1.0,8,0.0,1.0,1.0,N,,07/2013,Analyst
45-2011.00,1.A.3.a.2,Explosive Strength,LV,0.0,8,0.0,0.0,0.0,N,Y,07/2013,Analyst
45-2011.00,1.A.3.a.3,Dynamic Strength,IM,2.0,8,0.0,2.0,2.0,N,,07/2013,Analyst
45-2011.00,1.A.3.a.3,Dynamic Strength,LV,1.12,8,0.125,0.88,1.37,N,N,07/2013,Analyst
45-2011.00,1.A.3.a.4,Trunk Strength,IM,2.25,8,0.1637,1.9292,2.5708,N,,07/2013,Analyst
45-2011.00,1.A.3.a.4,Trunk Strength,LV,2.0,8,0.189,1.6296,2.3704,N,N,07/2013,Analyst
45-2011.00,1.A.3.b.1,Stamina,IM,2.0,8,0.0,2.0,2.0,N,,07/2013,Analyst
45-2011.00,1.A.3.b.1,Stamina,LV,1.75,8,0.1637,1.4292,2.0708,N,N,07/2013,Analyst
45-2011.00,1.A.3.c.1,Extent Flexibility,IM,2.12,8,0.125,1.88,2.37,N,,07/2013,Analyst
45-2011.00,1.A.3.c.1,Extent Flexibility,LV,1.88,8,0.2266,1.4309,2.3191,N,N,07/2013,Analyst
45-2011.00,1.A.3.c.2,Dynamic Flexibility,IM,1.0,8,0.0,1.0,1.0,N,,07/2013,Analyst
45-2011.00,1.A.3.c.2,Dynamic Flexibility,LV,0.0,8,0.0,0.0,0.0,N,Y,07/2013,Analyst
45-2011.00,1.A.3.c.3,Gross Body Coordination,IM,2.0,8,0.0,2.0,2.0,N,,07/2013,Analyst
45-2011.00,1.A.3.c.3,Gross Body Coordination,LV,1.88,8,0.125,1.63,2.12,N,N,07/2013,Analyst
45-2011.00,1.A.3.c.4,Gross Body Equilibrium,IM,1.88,8,0.125,1.63,2.12,N,,07/2013,Analyst
45-2011.00,1.A.3.c.4,Gross Body Equilibrium,LV,1.0,8,0.189,0.6296,1.3704,N,N,07/2013,Analyst
45-2011.00,1.A.4.a.1,Near Vision,IM,3.88,8,0.125,3.63,4.12,N,,07/2013,Analyst
45-2011.00,1.A.4.a.1,Near Vision,LV,3.75,8,0.1637,3.4292,4.0708,N,N,07/2013,Analyst
45-2011.00,1.A.4.a.2,Far Vision,IM,3.5,8,0.189,3.1296,3.8704,N,,07/2013,Analyst
45-2011.00,1.A.4.a.2,Far Vision,LV,3.25,8,0.1637,2.9292,3.5708,N,N,07/2013,Analyst
45-2011.00,1.A.4.a.3,Visual Color Discrimination,IM,2.88,8,0.125,2.63,3.12,N,,07/2013,Analyst
45-2011.00,1.A.4.a.3,Visual Color Discrimination,LV,2.62,8,0.183,2.2664,2.9836,N,N,07/2013,Analyst
45-2011.00,1.A.4.a.4,Night Vision,IM,1.62,8,0.183,1.2664,1.9836,N,,07/2013,Analyst
45-2011.00,1.A.4.a.4,Night Vision,LV,0.88,8,0.295,0.2967,1.4533,N,N,07/2013,Analyst
45-2011.00,1.A.4.a.5,Peripheral Vision,IM,1.88,8,0.125,1.63,2.12,N,,07/2013,Analyst
45-2011.00,1.A.4.a.5,Peripheral Vision,LV,0.88,8,0.125,0.63,1.12,N,N,07/2013,Analyst
45-2011.00,1.A.4.a.6,Depth Perception,IM,2.25,8,0.1637,1.9292,2.5708,N,,07/2013,Analyst
45-2011.00,1.A.4.a.6,Depth Perception,LV,2.0,8,0.0,2.0,2.0,N,N,07/2013,Analyst
45-2011.00,1.A.4.a.7,Glare Sensitivity,IM,1.75,8,0.1637,1.4292,2.0708,N,,07/2013,Analyst
45-2011.00,1.A.4.a.7,Glare Sensitivity,LV,1.5,8,0.3273,0.8584,2.1416,N,N,07/2013,Analyst
45-2011.00,1.A.4.b.1,Hearing Sensitivity,IM,2.38,8,0.2631,1.8594,2.8906,N,,07/2013,Analyst
45-2011.00,1.A.4.b.1,Hearing Sensitivity,LV,2.0,8,0.3273,1.3584,2.6416,N,N,07/2013,Analyst
45-2011.00,1.A.4.b.2,Auditory Attention,IM,3.0,8,0.0,3.0,3.0,N,,07/2013,Analyst
45-2011.00,1.A.4.b.2,Auditory Attention,LV,3.12,8,0.125,2.88,3.37,N,N,07/2013,Analyst
45-2011.00,1.A.4.b.3,Sound Localization,IM,1.75,8,0.1637,1.4292,2.0708,N,,07/2013,Analyst
45-2011.00,1.A.4.b.3,Sound Localization,LV,0.88,8,0.2266,0.4309,1.3191,N,N,07/2013,Analyst
45-2011.00,1.A.4.b.4,Speech Recognition,IM,3.25,8,0.1637,2.9292,3.5708,N,,07/2013,Analyst
45-2011.00,1.A.4.b.4,Speech Recognition,LV,3.25,8,0.1637,2.9292,3.5708,N,N,07/2013,Analyst
45-2011.00,1.A.4.b.5,Speech Clarity,IM,3.5,8,0.189,3.1296,3.8704,N,,07/2013,Analyst
45-2011.00,1.A.4.b.5,Speech Clarity,LV,3.0,8,0.0,3.0,3.0,N,N,07/2013,Analyst
45-2021.00,1.A.1.a.1,Oral Comprehension,IM,3.0,8,0.0,3.0,3.0,N,,08/2018,Analyst
45-2021.00,1.A.1.a.1,Oral Comprehension,LV,3.12,8,0.125,2.88,3.37,N,N,08/2018,Analyst
45-2021.00,1.A.1.a.2,Written Comprehension,IM,2.88,8,0.125,2.63,3.12,N,,08/2018,Analyst
45-2021.00,1.A.1.a.2,Written Comprehension,LV,3.0,8,0.0,3.0,3.0,N,N,08/2018,Analyst
45-2021.00,1.A.1.a.3,Oral Expression,IM,2.88,8,0.125,2.63,3.12,N,,08/2018,Analyst
45-2021.00,1.A.1.a.3,Oral Expression,LV,3.0,8,0.0,3.0,3.0,N,N,08/2018,Analyst
45-2021.00,1.A.1.a.4,Written Expression,IM,2.62,8,0.183,2.2664,2.9836,N,,08/2018,Analyst
45-2021.00,1.A.1.a.4,Written Expression,LV,2.12,8,0.125,1.88,2.37,N,N,08/2018,Analyst
45-2021.00,1.A.1.b.1,Fluency of Ideas,IM,2.0,8,0.189,1.6296,2.3704,N,,08/2018,Analyst
45-2021.00,1.A.1.b.1,Fluency of Ideas,LV,1.75,8,0.25,1.26,2.24,N,N,08/2018,Analyst
45-2021.00,1.A.1.b.2,Originality,IM,1.88,8,0.125,1.63,2.12,N,,08/2018,Analyst
45-2021.00,1.A.1.b.2,Originality,LV,1.88,8,0.295,1.2967,2.4533,N,N,08/2018,Analyst
45-2021.00,1.A.1.b.3,Problem Sensitivity,IM,3.12,8,0.125,2.88,3.37,N,,08/2018,Analyst
45-2021.00,1.A.1.b.3,Problem Sensitivity,LV,3.0,8,0.0,3.0,3.0,N,N,08/2018,Analyst
45-2021.00,1.A.1.b.4,Deductive Reasoning,IM,3.12,8,0.125,2.88,3.37,N,,08/2018,Analyst
45-2021.00,1.A.1.b.4,Deductive Reasoning,LV,3.12,8,0.125,2.88,3.37,N,N,08/2018,Analyst
45-2021.00,1.A.1.b.5,Inductive Reasoning,IM,3.0,8,0.0,3.0,3.0,N,,08/2018,Analyst
45-2021.00,1.A.1.b.5,Inductive Reasoning,LV,3.0,8,0.0,3.0,3.0,N,N,08/2018,Analyst
45-2021.00,1.A.1.b.6,Information Ordering,IM,3.0,8,0.0,3.0,3.0,N,,08/2018,Analyst
45-2021.00,1.A.1.b.6,Information Ordering,LV,3.0,8,0.0,3.0,3.0,N,N,08/2018,Analyst
45-2021.00,1.A.1.b.7,Category Flexibility,IM,3.12,8,0.125,2.88,3.37,N,,08/2018,Analyst
45-2021.00,1.A.1.b.7,Category Flexibility,LV,3.0,8,0.189,2.6296,3.3704,N,N,08/2018,Analyst
45-2021.00,1.A.1.c.1,Mathematical Reasoning,IM,2.38,8,0.183,2.0164,2.7336,N,,08/2018,Analyst
45-2021.00,1.A.1.c.1,Mathematical Reasoning,LV,2.0,8,0.0,2.0,2.0,N,N,08/2018,Analyst
45-2021.00,1.A.1.c.2,Number Facility,IM,2.12,8,0.125,1.88,2.37,N,,08/2018,Analyst
45-2021.00,1.A.1.c.2,Number Facility,LV,2.12,8,0.125,1.88,2.37,N,N,08/2018,Analyst
45-2021.00,1.A.1.d.1,Memorization,IM,1.75,8,0.1637,1.4292,2.0708,N,,08/2018,Analyst
45-2021.00,1.A.1.d.1,Memorization,LV,1.5,8,0.3273,0.8584,2.1416,N,N,08/2018,Analyst
45-2021.00,1.A.1.e.1,Speed of Closure,IM,2.25,8,0.25,1.76,2.74,N,,08/2018,Analyst
45-2021.00,1.A.1.e.1,Speed of Closure,LV,1.88,8,0.295,1.2967,2.4533,N,N,08/2018,Analyst
45-2021.00,1.A.1.e.2,Flexibility of Closure,IM,2.75,8,0.1637,2.4292,3.0708,N,,08/2018,Analyst
45-2021.00,1.A.1.e.2,Flexibility of Closure,LV,2.75,8,0.1637,2.4292,3.0708,N,N,08/2018,Analyst
45-2021.00,1.A.1.e.3,Perceptual Speed,IM,2.62,8,0.183,2.2664,2.9836,N,,08/2018,Analyst
45-2021.00,1.A.1.e.3,Perceptual Speed,LV,2.62,8,0.183,2.2664,2.9836,N,N,08/2018,Analyst
45-2021.00,1.A.1.f.1,Spatial Orientation,IM,1.75,8,0.25,1.26,2.24,N,,08/2018,Analyst
45-2021.00,1.A.1.f.1,Spatial Orientation,LV,1.25,8,0.366,0.5327,1.9673,N,N,08/2018,Analyst
45-2021.00,1.A.1.f.2,Visualization,IM,2.5,8,0.189,2.1296,2.8704,N,,08/2018,Analyst
45-2021.00,1.A.1.f.2,Visualization,LV,2.5,8,0.189,2.1296,2.8704,N,N,08/2018,Analyst
45-2021.00,1.A.1.g.1,Selective Attention,IM,2.5,8,0.2673,1.9762,3.0238,N,,08/2018,Analyst
45-2021.00,1.A.1.g.1,Selective Attention,LV,2.25,8,0.366,1.5327,2.9673,N,N,08/2018,Analyst
45-2021.00,1.A.1.g.2,Time Sharing,IM,1.88,8,0.125,1.63,2.12,N,,08/2018,Analyst
45-2021.00,1.A.1.g.2,Time Sharing,LV,1.75,8,0.25,1.26,2.24,N,N,08/2018,Analyst
45-2021.00,1.A.2.a.1,Arm-Hand Steadiness,IM,3.0,8,0.0,3.0,3.0,N,,08/2018,Analyst
45-2021.00,1.A.2.a.1,Arm-Hand Steadiness,LV,3.0,8,0.0,3.0,3.0,N,N,08/2018,Analyst
45-2021.00,1.A.2.a.2,Manual Dexterity,IM,2.88,8,0.125,2.63,3.12,N,,08/2018,Analyst
45-2021.00,1.A.2.a.2,Manual Dexterity,LV,2.75,8,0.1637,2.4292,3.0708,N,N,08/2018,Analyst
45-2021.00,1.A.2.a.3,Finger Dexterity,IM,3.0,8,0.0,3.0,3.0,N,,08/2018,Analyst
45-2021.00,1.A.2.a.3,Finger Dexterity,LV,3.12,8,0.125,2.88,3.37,N,N,08/2018,Analyst
45-2021.00,1.A.2.b.1,Control Precision,IM,2.62,8,0.183,2.2664,2.9836,N,,08/2018,Analyst
45-2021.00,1.A.2.b.1,Control Precision,LV,2.75,8,0.1637,2.4292,3.0708,N,N,08/2018,Analyst
45-2021.00,1.A.2.b.2,Multilimb Coordination,IM,3.0,8,0.0,3.0,3.0,N,,08/2018,Analyst
45-2021.00,1.A.2.b.2,Multilimb Coordination,LV,3.0,8,0.0,3.0,3.0,N,N,08/2018,Analyst
45-2021.00,1.A.2.b.3,Response Orientation,IM,2.0,8,0.0,2.0,2.0,N,,08/2018,Analyst
45-2021.00,1.A.2.b.3,Response Orientation,LV,2.0,8,0.0,2.0,2.0,N,N,08/2018,Analyst
45-2021.00,1.A.2.b.4,Rate Control,IM,1.88,8,0.125,1.63,2.12,N,,08/2018,Analyst
45-2021.00,1.A.2.b.4,Rate Control,LV,1.62,8,0.2631,1.1094,2.1406,N,N,08/2018,Analyst
45-2021.00,1.A.2.c.1,Reaction Time,IM,1.88,8,0.125,1.63,2.12,N,,08/2018,Analyst
45-2021.00,1.A.2.c.1,Reaction Time,LV,1.62,8,0.2631,1.1094,2.1406,N,N,08/2018,Analyst
45-2021.00,1.A.2.c.2,Wrist-Finger Speed,IM,1.75,8,0.1637,1.4292,2.0708,N,,08/2018,Analyst
45-2021.00,1.A.2.c.2,Wrist-Finger Speed,LV,0.88,8,0.2266,0.4309,1.3191,N,N,08/2018,Analyst
45-2021.00,1.A.2.c.3,Speed of Limb Movement,IM,2.0,8,0.0,2.0,2.0,N,,08/2018,Analyst
45-2021.00,1.A.2.c.3,Speed of Limb Movement,LV,1.88,8,0.125,1.63,2.12,N,N,08/2018,Analyst
45-2021.00,1.A.3.a.1,Static Strength,IM,3.0,8,0.189,2.6296,3.3704,N,,08/2018,Analyst
45-2021.00,1.A.3.a.1,Static Strength,LV,2.88,8,0.125,2.63,3.12,N,N,08/2018,Analyst
45-2021.00,1.A.3.a.2,Explosive Strength,IM,1.75,8,0.1637,1.4292,2.0708,N,,08/2018,Analyst
45-2021.00,1.A.3.a.2,Explosive Strength,LV,1.12,8,0.295,0.5467,1.7033,N,N,08/2018,Analyst
45-2021.00,1.A.3.a.3,Dynamic Strength,IM,2.62,8,0.183,2.2664,2.9836,N,,08/2018,Analyst
45-2021.00,1.A.3.a.3,Dynamic Strength,LV,2.5,8,0.189,2.1296,2.8704,N,N,08/2018,Analyst
45-2021.00,1.A.3.a.4,Trunk Strength,IM,3.0,8,0.189,2.6296,3.3704,N,,08/2018,Analyst
45-2021.00,1.A.3.a.4,Trunk Strength,LV,3.0,8,0.189,2.6296,3.3704,N,N,08/2018,Analyst
45-2021.00,1.A.3.b.1,Stamina,IM,2.62,8,0.183,2.2664,2.9836,N,,08/2018,Analyst
45-2021.00,1.A.3.b.1,Stamina,LV,2.12,8,0.125,1.88,2.37,N,N,08/2018,Analyst
45-2021.00,1.A.3.c.1,Extent Flexibility,IM,2.5,8,0.189,2.1296,2.8704,N,,08/2018,Analyst
45-2021.00,1.A.3.c.1,Extent Flexibility,LV,2.5,8,0.2673,1.9762,3.0238,N,N,08/2018,Analyst
45-2021.00,1.A.3.c.2,Dynamic Flexibility,IM,1.12,8,0.125,1.0,1.37,N,,08/2018,Analyst
45-2021.00,1.A.3.c.2,Dynamic Flexibility,LV,0.12,8,0.125,0.0,0.37,N,Y,08/2018,Analyst
45-2021.00,1.A.3.c.3,Gross Body Coordination,IM,2.25,8,0.1637,1.9292,2.5708,N,,08/2018,Analyst
45-2021.00,1.A.3.c.3,Gross Body Coordination,LV,2.12,8,0.125,1.88,2.37,N,N,08/2018,Analyst
45-2021.00,1.A.3.c.4,Gross Body Equilibrium,IM,2.25,8,0.1637,1.9292,2.5708,N,,08/2018,Analyst
45-2021.00,1.A.3.c.4,Gross Body Equilibrium,LV,1.75,8,0.1637,1.4292,2.0708,N,N,08/2018,Analyst
45-2021.00,1.A.4.a.1,Near Vision,IM,3.5,8,0.189,3.1296,3.8704,N,,08/2018,Analyst
45-2021.00,1.A.4.a.1,Near Vision,LV,3.12,8,0.125,2.88,3.37,N,N,08/2018,Analyst
45-2021.00,1.A.4.a.2,Far Vision,IM,3.0,8,0.0,3.0,3.0,N,,08/2018,Analyst
45-2021.00,1.A.4.a.2,Far Vision,LV,2.88,8,0.125,2.63,3.12,N,N,08/2018,Analyst
45-2021.00,1.A.4.a.3,Visual Color Discrimination,IM,2.38,8,0.183,2.0164,2.7336,N,,08/2018,Analyst
45-2021.00,1.A.4.a.3,Visual Color Discrimination,LV,2.12,8,0.125,1.88,2.37,N,N,08/2018,Analyst
45-2021.00,1.A.4.a.4,Night Vision,IM,1.38,8,0.183,1.0164,1.7336,N,,08/2018,Analyst
45-2021.00,1.A.4.a.4,Night Vision,LV,0.5,8,0.2673,0.0,1.0238,N,N,08/2018,Analyst
45-2021.00,1.A.4.a.5,Peripheral Vision,IM,1.38,8,0.183,1.0164,1.7336,N,,08/2018,Analyst
45-2021.00,1.A.4.a.5,Peripheral Vision,LV,0.5,8,0.2673,0.0,1.0238,N,N,08/2018,Analyst
45-2021.00,1.A.4.a.6,Depth Perception,IM,2.12,8,0.125,1.88,2.37,N,,08/2018,Analyst
45-2021.00,1.A.4.a.6,Depth Perception,LV,2.12,8,0.125,1.88,2.37,N,N,08/2018,Analyst
45-2021.00,1.A.4.a.7,Glare Sensitivity,IM,1.5,8,0.189,1.1296,1.8704,N,,08/2018,Analyst
45-2021.00,1.A.4.a.7,Glare Sensitivity,LV,0.88,8,0.3504,0.1883,1.5617,N,N,08/2018,Analyst
45-2021.00,1.A.4.b.1,Hearing Sensitivity,IM,2.0,8,0.0,2.0,2.0,N,,08/2018,Analyst
45-2021.00,1.A.4.b.1,Hearing Sensitivity,LV,2.0,8,0.0,2.0,2.0,N,N,08/2018,Analyst
45-2021.00,1.A.4.b.2,Auditory Attention,IM,2.0,8,0.189,1.6296,2.3704,N,,08/2018,Analyst
45-2021.00,1.A.4.b.2,Auditory Attention,LV,1.75,8,0.25,1.26,2.24,N,N,08/2018,Analyst
45-2021.00,1.A.4.b.3,Sound Localization,IM,1.62,8,0.183,1.2664,1.9836,N,,08/2018,Analyst
45-2021.00,1.A.4.b.3,Sound Localization,LV,1.0,8,0.3273,0.3584,1.6416,N,N,08/2018,Analyst
45-2021.00,1.A.4.b.4,Speech Recognition,IM,2.88,8,0.125,2.63,3.12,N,,08/2018,Analyst
45-2021.00,1.A.4.b.4,Speech Recognition,LV,2.5,8,0.189,2.1296,2.8704,N,N,08/2018,Analyst
45-2021.00,1.A.4.b.5,Speech Clarity,IM,3.0,8,0.0,3.0,3.0,N,,08/2018,Analyst
45-2021.00,1.A.4.b.5,Speech Clarity,LV,2.88,8,0.125,2.63,3.12,N,N,08/2018,Analyst
45-2041.00,1.A.1.a.1,Oral Comprehension,IM,3.0,8,0.0,3.0,3.0,N,,07/2017,Analyst
45-2041.00,1.A.1.a.1,Oral Comprehension,LV,2.88,8,0.125,2.63,3.12,N,N,07/2017,Analyst
45-2041.00,1.A.1.a.2,Written Comprehension,IM,2.12,8,0.125,1.88,2.37,N,,07/2017,Analyst
45-2041.00,1.A.1.a.2,Written Comprehension,LV,1.75,8,0.1637,1.4292,2.0708,N,N,07/2017,Analyst
45-2041.00,1.A.1.a.3,Oral Expression,IM,2.88,8,0.125,2.63,3.12,N,,07/2017,Analyst
45-2041.00,1.A.1.a.3,Oral Expression,LV,2.62,8,0.183,2.2664,2.9836,N,N,07/2017,Analyst
45-2041.00,1.A.1.a.4,Written Expression,IM,1.88,8,0.125,1.63,2.12,N,,07/2017,Analyst
45-2041.00,1.A.1.a.4,Written Expression,LV,1.62,8,0.2631,1.1094,2.1406,N,N,07/2017,Analyst
45-2041.00,1.A.1.b.1,Fluency of Ideas,IM,1.25,8,0.1637,1.0,1.5708,N,,07/2017,Analyst
45-2041.00,1.A.1.b.1,Fluency of Ideas,LV,0.5,8,0.3273,0.0,1.1416,N,Y,07/2017,Analyst
45-2041.00,1.A.1.b.2,Originality,IM,1.38,8,0.183,1.0164,1.7336,N,,07/2017,Analyst
45-2041.00,1.A.1.b.2,Originality,LV,0.62,8,0.3239,0.0,1.2598,N,N,07/2017,Analyst
45-2041.00,1.A.1.b.3,Problem Sensitivity,IM,2.62,8,0.183,2.2664,2.9836,N,,07/2017,Analyst
45-2041.00,1.A.1.b.3,Problem Sensitivity,LV,2.25,8,0.1637,1.9292,2.5708,N,N,07/2017,Analyst
45-2041.00,1.A.1.b.4,Deductive Reasoning,IM,2.38,8,0.183,2.0164,2.7336,N,,07/2017,Analyst
45-2041.00,1.A.1.b.4,Deductive Reasoning,LV,2.12,8,0.125,1.88,2.37,N,N,07/2017,Analyst
45-2041.00,1.A.1.b.5,Inductive Reasoning,IM,2.38,8,0.183,2.0164,2.7336,N,,07/2017,Analyst
45-2041.00,1.A.1.b.5,Inductive Reasoning,LV,2.0,8,0.0,2.0,2.0,N,N,07/2017,Analyst
45-2041.00,1.A.1.b.6,Information Ordering,IM,2.25,8,0.1637,1.9292,2.5708,N,,07/2017,Analyst
45-2041.00,1.A.1.b.6,Information Ordering,LV,1.88,8,0.125,1.63,2.12,N,N,07/2017,Analyst
45-2041.00,1.A.1.b.7,Category Flexibility,IM,3.12,8,0.125,2.88,3.37,N,,07/2017,Analyst
45-2041.00,1.A.1.b.7,Category Flexibility,LV,2.62,8,0.183,2.2664,2.9836,N,N,07/2017,Analyst
45-2041.00,1.A.1.c.1,Mathematical Reasoning,IM,1.62,8,0.183,1.2664,1.9836,N,,07/2017,Analyst
45-2041.00,1.A.1.c.1,Mathematical Reasoning,LV,0.75,8,0.25,0.26,1.24,N,N,07/2017,Analyst
45-2041.00,1.A.1.c.2,Number Facility,IM,1.75,8,0.1637,1.4292,2.0708,N,,07/2017,Analyst
45-2041.00,1.A.1.c.2,Number Facility,LV,1.0,8,0.2673,0.4762,1.5238,N,N,07/2017,Analyst
45-2041.00,1.A.1.d.1,Memorization,IM,1.62,8,0.183,1.2664,1.9836,N,,07/2017,Analyst
45-2041.00,1.A.1.d.1,Memorization,LV,0.75,8,0.25,0.26,1.24,N,N,07/2017,Analyst
45-2041.00,1.A.1.e.1,Speed of Closure,IM,1.62,8,0.183,1.2664,1.9836,N,,07/2017,Analyst
45-2041.00,1.A.1.e.1,Speed of Closure,LV,0.75,8,0.25,0.26,1.24,N,N,07/2017,Analyst
45-2041.00,1.A.1.e.2,Flexibility of Closure,IM,2.38,8,0.183,2.0164,2.7336,N,,07/2017,Analyst
45-2041.00,1.A.1.e.2,Flexibility of Closure,LV,1.88,8,0.295,1.2967,2.4533,N,N,07/2017,Analyst
45-2041.00,1.A.1.e.3,Perceptual Speed,IM,2.12,8,0.295,1.5467,2.7033,N,,07/2017,Analyst
45-2041.00,1.A.1.e.3,Perceptual Speed,LV,1.5,8,0.4226,0.6717,2.3283,N,N,07/2017,Analyst
45-2041.00,1.A.1.f.1,Spatial Orientation,IM,1.0,8,0.0,1.0,1.0,N,,07/2017,Analyst
45-2041.00,1.A.1.f.1,Spatial Orientation,LV,0.0,8,0.0,0.0,0.0,N,Y,07/2017,Analyst
45-2041.00,1.A.1.f.2,Visualization,IM,1.62,8,0.183,1.2664,1.9836,N,,07/2017,Analyst
45-2041.00,1.A.1.f.2,Visualization,LV,0.88,8,0.295,0.2967,1.4533,N,N,07/2017,Analyst
45-2041.00,1.A.1.g.1,Selective Attention,IM,2.25,8,0.1637,1.9292,2.5708,N,,07/2017,Analyst
45-2041.00,1.A.1.g.1,Selective Attention,LV,2.12,8,0.125,1.88,2.37,N,N,07/2017,Analyst
45-2041.00,1.A.1.g.2,Time Sharing,IM,1.62,8,0.183,1.2664,1.9836,N,,07/2017,Analyst
45-2041.00,1.A.1.g.2,Time Sharing,LV,1.0,8,0.378,0.2592,1.7408,N,N,07/2017,Analyst
45-2041.00,1.A.2.a.1,Arm-Hand Steadiness,IM,2.75,8,0.1637,2.4292,3.0708,N,,07/2017,Analyst
45-2041.00,1.A.2.a.1,Arm-Hand Steadiness,LV,2.5,8,0.189,2.1296,2.8704,N,N,07/2017,Analyst
45-2041.00,1.A.2.a.2,Manual Dexterity,IM,3.25,8,0.1637,2.9292,3.5708,N,,07/2017,Analyst
45-2041.00,1.A.2.a.2,Manual Dexterity,LV,3.12,8,0.2266,2.6809,3.5691,N,N,07/2017,Analyst
45-2041.00,1.A.2.a.3,Finger Dexterity,IM,3.0,8,0.189,2.6296,3.3704,N,,07/2017,Analyst
45-2041.00,1.A.2.a.3,Finger Dexterity,LV,2.75,8,0.1637,2.4292,3.0708,N,N,07/2017,Analyst
45-2041.00,1.A.2.b.1,Control Precision,IM,2.12,8,0.2266,1.6809,2.5691,N,,07/2017,Analyst
45-2041.00,1.A.2.b.1,Control Precision,LV,2.0,8,0.3273,1.3584,2.6416,N,N,07/2017,Analyst
45-2041.00,1.A.2.b.2,Multilimb Coordination,IM,2.5,8,0.2673,1.9762,3.0238,N,,07/2017,Analyst
45-2041.00,1.A.2.b.2,Multilimb Coordination,LV,2.12,8,0.125,1.88,2.37,N,N,07/2017,Analyst
45-2041.00,1.A.2.b.3,Response Orientation,IM,1.25,8,0.1637,1.0,1.5708,N,,07/2017,Analyst
45-2041.00,1.A.2.b.3,Response Orientation,LV,0.38,8,0.2631,0.0,0.8906,N,Y,07/2017,Analyst
45-2041.00,1.A.2.b.4,Rate Control,IM,2.0,8,0.189,1.6296,2.3704,N,,07/2017,Analyst
45-2041.00,1.A.2.b.4,Rate Control,LV,1.62,8,0.3239,0.9902,2.2598,N,N,07/2017,Analyst
45-2041.00,1.A.2.c.1,Reaction Time,IM,2.0,8,0.189,1.6296,2.3704,N,,07/2017,Analyst
45-2041.00,1.A.2.c.1,Reaction Time,LV,1.75,8,0.3134,1.1358,2.3642,N,N,07/2017,Analyst
45-2041.00,1.A.2.c.2,Wrist-Finger Speed,IM,1.75,8,0.1637,1.4292,2.0708,N,,07/2017,Analyst
45-2041.00,1.A.2.c.2,Wrist-Finger Speed,LV,1.0,8,0.2673,0.4762,1.5238,N,N,07/2017,Analyst
45-2041.00,1.A.2.c.3,Speed of Limb Movement,IM,1.38,8,0.183,1.0164,1.7336,N,,07/2017,Analyst
45-2041.00,1.A.2.c.3,Speed of Limb Movement,LV,0.38,8,0.183,0.0164,0.7336,N,N,07/2017,Analyst
45-2041.00,1.A.3.a.1,Static Strength,IM,2.62,8,0.183,2.2664,2.9836,N,,07/2017,Analyst
45-2041.00,1.A.3.a.1,Static Strength,LV,2.5,8,0.2673,1.9762,3.0238,N,N,07/2017,Analyst
45-2041.00,1.A.3.a.2,Explosive Strength,IM,1.38,8,0.183,1.0164,1.7336,N,,07/2017,Analyst
45-2041.00,1.A.3.a.2,Explosive Strength,LV,0.38,8,0.183,0.0164,0.7336,N,N,07/2017,Analyst
45-2041.00,1.A.3.a.3,Dynamic Strength,IM,2.25,8,0.1637,1.9292,2.5708,N,,07/2017,Analyst
45-2041.00,1.A.3.a.3,Dynamic Strength,LV,1.5,8,0.2673,0.9762,2.0238,N,N,07/2017,Analyst
45-2041.00,1.A.3.a.4,Trunk Strength,IM,2.88,8,0.2266,2.4309,3.3191,N,,07/2017,Analyst
45-2041.00,1.A.3.a.4,Trunk Strength,LV,2.88,8,0.2266,2.4309,3.3191,N,N,07/2017,Analyst
45-2041.00,1.A.3.b.1,Stamina,IM,2.25,8,0.1637,1.9292,2.5708,N,,07/2017,Analyst
45-2041.00,1.A.3.b.1,Stamina,LV,1.75,8,0.25,1.26,2.24,N,N,07/2017,Analyst
45-2041.00,1.A.3.c.1,Extent Flexibility,IM,2.25,8,0.1637,1.9292,2.5708,N,,07/2017,Analyst
45-2041.00,1.A.3.c.1,Extent Flexibility,LV,1.88,8,0.3981,1.0947,2.6553,N,N,07/2017,Analyst
45-2041.00,1.A.3.c.2,Dynamic Flexibility,IM,1.38,8,0.183,1.0164,1.7336,N,,07/2017,Analyst
45-2041.00,1.A.3.c.2,Dynamic Flexibility,LV,0.5,8,0.2673,0.0,1.0238,N,N,07/2017,Analyst
45-2041.00,1.A.3.c.3,Gross Body Coordination,IM,2.0,8,0.0,2.0,2.0,N,,07/2017,Analyst
45-2041.00,1.A.3.c.3,Gross Body Coordination,LV,1.38,8,0.183,1.0164,1.7336,N,N,07/2017,Analyst
45-2041.00,1.A.3.c.4,Gross Body Equilibrium,IM,1.88,8,0.125,1.63,2.12,N,,07/2017,Analyst
45-2041.00,1.A.3.c.4,Gross Body Equilibrium,LV,1.25,8,0.25,0.76,1.74,N,N,07/2017,Analyst
45-2041.00,1.A.4.a.1,Near Vision,IM,3.25,8,0.1637,2.9292,3.5708,N,,07/2017,Analyst
45-2041.00,1.A.4.a.1,Near Vision,LV,2.88,8,0.2266,2.4309,3.3191,N,N,07/2017,Analyst
45-2041.00,1.A.4.a.2,Far Vision,IM,2.25,8,0.1637,1.9292,2.5708,N,,07/2017,Analyst
45-2041.00,1.A.4.a.2,Far Vision,LV,1.62,8,0.2631,1.1094,2.1406,N,N,07/2017,Analyst
45-2041.00,1.A.4.a.3,Visual Color Discrimination,IM,2.5,8,0.2673,1.9762,3.0238,N,,07/2017,Analyst
45-2041.00,1.A.4.a.3,Visual Color Discrimination,LV,1.88,8,0.295,1.2967,2.4533,N,N,07/2017,Analyst
45-2041.00,1.A.4.a.4,Night Vision,IM,1.0,8,0.0,1.0,1.0,N,,07/2017,Analyst
45-2041.00,1.A.4.a.4,Night Vision,LV,0.0,8,0.0,0.0,0.0,N,Y,07/2017,Analyst
45-2041.00,1.A.4.a.5,Peripheral Vision,IM,1.0,8,0.0,1.0,1.0,N,,07/2017,Analyst
45-2041.00,1.A.4.a.5,Peripheral Vision,LV,0.0,8,0.0,0.0,0.0,N,Y,07/2017,Analyst
45-2041.00,1.A.4.a.6,Depth Perception,IM,1.62,8,0.183,1.2664,1.9836,N,,07/2017,Analyst
45-2041.00,1.A.4.a.6,Depth Perception,LV,0.88,8,0.295,0.2967,1.4533,N,N,07/2017,Analyst
45-2041.00,1.A.4.a.7,Glare Sensitivity,IM,1.0,8,0.0,1.0,1.0,N,,07/2017,Analyst
45-2041.00,1.A.4.a.7,Glare Sensitivity,LV,0.0,8,0.0,0.0,0.0,N,Y,07/2017,Analyst
45-2041.00,1.A.4.b.1,Hearing Sensitivity,IM,1.5,8,0.189,1.1296,1.8704,N,,07/2017,Analyst
45-2041.00,1.A.4.b.1,Hearing Sensitivity,LV,0.75,8,0.3134,0.1358,1.3642,N,N,07/2017,Analyst
45-2041.00,1.A.4.b.2,Auditory Attention,IM,2.0,8,0.189,1.6296,2.3704,N,,07/2017,Analyst
45-2041.00,1.A.4.b.2,Auditory Attention,LV,1.38,8,0.3239,0.7402,2.0098,N,N,07/2017,Analyst
45-2041.00,1.A.4.b.3,Sound Localization,IM,1.0,8,0.0,1.0,1.0,N,,07/2017,Analyst
45-2041.00,1.A.4.b.3,Sound Localization,LV,0.0,8,0.0,0.0,0.0,N,Y,07/2017,Analyst
45-2041.00,1.A.4.b.4,Speech Recognition,IM,2.88,8,0.125,2.63,3.12,N,,07/2017,Analyst
45-2041.00,1.A.4.b.4,Speech Recognition,LV,2.5,8,0.189,2.1296,2.8704,N,N,07/2017,Analyst
45-2041.00,1.A.4.b.5,Speech Clarity,IM,2.75,8,0.1637,2.4292,3.0708,N,,07/2017,Analyst
45-2041.00,1.A.4.b.5,Speech Clarity,LV,2.38,8,0.2631,1.8594,2.8906,N,N,07/2017,Analyst
45-2091.00,1.A.1.a.1,Oral Comprehension,IM,3.25,8,0.1637,2.9292,3.5708,N,,08/2019,Analyst
45-2091.00,1.A.1.a.1,Oral Comprehension,LV,3.5,8,0.189,3.1296,3.8704,N,N,08/2019,Analyst
45-2091.00,1.A.1.a.2,Written Comprehension,IM,2.25,8,0.1637,1.9292,2.5708,N,,08/2019,Analyst
45-2091.00,1.A.1.a.2,Written Comprehension,LV,2.5,8,0.189,2.1296,2.8704,N,N,08/2019,Analyst
45-2091.00,1.A.1.a.3,Oral Expression,IM,3.12,8,0.125,2.88,3.37,N,,08/2019,Analyst
45-2091.00,1.A.1.a.3,Oral Expression,LV,3.12,8,0.125,2.88,3.37,N,N,08/2019,Analyst
45-2091.00,1.A.1.a.4,Written Expression,IM,2.0,8,0.0,2.0,2.0,N,,08/2019,Analyst
45-2091.00,1.A.1.a.4,Written Expression,LV,2.0,8,0.0,2.0,2.0,N,N,08/2019,Analyst
45-2091.00,1.A.1.b.1,Fluency of Ideas,IM,2.25,8,0.1637,1.9292,2.5708,N,,08/2019,Analyst
45-2091.00,1.A.1.b.1,Fluency of Ideas,LV,2.12,8,0.125,1.88,2.37,N,N,08/2019,Analyst
45-2091.00,1.A.1.b.2,Originality,IM,2.12,8,0.125,1.88,2.37,N,,08/2019,Analyst
45-2091.00,1.A.1.b.2,Originality,LV,1.38,8,0.183,1.0164,1.7336,N,N,08/2019,Analyst
45-2091.00,1.A.1.b.3,Problem Sensitivity,IM,3.38,8,0.183,3.0164,3.7336,N,,08/2019,Analyst
45-2091.00,1.A.1.b.3,Problem Sensitivity,LV,3.0,8,0.0,3.0,3.0,N,N,08/2019,Analyst
45-2091.00,1.A.1.b.4,Deductive Reasoning,IM,3.0,8,0.0,3.0,3.0,N,,08/2019,Analyst
45-2091.00,1.A.1.b.4,Deductive Reasoning,LV,2.88,8,0.125,2.63,3.12,N,N,08/2019,Analyst
45-2091.00,1.A.1.b.5,Inductive Reasoning,IM,2.88,8,0.2266,2.4309,3.3191,N,,08/2019,Analyst
45-2091.00,1.A.1.b.5,Inductive Reasoning,LV,2.75,8,0.1637,2.4292,3.0708,N,N,08/2019,Analyst
45-2091.00,1.A.1.b.6,Information Ordering,IM,3.0,8,0.189,2.6296,3.3704,N,,08/2019,Analyst
45-2091.00,1.A.1.b.6,Information Ordering,LV,3.0,8,0.189,2.6296,3.3704,N,N,08/2019,Analyst
45-2091.00,1.A.1.b.7,Category Flexibility,IM,2.5,8,0.189,2.1296,2.8704,N,,08/2019,Analyst
45-2091.00,1.A.1.b.7,Category Flexibility,LV,2.75,8,0.1637,2.4292,3.0708,N,N,08/2019,Analyst
45-2091.00,1.A.1.c.1,Mathematical Reasoning,IM,1.62,8,0.183,1.2664,1.9836,N,,08/2019,Analyst
45-2091.00,1.A.1.c.1,Mathematical Reasoning,LV,0.88,8,0.295,0.2967,1.4533,N,N,08/2019,Analyst
45-2091.00,1.A.1.c.2,Number Facility,IM,1.75,8,0.1637,1.4292,2.0708,N,,08/2019,Analyst
45-2091.00,1.A.1.c.2,Number Facility,LV,1.0,8,0.2673,0.4762,1.5238,N,N,08/2019,Analyst
45-2091.00,1.A.1.d.1,Memorization,IM,2.12,8,0.125,1.88,2.37,N,,08/2019,Analyst
45-2091.00,1.A.1.d.1,Memorization,LV,1.38,8,0.183,1.0164,1.7336,N,N,08/2019,Analyst
45-2091.00,1.A.1.e.1,Speed of Closure,IM,2.25,8,0.1637,1.9292,2.5708,N,,08/2019,Analyst
45-2091.00,1.A.1.e.1,Speed of Closure,LV,2.0,8,0.2673,1.4762,2.5238,N,N,08/2019,Analyst
45-2091.00,1.A.1.e.2,Flexibility of Closure,IM,2.62,8,0.183,2.2664,2.9836,N,,08/2019,Analyst
45-2091.00,1.A.1.e.2,Flexibility of Closure,LV,2.62,8,0.183,2.2664,2.9836,N,N,08/2019,Analyst
45-2091.00,1.A.1.e.3,Perceptual Speed,IM,2.88,8,0.2266,2.4309,3.3191,N,,08/2019,Analyst
45-2091.00,1.A.1.e.3,Perceptual Speed,LV,2.75,8,0.1637,2.4292,3.0708,N,N,08/2019,Analyst
45-2091.00,1.A.1.f.1,Spatial Orientation,IM,2.25,8,0.1637,1.9292,2.5708,N,,08/2019,Analyst
45-2091.00,1.A.1.f.1,Spatial Orientation,LV,2.0,8,0.0,2.0,2.0,N,N,08/2019,Analyst
45-2091.00,1.A.1.f.2,Visualization,IM,2.88,8,0.125,2.63,3.12,N,,08/2019,Analyst
45-2091.00,1.A.1.f.2,Visualization,LV,2.75,8,0.3134,2.1358,3.3642,N,N,08/2019,Analyst
45-2091.00,1.A.1.g.1,Selective Attention,IM,2.88,8,0.125,2.63,3.12,N,,08/2019,Analyst
45-2091.00,1.A.1.g.1,Selective Attention,LV,2.88,8,0.125,2.63,3.12,N,N,08/2019,Analyst
45-2091.00,1.A.1.g.2,Time Sharing,IM,2.5,8,0.189,2.1296,2.8704,N,,08/2019,Analyst
45-2091.00,1.A.1.g.2,Time Sharing,LV,2.12,8,0.125,1.88,2.37,N,N,08/2019,Analyst
45-2091.00,1.A.2.a.1,Arm-Hand Steadiness,IM,3.25,8,0.1637,2.9292,3.5708,N,,08/2019,Analyst
45-2091.00,1.A.2.a.1,Arm-Hand Steadiness,LV,2.88,8,0.125,2.63,3.12,N,N,08/2019,Analyst
45-2091.00,1.A.2.a.2,Manual Dexterity,IM,3.12,8,0.2266,2.6809,3.5691,N,,08/2019,Analyst
45-2091.00,1.A.2.a.2,Manual Dexterity,LV,3.0,8,0.189,2.6296,3.3704,N,N,08/2019,Analyst
45-2091.00,1.A.2.a.3,Finger Dexterity,IM,3.0,8,0.189,2.6296,3.3704,N,,08/2019,Analyst
45-2091.00,1.A.2.a.3,Finger Dexterity,LV,2.88,8,0.125,2.63,3.12,N,N,08/2019,Analyst
45-2091.00,1.A.2.b.1,Control Precision,IM,3.88,8,0.125,3.63,4.12,N,,08/2019,Analyst
45-2091.00,1.A.2.b.1,Control Precision,LV,3.88,8,0.125,3.63,4.12,N,N,08/2019,Analyst
45-2091.00,1.A.2.b.2,Multilimb Coordination,IM,3.88,8,0.125,3.63,4.12,N,,08/2019,Analyst
45-2091.00,1.A.2.b.2,Multilimb Coordination,LV,3.88,8,0.125,3.63,4.12,N,N,08/2019,Analyst
45-2091.00,1.A.2.b.3,Response Orientation,IM,3.25,8,0.1637,2.9292,3.5708,N,,08/2019,Analyst
45-2091.00,1.A.2.b.3,Response Orientation,LV,3.25,8,0.1637,2.9292,3.5708,N,N,08/2019,Analyst
45-2091.00,1.A.2.b.4,Rate Control,IM,3.25,8,0.1637,2.9292,3.5708,N,,08/2019,Analyst
45-2091.00,1.A.2.b.4,Rate Control,LV,3.12,8,0.125,2.88,3.37,N,N,08/2019,Analyst
45-2091.00,1.A.2.c.1,Reaction Time,IM,3.25,8,0.1637,2.9292,3.5708,N,,08/2019,Analyst
45-2091.00,1.A.2.c.1,Reaction Time,LV,3.38,8,0.183,3.0164,3.7336,N,N,08/2019,Analyst
45-2091.00,1.A.2.c.2,Wrist-Finger Speed,IM,2.12,8,0.125,1.88,2.37,N,,08/2019,Analyst
45-2091.00,1.A.2.c.2,Wrist-Finger Speed,LV,2.12,8,0.125,1.88,2.37,N,N,08/2019,Analyst
45-2091.00,1.A.2.c.3,Speed of Limb Movement,IM,2.12,8,0.2266,1.6809,2.5691,N,,08/2019,Analyst
45-2091.00,1.A.2.c.3,Speed of Limb Movement,LV,1.88,8,0.295,1.2967,2.4533,N,N,08/2019,Analyst
45-2091.00,1.A.3.a.1,Static Strength,IM,3.12,8,0.2266,2.6809,3.5691,N,,08/2019,Analyst
45-2091.00,1.A.3.a.1,Static Strength,LV,3.12,8,0.2266,2.6809,3.5691,N,N,08/2019,Analyst
45-2091.00,1.A.3.a.2,Explosive Strength,IM,1.75,8,0.1637,1.4292,2.0708,N,,08/2019,Analyst
45-2091.00,1.A.3.a.2,Explosive Strength,LV,1.25,8,0.3134,0.6358,1.8642,N,N,08/2019,Analyst
45-2091.00,1.A.3.a.3,Dynamic Strength,IM,2.12,8,0.125,1.88,2.37,N,,08/2019,Analyst
45-2091.00,1.A.3.a.3,Dynamic Strength,LV,1.62,8,0.2631,1.1094,2.1406,N,N,08/2019,Analyst
45-2091.00,1.A.3.a.4,Trunk Strength,IM,3.12,8,0.2266,2.6809,3.5691,N,,08/2019,Analyst
45-2091.00,1.A.3.a.4,Trunk Strength,LV,3.12,8,0.2266,2.6809,3.5691,N,N,08/2019,Analyst
45-2091.00,1.A.3.b.1,Stamina,IM,2.38,8,0.183,2.0164,2.7336,N,,08/2019,Analyst
45-2091.00,1.A.3.b.1,Stamina,LV,2.25,8,0.1637,1.9292,2.5708,N,N,08/2019,Analyst
45-2091.00,1.A.3.c.1,Extent Flexibility,IM,3.0,8,0.189,2.6296,3.3704,N,,08/2019,Analyst
45-2091.00,1.A.3.c.1,Extent Flexibility,LV,3.0,8,0.189,2.6296,3.3704,N,N,08/2019,Analyst
45-2091.00,1.A.3.c.2,Dynamic Flexibility,IM,1.38,8,0.183,1.0164,1.7336,N,,08/2019,Analyst
45-2091.00,1.A.3.c.2,Dynamic Flexibility,LV,0.38,8,0.183,0.0164,0.7336,N,N,08/2019,Analyst
45-2091.00,1.A.3.c.3,Gross Body Coordination,IM,2.12,8,0.125,1.88,2.37,N,,08/2019,Analyst
45-2091.00,1.A.3.c.3,Gross Body Coordination,LV,2.0,8,0.0,2.0,2.0,N,N,08/2019,Analyst
45-2091.00,1.A.3.c.4,Gross Body Equilibrium,IM,2.0,8,0.0,2.0,2.0,N,,08/2019,Analyst
45-2091.00,1.A.3.c.4,Gross Body Equilibrium,LV,1.62,8,0.183,1.2664,1.9836,N,N,08/2019,Analyst
45-2091.00,1.A.4.a.1,Near Vision,IM,3.62,8,0.183,3.2664,3.9836,N,,08/2019,Analyst
45-2091.00,1.A.4.a.1,Near Vision,LV,3.25,8,0.1637,2.9292,3.5708,N,N,08/2019,Analyst
45-2091.00,1.A.4.a.2,Far Vision,IM,3.38,8,0.183,3.0164,3.7336,N,,08/2019,Analyst
45-2091.00,1.A.4.a.2,Far Vision,LV,3.25,8,0.1637,2.9292,3.5708,N,N,08/2019,Analyst
45-2091.00,1.A.4.a.3,Visual Color Discrimination,IM,2.62,8,0.183,2.2664,2.9836,N,,08/2019,Analyst
45-2091.00,1.A.4.a.3,Visual Color Discrimination,LV,2.62,8,0.183,2.2664,2.9836,N,N,08/2019,Analyst
45-2091.00,1.A.4.a.4,Night Vision,IM,1.75,8,0.1637,1.4292,2.0708,N,,08/2019,Analyst
45-2091.00,1.A.4.a.4,Night Vision,LV,1.38,8,0.3239,0.7402,2.0098,N,N,08/2019,Analyst
45-2091.00,1.A.4.a.5,Peripheral Vision,IM,2.38,8,0.183,2.0164,2.7336,N,,08/2019,Analyst
45-2091.00,1.A.4.a.5,Peripheral Vision,LV,2.0,8,0.189,1.6296,2.3704,N,N,08/2019,Analyst
45-2091.00,1.A.4.a.6,Depth Perception,IM,3.38,8,0.183,3.0164,3.7336,N,,08/2019,Analyst
45-2091.00,1.A.4.a.6,Depth Perception,LV,3.25,8,0.1637,2.9292,3.5708,N,N,08/2019,Analyst
45-2091.00,1.A.4.a.7,Glare Sensitivity,IM,2.0,8,0.189,1.6296,2.3704,N,,08/2019,Analyst
45-2091.00,1.A.4.a.7,Glare Sensitivity,LV,1.75,8,0.25,1.26,2.24,N,N,08/2019,Analyst
45-2091.00,1.A.4.b.1,Hearing Sensitivity,IM,3.12,8,0.125,2.88,3.37,N,,08/2019,Analyst
45-2091.00,1.A.4.b.1,Hearing Sensitivity,LV,3.5,8,0.189,3.1296,3.8704,N,N,08/2019,Analyst
45-2091.00,1.A.4.b.2,Auditory Attention,IM,2.88,8,0.125,2.63,3.12,N,,08/2019,Analyst
45-2091.00,1.A.4.b.2,Auditory Attention,LV,2.75,8,0.1637,2.4292,3.0708,N,N,08/2019,Analyst
45-2091.00,1.A.4.b.3,Sound Localization,IM,2.12,8,0.125,1.88,2.37,N,,08/2019,Analyst
45-2091.00,1.A.4.b.3,Sound Localization,LV,2.0,8,0.0,2.0,2.0,N,N,08/2019,Analyst
45-2091.00,1.A.4.b.4,Speech Recognition,IM,3.0,8,0.0,3.0,3.0,N,,08/2019,Analyst
45-2091.00,1.A.4.b.4,Speech Recognition,LV,2.75,8,0.1637,2.4292,3.0708,N,N,08/2019,Analyst
45-2091.00,1.A.4.b.5,Speech Clarity,IM,3.12,8,0.125,2.88,3.37,N,,08/2019,Analyst
45-2091.00,1.A.4.b.5,Speech Clarity,LV,2.75,8,0.1637,2.4292,3.0708,N,N,08/2019,Analyst
45-2092.00,1.A.1.a.1,Oral Comprehension,IM,3.12,8,0.2266,2.6809,3.5691,N,,08/2022,Analyst
45-2092.00,1.A.1.a.1,Oral Comprehension,LV,2.88,8,0.2266,2.4309,3.3191,N,N,08/2022,Analyst
45-2092.00,1.A.1.a.2,Written Comprehension,IM,2.62,8,0.183,2.2664,2.9836,N,,08/2022,Analyst
45-2092.00,1.A.1.a.2,Written Comprehension,LV,2.5,8,0.189,2.1296,2.8704,N,N,08/2022,Analyst
45-2092.00,1.A.1.a.3,Oral Expression,IM,3.25,8,0.1637,2.9292,3.5708,N,,08/2022,Analyst
45-2092.00,1.A.1.a.3,Oral Expression,LV,3.12,8,0.125,2.88,3.37,N,N,08/2022,Analyst
45-2092.00,1.A.1.a.4,Written Expression,IM,2.88,8,0.125,2.63,3.12,N,,08/2022,Analyst
45-2092.00,1.A.1.a.4,Written Expression,LV,2.62,8,0.2631,2.1094,3.1406,N,N,08/2022,Analyst
45-2092.00,1.A.1.b.1,Fluency of Ideas,IM,2.62,8,0.2631,2.1094,3.1406,N,,08/2022,Analyst
45-2092.00,1.A.1.b.1,Fluency of Ideas,LV,2.12,8,0.3504,1.4383,2.8117,N,N,08/2022,Analyst
45-2092.00,1.A.1.b.2,Originality,IM,2.62,8,0.2631,2.1094,3.1406,N,,08/2022,Analyst
45-2092.00,1.A.1.b.2,Originality,LV,2.0,8,0.378,1.2592,2.7408,N,N,08/2022,Analyst
45-2092.00,1.A.1.b.3,Problem Sensitivity,IM,3.0,8,0.0,3.0,3.0,N,,08/2022,Analyst
45-2092.00,1.A.1.b.3,Problem Sensitivity,LV,3.5,8,0.2673,2.9762,4.0238,N,N,08/2022,Analyst
45-2092.00,1.A.1.b.4,Deductive Reasoning,IM,3.0,8,0.0,3.0,3.0,N,,08/2022,Analyst
45-2092.00,1.A.1.b.4,Deductive Reasoning,LV,2.88,8,0.2266,2.4309,3.3191,N,N,08/2022,Analyst
45-2092.00,1.A.1.b.5,Inductive Reasoning,IM,2.88,8,0.125,2.63,3.12,N,,08/2022,Analyst
45-2092.00,1.A.1.b.5,Inductive Reasoning,LV,2.75,8,0.1637,2.4292,3.0708,N,N,08/2022,Analyst
45-2092.00,1.A.1.b.6,Information Ordering,IM,2.75,8,0.25,2.26,3.24,N,,08/2022,Analyst
45-2092.00,1.A.1.b.6,Information Ordering,LV,2.5,8,0.4226,1.6717,3.3283,N,N,08/2022,Analyst
45-2092.00,1.A.1.b.7,Category Flexibility,IM,2.88,8,0.295,2.2967,3.4533,N,,08/2022,Analyst
45-2092.00,1.A.1.b.7,Category Flexibility,LV,2.62,8,0.375,1.89,3.36,N,N,08/2022,Analyst
45-2092.00,1.A.1.c.1,Mathematical Reasoning,IM,2.25,8,0.25,1.76,2.74,N,,08/2022,Analyst
45-2092.00,1.A.1.c.1,Mathematical Reasoning,LV,1.88,8,0.3981,1.0947,2.6553,N,N,08/2022,Analyst
45-2092.00,1.A.1.c.2,Number Facility,IM,2.12,8,0.2266,1.6809,2.5691,N,,08/2022,Analyst
45-2092.00,1.A.1.c.2,Number Facility,LV,1.88,8,0.3504,1.1883,2.5617,N,N,08/2022,Analyst
45-2092.00,1.A.1.d.1,Memorization,IM,2.12,8,0.2266,1.6809,2.5691,N,,08/2022,Analyst
45-2092.00,1.A.1.d.1,Memorization,LV,2.0,8,0.378,1.2592,2.7408,N,N,08/2022,Analyst
45-2092.00,1.A.1.e.1,Speed of Closure,IM,2.38,8,0.2631,1.8594,2.8906,N,,08/2022,Analyst
45-2092.00,1.A.1.e.1,Speed of Closure,LV,2.0,8,0.3273,1.3584,2.6416,N,N,08/2022,Analyst
45-2092.00,1.A.1.e.2,Flexibility of Closure,IM,2.62,8,0.2631,2.1094,3.1406,N,,08/2022,Analyst
45-2092.00,1.A.1.e.2,Flexibility of Closure,LV,2.5,8,0.378,1.7592,3.2408,N,N,08/2022,Analyst
45-2092.00,1.A.1.e.3,Perceptual Speed,IM,2.38,8,0.2631,1.8594,2.8906,N,,08/2022,Analyst
45-2092.00,1.A.1.e.3,Perceptual Speed,LV,2.25,8,0.366,1.5327,2.9673,N,N,08/2022,Analyst
45-2092.00,1.A.1.f.1,Spatial Orientation,IM,2.62,8,0.3239,1.9902,3.2598,N,,08/2022,Analyst
45-2092.00,1.A.1.f.1,Spatial Orientation,LV,2.25,8,0.4532,1.3618,3.1382,N,N,08/2022,Analyst
45-2092.00,1.A.1.f.2,Visualization,IM,2.75,8,0.25,2.26,3.24,N,,08/2022,Analyst
45-2092.00,1.A.1.f.2,Visualization,LV,2.62,8,0.375,1.89,3.36,N,N,08/2022,Analyst
45-2092.00,1.A.1.g.1,Selective Attention,IM,2.75,8,0.25,2.26,3.24,N,,08/2022,Analyst
45-2092.00,1.A.1.g.1,Selective Attention,LV,2.5,8,0.378,1.7592,3.2408,N,N,08/2022,Analyst
45-2092.00,1.A.1.g.2,Time Sharing,IM,2.5,8,0.189,2.1296,2.8704,N,,08/2022,Analyst
45-2092.00,1.A.1.g.2,Time Sharing,LV,2.75,8,0.1637,2.4292,3.0708,N,N,08/2022,Analyst
45-2092.00,1.A.2.a.1,Arm-Hand Steadiness,IM,3.88,8,0.2266,3.4309,4.3191,N,,08/2022,Analyst
45-2092.00,1.A.2.a.1,Arm-Hand Steadiness,LV,3.25,8,0.1637,2.9292,3.5708,N,N,08/2022,Analyst
45-2092.00,1.A.2.a.2,Manual Dexterity,IM,3.75,8,0.25,3.26,4.24,N,,08/2022,Analyst
45-2092.00,1.A.2.a.2,Manual Dexterity,LV,3.62,8,0.3239,2.9902,4.2598,N,N,08/2022,Analyst
45-2092.00,1.A.2.a.3,Finger Dexterity,IM,3.62,8,0.2631,3.1094,4.1406,N,,08/2022,Analyst
45-2092.00,1.A.2.a.3,Finger Dexterity,LV,3.0,8,0.189,2.6296,3.3704,N,N,08/2022,Analyst
45-2092.00,1.A.2.b.1,Control Precision,IM,3.88,8,0.2266,3.4309,4.3191,N,,08/2022,Analyst
45-2092.00,1.A.2.b.1,Control Precision,LV,3.5,8,0.2673,2.9762,4.0238,N,N,08/2022,Analyst
45-2092.00,1.A.2.b.2,Multilimb Coordination,IM,3.75,8,0.25,3.26,4.24,N,,08/2022,Analyst
45-2092.00,1.A.2.b.2,Multilimb Coordination,LV,3.5,8,0.189,3.1296,3.8704,N,N,08/2022,Analyst
45-2092.00,1.A.2.b.3,Response Orientation,IM,2.75,8,0.3134,2.1358,3.3642,N,,08/2022,Analyst
45-2092.00,1.A.2.b.3,Response Orientation,LV,2.75,8,0.4119,1.9427,3.5573,N,N,08/2022,Analyst
45-2092.00,1.A.2.b.4,Rate Control,IM,3.5,8,0.189,3.1296,3.8704,N,,08/2022,Analyst
45-2092.00,1.A.2.b.4,Rate Control,LV,2.88,8,0.2266,2.4309,3.3191,N,N,08/2022,Analyst
45-2092.00,1.A.2.c.1,Reaction Time,IM,3.25,8,0.1637,2.9292,3.5708,N,,08/2022,Analyst
45-2092.00,1.A.2.c.1,Reaction Time,LV,3.62,8,0.375,2.89,4.36,N,N,08/2022,Analyst
45-2092.00,1.A.2.c.2,Wrist-Finger Speed,IM,2.5,8,0.3273,1.8584,3.1416,N,,08/2022,Analyst
45-2092.00,1.A.2.c.2,Wrist-Finger Speed,LV,2.25,8,0.4119,1.4427,3.0573,N,N,08/2022,Analyst
45-2092.00,1.A.2.c.3,Speed of Limb Movement,IM,2.38,8,0.375,1.64,3.11,N,,08/2022,Analyst
45-2092.00,1.A.2.c.3,Speed of Limb Movement,LV,2.12,8,0.5154,1.1148,3.1352,Y,N,08/2022,Analyst
45-2092.00,1.A.3.a.1,Static Strength,IM,3.62,8,0.2631,3.1094,4.1406,N,,08/2022,Analyst
45-2092.00,1.A.3.a.1,Static Strength,LV,3.75,8,0.3134,3.1358,4.3642,N,N,08/2022,Analyst
45-2092.00,1.A.3.a.2,Explosive Strength,IM,3.38,8,0.2631,2.8594,3.8906,N,,08/2022,Analyst
45-2092.00,1.A.3.a.2,Explosive Strength,LV,3.25,8,0.3134,2.6358,3.8642,N,N,08/2022,Analyst
45-2092.00,1.A.3.a.3,Dynamic Strength,IM,3.5,8,0.378,2.7592,4.2408,N,,08/2022,Analyst
45-2092.00,1.A.3.a.3,Dynamic Strength,LV,3.12,8,0.125,2.88,3.37,N,N,08/2022,Analyst
45-2092.00,1.A.3.a.4,Trunk Strength,IM,4.0,8,0.2673,3.4762,4.5238,N,,08/2022,Analyst
45-2092.00,1.A.3.a.4,Trunk Strength,LV,3.88,8,0.3504,3.1883,4.5617,N,N,08/2022,Analyst
45-2092.00,1.A.3.b.1,Stamina,IM,3.5,8,0.378,2.7592,4.2408,N,,08/2022,Analyst
45-2092.00,1.A.3.b.1,Stamina,LV,3.0,8,0.378,2.2592,3.7408,N,N,08/2022,Analyst
45-2092.00,1.A.3.c.1,Extent Flexibility,IM,3.75,8,0.3134,3.1358,4.3642,N,,08/2022,Analyst
45-2092.00,1.A.3.c.1,Extent Flexibility,LV,3.75,8,0.3134,3.1358,4.3642,N,N,08/2022,Analyst
45-2092.00,1.A.3.c.2,Dynamic Flexibility,IM,2.62,8,0.2631,2.1094,3.1406,N,,08/2022,Analyst
45-2092.00,1.A.3.c.2,Dynamic Flexibility,LV,2.38,8,0.183,2.0164,2.7336,N,N,08/2022,Analyst
45-2092.00,1.A.3.c.3,Gross Body Coordination,IM,3.12,8,0.295,2.5467,3.7033,N,,08/2022,Analyst
45-2092.00,1.A.3.c.3,Gross Body Coordination,LV,2.88,8,0.2266,2.4309,3.3191,N,N,08/2022,Analyst
45-2092.00,1.A.3.c.4,Gross Body Equilibrium,IM,3.0,8,0.189,2.6296,3.3704,N,,08/2022,Analyst
45-2092.00,1.A.3.c.4,Gross Body Equilibrium,LV,2.62,8,0.183,2.2664,2.9836,N,N,08/2022,Analyst
45-2092.00,1.A.4.a.1,Near Vision,IM,3.5,8,0.2673,2.9762,4.0238,N,,08/2022,Analyst
45-2092.00,1.A.4.a.1,Near Vision,LV,3.38,8,0.183,3.0164,3.7336,N,N,08/2022,Analyst
45-2092.00,1.A.4.a.2,Far Vision,IM,3.12,8,0.2266,2.6809,3.5691,N,,08/2022,Analyst
45-2092.00,1.A.4.a.2,Far Vision,LV,3.0,8,0.2673,2.4762,3.5238,N,N,08/2022,Analyst
45-2092.00,1.A.4.a.3,Visual Color Discrimination,IM,2.38,8,0.2631,1.8594,2.8906,N,,08/2022,Analyst
45-2092.00,1.A.4.a.3,Visual Color Discrimination,LV,2.12,8,0.3504,1.4383,2.8117,N,N,08/2022,Analyst
45-2092.00,1.A.4.a.4,Night Vision,IM,1.75,8,0.1637,1.4292,2.0708,N,,08/2022,Analyst
45-2092.00,1.A.4.a.4,Night Vision,LV,1.38,8,0.3239,0.7402,2.0098,N,N,08/2022,Analyst
45-2092.00,1.A.4.a.5,Peripheral Vision,IM,2.12,8,0.125,1.88,2.37,N,,08/2022,Analyst
45-2092.00,1.A.4.a.5,Peripheral Vision,LV,2.0,8,0.3273,1.3584,2.6416,N,N,08/2022,Analyst
45-2092.00,1.A.4.a.6,Depth Perception,IM,2.5,8,0.189,2.1296,2.8704,N,,08/2022,Analyst
45-2092.00,1.A.4.a.6,Depth Perception,LV,2.5,8,0.189,2.1296,2.8704,N,N,08/2022,Analyst
45-2092.00,1.A.4.a.7,Glare Sensitivity,IM,2.0,8,0.3273,1.3584,2.6416,N,,08/2022,Analyst
45-2092.00,1.A.4.a.7,Glare Sensitivity,LV,1.62,8,0.375,0.89,2.36,N,N,08/2022,Analyst
45-2092.00,1.A.4.b.1,Hearing Sensitivity,IM,2.25,8,0.3134,1.6358,2.8642,N,,08/2022,Analyst
45-2092.00,1.A.4.b.1,Hearing Sensitivity,LV,2.0,8,0.4629,1.0927,2.9073,N,N,08/2022,Analyst
45-2092.00,1.A.4.b.2,Auditory Attention,IM,2.25,8,0.3134,1.6358,2.8642,N,,08/2022,Analyst
45-2092.00,1.A.4.b.2,Auditory Attention,LV,1.88,8,0.4407,1.0113,2.7387,N,N,08/2022,Analyst
45-2092.00,1.A.4.b.3,Sound Localization,IM,1.88,8,0.2266,1.4309,2.3191,N,,08/2022,Analyst
45-2092.00,1.A.4.b.3,Sound Localization,LV,1.38,8,0.3239,0.7402,2.0098,N,N,08/2022,Analyst
45-2092.00,1.A.4.b.4,Speech Recognition,IM,3.0,8,0.0,3.0,3.0,N,,08/2022,Analyst
45-2092.00,1.A.4.b.4,Speech Recognition,LV,2.88,8,0.125,2.63,3.12,N,N,08/2022,Analyst
45-2092.00,1.A.4.b.5,Speech Clarity,IM,3.0,8,0.0,3.0,3.0,N,,08/2022,Analyst
45-2092.00,1.A.4.b.5,Speech Clarity,LV,2.5,8,0.189,2.1296,2.8704,N,N,08/2022,Analyst
45-2093.00,1.A.1.a.1,Oral Comprehension,IM,3.38,8,0.183,3.0164,3.7336,N,,08/2019,Analyst
45-2093.00,1.A.1.a.1,Oral Comprehension,LV,3.62,8,0.183,3.2664,3.9836,N,N,08/2019,Analyst
45-2093.00,1.A.1.a.2,Written Comprehension,IM,3.0,8,0.0,3.0,3.0,N,,08/2019,Analyst
45-2093.00,1.A.1.a.2,Written Comprehension,LV,3.0,8,0.0,3.0,3.0,N,N,08/2019,Analyst
45-2093.00,1.A.1.a.3,Oral Expression,IM,3.0,8,0.0,3.0,3.0,N,,08/2019,Analyst
45-2093.00,1.A.1.a.3,Oral Expression,LV,3.12,8,0.125,2.88,3.37,N,N,08/2019,Analyst
45-2093.00,1.A.1.a.4,Written Expression,IM,2.62,8,0.183,2.2664,2.9836,N,,08/2019,Analyst
45-2093.00,1.A.1.a.4,Written Expression,LV,2.62,8,0.183,2.2664,2.9836,N,N,08/2019,Analyst
45-2093.00,1.A.1.b.1,Fluency of Ideas,IM,2.5,8,0.189,2.1296,2.8704,N,,08/2019,Analyst
45-2093.00,1.A.1.b.1,Fluency of Ideas,LV,2.12,8,0.125,1.88,2.37,N,N,08/2019,Analyst
45-2093.00,1.A.1.b.2,Originality,IM,2.62,8,0.183,2.2664,2.9836,N,,08/2019,Analyst
45-2093.00,1.A.1.b.2,Originality,LV,2.25,8,0.1637,1.9292,2.5708,N,N,08/2019,Analyst
45-2093.00,1.A.1.b.3,Problem Sensitivity,IM,3.75,8,0.1637,3.4292,4.0708,N,,08/2019,Analyst
45-2093.00,1.A.1.b.3,Problem Sensitivity,LV,3.25,8,0.1637,2.9292,3.5708,N,N,08/2019,Analyst
45-2093.00,1.A.1.b.4,Deductive Reasoning,IM,3.38,8,0.183,3.0164,3.7336,N,,08/2019,Analyst
45-2093.00,1.A.1.b.4,Deductive Reasoning,LV,3.12,8,0.125,2.88,3.37,N,N,08/2019,Analyst
45-2093.00,1.A.1.b.5,Inductive Reasoning,IM,3.12,8,0.125,2.88,3.37,N,,08/2019,Analyst
45-2093.00,1.A.1.b.5,Inductive Reasoning,LV,2.88,8,0.125,2.63,3.12,N,N,08/2019,Analyst
45-2093.00,1.A.1.b.6,Information Ordering,IM,3.12,8,0.125,2.88,3.37,N,,08/2019,Analyst
45-2093.00,1.A.1.b.6,Information Ordering,LV,2.88,8,0.125,2.63,3.12,N,N,08/2019,Analyst
45-2093.00,1.A.1.b.7,Category Flexibility,IM,3.0,8,0.189,2.6296,3.3704,N,,08/2019,Analyst
45-2093.00,1.A.1.b.7,Category Flexibility,LV,3.0,8,0.189,2.6296,3.3704,N,N,08/2019,Analyst
45-2093.00,1.A.1.c.1,Mathematical Reasoning,IM,2.12,8,0.125,1.88,2.37,N,,08/2019,Analyst
45-2093.00,1.A.1.c.1,Mathematical Reasoning,LV,1.5,8,0.189,1.1296,1.8704,N,N,08/2019,Analyst
45-2093.00,1.A.1.c.2,Number Facility,IM,2.12,8,0.125,1.88,2.37,N,,08/2019,Analyst
45-2093.00,1.A.1.c.2,Number Facility,LV,2.0,8,0.189,1.6296,2.3704,N,N,08/2019,Analyst
45-2093.00,1.A.1.d.1,Memorization,IM,2.12,8,0.125,1.88,2.37,N,,08/2019,Analyst
45-2093.00,1.A.1.d.1,Memorization,LV,2.0,8,0.0,2.0,2.0,N,N,08/2019,Analyst
45-2093.00,1.A.1.e.1,Speed of Closure,IM,2.38,8,0.183,2.0164,2.7336,N,,08/2019,Analyst
45-2093.00,1.A.1.e.1,Speed of Closure,LV,2.12,8,0.125,1.88,2.37,N,N,08/2019,Analyst
45-2093.00,1.A.1.e.2,Flexibility of Closure,IM,3.0,8,0.189,2.6296,3.3704,N,,08/2019,Analyst
45-2093.00,1.A.1.e.2,Flexibility of Closure,LV,2.88,8,0.2266,2.4309,3.3191,N,N,08/2019,Analyst
45-2093.00,1.A.1.e.3,Perceptual Speed,IM,2.88,8,0.125,2.63,3.12,N,,08/2019,Analyst
45-2093.00,1.A.1.e.3,Perceptual Speed,LV,2.75,8,0.1637,2.4292,3.0708,N,N,08/2019,Analyst
45-2093.00,1.A.1.f.1,Spatial Orientation,IM,2.5,8,0.189,2.1296,2.8704,N,,08/2019,Analyst
45-2093.00,1.A.1.f.1,Spatial Orientation,LV,2.0,8,0.0,2.0,2.0,N,N,08/2019,Analyst
45-2093.00,1.A.1.f.2,Visualization,IM,2.75,8,0.1637,2.4292,3.0708,N,,08/2019,Analyst
45-2093.00,1.A.1.f.2,Visualization,LV,2.75,8,0.1637,2.4292,3.0708,N,N,08/2019,Analyst
45-2093.00,1.A.1.g.1,Selective Attention,IM,3.0,8,0.0,3.0,3.0,N,,08/2019,Analyst
45-2093.00,1.A.1.g.1,Selective Attention,LV,2.88,8,0.125,2.63,3.12,N,N,08/2019,Analyst
45-2093.00,1.A.1.g.2,Time Sharing,IM,2.62,8,0.183,2.2664,2.9836,N,,08/2019,Analyst
45-2093.00,1.A.1.g.2,Time Sharing,LV,2.75,8,0.1637,2.4292,3.0708,N,N,08/2019,Analyst
45-2093.00,1.A.2.a.1,Arm-Hand Steadiness,IM,3.38,8,0.183,3.0164,3.7336,N,,08/2019,Analyst
45-2093.00,1.A.2.a.1,Arm-Hand Steadiness,LV,3.12,8,0.125,2.88,3.37,N,N,08/2019,Analyst
45-2093.00,1.A.2.a.2,Manual Dexterity,IM,3.12,8,0.125,2.88,3.37,N,,08/2019,Analyst
45-2093.00,1.A.2.a.2,Manual Dexterity,LV,3.12,8,0.125,2.88,3.37,N,N,08/2019,Analyst
45-2093.00,1.A.2.a.3,Finger Dexterity,IM,3.12,8,0.125,2.88,3.37,N,,08/2019,Analyst
45-2093.00,1.A.2.a.3,Finger Dexterity,LV,3.0,8,0.0,3.0,3.0,N,N,08/2019,Analyst
45-2093.00,1.A.2.b.1,Control Precision,IM,3.62,8,0.183,3.2664,3.9836,N,,08/2019,Analyst
45-2093.00,1.A.2.b.1,Control Precision,LV,3.38,8,0.183,3.0164,3.7336,N,N,08/2019,Analyst
45-2093.00,1.A.2.b.2,Multilimb Coordination,IM,3.12,8,0.125,2.88,3.37,N,,08/2019,Analyst
45-2093.00,1.A.2.b.2,Multilimb Coordination,LV,3.25,8,0.1637,2.9292,3.5708,N,N,08/2019,Analyst
45-2093.00,1.A.2.b.3,Response Orientation,IM,2.75,8,0.1637,2.4292,3.0708,N,,08/2019,Analyst
45-2093.00,1.A.2.b.3,Response Orientation,LV,2.75,8,0.1637,2.4292,3.0708,N,N,08/2019,Analyst
45-2093.00,1.A.2.b.4,Rate Control,IM,2.62,8,0.183,2.2664,2.9836,N,,08/2019,Analyst
45-2093.00,1.A.2.b.4,Rate Control,LV,2.62,8,0.183,2.2664,2.9836,N,N,08/2019,Analyst
45-2093.00,1.A.2.c.1,Reaction Time,IM,2.75,8,0.1637,2.4292,3.0708,N,,08/2019,Analyst
45-2093.00,1.A.2.c.1,Reaction Time,LV,2.75,8,0.1637,2.4292,3.0708,N,N,08/2019,Analyst
45-2093.00,1.A.2.c.2,Wrist-Finger Speed,IM,2.25,8,0.1637,1.9292,2.5708,N,,08/2019,Analyst
45-2093.00,1.A.2.c.2,Wrist-Finger Speed,LV,2.0,8,0.189,1.6296,2.3704,N,N,08/2019,Analyst
45-2093.00,1.A.2.c.3,Speed of Limb Movement,IM,2.0,8,0.189,1.6296,2.3704,N,,08/2019,Analyst
45-2093.00,1.A.2.c.3,Speed of Limb Movement,LV,1.88,8,0.295,1.2967,2.4533,N,N,08/2019,Analyst
45-2093.00,1.A.3.a.1,Static Strength,IM,3.12,8,0.125,2.88,3.37,N,,08/2019,Analyst
45-2093.00,1.A.3.a.1,Static Strength,LV,3.75,8,0.25,3.26,4.24,N,N,08/2019,Analyst
45-2093.00,1.A.3.a.2,Explosive Strength,IM,1.88,8,0.2266,1.4309,2.3191,N,,08/2019,Analyst
45-2093.00,1.A.3.a.2,Explosive Strength,LV,1.25,8,0.366,0.5327,1.9673,N,N,08/2019,Analyst
45-2093.00,1.A.3.a.3,Dynamic Strength,IM,2.38,8,0.183,2.0164,2.7336,N,,08/2019,Analyst
45-2093.00,1.A.3.a.3,Dynamic Strength,LV,2.38,8,0.2631,1.8594,2.8906,N,N,08/2019,Analyst
45-2093.00,1.A.3.a.4,Trunk Strength,IM,3.25,8,0.1637,2.9292,3.5708,N,,08/2019,Analyst
45-2093.00,1.A.3.a.4,Trunk Strength,LV,3.12,8,0.125,2.88,3.37,N,N,08/2019,Analyst
45-2093.00,1.A.3.b.1,Stamina,IM,2.62,8,0.183,2.2664,2.9836,N,,08/2019,Analyst
45-2093.00,1.A.3.b.1,Stamina,LV,2.5,8,0.189,2.1296,2.8704,N,N,08/2019,Analyst
45-2093.00,1.A.3.c.1,Extent Flexibility,IM,2.75,8,0.1637,2.4292,3.0708,N,,08/2019,Analyst
45-2093.00,1.A.3.c.1,Extent Flexibility,LV,2.88,8,0.125,2.63,3.12,N,N,08/2019,Analyst
45-2093.00,1.A.3.c.2,Dynamic Flexibility,IM,1.5,8,0.189,1.1296,1.8704,N,,08/2019,Analyst
45-2093.00,1.A.3.c.2,Dynamic Flexibility,LV,0.62,8,0.2631,0.1094,1.1406,N,N,08/2019,Analyst
45-2093.00,1.A.3.c.3,Gross Body Coordination,IM,2.88,8,0.125,2.63,3.12,N,,08/2019,Analyst
45-2093.00,1.A.3.c.3,Gross Body Coordination,LV,2.5,8,0.189,2.1296,2.8704,N,N,08/2019,Analyst
45-2093.00,1.A.3.c.4,Gross Body Equilibrium,IM,2.12,8,0.125,1.88,2.37,N,,08/2019,Analyst
45-2093.00,1.A.3.c.4,Gross Body Equilibrium,LV,2.12,8,0.125,1.88,2.37,N,N,08/2019,Analyst
45-2093.00,1.A.4.a.1,Near Vision,IM,3.25,8,0.1637,2.9292,3.5708,N,,08/2019,Analyst
45-2093.00,1.A.4.a.1,Near Vision,LV,3.25,8,0.1637,2.9292,3.5708,N,N,08/2019,Analyst
45-2093.00,1.A.4.a.2,Far Vision,IM,3.12,8,0.125,2.88,3.37,N,,08/2019,Analyst
45-2093.00,1.A.4.a.2,Far Vision,LV,3.0,8,0.0,3.0,3.0,N,N,08/2019,Analyst
45-2093.00,1.A.4.a.3,Visual Color Discrimination,IM,2.62,8,0.183,2.2664,2.9836,N,,08/2019,Analyst
45-2093.00,1.A.4.a.3,Visual Color Discrimination,LV,2.62,8,0.183,2.2664,2.9836,N,N,08/2019,Analyst
45-2093.00,1.A.4.a.4,Night Vision,IM,1.88,8,0.125,1.63,2.12,N,,08/2019,Analyst
45-2093.00,1.A.4.a.4,Night Vision,LV,1.5,8,0.2673,0.9762,2.0238,N,N,08/2019,Analyst
45-2093.00,1.A.4.a.5,Peripheral Vision,IM,2.12,8,0.125,1.88,2.37,N,,08/2019,Analyst
45-2093.00,1.A.4.a.5,Peripheral Vision,LV,1.38,8,0.183,1.0164,1.7336,N,N,08/2019,Analyst
45-2093.00,1.A.4.a.6,Depth Perception,IM,2.88,8,0.125,2.63,3.12,N,,08/2019,Analyst
45-2093.00,1.A.4.a.6,Depth Perception,LV,2.75,8,0.1637,2.4292,3.0708,N,N,08/2019,Analyst
45-2093.00,1.A.4.a.7,Glare Sensitivity,IM,2.0,8,0.0,2.0,2.0,N,,08/2019,Analyst
45-2093.00,1.A.4.a.7,Glare Sensitivity,LV,1.75,8,0.1637,1.4292,2.0708,N,N,08/2019,Analyst
45-2093.00,1.A.4.b.1,Hearing Sensitivity,IM,2.5,8,0.189,2.1296,2.8704,N,,08/2019,Analyst
45-2093.00,1.A.4.b.1,Hearing Sensitivity,LV,2.5,8,0.189,2.1296,2.8704,N,N,08/2019,Analyst
45-2093.00,1.A.4.b.2,Auditory Attention,IM,2.5,8,0.189,2.1296,2.8704,N,,08/2019,Analyst
45-2093.00,1.A.4.b.2,Auditory Attention,LV,2.38,8,0.183,2.0164,2.7336,N,N,08/2019,Analyst
45-2093.00,1.A.4.b.3,Sound Localization,IM,1.88,8,0.125,1.63,2.12,N,,08/2019,Analyst
45-2093.00,1.A.4.b.3,Sound Localization,LV,1.0,8,0.189,0.6296,1.3704,N,N,08/2019,Analyst
45-2093.00,1.A.4.b.4,Speech Recognition,IM,3.0,8,0.0,3.0,3.0,N,,08/2019,Analyst
45-2093.00,1.A.4.b.4,Speech Recognition,LV,2.75,8,0.1637,2.4292,3.0708,N,N,08/2019,Analyst
45-2093.00,1.A.4.b.5,Speech Clarity,IM,3.12,8,0.125,2.88,3.37,N,,08/2019,Analyst
45-2093.00,1.A.4.b.5,Speech Clarity,LV,2.75,8,0.1637,2.4292,3.0708,N,N,08/2019,Analyst
45-3031.00,1.A.1.a.1,Oral Comprehension,IM,2.88,8,0.125,2.63,3.12,N,,08/2024,Analyst
45-3031.00,1.A.1.a.1,Oral Comprehension,LV,2.88,8,0.125,2.63,3.12,N,N,08/2024,Analyst
45-3031.00,1.A.1.a.2,Written Comprehension,IM,2.5,8,0.189,2.1296,2.8704,N,,08/2024,Analyst
45-3031.00,1.A.1.a.2,Written Comprehension,LV,2.5,8,0.189,2.1296,2.8704,N,N,08/2024,Analyst
45-3031.00,1.A.1.a.3,Oral Expression,IM,2.88,8,0.125,2.63,3.12,N,,08/2024,Analyst
45-3031.00,1.A.1.a.3,Oral Expression,LV,2.62,8,0.2631,2.1094,3.1406,N,N,08/2024,Analyst
45-3031.00,1.A.1.a.4,Written Expression,IM,2.25,8,0.1637,1.9292,2.5708,N,,08/2024,Analyst
45-3031.00,1.A.1.a.4,Written Expression,LV,2.0,8,0.189,1.6296,2.3704,N,N,08/2024,Analyst
45-3031.00,1.A.1.b.1,Fluency of Ideas,IM,2.25,8,0.1637,1.9292,2.5708,N,,08/2024,Analyst
45-3031.00,1.A.1.b.1,Fluency of Ideas,LV,2.0,8,0.189,1.6296,2.3704,N,N,08/2024,Analyst
45-3031.00,1.A.1.b.2,Originality,IM,2.25,8,0.1637,1.9292,2.5708,N,,08/2024,Analyst
45-3031.00,1.A.1.b.2,Originality,LV,2.0,8,0.189,1.6296,2.3704,N,N,08/2024,Analyst
45-3031.00,1.A.1.b.3,Problem Sensitivity,IM,2.88,8,0.125,2.63,3.12,N,,08/2024,Analyst
45-3031.00,1.A.1.b.3,Problem Sensitivity,LV,2.75,8,0.1637,2.4292,3.0708,N,N,08/2024,Analyst
45-3031.00,1.A.1.b.4,Deductive Reasoning,IM,2.88,8,0.125,2.63,3.12,N,,08/2024,Analyst
45-3031.00,1.A.1.b.4,Deductive Reasoning,LV,2.88,8,0.125,2.63,3.12,N,N,08/2024,Analyst
45-3031.00,1.A.1.b.5,Inductive Reasoning,IM,2.88,8,0.125,2.63,3.12,N,,08/2024,Analyst
45-3031.00,1.A.1.b.5,Inductive Reasoning,LV,2.5,8,0.189,2.1296,2.8704,N,N,08/2024,Analyst
45-3031.00,1.A.1.b.6,Information Ordering,IM,2.88,8,0.125,2.63,3.12,N,,08/2024,Analyst
45-3031.00,1.A.1.b.6,Information Ordering,LV,2.62,8,0.183,2.2664,2.9836,N,N,08/2024,Analyst
45-3031.00,1.A.1.b.7,Category Flexibility,IM,2.75,8,0.1637,2.4292,3.0708,N,,08/2024,Analyst
45-3031.00,1.A.1.b.7,Category Flexibility,LV,2.88,8,0.2266,2.4309,3.3191,N,N,08/2024,Analyst
45-3031.00,1.A.1.c.1,Mathematical Reasoning,IM,1.12,8,0.125,1.0,1.37,N,,08/2024,Analyst
45-3031.00,1.A.1.c.1,Mathematical Reasoning,LV,0.25,8,0.25,0.0,0.74,N,Y,08/2024,Analyst
45-3031.00,1.A.1.c.2,Number Facility,IM,1.62,8,0.183,1.2664,1.9836,N,,08/2024,Analyst
45-3031.00,1.A.1.c.2,Number Facility,LV,0.88,8,0.295,0.2967,1.4533,N,N,08/2024,Analyst
45-3031.00,1.A.1.d.1,Memorization,IM,2.12,8,0.125,1.88,2.37,N,,08/2024,Analyst
45-3031.00,1.A.1.d.1,Memorization,LV,1.75,8,0.1637,1.4292,2.0708,N,N,08/2024,Analyst
45-3031.00,1.A.1.e.1,Speed of Closure,IM,2.25,8,0.1637,1.9292,2.5708,N,,08/2024,Analyst
45-3031.00,1.A.1.e.1,Speed of Closure,LV,2.25,8,0.3134,1.6358,2.8642,N,N,08/2024,Analyst
45-3031.00,1.A.1.e.2,Flexibility of Closure,IM,2.75,8,0.25,2.26,3.24,N,,08/2024,Analyst
45-3031.00,1.A.1.e.2,Flexibility of Closure,LV,2.38,8,0.3239,1.7402,3.0098,N,N,08/2024,Analyst
45-3031.00,1.A.1.e.3,Perceptual Speed,IM,2.5,8,0.189,2.1296,2.8704,N,,08/2024,Analyst
45-3031.00,1.A.1.e.3,Perceptual Speed,LV,2.5,8,0.189,2.1296,2.8704,N,N,08/2024,Analyst
45-3031.00,1.A.1.f.1,Spatial Orientation,IM,2.5,8,0.189,2.1296,2.8704,N,,08/2024,Analyst
45-3031.00,1.A.1.f.1,Spatial Orientation,LV,2.12,8,0.2266,1.6809,2.5691,N,N,08/2024,Analyst
45-3031.00,1.A.1.f.2,Visualization,IM,2.5,8,0.2673,1.9762,3.0238,N,,08/2024,Analyst
45-3031.00,1.A.1.f.2,Visualization,LV,2.25,8,0.3134,1.6358,2.8642,N,N,08/2024,Analyst
45-3031.00,1.A.1.g.1,Selective Attention,IM,2.62,8,0.183,2.2664,2.9836,N,,08/2024,Analyst
45-3031.00,1.A.1.g.1,Selective Attention,LV,2.12,8,0.2266,1.6809,2.5691,N,N,08/2024,Analyst
45-3031.00,1.A.1.g.2,Time Sharing,IM,2.25,8,0.1637,1.9292,2.5708,N,,08/2024,Analyst
45-3031.00,1.A.1.g.2,Time Sharing,LV,2.0,8,0.189,1.6296,2.3704,N,N,08/2024,Analyst
45-3031.00,1.A.2.a.1,Arm-Hand Steadiness,IM,2.88,8,0.125,2.63,3.12,N,,08/2024,Analyst
45-3031.00,1.A.2.a.1,Arm-Hand Steadiness,LV,3.12,8,0.2266,2.6809,3.5691,N,N,08/2024,Analyst
45-3031.00,1.A.2.a.2,Manual Dexterity,IM,3.12,8,0.2266,2.6809,3.5691,N,,08/2024,Analyst
45-3031.00,1.A.2.a.2,Manual Dexterity,LV,3.12,8,0.295,2.5467,3.7033,N,N,08/2024,Analyst
45-3031.00,1.A.2.a.3,Finger Dexterity,IM,3.0,8,0.189,2.6296,3.3704,N,,08/2024,Analyst
45-3031.00,1.A.2.a.3,Finger Dexterity,LV,3.12,8,0.2266,2.6809,3.5691,N,N,08/2024,Analyst
45-3031.00,1.A.2.b.1,Control Precision,IM,3.0,8,0.189,2.6296,3.3704,N,,08/2024,Analyst
45-3031.00,1.A.2.b.1,Control Precision,LV,3.12,8,0.2266,2.6809,3.5691,N,N,08/2024,Analyst
45-3031.00,1.A.2.b.2,Multilimb Coordination,IM,2.88,8,0.2266,2.4309,3.3191,N,,08/2024,Analyst
45-3031.00,1.A.2.b.2,Multilimb Coordination,LV,2.88,8,0.2266,2.4309,3.3191,N,N,08/2024,Analyst
45-3031.00,1.A.2.b.3,Response Orientation,IM,2.5,8,0.189,2.1296,2.8704,N,,08/2024,Analyst
45-3031.00,1.A.2.b.3,Response Orientation,LV,2.75,8,0.25,2.26,3.24,N,N,08/2024,Analyst
45-3031.00,1.A.2.b.4,Rate Control,IM,2.62,8,0.2631,2.1094,3.1406,N,,08/2024,Analyst
45-3031.00,1.A.2.b.4,Rate Control,LV,3.12,8,0.3981,2.3447,3.9053,N,N,08/2024,Analyst
45-3031.00,1.A.2.c.1,Reaction Time,IM,2.75,8,0.1637,2.4292,3.0708,N,,08/2024,Analyst
45-3031.00,1.A.2.c.1,Reaction Time,LV,3.12,8,0.2266,2.6809,3.5691,N,N,08/2024,Analyst
45-3031.00,1.A.2.c.2,Wrist-Finger Speed,IM,2.12,8,0.2266,1.6809,2.5691,N,,08/2024,Analyst
45-3031.00,1.A.2.c.2,Wrist-Finger Speed,LV,2.0,8,0.4226,1.1717,2.8283,N,N,08/2024,Analyst
45-3031.00,1.A.2.c.3,Speed of Limb Movement,IM,1.38,8,0.183,1.0164,1.7336,N,,08/2024,Analyst
45-3031.00,1.A.2.c.3,Speed of Limb Movement,LV,0.75,8,0.366,0.0327,1.4673,N,N,08/2024,Analyst
45-3031.00,1.A.3.a.1,Static Strength,IM,3.12,8,0.125,2.88,3.37,N,,08/2024,Analyst
45-3031.00,1.A.3.a.1,Static Strength,LV,3.38,8,0.3239,2.7402,4.0098,N,N,08/2024,Analyst
45-3031.00,1.A.3.a.2,Explosive Strength,IM,2.62,8,0.183,2.2664,2.9836,N,,08/2024,Analyst
45-3031.00,1.A.3.a.2,Explosive Strength,LV,2.75,8,0.3134,2.1358,3.3642,N,N,08/2024,Analyst
45-3031.00,1.A.3.a.3,Dynamic Strength,IM,2.88,8,0.2266,2.4309,3.3191,N,,08/2024,Analyst
45-3031.00,1.A.3.a.3,Dynamic Strength,LV,2.88,8,0.295,2.2967,3.4533,N,N,08/2024,Analyst
45-3031.00,1.A.3.a.4,Trunk Strength,IM,2.88,8,0.2266,2.4309,3.3191,N,,08/2024,Analyst
45-3031.00,1.A.3.a.4,Trunk Strength,LV,3.12,8,0.295,2.5467,3.7033,N,N,08/2024,Analyst
45-3031.00,1.A.3.b.1,Stamina,IM,2.75,8,0.25,2.26,3.24,N,,08/2024,Analyst
45-3031.00,1.A.3.b.1,Stamina,LV,2.62,8,0.2631,2.1094,3.1406,N,N,08/2024,Analyst
45-3031.00,1.A.3.c.1,Extent Flexibility,IM,3.12,8,0.125,2.88,3.37,N,,08/2024,Analyst
45-3031.00,1.A.3.c.1,Extent Flexibility,LV,3.12,8,0.125,2.88,3.37,N,N,08/2024,Analyst
45-3031.00,1.A.3.c.2,Dynamic Flexibility,IM,1.62,8,0.2631,1.1094,2.1406,N,,08/2024,Analyst
45-3031.00,1.A.3.c.2,Dynamic Flexibility,LV,0.88,8,0.3504,0.1883,1.5617,N,N,08/2024,Analyst
45-3031.00,1.A.3.c.3,Gross Body Coordination,IM,2.5,8,0.189,2.1296,2.8704,N,,08/2024,Analyst
45-3031.00,1.A.3.c.3,Gross Body Coordination,LV,2.25,8,0.1637,1.9292,2.5708,N,N,08/2024,Analyst
45-3031.00,1.A.3.c.4,Gross Body Equilibrium,IM,2.75,8,0.1637,2.4292,3.0708,N,,08/2024,Analyst
45-3031.00,1.A.3.c.4,Gross Body Equilibrium,LV,2.62,8,0.183,2.2664,2.9836,N,N,08/2024,Analyst
45-3031.00,1.A.4.a.1,Near Vision,IM,3.12,8,0.125,2.88,3.37,N,,08/2024,Analyst
45-3031.00,1.A.4.a.1,Near Vision,LV,3.0,8,0.0,3.0,3.0,N,N,08/2024,Analyst
45-3031.00,1.A.4.a.2,Far Vision,IM,3.12,8,0.295,2.5467,3.7033,N,,08/2024,Analyst
45-3031.00,1.A.4.a.2,Far Vision,LV,3.12,8,0.3504,2.4383,3.8117,N,N,08/2024,Analyst
45-3031.00,1.A.4.a.3,Visual Color Discrimination,IM,2.5,8,0.189,2.1296,2.8704,N,,08/2024,Analyst
45-3031.00,1.A.4.a.3,Visual Color Discrimination,LV,2.5,8,0.2673,1.9762,3.0238,N,N,08/2024,Analyst
45-3031.00,1.A.4.a.4,Night Vision,IM,2.0,8,0.189,1.6296,2.3704,N,,08/2024,Analyst
45-3031.00,1.A.4.a.4,Night Vision,LV,1.62,8,0.3239,0.9902,2.2598,N,N,08/2024,Analyst
45-3031.00,1.A.4.a.5,Peripheral Vision,IM,2.12,8,0.125,1.88,2.37,N,,08/2024,Analyst
45-3031.00,1.A.4.a.5,Peripheral Vision,LV,2.0,8,0.189,1.6296,2.3704,N,N,08/2024,Analyst
45-3031.00,1.A.4.a.6,Depth Perception,IM,2.38,8,0.183,2.0164,2.7336,N,,08/2024,Analyst
45-3031.00,1.A.4.a.6,Depth Perception,LV,2.5,8,0.189,2.1296,2.8704,N,N,08/2024,Analyst
45-3031.00,1.A.4.a.7,Glare Sensitivity,IM,2.12,8,0.125,1.88,2.37,N,,08/2024,Analyst
45-3031.00,1.A.4.a.7,Glare Sensitivity,LV,2.38,8,0.183,2.0164,2.7336,N,N,08/2024,Analyst
45-3031.00,1.A.4.b.1,Hearing Sensitivity,IM,2.12,8,0.125,1.88,2.37,N,,08/2024,Analyst
45-3031.00,1.A.4.b.1,Hearing Sensitivity,LV,2.12,8,0.125,1.88,2.37,N,N,08/2024,Analyst
45-3031.00,1.A.4.b.2,Auditory Attention,IM,2.12,8,0.125,1.88,2.37,N,,08/2024,Analyst
45-3031.00,1.A.4.b.2,Auditory Attention,LV,2.12,8,0.125,1.88,2.37,N,N,08/2024,Analyst
45-3031.00,1.A.4.b.3,Sound Localization,IM,2.0,8,0.0,2.0,2.0,N,,08/2024,Analyst
45-3031.00,1.A.4.b.3,Sound Localization,LV,2.0,8,0.2673,1.4762,2.5238,N,N,08/2024,Analyst
45-3031.00,1.A.4.b.4,Speech Recognition,IM,2.88,8,0.125,2.63,3.12,N,,08/2024,Analyst
45-3031.00,1.A.4.b.4,Speech Recognition,LV,2.62,8,0.183,2.2664,2.9836,N,N,08/2024,Analyst
45-3031.00,1.A.4.b.5,Speech Clarity,IM,2.88,8,0.125,2.63,3.12,N,,08/2024,Analyst
45-3031.00,1.A.4.b.5,Speech Clarity,LV,2.38,8,0.183,2.0164,2.7336,N,N,08/2024,Analyst
45-4011.00,1.A.1.a.1,Oral Comprehension,IM,3.5,8,0.189,3.1296,3.8704,N,,08/2023,Analyst
45-4011.00,1.A.1.a.1,Oral Comprehension,LV,3.5,8,0.189,3.1296,3.8704,N,N,08/2023,Analyst
45-4011.00,1.A.1.a.2,Written Comprehension,IM,3.0,8,0.0,3.0,3.0,N,,08/2023,Analyst
45-4011.00,1.A.1.a.2,Written Comprehension,LV,2.88,8,0.125,2.63,3.12,N,N,08/2023,Analyst
45-4011.00,1.A.1.a.3,Oral Expression,IM,3.25,8,0.1637,2.9292,3.5708,N,,08/2023,Analyst
45-4011.00,1.A.1.a.3,Oral Expression,LV,3.38,8,0.183,3.0164,3.7336,N,N,08/2023,Analyst
45-4011.00,1.A.1.a.4,Written Expression,IM,2.75,8,0.1637,2.4292,3.0708,N,,08/2023,Analyst
45-4011.00,1.A.1.a.4,Written Expression,LV,2.38,8,0.183,2.0164,2.7336,N,N,08/2023,Analyst
45-4011.00,1.A.1.b.1,Fluency of Ideas,IM,2.75,8,0.1637,2.4292,3.0708,N,,08/2023,Analyst
45-4011.00,1.A.1.b.1,Fluency of Ideas,LV,2.25,8,0.1637,1.9292,2.5708,N,N,08/2023,Analyst
45-4011.00,1.A.1.b.2,Originality,IM,2.62,8,0.183,2.2664,2.9836,N,,08/2023,Analyst
45-4011.00,1.A.1.b.2,Originality,LV,2.12,8,0.125,1.88,2.37,N,N,08/2023,Analyst
45-4011.00,1.A.1.b.3,Problem Sensitivity,IM,3.5,8,0.189,3.1296,3.8704,N,,08/2023,Analyst
45-4011.00,1.A.1.b.3,Problem Sensitivity,LV,3.25,8,0.1637,2.9292,3.5708,N,N,08/2023,Analyst
45-4011.00,1.A.1.b.4,Deductive Reasoning,IM,3.12,8,0.125,2.88,3.37,N,,08/2023,Analyst
45-4011.00,1.A.1.b.4,Deductive Reasoning,LV,3.0,8,0.0,3.0,3.0,N,N,08/2023,Analyst
45-4011.00,1.A.1.b.5,Inductive Reasoning,IM,3.0,8,0.0,3.0,3.0,N,,08/2023,Analyst
45-4011.00,1.A.1.b.5,Inductive Reasoning,LV,3.0,8,0.0,3.0,3.0,N,N,08/2023,Analyst
45-4011.00,1.A.1.b.6,Information Ordering,IM,3.0,8,0.0,3.0,3.0,N,,08/2023,Analyst
45-4011.00,1.A.1.b.6,Information Ordering,LV,3.0,8,0.0,3.0,3.0,N,N,08/2023,Analyst
45-4011.00,1.A.1.b.7,Category Flexibility,IM,3.0,8,0.0,3.0,3.0,N,,08/2023,Analyst
45-4011.00,1.A.1.b.7,Category Flexibility,LV,3.0,8,0.0,3.0,3.0,N,N,08/2023,Analyst
45-4011.00,1.A.1.c.1,Mathematical Reasoning,IM,2.0,8,0.0,2.0,2.0,N,,08/2023,Analyst
45-4011.00,1.A.1.c.1,Mathematical Reasoning,LV,1.75,8,0.1637,1.4292,2.0708,N,N,08/2023,Analyst
45-4011.00,1.A.1.c.2,Number Facility,IM,2.0,8,0.0,2.0,2.0,N,,08/2023,Analyst
45-4011.00,1.A.1.c.2,Number Facility,LV,1.88,8,0.125,1.63,2.12,N,N,08/2023,Analyst
45-4011.00,1.A.1.d.1,Memorization,IM,2.12,8,0.125,1.88,2.37,N,,08/2023,Analyst
45-4011.00,1.A.1.d.1,Memorization,LV,2.0,8,0.0,2.0,2.0,N,N,08/2023,Analyst
45-4011.00,1.A.1.e.1,Speed of Closure,IM,2.12,8,0.125,1.88,2.37,N,,08/2023,Analyst
45-4011.00,1.A.1.e.1,Speed of Closure,LV,2.0,8,0.0,2.0,2.0,N,N,08/2023,Analyst
45-4011.00,1.A.1.e.2,Flexibility of Closure,IM,3.12,8,0.125,2.88,3.37,N,,08/2023,Analyst
45-4011.00,1.A.1.e.2,Flexibility of Closure,LV,3.0,8,0.0,3.0,3.0,N,N,08/2023,Analyst
45-4011.00,1.A.1.e.3,Perceptual Speed,IM,3.0,8,0.0,3.0,3.0,N,,08/2023,Analyst
45-4011.00,1.A.1.e.3,Perceptual Speed,LV,3.0,8,0.0,3.0,3.0,N,N,08/2023,Analyst
45-4011.00,1.A.1.f.1,Spatial Orientation,IM,2.75,8,0.1637,2.4292,3.0708,N,,08/2023,Analyst
45-4011.00,1.A.1.f.1,Spatial Orientation,LV,2.38,8,0.183,2.0164,2.7336,N,N,08/2023,Analyst
45-4011.00,1.A.1.f.2,Visualization,IM,3.0,8,0.0,3.0,3.0,N,,08/2023,Analyst
45-4011.00,1.A.1.f.2,Visualization,LV,3.0,8,0.0,3.0,3.0,N,N,08/2023,Analyst
45-4011.00,1.A.1.g.1,Selective Attention,IM,3.0,8,0.0,3.0,3.0,N,,08/2023,Analyst
45-4011.00,1.A.1.g.1,Selective Attention,LV,3.0,8,0.0,3.0,3.0,N,N,08/2023,Analyst
45-4011.00,1.A.1.g.2,Time Sharing,IM,2.88,8,0.125,2.63,3.12,N,,08/2023,Analyst
45-4011.00,1.A.1.g.2,Time Sharing,LV,2.62,8,0.2631,2.1094,3.1406,N,N,08/2023,Analyst
45-4011.00,1.A.2.a.1,Arm-Hand Steadiness,IM,3.0,8,0.0,3.0,3.0,N,,08/2023,Analyst
45-4011.00,1.A.2.a.1,Arm-Hand Steadiness,LV,3.0,8,0.0,3.0,3.0,N,N,08/2023,Analyst
45-4011.00,1.A.2.a.2,Manual Dexterity,IM,3.0,8,0.0,3.0,3.0,N,,08/2023,Analyst
45-4011.00,1.A.2.a.2,Manual Dexterity,LV,3.0,8,0.0,3.0,3.0,N,N,08/2023,Analyst
45-4011.00,1.A.2.a.3,Finger Dexterity,IM,3.0,8,0.0,3.0,3.0,N,,08/2023,Analyst
45-4011.00,1.A.2.a.3,Finger Dexterity,LV,2.88,8,0.125,2.63,3.12,N,N,08/2023,Analyst
45-4011.00,1.A.2.b.1,Control Precision,IM,3.0,8,0.0,3.0,3.0,N,,08/2023,Analyst
45-4011.00,1.A.2.b.1,Control Precision,LV,3.25,8,0.1637,2.9292,3.5708,N,N,08/2023,Analyst
45-4011.00,1.A.2.b.2,Multilimb Coordination,IM,3.12,8,0.125,2.88,3.37,N,,08/2023,Analyst
45-4011.00,1.A.2.b.2,Multilimb Coordination,LV,3.25,8,0.1637,2.9292,3.5708,N,N,08/2023,Analyst
45-4011.00,1.A.2.b.3,Response Orientation,IM,2.75,8,0.1637,2.4292,3.0708,N,,08/2023,Analyst
45-4011.00,1.A.2.b.3,Response Orientation,LV,2.75,8,0.1637,2.4292,3.0708,N,N,08/2023,Analyst
45-4011.00,1.A.2.b.4,Rate Control,IM,2.0,8,0.189,1.6296,2.3704,N,,08/2023,Analyst
45-4011.00,1.A.2.b.4,Rate Control,LV,1.75,8,0.25,1.26,2.24,N,N,08/2023,Analyst
45-4011.00,1.A.2.c.1,Reaction Time,IM,2.5,8,0.189,2.1296,2.8704,N,,08/2023,Analyst
45-4011.00,1.A.2.c.1,Reaction Time,LV,2.38,8,0.183,2.0164,2.7336,N,N,08/2023,Analyst
45-4011.00,1.A.2.c.2,Wrist-Finger Speed,IM,2.0,8,0.0,2.0,2.0,N,,08/2023,Analyst
45-4011.00,1.A.2.c.2,Wrist-Finger Speed,LV,2.0,8,0.0,2.0,2.0,N,N,08/2023,Analyst
45-4011.00,1.A.2.c.3,Speed of Limb Movement,IM,2.12,8,0.125,1.88,2.37,N,,08/2023,Analyst
45-4011.00,1.A.2.c.3,Speed of Limb Movement,LV,2.0,8,0.0,2.0,2.0,N,N,08/2023,Analyst
45-4011.00,1.A.3.a.1,Static Strength,IM,3.25,8,0.1637,2.9292,3.5708,N,,08/2023,Analyst
45-4011.00,1.A.3.a.1,Static Strength,LV,3.88,8,0.2266,3.4309,4.3191,N,N,08/2023,Analyst
45-4011.00,1.A.3.a.2,Explosive Strength,IM,2.0,8,0.189,1.6296,2.3704,N,,08/2023,Analyst
45-4011.00,1.A.3.a.2,Explosive Strength,LV,1.25,8,0.25,0.76,1.74,N,N,08/2023,Analyst
45-4011.00,1.A.3.a.3,Dynamic Strength,IM,3.12,8,0.125,2.88,3.37,N,,08/2023,Analyst
45-4011.00,1.A.3.a.3,Dynamic Strength,LV,3.12,8,0.125,2.88,3.37,N,N,08/2023,Analyst
45-4011.00,1.A.3.a.4,Trunk Strength,IM,3.12,8,0.125,2.88,3.37,N,,08/2023,Analyst
45-4011.00,1.A.3.a.4,Trunk Strength,LV,3.75,8,0.1637,3.4292,4.0708,N,N,08/2023,Analyst
45-4011.00,1.A.3.b.1,Stamina,IM,3.12,8,0.125,2.88,3.37,N,,08/2023,Analyst
45-4011.00,1.A.3.b.1,Stamina,LV,3.12,8,0.125,2.88,3.37,N,N,08/2023,Analyst
45-4011.00,1.A.3.c.1,Extent Flexibility,IM,2.88,8,0.125,2.63,3.12,N,,08/2023,Analyst
45-4011.00,1.A.3.c.1,Extent Flexibility,LV,3.12,8,0.125,2.88,3.37,N,N,08/2023,Analyst
45-4011.00,1.A.3.c.2,Dynamic Flexibility,IM,1.62,8,0.183,1.2664,1.9836,N,,08/2023,Analyst
45-4011.00,1.A.3.c.2,Dynamic Flexibility,LV,0.88,8,0.295,0.2967,1.4533,N,N,08/2023,Analyst
45-4011.00,1.A.3.c.3,Gross Body Coordination,IM,2.5,8,0.189,2.1296,2.8704,N,,08/2023,Analyst
45-4011.00,1.A.3.c.3,Gross Body Coordination,LV,2.25,8,0.1637,1.9292,2.5708,N,N,08/2023,Analyst
45-4011.00,1.A.3.c.4,Gross Body Equilibrium,IM,2.12,8,0.125,1.88,2.37,N,,08/2023,Analyst
45-4011.00,1.A.3.c.4,Gross Body Equilibrium,LV,2.0,8,0.0,2.0,2.0,N,N,08/2023,Analyst
45-4011.00,1.A.4.a.1,Near Vision,IM,3.12,8,0.125,2.88,3.37,N,,08/2023,Analyst
45-4011.00,1.A.4.a.1,Near Vision,LV,2.88,8,0.125,2.63,3.12,N,N,08/2023,Analyst
45-4011.00,1.A.4.a.2,Far Vision,IM,3.12,8,0.125,2.88,3.37,N,,08/2023,Analyst
45-4011.00,1.A.4.a.2,Far Vision,LV,3.0,8,0.0,3.0,3.0,N,N,08/2023,Analyst
45-4011.00,1.A.4.a.3,Visual Color Discrimination,IM,2.75,8,0.1637,2.4292,3.0708,N,,08/2023,Analyst
45-4011.00,1.A.4.a.3,Visual Color Discrimination,LV,2.75,8,0.1637,2.4292,3.0708,N,N,08/2023,Analyst
45-4011.00,1.A.4.a.4,Night Vision,IM,1.62,8,0.183,1.2664,1.9836,N,,08/2023,Analyst
45-4011.00,1.A.4.a.4,Night Vision,LV,1.0,8,0.3273,0.3584,1.6416,N,N,08/2023,Analyst
45-4011.00,1.A.4.a.5,Peripheral Vision,IM,2.12,8,0.125,1.88,2.37,N,,08/2023,Analyst
45-4011.00,1.A.4.a.5,Peripheral Vision,LV,1.88,8,0.125,1.63,2.12,N,N,08/2023,Analyst
45-4011.00,1.A.4.a.6,Depth Perception,IM,3.0,8,0.0,3.0,3.0,N,,08/2023,Analyst
45-4011.00,1.A.4.a.6,Depth Perception,LV,3.0,8,0.0,3.0,3.0,N,N,08/2023,Analyst
45-4011.00,1.A.4.a.7,Glare Sensitivity,IM,2.0,8,0.189,1.6296,2.3704,N,,08/2023,Analyst
45-4011.00,1.A.4.a.7,Glare Sensitivity,LV,1.88,8,0.295,1.2967,2.4533,N,N,08/2023,Analyst
45-4011.00,1.A.4.b.1,Hearing Sensitivity,IM,2.5,8,0.189,2.1296,2.8704,N,,08/2023,Analyst
45-4011.00,1.A.4.b.1,Hearing Sensitivity,LV,2.12,8,0.125,1.88,2.37,N,N,08/2023,Analyst
45-4011.00,1.A.4.b.2,Auditory Attention,IM,2.38,8,0.183,2.0164,2.7336,N,,08/2023,Analyst
45-4011.00,1.A.4.b.2,Auditory Attention,LV,2.12,8,0.125,1.88,2.37,N,N,08/2023,Analyst
45-4011.00,1.A.4.b.3,Sound Localization,IM,2.0,8,0.0,2.0,2.0,N,,08/2023,Analyst
45-4011.00,1.A.4.b.3,Sound Localization,LV,2.0,8,0.0,2.0,2.0,N,N,08/2023,Analyst
45-4011.00,1.A.4.b.4,Speech Recognition,IM,3.0,8,0.0,3.0,3.0,N,,08/2023,Analyst
45-4011.00,1.A.4.b.4,Speech Recognition,LV,2.88,8,0.125,2.63,3.12,N,N,08/2023,Analyst
45-4011.00,1.A.4.b.5,Speech Clarity,IM,3.0,8,0.0,3.0,3.0,N,,08/2023,Analyst
45-4011.00,1.A.4.b.5,Speech Clarity,LV,3.0,8,0.0,3.0,3.0,N,N,08/2023,Analyst
45-4021.00,1.A.1.a.1,Oral Comprehension,IM,3.0,8,0.189,2.6296,3.3704,N,,06/2007,Analyst
45-4021.00,1.A.1.a.1,Oral Comprehension,LV,2.5,8,0.189,2.1296,2.8704,N,N,06/2007,Analyst
45-4021.00,1.A.1.a.2,Written Comprehension,IM,2.13,8,0.295,1.5467,2.7033,N,,06/2007,Analyst
45-4021.00,1.A.1.a.2,Written Comprehension,LV,1.63,8,0.375,0.89,2.36,N,N,06/2007,Analyst
45-4021.00,1.A.1.a.3,Oral Expression,IM,3.0,8,0.189,2.6296,3.3704,N,,06/2007,Analyst
45-4021.00,1.A.1.a.3,Oral Expression,LV,2.63,8,0.183,2.2664,2.9836,N,N,06/2007,Analyst
45-4021.00,1.A.1.a.4,Written Expression,IM,2.0,8,0.2673,1.4762,2.5238,N,,06/2007,Analyst
45-4021.00,1.A.1.a.4,Written Expression,LV,1.5,8,0.4629,0.5927,2.4073,N,N,06/2007,Analyst
45-4021.00,1.A.1.b.1,Fluency of Ideas,IM,2.13,8,0.2266,1.6809,2.5691,N,,06/2007,Analyst
45-4021.00,1.A.1.b.1,Fluency of Ideas,LV,1.5,8,0.3273,0.8584,2.1416,N,N,06/2007,Analyst
45-4021.00,1.A.1.b.2,Originality,IM,2.13,8,0.2266,1.6809,2.5691,N,,06/2007,Analyst
45-4021.00,1.A.1.b.2,Originality,LV,1.75,8,0.4119,0.9427,2.5573,N,N,06/2007,Analyst
45-4021.00,1.A.1.b.3,Problem Sensitivity,IM,3.13,8,0.2266,2.6809,3.5691,N,,06/2007,Analyst
45-4021.00,1.A.1.b.3,Problem Sensitivity,LV,3.13,8,0.2266,2.6809,3.5691,N,N,06/2007,Analyst
45-4021.00,1.A.1.b.4,Deductive Reasoning,IM,2.88,8,0.125,2.63,3.12,N,,06/2007,Analyst
45-4021.00,1.A.1.b.4,Deductive Reasoning,LV,3.0,8,0.189,2.6296,3.3704,N,N,06/2007,Analyst
45-4021.00,1.A.1.b.5,Inductive Reasoning,IM,2.75,8,0.1637,2.4292,3.0708,N,,06/2007,Analyst
45-4021.00,1.A.1.b.5,Inductive Reasoning,LV,2.75,8,0.1637,2.4292,3.0708,N,N,06/2007,Analyst
45-4021.00,1.A.1.b.6,Information Ordering,IM,3.13,8,0.125,2.88,3.37,N,,06/2007,Analyst
45-4021.00,1.A.1.b.6,Information Ordering,LV,2.75,8,0.25,2.26,3.24,N,N,06/2007,Analyst
45-4021.00,1.A.1.b.7,Category Flexibility,IM,3.0,8,0.189,2.6296,3.3704,N,,06/2007,Analyst
45-4021.00,1.A.1.b.7,Category Flexibility,LV,2.63,8,0.183,2.2664,2.9836,N,N,06/2007,Analyst
45-4021.00,1.A.1.c.1,Mathematical Reasoning,IM,2.25,8,0.25,1.76,2.74,N,,06/2007,Analyst
45-4021.00,1.A.1.c.1,Mathematical Reasoning,LV,1.38,8,0.3239,0.7402,2.0098,N,N,06/2007,Analyst
45-4021.00,1.A.1.c.2,Number Facility,IM,2.5,8,0.189,2.1296,2.8704,N,,06/2007,Analyst
45-4021.00,1.A.1.c.2,Number Facility,LV,1.75,8,0.25,1.26,2.24,N,N,06/2007,Analyst
45-4021.00,1.A.1.d.1,Memorization,IM,1.88,8,0.125,1.63,2.12,N,,06/2007,Analyst
45-4021.00,1.A.1.d.1,Memorization,LV,1.5,8,0.2673,0.9762,2.0238,N,N,06/2007,Analyst
45-4021.00,1.A.1.e.1,Speed of Closure,IM,2.38,8,0.183,2.0164,2.7336,N,,06/2007,Analyst
45-4021.00,1.A.1.e.1,Speed of Closure,LV,2.5,8,0.2673,1.9762,3.0238,N,N,06/2007,Analyst
45-4021.00,1.A.1.e.2,Flexibility of Closure,IM,3.25,8,0.1637,2.9292,3.5708,N,,06/2007,Analyst
45-4021.00,1.A.1.e.2,Flexibility of Closure,LV,3.25,8,0.1637,2.9292,3.5708,N,N,06/2007,Analyst
45-4021.00,1.A.1.e.3,Perceptual Speed,IM,3.0,8,0.189,2.6296,3.3704,N,,06/2007,Analyst
45-4021.00,1.A.1.e.3,Perceptual Speed,LV,3.0,8,0.2673,2.4762,3.5238,N,N,06/2007,Analyst
45-4021.00,1.A.1.f.1,Spatial Orientation,IM,2.88,8,0.2266,2.4309,3.3191,N,,06/2007,Analyst
45-4021.00,1.A.1.f.1,Spatial Orientation,LV,2.63,8,0.3239,1.9902,3.2598,N,N,06/2007,Analyst
45-4021.00,1.A.1.f.2,Visualization,IM,3.13,8,0.125,2.88,3.37,N,,06/2007,Analyst
45-4021.00,1.A.1.f.2,Visualization,LV,3.38,8,0.183,3.0164,3.7336,N,N,06/2007,Analyst
45-4021.00,1.A.1.g.1,Selective Attention,IM,2.88,8,0.125,2.63,3.12,N,,06/2007,Analyst
45-4021.00,1.A.1.g.1,Selective Attention,LV,2.63,8,0.3239,1.9902,3.2598,N,N,06/2007,Analyst
45-4021.00,1.A.1.g.2,Time Sharing,IM,2.5,8,0.2673,1.9762,3.0238,N,,06/2007,Analyst
45-4021.00,1.A.1.g.2,Time Sharing,LV,2.63,8,0.183,2.2664,2.9836,N,N,06/2007,Analyst
45-4021.00,1.A.2.a.1,Arm-Hand Steadiness,IM,3.5,8,0.189,3.1296,3.8704,N,,06/2007,Analyst
45-4021.00,1.A.2.a.1,Arm-Hand Steadiness,LV,3.0,8,0.2673,2.4762,3.5238,N,N,06/2007,Analyst
45-4021.00,1.A.2.a.2,Manual Dexterity,IM,3.5,8,0.189,3.1296,3.8704,N,,06/2007,Analyst
45-4021.00,1.A.2.a.2,Manual Dexterity,LV,3.38,8,0.3239,2.7402,4.0098,N,N,06/2007,Analyst
45-4021.00,1.A.2.a.3,Finger Dexterity,IM,2.75,8,0.1637,2.4292,3.0708,N,,06/2007,Analyst
45-4021.00,1.A.2.a.3,Finger Dexterity,LV,2.75,8,0.3134,2.1358,3.3642,N,N,06/2007,Analyst
45-4021.00,1.A.2.b.1,Control Precision,IM,3.63,8,0.183,3.2664,3.9836,N,,06/2007,Analyst
45-4021.00,1.A.2.b.1,Control Precision,LV,3.75,8,0.1637,3.4292,4.0708,N,N,06/2007,Analyst
45-4021.00,1.A.2.b.2,Multilimb Coordination,IM,3.75,8,0.1637,3.4292,4.0708,N,,06/2007,Analyst
45-4021.00,1.A.2.b.2,Multilimb Coordination,LV,3.88,8,0.125,3.63,4.12,N,N,06/2007,Analyst
45-4021.00,1.A.2.b.3,Response Orientation,IM,3.13,8,0.2266,2.6809,3.5691,N,,06/2007,Analyst
45-4021.00,1.A.2.b.3,Response Orientation,LV,3.38,8,0.2631,2.8594,3.8906,N,N,06/2007,Analyst
45-4021.00,1.A.2.b.4,Rate Control,IM,3.13,8,0.2266,2.6809,3.5691,N,,06/2007,Analyst
45-4021.00,1.A.2.b.4,Rate Control,LV,3.0,8,0.2673,2.4762,3.5238,N,N,06/2007,Analyst
45-4021.00,1.A.2.c.1,Reaction Time,IM,4.13,8,0.125,3.88,4.37,N,,06/2007,Analyst
45-4021.00,1.A.2.c.1,Reaction Time,LV,4.25,8,0.25,3.76,4.74,N,N,06/2007,Analyst
45-4021.00,1.A.2.c.2,Wrist-Finger Speed,IM,2.75,8,0.1637,2.4292,3.0708,N,,06/2007,Analyst
45-4021.00,1.A.2.c.2,Wrist-Finger Speed,LV,2.63,8,0.2631,2.1094,3.1406,N,N,06/2007,Analyst
45-4021.00,1.A.2.c.3,Speed of Limb Movement,IM,3.5,8,0.189,3.1296,3.8704,N,,06/2007,Analyst
45-4021.00,1.A.2.c.3,Speed of Limb Movement,LV,3.75,8,0.25,3.26,4.24,N,N,06/2007,Analyst
45-4021.00,1.A.3.a.1,Static Strength,IM,3.5,8,0.189,3.1296,3.8704,N,,06/2007,Analyst
45-4021.00,1.A.3.a.1,Static Strength,LV,4.5,8,0.3273,3.8584,5.1416,N,N,06/2007,Analyst
45-4021.00,1.A.3.a.2,Explosive Strength,IM,2.13,8,0.3981,1.3447,2.9053,N,,06/2007,Analyst
45-4021.00,1.A.3.a.2,Explosive Strength,LV,1.5,8,0.5345,0.4523,2.5477,Y,N,06/2007,Analyst
45-4021.00,1.A.3.a.3,Dynamic Strength,IM,3.0,8,0.2673,2.4762,3.5238,N,,06/2007,Analyst
45-4021.00,1.A.3.a.3,Dynamic Strength,LV,3.13,8,0.3981,2.3447,3.9053,N,N,06/2007,Analyst
45-4021.00,1.A.3.a.4,Trunk Strength,IM,3.38,8,0.183,3.0164,3.7336,N,,06/2007,Analyst
45-4021.00,1.A.3.a.4,Trunk Strength,LV,3.88,8,0.295,3.2967,4.4533,N,N,06/2007,Analyst
45-4021.00,1.A.3.b.1,Stamina,IM,3.38,8,0.183,3.0164,3.7336,N,,06/2007,Analyst
45-4021.00,1.A.3.b.1,Stamina,LV,3.38,8,0.3239,2.7402,4.0098,N,N,06/2007,Analyst
45-4021.00,1.A.3.c.1,Extent Flexibility,IM,3.25,8,0.1637,2.9292,3.5708,N,,06/2007,Analyst
45-4021.00,1.A.3.c.1,Extent Flexibility,LV,3.88,8,0.295,3.2967,4.4533,N,N,06/2007,Analyst
45-4021.00,1.A.3.c.2,Dynamic Flexibility,IM,1.75,8,0.3134,1.1358,2.3642,N,,06/2007,Analyst
45-4021.00,1.A.3.c.2,Dynamic Flexibility,LV,1.13,8,0.4795,0.1852,2.0648,N,N,06/2007,Analyst
45-4021.00,1.A.3.c.3,Gross Body Coordination,IM,3.38,8,0.183,3.0164,3.7336,N,,06/2007,Analyst
45-4021.00,1.A.3.c.3,Gross Body Coordination,LV,3.25,8,0.3134,2.6358,3.8642,N,N,06/2007,Analyst
45-4021.00,1.A.3.c.4,Gross Body Equilibrium,IM,3.0,8,0.0,3.0,3.0,N,,06/2007,Analyst
45-4021.00,1.A.3.c.4,Gross Body Equilibrium,LV,3.0,8,0.189,2.6296,3.3704,N,N,06/2007,Analyst
45-4021.00,1.A.4.a.1,Near Vision,IM,3.38,8,0.183,3.0164,3.7336,N,,06/2007,Analyst
45-4021.00,1.A.4.a.1,Near Vision,LV,3.0,8,0.2673,2.4762,3.5238,N,N,06/2007,Analyst
45-4021.00,1.A.4.a.2,Far Vision,IM,3.25,8,0.1637,2.9292,3.5708,N,,06/2007,Analyst
45-4021.00,1.A.4.a.2,Far Vision,LV,3.25,8,0.366,2.5327,3.9673,N,N,06/2007,Analyst
45-4021.00,1.A.4.a.3,Visual Color Discrimination,IM,3.25,8,0.3134,2.6358,3.8642,N,,06/2007,Analyst
45-4021.00,1.A.4.a.3,Visual Color Discrimination,LV,2.88,8,0.295,2.2967,3.4533,N,N,06/2007,Analyst
45-4021.00,1.A.4.a.4,Night Vision,IM,2.0,8,0.2673,1.4762,2.5238,N,,06/2007,Analyst
45-4021.00,1.A.4.a.4,Night Vision,LV,1.5,8,0.378,0.7592,2.2408,N,N,06/2007,Analyst
45-4021.00,1.A.4.a.5,Peripheral Vision,IM,2.63,8,0.183,2.2664,2.9836,N,,06/2007,Analyst
45-4021.00,1.A.4.a.5,Peripheral Vision,LV,2.38,8,0.2631,1.8594,2.8906,N,N,06/2007,Analyst
45-4021.00,1.A.4.a.6,Depth Perception,IM,3.38,8,0.183,3.0164,3.7336,N,,06/2007,Analyst
45-4021.00,1.A.4.a.6,Depth Perception,LV,3.63,8,0.183,3.2664,3.9836,N,N,06/2007,Analyst
45-4021.00,1.A.4.a.7,Glare Sensitivity,IM,2.0,8,0.189,1.6296,2.3704,N,,06/2007,Analyst
45-4021.00,1.A.4.a.7,Glare Sensitivity,LV,2.0,8,0.3273,1.3584,2.6416,N,N,06/2007,Analyst
45-4021.00,1.A.4.b.1,Hearing Sensitivity,IM,3.25,8,0.366,2.5327,3.9673,N,,06/2007,Analyst
45-4021.00,1.A.4.b.1,Hearing Sensitivity,LV,2.75,8,0.366,2.0327,3.4673,N,N,06/2007,Analyst
45-4021.00,1.A.4.b.2,Auditory Attention,IM,3.38,8,0.3239,2.7402,4.0098,N,,06/2007,Analyst
45-4021.00,1.A.4.b.2,Auditory Attention,LV,3.63,8,0.565,2.5176,4.7324,Y,N,06/2007,Analyst
45-4021.00,1.A.4.b.3,Sound Localization,IM,2.38,8,0.183,2.0164,2.7336,N,,06/2007,Analyst
45-4021.00,1.A.4.b.3,Sound Localization,LV,2.13,8,0.2266,1.6809,2.5691,N,N,06/2007,Analyst
45-4021.00,1.A.4.b.4,Speech Recognition,IM,2.75,8,0.1637,2.4292,3.0708,N,,06/2007,Analyst
45-4021.00,1.A.4.b.4,Speech Recognition,LV,2.38,8,0.2631,1.8594,2.8906,N,N,06/2007,Analyst
45-4021.00,1.A.4.b.5,Speech Clarity,IM,2.88,8,0.125,2.63,3.12,N,,06/2007,Analyst
45-4021.00,1.A.4.b.5,Speech Clarity,LV,2.5,8,0.2673,1.9762,3.0238,N,N,06/2007,Analyst
45-4022.00,1.A.1.a.1,Oral Comprehension,IM,3.0,8,0.0,3.0,3.0,N,,07/2017,Analyst
45-4022.00,1.A.1.a.1,Oral Comprehension,LV,2.88,8,0.125,2.63,3.12,N,N,07/2017,Analyst
45-4022.00,1.A.1.a.2,Written Comprehension,IM,2.62,8,0.183,2.2664,2.9836,N,,07/2017,Analyst
45-4022.00,1.A.1.a.2,Written Comprehension,LV,2.12,8,0.125,1.88,2.37,N,N,07/2017,Analyst
45-4022.00,1.A.1.a.3,Oral Expression,IM,3.0,8,0.0,3.0,3.0,N,,07/2017,Analyst
45-4022.00,1.A.1.a.3,Oral Expression,LV,3.0,8,0.0,3.0,3.0,N,N,07/2017,Analyst
45-4022.00,1.A.1.a.4,Written Expression,IM,2.25,8,0.1637,1.9292,2.5708,N,,07/2017,Analyst
45-4022.00,1.A.1.a.4,Written Expression,LV,2.25,8,0.1637,1.9292,2.5708,N,N,07/2017,Analyst
45-4022.00,1.A.1.b.1,Fluency of Ideas,IM,2.0,8,0.0,2.0,2.0,N,,07/2017,Analyst
45-4022.00,1.A.1.b.1,Fluency of Ideas,LV,2.0,8,0.0,2.0,2.0,N,N,07/2017,Analyst
45-4022.00,1.A.1.b.2,Originality,IM,2.12,8,0.125,1.88,2.37,N,,07/2017,Analyst
45-4022.00,1.A.1.b.2,Originality,LV,2.12,8,0.125,1.88,2.37,N,N,07/2017,Analyst
45-4022.00,1.A.1.b.3,Problem Sensitivity,IM,3.5,8,0.189,3.1296,3.8704,N,,07/2017,Analyst
45-4022.00,1.A.1.b.3,Problem Sensitivity,LV,2.88,8,0.125,2.63,3.12,N,N,07/2017,Analyst
45-4022.00,1.A.1.b.4,Deductive Reasoning,IM,2.88,8,0.125,2.63,3.12,N,,07/2017,Analyst
45-4022.00,1.A.1.b.4,Deductive Reasoning,LV,2.75,8,0.1637,2.4292,3.0708,N,N,07/2017,Analyst
45-4022.00,1.A.1.b.5,Inductive Reasoning,IM,2.88,8,0.125,2.63,3.12,N,,07/2017,Analyst
45-4022.00,1.A.1.b.5,Inductive Reasoning,LV,2.38,8,0.183,2.0164,2.7336,N,N,07/2017,Analyst
45-4022.00,1.A.1.b.6,Information Ordering,IM,3.0,8,0.0,3.0,3.0,N,,07/2017,Analyst
45-4022.00,1.A.1.b.6,Information Ordering,LV,3.0,8,0.0,3.0,3.0,N,N,07/2017,Analyst
45-4022.00,1.A.1.b.7,Category Flexibility,IM,3.0,8,0.189,2.6296,3.3704,N,,07/2017,Analyst
45-4022.00,1.A.1.b.7,Category Flexibility,LV,3.0,8,0.0,3.0,3.0,N,N,07/2017,Analyst
45-4022.00,1.A.1.c.1,Mathematical Reasoning,IM,2.38,8,0.183,2.0164,2.7336,N,,07/2017,Analyst
45-4022.00,1.A.1.c.1,Mathematical Reasoning,LV,2.0,8,0.0,2.0,2.0,N,N,07/2017,Analyst
45-4022.00,1.A.1.c.2,Number Facility,IM,2.38,8,0.183,2.0164,2.7336,N,,07/2017,Analyst
45-4022.00,1.A.1.c.2,Number Facility,LV,2.0,8,0.0,2.0,2.0,N,N,07/2017,Analyst
45-4022.00,1.A.1.d.1,Memorization,IM,2.0,8,0.0,2.0,2.0,N,,07/2017,Analyst
45-4022.00,1.A.1.d.1,Memorization,LV,2.0,8,0.0,2.0,2.0,N,N,07/2017,Analyst
45-4022.00,1.A.1.e.1,Speed of Closure,IM,2.12,8,0.125,1.88,2.37,N,,07/2017,Analyst
45-4022.00,1.A.1.e.1,Speed of Closure,LV,2.0,8,0.0,2.0,2.0,N,N,07/2017,Analyst
45-4022.00,1.A.1.e.2,Flexibility of Closure,IM,2.88,8,0.125,2.63,3.12,N,,07/2017,Analyst
45-4022.00,1.A.1.e.2,Flexibility of Closure,LV,2.38,8,0.183,2.0164,2.7336,N,N,07/2017,Analyst
45-4022.00,1.A.1.e.3,Perceptual Speed,IM,3.12,8,0.125,2.88,3.37,N,,07/2017,Analyst
45-4022.00,1.A.1.e.3,Perceptual Speed,LV,3.12,8,0.125,2.88,3.37,N,N,07/2017,Analyst
45-4022.00,1.A.1.f.1,Spatial Orientation,IM,3.0,8,0.0,3.0,3.0,N,,07/2017,Analyst
45-4022.00,1.A.1.f.1,Spatial Orientation,LV,2.88,8,0.125,2.63,3.12,N,N,07/2017,Analyst
45-4022.00,1.A.1.f.2,Visualization,IM,3.12,8,0.125,2.88,3.37,N,,07/2017,Analyst
45-4022.00,1.A.1.f.2,Visualization,LV,3.0,8,0.0,3.0,3.0,N,N,07/2017,Analyst
45-4022.00,1.A.1.g.1,Selective Attention,IM,3.0,8,0.0,3.0,3.0,N,,07/2017,Analyst
45-4022.00,1.A.1.g.1,Selective Attention,LV,2.88,8,0.125,2.63,3.12,N,N,07/2017,Analyst
45-4022.00,1.A.1.g.2,Time Sharing,IM,2.12,8,0.125,1.88,2.37,N,,07/2017,Analyst
45-4022.00,1.A.1.g.2,Time Sharing,LV,2.12,8,0.125,1.88,2.37,N,N,07/2017,Analyst
45-4022.00,1.A.2.a.1,Arm-Hand Steadiness,IM,3.75,8,0.1637,3.4292,4.0708,N,,07/2017,Analyst
45-4022.00,1.A.2.a.1,Arm-Hand Steadiness,LV,3.12,8,0.125,2.88,3.37,N,N,07/2017,Analyst
45-4022.00,1.A.2.a.2,Manual Dexterity,IM,3.12,8,0.125,2.88,3.37,N,,07/2017,Analyst
45-4022.00,1.A.2.a.2,Manual Dexterity,LV,3.12,8,0.125,2.88,3.37,N,N,07/2017,Analyst
45-4022.00,1.A.2.a.3,Finger Dexterity,IM,3.0,8,0.0,3.0,3.0,N,,07/2017,Analyst
45-4022.00,1.A.2.a.3,Finger Dexterity,LV,2.5,8,0.2673,1.9762,3.0238,N,N,07/2017,Analyst
45-4022.00,1.A.2.b.1,Control Precision,IM,4.0,8,0.0,4.0,4.0,N,,07/2017,Analyst
45-4022.00,1.A.2.b.1,Control Precision,LV,4.0,8,0.0,4.0,4.0,N,N,07/2017,Analyst
45-4022.00,1.A.2.b.2,Multilimb Coordination,IM,3.75,8,0.1637,3.4292,4.0708,N,,07/2017,Analyst
45-4022.00,1.A.2.b.2,Multilimb Coordination,LV,4.0,8,0.0,4.0,4.0,N,N,07/2017,Analyst
45-4022.00,1.A.2.b.3,Response Orientation,IM,3.5,8,0.189,3.1296,3.8704,N,,07/2017,Analyst
45-4022.00,1.A.2.b.3,Response Orientation,LV,3.62,8,0.183,3.2664,3.9836,N,N,07/2017,Analyst
45-4022.00,1.A.2.b.4,Rate Control,IM,3.5,8,0.2673,2.9762,4.0238,N,,07/2017,Analyst
45-4022.00,1.A.2.b.4,Rate Control,LV,3.25,8,0.1637,2.9292,3.5708,N,N,07/2017,Analyst
45-4022.00,1.A.2.c.1,Reaction Time,IM,3.88,8,0.125,3.63,4.12,N,,07/2017,Analyst
45-4022.00,1.A.2.c.1,Reaction Time,LV,4.12,8,0.125,3.88,4.37,N,N,07/2017,Analyst
45-4022.00,1.A.2.c.2,Wrist-Finger Speed,IM,2.12,8,0.125,1.88,2.37,N,,07/2017,Analyst
45-4022.00,1.A.2.c.2,Wrist-Finger Speed,LV,2.0,8,0.0,2.0,2.0,N,N,07/2017,Analyst
45-4022.00,1.A.2.c.3,Speed of Limb Movement,IM,2.25,8,0.25,1.76,2.74,N,,07/2017,Analyst
45-4022.00,1.A.2.c.3,Speed of Limb Movement,LV,1.75,8,0.25,1.26,2.24,N,N,07/2017,Analyst
45-4022.00,1.A.3.a.1,Static Strength,IM,2.88,8,0.125,2.63,3.12,N,,07/2017,Analyst
45-4022.00,1.A.3.a.1,Static Strength,LV,2.88,8,0.125,2.63,3.12,N,N,07/2017,Analyst
45-4022.00,1.A.3.a.2,Explosive Strength,IM,1.5,8,0.2673,1.0,2.0238,N,,07/2017,Analyst
45-4022.00,1.A.3.a.2,Explosive Strength,LV,0.75,8,0.4119,0.0,1.5573,N,N,07/2017,Analyst
45-4022.00,1.A.3.a.3,Dynamic Strength,IM,2.25,8,0.1637,1.9292,2.5708,N,,07/2017,Analyst
45-4022.00,1.A.3.a.3,Dynamic Strength,LV,2.12,8,0.125,1.88,2.37,N,N,07/2017,Analyst
45-4022.00,1.A.3.a.4,Trunk Strength,IM,3.0,8,0.0,3.0,3.0,N,,07/2017,Analyst
45-4022.00,1.A.3.a.4,Trunk Strength,LV,2.25,8,0.1637,1.9292,2.5708,N,N,07/2017,Analyst
45-4022.00,1.A.3.b.1,Stamina,IM,2.0,8,0.0,2.0,2.0,N,,07/2017,Analyst
45-4022.00,1.A.3.b.1,Stamina,LV,1.88,8,0.125,1.63,2.12,N,N,07/2017,Analyst
45-4022.00,1.A.3.c.1,Extent Flexibility,IM,2.88,8,0.125,2.63,3.12,N,,07/2017,Analyst
45-4022.00,1.A.3.c.1,Extent Flexibility,LV,2.75,8,0.1637,2.4292,3.0708,N,N,07/2017,Analyst
45-4022.00,1.A.3.c.2,Dynamic Flexibility,IM,1.12,8,0.125,1.0,1.37,N,,07/2017,Analyst
45-4022.00,1.A.3.c.2,Dynamic Flexibility,LV,0.12,8,0.125,0.0,0.37,N,Y,07/2017,Analyst
45-4022.00,1.A.3.c.3,Gross Body Coordination,IM,2.12,8,0.125,1.88,2.37,N,,07/2017,Analyst
45-4022.00,1.A.3.c.3,Gross Body Coordination,LV,1.88,8,0.125,1.63,2.12,N,N,07/2017,Analyst
45-4022.00,1.A.3.c.4,Gross Body Equilibrium,IM,2.0,8,0.0,2.0,2.0,N,,07/2017,Analyst
45-4022.00,1.A.3.c.4,Gross Body Equilibrium,LV,1.75,8,0.1637,1.4292,2.0708,N,N,07/2017,Analyst
45-4022.00,1.A.4.a.1,Near Vision,IM,3.25,8,0.1637,2.9292,3.5708,N,,07/2017,Analyst
45-4022.00,1.A.4.a.1,Near Vision,LV,3.12,8,0.125,2.88,3.37,N,N,07/2017,Analyst
45-4022.00,1.A.4.a.2,Far Vision,IM,3.5,8,0.189,3.1296,3.8704,N,,07/2017,Analyst
45-4022.00,1.A.4.a.2,Far Vision,LV,3.5,8,0.189,3.1296,3.8704,N,N,07/2017,Analyst
45-4022.00,1.A.4.a.3,Visual Color Discrimination,IM,3.12,8,0.125,2.88,3.37,N,,07/2017,Analyst
45-4022.00,1.A.4.a.3,Visual Color Discrimination,LV,3.0,8,0.0,3.0,3.0,N,N,07/2017,Analyst
45-4022.00,1.A.4.a.4,Night Vision,IM,2.5,8,0.189,2.1296,2.8704,N,,07/2017,Analyst
45-4022.00,1.A.4.a.4,Night Vision,LV,2.0,8,0.0,2.0,2.0,N,N,07/2017,Analyst
45-4022.00,1.A.4.a.5,Peripheral Vision,IM,2.75,8,0.1637,2.4292,3.0708,N,,07/2017,Analyst
45-4022.00,1.A.4.a.5,Peripheral Vision,LV,2.75,8,0.1637,2.4292,3.0708,N,N,07/2017,Analyst
45-4022.00,1.A.4.a.6,Depth Perception,IM,3.62,8,0.183,3.2664,3.9836,N,,07/2017,Analyst
45-4022.00,1.A.4.a.6,Depth Perception,LV,3.62,8,0.183,3.2664,3.9836,N,N,07/2017,Analyst
45-4022.00,1.A.4.a.7,Glare Sensitivity,IM,2.25,8,0.1637,1.9292,2.5708,N,,07/2017,Analyst
45-4022.00,1.A.4.a.7,Glare Sensitivity,LV,2.38,8,0.183,2.0164,2.7336,N,N,07/2017,Analyst
45-4022.00,1.A.4.b.1,Hearing Sensitivity,IM,2.88,8,0.125,2.63,3.12,N,,07/2017,Analyst
45-4022.00,1.A.4.b.1,Hearing Sensitivity,LV,2.88,8,0.125,2.63,3.12,N,N,07/2017,Analyst
45-4022.00,1.A.4.b.2,Auditory Attention,IM,2.88,8,0.125,2.63,3.12,N,,07/2017,Analyst
45-4022.00,1.A.4.b.2,Auditory Attention,LV,3.38,8,0.183,3.0164,3.7336,N,N,07/2017,Analyst
45-4022.00,1.A.4.b.3,Sound Localization,IM,2.12,8,0.125,1.88,2.37,N,,07/2017,Analyst
45-4022.00,1.A.4.b.3,Sound Localization,LV,2.12,8,0.125,1.88,2.37,N,N,07/2017,Analyst
45-4022.00,1.A.4.b.4,Speech Recognition,IM,2.88,8,0.125,2.63,3.12,N,,07/2017,Analyst
45-4022.00,1.A.4.b.4,Speech Recognition,LV,2.5,8,0.189,2.1296,2.8704,N,N,07/2017,Analyst
45-4022.00,1.A.4.b.5,Speech Clarity,IM,2.88,8,0.125,2.63,3.12,N,,07/2017,Analyst
45-4022.00,1.A.4.b.5,Speech Clarity,LV,2.62,8,0.183,2.2664,2.9836,N,N,07/2017,Analyst
45-4023.00,1.A.1.a.1,Oral Comprehension,IM,3.38,8,0.183,3.0164,3.7336,N,,07/2017,Analyst
45-4023.00,1.A.1.a.1,Oral Comprehension,LV,3.38,8,0.183,3.0164,3.7336,N,N,07/2017,Analyst
45-4023.00,1.A.1.a.2,Written Comprehension,IM,3.0,8,0.0,3.0,3.0,N,,07/2017,Analyst
45-4023.00,1.A.1.a.2,Written Comprehension,LV,3.0,8,0.0,3.0,3.0,N,N,07/2017,Analyst
45-4023.00,1.A.1.a.3,Oral Expression,IM,3.38,8,0.183,3.0164,3.7336,N,,07/2017,Analyst
45-4023.00,1.A.1.a.3,Oral Expression,LV,3.5,8,0.189,3.1296,3.8704,N,N,07/2017,Analyst
45-4023.00,1.A.1.a.4,Written Expression,IM,3.12,8,0.125,2.88,3.37,N,,07/2017,Analyst
45-4023.00,1.A.1.a.4,Written Expression,LV,2.88,8,0.125,2.63,3.12,N,N,07/2017,Analyst
45-4023.00,1.A.1.b.1,Fluency of Ideas,IM,2.5,8,0.189,2.1296,2.8704,N,,07/2017,Analyst
45-4023.00,1.A.1.b.1,Fluency of Ideas,LV,2.38,8,0.183,2.0164,2.7336,N,N,07/2017,Analyst
45-4023.00,1.A.1.b.2,Originality,IM,2.5,8,0.189,2.1296,2.8704,N,,07/2017,Analyst
45-4023.00,1.A.1.b.2,Originality,LV,2.12,8,0.125,1.88,2.37,N,N,07/2017,Analyst
45-4023.00,1.A.1.b.3,Problem Sensitivity,IM,3.62,8,0.183,3.2664,3.9836,N,,07/2017,Analyst
45-4023.00,1.A.1.b.3,Problem Sensitivity,LV,3.0,8,0.0,3.0,3.0,N,N,07/2017,Analyst
45-4023.00,1.A.1.b.4,Deductive Reasoning,IM,3.25,8,0.1637,2.9292,3.5708,N,,07/2017,Analyst
45-4023.00,1.A.1.b.4,Deductive Reasoning,LV,3.0,8,0.0,3.0,3.0,N,N,07/2017,Analyst
45-4023.00,1.A.1.b.5,Inductive Reasoning,IM,3.25,8,0.1637,2.9292,3.5708,N,,07/2017,Analyst
45-4023.00,1.A.1.b.5,Inductive Reasoning,LV,3.0,8,0.0,3.0,3.0,N,N,07/2017,Analyst
45-4023.00,1.A.1.b.6,Information Ordering,IM,3.0,8,0.0,3.0,3.0,N,,07/2017,Analyst
45-4023.00,1.A.1.b.6,Information Ordering,LV,3.0,8,0.0,3.0,3.0,N,N,07/2017,Analyst
45-4023.00,1.A.1.b.7,Category Flexibility,IM,3.25,8,0.1637,2.9292,3.5708,N,,07/2017,Analyst
45-4023.00,1.A.1.b.7,Category Flexibility,LV,3.75,8,0.1637,3.4292,4.0708,N,N,07/2017,Analyst
45-4023.00,1.A.1.c.1,Mathematical Reasoning,IM,3.0,8,0.0,3.0,3.0,N,,07/2017,Analyst
45-4023.00,1.A.1.c.1,Mathematical Reasoning,LV,2.88,8,0.125,2.63,3.12,N,N,07/2017,Analyst
45-4023.00,1.A.1.c.2,Number Facility,IM,3.0,8,0.0,3.0,3.0,N,,07/2017,Analyst
45-4023.00,1.A.1.c.2,Number Facility,LV,3.0,8,0.0,3.0,3.0,N,N,07/2017,Analyst
45-4023.00,1.A.1.d.1,Memorization,IM,2.0,8,0.0,2.0,2.0,N,,07/2017,Analyst
45-4023.00,1.A.1.d.1,Memorization,LV,1.5,8,0.189,1.1296,1.8704,N,N,07/2017,Analyst
45-4023.00,1.A.1.e.1,Speed of Closure,IM,2.38,8,0.183,2.0164,2.7336,N,,07/2017,Analyst
45-4023.00,1.A.1.e.1,Speed of Closure,LV,2.38,8,0.2631,1.8594,2.8906,N,N,07/2017,Analyst
45-4023.00,1.A.1.e.2,Flexibility of Closure,IM,3.12,8,0.125,2.88,3.37,N,,07/2017,Analyst
45-4023.00,1.A.1.e.2,Flexibility of Closure,LV,3.25,8,0.1637,2.9292,3.5708,N,N,07/2017,Analyst
45-4023.00,1.A.1.e.3,Perceptual Speed,IM,3.12,8,0.125,2.88,3.37,N,,07/2017,Analyst
45-4023.00,1.A.1.e.3,Perceptual Speed,LV,3.12,8,0.125,2.88,3.37,N,N,07/2017,Analyst
45-4023.00,1.A.1.f.1,Spatial Orientation,IM,2.12,8,0.2266,1.6809,2.5691,N,,07/2017,Analyst
45-4023.00,1.A.1.f.1,Spatial Orientation,LV,2.0,8,0.3273,1.3584,2.6416,N,N,07/2017,Analyst
45-4023.00,1.A.1.f.2,Visualization,IM,2.88,8,0.125,2.63,3.12,N,,07/2017,Analyst
45-4023.00,1.A.1.f.2,Visualization,LV,3.0,8,0.0,3.0,3.0,N,N,07/2017,Analyst
45-4023.00,1.A.1.g.1,Selective Attention,IM,3.0,8,0.189,2.6296,3.3704,N,,07/2017,Analyst
45-4023.00,1.A.1.g.1,Selective Attention,LV,3.0,8,0.0,3.0,3.0,N,N,07/2017,Analyst
45-4023.00,1.A.1.g.2,Time Sharing,IM,2.75,8,0.1637,2.4292,3.0708,N,,07/2017,Analyst
45-4023.00,1.A.1.g.2,Time Sharing,LV,2.88,8,0.125,2.63,3.12,N,N,07/2017,Analyst
45-4023.00,1.A.2.a.1,Arm-Hand Steadiness,IM,3.0,8,0.0,3.0,3.0,N,,07/2017,Analyst
45-4023.00,1.A.2.a.1,Arm-Hand Steadiness,LV,2.75,8,0.1637,2.4292,3.0708,N,N,07/2017,Analyst
45-4023.00,1.A.2.a.2,Manual Dexterity,IM,3.0,8,0.0,3.0,3.0,N,,07/2017,Analyst
45-4023.00,1.A.2.a.2,Manual Dexterity,LV,2.75,8,0.1637,2.4292,3.0708,N,N,07/2017,Analyst
45-4023.00,1.A.2.a.3,Finger Dexterity,IM,3.0,8,0.0,3.0,3.0,N,,07/2017,Analyst
45-4023.00,1.A.2.a.3,Finger Dexterity,LV,2.75,8,0.1637,2.4292,3.0708,N,N,07/2017,Analyst
45-4023.00,1.A.2.b.1,Control Precision,IM,3.0,8,0.0,3.0,3.0,N,,07/2017,Analyst
45-4023.00,1.A.2.b.1,Control Precision,LV,3.12,8,0.125,2.88,3.37,N,N,07/2017,Analyst
45-4023.00,1.A.2.b.2,Multilimb Coordination,IM,2.88,8,0.2266,2.4309,3.3191,N,,07/2017,Analyst
45-4023.00,1.A.2.b.2,Multilimb Coordination,LV,3.12,8,0.125,2.88,3.37,N,N,07/2017,Analyst
45-4023.00,1.A.2.b.3,Response Orientation,IM,2.25,8,0.1637,1.9292,2.5708,N,,07/2017,Analyst
45-4023.00,1.A.2.b.3,Response Orientation,LV,2.25,8,0.1637,1.9292,2.5708,N,N,07/2017,Analyst
45-4023.00,1.A.2.b.4,Rate Control,IM,2.12,8,0.125,1.88,2.37,N,,07/2017,Analyst
45-4023.00,1.A.2.b.4,Rate Control,LV,2.12,8,0.125,1.88,2.37,N,N,07/2017,Analyst
45-4023.00,1.A.2.c.1,Reaction Time,IM,2.25,8,0.1637,1.9292,2.5708,N,,07/2017,Analyst
45-4023.00,1.A.2.c.1,Reaction Time,LV,2.38,8,0.2631,1.8594,2.8906,N,N,07/2017,Analyst
45-4023.00,1.A.2.c.2,Wrist-Finger Speed,IM,2.12,8,0.125,1.88,2.37,N,,07/2017,Analyst
45-4023.00,1.A.2.c.2,Wrist-Finger Speed,LV,1.25,8,0.1637,0.9292,1.5708,N,N,07/2017,Analyst
45-4023.00,1.A.2.c.3,Speed of Limb Movement,IM,2.12,8,0.125,1.88,2.37,N,,07/2017,Analyst
45-4023.00,1.A.2.c.3,Speed of Limb Movement,LV,1.75,8,0.1637,1.4292,2.0708,N,N,07/2017,Analyst
45-4023.00,1.A.3.a.1,Static Strength,IM,2.5,8,0.2673,1.9762,3.0238,N,,07/2017,Analyst
45-4023.00,1.A.3.a.1,Static Strength,LV,2.75,8,0.25,2.26,3.24,N,N,07/2017,Analyst
45-4023.00,1.A.3.a.2,Explosive Strength,IM,2.0,8,0.189,1.6296,2.3704,N,,07/2017,Analyst
45-4023.00,1.A.3.a.2,Explosive Strength,LV,1.12,8,0.2266,0.6809,1.5691,N,N,07/2017,Analyst
45-4023.00,1.A.3.a.3,Dynamic Strength,IM,2.12,8,0.125,1.88,2.37,N,,07/2017,Analyst
45-4023.00,1.A.3.a.3,Dynamic Strength,LV,1.88,8,0.2266,1.4309,2.3191,N,N,07/2017,Analyst
45-4023.00,1.A.3.a.4,Trunk Strength,IM,2.25,8,0.1637,1.9292,2.5708,N,,07/2017,Analyst
45-4023.00,1.A.3.a.4,Trunk Strength,LV,2.38,8,0.2631,1.8594,2.8906,N,N,07/2017,Analyst
45-4023.00,1.A.3.b.1,Stamina,IM,2.12,8,0.125,1.88,2.37,N,,07/2017,Analyst
45-4023.00,1.A.3.b.1,Stamina,LV,2.12,8,0.125,1.88,2.37,N,N,07/2017,Analyst
45-4023.00,1.A.3.c.1,Extent Flexibility,IM,2.38,8,0.183,2.0164,2.7336,N,,07/2017,Analyst
45-4023.00,1.A.3.c.1,Extent Flexibility,LV,2.25,8,0.25,1.76,2.74,N,N,07/2017,Analyst
45-4023.00,1.A.3.c.2,Dynamic Flexibility,IM,1.12,8,0.125,1.0,1.37,N,,07/2017,Analyst
45-4023.00,1.A.3.c.2,Dynamic Flexibility,LV,0.25,8,0.25,0.0,0.74,N,Y,07/2017,Analyst
45-4023.00,1.A.3.c.3,Gross Body Coordination,IM,2.12,8,0.125,1.88,2.37,N,,07/2017,Analyst
45-4023.00,1.A.3.c.3,Gross Body Coordination,LV,2.12,8,0.125,1.88,2.37,N,N,07/2017,Analyst
45-4023.00,1.A.3.c.4,Gross Body Equilibrium,IM,2.12,8,0.125,1.88,2.37,N,,07/2017,Analyst
45-4023.00,1.A.3.c.4,Gross Body Equilibrium,LV,1.38,8,0.2631,0.8594,1.8906,N,N,07/2017,Analyst
45-4023.00,1.A.4.a.1,Near Vision,IM,3.88,8,0.125,3.63,4.12,N,,07/2017,Analyst
45-4023.00,1.A.4.a.1,Near Vision,LV,3.88,8,0.125,3.63,4.12,N,N,07/2017,Analyst
45-4023.00,1.A.4.a.2,Far Vision,IM,3.12,8,0.125,2.88,3.37,N,,07/2017,Analyst
45-4023.00,1.A.4.a.2,Far Vision,LV,3.12,8,0.125,2.88,3.37,N,N,07/2017,Analyst
45-4023.00,1.A.4.a.3,Visual Color Discrimination,IM,3.0,8,0.0,3.0,3.0,N,,07/2017,Analyst
45-4023.00,1.A.4.a.3,Visual Color Discrimination,LV,3.12,8,0.125,2.88,3.37,N,N,07/2017,Analyst
45-4023.00,1.A.4.a.4,Night Vision,IM,1.75,8,0.1637,1.4292,2.0708,N,,07/2017,Analyst
45-4023.00,1.A.4.a.4,Night Vision,LV,0.88,8,0.2266,0.4309,1.3191,N,N,07/2017,Analyst
45-4023.00,1.A.4.a.5,Peripheral Vision,IM,1.88,8,0.125,1.63,2.12,N,,07/2017,Analyst
45-4023.00,1.A.4.a.5,Peripheral Vision,LV,1.0,8,0.189,0.6296,1.3704,N,N,07/2017,Analyst
45-4023.00,1.A.4.a.6,Depth Perception,IM,2.88,8,0.125,2.63,3.12,N,,07/2017,Analyst
45-4023.00,1.A.4.a.6,Depth Perception,LV,2.88,8,0.125,2.63,3.12,N,N,07/2017,Analyst
45-4023.00,1.A.4.a.7,Glare Sensitivity,IM,1.88,8,0.125,1.63,2.12,N,,07/2017,Analyst
45-4023.00,1.A.4.a.7,Glare Sensitivity,LV,1.38,8,0.2631,0.8594,1.8906,N,N,07/2017,Analyst
45-4023.00,1.A.4.b.1,Hearing Sensitivity,IM,2.25,8,0.1637,1.9292,2.5708,N,,07/2017,Analyst
45-4023.00,1.A.4.b.1,Hearing Sensitivity,LV,1.88,8,0.125,1.63,2.12,N,N,07/2017,Analyst
45-4023.00,1.A.4.b.2,Auditory Attention,IM,2.5,8,0.189,2.1296,2.8704,N,,07/2017,Analyst
45-4023.00,1.A.4.b.2,Auditory Attention,LV,3.12,8,0.125,2.88,3.37,N,N,07/2017,Analyst
45-4023.00,1.A.4.b.3,Sound Localization,IM,1.88,8,0.125,1.63,2.12,N,,07/2017,Analyst
45-4023.00,1.A.4.b.3,Sound Localization,LV,0.88,8,0.125,0.63,1.12,N,N,07/2017,Analyst
45-4023.00,1.A.4.b.4,Speech Recognition,IM,3.0,8,0.0,3.0,3.0,N,,07/2017,Analyst
45-4023.00,1.A.4.b.4,Speech Recognition,LV,2.88,8,0.125,2.63,3.12,N,N,07/2017,Analyst
45-4023.00,1.A.4.b.5,Speech Clarity,IM,3.0,8,0.0,3.0,3.0,N,,07/2017,Analyst
45-4023.00,1.A.4.b.5,Speech Clarity,LV,2.88,8,0.125,2.63,3.12,N,N,07/2017,Analyst
47-1011.00,1.A.1.a.1,Oral Comprehension,IM,4.0,8,0.0,4.0,4.0,N,,08/2020,Analyst
47-1011.00,1.A.1.a.1,Oral Comprehension,LV,4.0,8,0.0,4.0,4.0,N,N,08/2020,Analyst
47-1011.00,1.A.1.a.2,Written Comprehension,IM,3.25,8,0.1637,2.9292,3.5708,N,,08/2020,Analyst
47-1011.00,1.A.1.a.2,Written Comprehension,LV,3.75,8,0.1637,3.4292,4.0708,N,N,08/2020,Analyst
47-1011.00,1.A.1.a.3,Oral Expression,IM,3.75,8,0.1637,3.4292,4.0708,N,,08/2020,Analyst
47-1011.00,1.A.1.a.3,Oral Expression,LV,4.0,8,0.0,4.0,4.0,N,N,08/2020,Analyst
47-1011.00,1.A.1.a.4,Written Expression,IM,3.12,8,0.125,2.88,3.37,N,,08/2020,Analyst
47-1011.00,1.A.1.a.4,Written Expression,LV,3.25,8,0.1637,2.9292,3.5708,N,N,08/2020,Analyst
47-1011.00,1.A.1.b.1,Fluency of Ideas,IM,3.0,8,0.0,3.0,3.0,N,,08/2020,Analyst
47-1011.00,1.A.1.b.1,Fluency of Ideas,LV,3.0,8,0.0,3.0,3.0,N,N,08/2020,Analyst
47-1011.00,1.A.1.b.2,Originality,IM,2.88,8,0.125,2.63,3.12,N,,08/2020,Analyst
47-1011.00,1.A.1.b.2,Originality,LV,3.12,8,0.125,2.88,3.37,N,N,08/2020,Analyst
47-1011.00,1.A.1.b.3,Problem Sensitivity,IM,3.75,8,0.1637,3.4292,4.0708,N,,08/2020,Analyst
47-1011.00,1.A.1.b.3,Problem Sensitivity,LV,3.25,8,0.1637,2.9292,3.5708,N,N,08/2020,Analyst
47-1011.00,1.A.1.b.4,Deductive Reasoning,IM,3.38,8,0.183,3.0164,3.7336,N,,08/2020,Analyst
47-1011.00,1.A.1.b.4,Deductive Reasoning,LV,3.62,8,0.183,3.2664,3.9836,N,N,08/2020,Analyst
47-1011.00,1.A.1.b.5,Inductive Reasoning,IM,3.25,8,0.1637,2.9292,3.5708,N,,08/2020,Analyst
47-1011.00,1.A.1.b.5,Inductive Reasoning,LV,3.25,8,0.1637,2.9292,3.5708,N,N,08/2020,Analyst
47-1011.00,1.A.1.b.6,Information Ordering,IM,3.62,8,0.183,3.2664,3.9836,N,,08/2020,Analyst
47-1011.00,1.A.1.b.6,Information Ordering,LV,3.25,8,0.1637,2.9292,3.5708,N,N,08/2020,Analyst
47-1011.00,1.A.1.b.7,Category Flexibility,IM,3.0,8,0.0,3.0,3.0,N,,08/2020,Analyst
47-1011.00,1.A.1.b.7,Category Flexibility,LV,3.0,8,0.0,3.0,3.0,N,N,08/2020,Analyst
47-1011.00,1.A.1.c.1,Mathematical Reasoning,IM,3.0,8,0.0,3.0,3.0,N,,08/2020,Analyst
47-1011.00,1.A.1.c.1,Mathematical Reasoning,LV,3.0,8,0.0,3.0,3.0,N,N,08/2020,Analyst
47-1011.00,1.A.1.c.2,Number Facility,IM,2.88,8,0.125,2.63,3.12,N,,08/2020,Analyst
47-1011.00,1.A.1.c.2,Number Facility,LV,3.12,8,0.125,2.88,3.37,N,N,08/2020,Analyst
47-1011.00,1.A.1.d.1,Memorization,IM,2.12,8,0.125,1.88,2.37,N,,08/2020,Analyst
47-1011.00,1.A.1.d.1,Memorization,LV,2.0,8,0.0,2.0,2.0,N,N,08/2020,Analyst
47-1011.00,1.A.1.e.1,Speed of Closure,IM,2.12,8,0.125,1.88,2.37,N,,08/2020,Analyst
47-1011.00,1.A.1.e.1,Speed of Closure,LV,2.12,8,0.125,1.88,2.37,N,N,08/2020,Analyst
47-1011.00,1.A.1.e.2,Flexibility of Closure,IM,2.88,8,0.125,2.63,3.12,N,,08/2020,Analyst
47-1011.00,1.A.1.e.2,Flexibility of Closure,LV,2.88,8,0.125,2.63,3.12,N,N,08/2020,Analyst
47-1011.00,1.A.1.e.3,Perceptual Speed,IM,3.0,8,0.0,3.0,3.0,N,,08/2020,Analyst
47-1011.00,1.A.1.e.3,Perceptual Speed,LV,3.0,8,0.0,3.0,3.0,N,N,08/2020,Analyst
47-1011.00,1.A.1.f.1,Spatial Orientation,IM,2.25,8,0.1637,1.9292,2.5708,N,,08/2020,Analyst
47-1011.00,1.A.1.f.1,Spatial Orientation,LV,1.88,8,0.125,1.63,2.12,N,N,08/2020,Analyst
47-1011.00,1.A.1.f.2,Visualization,IM,3.0,8,0.189,2.6296,3.3704,N,,08/2020,Analyst
47-1011.00,1.A.1.f.2,Visualization,LV,3.12,8,0.125,2.88,3.37,N,N,08/2020,Analyst
47-1011.00,1.A.1.g.1,Selective Attention,IM,3.12,8,0.125,2.88,3.37,N,,08/2020,Analyst
47-1011.00,1.A.1.g.1,Selective Attention,LV,3.0,8,0.0,3.0,3.0,N,N,08/2020,Analyst
47-1011.00,1.A.1.g.2,Time Sharing,IM,3.0,8,0.0,3.0,3.0,N,,08/2020,Analyst
47-1011.00,1.A.1.g.2,Time Sharing,LV,3.0,8,0.0,3.0,3.0,N,N,08/2020,Analyst
47-1011.00,1.A.2.a.1,Arm-Hand Steadiness,IM,2.88,8,0.125,2.63,3.12,N,,08/2020,Analyst
47-1011.00,1.A.2.a.1,Arm-Hand Steadiness,LV,3.0,8,0.0,3.0,3.0,N,N,08/2020,Analyst
47-1011.00,1.A.2.a.2,Manual Dexterity,IM,3.12,8,0.125,2.88,3.37,N,,08/2020,Analyst
47-1011.00,1.A.2.a.2,Manual Dexterity,LV,3.0,8,0.0,3.0,3.0,N,N,08/2020,Analyst
47-1011.00,1.A.2.a.3,Finger Dexterity,IM,3.0,8,0.0,3.0,3.0,N,,08/2020,Analyst
47-1011.00,1.A.2.a.3,Finger Dexterity,LV,3.0,8,0.0,3.0,3.0,N,N,08/2020,Analyst
47-1011.00,1.A.2.b.1,Control Precision,IM,3.0,8,0.0,3.0,3.0,N,,08/2020,Analyst
47-1011.00,1.A.2.b.1,Control Precision,LV,3.0,8,0.0,3.0,3.0,N,N,08/2020,Analyst
47-1011.00,1.A.2.b.2,Multilimb Coordination,IM,2.88,8,0.125,2.63,3.12,N,,08/2020,Analyst
47-1011.00,1.A.2.b.2,Multilimb Coordination,LV,3.0,8,0.0,3.0,3.0,N,N,08/2020,Analyst
47-1011.00,1.A.2.b.3,Response Orientation,IM,2.0,8,0.0,2.0,2.0,N,,08/2020,Analyst
47-1011.00,1.A.2.b.3,Response Orientation,LV,2.0,8,0.0,2.0,2.0,N,N,08/2020,Analyst
47-1011.00,1.A.2.b.4,Rate Control,IM,2.0,8,0.0,2.0,2.0,N,,08/2020,Analyst
47-1011.00,1.A.2.b.4,Rate Control,LV,2.0,8,0.0,2.0,2.0,N,N,08/2020,Analyst
47-1011.00,1.A.2.c.1,Reaction Time,IM,2.25,8,0.1637,1.9292,2.5708,N,,08/2020,Analyst
47-1011.00,1.A.2.c.1,Reaction Time,LV,2.25,8,0.1637,1.9292,2.5708,N,N,08/2020,Analyst
47-1011.00,1.A.2.c.2,Wrist-Finger Speed,IM,1.88,8,0.125,1.63,2.12,N,,08/2020,Analyst
47-1011.00,1.A.2.c.2,Wrist-Finger Speed,LV,1.38,8,0.2631,0.8594,1.8906,N,N,08/2020,Analyst
47-1011.00,1.A.2.c.3,Speed of Limb Movement,IM,1.75,8,0.1637,1.4292,2.0708,N,,08/2020,Analyst
47-1011.00,1.A.2.c.3,Speed of Limb Movement,LV,1.0,8,0.2673,0.4762,1.5238,N,N,08/2020,Analyst
47-1011.00,1.A.3.a.1,Static Strength,IM,2.25,8,0.25,1.76,2.74,N,,08/2020,Analyst
47-1011.00,1.A.3.a.1,Static Strength,LV,2.25,8,0.25,1.76,2.74,N,N,08/2020,Analyst
47-1011.00,1.A.3.a.2,Explosive Strength,IM,1.75,8,0.25,1.26,2.24,N,,08/2020,Analyst
47-1011.00,1.A.3.a.2,Explosive Strength,LV,1.0,8,0.3273,0.3584,1.6416,N,N,08/2020,Analyst
47-1011.00,1.A.3.a.3,Dynamic Strength,IM,2.0,8,0.189,1.6296,2.3704,N,,08/2020,Analyst
47-1011.00,1.A.3.a.3,Dynamic Strength,LV,1.62,8,0.3239,0.9902,2.2598,N,N,08/2020,Analyst
47-1011.00,1.A.3.a.4,Trunk Strength,IM,2.5,8,0.189,2.1296,2.8704,N,,08/2020,Analyst
47-1011.00,1.A.3.a.4,Trunk Strength,LV,2.5,8,0.189,2.1296,2.8704,N,N,08/2020,Analyst
47-1011.00,1.A.3.b.1,Stamina,IM,2.12,8,0.125,1.88,2.37,N,,08/2020,Analyst
47-1011.00,1.A.3.b.1,Stamina,LV,2.0,8,0.0,2.0,2.0,N,N,08/2020,Analyst
47-1011.00,1.A.3.c.1,Extent Flexibility,IM,2.12,8,0.125,1.88,2.37,N,,08/2020,Analyst
47-1011.00,1.A.3.c.1,Extent Flexibility,LV,2.0,8,0.0,2.0,2.0,N,N,08/2020,Analyst
47-1011.00,1.A.3.c.2,Dynamic Flexibility,IM,1.12,8,0.125,1.0,1.37,N,,08/2020,Analyst
47-1011.00,1.A.3.c.2,Dynamic Flexibility,LV,0.25,8,0.25,0.0,0.74,N,Y,08/2020,Analyst
47-1011.00,1.A.3.c.3,Gross Body Coordination,IM,1.88,8,0.125,1.63,2.12,N,,08/2020,Analyst
47-1011.00,1.A.3.c.3,Gross Body Coordination,LV,1.62,8,0.2631,1.1094,2.1406,N,N,08/2020,Analyst
47-1011.00,1.A.3.c.4,Gross Body Equilibrium,IM,2.0,8,0.0,2.0,2.0,N,,08/2020,Analyst
47-1011.00,1.A.3.c.4,Gross Body Equilibrium,LV,2.0,8,0.0,2.0,2.0,N,N,08/2020,Analyst
47-1011.00,1.A.4.a.1,Near Vision,IM,3.62,8,0.183,3.2664,3.9836,N,,08/2020,Analyst
47-1011.00,1.A.4.a.1,Near Vision,LV,3.25,8,0.1637,2.9292,3.5708,N,N,08/2020,Analyst
47-1011.00,1.A.4.a.2,Far Vision,IM,3.12,8,0.125,2.88,3.37,N,,08/2020,Analyst
47-1011.00,1.A.4.a.2,Far Vision,LV,3.0,8,0.0,3.0,3.0,N,N,08/2020,Analyst
47-1011.00,1.A.4.a.3,Visual Color Discrimination,IM,2.75,8,0.1637,2.4292,3.0708,N,,08/2020,Analyst
47-1011.00,1.A.4.a.3,Visual Color Discrimination,LV,2.75,8,0.1637,2.4292,3.0708,N,N,08/2020,Analyst
47-1011.00,1.A.4.a.4,Night Vision,IM,1.75,8,0.1637,1.4292,2.0708,N,,08/2020,Analyst
47-1011.00,1.A.4.a.4,Night Vision,LV,1.38,8,0.3239,0.7402,2.0098,N,N,08/2020,Analyst
47-1011.00,1.A.4.a.5,Peripheral Vision,IM,2.12,8,0.125,1.88,2.37,N,,08/2020,Analyst
47-1011.00,1.A.4.a.5,Peripheral Vision,LV,1.5,8,0.189,1.1296,1.8704,N,N,08/2020,Analyst
47-1011.00,1.A.4.a.6,Depth Perception,IM,2.38,8,0.183,2.0164,2.7336,N,,08/2020,Analyst
47-1011.00,1.A.4.a.6,Depth Perception,LV,2.5,8,0.189,2.1296,2.8704,N,N,08/2020,Analyst
47-1011.00,1.A.4.a.7,Glare Sensitivity,IM,2.0,8,0.0,2.0,2.0,N,,08/2020,Analyst
47-1011.00,1.A.4.a.7,Glare Sensitivity,LV,2.0,8,0.0,2.0,2.0,N,N,08/2020,Analyst
47-1011.00,1.A.4.b.1,Hearing Sensitivity,IM,2.62,8,0.183,2.2664,2.9836,N,,08/2020,Analyst
47-1011.00,1.A.4.b.1,Hearing Sensitivity,LV,2.62,8,0.183,2.2664,2.9836,N,N,08/2020,Analyst
47-1011.00,1.A.4.b.2,Auditory Attention,IM,2.75,8,0.1637,2.4292,3.0708,N,,08/2020,Analyst
47-1011.00,1.A.4.b.2,Auditory Attention,LV,2.75,8,0.1637,2.4292,3.0708,N,N,08/2020,Analyst
47-1011.00,1.A.4.b.3,Sound Localization,IM,1.88,8,0.125,1.63,2.12,N,,08/2020,Analyst
47-1011.00,1.A.4.b.3,Sound Localization,LV,1.12,8,0.2266,0.6809,1.5691,N,N,08/2020,Analyst
47-1011.00,1.A.4.b.4,Speech Recognition,IM,3.12,8,0.125,2.88,3.37,N,,08/2020,Analyst
47-1011.00,1.A.4.b.4,Speech Recognition,LV,3.12,8,0.125,2.88,3.37,N,N,08/2020,Analyst
47-1011.00,1.A.4.b.5,Speech Clarity,IM,3.25,8,0.1637,2.9292,3.5708,N,,08/2020,Analyst
47-1011.00,1.A.4.b.5,Speech Clarity,LV,3.25,8,0.1637,2.9292,3.5708,N,N,08/2020,Analyst
47-1011.03,1.A.1.a.1,Oral Comprehension,IM,3.88,8,0.125,3.63,4.12,N,,08/2024,Analyst
47-1011.03,1.A.1.a.1,Oral Comprehension,LV,4.0,8,0.0,4.0,4.0,N,N,08/2024,Analyst
47-1011.03,1.A.1.a.2,Written Comprehension,IM,3.88,8,0.125,3.63,4.12,N,,08/2024,Analyst
47-1011.03,1.A.1.a.2,Written Comprehension,LV,3.88,8,0.125,3.63,4.12,N,N,08/2024,Analyst
47-1011.03,1.A.1.a.3,Oral Expression,IM,4.0,8,0.0,4.0,4.0,N,,08/2024,Analyst
47-1011.03,1.A.1.a.3,Oral Expression,LV,4.0,8,0.0,4.0,4.0,N,N,08/2024,Analyst
47-1011.03,1.A.1.a.4,Written Expression,IM,3.38,8,0.183,3.0164,3.7336,N,,08/2024,Analyst
47-1011.03,1.A.1.a.4,Written Expression,LV,3.75,8,0.1637,3.4292,4.0708,N,N,08/2024,Analyst
47-1011.03,1.A.1.b.1,Fluency of Ideas,IM,2.88,8,0.125,2.63,3.12,N,,08/2024,Analyst
47-1011.03,1.A.1.b.1,Fluency of Ideas,LV,3.0,8,0.0,3.0,3.0,N,N,08/2024,Analyst
47-1011.03,1.A.1.b.2,Originality,IM,2.88,8,0.125,2.63,3.12,N,,08/2024,Analyst
47-1011.03,1.A.1.b.2,Originality,LV,3.12,8,0.125,2.88,3.37,N,N,08/2024,Analyst
47-1011.03,1.A.1.b.3,Problem Sensitivity,IM,3.62,8,0.183,3.2664,3.9836,N,,08/2024,Analyst
47-1011.03,1.A.1.b.3,Problem Sensitivity,LV,3.75,8,0.1637,3.4292,4.0708,N,N,08/2024,Analyst
47-1011.03,1.A.1.b.4,Deductive Reasoning,IM,3.62,8,0.183,3.2664,3.9836,N,,08/2024,Analyst
47-1011.03,1.A.1.b.4,Deductive Reasoning,LV,3.62,8,0.183,3.2664,3.9836,N,N,08/2024,Analyst
47-1011.03,1.A.1.b.5,Inductive Reasoning,IM,3.38,8,0.183,3.0164,3.7336,N,,08/2024,Analyst
47-1011.03,1.A.1.b.5,Inductive Reasoning,LV,3.5,8,0.189,3.1296,3.8704,N,N,08/2024,Analyst
47-1011.03,1.A.1.b.6,Information Ordering,IM,3.38,8,0.183,3.0164,3.7336,N,,08/2024,Analyst
47-1011.03,1.A.1.b.6,Information Ordering,LV,3.5,8,0.189,3.1296,3.8704,N,N,08/2024,Analyst
47-1011.03,1.A.1.b.7,Category Flexibility,IM,3.0,8,0.0,3.0,3.0,N,,08/2024,Analyst
47-1011.03,1.A.1.b.7,Category Flexibility,LV,3.0,8,0.0,3.0,3.0,N,N,08/2024,Analyst
47-1011.03,1.A.1.c.1,Mathematical Reasoning,IM,2.75,8,0.1637,2.4292,3.0708,N,,08/2024,Analyst
47-1011.03,1.A.1.c.1,Mathematical Reasoning,LV,3.0,8,0.0,3.0,3.0,N,N,08/2024,Analyst
47-1011.03,1.A.1.c.2,Number Facility,IM,2.75,8,0.1637,2.4292,3.0708,N,,08/2024,Analyst
47-1011.03,1.A.1.c.2,Number Facility,LV,3.0,8,0.0,3.0,3.0,N,N,08/2024,Analyst
47-1011.03,1.A.1.d.1,Memorization,IM,2.38,8,0.183,2.0164,2.7336,N,,08/2024,Analyst
47-1011.03,1.A.1.d.1,Memorization,LV,2.5,8,0.189,2.1296,2.8704,N,N,08/2024,Analyst
47-1011.03,1.A.1.e.1,Speed of Closure,IM,2.75,8,0.1637,2.4292,3.0708,N,,08/2024,Analyst
47-1011.03,1.A.1.e.1,Speed of Closure,LV,2.62,8,0.183,2.2664,2.9836,N,N,08/2024,Analyst
47-1011.03,1.A.1.e.2,Flexibility of Closure,IM,3.0,8,0.0,3.0,3.0,N,,08/2024,Analyst
47-1011.03,1.A.1.e.2,Flexibility of Closure,LV,3.12,8,0.125,2.88,3.37,N,N,08/2024,Analyst
47-1011.03,1.A.1.e.3,Perceptual Speed,IM,2.88,8,0.125,2.63,3.12,N,,08/2024,Analyst
47-1011.03,1.A.1.e.3,Perceptual Speed,LV,3.0,8,0.0,3.0,3.0,N,N,08/2024,Analyst
47-1011.03,1.A.1.f.1,Spatial Orientation,IM,2.0,8,0.189,1.6296,2.3704,N,,08/2024,Analyst
47-1011.03,1.A.1.f.1,Spatial Orientation,LV,1.75,8,0.25,1.26,2.24,N,N,08/2024,Analyst
47-1011.03,1.A.1.f.2,Visualization,IM,3.25,8,0.1637,2.9292,3.5708,N,,08/2024,Analyst
47-1011.03,1.A.1.f.2,Visualization,LV,3.5,8,0.189,3.1296,3.8704,N,N,08/2024,Analyst
47-1011.03,1.A.1.g.1,Selective Attention,IM,3.0,8,0.0,3.0,3.0,N,,08/2024,Analyst
47-1011.03,1.A.1.g.1,Selective Attention,LV,3.0,8,0.0,3.0,3.0,N,N,08/2024,Analyst
47-1011.03,1.A.1.g.2,Time Sharing,IM,2.88,8,0.125,2.63,3.12,N,,08/2024,Analyst
47-1011.03,1.A.1.g.2,Time Sharing,LV,2.88,8,0.125,2.63,3.12,N,N,08/2024,Analyst
47-1011.03,1.A.2.a.1,Arm-Hand Steadiness,IM,3.12,8,0.125,2.88,3.37,N,,08/2024,Analyst
47-1011.03,1.A.2.a.1,Arm-Hand Steadiness,LV,3.0,8,0.0,3.0,3.0,N,N,08/2024,Analyst
47-1011.03,1.A.2.a.2,Manual Dexterity,IM,3.0,8,0.189,2.6296,3.3704,N,,08/2024,Analyst
47-1011.03,1.A.2.a.2,Manual Dexterity,LV,2.88,8,0.125,2.63,3.12,N,N,08/2024,Analyst
47-1011.03,1.A.2.a.3,Finger Dexterity,IM,2.75,8,0.1637,2.4292,3.0708,N,,08/2024,Analyst
47-1011.03,1.A.2.a.3,Finger Dexterity,LV,2.75,8,0.1637,2.4292,3.0708,N,N,08/2024,Analyst
47-1011.03,1.A.2.b.1,Control Precision,IM,3.0,8,0.0,3.0,3.0,N,,08/2024,Analyst
47-1011.03,1.A.2.b.1,Control Precision,LV,3.0,8,0.0,3.0,3.0,N,N,08/2024,Analyst
47-1011.03,1.A.2.b.2,Multilimb Coordination,IM,2.75,8,0.1637,2.4292,3.0708,N,,08/2024,Analyst
47-1011.03,1.A.2.b.2,Multilimb Coordination,LV,2.88,8,0.125,2.63,3.12,N,N,08/2024,Analyst
47-1011.03,1.A.2.b.3,Response Orientation,IM,2.25,8,0.1637,1.9292,2.5708,N,,08/2024,Analyst
47-1011.03,1.A.2.b.3,Response Orientation,LV,2.12,8,0.125,1.88,2.37,N,N,08/2024,Analyst
47-1011.03,1.A.2.b.4,Rate Control,IM,2.0,8,0.0,2.0,2.0,N,,08/2024,Analyst
47-1011.03,1.A.2.b.4,Rate Control,LV,2.0,8,0.0,2.0,2.0,N,N,08/2024,Analyst
47-1011.03,1.A.2.c.1,Reaction Time,IM,2.25,8,0.1637,1.9292,2.5708,N,,08/2024,Analyst
47-1011.03,1.A.2.c.1,Reaction Time,LV,2.25,8,0.1637,1.9292,2.5708,N,N,08/2024,Analyst
47-1011.03,1.A.2.c.2,Wrist-Finger Speed,IM,1.88,8,0.125,1.63,2.12,N,,08/2024,Analyst
47-1011.03,1.A.2.c.2,Wrist-Finger Speed,LV,1.25,8,0.25,0.76,1.74,N,N,08/2024,Analyst
47-1011.03,1.A.2.c.3,Speed of Limb Movement,IM,1.75,8,0.1637,1.4292,2.0708,N,,08/2024,Analyst
47-1011.03,1.A.2.c.3,Speed of Limb Movement,LV,1.25,8,0.3134,0.6358,1.8642,N,N,08/2024,Analyst
47-1011.03,1.A.3.a.1,Static Strength,IM,2.38,8,0.183,2.0164,2.7336,N,,08/2024,Analyst
47-1011.03,1.A.3.a.1,Static Strength,LV,2.25,8,0.1637,1.9292,2.5708,N,N,08/2024,Analyst
47-1011.03,1.A.3.a.2,Explosive Strength,IM,1.75,8,0.1637,1.4292,2.0708,N,,08/2024,Analyst
47-1011.03,1.A.3.a.2,Explosive Strength,LV,0.88,8,0.2266,0.4309,1.3191,N,N,08/2024,Analyst
47-1011.03,1.A.3.a.3,Dynamic Strength,IM,2.0,8,0.189,1.6296,2.3704,N,,08/2024,Analyst
47-1011.03,1.A.3.a.3,Dynamic Strength,LV,1.75,8,0.25,1.26,2.24,N,N,08/2024,Analyst
47-1011.03,1.A.3.a.4,Trunk Strength,IM,2.5,8,0.189,2.1296,2.8704,N,,08/2024,Analyst
47-1011.03,1.A.3.a.4,Trunk Strength,LV,2.62,8,0.183,2.2664,2.9836,N,N,08/2024,Analyst
47-1011.03,1.A.3.b.1,Stamina,IM,2.12,8,0.125,1.88,2.37,N,,08/2024,Analyst
47-1011.03,1.A.3.b.1,Stamina,LV,2.12,8,0.125,1.88,2.37,N,N,08/2024,Analyst
47-1011.03,1.A.3.c.1,Extent Flexibility,IM,2.5,8,0.189,2.1296,2.8704,N,,08/2024,Analyst
47-1011.03,1.A.3.c.1,Extent Flexibility,LV,2.62,8,0.2631,2.1094,3.1406,N,N,08/2024,Analyst
47-1011.03,1.A.3.c.2,Dynamic Flexibility,IM,1.38,8,0.183,1.0164,1.7336,N,,08/2024,Analyst
47-1011.03,1.A.3.c.2,Dynamic Flexibility,LV,0.5,8,0.2673,0.0,1.0238,N,N,08/2024,Analyst
47-1011.03,1.A.3.c.3,Gross Body Coordination,IM,2.38,8,0.183,2.0164,2.7336,N,,08/2024,Analyst
47-1011.03,1.A.3.c.3,Gross Body Coordination,LV,2.38,8,0.183,2.0164,2.7336,N,N,08/2024,Analyst
47-1011.03,1.A.3.c.4,Gross Body Equilibrium,IM,2.62,8,0.183,2.2664,2.9836,N,,08/2024,Analyst
47-1011.03,1.A.3.c.4,Gross Body Equilibrium,LV,2.62,8,0.183,2.2664,2.9836,N,N,08/2024,Analyst
47-1011.03,1.A.4.a.1,Near Vision,IM,3.5,8,0.189,3.1296,3.8704,N,,08/2024,Analyst
47-1011.03,1.A.4.a.1,Near Vision,LV,3.5,8,0.189,3.1296,3.8704,N,N,08/2024,Analyst
47-1011.03,1.A.4.a.2,Far Vision,IM,3.25,8,0.1637,2.9292,3.5708,N,,08/2024,Analyst
47-1011.03,1.A.4.a.2,Far Vision,LV,3.12,8,0.125,2.88,3.37,N,N,08/2024,Analyst
47-1011.03,1.A.4.a.3,Visual Color Discrimination,IM,3.0,8,0.0,3.0,3.0,N,,08/2024,Analyst
47-1011.03,1.A.4.a.3,Visual Color Discrimination,LV,3.12,8,0.125,2.88,3.37,N,N,08/2024,Analyst
47-1011.03,1.A.4.a.4,Night Vision,IM,1.75,8,0.1637,1.4292,2.0708,N,,08/2024,Analyst
47-1011.03,1.A.4.a.4,Night Vision,LV,1.0,8,0.2673,0.4762,1.5238,N,N,08/2024,Analyst
47-1011.03,1.A.4.a.5,Peripheral Vision,IM,2.12,8,0.125,1.88,2.37,N,,08/2024,Analyst
47-1011.03,1.A.4.a.5,Peripheral Vision,LV,1.5,8,0.2673,0.9762,2.0238,N,N,08/2024,Analyst
47-1011.03,1.A.4.a.6,Depth Perception,IM,2.62,8,0.183,2.2664,2.9836,N,,08/2024,Analyst
47-1011.03,1.A.4.a.6,Depth Perception,LV,2.62,8,0.183,2.2664,2.9836,N,N,08/2024,Analyst
47-1011.03,1.A.4.a.7,Glare Sensitivity,IM,2.12,8,0.125,1.88,2.37,N,,08/2024,Analyst
47-1011.03,1.A.4.a.7,Glare Sensitivity,LV,2.12,8,0.125,1.88,2.37,N,N,08/2024,Analyst
47-1011.03,1.A.4.b.1,Hearing Sensitivity,IM,2.38,8,0.183,2.0164,2.7336,N,,08/2024,Analyst
47-1011.03,1.A.4.b.1,Hearing Sensitivity,LV,2.25,8,0.1637,1.9292,2.5708,N,N,08/2024,Analyst
47-1011.03,1.A.4.b.2,Auditory Attention,IM,2.25,8,0.1637,1.9292,2.5708,N,,08/2024,Analyst
47-1011.03,1.A.4.b.2,Auditory Attention,LV,2.25,8,0.1637,1.9292,2.5708,N,N,08/2024,Analyst
47-1011.03,1.A.4.b.3,Sound Localization,IM,1.88,8,0.125,1.63,2.12,N,,08/2024,Analyst
47-1011.03,1.A.4.b.3,Sound Localization,LV,1.25,8,0.3134,0.6358,1.8642,N,N,08/2024,Analyst
47-1011.03,1.A.4.b.4,Speech Recognition,IM,3.12,8,0.125,2.88,3.37,N,,08/2024,Analyst
47-1011.03,1.A.4.b.4,Speech Recognition,LV,3.5,8,0.189,3.1296,3.8704,N,N,08/2024,Analyst
47-1011.03,1.A.4.b.5,Speech Clarity,IM,3.25,8,0.1637,2.9292,3.5708,N,,08/2024,Analyst
47-1011.03,1.A.4.b.5,Speech Clarity,LV,3.38,8,0.183,3.0164,3.7336,N,N,08/2024,Analyst
47-2011.00,1.A.1.a.1,Oral Comprehension,IM,3.38,8,0.183,3.0164,3.7336,N,,07/2015,Analyst
47-2011.00,1.A.1.a.1,Oral Comprehension,LV,3.38,8,0.183,3.0164,3.7336,N,N,07/2015,Analyst
47-2011.00,1.A.1.a.2,Written Comprehension,IM,3.12,8,0.125,2.88,3.37,N,,07/2015,Analyst
47-2011.00,1.A.1.a.2,Written Comprehension,LV,3.0,8,0.0,3.0,3.0,N,N,07/2015,Analyst
47-2011.00,1.A.1.a.3,Oral Expression,IM,3.12,8,0.125,2.88,3.37,N,,07/2015,Analyst
47-2011.00,1.A.1.a.3,Oral Expression,LV,3.12,8,0.125,2.88,3.37,N,N,07/2015,Analyst
47-2011.00,1.A.1.a.4,Written Expression,IM,3.0,8,0.0,3.0,3.0,N,,07/2015,Analyst
47-2011.00,1.A.1.a.4,Written Expression,LV,3.0,8,0.0,3.0,3.0,N,N,07/2015,Analyst
47-2011.00,1.A.1.b.1,Fluency of Ideas,IM,2.88,8,0.125,2.63,3.12,N,,07/2015,Analyst
47-2011.00,1.A.1.b.1,Fluency of Ideas,LV,2.75,8,0.1637,2.4292,3.0708,N,N,07/2015,Analyst
47-2011.00,1.A.1.b.2,Originality,IM,2.38,8,0.183,2.0164,2.7336,N,,07/2015,Analyst
47-2011.00,1.A.1.b.2,Originality,LV,2.38,8,0.183,2.0164,2.7336,N,N,07/2015,Analyst
47-2011.00,1.A.1.b.3,Problem Sensitivity,IM,3.88,8,0.125,3.63,4.12,N,,07/2015,Analyst
47-2011.00,1.A.1.b.3,Problem Sensitivity,LV,3.38,8,0.183,3.0164,3.7336,N,N,07/2015,Analyst
47-2011.00,1.A.1.b.4,Deductive Reasoning,IM,3.75,8,0.1637,3.4292,4.0708,N,,07/2015,Analyst
47-2011.00,1.A.1.b.4,Deductive Reasoning,LV,3.25,8,0.1637,2.9292,3.5708,N,N,07/2015,Analyst
47-2011.00,1.A.1.b.5,Inductive Reasoning,IM,3.5,8,0.189,3.1296,3.8704,N,,07/2015,Analyst
47-2011.00,1.A.1.b.5,Inductive Reasoning,LV,3.25,8,0.1637,2.9292,3.5708,N,N,07/2015,Analyst
47-2011.00,1.A.1.b.6,Information Ordering,IM,3.25,8,0.1637,2.9292,3.5708,N,,07/2015,Analyst
47-2011.00,1.A.1.b.6,Information Ordering,LV,3.0,8,0.0,3.0,3.0,N,N,07/2015,Analyst
47-2011.00,1.A.1.b.7,Category Flexibility,IM,3.0,8,0.0,3.0,3.0,N,,07/2015,Analyst
47-2011.00,1.A.1.b.7,Category Flexibility,LV,3.0,8,0.0,3.0,3.0,N,N,07/2015,Analyst
47-2011.00,1.A.1.c.1,Mathematical Reasoning,IM,2.38,8,0.183,2.0164,2.7336,N,,07/2015,Analyst
47-2011.00,1.A.1.c.1,Mathematical Reasoning,LV,2.12,8,0.125,1.88,2.37,N,N,07/2015,Analyst
47-2011.00,1.A.1.c.2,Number Facility,IM,2.38,8,0.183,2.0164,2.7336,N,,07/2015,Analyst
47-2011.00,1.A.1.c.2,Number Facility,LV,2.12,8,0.125,1.88,2.37,N,N,07/2015,Analyst
47-2011.00,1.A.1.d.1,Memorization,IM,2.0,8,0.0,2.0,2.0,N,,07/2015,Analyst
47-2011.00,1.A.1.d.1,Memorization,LV,2.0,8,0.0,2.0,2.0,N,N,07/2015,Analyst
47-2011.00,1.A.1.e.1,Speed of Closure,IM,2.38,8,0.183,2.0164,2.7336,N,,07/2015,Analyst
47-2011.00,1.A.1.e.1,Speed of Closure,LV,2.38,8,0.183,2.0164,2.7336,N,N,07/2015,Analyst
47-2011.00,1.A.1.e.2,Flexibility of Closure,IM,3.0,8,0.189,2.6296,3.3704,N,,07/2015,Analyst
47-2011.00,1.A.1.e.2,Flexibility of Closure,LV,2.88,8,0.2266,2.4309,3.3191,N,N,07/2015,Analyst
47-2011.00,1.A.1.e.3,Perceptual Speed,IM,3.0,8,0.0,3.0,3.0,N,,07/2015,Analyst
47-2011.00,1.A.1.e.3,Perceptual Speed,LV,3.0,8,0.0,3.0,3.0,N,N,07/2015,Analyst
47-2011.00,1.A.1.f.1,Spatial Orientation,IM,2.12,8,0.125,1.88,2.37,N,,07/2015,Analyst
47-2011.00,1.A.1.f.1,Spatial Orientation,LV,1.88,8,0.125,1.63,2.12,N,N,07/2015,Analyst
47-2011.00,1.A.1.f.2,Visualization,IM,3.38,8,0.183,3.0164,3.7336,N,,07/2015,Analyst
47-2011.00,1.A.1.f.2,Visualization,LV,3.25,8,0.1637,2.9292,3.5708,N,N,07/2015,Analyst
47-2011.00,1.A.1.g.1,Selective Attention,IM,3.0,8,0.189,2.6296,3.3704,N,,07/2015,Analyst
47-2011.00,1.A.1.g.1,Selective Attention,LV,2.75,8,0.1637,2.4292,3.0708,N,N,07/2015,Analyst
47-2011.00,1.A.1.g.2,Time Sharing,IM,2.88,8,0.125,2.63,3.12,N,,07/2015,Analyst
47-2011.00,1.A.1.g.2,Time Sharing,LV,2.75,8,0.1637,2.4292,3.0708,N,N,07/2015,Analyst
47-2011.00,1.A.2.a.1,Arm-Hand Steadiness,IM,3.88,8,0.125,3.63,4.12,N,,07/2015,Analyst
47-2011.00,1.A.2.a.1,Arm-Hand Steadiness,LV,3.12,8,0.125,2.88,3.37,N,N,07/2015,Analyst
47-2011.00,1.A.2.a.2,Manual Dexterity,IM,3.75,8,0.1637,3.4292,4.0708,N,,07/2015,Analyst
47-2011.00,1.A.2.a.2,Manual Dexterity,LV,3.38,8,0.183,3.0164,3.7336,N,N,07/2015,Analyst
47-2011.00,1.A.2.a.3,Finger Dexterity,IM,3.88,8,0.125,3.63,4.12,N,,07/2015,Analyst
47-2011.00,1.A.2.a.3,Finger Dexterity,LV,3.38,8,0.183,3.0164,3.7336,N,N,07/2015,Analyst
47-2011.00,1.A.2.b.1,Control Precision,IM,3.88,8,0.125,3.63,4.12,N,,07/2015,Analyst
47-2011.00,1.A.2.b.1,Control Precision,LV,3.75,8,0.1637,3.4292,4.0708,N,N,07/2015,Analyst
47-2011.00,1.A.2.b.2,Multilimb Coordination,IM,3.62,8,0.183,3.2664,3.9836,N,,07/2015,Analyst
47-2011.00,1.A.2.b.2,Multilimb Coordination,LV,3.25,8,0.1637,2.9292,3.5708,N,N,07/2015,Analyst
47-2011.00,1.A.2.b.3,Response Orientation,IM,2.75,8,0.1637,2.4292,3.0708,N,,07/2015,Analyst
47-2011.00,1.A.2.b.3,Response Orientation,LV,2.88,8,0.2266,2.4309,3.3191,N,N,07/2015,Analyst
47-2011.00,1.A.2.b.4,Rate Control,IM,2.88,8,0.125,2.63,3.12,N,,07/2015,Analyst
47-2011.00,1.A.2.b.4,Rate Control,LV,2.88,8,0.125,2.63,3.12,N,N,07/2015,Analyst
47-2011.00,1.A.2.c.1,Reaction Time,IM,3.0,8,0.0,3.0,3.0,N,,07/2015,Analyst
47-2011.00,1.A.2.c.1,Reaction Time,LV,3.25,8,0.1637,2.9292,3.5708,N,N,07/2015,Analyst
47-2011.00,1.A.2.c.2,Wrist-Finger Speed,IM,2.25,8,0.1637,1.9292,2.5708,N,,07/2015,Analyst
47-2011.00,1.A.2.c.2,Wrist-Finger Speed,LV,2.25,8,0.1637,1.9292,2.5708,N,N,07/2015,Analyst
47-2011.00,1.A.2.c.3,Speed of Limb Movement,IM,1.88,8,0.2266,1.4309,2.3191,N,,07/2015,Analyst
47-2011.00,1.A.2.c.3,Speed of Limb Movement,LV,1.5,8,0.3273,0.8584,2.1416,N,N,07/2015,Analyst
47-2011.00,1.A.3.a.1,Static Strength,IM,3.25,8,0.1637,2.9292,3.5708,N,,07/2015,Analyst
47-2011.00,1.A.3.a.1,Static Strength,LV,3.25,8,0.1637,2.9292,3.5708,N,N,07/2015,Analyst
47-2011.00,1.A.3.a.2,Explosive Strength,IM,1.62,8,0.183,1.2664,1.9836,N,,07/2015,Analyst
47-2011.00,1.A.3.a.2,Explosive Strength,LV,1.0,8,0.3273,0.3584,1.6416,N,N,07/2015,Analyst
47-2011.00,1.A.3.a.3,Dynamic Strength,IM,2.62,8,0.2631,2.1094,3.1406,N,,07/2015,Analyst
47-2011.00,1.A.3.a.3,Dynamic Strength,LV,2.38,8,0.183,2.0164,2.7336,N,N,07/2015,Analyst
47-2011.00,1.A.3.a.4,Trunk Strength,IM,3.38,8,0.183,3.0164,3.7336,N,,07/2015,Analyst
47-2011.00,1.A.3.a.4,Trunk Strength,LV,3.12,8,0.2266,2.6809,3.5691,N,N,07/2015,Analyst
47-2011.00,1.A.3.b.1,Stamina,IM,2.75,8,0.25,2.26,3.24,N,,07/2015,Analyst
47-2011.00,1.A.3.b.1,Stamina,LV,2.12,8,0.2266,1.6809,2.5691,N,N,07/2015,Analyst
47-2011.00,1.A.3.c.1,Extent Flexibility,IM,3.0,8,0.189,2.6296,3.3704,N,,07/2015,Analyst
47-2011.00,1.A.3.c.1,Extent Flexibility,LV,3.25,8,0.25,2.76,3.74,N,N,07/2015,Analyst
47-2011.00,1.A.3.c.2,Dynamic Flexibility,IM,1.38,8,0.183,1.0164,1.7336,N,,07/2015,Analyst
47-2011.00,1.A.3.c.2,Dynamic Flexibility,LV,0.62,8,0.3239,0.0,1.2598,N,N,07/2015,Analyst
47-2011.00,1.A.3.c.3,Gross Body Coordination,IM,2.5,8,0.189,2.1296,2.8704,N,,07/2015,Analyst
47-2011.00,1.A.3.c.3,Gross Body Coordination,LV,2.5,8,0.189,2.1296,2.8704,N,N,07/2015,Analyst
47-2011.00,1.A.3.c.4,Gross Body Equilibrium,IM,2.75,8,0.1637,2.4292,3.0708,N,,07/2015,Analyst
47-2011.00,1.A.3.c.4,Gross Body Equilibrium,LV,2.62,8,0.183,2.2664,2.9836,N,N,07/2015,Analyst
47-2011.00,1.A.4.a.1,Near Vision,IM,3.88,8,0.125,3.63,4.12,N,,07/2015,Analyst
47-2011.00,1.A.4.a.1,Near Vision,LV,3.88,8,0.125,3.63,4.12,N,N,07/2015,Analyst
47-2011.00,1.A.4.a.2,Far Vision,IM,3.0,8,0.189,2.6296,3.3704,N,,07/2015,Analyst
47-2011.00,1.A.4.a.2,Far Vision,LV,2.88,8,0.125,2.63,3.12,N,N,07/2015,Analyst
47-2011.00,1.A.4.a.3,Visual Color Discrimination,IM,2.62,8,0.183,2.2664,2.9836,N,,07/2015,Analyst
47-2011.00,1.A.4.a.3,Visual Color Discrimination,LV,2.75,8,0.1637,2.4292,3.0708,N,N,07/2015,Analyst
47-2011.00,1.A.4.a.4,Night Vision,IM,2.0,8,0.0,2.0,2.0,N,,07/2015,Analyst
47-2011.00,1.A.4.a.4,Night Vision,LV,1.62,8,0.183,1.2664,1.9836,N,N,07/2015,Analyst
47-2011.00,1.A.4.a.5,Peripheral Vision,IM,2.12,8,0.125,1.88,2.37,N,,07/2015,Analyst
47-2011.00,1.A.4.a.5,Peripheral Vision,LV,1.75,8,0.1637,1.4292,2.0708,N,N,07/2015,Analyst
47-2011.00,1.A.4.a.6,Depth Perception,IM,2.88,8,0.125,2.63,3.12,N,,07/2015,Analyst
47-2011.00,1.A.4.a.6,Depth Perception,LV,2.75,8,0.1637,2.4292,3.0708,N,N,07/2015,Analyst
47-2011.00,1.A.4.a.7,Glare Sensitivity,IM,2.25,8,0.1637,1.9292,2.5708,N,,07/2015,Analyst
47-2011.00,1.A.4.a.7,Glare Sensitivity,LV,2.12,8,0.125,1.88,2.37,N,N,07/2015,Analyst
47-2011.00,1.A.4.b.1,Hearing Sensitivity,IM,2.88,8,0.125,2.63,3.12,N,,07/2015,Analyst
47-2011.00,1.A.4.b.1,Hearing Sensitivity,LV,2.75,8,0.1637,2.4292,3.0708,N,N,07/2015,Analyst
47-2011.00,1.A.4.b.2,Auditory Attention,IM,3.0,8,0.0,3.0,3.0,N,,07/2015,Analyst
47-2011.00,1.A.4.b.2,Auditory Attention,LV,2.88,8,0.125,2.63,3.12,N,N,07/2015,Analyst
47-2011.00,1.A.4.b.3,Sound Localization,IM,2.0,8,0.0,2.0,2.0,N,,07/2015,Analyst
47-2011.00,1.A.4.b.3,Sound Localization,LV,1.75,8,0.1637,1.4292,2.0708,N,N,07/2015,Analyst
47-2011.00,1.A.4.b.4,Speech Recognition,IM,3.0,8,0.0,3.0,3.0,N,,07/2015,Analyst
47-2011.00,1.A.4.b.4,Speech Recognition,LV,2.88,8,0.125,2.63,3.12,N,N,07/2015,Analyst
47-2011.00,1.A.4.b.5,Speech Clarity,IM,3.0,8,0.0,3.0,3.0,N,,07/2015,Analyst
47-2011.00,1.A.4.b.5,Speech Clarity,LV,3.0,8,0.0,3.0,3.0,N,N,07/2015,Analyst
47-2021.00,1.A.1.a.1,Oral Comprehension,IM,3.0,8,0.0,3.0,3.0,N,,08/2018,Analyst
47-2021.00,1.A.1.a.1,Oral Comprehension,LV,3.12,8,0.125,2.88,3.37,N,N,08/2018,Analyst
47-2021.00,1.A.1.a.2,Written Comprehension,IM,3.0,8,0.0,3.0,3.0,N,,08/2018,Analyst
47-2021.00,1.A.1.a.2,Written Comprehension,LV,2.88,8,0.125,2.63,3.12,N,N,08/2018,Analyst
47-2021.00,1.A.1.a.3,Oral Expression,IM,3.0,8,0.0,3.0,3.0,N,,08/2018,Analyst
47-2021.00,1.A.1.a.3,Oral Expression,LV,3.0,8,0.0,3.0,3.0,N,N,08/2018,Analyst
47-2021.00,1.A.1.a.4,Written Expression,IM,2.25,8,0.1637,1.9292,2.5708,N,,08/2018,Analyst
47-2021.00,1.A.1.a.4,Written Expression,LV,2.12,8,0.125,1.88,2.37,N,N,08/2018,Analyst
47-2021.00,1.A.1.b.1,Fluency of Ideas,IM,2.25,8,0.1637,1.9292,2.5708,N,,08/2018,Analyst
47-2021.00,1.A.1.b.1,Fluency of Ideas,LV,2.12,8,0.125,1.88,2.37,N,N,08/2018,Analyst
47-2021.00,1.A.1.b.2,Originality,IM,2.62,8,0.183,2.2664,2.9836,N,,08/2018,Analyst
47-2021.00,1.A.1.b.2,Originality,LV,2.12,8,0.125,1.88,2.37,N,N,08/2018,Analyst
47-2021.00,1.A.1.b.3,Problem Sensitivity,IM,3.12,8,0.125,2.88,3.37,N,,08/2018,Analyst
47-2021.00,1.A.1.b.3,Problem Sensitivity,LV,3.0,8,0.0,3.0,3.0,N,N,08/2018,Analyst
47-2021.00,1.A.1.b.4,Deductive Reasoning,IM,3.0,8,0.0,3.0,3.0,N,,08/2018,Analyst
47-2021.00,1.A.1.b.4,Deductive Reasoning,LV,2.75,8,0.1637,2.4292,3.0708,N,N,08/2018,Analyst
47-2021.00,1.A.1.b.5,Inductive Reasoning,IM,3.0,8,0.0,3.0,3.0,N,,08/2018,Analyst
47-2021.00,1.A.1.b.5,Inductive Reasoning,LV,2.75,8,0.1637,2.4292,3.0708,N,N,08/2018,Analyst
47-2021.00,1.A.1.b.6,Information Ordering,IM,3.25,8,0.1637,2.9292,3.5708,N,,08/2018,Analyst
47-2021.00,1.A.1.b.6,Information Ordering,LV,3.12,8,0.125,2.88,3.37,N,N,08/2018,Analyst
47-2021.00,1.A.1.b.7,Category Flexibility,IM,3.0,8,0.0,3.0,3.0,N,,08/2018,Analyst
47-2021.00,1.A.1.b.7,Category Flexibility,LV,3.0,8,0.0,3.0,3.0,N,N,08/2018,Analyst
47-2021.00,1.A.1.c.1,Mathematical Reasoning,IM,2.75,8,0.1637,2.4292,3.0708,N,,08/2018,Analyst
47-2021.00,1.A.1.c.1,Mathematical Reasoning,LV,2.25,8,0.1637,1.9292,2.5708,N,N,08/2018,Analyst
47-2021.00,1.A.1.c.2,Number Facility,IM,2.88,8,0.125,2.63,3.12,N,,08/2018,Analyst
47-2021.00,1.A.1.c.2,Number Facility,LV,2.25,8,0.1637,1.9292,2.5708,N,N,08/2018,Analyst
47-2021.00,1.A.1.d.1,Memorization,IM,2.0,8,0.0,2.0,2.0,N,,08/2018,Analyst
47-2021.00,1.A.1.d.1,Memorization,LV,2.0,8,0.0,2.0,2.0,N,N,08/2018,Analyst
47-2021.00,1.A.1.e.1,Speed of Closure,IM,2.12,8,0.125,1.88,2.37,N,,08/2018,Analyst
47-2021.00,1.A.1.e.1,Speed of Closure,LV,2.0,8,0.0,2.0,2.0,N,N,08/2018,Analyst
47-2021.00,1.A.1.e.2,Flexibility of Closure,IM,2.88,8,0.125,2.63,3.12,N,,08/2018,Analyst
47-2021.00,1.A.1.e.2,Flexibility of Closure,LV,2.38,8,0.183,2.0164,2.7336,N,N,08/2018,Analyst
47-2021.00,1.A.1.e.3,Perceptual Speed,IM,2.88,8,0.125,2.63,3.12,N,,08/2018,Analyst
47-2021.00,1.A.1.e.3,Perceptual Speed,LV,2.38,8,0.183,2.0164,2.7336,N,N,08/2018,Analyst
47-2021.00,1.A.1.f.1,Spatial Orientation,IM,2.12,8,0.125,1.88,2.37,N,,08/2018,Analyst
47-2021.00,1.A.1.f.1,Spatial Orientation,LV,2.0,8,0.0,2.0,2.0,N,N,08/2018,Analyst
47-2021.00,1.A.1.f.2,Visualization,IM,3.62,8,0.183,3.2664,3.9836,N,,08/2018,Analyst
47-2021.00,1.A.1.f.2,Visualization,LV,3.88,8,0.125,3.63,4.12,N,N,08/2018,Analyst
47-2021.00,1.A.1.g.1,Selective Attention,IM,3.0,8,0.0,3.0,3.0,N,,08/2018,Analyst
47-2021.00,1.A.1.g.1,Selective Attention,LV,3.0,8,0.189,2.6296,3.3704,N,N,08/2018,Analyst
47-2021.00,1.A.1.g.2,Time Sharing,IM,2.88,8,0.125,2.63,3.12,N,,08/2018,Analyst
47-2021.00,1.A.1.g.2,Time Sharing,LV,2.75,8,0.1637,2.4292,3.0708,N,N,08/2018,Analyst
47-2021.00,1.A.2.a.1,Arm-Hand Steadiness,IM,3.75,8,0.1637,3.4292,4.0708,N,,08/2018,Analyst
47-2021.00,1.A.2.a.1,Arm-Hand Steadiness,LV,3.12,8,0.125,2.88,3.37,N,N,08/2018,Analyst
47-2021.00,1.A.2.a.2,Manual Dexterity,IM,3.75,8,0.1637,3.4292,4.0708,N,,08/2018,Analyst
47-2021.00,1.A.2.a.2,Manual Dexterity,LV,3.25,8,0.1637,2.9292,3.5708,N,N,08/2018,Analyst
47-2021.00,1.A.2.a.3,Finger Dexterity,IM,3.25,8,0.1637,2.9292,3.5708,N,,08/2018,Analyst
47-2021.00,1.A.2.a.3,Finger Dexterity,LV,3.0,8,0.0,3.0,3.0,N,N,08/2018,Analyst
47-2021.00,1.A.2.b.1,Control Precision,IM,3.0,8,0.0,3.0,3.0,N,,08/2018,Analyst
47-2021.00,1.A.2.b.1,Control Precision,LV,2.88,8,0.125,2.63,3.12,N,N,08/2018,Analyst
47-2021.00,1.A.2.b.2,Multilimb Coordination,IM,3.62,8,0.183,3.2664,3.9836,N,,08/2018,Analyst
47-2021.00,1.A.2.b.2,Multilimb Coordination,LV,3.25,8,0.1637,2.9292,3.5708,N,N,08/2018,Analyst
47-2021.00,1.A.2.b.3,Response Orientation,IM,2.12,8,0.125,1.88,2.37,N,,08/2018,Analyst
47-2021.00,1.A.2.b.3,Response Orientation,LV,1.88,8,0.125,1.63,2.12,N,N,08/2018,Analyst
47-2021.00,1.A.2.b.4,Rate Control,IM,2.25,8,0.1637,1.9292,2.5708,N,,08/2018,Analyst
47-2021.00,1.A.2.b.4,Rate Control,LV,2.0,8,0.0,2.0,2.0,N,N,08/2018,Analyst
47-2021.00,1.A.2.c.1,Reaction Time,IM,2.88,8,0.125,2.63,3.12,N,,08/2018,Analyst
47-2021.00,1.A.2.c.1,Reaction Time,LV,2.88,8,0.125,2.63,3.12,N,N,08/2018,Analyst
47-2021.00,1.A.2.c.2,Wrist-Finger Speed,IM,2.0,8,0.0,2.0,2.0,N,,08/2018,Analyst
47-2021.00,1.A.2.c.2,Wrist-Finger Speed,LV,2.0,8,0.0,2.0,2.0,N,N,08/2018,Analyst
47-2021.00,1.A.2.c.3,Speed of Limb Movement,IM,2.12,8,0.2266,1.6809,2.5691,N,,08/2018,Analyst
47-2021.00,1.A.2.c.3,Speed of Limb Movement,LV,1.75,8,0.25,1.26,2.24,N,N,08/2018,Analyst
47-2021.00,1.A.3.a.1,Static Strength,IM,3.75,8,0.1637,3.4292,4.0708,N,,08/2018,Analyst
47-2021.00,1.A.3.a.1,Static Strength,LV,4.0,8,0.189,3.6296,4.3704,N,N,08/2018,Analyst
47-2021.00,1.A.3.a.2,Explosive Strength,IM,2.12,8,0.2266,1.6809,2.5691,N,,08/2018,Analyst
47-2021.00,1.A.3.a.2,Explosive Strength,LV,1.62,8,0.3239,0.9902,2.2598,N,N,08/2018,Analyst
47-2021.00,1.A.3.a.3,Dynamic Strength,IM,3.62,8,0.183,3.2664,3.9836,N,,08/2018,Analyst
47-2021.00,1.A.3.a.3,Dynamic Strength,LV,3.25,8,0.1637,2.9292,3.5708,N,N,08/2018,Analyst
47-2021.00,1.A.3.a.4,Trunk Strength,IM,4.0,8,0.0,4.0,4.0,N,,08/2018,Analyst
47-2021.00,1.A.3.a.4,Trunk Strength,LV,4.12,8,0.125,3.88,4.37,N,N,08/2018,Analyst
47-2021.00,1.A.3.b.1,Stamina,IM,3.0,8,0.189,2.6296,3.3704,N,,08/2018,Analyst
47-2021.00,1.A.3.b.1,Stamina,LV,2.88,8,0.125,2.63,3.12,N,N,08/2018,Analyst
47-2021.00,1.A.3.c.1,Extent Flexibility,IM,3.88,8,0.125,3.63,4.12,N,,08/2018,Analyst
47-2021.00,1.A.3.c.1,Extent Flexibility,LV,3.88,8,0.125,3.63,4.12,N,N,08/2018,Analyst
47-2021.00,1.A.3.c.2,Dynamic Flexibility,IM,1.88,8,0.125,1.63,2.12,N,,08/2018,Analyst
47-2021.00,1.A.3.c.2,Dynamic Flexibility,LV,1.38,8,0.2631,0.8594,1.8906,N,N,08/2018,Analyst
47-2021.00,1.A.3.c.3,Gross Body Coordination,IM,3.0,8,0.0,3.0,3.0,N,,08/2018,Analyst
47-2021.00,1.A.3.c.3,Gross Body Coordination,LV,2.75,8,0.1637,2.4292,3.0708,N,N,08/2018,Analyst
47-2021.00,1.A.3.c.4,Gross Body Equilibrium,IM,3.12,8,0.125,2.88,3.37,N,,08/2018,Analyst
47-2021.00,1.A.3.c.4,Gross Body Equilibrium,LV,3.0,8,0.0,3.0,3.0,N,N,08/2018,Analyst
47-2021.00,1.A.4.a.1,Near Vision,IM,3.75,8,0.1637,3.4292,4.0708,N,,08/2018,Analyst
47-2021.00,1.A.4.a.1,Near Vision,LV,3.62,8,0.183,3.2664,3.9836,N,N,08/2018,Analyst
47-2021.00,1.A.4.a.2,Far Vision,IM,3.0,8,0.0,3.0,3.0,N,,08/2018,Analyst
47-2021.00,1.A.4.a.2,Far Vision,LV,3.0,8,0.0,3.0,3.0,N,N,08/2018,Analyst
47-2021.00,1.A.4.a.3,Visual Color Discrimination,IM,2.88,8,0.125,2.63,3.12,N,,08/2018,Analyst
47-2021.00,1.A.4.a.3,Visual Color Discrimination,LV,2.88,8,0.125,2.63,3.12,N,N,08/2018,Analyst
47-2021.00,1.A.4.a.4,Night Vision,IM,2.0,8,0.0,2.0,2.0,N,,08/2018,Analyst
47-2021.00,1.A.4.a.4,Night Vision,LV,1.38,8,0.183,1.0164,1.7336,N,N,08/2018,Analyst
47-2021.00,1.A.4.a.5,Peripheral Vision,IM,2.0,8,0.0,2.0,2.0,N,,08/2018,Analyst
47-2021.00,1.A.4.a.5,Peripheral Vision,LV,1.38,8,0.183,1.0164,1.7336,N,N,08/2018,Analyst
47-2021.00,1.A.4.a.6,Depth Perception,IM,2.75,8,0.1637,2.4292,3.0708,N,,08/2018,Analyst
47-2021.00,1.A.4.a.6,Depth Perception,LV,2.75,8,0.1637,2.4292,3.0708,N,N,08/2018,Analyst
47-2021.00,1.A.4.a.7,Glare Sensitivity,IM,2.12,8,0.125,1.88,2.37,N,,08/2018,Analyst
47-2021.00,1.A.4.a.7,Glare Sensitivity,LV,2.0,8,0.189,1.6296,2.3704,N,N,08/2018,Analyst
47-2021.00,1.A.4.b.1,Hearing Sensitivity,IM,2.62,8,0.183,2.2664,2.9836,N,,08/2018,Analyst
47-2021.00,1.A.4.b.1,Hearing Sensitivity,LV,2.25,8,0.1637,1.9292,2.5708,N,N,08/2018,Analyst
47-2021.00,1.A.4.b.2,Auditory Attention,IM,2.62,8,0.183,2.2664,2.9836,N,,08/2018,Analyst
47-2021.00,1.A.4.b.2,Auditory Attention,LV,2.12,8,0.125,1.88,2.37,N,N,08/2018,Analyst
47-2021.00,1.A.4.b.3,Sound Localization,IM,2.0,8,0.0,2.0,2.0,N,,08/2018,Analyst
47-2021.00,1.A.4.b.3,Sound Localization,LV,1.12,8,0.125,0.88,1.37,N,N,08/2018,Analyst
47-2021.00,1.A.4.b.4,Speech Recognition,IM,2.88,8,0.125,2.63,3.12,N,,08/2018,Analyst
47-2021.00,1.A.4.b.4,Speech Recognition,LV,2.62,8,0.183,2.2664,2.9836,N,N,08/2018,Analyst
47-2021.00,1.A.4.b.5,Speech Clarity,IM,2.88,8,0.125,2.63,3.12,N,,08/2018,Analyst
47-2021.00,1.A.4.b.5,Speech Clarity,LV,2.38,8,0.183,2.0164,2.7336,N,N,08/2018,Analyst
47-2022.00,1.A.1.a.1,Oral Comprehension,IM,3.25,8,0.1637,2.9292,3.5708,N,,12/2005,Analyst
47-2022.00,1.A.1.a.1,Oral Comprehension,LV,3.13,8,0.2266,2.6809,3.5691,N,N,12/2005,Analyst
47-2022.00,1.A.1.a.2,Written Comprehension,IM,2.75,8,0.1637,2.4292,3.0708,N,,12/2005,Analyst
47-2022.00,1.A.1.a.2,Written Comprehension,LV,2.38,8,0.183,2.0164,2.7336,N,N,12/2005,Analyst
47-2022.00,1.A.1.a.3,Oral Expression,IM,3.25,8,0.1637,2.9292,3.5708,N,,12/2005,Analyst
47-2022.00,1.A.1.a.3,Oral Expression,LV,3.0,8,0.189,2.6296,3.3704,N,N,12/2005,Analyst
47-2022.00,1.A.1.a.4,Written Expression,IM,2.75,8,0.1637,2.4292,3.0708,N,,12/2005,Analyst
47-2022.00,1.A.1.a.4,Written Expression,LV,2.13,8,0.2266,1.6809,2.5691,N,N,12/2005,Analyst
47-2022.00,1.A.1.b.1,Fluency of Ideas,IM,2.63,8,0.183,2.2664,2.9836,N,,12/2005,Analyst
47-2022.00,1.A.1.b.1,Fluency of Ideas,LV,2.5,8,0.2673,1.9762,3.0238,N,N,12/2005,Analyst
47-2022.00,1.A.1.b.2,Originality,IM,2.75,8,0.25,2.26,3.24,N,,12/2005,Analyst
47-2022.00,1.A.1.b.2,Originality,LV,2.75,8,0.25,2.26,3.24,N,N,12/2005,Analyst
47-2022.00,1.A.1.b.3,Problem Sensitivity,IM,3.5,8,0.189,3.1296,3.8704,N,,12/2005,Analyst
47-2022.00,1.A.1.b.3,Problem Sensitivity,LV,2.88,8,0.125,2.63,3.12,N,N,12/2005,Analyst
47-2022.00,1.A.1.b.4,Deductive Reasoning,IM,3.0,8,0.0,3.0,3.0,N,,12/2005,Analyst
47-2022.00,1.A.1.b.4,Deductive Reasoning,LV,2.63,8,0.183,2.2664,2.9836,N,N,12/2005,Analyst
47-2022.00,1.A.1.b.5,Inductive Reasoning,IM,3.13,8,0.125,2.88,3.37,N,,12/2005,Analyst
47-2022.00,1.A.1.b.5,Inductive Reasoning,LV,2.75,8,0.1637,2.4292,3.0708,N,N,12/2005,Analyst
47-2022.00,1.A.1.b.6,Information Ordering,IM,3.13,8,0.125,2.88,3.37,N,,12/2005,Analyst
47-2022.00,1.A.1.b.6,Information Ordering,LV,2.75,8,0.25,2.26,3.24,N,N,12/2005,Analyst
47-2022.00,1.A.1.b.7,Category Flexibility,IM,3.0,8,0.0,3.0,3.0,N,,12/2005,Analyst
47-2022.00,1.A.1.b.7,Category Flexibility,LV,2.63,8,0.183,2.2664,2.9836,N,N,12/2005,Analyst
47-2022.00,1.A.1.c.1,Mathematical Reasoning,IM,2.38,8,0.183,2.0164,2.7336,N,,12/2005,Analyst
47-2022.00,1.A.1.c.1,Mathematical Reasoning,LV,1.63,8,0.183,1.2664,1.9836,N,N,12/2005,Analyst
47-2022.00,1.A.1.c.2,Number Facility,IM,2.5,8,0.189,2.1296,2.8704,N,,12/2005,Analyst
47-2022.00,1.A.1.c.2,Number Facility,LV,2.25,8,0.25,1.76,2.74,N,N,12/2005,Analyst
47-2022.00,1.A.1.d.1,Memorization,IM,2.38,8,0.183,2.0164,2.7336,N,,12/2005,Analyst
47-2022.00,1.A.1.d.1,Memorization,LV,2.25,8,0.25,1.76,2.74,N,N,12/2005,Analyst
47-2022.00,1.A.1.e.1,Speed of Closure,IM,2.63,8,0.183,2.2664,2.9836,N,,12/2005,Analyst
47-2022.00,1.A.1.e.1,Speed of Closure,LV,2.13,8,0.2266,1.6809,2.5691,N,N,12/2005,Analyst
47-2022.00,1.A.1.e.2,Flexibility of Closure,IM,2.75,8,0.25,2.26,3.24,N,,12/2005,Analyst
47-2022.00,1.A.1.e.2,Flexibility of Closure,LV,2.5,8,0.189,2.1296,2.8704,N,N,12/2005,Analyst
47-2022.00,1.A.1.e.3,Perceptual Speed,IM,2.5,8,0.189,2.1296,2.8704,N,,12/2005,Analyst
47-2022.00,1.A.1.e.3,Perceptual Speed,LV,2.25,8,0.1637,1.9292,2.5708,N,N,12/2005,Analyst
47-2022.00,1.A.1.f.1,Spatial Orientation,IM,2.25,8,0.25,1.76,2.74,N,,12/2005,Analyst
47-2022.00,1.A.1.f.1,Spatial Orientation,LV,1.75,8,0.366,1.0327,2.4673,N,N,12/2005,Analyst
47-2022.00,1.A.1.f.2,Visualization,IM,3.25,8,0.3134,2.6358,3.8642,N,,12/2005,Analyst
47-2022.00,1.A.1.f.2,Visualization,LV,3.38,8,0.2631,2.8594,3.8906,N,N,12/2005,Analyst
47-2022.00,1.A.1.g.1,Selective Attention,IM,3.0,8,0.3273,2.3584,3.6416,N,,12/2005,Analyst
47-2022.00,1.A.1.g.1,Selective Attention,LV,2.38,8,0.3239,1.7402,3.0098,N,N,12/2005,Analyst
47-2022.00,1.A.1.g.2,Time Sharing,IM,2.38,8,0.183,2.0164,2.7336,N,,12/2005,Analyst
47-2022.00,1.A.1.g.2,Time Sharing,LV,2.25,8,0.25,1.76,2.74,N,N,12/2005,Analyst
47-2022.00,1.A.2.a.1,Arm-Hand Steadiness,IM,3.63,8,0.183,3.2664,3.9836,N,,12/2005,Analyst
47-2022.00,1.A.2.a.1,Arm-Hand Steadiness,LV,3.25,8,0.366,2.5327,3.9673,N,N,12/2005,Analyst
47-2022.00,1.A.2.a.2,Manual Dexterity,IM,3.5,8,0.2673,2.9762,4.0238,N,,12/2005,Analyst
47-2022.00,1.A.2.a.2,Manual Dexterity,LV,3.63,8,0.375,2.89,4.36,N,N,12/2005,Analyst
47-2022.00,1.A.2.a.3,Finger Dexterity,IM,3.38,8,0.183,3.0164,3.7336,N,,12/2005,Analyst
47-2022.00,1.A.2.a.3,Finger Dexterity,LV,3.0,8,0.3273,2.3584,3.6416,N,N,12/2005,Analyst
47-2022.00,1.A.2.b.1,Control Precision,IM,2.75,8,0.1637,2.4292,3.0708,N,,12/2005,Analyst
47-2022.00,1.A.2.b.1,Control Precision,LV,3.0,8,0.189,2.6296,3.3704,N,N,12/2005,Analyst
47-2022.00,1.A.2.b.2,Multilimb Coordination,IM,3.25,8,0.3134,2.6358,3.8642,N,,12/2005,Analyst
47-2022.00,1.A.2.b.2,Multilimb Coordination,LV,3.25,8,0.3134,2.6358,3.8642,N,N,12/2005,Analyst
47-2022.00,1.A.2.b.3,Response Orientation,IM,2.38,8,0.183,2.0164,2.7336,N,,12/2005,Analyst
47-2022.00,1.A.2.b.3,Response Orientation,LV,2.38,8,0.183,2.0164,2.7336,N,N,12/2005,Analyst
47-2022.00,1.A.2.b.4,Rate Control,IM,2.25,8,0.25,1.76,2.74,N,,12/2005,Analyst
47-2022.00,1.A.2.b.4,Rate Control,LV,1.75,8,0.3134,1.1358,2.3642,N,N,12/2005,Analyst
47-2022.00,1.A.2.c.1,Reaction Time,IM,2.63,8,0.183,2.2664,2.9836,N,,12/2005,Analyst
47-2022.00,1.A.2.c.1,Reaction Time,LV,3.0,8,0.3273,2.3584,3.6416,N,N,12/2005,Analyst
47-2022.00,1.A.2.c.2,Wrist-Finger Speed,IM,2.25,8,0.1637,1.9292,2.5708,N,,12/2005,Analyst
47-2022.00,1.A.2.c.2,Wrist-Finger Speed,LV,2.0,8,0.189,1.6296,2.3704,N,N,12/2005,Analyst
47-2022.00,1.A.2.c.3,Speed of Limb Movement,IM,2.5,8,0.189,2.1296,2.8704,N,,12/2005,Analyst
47-2022.00,1.A.2.c.3,Speed of Limb Movement,LV,2.38,8,0.2631,1.8594,2.8906,N,N,12/2005,Analyst
47-2022.00,1.A.3.a.1,Static Strength,IM,3.75,8,0.3134,3.1358,4.3642,N,,12/2005,Analyst
47-2022.00,1.A.3.a.1,Static Strength,LV,4.88,8,0.4795,3.9352,5.8148,N,N,12/2005,Analyst
47-2022.00,1.A.3.a.2,Explosive Strength,IM,1.63,8,0.3239,1.0,2.2598,N,,12/2005,Analyst
47-2022.00,1.A.3.a.2,Explosive Strength,LV,0.75,8,0.4119,0.0,1.5573,N,N,12/2005,Analyst
47-2022.00,1.A.3.a.3,Dynamic Strength,IM,3.13,8,0.3981,2.3447,3.9053,N,,12/2005,Analyst
47-2022.00,1.A.3.a.3,Dynamic Strength,LV,3.25,8,0.559,2.1543,4.3457,Y,N,12/2005,Analyst
47-2022.00,1.A.3.a.4,Trunk Strength,IM,3.75,8,0.1637,3.4292,4.0708,N,,12/2005,Analyst
47-2022.00,1.A.3.a.4,Trunk Strength,LV,3.63,8,0.2631,3.1094,4.1406,N,N,12/2005,Analyst
47-2022.00,1.A.3.b.1,Stamina,IM,3.5,8,0.2673,2.9762,4.0238,N,,12/2005,Analyst
47-2022.00,1.A.3.b.1,Stamina,LV,3.13,8,0.295,2.5467,3.7033,N,N,12/2005,Analyst
47-2022.00,1.A.3.c.1,Extent Flexibility,IM,3.25,8,0.25,2.76,3.74,N,,12/2005,Analyst
47-2022.00,1.A.3.c.1,Extent Flexibility,LV,3.25,8,0.3134,2.6358,3.8642,N,N,12/2005,Analyst
47-2022.00,1.A.3.c.2,Dynamic Flexibility,IM,1.13,8,0.125,1.0,1.37,N,,12/2005,Analyst
47-2022.00,1.A.3.c.2,Dynamic Flexibility,LV,0.25,8,0.25,0.0,0.74,N,Y,12/2005,Analyst
47-2022.00,1.A.3.c.3,Gross Body Coordination,IM,3.25,8,0.3134,2.6358,3.8642,N,,12/2005,Analyst
47-2022.00,1.A.3.c.3,Gross Body Coordination,LV,2.75,8,0.3134,2.1358,3.3642,N,N,12/2005,Analyst
47-2022.00,1.A.3.c.4,Gross Body Equilibrium,IM,3.0,8,0.189,2.6296,3.3704,N,,12/2005,Analyst
47-2022.00,1.A.3.c.4,Gross Body Equilibrium,LV,2.38,8,0.183,2.0164,2.7336,N,N,12/2005,Analyst
47-2022.00,1.A.4.a.1,Near Vision,IM,3.5,8,0.189,3.1296,3.8704,N,,12/2005,Analyst
47-2022.00,1.A.4.a.1,Near Vision,LV,3.25,8,0.25,2.76,3.74,N,N,12/2005,Analyst
47-2022.00,1.A.4.a.2,Far Vision,IM,3.13,8,0.2266,2.6809,3.5691,N,,12/2005,Analyst
47-2022.00,1.A.4.a.2,Far Vision,LV,2.88,8,0.295,2.2967,3.4533,N,N,12/2005,Analyst
47-2022.00,1.A.4.a.3,Visual Color Discrimination,IM,2.63,8,0.183,2.2664,2.9836,N,,12/2005,Analyst
47-2022.00,1.A.4.a.3,Visual Color Discrimination,LV,2.5,8,0.189,2.1296,2.8704,N,N,12/2005,Analyst
47-2022.00,1.A.4.a.4,Night Vision,IM,2.0,8,0.189,1.6296,2.3704,N,,12/2005,Analyst
47-2022.00,1.A.4.a.4,Night Vision,LV,1.63,8,0.2631,1.1094,2.1406,N,N,12/2005,Analyst
47-2022.00,1.A.4.a.5,Peripheral Vision,IM,2.25,8,0.1637,1.9292,2.5708,N,,12/2005,Analyst
47-2022.00,1.A.4.a.5,Peripheral Vision,LV,1.75,8,0.25,1.26,2.24,N,N,12/2005,Analyst
47-2022.00,1.A.4.a.6,Depth Perception,IM,2.88,8,0.125,2.63,3.12,N,,12/2005,Analyst
47-2022.00,1.A.4.a.6,Depth Perception,LV,2.88,8,0.2266,2.4309,3.3191,N,N,12/2005,Analyst
47-2022.00,1.A.4.a.7,Glare Sensitivity,IM,2.0,8,0.189,1.6296,2.3704,N,,12/2005,Analyst
47-2022.00,1.A.4.a.7,Glare Sensitivity,LV,1.63,8,0.2631,1.1094,2.1406,N,N,12/2005,Analyst
47-2022.00,1.A.4.b.1,Hearing Sensitivity,IM,2.5,8,0.189,2.1296,2.8704,N,,12/2005,Analyst
47-2022.00,1.A.4.b.1,Hearing Sensitivity,LV,2.25,8,0.1637,1.9292,2.5708,N,N,12/2005,Analyst
47-2022.00,1.A.4.b.2,Auditory Attention,IM,2.5,8,0.189,2.1296,2.8704,N,,12/2005,Analyst
47-2022.00,1.A.4.b.2,Auditory Attention,LV,2.13,8,0.2266,1.6809,2.5691,N,N,12/2005,Analyst
47-2022.00,1.A.4.b.3,Sound Localization,IM,2.0,8,0.189,1.6296,2.3704,N,,12/2005,Analyst
47-2022.00,1.A.4.b.3,Sound Localization,LV,1.5,8,0.2673,0.9762,2.0238,N,N,12/2005,Analyst
47-2022.00,1.A.4.b.4,Speech Recognition,IM,3.13,8,0.125,2.88,3.37,N,,12/2005,Analyst
47-2022.00,1.A.4.b.4,Speech Recognition,LV,2.63,8,0.183,2.2664,2.9836,N,N,12/2005,Analyst
47-2022.00,1.A.4.b.5,Speech Clarity,IM,3.13,8,0.125,2.88,3.37,N,,12/2005,Analyst
47-2022.00,1.A.4.b.5,Speech Clarity,LV,2.75,8,0.1637,2.4292,3.0708,N,N,12/2005,Analyst
47-2031.00,1.A.1.a.1,Oral Comprehension,IM,3.38,8,0.183,3.0164,3.7336,N,,08/2022,Analyst
47-2031.00,1.A.1.a.1,Oral Comprehension,LV,3.62,8,0.183,3.2664,3.9836,N,N,08/2022,Analyst
47-2031.00,1.A.1.a.2,Written Comprehension,IM,3.0,8,0.0,3.0,3.0,N,,08/2022,Analyst
47-2031.00,1.A.1.a.2,Written Comprehension,LV,3.0,8,0.189,2.6296,3.3704,N,N,08/2022,Analyst
47-2031.00,1.A.1.a.3,Oral Expression,IM,3.38,8,0.183,3.0164,3.7336,N,,08/2022,Analyst
47-2031.00,1.A.1.a.3,Oral Expression,LV,3.62,8,0.183,3.2664,3.9836,N,N,08/2022,Analyst
47-2031.00,1.A.1.a.4,Written Expression,IM,2.75,8,0.1637,2.4292,3.0708,N,,08/2022,Analyst
47-2031.00,1.A.1.a.4,Written Expression,LV,2.62,8,0.2631,2.1094,3.1406,N,N,08/2022,Analyst
47-2031.00,1.A.1.b.1,Fluency of Ideas,IM,2.62,8,0.183,2.2664,2.9836,N,,08/2022,Analyst
47-2031.00,1.A.1.b.1,Fluency of Ideas,LV,2.88,8,0.125,2.63,3.12,N,N,08/2022,Analyst
47-2031.00,1.A.1.b.2,Originality,IM,2.88,8,0.125,2.63,3.12,N,,08/2022,Analyst
47-2031.00,1.A.1.b.2,Originality,LV,3.0,8,0.0,3.0,3.0,N,N,08/2022,Analyst
47-2031.00,1.A.1.b.3,Problem Sensitivity,IM,3.88,8,0.2266,3.4309,4.3191,N,,08/2022,Analyst
47-2031.00,1.A.1.b.3,Problem Sensitivity,LV,3.62,8,0.375,2.89,4.36,N,N,08/2022,Analyst
47-2031.00,1.A.1.b.4,Deductive Reasoning,IM,3.5,8,0.189,3.1296,3.8704,N,,08/2022,Analyst
47-2031.00,1.A.1.b.4,Deductive Reasoning,LV,3.5,8,0.2673,2.9762,4.0238,N,N,08/2022,Analyst
47-2031.00,1.A.1.b.5,Inductive Reasoning,IM,3.25,8,0.1637,2.9292,3.5708,N,,08/2022,Analyst
47-2031.00,1.A.1.b.5,Inductive Reasoning,LV,3.25,8,0.3134,2.6358,3.8642,N,N,08/2022,Analyst
47-2031.00,1.A.1.b.6,Information Ordering,IM,3.5,8,0.189,3.1296,3.8704,N,,08/2022,Analyst
47-2031.00,1.A.1.b.6,Information Ordering,LV,3.25,8,0.1637,2.9292,3.5708,N,N,08/2022,Analyst
47-2031.00,1.A.1.b.7,Category Flexibility,IM,3.12,8,0.125,2.88,3.37,N,,08/2022,Analyst
47-2031.00,1.A.1.b.7,Category Flexibility,LV,3.12,8,0.2266,2.6809,3.5691,N,N,08/2022,Analyst
47-2031.00,1.A.1.c.1,Mathematical Reasoning,IM,2.88,8,0.125,2.63,3.12,N,,08/2022,Analyst
47-2031.00,1.A.1.c.1,Mathematical Reasoning,LV,2.75,8,0.1637,2.4292,3.0708,N,N,08/2022,Analyst
47-2031.00,1.A.1.c.2,Number Facility,IM,2.75,8,0.1637,2.4292,3.0708,N,,08/2022,Analyst
47-2031.00,1.A.1.c.2,Number Facility,LV,2.75,8,0.1637,2.4292,3.0708,N,N,08/2022,Analyst
47-2031.00,1.A.1.d.1,Memorization,IM,2.5,8,0.189,2.1296,2.8704,N,,08/2022,Analyst
47-2031.00,1.A.1.d.1,Memorization,LV,2.38,8,0.183,2.0164,2.7336,N,N,08/2022,Analyst
47-2031.00,1.A.1.e.1,Speed of Closure,IM,2.5,8,0.189,2.1296,2.8704,N,,08/2022,Analyst
47-2031.00,1.A.1.e.1,Speed of Closure,LV,2.62,8,0.2631,2.1094,3.1406,N,N,08/2022,Analyst
47-2031.00,1.A.1.e.2,Flexibility of Closure,IM,3.0,8,0.0,3.0,3.0,N,,08/2022,Analyst
47-2031.00,1.A.1.e.2,Flexibility of Closure,LV,3.25,8,0.25,2.76,3.74,N,N,08/2022,Analyst
47-2031.00,1.A.1.e.3,Perceptual Speed,IM,3.0,8,0.0,3.0,3.0,N,,08/2022,Analyst
47-2031.00,1.A.1.e.3,Perceptual Speed,LV,3.12,8,0.125,2.88,3.37,N,N,08/2022,Analyst
47-2031.00,1.A.1.f.1,Spatial Orientation,IM,2.62,8,0.2631,2.1094,3.1406,N,,08/2022,Analyst
47-2031.00,1.A.1.f.1,Spatial Orientation,LV,2.5,8,0.3273,1.8584,3.1416,N,N,08/2022,Analyst
47-2031.00,1.A.1.f.2,Visualization,IM,3.88,8,0.125,3.63,4.12,N,,08/2022,Analyst
47-2031.00,1.A.1.f.2,Visualization,LV,4.0,8,0.2673,3.4762,4.5238,N,N,08/2022,Analyst
47-2031.00,1.A.1.g.1,Selective Attention,IM,3.12,8,0.125,2.88,3.37,N,,08/2022,Analyst
47-2031.00,1.A.1.g.1,Selective Attention,LV,3.0,8,0.0,3.0,3.0,N,N,08/2022,Analyst
47-2031.00,1.A.1.g.2,Time Sharing,IM,2.75,8,0.1637,2.4292,3.0708,N,,08/2022,Analyst
47-2031.00,1.A.1.g.2,Time Sharing,LV,2.75,8,0.25,2.26,3.24,N,N,08/2022,Analyst
47-2031.00,1.A.2.a.1,Arm-Hand Steadiness,IM,3.5,8,0.189,3.1296,3.8704,N,,08/2022,Analyst
47-2031.00,1.A.2.a.1,Arm-Hand Steadiness,LV,3.62,8,0.3239,2.9902,4.2598,N,N,08/2022,Analyst
47-2031.00,1.A.2.a.2,Manual Dexterity,IM,3.62,8,0.2631,3.1094,4.1406,N,,08/2022,Analyst
47-2031.00,1.A.2.a.2,Manual Dexterity,LV,4.0,8,0.378,3.2592,4.7408,N,N,08/2022,Analyst
47-2031.00,1.A.2.a.3,Finger Dexterity,IM,3.62,8,0.183,3.2664,3.9836,N,,08/2022,Analyst
47-2031.00,1.A.2.a.3,Finger Dexterity,LV,3.5,8,0.2673,2.9762,4.0238,N,N,08/2022,Analyst
47-2031.00,1.A.2.b.1,Control Precision,IM,3.12,8,0.295,2.5467,3.7033,N,,08/2022,Analyst
47-2031.00,1.A.2.b.1,Control Precision,LV,3.5,8,0.2673,2.9762,4.0238,N,N,08/2022,Analyst
47-2031.00,1.A.2.b.2,Multilimb Coordination,IM,3.38,8,0.2631,2.8594,3.8906,N,,08/2022,Analyst
47-2031.00,1.A.2.b.2,Multilimb Coordination,LV,3.5,8,0.2673,2.9762,4.0238,N,N,08/2022,Analyst
47-2031.00,1.A.2.b.3,Response Orientation,IM,2.75,8,0.1637,2.4292,3.0708,N,,08/2022,Analyst
47-2031.00,1.A.2.b.3,Response Orientation,LV,2.88,8,0.2266,2.4309,3.3191,N,N,08/2022,Analyst
47-2031.00,1.A.2.b.4,Rate Control,IM,2.62,8,0.2631,2.1094,3.1406,N,,08/2022,Analyst
47-2031.00,1.A.2.b.4,Rate Control,LV,2.25,8,0.366,1.5327,2.9673,N,N,08/2022,Analyst
47-2031.00,1.A.2.c.1,Reaction Time,IM,3.12,8,0.125,2.88,3.37,N,,08/2022,Analyst
47-2031.00,1.A.2.c.1,Reaction Time,LV,3.12,8,0.2266,2.6809,3.5691,N,N,08/2022,Analyst
47-2031.00,1.A.2.c.2,Wrist-Finger Speed,IM,2.75,8,0.25,2.26,3.24,N,,08/2022,Analyst
47-2031.00,1.A.2.c.2,Wrist-Finger Speed,LV,2.62,8,0.2631,2.1094,3.1406,N,N,08/2022,Analyst
47-2031.00,1.A.2.c.3,Speed of Limb Movement,IM,1.75,8,0.25,1.26,2.24,N,,08/2022,Analyst
47-2031.00,1.A.2.c.3,Speed of Limb Movement,LV,1.5,8,0.4629,0.5927,2.4073,N,N,08/2022,Analyst
47-2031.00,1.A.3.a.1,Static Strength,IM,3.38,8,0.183,3.0164,3.7336,N,,08/2022,Analyst
47-2031.00,1.A.3.a.1,Static Strength,LV,3.62,8,0.3239,2.9902,4.2598,N,N,08/2022,Analyst
47-2031.00,1.A.3.a.2,Explosive Strength,IM,3.0,8,0.2673,2.4762,3.5238,N,,08/2022,Analyst
47-2031.00,1.A.3.a.2,Explosive Strength,LV,2.62,8,0.2631,2.1094,3.1406,N,N,08/2022,Analyst
47-2031.00,1.A.3.a.3,Dynamic Strength,IM,2.88,8,0.125,2.63,3.12,N,,08/2022,Analyst
47-2031.00,1.A.3.a.3,Dynamic Strength,LV,3.0,8,0.3273,2.3584,3.6416,N,N,08/2022,Analyst
47-2031.00,1.A.3.a.4,Trunk Strength,IM,3.5,8,0.189,3.1296,3.8704,N,,08/2022,Analyst
47-2031.00,1.A.3.a.4,Trunk Strength,LV,3.5,8,0.189,3.1296,3.8704,N,N,08/2022,Analyst
47-2031.00,1.A.3.b.1,Stamina,IM,2.62,8,0.183,2.2664,2.9836,N,,08/2022,Analyst
47-2031.00,1.A.3.b.1,Stamina,LV,2.62,8,0.183,2.2664,2.9836,N,N,08/2022,Analyst
47-2031.00,1.A.3.c.1,Extent Flexibility,IM,2.75,8,0.3134,2.1358,3.3642,N,,08/2022,Analyst
47-2031.00,1.A.3.c.1,Extent Flexibility,LV,3.0,8,0.5,2.02,3.98,N,N,08/2022,Analyst
47-2031.00,1.A.3.c.2,Dynamic Flexibility,IM,1.62,8,0.2631,1.1094,2.1406,N,,08/2022,Analyst
47-2031.00,1.A.3.c.2,Dynamic Flexibility,LV,0.88,8,0.3981,0.0947,1.6553,N,N,08/2022,Analyst
47-2031.00,1.A.3.c.3,Gross Body Coordination,IM,2.38,8,0.183,2.0164,2.7336,N,,08/2022,Analyst
47-2031.00,1.A.3.c.3,Gross Body Coordination,LV,2.38,8,0.183,2.0164,2.7336,N,N,08/2022,Analyst
47-2031.00,1.A.3.c.4,Gross Body Equilibrium,IM,2.75,8,0.3134,2.1358,3.3642,N,,08/2022,Analyst
47-2031.00,1.A.3.c.4,Gross Body Equilibrium,LV,2.62,8,0.375,1.89,3.36,N,N,08/2022,Analyst
47-2031.00,1.A.4.a.1,Near Vision,IM,3.62,8,0.183,3.2664,3.9836,N,,08/2022,Analyst
47-2031.00,1.A.4.a.1,Near Vision,LV,3.5,8,0.3273,2.8584,4.1416,N,N,08/2022,Analyst
47-2031.00,1.A.4.a.2,Far Vision,IM,3.38,8,0.183,3.0164,3.7336,N,,08/2022,Analyst
47-2031.00,1.A.4.a.2,Far Vision,LV,3.0,8,0.189,2.6296,3.3704,N,N,08/2022,Analyst
47-2031.00,1.A.4.a.3,Visual Color Discrimination,IM,2.62,8,0.2631,2.1094,3.1406,N,,08/2022,Analyst
47-2031.00,1.A.4.a.3,Visual Color Discrimination,LV,2.88,8,0.4795,1.9352,3.8148,N,N,08/2022,Analyst
47-2031.00,1.A.4.a.4,Night Vision,IM,1.75,8,0.1637,1.4292,2.0708,N,,08/2022,Analyst
47-2031.00,1.A.4.a.4,Night Vision,LV,1.38,8,0.3239,0.7402,2.0098,N,N,08/2022,Analyst
47-2031.00,1.A.4.a.5,Peripheral Vision,IM,2.12,8,0.2266,1.6809,2.5691,N,,08/2022,Analyst
47-2031.00,1.A.4.a.5,Peripheral Vision,LV,2.12,8,0.3981,1.3447,2.9053,N,N,08/2022,Analyst
47-2031.00,1.A.4.a.6,Depth Perception,IM,2.75,8,0.1637,2.4292,3.0708,N,,08/2022,Analyst
47-2031.00,1.A.4.a.6,Depth Perception,LV,2.88,8,0.2266,2.4309,3.3191,N,N,08/2022,Analyst
47-2031.00,1.A.4.a.7,Glare Sensitivity,IM,1.88,8,0.2266,1.4309,2.3191,N,,08/2022,Analyst
47-2031.00,1.A.4.a.7,Glare Sensitivity,LV,1.62,8,0.375,0.89,2.36,N,N,08/2022,Analyst
47-2031.00,1.A.4.b.1,Hearing Sensitivity,IM,2.62,8,0.183,2.2664,2.9836,N,,08/2022,Analyst
47-2031.00,1.A.4.b.1,Hearing Sensitivity,LV,2.5,8,0.189,2.1296,2.8704,N,N,08/2022,Analyst
47-2031.00,1.A.4.b.2,Auditory Attention,IM,2.88,8,0.125,2.63,3.12,N,,08/2022,Analyst
47-2031.00,1.A.4.b.2,Auditory Attention,LV,2.75,8,0.1637,2.4292,3.0708,N,N,08/2022,Analyst
47-2031.00,1.A.4.b.3,Sound Localization,IM,1.88,8,0.2266,1.4309,2.3191,N,,08/2022,Analyst
47-2031.00,1.A.4.b.3,Sound Localization,LV,1.5,8,0.378,0.7592,2.2408,N,N,08/2022,Analyst
47-2031.00,1.A.4.b.4,Speech Recognition,IM,3.0,8,0.0,3.0,3.0,N,,08/2022,Analyst
47-2031.00,1.A.4.b.4,Speech Recognition,LV,3.0,8,0.189,2.6296,3.3704,N,N,08/2022,Analyst
47-2031.00,1.A.4.b.5,Speech Clarity,IM,3.0,8,0.0,3.0,3.0,N,,08/2022,Analyst
47-2031.00,1.A.4.b.5,Speech Clarity,LV,2.88,8,0.125,2.63,3.12,N,N,08/2022,Analyst
47-2041.00,1.A.1.a.1,Oral Comprehension,IM,3.0,8,0.189,2.6296,3.3704,N,,07/2011,Analyst
47-2041.00,1.A.1.a.1,Oral Comprehension,LV,3.38,8,0.183,3.0164,3.7336,N,N,07/2011,Analyst
47-2041.00,1.A.1.a.2,Written Comprehension,IM,2.62,8,0.183,2.2664,2.9836,N,,07/2011,Analyst
47-2041.00,1.A.1.a.2,Written Comprehension,LV,2.5,8,0.189,2.1296,2.8704,N,N,07/2011,Analyst
47-2041.00,1.A.1.a.3,Oral Expression,IM,3.12,8,0.2266,2.6809,3.5691,N,,07/2011,Analyst
47-2041.00,1.A.1.a.3,Oral Expression,LV,3.12,8,0.2266,2.6809,3.5691,N,N,07/2011,Analyst
47-2041.00,1.A.1.a.4,Written Expression,IM,2.38,8,0.2631,1.8594,2.8906,N,,07/2011,Analyst
47-2041.00,1.A.1.a.4,Written Expression,LV,1.75,8,0.3134,1.1358,2.3642,N,N,07/2011,Analyst
47-2041.00,1.A.1.b.1,Fluency of Ideas,IM,2.5,8,0.189,2.1296,2.8704,N,,07/2011,Analyst
47-2041.00,1.A.1.b.1,Fluency of Ideas,LV,2.38,8,0.183,2.0164,2.7336,N,N,07/2011,Analyst
47-2041.00,1.A.1.b.2,Originality,IM,2.25,8,0.1637,1.9292,2.5708,N,,07/2011,Analyst
47-2041.00,1.A.1.b.2,Originality,LV,2.12,8,0.2266,1.6809,2.5691,N,N,07/2011,Analyst
47-2041.00,1.A.1.b.3,Problem Sensitivity,IM,3.62,8,0.183,3.2664,3.9836,N,,07/2011,Analyst
47-2041.00,1.A.1.b.3,Problem Sensitivity,LV,2.88,8,0.125,2.63,3.12,N,N,07/2011,Analyst
47-2041.00,1.A.1.b.4,Deductive Reasoning,IM,3.0,8,0.0,3.0,3.0,N,,07/2011,Analyst
47-2041.00,1.A.1.b.4,Deductive Reasoning,LV,2.75,8,0.1637,2.4292,3.0708,N,N,07/2011,Analyst
47-2041.00,1.A.1.b.5,Inductive Reasoning,IM,2.88,8,0.125,2.63,3.12,N,,07/2011,Analyst
47-2041.00,1.A.1.b.5,Inductive Reasoning,LV,2.75,8,0.1637,2.4292,3.0708,N,N,07/2011,Analyst
47-2041.00,1.A.1.b.6,Information Ordering,IM,3.0,8,0.0,3.0,3.0,N,,07/2011,Analyst
47-2041.00,1.A.1.b.6,Information Ordering,LV,3.0,8,0.0,3.0,3.0,N,N,07/2011,Analyst
47-2041.00,1.A.1.b.7,Category Flexibility,IM,2.75,8,0.1637,2.4292,3.0708,N,,07/2011,Analyst
47-2041.00,1.A.1.b.7,Category Flexibility,LV,2.75,8,0.1637,2.4292,3.0708,N,N,07/2011,Analyst
47-2041.00,1.A.1.c.1,Mathematical Reasoning,IM,2.88,8,0.2266,2.4309,3.3191,N,,07/2011,Analyst
47-2041.00,1.A.1.c.1,Mathematical Reasoning,LV,2.12,8,0.2266,1.6809,2.5691,N,N,07/2011,Analyst
47-2041.00,1.A.1.c.2,Number Facility,IM,2.88,8,0.2266,2.4309,3.3191,N,,07/2011,Analyst
47-2041.00,1.A.1.c.2,Number Facility,LV,2.38,8,0.183,2.0164,2.7336,N,N,07/2011,Analyst
47-2041.00,1.A.1.d.1,Memorization,IM,2.12,8,0.125,1.88,2.37,N,,07/2011,Analyst
47-2041.00,1.A.1.d.1,Memorization,LV,2.0,8,0.189,1.6296,2.3704,N,N,07/2011,Analyst
47-2041.00,1.A.1.e.1,Speed of Closure,IM,2.0,8,0.0,2.0,2.0,N,,07/2011,Analyst
47-2041.00,1.A.1.e.1,Speed of Closure,LV,2.0,8,0.0,2.0,2.0,N,N,07/2011,Analyst
47-2041.00,1.A.1.e.2,Flexibility of Closure,IM,2.88,8,0.125,2.63,3.12,N,,07/2011,Analyst
47-2041.00,1.A.1.e.2,Flexibility of Closure,LV,3.0,8,0.189,2.6296,3.3704,N,N,07/2011,Analyst
47-2041.00,1.A.1.e.3,Perceptual Speed,IM,2.75,8,0.1637,2.4292,3.0708,N,,07/2011,Analyst
47-2041.00,1.A.1.e.3,Perceptual Speed,LV,2.38,8,0.2631,1.8594,2.8906,N,N,07/2011,Analyst
47-2041.00,1.A.1.f.1,Spatial Orientation,IM,2.25,8,0.1637,1.9292,2.5708,N,,07/2011,Analyst
47-2041.00,1.A.1.f.1,Spatial Orientation,LV,2.0,8,0.189,1.6296,2.3704,N,N,07/2011,Analyst
47-2041.00,1.A.1.f.2,Visualization,IM,3.25,8,0.1637,2.9292,3.5708,N,,07/2011,Analyst
47-2041.00,1.A.1.f.2,Visualization,LV,3.5,8,0.189,3.1296,3.8704,N,N,07/2011,Analyst
47-2041.00,1.A.1.g.1,Selective Attention,IM,3.0,8,0.0,3.0,3.0,N,,07/2011,Analyst
47-2041.00,1.A.1.g.1,Selective Attention,LV,2.62,8,0.183,2.2664,2.9836,N,N,07/2011,Analyst
47-2041.00,1.A.1.g.2,Time Sharing,IM,2.75,8,0.1637,2.4292,3.0708,N,,07/2011,Analyst
47-2041.00,1.A.1.g.2,Time Sharing,LV,2.25,8,0.25,1.76,2.74,N,N,07/2011,Analyst
47-2041.00,1.A.2.a.1,Arm-Hand Steadiness,IM,3.25,8,0.1637,2.9292,3.5708,N,,07/2011,Analyst
47-2041.00,1.A.2.a.1,Arm-Hand Steadiness,LV,3.12,8,0.125,2.88,3.37,N,N,07/2011,Analyst
47-2041.00,1.A.2.a.2,Manual Dexterity,IM,3.25,8,0.1637,2.9292,3.5708,N,,07/2011,Analyst
47-2041.00,1.A.2.a.2,Manual Dexterity,LV,2.88,8,0.125,2.63,3.12,N,N,07/2011,Analyst
47-2041.00,1.A.2.a.3,Finger Dexterity,IM,3.12,8,0.125,2.88,3.37,N,,07/2011,Analyst
47-2041.00,1.A.2.a.3,Finger Dexterity,LV,2.88,8,0.125,2.63,3.12,N,N,07/2011,Analyst
47-2041.00,1.A.2.b.1,Control Precision,IM,2.88,8,0.2266,2.4309,3.3191,N,,07/2011,Analyst
47-2041.00,1.A.2.b.1,Control Precision,LV,2.88,8,0.125,2.63,3.12,N,N,07/2011,Analyst
47-2041.00,1.A.2.b.2,Multilimb Coordination,IM,3.12,8,0.125,2.88,3.37,N,,07/2011,Analyst
47-2041.00,1.A.2.b.2,Multilimb Coordination,LV,2.75,8,0.1637,2.4292,3.0708,N,N,07/2011,Analyst
47-2041.00,1.A.2.b.3,Response Orientation,IM,2.0,8,0.0,2.0,2.0,N,,07/2011,Analyst
47-2041.00,1.A.2.b.3,Response Orientation,LV,1.62,8,0.183,1.2664,1.9836,N,N,07/2011,Analyst
47-2041.00,1.A.2.b.4,Rate Control,IM,1.88,8,0.125,1.63,2.12,N,,07/2011,Analyst
47-2041.00,1.A.2.b.4,Rate Control,LV,1.38,8,0.2631,0.8594,1.8906,N,N,07/2011,Analyst
47-2041.00,1.A.2.c.1,Reaction Time,IM,2.12,8,0.125,1.88,2.37,N,,07/2011,Analyst
47-2041.00,1.A.2.c.1,Reaction Time,LV,2.12,8,0.125,1.88,2.37,N,N,07/2011,Analyst
47-2041.00,1.A.2.c.2,Wrist-Finger Speed,IM,2.25,8,0.1637,1.9292,2.5708,N,,07/2011,Analyst
47-2041.00,1.A.2.c.2,Wrist-Finger Speed,LV,2.12,8,0.2266,1.6809,2.5691,N,N,07/2011,Analyst
47-2041.00,1.A.2.c.3,Speed of Limb Movement,IM,2.62,8,0.183,2.2664,2.9836,N,,07/2011,Analyst
47-2041.00,1.A.2.c.3,Speed of Limb Movement,LV,2.25,8,0.1637,1.9292,2.5708,N,N,07/2011,Analyst
47-2041.00,1.A.3.a.1,Static Strength,IM,3.5,8,0.189,3.1296,3.8704,N,,07/2011,Analyst
47-2041.00,1.A.3.a.1,Static Strength,LV,4.25,8,0.25,3.76,4.74,N,N,07/2011,Analyst
47-2041.00,1.A.3.a.2,Explosive Strength,IM,1.75,8,0.25,1.26,2.24,N,,07/2011,Analyst
47-2041.00,1.A.3.a.2,Explosive Strength,LV,1.25,8,0.4119,0.4427,2.0573,N,N,07/2011,Analyst
47-2041.00,1.A.3.a.3,Dynamic Strength,IM,3.0,8,0.189,2.6296,3.3704,N,,07/2011,Analyst
47-2041.00,1.A.3.a.3,Dynamic Strength,LV,3.12,8,0.2266,2.6809,3.5691,N,N,07/2011,Analyst
47-2041.00,1.A.3.a.4,Trunk Strength,IM,3.62,8,0.183,3.2664,3.9836,N,,07/2011,Analyst
47-2041.00,1.A.3.a.4,Trunk Strength,LV,3.62,8,0.183,3.2664,3.9836,N,N,07/2011,Analyst
47-2041.00,1.A.3.b.1,Stamina,IM,3.12,8,0.125,2.88,3.37,N,,07/2011,Analyst
47-2041.00,1.A.3.b.1,Stamina,LV,3.0,8,0.189,2.6296,3.3704,N,N,07/2011,Analyst
47-2041.00,1.A.3.c.1,Extent Flexibility,IM,3.62,8,0.183,3.2664,3.9836,N,,07/2011,Analyst
47-2041.00,1.A.3.c.1,Extent Flexibility,LV,3.88,8,0.125,3.63,4.12,N,N,07/2011,Analyst
47-2041.00,1.A.3.c.2,Dynamic Flexibility,IM,1.5,8,0.189,1.1296,1.8704,N,,07/2011,Analyst
47-2041.00,1.A.3.c.2,Dynamic Flexibility,LV,0.75,8,0.3134,0.1358,1.3642,N,N,07/2011,Analyst
47-2041.00,1.A.3.c.3,Gross Body Coordination,IM,2.88,8,0.125,2.63,3.12,N,,07/2011,Analyst
47-2041.00,1.A.3.c.3,Gross Body Coordination,LV,2.5,8,0.189,2.1296,2.8704,N,N,07/2011,Analyst
47-2041.00,1.A.3.c.4,Gross Body Equilibrium,IM,2.75,8,0.1637,2.4292,3.0708,N,,07/2011,Analyst
47-2041.00,1.A.3.c.4,Gross Body Equilibrium,LV,1.88,8,0.125,1.63,2.12,N,N,07/2011,Analyst
47-2041.00,1.A.4.a.1,Near Vision,IM,3.5,8,0.189,3.1296,3.8704,N,,07/2011,Analyst
47-2041.00,1.A.4.a.1,Near Vision,LV,3.12,8,0.125,2.88,3.37,N,N,07/2011,Analyst
47-2041.00,1.A.4.a.2,Far Vision,IM,3.0,8,0.189,2.6296,3.3704,N,,07/2011,Analyst
47-2041.00,1.A.4.a.2,Far Vision,LV,2.88,8,0.125,2.63,3.12,N,N,07/2011,Analyst
47-2041.00,1.A.4.a.3,Visual Color Discrimination,IM,2.88,8,0.125,2.63,3.12,N,,07/2011,Analyst
47-2041.00,1.A.4.a.3,Visual Color Discrimination,LV,2.62,8,0.183,2.2664,2.9836,N,N,07/2011,Analyst
47-2041.00,1.A.4.a.4,Night Vision,IM,1.62,8,0.183,1.2664,1.9836,N,,07/2011,Analyst
47-2041.00,1.A.4.a.4,Night Vision,LV,1.0,8,0.3273,0.3584,1.6416,N,N,07/2011,Analyst
47-2041.00,1.A.4.a.5,Peripheral Vision,IM,2.0,8,0.0,2.0,2.0,N,,07/2011,Analyst
47-2041.00,1.A.4.a.5,Peripheral Vision,LV,1.38,8,0.183,1.0164,1.7336,N,N,07/2011,Analyst
47-2041.00,1.A.4.a.6,Depth Perception,IM,3.0,8,0.0,3.0,3.0,N,,07/2011,Analyst
47-2041.00,1.A.4.a.6,Depth Perception,LV,2.38,8,0.183,2.0164,2.7336,N,N,07/2011,Analyst
47-2041.00,1.A.4.a.7,Glare Sensitivity,IM,2.0,8,0.0,2.0,2.0,N,,07/2011,Analyst
47-2041.00,1.A.4.a.7,Glare Sensitivity,LV,2.0,8,0.0,2.0,2.0,N,N,07/2011,Analyst
47-2041.00,1.A.4.b.1,Hearing Sensitivity,IM,2.38,8,0.183,2.0164,2.7336,N,,07/2011,Analyst
47-2041.00,1.A.4.b.1,Hearing Sensitivity,LV,2.12,8,0.125,1.88,2.37,N,N,07/2011,Analyst
47-2041.00,1.A.4.b.2,Auditory Attention,IM,2.25,8,0.1637,1.9292,2.5708,N,,07/2011,Analyst
47-2041.00,1.A.4.b.2,Auditory Attention,LV,2.12,8,0.125,1.88,2.37,N,N,07/2011,Analyst
47-2041.00,1.A.4.b.3,Sound Localization,IM,1.75,8,0.1637,1.4292,2.0708,N,,07/2011,Analyst
47-2041.00,1.A.4.b.3,Sound Localization,LV,1.0,8,0.2673,0.4762,1.5238,N,N,07/2011,Analyst
47-2041.00,1.A.4.b.4,Speech Recognition,IM,3.25,8,0.25,2.76,3.74,N,,07/2011,Analyst
47-2041.00,1.A.4.b.4,Speech Recognition,LV,2.88,8,0.2266,2.4309,3.3191,N,N,07/2011,Analyst
47-2041.00,1.A.4.b.5,Speech Clarity,IM,2.75,8,0.1637,2.4292,3.0708,N,,07/2011,Analyst
47-2041.00,1.A.4.b.5,Speech Clarity,LV,2.38,8,0.2631,1.8594,2.8906,N,N,07/2011,Analyst
47-2042.00,1.A.1.a.1,Oral Comprehension,IM,3.38,8,0.183,3.0164,3.7336,N,,12/2005,Analyst
47-2042.00,1.A.1.a.1,Oral Comprehension,LV,3.63,8,0.183,3.2664,3.9836,N,N,12/2005,Analyst
47-2042.00,1.A.1.a.2,Written Comprehension,IM,2.75,8,0.1637,2.4292,3.0708,N,,12/2005,Analyst
47-2042.00,1.A.1.a.2,Written Comprehension,LV,2.88,8,0.125,2.63,3.12,N,N,12/2005,Analyst
47-2042.00,1.A.1.a.3,Oral Expression,IM,3.13,8,0.2266,2.6809,3.5691,N,,12/2005,Analyst
47-2042.00,1.A.1.a.3,Oral Expression,LV,3.13,8,0.2266,2.6809,3.5691,N,N,12/2005,Analyst
47-2042.00,1.A.1.a.4,Written Expression,IM,2.5,8,0.189,2.1296,2.8704,N,,12/2005,Analyst
47-2042.00,1.A.1.a.4,Written Expression,LV,2.13,8,0.295,1.5467,2.7033,N,N,12/2005,Analyst
47-2042.00,1.A.1.b.1,Fluency of Ideas,IM,2.5,8,0.189,2.1296,2.8704,N,,12/2005,Analyst
47-2042.00,1.A.1.b.1,Fluency of Ideas,LV,2.13,8,0.125,1.88,2.37,N,N,12/2005,Analyst
47-2042.00,1.A.1.b.2,Originality,IM,2.63,8,0.2631,2.1094,3.1406,N,,12/2005,Analyst
47-2042.00,1.A.1.b.2,Originality,LV,2.13,8,0.3504,1.4383,2.8117,N,N,12/2005,Analyst
47-2042.00,1.A.1.b.3,Problem Sensitivity,IM,3.13,8,0.295,2.5467,3.7033,N,,12/2005,Analyst
47-2042.00,1.A.1.b.3,Problem Sensitivity,LV,2.63,8,0.183,2.2664,2.9836,N,N,12/2005,Analyst
47-2042.00,1.A.1.b.4,Deductive Reasoning,IM,3.0,8,0.189,2.6296,3.3704,N,,12/2005,Analyst
47-2042.00,1.A.1.b.4,Deductive Reasoning,LV,3.0,8,0.189,2.6296,3.3704,N,N,12/2005,Analyst
47-2042.00,1.A.1.b.5,Inductive Reasoning,IM,2.88,8,0.2266,2.4309,3.3191,N,,12/2005,Analyst
47-2042.00,1.A.1.b.5,Inductive Reasoning,LV,2.88,8,0.2266,2.4309,3.3191,N,N,12/2005,Analyst
47-2042.00,1.A.1.b.6,Information Ordering,IM,3.0,8,0.0,3.0,3.0,N,,12/2005,Analyst
47-2042.00,1.A.1.b.6,Information Ordering,LV,3.0,8,0.2673,2.4762,3.5238,N,N,12/2005,Analyst
47-2042.00,1.A.1.b.7,Category Flexibility,IM,2.63,8,0.2631,2.1094,3.1406,N,,12/2005,Analyst
47-2042.00,1.A.1.b.7,Category Flexibility,LV,2.63,8,0.4199,1.8019,3.4481,N,N,12/2005,Analyst
47-2042.00,1.A.1.c.1,Mathematical Reasoning,IM,1.75,8,0.25,1.26,2.24,N,,12/2005,Analyst
47-2042.00,1.A.1.c.1,Mathematical Reasoning,LV,1.0,8,0.3273,0.3584,1.6416,N,N,12/2005,Analyst
47-2042.00,1.A.1.c.2,Number Facility,IM,2.0,8,0.189,1.6296,2.3704,N,,12/2005,Analyst
47-2042.00,1.A.1.c.2,Number Facility,LV,1.38,8,0.2631,0.8594,1.8906,N,N,12/2005,Analyst
47-2042.00,1.A.1.d.1,Memorization,IM,1.5,8,0.189,1.1296,1.8704,N,,12/2005,Analyst
47-2042.00,1.A.1.d.1,Memorization,LV,0.63,8,0.2631,0.1094,1.1406,N,N,12/2005,Analyst
47-2042.00,1.A.1.e.1,Speed of Closure,IM,1.75,8,0.25,1.26,2.24,N,,12/2005,Analyst
47-2042.00,1.A.1.e.1,Speed of Closure,LV,1.38,8,0.4605,0.4724,2.2776,N,N,12/2005,Analyst
47-2042.00,1.A.1.e.2,Flexibility of Closure,IM,2.25,8,0.25,1.76,2.74,N,,12/2005,Analyst
47-2042.00,1.A.1.e.2,Flexibility of Closure,LV,2.13,8,0.3504,1.4383,2.8117,N,N,12/2005,Analyst
47-2042.00,1.A.1.e.3,Perceptual Speed,IM,2.13,8,0.295,1.5467,2.7033,N,,12/2005,Analyst
47-2042.00,1.A.1.e.3,Perceptual Speed,LV,1.75,8,0.4532,0.8618,2.6382,N,N,12/2005,Analyst
47-2042.00,1.A.1.f.1,Spatial Orientation,IM,1.63,8,0.183,1.2664,1.9836,N,,12/2005,Analyst
47-2042.00,1.A.1.f.1,Spatial Orientation,LV,1.0,8,0.3273,0.3584,1.6416,N,N,12/2005,Analyst
47-2042.00,1.A.1.f.2,Visualization,IM,2.88,8,0.125,2.63,3.12,N,,12/2005,Analyst
47-2042.00,1.A.1.f.2,Visualization,LV,3.5,8,0.189,3.1296,3.8704,N,N,12/2005,Analyst
47-2042.00,1.A.1.g.1,Selective Attention,IM,2.88,8,0.2266,2.4309,3.3191,N,,12/2005,Analyst
47-2042.00,1.A.1.g.1,Selective Attention,LV,2.88,8,0.295,2.2967,3.4533,N,N,12/2005,Analyst
47-2042.00,1.A.1.g.2,Time Sharing,IM,2.13,8,0.125,1.88,2.37,N,,12/2005,Analyst
47-2042.00,1.A.1.g.2,Time Sharing,LV,2.5,8,0.189,2.1296,2.8704,N,N,12/2005,Analyst
47-2042.00,1.A.2.a.1,Arm-Hand Steadiness,IM,3.38,8,0.183,3.0164,3.7336,N,,12/2005,Analyst
47-2042.00,1.A.2.a.1,Arm-Hand Steadiness,LV,3.0,8,0.2673,2.4762,3.5238,N,N,12/2005,Analyst
47-2042.00,1.A.2.a.2,Manual Dexterity,IM,3.13,8,0.125,2.88,3.37,N,,12/2005,Analyst
47-2042.00,1.A.2.a.2,Manual Dexterity,LV,3.13,8,0.2266,2.6809,3.5691,N,N,12/2005,Analyst
47-2042.00,1.A.2.a.3,Finger Dexterity,IM,3.13,8,0.125,2.88,3.37,N,,12/2005,Analyst
47-2042.00,1.A.2.a.3,Finger Dexterity,LV,2.75,8,0.25,2.26,3.24,N,N,12/2005,Analyst
47-2042.00,1.A.2.b.1,Control Precision,IM,2.75,8,0.1637,2.4292,3.0708,N,,12/2005,Analyst
47-2042.00,1.A.2.b.1,Control Precision,LV,2.88,8,0.2266,2.4309,3.3191,N,N,12/2005,Analyst
47-2042.00,1.A.2.b.2,Multilimb Coordination,IM,2.63,8,0.183,2.2664,2.9836,N,,12/2005,Analyst
47-2042.00,1.A.2.b.2,Multilimb Coordination,LV,2.88,8,0.125,2.63,3.12,N,N,12/2005,Analyst
47-2042.00,1.A.2.b.3,Response Orientation,IM,1.75,8,0.25,1.26,2.24,N,,12/2005,Analyst
47-2042.00,1.A.2.b.3,Response Orientation,LV,1.25,8,0.4532,0.3618,2.1382,N,N,12/2005,Analyst
47-2042.00,1.A.2.b.4,Rate Control,IM,1.88,8,0.2266,1.4309,2.3191,N,,12/2005,Analyst
47-2042.00,1.A.2.b.4,Rate Control,LV,1.5,8,0.4226,0.6717,2.3283,N,N,12/2005,Analyst
47-2042.00,1.A.2.c.1,Reaction Time,IM,2.0,8,0.2673,1.4762,2.5238,N,,12/2005,Analyst
47-2042.00,1.A.2.c.1,Reaction Time,LV,2.0,8,0.5345,0.9523,3.0477,Y,N,12/2005,Analyst
47-2042.00,1.A.2.c.2,Wrist-Finger Speed,IM,1.75,8,0.25,1.26,2.24,N,,12/2005,Analyst
47-2042.00,1.A.2.c.2,Wrist-Finger Speed,LV,1.25,8,0.491,0.2877,2.2123,N,N,12/2005,Analyst
47-2042.00,1.A.2.c.3,Speed of Limb Movement,IM,1.5,8,0.189,1.1296,1.8704,N,,12/2005,Analyst
47-2042.00,1.A.2.c.3,Speed of Limb Movement,LV,0.88,8,0.3981,0.0947,1.6553,N,N,12/2005,Analyst
47-2042.00,1.A.3.a.1,Static Strength,IM,3.13,8,0.2266,2.6809,3.5691,N,,12/2005,Analyst
47-2042.00,1.A.3.a.1,Static Strength,LV,3.13,8,0.125,2.88,3.37,N,N,12/2005,Analyst
47-2042.00,1.A.3.a.2,Explosive Strength,IM,1.0,8,0.0,1.0,1.0,N,,12/2005,Analyst
47-2042.00,1.A.3.a.2,Explosive Strength,LV,0.0,8,0.0,0.0,0.0,N,Y,12/2005,Analyst
47-2042.00,1.A.3.a.3,Dynamic Strength,IM,2.75,8,0.1637,2.4292,3.0708,N,,12/2005,Analyst
47-2042.00,1.A.3.a.3,Dynamic Strength,LV,2.63,8,0.183,2.2664,2.9836,N,N,12/2005,Analyst
47-2042.00,1.A.3.a.4,Trunk Strength,IM,2.88,8,0.125,2.63,3.12,N,,12/2005,Analyst
47-2042.00,1.A.3.a.4,Trunk Strength,LV,3.5,8,0.189,3.1296,3.8704,N,N,12/2005,Analyst
47-2042.00,1.A.3.b.1,Stamina,IM,2.5,8,0.3273,1.8584,3.1416,N,,12/2005,Analyst
47-2042.00,1.A.3.b.1,Stamina,LV,2.13,8,0.3504,1.4383,2.8117,N,N,12/2005,Analyst
47-2042.00,1.A.3.c.1,Extent Flexibility,IM,3.5,8,0.189,3.1296,3.8704,N,,12/2005,Analyst
47-2042.00,1.A.3.c.1,Extent Flexibility,LV,3.5,8,0.2673,2.9762,4.0238,N,N,12/2005,Analyst
47-2042.00,1.A.3.c.2,Dynamic Flexibility,IM,1.38,8,0.2631,1.0,1.8906,N,,12/2005,Analyst
47-2042.00,1.A.3.c.2,Dynamic Flexibility,LV,0.5,8,0.378,0.0,1.2408,N,Y,12/2005,Analyst
47-2042.00,1.A.3.c.3,Gross Body Coordination,IM,2.13,8,0.3504,1.4383,2.8117,N,,12/2005,Analyst
47-2042.00,1.A.3.c.3,Gross Body Coordination,LV,1.75,8,0.4119,0.9427,2.5573,N,N,12/2005,Analyst
47-2042.00,1.A.3.c.4,Gross Body Equilibrium,IM,1.88,8,0.2266,1.4309,2.3191,N,,12/2005,Analyst
47-2042.00,1.A.3.c.4,Gross Body Equilibrium,LV,1.38,8,0.375,0.64,2.11,N,N,12/2005,Analyst
47-2042.00,1.A.4.a.1,Near Vision,IM,3.5,8,0.189,3.1296,3.8704,N,,12/2005,Analyst
47-2042.00,1.A.4.a.1,Near Vision,LV,3.5,8,0.189,3.1296,3.8704,N,N,12/2005,Analyst
47-2042.00,1.A.4.a.2,Far Vision,IM,2.38,8,0.2631,1.8594,2.8906,N,,12/2005,Analyst
47-2042.00,1.A.4.a.2,Far Vision,LV,2.63,8,0.4199,1.8019,3.4481,N,N,12/2005,Analyst
47-2042.00,1.A.4.a.3,Visual Color Discrimination,IM,2.13,8,0.2266,1.6809,2.5691,N,,12/2005,Analyst
47-2042.00,1.A.4.a.3,Visual Color Discrimination,LV,2.13,8,0.3981,1.3447,2.9053,N,N,12/2005,Analyst
47-2042.00,1.A.4.a.4,Night Vision,IM,1.75,8,0.25,1.26,2.24,N,,12/2005,Analyst
47-2042.00,1.A.4.a.4,Night Vision,LV,1.0,8,0.378,0.2592,1.7408,N,N,12/2005,Analyst
47-2042.00,1.A.4.a.5,Peripheral Vision,IM,1.5,8,0.189,1.1296,1.8704,N,,12/2005,Analyst
47-2042.00,1.A.4.a.5,Peripheral Vision,LV,0.5,8,0.189,0.1296,0.8704,N,N,12/2005,Analyst
47-2042.00,1.A.4.a.6,Depth Perception,IM,2.13,8,0.2266,1.6809,2.5691,N,,12/2005,Analyst
47-2042.00,1.A.4.a.6,Depth Perception,LV,2.13,8,0.3504,1.4383,2.8117,N,N,12/2005,Analyst
47-2042.00,1.A.4.a.7,Glare Sensitivity,IM,1.63,8,0.183,1.2664,1.9836,N,,12/2005,Analyst
47-2042.00,1.A.4.a.7,Glare Sensitivity,LV,1.25,8,0.4119,0.4427,2.0573,N,N,12/2005,Analyst
47-2042.00,1.A.4.b.1,Hearing Sensitivity,IM,1.88,8,0.2266,1.4309,2.3191,N,,12/2005,Analyst
47-2042.00,1.A.4.b.1,Hearing Sensitivity,LV,1.63,8,0.4199,0.8019,2.4481,N,N,12/2005,Analyst
47-2042.00,1.A.4.b.2,Auditory Attention,IM,2.13,8,0.125,1.88,2.37,N,,12/2005,Analyst
47-2042.00,1.A.4.b.2,Auditory Attention,LV,2.25,8,0.1637,1.9292,2.5708,N,N,12/2005,Analyst
47-2042.00,1.A.4.b.3,Sound Localization,IM,1.5,8,0.2673,1.0,2.0238,N,,12/2005,Analyst
47-2042.00,1.A.4.b.3,Sound Localization,LV,0.5,8,0.2673,0.0,1.0238,N,N,12/2005,Analyst
47-2042.00,1.A.4.b.4,Speech Recognition,IM,2.88,8,0.3504,2.1883,3.5617,N,,12/2005,Analyst
47-2042.00,1.A.4.b.4,Speech Recognition,LV,2.5,8,0.4226,1.6717,3.3283,N,N,12/2005,Analyst
47-2042.00,1.A.4.b.5,Speech Clarity,IM,3.0,8,0.189,2.6296,3.3704,N,,12/2005,Analyst
47-2042.00,1.A.4.b.5,Speech Clarity,LV,2.63,8,0.3239,1.9902,3.2598,N,N,12/2005,Analyst
47-2043.00,1.A.1.a.1,Oral Comprehension,IM,3.12,8,0.125,2.88,3.37,N,,08/2021,Analyst
47-2043.00,1.A.1.a.1,Oral Comprehension,LV,3.0,8,0.0,3.0,3.0,N,N,08/2021,Analyst
47-2043.00,1.A.1.a.2,Written Comprehension,IM,2.38,8,0.183,2.0164,2.7336,N,,08/2021,Analyst
47-2043.00,1.A.1.a.2,Written Comprehension,LV,2.12,8,0.125,1.88,2.37,N,N,08/2021,Analyst
47-2043.00,1.A.1.a.3,Oral Expression,IM,3.0,8,0.0,3.0,3.0,N,,08/2021,Analyst
47-2043.00,1.A.1.a.3,Oral Expression,LV,3.0,8,0.0,3.0,3.0,N,N,08/2021,Analyst
47-2043.00,1.A.1.a.4,Written Expression,IM,2.12,8,0.125,1.88,2.37,N,,08/2021,Analyst
47-2043.00,1.A.1.a.4,Written Expression,LV,2.0,8,0.0,2.0,2.0,N,N,08/2021,Analyst
47-2043.00,1.A.1.b.1,Fluency of Ideas,IM,2.12,8,0.125,1.88,2.37,N,,08/2021,Analyst
47-2043.00,1.A.1.b.1,Fluency of Ideas,LV,1.88,8,0.125,1.63,2.12,N,N,08/2021,Analyst
47-2043.00,1.A.1.b.2,Originality,IM,2.0,8,0.0,2.0,2.0,N,,08/2021,Analyst
47-2043.00,1.A.1.b.2,Originality,LV,2.0,8,0.0,2.0,2.0,N,N,08/2021,Analyst
47-2043.00,1.A.1.b.3,Problem Sensitivity,IM,2.75,8,0.1637,2.4292,3.0708,N,,08/2021,Analyst
47-2043.00,1.A.1.b.3,Problem Sensitivity,LV,2.5,8,0.189,2.1296,2.8704,N,N,08/2021,Analyst
47-2043.00,1.A.1.b.4,Deductive Reasoning,IM,2.75,8,0.1637,2.4292,3.0708,N,,08/2021,Analyst
47-2043.00,1.A.1.b.4,Deductive Reasoning,LV,2.62,8,0.183,2.2664,2.9836,N,N,08/2021,Analyst
47-2043.00,1.A.1.b.5,Inductive Reasoning,IM,2.75,8,0.1637,2.4292,3.0708,N,,08/2021,Analyst
47-2043.00,1.A.1.b.5,Inductive Reasoning,LV,2.12,8,0.125,1.88,2.37,N,N,08/2021,Analyst
47-2043.00,1.A.1.b.6,Information Ordering,IM,2.88,8,0.125,2.63,3.12,N,,08/2021,Analyst
47-2043.00,1.A.1.b.6,Information Ordering,LV,2.88,8,0.125,2.63,3.12,N,N,08/2021,Analyst
47-2043.00,1.A.1.b.7,Category Flexibility,IM,2.75,8,0.1637,2.4292,3.0708,N,,08/2021,Analyst
47-2043.00,1.A.1.b.7,Category Flexibility,LV,2.5,8,0.189,2.1296,2.8704,N,N,08/2021,Analyst
47-2043.00,1.A.1.c.1,Mathematical Reasoning,IM,2.0,8,0.0,2.0,2.0,N,,08/2021,Analyst
47-2043.00,1.A.1.c.1,Mathematical Reasoning,LV,1.5,8,0.189,1.1296,1.8704,N,N,08/2021,Analyst
47-2043.00,1.A.1.c.2,Number Facility,IM,2.12,8,0.125,1.88,2.37,N,,08/2021,Analyst
47-2043.00,1.A.1.c.2,Number Facility,LV,1.38,8,0.183,1.0164,1.7336,N,N,08/2021,Analyst
47-2043.00,1.A.1.d.1,Memorization,IM,2.12,8,0.125,1.88,2.37,N,,08/2021,Analyst
47-2043.00,1.A.1.d.1,Memorization,LV,1.38,8,0.183,1.0164,1.7336,N,N,08/2021,Analyst
47-2043.00,1.A.1.e.1,Speed of Closure,IM,2.0,8,0.189,1.6296,2.3704,N,,08/2021,Analyst
47-2043.00,1.A.1.e.1,Speed of Closure,LV,1.5,8,0.2673,0.9762,2.0238,N,N,08/2021,Analyst
47-2043.00,1.A.1.e.2,Flexibility of Closure,IM,2.38,8,0.183,2.0164,2.7336,N,,08/2021,Analyst
47-2043.00,1.A.1.e.2,Flexibility of Closure,LV,2.12,8,0.125,1.88,2.37,N,N,08/2021,Analyst
47-2043.00,1.A.1.e.3,Perceptual Speed,IM,2.62,8,0.183,2.2664,2.9836,N,,08/2021,Analyst
47-2043.00,1.A.1.e.3,Perceptual Speed,LV,2.38,8,0.183,2.0164,2.7336,N,N,08/2021,Analyst
47-2043.00,1.A.1.f.1,Spatial Orientation,IM,2.0,8,0.0,2.0,2.0,N,,08/2021,Analyst
47-2043.00,1.A.1.f.1,Spatial Orientation,LV,1.25,8,0.1637,0.9292,1.5708,N,N,08/2021,Analyst
47-2043.00,1.A.1.f.2,Visualization,IM,2.88,8,0.2266,2.4309,3.3191,N,,08/2021,Analyst
47-2043.00,1.A.1.f.2,Visualization,LV,2.75,8,0.25,2.26,3.24,N,N,08/2021,Analyst
47-2043.00,1.A.1.g.1,Selective Attention,IM,3.0,8,0.189,2.6296,3.3704,N,,08/2021,Analyst
47-2043.00,1.A.1.g.1,Selective Attention,LV,2.62,8,0.2631,2.1094,3.1406,N,N,08/2021,Analyst
47-2043.00,1.A.1.g.2,Time Sharing,IM,2.12,8,0.2266,1.6809,2.5691,N,,08/2021,Analyst
47-2043.00,1.A.1.g.2,Time Sharing,LV,1.88,8,0.295,1.2967,2.4533,N,N,08/2021,Analyst
47-2043.00,1.A.2.a.1,Arm-Hand Steadiness,IM,3.75,8,0.1637,3.4292,4.0708,N,,08/2021,Analyst
47-2043.00,1.A.2.a.1,Arm-Hand Steadiness,LV,2.88,8,0.125,2.63,3.12,N,N,08/2021,Analyst
47-2043.00,1.A.2.a.2,Manual Dexterity,IM,3.62,8,0.183,3.2664,3.9836,N,,08/2021,Analyst
47-2043.00,1.A.2.a.2,Manual Dexterity,LV,2.88,8,0.125,2.63,3.12,N,N,08/2021,Analyst
47-2043.00,1.A.2.a.3,Finger Dexterity,IM,3.25,8,0.1637,2.9292,3.5708,N,,08/2021,Analyst
47-2043.00,1.A.2.a.3,Finger Dexterity,LV,2.88,8,0.125,2.63,3.12,N,N,08/2021,Analyst
47-2043.00,1.A.2.b.1,Control Precision,IM,3.62,8,0.183,3.2664,3.9836,N,,08/2021,Analyst
47-2043.00,1.A.2.b.1,Control Precision,LV,3.0,8,0.0,3.0,3.0,N,N,08/2021,Analyst
47-2043.00,1.A.2.b.2,Multilimb Coordination,IM,3.62,8,0.183,3.2664,3.9836,N,,08/2021,Analyst
47-2043.00,1.A.2.b.2,Multilimb Coordination,LV,3.0,8,0.0,3.0,3.0,N,N,08/2021,Analyst
47-2043.00,1.A.2.b.3,Response Orientation,IM,2.38,8,0.183,2.0164,2.7336,N,,08/2021,Analyst
47-2043.00,1.A.2.b.3,Response Orientation,LV,2.12,8,0.125,1.88,2.37,N,N,08/2021,Analyst
47-2043.00,1.A.2.b.4,Rate Control,IM,2.75,8,0.1637,2.4292,3.0708,N,,08/2021,Analyst
47-2043.00,1.A.2.b.4,Rate Control,LV,2.62,8,0.183,2.2664,2.9836,N,N,08/2021,Analyst
47-2043.00,1.A.2.c.1,Reaction Time,IM,3.0,8,0.0,3.0,3.0,N,,08/2021,Analyst
47-2043.00,1.A.2.c.1,Reaction Time,LV,3.0,8,0.0,3.0,3.0,N,N,08/2021,Analyst
47-2043.00,1.A.2.c.2,Wrist-Finger Speed,IM,2.75,8,0.1637,2.4292,3.0708,N,,08/2021,Analyst
47-2043.00,1.A.2.c.2,Wrist-Finger Speed,LV,2.75,8,0.1637,2.4292,3.0708,N,N,08/2021,Analyst
47-2043.00,1.A.2.c.3,Speed of Limb Movement,IM,2.5,8,0.2673,1.9762,3.0238,N,,08/2021,Analyst
47-2043.00,1.A.2.c.3,Speed of Limb Movement,LV,2.38,8,0.375,1.64,3.11,N,N,08/2021,Analyst
47-2043.00,1.A.3.a.1,Static Strength,IM,3.12,8,0.125,2.88,3.37,N,,08/2021,Analyst
47-2043.00,1.A.3.a.1,Static Strength,LV,3.12,8,0.125,2.88,3.37,N,N,08/2021,Analyst
47-2043.00,1.A.3.a.2,Explosive Strength,IM,1.62,8,0.183,1.2664,1.9836,N,,08/2021,Analyst
47-2043.00,1.A.3.a.2,Explosive Strength,LV,1.0,8,0.3273,0.3584,1.6416,N,N,08/2021,Analyst
47-2043.00,1.A.3.a.3,Dynamic Strength,IM,3.0,8,0.189,2.6296,3.3704,N,,08/2021,Analyst
47-2043.00,1.A.3.a.3,Dynamic Strength,LV,2.88,8,0.2266,2.4309,3.3191,N,N,08/2021,Analyst
47-2043.00,1.A.3.a.4,Trunk Strength,IM,3.62,8,0.183,3.2664,3.9836,N,,08/2021,Analyst
47-2043.00,1.A.3.a.4,Trunk Strength,LV,3.88,8,0.2266,3.4309,4.3191,N,N,08/2021,Analyst
47-2043.00,1.A.3.b.1,Stamina,IM,3.25,8,0.1637,2.9292,3.5708,N,,08/2021,Analyst
47-2043.00,1.A.3.b.1,Stamina,LV,3.12,8,0.125,2.88,3.37,N,N,08/2021,Analyst
47-2043.00,1.A.3.c.1,Extent Flexibility,IM,3.12,8,0.125,2.88,3.37,N,,08/2021,Analyst
47-2043.00,1.A.3.c.1,Extent Flexibility,LV,3.62,8,0.183,3.2664,3.9836,N,N,08/2021,Analyst
47-2043.00,1.A.3.c.2,Dynamic Flexibility,IM,1.5,8,0.189,1.1296,1.8704,N,,08/2021,Analyst
47-2043.00,1.A.3.c.2,Dynamic Flexibility,LV,0.5,8,0.189,0.1296,0.8704,N,N,08/2021,Analyst
47-2043.00,1.A.3.c.3,Gross Body Coordination,IM,2.88,8,0.125,2.63,3.12,N,,08/2021,Analyst
47-2043.00,1.A.3.c.3,Gross Body Coordination,LV,2.5,8,0.189,2.1296,2.8704,N,N,08/2021,Analyst
47-2043.00,1.A.3.c.4,Gross Body Equilibrium,IM,2.25,8,0.1637,1.9292,2.5708,N,,08/2021,Analyst
47-2043.00,1.A.3.c.4,Gross Body Equilibrium,LV,1.88,8,0.2266,1.4309,2.3191,N,N,08/2021,Analyst
47-2043.00,1.A.4.a.1,Near Vision,IM,3.25,8,0.1637,2.9292,3.5708,N,,08/2021,Analyst
47-2043.00,1.A.4.a.1,Near Vision,LV,3.12,8,0.125,2.88,3.37,N,N,08/2021,Analyst
47-2043.00,1.A.4.a.2,Far Vision,IM,2.75,8,0.1637,2.4292,3.0708,N,,08/2021,Analyst
47-2043.00,1.A.4.a.2,Far Vision,LV,2.75,8,0.25,2.26,3.24,N,N,08/2021,Analyst
47-2043.00,1.A.4.a.3,Visual Color Discrimination,IM,2.5,8,0.189,2.1296,2.8704,N,,08/2021,Analyst
47-2043.00,1.A.4.a.3,Visual Color Discrimination,LV,2.62,8,0.2631,2.1094,3.1406,N,N,08/2021,Analyst
47-2043.00,1.A.4.a.4,Night Vision,IM,1.62,8,0.183,1.2664,1.9836,N,,08/2021,Analyst
47-2043.00,1.A.4.a.4,Night Vision,LV,0.75,8,0.25,0.26,1.24,N,N,08/2021,Analyst
47-2043.00,1.A.4.a.5,Peripheral Vision,IM,1.88,8,0.125,1.63,2.12,N,,08/2021,Analyst
47-2043.00,1.A.4.a.5,Peripheral Vision,LV,1.12,8,0.2266,0.6809,1.5691,N,N,08/2021,Analyst
47-2043.00,1.A.4.a.6,Depth Perception,IM,2.62,8,0.183,2.2664,2.9836,N,,08/2021,Analyst
47-2043.00,1.A.4.a.6,Depth Perception,LV,2.12,8,0.125,1.88,2.37,N,N,08/2021,Analyst
47-2043.00,1.A.4.a.7,Glare Sensitivity,IM,1.62,8,0.183,1.2664,1.9836,N,,08/2021,Analyst
47-2043.00,1.A.4.a.7,Glare Sensitivity,LV,0.75,8,0.25,0.26,1.24,N,N,08/2021,Analyst
47-2043.00,1.A.4.b.1,Hearing Sensitivity,IM,1.75,8,0.1637,1.4292,2.0708,N,,08/2021,Analyst
47-2043.00,1.A.4.b.1,Hearing Sensitivity,LV,1.38,8,0.3239,0.7402,2.0098,N,N,08/2021,Analyst
47-2043.00,1.A.4.b.2,Auditory Attention,IM,2.12,8,0.125,1.88,2.37,N,,08/2021,Analyst
47-2043.00,1.A.4.b.2,Auditory Attention,LV,2.12,8,0.125,1.88,2.37,N,N,08/2021,Analyst
47-2043.00,1.A.4.b.3,Sound Localization,IM,1.62,8,0.183,1.2664,1.9836,N,,08/2021,Analyst
47-2043.00,1.A.4.b.3,Sound Localization,LV,0.62,8,0.183,0.2664,0.9836,N,N,08/2021,Analyst
47-2043.00,1.A.4.b.4,Speech Recognition,IM,2.88,8,0.125,2.63,3.12,N,,08/2021,Analyst
47-2043.00,1.A.4.b.4,Speech Recognition,LV,2.38,8,0.183,2.0164,2.7336,N,N,08/2021,Analyst
47-2043.00,1.A.4.b.5,Speech Clarity,IM,2.75,8,0.1637,2.4292,3.0708,N,,08/2021,Analyst
47-2043.00,1.A.4.b.5,Speech Clarity,LV,2.25,8,0.1637,1.9292,2.5708,N,N,08/2021,Analyst
47-2044.00,1.A.1.a.1,Oral Comprehension,IM,3.12,8,0.125,2.88,3.37,N,,08/2023,Analyst
47-2044.00,1.A.1.a.1,Oral Comprehension,LV,3.12,8,0.125,2.88,3.37,N,N,08/2023,Analyst
47-2044.00,1.A.1.a.2,Written Comprehension,IM,2.88,8,0.125,2.63,3.12,N,,08/2023,Analyst
47-2044.00,1.A.1.a.2,Written Comprehension,LV,2.88,8,0.125,2.63,3.12,N,N,08/2023,Analyst
47-2044.00,1.A.1.a.3,Oral Expression,IM,3.0,8,0.0,3.0,3.0,N,,08/2023,Analyst
47-2044.00,1.A.1.a.3,Oral Expression,LV,3.0,8,0.0,3.0,3.0,N,N,08/2023,Analyst
47-2044.00,1.A.1.a.4,Written Expression,IM,2.5,8,0.189,2.1296,2.8704,N,,08/2023,Analyst
47-2044.00,1.A.1.a.4,Written Expression,LV,2.25,8,0.1637,1.9292,2.5708,N,N,08/2023,Analyst
47-2044.00,1.A.1.b.1,Fluency of Ideas,IM,2.62,8,0.183,2.2664,2.9836,N,,08/2023,Analyst
47-2044.00,1.A.1.b.1,Fluency of Ideas,LV,2.5,8,0.189,2.1296,2.8704,N,N,08/2023,Analyst
47-2044.00,1.A.1.b.2,Originality,IM,2.75,8,0.1637,2.4292,3.0708,N,,08/2023,Analyst
47-2044.00,1.A.1.b.2,Originality,LV,2.88,8,0.125,2.63,3.12,N,N,08/2023,Analyst
47-2044.00,1.A.1.b.3,Problem Sensitivity,IM,3.38,8,0.183,3.0164,3.7336,N,,08/2023,Analyst
47-2044.00,1.A.1.b.3,Problem Sensitivity,LV,2.88,8,0.125,2.63,3.12,N,N,08/2023,Analyst
47-2044.00,1.A.1.b.4,Deductive Reasoning,IM,3.0,8,0.0,3.0,3.0,N,,08/2023,Analyst
47-2044.00,1.A.1.b.4,Deductive Reasoning,LV,3.0,8,0.0,3.0,3.0,N,N,08/2023,Analyst
47-2044.00,1.A.1.b.5,Inductive Reasoning,IM,3.0,8,0.0,3.0,3.0,N,,08/2023,Analyst
47-2044.00,1.A.1.b.5,Inductive Reasoning,LV,3.0,8,0.0,3.0,3.0,N,N,08/2023,Analyst
47-2044.00,1.A.1.b.6,Information Ordering,IM,3.25,8,0.1637,2.9292,3.5708,N,,08/2023,Analyst
47-2044.00,1.A.1.b.6,Information Ordering,LV,3.0,8,0.0,3.0,3.0,N,N,08/2023,Analyst
47-2044.00,1.A.1.b.7,Category Flexibility,IM,3.12,8,0.125,2.88,3.37,N,,08/2023,Analyst
47-2044.00,1.A.1.b.7,Category Flexibility,LV,3.0,8,0.0,3.0,3.0,N,N,08/2023,Analyst
47-2044.00,1.A.1.c.1,Mathematical Reasoning,IM,2.75,8,0.1637,2.4292,3.0708,N,,08/2023,Analyst
47-2044.00,1.A.1.c.1,Mathematical Reasoning,LV,2.5,8,0.189,2.1296,2.8704,N,N,08/2023,Analyst
47-2044.00,1.A.1.c.2,Number Facility,IM,2.62,8,0.183,2.2664,2.9836,N,,08/2023,Analyst
47-2044.00,1.A.1.c.2,Number Facility,LV,2.62,8,0.183,2.2664,2.9836,N,N,08/2023,Analyst
47-2044.00,1.A.1.d.1,Memorization,IM,2.12,8,0.125,1.88,2.37,N,,08/2023,Analyst
47-2044.00,1.A.1.d.1,Memorization,LV,2.0,8,0.0,2.0,2.0,N,N,08/2023,Analyst
47-2044.00,1.A.1.e.1,Speed of Closure,IM,2.25,8,0.1637,1.9292,2.5708,N,,08/2023,Analyst
47-2044.00,1.A.1.e.1,Speed of Closure,LV,2.12,8,0.125,1.88,2.37,N,N,08/2023,Analyst
47-2044.00,1.A.1.e.2,Flexibility of Closure,IM,2.5,8,0.189,2.1296,2.8704,N,,08/2023,Analyst
47-2044.00,1.A.1.e.2,Flexibility of Closure,LV,2.62,8,0.183,2.2664,2.9836,N,N,08/2023,Analyst
47-2044.00,1.A.1.e.3,Perceptual Speed,IM,2.75,8,0.1637,2.4292,3.0708,N,,08/2023,Analyst
47-2044.00,1.A.1.e.3,Perceptual Speed,LV,2.25,8,0.1637,1.9292,2.5708,N,N,08/2023,Analyst
47-2044.00,1.A.1.f.1,Spatial Orientation,IM,2.25,8,0.1637,1.9292,2.5708,N,,08/2023,Analyst
47-2044.00,1.A.1.f.1,Spatial Orientation,LV,2.0,8,0.0,2.0,2.0,N,N,08/2023,Analyst
47-2044.00,1.A.1.f.2,Visualization,IM,3.75,8,0.1637,3.4292,4.0708,N,,08/2023,Analyst
47-2044.00,1.A.1.f.2,Visualization,LV,3.75,8,0.1637,3.4292,4.0708,N,N,08/2023,Analyst
47-2044.00,1.A.1.g.1,Selective Attention,IM,2.88,8,0.125,2.63,3.12,N,,08/2023,Analyst
47-2044.00,1.A.1.g.1,Selective Attention,LV,3.0,8,0.0,3.0,3.0,N,N,08/2023,Analyst
47-2044.00,1.A.1.g.2,Time Sharing,IM,2.12,8,0.125,1.88,2.37,N,,08/2023,Analyst
47-2044.00,1.A.1.g.2,Time Sharing,LV,2.12,8,0.2266,1.6809,2.5691,N,N,08/2023,Analyst
47-2044.00,1.A.2.a.1,Arm-Hand Steadiness,IM,3.12,8,0.125,2.88,3.37,N,,08/2023,Analyst
47-2044.00,1.A.2.a.1,Arm-Hand Steadiness,LV,3.0,8,0.0,3.0,3.0,N,N,08/2023,Analyst
47-2044.00,1.A.2.a.2,Manual Dexterity,IM,3.12,8,0.125,2.88,3.37,N,,08/2023,Analyst
47-2044.00,1.A.2.a.2,Manual Dexterity,LV,3.0,8,0.0,3.0,3.0,N,N,08/2023,Analyst
47-2044.00,1.A.2.a.3,Finger Dexterity,IM,3.12,8,0.125,2.88,3.37,N,,08/2023,Analyst
47-2044.00,1.A.2.a.3,Finger Dexterity,LV,3.12,8,0.125,2.88,3.37,N,N,08/2023,Analyst
47-2044.00,1.A.2.b.1,Control Precision,IM,3.0,8,0.0,3.0,3.0,N,,08/2023,Analyst
47-2044.00,1.A.2.b.1,Control Precision,LV,3.0,8,0.0,3.0,3.0,N,N,08/2023,Analyst
47-2044.00,1.A.2.b.2,Multilimb Coordination,IM,3.12,8,0.125,2.88,3.37,N,,08/2023,Analyst
47-2044.00,1.A.2.b.2,Multilimb Coordination,LV,3.12,8,0.125,2.88,3.37,N,N,08/2023,Analyst
47-2044.00,1.A.2.b.3,Response Orientation,IM,2.5,8,0.189,2.1296,2.8704,N,,08/2023,Analyst
47-2044.00,1.A.2.b.3,Response Orientation,LV,2.12,8,0.125,1.88,2.37,N,N,08/2023,Analyst
47-2044.00,1.A.2.b.4,Rate Control,IM,1.88,8,0.125,1.63,2.12,N,,08/2023,Analyst
47-2044.00,1.A.2.b.4,Rate Control,LV,1.75,8,0.25,1.26,2.24,N,N,08/2023,Analyst
47-2044.00,1.A.2.c.1,Reaction Time,IM,2.5,8,0.189,2.1296,2.8704,N,,08/2023,Analyst
47-2044.00,1.A.2.c.1,Reaction Time,LV,2.75,8,0.1637,2.4292,3.0708,N,N,08/2023,Analyst
47-2044.00,1.A.2.c.2,Wrist-Finger Speed,IM,2.12,8,0.125,1.88,2.37,N,,08/2023,Analyst
47-2044.00,1.A.2.c.2,Wrist-Finger Speed,LV,2.0,8,0.0,2.0,2.0,N,N,08/2023,Analyst
47-2044.00,1.A.2.c.3,Speed of Limb Movement,IM,2.0,8,0.0,2.0,2.0,N,,08/2023,Analyst
47-2044.00,1.A.2.c.3,Speed of Limb Movement,LV,2.12,8,0.125,1.88,2.37,N,N,08/2023,Analyst
47-2044.00,1.A.3.a.1,Static Strength,IM,3.12,8,0.125,2.88,3.37,N,,08/2023,Analyst
47-2044.00,1.A.3.a.1,Static Strength,LV,3.25,8,0.25,2.76,3.74,N,N,08/2023,Analyst
47-2044.00,1.A.3.a.2,Explosive Strength,IM,1.38,8,0.183,1.0164,1.7336,N,,08/2023,Analyst
47-2044.00,1.A.3.a.2,Explosive Strength,LV,0.5,8,0.2673,0.0,1.0238,N,N,08/2023,Analyst
47-2044.00,1.A.3.a.3,Dynamic Strength,IM,2.5,8,0.2673,1.9762,3.0238,N,,08/2023,Analyst
47-2044.00,1.A.3.a.3,Dynamic Strength,LV,2.5,8,0.2673,1.9762,3.0238,N,N,08/2023,Analyst
47-2044.00,1.A.3.a.4,Trunk Strength,IM,3.38,8,0.183,3.0164,3.7336,N,,08/2023,Analyst
47-2044.00,1.A.3.a.4,Trunk Strength,LV,3.38,8,0.183,3.0164,3.7336,N,N,08/2023,Analyst
47-2044.00,1.A.3.b.1,Stamina,IM,3.12,8,0.125,2.88,3.37,N,,08/2023,Analyst
47-2044.00,1.A.3.b.1,Stamina,LV,2.88,8,0.125,2.63,3.12,N,N,08/2023,Analyst
47-2044.00,1.A.3.c.1,Extent Flexibility,IM,3.5,8,0.189,3.1296,3.8704,N,,08/2023,Analyst
47-2044.00,1.A.3.c.1,Extent Flexibility,LV,3.75,8,0.25,3.26,4.24,N,N,08/2023,Analyst
47-2044.00,1.A.3.c.2,Dynamic Flexibility,IM,1.25,8,0.1637,1.0,1.5708,N,,08/2023,Analyst
47-2044.00,1.A.3.c.2,Dynamic Flexibility,LV,0.25,8,0.1637,0.0,0.5708,N,Y,08/2023,Analyst
47-2044.00,1.A.3.c.3,Gross Body Coordination,IM,2.75,8,0.1637,2.4292,3.0708,N,,08/2023,Analyst
47-2044.00,1.A.3.c.3,Gross Body Coordination,LV,2.75,8,0.1637,2.4292,3.0708,N,N,08/2023,Analyst
47-2044.00,1.A.3.c.4,Gross Body Equilibrium,IM,2.88,8,0.125,2.63,3.12,N,,08/2023,Analyst
47-2044.00,1.A.3.c.4,Gross Body Equilibrium,LV,2.5,8,0.189,2.1296,2.8704,N,N,08/2023,Analyst
47-2044.00,1.A.4.a.1,Near Vision,IM,3.62,8,0.183,3.2664,3.9836,N,,08/2023,Analyst
47-2044.00,1.A.4.a.1,Near Vision,LV,3.38,8,0.183,3.0164,3.7336,N,N,08/2023,Analyst
47-2044.00,1.A.4.a.2,Far Vision,IM,3.12,8,0.125,2.88,3.37,N,,08/2023,Analyst
47-2044.00,1.A.4.a.2,Far Vision,LV,3.12,8,0.125,2.88,3.37,N,N,08/2023,Analyst
47-2044.00,1.A.4.a.3,Visual Color Discrimination,IM,3.0,8,0.0,3.0,3.0,N,,08/2023,Analyst
47-2044.00,1.A.4.a.3,Visual Color Discrimination,LV,3.0,8,0.0,3.0,3.0,N,N,08/2023,Analyst
47-2044.00,1.A.4.a.4,Night Vision,IM,1.5,8,0.189,1.1296,1.8704,N,,08/2023,Analyst
47-2044.00,1.A.4.a.4,Night Vision,LV,0.5,8,0.189,0.1296,0.8704,N,N,08/2023,Analyst
47-2044.00,1.A.4.a.5,Peripheral Vision,IM,1.75,8,0.1637,1.4292,2.0708,N,,08/2023,Analyst
47-2044.00,1.A.4.a.5,Peripheral Vision,LV,1.0,8,0.2673,0.4762,1.5238,N,N,08/2023,Analyst
47-2044.00,1.A.4.a.6,Depth Perception,IM,2.62,8,0.183,2.2664,2.9836,N,,08/2023,Analyst
47-2044.00,1.A.4.a.6,Depth Perception,LV,2.25,8,0.1637,1.9292,2.5708,N,N,08/2023,Analyst
47-2044.00,1.A.4.a.7,Glare Sensitivity,IM,1.88,8,0.125,1.63,2.12,N,,08/2023,Analyst
47-2044.00,1.A.4.a.7,Glare Sensitivity,LV,1.75,8,0.25,1.26,2.24,N,N,08/2023,Analyst
47-2044.00,1.A.4.b.1,Hearing Sensitivity,IM,2.0,8,0.189,1.6296,2.3704,N,,08/2023,Analyst
47-2044.00,1.A.4.b.1,Hearing Sensitivity,LV,1.75,8,0.25,1.26,2.24,N,N,08/2023,Analyst
47-2044.00,1.A.4.b.2,Auditory Attention,IM,2.12,8,0.125,1.88,2.37,N,,08/2023,Analyst
47-2044.00,1.A.4.b.2,Auditory Attention,LV,2.12,8,0.125,1.88,2.37,N,N,08/2023,Analyst
47-2044.00,1.A.4.b.3,Sound Localization,IM,1.62,8,0.183,1.2664,1.9836,N,,08/2023,Analyst
47-2044.00,1.A.4.b.3,Sound Localization,LV,0.62,8,0.183,0.2664,0.9836,N,N,08/2023,Analyst
47-2044.00,1.A.4.b.4,Speech Recognition,IM,3.0,8,0.0,3.0,3.0,N,,08/2023,Analyst
47-2044.00,1.A.4.b.4,Speech Recognition,LV,2.75,8,0.1637,2.4292,3.0708,N,N,08/2023,Analyst
47-2044.00,1.A.4.b.5,Speech Clarity,IM,3.0,8,0.0,3.0,3.0,N,,08/2023,Analyst
47-2044.00,1.A.4.b.5,Speech Clarity,LV,2.62,8,0.183,2.2664,2.9836,N,N,08/2023,Analyst
47-2051.00,1.A.1.a.1,Oral Comprehension,IM,3.12,8,0.125,2.88,3.37,N,,08/2018,Analyst
47-2051.00,1.A.1.a.1,Oral Comprehension,LV,3.0,8,0.0,3.0,3.0,N,N,08/2018,Analyst
47-2051.00,1.A.1.a.2,Written Comprehension,IM,2.12,8,0.125,1.88,2.37,N,,08/2018,Analyst
47-2051.00,1.A.1.a.2,Written Comprehension,LV,2.0,8,0.0,2.0,2.0,N,N,08/2018,Analyst
47-2051.00,1.A.1.a.3,Oral Expression,IM,3.12,8,0.125,2.88,3.37,N,,08/2018,Analyst
47-2051.00,1.A.1.a.3,Oral Expression,LV,2.88,8,0.125,2.63,3.12,N,N,08/2018,Analyst
47-2051.00,1.A.1.a.4,Written Expression,IM,2.12,8,0.125,1.88,2.37,N,,08/2018,Analyst
47-2051.00,1.A.1.a.4,Written Expression,LV,1.88,8,0.125,1.63,2.12,N,N,08/2018,Analyst
47-2051.00,1.A.1.b.1,Fluency of Ideas,IM,2.12,8,0.125,1.88,2.37,N,,08/2018,Analyst
47-2051.00,1.A.1.b.1,Fluency of Ideas,LV,2.12,8,0.125,1.88,2.37,N,N,08/2018,Analyst
47-2051.00,1.A.1.b.2,Originality,IM,2.12,8,0.125,1.88,2.37,N,,08/2018,Analyst
47-2051.00,1.A.1.b.2,Originality,LV,2.0,8,0.0,2.0,2.0,N,N,08/2018,Analyst
47-2051.00,1.A.1.b.3,Problem Sensitivity,IM,3.25,8,0.1637,2.9292,3.5708,N,,08/2018,Analyst
47-2051.00,1.A.1.b.3,Problem Sensitivity,LV,2.75,8,0.1637,2.4292,3.0708,N,N,08/2018,Analyst
47-2051.00,1.A.1.b.4,Deductive Reasoning,IM,3.25,8,0.1637,2.9292,3.5708,N,,08/2018,Analyst
47-2051.00,1.A.1.b.4,Deductive Reasoning,LV,2.62,8,0.183,2.2664,2.9836,N,N,08/2018,Analyst
47-2051.00,1.A.1.b.5,Inductive Reasoning,IM,3.0,8,0.0,3.0,3.0,N,,08/2018,Analyst
47-2051.00,1.A.1.b.5,Inductive Reasoning,LV,2.38,8,0.183,2.0164,2.7336,N,N,08/2018,Analyst
47-2051.00,1.A.1.b.6,Information Ordering,IM,3.25,8,0.1637,2.9292,3.5708,N,,08/2018,Analyst
47-2051.00,1.A.1.b.6,Information Ordering,LV,2.88,8,0.125,2.63,3.12,N,N,08/2018,Analyst
47-2051.00,1.A.1.b.7,Category Flexibility,IM,3.12,8,0.125,2.88,3.37,N,,08/2018,Analyst
47-2051.00,1.A.1.b.7,Category Flexibility,LV,2.5,8,0.189,2.1296,2.8704,N,N,08/2018,Analyst
47-2051.00,1.A.1.c.1,Mathematical Reasoning,IM,2.38,8,0.183,2.0164,2.7336,N,,08/2018,Analyst
47-2051.00,1.A.1.c.1,Mathematical Reasoning,LV,1.88,8,0.125,1.63,2.12,N,N,08/2018,Analyst
47-2051.00,1.A.1.c.2,Number Facility,IM,2.25,8,0.1637,1.9292,2.5708,N,,08/2018,Analyst
47-2051.00,1.A.1.c.2,Number Facility,LV,2.0,8,0.0,2.0,2.0,N,N,08/2018,Analyst
47-2051.00,1.A.1.d.1,Memorization,IM,2.0,8,0.0,2.0,2.0,N,,08/2018,Analyst
47-2051.00,1.A.1.d.1,Memorization,LV,1.5,8,0.189,1.1296,1.8704,N,N,08/2018,Analyst
47-2051.00,1.A.1.e.1,Speed of Closure,IM,2.12,8,0.125,1.88,2.37,N,,08/2018,Analyst
47-2051.00,1.A.1.e.1,Speed of Closure,LV,1.75,8,0.1637,1.4292,2.0708,N,N,08/2018,Analyst
47-2051.00,1.A.1.e.2,Flexibility of Closure,IM,2.75,8,0.1637,2.4292,3.0708,N,,08/2018,Analyst
47-2051.00,1.A.1.e.2,Flexibility of Closure,LV,2.75,8,0.1637,2.4292,3.0708,N,N,08/2018,Analyst
47-2051.00,1.A.1.e.3,Perceptual Speed,IM,2.88,8,0.125,2.63,3.12,N,,08/2018,Analyst
47-2051.00,1.A.1.e.3,Perceptual Speed,LV,2.88,8,0.125,2.63,3.12,N,N,08/2018,Analyst
47-2051.00,1.A.1.f.1,Spatial Orientation,IM,2.38,8,0.183,2.0164,2.7336,N,,08/2018,Analyst
47-2051.00,1.A.1.f.1,Spatial Orientation,LV,1.88,8,0.125,1.63,2.12,N,N,08/2018,Analyst
47-2051.00,1.A.1.f.2,Visualization,IM,3.25,8,0.1637,2.9292,3.5708,N,,08/2018,Analyst
47-2051.00,1.A.1.f.2,Visualization,LV,3.25,8,0.1637,2.9292,3.5708,N,N,08/2018,Analyst
47-2051.00,1.A.1.g.1,Selective Attention,IM,3.12,8,0.125,2.88,3.37,N,,08/2018,Analyst
47-2051.00,1.A.1.g.1,Selective Attention,LV,2.75,8,0.1637,2.4292,3.0708,N,N,08/2018,Analyst
47-2051.00,1.A.1.g.2,Time Sharing,IM,2.25,8,0.1637,1.9292,2.5708,N,,08/2018,Analyst
47-2051.00,1.A.1.g.2,Time Sharing,LV,2.38,8,0.183,2.0164,2.7336,N,N,08/2018,Analyst
47-2051.00,1.A.2.a.1,Arm-Hand Steadiness,IM,3.5,8,0.189,3.1296,3.8704,N,,08/2018,Analyst
47-2051.00,1.A.2.a.1,Arm-Hand Steadiness,LV,3.0,8,0.0,3.0,3.0,N,N,08/2018,Analyst
47-2051.00,1.A.2.a.2,Manual Dexterity,IM,3.88,8,0.125,3.63,4.12,N,,08/2018,Analyst
47-2051.00,1.A.2.a.2,Manual Dexterity,LV,3.38,8,0.183,3.0164,3.7336,N,N,08/2018,Analyst
47-2051.00,1.A.2.a.3,Finger Dexterity,IM,3.12,8,0.125,2.88,3.37,N,,08/2018,Analyst
47-2051.00,1.A.2.a.3,Finger Dexterity,LV,2.88,8,0.125,2.63,3.12,N,N,08/2018,Analyst
47-2051.00,1.A.2.b.1,Control Precision,IM,3.5,8,0.189,3.1296,3.8704,N,,08/2018,Analyst
47-2051.00,1.A.2.b.1,Control Precision,LV,3.12,8,0.125,2.88,3.37,N,N,08/2018,Analyst
47-2051.00,1.A.2.b.2,Multilimb Coordination,IM,3.62,8,0.183,3.2664,3.9836,N,,08/2018,Analyst
47-2051.00,1.A.2.b.2,Multilimb Coordination,LV,3.25,8,0.1637,2.9292,3.5708,N,N,08/2018,Analyst
47-2051.00,1.A.2.b.3,Response Orientation,IM,2.5,8,0.2673,1.9762,3.0238,N,,08/2018,Analyst
47-2051.00,1.A.2.b.3,Response Orientation,LV,2.25,8,0.25,1.76,2.74,N,N,08/2018,Analyst
47-2051.00,1.A.2.b.4,Rate Control,IM,3.0,8,0.189,2.6296,3.3704,N,,08/2018,Analyst
47-2051.00,1.A.2.b.4,Rate Control,LV,2.38,8,0.2631,1.8594,2.8906,N,N,08/2018,Analyst
47-2051.00,1.A.2.c.1,Reaction Time,IM,3.0,8,0.189,2.6296,3.3704,N,,08/2018,Analyst
47-2051.00,1.A.2.c.1,Reaction Time,LV,3.0,8,0.189,2.6296,3.3704,N,N,08/2018,Analyst
47-2051.00,1.A.2.c.2,Wrist-Finger Speed,IM,2.25,8,0.1637,1.9292,2.5708,N,,08/2018,Analyst
47-2051.00,1.A.2.c.2,Wrist-Finger Speed,LV,2.25,8,0.1637,1.9292,2.5708,N,N,08/2018,Analyst
47-2051.00,1.A.2.c.3,Speed of Limb Movement,IM,2.88,8,0.125,2.63,3.12,N,,08/2018,Analyst
47-2051.00,1.A.2.c.3,Speed of Limb Movement,LV,2.75,8,0.1637,2.4292,3.0708,N,N,08/2018,Analyst
47-2051.00,1.A.3.a.1,Static Strength,IM,3.12,8,0.125,2.88,3.37,N,,08/2018,Analyst
47-2051.00,1.A.3.a.1,Static Strength,LV,4.0,8,0.189,3.6296,4.3704,N,N,08/2018,Analyst
47-2051.00,1.A.3.a.2,Explosive Strength,IM,2.12,8,0.125,1.88,2.37,N,,08/2018,Analyst
47-2051.00,1.A.3.a.2,Explosive Strength,LV,1.38,8,0.183,1.0164,1.7336,N,N,08/2018,Analyst
47-2051.00,1.A.3.a.3,Dynamic Strength,IM,3.25,8,0.1637,2.9292,3.5708,N,,08/2018,Analyst
47-2051.00,1.A.3.a.3,Dynamic Strength,LV,3.0,8,0.189,2.6296,3.3704,N,N,08/2018,Analyst
47-2051.00,1.A.3.a.4,Trunk Strength,IM,3.75,8,0.1637,3.4292,4.0708,N,,08/2018,Analyst
47-2051.00,1.A.3.a.4,Trunk Strength,LV,4.25,8,0.1637,3.9292,4.5708,N,N,08/2018,Analyst
47-2051.00,1.A.3.b.1,Stamina,IM,3.25,8,0.1637,2.9292,3.5708,N,,08/2018,Analyst
47-2051.00,1.A.3.b.1,Stamina,LV,2.88,8,0.125,2.63,3.12,N,N,08/2018,Analyst
47-2051.00,1.A.3.c.1,Extent Flexibility,IM,3.38,8,0.183,3.0164,3.7336,N,,08/2018,Analyst
47-2051.00,1.A.3.c.1,Extent Flexibility,LV,3.5,8,0.189,3.1296,3.8704,N,N,08/2018,Analyst
47-2051.00,1.A.3.c.2,Dynamic Flexibility,IM,1.88,8,0.125,1.63,2.12,N,,08/2018,Analyst
47-2051.00,1.A.3.c.2,Dynamic Flexibility,LV,1.25,8,0.25,0.76,1.74,N,N,08/2018,Analyst
47-2051.00,1.A.3.c.3,Gross Body Coordination,IM,3.0,8,0.0,3.0,3.0,N,,08/2018,Analyst
47-2051.00,1.A.3.c.3,Gross Body Coordination,LV,2.75,8,0.1637,2.4292,3.0708,N,N,08/2018,Analyst
47-2051.00,1.A.3.c.4,Gross Body Equilibrium,IM,2.5,8,0.189,2.1296,2.8704,N,,08/2018,Analyst
47-2051.00,1.A.3.c.4,Gross Body Equilibrium,LV,2.25,8,0.1637,1.9292,2.5708,N,N,08/2018,Analyst
47-2051.00,1.A.4.a.1,Near Vision,IM,3.62,8,0.183,3.2664,3.9836,N,,08/2018,Analyst
47-2051.00,1.A.4.a.1,Near Vision,LV,3.5,8,0.189,3.1296,3.8704,N,N,08/2018,Analyst
47-2051.00,1.A.4.a.2,Far Vision,IM,3.12,8,0.125,2.88,3.37,N,,08/2018,Analyst
47-2051.00,1.A.4.a.2,Far Vision,LV,3.0,8,0.0,3.0,3.0,N,N,08/2018,Analyst
47-2051.00,1.A.4.a.3,Visual Color Discrimination,IM,2.75,8,0.1637,2.4292,3.0708,N,,08/2018,Analyst
47-2051.00,1.A.4.a.3,Visual Color Discrimination,LV,2.25,8,0.1637,1.9292,2.5708,N,N,08/2018,Analyst
47-2051.00,1.A.4.a.4,Night Vision,IM,1.75,8,0.1637,1.4292,2.0708,N,,08/2018,Analyst
47-2051.00,1.A.4.a.4,Night Vision,LV,1.0,8,0.2673,0.4762,1.5238,N,N,08/2018,Analyst
47-2051.00,1.A.4.a.5,Peripheral Vision,IM,1.88,8,0.2266,1.4309,2.3191,N,,08/2018,Analyst
47-2051.00,1.A.4.a.5,Peripheral Vision,LV,1.38,8,0.3239,0.7402,2.0098,N,N,08/2018,Analyst
47-2051.00,1.A.4.a.6,Depth Perception,IM,3.0,8,0.0,3.0,3.0,N,,08/2018,Analyst
47-2051.00,1.A.4.a.6,Depth Perception,LV,2.75,8,0.1637,2.4292,3.0708,N,N,08/2018,Analyst
47-2051.00,1.A.4.a.7,Glare Sensitivity,IM,2.38,8,0.183,2.0164,2.7336,N,,08/2018,Analyst
47-2051.00,1.A.4.a.7,Glare Sensitivity,LV,2.12,8,0.125,1.88,2.37,N,N,08/2018,Analyst
47-2051.00,1.A.4.b.1,Hearing Sensitivity,IM,2.25,8,0.1637,1.9292,2.5708,N,,08/2018,Analyst
47-2051.00,1.A.4.b.1,Hearing Sensitivity,LV,2.0,8,0.0,2.0,2.0,N,N,08/2018,Analyst
47-2051.00,1.A.4.b.2,Auditory Attention,IM,2.62,8,0.2631,2.1094,3.1406,N,,08/2018,Analyst
47-2051.00,1.A.4.b.2,Auditory Attention,LV,2.25,8,0.25,1.76,2.74,N,N,08/2018,Analyst
47-2051.00,1.A.4.b.3,Sound Localization,IM,1.75,8,0.1637,1.4292,2.0708,N,,08/2018,Analyst
47-2051.00,1.A.4.b.3,Sound Localization,LV,0.88,8,0.2266,0.4309,1.3191,N,N,08/2018,Analyst
47-2051.00,1.A.4.b.4,Speech Recognition,IM,3.12,8,0.125,2.88,3.37,N,,08/2018,Analyst
47-2051.00,1.A.4.b.4,Speech Recognition,LV,2.62,8,0.183,2.2664,2.9836,N,N,08/2018,Analyst
47-2051.00,1.A.4.b.5,Speech Clarity,IM,3.0,8,0.189,2.6296,3.3704,N,,08/2018,Analyst
47-2051.00,1.A.4.b.5,Speech Clarity,LV,2.12,8,0.125,1.88,2.37,N,N,08/2018,Analyst
47-2053.00,1.A.1.a.1,Oral Comprehension,IM,2.88,8,0.125,2.63,3.12,N,,07/2015,Analyst
47-2053.00,1.A.1.a.1,Oral Comprehension,LV,2.88,8,0.125,2.63,3.12,N,N,07/2015,Analyst
47-2053.00,1.A.1.a.2,Written Comprehension,IM,2.12,8,0.2266,1.6809,2.5691,N,,07/2015,Analyst
47-2053.00,1.A.1.a.2,Written Comprehension,LV,2.0,8,0.3273,1.3584,2.6416,N,N,07/2015,Analyst
47-2053.00,1.A.1.a.3,Oral Expression,IM,2.75,8,0.1637,2.4292,3.0708,N,,07/2015,Analyst
47-2053.00,1.A.1.a.3,Oral Expression,LV,2.75,8,0.1637,2.4292,3.0708,N,N,07/2015,Analyst
47-2053.00,1.A.1.a.4,Written Expression,IM,1.88,8,0.125,1.63,2.12,N,,07/2015,Analyst
47-2053.00,1.A.1.a.4,Written Expression,LV,1.12,8,0.2266,0.6809,1.5691,N,N,07/2015,Analyst
47-2053.00,1.A.1.b.1,Fluency of Ideas,IM,2.5,8,0.189,2.1296,2.8704,N,,07/2015,Analyst
47-2053.00,1.A.1.b.1,Fluency of Ideas,LV,2.12,8,0.125,1.88,2.37,N,N,07/2015,Analyst
47-2053.00,1.A.1.b.2,Originality,IM,2.0,8,0.0,2.0,2.0,N,,07/2015,Analyst
47-2053.00,1.A.1.b.2,Originality,LV,2.0,8,0.0,2.0,2.0,N,N,07/2015,Analyst
47-2053.00,1.A.1.b.3,Problem Sensitivity,IM,3.12,8,0.125,2.88,3.37,N,,07/2015,Analyst
47-2053.00,1.A.1.b.3,Problem Sensitivity,LV,2.5,8,0.189,2.1296,2.8704,N,N,07/2015,Analyst
47-2053.00,1.A.1.b.4,Deductive Reasoning,IM,2.88,8,0.125,2.63,3.12,N,,07/2015,Analyst
47-2053.00,1.A.1.b.4,Deductive Reasoning,LV,2.5,8,0.189,2.1296,2.8704,N,N,07/2015,Analyst
47-2053.00,1.A.1.b.5,Inductive Reasoning,IM,2.62,8,0.183,2.2664,2.9836,N,,07/2015,Analyst
47-2053.00,1.A.1.b.5,Inductive Reasoning,LV,2.25,8,0.1637,1.9292,2.5708,N,N,07/2015,Analyst
47-2053.00,1.A.1.b.6,Information Ordering,IM,3.0,8,0.189,2.6296,3.3704,N,,07/2015,Analyst
47-2053.00,1.A.1.b.6,Information Ordering,LV,2.62,8,0.183,2.2664,2.9836,N,N,07/2015,Analyst
47-2053.00,1.A.1.b.7,Category Flexibility,IM,2.75,8,0.25,2.26,3.24,N,,07/2015,Analyst
47-2053.00,1.A.1.b.7,Category Flexibility,LV,2.62,8,0.183,2.2664,2.9836,N,N,07/2015,Analyst
47-2053.00,1.A.1.c.1,Mathematical Reasoning,IM,2.0,8,0.0,2.0,2.0,N,,07/2015,Analyst
47-2053.00,1.A.1.c.1,Mathematical Reasoning,LV,1.75,8,0.1637,1.4292,2.0708,N,N,07/2015,Analyst
47-2053.00,1.A.1.c.2,Number Facility,IM,2.25,8,0.1637,1.9292,2.5708,N,,07/2015,Analyst
47-2053.00,1.A.1.c.2,Number Facility,LV,1.75,8,0.1637,1.4292,2.0708,N,N,07/2015,Analyst
47-2053.00,1.A.1.d.1,Memorization,IM,2.0,8,0.0,2.0,2.0,N,,07/2015,Analyst
47-2053.00,1.A.1.d.1,Memorization,LV,1.75,8,0.1637,1.4292,2.0708,N,N,07/2015,Analyst
47-2053.00,1.A.1.e.1,Speed of Closure,IM,2.0,8,0.0,2.0,2.0,N,,07/2015,Analyst
47-2053.00,1.A.1.e.1,Speed of Closure,LV,1.88,8,0.125,1.63,2.12,N,N,07/2015,Analyst
47-2053.00,1.A.1.e.2,Flexibility of Closure,IM,2.62,8,0.183,2.2664,2.9836,N,,07/2015,Analyst
47-2053.00,1.A.1.e.2,Flexibility of Closure,LV,2.62,8,0.183,2.2664,2.9836,N,N,07/2015,Analyst
47-2053.00,1.A.1.e.3,Perceptual Speed,IM,2.88,8,0.125,2.63,3.12,N,,07/2015,Analyst
47-2053.00,1.A.1.e.3,Perceptual Speed,LV,2.88,8,0.125,2.63,3.12,N,N,07/2015,Analyst
47-2053.00,1.A.1.f.1,Spatial Orientation,IM,1.88,8,0.125,1.63,2.12,N,,07/2015,Analyst
47-2053.00,1.A.1.f.1,Spatial Orientation,LV,1.5,8,0.2673,0.9762,2.0238,N,N,07/2015,Analyst
47-2053.00,1.A.1.f.2,Visualization,IM,3.12,8,0.125,2.88,3.37,N,,07/2015,Analyst
47-2053.00,1.A.1.f.2,Visualization,LV,3.12,8,0.125,2.88,3.37,N,N,07/2015,Analyst
47-2053.00,1.A.1.g.1,Selective Attention,IM,3.0,8,0.0,3.0,3.0,N,,07/2015,Analyst
47-2053.00,1.A.1.g.1,Selective Attention,LV,2.88,8,0.125,2.63,3.12,N,N,07/2015,Analyst
47-2053.00,1.A.1.g.2,Time Sharing,IM,2.38,8,0.183,2.0164,2.7336,N,,07/2015,Analyst
47-2053.00,1.A.1.g.2,Time Sharing,LV,2.62,8,0.183,2.2664,2.9836,N,N,07/2015,Analyst
47-2053.00,1.A.2.a.1,Arm-Hand Steadiness,IM,3.38,8,0.183,3.0164,3.7336,N,,07/2015,Analyst
47-2053.00,1.A.2.a.1,Arm-Hand Steadiness,LV,3.12,8,0.2266,2.6809,3.5691,N,N,07/2015,Analyst
47-2053.00,1.A.2.a.2,Manual Dexterity,IM,3.75,8,0.1637,3.4292,4.0708,N,,07/2015,Analyst
47-2053.00,1.A.2.a.2,Manual Dexterity,LV,3.38,8,0.183,3.0164,3.7336,N,N,07/2015,Analyst
47-2053.00,1.A.2.a.3,Finger Dexterity,IM,3.25,8,0.1637,2.9292,3.5708,N,,07/2015,Analyst
47-2053.00,1.A.2.a.3,Finger Dexterity,LV,3.25,8,0.1637,2.9292,3.5708,N,N,07/2015,Analyst
47-2053.00,1.A.2.b.1,Control Precision,IM,3.12,8,0.125,2.88,3.37,N,,07/2015,Analyst
47-2053.00,1.A.2.b.1,Control Precision,LV,3.25,8,0.25,2.76,3.74,N,N,07/2015,Analyst
47-2053.00,1.A.2.b.2,Multilimb Coordination,IM,3.5,8,0.189,3.1296,3.8704,N,,07/2015,Analyst
47-2053.00,1.A.2.b.2,Multilimb Coordination,LV,3.0,8,0.0,3.0,3.0,N,N,07/2015,Analyst
47-2053.00,1.A.2.b.3,Response Orientation,IM,2.25,8,0.1637,1.9292,2.5708,N,,07/2015,Analyst
47-2053.00,1.A.2.b.3,Response Orientation,LV,2.5,8,0.189,2.1296,2.8704,N,N,07/2015,Analyst
47-2053.00,1.A.2.b.4,Rate Control,IM,2.62,8,0.183,2.2664,2.9836,N,,07/2015,Analyst
47-2053.00,1.A.2.b.4,Rate Control,LV,2.25,8,0.1637,1.9292,2.5708,N,N,07/2015,Analyst
47-2053.00,1.A.2.c.1,Reaction Time,IM,2.88,8,0.125,2.63,3.12,N,,07/2015,Analyst
47-2053.00,1.A.2.c.1,Reaction Time,LV,2.88,8,0.125,2.63,3.12,N,N,07/2015,Analyst
47-2053.00,1.A.2.c.2,Wrist-Finger Speed,IM,2.12,8,0.125,1.88,2.37,N,,07/2015,Analyst
47-2053.00,1.A.2.c.2,Wrist-Finger Speed,LV,2.62,8,0.183,2.2664,2.9836,N,N,07/2015,Analyst
47-2053.00,1.A.2.c.3,Speed of Limb Movement,IM,2.12,8,0.125,1.88,2.37,N,,07/2015,Analyst
47-2053.00,1.A.2.c.3,Speed of Limb Movement,LV,2.12,8,0.2266,1.6809,2.5691,N,N,07/2015,Analyst
47-2053.00,1.A.3.a.1,Static Strength,IM,3.12,8,0.125,2.88,3.37,N,,07/2015,Analyst
47-2053.00,1.A.3.a.1,Static Strength,LV,3.88,8,0.125,3.63,4.12,N,N,07/2015,Analyst
47-2053.00,1.A.3.a.2,Explosive Strength,IM,2.25,8,0.1637,1.9292,2.5708,N,,07/2015,Analyst
47-2053.00,1.A.3.a.2,Explosive Strength,LV,1.62,8,0.183,1.2664,1.9836,N,N,07/2015,Analyst
47-2053.00,1.A.3.a.3,Dynamic Strength,IM,3.0,8,0.189,2.6296,3.3704,N,,07/2015,Analyst
47-2053.00,1.A.3.a.3,Dynamic Strength,LV,3.12,8,0.125,2.88,3.37,N,N,07/2015,Analyst
47-2053.00,1.A.3.a.4,Trunk Strength,IM,3.5,8,0.189,3.1296,3.8704,N,,07/2015,Analyst
47-2053.00,1.A.3.a.4,Trunk Strength,LV,3.75,8,0.1637,3.4292,4.0708,N,N,07/2015,Analyst
47-2053.00,1.A.3.b.1,Stamina,IM,3.12,8,0.125,2.88,3.37,N,,07/2015,Analyst
47-2053.00,1.A.3.b.1,Stamina,LV,3.12,8,0.125,2.88,3.37,N,N,07/2015,Analyst
47-2053.00,1.A.3.c.1,Extent Flexibility,IM,3.25,8,0.1637,2.9292,3.5708,N,,07/2015,Analyst
47-2053.00,1.A.3.c.1,Extent Flexibility,LV,3.88,8,0.125,3.63,4.12,N,N,07/2015,Analyst
47-2053.00,1.A.3.c.2,Dynamic Flexibility,IM,2.12,8,0.125,1.88,2.37,N,,07/2015,Analyst
47-2053.00,1.A.3.c.2,Dynamic Flexibility,LV,1.25,8,0.1637,0.9292,1.5708,N,N,07/2015,Analyst
47-2053.00,1.A.3.c.3,Gross Body Coordination,IM,2.75,8,0.1637,2.4292,3.0708,N,,07/2015,Analyst
47-2053.00,1.A.3.c.3,Gross Body Coordination,LV,2.5,8,0.189,2.1296,2.8704,N,N,07/2015,Analyst
47-2053.00,1.A.3.c.4,Gross Body Equilibrium,IM,2.38,8,0.2631,1.8594,2.8906,N,,07/2015,Analyst
47-2053.00,1.A.3.c.4,Gross Body Equilibrium,LV,2.12,8,0.125,1.88,2.37,N,N,07/2015,Analyst
47-2053.00,1.A.4.a.1,Near Vision,IM,3.5,8,0.189,3.1296,3.8704,N,,07/2015,Analyst
47-2053.00,1.A.4.a.1,Near Vision,LV,3.25,8,0.1637,2.9292,3.5708,N,N,07/2015,Analyst
47-2053.00,1.A.4.a.2,Far Vision,IM,3.25,8,0.1637,2.9292,3.5708,N,,07/2015,Analyst
47-2053.00,1.A.4.a.2,Far Vision,LV,3.0,8,0.189,2.6296,3.3704,N,N,07/2015,Analyst
47-2053.00,1.A.4.a.3,Visual Color Discrimination,IM,3.0,8,0.0,3.0,3.0,N,,07/2015,Analyst
47-2053.00,1.A.4.a.3,Visual Color Discrimination,LV,3.12,8,0.125,2.88,3.37,N,N,07/2015,Analyst
47-2053.00,1.A.4.a.4,Night Vision,IM,1.75,8,0.1637,1.4292,2.0708,N,,07/2015,Analyst
47-2053.00,1.A.4.a.4,Night Vision,LV,1.0,8,0.2673,0.4762,1.5238,N,N,07/2015,Analyst
47-2053.00,1.A.4.a.5,Peripheral Vision,IM,1.88,8,0.125,1.63,2.12,N,,07/2015,Analyst
47-2053.00,1.A.4.a.5,Peripheral Vision,LV,1.12,8,0.2266,0.6809,1.5691,N,N,07/2015,Analyst
47-2053.00,1.A.4.a.6,Depth Perception,IM,2.88,8,0.125,2.63,3.12,N,,07/2015,Analyst
47-2053.00,1.A.4.a.6,Depth Perception,LV,2.5,8,0.189,2.1296,2.8704,N,N,07/2015,Analyst
47-2053.00,1.A.4.a.7,Glare Sensitivity,IM,2.0,8,0.0,2.0,2.0,N,,07/2015,Analyst
47-2053.00,1.A.4.a.7,Glare Sensitivity,LV,2.0,8,0.0,2.0,2.0,N,N,07/2015,Analyst
47-2053.00,1.A.4.b.1,Hearing Sensitivity,IM,2.0,8,0.0,2.0,2.0,N,,07/2015,Analyst
47-2053.00,1.A.4.b.1,Hearing Sensitivity,LV,2.0,8,0.0,2.0,2.0,N,N,07/2015,Analyst
47-2053.00,1.A.4.b.2,Auditory Attention,IM,2.5,8,0.189,2.1296,2.8704,N,,07/2015,Analyst
47-2053.00,1.A.4.b.2,Auditory Attention,LV,2.75,8,0.1637,2.4292,3.0708,N,N,07/2015,Analyst
47-2053.00,1.A.4.b.3,Sound Localization,IM,1.88,8,0.125,1.63,2.12,N,,07/2015,Analyst
47-2053.00,1.A.4.b.3,Sound Localization,LV,1.62,8,0.2631,1.1094,2.1406,N,N,07/2015,Analyst
47-2053.00,1.A.4.b.4,Speech Recognition,IM,2.88,8,0.125,2.63,3.12,N,,07/2015,Analyst
47-2053.00,1.A.4.b.4,Speech Recognition,LV,2.88,8,0.125,2.63,3.12,N,N,07/2015,Analyst
47-2053.00,1.A.4.b.5,Speech Clarity,IM,2.75,8,0.1637,2.4292,3.0708,N,,07/2015,Analyst
47-2053.00,1.A.4.b.5,Speech Clarity,LV,2.38,8,0.2631,1.8594,2.8906,N,N,07/2015,Analyst
47-2061.00,1.A.1.a.1,Oral Comprehension,IM,3.25,8,0.1637,2.9292,3.5708,N,,08/2020,Analyst
47-2061.00,1.A.1.a.1,Oral Comprehension,LV,3.38,8,0.183,3.0164,3.7336,N,N,08/2020,Analyst
47-2061.00,1.A.1.a.2,Written Comprehension,IM,2.88,8,0.125,2.63,3.12,N,,08/2020,Analyst
47-2061.00,1.A.1.a.2,Written Comprehension,LV,2.88,8,0.125,2.63,3.12,N,N,08/2020,Analyst
47-2061.00,1.A.1.a.3,Oral Expression,IM,3.25,8,0.1637,2.9292,3.5708,N,,08/2020,Analyst
47-2061.00,1.A.1.a.3,Oral Expression,LV,3.12,8,0.125,2.88,3.37,N,N,08/2020,Analyst
47-2061.00,1.A.1.a.4,Written Expression,IM,2.12,8,0.125,1.88,2.37,N,,08/2020,Analyst
47-2061.00,1.A.1.a.4,Written Expression,LV,2.0,8,0.0,2.0,2.0,N,N,08/2020,Analyst
47-2061.00,1.A.1.b.1,Fluency of Ideas,IM,2.25,8,0.1637,1.9292,2.5708,N,,08/2020,Analyst
47-2061.00,1.A.1.b.1,Fluency of Ideas,LV,2.12,8,0.125,1.88,2.37,N,N,08/2020,Analyst
47-2061.00,1.A.1.b.2,Originality,IM,2.0,8,0.0,2.0,2.0,N,,08/2020,Analyst
47-2061.00,1.A.1.b.2,Originality,LV,2.0,8,0.0,2.0,2.0,N,N,08/2020,Analyst
47-2061.00,1.A.1.b.3,Problem Sensitivity,IM,3.25,8,0.1637,2.9292,3.5708,N,,08/2020,Analyst
47-2061.00,1.A.1.b.3,Problem Sensitivity,LV,3.0,8,0.0,3.0,3.0,N,N,08/2020,Analyst
47-2061.00,1.A.1.b.4,Deductive Reasoning,IM,3.0,8,0.189,2.6296,3.3704,N,,08/2020,Analyst
47-2061.00,1.A.1.b.4,Deductive Reasoning,LV,2.62,8,0.183,2.2664,2.9836,N,N,08/2020,Analyst
47-2061.00,1.A.1.b.5,Inductive Reasoning,IM,2.88,8,0.125,2.63,3.12,N,,08/2020,Analyst
47-2061.00,1.A.1.b.5,Inductive Reasoning,LV,2.62,8,0.183,2.2664,2.9836,N,N,08/2020,Analyst
47-2061.00,1.A.1.b.6,Information Ordering,IM,3.12,8,0.125,2.88,3.37,N,,08/2020,Analyst
47-2061.00,1.A.1.b.6,Information Ordering,LV,3.0,8,0.0,3.0,3.0,N,N,08/2020,Analyst
47-2061.00,1.A.1.b.7,Category Flexibility,IM,3.0,8,0.189,2.6296,3.3704,N,,08/2020,Analyst
47-2061.00,1.A.1.b.7,Category Flexibility,LV,2.88,8,0.125,2.63,3.12,N,N,08/2020,Analyst
47-2061.00,1.A.1.c.1,Mathematical Reasoning,IM,2.0,8,0.0,2.0,2.0,N,,08/2020,Analyst
47-2061.00,1.A.1.c.1,Mathematical Reasoning,LV,1.75,8,0.1637,1.4292,2.0708,N,N,08/2020,Analyst
47-2061.00,1.A.1.c.2,Number Facility,IM,1.88,8,0.125,1.63,2.12,N,,08/2020,Analyst
47-2061.00,1.A.1.c.2,Number Facility,LV,1.12,8,0.2266,0.6809,1.5691,N,N,08/2020,Analyst
47-2061.00,1.A.1.d.1,Memorization,IM,2.0,8,0.0,2.0,2.0,N,,08/2020,Analyst
47-2061.00,1.A.1.d.1,Memorization,LV,1.75,8,0.1637,1.4292,2.0708,N,N,08/2020,Analyst
47-2061.00,1.A.1.e.1,Speed of Closure,IM,2.12,8,0.125,1.88,2.37,N,,08/2020,Analyst
47-2061.00,1.A.1.e.1,Speed of Closure,LV,1.88,8,0.125,1.63,2.12,N,N,08/2020,Analyst
47-2061.00,1.A.1.e.2,Flexibility of Closure,IM,2.25,8,0.1637,1.9292,2.5708,N,,08/2020,Analyst
47-2061.00,1.A.1.e.2,Flexibility of Closure,LV,2.0,8,0.0,2.0,2.0,N,N,08/2020,Analyst
47-2061.00,1.A.1.e.3,Perceptual Speed,IM,2.5,8,0.189,2.1296,2.8704,N,,08/2020,Analyst
47-2061.00,1.A.1.e.3,Perceptual Speed,LV,2.25,8,0.1637,1.9292,2.5708,N,N,08/2020,Analyst
47-2061.00,1.A.1.f.1,Spatial Orientation,IM,2.25,8,0.1637,1.9292,2.5708,N,,08/2020,Analyst
47-2061.00,1.A.1.f.1,Spatial Orientation,LV,2.12,8,0.125,1.88,2.37,N,N,08/2020,Analyst
47-2061.00,1.A.1.f.2,Visualization,IM,2.88,8,0.2266,2.4309,3.3191,N,,08/2020,Analyst
47-2061.00,1.A.1.f.2,Visualization,LV,2.88,8,0.2266,2.4309,3.3191,N,N,08/2020,Analyst
47-2061.00,1.A.1.g.1,Selective Attention,IM,3.0,8,0.0,3.0,3.0,N,,08/2020,Analyst
47-2061.00,1.A.1.g.1,Selective Attention,LV,2.88,8,0.125,2.63,3.12,N,N,08/2020,Analyst
47-2061.00,1.A.1.g.2,Time Sharing,IM,2.5,8,0.189,2.1296,2.8704,N,,08/2020,Analyst
47-2061.00,1.A.1.g.2,Time Sharing,LV,2.12,8,0.125,1.88,2.37,N,N,08/2020,Analyst
47-2061.00,1.A.2.a.1,Arm-Hand Steadiness,IM,3.5,8,0.189,3.1296,3.8704,N,,08/2020,Analyst
47-2061.00,1.A.2.a.1,Arm-Hand Steadiness,LV,3.12,8,0.125,2.88,3.37,N,N,08/2020,Analyst
47-2061.00,1.A.2.a.2,Manual Dexterity,IM,3.88,8,0.125,3.63,4.12,N,,08/2020,Analyst
47-2061.00,1.A.2.a.2,Manual Dexterity,LV,3.75,8,0.1637,3.4292,4.0708,N,N,08/2020,Analyst
47-2061.00,1.A.2.a.3,Finger Dexterity,IM,3.12,8,0.2266,2.6809,3.5691,N,,08/2020,Analyst
47-2061.00,1.A.2.a.3,Finger Dexterity,LV,3.0,8,0.189,2.6296,3.3704,N,N,08/2020,Analyst
47-2061.00,1.A.2.b.1,Control Precision,IM,3.25,8,0.1637,2.9292,3.5708,N,,08/2020,Analyst
47-2061.00,1.A.2.b.1,Control Precision,LV,3.38,8,0.183,3.0164,3.7336,N,N,08/2020,Analyst
47-2061.00,1.A.2.b.2,Multilimb Coordination,IM,3.62,8,0.183,3.2664,3.9836,N,,08/2020,Analyst
47-2061.00,1.A.2.b.2,Multilimb Coordination,LV,3.38,8,0.183,3.0164,3.7336,N,N,08/2020,Analyst
47-2061.00,1.A.2.b.3,Response Orientation,IM,2.88,8,0.2266,2.4309,3.3191,N,,08/2020,Analyst
47-2061.00,1.A.2.b.3,Response Orientation,LV,3.0,8,0.189,2.6296,3.3704,N,N,08/2020,Analyst
47-2061.00,1.A.2.b.4,Rate Control,IM,3.0,8,0.0,3.0,3.0,N,,08/2020,Analyst
47-2061.00,1.A.2.b.4,Rate Control,LV,2.62,8,0.183,2.2664,2.9836,N,N,08/2020,Analyst
47-2061.00,1.A.2.c.1,Reaction Time,IM,2.88,8,0.2266,2.4309,3.3191,N,,08/2020,Analyst
47-2061.00,1.A.2.c.1,Reaction Time,LV,3.12,8,0.125,2.88,3.37,N,N,08/2020,Analyst
47-2061.00,1.A.2.c.2,Wrist-Finger Speed,IM,2.25,8,0.1637,1.9292,2.5708,N,,08/2020,Analyst
47-2061.00,1.A.2.c.2,Wrist-Finger Speed,LV,1.62,8,0.2631,1.1094,2.1406,N,N,08/2020,Analyst
47-2061.00,1.A.2.c.3,Speed of Limb Movement,IM,2.0,8,0.0,2.0,2.0,N,,08/2020,Analyst
47-2061.00,1.A.2.c.3,Speed of Limb Movement,LV,2.0,8,0.0,2.0,2.0,N,N,08/2020,Analyst
47-2061.00,1.A.3.a.1,Static Strength,IM,3.75,8,0.1637,3.4292,4.0708,N,,08/2020,Analyst
47-2061.00,1.A.3.a.1,Static Strength,LV,4.0,8,0.189,3.6296,4.3704,N,N,08/2020,Analyst
47-2061.00,1.A.3.a.2,Explosive Strength,IM,2.25,8,0.1637,1.9292,2.5708,N,,08/2020,Analyst
47-2061.00,1.A.3.a.2,Explosive Strength,LV,1.38,8,0.183,1.0164,1.7336,N,N,08/2020,Analyst
47-2061.00,1.A.3.a.3,Dynamic Strength,IM,3.12,8,0.125,2.88,3.37,N,,08/2020,Analyst
47-2061.00,1.A.3.a.3,Dynamic Strength,LV,3.12,8,0.125,2.88,3.37,N,N,08/2020,Analyst
47-2061.00,1.A.3.a.4,Trunk Strength,IM,3.25,8,0.1637,2.9292,3.5708,N,,08/2020,Analyst
47-2061.00,1.A.3.a.4,Trunk Strength,LV,3.75,8,0.1637,3.4292,4.0708,N,N,08/2020,Analyst
47-2061.00,1.A.3.b.1,Stamina,IM,3.12,8,0.125,2.88,3.37,N,,08/2020,Analyst
47-2061.00,1.A.3.b.1,Stamina,LV,3.12,8,0.125,2.88,3.37,N,N,08/2020,Analyst
47-2061.00,1.A.3.c.1,Extent Flexibility,IM,3.12,8,0.125,2.88,3.37,N,,08/2020,Analyst
47-2061.00,1.A.3.c.1,Extent Flexibility,LV,3.12,8,0.125,2.88,3.37,N,N,08/2020,Analyst
47-2061.00,1.A.3.c.2,Dynamic Flexibility,IM,2.0,8,0.189,1.6296,2.3704,N,,08/2020,Analyst
47-2061.00,1.A.3.c.2,Dynamic Flexibility,LV,1.12,8,0.2266,0.6809,1.5691,N,N,08/2020,Analyst
47-2061.00,1.A.3.c.3,Gross Body Coordination,IM,2.62,8,0.183,2.2664,2.9836,N,,08/2020,Analyst
47-2061.00,1.A.3.c.3,Gross Body Coordination,LV,2.75,8,0.1637,2.4292,3.0708,N,N,08/2020,Analyst
47-2061.00,1.A.3.c.4,Gross Body Equilibrium,IM,2.75,8,0.1637,2.4292,3.0708,N,,08/2020,Analyst
47-2061.00,1.A.3.c.4,Gross Body Equilibrium,LV,2.62,8,0.183,2.2664,2.9836,N,N,08/2020,Analyst
47-2061.00,1.A.4.a.1,Near Vision,IM,3.25,8,0.1637,2.9292,3.5708,N,,08/2020,Analyst
47-2061.00,1.A.4.a.1,Near Vision,LV,3.25,8,0.1637,2.9292,3.5708,N,N,08/2020,Analyst
47-2061.00,1.A.4.a.2,Far Vision,IM,3.12,8,0.125,2.88,3.37,N,,08/2020,Analyst
47-2061.00,1.A.4.a.2,Far Vision,LV,3.0,8,0.0,3.0,3.0,N,N,08/2020,Analyst
47-2061.00,1.A.4.a.3,Visual Color Discrimination,IM,2.75,8,0.1637,2.4292,3.0708,N,,08/2020,Analyst
47-2061.00,1.A.4.a.3,Visual Color Discrimination,LV,2.88,8,0.125,2.63,3.12,N,N,08/2020,Analyst
47-2061.00,1.A.4.a.4,Night Vision,IM,1.75,8,0.1637,1.4292,2.0708,N,,08/2020,Analyst
47-2061.00,1.A.4.a.4,Night Vision,LV,1.38,8,0.3239,0.7402,2.0098,N,N,08/2020,Analyst
47-2061.00,1.A.4.a.5,Peripheral Vision,IM,2.12,8,0.125,1.88,2.37,N,,08/2020,Analyst
47-2061.00,1.A.4.a.5,Peripheral Vision,LV,2.12,8,0.125,1.88,2.37,N,N,08/2020,Analyst
47-2061.00,1.A.4.a.6,Depth Perception,IM,3.0,8,0.0,3.0,3.0,N,,08/2020,Analyst
47-2061.00,1.A.4.a.6,Depth Perception,LV,3.0,8,0.0,3.0,3.0,N,N,08/2020,Analyst
47-2061.00,1.A.4.a.7,Glare Sensitivity,IM,2.0,8,0.0,2.0,2.0,N,,08/2020,Analyst
47-2061.00,1.A.4.a.7,Glare Sensitivity,LV,2.0,8,0.0,2.0,2.0,N,N,08/2020,Analyst
47-2061.00,1.A.4.b.1,Hearing Sensitivity,IM,2.0,8,0.0,2.0,2.0,N,,08/2020,Analyst
47-2061.00,1.A.4.b.1,Hearing Sensitivity,LV,2.0,8,0.0,2.0,2.0,N,N,08/2020,Analyst
47-2061.00,1.A.4.b.2,Auditory Attention,IM,2.5,8,0.189,2.1296,2.8704,N,,08/2020,Analyst
47-2061.00,1.A.4.b.2,Auditory Attention,LV,3.0,8,0.0,3.0,3.0,N,N,08/2020,Analyst
47-2061.00,1.A.4.b.3,Sound Localization,IM,1.88,8,0.125,1.63,2.12,N,,08/2020,Analyst
47-2061.00,1.A.4.b.3,Sound Localization,LV,1.5,8,0.2673,0.9762,2.0238,N,N,08/2020,Analyst
47-2061.00,1.A.4.b.4,Speech Recognition,IM,3.0,8,0.0,3.0,3.0,N,,08/2020,Analyst
47-2061.00,1.A.4.b.4,Speech Recognition,LV,2.88,8,0.125,2.63,3.12,N,N,08/2020,Analyst
47-2061.00,1.A.4.b.5,Speech Clarity,IM,3.0,8,0.0,3.0,3.0,N,,08/2020,Analyst
47-2061.00,1.A.4.b.5,Speech Clarity,LV,2.88,8,0.125,2.63,3.12,N,N,08/2020,Analyst
47-2071.00,1.A.1.a.1,Oral Comprehension,IM,3.0,8,0.0,3.0,3.0,N,,08/2020,Analyst
47-2071.00,1.A.1.a.1,Oral Comprehension,LV,3.0,8,0.0,3.0,3.0,N,N,08/2020,Analyst
47-2071.00,1.A.1.a.2,Written Comprehension,IM,2.38,8,0.183,2.0164,2.7336,N,,08/2020,Analyst
47-2071.00,1.A.1.a.2,Written Comprehension,LV,2.12,8,0.125,1.88,2.37,N,N,08/2020,Analyst
47-2071.00,1.A.1.a.3,Oral Expression,IM,3.0,8,0.0,3.0,3.0,N,,08/2020,Analyst
47-2071.00,1.A.1.a.3,Oral Expression,LV,3.0,8,0.0,3.0,3.0,N,N,08/2020,Analyst
47-2071.00,1.A.1.a.4,Written Expression,IM,1.88,8,0.125,1.63,2.12,N,,08/2020,Analyst
47-2071.00,1.A.1.a.4,Written Expression,LV,1.62,8,0.2631,1.1094,2.1406,N,N,08/2020,Analyst
47-2071.00,1.A.1.b.1,Fluency of Ideas,IM,1.75,8,0.1637,1.4292,2.0708,N,,08/2020,Analyst
47-2071.00,1.A.1.b.1,Fluency of Ideas,LV,1.5,8,0.3273,0.8584,2.1416,N,N,08/2020,Analyst
47-2071.00,1.A.1.b.2,Originality,IM,1.88,8,0.125,1.63,2.12,N,,08/2020,Analyst
47-2071.00,1.A.1.b.2,Originality,LV,1.62,8,0.2631,1.1094,2.1406,N,N,08/2020,Analyst
47-2071.00,1.A.1.b.3,Problem Sensitivity,IM,3.62,8,0.183,3.2664,3.9836,N,,08/2020,Analyst
47-2071.00,1.A.1.b.3,Problem Sensitivity,LV,2.88,8,0.125,2.63,3.12,N,N,08/2020,Analyst
47-2071.00,1.A.1.b.4,Deductive Reasoning,IM,3.0,8,0.189,2.6296,3.3704,N,,08/2020,Analyst
47-2071.00,1.A.1.b.4,Deductive Reasoning,LV,2.75,8,0.1637,2.4292,3.0708,N,N,08/2020,Analyst
47-2071.00,1.A.1.b.5,Inductive Reasoning,IM,2.75,8,0.1637,2.4292,3.0708,N,,08/2020,Analyst
47-2071.00,1.A.1.b.5,Inductive Reasoning,LV,2.5,8,0.189,2.1296,2.8704,N,N,08/2020,Analyst
47-2071.00,1.A.1.b.6,Information Ordering,IM,3.0,8,0.0,3.0,3.0,N,,08/2020,Analyst
47-2071.00,1.A.1.b.6,Information Ordering,LV,3.0,8,0.0,3.0,3.0,N,N,08/2020,Analyst
47-2071.00,1.A.1.b.7,Category Flexibility,IM,2.75,8,0.1637,2.4292,3.0708,N,,08/2020,Analyst
47-2071.00,1.A.1.b.7,Category Flexibility,LV,2.25,8,0.1637,1.9292,2.5708,N,N,08/2020,Analyst
47-2071.00,1.A.1.c.1,Mathematical Reasoning,IM,2.0,8,0.0,2.0,2.0,N,,08/2020,Analyst
47-2071.00,1.A.1.c.1,Mathematical Reasoning,LV,1.75,8,0.1637,1.4292,2.0708,N,N,08/2020,Analyst
47-2071.00,1.A.1.c.2,Number Facility,IM,2.0,8,0.0,2.0,2.0,N,,08/2020,Analyst
47-2071.00,1.A.1.c.2,Number Facility,LV,2.0,8,0.0,2.0,2.0,N,N,08/2020,Analyst
47-2071.00,1.A.1.d.1,Memorization,IM,2.0,8,0.0,2.0,2.0,N,,08/2020,Analyst
47-2071.00,1.A.1.d.1,Memorization,LV,1.75,8,0.1637,1.4292,2.0708,N,N,08/2020,Analyst
47-2071.00,1.A.1.e.1,Speed of Closure,IM,2.0,8,0.0,2.0,2.0,N,,08/2020,Analyst
47-2071.00,1.A.1.e.1,Speed of Closure,LV,1.75,8,0.1637,1.4292,2.0708,N,N,08/2020,Analyst
47-2071.00,1.A.1.e.2,Flexibility of Closure,IM,2.5,8,0.189,2.1296,2.8704,N,,08/2020,Analyst
47-2071.00,1.A.1.e.2,Flexibility of Closure,LV,2.25,8,0.1637,1.9292,2.5708,N,N,08/2020,Analyst
47-2071.00,1.A.1.e.3,Perceptual Speed,IM,2.75,8,0.1637,2.4292,3.0708,N,,08/2020,Analyst
47-2071.00,1.A.1.e.3,Perceptual Speed,LV,2.88,8,0.125,2.63,3.12,N,N,08/2020,Analyst
47-2071.00,1.A.1.f.1,Spatial Orientation,IM,2.88,8,0.125,2.63,3.12,N,,08/2020,Analyst
47-2071.00,1.A.1.f.1,Spatial Orientation,LV,2.5,8,0.189,2.1296,2.8704,N,N,08/2020,Analyst
47-2071.00,1.A.1.f.2,Visualization,IM,3.0,8,0.0,3.0,3.0,N,,08/2020,Analyst
47-2071.00,1.A.1.f.2,Visualization,LV,3.0,8,0.0,3.0,3.0,N,N,08/2020,Analyst
47-2071.00,1.A.1.g.1,Selective Attention,IM,3.0,8,0.0,3.0,3.0,N,,08/2020,Analyst
47-2071.00,1.A.1.g.1,Selective Attention,LV,3.0,8,0.0,3.0,3.0,N,N,08/2020,Analyst
47-2071.00,1.A.1.g.2,Time Sharing,IM,2.88,8,0.125,2.63,3.12,N,,08/2020,Analyst
47-2071.00,1.A.1.g.2,Time Sharing,LV,2.88,8,0.125,2.63,3.12,N,N,08/2020,Analyst
47-2071.00,1.A.2.a.1,Arm-Hand Steadiness,IM,3.0,8,0.0,3.0,3.0,N,,08/2020,Analyst
47-2071.00,1.A.2.a.1,Arm-Hand Steadiness,LV,3.0,8,0.0,3.0,3.0,N,N,08/2020,Analyst
47-2071.00,1.A.2.a.2,Manual Dexterity,IM,3.0,8,0.0,3.0,3.0,N,,08/2020,Analyst
47-2071.00,1.A.2.a.2,Manual Dexterity,LV,2.88,8,0.125,2.63,3.12,N,N,08/2020,Analyst
47-2071.00,1.A.2.a.3,Finger Dexterity,IM,2.88,8,0.125,2.63,3.12,N,,08/2020,Analyst
47-2071.00,1.A.2.a.3,Finger Dexterity,LV,3.0,8,0.0,3.0,3.0,N,N,08/2020,Analyst
47-2071.00,1.A.2.b.1,Control Precision,IM,3.75,8,0.1637,3.4292,4.0708,N,,08/2020,Analyst
47-2071.00,1.A.2.b.1,Control Precision,LV,3.88,8,0.125,3.63,4.12,N,N,08/2020,Analyst
47-2071.00,1.A.2.b.2,Multilimb Coordination,IM,3.38,8,0.183,3.0164,3.7336,N,,08/2020,Analyst
47-2071.00,1.A.2.b.2,Multilimb Coordination,LV,4.0,8,0.0,4.0,4.0,N,N,08/2020,Analyst
47-2071.00,1.A.2.b.3,Response Orientation,IM,3.0,8,0.189,2.6296,3.3704,N,,08/2020,Analyst
47-2071.00,1.A.2.b.3,Response Orientation,LV,3.25,8,0.1637,2.9292,3.5708,N,N,08/2020,Analyst
47-2071.00,1.A.2.b.4,Rate Control,IM,3.25,8,0.1637,2.9292,3.5708,N,,08/2020,Analyst
47-2071.00,1.A.2.b.4,Rate Control,LV,3.25,8,0.1637,2.9292,3.5708,N,N,08/2020,Analyst
47-2071.00,1.A.2.c.1,Reaction Time,IM,3.25,8,0.1637,2.9292,3.5708,N,,08/2020,Analyst
47-2071.00,1.A.2.c.1,Reaction Time,LV,3.5,8,0.189,3.1296,3.8704,N,N,08/2020,Analyst
47-2071.00,1.A.2.c.2,Wrist-Finger Speed,IM,2.25,8,0.1637,1.9292,2.5708,N,,08/2020,Analyst
47-2071.00,1.A.2.c.2,Wrist-Finger Speed,LV,2.12,8,0.125,1.88,2.37,N,N,08/2020,Analyst
47-2071.00,1.A.2.c.3,Speed of Limb Movement,IM,2.12,8,0.2266,1.6809,2.5691,N,,08/2020,Analyst
47-2071.00,1.A.2.c.3,Speed of Limb Movement,LV,2.0,8,0.3273,1.3584,2.6416,N,N,08/2020,Analyst
47-2071.00,1.A.3.a.1,Static Strength,IM,3.12,8,0.125,2.88,3.37,N,,08/2020,Analyst
47-2071.00,1.A.3.a.1,Static Strength,LV,3.25,8,0.1637,2.9292,3.5708,N,N,08/2020,Analyst
47-2071.00,1.A.3.a.2,Explosive Strength,IM,1.88,8,0.125,1.63,2.12,N,,08/2020,Analyst
47-2071.00,1.A.3.a.2,Explosive Strength,LV,1.25,8,0.25,0.76,1.74,N,N,08/2020,Analyst
47-2071.00,1.A.3.a.3,Dynamic Strength,IM,2.38,8,0.2631,1.8594,2.8906,N,,08/2020,Analyst
47-2071.00,1.A.3.a.3,Dynamic Strength,LV,2.25,8,0.1637,1.9292,2.5708,N,N,08/2020,Analyst
47-2071.00,1.A.3.a.4,Trunk Strength,IM,3.12,8,0.125,2.88,3.37,N,,08/2020,Analyst
47-2071.00,1.A.3.a.4,Trunk Strength,LV,3.25,8,0.1637,2.9292,3.5708,N,N,08/2020,Analyst
47-2071.00,1.A.3.b.1,Stamina,IM,2.75,8,0.1637,2.4292,3.0708,N,,08/2020,Analyst
47-2071.00,1.A.3.b.1,Stamina,LV,2.38,8,0.183,2.0164,2.7336,N,N,08/2020,Analyst
47-2071.00,1.A.3.c.1,Extent Flexibility,IM,3.0,8,0.0,3.0,3.0,N,,08/2020,Analyst
47-2071.00,1.A.3.c.1,Extent Flexibility,LV,3.0,8,0.0,3.0,3.0,N,N,08/2020,Analyst
47-2071.00,1.A.3.c.2,Dynamic Flexibility,IM,1.75,8,0.1637,1.4292,2.0708,N,,08/2020,Analyst
47-2071.00,1.A.3.c.2,Dynamic Flexibility,LV,1.0,8,0.2673,0.4762,1.5238,N,N,08/2020,Analyst
47-2071.00,1.A.3.c.3,Gross Body Coordination,IM,2.62,8,0.183,2.2664,2.9836,N,,08/2020,Analyst
47-2071.00,1.A.3.c.3,Gross Body Coordination,LV,2.12,8,0.125,1.88,2.37,N,N,08/2020,Analyst
47-2071.00,1.A.3.c.4,Gross Body Equilibrium,IM,2.12,8,0.125,1.88,2.37,N,,08/2020,Analyst
47-2071.00,1.A.3.c.4,Gross Body Equilibrium,LV,1.88,8,0.125,1.63,2.12,N,N,08/2020,Analyst
47-2071.00,1.A.4.a.1,Near Vision,IM,2.88,8,0.125,2.63,3.12,N,,08/2020,Analyst
47-2071.00,1.A.4.a.1,Near Vision,LV,2.88,8,0.125,2.63,3.12,N,N,08/2020,Analyst
47-2071.00,1.A.4.a.2,Far Vision,IM,3.12,8,0.125,2.88,3.37,N,,08/2020,Analyst
47-2071.00,1.A.4.a.2,Far Vision,LV,3.0,8,0.0,3.0,3.0,N,N,08/2020,Analyst
47-2071.00,1.A.4.a.3,Visual Color Discrimination,IM,2.38,8,0.183,2.0164,2.7336,N,,08/2020,Analyst
47-2071.00,1.A.4.a.3,Visual Color Discrimination,LV,2.0,8,0.189,1.6296,2.3704,N,N,08/2020,Analyst
47-2071.00,1.A.4.a.4,Night Vision,IM,1.75,8,0.1637,1.4292,2.0708,N,,08/2020,Analyst
47-2071.00,1.A.4.a.4,Night Vision,LV,1.0,8,0.2673,0.4762,1.5238,N,N,08/2020,Analyst
47-2071.00,1.A.4.a.5,Peripheral Vision,IM,2.25,8,0.1637,1.9292,2.5708,N,,08/2020,Analyst
47-2071.00,1.A.4.a.5,Peripheral Vision,LV,2.25,8,0.1637,1.9292,2.5708,N,N,08/2020,Analyst
47-2071.00,1.A.4.a.6,Depth Perception,IM,3.0,8,0.0,3.0,3.0,N,,08/2020,Analyst
47-2071.00,1.A.4.a.6,Depth Perception,LV,3.12,8,0.125,2.88,3.37,N,N,08/2020,Analyst
47-2071.00,1.A.4.a.7,Glare Sensitivity,IM,2.12,8,0.125,1.88,2.37,N,,08/2020,Analyst
47-2071.00,1.A.4.a.7,Glare Sensitivity,LV,2.38,8,0.183,2.0164,2.7336,N,N,08/2020,Analyst
47-2071.00,1.A.4.b.1,Hearing Sensitivity,IM,2.75,8,0.1637,2.4292,3.0708,N,,08/2020,Analyst
47-2071.00,1.A.4.b.1,Hearing Sensitivity,LV,2.88,8,0.125,2.63,3.12,N,N,08/2020,Analyst
47-2071.00,1.A.4.b.2,Auditory Attention,IM,2.62,8,0.183,2.2664,2.9836,N,,08/2020,Analyst
47-2071.00,1.A.4.b.2,Auditory Attention,LV,2.88,8,0.2266,2.4309,3.3191,N,N,08/2020,Analyst
47-2071.00,1.A.4.b.3,Sound Localization,IM,1.88,8,0.125,1.63,2.12,N,,08/2020,Analyst
47-2071.00,1.A.4.b.3,Sound Localization,LV,1.5,8,0.2673,0.9762,2.0238,N,N,08/2020,Analyst
47-2071.00,1.A.4.b.4,Speech Recognition,IM,3.0,8,0.0,3.0,3.0,N,,08/2020,Analyst
47-2071.00,1.A.4.b.4,Speech Recognition,LV,2.75,8,0.1637,2.4292,3.0708,N,N,08/2020,Analyst
47-2071.00,1.A.4.b.5,Speech Clarity,IM,3.0,8,0.0,3.0,3.0,N,,08/2020,Analyst
47-2071.00,1.A.4.b.5,Speech Clarity,LV,2.62,8,0.183,2.2664,2.9836,N,N,08/2020,Analyst
47-2072.00,1.A.1.a.1,Oral Comprehension,IM,3.0,8,0.0,3.0,3.0,N,,08/2018,Analyst
47-2072.00,1.A.1.a.1,Oral Comprehension,LV,3.12,8,0.125,2.88,3.37,N,N,08/2018,Analyst
47-2072.00,1.A.1.a.2,Written Comprehension,IM,2.25,8,0.1637,1.9292,2.5708,N,,08/2018,Analyst
47-2072.00,1.A.1.a.2,Written Comprehension,LV,2.38,8,0.183,2.0164,2.7336,N,N,08/2018,Analyst
47-2072.00,1.A.1.a.3,Oral Expression,IM,3.0,8,0.0,3.0,3.0,N,,08/2018,Analyst
47-2072.00,1.A.1.a.3,Oral Expression,LV,2.88,8,0.125,2.63,3.12,N,N,08/2018,Analyst
47-2072.00,1.A.1.a.4,Written Expression,IM,2.0,8,0.0,2.0,2.0,N,,08/2018,Analyst
47-2072.00,1.A.1.a.4,Written Expression,LV,2.0,8,0.0,2.0,2.0,N,N,08/2018,Analyst
47-2072.00,1.A.1.b.1,Fluency of Ideas,IM,2.0,8,0.0,2.0,2.0,N,,08/2018,Analyst
47-2072.00,1.A.1.b.1,Fluency of Ideas,LV,2.0,8,0.0,2.0,2.0,N,N,08/2018,Analyst
47-2072.00,1.A.1.b.2,Originality,IM,1.88,8,0.125,1.63,2.12,N,,08/2018,Analyst
47-2072.00,1.A.1.b.2,Originality,LV,1.88,8,0.295,1.2967,2.4533,N,N,08/2018,Analyst
47-2072.00,1.A.1.b.3,Problem Sensitivity,IM,3.5,8,0.189,3.1296,3.8704,N,,08/2018,Analyst
47-2072.00,1.A.1.b.3,Problem Sensitivity,LV,3.0,8,0.0,3.0,3.0,N,N,08/2018,Analyst
47-2072.00,1.A.1.b.4,Deductive Reasoning,IM,3.12,8,0.125,2.88,3.37,N,,08/2018,Analyst
47-2072.00,1.A.1.b.4,Deductive Reasoning,LV,2.88,8,0.125,2.63,3.12,N,N,08/2018,Analyst
47-2072.00,1.A.1.b.5,Inductive Reasoning,IM,3.0,8,0.0,3.0,3.0,N,,08/2018,Analyst
47-2072.00,1.A.1.b.5,Inductive Reasoning,LV,2.75,8,0.1637,2.4292,3.0708,N,N,08/2018,Analyst
47-2072.00,1.A.1.b.6,Information Ordering,IM,3.0,8,0.0,3.0,3.0,N,,08/2018,Analyst
47-2072.00,1.A.1.b.6,Information Ordering,LV,2.75,8,0.1637,2.4292,3.0708,N,N,08/2018,Analyst
47-2072.00,1.A.1.b.7,Category Flexibility,IM,2.62,8,0.183,2.2664,2.9836,N,,08/2018,Analyst
47-2072.00,1.A.1.b.7,Category Flexibility,LV,2.12,8,0.125,1.88,2.37,N,N,08/2018,Analyst
47-2072.00,1.A.1.c.1,Mathematical Reasoning,IM,2.12,8,0.125,1.88,2.37,N,,08/2018,Analyst
47-2072.00,1.A.1.c.1,Mathematical Reasoning,LV,1.25,8,0.1637,0.9292,1.5708,N,N,08/2018,Analyst
47-2072.00,1.A.1.c.2,Number Facility,IM,2.12,8,0.125,1.88,2.37,N,,08/2018,Analyst
47-2072.00,1.A.1.c.2,Number Facility,LV,1.12,8,0.125,0.88,1.37,N,N,08/2018,Analyst
47-2072.00,1.A.1.d.1,Memorization,IM,1.88,8,0.125,1.63,2.12,N,,08/2018,Analyst
47-2072.00,1.A.1.d.1,Memorization,LV,1.25,8,0.25,0.76,1.74,N,N,08/2018,Analyst
47-2072.00,1.A.1.e.1,Speed of Closure,IM,2.0,8,0.0,2.0,2.0,N,,08/2018,Analyst
47-2072.00,1.A.1.e.1,Speed of Closure,LV,1.75,8,0.1637,1.4292,2.0708,N,N,08/2018,Analyst
47-2072.00,1.A.1.e.2,Flexibility of Closure,IM,2.38,8,0.183,2.0164,2.7336,N,,08/2018,Analyst
47-2072.00,1.A.1.e.2,Flexibility of Closure,LV,2.38,8,0.183,2.0164,2.7336,N,N,08/2018,Analyst
47-2072.00,1.A.1.e.3,Perceptual Speed,IM,2.88,8,0.125,2.63,3.12,N,,08/2018,Analyst
47-2072.00,1.A.1.e.3,Perceptual Speed,LV,2.88,8,0.125,2.63,3.12,N,N,08/2018,Analyst
47-2072.00,1.A.1.f.1,Spatial Orientation,IM,3.0,8,0.189,2.6296,3.3704,N,,08/2018,Analyst
47-2072.00,1.A.1.f.1,Spatial Orientation,LV,2.75,8,0.1637,2.4292,3.0708,N,N,08/2018,Analyst
47-2072.00,1.A.1.f.2,Visualization,IM,3.12,8,0.125,2.88,3.37,N,,08/2018,Analyst
47-2072.00,1.A.1.f.2,Visualization,LV,3.25,8,0.1637,2.9292,3.5708,N,N,08/2018,Analyst
47-2072.00,1.A.1.g.1,Selective Attention,IM,3.25,8,0.1637,2.9292,3.5708,N,,08/2018,Analyst
47-2072.00,1.A.1.g.1,Selective Attention,LV,3.12,8,0.125,2.88,3.37,N,N,08/2018,Analyst
47-2072.00,1.A.1.g.2,Time Sharing,IM,2.75,8,0.1637,2.4292,3.0708,N,,08/2018,Analyst
47-2072.00,1.A.1.g.2,Time Sharing,LV,2.88,8,0.125,2.63,3.12,N,N,08/2018,Analyst
47-2072.00,1.A.2.a.1,Arm-Hand Steadiness,IM,3.25,8,0.1637,2.9292,3.5708,N,,08/2018,Analyst
47-2072.00,1.A.2.a.1,Arm-Hand Steadiness,LV,2.88,8,0.125,2.63,3.12,N,N,08/2018,Analyst
47-2072.00,1.A.2.a.2,Manual Dexterity,IM,3.62,8,0.183,3.2664,3.9836,N,,08/2018,Analyst
47-2072.00,1.A.2.a.2,Manual Dexterity,LV,3.0,8,0.0,3.0,3.0,N,N,08/2018,Analyst
47-2072.00,1.A.2.a.3,Finger Dexterity,IM,3.0,8,0.0,3.0,3.0,N,,08/2018,Analyst
47-2072.00,1.A.2.a.3,Finger Dexterity,LV,2.88,8,0.125,2.63,3.12,N,N,08/2018,Analyst
47-2072.00,1.A.2.b.1,Control Precision,IM,4.12,8,0.125,3.88,4.37,N,,08/2018,Analyst
47-2072.00,1.A.2.b.1,Control Precision,LV,4.0,8,0.0,4.0,4.0,N,N,08/2018,Analyst
47-2072.00,1.A.2.b.2,Multilimb Coordination,IM,4.0,8,0.0,4.0,4.0,N,,08/2018,Analyst
47-2072.00,1.A.2.b.2,Multilimb Coordination,LV,4.0,8,0.0,4.0,4.0,N,N,08/2018,Analyst
47-2072.00,1.A.2.b.3,Response Orientation,IM,3.38,8,0.183,3.0164,3.7336,N,,08/2018,Analyst
47-2072.00,1.A.2.b.3,Response Orientation,LV,3.75,8,0.1637,3.4292,4.0708,N,N,08/2018,Analyst
47-2072.00,1.A.2.b.4,Rate Control,IM,3.5,8,0.189,3.1296,3.8704,N,,08/2018,Analyst
47-2072.00,1.A.2.b.4,Rate Control,LV,3.38,8,0.183,3.0164,3.7336,N,N,08/2018,Analyst
47-2072.00,1.A.2.c.1,Reaction Time,IM,3.88,8,0.125,3.63,4.12,N,,08/2018,Analyst
47-2072.00,1.A.2.c.1,Reaction Time,LV,4.0,8,0.0,4.0,4.0,N,N,08/2018,Analyst
47-2072.00,1.A.2.c.2,Wrist-Finger Speed,IM,2.62,8,0.183,2.2664,2.9836,N,,08/2018,Analyst
47-2072.00,1.A.2.c.2,Wrist-Finger Speed,LV,2.25,8,0.1637,1.9292,2.5708,N,N,08/2018,Analyst
47-2072.00,1.A.2.c.3,Speed of Limb Movement,IM,2.25,8,0.25,1.76,2.74,N,,08/2018,Analyst
47-2072.00,1.A.2.c.3,Speed of Limb Movement,LV,2.0,8,0.3273,1.3584,2.6416,N,N,08/2018,Analyst
47-2072.00,1.A.3.a.1,Static Strength,IM,2.75,8,0.1637,2.4292,3.0708,N,,08/2018,Analyst
47-2072.00,1.A.3.a.1,Static Strength,LV,2.62,8,0.183,2.2664,2.9836,N,N,08/2018,Analyst
47-2072.00,1.A.3.a.2,Explosive Strength,IM,1.5,8,0.189,1.1296,1.8704,N,,08/2018,Analyst
47-2072.00,1.A.3.a.2,Explosive Strength,LV,0.75,8,0.3134,0.1358,1.3642,N,N,08/2018,Analyst
47-2072.00,1.A.3.a.3,Dynamic Strength,IM,2.75,8,0.25,2.26,3.24,N,,08/2018,Analyst
47-2072.00,1.A.3.a.3,Dynamic Strength,LV,2.38,8,0.183,2.0164,2.7336,N,N,08/2018,Analyst
47-2072.00,1.A.3.a.4,Trunk Strength,IM,2.62,8,0.2631,2.1094,3.1406,N,,08/2018,Analyst
47-2072.00,1.A.3.a.4,Trunk Strength,LV,2.62,8,0.183,2.2664,2.9836,N,N,08/2018,Analyst
47-2072.00,1.A.3.b.1,Stamina,IM,2.25,8,0.25,1.76,2.74,N,,08/2018,Analyst
47-2072.00,1.A.3.b.1,Stamina,LV,2.12,8,0.125,1.88,2.37,N,N,08/2018,Analyst
47-2072.00,1.A.3.c.1,Extent Flexibility,IM,2.75,8,0.1637,2.4292,3.0708,N,,08/2018,Analyst
47-2072.00,1.A.3.c.1,Extent Flexibility,LV,2.75,8,0.1637,2.4292,3.0708,N,N,08/2018,Analyst
47-2072.00,1.A.3.c.2,Dynamic Flexibility,IM,1.25,8,0.1637,1.0,1.5708,N,,08/2018,Analyst
47-2072.00,1.A.3.c.2,Dynamic Flexibility,LV,0.25,8,0.1637,0.0,0.5708,N,Y,08/2018,Analyst
47-2072.00,1.A.3.c.3,Gross Body Coordination,IM,2.75,8,0.1637,2.4292,3.0708,N,,08/2018,Analyst
47-2072.00,1.A.3.c.3,Gross Body Coordination,LV,2.25,8,0.25,1.76,2.74,N,N,08/2018,Analyst
47-2072.00,1.A.3.c.4,Gross Body Equilibrium,IM,2.38,8,0.183,2.0164,2.7336,N,,08/2018,Analyst
47-2072.00,1.A.3.c.4,Gross Body Equilibrium,LV,2.12,8,0.125,1.88,2.37,N,N,08/2018,Analyst
47-2072.00,1.A.4.a.1,Near Vision,IM,3.0,8,0.0,3.0,3.0,N,,08/2018,Analyst
47-2072.00,1.A.4.a.1,Near Vision,LV,3.0,8,0.0,3.0,3.0,N,N,08/2018,Analyst
47-2072.00,1.A.4.a.2,Far Vision,IM,3.12,8,0.125,2.88,3.37,N,,08/2018,Analyst
47-2072.00,1.A.4.a.2,Far Vision,LV,3.12,8,0.295,2.5467,3.7033,N,N,08/2018,Analyst
47-2072.00,1.A.4.a.3,Visual Color Discrimination,IM,2.12,8,0.295,1.5467,2.7033,N,,08/2018,Analyst
47-2072.00,1.A.4.a.3,Visual Color Discrimination,LV,1.62,8,0.375,0.89,2.36,N,N,08/2018,Analyst
47-2072.00,1.A.4.a.4,Night Vision,IM,1.75,8,0.1637,1.4292,2.0708,N,,08/2018,Analyst
47-2072.00,1.A.4.a.4,Night Vision,LV,1.5,8,0.3273,0.8584,2.1416,N,N,08/2018,Analyst
47-2072.00,1.A.4.a.5,Peripheral Vision,IM,2.62,8,0.183,2.2664,2.9836,N,,08/2018,Analyst
47-2072.00,1.A.4.a.5,Peripheral Vision,LV,2.75,8,0.25,2.26,3.24,N,N,08/2018,Analyst
47-2072.00,1.A.4.a.6,Depth Perception,IM,4.0,8,0.0,4.0,4.0,N,,08/2018,Analyst
47-2072.00,1.A.4.a.6,Depth Perception,LV,4.0,8,0.0,4.0,4.0,N,N,08/2018,Analyst
47-2072.00,1.A.4.a.7,Glare Sensitivity,IM,2.88,8,0.125,2.63,3.12,N,,08/2018,Analyst
47-2072.00,1.A.4.a.7,Glare Sensitivity,LV,2.88,8,0.125,2.63,3.12,N,N,08/2018,Analyst
47-2072.00,1.A.4.b.1,Hearing Sensitivity,IM,2.75,8,0.1637,2.4292,3.0708,N,,08/2018,Analyst
47-2072.00,1.A.4.b.1,Hearing Sensitivity,LV,2.75,8,0.1637,2.4292,3.0708,N,N,08/2018,Analyst
47-2072.00,1.A.4.b.2,Auditory Attention,IM,3.0,8,0.0,3.0,3.0,N,,08/2018,Analyst
47-2072.00,1.A.4.b.2,Auditory Attention,LV,3.0,8,0.0,3.0,3.0,N,N,08/2018,Analyst
47-2072.00,1.A.4.b.3,Sound Localization,IM,2.0,8,0.189,1.6296,2.3704,N,,08/2018,Analyst
47-2072.00,1.A.4.b.3,Sound Localization,LV,1.75,8,0.25,1.26,2.24,N,N,08/2018,Analyst
47-2072.00,1.A.4.b.4,Speech Recognition,IM,3.12,8,0.125,2.88,3.37,N,,08/2018,Analyst
47-2072.00,1.A.4.b.4,Speech Recognition,LV,2.38,8,0.183,2.0164,2.7336,N,N,08/2018,Analyst
47-2072.00,1.A.4.b.5,Speech Clarity,IM,2.88,8,0.125,2.63,3.12,N,,08/2018,Analyst
47-2072.00,1.A.4.b.5,Speech Clarity,LV,2.62,8,0.183,2.2664,2.9836,N,N,08/2018,Analyst
47-2073.00,1.A.1.a.1,Oral Comprehension,IM,3.12,8,0.125,2.88,3.37,N,,08/2020,Analyst
47-2073.00,1.A.1.a.1,Oral Comprehension,LV,3.5,8,0.189,3.1296,3.8704,N,N,08/2020,Analyst
47-2073.00,1.A.1.a.2,Written Comprehension,IM,2.88,8,0.2266,2.4309,3.3191,N,,08/2020,Analyst
47-2073.00,1.A.1.a.2,Written Comprehension,LV,2.88,8,0.125,2.63,3.12,N,N,08/2020,Analyst
47-2073.00,1.A.1.a.3,Oral Expression,IM,3.0,8,0.0,3.0,3.0,N,,08/2020,Analyst
47-2073.00,1.A.1.a.3,Oral Expression,LV,3.0,8,0.0,3.0,3.0,N,N,08/2020,Analyst
47-2073.00,1.A.1.a.4,Written Expression,IM,2.25,8,0.1637,1.9292,2.5708,N,,08/2020,Analyst
47-2073.00,1.A.1.a.4,Written Expression,LV,2.25,8,0.1637,1.9292,2.5708,N,N,08/2020,Analyst
47-2073.00,1.A.1.b.1,Fluency of Ideas,IM,2.25,8,0.1637,1.9292,2.5708,N,,08/2020,Analyst
47-2073.00,1.A.1.b.1,Fluency of Ideas,LV,2.12,8,0.125,1.88,2.37,N,N,08/2020,Analyst
47-2073.00,1.A.1.b.2,Originality,IM,2.12,8,0.125,1.88,2.37,N,,08/2020,Analyst
47-2073.00,1.A.1.b.2,Originality,LV,2.12,8,0.125,1.88,2.37,N,N,08/2020,Analyst
47-2073.00,1.A.1.b.3,Problem Sensitivity,IM,3.25,8,0.1637,2.9292,3.5708,N,,08/2020,Analyst
47-2073.00,1.A.1.b.3,Problem Sensitivity,LV,3.0,8,0.0,3.0,3.0,N,N,08/2020,Analyst
47-2073.00,1.A.1.b.4,Deductive Reasoning,IM,3.0,8,0.0,3.0,3.0,N,,08/2020,Analyst
47-2073.00,1.A.1.b.4,Deductive Reasoning,LV,3.0,8,0.0,3.0,3.0,N,N,08/2020,Analyst
47-2073.00,1.A.1.b.5,Inductive Reasoning,IM,3.0,8,0.0,3.0,3.0,N,,08/2020,Analyst
47-2073.00,1.A.1.b.5,Inductive Reasoning,LV,3.0,8,0.0,3.0,3.0,N,N,08/2020,Analyst
47-2073.00,1.A.1.b.6,Information Ordering,IM,3.0,8,0.0,3.0,3.0,N,,08/2020,Analyst
47-2073.00,1.A.1.b.6,Information Ordering,LV,3.0,8,0.189,2.6296,3.3704,N,N,08/2020,Analyst
47-2073.00,1.A.1.b.7,Category Flexibility,IM,2.88,8,0.125,2.63,3.12,N,,08/2020,Analyst
47-2073.00,1.A.1.b.7,Category Flexibility,LV,3.0,8,0.0,3.0,3.0,N,N,08/2020,Analyst
47-2073.00,1.A.1.c.1,Mathematical Reasoning,IM,2.12,8,0.125,1.88,2.37,N,,08/2020,Analyst
47-2073.00,1.A.1.c.1,Mathematical Reasoning,LV,1.38,8,0.183,1.0164,1.7336,N,N,08/2020,Analyst
47-2073.00,1.A.1.c.2,Number Facility,IM,2.0,8,0.0,2.0,2.0,N,,08/2020,Analyst
47-2073.00,1.A.1.c.2,Number Facility,LV,1.38,8,0.183,1.0164,1.7336,N,N,08/2020,Analyst
47-2073.00,1.A.1.d.1,Memorization,IM,2.12,8,0.125,1.88,2.37,N,,08/2020,Analyst
47-2073.00,1.A.1.d.1,Memorization,LV,1.88,8,0.125,1.63,2.12,N,N,08/2020,Analyst
47-2073.00,1.A.1.e.1,Speed of Closure,IM,2.12,8,0.125,1.88,2.37,N,,08/2020,Analyst
47-2073.00,1.A.1.e.1,Speed of Closure,LV,2.12,8,0.125,1.88,2.37,N,N,08/2020,Analyst
47-2073.00,1.A.1.e.2,Flexibility of Closure,IM,2.75,8,0.1637,2.4292,3.0708,N,,08/2020,Analyst
47-2073.00,1.A.1.e.2,Flexibility of Closure,LV,2.38,8,0.183,2.0164,2.7336,N,N,08/2020,Analyst
47-2073.00,1.A.1.e.3,Perceptual Speed,IM,3.12,8,0.125,2.88,3.37,N,,08/2020,Analyst
47-2073.00,1.A.1.e.3,Perceptual Speed,LV,3.12,8,0.125,2.88,3.37,N,N,08/2020,Analyst
47-2073.00,1.A.1.f.1,Spatial Orientation,IM,2.88,8,0.125,2.63,3.12,N,,08/2020,Analyst
47-2073.00,1.A.1.f.1,Spatial Orientation,LV,3.0,8,0.189,2.6296,3.3704,N,N,08/2020,Analyst
47-2073.00,1.A.1.f.2,Visualization,IM,3.12,8,0.125,2.88,3.37,N,,08/2020,Analyst
47-2073.00,1.A.1.f.2,Visualization,LV,3.25,8,0.1637,2.9292,3.5708,N,N,08/2020,Analyst
47-2073.00,1.A.1.g.1,Selective Attention,IM,3.0,8,0.0,3.0,3.0,N,,08/2020,Analyst
47-2073.00,1.A.1.g.1,Selective Attention,LV,3.25,8,0.1637,2.9292,3.5708,N,N,08/2020,Analyst
47-2073.00,1.A.1.g.2,Time Sharing,IM,3.0,8,0.0,3.0,3.0,N,,08/2020,Analyst
47-2073.00,1.A.1.g.2,Time Sharing,LV,3.12,8,0.125,2.88,3.37,N,N,08/2020,Analyst
47-2073.00,1.A.2.a.1,Arm-Hand Steadiness,IM,3.25,8,0.1637,2.9292,3.5708,N,,08/2020,Analyst
47-2073.00,1.A.2.a.1,Arm-Hand Steadiness,LV,3.25,8,0.1637,2.9292,3.5708,N,N,08/2020,Analyst
47-2073.00,1.A.2.a.2,Manual Dexterity,IM,3.12,8,0.125,2.88,3.37,N,,08/2020,Analyst
47-2073.00,1.A.2.a.2,Manual Dexterity,LV,3.25,8,0.1637,2.9292,3.5708,N,N,08/2020,Analyst
47-2073.00,1.A.2.a.3,Finger Dexterity,IM,3.0,8,0.189,2.6296,3.3704,N,,08/2020,Analyst
47-2073.00,1.A.2.a.3,Finger Dexterity,LV,3.0,8,0.189,2.6296,3.3704,N,N,08/2020,Analyst
47-2073.00,1.A.2.b.1,Control Precision,IM,4.12,8,0.125,3.88,4.37,N,,08/2020,Analyst
47-2073.00,1.A.2.b.1,Control Precision,LV,4.12,8,0.125,3.88,4.37,N,N,08/2020,Analyst
47-2073.00,1.A.2.b.2,Multilimb Coordination,IM,3.88,8,0.125,3.63,4.12,N,,08/2020,Analyst
47-2073.00,1.A.2.b.2,Multilimb Coordination,LV,4.0,8,0.189,3.6296,4.3704,N,N,08/2020,Analyst
47-2073.00,1.A.2.b.3,Response Orientation,IM,3.25,8,0.1637,2.9292,3.5708,N,,08/2020,Analyst
47-2073.00,1.A.2.b.3,Response Orientation,LV,3.25,8,0.1637,2.9292,3.5708,N,N,08/2020,Analyst
47-2073.00,1.A.2.b.4,Rate Control,IM,3.5,8,0.189,3.1296,3.8704,N,,08/2020,Analyst
47-2073.00,1.A.2.b.4,Rate Control,LV,3.38,8,0.183,3.0164,3.7336,N,N,08/2020,Analyst
47-2073.00,1.A.2.c.1,Reaction Time,IM,3.38,8,0.183,3.0164,3.7336,N,,08/2020,Analyst
47-2073.00,1.A.2.c.1,Reaction Time,LV,3.88,8,0.125,3.63,4.12,N,N,08/2020,Analyst
47-2073.00,1.A.2.c.2,Wrist-Finger Speed,IM,2.0,8,0.0,2.0,2.0,N,,08/2020,Analyst
47-2073.00,1.A.2.c.2,Wrist-Finger Speed,LV,2.0,8,0.0,2.0,2.0,N,N,08/2020,Analyst
47-2073.00,1.A.2.c.3,Speed of Limb Movement,IM,1.88,8,0.125,1.63,2.12,N,,08/2020,Analyst
47-2073.00,1.A.2.c.3,Speed of Limb Movement,LV,1.75,8,0.25,1.26,2.24,N,N,08/2020,Analyst
47-2073.00,1.A.3.a.1,Static Strength,IM,3.0,8,0.0,3.0,3.0,N,,08/2020,Analyst
47-2073.00,1.A.3.a.1,Static Strength,LV,3.0,8,0.0,3.0,3.0,N,N,08/2020,Analyst
47-2073.00,1.A.3.a.2,Explosive Strength,IM,1.75,8,0.25,1.26,2.24,N,,08/2020,Analyst
47-2073.00,1.A.3.a.2,Explosive Strength,LV,0.62,8,0.183,0.2664,0.9836,N,N,08/2020,Analyst
47-2073.00,1.A.3.a.3,Dynamic Strength,IM,2.12,8,0.125,1.88,2.37,N,,08/2020,Analyst
47-2073.00,1.A.3.a.3,Dynamic Strength,LV,2.12,8,0.125,1.88,2.37,N,N,08/2020,Analyst
47-2073.00,1.A.3.a.4,Trunk Strength,IM,2.75,8,0.25,2.26,3.24,N,,08/2020,Analyst
47-2073.00,1.A.3.a.4,Trunk Strength,LV,2.75,8,0.25,2.26,3.24,N,N,08/2020,Analyst
47-2073.00,1.A.3.b.1,Stamina,IM,2.12,8,0.125,1.88,2.37,N,,08/2020,Analyst
47-2073.00,1.A.3.b.1,Stamina,LV,1.88,8,0.2266,1.4309,2.3191,N,N,08/2020,Analyst
47-2073.00,1.A.3.c.1,Extent Flexibility,IM,2.88,8,0.2266,2.4309,3.3191,N,,08/2020,Analyst
47-2073.00,1.A.3.c.1,Extent Flexibility,LV,3.0,8,0.189,2.6296,3.3704,N,N,08/2020,Analyst
47-2073.00,1.A.3.c.2,Dynamic Flexibility,IM,1.0,8,0.0,1.0,1.0,N,,08/2020,Analyst
47-2073.00,1.A.3.c.2,Dynamic Flexibility,LV,0.0,8,0.0,0.0,0.0,N,Y,08/2020,Analyst
47-2073.00,1.A.3.c.3,Gross Body Coordination,IM,2.0,8,0.0,2.0,2.0,N,,08/2020,Analyst
47-2073.00,1.A.3.c.3,Gross Body Coordination,LV,2.0,8,0.0,2.0,2.0,N,N,08/2020,Analyst
47-2073.00,1.A.3.c.4,Gross Body Equilibrium,IM,2.0,8,0.0,2.0,2.0,N,,08/2020,Analyst
47-2073.00,1.A.3.c.4,Gross Body Equilibrium,LV,1.5,8,0.189,1.1296,1.8704,N,N,08/2020,Analyst
47-2073.00,1.A.4.a.1,Near Vision,IM,3.88,8,0.125,3.63,4.12,N,,08/2020,Analyst
47-2073.00,1.A.4.a.1,Near Vision,LV,3.5,8,0.189,3.1296,3.8704,N,N,08/2020,Analyst
47-2073.00,1.A.4.a.2,Far Vision,IM,3.62,8,0.183,3.2664,3.9836,N,,08/2020,Analyst
47-2073.00,1.A.4.a.2,Far Vision,LV,3.25,8,0.1637,2.9292,3.5708,N,N,08/2020,Analyst
47-2073.00,1.A.4.a.3,Visual Color Discrimination,IM,3.0,8,0.189,2.6296,3.3704,N,,08/2020,Analyst
47-2073.00,1.A.4.a.3,Visual Color Discrimination,LV,3.0,8,0.189,2.6296,3.3704,N,N,08/2020,Analyst
47-2073.00,1.A.4.a.4,Night Vision,IM,2.12,8,0.125,1.88,2.37,N,,08/2020,Analyst
47-2073.00,1.A.4.a.4,Night Vision,LV,2.0,8,0.189,1.6296,2.3704,N,N,08/2020,Analyst
47-2073.00,1.A.4.a.5,Peripheral Vision,IM,2.38,8,0.183,2.0164,2.7336,N,,08/2020,Analyst
47-2073.00,1.A.4.a.5,Peripheral Vision,LV,2.25,8,0.1637,1.9292,2.5708,N,N,08/2020,Analyst
47-2073.00,1.A.4.a.6,Depth Perception,IM,4.0,8,0.0,4.0,4.0,N,,08/2020,Analyst
47-2073.00,1.A.4.a.6,Depth Perception,LV,3.88,8,0.125,3.63,4.12,N,N,08/2020,Analyst
47-2073.00,1.A.4.a.7,Glare Sensitivity,IM,2.25,8,0.1637,1.9292,2.5708,N,,08/2020,Analyst
47-2073.00,1.A.4.a.7,Glare Sensitivity,LV,2.62,8,0.2631,2.1094,3.1406,N,N,08/2020,Analyst
47-2073.00,1.A.4.b.1,Hearing Sensitivity,IM,3.0,8,0.0,3.0,3.0,N,,08/2020,Analyst
47-2073.00,1.A.4.b.1,Hearing Sensitivity,LV,3.0,8,0.0,3.0,3.0,N,N,08/2020,Analyst
47-2073.00,1.A.4.b.2,Auditory Attention,IM,3.0,8,0.0,3.0,3.0,N,,08/2020,Analyst
47-2073.00,1.A.4.b.2,Auditory Attention,LV,3.0,8,0.0,3.0,3.0,N,N,08/2020,Analyst
47-2073.00,1.A.4.b.3,Sound Localization,IM,2.12,8,0.125,1.88,2.37,N,,08/2020,Analyst
47-2073.00,1.A.4.b.3,Sound Localization,LV,2.0,8,0.0,2.0,2.0,N,N,08/2020,Analyst
47-2073.00,1.A.4.b.4,Speech Recognition,IM,3.0,8,0.0,3.0,3.0,N,,08/2020,Analyst
47-2073.00,1.A.4.b.4,Speech Recognition,LV,3.0,8,0.0,3.0,3.0,N,N,08/2020,Analyst
47-2073.00,1.A.4.b.5,Speech Clarity,IM,3.0,8,0.0,3.0,3.0,N,,08/2020,Analyst
47-2073.00,1.A.4.b.5,Speech Clarity,LV,3.0,8,0.0,3.0,3.0,N,N,08/2020,Analyst
47-2081.00,1.A.1.a.1,Oral Comprehension,IM,3.12,8,0.125,2.88,3.37,N,,07/2016,Analyst
47-2081.00,1.A.1.a.1,Oral Comprehension,LV,3.0,8,0.0,3.0,3.0,N,N,07/2016,Analyst
47-2081.00,1.A.1.a.2,Written Comprehension,IM,2.88,8,0.125,2.63,3.12,N,,07/2016,Analyst
47-2081.00,1.A.1.a.2,Written Comprehension,LV,2.75,8,0.1637,2.4292,3.0708,N,N,07/2016,Analyst
47-2081.00,1.A.1.a.3,Oral Expression,IM,3.25,8,0.1637,2.9292,3.5708,N,,07/2016,Analyst
47-2081.00,1.A.1.a.3,Oral Expression,LV,3.0,8,0.0,3.0,3.0,N,N,07/2016,Analyst
47-2081.00,1.A.1.a.4,Written Expression,IM,2.38,8,0.183,2.0164,2.7336,N,,07/2016,Analyst
47-2081.00,1.A.1.a.4,Written Expression,LV,2.5,8,0.189,2.1296,2.8704,N,N,07/2016,Analyst
47-2081.00,1.A.1.b.1,Fluency of Ideas,IM,2.5,8,0.189,2.1296,2.8704,N,,07/2016,Analyst
47-2081.00,1.A.1.b.1,Fluency of Ideas,LV,2.25,8,0.1637,1.9292,2.5708,N,N,07/2016,Analyst
47-2081.00,1.A.1.b.2,Originality,IM,2.25,8,0.1637,1.9292,2.5708,N,,07/2016,Analyst
47-2081.00,1.A.1.b.2,Originality,LV,2.12,8,0.125,1.88,2.37,N,N,07/2016,Analyst
47-2081.00,1.A.1.b.3,Problem Sensitivity,IM,3.0,8,0.0,3.0,3.0,N,,07/2016,Analyst
47-2081.00,1.A.1.b.3,Problem Sensitivity,LV,2.88,8,0.125,2.63,3.12,N,N,07/2016,Analyst
47-2081.00,1.A.1.b.4,Deductive Reasoning,IM,3.0,8,0.0,3.0,3.0,N,,07/2016,Analyst
47-2081.00,1.A.1.b.4,Deductive Reasoning,LV,2.88,8,0.125,2.63,3.12,N,N,07/2016,Analyst
47-2081.00,1.A.1.b.5,Inductive Reasoning,IM,2.88,8,0.125,2.63,3.12,N,,07/2016,Analyst
47-2081.00,1.A.1.b.5,Inductive Reasoning,LV,2.75,8,0.1637,2.4292,3.0708,N,N,07/2016,Analyst
47-2081.00,1.A.1.b.6,Information Ordering,IM,3.12,8,0.125,2.88,3.37,N,,07/2016,Analyst
47-2081.00,1.A.1.b.6,Information Ordering,LV,2.88,8,0.125,2.63,3.12,N,N,07/2016,Analyst
47-2081.00,1.A.1.b.7,Category Flexibility,IM,2.75,8,0.1637,2.4292,3.0708,N,,07/2016,Analyst
47-2081.00,1.A.1.b.7,Category Flexibility,LV,2.75,8,0.1637,2.4292,3.0708,N,N,07/2016,Analyst
47-2081.00,1.A.1.c.1,Mathematical Reasoning,IM,2.38,8,0.183,2.0164,2.7336,N,,07/2016,Analyst
47-2081.00,1.A.1.c.1,Mathematical Reasoning,LV,1.88,8,0.125,1.63,2.12,N,N,07/2016,Analyst
47-2081.00,1.A.1.c.2,Number Facility,IM,2.12,8,0.125,1.88,2.37,N,,07/2016,Analyst
47-2081.00,1.A.1.c.2,Number Facility,LV,2.12,8,0.125,1.88,2.37,N,N,07/2016,Analyst
47-2081.00,1.A.1.d.1,Memorization,IM,2.0,8,0.0,2.0,2.0,N,,07/2016,Analyst
47-2081.00,1.A.1.d.1,Memorization,LV,1.88,8,0.125,1.63,2.12,N,N,07/2016,Analyst
47-2081.00,1.A.1.e.1,Speed of Closure,IM,2.12,8,0.125,1.88,2.37,N,,07/2016,Analyst
47-2081.00,1.A.1.e.1,Speed of Closure,LV,1.88,8,0.125,1.63,2.12,N,N,07/2016,Analyst
47-2081.00,1.A.1.e.2,Flexibility of Closure,IM,2.62,8,0.183,2.2664,2.9836,N,,07/2016,Analyst
47-2081.00,1.A.1.e.2,Flexibility of Closure,LV,2.38,8,0.183,2.0164,2.7336,N,N,07/2016,Analyst
47-2081.00,1.A.1.e.3,Perceptual Speed,IM,3.0,8,0.0,3.0,3.0,N,,07/2016,Analyst
47-2081.00,1.A.1.e.3,Perceptual Speed,LV,2.62,8,0.183,2.2664,2.9836,N,N,07/2016,Analyst
47-2081.00,1.A.1.f.1,Spatial Orientation,IM,2.25,8,0.1637,1.9292,2.5708,N,,07/2016,Analyst
47-2081.00,1.A.1.f.1,Spatial Orientation,LV,1.75,8,0.25,1.26,2.24,N,N,07/2016,Analyst
47-2081.00,1.A.1.f.2,Visualization,IM,3.25,8,0.1637,2.9292,3.5708,N,,07/2016,Analyst
47-2081.00,1.A.1.f.2,Visualization,LV,3.5,8,0.189,3.1296,3.8704,N,N,07/2016,Analyst
47-2081.00,1.A.1.g.1,Selective Attention,IM,3.12,8,0.125,2.88,3.37,N,,07/2016,Analyst
47-2081.00,1.A.1.g.1,Selective Attention,LV,2.88,8,0.125,2.63,3.12,N,N,07/2016,Analyst
47-2081.00,1.A.1.g.2,Time Sharing,IM,2.5,8,0.189,2.1296,2.8704,N,,07/2016,Analyst
47-2081.00,1.A.1.g.2,Time Sharing,LV,2.38,8,0.183,2.0164,2.7336,N,N,07/2016,Analyst
47-2081.00,1.A.2.a.1,Arm-Hand Steadiness,IM,3.62,8,0.183,3.2664,3.9836,N,,07/2016,Analyst
47-2081.00,1.A.2.a.1,Arm-Hand Steadiness,LV,3.12,8,0.125,2.88,3.37,N,N,07/2016,Analyst
47-2081.00,1.A.2.a.2,Manual Dexterity,IM,3.62,8,0.183,3.2664,3.9836,N,,07/2016,Analyst
47-2081.00,1.A.2.a.2,Manual Dexterity,LV,3.25,8,0.1637,2.9292,3.5708,N,N,07/2016,Analyst
47-2081.00,1.A.2.a.3,Finger Dexterity,IM,3.25,8,0.1637,2.9292,3.5708,N,,07/2016,Analyst
47-2081.00,1.A.2.a.3,Finger Dexterity,LV,3.25,8,0.1637,2.9292,3.5708,N,N,07/2016,Analyst
47-2081.00,1.A.2.b.1,Control Precision,IM,3.12,8,0.125,2.88,3.37,N,,07/2016,Analyst
47-2081.00,1.A.2.b.1,Control Precision,LV,3.0,8,0.0,3.0,3.0,N,N,07/2016,Analyst
47-2081.00,1.A.2.b.2,Multilimb Coordination,IM,3.12,8,0.125,2.88,3.37,N,,07/2016,Analyst
47-2081.00,1.A.2.b.2,Multilimb Coordination,LV,3.0,8,0.0,3.0,3.0,N,N,07/2016,Analyst
47-2081.00,1.A.2.b.3,Response Orientation,IM,2.0,8,0.0,2.0,2.0,N,,07/2016,Analyst
47-2081.00,1.A.2.b.3,Response Orientation,LV,1.88,8,0.125,1.63,2.12,N,N,07/2016,Analyst
47-2081.00,1.A.2.b.4,Rate Control,IM,2.25,8,0.25,1.76,2.74,N,,07/2016,Analyst
47-2081.00,1.A.2.b.4,Rate Control,LV,1.75,8,0.3134,1.1358,2.3642,N,N,07/2016,Analyst
47-2081.00,1.A.2.c.1,Reaction Time,IM,2.75,8,0.1637,2.4292,3.0708,N,,07/2016,Analyst
47-2081.00,1.A.2.c.1,Reaction Time,LV,2.88,8,0.125,2.63,3.12,N,N,07/2016,Analyst
47-2081.00,1.A.2.c.2,Wrist-Finger Speed,IM,2.0,8,0.0,2.0,2.0,N,,07/2016,Analyst
47-2081.00,1.A.2.c.2,Wrist-Finger Speed,LV,1.88,8,0.125,1.63,2.12,N,N,07/2016,Analyst
47-2081.00,1.A.2.c.3,Speed of Limb Movement,IM,2.12,8,0.125,1.88,2.37,N,,07/2016,Analyst
47-2081.00,1.A.2.c.3,Speed of Limb Movement,LV,2.0,8,0.0,2.0,2.0,N,N,07/2016,Analyst
47-2081.00,1.A.3.a.1,Static Strength,IM,3.25,8,0.1637,2.9292,3.5708,N,,07/2016,Analyst
47-2081.00,1.A.3.a.1,Static Strength,LV,3.12,8,0.125,2.88,3.37,N,N,07/2016,Analyst
47-2081.00,1.A.3.a.2,Explosive Strength,IM,2.25,8,0.25,1.76,2.74,N,,07/2016,Analyst
47-2081.00,1.A.3.a.2,Explosive Strength,LV,1.38,8,0.3239,0.7402,2.0098,N,N,07/2016,Analyst
47-2081.00,1.A.3.a.3,Dynamic Strength,IM,2.88,8,0.2266,2.4309,3.3191,N,,07/2016,Analyst
47-2081.00,1.A.3.a.3,Dynamic Strength,LV,2.75,8,0.25,2.26,3.24,N,N,07/2016,Analyst
47-2081.00,1.A.3.a.4,Trunk Strength,IM,3.62,8,0.183,3.2664,3.9836,N,,07/2016,Analyst
47-2081.00,1.A.3.a.4,Trunk Strength,LV,3.25,8,0.1637,2.9292,3.5708,N,N,07/2016,Analyst
47-2081.00,1.A.3.b.1,Stamina,IM,3.12,8,0.125,2.88,3.37,N,,07/2016,Analyst
47-2081.00,1.A.3.b.1,Stamina,LV,3.12,8,0.125,2.88,3.37,N,N,07/2016,Analyst
47-2081.00,1.A.3.c.1,Extent Flexibility,IM,3.62,8,0.183,3.2664,3.9836,N,,07/2016,Analyst
47-2081.00,1.A.3.c.1,Extent Flexibility,LV,3.88,8,0.2266,3.4309,4.3191,N,N,07/2016,Analyst
47-2081.00,1.A.3.c.2,Dynamic Flexibility,IM,1.5,8,0.189,1.1296,1.8704,N,,07/2016,Analyst
47-2081.00,1.A.3.c.2,Dynamic Flexibility,LV,0.62,8,0.2631,0.1094,1.1406,N,N,07/2016,Analyst
47-2081.00,1.A.3.c.3,Gross Body Coordination,IM,2.88,8,0.125,2.63,3.12,N,,07/2016,Analyst
47-2081.00,1.A.3.c.3,Gross Body Coordination,LV,2.88,8,0.125,2.63,3.12,N,N,07/2016,Analyst
47-2081.00,1.A.3.c.4,Gross Body Equilibrium,IM,3.5,8,0.189,3.1296,3.8704,N,,07/2016,Analyst
47-2081.00,1.A.3.c.4,Gross Body Equilibrium,LV,3.25,8,0.1637,2.9292,3.5708,N,N,07/2016,Analyst
47-2081.00,1.A.4.a.1,Near Vision,IM,3.62,8,0.183,3.2664,3.9836,N,,07/2016,Analyst
47-2081.00,1.A.4.a.1,Near Vision,LV,3.25,8,0.1637,2.9292,3.5708,N,N,07/2016,Analyst
47-2081.00,1.A.4.a.2,Far Vision,IM,3.0,8,0.0,3.0,3.0,N,,07/2016,Analyst
47-2081.00,1.A.4.a.2,Far Vision,LV,3.0,8,0.0,3.0,3.0,N,N,07/2016,Analyst
47-2081.00,1.A.4.a.3,Visual Color Discrimination,IM,2.5,8,0.189,2.1296,2.8704,N,,07/2016,Analyst
47-2081.00,1.A.4.a.3,Visual Color Discrimination,LV,2.62,8,0.183,2.2664,2.9836,N,N,07/2016,Analyst
47-2081.00,1.A.4.a.4,Night Vision,IM,1.75,8,0.1637,1.4292,2.0708,N,,07/2016,Analyst
47-2081.00,1.A.4.a.4,Night Vision,LV,0.75,8,0.1637,0.4292,1.0708,N,N,07/2016,Analyst
47-2081.00,1.A.4.a.5,Peripheral Vision,IM,1.88,8,0.125,1.63,2.12,N,,07/2016,Analyst
47-2081.00,1.A.4.a.5,Peripheral Vision,LV,0.88,8,0.125,0.63,1.12,N,N,07/2016,Analyst
47-2081.00,1.A.4.a.6,Depth Perception,IM,2.75,8,0.1637,2.4292,3.0708,N,,07/2016,Analyst
47-2081.00,1.A.4.a.6,Depth Perception,LV,2.75,8,0.1637,2.4292,3.0708,N,N,07/2016,Analyst
47-2081.00,1.A.4.a.7,Glare Sensitivity,IM,2.0,8,0.0,2.0,2.0,N,,07/2016,Analyst
47-2081.00,1.A.4.a.7,Glare Sensitivity,LV,1.38,8,0.183,1.0164,1.7336,N,N,07/2016,Analyst
47-2081.00,1.A.4.b.1,Hearing Sensitivity,IM,2.0,8,0.0,2.0,2.0,N,,07/2016,Analyst
47-2081.00,1.A.4.b.1,Hearing Sensitivity,LV,1.88,8,0.125,1.63,2.12,N,N,07/2016,Analyst
47-2081.00,1.A.4.b.2,Auditory Attention,IM,2.12,8,0.125,1.88,2.37,N,,07/2016,Analyst
47-2081.00,1.A.4.b.2,Auditory Attention,LV,2.25,8,0.1637,1.9292,2.5708,N,N,07/2016,Analyst
47-2081.00,1.A.4.b.3,Sound Localization,IM,1.75,8,0.1637,1.4292,2.0708,N,,07/2016,Analyst
47-2081.00,1.A.4.b.3,Sound Localization,LV,0.75,8,0.1637,0.4292,1.0708,N,N,07/2016,Analyst
47-2081.00,1.A.4.b.4,Speech Recognition,IM,3.0,8,0.0,3.0,3.0,N,,07/2016,Analyst
47-2081.00,1.A.4.b.4,Speech Recognition,LV,2.5,8,0.189,2.1296,2.8704,N,N,07/2016,Analyst
47-2081.00,1.A.4.b.5,Speech Clarity,IM,2.62,8,0.183,2.2664,2.9836,N,,07/2016,Analyst
47-2081.00,1.A.4.b.5,Speech Clarity,LV,2.38,8,0.2631,1.8594,2.8906,N,N,07/2016,Analyst
47-2082.00,1.A.1.a.1,Oral Comprehension,IM,3.0,8,0.0,3.0,3.0,N,,07/2015,Analyst
47-2082.00,1.A.1.a.1,Oral Comprehension,LV,2.75,8,0.1637,2.4292,3.0708,N,N,07/2015,Analyst
47-2082.00,1.A.1.a.2,Written Comprehension,IM,2.5,8,0.189,2.1296,2.8704,N,,07/2015,Analyst
47-2082.00,1.A.1.a.2,Written Comprehension,LV,2.38,8,0.183,2.0164,2.7336,N,N,07/2015,Analyst
47-2082.00,1.A.1.a.3,Oral Expression,IM,2.88,8,0.125,2.63,3.12,N,,07/2015,Analyst
47-2082.00,1.A.1.a.3,Oral Expression,LV,2.88,8,0.125,2.63,3.12,N,N,07/2015,Analyst
47-2082.00,1.A.1.a.4,Written Expression,IM,2.0,8,0.0,2.0,2.0,N,,07/2015,Analyst
47-2082.00,1.A.1.a.4,Written Expression,LV,1.88,8,0.125,1.63,2.12,N,N,07/2015,Analyst
47-2082.00,1.A.1.b.1,Fluency of Ideas,IM,2.12,8,0.125,1.88,2.37,N,,07/2015,Analyst
47-2082.00,1.A.1.b.1,Fluency of Ideas,LV,1.88,8,0.125,1.63,2.12,N,N,07/2015,Analyst
47-2082.00,1.A.1.b.2,Originality,IM,2.0,8,0.0,2.0,2.0,N,,07/2015,Analyst
47-2082.00,1.A.1.b.2,Originality,LV,1.5,8,0.189,1.1296,1.8704,N,N,07/2015,Analyst
47-2082.00,1.A.1.b.3,Problem Sensitivity,IM,2.75,8,0.1637,2.4292,3.0708,N,,07/2015,Analyst
47-2082.00,1.A.1.b.3,Problem Sensitivity,LV,2.5,8,0.189,2.1296,2.8704,N,N,07/2015,Analyst
47-2082.00,1.A.1.b.4,Deductive Reasoning,IM,2.75,8,0.1637,2.4292,3.0708,N,,07/2015,Analyst
47-2082.00,1.A.1.b.4,Deductive Reasoning,LV,2.62,8,0.183,2.2664,2.9836,N,N,07/2015,Analyst
47-2082.00,1.A.1.b.5,Inductive Reasoning,IM,2.75,8,0.1637,2.4292,3.0708,N,,07/2015,Analyst
47-2082.00,1.A.1.b.5,Inductive Reasoning,LV,2.62,8,0.183,2.2664,2.9836,N,N,07/2015,Analyst
47-2082.00,1.A.1.b.6,Information Ordering,IM,2.75,8,0.1637,2.4292,3.0708,N,,07/2015,Analyst
47-2082.00,1.A.1.b.6,Information Ordering,LV,2.62,8,0.183,2.2664,2.9836,N,N,07/2015,Analyst
47-2082.00,1.A.1.b.7,Category Flexibility,IM,2.75,8,0.25,2.26,3.24,N,,07/2015,Analyst
47-2082.00,1.A.1.b.7,Category Flexibility,LV,2.25,8,0.1637,1.9292,2.5708,N,N,07/2015,Analyst
47-2082.00,1.A.1.c.1,Mathematical Reasoning,IM,1.5,8,0.189,1.1296,1.8704,N,,07/2015,Analyst
47-2082.00,1.A.1.c.1,Mathematical Reasoning,LV,0.5,8,0.189,0.1296,0.8704,N,N,07/2015,Analyst
47-2082.00,1.A.1.c.2,Number Facility,IM,1.62,8,0.183,1.2664,1.9836,N,,07/2015,Analyst
47-2082.00,1.A.1.c.2,Number Facility,LV,0.75,8,0.25,0.26,1.24,N,N,07/2015,Analyst
47-2082.00,1.A.1.d.1,Memorization,IM,2.0,8,0.0,2.0,2.0,N,,07/2015,Analyst
47-2082.00,1.A.1.d.1,Memorization,LV,1.5,8,0.2673,0.9762,2.0238,N,N,07/2015,Analyst
47-2082.00,1.A.1.e.1,Speed of Closure,IM,1.88,8,0.125,1.63,2.12,N,,07/2015,Analyst
47-2082.00,1.A.1.e.1,Speed of Closure,LV,1.0,8,0.189,0.6296,1.3704,N,N,07/2015,Analyst
47-2082.00,1.A.1.e.2,Flexibility of Closure,IM,2.12,8,0.125,1.88,2.37,N,,07/2015,Analyst
47-2082.00,1.A.1.e.2,Flexibility of Closure,LV,1.88,8,0.125,1.63,2.12,N,N,07/2015,Analyst
47-2082.00,1.A.1.e.3,Perceptual Speed,IM,2.12,8,0.125,1.88,2.37,N,,07/2015,Analyst
47-2082.00,1.A.1.e.3,Perceptual Speed,LV,2.0,8,0.0,2.0,2.0,N,N,07/2015,Analyst
47-2082.00,1.A.1.f.1,Spatial Orientation,IM,2.0,8,0.0,2.0,2.0,N,,07/2015,Analyst
47-2082.00,1.A.1.f.1,Spatial Orientation,LV,1.62,8,0.183,1.2664,1.9836,N,N,07/2015,Analyst
47-2082.00,1.A.1.f.2,Visualization,IM,2.38,8,0.2631,1.8594,2.8906,N,,07/2015,Analyst
47-2082.00,1.A.1.f.2,Visualization,LV,2.38,8,0.183,2.0164,2.7336,N,N,07/2015,Analyst
47-2082.00,1.A.1.g.1,Selective Attention,IM,2.62,8,0.183,2.2664,2.9836,N,,07/2015,Analyst
47-2082.00,1.A.1.g.1,Selective Attention,LV,2.5,8,0.189,2.1296,2.8704,N,N,07/2015,Analyst
47-2082.00,1.A.1.g.2,Time Sharing,IM,2.25,8,0.1637,1.9292,2.5708,N,,07/2015,Analyst
47-2082.00,1.A.1.g.2,Time Sharing,LV,2.12,8,0.125,1.88,2.37,N,N,07/2015,Analyst
47-2082.00,1.A.2.a.1,Arm-Hand Steadiness,IM,3.12,8,0.125,2.88,3.37,N,,07/2015,Analyst
47-2082.00,1.A.2.a.1,Arm-Hand Steadiness,LV,3.0,8,0.0,3.0,3.0,N,N,07/2015,Analyst
47-2082.00,1.A.2.a.2,Manual Dexterity,IM,3.12,8,0.125,2.88,3.37,N,,07/2015,Analyst
47-2082.00,1.A.2.a.2,Manual Dexterity,LV,3.0,8,0.189,2.6296,3.3704,N,N,07/2015,Analyst
47-2082.00,1.A.2.a.3,Finger Dexterity,IM,2.88,8,0.125,2.63,3.12,N,,07/2015,Analyst
47-2082.00,1.A.2.a.3,Finger Dexterity,LV,2.88,8,0.125,2.63,3.12,N,N,07/2015,Analyst
47-2082.00,1.A.2.b.1,Control Precision,IM,2.88,8,0.125,2.63,3.12,N,,07/2015,Analyst
47-2082.00,1.A.2.b.1,Control Precision,LV,2.5,8,0.189,2.1296,2.8704,N,N,07/2015,Analyst
47-2082.00,1.A.2.b.2,Multilimb Coordination,IM,3.12,8,0.125,2.88,3.37,N,,07/2015,Analyst
47-2082.00,1.A.2.b.2,Multilimb Coordination,LV,2.62,8,0.183,2.2664,2.9836,N,N,07/2015,Analyst
47-2082.00,1.A.2.b.3,Response Orientation,IM,2.0,8,0.0,2.0,2.0,N,,07/2015,Analyst
47-2082.00,1.A.2.b.3,Response Orientation,LV,1.62,8,0.183,1.2664,1.9836,N,N,07/2015,Analyst
47-2082.00,1.A.2.b.4,Rate Control,IM,2.0,8,0.0,2.0,2.0,N,,07/2015,Analyst
47-2082.00,1.A.2.b.4,Rate Control,LV,1.5,8,0.189,1.1296,1.8704,N,N,07/2015,Analyst
47-2082.00,1.A.2.c.1,Reaction Time,IM,2.12,8,0.125,1.88,2.37,N,,07/2015,Analyst
47-2082.00,1.A.2.c.1,Reaction Time,LV,1.75,8,0.25,1.26,2.24,N,N,07/2015,Analyst
47-2082.00,1.A.2.c.2,Wrist-Finger Speed,IM,1.0,8,0.0,1.0,1.0,N,,07/2015,Analyst
47-2082.00,1.A.2.c.2,Wrist-Finger Speed,LV,0.0,8,0.0,0.0,0.0,N,Y,07/2015,Analyst
47-2082.00,1.A.2.c.3,Speed of Limb Movement,IM,1.75,8,0.25,1.26,2.24,N,,07/2015,Analyst
47-2082.00,1.A.2.c.3,Speed of Limb Movement,LV,1.12,8,0.3504,0.4383,1.8117,N,N,07/2015,Analyst
47-2082.00,1.A.3.a.1,Static Strength,IM,2.38,8,0.183,2.0164,2.7336,N,,07/2015,Analyst
47-2082.00,1.A.3.a.1,Static Strength,LV,2.5,8,0.189,2.1296,2.8704,N,N,07/2015,Analyst
47-2082.00,1.A.3.a.2,Explosive Strength,IM,1.88,8,0.2266,1.4309,2.3191,N,,07/2015,Analyst
47-2082.00,1.A.3.a.2,Explosive Strength,LV,1.5,8,0.378,0.7592,2.2408,N,N,07/2015,Analyst
47-2082.00,1.A.3.a.3,Dynamic Strength,IM,2.0,8,0.378,1.2592,2.7408,N,,07/2015,Analyst
47-2082.00,1.A.3.a.3,Dynamic Strength,LV,1.5,8,0.4629,0.5927,2.4073,N,N,07/2015,Analyst
47-2082.00,1.A.3.a.4,Trunk Strength,IM,3.12,8,0.2266,2.6809,3.5691,N,,07/2015,Analyst
47-2082.00,1.A.3.a.4,Trunk Strength,LV,3.25,8,0.1637,2.9292,3.5708,N,N,07/2015,Analyst
47-2082.00,1.A.3.b.1,Stamina,IM,2.75,8,0.25,2.26,3.24,N,,07/2015,Analyst
47-2082.00,1.A.3.b.1,Stamina,LV,2.25,8,0.25,1.76,2.74,N,N,07/2015,Analyst
47-2082.00,1.A.3.c.1,Extent Flexibility,IM,3.12,8,0.125,2.88,3.37,N,,07/2015,Analyst
47-2082.00,1.A.3.c.1,Extent Flexibility,LV,3.38,8,0.183,3.0164,3.7336,N,N,07/2015,Analyst
47-2082.00,1.A.3.c.2,Dynamic Flexibility,IM,1.38,8,0.2631,1.0,1.8906,N,,07/2015,Analyst
47-2082.00,1.A.3.c.2,Dynamic Flexibility,LV,0.5,8,0.378,0.0,1.2408,N,Y,07/2015,Analyst
47-2082.00,1.A.3.c.3,Gross Body Coordination,IM,2.5,8,0.189,2.1296,2.8704,N,,07/2015,Analyst
47-2082.00,1.A.3.c.3,Gross Body Coordination,LV,2.5,8,0.189,2.1296,2.8704,N,N,07/2015,Analyst
47-2082.00,1.A.3.c.4,Gross Body Equilibrium,IM,2.62,8,0.183,2.2664,2.9836,N,,07/2015,Analyst
47-2082.00,1.A.3.c.4,Gross Body Equilibrium,LV,2.62,8,0.2631,2.1094,3.1406,N,N,07/2015,Analyst
47-2082.00,1.A.4.a.1,Near Vision,IM,3.38,8,0.183,3.0164,3.7336,N,,07/2015,Analyst
47-2082.00,1.A.4.a.1,Near Vision,LV,3.38,8,0.183,3.0164,3.7336,N,N,07/2015,Analyst
47-2082.00,1.A.4.a.2,Far Vision,IM,2.5,8,0.189,2.1296,2.8704,N,,07/2015,Analyst
47-2082.00,1.A.4.a.2,Far Vision,LV,2.38,8,0.183,2.0164,2.7336,N,N,07/2015,Analyst
47-2082.00,1.A.4.a.3,Visual Color Discrimination,IM,2.38,8,0.183,2.0164,2.7336,N,,07/2015,Analyst
47-2082.00,1.A.4.a.3,Visual Color Discrimination,LV,2.25,8,0.1637,1.9292,2.5708,N,N,07/2015,Analyst
47-2082.00,1.A.4.a.4,Night Vision,IM,1.75,8,0.1637,1.4292,2.0708,N,,07/2015,Analyst
47-2082.00,1.A.4.a.4,Night Vision,LV,0.75,8,0.1637,0.4292,1.0708,N,N,07/2015,Analyst
47-2082.00,1.A.4.a.5,Peripheral Vision,IM,2.12,8,0.125,1.88,2.37,N,,07/2015,Analyst
47-2082.00,1.A.4.a.5,Peripheral Vision,LV,1.12,8,0.125,0.88,1.37,N,N,07/2015,Analyst
47-2082.00,1.A.4.a.6,Depth Perception,IM,2.12,8,0.125,1.88,2.37,N,,07/2015,Analyst
47-2082.00,1.A.4.a.6,Depth Perception,LV,2.12,8,0.125,1.88,2.37,N,N,07/2015,Analyst
47-2082.00,1.A.4.a.7,Glare Sensitivity,IM,2.0,8,0.0,2.0,2.0,N,,07/2015,Analyst
47-2082.00,1.A.4.a.7,Glare Sensitivity,LV,1.25,8,0.1637,0.9292,1.5708,N,N,07/2015,Analyst
47-2082.00,1.A.4.b.1,Hearing Sensitivity,IM,2.12,8,0.125,1.88,2.37,N,,07/2015,Analyst
47-2082.00,1.A.4.b.1,Hearing Sensitivity,LV,1.5,8,0.189,1.1296,1.8704,N,N,07/2015,Analyst
47-2082.00,1.A.4.b.2,Auditory Attention,IM,2.12,8,0.125,1.88,2.37,N,,07/2015,Analyst
47-2082.00,1.A.4.b.2,Auditory Attention,LV,1.5,8,0.189,1.1296,1.8704,N,N,07/2015,Analyst
47-2082.00,1.A.4.b.3,Sound Localization,IM,2.0,8,0.0,2.0,2.0,N,,07/2015,Analyst
47-2082.00,1.A.4.b.3,Sound Localization,LV,1.0,8,0.0,1.0,1.0,N,N,07/2015,Analyst
47-2082.00,1.A.4.b.4,Speech Recognition,IM,2.88,8,0.125,2.63,3.12,N,,07/2015,Analyst
47-2082.00,1.A.4.b.4,Speech Recognition,LV,2.12,8,0.125,1.88,2.37,N,N,07/2015,Analyst
47-2082.00,1.A.4.b.5,Speech Clarity,IM,2.88,8,0.125,2.63,3.12,N,,07/2015,Analyst
47-2082.00,1.A.4.b.5,Speech Clarity,LV,2.12,8,0.125,1.88,2.37,N,N,07/2015,Analyst
47-2111.00,1.A.1.a.1,Oral Comprehension,IM,3.75,8,0.1637,3.4292,4.0708,N,,08/2022,Analyst
47-2111.00,1.A.1.a.1,Oral Comprehension,LV,4.0,8,0.0,4.0,4.0,N,N,08/2022,Analyst
47-2111.00,1.A.1.a.2,Written Comprehension,IM,3.38,8,0.183,3.0164,3.7336,N,,08/2022,Analyst
47-2111.00,1.A.1.a.2,Written Comprehension,LV,3.12,8,0.125,2.88,3.37,N,N,08/2022,Analyst
47-2111.00,1.A.1.a.3,Oral Expression,IM,3.38,8,0.183,3.0164,3.7336,N,,08/2022,Analyst
47-2111.00,1.A.1.a.3,Oral Expression,LV,3.88,8,0.125,3.63,4.12,N,N,08/2022,Analyst
47-2111.00,1.A.1.a.4,Written Expression,IM,3.0,8,0.0,3.0,3.0,N,,08/2022,Analyst
47-2111.00,1.A.1.a.4,Written Expression,LV,3.0,8,0.0,3.0,3.0,N,N,08/2022,Analyst
47-2111.00,1.A.1.b.1,Fluency of Ideas,IM,3.0,8,0.0,3.0,3.0,N,,08/2022,Analyst
47-2111.00,1.A.1.b.1,Fluency of Ideas,LV,3.0,8,0.0,3.0,3.0,N,N,08/2022,Analyst
47-2111.00,1.A.1.b.2,Originality,IM,2.88,8,0.125,2.63,3.12,N,,08/2022,Analyst
47-2111.00,1.A.1.b.2,Originality,LV,3.0,8,0.0,3.0,3.0,N,N,08/2022,Analyst
47-2111.00,1.A.1.b.3,Problem Sensitivity,IM,4.0,8,0.0,4.0,4.0,N,,08/2022,Analyst
47-2111.00,1.A.1.b.3,Problem Sensitivity,LV,3.88,8,0.125,3.63,4.12,N,N,08/2022,Analyst
47-2111.00,1.A.1.b.4,Deductive Reasoning,IM,3.88,8,0.125,3.63,4.12,N,,08/2022,Analyst
47-2111.00,1.A.1.b.4,Deductive Reasoning,LV,4.0,8,0.0,4.0,4.0,N,N,08/2022,Analyst
47-2111.00,1.A.1.b.5,Inductive Reasoning,IM,3.88,8,0.125,3.63,4.12,N,,08/2022,Analyst
47-2111.00,1.A.1.b.5,Inductive Reasoning,LV,3.88,8,0.125,3.63,4.12,N,N,08/2022,Analyst
47-2111.00,1.A.1.b.6,Information Ordering,IM,3.75,8,0.1637,3.4292,4.0708,N,,08/2022,Analyst
47-2111.00,1.A.1.b.6,Information Ordering,LV,3.88,8,0.125,3.63,4.12,N,N,08/2022,Analyst
47-2111.00,1.A.1.b.7,Category Flexibility,IM,3.25,8,0.1637,2.9292,3.5708,N,,08/2022,Analyst
47-2111.00,1.A.1.b.7,Category Flexibility,LV,3.25,8,0.1637,2.9292,3.5708,N,N,08/2022,Analyst
47-2111.00,1.A.1.c.1,Mathematical Reasoning,IM,3.0,8,0.0,3.0,3.0,N,,08/2022,Analyst
47-2111.00,1.A.1.c.1,Mathematical Reasoning,LV,3.0,8,0.0,3.0,3.0,N,N,08/2022,Analyst
47-2111.00,1.A.1.c.2,Number Facility,IM,3.0,8,0.0,3.0,3.0,N,,08/2022,Analyst
47-2111.00,1.A.1.c.2,Number Facility,LV,3.0,8,0.0,3.0,3.0,N,N,08/2022,Analyst
47-2111.00,1.A.1.d.1,Memorization,IM,2.88,8,0.125,2.63,3.12,N,,08/2022,Analyst
47-2111.00,1.A.1.d.1,Memorization,LV,3.0,8,0.0,3.0,3.0,N,N,08/2022,Analyst
47-2111.00,1.A.1.e.1,Speed of Closure,IM,2.75,8,0.1637,2.4292,3.0708,N,,08/2022,Analyst
47-2111.00,1.A.1.e.1,Speed of Closure,LV,2.88,8,0.125,2.63,3.12,N,N,08/2022,Analyst
47-2111.00,1.A.1.e.2,Flexibility of Closure,IM,3.25,8,0.1637,2.9292,3.5708,N,,08/2022,Analyst
47-2111.00,1.A.1.e.2,Flexibility of Closure,LV,3.25,8,0.1637,2.9292,3.5708,N,N,08/2022,Analyst
47-2111.00,1.A.1.e.3,Perceptual Speed,IM,3.0,8,0.0,3.0,3.0,N,,08/2022,Analyst
47-2111.00,1.A.1.e.3,Perceptual Speed,LV,3.12,8,0.125,2.88,3.37,N,N,08/2022,Analyst
47-2111.00,1.A.1.f.1,Spatial Orientation,IM,2.12,8,0.125,1.88,2.37,N,,08/2022,Analyst
47-2111.00,1.A.1.f.1,Spatial Orientation,LV,2.25,8,0.1637,1.9292,2.5708,N,N,08/2022,Analyst
47-2111.00,1.A.1.f.2,Visualization,IM,3.38,8,0.183,3.0164,3.7336,N,,08/2022,Analyst
47-2111.00,1.A.1.f.2,Visualization,LV,4.0,8,0.0,4.0,4.0,N,N,08/2022,Analyst
47-2111.00,1.A.1.g.1,Selective Attention,IM,3.12,8,0.125,2.88,3.37,N,,08/2022,Analyst
47-2111.00,1.A.1.g.1,Selective Attention,LV,3.12,8,0.125,2.88,3.37,N,N,08/2022,Analyst
47-2111.00,1.A.1.g.2,Time Sharing,IM,2.88,8,0.125,2.63,3.12,N,,08/2022,Analyst
47-2111.00,1.A.1.g.2,Time Sharing,LV,2.88,8,0.125,2.63,3.12,N,N,08/2022,Analyst
47-2111.00,1.A.2.a.1,Arm-Hand Steadiness,IM,3.62,8,0.183,3.2664,3.9836,N,,08/2022,Analyst
47-2111.00,1.A.2.a.1,Arm-Hand Steadiness,LV,3.12,8,0.125,2.88,3.37,N,N,08/2022,Analyst
47-2111.00,1.A.2.a.2,Manual Dexterity,IM,3.25,8,0.1637,2.9292,3.5708,N,,08/2022,Analyst
47-2111.00,1.A.2.a.2,Manual Dexterity,LV,3.25,8,0.1637,2.9292,3.5708,N,N,08/2022,Analyst
47-2111.00,1.A.2.a.3,Finger Dexterity,IM,3.75,8,0.1637,3.4292,4.0708,N,,08/2022,Analyst
47-2111.00,1.A.2.a.3,Finger Dexterity,LV,3.25,8,0.1637,2.9292,3.5708,N,N,08/2022,Analyst
47-2111.00,1.A.2.b.1,Control Precision,IM,3.12,8,0.125,2.88,3.37,N,,08/2022,Analyst
47-2111.00,1.A.2.b.1,Control Precision,LV,3.25,8,0.1637,2.9292,3.5708,N,N,08/2022,Analyst
47-2111.00,1.A.2.b.2,Multilimb Coordination,IM,3.0,8,0.0,3.0,3.0,N,,08/2022,Analyst
47-2111.00,1.A.2.b.2,Multilimb Coordination,LV,3.0,8,0.0,3.0,3.0,N,N,08/2022,Analyst
47-2111.00,1.A.2.b.3,Response Orientation,IM,2.62,8,0.183,2.2664,2.9836,N,,08/2022,Analyst
47-2111.00,1.A.2.b.3,Response Orientation,LV,2.75,8,0.1637,2.4292,3.0708,N,N,08/2022,Analyst
47-2111.00,1.A.2.b.4,Rate Control,IM,2.0,8,0.0,2.0,2.0,N,,08/2022,Analyst
47-2111.00,1.A.2.b.4,Rate Control,LV,1.88,8,0.125,1.63,2.12,N,N,08/2022,Analyst
47-2111.00,1.A.2.c.1,Reaction Time,IM,2.88,8,0.125,2.63,3.12,N,,08/2022,Analyst
47-2111.00,1.A.2.c.1,Reaction Time,LV,3.0,8,0.189,2.6296,3.3704,N,N,08/2022,Analyst
47-2111.00,1.A.2.c.2,Wrist-Finger Speed,IM,2.75,8,0.1637,2.4292,3.0708,N,,08/2022,Analyst
47-2111.00,1.A.2.c.2,Wrist-Finger Speed,LV,1.88,8,0.125,1.63,2.12,N,N,08/2022,Analyst
47-2111.00,1.A.2.c.3,Speed of Limb Movement,IM,2.25,8,0.25,1.76,2.74,N,,08/2022,Analyst
47-2111.00,1.A.2.c.3,Speed of Limb Movement,LV,1.75,8,0.25,1.26,2.24,N,N,08/2022,Analyst
47-2111.00,1.A.3.a.1,Static Strength,IM,2.75,8,0.1637,2.4292,3.0708,N,,08/2022,Analyst
47-2111.00,1.A.3.a.1,Static Strength,LV,3.25,8,0.1637,2.9292,3.5708,N,N,08/2022,Analyst
47-2111.00,1.A.3.a.2,Explosive Strength,IM,2.25,8,0.1637,1.9292,2.5708,N,,08/2022,Analyst
47-2111.00,1.A.3.a.2,Explosive Strength,LV,1.62,8,0.2631,1.1094,2.1406,N,N,08/2022,Analyst
47-2111.00,1.A.3.a.3,Dynamic Strength,IM,2.5,8,0.189,2.1296,2.8704,N,,08/2022,Analyst
47-2111.00,1.A.3.a.3,Dynamic Strength,LV,2.75,8,0.1637,2.4292,3.0708,N,N,08/2022,Analyst
47-2111.00,1.A.3.a.4,Trunk Strength,IM,3.38,8,0.183,3.0164,3.7336,N,,08/2022,Analyst
47-2111.00,1.A.3.a.4,Trunk Strength,LV,3.38,8,0.183,3.0164,3.7336,N,N,08/2022,Analyst
47-2111.00,1.A.3.b.1,Stamina,IM,2.75,8,0.1637,2.4292,3.0708,N,,08/2022,Analyst
47-2111.00,1.A.3.b.1,Stamina,LV,3.0,8,0.0,3.0,3.0,N,N,08/2022,Analyst
47-2111.00,1.A.3.c.1,Extent Flexibility,IM,3.5,8,0.189,3.1296,3.8704,N,,08/2022,Analyst
47-2111.00,1.A.3.c.1,Extent Flexibility,LV,3.75,8,0.1637,3.4292,4.0708,N,N,08/2022,Analyst
47-2111.00,1.A.3.c.2,Dynamic Flexibility,IM,1.25,8,0.1637,1.0,1.5708,N,,08/2022,Analyst
47-2111.00,1.A.3.c.2,Dynamic Flexibility,LV,0.38,8,0.2631,0.0,0.8906,N,Y,08/2022,Analyst
47-2111.00,1.A.3.c.3,Gross Body Coordination,IM,2.88,8,0.125,2.63,3.12,N,,08/2022,Analyst
47-2111.00,1.A.3.c.3,Gross Body Coordination,LV,2.88,8,0.125,2.63,3.12,N,N,08/2022,Analyst
47-2111.00,1.A.3.c.4,Gross Body Equilibrium,IM,3.0,8,0.0,3.0,3.0,N,,08/2022,Analyst
47-2111.00,1.A.3.c.4,Gross Body Equilibrium,LV,3.0,8,0.0,3.0,3.0,N,N,08/2022,Analyst
47-2111.00,1.A.4.a.1,Near Vision,IM,4.0,8,0.0,4.0,4.0,N,,08/2022,Analyst
47-2111.00,1.A.4.a.1,Near Vision,LV,4.12,8,0.125,3.88,4.37,N,N,08/2022,Analyst
47-2111.00,1.A.4.a.2,Far Vision,IM,3.25,8,0.1637,2.9292,3.5708,N,,08/2022,Analyst
47-2111.00,1.A.4.a.2,Far Vision,LV,3.62,8,0.183,3.2664,3.9836,N,N,08/2022,Analyst
47-2111.00,1.A.4.a.3,Visual Color Discrimination,IM,3.62,8,0.183,3.2664,3.9836,N,,08/2022,Analyst
47-2111.00,1.A.4.a.3,Visual Color Discrimination,LV,4.0,8,0.0,4.0,4.0,N,N,08/2022,Analyst
47-2111.00,1.A.4.a.4,Night Vision,IM,2.0,8,0.0,2.0,2.0,N,,08/2022,Analyst
47-2111.00,1.A.4.a.4,Night Vision,LV,1.62,8,0.183,1.2664,1.9836,N,N,08/2022,Analyst
47-2111.00,1.A.4.a.5,Peripheral Vision,IM,2.0,8,0.0,2.0,2.0,N,,08/2022,Analyst
47-2111.00,1.A.4.a.5,Peripheral Vision,LV,1.75,8,0.1637,1.4292,2.0708,N,N,08/2022,Analyst
47-2111.00,1.A.4.a.6,Depth Perception,IM,3.0,8,0.0,3.0,3.0,N,,08/2022,Analyst
47-2111.00,1.A.4.a.6,Depth Perception,LV,2.88,8,0.125,2.63,3.12,N,N,08/2022,Analyst
47-2111.00,1.A.4.a.7,Glare Sensitivity,IM,2.25,8,0.1637,1.9292,2.5708,N,,08/2022,Analyst
47-2111.00,1.A.4.a.7,Glare Sensitivity,LV,2.12,8,0.125,1.88,2.37,N,N,08/2022,Analyst
47-2111.00,1.A.4.b.1,Hearing Sensitivity,IM,2.62,8,0.183,2.2664,2.9836,N,,08/2022,Analyst
47-2111.00,1.A.4.b.1,Hearing Sensitivity,LV,2.75,8,0.1637,2.4292,3.0708,N,N,08/2022,Analyst
47-2111.00,1.A.4.b.2,Auditory Attention,IM,2.88,8,0.125,2.63,3.12,N,,08/2022,Analyst
47-2111.00,1.A.4.b.2,Auditory Attention,LV,2.88,8,0.125,2.63,3.12,N,N,08/2022,Analyst
47-2111.00,1.A.4.b.3,Sound Localization,IM,2.0,8,0.0,2.0,2.0,N,,08/2022,Analyst
47-2111.00,1.A.4.b.3,Sound Localization,LV,1.88,8,0.125,1.63,2.12,N,N,08/2022,Analyst
47-2111.00,1.A.4.b.4,Speech Recognition,IM,3.0,8,0.0,3.0,3.0,N,,08/2022,Analyst
47-2111.00,1.A.4.b.4,Speech Recognition,LV,3.12,8,0.125,2.88,3.37,N,N,08/2022,Analyst
47-2111.00,1.A.4.b.5,Speech Clarity,IM,3.0,8,0.0,3.0,3.0,N,,08/2022,Analyst
47-2111.00,1.A.4.b.5,Speech Clarity,LV,3.12,8,0.125,2.88,3.37,N,N,08/2022,Analyst
47-2121.00,1.A.1.a.1,Oral Comprehension,IM,3.0,8,0.0,3.0,3.0,N,,08/2023,Analyst
47-2121.00,1.A.1.a.1,Oral Comprehension,LV,3.5,8,0.189,3.1296,3.8704,N,N,08/2023,Analyst
47-2121.00,1.A.1.a.2,Written Comprehension,IM,3.0,8,0.189,2.6296,3.3704,N,,08/2023,Analyst
47-2121.00,1.A.1.a.2,Written Comprehension,LV,3.0,8,0.0,3.0,3.0,N,N,08/2023,Analyst
47-2121.00,1.A.1.a.3,Oral Expression,IM,2.88,8,0.125,2.63,3.12,N,,08/2023,Analyst
47-2121.00,1.A.1.a.3,Oral Expression,LV,3.0,8,0.0,3.0,3.0,N,N,08/2023,Analyst
47-2121.00,1.A.1.a.4,Written Expression,IM,2.25,8,0.1637,1.9292,2.5708,N,,08/2023,Analyst
47-2121.00,1.A.1.a.4,Written Expression,LV,2.25,8,0.1637,1.9292,2.5708,N,N,08/2023,Analyst
47-2121.00,1.A.1.b.1,Fluency of Ideas,IM,2.38,8,0.183,2.0164,2.7336,N,,08/2023,Analyst
47-2121.00,1.A.1.b.1,Fluency of Ideas,LV,2.12,8,0.125,1.88,2.37,N,N,08/2023,Analyst
47-2121.00,1.A.1.b.2,Originality,IM,2.25,8,0.1637,1.9292,2.5708,N,,08/2023,Analyst
47-2121.00,1.A.1.b.2,Originality,LV,2.0,8,0.0,2.0,2.0,N,N,08/2023,Analyst
47-2121.00,1.A.1.b.3,Problem Sensitivity,IM,3.25,8,0.1637,2.9292,3.5708,N,,08/2023,Analyst
47-2121.00,1.A.1.b.3,Problem Sensitivity,LV,3.0,8,0.0,3.0,3.0,N,N,08/2023,Analyst
47-2121.00,1.A.1.b.4,Deductive Reasoning,IM,3.0,8,0.0,3.0,3.0,N,,08/2023,Analyst
47-2121.00,1.A.1.b.4,Deductive Reasoning,LV,3.0,8,0.0,3.0,3.0,N,N,08/2023,Analyst
47-2121.00,1.A.1.b.5,Inductive Reasoning,IM,3.0,8,0.0,3.0,3.0,N,,08/2023,Analyst
47-2121.00,1.A.1.b.5,Inductive Reasoning,LV,2.88,8,0.125,2.63,3.12,N,N,08/2023,Analyst
47-2121.00,1.A.1.b.6,Information Ordering,IM,3.12,8,0.125,2.88,3.37,N,,08/2023,Analyst
47-2121.00,1.A.1.b.6,Information Ordering,LV,3.0,8,0.0,3.0,3.0,N,N,08/2023,Analyst
47-2121.00,1.A.1.b.7,Category Flexibility,IM,3.0,8,0.0,3.0,3.0,N,,08/2023,Analyst
47-2121.00,1.A.1.b.7,Category Flexibility,LV,3.0,8,0.0,3.0,3.0,N,N,08/2023,Analyst
47-2121.00,1.A.1.c.1,Mathematical Reasoning,IM,2.25,8,0.1637,1.9292,2.5708,N,,08/2023,Analyst
47-2121.00,1.A.1.c.1,Mathematical Reasoning,LV,2.0,8,0.0,2.0,2.0,N,N,08/2023,Analyst
47-2121.00,1.A.1.c.2,Number Facility,IM,2.25,8,0.1637,1.9292,2.5708,N,,08/2023,Analyst
47-2121.00,1.A.1.c.2,Number Facility,LV,2.12,8,0.125,1.88,2.37,N,N,08/2023,Analyst
47-2121.00,1.A.1.d.1,Memorization,IM,2.0,8,0.0,2.0,2.0,N,,08/2023,Analyst
47-2121.00,1.A.1.d.1,Memorization,LV,1.62,8,0.183,1.2664,1.9836,N,N,08/2023,Analyst
47-2121.00,1.A.1.e.1,Speed of Closure,IM,2.0,8,0.0,2.0,2.0,N,,08/2023,Analyst
47-2121.00,1.A.1.e.1,Speed of Closure,LV,2.12,8,0.125,1.88,2.37,N,N,08/2023,Analyst
47-2121.00,1.A.1.e.2,Flexibility of Closure,IM,2.25,8,0.1637,1.9292,2.5708,N,,08/2023,Analyst
47-2121.00,1.A.1.e.2,Flexibility of Closure,LV,2.12,8,0.125,1.88,2.37,N,N,08/2023,Analyst
47-2121.00,1.A.1.e.3,Perceptual Speed,IM,2.25,8,0.1637,1.9292,2.5708,N,,08/2023,Analyst
47-2121.00,1.A.1.e.3,Perceptual Speed,LV,2.25,8,0.25,1.76,2.74,N,N,08/2023,Analyst
47-2121.00,1.A.1.f.1,Spatial Orientation,IM,2.0,8,0.0,2.0,2.0,N,,08/2023,Analyst
47-2121.00,1.A.1.f.1,Spatial Orientation,LV,1.25,8,0.1637,0.9292,1.5708,N,N,08/2023,Analyst
47-2121.00,1.A.1.f.2,Visualization,IM,3.0,8,0.0,3.0,3.0,N,,08/2023,Analyst
47-2121.00,1.A.1.f.2,Visualization,LV,3.12,8,0.125,2.88,3.37,N,N,08/2023,Analyst
47-2121.00,1.A.1.g.1,Selective Attention,IM,3.0,8,0.0,3.0,3.0,N,,08/2023,Analyst
47-2121.00,1.A.1.g.1,Selective Attention,LV,3.0,8,0.0,3.0,3.0,N,N,08/2023,Analyst
47-2121.00,1.A.1.g.2,Time Sharing,IM,2.25,8,0.1637,1.9292,2.5708,N,,08/2023,Analyst
47-2121.00,1.A.1.g.2,Time Sharing,LV,2.25,8,0.1637,1.9292,2.5708,N,N,08/2023,Analyst
47-2121.00,1.A.2.a.1,Arm-Hand Steadiness,IM,3.88,8,0.125,3.63,4.12,N,,08/2023,Analyst
47-2121.00,1.A.2.a.1,Arm-Hand Steadiness,LV,3.25,8,0.1637,2.9292,3.5708,N,N,08/2023,Analyst
47-2121.00,1.A.2.a.2,Manual Dexterity,IM,3.25,8,0.1637,2.9292,3.5708,N,,08/2023,Analyst
47-2121.00,1.A.2.a.2,Manual Dexterity,LV,3.12,8,0.125,2.88,3.37,N,N,08/2023,Analyst
47-2121.00,1.A.2.a.3,Finger Dexterity,IM,3.0,8,0.0,3.0,3.0,N,,08/2023,Analyst
47-2121.00,1.A.2.a.3,Finger Dexterity,LV,3.0,8,0.0,3.0,3.0,N,N,08/2023,Analyst
47-2121.00,1.A.2.b.1,Control Precision,IM,3.12,8,0.125,2.88,3.37,N,,08/2023,Analyst
47-2121.00,1.A.2.b.1,Control Precision,LV,3.12,8,0.125,2.88,3.37,N,N,08/2023,Analyst
47-2121.00,1.A.2.b.2,Multilimb Coordination,IM,3.38,8,0.183,3.0164,3.7336,N,,08/2023,Analyst
47-2121.00,1.A.2.b.2,Multilimb Coordination,LV,3.12,8,0.125,2.88,3.37,N,N,08/2023,Analyst
47-2121.00,1.A.2.b.3,Response Orientation,IM,2.0,8,0.0,2.0,2.0,N,,08/2023,Analyst
47-2121.00,1.A.2.b.3,Response Orientation,LV,2.12,8,0.125,1.88,2.37,N,N,08/2023,Analyst
47-2121.00,1.A.2.b.4,Rate Control,IM,2.12,8,0.125,1.88,2.37,N,,08/2023,Analyst
47-2121.00,1.A.2.b.4,Rate Control,LV,1.5,8,0.2673,0.9762,2.0238,N,N,08/2023,Analyst
47-2121.00,1.A.2.c.1,Reaction Time,IM,2.25,8,0.1637,1.9292,2.5708,N,,08/2023,Analyst
47-2121.00,1.A.2.c.1,Reaction Time,LV,2.25,8,0.1637,1.9292,2.5708,N,N,08/2023,Analyst
47-2121.00,1.A.2.c.2,Wrist-Finger Speed,IM,2.0,8,0.0,2.0,2.0,N,,08/2023,Analyst
47-2121.00,1.A.2.c.2,Wrist-Finger Speed,LV,1.75,8,0.1637,1.4292,2.0708,N,N,08/2023,Analyst
47-2121.00,1.A.2.c.3,Speed of Limb Movement,IM,1.75,8,0.1637,1.4292,2.0708,N,,08/2023,Analyst
47-2121.00,1.A.2.c.3,Speed of Limb Movement,LV,1.38,8,0.3239,0.7402,2.0098,N,N,08/2023,Analyst
47-2121.00,1.A.3.a.1,Static Strength,IM,3.12,8,0.125,2.88,3.37,N,,08/2023,Analyst
47-2121.00,1.A.3.a.1,Static Strength,LV,3.0,8,0.0,3.0,3.0,N,N,08/2023,Analyst
47-2121.00,1.A.3.a.2,Explosive Strength,IM,1.75,8,0.25,1.26,2.24,N,,08/2023,Analyst
47-2121.00,1.A.3.a.2,Explosive Strength,LV,1.0,8,0.378,0.2592,1.7408,N,N,08/2023,Analyst
47-2121.00,1.A.3.a.3,Dynamic Strength,IM,2.5,8,0.189,2.1296,2.8704,N,,08/2023,Analyst
47-2121.00,1.A.3.a.3,Dynamic Strength,LV,2.12,8,0.125,1.88,2.37,N,N,08/2023,Analyst
47-2121.00,1.A.3.a.4,Trunk Strength,IM,3.38,8,0.183,3.0164,3.7336,N,,08/2023,Analyst
47-2121.00,1.A.3.a.4,Trunk Strength,LV,3.12,8,0.125,2.88,3.37,N,N,08/2023,Analyst
47-2121.00,1.A.3.b.1,Stamina,IM,2.62,8,0.183,2.2664,2.9836,N,,08/2023,Analyst
47-2121.00,1.A.3.b.1,Stamina,LV,2.75,8,0.1637,2.4292,3.0708,N,N,08/2023,Analyst
47-2121.00,1.A.3.c.1,Extent Flexibility,IM,3.0,8,0.0,3.0,3.0,N,,08/2023,Analyst
47-2121.00,1.A.3.c.1,Extent Flexibility,LV,3.12,8,0.125,2.88,3.37,N,N,08/2023,Analyst
47-2121.00,1.A.3.c.2,Dynamic Flexibility,IM,1.25,8,0.1637,1.0,1.5708,N,,08/2023,Analyst
47-2121.00,1.A.3.c.2,Dynamic Flexibility,LV,0.25,8,0.1637,0.0,0.5708,N,Y,08/2023,Analyst
47-2121.00,1.A.3.c.3,Gross Body Coordination,IM,2.75,8,0.1637,2.4292,3.0708,N,,08/2023,Analyst
47-2121.00,1.A.3.c.3,Gross Body Coordination,LV,2.12,8,0.125,1.88,2.37,N,N,08/2023,Analyst
47-2121.00,1.A.3.c.4,Gross Body Equilibrium,IM,3.0,8,0.0,3.0,3.0,N,,08/2023,Analyst
47-2121.00,1.A.3.c.4,Gross Body Equilibrium,LV,3.0,8,0.189,2.6296,3.3704,N,N,08/2023,Analyst
47-2121.00,1.A.4.a.1,Near Vision,IM,3.75,8,0.1637,3.4292,4.0708,N,,08/2023,Analyst
47-2121.00,1.A.4.a.1,Near Vision,LV,3.5,8,0.189,3.1296,3.8704,N,N,08/2023,Analyst
47-2121.00,1.A.4.a.2,Far Vision,IM,3.0,8,0.0,3.0,3.0,N,,08/2023,Analyst
47-2121.00,1.A.4.a.2,Far Vision,LV,3.0,8,0.0,3.0,3.0,N,N,08/2023,Analyst
47-2121.00,1.A.4.a.3,Visual Color Discrimination,IM,2.75,8,0.1637,2.4292,3.0708,N,,08/2023,Analyst
47-2121.00,1.A.4.a.3,Visual Color Discrimination,LV,2.88,8,0.125,2.63,3.12,N,N,08/2023,Analyst
47-2121.00,1.A.4.a.4,Night Vision,IM,2.0,8,0.0,2.0,2.0,N,,08/2023,Analyst
47-2121.00,1.A.4.a.4,Night Vision,LV,1.12,8,0.125,0.88,1.37,N,N,08/2023,Analyst
47-2121.00,1.A.4.a.5,Peripheral Vision,IM,2.0,8,0.0,2.0,2.0,N,,08/2023,Analyst
47-2121.00,1.A.4.a.5,Peripheral Vision,LV,1.25,8,0.1637,0.9292,1.5708,N,N,08/2023,Analyst
47-2121.00,1.A.4.a.6,Depth Perception,IM,2.88,8,0.125,2.63,3.12,N,,08/2023,Analyst
47-2121.00,1.A.4.a.6,Depth Perception,LV,2.88,8,0.125,2.63,3.12,N,N,08/2023,Analyst
47-2121.00,1.A.4.a.7,Glare Sensitivity,IM,2.0,8,0.0,2.0,2.0,N,,08/2023,Analyst
47-2121.00,1.A.4.a.7,Glare Sensitivity,LV,1.62,8,0.183,1.2664,1.9836,N,N,08/2023,Analyst
47-2121.00,1.A.4.b.1,Hearing Sensitivity,IM,2.12,8,0.125,1.88,2.37,N,,08/2023,Analyst
47-2121.00,1.A.4.b.1,Hearing Sensitivity,LV,2.12,8,0.125,1.88,2.37,N,N,08/2023,Analyst
47-2121.00,1.A.4.b.2,Auditory Attention,IM,2.12,8,0.125,1.88,2.37,N,,08/2023,Analyst
47-2121.00,1.A.4.b.2,Auditory Attention,LV,2.12,8,0.125,1.88,2.37,N,N,08/2023,Analyst
47-2121.00,1.A.4.b.3,Sound Localization,IM,1.88,8,0.125,1.63,2.12,N,,08/2023,Analyst
47-2121.00,1.A.4.b.3,Sound Localization,LV,1.0,8,0.189,0.6296,1.3704,N,N,08/2023,Analyst
47-2121.00,1.A.4.b.4,Speech Recognition,IM,3.0,8,0.0,3.0,3.0,N,,08/2023,Analyst
47-2121.00,1.A.4.b.4,Speech Recognition,LV,2.88,8,0.125,2.63,3.12,N,N,08/2023,Analyst
47-2121.00,1.A.4.b.5,Speech Clarity,IM,3.0,8,0.0,3.0,3.0,N,,08/2023,Analyst
47-2121.00,1.A.4.b.5,Speech Clarity,LV,3.0,8,0.0,3.0,3.0,N,N,08/2023,Analyst
47-2131.00,1.A.1.a.1,Oral Comprehension,IM,2.88,8,0.125,2.63,3.12,N,,07/2015,Analyst
47-2131.00,1.A.1.a.1,Oral Comprehension,LV,2.88,8,0.125,2.63,3.12,N,N,07/2015,Analyst
47-2131.00,1.A.1.a.2,Written Comprehension,IM,2.75,8,0.1637,2.4292,3.0708,N,,07/2015,Analyst
47-2131.00,1.A.1.a.2,Written Comprehension,LV,2.62,8,0.183,2.2664,2.9836,N,N,07/2015,Analyst
47-2131.00,1.A.1.a.3,Oral Expression,IM,3.0,8,0.0,3.0,3.0,N,,07/2015,Analyst
47-2131.00,1.A.1.a.3,Oral Expression,LV,2.88,8,0.125,2.63,3.12,N,N,07/2015,Analyst
47-2131.00,1.A.1.a.4,Written Expression,IM,2.25,8,0.1637,1.9292,2.5708,N,,07/2015,Analyst
47-2131.00,1.A.1.a.4,Written Expression,LV,2.12,8,0.125,1.88,2.37,N,N,07/2015,Analyst
47-2131.00,1.A.1.b.1,Fluency of Ideas,IM,2.5,8,0.189,2.1296,2.8704,N,,07/2015,Analyst
47-2131.00,1.A.1.b.1,Fluency of Ideas,LV,2.12,8,0.125,1.88,2.37,N,N,07/2015,Analyst
47-2131.00,1.A.1.b.2,Originality,IM,2.38,8,0.183,2.0164,2.7336,N,,07/2015,Analyst
47-2131.00,1.A.1.b.2,Originality,LV,2.12,8,0.125,1.88,2.37,N,N,07/2015,Analyst
47-2131.00,1.A.1.b.3,Problem Sensitivity,IM,2.88,8,0.125,2.63,3.12,N,,07/2015,Analyst
47-2131.00,1.A.1.b.3,Problem Sensitivity,LV,2.75,8,0.1637,2.4292,3.0708,N,N,07/2015,Analyst
47-2131.00,1.A.1.b.4,Deductive Reasoning,IM,2.62,8,0.183,2.2664,2.9836,N,,07/2015,Analyst
47-2131.00,1.A.1.b.4,Deductive Reasoning,LV,2.5,8,0.189,2.1296,2.8704,N,N,07/2015,Analyst
47-2131.00,1.A.1.b.5,Inductive Reasoning,IM,2.62,8,0.183,2.2664,2.9836,N,,07/2015,Analyst
47-2131.00,1.A.1.b.5,Inductive Reasoning,LV,2.12,8,0.125,1.88,2.37,N,N,07/2015,Analyst
47-2131.00,1.A.1.b.6,Information Ordering,IM,2.88,8,0.125,2.63,3.12,N,,07/2015,Analyst
47-2131.00,1.A.1.b.6,Information Ordering,LV,2.88,8,0.125,2.63,3.12,N,N,07/2015,Analyst
47-2131.00,1.A.1.b.7,Category Flexibility,IM,2.88,8,0.125,2.63,3.12,N,,07/2015,Analyst
47-2131.00,1.A.1.b.7,Category Flexibility,LV,2.88,8,0.125,2.63,3.12,N,N,07/2015,Analyst
47-2131.00,1.A.1.c.1,Mathematical Reasoning,IM,2.12,8,0.125,1.88,2.37,N,,07/2015,Analyst
47-2131.00,1.A.1.c.1,Mathematical Reasoning,LV,1.75,8,0.1637,1.4292,2.0708,N,N,07/2015,Analyst
47-2131.00,1.A.1.c.2,Number Facility,IM,2.25,8,0.1637,1.9292,2.5708,N,,07/2015,Analyst
47-2131.00,1.A.1.c.2,Number Facility,LV,2.0,8,0.0,2.0,2.0,N,N,07/2015,Analyst
47-2131.00,1.A.1.d.1,Memorization,IM,2.25,8,0.1637,1.9292,2.5708,N,,07/2015,Analyst
47-2131.00,1.A.1.d.1,Memorization,LV,2.12,8,0.125,1.88,2.37,N,N,07/2015,Analyst
47-2131.00,1.A.1.e.1,Speed of Closure,IM,2.25,8,0.1637,1.9292,2.5708,N,,07/2015,Analyst
47-2131.00,1.A.1.e.1,Speed of Closure,LV,2.12,8,0.125,1.88,2.37,N,N,07/2015,Analyst
47-2131.00,1.A.1.e.2,Flexibility of Closure,IM,2.75,8,0.1637,2.4292,3.0708,N,,07/2015,Analyst
47-2131.00,1.A.1.e.2,Flexibility of Closure,LV,2.62,8,0.183,2.2664,2.9836,N,N,07/2015,Analyst
47-2131.00,1.A.1.e.3,Perceptual Speed,IM,2.88,8,0.125,2.63,3.12,N,,07/2015,Analyst
47-2131.00,1.A.1.e.3,Perceptual Speed,LV,2.62,8,0.183,2.2664,2.9836,N,N,07/2015,Analyst
47-2131.00,1.A.1.f.1,Spatial Orientation,IM,2.5,8,0.189,2.1296,2.8704,N,,07/2015,Analyst
47-2131.00,1.A.1.f.1,Spatial Orientation,LV,2.0,8,0.0,2.0,2.0,N,N,07/2015,Analyst
47-2131.00,1.A.1.f.2,Visualization,IM,3.12,8,0.125,2.88,3.37,N,,07/2015,Analyst
47-2131.00,1.A.1.f.2,Visualization,LV,3.0,8,0.0,3.0,3.0,N,N,07/2015,Analyst
47-2131.00,1.A.1.g.1,Selective Attention,IM,3.0,8,0.0,3.0,3.0,N,,07/2015,Analyst
47-2131.00,1.A.1.g.1,Selective Attention,LV,2.88,8,0.125,2.63,3.12,N,N,07/2015,Analyst
47-2131.00,1.A.1.g.2,Time Sharing,IM,2.12,8,0.125,1.88,2.37,N,,07/2015,Analyst
47-2131.00,1.A.1.g.2,Time Sharing,LV,2.12,8,0.125,1.88,2.37,N,N,07/2015,Analyst
47-2131.00,1.A.2.a.1,Arm-Hand Steadiness,IM,3.25,8,0.1637,2.9292,3.5708,N,,07/2015,Analyst
47-2131.00,1.A.2.a.1,Arm-Hand Steadiness,LV,2.88,8,0.2266,2.4309,3.3191,N,N,07/2015,Analyst
47-2131.00,1.A.2.a.2,Manual Dexterity,IM,3.5,8,0.189,3.1296,3.8704,N,,07/2015,Analyst
47-2131.00,1.A.2.a.2,Manual Dexterity,LV,3.12,8,0.125,2.88,3.37,N,N,07/2015,Analyst
47-2131.00,1.A.2.a.3,Finger Dexterity,IM,3.0,8,0.0,3.0,3.0,N,,07/2015,Analyst
47-2131.00,1.A.2.a.3,Finger Dexterity,LV,2.88,8,0.125,2.63,3.12,N,N,07/2015,Analyst
47-2131.00,1.A.2.b.1,Control Precision,IM,3.25,8,0.1637,2.9292,3.5708,N,,07/2015,Analyst
47-2131.00,1.A.2.b.1,Control Precision,LV,3.0,8,0.0,3.0,3.0,N,N,07/2015,Analyst
47-2131.00,1.A.2.b.2,Multilimb Coordination,IM,3.5,8,0.189,3.1296,3.8704,N,,07/2015,Analyst
47-2131.00,1.A.2.b.2,Multilimb Coordination,LV,3.12,8,0.125,2.88,3.37,N,N,07/2015,Analyst
47-2131.00,1.A.2.b.3,Response Orientation,IM,2.62,8,0.183,2.2664,2.9836,N,,07/2015,Analyst
47-2131.00,1.A.2.b.3,Response Orientation,LV,2.62,8,0.183,2.2664,2.9836,N,N,07/2015,Analyst
47-2131.00,1.A.2.b.4,Rate Control,IM,2.25,8,0.1637,1.9292,2.5708,N,,07/2015,Analyst
47-2131.00,1.A.2.b.4,Rate Control,LV,2.38,8,0.183,2.0164,2.7336,N,N,07/2015,Analyst
47-2131.00,1.A.2.c.1,Reaction Time,IM,2.75,8,0.1637,2.4292,3.0708,N,,07/2015,Analyst
47-2131.00,1.A.2.c.1,Reaction Time,LV,2.75,8,0.1637,2.4292,3.0708,N,N,07/2015,Analyst
47-2131.00,1.A.2.c.2,Wrist-Finger Speed,IM,1.38,8,0.183,1.0164,1.7336,N,,07/2015,Analyst
47-2131.00,1.A.2.c.2,Wrist-Finger Speed,LV,0.75,8,0.366,0.0327,1.4673,N,N,07/2015,Analyst
47-2131.00,1.A.2.c.3,Speed of Limb Movement,IM,2.38,8,0.2631,1.8594,2.8906,N,,07/2015,Analyst
47-2131.00,1.A.2.c.3,Speed of Limb Movement,LV,2.12,8,0.3504,1.4383,2.8117,N,N,07/2015,Analyst
47-2131.00,1.A.3.a.1,Static Strength,IM,3.0,8,0.0,3.0,3.0,N,,07/2015,Analyst
47-2131.00,1.A.3.a.1,Static Strength,LV,3.0,8,0.0,3.0,3.0,N,N,07/2015,Analyst
47-2131.00,1.A.3.a.2,Explosive Strength,IM,1.75,8,0.1637,1.4292,2.0708,N,,07/2015,Analyst
47-2131.00,1.A.3.a.2,Explosive Strength,LV,1.38,8,0.375,0.64,2.11,N,N,07/2015,Analyst
47-2131.00,1.A.3.a.3,Dynamic Strength,IM,2.88,8,0.125,2.63,3.12,N,,07/2015,Analyst
47-2131.00,1.A.3.a.3,Dynamic Strength,LV,2.62,8,0.183,2.2664,2.9836,N,N,07/2015,Analyst
47-2131.00,1.A.3.a.4,Trunk Strength,IM,3.38,8,0.183,3.0164,3.7336,N,,07/2015,Analyst
47-2131.00,1.A.3.a.4,Trunk Strength,LV,3.38,8,0.183,3.0164,3.7336,N,N,07/2015,Analyst
47-2131.00,1.A.3.b.1,Stamina,IM,3.0,8,0.0,3.0,3.0,N,,07/2015,Analyst
47-2131.00,1.A.3.b.1,Stamina,LV,2.75,8,0.1637,2.4292,3.0708,N,N,07/2015,Analyst
47-2131.00,1.A.3.c.1,Extent Flexibility,IM,3.88,8,0.125,3.63,4.12,N,,07/2015,Analyst
47-2131.00,1.A.3.c.1,Extent Flexibility,LV,4.12,8,0.125,3.88,4.37,N,N,07/2015,Analyst
47-2131.00,1.A.3.c.2,Dynamic Flexibility,IM,1.5,8,0.2673,1.0,2.0238,N,,07/2015,Analyst
47-2131.00,1.A.3.c.2,Dynamic Flexibility,LV,0.75,8,0.4119,0.0,1.5573,N,N,07/2015,Analyst
47-2131.00,1.A.3.c.3,Gross Body Coordination,IM,2.88,8,0.125,2.63,3.12,N,,07/2015,Analyst
47-2131.00,1.A.3.c.3,Gross Body Coordination,LV,2.88,8,0.125,2.63,3.12,N,N,07/2015,Analyst
47-2131.00,1.A.3.c.4,Gross Body Equilibrium,IM,3.38,8,0.183,3.0164,3.7336,N,,07/2015,Analyst
47-2131.00,1.A.3.c.4,Gross Body Equilibrium,LV,3.0,8,0.0,3.0,3.0,N,N,07/2015,Analyst
47-2131.00,1.A.4.a.1,Near Vision,IM,3.0,8,0.0,3.0,3.0,N,,07/2015,Analyst
47-2131.00,1.A.4.a.1,Near Vision,LV,3.12,8,0.125,2.88,3.37,N,N,07/2015,Analyst
47-2131.00,1.A.4.a.2,Far Vision,IM,2.88,8,0.125,2.63,3.12,N,,07/2015,Analyst
47-2131.00,1.A.4.a.2,Far Vision,LV,2.88,8,0.125,2.63,3.12,N,N,07/2015,Analyst
47-2131.00,1.A.4.a.3,Visual Color Discrimination,IM,2.12,8,0.125,1.88,2.37,N,,07/2015,Analyst
47-2131.00,1.A.4.a.3,Visual Color Discrimination,LV,2.25,8,0.1637,1.9292,2.5708,N,N,07/2015,Analyst
47-2131.00,1.A.4.a.4,Night Vision,IM,2.0,8,0.0,2.0,2.0,N,,07/2015,Analyst
47-2131.00,1.A.4.a.4,Night Vision,LV,1.88,8,0.125,1.63,2.12,N,N,07/2015,Analyst
47-2131.00,1.A.4.a.5,Peripheral Vision,IM,2.0,8,0.0,2.0,2.0,N,,07/2015,Analyst
47-2131.00,1.A.4.a.5,Peripheral Vision,LV,1.88,8,0.125,1.63,2.12,N,N,07/2015,Analyst
47-2131.00,1.A.4.a.6,Depth Perception,IM,3.0,8,0.0,3.0,3.0,N,,07/2015,Analyst
47-2131.00,1.A.4.a.6,Depth Perception,LV,2.75,8,0.1637,2.4292,3.0708,N,N,07/2015,Analyst
47-2131.00,1.A.4.a.7,Glare Sensitivity,IM,2.0,8,0.0,2.0,2.0,N,,07/2015,Analyst
47-2131.00,1.A.4.a.7,Glare Sensitivity,LV,2.0,8,0.0,2.0,2.0,N,N,07/2015,Analyst
47-2131.00,1.A.4.b.1,Hearing Sensitivity,IM,2.5,8,0.189,2.1296,2.8704,N,,07/2015,Analyst
47-2131.00,1.A.4.b.1,Hearing Sensitivity,LV,2.25,8,0.1637,1.9292,2.5708,N,N,07/2015,Analyst
47-2131.00,1.A.4.b.2,Auditory Attention,IM,2.62,8,0.183,2.2664,2.9836,N,,07/2015,Analyst
47-2131.00,1.A.4.b.2,Auditory Attention,LV,2.38,8,0.183,2.0164,2.7336,N,N,07/2015,Analyst
47-2131.00,1.A.4.b.3,Sound Localization,IM,2.0,8,0.0,2.0,2.0,N,,07/2015,Analyst
47-2131.00,1.A.4.b.3,Sound Localization,LV,1.62,8,0.183,1.2664,1.9836,N,N,07/2015,Analyst
47-2131.00,1.A.4.b.4,Speech Recognition,IM,2.88,8,0.125,2.63,3.12,N,,07/2015,Analyst
47-2131.00,1.A.4.b.4,Speech Recognition,LV,2.25,8,0.1637,1.9292,2.5708,N,N,07/2015,Analyst
47-2131.00,1.A.4.b.5,Speech Clarity,IM,3.0,8,0.0,3.0,3.0,N,,07/2015,Analyst
47-2131.00,1.A.4.b.5,Speech Clarity,LV,2.25,8,0.1637,1.9292,2.5708,N,N,07/2015,Analyst
47-2132.00,1.A.1.a.1,Oral Comprehension,IM,3.12,8,0.125,2.88,3.37,N,,08/2023,Analyst
47-2132.00,1.A.1.a.1,Oral Comprehension,LV,3.0,8,0.0,3.0,3.0,N,N,08/2023,Analyst
47-2132.00,1.A.1.a.2,Written Comprehension,IM,2.75,8,0.1637,2.4292,3.0708,N,,08/2023,Analyst
47-2132.00,1.A.1.a.2,Written Comprehension,LV,2.75,8,0.1637,2.4292,3.0708,N,N,08/2023,Analyst
47-2132.00,1.A.1.a.3,Oral Expression,IM,3.12,8,0.125,2.88,3.37,N,,08/2023,Analyst
47-2132.00,1.A.1.a.3,Oral Expression,LV,2.88,8,0.125,2.63,3.12,N,N,08/2023,Analyst
47-2132.00,1.A.1.a.4,Written Expression,IM,2.38,8,0.2631,1.8594,2.8906,N,,08/2023,Analyst
47-2132.00,1.A.1.a.4,Written Expression,LV,2.0,8,0.3273,1.3584,2.6416,N,N,08/2023,Analyst
47-2132.00,1.A.1.b.1,Fluency of Ideas,IM,2.25,8,0.1637,1.9292,2.5708,N,,08/2023,Analyst
47-2132.00,1.A.1.b.1,Fluency of Ideas,LV,2.12,8,0.125,1.88,2.37,N,N,08/2023,Analyst
47-2132.00,1.A.1.b.2,Originality,IM,2.25,8,0.1637,1.9292,2.5708,N,,08/2023,Analyst
47-2132.00,1.A.1.b.2,Originality,LV,2.0,8,0.189,1.6296,2.3704,N,N,08/2023,Analyst
47-2132.00,1.A.1.b.3,Problem Sensitivity,IM,3.25,8,0.1637,2.9292,3.5708,N,,08/2023,Analyst
47-2132.00,1.A.1.b.3,Problem Sensitivity,LV,2.88,8,0.125,2.63,3.12,N,N,08/2023,Analyst
47-2132.00,1.A.1.b.4,Deductive Reasoning,IM,3.0,8,0.0,3.0,3.0,N,,08/2023,Analyst
47-2132.00,1.A.1.b.4,Deductive Reasoning,LV,2.75,8,0.1637,2.4292,3.0708,N,N,08/2023,Analyst
47-2132.00,1.A.1.b.5,Inductive Reasoning,IM,2.88,8,0.125,2.63,3.12,N,,08/2023,Analyst
47-2132.00,1.A.1.b.5,Inductive Reasoning,LV,2.75,8,0.1637,2.4292,3.0708,N,N,08/2023,Analyst
47-2132.00,1.A.1.b.6,Information Ordering,IM,3.12,8,0.2266,2.6809,3.5691,N,,08/2023,Analyst
47-2132.00,1.A.1.b.6,Information Ordering,LV,2.88,8,0.125,2.63,3.12,N,N,08/2023,Analyst
47-2132.00,1.A.1.b.7,Category Flexibility,IM,3.0,8,0.0,3.0,3.0,N,,08/2023,Analyst
47-2132.00,1.A.1.b.7,Category Flexibility,LV,2.88,8,0.125,2.63,3.12,N,N,08/2023,Analyst
47-2132.00,1.A.1.c.1,Mathematical Reasoning,IM,2.12,8,0.125,1.88,2.37,N,,08/2023,Analyst
47-2132.00,1.A.1.c.1,Mathematical Reasoning,LV,2.0,8,0.0,2.0,2.0,N,N,08/2023,Analyst
47-2132.00,1.A.1.c.2,Number Facility,IM,2.12,8,0.125,1.88,2.37,N,,08/2023,Analyst
47-2132.00,1.A.1.c.2,Number Facility,LV,2.0,8,0.0,2.0,2.0,N,N,08/2023,Analyst
47-2132.00,1.A.1.d.1,Memorization,IM,1.75,8,0.1637,1.4292,2.0708,N,,08/2023,Analyst
47-2132.00,1.A.1.d.1,Memorization,LV,1.0,8,0.2673,0.4762,1.5238,N,N,08/2023,Analyst
47-2132.00,1.A.1.e.1,Speed of Closure,IM,2.12,8,0.125,1.88,2.37,N,,08/2023,Analyst
47-2132.00,1.A.1.e.1,Speed of Closure,LV,2.0,8,0.0,2.0,2.0,N,N,08/2023,Analyst
47-2132.00,1.A.1.e.2,Flexibility of Closure,IM,2.62,8,0.183,2.2664,2.9836,N,,08/2023,Analyst
47-2132.00,1.A.1.e.2,Flexibility of Closure,LV,2.12,8,0.125,1.88,2.37,N,N,08/2023,Analyst
47-2132.00,1.A.1.e.3,Perceptual Speed,IM,2.62,8,0.183,2.2664,2.9836,N,,08/2023,Analyst
47-2132.00,1.A.1.e.3,Perceptual Speed,LV,2.62,8,0.183,2.2664,2.9836,N,N,08/2023,Analyst
47-2132.00,1.A.1.f.1,Spatial Orientation,IM,2.12,8,0.125,1.88,2.37,N,,08/2023,Analyst
47-2132.00,1.A.1.f.1,Spatial Orientation,LV,1.38,8,0.183,1.0164,1.7336,N,N,08/2023,Analyst
47-2132.00,1.A.1.f.2,Visualization,IM,2.88,8,0.2266,2.4309,3.3191,N,,08/2023,Analyst
47-2132.00,1.A.1.f.2,Visualization,LV,2.88,8,0.2266,2.4309,3.3191,N,N,08/2023,Analyst
47-2132.00,1.A.1.g.1,Selective Attention,IM,3.12,8,0.125,2.88,3.37,N,,08/2023,Analyst
47-2132.00,1.A.1.g.1,Selective Attention,LV,3.0,8,0.0,3.0,3.0,N,N,08/2023,Analyst
47-2132.00,1.A.1.g.2,Time Sharing,IM,2.5,8,0.189,2.1296,2.8704,N,,08/2023,Analyst
47-2132.00,1.A.1.g.2,Time Sharing,LV,2.25,8,0.25,1.76,2.74,N,N,08/2023,Analyst
47-2132.00,1.A.2.a.1,Arm-Hand Steadiness,IM,3.12,8,0.125,2.88,3.37,N,,08/2023,Analyst
47-2132.00,1.A.2.a.1,Arm-Hand Steadiness,LV,3.12,8,0.125,2.88,3.37,N,N,08/2023,Analyst
47-2132.00,1.A.2.a.2,Manual Dexterity,IM,3.12,8,0.125,2.88,3.37,N,,08/2023,Analyst
47-2132.00,1.A.2.a.2,Manual Dexterity,LV,3.0,8,0.0,3.0,3.0,N,N,08/2023,Analyst
47-2132.00,1.A.2.a.3,Finger Dexterity,IM,3.0,8,0.189,2.6296,3.3704,N,,08/2023,Analyst
47-2132.00,1.A.2.a.3,Finger Dexterity,LV,3.0,8,0.0,3.0,3.0,N,N,08/2023,Analyst
47-2132.00,1.A.2.b.1,Control Precision,IM,2.88,8,0.125,2.63,3.12,N,,08/2023,Analyst
47-2132.00,1.A.2.b.1,Control Precision,LV,2.75,8,0.1637,2.4292,3.0708,N,N,08/2023,Analyst
47-2132.00,1.A.2.b.2,Multilimb Coordination,IM,3.12,8,0.125,2.88,3.37,N,,08/2023,Analyst
47-2132.00,1.A.2.b.2,Multilimb Coordination,LV,3.0,8,0.0,3.0,3.0,N,N,08/2023,Analyst
47-2132.00,1.A.2.b.3,Response Orientation,IM,2.0,8,0.0,2.0,2.0,N,,08/2023,Analyst
47-2132.00,1.A.2.b.3,Response Orientation,LV,2.0,8,0.0,2.0,2.0,N,N,08/2023,Analyst
47-2132.00,1.A.2.b.4,Rate Control,IM,2.12,8,0.125,1.88,2.37,N,,08/2023,Analyst
47-2132.00,1.A.2.b.4,Rate Control,LV,2.0,8,0.0,2.0,2.0,N,N,08/2023,Analyst
47-2132.00,1.A.2.c.1,Reaction Time,IM,2.12,8,0.125,1.88,2.37,N,,08/2023,Analyst
47-2132.00,1.A.2.c.1,Reaction Time,LV,2.0,8,0.0,2.0,2.0,N,N,08/2023,Analyst
47-2132.00,1.A.2.c.2,Wrist-Finger Speed,IM,1.75,8,0.1637,1.4292,2.0708,N,,08/2023,Analyst
47-2132.00,1.A.2.c.2,Wrist-Finger Speed,LV,1.38,8,0.3239,0.7402,2.0098,N,N,08/2023,Analyst
47-2132.00,1.A.2.c.3,Speed of Limb Movement,IM,1.75,8,0.1637,1.4292,2.0708,N,,08/2023,Analyst
47-2132.00,1.A.2.c.3,Speed of Limb Movement,LV,1.0,8,0.2673,0.4762,1.5238,N,N,08/2023,Analyst
47-2132.00,1.A.3.a.1,Static Strength,IM,3.12,8,0.125,2.88,3.37,N,,08/2023,Analyst
47-2132.00,1.A.3.a.1,Static Strength,LV,3.0,8,0.0,3.0,3.0,N,N,08/2023,Analyst
47-2132.00,1.A.3.a.2,Explosive Strength,IM,1.62,8,0.183,1.2664,1.9836,N,,08/2023,Analyst
47-2132.00,1.A.3.a.2,Explosive Strength,LV,0.88,8,0.295,0.2967,1.4533,N,N,08/2023,Analyst
47-2132.00,1.A.3.a.3,Dynamic Strength,IM,2.5,8,0.2673,1.9762,3.0238,N,,08/2023,Analyst
47-2132.00,1.A.3.a.3,Dynamic Strength,LV,2.38,8,0.2631,1.8594,2.8906,N,N,08/2023,Analyst
47-2132.00,1.A.3.a.4,Trunk Strength,IM,3.38,8,0.183,3.0164,3.7336,N,,08/2023,Analyst
47-2132.00,1.A.3.a.4,Trunk Strength,LV,3.25,8,0.1637,2.9292,3.5708,N,N,08/2023,Analyst
47-2132.00,1.A.3.b.1,Stamina,IM,2.75,8,0.25,2.26,3.24,N,,08/2023,Analyst
47-2132.00,1.A.3.b.1,Stamina,LV,2.75,8,0.25,2.26,3.24,N,N,08/2023,Analyst
47-2132.00,1.A.3.c.1,Extent Flexibility,IM,3.25,8,0.1637,2.9292,3.5708,N,,08/2023,Analyst
47-2132.00,1.A.3.c.1,Extent Flexibility,LV,3.25,8,0.1637,2.9292,3.5708,N,N,08/2023,Analyst
47-2132.00,1.A.3.c.2,Dynamic Flexibility,IM,1.62,8,0.183,1.2664,1.9836,N,,08/2023,Analyst
47-2132.00,1.A.3.c.2,Dynamic Flexibility,LV,0.75,8,0.25,0.26,1.24,N,N,08/2023,Analyst
47-2132.00,1.A.3.c.3,Gross Body Coordination,IM,3.0,8,0.0,3.0,3.0,N,,08/2023,Analyst
47-2132.00,1.A.3.c.3,Gross Body Coordination,LV,3.0,8,0.0,3.0,3.0,N,N,08/2023,Analyst
47-2132.00,1.A.3.c.4,Gross Body Equilibrium,IM,3.12,8,0.125,2.88,3.37,N,,08/2023,Analyst
47-2132.00,1.A.3.c.4,Gross Body Equilibrium,LV,2.88,8,0.125,2.63,3.12,N,N,08/2023,Analyst
47-2132.00,1.A.4.a.1,Near Vision,IM,3.12,8,0.2266,2.6809,3.5691,N,,08/2023,Analyst
47-2132.00,1.A.4.a.1,Near Vision,LV,3.12,8,0.2266,2.6809,3.5691,N,N,08/2023,Analyst
47-2132.00,1.A.4.a.2,Far Vision,IM,2.75,8,0.1637,2.4292,3.0708,N,,08/2023,Analyst
47-2132.00,1.A.4.a.2,Far Vision,LV,2.88,8,0.2266,2.4309,3.3191,N,N,08/2023,Analyst
47-2132.00,1.A.4.a.3,Visual Color Discrimination,IM,2.62,8,0.183,2.2664,2.9836,N,,08/2023,Analyst
47-2132.00,1.A.4.a.3,Visual Color Discrimination,LV,2.5,8,0.189,2.1296,2.8704,N,N,08/2023,Analyst
47-2132.00,1.A.4.a.4,Night Vision,IM,1.62,8,0.183,1.2664,1.9836,N,,08/2023,Analyst
47-2132.00,1.A.4.a.4,Night Vision,LV,1.0,8,0.3273,0.3584,1.6416,N,N,08/2023,Analyst
47-2132.00,1.A.4.a.5,Peripheral Vision,IM,1.75,8,0.1637,1.4292,2.0708,N,,08/2023,Analyst
47-2132.00,1.A.4.a.5,Peripheral Vision,LV,1.0,8,0.2673,0.4762,1.5238,N,N,08/2023,Analyst
47-2132.00,1.A.4.a.6,Depth Perception,IM,2.62,8,0.183,2.2664,2.9836,N,,08/2023,Analyst
47-2132.00,1.A.4.a.6,Depth Perception,LV,2.62,8,0.183,2.2664,2.9836,N,N,08/2023,Analyst
47-2132.00,1.A.4.a.7,Glare Sensitivity,IM,1.88,8,0.125,1.63,2.12,N,,08/2023,Analyst
47-2132.00,1.A.4.a.7,Glare Sensitivity,LV,1.12,8,0.2266,0.6809,1.5691,N,N,08/2023,Analyst
47-2132.00,1.A.4.b.1,Hearing Sensitivity,IM,2.5,8,0.189,2.1296,2.8704,N,,08/2023,Analyst
47-2132.00,1.A.4.b.1,Hearing Sensitivity,LV,2.12,8,0.125,1.88,2.37,N,N,08/2023,Analyst
47-2132.00,1.A.4.b.2,Auditory Attention,IM,2.5,8,0.2673,1.9762,3.0238,N,,08/2023,Analyst
47-2132.00,1.A.4.b.2,Auditory Attention,LV,2.38,8,0.2631,1.8594,2.8906,N,N,08/2023,Analyst
47-2132.00,1.A.4.b.3,Sound Localization,IM,1.88,8,0.125,1.63,2.12,N,,08/2023,Analyst
47-2132.00,1.A.4.b.3,Sound Localization,LV,1.0,8,0.189,0.6296,1.3704,N,N,08/2023,Analyst
47-2132.00,1.A.4.b.4,Speech Recognition,IM,2.88,8,0.125,2.63,3.12,N,,08/2023,Analyst
47-2132.00,1.A.4.b.4,Speech Recognition,LV,2.88,8,0.125,2.63,3.12,N,N,08/2023,Analyst
47-2132.00,1.A.4.b.5,Speech Clarity,IM,2.88,8,0.125,2.63,3.12,N,,08/2023,Analyst
47-2132.00,1.A.4.b.5,Speech Clarity,LV,2.75,8,0.1637,2.4292,3.0708,N,N,08/2023,Analyst
47-2141.00,1.A.1.a.1,Oral Comprehension,IM,3.12,8,0.125,2.88,3.37,N,,07/2014,Analyst
47-2141.00,1.A.1.a.1,Oral Comprehension,LV,3.12,8,0.125,2.88,3.37,N,N,07/2014,Analyst
47-2141.00,1.A.1.a.2,Written Comprehension,IM,3.0,8,0.189,2.6296,3.3704,N,,07/2014,Analyst
47-2141.00,1.A.1.a.2,Written Comprehension,LV,2.88,8,0.125,2.63,3.12,N,N,07/2014,Analyst
47-2141.00,1.A.1.a.3,Oral Expression,IM,3.0,8,0.189,2.6296,3.3704,N,,07/2014,Analyst
47-2141.00,1.A.1.a.3,Oral Expression,LV,2.88,8,0.125,2.63,3.12,N,N,07/2014,Analyst
47-2141.00,1.A.1.a.4,Written Expression,IM,2.25,8,0.1637,1.9292,2.5708,N,,07/2014,Analyst
47-2141.00,1.A.1.a.4,Written Expression,LV,2.25,8,0.1637,1.9292,2.5708,N,N,07/2014,Analyst
47-2141.00,1.A.1.b.1,Fluency of Ideas,IM,2.12,8,0.125,1.88,2.37,N,,07/2014,Analyst
47-2141.00,1.A.1.b.1,Fluency of Ideas,LV,2.0,8,0.0,2.0,2.0,N,N,07/2014,Analyst
47-2141.00,1.A.1.b.2,Originality,IM,2.25,8,0.1637,1.9292,2.5708,N,,07/2014,Analyst
47-2141.00,1.A.1.b.2,Originality,LV,2.0,8,0.0,2.0,2.0,N,N,07/2014,Analyst
47-2141.00,1.A.1.b.3,Problem Sensitivity,IM,2.88,8,0.125,2.63,3.12,N,,07/2014,Analyst
47-2141.00,1.A.1.b.3,Problem Sensitivity,LV,2.5,8,0.189,2.1296,2.8704,N,N,07/2014,Analyst
47-2141.00,1.A.1.b.4,Deductive Reasoning,IM,3.0,8,0.189,2.6296,3.3704,N,,07/2014,Analyst
47-2141.00,1.A.1.b.4,Deductive Reasoning,LV,2.88,8,0.125,2.63,3.12,N,N,07/2014,Analyst
47-2141.00,1.A.1.b.5,Inductive Reasoning,IM,2.88,8,0.125,2.63,3.12,N,,07/2014,Analyst
47-2141.00,1.A.1.b.5,Inductive Reasoning,LV,2.88,8,0.125,2.63,3.12,N,N,07/2014,Analyst
47-2141.00,1.A.1.b.6,Information Ordering,IM,2.88,8,0.125,2.63,3.12,N,,07/2014,Analyst
47-2141.00,1.A.1.b.6,Information Ordering,LV,3.0,8,0.0,3.0,3.0,N,N,07/2014,Analyst
47-2141.00,1.A.1.b.7,Category Flexibility,IM,2.38,8,0.183,2.0164,2.7336,N,,07/2014,Analyst
47-2141.00,1.A.1.b.7,Category Flexibility,LV,2.5,8,0.189,2.1296,2.8704,N,N,07/2014,Analyst
47-2141.00,1.A.1.c.1,Mathematical Reasoning,IM,2.12,8,0.125,1.88,2.37,N,,07/2014,Analyst
47-2141.00,1.A.1.c.1,Mathematical Reasoning,LV,1.38,8,0.183,1.0164,1.7336,N,N,07/2014,Analyst
47-2141.00,1.A.1.c.2,Number Facility,IM,2.0,8,0.0,2.0,2.0,N,,07/2014,Analyst
47-2141.00,1.A.1.c.2,Number Facility,LV,2.0,8,0.0,2.0,2.0,N,N,07/2014,Analyst
47-2141.00,1.A.1.d.1,Memorization,IM,1.5,8,0.189,1.1296,1.8704,N,,07/2014,Analyst
47-2141.00,1.A.1.d.1,Memorization,LV,0.88,8,0.3504,0.1883,1.5617,N,N,07/2014,Analyst
47-2141.00,1.A.1.e.1,Speed of Closure,IM,2.0,8,0.0,2.0,2.0,N,,07/2014,Analyst
47-2141.00,1.A.1.e.1,Speed of Closure,LV,1.5,8,0.189,1.1296,1.8704,N,N,07/2014,Analyst
47-2141.00,1.A.1.e.2,Flexibility of Closure,IM,2.38,8,0.183,2.0164,2.7336,N,,07/2014,Analyst
47-2141.00,1.A.1.e.2,Flexibility of Closure,LV,2.12,8,0.125,1.88,2.37,N,N,07/2014,Analyst
47-2141.00,1.A.1.e.3,Perceptual Speed,IM,2.0,8,0.0,2.0,2.0,N,,07/2014,Analyst
47-2141.00,1.A.1.e.3,Perceptual Speed,LV,2.0,8,0.0,2.0,2.0,N,N,07/2014,Analyst
47-2141.00,1.A.1.f.1,Spatial Orientation,IM,2.0,8,0.0,2.0,2.0,N,,07/2014,Analyst
47-2141.00,1.A.1.f.1,Spatial Orientation,LV,1.25,8,0.1637,0.9292,1.5708,N,N,07/2014,Analyst
47-2141.00,1.A.1.f.2,Visualization,IM,2.75,8,0.1637,2.4292,3.0708,N,,07/2014,Analyst
47-2141.00,1.A.1.f.2,Visualization,LV,2.5,8,0.2673,1.9762,3.0238,N,N,07/2014,Analyst
47-2141.00,1.A.1.g.1,Selective Attention,IM,2.88,8,0.125,2.63,3.12,N,,07/2014,Analyst
47-2141.00,1.A.1.g.1,Selective Attention,LV,2.75,8,0.1637,2.4292,3.0708,N,N,07/2014,Analyst
47-2141.00,1.A.1.g.2,Time Sharing,IM,2.25,8,0.1637,1.9292,2.5708,N,,07/2014,Analyst
47-2141.00,1.A.1.g.2,Time Sharing,LV,2.12,8,0.125,1.88,2.37,N,N,07/2014,Analyst
47-2141.00,1.A.2.a.1,Arm-Hand Steadiness,IM,3.5,8,0.189,3.1296,3.8704,N,,07/2014,Analyst
47-2141.00,1.A.2.a.1,Arm-Hand Steadiness,LV,3.0,8,0.0,3.0,3.0,N,N,07/2014,Analyst
47-2141.00,1.A.2.a.2,Manual Dexterity,IM,3.12,8,0.125,2.88,3.37,N,,07/2014,Analyst
47-2141.00,1.A.2.a.2,Manual Dexterity,LV,3.0,8,0.0,3.0,3.0,N,N,07/2014,Analyst
47-2141.00,1.A.2.a.3,Finger Dexterity,IM,2.88,8,0.125,2.63,3.12,N,,07/2014,Analyst
47-2141.00,1.A.2.a.3,Finger Dexterity,LV,3.0,8,0.0,3.0,3.0,N,N,07/2014,Analyst
47-2141.00,1.A.2.b.1,Control Precision,IM,3.0,8,0.0,3.0,3.0,N,,07/2014,Analyst
47-2141.00,1.A.2.b.1,Control Precision,LV,3.0,8,0.0,3.0,3.0,N,N,07/2014,Analyst
47-2141.00,1.A.2.b.2,Multilimb Coordination,IM,3.0,8,0.0,3.0,3.0,N,,07/2014,Analyst
47-2141.00,1.A.2.b.2,Multilimb Coordination,LV,2.88,8,0.125,2.63,3.12,N,N,07/2014,Analyst
47-2141.00,1.A.2.b.3,Response Orientation,IM,2.0,8,0.0,2.0,2.0,N,,07/2014,Analyst
47-2141.00,1.A.2.b.3,Response Orientation,LV,2.0,8,0.0,2.0,2.0,N,N,07/2014,Analyst
47-2141.00,1.A.2.b.4,Rate Control,IM,2.0,8,0.0,2.0,2.0,N,,07/2014,Analyst
47-2141.00,1.A.2.b.4,Rate Control,LV,2.0,8,0.0,2.0,2.0,N,N,07/2014,Analyst
47-2141.00,1.A.2.c.1,Reaction Time,IM,2.12,8,0.125,1.88,2.37,N,,07/2014,Analyst
47-2141.00,1.A.2.c.1,Reaction Time,LV,2.0,8,0.0,2.0,2.0,N,N,07/2014,Analyst
47-2141.00,1.A.2.c.2,Wrist-Finger Speed,IM,2.0,8,0.0,2.0,2.0,N,,07/2014,Analyst
47-2141.00,1.A.2.c.2,Wrist-Finger Speed,LV,1.62,8,0.183,1.2664,1.9836,N,N,07/2014,Analyst
47-2141.00,1.A.2.c.3,Speed of Limb Movement,IM,2.0,8,0.0,2.0,2.0,N,,07/2014,Analyst
47-2141.00,1.A.2.c.3,Speed of Limb Movement,LV,2.0,8,0.0,2.0,2.0,N,N,07/2014,Analyst
47-2141.00,1.A.3.a.1,Static Strength,IM,3.0,8,0.189,2.6296,3.3704,N,,07/2014,Analyst
47-2141.00,1.A.3.a.1,Static Strength,LV,2.88,8,0.125,2.63,3.12,N,N,07/2014,Analyst
47-2141.00,1.A.3.a.2,Explosive Strength,IM,1.12,8,0.125,1.0,1.37,N,,07/2014,Analyst
47-2141.00,1.A.3.a.2,Explosive Strength,LV,0.12,8,0.125,0.0,0.37,N,Y,07/2014,Analyst
47-2141.00,1.A.3.a.3,Dynamic Strength,IM,2.62,8,0.2631,2.1094,3.1406,N,,07/2014,Analyst
47-2141.00,1.A.3.a.3,Dynamic Strength,LV,2.38,8,0.183,2.0164,2.7336,N,N,07/2014,Analyst
47-2141.00,1.A.3.a.4,Trunk Strength,IM,3.38,8,0.183,3.0164,3.7336,N,,07/2014,Analyst
47-2141.00,1.A.3.a.4,Trunk Strength,LV,3.25,8,0.1637,2.9292,3.5708,N,N,07/2014,Analyst
47-2141.00,1.A.3.b.1,Stamina,IM,3.0,8,0.189,2.6296,3.3704,N,,07/2014,Analyst
47-2141.00,1.A.3.b.1,Stamina,LV,2.62,8,0.183,2.2664,2.9836,N,N,07/2014,Analyst
47-2141.00,1.A.3.c.1,Extent Flexibility,IM,3.25,8,0.1637,2.9292,3.5708,N,,07/2014,Analyst
47-2141.00,1.A.3.c.1,Extent Flexibility,LV,3.25,8,0.1637,2.9292,3.5708,N,N,07/2014,Analyst
47-2141.00,1.A.3.c.2,Dynamic Flexibility,IM,1.25,8,0.1637,1.0,1.5708,N,,07/2014,Analyst
47-2141.00,1.A.3.c.2,Dynamic Flexibility,LV,0.38,8,0.2631,0.0,0.8906,N,Y,07/2014,Analyst
47-2141.00,1.A.3.c.3,Gross Body Coordination,IM,3.0,8,0.0,3.0,3.0,N,,07/2014,Analyst
47-2141.00,1.A.3.c.3,Gross Body Coordination,LV,2.88,8,0.125,2.63,3.12,N,N,07/2014,Analyst
47-2141.00,1.A.3.c.4,Gross Body Equilibrium,IM,3.25,8,0.1637,2.9292,3.5708,N,,07/2014,Analyst
47-2141.00,1.A.3.c.4,Gross Body Equilibrium,LV,2.88,8,0.125,2.63,3.12,N,N,07/2014,Analyst
47-2141.00,1.A.4.a.1,Near Vision,IM,3.25,8,0.1637,2.9292,3.5708,N,,07/2014,Analyst
47-2141.00,1.A.4.a.1,Near Vision,LV,3.12,8,0.125,2.88,3.37,N,N,07/2014,Analyst
47-2141.00,1.A.4.a.2,Far Vision,IM,3.0,8,0.189,2.6296,3.3704,N,,07/2014,Analyst
47-2141.00,1.A.4.a.2,Far Vision,LV,3.0,8,0.0,3.0,3.0,N,N,07/2014,Analyst
47-2141.00,1.A.4.a.3,Visual Color Discrimination,IM,3.25,8,0.1637,2.9292,3.5708,N,,07/2014,Analyst
47-2141.00,1.A.4.a.3,Visual Color Discrimination,LV,3.0,8,0.0,3.0,3.0,N,N,07/2014,Analyst
47-2141.00,1.A.4.a.4,Night Vision,IM,1.88,8,0.125,1.63,2.12,N,,07/2014,Analyst
47-2141.00,1.A.4.a.4,Night Vision,LV,0.88,8,0.125,0.63,1.12,N,N,07/2014,Analyst
47-2141.00,1.A.4.a.5,Peripheral Vision,IM,1.88,8,0.125,1.63,2.12,N,,07/2014,Analyst
47-2141.00,1.A.4.a.5,Peripheral Vision,LV,1.0,8,0.189,0.6296,1.3704,N,N,07/2014,Analyst
47-2141.00,1.A.4.a.6,Depth Perception,IM,2.38,8,0.183,2.0164,2.7336,N,,07/2014,Analyst
47-2141.00,1.A.4.a.6,Depth Perception,LV,2.12,8,0.125,1.88,2.37,N,N,07/2014,Analyst
47-2141.00,1.A.4.a.7,Glare Sensitivity,IM,1.88,8,0.125,1.63,2.12,N,,07/2014,Analyst
47-2141.00,1.A.4.a.7,Glare Sensitivity,LV,1.5,8,0.2673,0.9762,2.0238,N,N,07/2014,Analyst
47-2141.00,1.A.4.b.1,Hearing Sensitivity,IM,2.12,8,0.125,1.88,2.37,N,,07/2014,Analyst
47-2141.00,1.A.4.b.1,Hearing Sensitivity,LV,2.0,8,0.0,2.0,2.0,N,N,07/2014,Analyst
47-2141.00,1.A.4.b.2,Auditory Attention,IM,2.0,8,0.0,2.0,2.0,N,,07/2014,Analyst
47-2141.00,1.A.4.b.2,Auditory Attention,LV,2.0,8,0.0,2.0,2.0,N,N,07/2014,Analyst
47-2141.00,1.A.4.b.3,Sound Localization,IM,2.0,8,0.0,2.0,2.0,N,,07/2014,Analyst
47-2141.00,1.A.4.b.3,Sound Localization,LV,1.12,8,0.125,0.88,1.37,N,N,07/2014,Analyst
47-2141.00,1.A.4.b.4,Speech Recognition,IM,2.88,8,0.125,2.63,3.12,N,,07/2014,Analyst
47-2141.00,1.A.4.b.4,Speech Recognition,LV,2.5,8,0.189,2.1296,2.8704,N,N,07/2014,Analyst
47-2141.00,1.A.4.b.5,Speech Clarity,IM,3.0,8,0.0,3.0,3.0,N,,07/2014,Analyst
47-2141.00,1.A.4.b.5,Speech Clarity,LV,2.62,8,0.183,2.2664,2.9836,N,N,07/2014,Analyst
47-2142.00,1.A.1.a.1,Oral Comprehension,IM,3.0,8,0.189,2.6296,3.3704,N,,06/2008,Analyst
47-2142.00,1.A.1.a.1,Oral Comprehension,LV,2.88,8,0.2266,2.4309,3.3191,N,N,06/2008,Analyst
47-2142.00,1.A.1.a.2,Written Comprehension,IM,2.5,8,0.189,2.1296,2.8704,N,,06/2008,Analyst
47-2142.00,1.A.1.a.2,Written Comprehension,LV,2.5,8,0.189,2.1296,2.8704,N,N,06/2008,Analyst
47-2142.00,1.A.1.a.3,Oral Expression,IM,2.88,8,0.125,2.63,3.12,N,,06/2008,Analyst
47-2142.00,1.A.1.a.3,Oral Expression,LV,2.62,8,0.183,2.2664,2.9836,N,N,06/2008,Analyst
47-2142.00,1.A.1.a.4,Written Expression,IM,2.25,8,0.25,1.76,2.74,N,,06/2008,Analyst
47-2142.00,1.A.1.a.4,Written Expression,LV,2.0,8,0.3273,1.3584,2.6416,N,N,06/2008,Analyst
47-2142.00,1.A.1.b.1,Fluency of Ideas,IM,1.88,8,0.2266,1.4309,2.3191,N,,06/2008,Analyst
47-2142.00,1.A.1.b.1,Fluency of Ideas,LV,1.62,8,0.375,0.89,2.36,N,N,06/2008,Analyst
47-2142.00,1.A.1.b.2,Originality,IM,2.0,8,0.2673,1.4762,2.5238,N,,06/2008,Analyst
47-2142.00,1.A.1.b.2,Originality,LV,1.75,8,0.4119,0.9427,2.5573,N,N,06/2008,Analyst
47-2142.00,1.A.1.b.3,Problem Sensitivity,IM,2.88,8,0.125,2.63,3.12,N,,06/2008,Analyst
47-2142.00,1.A.1.b.3,Problem Sensitivity,LV,2.62,8,0.2631,2.1094,3.1406,N,N,06/2008,Analyst
47-2142.00,1.A.1.b.4,Deductive Reasoning,IM,2.88,8,0.125,2.63,3.12,N,,06/2008,Analyst
47-2142.00,1.A.1.b.4,Deductive Reasoning,LV,2.5,8,0.189,2.1296,2.8704,N,N,06/2008,Analyst
47-2142.00,1.A.1.b.5,Inductive Reasoning,IM,2.88,8,0.125,2.63,3.12,N,,06/2008,Analyst
47-2142.00,1.A.1.b.5,Inductive Reasoning,LV,2.62,8,0.2631,2.1094,3.1406,N,N,06/2008,Analyst
47-2142.00,1.A.1.b.6,Information Ordering,IM,3.12,8,0.125,2.88,3.37,N,,06/2008,Analyst
47-2142.00,1.A.1.b.6,Information Ordering,LV,2.88,8,0.2266,2.4309,3.3191,N,N,06/2008,Analyst
47-2142.00,1.A.1.b.7,Category Flexibility,IM,2.62,8,0.183,2.2664,2.9836,N,,06/2008,Analyst
47-2142.00,1.A.1.b.7,Category Flexibility,LV,2.62,8,0.2631,2.1094,3.1406,N,N,06/2008,Analyst
47-2142.00,1.A.1.c.1,Mathematical Reasoning,IM,1.88,8,0.295,1.2967,2.4533,N,,06/2008,Analyst
47-2142.00,1.A.1.c.1,Mathematical Reasoning,LV,1.12,8,0.3981,0.3447,1.9053,N,N,06/2008,Analyst
47-2142.00,1.A.1.c.2,Number Facility,IM,1.88,8,0.295,1.2967,2.4533,N,,06/2008,Analyst
47-2142.00,1.A.1.c.2,Number Facility,LV,1.12,8,0.3981,0.3447,1.9053,N,N,06/2008,Analyst
47-2142.00,1.A.1.d.1,Memorization,IM,1.62,8,0.2631,1.1094,2.1406,N,,06/2008,Analyst
47-2142.00,1.A.1.d.1,Memorization,LV,0.75,8,0.3134,0.1358,1.3642,N,N,06/2008,Analyst
47-2142.00,1.A.1.e.1,Speed of Closure,IM,1.88,8,0.295,1.2967,2.4533,N,,06/2008,Analyst
47-2142.00,1.A.1.e.1,Speed of Closure,LV,1.38,8,0.4199,0.5519,2.1981,N,N,06/2008,Analyst
47-2142.00,1.A.1.e.2,Flexibility of Closure,IM,2.12,8,0.2266,1.6809,2.5691,N,,06/2008,Analyst
47-2142.00,1.A.1.e.2,Flexibility of Closure,LV,2.0,8,0.3273,1.3584,2.6416,N,N,06/2008,Analyst
47-2142.00,1.A.1.e.3,Perceptual Speed,IM,2.62,8,0.2631,2.1094,3.1406,N,,06/2008,Analyst
47-2142.00,1.A.1.e.3,Perceptual Speed,LV,2.5,8,0.2673,1.9762,3.0238,N,N,06/2008,Analyst
47-2142.00,1.A.1.f.1,Spatial Orientation,IM,1.88,8,0.2266,1.4309,2.3191,N,,06/2008,Analyst
47-2142.00,1.A.1.f.1,Spatial Orientation,LV,1.62,8,0.4199,0.8019,2.4481,N,N,06/2008,Analyst
47-2142.00,1.A.1.f.2,Visualization,IM,2.88,8,0.2266,2.4309,3.3191,N,,06/2008,Analyst
47-2142.00,1.A.1.f.2,Visualization,LV,3.0,8,0.2673,2.4762,3.5238,N,N,06/2008,Analyst
47-2142.00,1.A.1.g.1,Selective Attention,IM,2.75,8,0.25,2.26,3.24,N,,06/2008,Analyst
47-2142.00,1.A.1.g.1,Selective Attention,LV,2.75,8,0.25,2.26,3.24,N,N,06/2008,Analyst
47-2142.00,1.A.1.g.2,Time Sharing,IM,2.38,8,0.183,2.0164,2.7336,N,,06/2008,Analyst
47-2142.00,1.A.1.g.2,Time Sharing,LV,2.5,8,0.2673,1.9762,3.0238,N,N,06/2008,Analyst
47-2142.00,1.A.2.a.1,Arm-Hand Steadiness,IM,3.5,8,0.189,3.1296,3.8704,N,,06/2008,Analyst
47-2142.00,1.A.2.a.1,Arm-Hand Steadiness,LV,3.12,8,0.295,2.5467,3.7033,N,N,06/2008,Analyst
47-2142.00,1.A.2.a.2,Manual Dexterity,IM,3.62,8,0.183,3.2664,3.9836,N,,06/2008,Analyst
47-2142.00,1.A.2.a.2,Manual Dexterity,LV,3.25,8,0.25,2.76,3.74,N,N,06/2008,Analyst
47-2142.00,1.A.2.a.3,Finger Dexterity,IM,3.25,8,0.1637,2.9292,3.5708,N,,06/2008,Analyst
47-2142.00,1.A.2.a.3,Finger Dexterity,LV,3.12,8,0.2266,2.6809,3.5691,N,N,06/2008,Analyst
47-2142.00,1.A.2.b.1,Control Precision,IM,3.12,8,0.2266,2.6809,3.5691,N,,06/2008,Analyst
47-2142.00,1.A.2.b.1,Control Precision,LV,3.12,8,0.295,2.5467,3.7033,N,N,06/2008,Analyst
47-2142.00,1.A.2.b.2,Multilimb Coordination,IM,3.38,8,0.183,3.0164,3.7336,N,,06/2008,Analyst
47-2142.00,1.A.2.b.2,Multilimb Coordination,LV,3.0,8,0.189,2.6296,3.3704,N,N,06/2008,Analyst
47-2142.00,1.A.2.b.3,Response Orientation,IM,2.0,8,0.2673,1.4762,2.5238,N,,06/2008,Analyst
47-2142.00,1.A.2.b.3,Response Orientation,LV,1.75,8,0.4532,0.8618,2.6382,N,N,06/2008,Analyst
47-2142.00,1.A.2.b.4,Rate Control,IM,2.0,8,0.189,1.6296,2.3704,N,,06/2008,Analyst
47-2142.00,1.A.2.b.4,Rate Control,LV,2.12,8,0.3981,1.3447,2.9053,N,N,06/2008,Analyst
47-2142.00,1.A.2.c.1,Reaction Time,IM,1.62,8,0.183,1.2664,1.9836,N,,06/2008,Analyst
47-2142.00,1.A.2.c.1,Reaction Time,LV,1.38,8,0.4605,0.4724,2.2776,N,N,06/2008,Analyst
47-2142.00,1.A.2.c.2,Wrist-Finger Speed,IM,1.12,8,0.125,1.0,1.37,N,,06/2008,Analyst
47-2142.00,1.A.2.c.2,Wrist-Finger Speed,LV,0.25,8,0.25,0.0,0.74,N,Y,06/2008,Analyst
47-2142.00,1.A.2.c.3,Speed of Limb Movement,IM,2.25,8,0.1637,1.9292,2.5708,N,,06/2008,Analyst
47-2142.00,1.A.2.c.3,Speed of Limb Movement,LV,2.38,8,0.2631,1.8594,2.8906,N,N,06/2008,Analyst
47-2142.00,1.A.3.a.1,Static Strength,IM,2.62,8,0.183,2.2664,2.9836,N,,06/2008,Analyst
47-2142.00,1.A.3.a.1,Static Strength,LV,2.88,8,0.2266,2.4309,3.3191,N,N,06/2008,Analyst
47-2142.00,1.A.3.a.2,Explosive Strength,IM,1.12,8,0.125,1.0,1.37,N,,06/2008,Analyst
47-2142.00,1.A.3.a.2,Explosive Strength,LV,0.25,8,0.25,0.0,0.74,N,Y,06/2008,Analyst
47-2142.00,1.A.3.a.3,Dynamic Strength,IM,2.38,8,0.2631,1.8594,2.8906,N,,06/2008,Analyst
47-2142.00,1.A.3.a.3,Dynamic Strength,LV,2.12,8,0.3504,1.4383,2.8117,N,N,06/2008,Analyst
47-2142.00,1.A.3.a.4,Trunk Strength,IM,3.25,8,0.1637,2.9292,3.5708,N,,06/2008,Analyst
47-2142.00,1.A.3.a.4,Trunk Strength,LV,3.25,8,0.1637,2.9292,3.5708,N,N,06/2008,Analyst
47-2142.00,1.A.3.b.1,Stamina,IM,2.75,8,0.1637,2.4292,3.0708,N,,06/2008,Analyst
47-2142.00,1.A.3.b.1,Stamina,LV,2.88,8,0.295,2.2967,3.4533,N,N,06/2008,Analyst
47-2142.00,1.A.3.c.1,Extent Flexibility,IM,3.38,8,0.183,3.0164,3.7336,N,,06/2008,Analyst
47-2142.00,1.A.3.c.1,Extent Flexibility,LV,3.75,8,0.1637,3.4292,4.0708,N,N,06/2008,Analyst
47-2142.00,1.A.3.c.2,Dynamic Flexibility,IM,1.25,8,0.1637,1.0,1.5708,N,,06/2008,Analyst
47-2142.00,1.A.3.c.2,Dynamic Flexibility,LV,0.5,8,0.3273,0.0,1.1416,N,Y,06/2008,Analyst
47-2142.00,1.A.3.c.3,Gross Body Coordination,IM,2.88,8,0.295,2.2967,3.4533,N,,06/2008,Analyst
47-2142.00,1.A.3.c.3,Gross Body Coordination,LV,3.12,8,0.2266,2.6809,3.5691,N,N,06/2008,Analyst
47-2142.00,1.A.3.c.4,Gross Body Equilibrium,IM,3.25,8,0.25,2.76,3.74,N,,06/2008,Analyst
47-2142.00,1.A.3.c.4,Gross Body Equilibrium,LV,2.88,8,0.295,2.2967,3.4533,N,N,06/2008,Analyst
47-2142.00,1.A.4.a.1,Near Vision,IM,3.62,8,0.183,3.2664,3.9836,N,,06/2008,Analyst
47-2142.00,1.A.4.a.1,Near Vision,LV,3.25,8,0.1637,2.9292,3.5708,N,N,06/2008,Analyst
47-2142.00,1.A.4.a.2,Far Vision,IM,2.88,8,0.3504,2.1883,3.5617,N,,06/2008,Analyst
47-2142.00,1.A.4.a.2,Far Vision,LV,2.38,8,0.375,1.64,3.11,N,N,06/2008,Analyst
47-2142.00,1.A.4.a.3,Visual Color Discrimination,IM,2.75,8,0.3134,2.1358,3.3642,N,,06/2008,Analyst
47-2142.00,1.A.4.a.3,Visual Color Discrimination,LV,2.5,8,0.3273,1.8584,3.1416,N,N,06/2008,Analyst
47-2142.00,1.A.4.a.4,Night Vision,IM,1.62,8,0.2631,1.1094,2.1406,N,,06/2008,Analyst
47-2142.00,1.A.4.a.4,Night Vision,LV,1.0,8,0.4226,0.1717,1.8283,N,N,06/2008,Analyst
47-2142.00,1.A.4.a.5,Peripheral Vision,IM,1.62,8,0.2631,1.1094,2.1406,N,,06/2008,Analyst
47-2142.00,1.A.4.a.5,Peripheral Vision,LV,1.0,8,0.4226,0.1717,1.8283,N,N,06/2008,Analyst
47-2142.00,1.A.4.a.6,Depth Perception,IM,2.5,8,0.189,2.1296,2.8704,N,,06/2008,Analyst
47-2142.00,1.A.4.a.6,Depth Perception,LV,2.38,8,0.2631,1.8594,2.8906,N,N,06/2008,Analyst
47-2142.00,1.A.4.a.7,Glare Sensitivity,IM,1.75,8,0.1637,1.4292,2.0708,N,,06/2008,Analyst
47-2142.00,1.A.4.a.7,Glare Sensitivity,LV,1.25,8,0.3134,0.6358,1.8642,N,N,06/2008,Analyst
47-2142.00,1.A.4.b.1,Hearing Sensitivity,IM,1.75,8,0.1637,1.4292,2.0708,N,,06/2008,Analyst
47-2142.00,1.A.4.b.1,Hearing Sensitivity,LV,1.62,8,0.4199,0.8019,2.4481,N,N,06/2008,Analyst
47-2142.00,1.A.4.b.2,Auditory Attention,IM,1.88,8,0.125,1.63,2.12,N,,06/2008,Analyst
47-2142.00,1.A.4.b.2,Auditory Attention,LV,1.88,8,0.3504,1.1883,2.5617,N,N,06/2008,Analyst
47-2142.00,1.A.4.b.3,Sound Localization,IM,1.5,8,0.189,1.1296,1.8704,N,,06/2008,Analyst
47-2142.00,1.A.4.b.3,Sound Localization,LV,1.0,8,0.4226,0.1717,1.8283,N,N,06/2008,Analyst
47-2142.00,1.A.4.b.4,Speech Recognition,IM,2.75,8,0.25,2.26,3.24,N,,06/2008,Analyst
47-2142.00,1.A.4.b.4,Speech Recognition,LV,2.25,8,0.366,1.5327,2.9673,N,N,06/2008,Analyst
47-2142.00,1.A.4.b.5,Speech Clarity,IM,2.88,8,0.125,2.63,3.12,N,,06/2008,Analyst
47-2142.00,1.A.4.b.5,Speech Clarity,LV,2.38,8,0.2631,1.8594,2.8906,N,N,06/2008,Analyst
47-2151.00,1.A.1.a.1,Oral Comprehension,IM,3.62,8,0.183,3.2664,3.9836,N,,07/2015,Analyst
47-2151.00,1.A.1.a.1,Oral Comprehension,LV,3.5,8,0.189,3.1296,3.8704,N,N,07/2015,Analyst
47-2151.00,1.A.1.a.2,Written Comprehension,IM,3.0,8,0.0,3.0,3.0,N,,07/2015,Analyst
47-2151.00,1.A.1.a.2,Written Comprehension,LV,3.0,8,0.0,3.0,3.0,N,N,07/2015,Analyst
47-2151.00,1.A.1.a.3,Oral Expression,IM,3.25,8,0.1637,2.9292,3.5708,N,,07/2015,Analyst
47-2151.00,1.A.1.a.3,Oral Expression,LV,3.12,8,0.125,2.88,3.37,N,N,07/2015,Analyst
47-2151.00,1.A.1.a.4,Written Expression,IM,2.62,8,0.183,2.2664,2.9836,N,,07/2015,Analyst
47-2151.00,1.A.1.a.4,Written Expression,LV,2.25,8,0.1637,1.9292,2.5708,N,N,07/2015,Analyst
47-2151.00,1.A.1.b.1,Fluency of Ideas,IM,2.25,8,0.1637,1.9292,2.5708,N,,07/2015,Analyst
47-2151.00,1.A.1.b.1,Fluency of Ideas,LV,2.0,8,0.0,2.0,2.0,N,N,07/2015,Analyst
47-2151.00,1.A.1.b.2,Originality,IM,2.25,8,0.1637,1.9292,2.5708,N,,07/2015,Analyst
47-2151.00,1.A.1.b.2,Originality,LV,2.0,8,0.0,2.0,2.0,N,N,07/2015,Analyst
47-2151.00,1.A.1.b.3,Problem Sensitivity,IM,3.12,8,0.125,2.88,3.37,N,,07/2015,Analyst
47-2151.00,1.A.1.b.3,Problem Sensitivity,LV,3.0,8,0.0,3.0,3.0,N,N,07/2015,Analyst
47-2151.00,1.A.1.b.4,Deductive Reasoning,IM,3.0,8,0.0,3.0,3.0,N,,07/2015,Analyst
47-2151.00,1.A.1.b.4,Deductive Reasoning,LV,2.88,8,0.125,2.63,3.12,N,N,07/2015,Analyst
47-2151.00,1.A.1.b.5,Inductive Reasoning,IM,2.88,8,0.125,2.63,3.12,N,,07/2015,Analyst
47-2151.00,1.A.1.b.5,Inductive Reasoning,LV,2.88,8,0.125,2.63,3.12,N,N,07/2015,Analyst
47-2151.00,1.A.1.b.6,Information Ordering,IM,3.0,8,0.0,3.0,3.0,N,,07/2015,Analyst
47-2151.00,1.A.1.b.6,Information Ordering,LV,3.0,8,0.0,3.0,3.0,N,N,07/2015,Analyst
47-2151.00,1.A.1.b.7,Category Flexibility,IM,3.0,8,0.0,3.0,3.0,N,,07/2015,Analyst
47-2151.00,1.A.1.b.7,Category Flexibility,LV,3.0,8,0.0,3.0,3.0,N,N,07/2015,Analyst
47-2151.00,1.A.1.c.1,Mathematical Reasoning,IM,2.12,8,0.125,1.88,2.37,N,,07/2015,Analyst
47-2151.00,1.A.1.c.1,Mathematical Reasoning,LV,2.0,8,0.0,2.0,2.0,N,N,07/2015,Analyst
47-2151.00,1.A.1.c.2,Number Facility,IM,2.12,8,0.125,1.88,2.37,N,,07/2015,Analyst
47-2151.00,1.A.1.c.2,Number Facility,LV,1.62,8,0.183,1.2664,1.9836,N,N,07/2015,Analyst
47-2151.00,1.A.1.d.1,Memorization,IM,2.0,8,0.0,2.0,2.0,N,,07/2015,Analyst
47-2151.00,1.A.1.d.1,Memorization,LV,1.62,8,0.183,1.2664,1.9836,N,N,07/2015,Analyst
47-2151.00,1.A.1.e.1,Speed of Closure,IM,2.25,8,0.1637,1.9292,2.5708,N,,07/2015,Analyst
47-2151.00,1.A.1.e.1,Speed of Closure,LV,1.88,8,0.125,1.63,2.12,N,N,07/2015,Analyst
47-2151.00,1.A.1.e.2,Flexibility of Closure,IM,2.5,8,0.189,2.1296,2.8704,N,,07/2015,Analyst
47-2151.00,1.A.1.e.2,Flexibility of Closure,LV,2.75,8,0.1637,2.4292,3.0708,N,N,07/2015,Analyst
47-2151.00,1.A.1.e.3,Perceptual Speed,IM,2.75,8,0.1637,2.4292,3.0708,N,,07/2015,Analyst
47-2151.00,1.A.1.e.3,Perceptual Speed,LV,2.88,8,0.125,2.63,3.12,N,N,07/2015,Analyst
47-2151.00,1.A.1.f.1,Spatial Orientation,IM,2.25,8,0.1637,1.9292,2.5708,N,,07/2015,Analyst
47-2151.00,1.A.1.f.1,Spatial Orientation,LV,2.0,8,0.189,1.6296,2.3704,N,N,07/2015,Analyst
47-2151.00,1.A.1.f.2,Visualization,IM,3.0,8,0.0,3.0,3.0,N,,07/2015,Analyst
47-2151.00,1.A.1.f.2,Visualization,LV,3.0,8,0.0,3.0,3.0,N,N,07/2015,Analyst
47-2151.00,1.A.1.g.1,Selective Attention,IM,3.0,8,0.0,3.0,3.0,N,,07/2015,Analyst
47-2151.00,1.A.1.g.1,Selective Attention,LV,3.0,8,0.0,3.0,3.0,N,N,07/2015,Analyst
47-2151.00,1.A.1.g.2,Time Sharing,IM,2.25,8,0.1637,1.9292,2.5708,N,,07/2015,Analyst
47-2151.00,1.A.1.g.2,Time Sharing,LV,2.12,8,0.125,1.88,2.37,N,N,07/2015,Analyst
47-2151.00,1.A.2.a.1,Arm-Hand Steadiness,IM,3.62,8,0.183,3.2664,3.9836,N,,07/2015,Analyst
47-2151.00,1.A.2.a.1,Arm-Hand Steadiness,LV,3.12,8,0.125,2.88,3.37,N,N,07/2015,Analyst
47-2151.00,1.A.2.a.2,Manual Dexterity,IM,3.12,8,0.125,2.88,3.37,N,,07/2015,Analyst
47-2151.00,1.A.2.a.2,Manual Dexterity,LV,3.0,8,0.0,3.0,3.0,N,N,07/2015,Analyst
47-2151.00,1.A.2.a.3,Finger Dexterity,IM,3.0,8,0.189,2.6296,3.3704,N,,07/2015,Analyst
47-2151.00,1.A.2.a.3,Finger Dexterity,LV,3.0,8,0.189,2.6296,3.3704,N,N,07/2015,Analyst
47-2151.00,1.A.2.b.1,Control Precision,IM,3.62,8,0.183,3.2664,3.9836,N,,07/2015,Analyst
47-2151.00,1.A.2.b.1,Control Precision,LV,3.25,8,0.1637,2.9292,3.5708,N,N,07/2015,Analyst
47-2151.00,1.A.2.b.2,Multilimb Coordination,IM,3.12,8,0.2266,2.6809,3.5691,N,,07/2015,Analyst
47-2151.00,1.A.2.b.2,Multilimb Coordination,LV,3.0,8,0.0,3.0,3.0,N,N,07/2015,Analyst
47-2151.00,1.A.2.b.3,Response Orientation,IM,2.25,8,0.1637,1.9292,2.5708,N,,07/2015,Analyst
47-2151.00,1.A.2.b.3,Response Orientation,LV,2.12,8,0.125,1.88,2.37,N,N,07/2015,Analyst
47-2151.00,1.A.2.b.4,Rate Control,IM,3.0,8,0.189,2.6296,3.3704,N,,07/2015,Analyst
47-2151.00,1.A.2.b.4,Rate Control,LV,2.62,8,0.2631,2.1094,3.1406,N,N,07/2015,Analyst
47-2151.00,1.A.2.c.1,Reaction Time,IM,3.12,8,0.125,2.88,3.37,N,,07/2015,Analyst
47-2151.00,1.A.2.c.1,Reaction Time,LV,3.12,8,0.125,2.88,3.37,N,N,07/2015,Analyst
47-2151.00,1.A.2.c.2,Wrist-Finger Speed,IM,1.75,8,0.1637,1.4292,2.0708,N,,07/2015,Analyst
47-2151.00,1.A.2.c.2,Wrist-Finger Speed,LV,1.38,8,0.3239,0.7402,2.0098,N,N,07/2015,Analyst
47-2151.00,1.A.2.c.3,Speed of Limb Movement,IM,1.88,8,0.125,1.63,2.12,N,,07/2015,Analyst
47-2151.00,1.A.2.c.3,Speed of Limb Movement,LV,1.62,8,0.2631,1.1094,2.1406,N,N,07/2015,Analyst
47-2151.00,1.A.3.a.1,Static Strength,IM,3.12,8,0.125,2.88,3.37,N,,07/2015,Analyst
47-2151.00,1.A.3.a.1,Static Strength,LV,3.12,8,0.125,2.88,3.37,N,N,07/2015,Analyst
47-2151.00,1.A.3.a.2,Explosive Strength,IM,2.0,8,0.3273,1.3584,2.6416,N,,07/2015,Analyst
47-2151.00,1.A.3.a.2,Explosive Strength,LV,1.5,8,0.5,0.52,2.48,N,N,07/2015,Analyst
47-2151.00,1.A.3.a.3,Dynamic Strength,IM,2.38,8,0.183,2.0164,2.7336,N,,07/2015,Analyst
47-2151.00,1.A.3.a.3,Dynamic Strength,LV,2.38,8,0.183,2.0164,2.7336,N,N,07/2015,Analyst
47-2151.00,1.A.3.a.4,Trunk Strength,IM,3.12,8,0.125,2.88,3.37,N,,07/2015,Analyst
47-2151.00,1.A.3.a.4,Trunk Strength,LV,3.25,8,0.1637,2.9292,3.5708,N,N,07/2015,Analyst
47-2151.00,1.A.3.b.1,Stamina,IM,2.88,8,0.125,2.63,3.12,N,,07/2015,Analyst
47-2151.00,1.A.3.b.1,Stamina,LV,2.75,8,0.1637,2.4292,3.0708,N,N,07/2015,Analyst
47-2151.00,1.A.3.c.1,Extent Flexibility,IM,3.25,8,0.1637,2.9292,3.5708,N,,07/2015,Analyst
47-2151.00,1.A.3.c.1,Extent Flexibility,LV,3.25,8,0.1637,2.9292,3.5708,N,N,07/2015,Analyst
47-2151.00,1.A.3.c.2,Dynamic Flexibility,IM,1.25,8,0.1637,1.0,1.5708,N,,07/2015,Analyst
47-2151.00,1.A.3.c.2,Dynamic Flexibility,LV,0.38,8,0.2631,0.0,0.8906,N,Y,07/2015,Analyst
47-2151.00,1.A.3.c.3,Gross Body Coordination,IM,2.5,8,0.189,2.1296,2.8704,N,,07/2015,Analyst
47-2151.00,1.A.3.c.3,Gross Body Coordination,LV,2.25,8,0.1637,1.9292,2.5708,N,N,07/2015,Analyst
47-2151.00,1.A.3.c.4,Gross Body Equilibrium,IM,2.5,8,0.189,2.1296,2.8704,N,,07/2015,Analyst
47-2151.00,1.A.3.c.4,Gross Body Equilibrium,LV,2.25,8,0.1637,1.9292,2.5708,N,N,07/2015,Analyst
47-2151.00,1.A.4.a.1,Near Vision,IM,3.38,8,0.183,3.0164,3.7336,N,,07/2015,Analyst
47-2151.00,1.A.4.a.1,Near Vision,LV,3.12,8,0.125,2.88,3.37,N,N,07/2015,Analyst
47-2151.00,1.A.4.a.2,Far Vision,IM,2.88,8,0.125,2.63,3.12,N,,07/2015,Analyst
47-2151.00,1.A.4.a.2,Far Vision,LV,3.0,8,0.189,2.6296,3.3704,N,N,07/2015,Analyst
47-2151.00,1.A.4.a.3,Visual Color Discrimination,IM,2.25,8,0.1637,1.9292,2.5708,N,,07/2015,Analyst
47-2151.00,1.A.4.a.3,Visual Color Discrimination,LV,2.12,8,0.2266,1.6809,2.5691,N,N,07/2015,Analyst
47-2151.00,1.A.4.a.4,Night Vision,IM,2.0,8,0.0,2.0,2.0,N,,07/2015,Analyst
47-2151.00,1.A.4.a.4,Night Vision,LV,1.88,8,0.2266,1.4309,2.3191,N,N,07/2015,Analyst
47-2151.00,1.A.4.a.5,Peripheral Vision,IM,2.0,8,0.0,2.0,2.0,N,,07/2015,Analyst
47-2151.00,1.A.4.a.5,Peripheral Vision,LV,1.62,8,0.2631,1.1094,2.1406,N,N,07/2015,Analyst
47-2151.00,1.A.4.a.6,Depth Perception,IM,3.12,8,0.125,2.88,3.37,N,,07/2015,Analyst
47-2151.00,1.A.4.a.6,Depth Perception,LV,3.0,8,0.189,2.6296,3.3704,N,N,07/2015,Analyst
47-2151.00,1.A.4.a.7,Glare Sensitivity,IM,2.0,8,0.0,2.0,2.0,N,,07/2015,Analyst
47-2151.00,1.A.4.a.7,Glare Sensitivity,LV,1.62,8,0.183,1.2664,1.9836,N,N,07/2015,Analyst
47-2151.00,1.A.4.b.1,Hearing Sensitivity,IM,2.25,8,0.1637,1.9292,2.5708,N,,07/2015,Analyst
47-2151.00,1.A.4.b.1,Hearing Sensitivity,LV,2.12,8,0.125,1.88,2.37,N,N,07/2015,Analyst
47-2151.00,1.A.4.b.2,Auditory Attention,IM,2.38,8,0.183,2.0164,2.7336,N,,07/2015,Analyst
47-2151.00,1.A.4.b.2,Auditory Attention,LV,2.25,8,0.1637,1.9292,2.5708,N,N,07/2015,Analyst
47-2151.00,1.A.4.b.3,Sound Localization,IM,2.0,8,0.0,2.0,2.0,N,,07/2015,Analyst
47-2151.00,1.A.4.b.3,Sound Localization,LV,1.5,8,0.189,1.1296,1.8704,N,N,07/2015,Analyst
47-2151.00,1.A.4.b.4,Speech Recognition,IM,3.0,8,0.0,3.0,3.0,N,,07/2015,Analyst
47-2151.00,1.A.4.b.4,Speech Recognition,LV,2.75,8,0.1637,2.4292,3.0708,N,N,07/2015,Analyst
47-2151.00,1.A.4.b.5,Speech Clarity,IM,3.0,8,0.0,3.0,3.0,N,,07/2015,Analyst
47-2151.00,1.A.4.b.5,Speech Clarity,LV,2.88,8,0.125,2.63,3.12,N,N,07/2015,Analyst
47-2152.00,1.A.1.a.1,Oral Comprehension,IM,3.25,8,0.1637,2.9292,3.5708,N,,08/2022,Analyst
47-2152.00,1.A.1.a.1,Oral Comprehension,LV,3.25,8,0.1637,2.9292,3.5708,N,N,08/2022,Analyst
47-2152.00,1.A.1.a.2,Written Comprehension,IM,3.0,8,0.0,3.0,3.0,N,,08/2022,Analyst
47-2152.00,1.A.1.a.2,Written Comprehension,LV,2.75,8,0.1637,2.4292,3.0708,N,N,08/2022,Analyst
47-2152.00,1.A.1.a.3,Oral Expression,IM,3.12,8,0.125,2.88,3.37,N,,08/2022,Analyst
47-2152.00,1.A.1.a.3,Oral Expression,LV,3.38,8,0.183,3.0164,3.7336,N,N,08/2022,Analyst
47-2152.00,1.A.1.a.4,Written Expression,IM,2.62,8,0.183,2.2664,2.9836,N,,08/2022,Analyst
47-2152.00,1.A.1.a.4,Written Expression,LV,2.38,8,0.183,2.0164,2.7336,N,N,08/2022,Analyst
47-2152.00,1.A.1.b.1,Fluency of Ideas,IM,2.62,8,0.183,2.2664,2.9836,N,,08/2022,Analyst
47-2152.00,1.A.1.b.1,Fluency of Ideas,LV,2.62,8,0.183,2.2664,2.9836,N,N,08/2022,Analyst
47-2152.00,1.A.1.b.2,Originality,IM,2.5,8,0.189,2.1296,2.8704,N,,08/2022,Analyst
47-2152.00,1.A.1.b.2,Originality,LV,2.62,8,0.183,2.2664,2.9836,N,N,08/2022,Analyst
47-2152.00,1.A.1.b.3,Problem Sensitivity,IM,3.75,8,0.1637,3.4292,4.0708,N,,08/2022,Analyst
47-2152.00,1.A.1.b.3,Problem Sensitivity,LV,3.5,8,0.2673,2.9762,4.0238,N,N,08/2022,Analyst
47-2152.00,1.A.1.b.4,Deductive Reasoning,IM,3.5,8,0.189,3.1296,3.8704,N,,08/2022,Analyst
47-2152.00,1.A.1.b.4,Deductive Reasoning,LV,3.38,8,0.183,3.0164,3.7336,N,N,08/2022,Analyst
47-2152.00,1.A.1.b.5,Inductive Reasoning,IM,3.38,8,0.183,3.0164,3.7336,N,,08/2022,Analyst
47-2152.00,1.A.1.b.5,Inductive Reasoning,LV,3.38,8,0.183,3.0164,3.7336,N,N,08/2022,Analyst
47-2152.00,1.A.1.b.6,Information Ordering,IM,3.12,8,0.125,2.88,3.37,N,,08/2022,Analyst
47-2152.00,1.A.1.b.6,Information Ordering,LV,3.38,8,0.2631,2.8594,3.8906,N,N,08/2022,Analyst
47-2152.00,1.A.1.b.7,Category Flexibility,IM,3.25,8,0.1637,2.9292,3.5708,N,,08/2022,Analyst
47-2152.00,1.A.1.b.7,Category Flexibility,LV,2.75,8,0.1637,2.4292,3.0708,N,N,08/2022,Analyst
47-2152.00,1.A.1.c.1,Mathematical Reasoning,IM,2.5,8,0.189,2.1296,2.8704,N,,08/2022,Analyst
47-2152.00,1.A.1.c.1,Mathematical Reasoning,LV,2.25,8,0.1637,1.9292,2.5708,N,N,08/2022,Analyst
47-2152.00,1.A.1.c.2,Number Facility,IM,2.5,8,0.189,2.1296,2.8704,N,,08/2022,Analyst
47-2152.00,1.A.1.c.2,Number Facility,LV,2.38,8,0.183,2.0164,2.7336,N,N,08/2022,Analyst
47-2152.00,1.A.1.d.1,Memorization,IM,2.25,8,0.1637,1.9292,2.5708,N,,08/2022,Analyst
47-2152.00,1.A.1.d.1,Memorization,LV,2.12,8,0.2266,1.6809,2.5691,N,N,08/2022,Analyst
47-2152.00,1.A.1.e.1,Speed of Closure,IM,2.5,8,0.189,2.1296,2.8704,N,,08/2022,Analyst
47-2152.00,1.A.1.e.1,Speed of Closure,LV,2.62,8,0.2631,2.1094,3.1406,N,N,08/2022,Analyst
47-2152.00,1.A.1.e.2,Flexibility of Closure,IM,3.0,8,0.189,2.6296,3.3704,N,,08/2022,Analyst
47-2152.00,1.A.1.e.2,Flexibility of Closure,LV,3.25,8,0.25,2.76,3.74,N,N,08/2022,Analyst
47-2152.00,1.A.1.e.3,Perceptual Speed,IM,3.0,8,0.189,2.6296,3.3704,N,,08/2022,Analyst
47-2152.00,1.A.1.e.3,Perceptual Speed,LV,3.12,8,0.2266,2.6809,3.5691,N,N,08/2022,Analyst
47-2152.00,1.A.1.f.1,Spatial Orientation,IM,2.75,8,0.25,2.26,3.24,N,,08/2022,Analyst
47-2152.00,1.A.1.f.1,Spatial Orientation,LV,2.12,8,0.2266,1.6809,2.5691,N,N,08/2022,Analyst
47-2152.00,1.A.1.f.2,Visualization,IM,3.25,8,0.1637,2.9292,3.5708,N,,08/2022,Analyst
47-2152.00,1.A.1.f.2,Visualization,LV,3.75,8,0.3134,3.1358,4.3642,N,N,08/2022,Analyst
47-2152.00,1.A.1.g.1,Selective Attention,IM,3.12,8,0.125,2.88,3.37,N,,08/2022,Analyst
47-2152.00,1.A.1.g.1,Selective Attention,LV,2.75,8,0.1637,2.4292,3.0708,N,N,08/2022,Analyst
47-2152.00,1.A.1.g.2,Time Sharing,IM,2.75,8,0.1637,2.4292,3.0708,N,,08/2022,Analyst
47-2152.00,1.A.1.g.2,Time Sharing,LV,2.5,8,0.189,2.1296,2.8704,N,N,08/2022,Analyst
47-2152.00,1.A.2.a.1,Arm-Hand Steadiness,IM,3.25,8,0.1637,2.9292,3.5708,N,,08/2022,Analyst
47-2152.00,1.A.2.a.1,Arm-Hand Steadiness,LV,3.12,8,0.2266,2.6809,3.5691,N,N,08/2022,Analyst
47-2152.00,1.A.2.a.2,Manual Dexterity,IM,3.5,8,0.2673,2.9762,4.0238,N,,08/2022,Analyst
47-2152.00,1.A.2.a.2,Manual Dexterity,LV,3.25,8,0.25,2.76,3.74,N,N,08/2022,Analyst
47-2152.00,1.A.2.a.3,Finger Dexterity,IM,3.62,8,0.183,3.2664,3.9836,N,,08/2022,Analyst
47-2152.00,1.A.2.a.3,Finger Dexterity,LV,3.12,8,0.295,2.5467,3.7033,N,N,08/2022,Analyst
47-2152.00,1.A.2.b.1,Control Precision,IM,3.12,8,0.125,2.88,3.37,N,,08/2022,Analyst
47-2152.00,1.A.2.b.1,Control Precision,LV,3.0,8,0.189,2.6296,3.3704,N,N,08/2022,Analyst
47-2152.00,1.A.2.b.2,Multilimb Coordination,IM,3.12,8,0.2266,2.6809,3.5691,N,,08/2022,Analyst
47-2152.00,1.A.2.b.2,Multilimb Coordination,LV,3.0,8,0.2673,2.4762,3.5238,N,N,08/2022,Analyst
47-2152.00,1.A.2.b.3,Response Orientation,IM,2.38,8,0.183,2.0164,2.7336,N,,08/2022,Analyst
47-2152.00,1.A.2.b.3,Response Orientation,LV,2.5,8,0.189,2.1296,2.8704,N,N,08/2022,Analyst
47-2152.00,1.A.2.b.4,Rate Control,IM,2.25,8,0.3134,1.6358,2.8642,N,,08/2022,Analyst
47-2152.00,1.A.2.b.4,Rate Control,LV,2.25,8,0.4119,1.4427,3.0573,N,N,08/2022,Analyst
47-2152.00,1.A.2.c.1,Reaction Time,IM,2.75,8,0.1637,2.4292,3.0708,N,,08/2022,Analyst
47-2152.00,1.A.2.c.1,Reaction Time,LV,2.62,8,0.183,2.2664,2.9836,N,N,08/2022,Analyst
47-2152.00,1.A.2.c.2,Wrist-Finger Speed,IM,2.5,8,0.189,2.1296,2.8704,N,,08/2022,Analyst
47-2152.00,1.A.2.c.2,Wrist-Finger Speed,LV,2.62,8,0.183,2.2664,2.9836,N,N,08/2022,Analyst
47-2152.00,1.A.2.c.3,Speed of Limb Movement,IM,1.5,8,0.189,1.1296,1.8704,N,,08/2022,Analyst
47-2152.00,1.A.2.c.3,Speed of Limb Movement,LV,0.88,8,0.3504,0.1883,1.5617,N,N,08/2022,Analyst
47-2152.00,1.A.3.a.1,Static Strength,IM,3.0,8,0.189,2.6296,3.3704,N,,08/2022,Analyst
47-2152.00,1.A.3.a.1,Static Strength,LV,3.12,8,0.295,2.5467,3.7033,N,N,08/2022,Analyst
47-2152.00,1.A.3.a.2,Explosive Strength,IM,2.5,8,0.189,2.1296,2.8704,N,,08/2022,Analyst
47-2152.00,1.A.3.a.2,Explosive Strength,LV,2.25,8,0.1637,1.9292,2.5708,N,N,08/2022,Analyst
47-2152.00,1.A.3.a.3,Dynamic Strength,IM,3.0,8,0.189,2.6296,3.3704,N,,08/2022,Analyst
47-2152.00,1.A.3.a.3,Dynamic Strength,LV,2.88,8,0.295,2.2967,3.4533,N,N,08/2022,Analyst
47-2152.00,1.A.3.a.4,Trunk Strength,IM,3.38,8,0.183,3.0164,3.7336,N,,08/2022,Analyst
47-2152.00,1.A.3.a.4,Trunk Strength,LV,3.25,8,0.25,2.76,3.74,N,N,08/2022,Analyst
47-2152.00,1.A.3.b.1,Stamina,IM,2.75,8,0.25,2.26,3.24,N,,08/2022,Analyst
47-2152.00,1.A.3.b.1,Stamina,LV,2.5,8,0.2673,1.9762,3.0238,N,N,08/2022,Analyst
47-2152.00,1.A.3.c.1,Extent Flexibility,IM,3.12,8,0.2266,2.6809,3.5691,N,,08/2022,Analyst
47-2152.00,1.A.3.c.1,Extent Flexibility,LV,3.38,8,0.4978,2.3994,4.3506,N,N,08/2022,Analyst
47-2152.00,1.A.3.c.2,Dynamic Flexibility,IM,1.88,8,0.295,1.2967,2.4533,N,,08/2022,Analyst
47-2152.00,1.A.3.c.2,Dynamic Flexibility,LV,1.12,8,0.3981,0.3447,1.9053,N,N,08/2022,Analyst
47-2152.00,1.A.3.c.3,Gross Body Coordination,IM,2.62,8,0.3239,1.9902,3.2598,N,,08/2022,Analyst
47-2152.00,1.A.3.c.3,Gross Body Coordination,LV,2.38,8,0.375,1.64,3.11,N,N,08/2022,Analyst
47-2152.00,1.A.3.c.4,Gross Body Equilibrium,IM,2.88,8,0.295,2.2967,3.4533,N,,08/2022,Analyst
47-2152.00,1.A.3.c.4,Gross Body Equilibrium,LV,2.5,8,0.189,2.1296,2.8704,N,N,08/2022,Analyst
47-2152.00,1.A.4.a.1,Near Vision,IM,3.62,8,0.2631,3.1094,4.1406,N,,08/2022,Analyst
47-2152.00,1.A.4.a.1,Near Vision,LV,3.25,8,0.25,2.76,3.74,N,N,08/2022,Analyst
47-2152.00,1.A.4.a.2,Far Vision,IM,3.38,8,0.183,3.0164,3.7336,N,,08/2022,Analyst
47-2152.00,1.A.4.a.2,Far Vision,LV,3.12,8,0.2266,2.6809,3.5691,N,N,08/2022,Analyst
47-2152.00,1.A.4.a.3,Visual Color Discrimination,IM,2.88,8,0.2266,2.4309,3.3191,N,,08/2022,Analyst
47-2152.00,1.A.4.a.3,Visual Color Discrimination,LV,2.75,8,0.1637,2.4292,3.0708,N,N,08/2022,Analyst
47-2152.00,1.A.4.a.4,Night Vision,IM,1.88,8,0.2266,1.4309,2.3191,N,,08/2022,Analyst
47-2152.00,1.A.4.a.4,Night Vision,LV,1.5,8,0.3273,0.8584,2.1416,N,N,08/2022,Analyst
47-2152.00,1.A.4.a.5,Peripheral Vision,IM,2.12,8,0.2266,1.6809,2.5691,N,,08/2022,Analyst
47-2152.00,1.A.4.a.5,Peripheral Vision,LV,1.75,8,0.3134,1.1358,2.3642,N,N,08/2022,Analyst
47-2152.00,1.A.4.a.6,Depth Perception,IM,2.75,8,0.1637,2.4292,3.0708,N,,08/2022,Analyst
47-2152.00,1.A.4.a.6,Depth Perception,LV,2.5,8,0.189,2.1296,2.8704,N,N,08/2022,Analyst
47-2152.00,1.A.4.a.7,Glare Sensitivity,IM,1.88,8,0.125,1.63,2.12,N,,08/2022,Analyst
47-2152.00,1.A.4.a.7,Glare Sensitivity,LV,1.75,8,0.25,1.26,2.24,N,N,08/2022,Analyst
47-2152.00,1.A.4.b.1,Hearing Sensitivity,IM,2.5,8,0.189,2.1296,2.8704,N,,08/2022,Analyst
47-2152.00,1.A.4.b.1,Hearing Sensitivity,LV,2.62,8,0.183,2.2664,2.9836,N,N,08/2022,Analyst
47-2152.00,1.A.4.b.2,Auditory Attention,IM,2.88,8,0.2266,2.4309,3.3191,N,,08/2022,Analyst
47-2152.00,1.A.4.b.2,Auditory Attention,LV,2.75,8,0.25,2.26,3.24,N,N,08/2022,Analyst
47-2152.00,1.A.4.b.3,Sound Localization,IM,2.0,8,0.0,2.0,2.0,N,,08/2022,Analyst
47-2152.00,1.A.4.b.3,Sound Localization,LV,1.88,8,0.125,1.63,2.12,N,N,08/2022,Analyst
47-2152.00,1.A.4.b.4,Speech Recognition,IM,2.88,8,0.125,2.63,3.12,N,,08/2022,Analyst
47-2152.00,1.A.4.b.4,Speech Recognition,LV,2.62,8,0.183,2.2664,2.9836,N,N,08/2022,Analyst
47-2152.00,1.A.4.b.5,Speech Clarity,IM,2.75,8,0.1637,2.4292,3.0708,N,,08/2022,Analyst
47-2152.00,1.A.4.b.5,Speech Clarity,LV,2.62,8,0.183,2.2664,2.9836,N,N,08/2022,Analyst
47-2152.04,1.A.1.a.1,Oral Comprehension,IM,3.62,8,0.183,3.2664,3.9836,N,,07/2015,Analyst
47-2152.04,1.A.1.a.1,Oral Comprehension,LV,3.62,8,0.183,3.2664,3.9836,N,N,07/2015,Analyst
47-2152.04,1.A.1.a.2,Written Comprehension,IM,3.38,8,0.183,3.0164,3.7336,N,,07/2015,Analyst
47-2152.04,1.A.1.a.2,Written Comprehension,LV,3.25,8,0.1637,2.9292,3.5708,N,N,07/2015,Analyst
47-2152.04,1.A.1.a.3,Oral Expression,IM,3.38,8,0.183,3.0164,3.7336,N,,07/2015,Analyst
47-2152.04,1.A.1.a.3,Oral Expression,LV,3.5,8,0.189,3.1296,3.8704,N,N,07/2015,Analyst
47-2152.04,1.A.1.a.4,Written Expression,IM,3.0,8,0.189,2.6296,3.3704,N,,07/2015,Analyst
47-2152.04,1.A.1.a.4,Written Expression,LV,3.12,8,0.2266,2.6809,3.5691,N,N,07/2015,Analyst
47-2152.04,1.A.1.b.1,Fluency of Ideas,IM,2.88,8,0.125,2.63,3.12,N,,07/2015,Analyst
47-2152.04,1.A.1.b.1,Fluency of Ideas,LV,3.0,8,0.0,3.0,3.0,N,N,07/2015,Analyst
47-2152.04,1.A.1.b.2,Originality,IM,2.88,8,0.125,2.63,3.12,N,,07/2015,Analyst
47-2152.04,1.A.1.b.2,Originality,LV,3.0,8,0.0,3.0,3.0,N,N,07/2015,Analyst
47-2152.04,1.A.1.b.3,Problem Sensitivity,IM,3.38,8,0.183,3.0164,3.7336,N,,07/2015,Analyst
47-2152.04,1.A.1.b.3,Problem Sensitivity,LV,3.25,8,0.1637,2.9292,3.5708,N,N,07/2015,Analyst
47-2152.04,1.A.1.b.4,Deductive Reasoning,IM,3.0,8,0.0,3.0,3.0,N,,07/2015,Analyst
47-2152.04,1.A.1.b.4,Deductive Reasoning,LV,3.12,8,0.125,2.88,3.37,N,N,07/2015,Analyst
47-2152.04,1.A.1.b.5,Inductive Reasoning,IM,3.0,8,0.0,3.0,3.0,N,,07/2015,Analyst
47-2152.04,1.A.1.b.5,Inductive Reasoning,LV,3.12,8,0.2266,2.6809,3.5691,N,N,07/2015,Analyst
47-2152.04,1.A.1.b.6,Information Ordering,IM,3.25,8,0.1637,2.9292,3.5708,N,,07/2015,Analyst
47-2152.04,1.A.1.b.6,Information Ordering,LV,3.25,8,0.1637,2.9292,3.5708,N,N,07/2015,Analyst
47-2152.04,1.A.1.b.7,Category Flexibility,IM,3.0,8,0.189,2.6296,3.3704,N,,07/2015,Analyst
47-2152.04,1.A.1.b.7,Category Flexibility,LV,3.12,8,0.125,2.88,3.37,N,N,07/2015,Analyst
47-2152.04,1.A.1.c.1,Mathematical Reasoning,IM,2.62,8,0.183,2.2664,2.9836,N,,07/2015,Analyst
47-2152.04,1.A.1.c.1,Mathematical Reasoning,LV,2.5,8,0.189,2.1296,2.8704,N,N,07/2015,Analyst
47-2152.04,1.A.1.c.2,Number Facility,IM,2.75,8,0.1637,2.4292,3.0708,N,,07/2015,Analyst
47-2152.04,1.A.1.c.2,Number Facility,LV,2.62,8,0.183,2.2664,2.9836,N,N,07/2015,Analyst
47-2152.04,1.A.1.d.1,Memorization,IM,2.5,8,0.189,2.1296,2.8704,N,,07/2015,Analyst
47-2152.04,1.A.1.d.1,Memorization,LV,2.62,8,0.183,2.2664,2.9836,N,N,07/2015,Analyst
47-2152.04,1.A.1.e.1,Speed of Closure,IM,2.88,8,0.2266,2.4309,3.3191,N,,07/2015,Analyst
47-2152.04,1.A.1.e.1,Speed of Closure,LV,2.75,8,0.1637,2.4292,3.0708,N,N,07/2015,Analyst
47-2152.04,1.A.1.e.2,Flexibility of Closure,IM,3.25,8,0.3134,2.6358,3.8642,N,,07/2015,Analyst
47-2152.04,1.A.1.e.2,Flexibility of Closure,LV,3.25,8,0.1637,2.9292,3.5708,N,N,07/2015,Analyst
47-2152.04,1.A.1.e.3,Perceptual Speed,IM,2.88,8,0.295,2.2967,3.4533,N,,07/2015,Analyst
47-2152.04,1.A.1.e.3,Perceptual Speed,LV,3.25,8,0.1637,2.9292,3.5708,N,N,07/2015,Analyst
47-2152.04,1.A.1.f.1,Spatial Orientation,IM,2.25,8,0.1637,1.9292,2.5708,N,,07/2015,Analyst
47-2152.04,1.A.1.f.1,Spatial Orientation,LV,2.25,8,0.25,1.76,2.74,N,N,07/2015,Analyst
47-2152.04,1.A.1.f.2,Visualization,IM,3.12,8,0.125,2.88,3.37,N,,07/2015,Analyst
47-2152.04,1.A.1.f.2,Visualization,LV,3.62,8,0.2631,3.1094,4.1406,N,N,07/2015,Analyst
47-2152.04,1.A.1.g.1,Selective Attention,IM,3.25,8,0.1637,2.9292,3.5708,N,,07/2015,Analyst
47-2152.04,1.A.1.g.1,Selective Attention,LV,2.88,8,0.125,2.63,3.12,N,N,07/2015,Analyst
47-2152.04,1.A.1.g.2,Time Sharing,IM,2.75,8,0.25,2.26,3.24,N,,07/2015,Analyst
47-2152.04,1.A.1.g.2,Time Sharing,LV,3.0,8,0.189,2.6296,3.3704,N,N,07/2015,Analyst
47-2152.04,1.A.2.a.1,Arm-Hand Steadiness,IM,3.25,8,0.1637,2.9292,3.5708,N,,07/2015,Analyst
47-2152.04,1.A.2.a.1,Arm-Hand Steadiness,LV,3.38,8,0.183,3.0164,3.7336,N,N,07/2015,Analyst
47-2152.04,1.A.2.a.2,Manual Dexterity,IM,3.0,8,0.189,2.6296,3.3704,N,,07/2015,Analyst
47-2152.04,1.A.2.a.2,Manual Dexterity,LV,3.0,8,0.2673,2.4762,3.5238,N,N,07/2015,Analyst
47-2152.04,1.A.2.a.3,Finger Dexterity,IM,3.12,8,0.2266,2.6809,3.5691,N,,07/2015,Analyst
47-2152.04,1.A.2.a.3,Finger Dexterity,LV,3.12,8,0.2266,2.6809,3.5691,N,N,07/2015,Analyst
47-2152.04,1.A.2.b.1,Control Precision,IM,2.88,8,0.125,2.63,3.12,N,,07/2015,Analyst
47-2152.04,1.A.2.b.1,Control Precision,LV,3.25,8,0.25,2.76,3.74,N,N,07/2015,Analyst
47-2152.04,1.A.2.b.2,Multilimb Coordination,IM,2.75,8,0.25,2.26,3.24,N,,07/2015,Analyst
47-2152.04,1.A.2.b.2,Multilimb Coordination,LV,2.62,8,0.183,2.2664,2.9836,N,N,07/2015,Analyst
47-2152.04,1.A.2.b.3,Response Orientation,IM,2.25,8,0.1637,1.9292,2.5708,N,,07/2015,Analyst
47-2152.04,1.A.2.b.3,Response Orientation,LV,2.25,8,0.25,1.76,2.74,N,N,07/2015,Analyst
47-2152.04,1.A.2.b.4,Rate Control,IM,2.12,8,0.125,1.88,2.37,N,,07/2015,Analyst
47-2152.04,1.A.2.b.4,Rate Control,LV,2.12,8,0.2266,1.6809,2.5691,N,N,07/2015,Analyst
47-2152.04,1.A.2.c.1,Reaction Time,IM,2.5,8,0.189,2.1296,2.8704,N,,07/2015,Analyst
47-2152.04,1.A.2.c.1,Reaction Time,LV,2.62,8,0.183,2.2664,2.9836,N,N,07/2015,Analyst
47-2152.04,1.A.2.c.2,Wrist-Finger Speed,IM,2.5,8,0.189,2.1296,2.8704,N,,07/2015,Analyst
47-2152.04,1.A.2.c.2,Wrist-Finger Speed,LV,2.25,8,0.25,1.76,2.74,N,N,07/2015,Analyst
47-2152.04,1.A.2.c.3,Speed of Limb Movement,IM,1.88,8,0.3981,1.0947,2.6553,N,,07/2015,Analyst
47-2152.04,1.A.2.c.3,Speed of Limb Movement,LV,1.12,8,0.4407,0.2613,1.9887,N,N,07/2015,Analyst
47-2152.04,1.A.3.a.1,Static Strength,IM,2.88,8,0.2266,2.4309,3.3191,N,,07/2015,Analyst
47-2152.04,1.A.3.a.1,Static Strength,LV,3.0,8,0.2673,2.4762,3.5238,N,N,07/2015,Analyst
47-2152.04,1.A.3.a.2,Explosive Strength,IM,2.38,8,0.183,2.0164,2.7336,N,,07/2015,Analyst
47-2152.04,1.A.3.a.2,Explosive Strength,LV,2.88,8,0.2266,2.4309,3.3191,N,N,07/2015,Analyst
47-2152.04,1.A.3.a.3,Dynamic Strength,IM,2.75,8,0.1637,2.4292,3.0708,N,,07/2015,Analyst
47-2152.04,1.A.3.a.3,Dynamic Strength,LV,2.75,8,0.1637,2.4292,3.0708,N,N,07/2015,Analyst
47-2152.04,1.A.3.a.4,Trunk Strength,IM,3.0,8,0.189,2.6296,3.3704,N,,07/2015,Analyst
47-2152.04,1.A.3.a.4,Trunk Strength,LV,3.12,8,0.2266,2.6809,3.5691,N,N,07/2015,Analyst
47-2152.04,1.A.3.b.1,Stamina,IM,2.5,8,0.2673,1.9762,3.0238,N,,07/2015,Analyst
47-2152.04,1.A.3.b.1,Stamina,LV,2.38,8,0.375,1.64,3.11,N,N,07/2015,Analyst
47-2152.04,1.A.3.c.1,Extent Flexibility,IM,3.38,8,0.183,3.0164,3.7336,N,,07/2015,Analyst
47-2152.04,1.A.3.c.1,Extent Flexibility,LV,3.38,8,0.183,3.0164,3.7336,N,N,07/2015,Analyst
47-2152.04,1.A.3.c.2,Dynamic Flexibility,IM,1.38,8,0.183,1.0164,1.7336,N,,07/2015,Analyst
47-2152.04,1.A.3.c.2,Dynamic Flexibility,LV,0.62,8,0.3239,0.0,1.2598,N,N,07/2015,Analyst
47-2152.04,1.A.3.c.3,Gross Body Coordination,IM,2.75,8,0.25,2.26,3.24,N,,07/2015,Analyst
47-2152.04,1.A.3.c.3,Gross Body Coordination,LV,2.62,8,0.183,2.2664,2.9836,N,N,07/2015,Analyst
47-2152.04,1.A.3.c.4,Gross Body Equilibrium,IM,2.88,8,0.125,2.63,3.12,N,,07/2015,Analyst
47-2152.04,1.A.3.c.4,Gross Body Equilibrium,LV,2.62,8,0.3239,1.9902,3.2598,N,N,07/2015,Analyst
47-2152.04,1.A.4.a.1,Near Vision,IM,3.5,8,0.189,3.1296,3.8704,N,,07/2015,Analyst
47-2152.04,1.A.4.a.1,Near Vision,LV,3.62,8,0.183,3.2664,3.9836,N,N,07/2015,Analyst
47-2152.04,1.A.4.a.2,Far Vision,IM,3.12,8,0.2266,2.6809,3.5691,N,,07/2015,Analyst
47-2152.04,1.A.4.a.2,Far Vision,LV,3.12,8,0.2266,2.6809,3.5691,N,N,07/2015,Analyst
47-2152.04,1.A.4.a.3,Visual Color Discrimination,IM,3.25,8,0.25,2.76,3.74,N,,07/2015,Analyst
47-2152.04,1.A.4.a.3,Visual Color Discrimination,LV,3.25,8,0.25,2.76,3.74,N,N,07/2015,Analyst
47-2152.04,1.A.4.a.4,Night Vision,IM,1.88,8,0.125,1.63,2.12,N,,07/2015,Analyst
47-2152.04,1.A.4.a.4,Night Vision,LV,1.38,8,0.2631,0.8594,1.8906,N,N,07/2015,Analyst
47-2152.04,1.A.4.a.5,Peripheral Vision,IM,1.88,8,0.125,1.63,2.12,N,,07/2015,Analyst
47-2152.04,1.A.4.a.5,Peripheral Vision,LV,1.5,8,0.2673,0.9762,2.0238,N,N,07/2015,Analyst
47-2152.04,1.A.4.a.6,Depth Perception,IM,2.62,8,0.183,2.2664,2.9836,N,,07/2015,Analyst
47-2152.04,1.A.4.a.6,Depth Perception,LV,2.5,8,0.189,2.1296,2.8704,N,N,07/2015,Analyst
47-2152.04,1.A.4.a.7,Glare Sensitivity,IM,2.12,8,0.125,1.88,2.37,N,,07/2015,Analyst
47-2152.04,1.A.4.a.7,Glare Sensitivity,LV,2.12,8,0.3504,1.4383,2.8117,N,N,07/2015,Analyst
47-2152.04,1.A.4.b.1,Hearing Sensitivity,IM,2.62,8,0.2631,2.1094,3.1406,N,,07/2015,Analyst
47-2152.04,1.A.4.b.1,Hearing Sensitivity,LV,2.62,8,0.183,2.2664,2.9836,N,N,07/2015,Analyst
47-2152.04,1.A.4.b.2,Auditory Attention,IM,2.5,8,0.189,2.1296,2.8704,N,,07/2015,Analyst
47-2152.04,1.A.4.b.2,Auditory Attention,LV,2.88,8,0.295,2.2967,3.4533,N,N,07/2015,Analyst
47-2152.04,1.A.4.b.3,Sound Localization,IM,1.88,8,0.2266,1.4309,2.3191,N,,07/2015,Analyst
47-2152.04,1.A.4.b.3,Sound Localization,LV,1.38,8,0.375,0.64,2.11,N,N,07/2015,Analyst
47-2152.04,1.A.4.b.4,Speech Recognition,IM,3.5,8,0.189,3.1296,3.8704,N,,07/2015,Analyst
47-2152.04,1.A.4.b.4,Speech Recognition,LV,3.25,8,0.1637,2.9292,3.5708,N,N,07/2015,Analyst
47-2152.04,1.A.4.b.5,Speech Clarity,IM,3.25,8,0.1637,2.9292,3.5708,N,,07/2015,Analyst
47-2152.04,1.A.4.b.5,Speech Clarity,LV,3.0,8,0.0,3.0,3.0,N,N,07/2015,Analyst
47-2161.00,1.A.1.a.1,Oral Comprehension,IM,3.0,8,0.0,3.0,3.0,N,,07/2015,Analyst
47-2161.00,1.A.1.a.1,Oral Comprehension,LV,2.75,8,0.1637,2.4292,3.0708,N,N,07/2015,Analyst
47-2161.00,1.A.1.a.2,Written Comprehension,IM,2.75,8,0.1637,2.4292,3.0708,N,,07/2015,Analyst
47-2161.00,1.A.1.a.2,Written Comprehension,LV,2.62,8,0.183,2.2664,2.9836,N,N,07/2015,Analyst
47-2161.00,1.A.1.a.3,Oral Expression,IM,3.12,8,0.125,2.88,3.37,N,,07/2015,Analyst
47-2161.00,1.A.1.a.3,Oral Expression,LV,3.12,8,0.125,2.88,3.37,N,N,07/2015,Analyst
47-2161.00,1.A.1.a.4,Written Expression,IM,2.5,8,0.189,2.1296,2.8704,N,,07/2015,Analyst
47-2161.00,1.A.1.a.4,Written Expression,LV,2.25,8,0.1637,1.9292,2.5708,N,N,07/2015,Analyst
47-2161.00,1.A.1.b.1,Fluency of Ideas,IM,2.62,8,0.183,2.2664,2.9836,N,,07/2015,Analyst
47-2161.00,1.A.1.b.1,Fluency of Ideas,LV,2.12,8,0.125,1.88,2.37,N,N,07/2015,Analyst
47-2161.00,1.A.1.b.2,Originality,IM,2.75,8,0.1637,2.4292,3.0708,N,,07/2015,Analyst
47-2161.00,1.A.1.b.2,Originality,LV,2.12,8,0.125,1.88,2.37,N,N,07/2015,Analyst
47-2161.00,1.A.1.b.3,Problem Sensitivity,IM,3.12,8,0.125,2.88,3.37,N,,07/2015,Analyst
47-2161.00,1.A.1.b.3,Problem Sensitivity,LV,2.75,8,0.1637,2.4292,3.0708,N,N,07/2015,Analyst
47-2161.00,1.A.1.b.4,Deductive Reasoning,IM,2.88,8,0.125,2.63,3.12,N,,07/2015,Analyst
47-2161.00,1.A.1.b.4,Deductive Reasoning,LV,2.75,8,0.1637,2.4292,3.0708,N,N,07/2015,Analyst
47-2161.00,1.A.1.b.5,Inductive Reasoning,IM,2.75,8,0.1637,2.4292,3.0708,N,,07/2015,Analyst
47-2161.00,1.A.1.b.5,Inductive Reasoning,LV,2.75,8,0.1637,2.4292,3.0708,N,N,07/2015,Analyst
47-2161.00,1.A.1.b.6,Information Ordering,IM,3.0,8,0.0,3.0,3.0,N,,07/2015,Analyst
47-2161.00,1.A.1.b.6,Information Ordering,LV,2.88,8,0.125,2.63,3.12,N,N,07/2015,Analyst
47-2161.00,1.A.1.b.7,Category Flexibility,IM,2.88,8,0.125,2.63,3.12,N,,07/2015,Analyst
47-2161.00,1.A.1.b.7,Category Flexibility,LV,2.88,8,0.125,2.63,3.12,N,N,07/2015,Analyst
47-2161.00,1.A.1.c.1,Mathematical Reasoning,IM,2.12,8,0.125,1.88,2.37,N,,07/2015,Analyst
47-2161.00,1.A.1.c.1,Mathematical Reasoning,LV,1.88,8,0.125,1.63,2.12,N,N,07/2015,Analyst
47-2161.00,1.A.1.c.2,Number Facility,IM,2.0,8,0.0,2.0,2.0,N,,07/2015,Analyst
47-2161.00,1.A.1.c.2,Number Facility,LV,2.0,8,0.189,1.6296,2.3704,N,N,07/2015,Analyst
47-2161.00,1.A.1.d.1,Memorization,IM,2.0,8,0.0,2.0,2.0,N,,07/2015,Analyst
47-2161.00,1.A.1.d.1,Memorization,LV,1.88,8,0.125,1.63,2.12,N,N,07/2015,Analyst
47-2161.00,1.A.1.e.1,Speed of Closure,IM,2.12,8,0.125,1.88,2.37,N,,07/2015,Analyst
47-2161.00,1.A.1.e.1,Speed of Closure,LV,2.12,8,0.125,1.88,2.37,N,N,07/2015,Analyst
47-2161.00,1.A.1.e.2,Flexibility of Closure,IM,2.62,8,0.183,2.2664,2.9836,N,,07/2015,Analyst
47-2161.00,1.A.1.e.2,Flexibility of Closure,LV,2.25,8,0.1637,1.9292,2.5708,N,N,07/2015,Analyst
47-2161.00,1.A.1.e.3,Perceptual Speed,IM,2.62,8,0.183,2.2664,2.9836,N,,07/2015,Analyst
47-2161.00,1.A.1.e.3,Perceptual Speed,LV,2.5,8,0.189,2.1296,2.8704,N,N,07/2015,Analyst
47-2161.00,1.A.1.f.1,Spatial Orientation,IM,2.0,8,0.0,2.0,2.0,N,,07/2015,Analyst
47-2161.00,1.A.1.f.1,Spatial Orientation,LV,1.62,8,0.183,1.2664,1.9836,N,N,07/2015,Analyst
47-2161.00,1.A.1.f.2,Visualization,IM,3.12,8,0.125,2.88,3.37,N,,07/2015,Analyst
47-2161.00,1.A.1.f.2,Visualization,LV,3.0,8,0.0,3.0,3.0,N,N,07/2015,Analyst
47-2161.00,1.A.1.g.1,Selective Attention,IM,2.88,8,0.125,2.63,3.12,N,,07/2015,Analyst
47-2161.00,1.A.1.g.1,Selective Attention,LV,2.88,8,0.125,2.63,3.12,N,N,07/2015,Analyst
47-2161.00,1.A.1.g.2,Time Sharing,IM,2.12,8,0.125,1.88,2.37,N,,07/2015,Analyst
47-2161.00,1.A.1.g.2,Time Sharing,LV,2.0,8,0.0,2.0,2.0,N,N,07/2015,Analyst
47-2161.00,1.A.2.a.1,Arm-Hand Steadiness,IM,3.62,8,0.183,3.2664,3.9836,N,,07/2015,Analyst
47-2161.00,1.A.2.a.1,Arm-Hand Steadiness,LV,3.0,8,0.189,2.6296,3.3704,N,N,07/2015,Analyst
47-2161.00,1.A.2.a.2,Manual Dexterity,IM,3.62,8,0.183,3.2664,3.9836,N,,07/2015,Analyst
47-2161.00,1.A.2.a.2,Manual Dexterity,LV,3.5,8,0.189,3.1296,3.8704,N,N,07/2015,Analyst
47-2161.00,1.A.2.a.3,Finger Dexterity,IM,3.0,8,0.0,3.0,3.0,N,,07/2015,Analyst
47-2161.00,1.A.2.a.3,Finger Dexterity,LV,3.0,8,0.0,3.0,3.0,N,N,07/2015,Analyst
47-2161.00,1.A.2.b.1,Control Precision,IM,3.0,8,0.0,3.0,3.0,N,,07/2015,Analyst
47-2161.00,1.A.2.b.1,Control Precision,LV,3.12,8,0.125,2.88,3.37,N,N,07/2015,Analyst
47-2161.00,1.A.2.b.2,Multilimb Coordination,IM,3.25,8,0.1637,2.9292,3.5708,N,,07/2015,Analyst
47-2161.00,1.A.2.b.2,Multilimb Coordination,LV,3.12,8,0.125,2.88,3.37,N,N,07/2015,Analyst
47-2161.00,1.A.2.b.3,Response Orientation,IM,2.0,8,0.0,2.0,2.0,N,,07/2015,Analyst
47-2161.00,1.A.2.b.3,Response Orientation,LV,1.88,8,0.125,1.63,2.12,N,N,07/2015,Analyst
47-2161.00,1.A.2.b.4,Rate Control,IM,2.62,8,0.183,2.2664,2.9836,N,,07/2015,Analyst
47-2161.00,1.A.2.b.4,Rate Control,LV,2.62,8,0.183,2.2664,2.9836,N,N,07/2015,Analyst
47-2161.00,1.A.2.c.1,Reaction Time,IM,2.75,8,0.1637,2.4292,3.0708,N,,07/2015,Analyst
47-2161.00,1.A.2.c.1,Reaction Time,LV,2.88,8,0.125,2.63,3.12,N,N,07/2015,Analyst
47-2161.00,1.A.2.c.2,Wrist-Finger Speed,IM,2.38,8,0.183,2.0164,2.7336,N,,07/2015,Analyst
47-2161.00,1.A.2.c.2,Wrist-Finger Speed,LV,2.25,8,0.25,1.76,2.74,N,N,07/2015,Analyst
47-2161.00,1.A.2.c.3,Speed of Limb Movement,IM,2.5,8,0.2673,1.9762,3.0238,N,,07/2015,Analyst
47-2161.00,1.A.2.c.3,Speed of Limb Movement,LV,2.38,8,0.4199,1.5519,3.1981,N,N,07/2015,Analyst
47-2161.00,1.A.3.a.1,Static Strength,IM,3.25,8,0.1637,2.9292,3.5708,N,,07/2015,Analyst
47-2161.00,1.A.3.a.1,Static Strength,LV,3.62,8,0.183,3.2664,3.9836,N,N,07/2015,Analyst
47-2161.00,1.A.3.a.2,Explosive Strength,IM,1.88,8,0.295,1.2967,2.4533,N,,07/2015,Analyst
47-2161.00,1.A.3.a.2,Explosive Strength,LV,1.25,8,0.4119,0.4427,2.0573,N,N,07/2015,Analyst
47-2161.00,1.A.3.a.3,Dynamic Strength,IM,3.12,8,0.125,2.88,3.37,N,,07/2015,Analyst
47-2161.00,1.A.3.a.3,Dynamic Strength,LV,2.88,8,0.125,2.63,3.12,N,N,07/2015,Analyst
47-2161.00,1.A.3.a.4,Trunk Strength,IM,3.5,8,0.189,3.1296,3.8704,N,,07/2015,Analyst
47-2161.00,1.A.3.a.4,Trunk Strength,LV,3.62,8,0.183,3.2664,3.9836,N,N,07/2015,Analyst
47-2161.00,1.A.3.b.1,Stamina,IM,3.12,8,0.125,2.88,3.37,N,,07/2015,Analyst
47-2161.00,1.A.3.b.1,Stamina,LV,3.0,8,0.189,2.6296,3.3704,N,N,07/2015,Analyst
47-2161.00,1.A.3.c.1,Extent Flexibility,IM,3.5,8,0.2673,2.9762,4.0238,N,,07/2015,Analyst
47-2161.00,1.A.3.c.1,Extent Flexibility,LV,3.62,8,0.183,3.2664,3.9836,N,N,07/2015,Analyst
47-2161.00,1.A.3.c.2,Dynamic Flexibility,IM,1.5,8,0.378,1.0,2.2408,N,,07/2015,Analyst
47-2161.00,1.A.3.c.2,Dynamic Flexibility,LV,0.62,8,0.4199,0.0,1.4481,N,Y,07/2015,Analyst
47-2161.00,1.A.3.c.3,Gross Body Coordination,IM,3.0,8,0.189,2.6296,3.3704,N,,07/2015,Analyst
47-2161.00,1.A.3.c.3,Gross Body Coordination,LV,2.75,8,0.1637,2.4292,3.0708,N,N,07/2015,Analyst
47-2161.00,1.A.3.c.4,Gross Body Equilibrium,IM,3.25,8,0.1637,2.9292,3.5708,N,,07/2015,Analyst
47-2161.00,1.A.3.c.4,Gross Body Equilibrium,LV,2.88,8,0.125,2.63,3.12,N,N,07/2015,Analyst
47-2161.00,1.A.4.a.1,Near Vision,IM,3.75,8,0.1637,3.4292,4.0708,N,,07/2015,Analyst
47-2161.00,1.A.4.a.1,Near Vision,LV,3.25,8,0.1637,2.9292,3.5708,N,N,07/2015,Analyst
47-2161.00,1.A.4.a.2,Far Vision,IM,2.88,8,0.125,2.63,3.12,N,,07/2015,Analyst
47-2161.00,1.A.4.a.2,Far Vision,LV,2.88,8,0.125,2.63,3.12,N,N,07/2015,Analyst
47-2161.00,1.A.4.a.3,Visual Color Discrimination,IM,3.0,8,0.189,2.6296,3.3704,N,,07/2015,Analyst
47-2161.00,1.A.4.a.3,Visual Color Discrimination,LV,2.75,8,0.1637,2.4292,3.0708,N,N,07/2015,Analyst
47-2161.00,1.A.4.a.4,Night Vision,IM,1.88,8,0.125,1.63,2.12,N,,07/2015,Analyst
47-2161.00,1.A.4.a.4,Night Vision,LV,1.62,8,0.2631,1.1094,2.1406,N,N,07/2015,Analyst
47-2161.00,1.A.4.a.5,Peripheral Vision,IM,2.0,8,0.0,2.0,2.0,N,,07/2015,Analyst
47-2161.00,1.A.4.a.5,Peripheral Vision,LV,1.5,8,0.189,1.1296,1.8704,N,N,07/2015,Analyst
47-2161.00,1.A.4.a.6,Depth Perception,IM,2.5,8,0.189,2.1296,2.8704,N,,07/2015,Analyst
47-2161.00,1.A.4.a.6,Depth Perception,LV,2.12,8,0.125,1.88,2.37,N,N,07/2015,Analyst
47-2161.00,1.A.4.a.7,Glare Sensitivity,IM,2.0,8,0.0,2.0,2.0,N,,07/2015,Analyst
47-2161.00,1.A.4.a.7,Glare Sensitivity,LV,2.0,8,0.0,2.0,2.0,N,N,07/2015,Analyst
47-2161.00,1.A.4.b.1,Hearing Sensitivity,IM,2.38,8,0.183,2.0164,2.7336,N,,07/2015,Analyst
47-2161.00,1.A.4.b.1,Hearing Sensitivity,LV,2.12,8,0.125,1.88,2.37,N,N,07/2015,Analyst
47-2161.00,1.A.4.b.2,Auditory Attention,IM,2.5,8,0.189,2.1296,2.8704,N,,07/2015,Analyst
47-2161.00,1.A.4.b.2,Auditory Attention,LV,2.25,8,0.1637,1.9292,2.5708,N,N,07/2015,Analyst
47-2161.00,1.A.4.b.3,Sound Localization,IM,2.0,8,0.0,2.0,2.0,N,,07/2015,Analyst
47-2161.00,1.A.4.b.3,Sound Localization,LV,1.38,8,0.183,1.0164,1.7336,N,N,07/2015,Analyst
47-2161.00,1.A.4.b.4,Speech Recognition,IM,2.88,8,0.125,2.63,3.12,N,,07/2015,Analyst
47-2161.00,1.A.4.b.4,Speech Recognition,LV,2.25,8,0.1637,1.9292,2.5708,N,N,07/2015,Analyst
47-2161.00,1.A.4.b.5,Speech Clarity,IM,3.0,8,0.0,3.0,3.0,N,,07/2015,Analyst
47-2161.00,1.A.4.b.5,Speech Clarity,LV,2.25,8,0.1637,1.9292,2.5708,N,N,07/2015,Analyst
47-2171.00,1.A.1.a.1,Oral Comprehension,IM,2.88,8,0.125,2.63,3.12,N,,07/2015,Analyst
47-2171.00,1.A.1.a.1,Oral Comprehension,LV,2.88,8,0.125,2.63,3.12,N,N,07/2015,Analyst
47-2171.00,1.A.1.a.2,Written Comprehension,IM,2.5,8,0.2673,1.9762,3.0238,N,,07/2015,Analyst
47-2171.00,1.A.1.a.2,Written Comprehension,LV,2.12,8,0.3504,1.4383,2.8117,N,N,07/2015,Analyst
47-2171.00,1.A.1.a.3,Oral Expression,IM,2.88,8,0.125,2.63,3.12,N,,07/2015,Analyst
47-2171.00,1.A.1.a.3,Oral Expression,LV,2.88,8,0.125,2.63,3.12,N,N,07/2015,Analyst
47-2171.00,1.A.1.a.4,Written Expression,IM,1.88,8,0.125,1.63,2.12,N,,07/2015,Analyst
47-2171.00,1.A.1.a.4,Written Expression,LV,1.62,8,0.2631,1.1094,2.1406,N,N,07/2015,Analyst
47-2171.00,1.A.1.b.1,Fluency of Ideas,IM,2.38,8,0.183,2.0164,2.7336,N,,07/2015,Analyst
47-2171.00,1.A.1.b.1,Fluency of Ideas,LV,2.12,8,0.125,1.88,2.37,N,N,07/2015,Analyst
47-2171.00,1.A.1.b.2,Originality,IM,2.12,8,0.125,1.88,2.37,N,,07/2015,Analyst
47-2171.00,1.A.1.b.2,Originality,LV,2.0,8,0.0,2.0,2.0,N,N,07/2015,Analyst
47-2171.00,1.A.1.b.3,Problem Sensitivity,IM,3.12,8,0.125,2.88,3.37,N,,07/2015,Analyst
47-2171.00,1.A.1.b.3,Problem Sensitivity,LV,2.75,8,0.1637,2.4292,3.0708,N,N,07/2015,Analyst
47-2171.00,1.A.1.b.4,Deductive Reasoning,IM,3.0,8,0.0,3.0,3.0,N,,07/2015,Analyst
47-2171.00,1.A.1.b.4,Deductive Reasoning,LV,2.75,8,0.1637,2.4292,3.0708,N,N,07/2015,Analyst
47-2171.00,1.A.1.b.5,Inductive Reasoning,IM,2.88,8,0.125,2.63,3.12,N,,07/2015,Analyst
47-2171.00,1.A.1.b.5,Inductive Reasoning,LV,2.38,8,0.183,2.0164,2.7336,N,N,07/2015,Analyst
47-2171.00,1.A.1.b.6,Information Ordering,IM,3.0,8,0.0,3.0,3.0,N,,07/2015,Analyst
47-2171.00,1.A.1.b.6,Information Ordering,LV,2.75,8,0.1637,2.4292,3.0708,N,N,07/2015,Analyst
47-2171.00,1.A.1.b.7,Category Flexibility,IM,3.0,8,0.0,3.0,3.0,N,,07/2015,Analyst
47-2171.00,1.A.1.b.7,Category Flexibility,LV,2.62,8,0.183,2.2664,2.9836,N,N,07/2015,Analyst
47-2171.00,1.A.1.c.1,Mathematical Reasoning,IM,2.12,8,0.125,1.88,2.37,N,,07/2015,Analyst
47-2171.00,1.A.1.c.1,Mathematical Reasoning,LV,1.62,8,0.183,1.2664,1.9836,N,N,07/2015,Analyst
47-2171.00,1.A.1.c.2,Number Facility,IM,2.12,8,0.125,1.88,2.37,N,,07/2015,Analyst
47-2171.00,1.A.1.c.2,Number Facility,LV,1.88,8,0.125,1.63,2.12,N,N,07/2015,Analyst
47-2171.00,1.A.1.d.1,Memorization,IM,2.0,8,0.0,2.0,2.0,N,,07/2015,Analyst
47-2171.00,1.A.1.d.1,Memorization,LV,1.62,8,0.183,1.2664,1.9836,N,N,07/2015,Analyst
47-2171.00,1.A.1.e.1,Speed of Closure,IM,2.0,8,0.0,2.0,2.0,N,,07/2015,Analyst
47-2171.00,1.A.1.e.1,Speed of Closure,LV,1.88,8,0.125,1.63,2.12,N,N,07/2015,Analyst
47-2171.00,1.A.1.e.2,Flexibility of Closure,IM,2.88,8,0.125,2.63,3.12,N,,07/2015,Analyst
47-2171.00,1.A.1.e.2,Flexibility of Closure,LV,2.5,8,0.189,2.1296,2.8704,N,N,07/2015,Analyst
47-2171.00,1.A.1.e.3,Perceptual Speed,IM,2.62,8,0.183,2.2664,2.9836,N,,07/2015,Analyst
47-2171.00,1.A.1.e.3,Perceptual Speed,LV,2.5,8,0.2673,1.9762,3.0238,N,N,07/2015,Analyst
47-2171.00,1.A.1.f.1,Spatial Orientation,IM,2.38,8,0.183,2.0164,2.7336,N,,07/2015,Analyst
47-2171.00,1.A.1.f.1,Spatial Orientation,LV,2.25,8,0.1637,1.9292,2.5708,N,N,07/2015,Analyst
47-2171.00,1.A.1.f.2,Visualization,IM,3.0,8,0.0,3.0,3.0,N,,07/2015,Analyst
47-2171.00,1.A.1.f.2,Visualization,LV,3.12,8,0.125,2.88,3.37,N,N,07/2015,Analyst
47-2171.00,1.A.1.g.1,Selective Attention,IM,2.75,8,0.1637,2.4292,3.0708,N,,07/2015,Analyst
47-2171.00,1.A.1.g.1,Selective Attention,LV,2.75,8,0.1637,2.4292,3.0708,N,N,07/2015,Analyst
47-2171.00,1.A.1.g.2,Time Sharing,IM,2.5,8,0.2673,1.9762,3.0238,N,,07/2015,Analyst
47-2171.00,1.A.1.g.2,Time Sharing,LV,2.25,8,0.366,1.5327,2.9673,N,N,07/2015,Analyst
47-2171.00,1.A.2.a.1,Arm-Hand Steadiness,IM,3.5,8,0.189,3.1296,3.8704,N,,07/2015,Analyst
47-2171.00,1.A.2.a.1,Arm-Hand Steadiness,LV,3.12,8,0.125,2.88,3.37,N,N,07/2015,Analyst
47-2171.00,1.A.2.a.2,Manual Dexterity,IM,3.62,8,0.183,3.2664,3.9836,N,,07/2015,Analyst
47-2171.00,1.A.2.a.2,Manual Dexterity,LV,3.38,8,0.183,3.0164,3.7336,N,N,07/2015,Analyst
47-2171.00,1.A.2.a.3,Finger Dexterity,IM,3.25,8,0.1637,2.9292,3.5708,N,,07/2015,Analyst
47-2171.00,1.A.2.a.3,Finger Dexterity,LV,3.12,8,0.125,2.88,3.37,N,N,07/2015,Analyst
47-2171.00,1.A.2.b.1,Control Precision,IM,3.25,8,0.1637,2.9292,3.5708,N,,07/2015,Analyst
47-2171.00,1.A.2.b.1,Control Precision,LV,3.25,8,0.1637,2.9292,3.5708,N,N,07/2015,Analyst
47-2171.00,1.A.2.b.2,Multilimb Coordination,IM,3.75,8,0.1637,3.4292,4.0708,N,,07/2015,Analyst
47-2171.00,1.A.2.b.2,Multilimb Coordination,LV,3.38,8,0.183,3.0164,3.7336,N,N,07/2015,Analyst
47-2171.00,1.A.2.b.3,Response Orientation,IM,2.75,8,0.1637,2.4292,3.0708,N,,07/2015,Analyst
47-2171.00,1.A.2.b.3,Response Orientation,LV,3.0,8,0.189,2.6296,3.3704,N,N,07/2015,Analyst
47-2171.00,1.A.2.b.4,Rate Control,IM,2.62,8,0.183,2.2664,2.9836,N,,07/2015,Analyst
47-2171.00,1.A.2.b.4,Rate Control,LV,2.62,8,0.183,2.2664,2.9836,N,N,07/2015,Analyst
47-2171.00,1.A.2.c.1,Reaction Time,IM,3.25,8,0.1637,2.9292,3.5708,N,,07/2015,Analyst
47-2171.00,1.A.2.c.1,Reaction Time,LV,3.12,8,0.125,2.88,3.37,N,N,07/2015,Analyst
47-2171.00,1.A.2.c.2,Wrist-Finger Speed,IM,2.38,8,0.183,2.0164,2.7336,N,,07/2015,Analyst
47-2171.00,1.A.2.c.2,Wrist-Finger Speed,LV,2.38,8,0.183,2.0164,2.7336,N,N,07/2015,Analyst
47-2171.00,1.A.2.c.3,Speed of Limb Movement,IM,2.62,8,0.183,2.2664,2.9836,N,,07/2015,Analyst
47-2171.00,1.A.2.c.3,Speed of Limb Movement,LV,2.5,8,0.189,2.1296,2.8704,N,N,07/2015,Analyst
47-2171.00,1.A.3.a.1,Static Strength,IM,3.88,8,0.125,3.63,4.12,N,,07/2015,Analyst
47-2171.00,1.A.3.a.1,Static Strength,LV,4.0,8,0.189,3.6296,4.3704,N,N,07/2015,Analyst
47-2171.00,1.A.3.a.2,Explosive Strength,IM,2.25,8,0.1637,1.9292,2.5708,N,,07/2015,Analyst
47-2171.00,1.A.3.a.2,Explosive Strength,LV,1.5,8,0.189,1.1296,1.8704,N,N,07/2015,Analyst
47-2171.00,1.A.3.a.3,Dynamic Strength,IM,3.12,8,0.125,2.88,3.37,N,,07/2015,Analyst
47-2171.00,1.A.3.a.3,Dynamic Strength,LV,3.0,8,0.0,3.0,3.0,N,N,07/2015,Analyst
47-2171.00,1.A.3.a.4,Trunk Strength,IM,3.88,8,0.125,3.63,4.12,N,,07/2015,Analyst
47-2171.00,1.A.3.a.4,Trunk Strength,LV,3.75,8,0.1637,3.4292,4.0708,N,N,07/2015,Analyst
47-2171.00,1.A.3.b.1,Stamina,IM,3.38,8,0.183,3.0164,3.7336,N,,07/2015,Analyst
47-2171.00,1.A.3.b.1,Stamina,LV,3.25,8,0.1637,2.9292,3.5708,N,N,07/2015,Analyst
47-2171.00,1.A.3.c.1,Extent Flexibility,IM,3.5,8,0.189,3.1296,3.8704,N,,07/2015,Analyst
47-2171.00,1.A.3.c.1,Extent Flexibility,LV,3.62,8,0.183,3.2664,3.9836,N,N,07/2015,Analyst
47-2171.00,1.A.3.c.2,Dynamic Flexibility,IM,1.88,8,0.2266,1.4309,2.3191,N,,07/2015,Analyst
47-2171.00,1.A.3.c.2,Dynamic Flexibility,LV,1.0,8,0.3273,0.3584,1.6416,N,N,07/2015,Analyst
47-2171.00,1.A.3.c.3,Gross Body Coordination,IM,3.0,8,0.0,3.0,3.0,N,,07/2015,Analyst
47-2171.00,1.A.3.c.3,Gross Body Coordination,LV,3.0,8,0.0,3.0,3.0,N,N,07/2015,Analyst
47-2171.00,1.A.3.c.4,Gross Body Equilibrium,IM,3.0,8,0.0,3.0,3.0,N,,07/2015,Analyst
47-2171.00,1.A.3.c.4,Gross Body Equilibrium,LV,2.75,8,0.1637,2.4292,3.0708,N,N,07/2015,Analyst
47-2171.00,1.A.4.a.1,Near Vision,IM,3.38,8,0.183,3.0164,3.7336,N,,07/2015,Analyst
47-2171.00,1.A.4.a.1,Near Vision,LV,3.12,8,0.2266,2.6809,3.5691,N,N,07/2015,Analyst
47-2171.00,1.A.4.a.2,Far Vision,IM,2.88,8,0.125,2.63,3.12,N,,07/2015,Analyst
47-2171.00,1.A.4.a.2,Far Vision,LV,2.88,8,0.125,2.63,3.12,N,N,07/2015,Analyst
47-2171.00,1.A.4.a.3,Visual Color Discrimination,IM,2.38,8,0.2631,1.8594,2.8906,N,,07/2015,Analyst
47-2171.00,1.A.4.a.3,Visual Color Discrimination,LV,1.88,8,0.3504,1.1883,2.5617,N,N,07/2015,Analyst
47-2171.00,1.A.4.a.4,Night Vision,IM,1.75,8,0.1637,1.4292,2.0708,N,,07/2015,Analyst
47-2171.00,1.A.4.a.4,Night Vision,LV,1.0,8,0.2673,0.4762,1.5238,N,N,07/2015,Analyst
47-2171.00,1.A.4.a.5,Peripheral Vision,IM,1.88,8,0.125,1.63,2.12,N,,07/2015,Analyst
47-2171.00,1.A.4.a.5,Peripheral Vision,LV,1.75,8,0.25,1.26,2.24,N,N,07/2015,Analyst
47-2171.00,1.A.4.a.6,Depth Perception,IM,2.88,8,0.125,2.63,3.12,N,,07/2015,Analyst
47-2171.00,1.A.4.a.6,Depth Perception,LV,2.88,8,0.125,2.63,3.12,N,N,07/2015,Analyst
47-2171.00,1.A.4.a.7,Glare Sensitivity,IM,2.0,8,0.0,2.0,2.0,N,,07/2015,Analyst
47-2171.00,1.A.4.a.7,Glare Sensitivity,LV,2.0,8,0.0,2.0,2.0,N,N,07/2015,Analyst
47-2171.00,1.A.4.b.1,Hearing Sensitivity,IM,2.38,8,0.2631,1.8594,2.8906,N,,07/2015,Analyst
47-2171.00,1.A.4.b.1,Hearing Sensitivity,LV,2.38,8,0.375,1.64,3.11,N,N,07/2015,Analyst
47-2171.00,1.A.4.b.2,Auditory Attention,IM,2.88,8,0.125,2.63,3.12,N,,07/2015,Analyst
47-2171.00,1.A.4.b.2,Auditory Attention,LV,2.88,8,0.125,2.63,3.12,N,N,07/2015,Analyst
47-2171.00,1.A.4.b.3,Sound Localization,IM,1.88,8,0.125,1.63,2.12,N,,07/2015,Analyst
47-2171.00,1.A.4.b.3,Sound Localization,LV,1.5,8,0.2673,0.9762,2.0238,N,N,07/2015,Analyst
47-2171.00,1.A.4.b.4,Speech Recognition,IM,2.75,8,0.1637,2.4292,3.0708,N,,07/2015,Analyst
47-2171.00,1.A.4.b.4,Speech Recognition,LV,2.12,8,0.2266,1.6809,2.5691,N,N,07/2015,Analyst
47-2171.00,1.A.4.b.5,Speech Clarity,IM,2.38,8,0.2631,1.8594,2.8906,N,,07/2015,Analyst
47-2171.00,1.A.4.b.5,Speech Clarity,LV,1.88,8,0.295,1.2967,2.4533,N,N,07/2015,Analyst
47-2181.00,1.A.1.a.1,Oral Comprehension,IM,3.38,8,0.183,3.0164,3.7336,N,,07/2015,Analyst
47-2181.00,1.A.1.a.1,Oral Comprehension,LV,3.75,8,0.1637,3.4292,4.0708,N,N,07/2015,Analyst
47-2181.00,1.A.1.a.2,Written Comprehension,IM,2.62,8,0.183,2.2664,2.9836,N,,07/2015,Analyst
47-2181.00,1.A.1.a.2,Written Comprehension,LV,2.88,8,0.125,2.63,3.12,N,N,07/2015,Analyst
47-2181.00,1.A.1.a.3,Oral Expression,IM,3.0,8,0.0,3.0,3.0,N,,07/2015,Analyst
47-2181.00,1.A.1.a.3,Oral Expression,LV,3.0,8,0.0,3.0,3.0,N,N,07/2015,Analyst
47-2181.00,1.A.1.a.4,Written Expression,IM,2.12,8,0.125,1.88,2.37,N,,07/2015,Analyst
47-2181.00,1.A.1.a.4,Written Expression,LV,2.12,8,0.125,1.88,2.37,N,N,07/2015,Analyst
47-2181.00,1.A.1.b.1,Fluency of Ideas,IM,2.25,8,0.1637,1.9292,2.5708,N,,07/2015,Analyst
47-2181.00,1.A.1.b.1,Fluency of Ideas,LV,2.12,8,0.125,1.88,2.37,N,N,07/2015,Analyst
47-2181.00,1.A.1.b.2,Originality,IM,2.25,8,0.1637,1.9292,2.5708,N,,07/2015,Analyst
47-2181.00,1.A.1.b.2,Originality,LV,2.25,8,0.1637,1.9292,2.5708,N,N,07/2015,Analyst
47-2181.00,1.A.1.b.3,Problem Sensitivity,IM,3.75,8,0.1637,3.4292,4.0708,N,,07/2015,Analyst
47-2181.00,1.A.1.b.3,Problem Sensitivity,LV,2.88,8,0.125,2.63,3.12,N,N,07/2015,Analyst
47-2181.00,1.A.1.b.4,Deductive Reasoning,IM,3.0,8,0.0,3.0,3.0,N,,07/2015,Analyst
47-2181.00,1.A.1.b.4,Deductive Reasoning,LV,3.12,8,0.125,2.88,3.37,N,N,07/2015,Analyst
47-2181.00,1.A.1.b.5,Inductive Reasoning,IM,3.0,8,0.0,3.0,3.0,N,,07/2015,Analyst
47-2181.00,1.A.1.b.5,Inductive Reasoning,LV,2.88,8,0.125,2.63,3.12,N,N,07/2015,Analyst
47-2181.00,1.A.1.b.6,Information Ordering,IM,3.0,8,0.0,3.0,3.0,N,,07/2015,Analyst
47-2181.00,1.A.1.b.6,Information Ordering,LV,3.0,8,0.189,2.6296,3.3704,N,N,07/2015,Analyst
47-2181.00,1.A.1.b.7,Category Flexibility,IM,2.75,8,0.1637,2.4292,3.0708,N,,07/2015,Analyst
47-2181.00,1.A.1.b.7,Category Flexibility,LV,2.88,8,0.125,2.63,3.12,N,N,07/2015,Analyst
47-2181.00,1.A.1.c.1,Mathematical Reasoning,IM,2.0,8,0.0,2.0,2.0,N,,07/2015,Analyst
47-2181.00,1.A.1.c.1,Mathematical Reasoning,LV,1.5,8,0.189,1.1296,1.8704,N,N,07/2015,Analyst
47-2181.00,1.A.1.c.2,Number Facility,IM,2.12,8,0.125,1.88,2.37,N,,07/2015,Analyst
47-2181.00,1.A.1.c.2,Number Facility,LV,2.0,8,0.0,2.0,2.0,N,N,07/2015,Analyst
47-2181.00,1.A.1.d.1,Memorization,IM,2.0,8,0.0,2.0,2.0,N,,07/2015,Analyst
47-2181.00,1.A.1.d.1,Memorization,LV,1.38,8,0.183,1.0164,1.7336,N,N,07/2015,Analyst
47-2181.00,1.A.1.e.1,Speed of Closure,IM,2.12,8,0.125,1.88,2.37,N,,07/2015,Analyst
47-2181.00,1.A.1.e.1,Speed of Closure,LV,1.62,8,0.183,1.2664,1.9836,N,N,07/2015,Analyst
47-2181.00,1.A.1.e.2,Flexibility of Closure,IM,2.62,8,0.2631,2.1094,3.1406,N,,07/2015,Analyst
47-2181.00,1.A.1.e.2,Flexibility of Closure,LV,2.38,8,0.2631,1.8594,2.8906,N,N,07/2015,Analyst
47-2181.00,1.A.1.e.3,Perceptual Speed,IM,2.88,8,0.2266,2.4309,3.3191,N,,07/2015,Analyst
47-2181.00,1.A.1.e.3,Perceptual Speed,LV,2.88,8,0.125,2.63,3.12,N,N,07/2015,Analyst
47-2181.00,1.A.1.f.1,Spatial Orientation,IM,2.0,8,0.0,2.0,2.0,N,,07/2015,Analyst
47-2181.00,1.A.1.f.1,Spatial Orientation,LV,1.75,8,0.1637,1.4292,2.0708,N,N,07/2015,Analyst
47-2181.00,1.A.1.f.2,Visualization,IM,3.0,8,0.189,2.6296,3.3704,N,,07/2015,Analyst
47-2181.00,1.A.1.f.2,Visualization,LV,3.0,8,0.189,2.6296,3.3704,N,N,07/2015,Analyst
47-2181.00,1.A.1.g.1,Selective Attention,IM,3.0,8,0.0,3.0,3.0,N,,07/2015,Analyst
47-2181.00,1.A.1.g.1,Selective Attention,LV,3.0,8,0.0,3.0,3.0,N,N,07/2015,Analyst
47-2181.00,1.A.1.g.2,Time Sharing,IM,2.88,8,0.125,2.63,3.12,N,,07/2015,Analyst
47-2181.00,1.A.1.g.2,Time Sharing,LV,2.62,8,0.2631,2.1094,3.1406,N,N,07/2015,Analyst
47-2181.00,1.A.2.a.1,Arm-Hand Steadiness,IM,3.5,8,0.189,3.1296,3.8704,N,,07/2015,Analyst
47-2181.00,1.A.2.a.1,Arm-Hand Steadiness,LV,3.12,8,0.125,2.88,3.37,N,N,07/2015,Analyst
47-2181.00,1.A.2.a.2,Manual Dexterity,IM,3.5,8,0.189,3.1296,3.8704,N,,07/2015,Analyst
47-2181.00,1.A.2.a.2,Manual Dexterity,LV,3.12,8,0.125,2.88,3.37,N,N,07/2015,Analyst
47-2181.00,1.A.2.a.3,Finger Dexterity,IM,3.12,8,0.125,2.88,3.37,N,,07/2015,Analyst
47-2181.00,1.A.2.a.3,Finger Dexterity,LV,3.12,8,0.125,2.88,3.37,N,N,07/2015,Analyst
47-2181.00,1.A.2.b.1,Control Precision,IM,3.12,8,0.125,2.88,3.37,N,,07/2015,Analyst
47-2181.00,1.A.2.b.1,Control Precision,LV,3.0,8,0.0,3.0,3.0,N,N,07/2015,Analyst
47-2181.00,1.A.2.b.2,Multilimb Coordination,IM,3.5,8,0.189,3.1296,3.8704,N,,07/2015,Analyst
47-2181.00,1.A.2.b.2,Multilimb Coordination,LV,3.25,8,0.1637,2.9292,3.5708,N,N,07/2015,Analyst
47-2181.00,1.A.2.b.3,Response Orientation,IM,2.88,8,0.125,2.63,3.12,N,,07/2015,Analyst
47-2181.00,1.A.2.b.3,Response Orientation,LV,2.38,8,0.183,2.0164,2.7336,N,N,07/2015,Analyst
47-2181.00,1.A.2.b.4,Rate Control,IM,2.75,8,0.1637,2.4292,3.0708,N,,07/2015,Analyst
47-2181.00,1.A.2.b.4,Rate Control,LV,2.75,8,0.1637,2.4292,3.0708,N,N,07/2015,Analyst
47-2181.00,1.A.2.c.1,Reaction Time,IM,2.88,8,0.125,2.63,3.12,N,,07/2015,Analyst
47-2181.00,1.A.2.c.1,Reaction Time,LV,3.12,8,0.2266,2.6809,3.5691,N,N,07/2015,Analyst
47-2181.00,1.A.2.c.2,Wrist-Finger Speed,IM,2.12,8,0.125,1.88,2.37,N,,07/2015,Analyst
47-2181.00,1.A.2.c.2,Wrist-Finger Speed,LV,2.12,8,0.125,1.88,2.37,N,N,07/2015,Analyst
47-2181.00,1.A.2.c.3,Speed of Limb Movement,IM,2.75,8,0.1637,2.4292,3.0708,N,,07/2015,Analyst
47-2181.00,1.A.2.c.3,Speed of Limb Movement,LV,2.12,8,0.2266,1.6809,2.5691,N,N,07/2015,Analyst
47-2181.00,1.A.3.a.1,Static Strength,IM,3.12,8,0.125,2.88,3.37,N,,07/2015,Analyst
47-2181.00,1.A.3.a.1,Static Strength,LV,3.25,8,0.25,2.76,3.74,N,N,07/2015,Analyst
47-2181.00,1.A.3.a.2,Explosive Strength,IM,2.25,8,0.1637,1.9292,2.5708,N,,07/2015,Analyst
47-2181.00,1.A.3.a.2,Explosive Strength,LV,1.5,8,0.189,1.1296,1.8704,N,N,07/2015,Analyst
47-2181.00,1.A.3.a.3,Dynamic Strength,IM,2.5,8,0.2673,1.9762,3.0238,N,,07/2015,Analyst
47-2181.00,1.A.3.a.3,Dynamic Strength,LV,2.38,8,0.2631,1.8594,2.8906,N,N,07/2015,Analyst
47-2181.00,1.A.3.a.4,Trunk Strength,IM,3.75,8,0.1637,3.4292,4.0708,N,,07/2015,Analyst
47-2181.00,1.A.3.a.4,Trunk Strength,LV,3.75,8,0.1637,3.4292,4.0708,N,N,07/2015,Analyst
47-2181.00,1.A.3.b.1,Stamina,IM,3.25,8,0.1637,2.9292,3.5708,N,,07/2015,Analyst
47-2181.00,1.A.3.b.1,Stamina,LV,3.25,8,0.1637,2.9292,3.5708,N,N,07/2015,Analyst
47-2181.00,1.A.3.c.1,Extent Flexibility,IM,3.75,8,0.1637,3.4292,4.0708,N,,07/2015,Analyst
47-2181.00,1.A.3.c.1,Extent Flexibility,LV,3.75,8,0.1637,3.4292,4.0708,N,N,07/2015,Analyst
47-2181.00,1.A.3.c.2,Dynamic Flexibility,IM,1.88,8,0.125,1.63,2.12,N,,07/2015,Analyst
47-2181.00,1.A.3.c.2,Dynamic Flexibility,LV,1.12,8,0.2266,0.6809,1.5691,N,N,07/2015,Analyst
47-2181.00,1.A.3.c.3,Gross Body Coordination,IM,3.38,8,0.183,3.0164,3.7336,N,,07/2015,Analyst
47-2181.00,1.A.3.c.3,Gross Body Coordination,LV,3.12,8,0.125,2.88,3.37,N,N,07/2015,Analyst
47-2181.00,1.A.3.c.4,Gross Body Equilibrium,IM,4.0,8,0.0,4.0,4.0,N,,07/2015,Analyst
47-2181.00,1.A.3.c.4,Gross Body Equilibrium,LV,4.0,8,0.0,4.0,4.0,N,N,07/2015,Analyst
47-2181.00,1.A.4.a.1,Near Vision,IM,3.62,8,0.183,3.2664,3.9836,N,,07/2015,Analyst
47-2181.00,1.A.4.a.1,Near Vision,LV,3.38,8,0.183,3.0164,3.7336,N,N,07/2015,Analyst
47-2181.00,1.A.4.a.2,Far Vision,IM,3.12,8,0.125,2.88,3.37,N,,07/2015,Analyst
47-2181.00,1.A.4.a.2,Far Vision,LV,3.12,8,0.125,2.88,3.37,N,N,07/2015,Analyst
47-2181.00,1.A.4.a.3,Visual Color Discrimination,IM,2.5,8,0.189,2.1296,2.8704,N,,07/2015,Analyst
47-2181.00,1.A.4.a.3,Visual Color Discrimination,LV,2.38,8,0.183,2.0164,2.7336,N,N,07/2015,Analyst
47-2181.00,1.A.4.a.4,Night Vision,IM,1.75,8,0.1637,1.4292,2.0708,N,,07/2015,Analyst
47-2181.00,1.A.4.a.4,Night Vision,LV,1.38,8,0.3239,0.7402,2.0098,N,N,07/2015,Analyst
47-2181.00,1.A.4.a.5,Peripheral Vision,IM,1.88,8,0.125,1.63,2.12,N,,07/2015,Analyst
47-2181.00,1.A.4.a.5,Peripheral Vision,LV,1.38,8,0.2631,0.8594,1.8906,N,N,07/2015,Analyst
47-2181.00,1.A.4.a.6,Depth Perception,IM,2.88,8,0.125,2.63,3.12,N,,07/2015,Analyst
47-2181.00,1.A.4.a.6,Depth Perception,LV,3.0,8,0.0,3.0,3.0,N,N,07/2015,Analyst
47-2181.00,1.A.4.a.7,Glare Sensitivity,IM,2.38,8,0.183,2.0164,2.7336,N,,07/2015,Analyst
47-2181.00,1.A.4.a.7,Glare Sensitivity,LV,2.12,8,0.125,1.88,2.37,N,N,07/2015,Analyst
47-2181.00,1.A.4.b.1,Hearing Sensitivity,IM,2.25,8,0.25,1.76,2.74,N,,07/2015,Analyst
47-2181.00,1.A.4.b.1,Hearing Sensitivity,LV,1.75,8,0.25,1.26,2.24,N,N,07/2015,Analyst
47-2181.00,1.A.4.b.2,Auditory Attention,IM,2.75,8,0.25,2.26,3.24,N,,07/2015,Analyst
47-2181.00,1.A.4.b.2,Auditory Attention,LV,2.62,8,0.2631,2.1094,3.1406,N,N,07/2015,Analyst
47-2181.00,1.A.4.b.3,Sound Localization,IM,2.0,8,0.0,2.0,2.0,N,,07/2015,Analyst
47-2181.00,1.A.4.b.3,Sound Localization,LV,1.12,8,0.125,0.88,1.37,N,N,07/2015,Analyst
47-2181.00,1.A.4.b.4,Speech Recognition,IM,3.0,8,0.0,3.0,3.0,N,,07/2015,Analyst
47-2181.00,1.A.4.b.4,Speech Recognition,LV,2.75,8,0.1637,2.4292,3.0708,N,N,07/2015,Analyst
47-2181.00,1.A.4.b.5,Speech Clarity,IM,2.88,8,0.125,2.63,3.12,N,,07/2015,Analyst
47-2181.00,1.A.4.b.5,Speech Clarity,LV,2.62,8,0.2631,2.1094,3.1406,N,N,07/2015,Analyst
47-2211.00,1.A.1.a.1,Oral Comprehension,IM,3.12,8,0.125,2.88,3.37,N,,08/2023,Analyst
47-2211.00,1.A.1.a.1,Oral Comprehension,LV,3.12,8,0.125,2.88,3.37,N,N,08/2023,Analyst
47-2211.00,1.A.1.a.2,Written Comprehension,IM,3.12,8,0.125,2.88,3.37,N,,08/2023,Analyst
47-2211.00,1.A.1.a.2,Written Comprehension,LV,3.0,8,0.0,3.0,3.0,N,N,08/2023,Analyst
47-2211.00,1.A.1.a.3,Oral Expression,IM,3.12,8,0.125,2.88,3.37,N,,08/2023,Analyst
47-2211.00,1.A.1.a.3,Oral Expression,LV,3.12,8,0.125,2.88,3.37,N,N,08/2023,Analyst
47-2211.00,1.A.1.a.4,Written Expression,IM,2.5,8,0.189,2.1296,2.8704,N,,08/2023,Analyst
47-2211.00,1.A.1.a.4,Written Expression,LV,2.12,8,0.125,1.88,2.37,N,N,08/2023,Analyst
47-2211.00,1.A.1.b.1,Fluency of Ideas,IM,2.5,8,0.189,2.1296,2.8704,N,,08/2023,Analyst
47-2211.00,1.A.1.b.1,Fluency of Ideas,LV,2.38,8,0.183,2.0164,2.7336,N,N,08/2023,Analyst
47-2211.00,1.A.1.b.2,Originality,IM,2.5,8,0.189,2.1296,2.8704,N,,08/2023,Analyst
47-2211.00,1.A.1.b.2,Originality,LV,2.25,8,0.1637,1.9292,2.5708,N,N,08/2023,Analyst
47-2211.00,1.A.1.b.3,Problem Sensitivity,IM,3.12,8,0.125,2.88,3.37,N,,08/2023,Analyst
47-2211.00,1.A.1.b.3,Problem Sensitivity,LV,3.0,8,0.0,3.0,3.0,N,N,08/2023,Analyst
47-2211.00,1.A.1.b.4,Deductive Reasoning,IM,3.12,8,0.125,2.88,3.37,N,,08/2023,Analyst
47-2211.00,1.A.1.b.4,Deductive Reasoning,LV,3.0,8,0.0,3.0,3.0,N,N,08/2023,Analyst
47-2211.00,1.A.1.b.5,Inductive Reasoning,IM,3.0,8,0.0,3.0,3.0,N,,08/2023,Analyst
47-2211.00,1.A.1.b.5,Inductive Reasoning,LV,3.0,8,0.0,3.0,3.0,N,N,08/2023,Analyst
47-2211.00,1.A.1.b.6,Information Ordering,IM,3.25,8,0.1637,2.9292,3.5708,N,,08/2023,Analyst
47-2211.00,1.A.1.b.6,Information Ordering,LV,3.12,8,0.125,2.88,3.37,N,N,08/2023,Analyst
47-2211.00,1.A.1.b.7,Category Flexibility,IM,3.12,8,0.125,2.88,3.37,N,,08/2023,Analyst
47-2211.00,1.A.1.b.7,Category Flexibility,LV,3.12,8,0.125,2.88,3.37,N,N,08/2023,Analyst
47-2211.00,1.A.1.c.1,Mathematical Reasoning,IM,3.0,8,0.189,2.6296,3.3704,N,,08/2023,Analyst
47-2211.00,1.A.1.c.1,Mathematical Reasoning,LV,2.88,8,0.125,2.63,3.12,N,N,08/2023,Analyst
47-2211.00,1.A.1.c.2,Number Facility,IM,3.0,8,0.189,2.6296,3.3704,N,,08/2023,Analyst
47-2211.00,1.A.1.c.2,Number Facility,LV,2.38,8,0.183,2.0164,2.7336,N,N,08/2023,Analyst
47-2211.00,1.A.1.d.1,Memorization,IM,2.12,8,0.125,1.88,2.37,N,,08/2023,Analyst
47-2211.00,1.A.1.d.1,Memorization,LV,2.0,8,0.0,2.0,2.0,N,N,08/2023,Analyst
47-2211.00,1.A.1.e.1,Speed of Closure,IM,2.12,8,0.125,1.88,2.37,N,,08/2023,Analyst
47-2211.00,1.A.1.e.1,Speed of Closure,LV,2.0,8,0.0,2.0,2.0,N,N,08/2023,Analyst
47-2211.00,1.A.1.e.2,Flexibility of Closure,IM,3.12,8,0.125,2.88,3.37,N,,08/2023,Analyst
47-2211.00,1.A.1.e.2,Flexibility of Closure,LV,3.0,8,0.0,3.0,3.0,N,N,08/2023,Analyst
47-2211.00,1.A.1.e.3,Perceptual Speed,IM,3.0,8,0.0,3.0,3.0,N,,08/2023,Analyst
47-2211.00,1.A.1.e.3,Perceptual Speed,LV,3.0,8,0.0,3.0,3.0,N,N,08/2023,Analyst
47-2211.00,1.A.1.f.1,Spatial Orientation,IM,2.38,8,0.183,2.0164,2.7336,N,,08/2023,Analyst
47-2211.00,1.A.1.f.1,Spatial Orientation,LV,2.12,8,0.125,1.88,2.37,N,N,08/2023,Analyst
47-2211.00,1.A.1.f.2,Visualization,IM,3.62,8,0.183,3.2664,3.9836,N,,08/2023,Analyst
47-2211.00,1.A.1.f.2,Visualization,LV,4.0,8,0.0,4.0,4.0,N,N,08/2023,Analyst
47-2211.00,1.A.1.g.1,Selective Attention,IM,3.25,8,0.1637,2.9292,3.5708,N,,08/2023,Analyst
47-2211.00,1.A.1.g.1,Selective Attention,LV,3.0,8,0.0,3.0,3.0,N,N,08/2023,Analyst
47-2211.00,1.A.1.g.2,Time Sharing,IM,2.75,8,0.1637,2.4292,3.0708,N,,08/2023,Analyst
47-2211.00,1.A.1.g.2,Time Sharing,LV,2.75,8,0.1637,2.4292,3.0708,N,N,08/2023,Analyst
47-2211.00,1.A.2.a.1,Arm-Hand Steadiness,IM,3.38,8,0.183,3.0164,3.7336,N,,08/2023,Analyst
47-2211.00,1.A.2.a.1,Arm-Hand Steadiness,LV,3.0,8,0.0,3.0,3.0,N,N,08/2023,Analyst
47-2211.00,1.A.2.a.2,Manual Dexterity,IM,3.38,8,0.183,3.0164,3.7336,N,,08/2023,Analyst
47-2211.00,1.A.2.a.2,Manual Dexterity,LV,3.12,8,0.125,2.88,3.37,N,N,08/2023,Analyst
47-2211.00,1.A.2.a.3,Finger Dexterity,IM,3.25,8,0.1637,2.9292,3.5708,N,,08/2023,Analyst
47-2211.00,1.A.2.a.3,Finger Dexterity,LV,3.12,8,0.125,2.88,3.37,N,N,08/2023,Analyst
47-2211.00,1.A.2.b.1,Control Precision,IM,3.12,8,0.125,2.88,3.37,N,,08/2023,Analyst
47-2211.00,1.A.2.b.1,Control Precision,LV,3.25,8,0.1637,2.9292,3.5708,N,N,08/2023,Analyst
47-2211.00,1.A.2.b.2,Multilimb Coordination,IM,3.38,8,0.183,3.0164,3.7336,N,,08/2023,Analyst
47-2211.00,1.A.2.b.2,Multilimb Coordination,LV,3.25,8,0.1637,2.9292,3.5708,N,N,08/2023,Analyst
47-2211.00,1.A.2.b.3,Response Orientation,IM,2.75,8,0.1637,2.4292,3.0708,N,,08/2023,Analyst
47-2211.00,1.A.2.b.3,Response Orientation,LV,2.75,8,0.1637,2.4292,3.0708,N,N,08/2023,Analyst
47-2211.00,1.A.2.b.4,Rate Control,IM,2.88,8,0.125,2.63,3.12,N,,08/2023,Analyst
47-2211.00,1.A.2.b.4,Rate Control,LV,3.0,8,0.0,3.0,3.0,N,N,08/2023,Analyst
47-2211.00,1.A.2.c.1,Reaction Time,IM,3.0,8,0.0,3.0,3.0,N,,08/2023,Analyst
47-2211.00,1.A.2.c.1,Reaction Time,LV,3.0,8,0.0,3.0,3.0,N,N,08/2023,Analyst
47-2211.00,1.A.2.c.2,Wrist-Finger Speed,IM,2.5,8,0.189,2.1296,2.8704,N,,08/2023,Analyst
47-2211.00,1.A.2.c.2,Wrist-Finger Speed,LV,2.25,8,0.1637,1.9292,2.5708,N,N,08/2023,Analyst
47-2211.00,1.A.2.c.3,Speed of Limb Movement,IM,2.25,8,0.1637,1.9292,2.5708,N,,08/2023,Analyst
47-2211.00,1.A.2.c.3,Speed of Limb Movement,LV,2.38,8,0.183,2.0164,2.7336,N,N,08/2023,Analyst
47-2211.00,1.A.3.a.1,Static Strength,IM,3.12,8,0.125,2.88,3.37,N,,08/2023,Analyst
47-2211.00,1.A.3.a.1,Static Strength,LV,3.25,8,0.25,2.76,3.74,N,N,08/2023,Analyst
47-2211.00,1.A.3.a.2,Explosive Strength,IM,2.0,8,0.189,1.6296,2.3704,N,,08/2023,Analyst
47-2211.00,1.A.3.a.2,Explosive Strength,LV,1.38,8,0.2631,0.8594,1.8906,N,N,08/2023,Analyst
47-2211.00,1.A.3.a.3,Dynamic Strength,IM,2.5,8,0.2673,1.9762,3.0238,N,,08/2023,Analyst
47-2211.00,1.A.3.a.3,Dynamic Strength,LV,2.38,8,0.183,2.0164,2.7336,N,N,08/2023,Analyst
47-2211.00,1.A.3.a.4,Trunk Strength,IM,3.12,8,0.125,2.88,3.37,N,,08/2023,Analyst
47-2211.00,1.A.3.a.4,Trunk Strength,LV,3.12,8,0.125,2.88,3.37,N,N,08/2023,Analyst
47-2211.00,1.A.3.b.1,Stamina,IM,2.88,8,0.125,2.63,3.12,N,,08/2023,Analyst
47-2211.00,1.A.3.b.1,Stamina,LV,3.0,8,0.0,3.0,3.0,N,N,08/2023,Analyst
47-2211.00,1.A.3.c.1,Extent Flexibility,IM,3.0,8,0.0,3.0,3.0,N,,08/2023,Analyst
47-2211.00,1.A.3.c.1,Extent Flexibility,LV,3.12,8,0.125,2.88,3.37,N,N,08/2023,Analyst
47-2211.00,1.A.3.c.2,Dynamic Flexibility,IM,1.5,8,0.189,1.1296,1.8704,N,,08/2023,Analyst
47-2211.00,1.A.3.c.2,Dynamic Flexibility,LV,0.75,8,0.3134,0.1358,1.3642,N,N,08/2023,Analyst
47-2211.00,1.A.3.c.3,Gross Body Coordination,IM,2.62,8,0.183,2.2664,2.9836,N,,08/2023,Analyst
47-2211.00,1.A.3.c.3,Gross Body Coordination,LV,2.5,8,0.189,2.1296,2.8704,N,N,08/2023,Analyst
47-2211.00,1.A.3.c.4,Gross Body Equilibrium,IM,2.5,8,0.189,2.1296,2.8704,N,,08/2023,Analyst
47-2211.00,1.A.3.c.4,Gross Body Equilibrium,LV,2.75,8,0.1637,2.4292,3.0708,N,N,08/2023,Analyst
47-2211.00,1.A.4.a.1,Near Vision,IM,3.62,8,0.183,3.2664,3.9836,N,,08/2023,Analyst
47-2211.00,1.A.4.a.1,Near Vision,LV,3.38,8,0.183,3.0164,3.7336,N,N,08/2023,Analyst
47-2211.00,1.A.4.a.2,Far Vision,IM,3.0,8,0.0,3.0,3.0,N,,08/2023,Analyst
47-2211.00,1.A.4.a.2,Far Vision,LV,3.0,8,0.0,3.0,3.0,N,N,08/2023,Analyst
47-2211.00,1.A.4.a.3,Visual Color Discrimination,IM,2.5,8,0.189,2.1296,2.8704,N,,08/2023,Analyst
47-2211.00,1.A.4.a.3,Visual Color Discrimination,LV,2.5,8,0.189,2.1296,2.8704,N,N,08/2023,Analyst
47-2211.00,1.A.4.a.4,Night Vision,IM,1.62,8,0.183,1.2664,1.9836,N,,08/2023,Analyst
47-2211.00,1.A.4.a.4,Night Vision,LV,0.75,8,0.25,0.26,1.24,N,N,08/2023,Analyst
47-2211.00,1.A.4.a.5,Peripheral Vision,IM,1.88,8,0.2266,1.4309,2.3191,N,,08/2023,Analyst
47-2211.00,1.A.4.a.5,Peripheral Vision,LV,1.25,8,0.3134,0.6358,1.8642,N,N,08/2023,Analyst
47-2211.00,1.A.4.a.6,Depth Perception,IM,3.0,8,0.0,3.0,3.0,N,,08/2023,Analyst
47-2211.00,1.A.4.a.6,Depth Perception,LV,3.0,8,0.0,3.0,3.0,N,N,08/2023,Analyst
47-2211.00,1.A.4.a.7,Glare Sensitivity,IM,1.88,8,0.125,1.63,2.12,N,,08/2023,Analyst
47-2211.00,1.A.4.a.7,Glare Sensitivity,LV,1.75,8,0.25,1.26,2.24,N,N,08/2023,Analyst
47-2211.00,1.A.4.b.1,Hearing Sensitivity,IM,2.25,8,0.1637,1.9292,2.5708,N,,08/2023,Analyst
47-2211.00,1.A.4.b.1,Hearing Sensitivity,LV,2.0,8,0.0,2.0,2.0,N,N,08/2023,Analyst
47-2211.00,1.A.4.b.2,Auditory Attention,IM,3.0,8,0.0,3.0,3.0,N,,08/2023,Analyst
47-2211.00,1.A.4.b.2,Auditory Attention,LV,3.0,8,0.189,2.6296,3.3704,N,N,08/2023,Analyst
47-2211.00,1.A.4.b.3,Sound Localization,IM,1.75,8,0.1637,1.4292,2.0708,N,,08/2023,Analyst
47-2211.00,1.A.4.b.3,Sound Localization,LV,0.88,8,0.2266,0.4309,1.3191,N,N,08/2023,Analyst
47-2211.00,1.A.4.b.4,Speech Recognition,IM,3.0,8,0.0,3.0,3.0,N,,08/2023,Analyst
47-2211.00,1.A.4.b.4,Speech Recognition,LV,2.88,8,0.125,2.63,3.12,N,N,08/2023,Analyst
47-2211.00,1.A.4.b.5,Speech Clarity,IM,3.0,8,0.0,3.0,3.0,N,,08/2023,Analyst
47-2211.00,1.A.4.b.5,Speech Clarity,LV,2.88,8,0.125,2.63,3.12,N,N,08/2023,Analyst
47-2221.00,1.A.1.a.1,Oral Comprehension,IM,3.25,8,0.1637,2.9292,3.5708,N,,07/2015,Analyst
47-2221.00,1.A.1.a.1,Oral Comprehension,LV,3.12,8,0.125,2.88,3.37,N,N,07/2015,Analyst
47-2221.00,1.A.1.a.2,Written Comprehension,IM,3.0,8,0.0,3.0,3.0,N,,07/2015,Analyst
47-2221.00,1.A.1.a.2,Written Comprehension,LV,3.0,8,0.0,3.0,3.0,N,N,07/2015,Analyst
47-2221.00,1.A.1.a.3,Oral Expression,IM,3.12,8,0.125,2.88,3.37,N,,07/2015,Analyst
47-2221.00,1.A.1.a.3,Oral Expression,LV,3.12,8,0.125,2.88,3.37,N,N,07/2015,Analyst
47-2221.00,1.A.1.a.4,Written Expression,IM,2.25,8,0.1637,1.9292,2.5708,N,,07/2015,Analyst
47-2221.00,1.A.1.a.4,Written Expression,LV,2.25,8,0.1637,1.9292,2.5708,N,N,07/2015,Analyst
47-2221.00,1.A.1.b.1,Fluency of Ideas,IM,2.88,8,0.125,2.63,3.12,N,,07/2015,Analyst
47-2221.00,1.A.1.b.1,Fluency of Ideas,LV,2.75,8,0.1637,2.4292,3.0708,N,N,07/2015,Analyst
47-2221.00,1.A.1.b.2,Originality,IM,2.75,8,0.1637,2.4292,3.0708,N,,07/2015,Analyst
47-2221.00,1.A.1.b.2,Originality,LV,2.5,8,0.189,2.1296,2.8704,N,N,07/2015,Analyst
47-2221.00,1.A.1.b.3,Problem Sensitivity,IM,3.75,8,0.1637,3.4292,4.0708,N,,07/2015,Analyst
47-2221.00,1.A.1.b.3,Problem Sensitivity,LV,3.0,8,0.0,3.0,3.0,N,N,07/2015,Analyst
47-2221.00,1.A.1.b.4,Deductive Reasoning,IM,3.12,8,0.125,2.88,3.37,N,,07/2015,Analyst
47-2221.00,1.A.1.b.4,Deductive Reasoning,LV,3.0,8,0.0,3.0,3.0,N,N,07/2015,Analyst
47-2221.00,1.A.1.b.5,Inductive Reasoning,IM,2.88,8,0.125,2.63,3.12,N,,07/2015,Analyst
47-2221.00,1.A.1.b.5,Inductive Reasoning,LV,3.0,8,0.0,3.0,3.0,N,N,07/2015,Analyst
47-2221.00,1.A.1.b.6,Information Ordering,IM,3.38,8,0.183,3.0164,3.7336,N,,07/2015,Analyst
47-2221.00,1.A.1.b.6,Information Ordering,LV,3.25,8,0.1637,2.9292,3.5708,N,N,07/2015,Analyst
47-2221.00,1.A.1.b.7,Category Flexibility,IM,3.0,8,0.0,3.0,3.0,N,,07/2015,Analyst
47-2221.00,1.A.1.b.7,Category Flexibility,LV,2.75,8,0.1637,2.4292,3.0708,N,N,07/2015,Analyst
47-2221.00,1.A.1.c.1,Mathematical Reasoning,IM,2.25,8,0.1637,1.9292,2.5708,N,,07/2015,Analyst
47-2221.00,1.A.1.c.1,Mathematical Reasoning,LV,2.0,8,0.0,2.0,2.0,N,N,07/2015,Analyst
47-2221.00,1.A.1.c.2,Number Facility,IM,2.75,8,0.1637,2.4292,3.0708,N,,07/2015,Analyst
47-2221.00,1.A.1.c.2,Number Facility,LV,2.25,8,0.1637,1.9292,2.5708,N,N,07/2015,Analyst
47-2221.00,1.A.1.d.1,Memorization,IM,2.0,8,0.0,2.0,2.0,N,,07/2015,Analyst
47-2221.00,1.A.1.d.1,Memorization,LV,1.88,8,0.125,1.63,2.12,N,N,07/2015,Analyst
47-2221.00,1.A.1.e.1,Speed of Closure,IM,2.0,8,0.0,2.0,2.0,N,,07/2015,Analyst
47-2221.00,1.A.1.e.1,Speed of Closure,LV,2.0,8,0.0,2.0,2.0,N,N,07/2015,Analyst
47-2221.00,1.A.1.e.2,Flexibility of Closure,IM,2.88,8,0.125,2.63,3.12,N,,07/2015,Analyst
47-2221.00,1.A.1.e.2,Flexibility of Closure,LV,2.75,8,0.1637,2.4292,3.0708,N,N,07/2015,Analyst
47-2221.00,1.A.1.e.3,Perceptual Speed,IM,3.0,8,0.0,3.0,3.0,N,,07/2015,Analyst
47-2221.00,1.A.1.e.3,Perceptual Speed,LV,3.12,8,0.125,2.88,3.37,N,N,07/2015,Analyst
47-2221.00,1.A.1.f.1,Spatial Orientation,IM,2.62,8,0.183,2.2664,2.9836,N,,07/2015,Analyst
47-2221.00,1.A.1.f.1,Spatial Orientation,LV,2.12,8,0.125,1.88,2.37,N,N,07/2015,Analyst
47-2221.00,1.A.1.f.2,Visualization,IM,4.0,8,0.0,4.0,4.0,N,,07/2015,Analyst
47-2221.00,1.A.1.f.2,Visualization,LV,3.88,8,0.125,3.63,4.12,N,N,07/2015,Analyst
47-2221.00,1.A.1.g.1,Selective Attention,IM,3.75,8,0.1637,3.4292,4.0708,N,,07/2015,Analyst
47-2221.00,1.A.1.g.1,Selective Attention,LV,3.0,8,0.189,2.6296,3.3704,N,N,07/2015,Analyst
47-2221.00,1.A.1.g.2,Time Sharing,IM,3.0,8,0.0,3.0,3.0,N,,07/2015,Analyst
47-2221.00,1.A.1.g.2,Time Sharing,LV,2.88,8,0.125,2.63,3.12,N,N,07/2015,Analyst
47-2221.00,1.A.2.a.1,Arm-Hand Steadiness,IM,4.0,8,0.189,3.6296,4.3704,N,,07/2015,Analyst
47-2221.00,1.A.2.a.1,Arm-Hand Steadiness,LV,3.88,8,0.125,3.63,4.12,N,N,07/2015,Analyst
47-2221.00,1.A.2.a.2,Manual Dexterity,IM,4.0,8,0.189,3.6296,4.3704,N,,07/2015,Analyst
47-2221.00,1.A.2.a.2,Manual Dexterity,LV,3.88,8,0.125,3.63,4.12,N,N,07/2015,Analyst
47-2221.00,1.A.2.a.3,Finger Dexterity,IM,3.62,8,0.183,3.2664,3.9836,N,,07/2015,Analyst
47-2221.00,1.A.2.a.3,Finger Dexterity,LV,3.88,8,0.125,3.63,4.12,N,N,07/2015,Analyst
47-2221.00,1.A.2.b.1,Control Precision,IM,3.88,8,0.125,3.63,4.12,N,,07/2015,Analyst
47-2221.00,1.A.2.b.1,Control Precision,LV,4.0,8,0.0,4.0,4.0,N,N,07/2015,Analyst
47-2221.00,1.A.2.b.2,Multilimb Coordination,IM,4.12,8,0.125,3.88,4.37,N,,07/2015,Analyst
47-2221.00,1.A.2.b.2,Multilimb Coordination,LV,4.0,8,0.0,4.0,4.0,N,N,07/2015,Analyst
47-2221.00,1.A.2.b.3,Response Orientation,IM,3.12,8,0.125,2.88,3.37,N,,07/2015,Analyst
47-2221.00,1.A.2.b.3,Response Orientation,LV,3.5,8,0.189,3.1296,3.8704,N,N,07/2015,Analyst
47-2221.00,1.A.2.b.4,Rate Control,IM,3.5,8,0.189,3.1296,3.8704,N,,07/2015,Analyst
47-2221.00,1.A.2.b.4,Rate Control,LV,3.12,8,0.125,2.88,3.37,N,N,07/2015,Analyst
47-2221.00,1.A.2.c.1,Reaction Time,IM,3.5,8,0.189,3.1296,3.8704,N,,07/2015,Analyst
47-2221.00,1.A.2.c.1,Reaction Time,LV,3.88,8,0.125,3.63,4.12,N,N,07/2015,Analyst
47-2221.00,1.A.2.c.2,Wrist-Finger Speed,IM,2.62,8,0.2631,2.1094,3.1406,N,,07/2015,Analyst
47-2221.00,1.A.2.c.2,Wrist-Finger Speed,LV,2.5,8,0.378,1.7592,3.2408,N,N,07/2015,Analyst
47-2221.00,1.A.2.c.3,Speed of Limb Movement,IM,2.62,8,0.2631,2.1094,3.1406,N,,07/2015,Analyst
47-2221.00,1.A.2.c.3,Speed of Limb Movement,LV,2.62,8,0.375,1.89,3.36,N,N,07/2015,Analyst
47-2221.00,1.A.3.a.1,Static Strength,IM,4.12,8,0.125,3.88,4.37,N,,07/2015,Analyst
47-2221.00,1.A.3.a.1,Static Strength,LV,4.5,8,0.189,4.1296,4.8704,N,N,07/2015,Analyst
47-2221.00,1.A.3.a.2,Explosive Strength,IM,2.12,8,0.125,1.88,2.37,N,,07/2015,Analyst
47-2221.00,1.A.3.a.2,Explosive Strength,LV,1.5,8,0.189,1.1296,1.8704,N,N,07/2015,Analyst
47-2221.00,1.A.3.a.3,Dynamic Strength,IM,3.62,8,0.183,3.2664,3.9836,N,,07/2015,Analyst
47-2221.00,1.A.3.a.3,Dynamic Strength,LV,3.75,8,0.1637,3.4292,4.0708,N,N,07/2015,Analyst
47-2221.00,1.A.3.a.4,Trunk Strength,IM,3.88,8,0.125,3.63,4.12,N,,07/2015,Analyst
47-2221.00,1.A.3.a.4,Trunk Strength,LV,3.88,8,0.125,3.63,4.12,N,N,07/2015,Analyst
47-2221.00,1.A.3.b.1,Stamina,IM,3.5,8,0.2673,2.9762,4.0238,N,,07/2015,Analyst
47-2221.00,1.A.3.b.1,Stamina,LV,3.12,8,0.125,2.88,3.37,N,N,07/2015,Analyst
47-2221.00,1.A.3.c.1,Extent Flexibility,IM,3.75,8,0.1637,3.4292,4.0708,N,,07/2015,Analyst
47-2221.00,1.A.3.c.1,Extent Flexibility,LV,3.88,8,0.125,3.63,4.12,N,N,07/2015,Analyst
47-2221.00,1.A.3.c.2,Dynamic Flexibility,IM,1.25,8,0.1637,1.0,1.5708,N,,07/2015,Analyst
47-2221.00,1.A.3.c.2,Dynamic Flexibility,LV,0.5,8,0.3273,0.0,1.1416,N,Y,07/2015,Analyst
47-2221.00,1.A.3.c.3,Gross Body Coordination,IM,3.12,8,0.125,2.88,3.37,N,,07/2015,Analyst
47-2221.00,1.A.3.c.3,Gross Body Coordination,LV,3.12,8,0.125,2.88,3.37,N,N,07/2015,Analyst
47-2221.00,1.A.3.c.4,Gross Body Equilibrium,IM,3.75,8,0.1637,3.4292,4.0708,N,,07/2015,Analyst
47-2221.00,1.A.3.c.4,Gross Body Equilibrium,LV,3.88,8,0.125,3.63,4.12,N,N,07/2015,Analyst
47-2221.00,1.A.4.a.1,Near Vision,IM,4.0,8,0.0,4.0,4.0,N,,07/2015,Analyst
47-2221.00,1.A.4.a.1,Near Vision,LV,3.75,8,0.1637,3.4292,4.0708,N,N,07/2015,Analyst
47-2221.00,1.A.4.a.2,Far Vision,IM,3.62,8,0.183,3.2664,3.9836,N,,07/2015,Analyst
47-2221.00,1.A.4.a.2,Far Vision,LV,3.75,8,0.1637,3.4292,4.0708,N,N,07/2015,Analyst
47-2221.00,1.A.4.a.3,Visual Color Discrimination,IM,2.88,8,0.2266,2.4309,3.3191,N,,07/2015,Analyst
47-2221.00,1.A.4.a.3,Visual Color Discrimination,LV,2.88,8,0.125,2.63,3.12,N,N,07/2015,Analyst
47-2221.00,1.A.4.a.4,Night Vision,IM,2.0,8,0.0,2.0,2.0,N,,07/2015,Analyst
47-2221.00,1.A.4.a.4,Night Vision,LV,1.88,8,0.125,1.63,2.12,N,N,07/2015,Analyst
47-2221.00,1.A.4.a.5,Peripheral Vision,IM,2.5,8,0.189,2.1296,2.8704,N,,07/2015,Analyst
47-2221.00,1.A.4.a.5,Peripheral Vision,LV,2.62,8,0.183,2.2664,2.9836,N,N,07/2015,Analyst
47-2221.00,1.A.4.a.6,Depth Perception,IM,3.75,8,0.1637,3.4292,4.0708,N,,07/2015,Analyst
47-2221.00,1.A.4.a.6,Depth Perception,LV,3.75,8,0.1637,3.4292,4.0708,N,N,07/2015,Analyst
47-2221.00,1.A.4.a.7,Glare Sensitivity,IM,3.0,8,0.0,3.0,3.0,N,,07/2015,Analyst
47-2221.00,1.A.4.a.7,Glare Sensitivity,LV,2.75,8,0.1637,2.4292,3.0708,N,N,07/2015,Analyst
47-2221.00,1.A.4.b.1,Hearing Sensitivity,IM,3.25,8,0.1637,2.9292,3.5708,N,,07/2015,Analyst
47-2221.00,1.A.4.b.1,Hearing Sensitivity,LV,3.0,8,0.0,3.0,3.0,N,N,07/2015,Analyst
47-2221.00,1.A.4.b.2,Auditory Attention,IM,3.38,8,0.183,3.0164,3.7336,N,,07/2015,Analyst
47-2221.00,1.A.4.b.2,Auditory Attention,LV,3.62,8,0.183,3.2664,3.9836,N,N,07/2015,Analyst
47-2221.00,1.A.4.b.3,Sound Localization,IM,2.12,8,0.125,1.88,2.37,N,,07/2015,Analyst
47-2221.00,1.A.4.b.3,Sound Localization,LV,2.25,8,0.1637,1.9292,2.5708,N,N,07/2015,Analyst
47-2221.00,1.A.4.b.4,Speech Recognition,IM,3.12,8,0.125,2.88,3.37,N,,07/2015,Analyst
47-2221.00,1.A.4.b.4,Speech Recognition,LV,3.0,8,0.0,3.0,3.0,N,N,07/2015,Analyst
47-2221.00,1.A.4.b.5,Speech Clarity,IM,3.12,8,0.125,2.88,3.37,N,,07/2015,Analyst
47-2221.00,1.A.4.b.5,Speech Clarity,LV,3.0,8,0.0,3.0,3.0,N,N,07/2015,Analyst
47-2231.00,1.A.1.a.1,Oral Comprehension,IM,3.25,8,0.1637,2.9292,3.5708,N,,08/2024,Analyst
47-2231.00,1.A.1.a.1,Oral Comprehension,LV,3.75,8,0.1637,3.4292,4.0708,N,N,08/2024,Analyst
47-2231.00,1.A.1.a.2,Written Comprehension,IM,2.88,8,0.125,2.63,3.12,N,,08/2024,Analyst
47-2231.00,1.A.1.a.2,Written Comprehension,LV,3.0,8,0.0,3.0,3.0,N,N,08/2024,Analyst
47-2231.00,1.A.1.a.3,Oral Expression,IM,3.12,8,0.125,2.88,3.37,N,,08/2024,Analyst
47-2231.00,1.A.1.a.3,Oral Expression,LV,3.0,8,0.0,3.0,3.0,N,N,08/2024,Analyst
47-2231.00,1.A.1.a.4,Written Expression,IM,2.75,8,0.1637,2.4292,3.0708,N,,08/2024,Analyst
47-2231.00,1.A.1.a.4,Written Expression,LV,2.75,8,0.1637,2.4292,3.0708,N,N,08/2024,Analyst
47-2231.00,1.A.1.b.1,Fluency of Ideas,IM,2.38,8,0.183,2.0164,2.7336,N,,08/2024,Analyst
47-2231.00,1.A.1.b.1,Fluency of Ideas,LV,2.5,8,0.189,2.1296,2.8704,N,N,08/2024,Analyst
47-2231.00,1.A.1.b.2,Originality,IM,2.38,8,0.183,2.0164,2.7336,N,,08/2024,Analyst
47-2231.00,1.A.1.b.2,Originality,LV,2.38,8,0.183,2.0164,2.7336,N,N,08/2024,Analyst
47-2231.00,1.A.1.b.3,Problem Sensitivity,IM,3.75,8,0.1637,3.4292,4.0708,N,,08/2024,Analyst
47-2231.00,1.A.1.b.3,Problem Sensitivity,LV,3.12,8,0.125,2.88,3.37,N,N,08/2024,Analyst
47-2231.00,1.A.1.b.4,Deductive Reasoning,IM,3.25,8,0.1637,2.9292,3.5708,N,,08/2024,Analyst
47-2231.00,1.A.1.b.4,Deductive Reasoning,LV,3.12,8,0.125,2.88,3.37,N,N,08/2024,Analyst
47-2231.00,1.A.1.b.5,Inductive Reasoning,IM,3.0,8,0.0,3.0,3.0,N,,08/2024,Analyst
47-2231.00,1.A.1.b.5,Inductive Reasoning,LV,3.0,8,0.0,3.0,3.0,N,N,08/2024,Analyst
47-2231.00,1.A.1.b.6,Information Ordering,IM,3.38,8,0.183,3.0164,3.7336,N,,08/2024,Analyst
47-2231.00,1.A.1.b.6,Information Ordering,LV,3.75,8,0.1637,3.4292,4.0708,N,N,08/2024,Analyst
47-2231.00,1.A.1.b.7,Category Flexibility,IM,3.0,8,0.0,3.0,3.0,N,,08/2024,Analyst
47-2231.00,1.A.1.b.7,Category Flexibility,LV,3.0,8,0.0,3.0,3.0,N,N,08/2024,Analyst
47-2231.00,1.A.1.c.1,Mathematical Reasoning,IM,2.38,8,0.183,2.0164,2.7336,N,,08/2024,Analyst
47-2231.00,1.A.1.c.1,Mathematical Reasoning,LV,2.12,8,0.125,1.88,2.37,N,N,08/2024,Analyst
47-2231.00,1.A.1.c.2,Number Facility,IM,2.25,8,0.1637,1.9292,2.5708,N,,08/2024,Analyst
47-2231.00,1.A.1.c.2,Number Facility,LV,2.25,8,0.1637,1.9292,2.5708,N,N,08/2024,Analyst
47-2231.00,1.A.1.d.1,Memorization,IM,2.0,8,0.0,2.0,2.0,N,,08/2024,Analyst
47-2231.00,1.A.1.d.1,Memorization,LV,2.0,8,0.0,2.0,2.0,N,N,08/2024,Analyst
47-2231.00,1.A.1.e.1,Speed of Closure,IM,2.38,8,0.183,2.0164,2.7336,N,,08/2024,Analyst
47-2231.00,1.A.1.e.1,Speed of Closure,LV,2.25,8,0.1637,1.9292,2.5708,N,N,08/2024,Analyst
47-2231.00,1.A.1.e.2,Flexibility of Closure,IM,2.75,8,0.1637,2.4292,3.0708,N,,08/2024,Analyst
47-2231.00,1.A.1.e.2,Flexibility of Closure,LV,2.75,8,0.1637,2.4292,3.0708,N,N,08/2024,Analyst
47-2231.00,1.A.1.e.3,Perceptual Speed,IM,3.12,8,0.125,2.88,3.37,N,,08/2024,Analyst
47-2231.00,1.A.1.e.3,Perceptual Speed,LV,3.12,8,0.125,2.88,3.37,N,N,08/2024,Analyst
47-2231.00,1.A.1.f.1,Spatial Orientation,IM,2.25,8,0.1637,1.9292,2.5708,N,,08/2024,Analyst
47-2231.00,1.A.1.f.1,Spatial Orientation,LV,2.0,8,0.0,2.0,2.0,N,N,08/2024,Analyst
47-2231.00,1.A.1.f.2,Visualization,IM,3.62,8,0.183,3.2664,3.9836,N,,08/2024,Analyst
47-2231.00,1.A.1.f.2,Visualization,LV,3.62,8,0.183,3.2664,3.9836,N,N,08/2024,Analyst
47-2231.00,1.A.1.g.1,Selective Attention,IM,3.0,8,0.0,3.0,3.0,N,,08/2024,Analyst
47-2231.00,1.A.1.g.1,Selective Attention,LV,3.0,8,0.0,3.0,3.0,N,N,08/2024,Analyst
47-2231.00,1.A.1.g.2,Time Sharing,IM,2.62,8,0.183,2.2664,2.9836,N,,08/2024,Analyst
47-2231.00,1.A.1.g.2,Time Sharing,LV,2.75,8,0.1637,2.4292,3.0708,N,N,08/2024,Analyst
47-2231.00,1.A.2.a.1,Arm-Hand Steadiness,IM,3.25,8,0.1637,2.9292,3.5708,N,,08/2024,Analyst
47-2231.00,1.A.2.a.1,Arm-Hand Steadiness,LV,3.0,8,0.0,3.0,3.0,N,N,08/2024,Analyst
47-2231.00,1.A.2.a.2,Manual Dexterity,IM,3.25,8,0.1637,2.9292,3.5708,N,,08/2024,Analyst
47-2231.00,1.A.2.a.2,Manual Dexterity,LV,3.12,8,0.125,2.88,3.37,N,N,08/2024,Analyst
47-2231.00,1.A.2.a.3,Finger Dexterity,IM,3.25,8,0.1637,2.9292,3.5708,N,,08/2024,Analyst
47-2231.00,1.A.2.a.3,Finger Dexterity,LV,3.0,8,0.0,3.0,3.0,N,N,08/2024,Analyst
47-2231.00,1.A.2.b.1,Control Precision,IM,3.0,8,0.0,3.0,3.0,N,,08/2024,Analyst
47-2231.00,1.A.2.b.1,Control Precision,LV,2.88,8,0.125,2.63,3.12,N,N,08/2024,Analyst
47-2231.00,1.A.2.b.2,Multilimb Coordination,IM,3.12,8,0.125,2.88,3.37,N,,08/2024,Analyst
47-2231.00,1.A.2.b.2,Multilimb Coordination,LV,3.0,8,0.0,3.0,3.0,N,N,08/2024,Analyst
47-2231.00,1.A.2.b.3,Response Orientation,IM,2.12,8,0.125,1.88,2.37,N,,08/2024,Analyst
47-2231.00,1.A.2.b.3,Response Orientation,LV,2.12,8,0.125,1.88,2.37,N,N,08/2024,Analyst
47-2231.00,1.A.2.b.4,Rate Control,IM,2.0,8,0.0,2.0,2.0,N,,08/2024,Analyst
47-2231.00,1.A.2.b.4,Rate Control,LV,1.75,8,0.1637,1.4292,2.0708,N,N,08/2024,Analyst
47-2231.00,1.A.2.c.1,Reaction Time,IM,2.12,8,0.125,1.88,2.37,N,,08/2024,Analyst
47-2231.00,1.A.2.c.1,Reaction Time,LV,2.75,8,0.1637,2.4292,3.0708,N,N,08/2024,Analyst
47-2231.00,1.A.2.c.2,Wrist-Finger Speed,IM,1.88,8,0.125,1.63,2.12,N,,08/2024,Analyst
47-2231.00,1.A.2.c.2,Wrist-Finger Speed,LV,1.62,8,0.2631,1.1094,2.1406,N,N,08/2024,Analyst
47-2231.00,1.A.2.c.3,Speed of Limb Movement,IM,1.75,8,0.1637,1.4292,2.0708,N,,08/2024,Analyst
47-2231.00,1.A.2.c.3,Speed of Limb Movement,LV,1.5,8,0.3273,0.8584,2.1416,N,N,08/2024,Analyst
47-2231.00,1.A.3.a.1,Static Strength,IM,3.12,8,0.125,2.88,3.37,N,,08/2024,Analyst
47-2231.00,1.A.3.a.1,Static Strength,LV,3.12,8,0.125,2.88,3.37,N,N,08/2024,Analyst
47-2231.00,1.A.3.a.2,Explosive Strength,IM,1.62,8,0.183,1.2664,1.9836,N,,08/2024,Analyst
47-2231.00,1.A.3.a.2,Explosive Strength,LV,1.12,8,0.3981,0.3447,1.9053,N,N,08/2024,Analyst
47-2231.00,1.A.3.a.3,Dynamic Strength,IM,2.5,8,0.189,2.1296,2.8704,N,,08/2024,Analyst
47-2231.00,1.A.3.a.3,Dynamic Strength,LV,2.25,8,0.1637,1.9292,2.5708,N,N,08/2024,Analyst
47-2231.00,1.A.3.a.4,Trunk Strength,IM,3.12,8,0.125,2.88,3.37,N,,08/2024,Analyst
47-2231.00,1.A.3.a.4,Trunk Strength,LV,3.12,8,0.125,2.88,3.37,N,N,08/2024,Analyst
47-2231.00,1.A.3.b.1,Stamina,IM,2.62,8,0.183,2.2664,2.9836,N,,08/2024,Analyst
47-2231.00,1.A.3.b.1,Stamina,LV,2.62,8,0.183,2.2664,2.9836,N,N,08/2024,Analyst
47-2231.00,1.A.3.c.1,Extent Flexibility,IM,3.12,8,0.125,2.88,3.37,N,,08/2024,Analyst
47-2231.00,1.A.3.c.1,Extent Flexibility,LV,3.25,8,0.1637,2.9292,3.5708,N,N,08/2024,Analyst
47-2231.00,1.A.3.c.2,Dynamic Flexibility,IM,1.12,8,0.125,1.0,1.37,N,,08/2024,Analyst
47-2231.00,1.A.3.c.2,Dynamic Flexibility,LV,0.25,8,0.25,0.0,0.74,N,Y,08/2024,Analyst
47-2231.00,1.A.3.c.3,Gross Body Coordination,IM,2.5,8,0.189,2.1296,2.8704,N,,08/2024,Analyst
47-2231.00,1.A.3.c.3,Gross Body Coordination,LV,2.25,8,0.1637,1.9292,2.5708,N,N,08/2024,Analyst
47-2231.00,1.A.3.c.4,Gross Body Equilibrium,IM,3.0,8,0.0,3.0,3.0,N,,08/2024,Analyst
47-2231.00,1.A.3.c.4,Gross Body Equilibrium,LV,3.0,8,0.0,3.0,3.0,N,N,08/2024,Analyst
47-2231.00,1.A.4.a.1,Near Vision,IM,3.75,8,0.1637,3.4292,4.0708,N,,08/2024,Analyst
47-2231.00,1.A.4.a.1,Near Vision,LV,3.25,8,0.1637,2.9292,3.5708,N,N,08/2024,Analyst
47-2231.00,1.A.4.a.2,Far Vision,IM,2.88,8,0.125,2.63,3.12,N,,08/2024,Analyst
47-2231.00,1.A.4.a.2,Far Vision,LV,3.0,8,0.0,3.0,3.0,N,N,08/2024,Analyst
47-2231.00,1.A.4.a.3,Visual Color Discrimination,IM,2.88,8,0.125,2.63,3.12,N,,08/2024,Analyst
47-2231.00,1.A.4.a.3,Visual Color Discrimination,LV,3.38,8,0.183,3.0164,3.7336,N,N,08/2024,Analyst
47-2231.00,1.A.4.a.4,Night Vision,IM,2.0,8,0.0,2.0,2.0,N,,08/2024,Analyst
47-2231.00,1.A.4.a.4,Night Vision,LV,1.25,8,0.1637,0.9292,1.5708,N,N,08/2024,Analyst
47-2231.00,1.A.4.a.5,Peripheral Vision,IM,2.0,8,0.0,2.0,2.0,N,,08/2024,Analyst
47-2231.00,1.A.4.a.5,Peripheral Vision,LV,1.75,8,0.1637,1.4292,2.0708,N,N,08/2024,Analyst
47-2231.00,1.A.4.a.6,Depth Perception,IM,2.62,8,0.183,2.2664,2.9836,N,,08/2024,Analyst
47-2231.00,1.A.4.a.6,Depth Perception,LV,2.5,8,0.189,2.1296,2.8704,N,N,08/2024,Analyst
47-2231.00,1.A.4.a.7,Glare Sensitivity,IM,2.12,8,0.125,1.88,2.37,N,,08/2024,Analyst
47-2231.00,1.A.4.a.7,Glare Sensitivity,LV,2.25,8,0.1637,1.9292,2.5708,N,N,08/2024,Analyst
47-2231.00,1.A.4.b.1,Hearing Sensitivity,IM,2.12,8,0.125,1.88,2.37,N,,08/2024,Analyst
47-2231.00,1.A.4.b.1,Hearing Sensitivity,LV,2.5,8,0.189,2.1296,2.8704,N,N,08/2024,Analyst
47-2231.00,1.A.4.b.2,Auditory Attention,IM,2.62,8,0.183,2.2664,2.9836,N,,08/2024,Analyst
47-2231.00,1.A.4.b.2,Auditory Attention,LV,2.75,8,0.1637,2.4292,3.0708,N,N,08/2024,Analyst
47-2231.00,1.A.4.b.3,Sound Localization,IM,2.12,8,0.125,1.88,2.37,N,,08/2024,Analyst
47-2231.00,1.A.4.b.3,Sound Localization,LV,1.5,8,0.189,1.1296,1.8704,N,N,08/2024,Analyst
47-2231.00,1.A.4.b.4,Speech Recognition,IM,2.88,8,0.125,2.63,3.12,N,,08/2024,Analyst
47-2231.00,1.A.4.b.4,Speech Recognition,LV,3.0,8,0.0,3.0,3.0,N,N,08/2024,Analyst
47-2231.00,1.A.4.b.5,Speech Clarity,IM,2.88,8,0.125,2.63,3.12,N,,08/2024,Analyst
47-2231.00,1.A.4.b.5,Speech Clarity,LV,2.25,8,0.1637,1.9292,2.5708,N,N,08/2024,Analyst
47-3011.00,1.A.1.a.1,Oral Comprehension,IM,3.0,8,0.0,3.0,3.0,N,,07/2013,Analyst
47-3011.00,1.A.1.a.1,Oral Comprehension,LV,2.88,8,0.125,2.63,3.12,N,N,07/2013,Analyst
47-3011.00,1.A.1.a.2,Written Comprehension,IM,2.25,8,0.25,1.76,2.74,N,,07/2013,Analyst
47-3011.00,1.A.1.a.2,Written Comprehension,LV,2.12,8,0.3504,1.4383,2.8117,N,N,07/2013,Analyst
47-3011.00,1.A.1.a.3,Oral Expression,IM,2.88,8,0.125,2.63,3.12,N,,07/2013,Analyst
47-3011.00,1.A.1.a.3,Oral Expression,LV,2.75,8,0.25,2.26,3.24,N,N,07/2013,Analyst
47-3011.00,1.A.1.a.4,Written Expression,IM,2.0,8,0.189,1.6296,2.3704,N,,07/2013,Analyst
47-3011.00,1.A.1.a.4,Written Expression,LV,1.5,8,0.2673,0.9762,2.0238,N,N,07/2013,Analyst
47-3011.00,1.A.1.b.1,Fluency of Ideas,IM,2.0,8,0.0,2.0,2.0,N,,07/2013,Analyst
47-3011.00,1.A.1.b.1,Fluency of Ideas,LV,1.88,8,0.125,1.63,2.12,N,N,07/2013,Analyst
47-3011.00,1.A.1.b.2,Originality,IM,2.0,8,0.189,1.6296,2.3704,N,,07/2013,Analyst
47-3011.00,1.A.1.b.2,Originality,LV,1.75,8,0.25,1.26,2.24,N,N,07/2013,Analyst
47-3011.00,1.A.1.b.3,Problem Sensitivity,IM,2.88,8,0.125,2.63,3.12,N,,07/2013,Analyst
47-3011.00,1.A.1.b.3,Problem Sensitivity,LV,2.5,8,0.2673,1.9762,3.0238,N,N,07/2013,Analyst
47-3011.00,1.A.1.b.4,Deductive Reasoning,IM,3.0,8,0.0,3.0,3.0,N,,07/2013,Analyst
47-3011.00,1.A.1.b.4,Deductive Reasoning,LV,2.25,8,0.1637,1.9292,2.5708,N,N,07/2013,Analyst
47-3011.00,1.A.1.b.5,Inductive Reasoning,IM,2.62,8,0.183,2.2664,2.9836,N,,07/2013,Analyst
47-3011.00,1.A.1.b.5,Inductive Reasoning,LV,2.0,8,0.189,1.6296,2.3704,N,N,07/2013,Analyst
47-3011.00,1.A.1.b.6,Information Ordering,IM,3.12,8,0.125,2.88,3.37,N,,07/2013,Analyst
47-3011.00,1.A.1.b.6,Information Ordering,LV,2.38,8,0.2631,1.8594,2.8906,N,N,07/2013,Analyst
47-3011.00,1.A.1.b.7,Category Flexibility,IM,2.88,8,0.125,2.63,3.12,N,,07/2013,Analyst
47-3011.00,1.A.1.b.7,Category Flexibility,LV,2.38,8,0.183,2.0164,2.7336,N,N,07/2013,Analyst
47-3011.00,1.A.1.c.1,Mathematical Reasoning,IM,2.38,8,0.183,2.0164,2.7336,N,,07/2013,Analyst
47-3011.00,1.A.1.c.1,Mathematical Reasoning,LV,1.75,8,0.1637,1.4292,2.0708,N,N,07/2013,Analyst
47-3011.00,1.A.1.c.2,Number Facility,IM,2.12,8,0.125,1.88,2.37,N,,07/2013,Analyst
47-3011.00,1.A.1.c.2,Number Facility,LV,1.88,8,0.125,1.63,2.12,N,N,07/2013,Analyst
47-3011.00,1.A.1.d.1,Memorization,IM,1.88,8,0.125,1.63,2.12,N,,07/2013,Analyst
47-3011.00,1.A.1.d.1,Memorization,LV,1.75,8,0.25,1.26,2.24,N,N,07/2013,Analyst
47-3011.00,1.A.1.e.1,Speed of Closure,IM,2.12,8,0.125,1.88,2.37,N,,07/2013,Analyst
47-3011.00,1.A.1.e.1,Speed of Closure,LV,1.88,8,0.125,1.63,2.12,N,N,07/2013,Analyst
47-3011.00,1.A.1.e.2,Flexibility of Closure,IM,2.75,8,0.1637,2.4292,3.0708,N,,07/2013,Analyst
47-3011.00,1.A.1.e.2,Flexibility of Closure,LV,2.5,8,0.2673,1.9762,3.0238,N,N,07/2013,Analyst
47-3011.00,1.A.1.e.3,Perceptual Speed,IM,2.88,8,0.125,2.63,3.12,N,,07/2013,Analyst
47-3011.00,1.A.1.e.3,Perceptual Speed,LV,2.5,8,0.2673,1.9762,3.0238,N,N,07/2013,Analyst
47-3011.00,1.A.1.f.1,Spatial Orientation,IM,2.5,8,0.189,2.1296,2.8704,N,,07/2013,Analyst
47-3011.00,1.A.1.f.1,Spatial Orientation,LV,2.25,8,0.25,1.76,2.74,N,N,07/2013,Analyst
47-3011.00,1.A.1.f.2,Visualization,IM,3.12,8,0.125,2.88,3.37,N,,07/2013,Analyst
47-3011.00,1.A.1.f.2,Visualization,LV,3.0,8,0.0,3.0,3.0,N,N,07/2013,Analyst
47-3011.00,1.A.1.g.1,Selective Attention,IM,2.88,8,0.125,2.63,3.12,N,,07/2013,Analyst
47-3011.00,1.A.1.g.1,Selective Attention,LV,2.75,8,0.1637,2.4292,3.0708,N,N,07/2013,Analyst
47-3011.00,1.A.1.g.2,Time Sharing,IM,2.62,8,0.2631,2.1094,3.1406,N,,07/2013,Analyst
47-3011.00,1.A.1.g.2,Time Sharing,LV,2.12,8,0.3504,1.4383,2.8117,N,N,07/2013,Analyst
47-3011.00,1.A.2.a.1,Arm-Hand Steadiness,IM,3.38,8,0.183,3.0164,3.7336,N,,07/2013,Analyst
47-3011.00,1.A.2.a.1,Arm-Hand Steadiness,LV,2.88,8,0.125,2.63,3.12,N,N,07/2013,Analyst
47-3011.00,1.A.2.a.2,Manual Dexterity,IM,3.25,8,0.1637,2.9292,3.5708,N,,07/2013,Analyst
47-3011.00,1.A.2.a.2,Manual Dexterity,LV,3.0,8,0.0,3.0,3.0,N,N,07/2013,Analyst
47-3011.00,1.A.2.a.3,Finger Dexterity,IM,3.0,8,0.0,3.0,3.0,N,,07/2013,Analyst
47-3011.00,1.A.2.a.3,Finger Dexterity,LV,3.0,8,0.0,3.0,3.0,N,N,07/2013,Analyst
47-3011.00,1.A.2.b.1,Control Precision,IM,3.0,8,0.0,3.0,3.0,N,,07/2013,Analyst
47-3011.00,1.A.2.b.1,Control Precision,LV,3.0,8,0.0,3.0,3.0,N,N,07/2013,Analyst
47-3011.00,1.A.2.b.2,Multilimb Coordination,IM,3.5,8,0.189,3.1296,3.8704,N,,07/2013,Analyst
47-3011.00,1.A.2.b.2,Multilimb Coordination,LV,3.25,8,0.25,2.76,3.74,N,N,07/2013,Analyst
47-3011.00,1.A.2.b.3,Response Orientation,IM,2.38,8,0.2631,1.8594,2.8906,N,,07/2013,Analyst
47-3011.00,1.A.2.b.3,Response Orientation,LV,2.12,8,0.3504,1.4383,2.8117,N,N,07/2013,Analyst
47-3011.00,1.A.2.b.4,Rate Control,IM,2.88,8,0.125,2.63,3.12,N,,07/2013,Analyst
47-3011.00,1.A.2.b.4,Rate Control,LV,2.62,8,0.183,2.2664,2.9836,N,N,07/2013,Analyst
47-3011.00,1.A.2.c.1,Reaction Time,IM,2.88,8,0.125,2.63,3.12,N,,07/2013,Analyst
47-3011.00,1.A.2.c.1,Reaction Time,LV,3.0,8,0.0,3.0,3.0,N,N,07/2013,Analyst
47-3011.00,1.A.2.c.2,Wrist-Finger Speed,IM,2.75,8,0.1637,2.4292,3.0708,N,,07/2013,Analyst
47-3011.00,1.A.2.c.2,Wrist-Finger Speed,LV,2.75,8,0.1637,2.4292,3.0708,N,N,07/2013,Analyst
47-3011.00,1.A.2.c.3,Speed of Limb Movement,IM,3.0,8,0.0,3.0,3.0,N,,07/2013,Analyst
47-3011.00,1.A.2.c.3,Speed of Limb Movement,LV,2.75,8,0.1637,2.4292,3.0708,N,N,07/2013,Analyst
47-3011.00,1.A.3.a.1,Static Strength,IM,3.5,8,0.189,3.1296,3.8704,N,,07/2013,Analyst
47-3011.00,1.A.3.a.1,Static Strength,LV,4.12,8,0.125,3.88,4.37,N,N,07/2013,Analyst
47-3011.00,1.A.3.a.2,Explosive Strength,IM,2.0,8,0.189,1.6296,2.3704,N,,07/2013,Analyst
47-3011.00,1.A.3.a.2,Explosive Strength,LV,1.5,8,0.3273,0.8584,2.1416,N,N,07/2013,Analyst
47-3011.00,1.A.3.a.3,Dynamic Strength,IM,3.0,8,0.0,3.0,3.0,N,,07/2013,Analyst
47-3011.00,1.A.3.a.3,Dynamic Strength,LV,3.0,8,0.0,3.0,3.0,N,N,07/2013,Analyst
47-3011.00,1.A.3.a.4,Trunk Strength,IM,3.62,8,0.183,3.2664,3.9836,N,,07/2013,Analyst
47-3011.00,1.A.3.a.4,Trunk Strength,LV,3.75,8,0.1637,3.4292,4.0708,N,N,07/2013,Analyst
47-3011.00,1.A.3.b.1,Stamina,IM,3.0,8,0.0,3.0,3.0,N,,07/2013,Analyst
47-3011.00,1.A.3.b.1,Stamina,LV,3.0,8,0.0,3.0,3.0,N,N,07/2013,Analyst
47-3011.00,1.A.3.c.1,Extent Flexibility,IM,3.25,8,0.1637,2.9292,3.5708,N,,07/2013,Analyst
47-3011.00,1.A.3.c.1,Extent Flexibility,LV,3.62,8,0.183,3.2664,3.9836,N,N,07/2013,Analyst
47-3011.00,1.A.3.c.2,Dynamic Flexibility,IM,2.0,8,0.0,2.0,2.0,N,,07/2013,Analyst
47-3011.00,1.A.3.c.2,Dynamic Flexibility,LV,1.38,8,0.183,1.0164,1.7336,N,N,07/2013,Analyst
47-3011.00,1.A.3.c.3,Gross Body Coordination,IM,2.88,8,0.125,2.63,3.12,N,,07/2013,Analyst
47-3011.00,1.A.3.c.3,Gross Body Coordination,LV,2.88,8,0.125,2.63,3.12,N,N,07/2013,Analyst
47-3011.00,1.A.3.c.4,Gross Body Equilibrium,IM,3.0,8,0.0,3.0,3.0,N,,07/2013,Analyst
47-3011.00,1.A.3.c.4,Gross Body Equilibrium,LV,3.0,8,0.0,3.0,3.0,N,N,07/2013,Analyst
47-3011.00,1.A.4.a.1,Near Vision,IM,3.38,8,0.183,3.0164,3.7336,N,,07/2013,Analyst
47-3011.00,1.A.4.a.1,Near Vision,LV,3.0,8,0.189,2.6296,3.3704,N,N,07/2013,Analyst
47-3011.00,1.A.4.a.2,Far Vision,IM,3.25,8,0.1637,2.9292,3.5708,N,,07/2013,Analyst
47-3011.00,1.A.4.a.2,Far Vision,LV,3.0,8,0.0,3.0,3.0,N,N,07/2013,Analyst
47-3011.00,1.A.4.a.3,Visual Color Discrimination,IM,2.75,8,0.1637,2.4292,3.0708,N,,07/2013,Analyst
47-3011.00,1.A.4.a.3,Visual Color Discrimination,LV,3.12,8,0.2266,2.6809,3.5691,N,N,07/2013,Analyst
47-3011.00,1.A.4.a.4,Night Vision,IM,1.62,8,0.183,1.2664,1.9836,N,,07/2013,Analyst
47-3011.00,1.A.4.a.4,Night Vision,LV,1.0,8,0.3273,0.3584,1.6416,N,N,07/2013,Analyst
47-3011.00,1.A.4.a.5,Peripheral Vision,IM,1.88,8,0.125,1.63,2.12,N,,07/2013,Analyst
47-3011.00,1.A.4.a.5,Peripheral Vision,LV,1.75,8,0.25,1.26,2.24,N,N,07/2013,Analyst
47-3011.00,1.A.4.a.6,Depth Perception,IM,3.0,8,0.0,3.0,3.0,N,,07/2013,Analyst
47-3011.00,1.A.4.a.6,Depth Perception,LV,3.12,8,0.2266,2.6809,3.5691,N,N,07/2013,Analyst
47-3011.00,1.A.4.a.7,Glare Sensitivity,IM,2.25,8,0.1637,1.9292,2.5708,N,,07/2013,Analyst
47-3011.00,1.A.4.a.7,Glare Sensitivity,LV,2.5,8,0.189,2.1296,2.8704,N,N,07/2013,Analyst
47-3011.00,1.A.4.b.1,Hearing Sensitivity,IM,2.38,8,0.2631,1.8594,2.8906,N,,07/2013,Analyst
47-3011.00,1.A.4.b.1,Hearing Sensitivity,LV,2.25,8,0.366,1.5327,2.9673,N,N,07/2013,Analyst
47-3011.00,1.A.4.b.2,Auditory Attention,IM,2.88,8,0.125,2.63,3.12,N,,07/2013,Analyst
47-3011.00,1.A.4.b.2,Auditory Attention,LV,2.88,8,0.125,2.63,3.12,N,N,07/2013,Analyst
47-3011.00,1.A.4.b.3,Sound Localization,IM,1.75,8,0.1637,1.4292,2.0708,N,,07/2013,Analyst
47-3011.00,1.A.4.b.3,Sound Localization,LV,1.38,8,0.3239,0.7402,2.0098,N,N,07/2013,Analyst
47-3011.00,1.A.4.b.4,Speech Recognition,IM,2.88,8,0.125,2.63,3.12,N,,07/2013,Analyst
47-3011.00,1.A.4.b.4,Speech Recognition,LV,2.25,8,0.25,1.76,2.74,N,N,07/2013,Analyst
47-3011.00,1.A.4.b.5,Speech Clarity,IM,2.62,8,0.183,2.2664,2.9836,N,,07/2013,Analyst
47-3011.00,1.A.4.b.5,Speech Clarity,LV,2.25,8,0.25,1.76,2.74,N,N,07/2013,Analyst
47-3012.00,1.A.1.a.1,Oral Comprehension,IM,3.0,8,0.0,3.0,3.0,N,,07/2013,Analyst
47-3012.00,1.A.1.a.1,Oral Comprehension,LV,3.25,8,0.1637,2.9292,3.5708,N,N,07/2013,Analyst
47-3012.00,1.A.1.a.2,Written Comprehension,IM,2.25,8,0.1637,1.9292,2.5708,N,,07/2013,Analyst
47-3012.00,1.A.1.a.2,Written Comprehension,LV,2.25,8,0.1637,1.9292,2.5708,N,N,07/2013,Analyst
47-3012.00,1.A.1.a.3,Oral Expression,IM,3.0,8,0.0,3.0,3.0,N,,07/2013,Analyst
47-3012.00,1.A.1.a.3,Oral Expression,LV,3.0,8,0.0,3.0,3.0,N,N,07/2013,Analyst
47-3012.00,1.A.1.a.4,Written Expression,IM,2.25,8,0.1637,1.9292,2.5708,N,,07/2013,Analyst
47-3012.00,1.A.1.a.4,Written Expression,LV,2.0,8,0.0,2.0,2.0,N,N,07/2013,Analyst
47-3012.00,1.A.1.b.1,Fluency of Ideas,IM,2.25,8,0.1637,1.9292,2.5708,N,,07/2013,Analyst
47-3012.00,1.A.1.b.1,Fluency of Ideas,LV,2.25,8,0.1637,1.9292,2.5708,N,N,07/2013,Analyst
47-3012.00,1.A.1.b.2,Originality,IM,2.5,8,0.189,2.1296,2.8704,N,,07/2013,Analyst
47-3012.00,1.A.1.b.2,Originality,LV,2.38,8,0.183,2.0164,2.7336,N,N,07/2013,Analyst
47-3012.00,1.A.1.b.3,Problem Sensitivity,IM,3.12,8,0.125,2.88,3.37,N,,07/2013,Analyst
47-3012.00,1.A.1.b.3,Problem Sensitivity,LV,3.0,8,0.0,3.0,3.0,N,N,07/2013,Analyst
47-3012.00,1.A.1.b.4,Deductive Reasoning,IM,3.0,8,0.0,3.0,3.0,N,,07/2013,Analyst
47-3012.00,1.A.1.b.4,Deductive Reasoning,LV,2.88,8,0.125,2.63,3.12,N,N,07/2013,Analyst
47-3012.00,1.A.1.b.5,Inductive Reasoning,IM,3.0,8,0.0,3.0,3.0,N,,07/2013,Analyst
47-3012.00,1.A.1.b.5,Inductive Reasoning,LV,2.25,8,0.1637,1.9292,2.5708,N,N,07/2013,Analyst
47-3012.00,1.A.1.b.6,Information Ordering,IM,3.0,8,0.0,3.0,3.0,N,,07/2013,Analyst
47-3012.00,1.A.1.b.6,Information Ordering,LV,2.75,8,0.1637,2.4292,3.0708,N,N,07/2013,Analyst
47-3012.00,1.A.1.b.7,Category Flexibility,IM,3.0,8,0.0,3.0,3.0,N,,07/2013,Analyst
47-3012.00,1.A.1.b.7,Category Flexibility,LV,2.75,8,0.1637,2.4292,3.0708,N,N,07/2013,Analyst
47-3012.00,1.A.1.c.1,Mathematical Reasoning,IM,2.12,8,0.125,1.88,2.37,N,,07/2013,Analyst
47-3012.00,1.A.1.c.1,Mathematical Reasoning,LV,2.0,8,0.0,2.0,2.0,N,N,07/2013,Analyst
47-3012.00,1.A.1.c.2,Number Facility,IM,2.38,8,0.183,2.0164,2.7336,N,,07/2013,Analyst
47-3012.00,1.A.1.c.2,Number Facility,LV,2.25,8,0.1637,1.9292,2.5708,N,N,07/2013,Analyst
47-3012.00,1.A.1.d.1,Memorization,IM,2.12,8,0.125,1.88,2.37,N,,07/2013,Analyst
47-3012.00,1.A.1.d.1,Memorization,LV,2.25,8,0.1637,1.9292,2.5708,N,N,07/2013,Analyst
47-3012.00,1.A.1.e.1,Speed of Closure,IM,2.0,8,0.0,2.0,2.0,N,,07/2013,Analyst
47-3012.00,1.A.1.e.1,Speed of Closure,LV,2.12,8,0.125,1.88,2.37,N,N,07/2013,Analyst
47-3012.00,1.A.1.e.2,Flexibility of Closure,IM,2.38,8,0.183,2.0164,2.7336,N,,07/2013,Analyst
47-3012.00,1.A.1.e.2,Flexibility of Closure,LV,2.0,8,0.0,2.0,2.0,N,N,07/2013,Analyst
47-3012.00,1.A.1.e.3,Perceptual Speed,IM,2.38,8,0.183,2.0164,2.7336,N,,07/2013,Analyst
47-3012.00,1.A.1.e.3,Perceptual Speed,LV,2.25,8,0.1637,1.9292,2.5708,N,N,07/2013,Analyst
47-3012.00,1.A.1.f.1,Spatial Orientation,IM,2.12,8,0.125,1.88,2.37,N,,07/2013,Analyst
47-3012.00,1.A.1.f.1,Spatial Orientation,LV,1.88,8,0.125,1.63,2.12,N,N,07/2013,Analyst
47-3012.00,1.A.1.f.2,Visualization,IM,3.0,8,0.189,2.6296,3.3704,N,,07/2013,Analyst
47-3012.00,1.A.1.f.2,Visualization,LV,3.38,8,0.183,3.0164,3.7336,N,N,07/2013,Analyst
47-3012.00,1.A.1.g.1,Selective Attention,IM,3.0,8,0.0,3.0,3.0,N,,07/2013,Analyst
47-3012.00,1.A.1.g.1,Selective Attention,LV,2.88,8,0.125,2.63,3.12,N,N,07/2013,Analyst
47-3012.00,1.A.1.g.2,Time Sharing,IM,2.38,8,0.183,2.0164,2.7336,N,,07/2013,Analyst
47-3012.00,1.A.1.g.2,Time Sharing,LV,2.25,8,0.1637,1.9292,2.5708,N,N,07/2013,Analyst
47-3012.00,1.A.2.a.1,Arm-Hand Steadiness,IM,3.25,8,0.1637,2.9292,3.5708,N,,07/2013,Analyst
47-3012.00,1.A.2.a.1,Arm-Hand Steadiness,LV,3.0,8,0.0,3.0,3.0,N,N,07/2013,Analyst
47-3012.00,1.A.2.a.2,Manual Dexterity,IM,3.25,8,0.1637,2.9292,3.5708,N,,07/2013,Analyst
47-3012.00,1.A.2.a.2,Manual Dexterity,LV,2.88,8,0.125,2.63,3.12,N,N,07/2013,Analyst
47-3012.00,1.A.2.a.3,Finger Dexterity,IM,3.0,8,0.0,3.0,3.0,N,,07/2013,Analyst
47-3012.00,1.A.2.a.3,Finger Dexterity,LV,2.88,8,0.125,2.63,3.12,N,N,07/2013,Analyst
47-3012.00,1.A.2.b.1,Control Precision,IM,3.0,8,0.0,3.0,3.0,N,,07/2013,Analyst
47-3012.00,1.A.2.b.1,Control Precision,LV,2.88,8,0.125,2.63,3.12,N,N,07/2013,Analyst
47-3012.00,1.A.2.b.2,Multilimb Coordination,IM,3.12,8,0.125,2.88,3.37,N,,07/2013,Analyst
47-3012.00,1.A.2.b.2,Multilimb Coordination,LV,3.0,8,0.0,3.0,3.0,N,N,07/2013,Analyst
47-3012.00,1.A.2.b.3,Response Orientation,IM,2.25,8,0.1637,1.9292,2.5708,N,,07/2013,Analyst
47-3012.00,1.A.2.b.3,Response Orientation,LV,2.25,8,0.1637,1.9292,2.5708,N,N,07/2013,Analyst
47-3012.00,1.A.2.b.4,Rate Control,IM,2.62,8,0.183,2.2664,2.9836,N,,07/2013,Analyst
47-3012.00,1.A.2.b.4,Rate Control,LV,2.12,8,0.125,1.88,2.37,N,N,07/2013,Analyst
47-3012.00,1.A.2.c.1,Reaction Time,IM,3.0,8,0.0,3.0,3.0,N,,07/2013,Analyst
47-3012.00,1.A.2.c.1,Reaction Time,LV,3.0,8,0.0,3.0,3.0,N,N,07/2013,Analyst
47-3012.00,1.A.2.c.2,Wrist-Finger Speed,IM,2.0,8,0.0,2.0,2.0,N,,07/2013,Analyst
47-3012.00,1.A.2.c.2,Wrist-Finger Speed,LV,2.0,8,0.0,2.0,2.0,N,N,07/2013,Analyst
47-3012.00,1.A.2.c.3,Speed of Limb Movement,IM,2.38,8,0.183,2.0164,2.7336,N,,07/2013,Analyst
47-3012.00,1.A.2.c.3,Speed of Limb Movement,LV,2.12,8,0.125,1.88,2.37,N,N,07/2013,Analyst
47-3012.00,1.A.3.a.1,Static Strength,IM,3.12,8,0.125,2.88,3.37,N,,07/2013,Analyst
47-3012.00,1.A.3.a.1,Static Strength,LV,3.5,8,0.189,3.1296,3.8704,N,N,07/2013,Analyst
47-3012.00,1.A.3.a.2,Explosive Strength,IM,2.0,8,0.2673,1.4762,2.5238,N,,07/2013,Analyst
47-3012.00,1.A.3.a.2,Explosive Strength,LV,1.0,8,0.2673,0.4762,1.5238,N,N,07/2013,Analyst
47-3012.00,1.A.3.a.3,Dynamic Strength,IM,2.88,8,0.125,2.63,3.12,N,,07/2013,Analyst
47-3012.00,1.A.3.a.3,Dynamic Strength,LV,2.75,8,0.1637,2.4292,3.0708,N,N,07/2013,Analyst
47-3012.00,1.A.3.a.4,Trunk Strength,IM,3.0,8,0.0,3.0,3.0,N,,07/2013,Analyst
47-3012.00,1.A.3.a.4,Trunk Strength,LV,3.0,8,0.0,3.0,3.0,N,N,07/2013,Analyst
47-3012.00,1.A.3.b.1,Stamina,IM,2.75,8,0.1637,2.4292,3.0708,N,,07/2013,Analyst
47-3012.00,1.A.3.b.1,Stamina,LV,2.75,8,0.1637,2.4292,3.0708,N,N,07/2013,Analyst
47-3012.00,1.A.3.c.1,Extent Flexibility,IM,3.12,8,0.125,2.88,3.37,N,,07/2013,Analyst
47-3012.00,1.A.3.c.1,Extent Flexibility,LV,3.38,8,0.183,3.0164,3.7336,N,N,07/2013,Analyst
47-3012.00,1.A.3.c.2,Dynamic Flexibility,IM,1.38,8,0.2631,1.0,1.8906,N,,07/2013,Analyst
47-3012.00,1.A.3.c.2,Dynamic Flexibility,LV,0.25,8,0.1637,0.0,0.5708,N,Y,07/2013,Analyst
47-3012.00,1.A.3.c.3,Gross Body Coordination,IM,2.62,8,0.183,2.2664,2.9836,N,,07/2013,Analyst
47-3012.00,1.A.3.c.3,Gross Body Coordination,LV,2.75,8,0.1637,2.4292,3.0708,N,N,07/2013,Analyst
47-3012.00,1.A.3.c.4,Gross Body Equilibrium,IM,2.62,8,0.183,2.2664,2.9836,N,,07/2013,Analyst
47-3012.00,1.A.3.c.4,Gross Body Equilibrium,LV,2.5,8,0.189,2.1296,2.8704,N,N,07/2013,Analyst
47-3012.00,1.A.4.a.1,Near Vision,IM,3.38,8,0.183,3.0164,3.7336,N,,07/2013,Analyst
47-3012.00,1.A.4.a.1,Near Vision,LV,3.12,8,0.125,2.88,3.37,N,N,07/2013,Analyst
47-3012.00,1.A.4.a.2,Far Vision,IM,2.88,8,0.125,2.63,3.12,N,,07/2013,Analyst
47-3012.00,1.A.4.a.2,Far Vision,LV,2.88,8,0.125,2.63,3.12,N,N,07/2013,Analyst
47-3012.00,1.A.4.a.3,Visual Color Discrimination,IM,2.5,8,0.189,2.1296,2.8704,N,,07/2013,Analyst
47-3012.00,1.A.4.a.3,Visual Color Discrimination,LV,2.38,8,0.183,2.0164,2.7336,N,N,07/2013,Analyst
47-3012.00,1.A.4.a.4,Night Vision,IM,2.0,8,0.0,2.0,2.0,N,,07/2013,Analyst
47-3012.00,1.A.4.a.4,Night Vision,LV,1.88,8,0.125,1.63,2.12,N,N,07/2013,Analyst
47-3012.00,1.A.4.a.5,Peripheral Vision,IM,2.0,8,0.0,2.0,2.0,N,,07/2013,Analyst
47-3012.00,1.A.4.a.5,Peripheral Vision,LV,1.5,8,0.189,1.1296,1.8704,N,N,07/2013,Analyst
47-3012.00,1.A.4.a.6,Depth Perception,IM,3.0,8,0.0,3.0,3.0,N,,07/2013,Analyst
47-3012.00,1.A.4.a.6,Depth Perception,LV,2.88,8,0.125,2.63,3.12,N,N,07/2013,Analyst
47-3012.00,1.A.4.a.7,Glare Sensitivity,IM,2.0,8,0.0,2.0,2.0,N,,07/2013,Analyst
47-3012.00,1.A.4.a.7,Glare Sensitivity,LV,2.0,8,0.0,2.0,2.0,N,N,07/2013,Analyst
47-3012.00,1.A.4.b.1,Hearing Sensitivity,IM,2.75,8,0.1637,2.4292,3.0708,N,,07/2013,Analyst
47-3012.00,1.A.4.b.1,Hearing Sensitivity,LV,2.12,8,0.125,1.88,2.37,N,N,07/2013,Analyst
47-3012.00,1.A.4.b.2,Auditory Attention,IM,2.88,8,0.125,2.63,3.12,N,,07/2013,Analyst
47-3012.00,1.A.4.b.2,Auditory Attention,LV,2.12,8,0.125,1.88,2.37,N,N,07/2013,Analyst
47-3012.00,1.A.4.b.3,Sound Localization,IM,2.0,8,0.0,2.0,2.0,N,,07/2013,Analyst
47-3012.00,1.A.4.b.3,Sound Localization,LV,1.75,8,0.1637,1.4292,2.0708,N,N,07/2013,Analyst
47-3012.00,1.A.4.b.4,Speech Recognition,IM,3.0,8,0.0,3.0,3.0,N,,07/2013,Analyst
47-3012.00,1.A.4.b.4,Speech Recognition,LV,2.5,8,0.189,2.1296,2.8704,N,N,07/2013,Analyst
47-3012.00,1.A.4.b.5,Speech Clarity,IM,3.0,8,0.0,3.0,3.0,N,,07/2013,Analyst
47-3012.00,1.A.4.b.5,Speech Clarity,LV,2.38,8,0.183,2.0164,2.7336,N,N,07/2013,Analyst
47-3013.00,1.A.1.a.1,Oral Comprehension,IM,3.12,8,0.125,2.88,3.37,N,,08/2023,Analyst
47-3013.00,1.A.1.a.1,Oral Comprehension,LV,3.62,8,0.183,3.2664,3.9836,N,N,08/2023,Analyst
47-3013.00,1.A.1.a.2,Written Comprehension,IM,2.38,8,0.183,2.0164,2.7336,N,,08/2023,Analyst
47-3013.00,1.A.1.a.2,Written Comprehension,LV,2.75,8,0.1637,2.4292,3.0708,N,N,08/2023,Analyst
47-3013.00,1.A.1.a.3,Oral Expression,IM,3.12,8,0.125,2.88,3.37,N,,08/2023,Analyst
47-3013.00,1.A.1.a.3,Oral Expression,LV,3.0,8,0.0,3.0,3.0,N,N,08/2023,Analyst
47-3013.00,1.A.1.a.4,Written Expression,IM,2.38,8,0.183,2.0164,2.7336,N,,08/2023,Analyst
47-3013.00,1.A.1.a.4,Written Expression,LV,2.25,8,0.1637,1.9292,2.5708,N,N,08/2023,Analyst
47-3013.00,1.A.1.b.1,Fluency of Ideas,IM,2.25,8,0.1637,1.9292,2.5708,N,,08/2023,Analyst
47-3013.00,1.A.1.b.1,Fluency of Ideas,LV,2.0,8,0.0,2.0,2.0,N,N,08/2023,Analyst
47-3013.00,1.A.1.b.2,Originality,IM,2.25,8,0.1637,1.9292,2.5708,N,,08/2023,Analyst
47-3013.00,1.A.1.b.2,Originality,LV,2.12,8,0.125,1.88,2.37,N,N,08/2023,Analyst
47-3013.00,1.A.1.b.3,Problem Sensitivity,IM,3.25,8,0.1637,2.9292,3.5708,N,,08/2023,Analyst
47-3013.00,1.A.1.b.3,Problem Sensitivity,LV,3.0,8,0.0,3.0,3.0,N,N,08/2023,Analyst
47-3013.00,1.A.1.b.4,Deductive Reasoning,IM,3.12,8,0.125,2.88,3.37,N,,08/2023,Analyst
47-3013.00,1.A.1.b.4,Deductive Reasoning,LV,3.0,8,0.0,3.0,3.0,N,N,08/2023,Analyst
47-3013.00,1.A.1.b.5,Inductive Reasoning,IM,2.88,8,0.125,2.63,3.12,N,,08/2023,Analyst
47-3013.00,1.A.1.b.5,Inductive Reasoning,LV,2.88,8,0.125,2.63,3.12,N,N,08/2023,Analyst
47-3013.00,1.A.1.b.6,Information Ordering,IM,3.12,8,0.125,2.88,3.37,N,,08/2023,Analyst
47-3013.00,1.A.1.b.6,Information Ordering,LV,3.12,8,0.125,2.88,3.37,N,N,08/2023,Analyst
47-3013.00,1.A.1.b.7,Category Flexibility,IM,2.88,8,0.2266,2.4309,3.3191,N,,08/2023,Analyst
47-3013.00,1.A.1.b.7,Category Flexibility,LV,2.88,8,0.125,2.63,3.12,N,N,08/2023,Analyst
47-3013.00,1.A.1.c.1,Mathematical Reasoning,IM,2.25,8,0.1637,1.9292,2.5708,N,,08/2023,Analyst
47-3013.00,1.A.1.c.1,Mathematical Reasoning,LV,1.62,8,0.2631,1.1094,2.1406,N,N,08/2023,Analyst
47-3013.00,1.A.1.c.2,Number Facility,IM,2.25,8,0.1637,1.9292,2.5708,N,,08/2023,Analyst
47-3013.00,1.A.1.c.2,Number Facility,LV,2.0,8,0.189,1.6296,2.3704,N,N,08/2023,Analyst
47-3013.00,1.A.1.d.1,Memorization,IM,2.12,8,0.125,1.88,2.37,N,,08/2023,Analyst
47-3013.00,1.A.1.d.1,Memorization,LV,2.25,8,0.1637,1.9292,2.5708,N,N,08/2023,Analyst
47-3013.00,1.A.1.e.1,Speed of Closure,IM,2.0,8,0.0,2.0,2.0,N,,08/2023,Analyst
47-3013.00,1.A.1.e.1,Speed of Closure,LV,1.38,8,0.2631,0.8594,1.8906,N,N,08/2023,Analyst
47-3013.00,1.A.1.e.2,Flexibility of Closure,IM,2.5,8,0.189,2.1296,2.8704,N,,08/2023,Analyst
47-3013.00,1.A.1.e.2,Flexibility of Closure,LV,2.38,8,0.183,2.0164,2.7336,N,N,08/2023,Analyst
47-3013.00,1.A.1.e.3,Perceptual Speed,IM,2.38,8,0.183,2.0164,2.7336,N,,08/2023,Analyst
47-3013.00,1.A.1.e.3,Perceptual Speed,LV,2.5,8,0.2673,1.9762,3.0238,N,N,08/2023,Analyst
47-3013.00,1.A.1.f.1,Spatial Orientation,IM,2.0,8,0.0,2.0,2.0,N,,08/2023,Analyst
47-3013.00,1.A.1.f.1,Spatial Orientation,LV,1.38,8,0.183,1.0164,1.7336,N,N,08/2023,Analyst
47-3013.00,1.A.1.f.2,Visualization,IM,3.0,8,0.0,3.0,3.0,N,,08/2023,Analyst
47-3013.00,1.A.1.f.2,Visualization,LV,3.12,8,0.125,2.88,3.37,N,N,08/2023,Analyst
47-3013.00,1.A.1.g.1,Selective Attention,IM,3.12,8,0.125,2.88,3.37,N,,08/2023,Analyst
47-3013.00,1.A.1.g.1,Selective Attention,LV,3.0,8,0.0,3.0,3.0,N,N,08/2023,Analyst
47-3013.00,1.A.1.g.2,Time Sharing,IM,2.5,8,0.189,2.1296,2.8704,N,,08/2023,Analyst
47-3013.00,1.A.1.g.2,Time Sharing,LV,2.25,8,0.1637,1.9292,2.5708,N,N,08/2023,Analyst
47-3013.00,1.A.2.a.1,Arm-Hand Steadiness,IM,3.38,8,0.183,3.0164,3.7336,N,,08/2023,Analyst
47-3013.00,1.A.2.a.1,Arm-Hand Steadiness,LV,3.25,8,0.1637,2.9292,3.5708,N,N,08/2023,Analyst
47-3013.00,1.A.2.a.2,Manual Dexterity,IM,4.0,8,0.0,4.0,4.0,N,,08/2023,Analyst
47-3013.00,1.A.2.a.2,Manual Dexterity,LV,3.75,8,0.1637,3.4292,4.0708,N,N,08/2023,Analyst
47-3013.00,1.A.2.a.3,Finger Dexterity,IM,3.38,8,0.183,3.0164,3.7336,N,,08/2023,Analyst
47-3013.00,1.A.2.a.3,Finger Dexterity,LV,3.25,8,0.1637,2.9292,3.5708,N,N,08/2023,Analyst
47-3013.00,1.A.2.b.1,Control Precision,IM,3.25,8,0.1637,2.9292,3.5708,N,,08/2023,Analyst
47-3013.00,1.A.2.b.1,Control Precision,LV,3.12,8,0.125,2.88,3.37,N,N,08/2023,Analyst
47-3013.00,1.A.2.b.2,Multilimb Coordination,IM,3.25,8,0.1637,2.9292,3.5708,N,,08/2023,Analyst
47-3013.00,1.A.2.b.2,Multilimb Coordination,LV,3.0,8,0.0,3.0,3.0,N,N,08/2023,Analyst
47-3013.00,1.A.2.b.3,Response Orientation,IM,2.25,8,0.1637,1.9292,2.5708,N,,08/2023,Analyst
47-3013.00,1.A.2.b.3,Response Orientation,LV,2.12,8,0.125,1.88,2.37,N,N,08/2023,Analyst
47-3013.00,1.A.2.b.4,Rate Control,IM,2.0,8,0.0,2.0,2.0,N,,08/2023,Analyst
47-3013.00,1.A.2.b.4,Rate Control,LV,1.38,8,0.183,1.0164,1.7336,N,N,08/2023,Analyst
47-3013.00,1.A.2.c.1,Reaction Time,IM,2.5,8,0.189,2.1296,2.8704,N,,08/2023,Analyst
47-3013.00,1.A.2.c.1,Reaction Time,LV,2.25,8,0.1637,1.9292,2.5708,N,N,08/2023,Analyst
47-3013.00,1.A.2.c.2,Wrist-Finger Speed,IM,2.25,8,0.1637,1.9292,2.5708,N,,08/2023,Analyst
47-3013.00,1.A.2.c.2,Wrist-Finger Speed,LV,2.12,8,0.125,1.88,2.37,N,N,08/2023,Analyst
47-3013.00,1.A.2.c.3,Speed of Limb Movement,IM,1.88,8,0.125,1.63,2.12,N,,08/2023,Analyst
47-3013.00,1.A.2.c.3,Speed of Limb Movement,LV,1.62,8,0.2631,1.1094,2.1406,N,N,08/2023,Analyst
47-3013.00,1.A.3.a.1,Static Strength,IM,2.88,8,0.125,2.63,3.12,N,,08/2023,Analyst
47-3013.00,1.A.3.a.1,Static Strength,LV,3.0,8,0.0,3.0,3.0,N,N,08/2023,Analyst
47-3013.00,1.A.3.a.2,Explosive Strength,IM,2.0,8,0.2673,1.4762,2.5238,N,,08/2023,Analyst
47-3013.00,1.A.3.a.2,Explosive Strength,LV,1.25,8,0.366,0.5327,1.9673,N,N,08/2023,Analyst
47-3013.00,1.A.3.a.3,Dynamic Strength,IM,2.62,8,0.183,2.2664,2.9836,N,,08/2023,Analyst
47-3013.00,1.A.3.a.3,Dynamic Strength,LV,2.25,8,0.1637,1.9292,2.5708,N,N,08/2023,Analyst
47-3013.00,1.A.3.a.4,Trunk Strength,IM,3.25,8,0.1637,2.9292,3.5708,N,,08/2023,Analyst
47-3013.00,1.A.3.a.4,Trunk Strength,LV,3.12,8,0.125,2.88,3.37,N,N,08/2023,Analyst
47-3013.00,1.A.3.b.1,Stamina,IM,2.5,8,0.189,2.1296,2.8704,N,,08/2023,Analyst
47-3013.00,1.A.3.b.1,Stamina,LV,2.5,8,0.189,2.1296,2.8704,N,N,08/2023,Analyst
47-3013.00,1.A.3.c.1,Extent Flexibility,IM,3.38,8,0.183,3.0164,3.7336,N,,08/2023,Analyst
47-3013.00,1.A.3.c.1,Extent Flexibility,LV,3.62,8,0.183,3.2664,3.9836,N,N,08/2023,Analyst
47-3013.00,1.A.3.c.2,Dynamic Flexibility,IM,1.38,8,0.183,1.0164,1.7336,N,,08/2023,Analyst
47-3013.00,1.A.3.c.2,Dynamic Flexibility,LV,0.38,8,0.183,0.0164,0.7336,N,N,08/2023,Analyst
47-3013.00,1.A.3.c.3,Gross Body Coordination,IM,2.88,8,0.125,2.63,3.12,N,,08/2023,Analyst
47-3013.00,1.A.3.c.3,Gross Body Coordination,LV,2.88,8,0.125,2.63,3.12,N,N,08/2023,Analyst
47-3013.00,1.A.3.c.4,Gross Body Equilibrium,IM,3.0,8,0.0,3.0,3.0,N,,08/2023,Analyst
47-3013.00,1.A.3.c.4,Gross Body Equilibrium,LV,3.0,8,0.0,3.0,3.0,N,N,08/2023,Analyst
47-3013.00,1.A.4.a.1,Near Vision,IM,4.0,8,0.0,4.0,4.0,N,,08/2023,Analyst
47-3013.00,1.A.4.a.1,Near Vision,LV,3.88,8,0.125,3.63,4.12,N,N,08/2023,Analyst
47-3013.00,1.A.4.a.2,Far Vision,IM,2.88,8,0.125,2.63,3.12,N,,08/2023,Analyst
47-3013.00,1.A.4.a.2,Far Vision,LV,3.0,8,0.189,2.6296,3.3704,N,N,08/2023,Analyst
47-3013.00,1.A.4.a.3,Visual Color Discrimination,IM,3.25,8,0.1637,2.9292,3.5708,N,,08/2023,Analyst
47-3013.00,1.A.4.a.3,Visual Color Discrimination,LV,3.62,8,0.183,3.2664,3.9836,N,N,08/2023,Analyst
47-3013.00,1.A.4.a.4,Night Vision,IM,1.88,8,0.125,1.63,2.12,N,,08/2023,Analyst
47-3013.00,1.A.4.a.4,Night Vision,LV,1.12,8,0.2266,0.6809,1.5691,N,N,08/2023,Analyst
47-3013.00,1.A.4.a.5,Peripheral Vision,IM,2.0,8,0.0,2.0,2.0,N,,08/2023,Analyst
47-3013.00,1.A.4.a.5,Peripheral Vision,LV,1.12,8,0.125,0.88,1.37,N,N,08/2023,Analyst
47-3013.00,1.A.4.a.6,Depth Perception,IM,2.5,8,0.189,2.1296,2.8704,N,,08/2023,Analyst
47-3013.00,1.A.4.a.6,Depth Perception,LV,2.5,8,0.189,2.1296,2.8704,N,N,08/2023,Analyst
47-3013.00,1.A.4.a.7,Glare Sensitivity,IM,2.0,8,0.0,2.0,2.0,N,,08/2023,Analyst
47-3013.00,1.A.4.a.7,Glare Sensitivity,LV,2.0,8,0.0,2.0,2.0,N,N,08/2023,Analyst
47-3013.00,1.A.4.b.1,Hearing Sensitivity,IM,2.0,8,0.0,2.0,2.0,N,,08/2023,Analyst
47-3013.00,1.A.4.b.1,Hearing Sensitivity,LV,1.62,8,0.2631,1.1094,2.1406,N,N,08/2023,Analyst
47-3013.00,1.A.4.b.2,Auditory Attention,IM,2.5,8,0.189,2.1296,2.8704,N,,08/2023,Analyst
47-3013.00,1.A.4.b.2,Auditory Attention,LV,2.25,8,0.1637,1.9292,2.5708,N,N,08/2023,Analyst
47-3013.00,1.A.4.b.3,Sound Localization,IM,1.5,8,0.189,1.1296,1.8704,N,,08/2023,Analyst
47-3013.00,1.A.4.b.3,Sound Localization,LV,0.62,8,0.2631,0.1094,1.1406,N,N,08/2023,Analyst
47-3013.00,1.A.4.b.4,Speech Recognition,IM,3.12,8,0.125,2.88,3.37,N,,08/2023,Analyst
47-3013.00,1.A.4.b.4,Speech Recognition,LV,2.88,8,0.125,2.63,3.12,N,N,08/2023,Analyst
47-3013.00,1.A.4.b.5,Speech Clarity,IM,3.0,8,0.189,2.6296,3.3704,N,,08/2023,Analyst
47-3013.00,1.A.4.b.5,Speech Clarity,LV,2.75,8,0.1637,2.4292,3.0708,N,N,08/2023,Analyst
47-3014.00,1.A.1.a.1,Oral Comprehension,IM,3.0,8,0.0,3.0,3.0,N,,06/2007,Analyst
47-3014.00,1.A.1.a.1,Oral Comprehension,LV,2.13,8,0.2266,1.6809,2.5691,N,N,06/2007,Analyst
47-3014.00,1.A.1.a.2,Written Comprehension,IM,2.13,8,0.2266,1.6809,2.5691,N,,06/2007,Analyst
47-3014.00,1.A.1.a.2,Written Comprehension,LV,1.88,8,0.295,1.2967,2.4533,N,N,06/2007,Analyst
47-3014.00,1.A.1.a.3,Oral Expression,IM,3.0,8,0.0,3.0,3.0,N,,06/2007,Analyst
47-3014.00,1.A.1.a.3,Oral Expression,LV,2.5,8,0.189,2.1296,2.8704,N,N,06/2007,Analyst
47-3014.00,1.A.1.a.4,Written Expression,IM,2.13,8,0.2266,1.6809,2.5691,N,,06/2007,Analyst
47-3014.00,1.A.1.a.4,Written Expression,LV,1.5,8,0.3273,0.8584,2.1416,N,N,06/2007,Analyst
47-3014.00,1.A.1.b.1,Fluency of Ideas,IM,2.13,8,0.2266,1.6809,2.5691,N,,06/2007,Analyst
47-3014.00,1.A.1.b.1,Fluency of Ideas,LV,1.63,8,0.3239,0.9902,2.2598,N,N,06/2007,Analyst
47-3014.00,1.A.1.b.2,Originality,IM,2.13,8,0.2266,1.6809,2.5691,N,,06/2007,Analyst
47-3014.00,1.A.1.b.2,Originality,LV,1.88,8,0.3504,1.1883,2.5617,N,N,06/2007,Analyst
47-3014.00,1.A.1.b.3,Problem Sensitivity,IM,2.75,8,0.1637,2.4292,3.0708,N,,06/2007,Analyst
47-3014.00,1.A.1.b.3,Problem Sensitivity,LV,2.38,8,0.183,2.0164,2.7336,N,N,06/2007,Analyst
47-3014.00,1.A.1.b.4,Deductive Reasoning,IM,2.75,8,0.1637,2.4292,3.0708,N,,06/2007,Analyst
47-3014.00,1.A.1.b.4,Deductive Reasoning,LV,2.25,8,0.1637,1.9292,2.5708,N,N,06/2007,Analyst
47-3014.00,1.A.1.b.5,Inductive Reasoning,IM,2.63,8,0.183,2.2664,2.9836,N,,06/2007,Analyst
47-3014.00,1.A.1.b.5,Inductive Reasoning,LV,2.25,8,0.1637,1.9292,2.5708,N,N,06/2007,Analyst
47-3014.00,1.A.1.b.6,Information Ordering,IM,2.88,8,0.125,2.63,3.12,N,,06/2007,Analyst
47-3014.00,1.A.1.b.6,Information Ordering,LV,2.13,8,0.2266,1.6809,2.5691,N,N,06/2007,Analyst
47-3014.00,1.A.1.b.7,Category Flexibility,IM,2.75,8,0.1637,2.4292,3.0708,N,,06/2007,Analyst
47-3014.00,1.A.1.b.7,Category Flexibility,LV,2.38,8,0.183,2.0164,2.7336,N,N,06/2007,Analyst
47-3014.00,1.A.1.c.1,Mathematical Reasoning,IM,1.13,8,0.125,1.0,1.37,N,,06/2007,Analyst
47-3014.00,1.A.1.c.1,Mathematical Reasoning,LV,0.25,8,0.25,0.0,0.74,N,Y,06/2007,Analyst
47-3014.00,1.A.1.c.2,Number Facility,IM,1.25,8,0.1637,1.0,1.5708,N,,06/2007,Analyst
47-3014.00,1.A.1.c.2,Number Facility,LV,0.38,8,0.2631,0.0,0.8906,N,Y,06/2007,Analyst
47-3014.00,1.A.1.d.1,Memorization,IM,1.88,8,0.125,1.63,2.12,N,,06/2007,Analyst
47-3014.00,1.A.1.d.1,Memorization,LV,1.5,8,0.3273,0.8584,2.1416,N,N,06/2007,Analyst
47-3014.00,1.A.1.e.1,Speed of Closure,IM,2.0,8,0.189,1.6296,2.3704,N,,06/2007,Analyst
47-3014.00,1.A.1.e.1,Speed of Closure,LV,1.75,8,0.25,1.26,2.24,N,N,06/2007,Analyst
47-3014.00,1.A.1.e.2,Flexibility of Closure,IM,2.25,8,0.1637,1.9292,2.5708,N,,06/2007,Analyst
47-3014.00,1.A.1.e.2,Flexibility of Closure,LV,2.0,8,0.189,1.6296,2.3704,N,N,06/2007,Analyst
47-3014.00,1.A.1.e.3,Perceptual Speed,IM,2.5,8,0.189,2.1296,2.8704,N,,06/2007,Analyst
47-3014.00,1.A.1.e.3,Perceptual Speed,LV,2.25,8,0.25,1.76,2.74,N,N,06/2007,Analyst
47-3014.00,1.A.1.f.1,Spatial Orientation,IM,2.0,8,0.189,1.6296,2.3704,N,,06/2007,Analyst
47-3014.00,1.A.1.f.1,Spatial Orientation,LV,1.63,8,0.2631,1.1094,2.1406,N,N,06/2007,Analyst
47-3014.00,1.A.1.f.2,Visualization,IM,2.75,8,0.1637,2.4292,3.0708,N,,06/2007,Analyst
47-3014.00,1.A.1.f.2,Visualization,LV,2.25,8,0.1637,1.9292,2.5708,N,N,06/2007,Analyst
47-3014.00,1.A.1.g.1,Selective Attention,IM,2.63,8,0.183,2.2664,2.9836,N,,06/2007,Analyst
47-3014.00,1.A.1.g.1,Selective Attention,LV,2.38,8,0.183,2.0164,2.7336,N,N,06/2007,Analyst
47-3014.00,1.A.1.g.2,Time Sharing,IM,2.13,8,0.2266,1.6809,2.5691,N,,06/2007,Analyst
47-3014.00,1.A.1.g.2,Time Sharing,LV,1.88,8,0.295,1.2967,2.4533,N,N,06/2007,Analyst
47-3014.00,1.A.2.a.1,Arm-Hand Steadiness,IM,3.38,8,0.183,3.0164,3.7336,N,,06/2007,Analyst
47-3014.00,1.A.2.a.1,Arm-Hand Steadiness,LV,2.88,8,0.2266,2.4309,3.3191,N,N,06/2007,Analyst
47-3014.00,1.A.2.a.2,Manual Dexterity,IM,3.38,8,0.183,3.0164,3.7336,N,,06/2007,Analyst
47-3014.00,1.A.2.a.2,Manual Dexterity,LV,2.88,8,0.2266,2.4309,3.3191,N,N,06/2007,Analyst
47-3014.00,1.A.2.a.3,Finger Dexterity,IM,3.0,8,0.0,3.0,3.0,N,,06/2007,Analyst
47-3014.00,1.A.2.a.3,Finger Dexterity,LV,2.88,8,0.295,2.2967,3.4533,N,N,06/2007,Analyst
47-3014.00,1.A.2.b.1,Control Precision,IM,2.63,8,0.183,2.2664,2.9836,N,,06/2007,Analyst
47-3014.00,1.A.2.b.1,Control Precision,LV,2.25,8,0.25,1.76,2.74,N,N,06/2007,Analyst
47-3014.00,1.A.2.b.2,Multilimb Coordination,IM,3.13,8,0.295,2.5467,3.7033,N,,06/2007,Analyst
47-3014.00,1.A.2.b.2,Multilimb Coordination,LV,2.63,8,0.3239,1.9902,3.2598,N,N,06/2007,Analyst
47-3014.00,1.A.2.b.3,Response Orientation,IM,2.13,8,0.2266,1.6809,2.5691,N,,06/2007,Analyst
47-3014.00,1.A.2.b.3,Response Orientation,LV,1.88,8,0.295,1.2967,2.4533,N,N,06/2007,Analyst
47-3014.00,1.A.2.b.4,Rate Control,IM,2.0,8,0.189,1.6296,2.3704,N,,06/2007,Analyst
47-3014.00,1.A.2.b.4,Rate Control,LV,1.5,8,0.2673,0.9762,2.0238,N,N,06/2007,Analyst
47-3014.00,1.A.2.c.1,Reaction Time,IM,2.25,8,0.1637,1.9292,2.5708,N,,06/2007,Analyst
47-3014.00,1.A.2.c.1,Reaction Time,LV,2.13,8,0.125,1.88,2.37,N,N,06/2007,Analyst
47-3014.00,1.A.2.c.2,Wrist-Finger Speed,IM,1.63,8,0.183,1.2664,1.9836,N,,06/2007,Analyst
47-3014.00,1.A.2.c.2,Wrist-Finger Speed,LV,1.13,8,0.3504,0.4383,1.8117,N,N,06/2007,Analyst
47-3014.00,1.A.2.c.3,Speed of Limb Movement,IM,2.63,8,0.183,2.2664,2.9836,N,,06/2007,Analyst
47-3014.00,1.A.2.c.3,Speed of Limb Movement,LV,2.25,8,0.1637,1.9292,2.5708,N,N,06/2007,Analyst
47-3014.00,1.A.3.a.1,Static Strength,IM,3.38,8,0.2631,2.8594,3.8906,N,,06/2007,Analyst
47-3014.00,1.A.3.a.1,Static Strength,LV,3.63,8,0.183,3.2664,3.9836,N,N,06/2007,Analyst
47-3014.00,1.A.3.a.2,Explosive Strength,IM,1.25,8,0.1637,1.0,1.5708,N,,06/2007,Analyst
47-3014.00,1.A.3.a.2,Explosive Strength,LV,0.5,8,0.3273,0.0,1.1416,N,Y,06/2007,Analyst
47-3014.00,1.A.3.a.3,Dynamic Strength,IM,3.0,8,0.2673,2.4762,3.5238,N,,06/2007,Analyst
47-3014.00,1.A.3.a.3,Dynamic Strength,LV,2.63,8,0.375,1.89,3.36,N,N,06/2007,Analyst
47-3014.00,1.A.3.a.4,Trunk Strength,IM,3.38,8,0.183,3.0164,3.7336,N,,06/2007,Analyst
47-3014.00,1.A.3.a.4,Trunk Strength,LV,3.63,8,0.2631,3.1094,4.1406,N,N,06/2007,Analyst
47-3014.00,1.A.3.b.1,Stamina,IM,3.0,8,0.189,2.6296,3.3704,N,,06/2007,Analyst
47-3014.00,1.A.3.b.1,Stamina,LV,2.63,8,0.2631,2.1094,3.1406,N,N,06/2007,Analyst
47-3014.00,1.A.3.c.1,Extent Flexibility,IM,3.38,8,0.183,3.0164,3.7336,N,,06/2007,Analyst
47-3014.00,1.A.3.c.1,Extent Flexibility,LV,3.75,8,0.25,3.26,4.24,N,N,06/2007,Analyst
47-3014.00,1.A.3.c.2,Dynamic Flexibility,IM,1.38,8,0.183,1.0164,1.7336,N,,06/2007,Analyst
47-3014.00,1.A.3.c.2,Dynamic Flexibility,LV,0.5,8,0.2673,0.0,1.0238,N,N,06/2007,Analyst
47-3014.00,1.A.3.c.3,Gross Body Coordination,IM,3.13,8,0.125,2.88,3.37,N,,06/2007,Analyst
47-3014.00,1.A.3.c.3,Gross Body Coordination,LV,2.88,8,0.2266,2.4309,3.3191,N,N,06/2007,Analyst
47-3014.00,1.A.3.c.4,Gross Body Equilibrium,IM,3.38,8,0.183,3.0164,3.7336,N,,06/2007,Analyst
47-3014.00,1.A.3.c.4,Gross Body Equilibrium,LV,3.0,8,0.2673,2.4762,3.5238,N,N,06/2007,Analyst
47-3014.00,1.A.4.a.1,Near Vision,IM,3.0,8,0.0,3.0,3.0,N,,06/2007,Analyst
47-3014.00,1.A.4.a.1,Near Vision,LV,2.75,8,0.25,2.26,3.24,N,N,06/2007,Analyst
47-3014.00,1.A.4.a.2,Far Vision,IM,3.0,8,0.189,2.6296,3.3704,N,,06/2007,Analyst
47-3014.00,1.A.4.a.2,Far Vision,LV,2.88,8,0.2266,2.4309,3.3191,N,N,06/2007,Analyst
47-3014.00,1.A.4.a.3,Visual Color Discrimination,IM,2.63,8,0.183,2.2664,2.9836,N,,06/2007,Analyst
47-3014.00,1.A.4.a.3,Visual Color Discrimination,LV,2.75,8,0.366,2.0327,3.4673,N,N,06/2007,Analyst
47-3014.00,1.A.4.a.4,Night Vision,IM,1.88,8,0.2266,1.4309,2.3191,N,,06/2007,Analyst
47-3014.00,1.A.4.a.4,Night Vision,LV,1.38,8,0.3239,0.7402,2.0098,N,N,06/2007,Analyst
47-3014.00,1.A.4.a.5,Peripheral Vision,IM,2.25,8,0.1637,1.9292,2.5708,N,,06/2007,Analyst
47-3014.00,1.A.4.a.5,Peripheral Vision,LV,1.88,8,0.2266,1.4309,2.3191,N,N,06/2007,Analyst
47-3014.00,1.A.4.a.6,Depth Perception,IM,2.63,8,0.183,2.2664,2.9836,N,,06/2007,Analyst
47-3014.00,1.A.4.a.6,Depth Perception,LV,2.13,8,0.2266,1.6809,2.5691,N,N,06/2007,Analyst
47-3014.00,1.A.4.a.7,Glare Sensitivity,IM,2.13,8,0.2266,1.6809,2.5691,N,,06/2007,Analyst
47-3014.00,1.A.4.a.7,Glare Sensitivity,LV,1.75,8,0.3134,1.1358,2.3642,N,N,06/2007,Analyst
47-3014.00,1.A.4.b.1,Hearing Sensitivity,IM,2.5,8,0.2673,1.9762,3.0238,N,,06/2007,Analyst
47-3014.00,1.A.4.b.1,Hearing Sensitivity,LV,2.13,8,0.3504,1.4383,2.8117,N,N,06/2007,Analyst
47-3014.00,1.A.4.b.2,Auditory Attention,IM,2.63,8,0.183,2.2664,2.9836,N,,06/2007,Analyst
47-3014.00,1.A.4.b.2,Auditory Attention,LV,2.25,8,0.25,1.76,2.74,N,N,06/2007,Analyst
47-3014.00,1.A.4.b.3,Sound Localization,IM,1.88,8,0.2266,1.4309,2.3191,N,,06/2007,Analyst
47-3014.00,1.A.4.b.3,Sound Localization,LV,1.25,8,0.3134,0.6358,1.8642,N,N,06/2007,Analyst
47-3014.00,1.A.4.b.4,Speech Recognition,IM,3.0,8,0.0,3.0,3.0,N,,06/2007,Analyst
47-3014.00,1.A.4.b.4,Speech Recognition,LV,2.63,8,0.2631,2.1094,3.1406,N,N,06/2007,Analyst
47-3014.00,1.A.4.b.5,Speech Clarity,IM,2.88,8,0.125,2.63,3.12,N,,06/2007,Analyst
47-3014.00,1.A.4.b.5,Speech Clarity,LV,2.25,8,0.25,1.76,2.74,N,N,06/2007,Analyst
47-3015.00,1.A.1.a.1,Oral Comprehension,IM,3.25,8,0.1637,2.9292,3.5708,N,,07/2011,Analyst
47-3015.00,1.A.1.a.1,Oral Comprehension,LV,3.25,8,0.25,2.76,3.74,N,N,07/2011,Analyst
47-3015.00,1.A.1.a.2,Written Comprehension,IM,2.12,8,0.125,1.88,2.37,N,,07/2011,Analyst
47-3015.00,1.A.1.a.2,Written Comprehension,LV,2.12,8,0.125,1.88,2.37,N,N,07/2011,Analyst
47-3015.00,1.A.1.a.3,Oral Expression,IM,3.0,8,0.0,3.0,3.0,N,,07/2011,Analyst
47-3015.00,1.A.1.a.3,Oral Expression,LV,2.88,8,0.125,2.63,3.12,N,N,07/2011,Analyst
47-3015.00,1.A.1.a.4,Written Expression,IM,2.0,8,0.0,2.0,2.0,N,,07/2011,Analyst
47-3015.00,1.A.1.a.4,Written Expression,LV,1.12,8,0.125,0.88,1.37,N,N,07/2011,Analyst
47-3015.00,1.A.1.b.1,Fluency of Ideas,IM,2.12,8,0.125,1.88,2.37,N,,07/2011,Analyst
47-3015.00,1.A.1.b.1,Fluency of Ideas,LV,2.0,8,0.0,2.0,2.0,N,N,07/2011,Analyst
47-3015.00,1.A.1.b.2,Originality,IM,2.12,8,0.125,1.88,2.37,N,,07/2011,Analyst
47-3015.00,1.A.1.b.2,Originality,LV,2.0,8,0.0,2.0,2.0,N,N,07/2011,Analyst
47-3015.00,1.A.1.b.3,Problem Sensitivity,IM,3.25,8,0.1637,2.9292,3.5708,N,,07/2011,Analyst
47-3015.00,1.A.1.b.3,Problem Sensitivity,LV,2.62,8,0.183,2.2664,2.9836,N,N,07/2011,Analyst
47-3015.00,1.A.1.b.4,Deductive Reasoning,IM,2.88,8,0.125,2.63,3.12,N,,07/2011,Analyst
47-3015.00,1.A.1.b.4,Deductive Reasoning,LV,2.75,8,0.1637,2.4292,3.0708,N,N,07/2011,Analyst
47-3015.00,1.A.1.b.5,Inductive Reasoning,IM,2.75,8,0.1637,2.4292,3.0708,N,,07/2011,Analyst
47-3015.00,1.A.1.b.5,Inductive Reasoning,LV,2.5,8,0.189,2.1296,2.8704,N,N,07/2011,Analyst
47-3015.00,1.A.1.b.6,Information Ordering,IM,3.0,8,0.0,3.0,3.0,N,,07/2011,Analyst
47-3015.00,1.A.1.b.6,Information Ordering,LV,3.0,8,0.0,3.0,3.0,N,N,07/2011,Analyst
47-3015.00,1.A.1.b.7,Category Flexibility,IM,2.88,8,0.125,2.63,3.12,N,,07/2011,Analyst
47-3015.00,1.A.1.b.7,Category Flexibility,LV,2.75,8,0.1637,2.4292,3.0708,N,N,07/2011,Analyst
47-3015.00,1.A.1.c.1,Mathematical Reasoning,IM,2.25,8,0.1637,1.9292,2.5708,N,,07/2011,Analyst
47-3015.00,1.A.1.c.1,Mathematical Reasoning,LV,1.5,8,0.189,1.1296,1.8704,N,N,07/2011,Analyst
47-3015.00,1.A.1.c.2,Number Facility,IM,2.12,8,0.125,1.88,2.37,N,,07/2011,Analyst
47-3015.00,1.A.1.c.2,Number Facility,LV,1.38,8,0.183,1.0164,1.7336,N,N,07/2011,Analyst
47-3015.00,1.A.1.d.1,Memorization,IM,2.0,8,0.0,2.0,2.0,N,,07/2011,Analyst
47-3015.00,1.A.1.d.1,Memorization,LV,1.12,8,0.125,0.88,1.37,N,N,07/2011,Analyst
47-3015.00,1.A.1.e.1,Speed of Closure,IM,2.0,8,0.0,2.0,2.0,N,,07/2011,Analyst
47-3015.00,1.A.1.e.1,Speed of Closure,LV,1.38,8,0.183,1.0164,1.7336,N,N,07/2011,Analyst
47-3015.00,1.A.1.e.2,Flexibility of Closure,IM,2.12,8,0.125,1.88,2.37,N,,07/2011,Analyst
47-3015.00,1.A.1.e.2,Flexibility of Closure,LV,2.0,8,0.0,2.0,2.0,N,N,07/2011,Analyst
47-3015.00,1.A.1.e.3,Perceptual Speed,IM,2.0,8,0.0,2.0,2.0,N,,07/2011,Analyst
47-3015.00,1.A.1.e.3,Perceptual Speed,LV,1.88,8,0.125,1.63,2.12,N,N,07/2011,Analyst
47-3015.00,1.A.1.f.1,Spatial Orientation,IM,2.0,8,0.0,2.0,2.0,N,,07/2011,Analyst
47-3015.00,1.A.1.f.1,Spatial Orientation,LV,1.88,8,0.125,1.63,2.12,N,N,07/2011,Analyst
47-3015.00,1.A.1.f.2,Visualization,IM,3.12,8,0.125,2.88,3.37,N,,07/2011,Analyst
47-3015.00,1.A.1.f.2,Visualization,LV,3.12,8,0.125,2.88,3.37,N,N,07/2011,Analyst
47-3015.00,1.A.1.g.1,Selective Attention,IM,2.75,8,0.1637,2.4292,3.0708,N,,07/2011,Analyst
47-3015.00,1.A.1.g.1,Selective Attention,LV,2.38,8,0.183,2.0164,2.7336,N,N,07/2011,Analyst
47-3015.00,1.A.1.g.2,Time Sharing,IM,2.12,8,0.125,1.88,2.37,N,,07/2011,Analyst
47-3015.00,1.A.1.g.2,Time Sharing,LV,2.0,8,0.0,2.0,2.0,N,N,07/2011,Analyst
47-3015.00,1.A.2.a.1,Arm-Hand Steadiness,IM,3.38,8,0.183,3.0164,3.7336,N,,07/2011,Analyst
47-3015.00,1.A.2.a.1,Arm-Hand Steadiness,LV,3.0,8,0.0,3.0,3.0,N,N,07/2011,Analyst
47-3015.00,1.A.2.a.2,Manual Dexterity,IM,3.75,8,0.1637,3.4292,4.0708,N,,07/2011,Analyst
47-3015.00,1.A.2.a.2,Manual Dexterity,LV,2.88,8,0.125,2.63,3.12,N,N,07/2011,Analyst
47-3015.00,1.A.2.a.3,Finger Dexterity,IM,3.0,8,0.189,2.6296,3.3704,N,,07/2011,Analyst
47-3015.00,1.A.2.a.3,Finger Dexterity,LV,2.88,8,0.125,2.63,3.12,N,N,07/2011,Analyst
47-3015.00,1.A.2.b.1,Control Precision,IM,3.0,8,0.0,3.0,3.0,N,,07/2011,Analyst
47-3015.00,1.A.2.b.1,Control Precision,LV,3.12,8,0.125,2.88,3.37,N,N,07/2011,Analyst
47-3015.00,1.A.2.b.2,Multilimb Coordination,IM,3.38,8,0.183,3.0164,3.7336,N,,07/2011,Analyst
47-3015.00,1.A.2.b.2,Multilimb Coordination,LV,3.0,8,0.0,3.0,3.0,N,N,07/2011,Analyst
47-3015.00,1.A.2.b.3,Response Orientation,IM,2.12,8,0.125,1.88,2.37,N,,07/2011,Analyst
47-3015.00,1.A.2.b.3,Response Orientation,LV,1.88,8,0.125,1.63,2.12,N,N,07/2011,Analyst
47-3015.00,1.A.2.b.4,Rate Control,IM,2.0,8,0.0,2.0,2.0,N,,07/2011,Analyst
47-3015.00,1.A.2.b.4,Rate Control,LV,1.25,8,0.1637,0.9292,1.5708,N,N,07/2011,Analyst
47-3015.00,1.A.2.c.1,Reaction Time,IM,2.25,8,0.1637,1.9292,2.5708,N,,07/2011,Analyst
47-3015.00,1.A.2.c.1,Reaction Time,LV,2.38,8,0.183,2.0164,2.7336,N,N,07/2011,Analyst
47-3015.00,1.A.2.c.2,Wrist-Finger Speed,IM,2.0,8,0.0,2.0,2.0,N,,07/2011,Analyst
47-3015.00,1.A.2.c.2,Wrist-Finger Speed,LV,2.0,8,0.189,1.6296,2.3704,N,N,07/2011,Analyst
47-3015.00,1.A.2.c.3,Speed of Limb Movement,IM,2.12,8,0.125,1.88,2.37,N,,07/2011,Analyst
47-3015.00,1.A.2.c.3,Speed of Limb Movement,LV,2.12,8,0.125,1.88,2.37,N,N,07/2011,Analyst
47-3015.00,1.A.3.a.1,Static Strength,IM,3.0,8,0.189,2.6296,3.3704,N,,07/2011,Analyst
47-3015.00,1.A.3.a.1,Static Strength,LV,3.38,8,0.183,3.0164,3.7336,N,N,07/2011,Analyst
47-3015.00,1.A.3.a.2,Explosive Strength,IM,1.62,8,0.183,1.2664,1.9836,N,,07/2011,Analyst
47-3015.00,1.A.3.a.2,Explosive Strength,LV,0.88,8,0.295,0.2967,1.4533,N,N,07/2011,Analyst
47-3015.00,1.A.3.a.3,Dynamic Strength,IM,2.62,8,0.183,2.2664,2.9836,N,,07/2011,Analyst
47-3015.00,1.A.3.a.3,Dynamic Strength,LV,2.62,8,0.183,2.2664,2.9836,N,N,07/2011,Analyst
47-3015.00,1.A.3.a.4,Trunk Strength,IM,3.25,8,0.1637,2.9292,3.5708,N,,07/2011,Analyst
47-3015.00,1.A.3.a.4,Trunk Strength,LV,3.25,8,0.1637,2.9292,3.5708,N,N,07/2011,Analyst
47-3015.00,1.A.3.b.1,Stamina,IM,2.75,8,0.1637,2.4292,3.0708,N,,07/2011,Analyst
47-3015.00,1.A.3.b.1,Stamina,LV,2.12,8,0.125,1.88,2.37,N,N,07/2011,Analyst
47-3015.00,1.A.3.c.1,Extent Flexibility,IM,3.25,8,0.1637,2.9292,3.5708,N,,07/2011,Analyst
47-3015.00,1.A.3.c.1,Extent Flexibility,LV,3.75,8,0.25,3.26,4.24,N,N,07/2011,Analyst
47-3015.00,1.A.3.c.2,Dynamic Flexibility,IM,1.62,8,0.183,1.2664,1.9836,N,,07/2011,Analyst
47-3015.00,1.A.3.c.2,Dynamic Flexibility,LV,0.75,8,0.25,0.26,1.24,N,N,07/2011,Analyst
47-3015.00,1.A.3.c.3,Gross Body Coordination,IM,2.62,8,0.183,2.2664,2.9836,N,,07/2011,Analyst
47-3015.00,1.A.3.c.3,Gross Body Coordination,LV,2.38,8,0.183,2.0164,2.7336,N,N,07/2011,Analyst
47-3015.00,1.A.3.c.4,Gross Body Equilibrium,IM,2.62,8,0.183,2.2664,2.9836,N,,07/2011,Analyst
47-3015.00,1.A.3.c.4,Gross Body Equilibrium,LV,2.38,8,0.183,2.0164,2.7336,N,N,07/2011,Analyst
47-3015.00,1.A.4.a.1,Near Vision,IM,3.25,8,0.1637,2.9292,3.5708,N,,07/2011,Analyst
47-3015.00,1.A.4.a.1,Near Vision,LV,3.0,8,0.0,3.0,3.0,N,N,07/2011,Analyst
47-3015.00,1.A.4.a.2,Far Vision,IM,2.5,8,0.189,2.1296,2.8704,N,,07/2011,Analyst
47-3015.00,1.A.4.a.2,Far Vision,LV,2.12,8,0.2266,1.6809,2.5691,N,N,07/2011,Analyst
47-3015.00,1.A.4.a.3,Visual Color Discrimination,IM,2.0,8,0.0,2.0,2.0,N,,07/2011,Analyst
47-3015.00,1.A.4.a.3,Visual Color Discrimination,LV,1.75,8,0.1637,1.4292,2.0708,N,N,07/2011,Analyst
47-3015.00,1.A.4.a.4,Night Vision,IM,1.75,8,0.1637,1.4292,2.0708,N,,07/2011,Analyst
47-3015.00,1.A.4.a.4,Night Vision,LV,0.88,8,0.2266,0.4309,1.3191,N,N,07/2011,Analyst
47-3015.00,1.A.4.a.5,Peripheral Vision,IM,1.88,8,0.125,1.63,2.12,N,,07/2011,Analyst
47-3015.00,1.A.4.a.5,Peripheral Vision,LV,0.88,8,0.125,0.63,1.12,N,N,07/2011,Analyst
47-3015.00,1.A.4.a.6,Depth Perception,IM,2.75,8,0.1637,2.4292,3.0708,N,,07/2011,Analyst
47-3015.00,1.A.4.a.6,Depth Perception,LV,2.25,8,0.1637,1.9292,2.5708,N,N,07/2011,Analyst
47-3015.00,1.A.4.a.7,Glare Sensitivity,IM,1.88,8,0.125,1.63,2.12,N,,07/2011,Analyst
47-3015.00,1.A.4.a.7,Glare Sensitivity,LV,1.62,8,0.2631,1.1094,2.1406,N,N,07/2011,Analyst
47-3015.00,1.A.4.b.1,Hearing Sensitivity,IM,2.12,8,0.125,1.88,2.37,N,,07/2011,Analyst
47-3015.00,1.A.4.b.1,Hearing Sensitivity,LV,1.38,8,0.183,1.0164,1.7336,N,N,07/2011,Analyst
47-3015.00,1.A.4.b.2,Auditory Attention,IM,2.0,8,0.0,2.0,2.0,N,,07/2011,Analyst
47-3015.00,1.A.4.b.2,Auditory Attention,LV,2.12,8,0.125,1.88,2.37,N,N,07/2011,Analyst
47-3015.00,1.A.4.b.3,Sound Localization,IM,1.75,8,0.1637,1.4292,2.0708,N,,07/2011,Analyst
47-3015.00,1.A.4.b.3,Sound Localization,LV,0.75,8,0.1637,0.4292,1.0708,N,N,07/2011,Analyst
47-3015.00,1.A.4.b.4,Speech Recognition,IM,3.0,8,0.0,3.0,3.0,N,,07/2011,Analyst
47-3015.00,1.A.4.b.4,Speech Recognition,LV,2.5,8,0.189,2.1296,2.8704,N,N,07/2011,Analyst
47-3015.00,1.A.4.b.5,Speech Clarity,IM,2.88,8,0.125,2.63,3.12,N,,07/2011,Analyst
47-3015.00,1.A.4.b.5,Speech Clarity,LV,2.38,8,0.183,2.0164,2.7336,N,N,07/2011,Analyst
47-3016.00,1.A.1.a.1,Oral Comprehension,IM,3.0,8,0.189,2.6296,3.3704,N,,06/2008,Analyst
47-3016.00,1.A.1.a.1,Oral Comprehension,LV,2.75,8,0.25,2.26,3.24,N,N,06/2008,Analyst
47-3016.00,1.A.1.a.2,Written Comprehension,IM,2.38,8,0.183,2.0164,2.7336,N,,06/2008,Analyst
47-3016.00,1.A.1.a.2,Written Comprehension,LV,2.62,8,0.2631,2.1094,3.1406,N,N,06/2008,Analyst
47-3016.00,1.A.1.a.3,Oral Expression,IM,3.0,8,0.189,2.6296,3.3704,N,,06/2008,Analyst
47-3016.00,1.A.1.a.3,Oral Expression,LV,2.5,8,0.189,2.1296,2.8704,N,N,06/2008,Analyst
47-3016.00,1.A.1.a.4,Written Expression,IM,2.0,8,0.0,2.0,2.0,N,,06/2008,Analyst
47-3016.00,1.A.1.a.4,Written Expression,LV,1.88,8,0.2266,1.4309,2.3191,N,N,06/2008,Analyst
47-3016.00,1.A.1.b.1,Fluency of Ideas,IM,2.5,8,0.189,2.1296,2.8704,N,,06/2008,Analyst
47-3016.00,1.A.1.b.1,Fluency of Ideas,LV,2.12,8,0.125,1.88,2.37,N,N,06/2008,Analyst
47-3016.00,1.A.1.b.2,Originality,IM,2.25,8,0.25,1.76,2.74,N,,06/2008,Analyst
47-3016.00,1.A.1.b.2,Originality,LV,1.75,8,0.3134,1.1358,2.3642,N,N,06/2008,Analyst
47-3016.00,1.A.1.b.3,Problem Sensitivity,IM,3.25,8,0.1637,2.9292,3.5708,N,,06/2008,Analyst
47-3016.00,1.A.1.b.3,Problem Sensitivity,LV,2.88,8,0.2266,2.4309,3.3191,N,N,06/2008,Analyst
47-3016.00,1.A.1.b.4,Deductive Reasoning,IM,2.88,8,0.2266,2.4309,3.3191,N,,06/2008,Analyst
47-3016.00,1.A.1.b.4,Deductive Reasoning,LV,2.5,8,0.189,2.1296,2.8704,N,N,06/2008,Analyst
47-3016.00,1.A.1.b.5,Inductive Reasoning,IM,2.75,8,0.25,2.26,3.24,N,,06/2008,Analyst
47-3016.00,1.A.1.b.5,Inductive Reasoning,LV,2.38,8,0.2631,1.8594,2.8906,N,N,06/2008,Analyst
47-3016.00,1.A.1.b.6,Information Ordering,IM,3.0,8,0.189,2.6296,3.3704,N,,06/2008,Analyst
47-3016.00,1.A.1.b.6,Information Ordering,LV,2.25,8,0.1637,1.9292,2.5708,N,N,06/2008,Analyst
47-3016.00,1.A.1.b.7,Category Flexibility,IM,2.88,8,0.125,2.63,3.12,N,,06/2008,Analyst
47-3016.00,1.A.1.b.7,Category Flexibility,LV,2.5,8,0.189,2.1296,2.8704,N,N,06/2008,Analyst
47-3016.00,1.A.1.c.1,Mathematical Reasoning,IM,2.25,8,0.1637,1.9292,2.5708,N,,06/2008,Analyst
47-3016.00,1.A.1.c.1,Mathematical Reasoning,LV,1.75,8,0.3134,1.1358,2.3642,N,N,06/2008,Analyst
47-3016.00,1.A.1.c.2,Number Facility,IM,2.25,8,0.1637,1.9292,2.5708,N,,06/2008,Analyst
47-3016.00,1.A.1.c.2,Number Facility,LV,1.75,8,0.25,1.26,2.24,N,N,06/2008,Analyst
47-3016.00,1.A.1.d.1,Memorization,IM,1.88,8,0.125,1.63,2.12,N,,06/2008,Analyst
47-3016.00,1.A.1.d.1,Memorization,LV,1.88,8,0.295,1.2967,2.4533,N,N,06/2008,Analyst
47-3016.00,1.A.1.e.1,Speed of Closure,IM,2.0,8,0.189,1.6296,2.3704,N,,06/2008,Analyst
47-3016.00,1.A.1.e.1,Speed of Closure,LV,2.0,8,0.3273,1.3584,2.6416,N,N,06/2008,Analyst
47-3016.00,1.A.1.e.2,Flexibility of Closure,IM,3.0,8,0.3273,2.3584,3.6416,N,,06/2008,Analyst
47-3016.00,1.A.1.e.2,Flexibility of Closure,LV,3.0,8,0.4629,2.0927,3.9073,N,N,06/2008,Analyst
47-3016.00,1.A.1.e.3,Perceptual Speed,IM,2.88,8,0.2266,2.4309,3.3191,N,,06/2008,Analyst
47-3016.00,1.A.1.e.3,Perceptual Speed,LV,2.62,8,0.3239,1.9902,3.2598,N,N,06/2008,Analyst
47-3016.00,1.A.1.f.1,Spatial Orientation,IM,2.62,8,0.183,2.2664,2.9836,N,,06/2008,Analyst
47-3016.00,1.A.1.f.1,Spatial Orientation,LV,2.25,8,0.25,1.76,2.74,N,N,06/2008,Analyst
47-3016.00,1.A.1.f.2,Visualization,IM,3.25,8,0.1637,2.9292,3.5708,N,,06/2008,Analyst
47-3016.00,1.A.1.f.2,Visualization,LV,3.0,8,0.2673,2.4762,3.5238,N,N,06/2008,Analyst
47-3016.00,1.A.1.g.1,Selective Attention,IM,2.88,8,0.2266,2.4309,3.3191,N,,06/2008,Analyst
47-3016.00,1.A.1.g.1,Selective Attention,LV,2.5,8,0.3273,1.8584,3.1416,N,N,06/2008,Analyst
47-3016.00,1.A.1.g.2,Time Sharing,IM,2.38,8,0.2631,1.8594,2.8906,N,,06/2008,Analyst
47-3016.00,1.A.1.g.2,Time Sharing,LV,2.0,8,0.378,1.2592,2.7408,N,N,06/2008,Analyst
47-3016.00,1.A.2.a.1,Arm-Hand Steadiness,IM,3.25,8,0.1637,2.9292,3.5708,N,,06/2008,Analyst
47-3016.00,1.A.2.a.1,Arm-Hand Steadiness,LV,2.75,8,0.25,2.26,3.24,N,N,06/2008,Analyst
47-3016.00,1.A.2.a.2,Manual Dexterity,IM,3.5,8,0.189,3.1296,3.8704,N,,06/2008,Analyst
47-3016.00,1.A.2.a.2,Manual Dexterity,LV,3.12,8,0.3504,2.4383,3.8117,N,N,06/2008,Analyst
47-3016.00,1.A.2.a.3,Finger Dexterity,IM,3.12,8,0.2266,2.6809,3.5691,N,,06/2008,Analyst
47-3016.00,1.A.2.a.3,Finger Dexterity,LV,3.0,8,0.4226,2.1717,3.8283,N,N,06/2008,Analyst
47-3016.00,1.A.2.b.1,Control Precision,IM,2.75,8,0.1637,2.4292,3.0708,N,,06/2008,Analyst
47-3016.00,1.A.2.b.1,Control Precision,LV,2.75,8,0.366,2.0327,3.4673,N,N,06/2008,Analyst
47-3016.00,1.A.2.b.2,Multilimb Coordination,IM,3.38,8,0.183,3.0164,3.7336,N,,06/2008,Analyst
47-3016.00,1.A.2.b.2,Multilimb Coordination,LV,2.88,8,0.295,2.2967,3.4533,N,N,06/2008,Analyst
47-3016.00,1.A.2.b.3,Response Orientation,IM,2.5,8,0.2673,1.9762,3.0238,N,,06/2008,Analyst
47-3016.00,1.A.2.b.3,Response Orientation,LV,2.25,8,0.366,1.5327,2.9673,N,N,06/2008,Analyst
47-3016.00,1.A.2.b.4,Rate Control,IM,2.25,8,0.25,1.76,2.74,N,,06/2008,Analyst
47-3016.00,1.A.2.b.4,Rate Control,LV,2.12,8,0.3981,1.3447,2.9053,N,N,06/2008,Analyst
47-3016.00,1.A.2.c.1,Reaction Time,IM,2.88,8,0.125,2.63,3.12,N,,06/2008,Analyst
47-3016.00,1.A.2.c.1,Reaction Time,LV,2.88,8,0.2266,2.4309,3.3191,N,N,06/2008,Analyst
47-3016.00,1.A.2.c.2,Wrist-Finger Speed,IM,2.38,8,0.2631,1.8594,2.8906,N,,06/2008,Analyst
47-3016.00,1.A.2.c.2,Wrist-Finger Speed,LV,2.38,8,0.375,1.64,3.11,N,N,06/2008,Analyst
47-3016.00,1.A.2.c.3,Speed of Limb Movement,IM,2.88,8,0.125,2.63,3.12,N,,06/2008,Analyst
47-3016.00,1.A.2.c.3,Speed of Limb Movement,LV,2.62,8,0.2631,2.1094,3.1406,N,N,06/2008,Analyst
47-3016.00,1.A.3.a.1,Static Strength,IM,3.12,8,0.125,2.88,3.37,N,,06/2008,Analyst
47-3016.00,1.A.3.a.1,Static Strength,LV,4.0,8,0.3273,3.3584,4.6416,N,N,06/2008,Analyst
47-3016.00,1.A.3.a.2,Explosive Strength,IM,2.0,8,0.378,1.2592,2.7408,N,,06/2008,Analyst
47-3016.00,1.A.3.a.2,Explosive Strength,LV,1.25,8,0.366,0.5327,1.9673,N,N,06/2008,Analyst
47-3016.00,1.A.3.a.3,Dynamic Strength,IM,2.62,8,0.183,2.2664,2.9836,N,,06/2008,Analyst
47-3016.00,1.A.3.a.3,Dynamic Strength,LV,3.38,8,0.375,2.64,4.11,N,N,06/2008,Analyst
47-3016.00,1.A.3.a.4,Trunk Strength,IM,3.75,8,0.1637,3.4292,4.0708,N,,06/2008,Analyst
47-3016.00,1.A.3.a.4,Trunk Strength,LV,4.12,8,0.3504,3.4383,4.8117,N,N,06/2008,Analyst
47-3016.00,1.A.3.b.1,Stamina,IM,3.0,8,0.0,3.0,3.0,N,,06/2008,Analyst
47-3016.00,1.A.3.b.1,Stamina,LV,3.38,8,0.183,3.0164,3.7336,N,N,06/2008,Analyst
47-3016.00,1.A.3.c.1,Extent Flexibility,IM,3.12,8,0.125,2.88,3.37,N,,06/2008,Analyst
47-3016.00,1.A.3.c.1,Extent Flexibility,LV,3.88,8,0.295,3.2967,4.4533,N,N,06/2008,Analyst
47-3016.00,1.A.3.c.2,Dynamic Flexibility,IM,1.75,8,0.25,1.26,2.24,N,,06/2008,Analyst
47-3016.00,1.A.3.c.2,Dynamic Flexibility,LV,1.25,8,0.4119,0.4427,2.0573,N,N,06/2008,Analyst
47-3016.00,1.A.3.c.3,Gross Body Coordination,IM,3.0,8,0.0,3.0,3.0,N,,06/2008,Analyst
47-3016.00,1.A.3.c.3,Gross Body Coordination,LV,3.0,8,0.2673,2.4762,3.5238,N,N,06/2008,Analyst
47-3016.00,1.A.3.c.4,Gross Body Equilibrium,IM,3.5,8,0.189,3.1296,3.8704,N,,06/2008,Analyst
47-3016.00,1.A.3.c.4,Gross Body Equilibrium,LV,4.0,8,0.4226,3.1717,4.8283,N,N,06/2008,Analyst
47-3016.00,1.A.4.a.1,Near Vision,IM,2.88,8,0.125,2.63,3.12,N,,06/2008,Analyst
47-3016.00,1.A.4.a.1,Near Vision,LV,2.62,8,0.3239,1.9902,3.2598,N,N,06/2008,Analyst
47-3016.00,1.A.4.a.2,Far Vision,IM,3.0,8,0.0,3.0,3.0,N,,06/2008,Analyst
47-3016.00,1.A.4.a.2,Far Vision,LV,2.88,8,0.2266,2.4309,3.3191,N,N,06/2008,Analyst
47-3016.00,1.A.4.a.3,Visual Color Discrimination,IM,2.75,8,0.1637,2.4292,3.0708,N,,06/2008,Analyst
47-3016.00,1.A.4.a.3,Visual Color Discrimination,LV,2.12,8,0.2266,1.6809,2.5691,N,N,06/2008,Analyst
47-3016.00,1.A.4.a.4,Night Vision,IM,1.88,8,0.2266,1.4309,2.3191,N,,06/2008,Analyst
47-3016.00,1.A.4.a.4,Night Vision,LV,1.38,8,0.3239,0.7402,2.0098,N,N,06/2008,Analyst
47-3016.00,1.A.4.a.5,Peripheral Vision,IM,2.12,8,0.2266,1.6809,2.5691,N,,06/2008,Analyst
47-3016.00,1.A.4.a.5,Peripheral Vision,LV,1.62,8,0.3239,0.9902,2.2598,N,N,06/2008,Analyst
47-3016.00,1.A.4.a.6,Depth Perception,IM,3.12,8,0.295,2.5467,3.7033,N,,06/2008,Analyst
47-3016.00,1.A.4.a.6,Depth Perception,LV,2.75,8,0.25,2.26,3.24,N,N,06/2008,Analyst
47-3016.00,1.A.4.a.7,Glare Sensitivity,IM,2.5,8,0.2673,1.9762,3.0238,N,,06/2008,Analyst
47-3016.00,1.A.4.a.7,Glare Sensitivity,LV,2.5,8,0.2673,1.9762,3.0238,N,N,06/2008,Analyst
47-3016.00,1.A.4.b.1,Hearing Sensitivity,IM,2.62,8,0.3239,1.9902,3.2598,N,,06/2008,Analyst
47-3016.00,1.A.4.b.1,Hearing Sensitivity,LV,2.25,8,0.4532,1.3618,3.1382,N,N,06/2008,Analyst
47-3016.00,1.A.4.b.2,Auditory Attention,IM,2.88,8,0.2266,2.4309,3.3191,N,,06/2008,Analyst
47-3016.00,1.A.4.b.2,Auditory Attention,LV,3.0,8,0.4629,2.0927,3.9073,N,N,06/2008,Analyst
47-3016.00,1.A.4.b.3,Sound Localization,IM,2.25,8,0.25,1.76,2.74,N,,06/2008,Analyst
47-3016.00,1.A.4.b.3,Sound Localization,LV,1.88,8,0.3504,1.1883,2.5617,N,N,06/2008,Analyst
47-3016.00,1.A.4.b.4,Speech Recognition,IM,3.12,8,0.2266,2.6809,3.5691,N,,06/2008,Analyst
47-3016.00,1.A.4.b.4,Speech Recognition,LV,2.62,8,0.2631,2.1094,3.1406,N,N,06/2008,Analyst
47-3016.00,1.A.4.b.5,Speech Clarity,IM,3.25,8,0.3134,2.6358,3.8642,N,,06/2008,Analyst
47-3016.00,1.A.4.b.5,Speech Clarity,LV,2.12,8,0.3504,1.4383,2.8117,N,N,06/2008,Analyst
47-4011.00,1.A.1.a.1,Oral Comprehension,IM,3.88,8,0.125,3.63,4.12,N,,08/2024,Analyst
47-4011.00,1.A.1.a.1,Oral Comprehension,LV,4.0,8,0.0,4.0,4.0,N,N,08/2024,Analyst
47-4011.00,1.A.1.a.2,Written Comprehension,IM,4.0,8,0.0,4.0,4.0,N,,08/2024,Analyst
47-4011.00,1.A.1.a.2,Written Comprehension,LV,4.0,8,0.0,4.0,4.0,N,N,08/2024,Analyst
47-4011.00,1.A.1.a.3,Oral Expression,IM,4.0,8,0.0,4.0,4.0,N,,08/2024,Analyst
47-4011.00,1.A.1.a.3,Oral Expression,LV,4.0,8,0.0,4.0,4.0,N,N,08/2024,Analyst
47-4011.00,1.A.1.a.4,Written Expression,IM,3.88,8,0.125,3.63,4.12,N,,08/2024,Analyst
47-4011.00,1.A.1.a.4,Written Expression,LV,4.0,8,0.0,4.0,4.0,N,N,08/2024,Analyst
47-4011.00,1.A.1.b.1,Fluency of Ideas,IM,3.0,8,0.0,3.0,3.0,N,,08/2024,Analyst
47-4011.00,1.A.1.b.1,Fluency of Ideas,LV,3.0,8,0.0,3.0,3.0,N,N,08/2024,Analyst
47-4011.00,1.A.1.b.2,Originality,IM,2.75,8,0.1637,2.4292,3.0708,N,,08/2024,Analyst
47-4011.00,1.A.1.b.2,Originality,LV,3.0,8,0.0,3.0,3.0,N,N,08/2024,Analyst
47-4011.00,1.A.1.b.3,Problem Sensitivity,IM,4.12,8,0.125,3.88,4.37,N,,08/2024,Analyst
47-4011.00,1.A.1.b.3,Problem Sensitivity,LV,4.0,8,0.0,4.0,4.0,N,N,08/2024,Analyst
47-4011.00,1.A.1.b.4,Deductive Reasoning,IM,3.88,8,0.125,3.63,4.12,N,,08/2024,Analyst
47-4011.00,1.A.1.b.4,Deductive Reasoning,LV,4.0,8,0.0,4.0,4.0,N,N,08/2024,Analyst
47-4011.00,1.A.1.b.5,Inductive Reasoning,IM,4.0,8,0.0,4.0,4.0,N,,08/2024,Analyst
47-4011.00,1.A.1.b.5,Inductive Reasoning,LV,4.0,8,0.0,4.0,4.0,N,N,08/2024,Analyst
47-4011.00,1.A.1.b.6,Information Ordering,IM,3.12,8,0.125,2.88,3.37,N,,08/2024,Analyst
47-4011.00,1.A.1.b.6,Information Ordering,LV,3.25,8,0.1637,2.9292,3.5708,N,N,08/2024,Analyst
47-4011.00,1.A.1.b.7,Category Flexibility,IM,3.12,8,0.125,2.88,3.37,N,,08/2024,Analyst
47-4011.00,1.A.1.b.7,Category Flexibility,LV,3.12,8,0.125,2.88,3.37,N,N,08/2024,Analyst
47-4011.00,1.A.1.c.1,Mathematical Reasoning,IM,2.88,8,0.125,2.63,3.12,N,,08/2024,Analyst
47-4011.00,1.A.1.c.1,Mathematical Reasoning,LV,2.88,8,0.125,2.63,3.12,N,N,08/2024,Analyst
47-4011.00,1.A.1.c.2,Number Facility,IM,2.88,8,0.125,2.63,3.12,N,,08/2024,Analyst
47-4011.00,1.A.1.c.2,Number Facility,LV,2.88,8,0.125,2.63,3.12,N,N,08/2024,Analyst
47-4011.00,1.A.1.d.1,Memorization,IM,2.62,8,0.183,2.2664,2.9836,N,,08/2024,Analyst
47-4011.00,1.A.1.d.1,Memorization,LV,2.25,8,0.1637,1.9292,2.5708,N,N,08/2024,Analyst
47-4011.00,1.A.1.e.1,Speed of Closure,IM,2.88,8,0.125,2.63,3.12,N,,08/2024,Analyst
47-4011.00,1.A.1.e.1,Speed of Closure,LV,2.88,8,0.125,2.63,3.12,N,N,08/2024,Analyst
47-4011.00,1.A.1.e.2,Flexibility of Closure,IM,3.12,8,0.125,2.88,3.37,N,,08/2024,Analyst
47-4011.00,1.A.1.e.2,Flexibility of Closure,LV,3.12,8,0.125,2.88,3.37,N,N,08/2024,Analyst
47-4011.00,1.A.1.e.3,Perceptual Speed,IM,3.0,8,0.0,3.0,3.0,N,,08/2024,Analyst
47-4011.00,1.A.1.e.3,Perceptual Speed,LV,3.0,8,0.0,3.0,3.0,N,N,08/2024,Analyst
47-4011.00,1.A.1.f.1,Spatial Orientation,IM,2.12,8,0.125,1.88,2.37,N,,08/2024,Analyst
47-4011.00,1.A.1.f.1,Spatial Orientation,LV,2.0,8,0.0,2.0,2.0,N,N,08/2024,Analyst
47-4011.00,1.A.1.f.2,Visualization,IM,3.0,8,0.0,3.0,3.0,N,,08/2024,Analyst
47-4011.00,1.A.1.f.2,Visualization,LV,3.0,8,0.0,3.0,3.0,N,N,08/2024,Analyst
47-4011.00,1.A.1.g.1,Selective Attention,IM,3.12,8,0.125,2.88,3.37,N,,08/2024,Analyst
47-4011.00,1.A.1.g.1,Selective Attention,LV,3.12,8,0.125,2.88,3.37,N,N,08/2024,Analyst
47-4011.00,1.A.1.g.2,Time Sharing,IM,2.88,8,0.125,2.63,3.12,N,,08/2024,Analyst
47-4011.00,1.A.1.g.2,Time Sharing,LV,2.88,8,0.125,2.63,3.12,N,N,08/2024,Analyst
47-4011.00,1.A.2.a.1,Arm-Hand Steadiness,IM,2.0,8,0.0,2.0,2.0,N,,08/2024,Analyst
47-4011.00,1.A.2.a.1,Arm-Hand Steadiness,LV,2.0,8,0.0,2.0,2.0,N,N,08/2024,Analyst
47-4011.00,1.A.2.a.2,Manual Dexterity,IM,1.75,8,0.1637,1.4292,2.0708,N,,08/2024,Analyst
47-4011.00,1.A.2.a.2,Manual Dexterity,LV,0.88,8,0.2266,0.4309,1.3191,N,N,08/2024,Analyst
47-4011.00,1.A.2.a.3,Finger Dexterity,IM,1.75,8,0.1637,1.4292,2.0708,N,,08/2024,Analyst
47-4011.00,1.A.2.a.3,Finger Dexterity,LV,1.25,8,0.3134,0.6358,1.8642,N,N,08/2024,Analyst
47-4011.00,1.A.2.b.1,Control Precision,IM,2.0,8,0.0,2.0,2.0,N,,08/2024,Analyst
47-4011.00,1.A.2.b.1,Control Precision,LV,1.75,8,0.1637,1.4292,2.0708,N,N,08/2024,Analyst
47-4011.00,1.A.2.b.2,Multilimb Coordination,IM,2.0,8,0.0,2.0,2.0,N,,08/2024,Analyst
47-4011.00,1.A.2.b.2,Multilimb Coordination,LV,2.0,8,0.0,2.0,2.0,N,N,08/2024,Analyst
47-4011.00,1.A.2.b.3,Response Orientation,IM,1.88,8,0.125,1.63,2.12,N,,08/2024,Analyst
47-4011.00,1.A.2.b.3,Response Orientation,LV,0.88,8,0.125,0.63,1.12,N,N,08/2024,Analyst
47-4011.00,1.A.2.b.4,Rate Control,IM,2.0,8,0.0,2.0,2.0,N,,08/2024,Analyst
47-4011.00,1.A.2.b.4,Rate Control,LV,1.0,8,0.0,1.0,1.0,N,N,08/2024,Analyst
47-4011.00,1.A.2.c.1,Reaction Time,IM,2.0,8,0.0,2.0,2.0,N,,08/2024,Analyst
47-4011.00,1.A.2.c.1,Reaction Time,LV,1.38,8,0.183,1.0164,1.7336,N,N,08/2024,Analyst
47-4011.00,1.A.2.c.2,Wrist-Finger Speed,IM,1.5,8,0.2673,1.0,2.0238,N,,08/2024,Analyst
47-4011.00,1.A.2.c.2,Wrist-Finger Speed,LV,0.5,8,0.2673,0.0,1.0238,N,N,08/2024,Analyst
47-4011.00,1.A.2.c.3,Speed of Limb Movement,IM,1.38,8,0.183,1.0164,1.7336,N,,08/2024,Analyst
47-4011.00,1.A.2.c.3,Speed of Limb Movement,LV,0.38,8,0.183,0.0164,0.7336,N,N,08/2024,Analyst
47-4011.00,1.A.3.a.1,Static Strength,IM,2.0,8,0.0,2.0,2.0,N,,08/2024,Analyst
47-4011.00,1.A.3.a.1,Static Strength,LV,1.12,8,0.125,0.88,1.37,N,N,08/2024,Analyst
47-4011.00,1.A.3.a.2,Explosive Strength,IM,1.25,8,0.1637,1.0,1.5708,N,,08/2024,Analyst
47-4011.00,1.A.3.a.2,Explosive Strength,LV,0.25,8,0.1637,0.0,0.5708,N,Y,08/2024,Analyst
47-4011.00,1.A.3.a.3,Dynamic Strength,IM,2.0,8,0.0,2.0,2.0,N,,08/2024,Analyst
47-4011.00,1.A.3.a.3,Dynamic Strength,LV,1.0,8,0.0,1.0,1.0,N,N,08/2024,Analyst
47-4011.00,1.A.3.a.4,Trunk Strength,IM,2.12,8,0.125,1.88,2.37,N,,08/2024,Analyst
47-4011.00,1.A.3.a.4,Trunk Strength,LV,2.12,8,0.125,1.88,2.37,N,N,08/2024,Analyst
47-4011.00,1.A.3.b.1,Stamina,IM,2.0,8,0.0,2.0,2.0,N,,08/2024,Analyst
47-4011.00,1.A.3.b.1,Stamina,LV,1.88,8,0.125,1.63,2.12,N,N,08/2024,Analyst
47-4011.00,1.A.3.c.1,Extent Flexibility,IM,2.0,8,0.0,2.0,2.0,N,,08/2024,Analyst
47-4011.00,1.A.3.c.1,Extent Flexibility,LV,2.0,8,0.0,2.0,2.0,N,N,08/2024,Analyst
47-4011.00,1.A.3.c.2,Dynamic Flexibility,IM,1.0,8,0.0,1.0,1.0,N,,08/2024,Analyst
47-4011.00,1.A.3.c.2,Dynamic Flexibility,LV,0.0,8,0.0,0.0,0.0,N,Y,08/2024,Analyst
47-4011.00,1.A.3.c.3,Gross Body Coordination,IM,2.0,8,0.0,2.0,2.0,N,,08/2024,Analyst
47-4011.00,1.A.3.c.3,Gross Body Coordination,LV,2.0,8,0.0,2.0,2.0,N,N,08/2024,Analyst
47-4011.00,1.A.3.c.4,Gross Body Equilibrium,IM,2.25,8,0.1637,1.9292,2.5708,N,,08/2024,Analyst
47-4011.00,1.A.3.c.4,Gross Body Equilibrium,LV,2.0,8,0.0,2.0,2.0,N,N,08/2024,Analyst
47-4011.00,1.A.4.a.1,Near Vision,IM,3.88,8,0.125,3.63,4.12,N,,08/2024,Analyst
47-4011.00,1.A.4.a.1,Near Vision,LV,3.88,8,0.125,3.63,4.12,N,N,08/2024,Analyst
47-4011.00,1.A.4.a.2,Far Vision,IM,3.12,8,0.125,2.88,3.37,N,,08/2024,Analyst
47-4011.00,1.A.4.a.2,Far Vision,LV,3.75,8,0.1637,3.4292,4.0708,N,N,08/2024,Analyst
47-4011.00,1.A.4.a.3,Visual Color Discrimination,IM,3.0,8,0.0,3.0,3.0,N,,08/2024,Analyst
47-4011.00,1.A.4.a.3,Visual Color Discrimination,LV,3.0,8,0.0,3.0,3.0,N,N,08/2024,Analyst
47-4011.00,1.A.4.a.4,Night Vision,IM,2.0,8,0.0,2.0,2.0,N,,08/2024,Analyst
47-4011.00,1.A.4.a.4,Night Vision,LV,1.12,8,0.125,0.88,1.37,N,N,08/2024,Analyst
47-4011.00,1.A.4.a.5,Peripheral Vision,IM,2.0,8,0.0,2.0,2.0,N,,08/2024,Analyst
47-4011.00,1.A.4.a.5,Peripheral Vision,LV,1.12,8,0.125,0.88,1.37,N,N,08/2024,Analyst
47-4011.00,1.A.4.a.6,Depth Perception,IM,2.5,8,0.189,2.1296,2.8704,N,,08/2024,Analyst
47-4011.00,1.A.4.a.6,Depth Perception,LV,2.0,8,0.0,2.0,2.0,N,N,08/2024,Analyst
47-4011.00,1.A.4.a.7,Glare Sensitivity,IM,2.0,8,0.0,2.0,2.0,N,,08/2024,Analyst
47-4011.00,1.A.4.a.7,Glare Sensitivity,LV,1.88,8,0.125,1.63,2.12,N,N,08/2024,Analyst
47-4011.00,1.A.4.b.1,Hearing Sensitivity,IM,2.0,8,0.0,2.0,2.0,N,,08/2024,Analyst
47-4011.00,1.A.4.b.1,Hearing Sensitivity,LV,2.0,8,0.0,2.0,2.0,N,N,08/2024,Analyst
47-4011.00,1.A.4.b.2,Auditory Attention,IM,2.12,8,0.125,1.88,2.37,N,,08/2024,Analyst
47-4011.00,1.A.4.b.2,Auditory Attention,LV,2.12,8,0.125,1.88,2.37,N,N,08/2024,Analyst
47-4011.00,1.A.4.b.3,Sound Localization,IM,2.0,8,0.0,2.0,2.0,N,,08/2024,Analyst
47-4011.00,1.A.4.b.3,Sound Localization,LV,1.25,8,0.1637,0.9292,1.5708,N,N,08/2024,Analyst
47-4011.00,1.A.4.b.4,Speech Recognition,IM,3.25,8,0.1637,2.9292,3.5708,N,,08/2024,Analyst
47-4011.00,1.A.4.b.4,Speech Recognition,LV,3.12,8,0.125,2.88,3.37,N,N,08/2024,Analyst
47-4011.00,1.A.4.b.5,Speech Clarity,IM,3.25,8,0.1637,2.9292,3.5708,N,,08/2024,Analyst
47-4011.00,1.A.4.b.5,Speech Clarity,LV,3.0,8,0.0,3.0,3.0,N,N,08/2024,Analyst
47-4011.01,1.A.1.a.1,Oral Comprehension,IM,4.0,8,0.0,4.0,4.0,N,,08/2022,Analyst
47-4011.01,1.A.1.a.1,Oral Comprehension,LV,4.0,8,0.0,4.0,4.0,N,N,08/2022,Analyst
47-4011.01,1.A.1.a.2,Written Comprehension,IM,4.0,8,0.0,4.0,4.0,N,,08/2022,Analyst
47-4011.01,1.A.1.a.2,Written Comprehension,LV,4.0,8,0.0,4.0,4.0,N,N,08/2022,Analyst
47-4011.01,1.A.1.a.3,Oral Expression,IM,4.0,8,0.0,4.0,4.0,N,,08/2022,Analyst
47-4011.01,1.A.1.a.3,Oral Expression,LV,4.0,8,0.0,4.0,4.0,N,N,08/2022,Analyst
47-4011.01,1.A.1.a.4,Written Expression,IM,4.0,8,0.0,4.0,4.0,N,,08/2022,Analyst
47-4011.01,1.A.1.a.4,Written Expression,LV,4.0,8,0.0,4.0,4.0,N,N,08/2022,Analyst
47-4011.01,1.A.1.b.1,Fluency of Ideas,IM,3.38,8,0.183,3.0164,3.7336,N,,08/2022,Analyst
47-4011.01,1.A.1.b.1,Fluency of Ideas,LV,3.5,8,0.189,3.1296,3.8704,N,N,08/2022,Analyst
47-4011.01,1.A.1.b.2,Originality,IM,3.0,8,0.0,3.0,3.0,N,,08/2022,Analyst
47-4011.01,1.A.1.b.2,Originality,LV,3.0,8,0.0,3.0,3.0,N,N,08/2022,Analyst
47-4011.01,1.A.1.b.3,Problem Sensitivity,IM,3.62,8,0.183,3.2664,3.9836,N,,08/2022,Analyst
47-4011.01,1.A.1.b.3,Problem Sensitivity,LV,3.88,8,0.125,3.63,4.12,N,N,08/2022,Analyst
47-4011.01,1.A.1.b.4,Deductive Reasoning,IM,3.75,8,0.1637,3.4292,4.0708,N,,08/2022,Analyst
47-4011.01,1.A.1.b.4,Deductive Reasoning,LV,3.88,8,0.125,3.63,4.12,N,N,08/2022,Analyst
47-4011.01,1.A.1.b.5,Inductive Reasoning,IM,3.75,8,0.1637,3.4292,4.0708,N,,08/2022,Analyst
47-4011.01,1.A.1.b.5,Inductive Reasoning,LV,3.88,8,0.125,3.63,4.12,N,N,08/2022,Analyst
47-4011.01,1.A.1.b.6,Information Ordering,IM,3.38,8,0.183,3.0164,3.7336,N,,08/2022,Analyst
47-4011.01,1.A.1.b.6,Information Ordering,LV,3.62,8,0.183,3.2664,3.9836,N,N,08/2022,Analyst
47-4011.01,1.A.1.b.7,Category Flexibility,IM,3.25,8,0.1637,2.9292,3.5708,N,,08/2022,Analyst
47-4011.01,1.A.1.b.7,Category Flexibility,LV,3.25,8,0.1637,2.9292,3.5708,N,N,08/2022,Analyst
47-4011.01,1.A.1.c.1,Mathematical Reasoning,IM,3.62,8,0.183,3.2664,3.9836,N,,08/2022,Analyst
47-4011.01,1.A.1.c.1,Mathematical Reasoning,LV,3.62,8,0.183,3.2664,3.9836,N,N,08/2022,Analyst
47-4011.01,1.A.1.c.2,Number Facility,IM,3.5,8,0.189,3.1296,3.8704,N,,08/2022,Analyst
47-4011.01,1.A.1.c.2,Number Facility,LV,3.62,8,0.183,3.2664,3.9836,N,N,08/2022,Analyst
47-4011.01,1.A.1.d.1,Memorization,IM,2.75,8,0.1637,2.4292,3.0708,N,,08/2022,Analyst
47-4011.01,1.A.1.d.1,Memorization,LV,2.75,8,0.1637,2.4292,3.0708,N,N,08/2022,Analyst
47-4011.01,1.A.1.e.1,Speed of Closure,IM,3.0,8,0.0,3.0,3.0,N,,08/2022,Analyst
47-4011.01,1.A.1.e.1,Speed of Closure,LV,2.88,8,0.125,2.63,3.12,N,N,08/2022,Analyst
47-4011.01,1.A.1.e.2,Flexibility of Closure,IM,3.25,8,0.1637,2.9292,3.5708,N,,08/2022,Analyst
47-4011.01,1.A.1.e.2,Flexibility of Closure,LV,3.5,8,0.189,3.1296,3.8704,N,N,08/2022,Analyst
47-4011.01,1.A.1.e.3,Perceptual Speed,IM,3.0,8,0.0,3.0,3.0,N,,08/2022,Analyst
47-4011.01,1.A.1.e.3,Perceptual Speed,LV,3.0,8,0.0,3.0,3.0,N,N,08/2022,Analyst
47-4011.01,1.A.1.f.1,Spatial Orientation,IM,2.12,8,0.125,1.88,2.37,N,,08/2022,Analyst
47-4011.01,1.A.1.f.1,Spatial Orientation,LV,2.0,8,0.0,2.0,2.0,N,N,08/2022,Analyst
47-4011.01,1.A.1.f.2,Visualization,IM,3.0,8,0.0,3.0,3.0,N,,08/2022,Analyst
47-4011.01,1.A.1.f.2,Visualization,LV,3.0,8,0.0,3.0,3.0,N,N,08/2022,Analyst
47-4011.01,1.A.1.g.1,Selective Attention,IM,2.88,8,0.125,2.63,3.12,N,,08/2022,Analyst
47-4011.01,1.A.1.g.1,Selective Attention,LV,3.0,8,0.0,3.0,3.0,N,N,08/2022,Analyst
47-4011.01,1.A.1.g.2,Time Sharing,IM,2.88,8,0.125,2.63,3.12,N,,08/2022,Analyst
47-4011.01,1.A.1.g.2,Time Sharing,LV,2.88,8,0.125,2.63,3.12,N,N,08/2022,Analyst
47-4011.01,1.A.2.a.1,Arm-Hand Steadiness,IM,2.75,8,0.1637,2.4292,3.0708,N,,08/2022,Analyst
47-4011.01,1.A.2.a.1,Arm-Hand Steadiness,LV,2.88,8,0.125,2.63,3.12,N,N,08/2022,Analyst
47-4011.01,1.A.2.a.2,Manual Dexterity,IM,2.88,8,0.125,2.63,3.12,N,,08/2022,Analyst
47-4011.01,1.A.2.a.2,Manual Dexterity,LV,2.88,8,0.125,2.63,3.12,N,N,08/2022,Analyst
47-4011.01,1.A.2.a.3,Finger Dexterity,IM,2.88,8,0.125,2.63,3.12,N,,08/2022,Analyst
47-4011.01,1.A.2.a.3,Finger Dexterity,LV,2.88,8,0.125,2.63,3.12,N,N,08/2022,Analyst
47-4011.01,1.A.2.b.1,Control Precision,IM,3.0,8,0.0,3.0,3.0,N,,08/2022,Analyst
47-4011.01,1.A.2.b.1,Control Precision,LV,3.0,8,0.0,3.0,3.0,N,N,08/2022,Analyst
47-4011.01,1.A.2.b.2,Multilimb Coordination,IM,2.62,8,0.183,2.2664,2.9836,N,,08/2022,Analyst
47-4011.01,1.A.2.b.2,Multilimb Coordination,LV,2.75,8,0.1637,2.4292,3.0708,N,N,08/2022,Analyst
47-4011.01,1.A.2.b.3,Response Orientation,IM,1.88,8,0.125,1.63,2.12,N,,08/2022,Analyst
47-4011.01,1.A.2.b.3,Response Orientation,LV,1.62,8,0.2631,1.1094,2.1406,N,N,08/2022,Analyst
47-4011.01,1.A.2.b.4,Rate Control,IM,1.75,8,0.1637,1.4292,2.0708,N,,08/2022,Analyst
47-4011.01,1.A.2.b.4,Rate Control,LV,1.5,8,0.3273,0.8584,2.1416,N,N,08/2022,Analyst
47-4011.01,1.A.2.c.1,Reaction Time,IM,1.75,8,0.1637,1.4292,2.0708,N,,08/2022,Analyst
47-4011.01,1.A.2.c.1,Reaction Time,LV,1.5,8,0.3273,0.8584,2.1416,N,N,08/2022,Analyst
47-4011.01,1.A.2.c.2,Wrist-Finger Speed,IM,2.0,8,0.0,2.0,2.0,N,,08/2022,Analyst
47-4011.01,1.A.2.c.2,Wrist-Finger Speed,LV,1.88,8,0.125,1.63,2.12,N,N,08/2022,Analyst
47-4011.01,1.A.2.c.3,Speed of Limb Movement,IM,1.25,8,0.1637,1.0,1.5708,N,,08/2022,Analyst
47-4011.01,1.A.2.c.3,Speed of Limb Movement,LV,0.25,8,0.1637,0.0,0.5708,N,Y,08/2022,Analyst
47-4011.01,1.A.3.a.1,Static Strength,IM,2.12,8,0.125,1.88,2.37,N,,08/2022,Analyst
47-4011.01,1.A.3.a.1,Static Strength,LV,2.12,8,0.125,1.88,2.37,N,N,08/2022,Analyst
47-4011.01,1.A.3.a.2,Explosive Strength,IM,1.5,8,0.189,1.1296,1.8704,N,,08/2022,Analyst
47-4011.01,1.A.3.a.2,Explosive Strength,LV,0.5,8,0.189,0.1296,0.8704,N,N,08/2022,Analyst
47-4011.01,1.A.3.a.3,Dynamic Strength,IM,1.88,8,0.125,1.63,2.12,N,,08/2022,Analyst
47-4011.01,1.A.3.a.3,Dynamic Strength,LV,1.5,8,0.2673,0.9762,2.0238,N,N,08/2022,Analyst
47-4011.01,1.A.3.a.4,Trunk Strength,IM,2.38,8,0.183,2.0164,2.7336,N,,08/2022,Analyst
47-4011.01,1.A.3.a.4,Trunk Strength,LV,2.25,8,0.1637,1.9292,2.5708,N,N,08/2022,Analyst
47-4011.01,1.A.3.b.1,Stamina,IM,1.88,8,0.125,1.63,2.12,N,,08/2022,Analyst
47-4011.01,1.A.3.b.1,Stamina,LV,1.38,8,0.2631,0.8594,1.8906,N,N,08/2022,Analyst
47-4011.01,1.A.3.c.1,Extent Flexibility,IM,2.5,8,0.189,2.1296,2.8704,N,,08/2022,Analyst
47-4011.01,1.A.3.c.1,Extent Flexibility,LV,2.75,8,0.1637,2.4292,3.0708,N,N,08/2022,Analyst
47-4011.01,1.A.3.c.2,Dynamic Flexibility,IM,1.0,8,0.0,1.0,1.0,N,,08/2022,Analyst
47-4011.01,1.A.3.c.2,Dynamic Flexibility,LV,0.0,8,0.0,0.0,0.0,N,Y,08/2022,Analyst
47-4011.01,1.A.3.c.3,Gross Body Coordination,IM,2.0,8,0.0,2.0,2.0,N,,08/2022,Analyst
47-4011.01,1.A.3.c.3,Gross Body Coordination,LV,1.62,8,0.183,1.2664,1.9836,N,N,08/2022,Analyst
47-4011.01,1.A.3.c.4,Gross Body Equilibrium,IM,2.0,8,0.0,2.0,2.0,N,,08/2022,Analyst
47-4011.01,1.A.3.c.4,Gross Body Equilibrium,LV,1.88,8,0.125,1.63,2.12,N,N,08/2022,Analyst
47-4011.01,1.A.4.a.1,Near Vision,IM,3.62,8,0.183,3.2664,3.9836,N,,08/2022,Analyst
47-4011.01,1.A.4.a.1,Near Vision,LV,3.75,8,0.1637,3.4292,4.0708,N,N,08/2022,Analyst
47-4011.01,1.A.4.a.2,Far Vision,IM,3.0,8,0.0,3.0,3.0,N,,08/2022,Analyst
47-4011.01,1.A.4.a.2,Far Vision,LV,3.0,8,0.0,3.0,3.0,N,N,08/2022,Analyst
47-4011.01,1.A.4.a.3,Visual Color Discrimination,IM,2.62,8,0.183,2.2664,2.9836,N,,08/2022,Analyst
47-4011.01,1.A.4.a.3,Visual Color Discrimination,LV,2.88,8,0.125,2.63,3.12,N,N,08/2022,Analyst
47-4011.01,1.A.4.a.4,Night Vision,IM,1.75,8,0.1637,1.4292,2.0708,N,,08/2022,Analyst
47-4011.01,1.A.4.a.4,Night Vision,LV,1.38,8,0.3239,0.7402,2.0098,N,N,08/2022,Analyst
47-4011.01,1.A.4.a.5,Peripheral Vision,IM,1.88,8,0.125,1.63,2.12,N,,08/2022,Analyst
47-4011.01,1.A.4.a.5,Peripheral Vision,LV,1.62,8,0.2631,1.1094,2.1406,N,N,08/2022,Analyst
47-4011.01,1.A.4.a.6,Depth Perception,IM,2.0,8,0.0,2.0,2.0,N,,08/2022,Analyst
47-4011.01,1.A.4.a.6,Depth Perception,LV,2.12,8,0.125,1.88,2.37,N,N,08/2022,Analyst
47-4011.01,1.A.4.a.7,Glare Sensitivity,IM,1.88,8,0.125,1.63,2.12,N,,08/2022,Analyst
47-4011.01,1.A.4.a.7,Glare Sensitivity,LV,1.75,8,0.25,1.26,2.24,N,N,08/2022,Analyst
47-4011.01,1.A.4.b.1,Hearing Sensitivity,IM,2.25,8,0.1637,1.9292,2.5708,N,,08/2022,Analyst
47-4011.01,1.A.4.b.1,Hearing Sensitivity,LV,2.12,8,0.125,1.88,2.37,N,N,08/2022,Analyst
47-4011.01,1.A.4.b.2,Auditory Attention,IM,2.25,8,0.1637,1.9292,2.5708,N,,08/2022,Analyst
47-4011.01,1.A.4.b.2,Auditory Attention,LV,2.12,8,0.125,1.88,2.37,N,N,08/2022,Analyst
47-4011.01,1.A.4.b.3,Sound Localization,IM,2.0,8,0.0,2.0,2.0,N,,08/2022,Analyst
47-4011.01,1.A.4.b.3,Sound Localization,LV,1.5,8,0.189,1.1296,1.8704,N,N,08/2022,Analyst
47-4011.01,1.A.4.b.4,Speech Recognition,IM,3.25,8,0.1637,2.9292,3.5708,N,,08/2022,Analyst
47-4011.01,1.A.4.b.4,Speech Recognition,LV,3.12,8,0.125,2.88,3.37,N,N,08/2022,Analyst
47-4011.01,1.A.4.b.5,Speech Clarity,IM,3.25,8,0.1637,2.9292,3.5708,N,,08/2022,Analyst
47-4011.01,1.A.4.b.5,Speech Clarity,LV,3.12,8,0.125,2.88,3.37,N,N,08/2022,Analyst
47-4021.00,1.A.1.a.1,Oral Comprehension,IM,3.62,8,0.183,3.2664,3.9836,N,,08/2023,Analyst
47-4021.00,1.A.1.a.1,Oral Comprehension,LV,3.75,8,0.1637,3.4292,4.0708,N,N,08/2023,Analyst
47-4021.00,1.A.1.a.2,Written Comprehension,IM,3.12,8,0.125,2.88,3.37,N,,08/2023,Analyst
47-4021.00,1.A.1.a.2,Written Comprehension,LV,3.12,8,0.2266,2.6809,3.5691,N,N,08/2023,Analyst
47-4021.00,1.A.1.a.3,Oral Expression,IM,3.25,8,0.1637,2.9292,3.5708,N,,08/2023,Analyst
47-4021.00,1.A.1.a.3,Oral Expression,LV,3.25,8,0.1637,2.9292,3.5708,N,N,08/2023,Analyst
47-4021.00,1.A.1.a.4,Written Expression,IM,3.12,8,0.125,2.88,3.37,N,,08/2023,Analyst
47-4021.00,1.A.1.a.4,Written Expression,LV,2.75,8,0.1637,2.4292,3.0708,N,N,08/2023,Analyst
47-4021.00,1.A.1.b.1,Fluency of Ideas,IM,2.88,8,0.125,2.63,3.12,N,,08/2023,Analyst
47-4021.00,1.A.1.b.1,Fluency of Ideas,LV,2.88,8,0.125,2.63,3.12,N,N,08/2023,Analyst
47-4021.00,1.A.1.b.2,Originality,IM,2.75,8,0.1637,2.4292,3.0708,N,,08/2023,Analyst
47-4021.00,1.A.1.b.2,Originality,LV,2.75,8,0.1637,2.4292,3.0708,N,N,08/2023,Analyst
47-4021.00,1.A.1.b.3,Problem Sensitivity,IM,3.75,8,0.1637,3.4292,4.0708,N,,08/2023,Analyst
47-4021.00,1.A.1.b.3,Problem Sensitivity,LV,3.5,8,0.2673,2.9762,4.0238,N,N,08/2023,Analyst
47-4021.00,1.A.1.b.4,Deductive Reasoning,IM,3.75,8,0.1637,3.4292,4.0708,N,,08/2023,Analyst
47-4021.00,1.A.1.b.4,Deductive Reasoning,LV,3.12,8,0.125,2.88,3.37,N,N,08/2023,Analyst
47-4021.00,1.A.1.b.5,Inductive Reasoning,IM,3.5,8,0.189,3.1296,3.8704,N,,08/2023,Analyst
47-4021.00,1.A.1.b.5,Inductive Reasoning,LV,3.0,8,0.0,3.0,3.0,N,N,08/2023,Analyst
47-4021.00,1.A.1.b.6,Information Ordering,IM,3.38,8,0.183,3.0164,3.7336,N,,08/2023,Analyst
47-4021.00,1.A.1.b.6,Information Ordering,LV,3.0,8,0.0,3.0,3.0,N,N,08/2023,Analyst
47-4021.00,1.A.1.b.7,Category Flexibility,IM,3.12,8,0.125,2.88,3.37,N,,08/2023,Analyst
47-4021.00,1.A.1.b.7,Category Flexibility,LV,3.12,8,0.125,2.88,3.37,N,N,08/2023,Analyst
47-4021.00,1.A.1.c.1,Mathematical Reasoning,IM,2.38,8,0.183,2.0164,2.7336,N,,08/2023,Analyst
47-4021.00,1.A.1.c.1,Mathematical Reasoning,LV,2.38,8,0.183,2.0164,2.7336,N,N,08/2023,Analyst
47-4021.00,1.A.1.c.2,Number Facility,IM,2.12,8,0.125,1.88,2.37,N,,08/2023,Analyst
47-4021.00,1.A.1.c.2,Number Facility,LV,2.12,8,0.125,1.88,2.37,N,N,08/2023,Analyst
47-4021.00,1.A.1.d.1,Memorization,IM,2.38,8,0.183,2.0164,2.7336,N,,08/2023,Analyst
47-4021.00,1.A.1.d.1,Memorization,LV,2.25,8,0.1637,1.9292,2.5708,N,N,08/2023,Analyst
47-4021.00,1.A.1.e.1,Speed of Closure,IM,2.25,8,0.1637,1.9292,2.5708,N,,08/2023,Analyst
47-4021.00,1.A.1.e.1,Speed of Closure,LV,2.25,8,0.1637,1.9292,2.5708,N,N,08/2023,Analyst
47-4021.00,1.A.1.e.2,Flexibility of Closure,IM,3.12,8,0.125,2.88,3.37,N,,08/2023,Analyst
47-4021.00,1.A.1.e.2,Flexibility of Closure,LV,3.0,8,0.189,2.6296,3.3704,N,N,08/2023,Analyst
47-4021.00,1.A.1.e.3,Perceptual Speed,IM,2.88,8,0.125,2.63,3.12,N,,08/2023,Analyst
47-4021.00,1.A.1.e.3,Perceptual Speed,LV,3.12,8,0.125,2.88,3.37,N,N,08/2023,Analyst
47-4021.00,1.A.1.f.1,Spatial Orientation,IM,2.12,8,0.125,1.88,2.37,N,,08/2023,Analyst
47-4021.00,1.A.1.f.1,Spatial Orientation,LV,2.0,8,0.0,2.0,2.0,N,N,08/2023,Analyst
47-4021.00,1.A.1.f.2,Visualization,IM,3.25,8,0.1637,2.9292,3.5708,N,,08/2023,Analyst
47-4021.00,1.A.1.f.2,Visualization,LV,3.5,8,0.2673,2.9762,4.0238,N,N,08/2023,Analyst
47-4021.00,1.A.1.g.1,Selective Attention,IM,3.0,8,0.0,3.0,3.0,N,,08/2023,Analyst
47-4021.00,1.A.1.g.1,Selective Attention,LV,3.0,8,0.0,3.0,3.0,N,N,08/2023,Analyst
47-4021.00,1.A.1.g.2,Time Sharing,IM,2.62,8,0.183,2.2664,2.9836,N,,08/2023,Analyst
47-4021.00,1.A.1.g.2,Time Sharing,LV,2.38,8,0.183,2.0164,2.7336,N,N,08/2023,Analyst
47-4021.00,1.A.2.a.1,Arm-Hand Steadiness,IM,3.5,8,0.189,3.1296,3.8704,N,,08/2023,Analyst
47-4021.00,1.A.2.a.1,Arm-Hand Steadiness,LV,3.25,8,0.1637,2.9292,3.5708,N,N,08/2023,Analyst
47-4021.00,1.A.2.a.2,Manual Dexterity,IM,3.62,8,0.183,3.2664,3.9836,N,,08/2023,Analyst
47-4021.00,1.A.2.a.2,Manual Dexterity,LV,3.0,8,0.0,3.0,3.0,N,N,08/2023,Analyst
47-4021.00,1.A.2.a.3,Finger Dexterity,IM,3.5,8,0.189,3.1296,3.8704,N,,08/2023,Analyst
47-4021.00,1.A.2.a.3,Finger Dexterity,LV,3.25,8,0.1637,2.9292,3.5708,N,N,08/2023,Analyst
47-4021.00,1.A.2.b.1,Control Precision,IM,3.25,8,0.1637,2.9292,3.5708,N,,08/2023,Analyst
47-4021.00,1.A.2.b.1,Control Precision,LV,3.12,8,0.125,2.88,3.37,N,N,08/2023,Analyst
47-4021.00,1.A.2.b.2,Multilimb Coordination,IM,3.12,8,0.125,2.88,3.37,N,,08/2023,Analyst
47-4021.00,1.A.2.b.2,Multilimb Coordination,LV,3.0,8,0.0,3.0,3.0,N,N,08/2023,Analyst
47-4021.00,1.A.2.b.3,Response Orientation,IM,2.75,8,0.1637,2.4292,3.0708,N,,08/2023,Analyst
47-4021.00,1.A.2.b.3,Response Orientation,LV,2.75,8,0.1637,2.4292,3.0708,N,N,08/2023,Analyst
47-4021.00,1.A.2.b.4,Rate Control,IM,2.62,8,0.183,2.2664,2.9836,N,,08/2023,Analyst
47-4021.00,1.A.2.b.4,Rate Control,LV,2.12,8,0.125,1.88,2.37,N,N,08/2023,Analyst
47-4021.00,1.A.2.c.1,Reaction Time,IM,3.12,8,0.125,2.88,3.37,N,,08/2023,Analyst
47-4021.00,1.A.2.c.1,Reaction Time,LV,3.0,8,0.0,3.0,3.0,N,N,08/2023,Analyst
47-4021.00,1.A.2.c.2,Wrist-Finger Speed,IM,2.25,8,0.1637,1.9292,2.5708,N,,08/2023,Analyst
47-4021.00,1.A.2.c.2,Wrist-Finger Speed,LV,2.0,8,0.0,2.0,2.0,N,N,08/2023,Analyst
47-4021.00,1.A.2.c.3,Speed of Limb Movement,IM,2.0,8,0.0,2.0,2.0,N,,08/2023,Analyst
47-4021.00,1.A.2.c.3,Speed of Limb Movement,LV,1.12,8,0.125,0.88,1.37,N,N,08/2023,Analyst
47-4021.00,1.A.3.a.1,Static Strength,IM,2.62,8,0.183,2.2664,2.9836,N,,08/2023,Analyst
47-4021.00,1.A.3.a.1,Static Strength,LV,2.5,8,0.189,2.1296,2.8704,N,N,08/2023,Analyst
47-4021.00,1.A.3.a.2,Explosive Strength,IM,1.62,8,0.183,1.2664,1.9836,N,,08/2023,Analyst
47-4021.00,1.A.3.a.2,Explosive Strength,LV,1.0,8,0.3273,0.3584,1.6416,N,N,08/2023,Analyst
47-4021.00,1.A.3.a.3,Dynamic Strength,IM,2.25,8,0.1637,1.9292,2.5708,N,,08/2023,Analyst
47-4021.00,1.A.3.a.3,Dynamic Strength,LV,1.88,8,0.2266,1.4309,2.3191,N,N,08/2023,Analyst
47-4021.00,1.A.3.a.4,Trunk Strength,IM,3.12,8,0.125,2.88,3.37,N,,08/2023,Analyst
47-4021.00,1.A.3.a.4,Trunk Strength,LV,3.12,8,0.125,2.88,3.37,N,N,08/2023,Analyst
47-4021.00,1.A.3.b.1,Stamina,IM,2.38,8,0.183,2.0164,2.7336,N,,08/2023,Analyst
47-4021.00,1.A.3.b.1,Stamina,LV,2.0,8,0.0,2.0,2.0,N,N,08/2023,Analyst
47-4021.00,1.A.3.c.1,Extent Flexibility,IM,3.38,8,0.183,3.0164,3.7336,N,,08/2023,Analyst
47-4021.00,1.A.3.c.1,Extent Flexibility,LV,3.75,8,0.25,3.26,4.24,N,N,08/2023,Analyst
47-4021.00,1.A.3.c.2,Dynamic Flexibility,IM,1.25,8,0.1637,1.0,1.5708,N,,08/2023,Analyst
47-4021.00,1.A.3.c.2,Dynamic Flexibility,LV,0.25,8,0.1637,0.0,0.5708,N,Y,08/2023,Analyst
47-4021.00,1.A.3.c.3,Gross Body Coordination,IM,2.5,8,0.189,2.1296,2.8704,N,,08/2023,Analyst
47-4021.00,1.A.3.c.3,Gross Body Coordination,LV,2.5,8,0.189,2.1296,2.8704,N,N,08/2023,Analyst
47-4021.00,1.A.3.c.4,Gross Body Equilibrium,IM,3.12,8,0.125,2.88,3.37,N,,08/2023,Analyst
47-4021.00,1.A.3.c.4,Gross Body Equilibrium,LV,3.0,8,0.0,3.0,3.0,N,N,08/2023,Analyst
47-4021.00,1.A.4.a.1,Near Vision,IM,3.5,8,0.189,3.1296,3.8704,N,,08/2023,Analyst
47-4021.00,1.A.4.a.1,Near Vision,LV,3.62,8,0.183,3.2664,3.9836,N,N,08/2023,Analyst
47-4021.00,1.A.4.a.2,Far Vision,IM,2.88,8,0.125,2.63,3.12,N,,08/2023,Analyst
47-4021.00,1.A.4.a.2,Far Vision,LV,2.88,8,0.125,2.63,3.12,N,N,08/2023,Analyst
47-4021.00,1.A.4.a.3,Visual Color Discrimination,IM,2.88,8,0.125,2.63,3.12,N,,08/2023,Analyst
47-4021.00,1.A.4.a.3,Visual Color Discrimination,LV,3.25,8,0.1637,2.9292,3.5708,N,N,08/2023,Analyst
47-4021.00,1.A.4.a.4,Night Vision,IM,1.62,8,0.183,1.2664,1.9836,N,,08/2023,Analyst
47-4021.00,1.A.4.a.4,Night Vision,LV,0.88,8,0.295,0.2967,1.4533,N,N,08/2023,Analyst
47-4021.00,1.A.4.a.5,Peripheral Vision,IM,1.75,8,0.1637,1.4292,2.0708,N,,08/2023,Analyst
47-4021.00,1.A.4.a.5,Peripheral Vision,LV,0.88,8,0.2266,0.4309,1.3191,N,N,08/2023,Analyst
47-4021.00,1.A.4.a.6,Depth Perception,IM,2.75,8,0.1637,2.4292,3.0708,N,,08/2023,Analyst
47-4021.00,1.A.4.a.6,Depth Perception,LV,2.75,8,0.1637,2.4292,3.0708,N,N,08/2023,Analyst
47-4021.00,1.A.4.a.7,Glare Sensitivity,IM,1.88,8,0.125,1.63,2.12,N,,08/2023,Analyst
47-4021.00,1.A.4.a.7,Glare Sensitivity,LV,1.75,8,0.25,1.26,2.24,N,N,08/2023,Analyst
47-4021.00,1.A.4.b.1,Hearing Sensitivity,IM,2.62,8,0.183,2.2664,2.9836,N,,08/2023,Analyst
47-4021.00,1.A.4.b.1,Hearing Sensitivity,LV,2.38,8,0.183,2.0164,2.7336,N,N,08/2023,Analyst
47-4021.00,1.A.4.b.2,Auditory Attention,IM,2.38,8,0.183,2.0164,2.7336,N,,08/2023,Analyst
47-4021.00,1.A.4.b.2,Auditory Attention,LV,2.12,8,0.125,1.88,2.37,N,N,08/2023,Analyst
47-4021.00,1.A.4.b.3,Sound Localization,IM,2.0,8,0.0,2.0,2.0,N,,08/2023,Analyst
47-4021.00,1.A.4.b.3,Sound Localization,LV,1.38,8,0.183,1.0164,1.7336,N,N,08/2023,Analyst
47-4021.00,1.A.4.b.4,Speech Recognition,IM,3.0,8,0.0,3.0,3.0,N,,08/2023,Analyst
47-4021.00,1.A.4.b.4,Speech Recognition,LV,2.75,8,0.1637,2.4292,3.0708,N,N,08/2023,Analyst
47-4021.00,1.A.4.b.5,Speech Clarity,IM,2.75,8,0.1637,2.4292,3.0708,N,,08/2023,Analyst
47-4021.00,1.A.4.b.5,Speech Clarity,LV,2.25,8,0.1637,1.9292,2.5708,N,N,08/2023,Analyst
47-4031.00,1.A.1.a.1,Oral Comprehension,IM,3.0,8,0.0,3.0,3.0,N,,08/2019,Analyst
47-4031.00,1.A.1.a.1,Oral Comprehension,LV,3.0,8,0.0,3.0,3.0,N,N,08/2019,Analyst
47-4031.00,1.A.1.a.2,Written Comprehension,IM,2.25,8,0.1637,1.9292,2.5708,N,,08/2019,Analyst
47-4031.00,1.A.1.a.2,Written Comprehension,LV,2.38,8,0.183,2.0164,2.7336,N,N,08/2019,Analyst
47-4031.00,1.A.1.a.3,Oral Expression,IM,3.0,8,0.0,3.0,3.0,N,,08/2019,Analyst
47-4031.00,1.A.1.a.3,Oral Expression,LV,3.0,8,0.0,3.0,3.0,N,N,08/2019,Analyst
47-4031.00,1.A.1.a.4,Written Expression,IM,2.12,8,0.125,1.88,2.37,N,,08/2019,Analyst
47-4031.00,1.A.1.a.4,Written Expression,LV,2.0,8,0.0,2.0,2.0,N,N,08/2019,Analyst
47-4031.00,1.A.1.b.1,Fluency of Ideas,IM,2.0,8,0.0,2.0,2.0,N,,08/2019,Analyst
47-4031.00,1.A.1.b.1,Fluency of Ideas,LV,2.0,8,0.0,2.0,2.0,N,N,08/2019,Analyst
47-4031.00,1.A.1.b.2,Originality,IM,1.88,8,0.125,1.63,2.12,N,,08/2019,Analyst
47-4031.00,1.A.1.b.2,Originality,LV,1.75,8,0.25,1.26,2.24,N,N,08/2019,Analyst
47-4031.00,1.A.1.b.3,Problem Sensitivity,IM,3.0,8,0.0,3.0,3.0,N,,08/2019,Analyst
47-4031.00,1.A.1.b.3,Problem Sensitivity,LV,2.88,8,0.125,2.63,3.12,N,N,08/2019,Analyst
47-4031.00,1.A.1.b.4,Deductive Reasoning,IM,3.0,8,0.0,3.0,3.0,N,,08/2019,Analyst
47-4031.00,1.A.1.b.4,Deductive Reasoning,LV,2.62,8,0.183,2.2664,2.9836,N,N,08/2019,Analyst
47-4031.00,1.A.1.b.5,Inductive Reasoning,IM,2.75,8,0.1637,2.4292,3.0708,N,,08/2019,Analyst
47-4031.00,1.A.1.b.5,Inductive Reasoning,LV,2.75,8,0.1637,2.4292,3.0708,N,N,08/2019,Analyst
47-4031.00,1.A.1.b.6,Information Ordering,IM,3.12,8,0.125,2.88,3.37,N,,08/2019,Analyst
47-4031.00,1.A.1.b.6,Information Ordering,LV,2.88,8,0.125,2.63,3.12,N,N,08/2019,Analyst
47-4031.00,1.A.1.b.7,Category Flexibility,IM,2.62,8,0.183,2.2664,2.9836,N,,08/2019,Analyst
47-4031.00,1.A.1.b.7,Category Flexibility,LV,2.12,8,0.125,1.88,2.37,N,N,08/2019,Analyst
47-4031.00,1.A.1.c.1,Mathematical Reasoning,IM,2.0,8,0.0,2.0,2.0,N,,08/2019,Analyst
47-4031.00,1.A.1.c.1,Mathematical Reasoning,LV,2.0,8,0.0,2.0,2.0,N,N,08/2019,Analyst
47-4031.00,1.A.1.c.2,Number Facility,IM,2.12,8,0.125,1.88,2.37,N,,08/2019,Analyst
47-4031.00,1.A.1.c.2,Number Facility,LV,2.0,8,0.0,2.0,2.0,N,N,08/2019,Analyst
47-4031.00,1.A.1.d.1,Memorization,IM,2.0,8,0.189,1.6296,2.3704,N,,08/2019,Analyst
47-4031.00,1.A.1.d.1,Memorization,LV,1.75,8,0.25,1.26,2.24,N,N,08/2019,Analyst
47-4031.00,1.A.1.e.1,Speed of Closure,IM,2.0,8,0.0,2.0,2.0,N,,08/2019,Analyst
47-4031.00,1.A.1.e.1,Speed of Closure,LV,1.75,8,0.1637,1.4292,2.0708,N,N,08/2019,Analyst
47-4031.00,1.A.1.e.2,Flexibility of Closure,IM,2.38,8,0.183,2.0164,2.7336,N,,08/2019,Analyst
47-4031.00,1.A.1.e.2,Flexibility of Closure,LV,2.12,8,0.2266,1.6809,2.5691,N,N,08/2019,Analyst
47-4031.00,1.A.1.e.3,Perceptual Speed,IM,2.5,8,0.189,2.1296,2.8704,N,,08/2019,Analyst
47-4031.00,1.A.1.e.3,Perceptual Speed,LV,2.12,8,0.125,1.88,2.37,N,N,08/2019,Analyst
47-4031.00,1.A.1.f.1,Spatial Orientation,IM,2.25,8,0.1637,1.9292,2.5708,N,,08/2019,Analyst
47-4031.00,1.A.1.f.1,Spatial Orientation,LV,2.0,8,0.0,2.0,2.0,N,N,08/2019,Analyst
47-4031.00,1.A.1.f.2,Visualization,IM,2.88,8,0.125,2.63,3.12,N,,08/2019,Analyst
47-4031.00,1.A.1.f.2,Visualization,LV,3.12,8,0.125,2.88,3.37,N,N,08/2019,Analyst
47-4031.00,1.A.1.g.1,Selective Attention,IM,2.75,8,0.1637,2.4292,3.0708,N,,08/2019,Analyst
47-4031.00,1.A.1.g.1,Selective Attention,LV,2.38,8,0.183,2.0164,2.7336,N,N,08/2019,Analyst
47-4031.00,1.A.1.g.2,Time Sharing,IM,2.12,8,0.2266,1.6809,2.5691,N,,08/2019,Analyst
47-4031.00,1.A.1.g.2,Time Sharing,LV,1.88,8,0.295,1.2967,2.4533,N,N,08/2019,Analyst
47-4031.00,1.A.2.a.1,Arm-Hand Steadiness,IM,3.25,8,0.1637,2.9292,3.5708,N,,08/2019,Analyst
47-4031.00,1.A.2.a.1,Arm-Hand Steadiness,LV,2.88,8,0.125,2.63,3.12,N,N,08/2019,Analyst
47-4031.00,1.A.2.a.2,Manual Dexterity,IM,3.75,8,0.1637,3.4292,4.0708,N,,08/2019,Analyst
47-4031.00,1.A.2.a.2,Manual Dexterity,LV,3.25,8,0.1637,2.9292,3.5708,N,N,08/2019,Analyst
47-4031.00,1.A.2.a.3,Finger Dexterity,IM,3.25,8,0.1637,2.9292,3.5708,N,,08/2019,Analyst
47-4031.00,1.A.2.a.3,Finger Dexterity,LV,3.0,8,0.0,3.0,3.0,N,N,08/2019,Analyst
47-4031.00,1.A.2.b.1,Control Precision,IM,3.12,8,0.125,2.88,3.37,N,,08/2019,Analyst
47-4031.00,1.A.2.b.1,Control Precision,LV,3.0,8,0.0,3.0,3.0,N,N,08/2019,Analyst
47-4031.00,1.A.2.b.2,Multilimb Coordination,IM,3.62,8,0.183,3.2664,3.9836,N,,08/2019,Analyst
47-4031.00,1.A.2.b.2,Multilimb Coordination,LV,3.25,8,0.1637,2.9292,3.5708,N,N,08/2019,Analyst
47-4031.00,1.A.2.b.3,Response Orientation,IM,2.75,8,0.1637,2.4292,3.0708,N,,08/2019,Analyst
47-4031.00,1.A.2.b.3,Response Orientation,LV,2.88,8,0.125,2.63,3.12,N,N,08/2019,Analyst
47-4031.00,1.A.2.b.4,Rate Control,IM,2.62,8,0.183,2.2664,2.9836,N,,08/2019,Analyst
47-4031.00,1.A.2.b.4,Rate Control,LV,2.25,8,0.1637,1.9292,2.5708,N,N,08/2019,Analyst
47-4031.00,1.A.2.c.1,Reaction Time,IM,3.0,8,0.0,3.0,3.0,N,,08/2019,Analyst
47-4031.00,1.A.2.c.1,Reaction Time,LV,2.88,8,0.125,2.63,3.12,N,N,08/2019,Analyst
47-4031.00,1.A.2.c.2,Wrist-Finger Speed,IM,2.38,8,0.183,2.0164,2.7336,N,,08/2019,Analyst
47-4031.00,1.A.2.c.2,Wrist-Finger Speed,LV,2.12,8,0.2266,1.6809,2.5691,N,N,08/2019,Analyst
47-4031.00,1.A.2.c.3,Speed of Limb Movement,IM,2.75,8,0.1637,2.4292,3.0708,N,,08/2019,Analyst
47-4031.00,1.A.2.c.3,Speed of Limb Movement,LV,2.62,8,0.183,2.2664,2.9836,N,N,08/2019,Analyst
47-4031.00,1.A.3.a.1,Static Strength,IM,3.38,8,0.183,3.0164,3.7336,N,,08/2019,Analyst
47-4031.00,1.A.3.a.1,Static Strength,LV,4.0,8,0.0,4.0,4.0,N,N,08/2019,Analyst
47-4031.00,1.A.3.a.2,Explosive Strength,IM,2.25,8,0.1637,1.9292,2.5708,N,,08/2019,Analyst
47-4031.00,1.A.3.a.2,Explosive Strength,LV,1.75,8,0.25,1.26,2.24,N,N,08/2019,Analyst
47-4031.00,1.A.3.a.3,Dynamic Strength,IM,3.12,8,0.125,2.88,3.37,N,,08/2019,Analyst
47-4031.00,1.A.3.a.3,Dynamic Strength,LV,3.12,8,0.125,2.88,3.37,N,N,08/2019,Analyst
47-4031.00,1.A.3.a.4,Trunk Strength,IM,3.75,8,0.1637,3.4292,4.0708,N,,08/2019,Analyst
47-4031.00,1.A.3.a.4,Trunk Strength,LV,3.88,8,0.125,3.63,4.12,N,N,08/2019,Analyst
47-4031.00,1.A.3.b.1,Stamina,IM,3.12,8,0.125,2.88,3.37,N,,08/2019,Analyst
47-4031.00,1.A.3.b.1,Stamina,LV,3.12,8,0.125,2.88,3.37,N,N,08/2019,Analyst
47-4031.00,1.A.3.c.1,Extent Flexibility,IM,3.0,8,0.0,3.0,3.0,N,,08/2019,Analyst
47-4031.00,1.A.3.c.1,Extent Flexibility,LV,3.38,8,0.183,3.0164,3.7336,N,N,08/2019,Analyst
47-4031.00,1.A.3.c.2,Dynamic Flexibility,IM,1.5,8,0.189,1.1296,1.8704,N,,08/2019,Analyst
47-4031.00,1.A.3.c.2,Dynamic Flexibility,LV,0.62,8,0.2631,0.1094,1.1406,N,N,08/2019,Analyst
47-4031.00,1.A.3.c.3,Gross Body Coordination,IM,2.88,8,0.125,2.63,3.12,N,,08/2019,Analyst
47-4031.00,1.A.3.c.3,Gross Body Coordination,LV,2.88,8,0.125,2.63,3.12,N,N,08/2019,Analyst
47-4031.00,1.A.3.c.4,Gross Body Equilibrium,IM,2.38,8,0.183,2.0164,2.7336,N,,08/2019,Analyst
47-4031.00,1.A.3.c.4,Gross Body Equilibrium,LV,2.0,8,0.189,1.6296,2.3704,N,N,08/2019,Analyst
47-4031.00,1.A.4.a.1,Near Vision,IM,3.12,8,0.125,2.88,3.37,N,,08/2019,Analyst
47-4031.00,1.A.4.a.1,Near Vision,LV,3.0,8,0.0,3.0,3.0,N,N,08/2019,Analyst
47-4031.00,1.A.4.a.2,Far Vision,IM,2.75,8,0.1637,2.4292,3.0708,N,,08/2019,Analyst
47-4031.00,1.A.4.a.2,Far Vision,LV,2.75,8,0.1637,2.4292,3.0708,N,N,08/2019,Analyst
47-4031.00,1.A.4.a.3,Visual Color Discrimination,IM,2.0,8,0.189,1.6296,2.3704,N,,08/2019,Analyst
47-4031.00,1.A.4.a.3,Visual Color Discrimination,LV,1.88,8,0.295,1.2967,2.4533,N,N,08/2019,Analyst
47-4031.00,1.A.4.a.4,Night Vision,IM,1.75,8,0.1637,1.4292,2.0708,N,,08/2019,Analyst
47-4031.00,1.A.4.a.4,Night Vision,LV,1.12,8,0.295,0.5467,1.7033,N,N,08/2019,Analyst
47-4031.00,1.A.4.a.5,Peripheral Vision,IM,2.0,8,0.189,1.6296,2.3704,N,,08/2019,Analyst
47-4031.00,1.A.4.a.5,Peripheral Vision,LV,1.75,8,0.25,1.26,2.24,N,N,08/2019,Analyst
47-4031.00,1.A.4.a.6,Depth Perception,IM,3.0,8,0.0,3.0,3.0,N,,08/2019,Analyst
47-4031.00,1.A.4.a.6,Depth Perception,LV,2.88,8,0.125,2.63,3.12,N,N,08/2019,Analyst
47-4031.00,1.A.4.a.7,Glare Sensitivity,IM,2.12,8,0.125,1.88,2.37,N,,08/2019,Analyst
47-4031.00,1.A.4.a.7,Glare Sensitivity,LV,2.12,8,0.125,1.88,2.37,N,N,08/2019,Analyst
47-4031.00,1.A.4.b.1,Hearing Sensitivity,IM,2.12,8,0.125,1.88,2.37,N,,08/2019,Analyst
47-4031.00,1.A.4.b.1,Hearing Sensitivity,LV,2.0,8,0.0,2.0,2.0,N,N,08/2019,Analyst
47-4031.00,1.A.4.b.2,Auditory Attention,IM,2.25,8,0.1637,1.9292,2.5708,N,,08/2019,Analyst
47-4031.00,1.A.4.b.2,Auditory Attention,LV,2.75,8,0.1637,2.4292,3.0708,N,N,08/2019,Analyst
47-4031.00,1.A.4.b.3,Sound Localization,IM,1.88,8,0.125,1.63,2.12,N,,08/2019,Analyst
47-4031.00,1.A.4.b.3,Sound Localization,LV,1.5,8,0.2673,0.9762,2.0238,N,N,08/2019,Analyst
47-4031.00,1.A.4.b.4,Speech Recognition,IM,3.0,8,0.0,3.0,3.0,N,,08/2019,Analyst
47-4031.00,1.A.4.b.4,Speech Recognition,LV,2.5,8,0.189,2.1296,2.8704,N,N,08/2019,Analyst
47-4031.00,1.A.4.b.5,Speech Clarity,IM,2.62,8,0.183,2.2664,2.9836,N,,08/2019,Analyst
47-4031.00,1.A.4.b.5,Speech Clarity,LV,2.25,8,0.1637,1.9292,2.5708,N,N,08/2019,Analyst
47-4041.00,1.A.1.a.1,Oral Comprehension,IM,3.88,8,0.125,3.63,4.12,N,,07/2015,Analyst
47-4041.00,1.A.1.a.1,Oral Comprehension,LV,3.88,8,0.125,3.63,4.12,N,N,07/2015,Analyst
47-4041.00,1.A.1.a.2,Written Comprehension,IM,3.25,8,0.1637,2.9292,3.5708,N,,07/2015,Analyst
47-4041.00,1.A.1.a.2,Written Comprehension,LV,3.5,8,0.189,3.1296,3.8704,N,N,07/2015,Analyst
47-4041.00,1.A.1.a.3,Oral Expression,IM,3.62,8,0.183,3.2664,3.9836,N,,07/2015,Analyst
47-4041.00,1.A.1.a.3,Oral Expression,LV,3.5,8,0.189,3.1296,3.8704,N,N,07/2015,Analyst
47-4041.00,1.A.1.a.4,Written Expression,IM,3.5,8,0.189,3.1296,3.8704,N,,07/2015,Analyst
47-4041.00,1.A.1.a.4,Written Expression,LV,3.0,8,0.0,3.0,3.0,N,N,07/2015,Analyst
47-4041.00,1.A.1.b.1,Fluency of Ideas,IM,2.88,8,0.125,2.63,3.12,N,,07/2015,Analyst
47-4041.00,1.A.1.b.1,Fluency of Ideas,LV,2.88,8,0.125,2.63,3.12,N,N,07/2015,Analyst
47-4041.00,1.A.1.b.2,Originality,IM,2.75,8,0.1637,2.4292,3.0708,N,,07/2015,Analyst
47-4041.00,1.A.1.b.2,Originality,LV,2.75,8,0.1637,2.4292,3.0708,N,N,07/2015,Analyst
47-4041.00,1.A.1.b.3,Problem Sensitivity,IM,4.0,8,0.0,4.0,4.0,N,,07/2015,Analyst
47-4041.00,1.A.1.b.3,Problem Sensitivity,LV,4.0,8,0.0,4.0,4.0,N,N,07/2015,Analyst
47-4041.00,1.A.1.b.4,Deductive Reasoning,IM,3.5,8,0.189,3.1296,3.8704,N,,07/2015,Analyst
47-4041.00,1.A.1.b.4,Deductive Reasoning,LV,3.62,8,0.183,3.2664,3.9836,N,N,07/2015,Analyst
47-4041.00,1.A.1.b.5,Inductive Reasoning,IM,3.38,8,0.183,3.0164,3.7336,N,,07/2015,Analyst
47-4041.00,1.A.1.b.5,Inductive Reasoning,LV,3.25,8,0.1637,2.9292,3.5708,N,N,07/2015,Analyst
47-4041.00,1.A.1.b.6,Information Ordering,IM,3.38,8,0.183,3.0164,3.7336,N,,07/2015,Analyst
47-4041.00,1.A.1.b.6,Information Ordering,LV,3.25,8,0.1637,2.9292,3.5708,N,N,07/2015,Analyst
47-4041.00,1.A.1.b.7,Category Flexibility,IM,3.5,8,0.189,3.1296,3.8704,N,,07/2015,Analyst
47-4041.00,1.A.1.b.7,Category Flexibility,LV,3.5,8,0.189,3.1296,3.8704,N,N,07/2015,Analyst
47-4041.00,1.A.1.c.1,Mathematical Reasoning,IM,2.38,8,0.183,2.0164,2.7336,N,,07/2015,Analyst
47-4041.00,1.A.1.c.1,Mathematical Reasoning,LV,2.0,8,0.0,2.0,2.0,N,N,07/2015,Analyst
47-4041.00,1.A.1.c.2,Number Facility,IM,2.5,8,0.189,2.1296,2.8704,N,,07/2015,Analyst
47-4041.00,1.A.1.c.2,Number Facility,LV,2.0,8,0.0,2.0,2.0,N,N,07/2015,Analyst
47-4041.00,1.A.1.d.1,Memorization,IM,2.62,8,0.183,2.2664,2.9836,N,,07/2015,Analyst
47-4041.00,1.A.1.d.1,Memorization,LV,2.62,8,0.183,2.2664,2.9836,N,N,07/2015,Analyst
47-4041.00,1.A.1.e.1,Speed of Closure,IM,2.75,8,0.1637,2.4292,3.0708,N,,07/2015,Analyst
47-4041.00,1.A.1.e.1,Speed of Closure,LV,2.5,8,0.189,2.1296,2.8704,N,N,07/2015,Analyst
47-4041.00,1.A.1.e.2,Flexibility of Closure,IM,3.0,8,0.0,3.0,3.0,N,,07/2015,Analyst
47-4041.00,1.A.1.e.2,Flexibility of Closure,LV,3.12,8,0.125,2.88,3.37,N,N,07/2015,Analyst
47-4041.00,1.A.1.e.3,Perceptual Speed,IM,3.0,8,0.0,3.0,3.0,N,,07/2015,Analyst
47-4041.00,1.A.1.e.3,Perceptual Speed,LV,3.12,8,0.125,2.88,3.37,N,N,07/2015,Analyst
47-4041.00,1.A.1.f.1,Spatial Orientation,IM,2.12,8,0.125,1.88,2.37,N,,07/2015,Analyst
47-4041.00,1.A.1.f.1,Spatial Orientation,LV,1.88,8,0.125,1.63,2.12,N,N,07/2015,Analyst
47-4041.00,1.A.1.f.2,Visualization,IM,3.25,8,0.1637,2.9292,3.5708,N,,07/2015,Analyst
47-4041.00,1.A.1.f.2,Visualization,LV,3.38,8,0.183,3.0164,3.7336,N,N,07/2015,Analyst
47-4041.00,1.A.1.g.1,Selective Attention,IM,3.12,8,0.125,2.88,3.37,N,,07/2015,Analyst
47-4041.00,1.A.1.g.1,Selective Attention,LV,3.0,8,0.0,3.0,3.0,N,N,07/2015,Analyst
47-4041.00,1.A.1.g.2,Time Sharing,IM,2.88,8,0.125,2.63,3.12,N,,07/2015,Analyst
47-4041.00,1.A.1.g.2,Time Sharing,LV,3.0,8,0.0,3.0,3.0,N,N,07/2015,Analyst
47-4041.00,1.A.2.a.1,Arm-Hand Steadiness,IM,3.5,8,0.189,3.1296,3.8704,N,,07/2015,Analyst
47-4041.00,1.A.2.a.1,Arm-Hand Steadiness,LV,3.12,8,0.125,2.88,3.37,N,N,07/2015,Analyst
47-4041.00,1.A.2.a.2,Manual Dexterity,IM,3.25,8,0.1637,2.9292,3.5708,N,,07/2015,Analyst
47-4041.00,1.A.2.a.2,Manual Dexterity,LV,3.0,8,0.0,3.0,3.0,N,N,07/2015,Analyst
47-4041.00,1.A.2.a.3,Finger Dexterity,IM,3.0,8,0.0,3.0,3.0,N,,07/2015,Analyst
47-4041.00,1.A.2.a.3,Finger Dexterity,LV,2.88,8,0.125,2.63,3.12,N,N,07/2015,Analyst
47-4041.00,1.A.2.b.1,Control Precision,IM,3.75,8,0.1637,3.4292,4.0708,N,,07/2015,Analyst
47-4041.00,1.A.2.b.1,Control Precision,LV,3.75,8,0.1637,3.4292,4.0708,N,N,07/2015,Analyst
47-4041.00,1.A.2.b.2,Multilimb Coordination,IM,3.38,8,0.2631,2.8594,3.8906,N,,07/2015,Analyst
47-4041.00,1.A.2.b.2,Multilimb Coordination,LV,3.75,8,0.1637,3.4292,4.0708,N,N,07/2015,Analyst
47-4041.00,1.A.2.b.3,Response Orientation,IM,2.75,8,0.1637,2.4292,3.0708,N,,07/2015,Analyst
47-4041.00,1.A.2.b.3,Response Orientation,LV,2.62,8,0.2631,2.1094,3.1406,N,N,07/2015,Analyst
47-4041.00,1.A.2.b.4,Rate Control,IM,2.75,8,0.1637,2.4292,3.0708,N,,07/2015,Analyst
47-4041.00,1.A.2.b.4,Rate Control,LV,2.62,8,0.183,2.2664,2.9836,N,N,07/2015,Analyst
47-4041.00,1.A.2.c.1,Reaction Time,IM,2.88,8,0.125,2.63,3.12,N,,07/2015,Analyst
47-4041.00,1.A.2.c.1,Reaction Time,LV,3.12,8,0.125,2.88,3.37,N,N,07/2015,Analyst
47-4041.00,1.A.2.c.2,Wrist-Finger Speed,IM,2.0,8,0.0,2.0,2.0,N,,07/2015,Analyst
47-4041.00,1.A.2.c.2,Wrist-Finger Speed,LV,1.62,8,0.2631,1.1094,2.1406,N,N,07/2015,Analyst
47-4041.00,1.A.2.c.3,Speed of Limb Movement,IM,1.75,8,0.25,1.26,2.24,N,,07/2015,Analyst
47-4041.00,1.A.2.c.3,Speed of Limb Movement,LV,1.25,8,0.366,0.5327,1.9673,N,N,07/2015,Analyst
47-4041.00,1.A.3.a.1,Static Strength,IM,3.0,8,0.0,3.0,3.0,N,,07/2015,Analyst
47-4041.00,1.A.3.a.1,Static Strength,LV,3.12,8,0.125,2.88,3.37,N,N,07/2015,Analyst
47-4041.00,1.A.3.a.2,Explosive Strength,IM,1.75,8,0.3134,1.1358,2.3642,N,,07/2015,Analyst
47-4041.00,1.A.3.a.2,Explosive Strength,LV,1.25,8,0.491,0.2877,2.2123,N,N,07/2015,Analyst
47-4041.00,1.A.3.a.3,Dynamic Strength,IM,2.38,8,0.183,2.0164,2.7336,N,,07/2015,Analyst
47-4041.00,1.A.3.a.3,Dynamic Strength,LV,2.25,8,0.1637,1.9292,2.5708,N,N,07/2015,Analyst
47-4041.00,1.A.3.a.4,Trunk Strength,IM,2.88,8,0.125,2.63,3.12,N,,07/2015,Analyst
47-4041.00,1.A.3.a.4,Trunk Strength,LV,3.0,8,0.0,3.0,3.0,N,N,07/2015,Analyst
47-4041.00,1.A.3.b.1,Stamina,IM,2.25,8,0.1637,1.9292,2.5708,N,,07/2015,Analyst
47-4041.00,1.A.3.b.1,Stamina,LV,2.25,8,0.1637,1.9292,2.5708,N,N,07/2015,Analyst
47-4041.00,1.A.3.c.1,Extent Flexibility,IM,3.12,8,0.2266,2.6809,3.5691,N,,07/2015,Analyst
47-4041.00,1.A.3.c.1,Extent Flexibility,LV,3.25,8,0.1637,2.9292,3.5708,N,N,07/2015,Analyst
47-4041.00,1.A.3.c.2,Dynamic Flexibility,IM,1.12,8,0.125,1.0,1.37,N,,07/2015,Analyst
47-4041.00,1.A.3.c.2,Dynamic Flexibility,LV,0.25,8,0.25,0.0,0.74,N,Y,07/2015,Analyst
47-4041.00,1.A.3.c.3,Gross Body Coordination,IM,2.38,8,0.183,2.0164,2.7336,N,,07/2015,Analyst
47-4041.00,1.A.3.c.3,Gross Body Coordination,LV,2.25,8,0.1637,1.9292,2.5708,N,N,07/2015,Analyst
47-4041.00,1.A.3.c.4,Gross Body Equilibrium,IM,2.38,8,0.183,2.0164,2.7336,N,,07/2015,Analyst
47-4041.00,1.A.3.c.4,Gross Body Equilibrium,LV,2.25,8,0.1637,1.9292,2.5708,N,N,07/2015,Analyst
47-4041.00,1.A.4.a.1,Near Vision,IM,3.62,8,0.183,3.2664,3.9836,N,,07/2015,Analyst
47-4041.00,1.A.4.a.1,Near Vision,LV,3.25,8,0.1637,2.9292,3.5708,N,N,07/2015,Analyst
47-4041.00,1.A.4.a.2,Far Vision,IM,3.0,8,0.0,3.0,3.0,N,,07/2015,Analyst
47-4041.00,1.A.4.a.2,Far Vision,LV,3.0,8,0.0,3.0,3.0,N,N,07/2015,Analyst
47-4041.00,1.A.4.a.3,Visual Color Discrimination,IM,2.88,8,0.125,2.63,3.12,N,,07/2015,Analyst
47-4041.00,1.A.4.a.3,Visual Color Discrimination,LV,2.88,8,0.295,2.2967,3.4533,N,N,07/2015,Analyst
47-4041.00,1.A.4.a.4,Night Vision,IM,2.0,8,0.0,2.0,2.0,N,,07/2015,Analyst
47-4041.00,1.A.4.a.4,Night Vision,LV,1.75,8,0.1637,1.4292,2.0708,N,N,07/2015,Analyst
47-4041.00,1.A.4.a.5,Peripheral Vision,IM,2.0,8,0.0,2.0,2.0,N,,07/2015,Analyst
47-4041.00,1.A.4.a.5,Peripheral Vision,LV,1.62,8,0.2631,1.1094,2.1406,N,N,07/2015,Analyst
47-4041.00,1.A.4.a.6,Depth Perception,IM,2.88,8,0.125,2.63,3.12,N,,07/2015,Analyst
47-4041.00,1.A.4.a.6,Depth Perception,LV,3.12,8,0.2266,2.6809,3.5691,N,N,07/2015,Analyst
47-4041.00,1.A.4.a.7,Glare Sensitivity,IM,2.12,8,0.125,1.88,2.37,N,,07/2015,Analyst
47-4041.00,1.A.4.a.7,Glare Sensitivity,LV,2.12,8,0.125,1.88,2.37,N,N,07/2015,Analyst
47-4041.00,1.A.4.b.1,Hearing Sensitivity,IM,2.88,8,0.125,2.63,3.12,N,,07/2015,Analyst
47-4041.00,1.A.4.b.1,Hearing Sensitivity,LV,2.12,8,0.125,1.88,2.37,N,N,07/2015,Analyst
47-4041.00,1.A.4.b.2,Auditory Attention,IM,2.88,8,0.125,2.63,3.12,N,,07/2015,Analyst
47-4041.00,1.A.4.b.2,Auditory Attention,LV,2.5,8,0.189,2.1296,2.8704,N,N,07/2015,Analyst
47-4041.00,1.A.4.b.3,Sound Localization,IM,2.0,8,0.0,2.0,2.0,N,,07/2015,Analyst
47-4041.00,1.A.4.b.3,Sound Localization,LV,1.25,8,0.1637,0.9292,1.5708,N,N,07/2015,Analyst
47-4041.00,1.A.4.b.4,Speech Recognition,IM,3.5,8,0.189,3.1296,3.8704,N,,07/2015,Analyst
47-4041.00,1.A.4.b.4,Speech Recognition,LV,3.12,8,0.125,2.88,3.37,N,N,07/2015,Analyst
47-4041.00,1.A.4.b.5,Speech Clarity,IM,3.25,8,0.1637,2.9292,3.5708,N,,07/2015,Analyst
47-4041.00,1.A.4.b.5,Speech Clarity,LV,3.12,8,0.125,2.88,3.37,N,N,07/2015,Analyst
47-4051.00,1.A.1.a.1,Oral Comprehension,IM,3.38,8,0.183,3.0164,3.7336,N,,07/2017,Analyst
47-4051.00,1.A.1.a.1,Oral Comprehension,LV,3.38,8,0.183,3.0164,3.7336,N,N,07/2017,Analyst
47-4051.00,1.A.1.a.2,Written Comprehension,IM,2.62,8,0.183,2.2664,2.9836,N,,07/2017,Analyst
47-4051.00,1.A.1.a.2,Written Comprehension,LV,2.75,8,0.1637,2.4292,3.0708,N,N,07/2017,Analyst
47-4051.00,1.A.1.a.3,Oral Expression,IM,3.12,8,0.125,2.88,3.37,N,,07/2017,Analyst
47-4051.00,1.A.1.a.3,Oral Expression,LV,3.0,8,0.0,3.0,3.0,N,N,07/2017,Analyst
47-4051.00,1.A.1.a.4,Written Expression,IM,2.5,8,0.189,2.1296,2.8704,N,,07/2017,Analyst
47-4051.00,1.A.1.a.4,Written Expression,LV,2.38,8,0.2631,1.8594,2.8906,N,N,07/2017,Analyst
47-4051.00,1.A.1.b.1,Fluency of Ideas,IM,2.12,8,0.125,1.88,2.37,N,,07/2017,Analyst
47-4051.00,1.A.1.b.1,Fluency of Ideas,LV,2.0,8,0.0,2.0,2.0,N,N,07/2017,Analyst
47-4051.00,1.A.1.b.2,Originality,IM,2.12,8,0.125,1.88,2.37,N,,07/2017,Analyst
47-4051.00,1.A.1.b.2,Originality,LV,2.0,8,0.0,2.0,2.0,N,N,07/2017,Analyst
47-4051.00,1.A.1.b.3,Problem Sensitivity,IM,3.38,8,0.183,3.0164,3.7336,N,,07/2017,Analyst
47-4051.00,1.A.1.b.3,Problem Sensitivity,LV,3.0,8,0.0,3.0,3.0,N,N,07/2017,Analyst
47-4051.00,1.A.1.b.4,Deductive Reasoning,IM,3.0,8,0.0,3.0,3.0,N,,07/2017,Analyst
47-4051.00,1.A.1.b.4,Deductive Reasoning,LV,2.88,8,0.125,2.63,3.12,N,N,07/2017,Analyst
47-4051.00,1.A.1.b.5,Inductive Reasoning,IM,3.0,8,0.0,3.0,3.0,N,,07/2017,Analyst
47-4051.00,1.A.1.b.5,Inductive Reasoning,LV,2.88,8,0.125,2.63,3.12,N,N,07/2017,Analyst
47-4051.00,1.A.1.b.6,Information Ordering,IM,3.12,8,0.125,2.88,3.37,N,,07/2017,Analyst
47-4051.00,1.A.1.b.6,Information Ordering,LV,2.88,8,0.125,2.63,3.12,N,N,07/2017,Analyst
47-4051.00,1.A.1.b.7,Category Flexibility,IM,3.0,8,0.0,3.0,3.0,N,,07/2017,Analyst
47-4051.00,1.A.1.b.7,Category Flexibility,LV,2.88,8,0.125,2.63,3.12,N,N,07/2017,Analyst
47-4051.00,1.A.1.c.1,Mathematical Reasoning,IM,2.12,8,0.125,1.88,2.37,N,,07/2017,Analyst
47-4051.00,1.A.1.c.1,Mathematical Reasoning,LV,2.0,8,0.189,1.6296,2.3704,N,N,07/2017,Analyst
47-4051.00,1.A.1.c.2,Number Facility,IM,2.12,8,0.125,1.88,2.37,N,,07/2017,Analyst
47-4051.00,1.A.1.c.2,Number Facility,LV,2.0,8,0.189,1.6296,2.3704,N,N,07/2017,Analyst
47-4051.00,1.A.1.d.1,Memorization,IM,2.0,8,0.0,2.0,2.0,N,,07/2017,Analyst
47-4051.00,1.A.1.d.1,Memorization,LV,1.88,8,0.125,1.63,2.12,N,N,07/2017,Analyst
47-4051.00,1.A.1.e.1,Speed of Closure,IM,2.25,8,0.1637,1.9292,2.5708,N,,07/2017,Analyst
47-4051.00,1.A.1.e.1,Speed of Closure,LV,1.88,8,0.125,1.63,2.12,N,N,07/2017,Analyst
47-4051.00,1.A.1.e.2,Flexibility of Closure,IM,3.12,8,0.125,2.88,3.37,N,,07/2017,Analyst
47-4051.00,1.A.1.e.2,Flexibility of Closure,LV,3.0,8,0.0,3.0,3.0,N,N,07/2017,Analyst
47-4051.00,1.A.1.e.3,Perceptual Speed,IM,3.0,8,0.0,3.0,3.0,N,,07/2017,Analyst
47-4051.00,1.A.1.e.3,Perceptual Speed,LV,2.88,8,0.125,2.63,3.12,N,N,07/2017,Analyst
47-4051.00,1.A.1.f.1,Spatial Orientation,IM,2.75,8,0.1637,2.4292,3.0708,N,,07/2017,Analyst
47-4051.00,1.A.1.f.1,Spatial Orientation,LV,2.5,8,0.189,2.1296,2.8704,N,N,07/2017,Analyst
47-4051.00,1.A.1.f.2,Visualization,IM,3.12,8,0.125,2.88,3.37,N,,07/2017,Analyst
47-4051.00,1.A.1.f.2,Visualization,LV,3.12,8,0.125,2.88,3.37,N,N,07/2017,Analyst
47-4051.00,1.A.1.g.1,Selective Attention,IM,3.12,8,0.125,2.88,3.37,N,,07/2017,Analyst
47-4051.00,1.A.1.g.1,Selective Attention,LV,3.0,8,0.0,3.0,3.0,N,N,07/2017,Analyst
47-4051.00,1.A.1.g.2,Time Sharing,IM,3.0,8,0.0,3.0,3.0,N,,07/2017,Analyst
47-4051.00,1.A.1.g.2,Time Sharing,LV,3.0,8,0.0,3.0,3.0,N,N,07/2017,Analyst
47-4051.00,1.A.2.a.1,Arm-Hand Steadiness,IM,3.38,8,0.183,3.0164,3.7336,N,,07/2017,Analyst
47-4051.00,1.A.2.a.1,Arm-Hand Steadiness,LV,3.0,8,0.189,2.6296,3.3704,N,N,07/2017,Analyst
47-4051.00,1.A.2.a.2,Manual Dexterity,IM,3.25,8,0.1637,2.9292,3.5708,N,,07/2017,Analyst
47-4051.00,1.A.2.a.2,Manual Dexterity,LV,3.12,8,0.2266,2.6809,3.5691,N,N,07/2017,Analyst
47-4051.00,1.A.2.a.3,Finger Dexterity,IM,3.12,8,0.125,2.88,3.37,N,,07/2017,Analyst
47-4051.00,1.A.2.a.3,Finger Dexterity,LV,3.0,8,0.189,2.6296,3.3704,N,N,07/2017,Analyst
47-4051.00,1.A.2.b.1,Control Precision,IM,3.88,8,0.125,3.63,4.12,N,,07/2017,Analyst
47-4051.00,1.A.2.b.1,Control Precision,LV,3.75,8,0.1637,3.4292,4.0708,N,N,07/2017,Analyst
47-4051.00,1.A.2.b.2,Multilimb Coordination,IM,3.88,8,0.125,3.63,4.12,N,,07/2017,Analyst
47-4051.00,1.A.2.b.2,Multilimb Coordination,LV,3.88,8,0.125,3.63,4.12,N,N,07/2017,Analyst
47-4051.00,1.A.2.b.3,Response Orientation,IM,3.12,8,0.125,2.88,3.37,N,,07/2017,Analyst
47-4051.00,1.A.2.b.3,Response Orientation,LV,3.12,8,0.125,2.88,3.37,N,N,07/2017,Analyst
47-4051.00,1.A.2.b.4,Rate Control,IM,3.0,8,0.0,3.0,3.0,N,,07/2017,Analyst
47-4051.00,1.A.2.b.4,Rate Control,LV,2.88,8,0.125,2.63,3.12,N,N,07/2017,Analyst
47-4051.00,1.A.2.c.1,Reaction Time,IM,3.12,8,0.125,2.88,3.37,N,,07/2017,Analyst
47-4051.00,1.A.2.c.1,Reaction Time,LV,3.12,8,0.125,2.88,3.37,N,N,07/2017,Analyst
47-4051.00,1.A.2.c.2,Wrist-Finger Speed,IM,2.12,8,0.125,1.88,2.37,N,,07/2017,Analyst
47-4051.00,1.A.2.c.2,Wrist-Finger Speed,LV,2.12,8,0.125,1.88,2.37,N,N,07/2017,Analyst
47-4051.00,1.A.2.c.3,Speed of Limb Movement,IM,2.75,8,0.1637,2.4292,3.0708,N,,07/2017,Analyst
47-4051.00,1.A.2.c.3,Speed of Limb Movement,LV,2.88,8,0.125,2.63,3.12,N,N,07/2017,Analyst
47-4051.00,1.A.3.a.1,Static Strength,IM,3.38,8,0.183,3.0164,3.7336,N,,07/2017,Analyst
47-4051.00,1.A.3.a.1,Static Strength,LV,3.62,8,0.2631,3.1094,4.1406,N,N,07/2017,Analyst
47-4051.00,1.A.3.a.2,Explosive Strength,IM,1.62,8,0.183,1.2664,1.9836,N,,07/2017,Analyst
47-4051.00,1.A.3.a.2,Explosive Strength,LV,1.12,8,0.3981,0.3447,1.9053,N,N,07/2017,Analyst
47-4051.00,1.A.3.a.3,Dynamic Strength,IM,2.88,8,0.2266,2.4309,3.3191,N,,07/2017,Analyst
47-4051.00,1.A.3.a.3,Dynamic Strength,LV,2.5,8,0.2673,1.9762,3.0238,N,N,07/2017,Analyst
47-4051.00,1.A.3.a.4,Trunk Strength,IM,3.12,8,0.125,2.88,3.37,N,,07/2017,Analyst
47-4051.00,1.A.3.a.4,Trunk Strength,LV,3.25,8,0.1637,2.9292,3.5708,N,N,07/2017,Analyst
47-4051.00,1.A.3.b.1,Stamina,IM,3.12,8,0.125,2.88,3.37,N,,07/2017,Analyst
47-4051.00,1.A.3.b.1,Stamina,LV,3.12,8,0.125,2.88,3.37,N,N,07/2017,Analyst
47-4051.00,1.A.3.c.1,Extent Flexibility,IM,3.12,8,0.125,2.88,3.37,N,,07/2017,Analyst
47-4051.00,1.A.3.c.1,Extent Flexibility,LV,3.25,8,0.1637,2.9292,3.5708,N,N,07/2017,Analyst
47-4051.00,1.A.3.c.2,Dynamic Flexibility,IM,1.0,8,0.0,1.0,1.0,N,,07/2017,Analyst
47-4051.00,1.A.3.c.2,Dynamic Flexibility,LV,0.0,8,0.0,0.0,0.0,N,Y,07/2017,Analyst
47-4051.00,1.A.3.c.3,Gross Body Coordination,IM,2.75,8,0.1637,2.4292,3.0708,N,,07/2017,Analyst
47-4051.00,1.A.3.c.3,Gross Body Coordination,LV,2.38,8,0.183,2.0164,2.7336,N,N,07/2017,Analyst
47-4051.00,1.A.3.c.4,Gross Body Equilibrium,IM,2.12,8,0.125,1.88,2.37,N,,07/2017,Analyst
47-4051.00,1.A.3.c.4,Gross Body Equilibrium,LV,2.0,8,0.0,2.0,2.0,N,N,07/2017,Analyst
47-4051.00,1.A.4.a.1,Near Vision,IM,3.25,8,0.1637,2.9292,3.5708,N,,07/2017,Analyst
47-4051.00,1.A.4.a.1,Near Vision,LV,3.0,8,0.189,2.6296,3.3704,N,N,07/2017,Analyst
47-4051.00,1.A.4.a.2,Far Vision,IM,3.12,8,0.125,2.88,3.37,N,,07/2017,Analyst
47-4051.00,1.A.4.a.2,Far Vision,LV,3.12,8,0.125,2.88,3.37,N,N,07/2017,Analyst
47-4051.00,1.A.4.a.3,Visual Color Discrimination,IM,2.62,8,0.183,2.2664,2.9836,N,,07/2017,Analyst
47-4051.00,1.A.4.a.3,Visual Color Discrimination,LV,2.62,8,0.183,2.2664,2.9836,N,N,07/2017,Analyst
47-4051.00,1.A.4.a.4,Night Vision,IM,1.88,8,0.125,1.63,2.12,N,,07/2017,Analyst
47-4051.00,1.A.4.a.4,Night Vision,LV,1.75,8,0.25,1.26,2.24,N,N,07/2017,Analyst
47-4051.00,1.A.4.a.5,Peripheral Vision,IM,2.0,8,0.0,2.0,2.0,N,,07/2017,Analyst
47-4051.00,1.A.4.a.5,Peripheral Vision,LV,2.0,8,0.0,2.0,2.0,N,N,07/2017,Analyst
47-4051.00,1.A.4.a.6,Depth Perception,IM,3.0,8,0.0,3.0,3.0,N,,07/2017,Analyst
47-4051.00,1.A.4.a.6,Depth Perception,LV,2.88,8,0.125,2.63,3.12,N,N,07/2017,Analyst
47-4051.00,1.A.4.a.7,Glare Sensitivity,IM,2.25,8,0.1637,1.9292,2.5708,N,,07/2017,Analyst
47-4051.00,1.A.4.a.7,Glare Sensitivity,LV,2.12,8,0.125,1.88,2.37,N,N,07/2017,Analyst
47-4051.00,1.A.4.b.1,Hearing Sensitivity,IM,2.88,8,0.125,2.63,3.12,N,,07/2017,Analyst
47-4051.00,1.A.4.b.1,Hearing Sensitivity,LV,2.88,8,0.125,2.63,3.12,N,N,07/2017,Analyst
47-4051.00,1.A.4.b.2,Auditory Attention,IM,3.25,8,0.1637,2.9292,3.5708,N,,07/2017,Analyst
47-4051.00,1.A.4.b.2,Auditory Attention,LV,3.25,8,0.25,2.76,3.74,N,N,07/2017,Analyst
47-4051.00,1.A.4.b.3,Sound Localization,IM,2.12,8,0.125,1.88,2.37,N,,07/2017,Analyst
47-4051.00,1.A.4.b.3,Sound Localization,LV,2.12,8,0.125,1.88,2.37,N,N,07/2017,Analyst
47-4051.00,1.A.4.b.4,Speech Recognition,IM,3.0,8,0.0,3.0,3.0,N,,07/2017,Analyst
47-4051.00,1.A.4.b.4,Speech Recognition,LV,2.88,8,0.125,2.63,3.12,N,N,07/2017,Analyst
47-4051.00,1.A.4.b.5,Speech Clarity,IM,3.0,8,0.0,3.0,3.0,N,,07/2017,Analyst
47-4051.00,1.A.4.b.5,Speech Clarity,LV,2.75,8,0.1637,2.4292,3.0708,N,N,07/2017,Analyst
47-4061.00,1.A.1.a.1,Oral Comprehension,IM,3.12,8,0.125,2.88,3.37,N,,07/2015,Analyst
47-4061.00,1.A.1.a.1,Oral Comprehension,LV,3.25,8,0.1637,2.9292,3.5708,N,N,07/2015,Analyst
47-4061.00,1.A.1.a.2,Written Comprehension,IM,2.88,8,0.125,2.63,3.12,N,,07/2015,Analyst
47-4061.00,1.A.1.a.2,Written Comprehension,LV,2.75,8,0.1637,2.4292,3.0708,N,N,07/2015,Analyst
47-4061.00,1.A.1.a.3,Oral Expression,IM,3.0,8,0.0,3.0,3.0,N,,07/2015,Analyst
47-4061.00,1.A.1.a.3,Oral Expression,LV,3.0,8,0.0,3.0,3.0,N,N,07/2015,Analyst
47-4061.00,1.A.1.a.4,Written Expression,IM,2.5,8,0.189,2.1296,2.8704,N,,07/2015,Analyst
47-4061.00,1.A.1.a.4,Written Expression,LV,2.25,8,0.1637,1.9292,2.5708,N,N,07/2015,Analyst
47-4061.00,1.A.1.b.1,Fluency of Ideas,IM,2.5,8,0.189,2.1296,2.8704,N,,07/2015,Analyst
47-4061.00,1.A.1.b.1,Fluency of Ideas,LV,2.12,8,0.125,1.88,2.37,N,N,07/2015,Analyst
47-4061.00,1.A.1.b.2,Originality,IM,2.25,8,0.1637,1.9292,2.5708,N,,07/2015,Analyst
47-4061.00,1.A.1.b.2,Originality,LV,2.12,8,0.125,1.88,2.37,N,N,07/2015,Analyst
47-4061.00,1.A.1.b.3,Problem Sensitivity,IM,3.62,8,0.183,3.2664,3.9836,N,,07/2015,Analyst
47-4061.00,1.A.1.b.3,Problem Sensitivity,LV,3.0,8,0.0,3.0,3.0,N,N,07/2015,Analyst
47-4061.00,1.A.1.b.4,Deductive Reasoning,IM,3.12,8,0.125,2.88,3.37,N,,07/2015,Analyst
47-4061.00,1.A.1.b.4,Deductive Reasoning,LV,3.0,8,0.0,3.0,3.0,N,N,07/2015,Analyst
47-4061.00,1.A.1.b.5,Inductive Reasoning,IM,3.0,8,0.0,3.0,3.0,N,,07/2015,Analyst
47-4061.00,1.A.1.b.5,Inductive Reasoning,LV,2.88,8,0.125,2.63,3.12,N,N,07/2015,Analyst
47-4061.00,1.A.1.b.6,Information Ordering,IM,3.12,8,0.125,2.88,3.37,N,,07/2015,Analyst
47-4061.00,1.A.1.b.6,Information Ordering,LV,2.88,8,0.125,2.63,3.12,N,N,07/2015,Analyst
47-4061.00,1.A.1.b.7,Category Flexibility,IM,2.88,8,0.125,2.63,3.12,N,,07/2015,Analyst
47-4061.00,1.A.1.b.7,Category Flexibility,LV,2.62,8,0.183,2.2664,2.9836,N,N,07/2015,Analyst
47-4061.00,1.A.1.c.1,Mathematical Reasoning,IM,2.12,8,0.125,1.88,2.37,N,,07/2015,Analyst
47-4061.00,1.A.1.c.1,Mathematical Reasoning,LV,1.5,8,0.189,1.1296,1.8704,N,N,07/2015,Analyst
47-4061.00,1.A.1.c.2,Number Facility,IM,2.12,8,0.125,1.88,2.37,N,,07/2015,Analyst
47-4061.00,1.A.1.c.2,Number Facility,LV,1.88,8,0.125,1.63,2.12,N,N,07/2015,Analyst
47-4061.00,1.A.1.d.1,Memorization,IM,2.0,8,0.0,2.0,2.0,N,,07/2015,Analyst
47-4061.00,1.A.1.d.1,Memorization,LV,1.88,8,0.125,1.63,2.12,N,N,07/2015,Analyst
47-4061.00,1.A.1.e.1,Speed of Closure,IM,2.75,8,0.1637,2.4292,3.0708,N,,07/2015,Analyst
47-4061.00,1.A.1.e.1,Speed of Closure,LV,2.38,8,0.183,2.0164,2.7336,N,N,07/2015,Analyst
47-4061.00,1.A.1.e.2,Flexibility of Closure,IM,3.38,8,0.183,3.0164,3.7336,N,,07/2015,Analyst
47-4061.00,1.A.1.e.2,Flexibility of Closure,LV,3.38,8,0.183,3.0164,3.7336,N,N,07/2015,Analyst
47-4061.00,1.A.1.e.3,Perceptual Speed,IM,3.25,8,0.1637,2.9292,3.5708,N,,07/2015,Analyst
47-4061.00,1.A.1.e.3,Perceptual Speed,LV,3.12,8,0.125,2.88,3.37,N,N,07/2015,Analyst
47-4061.00,1.A.1.f.1,Spatial Orientation,IM,2.75,8,0.1637,2.4292,3.0708,N,,07/2015,Analyst
47-4061.00,1.A.1.f.1,Spatial Orientation,LV,2.38,8,0.183,2.0164,2.7336,N,N,07/2015,Analyst
47-4061.00,1.A.1.f.2,Visualization,IM,3.38,8,0.183,3.0164,3.7336,N,,07/2015,Analyst
47-4061.00,1.A.1.f.2,Visualization,LV,3.5,8,0.189,3.1296,3.8704,N,N,07/2015,Analyst
47-4061.00,1.A.1.g.1,Selective Attention,IM,3.12,8,0.125,2.88,3.37,N,,07/2015,Analyst
47-4061.00,1.A.1.g.1,Selective Attention,LV,3.12,8,0.125,2.88,3.37,N,N,07/2015,Analyst
47-4061.00,1.A.1.g.2,Time Sharing,IM,2.88,8,0.125,2.63,3.12,N,,07/2015,Analyst
47-4061.00,1.A.1.g.2,Time Sharing,LV,2.88,8,0.125,2.63,3.12,N,N,07/2015,Analyst
47-4061.00,1.A.2.a.1,Arm-Hand Steadiness,IM,3.62,8,0.183,3.2664,3.9836,N,,07/2015,Analyst
47-4061.00,1.A.2.a.1,Arm-Hand Steadiness,LV,3.0,8,0.0,3.0,3.0,N,N,07/2015,Analyst
47-4061.00,1.A.2.a.2,Manual Dexterity,IM,3.75,8,0.1637,3.4292,4.0708,N,,07/2015,Analyst
47-4061.00,1.A.2.a.2,Manual Dexterity,LV,3.12,8,0.125,2.88,3.37,N,N,07/2015,Analyst
47-4061.00,1.A.2.a.3,Finger Dexterity,IM,3.12,8,0.125,2.88,3.37,N,,07/2015,Analyst
47-4061.00,1.A.2.a.3,Finger Dexterity,LV,2.88,8,0.125,2.63,3.12,N,N,07/2015,Analyst
47-4061.00,1.A.2.b.1,Control Precision,IM,3.88,8,0.125,3.63,4.12,N,,07/2015,Analyst
47-4061.00,1.A.2.b.1,Control Precision,LV,4.0,8,0.0,4.0,4.0,N,N,07/2015,Analyst
47-4061.00,1.A.2.b.2,Multilimb Coordination,IM,3.75,8,0.1637,3.4292,4.0708,N,,07/2015,Analyst
47-4061.00,1.A.2.b.2,Multilimb Coordination,LV,4.0,8,0.0,4.0,4.0,N,N,07/2015,Analyst
47-4061.00,1.A.2.b.3,Response Orientation,IM,3.12,8,0.125,2.88,3.37,N,,07/2015,Analyst
47-4061.00,1.A.2.b.3,Response Orientation,LV,3.25,8,0.1637,2.9292,3.5708,N,N,07/2015,Analyst
47-4061.00,1.A.2.b.4,Rate Control,IM,3.25,8,0.1637,2.9292,3.5708,N,,07/2015,Analyst
47-4061.00,1.A.2.b.4,Rate Control,LV,3.12,8,0.125,2.88,3.37,N,N,07/2015,Analyst
47-4061.00,1.A.2.c.1,Reaction Time,IM,3.62,8,0.183,3.2664,3.9836,N,,07/2015,Analyst
47-4061.00,1.A.2.c.1,Reaction Time,LV,3.62,8,0.183,3.2664,3.9836,N,N,07/2015,Analyst
47-4061.00,1.A.2.c.2,Wrist-Finger Speed,IM,2.38,8,0.183,2.0164,2.7336,N,,07/2015,Analyst
47-4061.00,1.A.2.c.2,Wrist-Finger Speed,LV,2.38,8,0.183,2.0164,2.7336,N,N,07/2015,Analyst
47-4061.00,1.A.2.c.3,Speed of Limb Movement,IM,2.75,8,0.1637,2.4292,3.0708,N,,07/2015,Analyst
47-4061.00,1.A.2.c.3,Speed of Limb Movement,LV,2.75,8,0.1637,2.4292,3.0708,N,N,07/2015,Analyst
47-4061.00,1.A.3.a.1,Static Strength,IM,3.25,8,0.1637,2.9292,3.5708,N,,07/2015,Analyst
47-4061.00,1.A.3.a.1,Static Strength,LV,3.75,8,0.1637,3.4292,4.0708,N,N,07/2015,Analyst
47-4061.00,1.A.3.a.2,Explosive Strength,IM,2.0,8,0.189,1.6296,2.3704,N,,07/2015,Analyst
47-4061.00,1.A.3.a.2,Explosive Strength,LV,1.38,8,0.2631,0.8594,1.8906,N,N,07/2015,Analyst
47-4061.00,1.A.3.a.3,Dynamic Strength,IM,3.12,8,0.125,2.88,3.37,N,,07/2015,Analyst
47-4061.00,1.A.3.a.3,Dynamic Strength,LV,3.25,8,0.1637,2.9292,3.5708,N,N,07/2015,Analyst
47-4061.00,1.A.3.a.4,Trunk Strength,IM,3.12,8,0.125,2.88,3.37,N,,07/2015,Analyst
47-4061.00,1.A.3.a.4,Trunk Strength,LV,3.5,8,0.189,3.1296,3.8704,N,N,07/2015,Analyst
47-4061.00,1.A.3.b.1,Stamina,IM,3.0,8,0.0,3.0,3.0,N,,07/2015,Analyst
47-4061.00,1.A.3.b.1,Stamina,LV,2.88,8,0.125,2.63,3.12,N,N,07/2015,Analyst
47-4061.00,1.A.3.c.1,Extent Flexibility,IM,3.12,8,0.125,2.88,3.37,N,,07/2015,Analyst
47-4061.00,1.A.3.c.1,Extent Flexibility,LV,3.25,8,0.1637,2.9292,3.5708,N,N,07/2015,Analyst
47-4061.00,1.A.3.c.2,Dynamic Flexibility,IM,1.25,8,0.1637,1.0,1.5708,N,,07/2015,Analyst
47-4061.00,1.A.3.c.2,Dynamic Flexibility,LV,0.25,8,0.1637,0.0,0.5708,N,Y,07/2015,Analyst
47-4061.00,1.A.3.c.3,Gross Body Coordination,IM,3.0,8,0.0,3.0,3.0,N,,07/2015,Analyst
47-4061.00,1.A.3.c.3,Gross Body Coordination,LV,3.0,8,0.0,3.0,3.0,N,N,07/2015,Analyst
47-4061.00,1.A.3.c.4,Gross Body Equilibrium,IM,2.75,8,0.1637,2.4292,3.0708,N,,07/2015,Analyst
47-4061.00,1.A.3.c.4,Gross Body Equilibrium,LV,2.38,8,0.183,2.0164,2.7336,N,N,07/2015,Analyst
47-4061.00,1.A.4.a.1,Near Vision,IM,3.38,8,0.183,3.0164,3.7336,N,,07/2015,Analyst
47-4061.00,1.A.4.a.1,Near Vision,LV,3.0,8,0.0,3.0,3.0,N,N,07/2015,Analyst
47-4061.00,1.A.4.a.2,Far Vision,IM,3.62,8,0.183,3.2664,3.9836,N,,07/2015,Analyst
47-4061.00,1.A.4.a.2,Far Vision,LV,3.75,8,0.1637,3.4292,4.0708,N,N,07/2015,Analyst
47-4061.00,1.A.4.a.3,Visual Color Discrimination,IM,2.88,8,0.125,2.63,3.12,N,,07/2015,Analyst
47-4061.00,1.A.4.a.3,Visual Color Discrimination,LV,2.62,8,0.183,2.2664,2.9836,N,N,07/2015,Analyst
47-4061.00,1.A.4.a.4,Night Vision,IM,1.88,8,0.125,1.63,2.12,N,,07/2015,Analyst
47-4061.00,1.A.4.a.4,Night Vision,LV,1.75,8,0.25,1.26,2.24,N,N,07/2015,Analyst
47-4061.00,1.A.4.a.5,Peripheral Vision,IM,2.0,8,0.0,2.0,2.0,N,,07/2015,Analyst
47-4061.00,1.A.4.a.5,Peripheral Vision,LV,2.0,8,0.0,2.0,2.0,N,N,07/2015,Analyst
47-4061.00,1.A.4.a.6,Depth Perception,IM,3.38,8,0.183,3.0164,3.7336,N,,07/2015,Analyst
47-4061.00,1.A.4.a.6,Depth Perception,LV,3.38,8,0.183,3.0164,3.7336,N,N,07/2015,Analyst
47-4061.00,1.A.4.a.7,Glare Sensitivity,IM,2.88,8,0.125,2.63,3.12,N,,07/2015,Analyst
47-4061.00,1.A.4.a.7,Glare Sensitivity,LV,2.88,8,0.125,2.63,3.12,N,N,07/2015,Analyst
47-4061.00,1.A.4.b.1,Hearing Sensitivity,IM,3.0,8,0.0,3.0,3.0,N,,07/2015,Analyst
47-4061.00,1.A.4.b.1,Hearing Sensitivity,LV,2.88,8,0.125,2.63,3.12,N,N,07/2015,Analyst
47-4061.00,1.A.4.b.2,Auditory Attention,IM,3.12,8,0.125,2.88,3.37,N,,07/2015,Analyst
47-4061.00,1.A.4.b.2,Auditory Attention,LV,3.12,8,0.2266,2.6809,3.5691,N,N,07/2015,Analyst
47-4061.00,1.A.4.b.3,Sound Localization,IM,1.88,8,0.125,1.63,2.12,N,,07/2015,Analyst
47-4061.00,1.A.4.b.3,Sound Localization,LV,1.38,8,0.2631,0.8594,1.8906,N,N,07/2015,Analyst
47-4061.00,1.A.4.b.4,Speech Recognition,IM,2.88,8,0.125,2.63,3.12,N,,07/2015,Analyst
47-4061.00,1.A.4.b.4,Speech Recognition,LV,2.25,8,0.1637,1.9292,2.5708,N,N,07/2015,Analyst
47-4061.00,1.A.4.b.5,Speech Clarity,IM,2.88,8,0.125,2.63,3.12,N,,07/2015,Analyst
47-4061.00,1.A.4.b.5,Speech Clarity,LV,2.38,8,0.183,2.0164,2.7336,N,N,07/2015,Analyst
47-4071.00,1.A.1.a.1,Oral Comprehension,IM,3.5,8,0.189,3.1296,3.8704,N,,07/2017,Analyst
47-4071.00,1.A.1.a.1,Oral Comprehension,LV,3.25,8,0.1637,2.9292,3.5708,N,N,07/2017,Analyst
47-4071.00,1.A.1.a.2,Written Comprehension,IM,2.75,8,0.1637,2.4292,3.0708,N,,07/2017,Analyst
47-4071.00,1.A.1.a.2,Written Comprehension,LV,2.62,8,0.183,2.2664,2.9836,N,N,07/2017,Analyst
47-4071.00,1.A.1.a.3,Oral Expression,IM,3.12,8,0.125,2.88,3.37,N,,07/2017,Analyst
47-4071.00,1.A.1.a.3,Oral Expression,LV,3.0,8,0.0,3.0,3.0,N,N,07/2017,Analyst
47-4071.00,1.A.1.a.4,Written Expression,IM,2.5,8,0.189,2.1296,2.8704,N,,07/2017,Analyst
47-4071.00,1.A.1.a.4,Written Expression,LV,2.62,8,0.183,2.2664,2.9836,N,N,07/2017,Analyst
47-4071.00,1.A.1.b.1,Fluency of Ideas,IM,2.5,8,0.189,2.1296,2.8704,N,,07/2017,Analyst
47-4071.00,1.A.1.b.1,Fluency of Ideas,LV,2.38,8,0.183,2.0164,2.7336,N,N,07/2017,Analyst
47-4071.00,1.A.1.b.2,Originality,IM,2.25,8,0.1637,1.9292,2.5708,N,,07/2017,Analyst
47-4071.00,1.A.1.b.2,Originality,LV,2.0,8,0.0,2.0,2.0,N,N,07/2017,Analyst
47-4071.00,1.A.1.b.3,Problem Sensitivity,IM,3.5,8,0.189,3.1296,3.8704,N,,07/2017,Analyst
47-4071.00,1.A.1.b.3,Problem Sensitivity,LV,3.0,8,0.0,3.0,3.0,N,N,07/2017,Analyst
47-4071.00,1.A.1.b.4,Deductive Reasoning,IM,3.12,8,0.125,2.88,3.37,N,,07/2017,Analyst
47-4071.00,1.A.1.b.4,Deductive Reasoning,LV,3.0,8,0.0,3.0,3.0,N,N,07/2017,Analyst
47-4071.00,1.A.1.b.5,Inductive Reasoning,IM,3.0,8,0.0,3.0,3.0,N,,07/2017,Analyst
47-4071.00,1.A.1.b.5,Inductive Reasoning,LV,3.0,8,0.0,3.0,3.0,N,N,07/2017,Analyst
47-4071.00,1.A.1.b.6,Information Ordering,IM,2.88,8,0.125,2.63,3.12,N,,07/2017,Analyst
47-4071.00,1.A.1.b.6,Information Ordering,LV,2.88,8,0.125,2.63,3.12,N,N,07/2017,Analyst
47-4071.00,1.A.1.b.7,Category Flexibility,IM,2.75,8,0.1637,2.4292,3.0708,N,,07/2017,Analyst
47-4071.00,1.A.1.b.7,Category Flexibility,LV,2.62,8,0.183,2.2664,2.9836,N,N,07/2017,Analyst
47-4071.00,1.A.1.c.1,Mathematical Reasoning,IM,2.12,8,0.125,1.88,2.37,N,,07/2017,Analyst
47-4071.00,1.A.1.c.1,Mathematical Reasoning,LV,2.0,8,0.0,2.0,2.0,N,N,07/2017,Analyst
47-4071.00,1.A.1.c.2,Number Facility,IM,2.38,8,0.183,2.0164,2.7336,N,,07/2017,Analyst
47-4071.00,1.A.1.c.2,Number Facility,LV,2.38,8,0.183,2.0164,2.7336,N,N,07/2017,Analyst
47-4071.00,1.A.1.d.1,Memorization,IM,2.38,8,0.183,2.0164,2.7336,N,,07/2017,Analyst
47-4071.00,1.A.1.d.1,Memorization,LV,2.12,8,0.125,1.88,2.37,N,N,07/2017,Analyst
47-4071.00,1.A.1.e.1,Speed of Closure,IM,2.5,8,0.189,2.1296,2.8704,N,,07/2017,Analyst
47-4071.00,1.A.1.e.1,Speed of Closure,LV,2.38,8,0.183,2.0164,2.7336,N,N,07/2017,Analyst
47-4071.00,1.A.1.e.2,Flexibility of Closure,IM,3.5,8,0.189,3.1296,3.8704,N,,07/2017,Analyst
47-4071.00,1.A.1.e.2,Flexibility of Closure,LV,2.88,8,0.125,2.63,3.12,N,N,07/2017,Analyst
47-4071.00,1.A.1.e.3,Perceptual Speed,IM,3.0,8,0.0,3.0,3.0,N,,07/2017,Analyst
47-4071.00,1.A.1.e.3,Perceptual Speed,LV,3.0,8,0.0,3.0,3.0,N,N,07/2017,Analyst
47-4071.00,1.A.1.f.1,Spatial Orientation,IM,2.62,8,0.183,2.2664,2.9836,N,,07/2017,Analyst
47-4071.00,1.A.1.f.1,Spatial Orientation,LV,2.25,8,0.1637,1.9292,2.5708,N,N,07/2017,Analyst
47-4071.00,1.A.1.f.2,Visualization,IM,3.0,8,0.0,3.0,3.0,N,,07/2017,Analyst
47-4071.00,1.A.1.f.2,Visualization,LV,3.0,8,0.0,3.0,3.0,N,N,07/2017,Analyst
47-4071.00,1.A.1.g.1,Selective Attention,IM,3.0,8,0.0,3.0,3.0,N,,07/2017,Analyst
47-4071.00,1.A.1.g.1,Selective Attention,LV,3.0,8,0.0,3.0,3.0,N,N,07/2017,Analyst
47-4071.00,1.A.1.g.2,Time Sharing,IM,2.88,8,0.125,2.63,3.12,N,,07/2017,Analyst
47-4071.00,1.A.1.g.2,Time Sharing,LV,2.88,8,0.125,2.63,3.12,N,N,07/2017,Analyst
47-4071.00,1.A.2.a.1,Arm-Hand Steadiness,IM,3.5,8,0.189,3.1296,3.8704,N,,07/2017,Analyst
47-4071.00,1.A.2.a.1,Arm-Hand Steadiness,LV,3.0,8,0.0,3.0,3.0,N,N,07/2017,Analyst
47-4071.00,1.A.2.a.2,Manual Dexterity,IM,3.75,8,0.1637,3.4292,4.0708,N,,07/2017,Analyst
47-4071.00,1.A.2.a.2,Manual Dexterity,LV,3.12,8,0.125,2.88,3.37,N,N,07/2017,Analyst
47-4071.00,1.A.2.a.3,Finger Dexterity,IM,2.88,8,0.125,2.63,3.12,N,,07/2017,Analyst
47-4071.00,1.A.2.a.3,Finger Dexterity,LV,3.0,8,0.0,3.0,3.0,N,N,07/2017,Analyst
47-4071.00,1.A.2.b.1,Control Precision,IM,3.62,8,0.2631,3.1094,4.1406,N,,07/2017,Analyst
47-4071.00,1.A.2.b.1,Control Precision,LV,3.62,8,0.183,3.2664,3.9836,N,N,07/2017,Analyst
47-4071.00,1.A.2.b.2,Multilimb Coordination,IM,3.5,8,0.189,3.1296,3.8704,N,,07/2017,Analyst
47-4071.00,1.A.2.b.2,Multilimb Coordination,LV,3.0,8,0.0,3.0,3.0,N,N,07/2017,Analyst
47-4071.00,1.A.2.b.3,Response Orientation,IM,2.88,8,0.2266,2.4309,3.3191,N,,07/2017,Analyst
47-4071.00,1.A.2.b.3,Response Orientation,LV,3.12,8,0.295,2.5467,3.7033,N,N,07/2017,Analyst
47-4071.00,1.A.2.b.4,Rate Control,IM,2.88,8,0.125,2.63,3.12,N,,07/2017,Analyst
47-4071.00,1.A.2.b.4,Rate Control,LV,2.88,8,0.125,2.63,3.12,N,N,07/2017,Analyst
47-4071.00,1.A.2.c.1,Reaction Time,IM,3.25,8,0.25,2.76,3.74,N,,07/2017,Analyst
47-4071.00,1.A.2.c.1,Reaction Time,LV,3.5,8,0.189,3.1296,3.8704,N,N,07/2017,Analyst
47-4071.00,1.A.2.c.2,Wrist-Finger Speed,IM,2.62,8,0.183,2.2664,2.9836,N,,07/2017,Analyst
47-4071.00,1.A.2.c.2,Wrist-Finger Speed,LV,2.38,8,0.183,2.0164,2.7336,N,N,07/2017,Analyst
47-4071.00,1.A.2.c.3,Speed of Limb Movement,IM,2.25,8,0.3134,1.6358,2.8642,N,,07/2017,Analyst
47-4071.00,1.A.2.c.3,Speed of Limb Movement,LV,2.0,8,0.4629,1.0927,2.9073,N,N,07/2017,Analyst
47-4071.00,1.A.3.a.1,Static Strength,IM,3.12,8,0.125,2.88,3.37,N,,07/2017,Analyst
47-4071.00,1.A.3.a.1,Static Strength,LV,3.12,8,0.125,2.88,3.37,N,N,07/2017,Analyst
47-4071.00,1.A.3.a.2,Explosive Strength,IM,1.88,8,0.2266,1.4309,2.3191,N,,07/2017,Analyst
47-4071.00,1.A.3.a.2,Explosive Strength,LV,1.38,8,0.4199,0.5519,2.1981,N,N,07/2017,Analyst
47-4071.00,1.A.3.a.3,Dynamic Strength,IM,2.88,8,0.2266,2.4309,3.3191,N,,07/2017,Analyst
47-4071.00,1.A.3.a.3,Dynamic Strength,LV,2.88,8,0.125,2.63,3.12,N,N,07/2017,Analyst
47-4071.00,1.A.3.a.4,Trunk Strength,IM,3.0,8,0.0,3.0,3.0,N,,07/2017,Analyst
47-4071.00,1.A.3.a.4,Trunk Strength,LV,3.5,8,0.189,3.1296,3.8704,N,N,07/2017,Analyst
47-4071.00,1.A.3.b.1,Stamina,IM,2.62,8,0.183,2.2664,2.9836,N,,07/2017,Analyst
47-4071.00,1.A.3.b.1,Stamina,LV,2.75,8,0.1637,2.4292,3.0708,N,N,07/2017,Analyst
47-4071.00,1.A.3.c.1,Extent Flexibility,IM,3.12,8,0.125,2.88,3.37,N,,07/2017,Analyst
47-4071.00,1.A.3.c.1,Extent Flexibility,LV,3.12,8,0.125,2.88,3.37,N,N,07/2017,Analyst
47-4071.00,1.A.3.c.2,Dynamic Flexibility,IM,1.62,8,0.2631,1.1094,2.1406,N,,07/2017,Analyst
47-4071.00,1.A.3.c.2,Dynamic Flexibility,LV,0.75,8,0.366,0.0327,1.4673,N,N,07/2017,Analyst
47-4071.00,1.A.3.c.3,Gross Body Coordination,IM,2.75,8,0.1637,2.4292,3.0708,N,,07/2017,Analyst
47-4071.00,1.A.3.c.3,Gross Body Coordination,LV,2.62,8,0.183,2.2664,2.9836,N,N,07/2017,Analyst
47-4071.00,1.A.3.c.4,Gross Body Equilibrium,IM,2.5,8,0.189,2.1296,2.8704,N,,07/2017,Analyst
47-4071.00,1.A.3.c.4,Gross Body Equilibrium,LV,2.5,8,0.189,2.1296,2.8704,N,N,07/2017,Analyst
47-4071.00,1.A.4.a.1,Near Vision,IM,3.25,8,0.1637,2.9292,3.5708,N,,07/2017,Analyst
47-4071.00,1.A.4.a.1,Near Vision,LV,3.12,8,0.125,2.88,3.37,N,N,07/2017,Analyst
47-4071.00,1.A.4.a.2,Far Vision,IM,3.12,8,0.125,2.88,3.37,N,,07/2017,Analyst
47-4071.00,1.A.4.a.2,Far Vision,LV,3.0,8,0.0,3.0,3.0,N,N,07/2017,Analyst
47-4071.00,1.A.4.a.3,Visual Color Discrimination,IM,2.88,8,0.125,2.63,3.12,N,,07/2017,Analyst
47-4071.00,1.A.4.a.3,Visual Color Discrimination,LV,2.62,8,0.183,2.2664,2.9836,N,N,07/2017,Analyst
47-4071.00,1.A.4.a.4,Night Vision,IM,2.0,8,0.0,2.0,2.0,N,,07/2017,Analyst
47-4071.00,1.A.4.a.4,Night Vision,LV,1.88,8,0.125,1.63,2.12,N,N,07/2017,Analyst
47-4071.00,1.A.4.a.5,Peripheral Vision,IM,2.25,8,0.1637,1.9292,2.5708,N,,07/2017,Analyst
47-4071.00,1.A.4.a.5,Peripheral Vision,LV,2.0,8,0.0,2.0,2.0,N,N,07/2017,Analyst
47-4071.00,1.A.4.a.6,Depth Perception,IM,3.38,8,0.2631,2.8594,3.8906,N,,07/2017,Analyst
47-4071.00,1.A.4.a.6,Depth Perception,LV,2.88,8,0.125,2.63,3.12,N,N,07/2017,Analyst
47-4071.00,1.A.4.a.7,Glare Sensitivity,IM,2.62,8,0.183,2.2664,2.9836,N,,07/2017,Analyst
47-4071.00,1.A.4.a.7,Glare Sensitivity,LV,2.5,8,0.189,2.1296,2.8704,N,N,07/2017,Analyst
47-4071.00,1.A.4.b.1,Hearing Sensitivity,IM,3.25,8,0.25,2.76,3.74,N,,07/2017,Analyst
47-4071.00,1.A.4.b.1,Hearing Sensitivity,LV,3.0,8,0.0,3.0,3.0,N,N,07/2017,Analyst
47-4071.00,1.A.4.b.2,Auditory Attention,IM,3.0,8,0.0,3.0,3.0,N,,07/2017,Analyst
47-4071.00,1.A.4.b.2,Auditory Attention,LV,3.0,8,0.0,3.0,3.0,N,N,07/2017,Analyst
47-4071.00,1.A.4.b.3,Sound Localization,IM,2.12,8,0.125,1.88,2.37,N,,07/2017,Analyst
47-4071.00,1.A.4.b.3,Sound Localization,LV,2.0,8,0.0,2.0,2.0,N,N,07/2017,Analyst
47-4071.00,1.A.4.b.4,Speech Recognition,IM,2.75,8,0.1637,2.4292,3.0708,N,,07/2017,Analyst
47-4071.00,1.A.4.b.4,Speech Recognition,LV,2.75,8,0.1637,2.4292,3.0708,N,N,07/2017,Analyst
47-4071.00,1.A.4.b.5,Speech Clarity,IM,2.62,8,0.183,2.2664,2.9836,N,,07/2017,Analyst
47-4071.00,1.A.4.b.5,Speech Clarity,LV,2.75,8,0.1637,2.4292,3.0708,N,N,07/2017,Analyst
47-4091.00,1.A.1.a.1,Oral Comprehension,IM,3.62,8,0.183,3.2664,3.9836,N,,06/2008,Analyst
47-4091.00,1.A.1.a.1,Oral Comprehension,LV,3.5,8,0.2673,2.9762,4.0238,N,N,06/2008,Analyst
47-4091.00,1.A.1.a.2,Written Comprehension,IM,3.0,8,0.189,2.6296,3.3704,N,,06/2008,Analyst
47-4091.00,1.A.1.a.2,Written Comprehension,LV,2.75,8,0.1637,2.4292,3.0708,N,N,06/2008,Analyst
47-4091.00,1.A.1.a.3,Oral Expression,IM,3.62,8,0.183,3.2664,3.9836,N,,06/2008,Analyst
47-4091.00,1.A.1.a.3,Oral Expression,LV,3.12,8,0.2266,2.6809,3.5691,N,N,06/2008,Analyst
47-4091.00,1.A.1.a.4,Written Expression,IM,3.0,8,0.189,2.6296,3.3704,N,,06/2008,Analyst
47-4091.00,1.A.1.a.4,Written Expression,LV,2.62,8,0.183,2.2664,2.9836,N,N,06/2008,Analyst
47-4091.00,1.A.1.b.1,Fluency of Ideas,IM,2.62,8,0.2631,2.1094,3.1406,N,,06/2008,Analyst
47-4091.00,1.A.1.b.1,Fluency of Ideas,LV,2.62,8,0.183,2.2664,2.9836,N,N,06/2008,Analyst
47-4091.00,1.A.1.b.2,Originality,IM,2.62,8,0.2631,2.1094,3.1406,N,,06/2008,Analyst
47-4091.00,1.A.1.b.2,Originality,LV,2.75,8,0.1637,2.4292,3.0708,N,N,06/2008,Analyst
47-4091.00,1.A.1.b.3,Problem Sensitivity,IM,3.38,8,0.183,3.0164,3.7336,N,,06/2008,Analyst
47-4091.00,1.A.1.b.3,Problem Sensitivity,LV,2.88,8,0.2266,2.4309,3.3191,N,N,06/2008,Analyst
47-4091.00,1.A.1.b.4,Deductive Reasoning,IM,3.12,8,0.2266,2.6809,3.5691,N,,06/2008,Analyst
47-4091.00,1.A.1.b.4,Deductive Reasoning,LV,3.0,8,0.2673,2.4762,3.5238,N,N,06/2008,Analyst
47-4091.00,1.A.1.b.5,Inductive Reasoning,IM,3.12,8,0.2266,2.6809,3.5691,N,,06/2008,Analyst
47-4091.00,1.A.1.b.5,Inductive Reasoning,LV,2.88,8,0.295,2.2967,3.4533,N,N,06/2008,Analyst
47-4091.00,1.A.1.b.6,Information Ordering,IM,3.25,8,0.25,2.76,3.74,N,,06/2008,Analyst
47-4091.00,1.A.1.b.6,Information Ordering,LV,3.12,8,0.2266,2.6809,3.5691,N,N,06/2008,Analyst
47-4091.00,1.A.1.b.7,Category Flexibility,IM,3.0,8,0.189,2.6296,3.3704,N,,06/2008,Analyst
47-4091.00,1.A.1.b.7,Category Flexibility,LV,2.88,8,0.2266,2.4309,3.3191,N,N,06/2008,Analyst
47-4091.00,1.A.1.c.1,Mathematical Reasoning,IM,2.12,8,0.125,1.88,2.37,N,,06/2008,Analyst
47-4091.00,1.A.1.c.1,Mathematical Reasoning,LV,2.0,8,0.189,1.6296,2.3704,N,N,06/2008,Analyst
47-4091.00,1.A.1.c.2,Number Facility,IM,2.12,8,0.125,1.88,2.37,N,,06/2008,Analyst
47-4091.00,1.A.1.c.2,Number Facility,LV,2.0,8,0.189,1.6296,2.3704,N,N,06/2008,Analyst
47-4091.00,1.A.1.d.1,Memorization,IM,2.0,8,0.189,1.6296,2.3704,N,,06/2008,Analyst
47-4091.00,1.A.1.d.1,Memorization,LV,1.88,8,0.3504,1.1883,2.5617,N,N,06/2008,Analyst
47-4091.00,1.A.1.e.1,Speed of Closure,IM,2.25,8,0.25,1.76,2.74,N,,06/2008,Analyst
47-4091.00,1.A.1.e.1,Speed of Closure,LV,2.25,8,0.366,1.5327,2.9673,N,N,06/2008,Analyst
47-4091.00,1.A.1.e.2,Flexibility of Closure,IM,2.5,8,0.3273,1.8584,3.1416,N,,06/2008,Analyst
47-4091.00,1.A.1.e.2,Flexibility of Closure,LV,2.25,8,0.366,1.5327,2.9673,N,N,06/2008,Analyst
47-4091.00,1.A.1.e.3,Perceptual Speed,IM,2.75,8,0.25,2.26,3.24,N,,06/2008,Analyst
47-4091.00,1.A.1.e.3,Perceptual Speed,LV,2.5,8,0.189,2.1296,2.8704,N,N,06/2008,Analyst
47-4091.00,1.A.1.f.1,Spatial Orientation,IM,2.5,8,0.2673,1.9762,3.0238,N,,06/2008,Analyst
47-4091.00,1.A.1.f.1,Spatial Orientation,LV,2.38,8,0.2631,1.8594,2.8906,N,N,06/2008,Analyst
47-4091.00,1.A.1.f.2,Visualization,IM,3.0,8,0.189,2.6296,3.3704,N,,06/2008,Analyst
47-4091.00,1.A.1.f.2,Visualization,LV,3.12,8,0.295,2.5467,3.7033,N,N,06/2008,Analyst
47-4091.00,1.A.1.g.1,Selective Attention,IM,2.88,8,0.125,2.63,3.12,N,,06/2008,Analyst
47-4091.00,1.A.1.g.1,Selective Attention,LV,3.25,8,0.25,2.76,3.74,N,N,06/2008,Analyst
47-4091.00,1.A.1.g.2,Time Sharing,IM,2.62,8,0.183,2.2664,2.9836,N,,06/2008,Analyst
47-4091.00,1.A.1.g.2,Time Sharing,LV,2.88,8,0.125,2.63,3.12,N,N,06/2008,Analyst
47-4091.00,1.A.2.a.1,Arm-Hand Steadiness,IM,3.38,8,0.2631,2.8594,3.8906,N,,06/2008,Analyst
47-4091.00,1.A.2.a.1,Arm-Hand Steadiness,LV,3.12,8,0.295,2.5467,3.7033,N,N,06/2008,Analyst
47-4091.00,1.A.2.a.2,Manual Dexterity,IM,3.38,8,0.2631,2.8594,3.8906,N,,06/2008,Analyst
47-4091.00,1.A.2.a.2,Manual Dexterity,LV,3.0,8,0.2673,2.4762,3.5238,N,N,06/2008,Analyst
47-4091.00,1.A.2.a.3,Finger Dexterity,IM,3.12,8,0.2266,2.6809,3.5691,N,,06/2008,Analyst
47-4091.00,1.A.2.a.3,Finger Dexterity,LV,2.75,8,0.1637,2.4292,3.0708,N,N,06/2008,Analyst
47-4091.00,1.A.2.b.1,Control Precision,IM,3.5,8,0.189,3.1296,3.8704,N,,06/2008,Analyst
47-4091.00,1.A.2.b.1,Control Precision,LV,3.38,8,0.183,3.0164,3.7336,N,N,06/2008,Analyst
47-4091.00,1.A.2.b.2,Multilimb Coordination,IM,3.62,8,0.183,3.2664,3.9836,N,,06/2008,Analyst
47-4091.00,1.A.2.b.2,Multilimb Coordination,LV,3.25,8,0.1637,2.9292,3.5708,N,N,06/2008,Analyst
47-4091.00,1.A.2.b.3,Response Orientation,IM,2.88,8,0.295,2.2967,3.4533,N,,06/2008,Analyst
47-4091.00,1.A.2.b.3,Response Orientation,LV,2.75,8,0.3134,2.1358,3.3642,N,N,06/2008,Analyst
47-4091.00,1.A.2.b.4,Rate Control,IM,2.75,8,0.3134,2.1358,3.3642,N,,06/2008,Analyst
47-4091.00,1.A.2.b.4,Rate Control,LV,2.25,8,0.25,1.76,2.74,N,N,06/2008,Analyst
47-4091.00,1.A.2.c.1,Reaction Time,IM,3.0,8,0.2673,2.4762,3.5238,N,,06/2008,Analyst
47-4091.00,1.A.2.c.1,Reaction Time,LV,3.0,8,0.189,2.6296,3.3704,N,N,06/2008,Analyst
47-4091.00,1.A.2.c.2,Wrist-Finger Speed,IM,2.12,8,0.3504,1.4383,2.8117,N,,06/2008,Analyst
47-4091.00,1.A.2.c.2,Wrist-Finger Speed,LV,1.75,8,0.4532,0.8618,2.6382,N,N,06/2008,Analyst
47-4091.00,1.A.2.c.3,Speed of Limb Movement,IM,2.62,8,0.375,1.89,3.36,N,,06/2008,Analyst
47-4091.00,1.A.2.c.3,Speed of Limb Movement,LV,2.12,8,0.3981,1.3447,2.9053,N,N,06/2008,Analyst
47-4091.00,1.A.3.a.1,Static Strength,IM,3.25,8,0.1637,2.9292,3.5708,N,,06/2008,Analyst
47-4091.00,1.A.3.a.1,Static Strength,LV,3.25,8,0.1637,2.9292,3.5708,N,N,06/2008,Analyst
47-4091.00,1.A.3.a.2,Explosive Strength,IM,1.12,8,0.125,1.0,1.37,N,,06/2008,Analyst
47-4091.00,1.A.3.a.2,Explosive Strength,LV,0.25,8,0.25,0.0,0.74,N,Y,06/2008,Analyst
47-4091.00,1.A.3.a.3,Dynamic Strength,IM,2.75,8,0.1637,2.4292,3.0708,N,,06/2008,Analyst
47-4091.00,1.A.3.a.3,Dynamic Strength,LV,2.88,8,0.125,2.63,3.12,N,N,06/2008,Analyst
47-4091.00,1.A.3.a.4,Trunk Strength,IM,3.0,8,0.189,2.6296,3.3704,N,,06/2008,Analyst
47-4091.00,1.A.3.a.4,Trunk Strength,LV,3.12,8,0.125,2.88,3.37,N,N,06/2008,Analyst
47-4091.00,1.A.3.b.1,Stamina,IM,2.5,8,0.378,1.7592,3.2408,N,,06/2008,Analyst
47-4091.00,1.A.3.b.1,Stamina,LV,2.38,8,0.4605,1.4724,3.2776,N,N,06/2008,Analyst
47-4091.00,1.A.3.c.1,Extent Flexibility,IM,2.25,8,0.3134,1.6358,2.8642,N,,06/2008,Analyst
47-4091.00,1.A.3.c.1,Extent Flexibility,LV,2.0,8,0.378,1.2592,2.7408,N,N,06/2008,Analyst
47-4091.00,1.A.3.c.2,Dynamic Flexibility,IM,1.0,8,0.0,1.0,1.0,N,,06/2008,Analyst
47-4091.00,1.A.3.c.2,Dynamic Flexibility,LV,0.0,8,0.0,0.0,0.0,N,Y,06/2008,Analyst
47-4091.00,1.A.3.c.3,Gross Body Coordination,IM,2.5,8,0.189,2.1296,2.8704,N,,06/2008,Analyst
47-4091.00,1.A.3.c.3,Gross Body Coordination,LV,2.5,8,0.2673,1.9762,3.0238,N,N,06/2008,Analyst
47-4091.00,1.A.3.c.4,Gross Body Equilibrium,IM,2.0,8,0.2673,1.4762,2.5238,N,,06/2008,Analyst
47-4091.00,1.A.3.c.4,Gross Body Equilibrium,LV,1.62,8,0.4199,0.8019,2.4481,N,N,06/2008,Analyst
47-4091.00,1.A.4.a.1,Near Vision,IM,3.38,8,0.183,3.0164,3.7336,N,,06/2008,Analyst
47-4091.00,1.A.4.a.1,Near Vision,LV,3.25,8,0.25,2.76,3.74,N,N,06/2008,Analyst
47-4091.00,1.A.4.a.2,Far Vision,IM,2.88,8,0.295,2.2967,3.4533,N,,06/2008,Analyst
47-4091.00,1.A.4.a.2,Far Vision,LV,2.88,8,0.2266,2.4309,3.3191,N,N,06/2008,Analyst
47-4091.00,1.A.4.a.3,Visual Color Discrimination,IM,2.5,8,0.189,2.1296,2.8704,N,,06/2008,Analyst
47-4091.00,1.A.4.a.3,Visual Color Discrimination,LV,2.38,8,0.2631,1.8594,2.8906,N,N,06/2008,Analyst
47-4091.00,1.A.4.a.4,Night Vision,IM,1.88,8,0.295,1.2967,2.4533,N,,06/2008,Analyst
47-4091.00,1.A.4.a.4,Night Vision,LV,1.0,8,0.3273,0.3584,1.6416,N,N,06/2008,Analyst
47-4091.00,1.A.4.a.5,Peripheral Vision,IM,2.12,8,0.3504,1.4383,2.8117,N,,06/2008,Analyst
47-4091.00,1.A.4.a.5,Peripheral Vision,LV,1.62,8,0.4199,0.8019,2.4481,N,N,06/2008,Analyst
47-4091.00,1.A.4.a.6,Depth Perception,IM,3.0,8,0.189,2.6296,3.3704,N,,06/2008,Analyst
47-4091.00,1.A.4.a.6,Depth Perception,LV,2.75,8,0.1637,2.4292,3.0708,N,N,06/2008,Analyst
47-4091.00,1.A.4.a.7,Glare Sensitivity,IM,2.12,8,0.2266,1.6809,2.5691,N,,06/2008,Analyst
47-4091.00,1.A.4.a.7,Glare Sensitivity,LV,2.0,8,0.378,1.2592,2.7408,N,N,06/2008,Analyst
47-4091.00,1.A.4.b.1,Hearing Sensitivity,IM,2.5,8,0.2673,1.9762,3.0238,N,,06/2008,Analyst
47-4091.00,1.A.4.b.1,Hearing Sensitivity,LV,2.62,8,0.183,2.2664,2.9836,N,N,06/2008,Analyst
47-4091.00,1.A.4.b.2,Auditory Attention,IM,2.75,8,0.25,2.26,3.24,N,,06/2008,Analyst
47-4091.00,1.A.4.b.2,Auditory Attention,LV,2.88,8,0.2266,2.4309,3.3191,N,N,06/2008,Analyst
47-4091.00,1.A.4.b.3,Sound Localization,IM,1.75,8,0.25,1.26,2.24,N,,06/2008,Analyst
47-4091.00,1.A.4.b.3,Sound Localization,LV,1.25,8,0.4119,0.4427,2.0573,N,N,06/2008,Analyst
47-4091.00,1.A.4.b.4,Speech Recognition,IM,3.38,8,0.2631,2.8594,3.8906,N,,06/2008,Analyst
47-4091.00,1.A.4.b.4,Speech Recognition,LV,3.0,8,0.3273,2.3584,3.6416,N,N,06/2008,Analyst
47-4091.00,1.A.4.b.5,Speech Clarity,IM,3.25,8,0.25,2.76,3.74,N,,06/2008,Analyst
47-4091.00,1.A.4.b.5,Speech Clarity,LV,3.0,8,0.2673,2.4762,3.5238,N,N,06/2008,Analyst
47-4099.03,1.A.1.a.1,Oral Comprehension,IM,3.25,8,0.1637,2.9292,3.5708,N,,08/2020,Analyst
47-4099.03,1.A.1.a.1,Oral Comprehension,LV,3.5,8,0.189,3.1296,3.8704,N,N,08/2020,Analyst
47-4099.03,1.A.1.a.2,Written Comprehension,IM,2.88,8,0.125,2.63,3.12,N,,08/2020,Analyst
47-4099.03,1.A.1.a.2,Written Comprehension,LV,3.0,8,0.0,3.0,3.0,N,N,08/2020,Analyst
47-4099.03,1.A.1.a.3,Oral Expression,IM,3.25,8,0.1637,2.9292,3.5708,N,,08/2020,Analyst
47-4099.03,1.A.1.a.3,Oral Expression,LV,3.62,8,0.183,3.2664,3.9836,N,N,08/2020,Analyst
47-4099.03,1.A.1.a.4,Written Expression,IM,2.75,8,0.1637,2.4292,3.0708,N,,08/2020,Analyst
47-4099.03,1.A.1.a.4,Written Expression,LV,3.0,8,0.0,3.0,3.0,N,N,08/2020,Analyst
47-4099.03,1.A.1.b.1,Fluency of Ideas,IM,3.0,8,0.189,2.6296,3.3704,N,,08/2020,Analyst
47-4099.03,1.A.1.b.1,Fluency of Ideas,LV,2.88,8,0.2266,2.4309,3.3191,N,N,08/2020,Analyst
47-4099.03,1.A.1.b.2,Originality,IM,2.38,8,0.183,2.0164,2.7336,N,,08/2020,Analyst
47-4099.03,1.A.1.b.2,Originality,LV,2.62,8,0.183,2.2664,2.9836,N,N,08/2020,Analyst
47-4099.03,1.A.1.b.3,Problem Sensitivity,IM,3.88,8,0.125,3.63,4.12,N,,08/2020,Analyst
47-4099.03,1.A.1.b.3,Problem Sensitivity,LV,3.25,8,0.1637,2.9292,3.5708,N,N,08/2020,Analyst
47-4099.03,1.A.1.b.4,Deductive Reasoning,IM,3.0,8,0.0,3.0,3.0,N,,08/2020,Analyst
47-4099.03,1.A.1.b.4,Deductive Reasoning,LV,3.0,8,0.0,3.0,3.0,N,N,08/2020,Analyst
47-4099.03,1.A.1.b.5,Inductive Reasoning,IM,3.0,8,0.0,3.0,3.0,N,,08/2020,Analyst
47-4099.03,1.A.1.b.5,Inductive Reasoning,LV,3.0,8,0.0,3.0,3.0,N,N,08/2020,Analyst
47-4099.03,1.A.1.b.6,Information Ordering,IM,3.25,8,0.1637,2.9292,3.5708,N,,08/2020,Analyst
47-4099.03,1.A.1.b.6,Information Ordering,LV,3.12,8,0.125,2.88,3.37,N,N,08/2020,Analyst
47-4099.03,1.A.1.b.7,Category Flexibility,IM,3.0,8,0.0,3.0,3.0,N,,08/2020,Analyst
47-4099.03,1.A.1.b.7,Category Flexibility,LV,3.0,8,0.0,3.0,3.0,N,N,08/2020,Analyst
47-4099.03,1.A.1.c.1,Mathematical Reasoning,IM,2.75,8,0.1637,2.4292,3.0708,N,,08/2020,Analyst
47-4099.03,1.A.1.c.1,Mathematical Reasoning,LV,2.38,8,0.183,2.0164,2.7336,N,N,08/2020,Analyst
47-4099.03,1.A.1.c.2,Number Facility,IM,2.5,8,0.189,2.1296,2.8704,N,,08/2020,Analyst
47-4099.03,1.A.1.c.2,Number Facility,LV,2.62,8,0.183,2.2664,2.9836,N,N,08/2020,Analyst
47-4099.03,1.A.1.d.1,Memorization,IM,2.12,8,0.125,1.88,2.37,N,,08/2020,Analyst
47-4099.03,1.A.1.d.1,Memorization,LV,2.12,8,0.125,1.88,2.37,N,N,08/2020,Analyst
47-4099.03,1.A.1.e.1,Speed of Closure,IM,2.38,8,0.183,2.0164,2.7336,N,,08/2020,Analyst
47-4099.03,1.A.1.e.1,Speed of Closure,LV,2.25,8,0.1637,1.9292,2.5708,N,N,08/2020,Analyst
47-4099.03,1.A.1.e.2,Flexibility of Closure,IM,3.12,8,0.125,2.88,3.37,N,,08/2020,Analyst
47-4099.03,1.A.1.e.2,Flexibility of Closure,LV,3.12,8,0.125,2.88,3.37,N,N,08/2020,Analyst
47-4099.03,1.A.1.e.3,Perceptual Speed,IM,2.88,8,0.125,2.63,3.12,N,,08/2020,Analyst
47-4099.03,1.A.1.e.3,Perceptual Speed,LV,2.88,8,0.125,2.63,3.12,N,N,08/2020,Analyst
47-4099.03,1.A.1.f.1,Spatial Orientation,IM,2.12,8,0.125,1.88,2.37,N,,08/2020,Analyst
47-4099.03,1.A.1.f.1,Spatial Orientation,LV,2.12,8,0.125,1.88,2.37,N,N,08/2020,Analyst
47-4099.03,1.A.1.f.2,Visualization,IM,3.12,8,0.125,2.88,3.37,N,,08/2020,Analyst
47-4099.03,1.A.1.f.2,Visualization,LV,3.12,8,0.125,2.88,3.37,N,N,08/2020,Analyst
47-4099.03,1.A.1.g.1,Selective Attention,IM,3.0,8,0.0,3.0,3.0,N,,08/2020,Analyst
47-4099.03,1.A.1.g.1,Selective Attention,LV,2.88,8,0.125,2.63,3.12,N,N,08/2020,Analyst
47-4099.03,1.A.1.g.2,Time Sharing,IM,2.88,8,0.125,2.63,3.12,N,,08/2020,Analyst
47-4099.03,1.A.1.g.2,Time Sharing,LV,2.88,8,0.125,2.63,3.12,N,N,08/2020,Analyst
47-4099.03,1.A.2.a.1,Arm-Hand Steadiness,IM,3.25,8,0.1637,2.9292,3.5708,N,,08/2020,Analyst
47-4099.03,1.A.2.a.1,Arm-Hand Steadiness,LV,3.0,8,0.0,3.0,3.0,N,N,08/2020,Analyst
47-4099.03,1.A.2.a.2,Manual Dexterity,IM,3.75,8,0.1637,3.4292,4.0708,N,,08/2020,Analyst
47-4099.03,1.A.2.a.2,Manual Dexterity,LV,3.12,8,0.125,2.88,3.37,N,N,08/2020,Analyst
47-4099.03,1.A.2.a.3,Finger Dexterity,IM,3.0,8,0.0,3.0,3.0,N,,08/2020,Analyst
47-4099.03,1.A.2.a.3,Finger Dexterity,LV,3.0,8,0.0,3.0,3.0,N,N,08/2020,Analyst
47-4099.03,1.A.2.b.1,Control Precision,IM,3.0,8,0.0,3.0,3.0,N,,08/2020,Analyst
47-4099.03,1.A.2.b.1,Control Precision,LV,3.12,8,0.125,2.88,3.37,N,N,08/2020,Analyst
47-4099.03,1.A.2.b.2,Multilimb Coordination,IM,3.12,8,0.125,2.88,3.37,N,,08/2020,Analyst
47-4099.03,1.A.2.b.2,Multilimb Coordination,LV,3.12,8,0.125,2.88,3.37,N,N,08/2020,Analyst
47-4099.03,1.A.2.b.3,Response Orientation,IM,2.25,8,0.1637,1.9292,2.5708,N,,08/2020,Analyst
47-4099.03,1.A.2.b.3,Response Orientation,LV,2.25,8,0.1637,1.9292,2.5708,N,N,08/2020,Analyst
47-4099.03,1.A.2.b.4,Rate Control,IM,2.12,8,0.125,1.88,2.37,N,,08/2020,Analyst
47-4099.03,1.A.2.b.4,Rate Control,LV,2.0,8,0.189,1.6296,2.3704,N,N,08/2020,Analyst
47-4099.03,1.A.2.c.1,Reaction Time,IM,3.0,8,0.189,2.6296,3.3704,N,,08/2020,Analyst
47-4099.03,1.A.2.c.1,Reaction Time,LV,2.88,8,0.2266,2.4309,3.3191,N,N,08/2020,Analyst
47-4099.03,1.A.2.c.2,Wrist-Finger Speed,IM,2.12,8,0.125,1.88,2.37,N,,08/2020,Analyst
47-4099.03,1.A.2.c.2,Wrist-Finger Speed,LV,2.12,8,0.125,1.88,2.37,N,N,08/2020,Analyst
47-4099.03,1.A.2.c.3,Speed of Limb Movement,IM,1.88,8,0.125,1.63,2.12,N,,08/2020,Analyst
47-4099.03,1.A.2.c.3,Speed of Limb Movement,LV,1.75,8,0.25,1.26,2.24,N,N,08/2020,Analyst
47-4099.03,1.A.3.a.1,Static Strength,IM,2.88,8,0.125,2.63,3.12,N,,08/2020,Analyst
47-4099.03,1.A.3.a.1,Static Strength,LV,3.0,8,0.0,3.0,3.0,N,N,08/2020,Analyst
47-4099.03,1.A.3.a.2,Explosive Strength,IM,1.75,8,0.25,1.26,2.24,N,,08/2020,Analyst
47-4099.03,1.A.3.a.2,Explosive Strength,LV,1.0,8,0.3273,0.3584,1.6416,N,N,08/2020,Analyst
47-4099.03,1.A.3.a.3,Dynamic Strength,IM,2.5,8,0.189,2.1296,2.8704,N,,08/2020,Analyst
47-4099.03,1.A.3.a.3,Dynamic Strength,LV,2.25,8,0.1637,1.9292,2.5708,N,N,08/2020,Analyst
47-4099.03,1.A.3.a.4,Trunk Strength,IM,3.12,8,0.125,2.88,3.37,N,,08/2020,Analyst
47-4099.03,1.A.3.a.4,Trunk Strength,LV,3.12,8,0.125,2.88,3.37,N,N,08/2020,Analyst
47-4099.03,1.A.3.b.1,Stamina,IM,2.5,8,0.189,2.1296,2.8704,N,,08/2020,Analyst
47-4099.03,1.A.3.b.1,Stamina,LV,2.5,8,0.189,2.1296,2.8704,N,N,08/2020,Analyst
47-4099.03,1.A.3.c.1,Extent Flexibility,IM,3.12,8,0.125,2.88,3.37,N,,08/2020,Analyst
47-4099.03,1.A.3.c.1,Extent Flexibility,LV,3.25,8,0.1637,2.9292,3.5708,N,N,08/2020,Analyst
47-4099.03,1.A.3.c.2,Dynamic Flexibility,IM,1.38,8,0.183,1.0164,1.7336,N,,08/2020,Analyst
47-4099.03,1.A.3.c.2,Dynamic Flexibility,LV,0.5,8,0.2673,0.0,1.0238,N,N,08/2020,Analyst
47-4099.03,1.A.3.c.3,Gross Body Coordination,IM,2.5,8,0.189,2.1296,2.8704,N,,08/2020,Analyst
47-4099.03,1.A.3.c.3,Gross Body Coordination,LV,2.5,8,0.189,2.1296,2.8704,N,N,08/2020,Analyst
47-4099.03,1.A.3.c.4,Gross Body Equilibrium,IM,2.5,8,0.189,2.1296,2.8704,N,,08/2020,Analyst
47-4099.03,1.A.3.c.4,Gross Body Equilibrium,LV,2.38,8,0.183,2.0164,2.7336,N,N,08/2020,Analyst
47-4099.03,1.A.4.a.1,Near Vision,IM,4.0,8,0.0,4.0,4.0,N,,08/2020,Analyst
47-4099.03,1.A.4.a.1,Near Vision,LV,3.38,8,0.183,3.0164,3.7336,N,N,08/2020,Analyst
47-4099.03,1.A.4.a.2,Far Vision,IM,3.12,8,0.125,2.88,3.37,N,,08/2020,Analyst
47-4099.03,1.A.4.a.2,Far Vision,LV,3.12,8,0.125,2.88,3.37,N,N,08/2020,Analyst
47-4099.03,1.A.4.a.3,Visual Color Discrimination,IM,3.0,8,0.0,3.0,3.0,N,,08/2020,Analyst
47-4099.03,1.A.4.a.3,Visual Color Discrimination,LV,3.0,8,0.0,3.0,3.0,N,N,08/2020,Analyst
47-4099.03,1.A.4.a.4,Night Vision,IM,2.0,8,0.0,2.0,2.0,N,,08/2020,Analyst
47-4099.03,1.A.4.a.4,Night Vision,LV,1.25,8,0.1637,0.9292,1.5708,N,N,08/2020,Analyst
47-4099.03,1.A.4.a.5,Peripheral Vision,IM,2.0,8,0.0,2.0,2.0,N,,08/2020,Analyst
47-4099.03,1.A.4.a.5,Peripheral Vision,LV,1.25,8,0.1637,0.9292,1.5708,N,N,08/2020,Analyst
47-4099.03,1.A.4.a.6,Depth Perception,IM,3.12,8,0.125,2.88,3.37,N,,08/2020,Analyst
47-4099.03,1.A.4.a.6,Depth Perception,LV,2.88,8,0.2266,2.4309,3.3191,N,N,08/2020,Analyst
47-4099.03,1.A.4.a.7,Glare Sensitivity,IM,2.25,8,0.1637,1.9292,2.5708,N,,08/2020,Analyst
47-4099.03,1.A.4.a.7,Glare Sensitivity,LV,2.12,8,0.125,1.88,2.37,N,N,08/2020,Analyst
47-4099.03,1.A.4.b.1,Hearing Sensitivity,IM,2.38,8,0.183,2.0164,2.7336,N,,08/2020,Analyst
47-4099.03,1.A.4.b.1,Hearing Sensitivity,LV,2.38,8,0.183,2.0164,2.7336,N,N,08/2020,Analyst
47-4099.03,1.A.4.b.2,Auditory Attention,IM,2.5,8,0.189,2.1296,2.8704,N,,08/2020,Analyst
47-4099.03,1.A.4.b.2,Auditory Attention,LV,2.88,8,0.125,2.63,3.12,N,N,08/2020,Analyst
47-4099.03,1.A.4.b.3,Sound Localization,IM,2.0,8,0.0,2.0,2.0,N,,08/2020,Analyst
47-4099.03,1.A.4.b.3,Sound Localization,LV,1.62,8,0.183,1.2664,1.9836,N,N,08/2020,Analyst
47-4099.03,1.A.4.b.4,Speech Recognition,IM,3.0,8,0.0,3.0,3.0,N,,08/2020,Analyst
47-4099.03,1.A.4.b.4,Speech Recognition,LV,3.0,8,0.0,3.0,3.0,N,N,08/2020,Analyst
47-4099.03,1.A.4.b.5,Speech Clarity,IM,3.0,8,0.0,3.0,3.0,N,,08/2020,Analyst
47-4099.03,1.A.4.b.5,Speech Clarity,LV,3.12,8,0.125,2.88,3.37,N,N,08/2020,Analyst
47-5011.00,1.A.1.a.1,Oral Comprehension,IM,3.25,8,0.1637,2.9292,3.5708,N,,06/2006,Analyst
47-5011.00,1.A.1.a.1,Oral Comprehension,LV,3.75,8,0.1637,3.4292,4.0708,N,N,06/2006,Analyst
47-5011.00,1.A.1.a.2,Written Comprehension,IM,2.75,8,0.1637,2.4292,3.0708,N,,06/2006,Analyst
47-5011.00,1.A.1.a.2,Written Comprehension,LV,2.63,8,0.183,2.2664,2.9836,N,N,06/2006,Analyst
47-5011.00,1.A.1.a.3,Oral Expression,IM,3.38,8,0.183,3.0164,3.7336,N,,06/2006,Analyst
47-5011.00,1.A.1.a.3,Oral Expression,LV,3.75,8,0.1637,3.4292,4.0708,N,N,06/2006,Analyst
47-5011.00,1.A.1.a.4,Written Expression,IM,2.75,8,0.1637,2.4292,3.0708,N,,06/2006,Analyst
47-5011.00,1.A.1.a.4,Written Expression,LV,2.63,8,0.2631,2.1094,3.1406,N,N,06/2006,Analyst
47-5011.00,1.A.1.b.1,Fluency of Ideas,IM,2.38,8,0.2631,1.8594,2.8906,N,,06/2006,Analyst
47-5011.00,1.A.1.b.1,Fluency of Ideas,LV,2.13,8,0.3504,1.4383,2.8117,N,N,06/2006,Analyst
47-5011.00,1.A.1.b.2,Originality,IM,2.25,8,0.25,1.76,2.74,N,,06/2006,Analyst
47-5011.00,1.A.1.b.2,Originality,LV,2.0,8,0.3273,1.3584,2.6416,N,N,06/2006,Analyst
47-5011.00,1.A.1.b.3,Problem Sensitivity,IM,3.63,8,0.183,3.2664,3.9836,N,,06/2006,Analyst
47-5011.00,1.A.1.b.3,Problem Sensitivity,LV,3.38,8,0.183,3.0164,3.7336,N,N,06/2006,Analyst
47-5011.00,1.A.1.b.4,Deductive Reasoning,IM,3.38,8,0.183,3.0164,3.7336,N,,06/2006,Analyst
47-5011.00,1.A.1.b.4,Deductive Reasoning,LV,2.88,8,0.125,2.63,3.12,N,N,06/2006,Analyst
47-5011.00,1.A.1.b.5,Inductive Reasoning,IM,3.25,8,0.1637,2.9292,3.5708,N,,06/2006,Analyst
47-5011.00,1.A.1.b.5,Inductive Reasoning,LV,2.88,8,0.125,2.63,3.12,N,N,06/2006,Analyst
47-5011.00,1.A.1.b.6,Information Ordering,IM,3.13,8,0.125,2.88,3.37,N,,06/2006,Analyst
47-5011.00,1.A.1.b.6,Information Ordering,LV,3.13,8,0.2266,2.6809,3.5691,N,N,06/2006,Analyst
47-5011.00,1.A.1.b.7,Category Flexibility,IM,3.0,8,0.0,3.0,3.0,N,,06/2006,Analyst
47-5011.00,1.A.1.b.7,Category Flexibility,LV,2.5,8,0.189,2.1296,2.8704,N,N,06/2006,Analyst
47-5011.00,1.A.1.c.1,Mathematical Reasoning,IM,2.38,8,0.183,2.0164,2.7336,N,,06/2006,Analyst
47-5011.00,1.A.1.c.1,Mathematical Reasoning,LV,2.0,8,0.189,1.6296,2.3704,N,N,06/2006,Analyst
47-5011.00,1.A.1.c.2,Number Facility,IM,2.63,8,0.183,2.2664,2.9836,N,,06/2006,Analyst
47-5011.00,1.A.1.c.2,Number Facility,LV,2.0,8,0.2673,1.4762,2.5238,N,N,06/2006,Analyst
47-5011.00,1.A.1.d.1,Memorization,IM,2.38,8,0.183,2.0164,2.7336,N,,06/2006,Analyst
47-5011.00,1.A.1.d.1,Memorization,LV,2.38,8,0.183,2.0164,2.7336,N,N,06/2006,Analyst
47-5011.00,1.A.1.e.1,Speed of Closure,IM,3.0,8,0.189,2.6296,3.3704,N,,06/2006,Analyst
47-5011.00,1.A.1.e.1,Speed of Closure,LV,2.75,8,0.25,2.26,3.24,N,N,06/2006,Analyst
47-5011.00,1.A.1.e.2,Flexibility of Closure,IM,3.38,8,0.183,3.0164,3.7336,N,,06/2006,Analyst
47-5011.00,1.A.1.e.2,Flexibility of Closure,LV,3.5,8,0.189,3.1296,3.8704,N,N,06/2006,Analyst
47-5011.00,1.A.1.e.3,Perceptual Speed,IM,3.25,8,0.25,2.76,3.74,N,,06/2006,Analyst
47-5011.00,1.A.1.e.3,Perceptual Speed,LV,3.38,8,0.2631,2.8594,3.8906,N,N,06/2006,Analyst
47-5011.00,1.A.1.f.1,Spatial Orientation,IM,2.63,8,0.2631,2.1094,3.1406,N,,06/2006,Analyst
47-5011.00,1.A.1.f.1,Spatial Orientation,LV,2.25,8,0.25,1.76,2.74,N,N,06/2006,Analyst
47-5011.00,1.A.1.f.2,Visualization,IM,3.25,8,0.25,2.76,3.74,N,,06/2006,Analyst
47-5011.00,1.A.1.f.2,Visualization,LV,3.38,8,0.2631,2.8594,3.8906,N,N,06/2006,Analyst
47-5011.00,1.A.1.g.1,Selective Attention,IM,3.38,8,0.183,3.0164,3.7336,N,,06/2006,Analyst
47-5011.00,1.A.1.g.1,Selective Attention,LV,3.5,8,0.378,2.7592,4.2408,N,N,06/2006,Analyst
47-5011.00,1.A.1.g.2,Time Sharing,IM,2.88,8,0.2266,2.4309,3.3191,N,,06/2006,Analyst
47-5011.00,1.A.1.g.2,Time Sharing,LV,3.13,8,0.2266,2.6809,3.5691,N,N,06/2006,Analyst
47-5011.00,1.A.2.a.1,Arm-Hand Steadiness,IM,3.75,8,0.1637,3.4292,4.0708,N,,06/2006,Analyst
47-5011.00,1.A.2.a.1,Arm-Hand Steadiness,LV,3.13,8,0.3504,2.4383,3.8117,N,N,06/2006,Analyst
47-5011.00,1.A.2.a.2,Manual Dexterity,IM,3.75,8,0.1637,3.4292,4.0708,N,,06/2006,Analyst
47-5011.00,1.A.2.a.2,Manual Dexterity,LV,3.63,8,0.2631,3.1094,4.1406,N,N,06/2006,Analyst
47-5011.00,1.A.2.a.3,Finger Dexterity,IM,3.25,8,0.1637,2.9292,3.5708,N,,06/2006,Analyst
47-5011.00,1.A.2.a.3,Finger Dexterity,LV,3.38,8,0.2631,2.8594,3.8906,N,N,06/2006,Analyst
47-5011.00,1.A.2.b.1,Control Precision,IM,3.88,8,0.125,3.63,4.12,N,,06/2006,Analyst
47-5011.00,1.A.2.b.1,Control Precision,LV,4.0,8,0.0,4.0,4.0,N,N,06/2006,Analyst
47-5011.00,1.A.2.b.2,Multilimb Coordination,IM,4.0,8,0.0,4.0,4.0,N,,06/2006,Analyst
47-5011.00,1.A.2.b.2,Multilimb Coordination,LV,3.88,8,0.125,3.63,4.12,N,N,06/2006,Analyst
47-5011.00,1.A.2.b.3,Response Orientation,IM,3.25,8,0.25,2.76,3.74,N,,06/2006,Analyst
47-5011.00,1.A.2.b.3,Response Orientation,LV,3.38,8,0.183,3.0164,3.7336,N,N,06/2006,Analyst
47-5011.00,1.A.2.b.4,Rate Control,IM,3.13,8,0.125,2.88,3.37,N,,06/2006,Analyst
47-5011.00,1.A.2.b.4,Rate Control,LV,3.38,8,0.2631,2.8594,3.8906,N,N,06/2006,Analyst
47-5011.00,1.A.2.c.1,Reaction Time,IM,3.75,8,0.1637,3.4292,4.0708,N,,06/2006,Analyst
47-5011.00,1.A.2.c.1,Reaction Time,LV,4.0,8,0.0,4.0,4.0,N,N,06/2006,Analyst
47-5011.00,1.A.2.c.2,Wrist-Finger Speed,IM,2.75,8,0.3134,2.1358,3.3642,N,,06/2006,Analyst
47-5011.00,1.A.2.c.2,Wrist-Finger Speed,LV,2.63,8,0.3239,1.9902,3.2598,N,N,06/2006,Analyst
47-5011.00,1.A.2.c.3,Speed of Limb Movement,IM,3.13,8,0.295,2.5467,3.7033,N,,06/2006,Analyst
47-5011.00,1.A.2.c.3,Speed of Limb Movement,LV,3.25,8,0.25,2.76,3.74,N,N,06/2006,Analyst
47-5011.00,1.A.3.a.1,Static Strength,IM,3.63,8,0.183,3.2664,3.9836,N,,06/2006,Analyst
47-5011.00,1.A.3.a.1,Static Strength,LV,4.0,8,0.2673,3.4762,4.5238,N,N,06/2006,Analyst
47-5011.00,1.A.3.a.2,Explosive Strength,IM,1.25,8,0.1637,1.0,1.5708,N,,06/2006,Analyst
47-5011.00,1.A.3.a.2,Explosive Strength,LV,0.5,8,0.3273,0.0,1.1416,N,Y,06/2006,Analyst
47-5011.00,1.A.3.a.3,Dynamic Strength,IM,2.75,8,0.3134,2.1358,3.3642,N,,06/2006,Analyst
47-5011.00,1.A.3.a.3,Dynamic Strength,LV,2.88,8,0.295,2.2967,3.4533,N,N,06/2006,Analyst
47-5011.00,1.A.3.a.4,Trunk Strength,IM,3.5,8,0.189,3.1296,3.8704,N,,06/2006,Analyst
47-5011.00,1.A.3.a.4,Trunk Strength,LV,3.75,8,0.1637,3.4292,4.0708,N,N,06/2006,Analyst
47-5011.00,1.A.3.b.1,Stamina,IM,3.5,8,0.189,3.1296,3.8704,N,,06/2006,Analyst
47-5011.00,1.A.3.b.1,Stamina,LV,3.25,8,0.3134,2.6358,3.8642,N,N,06/2006,Analyst
47-5011.00,1.A.3.c.1,Extent Flexibility,IM,3.63,8,0.183,3.2664,3.9836,N,,06/2006,Analyst
47-5011.00,1.A.3.c.1,Extent Flexibility,LV,4.13,8,0.3981,3.3447,4.9053,N,N,06/2006,Analyst
47-5011.00,1.A.3.c.2,Dynamic Flexibility,IM,1.25,8,0.1637,1.0,1.5708,N,,06/2006,Analyst
47-5011.00,1.A.3.c.2,Dynamic Flexibility,LV,0.38,8,0.2631,0.0,0.8906,N,Y,06/2006,Analyst
47-5011.00,1.A.3.c.3,Gross Body Coordination,IM,3.25,8,0.1637,2.9292,3.5708,N,,06/2006,Analyst
47-5011.00,1.A.3.c.3,Gross Body Coordination,LV,3.13,8,0.295,2.5467,3.7033,N,N,06/2006,Analyst
47-5011.00,1.A.3.c.4,Gross Body Equilibrium,IM,3.38,8,0.183,3.0164,3.7336,N,,06/2006,Analyst
47-5011.00,1.A.3.c.4,Gross Body Equilibrium,LV,3.38,8,0.375,2.64,4.11,N,N,06/2006,Analyst
47-5011.00,1.A.4.a.1,Near Vision,IM,3.25,8,0.1637,2.9292,3.5708,N,,06/2006,Analyst
47-5011.00,1.A.4.a.1,Near Vision,LV,3.25,8,0.3134,2.6358,3.8642,N,N,06/2006,Analyst
47-5011.00,1.A.4.a.2,Far Vision,IM,3.38,8,0.2631,2.8594,3.8906,N,,06/2006,Analyst
47-5011.00,1.A.4.a.2,Far Vision,LV,3.13,8,0.3504,2.4383,3.8117,N,N,06/2006,Analyst
47-5011.00,1.A.4.a.3,Visual Color Discrimination,IM,3.13,8,0.2266,2.6809,3.5691,N,,06/2006,Analyst
47-5011.00,1.A.4.a.3,Visual Color Discrimination,LV,2.75,8,0.3134,2.1358,3.3642,N,N,06/2006,Analyst
47-5011.00,1.A.4.a.4,Night Vision,IM,2.0,8,0.189,1.6296,2.3704,N,,06/2006,Analyst
47-5011.00,1.A.4.a.4,Night Vision,LV,1.75,8,0.25,1.26,2.24,N,N,06/2006,Analyst
47-5011.00,1.A.4.a.5,Peripheral Vision,IM,2.38,8,0.2631,1.8594,2.8906,N,,06/2006,Analyst
47-5011.00,1.A.4.a.5,Peripheral Vision,LV,2.0,8,0.4226,1.1717,2.8283,N,N,06/2006,Analyst
47-5011.00,1.A.4.a.6,Depth Perception,IM,3.5,8,0.189,3.1296,3.8704,N,,06/2006,Analyst
47-5011.00,1.A.4.a.6,Depth Perception,LV,4.0,8,0.2673,3.4762,4.5238,N,N,06/2006,Analyst
47-5011.00,1.A.4.a.7,Glare Sensitivity,IM,2.88,8,0.2266,2.4309,3.3191,N,,06/2006,Analyst
47-5011.00,1.A.4.a.7,Glare Sensitivity,LV,2.63,8,0.183,2.2664,2.9836,N,N,06/2006,Analyst
47-5011.00,1.A.4.b.1,Hearing Sensitivity,IM,3.5,8,0.189,3.1296,3.8704,N,,06/2006,Analyst
47-5011.00,1.A.4.b.1,Hearing Sensitivity,LV,3.38,8,0.183,3.0164,3.7336,N,N,06/2006,Analyst
47-5011.00,1.A.4.b.2,Auditory Attention,IM,3.5,8,0.2673,2.9762,4.0238,N,,06/2006,Analyst
47-5011.00,1.A.4.b.2,Auditory Attention,LV,4.0,8,0.4226,3.1717,4.8283,N,N,06/2006,Analyst
47-5011.00,1.A.4.b.3,Sound Localization,IM,2.38,8,0.2631,1.8594,2.8906,N,,06/2006,Analyst
47-5011.00,1.A.4.b.3,Sound Localization,LV,2.13,8,0.3504,1.4383,2.8117,N,N,06/2006,Analyst
47-5011.00,1.A.4.b.4,Speech Recognition,IM,3.25,8,0.1637,2.9292,3.5708,N,,06/2006,Analyst
47-5011.00,1.A.4.b.4,Speech Recognition,LV,2.5,8,0.189,2.1296,2.8704,N,N,06/2006,Analyst
47-5011.00,1.A.4.b.5,Speech Clarity,IM,3.38,8,0.183,3.0164,3.7336,N,,06/2006,Analyst
47-5011.00,1.A.4.b.5,Speech Clarity,LV,3.13,8,0.125,2.88,3.37,N,N,06/2006,Analyst
47-5012.00,1.A.1.a.1,Oral Comprehension,IM,3.63,8,0.2631,3.1094,4.1406,N,,12/2005,Analyst
47-5012.00,1.A.1.a.1,Oral Comprehension,LV,3.75,8,0.1637,3.4292,4.0708,N,N,12/2005,Analyst
47-5012.00,1.A.1.a.2,Written Comprehension,IM,3.13,8,0.2266,2.6809,3.5691,N,,12/2005,Analyst
47-5012.00,1.A.1.a.2,Written Comprehension,LV,3.0,8,0.2673,2.4762,3.5238,N,N,12/2005,Analyst
47-5012.00,1.A.1.a.3,Oral Expression,IM,3.63,8,0.2631,3.1094,4.1406,N,,12/2005,Analyst
47-5012.00,1.A.1.a.3,Oral Expression,LV,3.63,8,0.2631,3.1094,4.1406,N,N,12/2005,Analyst
47-5012.00,1.A.1.a.4,Written Expression,IM,3.25,8,0.3134,2.6358,3.8642,N,,12/2005,Analyst
47-5012.00,1.A.1.a.4,Written Expression,LV,3.13,8,0.295,2.5467,3.7033,N,N,12/2005,Analyst
47-5012.00,1.A.1.b.1,Fluency of Ideas,IM,2.5,8,0.189,2.1296,2.8704,N,,12/2005,Analyst
47-5012.00,1.A.1.b.1,Fluency of Ideas,LV,2.75,8,0.3134,2.1358,3.3642,N,N,12/2005,Analyst
47-5012.00,1.A.1.b.2,Originality,IM,2.5,8,0.189,2.1296,2.8704,N,,12/2005,Analyst
47-5012.00,1.A.1.b.2,Originality,LV,2.63,8,0.183,2.2664,2.9836,N,N,12/2005,Analyst
47-5012.00,1.A.1.b.3,Problem Sensitivity,IM,4.0,8,0.189,3.6296,4.3704,N,,12/2005,Analyst
47-5012.00,1.A.1.b.3,Problem Sensitivity,LV,3.5,8,0.3273,2.8584,4.1416,N,N,12/2005,Analyst
47-5012.00,1.A.1.b.4,Deductive Reasoning,IM,3.38,8,0.2631,2.8594,3.8906,N,,12/2005,Analyst
47-5012.00,1.A.1.b.4,Deductive Reasoning,LV,3.38,8,0.2631,2.8594,3.8906,N,N,12/2005,Analyst
47-5012.00,1.A.1.b.5,Inductive Reasoning,IM,3.38,8,0.2631,2.8594,3.8906,N,,12/2005,Analyst
47-5012.00,1.A.1.b.5,Inductive Reasoning,LV,3.25,8,0.25,2.76,3.74,N,N,12/2005,Analyst
47-5012.00,1.A.1.b.6,Information Ordering,IM,3.63,8,0.2631,3.1094,4.1406,N,,12/2005,Analyst
47-5012.00,1.A.1.b.6,Information Ordering,LV,3.75,8,0.1637,3.4292,4.0708,N,N,12/2005,Analyst
47-5012.00,1.A.1.b.7,Category Flexibility,IM,3.13,8,0.2266,2.6809,3.5691,N,,12/2005,Analyst
47-5012.00,1.A.1.b.7,Category Flexibility,LV,3.13,8,0.2266,2.6809,3.5691,N,N,12/2005,Analyst
47-5012.00,1.A.1.c.1,Mathematical Reasoning,IM,2.5,8,0.189,2.1296,2.8704,N,,12/2005,Analyst
47-5012.00,1.A.1.c.1,Mathematical Reasoning,LV,2.0,8,0.378,1.2592,2.7408,N,N,12/2005,Analyst
47-5012.00,1.A.1.c.2,Number Facility,IM,2.63,8,0.2631,2.1094,3.1406,N,,12/2005,Analyst
47-5012.00,1.A.1.c.2,Number Facility,LV,2.25,8,0.25,1.76,2.74,N,N,12/2005,Analyst
47-5012.00,1.A.1.d.1,Memorization,IM,2.25,8,0.1637,1.9292,2.5708,N,,12/2005,Analyst
47-5012.00,1.A.1.d.1,Memorization,LV,2.5,8,0.2673,1.9762,3.0238,N,N,12/2005,Analyst
47-5012.00,1.A.1.e.1,Speed of Closure,IM,2.5,8,0.3273,1.8584,3.1416,N,,12/2005,Analyst
47-5012.00,1.A.1.e.1,Speed of Closure,LV,2.38,8,0.4199,1.5519,3.1981,N,N,12/2005,Analyst
47-5012.00,1.A.1.e.2,Flexibility of Closure,IM,3.0,8,0.3273,2.3584,3.6416,N,,12/2005,Analyst
47-5012.00,1.A.1.e.2,Flexibility of Closure,LV,2.88,8,0.295,2.2967,3.4533,N,N,12/2005,Analyst
47-5012.00,1.A.1.e.3,Perceptual Speed,IM,3.13,8,0.3504,2.4383,3.8117,N,,12/2005,Analyst
47-5012.00,1.A.1.e.3,Perceptual Speed,LV,3.0,8,0.2673,2.4762,3.5238,N,N,12/2005,Analyst
47-5012.00,1.A.1.f.1,Spatial Orientation,IM,2.25,8,0.25,1.76,2.74,N,,12/2005,Analyst
47-5012.00,1.A.1.f.1,Spatial Orientation,LV,2.0,8,0.378,1.2592,2.7408,N,N,12/2005,Analyst
47-5012.00,1.A.1.f.2,Visualization,IM,3.0,8,0.189,2.6296,3.3704,N,,12/2005,Analyst
47-5012.00,1.A.1.f.2,Visualization,LV,3.13,8,0.2266,2.6809,3.5691,N,N,12/2005,Analyst
47-5012.00,1.A.1.g.1,Selective Attention,IM,3.38,8,0.2631,2.8594,3.8906,N,,12/2005,Analyst
47-5012.00,1.A.1.g.1,Selective Attention,LV,4.0,8,0.3273,3.3584,4.6416,N,N,12/2005,Analyst
47-5012.00,1.A.1.g.2,Time Sharing,IM,2.88,8,0.295,2.2967,3.4533,N,,12/2005,Analyst
47-5012.00,1.A.1.g.2,Time Sharing,LV,3.0,8,0.189,2.6296,3.3704,N,N,12/2005,Analyst
47-5012.00,1.A.2.a.1,Arm-Hand Steadiness,IM,3.75,8,0.1637,3.4292,4.0708,N,,12/2005,Analyst
47-5012.00,1.A.2.a.1,Arm-Hand Steadiness,LV,3.0,8,0.189,2.6296,3.3704,N,N,12/2005,Analyst
47-5012.00,1.A.2.a.2,Manual Dexterity,IM,3.75,8,0.1637,3.4292,4.0708,N,,12/2005,Analyst
47-5012.00,1.A.2.a.2,Manual Dexterity,LV,3.38,8,0.183,3.0164,3.7336,N,N,12/2005,Analyst
47-5012.00,1.A.2.a.3,Finger Dexterity,IM,3.5,8,0.189,3.1296,3.8704,N,,12/2005,Analyst
47-5012.00,1.A.2.a.3,Finger Dexterity,LV,3.13,8,0.2266,2.6809,3.5691,N,N,12/2005,Analyst
47-5012.00,1.A.2.b.1,Control Precision,IM,4.0,8,0.0,4.0,4.0,N,,12/2005,Analyst
47-5012.00,1.A.2.b.1,Control Precision,LV,3.75,8,0.1637,3.4292,4.0708,N,N,12/2005,Analyst
47-5012.00,1.A.2.b.2,Multilimb Coordination,IM,3.75,8,0.25,3.26,4.24,N,,12/2005,Analyst
47-5012.00,1.A.2.b.2,Multilimb Coordination,LV,3.5,8,0.189,3.1296,3.8704,N,N,12/2005,Analyst
47-5012.00,1.A.2.b.3,Response Orientation,IM,2.63,8,0.3239,1.9902,3.2598,N,,12/2005,Analyst
47-5012.00,1.A.2.b.3,Response Orientation,LV,2.88,8,0.3981,2.0947,3.6553,N,N,12/2005,Analyst
47-5012.00,1.A.2.b.4,Rate Control,IM,3.38,8,0.3239,2.7402,4.0098,N,,12/2005,Analyst
47-5012.00,1.A.2.b.4,Rate Control,LV,3.25,8,0.1637,2.9292,3.5708,N,N,12/2005,Analyst
47-5012.00,1.A.2.c.1,Reaction Time,IM,3.13,8,0.2266,2.6809,3.5691,N,,12/2005,Analyst
47-5012.00,1.A.2.c.1,Reaction Time,LV,3.13,8,0.2266,2.6809,3.5691,N,N,12/2005,Analyst
47-5012.00,1.A.2.c.2,Wrist-Finger Speed,IM,1.88,8,0.2266,1.4309,2.3191,N,,12/2005,Analyst
47-5012.00,1.A.2.c.2,Wrist-Finger Speed,LV,1.38,8,0.375,0.64,2.11,N,N,12/2005,Analyst
47-5012.00,1.A.2.c.3,Speed of Limb Movement,IM,2.0,8,0.2673,1.4762,2.5238,N,,12/2005,Analyst
47-5012.00,1.A.2.c.3,Speed of Limb Movement,LV,1.75,8,0.4532,0.8618,2.6382,N,N,12/2005,Analyst
47-5012.00,1.A.3.a.1,Static Strength,IM,2.88,8,0.295,2.2967,3.4533,N,,12/2005,Analyst
47-5012.00,1.A.3.a.1,Static Strength,LV,3.38,8,0.2631,2.8594,3.8906,N,N,12/2005,Analyst
47-5012.00,1.A.3.a.2,Explosive Strength,IM,1.13,8,0.125,1.0,1.37,N,,12/2005,Analyst
47-5012.00,1.A.3.a.2,Explosive Strength,LV,0.25,8,0.25,0.0,0.74,N,Y,12/2005,Analyst
47-5012.00,1.A.3.a.3,Dynamic Strength,IM,2.5,8,0.378,1.7592,3.2408,N,,12/2005,Analyst
47-5012.00,1.A.3.a.3,Dynamic Strength,LV,2.5,8,0.5345,1.4523,3.5477,Y,N,12/2005,Analyst
47-5012.00,1.A.3.a.4,Trunk Strength,IM,2.75,8,0.25,2.26,3.24,N,,12/2005,Analyst
47-5012.00,1.A.3.a.4,Trunk Strength,LV,3.13,8,0.295,2.5467,3.7033,N,N,12/2005,Analyst
47-5012.00,1.A.3.b.1,Stamina,IM,2.38,8,0.3239,1.7402,3.0098,N,,12/2005,Analyst
47-5012.00,1.A.3.b.1,Stamina,LV,2.13,8,0.3981,1.3447,2.9053,N,N,12/2005,Analyst
47-5012.00,1.A.3.c.1,Extent Flexibility,IM,2.63,8,0.2631,2.1094,3.1406,N,,12/2005,Analyst
47-5012.00,1.A.3.c.1,Extent Flexibility,LV,2.88,8,0.3504,2.1883,3.5617,N,N,12/2005,Analyst
47-5012.00,1.A.3.c.2,Dynamic Flexibility,IM,1.0,8,0.0,1.0,1.0,N,,12/2005,Analyst
47-5012.00,1.A.3.c.2,Dynamic Flexibility,LV,0.0,8,0.0,0.0,0.0,N,Y,12/2005,Analyst
47-5012.00,1.A.3.c.3,Gross Body Coordination,IM,2.63,8,0.2631,2.1094,3.1406,N,,12/2005,Analyst
47-5012.00,1.A.3.c.3,Gross Body Coordination,LV,2.63,8,0.183,2.2664,2.9836,N,N,12/2005,Analyst
47-5012.00,1.A.3.c.4,Gross Body Equilibrium,IM,2.75,8,0.1637,2.4292,3.0708,N,,12/2005,Analyst
47-5012.00,1.A.3.c.4,Gross Body Equilibrium,LV,2.5,8,0.189,2.1296,2.8704,N,N,12/2005,Analyst
47-5012.00,1.A.4.a.1,Near Vision,IM,3.88,8,0.125,3.63,4.12,N,,12/2005,Analyst
47-5012.00,1.A.4.a.1,Near Vision,LV,3.38,8,0.2631,2.8594,3.8906,N,N,12/2005,Analyst
47-5012.00,1.A.4.a.2,Far Vision,IM,2.75,8,0.4119,1.9427,3.5573,N,,12/2005,Analyst
47-5012.00,1.A.4.a.2,Far Vision,LV,3.0,8,0.5,2.02,3.98,N,N,12/2005,Analyst
47-5012.00,1.A.4.a.3,Visual Color Discrimination,IM,2.88,8,0.2266,2.4309,3.3191,N,,12/2005,Analyst
47-5012.00,1.A.4.a.3,Visual Color Discrimination,LV,2.75,8,0.366,2.0327,3.4673,N,N,12/2005,Analyst
47-5012.00,1.A.4.a.4,Night Vision,IM,2.13,8,0.2266,1.6809,2.5691,N,,12/2005,Analyst
47-5012.00,1.A.4.a.4,Night Vision,LV,2.13,8,0.4407,1.2613,2.9887,N,N,12/2005,Analyst
47-5012.00,1.A.4.a.5,Peripheral Vision,IM,1.88,8,0.2266,1.4309,2.3191,N,,12/2005,Analyst
47-5012.00,1.A.4.a.5,Peripheral Vision,LV,1.5,8,0.378,0.7592,2.2408,N,N,12/2005,Analyst
47-5012.00,1.A.4.a.6,Depth Perception,IM,2.88,8,0.3504,2.1883,3.5617,N,,12/2005,Analyst
47-5012.00,1.A.4.a.6,Depth Perception,LV,2.88,8,0.4795,1.9352,3.8148,N,N,12/2005,Analyst
47-5012.00,1.A.4.a.7,Glare Sensitivity,IM,2.13,8,0.2266,1.6809,2.5691,N,,12/2005,Analyst
47-5012.00,1.A.4.a.7,Glare Sensitivity,LV,2.13,8,0.3981,1.3447,2.9053,N,N,12/2005,Analyst
47-5012.00,1.A.4.b.1,Hearing Sensitivity,IM,2.75,8,0.25,2.26,3.24,N,,12/2005,Analyst
47-5012.00,1.A.4.b.1,Hearing Sensitivity,LV,2.75,8,0.25,2.26,3.24,N,N,12/2005,Analyst
47-5012.00,1.A.4.b.2,Auditory Attention,IM,3.13,8,0.2266,2.6809,3.5691,N,,12/2005,Analyst
47-5012.00,1.A.4.b.2,Auditory Attention,LV,3.5,8,0.2673,2.9762,4.0238,N,N,12/2005,Analyst
47-5012.00,1.A.4.b.3,Sound Localization,IM,1.75,8,0.1637,1.4292,2.0708,N,,12/2005,Analyst
47-5012.00,1.A.4.b.3,Sound Localization,LV,1.5,8,0.378,0.7592,2.2408,N,N,12/2005,Analyst
47-5012.00,1.A.4.b.4,Speech Recognition,IM,3.13,8,0.2266,2.6809,3.5691,N,,12/2005,Analyst
47-5012.00,1.A.4.b.4,Speech Recognition,LV,2.88,8,0.2266,2.4309,3.3191,N,N,12/2005,Analyst
47-5012.00,1.A.4.b.5,Speech Clarity,IM,3.13,8,0.2266,2.6809,3.5691,N,,12/2005,Analyst
47-5012.00,1.A.4.b.5,Speech Clarity,LV,2.63,8,0.375,1.89,3.36,N,N,12/2005,Analyst
47-5013.00,1.A.1.a.1,Oral Comprehension,IM,3.38,8,0.183,3.0164,3.7336,N,,07/2013,Analyst
47-5013.00,1.A.1.a.1,Oral Comprehension,LV,3.5,8,0.189,3.1296,3.8704,N,N,07/2013,Analyst
47-5013.00,1.A.1.a.2,Written Comprehension,IM,3.0,8,0.189,2.6296,3.3704,N,,07/2013,Analyst
47-5013.00,1.A.1.a.2,Written Comprehension,LV,2.88,8,0.125,2.63,3.12,N,N,07/2013,Analyst
47-5013.00,1.A.1.a.3,Oral Expression,IM,3.25,8,0.1637,2.9292,3.5708,N,,07/2013,Analyst
47-5013.00,1.A.1.a.3,Oral Expression,LV,3.62,8,0.183,3.2664,3.9836,N,N,07/2013,Analyst
47-5013.00,1.A.1.a.4,Written Expression,IM,3.0,8,0.0,3.0,3.0,N,,07/2013,Analyst
47-5013.00,1.A.1.a.4,Written Expression,LV,2.88,8,0.125,2.63,3.12,N,N,07/2013,Analyst
47-5013.00,1.A.1.b.1,Fluency of Ideas,IM,2.62,8,0.183,2.2664,2.9836,N,,07/2013,Analyst
47-5013.00,1.A.1.b.1,Fluency of Ideas,LV,2.25,8,0.1637,1.9292,2.5708,N,N,07/2013,Analyst
47-5013.00,1.A.1.b.2,Originality,IM,2.62,8,0.183,2.2664,2.9836,N,,07/2013,Analyst
47-5013.00,1.A.1.b.2,Originality,LV,2.38,8,0.183,2.0164,2.7336,N,N,07/2013,Analyst
47-5013.00,1.A.1.b.3,Problem Sensitivity,IM,4.0,8,0.0,4.0,4.0,N,,07/2013,Analyst
47-5013.00,1.A.1.b.3,Problem Sensitivity,LV,3.5,8,0.189,3.1296,3.8704,N,N,07/2013,Analyst
47-5013.00,1.A.1.b.4,Deductive Reasoning,IM,3.12,8,0.125,2.88,3.37,N,,07/2013,Analyst
47-5013.00,1.A.1.b.4,Deductive Reasoning,LV,3.25,8,0.1637,2.9292,3.5708,N,N,07/2013,Analyst
47-5013.00,1.A.1.b.5,Inductive Reasoning,IM,3.25,8,0.1637,2.9292,3.5708,N,,07/2013,Analyst
47-5013.00,1.A.1.b.5,Inductive Reasoning,LV,3.12,8,0.125,2.88,3.37,N,N,07/2013,Analyst
47-5013.00,1.A.1.b.6,Information Ordering,IM,3.0,8,0.0,3.0,3.0,N,,07/2013,Analyst
47-5013.00,1.A.1.b.6,Information Ordering,LV,3.0,8,0.0,3.0,3.0,N,N,07/2013,Analyst
47-5013.00,1.A.1.b.7,Category Flexibility,IM,3.0,8,0.0,3.0,3.0,N,,07/2013,Analyst
47-5013.00,1.A.1.b.7,Category Flexibility,LV,3.0,8,0.0,3.0,3.0,N,N,07/2013,Analyst
47-5013.00,1.A.1.c.1,Mathematical Reasoning,IM,2.88,8,0.125,2.63,3.12,N,,07/2013,Analyst
47-5013.00,1.A.1.c.1,Mathematical Reasoning,LV,2.38,8,0.183,2.0164,2.7336,N,N,07/2013,Analyst
47-5013.00,1.A.1.c.2,Number Facility,IM,2.75,8,0.1637,2.4292,3.0708,N,,07/2013,Analyst
47-5013.00,1.A.1.c.2,Number Facility,LV,2.62,8,0.183,2.2664,2.9836,N,N,07/2013,Analyst
47-5013.00,1.A.1.d.1,Memorization,IM,2.38,8,0.183,2.0164,2.7336,N,,07/2013,Analyst
47-5013.00,1.A.1.d.1,Memorization,LV,2.12,8,0.125,1.88,2.37,N,N,07/2013,Analyst
47-5013.00,1.A.1.e.1,Speed of Closure,IM,2.88,8,0.125,2.63,3.12,N,,07/2013,Analyst
47-5013.00,1.A.1.e.1,Speed of Closure,LV,2.75,8,0.1637,2.4292,3.0708,N,N,07/2013,Analyst
47-5013.00,1.A.1.e.2,Flexibility of Closure,IM,3.12,8,0.125,2.88,3.37,N,,07/2013,Analyst
47-5013.00,1.A.1.e.2,Flexibility of Closure,LV,2.88,8,0.125,2.63,3.12,N,N,07/2013,Analyst
47-5013.00,1.A.1.e.3,Perceptual Speed,IM,3.38,8,0.183,3.0164,3.7336,N,,07/2013,Analyst
47-5013.00,1.A.1.e.3,Perceptual Speed,LV,3.38,8,0.183,3.0164,3.7336,N,N,07/2013,Analyst
47-5013.00,1.A.1.f.1,Spatial Orientation,IM,2.75,8,0.1637,2.4292,3.0708,N,,07/2013,Analyst
47-5013.00,1.A.1.f.1,Spatial Orientation,LV,2.12,8,0.125,1.88,2.37,N,N,07/2013,Analyst
47-5013.00,1.A.1.f.2,Visualization,IM,3.12,8,0.125,2.88,3.37,N,,07/2013,Analyst
47-5013.00,1.A.1.f.2,Visualization,LV,3.25,8,0.1637,2.9292,3.5708,N,N,07/2013,Analyst
47-5013.00,1.A.1.g.1,Selective Attention,IM,3.38,8,0.183,3.0164,3.7336,N,,07/2013,Analyst
47-5013.00,1.A.1.g.1,Selective Attention,LV,3.12,8,0.125,2.88,3.37,N,N,07/2013,Analyst
47-5013.00,1.A.1.g.2,Time Sharing,IM,3.0,8,0.0,3.0,3.0,N,,07/2013,Analyst
47-5013.00,1.A.1.g.2,Time Sharing,LV,2.88,8,0.125,2.63,3.12,N,N,07/2013,Analyst
47-5013.00,1.A.2.a.1,Arm-Hand Steadiness,IM,4.0,8,0.0,4.0,4.0,N,,07/2013,Analyst
47-5013.00,1.A.2.a.1,Arm-Hand Steadiness,LV,3.0,8,0.0,3.0,3.0,N,N,07/2013,Analyst
47-5013.00,1.A.2.a.2,Manual Dexterity,IM,3.38,8,0.183,3.0164,3.7336,N,,07/2013,Analyst
47-5013.00,1.A.2.a.2,Manual Dexterity,LV,3.12,8,0.125,2.88,3.37,N,N,07/2013,Analyst
47-5013.00,1.A.2.a.3,Finger Dexterity,IM,3.0,8,0.0,3.0,3.0,N,,07/2013,Analyst
47-5013.00,1.A.2.a.3,Finger Dexterity,LV,3.12,8,0.125,2.88,3.37,N,N,07/2013,Analyst
47-5013.00,1.A.2.b.1,Control Precision,IM,4.0,8,0.0,4.0,4.0,N,,07/2013,Analyst
47-5013.00,1.A.2.b.1,Control Precision,LV,3.88,8,0.125,3.63,4.12,N,N,07/2013,Analyst
47-5013.00,1.A.2.b.2,Multilimb Coordination,IM,3.75,8,0.1637,3.4292,4.0708,N,,07/2013,Analyst
47-5013.00,1.A.2.b.2,Multilimb Coordination,LV,3.62,8,0.183,3.2664,3.9836,N,N,07/2013,Analyst
47-5013.00,1.A.2.b.3,Response Orientation,IM,2.88,8,0.125,2.63,3.12,N,,07/2013,Analyst
47-5013.00,1.A.2.b.3,Response Orientation,LV,3.12,8,0.125,2.88,3.37,N,N,07/2013,Analyst
47-5013.00,1.A.2.b.4,Rate Control,IM,3.0,8,0.0,3.0,3.0,N,,07/2013,Analyst
47-5013.00,1.A.2.b.4,Rate Control,LV,3.0,8,0.0,3.0,3.0,N,N,07/2013,Analyst
47-5013.00,1.A.2.c.1,Reaction Time,IM,3.5,8,0.189,3.1296,3.8704,N,,07/2013,Analyst
47-5013.00,1.A.2.c.1,Reaction Time,LV,3.25,8,0.1637,2.9292,3.5708,N,N,07/2013,Analyst
47-5013.00,1.A.2.c.2,Wrist-Finger Speed,IM,2.88,8,0.125,2.63,3.12,N,,07/2013,Analyst
47-5013.00,1.A.2.c.2,Wrist-Finger Speed,LV,2.38,8,0.183,2.0164,2.7336,N,N,07/2013,Analyst
47-5013.00,1.A.2.c.3,Speed of Limb Movement,IM,2.88,8,0.125,2.63,3.12,N,,07/2013,Analyst
47-5013.00,1.A.2.c.3,Speed of Limb Movement,LV,2.25,8,0.1637,1.9292,2.5708,N,N,07/2013,Analyst
47-5013.00,1.A.3.a.1,Static Strength,IM,3.12,8,0.125,2.88,3.37,N,,07/2013,Analyst
47-5013.00,1.A.3.a.1,Static Strength,LV,3.0,8,0.0,3.0,3.0,N,N,07/2013,Analyst
47-5013.00,1.A.3.a.2,Explosive Strength,IM,1.25,8,0.1637,1.0,1.5708,N,,07/2013,Analyst
47-5013.00,1.A.3.a.2,Explosive Strength,LV,0.38,8,0.2631,0.0,0.8906,N,Y,07/2013,Analyst
47-5013.00,1.A.3.a.3,Dynamic Strength,IM,2.75,8,0.1637,2.4292,3.0708,N,,07/2013,Analyst
47-5013.00,1.A.3.a.3,Dynamic Strength,LV,2.12,8,0.125,1.88,2.37,N,N,07/2013,Analyst
47-5013.00,1.A.3.a.4,Trunk Strength,IM,3.0,8,0.0,3.0,3.0,N,,07/2013,Analyst
47-5013.00,1.A.3.a.4,Trunk Strength,LV,3.0,8,0.0,3.0,3.0,N,N,07/2013,Analyst
47-5013.00,1.A.3.b.1,Stamina,IM,2.75,8,0.1637,2.4292,3.0708,N,,07/2013,Analyst
47-5013.00,1.A.3.b.1,Stamina,LV,2.5,8,0.189,2.1296,2.8704,N,N,07/2013,Analyst
47-5013.00,1.A.3.c.1,Extent Flexibility,IM,3.0,8,0.0,3.0,3.0,N,,07/2013,Analyst
47-5013.00,1.A.3.c.1,Extent Flexibility,LV,3.0,8,0.0,3.0,3.0,N,N,07/2013,Analyst
47-5013.00,1.A.3.c.2,Dynamic Flexibility,IM,1.0,8,0.0,1.0,1.0,N,,07/2013,Analyst
47-5013.00,1.A.3.c.2,Dynamic Flexibility,LV,0.0,8,0.0,0.0,0.0,N,Y,07/2013,Analyst
47-5013.00,1.A.3.c.3,Gross Body Coordination,IM,2.75,8,0.1637,2.4292,3.0708,N,,07/2013,Analyst
47-5013.00,1.A.3.c.3,Gross Body Coordination,LV,2.75,8,0.1637,2.4292,3.0708,N,N,07/2013,Analyst
47-5013.00,1.A.3.c.4,Gross Body Equilibrium,IM,3.0,8,0.0,3.0,3.0,N,,07/2013,Analyst
47-5013.00,1.A.3.c.4,Gross Body Equilibrium,LV,2.88,8,0.125,2.63,3.12,N,N,07/2013,Analyst
47-5013.00,1.A.4.a.1,Near Vision,IM,3.62,8,0.183,3.2664,3.9836,N,,07/2013,Analyst
47-5013.00,1.A.4.a.1,Near Vision,LV,3.25,8,0.1637,2.9292,3.5708,N,N,07/2013,Analyst
47-5013.00,1.A.4.a.2,Far Vision,IM,3.25,8,0.1637,2.9292,3.5708,N,,07/2013,Analyst
47-5013.00,1.A.4.a.2,Far Vision,LV,3.12,8,0.125,2.88,3.37,N,N,07/2013,Analyst
47-5013.00,1.A.4.a.3,Visual Color Discrimination,IM,3.12,8,0.125,2.88,3.37,N,,07/2013,Analyst
47-5013.00,1.A.4.a.3,Visual Color Discrimination,LV,3.12,8,0.125,2.88,3.37,N,N,07/2013,Analyst
47-5013.00,1.A.4.a.4,Night Vision,IM,2.12,8,0.125,1.88,2.37,N,,07/2013,Analyst
47-5013.00,1.A.4.a.4,Night Vision,LV,2.0,8,0.0,2.0,2.0,N,N,07/2013,Analyst
47-5013.00,1.A.4.a.5,Peripheral Vision,IM,2.12,8,0.125,1.88,2.37,N,,07/2013,Analyst
47-5013.00,1.A.4.a.5,Peripheral Vision,LV,1.88,8,0.125,1.63,2.12,N,N,07/2013,Analyst
47-5013.00,1.A.4.a.6,Depth Perception,IM,3.12,8,0.125,2.88,3.37,N,,07/2013,Analyst
47-5013.00,1.A.4.a.6,Depth Perception,LV,3.38,8,0.183,3.0164,3.7336,N,N,07/2013,Analyst
47-5013.00,1.A.4.a.7,Glare Sensitivity,IM,2.38,8,0.183,2.0164,2.7336,N,,07/2013,Analyst
47-5013.00,1.A.4.a.7,Glare Sensitivity,LV,2.25,8,0.1637,1.9292,2.5708,N,N,07/2013,Analyst
47-5013.00,1.A.4.b.1,Hearing Sensitivity,IM,3.5,8,0.189,3.1296,3.8704,N,,07/2013,Analyst
47-5013.00,1.A.4.b.1,Hearing Sensitivity,LV,3.12,8,0.125,2.88,3.37,N,N,07/2013,Analyst
47-5013.00,1.A.4.b.2,Auditory Attention,IM,3.25,8,0.1637,2.9292,3.5708,N,,07/2013,Analyst
47-5013.00,1.A.4.b.2,Auditory Attention,LV,3.25,8,0.1637,2.9292,3.5708,N,N,07/2013,Analyst
47-5013.00,1.A.4.b.3,Sound Localization,IM,2.75,8,0.1637,2.4292,3.0708,N,,07/2013,Analyst
47-5013.00,1.A.4.b.3,Sound Localization,LV,2.38,8,0.183,2.0164,2.7336,N,N,07/2013,Analyst
47-5013.00,1.A.4.b.4,Speech Recognition,IM,3.25,8,0.1637,2.9292,3.5708,N,,07/2013,Analyst
47-5013.00,1.A.4.b.4,Speech Recognition,LV,3.12,8,0.125,2.88,3.37,N,N,07/2013,Analyst
47-5013.00,1.A.4.b.5,Speech Clarity,IM,3.25,8,0.1637,2.9292,3.5708,N,,07/2013,Analyst
47-5013.00,1.A.4.b.5,Speech Clarity,LV,3.12,8,0.125,2.88,3.37,N,N,07/2013,Analyst
47-5022.00,1.A.1.a.1,Oral Comprehension,IM,3.12,8,0.125,2.88,3.37,N,,07/2013,Analyst
47-5022.00,1.A.1.a.1,Oral Comprehension,LV,3.62,8,0.183,3.2664,3.9836,N,N,07/2013,Analyst
47-5022.00,1.A.1.a.2,Written Comprehension,IM,3.0,8,0.189,2.6296,3.3704,N,,07/2013,Analyst
47-5022.00,1.A.1.a.2,Written Comprehension,LV,2.88,8,0.125,2.63,3.12,N,N,07/2013,Analyst
47-5022.00,1.A.1.a.3,Oral Expression,IM,3.12,8,0.125,2.88,3.37,N,,07/2013,Analyst
47-5022.00,1.A.1.a.3,Oral Expression,LV,3.62,8,0.183,3.2664,3.9836,N,N,07/2013,Analyst
47-5022.00,1.A.1.a.4,Written Expression,IM,2.88,8,0.125,2.63,3.12,N,,07/2013,Analyst
47-5022.00,1.A.1.a.4,Written Expression,LV,2.25,8,0.1637,1.9292,2.5708,N,N,07/2013,Analyst
47-5022.00,1.A.1.b.1,Fluency of Ideas,IM,2.0,8,0.0,2.0,2.0,N,,07/2013,Analyst
47-5022.00,1.A.1.b.1,Fluency of Ideas,LV,2.12,8,0.125,1.88,2.37,N,N,07/2013,Analyst
47-5022.00,1.A.1.b.2,Originality,IM,2.0,8,0.0,2.0,2.0,N,,07/2013,Analyst
47-5022.00,1.A.1.b.2,Originality,LV,2.12,8,0.125,1.88,2.37,N,N,07/2013,Analyst
47-5022.00,1.A.1.b.3,Problem Sensitivity,IM,3.12,8,0.125,2.88,3.37,N,,07/2013,Analyst
47-5022.00,1.A.1.b.3,Problem Sensitivity,LV,3.12,8,0.125,2.88,3.37,N,N,07/2013,Analyst
47-5022.00,1.A.1.b.4,Deductive Reasoning,IM,3.0,8,0.0,3.0,3.0,N,,07/2013,Analyst
47-5022.00,1.A.1.b.4,Deductive Reasoning,LV,3.0,8,0.0,3.0,3.0,N,N,07/2013,Analyst
47-5022.00,1.A.1.b.5,Inductive Reasoning,IM,3.0,8,0.0,3.0,3.0,N,,07/2013,Analyst
47-5022.00,1.A.1.b.5,Inductive Reasoning,LV,2.88,8,0.125,2.63,3.12,N,N,07/2013,Analyst
47-5022.00,1.A.1.b.6,Information Ordering,IM,2.88,8,0.125,2.63,3.12,N,,07/2013,Analyst
47-5022.00,1.A.1.b.6,Information Ordering,LV,2.88,8,0.125,2.63,3.12,N,N,07/2013,Analyst
47-5022.00,1.A.1.b.7,Category Flexibility,IM,2.88,8,0.125,2.63,3.12,N,,07/2013,Analyst
47-5022.00,1.A.1.b.7,Category Flexibility,LV,2.88,8,0.125,2.63,3.12,N,N,07/2013,Analyst
47-5022.00,1.A.1.c.1,Mathematical Reasoning,IM,2.12,8,0.125,1.88,2.37,N,,07/2013,Analyst
47-5022.00,1.A.1.c.1,Mathematical Reasoning,LV,1.88,8,0.125,1.63,2.12,N,N,07/2013,Analyst
47-5022.00,1.A.1.c.2,Number Facility,IM,2.12,8,0.125,1.88,2.37,N,,07/2013,Analyst
47-5022.00,1.A.1.c.2,Number Facility,LV,2.0,8,0.0,2.0,2.0,N,N,07/2013,Analyst
47-5022.00,1.A.1.d.1,Memorization,IM,2.0,8,0.0,2.0,2.0,N,,07/2013,Analyst
47-5022.00,1.A.1.d.1,Memorization,LV,2.0,8,0.0,2.0,2.0,N,N,07/2013,Analyst
47-5022.00,1.A.1.e.1,Speed of Closure,IM,2.88,8,0.125,2.63,3.12,N,,07/2013,Analyst
47-5022.00,1.A.1.e.1,Speed of Closure,LV,2.75,8,0.1637,2.4292,3.0708,N,N,07/2013,Analyst
47-5022.00,1.A.1.e.2,Flexibility of Closure,IM,3.0,8,0.0,3.0,3.0,N,,07/2013,Analyst
47-5022.00,1.A.1.e.2,Flexibility of Closure,LV,3.0,8,0.0,3.0,3.0,N,N,07/2013,Analyst
47-5022.00,1.A.1.e.3,Perceptual Speed,IM,3.0,8,0.0,3.0,3.0,N,,07/2013,Analyst
47-5022.00,1.A.1.e.3,Perceptual Speed,LV,3.0,8,0.0,3.0,3.0,N,N,07/2013,Analyst
47-5022.00,1.A.1.f.1,Spatial Orientation,IM,3.62,8,0.183,3.2664,3.9836,N,,07/2013,Analyst
47-5022.00,1.A.1.f.1,Spatial Orientation,LV,3.0,8,0.0,3.0,3.0,N,N,07/2013,Analyst
47-5022.00,1.A.1.f.2,Visualization,IM,3.0,8,0.0,3.0,3.0,N,,07/2013,Analyst
47-5022.00,1.A.1.f.2,Visualization,LV,3.5,8,0.189,3.1296,3.8704,N,N,07/2013,Analyst
47-5022.00,1.A.1.g.1,Selective Attention,IM,3.0,8,0.0,3.0,3.0,N,,07/2013,Analyst
47-5022.00,1.A.1.g.1,Selective Attention,LV,3.12,8,0.125,2.88,3.37,N,N,07/2013,Analyst
47-5022.00,1.A.1.g.2,Time Sharing,IM,3.0,8,0.0,3.0,3.0,N,,07/2013,Analyst
47-5022.00,1.A.1.g.2,Time Sharing,LV,3.0,8,0.0,3.0,3.0,N,N,07/2013,Analyst
47-5022.00,1.A.2.a.1,Arm-Hand Steadiness,IM,3.75,8,0.1637,3.4292,4.0708,N,,07/2013,Analyst
47-5022.00,1.A.2.a.1,Arm-Hand Steadiness,LV,3.12,8,0.125,2.88,3.37,N,N,07/2013,Analyst
47-5022.00,1.A.2.a.2,Manual Dexterity,IM,3.88,8,0.125,3.63,4.12,N,,07/2013,Analyst
47-5022.00,1.A.2.a.2,Manual Dexterity,LV,3.12,8,0.125,2.88,3.37,N,N,07/2013,Analyst
47-5022.00,1.A.2.a.3,Finger Dexterity,IM,3.5,8,0.189,3.1296,3.8704,N,,07/2013,Analyst
47-5022.00,1.A.2.a.3,Finger Dexterity,LV,3.12,8,0.125,2.88,3.37,N,N,07/2013,Analyst
47-5022.00,1.A.2.b.1,Control Precision,IM,4.12,8,0.125,3.88,4.37,N,,07/2013,Analyst
47-5022.00,1.A.2.b.1,Control Precision,LV,4.0,8,0.0,4.0,4.0,N,N,07/2013,Analyst
47-5022.00,1.A.2.b.2,Multilimb Coordination,IM,4.12,8,0.125,3.88,4.37,N,,07/2013,Analyst
47-5022.00,1.A.2.b.2,Multilimb Coordination,LV,4.12,8,0.125,3.88,4.37,N,N,07/2013,Analyst
47-5022.00,1.A.2.b.3,Response Orientation,IM,3.75,8,0.1637,3.4292,4.0708,N,,07/2013,Analyst
47-5022.00,1.A.2.b.3,Response Orientation,LV,4.0,8,0.0,4.0,4.0,N,N,07/2013,Analyst
47-5022.00,1.A.2.b.4,Rate Control,IM,3.75,8,0.1637,3.4292,4.0708,N,,07/2013,Analyst
47-5022.00,1.A.2.b.4,Rate Control,LV,3.75,8,0.1637,3.4292,4.0708,N,N,07/2013,Analyst
47-5022.00,1.A.2.c.1,Reaction Time,IM,3.88,8,0.125,3.63,4.12,N,,07/2013,Analyst
47-5022.00,1.A.2.c.1,Reaction Time,LV,4.12,8,0.125,3.88,4.37,N,N,07/2013,Analyst
47-5022.00,1.A.2.c.2,Wrist-Finger Speed,IM,2.88,8,0.125,2.63,3.12,N,,07/2013,Analyst
47-5022.00,1.A.2.c.2,Wrist-Finger Speed,LV,2.88,8,0.125,2.63,3.12,N,N,07/2013,Analyst
47-5022.00,1.A.2.c.3,Speed of Limb Movement,IM,3.0,8,0.0,3.0,3.0,N,,07/2013,Analyst
47-5022.00,1.A.2.c.3,Speed of Limb Movement,LV,3.0,8,0.0,3.0,3.0,N,N,07/2013,Analyst
47-5022.00,1.A.3.a.1,Static Strength,IM,3.0,8,0.0,3.0,3.0,N,,07/2013,Analyst
47-5022.00,1.A.3.a.1,Static Strength,LV,3.75,8,0.1637,3.4292,4.0708,N,N,07/2013,Analyst
47-5022.00,1.A.3.a.2,Explosive Strength,IM,1.12,8,0.125,1.0,1.37,N,,07/2013,Analyst
47-5022.00,1.A.3.a.2,Explosive Strength,LV,0.25,8,0.25,0.0,0.74,N,Y,07/2013,Analyst
47-5022.00,1.A.3.a.3,Dynamic Strength,IM,2.75,8,0.1637,2.4292,3.0708,N,,07/2013,Analyst
47-5022.00,1.A.3.a.3,Dynamic Strength,LV,2.75,8,0.1637,2.4292,3.0708,N,N,07/2013,Analyst
47-5022.00,1.A.3.a.4,Trunk Strength,IM,2.88,8,0.125,2.63,3.12,N,,07/2013,Analyst
47-5022.00,1.A.3.a.4,Trunk Strength,LV,3.0,8,0.0,3.0,3.0,N,N,07/2013,Analyst
47-5022.00,1.A.3.b.1,Stamina,IM,2.62,8,0.183,2.2664,2.9836,N,,07/2013,Analyst
47-5022.00,1.A.3.b.1,Stamina,LV,2.25,8,0.25,1.76,2.74,N,N,07/2013,Analyst
47-5022.00,1.A.3.c.1,Extent Flexibility,IM,2.5,8,0.189,2.1296,2.8704,N,,07/2013,Analyst
47-5022.00,1.A.3.c.1,Extent Flexibility,LV,2.88,8,0.125,2.63,3.12,N,N,07/2013,Analyst
47-5022.00,1.A.3.c.2,Dynamic Flexibility,IM,1.12,8,0.125,1.0,1.37,N,,07/2013,Analyst
47-5022.00,1.A.3.c.2,Dynamic Flexibility,LV,0.25,8,0.25,0.0,0.74,N,Y,07/2013,Analyst
47-5022.00,1.A.3.c.3,Gross Body Coordination,IM,2.25,8,0.1637,1.9292,2.5708,N,,07/2013,Analyst
47-5022.00,1.A.3.c.3,Gross Body Coordination,LV,2.38,8,0.183,2.0164,2.7336,N,N,07/2013,Analyst
47-5022.00,1.A.3.c.4,Gross Body Equilibrium,IM,2.12,8,0.125,1.88,2.37,N,,07/2013,Analyst
47-5022.00,1.A.3.c.4,Gross Body Equilibrium,LV,1.88,8,0.125,1.63,2.12,N,N,07/2013,Analyst
47-5022.00,1.A.4.a.1,Near Vision,IM,3.62,8,0.183,3.2664,3.9836,N,,07/2013,Analyst
47-5022.00,1.A.4.a.1,Near Vision,LV,3.25,8,0.1637,2.9292,3.5708,N,N,07/2013,Analyst
47-5022.00,1.A.4.a.2,Far Vision,IM,3.75,8,0.1637,3.4292,4.0708,N,,07/2013,Analyst
47-5022.00,1.A.4.a.2,Far Vision,LV,3.75,8,0.1637,3.4292,4.0708,N,N,07/2013,Analyst
47-5022.00,1.A.4.a.3,Visual Color Discrimination,IM,3.0,8,0.0,3.0,3.0,N,,07/2013,Analyst
47-5022.00,1.A.4.a.3,Visual Color Discrimination,LV,3.0,8,0.0,3.0,3.0,N,N,07/2013,Analyst
47-5022.00,1.A.4.a.4,Night Vision,IM,2.62,8,0.183,2.2664,2.9836,N,,07/2013,Analyst
47-5022.00,1.A.4.a.4,Night Vision,LV,2.25,8,0.1637,1.9292,2.5708,N,N,07/2013,Analyst
47-5022.00,1.A.4.a.5,Peripheral Vision,IM,3.38,8,0.183,3.0164,3.7336,N,,07/2013,Analyst
47-5022.00,1.A.4.a.5,Peripheral Vision,LV,3.12,8,0.125,2.88,3.37,N,N,07/2013,Analyst
47-5022.00,1.A.4.a.6,Depth Perception,IM,4.0,8,0.0,4.0,4.0,N,,07/2013,Analyst
47-5022.00,1.A.4.a.6,Depth Perception,LV,3.88,8,0.125,3.63,4.12,N,N,07/2013,Analyst
47-5022.00,1.A.4.a.7,Glare Sensitivity,IM,2.88,8,0.125,2.63,3.12,N,,07/2013,Analyst
47-5022.00,1.A.4.a.7,Glare Sensitivity,LV,2.88,8,0.125,2.63,3.12,N,N,07/2013,Analyst
47-5022.00,1.A.4.b.1,Hearing Sensitivity,IM,3.25,8,0.1637,2.9292,3.5708,N,,07/2013,Analyst
47-5022.00,1.A.4.b.1,Hearing Sensitivity,LV,3.12,8,0.125,2.88,3.37,N,N,07/2013,Analyst
47-5022.00,1.A.4.b.2,Auditory Attention,IM,3.5,8,0.189,3.1296,3.8704,N,,07/2013,Analyst
47-5022.00,1.A.4.b.2,Auditory Attention,LV,4.12,8,0.125,3.88,4.37,N,N,07/2013,Analyst
47-5022.00,1.A.4.b.3,Sound Localization,IM,2.88,8,0.125,2.63,3.12,N,,07/2013,Analyst
47-5022.00,1.A.4.b.3,Sound Localization,LV,2.88,8,0.125,2.63,3.12,N,N,07/2013,Analyst
47-5022.00,1.A.4.b.4,Speech Recognition,IM,3.12,8,0.125,2.88,3.37,N,,07/2013,Analyst
47-5022.00,1.A.4.b.4,Speech Recognition,LV,3.0,8,0.0,3.0,3.0,N,N,07/2013,Analyst
47-5022.00,1.A.4.b.5,Speech Clarity,IM,3.0,8,0.0,3.0,3.0,N,,07/2013,Analyst
47-5022.00,1.A.4.b.5,Speech Clarity,LV,3.0,8,0.0,3.0,3.0,N,N,07/2013,Analyst
47-5023.00,1.A.1.a.1,Oral Comprehension,IM,3.25,8,0.1637,2.9292,3.5708,N,,07/2017,Analyst
47-5023.00,1.A.1.a.1,Oral Comprehension,LV,3.5,8,0.189,3.1296,3.8704,N,N,07/2017,Analyst
47-5023.00,1.A.1.a.2,Written Comprehension,IM,3.0,8,0.189,2.6296,3.3704,N,,07/2017,Analyst
47-5023.00,1.A.1.a.2,Written Comprehension,LV,2.88,8,0.125,2.63,3.12,N,N,07/2017,Analyst
47-5023.00,1.A.1.a.3,Oral Expression,IM,3.0,8,0.0,3.0,3.0,N,,07/2017,Analyst
47-5023.00,1.A.1.a.3,Oral Expression,LV,3.0,8,0.0,3.0,3.0,N,N,07/2017,Analyst
47-5023.00,1.A.1.a.4,Written Expression,IM,3.0,8,0.189,2.6296,3.3704,N,,07/2017,Analyst
47-5023.00,1.A.1.a.4,Written Expression,LV,2.88,8,0.125,2.63,3.12,N,N,07/2017,Analyst
47-5023.00,1.A.1.b.1,Fluency of Ideas,IM,2.75,8,0.1637,2.4292,3.0708,N,,07/2017,Analyst
47-5023.00,1.A.1.b.1,Fluency of Ideas,LV,2.12,8,0.125,1.88,2.37,N,N,07/2017,Analyst
47-5023.00,1.A.1.b.2,Originality,IM,2.38,8,0.183,2.0164,2.7336,N,,07/2017,Analyst
47-5023.00,1.A.1.b.2,Originality,LV,2.12,8,0.125,1.88,2.37,N,N,07/2017,Analyst
47-5023.00,1.A.1.b.3,Problem Sensitivity,IM,3.25,8,0.1637,2.9292,3.5708,N,,07/2017,Analyst
47-5023.00,1.A.1.b.3,Problem Sensitivity,LV,3.62,8,0.183,3.2664,3.9836,N,N,07/2017,Analyst
47-5023.00,1.A.1.b.4,Deductive Reasoning,IM,3.25,8,0.1637,2.9292,3.5708,N,,07/2017,Analyst
47-5023.00,1.A.1.b.4,Deductive Reasoning,LV,3.12,8,0.125,2.88,3.37,N,N,07/2017,Analyst
47-5023.00,1.A.1.b.5,Inductive Reasoning,IM,3.12,8,0.125,2.88,3.37,N,,07/2017,Analyst
47-5023.00,1.A.1.b.5,Inductive Reasoning,LV,3.12,8,0.125,2.88,3.37,N,N,07/2017,Analyst
47-5023.00,1.A.1.b.6,Information Ordering,IM,3.25,8,0.1637,2.9292,3.5708,N,,07/2017,Analyst
47-5023.00,1.A.1.b.6,Information Ordering,LV,3.12,8,0.125,2.88,3.37,N,N,07/2017,Analyst
47-5023.00,1.A.1.b.7,Category Flexibility,IM,2.88,8,0.125,2.63,3.12,N,,07/2017,Analyst
47-5023.00,1.A.1.b.7,Category Flexibility,LV,3.12,8,0.125,2.88,3.37,N,N,07/2017,Analyst
47-5023.00,1.A.1.c.1,Mathematical Reasoning,IM,2.25,8,0.1637,1.9292,2.5708,N,,07/2017,Analyst
47-5023.00,1.A.1.c.1,Mathematical Reasoning,LV,1.75,8,0.25,1.26,2.24,N,N,07/2017,Analyst
47-5023.00,1.A.1.c.2,Number Facility,IM,2.0,8,0.0,2.0,2.0,N,,07/2017,Analyst
47-5023.00,1.A.1.c.2,Number Facility,LV,2.12,8,0.125,1.88,2.37,N,N,07/2017,Analyst
47-5023.00,1.A.1.d.1,Memorization,IM,2.12,8,0.125,1.88,2.37,N,,07/2017,Analyst
47-5023.00,1.A.1.d.1,Memorization,LV,2.12,8,0.125,1.88,2.37,N,N,07/2017,Analyst
47-5023.00,1.A.1.e.1,Speed of Closure,IM,2.75,8,0.1637,2.4292,3.0708,N,,07/2017,Analyst
47-5023.00,1.A.1.e.1,Speed of Closure,LV,2.38,8,0.183,2.0164,2.7336,N,N,07/2017,Analyst
47-5023.00,1.A.1.e.2,Flexibility of Closure,IM,3.0,8,0.0,3.0,3.0,N,,07/2017,Analyst
47-5023.00,1.A.1.e.2,Flexibility of Closure,LV,3.0,8,0.0,3.0,3.0,N,N,07/2017,Analyst
47-5023.00,1.A.1.e.3,Perceptual Speed,IM,3.38,8,0.183,3.0164,3.7336,N,,07/2017,Analyst
47-5023.00,1.A.1.e.3,Perceptual Speed,LV,3.5,8,0.189,3.1296,3.8704,N,N,07/2017,Analyst
47-5023.00,1.A.1.f.1,Spatial Orientation,IM,2.62,8,0.183,2.2664,2.9836,N,,07/2017,Analyst
47-5023.00,1.A.1.f.1,Spatial Orientation,LV,2.38,8,0.183,2.0164,2.7336,N,N,07/2017,Analyst
47-5023.00,1.A.1.f.2,Visualization,IM,3.25,8,0.1637,2.9292,3.5708,N,,07/2017,Analyst
47-5023.00,1.A.1.f.2,Visualization,LV,3.25,8,0.1637,2.9292,3.5708,N,N,07/2017,Analyst
47-5023.00,1.A.1.g.1,Selective Attention,IM,3.0,8,0.0,3.0,3.0,N,,07/2017,Analyst
47-5023.00,1.A.1.g.1,Selective Attention,LV,3.0,8,0.0,3.0,3.0,N,N,07/2017,Analyst
47-5023.00,1.A.1.g.2,Time Sharing,IM,2.88,8,0.125,2.63,3.12,N,,07/2017,Analyst
47-5023.00,1.A.1.g.2,Time Sharing,LV,2.88,8,0.125,2.63,3.12,N,N,07/2017,Analyst
47-5023.00,1.A.2.a.1,Arm-Hand Steadiness,IM,3.88,8,0.125,3.63,4.12,N,,07/2017,Analyst
47-5023.00,1.A.2.a.1,Arm-Hand Steadiness,LV,3.12,8,0.125,2.88,3.37,N,N,07/2017,Analyst
47-5023.00,1.A.2.a.2,Manual Dexterity,IM,3.75,8,0.1637,3.4292,4.0708,N,,07/2017,Analyst
47-5023.00,1.A.2.a.2,Manual Dexterity,LV,3.38,8,0.183,3.0164,3.7336,N,N,07/2017,Analyst
47-5023.00,1.A.2.a.3,Finger Dexterity,IM,3.12,8,0.125,2.88,3.37,N,,07/2017,Analyst
47-5023.00,1.A.2.a.3,Finger Dexterity,LV,3.0,8,0.0,3.0,3.0,N,N,07/2017,Analyst
47-5023.00,1.A.2.b.1,Control Precision,IM,4.0,8,0.0,4.0,4.0,N,,07/2017,Analyst
47-5023.00,1.A.2.b.1,Control Precision,LV,4.0,8,0.0,4.0,4.0,N,N,07/2017,Analyst
47-5023.00,1.A.2.b.2,Multilimb Coordination,IM,3.88,8,0.125,3.63,4.12,N,,07/2017,Analyst
47-5023.00,1.A.2.b.2,Multilimb Coordination,LV,3.88,8,0.125,3.63,4.12,N,N,07/2017,Analyst
47-5023.00,1.A.2.b.3,Response Orientation,IM,2.88,8,0.125,2.63,3.12,N,,07/2017,Analyst
47-5023.00,1.A.2.b.3,Response Orientation,LV,2.88,8,0.125,2.63,3.12,N,N,07/2017,Analyst
47-5023.00,1.A.2.b.4,Rate Control,IM,3.5,8,0.189,3.1296,3.8704,N,,07/2017,Analyst
47-5023.00,1.A.2.b.4,Rate Control,LV,3.12,8,0.125,2.88,3.37,N,N,07/2017,Analyst
47-5023.00,1.A.2.c.1,Reaction Time,IM,3.88,8,0.125,3.63,4.12,N,,07/2017,Analyst
47-5023.00,1.A.2.c.1,Reaction Time,LV,3.88,8,0.125,3.63,4.12,N,N,07/2017,Analyst
47-5023.00,1.A.2.c.2,Wrist-Finger Speed,IM,2.25,8,0.1637,1.9292,2.5708,N,,07/2017,Analyst
47-5023.00,1.A.2.c.2,Wrist-Finger Speed,LV,1.88,8,0.125,1.63,2.12,N,N,07/2017,Analyst
47-5023.00,1.A.2.c.3,Speed of Limb Movement,IM,1.75,8,0.1637,1.4292,2.0708,N,,07/2017,Analyst
47-5023.00,1.A.2.c.3,Speed of Limb Movement,LV,1.38,8,0.3239,0.7402,2.0098,N,N,07/2017,Analyst
47-5023.00,1.A.3.a.1,Static Strength,IM,2.38,8,0.2631,1.8594,2.8906,N,,07/2017,Analyst
47-5023.00,1.A.3.a.1,Static Strength,LV,2.38,8,0.2631,1.8594,2.8906,N,N,07/2017,Analyst
47-5023.00,1.A.3.a.2,Explosive Strength,IM,1.88,8,0.295,1.2967,2.4533,N,,07/2017,Analyst
47-5023.00,1.A.3.a.2,Explosive Strength,LV,1.5,8,0.4629,0.5927,2.4073,N,N,07/2017,Analyst
47-5023.00,1.A.3.a.3,Dynamic Strength,IM,1.88,8,0.295,1.2967,2.4533,N,,07/2017,Analyst
47-5023.00,1.A.3.a.3,Dynamic Strength,LV,1.38,8,0.4605,0.4724,2.2776,N,N,07/2017,Analyst
47-5023.00,1.A.3.a.4,Trunk Strength,IM,2.62,8,0.2631,2.1094,3.1406,N,,07/2017,Analyst
47-5023.00,1.A.3.a.4,Trunk Strength,LV,2.62,8,0.2631,2.1094,3.1406,N,N,07/2017,Analyst
47-5023.00,1.A.3.b.1,Stamina,IM,2.25,8,0.1637,1.9292,2.5708,N,,07/2017,Analyst
47-5023.00,1.A.3.b.1,Stamina,LV,1.62,8,0.3239,0.9902,2.2598,N,N,07/2017,Analyst
47-5023.00,1.A.3.c.1,Extent Flexibility,IM,2.38,8,0.183,2.0164,2.7336,N,,07/2017,Analyst
47-5023.00,1.A.3.c.1,Extent Flexibility,LV,2.38,8,0.2631,1.8594,2.8906,N,N,07/2017,Analyst
47-5023.00,1.A.3.c.2,Dynamic Flexibility,IM,1.12,8,0.125,1.0,1.37,N,,07/2017,Analyst
47-5023.00,1.A.3.c.2,Dynamic Flexibility,LV,0.25,8,0.25,0.0,0.74,N,Y,07/2017,Analyst
47-5023.00,1.A.3.c.3,Gross Body Coordination,IM,1.75,8,0.25,1.26,2.24,N,,07/2017,Analyst
47-5023.00,1.A.3.c.3,Gross Body Coordination,LV,1.38,8,0.4199,0.5519,2.1981,N,N,07/2017,Analyst
47-5023.00,1.A.3.c.4,Gross Body Equilibrium,IM,2.25,8,0.1637,1.9292,2.5708,N,,07/2017,Analyst
47-5023.00,1.A.3.c.4,Gross Body Equilibrium,LV,1.88,8,0.2266,1.4309,2.3191,N,N,07/2017,Analyst
47-5023.00,1.A.4.a.1,Near Vision,IM,3.5,8,0.189,3.1296,3.8704,N,,07/2017,Analyst
47-5023.00,1.A.4.a.1,Near Vision,LV,3.25,8,0.1637,2.9292,3.5708,N,N,07/2017,Analyst
47-5023.00,1.A.4.a.2,Far Vision,IM,3.25,8,0.1637,2.9292,3.5708,N,,07/2017,Analyst
47-5023.00,1.A.4.a.2,Far Vision,LV,3.12,8,0.125,2.88,3.37,N,N,07/2017,Analyst
47-5023.00,1.A.4.a.3,Visual Color Discrimination,IM,3.12,8,0.2266,2.6809,3.5691,N,,07/2017,Analyst
47-5023.00,1.A.4.a.3,Visual Color Discrimination,LV,2.62,8,0.3239,1.9902,3.2598,N,N,07/2017,Analyst
47-5023.00,1.A.4.a.4,Night Vision,IM,2.0,8,0.0,2.0,2.0,N,,07/2017,Analyst
47-5023.00,1.A.4.a.4,Night Vision,LV,2.0,8,0.189,1.6296,2.3704,N,N,07/2017,Analyst
47-5023.00,1.A.4.a.5,Peripheral Vision,IM,2.0,8,0.0,2.0,2.0,N,,07/2017,Analyst
47-5023.00,1.A.4.a.5,Peripheral Vision,LV,1.88,8,0.125,1.63,2.12,N,N,07/2017,Analyst
47-5023.00,1.A.4.a.6,Depth Perception,IM,3.62,8,0.183,3.2664,3.9836,N,,07/2017,Analyst
47-5023.00,1.A.4.a.6,Depth Perception,LV,3.62,8,0.183,3.2664,3.9836,N,N,07/2017,Analyst
47-5023.00,1.A.4.a.7,Glare Sensitivity,IM,2.38,8,0.183,2.0164,2.7336,N,,07/2017,Analyst
47-5023.00,1.A.4.a.7,Glare Sensitivity,LV,2.0,8,0.0,2.0,2.0,N,N,07/2017,Analyst
47-5023.00,1.A.4.b.1,Hearing Sensitivity,IM,3.25,8,0.1637,2.9292,3.5708,N,,07/2017,Analyst
47-5023.00,1.A.4.b.1,Hearing Sensitivity,LV,3.0,8,0.189,2.6296,3.3704,N,N,07/2017,Analyst
47-5023.00,1.A.4.b.2,Auditory Attention,IM,3.0,8,0.0,3.0,3.0,N,,07/2017,Analyst
47-5023.00,1.A.4.b.2,Auditory Attention,LV,3.0,8,0.0,3.0,3.0,N,N,07/2017,Analyst
47-5023.00,1.A.4.b.3,Sound Localization,IM,2.0,8,0.0,2.0,2.0,N,,07/2017,Analyst
47-5023.00,1.A.4.b.3,Sound Localization,LV,1.88,8,0.125,1.63,2.12,N,N,07/2017,Analyst
47-5023.00,1.A.4.b.4,Speech Recognition,IM,2.88,8,0.125,2.63,3.12,N,,07/2017,Analyst
47-5023.00,1.A.4.b.4,Speech Recognition,LV,2.88,8,0.125,2.63,3.12,N,N,07/2017,Analyst
47-5023.00,1.A.4.b.5,Speech Clarity,IM,3.0,8,0.0,3.0,3.0,N,,07/2017,Analyst
47-5023.00,1.A.4.b.5,Speech Clarity,LV,2.88,8,0.125,2.63,3.12,N,N,07/2017,Analyst
47-5032.00,1.A.1.a.1,Oral Comprehension,IM,3.88,8,0.2266,3.4309,4.3191,N,,06/2006,Analyst
47-5032.00,1.A.1.a.1,Oral Comprehension,LV,3.88,8,0.125,3.63,4.12,N,N,06/2006,Analyst
47-5032.00,1.A.1.a.2,Written Comprehension,IM,3.0,8,0.189,2.6296,3.3704,N,,06/2006,Analyst
47-5032.00,1.A.1.a.2,Written Comprehension,LV,3.25,8,0.1637,2.9292,3.5708,N,N,06/2006,Analyst
47-5032.00,1.A.1.a.3,Oral Expression,IM,3.75,8,0.1637,3.4292,4.0708,N,,06/2006,Analyst
47-5032.00,1.A.1.a.3,Oral Expression,LV,3.5,8,0.189,3.1296,3.8704,N,N,06/2006,Analyst
47-5032.00,1.A.1.a.4,Written Expression,IM,2.88,8,0.2266,2.4309,3.3191,N,,06/2006,Analyst
47-5032.00,1.A.1.a.4,Written Expression,LV,2.75,8,0.1637,2.4292,3.0708,N,N,06/2006,Analyst
47-5032.00,1.A.1.b.1,Fluency of Ideas,IM,2.63,8,0.183,2.2664,2.9836,N,,06/2006,Analyst
47-5032.00,1.A.1.b.1,Fluency of Ideas,LV,3.0,8,0.189,2.6296,3.3704,N,N,06/2006,Analyst
47-5032.00,1.A.1.b.2,Originality,IM,2.88,8,0.295,2.2967,3.4533,N,,06/2006,Analyst
47-5032.00,1.A.1.b.2,Originality,LV,3.0,8,0.189,2.6296,3.3704,N,N,06/2006,Analyst
47-5032.00,1.A.1.b.3,Problem Sensitivity,IM,4.0,8,0.0,4.0,4.0,N,,06/2006,Analyst
47-5032.00,1.A.1.b.3,Problem Sensitivity,LV,3.88,8,0.2266,3.4309,4.3191,N,N,06/2006,Analyst
47-5032.00,1.A.1.b.4,Deductive Reasoning,IM,3.88,8,0.125,3.63,4.12,N,,06/2006,Analyst
47-5032.00,1.A.1.b.4,Deductive Reasoning,LV,3.75,8,0.1637,3.4292,4.0708,N,N,06/2006,Analyst
47-5032.00,1.A.1.b.5,Inductive Reasoning,IM,3.88,8,0.125,3.63,4.12,N,,06/2006,Analyst
47-5032.00,1.A.1.b.5,Inductive Reasoning,LV,3.75,8,0.1637,3.4292,4.0708,N,N,06/2006,Analyst
47-5032.00,1.A.1.b.6,Information Ordering,IM,3.88,8,0.2266,3.4309,4.3191,N,,06/2006,Analyst
47-5032.00,1.A.1.b.6,Information Ordering,LV,4.0,8,0.189,3.6296,4.3704,N,N,06/2006,Analyst
47-5032.00,1.A.1.b.7,Category Flexibility,IM,3.25,8,0.1637,2.9292,3.5708,N,,06/2006,Analyst
47-5032.00,1.A.1.b.7,Category Flexibility,LV,3.38,8,0.2631,2.8594,3.8906,N,N,06/2006,Analyst
47-5032.00,1.A.1.c.1,Mathematical Reasoning,IM,2.63,8,0.2631,2.1094,3.1406,N,,06/2006,Analyst
47-5032.00,1.A.1.c.1,Mathematical Reasoning,LV,2.25,8,0.366,1.5327,2.9673,N,N,06/2006,Analyst
47-5032.00,1.A.1.c.2,Number Facility,IM,2.63,8,0.183,2.2664,2.9836,N,,06/2006,Analyst
47-5032.00,1.A.1.c.2,Number Facility,LV,2.38,8,0.2631,1.8594,2.8906,N,N,06/2006,Analyst
47-5032.00,1.A.1.d.1,Memorization,IM,2.13,8,0.2266,1.6809,2.5691,N,,06/2006,Analyst
47-5032.00,1.A.1.d.1,Memorization,LV,2.0,8,0.3273,1.3584,2.6416,N,N,06/2006,Analyst
47-5032.00,1.A.1.e.1,Speed of Closure,IM,2.38,8,0.183,2.0164,2.7336,N,,06/2006,Analyst
47-5032.00,1.A.1.e.1,Speed of Closure,LV,2.63,8,0.183,2.2664,2.9836,N,N,06/2006,Analyst
47-5032.00,1.A.1.e.2,Flexibility of Closure,IM,3.25,8,0.25,2.76,3.74,N,,06/2006,Analyst
47-5032.00,1.A.1.e.2,Flexibility of Closure,LV,3.38,8,0.183,3.0164,3.7336,N,N,06/2006,Analyst
47-5032.00,1.A.1.e.3,Perceptual Speed,IM,3.25,8,0.25,2.76,3.74,N,,06/2006,Analyst
47-5032.00,1.A.1.e.3,Perceptual Speed,LV,3.63,8,0.183,3.2664,3.9836,N,N,06/2006,Analyst
47-5032.00,1.A.1.f.1,Spatial Orientation,IM,2.13,8,0.295,1.5467,2.7033,N,,06/2006,Analyst
47-5032.00,1.A.1.f.1,Spatial Orientation,LV,1.88,8,0.4795,0.9352,2.8148,N,N,06/2006,Analyst
47-5032.00,1.A.1.f.2,Visualization,IM,3.13,8,0.2266,2.6809,3.5691,N,,06/2006,Analyst
47-5032.00,1.A.1.f.2,Visualization,LV,3.38,8,0.2631,2.8594,3.8906,N,N,06/2006,Analyst
47-5032.00,1.A.1.g.1,Selective Attention,IM,3.38,8,0.183,3.0164,3.7336,N,,06/2006,Analyst
47-5032.00,1.A.1.g.1,Selective Attention,LV,3.5,8,0.189,3.1296,3.8704,N,N,06/2006,Analyst
47-5032.00,1.A.1.g.2,Time Sharing,IM,3.0,8,0.2673,2.4762,3.5238,N,,06/2006,Analyst
47-5032.00,1.A.1.g.2,Time Sharing,LV,3.0,8,0.189,2.6296,3.3704,N,N,06/2006,Analyst
47-5032.00,1.A.2.a.1,Arm-Hand Steadiness,IM,3.88,8,0.2266,3.4309,4.3191,N,,06/2006,Analyst
47-5032.00,1.A.2.a.1,Arm-Hand Steadiness,LV,3.5,8,0.2673,2.9762,4.0238,N,N,06/2006,Analyst
47-5032.00,1.A.2.a.2,Manual Dexterity,IM,4.0,8,0.189,3.6296,4.3704,N,,06/2006,Analyst
47-5032.00,1.A.2.a.2,Manual Dexterity,LV,4.13,8,0.2266,3.6809,4.5691,N,N,06/2006,Analyst
47-5032.00,1.A.2.a.3,Finger Dexterity,IM,3.75,8,0.1637,3.4292,4.0708,N,,06/2006,Analyst
47-5032.00,1.A.2.a.3,Finger Dexterity,LV,3.5,8,0.2673,2.9762,4.0238,N,N,06/2006,Analyst
47-5032.00,1.A.2.b.1,Control Precision,IM,3.5,8,0.189,3.1296,3.8704,N,,06/2006,Analyst
47-5032.00,1.A.2.b.1,Control Precision,LV,3.75,8,0.3134,3.1358,4.3642,N,N,06/2006,Analyst
47-5032.00,1.A.2.b.2,Multilimb Coordination,IM,3.63,8,0.183,3.2664,3.9836,N,,06/2006,Analyst
47-5032.00,1.A.2.b.2,Multilimb Coordination,LV,3.5,8,0.189,3.1296,3.8704,N,N,06/2006,Analyst
47-5032.00,1.A.2.b.3,Response Orientation,IM,2.63,8,0.375,1.89,3.36,N,,06/2006,Analyst
47-5032.00,1.A.2.b.3,Response Orientation,LV,2.88,8,0.4795,1.9352,3.8148,N,N,06/2006,Analyst
47-5032.00,1.A.2.b.4,Rate Control,IM,2.88,8,0.2266,2.4309,3.3191,N,,06/2006,Analyst
47-5032.00,1.A.2.b.4,Rate Control,LV,2.75,8,0.25,2.26,3.24,N,N,06/2006,Analyst
47-5032.00,1.A.2.c.1,Reaction Time,IM,3.63,8,0.3239,2.9902,4.2598,N,,06/2006,Analyst
47-5032.00,1.A.2.c.1,Reaction Time,LV,4.0,8,0.189,3.6296,4.3704,N,N,06/2006,Analyst
47-5032.00,1.A.2.c.2,Wrist-Finger Speed,IM,1.88,8,0.2266,1.4309,2.3191,N,,06/2006,Analyst
47-5032.00,1.A.2.c.2,Wrist-Finger Speed,LV,1.88,8,0.4407,1.0113,2.7387,N,N,06/2006,Analyst
47-5032.00,1.A.2.c.3,Speed of Limb Movement,IM,2.38,8,0.183,2.0164,2.7336,N,,06/2006,Analyst
47-5032.00,1.A.2.c.3,Speed of Limb Movement,LV,2.5,8,0.2673,1.9762,3.0238,N,N,06/2006,Analyst
47-5032.00,1.A.3.a.1,Static Strength,IM,3.0,8,0.2673,2.4762,3.5238,N,,06/2006,Analyst
47-5032.00,1.A.3.a.1,Static Strength,LV,2.88,8,0.2266,2.4309,3.3191,N,N,06/2006,Analyst
47-5032.00,1.A.3.a.2,Explosive Strength,IM,1.38,8,0.2631,1.0,1.8906,N,,06/2006,Analyst
47-5032.00,1.A.3.a.2,Explosive Strength,LV,0.5,8,0.378,0.0,1.2408,N,Y,06/2006,Analyst
47-5032.00,1.A.3.a.3,Dynamic Strength,IM,2.5,8,0.3273,1.8584,3.1416,N,,06/2006,Analyst
47-5032.00,1.A.3.a.3,Dynamic Strength,LV,2.25,8,0.4532,1.3618,3.1382,N,N,06/2006,Analyst
47-5032.00,1.A.3.a.4,Trunk Strength,IM,3.0,8,0.2673,2.4762,3.5238,N,,06/2006,Analyst
47-5032.00,1.A.3.a.4,Trunk Strength,LV,3.0,8,0.189,2.6296,3.3704,N,N,06/2006,Analyst
47-5032.00,1.A.3.b.1,Stamina,IM,2.38,8,0.183,2.0164,2.7336,N,,06/2006,Analyst
47-5032.00,1.A.3.b.1,Stamina,LV,2.5,8,0.2673,1.9762,3.0238,N,N,06/2006,Analyst
47-5032.00,1.A.3.c.1,Extent Flexibility,IM,3.0,8,0.189,2.6296,3.3704,N,,06/2006,Analyst
47-5032.00,1.A.3.c.1,Extent Flexibility,LV,3.25,8,0.3134,2.6358,3.8642,N,N,06/2006,Analyst
47-5032.00,1.A.3.c.2,Dynamic Flexibility,IM,1.25,8,0.1637,1.0,1.5708,N,,06/2006,Analyst
47-5032.00,1.A.3.c.2,Dynamic Flexibility,LV,0.5,8,0.3273,0.0,1.1416,N,Y,06/2006,Analyst
47-5032.00,1.A.3.c.3,Gross Body Coordination,IM,2.38,8,0.183,2.0164,2.7336,N,,06/2006,Analyst
47-5032.00,1.A.3.c.3,Gross Body Coordination,LV,2.38,8,0.183,2.0164,2.7336,N,N,06/2006,Analyst
47-5032.00,1.A.3.c.4,Gross Body Equilibrium,IM,2.38,8,0.2631,1.8594,2.8906,N,,06/2006,Analyst
47-5032.00,1.A.3.c.4,Gross Body Equilibrium,LV,2.5,8,0.5,1.52,3.48,N,N,06/2006,Analyst
47-5032.00,1.A.4.a.1,Near Vision,IM,4.0,8,0.0,4.0,4.0,N,,06/2006,Analyst
47-5032.00,1.A.4.a.1,Near Vision,LV,4.13,8,0.2266,3.6809,4.5691,N,N,06/2006,Analyst
47-5032.00,1.A.4.a.2,Far Vision,IM,3.13,8,0.2266,2.6809,3.5691,N,,06/2006,Analyst
47-5032.00,1.A.4.a.2,Far Vision,LV,3.5,8,0.189,3.1296,3.8704,N,N,06/2006,Analyst
47-5032.00,1.A.4.a.3,Visual Color Discrimination,IM,3.5,8,0.2673,2.9762,4.0238,N,,06/2006,Analyst
47-5032.00,1.A.4.a.3,Visual Color Discrimination,LV,3.75,8,0.1637,3.4292,4.0708,N,N,06/2006,Analyst
47-5032.00,1.A.4.a.4,Night Vision,IM,2.0,8,0.2673,1.4762,2.5238,N,,06/2006,Analyst
47-5032.00,1.A.4.a.4,Night Vision,LV,1.5,8,0.378,0.7592,2.2408,N,N,06/2006,Analyst
47-5032.00,1.A.4.a.5,Peripheral Vision,IM,2.0,8,0.2673,1.4762,2.5238,N,,06/2006,Analyst
47-5032.00,1.A.4.a.5,Peripheral Vision,LV,1.5,8,0.378,0.7592,2.2408,N,N,06/2006,Analyst
47-5032.00,1.A.4.a.6,Depth Perception,IM,3.38,8,0.183,3.0164,3.7336,N,,06/2006,Analyst
47-5032.00,1.A.4.a.6,Depth Perception,LV,3.13,8,0.125,2.88,3.37,N,N,06/2006,Analyst
47-5032.00,1.A.4.a.7,Glare Sensitivity,IM,2.38,8,0.3239,1.7402,3.0098,N,,06/2006,Analyst
47-5032.00,1.A.4.a.7,Glare Sensitivity,LV,2.38,8,0.4199,1.5519,3.1981,N,N,06/2006,Analyst
47-5032.00,1.A.4.b.1,Hearing Sensitivity,IM,3.0,8,0.2673,2.4762,3.5238,N,,06/2006,Analyst
47-5032.00,1.A.4.b.1,Hearing Sensitivity,LV,3.0,8,0.189,2.6296,3.3704,N,N,06/2006,Analyst
47-5032.00,1.A.4.b.2,Auditory Attention,IM,2.88,8,0.2266,2.4309,3.3191,N,,06/2006,Analyst
47-5032.00,1.A.4.b.2,Auditory Attention,LV,3.0,8,0.189,2.6296,3.3704,N,N,06/2006,Analyst
47-5032.00,1.A.4.b.3,Sound Localization,IM,2.13,8,0.2266,1.6809,2.5691,N,,06/2006,Analyst
47-5032.00,1.A.4.b.3,Sound Localization,LV,1.88,8,0.3504,1.1883,2.5617,N,N,06/2006,Analyst
47-5032.00,1.A.4.b.4,Speech Recognition,IM,3.13,8,0.2266,2.6809,3.5691,N,,06/2006,Analyst
47-5032.00,1.A.4.b.4,Speech Recognition,LV,2.88,8,0.295,2.2967,3.4533,N,N,06/2006,Analyst
47-5032.00,1.A.4.b.5,Speech Clarity,IM,3.25,8,0.1637,2.9292,3.5708,N,,06/2006,Analyst
47-5032.00,1.A.4.b.5,Speech Clarity,LV,2.88,8,0.2266,2.4309,3.3191,N,N,06/2006,Analyst
47-5041.00,1.A.1.a.1,Oral Comprehension,IM,2.88,8,0.125,2.63,3.12,N,,07/2016,Analyst
47-5041.00,1.A.1.a.1,Oral Comprehension,LV,3.5,8,0.189,3.1296,3.8704,N,N,07/2016,Analyst
47-5041.00,1.A.1.a.2,Written Comprehension,IM,2.38,8,0.183,2.0164,2.7336,N,,07/2016,Analyst
47-5041.00,1.A.1.a.2,Written Comprehension,LV,2.38,8,0.183,2.0164,2.7336,N,N,07/2016,Analyst
47-5041.00,1.A.1.a.3,Oral Expression,IM,3.12,8,0.125,2.88,3.37,N,,07/2016,Analyst
47-5041.00,1.A.1.a.3,Oral Expression,LV,3.0,8,0.0,3.0,3.0,N,N,07/2016,Analyst
47-5041.00,1.A.1.a.4,Written Expression,IM,2.25,8,0.1637,1.9292,2.5708,N,,07/2016,Analyst
47-5041.00,1.A.1.a.4,Written Expression,LV,2.12,8,0.125,1.88,2.37,N,N,07/2016,Analyst
47-5041.00,1.A.1.b.1,Fluency of Ideas,IM,2.38,8,0.183,2.0164,2.7336,N,,07/2016,Analyst
47-5041.00,1.A.1.b.1,Fluency of Ideas,LV,2.38,8,0.183,2.0164,2.7336,N,N,07/2016,Analyst
47-5041.00,1.A.1.b.2,Originality,IM,2.12,8,0.125,1.88,2.37,N,,07/2016,Analyst
47-5041.00,1.A.1.b.2,Originality,LV,2.25,8,0.1637,1.9292,2.5708,N,N,07/2016,Analyst
47-5041.00,1.A.1.b.3,Problem Sensitivity,IM,3.75,8,0.25,3.26,4.24,N,,07/2016,Analyst
47-5041.00,1.A.1.b.3,Problem Sensitivity,LV,3.62,8,0.183,3.2664,3.9836,N,N,07/2016,Analyst
47-5041.00,1.A.1.b.4,Deductive Reasoning,IM,3.12,8,0.2266,2.6809,3.5691,N,,07/2016,Analyst
47-5041.00,1.A.1.b.4,Deductive Reasoning,LV,3.0,8,0.0,3.0,3.0,N,N,07/2016,Analyst
47-5041.00,1.A.1.b.5,Inductive Reasoning,IM,3.12,8,0.2266,2.6809,3.5691,N,,07/2016,Analyst
47-5041.00,1.A.1.b.5,Inductive Reasoning,LV,3.12,8,0.125,2.88,3.37,N,N,07/2016,Analyst
47-5041.00,1.A.1.b.6,Information Ordering,IM,3.0,8,0.189,2.6296,3.3704,N,,07/2016,Analyst
47-5041.00,1.A.1.b.6,Information Ordering,LV,3.0,8,0.0,3.0,3.0,N,N,07/2016,Analyst
47-5041.00,1.A.1.b.7,Category Flexibility,IM,3.0,8,0.0,3.0,3.0,N,,07/2016,Analyst
47-5041.00,1.A.1.b.7,Category Flexibility,LV,3.0,8,0.0,3.0,3.0,N,N,07/2016,Analyst
47-5041.00,1.A.1.c.1,Mathematical Reasoning,IM,1.88,8,0.125,1.63,2.12,N,,07/2016,Analyst
47-5041.00,1.A.1.c.1,Mathematical Reasoning,LV,1.38,8,0.2631,0.8594,1.8906,N,N,07/2016,Analyst
47-5041.00,1.A.1.c.2,Number Facility,IM,1.88,8,0.125,1.63,2.12,N,,07/2016,Analyst
47-5041.00,1.A.1.c.2,Number Facility,LV,1.38,8,0.2631,0.8594,1.8906,N,N,07/2016,Analyst
47-5041.00,1.A.1.d.1,Memorization,IM,2.12,8,0.125,1.88,2.37,N,,07/2016,Analyst
47-5041.00,1.A.1.d.1,Memorization,LV,2.12,8,0.125,1.88,2.37,N,N,07/2016,Analyst
47-5041.00,1.A.1.e.1,Speed of Closure,IM,2.62,8,0.183,2.2664,2.9836,N,,07/2016,Analyst
47-5041.00,1.A.1.e.1,Speed of Closure,LV,2.62,8,0.183,2.2664,2.9836,N,N,07/2016,Analyst
47-5041.00,1.A.1.e.2,Flexibility of Closure,IM,3.12,8,0.125,2.88,3.37,N,,07/2016,Analyst
47-5041.00,1.A.1.e.2,Flexibility of Closure,LV,3.12,8,0.125,2.88,3.37,N,N,07/2016,Analyst
47-5041.00,1.A.1.e.3,Perceptual Speed,IM,3.12,8,0.125,2.88,3.37,N,,07/2016,Analyst
47-5041.00,1.A.1.e.3,Perceptual Speed,LV,3.25,8,0.1637,2.9292,3.5708,N,N,07/2016,Analyst
47-5041.00,1.A.1.f.1,Spatial Orientation,IM,2.75,8,0.1637,2.4292,3.0708,N,,07/2016,Analyst
47-5041.00,1.A.1.f.1,Spatial Orientation,LV,2.62,8,0.183,2.2664,2.9836,N,N,07/2016,Analyst
47-5041.00,1.A.1.f.2,Visualization,IM,3.0,8,0.0,3.0,3.0,N,,07/2016,Analyst
47-5041.00,1.A.1.f.2,Visualization,LV,3.0,8,0.0,3.0,3.0,N,N,07/2016,Analyst
47-5041.00,1.A.1.g.1,Selective Attention,IM,3.5,8,0.189,3.1296,3.8704,N,,07/2016,Analyst
47-5041.00,1.A.1.g.1,Selective Attention,LV,3.0,8,0.0,3.0,3.0,N,N,07/2016,Analyst
47-5041.00,1.A.1.g.2,Time Sharing,IM,3.0,8,0.0,3.0,3.0,N,,07/2016,Analyst
47-5041.00,1.A.1.g.2,Time Sharing,LV,2.88,8,0.125,2.63,3.12,N,N,07/2016,Analyst
47-5041.00,1.A.2.a.1,Arm-Hand Steadiness,IM,3.88,8,0.125,3.63,4.12,N,,07/2016,Analyst
47-5041.00,1.A.2.a.1,Arm-Hand Steadiness,LV,3.12,8,0.125,2.88,3.37,N,N,07/2016,Analyst
47-5041.00,1.A.2.a.2,Manual Dexterity,IM,3.38,8,0.183,3.0164,3.7336,N,,07/2016,Analyst
47-5041.00,1.A.2.a.2,Manual Dexterity,LV,3.38,8,0.183,3.0164,3.7336,N,N,07/2016,Analyst
47-5041.00,1.A.2.a.3,Finger Dexterity,IM,3.0,8,0.0,3.0,3.0,N,,07/2016,Analyst
47-5041.00,1.A.2.a.3,Finger Dexterity,LV,3.12,8,0.125,2.88,3.37,N,N,07/2016,Analyst
47-5041.00,1.A.2.b.1,Control Precision,IM,4.0,8,0.0,4.0,4.0,N,,07/2016,Analyst
47-5041.00,1.A.2.b.1,Control Precision,LV,4.0,8,0.0,4.0,4.0,N,N,07/2016,Analyst
47-5041.00,1.A.2.b.2,Multilimb Coordination,IM,3.75,8,0.1637,3.4292,4.0708,N,,07/2016,Analyst
47-5041.00,1.A.2.b.2,Multilimb Coordination,LV,3.88,8,0.125,3.63,4.12,N,N,07/2016,Analyst
47-5041.00,1.A.2.b.3,Response Orientation,IM,3.12,8,0.2266,2.6809,3.5691,N,,07/2016,Analyst
47-5041.00,1.A.2.b.3,Response Orientation,LV,3.5,8,0.2673,2.9762,4.0238,N,N,07/2016,Analyst
47-5041.00,1.A.2.b.4,Rate Control,IM,3.62,8,0.183,3.2664,3.9836,N,,07/2016,Analyst
47-5041.00,1.A.2.b.4,Rate Control,LV,3.5,8,0.189,3.1296,3.8704,N,N,07/2016,Analyst
47-5041.00,1.A.2.c.1,Reaction Time,IM,3.75,8,0.1637,3.4292,4.0708,N,,07/2016,Analyst
47-5041.00,1.A.2.c.1,Reaction Time,LV,4.0,8,0.0,4.0,4.0,N,N,07/2016,Analyst
47-5041.00,1.A.2.c.2,Wrist-Finger Speed,IM,2.25,8,0.25,1.76,2.74,N,,07/2016,Analyst
47-5041.00,1.A.2.c.2,Wrist-Finger Speed,LV,1.75,8,0.25,1.26,2.24,N,N,07/2016,Analyst
47-5041.00,1.A.2.c.3,Speed of Limb Movement,IM,2.25,8,0.25,1.76,2.74,N,,07/2016,Analyst
47-5041.00,1.A.2.c.3,Speed of Limb Movement,LV,2.25,8,0.366,1.5327,2.9673,N,N,07/2016,Analyst
47-5041.00,1.A.3.a.1,Static Strength,IM,3.0,8,0.0,3.0,3.0,N,,07/2016,Analyst
47-5041.00,1.A.3.a.1,Static Strength,LV,3.5,8,0.189,3.1296,3.8704,N,N,07/2016,Analyst
47-5041.00,1.A.3.a.2,Explosive Strength,IM,1.88,8,0.125,1.63,2.12,N,,07/2016,Analyst
47-5041.00,1.A.3.a.2,Explosive Strength,LV,1.38,8,0.2631,0.8594,1.8906,N,N,07/2016,Analyst
47-5041.00,1.A.3.a.3,Dynamic Strength,IM,2.75,8,0.1637,2.4292,3.0708,N,,07/2016,Analyst
47-5041.00,1.A.3.a.3,Dynamic Strength,LV,2.5,8,0.189,2.1296,2.8704,N,N,07/2016,Analyst
47-5041.00,1.A.3.a.4,Trunk Strength,IM,3.12,8,0.125,2.88,3.37,N,,07/2016,Analyst
47-5041.00,1.A.3.a.4,Trunk Strength,LV,3.25,8,0.1637,2.9292,3.5708,N,N,07/2016,Analyst
47-5041.00,1.A.3.b.1,Stamina,IM,2.75,8,0.1637,2.4292,3.0708,N,,07/2016,Analyst
47-5041.00,1.A.3.b.1,Stamina,LV,2.75,8,0.1637,2.4292,3.0708,N,N,07/2016,Analyst
47-5041.00,1.A.3.c.1,Extent Flexibility,IM,3.12,8,0.125,2.88,3.37,N,,07/2016,Analyst
47-5041.00,1.A.3.c.1,Extent Flexibility,LV,3.25,8,0.1637,2.9292,3.5708,N,N,07/2016,Analyst
47-5041.00,1.A.3.c.2,Dynamic Flexibility,IM,1.5,8,0.2673,1.0,2.0238,N,,07/2016,Analyst
47-5041.00,1.A.3.c.2,Dynamic Flexibility,LV,0.75,8,0.4119,0.0,1.5573,N,N,07/2016,Analyst
47-5041.00,1.A.3.c.3,Gross Body Coordination,IM,2.62,8,0.183,2.2664,2.9836,N,,07/2016,Analyst
47-5041.00,1.A.3.c.3,Gross Body Coordination,LV,2.62,8,0.183,2.2664,2.9836,N,N,07/2016,Analyst
47-5041.00,1.A.3.c.4,Gross Body Equilibrium,IM,2.0,8,0.0,2.0,2.0,N,,07/2016,Analyst
47-5041.00,1.A.3.c.4,Gross Body Equilibrium,LV,2.0,8,0.0,2.0,2.0,N,N,07/2016,Analyst
47-5041.00,1.A.4.a.1,Near Vision,IM,3.62,8,0.183,3.2664,3.9836,N,,07/2016,Analyst
47-5041.00,1.A.4.a.1,Near Vision,LV,3.25,8,0.1637,2.9292,3.5708,N,N,07/2016,Analyst
47-5041.00,1.A.4.a.2,Far Vision,IM,3.38,8,0.183,3.0164,3.7336,N,,07/2016,Analyst
47-5041.00,1.A.4.a.2,Far Vision,LV,3.5,8,0.189,3.1296,3.8704,N,N,07/2016,Analyst
47-5041.00,1.A.4.a.3,Visual Color Discrimination,IM,3.0,8,0.189,2.6296,3.3704,N,,07/2016,Analyst
47-5041.00,1.A.4.a.3,Visual Color Discrimination,LV,3.0,8,0.0,3.0,3.0,N,N,07/2016,Analyst
47-5041.00,1.A.4.a.4,Night Vision,IM,2.62,8,0.183,2.2664,2.9836,N,,07/2016,Analyst
47-5041.00,1.A.4.a.4,Night Vision,LV,2.62,8,0.183,2.2664,2.9836,N,N,07/2016,Analyst
47-5041.00,1.A.4.a.5,Peripheral Vision,IM,2.25,8,0.1637,1.9292,2.5708,N,,07/2016,Analyst
47-5041.00,1.A.4.a.5,Peripheral Vision,LV,2.0,8,0.0,2.0,2.0,N,N,07/2016,Analyst
47-5041.00,1.A.4.a.6,Depth Perception,IM,3.5,8,0.189,3.1296,3.8704,N,,07/2016,Analyst
47-5041.00,1.A.4.a.6,Depth Perception,LV,3.5,8,0.189,3.1296,3.8704,N,N,07/2016,Analyst
47-5041.00,1.A.4.a.7,Glare Sensitivity,IM,2.62,8,0.183,2.2664,2.9836,N,,07/2016,Analyst
47-5041.00,1.A.4.a.7,Glare Sensitivity,LV,2.62,8,0.183,2.2664,2.9836,N,N,07/2016,Analyst
47-5041.00,1.A.4.b.1,Hearing Sensitivity,IM,3.5,8,0.189,3.1296,3.8704,N,,07/2016,Analyst
47-5041.00,1.A.4.b.1,Hearing Sensitivity,LV,3.38,8,0.2631,2.8594,3.8906,N,N,07/2016,Analyst
47-5041.00,1.A.4.b.2,Auditory Attention,IM,3.0,8,0.0,3.0,3.0,N,,07/2016,Analyst
47-5041.00,1.A.4.b.2,Auditory Attention,LV,3.88,8,0.125,3.63,4.12,N,N,07/2016,Analyst
47-5041.00,1.A.4.b.3,Sound Localization,IM,2.62,8,0.183,2.2664,2.9836,N,,07/2016,Analyst
47-5041.00,1.A.4.b.3,Sound Localization,LV,2.62,8,0.183,2.2664,2.9836,N,N,07/2016,Analyst
47-5041.00,1.A.4.b.4,Speech Recognition,IM,2.88,8,0.125,2.63,3.12,N,,07/2016,Analyst
47-5041.00,1.A.4.b.4,Speech Recognition,LV,2.25,8,0.1637,1.9292,2.5708,N,N,07/2016,Analyst
47-5041.00,1.A.4.b.5,Speech Clarity,IM,2.88,8,0.125,2.63,3.12,N,,07/2016,Analyst
47-5041.00,1.A.4.b.5,Speech Clarity,LV,2.38,8,0.183,2.0164,2.7336,N,N,07/2016,Analyst
47-5043.00,1.A.1.a.1,Oral Comprehension,IM,3.0,8,0.189,2.6296,3.3704,N,,07/2017,Analyst
47-5043.00,1.A.1.a.1,Oral Comprehension,LV,3.38,8,0.183,3.0164,3.7336,N,N,07/2017,Analyst
47-5043.00,1.A.1.a.2,Written Comprehension,IM,2.62,8,0.183,2.2664,2.9836,N,,07/2017,Analyst
47-5043.00,1.A.1.a.2,Written Comprehension,LV,2.12,8,0.125,1.88,2.37,N,N,07/2017,Analyst
47-5043.00,1.A.1.a.3,Oral Expression,IM,3.0,8,0.0,3.0,3.0,N,,07/2017,Analyst
47-5043.00,1.A.1.a.3,Oral Expression,LV,3.0,8,0.0,3.0,3.0,N,N,07/2017,Analyst
47-5043.00,1.A.1.a.4,Written Expression,IM,2.12,8,0.125,1.88,2.37,N,,07/2017,Analyst
47-5043.00,1.A.1.a.4,Written Expression,LV,2.25,8,0.1637,1.9292,2.5708,N,N,07/2017,Analyst
47-5043.00,1.A.1.b.1,Fluency of Ideas,IM,2.25,8,0.1637,1.9292,2.5708,N,,07/2017,Analyst
47-5043.00,1.A.1.b.1,Fluency of Ideas,LV,2.12,8,0.125,1.88,2.37,N,N,07/2017,Analyst
47-5043.00,1.A.1.b.2,Originality,IM,2.12,8,0.125,1.88,2.37,N,,07/2017,Analyst
47-5043.00,1.A.1.b.2,Originality,LV,2.12,8,0.125,1.88,2.37,N,N,07/2017,Analyst
47-5043.00,1.A.1.b.3,Problem Sensitivity,IM,3.75,8,0.1637,3.4292,4.0708,N,,07/2017,Analyst
47-5043.00,1.A.1.b.3,Problem Sensitivity,LV,3.38,8,0.183,3.0164,3.7336,N,N,07/2017,Analyst
47-5043.00,1.A.1.b.4,Deductive Reasoning,IM,3.0,8,0.0,3.0,3.0,N,,07/2017,Analyst
47-5043.00,1.A.1.b.4,Deductive Reasoning,LV,3.0,8,0.0,3.0,3.0,N,N,07/2017,Analyst
47-5043.00,1.A.1.b.5,Inductive Reasoning,IM,2.88,8,0.125,2.63,3.12,N,,07/2017,Analyst
47-5043.00,1.A.1.b.5,Inductive Reasoning,LV,2.88,8,0.125,2.63,3.12,N,N,07/2017,Analyst
47-5043.00,1.A.1.b.6,Information Ordering,IM,3.62,8,0.183,3.2664,3.9836,N,,07/2017,Analyst
47-5043.00,1.A.1.b.6,Information Ordering,LV,3.25,8,0.1637,2.9292,3.5708,N,N,07/2017,Analyst
47-5043.00,1.A.1.b.7,Category Flexibility,IM,2.88,8,0.125,2.63,3.12,N,,07/2017,Analyst
47-5043.00,1.A.1.b.7,Category Flexibility,LV,2.5,8,0.189,2.1296,2.8704,N,N,07/2017,Analyst
47-5043.00,1.A.1.c.1,Mathematical Reasoning,IM,2.0,8,0.0,2.0,2.0,N,,07/2017,Analyst
47-5043.00,1.A.1.c.1,Mathematical Reasoning,LV,1.25,8,0.1637,0.9292,1.5708,N,N,07/2017,Analyst
47-5043.00,1.A.1.c.2,Number Facility,IM,2.0,8,0.0,2.0,2.0,N,,07/2017,Analyst
47-5043.00,1.A.1.c.2,Number Facility,LV,1.88,8,0.125,1.63,2.12,N,N,07/2017,Analyst
47-5043.00,1.A.1.d.1,Memorization,IM,2.12,8,0.125,1.88,2.37,N,,07/2017,Analyst
47-5043.00,1.A.1.d.1,Memorization,LV,2.12,8,0.125,1.88,2.37,N,N,07/2017,Analyst
47-5043.00,1.A.1.e.1,Speed of Closure,IM,2.0,8,0.0,2.0,2.0,N,,07/2017,Analyst
47-5043.00,1.A.1.e.1,Speed of Closure,LV,2.0,8,0.0,2.0,2.0,N,N,07/2017,Analyst
47-5043.00,1.A.1.e.2,Flexibility of Closure,IM,2.88,8,0.125,2.63,3.12,N,,07/2017,Analyst
47-5043.00,1.A.1.e.2,Flexibility of Closure,LV,2.5,8,0.189,2.1296,2.8704,N,N,07/2017,Analyst
47-5043.00,1.A.1.e.3,Perceptual Speed,IM,2.75,8,0.1637,2.4292,3.0708,N,,07/2017,Analyst
47-5043.00,1.A.1.e.3,Perceptual Speed,LV,2.5,8,0.189,2.1296,2.8704,N,N,07/2017,Analyst
47-5043.00,1.A.1.f.1,Spatial Orientation,IM,2.88,8,0.125,2.63,3.12,N,,07/2017,Analyst
47-5043.00,1.A.1.f.1,Spatial Orientation,LV,2.75,8,0.1637,2.4292,3.0708,N,N,07/2017,Analyst
47-5043.00,1.A.1.f.2,Visualization,IM,3.0,8,0.0,3.0,3.0,N,,07/2017,Analyst
47-5043.00,1.A.1.f.2,Visualization,LV,3.0,8,0.0,3.0,3.0,N,N,07/2017,Analyst
47-5043.00,1.A.1.g.1,Selective Attention,IM,3.5,8,0.189,3.1296,3.8704,N,,07/2017,Analyst
47-5043.00,1.A.1.g.1,Selective Attention,LV,3.25,8,0.1637,2.9292,3.5708,N,N,07/2017,Analyst
47-5043.00,1.A.1.g.2,Time Sharing,IM,3.0,8,0.0,3.0,3.0,N,,07/2017,Analyst
47-5043.00,1.A.1.g.2,Time Sharing,LV,2.88,8,0.125,2.63,3.12,N,N,07/2017,Analyst
47-5043.00,1.A.2.a.1,Arm-Hand Steadiness,IM,4.0,8,0.0,4.0,4.0,N,,07/2017,Analyst
47-5043.00,1.A.2.a.1,Arm-Hand Steadiness,LV,3.12,8,0.125,2.88,3.37,N,N,07/2017,Analyst
47-5043.00,1.A.2.a.2,Manual Dexterity,IM,3.88,8,0.125,3.63,4.12,N,,07/2017,Analyst
47-5043.00,1.A.2.a.2,Manual Dexterity,LV,3.75,8,0.1637,3.4292,4.0708,N,N,07/2017,Analyst
47-5043.00,1.A.2.a.3,Finger Dexterity,IM,3.0,8,0.0,3.0,3.0,N,,07/2017,Analyst
47-5043.00,1.A.2.a.3,Finger Dexterity,LV,3.12,8,0.125,2.88,3.37,N,N,07/2017,Analyst
47-5043.00,1.A.2.b.1,Control Precision,IM,4.12,8,0.125,3.88,4.37,N,,07/2017,Analyst
47-5043.00,1.A.2.b.1,Control Precision,LV,4.0,8,0.0,4.0,4.0,N,N,07/2017,Analyst
47-5043.00,1.A.2.b.2,Multilimb Coordination,IM,3.75,8,0.1637,3.4292,4.0708,N,,07/2017,Analyst
47-5043.00,1.A.2.b.2,Multilimb Coordination,LV,3.88,8,0.125,3.63,4.12,N,N,07/2017,Analyst
47-5043.00,1.A.2.b.3,Response Orientation,IM,3.38,8,0.2631,2.8594,3.8906,N,,07/2017,Analyst
47-5043.00,1.A.2.b.3,Response Orientation,LV,3.38,8,0.2631,2.8594,3.8906,N,N,07/2017,Analyst
47-5043.00,1.A.2.b.4,Rate Control,IM,3.25,8,0.1637,2.9292,3.5708,N,,07/2017,Analyst
47-5043.00,1.A.2.b.4,Rate Control,LV,3.12,8,0.125,2.88,3.37,N,N,07/2017,Analyst
47-5043.00,1.A.2.c.1,Reaction Time,IM,3.75,8,0.1637,3.4292,4.0708,N,,07/2017,Analyst
47-5043.00,1.A.2.c.1,Reaction Time,LV,3.88,8,0.125,3.63,4.12,N,N,07/2017,Analyst
47-5043.00,1.A.2.c.2,Wrist-Finger Speed,IM,2.88,8,0.125,2.63,3.12,N,,07/2017,Analyst
47-5043.00,1.A.2.c.2,Wrist-Finger Speed,LV,2.75,8,0.25,2.26,3.24,N,N,07/2017,Analyst
47-5043.00,1.A.2.c.3,Speed of Limb Movement,IM,2.38,8,0.2631,1.8594,2.8906,N,,07/2017,Analyst
47-5043.00,1.A.2.c.3,Speed of Limb Movement,LV,2.5,8,0.4226,1.6717,3.3283,N,N,07/2017,Analyst
47-5043.00,1.A.3.a.1,Static Strength,IM,3.62,8,0.183,3.2664,3.9836,N,,07/2017,Analyst
47-5043.00,1.A.3.a.1,Static Strength,LV,3.75,8,0.1637,3.4292,4.0708,N,N,07/2017,Analyst
47-5043.00,1.A.3.a.2,Explosive Strength,IM,2.12,8,0.125,1.88,2.37,N,,07/2017,Analyst
47-5043.00,1.A.3.a.2,Explosive Strength,LV,1.62,8,0.2631,1.1094,2.1406,N,N,07/2017,Analyst
47-5043.00,1.A.3.a.3,Dynamic Strength,IM,2.88,8,0.125,2.63,3.12,N,,07/2017,Analyst
47-5043.00,1.A.3.a.3,Dynamic Strength,LV,3.38,8,0.183,3.0164,3.7336,N,N,07/2017,Analyst
47-5043.00,1.A.3.a.4,Trunk Strength,IM,3.25,8,0.1637,2.9292,3.5708,N,,07/2017,Analyst
47-5043.00,1.A.3.a.4,Trunk Strength,LV,3.62,8,0.183,3.2664,3.9836,N,N,07/2017,Analyst
47-5043.00,1.A.3.b.1,Stamina,IM,3.12,8,0.2266,2.6809,3.5691,N,,07/2017,Analyst
47-5043.00,1.A.3.b.1,Stamina,LV,3.12,8,0.125,2.88,3.37,N,N,07/2017,Analyst
47-5043.00,1.A.3.c.1,Extent Flexibility,IM,3.88,8,0.125,3.63,4.12,N,,07/2017,Analyst
47-5043.00,1.A.3.c.1,Extent Flexibility,LV,4.0,8,0.189,3.6296,4.3704,N,N,07/2017,Analyst
47-5043.00,1.A.3.c.2,Dynamic Flexibility,IM,1.88,8,0.125,1.63,2.12,N,,07/2017,Analyst
47-5043.00,1.A.3.c.2,Dynamic Flexibility,LV,1.12,8,0.2266,0.6809,1.5691,N,N,07/2017,Analyst
47-5043.00,1.A.3.c.3,Gross Body Coordination,IM,2.88,8,0.125,2.63,3.12,N,,07/2017,Analyst
47-5043.00,1.A.3.c.3,Gross Body Coordination,LV,2.75,8,0.1637,2.4292,3.0708,N,N,07/2017,Analyst
47-5043.00,1.A.3.c.4,Gross Body Equilibrium,IM,3.12,8,0.125,2.88,3.37,N,,07/2017,Analyst
47-5043.00,1.A.3.c.4,Gross Body Equilibrium,LV,3.0,8,0.189,2.6296,3.3704,N,N,07/2017,Analyst
47-5043.00,1.A.4.a.1,Near Vision,IM,3.75,8,0.1637,3.4292,4.0708,N,,07/2017,Analyst
47-5043.00,1.A.4.a.1,Near Vision,LV,3.12,8,0.125,2.88,3.37,N,N,07/2017,Analyst
47-5043.00,1.A.4.a.2,Far Vision,IM,3.12,8,0.125,2.88,3.37,N,,07/2017,Analyst
47-5043.00,1.A.4.a.2,Far Vision,LV,3.12,8,0.125,2.88,3.37,N,N,07/2017,Analyst
47-5043.00,1.A.4.a.3,Visual Color Discrimination,IM,2.75,8,0.1637,2.4292,3.0708,N,,07/2017,Analyst
47-5043.00,1.A.4.a.3,Visual Color Discrimination,LV,2.38,8,0.183,2.0164,2.7336,N,N,07/2017,Analyst
47-5043.00,1.A.4.a.4,Night Vision,IM,2.5,8,0.189,2.1296,2.8704,N,,07/2017,Analyst
47-5043.00,1.A.4.a.4,Night Vision,LV,2.5,8,0.189,2.1296,2.8704,N,N,07/2017,Analyst
47-5043.00,1.A.4.a.5,Peripheral Vision,IM,2.62,8,0.183,2.2664,2.9836,N,,07/2017,Analyst
47-5043.00,1.A.4.a.5,Peripheral Vision,LV,2.12,8,0.125,1.88,2.37,N,N,07/2017,Analyst
47-5043.00,1.A.4.a.6,Depth Perception,IM,3.75,8,0.1637,3.4292,4.0708,N,,07/2017,Analyst
47-5043.00,1.A.4.a.6,Depth Perception,LV,3.38,8,0.183,3.0164,3.7336,N,N,07/2017,Analyst
47-5043.00,1.A.4.a.7,Glare Sensitivity,IM,2.75,8,0.1637,2.4292,3.0708,N,,07/2017,Analyst
47-5043.00,1.A.4.a.7,Glare Sensitivity,LV,2.75,8,0.1637,2.4292,3.0708,N,N,07/2017,Analyst
47-5043.00,1.A.4.b.1,Hearing Sensitivity,IM,3.0,8,0.0,3.0,3.0,N,,07/2017,Analyst
47-5043.00,1.A.4.b.1,Hearing Sensitivity,LV,3.0,8,0.0,3.0,3.0,N,N,07/2017,Analyst
47-5043.00,1.A.4.b.2,Auditory Attention,IM,3.0,8,0.0,3.0,3.0,N,,07/2017,Analyst
47-5043.00,1.A.4.b.2,Auditory Attention,LV,3.38,8,0.183,3.0164,3.7336,N,N,07/2017,Analyst
47-5043.00,1.A.4.b.3,Sound Localization,IM,2.62,8,0.183,2.2664,2.9836,N,,07/2017,Analyst
47-5043.00,1.A.4.b.3,Sound Localization,LV,2.5,8,0.189,2.1296,2.8704,N,N,07/2017,Analyst
47-5043.00,1.A.4.b.4,Speech Recognition,IM,3.12,8,0.125,2.88,3.37,N,,07/2017,Analyst
47-5043.00,1.A.4.b.4,Speech Recognition,LV,3.0,8,0.0,3.0,3.0,N,N,07/2017,Analyst
47-5043.00,1.A.4.b.5,Speech Clarity,IM,3.0,8,0.0,3.0,3.0,N,,07/2017,Analyst
47-5043.00,1.A.4.b.5,Speech Clarity,LV,3.0,8,0.0,3.0,3.0,N,N,07/2017,Analyst
47-5044.00,1.A.1.a.1,Oral Comprehension,IM,3.0,8,0.0,3.0,3.0,N,,08/2022,Analyst
47-5044.00,1.A.1.a.1,Oral Comprehension,LV,3.0,8,0.0,3.0,3.0,N,N,08/2022,Analyst
47-5044.00,1.A.1.a.2,Written Comprehension,IM,2.75,8,0.1637,2.4292,3.0708,N,,08/2022,Analyst
47-5044.00,1.A.1.a.2,Written Comprehension,LV,2.88,8,0.125,2.63,3.12,N,N,08/2022,Analyst
47-5044.00,1.A.1.a.3,Oral Expression,IM,3.0,8,0.0,3.0,3.0,N,,08/2022,Analyst
47-5044.00,1.A.1.a.3,Oral Expression,LV,3.0,8,0.0,3.0,3.0,N,N,08/2022,Analyst
47-5044.00,1.A.1.a.4,Written Expression,IM,2.12,8,0.125,1.88,2.37,N,,08/2022,Analyst
47-5044.00,1.A.1.a.4,Written Expression,LV,2.25,8,0.1637,1.9292,2.5708,N,N,08/2022,Analyst
47-5044.00,1.A.1.b.1,Fluency of Ideas,IM,2.12,8,0.125,1.88,2.37,N,,08/2022,Analyst
47-5044.00,1.A.1.b.1,Fluency of Ideas,LV,1.38,8,0.183,1.0164,1.7336,N,N,08/2022,Analyst
47-5044.00,1.A.1.b.2,Originality,IM,2.0,8,0.0,2.0,2.0,N,,08/2022,Analyst
47-5044.00,1.A.1.b.2,Originality,LV,1.38,8,0.183,1.0164,1.7336,N,N,08/2022,Analyst
47-5044.00,1.A.1.b.3,Problem Sensitivity,IM,3.25,8,0.1637,2.9292,3.5708,N,,08/2022,Analyst
47-5044.00,1.A.1.b.3,Problem Sensitivity,LV,3.0,8,0.0,3.0,3.0,N,N,08/2022,Analyst
47-5044.00,1.A.1.b.4,Deductive Reasoning,IM,2.88,8,0.125,2.63,3.12,N,,08/2022,Analyst
47-5044.00,1.A.1.b.4,Deductive Reasoning,LV,2.75,8,0.1637,2.4292,3.0708,N,N,08/2022,Analyst
47-5044.00,1.A.1.b.5,Inductive Reasoning,IM,2.88,8,0.125,2.63,3.12,N,,08/2022,Analyst
47-5044.00,1.A.1.b.5,Inductive Reasoning,LV,2.88,8,0.125,2.63,3.12,N,N,08/2022,Analyst
47-5044.00,1.A.1.b.6,Information Ordering,IM,3.0,8,0.189,2.6296,3.3704,N,,08/2022,Analyst
47-5044.00,1.A.1.b.6,Information Ordering,LV,3.0,8,0.0,3.0,3.0,N,N,08/2022,Analyst
47-5044.00,1.A.1.b.7,Category Flexibility,IM,3.0,8,0.0,3.0,3.0,N,,08/2022,Analyst
47-5044.00,1.A.1.b.7,Category Flexibility,LV,3.0,8,0.0,3.0,3.0,N,N,08/2022,Analyst
47-5044.00,1.A.1.c.1,Mathematical Reasoning,IM,2.0,8,0.0,2.0,2.0,N,,08/2022,Analyst
47-5044.00,1.A.1.c.1,Mathematical Reasoning,LV,1.25,8,0.1637,0.9292,1.5708,N,N,08/2022,Analyst
47-5044.00,1.A.1.c.2,Number Facility,IM,2.0,8,0.0,2.0,2.0,N,,08/2022,Analyst
47-5044.00,1.A.1.c.2,Number Facility,LV,1.25,8,0.1637,0.9292,1.5708,N,N,08/2022,Analyst
47-5044.00,1.A.1.d.1,Memorization,IM,2.0,8,0.0,2.0,2.0,N,,08/2022,Analyst
47-5044.00,1.A.1.d.1,Memorization,LV,1.62,8,0.183,1.2664,1.9836,N,N,08/2022,Analyst
47-5044.00,1.A.1.e.1,Speed of Closure,IM,2.12,8,0.125,1.88,2.37,N,,08/2022,Analyst
47-5044.00,1.A.1.e.1,Speed of Closure,LV,2.12,8,0.125,1.88,2.37,N,N,08/2022,Analyst
47-5044.00,1.A.1.e.2,Flexibility of Closure,IM,2.75,8,0.1637,2.4292,3.0708,N,,08/2022,Analyst
47-5044.00,1.A.1.e.2,Flexibility of Closure,LV,2.38,8,0.183,2.0164,2.7336,N,N,08/2022,Analyst
47-5044.00,1.A.1.e.3,Perceptual Speed,IM,3.12,8,0.125,2.88,3.37,N,,08/2022,Analyst
47-5044.00,1.A.1.e.3,Perceptual Speed,LV,3.0,8,0.189,2.6296,3.3704,N,N,08/2022,Analyst
47-5044.00,1.A.1.f.1,Spatial Orientation,IM,2.75,8,0.1637,2.4292,3.0708,N,,08/2022,Analyst
47-5044.00,1.A.1.f.1,Spatial Orientation,LV,2.38,8,0.183,2.0164,2.7336,N,N,08/2022,Analyst
47-5044.00,1.A.1.f.2,Visualization,IM,3.0,8,0.0,3.0,3.0,N,,08/2022,Analyst
47-5044.00,1.A.1.f.2,Visualization,LV,3.0,8,0.0,3.0,3.0,N,N,08/2022,Analyst
47-5044.00,1.A.1.g.1,Selective Attention,IM,3.12,8,0.125,2.88,3.37,N,,08/2022,Analyst
47-5044.00,1.A.1.g.1,Selective Attention,LV,3.0,8,0.0,3.0,3.0,N,N,08/2022,Analyst
47-5044.00,1.A.1.g.2,Time Sharing,IM,3.12,8,0.125,2.88,3.37,N,,08/2022,Analyst
47-5044.00,1.A.1.g.2,Time Sharing,LV,2.88,8,0.125,2.63,3.12,N,N,08/2022,Analyst
47-5044.00,1.A.2.a.1,Arm-Hand Steadiness,IM,3.25,8,0.1637,2.9292,3.5708,N,,08/2022,Analyst
47-5044.00,1.A.2.a.1,Arm-Hand Steadiness,LV,3.25,8,0.1637,2.9292,3.5708,N,N,08/2022,Analyst
47-5044.00,1.A.2.a.2,Manual Dexterity,IM,3.25,8,0.1637,2.9292,3.5708,N,,08/2022,Analyst
47-5044.00,1.A.2.a.2,Manual Dexterity,LV,3.38,8,0.183,3.0164,3.7336,N,N,08/2022,Analyst
47-5044.00,1.A.2.a.3,Finger Dexterity,IM,2.88,8,0.125,2.63,3.12,N,,08/2022,Analyst
47-5044.00,1.A.2.a.3,Finger Dexterity,LV,2.88,8,0.125,2.63,3.12,N,N,08/2022,Analyst
47-5044.00,1.A.2.b.1,Control Precision,IM,3.75,8,0.1637,3.4292,4.0708,N,,08/2022,Analyst
47-5044.00,1.A.2.b.1,Control Precision,LV,3.88,8,0.125,3.63,4.12,N,N,08/2022,Analyst
47-5044.00,1.A.2.b.2,Multilimb Coordination,IM,3.38,8,0.183,3.0164,3.7336,N,,08/2022,Analyst
47-5044.00,1.A.2.b.2,Multilimb Coordination,LV,3.25,8,0.1637,2.9292,3.5708,N,N,08/2022,Analyst
47-5044.00,1.A.2.b.3,Response Orientation,IM,2.75,8,0.25,2.26,3.24,N,,08/2022,Analyst
47-5044.00,1.A.2.b.3,Response Orientation,LV,3.12,8,0.2266,2.6809,3.5691,N,N,08/2022,Analyst
47-5044.00,1.A.2.b.4,Rate Control,IM,3.25,8,0.1637,2.9292,3.5708,N,,08/2022,Analyst
47-5044.00,1.A.2.b.4,Rate Control,LV,3.12,8,0.125,2.88,3.37,N,N,08/2022,Analyst
47-5044.00,1.A.2.c.1,Reaction Time,IM,3.38,8,0.183,3.0164,3.7336,N,,08/2022,Analyst
47-5044.00,1.A.2.c.1,Reaction Time,LV,3.88,8,0.125,3.63,4.12,N,N,08/2022,Analyst
47-5044.00,1.A.2.c.2,Wrist-Finger Speed,IM,1.88,8,0.2266,1.4309,2.3191,N,,08/2022,Analyst
47-5044.00,1.A.2.c.2,Wrist-Finger Speed,LV,1.5,8,0.3273,0.8584,2.1416,N,N,08/2022,Analyst
47-5044.00,1.A.2.c.3,Speed of Limb Movement,IM,2.25,8,0.25,1.76,2.74,N,,08/2022,Analyst
47-5044.00,1.A.2.c.3,Speed of Limb Movement,LV,2.12,8,0.3504,1.4383,2.8117,N,N,08/2022,Analyst
47-5044.00,1.A.3.a.1,Static Strength,IM,2.75,8,0.1637,2.4292,3.0708,N,,08/2022,Analyst
47-5044.00,1.A.3.a.1,Static Strength,LV,2.88,8,0.125,2.63,3.12,N,N,08/2022,Analyst
47-5044.00,1.A.3.a.2,Explosive Strength,IM,1.62,8,0.183,1.2664,1.9836,N,,08/2022,Analyst
47-5044.00,1.A.3.a.2,Explosive Strength,LV,1.12,8,0.3981,0.3447,1.9053,N,N,08/2022,Analyst
47-5044.00,1.A.3.a.3,Dynamic Strength,IM,2.5,8,0.189,2.1296,2.8704,N,,08/2022,Analyst
47-5044.00,1.A.3.a.3,Dynamic Strength,LV,2.12,8,0.125,1.88,2.37,N,N,08/2022,Analyst
47-5044.00,1.A.3.a.4,Trunk Strength,IM,3.12,8,0.125,2.88,3.37,N,,08/2022,Analyst
47-5044.00,1.A.3.a.4,Trunk Strength,LV,3.0,8,0.0,3.0,3.0,N,N,08/2022,Analyst
47-5044.00,1.A.3.b.1,Stamina,IM,2.75,8,0.25,2.26,3.24,N,,08/2022,Analyst
47-5044.00,1.A.3.b.1,Stamina,LV,2.75,8,0.1637,2.4292,3.0708,N,N,08/2022,Analyst
47-5044.00,1.A.3.c.1,Extent Flexibility,IM,3.0,8,0.0,3.0,3.0,N,,08/2022,Analyst
47-5044.00,1.A.3.c.1,Extent Flexibility,LV,3.0,8,0.0,3.0,3.0,N,N,08/2022,Analyst
47-5044.00,1.A.3.c.2,Dynamic Flexibility,IM,1.12,8,0.125,1.0,1.37,N,,08/2022,Analyst
47-5044.00,1.A.3.c.2,Dynamic Flexibility,LV,0.12,8,0.125,0.0,0.37,N,Y,08/2022,Analyst
47-5044.00,1.A.3.c.3,Gross Body Coordination,IM,2.38,8,0.183,2.0164,2.7336,N,,08/2022,Analyst
47-5044.00,1.A.3.c.3,Gross Body Coordination,LV,2.5,8,0.189,2.1296,2.8704,N,N,08/2022,Analyst
47-5044.00,1.A.3.c.4,Gross Body Equilibrium,IM,2.12,8,0.125,1.88,2.37,N,,08/2022,Analyst
47-5044.00,1.A.3.c.4,Gross Body Equilibrium,LV,2.0,8,0.189,1.6296,2.3704,N,N,08/2022,Analyst
47-5044.00,1.A.4.a.1,Near Vision,IM,3.25,8,0.1637,2.9292,3.5708,N,,08/2022,Analyst
47-5044.00,1.A.4.a.1,Near Vision,LV,3.25,8,0.1637,2.9292,3.5708,N,N,08/2022,Analyst
47-5044.00,1.A.4.a.2,Far Vision,IM,3.0,8,0.0,3.0,3.0,N,,08/2022,Analyst
47-5044.00,1.A.4.a.2,Far Vision,LV,3.0,8,0.0,3.0,3.0,N,N,08/2022,Analyst
47-5044.00,1.A.4.a.3,Visual Color Discrimination,IM,2.88,8,0.125,2.63,3.12,N,,08/2022,Analyst
47-5044.00,1.A.4.a.3,Visual Color Discrimination,LV,2.62,8,0.183,2.2664,2.9836,N,N,08/2022,Analyst
47-5044.00,1.A.4.a.4,Night Vision,IM,2.25,8,0.1637,1.9292,2.5708,N,,08/2022,Analyst
47-5044.00,1.A.4.a.4,Night Vision,LV,2.25,8,0.1637,1.9292,2.5708,N,N,08/2022,Analyst
47-5044.00,1.A.4.a.5,Peripheral Vision,IM,2.38,8,0.183,2.0164,2.7336,N,,08/2022,Analyst
47-5044.00,1.A.4.a.5,Peripheral Vision,LV,2.38,8,0.183,2.0164,2.7336,N,N,08/2022,Analyst
47-5044.00,1.A.4.a.6,Depth Perception,IM,3.12,8,0.2266,2.6809,3.5691,N,,08/2022,Analyst
47-5044.00,1.A.4.a.6,Depth Perception,LV,3.75,8,0.1637,3.4292,4.0708,N,N,08/2022,Analyst
47-5044.00,1.A.4.a.7,Glare Sensitivity,IM,2.25,8,0.1637,1.9292,2.5708,N,,08/2022,Analyst
47-5044.00,1.A.4.a.7,Glare Sensitivity,LV,2.25,8,0.1637,1.9292,2.5708,N,N,08/2022,Analyst
47-5044.00,1.A.4.b.1,Hearing Sensitivity,IM,2.88,8,0.125,2.63,3.12,N,,08/2022,Analyst
47-5044.00,1.A.4.b.1,Hearing Sensitivity,LV,3.0,8,0.0,3.0,3.0,N,N,08/2022,Analyst
47-5044.00,1.A.4.b.2,Auditory Attention,IM,3.0,8,0.0,3.0,3.0,N,,08/2022,Analyst
47-5044.00,1.A.4.b.2,Auditory Attention,LV,3.0,8,0.0,3.0,3.0,N,N,08/2022,Analyst
47-5044.00,1.A.4.b.3,Sound Localization,IM,2.0,8,0.0,2.0,2.0,N,,08/2022,Analyst
47-5044.00,1.A.4.b.3,Sound Localization,LV,1.62,8,0.2631,1.1094,2.1406,N,N,08/2022,Analyst
47-5044.00,1.A.4.b.4,Speech Recognition,IM,3.0,8,0.0,3.0,3.0,N,,08/2022,Analyst
47-5044.00,1.A.4.b.4,Speech Recognition,LV,2.88,8,0.125,2.63,3.12,N,N,08/2022,Analyst
47-5044.00,1.A.4.b.5,Speech Clarity,IM,3.0,8,0.0,3.0,3.0,N,,08/2022,Analyst
47-5044.00,1.A.4.b.5,Speech Clarity,LV,3.0,8,0.0,3.0,3.0,N,N,08/2022,Analyst
47-5051.00,1.A.1.a.1,Oral Comprehension,IM,3.0,8,0.189,2.6296,3.3704,N,,06/2008,Analyst
47-5051.00,1.A.1.a.1,Oral Comprehension,LV,3.0,8,0.189,2.6296,3.3704,N,N,06/2008,Analyst
47-5051.00,1.A.1.a.2,Written Comprehension,IM,2.38,8,0.183,2.0164,2.7336,N,,06/2008,Analyst
47-5051.00,1.A.1.a.2,Written Comprehension,LV,2.5,8,0.2673,1.9762,3.0238,N,N,06/2008,Analyst
47-5051.00,1.A.1.a.3,Oral Expression,IM,2.88,8,0.125,2.63,3.12,N,,06/2008,Analyst
47-5051.00,1.A.1.a.3,Oral Expression,LV,2.88,8,0.2266,2.4309,3.3191,N,N,06/2008,Analyst
47-5051.00,1.A.1.a.4,Written Expression,IM,2.12,8,0.2266,1.6809,2.5691,N,,06/2008,Analyst
47-5051.00,1.A.1.a.4,Written Expression,LV,2.12,8,0.3504,1.4383,2.8117,N,N,06/2008,Analyst
47-5051.00,1.A.1.b.1,Fluency of Ideas,IM,1.88,8,0.2266,1.4309,2.3191,N,,06/2008,Analyst
47-5051.00,1.A.1.b.1,Fluency of Ideas,LV,1.5,8,0.378,0.7592,2.2408,N,N,06/2008,Analyst
47-5051.00,1.A.1.b.2,Originality,IM,2.0,8,0.189,1.6296,2.3704,N,,06/2008,Analyst
47-5051.00,1.A.1.b.2,Originality,LV,1.88,8,0.3504,1.1883,2.5617,N,N,06/2008,Analyst
47-5051.00,1.A.1.b.3,Problem Sensitivity,IM,3.0,8,0.189,2.6296,3.3704,N,,06/2008,Analyst
47-5051.00,1.A.1.b.3,Problem Sensitivity,LV,2.75,8,0.25,2.26,3.24,N,N,06/2008,Analyst
47-5051.00,1.A.1.b.4,Deductive Reasoning,IM,2.88,8,0.125,2.63,3.12,N,,06/2008,Analyst
47-5051.00,1.A.1.b.4,Deductive Reasoning,LV,2.75,8,0.25,2.26,3.24,N,N,06/2008,Analyst
47-5051.00,1.A.1.b.5,Inductive Reasoning,IM,2.75,8,0.1637,2.4292,3.0708,N,,06/2008,Analyst
47-5051.00,1.A.1.b.5,Inductive Reasoning,LV,2.75,8,0.25,2.26,3.24,N,N,06/2008,Analyst
47-5051.00,1.A.1.b.6,Information Ordering,IM,2.88,8,0.2266,2.4309,3.3191,N,,06/2008,Analyst
47-5051.00,1.A.1.b.6,Information Ordering,LV,2.88,8,0.295,2.2967,3.4533,N,N,06/2008,Analyst
47-5051.00,1.A.1.b.7,Category Flexibility,IM,2.88,8,0.2266,2.4309,3.3191,N,,06/2008,Analyst
47-5051.00,1.A.1.b.7,Category Flexibility,LV,2.88,8,0.295,2.2967,3.4533,N,N,06/2008,Analyst
47-5051.00,1.A.1.c.1,Mathematical Reasoning,IM,1.88,8,0.2266,1.4309,2.3191,N,,06/2008,Analyst
47-5051.00,1.A.1.c.1,Mathematical Reasoning,LV,1.25,8,0.3134,0.6358,1.8642,N,N,06/2008,Analyst
47-5051.00,1.A.1.c.2,Number Facility,IM,2.0,8,0.189,1.6296,2.3704,N,,06/2008,Analyst
47-5051.00,1.A.1.c.2,Number Facility,LV,1.5,8,0.2673,0.9762,2.0238,N,N,06/2008,Analyst
47-5051.00,1.A.1.d.1,Memorization,IM,2.0,8,0.2673,1.4762,2.5238,N,,06/2008,Analyst
47-5051.00,1.A.1.d.1,Memorization,LV,1.5,8,0.4226,0.6717,2.3283,N,N,06/2008,Analyst
47-5051.00,1.A.1.e.1,Speed of Closure,IM,2.0,8,0.378,1.2592,2.7408,N,,06/2008,Analyst
47-5051.00,1.A.1.e.1,Speed of Closure,LV,1.38,8,0.4605,0.4724,2.2776,N,N,06/2008,Analyst
47-5051.00,1.A.1.e.2,Flexibility of Closure,IM,2.75,8,0.366,2.0327,3.4673,N,,06/2008,Analyst
47-5051.00,1.A.1.e.2,Flexibility of Closure,LV,2.5,8,0.4629,1.5927,3.4073,N,N,06/2008,Analyst
47-5051.00,1.A.1.e.3,Perceptual Speed,IM,2.75,8,0.366,2.0327,3.4673,N,,06/2008,Analyst
47-5051.00,1.A.1.e.3,Perceptual Speed,LV,2.5,8,0.4629,1.5927,3.4073,N,N,06/2008,Analyst
47-5051.00,1.A.1.f.1,Spatial Orientation,IM,2.25,8,0.25,1.76,2.74,N,,06/2008,Analyst
47-5051.00,1.A.1.f.1,Spatial Orientation,LV,1.88,8,0.3981,1.0947,2.6553,N,N,06/2008,Analyst
47-5051.00,1.A.1.f.2,Visualization,IM,3.0,8,0.189,2.6296,3.3704,N,,06/2008,Analyst
47-5051.00,1.A.1.f.2,Visualization,LV,2.88,8,0.2266,2.4309,3.3191,N,N,06/2008,Analyst
47-5051.00,1.A.1.g.1,Selective Attention,IM,2.88,8,0.2266,2.4309,3.3191,N,,06/2008,Analyst
47-5051.00,1.A.1.g.1,Selective Attention,LV,2.75,8,0.25,2.26,3.24,N,N,06/2008,Analyst
47-5051.00,1.A.1.g.2,Time Sharing,IM,2.5,8,0.189,2.1296,2.8704,N,,06/2008,Analyst
47-5051.00,1.A.1.g.2,Time Sharing,LV,2.62,8,0.2631,2.1094,3.1406,N,N,06/2008,Analyst
47-5051.00,1.A.2.a.1,Arm-Hand Steadiness,IM,3.88,8,0.295,3.2967,4.4533,N,,06/2008,Analyst
47-5051.00,1.A.2.a.1,Arm-Hand Steadiness,LV,3.38,8,0.375,2.64,4.11,N,N,06/2008,Analyst
47-5051.00,1.A.2.a.2,Manual Dexterity,IM,3.25,8,0.1637,2.9292,3.5708,N,,06/2008,Analyst
47-5051.00,1.A.2.a.2,Manual Dexterity,LV,3.38,8,0.2631,2.8594,3.8906,N,N,06/2008,Analyst
47-5051.00,1.A.2.a.3,Finger Dexterity,IM,3.0,8,0.3273,2.3584,3.6416,N,,06/2008,Analyst
47-5051.00,1.A.2.a.3,Finger Dexterity,LV,3.12,8,0.295,2.5467,3.7033,N,N,06/2008,Analyst
47-5051.00,1.A.2.b.1,Control Precision,IM,3.5,8,0.3273,2.8584,4.1416,N,,06/2008,Analyst
47-5051.00,1.A.2.b.1,Control Precision,LV,3.25,8,0.25,2.76,3.74,N,N,06/2008,Analyst
47-5051.00,1.A.2.b.2,Multilimb Coordination,IM,3.62,8,0.3239,2.9902,4.2598,N,,06/2008,Analyst
47-5051.00,1.A.2.b.2,Multilimb Coordination,LV,3.38,8,0.2631,2.8594,3.8906,N,N,06/2008,Analyst
47-5051.00,1.A.2.b.3,Response Orientation,IM,2.75,8,0.3134,2.1358,3.3642,N,,06/2008,Analyst
47-5051.00,1.A.2.b.3,Response Orientation,LV,2.75,8,0.3134,2.1358,3.3642,N,N,06/2008,Analyst
47-5051.00,1.A.2.b.4,Rate Control,IM,2.88,8,0.2266,2.4309,3.3191,N,,06/2008,Analyst
47-5051.00,1.A.2.b.4,Rate Control,LV,2.88,8,0.2266,2.4309,3.3191,N,N,06/2008,Analyst
47-5051.00,1.A.2.c.1,Reaction Time,IM,2.88,8,0.2266,2.4309,3.3191,N,,06/2008,Analyst
47-5051.00,1.A.2.c.1,Reaction Time,LV,3.38,8,0.2631,2.8594,3.8906,N,N,06/2008,Analyst
47-5051.00,1.A.2.c.2,Wrist-Finger Speed,IM,2.25,8,0.3134,1.6358,2.8642,N,,06/2008,Analyst
47-5051.00,1.A.2.c.2,Wrist-Finger Speed,LV,1.75,8,0.4532,0.8618,2.6382,N,N,06/2008,Analyst
47-5051.00,1.A.2.c.3,Speed of Limb Movement,IM,2.5,8,0.189,2.1296,2.8704,N,,06/2008,Analyst
47-5051.00,1.A.2.c.3,Speed of Limb Movement,LV,2.75,8,0.25,2.26,3.24,N,N,06/2008,Analyst
47-5051.00,1.A.3.a.1,Static Strength,IM,3.5,8,0.189,3.1296,3.8704,N,,06/2008,Analyst
47-5051.00,1.A.3.a.1,Static Strength,LV,3.75,8,0.3134,3.1358,4.3642,N,N,06/2008,Analyst
47-5051.00,1.A.3.a.2,Explosive Strength,IM,1.25,8,0.25,1.0,1.74,N,,06/2008,Analyst
47-5051.00,1.A.3.a.2,Explosive Strength,LV,0.5,8,0.5,0.0,1.48,N,Y,06/2008,Analyst
47-5051.00,1.A.3.a.3,Dynamic Strength,IM,3.0,8,0.189,2.6296,3.3704,N,,06/2008,Analyst
47-5051.00,1.A.3.a.3,Dynamic Strength,LV,3.25,8,0.1637,2.9292,3.5708,N,N,06/2008,Analyst
47-5051.00,1.A.3.a.4,Trunk Strength,IM,3.38,8,0.183,3.0164,3.7336,N,,06/2008,Analyst
47-5051.00,1.A.3.a.4,Trunk Strength,LV,3.62,8,0.183,3.2664,3.9836,N,N,06/2008,Analyst
47-5051.00,1.A.3.b.1,Stamina,IM,3.12,8,0.2266,2.6809,3.5691,N,,06/2008,Analyst
47-5051.00,1.A.3.b.1,Stamina,LV,3.38,8,0.2631,2.8594,3.8906,N,N,06/2008,Analyst
47-5051.00,1.A.3.c.1,Extent Flexibility,IM,3.12,8,0.2266,2.6809,3.5691,N,,06/2008,Analyst
47-5051.00,1.A.3.c.1,Extent Flexibility,LV,3.62,8,0.183,3.2664,3.9836,N,N,06/2008,Analyst
47-5051.00,1.A.3.c.2,Dynamic Flexibility,IM,1.12,8,0.125,1.0,1.37,N,,06/2008,Analyst
47-5051.00,1.A.3.c.2,Dynamic Flexibility,LV,0.25,8,0.25,0.0,0.74,N,Y,06/2008,Analyst
47-5051.00,1.A.3.c.3,Gross Body Coordination,IM,2.62,8,0.2631,2.1094,3.1406,N,,06/2008,Analyst
47-5051.00,1.A.3.c.3,Gross Body Coordination,LV,3.25,8,0.1637,2.9292,3.5708,N,N,06/2008,Analyst
47-5051.00,1.A.3.c.4,Gross Body Equilibrium,IM,2.62,8,0.2631,2.1094,3.1406,N,,06/2008,Analyst
47-5051.00,1.A.3.c.4,Gross Body Equilibrium,LV,3.0,8,0.2673,2.4762,3.5238,N,N,06/2008,Analyst
47-5051.00,1.A.4.a.1,Near Vision,IM,3.25,8,0.1637,2.9292,3.5708,N,,06/2008,Analyst
47-5051.00,1.A.4.a.1,Near Vision,LV,3.25,8,0.25,2.76,3.74,N,N,06/2008,Analyst
47-5051.00,1.A.4.a.2,Far Vision,IM,2.5,8,0.2673,1.9762,3.0238,N,,06/2008,Analyst
47-5051.00,1.A.4.a.2,Far Vision,LV,2.25,8,0.366,1.5327,2.9673,N,N,06/2008,Analyst
47-5051.00,1.A.4.a.3,Visual Color Discrimination,IM,2.88,8,0.2266,2.4309,3.3191,N,,06/2008,Analyst
47-5051.00,1.A.4.a.3,Visual Color Discrimination,LV,2.88,8,0.2266,2.4309,3.3191,N,N,06/2008,Analyst
47-5051.00,1.A.4.a.4,Night Vision,IM,1.88,8,0.295,1.2967,2.4533,N,,06/2008,Analyst
47-5051.00,1.A.4.a.4,Night Vision,LV,1.38,8,0.4605,0.4724,2.2776,N,N,06/2008,Analyst
47-5051.00,1.A.4.a.5,Peripheral Vision,IM,1.88,8,0.295,1.2967,2.4533,N,,06/2008,Analyst
47-5051.00,1.A.4.a.5,Peripheral Vision,LV,1.25,8,0.4532,0.3618,2.1382,N,N,06/2008,Analyst
47-5051.00,1.A.4.a.6,Depth Perception,IM,2.88,8,0.295,2.2967,3.4533,N,,06/2008,Analyst
47-5051.00,1.A.4.a.6,Depth Perception,LV,2.88,8,0.2266,2.4309,3.3191,N,N,06/2008,Analyst
47-5051.00,1.A.4.a.7,Glare Sensitivity,IM,1.88,8,0.295,1.2967,2.4533,N,,06/2008,Analyst
47-5051.00,1.A.4.a.7,Glare Sensitivity,LV,1.38,8,0.5324,0.3314,2.4186,Y,N,06/2008,Analyst
47-5051.00,1.A.4.b.1,Hearing Sensitivity,IM,2.38,8,0.2631,1.8594,2.8906,N,,06/2008,Analyst
47-5051.00,1.A.4.b.1,Hearing Sensitivity,LV,2.38,8,0.4199,1.5519,3.1981,N,N,06/2008,Analyst
47-5051.00,1.A.4.b.2,Auditory Attention,IM,2.38,8,0.183,2.0164,2.7336,N,,06/2008,Analyst
47-5051.00,1.A.4.b.2,Auditory Attention,LV,2.75,8,0.3134,2.1358,3.3642,N,N,06/2008,Analyst
47-5051.00,1.A.4.b.3,Sound Localization,IM,1.62,8,0.2631,1.1094,2.1406,N,,06/2008,Analyst
47-5051.00,1.A.4.b.3,Sound Localization,LV,0.75,8,0.3134,0.1358,1.3642,N,N,06/2008,Analyst
47-5051.00,1.A.4.b.4,Speech Recognition,IM,2.88,8,0.125,2.63,3.12,N,,06/2008,Analyst
47-5051.00,1.A.4.b.4,Speech Recognition,LV,2.62,8,0.2631,2.1094,3.1406,N,N,06/2008,Analyst
47-5051.00,1.A.4.b.5,Speech Clarity,IM,2.88,8,0.125,2.63,3.12,N,,06/2008,Analyst
47-5051.00,1.A.4.b.5,Speech Clarity,LV,2.5,8,0.189,2.1296,2.8704,N,N,06/2008,Analyst
47-5071.00,1.A.1.a.1,Oral Comprehension,IM,3.12,8,0.125,2.88,3.37,N,,08/2023,Analyst
47-5071.00,1.A.1.a.1,Oral Comprehension,LV,3.0,8,0.0,3.0,3.0,N,N,08/2023,Analyst
47-5071.00,1.A.1.a.2,Written Comprehension,IM,2.25,8,0.1637,1.9292,2.5708,N,,08/2023,Analyst
47-5071.00,1.A.1.a.2,Written Comprehension,LV,2.12,8,0.125,1.88,2.37,N,N,08/2023,Analyst
47-5071.00,1.A.1.a.3,Oral Expression,IM,3.0,8,0.0,3.0,3.0,N,,08/2023,Analyst
47-5071.00,1.A.1.a.3,Oral Expression,LV,2.88,8,0.125,2.63,3.12,N,N,08/2023,Analyst
47-5071.00,1.A.1.a.4,Written Expression,IM,2.0,8,0.0,2.0,2.0,N,,08/2023,Analyst
47-5071.00,1.A.1.a.4,Written Expression,LV,1.62,8,0.183,1.2664,1.9836,N,N,08/2023,Analyst
47-5071.00,1.A.1.b.1,Fluency of Ideas,IM,2.0,8,0.0,2.0,2.0,N,,08/2023,Analyst
47-5071.00,1.A.1.b.1,Fluency of Ideas,LV,1.88,8,0.125,1.63,2.12,N,N,08/2023,Analyst
47-5071.00,1.A.1.b.2,Originality,IM,2.0,8,0.0,2.0,2.0,N,,08/2023,Analyst
47-5071.00,1.A.1.b.2,Originality,LV,2.12,8,0.125,1.88,2.37,N,N,08/2023,Analyst
47-5071.00,1.A.1.b.3,Problem Sensitivity,IM,3.5,8,0.189,3.1296,3.8704,N,,08/2023,Analyst
47-5071.00,1.A.1.b.3,Problem Sensitivity,LV,2.88,8,0.125,2.63,3.12,N,N,08/2023,Analyst
47-5071.00,1.A.1.b.4,Deductive Reasoning,IM,3.0,8,0.0,3.0,3.0,N,,08/2023,Analyst
47-5071.00,1.A.1.b.4,Deductive Reasoning,LV,2.62,8,0.183,2.2664,2.9836,N,N,08/2023,Analyst
47-5071.00,1.A.1.b.5,Inductive Reasoning,IM,2.75,8,0.1637,2.4292,3.0708,N,,08/2023,Analyst
47-5071.00,1.A.1.b.5,Inductive Reasoning,LV,2.5,8,0.189,2.1296,2.8704,N,N,08/2023,Analyst
47-5071.00,1.A.1.b.6,Information Ordering,IM,3.12,8,0.125,2.88,3.37,N,,08/2023,Analyst
47-5071.00,1.A.1.b.6,Information Ordering,LV,2.88,8,0.125,2.63,3.12,N,N,08/2023,Analyst
47-5071.00,1.A.1.b.7,Category Flexibility,IM,2.88,8,0.125,2.63,3.12,N,,08/2023,Analyst
47-5071.00,1.A.1.b.7,Category Flexibility,LV,2.75,8,0.1637,2.4292,3.0708,N,N,08/2023,Analyst
47-5071.00,1.A.1.c.1,Mathematical Reasoning,IM,2.0,8,0.0,2.0,2.0,N,,08/2023,Analyst
47-5071.00,1.A.1.c.1,Mathematical Reasoning,LV,1.12,8,0.125,0.88,1.37,N,N,08/2023,Analyst
47-5071.00,1.A.1.c.2,Number Facility,IM,2.0,8,0.0,2.0,2.0,N,,08/2023,Analyst
47-5071.00,1.A.1.c.2,Number Facility,LV,1.75,8,0.1637,1.4292,2.0708,N,N,08/2023,Analyst
47-5071.00,1.A.1.d.1,Memorization,IM,2.0,8,0.0,2.0,2.0,N,,08/2023,Analyst
47-5071.00,1.A.1.d.1,Memorization,LV,2.0,8,0.0,2.0,2.0,N,N,08/2023,Analyst
47-5071.00,1.A.1.e.1,Speed of Closure,IM,2.25,8,0.1637,1.9292,2.5708,N,,08/2023,Analyst
47-5071.00,1.A.1.e.1,Speed of Closure,LV,1.88,8,0.125,1.63,2.12,N,N,08/2023,Analyst
47-5071.00,1.A.1.e.2,Flexibility of Closure,IM,3.0,8,0.0,3.0,3.0,N,,08/2023,Analyst
47-5071.00,1.A.1.e.2,Flexibility of Closure,LV,2.75,8,0.1637,2.4292,3.0708,N,N,08/2023,Analyst
47-5071.00,1.A.1.e.3,Perceptual Speed,IM,2.88,8,0.125,2.63,3.12,N,,08/2023,Analyst
47-5071.00,1.A.1.e.3,Perceptual Speed,LV,3.0,8,0.189,2.6296,3.3704,N,N,08/2023,Analyst
47-5071.00,1.A.1.f.1,Spatial Orientation,IM,2.0,8,0.0,2.0,2.0,N,,08/2023,Analyst
47-5071.00,1.A.1.f.1,Spatial Orientation,LV,2.12,8,0.125,1.88,2.37,N,N,08/2023,Analyst
47-5071.00,1.A.1.f.2,Visualization,IM,3.0,8,0.0,3.0,3.0,N,,08/2023,Analyst
47-5071.00,1.A.1.f.2,Visualization,LV,3.0,8,0.0,3.0,3.0,N,N,08/2023,Analyst
47-5071.00,1.A.1.g.1,Selective Attention,IM,3.0,8,0.0,3.0,3.0,N,,08/2023,Analyst
47-5071.00,1.A.1.g.1,Selective Attention,LV,3.0,8,0.0,3.0,3.0,N,N,08/2023,Analyst
47-5071.00,1.A.1.g.2,Time Sharing,IM,2.88,8,0.125,2.63,3.12,N,,08/2023,Analyst
47-5071.00,1.A.1.g.2,Time Sharing,LV,2.38,8,0.183,2.0164,2.7336,N,N,08/2023,Analyst
47-5071.00,1.A.2.a.1,Arm-Hand Steadiness,IM,3.25,8,0.1637,2.9292,3.5708,N,,08/2023,Analyst
47-5071.00,1.A.2.a.1,Arm-Hand Steadiness,LV,3.12,8,0.125,2.88,3.37,N,N,08/2023,Analyst
47-5071.00,1.A.2.a.2,Manual Dexterity,IM,3.75,8,0.1637,3.4292,4.0708,N,,08/2023,Analyst
47-5071.00,1.A.2.a.2,Manual Dexterity,LV,3.0,8,0.0,3.0,3.0,N,N,08/2023,Analyst
47-5071.00,1.A.2.a.3,Finger Dexterity,IM,3.0,8,0.0,3.0,3.0,N,,08/2023,Analyst
47-5071.00,1.A.2.a.3,Finger Dexterity,LV,3.0,8,0.0,3.0,3.0,N,N,08/2023,Analyst
47-5071.00,1.A.2.b.1,Control Precision,IM,3.25,8,0.1637,2.9292,3.5708,N,,08/2023,Analyst
47-5071.00,1.A.2.b.1,Control Precision,LV,3.25,8,0.1637,2.9292,3.5708,N,N,08/2023,Analyst
47-5071.00,1.A.2.b.2,Multilimb Coordination,IM,3.75,8,0.1637,3.4292,4.0708,N,,08/2023,Analyst
47-5071.00,1.A.2.b.2,Multilimb Coordination,LV,3.25,8,0.1637,2.9292,3.5708,N,N,08/2023,Analyst
47-5071.00,1.A.2.b.3,Response Orientation,IM,2.75,8,0.1637,2.4292,3.0708,N,,08/2023,Analyst
47-5071.00,1.A.2.b.3,Response Orientation,LV,2.75,8,0.1637,2.4292,3.0708,N,N,08/2023,Analyst
47-5071.00,1.A.2.b.4,Rate Control,IM,3.0,8,0.0,3.0,3.0,N,,08/2023,Analyst
47-5071.00,1.A.2.b.4,Rate Control,LV,2.5,8,0.189,2.1296,2.8704,N,N,08/2023,Analyst
47-5071.00,1.A.2.c.1,Reaction Time,IM,3.0,8,0.0,3.0,3.0,N,,08/2023,Analyst
47-5071.00,1.A.2.c.1,Reaction Time,LV,2.88,8,0.125,2.63,3.12,N,N,08/2023,Analyst
47-5071.00,1.A.2.c.2,Wrist-Finger Speed,IM,2.12,8,0.125,1.88,2.37,N,,08/2023,Analyst
47-5071.00,1.A.2.c.2,Wrist-Finger Speed,LV,1.88,8,0.125,1.63,2.12,N,N,08/2023,Analyst
47-5071.00,1.A.2.c.3,Speed of Limb Movement,IM,2.38,8,0.2631,1.8594,2.8906,N,,08/2023,Analyst
47-5071.00,1.A.2.c.3,Speed of Limb Movement,LV,1.88,8,0.295,1.2967,2.4533,N,N,08/2023,Analyst
47-5071.00,1.A.3.a.1,Static Strength,IM,3.25,8,0.1637,2.9292,3.5708,N,,08/2023,Analyst
47-5071.00,1.A.3.a.1,Static Strength,LV,3.75,8,0.1637,3.4292,4.0708,N,N,08/2023,Analyst
47-5071.00,1.A.3.a.2,Explosive Strength,IM,2.0,8,0.189,1.6296,2.3704,N,,08/2023,Analyst
47-5071.00,1.A.3.a.2,Explosive Strength,LV,1.5,8,0.3273,0.8584,2.1416,N,N,08/2023,Analyst
47-5071.00,1.A.3.a.3,Dynamic Strength,IM,2.5,8,0.189,2.1296,2.8704,N,,08/2023,Analyst
47-5071.00,1.A.3.a.3,Dynamic Strength,LV,2.25,8,0.1637,1.9292,2.5708,N,N,08/2023,Analyst
47-5071.00,1.A.3.a.4,Trunk Strength,IM,3.25,8,0.1637,2.9292,3.5708,N,,08/2023,Analyst
47-5071.00,1.A.3.a.4,Trunk Strength,LV,3.38,8,0.183,3.0164,3.7336,N,N,08/2023,Analyst
47-5071.00,1.A.3.b.1,Stamina,IM,3.12,8,0.125,2.88,3.37,N,,08/2023,Analyst
47-5071.00,1.A.3.b.1,Stamina,LV,3.0,8,0.0,3.0,3.0,N,N,08/2023,Analyst
47-5071.00,1.A.3.c.1,Extent Flexibility,IM,3.25,8,0.1637,2.9292,3.5708,N,,08/2023,Analyst
47-5071.00,1.A.3.c.1,Extent Flexibility,LV,3.62,8,0.183,3.2664,3.9836,N,N,08/2023,Analyst
47-5071.00,1.A.3.c.2,Dynamic Flexibility,IM,1.5,8,0.189,1.1296,1.8704,N,,08/2023,Analyst
47-5071.00,1.A.3.c.2,Dynamic Flexibility,LV,0.62,8,0.2631,0.1094,1.1406,N,N,08/2023,Analyst
47-5071.00,1.A.3.c.3,Gross Body Coordination,IM,2.62,8,0.183,2.2664,2.9836,N,,08/2023,Analyst
47-5071.00,1.A.3.c.3,Gross Body Coordination,LV,2.75,8,0.1637,2.4292,3.0708,N,N,08/2023,Analyst
47-5071.00,1.A.3.c.4,Gross Body Equilibrium,IM,3.0,8,0.189,2.6296,3.3704,N,,08/2023,Analyst
47-5071.00,1.A.3.c.4,Gross Body Equilibrium,LV,2.88,8,0.125,2.63,3.12,N,N,08/2023,Analyst
47-5071.00,1.A.4.a.1,Near Vision,IM,3.5,8,0.189,3.1296,3.8704,N,,08/2023,Analyst
47-5071.00,1.A.4.a.1,Near Vision,LV,3.0,8,0.0,3.0,3.0,N,N,08/2023,Analyst
47-5071.00,1.A.4.a.2,Far Vision,IM,3.25,8,0.1637,2.9292,3.5708,N,,08/2023,Analyst
47-5071.00,1.A.4.a.2,Far Vision,LV,3.0,8,0.0,3.0,3.0,N,N,08/2023,Analyst
47-5071.00,1.A.4.a.3,Visual Color Discrimination,IM,2.62,8,0.183,2.2664,2.9836,N,,08/2023,Analyst
47-5071.00,1.A.4.a.3,Visual Color Discrimination,LV,2.62,8,0.183,2.2664,2.9836,N,N,08/2023,Analyst
47-5071.00,1.A.4.a.4,Night Vision,IM,2.0,8,0.0,2.0,2.0,N,,08/2023,Analyst
47-5071.00,1.A.4.a.4,Night Vision,LV,1.88,8,0.125,1.63,2.12,N,N,08/2023,Analyst
47-5071.00,1.A.4.a.5,Peripheral Vision,IM,2.12,8,0.125,1.88,2.37,N,,08/2023,Analyst
47-5071.00,1.A.4.a.5,Peripheral Vision,LV,2.12,8,0.125,1.88,2.37,N,N,08/2023,Analyst
47-5071.00,1.A.4.a.6,Depth Perception,IM,3.0,8,0.0,3.0,3.0,N,,08/2023,Analyst
47-5071.00,1.A.4.a.6,Depth Perception,LV,3.0,8,0.0,3.0,3.0,N,N,08/2023,Analyst
47-5071.00,1.A.4.a.7,Glare Sensitivity,IM,2.12,8,0.125,1.88,2.37,N,,08/2023,Analyst
47-5071.00,1.A.4.a.7,Glare Sensitivity,LV,2.25,8,0.1637,1.9292,2.5708,N,N,08/2023,Analyst
47-5071.00,1.A.4.b.1,Hearing Sensitivity,IM,3.0,8,0.0,3.0,3.0,N,,08/2023,Analyst
47-5071.00,1.A.4.b.1,Hearing Sensitivity,LV,3.0,8,0.0,3.0,3.0,N,N,08/2023,Analyst
47-5071.00,1.A.4.b.2,Auditory Attention,IM,3.0,8,0.0,3.0,3.0,N,,08/2023,Analyst
47-5071.00,1.A.4.b.2,Auditory Attention,LV,2.88,8,0.125,2.63,3.12,N,N,08/2023,Analyst
47-5071.00,1.A.4.b.3,Sound Localization,IM,2.12,8,0.125,1.88,2.37,N,,08/2023,Analyst
47-5071.00,1.A.4.b.3,Sound Localization,LV,2.12,8,0.2266,1.6809,2.5691,N,N,08/2023,Analyst
47-5071.00,1.A.4.b.4,Speech Recognition,IM,3.0,8,0.0,3.0,3.0,N,,08/2023,Analyst
47-5071.00,1.A.4.b.4,Speech Recognition,LV,2.75,8,0.1637,2.4292,3.0708,N,N,08/2023,Analyst
47-5071.00,1.A.4.b.5,Speech Clarity,IM,2.88,8,0.125,2.63,3.12,N,,08/2023,Analyst
47-5071.00,1.A.4.b.5,Speech Clarity,LV,2.38,8,0.183,2.0164,2.7336,N,N,08/2023,Analyst
47-5081.00,1.A.1.a.1,Oral Comprehension,IM,3.25,8,0.1637,2.9292,3.5708,N,,08/2018,Analyst
47-5081.00,1.A.1.a.1,Oral Comprehension,LV,2.88,8,0.125,2.63,3.12,N,N,08/2018,Analyst
47-5081.00,1.A.1.a.2,Written Comprehension,IM,2.75,8,0.1637,2.4292,3.0708,N,,08/2018,Analyst
47-5081.00,1.A.1.a.2,Written Comprehension,LV,2.38,8,0.183,2.0164,2.7336,N,N,08/2018,Analyst
47-5081.00,1.A.1.a.3,Oral Expression,IM,3.0,8,0.0,3.0,3.0,N,,08/2018,Analyst
47-5081.00,1.A.1.a.3,Oral Expression,LV,2.75,8,0.1637,2.4292,3.0708,N,N,08/2018,Analyst
47-5081.00,1.A.1.a.4,Written Expression,IM,2.25,8,0.1637,1.9292,2.5708,N,,08/2018,Analyst
47-5081.00,1.A.1.a.4,Written Expression,LV,2.12,8,0.125,1.88,2.37,N,N,08/2018,Analyst
47-5081.00,1.A.1.b.1,Fluency of Ideas,IM,2.5,8,0.189,2.1296,2.8704,N,,08/2018,Analyst
47-5081.00,1.A.1.b.1,Fluency of Ideas,LV,2.25,8,0.25,1.76,2.74,N,N,08/2018,Analyst
47-5081.00,1.A.1.b.2,Originality,IM,2.38,8,0.2631,1.8594,2.8906,N,,08/2018,Analyst
47-5081.00,1.A.1.b.2,Originality,LV,2.25,8,0.366,1.5327,2.9673,N,N,08/2018,Analyst
47-5081.00,1.A.1.b.3,Problem Sensitivity,IM,3.62,8,0.183,3.2664,3.9836,N,,08/2018,Analyst
47-5081.00,1.A.1.b.3,Problem Sensitivity,LV,3.0,8,0.0,3.0,3.0,N,N,08/2018,Analyst
47-5081.00,1.A.1.b.4,Deductive Reasoning,IM,3.12,8,0.125,2.88,3.37,N,,08/2018,Analyst
47-5081.00,1.A.1.b.4,Deductive Reasoning,LV,2.88,8,0.125,2.63,3.12,N,N,08/2018,Analyst
47-5081.00,1.A.1.b.5,Inductive Reasoning,IM,3.0,8,0.0,3.0,3.0,N,,08/2018,Analyst
47-5081.00,1.A.1.b.5,Inductive Reasoning,LV,2.88,8,0.125,2.63,3.12,N,N,08/2018,Analyst
47-5081.00,1.A.1.b.6,Information Ordering,IM,3.25,8,0.1637,2.9292,3.5708,N,,08/2018,Analyst
47-5081.00,1.A.1.b.6,Information Ordering,LV,2.88,8,0.125,2.63,3.12,N,N,08/2018,Analyst
47-5081.00,1.A.1.b.7,Category Flexibility,IM,2.88,8,0.125,2.63,3.12,N,,08/2018,Analyst
47-5081.00,1.A.1.b.7,Category Flexibility,LV,2.88,8,0.125,2.63,3.12,N,N,08/2018,Analyst
47-5081.00,1.A.1.c.1,Mathematical Reasoning,IM,2.25,8,0.1637,1.9292,2.5708,N,,08/2018,Analyst
47-5081.00,1.A.1.c.1,Mathematical Reasoning,LV,2.0,8,0.0,2.0,2.0,N,N,08/2018,Analyst
47-5081.00,1.A.1.c.2,Number Facility,IM,2.12,8,0.125,1.88,2.37,N,,08/2018,Analyst
47-5081.00,1.A.1.c.2,Number Facility,LV,2.0,8,0.0,2.0,2.0,N,N,08/2018,Analyst
47-5081.00,1.A.1.d.1,Memorization,IM,2.5,8,0.189,2.1296,2.8704,N,,08/2018,Analyst
47-5081.00,1.A.1.d.1,Memorization,LV,2.12,8,0.125,1.88,2.37,N,N,08/2018,Analyst
47-5081.00,1.A.1.e.1,Speed of Closure,IM,2.5,8,0.189,2.1296,2.8704,N,,08/2018,Analyst
47-5081.00,1.A.1.e.1,Speed of Closure,LV,2.12,8,0.125,1.88,2.37,N,N,08/2018,Analyst
47-5081.00,1.A.1.e.2,Flexibility of Closure,IM,3.0,8,0.0,3.0,3.0,N,,08/2018,Analyst
47-5081.00,1.A.1.e.2,Flexibility of Closure,LV,2.88,8,0.125,2.63,3.12,N,N,08/2018,Analyst
47-5081.00,1.A.1.e.3,Perceptual Speed,IM,3.12,8,0.2266,2.6809,3.5691,N,,08/2018,Analyst
47-5081.00,1.A.1.e.3,Perceptual Speed,LV,2.75,8,0.1637,2.4292,3.0708,N,N,08/2018,Analyst
47-5081.00,1.A.1.f.1,Spatial Orientation,IM,3.0,8,0.0,3.0,3.0,N,,08/2018,Analyst
47-5081.00,1.A.1.f.1,Spatial Orientation,LV,2.88,8,0.125,2.63,3.12,N,N,08/2018,Analyst
47-5081.00,1.A.1.f.2,Visualization,IM,3.12,8,0.125,2.88,3.37,N,,08/2018,Analyst
47-5081.00,1.A.1.f.2,Visualization,LV,3.0,8,0.0,3.0,3.0,N,N,08/2018,Analyst
47-5081.00,1.A.1.g.1,Selective Attention,IM,3.25,8,0.1637,2.9292,3.5708,N,,08/2018,Analyst
47-5081.00,1.A.1.g.1,Selective Attention,LV,3.0,8,0.0,3.0,3.0,N,N,08/2018,Analyst
47-5081.00,1.A.1.g.2,Time Sharing,IM,2.75,8,0.1637,2.4292,3.0708,N,,08/2018,Analyst
47-5081.00,1.A.1.g.2,Time Sharing,LV,2.75,8,0.1637,2.4292,3.0708,N,N,08/2018,Analyst
47-5081.00,1.A.2.a.1,Arm-Hand Steadiness,IM,3.88,8,0.125,3.63,4.12,N,,08/2018,Analyst
47-5081.00,1.A.2.a.1,Arm-Hand Steadiness,LV,3.12,8,0.125,2.88,3.37,N,N,08/2018,Analyst
47-5081.00,1.A.2.a.2,Manual Dexterity,IM,4.0,8,0.0,4.0,4.0,N,,08/2018,Analyst
47-5081.00,1.A.2.a.2,Manual Dexterity,LV,3.25,8,0.1637,2.9292,3.5708,N,N,08/2018,Analyst
47-5081.00,1.A.2.a.3,Finger Dexterity,IM,3.38,8,0.183,3.0164,3.7336,N,,08/2018,Analyst
47-5081.00,1.A.2.a.3,Finger Dexterity,LV,3.25,8,0.1637,2.9292,3.5708,N,N,08/2018,Analyst
47-5081.00,1.A.2.b.1,Control Precision,IM,3.75,8,0.1637,3.4292,4.0708,N,,08/2018,Analyst
47-5081.00,1.A.2.b.1,Control Precision,LV,3.75,8,0.1637,3.4292,4.0708,N,N,08/2018,Analyst
47-5081.00,1.A.2.b.2,Multilimb Coordination,IM,3.75,8,0.1637,3.4292,4.0708,N,,08/2018,Analyst
47-5081.00,1.A.2.b.2,Multilimb Coordination,LV,3.88,8,0.125,3.63,4.12,N,N,08/2018,Analyst
47-5081.00,1.A.2.b.3,Response Orientation,IM,3.12,8,0.125,2.88,3.37,N,,08/2018,Analyst
47-5081.00,1.A.2.b.3,Response Orientation,LV,3.25,8,0.1637,2.9292,3.5708,N,N,08/2018,Analyst
47-5081.00,1.A.2.b.4,Rate Control,IM,3.38,8,0.183,3.0164,3.7336,N,,08/2018,Analyst
47-5081.00,1.A.2.b.4,Rate Control,LV,3.12,8,0.125,2.88,3.37,N,N,08/2018,Analyst
47-5081.00,1.A.2.c.1,Reaction Time,IM,3.75,8,0.1637,3.4292,4.0708,N,,08/2018,Analyst
47-5081.00,1.A.2.c.1,Reaction Time,LV,3.88,8,0.125,3.63,4.12,N,N,08/2018,Analyst
47-5081.00,1.A.2.c.2,Wrist-Finger Speed,IM,2.38,8,0.183,2.0164,2.7336,N,,08/2018,Analyst
47-5081.00,1.A.2.c.2,Wrist-Finger Speed,LV,2.25,8,0.1637,1.9292,2.5708,N,N,08/2018,Analyst
47-5081.00,1.A.2.c.3,Speed of Limb Movement,IM,2.62,8,0.183,2.2664,2.9836,N,,08/2018,Analyst
47-5081.00,1.A.2.c.3,Speed of Limb Movement,LV,2.62,8,0.183,2.2664,2.9836,N,N,08/2018,Analyst
47-5081.00,1.A.3.a.1,Static Strength,IM,3.62,8,0.183,3.2664,3.9836,N,,08/2018,Analyst
47-5081.00,1.A.3.a.1,Static Strength,LV,3.88,8,0.125,3.63,4.12,N,N,08/2018,Analyst
47-5081.00,1.A.3.a.2,Explosive Strength,IM,1.88,8,0.125,1.63,2.12,N,,08/2018,Analyst
47-5081.00,1.A.3.a.2,Explosive Strength,LV,1.12,8,0.2266,0.6809,1.5691,N,N,08/2018,Analyst
47-5081.00,1.A.3.a.3,Dynamic Strength,IM,3.0,8,0.189,2.6296,3.3704,N,,08/2018,Analyst
47-5081.00,1.A.3.a.3,Dynamic Strength,LV,3.0,8,0.189,2.6296,3.3704,N,N,08/2018,Analyst
47-5081.00,1.A.3.a.4,Trunk Strength,IM,3.5,8,0.189,3.1296,3.8704,N,,08/2018,Analyst
47-5081.00,1.A.3.a.4,Trunk Strength,LV,3.88,8,0.125,3.63,4.12,N,N,08/2018,Analyst
47-5081.00,1.A.3.b.1,Stamina,IM,3.12,8,0.125,2.88,3.37,N,,08/2018,Analyst
47-5081.00,1.A.3.b.1,Stamina,LV,3.0,8,0.189,2.6296,3.3704,N,N,08/2018,Analyst
47-5081.00,1.A.3.c.1,Extent Flexibility,IM,3.12,8,0.125,2.88,3.37,N,,08/2018,Analyst
47-5081.00,1.A.3.c.1,Extent Flexibility,LV,3.62,8,0.183,3.2664,3.9836,N,N,08/2018,Analyst
47-5081.00,1.A.3.c.2,Dynamic Flexibility,IM,1.5,8,0.189,1.1296,1.8704,N,,08/2018,Analyst
47-5081.00,1.A.3.c.2,Dynamic Flexibility,LV,0.5,8,0.189,0.1296,0.8704,N,N,08/2018,Analyst
47-5081.00,1.A.3.c.3,Gross Body Coordination,IM,3.0,8,0.0,3.0,3.0,N,,08/2018,Analyst
47-5081.00,1.A.3.c.3,Gross Body Coordination,LV,3.0,8,0.0,3.0,3.0,N,N,08/2018,Analyst
47-5081.00,1.A.3.c.4,Gross Body Equilibrium,IM,3.0,8,0.0,3.0,3.0,N,,08/2018,Analyst
47-5081.00,1.A.3.c.4,Gross Body Equilibrium,LV,3.0,8,0.0,3.0,3.0,N,N,08/2018,Analyst
47-5081.00,1.A.4.a.1,Near Vision,IM,3.62,8,0.183,3.2664,3.9836,N,,08/2018,Analyst
47-5081.00,1.A.4.a.1,Near Vision,LV,3.12,8,0.125,2.88,3.37,N,N,08/2018,Analyst
47-5081.00,1.A.4.a.2,Far Vision,IM,3.62,8,0.183,3.2664,3.9836,N,,08/2018,Analyst
47-5081.00,1.A.4.a.2,Far Vision,LV,3.38,8,0.2631,2.8594,3.8906,N,N,08/2018,Analyst
47-5081.00,1.A.4.a.3,Visual Color Discrimination,IM,2.75,8,0.1637,2.4292,3.0708,N,,08/2018,Analyst
47-5081.00,1.A.4.a.3,Visual Color Discrimination,LV,2.62,8,0.183,2.2664,2.9836,N,N,08/2018,Analyst
47-5081.00,1.A.4.a.4,Night Vision,IM,1.88,8,0.2266,1.4309,2.3191,N,,08/2018,Analyst
47-5081.00,1.A.4.a.4,Night Vision,LV,1.5,8,0.3273,0.8584,2.1416,N,N,08/2018,Analyst
47-5081.00,1.A.4.a.5,Peripheral Vision,IM,2.38,8,0.183,2.0164,2.7336,N,,08/2018,Analyst
47-5081.00,1.A.4.a.5,Peripheral Vision,LV,2.25,8,0.1637,1.9292,2.5708,N,N,08/2018,Analyst
47-5081.00,1.A.4.a.6,Depth Perception,IM,3.38,8,0.183,3.0164,3.7336,N,,08/2018,Analyst
47-5081.00,1.A.4.a.6,Depth Perception,LV,3.38,8,0.183,3.0164,3.7336,N,N,08/2018,Analyst
47-5081.00,1.A.4.a.7,Glare Sensitivity,IM,2.75,8,0.1637,2.4292,3.0708,N,,08/2018,Analyst
47-5081.00,1.A.4.a.7,Glare Sensitivity,LV,2.75,8,0.1637,2.4292,3.0708,N,N,08/2018,Analyst
47-5081.00,1.A.4.b.1,Hearing Sensitivity,IM,3.12,8,0.125,2.88,3.37,N,,08/2018,Analyst
47-5081.00,1.A.4.b.1,Hearing Sensitivity,LV,3.12,8,0.125,2.88,3.37,N,N,08/2018,Analyst
47-5081.00,1.A.4.b.2,Auditory Attention,IM,3.12,8,0.125,2.88,3.37,N,,08/2018,Analyst
47-5081.00,1.A.4.b.2,Auditory Attention,LV,3.25,8,0.1637,2.9292,3.5708,N,N,08/2018,Analyst
47-5081.00,1.A.4.b.3,Sound Localization,IM,2.25,8,0.1637,1.9292,2.5708,N,,08/2018,Analyst
47-5081.00,1.A.4.b.3,Sound Localization,LV,2.0,8,0.0,2.0,2.0,N,N,08/2018,Analyst
47-5081.00,1.A.4.b.4,Speech Recognition,IM,3.0,8,0.0,3.0,3.0,N,,08/2018,Analyst
47-5081.00,1.A.4.b.4,Speech Recognition,LV,2.75,8,0.1637,2.4292,3.0708,N,N,08/2018,Analyst
47-5081.00,1.A.4.b.5,Speech Clarity,IM,2.88,8,0.125,2.63,3.12,N,,08/2018,Analyst
47-5081.00,1.A.4.b.5,Speech Clarity,LV,2.38,8,0.183,2.0164,2.7336,N,N,08/2018,Analyst
49-1011.00,1.A.1.a.1,Oral Comprehension,IM,4.0,8,0.0,4.0,4.0,N,,08/2021,Analyst
49-1011.00,1.A.1.a.1,Oral Comprehension,LV,4.0,8,0.0,4.0,4.0,N,N,08/2021,Analyst
49-1011.00,1.A.1.a.2,Written Comprehension,IM,4.0,8,0.0,4.0,4.0,N,,08/2021,Analyst
49-1011.00,1.A.1.a.2,Written Comprehension,LV,4.0,8,0.0,4.0,4.0,N,N,08/2021,Analyst
49-1011.00,1.A.1.a.3,Oral Expression,IM,4.0,8,0.0,4.0,4.0,N,,08/2021,Analyst
49-1011.00,1.A.1.a.3,Oral Expression,LV,4.0,8,0.0,4.0,4.0,N,N,08/2021,Analyst
49-1011.00,1.A.1.a.4,Written Expression,IM,3.12,8,0.125,2.88,3.37,N,,08/2021,Analyst
49-1011.00,1.A.1.a.4,Written Expression,LV,4.0,8,0.0,4.0,4.0,N,N,08/2021,Analyst
49-1011.00,1.A.1.b.1,Fluency of Ideas,IM,3.0,8,0.0,3.0,3.0,N,,08/2021,Analyst
49-1011.00,1.A.1.b.1,Fluency of Ideas,LV,3.38,8,0.183,3.0164,3.7336,N,N,08/2021,Analyst
49-1011.00,1.A.1.b.2,Originality,IM,2.75,8,0.1637,2.4292,3.0708,N,,08/2021,Analyst
49-1011.00,1.A.1.b.2,Originality,LV,3.38,8,0.183,3.0164,3.7336,N,N,08/2021,Analyst
49-1011.00,1.A.1.b.3,Problem Sensitivity,IM,3.75,8,0.1637,3.4292,4.0708,N,,08/2021,Analyst
49-1011.00,1.A.1.b.3,Problem Sensitivity,LV,3.88,8,0.125,3.63,4.12,N,N,08/2021,Analyst
49-1011.00,1.A.1.b.4,Deductive Reasoning,IM,3.88,8,0.125,3.63,4.12,N,,08/2021,Analyst
49-1011.00,1.A.1.b.4,Deductive Reasoning,LV,3.88,8,0.125,3.63,4.12,N,N,08/2021,Analyst
49-1011.00,1.A.1.b.5,Inductive Reasoning,IM,3.88,8,0.125,3.63,4.12,N,,08/2021,Analyst
49-1011.00,1.A.1.b.5,Inductive Reasoning,LV,3.75,8,0.1637,3.4292,4.0708,N,N,08/2021,Analyst
49-1011.00,1.A.1.b.6,Information Ordering,IM,3.75,8,0.1637,3.4292,4.0708,N,,08/2021,Analyst
49-1011.00,1.A.1.b.6,Information Ordering,LV,4.0,8,0.0,4.0,4.0,N,N,08/2021,Analyst
49-1011.00,1.A.1.b.7,Category Flexibility,IM,3.12,8,0.125,2.88,3.37,N,,08/2021,Analyst
49-1011.00,1.A.1.b.7,Category Flexibility,LV,3.75,8,0.1637,3.4292,4.0708,N,N,08/2021,Analyst
49-1011.00,1.A.1.c.1,Mathematical Reasoning,IM,2.88,8,0.125,2.63,3.12,N,,08/2021,Analyst
49-1011.00,1.A.1.c.1,Mathematical Reasoning,LV,3.0,8,0.0,3.0,3.0,N,N,08/2021,Analyst
49-1011.00,1.A.1.c.2,Number Facility,IM,3.0,8,0.0,3.0,3.0,N,,08/2021,Analyst
49-1011.00,1.A.1.c.2,Number Facility,LV,3.0,8,0.0,3.0,3.0,N,N,08/2021,Analyst
49-1011.00,1.A.1.d.1,Memorization,IM,2.88,8,0.125,2.63,3.12,N,,08/2021,Analyst
49-1011.00,1.A.1.d.1,Memorization,LV,3.0,8,0.0,3.0,3.0,N,N,08/2021,Analyst
49-1011.00,1.A.1.e.1,Speed of Closure,IM,2.88,8,0.125,2.63,3.12,N,,08/2021,Analyst
49-1011.00,1.A.1.e.1,Speed of Closure,LV,3.0,8,0.0,3.0,3.0,N,N,08/2021,Analyst
49-1011.00,1.A.1.e.2,Flexibility of Closure,IM,3.25,8,0.1637,2.9292,3.5708,N,,08/2021,Analyst
49-1011.00,1.A.1.e.2,Flexibility of Closure,LV,3.62,8,0.183,3.2664,3.9836,N,N,08/2021,Analyst
49-1011.00,1.A.1.e.3,Perceptual Speed,IM,3.12,8,0.125,2.88,3.37,N,,08/2021,Analyst
49-1011.00,1.A.1.e.3,Perceptual Speed,LV,3.12,8,0.125,2.88,3.37,N,N,08/2021,Analyst
49-1011.00,1.A.1.f.1,Spatial Orientation,IM,1.88,8,0.125,1.63,2.12,N,,08/2021,Analyst
49-1011.00,1.A.1.f.1,Spatial Orientation,LV,1.5,8,0.2673,0.9762,2.0238,N,N,08/2021,Analyst
49-1011.00,1.A.1.f.2,Visualization,IM,3.12,8,0.125,2.88,3.37,N,,08/2021,Analyst
49-1011.00,1.A.1.f.2,Visualization,LV,3.75,8,0.1637,3.4292,4.0708,N,N,08/2021,Analyst
49-1011.00,1.A.1.g.1,Selective Attention,IM,3.25,8,0.1637,2.9292,3.5708,N,,08/2021,Analyst
49-1011.00,1.A.1.g.1,Selective Attention,LV,3.12,8,0.125,2.88,3.37,N,N,08/2021,Analyst
49-1011.00,1.A.1.g.2,Time Sharing,IM,2.75,8,0.1637,2.4292,3.0708,N,,08/2021,Analyst
49-1011.00,1.A.1.g.2,Time Sharing,LV,3.0,8,0.0,3.0,3.0,N,N,08/2021,Analyst
49-1011.00,1.A.2.a.1,Arm-Hand Steadiness,IM,3.0,8,0.0,3.0,3.0,N,,08/2021,Analyst
49-1011.00,1.A.2.a.1,Arm-Hand Steadiness,LV,3.0,8,0.0,3.0,3.0,N,N,08/2021,Analyst
49-1011.00,1.A.2.a.2,Manual Dexterity,IM,3.0,8,0.0,3.0,3.0,N,,08/2021,Analyst
49-1011.00,1.A.2.a.2,Manual Dexterity,LV,3.0,8,0.0,3.0,3.0,N,N,08/2021,Analyst
49-1011.00,1.A.2.a.3,Finger Dexterity,IM,3.0,8,0.0,3.0,3.0,N,,08/2021,Analyst
49-1011.00,1.A.2.a.3,Finger Dexterity,LV,3.0,8,0.0,3.0,3.0,N,N,08/2021,Analyst
49-1011.00,1.A.2.b.1,Control Precision,IM,3.0,8,0.0,3.0,3.0,N,,08/2021,Analyst
49-1011.00,1.A.2.b.1,Control Precision,LV,3.0,8,0.0,3.0,3.0,N,N,08/2021,Analyst
49-1011.00,1.A.2.b.2,Multilimb Coordination,IM,2.88,8,0.125,2.63,3.12,N,,08/2021,Analyst
49-1011.00,1.A.2.b.2,Multilimb Coordination,LV,3.0,8,0.0,3.0,3.0,N,N,08/2021,Analyst
49-1011.00,1.A.2.b.3,Response Orientation,IM,2.12,8,0.125,1.88,2.37,N,,08/2021,Analyst
49-1011.00,1.A.2.b.3,Response Orientation,LV,2.5,8,0.189,2.1296,2.8704,N,N,08/2021,Analyst
49-1011.00,1.A.2.b.4,Rate Control,IM,2.25,8,0.1637,1.9292,2.5708,N,,08/2021,Analyst
49-1011.00,1.A.2.b.4,Rate Control,LV,2.12,8,0.2266,1.6809,2.5691,N,N,08/2021,Analyst
49-1011.00,1.A.2.c.1,Reaction Time,IM,2.75,8,0.1637,2.4292,3.0708,N,,08/2021,Analyst
49-1011.00,1.A.2.c.1,Reaction Time,LV,3.0,8,0.0,3.0,3.0,N,N,08/2021,Analyst
49-1011.00,1.A.2.c.2,Wrist-Finger Speed,IM,2.12,8,0.125,1.88,2.37,N,,08/2021,Analyst
49-1011.00,1.A.2.c.2,Wrist-Finger Speed,LV,2.0,8,0.0,2.0,2.0,N,N,08/2021,Analyst
49-1011.00,1.A.2.c.3,Speed of Limb Movement,IM,1.75,8,0.1637,1.4292,2.0708,N,,08/2021,Analyst
49-1011.00,1.A.2.c.3,Speed of Limb Movement,LV,1.25,8,0.3134,0.6358,1.8642,N,N,08/2021,Analyst
49-1011.00,1.A.3.a.1,Static Strength,IM,2.25,8,0.1637,1.9292,2.5708,N,,08/2021,Analyst
49-1011.00,1.A.3.a.1,Static Strength,LV,2.75,8,0.1637,2.4292,3.0708,N,N,08/2021,Analyst
49-1011.00,1.A.3.a.2,Explosive Strength,IM,1.38,8,0.183,1.0164,1.7336,N,,08/2021,Analyst
49-1011.00,1.A.3.a.2,Explosive Strength,LV,0.88,8,0.4407,0.0113,1.7387,N,N,08/2021,Analyst
49-1011.00,1.A.3.a.3,Dynamic Strength,IM,2.0,8,0.0,2.0,2.0,N,,08/2021,Analyst
49-1011.00,1.A.3.a.3,Dynamic Strength,LV,1.88,8,0.125,1.63,2.12,N,N,08/2021,Analyst
49-1011.00,1.A.3.a.4,Trunk Strength,IM,2.88,8,0.125,2.63,3.12,N,,08/2021,Analyst
49-1011.00,1.A.3.a.4,Trunk Strength,LV,2.75,8,0.1637,2.4292,3.0708,N,N,08/2021,Analyst
49-1011.00,1.A.3.b.1,Stamina,IM,2.0,8,0.0,2.0,2.0,N,,08/2021,Analyst
49-1011.00,1.A.3.b.1,Stamina,LV,1.75,8,0.1637,1.4292,2.0708,N,N,08/2021,Analyst
49-1011.00,1.A.3.c.1,Extent Flexibility,IM,2.12,8,0.125,1.88,2.37,N,,08/2021,Analyst
49-1011.00,1.A.3.c.1,Extent Flexibility,LV,2.12,8,0.125,1.88,2.37,N,N,08/2021,Analyst
49-1011.00,1.A.3.c.2,Dynamic Flexibility,IM,1.0,8,0.0,1.0,1.0,N,,08/2021,Analyst
49-1011.00,1.A.3.c.2,Dynamic Flexibility,LV,0.0,8,0.0,0.0,0.0,N,Y,08/2021,Analyst
49-1011.00,1.A.3.c.3,Gross Body Coordination,IM,2.0,8,0.0,2.0,2.0,N,,08/2021,Analyst
49-1011.00,1.A.3.c.3,Gross Body Coordination,LV,1.88,8,0.125,1.63,2.12,N,N,08/2021,Analyst
49-1011.00,1.A.3.c.4,Gross Body Equilibrium,IM,2.0,8,0.0,2.0,2.0,N,,08/2021,Analyst
49-1011.00,1.A.3.c.4,Gross Body Equilibrium,LV,1.62,8,0.183,1.2664,1.9836,N,N,08/2021,Analyst
49-1011.00,1.A.4.a.1,Near Vision,IM,3.88,8,0.125,3.63,4.12,N,,08/2021,Analyst
49-1011.00,1.A.4.a.1,Near Vision,LV,3.88,8,0.125,3.63,4.12,N,N,08/2021,Analyst
49-1011.00,1.A.4.a.2,Far Vision,IM,3.25,8,0.1637,2.9292,3.5708,N,,08/2021,Analyst
49-1011.00,1.A.4.a.2,Far Vision,LV,3.25,8,0.1637,2.9292,3.5708,N,N,08/2021,Analyst
49-1011.00,1.A.4.a.3,Visual Color Discrimination,IM,2.75,8,0.1637,2.4292,3.0708,N,,08/2021,Analyst
49-1011.00,1.A.4.a.3,Visual Color Discrimination,LV,3.0,8,0.0,3.0,3.0,N,N,08/2021,Analyst
49-1011.00,1.A.4.a.4,Night Vision,IM,2.0,8,0.0,2.0,2.0,N,,08/2021,Analyst
49-1011.00,1.A.4.a.4,Night Vision,LV,1.12,8,0.125,0.88,1.37,N,N,08/2021,Analyst
49-1011.00,1.A.4.a.5,Peripheral Vision,IM,2.0,8,0.0,2.0,2.0,N,,08/2021,Analyst
49-1011.00,1.A.4.a.5,Peripheral Vision,LV,1.25,8,0.1637,0.9292,1.5708,N,N,08/2021,Analyst
49-1011.00,1.A.4.a.6,Depth Perception,IM,2.88,8,0.125,2.63,3.12,N,,08/2021,Analyst
49-1011.00,1.A.4.a.6,Depth Perception,LV,2.88,8,0.125,2.63,3.12,N,N,08/2021,Analyst
49-1011.00,1.A.4.a.7,Glare Sensitivity,IM,2.0,8,0.0,2.0,2.0,N,,08/2021,Analyst
49-1011.00,1.A.4.a.7,Glare Sensitivity,LV,1.88,8,0.125,1.63,2.12,N,N,08/2021,Analyst
49-1011.00,1.A.4.b.1,Hearing Sensitivity,IM,3.0,8,0.0,3.0,3.0,N,,08/2021,Analyst
49-1011.00,1.A.4.b.1,Hearing Sensitivity,LV,3.0,8,0.0,3.0,3.0,N,N,08/2021,Analyst
49-1011.00,1.A.4.b.2,Auditory Attention,IM,3.0,8,0.0,3.0,3.0,N,,08/2021,Analyst
49-1011.00,1.A.4.b.2,Auditory Attention,LV,3.0,8,0.0,3.0,3.0,N,N,08/2021,Analyst
49-1011.00,1.A.4.b.3,Sound Localization,IM,2.5,8,0.189,2.1296,2.8704,N,,08/2021,Analyst
49-1011.00,1.A.4.b.3,Sound Localization,LV,2.12,8,0.125,1.88,2.37,N,N,08/2021,Analyst
49-1011.00,1.A.4.b.4,Speech Recognition,IM,3.75,8,0.1637,3.4292,4.0708,N,,08/2021,Analyst
49-1011.00,1.A.4.b.4,Speech Recognition,LV,3.62,8,0.183,3.2664,3.9836,N,N,08/2021,Analyst
49-1011.00,1.A.4.b.5,Speech Clarity,IM,3.75,8,0.1637,3.4292,4.0708,N,,08/2021,Analyst
49-1011.00,1.A.4.b.5,Speech Clarity,LV,3.75,8,0.1637,3.4292,4.0708,N,N,08/2021,Analyst
49-2011.00,1.A.1.a.1,Oral Comprehension,IM,3.75,8,0.1637,3.4292,4.0708,N,,07/2015,Analyst
49-2011.00,1.A.1.a.1,Oral Comprehension,LV,3.62,8,0.183,3.2664,3.9836,N,N,07/2015,Analyst
49-2011.00,1.A.1.a.2,Written Comprehension,IM,3.5,8,0.189,3.1296,3.8704,N,,07/2015,Analyst
49-2011.00,1.A.1.a.2,Written Comprehension,LV,3.38,8,0.183,3.0164,3.7336,N,N,07/2015,Analyst
49-2011.00,1.A.1.a.3,Oral Expression,IM,3.62,8,0.183,3.2664,3.9836,N,,07/2015,Analyst
49-2011.00,1.A.1.a.3,Oral Expression,LV,3.75,8,0.1637,3.4292,4.0708,N,N,07/2015,Analyst
49-2011.00,1.A.1.a.4,Written Expression,IM,3.0,8,0.0,3.0,3.0,N,,07/2015,Analyst
49-2011.00,1.A.1.a.4,Written Expression,LV,3.0,8,0.0,3.0,3.0,N,N,07/2015,Analyst
49-2011.00,1.A.1.b.1,Fluency of Ideas,IM,2.88,8,0.125,2.63,3.12,N,,07/2015,Analyst
49-2011.00,1.A.1.b.1,Fluency of Ideas,LV,2.75,8,0.1637,2.4292,3.0708,N,N,07/2015,Analyst
49-2011.00,1.A.1.b.2,Originality,IM,2.75,8,0.1637,2.4292,3.0708,N,,07/2015,Analyst
49-2011.00,1.A.1.b.2,Originality,LV,2.88,8,0.125,2.63,3.12,N,N,07/2015,Analyst
49-2011.00,1.A.1.b.3,Problem Sensitivity,IM,3.62,8,0.183,3.2664,3.9836,N,,07/2015,Analyst
49-2011.00,1.A.1.b.3,Problem Sensitivity,LV,3.0,8,0.0,3.0,3.0,N,N,07/2015,Analyst
49-2011.00,1.A.1.b.4,Deductive Reasoning,IM,3.12,8,0.125,2.88,3.37,N,,07/2015,Analyst
49-2011.00,1.A.1.b.4,Deductive Reasoning,LV,3.12,8,0.125,2.88,3.37,N,N,07/2015,Analyst
49-2011.00,1.A.1.b.5,Inductive Reasoning,IM,3.12,8,0.125,2.88,3.37,N,,07/2015,Analyst
49-2011.00,1.A.1.b.5,Inductive Reasoning,LV,3.12,8,0.125,2.88,3.37,N,N,07/2015,Analyst
49-2011.00,1.A.1.b.6,Information Ordering,IM,3.38,8,0.183,3.0164,3.7336,N,,07/2015,Analyst
49-2011.00,1.A.1.b.6,Information Ordering,LV,3.12,8,0.125,2.88,3.37,N,N,07/2015,Analyst
49-2011.00,1.A.1.b.7,Category Flexibility,IM,3.0,8,0.0,3.0,3.0,N,,07/2015,Analyst
49-2011.00,1.A.1.b.7,Category Flexibility,LV,3.0,8,0.0,3.0,3.0,N,N,07/2015,Analyst
49-2011.00,1.A.1.c.1,Mathematical Reasoning,IM,1.88,8,0.125,1.63,2.12,N,,07/2015,Analyst
49-2011.00,1.A.1.c.1,Mathematical Reasoning,LV,1.62,8,0.2631,1.1094,2.1406,N,N,07/2015,Analyst
49-2011.00,1.A.1.c.2,Number Facility,IM,2.0,8,0.0,2.0,2.0,N,,07/2015,Analyst
49-2011.00,1.A.1.c.2,Number Facility,LV,1.88,8,0.125,1.63,2.12,N,N,07/2015,Analyst
49-2011.00,1.A.1.d.1,Memorization,IM,2.38,8,0.183,2.0164,2.7336,N,,07/2015,Analyst
49-2011.00,1.A.1.d.1,Memorization,LV,2.25,8,0.1637,1.9292,2.5708,N,N,07/2015,Analyst
49-2011.00,1.A.1.e.1,Speed of Closure,IM,2.38,8,0.183,2.0164,2.7336,N,,07/2015,Analyst
49-2011.00,1.A.1.e.1,Speed of Closure,LV,2.0,8,0.0,2.0,2.0,N,N,07/2015,Analyst
49-2011.00,1.A.1.e.2,Flexibility of Closure,IM,2.75,8,0.1637,2.4292,3.0708,N,,07/2015,Analyst
49-2011.00,1.A.1.e.2,Flexibility of Closure,LV,2.88,8,0.125,2.63,3.12,N,N,07/2015,Analyst
49-2011.00,1.A.1.e.3,Perceptual Speed,IM,2.88,8,0.125,2.63,3.12,N,,07/2015,Analyst
49-2011.00,1.A.1.e.3,Perceptual Speed,LV,2.88,8,0.125,2.63,3.12,N,N,07/2015,Analyst
49-2011.00,1.A.1.f.1,Spatial Orientation,IM,2.12,8,0.125,1.88,2.37,N,,07/2015,Analyst
49-2011.00,1.A.1.f.1,Spatial Orientation,LV,1.5,8,0.189,1.1296,1.8704,N,N,07/2015,Analyst
49-2011.00,1.A.1.f.2,Visualization,IM,3.38,8,0.183,3.0164,3.7336,N,,07/2015,Analyst
49-2011.00,1.A.1.f.2,Visualization,LV,3.5,8,0.2673,2.9762,4.0238,N,N,07/2015,Analyst
49-2011.00,1.A.1.g.1,Selective Attention,IM,3.0,8,0.0,3.0,3.0,N,,07/2015,Analyst
49-2011.00,1.A.1.g.1,Selective Attention,LV,3.0,8,0.189,2.6296,3.3704,N,N,07/2015,Analyst
49-2011.00,1.A.1.g.2,Time Sharing,IM,2.88,8,0.125,2.63,3.12,N,,07/2015,Analyst
49-2011.00,1.A.1.g.2,Time Sharing,LV,2.75,8,0.1637,2.4292,3.0708,N,N,07/2015,Analyst
49-2011.00,1.A.2.a.1,Arm-Hand Steadiness,IM,3.12,8,0.125,2.88,3.37,N,,07/2015,Analyst
49-2011.00,1.A.2.a.1,Arm-Hand Steadiness,LV,3.25,8,0.1637,2.9292,3.5708,N,N,07/2015,Analyst
49-2011.00,1.A.2.a.2,Manual Dexterity,IM,3.12,8,0.125,2.88,3.37,N,,07/2015,Analyst
49-2011.00,1.A.2.a.2,Manual Dexterity,LV,3.12,8,0.2266,2.6809,3.5691,N,N,07/2015,Analyst
49-2011.00,1.A.2.a.3,Finger Dexterity,IM,3.5,8,0.189,3.1296,3.8704,N,,07/2015,Analyst
49-2011.00,1.A.2.a.3,Finger Dexterity,LV,3.38,8,0.183,3.0164,3.7336,N,N,07/2015,Analyst
49-2011.00,1.A.2.b.1,Control Precision,IM,3.12,8,0.125,2.88,3.37,N,,07/2015,Analyst
49-2011.00,1.A.2.b.1,Control Precision,LV,3.12,8,0.125,2.88,3.37,N,N,07/2015,Analyst
49-2011.00,1.A.2.b.2,Multilimb Coordination,IM,2.75,8,0.1637,2.4292,3.0708,N,,07/2015,Analyst
49-2011.00,1.A.2.b.2,Multilimb Coordination,LV,2.5,8,0.189,2.1296,2.8704,N,N,07/2015,Analyst
49-2011.00,1.A.2.b.3,Response Orientation,IM,2.0,8,0.0,2.0,2.0,N,,07/2015,Analyst
49-2011.00,1.A.2.b.3,Response Orientation,LV,1.88,8,0.125,1.63,2.12,N,N,07/2015,Analyst
49-2011.00,1.A.2.b.4,Rate Control,IM,2.0,8,0.0,2.0,2.0,N,,07/2015,Analyst
49-2011.00,1.A.2.b.4,Rate Control,LV,2.0,8,0.0,2.0,2.0,N,N,07/2015,Analyst
49-2011.00,1.A.2.c.1,Reaction Time,IM,2.0,8,0.0,2.0,2.0,N,,07/2015,Analyst
49-2011.00,1.A.2.c.1,Reaction Time,LV,2.0,8,0.0,2.0,2.0,N,N,07/2015,Analyst
49-2011.00,1.A.2.c.2,Wrist-Finger Speed,IM,2.0,8,0.0,2.0,2.0,N,,07/2015,Analyst
49-2011.00,1.A.2.c.2,Wrist-Finger Speed,LV,1.88,8,0.125,1.63,2.12,N,N,07/2015,Analyst
49-2011.00,1.A.2.c.3,Speed of Limb Movement,IM,1.75,8,0.1637,1.4292,2.0708,N,,07/2015,Analyst
49-2011.00,1.A.2.c.3,Speed of Limb Movement,LV,0.75,8,0.1637,0.4292,1.0708,N,N,07/2015,Analyst
49-2011.00,1.A.3.a.1,Static Strength,IM,2.12,8,0.125,1.88,2.37,N,,07/2015,Analyst
49-2011.00,1.A.3.a.1,Static Strength,LV,2.0,8,0.0,2.0,2.0,N,N,07/2015,Analyst
49-2011.00,1.A.3.a.2,Explosive Strength,IM,1.38,8,0.183,1.0164,1.7336,N,,07/2015,Analyst
49-2011.00,1.A.3.a.2,Explosive Strength,LV,0.75,8,0.366,0.0327,1.4673,N,N,07/2015,Analyst
49-2011.00,1.A.3.a.3,Dynamic Strength,IM,2.0,8,0.0,2.0,2.0,N,,07/2015,Analyst
49-2011.00,1.A.3.a.3,Dynamic Strength,LV,1.25,8,0.1637,0.9292,1.5708,N,N,07/2015,Analyst
49-2011.00,1.A.3.a.4,Trunk Strength,IM,2.38,8,0.183,2.0164,2.7336,N,,07/2015,Analyst
49-2011.00,1.A.3.a.4,Trunk Strength,LV,2.12,8,0.125,1.88,2.37,N,N,07/2015,Analyst
49-2011.00,1.A.3.b.1,Stamina,IM,2.0,8,0.0,2.0,2.0,N,,07/2015,Analyst
49-2011.00,1.A.3.b.1,Stamina,LV,1.12,8,0.125,0.88,1.37,N,N,07/2015,Analyst
49-2011.00,1.A.3.c.1,Extent Flexibility,IM,2.5,8,0.2673,1.9762,3.0238,N,,07/2015,Analyst
49-2011.00,1.A.3.c.1,Extent Flexibility,LV,2.38,8,0.183,2.0164,2.7336,N,N,07/2015,Analyst
49-2011.00,1.A.3.c.2,Dynamic Flexibility,IM,1.0,8,0.0,1.0,1.0,N,,07/2015,Analyst
49-2011.00,1.A.3.c.2,Dynamic Flexibility,LV,0.0,8,0.0,0.0,0.0,N,Y,07/2015,Analyst
49-2011.00,1.A.3.c.3,Gross Body Coordination,IM,2.0,8,0.0,2.0,2.0,N,,07/2015,Analyst
49-2011.00,1.A.3.c.3,Gross Body Coordination,LV,1.75,8,0.1637,1.4292,2.0708,N,N,07/2015,Analyst
49-2011.00,1.A.3.c.4,Gross Body Equilibrium,IM,2.0,8,0.0,2.0,2.0,N,,07/2015,Analyst
49-2011.00,1.A.3.c.4,Gross Body Equilibrium,LV,1.12,8,0.125,0.88,1.37,N,N,07/2015,Analyst
49-2011.00,1.A.4.a.1,Near Vision,IM,3.88,8,0.125,3.63,4.12,N,,07/2015,Analyst
49-2011.00,1.A.4.a.1,Near Vision,LV,3.88,8,0.2266,3.4309,4.3191,N,N,07/2015,Analyst
49-2011.00,1.A.4.a.2,Far Vision,IM,2.75,8,0.1637,2.4292,3.0708,N,,07/2015,Analyst
49-2011.00,1.A.4.a.2,Far Vision,LV,2.38,8,0.183,2.0164,2.7336,N,N,07/2015,Analyst
49-2011.00,1.A.4.a.3,Visual Color Discrimination,IM,3.0,8,0.0,3.0,3.0,N,,07/2015,Analyst
49-2011.00,1.A.4.a.3,Visual Color Discrimination,LV,3.0,8,0.189,2.6296,3.3704,N,N,07/2015,Analyst
49-2011.00,1.A.4.a.4,Night Vision,IM,1.75,8,0.1637,1.4292,2.0708,N,,07/2015,Analyst
49-2011.00,1.A.4.a.4,Night Vision,LV,1.0,8,0.2673,0.4762,1.5238,N,N,07/2015,Analyst
49-2011.00,1.A.4.a.5,Peripheral Vision,IM,1.88,8,0.125,1.63,2.12,N,,07/2015,Analyst
49-2011.00,1.A.4.a.5,Peripheral Vision,LV,1.12,8,0.2266,0.6809,1.5691,N,N,07/2015,Analyst
49-2011.00,1.A.4.a.6,Depth Perception,IM,2.12,8,0.125,1.88,2.37,N,,07/2015,Analyst
49-2011.00,1.A.4.a.6,Depth Perception,LV,2.0,8,0.0,2.0,2.0,N,N,07/2015,Analyst
49-2011.00,1.A.4.a.7,Glare Sensitivity,IM,2.0,8,0.0,2.0,2.0,N,,07/2015,Analyst
49-2011.00,1.A.4.a.7,Glare Sensitivity,LV,1.12,8,0.125,0.88,1.37,N,N,07/2015,Analyst
49-2011.00,1.A.4.b.1,Hearing Sensitivity,IM,2.12,8,0.125,1.88,2.37,N,,07/2015,Analyst
49-2011.00,1.A.4.b.1,Hearing Sensitivity,LV,2.38,8,0.183,2.0164,2.7336,N,N,07/2015,Analyst
49-2011.00,1.A.4.b.2,Auditory Attention,IM,2.12,8,0.125,1.88,2.37,N,,07/2015,Analyst
49-2011.00,1.A.4.b.2,Auditory Attention,LV,2.12,8,0.125,1.88,2.37,N,N,07/2015,Analyst
49-2011.00,1.A.4.b.3,Sound Localization,IM,2.0,8,0.0,2.0,2.0,N,,07/2015,Analyst
49-2011.00,1.A.4.b.3,Sound Localization,LV,1.38,8,0.183,1.0164,1.7336,N,N,07/2015,Analyst
49-2011.00,1.A.4.b.4,Speech Recognition,IM,3.5,8,0.189,3.1296,3.8704,N,,07/2015,Analyst
49-2011.00,1.A.4.b.4,Speech Recognition,LV,2.62,8,0.183,2.2664,2.9836,N,N,07/2015,Analyst
49-2011.00,1.A.4.b.5,Speech Clarity,IM,3.5,8,0.189,3.1296,3.8704,N,,07/2015,Analyst
49-2011.00,1.A.4.b.5,Speech Clarity,LV,2.88,8,0.125,2.63,3.12,N,N,07/2015,Analyst
49-2021.00,1.A.1.a.1,Oral Comprehension,IM,3.25,8,0.1637,2.9292,3.5708,N,,08/2022,Analyst
49-2021.00,1.A.1.a.1,Oral Comprehension,LV,3.88,8,0.125,3.63,4.12,N,N,08/2022,Analyst
49-2021.00,1.A.1.a.2,Written Comprehension,IM,3.12,8,0.125,2.88,3.37,N,,08/2022,Analyst
49-2021.00,1.A.1.a.2,Written Comprehension,LV,3.25,8,0.1637,2.9292,3.5708,N,N,08/2022,Analyst
49-2021.00,1.A.1.a.3,Oral Expression,IM,3.12,8,0.125,2.88,3.37,N,,08/2022,Analyst
49-2021.00,1.A.1.a.3,Oral Expression,LV,3.75,8,0.1637,3.4292,4.0708,N,N,08/2022,Analyst
49-2021.00,1.A.1.a.4,Written Expression,IM,3.0,8,0.0,3.0,3.0,N,,08/2022,Analyst
49-2021.00,1.A.1.a.4,Written Expression,LV,3.0,8,0.0,3.0,3.0,N,N,08/2022,Analyst
49-2021.00,1.A.1.b.1,Fluency of Ideas,IM,2.88,8,0.125,2.63,3.12,N,,08/2022,Analyst
49-2021.00,1.A.1.b.1,Fluency of Ideas,LV,2.88,8,0.125,2.63,3.12,N,N,08/2022,Analyst
49-2021.00,1.A.1.b.2,Originality,IM,2.38,8,0.183,2.0164,2.7336,N,,08/2022,Analyst
49-2021.00,1.A.1.b.2,Originality,LV,2.88,8,0.125,2.63,3.12,N,N,08/2022,Analyst
49-2021.00,1.A.1.b.3,Problem Sensitivity,IM,3.88,8,0.125,3.63,4.12,N,,08/2022,Analyst
49-2021.00,1.A.1.b.3,Problem Sensitivity,LV,3.5,8,0.189,3.1296,3.8704,N,N,08/2022,Analyst
49-2021.00,1.A.1.b.4,Deductive Reasoning,IM,3.38,8,0.183,3.0164,3.7336,N,,08/2022,Analyst
49-2021.00,1.A.1.b.4,Deductive Reasoning,LV,3.25,8,0.1637,2.9292,3.5708,N,N,08/2022,Analyst
49-2021.00,1.A.1.b.5,Inductive Reasoning,IM,3.12,8,0.125,2.88,3.37,N,,08/2022,Analyst
49-2021.00,1.A.1.b.5,Inductive Reasoning,LV,3.12,8,0.125,2.88,3.37,N,N,08/2022,Analyst
49-2021.00,1.A.1.b.6,Information Ordering,IM,3.38,8,0.183,3.0164,3.7336,N,,08/2022,Analyst
49-2021.00,1.A.1.b.6,Information Ordering,LV,3.38,8,0.183,3.0164,3.7336,N,N,08/2022,Analyst
49-2021.00,1.A.1.b.7,Category Flexibility,IM,3.12,8,0.125,2.88,3.37,N,,08/2022,Analyst
49-2021.00,1.A.1.b.7,Category Flexibility,LV,3.0,8,0.0,3.0,3.0,N,N,08/2022,Analyst
49-2021.00,1.A.1.c.1,Mathematical Reasoning,IM,2.75,8,0.1637,2.4292,3.0708,N,,08/2022,Analyst
49-2021.00,1.A.1.c.1,Mathematical Reasoning,LV,2.38,8,0.183,2.0164,2.7336,N,N,08/2022,Analyst
49-2021.00,1.A.1.c.2,Number Facility,IM,2.38,8,0.183,2.0164,2.7336,N,,08/2022,Analyst
49-2021.00,1.A.1.c.2,Number Facility,LV,2.38,8,0.183,2.0164,2.7336,N,N,08/2022,Analyst
49-2021.00,1.A.1.d.1,Memorization,IM,2.88,8,0.125,2.63,3.12,N,,08/2022,Analyst
49-2021.00,1.A.1.d.1,Memorization,LV,2.25,8,0.1637,1.9292,2.5708,N,N,08/2022,Analyst
49-2021.00,1.A.1.e.1,Speed of Closure,IM,2.38,8,0.183,2.0164,2.7336,N,,08/2022,Analyst
49-2021.00,1.A.1.e.1,Speed of Closure,LV,2.38,8,0.183,2.0164,2.7336,N,N,08/2022,Analyst
49-2021.00,1.A.1.e.2,Flexibility of Closure,IM,2.75,8,0.1637,2.4292,3.0708,N,,08/2022,Analyst
49-2021.00,1.A.1.e.2,Flexibility of Closure,LV,3.0,8,0.0,3.0,3.0,N,N,08/2022,Analyst
49-2021.00,1.A.1.e.3,Perceptual Speed,IM,3.12,8,0.125,2.88,3.37,N,,08/2022,Analyst
49-2021.00,1.A.1.e.3,Perceptual Speed,LV,3.0,8,0.0,3.0,3.0,N,N,08/2022,Analyst
49-2021.00,1.A.1.f.1,Spatial Orientation,IM,2.25,8,0.1637,1.9292,2.5708,N,,08/2022,Analyst
49-2021.00,1.A.1.f.1,Spatial Orientation,LV,2.12,8,0.125,1.88,2.37,N,N,08/2022,Analyst
49-2021.00,1.A.1.f.2,Visualization,IM,3.0,8,0.0,3.0,3.0,N,,08/2022,Analyst
49-2021.00,1.A.1.f.2,Visualization,LV,3.62,8,0.183,3.2664,3.9836,N,N,08/2022,Analyst
49-2021.00,1.A.1.g.1,Selective Attention,IM,3.0,8,0.0,3.0,3.0,N,,08/2022,Analyst
49-2021.00,1.A.1.g.1,Selective Attention,LV,3.0,8,0.0,3.0,3.0,N,N,08/2022,Analyst
49-2021.00,1.A.1.g.2,Time Sharing,IM,2.5,8,0.189,2.1296,2.8704,N,,08/2022,Analyst
49-2021.00,1.A.1.g.2,Time Sharing,LV,2.38,8,0.183,2.0164,2.7336,N,N,08/2022,Analyst
49-2021.00,1.A.2.a.1,Arm-Hand Steadiness,IM,3.38,8,0.183,3.0164,3.7336,N,,08/2022,Analyst
49-2021.00,1.A.2.a.1,Arm-Hand Steadiness,LV,3.25,8,0.1637,2.9292,3.5708,N,N,08/2022,Analyst
49-2021.00,1.A.2.a.2,Manual Dexterity,IM,3.25,8,0.1637,2.9292,3.5708,N,,08/2022,Analyst
49-2021.00,1.A.2.a.2,Manual Dexterity,LV,2.88,8,0.125,2.63,3.12,N,N,08/2022,Analyst
49-2021.00,1.A.2.a.3,Finger Dexterity,IM,3.25,8,0.1637,2.9292,3.5708,N,,08/2022,Analyst
49-2021.00,1.A.2.a.3,Finger Dexterity,LV,3.25,8,0.1637,2.9292,3.5708,N,N,08/2022,Analyst
49-2021.00,1.A.2.b.1,Control Precision,IM,3.12,8,0.125,2.88,3.37,N,,08/2022,Analyst
49-2021.00,1.A.2.b.1,Control Precision,LV,3.12,8,0.125,2.88,3.37,N,N,08/2022,Analyst
49-2021.00,1.A.2.b.2,Multilimb Coordination,IM,2.88,8,0.125,2.63,3.12,N,,08/2022,Analyst
49-2021.00,1.A.2.b.2,Multilimb Coordination,LV,3.12,8,0.125,2.88,3.37,N,N,08/2022,Analyst
49-2021.00,1.A.2.b.3,Response Orientation,IM,2.38,8,0.183,2.0164,2.7336,N,,08/2022,Analyst
49-2021.00,1.A.2.b.3,Response Orientation,LV,2.38,8,0.183,2.0164,2.7336,N,N,08/2022,Analyst
49-2021.00,1.A.2.b.4,Rate Control,IM,2.12,8,0.125,1.88,2.37,N,,08/2022,Analyst
49-2021.00,1.A.2.b.4,Rate Control,LV,2.0,8,0.189,1.6296,2.3704,N,N,08/2022,Analyst
49-2021.00,1.A.2.c.1,Reaction Time,IM,2.38,8,0.183,2.0164,2.7336,N,,08/2022,Analyst
49-2021.00,1.A.2.c.1,Reaction Time,LV,2.5,8,0.189,2.1296,2.8704,N,N,08/2022,Analyst
49-2021.00,1.A.2.c.2,Wrist-Finger Speed,IM,2.5,8,0.189,2.1296,2.8704,N,,08/2022,Analyst
49-2021.00,1.A.2.c.2,Wrist-Finger Speed,LV,2.25,8,0.1637,1.9292,2.5708,N,N,08/2022,Analyst
49-2021.00,1.A.2.c.3,Speed of Limb Movement,IM,1.75,8,0.1637,1.4292,2.0708,N,,08/2022,Analyst
49-2021.00,1.A.2.c.3,Speed of Limb Movement,LV,1.38,8,0.3239,0.7402,2.0098,N,N,08/2022,Analyst
49-2021.00,1.A.3.a.1,Static Strength,IM,2.88,8,0.125,2.63,3.12,N,,08/2022,Analyst
49-2021.00,1.A.3.a.1,Static Strength,LV,2.88,8,0.125,2.63,3.12,N,N,08/2022,Analyst
49-2021.00,1.A.3.a.2,Explosive Strength,IM,2.12,8,0.125,1.88,2.37,N,,08/2022,Analyst
49-2021.00,1.A.3.a.2,Explosive Strength,LV,1.62,8,0.2631,1.1094,2.1406,N,N,08/2022,Analyst
49-2021.00,1.A.3.a.3,Dynamic Strength,IM,2.12,8,0.125,1.88,2.37,N,,08/2022,Analyst
49-2021.00,1.A.3.a.3,Dynamic Strength,LV,2.12,8,0.125,1.88,2.37,N,N,08/2022,Analyst
49-2021.00,1.A.3.a.4,Trunk Strength,IM,2.88,8,0.125,2.63,3.12,N,,08/2022,Analyst
49-2021.00,1.A.3.a.4,Trunk Strength,LV,3.0,8,0.0,3.0,3.0,N,N,08/2022,Analyst
49-2021.00,1.A.3.b.1,Stamina,IM,2.12,8,0.125,1.88,2.37,N,,08/2022,Analyst
49-2021.00,1.A.3.b.1,Stamina,LV,2.5,8,0.189,2.1296,2.8704,N,N,08/2022,Analyst
49-2021.00,1.A.3.c.1,Extent Flexibility,IM,3.12,8,0.125,2.88,3.37,N,,08/2022,Analyst
49-2021.00,1.A.3.c.1,Extent Flexibility,LV,3.25,8,0.1637,2.9292,3.5708,N,N,08/2022,Analyst
49-2021.00,1.A.3.c.2,Dynamic Flexibility,IM,1.75,8,0.1637,1.4292,2.0708,N,,08/2022,Analyst
49-2021.00,1.A.3.c.2,Dynamic Flexibility,LV,0.88,8,0.2266,0.4309,1.3191,N,N,08/2022,Analyst
49-2021.00,1.A.3.c.3,Gross Body Coordination,IM,2.38,8,0.183,2.0164,2.7336,N,,08/2022,Analyst
49-2021.00,1.A.3.c.3,Gross Body Coordination,LV,2.12,8,0.125,1.88,2.37,N,N,08/2022,Analyst
49-2021.00,1.A.3.c.4,Gross Body Equilibrium,IM,2.75,8,0.1637,2.4292,3.0708,N,,08/2022,Analyst
49-2021.00,1.A.3.c.4,Gross Body Equilibrium,LV,2.25,8,0.1637,1.9292,2.5708,N,N,08/2022,Analyst
49-2021.00,1.A.4.a.1,Near Vision,IM,3.88,8,0.125,3.63,4.12,N,,08/2022,Analyst
49-2021.00,1.A.4.a.1,Near Vision,LV,3.38,8,0.183,3.0164,3.7336,N,N,08/2022,Analyst
49-2021.00,1.A.4.a.2,Far Vision,IM,3.0,8,0.0,3.0,3.0,N,,08/2022,Analyst
49-2021.00,1.A.4.a.2,Far Vision,LV,3.12,8,0.125,2.88,3.37,N,N,08/2022,Analyst
49-2021.00,1.A.4.a.3,Visual Color Discrimination,IM,2.88,8,0.125,2.63,3.12,N,,08/2022,Analyst
49-2021.00,1.A.4.a.3,Visual Color Discrimination,LV,3.0,8,0.0,3.0,3.0,N,N,08/2022,Analyst
49-2021.00,1.A.4.a.4,Night Vision,IM,2.0,8,0.0,2.0,2.0,N,,08/2022,Analyst
49-2021.00,1.A.4.a.4,Night Vision,LV,1.5,8,0.189,1.1296,1.8704,N,N,08/2022,Analyst
49-2021.00,1.A.4.a.5,Peripheral Vision,IM,2.0,8,0.0,2.0,2.0,N,,08/2022,Analyst
49-2021.00,1.A.4.a.5,Peripheral Vision,LV,1.5,8,0.2673,0.9762,2.0238,N,N,08/2022,Analyst
49-2021.00,1.A.4.a.6,Depth Perception,IM,2.62,8,0.183,2.2664,2.9836,N,,08/2022,Analyst
49-2021.00,1.A.4.a.6,Depth Perception,LV,2.75,8,0.1637,2.4292,3.0708,N,N,08/2022,Analyst
49-2021.00,1.A.4.a.7,Glare Sensitivity,IM,2.0,8,0.0,2.0,2.0,N,,08/2022,Analyst
49-2021.00,1.A.4.a.7,Glare Sensitivity,LV,2.0,8,0.189,1.6296,2.3704,N,N,08/2022,Analyst
49-2021.00,1.A.4.b.1,Hearing Sensitivity,IM,2.5,8,0.189,2.1296,2.8704,N,,08/2022,Analyst
49-2021.00,1.A.4.b.1,Hearing Sensitivity,LV,2.38,8,0.183,2.0164,2.7336,N,N,08/2022,Analyst
49-2021.00,1.A.4.b.2,Auditory Attention,IM,2.62,8,0.183,2.2664,2.9836,N,,08/2022,Analyst
49-2021.00,1.A.4.b.2,Auditory Attention,LV,2.12,8,0.125,1.88,2.37,N,N,08/2022,Analyst
49-2021.00,1.A.4.b.3,Sound Localization,IM,2.0,8,0.0,2.0,2.0,N,,08/2022,Analyst
49-2021.00,1.A.4.b.3,Sound Localization,LV,1.38,8,0.183,1.0164,1.7336,N,N,08/2022,Analyst
49-2021.00,1.A.4.b.4,Speech Recognition,IM,3.25,8,0.1637,2.9292,3.5708,N,,08/2022,Analyst
49-2021.00,1.A.4.b.4,Speech Recognition,LV,3.0,8,0.0,3.0,3.0,N,N,08/2022,Analyst
49-2021.00,1.A.4.b.5,Speech Clarity,IM,3.12,8,0.125,2.88,3.37,N,,08/2022,Analyst
49-2021.00,1.A.4.b.5,Speech Clarity,LV,3.0,8,0.0,3.0,3.0,N,N,08/2022,Analyst
49-2022.00,1.A.1.a.1,Oral Comprehension,IM,3.88,8,0.125,3.63,4.12,N,,07/2017,Analyst
49-2022.00,1.A.1.a.1,Oral Comprehension,LV,4.0,8,0.0,4.0,4.0,N,N,07/2017,Analyst
49-2022.00,1.A.1.a.2,Written Comprehension,IM,3.12,8,0.125,2.88,3.37,N,,07/2017,Analyst
49-2022.00,1.A.1.a.2,Written Comprehension,LV,3.5,8,0.189,3.1296,3.8704,N,N,07/2017,Analyst
49-2022.00,1.A.1.a.3,Oral Expression,IM,3.38,8,0.183,3.0164,3.7336,N,,07/2017,Analyst
49-2022.00,1.A.1.a.3,Oral Expression,LV,3.5,8,0.189,3.1296,3.8704,N,N,07/2017,Analyst
49-2022.00,1.A.1.a.4,Written Expression,IM,2.88,8,0.125,2.63,3.12,N,,07/2017,Analyst
49-2022.00,1.A.1.a.4,Written Expression,LV,3.0,8,0.0,3.0,3.0,N,N,07/2017,Analyst
49-2022.00,1.A.1.b.1,Fluency of Ideas,IM,3.0,8,0.0,3.0,3.0,N,,07/2017,Analyst
49-2022.00,1.A.1.b.1,Fluency of Ideas,LV,3.0,8,0.0,3.0,3.0,N,N,07/2017,Analyst
49-2022.00,1.A.1.b.2,Originality,IM,2.75,8,0.1637,2.4292,3.0708,N,,07/2017,Analyst
49-2022.00,1.A.1.b.2,Originality,LV,2.88,8,0.125,2.63,3.12,N,N,07/2017,Analyst
49-2022.00,1.A.1.b.3,Problem Sensitivity,IM,3.88,8,0.125,3.63,4.12,N,,07/2017,Analyst
49-2022.00,1.A.1.b.3,Problem Sensitivity,LV,3.25,8,0.1637,2.9292,3.5708,N,N,07/2017,Analyst
49-2022.00,1.A.1.b.4,Deductive Reasoning,IM,3.5,8,0.189,3.1296,3.8704,N,,07/2017,Analyst
49-2022.00,1.A.1.b.4,Deductive Reasoning,LV,3.25,8,0.1637,2.9292,3.5708,N,N,07/2017,Analyst
49-2022.00,1.A.1.b.5,Inductive Reasoning,IM,3.5,8,0.189,3.1296,3.8704,N,,07/2017,Analyst
49-2022.00,1.A.1.b.5,Inductive Reasoning,LV,3.25,8,0.1637,2.9292,3.5708,N,N,07/2017,Analyst
49-2022.00,1.A.1.b.6,Information Ordering,IM,3.5,8,0.189,3.1296,3.8704,N,,07/2017,Analyst
49-2022.00,1.A.1.b.6,Information Ordering,LV,3.5,8,0.189,3.1296,3.8704,N,N,07/2017,Analyst
49-2022.00,1.A.1.b.7,Category Flexibility,IM,3.12,8,0.125,2.88,3.37,N,,07/2017,Analyst
49-2022.00,1.A.1.b.7,Category Flexibility,LV,3.0,8,0.0,3.0,3.0,N,N,07/2017,Analyst
49-2022.00,1.A.1.c.1,Mathematical Reasoning,IM,2.88,8,0.125,2.63,3.12,N,,07/2017,Analyst
49-2022.00,1.A.1.c.1,Mathematical Reasoning,LV,2.12,8,0.125,1.88,2.37,N,N,07/2017,Analyst
49-2022.00,1.A.1.c.2,Number Facility,IM,2.38,8,0.183,2.0164,2.7336,N,,07/2017,Analyst
49-2022.00,1.A.1.c.2,Number Facility,LV,2.25,8,0.1637,1.9292,2.5708,N,N,07/2017,Analyst
49-2022.00,1.A.1.d.1,Memorization,IM,3.0,8,0.0,3.0,3.0,N,,07/2017,Analyst
49-2022.00,1.A.1.d.1,Memorization,LV,2.88,8,0.125,2.63,3.12,N,N,07/2017,Analyst
49-2022.00,1.A.1.e.1,Speed of Closure,IM,3.0,8,0.189,2.6296,3.3704,N,,07/2017,Analyst
49-2022.00,1.A.1.e.1,Speed of Closure,LV,2.62,8,0.183,2.2664,2.9836,N,N,07/2017,Analyst
49-2022.00,1.A.1.e.2,Flexibility of Closure,IM,3.38,8,0.183,3.0164,3.7336,N,,07/2017,Analyst
49-2022.00,1.A.1.e.2,Flexibility of Closure,LV,3.12,8,0.125,2.88,3.37,N,N,07/2017,Analyst
49-2022.00,1.A.1.e.3,Perceptual Speed,IM,3.25,8,0.1637,2.9292,3.5708,N,,07/2017,Analyst
49-2022.00,1.A.1.e.3,Perceptual Speed,LV,3.25,8,0.1637,2.9292,3.5708,N,N,07/2017,Analyst
49-2022.00,1.A.1.f.1,Spatial Orientation,IM,2.5,8,0.189,2.1296,2.8704,N,,07/2017,Analyst
49-2022.00,1.A.1.f.1,Spatial Orientation,LV,2.25,8,0.1637,1.9292,2.5708,N,N,07/2017,Analyst
49-2022.00,1.A.1.f.2,Visualization,IM,3.25,8,0.1637,2.9292,3.5708,N,,07/2017,Analyst
49-2022.00,1.A.1.f.2,Visualization,LV,3.75,8,0.1637,3.4292,4.0708,N,N,07/2017,Analyst
49-2022.00,1.A.1.g.1,Selective Attention,IM,3.12,8,0.125,2.88,3.37,N,,07/2017,Analyst
49-2022.00,1.A.1.g.1,Selective Attention,LV,3.0,8,0.0,3.0,3.0,N,N,07/2017,Analyst
49-2022.00,1.A.1.g.2,Time Sharing,IM,2.88,8,0.125,2.63,3.12,N,,07/2017,Analyst
49-2022.00,1.A.1.g.2,Time Sharing,LV,2.88,8,0.125,2.63,3.12,N,N,07/2017,Analyst
49-2022.00,1.A.2.a.1,Arm-Hand Steadiness,IM,3.75,8,0.1637,3.4292,4.0708,N,,07/2017,Analyst
49-2022.00,1.A.2.a.1,Arm-Hand Steadiness,LV,3.25,8,0.1637,2.9292,3.5708,N,N,07/2017,Analyst
49-2022.00,1.A.2.a.2,Manual Dexterity,IM,3.62,8,0.183,3.2664,3.9836,N,,07/2017,Analyst
49-2022.00,1.A.2.a.2,Manual Dexterity,LV,3.12,8,0.125,2.88,3.37,N,N,07/2017,Analyst
49-2022.00,1.A.2.a.3,Finger Dexterity,IM,3.62,8,0.183,3.2664,3.9836,N,,07/2017,Analyst
49-2022.00,1.A.2.a.3,Finger Dexterity,LV,3.38,8,0.183,3.0164,3.7336,N,N,07/2017,Analyst
49-2022.00,1.A.2.b.1,Control Precision,IM,3.25,8,0.1637,2.9292,3.5708,N,,07/2017,Analyst
49-2022.00,1.A.2.b.1,Control Precision,LV,3.12,8,0.125,2.88,3.37,N,N,07/2017,Analyst
49-2022.00,1.A.2.b.2,Multilimb Coordination,IM,3.38,8,0.183,3.0164,3.7336,N,,07/2017,Analyst
49-2022.00,1.A.2.b.2,Multilimb Coordination,LV,3.12,8,0.125,2.88,3.37,N,N,07/2017,Analyst
49-2022.00,1.A.2.b.3,Response Orientation,IM,2.75,8,0.1637,2.4292,3.0708,N,,07/2017,Analyst
49-2022.00,1.A.2.b.3,Response Orientation,LV,2.88,8,0.125,2.63,3.12,N,N,07/2017,Analyst
49-2022.00,1.A.2.b.4,Rate Control,IM,2.25,8,0.25,1.76,2.74,N,,07/2017,Analyst
49-2022.00,1.A.2.b.4,Rate Control,LV,1.75,8,0.25,1.26,2.24,N,N,07/2017,Analyst
49-2022.00,1.A.2.c.1,Reaction Time,IM,2.75,8,0.1637,2.4292,3.0708,N,,07/2017,Analyst
49-2022.00,1.A.2.c.1,Reaction Time,LV,2.88,8,0.125,2.63,3.12,N,N,07/2017,Analyst
49-2022.00,1.A.2.c.2,Wrist-Finger Speed,IM,2.12,8,0.125,1.88,2.37,N,,07/2017,Analyst
49-2022.00,1.A.2.c.2,Wrist-Finger Speed,LV,2.12,8,0.125,1.88,2.37,N,N,07/2017,Analyst
49-2022.00,1.A.2.c.3,Speed of Limb Movement,IM,2.0,8,0.189,1.6296,2.3704,N,,07/2017,Analyst
49-2022.00,1.A.2.c.3,Speed of Limb Movement,LV,1.75,8,0.25,1.26,2.24,N,N,07/2017,Analyst
49-2022.00,1.A.3.a.1,Static Strength,IM,3.0,8,0.0,3.0,3.0,N,,07/2017,Analyst
49-2022.00,1.A.3.a.1,Static Strength,LV,3.0,8,0.0,3.0,3.0,N,N,07/2017,Analyst
49-2022.00,1.A.3.a.2,Explosive Strength,IM,1.5,8,0.189,1.1296,1.8704,N,,07/2017,Analyst
49-2022.00,1.A.3.a.2,Explosive Strength,LV,0.88,8,0.3504,0.1883,1.5617,N,N,07/2017,Analyst
49-2022.00,1.A.3.a.3,Dynamic Strength,IM,2.38,8,0.183,2.0164,2.7336,N,,07/2017,Analyst
49-2022.00,1.A.3.a.3,Dynamic Strength,LV,2.75,8,0.25,2.26,3.24,N,N,07/2017,Analyst
49-2022.00,1.A.3.a.4,Trunk Strength,IM,3.0,8,0.0,3.0,3.0,N,,07/2017,Analyst
49-2022.00,1.A.3.a.4,Trunk Strength,LV,3.12,8,0.125,2.88,3.37,N,N,07/2017,Analyst
49-2022.00,1.A.3.b.1,Stamina,IM,2.75,8,0.1637,2.4292,3.0708,N,,07/2017,Analyst
49-2022.00,1.A.3.b.1,Stamina,LV,2.75,8,0.1637,2.4292,3.0708,N,N,07/2017,Analyst
49-2022.00,1.A.3.c.1,Extent Flexibility,IM,3.12,8,0.125,2.88,3.37,N,,07/2017,Analyst
49-2022.00,1.A.3.c.1,Extent Flexibility,LV,3.75,8,0.1637,3.4292,4.0708,N,N,07/2017,Analyst
49-2022.00,1.A.3.c.2,Dynamic Flexibility,IM,1.12,8,0.125,1.0,1.37,N,,07/2017,Analyst
49-2022.00,1.A.3.c.2,Dynamic Flexibility,LV,0.25,8,0.25,0.0,0.74,N,Y,07/2017,Analyst
49-2022.00,1.A.3.c.3,Gross Body Coordination,IM,3.0,8,0.0,3.0,3.0,N,,07/2017,Analyst
49-2022.00,1.A.3.c.3,Gross Body Coordination,LV,2.88,8,0.2266,2.4309,3.3191,N,N,07/2017,Analyst
49-2022.00,1.A.3.c.4,Gross Body Equilibrium,IM,3.0,8,0.0,3.0,3.0,N,,07/2017,Analyst
49-2022.00,1.A.3.c.4,Gross Body Equilibrium,LV,3.0,8,0.0,3.0,3.0,N,N,07/2017,Analyst
49-2022.00,1.A.4.a.1,Near Vision,IM,3.88,8,0.125,3.63,4.12,N,,07/2017,Analyst
49-2022.00,1.A.4.a.1,Near Vision,LV,4.0,8,0.0,4.0,4.0,N,N,07/2017,Analyst
49-2022.00,1.A.4.a.2,Far Vision,IM,3.25,8,0.1637,2.9292,3.5708,N,,07/2017,Analyst
49-2022.00,1.A.4.a.2,Far Vision,LV,3.38,8,0.183,3.0164,3.7336,N,N,07/2017,Analyst
49-2022.00,1.A.4.a.3,Visual Color Discrimination,IM,3.88,8,0.125,3.63,4.12,N,,07/2017,Analyst
49-2022.00,1.A.4.a.3,Visual Color Discrimination,LV,3.88,8,0.125,3.63,4.12,N,N,07/2017,Analyst
49-2022.00,1.A.4.a.4,Night Vision,IM,2.12,8,0.2266,1.6809,2.5691,N,,07/2017,Analyst
49-2022.00,1.A.4.a.4,Night Vision,LV,1.88,8,0.295,1.2967,2.4533,N,N,07/2017,Analyst
49-2022.00,1.A.4.a.5,Peripheral Vision,IM,1.88,8,0.125,1.63,2.12,N,,07/2017,Analyst
49-2022.00,1.A.4.a.5,Peripheral Vision,LV,1.75,8,0.25,1.26,2.24,N,N,07/2017,Analyst
49-2022.00,1.A.4.a.6,Depth Perception,IM,3.0,8,0.0,3.0,3.0,N,,07/2017,Analyst
49-2022.00,1.A.4.a.6,Depth Perception,LV,2.88,8,0.125,2.63,3.12,N,N,07/2017,Analyst
49-2022.00,1.A.4.a.7,Glare Sensitivity,IM,2.38,8,0.183,2.0164,2.7336,N,,07/2017,Analyst
49-2022.00,1.A.4.a.7,Glare Sensitivity,LV,2.12,8,0.125,1.88,2.37,N,N,07/2017,Analyst
49-2022.00,1.A.4.b.1,Hearing Sensitivity,IM,2.88,8,0.125,2.63,3.12,N,,07/2017,Analyst
49-2022.00,1.A.4.b.1,Hearing Sensitivity,LV,2.88,8,0.125,2.63,3.12,N,N,07/2017,Analyst
49-2022.00,1.A.4.b.2,Auditory Attention,IM,3.0,8,0.0,3.0,3.0,N,,07/2017,Analyst
49-2022.00,1.A.4.b.2,Auditory Attention,LV,3.0,8,0.0,3.0,3.0,N,N,07/2017,Analyst
49-2022.00,1.A.4.b.3,Sound Localization,IM,2.0,8,0.0,2.0,2.0,N,,07/2017,Analyst
49-2022.00,1.A.4.b.3,Sound Localization,LV,1.88,8,0.125,1.63,2.12,N,N,07/2017,Analyst
49-2022.00,1.A.4.b.4,Speech Recognition,IM,3.38,8,0.183,3.0164,3.7336,N,,07/2017,Analyst
49-2022.00,1.A.4.b.4,Speech Recognition,LV,3.12,8,0.125,2.88,3.37,N,N,07/2017,Analyst
49-2022.00,1.A.4.b.5,Speech Clarity,IM,3.38,8,0.183,3.0164,3.7336,N,,07/2017,Analyst
49-2022.00,1.A.4.b.5,Speech Clarity,LV,3.12,8,0.125,2.88,3.37,N,N,07/2017,Analyst
49-2091.00,1.A.1.a.1,Oral Comprehension,IM,3.75,8,0.1637,3.4292,4.0708,N,,07/2015,Analyst
49-2091.00,1.A.1.a.1,Oral Comprehension,LV,4.12,8,0.125,3.88,4.37,N,N,07/2015,Analyst
49-2091.00,1.A.1.a.2,Written Comprehension,IM,3.88,8,0.125,3.63,4.12,N,,07/2015,Analyst
49-2091.00,1.A.1.a.2,Written Comprehension,LV,4.25,8,0.25,3.76,4.74,N,N,07/2015,Analyst
49-2091.00,1.A.1.a.3,Oral Expression,IM,3.5,8,0.189,3.1296,3.8704,N,,07/2015,Analyst
49-2091.00,1.A.1.a.3,Oral Expression,LV,3.88,8,0.125,3.63,4.12,N,N,07/2015,Analyst
49-2091.00,1.A.1.a.4,Written Expression,IM,3.62,8,0.183,3.2664,3.9836,N,,07/2015,Analyst
49-2091.00,1.A.1.a.4,Written Expression,LV,3.75,8,0.1637,3.4292,4.0708,N,N,07/2015,Analyst
49-2091.00,1.A.1.b.1,Fluency of Ideas,IM,2.88,8,0.125,2.63,3.12,N,,07/2015,Analyst
49-2091.00,1.A.1.b.1,Fluency of Ideas,LV,3.0,8,0.189,2.6296,3.3704,N,N,07/2015,Analyst
49-2091.00,1.A.1.b.2,Originality,IM,2.88,8,0.125,2.63,3.12,N,,07/2015,Analyst
49-2091.00,1.A.1.b.2,Originality,LV,2.75,8,0.1637,2.4292,3.0708,N,N,07/2015,Analyst
49-2091.00,1.A.1.b.3,Problem Sensitivity,IM,3.75,8,0.1637,3.4292,4.0708,N,,07/2015,Analyst
49-2091.00,1.A.1.b.3,Problem Sensitivity,LV,3.88,8,0.125,3.63,4.12,N,N,07/2015,Analyst
49-2091.00,1.A.1.b.4,Deductive Reasoning,IM,3.62,8,0.183,3.2664,3.9836,N,,07/2015,Analyst
49-2091.00,1.A.1.b.4,Deductive Reasoning,LV,3.88,8,0.125,3.63,4.12,N,N,07/2015,Analyst
49-2091.00,1.A.1.b.5,Inductive Reasoning,IM,3.62,8,0.183,3.2664,3.9836,N,,07/2015,Analyst
49-2091.00,1.A.1.b.5,Inductive Reasoning,LV,3.75,8,0.1637,3.4292,4.0708,N,N,07/2015,Analyst
49-2091.00,1.A.1.b.6,Information Ordering,IM,3.75,8,0.1637,3.4292,4.0708,N,,07/2015,Analyst
49-2091.00,1.A.1.b.6,Information Ordering,LV,3.88,8,0.125,3.63,4.12,N,N,07/2015,Analyst
49-2091.00,1.A.1.b.7,Category Flexibility,IM,3.0,8,0.189,2.6296,3.3704,N,,07/2015,Analyst
49-2091.00,1.A.1.b.7,Category Flexibility,LV,3.0,8,0.0,3.0,3.0,N,N,07/2015,Analyst
49-2091.00,1.A.1.c.1,Mathematical Reasoning,IM,2.5,8,0.189,2.1296,2.8704,N,,07/2015,Analyst
49-2091.00,1.A.1.c.1,Mathematical Reasoning,LV,2.25,8,0.1637,1.9292,2.5708,N,N,07/2015,Analyst
49-2091.00,1.A.1.c.2,Number Facility,IM,2.25,8,0.1637,1.9292,2.5708,N,,07/2015,Analyst
49-2091.00,1.A.1.c.2,Number Facility,LV,2.12,8,0.125,1.88,2.37,N,N,07/2015,Analyst
49-2091.00,1.A.1.d.1,Memorization,IM,2.38,8,0.183,2.0164,2.7336,N,,07/2015,Analyst
49-2091.00,1.A.1.d.1,Memorization,LV,2.38,8,0.183,2.0164,2.7336,N,N,07/2015,Analyst
49-2091.00,1.A.1.e.1,Speed of Closure,IM,2.25,8,0.25,1.76,2.74,N,,07/2015,Analyst
49-2091.00,1.A.1.e.1,Speed of Closure,LV,2.25,8,0.25,1.76,2.74,N,N,07/2015,Analyst
49-2091.00,1.A.1.e.2,Flexibility of Closure,IM,2.88,8,0.125,2.63,3.12,N,,07/2015,Analyst
49-2091.00,1.A.1.e.2,Flexibility of Closure,LV,3.25,8,0.25,2.76,3.74,N,N,07/2015,Analyst
49-2091.00,1.A.1.e.3,Perceptual Speed,IM,3.0,8,0.189,2.6296,3.3704,N,,07/2015,Analyst
49-2091.00,1.A.1.e.3,Perceptual Speed,LV,2.88,8,0.125,2.63,3.12,N,N,07/2015,Analyst
49-2091.00,1.A.1.f.1,Spatial Orientation,IM,1.62,8,0.183,1.2664,1.9836,N,,07/2015,Analyst
49-2091.00,1.A.1.f.1,Spatial Orientation,LV,0.88,8,0.295,0.2967,1.4533,N,N,07/2015,Analyst
49-2091.00,1.A.1.f.2,Visualization,IM,3.25,8,0.1637,2.9292,3.5708,N,,07/2015,Analyst
49-2091.00,1.A.1.f.2,Visualization,LV,3.88,8,0.125,3.63,4.12,N,N,07/2015,Analyst
49-2091.00,1.A.1.g.1,Selective Attention,IM,3.0,8,0.0,3.0,3.0,N,,07/2015,Analyst
49-2091.00,1.A.1.g.1,Selective Attention,LV,3.25,8,0.1637,2.9292,3.5708,N,N,07/2015,Analyst
49-2091.00,1.A.1.g.2,Time Sharing,IM,2.62,8,0.183,2.2664,2.9836,N,,07/2015,Analyst
49-2091.00,1.A.1.g.2,Time Sharing,LV,2.62,8,0.183,2.2664,2.9836,N,N,07/2015,Analyst
49-2091.00,1.A.2.a.1,Arm-Hand Steadiness,IM,3.38,8,0.183,3.0164,3.7336,N,,07/2015,Analyst
49-2091.00,1.A.2.a.1,Arm-Hand Steadiness,LV,3.12,8,0.125,2.88,3.37,N,N,07/2015,Analyst
49-2091.00,1.A.2.a.2,Manual Dexterity,IM,3.25,8,0.1637,2.9292,3.5708,N,,07/2015,Analyst
49-2091.00,1.A.2.a.2,Manual Dexterity,LV,3.25,8,0.1637,2.9292,3.5708,N,N,07/2015,Analyst
49-2091.00,1.A.2.a.3,Finger Dexterity,IM,3.62,8,0.183,3.2664,3.9836,N,,07/2015,Analyst
49-2091.00,1.A.2.a.3,Finger Dexterity,LV,3.75,8,0.1637,3.4292,4.0708,N,N,07/2015,Analyst
49-2091.00,1.A.2.b.1,Control Precision,IM,3.38,8,0.183,3.0164,3.7336,N,,07/2015,Analyst
49-2091.00,1.A.2.b.1,Control Precision,LV,3.25,8,0.1637,2.9292,3.5708,N,N,07/2015,Analyst
49-2091.00,1.A.2.b.2,Multilimb Coordination,IM,2.75,8,0.1637,2.4292,3.0708,N,,07/2015,Analyst
49-2091.00,1.A.2.b.2,Multilimb Coordination,LV,3.0,8,0.0,3.0,3.0,N,N,07/2015,Analyst
49-2091.00,1.A.2.b.3,Response Orientation,IM,2.12,8,0.125,1.88,2.37,N,,07/2015,Analyst
49-2091.00,1.A.2.b.3,Response Orientation,LV,1.38,8,0.183,1.0164,1.7336,N,N,07/2015,Analyst
49-2091.00,1.A.2.b.4,Rate Control,IM,2.0,8,0.0,2.0,2.0,N,,07/2015,Analyst
49-2091.00,1.A.2.b.4,Rate Control,LV,1.5,8,0.189,1.1296,1.8704,N,N,07/2015,Analyst
49-2091.00,1.A.2.c.1,Reaction Time,IM,2.12,8,0.125,1.88,2.37,N,,07/2015,Analyst
49-2091.00,1.A.2.c.1,Reaction Time,LV,1.88,8,0.295,1.2967,2.4533,N,N,07/2015,Analyst
49-2091.00,1.A.2.c.2,Wrist-Finger Speed,IM,2.0,8,0.0,2.0,2.0,N,,07/2015,Analyst
49-2091.00,1.A.2.c.2,Wrist-Finger Speed,LV,1.62,8,0.183,1.2664,1.9836,N,N,07/2015,Analyst
49-2091.00,1.A.2.c.3,Speed of Limb Movement,IM,1.0,8,0.0,1.0,1.0,N,,07/2015,Analyst
49-2091.00,1.A.2.c.3,Speed of Limb Movement,LV,0.0,8,0.0,0.0,0.0,N,Y,07/2015,Analyst
49-2091.00,1.A.3.a.1,Static Strength,IM,2.12,8,0.125,1.88,2.37,N,,07/2015,Analyst
49-2091.00,1.A.3.a.1,Static Strength,LV,2.12,8,0.125,1.88,2.37,N,N,07/2015,Analyst
49-2091.00,1.A.3.a.2,Explosive Strength,IM,1.5,8,0.189,1.1296,1.8704,N,,07/2015,Analyst
49-2091.00,1.A.3.a.2,Explosive Strength,LV,0.62,8,0.2631,0.1094,1.1406,N,N,07/2015,Analyst
49-2091.00,1.A.3.a.3,Dynamic Strength,IM,2.0,8,0.0,2.0,2.0,N,,07/2015,Analyst
49-2091.00,1.A.3.a.3,Dynamic Strength,LV,1.75,8,0.1637,1.4292,2.0708,N,N,07/2015,Analyst
49-2091.00,1.A.3.a.4,Trunk Strength,IM,2.38,8,0.183,2.0164,2.7336,N,,07/2015,Analyst
49-2091.00,1.A.3.a.4,Trunk Strength,LV,2.25,8,0.1637,1.9292,2.5708,N,N,07/2015,Analyst
49-2091.00,1.A.3.b.1,Stamina,IM,2.0,8,0.0,2.0,2.0,N,,07/2015,Analyst
49-2091.00,1.A.3.b.1,Stamina,LV,1.38,8,0.183,1.0164,1.7336,N,N,07/2015,Analyst
49-2091.00,1.A.3.c.1,Extent Flexibility,IM,2.25,8,0.1637,1.9292,2.5708,N,,07/2015,Analyst
49-2091.00,1.A.3.c.1,Extent Flexibility,LV,2.38,8,0.183,2.0164,2.7336,N,N,07/2015,Analyst
49-2091.00,1.A.3.c.2,Dynamic Flexibility,IM,1.0,8,0.0,1.0,1.0,N,,07/2015,Analyst
49-2091.00,1.A.3.c.2,Dynamic Flexibility,LV,0.0,8,0.0,0.0,0.0,N,Y,07/2015,Analyst
49-2091.00,1.A.3.c.3,Gross Body Coordination,IM,2.0,8,0.0,2.0,2.0,N,,07/2015,Analyst
49-2091.00,1.A.3.c.3,Gross Body Coordination,LV,1.5,8,0.189,1.1296,1.8704,N,N,07/2015,Analyst
49-2091.00,1.A.3.c.4,Gross Body Equilibrium,IM,2.0,8,0.0,2.0,2.0,N,,07/2015,Analyst
49-2091.00,1.A.3.c.4,Gross Body Equilibrium,LV,1.5,8,0.189,1.1296,1.8704,N,N,07/2015,Analyst
49-2091.00,1.A.4.a.1,Near Vision,IM,3.75,8,0.1637,3.4292,4.0708,N,,07/2015,Analyst
49-2091.00,1.A.4.a.1,Near Vision,LV,4.12,8,0.125,3.88,4.37,N,N,07/2015,Analyst
49-2091.00,1.A.4.a.2,Far Vision,IM,2.88,8,0.125,2.63,3.12,N,,07/2015,Analyst
49-2091.00,1.A.4.a.2,Far Vision,LV,3.0,8,0.189,2.6296,3.3704,N,N,07/2015,Analyst
49-2091.00,1.A.4.a.3,Visual Color Discrimination,IM,3.0,8,0.0,3.0,3.0,N,,07/2015,Analyst
49-2091.00,1.A.4.a.3,Visual Color Discrimination,LV,3.5,8,0.189,3.1296,3.8704,N,N,07/2015,Analyst
49-2091.00,1.A.4.a.4,Night Vision,IM,1.5,8,0.189,1.1296,1.8704,N,,07/2015,Analyst
49-2091.00,1.A.4.a.4,Night Vision,LV,0.62,8,0.2631,0.1094,1.1406,N,N,07/2015,Analyst
49-2091.00,1.A.4.a.5,Peripheral Vision,IM,1.5,8,0.189,1.1296,1.8704,N,,07/2015,Analyst
49-2091.00,1.A.4.a.5,Peripheral Vision,LV,0.62,8,0.2631,0.1094,1.1406,N,N,07/2015,Analyst
49-2091.00,1.A.4.a.6,Depth Perception,IM,2.0,8,0.0,2.0,2.0,N,,07/2015,Analyst
49-2091.00,1.A.4.a.6,Depth Perception,LV,2.25,8,0.1637,1.9292,2.5708,N,N,07/2015,Analyst
49-2091.00,1.A.4.a.7,Glare Sensitivity,IM,1.5,8,0.189,1.1296,1.8704,N,,07/2015,Analyst
49-2091.00,1.A.4.a.7,Glare Sensitivity,LV,0.75,8,0.3134,0.1358,1.3642,N,N,07/2015,Analyst
49-2091.00,1.A.4.b.1,Hearing Sensitivity,IM,2.88,8,0.125,2.63,3.12,N,,07/2015,Analyst
49-2091.00,1.A.4.b.1,Hearing Sensitivity,LV,2.88,8,0.125,2.63,3.12,N,N,07/2015,Analyst
49-2091.00,1.A.4.b.2,Auditory Attention,IM,2.38,8,0.183,2.0164,2.7336,N,,07/2015,Analyst
49-2091.00,1.A.4.b.2,Auditory Attention,LV,2.75,8,0.1637,2.4292,3.0708,N,N,07/2015,Analyst
49-2091.00,1.A.4.b.3,Sound Localization,IM,1.5,8,0.189,1.1296,1.8704,N,,07/2015,Analyst
49-2091.00,1.A.4.b.3,Sound Localization,LV,0.88,8,0.3504,0.1883,1.5617,N,N,07/2015,Analyst
49-2091.00,1.A.4.b.4,Speech Recognition,IM,3.12,8,0.125,2.88,3.37,N,,07/2015,Analyst
49-2091.00,1.A.4.b.4,Speech Recognition,LV,3.0,8,0.0,3.0,3.0,N,N,07/2015,Analyst
49-2091.00,1.A.4.b.5,Speech Clarity,IM,3.12,8,0.125,2.88,3.37,N,,07/2015,Analyst
49-2091.00,1.A.4.b.5,Speech Clarity,LV,2.88,8,0.125,2.63,3.12,N,N,07/2015,Analyst
49-2092.00,1.A.1.a.1,Oral Comprehension,IM,3.12,8,0.125,2.88,3.37,N,,07/2017,Analyst
49-2092.00,1.A.1.a.1,Oral Comprehension,LV,3.75,8,0.1637,3.4292,4.0708,N,N,07/2017,Analyst
49-2092.00,1.A.1.a.2,Written Comprehension,IM,3.12,8,0.125,2.88,3.37,N,,07/2017,Analyst
49-2092.00,1.A.1.a.2,Written Comprehension,LV,3.0,8,0.0,3.0,3.0,N,N,07/2017,Analyst
49-2092.00,1.A.1.a.3,Oral Expression,IM,3.0,8,0.0,3.0,3.0,N,,07/2017,Analyst
49-2092.00,1.A.1.a.3,Oral Expression,LV,3.12,8,0.125,2.88,3.37,N,N,07/2017,Analyst
49-2092.00,1.A.1.a.4,Written Expression,IM,2.88,8,0.125,2.63,3.12,N,,07/2017,Analyst
49-2092.00,1.A.1.a.4,Written Expression,LV,2.88,8,0.125,2.63,3.12,N,N,07/2017,Analyst
49-2092.00,1.A.1.b.1,Fluency of Ideas,IM,2.88,8,0.125,2.63,3.12,N,,07/2017,Analyst
49-2092.00,1.A.1.b.1,Fluency of Ideas,LV,2.88,8,0.125,2.63,3.12,N,N,07/2017,Analyst
49-2092.00,1.A.1.b.2,Originality,IM,2.75,8,0.1637,2.4292,3.0708,N,,07/2017,Analyst
49-2092.00,1.A.1.b.2,Originality,LV,2.88,8,0.125,2.63,3.12,N,N,07/2017,Analyst
49-2092.00,1.A.1.b.3,Problem Sensitivity,IM,3.88,8,0.125,3.63,4.12,N,,07/2017,Analyst
49-2092.00,1.A.1.b.3,Problem Sensitivity,LV,3.12,8,0.125,2.88,3.37,N,N,07/2017,Analyst
49-2092.00,1.A.1.b.4,Deductive Reasoning,IM,3.25,8,0.1637,2.9292,3.5708,N,,07/2017,Analyst
49-2092.00,1.A.1.b.4,Deductive Reasoning,LV,3.25,8,0.1637,2.9292,3.5708,N,N,07/2017,Analyst
49-2092.00,1.A.1.b.5,Inductive Reasoning,IM,3.25,8,0.1637,2.9292,3.5708,N,,07/2017,Analyst
49-2092.00,1.A.1.b.5,Inductive Reasoning,LV,3.25,8,0.1637,2.9292,3.5708,N,N,07/2017,Analyst
49-2092.00,1.A.1.b.6,Information Ordering,IM,3.5,8,0.189,3.1296,3.8704,N,,07/2017,Analyst
49-2092.00,1.A.1.b.6,Information Ordering,LV,3.38,8,0.183,3.0164,3.7336,N,N,07/2017,Analyst
49-2092.00,1.A.1.b.7,Category Flexibility,IM,3.0,8,0.0,3.0,3.0,N,,07/2017,Analyst
49-2092.00,1.A.1.b.7,Category Flexibility,LV,3.25,8,0.1637,2.9292,3.5708,N,N,07/2017,Analyst
49-2092.00,1.A.1.c.1,Mathematical Reasoning,IM,2.75,8,0.1637,2.4292,3.0708,N,,07/2017,Analyst
49-2092.00,1.A.1.c.1,Mathematical Reasoning,LV,2.0,8,0.189,1.6296,2.3704,N,N,07/2017,Analyst
49-2092.00,1.A.1.c.2,Number Facility,IM,2.5,8,0.189,2.1296,2.8704,N,,07/2017,Analyst
49-2092.00,1.A.1.c.2,Number Facility,LV,2.25,8,0.1637,1.9292,2.5708,N,N,07/2017,Analyst
49-2092.00,1.A.1.d.1,Memorization,IM,2.75,8,0.1637,2.4292,3.0708,N,,07/2017,Analyst
49-2092.00,1.A.1.d.1,Memorization,LV,2.25,8,0.1637,1.9292,2.5708,N,N,07/2017,Analyst
49-2092.00,1.A.1.e.1,Speed of Closure,IM,3.12,8,0.125,2.88,3.37,N,,07/2017,Analyst
49-2092.00,1.A.1.e.1,Speed of Closure,LV,3.12,8,0.125,2.88,3.37,N,N,07/2017,Analyst
49-2092.00,1.A.1.e.2,Flexibility of Closure,IM,3.12,8,0.125,2.88,3.37,N,,07/2017,Analyst
49-2092.00,1.A.1.e.2,Flexibility of Closure,LV,3.12,8,0.125,2.88,3.37,N,N,07/2017,Analyst
49-2092.00,1.A.1.e.3,Perceptual Speed,IM,3.12,8,0.125,2.88,3.37,N,,07/2017,Analyst
49-2092.00,1.A.1.e.3,Perceptual Speed,LV,3.0,8,0.0,3.0,3.0,N,N,07/2017,Analyst
49-2092.00,1.A.1.f.1,Spatial Orientation,IM,2.0,8,0.0,2.0,2.0,N,,07/2017,Analyst
49-2092.00,1.A.1.f.1,Spatial Orientation,LV,1.25,8,0.1637,0.9292,1.5708,N,N,07/2017,Analyst
49-2092.00,1.A.1.f.2,Visualization,IM,3.25,8,0.1637,2.9292,3.5708,N,,07/2017,Analyst
49-2092.00,1.A.1.f.2,Visualization,LV,3.62,8,0.183,3.2664,3.9836,N,N,07/2017,Analyst
49-2092.00,1.A.1.g.1,Selective Attention,IM,3.0,8,0.0,3.0,3.0,N,,07/2017,Analyst
49-2092.00,1.A.1.g.1,Selective Attention,LV,3.5,8,0.189,3.1296,3.8704,N,N,07/2017,Analyst
49-2092.00,1.A.1.g.2,Time Sharing,IM,2.75,8,0.1637,2.4292,3.0708,N,,07/2017,Analyst
49-2092.00,1.A.1.g.2,Time Sharing,LV,2.88,8,0.125,2.63,3.12,N,N,07/2017,Analyst
49-2092.00,1.A.2.a.1,Arm-Hand Steadiness,IM,3.62,8,0.183,3.2664,3.9836,N,,07/2017,Analyst
49-2092.00,1.A.2.a.1,Arm-Hand Steadiness,LV,3.5,8,0.189,3.1296,3.8704,N,N,07/2017,Analyst
49-2092.00,1.A.2.a.2,Manual Dexterity,IM,3.75,8,0.1637,3.4292,4.0708,N,,07/2017,Analyst
49-2092.00,1.A.2.a.2,Manual Dexterity,LV,3.75,8,0.1637,3.4292,4.0708,N,N,07/2017,Analyst
49-2092.00,1.A.2.a.3,Finger Dexterity,IM,4.0,8,0.0,4.0,4.0,N,,07/2017,Analyst
49-2092.00,1.A.2.a.3,Finger Dexterity,LV,4.0,8,0.0,4.0,4.0,N,N,07/2017,Analyst
49-2092.00,1.A.2.b.1,Control Precision,IM,3.12,8,0.125,2.88,3.37,N,,07/2017,Analyst
49-2092.00,1.A.2.b.1,Control Precision,LV,3.75,8,0.1637,3.4292,4.0708,N,N,07/2017,Analyst
49-2092.00,1.A.2.b.2,Multilimb Coordination,IM,3.12,8,0.125,2.88,3.37,N,,07/2017,Analyst
49-2092.00,1.A.2.b.2,Multilimb Coordination,LV,3.12,8,0.125,2.88,3.37,N,N,07/2017,Analyst
49-2092.00,1.A.2.b.3,Response Orientation,IM,2.75,8,0.1637,2.4292,3.0708,N,,07/2017,Analyst
49-2092.00,1.A.2.b.3,Response Orientation,LV,3.0,8,0.189,2.6296,3.3704,N,N,07/2017,Analyst
49-2092.00,1.A.2.b.4,Rate Control,IM,3.0,8,0.0,3.0,3.0,N,,07/2017,Analyst
49-2092.00,1.A.2.b.4,Rate Control,LV,2.88,8,0.125,2.63,3.12,N,N,07/2017,Analyst
49-2092.00,1.A.2.c.1,Reaction Time,IM,3.12,8,0.125,2.88,3.37,N,,07/2017,Analyst
49-2092.00,1.A.2.c.1,Reaction Time,LV,3.12,8,0.125,2.88,3.37,N,N,07/2017,Analyst
49-2092.00,1.A.2.c.2,Wrist-Finger Speed,IM,2.75,8,0.1637,2.4292,3.0708,N,,07/2017,Analyst
49-2092.00,1.A.2.c.2,Wrist-Finger Speed,LV,2.75,8,0.1637,2.4292,3.0708,N,N,07/2017,Analyst
49-2092.00,1.A.2.c.3,Speed of Limb Movement,IM,2.38,8,0.2631,1.8594,2.8906,N,,07/2017,Analyst
49-2092.00,1.A.2.c.3,Speed of Limb Movement,LV,1.88,8,0.3504,1.1883,2.5617,N,N,07/2017,Analyst
49-2092.00,1.A.3.a.1,Static Strength,IM,2.88,8,0.2266,2.4309,3.3191,N,,07/2017,Analyst
49-2092.00,1.A.3.a.1,Static Strength,LV,2.88,8,0.125,2.63,3.12,N,N,07/2017,Analyst
49-2092.00,1.A.3.a.2,Explosive Strength,IM,1.88,8,0.2266,1.4309,2.3191,N,,07/2017,Analyst
49-2092.00,1.A.3.a.2,Explosive Strength,LV,1.12,8,0.295,0.5467,1.7033,N,N,07/2017,Analyst
49-2092.00,1.A.3.a.3,Dynamic Strength,IM,2.38,8,0.2631,1.8594,2.8906,N,,07/2017,Analyst
49-2092.00,1.A.3.a.3,Dynamic Strength,LV,2.12,8,0.125,1.88,2.37,N,N,07/2017,Analyst
49-2092.00,1.A.3.a.4,Trunk Strength,IM,2.88,8,0.2266,2.4309,3.3191,N,,07/2017,Analyst
49-2092.00,1.A.3.a.4,Trunk Strength,LV,2.62,8,0.2631,2.1094,3.1406,N,N,07/2017,Analyst
49-2092.00,1.A.3.b.1,Stamina,IM,2.38,8,0.183,2.0164,2.7336,N,,07/2017,Analyst
49-2092.00,1.A.3.b.1,Stamina,LV,2.0,8,0.0,2.0,2.0,N,N,07/2017,Analyst
49-2092.00,1.A.3.c.1,Extent Flexibility,IM,3.0,8,0.189,2.6296,3.3704,N,,07/2017,Analyst
49-2092.00,1.A.3.c.1,Extent Flexibility,LV,3.38,8,0.2631,2.8594,3.8906,N,N,07/2017,Analyst
49-2092.00,1.A.3.c.2,Dynamic Flexibility,IM,1.12,8,0.125,1.0,1.37,N,,07/2017,Analyst
49-2092.00,1.A.3.c.2,Dynamic Flexibility,LV,0.25,8,0.25,0.0,0.74,N,Y,07/2017,Analyst
49-2092.00,1.A.3.c.3,Gross Body Coordination,IM,2.12,8,0.125,1.88,2.37,N,,07/2017,Analyst
49-2092.00,1.A.3.c.3,Gross Body Coordination,LV,2.0,8,0.0,2.0,2.0,N,N,07/2017,Analyst
49-2092.00,1.A.3.c.4,Gross Body Equilibrium,IM,2.0,8,0.0,2.0,2.0,N,,07/2017,Analyst
49-2092.00,1.A.3.c.4,Gross Body Equilibrium,LV,1.88,8,0.125,1.63,2.12,N,N,07/2017,Analyst
49-2092.00,1.A.4.a.1,Near Vision,IM,3.88,8,0.125,3.63,4.12,N,,07/2017,Analyst
49-2092.00,1.A.4.a.1,Near Vision,LV,3.75,8,0.1637,3.4292,4.0708,N,N,07/2017,Analyst
49-2092.00,1.A.4.a.2,Far Vision,IM,2.88,8,0.125,2.63,3.12,N,,07/2017,Analyst
49-2092.00,1.A.4.a.2,Far Vision,LV,2.88,8,0.125,2.63,3.12,N,N,07/2017,Analyst
49-2092.00,1.A.4.a.3,Visual Color Discrimination,IM,3.25,8,0.1637,2.9292,3.5708,N,,07/2017,Analyst
49-2092.00,1.A.4.a.3,Visual Color Discrimination,LV,3.62,8,0.183,3.2664,3.9836,N,N,07/2017,Analyst
49-2092.00,1.A.4.a.4,Night Vision,IM,1.75,8,0.1637,1.4292,2.0708,N,,07/2017,Analyst
49-2092.00,1.A.4.a.4,Night Vision,LV,1.0,8,0.2673,0.4762,1.5238,N,N,07/2017,Analyst
49-2092.00,1.A.4.a.5,Peripheral Vision,IM,1.88,8,0.125,1.63,2.12,N,,07/2017,Analyst
49-2092.00,1.A.4.a.5,Peripheral Vision,LV,1.25,8,0.25,0.76,1.74,N,N,07/2017,Analyst
49-2092.00,1.A.4.a.6,Depth Perception,IM,3.0,8,0.0,3.0,3.0,N,,07/2017,Analyst
49-2092.00,1.A.4.a.6,Depth Perception,LV,3.25,8,0.25,2.76,3.74,N,N,07/2017,Analyst
49-2092.00,1.A.4.a.7,Glare Sensitivity,IM,2.12,8,0.2266,1.6809,2.5691,N,,07/2017,Analyst
49-2092.00,1.A.4.a.7,Glare Sensitivity,LV,1.88,8,0.295,1.2967,2.4533,N,N,07/2017,Analyst
49-2092.00,1.A.4.b.1,Hearing Sensitivity,IM,3.25,8,0.1637,2.9292,3.5708,N,,07/2017,Analyst
49-2092.00,1.A.4.b.1,Hearing Sensitivity,LV,3.25,8,0.1637,2.9292,3.5708,N,N,07/2017,Analyst
49-2092.00,1.A.4.b.2,Auditory Attention,IM,3.0,8,0.0,3.0,3.0,N,,07/2017,Analyst
49-2092.00,1.A.4.b.2,Auditory Attention,LV,3.62,8,0.183,3.2664,3.9836,N,N,07/2017,Analyst
49-2092.00,1.A.4.b.3,Sound Localization,IM,2.12,8,0.125,1.88,2.37,N,,07/2017,Analyst
49-2092.00,1.A.4.b.3,Sound Localization,LV,2.12,8,0.125,1.88,2.37,N,N,07/2017,Analyst
49-2092.00,1.A.4.b.4,Speech Recognition,IM,2.88,8,0.125,2.63,3.12,N,,07/2017,Analyst
49-2092.00,1.A.4.b.4,Speech Recognition,LV,2.75,8,0.1637,2.4292,3.0708,N,N,07/2017,Analyst
49-2092.00,1.A.4.b.5,Speech Clarity,IM,2.88,8,0.125,2.63,3.12,N,,07/2017,Analyst
49-2092.00,1.A.4.b.5,Speech Clarity,LV,2.75,8,0.1637,2.4292,3.0708,N,N,07/2017,Analyst
49-2093.00,1.A.1.a.1,Oral Comprehension,IM,3.25,8,0.1637,2.9292,3.5708,N,,08/2019,Analyst
49-2093.00,1.A.1.a.1,Oral Comprehension,LV,3.75,8,0.1637,3.4292,4.0708,N,N,08/2019,Analyst
49-2093.00,1.A.1.a.2,Written Comprehension,IM,3.0,8,0.0,3.0,3.0,N,,08/2019,Analyst
49-2093.00,1.A.1.a.2,Written Comprehension,LV,3.0,8,0.0,3.0,3.0,N,N,08/2019,Analyst
49-2093.00,1.A.1.a.3,Oral Expression,IM,3.0,8,0.0,3.0,3.0,N,,08/2019,Analyst
49-2093.00,1.A.1.a.3,Oral Expression,LV,3.25,8,0.1637,2.9292,3.5708,N,N,08/2019,Analyst
49-2093.00,1.A.1.a.4,Written Expression,IM,2.88,8,0.125,2.63,3.12,N,,08/2019,Analyst
49-2093.00,1.A.1.a.4,Written Expression,LV,3.0,8,0.0,3.0,3.0,N,N,08/2019,Analyst
49-2093.00,1.A.1.b.1,Fluency of Ideas,IM,2.38,8,0.183,2.0164,2.7336,N,,08/2019,Analyst
49-2093.00,1.A.1.b.1,Fluency of Ideas,LV,2.38,8,0.183,2.0164,2.7336,N,N,08/2019,Analyst
49-2093.00,1.A.1.b.2,Originality,IM,2.38,8,0.183,2.0164,2.7336,N,,08/2019,Analyst
49-2093.00,1.A.1.b.2,Originality,LV,2.25,8,0.1637,1.9292,2.5708,N,N,08/2019,Analyst
49-2093.00,1.A.1.b.3,Problem Sensitivity,IM,3.75,8,0.1637,3.4292,4.0708,N,,08/2019,Analyst
49-2093.00,1.A.1.b.3,Problem Sensitivity,LV,3.25,8,0.1637,2.9292,3.5708,N,N,08/2019,Analyst
49-2093.00,1.A.1.b.4,Deductive Reasoning,IM,3.12,8,0.125,2.88,3.37,N,,08/2019,Analyst
49-2093.00,1.A.1.b.4,Deductive Reasoning,LV,3.0,8,0.0,3.0,3.0,N,N,08/2019,Analyst
49-2093.00,1.A.1.b.5,Inductive Reasoning,IM,3.12,8,0.125,2.88,3.37,N,,08/2019,Analyst
49-2093.00,1.A.1.b.5,Inductive Reasoning,LV,3.0,8,0.0,3.0,3.0,N,N,08/2019,Analyst
49-2093.00,1.A.1.b.6,Information Ordering,IM,3.25,8,0.1637,2.9292,3.5708,N,,08/2019,Analyst
49-2093.00,1.A.1.b.6,Information Ordering,LV,3.12,8,0.125,2.88,3.37,N,N,08/2019,Analyst
49-2093.00,1.A.1.b.7,Category Flexibility,IM,3.0,8,0.0,3.0,3.0,N,,08/2019,Analyst
49-2093.00,1.A.1.b.7,Category Flexibility,LV,3.12,8,0.125,2.88,3.37,N,N,08/2019,Analyst
49-2093.00,1.A.1.c.1,Mathematical Reasoning,IM,2.25,8,0.1637,1.9292,2.5708,N,,08/2019,Analyst
49-2093.00,1.A.1.c.1,Mathematical Reasoning,LV,2.12,8,0.125,1.88,2.37,N,N,08/2019,Analyst
49-2093.00,1.A.1.c.2,Number Facility,IM,2.25,8,0.1637,1.9292,2.5708,N,,08/2019,Analyst
49-2093.00,1.A.1.c.2,Number Facility,LV,2.12,8,0.125,1.88,2.37,N,N,08/2019,Analyst
49-2093.00,1.A.1.d.1,Memorization,IM,2.0,8,0.0,2.0,2.0,N,,08/2019,Analyst
49-2093.00,1.A.1.d.1,Memorization,LV,1.75,8,0.1637,1.4292,2.0708,N,N,08/2019,Analyst
49-2093.00,1.A.1.e.1,Speed of Closure,IM,2.12,8,0.125,1.88,2.37,N,,08/2019,Analyst
49-2093.00,1.A.1.e.1,Speed of Closure,LV,2.12,8,0.125,1.88,2.37,N,N,08/2019,Analyst
49-2093.00,1.A.1.e.2,Flexibility of Closure,IM,2.88,8,0.125,2.63,3.12,N,,08/2019,Analyst
49-2093.00,1.A.1.e.2,Flexibility of Closure,LV,3.0,8,0.189,2.6296,3.3704,N,N,08/2019,Analyst
49-2093.00,1.A.1.e.3,Perceptual Speed,IM,2.5,8,0.189,2.1296,2.8704,N,,08/2019,Analyst
49-2093.00,1.A.1.e.3,Perceptual Speed,LV,3.0,8,0.189,2.6296,3.3704,N,N,08/2019,Analyst
49-2093.00,1.A.1.f.1,Spatial Orientation,IM,1.62,8,0.183,1.2664,1.9836,N,,08/2019,Analyst
49-2093.00,1.A.1.f.1,Spatial Orientation,LV,1.0,8,0.3273,0.3584,1.6416,N,N,08/2019,Analyst
49-2093.00,1.A.1.f.2,Visualization,IM,3.0,8,0.0,3.0,3.0,N,,08/2019,Analyst
49-2093.00,1.A.1.f.2,Visualization,LV,3.12,8,0.125,2.88,3.37,N,N,08/2019,Analyst
49-2093.00,1.A.1.g.1,Selective Attention,IM,3.0,8,0.0,3.0,3.0,N,,08/2019,Analyst
49-2093.00,1.A.1.g.1,Selective Attention,LV,2.88,8,0.125,2.63,3.12,N,N,08/2019,Analyst
49-2093.00,1.A.1.g.2,Time Sharing,IM,2.5,8,0.189,2.1296,2.8704,N,,08/2019,Analyst
49-2093.00,1.A.1.g.2,Time Sharing,LV,2.38,8,0.183,2.0164,2.7336,N,N,08/2019,Analyst
49-2093.00,1.A.2.a.1,Arm-Hand Steadiness,IM,4.0,8,0.0,4.0,4.0,N,,08/2019,Analyst
49-2093.00,1.A.2.a.1,Arm-Hand Steadiness,LV,3.5,8,0.189,3.1296,3.8704,N,N,08/2019,Analyst
49-2093.00,1.A.2.a.2,Manual Dexterity,IM,3.62,8,0.183,3.2664,3.9836,N,,08/2019,Analyst
49-2093.00,1.A.2.a.2,Manual Dexterity,LV,3.12,8,0.125,2.88,3.37,N,N,08/2019,Analyst
49-2093.00,1.A.2.a.3,Finger Dexterity,IM,3.38,8,0.183,3.0164,3.7336,N,,08/2019,Analyst
49-2093.00,1.A.2.a.3,Finger Dexterity,LV,3.5,8,0.189,3.1296,3.8704,N,N,08/2019,Analyst
49-2093.00,1.A.2.b.1,Control Precision,IM,3.25,8,0.1637,2.9292,3.5708,N,,08/2019,Analyst
49-2093.00,1.A.2.b.1,Control Precision,LV,3.12,8,0.125,2.88,3.37,N,N,08/2019,Analyst
49-2093.00,1.A.2.b.2,Multilimb Coordination,IM,3.25,8,0.1637,2.9292,3.5708,N,,08/2019,Analyst
49-2093.00,1.A.2.b.2,Multilimb Coordination,LV,3.0,8,0.0,3.0,3.0,N,N,08/2019,Analyst
49-2093.00,1.A.2.b.3,Response Orientation,IM,2.0,8,0.0,2.0,2.0,N,,08/2019,Analyst
49-2093.00,1.A.2.b.3,Response Orientation,LV,1.38,8,0.2631,0.8594,1.8906,N,N,08/2019,Analyst
49-2093.00,1.A.2.b.4,Rate Control,IM,1.88,8,0.125,1.63,2.12,N,,08/2019,Analyst
49-2093.00,1.A.2.b.4,Rate Control,LV,1.38,8,0.3239,0.7402,2.0098,N,N,08/2019,Analyst
49-2093.00,1.A.2.c.1,Reaction Time,IM,2.25,8,0.1637,1.9292,2.5708,N,,08/2019,Analyst
49-2093.00,1.A.2.c.1,Reaction Time,LV,2.0,8,0.3273,1.3584,2.6416,N,N,08/2019,Analyst
49-2093.00,1.A.2.c.2,Wrist-Finger Speed,IM,2.0,8,0.0,2.0,2.0,N,,08/2019,Analyst
49-2093.00,1.A.2.c.2,Wrist-Finger Speed,LV,1.38,8,0.183,1.0164,1.7336,N,N,08/2019,Analyst
49-2093.00,1.A.2.c.3,Speed of Limb Movement,IM,1.38,8,0.183,1.0164,1.7336,N,,08/2019,Analyst
49-2093.00,1.A.2.c.3,Speed of Limb Movement,LV,0.38,8,0.183,0.0164,0.7336,N,N,08/2019,Analyst
49-2093.00,1.A.3.a.1,Static Strength,IM,2.12,8,0.125,1.88,2.37,N,,08/2019,Analyst
49-2093.00,1.A.3.a.1,Static Strength,LV,2.12,8,0.125,1.88,2.37,N,N,08/2019,Analyst
49-2093.00,1.A.3.a.2,Explosive Strength,IM,1.75,8,0.25,1.26,2.24,N,,08/2019,Analyst
49-2093.00,1.A.3.a.2,Explosive Strength,LV,1.12,8,0.3981,0.3447,1.9053,N,N,08/2019,Analyst
49-2093.00,1.A.3.a.3,Dynamic Strength,IM,2.12,8,0.125,1.88,2.37,N,,08/2019,Analyst
49-2093.00,1.A.3.a.3,Dynamic Strength,LV,1.5,8,0.2673,0.9762,2.0238,N,N,08/2019,Analyst
49-2093.00,1.A.3.a.4,Trunk Strength,IM,2.88,8,0.2266,2.4309,3.3191,N,,08/2019,Analyst
49-2093.00,1.A.3.a.4,Trunk Strength,LV,3.0,8,0.189,2.6296,3.3704,N,N,08/2019,Analyst
49-2093.00,1.A.3.b.1,Stamina,IM,2.0,8,0.0,2.0,2.0,N,,08/2019,Analyst
49-2093.00,1.A.3.b.1,Stamina,LV,1.88,8,0.2266,1.4309,2.3191,N,N,08/2019,Analyst
49-2093.00,1.A.3.c.1,Extent Flexibility,IM,3.25,8,0.1637,2.9292,3.5708,N,,08/2019,Analyst
49-2093.00,1.A.3.c.1,Extent Flexibility,LV,3.38,8,0.183,3.0164,3.7336,N,N,08/2019,Analyst
49-2093.00,1.A.3.c.2,Dynamic Flexibility,IM,1.0,8,0.0,1.0,1.0,N,,08/2019,Analyst
49-2093.00,1.A.3.c.2,Dynamic Flexibility,LV,0.0,8,0.0,0.0,0.0,N,Y,08/2019,Analyst
49-2093.00,1.A.3.c.3,Gross Body Coordination,IM,2.12,8,0.125,1.88,2.37,N,,08/2019,Analyst
49-2093.00,1.A.3.c.3,Gross Body Coordination,LV,2.12,8,0.125,1.88,2.37,N,N,08/2019,Analyst
49-2093.00,1.A.3.c.4,Gross Body Equilibrium,IM,2.38,8,0.183,2.0164,2.7336,N,,08/2019,Analyst
49-2093.00,1.A.3.c.4,Gross Body Equilibrium,LV,1.88,8,0.295,1.2967,2.4533,N,N,08/2019,Analyst
49-2093.00,1.A.4.a.1,Near Vision,IM,4.0,8,0.0,4.0,4.0,N,,08/2019,Analyst
49-2093.00,1.A.4.a.1,Near Vision,LV,4.0,8,0.0,4.0,4.0,N,N,08/2019,Analyst
49-2093.00,1.A.4.a.2,Far Vision,IM,3.0,8,0.189,2.6296,3.3704,N,,08/2019,Analyst
49-2093.00,1.A.4.a.2,Far Vision,LV,3.0,8,0.189,2.6296,3.3704,N,N,08/2019,Analyst
49-2093.00,1.A.4.a.3,Visual Color Discrimination,IM,3.38,8,0.183,3.0164,3.7336,N,,08/2019,Analyst
49-2093.00,1.A.4.a.3,Visual Color Discrimination,LV,3.38,8,0.183,3.0164,3.7336,N,N,08/2019,Analyst
49-2093.00,1.A.4.a.4,Night Vision,IM,1.62,8,0.183,1.2664,1.9836,N,,08/2019,Analyst
49-2093.00,1.A.4.a.4,Night Vision,LV,0.88,8,0.295,0.2967,1.4533,N,N,08/2019,Analyst
49-2093.00,1.A.4.a.5,Peripheral Vision,IM,1.62,8,0.183,1.2664,1.9836,N,,08/2019,Analyst
49-2093.00,1.A.4.a.5,Peripheral Vision,LV,0.88,8,0.295,0.2967,1.4533,N,N,08/2019,Analyst
49-2093.00,1.A.4.a.6,Depth Perception,IM,2.62,8,0.183,2.2664,2.9836,N,,08/2019,Analyst
49-2093.00,1.A.4.a.6,Depth Perception,LV,2.38,8,0.183,2.0164,2.7336,N,N,08/2019,Analyst
49-2093.00,1.A.4.a.7,Glare Sensitivity,IM,1.62,8,0.183,1.2664,1.9836,N,,08/2019,Analyst
49-2093.00,1.A.4.a.7,Glare Sensitivity,LV,1.0,8,0.3273,0.3584,1.6416,N,N,08/2019,Analyst
49-2093.00,1.A.4.b.1,Hearing Sensitivity,IM,2.38,8,0.183,2.0164,2.7336,N,,08/2019,Analyst
49-2093.00,1.A.4.b.1,Hearing Sensitivity,LV,2.25,8,0.1637,1.9292,2.5708,N,N,08/2019,Analyst
49-2093.00,1.A.4.b.2,Auditory Attention,IM,2.38,8,0.183,2.0164,2.7336,N,,08/2019,Analyst
49-2093.00,1.A.4.b.2,Auditory Attention,LV,2.12,8,0.125,1.88,2.37,N,N,08/2019,Analyst
49-2093.00,1.A.4.b.3,Sound Localization,IM,1.62,8,0.183,1.2664,1.9836,N,,08/2019,Analyst
49-2093.00,1.A.4.b.3,Sound Localization,LV,1.0,8,0.3273,0.3584,1.6416,N,N,08/2019,Analyst
49-2093.00,1.A.4.b.4,Speech Recognition,IM,2.88,8,0.125,2.63,3.12,N,,08/2019,Analyst
49-2093.00,1.A.4.b.4,Speech Recognition,LV,3.0,8,0.0,3.0,3.0,N,N,08/2019,Analyst
49-2093.00,1.A.4.b.5,Speech Clarity,IM,3.0,8,0.0,3.0,3.0,N,,08/2019,Analyst
49-2093.00,1.A.4.b.5,Speech Clarity,LV,3.0,8,0.0,3.0,3.0,N,N,08/2019,Analyst
49-2094.00,1.A.1.a.1,Oral Comprehension,IM,3.75,8,0.1637,3.4292,4.0708,N,,08/2021,Analyst
49-2094.00,1.A.1.a.1,Oral Comprehension,LV,4.0,8,0.0,4.0,4.0,N,N,08/2021,Analyst
49-2094.00,1.A.1.a.2,Written Comprehension,IM,3.12,8,0.125,2.88,3.37,N,,08/2021,Analyst
49-2094.00,1.A.1.a.2,Written Comprehension,LV,3.62,8,0.183,3.2664,3.9836,N,N,08/2021,Analyst
49-2094.00,1.A.1.a.3,Oral Expression,IM,3.12,8,0.125,2.88,3.37,N,,08/2021,Analyst
49-2094.00,1.A.1.a.3,Oral Expression,LV,3.88,8,0.125,3.63,4.12,N,N,08/2021,Analyst
49-2094.00,1.A.1.a.4,Written Expression,IM,3.0,8,0.0,3.0,3.0,N,,08/2021,Analyst
49-2094.00,1.A.1.a.4,Written Expression,LV,3.0,8,0.0,3.0,3.0,N,N,08/2021,Analyst
49-2094.00,1.A.1.b.1,Fluency of Ideas,IM,3.0,8,0.0,3.0,3.0,N,,08/2021,Analyst
49-2094.00,1.A.1.b.1,Fluency of Ideas,LV,3.0,8,0.0,3.0,3.0,N,N,08/2021,Analyst
49-2094.00,1.A.1.b.2,Originality,IM,3.0,8,0.0,3.0,3.0,N,,08/2021,Analyst
49-2094.00,1.A.1.b.2,Originality,LV,3.0,8,0.0,3.0,3.0,N,N,08/2021,Analyst
49-2094.00,1.A.1.b.3,Problem Sensitivity,IM,3.88,8,0.125,3.63,4.12,N,,08/2021,Analyst
49-2094.00,1.A.1.b.3,Problem Sensitivity,LV,4.0,8,0.0,4.0,4.0,N,N,08/2021,Analyst
49-2094.00,1.A.1.b.4,Deductive Reasoning,IM,3.75,8,0.1637,3.4292,4.0708,N,,08/2021,Analyst
49-2094.00,1.A.1.b.4,Deductive Reasoning,LV,3.88,8,0.125,3.63,4.12,N,N,08/2021,Analyst
49-2094.00,1.A.1.b.5,Inductive Reasoning,IM,3.12,8,0.125,2.88,3.37,N,,08/2021,Analyst
49-2094.00,1.A.1.b.5,Inductive Reasoning,LV,3.62,8,0.183,3.2664,3.9836,N,N,08/2021,Analyst
49-2094.00,1.A.1.b.6,Information Ordering,IM,3.88,8,0.125,3.63,4.12,N,,08/2021,Analyst
49-2094.00,1.A.1.b.6,Information Ordering,LV,4.0,8,0.0,4.0,4.0,N,N,08/2021,Analyst
49-2094.00,1.A.1.b.7,Category Flexibility,IM,3.12,8,0.125,2.88,3.37,N,,08/2021,Analyst
49-2094.00,1.A.1.b.7,Category Flexibility,LV,3.75,8,0.1637,3.4292,4.0708,N,N,08/2021,Analyst
49-2094.00,1.A.1.c.1,Mathematical Reasoning,IM,2.88,8,0.125,2.63,3.12,N,,08/2021,Analyst
49-2094.00,1.A.1.c.1,Mathematical Reasoning,LV,2.88,8,0.125,2.63,3.12,N,N,08/2021,Analyst
49-2094.00,1.A.1.c.2,Number Facility,IM,2.75,8,0.1637,2.4292,3.0708,N,,08/2021,Analyst
49-2094.00,1.A.1.c.2,Number Facility,LV,2.88,8,0.125,2.63,3.12,N,N,08/2021,Analyst
49-2094.00,1.A.1.d.1,Memorization,IM,2.75,8,0.1637,2.4292,3.0708,N,,08/2021,Analyst
49-2094.00,1.A.1.d.1,Memorization,LV,3.0,8,0.0,3.0,3.0,N,N,08/2021,Analyst
49-2094.00,1.A.1.e.1,Speed of Closure,IM,2.62,8,0.183,2.2664,2.9836,N,,08/2021,Analyst
49-2094.00,1.A.1.e.1,Speed of Closure,LV,2.75,8,0.1637,2.4292,3.0708,N,N,08/2021,Analyst
49-2094.00,1.A.1.e.2,Flexibility of Closure,IM,3.25,8,0.1637,2.9292,3.5708,N,,08/2021,Analyst
49-2094.00,1.A.1.e.2,Flexibility of Closure,LV,3.75,8,0.1637,3.4292,4.0708,N,N,08/2021,Analyst
49-2094.00,1.A.1.e.3,Perceptual Speed,IM,3.25,8,0.1637,2.9292,3.5708,N,,08/2021,Analyst
49-2094.00,1.A.1.e.3,Perceptual Speed,LV,3.75,8,0.1637,3.4292,4.0708,N,N,08/2021,Analyst
49-2094.00,1.A.1.f.1,Spatial Orientation,IM,1.5,8,0.189,1.1296,1.8704,N,,08/2021,Analyst
49-2094.00,1.A.1.f.1,Spatial Orientation,LV,1.0,8,0.378,0.2592,1.7408,N,N,08/2021,Analyst
49-2094.00,1.A.1.f.2,Visualization,IM,3.25,8,0.1637,2.9292,3.5708,N,,08/2021,Analyst
49-2094.00,1.A.1.f.2,Visualization,LV,3.75,8,0.1637,3.4292,4.0708,N,N,08/2021,Analyst
49-2094.00,1.A.1.g.1,Selective Attention,IM,3.0,8,0.0,3.0,3.0,N,,08/2021,Analyst
49-2094.00,1.A.1.g.1,Selective Attention,LV,3.0,8,0.0,3.0,3.0,N,N,08/2021,Analyst
49-2094.00,1.A.1.g.2,Time Sharing,IM,2.25,8,0.1637,1.9292,2.5708,N,,08/2021,Analyst
49-2094.00,1.A.1.g.2,Time Sharing,LV,2.12,8,0.125,1.88,2.37,N,N,08/2021,Analyst
49-2094.00,1.A.2.a.1,Arm-Hand Steadiness,IM,3.75,8,0.1637,3.4292,4.0708,N,,08/2021,Analyst
49-2094.00,1.A.2.a.1,Arm-Hand Steadiness,LV,3.25,8,0.1637,2.9292,3.5708,N,N,08/2021,Analyst
49-2094.00,1.A.2.a.2,Manual Dexterity,IM,3.62,8,0.183,3.2664,3.9836,N,,08/2021,Analyst
49-2094.00,1.A.2.a.2,Manual Dexterity,LV,3.75,8,0.1637,3.4292,4.0708,N,N,08/2021,Analyst
49-2094.00,1.A.2.a.3,Finger Dexterity,IM,3.62,8,0.183,3.2664,3.9836,N,,08/2021,Analyst
49-2094.00,1.A.2.a.3,Finger Dexterity,LV,3.88,8,0.125,3.63,4.12,N,N,08/2021,Analyst
49-2094.00,1.A.2.b.1,Control Precision,IM,3.0,8,0.0,3.0,3.0,N,,08/2021,Analyst
49-2094.00,1.A.2.b.1,Control Precision,LV,3.12,8,0.125,2.88,3.37,N,N,08/2021,Analyst
49-2094.00,1.A.2.b.2,Multilimb Coordination,IM,2.62,8,0.183,2.2664,2.9836,N,,08/2021,Analyst
49-2094.00,1.A.2.b.2,Multilimb Coordination,LV,2.62,8,0.183,2.2664,2.9836,N,N,08/2021,Analyst
49-2094.00,1.A.2.b.3,Response Orientation,IM,2.25,8,0.3134,1.6358,2.8642,N,,08/2021,Analyst
49-2094.00,1.A.2.b.3,Response Orientation,LV,2.0,8,0.4629,1.0927,2.9073,N,N,08/2021,Analyst
49-2094.00,1.A.2.b.4,Rate Control,IM,2.5,8,0.189,2.1296,2.8704,N,,08/2021,Analyst
49-2094.00,1.A.2.b.4,Rate Control,LV,2.38,8,0.2631,1.8594,2.8906,N,N,08/2021,Analyst
49-2094.00,1.A.2.c.1,Reaction Time,IM,2.62,8,0.183,2.2664,2.9836,N,,08/2021,Analyst
49-2094.00,1.A.2.c.1,Reaction Time,LV,2.75,8,0.1637,2.4292,3.0708,N,N,08/2021,Analyst
49-2094.00,1.A.2.c.2,Wrist-Finger Speed,IM,2.5,8,0.189,2.1296,2.8704,N,,08/2021,Analyst
49-2094.00,1.A.2.c.2,Wrist-Finger Speed,LV,2.0,8,0.0,2.0,2.0,N,N,08/2021,Analyst
49-2094.00,1.A.2.c.3,Speed of Limb Movement,IM,1.62,8,0.183,1.2664,1.9836,N,,08/2021,Analyst
49-2094.00,1.A.2.c.3,Speed of Limb Movement,LV,1.25,8,0.366,0.5327,1.9673,N,N,08/2021,Analyst
49-2094.00,1.A.3.a.1,Static Strength,IM,2.75,8,0.1637,2.4292,3.0708,N,,08/2021,Analyst
49-2094.00,1.A.3.a.1,Static Strength,LV,2.5,8,0.189,2.1296,2.8704,N,N,08/2021,Analyst
49-2094.00,1.A.3.a.2,Explosive Strength,IM,1.62,8,0.183,1.2664,1.9836,N,,08/2021,Analyst
49-2094.00,1.A.3.a.2,Explosive Strength,LV,0.88,8,0.295,0.2967,1.4533,N,N,08/2021,Analyst
49-2094.00,1.A.3.a.3,Dynamic Strength,IM,2.12,8,0.125,1.88,2.37,N,,08/2021,Analyst
49-2094.00,1.A.3.a.3,Dynamic Strength,LV,2.0,8,0.0,2.0,2.0,N,N,08/2021,Analyst
49-2094.00,1.A.3.a.4,Trunk Strength,IM,2.25,8,0.1637,1.9292,2.5708,N,,08/2021,Analyst
49-2094.00,1.A.3.a.4,Trunk Strength,LV,2.75,8,0.1637,2.4292,3.0708,N,N,08/2021,Analyst
49-2094.00,1.A.3.b.1,Stamina,IM,2.0,8,0.0,2.0,2.0,N,,08/2021,Analyst
49-2094.00,1.A.3.b.1,Stamina,LV,2.0,8,0.0,2.0,2.0,N,N,08/2021,Analyst
49-2094.00,1.A.3.c.1,Extent Flexibility,IM,2.88,8,0.125,2.63,3.12,N,,08/2021,Analyst
49-2094.00,1.A.3.c.1,Extent Flexibility,LV,3.12,8,0.125,2.88,3.37,N,N,08/2021,Analyst
49-2094.00,1.A.3.c.2,Dynamic Flexibility,IM,1.0,8,0.0,1.0,1.0,N,,08/2021,Analyst
49-2094.00,1.A.3.c.2,Dynamic Flexibility,LV,0.0,8,0.0,0.0,0.0,N,Y,08/2021,Analyst
49-2094.00,1.A.3.c.3,Gross Body Coordination,IM,2.0,8,0.0,2.0,2.0,N,,08/2021,Analyst
49-2094.00,1.A.3.c.3,Gross Body Coordination,LV,2.0,8,0.0,2.0,2.0,N,N,08/2021,Analyst
49-2094.00,1.A.3.c.4,Gross Body Equilibrium,IM,2.12,8,0.125,1.88,2.37,N,,08/2021,Analyst
49-2094.00,1.A.3.c.4,Gross Body Equilibrium,LV,2.0,8,0.0,2.0,2.0,N,N,08/2021,Analyst
49-2094.00,1.A.4.a.1,Near Vision,IM,3.88,8,0.125,3.63,4.12,N,,08/2021,Analyst
49-2094.00,1.A.4.a.1,Near Vision,LV,4.12,8,0.125,3.88,4.37,N,N,08/2021,Analyst
49-2094.00,1.A.4.a.2,Far Vision,IM,3.0,8,0.0,3.0,3.0,N,,08/2021,Analyst
49-2094.00,1.A.4.a.2,Far Vision,LV,3.0,8,0.189,2.6296,3.3704,N,N,08/2021,Analyst
49-2094.00,1.A.4.a.3,Visual Color Discrimination,IM,3.25,8,0.1637,2.9292,3.5708,N,,08/2021,Analyst
49-2094.00,1.A.4.a.3,Visual Color Discrimination,LV,3.88,8,0.125,3.63,4.12,N,N,08/2021,Analyst
49-2094.00,1.A.4.a.4,Night Vision,IM,1.5,8,0.189,1.1296,1.8704,N,,08/2021,Analyst
49-2094.00,1.A.4.a.4,Night Vision,LV,1.0,8,0.378,0.2592,1.7408,N,N,08/2021,Analyst
49-2094.00,1.A.4.a.5,Peripheral Vision,IM,1.5,8,0.189,1.1296,1.8704,N,,08/2021,Analyst
49-2094.00,1.A.4.a.5,Peripheral Vision,LV,1.0,8,0.378,0.2592,1.7408,N,N,08/2021,Analyst
49-2094.00,1.A.4.a.6,Depth Perception,IM,2.62,8,0.183,2.2664,2.9836,N,,08/2021,Analyst
49-2094.00,1.A.4.a.6,Depth Perception,LV,2.5,8,0.189,2.1296,2.8704,N,N,08/2021,Analyst
49-2094.00,1.A.4.a.7,Glare Sensitivity,IM,1.5,8,0.189,1.1296,1.8704,N,,08/2021,Analyst
49-2094.00,1.A.4.a.7,Glare Sensitivity,LV,1.0,8,0.378,0.2592,1.7408,N,N,08/2021,Analyst
49-2094.00,1.A.4.b.1,Hearing Sensitivity,IM,2.88,8,0.125,2.63,3.12,N,,08/2021,Analyst
49-2094.00,1.A.4.b.1,Hearing Sensitivity,LV,3.0,8,0.0,3.0,3.0,N,N,08/2021,Analyst
49-2094.00,1.A.4.b.2,Auditory Attention,IM,2.62,8,0.183,2.2664,2.9836,N,,08/2021,Analyst
49-2094.00,1.A.4.b.2,Auditory Attention,LV,2.88,8,0.125,2.63,3.12,N,N,08/2021,Analyst
49-2094.00,1.A.4.b.3,Sound Localization,IM,1.62,8,0.183,1.2664,1.9836,N,,08/2021,Analyst
49-2094.00,1.A.4.b.3,Sound Localization,LV,1.25,8,0.366,0.5327,1.9673,N,N,08/2021,Analyst
49-2094.00,1.A.4.b.4,Speech Recognition,IM,3.0,8,0.0,3.0,3.0,N,,08/2021,Analyst
49-2094.00,1.A.4.b.4,Speech Recognition,LV,3.0,8,0.0,3.0,3.0,N,N,08/2021,Analyst
49-2094.00,1.A.4.b.5,Speech Clarity,IM,3.0,8,0.0,3.0,3.0,N,,08/2021,Analyst
49-2094.00,1.A.4.b.5,Speech Clarity,LV,3.0,8,0.0,3.0,3.0,N,N,08/2021,Analyst
49-2095.00,1.A.1.a.1,Oral Comprehension,IM,3.75,8,0.1637,3.4292,4.0708,N,,07/2017,Analyst
49-2095.00,1.A.1.a.1,Oral Comprehension,LV,3.88,8,0.125,3.63,4.12,N,N,07/2017,Analyst
49-2095.00,1.A.1.a.2,Written Comprehension,IM,3.62,8,0.183,3.2664,3.9836,N,,07/2017,Analyst
49-2095.00,1.A.1.a.2,Written Comprehension,LV,3.5,8,0.189,3.1296,3.8704,N,N,07/2017,Analyst
49-2095.00,1.A.1.a.3,Oral Expression,IM,3.62,8,0.183,3.2664,3.9836,N,,07/2017,Analyst
49-2095.00,1.A.1.a.3,Oral Expression,LV,3.88,8,0.125,3.63,4.12,N,N,07/2017,Analyst
49-2095.00,1.A.1.a.4,Written Expression,IM,3.12,8,0.125,2.88,3.37,N,,07/2017,Analyst
49-2095.00,1.A.1.a.4,Written Expression,LV,3.25,8,0.1637,2.9292,3.5708,N,N,07/2017,Analyst
49-2095.00,1.A.1.b.1,Fluency of Ideas,IM,2.62,8,0.183,2.2664,2.9836,N,,07/2017,Analyst
49-2095.00,1.A.1.b.1,Fluency of Ideas,LV,2.88,8,0.125,2.63,3.12,N,N,07/2017,Analyst
49-2095.00,1.A.1.b.2,Originality,IM,2.75,8,0.1637,2.4292,3.0708,N,,07/2017,Analyst
49-2095.00,1.A.1.b.2,Originality,LV,3.0,8,0.0,3.0,3.0,N,N,07/2017,Analyst
49-2095.00,1.A.1.b.3,Problem Sensitivity,IM,3.75,8,0.1637,3.4292,4.0708,N,,07/2017,Analyst
49-2095.00,1.A.1.b.3,Problem Sensitivity,LV,3.25,8,0.1637,2.9292,3.5708,N,N,07/2017,Analyst
49-2095.00,1.A.1.b.4,Deductive Reasoning,IM,3.12,8,0.125,2.88,3.37,N,,07/2017,Analyst
49-2095.00,1.A.1.b.4,Deductive Reasoning,LV,3.0,8,0.0,3.0,3.0,N,N,07/2017,Analyst
49-2095.00,1.A.1.b.5,Inductive Reasoning,IM,3.12,8,0.125,2.88,3.37,N,,07/2017,Analyst
49-2095.00,1.A.1.b.5,Inductive Reasoning,LV,3.0,8,0.0,3.0,3.0,N,N,07/2017,Analyst
49-2095.00,1.A.1.b.6,Information Ordering,IM,3.5,8,0.189,3.1296,3.8704,N,,07/2017,Analyst
49-2095.00,1.A.1.b.6,Information Ordering,LV,3.12,8,0.125,2.88,3.37,N,N,07/2017,Analyst
49-2095.00,1.A.1.b.7,Category Flexibility,IM,3.0,8,0.0,3.0,3.0,N,,07/2017,Analyst
49-2095.00,1.A.1.b.7,Category Flexibility,LV,3.0,8,0.0,3.0,3.0,N,N,07/2017,Analyst
49-2095.00,1.A.1.c.1,Mathematical Reasoning,IM,2.88,8,0.2266,2.4309,3.3191,N,,07/2017,Analyst
49-2095.00,1.A.1.c.1,Mathematical Reasoning,LV,2.88,8,0.125,2.63,3.12,N,N,07/2017,Analyst
49-2095.00,1.A.1.c.2,Number Facility,IM,2.75,8,0.1637,2.4292,3.0708,N,,07/2017,Analyst
49-2095.00,1.A.1.c.2,Number Facility,LV,2.75,8,0.1637,2.4292,3.0708,N,N,07/2017,Analyst
49-2095.00,1.A.1.d.1,Memorization,IM,2.75,8,0.1637,2.4292,3.0708,N,,07/2017,Analyst
49-2095.00,1.A.1.d.1,Memorization,LV,2.75,8,0.1637,2.4292,3.0708,N,N,07/2017,Analyst
49-2095.00,1.A.1.e.1,Speed of Closure,IM,2.5,8,0.189,2.1296,2.8704,N,,07/2017,Analyst
49-2095.00,1.A.1.e.1,Speed of Closure,LV,2.12,8,0.125,1.88,2.37,N,N,07/2017,Analyst
49-2095.00,1.A.1.e.2,Flexibility of Closure,IM,3.12,8,0.125,2.88,3.37,N,,07/2017,Analyst
49-2095.00,1.A.1.e.2,Flexibility of Closure,LV,3.12,8,0.125,2.88,3.37,N,N,07/2017,Analyst
49-2095.00,1.A.1.e.3,Perceptual Speed,IM,3.12,8,0.125,2.88,3.37,N,,07/2017,Analyst
49-2095.00,1.A.1.e.3,Perceptual Speed,LV,3.12,8,0.125,2.88,3.37,N,N,07/2017,Analyst
49-2095.00,1.A.1.f.1,Spatial Orientation,IM,2.0,8,0.0,2.0,2.0,N,,07/2017,Analyst
49-2095.00,1.A.1.f.1,Spatial Orientation,LV,1.25,8,0.1637,0.9292,1.5708,N,N,07/2017,Analyst
49-2095.00,1.A.1.f.2,Visualization,IM,3.0,8,0.0,3.0,3.0,N,,07/2017,Analyst
49-2095.00,1.A.1.f.2,Visualization,LV,3.25,8,0.1637,2.9292,3.5708,N,N,07/2017,Analyst
49-2095.00,1.A.1.g.1,Selective Attention,IM,3.0,8,0.0,3.0,3.0,N,,07/2017,Analyst
49-2095.00,1.A.1.g.1,Selective Attention,LV,3.0,8,0.0,3.0,3.0,N,N,07/2017,Analyst
49-2095.00,1.A.1.g.2,Time Sharing,IM,2.5,8,0.189,2.1296,2.8704,N,,07/2017,Analyst
49-2095.00,1.A.1.g.2,Time Sharing,LV,2.75,8,0.1637,2.4292,3.0708,N,N,07/2017,Analyst
49-2095.00,1.A.2.a.1,Arm-Hand Steadiness,IM,3.75,8,0.1637,3.4292,4.0708,N,,07/2017,Analyst
49-2095.00,1.A.2.a.1,Arm-Hand Steadiness,LV,3.25,8,0.1637,2.9292,3.5708,N,N,07/2017,Analyst
49-2095.00,1.A.2.a.2,Manual Dexterity,IM,3.12,8,0.125,2.88,3.37,N,,07/2017,Analyst
49-2095.00,1.A.2.a.2,Manual Dexterity,LV,3.12,8,0.125,2.88,3.37,N,N,07/2017,Analyst
49-2095.00,1.A.2.a.3,Finger Dexterity,IM,3.25,8,0.1637,2.9292,3.5708,N,,07/2017,Analyst
49-2095.00,1.A.2.a.3,Finger Dexterity,LV,3.12,8,0.125,2.88,3.37,N,N,07/2017,Analyst
49-2095.00,1.A.2.b.1,Control Precision,IM,3.25,8,0.1637,2.9292,3.5708,N,,07/2017,Analyst
49-2095.00,1.A.2.b.1,Control Precision,LV,3.25,8,0.1637,2.9292,3.5708,N,N,07/2017,Analyst
49-2095.00,1.A.2.b.2,Multilimb Coordination,IM,2.62,8,0.183,2.2664,2.9836,N,,07/2017,Analyst
49-2095.00,1.A.2.b.2,Multilimb Coordination,LV,2.88,8,0.125,2.63,3.12,N,N,07/2017,Analyst
49-2095.00,1.A.2.b.3,Response Orientation,IM,2.12,8,0.125,1.88,2.37,N,,07/2017,Analyst
49-2095.00,1.A.2.b.3,Response Orientation,LV,1.88,8,0.125,1.63,2.12,N,N,07/2017,Analyst
49-2095.00,1.A.2.b.4,Rate Control,IM,2.0,8,0.0,2.0,2.0,N,,07/2017,Analyst
49-2095.00,1.A.2.b.4,Rate Control,LV,1.88,8,0.125,1.63,2.12,N,N,07/2017,Analyst
49-2095.00,1.A.2.c.1,Reaction Time,IM,2.25,8,0.1637,1.9292,2.5708,N,,07/2017,Analyst
49-2095.00,1.A.2.c.1,Reaction Time,LV,2.38,8,0.183,2.0164,2.7336,N,N,07/2017,Analyst
49-2095.00,1.A.2.c.2,Wrist-Finger Speed,IM,2.25,8,0.1637,1.9292,2.5708,N,,07/2017,Analyst
49-2095.00,1.A.2.c.2,Wrist-Finger Speed,LV,2.0,8,0.0,2.0,2.0,N,N,07/2017,Analyst
49-2095.00,1.A.2.c.3,Speed of Limb Movement,IM,1.75,8,0.1637,1.4292,2.0708,N,,07/2017,Analyst
49-2095.00,1.A.2.c.3,Speed of Limb Movement,LV,1.0,8,0.2673,0.4762,1.5238,N,N,07/2017,Analyst
49-2095.00,1.A.3.a.1,Static Strength,IM,2.12,8,0.125,1.88,2.37,N,,07/2017,Analyst
49-2095.00,1.A.3.a.1,Static Strength,LV,2.12,8,0.125,1.88,2.37,N,N,07/2017,Analyst
49-2095.00,1.A.3.a.2,Explosive Strength,IM,1.62,8,0.183,1.2664,1.9836,N,,07/2017,Analyst
49-2095.00,1.A.3.a.2,Explosive Strength,LV,1.12,8,0.3981,0.3447,1.9053,N,N,07/2017,Analyst
49-2095.00,1.A.3.a.3,Dynamic Strength,IM,2.0,8,0.0,2.0,2.0,N,,07/2017,Analyst
49-2095.00,1.A.3.a.3,Dynamic Strength,LV,2.25,8,0.1637,1.9292,2.5708,N,N,07/2017,Analyst
49-2095.00,1.A.3.a.4,Trunk Strength,IM,2.88,8,0.125,2.63,3.12,N,,07/2017,Analyst
49-2095.00,1.A.3.a.4,Trunk Strength,LV,2.5,8,0.189,2.1296,2.8704,N,N,07/2017,Analyst
49-2095.00,1.A.3.b.1,Stamina,IM,2.0,8,0.0,2.0,2.0,N,,07/2017,Analyst
49-2095.00,1.A.3.b.1,Stamina,LV,2.12,8,0.125,1.88,2.37,N,N,07/2017,Analyst
49-2095.00,1.A.3.c.1,Extent Flexibility,IM,2.75,8,0.1637,2.4292,3.0708,N,,07/2017,Analyst
49-2095.00,1.A.3.c.1,Extent Flexibility,LV,2.75,8,0.1637,2.4292,3.0708,N,N,07/2017,Analyst
49-2095.00,1.A.3.c.2,Dynamic Flexibility,IM,1.0,8,0.0,1.0,1.0,N,,07/2017,Analyst
49-2095.00,1.A.3.c.2,Dynamic Flexibility,LV,0.0,8,0.0,0.0,0.0,N,Y,07/2017,Analyst
49-2095.00,1.A.3.c.3,Gross Body Coordination,IM,2.25,8,0.1637,1.9292,2.5708,N,,07/2017,Analyst
49-2095.00,1.A.3.c.3,Gross Body Coordination,LV,2.25,8,0.1637,1.9292,2.5708,N,N,07/2017,Analyst
49-2095.00,1.A.3.c.4,Gross Body Equilibrium,IM,2.5,8,0.189,2.1296,2.8704,N,,07/2017,Analyst
49-2095.00,1.A.3.c.4,Gross Body Equilibrium,LV,2.25,8,0.1637,1.9292,2.5708,N,N,07/2017,Analyst
49-2095.00,1.A.4.a.1,Near Vision,IM,3.88,8,0.125,3.63,4.12,N,,07/2017,Analyst
49-2095.00,1.A.4.a.1,Near Vision,LV,4.0,8,0.0,4.0,4.0,N,N,07/2017,Analyst
49-2095.00,1.A.4.a.2,Far Vision,IM,3.0,8,0.0,3.0,3.0,N,,07/2017,Analyst
49-2095.00,1.A.4.a.2,Far Vision,LV,3.0,8,0.0,3.0,3.0,N,N,07/2017,Analyst
49-2095.00,1.A.4.a.3,Visual Color Discrimination,IM,3.25,8,0.1637,2.9292,3.5708,N,,07/2017,Analyst
49-2095.00,1.A.4.a.3,Visual Color Discrimination,LV,3.62,8,0.183,3.2664,3.9836,N,N,07/2017,Analyst
49-2095.00,1.A.4.a.4,Night Vision,IM,2.0,8,0.0,2.0,2.0,N,,07/2017,Analyst
49-2095.00,1.A.4.a.4,Night Vision,LV,1.12,8,0.125,0.88,1.37,N,N,07/2017,Analyst
49-2095.00,1.A.4.a.5,Peripheral Vision,IM,2.0,8,0.0,2.0,2.0,N,,07/2017,Analyst
49-2095.00,1.A.4.a.5,Peripheral Vision,LV,1.0,8,0.0,1.0,1.0,N,N,07/2017,Analyst
49-2095.00,1.A.4.a.6,Depth Perception,IM,2.62,8,0.183,2.2664,2.9836,N,,07/2017,Analyst
49-2095.00,1.A.4.a.6,Depth Perception,LV,2.75,8,0.1637,2.4292,3.0708,N,N,07/2017,Analyst
49-2095.00,1.A.4.a.7,Glare Sensitivity,IM,2.0,8,0.0,2.0,2.0,N,,07/2017,Analyst
49-2095.00,1.A.4.a.7,Glare Sensitivity,LV,1.75,8,0.25,1.26,2.24,N,N,07/2017,Analyst
49-2095.00,1.A.4.b.1,Hearing Sensitivity,IM,2.38,8,0.183,2.0164,2.7336,N,,07/2017,Analyst
49-2095.00,1.A.4.b.1,Hearing Sensitivity,LV,2.38,8,0.183,2.0164,2.7336,N,N,07/2017,Analyst
49-2095.00,1.A.4.b.2,Auditory Attention,IM,2.75,8,0.1637,2.4292,3.0708,N,,07/2017,Analyst
49-2095.00,1.A.4.b.2,Auditory Attention,LV,2.5,8,0.189,2.1296,2.8704,N,N,07/2017,Analyst
49-2095.00,1.A.4.b.3,Sound Localization,IM,2.0,8,0.0,2.0,2.0,N,,07/2017,Analyst
49-2095.00,1.A.4.b.3,Sound Localization,LV,1.25,8,0.1637,0.9292,1.5708,N,N,07/2017,Analyst
49-2095.00,1.A.4.b.4,Speech Recognition,IM,2.88,8,0.125,2.63,3.12,N,,07/2017,Analyst
49-2095.00,1.A.4.b.4,Speech Recognition,LV,2.88,8,0.125,2.63,3.12,N,N,07/2017,Analyst
49-2095.00,1.A.4.b.5,Speech Clarity,IM,2.88,8,0.125,2.63,3.12,N,,07/2017,Analyst
49-2095.00,1.A.4.b.5,Speech Clarity,LV,3.0,8,0.0,3.0,3.0,N,N,07/2017,Analyst
49-2096.00,1.A.1.a.1,Oral Comprehension,IM,3.5,8,0.189,3.1296,3.8704,N,,07/2016,Analyst
49-2096.00,1.A.1.a.1,Oral Comprehension,LV,3.88,8,0.125,3.63,4.12,N,N,07/2016,Analyst
49-2096.00,1.A.1.a.2,Written Comprehension,IM,3.12,8,0.125,2.88,3.37,N,,07/2016,Analyst
49-2096.00,1.A.1.a.2,Written Comprehension,LV,3.0,8,0.0,3.0,3.0,N,N,07/2016,Analyst
49-2096.00,1.A.1.a.3,Oral Expression,IM,3.38,8,0.183,3.0164,3.7336,N,,07/2016,Analyst
49-2096.00,1.A.1.a.3,Oral Expression,LV,3.0,8,0.0,3.0,3.0,N,N,07/2016,Analyst
49-2096.00,1.A.1.a.4,Written Expression,IM,2.88,8,0.125,2.63,3.12,N,,07/2016,Analyst
49-2096.00,1.A.1.a.4,Written Expression,LV,3.0,8,0.0,3.0,3.0,N,N,07/2016,Analyst
49-2096.00,1.A.1.b.1,Fluency of Ideas,IM,3.0,8,0.0,3.0,3.0,N,,07/2016,Analyst
49-2096.00,1.A.1.b.1,Fluency of Ideas,LV,3.0,8,0.0,3.0,3.0,N,N,07/2016,Analyst
49-2096.00,1.A.1.b.2,Originality,IM,2.88,8,0.125,2.63,3.12,N,,07/2016,Analyst
49-2096.00,1.A.1.b.2,Originality,LV,2.88,8,0.125,2.63,3.12,N,N,07/2016,Analyst
49-2096.00,1.A.1.b.3,Problem Sensitivity,IM,3.62,8,0.183,3.2664,3.9836,N,,07/2016,Analyst
49-2096.00,1.A.1.b.3,Problem Sensitivity,LV,3.12,8,0.125,2.88,3.37,N,N,07/2016,Analyst
49-2096.00,1.A.1.b.4,Deductive Reasoning,IM,3.62,8,0.183,3.2664,3.9836,N,,07/2016,Analyst
49-2096.00,1.A.1.b.4,Deductive Reasoning,LV,3.12,8,0.125,2.88,3.37,N,N,07/2016,Analyst
49-2096.00,1.A.1.b.5,Inductive Reasoning,IM,3.5,8,0.189,3.1296,3.8704,N,,07/2016,Analyst
49-2096.00,1.A.1.b.5,Inductive Reasoning,LV,3.12,8,0.125,2.88,3.37,N,N,07/2016,Analyst
49-2096.00,1.A.1.b.6,Information Ordering,IM,3.25,8,0.1637,2.9292,3.5708,N,,07/2016,Analyst
49-2096.00,1.A.1.b.6,Information Ordering,LV,3.25,8,0.1637,2.9292,3.5708,N,N,07/2016,Analyst
49-2096.00,1.A.1.b.7,Category Flexibility,IM,3.12,8,0.125,2.88,3.37,N,,07/2016,Analyst
49-2096.00,1.A.1.b.7,Category Flexibility,LV,3.25,8,0.1637,2.9292,3.5708,N,N,07/2016,Analyst
49-2096.00,1.A.1.c.1,Mathematical Reasoning,IM,2.25,8,0.1637,1.9292,2.5708,N,,07/2016,Analyst
49-2096.00,1.A.1.c.1,Mathematical Reasoning,LV,2.38,8,0.183,2.0164,2.7336,N,N,07/2016,Analyst
49-2096.00,1.A.1.c.2,Number Facility,IM,2.25,8,0.1637,1.9292,2.5708,N,,07/2016,Analyst
49-2096.00,1.A.1.c.2,Number Facility,LV,2.25,8,0.1637,1.9292,2.5708,N,N,07/2016,Analyst
49-2096.00,1.A.1.d.1,Memorization,IM,2.0,8,0.0,2.0,2.0,N,,07/2016,Analyst
49-2096.00,1.A.1.d.1,Memorization,LV,2.12,8,0.125,1.88,2.37,N,N,07/2016,Analyst
49-2096.00,1.A.1.e.1,Speed of Closure,IM,2.62,8,0.183,2.2664,2.9836,N,,07/2016,Analyst
49-2096.00,1.A.1.e.1,Speed of Closure,LV,2.25,8,0.1637,1.9292,2.5708,N,N,07/2016,Analyst
49-2096.00,1.A.1.e.2,Flexibility of Closure,IM,3.0,8,0.189,2.6296,3.3704,N,,07/2016,Analyst
49-2096.00,1.A.1.e.2,Flexibility of Closure,LV,2.88,8,0.125,2.63,3.12,N,N,07/2016,Analyst
49-2096.00,1.A.1.e.3,Perceptual Speed,IM,2.88,8,0.125,2.63,3.12,N,,07/2016,Analyst
49-2096.00,1.A.1.e.3,Perceptual Speed,LV,2.88,8,0.125,2.63,3.12,N,N,07/2016,Analyst
49-2096.00,1.A.1.f.1,Spatial Orientation,IM,2.0,8,0.0,2.0,2.0,N,,07/2016,Analyst
49-2096.00,1.A.1.f.1,Spatial Orientation,LV,1.88,8,0.125,1.63,2.12,N,N,07/2016,Analyst
49-2096.00,1.A.1.f.2,Visualization,IM,3.62,8,0.183,3.2664,3.9836,N,,07/2016,Analyst
49-2096.00,1.A.1.f.2,Visualization,LV,3.62,8,0.183,3.2664,3.9836,N,N,07/2016,Analyst
49-2096.00,1.A.1.g.1,Selective Attention,IM,3.5,8,0.189,3.1296,3.8704,N,,07/2016,Analyst
49-2096.00,1.A.1.g.1,Selective Attention,LV,3.12,8,0.125,2.88,3.37,N,N,07/2016,Analyst
49-2096.00,1.A.1.g.2,Time Sharing,IM,3.0,8,0.0,3.0,3.0,N,,07/2016,Analyst
49-2096.00,1.A.1.g.2,Time Sharing,LV,2.75,8,0.1637,2.4292,3.0708,N,N,07/2016,Analyst
49-2096.00,1.A.2.a.1,Arm-Hand Steadiness,IM,3.88,8,0.125,3.63,4.12,N,,07/2016,Analyst
49-2096.00,1.A.2.a.1,Arm-Hand Steadiness,LV,3.75,8,0.1637,3.4292,4.0708,N,N,07/2016,Analyst
49-2096.00,1.A.2.a.2,Manual Dexterity,IM,3.5,8,0.189,3.1296,3.8704,N,,07/2016,Analyst
49-2096.00,1.A.2.a.2,Manual Dexterity,LV,3.25,8,0.1637,2.9292,3.5708,N,N,07/2016,Analyst
49-2096.00,1.A.2.a.3,Finger Dexterity,IM,3.88,8,0.125,3.63,4.12,N,,07/2016,Analyst
49-2096.00,1.A.2.a.3,Finger Dexterity,LV,3.75,8,0.1637,3.4292,4.0708,N,N,07/2016,Analyst
49-2096.00,1.A.2.b.1,Control Precision,IM,3.38,8,0.183,3.0164,3.7336,N,,07/2016,Analyst
49-2096.00,1.A.2.b.1,Control Precision,LV,3.12,8,0.125,2.88,3.37,N,N,07/2016,Analyst
49-2096.00,1.A.2.b.2,Multilimb Coordination,IM,3.25,8,0.1637,2.9292,3.5708,N,,07/2016,Analyst
49-2096.00,1.A.2.b.2,Multilimb Coordination,LV,3.0,8,0.0,3.0,3.0,N,N,07/2016,Analyst
49-2096.00,1.A.2.b.3,Response Orientation,IM,2.12,8,0.125,1.88,2.37,N,,07/2016,Analyst
49-2096.00,1.A.2.b.3,Response Orientation,LV,2.0,8,0.0,2.0,2.0,N,N,07/2016,Analyst
49-2096.00,1.A.2.b.4,Rate Control,IM,2.0,8,0.0,2.0,2.0,N,,07/2016,Analyst
49-2096.00,1.A.2.b.4,Rate Control,LV,2.12,8,0.125,1.88,2.37,N,N,07/2016,Analyst
49-2096.00,1.A.2.c.1,Reaction Time,IM,2.62,8,0.183,2.2664,2.9836,N,,07/2016,Analyst
49-2096.00,1.A.2.c.1,Reaction Time,LV,2.75,8,0.1637,2.4292,3.0708,N,N,07/2016,Analyst
49-2096.00,1.A.2.c.2,Wrist-Finger Speed,IM,2.0,8,0.0,2.0,2.0,N,,07/2016,Analyst
49-2096.00,1.A.2.c.2,Wrist-Finger Speed,LV,1.88,8,0.125,1.63,2.12,N,N,07/2016,Analyst
49-2096.00,1.A.2.c.3,Speed of Limb Movement,IM,1.75,8,0.1637,1.4292,2.0708,N,,07/2016,Analyst
49-2096.00,1.A.2.c.3,Speed of Limb Movement,LV,1.38,8,0.3239,0.7402,2.0098,N,N,07/2016,Analyst
49-2096.00,1.A.3.a.1,Static Strength,IM,2.62,8,0.183,2.2664,2.9836,N,,07/2016,Analyst
49-2096.00,1.A.3.a.1,Static Strength,LV,2.5,8,0.189,2.1296,2.8704,N,N,07/2016,Analyst
49-2096.00,1.A.3.a.2,Explosive Strength,IM,1.62,8,0.2631,1.1094,2.1406,N,,07/2016,Analyst
49-2096.00,1.A.3.a.2,Explosive Strength,LV,1.0,8,0.4226,0.1717,1.8283,N,N,07/2016,Analyst
49-2096.00,1.A.3.a.3,Dynamic Strength,IM,2.0,8,0.0,2.0,2.0,N,,07/2016,Analyst
49-2096.00,1.A.3.a.3,Dynamic Strength,LV,1.75,8,0.25,1.26,2.24,N,N,07/2016,Analyst
49-2096.00,1.A.3.a.4,Trunk Strength,IM,3.12,8,0.125,2.88,3.37,N,,07/2016,Analyst
49-2096.00,1.A.3.a.4,Trunk Strength,LV,2.88,8,0.125,2.63,3.12,N,N,07/2016,Analyst
49-2096.00,1.A.3.b.1,Stamina,IM,2.0,8,0.0,2.0,2.0,N,,07/2016,Analyst
49-2096.00,1.A.3.b.1,Stamina,LV,1.75,8,0.1637,1.4292,2.0708,N,N,07/2016,Analyst
49-2096.00,1.A.3.c.1,Extent Flexibility,IM,3.62,8,0.183,3.2664,3.9836,N,,07/2016,Analyst
49-2096.00,1.A.3.c.1,Extent Flexibility,LV,3.75,8,0.1637,3.4292,4.0708,N,N,07/2016,Analyst
49-2096.00,1.A.3.c.2,Dynamic Flexibility,IM,1.12,8,0.125,1.0,1.37,N,,07/2016,Analyst
49-2096.00,1.A.3.c.2,Dynamic Flexibility,LV,0.12,8,0.125,0.0,0.37,N,Y,07/2016,Analyst
49-2096.00,1.A.3.c.3,Gross Body Coordination,IM,2.0,8,0.0,2.0,2.0,N,,07/2016,Analyst
49-2096.00,1.A.3.c.3,Gross Body Coordination,LV,2.12,8,0.125,1.88,2.37,N,N,07/2016,Analyst
49-2096.00,1.A.3.c.4,Gross Body Equilibrium,IM,2.0,8,0.0,2.0,2.0,N,,07/2016,Analyst
49-2096.00,1.A.3.c.4,Gross Body Equilibrium,LV,1.75,8,0.25,1.26,2.24,N,N,07/2016,Analyst
49-2096.00,1.A.4.a.1,Near Vision,IM,3.88,8,0.125,3.63,4.12,N,,07/2016,Analyst
49-2096.00,1.A.4.a.1,Near Vision,LV,3.5,8,0.189,3.1296,3.8704,N,N,07/2016,Analyst
49-2096.00,1.A.4.a.2,Far Vision,IM,2.88,8,0.2266,2.4309,3.3191,N,,07/2016,Analyst
49-2096.00,1.A.4.a.2,Far Vision,LV,2.88,8,0.2266,2.4309,3.3191,N,N,07/2016,Analyst
49-2096.00,1.A.4.a.3,Visual Color Discrimination,IM,3.75,8,0.1637,3.4292,4.0708,N,,07/2016,Analyst
49-2096.00,1.A.4.a.3,Visual Color Discrimination,LV,3.5,8,0.189,3.1296,3.8704,N,N,07/2016,Analyst
49-2096.00,1.A.4.a.4,Night Vision,IM,2.0,8,0.0,2.0,2.0,N,,07/2016,Analyst
49-2096.00,1.A.4.a.4,Night Vision,LV,1.38,8,0.183,1.0164,1.7336,N,N,07/2016,Analyst
49-2096.00,1.A.4.a.5,Peripheral Vision,IM,2.0,8,0.0,2.0,2.0,N,,07/2016,Analyst
49-2096.00,1.A.4.a.5,Peripheral Vision,LV,1.25,8,0.1637,0.9292,1.5708,N,N,07/2016,Analyst
49-2096.00,1.A.4.a.6,Depth Perception,IM,2.38,8,0.183,2.0164,2.7336,N,,07/2016,Analyst
49-2096.00,1.A.4.a.6,Depth Perception,LV,2.38,8,0.183,2.0164,2.7336,N,N,07/2016,Analyst
49-2096.00,1.A.4.a.7,Glare Sensitivity,IM,2.0,8,0.0,2.0,2.0,N,,07/2016,Analyst
49-2096.00,1.A.4.a.7,Glare Sensitivity,LV,1.75,8,0.1637,1.4292,2.0708,N,N,07/2016,Analyst
49-2096.00,1.A.4.b.1,Hearing Sensitivity,IM,3.0,8,0.0,3.0,3.0,N,,07/2016,Analyst
49-2096.00,1.A.4.b.1,Hearing Sensitivity,LV,3.0,8,0.0,3.0,3.0,N,N,07/2016,Analyst
49-2096.00,1.A.4.b.2,Auditory Attention,IM,3.0,8,0.0,3.0,3.0,N,,07/2016,Analyst
49-2096.00,1.A.4.b.2,Auditory Attention,LV,3.0,8,0.0,3.0,3.0,N,N,07/2016,Analyst
49-2096.00,1.A.4.b.3,Sound Localization,IM,2.5,8,0.189,2.1296,2.8704,N,,07/2016,Analyst
49-2096.00,1.A.4.b.3,Sound Localization,LV,2.0,8,0.0,2.0,2.0,N,N,07/2016,Analyst
49-2096.00,1.A.4.b.4,Speech Recognition,IM,3.0,8,0.0,3.0,3.0,N,,07/2016,Analyst
49-2096.00,1.A.4.b.4,Speech Recognition,LV,3.0,8,0.0,3.0,3.0,N,N,07/2016,Analyst
49-2096.00,1.A.4.b.5,Speech Clarity,IM,3.0,8,0.0,3.0,3.0,N,,07/2016,Analyst
49-2096.00,1.A.4.b.5,Speech Clarity,LV,3.0,8,0.0,3.0,3.0,N,N,07/2016,Analyst
49-2097.00,1.A.1.a.1,Oral Comprehension,IM,3.25,8,0.1637,2.9292,3.5708,N,,08/2023,Analyst
49-2097.00,1.A.1.a.1,Oral Comprehension,LV,3.38,8,0.183,3.0164,3.7336,N,N,08/2023,Analyst
49-2097.00,1.A.1.a.2,Written Comprehension,IM,3.0,8,0.0,3.0,3.0,N,,08/2023,Analyst
49-2097.00,1.A.1.a.2,Written Comprehension,LV,3.5,8,0.189,3.1296,3.8704,N,N,08/2023,Analyst
49-2097.00,1.A.1.a.3,Oral Expression,IM,3.12,8,0.125,2.88,3.37,N,,08/2023,Analyst
49-2097.00,1.A.1.a.3,Oral Expression,LV,3.25,8,0.1637,2.9292,3.5708,N,N,08/2023,Analyst
49-2097.00,1.A.1.a.4,Written Expression,IM,2.88,8,0.125,2.63,3.12,N,,08/2023,Analyst
49-2097.00,1.A.1.a.4,Written Expression,LV,2.75,8,0.1637,2.4292,3.0708,N,N,08/2023,Analyst
49-2097.00,1.A.1.b.1,Fluency of Ideas,IM,2.75,8,0.1637,2.4292,3.0708,N,,08/2023,Analyst
49-2097.00,1.A.1.b.1,Fluency of Ideas,LV,2.75,8,0.1637,2.4292,3.0708,N,N,08/2023,Analyst
49-2097.00,1.A.1.b.2,Originality,IM,2.75,8,0.1637,2.4292,3.0708,N,,08/2023,Analyst
49-2097.00,1.A.1.b.2,Originality,LV,2.88,8,0.125,2.63,3.12,N,N,08/2023,Analyst
49-2097.00,1.A.1.b.3,Problem Sensitivity,IM,3.5,8,0.189,3.1296,3.8704,N,,08/2023,Analyst
49-2097.00,1.A.1.b.3,Problem Sensitivity,LV,3.0,8,0.0,3.0,3.0,N,N,08/2023,Analyst
49-2097.00,1.A.1.b.4,Deductive Reasoning,IM,3.25,8,0.1637,2.9292,3.5708,N,,08/2023,Analyst
49-2097.00,1.A.1.b.4,Deductive Reasoning,LV,3.0,8,0.0,3.0,3.0,N,N,08/2023,Analyst
49-2097.00,1.A.1.b.5,Inductive Reasoning,IM,3.12,8,0.125,2.88,3.37,N,,08/2023,Analyst
49-2097.00,1.A.1.b.5,Inductive Reasoning,LV,3.0,8,0.0,3.0,3.0,N,N,08/2023,Analyst
49-2097.00,1.A.1.b.6,Information Ordering,IM,3.25,8,0.1637,2.9292,3.5708,N,,08/2023,Analyst
49-2097.00,1.A.1.b.6,Information Ordering,LV,3.25,8,0.1637,2.9292,3.5708,N,N,08/2023,Analyst
49-2097.00,1.A.1.b.7,Category Flexibility,IM,3.12,8,0.125,2.88,3.37,N,,08/2023,Analyst
49-2097.00,1.A.1.b.7,Category Flexibility,LV,3.0,8,0.189,2.6296,3.3704,N,N,08/2023,Analyst
49-2097.00,1.A.1.c.1,Mathematical Reasoning,IM,2.5,8,0.189,2.1296,2.8704,N,,08/2023,Analyst
49-2097.00,1.A.1.c.1,Mathematical Reasoning,LV,2.12,8,0.125,1.88,2.37,N,N,08/2023,Analyst
49-2097.00,1.A.1.c.2,Number Facility,IM,2.38,8,0.183,2.0164,2.7336,N,,08/2023,Analyst
49-2097.00,1.A.1.c.2,Number Facility,LV,2.25,8,0.1637,1.9292,2.5708,N,N,08/2023,Analyst
49-2097.00,1.A.1.d.1,Memorization,IM,2.5,8,0.189,2.1296,2.8704,N,,08/2023,Analyst
49-2097.00,1.A.1.d.1,Memorization,LV,2.5,8,0.189,2.1296,2.8704,N,N,08/2023,Analyst
49-2097.00,1.A.1.e.1,Speed of Closure,IM,2.5,8,0.189,2.1296,2.8704,N,,08/2023,Analyst
49-2097.00,1.A.1.e.1,Speed of Closure,LV,2.5,8,0.189,2.1296,2.8704,N,N,08/2023,Analyst
49-2097.00,1.A.1.e.2,Flexibility of Closure,IM,3.0,8,0.0,3.0,3.0,N,,08/2023,Analyst
49-2097.00,1.A.1.e.2,Flexibility of Closure,LV,3.12,8,0.125,2.88,3.37,N,N,08/2023,Analyst
49-2097.00,1.A.1.e.3,Perceptual Speed,IM,2.88,8,0.125,2.63,3.12,N,,08/2023,Analyst
49-2097.00,1.A.1.e.3,Perceptual Speed,LV,3.0,8,0.0,3.0,3.0,N,N,08/2023,Analyst
49-2097.00,1.A.1.f.1,Spatial Orientation,IM,2.12,8,0.2266,1.6809,2.5691,N,,08/2023,Analyst
49-2097.00,1.A.1.f.1,Spatial Orientation,LV,1.75,8,0.25,1.26,2.24,N,N,08/2023,Analyst
49-2097.00,1.A.1.f.2,Visualization,IM,3.5,8,0.189,3.1296,3.8704,N,,08/2023,Analyst
49-2097.00,1.A.1.f.2,Visualization,LV,3.75,8,0.1637,3.4292,4.0708,N,N,08/2023,Analyst
49-2097.00,1.A.1.g.1,Selective Attention,IM,3.0,8,0.0,3.0,3.0,N,,08/2023,Analyst
49-2097.00,1.A.1.g.1,Selective Attention,LV,2.62,8,0.183,2.2664,2.9836,N,N,08/2023,Analyst
49-2097.00,1.A.1.g.2,Time Sharing,IM,2.38,8,0.183,2.0164,2.7336,N,,08/2023,Analyst
49-2097.00,1.A.1.g.2,Time Sharing,LV,2.25,8,0.1637,1.9292,2.5708,N,N,08/2023,Analyst
49-2097.00,1.A.2.a.1,Arm-Hand Steadiness,IM,3.12,8,0.125,2.88,3.37,N,,08/2023,Analyst
49-2097.00,1.A.2.a.1,Arm-Hand Steadiness,LV,3.0,8,0.0,3.0,3.0,N,N,08/2023,Analyst
49-2097.00,1.A.2.a.2,Manual Dexterity,IM,3.25,8,0.1637,2.9292,3.5708,N,,08/2023,Analyst
49-2097.00,1.A.2.a.2,Manual Dexterity,LV,3.0,8,0.0,3.0,3.0,N,N,08/2023,Analyst
49-2097.00,1.A.2.a.3,Finger Dexterity,IM,3.62,8,0.183,3.2664,3.9836,N,,08/2023,Analyst
49-2097.00,1.A.2.a.3,Finger Dexterity,LV,3.75,8,0.1637,3.4292,4.0708,N,N,08/2023,Analyst
49-2097.00,1.A.2.b.1,Control Precision,IM,3.0,8,0.0,3.0,3.0,N,,08/2023,Analyst
49-2097.00,1.A.2.b.1,Control Precision,LV,2.88,8,0.125,2.63,3.12,N,N,08/2023,Analyst
49-2097.00,1.A.2.b.2,Multilimb Coordination,IM,2.62,8,0.183,2.2664,2.9836,N,,08/2023,Analyst
49-2097.00,1.A.2.b.2,Multilimb Coordination,LV,2.62,8,0.183,2.2664,2.9836,N,N,08/2023,Analyst
49-2097.00,1.A.2.b.3,Response Orientation,IM,2.0,8,0.0,2.0,2.0,N,,08/2023,Analyst
49-2097.00,1.A.2.b.3,Response Orientation,LV,2.0,8,0.0,2.0,2.0,N,N,08/2023,Analyst
49-2097.00,1.A.2.b.4,Rate Control,IM,1.88,8,0.125,1.63,2.12,N,,08/2023,Analyst
49-2097.00,1.A.2.b.4,Rate Control,LV,1.5,8,0.2673,0.9762,2.0238,N,N,08/2023,Analyst
49-2097.00,1.A.2.c.1,Reaction Time,IM,1.88,8,0.125,1.63,2.12,N,,08/2023,Analyst
49-2097.00,1.A.2.c.1,Reaction Time,LV,1.75,8,0.25,1.26,2.24,N,N,08/2023,Analyst
49-2097.00,1.A.2.c.2,Wrist-Finger Speed,IM,1.88,8,0.125,1.63,2.12,N,,08/2023,Analyst
49-2097.00,1.A.2.c.2,Wrist-Finger Speed,LV,1.5,8,0.2673,0.9762,2.0238,N,N,08/2023,Analyst
49-2097.00,1.A.2.c.3,Speed of Limb Movement,IM,1.75,8,0.1637,1.4292,2.0708,N,,08/2023,Analyst
49-2097.00,1.A.2.c.3,Speed of Limb Movement,LV,1.38,8,0.3239,0.7402,2.0098,N,N,08/2023,Analyst
49-2097.00,1.A.3.a.1,Static Strength,IM,2.5,8,0.189,2.1296,2.8704,N,,08/2023,Analyst
49-2097.00,1.A.3.a.1,Static Strength,LV,2.38,8,0.183,2.0164,2.7336,N,N,08/2023,Analyst
49-2097.00,1.A.3.a.2,Explosive Strength,IM,1.38,8,0.183,1.0164,1.7336,N,,08/2023,Analyst
49-2097.00,1.A.3.a.2,Explosive Strength,LV,0.5,8,0.2673,0.0,1.0238,N,N,08/2023,Analyst
49-2097.00,1.A.3.a.3,Dynamic Strength,IM,2.25,8,0.1637,1.9292,2.5708,N,,08/2023,Analyst
49-2097.00,1.A.3.a.3,Dynamic Strength,LV,2.38,8,0.375,1.64,3.11,N,N,08/2023,Analyst
49-2097.00,1.A.3.a.4,Trunk Strength,IM,2.62,8,0.183,2.2664,2.9836,N,,08/2023,Analyst
49-2097.00,1.A.3.a.4,Trunk Strength,LV,2.5,8,0.189,2.1296,2.8704,N,N,08/2023,Analyst
49-2097.00,1.A.3.b.1,Stamina,IM,2.12,8,0.125,1.88,2.37,N,,08/2023,Analyst
49-2097.00,1.A.3.b.1,Stamina,LV,2.0,8,0.0,2.0,2.0,N,N,08/2023,Analyst
49-2097.00,1.A.3.c.1,Extent Flexibility,IM,2.75,8,0.1637,2.4292,3.0708,N,,08/2023,Analyst
49-2097.00,1.A.3.c.1,Extent Flexibility,LV,2.88,8,0.2266,2.4309,3.3191,N,N,08/2023,Analyst
49-2097.00,1.A.3.c.2,Dynamic Flexibility,IM,1.0,8,0.0,1.0,1.0,N,,08/2023,Analyst
49-2097.00,1.A.3.c.2,Dynamic Flexibility,LV,0.0,8,0.0,0.0,0.0,N,Y,08/2023,Analyst
49-2097.00,1.A.3.c.3,Gross Body Coordination,IM,2.25,8,0.1637,1.9292,2.5708,N,,08/2023,Analyst
49-2097.00,1.A.3.c.3,Gross Body Coordination,LV,2.12,8,0.125,1.88,2.37,N,N,08/2023,Analyst
49-2097.00,1.A.3.c.4,Gross Body Equilibrium,IM,2.12,8,0.2266,1.6809,2.5691,N,,08/2023,Analyst
49-2097.00,1.A.3.c.4,Gross Body Equilibrium,LV,1.25,8,0.25,0.76,1.74,N,N,08/2023,Analyst
49-2097.00,1.A.4.a.1,Near Vision,IM,3.62,8,0.183,3.2664,3.9836,N,,08/2023,Analyst
49-2097.00,1.A.4.a.1,Near Vision,LV,3.75,8,0.1637,3.4292,4.0708,N,N,08/2023,Analyst
49-2097.00,1.A.4.a.2,Far Vision,IM,3.25,8,0.1637,2.9292,3.5708,N,,08/2023,Analyst
49-2097.00,1.A.4.a.2,Far Vision,LV,3.12,8,0.125,2.88,3.37,N,N,08/2023,Analyst
49-2097.00,1.A.4.a.3,Visual Color Discrimination,IM,3.25,8,0.1637,2.9292,3.5708,N,,08/2023,Analyst
49-2097.00,1.A.4.a.3,Visual Color Discrimination,LV,3.62,8,0.183,3.2664,3.9836,N,N,08/2023,Analyst
49-2097.00,1.A.4.a.4,Night Vision,IM,1.62,8,0.183,1.2664,1.9836,N,,08/2023,Analyst
49-2097.00,1.A.4.a.4,Night Vision,LV,0.75,8,0.25,0.26,1.24,N,N,08/2023,Analyst
49-2097.00,1.A.4.a.5,Peripheral Vision,IM,2.0,8,0.189,1.6296,2.3704,N,,08/2023,Analyst
49-2097.00,1.A.4.a.5,Peripheral Vision,LV,1.38,8,0.2631,0.8594,1.8906,N,N,08/2023,Analyst
49-2097.00,1.A.4.a.6,Depth Perception,IM,2.62,8,0.183,2.2664,2.9836,N,,08/2023,Analyst
49-2097.00,1.A.4.a.6,Depth Perception,LV,2.25,8,0.1637,1.9292,2.5708,N,N,08/2023,Analyst
49-2097.00,1.A.4.a.7,Glare Sensitivity,IM,2.0,8,0.189,1.6296,2.3704,N,,08/2023,Analyst
49-2097.00,1.A.4.a.7,Glare Sensitivity,LV,1.5,8,0.3273,0.8584,2.1416,N,N,08/2023,Analyst
49-2097.00,1.A.4.b.1,Hearing Sensitivity,IM,3.12,8,0.125,2.88,3.37,N,,08/2023,Analyst
49-2097.00,1.A.4.b.1,Hearing Sensitivity,LV,3.12,8,0.125,2.88,3.37,N,N,08/2023,Analyst
49-2097.00,1.A.4.b.2,Auditory Attention,IM,2.75,8,0.1637,2.4292,3.0708,N,,08/2023,Analyst
49-2097.00,1.A.4.b.2,Auditory Attention,LV,2.62,8,0.183,2.2664,2.9836,N,N,08/2023,Analyst
49-2097.00,1.A.4.b.3,Sound Localization,IM,2.38,8,0.183,2.0164,2.7336,N,,08/2023,Analyst
49-2097.00,1.A.4.b.3,Sound Localization,LV,2.12,8,0.125,1.88,2.37,N,N,08/2023,Analyst
49-2097.00,1.A.4.b.4,Speech Recognition,IM,3.12,8,0.125,2.88,3.37,N,,08/2023,Analyst
49-2097.00,1.A.4.b.4,Speech Recognition,LV,2.88,8,0.125,2.63,3.12,N,N,08/2023,Analyst
49-2097.00,1.A.4.b.5,Speech Clarity,IM,3.12,8,0.125,2.88,3.37,N,,08/2023,Analyst
49-2097.00,1.A.4.b.5,Speech Clarity,LV,2.75,8,0.1637,2.4292,3.0708,N,N,08/2023,Analyst
49-2098.00,1.A.1.a.1,Oral Comprehension,IM,3.75,8,0.1637,3.4292,4.0708,N,,07/2015,Analyst
49-2098.00,1.A.1.a.1,Oral Comprehension,LV,3.75,8,0.1637,3.4292,4.0708,N,N,07/2015,Analyst
49-2098.00,1.A.1.a.2,Written Comprehension,IM,3.0,8,0.189,2.6296,3.3704,N,,07/2015,Analyst
49-2098.00,1.A.1.a.2,Written Comprehension,LV,3.12,8,0.125,2.88,3.37,N,N,07/2015,Analyst
49-2098.00,1.A.1.a.3,Oral Expression,IM,3.5,8,0.189,3.1296,3.8704,N,,07/2015,Analyst
49-2098.00,1.A.1.a.3,Oral Expression,LV,3.62,8,0.183,3.2664,3.9836,N,N,07/2015,Analyst
49-2098.00,1.A.1.a.4,Written Expression,IM,3.0,8,0.189,2.6296,3.3704,N,,07/2015,Analyst
49-2098.00,1.A.1.a.4,Written Expression,LV,2.88,8,0.125,2.63,3.12,N,N,07/2015,Analyst
49-2098.00,1.A.1.b.1,Fluency of Ideas,IM,2.62,8,0.183,2.2664,2.9836,N,,07/2015,Analyst
49-2098.00,1.A.1.b.1,Fluency of Ideas,LV,2.62,8,0.183,2.2664,2.9836,N,N,07/2015,Analyst
49-2098.00,1.A.1.b.2,Originality,IM,2.62,8,0.183,2.2664,2.9836,N,,07/2015,Analyst
49-2098.00,1.A.1.b.2,Originality,LV,2.75,8,0.1637,2.4292,3.0708,N,N,07/2015,Analyst
49-2098.00,1.A.1.b.3,Problem Sensitivity,IM,3.75,8,0.1637,3.4292,4.0708,N,,07/2015,Analyst
49-2098.00,1.A.1.b.3,Problem Sensitivity,LV,3.25,8,0.1637,2.9292,3.5708,N,N,07/2015,Analyst
49-2098.00,1.A.1.b.4,Deductive Reasoning,IM,3.38,8,0.183,3.0164,3.7336,N,,07/2015,Analyst
49-2098.00,1.A.1.b.4,Deductive Reasoning,LV,3.12,8,0.125,2.88,3.37,N,N,07/2015,Analyst
49-2098.00,1.A.1.b.5,Inductive Reasoning,IM,3.25,8,0.1637,2.9292,3.5708,N,,07/2015,Analyst
49-2098.00,1.A.1.b.5,Inductive Reasoning,LV,3.12,8,0.125,2.88,3.37,N,N,07/2015,Analyst
49-2098.00,1.A.1.b.6,Information Ordering,IM,3.38,8,0.183,3.0164,3.7336,N,,07/2015,Analyst
49-2098.00,1.A.1.b.6,Information Ordering,LV,3.0,8,0.0,3.0,3.0,N,N,07/2015,Analyst
49-2098.00,1.A.1.b.7,Category Flexibility,IM,3.12,8,0.125,2.88,3.37,N,,07/2015,Analyst
49-2098.00,1.A.1.b.7,Category Flexibility,LV,2.88,8,0.125,2.63,3.12,N,N,07/2015,Analyst
49-2098.00,1.A.1.c.1,Mathematical Reasoning,IM,2.12,8,0.125,1.88,2.37,N,,07/2015,Analyst
49-2098.00,1.A.1.c.1,Mathematical Reasoning,LV,1.88,8,0.125,1.63,2.12,N,N,07/2015,Analyst
49-2098.00,1.A.1.c.2,Number Facility,IM,2.12,8,0.125,1.88,2.37,N,,07/2015,Analyst
49-2098.00,1.A.1.c.2,Number Facility,LV,2.12,8,0.125,1.88,2.37,N,N,07/2015,Analyst
49-2098.00,1.A.1.d.1,Memorization,IM,2.12,8,0.125,1.88,2.37,N,,07/2015,Analyst
49-2098.00,1.A.1.d.1,Memorization,LV,2.0,8,0.0,2.0,2.0,N,N,07/2015,Analyst
49-2098.00,1.A.1.e.1,Speed of Closure,IM,2.12,8,0.125,1.88,2.37,N,,07/2015,Analyst
49-2098.00,1.A.1.e.1,Speed of Closure,LV,2.12,8,0.125,1.88,2.37,N,N,07/2015,Analyst
49-2098.00,1.A.1.e.2,Flexibility of Closure,IM,2.88,8,0.2266,2.4309,3.3191,N,,07/2015,Analyst
49-2098.00,1.A.1.e.2,Flexibility of Closure,LV,2.88,8,0.2266,2.4309,3.3191,N,N,07/2015,Analyst
49-2098.00,1.A.1.e.3,Perceptual Speed,IM,3.0,8,0.189,2.6296,3.3704,N,,07/2015,Analyst
49-2098.00,1.A.1.e.3,Perceptual Speed,LV,2.88,8,0.125,2.63,3.12,N,N,07/2015,Analyst
49-2098.00,1.A.1.f.1,Spatial Orientation,IM,2.12,8,0.125,1.88,2.37,N,,07/2015,Analyst
49-2098.00,1.A.1.f.1,Spatial Orientation,LV,2.0,8,0.0,2.0,2.0,N,N,07/2015,Analyst
49-2098.00,1.A.1.f.2,Visualization,IM,3.12,8,0.125,2.88,3.37,N,,07/2015,Analyst
49-2098.00,1.A.1.f.2,Visualization,LV,3.38,8,0.183,3.0164,3.7336,N,N,07/2015,Analyst
49-2098.00,1.A.1.g.1,Selective Attention,IM,2.88,8,0.125,2.63,3.12,N,,07/2015,Analyst
49-2098.00,1.A.1.g.1,Selective Attention,LV,2.75,8,0.1637,2.4292,3.0708,N,N,07/2015,Analyst
49-2098.00,1.A.1.g.2,Time Sharing,IM,2.62,8,0.183,2.2664,2.9836,N,,07/2015,Analyst
49-2098.00,1.A.1.g.2,Time Sharing,LV,2.75,8,0.1637,2.4292,3.0708,N,N,07/2015,Analyst
49-2098.00,1.A.2.a.1,Arm-Hand Steadiness,IM,3.38,8,0.183,3.0164,3.7336,N,,07/2015,Analyst
49-2098.00,1.A.2.a.1,Arm-Hand Steadiness,LV,3.12,8,0.125,2.88,3.37,N,N,07/2015,Analyst
49-2098.00,1.A.2.a.2,Manual Dexterity,IM,3.38,8,0.183,3.0164,3.7336,N,,07/2015,Analyst
49-2098.00,1.A.2.a.2,Manual Dexterity,LV,3.12,8,0.125,2.88,3.37,N,N,07/2015,Analyst
49-2098.00,1.A.2.a.3,Finger Dexterity,IM,3.12,8,0.125,2.88,3.37,N,,07/2015,Analyst
49-2098.00,1.A.2.a.3,Finger Dexterity,LV,3.25,8,0.1637,2.9292,3.5708,N,N,07/2015,Analyst
49-2098.00,1.A.2.b.1,Control Precision,IM,3.0,8,0.0,3.0,3.0,N,,07/2015,Analyst
49-2098.00,1.A.2.b.1,Control Precision,LV,3.0,8,0.0,3.0,3.0,N,N,07/2015,Analyst
49-2098.00,1.A.2.b.2,Multilimb Coordination,IM,3.12,8,0.125,2.88,3.37,N,,07/2015,Analyst
49-2098.00,1.A.2.b.2,Multilimb Coordination,LV,3.0,8,0.0,3.0,3.0,N,N,07/2015,Analyst
49-2098.00,1.A.2.b.3,Response Orientation,IM,2.12,8,0.125,1.88,2.37,N,,07/2015,Analyst
49-2098.00,1.A.2.b.3,Response Orientation,LV,2.12,8,0.2266,1.6809,2.5691,N,N,07/2015,Analyst
49-2098.00,1.A.2.b.4,Rate Control,IM,1.88,8,0.125,1.63,2.12,N,,07/2015,Analyst
49-2098.00,1.A.2.b.4,Rate Control,LV,1.38,8,0.2631,0.8594,1.8906,N,N,07/2015,Analyst
49-2098.00,1.A.2.c.1,Reaction Time,IM,2.12,8,0.125,1.88,2.37,N,,07/2015,Analyst
49-2098.00,1.A.2.c.1,Reaction Time,LV,1.88,8,0.125,1.63,2.12,N,N,07/2015,Analyst
49-2098.00,1.A.2.c.2,Wrist-Finger Speed,IM,2.0,8,0.0,2.0,2.0,N,,07/2015,Analyst
49-2098.00,1.A.2.c.2,Wrist-Finger Speed,LV,1.5,8,0.189,1.1296,1.8704,N,N,07/2015,Analyst
49-2098.00,1.A.2.c.3,Speed of Limb Movement,IM,1.5,8,0.189,1.1296,1.8704,N,,07/2015,Analyst
49-2098.00,1.A.2.c.3,Speed of Limb Movement,LV,0.75,8,0.3134,0.1358,1.3642,N,N,07/2015,Analyst
49-2098.00,1.A.3.a.1,Static Strength,IM,2.38,8,0.183,2.0164,2.7336,N,,07/2015,Analyst
49-2098.00,1.A.3.a.1,Static Strength,LV,2.25,8,0.1637,1.9292,2.5708,N,N,07/2015,Analyst
49-2098.00,1.A.3.a.2,Explosive Strength,IM,1.62,8,0.183,1.2664,1.9836,N,,07/2015,Analyst
49-2098.00,1.A.3.a.2,Explosive Strength,LV,0.75,8,0.25,0.26,1.24,N,N,07/2015,Analyst
49-2098.00,1.A.3.a.3,Dynamic Strength,IM,2.12,8,0.125,1.88,2.37,N,,07/2015,Analyst
49-2098.00,1.A.3.a.3,Dynamic Strength,LV,2.12,8,0.125,1.88,2.37,N,N,07/2015,Analyst
49-2098.00,1.A.3.a.4,Trunk Strength,IM,2.88,8,0.2266,2.4309,3.3191,N,,07/2015,Analyst
49-2098.00,1.A.3.a.4,Trunk Strength,LV,2.75,8,0.1637,2.4292,3.0708,N,N,07/2015,Analyst
49-2098.00,1.A.3.b.1,Stamina,IM,2.25,8,0.1637,1.9292,2.5708,N,,07/2015,Analyst
49-2098.00,1.A.3.b.1,Stamina,LV,2.0,8,0.2673,1.4762,2.5238,N,N,07/2015,Analyst
49-2098.00,1.A.3.c.1,Extent Flexibility,IM,3.12,8,0.125,2.88,3.37,N,,07/2015,Analyst
49-2098.00,1.A.3.c.1,Extent Flexibility,LV,3.12,8,0.125,2.88,3.37,N,N,07/2015,Analyst
49-2098.00,1.A.3.c.2,Dynamic Flexibility,IM,1.25,8,0.1637,1.0,1.5708,N,,07/2015,Analyst
49-2098.00,1.A.3.c.2,Dynamic Flexibility,LV,0.25,8,0.1637,0.0,0.5708,N,Y,07/2015,Analyst
49-2098.00,1.A.3.c.3,Gross Body Coordination,IM,2.12,8,0.125,1.88,2.37,N,,07/2015,Analyst
49-2098.00,1.A.3.c.3,Gross Body Coordination,LV,2.0,8,0.0,2.0,2.0,N,N,07/2015,Analyst
49-2098.00,1.A.3.c.4,Gross Body Equilibrium,IM,2.5,8,0.189,2.1296,2.8704,N,,07/2015,Analyst
49-2098.00,1.A.3.c.4,Gross Body Equilibrium,LV,2.0,8,0.0,2.0,2.0,N,N,07/2015,Analyst
49-2098.00,1.A.4.a.1,Near Vision,IM,3.5,8,0.189,3.1296,3.8704,N,,07/2015,Analyst
49-2098.00,1.A.4.a.1,Near Vision,LV,3.62,8,0.183,3.2664,3.9836,N,N,07/2015,Analyst
49-2098.00,1.A.4.a.2,Far Vision,IM,3.0,8,0.189,2.6296,3.3704,N,,07/2015,Analyst
49-2098.00,1.A.4.a.2,Far Vision,LV,3.12,8,0.125,2.88,3.37,N,N,07/2015,Analyst
49-2098.00,1.A.4.a.3,Visual Color Discrimination,IM,2.88,8,0.125,2.63,3.12,N,,07/2015,Analyst
49-2098.00,1.A.4.a.3,Visual Color Discrimination,LV,3.25,8,0.1637,2.9292,3.5708,N,N,07/2015,Analyst
49-2098.00,1.A.4.a.4,Night Vision,IM,1.75,8,0.1637,1.4292,2.0708,N,,07/2015,Analyst
49-2098.00,1.A.4.a.4,Night Vision,LV,1.0,8,0.2673,0.4762,1.5238,N,N,07/2015,Analyst
49-2098.00,1.A.4.a.5,Peripheral Vision,IM,1.88,8,0.125,1.63,2.12,N,,07/2015,Analyst
49-2098.00,1.A.4.a.5,Peripheral Vision,LV,1.0,8,0.189,0.6296,1.3704,N,N,07/2015,Analyst
49-2098.00,1.A.4.a.6,Depth Perception,IM,2.38,8,0.183,2.0164,2.7336,N,,07/2015,Analyst
49-2098.00,1.A.4.a.6,Depth Perception,LV,2.12,8,0.125,1.88,2.37,N,N,07/2015,Analyst
49-2098.00,1.A.4.a.7,Glare Sensitivity,IM,2.0,8,0.0,2.0,2.0,N,,07/2015,Analyst
49-2098.00,1.A.4.a.7,Glare Sensitivity,LV,1.5,8,0.189,1.1296,1.8704,N,N,07/2015,Analyst
49-2098.00,1.A.4.b.1,Hearing Sensitivity,IM,2.62,8,0.183,2.2664,2.9836,N,,07/2015,Analyst
49-2098.00,1.A.4.b.1,Hearing Sensitivity,LV,2.5,8,0.189,2.1296,2.8704,N,N,07/2015,Analyst
49-2098.00,1.A.4.b.2,Auditory Attention,IM,2.62,8,0.183,2.2664,2.9836,N,,07/2015,Analyst
49-2098.00,1.A.4.b.2,Auditory Attention,LV,2.75,8,0.1637,2.4292,3.0708,N,N,07/2015,Analyst
49-2098.00,1.A.4.b.3,Sound Localization,IM,2.0,8,0.0,2.0,2.0,N,,07/2015,Analyst
49-2098.00,1.A.4.b.3,Sound Localization,LV,1.38,8,0.183,1.0164,1.7336,N,N,07/2015,Analyst
49-2098.00,1.A.4.b.4,Speech Recognition,IM,3.12,8,0.125,2.88,3.37,N,,07/2015,Analyst
49-2098.00,1.A.4.b.4,Speech Recognition,LV,3.0,8,0.0,3.0,3.0,N,N,07/2015,Analyst
49-2098.00,1.A.4.b.5,Speech Clarity,IM,3.12,8,0.125,2.88,3.37,N,,07/2015,Analyst
49-2098.00,1.A.4.b.5,Speech Clarity,LV,3.0,8,0.0,3.0,3.0,N,N,07/2015,Analyst
49-3011.00,1.A.1.a.1,Oral Comprehension,IM,3.38,8,0.183,3.0164,3.7336,N,,07/2013,Analyst
49-3011.00,1.A.1.a.1,Oral Comprehension,LV,3.88,8,0.125,3.63,4.12,N,N,07/2013,Analyst
49-3011.00,1.A.1.a.2,Written Comprehension,IM,4.0,8,0.0,4.0,4.0,N,,07/2013,Analyst
49-3011.00,1.A.1.a.2,Written Comprehension,LV,4.12,8,0.125,3.88,4.37,N,N,07/2013,Analyst
49-3011.00,1.A.1.a.3,Oral Expression,IM,3.5,8,0.189,3.1296,3.8704,N,,07/2013,Analyst
49-3011.00,1.A.1.a.3,Oral Expression,LV,3.75,8,0.1637,3.4292,4.0708,N,N,07/2013,Analyst
49-3011.00,1.A.1.a.4,Written Expression,IM,3.38,8,0.183,3.0164,3.7336,N,,07/2013,Analyst
49-3011.00,1.A.1.a.4,Written Expression,LV,3.12,8,0.125,2.88,3.37,N,N,07/2013,Analyst
49-3011.00,1.A.1.b.1,Fluency of Ideas,IM,2.88,8,0.125,2.63,3.12,N,,07/2013,Analyst
49-3011.00,1.A.1.b.1,Fluency of Ideas,LV,3.0,8,0.0,3.0,3.0,N,N,07/2013,Analyst
49-3011.00,1.A.1.b.2,Originality,IM,2.88,8,0.125,2.63,3.12,N,,07/2013,Analyst
49-3011.00,1.A.1.b.2,Originality,LV,2.88,8,0.125,2.63,3.12,N,N,07/2013,Analyst
49-3011.00,1.A.1.b.3,Problem Sensitivity,IM,4.0,8,0.0,4.0,4.0,N,,07/2013,Analyst
49-3011.00,1.A.1.b.3,Problem Sensitivity,LV,4.0,8,0.0,4.0,4.0,N,N,07/2013,Analyst
49-3011.00,1.A.1.b.4,Deductive Reasoning,IM,3.62,8,0.183,3.2664,3.9836,N,,07/2013,Analyst
49-3011.00,1.A.1.b.4,Deductive Reasoning,LV,3.88,8,0.125,3.63,4.12,N,N,07/2013,Analyst
49-3011.00,1.A.1.b.5,Inductive Reasoning,IM,3.62,8,0.183,3.2664,3.9836,N,,07/2013,Analyst
49-3011.00,1.A.1.b.5,Inductive Reasoning,LV,3.88,8,0.125,3.63,4.12,N,N,07/2013,Analyst
49-3011.00,1.A.1.b.6,Information Ordering,IM,4.0,8,0.0,4.0,4.0,N,,07/2013,Analyst
49-3011.00,1.A.1.b.6,Information Ordering,LV,4.0,8,0.0,4.0,4.0,N,N,07/2013,Analyst
49-3011.00,1.A.1.b.7,Category Flexibility,IM,3.0,8,0.0,3.0,3.0,N,,07/2013,Analyst
49-3011.00,1.A.1.b.7,Category Flexibility,LV,3.62,8,0.183,3.2664,3.9836,N,N,07/2013,Analyst
49-3011.00,1.A.1.c.1,Mathematical Reasoning,IM,2.5,8,0.189,2.1296,2.8704,N,,07/2013,Analyst
49-3011.00,1.A.1.c.1,Mathematical Reasoning,LV,2.75,8,0.1637,2.4292,3.0708,N,N,07/2013,Analyst
49-3011.00,1.A.1.c.2,Number Facility,IM,2.25,8,0.1637,1.9292,2.5708,N,,07/2013,Analyst
49-3011.00,1.A.1.c.2,Number Facility,LV,2.25,8,0.1637,1.9292,2.5708,N,N,07/2013,Analyst
49-3011.00,1.A.1.d.1,Memorization,IM,2.62,8,0.183,2.2664,2.9836,N,,07/2013,Analyst
49-3011.00,1.A.1.d.1,Memorization,LV,2.5,8,0.189,2.1296,2.8704,N,N,07/2013,Analyst
49-3011.00,1.A.1.e.1,Speed of Closure,IM,2.88,8,0.125,2.63,3.12,N,,07/2013,Analyst
49-3011.00,1.A.1.e.1,Speed of Closure,LV,3.0,8,0.0,3.0,3.0,N,N,07/2013,Analyst
49-3011.00,1.A.1.e.2,Flexibility of Closure,IM,3.38,8,0.183,3.0164,3.7336,N,,07/2013,Analyst
49-3011.00,1.A.1.e.2,Flexibility of Closure,LV,3.62,8,0.183,3.2664,3.9836,N,N,07/2013,Analyst
49-3011.00,1.A.1.e.3,Perceptual Speed,IM,3.12,8,0.125,2.88,3.37,N,,07/2013,Analyst
49-3011.00,1.A.1.e.3,Perceptual Speed,LV,3.62,8,0.183,3.2664,3.9836,N,N,07/2013,Analyst
49-3011.00,1.A.1.f.1,Spatial Orientation,IM,2.12,8,0.125,1.88,2.37,N,,07/2013,Analyst
49-3011.00,1.A.1.f.1,Spatial Orientation,LV,2.0,8,0.0,2.0,2.0,N,N,07/2013,Analyst
49-3011.00,1.A.1.f.2,Visualization,IM,3.12,8,0.125,2.88,3.37,N,,07/2013,Analyst
49-3011.00,1.A.1.f.2,Visualization,LV,4.0,8,0.0,4.0,4.0,N,N,07/2013,Analyst
49-3011.00,1.A.1.g.1,Selective Attention,IM,3.0,8,0.0,3.0,3.0,N,,07/2013,Analyst
49-3011.00,1.A.1.g.1,Selective Attention,LV,3.12,8,0.125,2.88,3.37,N,N,07/2013,Analyst
49-3011.00,1.A.1.g.2,Time Sharing,IM,2.88,8,0.125,2.63,3.12,N,,07/2013,Analyst
49-3011.00,1.A.1.g.2,Time Sharing,LV,2.88,8,0.125,2.63,3.12,N,N,07/2013,Analyst
49-3011.00,1.A.2.a.1,Arm-Hand Steadiness,IM,3.88,8,0.125,3.63,4.12,N,,07/2013,Analyst
49-3011.00,1.A.2.a.1,Arm-Hand Steadiness,LV,3.75,8,0.1637,3.4292,4.0708,N,N,07/2013,Analyst
49-3011.00,1.A.2.a.2,Manual Dexterity,IM,3.88,8,0.125,3.63,4.12,N,,07/2013,Analyst
49-3011.00,1.A.2.a.2,Manual Dexterity,LV,4.12,8,0.125,3.88,4.37,N,N,07/2013,Analyst
49-3011.00,1.A.2.a.3,Finger Dexterity,IM,4.0,8,0.0,4.0,4.0,N,,07/2013,Analyst
49-3011.00,1.A.2.a.3,Finger Dexterity,LV,4.12,8,0.125,3.88,4.37,N,N,07/2013,Analyst
49-3011.00,1.A.2.b.1,Control Precision,IM,4.0,8,0.0,4.0,4.0,N,,07/2013,Analyst
49-3011.00,1.A.2.b.1,Control Precision,LV,4.0,8,0.0,4.0,4.0,N,N,07/2013,Analyst
49-3011.00,1.A.2.b.2,Multilimb Coordination,IM,3.62,8,0.183,3.2664,3.9836,N,,07/2013,Analyst
49-3011.00,1.A.2.b.2,Multilimb Coordination,LV,3.88,8,0.125,3.63,4.12,N,N,07/2013,Analyst
49-3011.00,1.A.2.b.3,Response Orientation,IM,2.62,8,0.183,2.2664,2.9836,N,,07/2013,Analyst
49-3011.00,1.A.2.b.3,Response Orientation,LV,3.0,8,0.0,3.0,3.0,N,N,07/2013,Analyst
49-3011.00,1.A.2.b.4,Rate Control,IM,2.88,8,0.125,2.63,3.12,N,,07/2013,Analyst
49-3011.00,1.A.2.b.4,Rate Control,LV,2.88,8,0.125,2.63,3.12,N,N,07/2013,Analyst
49-3011.00,1.A.2.c.1,Reaction Time,IM,3.0,8,0.0,3.0,3.0,N,,07/2013,Analyst
49-3011.00,1.A.2.c.1,Reaction Time,LV,3.25,8,0.1637,2.9292,3.5708,N,N,07/2013,Analyst
49-3011.00,1.A.2.c.2,Wrist-Finger Speed,IM,2.0,8,0.0,2.0,2.0,N,,07/2013,Analyst
49-3011.00,1.A.2.c.2,Wrist-Finger Speed,LV,2.12,8,0.125,1.88,2.37,N,N,07/2013,Analyst
49-3011.00,1.A.2.c.3,Speed of Limb Movement,IM,2.0,8,0.0,2.0,2.0,N,,07/2013,Analyst
49-3011.00,1.A.2.c.3,Speed of Limb Movement,LV,2.12,8,0.125,1.88,2.37,N,N,07/2013,Analyst
49-3011.00,1.A.3.a.1,Static Strength,IM,2.88,8,0.125,2.63,3.12,N,,07/2013,Analyst
49-3011.00,1.A.3.a.1,Static Strength,LV,3.0,8,0.189,2.6296,3.3704,N,N,07/2013,Analyst
49-3011.00,1.A.3.a.2,Explosive Strength,IM,1.25,8,0.1637,1.0,1.5708,N,,07/2013,Analyst
49-3011.00,1.A.3.a.2,Explosive Strength,LV,0.38,8,0.2631,0.0,0.8906,N,Y,07/2013,Analyst
49-3011.00,1.A.3.a.3,Dynamic Strength,IM,2.12,8,0.125,1.88,2.37,N,,07/2013,Analyst
49-3011.00,1.A.3.a.3,Dynamic Strength,LV,2.12,8,0.125,1.88,2.37,N,N,07/2013,Analyst
49-3011.00,1.A.3.a.4,Trunk Strength,IM,2.88,8,0.125,2.63,3.12,N,,07/2013,Analyst
49-3011.00,1.A.3.a.4,Trunk Strength,LV,3.0,8,0.0,3.0,3.0,N,N,07/2013,Analyst
49-3011.00,1.A.3.b.1,Stamina,IM,2.25,8,0.1637,1.9292,2.5708,N,,07/2013,Analyst
49-3011.00,1.A.3.b.1,Stamina,LV,2.25,8,0.1637,1.9292,2.5708,N,N,07/2013,Analyst
49-3011.00,1.A.3.c.1,Extent Flexibility,IM,3.0,8,0.189,2.6296,3.3704,N,,07/2013,Analyst
49-3011.00,1.A.3.c.1,Extent Flexibility,LV,3.38,8,0.183,3.0164,3.7336,N,N,07/2013,Analyst
49-3011.00,1.A.3.c.2,Dynamic Flexibility,IM,1.38,8,0.183,1.0164,1.7336,N,,07/2013,Analyst
49-3011.00,1.A.3.c.2,Dynamic Flexibility,LV,0.38,8,0.183,0.0164,0.7336,N,N,07/2013,Analyst
49-3011.00,1.A.3.c.3,Gross Body Coordination,IM,2.12,8,0.125,1.88,2.37,N,,07/2013,Analyst
49-3011.00,1.A.3.c.3,Gross Body Coordination,LV,2.12,8,0.125,1.88,2.37,N,N,07/2013,Analyst
49-3011.00,1.A.3.c.4,Gross Body Equilibrium,IM,2.12,8,0.2266,1.6809,2.5691,N,,07/2013,Analyst
49-3011.00,1.A.3.c.4,Gross Body Equilibrium,LV,1.88,8,0.295,1.2967,2.4533,N,N,07/2013,Analyst
49-3011.00,1.A.4.a.1,Near Vision,IM,3.88,8,0.125,3.63,4.12,N,,07/2013,Analyst
49-3011.00,1.A.4.a.1,Near Vision,LV,4.12,8,0.125,3.88,4.37,N,N,07/2013,Analyst
49-3011.00,1.A.4.a.2,Far Vision,IM,2.88,8,0.125,2.63,3.12,N,,07/2013,Analyst
49-3011.00,1.A.4.a.2,Far Vision,LV,3.12,8,0.2266,2.6809,3.5691,N,N,07/2013,Analyst
49-3011.00,1.A.4.a.3,Visual Color Discrimination,IM,3.25,8,0.1637,2.9292,3.5708,N,,07/2013,Analyst
49-3011.00,1.A.4.a.3,Visual Color Discrimination,LV,3.88,8,0.125,3.63,4.12,N,N,07/2013,Analyst
49-3011.00,1.A.4.a.4,Night Vision,IM,2.0,8,0.0,2.0,2.0,N,,07/2013,Analyst
49-3011.00,1.A.4.a.4,Night Vision,LV,1.88,8,0.2266,1.4309,2.3191,N,N,07/2013,Analyst
49-3011.00,1.A.4.a.5,Peripheral Vision,IM,2.0,8,0.0,2.0,2.0,N,,07/2013,Analyst
49-3011.00,1.A.4.a.5,Peripheral Vision,LV,1.25,8,0.1637,0.9292,1.5708,N,N,07/2013,Analyst
49-3011.00,1.A.4.a.6,Depth Perception,IM,2.88,8,0.125,2.63,3.12,N,,07/2013,Analyst
49-3011.00,1.A.4.a.6,Depth Perception,LV,3.0,8,0.189,2.6296,3.3704,N,N,07/2013,Analyst
49-3011.00,1.A.4.a.7,Glare Sensitivity,IM,2.0,8,0.0,2.0,2.0,N,,07/2013,Analyst
49-3011.00,1.A.4.a.7,Glare Sensitivity,LV,1.88,8,0.125,1.63,2.12,N,N,07/2013,Analyst
49-3011.00,1.A.4.b.1,Hearing Sensitivity,IM,3.12,8,0.125,2.88,3.37,N,,07/2013,Analyst
49-3011.00,1.A.4.b.1,Hearing Sensitivity,LV,3.38,8,0.183,3.0164,3.7336,N,N,07/2013,Analyst
49-3011.00,1.A.4.b.2,Auditory Attention,IM,3.0,8,0.0,3.0,3.0,N,,07/2013,Analyst
49-3011.00,1.A.4.b.2,Auditory Attention,LV,3.12,8,0.125,2.88,3.37,N,N,07/2013,Analyst
49-3011.00,1.A.4.b.3,Sound Localization,IM,2.0,8,0.0,2.0,2.0,N,,07/2013,Analyst
49-3011.00,1.A.4.b.3,Sound Localization,LV,2.0,8,0.0,2.0,2.0,N,N,07/2013,Analyst
49-3011.00,1.A.4.b.4,Speech Recognition,IM,3.12,8,0.125,2.88,3.37,N,,07/2013,Analyst
49-3011.00,1.A.4.b.4,Speech Recognition,LV,3.0,8,0.0,3.0,3.0,N,N,07/2013,Analyst
49-3011.00,1.A.4.b.5,Speech Clarity,IM,3.0,8,0.0,3.0,3.0,N,,07/2013,Analyst
49-3011.00,1.A.4.b.5,Speech Clarity,LV,3.0,8,0.0,3.0,3.0,N,N,07/2013,Analyst
49-3021.00,1.A.1.a.1,Oral Comprehension,IM,3.25,8,0.1637,2.9292,3.5708,N,,08/2019,Analyst
49-3021.00,1.A.1.a.1,Oral Comprehension,LV,3.5,8,0.189,3.1296,3.8704,N,N,08/2019,Analyst
49-3021.00,1.A.1.a.2,Written Comprehension,IM,3.0,8,0.189,2.6296,3.3704,N,,08/2019,Analyst
49-3021.00,1.A.1.a.2,Written Comprehension,LV,2.88,8,0.125,2.63,3.12,N,N,08/2019,Analyst
49-3021.00,1.A.1.a.3,Oral Expression,IM,3.12,8,0.125,2.88,3.37,N,,08/2019,Analyst
49-3021.00,1.A.1.a.3,Oral Expression,LV,3.12,8,0.125,2.88,3.37,N,N,08/2019,Analyst
49-3021.00,1.A.1.a.4,Written Expression,IM,2.25,8,0.1637,1.9292,2.5708,N,,08/2019,Analyst
49-3021.00,1.A.1.a.4,Written Expression,LV,2.12,8,0.125,1.88,2.37,N,N,08/2019,Analyst
49-3021.00,1.A.1.b.1,Fluency of Ideas,IM,2.88,8,0.125,2.63,3.12,N,,08/2019,Analyst
49-3021.00,1.A.1.b.1,Fluency of Ideas,LV,2.75,8,0.1637,2.4292,3.0708,N,N,08/2019,Analyst
49-3021.00,1.A.1.b.2,Originality,IM,2.88,8,0.125,2.63,3.12,N,,08/2019,Analyst
49-3021.00,1.A.1.b.2,Originality,LV,2.38,8,0.183,2.0164,2.7336,N,N,08/2019,Analyst
49-3021.00,1.A.1.b.3,Problem Sensitivity,IM,3.25,8,0.1637,2.9292,3.5708,N,,08/2019,Analyst
49-3021.00,1.A.1.b.3,Problem Sensitivity,LV,3.12,8,0.125,2.88,3.37,N,N,08/2019,Analyst
49-3021.00,1.A.1.b.4,Deductive Reasoning,IM,2.88,8,0.125,2.63,3.12,N,,08/2019,Analyst
49-3021.00,1.A.1.b.4,Deductive Reasoning,LV,3.0,8,0.0,3.0,3.0,N,N,08/2019,Analyst
49-3021.00,1.A.1.b.5,Inductive Reasoning,IM,2.88,8,0.125,2.63,3.12,N,,08/2019,Analyst
49-3021.00,1.A.1.b.5,Inductive Reasoning,LV,3.0,8,0.0,3.0,3.0,N,N,08/2019,Analyst
49-3021.00,1.A.1.b.6,Information Ordering,IM,3.25,8,0.1637,2.9292,3.5708,N,,08/2019,Analyst
49-3021.00,1.A.1.b.6,Information Ordering,LV,3.12,8,0.125,2.88,3.37,N,N,08/2019,Analyst
49-3021.00,1.A.1.b.7,Category Flexibility,IM,3.12,8,0.125,2.88,3.37,N,,08/2019,Analyst
49-3021.00,1.A.1.b.7,Category Flexibility,LV,3.0,8,0.0,3.0,3.0,N,N,08/2019,Analyst
49-3021.00,1.A.1.c.1,Mathematical Reasoning,IM,2.12,8,0.125,1.88,2.37,N,,08/2019,Analyst
49-3021.00,1.A.1.c.1,Mathematical Reasoning,LV,2.0,8,0.0,2.0,2.0,N,N,08/2019,Analyst
49-3021.00,1.A.1.c.2,Number Facility,IM,2.12,8,0.125,1.88,2.37,N,,08/2019,Analyst
49-3021.00,1.A.1.c.2,Number Facility,LV,2.25,8,0.1637,1.9292,2.5708,N,N,08/2019,Analyst
49-3021.00,1.A.1.d.1,Memorization,IM,2.0,8,0.0,2.0,2.0,N,,08/2019,Analyst
49-3021.00,1.A.1.d.1,Memorization,LV,2.12,8,0.125,1.88,2.37,N,N,08/2019,Analyst
49-3021.00,1.A.1.e.1,Speed of Closure,IM,2.12,8,0.125,1.88,2.37,N,,08/2019,Analyst
49-3021.00,1.A.1.e.1,Speed of Closure,LV,1.88,8,0.125,1.63,2.12,N,N,08/2019,Analyst
49-3021.00,1.A.1.e.2,Flexibility of Closure,IM,3.0,8,0.0,3.0,3.0,N,,08/2019,Analyst
49-3021.00,1.A.1.e.2,Flexibility of Closure,LV,3.0,8,0.0,3.0,3.0,N,N,08/2019,Analyst
49-3021.00,1.A.1.e.3,Perceptual Speed,IM,2.88,8,0.125,2.63,3.12,N,,08/2019,Analyst
49-3021.00,1.A.1.e.3,Perceptual Speed,LV,2.88,8,0.125,2.63,3.12,N,N,08/2019,Analyst
49-3021.00,1.A.1.f.1,Spatial Orientation,IM,2.0,8,0.0,2.0,2.0,N,,08/2019,Analyst
49-3021.00,1.A.1.f.1,Spatial Orientation,LV,1.88,8,0.125,1.63,2.12,N,N,08/2019,Analyst
49-3021.00,1.A.1.f.2,Visualization,IM,3.38,8,0.183,3.0164,3.7336,N,,08/2019,Analyst
49-3021.00,1.A.1.f.2,Visualization,LV,3.88,8,0.125,3.63,4.12,N,N,08/2019,Analyst
49-3021.00,1.A.1.g.1,Selective Attention,IM,3.12,8,0.125,2.88,3.37,N,,08/2019,Analyst
49-3021.00,1.A.1.g.1,Selective Attention,LV,3.0,8,0.189,2.6296,3.3704,N,N,08/2019,Analyst
49-3021.00,1.A.1.g.2,Time Sharing,IM,2.25,8,0.1637,1.9292,2.5708,N,,08/2019,Analyst
49-3021.00,1.A.1.g.2,Time Sharing,LV,2.25,8,0.1637,1.9292,2.5708,N,N,08/2019,Analyst
49-3021.00,1.A.2.a.1,Arm-Hand Steadiness,IM,3.5,8,0.189,3.1296,3.8704,N,,08/2019,Analyst
49-3021.00,1.A.2.a.1,Arm-Hand Steadiness,LV,3.25,8,0.1637,2.9292,3.5708,N,N,08/2019,Analyst
49-3021.00,1.A.2.a.2,Manual Dexterity,IM,3.38,8,0.183,3.0164,3.7336,N,,08/2019,Analyst
49-3021.00,1.A.2.a.2,Manual Dexterity,LV,3.25,8,0.1637,2.9292,3.5708,N,N,08/2019,Analyst
49-3021.00,1.A.2.a.3,Finger Dexterity,IM,3.25,8,0.1637,2.9292,3.5708,N,,08/2019,Analyst
49-3021.00,1.A.2.a.3,Finger Dexterity,LV,3.25,8,0.1637,2.9292,3.5708,N,N,08/2019,Analyst
49-3021.00,1.A.2.b.1,Control Precision,IM,3.12,8,0.125,2.88,3.37,N,,08/2019,Analyst
49-3021.00,1.A.2.b.1,Control Precision,LV,3.12,8,0.125,2.88,3.37,N,N,08/2019,Analyst
49-3021.00,1.A.2.b.2,Multilimb Coordination,IM,3.12,8,0.125,2.88,3.37,N,,08/2019,Analyst
49-3021.00,1.A.2.b.2,Multilimb Coordination,LV,3.0,8,0.0,3.0,3.0,N,N,08/2019,Analyst
49-3021.00,1.A.2.b.3,Response Orientation,IM,2.12,8,0.125,1.88,2.37,N,,08/2019,Analyst
49-3021.00,1.A.2.b.3,Response Orientation,LV,2.38,8,0.183,2.0164,2.7336,N,N,08/2019,Analyst
49-3021.00,1.A.2.b.4,Rate Control,IM,2.12,8,0.125,1.88,2.37,N,,08/2019,Analyst
49-3021.00,1.A.2.b.4,Rate Control,LV,2.0,8,0.189,1.6296,2.3704,N,N,08/2019,Analyst
49-3021.00,1.A.2.c.1,Reaction Time,IM,2.75,8,0.1637,2.4292,3.0708,N,,08/2019,Analyst
49-3021.00,1.A.2.c.1,Reaction Time,LV,2.75,8,0.1637,2.4292,3.0708,N,N,08/2019,Analyst
49-3021.00,1.A.2.c.2,Wrist-Finger Speed,IM,2.5,8,0.189,2.1296,2.8704,N,,08/2019,Analyst
49-3021.00,1.A.2.c.2,Wrist-Finger Speed,LV,2.38,8,0.2631,1.8594,2.8906,N,N,08/2019,Analyst
49-3021.00,1.A.2.c.3,Speed of Limb Movement,IM,2.38,8,0.2631,1.8594,2.8906,N,,08/2019,Analyst
49-3021.00,1.A.2.c.3,Speed of Limb Movement,LV,2.25,8,0.366,1.5327,2.9673,N,N,08/2019,Analyst
49-3021.00,1.A.3.a.1,Static Strength,IM,3.0,8,0.0,3.0,3.0,N,,08/2019,Analyst
49-3021.00,1.A.3.a.1,Static Strength,LV,3.12,8,0.125,2.88,3.37,N,N,08/2019,Analyst
49-3021.00,1.A.3.a.2,Explosive Strength,IM,2.25,8,0.1637,1.9292,2.5708,N,,08/2019,Analyst
49-3021.00,1.A.3.a.2,Explosive Strength,LV,2.0,8,0.2673,1.4762,2.5238,N,N,08/2019,Analyst
49-3021.00,1.A.3.a.3,Dynamic Strength,IM,2.62,8,0.183,2.2664,2.9836,N,,08/2019,Analyst
49-3021.00,1.A.3.a.3,Dynamic Strength,LV,2.25,8,0.1637,1.9292,2.5708,N,N,08/2019,Analyst
49-3021.00,1.A.3.a.4,Trunk Strength,IM,3.0,8,0.0,3.0,3.0,N,,08/2019,Analyst
49-3021.00,1.A.3.a.4,Trunk Strength,LV,3.12,8,0.125,2.88,3.37,N,N,08/2019,Analyst
49-3021.00,1.A.3.b.1,Stamina,IM,2.62,8,0.183,2.2664,2.9836,N,,08/2019,Analyst
49-3021.00,1.A.3.b.1,Stamina,LV,2.38,8,0.183,2.0164,2.7336,N,N,08/2019,Analyst
49-3021.00,1.A.3.c.1,Extent Flexibility,IM,3.0,8,0.0,3.0,3.0,N,,08/2019,Analyst
49-3021.00,1.A.3.c.1,Extent Flexibility,LV,3.88,8,0.125,3.63,4.12,N,N,08/2019,Analyst
49-3021.00,1.A.3.c.2,Dynamic Flexibility,IM,1.88,8,0.125,1.63,2.12,N,,08/2019,Analyst
49-3021.00,1.A.3.c.2,Dynamic Flexibility,LV,1.0,8,0.189,0.6296,1.3704,N,N,08/2019,Analyst
49-3021.00,1.A.3.c.3,Gross Body Coordination,IM,2.5,8,0.189,2.1296,2.8704,N,,08/2019,Analyst
49-3021.00,1.A.3.c.3,Gross Body Coordination,LV,2.5,8,0.189,2.1296,2.8704,N,N,08/2019,Analyst
49-3021.00,1.A.3.c.4,Gross Body Equilibrium,IM,2.5,8,0.189,2.1296,2.8704,N,,08/2019,Analyst
49-3021.00,1.A.3.c.4,Gross Body Equilibrium,LV,2.0,8,0.189,1.6296,2.3704,N,N,08/2019,Analyst
49-3021.00,1.A.4.a.1,Near Vision,IM,3.25,8,0.1637,2.9292,3.5708,N,,08/2019,Analyst
49-3021.00,1.A.4.a.1,Near Vision,LV,3.88,8,0.125,3.63,4.12,N,N,08/2019,Analyst
49-3021.00,1.A.4.a.2,Far Vision,IM,2.88,8,0.125,2.63,3.12,N,,08/2019,Analyst
49-3021.00,1.A.4.a.2,Far Vision,LV,3.12,8,0.125,2.88,3.37,N,N,08/2019,Analyst
49-3021.00,1.A.4.a.3,Visual Color Discrimination,IM,3.25,8,0.1637,2.9292,3.5708,N,,08/2019,Analyst
49-3021.00,1.A.4.a.3,Visual Color Discrimination,LV,3.75,8,0.1637,3.4292,4.0708,N,N,08/2019,Analyst
49-3021.00,1.A.4.a.4,Night Vision,IM,2.0,8,0.0,2.0,2.0,N,,08/2019,Analyst
49-3021.00,1.A.4.a.4,Night Vision,LV,1.5,8,0.189,1.1296,1.8704,N,N,08/2019,Analyst
49-3021.00,1.A.4.a.5,Peripheral Vision,IM,2.0,8,0.0,2.0,2.0,N,,08/2019,Analyst
49-3021.00,1.A.4.a.5,Peripheral Vision,LV,1.75,8,0.1637,1.4292,2.0708,N,N,08/2019,Analyst
49-3021.00,1.A.4.a.6,Depth Perception,IM,2.75,8,0.1637,2.4292,3.0708,N,,08/2019,Analyst
49-3021.00,1.A.4.a.6,Depth Perception,LV,2.75,8,0.1637,2.4292,3.0708,N,N,08/2019,Analyst
49-3021.00,1.A.4.a.7,Glare Sensitivity,IM,2.0,8,0.0,2.0,2.0,N,,08/2019,Analyst
49-3021.00,1.A.4.a.7,Glare Sensitivity,LV,1.5,8,0.189,1.1296,1.8704,N,N,08/2019,Analyst
49-3021.00,1.A.4.b.1,Hearing Sensitivity,IM,2.88,8,0.125,2.63,3.12,N,,08/2019,Analyst
49-3021.00,1.A.4.b.1,Hearing Sensitivity,LV,2.25,8,0.25,1.76,2.74,N,N,08/2019,Analyst
49-3021.00,1.A.4.b.2,Auditory Attention,IM,3.0,8,0.0,3.0,3.0,N,,08/2019,Analyst
49-3021.00,1.A.4.b.2,Auditory Attention,LV,2.88,8,0.125,2.63,3.12,N,N,08/2019,Analyst
49-3021.00,1.A.4.b.3,Sound Localization,IM,2.0,8,0.0,2.0,2.0,N,,08/2019,Analyst
49-3021.00,1.A.4.b.3,Sound Localization,LV,1.62,8,0.183,1.2664,1.9836,N,N,08/2019,Analyst
49-3021.00,1.A.4.b.4,Speech Recognition,IM,3.12,8,0.125,2.88,3.37,N,,08/2019,Analyst
49-3021.00,1.A.4.b.4,Speech Recognition,LV,2.75,8,0.1637,2.4292,3.0708,N,N,08/2019,Analyst
49-3021.00,1.A.4.b.5,Speech Clarity,IM,3.0,8,0.0,3.0,3.0,N,,08/2019,Analyst
49-3021.00,1.A.4.b.5,Speech Clarity,LV,2.88,8,0.125,2.63,3.12,N,N,08/2019,Analyst
49-3022.00,1.A.1.a.1,Oral Comprehension,IM,3.0,8,0.0,3.0,3.0,N,,07/2014,Analyst
49-3022.00,1.A.1.a.1,Oral Comprehension,LV,2.88,8,0.125,2.63,3.12,N,N,07/2014,Analyst
49-3022.00,1.A.1.a.2,Written Comprehension,IM,2.62,8,0.183,2.2664,2.9836,N,,07/2014,Analyst
49-3022.00,1.A.1.a.2,Written Comprehension,LV,2.5,8,0.189,2.1296,2.8704,N,N,07/2014,Analyst
49-3022.00,1.A.1.a.3,Oral Expression,IM,3.0,8,0.0,3.0,3.0,N,,07/2014,Analyst
49-3022.00,1.A.1.a.3,Oral Expression,LV,2.88,8,0.125,2.63,3.12,N,N,07/2014,Analyst
49-3022.00,1.A.1.a.4,Written Expression,IM,2.5,8,0.189,2.1296,2.8704,N,,07/2014,Analyst
49-3022.00,1.A.1.a.4,Written Expression,LV,2.12,8,0.2266,1.6809,2.5691,N,N,07/2014,Analyst
49-3022.00,1.A.1.b.1,Fluency of Ideas,IM,2.12,8,0.125,1.88,2.37,N,,07/2014,Analyst
49-3022.00,1.A.1.b.1,Fluency of Ideas,LV,1.88,8,0.125,1.63,2.12,N,N,07/2014,Analyst
49-3022.00,1.A.1.b.2,Originality,IM,2.0,8,0.0,2.0,2.0,N,,07/2014,Analyst
49-3022.00,1.A.1.b.2,Originality,LV,2.0,8,0.0,2.0,2.0,N,N,07/2014,Analyst
49-3022.00,1.A.1.b.3,Problem Sensitivity,IM,3.0,8,0.0,3.0,3.0,N,,07/2014,Analyst
49-3022.00,1.A.1.b.3,Problem Sensitivity,LV,2.75,8,0.1637,2.4292,3.0708,N,N,07/2014,Analyst
49-3022.00,1.A.1.b.4,Deductive Reasoning,IM,3.0,8,0.0,3.0,3.0,N,,07/2014,Analyst
49-3022.00,1.A.1.b.4,Deductive Reasoning,LV,2.88,8,0.125,2.63,3.12,N,N,07/2014,Analyst
49-3022.00,1.A.1.b.5,Inductive Reasoning,IM,2.88,8,0.125,2.63,3.12,N,,07/2014,Analyst
49-3022.00,1.A.1.b.5,Inductive Reasoning,LV,2.75,8,0.1637,2.4292,3.0708,N,N,07/2014,Analyst
49-3022.00,1.A.1.b.6,Information Ordering,IM,3.0,8,0.0,3.0,3.0,N,,07/2014,Analyst
49-3022.00,1.A.1.b.6,Information Ordering,LV,2.88,8,0.125,2.63,3.12,N,N,07/2014,Analyst
49-3022.00,1.A.1.b.7,Category Flexibility,IM,2.62,8,0.183,2.2664,2.9836,N,,07/2014,Analyst
49-3022.00,1.A.1.b.7,Category Flexibility,LV,2.25,8,0.1637,1.9292,2.5708,N,N,07/2014,Analyst
49-3022.00,1.A.1.c.1,Mathematical Reasoning,IM,1.88,8,0.125,1.63,2.12,N,,07/2014,Analyst
49-3022.00,1.A.1.c.1,Mathematical Reasoning,LV,1.5,8,0.2673,0.9762,2.0238,N,N,07/2014,Analyst
49-3022.00,1.A.1.c.2,Number Facility,IM,2.0,8,0.0,2.0,2.0,N,,07/2014,Analyst
49-3022.00,1.A.1.c.2,Number Facility,LV,1.75,8,0.1637,1.4292,2.0708,N,N,07/2014,Analyst
49-3022.00,1.A.1.d.1,Memorization,IM,1.88,8,0.125,1.63,2.12,N,,07/2014,Analyst
49-3022.00,1.A.1.d.1,Memorization,LV,1.75,8,0.25,1.26,2.24,N,N,07/2014,Analyst
49-3022.00,1.A.1.e.1,Speed of Closure,IM,2.0,8,0.0,2.0,2.0,N,,07/2014,Analyst
49-3022.00,1.A.1.e.1,Speed of Closure,LV,1.88,8,0.125,1.63,2.12,N,N,07/2014,Analyst
49-3022.00,1.A.1.e.2,Flexibility of Closure,IM,2.12,8,0.2266,1.6809,2.5691,N,,07/2014,Analyst
49-3022.00,1.A.1.e.2,Flexibility of Closure,LV,2.0,8,0.3273,1.3584,2.6416,N,N,07/2014,Analyst
49-3022.00,1.A.1.e.3,Perceptual Speed,IM,2.5,8,0.189,2.1296,2.8704,N,,07/2014,Analyst
49-3022.00,1.A.1.e.3,Perceptual Speed,LV,2.12,8,0.125,1.88,2.37,N,N,07/2014,Analyst
49-3022.00,1.A.1.f.1,Spatial Orientation,IM,1.88,8,0.125,1.63,2.12,N,,07/2014,Analyst
49-3022.00,1.A.1.f.1,Spatial Orientation,LV,1.75,8,0.25,1.26,2.24,N,N,07/2014,Analyst
49-3022.00,1.A.1.f.2,Visualization,IM,3.0,8,0.0,3.0,3.0,N,,07/2014,Analyst
49-3022.00,1.A.1.f.2,Visualization,LV,3.0,8,0.0,3.0,3.0,N,N,07/2014,Analyst
49-3022.00,1.A.1.g.1,Selective Attention,IM,2.75,8,0.1637,2.4292,3.0708,N,,07/2014,Analyst
49-3022.00,1.A.1.g.1,Selective Attention,LV,2.75,8,0.1637,2.4292,3.0708,N,N,07/2014,Analyst
49-3022.00,1.A.1.g.2,Time Sharing,IM,2.5,8,0.2673,1.9762,3.0238,N,,07/2014,Analyst
49-3022.00,1.A.1.g.2,Time Sharing,LV,2.38,8,0.375,1.64,3.11,N,N,07/2014,Analyst
49-3022.00,1.A.2.a.1,Arm-Hand Steadiness,IM,3.0,8,0.0,3.0,3.0,N,,07/2014,Analyst
49-3022.00,1.A.2.a.1,Arm-Hand Steadiness,LV,3.0,8,0.0,3.0,3.0,N,N,07/2014,Analyst
49-3022.00,1.A.2.a.2,Manual Dexterity,IM,3.12,8,0.125,2.88,3.37,N,,07/2014,Analyst
49-3022.00,1.A.2.a.2,Manual Dexterity,LV,3.0,8,0.0,3.0,3.0,N,N,07/2014,Analyst
49-3022.00,1.A.2.a.3,Finger Dexterity,IM,3.0,8,0.0,3.0,3.0,N,,07/2014,Analyst
49-3022.00,1.A.2.a.3,Finger Dexterity,LV,3.0,8,0.0,3.0,3.0,N,N,07/2014,Analyst
49-3022.00,1.A.2.b.1,Control Precision,IM,3.0,8,0.0,3.0,3.0,N,,07/2014,Analyst
49-3022.00,1.A.2.b.1,Control Precision,LV,3.0,8,0.0,3.0,3.0,N,N,07/2014,Analyst
49-3022.00,1.A.2.b.2,Multilimb Coordination,IM,3.12,8,0.125,2.88,3.37,N,,07/2014,Analyst
49-3022.00,1.A.2.b.2,Multilimb Coordination,LV,2.88,8,0.125,2.63,3.12,N,N,07/2014,Analyst
49-3022.00,1.A.2.b.3,Response Orientation,IM,1.88,8,0.125,1.63,2.12,N,,07/2014,Analyst
49-3022.00,1.A.2.b.3,Response Orientation,LV,2.0,8,0.3273,1.3584,2.6416,N,N,07/2014,Analyst
49-3022.00,1.A.2.b.4,Rate Control,IM,1.88,8,0.125,1.63,2.12,N,,07/2014,Analyst
49-3022.00,1.A.2.b.4,Rate Control,LV,1.75,8,0.25,1.26,2.24,N,N,07/2014,Analyst
49-3022.00,1.A.2.c.1,Reaction Time,IM,2.0,8,0.0,2.0,2.0,N,,07/2014,Analyst
49-3022.00,1.A.2.c.1,Reaction Time,LV,2.12,8,0.125,1.88,2.37,N,N,07/2014,Analyst
49-3022.00,1.A.2.c.2,Wrist-Finger Speed,IM,2.0,8,0.0,2.0,2.0,N,,07/2014,Analyst
49-3022.00,1.A.2.c.2,Wrist-Finger Speed,LV,2.0,8,0.0,2.0,2.0,N,N,07/2014,Analyst
49-3022.00,1.A.2.c.3,Speed of Limb Movement,IM,2.25,8,0.25,1.76,2.74,N,,07/2014,Analyst
49-3022.00,1.A.2.c.3,Speed of Limb Movement,LV,2.0,8,0.0,2.0,2.0,N,N,07/2014,Analyst
49-3022.00,1.A.3.a.1,Static Strength,IM,3.12,8,0.125,2.88,3.37,N,,07/2014,Analyst
49-3022.00,1.A.3.a.1,Static Strength,LV,3.12,8,0.125,2.88,3.37,N,N,07/2014,Analyst
49-3022.00,1.A.3.a.2,Explosive Strength,IM,1.12,8,0.125,1.0,1.37,N,,07/2014,Analyst
49-3022.00,1.A.3.a.2,Explosive Strength,LV,0.12,8,0.125,0.0,0.37,N,Y,07/2014,Analyst
49-3022.00,1.A.3.a.3,Dynamic Strength,IM,2.12,8,0.125,1.88,2.37,N,,07/2014,Analyst
49-3022.00,1.A.3.a.3,Dynamic Strength,LV,1.75,8,0.25,1.26,2.24,N,N,07/2014,Analyst
49-3022.00,1.A.3.a.4,Trunk Strength,IM,2.88,8,0.2266,2.4309,3.3191,N,,07/2014,Analyst
49-3022.00,1.A.3.a.4,Trunk Strength,LV,2.88,8,0.125,2.63,3.12,N,N,07/2014,Analyst
49-3022.00,1.A.3.b.1,Stamina,IM,2.5,8,0.189,2.1296,2.8704,N,,07/2014,Analyst
49-3022.00,1.A.3.b.1,Stamina,LV,2.0,8,0.0,2.0,2.0,N,N,07/2014,Analyst
49-3022.00,1.A.3.c.1,Extent Flexibility,IM,3.0,8,0.0,3.0,3.0,N,,07/2014,Analyst
49-3022.00,1.A.3.c.1,Extent Flexibility,LV,3.0,8,0.0,3.0,3.0,N,N,07/2014,Analyst
49-3022.00,1.A.3.c.2,Dynamic Flexibility,IM,1.38,8,0.183,1.0164,1.7336,N,,07/2014,Analyst
49-3022.00,1.A.3.c.2,Dynamic Flexibility,LV,0.38,8,0.183,0.0164,0.7336,N,N,07/2014,Analyst
49-3022.00,1.A.3.c.3,Gross Body Coordination,IM,2.25,8,0.1637,1.9292,2.5708,N,,07/2014,Analyst
49-3022.00,1.A.3.c.3,Gross Body Coordination,LV,2.12,8,0.125,1.88,2.37,N,N,07/2014,Analyst
49-3022.00,1.A.3.c.4,Gross Body Equilibrium,IM,1.88,8,0.125,1.63,2.12,N,,07/2014,Analyst
49-3022.00,1.A.3.c.4,Gross Body Equilibrium,LV,1.12,8,0.2266,0.6809,1.5691,N,N,07/2014,Analyst
49-3022.00,1.A.4.a.1,Near Vision,IM,3.5,8,0.189,3.1296,3.8704,N,,07/2014,Analyst
49-3022.00,1.A.4.a.1,Near Vision,LV,3.25,8,0.1637,2.9292,3.5708,N,N,07/2014,Analyst
49-3022.00,1.A.4.a.2,Far Vision,IM,2.88,8,0.125,2.63,3.12,N,,07/2014,Analyst
49-3022.00,1.A.4.a.2,Far Vision,LV,2.88,8,0.125,2.63,3.12,N,N,07/2014,Analyst
49-3022.00,1.A.4.a.3,Visual Color Discrimination,IM,2.75,8,0.1637,2.4292,3.0708,N,,07/2014,Analyst
49-3022.00,1.A.4.a.3,Visual Color Discrimination,LV,2.38,8,0.2631,1.8594,2.8906,N,N,07/2014,Analyst
49-3022.00,1.A.4.a.4,Night Vision,IM,1.75,8,0.1637,1.4292,2.0708,N,,07/2014,Analyst
49-3022.00,1.A.4.a.4,Night Vision,LV,1.5,8,0.3273,0.8584,2.1416,N,N,07/2014,Analyst
49-3022.00,1.A.4.a.5,Peripheral Vision,IM,1.88,8,0.125,1.63,2.12,N,,07/2014,Analyst
49-3022.00,1.A.4.a.5,Peripheral Vision,LV,1.5,8,0.2673,0.9762,2.0238,N,N,07/2014,Analyst
49-3022.00,1.A.4.a.6,Depth Perception,IM,2.88,8,0.125,2.63,3.12,N,,07/2014,Analyst
49-3022.00,1.A.4.a.6,Depth Perception,LV,2.75,8,0.1637,2.4292,3.0708,N,N,07/2014,Analyst
49-3022.00,1.A.4.a.7,Glare Sensitivity,IM,2.62,8,0.183,2.2664,2.9836,N,,07/2014,Analyst
49-3022.00,1.A.4.a.7,Glare Sensitivity,LV,2.62,8,0.183,2.2664,2.9836,N,N,07/2014,Analyst
49-3022.00,1.A.4.b.1,Hearing Sensitivity,IM,2.12,8,0.2266,1.6809,2.5691,N,,07/2014,Analyst
49-3022.00,1.A.4.b.1,Hearing Sensitivity,LV,1.88,8,0.295,1.2967,2.4533,N,N,07/2014,Analyst
49-3022.00,1.A.4.b.2,Auditory Attention,IM,2.38,8,0.183,2.0164,2.7336,N,,07/2014,Analyst
49-3022.00,1.A.4.b.2,Auditory Attention,LV,2.0,8,0.0,2.0,2.0,N,N,07/2014,Analyst
49-3022.00,1.A.4.b.3,Sound Localization,IM,1.75,8,0.1637,1.4292,2.0708,N,,07/2014,Analyst
49-3022.00,1.A.4.b.3,Sound Localization,LV,1.25,8,0.3134,0.6358,1.8642,N,N,07/2014,Analyst
49-3022.00,1.A.4.b.4,Speech Recognition,IM,3.0,8,0.0,3.0,3.0,N,,07/2014,Analyst
49-3022.00,1.A.4.b.4,Speech Recognition,LV,2.62,8,0.183,2.2664,2.9836,N,N,07/2014,Analyst
49-3022.00,1.A.4.b.5,Speech Clarity,IM,2.75,8,0.1637,2.4292,3.0708,N,,07/2014,Analyst
49-3022.00,1.A.4.b.5,Speech Clarity,LV,2.62,8,0.2631,2.1094,3.1406,N,N,07/2014,Analyst
49-3023.00,1.A.1.a.1,Oral Comprehension,IM,3.38,8,0.183,3.0164,3.7336,N,,08/2022,Analyst
49-3023.00,1.A.1.a.1,Oral Comprehension,LV,3.62,8,0.183,3.2664,3.9836,N,N,08/2022,Analyst
49-3023.00,1.A.1.a.2,Written Comprehension,IM,3.25,8,0.1637,2.9292,3.5708,N,,08/2022,Analyst
49-3023.00,1.A.1.a.2,Written Comprehension,LV,3.12,8,0.2266,2.6809,3.5691,N,N,08/2022,Analyst
49-3023.00,1.A.1.a.3,Oral Expression,IM,3.12,8,0.125,2.88,3.37,N,,08/2022,Analyst
49-3023.00,1.A.1.a.3,Oral Expression,LV,3.5,8,0.189,3.1296,3.8704,N,N,08/2022,Analyst
49-3023.00,1.A.1.a.4,Written Expression,IM,2.62,8,0.183,2.2664,2.9836,N,,08/2022,Analyst
49-3023.00,1.A.1.a.4,Written Expression,LV,2.5,8,0.189,2.1296,2.8704,N,N,08/2022,Analyst
49-3023.00,1.A.1.b.1,Fluency of Ideas,IM,2.88,8,0.2266,2.4309,3.3191,N,,08/2022,Analyst
49-3023.00,1.A.1.b.1,Fluency of Ideas,LV,2.75,8,0.25,2.26,3.24,N,N,08/2022,Analyst
49-3023.00,1.A.1.b.2,Originality,IM,2.62,8,0.2631,2.1094,3.1406,N,,08/2022,Analyst
49-3023.00,1.A.1.b.2,Originality,LV,2.75,8,0.25,2.26,3.24,N,N,08/2022,Analyst
49-3023.00,1.A.1.b.3,Problem Sensitivity,IM,3.75,8,0.1637,3.4292,4.0708,N,,08/2022,Analyst
49-3023.00,1.A.1.b.3,Problem Sensitivity,LV,3.5,8,0.189,3.1296,3.8704,N,N,08/2022,Analyst
49-3023.00,1.A.1.b.4,Deductive Reasoning,IM,3.88,8,0.125,3.63,4.12,N,,08/2022,Analyst
49-3023.00,1.A.1.b.4,Deductive Reasoning,LV,3.75,8,0.1637,3.4292,4.0708,N,N,08/2022,Analyst
49-3023.00,1.A.1.b.5,Inductive Reasoning,IM,3.75,8,0.1637,3.4292,4.0708,N,,08/2022,Analyst
49-3023.00,1.A.1.b.5,Inductive Reasoning,LV,3.62,8,0.183,3.2664,3.9836,N,N,08/2022,Analyst
49-3023.00,1.A.1.b.6,Information Ordering,IM,3.38,8,0.183,3.0164,3.7336,N,,08/2022,Analyst
49-3023.00,1.A.1.b.6,Information Ordering,LV,3.5,8,0.189,3.1296,3.8704,N,N,08/2022,Analyst
49-3023.00,1.A.1.b.7,Category Flexibility,IM,3.0,8,0.0,3.0,3.0,N,,08/2022,Analyst
49-3023.00,1.A.1.b.7,Category Flexibility,LV,3.0,8,0.0,3.0,3.0,N,N,08/2022,Analyst
49-3023.00,1.A.1.c.1,Mathematical Reasoning,IM,2.12,8,0.125,1.88,2.37,N,,08/2022,Analyst
49-3023.00,1.A.1.c.1,Mathematical Reasoning,LV,2.0,8,0.189,1.6296,2.3704,N,N,08/2022,Analyst
49-3023.00,1.A.1.c.2,Number Facility,IM,2.25,8,0.1637,1.9292,2.5708,N,,08/2022,Analyst
49-3023.00,1.A.1.c.2,Number Facility,LV,2.12,8,0.2266,1.6809,2.5691,N,N,08/2022,Analyst
49-3023.00,1.A.1.d.1,Memorization,IM,2.88,8,0.125,2.63,3.12,N,,08/2022,Analyst
49-3023.00,1.A.1.d.1,Memorization,LV,2.88,8,0.125,2.63,3.12,N,N,08/2022,Analyst
49-3023.00,1.A.1.e.1,Speed of Closure,IM,2.88,8,0.2266,2.4309,3.3191,N,,08/2022,Analyst
49-3023.00,1.A.1.e.1,Speed of Closure,LV,3.0,8,0.2673,2.4762,3.5238,N,N,08/2022,Analyst
49-3023.00,1.A.1.e.2,Flexibility of Closure,IM,3.25,8,0.25,2.76,3.74,N,,08/2022,Analyst
49-3023.00,1.A.1.e.2,Flexibility of Closure,LV,3.5,8,0.2673,2.9762,4.0238,N,N,08/2022,Analyst
49-3023.00,1.A.1.e.3,Perceptual Speed,IM,3.25,8,0.25,2.76,3.74,N,,08/2022,Analyst
49-3023.00,1.A.1.e.3,Perceptual Speed,LV,3.38,8,0.2631,2.8594,3.8906,N,N,08/2022,Analyst
49-3023.00,1.A.1.f.1,Spatial Orientation,IM,2.38,8,0.183,2.0164,2.7336,N,,08/2022,Analyst
49-3023.00,1.A.1.f.1,Spatial Orientation,LV,2.38,8,0.2631,1.8594,2.8906,N,N,08/2022,Analyst
49-3023.00,1.A.1.f.2,Visualization,IM,3.38,8,0.183,3.0164,3.7336,N,,08/2022,Analyst
49-3023.00,1.A.1.f.2,Visualization,LV,3.62,8,0.2631,3.1094,4.1406,N,N,08/2022,Analyst
49-3023.00,1.A.1.g.1,Selective Attention,IM,3.25,8,0.1637,2.9292,3.5708,N,,08/2022,Analyst
49-3023.00,1.A.1.g.1,Selective Attention,LV,2.88,8,0.2266,2.4309,3.3191,N,N,08/2022,Analyst
49-3023.00,1.A.1.g.2,Time Sharing,IM,3.12,8,0.125,2.88,3.37,N,,08/2022,Analyst
49-3023.00,1.A.1.g.2,Time Sharing,LV,2.75,8,0.1637,2.4292,3.0708,N,N,08/2022,Analyst
49-3023.00,1.A.2.a.1,Arm-Hand Steadiness,IM,3.62,8,0.183,3.2664,3.9836,N,,08/2022,Analyst
49-3023.00,1.A.2.a.1,Arm-Hand Steadiness,LV,3.5,8,0.189,3.1296,3.8704,N,N,08/2022,Analyst
49-3023.00,1.A.2.a.2,Manual Dexterity,IM,3.88,8,0.2266,3.4309,4.3191,N,,08/2022,Analyst
49-3023.00,1.A.2.a.2,Manual Dexterity,LV,3.88,8,0.2266,3.4309,4.3191,N,N,08/2022,Analyst
49-3023.00,1.A.2.a.3,Finger Dexterity,IM,3.75,8,0.1637,3.4292,4.0708,N,,08/2022,Analyst
49-3023.00,1.A.2.a.3,Finger Dexterity,LV,3.88,8,0.125,3.63,4.12,N,N,08/2022,Analyst
49-3023.00,1.A.2.b.1,Control Precision,IM,3.62,8,0.183,3.2664,3.9836,N,,08/2022,Analyst
49-3023.00,1.A.2.b.1,Control Precision,LV,3.5,8,0.2673,2.9762,4.0238,N,N,08/2022,Analyst
49-3023.00,1.A.2.b.2,Multilimb Coordination,IM,3.25,8,0.1637,2.9292,3.5708,N,,08/2022,Analyst
49-3023.00,1.A.2.b.2,Multilimb Coordination,LV,3.25,8,0.3134,2.6358,3.8642,N,N,08/2022,Analyst
49-3023.00,1.A.2.b.3,Response Orientation,IM,3.0,8,0.0,3.0,3.0,N,,08/2022,Analyst
49-3023.00,1.A.2.b.3,Response Orientation,LV,2.75,8,0.1637,2.4292,3.0708,N,N,08/2022,Analyst
49-3023.00,1.A.2.b.4,Rate Control,IM,2.5,8,0.3273,1.8584,3.1416,N,,08/2022,Analyst
49-3023.00,1.A.2.b.4,Rate Control,LV,2.12,8,0.3504,1.4383,2.8117,N,N,08/2022,Analyst
49-3023.00,1.A.2.c.1,Reaction Time,IM,2.75,8,0.1637,2.4292,3.0708,N,,08/2022,Analyst
49-3023.00,1.A.2.c.1,Reaction Time,LV,2.75,8,0.25,2.26,3.24,N,N,08/2022,Analyst
49-3023.00,1.A.2.c.2,Wrist-Finger Speed,IM,2.75,8,0.1637,2.4292,3.0708,N,,08/2022,Analyst
49-3023.00,1.A.2.c.2,Wrist-Finger Speed,LV,2.62,8,0.2631,2.1094,3.1406,N,N,08/2022,Analyst
49-3023.00,1.A.2.c.3,Speed of Limb Movement,IM,1.5,8,0.189,1.1296,1.8704,N,,08/2022,Analyst
49-3023.00,1.A.2.c.3,Speed of Limb Movement,LV,0.62,8,0.2631,0.1094,1.1406,N,N,08/2022,Analyst
49-3023.00,1.A.3.a.1,Static Strength,IM,2.88,8,0.295,2.2967,3.4533,N,,08/2022,Analyst
49-3023.00,1.A.3.a.1,Static Strength,LV,2.75,8,0.4119,1.9427,3.5573,N,N,08/2022,Analyst
49-3023.00,1.A.3.a.2,Explosive Strength,IM,2.5,8,0.189,2.1296,2.8704,N,,08/2022,Analyst
49-3023.00,1.A.3.a.2,Explosive Strength,LV,2.25,8,0.1637,1.9292,2.5708,N,N,08/2022,Analyst
49-3023.00,1.A.3.a.3,Dynamic Strength,IM,2.75,8,0.25,2.26,3.24,N,,08/2022,Analyst
49-3023.00,1.A.3.a.3,Dynamic Strength,LV,2.5,8,0.2673,1.9762,3.0238,N,N,08/2022,Analyst
49-3023.00,1.A.3.a.4,Trunk Strength,IM,3.0,8,0.2673,2.4762,3.5238,N,,08/2022,Analyst
49-3023.00,1.A.3.a.4,Trunk Strength,LV,3.0,8,0.2673,2.4762,3.5238,N,N,08/2022,Analyst
49-3023.00,1.A.3.b.1,Stamina,IM,2.5,8,0.189,2.1296,2.8704,N,,08/2022,Analyst
49-3023.00,1.A.3.b.1,Stamina,LV,2.12,8,0.2266,1.6809,2.5691,N,N,08/2022,Analyst
49-3023.00,1.A.3.c.1,Extent Flexibility,IM,3.38,8,0.3239,2.7402,4.0098,N,,08/2022,Analyst
49-3023.00,1.A.3.c.1,Extent Flexibility,LV,4.0,8,0.5345,2.9523,5.0477,Y,N,08/2022,Analyst
49-3023.00,1.A.3.c.2,Dynamic Flexibility,IM,1.88,8,0.2266,1.4309,2.3191,N,,08/2022,Analyst
49-3023.00,1.A.3.c.2,Dynamic Flexibility,LV,1.12,8,0.295,0.5467,1.7033,N,N,08/2022,Analyst
49-3023.00,1.A.3.c.3,Gross Body Coordination,IM,2.12,8,0.2266,1.6809,2.5691,N,,08/2022,Analyst
49-3023.00,1.A.3.c.3,Gross Body Coordination,LV,2.0,8,0.3273,1.3584,2.6416,N,N,08/2022,Analyst
49-3023.00,1.A.3.c.4,Gross Body Equilibrium,IM,2.12,8,0.125,1.88,2.37,N,,08/2022,Analyst
49-3023.00,1.A.3.c.4,Gross Body Equilibrium,LV,2.0,8,0.189,1.6296,2.3704,N,N,08/2022,Analyst
49-3023.00,1.A.4.a.1,Near Vision,IM,3.75,8,0.25,3.26,4.24,N,,08/2022,Analyst
49-3023.00,1.A.4.a.1,Near Vision,LV,3.38,8,0.2631,2.8594,3.8906,N,N,08/2022,Analyst
49-3023.00,1.A.4.a.2,Far Vision,IM,2.75,8,0.25,2.26,3.24,N,,08/2022,Analyst
49-3023.00,1.A.4.a.2,Far Vision,LV,2.5,8,0.189,2.1296,2.8704,N,N,08/2022,Analyst
49-3023.00,1.A.4.a.3,Visual Color Discrimination,IM,3.0,8,0.2673,2.4762,3.5238,N,,08/2022,Analyst
49-3023.00,1.A.4.a.3,Visual Color Discrimination,LV,3.25,8,0.3134,2.6358,3.8642,N,N,08/2022,Analyst
49-3023.00,1.A.4.a.4,Night Vision,IM,1.88,8,0.2266,1.4309,2.3191,N,,08/2022,Analyst
49-3023.00,1.A.4.a.4,Night Vision,LV,1.62,8,0.375,0.89,2.36,N,N,08/2022,Analyst
49-3023.00,1.A.4.a.5,Peripheral Vision,IM,2.12,8,0.2266,1.6809,2.5691,N,,08/2022,Analyst
49-3023.00,1.A.4.a.5,Peripheral Vision,LV,1.75,8,0.366,1.0327,2.4673,N,N,08/2022,Analyst
49-3023.00,1.A.4.a.6,Depth Perception,IM,2.75,8,0.1637,2.4292,3.0708,N,,08/2022,Analyst
49-3023.00,1.A.4.a.6,Depth Perception,LV,2.5,8,0.2673,1.9762,3.0238,N,N,08/2022,Analyst
49-3023.00,1.A.4.a.7,Glare Sensitivity,IM,2.0,8,0.189,1.6296,2.3704,N,,08/2022,Analyst
49-3023.00,1.A.4.a.7,Glare Sensitivity,LV,1.75,8,0.25,1.26,2.24,N,N,08/2022,Analyst
49-3023.00,1.A.4.b.1,Hearing Sensitivity,IM,2.88,8,0.295,2.2967,3.4533,N,,08/2022,Analyst
49-3023.00,1.A.4.b.1,Hearing Sensitivity,LV,3.25,8,0.3134,2.6358,3.8642,N,N,08/2022,Analyst
49-3023.00,1.A.4.b.2,Auditory Attention,IM,3.0,8,0.2673,2.4762,3.5238,N,,08/2022,Analyst
49-3023.00,1.A.4.b.2,Auditory Attention,LV,3.12,8,0.295,2.5467,3.7033,N,N,08/2022,Analyst
49-3023.00,1.A.4.b.3,Sound Localization,IM,2.38,8,0.183,2.0164,2.7336,N,,08/2022,Analyst
49-3023.00,1.A.4.b.3,Sound Localization,LV,2.5,8,0.189,2.1296,2.8704,N,N,08/2022,Analyst
49-3023.00,1.A.4.b.4,Speech Recognition,IM,2.88,8,0.125,2.63,3.12,N,,08/2022,Analyst
49-3023.00,1.A.4.b.4,Speech Recognition,LV,2.75,8,0.1637,2.4292,3.0708,N,N,08/2022,Analyst
49-3023.00,1.A.4.b.5,Speech Clarity,IM,2.88,8,0.125,2.63,3.12,N,,08/2022,Analyst
49-3023.00,1.A.4.b.5,Speech Clarity,LV,2.62,8,0.183,2.2664,2.9836,N,N,08/2022,Analyst
49-3031.00,1.A.1.a.1,Oral Comprehension,IM,3.12,8,0.125,2.88,3.37,N,,08/2022,Analyst
49-3031.00,1.A.1.a.1,Oral Comprehension,LV,3.75,8,0.1637,3.4292,4.0708,N,N,08/2022,Analyst
49-3031.00,1.A.1.a.2,Written Comprehension,IM,2.88,8,0.125,2.63,3.12,N,,08/2022,Analyst
49-3031.00,1.A.1.a.2,Written Comprehension,LV,3.12,8,0.125,2.88,3.37,N,N,08/2022,Analyst
49-3031.00,1.A.1.a.3,Oral Expression,IM,3.12,8,0.125,2.88,3.37,N,,08/2022,Analyst
49-3031.00,1.A.1.a.3,Oral Expression,LV,3.12,8,0.125,2.88,3.37,N,N,08/2022,Analyst
49-3031.00,1.A.1.a.4,Written Expression,IM,2.62,8,0.183,2.2664,2.9836,N,,08/2022,Analyst
49-3031.00,1.A.1.a.4,Written Expression,LV,2.62,8,0.183,2.2664,2.9836,N,N,08/2022,Analyst
49-3031.00,1.A.1.b.1,Fluency of Ideas,IM,2.75,8,0.1637,2.4292,3.0708,N,,08/2022,Analyst
49-3031.00,1.A.1.b.1,Fluency of Ideas,LV,2.88,8,0.125,2.63,3.12,N,N,08/2022,Analyst
49-3031.00,1.A.1.b.2,Originality,IM,2.62,8,0.183,2.2664,2.9836,N,,08/2022,Analyst
49-3031.00,1.A.1.b.2,Originality,LV,2.75,8,0.1637,2.4292,3.0708,N,N,08/2022,Analyst
49-3031.00,1.A.1.b.3,Problem Sensitivity,IM,3.62,8,0.183,3.2664,3.9836,N,,08/2022,Analyst
49-3031.00,1.A.1.b.3,Problem Sensitivity,LV,3.25,8,0.1637,2.9292,3.5708,N,N,08/2022,Analyst
49-3031.00,1.A.1.b.4,Deductive Reasoning,IM,3.62,8,0.183,3.2664,3.9836,N,,08/2022,Analyst
49-3031.00,1.A.1.b.4,Deductive Reasoning,LV,3.38,8,0.183,3.0164,3.7336,N,N,08/2022,Analyst
49-3031.00,1.A.1.b.5,Inductive Reasoning,IM,3.12,8,0.125,2.88,3.37,N,,08/2022,Analyst
49-3031.00,1.A.1.b.5,Inductive Reasoning,LV,3.38,8,0.183,3.0164,3.7336,N,N,08/2022,Analyst
49-3031.00,1.A.1.b.6,Information Ordering,IM,3.38,8,0.183,3.0164,3.7336,N,,08/2022,Analyst
49-3031.00,1.A.1.b.6,Information Ordering,LV,3.38,8,0.183,3.0164,3.7336,N,N,08/2022,Analyst
49-3031.00,1.A.1.b.7,Category Flexibility,IM,2.88,8,0.125,2.63,3.12,N,,08/2022,Analyst
49-3031.00,1.A.1.b.7,Category Flexibility,LV,3.0,8,0.0,3.0,3.0,N,N,08/2022,Analyst
49-3031.00,1.A.1.c.1,Mathematical Reasoning,IM,2.0,8,0.0,2.0,2.0,N,,08/2022,Analyst
49-3031.00,1.A.1.c.1,Mathematical Reasoning,LV,1.75,8,0.1637,1.4292,2.0708,N,N,08/2022,Analyst
49-3031.00,1.A.1.c.2,Number Facility,IM,2.0,8,0.0,2.0,2.0,N,,08/2022,Analyst
49-3031.00,1.A.1.c.2,Number Facility,LV,2.12,8,0.125,1.88,2.37,N,N,08/2022,Analyst
49-3031.00,1.A.1.d.1,Memorization,IM,2.12,8,0.125,1.88,2.37,N,,08/2022,Analyst
49-3031.00,1.A.1.d.1,Memorization,LV,2.12,8,0.125,1.88,2.37,N,N,08/2022,Analyst
49-3031.00,1.A.1.e.1,Speed of Closure,IM,2.12,8,0.125,1.88,2.37,N,,08/2022,Analyst
49-3031.00,1.A.1.e.1,Speed of Closure,LV,2.25,8,0.1637,1.9292,2.5708,N,N,08/2022,Analyst
49-3031.00,1.A.1.e.2,Flexibility of Closure,IM,3.12,8,0.125,2.88,3.37,N,,08/2022,Analyst
49-3031.00,1.A.1.e.2,Flexibility of Closure,LV,3.12,8,0.125,2.88,3.37,N,N,08/2022,Analyst
49-3031.00,1.A.1.e.3,Perceptual Speed,IM,3.0,8,0.0,3.0,3.0,N,,08/2022,Analyst
49-3031.00,1.A.1.e.3,Perceptual Speed,LV,3.0,8,0.0,3.0,3.0,N,N,08/2022,Analyst
49-3031.00,1.A.1.f.1,Spatial Orientation,IM,2.0,8,0.0,2.0,2.0,N,,08/2022,Analyst
49-3031.00,1.A.1.f.1,Spatial Orientation,LV,1.75,8,0.1637,1.4292,2.0708,N,N,08/2022,Analyst
49-3031.00,1.A.1.f.2,Visualization,IM,3.25,8,0.1637,2.9292,3.5708,N,,08/2022,Analyst
49-3031.00,1.A.1.f.2,Visualization,LV,3.75,8,0.1637,3.4292,4.0708,N,N,08/2022,Analyst
49-3031.00,1.A.1.g.1,Selective Attention,IM,3.0,8,0.0,3.0,3.0,N,,08/2022,Analyst
49-3031.00,1.A.1.g.1,Selective Attention,LV,3.0,8,0.0,3.0,3.0,N,N,08/2022,Analyst
49-3031.00,1.A.1.g.2,Time Sharing,IM,2.88,8,0.125,2.63,3.12,N,,08/2022,Analyst
49-3031.00,1.A.1.g.2,Time Sharing,LV,3.0,8,0.0,3.0,3.0,N,N,08/2022,Analyst
49-3031.00,1.A.2.a.1,Arm-Hand Steadiness,IM,3.88,8,0.125,3.63,4.12,N,,08/2022,Analyst
49-3031.00,1.A.2.a.1,Arm-Hand Steadiness,LV,3.25,8,0.1637,2.9292,3.5708,N,N,08/2022,Analyst
49-3031.00,1.A.2.a.2,Manual Dexterity,IM,3.88,8,0.125,3.63,4.12,N,,08/2022,Analyst
49-3031.00,1.A.2.a.2,Manual Dexterity,LV,3.25,8,0.1637,2.9292,3.5708,N,N,08/2022,Analyst
49-3031.00,1.A.2.a.3,Finger Dexterity,IM,3.88,8,0.125,3.63,4.12,N,,08/2022,Analyst
49-3031.00,1.A.2.a.3,Finger Dexterity,LV,3.62,8,0.183,3.2664,3.9836,N,N,08/2022,Analyst
49-3031.00,1.A.2.b.1,Control Precision,IM,3.75,8,0.1637,3.4292,4.0708,N,,08/2022,Analyst
49-3031.00,1.A.2.b.1,Control Precision,LV,3.75,8,0.1637,3.4292,4.0708,N,N,08/2022,Analyst
49-3031.00,1.A.2.b.2,Multilimb Coordination,IM,3.62,8,0.183,3.2664,3.9836,N,,08/2022,Analyst
49-3031.00,1.A.2.b.2,Multilimb Coordination,LV,3.5,8,0.189,3.1296,3.8704,N,N,08/2022,Analyst
49-3031.00,1.A.2.b.3,Response Orientation,IM,2.75,8,0.1637,2.4292,3.0708,N,,08/2022,Analyst
49-3031.00,1.A.2.b.3,Response Orientation,LV,2.75,8,0.1637,2.4292,3.0708,N,N,08/2022,Analyst
49-3031.00,1.A.2.b.4,Rate Control,IM,2.62,8,0.183,2.2664,2.9836,N,,08/2022,Analyst
49-3031.00,1.A.2.b.4,Rate Control,LV,2.25,8,0.1637,1.9292,2.5708,N,N,08/2022,Analyst
49-3031.00,1.A.2.c.1,Reaction Time,IM,3.0,8,0.0,3.0,3.0,N,,08/2022,Analyst
49-3031.00,1.A.2.c.1,Reaction Time,LV,3.0,8,0.0,3.0,3.0,N,N,08/2022,Analyst
49-3031.00,1.A.2.c.2,Wrist-Finger Speed,IM,2.25,8,0.1637,1.9292,2.5708,N,,08/2022,Analyst
49-3031.00,1.A.2.c.2,Wrist-Finger Speed,LV,2.25,8,0.1637,1.9292,2.5708,N,N,08/2022,Analyst
49-3031.00,1.A.2.c.3,Speed of Limb Movement,IM,2.25,8,0.25,1.76,2.74,N,,08/2022,Analyst
49-3031.00,1.A.2.c.3,Speed of Limb Movement,LV,1.75,8,0.25,1.26,2.24,N,N,08/2022,Analyst
49-3031.00,1.A.3.a.1,Static Strength,IM,3.0,8,0.0,3.0,3.0,N,,08/2022,Analyst
49-3031.00,1.A.3.a.1,Static Strength,LV,3.12,8,0.125,2.88,3.37,N,N,08/2022,Analyst
49-3031.00,1.A.3.a.2,Explosive Strength,IM,1.88,8,0.2266,1.4309,2.3191,N,,08/2022,Analyst
49-3031.00,1.A.3.a.2,Explosive Strength,LV,1.25,8,0.366,0.5327,1.9673,N,N,08/2022,Analyst
49-3031.00,1.A.3.a.3,Dynamic Strength,IM,2.25,8,0.1637,1.9292,2.5708,N,,08/2022,Analyst
49-3031.00,1.A.3.a.3,Dynamic Strength,LV,2.25,8,0.1637,1.9292,2.5708,N,N,08/2022,Analyst
49-3031.00,1.A.3.a.4,Trunk Strength,IM,3.38,8,0.183,3.0164,3.7336,N,,08/2022,Analyst
49-3031.00,1.A.3.a.4,Trunk Strength,LV,3.12,8,0.125,2.88,3.37,N,N,08/2022,Analyst
49-3031.00,1.A.3.b.1,Stamina,IM,2.75,8,0.1637,2.4292,3.0708,N,,08/2022,Analyst
49-3031.00,1.A.3.b.1,Stamina,LV,2.75,8,0.1637,2.4292,3.0708,N,N,08/2022,Analyst
49-3031.00,1.A.3.c.1,Extent Flexibility,IM,3.5,8,0.189,3.1296,3.8704,N,,08/2022,Analyst
49-3031.00,1.A.3.c.1,Extent Flexibility,LV,3.88,8,0.125,3.63,4.12,N,N,08/2022,Analyst
49-3031.00,1.A.3.c.2,Dynamic Flexibility,IM,1.25,8,0.1637,1.0,1.5708,N,,08/2022,Analyst
49-3031.00,1.A.3.c.2,Dynamic Flexibility,LV,0.38,8,0.2631,0.0,0.8906,N,Y,08/2022,Analyst
49-3031.00,1.A.3.c.3,Gross Body Coordination,IM,2.25,8,0.1637,1.9292,2.5708,N,,08/2022,Analyst
49-3031.00,1.A.3.c.3,Gross Body Coordination,LV,2.12,8,0.125,1.88,2.37,N,N,08/2022,Analyst
49-3031.00,1.A.3.c.4,Gross Body Equilibrium,IM,2.75,8,0.1637,2.4292,3.0708,N,,08/2022,Analyst
49-3031.00,1.A.3.c.4,Gross Body Equilibrium,LV,2.38,8,0.183,2.0164,2.7336,N,N,08/2022,Analyst
49-3031.00,1.A.4.a.1,Near Vision,IM,4.0,8,0.0,4.0,4.0,N,,08/2022,Analyst
49-3031.00,1.A.4.a.1,Near Vision,LV,4.0,8,0.0,4.0,4.0,N,N,08/2022,Analyst
49-3031.00,1.A.4.a.2,Far Vision,IM,3.0,8,0.0,3.0,3.0,N,,08/2022,Analyst
49-3031.00,1.A.4.a.2,Far Vision,LV,3.12,8,0.125,2.88,3.37,N,N,08/2022,Analyst
49-3031.00,1.A.4.a.3,Visual Color Discrimination,IM,3.0,8,0.0,3.0,3.0,N,,08/2022,Analyst
49-3031.00,1.A.4.a.3,Visual Color Discrimination,LV,3.25,8,0.1637,2.9292,3.5708,N,N,08/2022,Analyst
49-3031.00,1.A.4.a.4,Night Vision,IM,2.0,8,0.0,2.0,2.0,N,,08/2022,Analyst
49-3031.00,1.A.4.a.4,Night Vision,LV,1.75,8,0.1637,1.4292,2.0708,N,N,08/2022,Analyst
49-3031.00,1.A.4.a.5,Peripheral Vision,IM,2.0,8,0.0,2.0,2.0,N,,08/2022,Analyst
49-3031.00,1.A.4.a.5,Peripheral Vision,LV,1.75,8,0.1637,1.4292,2.0708,N,N,08/2022,Analyst
49-3031.00,1.A.4.a.6,Depth Perception,IM,3.12,8,0.125,2.88,3.37,N,,08/2022,Analyst
49-3031.00,1.A.4.a.6,Depth Perception,LV,3.0,8,0.189,2.6296,3.3704,N,N,08/2022,Analyst
49-3031.00,1.A.4.a.7,Glare Sensitivity,IM,2.0,8,0.0,2.0,2.0,N,,08/2022,Analyst
49-3031.00,1.A.4.a.7,Glare Sensitivity,LV,2.12,8,0.125,1.88,2.37,N,N,08/2022,Analyst
49-3031.00,1.A.4.b.1,Hearing Sensitivity,IM,3.75,8,0.1637,3.4292,4.0708,N,,08/2022,Analyst
49-3031.00,1.A.4.b.1,Hearing Sensitivity,LV,3.88,8,0.125,3.63,4.12,N,N,08/2022,Analyst
49-3031.00,1.A.4.b.2,Auditory Attention,IM,3.12,8,0.125,2.88,3.37,N,,08/2022,Analyst
49-3031.00,1.A.4.b.2,Auditory Attention,LV,3.12,8,0.125,2.88,3.37,N,N,08/2022,Analyst
49-3031.00,1.A.4.b.3,Sound Localization,IM,2.62,8,0.183,2.2664,2.9836,N,,08/2022,Analyst
49-3031.00,1.A.4.b.3,Sound Localization,LV,2.62,8,0.183,2.2664,2.9836,N,N,08/2022,Analyst
49-3031.00,1.A.4.b.4,Speech Recognition,IM,3.0,8,0.0,3.0,3.0,N,,08/2022,Analyst
49-3031.00,1.A.4.b.4,Speech Recognition,LV,2.88,8,0.125,2.63,3.12,N,N,08/2022,Analyst
49-3031.00,1.A.4.b.5,Speech Clarity,IM,2.88,8,0.125,2.63,3.12,N,,08/2022,Analyst
49-3031.00,1.A.4.b.5,Speech Clarity,LV,3.0,8,0.0,3.0,3.0,N,N,08/2022,Analyst
49-3041.00,1.A.1.a.1,Oral Comprehension,IM,3.38,8,0.183,3.0164,3.7336,N,,07/2016,Analyst
49-3041.00,1.A.1.a.1,Oral Comprehension,LV,3.25,8,0.1637,2.9292,3.5708,N,N,07/2016,Analyst
49-3041.00,1.A.1.a.2,Written Comprehension,IM,3.12,8,0.125,2.88,3.37,N,,07/2016,Analyst
49-3041.00,1.A.1.a.2,Written Comprehension,LV,3.12,8,0.125,2.88,3.37,N,N,07/2016,Analyst
49-3041.00,1.A.1.a.3,Oral Expression,IM,3.25,8,0.1637,2.9292,3.5708,N,,07/2016,Analyst
49-3041.00,1.A.1.a.3,Oral Expression,LV,3.25,8,0.1637,2.9292,3.5708,N,N,07/2016,Analyst
49-3041.00,1.A.1.a.4,Written Expression,IM,2.75,8,0.1637,2.4292,3.0708,N,,07/2016,Analyst
49-3041.00,1.A.1.a.4,Written Expression,LV,2.75,8,0.1637,2.4292,3.0708,N,N,07/2016,Analyst
49-3041.00,1.A.1.b.1,Fluency of Ideas,IM,2.62,8,0.183,2.2664,2.9836,N,,07/2016,Analyst
49-3041.00,1.A.1.b.1,Fluency of Ideas,LV,2.62,8,0.183,2.2664,2.9836,N,N,07/2016,Analyst
49-3041.00,1.A.1.b.2,Originality,IM,2.12,8,0.125,1.88,2.37,N,,07/2016,Analyst
49-3041.00,1.A.1.b.2,Originality,LV,2.12,8,0.125,1.88,2.37,N,N,07/2016,Analyst
49-3041.00,1.A.1.b.3,Problem Sensitivity,IM,3.62,8,0.183,3.2664,3.9836,N,,07/2016,Analyst
49-3041.00,1.A.1.b.3,Problem Sensitivity,LV,3.12,8,0.125,2.88,3.37,N,N,07/2016,Analyst
49-3041.00,1.A.1.b.4,Deductive Reasoning,IM,3.38,8,0.183,3.0164,3.7336,N,,07/2016,Analyst
49-3041.00,1.A.1.b.4,Deductive Reasoning,LV,3.25,8,0.1637,2.9292,3.5708,N,N,07/2016,Analyst
49-3041.00,1.A.1.b.5,Inductive Reasoning,IM,3.25,8,0.1637,2.9292,3.5708,N,,07/2016,Analyst
49-3041.00,1.A.1.b.5,Inductive Reasoning,LV,3.12,8,0.125,2.88,3.37,N,N,07/2016,Analyst
49-3041.00,1.A.1.b.6,Information Ordering,IM,3.12,8,0.125,2.88,3.37,N,,07/2016,Analyst
49-3041.00,1.A.1.b.6,Information Ordering,LV,3.25,8,0.1637,2.9292,3.5708,N,N,07/2016,Analyst
49-3041.00,1.A.1.b.7,Category Flexibility,IM,3.0,8,0.0,3.0,3.0,N,,07/2016,Analyst
49-3041.00,1.A.1.b.7,Category Flexibility,LV,3.12,8,0.125,2.88,3.37,N,N,07/2016,Analyst
49-3041.00,1.A.1.c.1,Mathematical Reasoning,IM,2.5,8,0.189,2.1296,2.8704,N,,07/2016,Analyst
49-3041.00,1.A.1.c.1,Mathematical Reasoning,LV,2.12,8,0.2266,1.6809,2.5691,N,N,07/2016,Analyst
49-3041.00,1.A.1.c.2,Number Facility,IM,2.5,8,0.189,2.1296,2.8704,N,,07/2016,Analyst
49-3041.00,1.A.1.c.2,Number Facility,LV,2.62,8,0.183,2.2664,2.9836,N,N,07/2016,Analyst
49-3041.00,1.A.1.d.1,Memorization,IM,2.75,8,0.1637,2.4292,3.0708,N,,07/2016,Analyst
49-3041.00,1.A.1.d.1,Memorization,LV,2.62,8,0.183,2.2664,2.9836,N,N,07/2016,Analyst
49-3041.00,1.A.1.e.1,Speed of Closure,IM,2.62,8,0.183,2.2664,2.9836,N,,07/2016,Analyst
49-3041.00,1.A.1.e.1,Speed of Closure,LV,2.75,8,0.1637,2.4292,3.0708,N,N,07/2016,Analyst
49-3041.00,1.A.1.e.2,Flexibility of Closure,IM,3.12,8,0.125,2.88,3.37,N,,07/2016,Analyst
49-3041.00,1.A.1.e.2,Flexibility of Closure,LV,3.12,8,0.125,2.88,3.37,N,N,07/2016,Analyst
49-3041.00,1.A.1.e.3,Perceptual Speed,IM,3.0,8,0.0,3.0,3.0,N,,07/2016,Analyst
49-3041.00,1.A.1.e.3,Perceptual Speed,LV,3.0,8,0.0,3.0,3.0,N,N,07/2016,Analyst
49-3041.00,1.A.1.f.1,Spatial Orientation,IM,2.25,8,0.1637,1.9292,2.5708,N,,07/2016,Analyst
49-3041.00,1.A.1.f.1,Spatial Orientation,LV,2.0,8,0.189,1.6296,2.3704,N,N,07/2016,Analyst
49-3041.00,1.A.1.f.2,Visualization,IM,3.62,8,0.183,3.2664,3.9836,N,,07/2016,Analyst
49-3041.00,1.A.1.f.2,Visualization,LV,3.75,8,0.25,3.26,4.24,N,N,07/2016,Analyst
49-3041.00,1.A.1.g.1,Selective Attention,IM,3.25,8,0.1637,2.9292,3.5708,N,,07/2016,Analyst
49-3041.00,1.A.1.g.1,Selective Attention,LV,3.25,8,0.1637,2.9292,3.5708,N,N,07/2016,Analyst
49-3041.00,1.A.1.g.2,Time Sharing,IM,2.75,8,0.1637,2.4292,3.0708,N,,07/2016,Analyst
49-3041.00,1.A.1.g.2,Time Sharing,LV,2.75,8,0.1637,2.4292,3.0708,N,N,07/2016,Analyst
49-3041.00,1.A.2.a.1,Arm-Hand Steadiness,IM,3.75,8,0.1637,3.4292,4.0708,N,,07/2016,Analyst
49-3041.00,1.A.2.a.1,Arm-Hand Steadiness,LV,3.75,8,0.1637,3.4292,4.0708,N,N,07/2016,Analyst
49-3041.00,1.A.2.a.2,Manual Dexterity,IM,4.0,8,0.0,4.0,4.0,N,,07/2016,Analyst
49-3041.00,1.A.2.a.2,Manual Dexterity,LV,3.75,8,0.1637,3.4292,4.0708,N,N,07/2016,Analyst
49-3041.00,1.A.2.a.3,Finger Dexterity,IM,3.88,8,0.125,3.63,4.12,N,,07/2016,Analyst
49-3041.00,1.A.2.a.3,Finger Dexterity,LV,3.88,8,0.125,3.63,4.12,N,N,07/2016,Analyst
49-3041.00,1.A.2.b.1,Control Precision,IM,4.0,8,0.0,4.0,4.0,N,,07/2016,Analyst
49-3041.00,1.A.2.b.1,Control Precision,LV,4.0,8,0.0,4.0,4.0,N,N,07/2016,Analyst
49-3041.00,1.A.2.b.2,Multilimb Coordination,IM,4.0,8,0.0,4.0,4.0,N,,07/2016,Analyst
49-3041.00,1.A.2.b.2,Multilimb Coordination,LV,4.0,8,0.0,4.0,4.0,N,N,07/2016,Analyst
49-3041.00,1.A.2.b.3,Response Orientation,IM,3.0,8,0.189,2.6296,3.3704,N,,07/2016,Analyst
49-3041.00,1.A.2.b.3,Response Orientation,LV,3.12,8,0.2266,2.6809,3.5691,N,N,07/2016,Analyst
49-3041.00,1.A.2.b.4,Rate Control,IM,2.75,8,0.3134,2.1358,3.3642,N,,07/2016,Analyst
49-3041.00,1.A.2.b.4,Rate Control,LV,2.25,8,0.4119,1.4427,3.0573,N,N,07/2016,Analyst
49-3041.00,1.A.2.c.1,Reaction Time,IM,3.25,8,0.25,2.76,3.74,N,,07/2016,Analyst
49-3041.00,1.A.2.c.1,Reaction Time,LV,3.12,8,0.295,2.5467,3.7033,N,N,07/2016,Analyst
49-3041.00,1.A.2.c.2,Wrist-Finger Speed,IM,3.0,8,0.0,3.0,3.0,N,,07/2016,Analyst
49-3041.00,1.A.2.c.2,Wrist-Finger Speed,LV,2.62,8,0.183,2.2664,2.9836,N,N,07/2016,Analyst
49-3041.00,1.A.2.c.3,Speed of Limb Movement,IM,2.25,8,0.25,1.76,2.74,N,,07/2016,Analyst
49-3041.00,1.A.2.c.3,Speed of Limb Movement,LV,1.88,8,0.295,1.2967,2.4533,N,N,07/2016,Analyst
49-3041.00,1.A.3.a.1,Static Strength,IM,3.38,8,0.183,3.0164,3.7336,N,,07/2016,Analyst
49-3041.00,1.A.3.a.1,Static Strength,LV,3.75,8,0.1637,3.4292,4.0708,N,N,07/2016,Analyst
49-3041.00,1.A.3.a.2,Explosive Strength,IM,2.0,8,0.189,1.6296,2.3704,N,,07/2016,Analyst
49-3041.00,1.A.3.a.2,Explosive Strength,LV,1.25,8,0.3134,0.6358,1.8642,N,N,07/2016,Analyst
49-3041.00,1.A.3.a.3,Dynamic Strength,IM,3.0,8,0.189,2.6296,3.3704,N,,07/2016,Analyst
49-3041.00,1.A.3.a.3,Dynamic Strength,LV,2.62,8,0.183,2.2664,2.9836,N,N,07/2016,Analyst
49-3041.00,1.A.3.a.4,Trunk Strength,IM,3.25,8,0.1637,2.9292,3.5708,N,,07/2016,Analyst
49-3041.00,1.A.3.a.4,Trunk Strength,LV,3.5,8,0.189,3.1296,3.8704,N,N,07/2016,Analyst
49-3041.00,1.A.3.b.1,Stamina,IM,2.88,8,0.2266,2.4309,3.3191,N,,07/2016,Analyst
49-3041.00,1.A.3.b.1,Stamina,LV,2.5,8,0.189,2.1296,2.8704,N,N,07/2016,Analyst
49-3041.00,1.A.3.c.1,Extent Flexibility,IM,3.25,8,0.1637,2.9292,3.5708,N,,07/2016,Analyst
49-3041.00,1.A.3.c.1,Extent Flexibility,LV,4.12,8,0.295,3.5467,4.7033,N,N,07/2016,Analyst
49-3041.00,1.A.3.c.2,Dynamic Flexibility,IM,1.12,8,0.125,1.0,1.37,N,,07/2016,Analyst
49-3041.00,1.A.3.c.2,Dynamic Flexibility,LV,0.25,8,0.25,0.0,0.74,N,Y,07/2016,Analyst
49-3041.00,1.A.3.c.3,Gross Body Coordination,IM,2.5,8,0.189,2.1296,2.8704,N,,07/2016,Analyst
49-3041.00,1.A.3.c.3,Gross Body Coordination,LV,2.25,8,0.1637,1.9292,2.5708,N,N,07/2016,Analyst
49-3041.00,1.A.3.c.4,Gross Body Equilibrium,IM,2.38,8,0.183,2.0164,2.7336,N,,07/2016,Analyst
49-3041.00,1.A.3.c.4,Gross Body Equilibrium,LV,1.88,8,0.125,1.63,2.12,N,N,07/2016,Analyst
49-3041.00,1.A.4.a.1,Near Vision,IM,3.62,8,0.183,3.2664,3.9836,N,,07/2016,Analyst
49-3041.00,1.A.4.a.1,Near Vision,LV,3.5,8,0.189,3.1296,3.8704,N,N,07/2016,Analyst
49-3041.00,1.A.4.a.2,Far Vision,IM,2.88,8,0.125,2.63,3.12,N,,07/2016,Analyst
49-3041.00,1.A.4.a.2,Far Vision,LV,2.88,8,0.125,2.63,3.12,N,N,07/2016,Analyst
49-3041.00,1.A.4.a.3,Visual Color Discrimination,IM,3.0,8,0.189,2.6296,3.3704,N,,07/2016,Analyst
49-3041.00,1.A.4.a.3,Visual Color Discrimination,LV,3.38,8,0.183,3.0164,3.7336,N,N,07/2016,Analyst
49-3041.00,1.A.4.a.4,Night Vision,IM,1.75,8,0.1637,1.4292,2.0708,N,,07/2016,Analyst
49-3041.00,1.A.4.a.4,Night Vision,LV,1.0,8,0.2673,0.4762,1.5238,N,N,07/2016,Analyst
49-3041.00,1.A.4.a.5,Peripheral Vision,IM,2.0,8,0.189,1.6296,2.3704,N,,07/2016,Analyst
49-3041.00,1.A.4.a.5,Peripheral Vision,LV,1.75,8,0.25,1.26,2.24,N,N,07/2016,Analyst
49-3041.00,1.A.4.a.6,Depth Perception,IM,3.0,8,0.0,3.0,3.0,N,,07/2016,Analyst
49-3041.00,1.A.4.a.6,Depth Perception,LV,3.0,8,0.0,3.0,3.0,N,N,07/2016,Analyst
49-3041.00,1.A.4.a.7,Glare Sensitivity,IM,2.25,8,0.1637,1.9292,2.5708,N,,07/2016,Analyst
49-3041.00,1.A.4.a.7,Glare Sensitivity,LV,2.25,8,0.1637,1.9292,2.5708,N,N,07/2016,Analyst
49-3041.00,1.A.4.b.1,Hearing Sensitivity,IM,3.0,8,0.189,2.6296,3.3704,N,,07/2016,Analyst
49-3041.00,1.A.4.b.1,Hearing Sensitivity,LV,3.62,8,0.183,3.2664,3.9836,N,N,07/2016,Analyst
49-3041.00,1.A.4.b.2,Auditory Attention,IM,3.0,8,0.189,2.6296,3.3704,N,,07/2016,Analyst
49-3041.00,1.A.4.b.2,Auditory Attention,LV,3.12,8,0.125,2.88,3.37,N,N,07/2016,Analyst
49-3041.00,1.A.4.b.3,Sound Localization,IM,2.62,8,0.2631,2.1094,3.1406,N,,07/2016,Analyst
49-3041.00,1.A.4.b.3,Sound Localization,LV,2.12,8,0.125,1.88,2.37,N,N,07/2016,Analyst
49-3041.00,1.A.4.b.4,Speech Recognition,IM,3.12,8,0.125,2.88,3.37,N,,07/2016,Analyst
49-3041.00,1.A.4.b.4,Speech Recognition,LV,3.0,8,0.0,3.0,3.0,N,N,07/2016,Analyst
49-3041.00,1.A.4.b.5,Speech Clarity,IM,3.0,8,0.189,2.6296,3.3704,N,,07/2016,Analyst
49-3041.00,1.A.4.b.5,Speech Clarity,LV,2.75,8,0.1637,2.4292,3.0708,N,N,07/2016,Analyst
49-3042.00,1.A.1.a.1,Oral Comprehension,IM,3.0,8,0.0,3.0,3.0,N,,07/2017,Analyst
49-3042.00,1.A.1.a.1,Oral Comprehension,LV,3.88,8,0.125,3.63,4.12,N,N,07/2017,Analyst
49-3042.00,1.A.1.a.2,Written Comprehension,IM,3.12,8,0.125,2.88,3.37,N,,07/2017,Analyst
49-3042.00,1.A.1.a.2,Written Comprehension,LV,3.38,8,0.183,3.0164,3.7336,N,N,07/2017,Analyst
49-3042.00,1.A.1.a.3,Oral Expression,IM,3.0,8,0.0,3.0,3.0,N,,07/2017,Analyst
49-3042.00,1.A.1.a.3,Oral Expression,LV,3.62,8,0.183,3.2664,3.9836,N,N,07/2017,Analyst
49-3042.00,1.A.1.a.4,Written Expression,IM,2.75,8,0.1637,2.4292,3.0708,N,,07/2017,Analyst
49-3042.00,1.A.1.a.4,Written Expression,LV,2.75,8,0.1637,2.4292,3.0708,N,N,07/2017,Analyst
49-3042.00,1.A.1.b.1,Fluency of Ideas,IM,2.75,8,0.1637,2.4292,3.0708,N,,07/2017,Analyst
49-3042.00,1.A.1.b.1,Fluency of Ideas,LV,2.88,8,0.125,2.63,3.12,N,N,07/2017,Analyst
49-3042.00,1.A.1.b.2,Originality,IM,2.75,8,0.1637,2.4292,3.0708,N,,07/2017,Analyst
49-3042.00,1.A.1.b.2,Originality,LV,2.88,8,0.125,2.63,3.12,N,N,07/2017,Analyst
49-3042.00,1.A.1.b.3,Problem Sensitivity,IM,3.75,8,0.1637,3.4292,4.0708,N,,07/2017,Analyst
49-3042.00,1.A.1.b.3,Problem Sensitivity,LV,3.62,8,0.183,3.2664,3.9836,N,N,07/2017,Analyst
49-3042.00,1.A.1.b.4,Deductive Reasoning,IM,3.38,8,0.183,3.0164,3.7336,N,,07/2017,Analyst
49-3042.00,1.A.1.b.4,Deductive Reasoning,LV,3.62,8,0.183,3.2664,3.9836,N,N,07/2017,Analyst
49-3042.00,1.A.1.b.5,Inductive Reasoning,IM,3.25,8,0.1637,2.9292,3.5708,N,,07/2017,Analyst
49-3042.00,1.A.1.b.5,Inductive Reasoning,LV,3.62,8,0.183,3.2664,3.9836,N,N,07/2017,Analyst
49-3042.00,1.A.1.b.6,Information Ordering,IM,3.38,8,0.183,3.0164,3.7336,N,,07/2017,Analyst
49-3042.00,1.A.1.b.6,Information Ordering,LV,3.88,8,0.125,3.63,4.12,N,N,07/2017,Analyst
49-3042.00,1.A.1.b.7,Category Flexibility,IM,3.12,8,0.125,2.88,3.37,N,,07/2017,Analyst
49-3042.00,1.A.1.b.7,Category Flexibility,LV,3.12,8,0.125,2.88,3.37,N,N,07/2017,Analyst
49-3042.00,1.A.1.c.1,Mathematical Reasoning,IM,2.88,8,0.125,2.63,3.12,N,,07/2017,Analyst
49-3042.00,1.A.1.c.1,Mathematical Reasoning,LV,2.25,8,0.1637,1.9292,2.5708,N,N,07/2017,Analyst
49-3042.00,1.A.1.c.2,Number Facility,IM,2.75,8,0.1637,2.4292,3.0708,N,,07/2017,Analyst
49-3042.00,1.A.1.c.2,Number Facility,LV,2.38,8,0.183,2.0164,2.7336,N,N,07/2017,Analyst
49-3042.00,1.A.1.d.1,Memorization,IM,2.62,8,0.183,2.2664,2.9836,N,,07/2017,Analyst
49-3042.00,1.A.1.d.1,Memorization,LV,2.75,8,0.1637,2.4292,3.0708,N,N,07/2017,Analyst
49-3042.00,1.A.1.e.1,Speed of Closure,IM,2.88,8,0.2266,2.4309,3.3191,N,,07/2017,Analyst
49-3042.00,1.A.1.e.1,Speed of Closure,LV,2.88,8,0.2266,2.4309,3.3191,N,N,07/2017,Analyst
49-3042.00,1.A.1.e.2,Flexibility of Closure,IM,3.25,8,0.1637,2.9292,3.5708,N,,07/2017,Analyst
49-3042.00,1.A.1.e.2,Flexibility of Closure,LV,3.25,8,0.1637,2.9292,3.5708,N,N,07/2017,Analyst
49-3042.00,1.A.1.e.3,Perceptual Speed,IM,3.25,8,0.1637,2.9292,3.5708,N,,07/2017,Analyst
49-3042.00,1.A.1.e.3,Perceptual Speed,LV,3.38,8,0.183,3.0164,3.7336,N,N,07/2017,Analyst
49-3042.00,1.A.1.f.1,Spatial Orientation,IM,2.5,8,0.189,2.1296,2.8704,N,,07/2017,Analyst
49-3042.00,1.A.1.f.1,Spatial Orientation,LV,2.12,8,0.125,1.88,2.37,N,N,07/2017,Analyst
49-3042.00,1.A.1.f.2,Visualization,IM,3.5,8,0.189,3.1296,3.8704,N,,07/2017,Analyst
49-3042.00,1.A.1.f.2,Visualization,LV,4.0,8,0.0,4.0,4.0,N,N,07/2017,Analyst
49-3042.00,1.A.1.g.1,Selective Attention,IM,3.12,8,0.125,2.88,3.37,N,,07/2017,Analyst
49-3042.00,1.A.1.g.1,Selective Attention,LV,3.5,8,0.189,3.1296,3.8704,N,N,07/2017,Analyst
49-3042.00,1.A.1.g.2,Time Sharing,IM,2.88,8,0.125,2.63,3.12,N,,07/2017,Analyst
49-3042.00,1.A.1.g.2,Time Sharing,LV,2.88,8,0.125,2.63,3.12,N,N,07/2017,Analyst
49-3042.00,1.A.2.a.1,Arm-Hand Steadiness,IM,3.75,8,0.1637,3.4292,4.0708,N,,07/2017,Analyst
49-3042.00,1.A.2.a.1,Arm-Hand Steadiness,LV,3.25,8,0.1637,2.9292,3.5708,N,N,07/2017,Analyst
49-3042.00,1.A.2.a.2,Manual Dexterity,IM,4.0,8,0.0,4.0,4.0,N,,07/2017,Analyst
49-3042.00,1.A.2.a.2,Manual Dexterity,LV,4.0,8,0.0,4.0,4.0,N,N,07/2017,Analyst
49-3042.00,1.A.2.a.3,Finger Dexterity,IM,3.88,8,0.125,3.63,4.12,N,,07/2017,Analyst
49-3042.00,1.A.2.a.3,Finger Dexterity,LV,3.75,8,0.1637,3.4292,4.0708,N,N,07/2017,Analyst
49-3042.00,1.A.2.b.1,Control Precision,IM,4.0,8,0.0,4.0,4.0,N,,07/2017,Analyst
49-3042.00,1.A.2.b.1,Control Precision,LV,4.0,8,0.0,4.0,4.0,N,N,07/2017,Analyst
49-3042.00,1.A.2.b.2,Multilimb Coordination,IM,3.62,8,0.183,3.2664,3.9836,N,,07/2017,Analyst
49-3042.00,1.A.2.b.2,Multilimb Coordination,LV,4.0,8,0.0,4.0,4.0,N,N,07/2017,Analyst
49-3042.00,1.A.2.b.3,Response Orientation,IM,3.0,8,0.189,2.6296,3.3704,N,,07/2017,Analyst
49-3042.00,1.A.2.b.3,Response Orientation,LV,3.25,8,0.1637,2.9292,3.5708,N,N,07/2017,Analyst
49-3042.00,1.A.2.b.4,Rate Control,IM,3.12,8,0.125,2.88,3.37,N,,07/2017,Analyst
49-3042.00,1.A.2.b.4,Rate Control,LV,3.12,8,0.125,2.88,3.37,N,N,07/2017,Analyst
49-3042.00,1.A.2.c.1,Reaction Time,IM,3.38,8,0.183,3.0164,3.7336,N,,07/2017,Analyst
49-3042.00,1.A.2.c.1,Reaction Time,LV,3.5,8,0.189,3.1296,3.8704,N,N,07/2017,Analyst
49-3042.00,1.A.2.c.2,Wrist-Finger Speed,IM,2.88,8,0.125,2.63,3.12,N,,07/2017,Analyst
49-3042.00,1.A.2.c.2,Wrist-Finger Speed,LV,3.0,8,0.0,3.0,3.0,N,N,07/2017,Analyst
49-3042.00,1.A.2.c.3,Speed of Limb Movement,IM,2.38,8,0.2631,1.8594,2.8906,N,,07/2017,Analyst
49-3042.00,1.A.2.c.3,Speed of Limb Movement,LV,2.38,8,0.375,1.64,3.11,N,N,07/2017,Analyst
49-3042.00,1.A.3.a.1,Static Strength,IM,3.25,8,0.1637,2.9292,3.5708,N,,07/2017,Analyst
49-3042.00,1.A.3.a.1,Static Strength,LV,3.75,8,0.1637,3.4292,4.0708,N,N,07/2017,Analyst
49-3042.00,1.A.3.a.2,Explosive Strength,IM,2.25,8,0.1637,1.9292,2.5708,N,,07/2017,Analyst
49-3042.00,1.A.3.a.2,Explosive Strength,LV,1.5,8,0.2673,0.9762,2.0238,N,N,07/2017,Analyst
49-3042.00,1.A.3.a.3,Dynamic Strength,IM,2.88,8,0.2266,2.4309,3.3191,N,,07/2017,Analyst
49-3042.00,1.A.3.a.3,Dynamic Strength,LV,2.88,8,0.2266,2.4309,3.3191,N,N,07/2017,Analyst
49-3042.00,1.A.3.a.4,Trunk Strength,IM,3.12,8,0.125,2.88,3.37,N,,07/2017,Analyst
49-3042.00,1.A.3.a.4,Trunk Strength,LV,3.25,8,0.1637,2.9292,3.5708,N,N,07/2017,Analyst
49-3042.00,1.A.3.b.1,Stamina,IM,2.38,8,0.183,2.0164,2.7336,N,,07/2017,Analyst
49-3042.00,1.A.3.b.1,Stamina,LV,2.5,8,0.189,2.1296,2.8704,N,N,07/2017,Analyst
49-3042.00,1.A.3.c.1,Extent Flexibility,IM,3.88,8,0.125,3.63,4.12,N,,07/2017,Analyst
49-3042.00,1.A.3.c.1,Extent Flexibility,LV,4.25,8,0.1637,3.9292,4.5708,N,N,07/2017,Analyst
49-3042.00,1.A.3.c.2,Dynamic Flexibility,IM,1.38,8,0.183,1.0164,1.7336,N,,07/2017,Analyst
49-3042.00,1.A.3.c.2,Dynamic Flexibility,LV,0.5,8,0.2673,0.0,1.0238,N,N,07/2017,Analyst
49-3042.00,1.A.3.c.3,Gross Body Coordination,IM,2.88,8,0.125,2.63,3.12,N,,07/2017,Analyst
49-3042.00,1.A.3.c.3,Gross Body Coordination,LV,3.0,8,0.0,3.0,3.0,N,N,07/2017,Analyst
49-3042.00,1.A.3.c.4,Gross Body Equilibrium,IM,2.75,8,0.1637,2.4292,3.0708,N,,07/2017,Analyst
49-3042.00,1.A.3.c.4,Gross Body Equilibrium,LV,2.75,8,0.1637,2.4292,3.0708,N,N,07/2017,Analyst
49-3042.00,1.A.4.a.1,Near Vision,IM,3.88,8,0.125,3.63,4.12,N,,07/2017,Analyst
49-3042.00,1.A.4.a.1,Near Vision,LV,3.88,8,0.125,3.63,4.12,N,N,07/2017,Analyst
49-3042.00,1.A.4.a.2,Far Vision,IM,3.12,8,0.125,2.88,3.37,N,,07/2017,Analyst
49-3042.00,1.A.4.a.2,Far Vision,LV,3.25,8,0.1637,2.9292,3.5708,N,N,07/2017,Analyst
49-3042.00,1.A.4.a.3,Visual Color Discrimination,IM,3.12,8,0.2266,2.6809,3.5691,N,,07/2017,Analyst
49-3042.00,1.A.4.a.3,Visual Color Discrimination,LV,3.5,8,0.189,3.1296,3.8704,N,N,07/2017,Analyst
49-3042.00,1.A.4.a.4,Night Vision,IM,1.88,8,0.2266,1.4309,2.3191,N,,07/2017,Analyst
49-3042.00,1.A.4.a.4,Night Vision,LV,1.38,8,0.3239,0.7402,2.0098,N,N,07/2017,Analyst
49-3042.00,1.A.4.a.5,Peripheral Vision,IM,2.0,8,0.0,2.0,2.0,N,,07/2017,Analyst
49-3042.00,1.A.4.a.5,Peripheral Vision,LV,2.0,8,0.0,2.0,2.0,N,N,07/2017,Analyst
49-3042.00,1.A.4.a.6,Depth Perception,IM,2.88,8,0.125,2.63,3.12,N,,07/2017,Analyst
49-3042.00,1.A.4.a.6,Depth Perception,LV,3.25,8,0.1637,2.9292,3.5708,N,N,07/2017,Analyst
49-3042.00,1.A.4.a.7,Glare Sensitivity,IM,2.62,8,0.183,2.2664,2.9836,N,,07/2017,Analyst
49-3042.00,1.A.4.a.7,Glare Sensitivity,LV,2.25,8,0.1637,1.9292,2.5708,N,N,07/2017,Analyst
49-3042.00,1.A.4.b.1,Hearing Sensitivity,IM,3.0,8,0.189,2.6296,3.3704,N,,07/2017,Analyst
49-3042.00,1.A.4.b.1,Hearing Sensitivity,LV,3.38,8,0.183,3.0164,3.7336,N,N,07/2017,Analyst
49-3042.00,1.A.4.b.2,Auditory Attention,IM,3.0,8,0.0,3.0,3.0,N,,07/2017,Analyst
49-3042.00,1.A.4.b.2,Auditory Attention,LV,3.0,8,0.0,3.0,3.0,N,N,07/2017,Analyst
49-3042.00,1.A.4.b.3,Sound Localization,IM,2.38,8,0.183,2.0164,2.7336,N,,07/2017,Analyst
49-3042.00,1.A.4.b.3,Sound Localization,LV,2.12,8,0.125,1.88,2.37,N,N,07/2017,Analyst
49-3042.00,1.A.4.b.4,Speech Recognition,IM,3.0,8,0.0,3.0,3.0,N,,07/2017,Analyst
49-3042.00,1.A.4.b.4,Speech Recognition,LV,2.88,8,0.125,2.63,3.12,N,N,07/2017,Analyst
49-3042.00,1.A.4.b.5,Speech Clarity,IM,3.0,8,0.0,3.0,3.0,N,,07/2017,Analyst
49-3042.00,1.A.4.b.5,Speech Clarity,LV,2.88,8,0.125,2.63,3.12,N,N,07/2017,Analyst
49-3043.00,1.A.1.a.1,Oral Comprehension,IM,2.88,8,0.125,2.63,3.12,N,,08/2019,Analyst
49-3043.00,1.A.1.a.1,Oral Comprehension,LV,3.0,8,0.0,3.0,3.0,N,N,08/2019,Analyst
49-3043.00,1.A.1.a.2,Written Comprehension,IM,2.75,8,0.1637,2.4292,3.0708,N,,08/2019,Analyst
49-3043.00,1.A.1.a.2,Written Comprehension,LV,2.88,8,0.125,2.63,3.12,N,N,08/2019,Analyst
49-3043.00,1.A.1.a.3,Oral Expression,IM,2.88,8,0.125,2.63,3.12,N,,08/2019,Analyst
49-3043.00,1.A.1.a.3,Oral Expression,LV,3.0,8,0.0,3.0,3.0,N,N,08/2019,Analyst
49-3043.00,1.A.1.a.4,Written Expression,IM,2.75,8,0.1637,2.4292,3.0708,N,,08/2019,Analyst
49-3043.00,1.A.1.a.4,Written Expression,LV,2.38,8,0.183,2.0164,2.7336,N,N,08/2019,Analyst
49-3043.00,1.A.1.b.1,Fluency of Ideas,IM,2.88,8,0.125,2.63,3.12,N,,08/2019,Analyst
49-3043.00,1.A.1.b.1,Fluency of Ideas,LV,2.12,8,0.125,1.88,2.37,N,N,08/2019,Analyst
49-3043.00,1.A.1.b.2,Originality,IM,2.75,8,0.1637,2.4292,3.0708,N,,08/2019,Analyst
49-3043.00,1.A.1.b.2,Originality,LV,2.12,8,0.125,1.88,2.37,N,N,08/2019,Analyst
49-3043.00,1.A.1.b.3,Problem Sensitivity,IM,3.5,8,0.189,3.1296,3.8704,N,,08/2019,Analyst
49-3043.00,1.A.1.b.3,Problem Sensitivity,LV,3.25,8,0.1637,2.9292,3.5708,N,N,08/2019,Analyst
49-3043.00,1.A.1.b.4,Deductive Reasoning,IM,3.12,8,0.125,2.88,3.37,N,,08/2019,Analyst
49-3043.00,1.A.1.b.4,Deductive Reasoning,LV,3.0,8,0.0,3.0,3.0,N,N,08/2019,Analyst
49-3043.00,1.A.1.b.5,Inductive Reasoning,IM,3.0,8,0.0,3.0,3.0,N,,08/2019,Analyst
49-3043.00,1.A.1.b.5,Inductive Reasoning,LV,3.0,8,0.0,3.0,3.0,N,N,08/2019,Analyst
49-3043.00,1.A.1.b.6,Information Ordering,IM,3.12,8,0.125,2.88,3.37,N,,08/2019,Analyst
49-3043.00,1.A.1.b.6,Information Ordering,LV,3.0,8,0.0,3.0,3.0,N,N,08/2019,Analyst
49-3043.00,1.A.1.b.7,Category Flexibility,IM,3.0,8,0.0,3.0,3.0,N,,08/2019,Analyst
49-3043.00,1.A.1.b.7,Category Flexibility,LV,3.0,8,0.0,3.0,3.0,N,N,08/2019,Analyst
49-3043.00,1.A.1.c.1,Mathematical Reasoning,IM,2.12,8,0.125,1.88,2.37,N,,08/2019,Analyst
49-3043.00,1.A.1.c.1,Mathematical Reasoning,LV,2.12,8,0.125,1.88,2.37,N,N,08/2019,Analyst
49-3043.00,1.A.1.c.2,Number Facility,IM,2.25,8,0.1637,1.9292,2.5708,N,,08/2019,Analyst
49-3043.00,1.A.1.c.2,Number Facility,LV,2.12,8,0.125,1.88,2.37,N,N,08/2019,Analyst
49-3043.00,1.A.1.d.1,Memorization,IM,2.25,8,0.1637,1.9292,2.5708,N,,08/2019,Analyst
49-3043.00,1.A.1.d.1,Memorization,LV,2.12,8,0.125,1.88,2.37,N,N,08/2019,Analyst
49-3043.00,1.A.1.e.1,Speed of Closure,IM,2.62,8,0.183,2.2664,2.9836,N,,08/2019,Analyst
49-3043.00,1.A.1.e.1,Speed of Closure,LV,2.62,8,0.183,2.2664,2.9836,N,N,08/2019,Analyst
49-3043.00,1.A.1.e.2,Flexibility of Closure,IM,3.25,8,0.1637,2.9292,3.5708,N,,08/2019,Analyst
49-3043.00,1.A.1.e.2,Flexibility of Closure,LV,3.25,8,0.1637,2.9292,3.5708,N,N,08/2019,Analyst
49-3043.00,1.A.1.e.3,Perceptual Speed,IM,3.38,8,0.183,3.0164,3.7336,N,,08/2019,Analyst
49-3043.00,1.A.1.e.3,Perceptual Speed,LV,3.12,8,0.125,2.88,3.37,N,N,08/2019,Analyst
49-3043.00,1.A.1.f.1,Spatial Orientation,IM,2.0,8,0.0,2.0,2.0,N,,08/2019,Analyst
49-3043.00,1.A.1.f.1,Spatial Orientation,LV,2.12,8,0.125,1.88,2.37,N,N,08/2019,Analyst
49-3043.00,1.A.1.f.2,Visualization,IM,3.12,8,0.125,2.88,3.37,N,,08/2019,Analyst
49-3043.00,1.A.1.f.2,Visualization,LV,3.88,8,0.125,3.63,4.12,N,N,08/2019,Analyst
49-3043.00,1.A.1.g.1,Selective Attention,IM,3.0,8,0.0,3.0,3.0,N,,08/2019,Analyst
49-3043.00,1.A.1.g.1,Selective Attention,LV,3.12,8,0.125,2.88,3.37,N,N,08/2019,Analyst
49-3043.00,1.A.1.g.2,Time Sharing,IM,2.5,8,0.189,2.1296,2.8704,N,,08/2019,Analyst
49-3043.00,1.A.1.g.2,Time Sharing,LV,2.5,8,0.189,2.1296,2.8704,N,N,08/2019,Analyst
49-3043.00,1.A.2.a.1,Arm-Hand Steadiness,IM,3.88,8,0.125,3.63,4.12,N,,08/2019,Analyst
49-3043.00,1.A.2.a.1,Arm-Hand Steadiness,LV,3.5,8,0.2673,2.9762,4.0238,N,N,08/2019,Analyst
49-3043.00,1.A.2.a.2,Manual Dexterity,IM,3.88,8,0.125,3.63,4.12,N,,08/2019,Analyst
49-3043.00,1.A.2.a.2,Manual Dexterity,LV,3.75,8,0.1637,3.4292,4.0708,N,N,08/2019,Analyst
49-3043.00,1.A.2.a.3,Finger Dexterity,IM,3.62,8,0.183,3.2664,3.9836,N,,08/2019,Analyst
49-3043.00,1.A.2.a.3,Finger Dexterity,LV,3.75,8,0.1637,3.4292,4.0708,N,N,08/2019,Analyst
49-3043.00,1.A.2.b.1,Control Precision,IM,3.88,8,0.125,3.63,4.12,N,,08/2019,Analyst
49-3043.00,1.A.2.b.1,Control Precision,LV,3.75,8,0.1637,3.4292,4.0708,N,N,08/2019,Analyst
49-3043.00,1.A.2.b.2,Multilimb Coordination,IM,3.75,8,0.1637,3.4292,4.0708,N,,08/2019,Analyst
49-3043.00,1.A.2.b.2,Multilimb Coordination,LV,3.75,8,0.1637,3.4292,4.0708,N,N,08/2019,Analyst
49-3043.00,1.A.2.b.3,Response Orientation,IM,2.62,8,0.183,2.2664,2.9836,N,,08/2019,Analyst
49-3043.00,1.A.2.b.3,Response Orientation,LV,2.75,8,0.1637,2.4292,3.0708,N,N,08/2019,Analyst
49-3043.00,1.A.2.b.4,Rate Control,IM,2.62,8,0.183,2.2664,2.9836,N,,08/2019,Analyst
49-3043.00,1.A.2.b.4,Rate Control,LV,2.38,8,0.183,2.0164,2.7336,N,N,08/2019,Analyst
49-3043.00,1.A.2.c.1,Reaction Time,IM,3.5,8,0.189,3.1296,3.8704,N,,08/2019,Analyst
49-3043.00,1.A.2.c.1,Reaction Time,LV,3.75,8,0.1637,3.4292,4.0708,N,N,08/2019,Analyst
49-3043.00,1.A.2.c.2,Wrist-Finger Speed,IM,2.25,8,0.1637,1.9292,2.5708,N,,08/2019,Analyst
49-3043.00,1.A.2.c.2,Wrist-Finger Speed,LV,2.62,8,0.183,2.2664,2.9836,N,N,08/2019,Analyst
49-3043.00,1.A.2.c.3,Speed of Limb Movement,IM,2.25,8,0.25,1.76,2.74,N,,08/2019,Analyst
49-3043.00,1.A.2.c.3,Speed of Limb Movement,LV,2.25,8,0.366,1.5327,2.9673,N,N,08/2019,Analyst
49-3043.00,1.A.3.a.1,Static Strength,IM,3.5,8,0.189,3.1296,3.8704,N,,08/2019,Analyst
49-3043.00,1.A.3.a.1,Static Strength,LV,3.62,8,0.183,3.2664,3.9836,N,N,08/2019,Analyst
49-3043.00,1.A.3.a.2,Explosive Strength,IM,1.75,8,0.25,1.26,2.24,N,,08/2019,Analyst
49-3043.00,1.A.3.a.2,Explosive Strength,LV,1.25,8,0.4119,0.4427,2.0573,N,N,08/2019,Analyst
49-3043.00,1.A.3.a.3,Dynamic Strength,IM,2.88,8,0.125,2.63,3.12,N,,08/2019,Analyst
49-3043.00,1.A.3.a.3,Dynamic Strength,LV,2.88,8,0.125,2.63,3.12,N,N,08/2019,Analyst
49-3043.00,1.A.3.a.4,Trunk Strength,IM,3.5,8,0.189,3.1296,3.8704,N,,08/2019,Analyst
49-3043.00,1.A.3.a.4,Trunk Strength,LV,3.75,8,0.1637,3.4292,4.0708,N,N,08/2019,Analyst
49-3043.00,1.A.3.b.1,Stamina,IM,3.0,8,0.0,3.0,3.0,N,,08/2019,Analyst
49-3043.00,1.A.3.b.1,Stamina,LV,3.0,8,0.0,3.0,3.0,N,N,08/2019,Analyst
49-3043.00,1.A.3.c.1,Extent Flexibility,IM,3.25,8,0.1637,2.9292,3.5708,N,,08/2019,Analyst
49-3043.00,1.A.3.c.1,Extent Flexibility,LV,3.5,8,0.189,3.1296,3.8704,N,N,08/2019,Analyst
49-3043.00,1.A.3.c.2,Dynamic Flexibility,IM,1.25,8,0.1637,1.0,1.5708,N,,08/2019,Analyst
49-3043.00,1.A.3.c.2,Dynamic Flexibility,LV,0.38,8,0.2631,0.0,0.8906,N,Y,08/2019,Analyst
49-3043.00,1.A.3.c.3,Gross Body Coordination,IM,3.0,8,0.0,3.0,3.0,N,,08/2019,Analyst
49-3043.00,1.A.3.c.3,Gross Body Coordination,LV,2.88,8,0.125,2.63,3.12,N,N,08/2019,Analyst
49-3043.00,1.A.3.c.4,Gross Body Equilibrium,IM,3.0,8,0.0,3.0,3.0,N,,08/2019,Analyst
49-3043.00,1.A.3.c.4,Gross Body Equilibrium,LV,3.0,8,0.189,2.6296,3.3704,N,N,08/2019,Analyst
49-3043.00,1.A.4.a.1,Near Vision,IM,3.62,8,0.183,3.2664,3.9836,N,,08/2019,Analyst
49-3043.00,1.A.4.a.1,Near Vision,LV,3.75,8,0.1637,3.4292,4.0708,N,N,08/2019,Analyst
49-3043.00,1.A.4.a.2,Far Vision,IM,3.12,8,0.125,2.88,3.37,N,,08/2019,Analyst
49-3043.00,1.A.4.a.2,Far Vision,LV,3.12,8,0.125,2.88,3.37,N,N,08/2019,Analyst
49-3043.00,1.A.4.a.3,Visual Color Discrimination,IM,3.0,8,0.189,2.6296,3.3704,N,,08/2019,Analyst
49-3043.00,1.A.4.a.3,Visual Color Discrimination,LV,3.75,8,0.1637,3.4292,4.0708,N,N,08/2019,Analyst
49-3043.00,1.A.4.a.4,Night Vision,IM,2.0,8,0.0,2.0,2.0,N,,08/2019,Analyst
49-3043.00,1.A.4.a.4,Night Vision,LV,1.75,8,0.1637,1.4292,2.0708,N,N,08/2019,Analyst
49-3043.00,1.A.4.a.5,Peripheral Vision,IM,2.12,8,0.125,1.88,2.37,N,,08/2019,Analyst
49-3043.00,1.A.4.a.5,Peripheral Vision,LV,1.88,8,0.125,1.63,2.12,N,N,08/2019,Analyst
49-3043.00,1.A.4.a.6,Depth Perception,IM,2.75,8,0.1637,2.4292,3.0708,N,,08/2019,Analyst
49-3043.00,1.A.4.a.6,Depth Perception,LV,3.0,8,0.0,3.0,3.0,N,N,08/2019,Analyst
49-3043.00,1.A.4.a.7,Glare Sensitivity,IM,2.38,8,0.183,2.0164,2.7336,N,,08/2019,Analyst
49-3043.00,1.A.4.a.7,Glare Sensitivity,LV,2.12,8,0.125,1.88,2.37,N,N,08/2019,Analyst
49-3043.00,1.A.4.b.1,Hearing Sensitivity,IM,3.0,8,0.189,2.6296,3.3704,N,,08/2019,Analyst
49-3043.00,1.A.4.b.1,Hearing Sensitivity,LV,3.0,8,0.0,3.0,3.0,N,N,08/2019,Analyst
49-3043.00,1.A.4.b.2,Auditory Attention,IM,2.88,8,0.125,2.63,3.12,N,,08/2019,Analyst
49-3043.00,1.A.4.b.2,Auditory Attention,LV,3.25,8,0.1637,2.9292,3.5708,N,N,08/2019,Analyst
49-3043.00,1.A.4.b.3,Sound Localization,IM,2.75,8,0.1637,2.4292,3.0708,N,,08/2019,Analyst
49-3043.00,1.A.4.b.3,Sound Localization,LV,2.0,8,0.0,2.0,2.0,N,N,08/2019,Analyst
49-3043.00,1.A.4.b.4,Speech Recognition,IM,3.0,8,0.0,3.0,3.0,N,,08/2019,Analyst
49-3043.00,1.A.4.b.4,Speech Recognition,LV,2.38,8,0.183,2.0164,2.7336,N,N,08/2019,Analyst
49-3043.00,1.A.4.b.5,Speech Clarity,IM,2.88,8,0.125,2.63,3.12,N,,08/2019,Analyst
49-3043.00,1.A.4.b.5,Speech Clarity,LV,2.5,8,0.189,2.1296,2.8704,N,N,08/2019,Analyst
49-3051.00,1.A.1.a.1,Oral Comprehension,IM,3.25,8,0.1637,2.9292,3.5708,N,,07/2015,Analyst
49-3051.00,1.A.1.a.1,Oral Comprehension,LV,3.62,8,0.183,3.2664,3.9836,N,N,07/2015,Analyst
49-3051.00,1.A.1.a.2,Written Comprehension,IM,2.75,8,0.1637,2.4292,3.0708,N,,07/2015,Analyst
49-3051.00,1.A.1.a.2,Written Comprehension,LV,2.88,8,0.125,2.63,3.12,N,N,07/2015,Analyst
49-3051.00,1.A.1.a.3,Oral Expression,IM,3.25,8,0.1637,2.9292,3.5708,N,,07/2015,Analyst
49-3051.00,1.A.1.a.3,Oral Expression,LV,3.38,8,0.183,3.0164,3.7336,N,N,07/2015,Analyst
49-3051.00,1.A.1.a.4,Written Expression,IM,2.75,8,0.1637,2.4292,3.0708,N,,07/2015,Analyst
49-3051.00,1.A.1.a.4,Written Expression,LV,2.38,8,0.183,2.0164,2.7336,N,N,07/2015,Analyst
49-3051.00,1.A.1.b.1,Fluency of Ideas,IM,2.38,8,0.183,2.0164,2.7336,N,,07/2015,Analyst
49-3051.00,1.A.1.b.1,Fluency of Ideas,LV,2.0,8,0.0,2.0,2.0,N,N,07/2015,Analyst
49-3051.00,1.A.1.b.2,Originality,IM,2.38,8,0.183,2.0164,2.7336,N,,07/2015,Analyst
49-3051.00,1.A.1.b.2,Originality,LV,2.0,8,0.0,2.0,2.0,N,N,07/2015,Analyst
49-3051.00,1.A.1.b.3,Problem Sensitivity,IM,3.88,8,0.125,3.63,4.12,N,,07/2015,Analyst
49-3051.00,1.A.1.b.3,Problem Sensitivity,LV,3.38,8,0.183,3.0164,3.7336,N,N,07/2015,Analyst
49-3051.00,1.A.1.b.4,Deductive Reasoning,IM,3.75,8,0.1637,3.4292,4.0708,N,,07/2015,Analyst
49-3051.00,1.A.1.b.4,Deductive Reasoning,LV,3.25,8,0.1637,2.9292,3.5708,N,N,07/2015,Analyst
49-3051.00,1.A.1.b.5,Inductive Reasoning,IM,3.75,8,0.1637,3.4292,4.0708,N,,07/2015,Analyst
49-3051.00,1.A.1.b.5,Inductive Reasoning,LV,3.5,8,0.189,3.1296,3.8704,N,N,07/2015,Analyst
49-3051.00,1.A.1.b.6,Information Ordering,IM,3.25,8,0.1637,2.9292,3.5708,N,,07/2015,Analyst
49-3051.00,1.A.1.b.6,Information Ordering,LV,3.38,8,0.183,3.0164,3.7336,N,N,07/2015,Analyst
49-3051.00,1.A.1.b.7,Category Flexibility,IM,3.0,8,0.0,3.0,3.0,N,,07/2015,Analyst
49-3051.00,1.A.1.b.7,Category Flexibility,LV,2.88,8,0.125,2.63,3.12,N,N,07/2015,Analyst
49-3051.00,1.A.1.c.1,Mathematical Reasoning,IM,2.12,8,0.125,1.88,2.37,N,,07/2015,Analyst
49-3051.00,1.A.1.c.1,Mathematical Reasoning,LV,2.0,8,0.0,2.0,2.0,N,N,07/2015,Analyst
49-3051.00,1.A.1.c.2,Number Facility,IM,2.12,8,0.125,1.88,2.37,N,,07/2015,Analyst
49-3051.00,1.A.1.c.2,Number Facility,LV,2.0,8,0.0,2.0,2.0,N,N,07/2015,Analyst
49-3051.00,1.A.1.d.1,Memorization,IM,2.12,8,0.125,1.88,2.37,N,,07/2015,Analyst
49-3051.00,1.A.1.d.1,Memorization,LV,2.0,8,0.0,2.0,2.0,N,N,07/2015,Analyst
49-3051.00,1.A.1.e.1,Speed of Closure,IM,2.25,8,0.1637,1.9292,2.5708,N,,07/2015,Analyst
49-3051.00,1.A.1.e.1,Speed of Closure,LV,2.12,8,0.125,1.88,2.37,N,N,07/2015,Analyst
49-3051.00,1.A.1.e.2,Flexibility of Closure,IM,3.0,8,0.189,2.6296,3.3704,N,,07/2015,Analyst
49-3051.00,1.A.1.e.2,Flexibility of Closure,LV,3.12,8,0.2266,2.6809,3.5691,N,N,07/2015,Analyst
49-3051.00,1.A.1.e.3,Perceptual Speed,IM,2.88,8,0.125,2.63,3.12,N,,07/2015,Analyst
49-3051.00,1.A.1.e.3,Perceptual Speed,LV,2.88,8,0.125,2.63,3.12,N,N,07/2015,Analyst
49-3051.00,1.A.1.f.1,Spatial Orientation,IM,2.0,8,0.0,2.0,2.0,N,,07/2015,Analyst
49-3051.00,1.A.1.f.1,Spatial Orientation,LV,1.38,8,0.183,1.0164,1.7336,N,N,07/2015,Analyst
49-3051.00,1.A.1.f.2,Visualization,IM,3.12,8,0.125,2.88,3.37,N,,07/2015,Analyst
49-3051.00,1.A.1.f.2,Visualization,LV,3.38,8,0.183,3.0164,3.7336,N,N,07/2015,Analyst
49-3051.00,1.A.1.g.1,Selective Attention,IM,3.0,8,0.0,3.0,3.0,N,,07/2015,Analyst
49-3051.00,1.A.1.g.1,Selective Attention,LV,3.0,8,0.0,3.0,3.0,N,N,07/2015,Analyst
49-3051.00,1.A.1.g.2,Time Sharing,IM,2.38,8,0.183,2.0164,2.7336,N,,07/2015,Analyst
49-3051.00,1.A.1.g.2,Time Sharing,LV,2.5,8,0.189,2.1296,2.8704,N,N,07/2015,Analyst
49-3051.00,1.A.2.a.1,Arm-Hand Steadiness,IM,3.75,8,0.1637,3.4292,4.0708,N,,07/2015,Analyst
49-3051.00,1.A.2.a.1,Arm-Hand Steadiness,LV,3.0,8,0.0,3.0,3.0,N,N,07/2015,Analyst
49-3051.00,1.A.2.a.2,Manual Dexterity,IM,3.75,8,0.1637,3.4292,4.0708,N,,07/2015,Analyst
49-3051.00,1.A.2.a.2,Manual Dexterity,LV,3.0,8,0.0,3.0,3.0,N,N,07/2015,Analyst
49-3051.00,1.A.2.a.3,Finger Dexterity,IM,3.62,8,0.183,3.2664,3.9836,N,,07/2015,Analyst
49-3051.00,1.A.2.a.3,Finger Dexterity,LV,3.5,8,0.189,3.1296,3.8704,N,N,07/2015,Analyst
49-3051.00,1.A.2.b.1,Control Precision,IM,3.62,8,0.183,3.2664,3.9836,N,,07/2015,Analyst
49-3051.00,1.A.2.b.1,Control Precision,LV,3.75,8,0.25,3.26,4.24,N,N,07/2015,Analyst
49-3051.00,1.A.2.b.2,Multilimb Coordination,IM,3.25,8,0.1637,2.9292,3.5708,N,,07/2015,Analyst
49-3051.00,1.A.2.b.2,Multilimb Coordination,LV,3.5,8,0.189,3.1296,3.8704,N,N,07/2015,Analyst
49-3051.00,1.A.2.b.3,Response Orientation,IM,2.38,8,0.183,2.0164,2.7336,N,,07/2015,Analyst
49-3051.00,1.A.2.b.3,Response Orientation,LV,2.12,8,0.125,1.88,2.37,N,N,07/2015,Analyst
49-3051.00,1.A.2.b.4,Rate Control,IM,2.25,8,0.25,1.76,2.74,N,,07/2015,Analyst
49-3051.00,1.A.2.b.4,Rate Control,LV,1.88,8,0.295,1.2967,2.4533,N,N,07/2015,Analyst
49-3051.00,1.A.2.c.1,Reaction Time,IM,2.75,8,0.1637,2.4292,3.0708,N,,07/2015,Analyst
49-3051.00,1.A.2.c.1,Reaction Time,LV,2.88,8,0.125,2.63,3.12,N,N,07/2015,Analyst
49-3051.00,1.A.2.c.2,Wrist-Finger Speed,IM,2.12,8,0.125,1.88,2.37,N,,07/2015,Analyst
49-3051.00,1.A.2.c.2,Wrist-Finger Speed,LV,2.0,8,0.189,1.6296,2.3704,N,N,07/2015,Analyst
49-3051.00,1.A.2.c.3,Speed of Limb Movement,IM,1.75,8,0.1637,1.4292,2.0708,N,,07/2015,Analyst
49-3051.00,1.A.2.c.3,Speed of Limb Movement,LV,1.38,8,0.3239,0.7402,2.0098,N,N,07/2015,Analyst
49-3051.00,1.A.3.a.1,Static Strength,IM,3.0,8,0.189,2.6296,3.3704,N,,07/2015,Analyst
49-3051.00,1.A.3.a.1,Static Strength,LV,2.88,8,0.2266,2.4309,3.3191,N,N,07/2015,Analyst
49-3051.00,1.A.3.a.2,Explosive Strength,IM,2.12,8,0.2266,1.6809,2.5691,N,,07/2015,Analyst
49-3051.00,1.A.3.a.2,Explosive Strength,LV,1.38,8,0.2631,0.8594,1.8906,N,N,07/2015,Analyst
49-3051.00,1.A.3.a.3,Dynamic Strength,IM,2.25,8,0.1637,1.9292,2.5708,N,,07/2015,Analyst
49-3051.00,1.A.3.a.3,Dynamic Strength,LV,2.0,8,0.189,1.6296,2.3704,N,N,07/2015,Analyst
49-3051.00,1.A.3.a.4,Trunk Strength,IM,3.12,8,0.125,2.88,3.37,N,,07/2015,Analyst
49-3051.00,1.A.3.a.4,Trunk Strength,LV,3.0,8,0.0,3.0,3.0,N,N,07/2015,Analyst
49-3051.00,1.A.3.b.1,Stamina,IM,2.5,8,0.189,2.1296,2.8704,N,,07/2015,Analyst
49-3051.00,1.A.3.b.1,Stamina,LV,2.0,8,0.0,2.0,2.0,N,N,07/2015,Analyst
49-3051.00,1.A.3.c.1,Extent Flexibility,IM,3.12,8,0.125,2.88,3.37,N,,07/2015,Analyst
49-3051.00,1.A.3.c.1,Extent Flexibility,LV,3.62,8,0.2631,3.1094,4.1406,N,N,07/2015,Analyst
49-3051.00,1.A.3.c.2,Dynamic Flexibility,IM,1.0,8,0.0,1.0,1.0,N,,07/2015,Analyst
49-3051.00,1.A.3.c.2,Dynamic Flexibility,LV,0.0,8,0.0,0.0,0.0,N,Y,07/2015,Analyst
49-3051.00,1.A.3.c.3,Gross Body Coordination,IM,2.0,8,0.0,2.0,2.0,N,,07/2015,Analyst
49-3051.00,1.A.3.c.3,Gross Body Coordination,LV,1.88,8,0.125,1.63,2.12,N,N,07/2015,Analyst
49-3051.00,1.A.3.c.4,Gross Body Equilibrium,IM,2.0,8,0.0,2.0,2.0,N,,07/2015,Analyst
49-3051.00,1.A.3.c.4,Gross Body Equilibrium,LV,1.62,8,0.183,1.2664,1.9836,N,N,07/2015,Analyst
49-3051.00,1.A.4.a.1,Near Vision,IM,3.5,8,0.189,3.1296,3.8704,N,,07/2015,Analyst
49-3051.00,1.A.4.a.1,Near Vision,LV,3.38,8,0.183,3.0164,3.7336,N,N,07/2015,Analyst
49-3051.00,1.A.4.a.2,Far Vision,IM,3.0,8,0.0,3.0,3.0,N,,07/2015,Analyst
49-3051.00,1.A.4.a.2,Far Vision,LV,3.0,8,0.0,3.0,3.0,N,N,07/2015,Analyst
49-3051.00,1.A.4.a.3,Visual Color Discrimination,IM,2.75,8,0.1637,2.4292,3.0708,N,,07/2015,Analyst
49-3051.00,1.A.4.a.3,Visual Color Discrimination,LV,2.88,8,0.125,2.63,3.12,N,N,07/2015,Analyst
49-3051.00,1.A.4.a.4,Night Vision,IM,1.88,8,0.125,1.63,2.12,N,,07/2015,Analyst
49-3051.00,1.A.4.a.4,Night Vision,LV,1.25,8,0.25,0.76,1.74,N,N,07/2015,Analyst
49-3051.00,1.A.4.a.5,Peripheral Vision,IM,1.88,8,0.125,1.63,2.12,N,,07/2015,Analyst
49-3051.00,1.A.4.a.5,Peripheral Vision,LV,1.38,8,0.2631,0.8594,1.8906,N,N,07/2015,Analyst
49-3051.00,1.A.4.a.6,Depth Perception,IM,3.0,8,0.0,3.0,3.0,N,,07/2015,Analyst
49-3051.00,1.A.4.a.6,Depth Perception,LV,3.0,8,0.0,3.0,3.0,N,N,07/2015,Analyst
49-3051.00,1.A.4.a.7,Glare Sensitivity,IM,2.0,8,0.0,2.0,2.0,N,,07/2015,Analyst
49-3051.00,1.A.4.a.7,Glare Sensitivity,LV,2.0,8,0.0,2.0,2.0,N,N,07/2015,Analyst
49-3051.00,1.A.4.b.1,Hearing Sensitivity,IM,3.25,8,0.1637,2.9292,3.5708,N,,07/2015,Analyst
49-3051.00,1.A.4.b.1,Hearing Sensitivity,LV,3.5,8,0.189,3.1296,3.8704,N,N,07/2015,Analyst
49-3051.00,1.A.4.b.2,Auditory Attention,IM,2.88,8,0.125,2.63,3.12,N,,07/2015,Analyst
49-3051.00,1.A.4.b.2,Auditory Attention,LV,3.12,8,0.125,2.88,3.37,N,N,07/2015,Analyst
49-3051.00,1.A.4.b.3,Sound Localization,IM,2.25,8,0.1637,1.9292,2.5708,N,,07/2015,Analyst
49-3051.00,1.A.4.b.3,Sound Localization,LV,1.88,8,0.125,1.63,2.12,N,N,07/2015,Analyst
49-3051.00,1.A.4.b.4,Speech Recognition,IM,3.12,8,0.125,2.88,3.37,N,,07/2015,Analyst
49-3051.00,1.A.4.b.4,Speech Recognition,LV,2.75,8,0.1637,2.4292,3.0708,N,N,07/2015,Analyst
49-3051.00,1.A.4.b.5,Speech Clarity,IM,2.88,8,0.125,2.63,3.12,N,,07/2015,Analyst
49-3051.00,1.A.4.b.5,Speech Clarity,LV,2.62,8,0.2631,2.1094,3.1406,N,N,07/2015,Analyst
49-3052.00,1.A.1.a.1,Oral Comprehension,IM,3.75,8,0.1637,3.4292,4.0708,N,,08/2021,Analyst
49-3052.00,1.A.1.a.1,Oral Comprehension,LV,3.75,8,0.1637,3.4292,4.0708,N,N,08/2021,Analyst
49-3052.00,1.A.1.a.2,Written Comprehension,IM,3.0,8,0.0,3.0,3.0,N,,08/2021,Analyst
49-3052.00,1.A.1.a.2,Written Comprehension,LV,2.75,8,0.1637,2.4292,3.0708,N,N,08/2021,Analyst
49-3052.00,1.A.1.a.3,Oral Expression,IM,3.25,8,0.1637,2.9292,3.5708,N,,08/2021,Analyst
49-3052.00,1.A.1.a.3,Oral Expression,LV,3.5,8,0.189,3.1296,3.8704,N,N,08/2021,Analyst
49-3052.00,1.A.1.a.4,Written Expression,IM,2.75,8,0.1637,2.4292,3.0708,N,,08/2021,Analyst
49-3052.00,1.A.1.a.4,Written Expression,LV,2.88,8,0.125,2.63,3.12,N,N,08/2021,Analyst
49-3052.00,1.A.1.b.1,Fluency of Ideas,IM,3.12,8,0.125,2.88,3.37,N,,08/2021,Analyst
49-3052.00,1.A.1.b.1,Fluency of Ideas,LV,3.0,8,0.0,3.0,3.0,N,N,08/2021,Analyst
49-3052.00,1.A.1.b.2,Originality,IM,3.0,8,0.0,3.0,3.0,N,,08/2021,Analyst
49-3052.00,1.A.1.b.2,Originality,LV,3.0,8,0.0,3.0,3.0,N,N,08/2021,Analyst
49-3052.00,1.A.1.b.3,Problem Sensitivity,IM,3.62,8,0.183,3.2664,3.9836,N,,08/2021,Analyst
49-3052.00,1.A.1.b.3,Problem Sensitivity,LV,3.12,8,0.125,2.88,3.37,N,N,08/2021,Analyst
49-3052.00,1.A.1.b.4,Deductive Reasoning,IM,3.88,8,0.125,3.63,4.12,N,,08/2021,Analyst
49-3052.00,1.A.1.b.4,Deductive Reasoning,LV,3.25,8,0.1637,2.9292,3.5708,N,N,08/2021,Analyst
49-3052.00,1.A.1.b.5,Inductive Reasoning,IM,3.88,8,0.125,3.63,4.12,N,,08/2021,Analyst
49-3052.00,1.A.1.b.5,Inductive Reasoning,LV,3.0,8,0.0,3.0,3.0,N,N,08/2021,Analyst
49-3052.00,1.A.1.b.6,Information Ordering,IM,3.12,8,0.125,2.88,3.37,N,,08/2021,Analyst
49-3052.00,1.A.1.b.6,Information Ordering,LV,3.0,8,0.0,3.0,3.0,N,N,08/2021,Analyst
49-3052.00,1.A.1.b.7,Category Flexibility,IM,3.12,8,0.125,2.88,3.37,N,,08/2021,Analyst
49-3052.00,1.A.1.b.7,Category Flexibility,LV,3.0,8,0.0,3.0,3.0,N,N,08/2021,Analyst
49-3052.00,1.A.1.c.1,Mathematical Reasoning,IM,2.12,8,0.125,1.88,2.37,N,,08/2021,Analyst
49-3052.00,1.A.1.c.1,Mathematical Reasoning,LV,1.88,8,0.125,1.63,2.12,N,N,08/2021,Analyst
49-3052.00,1.A.1.c.2,Number Facility,IM,2.25,8,0.1637,1.9292,2.5708,N,,08/2021,Analyst
49-3052.00,1.A.1.c.2,Number Facility,LV,2.12,8,0.125,1.88,2.37,N,N,08/2021,Analyst
49-3052.00,1.A.1.d.1,Memorization,IM,2.38,8,0.183,2.0164,2.7336,N,,08/2021,Analyst
49-3052.00,1.A.1.d.1,Memorization,LV,2.0,8,0.0,2.0,2.0,N,N,08/2021,Analyst
49-3052.00,1.A.1.e.1,Speed of Closure,IM,2.12,8,0.125,1.88,2.37,N,,08/2021,Analyst
49-3052.00,1.A.1.e.1,Speed of Closure,LV,2.0,8,0.0,2.0,2.0,N,N,08/2021,Analyst
49-3052.00,1.A.1.e.2,Flexibility of Closure,IM,2.88,8,0.125,2.63,3.12,N,,08/2021,Analyst
49-3052.00,1.A.1.e.2,Flexibility of Closure,LV,2.88,8,0.125,2.63,3.12,N,N,08/2021,Analyst
49-3052.00,1.A.1.e.3,Perceptual Speed,IM,2.38,8,0.183,2.0164,2.7336,N,,08/2021,Analyst
49-3052.00,1.A.1.e.3,Perceptual Speed,LV,2.38,8,0.183,2.0164,2.7336,N,N,08/2021,Analyst
49-3052.00,1.A.1.f.1,Spatial Orientation,IM,2.0,8,0.189,1.6296,2.3704,N,,08/2021,Analyst
49-3052.00,1.A.1.f.1,Spatial Orientation,LV,1.75,8,0.25,1.26,2.24,N,N,08/2021,Analyst
49-3052.00,1.A.1.f.2,Visualization,IM,3.12,8,0.125,2.88,3.37,N,,08/2021,Analyst
49-3052.00,1.A.1.f.2,Visualization,LV,4.0,8,0.189,3.6296,4.3704,N,N,08/2021,Analyst
49-3052.00,1.A.1.g.1,Selective Attention,IM,3.12,8,0.125,2.88,3.37,N,,08/2021,Analyst
49-3052.00,1.A.1.g.1,Selective Attention,LV,3.0,8,0.0,3.0,3.0,N,N,08/2021,Analyst
49-3052.00,1.A.1.g.2,Time Sharing,IM,2.88,8,0.125,2.63,3.12,N,,08/2021,Analyst
49-3052.00,1.A.1.g.2,Time Sharing,LV,2.88,8,0.125,2.63,3.12,N,N,08/2021,Analyst
49-3052.00,1.A.2.a.1,Arm-Hand Steadiness,IM,3.75,8,0.1637,3.4292,4.0708,N,,08/2021,Analyst
49-3052.00,1.A.2.a.1,Arm-Hand Steadiness,LV,3.62,8,0.183,3.2664,3.9836,N,N,08/2021,Analyst
49-3052.00,1.A.2.a.2,Manual Dexterity,IM,3.88,8,0.125,3.63,4.12,N,,08/2021,Analyst
49-3052.00,1.A.2.a.2,Manual Dexterity,LV,3.75,8,0.1637,3.4292,4.0708,N,N,08/2021,Analyst
49-3052.00,1.A.2.a.3,Finger Dexterity,IM,3.88,8,0.125,3.63,4.12,N,,08/2021,Analyst
49-3052.00,1.A.2.a.3,Finger Dexterity,LV,3.88,8,0.125,3.63,4.12,N,N,08/2021,Analyst
49-3052.00,1.A.2.b.1,Control Precision,IM,3.62,8,0.183,3.2664,3.9836,N,,08/2021,Analyst
49-3052.00,1.A.2.b.1,Control Precision,LV,3.88,8,0.2266,3.4309,4.3191,N,N,08/2021,Analyst
49-3052.00,1.A.2.b.2,Multilimb Coordination,IM,3.12,8,0.125,2.88,3.37,N,,08/2021,Analyst
49-3052.00,1.A.2.b.2,Multilimb Coordination,LV,3.12,8,0.125,2.88,3.37,N,N,08/2021,Analyst
49-3052.00,1.A.2.b.3,Response Orientation,IM,2.88,8,0.125,2.63,3.12,N,,08/2021,Analyst
49-3052.00,1.A.2.b.3,Response Orientation,LV,3.12,8,0.125,2.88,3.37,N,N,08/2021,Analyst
49-3052.00,1.A.2.b.4,Rate Control,IM,2.0,8,0.189,1.6296,2.3704,N,,08/2021,Analyst
49-3052.00,1.A.2.b.4,Rate Control,LV,1.75,8,0.25,1.26,2.24,N,N,08/2021,Analyst
49-3052.00,1.A.2.c.1,Reaction Time,IM,2.38,8,0.183,2.0164,2.7336,N,,08/2021,Analyst
49-3052.00,1.A.2.c.1,Reaction Time,LV,2.38,8,0.183,2.0164,2.7336,N,N,08/2021,Analyst
49-3052.00,1.A.2.c.2,Wrist-Finger Speed,IM,2.0,8,0.0,2.0,2.0,N,,08/2021,Analyst
49-3052.00,1.A.2.c.2,Wrist-Finger Speed,LV,2.12,8,0.125,1.88,2.37,N,N,08/2021,Analyst
49-3052.00,1.A.2.c.3,Speed of Limb Movement,IM,1.88,8,0.125,1.63,2.12,N,,08/2021,Analyst
49-3052.00,1.A.2.c.3,Speed of Limb Movement,LV,1.62,8,0.2631,1.1094,2.1406,N,N,08/2021,Analyst
49-3052.00,1.A.3.a.1,Static Strength,IM,3.12,8,0.125,2.88,3.37,N,,08/2021,Analyst
49-3052.00,1.A.3.a.1,Static Strength,LV,3.12,8,0.125,2.88,3.37,N,N,08/2021,Analyst
49-3052.00,1.A.3.a.2,Explosive Strength,IM,1.88,8,0.2266,1.4309,2.3191,N,,08/2021,Analyst
49-3052.00,1.A.3.a.2,Explosive Strength,LV,1.25,8,0.3134,0.6358,1.8642,N,N,08/2021,Analyst
49-3052.00,1.A.3.a.3,Dynamic Strength,IM,2.25,8,0.1637,1.9292,2.5708,N,,08/2021,Analyst
49-3052.00,1.A.3.a.3,Dynamic Strength,LV,2.25,8,0.1637,1.9292,2.5708,N,N,08/2021,Analyst
49-3052.00,1.A.3.a.4,Trunk Strength,IM,3.12,8,0.125,2.88,3.37,N,,08/2021,Analyst
49-3052.00,1.A.3.a.4,Trunk Strength,LV,3.12,8,0.125,2.88,3.37,N,N,08/2021,Analyst
49-3052.00,1.A.3.b.1,Stamina,IM,2.12,8,0.125,1.88,2.37,N,,08/2021,Analyst
49-3052.00,1.A.3.b.1,Stamina,LV,2.12,8,0.125,1.88,2.37,N,N,08/2021,Analyst
49-3052.00,1.A.3.c.1,Extent Flexibility,IM,3.12,8,0.125,2.88,3.37,N,,08/2021,Analyst
49-3052.00,1.A.3.c.1,Extent Flexibility,LV,3.25,8,0.25,2.76,3.74,N,N,08/2021,Analyst
49-3052.00,1.A.3.c.2,Dynamic Flexibility,IM,1.25,8,0.1637,1.0,1.5708,N,,08/2021,Analyst
49-3052.00,1.A.3.c.2,Dynamic Flexibility,LV,0.25,8,0.1637,0.0,0.5708,N,Y,08/2021,Analyst
49-3052.00,1.A.3.c.3,Gross Body Coordination,IM,2.25,8,0.1637,1.9292,2.5708,N,,08/2021,Analyst
49-3052.00,1.A.3.c.3,Gross Body Coordination,LV,2.0,8,0.189,1.6296,2.3704,N,N,08/2021,Analyst
49-3052.00,1.A.3.c.4,Gross Body Equilibrium,IM,1.88,8,0.125,1.63,2.12,N,,08/2021,Analyst
49-3052.00,1.A.3.c.4,Gross Body Equilibrium,LV,1.38,8,0.2631,0.8594,1.8906,N,N,08/2021,Analyst
49-3052.00,1.A.4.a.1,Near Vision,IM,3.75,8,0.1637,3.4292,4.0708,N,,08/2021,Analyst
49-3052.00,1.A.4.a.1,Near Vision,LV,3.88,8,0.125,3.63,4.12,N,N,08/2021,Analyst
49-3052.00,1.A.4.a.2,Far Vision,IM,2.62,8,0.183,2.2664,2.9836,N,,08/2021,Analyst
49-3052.00,1.A.4.a.2,Far Vision,LV,2.38,8,0.183,2.0164,2.7336,N,N,08/2021,Analyst
49-3052.00,1.A.4.a.3,Visual Color Discrimination,IM,2.25,8,0.1637,1.9292,2.5708,N,,08/2021,Analyst
49-3052.00,1.A.4.a.3,Visual Color Discrimination,LV,2.25,8,0.1637,1.9292,2.5708,N,N,08/2021,Analyst
49-3052.00,1.A.4.a.4,Night Vision,IM,1.62,8,0.183,1.2664,1.9836,N,,08/2021,Analyst
49-3052.00,1.A.4.a.4,Night Vision,LV,0.62,8,0.183,0.2664,0.9836,N,N,08/2021,Analyst
49-3052.00,1.A.4.a.5,Peripheral Vision,IM,1.38,8,0.183,1.0164,1.7336,N,,08/2021,Analyst
49-3052.00,1.A.4.a.5,Peripheral Vision,LV,0.38,8,0.183,0.0164,0.7336,N,N,08/2021,Analyst
49-3052.00,1.A.4.a.6,Depth Perception,IM,2.75,8,0.1637,2.4292,3.0708,N,,08/2021,Analyst
49-3052.00,1.A.4.a.6,Depth Perception,LV,2.12,8,0.125,1.88,2.37,N,N,08/2021,Analyst
49-3052.00,1.A.4.a.7,Glare Sensitivity,IM,1.62,8,0.183,1.2664,1.9836,N,,08/2021,Analyst
49-3052.00,1.A.4.a.7,Glare Sensitivity,LV,0.88,8,0.295,0.2967,1.4533,N,N,08/2021,Analyst
49-3052.00,1.A.4.b.1,Hearing Sensitivity,IM,3.75,8,0.1637,3.4292,4.0708,N,,08/2021,Analyst
49-3052.00,1.A.4.b.1,Hearing Sensitivity,LV,3.75,8,0.1637,3.4292,4.0708,N,N,08/2021,Analyst
49-3052.00,1.A.4.b.2,Auditory Attention,IM,3.12,8,0.125,2.88,3.37,N,,08/2021,Analyst
49-3052.00,1.A.4.b.2,Auditory Attention,LV,3.38,8,0.183,3.0164,3.7336,N,N,08/2021,Analyst
49-3052.00,1.A.4.b.3,Sound Localization,IM,2.25,8,0.1637,1.9292,2.5708,N,,08/2021,Analyst
49-3052.00,1.A.4.b.3,Sound Localization,LV,2.25,8,0.1637,1.9292,2.5708,N,N,08/2021,Analyst
49-3052.00,1.A.4.b.4,Speech Recognition,IM,3.0,8,0.0,3.0,3.0,N,,08/2021,Analyst
49-3052.00,1.A.4.b.4,Speech Recognition,LV,2.88,8,0.125,2.63,3.12,N,N,08/2021,Analyst
49-3052.00,1.A.4.b.5,Speech Clarity,IM,3.0,8,0.0,3.0,3.0,N,,08/2021,Analyst
49-3052.00,1.A.4.b.5,Speech Clarity,LV,2.88,8,0.125,2.63,3.12,N,N,08/2021,Analyst
49-3053.00,1.A.1.a.1,Oral Comprehension,IM,3.12,8,0.125,2.88,3.37,N,,08/2018,Analyst
49-3053.00,1.A.1.a.1,Oral Comprehension,LV,3.12,8,0.125,2.88,3.37,N,N,08/2018,Analyst
49-3053.00,1.A.1.a.2,Written Comprehension,IM,2.62,8,0.183,2.2664,2.9836,N,,08/2018,Analyst
49-3053.00,1.A.1.a.2,Written Comprehension,LV,2.75,8,0.1637,2.4292,3.0708,N,N,08/2018,Analyst
49-3053.00,1.A.1.a.3,Oral Expression,IM,3.0,8,0.0,3.0,3.0,N,,08/2018,Analyst
49-3053.00,1.A.1.a.3,Oral Expression,LV,3.25,8,0.1637,2.9292,3.5708,N,N,08/2018,Analyst
49-3053.00,1.A.1.a.4,Written Expression,IM,2.75,8,0.1637,2.4292,3.0708,N,,08/2018,Analyst
49-3053.00,1.A.1.a.4,Written Expression,LV,2.75,8,0.1637,2.4292,3.0708,N,N,08/2018,Analyst
49-3053.00,1.A.1.b.1,Fluency of Ideas,IM,2.75,8,0.1637,2.4292,3.0708,N,,08/2018,Analyst
49-3053.00,1.A.1.b.1,Fluency of Ideas,LV,2.5,8,0.189,2.1296,2.8704,N,N,08/2018,Analyst
49-3053.00,1.A.1.b.2,Originality,IM,2.62,8,0.183,2.2664,2.9836,N,,08/2018,Analyst
49-3053.00,1.A.1.b.2,Originality,LV,2.12,8,0.125,1.88,2.37,N,N,08/2018,Analyst
49-3053.00,1.A.1.b.3,Problem Sensitivity,IM,3.25,8,0.1637,2.9292,3.5708,N,,08/2018,Analyst
49-3053.00,1.A.1.b.3,Problem Sensitivity,LV,3.0,8,0.0,3.0,3.0,N,N,08/2018,Analyst
49-3053.00,1.A.1.b.4,Deductive Reasoning,IM,3.25,8,0.1637,2.9292,3.5708,N,,08/2018,Analyst
49-3053.00,1.A.1.b.4,Deductive Reasoning,LV,3.12,8,0.125,2.88,3.37,N,N,08/2018,Analyst
49-3053.00,1.A.1.b.5,Inductive Reasoning,IM,3.0,8,0.0,3.0,3.0,N,,08/2018,Analyst
49-3053.00,1.A.1.b.5,Inductive Reasoning,LV,3.12,8,0.125,2.88,3.37,N,N,08/2018,Analyst
49-3053.00,1.A.1.b.6,Information Ordering,IM,3.25,8,0.1637,2.9292,3.5708,N,,08/2018,Analyst
49-3053.00,1.A.1.b.6,Information Ordering,LV,3.12,8,0.125,2.88,3.37,N,N,08/2018,Analyst
49-3053.00,1.A.1.b.7,Category Flexibility,IM,3.0,8,0.0,3.0,3.0,N,,08/2018,Analyst
49-3053.00,1.A.1.b.7,Category Flexibility,LV,3.0,8,0.0,3.0,3.0,N,N,08/2018,Analyst
49-3053.00,1.A.1.c.1,Mathematical Reasoning,IM,2.12,8,0.125,1.88,2.37,N,,08/2018,Analyst
49-3053.00,1.A.1.c.1,Mathematical Reasoning,LV,2.0,8,0.0,2.0,2.0,N,N,08/2018,Analyst
49-3053.00,1.A.1.c.2,Number Facility,IM,2.0,8,0.0,2.0,2.0,N,,08/2018,Analyst
49-3053.00,1.A.1.c.2,Number Facility,LV,2.0,8,0.0,2.0,2.0,N,N,08/2018,Analyst
49-3053.00,1.A.1.d.1,Memorization,IM,2.25,8,0.1637,1.9292,2.5708,N,,08/2018,Analyst
49-3053.00,1.A.1.d.1,Memorization,LV,2.12,8,0.125,1.88,2.37,N,N,08/2018,Analyst
49-3053.00,1.A.1.e.1,Speed of Closure,IM,2.25,8,0.1637,1.9292,2.5708,N,,08/2018,Analyst
49-3053.00,1.A.1.e.1,Speed of Closure,LV,2.25,8,0.1637,1.9292,2.5708,N,N,08/2018,Analyst
49-3053.00,1.A.1.e.2,Flexibility of Closure,IM,3.0,8,0.0,3.0,3.0,N,,08/2018,Analyst
49-3053.00,1.A.1.e.2,Flexibility of Closure,LV,3.0,8,0.0,3.0,3.0,N,N,08/2018,Analyst
49-3053.00,1.A.1.e.3,Perceptual Speed,IM,2.75,8,0.1637,2.4292,3.0708,N,,08/2018,Analyst
49-3053.00,1.A.1.e.3,Perceptual Speed,LV,2.88,8,0.125,2.63,3.12,N,N,08/2018,Analyst
49-3053.00,1.A.1.f.1,Spatial Orientation,IM,1.88,8,0.125,1.63,2.12,N,,08/2018,Analyst
49-3053.00,1.A.1.f.1,Spatial Orientation,LV,1.62,8,0.2631,1.1094,2.1406,N,N,08/2018,Analyst
49-3053.00,1.A.1.f.2,Visualization,IM,3.38,8,0.183,3.0164,3.7336,N,,08/2018,Analyst
49-3053.00,1.A.1.f.2,Visualization,LV,3.88,8,0.125,3.63,4.12,N,N,08/2018,Analyst
49-3053.00,1.A.1.g.1,Selective Attention,IM,3.0,8,0.0,3.0,3.0,N,,08/2018,Analyst
49-3053.00,1.A.1.g.1,Selective Attention,LV,3.12,8,0.125,2.88,3.37,N,N,08/2018,Analyst
49-3053.00,1.A.1.g.2,Time Sharing,IM,2.62,8,0.183,2.2664,2.9836,N,,08/2018,Analyst
49-3053.00,1.A.1.g.2,Time Sharing,LV,2.5,8,0.189,2.1296,2.8704,N,N,08/2018,Analyst
49-3053.00,1.A.2.a.1,Arm-Hand Steadiness,IM,3.75,8,0.1637,3.4292,4.0708,N,,08/2018,Analyst
49-3053.00,1.A.2.a.1,Arm-Hand Steadiness,LV,3.12,8,0.125,2.88,3.37,N,N,08/2018,Analyst
49-3053.00,1.A.2.a.2,Manual Dexterity,IM,3.62,8,0.183,3.2664,3.9836,N,,08/2018,Analyst
49-3053.00,1.A.2.a.2,Manual Dexterity,LV,3.12,8,0.125,2.88,3.37,N,N,08/2018,Analyst
49-3053.00,1.A.2.a.3,Finger Dexterity,IM,3.88,8,0.125,3.63,4.12,N,,08/2018,Analyst
49-3053.00,1.A.2.a.3,Finger Dexterity,LV,3.62,8,0.183,3.2664,3.9836,N,N,08/2018,Analyst
49-3053.00,1.A.2.b.1,Control Precision,IM,3.5,8,0.189,3.1296,3.8704,N,,08/2018,Analyst
49-3053.00,1.A.2.b.1,Control Precision,LV,3.12,8,0.125,2.88,3.37,N,N,08/2018,Analyst
49-3053.00,1.A.2.b.2,Multilimb Coordination,IM,3.12,8,0.125,2.88,3.37,N,,08/2018,Analyst
49-3053.00,1.A.2.b.2,Multilimb Coordination,LV,3.12,8,0.125,2.88,3.37,N,N,08/2018,Analyst
49-3053.00,1.A.2.b.3,Response Orientation,IM,2.62,8,0.183,2.2664,2.9836,N,,08/2018,Analyst
49-3053.00,1.A.2.b.3,Response Orientation,LV,2.38,8,0.183,2.0164,2.7336,N,N,08/2018,Analyst
49-3053.00,1.A.2.b.4,Rate Control,IM,2.38,8,0.2631,1.8594,2.8906,N,,08/2018,Analyst
49-3053.00,1.A.2.b.4,Rate Control,LV,2.0,8,0.3273,1.3584,2.6416,N,N,08/2018,Analyst
49-3053.00,1.A.2.c.1,Reaction Time,IM,2.88,8,0.125,2.63,3.12,N,,08/2018,Analyst
49-3053.00,1.A.2.c.1,Reaction Time,LV,2.88,8,0.125,2.63,3.12,N,N,08/2018,Analyst
49-3053.00,1.A.2.c.2,Wrist-Finger Speed,IM,2.62,8,0.183,2.2664,2.9836,N,,08/2018,Analyst
49-3053.00,1.A.2.c.2,Wrist-Finger Speed,LV,2.5,8,0.189,2.1296,2.8704,N,N,08/2018,Analyst
49-3053.00,1.A.2.c.3,Speed of Limb Movement,IM,1.88,8,0.125,1.63,2.12,N,,08/2018,Analyst
49-3053.00,1.A.2.c.3,Speed of Limb Movement,LV,1.75,8,0.25,1.26,2.24,N,N,08/2018,Analyst
49-3053.00,1.A.3.a.1,Static Strength,IM,3.0,8,0.189,2.6296,3.3704,N,,08/2018,Analyst
49-3053.00,1.A.3.a.1,Static Strength,LV,3.0,8,0.189,2.6296,3.3704,N,N,08/2018,Analyst
49-3053.00,1.A.3.a.2,Explosive Strength,IM,1.62,8,0.2631,1.1094,2.1406,N,,08/2018,Analyst
49-3053.00,1.A.3.a.2,Explosive Strength,LV,0.75,8,0.3134,0.1358,1.3642,N,N,08/2018,Analyst
49-3053.00,1.A.3.a.3,Dynamic Strength,IM,2.12,8,0.125,1.88,2.37,N,,08/2018,Analyst
49-3053.00,1.A.3.a.3,Dynamic Strength,LV,2.0,8,0.189,1.6296,2.3704,N,N,08/2018,Analyst
49-3053.00,1.A.3.a.4,Trunk Strength,IM,2.75,8,0.25,2.26,3.24,N,,08/2018,Analyst
49-3053.00,1.A.3.a.4,Trunk Strength,LV,3.0,8,0.189,2.6296,3.3704,N,N,08/2018,Analyst
49-3053.00,1.A.3.b.1,Stamina,IM,2.12,8,0.125,1.88,2.37,N,,08/2018,Analyst
49-3053.00,1.A.3.b.1,Stamina,LV,2.0,8,0.0,2.0,2.0,N,N,08/2018,Analyst
49-3053.00,1.A.3.c.1,Extent Flexibility,IM,3.12,8,0.2266,2.6809,3.5691,N,,08/2018,Analyst
49-3053.00,1.A.3.c.1,Extent Flexibility,LV,3.38,8,0.2631,2.8594,3.8906,N,N,08/2018,Analyst
49-3053.00,1.A.3.c.2,Dynamic Flexibility,IM,1.12,8,0.125,1.0,1.37,N,,08/2018,Analyst
49-3053.00,1.A.3.c.2,Dynamic Flexibility,LV,0.12,8,0.125,0.0,0.37,N,Y,08/2018,Analyst
49-3053.00,1.A.3.c.3,Gross Body Coordination,IM,2.0,8,0.0,2.0,2.0,N,,08/2018,Analyst
49-3053.00,1.A.3.c.3,Gross Body Coordination,LV,1.75,8,0.1637,1.4292,2.0708,N,N,08/2018,Analyst
49-3053.00,1.A.3.c.4,Gross Body Equilibrium,IM,1.88,8,0.125,1.63,2.12,N,,08/2018,Analyst
49-3053.00,1.A.3.c.4,Gross Body Equilibrium,LV,1.12,8,0.2266,0.6809,1.5691,N,N,08/2018,Analyst
49-3053.00,1.A.4.a.1,Near Vision,IM,3.62,8,0.183,3.2664,3.9836,N,,08/2018,Analyst
49-3053.00,1.A.4.a.1,Near Vision,LV,3.38,8,0.183,3.0164,3.7336,N,N,08/2018,Analyst
49-3053.00,1.A.4.a.2,Far Vision,IM,2.62,8,0.183,2.2664,2.9836,N,,08/2018,Analyst
49-3053.00,1.A.4.a.2,Far Vision,LV,2.5,8,0.189,2.1296,2.8704,N,N,08/2018,Analyst
49-3053.00,1.A.4.a.3,Visual Color Discrimination,IM,2.5,8,0.189,2.1296,2.8704,N,,08/2018,Analyst
49-3053.00,1.A.4.a.3,Visual Color Discrimination,LV,2.75,8,0.1637,2.4292,3.0708,N,N,08/2018,Analyst
49-3053.00,1.A.4.a.4,Night Vision,IM,1.75,8,0.1637,1.4292,2.0708,N,,08/2018,Analyst
49-3053.00,1.A.4.a.4,Night Vision,LV,0.88,8,0.2266,0.4309,1.3191,N,N,08/2018,Analyst
49-3053.00,1.A.4.a.5,Peripheral Vision,IM,1.88,8,0.125,1.63,2.12,N,,08/2018,Analyst
49-3053.00,1.A.4.a.5,Peripheral Vision,LV,1.12,8,0.2266,0.6809,1.5691,N,N,08/2018,Analyst
49-3053.00,1.A.4.a.6,Depth Perception,IM,2.75,8,0.1637,2.4292,3.0708,N,,08/2018,Analyst
49-3053.00,1.A.4.a.6,Depth Perception,LV,2.75,8,0.1637,2.4292,3.0708,N,N,08/2018,Analyst
49-3053.00,1.A.4.a.7,Glare Sensitivity,IM,1.75,8,0.1637,1.4292,2.0708,N,,08/2018,Analyst
49-3053.00,1.A.4.a.7,Glare Sensitivity,LV,0.88,8,0.2266,0.4309,1.3191,N,N,08/2018,Analyst
49-3053.00,1.A.4.b.1,Hearing Sensitivity,IM,3.0,8,0.189,2.6296,3.3704,N,,08/2018,Analyst
49-3053.00,1.A.4.b.1,Hearing Sensitivity,LV,3.0,8,0.189,2.6296,3.3704,N,N,08/2018,Analyst
49-3053.00,1.A.4.b.2,Auditory Attention,IM,3.0,8,0.189,2.6296,3.3704,N,,08/2018,Analyst
49-3053.00,1.A.4.b.2,Auditory Attention,LV,2.88,8,0.125,2.63,3.12,N,N,08/2018,Analyst
49-3053.00,1.A.4.b.3,Sound Localization,IM,2.12,8,0.125,1.88,2.37,N,,08/2018,Analyst
49-3053.00,1.A.4.b.3,Sound Localization,LV,2.0,8,0.0,2.0,2.0,N,N,08/2018,Analyst
49-3053.00,1.A.4.b.4,Speech Recognition,IM,2.75,8,0.1637,2.4292,3.0708,N,,08/2018,Analyst
49-3053.00,1.A.4.b.4,Speech Recognition,LV,2.75,8,0.1637,2.4292,3.0708,N,N,08/2018,Analyst
49-3053.00,1.A.4.b.5,Speech Clarity,IM,2.88,8,0.125,2.63,3.12,N,,08/2018,Analyst
49-3053.00,1.A.4.b.5,Speech Clarity,LV,2.75,8,0.1637,2.4292,3.0708,N,N,08/2018,Analyst
49-3091.00,1.A.1.a.1,Oral Comprehension,IM,3.38,8,0.183,3.0164,3.7336,N,,07/2016,Analyst
49-3091.00,1.A.1.a.1,Oral Comprehension,LV,3.5,8,0.189,3.1296,3.8704,N,N,07/2016,Analyst
49-3091.00,1.A.1.a.2,Written Comprehension,IM,3.0,8,0.0,3.0,3.0,N,,07/2016,Analyst
49-3091.00,1.A.1.a.2,Written Comprehension,LV,3.0,8,0.0,3.0,3.0,N,N,07/2016,Analyst
49-3091.00,1.A.1.a.3,Oral Expression,IM,3.5,8,0.189,3.1296,3.8704,N,,07/2016,Analyst
49-3091.00,1.A.1.a.3,Oral Expression,LV,3.38,8,0.183,3.0164,3.7336,N,N,07/2016,Analyst
49-3091.00,1.A.1.a.4,Written Expression,IM,2.88,8,0.2266,2.4309,3.3191,N,,07/2016,Analyst
49-3091.00,1.A.1.a.4,Written Expression,LV,2.5,8,0.189,2.1296,2.8704,N,N,07/2016,Analyst
49-3091.00,1.A.1.b.1,Fluency of Ideas,IM,2.75,8,0.1637,2.4292,3.0708,N,,07/2016,Analyst
49-3091.00,1.A.1.b.1,Fluency of Ideas,LV,2.75,8,0.1637,2.4292,3.0708,N,N,07/2016,Analyst
49-3091.00,1.A.1.b.2,Originality,IM,2.75,8,0.1637,2.4292,3.0708,N,,07/2016,Analyst
49-3091.00,1.A.1.b.2,Originality,LV,2.5,8,0.189,2.1296,2.8704,N,N,07/2016,Analyst
49-3091.00,1.A.1.b.3,Problem Sensitivity,IM,3.62,8,0.183,3.2664,3.9836,N,,07/2016,Analyst
49-3091.00,1.A.1.b.3,Problem Sensitivity,LV,3.0,8,0.0,3.0,3.0,N,N,07/2016,Analyst
49-3091.00,1.A.1.b.4,Deductive Reasoning,IM,3.0,8,0.189,2.6296,3.3704,N,,07/2016,Analyst
49-3091.00,1.A.1.b.4,Deductive Reasoning,LV,2.88,8,0.125,2.63,3.12,N,N,07/2016,Analyst
49-3091.00,1.A.1.b.5,Inductive Reasoning,IM,3.0,8,0.189,2.6296,3.3704,N,,07/2016,Analyst
49-3091.00,1.A.1.b.5,Inductive Reasoning,LV,2.88,8,0.125,2.63,3.12,N,N,07/2016,Analyst
49-3091.00,1.A.1.b.6,Information Ordering,IM,3.62,8,0.183,3.2664,3.9836,N,,07/2016,Analyst
49-3091.00,1.A.1.b.6,Information Ordering,LV,3.12,8,0.125,2.88,3.37,N,N,07/2016,Analyst
49-3091.00,1.A.1.b.7,Category Flexibility,IM,3.0,8,0.189,2.6296,3.3704,N,,07/2016,Analyst
49-3091.00,1.A.1.b.7,Category Flexibility,LV,3.0,8,0.0,3.0,3.0,N,N,07/2016,Analyst
49-3091.00,1.A.1.c.1,Mathematical Reasoning,IM,2.12,8,0.125,1.88,2.37,N,,07/2016,Analyst
49-3091.00,1.A.1.c.1,Mathematical Reasoning,LV,1.75,8,0.1637,1.4292,2.0708,N,N,07/2016,Analyst
49-3091.00,1.A.1.c.2,Number Facility,IM,2.25,8,0.1637,1.9292,2.5708,N,,07/2016,Analyst
49-3091.00,1.A.1.c.2,Number Facility,LV,2.12,8,0.125,1.88,2.37,N,N,07/2016,Analyst
49-3091.00,1.A.1.d.1,Memorization,IM,2.38,8,0.183,2.0164,2.7336,N,,07/2016,Analyst
49-3091.00,1.A.1.d.1,Memorization,LV,2.12,8,0.125,1.88,2.37,N,N,07/2016,Analyst
49-3091.00,1.A.1.e.1,Speed of Closure,IM,2.5,8,0.189,2.1296,2.8704,N,,07/2016,Analyst
49-3091.00,1.A.1.e.1,Speed of Closure,LV,2.12,8,0.125,1.88,2.37,N,N,07/2016,Analyst
49-3091.00,1.A.1.e.2,Flexibility of Closure,IM,2.88,8,0.2266,2.4309,3.3191,N,,07/2016,Analyst
49-3091.00,1.A.1.e.2,Flexibility of Closure,LV,2.25,8,0.1637,1.9292,2.5708,N,N,07/2016,Analyst
49-3091.00,1.A.1.e.3,Perceptual Speed,IM,2.75,8,0.1637,2.4292,3.0708,N,,07/2016,Analyst
49-3091.00,1.A.1.e.3,Perceptual Speed,LV,2.25,8,0.1637,1.9292,2.5708,N,N,07/2016,Analyst
49-3091.00,1.A.1.f.1,Spatial Orientation,IM,1.5,8,0.189,1.1296,1.8704,N,,07/2016,Analyst
49-3091.00,1.A.1.f.1,Spatial Orientation,LV,0.5,8,0.189,0.1296,0.8704,N,N,07/2016,Analyst
49-3091.00,1.A.1.f.2,Visualization,IM,3.88,8,0.2266,3.4309,4.3191,N,,07/2016,Analyst
49-3091.00,1.A.1.f.2,Visualization,LV,3.75,8,0.1637,3.4292,4.0708,N,N,07/2016,Analyst
49-3091.00,1.A.1.g.1,Selective Attention,IM,3.0,8,0.0,3.0,3.0,N,,07/2016,Analyst
49-3091.00,1.A.1.g.1,Selective Attention,LV,2.88,8,0.125,2.63,3.12,N,N,07/2016,Analyst
49-3091.00,1.A.1.g.2,Time Sharing,IM,2.75,8,0.1637,2.4292,3.0708,N,,07/2016,Analyst
49-3091.00,1.A.1.g.2,Time Sharing,LV,2.12,8,0.125,1.88,2.37,N,N,07/2016,Analyst
49-3091.00,1.A.2.a.1,Arm-Hand Steadiness,IM,3.75,8,0.1637,3.4292,4.0708,N,,07/2016,Analyst
49-3091.00,1.A.2.a.1,Arm-Hand Steadiness,LV,3.12,8,0.125,2.88,3.37,N,N,07/2016,Analyst
49-3091.00,1.A.2.a.2,Manual Dexterity,IM,3.75,8,0.1637,3.4292,4.0708,N,,07/2016,Analyst
49-3091.00,1.A.2.a.2,Manual Dexterity,LV,3.62,8,0.183,3.2664,3.9836,N,N,07/2016,Analyst
49-3091.00,1.A.2.a.3,Finger Dexterity,IM,3.88,8,0.125,3.63,4.12,N,,07/2016,Analyst
49-3091.00,1.A.2.a.3,Finger Dexterity,LV,3.75,8,0.1637,3.4292,4.0708,N,N,07/2016,Analyst
49-3091.00,1.A.2.b.1,Control Precision,IM,3.12,8,0.125,2.88,3.37,N,,07/2016,Analyst
49-3091.00,1.A.2.b.1,Control Precision,LV,3.0,8,0.0,3.0,3.0,N,N,07/2016,Analyst
49-3091.00,1.A.2.b.2,Multilimb Coordination,IM,2.88,8,0.125,2.63,3.12,N,,07/2016,Analyst
49-3091.00,1.A.2.b.2,Multilimb Coordination,LV,2.62,8,0.183,2.2664,2.9836,N,N,07/2016,Analyst
49-3091.00,1.A.2.b.3,Response Orientation,IM,1.62,8,0.2631,1.1094,2.1406,N,,07/2016,Analyst
49-3091.00,1.A.2.b.3,Response Orientation,LV,1.0,8,0.378,0.2592,1.7408,N,N,07/2016,Analyst
49-3091.00,1.A.2.b.4,Rate Control,IM,2.12,8,0.125,1.88,2.37,N,,07/2016,Analyst
49-3091.00,1.A.2.b.4,Rate Control,LV,1.38,8,0.183,1.0164,1.7336,N,N,07/2016,Analyst
49-3091.00,1.A.2.c.1,Reaction Time,IM,2.25,8,0.1637,1.9292,2.5708,N,,07/2016,Analyst
49-3091.00,1.A.2.c.1,Reaction Time,LV,1.75,8,0.1637,1.4292,2.0708,N,N,07/2016,Analyst
49-3091.00,1.A.2.c.2,Wrist-Finger Speed,IM,2.62,8,0.183,2.2664,2.9836,N,,07/2016,Analyst
49-3091.00,1.A.2.c.2,Wrist-Finger Speed,LV,2.0,8,0.189,1.6296,2.3704,N,N,07/2016,Analyst
49-3091.00,1.A.2.c.3,Speed of Limb Movement,IM,2.0,8,0.2673,1.4762,2.5238,N,,07/2016,Analyst
49-3091.00,1.A.2.c.3,Speed of Limb Movement,LV,1.38,8,0.3239,0.7402,2.0098,N,N,07/2016,Analyst
49-3091.00,1.A.3.a.1,Static Strength,IM,2.88,8,0.125,2.63,3.12,N,,07/2016,Analyst
49-3091.00,1.A.3.a.1,Static Strength,LV,3.0,8,0.0,3.0,3.0,N,N,07/2016,Analyst
49-3091.00,1.A.3.a.2,Explosive Strength,IM,1.88,8,0.2266,1.4309,2.3191,N,,07/2016,Analyst
49-3091.00,1.A.3.a.2,Explosive Strength,LV,1.25,8,0.366,0.5327,1.9673,N,N,07/2016,Analyst
49-3091.00,1.A.3.a.3,Dynamic Strength,IM,2.38,8,0.183,2.0164,2.7336,N,,07/2016,Analyst
49-3091.00,1.A.3.a.3,Dynamic Strength,LV,2.0,8,0.189,1.6296,2.3704,N,N,07/2016,Analyst
49-3091.00,1.A.3.a.4,Trunk Strength,IM,2.88,8,0.125,2.63,3.12,N,,07/2016,Analyst
49-3091.00,1.A.3.a.4,Trunk Strength,LV,3.0,8,0.0,3.0,3.0,N,N,07/2016,Analyst
49-3091.00,1.A.3.b.1,Stamina,IM,2.0,8,0.0,2.0,2.0,N,,07/2016,Analyst
49-3091.00,1.A.3.b.1,Stamina,LV,1.75,8,0.1637,1.4292,2.0708,N,N,07/2016,Analyst
49-3091.00,1.A.3.c.1,Extent Flexibility,IM,3.0,8,0.0,3.0,3.0,N,,07/2016,Analyst
49-3091.00,1.A.3.c.1,Extent Flexibility,LV,2.75,8,0.1637,2.4292,3.0708,N,N,07/2016,Analyst
49-3091.00,1.A.3.c.2,Dynamic Flexibility,IM,1.25,8,0.1637,1.0,1.5708,N,,07/2016,Analyst
49-3091.00,1.A.3.c.2,Dynamic Flexibility,LV,0.38,8,0.2631,0.0,0.8906,N,Y,07/2016,Analyst
49-3091.00,1.A.3.c.3,Gross Body Coordination,IM,2.0,8,0.0,2.0,2.0,N,,07/2016,Analyst
49-3091.00,1.A.3.c.3,Gross Body Coordination,LV,1.88,8,0.125,1.63,2.12,N,N,07/2016,Analyst
49-3091.00,1.A.3.c.4,Gross Body Equilibrium,IM,2.0,8,0.0,2.0,2.0,N,,07/2016,Analyst
49-3091.00,1.A.3.c.4,Gross Body Equilibrium,LV,1.88,8,0.125,1.63,2.12,N,N,07/2016,Analyst
49-3091.00,1.A.4.a.1,Near Vision,IM,3.88,8,0.125,3.63,4.12,N,,07/2016,Analyst
49-3091.00,1.A.4.a.1,Near Vision,LV,3.12,8,0.125,2.88,3.37,N,N,07/2016,Analyst
49-3091.00,1.A.4.a.2,Far Vision,IM,2.75,8,0.1637,2.4292,3.0708,N,,07/2016,Analyst
49-3091.00,1.A.4.a.2,Far Vision,LV,2.12,8,0.125,1.88,2.37,N,N,07/2016,Analyst
49-3091.00,1.A.4.a.3,Visual Color Discrimination,IM,2.62,8,0.183,2.2664,2.9836,N,,07/2016,Analyst
49-3091.00,1.A.4.a.3,Visual Color Discrimination,LV,2.12,8,0.125,1.88,2.37,N,N,07/2016,Analyst
49-3091.00,1.A.4.a.4,Night Vision,IM,1.38,8,0.183,1.0164,1.7336,N,,07/2016,Analyst
49-3091.00,1.A.4.a.4,Night Vision,LV,0.5,8,0.2673,0.0,1.0238,N,N,07/2016,Analyst
49-3091.00,1.A.4.a.5,Peripheral Vision,IM,1.5,8,0.189,1.1296,1.8704,N,,07/2016,Analyst
49-3091.00,1.A.4.a.5,Peripheral Vision,LV,0.62,8,0.2631,0.1094,1.1406,N,N,07/2016,Analyst
49-3091.00,1.A.4.a.6,Depth Perception,IM,2.62,8,0.2631,2.1094,3.1406,N,,07/2016,Analyst
49-3091.00,1.A.4.a.6,Depth Perception,LV,2.25,8,0.1637,1.9292,2.5708,N,N,07/2016,Analyst
49-3091.00,1.A.4.a.7,Glare Sensitivity,IM,1.5,8,0.189,1.1296,1.8704,N,,07/2016,Analyst
49-3091.00,1.A.4.a.7,Glare Sensitivity,LV,0.75,8,0.3134,0.1358,1.3642,N,N,07/2016,Analyst
49-3091.00,1.A.4.b.1,Hearing Sensitivity,IM,2.12,8,0.125,1.88,2.37,N,,07/2016,Analyst
49-3091.00,1.A.4.b.1,Hearing Sensitivity,LV,2.12,8,0.125,1.88,2.37,N,N,07/2016,Analyst
49-3091.00,1.A.4.b.2,Auditory Attention,IM,2.12,8,0.125,1.88,2.37,N,,07/2016,Analyst
49-3091.00,1.A.4.b.2,Auditory Attention,LV,2.12,8,0.125,1.88,2.37,N,N,07/2016,Analyst
49-3091.00,1.A.4.b.3,Sound Localization,IM,1.38,8,0.183,1.0164,1.7336,N,,07/2016,Analyst
49-3091.00,1.A.4.b.3,Sound Localization,LV,0.5,8,0.2673,0.0,1.0238,N,N,07/2016,Analyst
49-3091.00,1.A.4.b.4,Speech Recognition,IM,3.38,8,0.183,3.0164,3.7336,N,,07/2016,Analyst
49-3091.00,1.A.4.b.4,Speech Recognition,LV,3.12,8,0.125,2.88,3.37,N,N,07/2016,Analyst
49-3091.00,1.A.4.b.5,Speech Clarity,IM,3.5,8,0.189,3.1296,3.8704,N,,07/2016,Analyst
49-3091.00,1.A.4.b.5,Speech Clarity,LV,3.0,8,0.0,3.0,3.0,N,N,07/2016,Analyst
49-3092.00,1.A.1.a.1,Oral Comprehension,IM,3.75,8,0.1637,3.4292,4.0708,N,,07/2015,Analyst
49-3092.00,1.A.1.a.1,Oral Comprehension,LV,3.88,8,0.125,3.63,4.12,N,N,07/2015,Analyst
49-3092.00,1.A.1.a.2,Written Comprehension,IM,3.12,8,0.125,2.88,3.37,N,,07/2015,Analyst
49-3092.00,1.A.1.a.2,Written Comprehension,LV,3.25,8,0.1637,2.9292,3.5708,N,N,07/2015,Analyst
49-3092.00,1.A.1.a.3,Oral Expression,IM,3.75,8,0.1637,3.4292,4.0708,N,,07/2015,Analyst
49-3092.00,1.A.1.a.3,Oral Expression,LV,3.75,8,0.1637,3.4292,4.0708,N,N,07/2015,Analyst
49-3092.00,1.A.1.a.4,Written Expression,IM,2.88,8,0.125,2.63,3.12,N,,07/2015,Analyst
49-3092.00,1.A.1.a.4,Written Expression,LV,2.75,8,0.1637,2.4292,3.0708,N,N,07/2015,Analyst
49-3092.00,1.A.1.b.1,Fluency of Ideas,IM,2.75,8,0.1637,2.4292,3.0708,N,,07/2015,Analyst
49-3092.00,1.A.1.b.1,Fluency of Ideas,LV,2.5,8,0.189,2.1296,2.8704,N,N,07/2015,Analyst
49-3092.00,1.A.1.b.2,Originality,IM,2.5,8,0.189,2.1296,2.8704,N,,07/2015,Analyst
49-3092.00,1.A.1.b.2,Originality,LV,2.62,8,0.183,2.2664,2.9836,N,N,07/2015,Analyst
49-3092.00,1.A.1.b.3,Problem Sensitivity,IM,3.75,8,0.1637,3.4292,4.0708,N,,07/2015,Analyst
49-3092.00,1.A.1.b.3,Problem Sensitivity,LV,3.5,8,0.189,3.1296,3.8704,N,N,07/2015,Analyst
49-3092.00,1.A.1.b.4,Deductive Reasoning,IM,3.38,8,0.183,3.0164,3.7336,N,,07/2015,Analyst
49-3092.00,1.A.1.b.4,Deductive Reasoning,LV,3.25,8,0.1637,2.9292,3.5708,N,N,07/2015,Analyst
49-3092.00,1.A.1.b.5,Inductive Reasoning,IM,3.25,8,0.1637,2.9292,3.5708,N,,07/2015,Analyst
49-3092.00,1.A.1.b.5,Inductive Reasoning,LV,3.38,8,0.183,3.0164,3.7336,N,N,07/2015,Analyst
49-3092.00,1.A.1.b.6,Information Ordering,IM,3.25,8,0.1637,2.9292,3.5708,N,,07/2015,Analyst
49-3092.00,1.A.1.b.6,Information Ordering,LV,3.5,8,0.189,3.1296,3.8704,N,N,07/2015,Analyst
49-3092.00,1.A.1.b.7,Category Flexibility,IM,2.88,8,0.125,2.63,3.12,N,,07/2015,Analyst
49-3092.00,1.A.1.b.7,Category Flexibility,LV,2.88,8,0.125,2.63,3.12,N,N,07/2015,Analyst
49-3092.00,1.A.1.c.1,Mathematical Reasoning,IM,2.0,8,0.0,2.0,2.0,N,,07/2015,Analyst
49-3092.00,1.A.1.c.1,Mathematical Reasoning,LV,1.38,8,0.183,1.0164,1.7336,N,N,07/2015,Analyst
49-3092.00,1.A.1.c.2,Number Facility,IM,2.0,8,0.0,2.0,2.0,N,,07/2015,Analyst
49-3092.00,1.A.1.c.2,Number Facility,LV,1.38,8,0.183,1.0164,1.7336,N,N,07/2015,Analyst
49-3092.00,1.A.1.d.1,Memorization,IM,2.25,8,0.1637,1.9292,2.5708,N,,07/2015,Analyst
49-3092.00,1.A.1.d.1,Memorization,LV,2.0,8,0.0,2.0,2.0,N,N,07/2015,Analyst
49-3092.00,1.A.1.e.1,Speed of Closure,IM,2.5,8,0.2673,1.9762,3.0238,N,,07/2015,Analyst
49-3092.00,1.A.1.e.1,Speed of Closure,LV,2.75,8,0.1637,2.4292,3.0708,N,N,07/2015,Analyst
49-3092.00,1.A.1.e.2,Flexibility of Closure,IM,3.12,8,0.125,2.88,3.37,N,,07/2015,Analyst
49-3092.00,1.A.1.e.2,Flexibility of Closure,LV,3.25,8,0.1637,2.9292,3.5708,N,N,07/2015,Analyst
49-3092.00,1.A.1.e.3,Perceptual Speed,IM,3.0,8,0.189,2.6296,3.3704,N,,07/2015,Analyst
49-3092.00,1.A.1.e.3,Perceptual Speed,LV,3.12,8,0.125,2.88,3.37,N,N,07/2015,Analyst
49-3092.00,1.A.1.f.1,Spatial Orientation,IM,2.0,8,0.0,2.0,2.0,N,,07/2015,Analyst
49-3092.00,1.A.1.f.1,Spatial Orientation,LV,1.25,8,0.1637,0.9292,1.5708,N,N,07/2015,Analyst
49-3092.00,1.A.1.f.2,Visualization,IM,3.12,8,0.125,2.88,3.37,N,,07/2015,Analyst
49-3092.00,1.A.1.f.2,Visualization,LV,3.5,8,0.189,3.1296,3.8704,N,N,07/2015,Analyst
49-3092.00,1.A.1.g.1,Selective Attention,IM,2.88,8,0.2266,2.4309,3.3191,N,,07/2015,Analyst
49-3092.00,1.A.1.g.1,Selective Attention,LV,3.0,8,0.0,3.0,3.0,N,N,07/2015,Analyst
49-3092.00,1.A.1.g.2,Time Sharing,IM,2.25,8,0.1637,1.9292,2.5708,N,,07/2015,Analyst
49-3092.00,1.A.1.g.2,Time Sharing,LV,2.5,8,0.189,2.1296,2.8704,N,N,07/2015,Analyst
49-3092.00,1.A.2.a.1,Arm-Hand Steadiness,IM,3.25,8,0.1637,2.9292,3.5708,N,,07/2015,Analyst
49-3092.00,1.A.2.a.1,Arm-Hand Steadiness,LV,3.12,8,0.125,2.88,3.37,N,N,07/2015,Analyst
49-3092.00,1.A.2.a.2,Manual Dexterity,IM,3.75,8,0.1637,3.4292,4.0708,N,,07/2015,Analyst
49-3092.00,1.A.2.a.2,Manual Dexterity,LV,3.38,8,0.183,3.0164,3.7336,N,N,07/2015,Analyst
49-3092.00,1.A.2.a.3,Finger Dexterity,IM,3.5,8,0.189,3.1296,3.8704,N,,07/2015,Analyst
49-3092.00,1.A.2.a.3,Finger Dexterity,LV,3.62,8,0.183,3.2664,3.9836,N,N,07/2015,Analyst
49-3092.00,1.A.2.b.1,Control Precision,IM,3.62,8,0.183,3.2664,3.9836,N,,07/2015,Analyst
49-3092.00,1.A.2.b.1,Control Precision,LV,3.5,8,0.189,3.1296,3.8704,N,N,07/2015,Analyst
49-3092.00,1.A.2.b.2,Multilimb Coordination,IM,3.12,8,0.125,2.88,3.37,N,,07/2015,Analyst
49-3092.00,1.A.2.b.2,Multilimb Coordination,LV,3.25,8,0.1637,2.9292,3.5708,N,N,07/2015,Analyst
49-3092.00,1.A.2.b.3,Response Orientation,IM,2.5,8,0.189,2.1296,2.8704,N,,07/2015,Analyst
49-3092.00,1.A.2.b.3,Response Orientation,LV,2.62,8,0.183,2.2664,2.9836,N,N,07/2015,Analyst
49-3092.00,1.A.2.b.4,Rate Control,IM,1.88,8,0.125,1.63,2.12,N,,07/2015,Analyst
49-3092.00,1.A.2.b.4,Rate Control,LV,1.88,8,0.295,1.2967,2.4533,N,N,07/2015,Analyst
49-3092.00,1.A.2.c.1,Reaction Time,IM,2.62,8,0.183,2.2664,2.9836,N,,07/2015,Analyst
49-3092.00,1.A.2.c.1,Reaction Time,LV,2.25,8,0.1637,1.9292,2.5708,N,N,07/2015,Analyst
49-3092.00,1.A.2.c.2,Wrist-Finger Speed,IM,2.12,8,0.125,1.88,2.37,N,,07/2015,Analyst
49-3092.00,1.A.2.c.2,Wrist-Finger Speed,LV,2.0,8,0.189,1.6296,2.3704,N,N,07/2015,Analyst
49-3092.00,1.A.2.c.3,Speed of Limb Movement,IM,1.75,8,0.1637,1.4292,2.0708,N,,07/2015,Analyst
49-3092.00,1.A.2.c.3,Speed of Limb Movement,LV,1.25,8,0.3134,0.6358,1.8642,N,N,07/2015,Analyst
49-3092.00,1.A.3.a.1,Static Strength,IM,3.12,8,0.125,2.88,3.37,N,,07/2015,Analyst
49-3092.00,1.A.3.a.1,Static Strength,LV,3.0,8,0.0,3.0,3.0,N,N,07/2015,Analyst
49-3092.00,1.A.3.a.2,Explosive Strength,IM,2.12,8,0.125,1.88,2.37,N,,07/2015,Analyst
49-3092.00,1.A.3.a.2,Explosive Strength,LV,1.25,8,0.1637,0.9292,1.5708,N,N,07/2015,Analyst
49-3092.00,1.A.3.a.3,Dynamic Strength,IM,2.38,8,0.183,2.0164,2.7336,N,,07/2015,Analyst
49-3092.00,1.A.3.a.3,Dynamic Strength,LV,2.12,8,0.125,1.88,2.37,N,N,07/2015,Analyst
49-3092.00,1.A.3.a.4,Trunk Strength,IM,2.88,8,0.125,2.63,3.12,N,,07/2015,Analyst
49-3092.00,1.A.3.a.4,Trunk Strength,LV,3.0,8,0.189,2.6296,3.3704,N,N,07/2015,Analyst
49-3092.00,1.A.3.b.1,Stamina,IM,2.38,8,0.183,2.0164,2.7336,N,,07/2015,Analyst
49-3092.00,1.A.3.b.1,Stamina,LV,2.12,8,0.125,1.88,2.37,N,N,07/2015,Analyst
49-3092.00,1.A.3.c.1,Extent Flexibility,IM,3.38,8,0.183,3.0164,3.7336,N,,07/2015,Analyst
49-3092.00,1.A.3.c.1,Extent Flexibility,LV,4.25,8,0.25,3.76,4.74,N,N,07/2015,Analyst
49-3092.00,1.A.3.c.2,Dynamic Flexibility,IM,1.38,8,0.183,1.0164,1.7336,N,,07/2015,Analyst
49-3092.00,1.A.3.c.2,Dynamic Flexibility,LV,0.5,8,0.2673,0.0,1.0238,N,N,07/2015,Analyst
49-3092.00,1.A.3.c.3,Gross Body Coordination,IM,2.25,8,0.1637,1.9292,2.5708,N,,07/2015,Analyst
49-3092.00,1.A.3.c.3,Gross Body Coordination,LV,2.25,8,0.1637,1.9292,2.5708,N,N,07/2015,Analyst
49-3092.00,1.A.3.c.4,Gross Body Equilibrium,IM,2.62,8,0.183,2.2664,2.9836,N,,07/2015,Analyst
49-3092.00,1.A.3.c.4,Gross Body Equilibrium,LV,2.75,8,0.1637,2.4292,3.0708,N,N,07/2015,Analyst
49-3092.00,1.A.4.a.1,Near Vision,IM,3.88,8,0.125,3.63,4.12,N,,07/2015,Analyst
49-3092.00,1.A.4.a.1,Near Vision,LV,3.62,8,0.183,3.2664,3.9836,N,N,07/2015,Analyst
49-3092.00,1.A.4.a.2,Far Vision,IM,2.62,8,0.183,2.2664,2.9836,N,,07/2015,Analyst
49-3092.00,1.A.4.a.2,Far Vision,LV,3.0,8,0.0,3.0,3.0,N,N,07/2015,Analyst
49-3092.00,1.A.4.a.3,Visual Color Discrimination,IM,3.0,8,0.0,3.0,3.0,N,,07/2015,Analyst
49-3092.00,1.A.4.a.3,Visual Color Discrimination,LV,3.62,8,0.183,3.2664,3.9836,N,N,07/2015,Analyst
49-3092.00,1.A.4.a.4,Night Vision,IM,1.75,8,0.1637,1.4292,2.0708,N,,07/2015,Analyst
49-3092.00,1.A.4.a.4,Night Vision,LV,1.25,8,0.3134,0.6358,1.8642,N,N,07/2015,Analyst
49-3092.00,1.A.4.a.5,Peripheral Vision,IM,1.75,8,0.1637,1.4292,2.0708,N,,07/2015,Analyst
49-3092.00,1.A.4.a.5,Peripheral Vision,LV,1.25,8,0.3134,0.6358,1.8642,N,N,07/2015,Analyst
49-3092.00,1.A.4.a.6,Depth Perception,IM,2.75,8,0.1637,2.4292,3.0708,N,,07/2015,Analyst
49-3092.00,1.A.4.a.6,Depth Perception,LV,2.62,8,0.183,2.2664,2.9836,N,N,07/2015,Analyst
49-3092.00,1.A.4.a.7,Glare Sensitivity,IM,2.12,8,0.2266,1.6809,2.5691,N,,07/2015,Analyst
49-3092.00,1.A.4.a.7,Glare Sensitivity,LV,1.62,8,0.2631,1.1094,2.1406,N,N,07/2015,Analyst
49-3092.00,1.A.4.b.1,Hearing Sensitivity,IM,2.75,8,0.1637,2.4292,3.0708,N,,07/2015,Analyst
49-3092.00,1.A.4.b.1,Hearing Sensitivity,LV,3.5,8,0.189,3.1296,3.8704,N,N,07/2015,Analyst
49-3092.00,1.A.4.b.2,Auditory Attention,IM,2.88,8,0.125,2.63,3.12,N,,07/2015,Analyst
49-3092.00,1.A.4.b.2,Auditory Attention,LV,3.0,8,0.189,2.6296,3.3704,N,N,07/2015,Analyst
49-3092.00,1.A.4.b.3,Sound Localization,IM,2.0,8,0.0,2.0,2.0,N,,07/2015,Analyst
49-3092.00,1.A.4.b.3,Sound Localization,LV,1.62,8,0.183,1.2664,1.9836,N,N,07/2015,Analyst
49-3092.00,1.A.4.b.4,Speech Recognition,IM,3.12,8,0.125,2.88,3.37,N,,07/2015,Analyst
49-3092.00,1.A.4.b.4,Speech Recognition,LV,3.12,8,0.125,2.88,3.37,N,N,07/2015,Analyst
49-3092.00,1.A.4.b.5,Speech Clarity,IM,3.25,8,0.1637,2.9292,3.5708,N,,07/2015,Analyst
49-3092.00,1.A.4.b.5,Speech Clarity,LV,2.88,8,0.125,2.63,3.12,N,N,07/2015,Analyst
49-3093.00,1.A.1.a.1,Oral Comprehension,IM,3.0,8,0.0,3.0,3.0,N,,07/2014,Analyst
49-3093.00,1.A.1.a.1,Oral Comprehension,LV,3.12,8,0.125,2.88,3.37,N,N,07/2014,Analyst
49-3093.00,1.A.1.a.2,Written Comprehension,IM,2.88,8,0.125,2.63,3.12,N,,07/2014,Analyst
49-3093.00,1.A.1.a.2,Written Comprehension,LV,2.25,8,0.1637,1.9292,2.5708,N,N,07/2014,Analyst
49-3093.00,1.A.1.a.3,Oral Expression,IM,3.0,8,0.0,3.0,3.0,N,,07/2014,Analyst
49-3093.00,1.A.1.a.3,Oral Expression,LV,3.0,8,0.0,3.0,3.0,N,N,07/2014,Analyst
49-3093.00,1.A.1.a.4,Written Expression,IM,2.38,8,0.183,2.0164,2.7336,N,,07/2014,Analyst
49-3093.00,1.A.1.a.4,Written Expression,LV,2.0,8,0.0,2.0,2.0,N,N,07/2014,Analyst
49-3093.00,1.A.1.b.1,Fluency of Ideas,IM,2.25,8,0.1637,1.9292,2.5708,N,,07/2014,Analyst
49-3093.00,1.A.1.b.1,Fluency of Ideas,LV,2.0,8,0.0,2.0,2.0,N,N,07/2014,Analyst
49-3093.00,1.A.1.b.2,Originality,IM,2.12,8,0.125,1.88,2.37,N,,07/2014,Analyst
49-3093.00,1.A.1.b.2,Originality,LV,2.0,8,0.0,2.0,2.0,N,N,07/2014,Analyst
49-3093.00,1.A.1.b.3,Problem Sensitivity,IM,3.12,8,0.125,2.88,3.37,N,,07/2014,Analyst
49-3093.00,1.A.1.b.3,Problem Sensitivity,LV,2.88,8,0.125,2.63,3.12,N,N,07/2014,Analyst
49-3093.00,1.A.1.b.4,Deductive Reasoning,IM,3.0,8,0.0,3.0,3.0,N,,07/2014,Analyst
49-3093.00,1.A.1.b.4,Deductive Reasoning,LV,2.88,8,0.125,2.63,3.12,N,N,07/2014,Analyst
49-3093.00,1.A.1.b.5,Inductive Reasoning,IM,3.0,8,0.0,3.0,3.0,N,,07/2014,Analyst
49-3093.00,1.A.1.b.5,Inductive Reasoning,LV,2.12,8,0.125,1.88,2.37,N,N,07/2014,Analyst
49-3093.00,1.A.1.b.6,Information Ordering,IM,3.0,8,0.0,3.0,3.0,N,,07/2014,Analyst
49-3093.00,1.A.1.b.6,Information Ordering,LV,2.88,8,0.125,2.63,3.12,N,N,07/2014,Analyst
49-3093.00,1.A.1.b.7,Category Flexibility,IM,2.75,8,0.1637,2.4292,3.0708,N,,07/2014,Analyst
49-3093.00,1.A.1.b.7,Category Flexibility,LV,2.25,8,0.1637,1.9292,2.5708,N,N,07/2014,Analyst
49-3093.00,1.A.1.c.1,Mathematical Reasoning,IM,2.0,8,0.0,2.0,2.0,N,,07/2014,Analyst
49-3093.00,1.A.1.c.1,Mathematical Reasoning,LV,1.62,8,0.183,1.2664,1.9836,N,N,07/2014,Analyst
49-3093.00,1.A.1.c.2,Number Facility,IM,2.0,8,0.0,2.0,2.0,N,,07/2014,Analyst
49-3093.00,1.A.1.c.2,Number Facility,LV,2.0,8,0.0,2.0,2.0,N,N,07/2014,Analyst
49-3093.00,1.A.1.d.1,Memorization,IM,2.0,8,0.0,2.0,2.0,N,,07/2014,Analyst
49-3093.00,1.A.1.d.1,Memorization,LV,2.0,8,0.0,2.0,2.0,N,N,07/2014,Analyst
49-3093.00,1.A.1.e.1,Speed of Closure,IM,2.0,8,0.0,2.0,2.0,N,,07/2014,Analyst
49-3093.00,1.A.1.e.1,Speed of Closure,LV,2.0,8,0.0,2.0,2.0,N,N,07/2014,Analyst
49-3093.00,1.A.1.e.2,Flexibility of Closure,IM,2.38,8,0.183,2.0164,2.7336,N,,07/2014,Analyst
49-3093.00,1.A.1.e.2,Flexibility of Closure,LV,2.25,8,0.1637,1.9292,2.5708,N,N,07/2014,Analyst
49-3093.00,1.A.1.e.3,Perceptual Speed,IM,2.38,8,0.183,2.0164,2.7336,N,,07/2014,Analyst
49-3093.00,1.A.1.e.3,Perceptual Speed,LV,2.0,8,0.0,2.0,2.0,N,N,07/2014,Analyst
49-3093.00,1.A.1.f.1,Spatial Orientation,IM,2.12,8,0.125,1.88,2.37,N,,07/2014,Analyst
49-3093.00,1.A.1.f.1,Spatial Orientation,LV,1.75,8,0.1637,1.4292,2.0708,N,N,07/2014,Analyst
49-3093.00,1.A.1.f.2,Visualization,IM,2.5,8,0.189,2.1296,2.8704,N,,07/2014,Analyst
49-3093.00,1.A.1.f.2,Visualization,LV,2.25,8,0.1637,1.9292,2.5708,N,N,07/2014,Analyst
49-3093.00,1.A.1.g.1,Selective Attention,IM,2.88,8,0.125,2.63,3.12,N,,07/2014,Analyst
49-3093.00,1.A.1.g.1,Selective Attention,LV,2.62,8,0.183,2.2664,2.9836,N,N,07/2014,Analyst
49-3093.00,1.A.1.g.2,Time Sharing,IM,2.38,8,0.183,2.0164,2.7336,N,,07/2014,Analyst
49-3093.00,1.A.1.g.2,Time Sharing,LV,2.12,8,0.125,1.88,2.37,N,N,07/2014,Analyst
49-3093.00,1.A.2.a.1,Arm-Hand Steadiness,IM,3.0,8,0.0,3.0,3.0,N,,07/2014,Analyst
49-3093.00,1.A.2.a.1,Arm-Hand Steadiness,LV,2.25,8,0.1637,1.9292,2.5708,N,N,07/2014,Analyst
49-3093.00,1.A.2.a.2,Manual Dexterity,IM,3.62,8,0.183,3.2664,3.9836,N,,07/2014,Analyst
49-3093.00,1.A.2.a.2,Manual Dexterity,LV,3.12,8,0.125,2.88,3.37,N,N,07/2014,Analyst
49-3093.00,1.A.2.a.3,Finger Dexterity,IM,3.0,8,0.0,3.0,3.0,N,,07/2014,Analyst
49-3093.00,1.A.2.a.3,Finger Dexterity,LV,3.12,8,0.125,2.88,3.37,N,N,07/2014,Analyst
49-3093.00,1.A.2.b.1,Control Precision,IM,3.0,8,0.0,3.0,3.0,N,,07/2014,Analyst
49-3093.00,1.A.2.b.1,Control Precision,LV,3.0,8,0.0,3.0,3.0,N,N,07/2014,Analyst
49-3093.00,1.A.2.b.2,Multilimb Coordination,IM,3.62,8,0.183,3.2664,3.9836,N,,07/2014,Analyst
49-3093.00,1.A.2.b.2,Multilimb Coordination,LV,3.0,8,0.0,3.0,3.0,N,N,07/2014,Analyst
49-3093.00,1.A.2.b.3,Response Orientation,IM,2.75,8,0.1637,2.4292,3.0708,N,,07/2014,Analyst
49-3093.00,1.A.2.b.3,Response Orientation,LV,2.62,8,0.183,2.2664,2.9836,N,N,07/2014,Analyst
49-3093.00,1.A.2.b.4,Rate Control,IM,2.75,8,0.1637,2.4292,3.0708,N,,07/2014,Analyst
49-3093.00,1.A.2.b.4,Rate Control,LV,2.75,8,0.1637,2.4292,3.0708,N,N,07/2014,Analyst
49-3093.00,1.A.2.c.1,Reaction Time,IM,2.88,8,0.125,2.63,3.12,N,,07/2014,Analyst
49-3093.00,1.A.2.c.1,Reaction Time,LV,3.0,8,0.189,2.6296,3.3704,N,N,07/2014,Analyst
49-3093.00,1.A.2.c.2,Wrist-Finger Speed,IM,2.25,8,0.1637,1.9292,2.5708,N,,07/2014,Analyst
49-3093.00,1.A.2.c.2,Wrist-Finger Speed,LV,2.0,8,0.0,2.0,2.0,N,N,07/2014,Analyst
49-3093.00,1.A.2.c.3,Speed of Limb Movement,IM,2.5,8,0.189,2.1296,2.8704,N,,07/2014,Analyst
49-3093.00,1.A.2.c.3,Speed of Limb Movement,LV,2.12,8,0.125,1.88,2.37,N,N,07/2014,Analyst
49-3093.00,1.A.3.a.1,Static Strength,IM,3.5,8,0.189,3.1296,3.8704,N,,07/2014,Analyst
49-3093.00,1.A.3.a.1,Static Strength,LV,3.88,8,0.125,3.63,4.12,N,N,07/2014,Analyst
49-3093.00,1.A.3.a.2,Explosive Strength,IM,1.88,8,0.125,1.63,2.12,N,,07/2014,Analyst
49-3093.00,1.A.3.a.2,Explosive Strength,LV,1.12,8,0.2266,0.6809,1.5691,N,N,07/2014,Analyst
49-3093.00,1.A.3.a.3,Dynamic Strength,IM,2.5,8,0.189,2.1296,2.8704,N,,07/2014,Analyst
49-3093.00,1.A.3.a.3,Dynamic Strength,LV,2.12,8,0.125,1.88,2.37,N,N,07/2014,Analyst
49-3093.00,1.A.3.a.4,Trunk Strength,IM,3.75,8,0.1637,3.4292,4.0708,N,,07/2014,Analyst
49-3093.00,1.A.3.a.4,Trunk Strength,LV,3.5,8,0.189,3.1296,3.8704,N,N,07/2014,Analyst
49-3093.00,1.A.3.b.1,Stamina,IM,2.75,8,0.1637,2.4292,3.0708,N,,07/2014,Analyst
49-3093.00,1.A.3.b.1,Stamina,LV,2.25,8,0.1637,1.9292,2.5708,N,N,07/2014,Analyst
49-3093.00,1.A.3.c.1,Extent Flexibility,IM,3.38,8,0.183,3.0164,3.7336,N,,07/2014,Analyst
49-3093.00,1.A.3.c.1,Extent Flexibility,LV,3.62,8,0.183,3.2664,3.9836,N,N,07/2014,Analyst
49-3093.00,1.A.3.c.2,Dynamic Flexibility,IM,1.12,8,0.125,1.0,1.37,N,,07/2014,Analyst
49-3093.00,1.A.3.c.2,Dynamic Flexibility,LV,0.12,8,0.125,0.0,0.37,N,Y,07/2014,Analyst
49-3093.00,1.A.3.c.3,Gross Body Coordination,IM,2.38,8,0.183,2.0164,2.7336,N,,07/2014,Analyst
49-3093.00,1.A.3.c.3,Gross Body Coordination,LV,2.0,8,0.0,2.0,2.0,N,N,07/2014,Analyst
49-3093.00,1.A.3.c.4,Gross Body Equilibrium,IM,2.12,8,0.125,1.88,2.37,N,,07/2014,Analyst
49-3093.00,1.A.3.c.4,Gross Body Equilibrium,LV,1.5,8,0.189,1.1296,1.8704,N,N,07/2014,Analyst
49-3093.00,1.A.4.a.1,Near Vision,IM,3.38,8,0.183,3.0164,3.7336,N,,07/2014,Analyst
49-3093.00,1.A.4.a.1,Near Vision,LV,3.25,8,0.1637,2.9292,3.5708,N,N,07/2014,Analyst
49-3093.00,1.A.4.a.2,Far Vision,IM,2.88,8,0.125,2.63,3.12,N,,07/2014,Analyst
49-3093.00,1.A.4.a.2,Far Vision,LV,2.88,8,0.125,2.63,3.12,N,N,07/2014,Analyst
49-3093.00,1.A.4.a.3,Visual Color Discrimination,IM,2.75,8,0.1637,2.4292,3.0708,N,,07/2014,Analyst
49-3093.00,1.A.4.a.3,Visual Color Discrimination,LV,2.25,8,0.1637,1.9292,2.5708,N,N,07/2014,Analyst
49-3093.00,1.A.4.a.4,Night Vision,IM,2.0,8,0.0,2.0,2.0,N,,07/2014,Analyst
49-3093.00,1.A.4.a.4,Night Vision,LV,1.75,8,0.1637,1.4292,2.0708,N,N,07/2014,Analyst
49-3093.00,1.A.4.a.5,Peripheral Vision,IM,2.0,8,0.0,2.0,2.0,N,,07/2014,Analyst
49-3093.00,1.A.4.a.5,Peripheral Vision,LV,1.38,8,0.183,1.0164,1.7336,N,N,07/2014,Analyst
49-3093.00,1.A.4.a.6,Depth Perception,IM,2.75,8,0.1637,2.4292,3.0708,N,,07/2014,Analyst
49-3093.00,1.A.4.a.6,Depth Perception,LV,2.12,8,0.125,1.88,2.37,N,N,07/2014,Analyst
49-3093.00,1.A.4.a.7,Glare Sensitivity,IM,2.0,8,0.0,2.0,2.0,N,,07/2014,Analyst
49-3093.00,1.A.4.a.7,Glare Sensitivity,LV,1.75,8,0.1637,1.4292,2.0708,N,N,07/2014,Analyst
49-3093.00,1.A.4.b.1,Hearing Sensitivity,IM,2.38,8,0.183,2.0164,2.7336,N,,07/2014,Analyst
49-3093.00,1.A.4.b.1,Hearing Sensitivity,LV,2.12,8,0.125,1.88,2.37,N,N,07/2014,Analyst
49-3093.00,1.A.4.b.2,Auditory Attention,IM,2.25,8,0.1637,1.9292,2.5708,N,,07/2014,Analyst
49-3093.00,1.A.4.b.2,Auditory Attention,LV,2.12,8,0.125,1.88,2.37,N,N,07/2014,Analyst
49-3093.00,1.A.4.b.3,Sound Localization,IM,2.0,8,0.0,2.0,2.0,N,,07/2014,Analyst
49-3093.00,1.A.4.b.3,Sound Localization,LV,1.5,8,0.189,1.1296,1.8704,N,N,07/2014,Analyst
49-3093.00,1.A.4.b.4,Speech Recognition,IM,2.88,8,0.125,2.63,3.12,N,,07/2014,Analyst
49-3093.00,1.A.4.b.4,Speech Recognition,LV,2.5,8,0.189,2.1296,2.8704,N,N,07/2014,Analyst
49-3093.00,1.A.4.b.5,Speech Clarity,IM,3.0,8,0.0,3.0,3.0,N,,07/2014,Analyst
49-3093.00,1.A.4.b.5,Speech Clarity,LV,2.25,8,0.1637,1.9292,2.5708,N,N,07/2014,Analyst
49-9011.00,1.A.1.a.1,Oral Comprehension,IM,3.25,8,0.1637,2.9292,3.5708,N,,07/2015,Analyst
49-9011.00,1.A.1.a.1,Oral Comprehension,LV,3.12,8,0.125,2.88,3.37,N,N,07/2015,Analyst
49-9011.00,1.A.1.a.2,Written Comprehension,IM,3.12,8,0.125,2.88,3.37,N,,07/2015,Analyst
49-9011.00,1.A.1.a.2,Written Comprehension,LV,2.88,8,0.125,2.63,3.12,N,N,07/2015,Analyst
49-9011.00,1.A.1.a.3,Oral Expression,IM,3.12,8,0.125,2.88,3.37,N,,07/2015,Analyst
49-9011.00,1.A.1.a.3,Oral Expression,LV,3.12,8,0.125,2.88,3.37,N,N,07/2015,Analyst
49-9011.00,1.A.1.a.4,Written Expression,IM,3.0,8,0.0,3.0,3.0,N,,07/2015,Analyst
49-9011.00,1.A.1.a.4,Written Expression,LV,2.75,8,0.1637,2.4292,3.0708,N,N,07/2015,Analyst
49-9011.00,1.A.1.b.1,Fluency of Ideas,IM,2.88,8,0.125,2.63,3.12,N,,07/2015,Analyst
49-9011.00,1.A.1.b.1,Fluency of Ideas,LV,2.12,8,0.125,1.88,2.37,N,N,07/2015,Analyst
49-9011.00,1.A.1.b.2,Originality,IM,2.62,8,0.183,2.2664,2.9836,N,,07/2015,Analyst
49-9011.00,1.A.1.b.2,Originality,LV,2.12,8,0.125,1.88,2.37,N,N,07/2015,Analyst
49-9011.00,1.A.1.b.3,Problem Sensitivity,IM,3.62,8,0.183,3.2664,3.9836,N,,07/2015,Analyst
49-9011.00,1.A.1.b.3,Problem Sensitivity,LV,3.0,8,0.0,3.0,3.0,N,N,07/2015,Analyst
49-9011.00,1.A.1.b.4,Deductive Reasoning,IM,3.0,8,0.0,3.0,3.0,N,,07/2015,Analyst
49-9011.00,1.A.1.b.4,Deductive Reasoning,LV,3.0,8,0.0,3.0,3.0,N,N,07/2015,Analyst
49-9011.00,1.A.1.b.5,Inductive Reasoning,IM,3.0,8,0.0,3.0,3.0,N,,07/2015,Analyst
49-9011.00,1.A.1.b.5,Inductive Reasoning,LV,3.0,8,0.0,3.0,3.0,N,N,07/2015,Analyst
49-9011.00,1.A.1.b.6,Information Ordering,IM,3.12,8,0.125,2.88,3.37,N,,07/2015,Analyst
49-9011.00,1.A.1.b.6,Information Ordering,LV,2.88,8,0.125,2.63,3.12,N,N,07/2015,Analyst
49-9011.00,1.A.1.b.7,Category Flexibility,IM,2.88,8,0.125,2.63,3.12,N,,07/2015,Analyst
49-9011.00,1.A.1.b.7,Category Flexibility,LV,2.88,8,0.125,2.63,3.12,N,N,07/2015,Analyst
49-9011.00,1.A.1.c.1,Mathematical Reasoning,IM,2.25,8,0.1637,1.9292,2.5708,N,,07/2015,Analyst
49-9011.00,1.A.1.c.1,Mathematical Reasoning,LV,2.12,8,0.125,1.88,2.37,N,N,07/2015,Analyst
49-9011.00,1.A.1.c.2,Number Facility,IM,2.0,8,0.0,2.0,2.0,N,,07/2015,Analyst
49-9011.00,1.A.1.c.2,Number Facility,LV,2.0,8,0.0,2.0,2.0,N,N,07/2015,Analyst
49-9011.00,1.A.1.d.1,Memorization,IM,2.25,8,0.1637,1.9292,2.5708,N,,07/2015,Analyst
49-9011.00,1.A.1.d.1,Memorization,LV,2.12,8,0.125,1.88,2.37,N,N,07/2015,Analyst
49-9011.00,1.A.1.e.1,Speed of Closure,IM,2.75,8,0.1637,2.4292,3.0708,N,,07/2015,Analyst
49-9011.00,1.A.1.e.1,Speed of Closure,LV,2.75,8,0.1637,2.4292,3.0708,N,N,07/2015,Analyst
49-9011.00,1.A.1.e.2,Flexibility of Closure,IM,2.88,8,0.125,2.63,3.12,N,,07/2015,Analyst
49-9011.00,1.A.1.e.2,Flexibility of Closure,LV,2.62,8,0.2631,2.1094,3.1406,N,N,07/2015,Analyst
49-9011.00,1.A.1.e.3,Perceptual Speed,IM,2.75,8,0.1637,2.4292,3.0708,N,,07/2015,Analyst
49-9011.00,1.A.1.e.3,Perceptual Speed,LV,2.62,8,0.183,2.2664,2.9836,N,N,07/2015,Analyst
49-9011.00,1.A.1.f.1,Spatial Orientation,IM,2.25,8,0.1637,1.9292,2.5708,N,,07/2015,Analyst
49-9011.00,1.A.1.f.1,Spatial Orientation,LV,2.12,8,0.125,1.88,2.37,N,N,07/2015,Analyst
49-9011.00,1.A.1.f.2,Visualization,IM,3.0,8,0.189,2.6296,3.3704,N,,07/2015,Analyst
49-9011.00,1.A.1.f.2,Visualization,LV,3.62,8,0.2631,3.1094,4.1406,N,N,07/2015,Analyst
49-9011.00,1.A.1.g.1,Selective Attention,IM,2.88,8,0.125,2.63,3.12,N,,07/2015,Analyst
49-9011.00,1.A.1.g.1,Selective Attention,LV,2.75,8,0.1637,2.4292,3.0708,N,N,07/2015,Analyst
49-9011.00,1.A.1.g.2,Time Sharing,IM,2.5,8,0.189,2.1296,2.8704,N,,07/2015,Analyst
49-9011.00,1.A.1.g.2,Time Sharing,LV,2.38,8,0.183,2.0164,2.7336,N,N,07/2015,Analyst
49-9011.00,1.A.2.a.1,Arm-Hand Steadiness,IM,3.88,8,0.125,3.63,4.12,N,,07/2015,Analyst
49-9011.00,1.A.2.a.1,Arm-Hand Steadiness,LV,3.12,8,0.125,2.88,3.37,N,N,07/2015,Analyst
49-9011.00,1.A.2.a.2,Manual Dexterity,IM,3.88,8,0.125,3.63,4.12,N,,07/2015,Analyst
49-9011.00,1.A.2.a.2,Manual Dexterity,LV,3.25,8,0.1637,2.9292,3.5708,N,N,07/2015,Analyst
49-9011.00,1.A.2.a.3,Finger Dexterity,IM,3.38,8,0.183,3.0164,3.7336,N,,07/2015,Analyst
49-9011.00,1.A.2.a.3,Finger Dexterity,LV,3.12,8,0.125,2.88,3.37,N,N,07/2015,Analyst
49-9011.00,1.A.2.b.1,Control Precision,IM,3.12,8,0.125,2.88,3.37,N,,07/2015,Analyst
49-9011.00,1.A.2.b.1,Control Precision,LV,3.12,8,0.125,2.88,3.37,N,N,07/2015,Analyst
49-9011.00,1.A.2.b.2,Multilimb Coordination,IM,3.12,8,0.125,2.88,3.37,N,,07/2015,Analyst
49-9011.00,1.A.2.b.2,Multilimb Coordination,LV,3.0,8,0.0,3.0,3.0,N,N,07/2015,Analyst
49-9011.00,1.A.2.b.3,Response Orientation,IM,2.12,8,0.125,1.88,2.37,N,,07/2015,Analyst
49-9011.00,1.A.2.b.3,Response Orientation,LV,2.0,8,0.0,2.0,2.0,N,N,07/2015,Analyst
49-9011.00,1.A.2.b.4,Rate Control,IM,2.0,8,0.0,2.0,2.0,N,,07/2015,Analyst
49-9011.00,1.A.2.b.4,Rate Control,LV,1.88,8,0.125,1.63,2.12,N,N,07/2015,Analyst
49-9011.00,1.A.2.c.1,Reaction Time,IM,2.75,8,0.1637,2.4292,3.0708,N,,07/2015,Analyst
49-9011.00,1.A.2.c.1,Reaction Time,LV,2.88,8,0.125,2.63,3.12,N,N,07/2015,Analyst
49-9011.00,1.A.2.c.2,Wrist-Finger Speed,IM,2.12,8,0.125,1.88,2.37,N,,07/2015,Analyst
49-9011.00,1.A.2.c.2,Wrist-Finger Speed,LV,2.0,8,0.189,1.6296,2.3704,N,N,07/2015,Analyst
49-9011.00,1.A.2.c.3,Speed of Limb Movement,IM,2.25,8,0.25,1.76,2.74,N,,07/2015,Analyst
49-9011.00,1.A.2.c.3,Speed of Limb Movement,LV,2.0,8,0.3273,1.3584,2.6416,N,N,07/2015,Analyst
49-9011.00,1.A.3.a.1,Static Strength,IM,3.38,8,0.183,3.0164,3.7336,N,,07/2015,Analyst
49-9011.00,1.A.3.a.1,Static Strength,LV,3.62,8,0.183,3.2664,3.9836,N,N,07/2015,Analyst
49-9011.00,1.A.3.a.2,Explosive Strength,IM,1.88,8,0.295,1.2967,2.4533,N,,07/2015,Analyst
49-9011.00,1.A.3.a.2,Explosive Strength,LV,1.38,8,0.4605,0.4724,2.2776,N,N,07/2015,Analyst
49-9011.00,1.A.3.a.3,Dynamic Strength,IM,2.62,8,0.183,2.2664,2.9836,N,,07/2015,Analyst
49-9011.00,1.A.3.a.3,Dynamic Strength,LV,2.75,8,0.1637,2.4292,3.0708,N,N,07/2015,Analyst
49-9011.00,1.A.3.a.4,Trunk Strength,IM,3.62,8,0.183,3.2664,3.9836,N,,07/2015,Analyst
49-9011.00,1.A.3.a.4,Trunk Strength,LV,3.25,8,0.1637,2.9292,3.5708,N,N,07/2015,Analyst
49-9011.00,1.A.3.b.1,Stamina,IM,2.88,8,0.125,2.63,3.12,N,,07/2015,Analyst
49-9011.00,1.A.3.b.1,Stamina,LV,2.5,8,0.189,2.1296,2.8704,N,N,07/2015,Analyst
49-9011.00,1.A.3.c.1,Extent Flexibility,IM,3.38,8,0.183,3.0164,3.7336,N,,07/2015,Analyst
49-9011.00,1.A.3.c.1,Extent Flexibility,LV,3.75,8,0.1637,3.4292,4.0708,N,N,07/2015,Analyst
49-9011.00,1.A.3.c.2,Dynamic Flexibility,IM,1.25,8,0.1637,1.0,1.5708,N,,07/2015,Analyst
49-9011.00,1.A.3.c.2,Dynamic Flexibility,LV,0.38,8,0.2631,0.0,0.8906,N,Y,07/2015,Analyst
49-9011.00,1.A.3.c.3,Gross Body Coordination,IM,3.0,8,0.0,3.0,3.0,N,,07/2015,Analyst
49-9011.00,1.A.3.c.3,Gross Body Coordination,LV,2.88,8,0.125,2.63,3.12,N,N,07/2015,Analyst
49-9011.00,1.A.3.c.4,Gross Body Equilibrium,IM,3.0,8,0.0,3.0,3.0,N,,07/2015,Analyst
49-9011.00,1.A.3.c.4,Gross Body Equilibrium,LV,2.88,8,0.125,2.63,3.12,N,N,07/2015,Analyst
49-9011.00,1.A.4.a.1,Near Vision,IM,3.75,8,0.1637,3.4292,4.0708,N,,07/2015,Analyst
49-9011.00,1.A.4.a.1,Near Vision,LV,3.38,8,0.183,3.0164,3.7336,N,N,07/2015,Analyst
49-9011.00,1.A.4.a.2,Far Vision,IM,2.88,8,0.125,2.63,3.12,N,,07/2015,Analyst
49-9011.00,1.A.4.a.2,Far Vision,LV,2.88,8,0.125,2.63,3.12,N,N,07/2015,Analyst
49-9011.00,1.A.4.a.3,Visual Color Discrimination,IM,3.0,8,0.189,2.6296,3.3704,N,,07/2015,Analyst
49-9011.00,1.A.4.a.3,Visual Color Discrimination,LV,3.12,8,0.125,2.88,3.37,N,N,07/2015,Analyst
49-9011.00,1.A.4.a.4,Night Vision,IM,2.0,8,0.0,2.0,2.0,N,,07/2015,Analyst
49-9011.00,1.A.4.a.4,Night Vision,LV,1.75,8,0.1637,1.4292,2.0708,N,N,07/2015,Analyst
49-9011.00,1.A.4.a.5,Peripheral Vision,IM,2.0,8,0.0,2.0,2.0,N,,07/2015,Analyst
49-9011.00,1.A.4.a.5,Peripheral Vision,LV,1.38,8,0.183,1.0164,1.7336,N,N,07/2015,Analyst
49-9011.00,1.A.4.a.6,Depth Perception,IM,3.0,8,0.0,3.0,3.0,N,,07/2015,Analyst
49-9011.00,1.A.4.a.6,Depth Perception,LV,2.75,8,0.1637,2.4292,3.0708,N,N,07/2015,Analyst
49-9011.00,1.A.4.a.7,Glare Sensitivity,IM,2.0,8,0.0,2.0,2.0,N,,07/2015,Analyst
49-9011.00,1.A.4.a.7,Glare Sensitivity,LV,2.0,8,0.0,2.0,2.0,N,N,07/2015,Analyst
49-9011.00,1.A.4.b.1,Hearing Sensitivity,IM,2.75,8,0.1637,2.4292,3.0708,N,,07/2015,Analyst
49-9011.00,1.A.4.b.1,Hearing Sensitivity,LV,2.62,8,0.183,2.2664,2.9836,N,N,07/2015,Analyst
49-9011.00,1.A.4.b.2,Auditory Attention,IM,2.5,8,0.189,2.1296,2.8704,N,,07/2015,Analyst
49-9011.00,1.A.4.b.2,Auditory Attention,LV,2.12,8,0.125,1.88,2.37,N,N,07/2015,Analyst
49-9011.00,1.A.4.b.3,Sound Localization,IM,2.0,8,0.0,2.0,2.0,N,,07/2015,Analyst
49-9011.00,1.A.4.b.3,Sound Localization,LV,2.0,8,0.0,2.0,2.0,N,N,07/2015,Analyst
49-9011.00,1.A.4.b.4,Speech Recognition,IM,3.12,8,0.125,2.88,3.37,N,,07/2015,Analyst
49-9011.00,1.A.4.b.4,Speech Recognition,LV,2.88,8,0.125,2.63,3.12,N,N,07/2015,Analyst
49-9011.00,1.A.4.b.5,Speech Clarity,IM,3.12,8,0.125,2.88,3.37,N,,07/2015,Analyst
49-9011.00,1.A.4.b.5,Speech Clarity,LV,3.0,8,0.0,3.0,3.0,N,N,07/2015,Analyst
49-9012.00,1.A.1.a.1,Oral Comprehension,IM,3.62,8,0.183,3.2664,3.9836,N,,07/2017,Analyst
49-9012.00,1.A.1.a.1,Oral Comprehension,LV,3.75,8,0.1637,3.4292,4.0708,N,N,07/2017,Analyst
49-9012.00,1.A.1.a.2,Written Comprehension,IM,3.12,8,0.125,2.88,3.37,N,,07/2017,Analyst
49-9012.00,1.A.1.a.2,Written Comprehension,LV,3.12,8,0.125,2.88,3.37,N,N,07/2017,Analyst
49-9012.00,1.A.1.a.3,Oral Expression,IM,3.5,8,0.189,3.1296,3.8704,N,,07/2017,Analyst
49-9012.00,1.A.1.a.3,Oral Expression,LV,3.25,8,0.1637,2.9292,3.5708,N,N,07/2017,Analyst
49-9012.00,1.A.1.a.4,Written Expression,IM,3.12,8,0.125,2.88,3.37,N,,07/2017,Analyst
49-9012.00,1.A.1.a.4,Written Expression,LV,2.88,8,0.125,2.63,3.12,N,N,07/2017,Analyst
49-9012.00,1.A.1.b.1,Fluency of Ideas,IM,2.88,8,0.125,2.63,3.12,N,,07/2017,Analyst
49-9012.00,1.A.1.b.1,Fluency of Ideas,LV,2.75,8,0.1637,2.4292,3.0708,N,N,07/2017,Analyst
49-9012.00,1.A.1.b.2,Originality,IM,2.88,8,0.125,2.63,3.12,N,,07/2017,Analyst
49-9012.00,1.A.1.b.2,Originality,LV,2.75,8,0.1637,2.4292,3.0708,N,N,07/2017,Analyst
49-9012.00,1.A.1.b.3,Problem Sensitivity,IM,3.62,8,0.183,3.2664,3.9836,N,,07/2017,Analyst
49-9012.00,1.A.1.b.3,Problem Sensitivity,LV,3.12,8,0.125,2.88,3.37,N,N,07/2017,Analyst
49-9012.00,1.A.1.b.4,Deductive Reasoning,IM,3.38,8,0.183,3.0164,3.7336,N,,07/2017,Analyst
49-9012.00,1.A.1.b.4,Deductive Reasoning,LV,3.25,8,0.1637,2.9292,3.5708,N,N,07/2017,Analyst
49-9012.00,1.A.1.b.5,Inductive Reasoning,IM,3.12,8,0.125,2.88,3.37,N,,07/2017,Analyst
49-9012.00,1.A.1.b.5,Inductive Reasoning,LV,3.12,8,0.125,2.88,3.37,N,N,07/2017,Analyst
49-9012.00,1.A.1.b.6,Information Ordering,IM,3.38,8,0.183,3.0164,3.7336,N,,07/2017,Analyst
49-9012.00,1.A.1.b.6,Information Ordering,LV,3.38,8,0.183,3.0164,3.7336,N,N,07/2017,Analyst
49-9012.00,1.A.1.b.7,Category Flexibility,IM,3.12,8,0.125,2.88,3.37,N,,07/2017,Analyst
49-9012.00,1.A.1.b.7,Category Flexibility,LV,3.12,8,0.125,2.88,3.37,N,N,07/2017,Analyst
49-9012.00,1.A.1.c.1,Mathematical Reasoning,IM,2.25,8,0.1637,1.9292,2.5708,N,,07/2017,Analyst
49-9012.00,1.A.1.c.1,Mathematical Reasoning,LV,2.12,8,0.125,1.88,2.37,N,N,07/2017,Analyst
49-9012.00,1.A.1.c.2,Number Facility,IM,2.12,8,0.125,1.88,2.37,N,,07/2017,Analyst
49-9012.00,1.A.1.c.2,Number Facility,LV,2.12,8,0.125,1.88,2.37,N,N,07/2017,Analyst
49-9012.00,1.A.1.d.1,Memorization,IM,2.0,8,0.0,2.0,2.0,N,,07/2017,Analyst
49-9012.00,1.A.1.d.1,Memorization,LV,2.0,8,0.0,2.0,2.0,N,N,07/2017,Analyst
49-9012.00,1.A.1.e.1,Speed of Closure,IM,2.12,8,0.125,1.88,2.37,N,,07/2017,Analyst
49-9012.00,1.A.1.e.1,Speed of Closure,LV,1.75,8,0.25,1.26,2.24,N,N,07/2017,Analyst
49-9012.00,1.A.1.e.2,Flexibility of Closure,IM,3.0,8,0.189,2.6296,3.3704,N,,07/2017,Analyst
49-9012.00,1.A.1.e.2,Flexibility of Closure,LV,2.88,8,0.125,2.63,3.12,N,N,07/2017,Analyst
49-9012.00,1.A.1.e.3,Perceptual Speed,IM,3.0,8,0.189,2.6296,3.3704,N,,07/2017,Analyst
49-9012.00,1.A.1.e.3,Perceptual Speed,LV,3.0,8,0.0,3.0,3.0,N,N,07/2017,Analyst
49-9012.00,1.A.1.f.1,Spatial Orientation,IM,1.88,8,0.125,1.63,2.12,N,,07/2017,Analyst
49-9012.00,1.A.1.f.1,Spatial Orientation,LV,1.5,8,0.2673,0.9762,2.0238,N,N,07/2017,Analyst
49-9012.00,1.A.1.f.2,Visualization,IM,3.0,8,0.189,2.6296,3.3704,N,,07/2017,Analyst
49-9012.00,1.A.1.f.2,Visualization,LV,3.25,8,0.1637,2.9292,3.5708,N,N,07/2017,Analyst
49-9012.00,1.A.1.g.1,Selective Attention,IM,3.0,8,0.0,3.0,3.0,N,,07/2017,Analyst
49-9012.00,1.A.1.g.1,Selective Attention,LV,3.0,8,0.0,3.0,3.0,N,N,07/2017,Analyst
49-9012.00,1.A.1.g.2,Time Sharing,IM,2.62,8,0.183,2.2664,2.9836,N,,07/2017,Analyst
49-9012.00,1.A.1.g.2,Time Sharing,LV,2.75,8,0.1637,2.4292,3.0708,N,N,07/2017,Analyst
49-9012.00,1.A.2.a.1,Arm-Hand Steadiness,IM,3.38,8,0.183,3.0164,3.7336,N,,07/2017,Analyst
49-9012.00,1.A.2.a.1,Arm-Hand Steadiness,LV,3.12,8,0.125,2.88,3.37,N,N,07/2017,Analyst
49-9012.00,1.A.2.a.2,Manual Dexterity,IM,3.25,8,0.1637,2.9292,3.5708,N,,07/2017,Analyst
49-9012.00,1.A.2.a.2,Manual Dexterity,LV,3.12,8,0.125,2.88,3.37,N,N,07/2017,Analyst
49-9012.00,1.A.2.a.3,Finger Dexterity,IM,3.12,8,0.125,2.88,3.37,N,,07/2017,Analyst
49-9012.00,1.A.2.a.3,Finger Dexterity,LV,3.12,8,0.125,2.88,3.37,N,N,07/2017,Analyst
49-9012.00,1.A.2.b.1,Control Precision,IM,3.0,8,0.0,3.0,3.0,N,,07/2017,Analyst
49-9012.00,1.A.2.b.1,Control Precision,LV,3.0,8,0.0,3.0,3.0,N,N,07/2017,Analyst
49-9012.00,1.A.2.b.2,Multilimb Coordination,IM,3.12,8,0.125,2.88,3.37,N,,07/2017,Analyst
49-9012.00,1.A.2.b.2,Multilimb Coordination,LV,3.0,8,0.0,3.0,3.0,N,N,07/2017,Analyst
49-9012.00,1.A.2.b.3,Response Orientation,IM,2.38,8,0.183,2.0164,2.7336,N,,07/2017,Analyst
49-9012.00,1.A.2.b.3,Response Orientation,LV,2.38,8,0.183,2.0164,2.7336,N,N,07/2017,Analyst
49-9012.00,1.A.2.b.4,Rate Control,IM,1.88,8,0.125,1.63,2.12,N,,07/2017,Analyst
49-9012.00,1.A.2.b.4,Rate Control,LV,1.75,8,0.25,1.26,2.24,N,N,07/2017,Analyst
49-9012.00,1.A.2.c.1,Reaction Time,IM,2.5,8,0.189,2.1296,2.8704,N,,07/2017,Analyst
49-9012.00,1.A.2.c.1,Reaction Time,LV,2.38,8,0.183,2.0164,2.7336,N,N,07/2017,Analyst
49-9012.00,1.A.2.c.2,Wrist-Finger Speed,IM,2.12,8,0.125,1.88,2.37,N,,07/2017,Analyst
49-9012.00,1.A.2.c.2,Wrist-Finger Speed,LV,1.5,8,0.2673,0.9762,2.0238,N,N,07/2017,Analyst
49-9012.00,1.A.2.c.3,Speed of Limb Movement,IM,1.88,8,0.125,1.63,2.12,N,,07/2017,Analyst
49-9012.00,1.A.2.c.3,Speed of Limb Movement,LV,1.88,8,0.295,1.2967,2.4533,N,N,07/2017,Analyst
49-9012.00,1.A.3.a.1,Static Strength,IM,2.38,8,0.183,2.0164,2.7336,N,,07/2017,Analyst
49-9012.00,1.A.3.a.1,Static Strength,LV,2.25,8,0.1637,1.9292,2.5708,N,N,07/2017,Analyst
49-9012.00,1.A.3.a.2,Explosive Strength,IM,1.5,8,0.189,1.1296,1.8704,N,,07/2017,Analyst
49-9012.00,1.A.3.a.2,Explosive Strength,LV,0.75,8,0.3134,0.1358,1.3642,N,N,07/2017,Analyst
49-9012.00,1.A.3.a.3,Dynamic Strength,IM,2.12,8,0.125,1.88,2.37,N,,07/2017,Analyst
49-9012.00,1.A.3.a.3,Dynamic Strength,LV,2.12,8,0.125,1.88,2.37,N,N,07/2017,Analyst
49-9012.00,1.A.3.a.4,Trunk Strength,IM,2.38,8,0.183,2.0164,2.7336,N,,07/2017,Analyst
49-9012.00,1.A.3.a.4,Trunk Strength,LV,2.5,8,0.2673,1.9762,3.0238,N,N,07/2017,Analyst
49-9012.00,1.A.3.b.1,Stamina,IM,2.12,8,0.125,1.88,2.37,N,,07/2017,Analyst
49-9012.00,1.A.3.b.1,Stamina,LV,2.12,8,0.125,1.88,2.37,N,N,07/2017,Analyst
49-9012.00,1.A.3.c.1,Extent Flexibility,IM,3.12,8,0.125,2.88,3.37,N,,07/2017,Analyst
49-9012.00,1.A.3.c.1,Extent Flexibility,LV,3.62,8,0.2631,3.1094,4.1406,N,N,07/2017,Analyst
49-9012.00,1.A.3.c.2,Dynamic Flexibility,IM,1.5,8,0.189,1.1296,1.8704,N,,07/2017,Analyst
49-9012.00,1.A.3.c.2,Dynamic Flexibility,LV,0.5,8,0.189,0.1296,0.8704,N,N,07/2017,Analyst
49-9012.00,1.A.3.c.3,Gross Body Coordination,IM,2.25,8,0.1637,1.9292,2.5708,N,,07/2017,Analyst
49-9012.00,1.A.3.c.3,Gross Body Coordination,LV,2.12,8,0.125,1.88,2.37,N,N,07/2017,Analyst
49-9012.00,1.A.3.c.4,Gross Body Equilibrium,IM,2.75,8,0.1637,2.4292,3.0708,N,,07/2017,Analyst
49-9012.00,1.A.3.c.4,Gross Body Equilibrium,LV,2.62,8,0.183,2.2664,2.9836,N,N,07/2017,Analyst
49-9012.00,1.A.4.a.1,Near Vision,IM,3.62,8,0.183,3.2664,3.9836,N,,07/2017,Analyst
49-9012.00,1.A.4.a.1,Near Vision,LV,3.5,8,0.189,3.1296,3.8704,N,N,07/2017,Analyst
49-9012.00,1.A.4.a.2,Far Vision,IM,2.88,8,0.125,2.63,3.12,N,,07/2017,Analyst
49-9012.00,1.A.4.a.2,Far Vision,LV,3.0,8,0.0,3.0,3.0,N,N,07/2017,Analyst
49-9012.00,1.A.4.a.3,Visual Color Discrimination,IM,2.75,8,0.1637,2.4292,3.0708,N,,07/2017,Analyst
49-9012.00,1.A.4.a.3,Visual Color Discrimination,LV,2.75,8,0.1637,2.4292,3.0708,N,N,07/2017,Analyst
49-9012.00,1.A.4.a.4,Night Vision,IM,1.75,8,0.1637,1.4292,2.0708,N,,07/2017,Analyst
49-9012.00,1.A.4.a.4,Night Vision,LV,1.5,8,0.3273,0.8584,2.1416,N,N,07/2017,Analyst
49-9012.00,1.A.4.a.5,Peripheral Vision,IM,1.75,8,0.1637,1.4292,2.0708,N,,07/2017,Analyst
49-9012.00,1.A.4.a.5,Peripheral Vision,LV,1.0,8,0.2673,0.4762,1.5238,N,N,07/2017,Analyst
49-9012.00,1.A.4.a.6,Depth Perception,IM,2.88,8,0.125,2.63,3.12,N,,07/2017,Analyst
49-9012.00,1.A.4.a.6,Depth Perception,LV,2.88,8,0.125,2.63,3.12,N,N,07/2017,Analyst
49-9012.00,1.A.4.a.7,Glare Sensitivity,IM,2.62,8,0.183,2.2664,2.9836,N,,07/2017,Analyst
49-9012.00,1.A.4.a.7,Glare Sensitivity,LV,2.25,8,0.1637,1.9292,2.5708,N,N,07/2017,Analyst
49-9012.00,1.A.4.b.1,Hearing Sensitivity,IM,2.62,8,0.183,2.2664,2.9836,N,,07/2017,Analyst
49-9012.00,1.A.4.b.1,Hearing Sensitivity,LV,2.25,8,0.1637,1.9292,2.5708,N,N,07/2017,Analyst
49-9012.00,1.A.4.b.2,Auditory Attention,IM,2.75,8,0.1637,2.4292,3.0708,N,,07/2017,Analyst
49-9012.00,1.A.4.b.2,Auditory Attention,LV,2.62,8,0.2631,2.1094,3.1406,N,N,07/2017,Analyst
49-9012.00,1.A.4.b.3,Sound Localization,IM,2.0,8,0.0,2.0,2.0,N,,07/2017,Analyst
49-9012.00,1.A.4.b.3,Sound Localization,LV,1.25,8,0.1637,0.9292,1.5708,N,N,07/2017,Analyst
49-9012.00,1.A.4.b.4,Speech Recognition,IM,3.12,8,0.125,2.88,3.37,N,,07/2017,Analyst
49-9012.00,1.A.4.b.4,Speech Recognition,LV,3.0,8,0.0,3.0,3.0,N,N,07/2017,Analyst
49-9012.00,1.A.4.b.5,Speech Clarity,IM,3.0,8,0.0,3.0,3.0,N,,07/2017,Analyst
49-9012.00,1.A.4.b.5,Speech Clarity,LV,3.0,8,0.0,3.0,3.0,N,N,07/2017,Analyst
49-9021.00,1.A.1.a.1,Oral Comprehension,IM,3.62,8,0.183,3.2664,3.9836,N,,08/2022,Analyst
49-9021.00,1.A.1.a.1,Oral Comprehension,LV,3.88,8,0.125,3.63,4.12,N,N,08/2022,Analyst
49-9021.00,1.A.1.a.2,Written Comprehension,IM,3.12,8,0.125,2.88,3.37,N,,08/2022,Analyst
49-9021.00,1.A.1.a.2,Written Comprehension,LV,3.25,8,0.1637,2.9292,3.5708,N,N,08/2022,Analyst
49-9021.00,1.A.1.a.3,Oral Expression,IM,3.25,8,0.1637,2.9292,3.5708,N,,08/2022,Analyst
49-9021.00,1.A.1.a.3,Oral Expression,LV,3.62,8,0.183,3.2664,3.9836,N,N,08/2022,Analyst
49-9021.00,1.A.1.a.4,Written Expression,IM,2.88,8,0.125,2.63,3.12,N,,08/2022,Analyst
49-9021.00,1.A.1.a.4,Written Expression,LV,2.5,8,0.189,2.1296,2.8704,N,N,08/2022,Analyst
49-9021.00,1.A.1.b.1,Fluency of Ideas,IM,2.75,8,0.1637,2.4292,3.0708,N,,08/2022,Analyst
49-9021.00,1.A.1.b.1,Fluency of Ideas,LV,2.88,8,0.125,2.63,3.12,N,N,08/2022,Analyst
49-9021.00,1.A.1.b.2,Originality,IM,2.75,8,0.1637,2.4292,3.0708,N,,08/2022,Analyst
49-9021.00,1.A.1.b.2,Originality,LV,2.62,8,0.183,2.2664,2.9836,N,N,08/2022,Analyst
49-9021.00,1.A.1.b.3,Problem Sensitivity,IM,3.88,8,0.125,3.63,4.12,N,,08/2022,Analyst
49-9021.00,1.A.1.b.3,Problem Sensitivity,LV,3.88,8,0.3504,3.1883,4.5617,N,N,08/2022,Analyst
49-9021.00,1.A.1.b.4,Deductive Reasoning,IM,3.75,8,0.1637,3.4292,4.0708,N,,08/2022,Analyst
49-9021.00,1.A.1.b.4,Deductive Reasoning,LV,3.75,8,0.1637,3.4292,4.0708,N,N,08/2022,Analyst
49-9021.00,1.A.1.b.5,Inductive Reasoning,IM,3.5,8,0.189,3.1296,3.8704,N,,08/2022,Analyst
49-9021.00,1.A.1.b.5,Inductive Reasoning,LV,3.62,8,0.183,3.2664,3.9836,N,N,08/2022,Analyst
49-9021.00,1.A.1.b.6,Information Ordering,IM,3.25,8,0.1637,2.9292,3.5708,N,,08/2022,Analyst
49-9021.00,1.A.1.b.6,Information Ordering,LV,3.5,8,0.189,3.1296,3.8704,N,N,08/2022,Analyst
49-9021.00,1.A.1.b.7,Category Flexibility,IM,3.25,8,0.1637,2.9292,3.5708,N,,08/2022,Analyst
49-9021.00,1.A.1.b.7,Category Flexibility,LV,3.38,8,0.183,3.0164,3.7336,N,N,08/2022,Analyst
49-9021.00,1.A.1.c.1,Mathematical Reasoning,IM,2.38,8,0.183,2.0164,2.7336,N,,08/2022,Analyst
49-9021.00,1.A.1.c.1,Mathematical Reasoning,LV,2.38,8,0.183,2.0164,2.7336,N,N,08/2022,Analyst
49-9021.00,1.A.1.c.2,Number Facility,IM,2.25,8,0.1637,1.9292,2.5708,N,,08/2022,Analyst
49-9021.00,1.A.1.c.2,Number Facility,LV,2.62,8,0.183,2.2664,2.9836,N,N,08/2022,Analyst
49-9021.00,1.A.1.d.1,Memorization,IM,2.75,8,0.1637,2.4292,3.0708,N,,08/2022,Analyst
49-9021.00,1.A.1.d.1,Memorization,LV,2.62,8,0.183,2.2664,2.9836,N,N,08/2022,Analyst
49-9021.00,1.A.1.e.1,Speed of Closure,IM,2.62,8,0.2631,2.1094,3.1406,N,,08/2022,Analyst
49-9021.00,1.A.1.e.1,Speed of Closure,LV,2.62,8,0.3239,1.9902,3.2598,N,N,08/2022,Analyst
49-9021.00,1.A.1.e.2,Flexibility of Closure,IM,3.12,8,0.125,2.88,3.37,N,,08/2022,Analyst
49-9021.00,1.A.1.e.2,Flexibility of Closure,LV,3.62,8,0.2631,3.1094,4.1406,N,N,08/2022,Analyst
49-9021.00,1.A.1.e.3,Perceptual Speed,IM,3.0,8,0.2673,2.4762,3.5238,N,,08/2022,Analyst
49-9021.00,1.A.1.e.3,Perceptual Speed,LV,3.0,8,0.2673,2.4762,3.5238,N,N,08/2022,Analyst
49-9021.00,1.A.1.f.1,Spatial Orientation,IM,2.12,8,0.2266,1.6809,2.5691,N,,08/2022,Analyst
49-9021.00,1.A.1.f.1,Spatial Orientation,LV,2.0,8,0.3273,1.3584,2.6416,N,N,08/2022,Analyst
49-9021.00,1.A.1.f.2,Visualization,IM,3.38,8,0.183,3.0164,3.7336,N,,08/2022,Analyst
49-9021.00,1.A.1.f.2,Visualization,LV,3.62,8,0.3239,2.9902,4.2598,N,N,08/2022,Analyst
49-9021.00,1.A.1.g.1,Selective Attention,IM,2.88,8,0.125,2.63,3.12,N,,08/2022,Analyst
49-9021.00,1.A.1.g.1,Selective Attention,LV,2.75,8,0.1637,2.4292,3.0708,N,N,08/2022,Analyst
49-9021.00,1.A.1.g.2,Time Sharing,IM,2.75,8,0.1637,2.4292,3.0708,N,,08/2022,Analyst
49-9021.00,1.A.1.g.2,Time Sharing,LV,2.88,8,0.2266,2.4309,3.3191,N,N,08/2022,Analyst
49-9021.00,1.A.2.a.1,Arm-Hand Steadiness,IM,3.62,8,0.183,3.2664,3.9836,N,,08/2022,Analyst
49-9021.00,1.A.2.a.1,Arm-Hand Steadiness,LV,3.62,8,0.2631,3.1094,4.1406,N,N,08/2022,Analyst
49-9021.00,1.A.2.a.2,Manual Dexterity,IM,3.5,8,0.189,3.1296,3.8704,N,,08/2022,Analyst
49-9021.00,1.A.2.a.2,Manual Dexterity,LV,3.38,8,0.2631,2.8594,3.8906,N,N,08/2022,Analyst
49-9021.00,1.A.2.a.3,Finger Dexterity,IM,3.62,8,0.183,3.2664,3.9836,N,,08/2022,Analyst
49-9021.00,1.A.2.a.3,Finger Dexterity,LV,3.75,8,0.366,3.0327,4.4673,N,N,08/2022,Analyst
49-9021.00,1.A.2.b.1,Control Precision,IM,3.12,8,0.2266,2.6809,3.5691,N,,08/2022,Analyst
49-9021.00,1.A.2.b.1,Control Precision,LV,3.25,8,0.1637,2.9292,3.5708,N,N,08/2022,Analyst
49-9021.00,1.A.2.b.2,Multilimb Coordination,IM,3.25,8,0.25,2.76,3.74,N,,08/2022,Analyst
49-9021.00,1.A.2.b.2,Multilimb Coordination,LV,3.0,8,0.2673,2.4762,3.5238,N,N,08/2022,Analyst
49-9021.00,1.A.2.b.3,Response Orientation,IM,2.38,8,0.2631,1.8594,2.8906,N,,08/2022,Analyst
49-9021.00,1.A.2.b.3,Response Orientation,LV,2.38,8,0.183,2.0164,2.7336,N,N,08/2022,Analyst
49-9021.00,1.A.2.b.4,Rate Control,IM,2.0,8,0.189,1.6296,2.3704,N,,08/2022,Analyst
49-9021.00,1.A.2.b.4,Rate Control,LV,1.75,8,0.3134,1.1358,2.3642,N,N,08/2022,Analyst
49-9021.00,1.A.2.c.1,Reaction Time,IM,2.62,8,0.183,2.2664,2.9836,N,,08/2022,Analyst
49-9021.00,1.A.2.c.1,Reaction Time,LV,2.62,8,0.3239,1.9902,3.2598,N,N,08/2022,Analyst
49-9021.00,1.A.2.c.2,Wrist-Finger Speed,IM,2.5,8,0.189,2.1296,2.8704,N,,08/2022,Analyst
49-9021.00,1.A.2.c.2,Wrist-Finger Speed,LV,2.38,8,0.183,2.0164,2.7336,N,N,08/2022,Analyst
49-9021.00,1.A.2.c.3,Speed of Limb Movement,IM,1.75,8,0.1637,1.4292,2.0708,N,,08/2022,Analyst
49-9021.00,1.A.2.c.3,Speed of Limb Movement,LV,1.38,8,0.3239,0.7402,2.0098,N,N,08/2022,Analyst
49-9021.00,1.A.3.a.1,Static Strength,IM,3.12,8,0.295,2.5467,3.7033,N,,08/2022,Analyst
49-9021.00,1.A.3.a.1,Static Strength,LV,3.38,8,0.4199,2.5519,4.1981,N,N,08/2022,Analyst
49-9021.00,1.A.3.a.2,Explosive Strength,IM,2.25,8,0.25,1.76,2.74,N,,08/2022,Analyst
49-9021.00,1.A.3.a.2,Explosive Strength,LV,1.75,8,0.3134,1.1358,2.3642,N,N,08/2022,Analyst
49-9021.00,1.A.3.a.3,Dynamic Strength,IM,2.5,8,0.189,2.1296,2.8704,N,,08/2022,Analyst
49-9021.00,1.A.3.a.3,Dynamic Strength,LV,2.88,8,0.295,2.2967,3.4533,N,N,08/2022,Analyst
49-9021.00,1.A.3.a.4,Trunk Strength,IM,3.0,8,0.2673,2.4762,3.5238,N,,08/2022,Analyst
49-9021.00,1.A.3.a.4,Trunk Strength,LV,3.12,8,0.2266,2.6809,3.5691,N,N,08/2022,Analyst
49-9021.00,1.A.3.b.1,Stamina,IM,2.62,8,0.183,2.2664,2.9836,N,,08/2022,Analyst
49-9021.00,1.A.3.b.1,Stamina,LV,2.5,8,0.2673,1.9762,3.0238,N,N,08/2022,Analyst
49-9021.00,1.A.3.c.1,Extent Flexibility,IM,3.25,8,0.25,2.76,3.74,N,,08/2022,Analyst
49-9021.00,1.A.3.c.1,Extent Flexibility,LV,3.75,8,0.491,2.7877,4.7123,N,N,08/2022,Analyst
49-9021.00,1.A.3.c.2,Dynamic Flexibility,IM,1.62,8,0.2631,1.1094,2.1406,N,,08/2022,Analyst
49-9021.00,1.A.3.c.2,Dynamic Flexibility,LV,1.0,8,0.4226,0.1717,1.8283,N,N,08/2022,Analyst
49-9021.00,1.A.3.c.3,Gross Body Coordination,IM,2.38,8,0.2631,1.8594,2.8906,N,,08/2022,Analyst
49-9021.00,1.A.3.c.3,Gross Body Coordination,LV,2.25,8,0.366,1.5327,2.9673,N,N,08/2022,Analyst
49-9021.00,1.A.3.c.4,Gross Body Equilibrium,IM,2.5,8,0.2673,1.9762,3.0238,N,,08/2022,Analyst
49-9021.00,1.A.3.c.4,Gross Body Equilibrium,LV,2.0,8,0.3273,1.3584,2.6416,N,N,08/2022,Analyst
49-9021.00,1.A.4.a.1,Near Vision,IM,3.88,8,0.125,3.63,4.12,N,,08/2022,Analyst
49-9021.00,1.A.4.a.1,Near Vision,LV,3.62,8,0.2631,3.1094,4.1406,N,N,08/2022,Analyst
49-9021.00,1.A.4.a.2,Far Vision,IM,3.0,8,0.189,2.6296,3.3704,N,,08/2022,Analyst
49-9021.00,1.A.4.a.2,Far Vision,LV,2.75,8,0.1637,2.4292,3.0708,N,N,08/2022,Analyst
49-9021.00,1.A.4.a.3,Visual Color Discrimination,IM,3.62,8,0.183,3.2664,3.9836,N,,08/2022,Analyst
49-9021.00,1.A.4.a.3,Visual Color Discrimination,LV,3.88,8,0.125,3.63,4.12,N,N,08/2022,Analyst
49-9021.00,1.A.4.a.4,Night Vision,IM,2.12,8,0.2266,1.6809,2.5691,N,,08/2022,Analyst
49-9021.00,1.A.4.a.4,Night Vision,LV,1.88,8,0.295,1.2967,2.4533,N,N,08/2022,Analyst
49-9021.00,1.A.4.a.5,Peripheral Vision,IM,2.12,8,0.2266,1.6809,2.5691,N,,08/2022,Analyst
49-9021.00,1.A.4.a.5,Peripheral Vision,LV,2.0,8,0.3273,1.3584,2.6416,N,N,08/2022,Analyst
49-9021.00,1.A.4.a.6,Depth Perception,IM,2.62,8,0.183,2.2664,2.9836,N,,08/2022,Analyst
49-9021.00,1.A.4.a.6,Depth Perception,LV,2.62,8,0.183,2.2664,2.9836,N,N,08/2022,Analyst
49-9021.00,1.A.4.a.7,Glare Sensitivity,IM,1.88,8,0.125,1.63,2.12,N,,08/2022,Analyst
49-9021.00,1.A.4.a.7,Glare Sensitivity,LV,1.75,8,0.25,1.26,2.24,N,N,08/2022,Analyst
49-9021.00,1.A.4.b.1,Hearing Sensitivity,IM,3.0,8,0.2673,2.4762,3.5238,N,,08/2022,Analyst
49-9021.00,1.A.4.b.1,Hearing Sensitivity,LV,3.38,8,0.3239,2.7402,4.0098,N,N,08/2022,Analyst
49-9021.00,1.A.4.b.2,Auditory Attention,IM,2.75,8,0.25,2.26,3.24,N,,08/2022,Analyst
49-9021.00,1.A.4.b.2,Auditory Attention,LV,2.62,8,0.3239,1.9902,3.2598,N,N,08/2022,Analyst
49-9021.00,1.A.4.b.3,Sound Localization,IM,2.12,8,0.125,1.88,2.37,N,,08/2022,Analyst
49-9021.00,1.A.4.b.3,Sound Localization,LV,2.12,8,0.125,1.88,2.37,N,N,08/2022,Analyst
49-9021.00,1.A.4.b.4,Speech Recognition,IM,3.0,8,0.0,3.0,3.0,N,,08/2022,Analyst
49-9021.00,1.A.4.b.4,Speech Recognition,LV,3.12,8,0.2266,2.6809,3.5691,N,N,08/2022,Analyst
49-9021.00,1.A.4.b.5,Speech Clarity,IM,3.25,8,0.1637,2.9292,3.5708,N,,08/2022,Analyst
49-9021.00,1.A.4.b.5,Speech Clarity,LV,2.88,8,0.125,2.63,3.12,N,N,08/2022,Analyst
49-9031.00,1.A.1.a.1,Oral Comprehension,IM,3.62,8,0.183,3.2664,3.9836,N,,08/2018,Analyst
49-9031.00,1.A.1.a.1,Oral Comprehension,LV,3.25,8,0.1637,2.9292,3.5708,N,N,08/2018,Analyst
49-9031.00,1.A.1.a.2,Written Comprehension,IM,3.12,8,0.125,2.88,3.37,N,,08/2018,Analyst
49-9031.00,1.A.1.a.2,Written Comprehension,LV,3.0,8,0.0,3.0,3.0,N,N,08/2018,Analyst
49-9031.00,1.A.1.a.3,Oral Expression,IM,3.75,8,0.1637,3.4292,4.0708,N,,08/2018,Analyst
49-9031.00,1.A.1.a.3,Oral Expression,LV,3.12,8,0.125,2.88,3.37,N,N,08/2018,Analyst
49-9031.00,1.A.1.a.4,Written Expression,IM,3.0,8,0.189,2.6296,3.3704,N,,08/2018,Analyst
49-9031.00,1.A.1.a.4,Written Expression,LV,2.88,8,0.125,2.63,3.12,N,N,08/2018,Analyst
49-9031.00,1.A.1.b.1,Fluency of Ideas,IM,3.0,8,0.189,2.6296,3.3704,N,,08/2018,Analyst
49-9031.00,1.A.1.b.1,Fluency of Ideas,LV,2.75,8,0.1637,2.4292,3.0708,N,N,08/2018,Analyst
49-9031.00,1.A.1.b.2,Originality,IM,2.88,8,0.2266,2.4309,3.3191,N,,08/2018,Analyst
49-9031.00,1.A.1.b.2,Originality,LV,2.12,8,0.125,1.88,2.37,N,N,08/2018,Analyst
49-9031.00,1.A.1.b.3,Problem Sensitivity,IM,3.75,8,0.1637,3.4292,4.0708,N,,08/2018,Analyst
49-9031.00,1.A.1.b.3,Problem Sensitivity,LV,3.12,8,0.125,2.88,3.37,N,N,08/2018,Analyst
49-9031.00,1.A.1.b.4,Deductive Reasoning,IM,3.12,8,0.125,2.88,3.37,N,,08/2018,Analyst
49-9031.00,1.A.1.b.4,Deductive Reasoning,LV,3.0,8,0.0,3.0,3.0,N,N,08/2018,Analyst
49-9031.00,1.A.1.b.5,Inductive Reasoning,IM,3.0,8,0.0,3.0,3.0,N,,08/2018,Analyst
49-9031.00,1.A.1.b.5,Inductive Reasoning,LV,3.0,8,0.0,3.0,3.0,N,N,08/2018,Analyst
49-9031.00,1.A.1.b.6,Information Ordering,IM,3.25,8,0.1637,2.9292,3.5708,N,,08/2018,Analyst
49-9031.00,1.A.1.b.6,Information Ordering,LV,3.0,8,0.0,3.0,3.0,N,N,08/2018,Analyst
49-9031.00,1.A.1.b.7,Category Flexibility,IM,2.75,8,0.1637,2.4292,3.0708,N,,08/2018,Analyst
49-9031.00,1.A.1.b.7,Category Flexibility,LV,3.0,8,0.0,3.0,3.0,N,N,08/2018,Analyst
49-9031.00,1.A.1.c.1,Mathematical Reasoning,IM,2.38,8,0.183,2.0164,2.7336,N,,08/2018,Analyst
49-9031.00,1.A.1.c.1,Mathematical Reasoning,LV,2.12,8,0.125,1.88,2.37,N,N,08/2018,Analyst
49-9031.00,1.A.1.c.2,Number Facility,IM,2.62,8,0.183,2.2664,2.9836,N,,08/2018,Analyst
49-9031.00,1.A.1.c.2,Number Facility,LV,2.5,8,0.189,2.1296,2.8704,N,N,08/2018,Analyst
49-9031.00,1.A.1.d.1,Memorization,IM,2.0,8,0.0,2.0,2.0,N,,08/2018,Analyst
49-9031.00,1.A.1.d.1,Memorization,LV,2.12,8,0.125,1.88,2.37,N,N,08/2018,Analyst
49-9031.00,1.A.1.e.1,Speed of Closure,IM,2.38,8,0.183,2.0164,2.7336,N,,08/2018,Analyst
49-9031.00,1.A.1.e.1,Speed of Closure,LV,2.12,8,0.125,1.88,2.37,N,N,08/2018,Analyst
49-9031.00,1.A.1.e.2,Flexibility of Closure,IM,3.0,8,0.0,3.0,3.0,N,,08/2018,Analyst
49-9031.00,1.A.1.e.2,Flexibility of Closure,LV,3.0,8,0.0,3.0,3.0,N,N,08/2018,Analyst
49-9031.00,1.A.1.e.3,Perceptual Speed,IM,2.88,8,0.125,2.63,3.12,N,,08/2018,Analyst
49-9031.00,1.A.1.e.3,Perceptual Speed,LV,2.88,8,0.125,2.63,3.12,N,N,08/2018,Analyst
49-9031.00,1.A.1.f.1,Spatial Orientation,IM,2.0,8,0.0,2.0,2.0,N,,08/2018,Analyst
49-9031.00,1.A.1.f.1,Spatial Orientation,LV,1.12,8,0.125,0.88,1.37,N,N,08/2018,Analyst
49-9031.00,1.A.1.f.2,Visualization,IM,3.25,8,0.1637,2.9292,3.5708,N,,08/2018,Analyst
49-9031.00,1.A.1.f.2,Visualization,LV,3.75,8,0.1637,3.4292,4.0708,N,N,08/2018,Analyst
49-9031.00,1.A.1.g.1,Selective Attention,IM,3.0,8,0.0,3.0,3.0,N,,08/2018,Analyst
49-9031.00,1.A.1.g.1,Selective Attention,LV,3.0,8,0.189,2.6296,3.3704,N,N,08/2018,Analyst
49-9031.00,1.A.1.g.2,Time Sharing,IM,2.88,8,0.125,2.63,3.12,N,,08/2018,Analyst
49-9031.00,1.A.1.g.2,Time Sharing,LV,2.88,8,0.125,2.63,3.12,N,N,08/2018,Analyst
49-9031.00,1.A.2.a.1,Arm-Hand Steadiness,IM,3.88,8,0.125,3.63,4.12,N,,08/2018,Analyst
49-9031.00,1.A.2.a.1,Arm-Hand Steadiness,LV,3.62,8,0.183,3.2664,3.9836,N,N,08/2018,Analyst
49-9031.00,1.A.2.a.2,Manual Dexterity,IM,3.75,8,0.1637,3.4292,4.0708,N,,08/2018,Analyst
49-9031.00,1.A.2.a.2,Manual Dexterity,LV,3.38,8,0.183,3.0164,3.7336,N,N,08/2018,Analyst
49-9031.00,1.A.2.a.3,Finger Dexterity,IM,3.75,8,0.1637,3.4292,4.0708,N,,08/2018,Analyst
49-9031.00,1.A.2.a.3,Finger Dexterity,LV,3.75,8,0.1637,3.4292,4.0708,N,N,08/2018,Analyst
49-9031.00,1.A.2.b.1,Control Precision,IM,3.0,8,0.0,3.0,3.0,N,,08/2018,Analyst
49-9031.00,1.A.2.b.1,Control Precision,LV,3.12,8,0.125,2.88,3.37,N,N,08/2018,Analyst
49-9031.00,1.A.2.b.2,Multilimb Coordination,IM,3.0,8,0.0,3.0,3.0,N,,08/2018,Analyst
49-9031.00,1.A.2.b.2,Multilimb Coordination,LV,3.0,8,0.0,3.0,3.0,N,N,08/2018,Analyst
49-9031.00,1.A.2.b.3,Response Orientation,IM,2.12,8,0.125,1.88,2.37,N,,08/2018,Analyst
49-9031.00,1.A.2.b.3,Response Orientation,LV,2.12,8,0.125,1.88,2.37,N,N,08/2018,Analyst
49-9031.00,1.A.2.b.4,Rate Control,IM,2.0,8,0.0,2.0,2.0,N,,08/2018,Analyst
49-9031.00,1.A.2.b.4,Rate Control,LV,1.88,8,0.125,1.63,2.12,N,N,08/2018,Analyst
49-9031.00,1.A.2.c.1,Reaction Time,IM,2.12,8,0.125,1.88,2.37,N,,08/2018,Analyst
49-9031.00,1.A.2.c.1,Reaction Time,LV,2.12,8,0.125,1.88,2.37,N,N,08/2018,Analyst
49-9031.00,1.A.2.c.2,Wrist-Finger Speed,IM,2.12,8,0.125,1.88,2.37,N,,08/2018,Analyst
49-9031.00,1.A.2.c.2,Wrist-Finger Speed,LV,2.0,8,0.0,2.0,2.0,N,N,08/2018,Analyst
49-9031.00,1.A.2.c.3,Speed of Limb Movement,IM,1.62,8,0.183,1.2664,1.9836,N,,08/2018,Analyst
49-9031.00,1.A.2.c.3,Speed of Limb Movement,LV,0.75,8,0.25,0.26,1.24,N,N,08/2018,Analyst
49-9031.00,1.A.3.a.1,Static Strength,IM,3.0,8,0.0,3.0,3.0,N,,08/2018,Analyst
49-9031.00,1.A.3.a.1,Static Strength,LV,2.88,8,0.125,2.63,3.12,N,N,08/2018,Analyst
49-9031.00,1.A.3.a.2,Explosive Strength,IM,1.62,8,0.183,1.2664,1.9836,N,,08/2018,Analyst
49-9031.00,1.A.3.a.2,Explosive Strength,LV,1.25,8,0.4532,0.3618,2.1382,N,N,08/2018,Analyst
49-9031.00,1.A.3.a.3,Dynamic Strength,IM,2.0,8,0.0,2.0,2.0,N,,08/2018,Analyst
49-9031.00,1.A.3.a.3,Dynamic Strength,LV,2.0,8,0.0,2.0,2.0,N,N,08/2018,Analyst
49-9031.00,1.A.3.a.4,Trunk Strength,IM,3.0,8,0.0,3.0,3.0,N,,08/2018,Analyst
49-9031.00,1.A.3.a.4,Trunk Strength,LV,3.0,8,0.0,3.0,3.0,N,N,08/2018,Analyst
49-9031.00,1.A.3.b.1,Stamina,IM,2.75,8,0.1637,2.4292,3.0708,N,,08/2018,Analyst
49-9031.00,1.A.3.b.1,Stamina,LV,2.38,8,0.183,2.0164,2.7336,N,N,08/2018,Analyst
49-9031.00,1.A.3.c.1,Extent Flexibility,IM,3.25,8,0.1637,2.9292,3.5708,N,,08/2018,Analyst
49-9031.00,1.A.3.c.1,Extent Flexibility,LV,3.62,8,0.183,3.2664,3.9836,N,N,08/2018,Analyst
49-9031.00,1.A.3.c.2,Dynamic Flexibility,IM,1.12,8,0.125,1.0,1.37,N,,08/2018,Analyst
49-9031.00,1.A.3.c.2,Dynamic Flexibility,LV,0.12,8,0.125,0.0,0.37,N,Y,08/2018,Analyst
49-9031.00,1.A.3.c.3,Gross Body Coordination,IM,2.25,8,0.1637,1.9292,2.5708,N,,08/2018,Analyst
49-9031.00,1.A.3.c.3,Gross Body Coordination,LV,2.12,8,0.125,1.88,2.37,N,N,08/2018,Analyst
49-9031.00,1.A.3.c.4,Gross Body Equilibrium,IM,2.0,8,0.0,2.0,2.0,N,,08/2018,Analyst
49-9031.00,1.A.3.c.4,Gross Body Equilibrium,LV,1.88,8,0.2266,1.4309,2.3191,N,N,08/2018,Analyst
49-9031.00,1.A.4.a.1,Near Vision,IM,3.75,8,0.1637,3.4292,4.0708,N,,08/2018,Analyst
49-9031.00,1.A.4.a.1,Near Vision,LV,3.25,8,0.1637,2.9292,3.5708,N,N,08/2018,Analyst
49-9031.00,1.A.4.a.2,Far Vision,IM,2.75,8,0.1637,2.4292,3.0708,N,,08/2018,Analyst
49-9031.00,1.A.4.a.2,Far Vision,LV,2.25,8,0.1637,1.9292,2.5708,N,N,08/2018,Analyst
49-9031.00,1.A.4.a.3,Visual Color Discrimination,IM,3.0,8,0.189,2.6296,3.3704,N,,08/2018,Analyst
49-9031.00,1.A.4.a.3,Visual Color Discrimination,LV,3.25,8,0.1637,2.9292,3.5708,N,N,08/2018,Analyst
49-9031.00,1.A.4.a.4,Night Vision,IM,2.0,8,0.0,2.0,2.0,N,,08/2018,Analyst
49-9031.00,1.A.4.a.4,Night Vision,LV,1.38,8,0.183,1.0164,1.7336,N,N,08/2018,Analyst
49-9031.00,1.A.4.a.5,Peripheral Vision,IM,2.0,8,0.0,2.0,2.0,N,,08/2018,Analyst
49-9031.00,1.A.4.a.5,Peripheral Vision,LV,1.5,8,0.189,1.1296,1.8704,N,N,08/2018,Analyst
49-9031.00,1.A.4.a.6,Depth Perception,IM,2.5,8,0.189,2.1296,2.8704,N,,08/2018,Analyst
49-9031.00,1.A.4.a.6,Depth Perception,LV,2.25,8,0.1637,1.9292,2.5708,N,N,08/2018,Analyst
49-9031.00,1.A.4.a.7,Glare Sensitivity,IM,1.88,8,0.125,1.63,2.12,N,,08/2018,Analyst
49-9031.00,1.A.4.a.7,Glare Sensitivity,LV,1.38,8,0.2631,0.8594,1.8906,N,N,08/2018,Analyst
49-9031.00,1.A.4.b.1,Hearing Sensitivity,IM,2.75,8,0.1637,2.4292,3.0708,N,,08/2018,Analyst
49-9031.00,1.A.4.b.1,Hearing Sensitivity,LV,3.62,8,0.2631,3.1094,4.1406,N,N,08/2018,Analyst
49-9031.00,1.A.4.b.2,Auditory Attention,IM,2.88,8,0.125,2.63,3.12,N,,08/2018,Analyst
49-9031.00,1.A.4.b.2,Auditory Attention,LV,2.75,8,0.1637,2.4292,3.0708,N,N,08/2018,Analyst
49-9031.00,1.A.4.b.3,Sound Localization,IM,2.0,8,0.0,2.0,2.0,N,,08/2018,Analyst
49-9031.00,1.A.4.b.3,Sound Localization,LV,1.5,8,0.189,1.1296,1.8704,N,N,08/2018,Analyst
49-9031.00,1.A.4.b.4,Speech Recognition,IM,3.0,8,0.189,2.6296,3.3704,N,,08/2018,Analyst
49-9031.00,1.A.4.b.4,Speech Recognition,LV,2.75,8,0.1637,2.4292,3.0708,N,N,08/2018,Analyst
49-9031.00,1.A.4.b.5,Speech Clarity,IM,2.88,8,0.125,2.63,3.12,N,,08/2018,Analyst
49-9031.00,1.A.4.b.5,Speech Clarity,LV,2.75,8,0.1637,2.4292,3.0708,N,N,08/2018,Analyst
49-9041.00,1.A.1.a.1,Oral Comprehension,IM,3.0,8,0.189,2.6296,3.3704,N,,08/2021,Analyst
49-9041.00,1.A.1.a.1,Oral Comprehension,LV,3.38,8,0.183,3.0164,3.7336,N,N,08/2021,Analyst
49-9041.00,1.A.1.a.2,Written Comprehension,IM,3.12,8,0.125,2.88,3.37,N,,08/2021,Analyst
49-9041.00,1.A.1.a.2,Written Comprehension,LV,3.0,8,0.0,3.0,3.0,N,N,08/2021,Analyst
49-9041.00,1.A.1.a.3,Oral Expression,IM,3.0,8,0.0,3.0,3.0,N,,08/2021,Analyst
49-9041.00,1.A.1.a.3,Oral Expression,LV,3.12,8,0.125,2.88,3.37,N,N,08/2021,Analyst
49-9041.00,1.A.1.a.4,Written Expression,IM,2.75,8,0.1637,2.4292,3.0708,N,,08/2021,Analyst
49-9041.00,1.A.1.a.4,Written Expression,LV,2.88,8,0.125,2.63,3.12,N,N,08/2021,Analyst
49-9041.00,1.A.1.b.1,Fluency of Ideas,IM,2.88,8,0.2266,2.4309,3.3191,N,,08/2021,Analyst
49-9041.00,1.A.1.b.1,Fluency of Ideas,LV,2.75,8,0.1637,2.4292,3.0708,N,N,08/2021,Analyst
49-9041.00,1.A.1.b.2,Originality,IM,2.62,8,0.183,2.2664,2.9836,N,,08/2021,Analyst
49-9041.00,1.A.1.b.2,Originality,LV,2.88,8,0.125,2.63,3.12,N,N,08/2021,Analyst
49-9041.00,1.A.1.b.3,Problem Sensitivity,IM,3.88,8,0.125,3.63,4.12,N,,08/2021,Analyst
49-9041.00,1.A.1.b.3,Problem Sensitivity,LV,3.12,8,0.125,2.88,3.37,N,N,08/2021,Analyst
49-9041.00,1.A.1.b.4,Deductive Reasoning,IM,3.12,8,0.125,2.88,3.37,N,,08/2021,Analyst
49-9041.00,1.A.1.b.4,Deductive Reasoning,LV,3.25,8,0.1637,2.9292,3.5708,N,N,08/2021,Analyst
49-9041.00,1.A.1.b.5,Inductive Reasoning,IM,3.0,8,0.0,3.0,3.0,N,,08/2021,Analyst
49-9041.00,1.A.1.b.5,Inductive Reasoning,LV,3.0,8,0.0,3.0,3.0,N,N,08/2021,Analyst
49-9041.00,1.A.1.b.6,Information Ordering,IM,3.5,8,0.189,3.1296,3.8704,N,,08/2021,Analyst
49-9041.00,1.A.1.b.6,Information Ordering,LV,3.88,8,0.125,3.63,4.12,N,N,08/2021,Analyst
49-9041.00,1.A.1.b.7,Category Flexibility,IM,3.0,8,0.0,3.0,3.0,N,,08/2021,Analyst
49-9041.00,1.A.1.b.7,Category Flexibility,LV,3.12,8,0.125,2.88,3.37,N,N,08/2021,Analyst
49-9041.00,1.A.1.c.1,Mathematical Reasoning,IM,2.38,8,0.183,2.0164,2.7336,N,,08/2021,Analyst
49-9041.00,1.A.1.c.1,Mathematical Reasoning,LV,2.38,8,0.183,2.0164,2.7336,N,N,08/2021,Analyst
49-9041.00,1.A.1.c.2,Number Facility,IM,2.12,8,0.125,1.88,2.37,N,,08/2021,Analyst
49-9041.00,1.A.1.c.2,Number Facility,LV,2.12,8,0.125,1.88,2.37,N,N,08/2021,Analyst
49-9041.00,1.A.1.d.1,Memorization,IM,2.5,8,0.189,2.1296,2.8704,N,,08/2021,Analyst
49-9041.00,1.A.1.d.1,Memorization,LV,2.38,8,0.183,2.0164,2.7336,N,N,08/2021,Analyst
49-9041.00,1.A.1.e.1,Speed of Closure,IM,2.88,8,0.2266,2.4309,3.3191,N,,08/2021,Analyst
49-9041.00,1.A.1.e.1,Speed of Closure,LV,2.88,8,0.125,2.63,3.12,N,N,08/2021,Analyst
49-9041.00,1.A.1.e.2,Flexibility of Closure,IM,2.88,8,0.2266,2.4309,3.3191,N,,08/2021,Analyst
49-9041.00,1.A.1.e.2,Flexibility of Closure,LV,3.0,8,0.189,2.6296,3.3704,N,N,08/2021,Analyst
49-9041.00,1.A.1.e.3,Perceptual Speed,IM,3.0,8,0.189,2.6296,3.3704,N,,08/2021,Analyst
49-9041.00,1.A.1.e.3,Perceptual Speed,LV,2.88,8,0.125,2.63,3.12,N,N,08/2021,Analyst
49-9041.00,1.A.1.f.1,Spatial Orientation,IM,2.0,8,0.189,1.6296,2.3704,N,,08/2021,Analyst
49-9041.00,1.A.1.f.1,Spatial Orientation,LV,1.75,8,0.25,1.26,2.24,N,N,08/2021,Analyst
49-9041.00,1.A.1.f.2,Visualization,IM,3.25,8,0.1637,2.9292,3.5708,N,,08/2021,Analyst
49-9041.00,1.A.1.f.2,Visualization,LV,4.0,8,0.189,3.6296,4.3704,N,N,08/2021,Analyst
49-9041.00,1.A.1.g.1,Selective Attention,IM,3.25,8,0.1637,2.9292,3.5708,N,,08/2021,Analyst
49-9041.00,1.A.1.g.1,Selective Attention,LV,3.0,8,0.0,3.0,3.0,N,N,08/2021,Analyst
49-9041.00,1.A.1.g.2,Time Sharing,IM,2.75,8,0.1637,2.4292,3.0708,N,,08/2021,Analyst
49-9041.00,1.A.1.g.2,Time Sharing,LV,2.88,8,0.125,2.63,3.12,N,N,08/2021,Analyst
49-9041.00,1.A.2.a.1,Arm-Hand Steadiness,IM,3.75,8,0.1637,3.4292,4.0708,N,,08/2021,Analyst
49-9041.00,1.A.2.a.1,Arm-Hand Steadiness,LV,3.38,8,0.183,3.0164,3.7336,N,N,08/2021,Analyst
49-9041.00,1.A.2.a.2,Manual Dexterity,IM,3.88,8,0.125,3.63,4.12,N,,08/2021,Analyst
49-9041.00,1.A.2.a.2,Manual Dexterity,LV,3.62,8,0.183,3.2664,3.9836,N,N,08/2021,Analyst
49-9041.00,1.A.2.a.3,Finger Dexterity,IM,3.88,8,0.125,3.63,4.12,N,,08/2021,Analyst
49-9041.00,1.A.2.a.3,Finger Dexterity,LV,3.88,8,0.125,3.63,4.12,N,N,08/2021,Analyst
49-9041.00,1.A.2.b.1,Control Precision,IM,3.88,8,0.125,3.63,4.12,N,,08/2021,Analyst
49-9041.00,1.A.2.b.1,Control Precision,LV,3.88,8,0.2266,3.4309,4.3191,N,N,08/2021,Analyst
49-9041.00,1.A.2.b.2,Multilimb Coordination,IM,3.62,8,0.183,3.2664,3.9836,N,,08/2021,Analyst
49-9041.00,1.A.2.b.2,Multilimb Coordination,LV,3.62,8,0.183,3.2664,3.9836,N,N,08/2021,Analyst
49-9041.00,1.A.2.b.3,Response Orientation,IM,3.0,8,0.0,3.0,3.0,N,,08/2021,Analyst
49-9041.00,1.A.2.b.3,Response Orientation,LV,3.0,8,0.189,2.6296,3.3704,N,N,08/2021,Analyst
49-9041.00,1.A.2.b.4,Rate Control,IM,2.88,8,0.125,2.63,3.12,N,,08/2021,Analyst
49-9041.00,1.A.2.b.4,Rate Control,LV,2.88,8,0.125,2.63,3.12,N,N,08/2021,Analyst
49-9041.00,1.A.2.c.1,Reaction Time,IM,3.75,8,0.1637,3.4292,4.0708,N,,08/2021,Analyst
49-9041.00,1.A.2.c.1,Reaction Time,LV,3.88,8,0.125,3.63,4.12,N,N,08/2021,Analyst
49-9041.00,1.A.2.c.2,Wrist-Finger Speed,IM,2.88,8,0.125,2.63,3.12,N,,08/2021,Analyst
49-9041.00,1.A.2.c.2,Wrist-Finger Speed,LV,3.0,8,0.0,3.0,3.0,N,N,08/2021,Analyst
49-9041.00,1.A.2.c.3,Speed of Limb Movement,IM,2.5,8,0.189,2.1296,2.8704,N,,08/2021,Analyst
49-9041.00,1.A.2.c.3,Speed of Limb Movement,LV,2.62,8,0.183,2.2664,2.9836,N,N,08/2021,Analyst
49-9041.00,1.A.3.a.1,Static Strength,IM,3.12,8,0.125,2.88,3.37,N,,08/2021,Analyst
49-9041.00,1.A.3.a.1,Static Strength,LV,3.12,8,0.125,2.88,3.37,N,N,08/2021,Analyst
49-9041.00,1.A.3.a.2,Explosive Strength,IM,1.5,8,0.189,1.1296,1.8704,N,,08/2021,Analyst
49-9041.00,1.A.3.a.2,Explosive Strength,LV,0.88,8,0.3504,0.1883,1.5617,N,N,08/2021,Analyst
49-9041.00,1.A.3.a.3,Dynamic Strength,IM,2.38,8,0.183,2.0164,2.7336,N,,08/2021,Analyst
49-9041.00,1.A.3.a.3,Dynamic Strength,LV,2.5,8,0.189,2.1296,2.8704,N,N,08/2021,Analyst
49-9041.00,1.A.3.a.4,Trunk Strength,IM,3.12,8,0.125,2.88,3.37,N,,08/2021,Analyst
49-9041.00,1.A.3.a.4,Trunk Strength,LV,3.0,8,0.0,3.0,3.0,N,N,08/2021,Analyst
49-9041.00,1.A.3.b.1,Stamina,IM,2.62,8,0.183,2.2664,2.9836,N,,08/2021,Analyst
49-9041.00,1.A.3.b.1,Stamina,LV,2.38,8,0.183,2.0164,2.7336,N,N,08/2021,Analyst
49-9041.00,1.A.3.c.1,Extent Flexibility,IM,3.12,8,0.125,2.88,3.37,N,,08/2021,Analyst
49-9041.00,1.A.3.c.1,Extent Flexibility,LV,3.75,8,0.25,3.26,4.24,N,N,08/2021,Analyst
49-9041.00,1.A.3.c.2,Dynamic Flexibility,IM,1.5,8,0.189,1.1296,1.8704,N,,08/2021,Analyst
49-9041.00,1.A.3.c.2,Dynamic Flexibility,LV,0.5,8,0.189,0.1296,0.8704,N,N,08/2021,Analyst
49-9041.00,1.A.3.c.3,Gross Body Coordination,IM,2.75,8,0.1637,2.4292,3.0708,N,,08/2021,Analyst
49-9041.00,1.A.3.c.3,Gross Body Coordination,LV,2.62,8,0.2631,2.1094,3.1406,N,N,08/2021,Analyst
49-9041.00,1.A.3.c.4,Gross Body Equilibrium,IM,2.75,8,0.1637,2.4292,3.0708,N,,08/2021,Analyst
49-9041.00,1.A.3.c.4,Gross Body Equilibrium,LV,2.5,8,0.189,2.1296,2.8704,N,N,08/2021,Analyst
49-9041.00,1.A.4.a.1,Near Vision,IM,3.88,8,0.125,3.63,4.12,N,,08/2021,Analyst
49-9041.00,1.A.4.a.1,Near Vision,LV,3.75,8,0.1637,3.4292,4.0708,N,N,08/2021,Analyst
49-9041.00,1.A.4.a.2,Far Vision,IM,2.88,8,0.125,2.63,3.12,N,,08/2021,Analyst
49-9041.00,1.A.4.a.2,Far Vision,LV,2.88,8,0.125,2.63,3.12,N,N,08/2021,Analyst
49-9041.00,1.A.4.a.3,Visual Color Discrimination,IM,2.75,8,0.1637,2.4292,3.0708,N,,08/2021,Analyst
49-9041.00,1.A.4.a.3,Visual Color Discrimination,LV,3.25,8,0.1637,2.9292,3.5708,N,N,08/2021,Analyst
49-9041.00,1.A.4.a.4,Night Vision,IM,1.75,8,0.1637,1.4292,2.0708,N,,08/2021,Analyst
49-9041.00,1.A.4.a.4,Night Vision,LV,1.5,8,0.3273,0.8584,2.1416,N,N,08/2021,Analyst
49-9041.00,1.A.4.a.5,Peripheral Vision,IM,2.0,8,0.189,1.6296,2.3704,N,,08/2021,Analyst
49-9041.00,1.A.4.a.5,Peripheral Vision,LV,1.88,8,0.295,1.2967,2.4533,N,N,08/2021,Analyst
49-9041.00,1.A.4.a.6,Depth Perception,IM,2.88,8,0.125,2.63,3.12,N,,08/2021,Analyst
49-9041.00,1.A.4.a.6,Depth Perception,LV,3.0,8,0.189,2.6296,3.3704,N,N,08/2021,Analyst
49-9041.00,1.A.4.a.7,Glare Sensitivity,IM,2.0,8,0.0,2.0,2.0,N,,08/2021,Analyst
49-9041.00,1.A.4.a.7,Glare Sensitivity,LV,1.88,8,0.125,1.63,2.12,N,N,08/2021,Analyst
49-9041.00,1.A.4.b.1,Hearing Sensitivity,IM,3.5,8,0.189,3.1296,3.8704,N,,08/2021,Analyst
49-9041.00,1.A.4.b.1,Hearing Sensitivity,LV,3.75,8,0.1637,3.4292,4.0708,N,N,08/2021,Analyst
49-9041.00,1.A.4.b.2,Auditory Attention,IM,3.12,8,0.125,2.88,3.37,N,,08/2021,Analyst
49-9041.00,1.A.4.b.2,Auditory Attention,LV,3.5,8,0.189,3.1296,3.8704,N,N,08/2021,Analyst
49-9041.00,1.A.4.b.3,Sound Localization,IM,2.75,8,0.1637,2.4292,3.0708,N,,08/2021,Analyst
49-9041.00,1.A.4.b.3,Sound Localization,LV,2.38,8,0.183,2.0164,2.7336,N,N,08/2021,Analyst
49-9041.00,1.A.4.b.4,Speech Recognition,IM,3.0,8,0.0,3.0,3.0,N,,08/2021,Analyst
49-9041.00,1.A.4.b.4,Speech Recognition,LV,3.0,8,0.0,3.0,3.0,N,N,08/2021,Analyst
49-9041.00,1.A.4.b.5,Speech Clarity,IM,2.88,8,0.125,2.63,3.12,N,,08/2021,Analyst
49-9041.00,1.A.4.b.5,Speech Clarity,LV,2.88,8,0.125,2.63,3.12,N,N,08/2021,Analyst
49-9043.00,1.A.1.a.1,Oral Comprehension,IM,2.88,8,0.125,2.63,3.12,N,,08/2024,Analyst
49-9043.00,1.A.1.a.1,Oral Comprehension,LV,3.12,8,0.125,2.88,3.37,N,N,08/2024,Analyst
49-9043.00,1.A.1.a.2,Written Comprehension,IM,2.75,8,0.1637,2.4292,3.0708,N,,08/2024,Analyst
49-9043.00,1.A.1.a.2,Written Comprehension,LV,3.0,8,0.0,3.0,3.0,N,N,08/2024,Analyst
49-9043.00,1.A.1.a.3,Oral Expression,IM,3.0,8,0.0,3.0,3.0,N,,08/2024,Analyst
49-9043.00,1.A.1.a.3,Oral Expression,LV,3.12,8,0.125,2.88,3.37,N,N,08/2024,Analyst
49-9043.00,1.A.1.a.4,Written Expression,IM,2.88,8,0.2266,2.4309,3.3191,N,,08/2024,Analyst
49-9043.00,1.A.1.a.4,Written Expression,LV,2.75,8,0.1637,2.4292,3.0708,N,N,08/2024,Analyst
49-9043.00,1.A.1.b.1,Fluency of Ideas,IM,2.75,8,0.1637,2.4292,3.0708,N,,08/2024,Analyst
49-9043.00,1.A.1.b.1,Fluency of Ideas,LV,2.0,8,0.0,2.0,2.0,N,N,08/2024,Analyst
49-9043.00,1.A.1.b.2,Originality,IM,2.25,8,0.1637,1.9292,2.5708,N,,08/2024,Analyst
49-9043.00,1.A.1.b.2,Originality,LV,2.0,8,0.0,2.0,2.0,N,N,08/2024,Analyst
49-9043.00,1.A.1.b.3,Problem Sensitivity,IM,3.62,8,0.183,3.2664,3.9836,N,,08/2024,Analyst
49-9043.00,1.A.1.b.3,Problem Sensitivity,LV,3.0,8,0.0,3.0,3.0,N,N,08/2024,Analyst
49-9043.00,1.A.1.b.4,Deductive Reasoning,IM,3.0,8,0.0,3.0,3.0,N,,08/2024,Analyst
49-9043.00,1.A.1.b.4,Deductive Reasoning,LV,3.0,8,0.0,3.0,3.0,N,N,08/2024,Analyst
49-9043.00,1.A.1.b.5,Inductive Reasoning,IM,3.0,8,0.0,3.0,3.0,N,,08/2024,Analyst
49-9043.00,1.A.1.b.5,Inductive Reasoning,LV,3.0,8,0.0,3.0,3.0,N,N,08/2024,Analyst
49-9043.00,1.A.1.b.6,Information Ordering,IM,3.0,8,0.0,3.0,3.0,N,,08/2024,Analyst
49-9043.00,1.A.1.b.6,Information Ordering,LV,3.0,8,0.0,3.0,3.0,N,N,08/2024,Analyst
49-9043.00,1.A.1.b.7,Category Flexibility,IM,2.88,8,0.125,2.63,3.12,N,,08/2024,Analyst
49-9043.00,1.A.1.b.7,Category Flexibility,LV,2.88,8,0.125,2.63,3.12,N,N,08/2024,Analyst
49-9043.00,1.A.1.c.1,Mathematical Reasoning,IM,2.0,8,0.0,2.0,2.0,N,,08/2024,Analyst
49-9043.00,1.A.1.c.1,Mathematical Reasoning,LV,2.0,8,0.0,2.0,2.0,N,N,08/2024,Analyst
49-9043.00,1.A.1.c.2,Number Facility,IM,2.0,8,0.0,2.0,2.0,N,,08/2024,Analyst
49-9043.00,1.A.1.c.2,Number Facility,LV,2.0,8,0.0,2.0,2.0,N,N,08/2024,Analyst
49-9043.00,1.A.1.d.1,Memorization,IM,2.0,8,0.0,2.0,2.0,N,,08/2024,Analyst
49-9043.00,1.A.1.d.1,Memorization,LV,2.12,8,0.125,1.88,2.37,N,N,08/2024,Analyst
49-9043.00,1.A.1.e.1,Speed of Closure,IM,2.0,8,0.0,2.0,2.0,N,,08/2024,Analyst
49-9043.00,1.A.1.e.1,Speed of Closure,LV,2.0,8,0.0,2.0,2.0,N,N,08/2024,Analyst
49-9043.00,1.A.1.e.2,Flexibility of Closure,IM,3.0,8,0.0,3.0,3.0,N,,08/2024,Analyst
49-9043.00,1.A.1.e.2,Flexibility of Closure,LV,3.0,8,0.0,3.0,3.0,N,N,08/2024,Analyst
49-9043.00,1.A.1.e.3,Perceptual Speed,IM,3.0,8,0.0,3.0,3.0,N,,08/2024,Analyst
49-9043.00,1.A.1.e.3,Perceptual Speed,LV,3.0,8,0.0,3.0,3.0,N,N,08/2024,Analyst
49-9043.00,1.A.1.f.1,Spatial Orientation,IM,2.0,8,0.0,2.0,2.0,N,,08/2024,Analyst
49-9043.00,1.A.1.f.1,Spatial Orientation,LV,1.88,8,0.125,1.63,2.12,N,N,08/2024,Analyst
49-9043.00,1.A.1.f.2,Visualization,IM,3.12,8,0.125,2.88,3.37,N,,08/2024,Analyst
49-9043.00,1.A.1.f.2,Visualization,LV,3.12,8,0.125,2.88,3.37,N,N,08/2024,Analyst
49-9043.00,1.A.1.g.1,Selective Attention,IM,3.0,8,0.0,3.0,3.0,N,,08/2024,Analyst
49-9043.00,1.A.1.g.1,Selective Attention,LV,3.0,8,0.0,3.0,3.0,N,N,08/2024,Analyst
49-9043.00,1.A.1.g.2,Time Sharing,IM,2.75,8,0.1637,2.4292,3.0708,N,,08/2024,Analyst
49-9043.00,1.A.1.g.2,Time Sharing,LV,2.5,8,0.189,2.1296,2.8704,N,N,08/2024,Analyst
49-9043.00,1.A.2.a.1,Arm-Hand Steadiness,IM,4.0,8,0.0,4.0,4.0,N,,08/2024,Analyst
49-9043.00,1.A.2.a.1,Arm-Hand Steadiness,LV,3.25,8,0.1637,2.9292,3.5708,N,N,08/2024,Analyst
49-9043.00,1.A.2.a.2,Manual Dexterity,IM,3.38,8,0.183,3.0164,3.7336,N,,08/2024,Analyst
49-9043.00,1.A.2.a.2,Manual Dexterity,LV,3.0,8,0.0,3.0,3.0,N,N,08/2024,Analyst
49-9043.00,1.A.2.a.3,Finger Dexterity,IM,3.0,8,0.0,3.0,3.0,N,,08/2024,Analyst
49-9043.00,1.A.2.a.3,Finger Dexterity,LV,3.0,8,0.0,3.0,3.0,N,N,08/2024,Analyst
49-9043.00,1.A.2.b.1,Control Precision,IM,3.25,8,0.1637,2.9292,3.5708,N,,08/2024,Analyst
49-9043.00,1.A.2.b.1,Control Precision,LV,3.12,8,0.125,2.88,3.37,N,N,08/2024,Analyst
49-9043.00,1.A.2.b.2,Multilimb Coordination,IM,3.12,8,0.125,2.88,3.37,N,,08/2024,Analyst
49-9043.00,1.A.2.b.2,Multilimb Coordination,LV,3.0,8,0.0,3.0,3.0,N,N,08/2024,Analyst
49-9043.00,1.A.2.b.3,Response Orientation,IM,2.12,8,0.125,1.88,2.37,N,,08/2024,Analyst
49-9043.00,1.A.2.b.3,Response Orientation,LV,2.0,8,0.0,2.0,2.0,N,N,08/2024,Analyst
49-9043.00,1.A.2.b.4,Rate Control,IM,2.5,8,0.189,2.1296,2.8704,N,,08/2024,Analyst
49-9043.00,1.A.2.b.4,Rate Control,LV,2.38,8,0.183,2.0164,2.7336,N,N,08/2024,Analyst
49-9043.00,1.A.2.c.1,Reaction Time,IM,2.88,8,0.125,2.63,3.12,N,,08/2024,Analyst
49-9043.00,1.A.2.c.1,Reaction Time,LV,3.0,8,0.0,3.0,3.0,N,N,08/2024,Analyst
49-9043.00,1.A.2.c.2,Wrist-Finger Speed,IM,2.25,8,0.1637,1.9292,2.5708,N,,08/2024,Analyst
49-9043.00,1.A.2.c.2,Wrist-Finger Speed,LV,2.0,8,0.0,2.0,2.0,N,N,08/2024,Analyst
49-9043.00,1.A.2.c.3,Speed of Limb Movement,IM,1.75,8,0.1637,1.4292,2.0708,N,,08/2024,Analyst
49-9043.00,1.A.2.c.3,Speed of Limb Movement,LV,1.25,8,0.3134,0.6358,1.8642,N,N,08/2024,Analyst
49-9043.00,1.A.3.a.1,Static Strength,IM,3.0,8,0.0,3.0,3.0,N,,08/2024,Analyst
49-9043.00,1.A.3.a.1,Static Strength,LV,3.0,8,0.0,3.0,3.0,N,N,08/2024,Analyst
49-9043.00,1.A.3.a.2,Explosive Strength,IM,2.0,8,0.0,2.0,2.0,N,,08/2024,Analyst
49-9043.00,1.A.3.a.2,Explosive Strength,LV,1.88,8,0.125,1.63,2.12,N,N,08/2024,Analyst
49-9043.00,1.A.3.a.3,Dynamic Strength,IM,2.12,8,0.125,1.88,2.37,N,,08/2024,Analyst
49-9043.00,1.A.3.a.3,Dynamic Strength,LV,2.0,8,0.0,2.0,2.0,N,N,08/2024,Analyst
49-9043.00,1.A.3.a.4,Trunk Strength,IM,3.0,8,0.0,3.0,3.0,N,,08/2024,Analyst
49-9043.00,1.A.3.a.4,Trunk Strength,LV,3.0,8,0.0,3.0,3.0,N,N,08/2024,Analyst
49-9043.00,1.A.3.b.1,Stamina,IM,2.25,8,0.1637,1.9292,2.5708,N,,08/2024,Analyst
49-9043.00,1.A.3.b.1,Stamina,LV,2.12,8,0.125,1.88,2.37,N,N,08/2024,Analyst
49-9043.00,1.A.3.c.1,Extent Flexibility,IM,3.12,8,0.125,2.88,3.37,N,,08/2024,Analyst
49-9043.00,1.A.3.c.1,Extent Flexibility,LV,3.12,8,0.125,2.88,3.37,N,N,08/2024,Analyst
49-9043.00,1.A.3.c.2,Dynamic Flexibility,IM,1.0,8,0.0,1.0,1.0,N,,08/2024,Analyst
49-9043.00,1.A.3.c.2,Dynamic Flexibility,LV,0.0,8,0.0,0.0,0.0,N,Y,08/2024,Analyst
49-9043.00,1.A.3.c.3,Gross Body Coordination,IM,2.12,8,0.125,1.88,2.37,N,,08/2024,Analyst
49-9043.00,1.A.3.c.3,Gross Body Coordination,LV,2.0,8,0.0,2.0,2.0,N,N,08/2024,Analyst
49-9043.00,1.A.3.c.4,Gross Body Equilibrium,IM,2.12,8,0.125,1.88,2.37,N,,08/2024,Analyst
49-9043.00,1.A.3.c.4,Gross Body Equilibrium,LV,2.0,8,0.0,2.0,2.0,N,N,08/2024,Analyst
49-9043.00,1.A.4.a.1,Near Vision,IM,3.38,8,0.183,3.0164,3.7336,N,,08/2024,Analyst
49-9043.00,1.A.4.a.1,Near Vision,LV,3.25,8,0.1637,2.9292,3.5708,N,N,08/2024,Analyst
49-9043.00,1.A.4.a.2,Far Vision,IM,2.88,8,0.125,2.63,3.12,N,,08/2024,Analyst
49-9043.00,1.A.4.a.2,Far Vision,LV,2.88,8,0.125,2.63,3.12,N,N,08/2024,Analyst
49-9043.00,1.A.4.a.3,Visual Color Discrimination,IM,3.0,8,0.0,3.0,3.0,N,,08/2024,Analyst
49-9043.00,1.A.4.a.3,Visual Color Discrimination,LV,3.0,8,0.0,3.0,3.0,N,N,08/2024,Analyst
49-9043.00,1.A.4.a.4,Night Vision,IM,2.0,8,0.0,2.0,2.0,N,,08/2024,Analyst
49-9043.00,1.A.4.a.4,Night Vision,LV,1.12,8,0.125,0.88,1.37,N,N,08/2024,Analyst
49-9043.00,1.A.4.a.5,Peripheral Vision,IM,2.0,8,0.0,2.0,2.0,N,,08/2024,Analyst
49-9043.00,1.A.4.a.5,Peripheral Vision,LV,1.0,8,0.0,1.0,1.0,N,N,08/2024,Analyst
49-9043.00,1.A.4.a.6,Depth Perception,IM,2.75,8,0.1637,2.4292,3.0708,N,,08/2024,Analyst
49-9043.00,1.A.4.a.6,Depth Perception,LV,2.62,8,0.183,2.2664,2.9836,N,N,08/2024,Analyst
49-9043.00,1.A.4.a.7,Glare Sensitivity,IM,2.0,8,0.0,2.0,2.0,N,,08/2024,Analyst
49-9043.00,1.A.4.a.7,Glare Sensitivity,LV,1.12,8,0.125,0.88,1.37,N,N,08/2024,Analyst
49-9043.00,1.A.4.b.1,Hearing Sensitivity,IM,2.75,8,0.1637,2.4292,3.0708,N,,08/2024,Analyst
49-9043.00,1.A.4.b.1,Hearing Sensitivity,LV,2.38,8,0.183,2.0164,2.7336,N,N,08/2024,Analyst
49-9043.00,1.A.4.b.2,Auditory Attention,IM,2.62,8,0.183,2.2664,2.9836,N,,08/2024,Analyst
49-9043.00,1.A.4.b.2,Auditory Attention,LV,2.88,8,0.125,2.63,3.12,N,N,08/2024,Analyst
49-9043.00,1.A.4.b.3,Sound Localization,IM,2.0,8,0.0,2.0,2.0,N,,08/2024,Analyst
49-9043.00,1.A.4.b.3,Sound Localization,LV,1.75,8,0.1637,1.4292,2.0708,N,N,08/2024,Analyst
49-9043.00,1.A.4.b.4,Speech Recognition,IM,2.88,8,0.125,2.63,3.12,N,,08/2024,Analyst
49-9043.00,1.A.4.b.4,Speech Recognition,LV,2.75,8,0.1637,2.4292,3.0708,N,N,08/2024,Analyst
49-9043.00,1.A.4.b.5,Speech Clarity,IM,2.88,8,0.125,2.63,3.12,N,,08/2024,Analyst
49-9043.00,1.A.4.b.5,Speech Clarity,LV,2.38,8,0.183,2.0164,2.7336,N,N,08/2024,Analyst
49-9044.00,1.A.1.a.1,Oral Comprehension,IM,3.38,8,0.183,3.0164,3.7336,N,,08/2024,Analyst
49-9044.00,1.A.1.a.1,Oral Comprehension,LV,3.5,8,0.189,3.1296,3.8704,N,N,08/2024,Analyst
49-9044.00,1.A.1.a.2,Written Comprehension,IM,2.88,8,0.125,2.63,3.12,N,,08/2024,Analyst
49-9044.00,1.A.1.a.2,Written Comprehension,LV,3.0,8,0.0,3.0,3.0,N,N,08/2024,Analyst
49-9044.00,1.A.1.a.3,Oral Expression,IM,3.12,8,0.125,2.88,3.37,N,,08/2024,Analyst
49-9044.00,1.A.1.a.3,Oral Expression,LV,3.38,8,0.183,3.0164,3.7336,N,N,08/2024,Analyst
49-9044.00,1.A.1.a.4,Written Expression,IM,2.75,8,0.1637,2.4292,3.0708,N,,08/2024,Analyst
49-9044.00,1.A.1.a.4,Written Expression,LV,2.88,8,0.125,2.63,3.12,N,N,08/2024,Analyst
49-9044.00,1.A.1.b.1,Fluency of Ideas,IM,2.62,8,0.183,2.2664,2.9836,N,,08/2024,Analyst
49-9044.00,1.A.1.b.1,Fluency of Ideas,LV,2.75,8,0.1637,2.4292,3.0708,N,N,08/2024,Analyst
49-9044.00,1.A.1.b.2,Originality,IM,2.62,8,0.183,2.2664,2.9836,N,,08/2024,Analyst
49-9044.00,1.A.1.b.2,Originality,LV,2.5,8,0.189,2.1296,2.8704,N,N,08/2024,Analyst
49-9044.00,1.A.1.b.3,Problem Sensitivity,IM,3.62,8,0.183,3.2664,3.9836,N,,08/2024,Analyst
49-9044.00,1.A.1.b.3,Problem Sensitivity,LV,3.62,8,0.183,3.2664,3.9836,N,N,08/2024,Analyst
49-9044.00,1.A.1.b.4,Deductive Reasoning,IM,3.12,8,0.125,2.88,3.37,N,,08/2024,Analyst
49-9044.00,1.A.1.b.4,Deductive Reasoning,LV,3.0,8,0.0,3.0,3.0,N,N,08/2024,Analyst
49-9044.00,1.A.1.b.5,Inductive Reasoning,IM,3.12,8,0.125,2.88,3.37,N,,08/2024,Analyst
49-9044.00,1.A.1.b.5,Inductive Reasoning,LV,3.0,8,0.0,3.0,3.0,N,N,08/2024,Analyst
49-9044.00,1.A.1.b.6,Information Ordering,IM,3.75,8,0.1637,3.4292,4.0708,N,,08/2024,Analyst
49-9044.00,1.A.1.b.6,Information Ordering,LV,3.88,8,0.125,3.63,4.12,N,N,08/2024,Analyst
49-9044.00,1.A.1.b.7,Category Flexibility,IM,3.0,8,0.0,3.0,3.0,N,,08/2024,Analyst
49-9044.00,1.A.1.b.7,Category Flexibility,LV,3.0,8,0.0,3.0,3.0,N,N,08/2024,Analyst
49-9044.00,1.A.1.c.1,Mathematical Reasoning,IM,2.75,8,0.1637,2.4292,3.0708,N,,08/2024,Analyst
49-9044.00,1.A.1.c.1,Mathematical Reasoning,LV,2.38,8,0.183,2.0164,2.7336,N,N,08/2024,Analyst
49-9044.00,1.A.1.c.2,Number Facility,IM,2.75,8,0.1637,2.4292,3.0708,N,,08/2024,Analyst
49-9044.00,1.A.1.c.2,Number Facility,LV,2.62,8,0.183,2.2664,2.9836,N,N,08/2024,Analyst
49-9044.00,1.A.1.d.1,Memorization,IM,2.5,8,0.189,2.1296,2.8704,N,,08/2024,Analyst
49-9044.00,1.A.1.d.1,Memorization,LV,2.12,8,0.125,1.88,2.37,N,N,08/2024,Analyst
49-9044.00,1.A.1.e.1,Speed of Closure,IM,2.62,8,0.183,2.2664,2.9836,N,,08/2024,Analyst
49-9044.00,1.A.1.e.1,Speed of Closure,LV,2.62,8,0.183,2.2664,2.9836,N,N,08/2024,Analyst
49-9044.00,1.A.1.e.2,Flexibility of Closure,IM,3.12,8,0.125,2.88,3.37,N,,08/2024,Analyst
49-9044.00,1.A.1.e.2,Flexibility of Closure,LV,3.12,8,0.125,2.88,3.37,N,N,08/2024,Analyst
49-9044.00,1.A.1.e.3,Perceptual Speed,IM,3.12,8,0.125,2.88,3.37,N,,08/2024,Analyst
49-9044.00,1.A.1.e.3,Perceptual Speed,LV,3.12,8,0.125,2.88,3.37,N,N,08/2024,Analyst
49-9044.00,1.A.1.f.1,Spatial Orientation,IM,2.5,8,0.189,2.1296,2.8704,N,,08/2024,Analyst
49-9044.00,1.A.1.f.1,Spatial Orientation,LV,2.0,8,0.0,2.0,2.0,N,N,08/2024,Analyst
49-9044.00,1.A.1.f.2,Visualization,IM,3.88,8,0.125,3.63,4.12,N,,08/2024,Analyst
49-9044.00,1.A.1.f.2,Visualization,LV,3.88,8,0.125,3.63,4.12,N,N,08/2024,Analyst
49-9044.00,1.A.1.g.1,Selective Attention,IM,3.0,8,0.0,3.0,3.0,N,,08/2024,Analyst
49-9044.00,1.A.1.g.1,Selective Attention,LV,3.0,8,0.0,3.0,3.0,N,N,08/2024,Analyst
49-9044.00,1.A.1.g.2,Time Sharing,IM,2.88,8,0.125,2.63,3.12,N,,08/2024,Analyst
49-9044.00,1.A.1.g.2,Time Sharing,LV,3.0,8,0.0,3.0,3.0,N,N,08/2024,Analyst
49-9044.00,1.A.2.a.1,Arm-Hand Steadiness,IM,3.88,8,0.125,3.63,4.12,N,,08/2024,Analyst
49-9044.00,1.A.2.a.1,Arm-Hand Steadiness,LV,3.25,8,0.1637,2.9292,3.5708,N,N,08/2024,Analyst
49-9044.00,1.A.2.a.2,Manual Dexterity,IM,4.12,8,0.125,3.88,4.37,N,,08/2024,Analyst
49-9044.00,1.A.2.a.2,Manual Dexterity,LV,4.0,8,0.0,4.0,4.0,N,N,08/2024,Analyst
49-9044.00,1.A.2.a.3,Finger Dexterity,IM,3.88,8,0.125,3.63,4.12,N,,08/2024,Analyst
49-9044.00,1.A.2.a.3,Finger Dexterity,LV,4.0,8,0.0,4.0,4.0,N,N,08/2024,Analyst
49-9044.00,1.A.2.b.1,Control Precision,IM,3.88,8,0.125,3.63,4.12,N,,08/2024,Analyst
49-9044.00,1.A.2.b.1,Control Precision,LV,4.0,8,0.0,4.0,4.0,N,N,08/2024,Analyst
49-9044.00,1.A.2.b.2,Multilimb Coordination,IM,3.88,8,0.125,3.63,4.12,N,,08/2024,Analyst
49-9044.00,1.A.2.b.2,Multilimb Coordination,LV,3.88,8,0.125,3.63,4.12,N,N,08/2024,Analyst
49-9044.00,1.A.2.b.3,Response Orientation,IM,3.0,8,0.0,3.0,3.0,N,,08/2024,Analyst
49-9044.00,1.A.2.b.3,Response Orientation,LV,3.12,8,0.125,2.88,3.37,N,N,08/2024,Analyst
49-9044.00,1.A.2.b.4,Rate Control,IM,3.0,8,0.0,3.0,3.0,N,,08/2024,Analyst
49-9044.00,1.A.2.b.4,Rate Control,LV,3.0,8,0.0,3.0,3.0,N,N,08/2024,Analyst
49-9044.00,1.A.2.c.1,Reaction Time,IM,3.12,8,0.125,2.88,3.37,N,,08/2024,Analyst
49-9044.00,1.A.2.c.1,Reaction Time,LV,3.38,8,0.183,3.0164,3.7336,N,N,08/2024,Analyst
49-9044.00,1.A.2.c.2,Wrist-Finger Speed,IM,2.62,8,0.183,2.2664,2.9836,N,,08/2024,Analyst
49-9044.00,1.A.2.c.2,Wrist-Finger Speed,LV,2.25,8,0.1637,1.9292,2.5708,N,N,08/2024,Analyst
49-9044.00,1.A.2.c.3,Speed of Limb Movement,IM,1.88,8,0.2266,1.4309,2.3191,N,,08/2024,Analyst
49-9044.00,1.A.2.c.3,Speed of Limb Movement,LV,1.75,8,0.4119,0.9427,2.5573,N,N,08/2024,Analyst
49-9044.00,1.A.3.a.1,Static Strength,IM,3.75,8,0.1637,3.4292,4.0708,N,,08/2024,Analyst
49-9044.00,1.A.3.a.1,Static Strength,LV,3.62,8,0.183,3.2664,3.9836,N,N,08/2024,Analyst
49-9044.00,1.A.3.a.2,Explosive Strength,IM,2.12,8,0.125,1.88,2.37,N,,08/2024,Analyst
49-9044.00,1.A.3.a.2,Explosive Strength,LV,1.62,8,0.183,1.2664,1.9836,N,N,08/2024,Analyst
49-9044.00,1.A.3.a.3,Dynamic Strength,IM,3.0,8,0.0,3.0,3.0,N,,08/2024,Analyst
49-9044.00,1.A.3.a.3,Dynamic Strength,LV,3.0,8,0.0,3.0,3.0,N,N,08/2024,Analyst
49-9044.00,1.A.3.a.4,Trunk Strength,IM,3.75,8,0.1637,3.4292,4.0708,N,,08/2024,Analyst
49-9044.00,1.A.3.a.4,Trunk Strength,LV,3.38,8,0.183,3.0164,3.7336,N,N,08/2024,Analyst
49-9044.00,1.A.3.b.1,Stamina,IM,2.62,8,0.183,2.2664,2.9836,N,,08/2024,Analyst
49-9044.00,1.A.3.b.1,Stamina,LV,2.5,8,0.189,2.1296,2.8704,N,N,08/2024,Analyst
49-9044.00,1.A.3.c.1,Extent Flexibility,IM,3.75,8,0.1637,3.4292,4.0708,N,,08/2024,Analyst
49-9044.00,1.A.3.c.1,Extent Flexibility,LV,3.88,8,0.125,3.63,4.12,N,N,08/2024,Analyst
49-9044.00,1.A.3.c.2,Dynamic Flexibility,IM,1.25,8,0.1637,1.0,1.5708,N,,08/2024,Analyst
49-9044.00,1.A.3.c.2,Dynamic Flexibility,LV,0.38,8,0.2631,0.0,0.8906,N,Y,08/2024,Analyst
49-9044.00,1.A.3.c.3,Gross Body Coordination,IM,2.88,8,0.125,2.63,3.12,N,,08/2024,Analyst
49-9044.00,1.A.3.c.3,Gross Body Coordination,LV,3.0,8,0.0,3.0,3.0,N,N,08/2024,Analyst
49-9044.00,1.A.3.c.4,Gross Body Equilibrium,IM,3.0,8,0.0,3.0,3.0,N,,08/2024,Analyst
49-9044.00,1.A.3.c.4,Gross Body Equilibrium,LV,3.0,8,0.0,3.0,3.0,N,N,08/2024,Analyst
49-9044.00,1.A.4.a.1,Near Vision,IM,4.0,8,0.0,4.0,4.0,N,,08/2024,Analyst
49-9044.00,1.A.4.a.1,Near Vision,LV,4.0,8,0.0,4.0,4.0,N,N,08/2024,Analyst
49-9044.00,1.A.4.a.2,Far Vision,IM,3.12,8,0.125,2.88,3.37,N,,08/2024,Analyst
49-9044.00,1.A.4.a.2,Far Vision,LV,3.12,8,0.125,2.88,3.37,N,N,08/2024,Analyst
49-9044.00,1.A.4.a.3,Visual Color Discrimination,IM,2.88,8,0.2266,2.4309,3.3191,N,,08/2024,Analyst
49-9044.00,1.A.4.a.3,Visual Color Discrimination,LV,3.12,8,0.125,2.88,3.37,N,N,08/2024,Analyst
49-9044.00,1.A.4.a.4,Night Vision,IM,2.0,8,0.0,2.0,2.0,N,,08/2024,Analyst
49-9044.00,1.A.4.a.4,Night Vision,LV,2.0,8,0.0,2.0,2.0,N,N,08/2024,Analyst
49-9044.00,1.A.4.a.5,Peripheral Vision,IM,2.0,8,0.0,2.0,2.0,N,,08/2024,Analyst
49-9044.00,1.A.4.a.5,Peripheral Vision,LV,2.0,8,0.0,2.0,2.0,N,N,08/2024,Analyst
49-9044.00,1.A.4.a.6,Depth Perception,IM,2.88,8,0.125,2.63,3.12,N,,08/2024,Analyst
49-9044.00,1.A.4.a.6,Depth Perception,LV,3.0,8,0.0,3.0,3.0,N,N,08/2024,Analyst
49-9044.00,1.A.4.a.7,Glare Sensitivity,IM,2.62,8,0.183,2.2664,2.9836,N,,08/2024,Analyst
49-9044.00,1.A.4.a.7,Glare Sensitivity,LV,2.5,8,0.189,2.1296,2.8704,N,N,08/2024,Analyst
49-9044.00,1.A.4.b.1,Hearing Sensitivity,IM,3.25,8,0.1637,2.9292,3.5708,N,,08/2024,Analyst
49-9044.00,1.A.4.b.1,Hearing Sensitivity,LV,3.38,8,0.183,3.0164,3.7336,N,N,08/2024,Analyst
49-9044.00,1.A.4.b.2,Auditory Attention,IM,3.0,8,0.0,3.0,3.0,N,,08/2024,Analyst
49-9044.00,1.A.4.b.2,Auditory Attention,LV,3.0,8,0.0,3.0,3.0,N,N,08/2024,Analyst
49-9044.00,1.A.4.b.3,Sound Localization,IM,2.12,8,0.125,1.88,2.37,N,,08/2024,Analyst
49-9044.00,1.A.4.b.3,Sound Localization,LV,2.0,8,0.0,2.0,2.0,N,N,08/2024,Analyst
49-9044.00,1.A.4.b.4,Speech Recognition,IM,3.0,8,0.0,3.0,3.0,N,,08/2024,Analyst
49-9044.00,1.A.4.b.4,Speech Recognition,LV,3.0,8,0.0,3.0,3.0,N,N,08/2024,Analyst
49-9044.00,1.A.4.b.5,Speech Clarity,IM,3.0,8,0.0,3.0,3.0,N,,08/2024,Analyst
49-9044.00,1.A.4.b.5,Speech Clarity,LV,3.0,8,0.0,3.0,3.0,N,N,08/2024,Analyst
49-9045.00,1.A.1.a.1,Oral Comprehension,IM,3.38,8,0.2631,2.8594,3.8906,N,,06/2007,Analyst
49-9045.00,1.A.1.a.1,Oral Comprehension,LV,3.0,8,0.189,2.6296,3.3704,N,N,06/2007,Analyst
49-9045.00,1.A.1.a.2,Written Comprehension,IM,2.75,8,0.25,2.26,3.24,N,,06/2007,Analyst
49-9045.00,1.A.1.a.2,Written Comprehension,LV,3.0,8,0.189,2.6296,3.3704,N,N,06/2007,Analyst
49-9045.00,1.A.1.a.3,Oral Expression,IM,3.13,8,0.2266,2.6809,3.5691,N,,06/2007,Analyst
49-9045.00,1.A.1.a.3,Oral Expression,LV,3.0,8,0.189,2.6296,3.3704,N,N,06/2007,Analyst
49-9045.00,1.A.1.a.4,Written Expression,IM,2.63,8,0.183,2.2664,2.9836,N,,06/2007,Analyst
49-9045.00,1.A.1.a.4,Written Expression,LV,2.63,8,0.3239,1.9902,3.2598,N,N,06/2007,Analyst
49-9045.00,1.A.1.b.1,Fluency of Ideas,IM,2.25,8,0.3134,1.6358,2.8642,N,,06/2007,Analyst
49-9045.00,1.A.1.b.1,Fluency of Ideas,LV,1.88,8,0.4407,1.0113,2.7387,N,N,06/2007,Analyst
49-9045.00,1.A.1.b.2,Originality,IM,2.25,8,0.3134,1.6358,2.8642,N,,06/2007,Analyst
49-9045.00,1.A.1.b.2,Originality,LV,1.88,8,0.4407,1.0113,2.7387,N,N,06/2007,Analyst
49-9045.00,1.A.1.b.3,Problem Sensitivity,IM,3.13,8,0.2266,2.6809,3.5691,N,,06/2007,Analyst
49-9045.00,1.A.1.b.3,Problem Sensitivity,LV,2.88,8,0.2266,2.4309,3.3191,N,N,06/2007,Analyst
49-9045.00,1.A.1.b.4,Deductive Reasoning,IM,3.0,8,0.189,2.6296,3.3704,N,,06/2007,Analyst
49-9045.00,1.A.1.b.4,Deductive Reasoning,LV,3.0,8,0.2673,2.4762,3.5238,N,N,06/2007,Analyst
49-9045.00,1.A.1.b.5,Inductive Reasoning,IM,3.0,8,0.189,2.6296,3.3704,N,,06/2007,Analyst
49-9045.00,1.A.1.b.5,Inductive Reasoning,LV,2.88,8,0.2266,2.4309,3.3191,N,N,06/2007,Analyst
49-9045.00,1.A.1.b.6,Information Ordering,IM,2.88,8,0.125,2.63,3.12,N,,06/2007,Analyst
49-9045.00,1.A.1.b.6,Information Ordering,LV,3.13,8,0.125,2.88,3.37,N,N,06/2007,Analyst
49-9045.00,1.A.1.b.7,Category Flexibility,IM,2.88,8,0.125,2.63,3.12,N,,06/2007,Analyst
49-9045.00,1.A.1.b.7,Category Flexibility,LV,2.88,8,0.125,2.63,3.12,N,N,06/2007,Analyst
49-9045.00,1.A.1.c.1,Mathematical Reasoning,IM,2.13,8,0.2266,1.6809,2.5691,N,,06/2007,Analyst
49-9045.00,1.A.1.c.1,Mathematical Reasoning,LV,1.63,8,0.2631,1.1094,2.1406,N,N,06/2007,Analyst
49-9045.00,1.A.1.c.2,Number Facility,IM,2.13,8,0.2266,1.6809,2.5691,N,,06/2007,Analyst
49-9045.00,1.A.1.c.2,Number Facility,LV,1.75,8,0.3134,1.1358,2.3642,N,N,06/2007,Analyst
49-9045.00,1.A.1.d.1,Memorization,IM,1.75,8,0.25,1.26,2.24,N,,06/2007,Analyst
49-9045.00,1.A.1.d.1,Memorization,LV,1.13,8,0.3504,0.4383,1.8117,N,N,06/2007,Analyst
49-9045.00,1.A.1.e.1,Speed of Closure,IM,2.25,8,0.25,1.76,2.74,N,,06/2007,Analyst
49-9045.00,1.A.1.e.1,Speed of Closure,LV,2.0,8,0.3273,1.3584,2.6416,N,N,06/2007,Analyst
49-9045.00,1.A.1.e.2,Flexibility of Closure,IM,2.63,8,0.3239,1.9902,3.2598,N,,06/2007,Analyst
49-9045.00,1.A.1.e.2,Flexibility of Closure,LV,2.5,8,0.4226,1.6717,3.3283,N,N,06/2007,Analyst
49-9045.00,1.A.1.e.3,Perceptual Speed,IM,2.88,8,0.2266,2.4309,3.3191,N,,06/2007,Analyst
49-9045.00,1.A.1.e.3,Perceptual Speed,LV,2.75,8,0.1637,2.4292,3.0708,N,N,06/2007,Analyst
49-9045.00,1.A.1.f.1,Spatial Orientation,IM,2.13,8,0.295,1.5467,2.7033,N,,06/2007,Analyst
49-9045.00,1.A.1.f.1,Spatial Orientation,LV,1.75,8,0.3134,1.1358,2.3642,N,N,06/2007,Analyst
49-9045.00,1.A.1.f.2,Visualization,IM,2.88,8,0.125,2.63,3.12,N,,06/2007,Analyst
49-9045.00,1.A.1.f.2,Visualization,LV,3.0,8,0.189,2.6296,3.3704,N,N,06/2007,Analyst
49-9045.00,1.A.1.g.1,Selective Attention,IM,3.13,8,0.2266,2.6809,3.5691,N,,06/2007,Analyst
49-9045.00,1.A.1.g.1,Selective Attention,LV,3.38,8,0.3239,2.7402,4.0098,N,N,06/2007,Analyst
49-9045.00,1.A.1.g.2,Time Sharing,IM,2.5,8,0.189,2.1296,2.8704,N,,06/2007,Analyst
49-9045.00,1.A.1.g.2,Time Sharing,LV,2.38,8,0.183,2.0164,2.7336,N,N,06/2007,Analyst
49-9045.00,1.A.2.a.1,Arm-Hand Steadiness,IM,3.63,8,0.183,3.2664,3.9836,N,,06/2007,Analyst
49-9045.00,1.A.2.a.1,Arm-Hand Steadiness,LV,3.38,8,0.183,3.0164,3.7336,N,N,06/2007,Analyst
49-9045.00,1.A.2.a.2,Manual Dexterity,IM,3.38,8,0.183,3.0164,3.7336,N,,06/2007,Analyst
49-9045.00,1.A.2.a.2,Manual Dexterity,LV,3.25,8,0.25,2.76,3.74,N,N,06/2007,Analyst
49-9045.00,1.A.2.a.3,Finger Dexterity,IM,3.0,8,0.189,2.6296,3.3704,N,,06/2007,Analyst
49-9045.00,1.A.2.a.3,Finger Dexterity,LV,3.13,8,0.2266,2.6809,3.5691,N,N,06/2007,Analyst
49-9045.00,1.A.2.b.1,Control Precision,IM,3.38,8,0.183,3.0164,3.7336,N,,06/2007,Analyst
49-9045.00,1.A.2.b.1,Control Precision,LV,3.25,8,0.1637,2.9292,3.5708,N,N,06/2007,Analyst
49-9045.00,1.A.2.b.2,Multilimb Coordination,IM,3.38,8,0.2631,2.8594,3.8906,N,,06/2007,Analyst
49-9045.00,1.A.2.b.2,Multilimb Coordination,LV,3.13,8,0.2266,2.6809,3.5691,N,N,06/2007,Analyst
49-9045.00,1.A.2.b.3,Response Orientation,IM,2.38,8,0.2631,1.8594,2.8906,N,,06/2007,Analyst
49-9045.00,1.A.2.b.3,Response Orientation,LV,2.25,8,0.4119,1.4427,3.0573,N,N,06/2007,Analyst
49-9045.00,1.A.2.b.4,Rate Control,IM,2.63,8,0.2631,2.1094,3.1406,N,,06/2007,Analyst
49-9045.00,1.A.2.b.4,Rate Control,LV,2.38,8,0.375,1.64,3.11,N,N,06/2007,Analyst
49-9045.00,1.A.2.c.1,Reaction Time,IM,2.88,8,0.125,2.63,3.12,N,,06/2007,Analyst
49-9045.00,1.A.2.c.1,Reaction Time,LV,3.13,8,0.2266,2.6809,3.5691,N,N,06/2007,Analyst
49-9045.00,1.A.2.c.2,Wrist-Finger Speed,IM,1.88,8,0.2266,1.4309,2.3191,N,,06/2007,Analyst
49-9045.00,1.A.2.c.2,Wrist-Finger Speed,LV,1.88,8,0.4407,1.0113,2.7387,N,N,06/2007,Analyst
49-9045.00,1.A.2.c.3,Speed of Limb Movement,IM,2.13,8,0.3504,1.4383,2.8117,N,,06/2007,Analyst
49-9045.00,1.A.2.c.3,Speed of Limb Movement,LV,1.88,8,0.4795,0.9352,2.8148,N,N,06/2007,Analyst
49-9045.00,1.A.3.a.1,Static Strength,IM,2.75,8,0.4532,1.8618,3.6382,N,,06/2007,Analyst
49-9045.00,1.A.3.a.1,Static Strength,LV,2.38,8,0.5324,1.3314,3.4186,Y,N,06/2007,Analyst
49-9045.00,1.A.3.a.2,Explosive Strength,IM,1.13,8,0.125,1.0,1.37,N,,06/2007,Analyst
49-9045.00,1.A.3.a.2,Explosive Strength,LV,0.38,8,0.375,0.0,1.11,N,Y,06/2007,Analyst
49-9045.00,1.A.3.a.3,Dynamic Strength,IM,2.25,8,0.366,1.5327,2.9673,N,,06/2007,Analyst
49-9045.00,1.A.3.a.3,Dynamic Strength,LV,2.13,8,0.5154,1.1148,3.1352,Y,N,06/2007,Analyst
49-9045.00,1.A.3.a.4,Trunk Strength,IM,3.25,8,0.1637,2.9292,3.5708,N,,06/2007,Analyst
49-9045.00,1.A.3.a.4,Trunk Strength,LV,3.0,8,0.0,3.0,3.0,N,N,06/2007,Analyst
49-9045.00,1.A.3.b.1,Stamina,IM,2.63,8,0.2631,2.1094,3.1406,N,,06/2007,Analyst
49-9045.00,1.A.3.b.1,Stamina,LV,2.38,8,0.3239,1.7402,3.0098,N,N,06/2007,Analyst
49-9045.00,1.A.3.c.1,Extent Flexibility,IM,3.5,8,0.189,3.1296,3.8704,N,,06/2007,Analyst
49-9045.00,1.A.3.c.1,Extent Flexibility,LV,3.38,8,0.3239,2.7402,4.0098,N,N,06/2007,Analyst
49-9045.00,1.A.3.c.2,Dynamic Flexibility,IM,1.13,8,0.125,1.0,1.37,N,,06/2007,Analyst
49-9045.00,1.A.3.c.2,Dynamic Flexibility,LV,0.38,8,0.375,0.0,1.11,N,Y,06/2007,Analyst
49-9045.00,1.A.3.c.3,Gross Body Coordination,IM,2.75,8,0.366,2.0327,3.4673,N,,06/2007,Analyst
49-9045.00,1.A.3.c.3,Gross Body Coordination,LV,2.5,8,0.378,1.7592,3.2408,N,N,06/2007,Analyst
49-9045.00,1.A.3.c.4,Gross Body Equilibrium,IM,3.25,8,0.1637,2.9292,3.5708,N,,06/2007,Analyst
49-9045.00,1.A.3.c.4,Gross Body Equilibrium,LV,2.88,8,0.295,2.2967,3.4533,N,N,06/2007,Analyst
49-9045.00,1.A.4.a.1,Near Vision,IM,3.5,8,0.189,3.1296,3.8704,N,,06/2007,Analyst
49-9045.00,1.A.4.a.1,Near Vision,LV,3.38,8,0.183,3.0164,3.7336,N,N,06/2007,Analyst
49-9045.00,1.A.4.a.2,Far Vision,IM,2.88,8,0.2266,2.4309,3.3191,N,,06/2007,Analyst
49-9045.00,1.A.4.a.2,Far Vision,LV,2.75,8,0.25,2.26,3.24,N,N,06/2007,Analyst
49-9045.00,1.A.4.a.3,Visual Color Discrimination,IM,2.63,8,0.2631,2.1094,3.1406,N,,06/2007,Analyst
49-9045.00,1.A.4.a.3,Visual Color Discrimination,LV,2.5,8,0.378,1.7592,3.2408,N,N,06/2007,Analyst
49-9045.00,1.A.4.a.4,Night Vision,IM,1.88,8,0.3504,1.1883,2.5617,N,,06/2007,Analyst
49-9045.00,1.A.4.a.4,Night Vision,LV,1.25,8,0.4119,0.4427,2.0573,N,N,06/2007,Analyst
49-9045.00,1.A.4.a.5,Peripheral Vision,IM,1.88,8,0.3504,1.1883,2.5617,N,,06/2007,Analyst
49-9045.00,1.A.4.a.5,Peripheral Vision,LV,1.25,8,0.4119,0.4427,2.0573,N,N,06/2007,Analyst
49-9045.00,1.A.4.a.6,Depth Perception,IM,2.63,8,0.183,2.2664,2.9836,N,,06/2007,Analyst
49-9045.00,1.A.4.a.6,Depth Perception,LV,2.88,8,0.2266,2.4309,3.3191,N,N,06/2007,Analyst
49-9045.00,1.A.4.a.7,Glare Sensitivity,IM,2.25,8,0.3134,1.6358,2.8642,N,,06/2007,Analyst
49-9045.00,1.A.4.a.7,Glare Sensitivity,LV,2.13,8,0.3981,1.3447,2.9053,N,N,06/2007,Analyst
49-9045.00,1.A.4.b.1,Hearing Sensitivity,IM,2.63,8,0.183,2.2664,2.9836,N,,06/2007,Analyst
49-9045.00,1.A.4.b.1,Hearing Sensitivity,LV,2.75,8,0.1637,2.4292,3.0708,N,N,06/2007,Analyst
49-9045.00,1.A.4.b.2,Auditory Attention,IM,2.88,8,0.2266,2.4309,3.3191,N,,06/2007,Analyst
49-9045.00,1.A.4.b.2,Auditory Attention,LV,3.0,8,0.3273,2.3584,3.6416,N,N,06/2007,Analyst
49-9045.00,1.A.4.b.3,Sound Localization,IM,1.75,8,0.25,1.26,2.24,N,,06/2007,Analyst
49-9045.00,1.A.4.b.3,Sound Localization,LV,1.25,8,0.4119,0.4427,2.0573,N,N,06/2007,Analyst
49-9045.00,1.A.4.b.4,Speech Recognition,IM,3.0,8,0.189,2.6296,3.3704,N,,06/2007,Analyst
49-9045.00,1.A.4.b.4,Speech Recognition,LV,2.63,8,0.2631,2.1094,3.1406,N,N,06/2007,Analyst
49-9045.00,1.A.4.b.5,Speech Clarity,IM,2.88,8,0.2266,2.4309,3.3191,N,,06/2007,Analyst
49-9045.00,1.A.4.b.5,Speech Clarity,LV,2.75,8,0.25,2.26,3.24,N,N,06/2007,Analyst
49-9051.00,1.A.1.a.1,Oral Comprehension,IM,3.62,8,0.183,3.2664,3.9836,N,,08/2021,Analyst
49-9051.00,1.A.1.a.1,Oral Comprehension,LV,3.88,8,0.125,3.63,4.12,N,N,08/2021,Analyst
49-9051.00,1.A.1.a.2,Written Comprehension,IM,2.88,8,0.125,2.63,3.12,N,,08/2021,Analyst
49-9051.00,1.A.1.a.2,Written Comprehension,LV,2.88,8,0.125,2.63,3.12,N,N,08/2021,Analyst
49-9051.00,1.A.1.a.3,Oral Expression,IM,3.0,8,0.0,3.0,3.0,N,,08/2021,Analyst
49-9051.00,1.A.1.a.3,Oral Expression,LV,3.25,8,0.1637,2.9292,3.5708,N,N,08/2021,Analyst
49-9051.00,1.A.1.a.4,Written Expression,IM,2.62,8,0.183,2.2664,2.9836,N,,08/2021,Analyst
49-9051.00,1.A.1.a.4,Written Expression,LV,2.75,8,0.1637,2.4292,3.0708,N,N,08/2021,Analyst
49-9051.00,1.A.1.b.1,Fluency of Ideas,IM,2.75,8,0.1637,2.4292,3.0708,N,,08/2021,Analyst
49-9051.00,1.A.1.b.1,Fluency of Ideas,LV,2.88,8,0.125,2.63,3.12,N,N,08/2021,Analyst
49-9051.00,1.A.1.b.2,Originality,IM,2.5,8,0.189,2.1296,2.8704,N,,08/2021,Analyst
49-9051.00,1.A.1.b.2,Originality,LV,2.75,8,0.1637,2.4292,3.0708,N,N,08/2021,Analyst
49-9051.00,1.A.1.b.3,Problem Sensitivity,IM,4.0,8,0.0,4.0,4.0,N,,08/2021,Analyst
49-9051.00,1.A.1.b.3,Problem Sensitivity,LV,4.0,8,0.0,4.0,4.0,N,N,08/2021,Analyst
49-9051.00,1.A.1.b.4,Deductive Reasoning,IM,3.75,8,0.1637,3.4292,4.0708,N,,08/2021,Analyst
49-9051.00,1.A.1.b.4,Deductive Reasoning,LV,3.25,8,0.1637,2.9292,3.5708,N,N,08/2021,Analyst
49-9051.00,1.A.1.b.5,Inductive Reasoning,IM,3.5,8,0.2673,2.9762,4.0238,N,,08/2021,Analyst
49-9051.00,1.A.1.b.5,Inductive Reasoning,LV,2.88,8,0.125,2.63,3.12,N,N,08/2021,Analyst
49-9051.00,1.A.1.b.6,Information Ordering,IM,3.62,8,0.183,3.2664,3.9836,N,,08/2021,Analyst
49-9051.00,1.A.1.b.6,Information Ordering,LV,3.88,8,0.125,3.63,4.12,N,N,08/2021,Analyst
49-9051.00,1.A.1.b.7,Category Flexibility,IM,3.0,8,0.0,3.0,3.0,N,,08/2021,Analyst
49-9051.00,1.A.1.b.7,Category Flexibility,LV,3.0,8,0.0,3.0,3.0,N,N,08/2021,Analyst
49-9051.00,1.A.1.c.1,Mathematical Reasoning,IM,2.0,8,0.0,2.0,2.0,N,,08/2021,Analyst
49-9051.00,1.A.1.c.1,Mathematical Reasoning,LV,1.62,8,0.183,1.2664,1.9836,N,N,08/2021,Analyst
49-9051.00,1.A.1.c.2,Number Facility,IM,2.0,8,0.0,2.0,2.0,N,,08/2021,Analyst
49-9051.00,1.A.1.c.2,Number Facility,LV,2.0,8,0.0,2.0,2.0,N,N,08/2021,Analyst
49-9051.00,1.A.1.d.1,Memorization,IM,2.12,8,0.125,1.88,2.37,N,,08/2021,Analyst
49-9051.00,1.A.1.d.1,Memorization,LV,2.0,8,0.0,2.0,2.0,N,N,08/2021,Analyst
49-9051.00,1.A.1.e.1,Speed of Closure,IM,2.5,8,0.189,2.1296,2.8704,N,,08/2021,Analyst
49-9051.00,1.A.1.e.1,Speed of Closure,LV,2.38,8,0.183,2.0164,2.7336,N,N,08/2021,Analyst
49-9051.00,1.A.1.e.2,Flexibility of Closure,IM,3.12,8,0.125,2.88,3.37,N,,08/2021,Analyst
49-9051.00,1.A.1.e.2,Flexibility of Closure,LV,3.12,8,0.125,2.88,3.37,N,N,08/2021,Analyst
49-9051.00,1.A.1.e.3,Perceptual Speed,IM,3.0,8,0.0,3.0,3.0,N,,08/2021,Analyst
49-9051.00,1.A.1.e.3,Perceptual Speed,LV,2.75,8,0.1637,2.4292,3.0708,N,N,08/2021,Analyst
49-9051.00,1.A.1.f.1,Spatial Orientation,IM,2.88,8,0.125,2.63,3.12,N,,08/2021,Analyst
49-9051.00,1.A.1.f.1,Spatial Orientation,LV,2.12,8,0.125,1.88,2.37,N,N,08/2021,Analyst
49-9051.00,1.A.1.f.2,Visualization,IM,3.12,8,0.125,2.88,3.37,N,,08/2021,Analyst
49-9051.00,1.A.1.f.2,Visualization,LV,3.12,8,0.125,2.88,3.37,N,N,08/2021,Analyst
49-9051.00,1.A.1.g.1,Selective Attention,IM,3.0,8,0.0,3.0,3.0,N,,08/2021,Analyst
49-9051.00,1.A.1.g.1,Selective Attention,LV,3.0,8,0.0,3.0,3.0,N,N,08/2021,Analyst
49-9051.00,1.A.1.g.2,Time Sharing,IM,2.75,8,0.1637,2.4292,3.0708,N,,08/2021,Analyst
49-9051.00,1.A.1.g.2,Time Sharing,LV,2.88,8,0.125,2.63,3.12,N,N,08/2021,Analyst
49-9051.00,1.A.2.a.1,Arm-Hand Steadiness,IM,4.0,8,0.0,4.0,4.0,N,,08/2021,Analyst
49-9051.00,1.A.2.a.1,Arm-Hand Steadiness,LV,3.38,8,0.183,3.0164,3.7336,N,N,08/2021,Analyst
49-9051.00,1.A.2.a.2,Manual Dexterity,IM,3.62,8,0.183,3.2664,3.9836,N,,08/2021,Analyst
49-9051.00,1.A.2.a.2,Manual Dexterity,LV,3.38,8,0.183,3.0164,3.7336,N,N,08/2021,Analyst
49-9051.00,1.A.2.a.3,Finger Dexterity,IM,3.62,8,0.183,3.2664,3.9836,N,,08/2021,Analyst
49-9051.00,1.A.2.a.3,Finger Dexterity,LV,3.75,8,0.1637,3.4292,4.0708,N,N,08/2021,Analyst
49-9051.00,1.A.2.b.1,Control Precision,IM,3.75,8,0.1637,3.4292,4.0708,N,,08/2021,Analyst
49-9051.00,1.A.2.b.1,Control Precision,LV,3.75,8,0.1637,3.4292,4.0708,N,N,08/2021,Analyst
49-9051.00,1.A.2.b.2,Multilimb Coordination,IM,4.0,8,0.0,4.0,4.0,N,,08/2021,Analyst
49-9051.00,1.A.2.b.2,Multilimb Coordination,LV,4.0,8,0.0,4.0,4.0,N,N,08/2021,Analyst
49-9051.00,1.A.2.b.3,Response Orientation,IM,3.12,8,0.125,2.88,3.37,N,,08/2021,Analyst
49-9051.00,1.A.2.b.3,Response Orientation,LV,3.12,8,0.125,2.88,3.37,N,N,08/2021,Analyst
49-9051.00,1.A.2.b.4,Rate Control,IM,3.0,8,0.0,3.0,3.0,N,,08/2021,Analyst
49-9051.00,1.A.2.b.4,Rate Control,LV,3.0,8,0.0,3.0,3.0,N,N,08/2021,Analyst
49-9051.00,1.A.2.c.1,Reaction Time,IM,3.12,8,0.125,2.88,3.37,N,,08/2021,Analyst
49-9051.00,1.A.2.c.1,Reaction Time,LV,3.38,8,0.183,3.0164,3.7336,N,N,08/2021,Analyst
49-9051.00,1.A.2.c.2,Wrist-Finger Speed,IM,2.0,8,0.0,2.0,2.0,N,,08/2021,Analyst
49-9051.00,1.A.2.c.2,Wrist-Finger Speed,LV,2.0,8,0.0,2.0,2.0,N,N,08/2021,Analyst
49-9051.00,1.A.2.c.3,Speed of Limb Movement,IM,1.88,8,0.125,1.63,2.12,N,,08/2021,Analyst
49-9051.00,1.A.2.c.3,Speed of Limb Movement,LV,1.75,8,0.25,1.26,2.24,N,N,08/2021,Analyst
49-9051.00,1.A.3.a.1,Static Strength,IM,3.12,8,0.125,2.88,3.37,N,,08/2021,Analyst
49-9051.00,1.A.3.a.1,Static Strength,LV,3.88,8,0.125,3.63,4.12,N,N,08/2021,Analyst
49-9051.00,1.A.3.a.2,Explosive Strength,IM,1.62,8,0.183,1.2664,1.9836,N,,08/2021,Analyst
49-9051.00,1.A.3.a.2,Explosive Strength,LV,1.0,8,0.3273,0.3584,1.6416,N,N,08/2021,Analyst
49-9051.00,1.A.3.a.3,Dynamic Strength,IM,2.38,8,0.183,2.0164,2.7336,N,,08/2021,Analyst
49-9051.00,1.A.3.a.3,Dynamic Strength,LV,2.88,8,0.295,2.2967,3.4533,N,N,08/2021,Analyst
49-9051.00,1.A.3.a.4,Trunk Strength,IM,3.12,8,0.125,2.88,3.37,N,,08/2021,Analyst
49-9051.00,1.A.3.a.4,Trunk Strength,LV,3.12,8,0.125,2.88,3.37,N,N,08/2021,Analyst
49-9051.00,1.A.3.b.1,Stamina,IM,3.12,8,0.125,2.88,3.37,N,,08/2021,Analyst
49-9051.00,1.A.3.b.1,Stamina,LV,3.12,8,0.125,2.88,3.37,N,N,08/2021,Analyst
49-9051.00,1.A.3.c.1,Extent Flexibility,IM,3.12,8,0.125,2.88,3.37,N,,08/2021,Analyst
49-9051.00,1.A.3.c.1,Extent Flexibility,LV,3.75,8,0.1637,3.4292,4.0708,N,N,08/2021,Analyst
49-9051.00,1.A.3.c.2,Dynamic Flexibility,IM,1.75,8,0.1637,1.4292,2.0708,N,,08/2021,Analyst
49-9051.00,1.A.3.c.2,Dynamic Flexibility,LV,0.88,8,0.2266,0.4309,1.3191,N,N,08/2021,Analyst
49-9051.00,1.A.3.c.3,Gross Body Coordination,IM,2.88,8,0.125,2.63,3.12,N,,08/2021,Analyst
49-9051.00,1.A.3.c.3,Gross Body Coordination,LV,2.75,8,0.1637,2.4292,3.0708,N,N,08/2021,Analyst
49-9051.00,1.A.3.c.4,Gross Body Equilibrium,IM,3.12,8,0.125,2.88,3.37,N,,08/2021,Analyst
49-9051.00,1.A.3.c.4,Gross Body Equilibrium,LV,3.0,8,0.0,3.0,3.0,N,N,08/2021,Analyst
49-9051.00,1.A.4.a.1,Near Vision,IM,4.0,8,0.0,4.0,4.0,N,,08/2021,Analyst
49-9051.00,1.A.4.a.1,Near Vision,LV,3.88,8,0.125,3.63,4.12,N,N,08/2021,Analyst
49-9051.00,1.A.4.a.2,Far Vision,IM,3.38,8,0.183,3.0164,3.7336,N,,08/2021,Analyst
49-9051.00,1.A.4.a.2,Far Vision,LV,3.38,8,0.183,3.0164,3.7336,N,N,08/2021,Analyst
49-9051.00,1.A.4.a.3,Visual Color Discrimination,IM,3.0,8,0.189,2.6296,3.3704,N,,08/2021,Analyst
49-9051.00,1.A.4.a.3,Visual Color Discrimination,LV,3.12,8,0.2266,2.6809,3.5691,N,N,08/2021,Analyst
49-9051.00,1.A.4.a.4,Night Vision,IM,1.75,8,0.1637,1.4292,2.0708,N,,08/2021,Analyst
49-9051.00,1.A.4.a.4,Night Vision,LV,1.25,8,0.3134,0.6358,1.8642,N,N,08/2021,Analyst
49-9051.00,1.A.4.a.5,Peripheral Vision,IM,2.12,8,0.125,1.88,2.37,N,,08/2021,Analyst
49-9051.00,1.A.4.a.5,Peripheral Vision,LV,1.62,8,0.183,1.2664,1.9836,N,N,08/2021,Analyst
49-9051.00,1.A.4.a.6,Depth Perception,IM,3.0,8,0.0,3.0,3.0,N,,08/2021,Analyst
49-9051.00,1.A.4.a.6,Depth Perception,LV,3.0,8,0.0,3.0,3.0,N,N,08/2021,Analyst
49-9051.00,1.A.4.a.7,Glare Sensitivity,IM,2.62,8,0.183,2.2664,2.9836,N,,08/2021,Analyst
49-9051.00,1.A.4.a.7,Glare Sensitivity,LV,2.25,8,0.1637,1.9292,2.5708,N,N,08/2021,Analyst
49-9051.00,1.A.4.b.1,Hearing Sensitivity,IM,2.75,8,0.1637,2.4292,3.0708,N,,08/2021,Analyst
49-9051.00,1.A.4.b.1,Hearing Sensitivity,LV,2.38,8,0.183,2.0164,2.7336,N,N,08/2021,Analyst
49-9051.00,1.A.4.b.2,Auditory Attention,IM,2.75,8,0.1637,2.4292,3.0708,N,,08/2021,Analyst
49-9051.00,1.A.4.b.2,Auditory Attention,LV,2.5,8,0.2673,1.9762,3.0238,N,N,08/2021,Analyst
49-9051.00,1.A.4.b.3,Sound Localization,IM,2.0,8,0.0,2.0,2.0,N,,08/2021,Analyst
49-9051.00,1.A.4.b.3,Sound Localization,LV,1.25,8,0.1637,0.9292,1.5708,N,N,08/2021,Analyst
49-9051.00,1.A.4.b.4,Speech Recognition,IM,3.0,8,0.0,3.0,3.0,N,,08/2021,Analyst
49-9051.00,1.A.4.b.4,Speech Recognition,LV,2.88,8,0.125,2.63,3.12,N,N,08/2021,Analyst
49-9051.00,1.A.4.b.5,Speech Clarity,IM,3.0,8,0.0,3.0,3.0,N,,08/2021,Analyst
49-9051.00,1.A.4.b.5,Speech Clarity,LV,2.88,8,0.125,2.63,3.12,N,N,08/2021,Analyst
49-9052.00,1.A.1.a.1,Oral Comprehension,IM,3.62,8,0.183,3.2664,3.9836,N,,07/2015,Analyst
49-9052.00,1.A.1.a.1,Oral Comprehension,LV,3.62,8,0.183,3.2664,3.9836,N,N,07/2015,Analyst
49-9052.00,1.A.1.a.2,Written Comprehension,IM,3.0,8,0.0,3.0,3.0,N,,07/2015,Analyst
49-9052.00,1.A.1.a.2,Written Comprehension,LV,3.0,8,0.0,3.0,3.0,N,N,07/2015,Analyst
49-9052.00,1.A.1.a.3,Oral Expression,IM,3.62,8,0.183,3.2664,3.9836,N,,07/2015,Analyst
49-9052.00,1.A.1.a.3,Oral Expression,LV,3.5,8,0.189,3.1296,3.8704,N,N,07/2015,Analyst
49-9052.00,1.A.1.a.4,Written Expression,IM,2.88,8,0.125,2.63,3.12,N,,07/2015,Analyst
49-9052.00,1.A.1.a.4,Written Expression,LV,2.62,8,0.183,2.2664,2.9836,N,N,07/2015,Analyst
49-9052.00,1.A.1.b.1,Fluency of Ideas,IM,2.5,8,0.189,2.1296,2.8704,N,,07/2015,Analyst
49-9052.00,1.A.1.b.1,Fluency of Ideas,LV,2.38,8,0.183,2.0164,2.7336,N,N,07/2015,Analyst
49-9052.00,1.A.1.b.2,Originality,IM,2.5,8,0.189,2.1296,2.8704,N,,07/2015,Analyst
49-9052.00,1.A.1.b.2,Originality,LV,2.38,8,0.183,2.0164,2.7336,N,N,07/2015,Analyst
49-9052.00,1.A.1.b.3,Problem Sensitivity,IM,3.38,8,0.183,3.0164,3.7336,N,,07/2015,Analyst
49-9052.00,1.A.1.b.3,Problem Sensitivity,LV,3.0,8,0.0,3.0,3.0,N,N,07/2015,Analyst
49-9052.00,1.A.1.b.4,Deductive Reasoning,IM,3.12,8,0.125,2.88,3.37,N,,07/2015,Analyst
49-9052.00,1.A.1.b.4,Deductive Reasoning,LV,3.0,8,0.0,3.0,3.0,N,N,07/2015,Analyst
49-9052.00,1.A.1.b.5,Inductive Reasoning,IM,3.0,8,0.0,3.0,3.0,N,,07/2015,Analyst
49-9052.00,1.A.1.b.5,Inductive Reasoning,LV,3.0,8,0.0,3.0,3.0,N,N,07/2015,Analyst
49-9052.00,1.A.1.b.6,Information Ordering,IM,3.12,8,0.125,2.88,3.37,N,,07/2015,Analyst
49-9052.00,1.A.1.b.6,Information Ordering,LV,2.88,8,0.125,2.63,3.12,N,N,07/2015,Analyst
49-9052.00,1.A.1.b.7,Category Flexibility,IM,2.88,8,0.125,2.63,3.12,N,,07/2015,Analyst
49-9052.00,1.A.1.b.7,Category Flexibility,LV,2.88,8,0.125,2.63,3.12,N,N,07/2015,Analyst
49-9052.00,1.A.1.c.1,Mathematical Reasoning,IM,2.0,8,0.0,2.0,2.0,N,,07/2015,Analyst
49-9052.00,1.A.1.c.1,Mathematical Reasoning,LV,2.0,8,0.0,2.0,2.0,N,N,07/2015,Analyst
49-9052.00,1.A.1.c.2,Number Facility,IM,2.25,8,0.1637,1.9292,2.5708,N,,07/2015,Analyst
49-9052.00,1.A.1.c.2,Number Facility,LV,2.12,8,0.125,1.88,2.37,N,N,07/2015,Analyst
49-9052.00,1.A.1.d.1,Memorization,IM,2.0,8,0.0,2.0,2.0,N,,07/2015,Analyst
49-9052.00,1.A.1.d.1,Memorization,LV,2.0,8,0.0,2.0,2.0,N,N,07/2015,Analyst
49-9052.00,1.A.1.e.1,Speed of Closure,IM,2.25,8,0.1637,1.9292,2.5708,N,,07/2015,Analyst
49-9052.00,1.A.1.e.1,Speed of Closure,LV,2.0,8,0.0,2.0,2.0,N,N,07/2015,Analyst
49-9052.00,1.A.1.e.2,Flexibility of Closure,IM,3.0,8,0.0,3.0,3.0,N,,07/2015,Analyst
49-9052.00,1.A.1.e.2,Flexibility of Closure,LV,3.0,8,0.0,3.0,3.0,N,N,07/2015,Analyst
49-9052.00,1.A.1.e.3,Perceptual Speed,IM,3.0,8,0.0,3.0,3.0,N,,07/2015,Analyst
49-9052.00,1.A.1.e.3,Perceptual Speed,LV,3.0,8,0.0,3.0,3.0,N,N,07/2015,Analyst
49-9052.00,1.A.1.f.1,Spatial Orientation,IM,2.25,8,0.1637,1.9292,2.5708,N,,07/2015,Analyst
49-9052.00,1.A.1.f.1,Spatial Orientation,LV,2.0,8,0.0,2.0,2.0,N,N,07/2015,Analyst
49-9052.00,1.A.1.f.2,Visualization,IM,3.0,8,0.189,2.6296,3.3704,N,,07/2015,Analyst
49-9052.00,1.A.1.f.2,Visualization,LV,3.12,8,0.125,2.88,3.37,N,N,07/2015,Analyst
49-9052.00,1.A.1.g.1,Selective Attention,IM,3.0,8,0.0,3.0,3.0,N,,07/2015,Analyst
49-9052.00,1.A.1.g.1,Selective Attention,LV,2.88,8,0.125,2.63,3.12,N,N,07/2015,Analyst
49-9052.00,1.A.1.g.2,Time Sharing,IM,2.88,8,0.125,2.63,3.12,N,,07/2015,Analyst
49-9052.00,1.A.1.g.2,Time Sharing,LV,2.62,8,0.183,2.2664,2.9836,N,N,07/2015,Analyst
49-9052.00,1.A.2.a.1,Arm-Hand Steadiness,IM,3.38,8,0.183,3.0164,3.7336,N,,07/2015,Analyst
49-9052.00,1.A.2.a.1,Arm-Hand Steadiness,LV,3.12,8,0.125,2.88,3.37,N,N,07/2015,Analyst
49-9052.00,1.A.2.a.2,Manual Dexterity,IM,3.25,8,0.1637,2.9292,3.5708,N,,07/2015,Analyst
49-9052.00,1.A.2.a.2,Manual Dexterity,LV,3.12,8,0.125,2.88,3.37,N,N,07/2015,Analyst
49-9052.00,1.A.2.a.3,Finger Dexterity,IM,3.0,8,0.0,3.0,3.0,N,,07/2015,Analyst
49-9052.00,1.A.2.a.3,Finger Dexterity,LV,3.0,8,0.0,3.0,3.0,N,N,07/2015,Analyst
49-9052.00,1.A.2.b.1,Control Precision,IM,3.0,8,0.0,3.0,3.0,N,,07/2015,Analyst
49-9052.00,1.A.2.b.1,Control Precision,LV,3.62,8,0.183,3.2664,3.9836,N,N,07/2015,Analyst
49-9052.00,1.A.2.b.2,Multilimb Coordination,IM,3.25,8,0.1637,2.9292,3.5708,N,,07/2015,Analyst
49-9052.00,1.A.2.b.2,Multilimb Coordination,LV,3.38,8,0.183,3.0164,3.7336,N,N,07/2015,Analyst
49-9052.00,1.A.2.b.3,Response Orientation,IM,2.62,8,0.183,2.2664,2.9836,N,,07/2015,Analyst
49-9052.00,1.A.2.b.3,Response Orientation,LV,2.62,8,0.183,2.2664,2.9836,N,N,07/2015,Analyst
49-9052.00,1.A.2.b.4,Rate Control,IM,2.0,8,0.189,1.6296,2.3704,N,,07/2015,Analyst
49-9052.00,1.A.2.b.4,Rate Control,LV,1.75,8,0.25,1.26,2.24,N,N,07/2015,Analyst
49-9052.00,1.A.2.c.1,Reaction Time,IM,2.62,8,0.183,2.2664,2.9836,N,,07/2015,Analyst
49-9052.00,1.A.2.c.1,Reaction Time,LV,2.38,8,0.183,2.0164,2.7336,N,N,07/2015,Analyst
49-9052.00,1.A.2.c.2,Wrist-Finger Speed,IM,2.0,8,0.0,2.0,2.0,N,,07/2015,Analyst
49-9052.00,1.A.2.c.2,Wrist-Finger Speed,LV,1.88,8,0.125,1.63,2.12,N,N,07/2015,Analyst
49-9052.00,1.A.2.c.3,Speed of Limb Movement,IM,1.88,8,0.125,1.63,2.12,N,,07/2015,Analyst
49-9052.00,1.A.2.c.3,Speed of Limb Movement,LV,1.62,8,0.2631,1.1094,2.1406,N,N,07/2015,Analyst
49-9052.00,1.A.3.a.1,Static Strength,IM,3.0,8,0.0,3.0,3.0,N,,07/2015,Analyst
49-9052.00,1.A.3.a.1,Static Strength,LV,3.0,8,0.0,3.0,3.0,N,N,07/2015,Analyst
49-9052.00,1.A.3.a.2,Explosive Strength,IM,1.75,8,0.1637,1.4292,2.0708,N,,07/2015,Analyst
49-9052.00,1.A.3.a.2,Explosive Strength,LV,1.0,8,0.2673,0.4762,1.5238,N,N,07/2015,Analyst
49-9052.00,1.A.3.a.3,Dynamic Strength,IM,2.38,8,0.2631,1.8594,2.8906,N,,07/2015,Analyst
49-9052.00,1.A.3.a.3,Dynamic Strength,LV,2.25,8,0.1637,1.9292,2.5708,N,N,07/2015,Analyst
49-9052.00,1.A.3.a.4,Trunk Strength,IM,3.12,8,0.125,2.88,3.37,N,,07/2015,Analyst
49-9052.00,1.A.3.a.4,Trunk Strength,LV,2.88,8,0.125,2.63,3.12,N,N,07/2015,Analyst
49-9052.00,1.A.3.b.1,Stamina,IM,2.38,8,0.183,2.0164,2.7336,N,,07/2015,Analyst
49-9052.00,1.A.3.b.1,Stamina,LV,2.12,8,0.125,1.88,2.37,N,N,07/2015,Analyst
49-9052.00,1.A.3.c.1,Extent Flexibility,IM,3.38,8,0.183,3.0164,3.7336,N,,07/2015,Analyst
49-9052.00,1.A.3.c.1,Extent Flexibility,LV,3.75,8,0.1637,3.4292,4.0708,N,N,07/2015,Analyst
49-9052.00,1.A.3.c.2,Dynamic Flexibility,IM,1.75,8,0.1637,1.4292,2.0708,N,,07/2015,Analyst
49-9052.00,1.A.3.c.2,Dynamic Flexibility,LV,0.75,8,0.1637,0.4292,1.0708,N,N,07/2015,Analyst
49-9052.00,1.A.3.c.3,Gross Body Coordination,IM,2.62,8,0.183,2.2664,2.9836,N,,07/2015,Analyst
49-9052.00,1.A.3.c.3,Gross Body Coordination,LV,2.12,8,0.125,1.88,2.37,N,N,07/2015,Analyst
49-9052.00,1.A.3.c.4,Gross Body Equilibrium,IM,2.88,8,0.125,2.63,3.12,N,,07/2015,Analyst
49-9052.00,1.A.3.c.4,Gross Body Equilibrium,LV,2.75,8,0.1637,2.4292,3.0708,N,N,07/2015,Analyst
49-9052.00,1.A.4.a.1,Near Vision,IM,3.62,8,0.183,3.2664,3.9836,N,,07/2015,Analyst
49-9052.00,1.A.4.a.1,Near Vision,LV,3.38,8,0.183,3.0164,3.7336,N,N,07/2015,Analyst
49-9052.00,1.A.4.a.2,Far Vision,IM,3.0,8,0.0,3.0,3.0,N,,07/2015,Analyst
49-9052.00,1.A.4.a.2,Far Vision,LV,2.88,8,0.125,2.63,3.12,N,N,07/2015,Analyst
49-9052.00,1.A.4.a.3,Visual Color Discrimination,IM,2.75,8,0.1637,2.4292,3.0708,N,,07/2015,Analyst
49-9052.00,1.A.4.a.3,Visual Color Discrimination,LV,3.25,8,0.1637,2.9292,3.5708,N,N,07/2015,Analyst
49-9052.00,1.A.4.a.4,Night Vision,IM,1.88,8,0.125,1.63,2.12,N,,07/2015,Analyst
49-9052.00,1.A.4.a.4,Night Vision,LV,1.5,8,0.2673,0.9762,2.0238,N,N,07/2015,Analyst
49-9052.00,1.A.4.a.5,Peripheral Vision,IM,2.0,8,0.0,2.0,2.0,N,,07/2015,Analyst
49-9052.00,1.A.4.a.5,Peripheral Vision,LV,1.75,8,0.1637,1.4292,2.0708,N,N,07/2015,Analyst
49-9052.00,1.A.4.a.6,Depth Perception,IM,2.75,8,0.1637,2.4292,3.0708,N,,07/2015,Analyst
49-9052.00,1.A.4.a.6,Depth Perception,LV,2.75,8,0.1637,2.4292,3.0708,N,N,07/2015,Analyst
49-9052.00,1.A.4.a.7,Glare Sensitivity,IM,2.0,8,0.0,2.0,2.0,N,,07/2015,Analyst
49-9052.00,1.A.4.a.7,Glare Sensitivity,LV,1.88,8,0.125,1.63,2.12,N,N,07/2015,Analyst
49-9052.00,1.A.4.b.1,Hearing Sensitivity,IM,2.38,8,0.183,2.0164,2.7336,N,,07/2015,Analyst
49-9052.00,1.A.4.b.1,Hearing Sensitivity,LV,2.12,8,0.125,1.88,2.37,N,N,07/2015,Analyst
49-9052.00,1.A.4.b.2,Auditory Attention,IM,2.62,8,0.183,2.2664,2.9836,N,,07/2015,Analyst
49-9052.00,1.A.4.b.2,Auditory Attention,LV,2.38,8,0.183,2.0164,2.7336,N,N,07/2015,Analyst
49-9052.00,1.A.4.b.3,Sound Localization,IM,2.0,8,0.0,2.0,2.0,N,,07/2015,Analyst
49-9052.00,1.A.4.b.3,Sound Localization,LV,1.88,8,0.125,1.63,2.12,N,N,07/2015,Analyst
49-9052.00,1.A.4.b.4,Speech Recognition,IM,2.88,8,0.125,2.63,3.12,N,,07/2015,Analyst
49-9052.00,1.A.4.b.4,Speech Recognition,LV,2.75,8,0.1637,2.4292,3.0708,N,N,07/2015,Analyst
49-9052.00,1.A.4.b.5,Speech Clarity,IM,3.0,8,0.0,3.0,3.0,N,,07/2015,Analyst
49-9052.00,1.A.4.b.5,Speech Clarity,LV,2.75,8,0.1637,2.4292,3.0708,N,N,07/2015,Analyst
49-9061.00,1.A.1.a.1,Oral Comprehension,IM,3.0,8,0.0,3.0,3.0,N,,07/2015,Analyst
49-9061.00,1.A.1.a.1,Oral Comprehension,LV,3.38,8,0.183,3.0164,3.7336,N,N,07/2015,Analyst
49-9061.00,1.A.1.a.2,Written Comprehension,IM,3.25,8,0.1637,2.9292,3.5708,N,,07/2015,Analyst
49-9061.00,1.A.1.a.2,Written Comprehension,LV,3.38,8,0.183,3.0164,3.7336,N,N,07/2015,Analyst
49-9061.00,1.A.1.a.3,Oral Expression,IM,3.0,8,0.0,3.0,3.0,N,,07/2015,Analyst
49-9061.00,1.A.1.a.3,Oral Expression,LV,3.25,8,0.1637,2.9292,3.5708,N,N,07/2015,Analyst
49-9061.00,1.A.1.a.4,Written Expression,IM,2.38,8,0.183,2.0164,2.7336,N,,07/2015,Analyst
49-9061.00,1.A.1.a.4,Written Expression,LV,2.5,8,0.189,2.1296,2.8704,N,N,07/2015,Analyst
49-9061.00,1.A.1.b.1,Fluency of Ideas,IM,2.38,8,0.183,2.0164,2.7336,N,,07/2015,Analyst
49-9061.00,1.A.1.b.1,Fluency of Ideas,LV,2.38,8,0.183,2.0164,2.7336,N,N,07/2015,Analyst
49-9061.00,1.A.1.b.2,Originality,IM,2.75,8,0.1637,2.4292,3.0708,N,,07/2015,Analyst
49-9061.00,1.A.1.b.2,Originality,LV,2.62,8,0.183,2.2664,2.9836,N,N,07/2015,Analyst
49-9061.00,1.A.1.b.3,Problem Sensitivity,IM,3.38,8,0.183,3.0164,3.7336,N,,07/2015,Analyst
49-9061.00,1.A.1.b.3,Problem Sensitivity,LV,3.38,8,0.183,3.0164,3.7336,N,N,07/2015,Analyst
49-9061.00,1.A.1.b.4,Deductive Reasoning,IM,3.12,8,0.125,2.88,3.37,N,,07/2015,Analyst
49-9061.00,1.A.1.b.4,Deductive Reasoning,LV,3.25,8,0.1637,2.9292,3.5708,N,N,07/2015,Analyst
49-9061.00,1.A.1.b.5,Inductive Reasoning,IM,3.12,8,0.125,2.88,3.37,N,,07/2015,Analyst
49-9061.00,1.A.1.b.5,Inductive Reasoning,LV,3.25,8,0.1637,2.9292,3.5708,N,N,07/2015,Analyst
49-9061.00,1.A.1.b.6,Information Ordering,IM,3.12,8,0.125,2.88,3.37,N,,07/2015,Analyst
49-9061.00,1.A.1.b.6,Information Ordering,LV,3.38,8,0.183,3.0164,3.7336,N,N,07/2015,Analyst
49-9061.00,1.A.1.b.7,Category Flexibility,IM,2.88,8,0.125,2.63,3.12,N,,07/2015,Analyst
49-9061.00,1.A.1.b.7,Category Flexibility,LV,3.0,8,0.0,3.0,3.0,N,N,07/2015,Analyst
49-9061.00,1.A.1.c.1,Mathematical Reasoning,IM,2.38,8,0.183,2.0164,2.7336,N,,07/2015,Analyst
49-9061.00,1.A.1.c.1,Mathematical Reasoning,LV,2.25,8,0.1637,1.9292,2.5708,N,N,07/2015,Analyst
49-9061.00,1.A.1.c.2,Number Facility,IM,2.62,8,0.183,2.2664,2.9836,N,,07/2015,Analyst
49-9061.00,1.A.1.c.2,Number Facility,LV,2.62,8,0.183,2.2664,2.9836,N,N,07/2015,Analyst
49-9061.00,1.A.1.d.1,Memorization,IM,2.5,8,0.189,2.1296,2.8704,N,,07/2015,Analyst
49-9061.00,1.A.1.d.1,Memorization,LV,2.38,8,0.183,2.0164,2.7336,N,N,07/2015,Analyst
49-9061.00,1.A.1.e.1,Speed of Closure,IM,2.5,8,0.189,2.1296,2.8704,N,,07/2015,Analyst
49-9061.00,1.A.1.e.1,Speed of Closure,LV,2.38,8,0.183,2.0164,2.7336,N,N,07/2015,Analyst
49-9061.00,1.A.1.e.2,Flexibility of Closure,IM,2.75,8,0.1637,2.4292,3.0708,N,,07/2015,Analyst
49-9061.00,1.A.1.e.2,Flexibility of Closure,LV,2.75,8,0.1637,2.4292,3.0708,N,N,07/2015,Analyst
49-9061.00,1.A.1.e.3,Perceptual Speed,IM,2.88,8,0.125,2.63,3.12,N,,07/2015,Analyst
49-9061.00,1.A.1.e.3,Perceptual Speed,LV,2.88,8,0.125,2.63,3.12,N,N,07/2015,Analyst
49-9061.00,1.A.1.f.1,Spatial Orientation,IM,1.0,8,0.0,1.0,1.0,N,,07/2015,Analyst
49-9061.00,1.A.1.f.1,Spatial Orientation,LV,0.0,8,0.0,0.0,0.0,N,Y,07/2015,Analyst
49-9061.00,1.A.1.f.2,Visualization,IM,3.75,8,0.1637,3.4292,4.0708,N,,07/2015,Analyst
49-9061.00,1.A.1.f.2,Visualization,LV,3.75,8,0.1637,3.4292,4.0708,N,N,07/2015,Analyst
49-9061.00,1.A.1.g.1,Selective Attention,IM,3.12,8,0.125,2.88,3.37,N,,07/2015,Analyst
49-9061.00,1.A.1.g.1,Selective Attention,LV,2.75,8,0.1637,2.4292,3.0708,N,N,07/2015,Analyst
49-9061.00,1.A.1.g.2,Time Sharing,IM,2.38,8,0.183,2.0164,2.7336,N,,07/2015,Analyst
49-9061.00,1.A.1.g.2,Time Sharing,LV,2.0,8,0.0,2.0,2.0,N,N,07/2015,Analyst
49-9061.00,1.A.2.a.1,Arm-Hand Steadiness,IM,3.38,8,0.183,3.0164,3.7336,N,,07/2015,Analyst
49-9061.00,1.A.2.a.1,Arm-Hand Steadiness,LV,3.75,8,0.1637,3.4292,4.0708,N,N,07/2015,Analyst
49-9061.00,1.A.2.a.2,Manual Dexterity,IM,3.25,8,0.1637,2.9292,3.5708,N,,07/2015,Analyst
49-9061.00,1.A.2.a.2,Manual Dexterity,LV,3.25,8,0.1637,2.9292,3.5708,N,N,07/2015,Analyst
49-9061.00,1.A.2.a.3,Finger Dexterity,IM,3.62,8,0.183,3.2664,3.9836,N,,07/2015,Analyst
49-9061.00,1.A.2.a.3,Finger Dexterity,LV,3.88,8,0.125,3.63,4.12,N,N,07/2015,Analyst
49-9061.00,1.A.2.b.1,Control Precision,IM,3.0,8,0.0,3.0,3.0,N,,07/2015,Analyst
49-9061.00,1.A.2.b.1,Control Precision,LV,3.25,8,0.1637,2.9292,3.5708,N,N,07/2015,Analyst
49-9061.00,1.A.2.b.2,Multilimb Coordination,IM,2.38,8,0.183,2.0164,2.7336,N,,07/2015,Analyst
49-9061.00,1.A.2.b.2,Multilimb Coordination,LV,2.12,8,0.2266,1.6809,2.5691,N,N,07/2015,Analyst
49-9061.00,1.A.2.b.3,Response Orientation,IM,1.88,8,0.2266,1.4309,2.3191,N,,07/2015,Analyst
49-9061.00,1.A.2.b.3,Response Orientation,LV,1.25,8,0.3134,0.6358,1.8642,N,N,07/2015,Analyst
49-9061.00,1.A.2.b.4,Rate Control,IM,1.38,8,0.183,1.0164,1.7336,N,,07/2015,Analyst
49-9061.00,1.A.2.b.4,Rate Control,LV,0.5,8,0.2673,0.0,1.0238,N,N,07/2015,Analyst
49-9061.00,1.A.2.c.1,Reaction Time,IM,1.5,8,0.189,1.1296,1.8704,N,,07/2015,Analyst
49-9061.00,1.A.2.c.1,Reaction Time,LV,0.75,8,0.3134,0.1358,1.3642,N,N,07/2015,Analyst
49-9061.00,1.A.2.c.2,Wrist-Finger Speed,IM,1.38,8,0.183,1.0164,1.7336,N,,07/2015,Analyst
49-9061.00,1.A.2.c.2,Wrist-Finger Speed,LV,0.75,8,0.366,0.0327,1.4673,N,N,07/2015,Analyst
49-9061.00,1.A.2.c.3,Speed of Limb Movement,IM,1.0,8,0.0,1.0,1.0,N,,07/2015,Analyst
49-9061.00,1.A.2.c.3,Speed of Limb Movement,LV,0.0,8,0.0,0.0,0.0,N,Y,07/2015,Analyst
49-9061.00,1.A.3.a.1,Static Strength,IM,2.0,8,0.0,2.0,2.0,N,,07/2015,Analyst
49-9061.00,1.A.3.a.1,Static Strength,LV,1.62,8,0.183,1.2664,1.9836,N,N,07/2015,Analyst
49-9061.00,1.A.3.a.2,Explosive Strength,IM,1.38,8,0.183,1.0164,1.7336,N,,07/2015,Analyst
49-9061.00,1.A.3.a.2,Explosive Strength,LV,0.38,8,0.183,0.0164,0.7336,N,N,07/2015,Analyst
49-9061.00,1.A.3.a.3,Dynamic Strength,IM,1.25,8,0.1637,1.0,1.5708,N,,07/2015,Analyst
49-9061.00,1.A.3.a.3,Dynamic Strength,LV,0.25,8,0.1637,0.0,0.5708,N,Y,07/2015,Analyst
49-9061.00,1.A.3.a.4,Trunk Strength,IM,2.12,8,0.125,1.88,2.37,N,,07/2015,Analyst
49-9061.00,1.A.3.a.4,Trunk Strength,LV,1.88,8,0.125,1.63,2.12,N,N,07/2015,Analyst
49-9061.00,1.A.3.b.1,Stamina,IM,1.0,8,0.0,1.0,1.0,N,,07/2015,Analyst
49-9061.00,1.A.3.b.1,Stamina,LV,0.0,8,0.0,0.0,0.0,N,Y,07/2015,Analyst
49-9061.00,1.A.3.c.1,Extent Flexibility,IM,1.5,8,0.189,1.1296,1.8704,N,,07/2015,Analyst
49-9061.00,1.A.3.c.1,Extent Flexibility,LV,1.0,8,0.4226,0.1717,1.8283,N,N,07/2015,Analyst
49-9061.00,1.A.3.c.2,Dynamic Flexibility,IM,1.0,8,0.0,1.0,1.0,N,,07/2015,Analyst
49-9061.00,1.A.3.c.2,Dynamic Flexibility,LV,0.0,8,0.0,0.0,0.0,N,Y,07/2015,Analyst
49-9061.00,1.A.3.c.3,Gross Body Coordination,IM,1.0,8,0.0,1.0,1.0,N,,07/2015,Analyst
49-9061.00,1.A.3.c.3,Gross Body Coordination,LV,0.0,8,0.0,0.0,0.0,N,Y,07/2015,Analyst
49-9061.00,1.A.3.c.4,Gross Body Equilibrium,IM,1.0,8,0.0,1.0,1.0,N,,07/2015,Analyst
49-9061.00,1.A.3.c.4,Gross Body Equilibrium,LV,0.0,8,0.0,0.0,0.0,N,Y,07/2015,Analyst
49-9061.00,1.A.4.a.1,Near Vision,IM,3.88,8,0.125,3.63,4.12,N,,07/2015,Analyst
49-9061.00,1.A.4.a.1,Near Vision,LV,4.0,8,0.0,4.0,4.0,N,N,07/2015,Analyst
49-9061.00,1.A.4.a.2,Far Vision,IM,3.0,8,0.0,3.0,3.0,N,,07/2015,Analyst
49-9061.00,1.A.4.a.2,Far Vision,LV,3.5,8,0.189,3.1296,3.8704,N,N,07/2015,Analyst
49-9061.00,1.A.4.a.3,Visual Color Discrimination,IM,3.0,8,0.2673,2.4762,3.5238,N,,07/2015,Analyst
49-9061.00,1.A.4.a.3,Visual Color Discrimination,LV,3.25,8,0.1637,2.9292,3.5708,N,N,07/2015,Analyst
49-9061.00,1.A.4.a.4,Night Vision,IM,1.0,8,0.0,1.0,1.0,N,,07/2015,Analyst
49-9061.00,1.A.4.a.4,Night Vision,LV,0.0,8,0.0,0.0,0.0,N,Y,07/2015,Analyst
49-9061.00,1.A.4.a.5,Peripheral Vision,IM,1.0,8,0.0,1.0,1.0,N,,07/2015,Analyst
49-9061.00,1.A.4.a.5,Peripheral Vision,LV,0.0,8,0.0,0.0,0.0,N,Y,07/2015,Analyst
49-9061.00,1.A.4.a.6,Depth Perception,IM,2.5,8,0.189,2.1296,2.8704,N,,07/2015,Analyst
49-9061.00,1.A.4.a.6,Depth Perception,LV,2.5,8,0.189,2.1296,2.8704,N,N,07/2015,Analyst
49-9061.00,1.A.4.a.7,Glare Sensitivity,IM,1.0,8,0.0,1.0,1.0,N,,07/2015,Analyst
49-9061.00,1.A.4.a.7,Glare Sensitivity,LV,0.0,8,0.0,0.0,0.0,N,Y,07/2015,Analyst
49-9061.00,1.A.4.b.1,Hearing Sensitivity,IM,2.25,8,0.25,1.76,2.74,N,,07/2015,Analyst
49-9061.00,1.A.4.b.1,Hearing Sensitivity,LV,2.0,8,0.3273,1.3584,2.6416,N,N,07/2015,Analyst
49-9061.00,1.A.4.b.2,Auditory Attention,IM,2.0,8,0.0,2.0,2.0,N,,07/2015,Analyst
49-9061.00,1.A.4.b.2,Auditory Attention,LV,2.12,8,0.125,1.88,2.37,N,N,07/2015,Analyst
49-9061.00,1.A.4.b.3,Sound Localization,IM,1.0,8,0.0,1.0,1.0,N,,07/2015,Analyst
49-9061.00,1.A.4.b.3,Sound Localization,LV,0.0,8,0.0,0.0,0.0,N,Y,07/2015,Analyst
49-9061.00,1.A.4.b.4,Speech Recognition,IM,3.0,8,0.0,3.0,3.0,N,,07/2015,Analyst
49-9061.00,1.A.4.b.4,Speech Recognition,LV,2.88,8,0.125,2.63,3.12,N,N,07/2015,Analyst
49-9061.00,1.A.4.b.5,Speech Clarity,IM,3.0,8,0.0,3.0,3.0,N,,07/2015,Analyst
49-9061.00,1.A.4.b.5,Speech Clarity,LV,3.0,8,0.0,3.0,3.0,N,N,07/2015,Analyst
49-9062.00,1.A.1.a.1,Oral Comprehension,IM,3.12,8,0.125,2.88,3.37,N,,08/2023,Analyst
49-9062.00,1.A.1.a.1,Oral Comprehension,LV,3.88,8,0.125,3.63,4.12,N,N,08/2023,Analyst
49-9062.00,1.A.1.a.2,Written Comprehension,IM,3.25,8,0.1637,2.9292,3.5708,N,,08/2023,Analyst
49-9062.00,1.A.1.a.2,Written Comprehension,LV,3.75,8,0.1637,3.4292,4.0708,N,N,08/2023,Analyst
49-9062.00,1.A.1.a.3,Oral Expression,IM,3.0,8,0.0,3.0,3.0,N,,08/2023,Analyst
49-9062.00,1.A.1.a.3,Oral Expression,LV,4.0,8,0.0,4.0,4.0,N,N,08/2023,Analyst
49-9062.00,1.A.1.a.4,Written Expression,IM,3.0,8,0.0,3.0,3.0,N,,08/2023,Analyst
49-9062.00,1.A.1.a.4,Written Expression,LV,3.0,8,0.0,3.0,3.0,N,N,08/2023,Analyst
49-9062.00,1.A.1.b.1,Fluency of Ideas,IM,2.75,8,0.1637,2.4292,3.0708,N,,08/2023,Analyst
49-9062.00,1.A.1.b.1,Fluency of Ideas,LV,2.88,8,0.125,2.63,3.12,N,N,08/2023,Analyst
49-9062.00,1.A.1.b.2,Originality,IM,2.5,8,0.189,2.1296,2.8704,N,,08/2023,Analyst
49-9062.00,1.A.1.b.2,Originality,LV,2.88,8,0.125,2.63,3.12,N,N,08/2023,Analyst
49-9062.00,1.A.1.b.3,Problem Sensitivity,IM,3.75,8,0.1637,3.4292,4.0708,N,,08/2023,Analyst
49-9062.00,1.A.1.b.3,Problem Sensitivity,LV,3.25,8,0.1637,2.9292,3.5708,N,N,08/2023,Analyst
49-9062.00,1.A.1.b.4,Deductive Reasoning,IM,3.38,8,0.183,3.0164,3.7336,N,,08/2023,Analyst
49-9062.00,1.A.1.b.4,Deductive Reasoning,LV,3.5,8,0.189,3.1296,3.8704,N,N,08/2023,Analyst
49-9062.00,1.A.1.b.5,Inductive Reasoning,IM,3.25,8,0.1637,2.9292,3.5708,N,,08/2023,Analyst
49-9062.00,1.A.1.b.5,Inductive Reasoning,LV,3.25,8,0.1637,2.9292,3.5708,N,N,08/2023,Analyst
49-9062.00,1.A.1.b.6,Information Ordering,IM,3.25,8,0.1637,2.9292,3.5708,N,,08/2023,Analyst
49-9062.00,1.A.1.b.6,Information Ordering,LV,4.0,8,0.0,4.0,4.0,N,N,08/2023,Analyst
49-9062.00,1.A.1.b.7,Category Flexibility,IM,3.0,8,0.0,3.0,3.0,N,,08/2023,Analyst
49-9062.00,1.A.1.b.7,Category Flexibility,LV,3.0,8,0.0,3.0,3.0,N,N,08/2023,Analyst
49-9062.00,1.A.1.c.1,Mathematical Reasoning,IM,2.75,8,0.1637,2.4292,3.0708,N,,08/2023,Analyst
49-9062.00,1.A.1.c.1,Mathematical Reasoning,LV,2.75,8,0.1637,2.4292,3.0708,N,N,08/2023,Analyst
49-9062.00,1.A.1.c.2,Number Facility,IM,2.88,8,0.125,2.63,3.12,N,,08/2023,Analyst
49-9062.00,1.A.1.c.2,Number Facility,LV,2.88,8,0.125,2.63,3.12,N,N,08/2023,Analyst
49-9062.00,1.A.1.d.1,Memorization,IM,2.88,8,0.125,2.63,3.12,N,,08/2023,Analyst
49-9062.00,1.A.1.d.1,Memorization,LV,2.75,8,0.1637,2.4292,3.0708,N,N,08/2023,Analyst
49-9062.00,1.A.1.e.1,Speed of Closure,IM,2.88,8,0.125,2.63,3.12,N,,08/2023,Analyst
49-9062.00,1.A.1.e.1,Speed of Closure,LV,3.0,8,0.0,3.0,3.0,N,N,08/2023,Analyst
49-9062.00,1.A.1.e.2,Flexibility of Closure,IM,3.0,8,0.189,2.6296,3.3704,N,,08/2023,Analyst
49-9062.00,1.A.1.e.2,Flexibility of Closure,LV,3.25,8,0.1637,2.9292,3.5708,N,N,08/2023,Analyst
49-9062.00,1.A.1.e.3,Perceptual Speed,IM,3.0,8,0.0,3.0,3.0,N,,08/2023,Analyst
49-9062.00,1.A.1.e.3,Perceptual Speed,LV,3.0,8,0.0,3.0,3.0,N,N,08/2023,Analyst
49-9062.00,1.A.1.f.1,Spatial Orientation,IM,2.0,8,0.0,2.0,2.0,N,,08/2023,Analyst
49-9062.00,1.A.1.f.1,Spatial Orientation,LV,1.25,8,0.1637,0.9292,1.5708,N,N,08/2023,Analyst
49-9062.00,1.A.1.f.2,Visualization,IM,3.25,8,0.1637,2.9292,3.5708,N,,08/2023,Analyst
49-9062.00,1.A.1.f.2,Visualization,LV,4.0,8,0.0,4.0,4.0,N,N,08/2023,Analyst
49-9062.00,1.A.1.g.1,Selective Attention,IM,3.0,8,0.0,3.0,3.0,N,,08/2023,Analyst
49-9062.00,1.A.1.g.1,Selective Attention,LV,3.0,8,0.0,3.0,3.0,N,N,08/2023,Analyst
49-9062.00,1.A.1.g.2,Time Sharing,IM,2.25,8,0.1637,1.9292,2.5708,N,,08/2023,Analyst
49-9062.00,1.A.1.g.2,Time Sharing,LV,2.25,8,0.1637,1.9292,2.5708,N,N,08/2023,Analyst
49-9062.00,1.A.2.a.1,Arm-Hand Steadiness,IM,3.25,8,0.1637,2.9292,3.5708,N,,08/2023,Analyst
49-9062.00,1.A.2.a.1,Arm-Hand Steadiness,LV,3.38,8,0.183,3.0164,3.7336,N,N,08/2023,Analyst
49-9062.00,1.A.2.a.2,Manual Dexterity,IM,3.25,8,0.1637,2.9292,3.5708,N,,08/2023,Analyst
49-9062.00,1.A.2.a.2,Manual Dexterity,LV,3.12,8,0.125,2.88,3.37,N,N,08/2023,Analyst
49-9062.00,1.A.2.a.3,Finger Dexterity,IM,3.62,8,0.183,3.2664,3.9836,N,,08/2023,Analyst
49-9062.00,1.A.2.a.3,Finger Dexterity,LV,4.0,8,0.0,4.0,4.0,N,N,08/2023,Analyst
49-9062.00,1.A.2.b.1,Control Precision,IM,3.12,8,0.125,2.88,3.37,N,,08/2023,Analyst
49-9062.00,1.A.2.b.1,Control Precision,LV,3.25,8,0.1637,2.9292,3.5708,N,N,08/2023,Analyst
49-9062.00,1.A.2.b.2,Multilimb Coordination,IM,2.88,8,0.125,2.63,3.12,N,,08/2023,Analyst
49-9062.00,1.A.2.b.2,Multilimb Coordination,LV,2.88,8,0.125,2.63,3.12,N,N,08/2023,Analyst
49-9062.00,1.A.2.b.3,Response Orientation,IM,2.25,8,0.1637,1.9292,2.5708,N,,08/2023,Analyst
49-9062.00,1.A.2.b.3,Response Orientation,LV,2.12,8,0.2266,1.6809,2.5691,N,N,08/2023,Analyst
49-9062.00,1.A.2.b.4,Rate Control,IM,2.0,8,0.0,2.0,2.0,N,,08/2023,Analyst
49-9062.00,1.A.2.b.4,Rate Control,LV,1.62,8,0.183,1.2664,1.9836,N,N,08/2023,Analyst
49-9062.00,1.A.2.c.1,Reaction Time,IM,2.25,8,0.1637,1.9292,2.5708,N,,08/2023,Analyst
49-9062.00,1.A.2.c.1,Reaction Time,LV,2.12,8,0.295,1.5467,2.7033,N,N,08/2023,Analyst
49-9062.00,1.A.2.c.2,Wrist-Finger Speed,IM,2.25,8,0.1637,1.9292,2.5708,N,,08/2023,Analyst
49-9062.00,1.A.2.c.2,Wrist-Finger Speed,LV,1.88,8,0.125,1.63,2.12,N,N,08/2023,Analyst
49-9062.00,1.A.2.c.3,Speed of Limb Movement,IM,1.62,8,0.183,1.2664,1.9836,N,,08/2023,Analyst
49-9062.00,1.A.2.c.3,Speed of Limb Movement,LV,1.12,8,0.3504,0.4383,1.8117,N,N,08/2023,Analyst
49-9062.00,1.A.3.a.1,Static Strength,IM,2.38,8,0.183,2.0164,2.7336,N,,08/2023,Analyst
49-9062.00,1.A.3.a.1,Static Strength,LV,2.12,8,0.125,1.88,2.37,N,N,08/2023,Analyst
49-9062.00,1.A.3.a.2,Explosive Strength,IM,1.75,8,0.25,1.26,2.24,N,,08/2023,Analyst
49-9062.00,1.A.3.a.2,Explosive Strength,LV,1.12,8,0.3981,0.3447,1.9053,N,N,08/2023,Analyst
49-9062.00,1.A.3.a.3,Dynamic Strength,IM,2.0,8,0.0,2.0,2.0,N,,08/2023,Analyst
49-9062.00,1.A.3.a.3,Dynamic Strength,LV,1.75,8,0.1637,1.4292,2.0708,N,N,08/2023,Analyst
49-9062.00,1.A.3.a.4,Trunk Strength,IM,2.88,8,0.125,2.63,3.12,N,,08/2023,Analyst
49-9062.00,1.A.3.a.4,Trunk Strength,LV,2.75,8,0.1637,2.4292,3.0708,N,N,08/2023,Analyst
49-9062.00,1.A.3.b.1,Stamina,IM,2.0,8,0.0,2.0,2.0,N,,08/2023,Analyst
49-9062.00,1.A.3.b.1,Stamina,LV,1.88,8,0.125,1.63,2.12,N,N,08/2023,Analyst
49-9062.00,1.A.3.c.1,Extent Flexibility,IM,3.0,8,0.189,2.6296,3.3704,N,,08/2023,Analyst
49-9062.00,1.A.3.c.1,Extent Flexibility,LV,3.0,8,0.0,3.0,3.0,N,N,08/2023,Analyst
49-9062.00,1.A.3.c.2,Dynamic Flexibility,IM,1.0,8,0.0,1.0,1.0,N,,08/2023,Analyst
49-9062.00,1.A.3.c.2,Dynamic Flexibility,LV,0.0,8,0.0,0.0,0.0,N,Y,08/2023,Analyst
49-9062.00,1.A.3.c.3,Gross Body Coordination,IM,2.0,8,0.0,2.0,2.0,N,,08/2023,Analyst
49-9062.00,1.A.3.c.3,Gross Body Coordination,LV,1.75,8,0.1637,1.4292,2.0708,N,N,08/2023,Analyst
49-9062.00,1.A.3.c.4,Gross Body Equilibrium,IM,2.0,8,0.0,2.0,2.0,N,,08/2023,Analyst
49-9062.00,1.A.3.c.4,Gross Body Equilibrium,LV,1.38,8,0.183,1.0164,1.7336,N,N,08/2023,Analyst
49-9062.00,1.A.4.a.1,Near Vision,IM,3.75,8,0.1637,3.4292,4.0708,N,,08/2023,Analyst
49-9062.00,1.A.4.a.1,Near Vision,LV,4.0,8,0.0,4.0,4.0,N,N,08/2023,Analyst
49-9062.00,1.A.4.a.2,Far Vision,IM,2.75,8,0.1637,2.4292,3.0708,N,,08/2023,Analyst
49-9062.00,1.A.4.a.2,Far Vision,LV,3.0,8,0.0,3.0,3.0,N,N,08/2023,Analyst
49-9062.00,1.A.4.a.3,Visual Color Discrimination,IM,3.12,8,0.125,2.88,3.37,N,,08/2023,Analyst
49-9062.00,1.A.4.a.3,Visual Color Discrimination,LV,3.25,8,0.1637,2.9292,3.5708,N,N,08/2023,Analyst
49-9062.00,1.A.4.a.4,Night Vision,IM,2.0,8,0.0,2.0,2.0,N,,08/2023,Analyst
49-9062.00,1.A.4.a.4,Night Vision,LV,1.38,8,0.183,1.0164,1.7336,N,N,08/2023,Analyst
49-9062.00,1.A.4.a.5,Peripheral Vision,IM,2.0,8,0.0,2.0,2.0,N,,08/2023,Analyst
49-9062.00,1.A.4.a.5,Peripheral Vision,LV,1.38,8,0.183,1.0164,1.7336,N,N,08/2023,Analyst
49-9062.00,1.A.4.a.6,Depth Perception,IM,2.5,8,0.189,2.1296,2.8704,N,,08/2023,Analyst
49-9062.00,1.A.4.a.6,Depth Perception,LV,2.25,8,0.1637,1.9292,2.5708,N,N,08/2023,Analyst
49-9062.00,1.A.4.a.7,Glare Sensitivity,IM,2.0,8,0.0,2.0,2.0,N,,08/2023,Analyst
49-9062.00,1.A.4.a.7,Glare Sensitivity,LV,1.38,8,0.183,1.0164,1.7336,N,N,08/2023,Analyst
49-9062.00,1.A.4.b.1,Hearing Sensitivity,IM,2.88,8,0.125,2.63,3.12,N,,08/2023,Analyst
49-9062.00,1.A.4.b.1,Hearing Sensitivity,LV,3.0,8,0.0,3.0,3.0,N,N,08/2023,Analyst
49-9062.00,1.A.4.b.2,Auditory Attention,IM,2.38,8,0.183,2.0164,2.7336,N,,08/2023,Analyst
49-9062.00,1.A.4.b.2,Auditory Attention,LV,2.25,8,0.1637,1.9292,2.5708,N,N,08/2023,Analyst
49-9062.00,1.A.4.b.3,Sound Localization,IM,1.88,8,0.125,1.63,2.12,N,,08/2023,Analyst
49-9062.00,1.A.4.b.3,Sound Localization,LV,1.12,8,0.2266,0.6809,1.5691,N,N,08/2023,Analyst
49-9062.00,1.A.4.b.4,Speech Recognition,IM,3.0,8,0.0,3.0,3.0,N,,08/2023,Analyst
49-9062.00,1.A.4.b.4,Speech Recognition,LV,2.88,8,0.125,2.63,3.12,N,N,08/2023,Analyst
49-9062.00,1.A.4.b.5,Speech Clarity,IM,3.0,8,0.0,3.0,3.0,N,,08/2023,Analyst
49-9062.00,1.A.4.b.5,Speech Clarity,LV,3.0,8,0.0,3.0,3.0,N,N,08/2023,Analyst
49-9063.00,1.A.1.a.1,Oral Comprehension,IM,3.25,8,0.1637,2.9292,3.5708,N,,07/2016,Analyst
49-9063.00,1.A.1.a.1,Oral Comprehension,LV,3.5,8,0.189,3.1296,3.8704,N,N,07/2016,Analyst
49-9063.00,1.A.1.a.2,Written Comprehension,IM,2.75,8,0.1637,2.4292,3.0708,N,,07/2016,Analyst
49-9063.00,1.A.1.a.2,Written Comprehension,LV,2.88,8,0.125,2.63,3.12,N,N,07/2016,Analyst
49-9063.00,1.A.1.a.3,Oral Expression,IM,3.25,8,0.1637,2.9292,3.5708,N,,07/2016,Analyst
49-9063.00,1.A.1.a.3,Oral Expression,LV,3.62,8,0.183,3.2664,3.9836,N,N,07/2016,Analyst
49-9063.00,1.A.1.a.4,Written Expression,IM,2.88,8,0.125,2.63,3.12,N,,07/2016,Analyst
49-9063.00,1.A.1.a.4,Written Expression,LV,2.38,8,0.183,2.0164,2.7336,N,N,07/2016,Analyst
49-9063.00,1.A.1.b.1,Fluency of Ideas,IM,2.75,8,0.1637,2.4292,3.0708,N,,07/2016,Analyst
49-9063.00,1.A.1.b.1,Fluency of Ideas,LV,2.75,8,0.1637,2.4292,3.0708,N,N,07/2016,Analyst
49-9063.00,1.A.1.b.2,Originality,IM,2.75,8,0.1637,2.4292,3.0708,N,,07/2016,Analyst
49-9063.00,1.A.1.b.2,Originality,LV,2.75,8,0.1637,2.4292,3.0708,N,N,07/2016,Analyst
49-9063.00,1.A.1.b.3,Problem Sensitivity,IM,3.5,8,0.2673,2.9762,4.0238,N,,07/2016,Analyst
49-9063.00,1.A.1.b.3,Problem Sensitivity,LV,3.12,8,0.2266,2.6809,3.5691,N,N,07/2016,Analyst
49-9063.00,1.A.1.b.4,Deductive Reasoning,IM,3.62,8,0.183,3.2664,3.9836,N,,07/2016,Analyst
49-9063.00,1.A.1.b.4,Deductive Reasoning,LV,3.0,8,0.189,2.6296,3.3704,N,N,07/2016,Analyst
49-9063.00,1.A.1.b.5,Inductive Reasoning,IM,3.62,8,0.183,3.2664,3.9836,N,,07/2016,Analyst
49-9063.00,1.A.1.b.5,Inductive Reasoning,LV,3.12,8,0.125,2.88,3.37,N,N,07/2016,Analyst
49-9063.00,1.A.1.b.6,Information Ordering,IM,3.25,8,0.1637,2.9292,3.5708,N,,07/2016,Analyst
49-9063.00,1.A.1.b.6,Information Ordering,LV,3.25,8,0.1637,2.9292,3.5708,N,N,07/2016,Analyst
49-9063.00,1.A.1.b.7,Category Flexibility,IM,3.12,8,0.125,2.88,3.37,N,,07/2016,Analyst
49-9063.00,1.A.1.b.7,Category Flexibility,LV,3.25,8,0.1637,2.9292,3.5708,N,N,07/2016,Analyst
49-9063.00,1.A.1.c.1,Mathematical Reasoning,IM,2.0,8,0.0,2.0,2.0,N,,07/2016,Analyst
49-9063.00,1.A.1.c.1,Mathematical Reasoning,LV,2.0,8,0.0,2.0,2.0,N,N,07/2016,Analyst
49-9063.00,1.A.1.c.2,Number Facility,IM,2.12,8,0.125,1.88,2.37,N,,07/2016,Analyst
49-9063.00,1.A.1.c.2,Number Facility,LV,2.12,8,0.125,1.88,2.37,N,N,07/2016,Analyst
49-9063.00,1.A.1.d.1,Memorization,IM,2.62,8,0.183,2.2664,2.9836,N,,07/2016,Analyst
49-9063.00,1.A.1.d.1,Memorization,LV,2.62,8,0.183,2.2664,2.9836,N,N,07/2016,Analyst
49-9063.00,1.A.1.e.1,Speed of Closure,IM,2.75,8,0.1637,2.4292,3.0708,N,,07/2016,Analyst
49-9063.00,1.A.1.e.1,Speed of Closure,LV,2.75,8,0.1637,2.4292,3.0708,N,N,07/2016,Analyst
49-9063.00,1.A.1.e.2,Flexibility of Closure,IM,3.25,8,0.1637,2.9292,3.5708,N,,07/2016,Analyst
49-9063.00,1.A.1.e.2,Flexibility of Closure,LV,3.0,8,0.0,3.0,3.0,N,N,07/2016,Analyst
49-9063.00,1.A.1.e.3,Perceptual Speed,IM,2.88,8,0.125,2.63,3.12,N,,07/2016,Analyst
49-9063.00,1.A.1.e.3,Perceptual Speed,LV,2.5,8,0.189,2.1296,2.8704,N,N,07/2016,Analyst
49-9063.00,1.A.1.f.1,Spatial Orientation,IM,1.12,8,0.125,1.0,1.37,N,,07/2016,Analyst
49-9063.00,1.A.1.f.1,Spatial Orientation,LV,0.12,8,0.125,0.0,0.37,N,Y,07/2016,Analyst
49-9063.00,1.A.1.f.2,Visualization,IM,3.5,8,0.189,3.1296,3.8704,N,,07/2016,Analyst
49-9063.00,1.A.1.f.2,Visualization,LV,3.75,8,0.1637,3.4292,4.0708,N,N,07/2016,Analyst
49-9063.00,1.A.1.g.1,Selective Attention,IM,3.25,8,0.1637,2.9292,3.5708,N,,07/2016,Analyst
49-9063.00,1.A.1.g.1,Selective Attention,LV,3.25,8,0.1637,2.9292,3.5708,N,N,07/2016,Analyst
49-9063.00,1.A.1.g.2,Time Sharing,IM,2.62,8,0.183,2.2664,2.9836,N,,07/2016,Analyst
49-9063.00,1.A.1.g.2,Time Sharing,LV,2.62,8,0.183,2.2664,2.9836,N,N,07/2016,Analyst
49-9063.00,1.A.2.a.1,Arm-Hand Steadiness,IM,4.0,8,0.0,4.0,4.0,N,,07/2016,Analyst
49-9063.00,1.A.2.a.1,Arm-Hand Steadiness,LV,4.0,8,0.0,4.0,4.0,N,N,07/2016,Analyst
49-9063.00,1.A.2.a.2,Manual Dexterity,IM,4.0,8,0.0,4.0,4.0,N,,07/2016,Analyst
49-9063.00,1.A.2.a.2,Manual Dexterity,LV,3.88,8,0.125,3.63,4.12,N,N,07/2016,Analyst
49-9063.00,1.A.2.a.3,Finger Dexterity,IM,4.0,8,0.0,4.0,4.0,N,,07/2016,Analyst
49-9063.00,1.A.2.a.3,Finger Dexterity,LV,4.25,8,0.1637,3.9292,4.5708,N,N,07/2016,Analyst
49-9063.00,1.A.2.b.1,Control Precision,IM,3.88,8,0.125,3.63,4.12,N,,07/2016,Analyst
49-9063.00,1.A.2.b.1,Control Precision,LV,3.88,8,0.125,3.63,4.12,N,N,07/2016,Analyst
49-9063.00,1.A.2.b.2,Multilimb Coordination,IM,3.12,8,0.295,2.5467,3.7033,N,,07/2016,Analyst
49-9063.00,1.A.2.b.2,Multilimb Coordination,LV,3.0,8,0.189,2.6296,3.3704,N,N,07/2016,Analyst
49-9063.00,1.A.2.b.3,Response Orientation,IM,2.0,8,0.2673,1.4762,2.5238,N,,07/2016,Analyst
49-9063.00,1.A.2.b.3,Response Orientation,LV,1.62,8,0.375,0.89,2.36,N,N,07/2016,Analyst
49-9063.00,1.A.2.b.4,Rate Control,IM,2.12,8,0.125,1.88,2.37,N,,07/2016,Analyst
49-9063.00,1.A.2.b.4,Rate Control,LV,1.88,8,0.125,1.63,2.12,N,N,07/2016,Analyst
49-9063.00,1.A.2.c.1,Reaction Time,IM,2.38,8,0.183,2.0164,2.7336,N,,07/2016,Analyst
49-9063.00,1.A.2.c.1,Reaction Time,LV,2.12,8,0.125,1.88,2.37,N,N,07/2016,Analyst
49-9063.00,1.A.2.c.2,Wrist-Finger Speed,IM,2.38,8,0.183,2.0164,2.7336,N,,07/2016,Analyst
49-9063.00,1.A.2.c.2,Wrist-Finger Speed,LV,2.0,8,0.189,1.6296,2.3704,N,N,07/2016,Analyst
49-9063.00,1.A.2.c.3,Speed of Limb Movement,IM,1.25,8,0.1637,1.0,1.5708,N,,07/2016,Analyst
49-9063.00,1.A.2.c.3,Speed of Limb Movement,LV,0.38,8,0.2631,0.0,0.8906,N,Y,07/2016,Analyst
49-9063.00,1.A.3.a.1,Static Strength,IM,2.62,8,0.183,2.2664,2.9836,N,,07/2016,Analyst
49-9063.00,1.A.3.a.1,Static Strength,LV,2.75,8,0.1637,2.4292,3.0708,N,N,07/2016,Analyst
49-9063.00,1.A.3.a.2,Explosive Strength,IM,1.75,8,0.1637,1.4292,2.0708,N,,07/2016,Analyst
49-9063.00,1.A.3.a.2,Explosive Strength,LV,1.25,8,0.3134,0.6358,1.8642,N,N,07/2016,Analyst
49-9063.00,1.A.3.a.3,Dynamic Strength,IM,2.12,8,0.125,1.88,2.37,N,,07/2016,Analyst
49-9063.00,1.A.3.a.3,Dynamic Strength,LV,1.88,8,0.125,1.63,2.12,N,N,07/2016,Analyst
49-9063.00,1.A.3.a.4,Trunk Strength,IM,2.38,8,0.183,2.0164,2.7336,N,,07/2016,Analyst
49-9063.00,1.A.3.a.4,Trunk Strength,LV,2.38,8,0.183,2.0164,2.7336,N,N,07/2016,Analyst
49-9063.00,1.A.3.b.1,Stamina,IM,2.0,8,0.189,1.6296,2.3704,N,,07/2016,Analyst
49-9063.00,1.A.3.b.1,Stamina,LV,1.12,8,0.2266,0.6809,1.5691,N,N,07/2016,Analyst
49-9063.00,1.A.3.c.1,Extent Flexibility,IM,2.0,8,0.0,2.0,2.0,N,,07/2016,Analyst
49-9063.00,1.A.3.c.1,Extent Flexibility,LV,2.12,8,0.125,1.88,2.37,N,N,07/2016,Analyst
49-9063.00,1.A.3.c.2,Dynamic Flexibility,IM,1.12,8,0.125,1.0,1.37,N,,07/2016,Analyst
49-9063.00,1.A.3.c.2,Dynamic Flexibility,LV,0.25,8,0.25,0.0,0.74,N,Y,07/2016,Analyst
49-9063.00,1.A.3.c.3,Gross Body Coordination,IM,2.0,8,0.0,2.0,2.0,N,,07/2016,Analyst
49-9063.00,1.A.3.c.3,Gross Body Coordination,LV,1.5,8,0.189,1.1296,1.8704,N,N,07/2016,Analyst
49-9063.00,1.A.3.c.4,Gross Body Equilibrium,IM,2.0,8,0.0,2.0,2.0,N,,07/2016,Analyst
49-9063.00,1.A.3.c.4,Gross Body Equilibrium,LV,1.25,8,0.1637,0.9292,1.5708,N,N,07/2016,Analyst
49-9063.00,1.A.4.a.1,Near Vision,IM,3.88,8,0.125,3.63,4.12,N,,07/2016,Analyst
49-9063.00,1.A.4.a.1,Near Vision,LV,3.88,8,0.125,3.63,4.12,N,N,07/2016,Analyst
49-9063.00,1.A.4.a.2,Far Vision,IM,2.88,8,0.125,2.63,3.12,N,,07/2016,Analyst
49-9063.00,1.A.4.a.2,Far Vision,LV,2.88,8,0.125,2.63,3.12,N,N,07/2016,Analyst
49-9063.00,1.A.4.a.3,Visual Color Discrimination,IM,2.62,8,0.183,2.2664,2.9836,N,,07/2016,Analyst
49-9063.00,1.A.4.a.3,Visual Color Discrimination,LV,3.0,8,0.0,3.0,3.0,N,N,07/2016,Analyst
49-9063.00,1.A.4.a.4,Night Vision,IM,1.12,8,0.125,1.0,1.37,N,,07/2016,Analyst
49-9063.00,1.A.4.a.4,Night Vision,LV,0.12,8,0.125,0.0,0.37,N,Y,07/2016,Analyst
49-9063.00,1.A.4.a.5,Peripheral Vision,IM,1.0,8,0.0,1.0,1.0,N,,07/2016,Analyst
49-9063.00,1.A.4.a.5,Peripheral Vision,LV,0.0,8,0.0,0.0,0.0,N,Y,07/2016,Analyst
49-9063.00,1.A.4.a.6,Depth Perception,IM,2.5,8,0.189,2.1296,2.8704,N,,07/2016,Analyst
49-9063.00,1.A.4.a.6,Depth Perception,LV,2.5,8,0.189,2.1296,2.8704,N,N,07/2016,Analyst
49-9063.00,1.A.4.a.7,Glare Sensitivity,IM,1.12,8,0.125,1.0,1.37,N,,07/2016,Analyst
49-9063.00,1.A.4.a.7,Glare Sensitivity,LV,0.12,8,0.125,0.0,0.37,N,Y,07/2016,Analyst
49-9063.00,1.A.4.b.1,Hearing Sensitivity,IM,4.12,8,0.2266,3.6809,4.5691,N,,07/2016,Analyst
49-9063.00,1.A.4.b.1,Hearing Sensitivity,LV,4.88,8,0.295,4.2967,5.4533,N,N,07/2016,Analyst
49-9063.00,1.A.4.b.2,Auditory Attention,IM,3.88,8,0.125,3.63,4.12,N,,07/2016,Analyst
49-9063.00,1.A.4.b.2,Auditory Attention,LV,3.88,8,0.125,3.63,4.12,N,N,07/2016,Analyst
49-9063.00,1.A.4.b.3,Sound Localization,IM,1.75,8,0.1637,1.4292,2.0708,N,,07/2016,Analyst
49-9063.00,1.A.4.b.3,Sound Localization,LV,0.88,8,0.2266,0.4309,1.3191,N,N,07/2016,Analyst
49-9063.00,1.A.4.b.4,Speech Recognition,IM,3.12,8,0.125,2.88,3.37,N,,07/2016,Analyst
49-9063.00,1.A.4.b.4,Speech Recognition,LV,3.0,8,0.0,3.0,3.0,N,N,07/2016,Analyst
49-9063.00,1.A.4.b.5,Speech Clarity,IM,3.0,8,0.0,3.0,3.0,N,,07/2016,Analyst
49-9063.00,1.A.4.b.5,Speech Clarity,LV,2.88,8,0.125,2.63,3.12,N,N,07/2016,Analyst
49-9064.00,1.A.1.a.1,Oral Comprehension,IM,3.0,8,0.0,3.0,3.0,N,,08/2018,Analyst
49-9064.00,1.A.1.a.1,Oral Comprehension,LV,3.25,8,0.1637,2.9292,3.5708,N,N,08/2018,Analyst
49-9064.00,1.A.1.a.2,Written Comprehension,IM,3.0,8,0.0,3.0,3.0,N,,08/2018,Analyst
49-9064.00,1.A.1.a.2,Written Comprehension,LV,3.0,8,0.0,3.0,3.0,N,N,08/2018,Analyst
49-9064.00,1.A.1.a.3,Oral Expression,IM,3.0,8,0.0,3.0,3.0,N,,08/2018,Analyst
49-9064.00,1.A.1.a.3,Oral Expression,LV,3.0,8,0.0,3.0,3.0,N,N,08/2018,Analyst
49-9064.00,1.A.1.a.4,Written Expression,IM,2.5,8,0.189,2.1296,2.8704,N,,08/2018,Analyst
49-9064.00,1.A.1.a.4,Written Expression,LV,2.38,8,0.183,2.0164,2.7336,N,N,08/2018,Analyst
49-9064.00,1.A.1.b.1,Fluency of Ideas,IM,2.75,8,0.1637,2.4292,3.0708,N,,08/2018,Analyst
49-9064.00,1.A.1.b.1,Fluency of Ideas,LV,2.25,8,0.1637,1.9292,2.5708,N,N,08/2018,Analyst
49-9064.00,1.A.1.b.2,Originality,IM,2.62,8,0.183,2.2664,2.9836,N,,08/2018,Analyst
49-9064.00,1.A.1.b.2,Originality,LV,2.62,8,0.183,2.2664,2.9836,N,N,08/2018,Analyst
49-9064.00,1.A.1.b.3,Problem Sensitivity,IM,3.25,8,0.1637,2.9292,3.5708,N,,08/2018,Analyst
49-9064.00,1.A.1.b.3,Problem Sensitivity,LV,3.12,8,0.125,2.88,3.37,N,N,08/2018,Analyst
49-9064.00,1.A.1.b.4,Deductive Reasoning,IM,2.88,8,0.125,2.63,3.12,N,,08/2018,Analyst
49-9064.00,1.A.1.b.4,Deductive Reasoning,LV,3.0,8,0.189,2.6296,3.3704,N,N,08/2018,Analyst
49-9064.00,1.A.1.b.5,Inductive Reasoning,IM,2.88,8,0.125,2.63,3.12,N,,08/2018,Analyst
49-9064.00,1.A.1.b.5,Inductive Reasoning,LV,3.0,8,0.189,2.6296,3.3704,N,N,08/2018,Analyst
49-9064.00,1.A.1.b.6,Information Ordering,IM,3.38,8,0.183,3.0164,3.7336,N,,08/2018,Analyst
49-9064.00,1.A.1.b.6,Information Ordering,LV,3.12,8,0.125,2.88,3.37,N,N,08/2018,Analyst
49-9064.00,1.A.1.b.7,Category Flexibility,IM,3.12,8,0.125,2.88,3.37,N,,08/2018,Analyst
49-9064.00,1.A.1.b.7,Category Flexibility,LV,3.0,8,0.0,3.0,3.0,N,N,08/2018,Analyst
49-9064.00,1.A.1.c.1,Mathematical Reasoning,IM,2.0,8,0.0,2.0,2.0,N,,08/2018,Analyst
49-9064.00,1.A.1.c.1,Mathematical Reasoning,LV,1.88,8,0.125,1.63,2.12,N,N,08/2018,Analyst
49-9064.00,1.A.1.c.2,Number Facility,IM,2.0,8,0.0,2.0,2.0,N,,08/2018,Analyst
49-9064.00,1.A.1.c.2,Number Facility,LV,2.0,8,0.0,2.0,2.0,N,N,08/2018,Analyst
49-9064.00,1.A.1.d.1,Memorization,IM,2.12,8,0.125,1.88,2.37,N,,08/2018,Analyst
49-9064.00,1.A.1.d.1,Memorization,LV,2.12,8,0.125,1.88,2.37,N,N,08/2018,Analyst
49-9064.00,1.A.1.e.1,Speed of Closure,IM,2.0,8,0.0,2.0,2.0,N,,08/2018,Analyst
49-9064.00,1.A.1.e.1,Speed of Closure,LV,2.0,8,0.0,2.0,2.0,N,N,08/2018,Analyst
49-9064.00,1.A.1.e.2,Flexibility of Closure,IM,2.75,8,0.1637,2.4292,3.0708,N,,08/2018,Analyst
49-9064.00,1.A.1.e.2,Flexibility of Closure,LV,2.88,8,0.2266,2.4309,3.3191,N,N,08/2018,Analyst
49-9064.00,1.A.1.e.3,Perceptual Speed,IM,2.75,8,0.1637,2.4292,3.0708,N,,08/2018,Analyst
49-9064.00,1.A.1.e.3,Perceptual Speed,LV,2.38,8,0.183,2.0164,2.7336,N,N,08/2018,Analyst
49-9064.00,1.A.1.f.1,Spatial Orientation,IM,1.0,8,0.0,1.0,1.0,N,,08/2018,Analyst
49-9064.00,1.A.1.f.1,Spatial Orientation,LV,0.0,8,0.0,0.0,0.0,N,Y,08/2018,Analyst
49-9064.00,1.A.1.f.2,Visualization,IM,3.25,8,0.1637,2.9292,3.5708,N,,08/2018,Analyst
49-9064.00,1.A.1.f.2,Visualization,LV,3.25,8,0.1637,2.9292,3.5708,N,N,08/2018,Analyst
49-9064.00,1.A.1.g.1,Selective Attention,IM,3.0,8,0.0,3.0,3.0,N,,08/2018,Analyst
49-9064.00,1.A.1.g.1,Selective Attention,LV,3.0,8,0.0,3.0,3.0,N,N,08/2018,Analyst
49-9064.00,1.A.1.g.2,Time Sharing,IM,2.25,8,0.1637,1.9292,2.5708,N,,08/2018,Analyst
49-9064.00,1.A.1.g.2,Time Sharing,LV,2.38,8,0.183,2.0164,2.7336,N,N,08/2018,Analyst
49-9064.00,1.A.2.a.1,Arm-Hand Steadiness,IM,4.0,8,0.0,4.0,4.0,N,,08/2018,Analyst
49-9064.00,1.A.2.a.1,Arm-Hand Steadiness,LV,4.12,8,0.125,3.88,4.37,N,N,08/2018,Analyst
49-9064.00,1.A.2.a.2,Manual Dexterity,IM,3.5,8,0.189,3.1296,3.8704,N,,08/2018,Analyst
49-9064.00,1.A.2.a.2,Manual Dexterity,LV,3.12,8,0.125,2.88,3.37,N,N,08/2018,Analyst
49-9064.00,1.A.2.a.3,Finger Dexterity,IM,4.12,8,0.125,3.88,4.37,N,,08/2018,Analyst
49-9064.00,1.A.2.a.3,Finger Dexterity,LV,4.88,8,0.125,4.63,5.12,N,N,08/2018,Analyst
49-9064.00,1.A.2.b.1,Control Precision,IM,4.0,8,0.0,4.0,4.0,N,,08/2018,Analyst
49-9064.00,1.A.2.b.1,Control Precision,LV,4.0,8,0.0,4.0,4.0,N,N,08/2018,Analyst
49-9064.00,1.A.2.b.2,Multilimb Coordination,IM,2.5,8,0.189,2.1296,2.8704,N,,08/2018,Analyst
49-9064.00,1.A.2.b.2,Multilimb Coordination,LV,2.38,8,0.2631,1.8594,2.8906,N,N,08/2018,Analyst
49-9064.00,1.A.2.b.3,Response Orientation,IM,1.75,8,0.1637,1.4292,2.0708,N,,08/2018,Analyst
49-9064.00,1.A.2.b.3,Response Orientation,LV,1.38,8,0.3239,0.7402,2.0098,N,N,08/2018,Analyst
49-9064.00,1.A.2.b.4,Rate Control,IM,2.0,8,0.0,2.0,2.0,N,,08/2018,Analyst
49-9064.00,1.A.2.b.4,Rate Control,LV,1.5,8,0.189,1.1296,1.8704,N,N,08/2018,Analyst
49-9064.00,1.A.2.c.1,Reaction Time,IM,2.0,8,0.0,2.0,2.0,N,,08/2018,Analyst
49-9064.00,1.A.2.c.1,Reaction Time,LV,1.62,8,0.183,1.2664,1.9836,N,N,08/2018,Analyst
49-9064.00,1.A.2.c.2,Wrist-Finger Speed,IM,2.0,8,0.0,2.0,2.0,N,,08/2018,Analyst
49-9064.00,1.A.2.c.2,Wrist-Finger Speed,LV,1.88,8,0.125,1.63,2.12,N,N,08/2018,Analyst
49-9064.00,1.A.2.c.3,Speed of Limb Movement,IM,1.0,8,0.0,1.0,1.0,N,,08/2018,Analyst
49-9064.00,1.A.2.c.3,Speed of Limb Movement,LV,0.0,8,0.0,0.0,0.0,N,Y,08/2018,Analyst
49-9064.00,1.A.3.a.1,Static Strength,IM,1.75,8,0.1637,1.4292,2.0708,N,,08/2018,Analyst
49-9064.00,1.A.3.a.1,Static Strength,LV,0.88,8,0.2266,0.4309,1.3191,N,N,08/2018,Analyst
49-9064.00,1.A.3.a.2,Explosive Strength,IM,1.12,8,0.125,1.0,1.37,N,,08/2018,Analyst
49-9064.00,1.A.3.a.2,Explosive Strength,LV,0.12,8,0.125,0.0,0.37,N,Y,08/2018,Analyst
49-9064.00,1.A.3.a.3,Dynamic Strength,IM,1.25,8,0.1637,1.0,1.5708,N,,08/2018,Analyst
49-9064.00,1.A.3.a.3,Dynamic Strength,LV,0.25,8,0.1637,0.0,0.5708,N,Y,08/2018,Analyst
49-9064.00,1.A.3.a.4,Trunk Strength,IM,1.88,8,0.2266,1.4309,2.3191,N,,08/2018,Analyst
49-9064.00,1.A.3.a.4,Trunk Strength,LV,1.0,8,0.2673,0.4762,1.5238,N,N,08/2018,Analyst
49-9064.00,1.A.3.b.1,Stamina,IM,1.0,8,0.0,1.0,1.0,N,,08/2018,Analyst
49-9064.00,1.A.3.b.1,Stamina,LV,0.0,8,0.0,0.0,0.0,N,Y,08/2018,Analyst
49-9064.00,1.A.3.c.1,Extent Flexibility,IM,1.38,8,0.183,1.0164,1.7336,N,,08/2018,Analyst
49-9064.00,1.A.3.c.1,Extent Flexibility,LV,0.62,8,0.3239,0.0,1.2598,N,N,08/2018,Analyst
49-9064.00,1.A.3.c.2,Dynamic Flexibility,IM,1.0,8,0.0,1.0,1.0,N,,08/2018,Analyst
49-9064.00,1.A.3.c.2,Dynamic Flexibility,LV,0.0,8,0.0,0.0,0.0,N,Y,08/2018,Analyst
49-9064.00,1.A.3.c.3,Gross Body Coordination,IM,1.0,8,0.0,1.0,1.0,N,,08/2018,Analyst
49-9064.00,1.A.3.c.3,Gross Body Coordination,LV,0.0,8,0.0,0.0,0.0,N,Y,08/2018,Analyst
49-9064.00,1.A.3.c.4,Gross Body Equilibrium,IM,1.0,8,0.0,1.0,1.0,N,,08/2018,Analyst
49-9064.00,1.A.3.c.4,Gross Body Equilibrium,LV,0.0,8,0.0,0.0,0.0,N,Y,08/2018,Analyst
49-9064.00,1.A.4.a.1,Near Vision,IM,4.0,8,0.189,3.6296,4.3704,N,,08/2018,Analyst
49-9064.00,1.A.4.a.1,Near Vision,LV,4.75,8,0.1637,4.4292,5.0708,N,N,08/2018,Analyst
49-9064.00,1.A.4.a.2,Far Vision,IM,2.88,8,0.125,2.63,3.12,N,,08/2018,Analyst
49-9064.00,1.A.4.a.2,Far Vision,LV,2.25,8,0.1637,1.9292,2.5708,N,N,08/2018,Analyst
49-9064.00,1.A.4.a.3,Visual Color Discrimination,IM,2.62,8,0.2631,2.1094,3.1406,N,,08/2018,Analyst
49-9064.00,1.A.4.a.3,Visual Color Discrimination,LV,2.38,8,0.183,2.0164,2.7336,N,N,08/2018,Analyst
49-9064.00,1.A.4.a.4,Night Vision,IM,1.0,8,0.0,1.0,1.0,N,,08/2018,Analyst
49-9064.00,1.A.4.a.4,Night Vision,LV,0.0,8,0.0,0.0,0.0,N,Y,08/2018,Analyst
49-9064.00,1.A.4.a.5,Peripheral Vision,IM,1.0,8,0.0,1.0,1.0,N,,08/2018,Analyst
49-9064.00,1.A.4.a.5,Peripheral Vision,LV,0.0,8,0.0,0.0,0.0,N,Y,08/2018,Analyst
49-9064.00,1.A.4.a.6,Depth Perception,IM,2.5,8,0.189,2.1296,2.8704,N,,08/2018,Analyst
49-9064.00,1.A.4.a.6,Depth Perception,LV,2.25,8,0.1637,1.9292,2.5708,N,N,08/2018,Analyst
49-9064.00,1.A.4.a.7,Glare Sensitivity,IM,1.0,8,0.0,1.0,1.0,N,,08/2018,Analyst
49-9064.00,1.A.4.a.7,Glare Sensitivity,LV,0.0,8,0.0,0.0,0.0,N,Y,08/2018,Analyst
49-9064.00,1.A.4.b.1,Hearing Sensitivity,IM,2.38,8,0.183,2.0164,2.7336,N,,08/2018,Analyst
49-9064.00,1.A.4.b.1,Hearing Sensitivity,LV,2.0,8,0.189,1.6296,2.3704,N,N,08/2018,Analyst
49-9064.00,1.A.4.b.2,Auditory Attention,IM,2.0,8,0.189,1.6296,2.3704,N,,08/2018,Analyst
49-9064.00,1.A.4.b.2,Auditory Attention,LV,1.88,8,0.295,1.2967,2.4533,N,N,08/2018,Analyst
49-9064.00,1.A.4.b.3,Sound Localization,IM,1.0,8,0.0,1.0,1.0,N,,08/2018,Analyst
49-9064.00,1.A.4.b.3,Sound Localization,LV,0.0,8,0.0,0.0,0.0,N,Y,08/2018,Analyst
49-9064.00,1.A.4.b.4,Speech Recognition,IM,2.75,8,0.1637,2.4292,3.0708,N,,08/2018,Analyst
49-9064.00,1.A.4.b.4,Speech Recognition,LV,2.62,8,0.183,2.2664,2.9836,N,N,08/2018,Analyst
49-9064.00,1.A.4.b.5,Speech Clarity,IM,2.88,8,0.125,2.63,3.12,N,,08/2018,Analyst
49-9064.00,1.A.4.b.5,Speech Clarity,LV,2.5,8,0.189,2.1296,2.8704,N,N,08/2018,Analyst
49-9071.00,1.A.1.a.1,Oral Comprehension,IM,3.25,8,0.1637,2.9292,3.5708,N,,08/2021,Analyst
49-9071.00,1.A.1.a.1,Oral Comprehension,LV,3.75,8,0.1637,3.4292,4.0708,N,N,08/2021,Analyst
49-9071.00,1.A.1.a.2,Written Comprehension,IM,3.0,8,0.0,3.0,3.0,N,,08/2021,Analyst
49-9071.00,1.A.1.a.2,Written Comprehension,LV,3.12,8,0.125,2.88,3.37,N,N,08/2021,Analyst
49-9071.00,1.A.1.a.3,Oral Expression,IM,3.38,8,0.183,3.0164,3.7336,N,,08/2021,Analyst
49-9071.00,1.A.1.a.3,Oral Expression,LV,3.25,8,0.1637,2.9292,3.5708,N,N,08/2021,Analyst
49-9071.00,1.A.1.a.4,Written Expression,IM,3.12,8,0.125,2.88,3.37,N,,08/2021,Analyst
49-9071.00,1.A.1.a.4,Written Expression,LV,3.0,8,0.0,3.0,3.0,N,N,08/2021,Analyst
49-9071.00,1.A.1.b.1,Fluency of Ideas,IM,2.38,8,0.183,2.0164,2.7336,N,,08/2021,Analyst
49-9071.00,1.A.1.b.1,Fluency of Ideas,LV,2.38,8,0.183,2.0164,2.7336,N,N,08/2021,Analyst
49-9071.00,1.A.1.b.2,Originality,IM,2.38,8,0.183,2.0164,2.7336,N,,08/2021,Analyst
49-9071.00,1.A.1.b.2,Originality,LV,2.38,8,0.183,2.0164,2.7336,N,N,08/2021,Analyst
49-9071.00,1.A.1.b.3,Problem Sensitivity,IM,3.75,8,0.1637,3.4292,4.0708,N,,08/2021,Analyst
49-9071.00,1.A.1.b.3,Problem Sensitivity,LV,3.25,8,0.1637,2.9292,3.5708,N,N,08/2021,Analyst
49-9071.00,1.A.1.b.4,Deductive Reasoning,IM,3.25,8,0.1637,2.9292,3.5708,N,,08/2021,Analyst
49-9071.00,1.A.1.b.4,Deductive Reasoning,LV,3.25,8,0.1637,2.9292,3.5708,N,N,08/2021,Analyst
49-9071.00,1.A.1.b.5,Inductive Reasoning,IM,3.12,8,0.125,2.88,3.37,N,,08/2021,Analyst
49-9071.00,1.A.1.b.5,Inductive Reasoning,LV,3.25,8,0.1637,2.9292,3.5708,N,N,08/2021,Analyst
49-9071.00,1.A.1.b.6,Information Ordering,IM,3.88,8,0.125,3.63,4.12,N,,08/2021,Analyst
49-9071.00,1.A.1.b.6,Information Ordering,LV,3.75,8,0.1637,3.4292,4.0708,N,N,08/2021,Analyst
49-9071.00,1.A.1.b.7,Category Flexibility,IM,3.12,8,0.125,2.88,3.37,N,,08/2021,Analyst
49-9071.00,1.A.1.b.7,Category Flexibility,LV,3.0,8,0.0,3.0,3.0,N,N,08/2021,Analyst
49-9071.00,1.A.1.c.1,Mathematical Reasoning,IM,2.38,8,0.183,2.0164,2.7336,N,,08/2021,Analyst
49-9071.00,1.A.1.c.1,Mathematical Reasoning,LV,2.25,8,0.1637,1.9292,2.5708,N,N,08/2021,Analyst
49-9071.00,1.A.1.c.2,Number Facility,IM,2.38,8,0.183,2.0164,2.7336,N,,08/2021,Analyst
49-9071.00,1.A.1.c.2,Number Facility,LV,2.25,8,0.1637,1.9292,2.5708,N,N,08/2021,Analyst
49-9071.00,1.A.1.d.1,Memorization,IM,2.12,8,0.125,1.88,2.37,N,,08/2021,Analyst
49-9071.00,1.A.1.d.1,Memorization,LV,2.25,8,0.1637,1.9292,2.5708,N,N,08/2021,Analyst
49-9071.00,1.A.1.e.1,Speed of Closure,IM,2.88,8,0.125,2.63,3.12,N,,08/2021,Analyst
49-9071.00,1.A.1.e.1,Speed of Closure,LV,2.62,8,0.183,2.2664,2.9836,N,N,08/2021,Analyst
49-9071.00,1.A.1.e.2,Flexibility of Closure,IM,3.12,8,0.125,2.88,3.37,N,,08/2021,Analyst
49-9071.00,1.A.1.e.2,Flexibility of Closure,LV,3.12,8,0.125,2.88,3.37,N,N,08/2021,Analyst
49-9071.00,1.A.1.e.3,Perceptual Speed,IM,3.0,8,0.189,2.6296,3.3704,N,,08/2021,Analyst
49-9071.00,1.A.1.e.3,Perceptual Speed,LV,3.0,8,0.0,3.0,3.0,N,N,08/2021,Analyst
49-9071.00,1.A.1.f.1,Spatial Orientation,IM,2.0,8,0.0,2.0,2.0,N,,08/2021,Analyst
49-9071.00,1.A.1.f.1,Spatial Orientation,LV,1.88,8,0.125,1.63,2.12,N,N,08/2021,Analyst
49-9071.00,1.A.1.f.2,Visualization,IM,3.38,8,0.183,3.0164,3.7336,N,,08/2021,Analyst
49-9071.00,1.A.1.f.2,Visualization,LV,3.75,8,0.1637,3.4292,4.0708,N,N,08/2021,Analyst
49-9071.00,1.A.1.g.1,Selective Attention,IM,3.12,8,0.125,2.88,3.37,N,,08/2021,Analyst
49-9071.00,1.A.1.g.1,Selective Attention,LV,3.0,8,0.0,3.0,3.0,N,N,08/2021,Analyst
49-9071.00,1.A.1.g.2,Time Sharing,IM,2.5,8,0.189,2.1296,2.8704,N,,08/2021,Analyst
49-9071.00,1.A.1.g.2,Time Sharing,LV,2.25,8,0.1637,1.9292,2.5708,N,N,08/2021,Analyst
49-9071.00,1.A.2.a.1,Arm-Hand Steadiness,IM,3.88,8,0.125,3.63,4.12,N,,08/2021,Analyst
49-9071.00,1.A.2.a.1,Arm-Hand Steadiness,LV,3.25,8,0.1637,2.9292,3.5708,N,N,08/2021,Analyst
49-9071.00,1.A.2.a.2,Manual Dexterity,IM,3.88,8,0.125,3.63,4.12,N,,08/2021,Analyst
49-9071.00,1.A.2.a.2,Manual Dexterity,LV,3.38,8,0.183,3.0164,3.7336,N,N,08/2021,Analyst
49-9071.00,1.A.2.a.3,Finger Dexterity,IM,3.25,8,0.1637,2.9292,3.5708,N,,08/2021,Analyst
49-9071.00,1.A.2.a.3,Finger Dexterity,LV,3.38,8,0.183,3.0164,3.7336,N,N,08/2021,Analyst
49-9071.00,1.A.2.b.1,Control Precision,IM,3.38,8,0.183,3.0164,3.7336,N,,08/2021,Analyst
49-9071.00,1.A.2.b.1,Control Precision,LV,3.25,8,0.1637,2.9292,3.5708,N,N,08/2021,Analyst
49-9071.00,1.A.2.b.2,Multilimb Coordination,IM,3.25,8,0.1637,2.9292,3.5708,N,,08/2021,Analyst
49-9071.00,1.A.2.b.2,Multilimb Coordination,LV,3.62,8,0.183,3.2664,3.9836,N,N,08/2021,Analyst
49-9071.00,1.A.2.b.3,Response Orientation,IM,2.25,8,0.25,1.76,2.74,N,,08/2021,Analyst
49-9071.00,1.A.2.b.3,Response Orientation,LV,2.25,8,0.25,1.76,2.74,N,N,08/2021,Analyst
49-9071.00,1.A.2.b.4,Rate Control,IM,2.12,8,0.125,1.88,2.37,N,,08/2021,Analyst
49-9071.00,1.A.2.b.4,Rate Control,LV,2.0,8,0.189,1.6296,2.3704,N,N,08/2021,Analyst
49-9071.00,1.A.2.c.1,Reaction Time,IM,2.62,8,0.183,2.2664,2.9836,N,,08/2021,Analyst
49-9071.00,1.A.2.c.1,Reaction Time,LV,2.38,8,0.183,2.0164,2.7336,N,N,08/2021,Analyst
49-9071.00,1.A.2.c.2,Wrist-Finger Speed,IM,2.0,8,0.0,2.0,2.0,N,,08/2021,Analyst
49-9071.00,1.A.2.c.2,Wrist-Finger Speed,LV,2.0,8,0.0,2.0,2.0,N,N,08/2021,Analyst
49-9071.00,1.A.2.c.3,Speed of Limb Movement,IM,1.88,8,0.125,1.63,2.12,N,,08/2021,Analyst
49-9071.00,1.A.2.c.3,Speed of Limb Movement,LV,1.75,8,0.25,1.26,2.24,N,N,08/2021,Analyst
49-9071.00,1.A.3.a.1,Static Strength,IM,3.0,8,0.0,3.0,3.0,N,,08/2021,Analyst
49-9071.00,1.A.3.a.1,Static Strength,LV,3.12,8,0.125,2.88,3.37,N,N,08/2021,Analyst
49-9071.00,1.A.3.a.2,Explosive Strength,IM,2.12,8,0.125,1.88,2.37,N,,08/2021,Analyst
49-9071.00,1.A.3.a.2,Explosive Strength,LV,1.5,8,0.2673,0.9762,2.0238,N,N,08/2021,Analyst
49-9071.00,1.A.3.a.3,Dynamic Strength,IM,2.0,8,0.0,2.0,2.0,N,,08/2021,Analyst
49-9071.00,1.A.3.a.3,Dynamic Strength,LV,2.12,8,0.125,1.88,2.37,N,N,08/2021,Analyst
49-9071.00,1.A.3.a.4,Trunk Strength,IM,3.0,8,0.0,3.0,3.0,N,,08/2021,Analyst
49-9071.00,1.A.3.a.4,Trunk Strength,LV,3.12,8,0.125,2.88,3.37,N,N,08/2021,Analyst
49-9071.00,1.A.3.b.1,Stamina,IM,2.88,8,0.125,2.63,3.12,N,,08/2021,Analyst
49-9071.00,1.A.3.b.1,Stamina,LV,2.5,8,0.189,2.1296,2.8704,N,N,08/2021,Analyst
49-9071.00,1.A.3.c.1,Extent Flexibility,IM,3.12,8,0.125,2.88,3.37,N,,08/2021,Analyst
49-9071.00,1.A.3.c.1,Extent Flexibility,LV,3.75,8,0.1637,3.4292,4.0708,N,N,08/2021,Analyst
49-9071.00,1.A.3.c.2,Dynamic Flexibility,IM,1.75,8,0.1637,1.4292,2.0708,N,,08/2021,Analyst
49-9071.00,1.A.3.c.2,Dynamic Flexibility,LV,1.0,8,0.2673,0.4762,1.5238,N,N,08/2021,Analyst
49-9071.00,1.A.3.c.3,Gross Body Coordination,IM,3.0,8,0.0,3.0,3.0,N,,08/2021,Analyst
49-9071.00,1.A.3.c.3,Gross Body Coordination,LV,2.88,8,0.125,2.63,3.12,N,N,08/2021,Analyst
49-9071.00,1.A.3.c.4,Gross Body Equilibrium,IM,3.0,8,0.0,3.0,3.0,N,,08/2021,Analyst
49-9071.00,1.A.3.c.4,Gross Body Equilibrium,LV,2.38,8,0.183,2.0164,2.7336,N,N,08/2021,Analyst
49-9071.00,1.A.4.a.1,Near Vision,IM,3.88,8,0.125,3.63,4.12,N,,08/2021,Analyst
49-9071.00,1.A.4.a.1,Near Vision,LV,3.62,8,0.183,3.2664,3.9836,N,N,08/2021,Analyst
49-9071.00,1.A.4.a.2,Far Vision,IM,3.0,8,0.0,3.0,3.0,N,,08/2021,Analyst
49-9071.00,1.A.4.a.2,Far Vision,LV,3.0,8,0.0,3.0,3.0,N,N,08/2021,Analyst
49-9071.00,1.A.4.a.3,Visual Color Discrimination,IM,3.0,8,0.0,3.0,3.0,N,,08/2021,Analyst
49-9071.00,1.A.4.a.3,Visual Color Discrimination,LV,3.25,8,0.1637,2.9292,3.5708,N,N,08/2021,Analyst
49-9071.00,1.A.4.a.4,Night Vision,IM,2.0,8,0.0,2.0,2.0,N,,08/2021,Analyst
49-9071.00,1.A.4.a.4,Night Vision,LV,1.25,8,0.1637,0.9292,1.5708,N,N,08/2021,Analyst
49-9071.00,1.A.4.a.5,Peripheral Vision,IM,2.0,8,0.0,2.0,2.0,N,,08/2021,Analyst
49-9071.00,1.A.4.a.5,Peripheral Vision,LV,1.25,8,0.1637,0.9292,1.5708,N,N,08/2021,Analyst
49-9071.00,1.A.4.a.6,Depth Perception,IM,2.88,8,0.125,2.63,3.12,N,,08/2021,Analyst
49-9071.00,1.A.4.a.6,Depth Perception,LV,2.88,8,0.125,2.63,3.12,N,N,08/2021,Analyst
49-9071.00,1.A.4.a.7,Glare Sensitivity,IM,2.0,8,0.0,2.0,2.0,N,,08/2021,Analyst
49-9071.00,1.A.4.a.7,Glare Sensitivity,LV,1.88,8,0.125,1.63,2.12,N,N,08/2021,Analyst
49-9071.00,1.A.4.b.1,Hearing Sensitivity,IM,3.0,8,0.0,3.0,3.0,N,,08/2021,Analyst
49-9071.00,1.A.4.b.1,Hearing Sensitivity,LV,3.0,8,0.0,3.0,3.0,N,N,08/2021,Analyst
49-9071.00,1.A.4.b.2,Auditory Attention,IM,2.88,8,0.125,2.63,3.12,N,,08/2021,Analyst
49-9071.00,1.A.4.b.2,Auditory Attention,LV,3.0,8,0.0,3.0,3.0,N,N,08/2021,Analyst
49-9071.00,1.A.4.b.3,Sound Localization,IM,2.0,8,0.0,2.0,2.0,N,,08/2021,Analyst
49-9071.00,1.A.4.b.3,Sound Localization,LV,1.38,8,0.183,1.0164,1.7336,N,N,08/2021,Analyst
49-9071.00,1.A.4.b.4,Speech Recognition,IM,3.12,8,0.125,2.88,3.37,N,,08/2021,Analyst
49-9071.00,1.A.4.b.4,Speech Recognition,LV,3.0,8,0.0,3.0,3.0,N,N,08/2021,Analyst
49-9071.00,1.A.4.b.5,Speech Clarity,IM,3.12,8,0.125,2.88,3.37,N,,08/2021,Analyst
49-9071.00,1.A.4.b.5,Speech Clarity,LV,3.0,8,0.0,3.0,3.0,N,N,08/2021,Analyst
49-9081.00,1.A.1.a.1,Oral Comprehension,IM,3.75,8,0.1637,3.4292,4.0708,N,,08/2021,Analyst
49-9081.00,1.A.1.a.1,Oral Comprehension,LV,4.0,8,0.0,4.0,4.0,N,N,08/2021,Analyst
49-9081.00,1.A.1.a.2,Written Comprehension,IM,3.25,8,0.1637,2.9292,3.5708,N,,08/2021,Analyst
49-9081.00,1.A.1.a.2,Written Comprehension,LV,3.25,8,0.1637,2.9292,3.5708,N,N,08/2021,Analyst
49-9081.00,1.A.1.a.3,Oral Expression,IM,3.25,8,0.1637,2.9292,3.5708,N,,08/2021,Analyst
49-9081.00,1.A.1.a.3,Oral Expression,LV,3.62,8,0.183,3.2664,3.9836,N,N,08/2021,Analyst
49-9081.00,1.A.1.a.4,Written Expression,IM,3.0,8,0.189,2.6296,3.3704,N,,08/2021,Analyst
49-9081.00,1.A.1.a.4,Written Expression,LV,2.88,8,0.125,2.63,3.12,N,N,08/2021,Analyst
49-9081.00,1.A.1.b.1,Fluency of Ideas,IM,2.75,8,0.1637,2.4292,3.0708,N,,08/2021,Analyst
49-9081.00,1.A.1.b.1,Fluency of Ideas,LV,3.12,8,0.125,2.88,3.37,N,N,08/2021,Analyst
49-9081.00,1.A.1.b.2,Originality,IM,2.75,8,0.1637,2.4292,3.0708,N,,08/2021,Analyst
49-9081.00,1.A.1.b.2,Originality,LV,2.88,8,0.125,2.63,3.12,N,N,08/2021,Analyst
49-9081.00,1.A.1.b.3,Problem Sensitivity,IM,4.0,8,0.189,3.6296,4.3704,N,,08/2021,Analyst
49-9081.00,1.A.1.b.3,Problem Sensitivity,LV,3.62,8,0.2631,3.1094,4.1406,N,N,08/2021,Analyst
49-9081.00,1.A.1.b.4,Deductive Reasoning,IM,3.62,8,0.183,3.2664,3.9836,N,,08/2021,Analyst
49-9081.00,1.A.1.b.4,Deductive Reasoning,LV,3.88,8,0.125,3.63,4.12,N,N,08/2021,Analyst
49-9081.00,1.A.1.b.5,Inductive Reasoning,IM,3.25,8,0.1637,2.9292,3.5708,N,,08/2021,Analyst
49-9081.00,1.A.1.b.5,Inductive Reasoning,LV,3.12,8,0.125,2.88,3.37,N,N,08/2021,Analyst
49-9081.00,1.A.1.b.6,Information Ordering,IM,3.25,8,0.1637,2.9292,3.5708,N,,08/2021,Analyst
49-9081.00,1.A.1.b.6,Information Ordering,LV,3.25,8,0.1637,2.9292,3.5708,N,N,08/2021,Analyst
49-9081.00,1.A.1.b.7,Category Flexibility,IM,3.12,8,0.125,2.88,3.37,N,,08/2021,Analyst
49-9081.00,1.A.1.b.7,Category Flexibility,LV,3.12,8,0.125,2.88,3.37,N,N,08/2021,Analyst
49-9081.00,1.A.1.c.1,Mathematical Reasoning,IM,2.12,8,0.125,1.88,2.37,N,,08/2021,Analyst
49-9081.00,1.A.1.c.1,Mathematical Reasoning,LV,2.25,8,0.1637,1.9292,2.5708,N,N,08/2021,Analyst
49-9081.00,1.A.1.c.2,Number Facility,IM,2.12,8,0.125,1.88,2.37,N,,08/2021,Analyst
49-9081.00,1.A.1.c.2,Number Facility,LV,2.25,8,0.25,1.76,2.74,N,N,08/2021,Analyst
49-9081.00,1.A.1.d.1,Memorization,IM,2.75,8,0.1637,2.4292,3.0708,N,,08/2021,Analyst
49-9081.00,1.A.1.d.1,Memorization,LV,2.88,8,0.125,2.63,3.12,N,N,08/2021,Analyst
49-9081.00,1.A.1.e.1,Speed of Closure,IM,2.75,8,0.1637,2.4292,3.0708,N,,08/2021,Analyst
49-9081.00,1.A.1.e.1,Speed of Closure,LV,2.75,8,0.1637,2.4292,3.0708,N,N,08/2021,Analyst
49-9081.00,1.A.1.e.2,Flexibility of Closure,IM,3.12,8,0.125,2.88,3.37,N,,08/2021,Analyst
49-9081.00,1.A.1.e.2,Flexibility of Closure,LV,3.38,8,0.2631,2.8594,3.8906,N,N,08/2021,Analyst
49-9081.00,1.A.1.e.3,Perceptual Speed,IM,3.12,8,0.125,2.88,3.37,N,,08/2021,Analyst
49-9081.00,1.A.1.e.3,Perceptual Speed,LV,3.12,8,0.125,2.88,3.37,N,N,08/2021,Analyst
49-9081.00,1.A.1.f.1,Spatial Orientation,IM,2.0,8,0.189,1.6296,2.3704,N,,08/2021,Analyst
49-9081.00,1.A.1.f.1,Spatial Orientation,LV,1.88,8,0.295,1.2967,2.4533,N,N,08/2021,Analyst
49-9081.00,1.A.1.f.2,Visualization,IM,3.25,8,0.1637,2.9292,3.5708,N,,08/2021,Analyst
49-9081.00,1.A.1.f.2,Visualization,LV,3.62,8,0.2631,3.1094,4.1406,N,N,08/2021,Analyst
49-9081.00,1.A.1.g.1,Selective Attention,IM,3.12,8,0.125,2.88,3.37,N,,08/2021,Analyst
49-9081.00,1.A.1.g.1,Selective Attention,LV,3.12,8,0.125,2.88,3.37,N,N,08/2021,Analyst
49-9081.00,1.A.1.g.2,Time Sharing,IM,2.88,8,0.125,2.63,3.12,N,,08/2021,Analyst
49-9081.00,1.A.1.g.2,Time Sharing,LV,3.12,8,0.125,2.88,3.37,N,N,08/2021,Analyst
49-9081.00,1.A.2.a.1,Arm-Hand Steadiness,IM,3.62,8,0.183,3.2664,3.9836,N,,08/2021,Analyst
49-9081.00,1.A.2.a.1,Arm-Hand Steadiness,LV,3.38,8,0.183,3.0164,3.7336,N,N,08/2021,Analyst
49-9081.00,1.A.2.a.2,Manual Dexterity,IM,3.62,8,0.183,3.2664,3.9836,N,,08/2021,Analyst
49-9081.00,1.A.2.a.2,Manual Dexterity,LV,3.12,8,0.125,2.88,3.37,N,N,08/2021,Analyst
49-9081.00,1.A.2.a.3,Finger Dexterity,IM,3.75,8,0.1637,3.4292,4.0708,N,,08/2021,Analyst
49-9081.00,1.A.2.a.3,Finger Dexterity,LV,3.5,8,0.189,3.1296,3.8704,N,N,08/2021,Analyst
49-9081.00,1.A.2.b.1,Control Precision,IM,3.25,8,0.1637,2.9292,3.5708,N,,08/2021,Analyst
49-9081.00,1.A.2.b.1,Control Precision,LV,3.88,8,0.2266,3.4309,4.3191,N,N,08/2021,Analyst
49-9081.00,1.A.2.b.2,Multilimb Coordination,IM,3.25,8,0.1637,2.9292,3.5708,N,,08/2021,Analyst
49-9081.00,1.A.2.b.2,Multilimb Coordination,LV,3.62,8,0.183,3.2664,3.9836,N,N,08/2021,Analyst
49-9081.00,1.A.2.b.3,Response Orientation,IM,2.88,8,0.125,2.63,3.12,N,,08/2021,Analyst
49-9081.00,1.A.2.b.3,Response Orientation,LV,2.88,8,0.125,2.63,3.12,N,N,08/2021,Analyst
49-9081.00,1.A.2.b.4,Rate Control,IM,2.25,8,0.1637,1.9292,2.5708,N,,08/2021,Analyst
49-9081.00,1.A.2.b.4,Rate Control,LV,2.12,8,0.125,1.88,2.37,N,N,08/2021,Analyst
49-9081.00,1.A.2.c.1,Reaction Time,IM,3.0,8,0.0,3.0,3.0,N,,08/2021,Analyst
49-9081.00,1.A.2.c.1,Reaction Time,LV,3.0,8,0.0,3.0,3.0,N,N,08/2021,Analyst
49-9081.00,1.A.2.c.2,Wrist-Finger Speed,IM,2.25,8,0.1637,1.9292,2.5708,N,,08/2021,Analyst
49-9081.00,1.A.2.c.2,Wrist-Finger Speed,LV,2.12,8,0.125,1.88,2.37,N,N,08/2021,Analyst
49-9081.00,1.A.2.c.3,Speed of Limb Movement,IM,1.88,8,0.125,1.63,2.12,N,,08/2021,Analyst
49-9081.00,1.A.2.c.3,Speed of Limb Movement,LV,1.75,8,0.25,1.26,2.24,N,N,08/2021,Analyst
49-9081.00,1.A.3.a.1,Static Strength,IM,3.0,8,0.189,2.6296,3.3704,N,,08/2021,Analyst
49-9081.00,1.A.3.a.1,Static Strength,LV,3.12,8,0.125,2.88,3.37,N,N,08/2021,Analyst
49-9081.00,1.A.3.a.2,Explosive Strength,IM,1.62,8,0.183,1.2664,1.9836,N,,08/2021,Analyst
49-9081.00,1.A.3.a.2,Explosive Strength,LV,0.88,8,0.295,0.2967,1.4533,N,N,08/2021,Analyst
49-9081.00,1.A.3.a.3,Dynamic Strength,IM,3.12,8,0.125,2.88,3.37,N,,08/2021,Analyst
49-9081.00,1.A.3.a.3,Dynamic Strength,LV,3.25,8,0.25,2.76,3.74,N,N,08/2021,Analyst
49-9081.00,1.A.3.a.4,Trunk Strength,IM,3.12,8,0.125,2.88,3.37,N,,08/2021,Analyst
49-9081.00,1.A.3.a.4,Trunk Strength,LV,3.25,8,0.1637,2.9292,3.5708,N,N,08/2021,Analyst
49-9081.00,1.A.3.b.1,Stamina,IM,3.0,8,0.0,3.0,3.0,N,,08/2021,Analyst
49-9081.00,1.A.3.b.1,Stamina,LV,3.0,8,0.0,3.0,3.0,N,N,08/2021,Analyst
49-9081.00,1.A.3.c.1,Extent Flexibility,IM,3.12,8,0.125,2.88,3.37,N,,08/2021,Analyst
49-9081.00,1.A.3.c.1,Extent Flexibility,LV,3.88,8,0.2266,3.4309,4.3191,N,N,08/2021,Analyst
49-9081.00,1.A.3.c.2,Dynamic Flexibility,IM,1.75,8,0.1637,1.4292,2.0708,N,,08/2021,Analyst
49-9081.00,1.A.3.c.2,Dynamic Flexibility,LV,0.75,8,0.1637,0.4292,1.0708,N,N,08/2021,Analyst
49-9081.00,1.A.3.c.3,Gross Body Coordination,IM,2.88,8,0.125,2.63,3.12,N,,08/2021,Analyst
49-9081.00,1.A.3.c.3,Gross Body Coordination,LV,2.88,8,0.125,2.63,3.12,N,N,08/2021,Analyst
49-9081.00,1.A.3.c.4,Gross Body Equilibrium,IM,3.12,8,0.125,2.88,3.37,N,,08/2021,Analyst
49-9081.00,1.A.3.c.4,Gross Body Equilibrium,LV,3.0,8,0.0,3.0,3.0,N,N,08/2021,Analyst
49-9081.00,1.A.4.a.1,Near Vision,IM,3.75,8,0.1637,3.4292,4.0708,N,,08/2021,Analyst
49-9081.00,1.A.4.a.1,Near Vision,LV,3.88,8,0.125,3.63,4.12,N,N,08/2021,Analyst
49-9081.00,1.A.4.a.2,Far Vision,IM,3.12,8,0.125,2.88,3.37,N,,08/2021,Analyst
49-9081.00,1.A.4.a.2,Far Vision,LV,3.38,8,0.183,3.0164,3.7336,N,N,08/2021,Analyst
49-9081.00,1.A.4.a.3,Visual Color Discrimination,IM,2.88,8,0.125,2.63,3.12,N,,08/2021,Analyst
49-9081.00,1.A.4.a.3,Visual Color Discrimination,LV,3.12,8,0.125,2.88,3.37,N,N,08/2021,Analyst
49-9081.00,1.A.4.a.4,Night Vision,IM,1.62,8,0.183,1.2664,1.9836,N,,08/2021,Analyst
49-9081.00,1.A.4.a.4,Night Vision,LV,0.75,8,0.25,0.26,1.24,N,N,08/2021,Analyst
49-9081.00,1.A.4.a.5,Peripheral Vision,IM,2.0,8,0.189,1.6296,2.3704,N,,08/2021,Analyst
49-9081.00,1.A.4.a.5,Peripheral Vision,LV,1.62,8,0.2631,1.1094,2.1406,N,N,08/2021,Analyst
49-9081.00,1.A.4.a.6,Depth Perception,IM,2.88,8,0.125,2.63,3.12,N,,08/2021,Analyst
49-9081.00,1.A.4.a.6,Depth Perception,LV,2.88,8,0.125,2.63,3.12,N,N,08/2021,Analyst
49-9081.00,1.A.4.a.7,Glare Sensitivity,IM,2.12,8,0.125,1.88,2.37,N,,08/2021,Analyst
49-9081.00,1.A.4.a.7,Glare Sensitivity,LV,2.38,8,0.183,2.0164,2.7336,N,N,08/2021,Analyst
49-9081.00,1.A.4.b.1,Hearing Sensitivity,IM,2.88,8,0.2266,2.4309,3.3191,N,,08/2021,Analyst
49-9081.00,1.A.4.b.1,Hearing Sensitivity,LV,3.0,8,0.189,2.6296,3.3704,N,N,08/2021,Analyst
49-9081.00,1.A.4.b.2,Auditory Attention,IM,3.0,8,0.189,2.6296,3.3704,N,,08/2021,Analyst
49-9081.00,1.A.4.b.2,Auditory Attention,LV,3.0,8,0.189,2.6296,3.3704,N,N,08/2021,Analyst
49-9081.00,1.A.4.b.3,Sound Localization,IM,2.0,8,0.0,2.0,2.0,N,,08/2021,Analyst
49-9081.00,1.A.4.b.3,Sound Localization,LV,2.0,8,0.0,2.0,2.0,N,N,08/2021,Analyst
49-9081.00,1.A.4.b.4,Speech Recognition,IM,3.0,8,0.0,3.0,3.0,N,,08/2021,Analyst
49-9081.00,1.A.4.b.4,Speech Recognition,LV,3.0,8,0.0,3.0,3.0,N,N,08/2021,Analyst
49-9081.00,1.A.4.b.5,Speech Clarity,IM,3.0,8,0.0,3.0,3.0,N,,08/2021,Analyst
49-9081.00,1.A.4.b.5,Speech Clarity,LV,3.0,8,0.0,3.0,3.0,N,N,08/2021,Analyst
49-9091.00,1.A.1.a.1,Oral Comprehension,IM,3.12,8,0.125,2.88,3.37,N,,07/2017,Analyst
49-9091.00,1.A.1.a.1,Oral Comprehension,LV,3.0,8,0.0,3.0,3.0,N,N,07/2017,Analyst
49-9091.00,1.A.1.a.2,Written Comprehension,IM,3.0,8,0.0,3.0,3.0,N,,07/2017,Analyst
49-9091.00,1.A.1.a.2,Written Comprehension,LV,3.0,8,0.0,3.0,3.0,N,N,07/2017,Analyst
49-9091.00,1.A.1.a.3,Oral Expression,IM,3.12,8,0.125,2.88,3.37,N,,07/2017,Analyst
49-9091.00,1.A.1.a.3,Oral Expression,LV,3.0,8,0.0,3.0,3.0,N,N,07/2017,Analyst
49-9091.00,1.A.1.a.4,Written Expression,IM,2.75,8,0.1637,2.4292,3.0708,N,,07/2017,Analyst
49-9091.00,1.A.1.a.4,Written Expression,LV,2.62,8,0.183,2.2664,2.9836,N,N,07/2017,Analyst
49-9091.00,1.A.1.b.1,Fluency of Ideas,IM,2.12,8,0.125,1.88,2.37,N,,07/2017,Analyst
49-9091.00,1.A.1.b.1,Fluency of Ideas,LV,2.12,8,0.125,1.88,2.37,N,N,07/2017,Analyst
49-9091.00,1.A.1.b.2,Originality,IM,2.0,8,0.0,2.0,2.0,N,,07/2017,Analyst
49-9091.00,1.A.1.b.2,Originality,LV,2.0,8,0.0,2.0,2.0,N,N,07/2017,Analyst
49-9091.00,1.A.1.b.3,Problem Sensitivity,IM,3.12,8,0.125,2.88,3.37,N,,07/2017,Analyst
49-9091.00,1.A.1.b.3,Problem Sensitivity,LV,3.0,8,0.0,3.0,3.0,N,N,07/2017,Analyst
49-9091.00,1.A.1.b.4,Deductive Reasoning,IM,3.12,8,0.125,2.88,3.37,N,,07/2017,Analyst
49-9091.00,1.A.1.b.4,Deductive Reasoning,LV,3.0,8,0.0,3.0,3.0,N,N,07/2017,Analyst
49-9091.00,1.A.1.b.5,Inductive Reasoning,IM,3.12,8,0.125,2.88,3.37,N,,07/2017,Analyst
49-9091.00,1.A.1.b.5,Inductive Reasoning,LV,2.88,8,0.125,2.63,3.12,N,N,07/2017,Analyst
49-9091.00,1.A.1.b.6,Information Ordering,IM,3.25,8,0.1637,2.9292,3.5708,N,,07/2017,Analyst
49-9091.00,1.A.1.b.6,Information Ordering,LV,2.88,8,0.125,2.63,3.12,N,N,07/2017,Analyst
49-9091.00,1.A.1.b.7,Category Flexibility,IM,2.75,8,0.1637,2.4292,3.0708,N,,07/2017,Analyst
49-9091.00,1.A.1.b.7,Category Flexibility,LV,2.88,8,0.125,2.63,3.12,N,N,07/2017,Analyst
49-9091.00,1.A.1.c.1,Mathematical Reasoning,IM,2.0,8,0.0,2.0,2.0,N,,07/2017,Analyst
49-9091.00,1.A.1.c.1,Mathematical Reasoning,LV,2.0,8,0.0,2.0,2.0,N,N,07/2017,Analyst
49-9091.00,1.A.1.c.2,Number Facility,IM,2.5,8,0.189,2.1296,2.8704,N,,07/2017,Analyst
49-9091.00,1.A.1.c.2,Number Facility,LV,2.12,8,0.125,1.88,2.37,N,N,07/2017,Analyst
49-9091.00,1.A.1.d.1,Memorization,IM,2.0,8,0.0,2.0,2.0,N,,07/2017,Analyst
49-9091.00,1.A.1.d.1,Memorization,LV,2.0,8,0.0,2.0,2.0,N,N,07/2017,Analyst
49-9091.00,1.A.1.e.1,Speed of Closure,IM,2.12,8,0.125,1.88,2.37,N,,07/2017,Analyst
49-9091.00,1.A.1.e.1,Speed of Closure,LV,1.38,8,0.2631,0.8594,1.8906,N,N,07/2017,Analyst
49-9091.00,1.A.1.e.2,Flexibility of Closure,IM,2.88,8,0.2266,2.4309,3.3191,N,,07/2017,Analyst
49-9091.00,1.A.1.e.2,Flexibility of Closure,LV,2.5,8,0.2673,1.9762,3.0238,N,N,07/2017,Analyst
49-9091.00,1.A.1.e.3,Perceptual Speed,IM,2.62,8,0.183,2.2664,2.9836,N,,07/2017,Analyst
49-9091.00,1.A.1.e.3,Perceptual Speed,LV,2.88,8,0.125,2.63,3.12,N,N,07/2017,Analyst
49-9091.00,1.A.1.f.1,Spatial Orientation,IM,1.88,8,0.125,1.63,2.12,N,,07/2017,Analyst
49-9091.00,1.A.1.f.1,Spatial Orientation,LV,1.75,8,0.25,1.26,2.24,N,N,07/2017,Analyst
49-9091.00,1.A.1.f.2,Visualization,IM,3.12,8,0.125,2.88,3.37,N,,07/2017,Analyst
49-9091.00,1.A.1.f.2,Visualization,LV,3.25,8,0.1637,2.9292,3.5708,N,N,07/2017,Analyst
49-9091.00,1.A.1.g.1,Selective Attention,IM,3.0,8,0.0,3.0,3.0,N,,07/2017,Analyst
49-9091.00,1.A.1.g.1,Selective Attention,LV,2.88,8,0.125,2.63,3.12,N,N,07/2017,Analyst
49-9091.00,1.A.1.g.2,Time Sharing,IM,2.62,8,0.183,2.2664,2.9836,N,,07/2017,Analyst
49-9091.00,1.A.1.g.2,Time Sharing,LV,2.62,8,0.183,2.2664,2.9836,N,N,07/2017,Analyst
49-9091.00,1.A.2.a.1,Arm-Hand Steadiness,IM,3.38,8,0.183,3.0164,3.7336,N,,07/2017,Analyst
49-9091.00,1.A.2.a.1,Arm-Hand Steadiness,LV,3.0,8,0.0,3.0,3.0,N,N,07/2017,Analyst
49-9091.00,1.A.2.a.2,Manual Dexterity,IM,3.62,8,0.183,3.2664,3.9836,N,,07/2017,Analyst
49-9091.00,1.A.2.a.2,Manual Dexterity,LV,3.12,8,0.125,2.88,3.37,N,N,07/2017,Analyst
49-9091.00,1.A.2.a.3,Finger Dexterity,IM,3.62,8,0.183,3.2664,3.9836,N,,07/2017,Analyst
49-9091.00,1.A.2.a.3,Finger Dexterity,LV,3.25,8,0.1637,2.9292,3.5708,N,N,07/2017,Analyst
49-9091.00,1.A.2.b.1,Control Precision,IM,3.38,8,0.183,3.0164,3.7336,N,,07/2017,Analyst
49-9091.00,1.A.2.b.1,Control Precision,LV,3.0,8,0.0,3.0,3.0,N,N,07/2017,Analyst
49-9091.00,1.A.2.b.2,Multilimb Coordination,IM,3.25,8,0.1637,2.9292,3.5708,N,,07/2017,Analyst
49-9091.00,1.A.2.b.2,Multilimb Coordination,LV,2.88,8,0.125,2.63,3.12,N,N,07/2017,Analyst
49-9091.00,1.A.2.b.3,Response Orientation,IM,2.38,8,0.183,2.0164,2.7336,N,,07/2017,Analyst
49-9091.00,1.A.2.b.3,Response Orientation,LV,2.5,8,0.189,2.1296,2.8704,N,N,07/2017,Analyst
49-9091.00,1.A.2.b.4,Rate Control,IM,1.88,8,0.125,1.63,2.12,N,,07/2017,Analyst
49-9091.00,1.A.2.b.4,Rate Control,LV,1.75,8,0.25,1.26,2.24,N,N,07/2017,Analyst
49-9091.00,1.A.2.c.1,Reaction Time,IM,1.88,8,0.125,1.63,2.12,N,,07/2017,Analyst
49-9091.00,1.A.2.c.1,Reaction Time,LV,1.75,8,0.25,1.26,2.24,N,N,07/2017,Analyst
49-9091.00,1.A.2.c.2,Wrist-Finger Speed,IM,2.0,8,0.0,2.0,2.0,N,,07/2017,Analyst
49-9091.00,1.A.2.c.2,Wrist-Finger Speed,LV,1.88,8,0.125,1.63,2.12,N,N,07/2017,Analyst
49-9091.00,1.A.2.c.3,Speed of Limb Movement,IM,1.88,8,0.125,1.63,2.12,N,,07/2017,Analyst
49-9091.00,1.A.2.c.3,Speed of Limb Movement,LV,1.5,8,0.2673,0.9762,2.0238,N,N,07/2017,Analyst
49-9091.00,1.A.3.a.1,Static Strength,IM,2.75,8,0.1637,2.4292,3.0708,N,,07/2017,Analyst
49-9091.00,1.A.3.a.1,Static Strength,LV,2.38,8,0.183,2.0164,2.7336,N,N,07/2017,Analyst
49-9091.00,1.A.3.a.2,Explosive Strength,IM,1.5,8,0.189,1.1296,1.8704,N,,07/2017,Analyst
49-9091.00,1.A.3.a.2,Explosive Strength,LV,0.75,8,0.3134,0.1358,1.3642,N,N,07/2017,Analyst
49-9091.00,1.A.3.a.3,Dynamic Strength,IM,2.12,8,0.125,1.88,2.37,N,,07/2017,Analyst
49-9091.00,1.A.3.a.3,Dynamic Strength,LV,1.38,8,0.2631,0.8594,1.8906,N,N,07/2017,Analyst
49-9091.00,1.A.3.a.4,Trunk Strength,IM,2.38,8,0.183,2.0164,2.7336,N,,07/2017,Analyst
49-9091.00,1.A.3.a.4,Trunk Strength,LV,2.12,8,0.125,1.88,2.37,N,N,07/2017,Analyst
49-9091.00,1.A.3.b.1,Stamina,IM,2.0,8,0.0,2.0,2.0,N,,07/2017,Analyst
49-9091.00,1.A.3.b.1,Stamina,LV,1.62,8,0.183,1.2664,1.9836,N,N,07/2017,Analyst
49-9091.00,1.A.3.c.1,Extent Flexibility,IM,2.75,8,0.1637,2.4292,3.0708,N,,07/2017,Analyst
49-9091.00,1.A.3.c.1,Extent Flexibility,LV,2.62,8,0.183,2.2664,2.9836,N,N,07/2017,Analyst
49-9091.00,1.A.3.c.2,Dynamic Flexibility,IM,1.25,8,0.1637,1.0,1.5708,N,,07/2017,Analyst
49-9091.00,1.A.3.c.2,Dynamic Flexibility,LV,0.25,8,0.1637,0.0,0.5708,N,Y,07/2017,Analyst
49-9091.00,1.A.3.c.3,Gross Body Coordination,IM,2.0,8,0.0,2.0,2.0,N,,07/2017,Analyst
49-9091.00,1.A.3.c.3,Gross Body Coordination,LV,1.5,8,0.189,1.1296,1.8704,N,N,07/2017,Analyst
49-9091.00,1.A.3.c.4,Gross Body Equilibrium,IM,1.88,8,0.125,1.63,2.12,N,,07/2017,Analyst
49-9091.00,1.A.3.c.4,Gross Body Equilibrium,LV,1.0,8,0.189,0.6296,1.3704,N,N,07/2017,Analyst
49-9091.00,1.A.4.a.1,Near Vision,IM,3.38,8,0.183,3.0164,3.7336,N,,07/2017,Analyst
49-9091.00,1.A.4.a.1,Near Vision,LV,3.12,8,0.125,2.88,3.37,N,N,07/2017,Analyst
49-9091.00,1.A.4.a.2,Far Vision,IM,2.88,8,0.125,2.63,3.12,N,,07/2017,Analyst
49-9091.00,1.A.4.a.2,Far Vision,LV,2.38,8,0.183,2.0164,2.7336,N,N,07/2017,Analyst
49-9091.00,1.A.4.a.3,Visual Color Discrimination,IM,2.75,8,0.1637,2.4292,3.0708,N,,07/2017,Analyst
49-9091.00,1.A.4.a.3,Visual Color Discrimination,LV,2.88,8,0.2266,2.4309,3.3191,N,N,07/2017,Analyst
49-9091.00,1.A.4.a.4,Night Vision,IM,1.75,8,0.1637,1.4292,2.0708,N,,07/2017,Analyst
49-9091.00,1.A.4.a.4,Night Vision,LV,0.88,8,0.2266,0.4309,1.3191,N,N,07/2017,Analyst
49-9091.00,1.A.4.a.5,Peripheral Vision,IM,1.75,8,0.1637,1.4292,2.0708,N,,07/2017,Analyst
49-9091.00,1.A.4.a.5,Peripheral Vision,LV,0.75,8,0.1637,0.4292,1.0708,N,N,07/2017,Analyst
49-9091.00,1.A.4.a.6,Depth Perception,IM,2.5,8,0.189,2.1296,2.8704,N,,07/2017,Analyst
49-9091.00,1.A.4.a.6,Depth Perception,LV,2.0,8,0.0,2.0,2.0,N,N,07/2017,Analyst
49-9091.00,1.A.4.a.7,Glare Sensitivity,IM,1.88,8,0.125,1.63,2.12,N,,07/2017,Analyst
49-9091.00,1.A.4.a.7,Glare Sensitivity,LV,1.62,8,0.3239,0.9902,2.2598,N,N,07/2017,Analyst
49-9091.00,1.A.4.b.1,Hearing Sensitivity,IM,2.12,8,0.125,1.88,2.37,N,,07/2017,Analyst
49-9091.00,1.A.4.b.1,Hearing Sensitivity,LV,2.12,8,0.125,1.88,2.37,N,N,07/2017,Analyst
49-9091.00,1.A.4.b.2,Auditory Attention,IM,2.12,8,0.125,1.88,2.37,N,,07/2017,Analyst
49-9091.00,1.A.4.b.2,Auditory Attention,LV,2.12,8,0.125,1.88,2.37,N,N,07/2017,Analyst
49-9091.00,1.A.4.b.3,Sound Localization,IM,1.88,8,0.125,1.63,2.12,N,,07/2017,Analyst
49-9091.00,1.A.4.b.3,Sound Localization,LV,1.0,8,0.189,0.6296,1.3704,N,N,07/2017,Analyst
49-9091.00,1.A.4.b.4,Speech Recognition,IM,2.88,8,0.125,2.63,3.12,N,,07/2017,Analyst
49-9091.00,1.A.4.b.4,Speech Recognition,LV,2.75,8,0.1637,2.4292,3.0708,N,N,07/2017,Analyst
49-9091.00,1.A.4.b.5,Speech Clarity,IM,2.88,8,0.125,2.63,3.12,N,,07/2017,Analyst
49-9091.00,1.A.4.b.5,Speech Clarity,LV,2.75,8,0.1637,2.4292,3.0708,N,N,07/2017,Analyst
49-9092.00,1.A.1.a.1,Oral Comprehension,IM,4.12,8,0.125,3.88,4.37,N,,07/2015,Analyst
49-9092.00,1.A.1.a.1,Oral Comprehension,LV,4.0,8,0.0,4.0,4.0,N,N,07/2015,Analyst
49-9092.00,1.A.1.a.2,Written Comprehension,IM,3.25,8,0.1637,2.9292,3.5708,N,,07/2015,Analyst
49-9092.00,1.A.1.a.2,Written Comprehension,LV,3.5,8,0.189,3.1296,3.8704,N,N,07/2015,Analyst
49-9092.00,1.A.1.a.3,Oral Expression,IM,4.0,8,0.0,4.0,4.0,N,,07/2015,Analyst
49-9092.00,1.A.1.a.3,Oral Expression,LV,3.88,8,0.125,3.63,4.12,N,N,07/2015,Analyst
49-9092.00,1.A.1.a.4,Written Expression,IM,3.0,8,0.189,2.6296,3.3704,N,,07/2015,Analyst
49-9092.00,1.A.1.a.4,Written Expression,LV,3.12,8,0.125,2.88,3.37,N,N,07/2015,Analyst
49-9092.00,1.A.1.b.1,Fluency of Ideas,IM,3.0,8,0.0,3.0,3.0,N,,07/2015,Analyst
49-9092.00,1.A.1.b.1,Fluency of Ideas,LV,3.0,8,0.0,3.0,3.0,N,N,07/2015,Analyst
49-9092.00,1.A.1.b.2,Originality,IM,3.0,8,0.0,3.0,3.0,N,,07/2015,Analyst
49-9092.00,1.A.1.b.2,Originality,LV,3.0,8,0.0,3.0,3.0,N,N,07/2015,Analyst
49-9092.00,1.A.1.b.3,Problem Sensitivity,IM,4.0,8,0.189,3.6296,4.3704,N,,07/2015,Analyst
49-9092.00,1.A.1.b.3,Problem Sensitivity,LV,3.75,8,0.1637,3.4292,4.0708,N,N,07/2015,Analyst
49-9092.00,1.A.1.b.4,Deductive Reasoning,IM,3.62,8,0.183,3.2664,3.9836,N,,07/2015,Analyst
49-9092.00,1.A.1.b.4,Deductive Reasoning,LV,3.5,8,0.189,3.1296,3.8704,N,N,07/2015,Analyst
49-9092.00,1.A.1.b.5,Inductive Reasoning,IM,3.5,8,0.189,3.1296,3.8704,N,,07/2015,Analyst
49-9092.00,1.A.1.b.5,Inductive Reasoning,LV,3.5,8,0.189,3.1296,3.8704,N,N,07/2015,Analyst
49-9092.00,1.A.1.b.6,Information Ordering,IM,3.62,8,0.183,3.2664,3.9836,N,,07/2015,Analyst
49-9092.00,1.A.1.b.6,Information Ordering,LV,3.25,8,0.1637,2.9292,3.5708,N,N,07/2015,Analyst
49-9092.00,1.A.1.b.7,Category Flexibility,IM,3.12,8,0.125,2.88,3.37,N,,07/2015,Analyst
49-9092.00,1.A.1.b.7,Category Flexibility,LV,3.12,8,0.125,2.88,3.37,N,N,07/2015,Analyst
49-9092.00,1.A.1.c.1,Mathematical Reasoning,IM,2.12,8,0.125,1.88,2.37,N,,07/2015,Analyst
49-9092.00,1.A.1.c.1,Mathematical Reasoning,LV,2.0,8,0.0,2.0,2.0,N,N,07/2015,Analyst
49-9092.00,1.A.1.c.2,Number Facility,IM,2.25,8,0.1637,1.9292,2.5708,N,,07/2015,Analyst
49-9092.00,1.A.1.c.2,Number Facility,LV,2.25,8,0.1637,1.9292,2.5708,N,N,07/2015,Analyst
49-9092.00,1.A.1.d.1,Memorization,IM,2.12,8,0.125,1.88,2.37,N,,07/2015,Analyst
49-9092.00,1.A.1.d.1,Memorization,LV,2.25,8,0.1637,1.9292,2.5708,N,N,07/2015,Analyst
49-9092.00,1.A.1.e.1,Speed of Closure,IM,2.75,8,0.1637,2.4292,3.0708,N,,07/2015,Analyst
49-9092.00,1.A.1.e.1,Speed of Closure,LV,2.75,8,0.1637,2.4292,3.0708,N,N,07/2015,Analyst
49-9092.00,1.A.1.e.2,Flexibility of Closure,IM,3.25,8,0.1637,2.9292,3.5708,N,,07/2015,Analyst
49-9092.00,1.A.1.e.2,Flexibility of Closure,LV,3.75,8,0.1637,3.4292,4.0708,N,N,07/2015,Analyst
49-9092.00,1.A.1.e.3,Perceptual Speed,IM,3.38,8,0.183,3.0164,3.7336,N,,07/2015,Analyst
49-9092.00,1.A.1.e.3,Perceptual Speed,LV,3.62,8,0.183,3.2664,3.9836,N,N,07/2015,Analyst
49-9092.00,1.A.1.f.1,Spatial Orientation,IM,3.0,8,0.189,2.6296,3.3704,N,,07/2015,Analyst
49-9092.00,1.A.1.f.1,Spatial Orientation,LV,3.0,8,0.189,2.6296,3.3704,N,N,07/2015,Analyst
49-9092.00,1.A.1.f.2,Visualization,IM,3.12,8,0.125,2.88,3.37,N,,07/2015,Analyst
49-9092.00,1.A.1.f.2,Visualization,LV,3.38,8,0.183,3.0164,3.7336,N,N,07/2015,Analyst
49-9092.00,1.A.1.g.1,Selective Attention,IM,3.12,8,0.125,2.88,3.37,N,,07/2015,Analyst
49-9092.00,1.A.1.g.1,Selective Attention,LV,3.25,8,0.1637,2.9292,3.5708,N,N,07/2015,Analyst
49-9092.00,1.A.1.g.2,Time Sharing,IM,3.12,8,0.125,2.88,3.37,N,,07/2015,Analyst
49-9092.00,1.A.1.g.2,Time Sharing,LV,3.0,8,0.0,3.0,3.0,N,N,07/2015,Analyst
49-9092.00,1.A.2.a.1,Arm-Hand Steadiness,IM,4.0,8,0.0,4.0,4.0,N,,07/2015,Analyst
49-9092.00,1.A.2.a.1,Arm-Hand Steadiness,LV,3.62,8,0.183,3.2664,3.9836,N,N,07/2015,Analyst
49-9092.00,1.A.2.a.2,Manual Dexterity,IM,3.75,8,0.1637,3.4292,4.0708,N,,07/2015,Analyst
49-9092.00,1.A.2.a.2,Manual Dexterity,LV,3.25,8,0.1637,2.9292,3.5708,N,N,07/2015,Analyst
49-9092.00,1.A.2.a.3,Finger Dexterity,IM,3.75,8,0.1637,3.4292,4.0708,N,,07/2015,Analyst
49-9092.00,1.A.2.a.3,Finger Dexterity,LV,3.5,8,0.189,3.1296,3.8704,N,N,07/2015,Analyst
49-9092.00,1.A.2.b.1,Control Precision,IM,3.88,8,0.125,3.63,4.12,N,,07/2015,Analyst
49-9092.00,1.A.2.b.1,Control Precision,LV,3.62,8,0.183,3.2664,3.9836,N,N,07/2015,Analyst
49-9092.00,1.A.2.b.2,Multilimb Coordination,IM,3.88,8,0.125,3.63,4.12,N,,07/2015,Analyst
49-9092.00,1.A.2.b.2,Multilimb Coordination,LV,3.75,8,0.25,3.26,4.24,N,N,07/2015,Analyst
49-9092.00,1.A.2.b.3,Response Orientation,IM,3.0,8,0.189,2.6296,3.3704,N,,07/2015,Analyst
49-9092.00,1.A.2.b.3,Response Orientation,LV,2.88,8,0.2266,2.4309,3.3191,N,N,07/2015,Analyst
49-9092.00,1.A.2.b.4,Rate Control,IM,2.88,8,0.2266,2.4309,3.3191,N,,07/2015,Analyst
49-9092.00,1.A.2.b.4,Rate Control,LV,2.38,8,0.3239,1.7402,3.0098,N,N,07/2015,Analyst
49-9092.00,1.A.2.c.1,Reaction Time,IM,3.12,8,0.125,2.88,3.37,N,,07/2015,Analyst
49-9092.00,1.A.2.c.1,Reaction Time,LV,3.12,8,0.125,2.88,3.37,N,N,07/2015,Analyst
49-9092.00,1.A.2.c.2,Wrist-Finger Speed,IM,2.0,8,0.0,2.0,2.0,N,,07/2015,Analyst
49-9092.00,1.A.2.c.2,Wrist-Finger Speed,LV,2.0,8,0.0,2.0,2.0,N,N,07/2015,Analyst
49-9092.00,1.A.2.c.3,Speed of Limb Movement,IM,2.0,8,0.189,1.6296,2.3704,N,,07/2015,Analyst
49-9092.00,1.A.2.c.3,Speed of Limb Movement,LV,1.88,8,0.295,1.2967,2.4533,N,N,07/2015,Analyst
49-9092.00,1.A.3.a.1,Static Strength,IM,3.25,8,0.1637,2.9292,3.5708,N,,07/2015,Analyst
49-9092.00,1.A.3.a.1,Static Strength,LV,3.12,8,0.125,2.88,3.37,N,N,07/2015,Analyst
49-9092.00,1.A.3.a.2,Explosive Strength,IM,2.12,8,0.125,1.88,2.37,N,,07/2015,Analyst
49-9092.00,1.A.3.a.2,Explosive Strength,LV,1.75,8,0.25,1.26,2.24,N,N,07/2015,Analyst
49-9092.00,1.A.3.a.3,Dynamic Strength,IM,3.0,8,0.189,2.6296,3.3704,N,,07/2015,Analyst
49-9092.00,1.A.3.a.3,Dynamic Strength,LV,3.0,8,0.189,2.6296,3.3704,N,N,07/2015,Analyst
49-9092.00,1.A.3.a.4,Trunk Strength,IM,3.12,8,0.125,2.88,3.37,N,,07/2015,Analyst
49-9092.00,1.A.3.a.4,Trunk Strength,LV,3.12,8,0.125,2.88,3.37,N,N,07/2015,Analyst
49-9092.00,1.A.3.b.1,Stamina,IM,3.12,8,0.125,2.88,3.37,N,,07/2015,Analyst
49-9092.00,1.A.3.b.1,Stamina,LV,3.12,8,0.125,2.88,3.37,N,N,07/2015,Analyst
49-9092.00,1.A.3.c.1,Extent Flexibility,IM,3.5,8,0.189,3.1296,3.8704,N,,07/2015,Analyst
49-9092.00,1.A.3.c.1,Extent Flexibility,LV,4.0,8,0.189,3.6296,4.3704,N,N,07/2015,Analyst
49-9092.00,1.A.3.c.2,Dynamic Flexibility,IM,1.5,8,0.2673,1.0,2.0238,N,,07/2015,Analyst
49-9092.00,1.A.3.c.2,Dynamic Flexibility,LV,0.88,8,0.4407,0.0113,1.7387,N,N,07/2015,Analyst
49-9092.00,1.A.3.c.3,Gross Body Coordination,IM,3.0,8,0.189,2.6296,3.3704,N,,07/2015,Analyst
49-9092.00,1.A.3.c.3,Gross Body Coordination,LV,3.12,8,0.2266,2.6809,3.5691,N,N,07/2015,Analyst
49-9092.00,1.A.3.c.4,Gross Body Equilibrium,IM,3.0,8,0.189,2.6296,3.3704,N,,07/2015,Analyst
49-9092.00,1.A.3.c.4,Gross Body Equilibrium,LV,2.88,8,0.125,2.63,3.12,N,N,07/2015,Analyst
49-9092.00,1.A.4.a.1,Near Vision,IM,3.62,8,0.183,3.2664,3.9836,N,,07/2015,Analyst
49-9092.00,1.A.4.a.1,Near Vision,LV,4.12,8,0.125,3.88,4.37,N,N,07/2015,Analyst
49-9092.00,1.A.4.a.2,Far Vision,IM,3.25,8,0.1637,2.9292,3.5708,N,,07/2015,Analyst
49-9092.00,1.A.4.a.2,Far Vision,LV,3.38,8,0.183,3.0164,3.7336,N,N,07/2015,Analyst
49-9092.00,1.A.4.a.3,Visual Color Discrimination,IM,3.12,8,0.125,2.88,3.37,N,,07/2015,Analyst
49-9092.00,1.A.4.a.3,Visual Color Discrimination,LV,2.88,8,0.125,2.63,3.12,N,N,07/2015,Analyst
49-9092.00,1.A.4.a.4,Night Vision,IM,2.62,8,0.375,1.89,3.36,N,,07/2015,Analyst
49-9092.00,1.A.4.a.4,Night Vision,LV,2.12,8,0.295,1.5467,2.7033,N,N,07/2015,Analyst
49-9092.00,1.A.4.a.5,Peripheral Vision,IM,2.38,8,0.183,2.0164,2.7336,N,,07/2015,Analyst
49-9092.00,1.A.4.a.5,Peripheral Vision,LV,2.0,8,0.189,1.6296,2.3704,N,N,07/2015,Analyst
49-9092.00,1.A.4.a.6,Depth Perception,IM,3.25,8,0.1637,2.9292,3.5708,N,,07/2015,Analyst
49-9092.00,1.A.4.a.6,Depth Perception,LV,3.5,8,0.189,3.1296,3.8704,N,N,07/2015,Analyst
49-9092.00,1.A.4.a.7,Glare Sensitivity,IM,2.38,8,0.183,2.0164,2.7336,N,,07/2015,Analyst
49-9092.00,1.A.4.a.7,Glare Sensitivity,LV,2.12,8,0.125,1.88,2.37,N,N,07/2015,Analyst
49-9092.00,1.A.4.b.1,Hearing Sensitivity,IM,2.88,8,0.125,2.63,3.12,N,,07/2015,Analyst
49-9092.00,1.A.4.b.1,Hearing Sensitivity,LV,2.75,8,0.1637,2.4292,3.0708,N,N,07/2015,Analyst
49-9092.00,1.A.4.b.2,Auditory Attention,IM,2.88,8,0.125,2.63,3.12,N,,07/2015,Analyst
49-9092.00,1.A.4.b.2,Auditory Attention,LV,2.62,8,0.183,2.2664,2.9836,N,N,07/2015,Analyst
49-9092.00,1.A.4.b.3,Sound Localization,IM,2.12,8,0.125,1.88,2.37,N,,07/2015,Analyst
49-9092.00,1.A.4.b.3,Sound Localization,LV,1.88,8,0.125,1.63,2.12,N,N,07/2015,Analyst
49-9092.00,1.A.4.b.4,Speech Recognition,IM,3.62,8,0.183,3.2664,3.9836,N,,07/2015,Analyst
49-9092.00,1.A.4.b.4,Speech Recognition,LV,3.12,8,0.125,2.88,3.37,N,N,07/2015,Analyst
49-9092.00,1.A.4.b.5,Speech Clarity,IM,3.12,8,0.125,2.88,3.37,N,,07/2015,Analyst
49-9092.00,1.A.4.b.5,Speech Clarity,LV,3.12,8,0.125,2.88,3.37,N,N,07/2015,Analyst
49-9094.00,1.A.1.a.1,Oral Comprehension,IM,3.25,8,0.25,2.76,3.74,N,,08/2019,Analyst
49-9094.00,1.A.1.a.1,Oral Comprehension,LV,3.12,8,0.125,2.88,3.37,N,N,08/2019,Analyst
49-9094.00,1.A.1.a.2,Written Comprehension,IM,3.0,8,0.0,3.0,3.0,N,,08/2019,Analyst
49-9094.00,1.A.1.a.2,Written Comprehension,LV,3.0,8,0.0,3.0,3.0,N,N,08/2019,Analyst
49-9094.00,1.A.1.a.3,Oral Expression,IM,3.62,8,0.183,3.2664,3.9836,N,,08/2019,Analyst
49-9094.00,1.A.1.a.3,Oral Expression,LV,3.5,8,0.189,3.1296,3.8704,N,N,08/2019,Analyst
49-9094.00,1.A.1.a.4,Written Expression,IM,3.0,8,0.0,3.0,3.0,N,,08/2019,Analyst
49-9094.00,1.A.1.a.4,Written Expression,LV,2.62,8,0.183,2.2664,2.9836,N,N,08/2019,Analyst
49-9094.00,1.A.1.b.1,Fluency of Ideas,IM,2.38,8,0.183,2.0164,2.7336,N,,08/2019,Analyst
49-9094.00,1.A.1.b.1,Fluency of Ideas,LV,2.38,8,0.183,2.0164,2.7336,N,N,08/2019,Analyst
49-9094.00,1.A.1.b.2,Originality,IM,2.5,8,0.189,2.1296,2.8704,N,,08/2019,Analyst
49-9094.00,1.A.1.b.2,Originality,LV,2.38,8,0.183,2.0164,2.7336,N,N,08/2019,Analyst
49-9094.00,1.A.1.b.3,Problem Sensitivity,IM,3.25,8,0.1637,2.9292,3.5708,N,,08/2019,Analyst
49-9094.00,1.A.1.b.3,Problem Sensitivity,LV,3.0,8,0.0,3.0,3.0,N,N,08/2019,Analyst
49-9094.00,1.A.1.b.4,Deductive Reasoning,IM,3.5,8,0.189,3.1296,3.8704,N,,08/2019,Analyst
49-9094.00,1.A.1.b.4,Deductive Reasoning,LV,3.0,8,0.0,3.0,3.0,N,N,08/2019,Analyst
49-9094.00,1.A.1.b.5,Inductive Reasoning,IM,3.0,8,0.0,3.0,3.0,N,,08/2019,Analyst
49-9094.00,1.A.1.b.5,Inductive Reasoning,LV,3.0,8,0.0,3.0,3.0,N,N,08/2019,Analyst
49-9094.00,1.A.1.b.6,Information Ordering,IM,3.5,8,0.189,3.1296,3.8704,N,,08/2019,Analyst
49-9094.00,1.A.1.b.6,Information Ordering,LV,3.25,8,0.1637,2.9292,3.5708,N,N,08/2019,Analyst
49-9094.00,1.A.1.b.7,Category Flexibility,IM,3.0,8,0.0,3.0,3.0,N,,08/2019,Analyst
49-9094.00,1.A.1.b.7,Category Flexibility,LV,3.0,8,0.0,3.0,3.0,N,N,08/2019,Analyst
49-9094.00,1.A.1.c.1,Mathematical Reasoning,IM,2.62,8,0.183,2.2664,2.9836,N,,08/2019,Analyst
49-9094.00,1.A.1.c.1,Mathematical Reasoning,LV,2.0,8,0.0,2.0,2.0,N,N,08/2019,Analyst
49-9094.00,1.A.1.c.2,Number Facility,IM,2.25,8,0.1637,1.9292,2.5708,N,,08/2019,Analyst
49-9094.00,1.A.1.c.2,Number Facility,LV,2.12,8,0.125,1.88,2.37,N,N,08/2019,Analyst
49-9094.00,1.A.1.d.1,Memorization,IM,2.25,8,0.1637,1.9292,2.5708,N,,08/2019,Analyst
49-9094.00,1.A.1.d.1,Memorization,LV,2.25,8,0.1637,1.9292,2.5708,N,N,08/2019,Analyst
49-9094.00,1.A.1.e.1,Speed of Closure,IM,2.5,8,0.189,2.1296,2.8704,N,,08/2019,Analyst
49-9094.00,1.A.1.e.1,Speed of Closure,LV,2.62,8,0.183,2.2664,2.9836,N,N,08/2019,Analyst
49-9094.00,1.A.1.e.2,Flexibility of Closure,IM,3.0,8,0.0,3.0,3.0,N,,08/2019,Analyst
49-9094.00,1.A.1.e.2,Flexibility of Closure,LV,2.88,8,0.125,2.63,3.12,N,N,08/2019,Analyst
49-9094.00,1.A.1.e.3,Perceptual Speed,IM,2.88,8,0.125,2.63,3.12,N,,08/2019,Analyst
49-9094.00,1.A.1.e.3,Perceptual Speed,LV,2.75,8,0.1637,2.4292,3.0708,N,N,08/2019,Analyst
49-9094.00,1.A.1.f.1,Spatial Orientation,IM,2.0,8,0.0,2.0,2.0,N,,08/2019,Analyst
49-9094.00,1.A.1.f.1,Spatial Orientation,LV,1.88,8,0.125,1.63,2.12,N,N,08/2019,Analyst
49-9094.00,1.A.1.f.2,Visualization,IM,3.25,8,0.1637,2.9292,3.5708,N,,08/2019,Analyst
49-9094.00,1.A.1.f.2,Visualization,LV,3.75,8,0.1637,3.4292,4.0708,N,N,08/2019,Analyst
49-9094.00,1.A.1.g.1,Selective Attention,IM,3.0,8,0.0,3.0,3.0,N,,08/2019,Analyst
49-9094.00,1.A.1.g.1,Selective Attention,LV,2.88,8,0.125,2.63,3.12,N,N,08/2019,Analyst
49-9094.00,1.A.1.g.2,Time Sharing,IM,2.25,8,0.1637,1.9292,2.5708,N,,08/2019,Analyst
49-9094.00,1.A.1.g.2,Time Sharing,LV,2.12,8,0.125,1.88,2.37,N,N,08/2019,Analyst
49-9094.00,1.A.2.a.1,Arm-Hand Steadiness,IM,3.75,8,0.1637,3.4292,4.0708,N,,08/2019,Analyst
49-9094.00,1.A.2.a.1,Arm-Hand Steadiness,LV,3.75,8,0.1637,3.4292,4.0708,N,N,08/2019,Analyst
49-9094.00,1.A.2.a.2,Manual Dexterity,IM,3.12,8,0.125,2.88,3.37,N,,08/2019,Analyst
49-9094.00,1.A.2.a.2,Manual Dexterity,LV,3.12,8,0.2266,2.6809,3.5691,N,N,08/2019,Analyst
49-9094.00,1.A.2.a.3,Finger Dexterity,IM,3.88,8,0.125,3.63,4.12,N,,08/2019,Analyst
49-9094.00,1.A.2.a.3,Finger Dexterity,LV,3.75,8,0.1637,3.4292,4.0708,N,N,08/2019,Analyst
49-9094.00,1.A.2.b.1,Control Precision,IM,3.88,8,0.125,3.63,4.12,N,,08/2019,Analyst
49-9094.00,1.A.2.b.1,Control Precision,LV,3.38,8,0.183,3.0164,3.7336,N,N,08/2019,Analyst
49-9094.00,1.A.2.b.2,Multilimb Coordination,IM,3.12,8,0.125,2.88,3.37,N,,08/2019,Analyst
49-9094.00,1.A.2.b.2,Multilimb Coordination,LV,3.0,8,0.0,3.0,3.0,N,N,08/2019,Analyst
49-9094.00,1.A.2.b.3,Response Orientation,IM,2.0,8,0.0,2.0,2.0,N,,08/2019,Analyst
49-9094.00,1.A.2.b.3,Response Orientation,LV,2.0,8,0.0,2.0,2.0,N,N,08/2019,Analyst
49-9094.00,1.A.2.b.4,Rate Control,IM,2.0,8,0.0,2.0,2.0,N,,08/2019,Analyst
49-9094.00,1.A.2.b.4,Rate Control,LV,2.0,8,0.189,1.6296,2.3704,N,N,08/2019,Analyst
49-9094.00,1.A.2.c.1,Reaction Time,IM,2.75,8,0.1637,2.4292,3.0708,N,,08/2019,Analyst
49-9094.00,1.A.2.c.1,Reaction Time,LV,2.88,8,0.125,2.63,3.12,N,N,08/2019,Analyst
49-9094.00,1.A.2.c.2,Wrist-Finger Speed,IM,2.62,8,0.183,2.2664,2.9836,N,,08/2019,Analyst
49-9094.00,1.A.2.c.2,Wrist-Finger Speed,LV,2.5,8,0.189,2.1296,2.8704,N,N,08/2019,Analyst
49-9094.00,1.A.2.c.3,Speed of Limb Movement,IM,1.62,8,0.183,1.2664,1.9836,N,,08/2019,Analyst
49-9094.00,1.A.2.c.3,Speed of Limb Movement,LV,0.75,8,0.25,0.26,1.24,N,N,08/2019,Analyst
49-9094.00,1.A.3.a.1,Static Strength,IM,2.75,8,0.1637,2.4292,3.0708,N,,08/2019,Analyst
49-9094.00,1.A.3.a.1,Static Strength,LV,2.88,8,0.125,2.63,3.12,N,N,08/2019,Analyst
49-9094.00,1.A.3.a.2,Explosive Strength,IM,1.62,8,0.183,1.2664,1.9836,N,,08/2019,Analyst
49-9094.00,1.A.3.a.2,Explosive Strength,LV,1.12,8,0.3981,0.3447,1.9053,N,N,08/2019,Analyst
49-9094.00,1.A.3.a.3,Dynamic Strength,IM,2.12,8,0.125,1.88,2.37,N,,08/2019,Analyst
49-9094.00,1.A.3.a.3,Dynamic Strength,LV,1.88,8,0.125,1.63,2.12,N,N,08/2019,Analyst
49-9094.00,1.A.3.a.4,Trunk Strength,IM,3.0,8,0.0,3.0,3.0,N,,08/2019,Analyst
49-9094.00,1.A.3.a.4,Trunk Strength,LV,3.0,8,0.0,3.0,3.0,N,N,08/2019,Analyst
49-9094.00,1.A.3.b.1,Stamina,IM,2.0,8,0.0,2.0,2.0,N,,08/2019,Analyst
49-9094.00,1.A.3.b.1,Stamina,LV,1.38,8,0.183,1.0164,1.7336,N,N,08/2019,Analyst
49-9094.00,1.A.3.c.1,Extent Flexibility,IM,3.25,8,0.1637,2.9292,3.5708,N,,08/2019,Analyst
49-9094.00,1.A.3.c.1,Extent Flexibility,LV,3.12,8,0.125,2.88,3.37,N,N,08/2019,Analyst
49-9094.00,1.A.3.c.2,Dynamic Flexibility,IM,1.0,8,0.0,1.0,1.0,N,,08/2019,Analyst
49-9094.00,1.A.3.c.2,Dynamic Flexibility,LV,0.0,8,0.0,0.0,0.0,N,Y,08/2019,Analyst
49-9094.00,1.A.3.c.3,Gross Body Coordination,IM,2.25,8,0.1637,1.9292,2.5708,N,,08/2019,Analyst
49-9094.00,1.A.3.c.3,Gross Body Coordination,LV,2.0,8,0.189,1.6296,2.3704,N,N,08/2019,Analyst
49-9094.00,1.A.3.c.4,Gross Body Equilibrium,IM,2.25,8,0.1637,1.9292,2.5708,N,,08/2019,Analyst
49-9094.00,1.A.3.c.4,Gross Body Equilibrium,LV,1.5,8,0.2673,0.9762,2.0238,N,N,08/2019,Analyst
49-9094.00,1.A.4.a.1,Near Vision,IM,3.75,8,0.1637,3.4292,4.0708,N,,08/2019,Analyst
49-9094.00,1.A.4.a.1,Near Vision,LV,4.25,8,0.1637,3.9292,4.5708,N,N,08/2019,Analyst
49-9094.00,1.A.4.a.2,Far Vision,IM,2.88,8,0.125,2.63,3.12,N,,08/2019,Analyst
49-9094.00,1.A.4.a.2,Far Vision,LV,2.38,8,0.183,2.0164,2.7336,N,N,08/2019,Analyst
49-9094.00,1.A.4.a.3,Visual Color Discrimination,IM,2.62,8,0.183,2.2664,2.9836,N,,08/2019,Analyst
49-9094.00,1.A.4.a.3,Visual Color Discrimination,LV,2.75,8,0.1637,2.4292,3.0708,N,N,08/2019,Analyst
49-9094.00,1.A.4.a.4,Night Vision,IM,2.0,8,0.0,2.0,2.0,N,,08/2019,Analyst
49-9094.00,1.A.4.a.4,Night Vision,LV,1.12,8,0.125,0.88,1.37,N,N,08/2019,Analyst
49-9094.00,1.A.4.a.5,Peripheral Vision,IM,2.0,8,0.0,2.0,2.0,N,,08/2019,Analyst
49-9094.00,1.A.4.a.5,Peripheral Vision,LV,1.12,8,0.125,0.88,1.37,N,N,08/2019,Analyst
49-9094.00,1.A.4.a.6,Depth Perception,IM,2.88,8,0.125,2.63,3.12,N,,08/2019,Analyst
49-9094.00,1.A.4.a.6,Depth Perception,LV,3.0,8,0.0,3.0,3.0,N,N,08/2019,Analyst
49-9094.00,1.A.4.a.7,Glare Sensitivity,IM,2.0,8,0.0,2.0,2.0,N,,08/2019,Analyst
49-9094.00,1.A.4.a.7,Glare Sensitivity,LV,2.0,8,0.189,1.6296,2.3704,N,N,08/2019,Analyst
49-9094.00,1.A.4.b.1,Hearing Sensitivity,IM,2.5,8,0.189,2.1296,2.8704,N,,08/2019,Analyst
49-9094.00,1.A.4.b.1,Hearing Sensitivity,LV,2.12,8,0.125,1.88,2.37,N,N,08/2019,Analyst
49-9094.00,1.A.4.b.2,Auditory Attention,IM,2.12,8,0.125,1.88,2.37,N,,08/2019,Analyst
49-9094.00,1.A.4.b.2,Auditory Attention,LV,2.12,8,0.125,1.88,2.37,N,N,08/2019,Analyst
49-9094.00,1.A.4.b.3,Sound Localization,IM,2.0,8,0.0,2.0,2.0,N,,08/2019,Analyst
49-9094.00,1.A.4.b.3,Sound Localization,LV,1.25,8,0.1637,0.9292,1.5708,N,N,08/2019,Analyst
49-9094.00,1.A.4.b.4,Speech Recognition,IM,3.12,8,0.125,2.88,3.37,N,,08/2019,Analyst
49-9094.00,1.A.4.b.4,Speech Recognition,LV,3.0,8,0.0,3.0,3.0,N,N,08/2019,Analyst
49-9094.00,1.A.4.b.5,Speech Clarity,IM,3.12,8,0.125,2.88,3.37,N,,08/2019,Analyst
49-9094.00,1.A.4.b.5,Speech Clarity,LV,3.0,8,0.0,3.0,3.0,N,N,08/2019,Analyst
49-9095.00,1.A.1.a.1,Oral Comprehension,IM,3.5,8,0.189,3.1296,3.8704,N,,06/2007,Analyst
49-9095.00,1.A.1.a.1,Oral Comprehension,LV,3.88,8,0.125,3.63,4.12,N,N,06/2007,Analyst
49-9095.00,1.A.1.a.2,Written Comprehension,IM,3.0,8,0.0,3.0,3.0,N,,06/2007,Analyst
49-9095.00,1.A.1.a.2,Written Comprehension,LV,3.25,8,0.1637,2.9292,3.5708,N,N,06/2007,Analyst
49-9095.00,1.A.1.a.3,Oral Expression,IM,3.38,8,0.183,3.0164,3.7336,N,,06/2007,Analyst
49-9095.00,1.A.1.a.3,Oral Expression,LV,3.75,8,0.1637,3.4292,4.0708,N,N,06/2007,Analyst
49-9095.00,1.A.1.a.4,Written Expression,IM,3.0,8,0.189,2.6296,3.3704,N,,06/2007,Analyst
49-9095.00,1.A.1.a.4,Written Expression,LV,2.63,8,0.183,2.2664,2.9836,N,N,06/2007,Analyst
49-9095.00,1.A.1.b.1,Fluency of Ideas,IM,3.25,8,0.1637,2.9292,3.5708,N,,06/2007,Analyst
49-9095.00,1.A.1.b.1,Fluency of Ideas,LV,2.88,8,0.2266,2.4309,3.3191,N,N,06/2007,Analyst
49-9095.00,1.A.1.b.2,Originality,IM,3.13,8,0.2266,2.6809,3.5691,N,,06/2007,Analyst
49-9095.00,1.A.1.b.2,Originality,LV,2.88,8,0.2266,2.4309,3.3191,N,N,06/2007,Analyst
49-9095.00,1.A.1.b.3,Problem Sensitivity,IM,3.88,8,0.2266,3.4309,4.3191,N,,06/2007,Analyst
49-9095.00,1.A.1.b.3,Problem Sensitivity,LV,3.25,8,0.1637,2.9292,3.5708,N,N,06/2007,Analyst
49-9095.00,1.A.1.b.4,Deductive Reasoning,IM,3.38,8,0.183,3.0164,3.7336,N,,06/2007,Analyst
49-9095.00,1.A.1.b.4,Deductive Reasoning,LV,3.63,8,0.183,3.2664,3.9836,N,N,06/2007,Analyst
49-9095.00,1.A.1.b.5,Inductive Reasoning,IM,3.13,8,0.125,2.88,3.37,N,,06/2007,Analyst
49-9095.00,1.A.1.b.5,Inductive Reasoning,LV,3.25,8,0.1637,2.9292,3.5708,N,N,06/2007,Analyst
49-9095.00,1.A.1.b.6,Information Ordering,IM,3.38,8,0.183,3.0164,3.7336,N,,06/2007,Analyst
49-9095.00,1.A.1.b.6,Information Ordering,LV,3.5,8,0.189,3.1296,3.8704,N,N,06/2007,Analyst
49-9095.00,1.A.1.b.7,Category Flexibility,IM,3.38,8,0.183,3.0164,3.7336,N,,06/2007,Analyst
49-9095.00,1.A.1.b.7,Category Flexibility,LV,3.0,8,0.189,2.6296,3.3704,N,N,06/2007,Analyst
49-9095.00,1.A.1.c.1,Mathematical Reasoning,IM,2.63,8,0.183,2.2664,2.9836,N,,06/2007,Analyst
49-9095.00,1.A.1.c.1,Mathematical Reasoning,LV,2.25,8,0.1637,1.9292,2.5708,N,N,06/2007,Analyst
49-9095.00,1.A.1.c.2,Number Facility,IM,2.63,8,0.183,2.2664,2.9836,N,,06/2007,Analyst
49-9095.00,1.A.1.c.2,Number Facility,LV,2.63,8,0.183,2.2664,2.9836,N,N,06/2007,Analyst
49-9095.00,1.A.1.d.1,Memorization,IM,2.88,8,0.125,2.63,3.12,N,,06/2007,Analyst
49-9095.00,1.A.1.d.1,Memorization,LV,3.0,8,0.189,2.6296,3.3704,N,N,06/2007,Analyst
49-9095.00,1.A.1.e.1,Speed of Closure,IM,2.75,8,0.25,2.26,3.24,N,,06/2007,Analyst
49-9095.00,1.A.1.e.1,Speed of Closure,LV,2.63,8,0.183,2.2664,2.9836,N,N,06/2007,Analyst
49-9095.00,1.A.1.e.2,Flexibility of Closure,IM,3.25,8,0.25,2.76,3.74,N,,06/2007,Analyst
49-9095.00,1.A.1.e.2,Flexibility of Closure,LV,3.25,8,0.25,2.76,3.74,N,N,06/2007,Analyst
49-9095.00,1.A.1.e.3,Perceptual Speed,IM,3.13,8,0.2266,2.6809,3.5691,N,,06/2007,Analyst
49-9095.00,1.A.1.e.3,Perceptual Speed,LV,3.0,8,0.2673,2.4762,3.5238,N,N,06/2007,Analyst
49-9095.00,1.A.1.f.1,Spatial Orientation,IM,3.13,8,0.295,2.5467,3.7033,N,,06/2007,Analyst
49-9095.00,1.A.1.f.1,Spatial Orientation,LV,2.88,8,0.3504,2.1883,3.5617,N,N,06/2007,Analyst
49-9095.00,1.A.1.f.2,Visualization,IM,3.75,8,0.1637,3.4292,4.0708,N,,06/2007,Analyst
49-9095.00,1.A.1.f.2,Visualization,LV,4.25,8,0.1637,3.9292,4.5708,N,N,06/2007,Analyst
49-9095.00,1.A.1.g.1,Selective Attention,IM,3.25,8,0.25,2.76,3.74,N,,06/2007,Analyst
49-9095.00,1.A.1.g.1,Selective Attention,LV,3.25,8,0.25,2.76,3.74,N,N,06/2007,Analyst
49-9095.00,1.A.1.g.2,Time Sharing,IM,3.13,8,0.295,2.5467,3.7033,N,,06/2007,Analyst
49-9095.00,1.A.1.g.2,Time Sharing,LV,3.13,8,0.2266,2.6809,3.5691,N,N,06/2007,Analyst
49-9095.00,1.A.2.a.1,Arm-Hand Steadiness,IM,4.0,8,0.3273,3.3584,4.6416,N,,06/2007,Analyst
49-9095.00,1.A.2.a.1,Arm-Hand Steadiness,LV,3.38,8,0.3239,2.7402,4.0098,N,N,06/2007,Analyst
49-9095.00,1.A.2.a.2,Manual Dexterity,IM,4.0,8,0.2673,3.4762,4.5238,N,,06/2007,Analyst
49-9095.00,1.A.2.a.2,Manual Dexterity,LV,3.5,8,0.378,2.7592,4.2408,N,N,06/2007,Analyst
49-9095.00,1.A.2.a.3,Finger Dexterity,IM,3.88,8,0.2266,3.4309,4.3191,N,,06/2007,Analyst
49-9095.00,1.A.2.a.3,Finger Dexterity,LV,3.5,8,0.2673,2.9762,4.0238,N,N,06/2007,Analyst
49-9095.00,1.A.2.b.1,Control Precision,IM,4.25,8,0.1637,3.9292,4.5708,N,,06/2007,Analyst
49-9095.00,1.A.2.b.1,Control Precision,LV,3.63,8,0.183,3.2664,3.9836,N,N,06/2007,Analyst
49-9095.00,1.A.2.b.2,Multilimb Coordination,IM,4.38,8,0.183,4.0164,4.7336,N,,06/2007,Analyst
49-9095.00,1.A.2.b.2,Multilimb Coordination,LV,4.13,8,0.2266,3.6809,4.5691,N,N,06/2007,Analyst
49-9095.00,1.A.2.b.3,Response Orientation,IM,3.5,8,0.2673,2.9762,4.0238,N,,06/2007,Analyst
49-9095.00,1.A.2.b.3,Response Orientation,LV,3.63,8,0.2631,3.1094,4.1406,N,N,06/2007,Analyst
49-9095.00,1.A.2.b.4,Rate Control,IM,3.25,8,0.25,2.76,3.74,N,,06/2007,Analyst
49-9095.00,1.A.2.b.4,Rate Control,LV,3.0,8,0.2673,2.4762,3.5238,N,N,06/2007,Analyst
49-9095.00,1.A.2.c.1,Reaction Time,IM,3.88,8,0.3504,3.1883,4.5617,N,,06/2007,Analyst
49-9095.00,1.A.2.c.1,Reaction Time,LV,4.0,8,0.378,3.2592,4.7408,N,N,06/2007,Analyst
49-9095.00,1.A.2.c.2,Wrist-Finger Speed,IM,3.38,8,0.2631,2.8594,3.8906,N,,06/2007,Analyst
49-9095.00,1.A.2.c.2,Wrist-Finger Speed,LV,3.38,8,0.2631,2.8594,3.8906,N,N,06/2007,Analyst
49-9095.00,1.A.2.c.3,Speed of Limb Movement,IM,3.13,8,0.2266,2.6809,3.5691,N,,06/2007,Analyst
49-9095.00,1.A.2.c.3,Speed of Limb Movement,LV,3.13,8,0.2266,2.6809,3.5691,N,N,06/2007,Analyst
49-9095.00,1.A.3.a.1,Static Strength,IM,3.63,8,0.183,3.2664,3.9836,N,,06/2007,Analyst
49-9095.00,1.A.3.a.1,Static Strength,LV,4.0,8,0.3273,3.3584,4.6416,N,N,06/2007,Analyst
49-9095.00,1.A.3.a.2,Explosive Strength,IM,2.0,8,0.5,1.02,2.98,N,,06/2007,Analyst
49-9095.00,1.A.3.a.2,Explosive Strength,LV,1.25,8,0.5261,0.2188,2.2812,Y,N,06/2007,Analyst
49-9095.00,1.A.3.a.3,Dynamic Strength,IM,3.0,8,0.378,2.2592,3.7408,N,,06/2007,Analyst
49-9095.00,1.A.3.a.3,Dynamic Strength,LV,3.0,8,0.5669,1.8888,4.1112,Y,N,06/2007,Analyst
49-9095.00,1.A.3.a.4,Trunk Strength,IM,3.75,8,0.3134,3.1358,4.3642,N,,06/2007,Analyst
49-9095.00,1.A.3.a.4,Trunk Strength,LV,3.75,8,0.3134,3.1358,4.3642,N,N,06/2007,Analyst
49-9095.00,1.A.3.b.1,Stamina,IM,3.5,8,0.3273,2.8584,4.1416,N,,06/2007,Analyst
49-9095.00,1.A.3.b.1,Stamina,LV,3.25,8,0.366,2.5327,3.9673,N,N,06/2007,Analyst
49-9095.00,1.A.3.c.1,Extent Flexibility,IM,3.63,8,0.183,3.2664,3.9836,N,,06/2007,Analyst
49-9095.00,1.A.3.c.1,Extent Flexibility,LV,3.88,8,0.2266,3.4309,4.3191,N,N,06/2007,Analyst
49-9095.00,1.A.3.c.2,Dynamic Flexibility,IM,1.63,8,0.4978,1.0,2.6006,N,,06/2007,Analyst
49-9095.00,1.A.3.c.2,Dynamic Flexibility,LV,0.63,8,0.4978,0.0,1.6006,N,Y,06/2007,Analyst
49-9095.00,1.A.3.c.3,Gross Body Coordination,IM,3.38,8,0.183,3.0164,3.7336,N,,06/2007,Analyst
49-9095.00,1.A.3.c.3,Gross Body Coordination,LV,3.5,8,0.189,3.1296,3.8704,N,N,06/2007,Analyst
49-9095.00,1.A.3.c.4,Gross Body Equilibrium,IM,3.38,8,0.183,3.0164,3.7336,N,,06/2007,Analyst
49-9095.00,1.A.3.c.4,Gross Body Equilibrium,LV,3.13,8,0.3504,2.4383,3.8117,N,N,06/2007,Analyst
49-9095.00,1.A.4.a.1,Near Vision,IM,3.75,8,0.1637,3.4292,4.0708,N,,06/2007,Analyst
49-9095.00,1.A.4.a.1,Near Vision,LV,3.63,8,0.183,3.2664,3.9836,N,N,06/2007,Analyst
49-9095.00,1.A.4.a.2,Far Vision,IM,3.5,8,0.189,3.1296,3.8704,N,,06/2007,Analyst
49-9095.00,1.A.4.a.2,Far Vision,LV,3.5,8,0.189,3.1296,3.8704,N,N,06/2007,Analyst
49-9095.00,1.A.4.a.3,Visual Color Discrimination,IM,3.38,8,0.2631,2.8594,3.8906,N,,06/2007,Analyst
49-9095.00,1.A.4.a.3,Visual Color Discrimination,LV,3.63,8,0.2631,3.1094,4.1406,N,N,06/2007,Analyst
49-9095.00,1.A.4.a.4,Night Vision,IM,2.38,8,0.3239,1.7402,3.0098,N,,06/2007,Analyst
49-9095.00,1.A.4.a.4,Night Vision,LV,1.88,8,0.3504,1.1883,2.5617,N,N,06/2007,Analyst
49-9095.00,1.A.4.a.5,Peripheral Vision,IM,2.5,8,0.2673,1.9762,3.0238,N,,06/2007,Analyst
49-9095.00,1.A.4.a.5,Peripheral Vision,LV,2.25,8,0.25,1.76,2.74,N,N,06/2007,Analyst
49-9095.00,1.A.4.a.6,Depth Perception,IM,3.63,8,0.183,3.2664,3.9836,N,,06/2007,Analyst
49-9095.00,1.A.4.a.6,Depth Perception,LV,3.63,8,0.183,3.2664,3.9836,N,N,06/2007,Analyst
49-9095.00,1.A.4.a.7,Glare Sensitivity,IM,2.63,8,0.2631,2.1094,3.1406,N,,06/2007,Analyst
49-9095.00,1.A.4.a.7,Glare Sensitivity,LV,2.38,8,0.183,2.0164,2.7336,N,N,06/2007,Analyst
49-9095.00,1.A.4.b.1,Hearing Sensitivity,IM,3.0,8,0.2673,2.4762,3.5238,N,,06/2007,Analyst
49-9095.00,1.A.4.b.1,Hearing Sensitivity,LV,2.88,8,0.2266,2.4309,3.3191,N,N,06/2007,Analyst
49-9095.00,1.A.4.b.2,Auditory Attention,IM,3.0,8,0.189,2.6296,3.3704,N,,06/2007,Analyst
49-9095.00,1.A.4.b.2,Auditory Attention,LV,3.0,8,0.378,2.2592,3.7408,N,N,06/2007,Analyst
49-9095.00,1.A.4.b.3,Sound Localization,IM,2.38,8,0.3239,1.7402,3.0098,N,,06/2007,Analyst
49-9095.00,1.A.4.b.3,Sound Localization,LV,1.88,8,0.3504,1.1883,2.5617,N,N,06/2007,Analyst
49-9095.00,1.A.4.b.4,Speech Recognition,IM,3.38,8,0.183,3.0164,3.7336,N,,06/2007,Analyst
49-9095.00,1.A.4.b.4,Speech Recognition,LV,3.13,8,0.295,2.5467,3.7033,N,N,06/2007,Analyst
49-9095.00,1.A.4.b.5,Speech Clarity,IM,3.25,8,0.1637,2.9292,3.5708,N,,06/2007,Analyst
49-9095.00,1.A.4.b.5,Speech Clarity,LV,2.88,8,0.2266,2.4309,3.3191,N,N,06/2007,Analyst
49-9096.00,1.A.1.a.1,Oral Comprehension,IM,3.25,8,0.1637,2.9292,3.5708,N,,08/2020,Analyst
49-9096.00,1.A.1.a.1,Oral Comprehension,LV,3.12,8,0.125,2.88,3.37,N,N,08/2020,Analyst
49-9096.00,1.A.1.a.2,Written Comprehension,IM,3.0,8,0.0,3.0,3.0,N,,08/2020,Analyst
49-9096.00,1.A.1.a.2,Written Comprehension,LV,2.75,8,0.1637,2.4292,3.0708,N,N,08/2020,Analyst
49-9096.00,1.A.1.a.3,Oral Expression,IM,3.0,8,0.0,3.0,3.0,N,,08/2020,Analyst
49-9096.00,1.A.1.a.3,Oral Expression,LV,3.75,8,0.1637,3.4292,4.0708,N,N,08/2020,Analyst
49-9096.00,1.A.1.a.4,Written Expression,IM,2.38,8,0.183,2.0164,2.7336,N,,08/2020,Analyst
49-9096.00,1.A.1.a.4,Written Expression,LV,2.38,8,0.183,2.0164,2.7336,N,N,08/2020,Analyst
49-9096.00,1.A.1.b.1,Fluency of Ideas,IM,2.38,8,0.183,2.0164,2.7336,N,,08/2020,Analyst
49-9096.00,1.A.1.b.1,Fluency of Ideas,LV,2.12,8,0.125,1.88,2.37,N,N,08/2020,Analyst
49-9096.00,1.A.1.b.2,Originality,IM,2.38,8,0.183,2.0164,2.7336,N,,08/2020,Analyst
49-9096.00,1.A.1.b.2,Originality,LV,2.25,8,0.1637,1.9292,2.5708,N,N,08/2020,Analyst
49-9096.00,1.A.1.b.3,Problem Sensitivity,IM,3.75,8,0.1637,3.4292,4.0708,N,,08/2020,Analyst
49-9096.00,1.A.1.b.3,Problem Sensitivity,LV,3.25,8,0.1637,2.9292,3.5708,N,N,08/2020,Analyst
49-9096.00,1.A.1.b.4,Deductive Reasoning,IM,3.0,8,0.0,3.0,3.0,N,,08/2020,Analyst
49-9096.00,1.A.1.b.4,Deductive Reasoning,LV,3.0,8,0.0,3.0,3.0,N,N,08/2020,Analyst
49-9096.00,1.A.1.b.5,Inductive Reasoning,IM,3.0,8,0.0,3.0,3.0,N,,08/2020,Analyst
49-9096.00,1.A.1.b.5,Inductive Reasoning,LV,3.0,8,0.0,3.0,3.0,N,N,08/2020,Analyst
49-9096.00,1.A.1.b.6,Information Ordering,IM,3.25,8,0.1637,2.9292,3.5708,N,,08/2020,Analyst
49-9096.00,1.A.1.b.6,Information Ordering,LV,3.12,8,0.125,2.88,3.37,N,N,08/2020,Analyst
49-9096.00,1.A.1.b.7,Category Flexibility,IM,3.0,8,0.0,3.0,3.0,N,,08/2020,Analyst
49-9096.00,1.A.1.b.7,Category Flexibility,LV,3.0,8,0.0,3.0,3.0,N,N,08/2020,Analyst
49-9096.00,1.A.1.c.1,Mathematical Reasoning,IM,1.5,8,0.189,1.1296,1.8704,N,,08/2020,Analyst
49-9096.00,1.A.1.c.1,Mathematical Reasoning,LV,0.75,8,0.3134,0.1358,1.3642,N,N,08/2020,Analyst
49-9096.00,1.A.1.c.2,Number Facility,IM,1.62,8,0.183,1.2664,1.9836,N,,08/2020,Analyst
49-9096.00,1.A.1.c.2,Number Facility,LV,0.88,8,0.295,0.2967,1.4533,N,N,08/2020,Analyst
49-9096.00,1.A.1.d.1,Memorization,IM,2.0,8,0.0,2.0,2.0,N,,08/2020,Analyst
49-9096.00,1.A.1.d.1,Memorization,LV,2.0,8,0.0,2.0,2.0,N,N,08/2020,Analyst
49-9096.00,1.A.1.e.1,Speed of Closure,IM,2.0,8,0.0,2.0,2.0,N,,08/2020,Analyst
49-9096.00,1.A.1.e.1,Speed of Closure,LV,2.12,8,0.125,1.88,2.37,N,N,08/2020,Analyst
49-9096.00,1.A.1.e.2,Flexibility of Closure,IM,2.75,8,0.1637,2.4292,3.0708,N,,08/2020,Analyst
49-9096.00,1.A.1.e.2,Flexibility of Closure,LV,2.62,8,0.183,2.2664,2.9836,N,N,08/2020,Analyst
49-9096.00,1.A.1.e.3,Perceptual Speed,IM,3.0,8,0.0,3.0,3.0,N,,08/2020,Analyst
49-9096.00,1.A.1.e.3,Perceptual Speed,LV,3.0,8,0.0,3.0,3.0,N,N,08/2020,Analyst
49-9096.00,1.A.1.f.1,Spatial Orientation,IM,2.25,8,0.1637,1.9292,2.5708,N,,08/2020,Analyst
49-9096.00,1.A.1.f.1,Spatial Orientation,LV,2.0,8,0.0,2.0,2.0,N,N,08/2020,Analyst
49-9096.00,1.A.1.f.2,Visualization,IM,3.12,8,0.2266,2.6809,3.5691,N,,08/2020,Analyst
49-9096.00,1.A.1.f.2,Visualization,LV,3.88,8,0.125,3.63,4.12,N,N,08/2020,Analyst
49-9096.00,1.A.1.g.1,Selective Attention,IM,3.0,8,0.0,3.0,3.0,N,,08/2020,Analyst
49-9096.00,1.A.1.g.1,Selective Attention,LV,3.0,8,0.0,3.0,3.0,N,N,08/2020,Analyst
49-9096.00,1.A.1.g.2,Time Sharing,IM,2.75,8,0.1637,2.4292,3.0708,N,,08/2020,Analyst
49-9096.00,1.A.1.g.2,Time Sharing,LV,2.62,8,0.183,2.2664,2.9836,N,N,08/2020,Analyst
49-9096.00,1.A.2.a.1,Arm-Hand Steadiness,IM,3.0,8,0.0,3.0,3.0,N,,08/2020,Analyst
49-9096.00,1.A.2.a.1,Arm-Hand Steadiness,LV,3.0,8,0.0,3.0,3.0,N,N,08/2020,Analyst
49-9096.00,1.A.2.a.2,Manual Dexterity,IM,3.12,8,0.125,2.88,3.37,N,,08/2020,Analyst
49-9096.00,1.A.2.a.2,Manual Dexterity,LV,3.12,8,0.125,2.88,3.37,N,N,08/2020,Analyst
49-9096.00,1.A.2.a.3,Finger Dexterity,IM,3.0,8,0.0,3.0,3.0,N,,08/2020,Analyst
49-9096.00,1.A.2.a.3,Finger Dexterity,LV,3.0,8,0.0,3.0,3.0,N,N,08/2020,Analyst
49-9096.00,1.A.2.b.1,Control Precision,IM,3.38,8,0.183,3.0164,3.7336,N,,08/2020,Analyst
49-9096.00,1.A.2.b.1,Control Precision,LV,3.5,8,0.189,3.1296,3.8704,N,N,08/2020,Analyst
49-9096.00,1.A.2.b.2,Multilimb Coordination,IM,3.38,8,0.183,3.0164,3.7336,N,,08/2020,Analyst
49-9096.00,1.A.2.b.2,Multilimb Coordination,LV,3.38,8,0.183,3.0164,3.7336,N,N,08/2020,Analyst
49-9096.00,1.A.2.b.3,Response Orientation,IM,2.75,8,0.1637,2.4292,3.0708,N,,08/2020,Analyst
49-9096.00,1.A.2.b.3,Response Orientation,LV,2.75,8,0.1637,2.4292,3.0708,N,N,08/2020,Analyst
49-9096.00,1.A.2.b.4,Rate Control,IM,2.5,8,0.189,2.1296,2.8704,N,,08/2020,Analyst
49-9096.00,1.A.2.b.4,Rate Control,LV,2.5,8,0.189,2.1296,2.8704,N,N,08/2020,Analyst
49-9096.00,1.A.2.c.1,Reaction Time,IM,3.12,8,0.125,2.88,3.37,N,,08/2020,Analyst
49-9096.00,1.A.2.c.1,Reaction Time,LV,3.12,8,0.125,2.88,3.37,N,N,08/2020,Analyst
49-9096.00,1.A.2.c.2,Wrist-Finger Speed,IM,2.25,8,0.1637,1.9292,2.5708,N,,08/2020,Analyst
49-9096.00,1.A.2.c.2,Wrist-Finger Speed,LV,2.12,8,0.125,1.88,2.37,N,N,08/2020,Analyst
49-9096.00,1.A.2.c.3,Speed of Limb Movement,IM,1.88,8,0.125,1.63,2.12,N,,08/2020,Analyst
49-9096.00,1.A.2.c.3,Speed of Limb Movement,LV,1.75,8,0.25,1.26,2.24,N,N,08/2020,Analyst
49-9096.00,1.A.3.a.1,Static Strength,IM,3.12,8,0.125,2.88,3.37,N,,08/2020,Analyst
49-9096.00,1.A.3.a.1,Static Strength,LV,3.12,8,0.125,2.88,3.37,N,N,08/2020,Analyst
49-9096.00,1.A.3.a.2,Explosive Strength,IM,1.75,8,0.25,1.26,2.24,N,,08/2020,Analyst
49-9096.00,1.A.3.a.2,Explosive Strength,LV,1.25,8,0.4119,0.4427,2.0573,N,N,08/2020,Analyst
49-9096.00,1.A.3.a.3,Dynamic Strength,IM,2.25,8,0.1637,1.9292,2.5708,N,,08/2020,Analyst
49-9096.00,1.A.3.a.3,Dynamic Strength,LV,2.25,8,0.1637,1.9292,2.5708,N,N,08/2020,Analyst
49-9096.00,1.A.3.a.4,Trunk Strength,IM,3.25,8,0.1637,2.9292,3.5708,N,,08/2020,Analyst
49-9096.00,1.A.3.a.4,Trunk Strength,LV,3.25,8,0.1637,2.9292,3.5708,N,N,08/2020,Analyst
49-9096.00,1.A.3.b.1,Stamina,IM,2.88,8,0.125,2.63,3.12,N,,08/2020,Analyst
49-9096.00,1.A.3.b.1,Stamina,LV,2.88,8,0.125,2.63,3.12,N,N,08/2020,Analyst
49-9096.00,1.A.3.c.1,Extent Flexibility,IM,3.12,8,0.125,2.88,3.37,N,,08/2020,Analyst
49-9096.00,1.A.3.c.1,Extent Flexibility,LV,3.12,8,0.125,2.88,3.37,N,N,08/2020,Analyst
49-9096.00,1.A.3.c.2,Dynamic Flexibility,IM,1.12,8,0.125,1.0,1.37,N,,08/2020,Analyst
49-9096.00,1.A.3.c.2,Dynamic Flexibility,LV,0.12,8,0.125,0.0,0.37,N,Y,08/2020,Analyst
49-9096.00,1.A.3.c.3,Gross Body Coordination,IM,3.0,8,0.0,3.0,3.0,N,,08/2020,Analyst
49-9096.00,1.A.3.c.3,Gross Body Coordination,LV,2.88,8,0.125,2.63,3.12,N,N,08/2020,Analyst
49-9096.00,1.A.3.c.4,Gross Body Equilibrium,IM,3.0,8,0.0,3.0,3.0,N,,08/2020,Analyst
49-9096.00,1.A.3.c.4,Gross Body Equilibrium,LV,3.12,8,0.125,2.88,3.37,N,N,08/2020,Analyst
49-9096.00,1.A.4.a.1,Near Vision,IM,3.38,8,0.183,3.0164,3.7336,N,,08/2020,Analyst
49-9096.00,1.A.4.a.1,Near Vision,LV,3.12,8,0.125,2.88,3.37,N,N,08/2020,Analyst
49-9096.00,1.A.4.a.2,Far Vision,IM,3.25,8,0.1637,2.9292,3.5708,N,,08/2020,Analyst
49-9096.00,1.A.4.a.2,Far Vision,LV,3.38,8,0.183,3.0164,3.7336,N,N,08/2020,Analyst
49-9096.00,1.A.4.a.3,Visual Color Discrimination,IM,2.75,8,0.1637,2.4292,3.0708,N,,08/2020,Analyst
49-9096.00,1.A.4.a.3,Visual Color Discrimination,LV,2.38,8,0.183,2.0164,2.7336,N,N,08/2020,Analyst
49-9096.00,1.A.4.a.4,Night Vision,IM,2.0,8,0.0,2.0,2.0,N,,08/2020,Analyst
49-9096.00,1.A.4.a.4,Night Vision,LV,1.75,8,0.1637,1.4292,2.0708,N,N,08/2020,Analyst
49-9096.00,1.A.4.a.5,Peripheral Vision,IM,2.0,8,0.0,2.0,2.0,N,,08/2020,Analyst
49-9096.00,1.A.4.a.5,Peripheral Vision,LV,2.12,8,0.125,1.88,2.37,N,N,08/2020,Analyst
49-9096.00,1.A.4.a.6,Depth Perception,IM,3.38,8,0.183,3.0164,3.7336,N,,08/2020,Analyst
49-9096.00,1.A.4.a.6,Depth Perception,LV,4.0,8,0.0,4.0,4.0,N,N,08/2020,Analyst
49-9096.00,1.A.4.a.7,Glare Sensitivity,IM,2.25,8,0.1637,1.9292,2.5708,N,,08/2020,Analyst
49-9096.00,1.A.4.a.7,Glare Sensitivity,LV,2.5,8,0.189,2.1296,2.8704,N,N,08/2020,Analyst
49-9096.00,1.A.4.b.1,Hearing Sensitivity,IM,2.88,8,0.125,2.63,3.12,N,,08/2020,Analyst
49-9096.00,1.A.4.b.1,Hearing Sensitivity,LV,2.5,8,0.189,2.1296,2.8704,N,N,08/2020,Analyst
49-9096.00,1.A.4.b.2,Auditory Attention,IM,3.0,8,0.0,3.0,3.0,N,,08/2020,Analyst
49-9096.00,1.A.4.b.2,Auditory Attention,LV,2.88,8,0.125,2.63,3.12,N,N,08/2020,Analyst
49-9096.00,1.A.4.b.3,Sound Localization,IM,2.0,8,0.0,2.0,2.0,N,,08/2020,Analyst
49-9096.00,1.A.4.b.3,Sound Localization,LV,1.62,8,0.183,1.2664,1.9836,N,N,08/2020,Analyst
49-9096.00,1.A.4.b.4,Speech Recognition,IM,3.12,8,0.125,2.88,3.37,N,,08/2020,Analyst
49-9096.00,1.A.4.b.4,Speech Recognition,LV,2.75,8,0.1637,2.4292,3.0708,N,N,08/2020,Analyst
49-9096.00,1.A.4.b.5,Speech Clarity,IM,3.0,8,0.189,2.6296,3.3704,N,,08/2020,Analyst
49-9096.00,1.A.4.b.5,Speech Clarity,LV,2.88,8,0.125,2.63,3.12,N,N,08/2020,Analyst
49-9097.00,1.A.1.a.1,Oral Comprehension,IM,3.0,8,0.0,3.0,3.0,N,,08/2021,Analyst
49-9097.00,1.A.1.a.1,Oral Comprehension,LV,3.75,8,0.1637,3.4292,4.0708,N,N,08/2021,Analyst
49-9097.00,1.A.1.a.2,Written Comprehension,IM,2.88,8,0.125,2.63,3.12,N,,08/2021,Analyst
49-9097.00,1.A.1.a.2,Written Comprehension,LV,3.0,8,0.0,3.0,3.0,N,N,08/2021,Analyst
49-9097.00,1.A.1.a.3,Oral Expression,IM,3.0,8,0.0,3.0,3.0,N,,08/2021,Analyst
49-9097.00,1.A.1.a.3,Oral Expression,LV,3.0,8,0.0,3.0,3.0,N,N,08/2021,Analyst
49-9097.00,1.A.1.a.4,Written Expression,IM,2.88,8,0.125,2.63,3.12,N,,08/2021,Analyst
49-9097.00,1.A.1.a.4,Written Expression,LV,3.0,8,0.0,3.0,3.0,N,N,08/2021,Analyst
49-9097.00,1.A.1.b.1,Fluency of Ideas,IM,2.0,8,0.0,2.0,2.0,N,,08/2021,Analyst
49-9097.00,1.A.1.b.1,Fluency of Ideas,LV,2.38,8,0.2631,1.8594,2.8906,N,N,08/2021,Analyst
49-9097.00,1.A.1.b.2,Originality,IM,2.0,8,0.0,2.0,2.0,N,,08/2021,Analyst
49-9097.00,1.A.1.b.2,Originality,LV,2.0,8,0.189,1.6296,2.3704,N,N,08/2021,Analyst
49-9097.00,1.A.1.b.3,Problem Sensitivity,IM,3.75,8,0.1637,3.4292,4.0708,N,,08/2021,Analyst
49-9097.00,1.A.1.b.3,Problem Sensitivity,LV,3.38,8,0.183,3.0164,3.7336,N,N,08/2021,Analyst
49-9097.00,1.A.1.b.4,Deductive Reasoning,IM,3.25,8,0.1637,2.9292,3.5708,N,,08/2021,Analyst
49-9097.00,1.A.1.b.4,Deductive Reasoning,LV,3.75,8,0.1637,3.4292,4.0708,N,N,08/2021,Analyst
49-9097.00,1.A.1.b.5,Inductive Reasoning,IM,3.25,8,0.1637,2.9292,3.5708,N,,08/2021,Analyst
49-9097.00,1.A.1.b.5,Inductive Reasoning,LV,3.38,8,0.183,3.0164,3.7336,N,N,08/2021,Analyst
49-9097.00,1.A.1.b.6,Information Ordering,IM,3.12,8,0.125,2.88,3.37,N,,08/2021,Analyst
49-9097.00,1.A.1.b.6,Information Ordering,LV,3.0,8,0.0,3.0,3.0,N,N,08/2021,Analyst
49-9097.00,1.A.1.b.7,Category Flexibility,IM,2.88,8,0.125,2.63,3.12,N,,08/2021,Analyst
49-9097.00,1.A.1.b.7,Category Flexibility,LV,3.0,8,0.0,3.0,3.0,N,N,08/2021,Analyst
49-9097.00,1.A.1.c.1,Mathematical Reasoning,IM,2.5,8,0.189,2.1296,2.8704,N,,08/2021,Analyst
49-9097.00,1.A.1.c.1,Mathematical Reasoning,LV,2.5,8,0.189,2.1296,2.8704,N,N,08/2021,Analyst
49-9097.00,1.A.1.c.2,Number Facility,IM,2.5,8,0.189,2.1296,2.8704,N,,08/2021,Analyst
49-9097.00,1.A.1.c.2,Number Facility,LV,2.12,8,0.125,1.88,2.37,N,N,08/2021,Analyst
49-9097.00,1.A.1.d.1,Memorization,IM,2.75,8,0.1637,2.4292,3.0708,N,,08/2021,Analyst
49-9097.00,1.A.1.d.1,Memorization,LV,2.75,8,0.1637,2.4292,3.0708,N,N,08/2021,Analyst
49-9097.00,1.A.1.e.1,Speed of Closure,IM,2.75,8,0.1637,2.4292,3.0708,N,,08/2021,Analyst
49-9097.00,1.A.1.e.1,Speed of Closure,LV,2.75,8,0.25,2.26,3.24,N,N,08/2021,Analyst
49-9097.00,1.A.1.e.2,Flexibility of Closure,IM,3.62,8,0.183,3.2664,3.9836,N,,08/2021,Analyst
49-9097.00,1.A.1.e.2,Flexibility of Closure,LV,3.62,8,0.183,3.2664,3.9836,N,N,08/2021,Analyst
49-9097.00,1.A.1.e.3,Perceptual Speed,IM,3.12,8,0.125,2.88,3.37,N,,08/2021,Analyst
49-9097.00,1.A.1.e.3,Perceptual Speed,LV,3.25,8,0.1637,2.9292,3.5708,N,N,08/2021,Analyst
49-9097.00,1.A.1.f.1,Spatial Orientation,IM,2.62,8,0.183,2.2664,2.9836,N,,08/2021,Analyst
49-9097.00,1.A.1.f.1,Spatial Orientation,LV,2.75,8,0.1637,2.4292,3.0708,N,N,08/2021,Analyst
49-9097.00,1.A.1.f.2,Visualization,IM,3.62,8,0.183,3.2664,3.9836,N,,08/2021,Analyst
49-9097.00,1.A.1.f.2,Visualization,LV,3.62,8,0.183,3.2664,3.9836,N,N,08/2021,Analyst
49-9097.00,1.A.1.g.1,Selective Attention,IM,3.0,8,0.0,3.0,3.0,N,,08/2021,Analyst
49-9097.00,1.A.1.g.1,Selective Attention,LV,3.12,8,0.125,2.88,3.37,N,N,08/2021,Analyst
49-9097.00,1.A.1.g.2,Time Sharing,IM,2.88,8,0.125,2.63,3.12,N,,08/2021,Analyst
49-9097.00,1.A.1.g.2,Time Sharing,LV,3.0,8,0.0,3.0,3.0,N,N,08/2021,Analyst
49-9097.00,1.A.2.a.1,Arm-Hand Steadiness,IM,3.75,8,0.1637,3.4292,4.0708,N,,08/2021,Analyst
49-9097.00,1.A.2.a.1,Arm-Hand Steadiness,LV,3.25,8,0.1637,2.9292,3.5708,N,N,08/2021,Analyst
49-9097.00,1.A.2.a.2,Manual Dexterity,IM,3.62,8,0.183,3.2664,3.9836,N,,08/2021,Analyst
49-9097.00,1.A.2.a.2,Manual Dexterity,LV,3.38,8,0.183,3.0164,3.7336,N,N,08/2021,Analyst
49-9097.00,1.A.2.a.3,Finger Dexterity,IM,3.62,8,0.183,3.2664,3.9836,N,,08/2021,Analyst
49-9097.00,1.A.2.a.3,Finger Dexterity,LV,3.75,8,0.1637,3.4292,4.0708,N,N,08/2021,Analyst
49-9097.00,1.A.2.b.1,Control Precision,IM,3.75,8,0.1637,3.4292,4.0708,N,,08/2021,Analyst
49-9097.00,1.A.2.b.1,Control Precision,LV,3.75,8,0.1637,3.4292,4.0708,N,N,08/2021,Analyst
49-9097.00,1.A.2.b.2,Multilimb Coordination,IM,3.5,8,0.189,3.1296,3.8704,N,,08/2021,Analyst
49-9097.00,1.A.2.b.2,Multilimb Coordination,LV,3.12,8,0.125,2.88,3.37,N,N,08/2021,Analyst
49-9097.00,1.A.2.b.3,Response Orientation,IM,2.75,8,0.25,2.26,3.24,N,,08/2021,Analyst
49-9097.00,1.A.2.b.3,Response Orientation,LV,2.88,8,0.2266,2.4309,3.3191,N,N,08/2021,Analyst
49-9097.00,1.A.2.b.4,Rate Control,IM,2.12,8,0.125,1.88,2.37,N,,08/2021,Analyst
49-9097.00,1.A.2.b.4,Rate Control,LV,2.25,8,0.1637,1.9292,2.5708,N,N,08/2021,Analyst
49-9097.00,1.A.2.c.1,Reaction Time,IM,3.25,8,0.1637,2.9292,3.5708,N,,08/2021,Analyst
49-9097.00,1.A.2.c.1,Reaction Time,LV,3.25,8,0.25,2.76,3.74,N,N,08/2021,Analyst
49-9097.00,1.A.2.c.2,Wrist-Finger Speed,IM,2.5,8,0.189,2.1296,2.8704,N,,08/2021,Analyst
49-9097.00,1.A.2.c.2,Wrist-Finger Speed,LV,2.0,8,0.189,1.6296,2.3704,N,N,08/2021,Analyst
49-9097.00,1.A.2.c.3,Speed of Limb Movement,IM,2.38,8,0.2631,1.8594,2.8906,N,,08/2021,Analyst
49-9097.00,1.A.2.c.3,Speed of Limb Movement,LV,1.88,8,0.295,1.2967,2.4533,N,N,08/2021,Analyst
49-9097.00,1.A.3.a.1,Static Strength,IM,2.88,8,0.125,2.63,3.12,N,,08/2021,Analyst
49-9097.00,1.A.3.a.1,Static Strength,LV,2.88,8,0.125,2.63,3.12,N,N,08/2021,Analyst
49-9097.00,1.A.3.a.2,Explosive Strength,IM,1.38,8,0.183,1.0164,1.7336,N,,08/2021,Analyst
49-9097.00,1.A.3.a.2,Explosive Strength,LV,0.75,8,0.4119,0.0,1.5573,N,N,08/2021,Analyst
49-9097.00,1.A.3.a.3,Dynamic Strength,IM,2.62,8,0.183,2.2664,2.9836,N,,08/2021,Analyst
49-9097.00,1.A.3.a.3,Dynamic Strength,LV,2.25,8,0.1637,1.9292,2.5708,N,N,08/2021,Analyst
49-9097.00,1.A.3.a.4,Trunk Strength,IM,3.0,8,0.0,3.0,3.0,N,,08/2021,Analyst
49-9097.00,1.A.3.a.4,Trunk Strength,LV,3.12,8,0.125,2.88,3.37,N,N,08/2021,Analyst
49-9097.00,1.A.3.b.1,Stamina,IM,2.75,8,0.1637,2.4292,3.0708,N,,08/2021,Analyst
49-9097.00,1.A.3.b.1,Stamina,LV,2.38,8,0.183,2.0164,2.7336,N,N,08/2021,Analyst
49-9097.00,1.A.3.c.1,Extent Flexibility,IM,2.88,8,0.125,2.63,3.12,N,,08/2021,Analyst
49-9097.00,1.A.3.c.1,Extent Flexibility,LV,2.88,8,0.125,2.63,3.12,N,N,08/2021,Analyst
49-9097.00,1.A.3.c.2,Dynamic Flexibility,IM,1.0,8,0.0,1.0,1.0,N,,08/2021,Analyst
49-9097.00,1.A.3.c.2,Dynamic Flexibility,LV,0.0,8,0.0,0.0,0.0,N,Y,08/2021,Analyst
49-9097.00,1.A.3.c.3,Gross Body Coordination,IM,2.62,8,0.183,2.2664,2.9836,N,,08/2021,Analyst
49-9097.00,1.A.3.c.3,Gross Body Coordination,LV,2.12,8,0.125,1.88,2.37,N,N,08/2021,Analyst
49-9097.00,1.A.3.c.4,Gross Body Equilibrium,IM,2.62,8,0.183,2.2664,2.9836,N,,08/2021,Analyst
49-9097.00,1.A.3.c.4,Gross Body Equilibrium,LV,2.25,8,0.1637,1.9292,2.5708,N,N,08/2021,Analyst
49-9097.00,1.A.4.a.1,Near Vision,IM,3.25,8,0.25,2.76,3.74,N,,08/2021,Analyst
49-9097.00,1.A.4.a.1,Near Vision,LV,3.62,8,0.183,3.2664,3.9836,N,N,08/2021,Analyst
49-9097.00,1.A.4.a.2,Far Vision,IM,3.5,8,0.189,3.1296,3.8704,N,,08/2021,Analyst
49-9097.00,1.A.4.a.2,Far Vision,LV,3.5,8,0.189,3.1296,3.8704,N,N,08/2021,Analyst
49-9097.00,1.A.4.a.3,Visual Color Discrimination,IM,3.62,8,0.2631,3.1094,4.1406,N,,08/2021,Analyst
49-9097.00,1.A.4.a.3,Visual Color Discrimination,LV,3.75,8,0.1637,3.4292,4.0708,N,N,08/2021,Analyst
49-9097.00,1.A.4.a.4,Night Vision,IM,2.0,8,0.0,2.0,2.0,N,,08/2021,Analyst
49-9097.00,1.A.4.a.4,Night Vision,LV,2.0,8,0.0,2.0,2.0,N,N,08/2021,Analyst
49-9097.00,1.A.4.a.5,Peripheral Vision,IM,2.12,8,0.125,1.88,2.37,N,,08/2021,Analyst
49-9097.00,1.A.4.a.5,Peripheral Vision,LV,2.12,8,0.125,1.88,2.37,N,N,08/2021,Analyst
49-9097.00,1.A.4.a.6,Depth Perception,IM,3.0,8,0.0,3.0,3.0,N,,08/2021,Analyst
49-9097.00,1.A.4.a.6,Depth Perception,LV,2.88,8,0.125,2.63,3.12,N,N,08/2021,Analyst
49-9097.00,1.A.4.a.7,Glare Sensitivity,IM,2.5,8,0.189,2.1296,2.8704,N,,08/2021,Analyst
49-9097.00,1.A.4.a.7,Glare Sensitivity,LV,2.5,8,0.189,2.1296,2.8704,N,N,08/2021,Analyst
49-9097.00,1.A.4.b.1,Hearing Sensitivity,IM,3.0,8,0.0,3.0,3.0,N,,08/2021,Analyst
49-9097.00,1.A.4.b.1,Hearing Sensitivity,LV,3.0,8,0.0,3.0,3.0,N,N,08/2021,Analyst
49-9097.00,1.A.4.b.2,Auditory Attention,IM,3.0,8,0.0,3.0,3.0,N,,08/2021,Analyst
49-9097.00,1.A.4.b.2,Auditory Attention,LV,3.0,8,0.0,3.0,3.0,N,N,08/2021,Analyst
49-9097.00,1.A.4.b.3,Sound Localization,IM,2.12,8,0.125,1.88,2.37,N,,08/2021,Analyst
49-9097.00,1.A.4.b.3,Sound Localization,LV,2.12,8,0.125,1.88,2.37,N,N,08/2021,Analyst
49-9097.00,1.A.4.b.4,Speech Recognition,IM,3.0,8,0.0,3.0,3.0,N,,08/2021,Analyst
49-9097.00,1.A.4.b.4,Speech Recognition,LV,2.88,8,0.2266,2.4309,3.3191,N,N,08/2021,Analyst
49-9097.00,1.A.4.b.5,Speech Clarity,IM,3.0,8,0.0,3.0,3.0,N,,08/2021,Analyst
49-9097.00,1.A.4.b.5,Speech Clarity,LV,2.62,8,0.2631,2.1094,3.1406,N,N,08/2021,Analyst
49-9098.00,1.A.1.a.1,Oral Comprehension,IM,3.12,8,0.125,2.88,3.37,N,,08/2020,Analyst
49-9098.00,1.A.1.a.1,Oral Comprehension,LV,3.62,8,0.183,3.2664,3.9836,N,N,08/2020,Analyst
49-9098.00,1.A.1.a.2,Written Comprehension,IM,2.5,8,0.189,2.1296,2.8704,N,,08/2020,Analyst
49-9098.00,1.A.1.a.2,Written Comprehension,LV,2.25,8,0.1637,1.9292,2.5708,N,N,08/2020,Analyst
49-9098.00,1.A.1.a.3,Oral Expression,IM,3.0,8,0.0,3.0,3.0,N,,08/2020,Analyst
49-9098.00,1.A.1.a.3,Oral Expression,LV,2.88,8,0.125,2.63,3.12,N,N,08/2020,Analyst
49-9098.00,1.A.1.a.4,Written Expression,IM,2.12,8,0.125,1.88,2.37,N,,08/2020,Analyst
49-9098.00,1.A.1.a.4,Written Expression,LV,2.0,8,0.0,2.0,2.0,N,N,08/2020,Analyst
49-9098.00,1.A.1.b.1,Fluency of Ideas,IM,2.0,8,0.0,2.0,2.0,N,,08/2020,Analyst
49-9098.00,1.A.1.b.1,Fluency of Ideas,LV,2.0,8,0.0,2.0,2.0,N,N,08/2020,Analyst
49-9098.00,1.A.1.b.2,Originality,IM,2.0,8,0.0,2.0,2.0,N,,08/2020,Analyst
49-9098.00,1.A.1.b.2,Originality,LV,2.0,8,0.0,2.0,2.0,N,N,08/2020,Analyst
49-9098.00,1.A.1.b.3,Problem Sensitivity,IM,3.0,8,0.189,2.6296,3.3704,N,,08/2020,Analyst
49-9098.00,1.A.1.b.3,Problem Sensitivity,LV,2.62,8,0.183,2.2664,2.9836,N,N,08/2020,Analyst
49-9098.00,1.A.1.b.4,Deductive Reasoning,IM,3.12,8,0.125,2.88,3.37,N,,08/2020,Analyst
49-9098.00,1.A.1.b.4,Deductive Reasoning,LV,2.62,8,0.183,2.2664,2.9836,N,N,08/2020,Analyst
49-9098.00,1.A.1.b.5,Inductive Reasoning,IM,2.88,8,0.125,2.63,3.12,N,,08/2020,Analyst
49-9098.00,1.A.1.b.5,Inductive Reasoning,LV,2.5,8,0.189,2.1296,2.8704,N,N,08/2020,Analyst
49-9098.00,1.A.1.b.6,Information Ordering,IM,3.12,8,0.125,2.88,3.37,N,,08/2020,Analyst
49-9098.00,1.A.1.b.6,Information Ordering,LV,2.88,8,0.125,2.63,3.12,N,N,08/2020,Analyst
49-9098.00,1.A.1.b.7,Category Flexibility,IM,2.88,8,0.125,2.63,3.12,N,,08/2020,Analyst
49-9098.00,1.A.1.b.7,Category Flexibility,LV,2.75,8,0.1637,2.4292,3.0708,N,N,08/2020,Analyst
49-9098.00,1.A.1.c.1,Mathematical Reasoning,IM,2.0,8,0.0,2.0,2.0,N,,08/2020,Analyst
49-9098.00,1.A.1.c.1,Mathematical Reasoning,LV,1.88,8,0.125,1.63,2.12,N,N,08/2020,Analyst
49-9098.00,1.A.1.c.2,Number Facility,IM,2.0,8,0.0,2.0,2.0,N,,08/2020,Analyst
49-9098.00,1.A.1.c.2,Number Facility,LV,1.75,8,0.1637,1.4292,2.0708,N,N,08/2020,Analyst
49-9098.00,1.A.1.d.1,Memorization,IM,2.12,8,0.125,1.88,2.37,N,,08/2020,Analyst
49-9098.00,1.A.1.d.1,Memorization,LV,2.0,8,0.0,2.0,2.0,N,N,08/2020,Analyst
49-9098.00,1.A.1.e.1,Speed of Closure,IM,2.0,8,0.0,2.0,2.0,N,,08/2020,Analyst
49-9098.00,1.A.1.e.1,Speed of Closure,LV,2.0,8,0.0,2.0,2.0,N,N,08/2020,Analyst
49-9098.00,1.A.1.e.2,Flexibility of Closure,IM,3.0,8,0.0,3.0,3.0,N,,08/2020,Analyst
49-9098.00,1.A.1.e.2,Flexibility of Closure,LV,2.88,8,0.125,2.63,3.12,N,N,08/2020,Analyst
49-9098.00,1.A.1.e.3,Perceptual Speed,IM,2.88,8,0.125,2.63,3.12,N,,08/2020,Analyst
49-9098.00,1.A.1.e.3,Perceptual Speed,LV,2.88,8,0.125,2.63,3.12,N,N,08/2020,Analyst
49-9098.00,1.A.1.f.1,Spatial Orientation,IM,2.12,8,0.2266,1.6809,2.5691,N,,08/2020,Analyst
49-9098.00,1.A.1.f.1,Spatial Orientation,LV,1.88,8,0.295,1.2967,2.4533,N,N,08/2020,Analyst
49-9098.00,1.A.1.f.2,Visualization,IM,3.0,8,0.0,3.0,3.0,N,,08/2020,Analyst
49-9098.00,1.A.1.f.2,Visualization,LV,3.25,8,0.1637,2.9292,3.5708,N,N,08/2020,Analyst
49-9098.00,1.A.1.g.1,Selective Attention,IM,3.0,8,0.0,3.0,3.0,N,,08/2020,Analyst
49-9098.00,1.A.1.g.1,Selective Attention,LV,3.0,8,0.0,3.0,3.0,N,N,08/2020,Analyst
49-9098.00,1.A.1.g.2,Time Sharing,IM,2.62,8,0.183,2.2664,2.9836,N,,08/2020,Analyst
49-9098.00,1.A.1.g.2,Time Sharing,LV,2.38,8,0.183,2.0164,2.7336,N,N,08/2020,Analyst
49-9098.00,1.A.2.a.1,Arm-Hand Steadiness,IM,3.5,8,0.189,3.1296,3.8704,N,,08/2020,Analyst
49-9098.00,1.A.2.a.1,Arm-Hand Steadiness,LV,3.0,8,0.0,3.0,3.0,N,N,08/2020,Analyst
49-9098.00,1.A.2.a.2,Manual Dexterity,IM,3.62,8,0.183,3.2664,3.9836,N,,08/2020,Analyst
49-9098.00,1.A.2.a.2,Manual Dexterity,LV,3.12,8,0.125,2.88,3.37,N,N,08/2020,Analyst
49-9098.00,1.A.2.a.3,Finger Dexterity,IM,3.25,8,0.1637,2.9292,3.5708,N,,08/2020,Analyst
49-9098.00,1.A.2.a.3,Finger Dexterity,LV,3.12,8,0.125,2.88,3.37,N,N,08/2020,Analyst
49-9098.00,1.A.2.b.1,Control Precision,IM,3.5,8,0.189,3.1296,3.8704,N,,08/2020,Analyst
49-9098.00,1.A.2.b.1,Control Precision,LV,3.38,8,0.183,3.0164,3.7336,N,N,08/2020,Analyst
49-9098.00,1.A.2.b.2,Multilimb Coordination,IM,3.38,8,0.183,3.0164,3.7336,N,,08/2020,Analyst
49-9098.00,1.A.2.b.2,Multilimb Coordination,LV,3.12,8,0.125,2.88,3.37,N,N,08/2020,Analyst
49-9098.00,1.A.2.b.3,Response Orientation,IM,2.12,8,0.125,1.88,2.37,N,,08/2020,Analyst
49-9098.00,1.A.2.b.3,Response Orientation,LV,2.12,8,0.125,1.88,2.37,N,N,08/2020,Analyst
49-9098.00,1.A.2.b.4,Rate Control,IM,1.88,8,0.125,1.63,2.12,N,,08/2020,Analyst
49-9098.00,1.A.2.b.4,Rate Control,LV,1.75,8,0.25,1.26,2.24,N,N,08/2020,Analyst
49-9098.00,1.A.2.c.1,Reaction Time,IM,2.88,8,0.125,2.63,3.12,N,,08/2020,Analyst
49-9098.00,1.A.2.c.1,Reaction Time,LV,2.88,8,0.125,2.63,3.12,N,N,08/2020,Analyst
49-9098.00,1.A.2.c.2,Wrist-Finger Speed,IM,2.12,8,0.125,1.88,2.37,N,,08/2020,Analyst
49-9098.00,1.A.2.c.2,Wrist-Finger Speed,LV,2.0,8,0.0,2.0,2.0,N,N,08/2020,Analyst
49-9098.00,1.A.2.c.3,Speed of Limb Movement,IM,2.38,8,0.183,2.0164,2.7336,N,,08/2020,Analyst
49-9098.00,1.A.2.c.3,Speed of Limb Movement,LV,2.0,8,0.0,2.0,2.0,N,N,08/2020,Analyst
49-9098.00,1.A.3.a.1,Static Strength,IM,3.12,8,0.125,2.88,3.37,N,,08/2020,Analyst
49-9098.00,1.A.3.a.1,Static Strength,LV,3.75,8,0.1637,3.4292,4.0708,N,N,08/2020,Analyst
49-9098.00,1.A.3.a.2,Explosive Strength,IM,2.0,8,0.189,1.6296,2.3704,N,,08/2020,Analyst
49-9098.00,1.A.3.a.2,Explosive Strength,LV,1.38,8,0.2631,0.8594,1.8906,N,N,08/2020,Analyst
49-9098.00,1.A.3.a.3,Dynamic Strength,IM,2.88,8,0.125,2.63,3.12,N,,08/2020,Analyst
49-9098.00,1.A.3.a.3,Dynamic Strength,LV,2.75,8,0.1637,2.4292,3.0708,N,N,08/2020,Analyst
49-9098.00,1.A.3.a.4,Trunk Strength,IM,3.12,8,0.125,2.88,3.37,N,,08/2020,Analyst
49-9098.00,1.A.3.a.4,Trunk Strength,LV,3.0,8,0.0,3.0,3.0,N,N,08/2020,Analyst
49-9098.00,1.A.3.b.1,Stamina,IM,3.0,8,0.0,3.0,3.0,N,,08/2020,Analyst
49-9098.00,1.A.3.b.1,Stamina,LV,3.0,8,0.0,3.0,3.0,N,N,08/2020,Analyst
49-9098.00,1.A.3.c.1,Extent Flexibility,IM,3.12,8,0.125,2.88,3.37,N,,08/2020,Analyst
49-9098.00,1.A.3.c.1,Extent Flexibility,LV,4.0,8,0.0,4.0,4.0,N,N,08/2020,Analyst
49-9098.00,1.A.3.c.2,Dynamic Flexibility,IM,1.75,8,0.1637,1.4292,2.0708,N,,08/2020,Analyst
49-9098.00,1.A.3.c.2,Dynamic Flexibility,LV,1.0,8,0.2673,0.4762,1.5238,N,N,08/2020,Analyst
49-9098.00,1.A.3.c.3,Gross Body Coordination,IM,2.75,8,0.1637,2.4292,3.0708,N,,08/2020,Analyst
49-9098.00,1.A.3.c.3,Gross Body Coordination,LV,2.62,8,0.183,2.2664,2.9836,N,N,08/2020,Analyst
49-9098.00,1.A.3.c.4,Gross Body Equilibrium,IM,2.88,8,0.125,2.63,3.12,N,,08/2020,Analyst
49-9098.00,1.A.3.c.4,Gross Body Equilibrium,LV,2.88,8,0.125,2.63,3.12,N,N,08/2020,Analyst
49-9098.00,1.A.4.a.1,Near Vision,IM,3.5,8,0.189,3.1296,3.8704,N,,08/2020,Analyst
49-9098.00,1.A.4.a.1,Near Vision,LV,3.0,8,0.189,2.6296,3.3704,N,N,08/2020,Analyst
49-9098.00,1.A.4.a.2,Far Vision,IM,2.88,8,0.125,2.63,3.12,N,,08/2020,Analyst
49-9098.00,1.A.4.a.2,Far Vision,LV,2.88,8,0.125,2.63,3.12,N,N,08/2020,Analyst
49-9098.00,1.A.4.a.3,Visual Color Discrimination,IM,2.88,8,0.125,2.63,3.12,N,,08/2020,Analyst
49-9098.00,1.A.4.a.3,Visual Color Discrimination,LV,2.88,8,0.125,2.63,3.12,N,N,08/2020,Analyst
49-9098.00,1.A.4.a.4,Night Vision,IM,1.62,8,0.183,1.2664,1.9836,N,,08/2020,Analyst
49-9098.00,1.A.4.a.4,Night Vision,LV,0.75,8,0.25,0.26,1.24,N,N,08/2020,Analyst
49-9098.00,1.A.4.a.5,Peripheral Vision,IM,1.88,8,0.125,1.63,2.12,N,,08/2020,Analyst
49-9098.00,1.A.4.a.5,Peripheral Vision,LV,1.5,8,0.2673,0.9762,2.0238,N,N,08/2020,Analyst
49-9098.00,1.A.4.a.6,Depth Perception,IM,2.62,8,0.183,2.2664,2.9836,N,,08/2020,Analyst
49-9098.00,1.A.4.a.6,Depth Perception,LV,2.62,8,0.183,2.2664,2.9836,N,N,08/2020,Analyst
49-9098.00,1.A.4.a.7,Glare Sensitivity,IM,2.0,8,0.0,2.0,2.0,N,,08/2020,Analyst
49-9098.00,1.A.4.a.7,Glare Sensitivity,LV,2.0,8,0.0,2.0,2.0,N,N,08/2020,Analyst
49-9098.00,1.A.4.b.1,Hearing Sensitivity,IM,2.5,8,0.189,2.1296,2.8704,N,,08/2020,Analyst
49-9098.00,1.A.4.b.1,Hearing Sensitivity,LV,2.75,8,0.1637,2.4292,3.0708,N,N,08/2020,Analyst
49-9098.00,1.A.4.b.2,Auditory Attention,IM,2.88,8,0.125,2.63,3.12,N,,08/2020,Analyst
49-9098.00,1.A.4.b.2,Auditory Attention,LV,3.0,8,0.0,3.0,3.0,N,N,08/2020,Analyst
49-9098.00,1.A.4.b.3,Sound Localization,IM,2.0,8,0.0,2.0,2.0,N,,08/2020,Analyst
49-9098.00,1.A.4.b.3,Sound Localization,LV,2.0,8,0.0,2.0,2.0,N,N,08/2020,Analyst
49-9098.00,1.A.4.b.4,Speech Recognition,IM,3.0,8,0.0,3.0,3.0,N,,08/2020,Analyst
49-9098.00,1.A.4.b.4,Speech Recognition,LV,2.88,8,0.125,2.63,3.12,N,N,08/2020,Analyst
49-9098.00,1.A.4.b.5,Speech Clarity,IM,2.88,8,0.125,2.63,3.12,N,,08/2020,Analyst
49-9098.00,1.A.4.b.5,Speech Clarity,LV,2.5,8,0.189,2.1296,2.8704,N,N,08/2020,Analyst
49-9099.01,1.A.1.a.1,Oral Comprehension,IM,3.12,8,0.125,2.88,3.37,N,,08/2020,Analyst
49-9099.01,1.A.1.a.1,Oral Comprehension,LV,3.75,8,0.1637,3.4292,4.0708,N,N,08/2020,Analyst
49-9099.01,1.A.1.a.2,Written Comprehension,IM,3.0,8,0.0,3.0,3.0,N,,08/2020,Analyst
49-9099.01,1.A.1.a.2,Written Comprehension,LV,3.0,8,0.0,3.0,3.0,N,N,08/2020,Analyst
49-9099.01,1.A.1.a.3,Oral Expression,IM,3.12,8,0.125,2.88,3.37,N,,08/2020,Analyst
49-9099.01,1.A.1.a.3,Oral Expression,LV,3.62,8,0.183,3.2664,3.9836,N,N,08/2020,Analyst
49-9099.01,1.A.1.a.4,Written Expression,IM,3.12,8,0.125,2.88,3.37,N,,08/2020,Analyst
49-9099.01,1.A.1.a.4,Written Expression,LV,3.0,8,0.0,3.0,3.0,N,N,08/2020,Analyst
49-9099.01,1.A.1.b.1,Fluency of Ideas,IM,2.75,8,0.1637,2.4292,3.0708,N,,08/2020,Analyst
49-9099.01,1.A.1.b.1,Fluency of Ideas,LV,3.0,8,0.0,3.0,3.0,N,N,08/2020,Analyst
49-9099.01,1.A.1.b.2,Originality,IM,2.75,8,0.1637,2.4292,3.0708,N,,08/2020,Analyst
49-9099.01,1.A.1.b.2,Originality,LV,2.88,8,0.125,2.63,3.12,N,N,08/2020,Analyst
49-9099.01,1.A.1.b.3,Problem Sensitivity,IM,3.75,8,0.1637,3.4292,4.0708,N,,08/2020,Analyst
49-9099.01,1.A.1.b.3,Problem Sensitivity,LV,3.75,8,0.1637,3.4292,4.0708,N,N,08/2020,Analyst
49-9099.01,1.A.1.b.4,Deductive Reasoning,IM,3.75,8,0.1637,3.4292,4.0708,N,,08/2020,Analyst
49-9099.01,1.A.1.b.4,Deductive Reasoning,LV,3.38,8,0.183,3.0164,3.7336,N,N,08/2020,Analyst
49-9099.01,1.A.1.b.5,Inductive Reasoning,IM,3.12,8,0.125,2.88,3.37,N,,08/2020,Analyst
49-9099.01,1.A.1.b.5,Inductive Reasoning,LV,3.12,8,0.125,2.88,3.37,N,N,08/2020,Analyst
49-9099.01,1.A.1.b.6,Information Ordering,IM,3.25,8,0.1637,2.9292,3.5708,N,,08/2020,Analyst
49-9099.01,1.A.1.b.6,Information Ordering,LV,3.12,8,0.125,2.88,3.37,N,N,08/2020,Analyst
49-9099.01,1.A.1.b.7,Category Flexibility,IM,3.0,8,0.0,3.0,3.0,N,,08/2020,Analyst
49-9099.01,1.A.1.b.7,Category Flexibility,LV,3.12,8,0.125,2.88,3.37,N,N,08/2020,Analyst
49-9099.01,1.A.1.c.1,Mathematical Reasoning,IM,2.88,8,0.125,2.63,3.12,N,,08/2020,Analyst
49-9099.01,1.A.1.c.1,Mathematical Reasoning,LV,3.0,8,0.0,3.0,3.0,N,N,08/2020,Analyst
49-9099.01,1.A.1.c.2,Number Facility,IM,2.88,8,0.125,2.63,3.12,N,,08/2020,Analyst
49-9099.01,1.A.1.c.2,Number Facility,LV,2.88,8,0.125,2.63,3.12,N,N,08/2020,Analyst
49-9099.01,1.A.1.d.1,Memorization,IM,2.62,8,0.183,2.2664,2.9836,N,,08/2020,Analyst
49-9099.01,1.A.1.d.1,Memorization,LV,2.38,8,0.183,2.0164,2.7336,N,N,08/2020,Analyst
49-9099.01,1.A.1.e.1,Speed of Closure,IM,2.75,8,0.1637,2.4292,3.0708,N,,08/2020,Analyst
49-9099.01,1.A.1.e.1,Speed of Closure,LV,2.88,8,0.125,2.63,3.12,N,N,08/2020,Analyst
49-9099.01,1.A.1.e.2,Flexibility of Closure,IM,3.25,8,0.1637,2.9292,3.5708,N,,08/2020,Analyst
49-9099.01,1.A.1.e.2,Flexibility of Closure,LV,3.25,8,0.1637,2.9292,3.5708,N,N,08/2020,Analyst
49-9099.01,1.A.1.e.3,Perceptual Speed,IM,3.62,8,0.183,3.2664,3.9836,N,,08/2020,Analyst
49-9099.01,1.A.1.e.3,Perceptual Speed,LV,3.88,8,0.125,3.63,4.12,N,N,08/2020,Analyst
49-9099.01,1.A.1.f.1,Spatial Orientation,IM,2.12,8,0.125,1.88,2.37,N,,08/2020,Analyst
49-9099.01,1.A.1.f.1,Spatial Orientation,LV,2.12,8,0.125,1.88,2.37,N,N,08/2020,Analyst
49-9099.01,1.A.1.f.2,Visualization,IM,3.25,8,0.1637,2.9292,3.5708,N,,08/2020,Analyst
49-9099.01,1.A.1.f.2,Visualization,LV,3.75,8,0.1637,3.4292,4.0708,N,N,08/2020,Analyst
49-9099.01,1.A.1.g.1,Selective Attention,IM,3.25,8,0.1637,2.9292,3.5708,N,,08/2020,Analyst
49-9099.01,1.A.1.g.1,Selective Attention,LV,3.75,8,0.1637,3.4292,4.0708,N,N,08/2020,Analyst
49-9099.01,1.A.1.g.2,Time Sharing,IM,3.0,8,0.0,3.0,3.0,N,,08/2020,Analyst
49-9099.01,1.A.1.g.2,Time Sharing,LV,3.0,8,0.0,3.0,3.0,N,N,08/2020,Analyst
49-9099.01,1.A.2.a.1,Arm-Hand Steadiness,IM,3.38,8,0.183,3.0164,3.7336,N,,08/2020,Analyst
49-9099.01,1.A.2.a.1,Arm-Hand Steadiness,LV,3.12,8,0.125,2.88,3.37,N,N,08/2020,Analyst
49-9099.01,1.A.2.a.2,Manual Dexterity,IM,3.0,8,0.0,3.0,3.0,N,,08/2020,Analyst
49-9099.01,1.A.2.a.2,Manual Dexterity,LV,3.12,8,0.125,2.88,3.37,N,N,08/2020,Analyst
49-9099.01,1.A.2.a.3,Finger Dexterity,IM,3.0,8,0.0,3.0,3.0,N,,08/2020,Analyst
49-9099.01,1.A.2.a.3,Finger Dexterity,LV,3.12,8,0.125,2.88,3.37,N,N,08/2020,Analyst
49-9099.01,1.A.2.b.1,Control Precision,IM,3.25,8,0.1637,2.9292,3.5708,N,,08/2020,Analyst
49-9099.01,1.A.2.b.1,Control Precision,LV,3.88,8,0.125,3.63,4.12,N,N,08/2020,Analyst
49-9099.01,1.A.2.b.2,Multilimb Coordination,IM,3.12,8,0.125,2.88,3.37,N,,08/2020,Analyst
49-9099.01,1.A.2.b.2,Multilimb Coordination,LV,3.5,8,0.189,3.1296,3.8704,N,N,08/2020,Analyst
49-9099.01,1.A.2.b.3,Response Orientation,IM,2.62,8,0.183,2.2664,2.9836,N,,08/2020,Analyst
49-9099.01,1.A.2.b.3,Response Orientation,LV,2.75,8,0.1637,2.4292,3.0708,N,N,08/2020,Analyst
49-9099.01,1.A.2.b.4,Rate Control,IM,2.88,8,0.125,2.63,3.12,N,,08/2020,Analyst
49-9099.01,1.A.2.b.4,Rate Control,LV,3.0,8,0.0,3.0,3.0,N,N,08/2020,Analyst
49-9099.01,1.A.2.c.1,Reaction Time,IM,3.0,8,0.189,2.6296,3.3704,N,,08/2020,Analyst
49-9099.01,1.A.2.c.1,Reaction Time,LV,3.25,8,0.1637,2.9292,3.5708,N,N,08/2020,Analyst
49-9099.01,1.A.2.c.2,Wrist-Finger Speed,IM,2.12,8,0.125,1.88,2.37,N,,08/2020,Analyst
49-9099.01,1.A.2.c.2,Wrist-Finger Speed,LV,2.0,8,0.0,2.0,2.0,N,N,08/2020,Analyst
49-9099.01,1.A.2.c.3,Speed of Limb Movement,IM,2.0,8,0.189,1.6296,2.3704,N,,08/2020,Analyst
49-9099.01,1.A.2.c.3,Speed of Limb Movement,LV,1.75,8,0.25,1.26,2.24,N,N,08/2020,Analyst
49-9099.01,1.A.3.a.1,Static Strength,IM,2.62,8,0.183,2.2664,2.9836,N,,08/2020,Analyst
49-9099.01,1.A.3.a.1,Static Strength,LV,2.88,8,0.125,2.63,3.12,N,N,08/2020,Analyst
49-9099.01,1.A.3.a.2,Explosive Strength,IM,1.75,8,0.25,1.26,2.24,N,,08/2020,Analyst
49-9099.01,1.A.3.a.2,Explosive Strength,LV,1.12,8,0.3981,0.3447,1.9053,N,N,08/2020,Analyst
49-9099.01,1.A.3.a.3,Dynamic Strength,IM,2.12,8,0.125,1.88,2.37,N,,08/2020,Analyst
49-9099.01,1.A.3.a.3,Dynamic Strength,LV,2.0,8,0.189,1.6296,2.3704,N,N,08/2020,Analyst
49-9099.01,1.A.3.a.4,Trunk Strength,IM,3.0,8,0.0,3.0,3.0,N,,08/2020,Analyst
49-9099.01,1.A.3.a.4,Trunk Strength,LV,2.88,8,0.125,2.63,3.12,N,N,08/2020,Analyst
49-9099.01,1.A.3.b.1,Stamina,IM,2.38,8,0.183,2.0164,2.7336,N,,08/2020,Analyst
49-9099.01,1.A.3.b.1,Stamina,LV,2.0,8,0.189,1.6296,2.3704,N,N,08/2020,Analyst
49-9099.01,1.A.3.c.1,Extent Flexibility,IM,3.12,8,0.125,2.88,3.37,N,,08/2020,Analyst
49-9099.01,1.A.3.c.1,Extent Flexibility,LV,3.12,8,0.2266,2.6809,3.5691,N,N,08/2020,Analyst
49-9099.01,1.A.3.c.2,Dynamic Flexibility,IM,1.38,8,0.183,1.0164,1.7336,N,,08/2020,Analyst
49-9099.01,1.A.3.c.2,Dynamic Flexibility,LV,0.5,8,0.2673,0.0,1.0238,N,N,08/2020,Analyst
49-9099.01,1.A.3.c.3,Gross Body Coordination,IM,2.38,8,0.183,2.0164,2.7336,N,,08/2020,Analyst
49-9099.01,1.A.3.c.3,Gross Body Coordination,LV,2.12,8,0.2266,1.6809,2.5691,N,N,08/2020,Analyst
49-9099.01,1.A.3.c.4,Gross Body Equilibrium,IM,2.62,8,0.183,2.2664,2.9836,N,,08/2020,Analyst
49-9099.01,1.A.3.c.4,Gross Body Equilibrium,LV,2.5,8,0.189,2.1296,2.8704,N,N,08/2020,Analyst
49-9099.01,1.A.4.a.1,Near Vision,IM,3.88,8,0.125,3.63,4.12,N,,08/2020,Analyst
49-9099.01,1.A.4.a.1,Near Vision,LV,4.0,8,0.0,4.0,4.0,N,N,08/2020,Analyst
49-9099.01,1.A.4.a.2,Far Vision,IM,3.0,8,0.189,2.6296,3.3704,N,,08/2020,Analyst
49-9099.01,1.A.4.a.2,Far Vision,LV,3.12,8,0.125,2.88,3.37,N,N,08/2020,Analyst
49-9099.01,1.A.4.a.3,Visual Color Discrimination,IM,3.12,8,0.125,2.88,3.37,N,,08/2020,Analyst
49-9099.01,1.A.4.a.3,Visual Color Discrimination,LV,3.12,8,0.125,2.88,3.37,N,N,08/2020,Analyst
49-9099.01,1.A.4.a.4,Night Vision,IM,2.0,8,0.0,2.0,2.0,N,,08/2020,Analyst
49-9099.01,1.A.4.a.4,Night Vision,LV,1.75,8,0.1637,1.4292,2.0708,N,N,08/2020,Analyst
49-9099.01,1.A.4.a.5,Peripheral Vision,IM,2.0,8,0.0,2.0,2.0,N,,08/2020,Analyst
49-9099.01,1.A.4.a.5,Peripheral Vision,LV,1.88,8,0.125,1.63,2.12,N,N,08/2020,Analyst
49-9099.01,1.A.4.a.6,Depth Perception,IM,2.88,8,0.125,2.63,3.12,N,,08/2020,Analyst
49-9099.01,1.A.4.a.6,Depth Perception,LV,3.0,8,0.0,3.0,3.0,N,N,08/2020,Analyst
49-9099.01,1.A.4.a.7,Glare Sensitivity,IM,2.0,8,0.0,2.0,2.0,N,,08/2020,Analyst
49-9099.01,1.A.4.a.7,Glare Sensitivity,LV,2.0,8,0.0,2.0,2.0,N,N,08/2020,Analyst
49-9099.01,1.A.4.b.1,Hearing Sensitivity,IM,2.75,8,0.1637,2.4292,3.0708,N,,08/2020,Analyst
49-9099.01,1.A.4.b.1,Hearing Sensitivity,LV,2.88,8,0.125,2.63,3.12,N,N,08/2020,Analyst
49-9099.01,1.A.4.b.2,Auditory Attention,IM,2.88,8,0.125,2.63,3.12,N,,08/2020,Analyst
49-9099.01,1.A.4.b.2,Auditory Attention,LV,3.38,8,0.2631,2.8594,3.8906,N,N,08/2020,Analyst
49-9099.01,1.A.4.b.3,Sound Localization,IM,2.12,8,0.125,1.88,2.37,N,,08/2020,Analyst
49-9099.01,1.A.4.b.3,Sound Localization,LV,2.0,8,0.189,1.6296,2.3704,N,N,08/2020,Analyst
49-9099.01,1.A.4.b.4,Speech Recognition,IM,3.12,8,0.125,2.88,3.37,N,,08/2020,Analyst
49-9099.01,1.A.4.b.4,Speech Recognition,LV,3.0,8,0.0,3.0,3.0,N,N,08/2020,Analyst
49-9099.01,1.A.4.b.5,Speech Clarity,IM,3.0,8,0.0,3.0,3.0,N,,08/2020,Analyst
49-9099.01,1.A.4.b.5,Speech Clarity,LV,2.62,8,0.183,2.2664,2.9836,N,N,08/2020,Analyst
51-1011.00,1.A.1.a.1,Oral Comprehension,IM,4.0,8,0.0,4.0,4.0,N,,08/2020,Analyst
51-1011.00,1.A.1.a.1,Oral Comprehension,LV,4.0,8,0.0,4.0,4.0,N,N,08/2020,Analyst
51-1011.00,1.A.1.a.2,Written Comprehension,IM,3.75,8,0.1637,3.4292,4.0708,N,,08/2020,Analyst
51-1011.00,1.A.1.a.2,Written Comprehension,LV,3.62,8,0.183,3.2664,3.9836,N,N,08/2020,Analyst
51-1011.00,1.A.1.a.3,Oral Expression,IM,4.0,8,0.0,4.0,4.0,N,,08/2020,Analyst
51-1011.00,1.A.1.a.3,Oral Expression,LV,4.0,8,0.0,4.0,4.0,N,N,08/2020,Analyst
51-1011.00,1.A.1.a.4,Written Expression,IM,3.62,8,0.183,3.2664,3.9836,N,,08/2020,Analyst
51-1011.00,1.A.1.a.4,Written Expression,LV,3.75,8,0.1637,3.4292,4.0708,N,N,08/2020,Analyst
51-1011.00,1.A.1.b.1,Fluency of Ideas,IM,3.12,8,0.125,2.88,3.37,N,,08/2020,Analyst
51-1011.00,1.A.1.b.1,Fluency of Ideas,LV,3.25,8,0.1637,2.9292,3.5708,N,N,08/2020,Analyst
51-1011.00,1.A.1.b.2,Originality,IM,3.12,8,0.125,2.88,3.37,N,,08/2020,Analyst
51-1011.00,1.A.1.b.2,Originality,LV,3.62,8,0.183,3.2664,3.9836,N,N,08/2020,Analyst
51-1011.00,1.A.1.b.3,Problem Sensitivity,IM,4.0,8,0.0,4.0,4.0,N,,08/2020,Analyst
51-1011.00,1.A.1.b.3,Problem Sensitivity,LV,3.88,8,0.125,3.63,4.12,N,N,08/2020,Analyst
51-1011.00,1.A.1.b.4,Deductive Reasoning,IM,3.75,8,0.1637,3.4292,4.0708,N,,08/2020,Analyst
51-1011.00,1.A.1.b.4,Deductive Reasoning,LV,3.75,8,0.1637,3.4292,4.0708,N,N,08/2020,Analyst
51-1011.00,1.A.1.b.5,Inductive Reasoning,IM,3.62,8,0.183,3.2664,3.9836,N,,08/2020,Analyst
51-1011.00,1.A.1.b.5,Inductive Reasoning,LV,3.62,8,0.183,3.2664,3.9836,N,N,08/2020,Analyst
51-1011.00,1.A.1.b.6,Information Ordering,IM,3.25,8,0.1637,2.9292,3.5708,N,,08/2020,Analyst
51-1011.00,1.A.1.b.6,Information Ordering,LV,3.62,8,0.183,3.2664,3.9836,N,N,08/2020,Analyst
51-1011.00,1.A.1.b.7,Category Flexibility,IM,3.25,8,0.1637,2.9292,3.5708,N,,08/2020,Analyst
51-1011.00,1.A.1.b.7,Category Flexibility,LV,3.0,8,0.0,3.0,3.0,N,N,08/2020,Analyst
51-1011.00,1.A.1.c.1,Mathematical Reasoning,IM,3.0,8,0.189,2.6296,3.3704,N,,08/2020,Analyst
51-1011.00,1.A.1.c.1,Mathematical Reasoning,LV,2.88,8,0.125,2.63,3.12,N,N,08/2020,Analyst
51-1011.00,1.A.1.c.2,Number Facility,IM,2.88,8,0.125,2.63,3.12,N,,08/2020,Analyst
51-1011.00,1.A.1.c.2,Number Facility,LV,2.88,8,0.125,2.63,3.12,N,N,08/2020,Analyst
51-1011.00,1.A.1.d.1,Memorization,IM,2.12,8,0.125,1.88,2.37,N,,08/2020,Analyst
51-1011.00,1.A.1.d.1,Memorization,LV,2.38,8,0.183,2.0164,2.7336,N,N,08/2020,Analyst
51-1011.00,1.A.1.e.1,Speed of Closure,IM,2.75,8,0.1637,2.4292,3.0708,N,,08/2020,Analyst
51-1011.00,1.A.1.e.1,Speed of Closure,LV,2.38,8,0.183,2.0164,2.7336,N,N,08/2020,Analyst
51-1011.00,1.A.1.e.2,Flexibility of Closure,IM,3.0,8,0.0,3.0,3.0,N,,08/2020,Analyst
51-1011.00,1.A.1.e.2,Flexibility of Closure,LV,2.88,8,0.125,2.63,3.12,N,N,08/2020,Analyst
51-1011.00,1.A.1.e.3,Perceptual Speed,IM,3.12,8,0.125,2.88,3.37,N,,08/2020,Analyst
51-1011.00,1.A.1.e.3,Perceptual Speed,LV,3.0,8,0.0,3.0,3.0,N,N,08/2020,Analyst
51-1011.00,1.A.1.f.1,Spatial Orientation,IM,2.0,8,0.0,2.0,2.0,N,,08/2020,Analyst
51-1011.00,1.A.1.f.1,Spatial Orientation,LV,1.0,8,0.0,1.0,1.0,N,N,08/2020,Analyst
51-1011.00,1.A.1.f.2,Visualization,IM,3.12,8,0.125,2.88,3.37,N,,08/2020,Analyst
51-1011.00,1.A.1.f.2,Visualization,LV,3.12,8,0.125,2.88,3.37,N,N,08/2020,Analyst
51-1011.00,1.A.1.g.1,Selective Attention,IM,3.0,8,0.0,3.0,3.0,N,,08/2020,Analyst
51-1011.00,1.A.1.g.1,Selective Attention,LV,3.12,8,0.125,2.88,3.37,N,N,08/2020,Analyst
51-1011.00,1.A.1.g.2,Time Sharing,IM,2.88,8,0.125,2.63,3.12,N,,08/2020,Analyst
51-1011.00,1.A.1.g.2,Time Sharing,LV,3.0,8,0.0,3.0,3.0,N,N,08/2020,Analyst
51-1011.00,1.A.2.a.1,Arm-Hand Steadiness,IM,3.0,8,0.0,3.0,3.0,N,,08/2020,Analyst
51-1011.00,1.A.2.a.1,Arm-Hand Steadiness,LV,2.88,8,0.125,2.63,3.12,N,N,08/2020,Analyst
51-1011.00,1.A.2.a.2,Manual Dexterity,IM,3.0,8,0.0,3.0,3.0,N,,08/2020,Analyst
51-1011.00,1.A.2.a.2,Manual Dexterity,LV,2.88,8,0.125,2.63,3.12,N,N,08/2020,Analyst
51-1011.00,1.A.2.a.3,Finger Dexterity,IM,2.88,8,0.125,2.63,3.12,N,,08/2020,Analyst
51-1011.00,1.A.2.a.3,Finger Dexterity,LV,3.0,8,0.0,3.0,3.0,N,N,08/2020,Analyst
51-1011.00,1.A.2.b.1,Control Precision,IM,2.88,8,0.125,2.63,3.12,N,,08/2020,Analyst
51-1011.00,1.A.2.b.1,Control Precision,LV,3.0,8,0.0,3.0,3.0,N,N,08/2020,Analyst
51-1011.00,1.A.2.b.2,Multilimb Coordination,IM,2.62,8,0.183,2.2664,2.9836,N,,08/2020,Analyst
51-1011.00,1.A.2.b.2,Multilimb Coordination,LV,2.62,8,0.183,2.2664,2.9836,N,N,08/2020,Analyst
51-1011.00,1.A.2.b.3,Response Orientation,IM,2.25,8,0.1637,1.9292,2.5708,N,,08/2020,Analyst
51-1011.00,1.A.2.b.3,Response Orientation,LV,2.0,8,0.189,1.6296,2.3704,N,N,08/2020,Analyst
51-1011.00,1.A.2.b.4,Rate Control,IM,2.25,8,0.1637,1.9292,2.5708,N,,08/2020,Analyst
51-1011.00,1.A.2.b.4,Rate Control,LV,2.25,8,0.1637,1.9292,2.5708,N,N,08/2020,Analyst
51-1011.00,1.A.2.c.1,Reaction Time,IM,2.5,8,0.189,2.1296,2.8704,N,,08/2020,Analyst
51-1011.00,1.A.2.c.1,Reaction Time,LV,2.88,8,0.125,2.63,3.12,N,N,08/2020,Analyst
51-1011.00,1.A.2.c.2,Wrist-Finger Speed,IM,2.0,8,0.0,2.0,2.0,N,,08/2020,Analyst
51-1011.00,1.A.2.c.2,Wrist-Finger Speed,LV,2.0,8,0.0,2.0,2.0,N,N,08/2020,Analyst
51-1011.00,1.A.2.c.3,Speed of Limb Movement,IM,1.62,8,0.183,1.2664,1.9836,N,,08/2020,Analyst
51-1011.00,1.A.2.c.3,Speed of Limb Movement,LV,1.25,8,0.366,0.5327,1.9673,N,N,08/2020,Analyst
51-1011.00,1.A.3.a.1,Static Strength,IM,2.12,8,0.125,1.88,2.37,N,,08/2020,Analyst
51-1011.00,1.A.3.a.1,Static Strength,LV,2.0,8,0.0,2.0,2.0,N,N,08/2020,Analyst
51-1011.00,1.A.3.a.2,Explosive Strength,IM,1.38,8,0.183,1.0164,1.7336,N,,08/2020,Analyst
51-1011.00,1.A.3.a.2,Explosive Strength,LV,0.88,8,0.4407,0.0113,1.7387,N,N,08/2020,Analyst
51-1011.00,1.A.3.a.3,Dynamic Strength,IM,2.0,8,0.0,2.0,2.0,N,,08/2020,Analyst
51-1011.00,1.A.3.a.3,Dynamic Strength,LV,2.0,8,0.0,2.0,2.0,N,N,08/2020,Analyst
51-1011.00,1.A.3.a.4,Trunk Strength,IM,2.25,8,0.1637,1.9292,2.5708,N,,08/2020,Analyst
51-1011.00,1.A.3.a.4,Trunk Strength,LV,2.38,8,0.183,2.0164,2.7336,N,N,08/2020,Analyst
51-1011.00,1.A.3.b.1,Stamina,IM,2.0,8,0.0,2.0,2.0,N,,08/2020,Analyst
51-1011.00,1.A.3.b.1,Stamina,LV,2.0,8,0.0,2.0,2.0,N,N,08/2020,Analyst
51-1011.00,1.A.3.c.1,Extent Flexibility,IM,2.0,8,0.0,2.0,2.0,N,,08/2020,Analyst
51-1011.00,1.A.3.c.1,Extent Flexibility,LV,2.0,8,0.0,2.0,2.0,N,N,08/2020,Analyst
51-1011.00,1.A.3.c.2,Dynamic Flexibility,IM,1.0,8,0.0,1.0,1.0,N,,08/2020,Analyst
51-1011.00,1.A.3.c.2,Dynamic Flexibility,LV,0.0,8,0.0,0.0,0.0,N,Y,08/2020,Analyst
51-1011.00,1.A.3.c.3,Gross Body Coordination,IM,2.0,8,0.0,2.0,2.0,N,,08/2020,Analyst
51-1011.00,1.A.3.c.3,Gross Body Coordination,LV,2.0,8,0.0,2.0,2.0,N,N,08/2020,Analyst
51-1011.00,1.A.3.c.4,Gross Body Equilibrium,IM,2.0,8,0.0,2.0,2.0,N,,08/2020,Analyst
51-1011.00,1.A.3.c.4,Gross Body Equilibrium,LV,1.25,8,0.1637,0.9292,1.5708,N,N,08/2020,Analyst
51-1011.00,1.A.4.a.1,Near Vision,IM,3.25,8,0.1637,2.9292,3.5708,N,,08/2020,Analyst
51-1011.00,1.A.4.a.1,Near Vision,LV,3.0,8,0.0,3.0,3.0,N,N,08/2020,Analyst
51-1011.00,1.A.4.a.2,Far Vision,IM,3.0,8,0.0,3.0,3.0,N,,08/2020,Analyst
51-1011.00,1.A.4.a.2,Far Vision,LV,3.0,8,0.0,3.0,3.0,N,N,08/2020,Analyst
51-1011.00,1.A.4.a.3,Visual Color Discrimination,IM,2.25,8,0.1637,1.9292,2.5708,N,,08/2020,Analyst
51-1011.00,1.A.4.a.3,Visual Color Discrimination,LV,2.38,8,0.183,2.0164,2.7336,N,N,08/2020,Analyst
51-1011.00,1.A.4.a.4,Night Vision,IM,1.62,8,0.183,1.2664,1.9836,N,,08/2020,Analyst
51-1011.00,1.A.4.a.4,Night Vision,LV,0.62,8,0.183,0.2664,0.9836,N,N,08/2020,Analyst
51-1011.00,1.A.4.a.5,Peripheral Vision,IM,2.0,8,0.0,2.0,2.0,N,,08/2020,Analyst
51-1011.00,1.A.4.a.5,Peripheral Vision,LV,1.12,8,0.125,0.88,1.37,N,N,08/2020,Analyst
51-1011.00,1.A.4.a.6,Depth Perception,IM,2.12,8,0.125,1.88,2.37,N,,08/2020,Analyst
51-1011.00,1.A.4.a.6,Depth Perception,LV,2.5,8,0.189,2.1296,2.8704,N,N,08/2020,Analyst
51-1011.00,1.A.4.a.7,Glare Sensitivity,IM,1.88,8,0.125,1.63,2.12,N,,08/2020,Analyst
51-1011.00,1.A.4.a.7,Glare Sensitivity,LV,1.12,8,0.2266,0.6809,1.5691,N,N,08/2020,Analyst
51-1011.00,1.A.4.b.1,Hearing Sensitivity,IM,2.12,8,0.125,1.88,2.37,N,,08/2020,Analyst
51-1011.00,1.A.4.b.1,Hearing Sensitivity,LV,2.5,8,0.189,2.1296,2.8704,N,N,08/2020,Analyst
51-1011.00,1.A.4.b.2,Auditory Attention,IM,2.5,8,0.189,2.1296,2.8704,N,,08/2020,Analyst
51-1011.00,1.A.4.b.2,Auditory Attention,LV,2.75,8,0.1637,2.4292,3.0708,N,N,08/2020,Analyst
51-1011.00,1.A.4.b.3,Sound Localization,IM,2.0,8,0.0,2.0,2.0,N,,08/2020,Analyst
51-1011.00,1.A.4.b.3,Sound Localization,LV,1.0,8,0.0,1.0,1.0,N,N,08/2020,Analyst
51-1011.00,1.A.4.b.4,Speech Recognition,IM,3.75,8,0.1637,3.4292,4.0708,N,,08/2020,Analyst
51-1011.00,1.A.4.b.4,Speech Recognition,LV,3.38,8,0.183,3.0164,3.7336,N,N,08/2020,Analyst
51-1011.00,1.A.4.b.5,Speech Clarity,IM,3.75,8,0.1637,3.4292,4.0708,N,,08/2020,Analyst
51-1011.00,1.A.4.b.5,Speech Clarity,LV,3.62,8,0.183,3.2664,3.9836,N,N,08/2020,Analyst
51-2011.00,1.A.1.a.1,Oral Comprehension,IM,3.12,8,0.125,2.88,3.37,N,,07/2015,Analyst
51-2011.00,1.A.1.a.1,Oral Comprehension,LV,3.75,8,0.1637,3.4292,4.0708,N,N,07/2015,Analyst
51-2011.00,1.A.1.a.2,Written Comprehension,IM,3.12,8,0.125,2.88,3.37,N,,07/2015,Analyst
51-2011.00,1.A.1.a.2,Written Comprehension,LV,3.62,8,0.183,3.2664,3.9836,N,N,07/2015,Analyst
51-2011.00,1.A.1.a.3,Oral Expression,IM,3.0,8,0.0,3.0,3.0,N,,07/2015,Analyst
51-2011.00,1.A.1.a.3,Oral Expression,LV,3.12,8,0.125,2.88,3.37,N,N,07/2015,Analyst
51-2011.00,1.A.1.a.4,Written Expression,IM,2.88,8,0.125,2.63,3.12,N,,07/2015,Analyst
51-2011.00,1.A.1.a.4,Written Expression,LV,2.75,8,0.1637,2.4292,3.0708,N,N,07/2015,Analyst
51-2011.00,1.A.1.b.1,Fluency of Ideas,IM,2.88,8,0.125,2.63,3.12,N,,07/2015,Analyst
51-2011.00,1.A.1.b.1,Fluency of Ideas,LV,2.88,8,0.125,2.63,3.12,N,N,07/2015,Analyst
51-2011.00,1.A.1.b.2,Originality,IM,2.38,8,0.183,2.0164,2.7336,N,,07/2015,Analyst
51-2011.00,1.A.1.b.2,Originality,LV,2.5,8,0.189,2.1296,2.8704,N,N,07/2015,Analyst
51-2011.00,1.A.1.b.3,Problem Sensitivity,IM,3.75,8,0.1637,3.4292,4.0708,N,,07/2015,Analyst
51-2011.00,1.A.1.b.3,Problem Sensitivity,LV,3.38,8,0.183,3.0164,3.7336,N,N,07/2015,Analyst
51-2011.00,1.A.1.b.4,Deductive Reasoning,IM,3.12,8,0.125,2.88,3.37,N,,07/2015,Analyst
51-2011.00,1.A.1.b.4,Deductive Reasoning,LV,3.25,8,0.1637,2.9292,3.5708,N,N,07/2015,Analyst
51-2011.00,1.A.1.b.5,Inductive Reasoning,IM,3.0,8,0.0,3.0,3.0,N,,07/2015,Analyst
51-2011.00,1.A.1.b.5,Inductive Reasoning,LV,3.0,8,0.0,3.0,3.0,N,N,07/2015,Analyst
51-2011.00,1.A.1.b.6,Information Ordering,IM,3.38,8,0.183,3.0164,3.7336,N,,07/2015,Analyst
51-2011.00,1.A.1.b.6,Information Ordering,LV,3.62,8,0.183,3.2664,3.9836,N,N,07/2015,Analyst
51-2011.00,1.A.1.b.7,Category Flexibility,IM,3.0,8,0.0,3.0,3.0,N,,07/2015,Analyst
51-2011.00,1.A.1.b.7,Category Flexibility,LV,3.0,8,0.0,3.0,3.0,N,N,07/2015,Analyst
51-2011.00,1.A.1.c.1,Mathematical Reasoning,IM,2.25,8,0.1637,1.9292,2.5708,N,,07/2015,Analyst
51-2011.00,1.A.1.c.1,Mathematical Reasoning,LV,2.12,8,0.125,1.88,2.37,N,N,07/2015,Analyst
51-2011.00,1.A.1.c.2,Number Facility,IM,2.25,8,0.1637,1.9292,2.5708,N,,07/2015,Analyst
51-2011.00,1.A.1.c.2,Number Facility,LV,2.62,8,0.183,2.2664,2.9836,N,N,07/2015,Analyst
51-2011.00,1.A.1.d.1,Memorization,IM,2.0,8,0.0,2.0,2.0,N,,07/2015,Analyst
51-2011.00,1.A.1.d.1,Memorization,LV,2.0,8,0.0,2.0,2.0,N,N,07/2015,Analyst
51-2011.00,1.A.1.e.1,Speed of Closure,IM,2.25,8,0.1637,1.9292,2.5708,N,,07/2015,Analyst
51-2011.00,1.A.1.e.1,Speed of Closure,LV,2.38,8,0.2631,1.8594,2.8906,N,N,07/2015,Analyst
51-2011.00,1.A.1.e.2,Flexibility of Closure,IM,2.88,8,0.125,2.63,3.12,N,,07/2015,Analyst
51-2011.00,1.A.1.e.2,Flexibility of Closure,LV,2.88,8,0.125,2.63,3.12,N,N,07/2015,Analyst
51-2011.00,1.A.1.e.3,Perceptual Speed,IM,3.0,8,0.0,3.0,3.0,N,,07/2015,Analyst
51-2011.00,1.A.1.e.3,Perceptual Speed,LV,3.0,8,0.0,3.0,3.0,N,N,07/2015,Analyst
51-2011.00,1.A.1.f.1,Spatial Orientation,IM,2.0,8,0.0,2.0,2.0,N,,07/2015,Analyst
51-2011.00,1.A.1.f.1,Spatial Orientation,LV,1.75,8,0.1637,1.4292,2.0708,N,N,07/2015,Analyst
51-2011.00,1.A.1.f.2,Visualization,IM,3.38,8,0.183,3.0164,3.7336,N,,07/2015,Analyst
51-2011.00,1.A.1.f.2,Visualization,LV,3.88,8,0.125,3.63,4.12,N,N,07/2015,Analyst
51-2011.00,1.A.1.g.1,Selective Attention,IM,3.0,8,0.0,3.0,3.0,N,,07/2015,Analyst
51-2011.00,1.A.1.g.1,Selective Attention,LV,3.38,8,0.183,3.0164,3.7336,N,N,07/2015,Analyst
51-2011.00,1.A.1.g.2,Time Sharing,IM,2.62,8,0.183,2.2664,2.9836,N,,07/2015,Analyst
51-2011.00,1.A.1.g.2,Time Sharing,LV,2.5,8,0.189,2.1296,2.8704,N,N,07/2015,Analyst
51-2011.00,1.A.2.a.1,Arm-Hand Steadiness,IM,3.12,8,0.125,2.88,3.37,N,,07/2015,Analyst
51-2011.00,1.A.2.a.1,Arm-Hand Steadiness,LV,3.12,8,0.125,2.88,3.37,N,N,07/2015,Analyst
51-2011.00,1.A.2.a.2,Manual Dexterity,IM,3.38,8,0.183,3.0164,3.7336,N,,07/2015,Analyst
51-2011.00,1.A.2.a.2,Manual Dexterity,LV,3.25,8,0.1637,2.9292,3.5708,N,N,07/2015,Analyst
51-2011.00,1.A.2.a.3,Finger Dexterity,IM,3.5,8,0.189,3.1296,3.8704,N,,07/2015,Analyst
51-2011.00,1.A.2.a.3,Finger Dexterity,LV,3.88,8,0.125,3.63,4.12,N,N,07/2015,Analyst
51-2011.00,1.A.2.b.1,Control Precision,IM,3.12,8,0.125,2.88,3.37,N,,07/2015,Analyst
51-2011.00,1.A.2.b.1,Control Precision,LV,3.38,8,0.183,3.0164,3.7336,N,N,07/2015,Analyst
51-2011.00,1.A.2.b.2,Multilimb Coordination,IM,3.0,8,0.189,2.6296,3.3704,N,,07/2015,Analyst
51-2011.00,1.A.2.b.2,Multilimb Coordination,LV,3.12,8,0.125,2.88,3.37,N,N,07/2015,Analyst
51-2011.00,1.A.2.b.3,Response Orientation,IM,2.0,8,0.0,2.0,2.0,N,,07/2015,Analyst
51-2011.00,1.A.2.b.3,Response Orientation,LV,2.38,8,0.2631,1.8594,2.8906,N,N,07/2015,Analyst
51-2011.00,1.A.2.b.4,Rate Control,IM,2.5,8,0.189,2.1296,2.8704,N,,07/2015,Analyst
51-2011.00,1.A.2.b.4,Rate Control,LV,1.88,8,0.125,1.63,2.12,N,N,07/2015,Analyst
51-2011.00,1.A.2.c.1,Reaction Time,IM,2.5,8,0.189,2.1296,2.8704,N,,07/2015,Analyst
51-2011.00,1.A.2.c.1,Reaction Time,LV,2.75,8,0.1637,2.4292,3.0708,N,N,07/2015,Analyst
51-2011.00,1.A.2.c.2,Wrist-Finger Speed,IM,2.12,8,0.125,1.88,2.37,N,,07/2015,Analyst
51-2011.00,1.A.2.c.2,Wrist-Finger Speed,LV,2.12,8,0.125,1.88,2.37,N,N,07/2015,Analyst
51-2011.00,1.A.2.c.3,Speed of Limb Movement,IM,2.0,8,0.189,1.6296,2.3704,N,,07/2015,Analyst
51-2011.00,1.A.2.c.3,Speed of Limb Movement,LV,1.62,8,0.2631,1.1094,2.1406,N,N,07/2015,Analyst
51-2011.00,1.A.3.a.1,Static Strength,IM,2.88,8,0.125,2.63,3.12,N,,07/2015,Analyst
51-2011.00,1.A.3.a.1,Static Strength,LV,2.75,8,0.1637,2.4292,3.0708,N,N,07/2015,Analyst
51-2011.00,1.A.3.a.2,Explosive Strength,IM,1.75,8,0.1637,1.4292,2.0708,N,,07/2015,Analyst
51-2011.00,1.A.3.a.2,Explosive Strength,LV,1.12,8,0.295,0.5467,1.7033,N,N,07/2015,Analyst
51-2011.00,1.A.3.a.3,Dynamic Strength,IM,2.75,8,0.1637,2.4292,3.0708,N,,07/2015,Analyst
51-2011.00,1.A.3.a.3,Dynamic Strength,LV,2.12,8,0.125,1.88,2.37,N,N,07/2015,Analyst
51-2011.00,1.A.3.a.4,Trunk Strength,IM,2.88,8,0.125,2.63,3.12,N,,07/2015,Analyst
51-2011.00,1.A.3.a.4,Trunk Strength,LV,3.0,8,0.0,3.0,3.0,N,N,07/2015,Analyst
51-2011.00,1.A.3.b.1,Stamina,IM,2.5,8,0.189,2.1296,2.8704,N,,07/2015,Analyst
51-2011.00,1.A.3.b.1,Stamina,LV,2.0,8,0.189,1.6296,2.3704,N,N,07/2015,Analyst
51-2011.00,1.A.3.c.1,Extent Flexibility,IM,3.12,8,0.125,2.88,3.37,N,,07/2015,Analyst
51-2011.00,1.A.3.c.1,Extent Flexibility,LV,3.5,8,0.2673,2.9762,4.0238,N,N,07/2015,Analyst
51-2011.00,1.A.3.c.2,Dynamic Flexibility,IM,1.25,8,0.1637,1.0,1.5708,N,,07/2015,Analyst
51-2011.00,1.A.3.c.2,Dynamic Flexibility,LV,0.25,8,0.1637,0.0,0.5708,N,Y,07/2015,Analyst
51-2011.00,1.A.3.c.3,Gross Body Coordination,IM,2.25,8,0.1637,1.9292,2.5708,N,,07/2015,Analyst
51-2011.00,1.A.3.c.3,Gross Body Coordination,LV,2.12,8,0.125,1.88,2.37,N,N,07/2015,Analyst
51-2011.00,1.A.3.c.4,Gross Body Equilibrium,IM,2.5,8,0.189,2.1296,2.8704,N,,07/2015,Analyst
51-2011.00,1.A.3.c.4,Gross Body Equilibrium,LV,2.25,8,0.25,1.76,2.74,N,N,07/2015,Analyst
51-2011.00,1.A.4.a.1,Near Vision,IM,3.62,8,0.183,3.2664,3.9836,N,,07/2015,Analyst
51-2011.00,1.A.4.a.1,Near Vision,LV,3.5,8,0.189,3.1296,3.8704,N,N,07/2015,Analyst
51-2011.00,1.A.4.a.2,Far Vision,IM,2.75,8,0.1637,2.4292,3.0708,N,,07/2015,Analyst
51-2011.00,1.A.4.a.2,Far Vision,LV,3.0,8,0.2673,2.4762,3.5238,N,N,07/2015,Analyst
51-2011.00,1.A.4.a.3,Visual Color Discrimination,IM,2.88,8,0.125,2.63,3.12,N,,07/2015,Analyst
51-2011.00,1.A.4.a.3,Visual Color Discrimination,LV,3.12,8,0.125,2.88,3.37,N,N,07/2015,Analyst
51-2011.00,1.A.4.a.4,Night Vision,IM,2.0,8,0.0,2.0,2.0,N,,07/2015,Analyst
51-2011.00,1.A.4.a.4,Night Vision,LV,1.38,8,0.183,1.0164,1.7336,N,N,07/2015,Analyst
51-2011.00,1.A.4.a.5,Peripheral Vision,IM,2.0,8,0.0,2.0,2.0,N,,07/2015,Analyst
51-2011.00,1.A.4.a.5,Peripheral Vision,LV,1.75,8,0.1637,1.4292,2.0708,N,N,07/2015,Analyst
51-2011.00,1.A.4.a.6,Depth Perception,IM,2.75,8,0.1637,2.4292,3.0708,N,,07/2015,Analyst
51-2011.00,1.A.4.a.6,Depth Perception,LV,2.75,8,0.1637,2.4292,3.0708,N,N,07/2015,Analyst
51-2011.00,1.A.4.a.7,Glare Sensitivity,IM,2.0,8,0.0,2.0,2.0,N,,07/2015,Analyst
51-2011.00,1.A.4.a.7,Glare Sensitivity,LV,1.88,8,0.2266,1.4309,2.3191,N,N,07/2015,Analyst
51-2011.00,1.A.4.b.1,Hearing Sensitivity,IM,2.88,8,0.125,2.63,3.12,N,,07/2015,Analyst
51-2011.00,1.A.4.b.1,Hearing Sensitivity,LV,2.88,8,0.125,2.63,3.12,N,N,07/2015,Analyst
51-2011.00,1.A.4.b.2,Auditory Attention,IM,3.0,8,0.0,3.0,3.0,N,,07/2015,Analyst
51-2011.00,1.A.4.b.2,Auditory Attention,LV,3.0,8,0.0,3.0,3.0,N,N,07/2015,Analyst
51-2011.00,1.A.4.b.3,Sound Localization,IM,2.0,8,0.0,2.0,2.0,N,,07/2015,Analyst
51-2011.00,1.A.4.b.3,Sound Localization,LV,1.88,8,0.2266,1.4309,2.3191,N,N,07/2015,Analyst
51-2011.00,1.A.4.b.4,Speech Recognition,IM,3.12,8,0.125,2.88,3.37,N,,07/2015,Analyst
51-2011.00,1.A.4.b.4,Speech Recognition,LV,3.0,8,0.0,3.0,3.0,N,N,07/2015,Analyst
51-2011.00,1.A.4.b.5,Speech Clarity,IM,3.0,8,0.189,2.6296,3.3704,N,,07/2015,Analyst
51-2011.00,1.A.4.b.5,Speech Clarity,LV,2.88,8,0.125,2.63,3.12,N,N,07/2015,Analyst
51-2021.00,1.A.1.a.1,Oral Comprehension,IM,3.0,8,0.0,3.0,3.0,N,,07/2017,Analyst
51-2021.00,1.A.1.a.1,Oral Comprehension,LV,2.88,8,0.125,2.63,3.12,N,N,07/2017,Analyst
51-2021.00,1.A.1.a.2,Written Comprehension,IM,2.88,8,0.125,2.63,3.12,N,,07/2017,Analyst
51-2021.00,1.A.1.a.2,Written Comprehension,LV,2.75,8,0.1637,2.4292,3.0708,N,N,07/2017,Analyst
51-2021.00,1.A.1.a.3,Oral Expression,IM,3.0,8,0.0,3.0,3.0,N,,07/2017,Analyst
51-2021.00,1.A.1.a.3,Oral Expression,LV,2.88,8,0.125,2.63,3.12,N,N,07/2017,Analyst
51-2021.00,1.A.1.a.4,Written Expression,IM,2.38,8,0.183,2.0164,2.7336,N,,07/2017,Analyst
51-2021.00,1.A.1.a.4,Written Expression,LV,2.0,8,0.0,2.0,2.0,N,N,07/2017,Analyst
51-2021.00,1.A.1.b.1,Fluency of Ideas,IM,2.0,8,0.0,2.0,2.0,N,,07/2017,Analyst
51-2021.00,1.A.1.b.1,Fluency of Ideas,LV,2.0,8,0.0,2.0,2.0,N,N,07/2017,Analyst
51-2021.00,1.A.1.b.2,Originality,IM,1.75,8,0.1637,1.4292,2.0708,N,,07/2017,Analyst
51-2021.00,1.A.1.b.2,Originality,LV,0.88,8,0.2266,0.4309,1.3191,N,N,07/2017,Analyst
51-2021.00,1.A.1.b.3,Problem Sensitivity,IM,3.12,8,0.125,2.88,3.37,N,,07/2017,Analyst
51-2021.00,1.A.1.b.3,Problem Sensitivity,LV,3.0,8,0.0,3.0,3.0,N,N,07/2017,Analyst
51-2021.00,1.A.1.b.4,Deductive Reasoning,IM,3.0,8,0.189,2.6296,3.3704,N,,07/2017,Analyst
51-2021.00,1.A.1.b.4,Deductive Reasoning,LV,2.62,8,0.183,2.2664,2.9836,N,N,07/2017,Analyst
51-2021.00,1.A.1.b.5,Inductive Reasoning,IM,2.88,8,0.125,2.63,3.12,N,,07/2017,Analyst
51-2021.00,1.A.1.b.5,Inductive Reasoning,LV,2.62,8,0.183,2.2664,2.9836,N,N,07/2017,Analyst
51-2021.00,1.A.1.b.6,Information Ordering,IM,2.88,8,0.2266,2.4309,3.3191,N,,07/2017,Analyst
51-2021.00,1.A.1.b.6,Information Ordering,LV,2.62,8,0.183,2.2664,2.9836,N,N,07/2017,Analyst
51-2021.00,1.A.1.b.7,Category Flexibility,IM,2.75,8,0.1637,2.4292,3.0708,N,,07/2017,Analyst
51-2021.00,1.A.1.b.7,Category Flexibility,LV,2.5,8,0.189,2.1296,2.8704,N,N,07/2017,Analyst
51-2021.00,1.A.1.c.1,Mathematical Reasoning,IM,1.75,8,0.1637,1.4292,2.0708,N,,07/2017,Analyst
51-2021.00,1.A.1.c.1,Mathematical Reasoning,LV,1.0,8,0.2673,0.4762,1.5238,N,N,07/2017,Analyst
51-2021.00,1.A.1.c.2,Number Facility,IM,1.88,8,0.125,1.63,2.12,N,,07/2017,Analyst
51-2021.00,1.A.1.c.2,Number Facility,LV,1.25,8,0.25,0.76,1.74,N,N,07/2017,Analyst
51-2021.00,1.A.1.d.1,Memorization,IM,2.0,8,0.0,2.0,2.0,N,,07/2017,Analyst
51-2021.00,1.A.1.d.1,Memorization,LV,1.0,8,0.0,1.0,1.0,N,N,07/2017,Analyst
51-2021.00,1.A.1.e.1,Speed of Closure,IM,2.0,8,0.0,2.0,2.0,N,,07/2017,Analyst
51-2021.00,1.A.1.e.1,Speed of Closure,LV,1.25,8,0.1637,0.9292,1.5708,N,N,07/2017,Analyst
51-2021.00,1.A.1.e.2,Flexibility of Closure,IM,2.62,8,0.183,2.2664,2.9836,N,,07/2017,Analyst
51-2021.00,1.A.1.e.2,Flexibility of Closure,LV,2.12,8,0.125,1.88,2.37,N,N,07/2017,Analyst
51-2021.00,1.A.1.e.3,Perceptual Speed,IM,2.75,8,0.1637,2.4292,3.0708,N,,07/2017,Analyst
51-2021.00,1.A.1.e.3,Perceptual Speed,LV,2.88,8,0.125,2.63,3.12,N,N,07/2017,Analyst
51-2021.00,1.A.1.f.1,Spatial Orientation,IM,1.5,8,0.189,1.1296,1.8704,N,,07/2017,Analyst
51-2021.00,1.A.1.f.1,Spatial Orientation,LV,0.5,8,0.189,0.1296,0.8704,N,N,07/2017,Analyst
51-2021.00,1.A.1.f.2,Visualization,IM,2.38,8,0.2631,1.8594,2.8906,N,,07/2017,Analyst
51-2021.00,1.A.1.f.2,Visualization,LV,2.25,8,0.25,1.76,2.74,N,N,07/2017,Analyst
51-2021.00,1.A.1.g.1,Selective Attention,IM,3.12,8,0.125,2.88,3.37,N,,07/2017,Analyst
51-2021.00,1.A.1.g.1,Selective Attention,LV,3.0,8,0.189,2.6296,3.3704,N,N,07/2017,Analyst
51-2021.00,1.A.1.g.2,Time Sharing,IM,2.0,8,0.0,2.0,2.0,N,,07/2017,Analyst
51-2021.00,1.A.1.g.2,Time Sharing,LV,2.12,8,0.125,1.88,2.37,N,N,07/2017,Analyst
51-2021.00,1.A.2.a.1,Arm-Hand Steadiness,IM,3.75,8,0.1637,3.4292,4.0708,N,,07/2017,Analyst
51-2021.00,1.A.2.a.1,Arm-Hand Steadiness,LV,3.12,8,0.125,2.88,3.37,N,N,07/2017,Analyst
51-2021.00,1.A.2.a.2,Manual Dexterity,IM,3.38,8,0.183,3.0164,3.7336,N,,07/2017,Analyst
51-2021.00,1.A.2.a.2,Manual Dexterity,LV,3.12,8,0.125,2.88,3.37,N,N,07/2017,Analyst
51-2021.00,1.A.2.a.3,Finger Dexterity,IM,3.12,8,0.125,2.88,3.37,N,,07/2017,Analyst
51-2021.00,1.A.2.a.3,Finger Dexterity,LV,3.25,8,0.1637,2.9292,3.5708,N,N,07/2017,Analyst
51-2021.00,1.A.2.b.1,Control Precision,IM,3.25,8,0.1637,2.9292,3.5708,N,,07/2017,Analyst
51-2021.00,1.A.2.b.1,Control Precision,LV,3.12,8,0.125,2.88,3.37,N,N,07/2017,Analyst
51-2021.00,1.A.2.b.2,Multilimb Coordination,IM,2.88,8,0.125,2.63,3.12,N,,07/2017,Analyst
51-2021.00,1.A.2.b.2,Multilimb Coordination,LV,2.75,8,0.1637,2.4292,3.0708,N,N,07/2017,Analyst
51-2021.00,1.A.2.b.3,Response Orientation,IM,2.12,8,0.125,1.88,2.37,N,,07/2017,Analyst
51-2021.00,1.A.2.b.3,Response Orientation,LV,2.12,8,0.125,1.88,2.37,N,N,07/2017,Analyst
51-2021.00,1.A.2.b.4,Rate Control,IM,2.12,8,0.125,1.88,2.37,N,,07/2017,Analyst
51-2021.00,1.A.2.b.4,Rate Control,LV,2.12,8,0.125,1.88,2.37,N,N,07/2017,Analyst
51-2021.00,1.A.2.c.1,Reaction Time,IM,2.75,8,0.1637,2.4292,3.0708,N,,07/2017,Analyst
51-2021.00,1.A.2.c.1,Reaction Time,LV,2.75,8,0.1637,2.4292,3.0708,N,N,07/2017,Analyst
51-2021.00,1.A.2.c.2,Wrist-Finger Speed,IM,1.75,8,0.1637,1.4292,2.0708,N,,07/2017,Analyst
51-2021.00,1.A.2.c.2,Wrist-Finger Speed,LV,1.12,8,0.295,0.5467,1.7033,N,N,07/2017,Analyst
51-2021.00,1.A.2.c.3,Speed of Limb Movement,IM,1.62,8,0.183,1.2664,1.9836,N,,07/2017,Analyst
51-2021.00,1.A.2.c.3,Speed of Limb Movement,LV,0.62,8,0.183,0.2664,0.9836,N,N,07/2017,Analyst
51-2021.00,1.A.3.a.1,Static Strength,IM,2.38,8,0.183,2.0164,2.7336,N,,07/2017,Analyst
51-2021.00,1.A.3.a.1,Static Strength,LV,2.38,8,0.183,2.0164,2.7336,N,N,07/2017,Analyst
51-2021.00,1.A.3.a.2,Explosive Strength,IM,1.62,8,0.183,1.2664,1.9836,N,,07/2017,Analyst
51-2021.00,1.A.3.a.2,Explosive Strength,LV,0.88,8,0.295,0.2967,1.4533,N,N,07/2017,Analyst
51-2021.00,1.A.3.a.3,Dynamic Strength,IM,2.12,8,0.125,1.88,2.37,N,,07/2017,Analyst
51-2021.00,1.A.3.a.3,Dynamic Strength,LV,2.12,8,0.125,1.88,2.37,N,N,07/2017,Analyst
51-2021.00,1.A.3.a.4,Trunk Strength,IM,2.38,8,0.183,2.0164,2.7336,N,,07/2017,Analyst
51-2021.00,1.A.3.a.4,Trunk Strength,LV,2.5,8,0.2673,1.9762,3.0238,N,N,07/2017,Analyst
51-2021.00,1.A.3.b.1,Stamina,IM,1.88,8,0.125,1.63,2.12,N,,07/2017,Analyst
51-2021.00,1.A.3.b.1,Stamina,LV,1.38,8,0.2631,0.8594,1.8906,N,N,07/2017,Analyst
51-2021.00,1.A.3.c.1,Extent Flexibility,IM,2.25,8,0.1637,1.9292,2.5708,N,,07/2017,Analyst
51-2021.00,1.A.3.c.1,Extent Flexibility,LV,2.25,8,0.1637,1.9292,2.5708,N,N,07/2017,Analyst
51-2021.00,1.A.3.c.2,Dynamic Flexibility,IM,1.12,8,0.125,1.0,1.37,N,,07/2017,Analyst
51-2021.00,1.A.3.c.2,Dynamic Flexibility,LV,0.12,8,0.125,0.0,0.37,N,Y,07/2017,Analyst
51-2021.00,1.A.3.c.3,Gross Body Coordination,IM,1.88,8,0.125,1.63,2.12,N,,07/2017,Analyst
51-2021.00,1.A.3.c.3,Gross Body Coordination,LV,1.0,8,0.189,0.6296,1.3704,N,N,07/2017,Analyst
51-2021.00,1.A.3.c.4,Gross Body Equilibrium,IM,1.88,8,0.125,1.63,2.12,N,,07/2017,Analyst
51-2021.00,1.A.3.c.4,Gross Body Equilibrium,LV,1.0,8,0.189,0.6296,1.3704,N,N,07/2017,Analyst
51-2021.00,1.A.4.a.1,Near Vision,IM,3.25,8,0.1637,2.9292,3.5708,N,,07/2017,Analyst
51-2021.00,1.A.4.a.1,Near Vision,LV,3.0,8,0.0,3.0,3.0,N,N,07/2017,Analyst
51-2021.00,1.A.4.a.2,Far Vision,IM,2.88,8,0.125,2.63,3.12,N,,07/2017,Analyst
51-2021.00,1.A.4.a.2,Far Vision,LV,2.5,8,0.189,2.1296,2.8704,N,N,07/2017,Analyst
51-2021.00,1.A.4.a.3,Visual Color Discrimination,IM,2.12,8,0.125,1.88,2.37,N,,07/2017,Analyst
51-2021.00,1.A.4.a.3,Visual Color Discrimination,LV,2.5,8,0.189,2.1296,2.8704,N,N,07/2017,Analyst
51-2021.00,1.A.4.a.4,Night Vision,IM,1.25,8,0.1637,1.0,1.5708,N,,07/2017,Analyst
51-2021.00,1.A.4.a.4,Night Vision,LV,0.25,8,0.1637,0.0,0.5708,N,Y,07/2017,Analyst
51-2021.00,1.A.4.a.5,Peripheral Vision,IM,1.5,8,0.189,1.1296,1.8704,N,,07/2017,Analyst
51-2021.00,1.A.4.a.5,Peripheral Vision,LV,0.5,8,0.189,0.1296,0.8704,N,N,07/2017,Analyst
51-2021.00,1.A.4.a.6,Depth Perception,IM,2.5,8,0.189,2.1296,2.8704,N,,07/2017,Analyst
51-2021.00,1.A.4.a.6,Depth Perception,LV,2.38,8,0.183,2.0164,2.7336,N,N,07/2017,Analyst
51-2021.00,1.A.4.a.7,Glare Sensitivity,IM,1.5,8,0.189,1.1296,1.8704,N,,07/2017,Analyst
51-2021.00,1.A.4.a.7,Glare Sensitivity,LV,0.5,8,0.189,0.1296,0.8704,N,N,07/2017,Analyst
51-2021.00,1.A.4.b.1,Hearing Sensitivity,IM,2.5,8,0.189,2.1296,2.8704,N,,07/2017,Analyst
51-2021.00,1.A.4.b.1,Hearing Sensitivity,LV,2.12,8,0.125,1.88,2.37,N,N,07/2017,Analyst
51-2021.00,1.A.4.b.2,Auditory Attention,IM,2.0,8,0.189,1.6296,2.3704,N,,07/2017,Analyst
51-2021.00,1.A.4.b.2,Auditory Attention,LV,1.62,8,0.3239,0.9902,2.2598,N,N,07/2017,Analyst
51-2021.00,1.A.4.b.3,Sound Localization,IM,1.25,8,0.1637,1.0,1.5708,N,,07/2017,Analyst
51-2021.00,1.A.4.b.3,Sound Localization,LV,0.25,8,0.1637,0.0,0.5708,N,Y,07/2017,Analyst
51-2021.00,1.A.4.b.4,Speech Recognition,IM,3.0,8,0.0,3.0,3.0,N,,07/2017,Analyst
51-2021.00,1.A.4.b.4,Speech Recognition,LV,2.62,8,0.183,2.2664,2.9836,N,N,07/2017,Analyst
51-2021.00,1.A.4.b.5,Speech Clarity,IM,3.0,8,0.0,3.0,3.0,N,,07/2017,Analyst
51-2021.00,1.A.4.b.5,Speech Clarity,LV,2.75,8,0.1637,2.4292,3.0708,N,N,07/2017,Analyst
51-2022.00,1.A.1.a.1,Oral Comprehension,IM,3.5,8,0.189,3.1296,3.8704,N,,07/2013,Analyst
51-2022.00,1.A.1.a.1,Oral Comprehension,LV,3.5,8,0.189,3.1296,3.8704,N,N,07/2013,Analyst
51-2022.00,1.A.1.a.2,Written Comprehension,IM,3.12,8,0.125,2.88,3.37,N,,07/2013,Analyst
51-2022.00,1.A.1.a.2,Written Comprehension,LV,3.0,8,0.0,3.0,3.0,N,N,07/2013,Analyst
51-2022.00,1.A.1.a.3,Oral Expression,IM,3.12,8,0.125,2.88,3.37,N,,07/2013,Analyst
51-2022.00,1.A.1.a.3,Oral Expression,LV,3.12,8,0.125,2.88,3.37,N,N,07/2013,Analyst
51-2022.00,1.A.1.a.4,Written Expression,IM,2.75,8,0.1637,2.4292,3.0708,N,,07/2013,Analyst
51-2022.00,1.A.1.a.4,Written Expression,LV,2.62,8,0.183,2.2664,2.9836,N,N,07/2013,Analyst
51-2022.00,1.A.1.b.1,Fluency of Ideas,IM,2.62,8,0.183,2.2664,2.9836,N,,07/2013,Analyst
51-2022.00,1.A.1.b.1,Fluency of Ideas,LV,2.38,8,0.183,2.0164,2.7336,N,N,07/2013,Analyst
51-2022.00,1.A.1.b.2,Originality,IM,2.12,8,0.125,1.88,2.37,N,,07/2013,Analyst
51-2022.00,1.A.1.b.2,Originality,LV,2.12,8,0.125,1.88,2.37,N,N,07/2013,Analyst
51-2022.00,1.A.1.b.3,Problem Sensitivity,IM,3.0,8,0.0,3.0,3.0,N,,07/2013,Analyst
51-2022.00,1.A.1.b.3,Problem Sensitivity,LV,3.0,8,0.0,3.0,3.0,N,N,07/2013,Analyst
51-2022.00,1.A.1.b.4,Deductive Reasoning,IM,3.0,8,0.0,3.0,3.0,N,,07/2013,Analyst
51-2022.00,1.A.1.b.4,Deductive Reasoning,LV,3.0,8,0.0,3.0,3.0,N,N,07/2013,Analyst
51-2022.00,1.A.1.b.5,Inductive Reasoning,IM,3.12,8,0.125,2.88,3.37,N,,07/2013,Analyst
51-2022.00,1.A.1.b.5,Inductive Reasoning,LV,3.12,8,0.125,2.88,3.37,N,N,07/2013,Analyst
51-2022.00,1.A.1.b.6,Information Ordering,IM,3.25,8,0.1637,2.9292,3.5708,N,,07/2013,Analyst
51-2022.00,1.A.1.b.6,Information Ordering,LV,3.12,8,0.2266,2.6809,3.5691,N,N,07/2013,Analyst
51-2022.00,1.A.1.b.7,Category Flexibility,IM,2.88,8,0.125,2.63,3.12,N,,07/2013,Analyst
51-2022.00,1.A.1.b.7,Category Flexibility,LV,2.88,8,0.125,2.63,3.12,N,N,07/2013,Analyst
51-2022.00,1.A.1.c.1,Mathematical Reasoning,IM,2.0,8,0.0,2.0,2.0,N,,07/2013,Analyst
51-2022.00,1.A.1.c.1,Mathematical Reasoning,LV,1.5,8,0.189,1.1296,1.8704,N,N,07/2013,Analyst
51-2022.00,1.A.1.c.2,Number Facility,IM,2.0,8,0.0,2.0,2.0,N,,07/2013,Analyst
51-2022.00,1.A.1.c.2,Number Facility,LV,1.75,8,0.1637,1.4292,2.0708,N,N,07/2013,Analyst
51-2022.00,1.A.1.d.1,Memorization,IM,2.0,8,0.0,2.0,2.0,N,,07/2013,Analyst
51-2022.00,1.A.1.d.1,Memorization,LV,1.5,8,0.2673,0.9762,2.0238,N,N,07/2013,Analyst
51-2022.00,1.A.1.e.1,Speed of Closure,IM,2.12,8,0.125,1.88,2.37,N,,07/2013,Analyst
51-2022.00,1.A.1.e.1,Speed of Closure,LV,2.0,8,0.0,2.0,2.0,N,N,07/2013,Analyst
51-2022.00,1.A.1.e.2,Flexibility of Closure,IM,2.5,8,0.189,2.1296,2.8704,N,,07/2013,Analyst
51-2022.00,1.A.1.e.2,Flexibility of Closure,LV,2.75,8,0.1637,2.4292,3.0708,N,N,07/2013,Analyst
51-2022.00,1.A.1.e.3,Perceptual Speed,IM,2.88,8,0.125,2.63,3.12,N,,07/2013,Analyst
51-2022.00,1.A.1.e.3,Perceptual Speed,LV,2.88,8,0.125,2.63,3.12,N,N,07/2013,Analyst
51-2022.00,1.A.1.f.1,Spatial Orientation,IM,1.5,8,0.189,1.1296,1.8704,N,,07/2013,Analyst
51-2022.00,1.A.1.f.1,Spatial Orientation,LV,0.62,8,0.2631,0.1094,1.1406,N,N,07/2013,Analyst
51-2022.00,1.A.1.f.2,Visualization,IM,3.12,8,0.125,2.88,3.37,N,,07/2013,Analyst
51-2022.00,1.A.1.f.2,Visualization,LV,3.75,8,0.1637,3.4292,4.0708,N,N,07/2013,Analyst
51-2022.00,1.A.1.g.1,Selective Attention,IM,2.88,8,0.125,2.63,3.12,N,,07/2013,Analyst
51-2022.00,1.A.1.g.1,Selective Attention,LV,2.88,8,0.125,2.63,3.12,N,N,07/2013,Analyst
51-2022.00,1.A.1.g.2,Time Sharing,IM,2.12,8,0.2266,1.6809,2.5691,N,,07/2013,Analyst
51-2022.00,1.A.1.g.2,Time Sharing,LV,2.0,8,0.3273,1.3584,2.6416,N,N,07/2013,Analyst
51-2022.00,1.A.2.a.1,Arm-Hand Steadiness,IM,3.38,8,0.183,3.0164,3.7336,N,,07/2013,Analyst
51-2022.00,1.A.2.a.1,Arm-Hand Steadiness,LV,3.62,8,0.183,3.2664,3.9836,N,N,07/2013,Analyst
51-2022.00,1.A.2.a.2,Manual Dexterity,IM,3.38,8,0.183,3.0164,3.7336,N,,07/2013,Analyst
51-2022.00,1.A.2.a.2,Manual Dexterity,LV,3.25,8,0.25,2.76,3.74,N,N,07/2013,Analyst
51-2022.00,1.A.2.a.3,Finger Dexterity,IM,3.75,8,0.1637,3.4292,4.0708,N,,07/2013,Analyst
51-2022.00,1.A.2.a.3,Finger Dexterity,LV,3.75,8,0.1637,3.4292,4.0708,N,N,07/2013,Analyst
51-2022.00,1.A.2.b.1,Control Precision,IM,3.0,8,0.0,3.0,3.0,N,,07/2013,Analyst
51-2022.00,1.A.2.b.1,Control Precision,LV,3.12,8,0.125,2.88,3.37,N,N,07/2013,Analyst
51-2022.00,1.A.2.b.2,Multilimb Coordination,IM,3.0,8,0.0,3.0,3.0,N,,07/2013,Analyst
51-2022.00,1.A.2.b.2,Multilimb Coordination,LV,2.88,8,0.125,2.63,3.12,N,N,07/2013,Analyst
51-2022.00,1.A.2.b.3,Response Orientation,IM,2.0,8,0.189,1.6296,2.3704,N,,07/2013,Analyst
51-2022.00,1.A.2.b.3,Response Orientation,LV,2.0,8,0.3273,1.3584,2.6416,N,N,07/2013,Analyst
51-2022.00,1.A.2.b.4,Rate Control,IM,2.12,8,0.125,1.88,2.37,N,,07/2013,Analyst
51-2022.00,1.A.2.b.4,Rate Control,LV,1.88,8,0.125,1.63,2.12,N,N,07/2013,Analyst
51-2022.00,1.A.2.c.1,Reaction Time,IM,2.25,8,0.1637,1.9292,2.5708,N,,07/2013,Analyst
51-2022.00,1.A.2.c.1,Reaction Time,LV,2.38,8,0.183,2.0164,2.7336,N,N,07/2013,Analyst
51-2022.00,1.A.2.c.2,Wrist-Finger Speed,IM,2.12,8,0.125,1.88,2.37,N,,07/2013,Analyst
51-2022.00,1.A.2.c.2,Wrist-Finger Speed,LV,2.0,8,0.0,2.0,2.0,N,N,07/2013,Analyst
51-2022.00,1.A.2.c.3,Speed of Limb Movement,IM,1.62,8,0.183,1.2664,1.9836,N,,07/2013,Analyst
51-2022.00,1.A.2.c.3,Speed of Limb Movement,LV,0.62,8,0.183,0.2664,0.9836,N,N,07/2013,Analyst
51-2022.00,1.A.3.a.1,Static Strength,IM,2.75,8,0.1637,2.4292,3.0708,N,,07/2013,Analyst
51-2022.00,1.A.3.a.1,Static Strength,LV,2.62,8,0.2631,2.1094,3.1406,N,N,07/2013,Analyst
51-2022.00,1.A.3.a.2,Explosive Strength,IM,1.12,8,0.125,1.0,1.37,N,,07/2013,Analyst
51-2022.00,1.A.3.a.2,Explosive Strength,LV,0.12,8,0.125,0.0,0.37,N,Y,07/2013,Analyst
51-2022.00,1.A.3.a.3,Dynamic Strength,IM,1.88,8,0.125,1.63,2.12,N,,07/2013,Analyst
51-2022.00,1.A.3.a.3,Dynamic Strength,LV,1.62,8,0.2631,1.1094,2.1406,N,N,07/2013,Analyst
51-2022.00,1.A.3.a.4,Trunk Strength,IM,2.75,8,0.1637,2.4292,3.0708,N,,07/2013,Analyst
51-2022.00,1.A.3.a.4,Trunk Strength,LV,2.5,8,0.189,2.1296,2.8704,N,N,07/2013,Analyst
51-2022.00,1.A.3.b.1,Stamina,IM,1.88,8,0.125,1.63,2.12,N,,07/2013,Analyst
51-2022.00,1.A.3.b.1,Stamina,LV,1.5,8,0.2673,0.9762,2.0238,N,N,07/2013,Analyst
51-2022.00,1.A.3.c.1,Extent Flexibility,IM,2.25,8,0.1637,1.9292,2.5708,N,,07/2013,Analyst
51-2022.00,1.A.3.c.1,Extent Flexibility,LV,2.38,8,0.183,2.0164,2.7336,N,N,07/2013,Analyst
51-2022.00,1.A.3.c.2,Dynamic Flexibility,IM,1.0,8,0.0,1.0,1.0,N,,07/2013,Analyst
51-2022.00,1.A.3.c.2,Dynamic Flexibility,LV,0.0,8,0.0,0.0,0.0,N,Y,07/2013,Analyst
51-2022.00,1.A.3.c.3,Gross Body Coordination,IM,1.75,8,0.1637,1.4292,2.0708,N,,07/2013,Analyst
51-2022.00,1.A.3.c.3,Gross Body Coordination,LV,0.88,8,0.2266,0.4309,1.3191,N,N,07/2013,Analyst
51-2022.00,1.A.3.c.4,Gross Body Equilibrium,IM,1.62,8,0.183,1.2664,1.9836,N,,07/2013,Analyst
51-2022.00,1.A.3.c.4,Gross Body Equilibrium,LV,0.62,8,0.183,0.2664,0.9836,N,N,07/2013,Analyst
51-2022.00,1.A.4.a.1,Near Vision,IM,4.0,8,0.0,4.0,4.0,N,,07/2013,Analyst
51-2022.00,1.A.4.a.1,Near Vision,LV,3.88,8,0.125,3.63,4.12,N,N,07/2013,Analyst
51-2022.00,1.A.4.a.2,Far Vision,IM,2.75,8,0.1637,2.4292,3.0708,N,,07/2013,Analyst
51-2022.00,1.A.4.a.2,Far Vision,LV,2.75,8,0.1637,2.4292,3.0708,N,N,07/2013,Analyst
51-2022.00,1.A.4.a.3,Visual Color Discrimination,IM,3.0,8,0.0,3.0,3.0,N,,07/2013,Analyst
51-2022.00,1.A.4.a.3,Visual Color Discrimination,LV,3.38,8,0.183,3.0164,3.7336,N,N,07/2013,Analyst
51-2022.00,1.A.4.a.4,Night Vision,IM,1.12,8,0.125,1.0,1.37,N,,07/2013,Analyst
51-2022.00,1.A.4.a.4,Night Vision,LV,0.12,8,0.125,0.0,0.37,N,Y,07/2013,Analyst
51-2022.00,1.A.4.a.5,Peripheral Vision,IM,1.0,8,0.0,1.0,1.0,N,,07/2013,Analyst
51-2022.00,1.A.4.a.5,Peripheral Vision,LV,0.0,8,0.0,0.0,0.0,N,Y,07/2013,Analyst
51-2022.00,1.A.4.a.6,Depth Perception,IM,2.25,8,0.1637,1.9292,2.5708,N,,07/2013,Analyst
51-2022.00,1.A.4.a.6,Depth Perception,LV,1.75,8,0.1637,1.4292,2.0708,N,N,07/2013,Analyst
51-2022.00,1.A.4.a.7,Glare Sensitivity,IM,1.12,8,0.125,1.0,1.37,N,,07/2013,Analyst
51-2022.00,1.A.4.a.7,Glare Sensitivity,LV,0.12,8,0.125,0.0,0.37,N,Y,07/2013,Analyst
51-2022.00,1.A.4.b.1,Hearing Sensitivity,IM,2.25,8,0.1637,1.9292,2.5708,N,,07/2013,Analyst
51-2022.00,1.A.4.b.1,Hearing Sensitivity,LV,2.25,8,0.25,1.76,2.74,N,N,07/2013,Analyst
51-2022.00,1.A.4.b.2,Auditory Attention,IM,2.5,8,0.189,2.1296,2.8704,N,,07/2013,Analyst
51-2022.00,1.A.4.b.2,Auditory Attention,LV,2.38,8,0.183,2.0164,2.7336,N,N,07/2013,Analyst
51-2022.00,1.A.4.b.3,Sound Localization,IM,1.38,8,0.183,1.0164,1.7336,N,,07/2013,Analyst
51-2022.00,1.A.4.b.3,Sound Localization,LV,0.38,8,0.183,0.0164,0.7336,N,N,07/2013,Analyst
51-2022.00,1.A.4.b.4,Speech Recognition,IM,3.0,8,0.0,3.0,3.0,N,,07/2013,Analyst
51-2022.00,1.A.4.b.4,Speech Recognition,LV,2.62,8,0.2631,2.1094,3.1406,N,N,07/2013,Analyst
51-2022.00,1.A.4.b.5,Speech Clarity,IM,2.88,8,0.125,2.63,3.12,N,,07/2013,Analyst
51-2022.00,1.A.4.b.5,Speech Clarity,LV,2.75,8,0.1637,2.4292,3.0708,N,N,07/2013,Analyst
51-2023.00,1.A.1.a.1,Oral Comprehension,IM,3.0,8,0.0,3.0,3.0,N,,07/2017,Analyst
51-2023.00,1.A.1.a.1,Oral Comprehension,LV,3.12,8,0.125,2.88,3.37,N,N,07/2017,Analyst
51-2023.00,1.A.1.a.2,Written Comprehension,IM,3.0,8,0.0,3.0,3.0,N,,07/2017,Analyst
51-2023.00,1.A.1.a.2,Written Comprehension,LV,2.88,8,0.125,2.63,3.12,N,N,07/2017,Analyst
51-2023.00,1.A.1.a.3,Oral Expression,IM,3.0,8,0.0,3.0,3.0,N,,07/2017,Analyst
51-2023.00,1.A.1.a.3,Oral Expression,LV,2.88,8,0.125,2.63,3.12,N,N,07/2017,Analyst
51-2023.00,1.A.1.a.4,Written Expression,IM,2.88,8,0.125,2.63,3.12,N,,07/2017,Analyst
51-2023.00,1.A.1.a.4,Written Expression,LV,2.62,8,0.183,2.2664,2.9836,N,N,07/2017,Analyst
51-2023.00,1.A.1.b.1,Fluency of Ideas,IM,2.12,8,0.125,1.88,2.37,N,,07/2017,Analyst
51-2023.00,1.A.1.b.1,Fluency of Ideas,LV,2.12,8,0.125,1.88,2.37,N,N,07/2017,Analyst
51-2023.00,1.A.1.b.2,Originality,IM,2.0,8,0.0,2.0,2.0,N,,07/2017,Analyst
51-2023.00,1.A.1.b.2,Originality,LV,2.0,8,0.0,2.0,2.0,N,N,07/2017,Analyst
51-2023.00,1.A.1.b.3,Problem Sensitivity,IM,3.25,8,0.1637,2.9292,3.5708,N,,07/2017,Analyst
51-2023.00,1.A.1.b.3,Problem Sensitivity,LV,3.25,8,0.1637,2.9292,3.5708,N,N,07/2017,Analyst
51-2023.00,1.A.1.b.4,Deductive Reasoning,IM,3.12,8,0.125,2.88,3.37,N,,07/2017,Analyst
51-2023.00,1.A.1.b.4,Deductive Reasoning,LV,3.0,8,0.0,3.0,3.0,N,N,07/2017,Analyst
51-2023.00,1.A.1.b.5,Inductive Reasoning,IM,3.0,8,0.0,3.0,3.0,N,,07/2017,Analyst
51-2023.00,1.A.1.b.5,Inductive Reasoning,LV,3.0,8,0.0,3.0,3.0,N,N,07/2017,Analyst
51-2023.00,1.A.1.b.6,Information Ordering,IM,3.25,8,0.1637,2.9292,3.5708,N,,07/2017,Analyst
51-2023.00,1.A.1.b.6,Information Ordering,LV,3.62,8,0.183,3.2664,3.9836,N,N,07/2017,Analyst
51-2023.00,1.A.1.b.7,Category Flexibility,IM,3.0,8,0.0,3.0,3.0,N,,07/2017,Analyst
51-2023.00,1.A.1.b.7,Category Flexibility,LV,3.0,8,0.189,2.6296,3.3704,N,N,07/2017,Analyst
51-2023.00,1.A.1.c.1,Mathematical Reasoning,IM,2.12,8,0.125,1.88,2.37,N,,07/2017,Analyst
51-2023.00,1.A.1.c.1,Mathematical Reasoning,LV,1.88,8,0.125,1.63,2.12,N,N,07/2017,Analyst
51-2023.00,1.A.1.c.2,Number Facility,IM,2.0,8,0.0,2.0,2.0,N,,07/2017,Analyst
51-2023.00,1.A.1.c.2,Number Facility,LV,1.75,8,0.1637,1.4292,2.0708,N,N,07/2017,Analyst
51-2023.00,1.A.1.d.1,Memorization,IM,2.12,8,0.125,1.88,2.37,N,,07/2017,Analyst
51-2023.00,1.A.1.d.1,Memorization,LV,1.75,8,0.1637,1.4292,2.0708,N,N,07/2017,Analyst
51-2023.00,1.A.1.e.1,Speed of Closure,IM,2.25,8,0.1637,1.9292,2.5708,N,,07/2017,Analyst
51-2023.00,1.A.1.e.1,Speed of Closure,LV,1.88,8,0.2266,1.4309,2.3191,N,N,07/2017,Analyst
51-2023.00,1.A.1.e.2,Flexibility of Closure,IM,3.0,8,0.189,2.6296,3.3704,N,,07/2017,Analyst
51-2023.00,1.A.1.e.2,Flexibility of Closure,LV,2.75,8,0.1637,2.4292,3.0708,N,N,07/2017,Analyst
51-2023.00,1.A.1.e.3,Perceptual Speed,IM,2.88,8,0.125,2.63,3.12,N,,07/2017,Analyst
51-2023.00,1.A.1.e.3,Perceptual Speed,LV,2.88,8,0.125,2.63,3.12,N,N,07/2017,Analyst
51-2023.00,1.A.1.f.1,Spatial Orientation,IM,1.0,8,0.0,1.0,1.0,N,,07/2017,Analyst
51-2023.00,1.A.1.f.1,Spatial Orientation,LV,0.0,8,0.0,0.0,0.0,N,Y,07/2017,Analyst
51-2023.00,1.A.1.f.2,Visualization,IM,3.12,8,0.125,2.88,3.37,N,,07/2017,Analyst
51-2023.00,1.A.1.f.2,Visualization,LV,3.5,8,0.189,3.1296,3.8704,N,N,07/2017,Analyst
51-2023.00,1.A.1.g.1,Selective Attention,IM,2.88,8,0.125,2.63,3.12,N,,07/2017,Analyst
51-2023.00,1.A.1.g.1,Selective Attention,LV,2.88,8,0.125,2.63,3.12,N,N,07/2017,Analyst
51-2023.00,1.A.1.g.2,Time Sharing,IM,2.25,8,0.1637,1.9292,2.5708,N,,07/2017,Analyst
51-2023.00,1.A.1.g.2,Time Sharing,LV,1.88,8,0.125,1.63,2.12,N,N,07/2017,Analyst
51-2023.00,1.A.2.a.1,Arm-Hand Steadiness,IM,3.62,8,0.183,3.2664,3.9836,N,,07/2017,Analyst
51-2023.00,1.A.2.a.1,Arm-Hand Steadiness,LV,3.38,8,0.183,3.0164,3.7336,N,N,07/2017,Analyst
51-2023.00,1.A.2.a.2,Manual Dexterity,IM,3.5,8,0.189,3.1296,3.8704,N,,07/2017,Analyst
51-2023.00,1.A.2.a.2,Manual Dexterity,LV,3.25,8,0.1637,2.9292,3.5708,N,N,07/2017,Analyst
51-2023.00,1.A.2.a.3,Finger Dexterity,IM,3.62,8,0.183,3.2664,3.9836,N,,07/2017,Analyst
51-2023.00,1.A.2.a.3,Finger Dexterity,LV,3.75,8,0.1637,3.4292,4.0708,N,N,07/2017,Analyst
51-2023.00,1.A.2.b.1,Control Precision,IM,3.25,8,0.1637,2.9292,3.5708,N,,07/2017,Analyst
51-2023.00,1.A.2.b.1,Control Precision,LV,3.25,8,0.1637,2.9292,3.5708,N,N,07/2017,Analyst
51-2023.00,1.A.2.b.2,Multilimb Coordination,IM,2.75,8,0.1637,2.4292,3.0708,N,,07/2017,Analyst
51-2023.00,1.A.2.b.2,Multilimb Coordination,LV,2.38,8,0.183,2.0164,2.7336,N,N,07/2017,Analyst
51-2023.00,1.A.2.b.3,Response Orientation,IM,1.88,8,0.125,1.63,2.12,N,,07/2017,Analyst
51-2023.00,1.A.2.b.3,Response Orientation,LV,1.0,8,0.189,0.6296,1.3704,N,N,07/2017,Analyst
51-2023.00,1.A.2.b.4,Rate Control,IM,2.0,8,0.0,2.0,2.0,N,,07/2017,Analyst
51-2023.00,1.A.2.b.4,Rate Control,LV,1.12,8,0.125,0.88,1.37,N,N,07/2017,Analyst
51-2023.00,1.A.2.c.1,Reaction Time,IM,2.25,8,0.1637,1.9292,2.5708,N,,07/2017,Analyst
51-2023.00,1.A.2.c.1,Reaction Time,LV,1.75,8,0.3134,1.1358,2.3642,N,N,07/2017,Analyst
51-2023.00,1.A.2.c.2,Wrist-Finger Speed,IM,2.0,8,0.0,2.0,2.0,N,,07/2017,Analyst
51-2023.00,1.A.2.c.2,Wrist-Finger Speed,LV,1.38,8,0.183,1.0164,1.7336,N,N,07/2017,Analyst
51-2023.00,1.A.2.c.3,Speed of Limb Movement,IM,1.12,8,0.125,1.0,1.37,N,,07/2017,Analyst
51-2023.00,1.A.2.c.3,Speed of Limb Movement,LV,0.12,8,0.125,0.0,0.37,N,Y,07/2017,Analyst
51-2023.00,1.A.3.a.1,Static Strength,IM,2.38,8,0.183,2.0164,2.7336,N,,07/2017,Analyst
51-2023.00,1.A.3.a.1,Static Strength,LV,2.38,8,0.183,2.0164,2.7336,N,N,07/2017,Analyst
51-2023.00,1.A.3.a.2,Explosive Strength,IM,1.5,8,0.189,1.1296,1.8704,N,,07/2017,Analyst
51-2023.00,1.A.3.a.2,Explosive Strength,LV,0.62,8,0.2631,0.1094,1.1406,N,N,07/2017,Analyst
51-2023.00,1.A.3.a.3,Dynamic Strength,IM,2.0,8,0.189,1.6296,2.3704,N,,07/2017,Analyst
51-2023.00,1.A.3.a.3,Dynamic Strength,LV,1.62,8,0.3239,0.9902,2.2598,N,N,07/2017,Analyst
51-2023.00,1.A.3.a.4,Trunk Strength,IM,2.75,8,0.1637,2.4292,3.0708,N,,07/2017,Analyst
51-2023.00,1.A.3.a.4,Trunk Strength,LV,2.62,8,0.183,2.2664,2.9836,N,N,07/2017,Analyst
51-2023.00,1.A.3.b.1,Stamina,IM,2.12,8,0.125,1.88,2.37,N,,07/2017,Analyst
51-2023.00,1.A.3.b.1,Stamina,LV,1.12,8,0.125,0.88,1.37,N,N,07/2017,Analyst
51-2023.00,1.A.3.c.1,Extent Flexibility,IM,2.12,8,0.125,1.88,2.37,N,,07/2017,Analyst
51-2023.00,1.A.3.c.1,Extent Flexibility,LV,2.25,8,0.25,1.76,2.74,N,N,07/2017,Analyst
51-2023.00,1.A.3.c.2,Dynamic Flexibility,IM,1.0,8,0.0,1.0,1.0,N,,07/2017,Analyst
51-2023.00,1.A.3.c.2,Dynamic Flexibility,LV,0.0,8,0.0,0.0,0.0,N,Y,07/2017,Analyst
51-2023.00,1.A.3.c.3,Gross Body Coordination,IM,1.88,8,0.125,1.63,2.12,N,,07/2017,Analyst
51-2023.00,1.A.3.c.3,Gross Body Coordination,LV,1.0,8,0.189,0.6296,1.3704,N,N,07/2017,Analyst
51-2023.00,1.A.3.c.4,Gross Body Equilibrium,IM,1.88,8,0.125,1.63,2.12,N,,07/2017,Analyst
51-2023.00,1.A.3.c.4,Gross Body Equilibrium,LV,1.0,8,0.189,0.6296,1.3704,N,N,07/2017,Analyst
51-2023.00,1.A.4.a.1,Near Vision,IM,3.62,8,0.183,3.2664,3.9836,N,,07/2017,Analyst
51-2023.00,1.A.4.a.1,Near Vision,LV,3.75,8,0.1637,3.4292,4.0708,N,N,07/2017,Analyst
51-2023.00,1.A.4.a.2,Far Vision,IM,3.0,8,0.0,3.0,3.0,N,,07/2017,Analyst
51-2023.00,1.A.4.a.2,Far Vision,LV,3.0,8,0.0,3.0,3.0,N,N,07/2017,Analyst
51-2023.00,1.A.4.a.3,Visual Color Discrimination,IM,3.0,8,0.189,2.6296,3.3704,N,,07/2017,Analyst
51-2023.00,1.A.4.a.3,Visual Color Discrimination,LV,2.5,8,0.189,2.1296,2.8704,N,N,07/2017,Analyst
51-2023.00,1.A.4.a.4,Night Vision,IM,1.0,8,0.0,1.0,1.0,N,,07/2017,Analyst
51-2023.00,1.A.4.a.4,Night Vision,LV,0.0,8,0.0,0.0,0.0,N,Y,07/2017,Analyst
51-2023.00,1.A.4.a.5,Peripheral Vision,IM,1.0,8,0.0,1.0,1.0,N,,07/2017,Analyst
51-2023.00,1.A.4.a.5,Peripheral Vision,LV,0.0,8,0.0,0.0,0.0,N,Y,07/2017,Analyst
51-2023.00,1.A.4.a.6,Depth Perception,IM,2.12,8,0.125,1.88,2.37,N,,07/2017,Analyst
51-2023.00,1.A.4.a.6,Depth Perception,LV,2.0,8,0.189,1.6296,2.3704,N,N,07/2017,Analyst
51-2023.00,1.A.4.a.7,Glare Sensitivity,IM,1.0,8,0.0,1.0,1.0,N,,07/2017,Analyst
51-2023.00,1.A.4.a.7,Glare Sensitivity,LV,0.0,8,0.0,0.0,0.0,N,Y,07/2017,Analyst
51-2023.00,1.A.4.b.1,Hearing Sensitivity,IM,2.75,8,0.1637,2.4292,3.0708,N,,07/2017,Analyst
51-2023.00,1.A.4.b.1,Hearing Sensitivity,LV,2.75,8,0.1637,2.4292,3.0708,N,N,07/2017,Analyst
51-2023.00,1.A.4.b.2,Auditory Attention,IM,2.38,8,0.183,2.0164,2.7336,N,,07/2017,Analyst
51-2023.00,1.A.4.b.2,Auditory Attention,LV,2.25,8,0.1637,1.9292,2.5708,N,N,07/2017,Analyst
51-2023.00,1.A.4.b.3,Sound Localization,IM,1.25,8,0.1637,1.0,1.5708,N,,07/2017,Analyst
51-2023.00,1.A.4.b.3,Sound Localization,LV,0.38,8,0.2631,0.0,0.8906,N,Y,07/2017,Analyst
51-2023.00,1.A.4.b.4,Speech Recognition,IM,3.0,8,0.0,3.0,3.0,N,,07/2017,Analyst
51-2023.00,1.A.4.b.4,Speech Recognition,LV,2.88,8,0.125,2.63,3.12,N,N,07/2017,Analyst
51-2023.00,1.A.4.b.5,Speech Clarity,IM,3.0,8,0.0,3.0,3.0,N,,07/2017,Analyst
51-2023.00,1.A.4.b.5,Speech Clarity,LV,2.5,8,0.189,2.1296,2.8704,N,N,07/2017,Analyst
51-2031.00,1.A.1.a.1,Oral Comprehension,IM,3.0,8,0.0,3.0,3.0,N,,07/2014,Analyst
51-2031.00,1.A.1.a.1,Oral Comprehension,LV,3.12,8,0.125,2.88,3.37,N,N,07/2014,Analyst
51-2031.00,1.A.1.a.2,Written Comprehension,IM,3.0,8,0.0,3.0,3.0,N,,07/2014,Analyst
51-2031.00,1.A.1.a.2,Written Comprehension,LV,3.12,8,0.125,2.88,3.37,N,N,07/2014,Analyst
51-2031.00,1.A.1.a.3,Oral Expression,IM,2.88,8,0.125,2.63,3.12,N,,07/2014,Analyst
51-2031.00,1.A.1.a.3,Oral Expression,LV,3.0,8,0.0,3.0,3.0,N,N,07/2014,Analyst
51-2031.00,1.A.1.a.4,Written Expression,IM,2.25,8,0.1637,1.9292,2.5708,N,,07/2014,Analyst
51-2031.00,1.A.1.a.4,Written Expression,LV,2.25,8,0.1637,1.9292,2.5708,N,N,07/2014,Analyst
51-2031.00,1.A.1.b.1,Fluency of Ideas,IM,2.25,8,0.1637,1.9292,2.5708,N,,07/2014,Analyst
51-2031.00,1.A.1.b.1,Fluency of Ideas,LV,2.0,8,0.0,2.0,2.0,N,N,07/2014,Analyst
51-2031.00,1.A.1.b.2,Originality,IM,2.25,8,0.1637,1.9292,2.5708,N,,07/2014,Analyst
51-2031.00,1.A.1.b.2,Originality,LV,2.0,8,0.0,2.0,2.0,N,N,07/2014,Analyst
51-2031.00,1.A.1.b.3,Problem Sensitivity,IM,3.12,8,0.125,2.88,3.37,N,,07/2014,Analyst
51-2031.00,1.A.1.b.3,Problem Sensitivity,LV,3.0,8,0.0,3.0,3.0,N,N,07/2014,Analyst
51-2031.00,1.A.1.b.4,Deductive Reasoning,IM,3.0,8,0.0,3.0,3.0,N,,07/2014,Analyst
51-2031.00,1.A.1.b.4,Deductive Reasoning,LV,3.0,8,0.0,3.0,3.0,N,N,07/2014,Analyst
51-2031.00,1.A.1.b.5,Inductive Reasoning,IM,3.0,8,0.0,3.0,3.0,N,,07/2014,Analyst
51-2031.00,1.A.1.b.5,Inductive Reasoning,LV,3.0,8,0.0,3.0,3.0,N,N,07/2014,Analyst
51-2031.00,1.A.1.b.6,Information Ordering,IM,3.12,8,0.125,2.88,3.37,N,,07/2014,Analyst
51-2031.00,1.A.1.b.6,Information Ordering,LV,3.0,8,0.0,3.0,3.0,N,N,07/2014,Analyst
51-2031.00,1.A.1.b.7,Category Flexibility,IM,3.0,8,0.0,3.0,3.0,N,,07/2014,Analyst
51-2031.00,1.A.1.b.7,Category Flexibility,LV,3.0,8,0.0,3.0,3.0,N,N,07/2014,Analyst
51-2031.00,1.A.1.c.1,Mathematical Reasoning,IM,2.0,8,0.0,2.0,2.0,N,,07/2014,Analyst
51-2031.00,1.A.1.c.1,Mathematical Reasoning,LV,2.0,8,0.0,2.0,2.0,N,N,07/2014,Analyst
51-2031.00,1.A.1.c.2,Number Facility,IM,2.0,8,0.0,2.0,2.0,N,,07/2014,Analyst
51-2031.00,1.A.1.c.2,Number Facility,LV,2.0,8,0.0,2.0,2.0,N,N,07/2014,Analyst
51-2031.00,1.A.1.d.1,Memorization,IM,2.12,8,0.125,1.88,2.37,N,,07/2014,Analyst
51-2031.00,1.A.1.d.1,Memorization,LV,2.0,8,0.0,2.0,2.0,N,N,07/2014,Analyst
51-2031.00,1.A.1.e.1,Speed of Closure,IM,2.0,8,0.0,2.0,2.0,N,,07/2014,Analyst
51-2031.00,1.A.1.e.1,Speed of Closure,LV,2.0,8,0.0,2.0,2.0,N,N,07/2014,Analyst
51-2031.00,1.A.1.e.2,Flexibility of Closure,IM,3.0,8,0.0,3.0,3.0,N,,07/2014,Analyst
51-2031.00,1.A.1.e.2,Flexibility of Closure,LV,3.0,8,0.0,3.0,3.0,N,N,07/2014,Analyst
51-2031.00,1.A.1.e.3,Perceptual Speed,IM,3.0,8,0.0,3.0,3.0,N,,07/2014,Analyst
51-2031.00,1.A.1.e.3,Perceptual Speed,LV,3.0,8,0.0,3.0,3.0,N,N,07/2014,Analyst
51-2031.00,1.A.1.f.1,Spatial Orientation,IM,2.0,8,0.0,2.0,2.0,N,,07/2014,Analyst
51-2031.00,1.A.1.f.1,Spatial Orientation,LV,1.88,8,0.125,1.63,2.12,N,N,07/2014,Analyst
51-2031.00,1.A.1.f.2,Visualization,IM,3.25,8,0.1637,2.9292,3.5708,N,,07/2014,Analyst
51-2031.00,1.A.1.f.2,Visualization,LV,3.88,8,0.125,3.63,4.12,N,N,07/2014,Analyst
51-2031.00,1.A.1.g.1,Selective Attention,IM,3.0,8,0.0,3.0,3.0,N,,07/2014,Analyst
51-2031.00,1.A.1.g.1,Selective Attention,LV,3.0,8,0.0,3.0,3.0,N,N,07/2014,Analyst
51-2031.00,1.A.1.g.2,Time Sharing,IM,2.88,8,0.125,2.63,3.12,N,,07/2014,Analyst
51-2031.00,1.A.1.g.2,Time Sharing,LV,2.75,8,0.1637,2.4292,3.0708,N,N,07/2014,Analyst
51-2031.00,1.A.2.a.1,Arm-Hand Steadiness,IM,3.88,8,0.125,3.63,4.12,N,,07/2014,Analyst
51-2031.00,1.A.2.a.1,Arm-Hand Steadiness,LV,3.12,8,0.125,2.88,3.37,N,N,07/2014,Analyst
51-2031.00,1.A.2.a.2,Manual Dexterity,IM,3.62,8,0.183,3.2664,3.9836,N,,07/2014,Analyst
51-2031.00,1.A.2.a.2,Manual Dexterity,LV,3.25,8,0.1637,2.9292,3.5708,N,N,07/2014,Analyst
51-2031.00,1.A.2.a.3,Finger Dexterity,IM,3.5,8,0.189,3.1296,3.8704,N,,07/2014,Analyst
51-2031.00,1.A.2.a.3,Finger Dexterity,LV,3.25,8,0.1637,2.9292,3.5708,N,N,07/2014,Analyst
51-2031.00,1.A.2.b.1,Control Precision,IM,3.12,8,0.125,2.88,3.37,N,,07/2014,Analyst
51-2031.00,1.A.2.b.1,Control Precision,LV,3.25,8,0.1637,2.9292,3.5708,N,N,07/2014,Analyst
51-2031.00,1.A.2.b.2,Multilimb Coordination,IM,3.12,8,0.125,2.88,3.37,N,,07/2014,Analyst
51-2031.00,1.A.2.b.2,Multilimb Coordination,LV,3.38,8,0.183,3.0164,3.7336,N,N,07/2014,Analyst
51-2031.00,1.A.2.b.3,Response Orientation,IM,2.12,8,0.125,1.88,2.37,N,,07/2014,Analyst
51-2031.00,1.A.2.b.3,Response Orientation,LV,2.0,8,0.0,2.0,2.0,N,N,07/2014,Analyst
51-2031.00,1.A.2.b.4,Rate Control,IM,2.25,8,0.1637,1.9292,2.5708,N,,07/2014,Analyst
51-2031.00,1.A.2.b.4,Rate Control,LV,2.0,8,0.0,2.0,2.0,N,N,07/2014,Analyst
51-2031.00,1.A.2.c.1,Reaction Time,IM,2.75,8,0.1637,2.4292,3.0708,N,,07/2014,Analyst
51-2031.00,1.A.2.c.1,Reaction Time,LV,3.0,8,0.189,2.6296,3.3704,N,N,07/2014,Analyst
51-2031.00,1.A.2.c.2,Wrist-Finger Speed,IM,2.0,8,0.0,2.0,2.0,N,,07/2014,Analyst
51-2031.00,1.A.2.c.2,Wrist-Finger Speed,LV,2.0,8,0.0,2.0,2.0,N,N,07/2014,Analyst
51-2031.00,1.A.2.c.3,Speed of Limb Movement,IM,2.12,8,0.125,1.88,2.37,N,,07/2014,Analyst
51-2031.00,1.A.2.c.3,Speed of Limb Movement,LV,2.0,8,0.0,2.0,2.0,N,N,07/2014,Analyst
51-2031.00,1.A.3.a.1,Static Strength,IM,3.12,8,0.125,2.88,3.37,N,,07/2014,Analyst
51-2031.00,1.A.3.a.1,Static Strength,LV,3.0,8,0.0,3.0,3.0,N,N,07/2014,Analyst
51-2031.00,1.A.3.a.2,Explosive Strength,IM,1.12,8,0.125,1.0,1.37,N,,07/2014,Analyst
51-2031.00,1.A.3.a.2,Explosive Strength,LV,0.25,8,0.25,0.0,0.74,N,Y,07/2014,Analyst
51-2031.00,1.A.3.a.3,Dynamic Strength,IM,2.25,8,0.1637,1.9292,2.5708,N,,07/2014,Analyst
51-2031.00,1.A.3.a.3,Dynamic Strength,LV,2.0,8,0.0,2.0,2.0,N,N,07/2014,Analyst
51-2031.00,1.A.3.a.4,Trunk Strength,IM,3.0,8,0.0,3.0,3.0,N,,07/2014,Analyst
51-2031.00,1.A.3.a.4,Trunk Strength,LV,2.88,8,0.125,2.63,3.12,N,N,07/2014,Analyst
51-2031.00,1.A.3.b.1,Stamina,IM,2.75,8,0.1637,2.4292,3.0708,N,,07/2014,Analyst
51-2031.00,1.A.3.b.1,Stamina,LV,1.88,8,0.125,1.63,2.12,N,N,07/2014,Analyst
51-2031.00,1.A.3.c.1,Extent Flexibility,IM,3.12,8,0.125,2.88,3.37,N,,07/2014,Analyst
51-2031.00,1.A.3.c.1,Extent Flexibility,LV,3.12,8,0.125,2.88,3.37,N,N,07/2014,Analyst
51-2031.00,1.A.3.c.2,Dynamic Flexibility,IM,1.12,8,0.125,1.0,1.37,N,,07/2014,Analyst
51-2031.00,1.A.3.c.2,Dynamic Flexibility,LV,0.12,8,0.125,0.0,0.37,N,Y,07/2014,Analyst
51-2031.00,1.A.3.c.3,Gross Body Coordination,IM,2.0,8,0.0,2.0,2.0,N,,07/2014,Analyst
51-2031.00,1.A.3.c.3,Gross Body Coordination,LV,2.0,8,0.0,2.0,2.0,N,N,07/2014,Analyst
51-2031.00,1.A.3.c.4,Gross Body Equilibrium,IM,2.0,8,0.0,2.0,2.0,N,,07/2014,Analyst
51-2031.00,1.A.3.c.4,Gross Body Equilibrium,LV,1.38,8,0.183,1.0164,1.7336,N,N,07/2014,Analyst
51-2031.00,1.A.4.a.1,Near Vision,IM,3.38,8,0.183,3.0164,3.7336,N,,07/2014,Analyst
51-2031.00,1.A.4.a.1,Near Vision,LV,3.12,8,0.125,2.88,3.37,N,N,07/2014,Analyst
51-2031.00,1.A.4.a.2,Far Vision,IM,2.88,8,0.125,2.63,3.12,N,,07/2014,Analyst
51-2031.00,1.A.4.a.2,Far Vision,LV,2.88,8,0.125,2.63,3.12,N,N,07/2014,Analyst
51-2031.00,1.A.4.a.3,Visual Color Discrimination,IM,2.75,8,0.1637,2.4292,3.0708,N,,07/2014,Analyst
51-2031.00,1.A.4.a.3,Visual Color Discrimination,LV,2.88,8,0.125,2.63,3.12,N,N,07/2014,Analyst
51-2031.00,1.A.4.a.4,Night Vision,IM,1.88,8,0.125,1.63,2.12,N,,07/2014,Analyst
51-2031.00,1.A.4.a.4,Night Vision,LV,0.88,8,0.125,0.63,1.12,N,N,07/2014,Analyst
51-2031.00,1.A.4.a.5,Peripheral Vision,IM,2.0,8,0.0,2.0,2.0,N,,07/2014,Analyst
51-2031.00,1.A.4.a.5,Peripheral Vision,LV,1.12,8,0.125,0.88,1.37,N,N,07/2014,Analyst
51-2031.00,1.A.4.a.6,Depth Perception,IM,2.88,8,0.125,2.63,3.12,N,,07/2014,Analyst
51-2031.00,1.A.4.a.6,Depth Perception,LV,2.88,8,0.125,2.63,3.12,N,N,07/2014,Analyst
51-2031.00,1.A.4.a.7,Glare Sensitivity,IM,2.0,8,0.0,2.0,2.0,N,,07/2014,Analyst
51-2031.00,1.A.4.a.7,Glare Sensitivity,LV,2.0,8,0.0,2.0,2.0,N,N,07/2014,Analyst
51-2031.00,1.A.4.b.1,Hearing Sensitivity,IM,2.75,8,0.1637,2.4292,3.0708,N,,07/2014,Analyst
51-2031.00,1.A.4.b.1,Hearing Sensitivity,LV,2.88,8,0.125,2.63,3.12,N,N,07/2014,Analyst
51-2031.00,1.A.4.b.2,Auditory Attention,IM,2.62,8,0.183,2.2664,2.9836,N,,07/2014,Analyst
51-2031.00,1.A.4.b.2,Auditory Attention,LV,3.0,8,0.0,3.0,3.0,N,N,07/2014,Analyst
51-2031.00,1.A.4.b.3,Sound Localization,IM,2.0,8,0.0,2.0,2.0,N,,07/2014,Analyst
51-2031.00,1.A.4.b.3,Sound Localization,LV,1.12,8,0.125,0.88,1.37,N,N,07/2014,Analyst
51-2031.00,1.A.4.b.4,Speech Recognition,IM,3.0,8,0.0,3.0,3.0,N,,07/2014,Analyst
51-2031.00,1.A.4.b.4,Speech Recognition,LV,3.0,8,0.0,3.0,3.0,N,N,07/2014,Analyst
51-2031.00,1.A.4.b.5,Speech Clarity,IM,3.0,8,0.0,3.0,3.0,N,,07/2014,Analyst
51-2031.00,1.A.4.b.5,Speech Clarity,LV,3.0,8,0.0,3.0,3.0,N,N,07/2014,Analyst
51-2041.00,1.A.1.a.1,Oral Comprehension,IM,2.88,8,0.125,2.63,3.12,N,,08/2024,Analyst
51-2041.00,1.A.1.a.1,Oral Comprehension,LV,3.0,8,0.0,3.0,3.0,N,N,08/2024,Analyst
51-2041.00,1.A.1.a.2,Written Comprehension,IM,2.88,8,0.125,2.63,3.12,N,,08/2024,Analyst
51-2041.00,1.A.1.a.2,Written Comprehension,LV,3.0,8,0.0,3.0,3.0,N,N,08/2024,Analyst
51-2041.00,1.A.1.a.3,Oral Expression,IM,3.0,8,0.0,3.0,3.0,N,,08/2024,Analyst
51-2041.00,1.A.1.a.3,Oral Expression,LV,3.0,8,0.0,3.0,3.0,N,N,08/2024,Analyst
51-2041.00,1.A.1.a.4,Written Expression,IM,2.38,8,0.183,2.0164,2.7336,N,,08/2024,Analyst
51-2041.00,1.A.1.a.4,Written Expression,LV,2.12,8,0.125,1.88,2.37,N,N,08/2024,Analyst
51-2041.00,1.A.1.b.1,Fluency of Ideas,IM,2.12,8,0.125,1.88,2.37,N,,08/2024,Analyst
51-2041.00,1.A.1.b.1,Fluency of Ideas,LV,1.12,8,0.125,0.88,1.37,N,N,08/2024,Analyst
51-2041.00,1.A.1.b.2,Originality,IM,2.0,8,0.0,2.0,2.0,N,,08/2024,Analyst
51-2041.00,1.A.1.b.2,Originality,LV,1.12,8,0.125,0.88,1.37,N,N,08/2024,Analyst
51-2041.00,1.A.1.b.3,Problem Sensitivity,IM,3.0,8,0.0,3.0,3.0,N,,08/2024,Analyst
51-2041.00,1.A.1.b.3,Problem Sensitivity,LV,3.0,8,0.0,3.0,3.0,N,N,08/2024,Analyst
51-2041.00,1.A.1.b.4,Deductive Reasoning,IM,3.0,8,0.0,3.0,3.0,N,,08/2024,Analyst
51-2041.00,1.A.1.b.4,Deductive Reasoning,LV,3.0,8,0.0,3.0,3.0,N,N,08/2024,Analyst
51-2041.00,1.A.1.b.5,Inductive Reasoning,IM,2.88,8,0.125,2.63,3.12,N,,08/2024,Analyst
51-2041.00,1.A.1.b.5,Inductive Reasoning,LV,2.88,8,0.125,2.63,3.12,N,N,08/2024,Analyst
51-2041.00,1.A.1.b.6,Information Ordering,IM,3.0,8,0.0,3.0,3.0,N,,08/2024,Analyst
51-2041.00,1.A.1.b.6,Information Ordering,LV,3.12,8,0.125,2.88,3.37,N,N,08/2024,Analyst
51-2041.00,1.A.1.b.7,Category Flexibility,IM,3.0,8,0.0,3.0,3.0,N,,08/2024,Analyst
51-2041.00,1.A.1.b.7,Category Flexibility,LV,3.0,8,0.0,3.0,3.0,N,N,08/2024,Analyst
51-2041.00,1.A.1.c.1,Mathematical Reasoning,IM,2.25,8,0.1637,1.9292,2.5708,N,,08/2024,Analyst
51-2041.00,1.A.1.c.1,Mathematical Reasoning,LV,1.62,8,0.183,1.2664,1.9836,N,N,08/2024,Analyst
51-2041.00,1.A.1.c.2,Number Facility,IM,2.12,8,0.125,1.88,2.37,N,,08/2024,Analyst
51-2041.00,1.A.1.c.2,Number Facility,LV,1.62,8,0.183,1.2664,1.9836,N,N,08/2024,Analyst
51-2041.00,1.A.1.d.1,Memorization,IM,2.0,8,0.0,2.0,2.0,N,,08/2024,Analyst
51-2041.00,1.A.1.d.1,Memorization,LV,1.25,8,0.1637,0.9292,1.5708,N,N,08/2024,Analyst
51-2041.00,1.A.1.e.1,Speed of Closure,IM,2.0,8,0.0,2.0,2.0,N,,08/2024,Analyst
51-2041.00,1.A.1.e.1,Speed of Closure,LV,1.25,8,0.1637,0.9292,1.5708,N,N,08/2024,Analyst
51-2041.00,1.A.1.e.2,Flexibility of Closure,IM,2.12,8,0.125,1.88,2.37,N,,08/2024,Analyst
51-2041.00,1.A.1.e.2,Flexibility of Closure,LV,2.12,8,0.125,1.88,2.37,N,N,08/2024,Analyst
51-2041.00,1.A.1.e.3,Perceptual Speed,IM,2.38,8,0.183,2.0164,2.7336,N,,08/2024,Analyst
51-2041.00,1.A.1.e.3,Perceptual Speed,LV,2.25,8,0.1637,1.9292,2.5708,N,N,08/2024,Analyst
51-2041.00,1.A.1.f.1,Spatial Orientation,IM,2.0,8,0.0,2.0,2.0,N,,08/2024,Analyst
51-2041.00,1.A.1.f.1,Spatial Orientation,LV,1.12,8,0.125,0.88,1.37,N,N,08/2024,Analyst
51-2041.00,1.A.1.f.2,Visualization,IM,3.12,8,0.125,2.88,3.37,N,,08/2024,Analyst
51-2041.00,1.A.1.f.2,Visualization,LV,3.75,8,0.1637,3.4292,4.0708,N,N,08/2024,Analyst
51-2041.00,1.A.1.g.1,Selective Attention,IM,3.0,8,0.0,3.0,3.0,N,,08/2024,Analyst
51-2041.00,1.A.1.g.1,Selective Attention,LV,3.0,8,0.0,3.0,3.0,N,N,08/2024,Analyst
51-2041.00,1.A.1.g.2,Time Sharing,IM,2.75,8,0.1637,2.4292,3.0708,N,,08/2024,Analyst
51-2041.00,1.A.1.g.2,Time Sharing,LV,2.38,8,0.183,2.0164,2.7336,N,N,08/2024,Analyst
51-2041.00,1.A.2.a.1,Arm-Hand Steadiness,IM,3.25,8,0.1637,2.9292,3.5708,N,,08/2024,Analyst
51-2041.00,1.A.2.a.1,Arm-Hand Steadiness,LV,3.12,8,0.125,2.88,3.37,N,N,08/2024,Analyst
51-2041.00,1.A.2.a.2,Manual Dexterity,IM,3.12,8,0.125,2.88,3.37,N,,08/2024,Analyst
51-2041.00,1.A.2.a.2,Manual Dexterity,LV,3.0,8,0.0,3.0,3.0,N,N,08/2024,Analyst
51-2041.00,1.A.2.a.3,Finger Dexterity,IM,3.0,8,0.0,3.0,3.0,N,,08/2024,Analyst
51-2041.00,1.A.2.a.3,Finger Dexterity,LV,3.0,8,0.0,3.0,3.0,N,N,08/2024,Analyst
51-2041.00,1.A.2.b.1,Control Precision,IM,3.12,8,0.125,2.88,3.37,N,,08/2024,Analyst
51-2041.00,1.A.2.b.1,Control Precision,LV,3.5,8,0.189,3.1296,3.8704,N,N,08/2024,Analyst
51-2041.00,1.A.2.b.2,Multilimb Coordination,IM,3.12,8,0.125,2.88,3.37,N,,08/2024,Analyst
51-2041.00,1.A.2.b.2,Multilimb Coordination,LV,3.12,8,0.125,2.88,3.37,N,N,08/2024,Analyst
51-2041.00,1.A.2.b.3,Response Orientation,IM,2.25,8,0.1637,1.9292,2.5708,N,,08/2024,Analyst
51-2041.00,1.A.2.b.3,Response Orientation,LV,1.88,8,0.2266,1.4309,2.3191,N,N,08/2024,Analyst
51-2041.00,1.A.2.b.4,Rate Control,IM,2.5,8,0.189,2.1296,2.8704,N,,08/2024,Analyst
51-2041.00,1.A.2.b.4,Rate Control,LV,2.0,8,0.0,2.0,2.0,N,N,08/2024,Analyst
51-2041.00,1.A.2.c.1,Reaction Time,IM,2.75,8,0.1637,2.4292,3.0708,N,,08/2024,Analyst
51-2041.00,1.A.2.c.1,Reaction Time,LV,2.75,8,0.1637,2.4292,3.0708,N,N,08/2024,Analyst
51-2041.00,1.A.2.c.2,Wrist-Finger Speed,IM,1.88,8,0.125,1.63,2.12,N,,08/2024,Analyst
51-2041.00,1.A.2.c.2,Wrist-Finger Speed,LV,1.62,8,0.2631,1.1094,2.1406,N,N,08/2024,Analyst
51-2041.00,1.A.2.c.3,Speed of Limb Movement,IM,1.75,8,0.1637,1.4292,2.0708,N,,08/2024,Analyst
51-2041.00,1.A.2.c.3,Speed of Limb Movement,LV,1.38,8,0.3239,0.7402,2.0098,N,N,08/2024,Analyst
51-2041.00,1.A.3.a.1,Static Strength,IM,3.12,8,0.125,2.88,3.37,N,,08/2024,Analyst
51-2041.00,1.A.3.a.1,Static Strength,LV,3.12,8,0.125,2.88,3.37,N,N,08/2024,Analyst
51-2041.00,1.A.3.a.2,Explosive Strength,IM,2.12,8,0.125,1.88,2.37,N,,08/2024,Analyst
51-2041.00,1.A.3.a.2,Explosive Strength,LV,1.25,8,0.1637,0.9292,1.5708,N,N,08/2024,Analyst
51-2041.00,1.A.3.a.3,Dynamic Strength,IM,2.0,8,0.0,2.0,2.0,N,,08/2024,Analyst
51-2041.00,1.A.3.a.3,Dynamic Strength,LV,2.0,8,0.0,2.0,2.0,N,N,08/2024,Analyst
51-2041.00,1.A.3.a.4,Trunk Strength,IM,3.0,8,0.0,3.0,3.0,N,,08/2024,Analyst
51-2041.00,1.A.3.a.4,Trunk Strength,LV,3.0,8,0.0,3.0,3.0,N,N,08/2024,Analyst
51-2041.00,1.A.3.b.1,Stamina,IM,2.0,8,0.0,2.0,2.0,N,,08/2024,Analyst
51-2041.00,1.A.3.b.1,Stamina,LV,2.0,8,0.0,2.0,2.0,N,N,08/2024,Analyst
51-2041.00,1.A.3.c.1,Extent Flexibility,IM,2.38,8,0.183,2.0164,2.7336,N,,08/2024,Analyst
51-2041.00,1.A.3.c.1,Extent Flexibility,LV,2.62,8,0.183,2.2664,2.9836,N,N,08/2024,Analyst
51-2041.00,1.A.3.c.2,Dynamic Flexibility,IM,1.88,8,0.125,1.63,2.12,N,,08/2024,Analyst
51-2041.00,1.A.3.c.2,Dynamic Flexibility,LV,0.88,8,0.125,0.63,1.12,N,N,08/2024,Analyst
51-2041.00,1.A.3.c.3,Gross Body Coordination,IM,2.12,8,0.125,1.88,2.37,N,,08/2024,Analyst
51-2041.00,1.A.3.c.3,Gross Body Coordination,LV,2.12,8,0.125,1.88,2.37,N,N,08/2024,Analyst
51-2041.00,1.A.3.c.4,Gross Body Equilibrium,IM,2.12,8,0.125,1.88,2.37,N,,08/2024,Analyst
51-2041.00,1.A.3.c.4,Gross Body Equilibrium,LV,1.88,8,0.125,1.63,2.12,N,N,08/2024,Analyst
51-2041.00,1.A.4.a.1,Near Vision,IM,3.25,8,0.1637,2.9292,3.5708,N,,08/2024,Analyst
51-2041.00,1.A.4.a.1,Near Vision,LV,3.25,8,0.1637,2.9292,3.5708,N,N,08/2024,Analyst
51-2041.00,1.A.4.a.2,Far Vision,IM,2.88,8,0.125,2.63,3.12,N,,08/2024,Analyst
51-2041.00,1.A.4.a.2,Far Vision,LV,3.0,8,0.0,3.0,3.0,N,N,08/2024,Analyst
51-2041.00,1.A.4.a.3,Visual Color Discrimination,IM,2.12,8,0.125,1.88,2.37,N,,08/2024,Analyst
51-2041.00,1.A.4.a.3,Visual Color Discrimination,LV,2.12,8,0.125,1.88,2.37,N,N,08/2024,Analyst
51-2041.00,1.A.4.a.4,Night Vision,IM,1.75,8,0.1637,1.4292,2.0708,N,,08/2024,Analyst
51-2041.00,1.A.4.a.4,Night Vision,LV,0.75,8,0.1637,0.4292,1.0708,N,N,08/2024,Analyst
51-2041.00,1.A.4.a.5,Peripheral Vision,IM,1.75,8,0.1637,1.4292,2.0708,N,,08/2024,Analyst
51-2041.00,1.A.4.a.5,Peripheral Vision,LV,0.75,8,0.1637,0.4292,1.0708,N,N,08/2024,Analyst
51-2041.00,1.A.4.a.6,Depth Perception,IM,2.62,8,0.183,2.2664,2.9836,N,,08/2024,Analyst
51-2041.00,1.A.4.a.6,Depth Perception,LV,2.62,8,0.183,2.2664,2.9836,N,N,08/2024,Analyst
51-2041.00,1.A.4.a.7,Glare Sensitivity,IM,2.0,8,0.0,2.0,2.0,N,,08/2024,Analyst
51-2041.00,1.A.4.a.7,Glare Sensitivity,LV,1.12,8,0.125,0.88,1.37,N,N,08/2024,Analyst
51-2041.00,1.A.4.b.1,Hearing Sensitivity,IM,2.0,8,0.0,2.0,2.0,N,,08/2024,Analyst
51-2041.00,1.A.4.b.1,Hearing Sensitivity,LV,2.0,8,0.0,2.0,2.0,N,N,08/2024,Analyst
51-2041.00,1.A.4.b.2,Auditory Attention,IM,2.38,8,0.183,2.0164,2.7336,N,,08/2024,Analyst
51-2041.00,1.A.4.b.2,Auditory Attention,LV,2.38,8,0.183,2.0164,2.7336,N,N,08/2024,Analyst
51-2041.00,1.A.4.b.3,Sound Localization,IM,1.62,8,0.183,1.2664,1.9836,N,,08/2024,Analyst
51-2041.00,1.A.4.b.3,Sound Localization,LV,0.62,8,0.183,0.2664,0.9836,N,N,08/2024,Analyst
51-2041.00,1.A.4.b.4,Speech Recognition,IM,2.62,8,0.183,2.2664,2.9836,N,,08/2024,Analyst
51-2041.00,1.A.4.b.4,Speech Recognition,LV,2.38,8,0.183,2.0164,2.7336,N,N,08/2024,Analyst
51-2041.00,1.A.4.b.5,Speech Clarity,IM,2.88,8,0.125,2.63,3.12,N,,08/2024,Analyst
51-2041.00,1.A.4.b.5,Speech Clarity,LV,2.25,8,0.1637,1.9292,2.5708,N,N,08/2024,Analyst
51-2051.00,1.A.1.a.1,Oral Comprehension,IM,3.25,8,0.1637,2.9292,3.5708,N,,08/2020,Analyst
51-2051.00,1.A.1.a.1,Oral Comprehension,LV,3.0,8,0.0,3.0,3.0,N,N,08/2020,Analyst
51-2051.00,1.A.1.a.2,Written Comprehension,IM,3.0,8,0.189,2.6296,3.3704,N,,08/2020,Analyst
51-2051.00,1.A.1.a.2,Written Comprehension,LV,2.88,8,0.125,2.63,3.12,N,N,08/2020,Analyst
51-2051.00,1.A.1.a.3,Oral Expression,IM,3.0,8,0.0,3.0,3.0,N,,08/2020,Analyst
51-2051.00,1.A.1.a.3,Oral Expression,LV,3.0,8,0.0,3.0,3.0,N,N,08/2020,Analyst
51-2051.00,1.A.1.a.4,Written Expression,IM,2.62,8,0.183,2.2664,2.9836,N,,08/2020,Analyst
51-2051.00,1.A.1.a.4,Written Expression,LV,2.62,8,0.183,2.2664,2.9836,N,N,08/2020,Analyst
51-2051.00,1.A.1.b.1,Fluency of Ideas,IM,2.75,8,0.1637,2.4292,3.0708,N,,08/2020,Analyst
51-2051.00,1.A.1.b.1,Fluency of Ideas,LV,2.62,8,0.183,2.2664,2.9836,N,N,08/2020,Analyst
51-2051.00,1.A.1.b.2,Originality,IM,2.62,8,0.183,2.2664,2.9836,N,,08/2020,Analyst
51-2051.00,1.A.1.b.2,Originality,LV,2.0,8,0.0,2.0,2.0,N,N,08/2020,Analyst
51-2051.00,1.A.1.b.3,Problem Sensitivity,IM,3.62,8,0.183,3.2664,3.9836,N,,08/2020,Analyst
51-2051.00,1.A.1.b.3,Problem Sensitivity,LV,2.88,8,0.125,2.63,3.12,N,N,08/2020,Analyst
51-2051.00,1.A.1.b.4,Deductive Reasoning,IM,3.0,8,0.0,3.0,3.0,N,,08/2020,Analyst
51-2051.00,1.A.1.b.4,Deductive Reasoning,LV,2.88,8,0.125,2.63,3.12,N,N,08/2020,Analyst
51-2051.00,1.A.1.b.5,Inductive Reasoning,IM,3.0,8,0.0,3.0,3.0,N,,08/2020,Analyst
51-2051.00,1.A.1.b.5,Inductive Reasoning,LV,2.88,8,0.125,2.63,3.12,N,N,08/2020,Analyst
51-2051.00,1.A.1.b.6,Information Ordering,IM,3.25,8,0.1637,2.9292,3.5708,N,,08/2020,Analyst
51-2051.00,1.A.1.b.6,Information Ordering,LV,3.12,8,0.125,2.88,3.37,N,N,08/2020,Analyst
51-2051.00,1.A.1.b.7,Category Flexibility,IM,3.0,8,0.0,3.0,3.0,N,,08/2020,Analyst
51-2051.00,1.A.1.b.7,Category Flexibility,LV,3.0,8,0.0,3.0,3.0,N,N,08/2020,Analyst
51-2051.00,1.A.1.c.1,Mathematical Reasoning,IM,2.38,8,0.183,2.0164,2.7336,N,,08/2020,Analyst
51-2051.00,1.A.1.c.1,Mathematical Reasoning,LV,2.0,8,0.0,2.0,2.0,N,N,08/2020,Analyst
51-2051.00,1.A.1.c.2,Number Facility,IM,2.5,8,0.189,2.1296,2.8704,N,,08/2020,Analyst
51-2051.00,1.A.1.c.2,Number Facility,LV,2.0,8,0.0,2.0,2.0,N,N,08/2020,Analyst
51-2051.00,1.A.1.d.1,Memorization,IM,2.0,8,0.0,2.0,2.0,N,,08/2020,Analyst
51-2051.00,1.A.1.d.1,Memorization,LV,2.0,8,0.0,2.0,2.0,N,N,08/2020,Analyst
51-2051.00,1.A.1.e.1,Speed of Closure,IM,2.0,8,0.0,2.0,2.0,N,,08/2020,Analyst
51-2051.00,1.A.1.e.1,Speed of Closure,LV,1.88,8,0.125,1.63,2.12,N,N,08/2020,Analyst
51-2051.00,1.A.1.e.2,Flexibility of Closure,IM,3.12,8,0.125,2.88,3.37,N,,08/2020,Analyst
51-2051.00,1.A.1.e.2,Flexibility of Closure,LV,3.38,8,0.183,3.0164,3.7336,N,N,08/2020,Analyst
51-2051.00,1.A.1.e.3,Perceptual Speed,IM,3.0,8,0.0,3.0,3.0,N,,08/2020,Analyst
51-2051.00,1.A.1.e.3,Perceptual Speed,LV,3.0,8,0.0,3.0,3.0,N,N,08/2020,Analyst
51-2051.00,1.A.1.f.1,Spatial Orientation,IM,2.0,8,0.0,2.0,2.0,N,,08/2020,Analyst
51-2051.00,1.A.1.f.1,Spatial Orientation,LV,1.75,8,0.1637,1.4292,2.0708,N,N,08/2020,Analyst
51-2051.00,1.A.1.f.2,Visualization,IM,3.25,8,0.1637,2.9292,3.5708,N,,08/2020,Analyst
51-2051.00,1.A.1.f.2,Visualization,LV,3.38,8,0.183,3.0164,3.7336,N,N,08/2020,Analyst
51-2051.00,1.A.1.g.1,Selective Attention,IM,3.12,8,0.125,2.88,3.37,N,,08/2020,Analyst
51-2051.00,1.A.1.g.1,Selective Attention,LV,2.88,8,0.125,2.63,3.12,N,N,08/2020,Analyst
51-2051.00,1.A.1.g.2,Time Sharing,IM,2.25,8,0.1637,1.9292,2.5708,N,,08/2020,Analyst
51-2051.00,1.A.1.g.2,Time Sharing,LV,2.62,8,0.183,2.2664,2.9836,N,N,08/2020,Analyst
51-2051.00,1.A.2.a.1,Arm-Hand Steadiness,IM,3.62,8,0.183,3.2664,3.9836,N,,08/2020,Analyst
51-2051.00,1.A.2.a.1,Arm-Hand Steadiness,LV,3.25,8,0.1637,2.9292,3.5708,N,N,08/2020,Analyst
51-2051.00,1.A.2.a.2,Manual Dexterity,IM,3.12,8,0.125,2.88,3.37,N,,08/2020,Analyst
51-2051.00,1.A.2.a.2,Manual Dexterity,LV,3.38,8,0.183,3.0164,3.7336,N,N,08/2020,Analyst
51-2051.00,1.A.2.a.3,Finger Dexterity,IM,3.0,8,0.0,3.0,3.0,N,,08/2020,Analyst
51-2051.00,1.A.2.a.3,Finger Dexterity,LV,3.0,8,0.0,3.0,3.0,N,N,08/2020,Analyst
51-2051.00,1.A.2.b.1,Control Precision,IM,3.12,8,0.125,2.88,3.37,N,,08/2020,Analyst
51-2051.00,1.A.2.b.1,Control Precision,LV,3.12,8,0.125,2.88,3.37,N,N,08/2020,Analyst
51-2051.00,1.A.2.b.2,Multilimb Coordination,IM,3.62,8,0.183,3.2664,3.9836,N,,08/2020,Analyst
51-2051.00,1.A.2.b.2,Multilimb Coordination,LV,3.5,8,0.189,3.1296,3.8704,N,N,08/2020,Analyst
51-2051.00,1.A.2.b.3,Response Orientation,IM,2.62,8,0.183,2.2664,2.9836,N,,08/2020,Analyst
51-2051.00,1.A.2.b.3,Response Orientation,LV,2.5,8,0.2673,1.9762,3.0238,N,N,08/2020,Analyst
51-2051.00,1.A.2.b.4,Rate Control,IM,2.88,8,0.125,2.63,3.12,N,,08/2020,Analyst
51-2051.00,1.A.2.b.4,Rate Control,LV,3.0,8,0.0,3.0,3.0,N,N,08/2020,Analyst
51-2051.00,1.A.2.c.1,Reaction Time,IM,2.88,8,0.125,2.63,3.12,N,,08/2020,Analyst
51-2051.00,1.A.2.c.1,Reaction Time,LV,3.0,8,0.0,3.0,3.0,N,N,08/2020,Analyst
51-2051.00,1.A.2.c.2,Wrist-Finger Speed,IM,2.5,8,0.189,2.1296,2.8704,N,,08/2020,Analyst
51-2051.00,1.A.2.c.2,Wrist-Finger Speed,LV,1.88,8,0.125,1.63,2.12,N,N,08/2020,Analyst
51-2051.00,1.A.2.c.3,Speed of Limb Movement,IM,2.25,8,0.25,1.76,2.74,N,,08/2020,Analyst
51-2051.00,1.A.2.c.3,Speed of Limb Movement,LV,1.75,8,0.25,1.26,2.24,N,N,08/2020,Analyst
51-2051.00,1.A.3.a.1,Static Strength,IM,3.12,8,0.125,2.88,3.37,N,,08/2020,Analyst
51-2051.00,1.A.3.a.1,Static Strength,LV,3.12,8,0.125,2.88,3.37,N,N,08/2020,Analyst
51-2051.00,1.A.3.a.2,Explosive Strength,IM,1.75,8,0.25,1.26,2.24,N,,08/2020,Analyst
51-2051.00,1.A.3.a.2,Explosive Strength,LV,1.12,8,0.3981,0.3447,1.9053,N,N,08/2020,Analyst
51-2051.00,1.A.3.a.3,Dynamic Strength,IM,2.88,8,0.125,2.63,3.12,N,,08/2020,Analyst
51-2051.00,1.A.3.a.3,Dynamic Strength,LV,2.75,8,0.1637,2.4292,3.0708,N,N,08/2020,Analyst
51-2051.00,1.A.3.a.4,Trunk Strength,IM,3.62,8,0.183,3.2664,3.9836,N,,08/2020,Analyst
51-2051.00,1.A.3.a.4,Trunk Strength,LV,3.0,8,0.0,3.0,3.0,N,N,08/2020,Analyst
51-2051.00,1.A.3.b.1,Stamina,IM,3.0,8,0.0,3.0,3.0,N,,08/2020,Analyst
51-2051.00,1.A.3.b.1,Stamina,LV,2.62,8,0.183,2.2664,2.9836,N,N,08/2020,Analyst
51-2051.00,1.A.3.c.1,Extent Flexibility,IM,3.25,8,0.1637,2.9292,3.5708,N,,08/2020,Analyst
51-2051.00,1.A.3.c.1,Extent Flexibility,LV,3.25,8,0.1637,2.9292,3.5708,N,N,08/2020,Analyst
51-2051.00,1.A.3.c.2,Dynamic Flexibility,IM,1.25,8,0.1637,1.0,1.5708,N,,08/2020,Analyst
51-2051.00,1.A.3.c.2,Dynamic Flexibility,LV,0.38,8,0.2631,0.0,0.8906,N,Y,08/2020,Analyst
51-2051.00,1.A.3.c.3,Gross Body Coordination,IM,2.88,8,0.125,2.63,3.12,N,,08/2020,Analyst
51-2051.00,1.A.3.c.3,Gross Body Coordination,LV,2.88,8,0.125,2.63,3.12,N,N,08/2020,Analyst
51-2051.00,1.A.3.c.4,Gross Body Equilibrium,IM,2.25,8,0.1637,1.9292,2.5708,N,,08/2020,Analyst
51-2051.00,1.A.3.c.4,Gross Body Equilibrium,LV,2.12,8,0.2266,1.6809,2.5691,N,N,08/2020,Analyst
51-2051.00,1.A.4.a.1,Near Vision,IM,3.62,8,0.183,3.2664,3.9836,N,,08/2020,Analyst
51-2051.00,1.A.4.a.1,Near Vision,LV,3.5,8,0.189,3.1296,3.8704,N,N,08/2020,Analyst
51-2051.00,1.A.4.a.2,Far Vision,IM,2.88,8,0.125,2.63,3.12,N,,08/2020,Analyst
51-2051.00,1.A.4.a.2,Far Vision,LV,2.88,8,0.125,2.63,3.12,N,N,08/2020,Analyst
51-2051.00,1.A.4.a.3,Visual Color Discrimination,IM,3.12,8,0.125,2.88,3.37,N,,08/2020,Analyst
51-2051.00,1.A.4.a.3,Visual Color Discrimination,LV,3.12,8,0.125,2.88,3.37,N,N,08/2020,Analyst
51-2051.00,1.A.4.a.4,Night Vision,IM,2.0,8,0.0,2.0,2.0,N,,08/2020,Analyst
51-2051.00,1.A.4.a.4,Night Vision,LV,1.5,8,0.189,1.1296,1.8704,N,N,08/2020,Analyst
51-2051.00,1.A.4.a.5,Peripheral Vision,IM,2.0,8,0.0,2.0,2.0,N,,08/2020,Analyst
51-2051.00,1.A.4.a.5,Peripheral Vision,LV,1.75,8,0.1637,1.4292,2.0708,N,N,08/2020,Analyst
51-2051.00,1.A.4.a.6,Depth Perception,IM,2.88,8,0.125,2.63,3.12,N,,08/2020,Analyst
51-2051.00,1.A.4.a.6,Depth Perception,LV,2.88,8,0.125,2.63,3.12,N,N,08/2020,Analyst
51-2051.00,1.A.4.a.7,Glare Sensitivity,IM,2.0,8,0.0,2.0,2.0,N,,08/2020,Analyst
51-2051.00,1.A.4.a.7,Glare Sensitivity,LV,1.88,8,0.125,1.63,2.12,N,N,08/2020,Analyst
51-2051.00,1.A.4.b.1,Hearing Sensitivity,IM,2.75,8,0.1637,2.4292,3.0708,N,,08/2020,Analyst
51-2051.00,1.A.4.b.1,Hearing Sensitivity,LV,2.75,8,0.1637,2.4292,3.0708,N,N,08/2020,Analyst
51-2051.00,1.A.4.b.2,Auditory Attention,IM,2.88,8,0.125,2.63,3.12,N,,08/2020,Analyst
51-2051.00,1.A.4.b.2,Auditory Attention,LV,2.88,8,0.125,2.63,3.12,N,N,08/2020,Analyst
51-2051.00,1.A.4.b.3,Sound Localization,IM,2.0,8,0.0,2.0,2.0,N,,08/2020,Analyst
51-2051.00,1.A.4.b.3,Sound Localization,LV,1.62,8,0.183,1.2664,1.9836,N,N,08/2020,Analyst
51-2051.00,1.A.4.b.4,Speech Recognition,IM,3.0,8,0.0,3.0,3.0,N,,08/2020,Analyst
51-2051.00,1.A.4.b.4,Speech Recognition,LV,2.62,8,0.183,2.2664,2.9836,N,N,08/2020,Analyst
51-2051.00,1.A.4.b.5,Speech Clarity,IM,3.0,8,0.0,3.0,3.0,N,,08/2020,Analyst
51-2051.00,1.A.4.b.5,Speech Clarity,LV,2.25,8,0.1637,1.9292,2.5708,N,N,08/2020,Analyst
51-2061.00,1.A.1.a.1,Oral Comprehension,IM,3.12,8,0.2266,2.6809,3.5691,N,,06/2008,Analyst
51-2061.00,1.A.1.a.1,Oral Comprehension,LV,3.0,8,0.189,2.6296,3.3704,N,N,06/2008,Analyst
51-2061.00,1.A.1.a.2,Written Comprehension,IM,2.62,8,0.183,2.2664,2.9836,N,,06/2008,Analyst
51-2061.00,1.A.1.a.2,Written Comprehension,LV,2.88,8,0.2266,2.4309,3.3191,N,N,06/2008,Analyst
51-2061.00,1.A.1.a.3,Oral Expression,IM,3.0,8,0.189,2.6296,3.3704,N,,06/2008,Analyst
51-2061.00,1.A.1.a.3,Oral Expression,LV,3.12,8,0.2266,2.6809,3.5691,N,N,06/2008,Analyst
51-2061.00,1.A.1.a.4,Written Expression,IM,2.62,8,0.183,2.2664,2.9836,N,,06/2008,Analyst
51-2061.00,1.A.1.a.4,Written Expression,LV,2.38,8,0.2631,1.8594,2.8906,N,N,06/2008,Analyst
51-2061.00,1.A.1.b.1,Fluency of Ideas,IM,2.38,8,0.183,2.0164,2.7336,N,,06/2008,Analyst
51-2061.00,1.A.1.b.1,Fluency of Ideas,LV,2.38,8,0.183,2.0164,2.7336,N,N,06/2008,Analyst
51-2061.00,1.A.1.b.2,Originality,IM,2.25,8,0.25,1.76,2.74,N,,06/2008,Analyst
51-2061.00,1.A.1.b.2,Originality,LV,2.25,8,0.366,1.5327,2.9673,N,N,06/2008,Analyst
51-2061.00,1.A.1.b.3,Problem Sensitivity,IM,3.38,8,0.183,3.0164,3.7336,N,,06/2008,Analyst
51-2061.00,1.A.1.b.3,Problem Sensitivity,LV,3.0,8,0.3273,2.3584,3.6416,N,N,06/2008,Analyst
51-2061.00,1.A.1.b.4,Deductive Reasoning,IM,3.0,8,0.189,2.6296,3.3704,N,,06/2008,Analyst
51-2061.00,1.A.1.b.4,Deductive Reasoning,LV,2.88,8,0.2266,2.4309,3.3191,N,N,06/2008,Analyst
51-2061.00,1.A.1.b.5,Inductive Reasoning,IM,2.88,8,0.125,2.63,3.12,N,,06/2008,Analyst
51-2061.00,1.A.1.b.5,Inductive Reasoning,LV,2.88,8,0.2266,2.4309,3.3191,N,N,06/2008,Analyst
51-2061.00,1.A.1.b.6,Information Ordering,IM,3.12,8,0.2266,2.6809,3.5691,N,,06/2008,Analyst
51-2061.00,1.A.1.b.6,Information Ordering,LV,3.25,8,0.25,2.76,3.74,N,N,06/2008,Analyst
51-2061.00,1.A.1.b.7,Category Flexibility,IM,3.0,8,0.189,2.6296,3.3704,N,,06/2008,Analyst
51-2061.00,1.A.1.b.7,Category Flexibility,LV,2.88,8,0.125,2.63,3.12,N,N,06/2008,Analyst
51-2061.00,1.A.1.c.1,Mathematical Reasoning,IM,2.25,8,0.25,1.76,2.74,N,,06/2008,Analyst
51-2061.00,1.A.1.c.1,Mathematical Reasoning,LV,2.0,8,0.378,1.2592,2.7408,N,N,06/2008,Analyst
51-2061.00,1.A.1.c.2,Number Facility,IM,2.0,8,0.189,1.6296,2.3704,N,,06/2008,Analyst
51-2061.00,1.A.1.c.2,Number Facility,LV,1.75,8,0.3134,1.1358,2.3642,N,N,06/2008,Analyst
51-2061.00,1.A.1.d.1,Memorization,IM,1.88,8,0.2266,1.4309,2.3191,N,,06/2008,Analyst
51-2061.00,1.A.1.d.1,Memorization,LV,1.88,8,0.4407,1.0113,2.7387,N,N,06/2008,Analyst
51-2061.00,1.A.1.e.1,Speed of Closure,IM,2.12,8,0.295,1.5467,2.7033,N,,06/2008,Analyst
51-2061.00,1.A.1.e.1,Speed of Closure,LV,1.88,8,0.4795,0.9352,2.8148,N,N,06/2008,Analyst
51-2061.00,1.A.1.e.2,Flexibility of Closure,IM,2.75,8,0.366,2.0327,3.4673,N,,06/2008,Analyst
51-2061.00,1.A.1.e.2,Flexibility of Closure,LV,2.62,8,0.4605,1.7224,3.5276,N,N,06/2008,Analyst
51-2061.00,1.A.1.e.3,Perceptual Speed,IM,2.5,8,0.2673,1.9762,3.0238,N,,06/2008,Analyst
51-2061.00,1.A.1.e.3,Perceptual Speed,LV,2.25,8,0.366,1.5327,2.9673,N,N,06/2008,Analyst
51-2061.00,1.A.1.f.1,Spatial Orientation,IM,1.62,8,0.2631,1.1094,2.1406,N,,06/2008,Analyst
51-2061.00,1.A.1.f.1,Spatial Orientation,LV,1.0,8,0.4226,0.1717,1.8283,N,N,06/2008,Analyst
51-2061.00,1.A.1.f.2,Visualization,IM,3.12,8,0.125,2.88,3.37,N,,06/2008,Analyst
51-2061.00,1.A.1.f.2,Visualization,LV,3.38,8,0.183,3.0164,3.7336,N,N,06/2008,Analyst
51-2061.00,1.A.1.g.1,Selective Attention,IM,2.75,8,0.1637,2.4292,3.0708,N,,06/2008,Analyst
51-2061.00,1.A.1.g.1,Selective Attention,LV,2.88,8,0.2266,2.4309,3.3191,N,N,06/2008,Analyst
51-2061.00,1.A.1.g.2,Time Sharing,IM,2.5,8,0.189,2.1296,2.8704,N,,06/2008,Analyst
51-2061.00,1.A.1.g.2,Time Sharing,LV,2.62,8,0.2631,2.1094,3.1406,N,N,06/2008,Analyst
51-2061.00,1.A.2.a.1,Arm-Hand Steadiness,IM,3.88,8,0.2266,3.4309,4.3191,N,,06/2008,Analyst
51-2061.00,1.A.2.a.1,Arm-Hand Steadiness,LV,3.88,8,0.2266,3.4309,4.3191,N,N,06/2008,Analyst
51-2061.00,1.A.2.a.2,Manual Dexterity,IM,3.38,8,0.183,3.0164,3.7336,N,,06/2008,Analyst
51-2061.00,1.A.2.a.2,Manual Dexterity,LV,3.25,8,0.3134,2.6358,3.8642,N,N,06/2008,Analyst
51-2061.00,1.A.2.a.3,Finger Dexterity,IM,4.0,8,0.189,3.6296,4.3704,N,,06/2008,Analyst
51-2061.00,1.A.2.a.3,Finger Dexterity,LV,4.75,8,0.5261,3.7188,5.7812,Y,N,06/2008,Analyst
51-2061.00,1.A.2.b.1,Control Precision,IM,3.12,8,0.2266,2.6809,3.5691,N,,06/2008,Analyst
51-2061.00,1.A.2.b.1,Control Precision,LV,3.12,8,0.3504,2.4383,3.8117,N,N,06/2008,Analyst
51-2061.00,1.A.2.b.2,Multilimb Coordination,IM,2.75,8,0.366,2.0327,3.4673,N,,06/2008,Analyst
51-2061.00,1.A.2.b.2,Multilimb Coordination,LV,2.5,8,0.378,1.7592,3.2408,N,N,06/2008,Analyst
51-2061.00,1.A.2.b.3,Response Orientation,IM,2.38,8,0.375,1.64,3.11,N,,06/2008,Analyst
51-2061.00,1.A.2.b.3,Response Orientation,LV,2.12,8,0.3981,1.3447,2.9053,N,N,06/2008,Analyst
51-2061.00,1.A.2.b.4,Rate Control,IM,2.12,8,0.3504,1.4383,2.8117,N,,06/2008,Analyst
51-2061.00,1.A.2.b.4,Rate Control,LV,1.88,8,0.4795,0.9352,2.8148,N,N,06/2008,Analyst
51-2061.00,1.A.2.c.1,Reaction Time,IM,2.25,8,0.3134,1.6358,2.8642,N,,06/2008,Analyst
51-2061.00,1.A.2.c.1,Reaction Time,LV,2.12,8,0.3981,1.3447,2.9053,N,N,06/2008,Analyst
51-2061.00,1.A.2.c.2,Wrist-Finger Speed,IM,2.25,8,0.3134,1.6358,2.8642,N,,06/2008,Analyst
51-2061.00,1.A.2.c.2,Wrist-Finger Speed,LV,1.88,8,0.4407,1.0113,2.7387,N,N,06/2008,Analyst
51-2061.00,1.A.2.c.3,Speed of Limb Movement,IM,2.0,8,0.378,1.2592,2.7408,N,,06/2008,Analyst
51-2061.00,1.A.2.c.3,Speed of Limb Movement,LV,1.25,8,0.4532,0.3618,2.1382,N,N,06/2008,Analyst
51-2061.00,1.A.3.a.1,Static Strength,IM,1.88,8,0.3504,1.1883,2.5617,N,,06/2008,Analyst
51-2061.00,1.A.3.a.1,Static Strength,LV,1.25,8,0.4119,0.4427,2.0573,N,N,06/2008,Analyst
51-2061.00,1.A.3.a.2,Explosive Strength,IM,1.0,8,0.0,1.0,1.0,N,,06/2008,Analyst
51-2061.00,1.A.3.a.2,Explosive Strength,LV,0.0,8,0.0,0.0,0.0,N,Y,06/2008,Analyst
51-2061.00,1.A.3.a.3,Dynamic Strength,IM,1.0,8,0.0,1.0,1.0,N,,06/2008,Analyst
51-2061.00,1.A.3.a.3,Dynamic Strength,LV,0.0,8,0.0,0.0,0.0,N,Y,06/2008,Analyst
51-2061.00,1.A.3.a.4,Trunk Strength,IM,1.25,8,0.1637,1.0,1.5708,N,,06/2008,Analyst
51-2061.00,1.A.3.a.4,Trunk Strength,LV,0.62,8,0.4199,0.0,1.4481,N,Y,06/2008,Analyst
51-2061.00,1.A.3.b.1,Stamina,IM,1.0,8,0.0,1.0,1.0,N,,06/2008,Analyst
51-2061.00,1.A.3.b.1,Stamina,LV,0.0,8,0.0,0.0,0.0,N,Y,06/2008,Analyst
51-2061.00,1.A.3.c.1,Extent Flexibility,IM,1.0,8,0.0,1.0,1.0,N,,06/2008,Analyst
51-2061.00,1.A.3.c.1,Extent Flexibility,LV,0.0,8,0.0,0.0,0.0,N,Y,06/2008,Analyst
51-2061.00,1.A.3.c.2,Dynamic Flexibility,IM,1.0,8,0.0,1.0,1.0,N,,06/2008,Analyst
51-2061.00,1.A.3.c.2,Dynamic Flexibility,LV,0.0,8,0.0,0.0,0.0,N,Y,06/2008,Analyst
51-2061.00,1.A.3.c.3,Gross Body Coordination,IM,1.0,8,0.0,1.0,1.0,N,,06/2008,Analyst
51-2061.00,1.A.3.c.3,Gross Body Coordination,LV,0.0,8,0.0,0.0,0.0,N,Y,06/2008,Analyst
51-2061.00,1.A.3.c.4,Gross Body Equilibrium,IM,1.0,8,0.0,1.0,1.0,N,,06/2008,Analyst
51-2061.00,1.A.3.c.4,Gross Body Equilibrium,LV,0.0,8,0.0,0.0,0.0,N,Y,06/2008,Analyst
51-2061.00,1.A.4.a.1,Near Vision,IM,3.5,8,0.2673,2.9762,4.0238,N,,06/2008,Analyst
51-2061.00,1.A.4.a.1,Near Vision,LV,3.88,8,0.3981,3.0947,4.6553,N,N,06/2008,Analyst
51-2061.00,1.A.4.a.2,Far Vision,IM,2.5,8,0.2673,1.9762,3.0238,N,,06/2008,Analyst
51-2061.00,1.A.4.a.2,Far Vision,LV,2.38,8,0.375,1.64,3.11,N,N,06/2008,Analyst
51-2061.00,1.A.4.a.3,Visual Color Discrimination,IM,3.0,8,0.2673,2.4762,3.5238,N,,06/2008,Analyst
51-2061.00,1.A.4.a.3,Visual Color Discrimination,LV,2.75,8,0.1637,2.4292,3.0708,N,N,06/2008,Analyst
51-2061.00,1.A.4.a.4,Night Vision,IM,1.62,8,0.2631,1.1094,2.1406,N,,06/2008,Analyst
51-2061.00,1.A.4.a.4,Night Vision,LV,0.88,8,0.3981,0.0947,1.6553,N,N,06/2008,Analyst
51-2061.00,1.A.4.a.5,Peripheral Vision,IM,1.62,8,0.2631,1.1094,2.1406,N,,06/2008,Analyst
51-2061.00,1.A.4.a.5,Peripheral Vision,LV,0.88,8,0.3981,0.0947,1.6553,N,N,06/2008,Analyst
51-2061.00,1.A.4.a.6,Depth Perception,IM,2.75,8,0.3134,2.1358,3.3642,N,,06/2008,Analyst
51-2061.00,1.A.4.a.6,Depth Perception,LV,2.62,8,0.2631,2.1094,3.1406,N,N,06/2008,Analyst
51-2061.00,1.A.4.a.7,Glare Sensitivity,IM,1.62,8,0.2631,1.1094,2.1406,N,,06/2008,Analyst
51-2061.00,1.A.4.a.7,Glare Sensitivity,LV,0.88,8,0.3981,0.0947,1.6553,N,N,06/2008,Analyst
51-2061.00,1.A.4.b.1,Hearing Sensitivity,IM,2.75,8,0.3134,2.1358,3.3642,N,,06/2008,Analyst
51-2061.00,1.A.4.b.1,Hearing Sensitivity,LV,2.5,8,0.378,1.7592,3.2408,N,N,06/2008,Analyst
51-2061.00,1.A.4.b.2,Auditory Attention,IM,2.38,8,0.2631,1.8594,2.8906,N,,06/2008,Analyst
51-2061.00,1.A.4.b.2,Auditory Attention,LV,2.25,8,0.366,1.5327,2.9673,N,N,06/2008,Analyst
51-2061.00,1.A.4.b.3,Sound Localization,IM,1.62,8,0.2631,1.1094,2.1406,N,,06/2008,Analyst
51-2061.00,1.A.4.b.3,Sound Localization,LV,0.88,8,0.3981,0.0947,1.6553,N,N,06/2008,Analyst
51-2061.00,1.A.4.b.4,Speech Recognition,IM,2.88,8,0.125,2.63,3.12,N,,06/2008,Analyst
51-2061.00,1.A.4.b.4,Speech Recognition,LV,2.62,8,0.183,2.2664,2.9836,N,N,06/2008,Analyst
51-2061.00,1.A.4.b.5,Speech Clarity,IM,2.88,8,0.125,2.63,3.12,N,,06/2008,Analyst
51-2061.00,1.A.4.b.5,Speech Clarity,LV,2.62,8,0.183,2.2664,2.9836,N,N,06/2008,Analyst
51-2092.00,1.A.1.a.1,Oral Comprehension,IM,3.12,8,0.125,2.88,3.37,N,,08/2020,Analyst
51-2092.00,1.A.1.a.1,Oral Comprehension,LV,3.5,8,0.189,3.1296,3.8704,N,N,08/2020,Analyst
51-2092.00,1.A.1.a.2,Written Comprehension,IM,3.0,8,0.0,3.0,3.0,N,,08/2020,Analyst
51-2092.00,1.A.1.a.2,Written Comprehension,LV,3.0,8,0.0,3.0,3.0,N,N,08/2020,Analyst
51-2092.00,1.A.1.a.3,Oral Expression,IM,3.0,8,0.0,3.0,3.0,N,,08/2020,Analyst
51-2092.00,1.A.1.a.3,Oral Expression,LV,3.0,8,0.0,3.0,3.0,N,N,08/2020,Analyst
51-2092.00,1.A.1.a.4,Written Expression,IM,3.0,8,0.0,3.0,3.0,N,,08/2020,Analyst
51-2092.00,1.A.1.a.4,Written Expression,LV,3.0,8,0.0,3.0,3.0,N,N,08/2020,Analyst
51-2092.00,1.A.1.b.1,Fluency of Ideas,IM,2.38,8,0.183,2.0164,2.7336,N,,08/2020,Analyst
51-2092.00,1.A.1.b.1,Fluency of Ideas,LV,2.12,8,0.125,1.88,2.37,N,N,08/2020,Analyst
51-2092.00,1.A.1.b.2,Originality,IM,2.25,8,0.1637,1.9292,2.5708,N,,08/2020,Analyst
51-2092.00,1.A.1.b.2,Originality,LV,2.12,8,0.125,1.88,2.37,N,N,08/2020,Analyst
51-2092.00,1.A.1.b.3,Problem Sensitivity,IM,3.12,8,0.125,2.88,3.37,N,,08/2020,Analyst
51-2092.00,1.A.1.b.3,Problem Sensitivity,LV,2.88,8,0.125,2.63,3.12,N,N,08/2020,Analyst
51-2092.00,1.A.1.b.4,Deductive Reasoning,IM,3.12,8,0.125,2.88,3.37,N,,08/2020,Analyst
51-2092.00,1.A.1.b.4,Deductive Reasoning,LV,2.88,8,0.125,2.63,3.12,N,N,08/2020,Analyst
51-2092.00,1.A.1.b.5,Inductive Reasoning,IM,3.0,8,0.0,3.0,3.0,N,,08/2020,Analyst
51-2092.00,1.A.1.b.5,Inductive Reasoning,LV,2.88,8,0.125,2.63,3.12,N,N,08/2020,Analyst
51-2092.00,1.A.1.b.6,Information Ordering,IM,3.25,8,0.1637,2.9292,3.5708,N,,08/2020,Analyst
51-2092.00,1.A.1.b.6,Information Ordering,LV,3.25,8,0.1637,2.9292,3.5708,N,N,08/2020,Analyst
51-2092.00,1.A.1.b.7,Category Flexibility,IM,3.0,8,0.0,3.0,3.0,N,,08/2020,Analyst
51-2092.00,1.A.1.b.7,Category Flexibility,LV,3.0,8,0.0,3.0,3.0,N,N,08/2020,Analyst
51-2092.00,1.A.1.c.1,Mathematical Reasoning,IM,2.0,8,0.0,2.0,2.0,N,,08/2020,Analyst
51-2092.00,1.A.1.c.1,Mathematical Reasoning,LV,1.25,8,0.1637,0.9292,1.5708,N,N,08/2020,Analyst
51-2092.00,1.A.1.c.2,Number Facility,IM,2.0,8,0.0,2.0,2.0,N,,08/2020,Analyst
51-2092.00,1.A.1.c.2,Number Facility,LV,1.38,8,0.183,1.0164,1.7336,N,N,08/2020,Analyst
51-2092.00,1.A.1.d.1,Memorization,IM,2.12,8,0.125,1.88,2.37,N,,08/2020,Analyst
51-2092.00,1.A.1.d.1,Memorization,LV,2.0,8,0.0,2.0,2.0,N,N,08/2020,Analyst
51-2092.00,1.A.1.e.1,Speed of Closure,IM,2.0,8,0.0,2.0,2.0,N,,08/2020,Analyst
51-2092.00,1.A.1.e.1,Speed of Closure,LV,2.0,8,0.0,2.0,2.0,N,N,08/2020,Analyst
51-2092.00,1.A.1.e.2,Flexibility of Closure,IM,2.38,8,0.183,2.0164,2.7336,N,,08/2020,Analyst
51-2092.00,1.A.1.e.2,Flexibility of Closure,LV,2.25,8,0.1637,1.9292,2.5708,N,N,08/2020,Analyst
51-2092.00,1.A.1.e.3,Perceptual Speed,IM,2.88,8,0.125,2.63,3.12,N,,08/2020,Analyst
51-2092.00,1.A.1.e.3,Perceptual Speed,LV,2.62,8,0.183,2.2664,2.9836,N,N,08/2020,Analyst
51-2092.00,1.A.1.f.1,Spatial Orientation,IM,1.62,8,0.183,1.2664,1.9836,N,,08/2020,Analyst
51-2092.00,1.A.1.f.1,Spatial Orientation,LV,0.88,8,0.295,0.2967,1.4533,N,N,08/2020,Analyst
51-2092.00,1.A.1.f.2,Visualization,IM,3.0,8,0.0,3.0,3.0,N,,08/2020,Analyst
51-2092.00,1.A.1.f.2,Visualization,LV,3.0,8,0.0,3.0,3.0,N,N,08/2020,Analyst
51-2092.00,1.A.1.g.1,Selective Attention,IM,3.0,8,0.0,3.0,3.0,N,,08/2020,Analyst
51-2092.00,1.A.1.g.1,Selective Attention,LV,3.0,8,0.0,3.0,3.0,N,N,08/2020,Analyst
51-2092.00,1.A.1.g.2,Time Sharing,IM,2.88,8,0.125,2.63,3.12,N,,08/2020,Analyst
51-2092.00,1.A.1.g.2,Time Sharing,LV,2.88,8,0.125,2.63,3.12,N,N,08/2020,Analyst
51-2092.00,1.A.2.a.1,Arm-Hand Steadiness,IM,3.12,8,0.125,2.88,3.37,N,,08/2020,Analyst
51-2092.00,1.A.2.a.1,Arm-Hand Steadiness,LV,3.0,8,0.0,3.0,3.0,N,N,08/2020,Analyst
51-2092.00,1.A.2.a.2,Manual Dexterity,IM,3.75,8,0.1637,3.4292,4.0708,N,,08/2020,Analyst
51-2092.00,1.A.2.a.2,Manual Dexterity,LV,3.12,8,0.125,2.88,3.37,N,N,08/2020,Analyst
51-2092.00,1.A.2.a.3,Finger Dexterity,IM,3.25,8,0.1637,2.9292,3.5708,N,,08/2020,Analyst
51-2092.00,1.A.2.a.3,Finger Dexterity,LV,3.25,8,0.1637,2.9292,3.5708,N,N,08/2020,Analyst
51-2092.00,1.A.2.b.1,Control Precision,IM,3.0,8,0.0,3.0,3.0,N,,08/2020,Analyst
51-2092.00,1.A.2.b.1,Control Precision,LV,3.0,8,0.0,3.0,3.0,N,N,08/2020,Analyst
51-2092.00,1.A.2.b.2,Multilimb Coordination,IM,2.75,8,0.1637,2.4292,3.0708,N,,08/2020,Analyst
51-2092.00,1.A.2.b.2,Multilimb Coordination,LV,2.88,8,0.125,2.63,3.12,N,N,08/2020,Analyst
51-2092.00,1.A.2.b.3,Response Orientation,IM,1.75,8,0.1637,1.4292,2.0708,N,,08/2020,Analyst
51-2092.00,1.A.2.b.3,Response Orientation,LV,1.38,8,0.3239,0.7402,2.0098,N,N,08/2020,Analyst
51-2092.00,1.A.2.b.4,Rate Control,IM,2.5,8,0.189,2.1296,2.8704,N,,08/2020,Analyst
51-2092.00,1.A.2.b.4,Rate Control,LV,2.5,8,0.189,2.1296,2.8704,N,N,08/2020,Analyst
51-2092.00,1.A.2.c.1,Reaction Time,IM,2.88,8,0.125,2.63,3.12,N,,08/2020,Analyst
51-2092.00,1.A.2.c.1,Reaction Time,LV,2.75,8,0.25,2.26,3.24,N,N,08/2020,Analyst
51-2092.00,1.A.2.c.2,Wrist-Finger Speed,IM,2.0,8,0.0,2.0,2.0,N,,08/2020,Analyst
51-2092.00,1.A.2.c.2,Wrist-Finger Speed,LV,1.75,8,0.1637,1.4292,2.0708,N,N,08/2020,Analyst
51-2092.00,1.A.2.c.3,Speed of Limb Movement,IM,1.88,8,0.125,1.63,2.12,N,,08/2020,Analyst
51-2092.00,1.A.2.c.3,Speed of Limb Movement,LV,1.5,8,0.2673,0.9762,2.0238,N,N,08/2020,Analyst
51-2092.00,1.A.3.a.1,Static Strength,IM,2.88,8,0.125,2.63,3.12,N,,08/2020,Analyst
51-2092.00,1.A.3.a.1,Static Strength,LV,2.75,8,0.1637,2.4292,3.0708,N,N,08/2020,Analyst
51-2092.00,1.A.3.a.2,Explosive Strength,IM,1.5,8,0.189,1.1296,1.8704,N,,08/2020,Analyst
51-2092.00,1.A.3.a.2,Explosive Strength,LV,1.0,8,0.4226,0.1717,1.8283,N,N,08/2020,Analyst
51-2092.00,1.A.3.a.3,Dynamic Strength,IM,2.12,8,0.125,1.88,2.37,N,,08/2020,Analyst
51-2092.00,1.A.3.a.3,Dynamic Strength,LV,2.0,8,0.0,2.0,2.0,N,N,08/2020,Analyst
51-2092.00,1.A.3.a.4,Trunk Strength,IM,3.0,8,0.0,3.0,3.0,N,,08/2020,Analyst
51-2092.00,1.A.3.a.4,Trunk Strength,LV,3.0,8,0.0,3.0,3.0,N,N,08/2020,Analyst
51-2092.00,1.A.3.b.1,Stamina,IM,2.12,8,0.125,1.88,2.37,N,,08/2020,Analyst
51-2092.00,1.A.3.b.1,Stamina,LV,2.12,8,0.125,1.88,2.37,N,N,08/2020,Analyst
51-2092.00,1.A.3.c.1,Extent Flexibility,IM,2.62,8,0.183,2.2664,2.9836,N,,08/2020,Analyst
51-2092.00,1.A.3.c.1,Extent Flexibility,LV,2.75,8,0.1637,2.4292,3.0708,N,N,08/2020,Analyst
51-2092.00,1.A.3.c.2,Dynamic Flexibility,IM,1.0,8,0.0,1.0,1.0,N,,08/2020,Analyst
51-2092.00,1.A.3.c.2,Dynamic Flexibility,LV,0.0,8,0.0,0.0,0.0,N,Y,08/2020,Analyst
51-2092.00,1.A.3.c.3,Gross Body Coordination,IM,2.12,8,0.125,1.88,2.37,N,,08/2020,Analyst
51-2092.00,1.A.3.c.3,Gross Body Coordination,LV,2.0,8,0.0,2.0,2.0,N,N,08/2020,Analyst
51-2092.00,1.A.3.c.4,Gross Body Equilibrium,IM,2.0,8,0.0,2.0,2.0,N,,08/2020,Analyst
51-2092.00,1.A.3.c.4,Gross Body Equilibrium,LV,1.38,8,0.183,1.0164,1.7336,N,N,08/2020,Analyst
51-2092.00,1.A.4.a.1,Near Vision,IM,3.25,8,0.1637,2.9292,3.5708,N,,08/2020,Analyst
51-2092.00,1.A.4.a.1,Near Vision,LV,3.25,8,0.1637,2.9292,3.5708,N,N,08/2020,Analyst
51-2092.00,1.A.4.a.2,Far Vision,IM,3.0,8,0.0,3.0,3.0,N,,08/2020,Analyst
51-2092.00,1.A.4.a.2,Far Vision,LV,3.0,8,0.0,3.0,3.0,N,N,08/2020,Analyst
51-2092.00,1.A.4.a.3,Visual Color Discrimination,IM,2.62,8,0.183,2.2664,2.9836,N,,08/2020,Analyst
51-2092.00,1.A.4.a.3,Visual Color Discrimination,LV,2.62,8,0.183,2.2664,2.9836,N,N,08/2020,Analyst
51-2092.00,1.A.4.a.4,Night Vision,IM,1.5,8,0.189,1.1296,1.8704,N,,08/2020,Analyst
51-2092.00,1.A.4.a.4,Night Vision,LV,0.5,8,0.189,0.1296,0.8704,N,N,08/2020,Analyst
51-2092.00,1.A.4.a.5,Peripheral Vision,IM,1.5,8,0.189,1.1296,1.8704,N,,08/2020,Analyst
51-2092.00,1.A.4.a.5,Peripheral Vision,LV,0.75,8,0.366,0.0327,1.4673,N,N,08/2020,Analyst
51-2092.00,1.A.4.a.6,Depth Perception,IM,2.12,8,0.125,1.88,2.37,N,,08/2020,Analyst
51-2092.00,1.A.4.a.6,Depth Perception,LV,2.38,8,0.183,2.0164,2.7336,N,N,08/2020,Analyst
51-2092.00,1.A.4.a.7,Glare Sensitivity,IM,1.38,8,0.183,1.0164,1.7336,N,,08/2020,Analyst
51-2092.00,1.A.4.a.7,Glare Sensitivity,LV,0.62,8,0.375,0.0,1.36,N,N,08/2020,Analyst
51-2092.00,1.A.4.b.1,Hearing Sensitivity,IM,2.38,8,0.183,2.0164,2.7336,N,,08/2020,Analyst
51-2092.00,1.A.4.b.1,Hearing Sensitivity,LV,2.25,8,0.1637,1.9292,2.5708,N,N,08/2020,Analyst
51-2092.00,1.A.4.b.2,Auditory Attention,IM,2.5,8,0.189,2.1296,2.8704,N,,08/2020,Analyst
51-2092.00,1.A.4.b.2,Auditory Attention,LV,2.12,8,0.125,1.88,2.37,N,N,08/2020,Analyst
51-2092.00,1.A.4.b.3,Sound Localization,IM,1.5,8,0.189,1.1296,1.8704,N,,08/2020,Analyst
51-2092.00,1.A.4.b.3,Sound Localization,LV,0.62,8,0.2631,0.1094,1.1406,N,N,08/2020,Analyst
51-2092.00,1.A.4.b.4,Speech Recognition,IM,3.12,8,0.125,2.88,3.37,N,,08/2020,Analyst
51-2092.00,1.A.4.b.4,Speech Recognition,LV,3.0,8,0.0,3.0,3.0,N,N,08/2020,Analyst
51-2092.00,1.A.4.b.5,Speech Clarity,IM,3.12,8,0.125,2.88,3.37,N,,08/2020,Analyst
51-2092.00,1.A.4.b.5,Speech Clarity,LV,3.0,8,0.0,3.0,3.0,N,N,08/2020,Analyst
51-3011.00,1.A.1.a.1,Oral Comprehension,IM,3.25,8,0.1637,2.9292,3.5708,N,,07/2015,Analyst
51-3011.00,1.A.1.a.1,Oral Comprehension,LV,3.62,8,0.183,3.2664,3.9836,N,N,07/2015,Analyst
51-3011.00,1.A.1.a.2,Written Comprehension,IM,3.0,8,0.0,3.0,3.0,N,,07/2015,Analyst
51-3011.00,1.A.1.a.2,Written Comprehension,LV,2.88,8,0.125,2.63,3.12,N,N,07/2015,Analyst
51-3011.00,1.A.1.a.3,Oral Expression,IM,3.12,8,0.125,2.88,3.37,N,,07/2015,Analyst
51-3011.00,1.A.1.a.3,Oral Expression,LV,3.12,8,0.125,2.88,3.37,N,N,07/2015,Analyst
51-3011.00,1.A.1.a.4,Written Expression,IM,2.5,8,0.189,2.1296,2.8704,N,,07/2015,Analyst
51-3011.00,1.A.1.a.4,Written Expression,LV,2.38,8,0.183,2.0164,2.7336,N,N,07/2015,Analyst
51-3011.00,1.A.1.b.1,Fluency of Ideas,IM,2.75,8,0.1637,2.4292,3.0708,N,,07/2015,Analyst
51-3011.00,1.A.1.b.1,Fluency of Ideas,LV,2.75,8,0.1637,2.4292,3.0708,N,N,07/2015,Analyst
51-3011.00,1.A.1.b.2,Originality,IM,2.75,8,0.1637,2.4292,3.0708,N,,07/2015,Analyst
51-3011.00,1.A.1.b.2,Originality,LV,2.62,8,0.2631,2.1094,3.1406,N,N,07/2015,Analyst
51-3011.00,1.A.1.b.3,Problem Sensitivity,IM,3.12,8,0.125,2.88,3.37,N,,07/2015,Analyst
51-3011.00,1.A.1.b.3,Problem Sensitivity,LV,2.75,8,0.1637,2.4292,3.0708,N,N,07/2015,Analyst
51-3011.00,1.A.1.b.4,Deductive Reasoning,IM,3.0,8,0.0,3.0,3.0,N,,07/2015,Analyst
51-3011.00,1.A.1.b.4,Deductive Reasoning,LV,2.88,8,0.125,2.63,3.12,N,N,07/2015,Analyst
51-3011.00,1.A.1.b.5,Inductive Reasoning,IM,2.88,8,0.125,2.63,3.12,N,,07/2015,Analyst
51-3011.00,1.A.1.b.5,Inductive Reasoning,LV,2.75,8,0.1637,2.4292,3.0708,N,N,07/2015,Analyst
51-3011.00,1.A.1.b.6,Information Ordering,IM,3.0,8,0.0,3.0,3.0,N,,07/2015,Analyst
51-3011.00,1.A.1.b.6,Information Ordering,LV,3.0,8,0.0,3.0,3.0,N,N,07/2015,Analyst
51-3011.00,1.A.1.b.7,Category Flexibility,IM,3.0,8,0.0,3.0,3.0,N,,07/2015,Analyst
51-3011.00,1.A.1.b.7,Category Flexibility,LV,3.0,8,0.0,3.0,3.0,N,N,07/2015,Analyst
51-3011.00,1.A.1.c.1,Mathematical Reasoning,IM,2.25,8,0.1637,1.9292,2.5708,N,,07/2015,Analyst
51-3011.00,1.A.1.c.1,Mathematical Reasoning,LV,1.62,8,0.183,1.2664,1.9836,N,N,07/2015,Analyst
51-3011.00,1.A.1.c.2,Number Facility,IM,2.25,8,0.1637,1.9292,2.5708,N,,07/2015,Analyst
51-3011.00,1.A.1.c.2,Number Facility,LV,2.0,8,0.0,2.0,2.0,N,N,07/2015,Analyst
51-3011.00,1.A.1.d.1,Memorization,IM,2.0,8,0.0,2.0,2.0,N,,07/2015,Analyst
51-3011.00,1.A.1.d.1,Memorization,LV,1.88,8,0.125,1.63,2.12,N,N,07/2015,Analyst
51-3011.00,1.A.1.e.1,Speed of Closure,IM,2.12,8,0.125,1.88,2.37,N,,07/2015,Analyst
51-3011.00,1.A.1.e.1,Speed of Closure,LV,1.88,8,0.125,1.63,2.12,N,N,07/2015,Analyst
51-3011.00,1.A.1.e.2,Flexibility of Closure,IM,2.88,8,0.125,2.63,3.12,N,,07/2015,Analyst
51-3011.00,1.A.1.e.2,Flexibility of Closure,LV,2.5,8,0.189,2.1296,2.8704,N,N,07/2015,Analyst
51-3011.00,1.A.1.e.3,Perceptual Speed,IM,3.0,8,0.0,3.0,3.0,N,,07/2015,Analyst
51-3011.00,1.A.1.e.3,Perceptual Speed,LV,3.0,8,0.0,3.0,3.0,N,N,07/2015,Analyst
51-3011.00,1.A.1.f.1,Spatial Orientation,IM,1.0,8,0.0,1.0,1.0,N,,07/2015,Analyst
51-3011.00,1.A.1.f.1,Spatial Orientation,LV,0.0,8,0.0,0.0,0.0,N,Y,07/2015,Analyst
51-3011.00,1.A.1.f.2,Visualization,IM,2.88,8,0.125,2.63,3.12,N,,07/2015,Analyst
51-3011.00,1.A.1.f.2,Visualization,LV,3.0,8,0.0,3.0,3.0,N,N,07/2015,Analyst
51-3011.00,1.A.1.g.1,Selective Attention,IM,3.0,8,0.0,3.0,3.0,N,,07/2015,Analyst
51-3011.00,1.A.1.g.1,Selective Attention,LV,3.0,8,0.0,3.0,3.0,N,N,07/2015,Analyst
51-3011.00,1.A.1.g.2,Time Sharing,IM,2.5,8,0.189,2.1296,2.8704,N,,07/2015,Analyst
51-3011.00,1.A.1.g.2,Time Sharing,LV,2.38,8,0.183,2.0164,2.7336,N,N,07/2015,Analyst
51-3011.00,1.A.2.a.1,Arm-Hand Steadiness,IM,3.0,8,0.0,3.0,3.0,N,,07/2015,Analyst
51-3011.00,1.A.2.a.1,Arm-Hand Steadiness,LV,2.88,8,0.125,2.63,3.12,N,N,07/2015,Analyst
51-3011.00,1.A.2.a.2,Manual Dexterity,IM,3.0,8,0.0,3.0,3.0,N,,07/2015,Analyst
51-3011.00,1.A.2.a.2,Manual Dexterity,LV,2.88,8,0.125,2.63,3.12,N,N,07/2015,Analyst
51-3011.00,1.A.2.a.3,Finger Dexterity,IM,3.0,8,0.0,3.0,3.0,N,,07/2015,Analyst
51-3011.00,1.A.2.a.3,Finger Dexterity,LV,3.0,8,0.0,3.0,3.0,N,N,07/2015,Analyst
51-3011.00,1.A.2.b.1,Control Precision,IM,3.0,8,0.0,3.0,3.0,N,,07/2015,Analyst
51-3011.00,1.A.2.b.1,Control Precision,LV,2.62,8,0.183,2.2664,2.9836,N,N,07/2015,Analyst
51-3011.00,1.A.2.b.2,Multilimb Coordination,IM,2.75,8,0.1637,2.4292,3.0708,N,,07/2015,Analyst
51-3011.00,1.A.2.b.2,Multilimb Coordination,LV,2.5,8,0.189,2.1296,2.8704,N,N,07/2015,Analyst
51-3011.00,1.A.2.b.3,Response Orientation,IM,1.75,8,0.1637,1.4292,2.0708,N,,07/2015,Analyst
51-3011.00,1.A.2.b.3,Response Orientation,LV,1.12,8,0.295,0.5467,1.7033,N,N,07/2015,Analyst
51-3011.00,1.A.2.b.4,Rate Control,IM,2.0,8,0.0,2.0,2.0,N,,07/2015,Analyst
51-3011.00,1.A.2.b.4,Rate Control,LV,1.12,8,0.125,0.88,1.37,N,N,07/2015,Analyst
51-3011.00,1.A.2.c.1,Reaction Time,IM,2.12,8,0.125,1.88,2.37,N,,07/2015,Analyst
51-3011.00,1.A.2.c.1,Reaction Time,LV,1.25,8,0.1637,0.9292,1.5708,N,N,07/2015,Analyst
51-3011.00,1.A.2.c.2,Wrist-Finger Speed,IM,2.0,8,0.189,1.6296,2.3704,N,,07/2015,Analyst
51-3011.00,1.A.2.c.2,Wrist-Finger Speed,LV,1.75,8,0.3134,1.1358,2.3642,N,N,07/2015,Analyst
51-3011.00,1.A.2.c.3,Speed of Limb Movement,IM,1.88,8,0.125,1.63,2.12,N,,07/2015,Analyst
51-3011.00,1.A.2.c.3,Speed of Limb Movement,LV,1.5,8,0.2673,0.9762,2.0238,N,N,07/2015,Analyst
51-3011.00,1.A.3.a.1,Static Strength,IM,2.12,8,0.125,1.88,2.37,N,,07/2015,Analyst
51-3011.00,1.A.3.a.1,Static Strength,LV,1.88,8,0.125,1.63,2.12,N,N,07/2015,Analyst
51-3011.00,1.A.3.a.2,Explosive Strength,IM,1.12,8,0.125,1.0,1.37,N,,07/2015,Analyst
51-3011.00,1.A.3.a.2,Explosive Strength,LV,0.12,8,0.125,0.0,0.37,N,Y,07/2015,Analyst
51-3011.00,1.A.3.a.3,Dynamic Strength,IM,2.0,8,0.189,1.6296,2.3704,N,,07/2015,Analyst
51-3011.00,1.A.3.a.3,Dynamic Strength,LV,1.0,8,0.189,0.6296,1.3704,N,N,07/2015,Analyst
51-3011.00,1.A.3.a.4,Trunk Strength,IM,2.75,8,0.25,2.26,3.24,N,,07/2015,Analyst
51-3011.00,1.A.3.a.4,Trunk Strength,LV,2.62,8,0.183,2.2664,2.9836,N,N,07/2015,Analyst
51-3011.00,1.A.3.b.1,Stamina,IM,2.12,8,0.125,1.88,2.37,N,,07/2015,Analyst
51-3011.00,1.A.3.b.1,Stamina,LV,1.5,8,0.189,1.1296,1.8704,N,N,07/2015,Analyst
51-3011.00,1.A.3.c.1,Extent Flexibility,IM,2.12,8,0.125,1.88,2.37,N,,07/2015,Analyst
51-3011.00,1.A.3.c.1,Extent Flexibility,LV,1.88,8,0.2266,1.4309,2.3191,N,N,07/2015,Analyst
51-3011.00,1.A.3.c.2,Dynamic Flexibility,IM,1.5,8,0.189,1.1296,1.8704,N,,07/2015,Analyst
51-3011.00,1.A.3.c.2,Dynamic Flexibility,LV,0.5,8,0.189,0.1296,0.8704,N,N,07/2015,Analyst
51-3011.00,1.A.3.c.3,Gross Body Coordination,IM,2.0,8,0.0,2.0,2.0,N,,07/2015,Analyst
51-3011.00,1.A.3.c.3,Gross Body Coordination,LV,1.25,8,0.1637,0.9292,1.5708,N,N,07/2015,Analyst
51-3011.00,1.A.3.c.4,Gross Body Equilibrium,IM,1.88,8,0.125,1.63,2.12,N,,07/2015,Analyst
51-3011.00,1.A.3.c.4,Gross Body Equilibrium,LV,1.0,8,0.189,0.6296,1.3704,N,N,07/2015,Analyst
51-3011.00,1.A.4.a.1,Near Vision,IM,3.75,8,0.1637,3.4292,4.0708,N,,07/2015,Analyst
51-3011.00,1.A.4.a.1,Near Vision,LV,3.62,8,0.183,3.2664,3.9836,N,N,07/2015,Analyst
51-3011.00,1.A.4.a.2,Far Vision,IM,2.75,8,0.1637,2.4292,3.0708,N,,07/2015,Analyst
51-3011.00,1.A.4.a.2,Far Vision,LV,2.38,8,0.183,2.0164,2.7336,N,N,07/2015,Analyst
51-3011.00,1.A.4.a.3,Visual Color Discrimination,IM,3.12,8,0.125,2.88,3.37,N,,07/2015,Analyst
51-3011.00,1.A.4.a.3,Visual Color Discrimination,LV,3.12,8,0.125,2.88,3.37,N,N,07/2015,Analyst
51-3011.00,1.A.4.a.4,Night Vision,IM,1.0,8,0.0,1.0,1.0,N,,07/2015,Analyst
51-3011.00,1.A.4.a.4,Night Vision,LV,0.0,8,0.0,0.0,0.0,N,Y,07/2015,Analyst
51-3011.00,1.A.4.a.5,Peripheral Vision,IM,1.0,8,0.0,1.0,1.0,N,,07/2015,Analyst
51-3011.00,1.A.4.a.5,Peripheral Vision,LV,0.0,8,0.0,0.0,0.0,N,Y,07/2015,Analyst
51-3011.00,1.A.4.a.6,Depth Perception,IM,2.0,8,0.0,2.0,2.0,N,,07/2015,Analyst
51-3011.00,1.A.4.a.6,Depth Perception,LV,1.5,8,0.189,1.1296,1.8704,N,N,07/2015,Analyst
51-3011.00,1.A.4.a.7,Glare Sensitivity,IM,1.0,8,0.0,1.0,1.0,N,,07/2015,Analyst
51-3011.00,1.A.4.a.7,Glare Sensitivity,LV,0.0,8,0.0,0.0,0.0,N,Y,07/2015,Analyst
51-3011.00,1.A.4.b.1,Hearing Sensitivity,IM,2.62,8,0.183,2.2664,2.9836,N,,07/2015,Analyst
51-3011.00,1.A.4.b.1,Hearing Sensitivity,LV,2.25,8,0.1637,1.9292,2.5708,N,N,07/2015,Analyst
51-3011.00,1.A.4.b.2,Auditory Attention,IM,2.38,8,0.183,2.0164,2.7336,N,,07/2015,Analyst
51-3011.00,1.A.4.b.2,Auditory Attention,LV,2.25,8,0.1637,1.9292,2.5708,N,N,07/2015,Analyst
51-3011.00,1.A.4.b.3,Sound Localization,IM,1.0,8,0.0,1.0,1.0,N,,07/2015,Analyst
51-3011.00,1.A.4.b.3,Sound Localization,LV,0.0,8,0.0,0.0,0.0,N,Y,07/2015,Analyst
51-3011.00,1.A.4.b.4,Speech Recognition,IM,3.12,8,0.125,2.88,3.37,N,,07/2015,Analyst
51-3011.00,1.A.4.b.4,Speech Recognition,LV,2.75,8,0.1637,2.4292,3.0708,N,N,07/2015,Analyst
51-3011.00,1.A.4.b.5,Speech Clarity,IM,3.0,8,0.0,3.0,3.0,N,,07/2015,Analyst
51-3011.00,1.A.4.b.5,Speech Clarity,LV,2.5,8,0.189,2.1296,2.8704,N,N,07/2015,Analyst
51-3021.00,1.A.1.a.1,Oral Comprehension,IM,3.12,8,0.125,2.88,3.37,N,,07/2016,Analyst
51-3021.00,1.A.1.a.1,Oral Comprehension,LV,3.0,8,0.0,3.0,3.0,N,N,07/2016,Analyst
51-3021.00,1.A.1.a.2,Written Comprehension,IM,2.88,8,0.125,2.63,3.12,N,,07/2016,Analyst
51-3021.00,1.A.1.a.2,Written Comprehension,LV,2.88,8,0.125,2.63,3.12,N,N,07/2016,Analyst
51-3021.00,1.A.1.a.3,Oral Expression,IM,3.12,8,0.125,2.88,3.37,N,,07/2016,Analyst
51-3021.00,1.A.1.a.3,Oral Expression,LV,3.12,8,0.125,2.88,3.37,N,N,07/2016,Analyst
51-3021.00,1.A.1.a.4,Written Expression,IM,2.12,8,0.125,1.88,2.37,N,,07/2016,Analyst
51-3021.00,1.A.1.a.4,Written Expression,LV,2.25,8,0.1637,1.9292,2.5708,N,N,07/2016,Analyst
51-3021.00,1.A.1.b.1,Fluency of Ideas,IM,2.25,8,0.1637,1.9292,2.5708,N,,07/2016,Analyst
51-3021.00,1.A.1.b.1,Fluency of Ideas,LV,2.25,8,0.1637,1.9292,2.5708,N,N,07/2016,Analyst
51-3021.00,1.A.1.b.2,Originality,IM,2.12,8,0.125,1.88,2.37,N,,07/2016,Analyst
51-3021.00,1.A.1.b.2,Originality,LV,2.0,8,0.0,2.0,2.0,N,N,07/2016,Analyst
51-3021.00,1.A.1.b.3,Problem Sensitivity,IM,3.12,8,0.125,2.88,3.37,N,,07/2016,Analyst
51-3021.00,1.A.1.b.3,Problem Sensitivity,LV,2.88,8,0.125,2.63,3.12,N,N,07/2016,Analyst
51-3021.00,1.A.1.b.4,Deductive Reasoning,IM,2.75,8,0.1637,2.4292,3.0708,N,,07/2016,Analyst
51-3021.00,1.A.1.b.4,Deductive Reasoning,LV,2.88,8,0.125,2.63,3.12,N,N,07/2016,Analyst
51-3021.00,1.A.1.b.5,Inductive Reasoning,IM,2.75,8,0.1637,2.4292,3.0708,N,,07/2016,Analyst
51-3021.00,1.A.1.b.5,Inductive Reasoning,LV,2.88,8,0.125,2.63,3.12,N,N,07/2016,Analyst
51-3021.00,1.A.1.b.6,Information Ordering,IM,3.12,8,0.125,2.88,3.37,N,,07/2016,Analyst
51-3021.00,1.A.1.b.6,Information Ordering,LV,3.0,8,0.0,3.0,3.0,N,N,07/2016,Analyst
51-3021.00,1.A.1.b.7,Category Flexibility,IM,3.12,8,0.2266,2.6809,3.5691,N,,07/2016,Analyst
51-3021.00,1.A.1.b.7,Category Flexibility,LV,3.0,8,0.0,3.0,3.0,N,N,07/2016,Analyst
51-3021.00,1.A.1.c.1,Mathematical Reasoning,IM,2.5,8,0.189,2.1296,2.8704,N,,07/2016,Analyst
51-3021.00,1.A.1.c.1,Mathematical Reasoning,LV,2.12,8,0.125,1.88,2.37,N,N,07/2016,Analyst
51-3021.00,1.A.1.c.2,Number Facility,IM,2.62,8,0.183,2.2664,2.9836,N,,07/2016,Analyst
51-3021.00,1.A.1.c.2,Number Facility,LV,2.25,8,0.1637,1.9292,2.5708,N,N,07/2016,Analyst
51-3021.00,1.A.1.d.1,Memorization,IM,2.0,8,0.0,2.0,2.0,N,,07/2016,Analyst
51-3021.00,1.A.1.d.1,Memorization,LV,2.0,8,0.0,2.0,2.0,N,N,07/2016,Analyst
51-3021.00,1.A.1.e.1,Speed of Closure,IM,2.25,8,0.1637,1.9292,2.5708,N,,07/2016,Analyst
51-3021.00,1.A.1.e.1,Speed of Closure,LV,2.25,8,0.1637,1.9292,2.5708,N,N,07/2016,Analyst
51-3021.00,1.A.1.e.2,Flexibility of Closure,IM,2.75,8,0.1637,2.4292,3.0708,N,,07/2016,Analyst
51-3021.00,1.A.1.e.2,Flexibility of Closure,LV,2.25,8,0.1637,1.9292,2.5708,N,N,07/2016,Analyst
51-3021.00,1.A.1.e.3,Perceptual Speed,IM,2.75,8,0.1637,2.4292,3.0708,N,,07/2016,Analyst
51-3021.00,1.A.1.e.3,Perceptual Speed,LV,2.38,8,0.183,2.0164,2.7336,N,N,07/2016,Analyst
51-3021.00,1.A.1.f.1,Spatial Orientation,IM,1.5,8,0.189,1.1296,1.8704,N,,07/2016,Analyst
51-3021.00,1.A.1.f.1,Spatial Orientation,LV,0.62,8,0.2631,0.1094,1.1406,N,N,07/2016,Analyst
51-3021.00,1.A.1.f.2,Visualization,IM,2.88,8,0.125,2.63,3.12,N,,07/2016,Analyst
51-3021.00,1.A.1.f.2,Visualization,LV,2.75,8,0.1637,2.4292,3.0708,N,N,07/2016,Analyst
51-3021.00,1.A.1.g.1,Selective Attention,IM,3.0,8,0.0,3.0,3.0,N,,07/2016,Analyst
51-3021.00,1.A.1.g.1,Selective Attention,LV,2.5,8,0.189,2.1296,2.8704,N,N,07/2016,Analyst
51-3021.00,1.A.1.g.2,Time Sharing,IM,2.88,8,0.125,2.63,3.12,N,,07/2016,Analyst
51-3021.00,1.A.1.g.2,Time Sharing,LV,2.38,8,0.183,2.0164,2.7336,N,N,07/2016,Analyst
51-3021.00,1.A.2.a.1,Arm-Hand Steadiness,IM,3.25,8,0.1637,2.9292,3.5708,N,,07/2016,Analyst
51-3021.00,1.A.2.a.1,Arm-Hand Steadiness,LV,3.12,8,0.125,2.88,3.37,N,N,07/2016,Analyst
51-3021.00,1.A.2.a.2,Manual Dexterity,IM,3.5,8,0.189,3.1296,3.8704,N,,07/2016,Analyst
51-3021.00,1.A.2.a.2,Manual Dexterity,LV,3.25,8,0.1637,2.9292,3.5708,N,N,07/2016,Analyst
51-3021.00,1.A.2.a.3,Finger Dexterity,IM,3.0,8,0.0,3.0,3.0,N,,07/2016,Analyst
51-3021.00,1.A.2.a.3,Finger Dexterity,LV,3.12,8,0.125,2.88,3.37,N,N,07/2016,Analyst
51-3021.00,1.A.2.b.1,Control Precision,IM,3.12,8,0.125,2.88,3.37,N,,07/2016,Analyst
51-3021.00,1.A.2.b.1,Control Precision,LV,3.12,8,0.125,2.88,3.37,N,N,07/2016,Analyst
51-3021.00,1.A.2.b.2,Multilimb Coordination,IM,2.88,8,0.125,2.63,3.12,N,,07/2016,Analyst
51-3021.00,1.A.2.b.2,Multilimb Coordination,LV,3.0,8,0.189,2.6296,3.3704,N,N,07/2016,Analyst
51-3021.00,1.A.2.b.3,Response Orientation,IM,2.5,8,0.189,2.1296,2.8704,N,,07/2016,Analyst
51-3021.00,1.A.2.b.3,Response Orientation,LV,2.12,8,0.125,1.88,2.37,N,N,07/2016,Analyst
51-3021.00,1.A.2.b.4,Rate Control,IM,2.62,8,0.183,2.2664,2.9836,N,,07/2016,Analyst
51-3021.00,1.A.2.b.4,Rate Control,LV,2.12,8,0.125,1.88,2.37,N,N,07/2016,Analyst
51-3021.00,1.A.2.c.1,Reaction Time,IM,2.88,8,0.125,2.63,3.12,N,,07/2016,Analyst
51-3021.00,1.A.2.c.1,Reaction Time,LV,2.38,8,0.183,2.0164,2.7336,N,N,07/2016,Analyst
51-3021.00,1.A.2.c.2,Wrist-Finger Speed,IM,2.75,8,0.1637,2.4292,3.0708,N,,07/2016,Analyst
51-3021.00,1.A.2.c.2,Wrist-Finger Speed,LV,2.25,8,0.1637,1.9292,2.5708,N,N,07/2016,Analyst
51-3021.00,1.A.2.c.3,Speed of Limb Movement,IM,2.38,8,0.3239,1.7402,3.0098,N,,07/2016,Analyst
51-3021.00,1.A.2.c.3,Speed of Limb Movement,LV,1.5,8,0.3273,0.8584,2.1416,N,N,07/2016,Analyst
51-3021.00,1.A.3.a.1,Static Strength,IM,2.88,8,0.125,2.63,3.12,N,,07/2016,Analyst
51-3021.00,1.A.3.a.1,Static Strength,LV,3.0,8,0.0,3.0,3.0,N,N,07/2016,Analyst
51-3021.00,1.A.3.a.2,Explosive Strength,IM,1.5,8,0.189,1.1296,1.8704,N,,07/2016,Analyst
51-3021.00,1.A.3.a.2,Explosive Strength,LV,1.0,8,0.4226,0.1717,1.8283,N,N,07/2016,Analyst
51-3021.00,1.A.3.a.3,Dynamic Strength,IM,2.5,8,0.189,2.1296,2.8704,N,,07/2016,Analyst
51-3021.00,1.A.3.a.3,Dynamic Strength,LV,2.0,8,0.189,1.6296,2.3704,N,N,07/2016,Analyst
51-3021.00,1.A.3.a.4,Trunk Strength,IM,3.0,8,0.0,3.0,3.0,N,,07/2016,Analyst
51-3021.00,1.A.3.a.4,Trunk Strength,LV,2.88,8,0.125,2.63,3.12,N,N,07/2016,Analyst
51-3021.00,1.A.3.b.1,Stamina,IM,2.62,8,0.183,2.2664,2.9836,N,,07/2016,Analyst
51-3021.00,1.A.3.b.1,Stamina,LV,1.88,8,0.2266,1.4309,2.3191,N,N,07/2016,Analyst
51-3021.00,1.A.3.c.1,Extent Flexibility,IM,2.75,8,0.1637,2.4292,3.0708,N,,07/2016,Analyst
51-3021.00,1.A.3.c.1,Extent Flexibility,LV,2.25,8,0.1637,1.9292,2.5708,N,N,07/2016,Analyst
51-3021.00,1.A.3.c.2,Dynamic Flexibility,IM,1.38,8,0.183,1.0164,1.7336,N,,07/2016,Analyst
51-3021.00,1.A.3.c.2,Dynamic Flexibility,LV,0.5,8,0.2673,0.0,1.0238,N,N,07/2016,Analyst
51-3021.00,1.A.3.c.3,Gross Body Coordination,IM,2.0,8,0.0,2.0,2.0,N,,07/2016,Analyst
51-3021.00,1.A.3.c.3,Gross Body Coordination,LV,1.88,8,0.125,1.63,2.12,N,N,07/2016,Analyst
51-3021.00,1.A.3.c.4,Gross Body Equilibrium,IM,2.0,8,0.0,2.0,2.0,N,,07/2016,Analyst
51-3021.00,1.A.3.c.4,Gross Body Equilibrium,LV,1.88,8,0.125,1.63,2.12,N,N,07/2016,Analyst
51-3021.00,1.A.4.a.1,Near Vision,IM,3.5,8,0.189,3.1296,3.8704,N,,07/2016,Analyst
51-3021.00,1.A.4.a.1,Near Vision,LV,3.25,8,0.1637,2.9292,3.5708,N,N,07/2016,Analyst
51-3021.00,1.A.4.a.2,Far Vision,IM,2.88,8,0.125,2.63,3.12,N,,07/2016,Analyst
51-3021.00,1.A.4.a.2,Far Vision,LV,2.5,8,0.189,2.1296,2.8704,N,N,07/2016,Analyst
51-3021.00,1.A.4.a.3,Visual Color Discrimination,IM,3.0,8,0.0,3.0,3.0,N,,07/2016,Analyst
51-3021.00,1.A.4.a.3,Visual Color Discrimination,LV,3.0,8,0.0,3.0,3.0,N,N,07/2016,Analyst
51-3021.00,1.A.4.a.4,Night Vision,IM,1.38,8,0.183,1.0164,1.7336,N,,07/2016,Analyst
51-3021.00,1.A.4.a.4,Night Vision,LV,0.5,8,0.2673,0.0,1.0238,N,N,07/2016,Analyst
51-3021.00,1.A.4.a.5,Peripheral Vision,IM,1.5,8,0.189,1.1296,1.8704,N,,07/2016,Analyst
51-3021.00,1.A.4.a.5,Peripheral Vision,LV,0.62,8,0.2631,0.1094,1.1406,N,N,07/2016,Analyst
51-3021.00,1.A.4.a.6,Depth Perception,IM,2.62,8,0.183,2.2664,2.9836,N,,07/2016,Analyst
51-3021.00,1.A.4.a.6,Depth Perception,LV,2.12,8,0.125,1.88,2.37,N,N,07/2016,Analyst
51-3021.00,1.A.4.a.7,Glare Sensitivity,IM,1.5,8,0.189,1.1296,1.8704,N,,07/2016,Analyst
51-3021.00,1.A.4.a.7,Glare Sensitivity,LV,0.62,8,0.2631,0.1094,1.1406,N,N,07/2016,Analyst
51-3021.00,1.A.4.b.1,Hearing Sensitivity,IM,2.62,8,0.183,2.2664,2.9836,N,,07/2016,Analyst
51-3021.00,1.A.4.b.1,Hearing Sensitivity,LV,2.12,8,0.125,1.88,2.37,N,N,07/2016,Analyst
51-3021.00,1.A.4.b.2,Auditory Attention,IM,2.88,8,0.125,2.63,3.12,N,,07/2016,Analyst
51-3021.00,1.A.4.b.2,Auditory Attention,LV,2.12,8,0.125,1.88,2.37,N,N,07/2016,Analyst
51-3021.00,1.A.4.b.3,Sound Localization,IM,1.38,8,0.183,1.0164,1.7336,N,,07/2016,Analyst
51-3021.00,1.A.4.b.3,Sound Localization,LV,0.5,8,0.2673,0.0,1.0238,N,N,07/2016,Analyst
51-3021.00,1.A.4.b.4,Speech Recognition,IM,3.0,8,0.189,2.6296,3.3704,N,,07/2016,Analyst
51-3021.00,1.A.4.b.4,Speech Recognition,LV,3.0,8,0.0,3.0,3.0,N,N,07/2016,Analyst
51-3021.00,1.A.4.b.5,Speech Clarity,IM,3.0,8,0.189,2.6296,3.3704,N,,07/2016,Analyst
51-3021.00,1.A.4.b.5,Speech Clarity,LV,3.0,8,0.0,3.0,3.0,N,N,07/2016,Analyst
51-3022.00,1.A.1.a.1,Oral Comprehension,IM,3.0,8,0.189,2.6296,3.3704,N,,07/2017,Analyst
51-3022.00,1.A.1.a.1,Oral Comprehension,LV,3.0,8,0.0,3.0,3.0,N,N,07/2017,Analyst
51-3022.00,1.A.1.a.2,Written Comprehension,IM,2.38,8,0.183,2.0164,2.7336,N,,07/2017,Analyst
51-3022.00,1.A.1.a.2,Written Comprehension,LV,2.88,8,0.125,2.63,3.12,N,N,07/2017,Analyst
51-3022.00,1.A.1.a.3,Oral Expression,IM,3.12,8,0.125,2.88,3.37,N,,07/2017,Analyst
51-3022.00,1.A.1.a.3,Oral Expression,LV,3.0,8,0.0,3.0,3.0,N,N,07/2017,Analyst
51-3022.00,1.A.1.a.4,Written Expression,IM,2.62,8,0.183,2.2664,2.9836,N,,07/2017,Analyst
51-3022.00,1.A.1.a.4,Written Expression,LV,2.12,8,0.125,1.88,2.37,N,N,07/2017,Analyst
51-3022.00,1.A.1.b.1,Fluency of Ideas,IM,2.0,8,0.0,2.0,2.0,N,,07/2017,Analyst
51-3022.00,1.A.1.b.1,Fluency of Ideas,LV,2.12,8,0.125,1.88,2.37,N,N,07/2017,Analyst
51-3022.00,1.A.1.b.2,Originality,IM,2.0,8,0.0,2.0,2.0,N,,07/2017,Analyst
51-3022.00,1.A.1.b.2,Originality,LV,2.12,8,0.125,1.88,2.37,N,N,07/2017,Analyst
51-3022.00,1.A.1.b.3,Problem Sensitivity,IM,3.0,8,0.0,3.0,3.0,N,,07/2017,Analyst
51-3022.00,1.A.1.b.3,Problem Sensitivity,LV,2.75,8,0.1637,2.4292,3.0708,N,N,07/2017,Analyst
51-3022.00,1.A.1.b.4,Deductive Reasoning,IM,2.75,8,0.1637,2.4292,3.0708,N,,07/2017,Analyst
51-3022.00,1.A.1.b.4,Deductive Reasoning,LV,2.75,8,0.1637,2.4292,3.0708,N,N,07/2017,Analyst
51-3022.00,1.A.1.b.5,Inductive Reasoning,IM,2.75,8,0.1637,2.4292,3.0708,N,,07/2017,Analyst
51-3022.00,1.A.1.b.5,Inductive Reasoning,LV,2.25,8,0.1637,1.9292,2.5708,N,N,07/2017,Analyst
51-3022.00,1.A.1.b.6,Information Ordering,IM,3.0,8,0.0,3.0,3.0,N,,07/2017,Analyst
51-3022.00,1.A.1.b.6,Information Ordering,LV,2.75,8,0.1637,2.4292,3.0708,N,N,07/2017,Analyst
51-3022.00,1.A.1.b.7,Category Flexibility,IM,2.75,8,0.1637,2.4292,3.0708,N,,07/2017,Analyst
51-3022.00,1.A.1.b.7,Category Flexibility,LV,2.75,8,0.1637,2.4292,3.0708,N,N,07/2017,Analyst
51-3022.00,1.A.1.c.1,Mathematical Reasoning,IM,2.12,8,0.125,1.88,2.37,N,,07/2017,Analyst
51-3022.00,1.A.1.c.1,Mathematical Reasoning,LV,1.5,8,0.3273,0.8584,2.1416,N,N,07/2017,Analyst
51-3022.00,1.A.1.c.2,Number Facility,IM,2.12,8,0.125,1.88,2.37,N,,07/2017,Analyst
51-3022.00,1.A.1.c.2,Number Facility,LV,2.12,8,0.125,1.88,2.37,N,N,07/2017,Analyst
51-3022.00,1.A.1.d.1,Memorization,IM,2.12,8,0.125,1.88,2.37,N,,07/2017,Analyst
51-3022.00,1.A.1.d.1,Memorization,LV,2.0,8,0.0,2.0,2.0,N,N,07/2017,Analyst
51-3022.00,1.A.1.e.1,Speed of Closure,IM,2.12,8,0.125,1.88,2.37,N,,07/2017,Analyst
51-3022.00,1.A.1.e.1,Speed of Closure,LV,1.62,8,0.2631,1.1094,2.1406,N,N,07/2017,Analyst
51-3022.00,1.A.1.e.2,Flexibility of Closure,IM,2.38,8,0.183,2.0164,2.7336,N,,07/2017,Analyst
51-3022.00,1.A.1.e.2,Flexibility of Closure,LV,2.25,8,0.1637,1.9292,2.5708,N,N,07/2017,Analyst
51-3022.00,1.A.1.e.3,Perceptual Speed,IM,2.5,8,0.2673,1.9762,3.0238,N,,07/2017,Analyst
51-3022.00,1.A.1.e.3,Perceptual Speed,LV,2.12,8,0.125,1.88,2.37,N,N,07/2017,Analyst
51-3022.00,1.A.1.f.1,Spatial Orientation,IM,1.62,8,0.183,1.2664,1.9836,N,,07/2017,Analyst
51-3022.00,1.A.1.f.1,Spatial Orientation,LV,0.75,8,0.25,0.26,1.24,N,N,07/2017,Analyst
51-3022.00,1.A.1.f.2,Visualization,IM,3.0,8,0.0,3.0,3.0,N,,07/2017,Analyst
51-3022.00,1.A.1.f.2,Visualization,LV,2.25,8,0.1637,1.9292,2.5708,N,N,07/2017,Analyst
51-3022.00,1.A.1.g.1,Selective Attention,IM,3.12,8,0.125,2.88,3.37,N,,07/2017,Analyst
51-3022.00,1.A.1.g.1,Selective Attention,LV,2.25,8,0.1637,1.9292,2.5708,N,N,07/2017,Analyst
51-3022.00,1.A.1.g.2,Time Sharing,IM,2.0,8,0.0,2.0,2.0,N,,07/2017,Analyst
51-3022.00,1.A.1.g.2,Time Sharing,LV,2.12,8,0.125,1.88,2.37,N,N,07/2017,Analyst
51-3022.00,1.A.2.a.1,Arm-Hand Steadiness,IM,3.38,8,0.183,3.0164,3.7336,N,,07/2017,Analyst
51-3022.00,1.A.2.a.1,Arm-Hand Steadiness,LV,3.25,8,0.1637,2.9292,3.5708,N,N,07/2017,Analyst
51-3022.00,1.A.2.a.2,Manual Dexterity,IM,3.12,8,0.125,2.88,3.37,N,,07/2017,Analyst
51-3022.00,1.A.2.a.2,Manual Dexterity,LV,2.75,8,0.25,2.26,3.24,N,N,07/2017,Analyst
51-3022.00,1.A.2.a.3,Finger Dexterity,IM,3.0,8,0.0,3.0,3.0,N,,07/2017,Analyst
51-3022.00,1.A.2.a.3,Finger Dexterity,LV,2.88,8,0.2266,2.4309,3.3191,N,N,07/2017,Analyst
51-3022.00,1.A.2.b.1,Control Precision,IM,3.25,8,0.1637,2.9292,3.5708,N,,07/2017,Analyst
51-3022.00,1.A.2.b.1,Control Precision,LV,3.0,8,0.189,2.6296,3.3704,N,N,07/2017,Analyst
51-3022.00,1.A.2.b.2,Multilimb Coordination,IM,3.0,8,0.0,3.0,3.0,N,,07/2017,Analyst
51-3022.00,1.A.2.b.2,Multilimb Coordination,LV,2.5,8,0.189,2.1296,2.8704,N,N,07/2017,Analyst
51-3022.00,1.A.2.b.3,Response Orientation,IM,2.0,8,0.0,2.0,2.0,N,,07/2017,Analyst
51-3022.00,1.A.2.b.3,Response Orientation,LV,1.88,8,0.125,1.63,2.12,N,N,07/2017,Analyst
51-3022.00,1.A.2.b.4,Rate Control,IM,2.75,8,0.1637,2.4292,3.0708,N,,07/2017,Analyst
51-3022.00,1.A.2.b.4,Rate Control,LV,2.38,8,0.183,2.0164,2.7336,N,N,07/2017,Analyst
51-3022.00,1.A.2.c.1,Reaction Time,IM,2.88,8,0.125,2.63,3.12,N,,07/2017,Analyst
51-3022.00,1.A.2.c.1,Reaction Time,LV,2.38,8,0.183,2.0164,2.7336,N,N,07/2017,Analyst
51-3022.00,1.A.2.c.2,Wrist-Finger Speed,IM,2.5,8,0.189,2.1296,2.8704,N,,07/2017,Analyst
51-3022.00,1.A.2.c.2,Wrist-Finger Speed,LV,2.25,8,0.25,1.76,2.74,N,N,07/2017,Analyst
51-3022.00,1.A.2.c.3,Speed of Limb Movement,IM,1.75,8,0.1637,1.4292,2.0708,N,,07/2017,Analyst
51-3022.00,1.A.2.c.3,Speed of Limb Movement,LV,1.5,8,0.3273,0.8584,2.1416,N,N,07/2017,Analyst
51-3022.00,1.A.3.a.1,Static Strength,IM,2.38,8,0.183,2.0164,2.7336,N,,07/2017,Analyst
51-3022.00,1.A.3.a.1,Static Strength,LV,2.25,8,0.1637,1.9292,2.5708,N,N,07/2017,Analyst
51-3022.00,1.A.3.a.2,Explosive Strength,IM,1.75,8,0.3134,1.1358,2.3642,N,,07/2017,Analyst
51-3022.00,1.A.3.a.2,Explosive Strength,LV,1.12,8,0.4795,0.1852,2.0648,N,N,07/2017,Analyst
51-3022.00,1.A.3.a.3,Dynamic Strength,IM,2.5,8,0.189,2.1296,2.8704,N,,07/2017,Analyst
51-3022.00,1.A.3.a.3,Dynamic Strength,LV,2.25,8,0.1637,1.9292,2.5708,N,N,07/2017,Analyst
51-3022.00,1.A.3.a.4,Trunk Strength,IM,3.12,8,0.125,2.88,3.37,N,,07/2017,Analyst
51-3022.00,1.A.3.a.4,Trunk Strength,LV,3.12,8,0.125,2.88,3.37,N,N,07/2017,Analyst
51-3022.00,1.A.3.b.1,Stamina,IM,2.38,8,0.183,2.0164,2.7336,N,,07/2017,Analyst
51-3022.00,1.A.3.b.1,Stamina,LV,2.12,8,0.295,1.5467,2.7033,N,N,07/2017,Analyst
51-3022.00,1.A.3.c.1,Extent Flexibility,IM,2.5,8,0.189,2.1296,2.8704,N,,07/2017,Analyst
51-3022.00,1.A.3.c.1,Extent Flexibility,LV,2.5,8,0.2673,1.9762,3.0238,N,N,07/2017,Analyst
51-3022.00,1.A.3.c.2,Dynamic Flexibility,IM,1.12,8,0.125,1.0,1.37,N,,07/2017,Analyst
51-3022.00,1.A.3.c.2,Dynamic Flexibility,LV,0.25,8,0.25,0.0,0.74,N,Y,07/2017,Analyst
51-3022.00,1.A.3.c.3,Gross Body Coordination,IM,2.12,8,0.125,1.88,2.37,N,,07/2017,Analyst
51-3022.00,1.A.3.c.3,Gross Body Coordination,LV,2.12,8,0.125,1.88,2.37,N,N,07/2017,Analyst
51-3022.00,1.A.3.c.4,Gross Body Equilibrium,IM,2.12,8,0.125,1.88,2.37,N,,07/2017,Analyst
51-3022.00,1.A.3.c.4,Gross Body Equilibrium,LV,1.62,8,0.2631,1.1094,2.1406,N,N,07/2017,Analyst
51-3022.00,1.A.4.a.1,Near Vision,IM,3.25,8,0.1637,2.9292,3.5708,N,,07/2017,Analyst
51-3022.00,1.A.4.a.1,Near Vision,LV,3.25,8,0.1637,2.9292,3.5708,N,N,07/2017,Analyst
51-3022.00,1.A.4.a.2,Far Vision,IM,2.88,8,0.125,2.63,3.12,N,,07/2017,Analyst
51-3022.00,1.A.4.a.2,Far Vision,LV,2.5,8,0.189,2.1296,2.8704,N,N,07/2017,Analyst
51-3022.00,1.A.4.a.3,Visual Color Discrimination,IM,2.75,8,0.1637,2.4292,3.0708,N,,07/2017,Analyst
51-3022.00,1.A.4.a.3,Visual Color Discrimination,LV,2.38,8,0.183,2.0164,2.7336,N,N,07/2017,Analyst
51-3022.00,1.A.4.a.4,Night Vision,IM,1.62,8,0.183,1.2664,1.9836,N,,07/2017,Analyst
51-3022.00,1.A.4.a.4,Night Vision,LV,0.88,8,0.295,0.2967,1.4533,N,N,07/2017,Analyst
51-3022.00,1.A.4.a.5,Peripheral Vision,IM,1.62,8,0.183,1.2664,1.9836,N,,07/2017,Analyst
51-3022.00,1.A.4.a.5,Peripheral Vision,LV,0.75,8,0.25,0.26,1.24,N,N,07/2017,Analyst
51-3022.00,1.A.4.a.6,Depth Perception,IM,2.5,8,0.189,2.1296,2.8704,N,,07/2017,Analyst
51-3022.00,1.A.4.a.6,Depth Perception,LV,2.12,8,0.125,1.88,2.37,N,N,07/2017,Analyst
51-3022.00,1.A.4.a.7,Glare Sensitivity,IM,1.5,8,0.189,1.1296,1.8704,N,,07/2017,Analyst
51-3022.00,1.A.4.a.7,Glare Sensitivity,LV,0.62,8,0.2631,0.1094,1.1406,N,N,07/2017,Analyst
51-3022.00,1.A.4.b.1,Hearing Sensitivity,IM,2.5,8,0.189,2.1296,2.8704,N,,07/2017,Analyst
51-3022.00,1.A.4.b.1,Hearing Sensitivity,LV,2.25,8,0.1637,1.9292,2.5708,N,N,07/2017,Analyst
51-3022.00,1.A.4.b.2,Auditory Attention,IM,2.38,8,0.183,2.0164,2.7336,N,,07/2017,Analyst
51-3022.00,1.A.4.b.2,Auditory Attention,LV,2.25,8,0.1637,1.9292,2.5708,N,N,07/2017,Analyst
51-3022.00,1.A.4.b.3,Sound Localization,IM,1.62,8,0.183,1.2664,1.9836,N,,07/2017,Analyst
51-3022.00,1.A.4.b.3,Sound Localization,LV,0.75,8,0.25,0.26,1.24,N,N,07/2017,Analyst
51-3022.00,1.A.4.b.4,Speech Recognition,IM,3.0,8,0.0,3.0,3.0,N,,07/2017,Analyst
51-3022.00,1.A.4.b.4,Speech Recognition,LV,3.0,8,0.0,3.0,3.0,N,N,07/2017,Analyst
51-3022.00,1.A.4.b.5,Speech Clarity,IM,3.0,8,0.0,3.0,3.0,N,,07/2017,Analyst
51-3022.00,1.A.4.b.5,Speech Clarity,LV,2.75,8,0.1637,2.4292,3.0708,N,N,07/2017,Analyst
51-3023.00,1.A.1.a.1,Oral Comprehension,IM,3.0,8,0.0,3.0,3.0,N,,07/2017,Analyst
51-3023.00,1.A.1.a.1,Oral Comprehension,LV,2.75,8,0.1637,2.4292,3.0708,N,N,07/2017,Analyst
51-3023.00,1.A.1.a.2,Written Comprehension,IM,1.88,8,0.125,1.63,2.12,N,,07/2017,Analyst
51-3023.00,1.A.1.a.2,Written Comprehension,LV,1.75,8,0.25,1.26,2.24,N,N,07/2017,Analyst
51-3023.00,1.A.1.a.3,Oral Expression,IM,2.88,8,0.125,2.63,3.12,N,,07/2017,Analyst
51-3023.00,1.A.1.a.3,Oral Expression,LV,2.62,8,0.183,2.2664,2.9836,N,N,07/2017,Analyst
51-3023.00,1.A.1.a.4,Written Expression,IM,1.88,8,0.125,1.63,2.12,N,,07/2017,Analyst
51-3023.00,1.A.1.a.4,Written Expression,LV,1.38,8,0.2631,0.8594,1.8906,N,N,07/2017,Analyst
51-3023.00,1.A.1.b.1,Fluency of Ideas,IM,1.88,8,0.125,1.63,2.12,N,,07/2017,Analyst
51-3023.00,1.A.1.b.1,Fluency of Ideas,LV,0.88,8,0.125,0.63,1.12,N,N,07/2017,Analyst
51-3023.00,1.A.1.b.2,Originality,IM,1.88,8,0.125,1.63,2.12,N,,07/2017,Analyst
51-3023.00,1.A.1.b.2,Originality,LV,0.88,8,0.125,0.63,1.12,N,N,07/2017,Analyst
51-3023.00,1.A.1.b.3,Problem Sensitivity,IM,2.88,8,0.125,2.63,3.12,N,,07/2017,Analyst
51-3023.00,1.A.1.b.3,Problem Sensitivity,LV,2.38,8,0.183,2.0164,2.7336,N,N,07/2017,Analyst
51-3023.00,1.A.1.b.4,Deductive Reasoning,IM,2.62,8,0.183,2.2664,2.9836,N,,07/2017,Analyst
51-3023.00,1.A.1.b.4,Deductive Reasoning,LV,2.0,8,0.0,2.0,2.0,N,N,07/2017,Analyst
51-3023.00,1.A.1.b.5,Inductive Reasoning,IM,2.62,8,0.183,2.2664,2.9836,N,,07/2017,Analyst
51-3023.00,1.A.1.b.5,Inductive Reasoning,LV,2.0,8,0.0,2.0,2.0,N,N,07/2017,Analyst
51-3023.00,1.A.1.b.6,Information Ordering,IM,2.75,8,0.1637,2.4292,3.0708,N,,07/2017,Analyst
51-3023.00,1.A.1.b.6,Information Ordering,LV,2.5,8,0.189,2.1296,2.8704,N,N,07/2017,Analyst
51-3023.00,1.A.1.b.7,Category Flexibility,IM,2.75,8,0.1637,2.4292,3.0708,N,,07/2017,Analyst
51-3023.00,1.A.1.b.7,Category Flexibility,LV,2.0,8,0.0,2.0,2.0,N,N,07/2017,Analyst
51-3023.00,1.A.1.c.1,Mathematical Reasoning,IM,1.88,8,0.125,1.63,2.12,N,,07/2017,Analyst
51-3023.00,1.A.1.c.1,Mathematical Reasoning,LV,0.88,8,0.125,0.63,1.12,N,N,07/2017,Analyst
51-3023.00,1.A.1.c.2,Number Facility,IM,2.0,8,0.0,2.0,2.0,N,,07/2017,Analyst
51-3023.00,1.A.1.c.2,Number Facility,LV,1.0,8,0.0,1.0,1.0,N,N,07/2017,Analyst
51-3023.00,1.A.1.d.1,Memorization,IM,1.88,8,0.125,1.63,2.12,N,,07/2017,Analyst
51-3023.00,1.A.1.d.1,Memorization,LV,0.88,8,0.125,0.63,1.12,N,N,07/2017,Analyst
51-3023.00,1.A.1.e.1,Speed of Closure,IM,1.88,8,0.2266,1.4309,2.3191,N,,07/2017,Analyst
51-3023.00,1.A.1.e.1,Speed of Closure,LV,0.88,8,0.2266,0.4309,1.3191,N,N,07/2017,Analyst
51-3023.00,1.A.1.e.2,Flexibility of Closure,IM,2.0,8,0.0,2.0,2.0,N,,07/2017,Analyst
51-3023.00,1.A.1.e.2,Flexibility of Closure,LV,1.5,8,0.189,1.1296,1.8704,N,N,07/2017,Analyst
51-3023.00,1.A.1.e.3,Perceptual Speed,IM,2.25,8,0.1637,1.9292,2.5708,N,,07/2017,Analyst
51-3023.00,1.A.1.e.3,Perceptual Speed,LV,2.0,8,0.189,1.6296,2.3704,N,N,07/2017,Analyst
51-3023.00,1.A.1.f.1,Spatial Orientation,IM,1.0,8,0.0,1.0,1.0,N,,07/2017,Analyst
51-3023.00,1.A.1.f.1,Spatial Orientation,LV,0.0,8,0.0,0.0,0.0,N,Y,07/2017,Analyst
51-3023.00,1.A.1.f.2,Visualization,IM,2.12,8,0.125,1.88,2.37,N,,07/2017,Analyst
51-3023.00,1.A.1.f.2,Visualization,LV,1.75,8,0.25,1.26,2.24,N,N,07/2017,Analyst
51-3023.00,1.A.1.g.1,Selective Attention,IM,2.62,8,0.183,2.2664,2.9836,N,,07/2017,Analyst
51-3023.00,1.A.1.g.1,Selective Attention,LV,2.5,8,0.189,2.1296,2.8704,N,N,07/2017,Analyst
51-3023.00,1.A.1.g.2,Time Sharing,IM,2.0,8,0.189,1.6296,2.3704,N,,07/2017,Analyst
51-3023.00,1.A.1.g.2,Time Sharing,LV,1.75,8,0.25,1.26,2.24,N,N,07/2017,Analyst
51-3023.00,1.A.2.a.1,Arm-Hand Steadiness,IM,3.75,8,0.1637,3.4292,4.0708,N,,07/2017,Analyst
51-3023.00,1.A.2.a.1,Arm-Hand Steadiness,LV,3.0,8,0.0,3.0,3.0,N,N,07/2017,Analyst
51-3023.00,1.A.2.a.2,Manual Dexterity,IM,3.25,8,0.1637,2.9292,3.5708,N,,07/2017,Analyst
51-3023.00,1.A.2.a.2,Manual Dexterity,LV,3.0,8,0.0,3.0,3.0,N,N,07/2017,Analyst
51-3023.00,1.A.2.a.3,Finger Dexterity,IM,3.38,8,0.183,3.0164,3.7336,N,,07/2017,Analyst
51-3023.00,1.A.2.a.3,Finger Dexterity,LV,3.0,8,0.0,3.0,3.0,N,N,07/2017,Analyst
51-3023.00,1.A.2.b.1,Control Precision,IM,3.12,8,0.125,2.88,3.37,N,,07/2017,Analyst
51-3023.00,1.A.2.b.1,Control Precision,LV,3.12,8,0.125,2.88,3.37,N,N,07/2017,Analyst
51-3023.00,1.A.2.b.2,Multilimb Coordination,IM,2.88,8,0.2266,2.4309,3.3191,N,,07/2017,Analyst
51-3023.00,1.A.2.b.2,Multilimb Coordination,LV,2.88,8,0.2266,2.4309,3.3191,N,N,07/2017,Analyst
51-3023.00,1.A.2.b.3,Response Orientation,IM,2.12,8,0.125,1.88,2.37,N,,07/2017,Analyst
51-3023.00,1.A.2.b.3,Response Orientation,LV,1.62,8,0.3239,0.9902,2.2598,N,N,07/2017,Analyst
51-3023.00,1.A.2.b.4,Rate Control,IM,2.25,8,0.25,1.76,2.74,N,,07/2017,Analyst
51-3023.00,1.A.2.b.4,Rate Control,LV,2.12,8,0.125,1.88,2.37,N,N,07/2017,Analyst
51-3023.00,1.A.2.c.1,Reaction Time,IM,2.75,8,0.25,2.26,3.24,N,,07/2017,Analyst
51-3023.00,1.A.2.c.1,Reaction Time,LV,3.0,8,0.189,2.6296,3.3704,N,N,07/2017,Analyst
51-3023.00,1.A.2.c.2,Wrist-Finger Speed,IM,2.38,8,0.183,2.0164,2.7336,N,,07/2017,Analyst
51-3023.00,1.A.2.c.2,Wrist-Finger Speed,LV,2.38,8,0.183,2.0164,2.7336,N,N,07/2017,Analyst
51-3023.00,1.A.2.c.3,Speed of Limb Movement,IM,2.0,8,0.189,1.6296,2.3704,N,,07/2017,Analyst
51-3023.00,1.A.2.c.3,Speed of Limb Movement,LV,1.25,8,0.3134,0.6358,1.8642,N,N,07/2017,Analyst
51-3023.00,1.A.3.a.1,Static Strength,IM,3.12,8,0.125,2.88,3.37,N,,07/2017,Analyst
51-3023.00,1.A.3.a.1,Static Strength,LV,3.12,8,0.125,2.88,3.37,N,N,07/2017,Analyst
51-3023.00,1.A.3.a.2,Explosive Strength,IM,2.0,8,0.189,1.6296,2.3704,N,,07/2017,Analyst
51-3023.00,1.A.3.a.2,Explosive Strength,LV,1.12,8,0.2266,0.6809,1.5691,N,N,07/2017,Analyst
51-3023.00,1.A.3.a.3,Dynamic Strength,IM,2.62,8,0.2631,2.1094,3.1406,N,,07/2017,Analyst
51-3023.00,1.A.3.a.3,Dynamic Strength,LV,2.12,8,0.2266,1.6809,2.5691,N,N,07/2017,Analyst
51-3023.00,1.A.3.a.4,Trunk Strength,IM,3.12,8,0.125,2.88,3.37,N,,07/2017,Analyst
51-3023.00,1.A.3.a.4,Trunk Strength,LV,3.0,8,0.0,3.0,3.0,N,N,07/2017,Analyst
51-3023.00,1.A.3.b.1,Stamina,IM,2.5,8,0.189,2.1296,2.8704,N,,07/2017,Analyst
51-3023.00,1.A.3.b.1,Stamina,LV,2.12,8,0.125,1.88,2.37,N,N,07/2017,Analyst
51-3023.00,1.A.3.c.1,Extent Flexibility,IM,2.88,8,0.125,2.63,3.12,N,,07/2017,Analyst
51-3023.00,1.A.3.c.1,Extent Flexibility,LV,2.75,8,0.1637,2.4292,3.0708,N,N,07/2017,Analyst
51-3023.00,1.A.3.c.2,Dynamic Flexibility,IM,1.5,8,0.189,1.1296,1.8704,N,,07/2017,Analyst
51-3023.00,1.A.3.c.2,Dynamic Flexibility,LV,0.62,8,0.2631,0.1094,1.1406,N,N,07/2017,Analyst
51-3023.00,1.A.3.c.3,Gross Body Coordination,IM,2.12,8,0.125,1.88,2.37,N,,07/2017,Analyst
51-3023.00,1.A.3.c.3,Gross Body Coordination,LV,1.88,8,0.125,1.63,2.12,N,N,07/2017,Analyst
51-3023.00,1.A.3.c.4,Gross Body Equilibrium,IM,2.12,8,0.125,1.88,2.37,N,,07/2017,Analyst
51-3023.00,1.A.3.c.4,Gross Body Equilibrium,LV,1.12,8,0.125,0.88,1.37,N,N,07/2017,Analyst
51-3023.00,1.A.4.a.1,Near Vision,IM,3.25,8,0.1637,2.9292,3.5708,N,,07/2017,Analyst
51-3023.00,1.A.4.a.1,Near Vision,LV,3.0,8,0.0,3.0,3.0,N,N,07/2017,Analyst
51-3023.00,1.A.4.a.2,Far Vision,IM,2.25,8,0.1637,1.9292,2.5708,N,,07/2017,Analyst
51-3023.00,1.A.4.a.2,Far Vision,LV,2.12,8,0.125,1.88,2.37,N,N,07/2017,Analyst
51-3023.00,1.A.4.a.3,Visual Color Discrimination,IM,2.0,8,0.0,2.0,2.0,N,,07/2017,Analyst
51-3023.00,1.A.4.a.3,Visual Color Discrimination,LV,1.38,8,0.183,1.0164,1.7336,N,N,07/2017,Analyst
51-3023.00,1.A.4.a.4,Night Vision,IM,1.0,8,0.0,1.0,1.0,N,,07/2017,Analyst
51-3023.00,1.A.4.a.4,Night Vision,LV,0.0,8,0.0,0.0,0.0,N,Y,07/2017,Analyst
51-3023.00,1.A.4.a.5,Peripheral Vision,IM,1.0,8,0.0,1.0,1.0,N,,07/2017,Analyst
51-3023.00,1.A.4.a.5,Peripheral Vision,LV,0.0,8,0.0,0.0,0.0,N,Y,07/2017,Analyst
51-3023.00,1.A.4.a.6,Depth Perception,IM,2.12,8,0.125,1.88,2.37,N,,07/2017,Analyst
51-3023.00,1.A.4.a.6,Depth Perception,LV,1.62,8,0.2631,1.1094,2.1406,N,N,07/2017,Analyst
51-3023.00,1.A.4.a.7,Glare Sensitivity,IM,1.38,8,0.183,1.0164,1.7336,N,,07/2017,Analyst
51-3023.00,1.A.4.a.7,Glare Sensitivity,LV,0.38,8,0.183,0.0164,0.7336,N,N,07/2017,Analyst
51-3023.00,1.A.4.b.1,Hearing Sensitivity,IM,2.12,8,0.125,1.88,2.37,N,,07/2017,Analyst
51-3023.00,1.A.4.b.1,Hearing Sensitivity,LV,1.5,8,0.189,1.1296,1.8704,N,N,07/2017,Analyst
51-3023.00,1.A.4.b.2,Auditory Attention,IM,2.25,8,0.1637,1.9292,2.5708,N,,07/2017,Analyst
51-3023.00,1.A.4.b.2,Auditory Attention,LV,2.62,8,0.2631,2.1094,3.1406,N,N,07/2017,Analyst
51-3023.00,1.A.4.b.3,Sound Localization,IM,1.0,8,0.0,1.0,1.0,N,,07/2017,Analyst
51-3023.00,1.A.4.b.3,Sound Localization,LV,0.0,8,0.0,0.0,0.0,N,Y,07/2017,Analyst
51-3023.00,1.A.4.b.4,Speech Recognition,IM,2.75,8,0.1637,2.4292,3.0708,N,,07/2017,Analyst
51-3023.00,1.A.4.b.4,Speech Recognition,LV,2.0,8,0.0,2.0,2.0,N,N,07/2017,Analyst
51-3023.00,1.A.4.b.5,Speech Clarity,IM,2.62,8,0.183,2.2664,2.9836,N,,07/2017,Analyst
51-3023.00,1.A.4.b.5,Speech Clarity,LV,1.88,8,0.125,1.63,2.12,N,N,07/2017,Analyst
51-3091.00,1.A.1.a.1,Oral Comprehension,IM,3.12,8,0.2266,2.6809,3.5691,N,,07/2017,Analyst
51-3091.00,1.A.1.a.1,Oral Comprehension,LV,3.12,8,0.125,2.88,3.37,N,N,07/2017,Analyst
51-3091.00,1.A.1.a.2,Written Comprehension,IM,2.75,8,0.1637,2.4292,3.0708,N,,07/2017,Analyst
51-3091.00,1.A.1.a.2,Written Comprehension,LV,2.88,8,0.125,2.63,3.12,N,N,07/2017,Analyst
51-3091.00,1.A.1.a.3,Oral Expression,IM,3.0,8,0.0,3.0,3.0,N,,07/2017,Analyst
51-3091.00,1.A.1.a.3,Oral Expression,LV,3.0,8,0.0,3.0,3.0,N,N,07/2017,Analyst
51-3091.00,1.A.1.a.4,Written Expression,IM,3.0,8,0.0,3.0,3.0,N,,07/2017,Analyst
51-3091.00,1.A.1.a.4,Written Expression,LV,2.88,8,0.125,2.63,3.12,N,N,07/2017,Analyst
51-3091.00,1.A.1.b.1,Fluency of Ideas,IM,2.12,8,0.125,1.88,2.37,N,,07/2017,Analyst
51-3091.00,1.A.1.b.1,Fluency of Ideas,LV,2.12,8,0.125,1.88,2.37,N,N,07/2017,Analyst
51-3091.00,1.A.1.b.2,Originality,IM,2.12,8,0.125,1.88,2.37,N,,07/2017,Analyst
51-3091.00,1.A.1.b.2,Originality,LV,2.12,8,0.125,1.88,2.37,N,N,07/2017,Analyst
51-3091.00,1.A.1.b.3,Problem Sensitivity,IM,3.25,8,0.1637,2.9292,3.5708,N,,07/2017,Analyst
51-3091.00,1.A.1.b.3,Problem Sensitivity,LV,3.12,8,0.125,2.88,3.37,N,N,07/2017,Analyst
51-3091.00,1.A.1.b.4,Deductive Reasoning,IM,2.88,8,0.125,2.63,3.12,N,,07/2017,Analyst
51-3091.00,1.A.1.b.4,Deductive Reasoning,LV,2.88,8,0.125,2.63,3.12,N,N,07/2017,Analyst
51-3091.00,1.A.1.b.5,Inductive Reasoning,IM,2.75,8,0.1637,2.4292,3.0708,N,,07/2017,Analyst
51-3091.00,1.A.1.b.5,Inductive Reasoning,LV,2.88,8,0.125,2.63,3.12,N,N,07/2017,Analyst
51-3091.00,1.A.1.b.6,Information Ordering,IM,3.12,8,0.2266,2.6809,3.5691,N,,07/2017,Analyst
51-3091.00,1.A.1.b.6,Information Ordering,LV,3.0,8,0.189,2.6296,3.3704,N,N,07/2017,Analyst
51-3091.00,1.A.1.b.7,Category Flexibility,IM,3.12,8,0.125,2.88,3.37,N,,07/2017,Analyst
51-3091.00,1.A.1.b.7,Category Flexibility,LV,3.12,8,0.125,2.88,3.37,N,N,07/2017,Analyst
51-3091.00,1.A.1.c.1,Mathematical Reasoning,IM,1.5,8,0.189,1.1296,1.8704,N,,07/2017,Analyst
51-3091.00,1.A.1.c.1,Mathematical Reasoning,LV,0.62,8,0.2631,0.1094,1.1406,N,N,07/2017,Analyst
51-3091.00,1.A.1.c.2,Number Facility,IM,1.88,8,0.125,1.63,2.12,N,,07/2017,Analyst
51-3091.00,1.A.1.c.2,Number Facility,LV,1.0,8,0.189,0.6296,1.3704,N,N,07/2017,Analyst
51-3091.00,1.A.1.d.1,Memorization,IM,2.0,8,0.0,2.0,2.0,N,,07/2017,Analyst
51-3091.00,1.A.1.d.1,Memorization,LV,2.12,8,0.125,1.88,2.37,N,N,07/2017,Analyst
51-3091.00,1.A.1.e.1,Speed of Closure,IM,2.12,8,0.125,1.88,2.37,N,,07/2017,Analyst
51-3091.00,1.A.1.e.1,Speed of Closure,LV,2.0,8,0.0,2.0,2.0,N,N,07/2017,Analyst
51-3091.00,1.A.1.e.2,Flexibility of Closure,IM,3.0,8,0.0,3.0,3.0,N,,07/2017,Analyst
51-3091.00,1.A.1.e.2,Flexibility of Closure,LV,2.88,8,0.125,2.63,3.12,N,N,07/2017,Analyst
51-3091.00,1.A.1.e.3,Perceptual Speed,IM,3.12,8,0.125,2.88,3.37,N,,07/2017,Analyst
51-3091.00,1.A.1.e.3,Perceptual Speed,LV,3.12,8,0.125,2.88,3.37,N,N,07/2017,Analyst
51-3091.00,1.A.1.f.1,Spatial Orientation,IM,1.38,8,0.183,1.0164,1.7336,N,,07/2017,Analyst
51-3091.00,1.A.1.f.1,Spatial Orientation,LV,0.5,8,0.2673,0.0,1.0238,N,N,07/2017,Analyst
51-3091.00,1.A.1.f.2,Visualization,IM,2.88,8,0.125,2.63,3.12,N,,07/2017,Analyst
51-3091.00,1.A.1.f.2,Visualization,LV,3.0,8,0.0,3.0,3.0,N,N,07/2017,Analyst
51-3091.00,1.A.1.g.1,Selective Attention,IM,3.12,8,0.125,2.88,3.37,N,,07/2017,Analyst
51-3091.00,1.A.1.g.1,Selective Attention,LV,3.12,8,0.125,2.88,3.37,N,N,07/2017,Analyst
51-3091.00,1.A.1.g.2,Time Sharing,IM,2.12,8,0.125,1.88,2.37,N,,07/2017,Analyst
51-3091.00,1.A.1.g.2,Time Sharing,LV,2.12,8,0.125,1.88,2.37,N,N,07/2017,Analyst
51-3091.00,1.A.2.a.1,Arm-Hand Steadiness,IM,3.12,8,0.125,2.88,3.37,N,,07/2017,Analyst
51-3091.00,1.A.2.a.1,Arm-Hand Steadiness,LV,3.12,8,0.125,2.88,3.37,N,N,07/2017,Analyst
51-3091.00,1.A.2.a.2,Manual Dexterity,IM,3.0,8,0.0,3.0,3.0,N,,07/2017,Analyst
51-3091.00,1.A.2.a.2,Manual Dexterity,LV,3.0,8,0.0,3.0,3.0,N,N,07/2017,Analyst
51-3091.00,1.A.2.a.3,Finger Dexterity,IM,3.0,8,0.0,3.0,3.0,N,,07/2017,Analyst
51-3091.00,1.A.2.a.3,Finger Dexterity,LV,3.0,8,0.0,3.0,3.0,N,N,07/2017,Analyst
51-3091.00,1.A.2.b.1,Control Precision,IM,3.12,8,0.125,2.88,3.37,N,,07/2017,Analyst
51-3091.00,1.A.2.b.1,Control Precision,LV,3.25,8,0.1637,2.9292,3.5708,N,N,07/2017,Analyst
51-3091.00,1.A.2.b.2,Multilimb Coordination,IM,3.0,8,0.0,3.0,3.0,N,,07/2017,Analyst
51-3091.00,1.A.2.b.2,Multilimb Coordination,LV,2.88,8,0.125,2.63,3.12,N,N,07/2017,Analyst
51-3091.00,1.A.2.b.3,Response Orientation,IM,2.12,8,0.125,1.88,2.37,N,,07/2017,Analyst
51-3091.00,1.A.2.b.3,Response Orientation,LV,2.0,8,0.189,1.6296,2.3704,N,N,07/2017,Analyst
51-3091.00,1.A.2.b.4,Rate Control,IM,3.0,8,0.0,3.0,3.0,N,,07/2017,Analyst
51-3091.00,1.A.2.b.4,Rate Control,LV,2.38,8,0.183,2.0164,2.7336,N,N,07/2017,Analyst
51-3091.00,1.A.2.c.1,Reaction Time,IM,2.75,8,0.1637,2.4292,3.0708,N,,07/2017,Analyst
51-3091.00,1.A.2.c.1,Reaction Time,LV,2.25,8,0.1637,1.9292,2.5708,N,N,07/2017,Analyst
51-3091.00,1.A.2.c.2,Wrist-Finger Speed,IM,2.12,8,0.125,1.88,2.37,N,,07/2017,Analyst
51-3091.00,1.A.2.c.2,Wrist-Finger Speed,LV,1.88,8,0.125,1.63,2.12,N,N,07/2017,Analyst
51-3091.00,1.A.2.c.3,Speed of Limb Movement,IM,1.88,8,0.125,1.63,2.12,N,,07/2017,Analyst
51-3091.00,1.A.2.c.3,Speed of Limb Movement,LV,1.75,8,0.25,1.26,2.24,N,N,07/2017,Analyst
51-3091.00,1.A.3.a.1,Static Strength,IM,2.38,8,0.183,2.0164,2.7336,N,,07/2017,Analyst
51-3091.00,1.A.3.a.1,Static Strength,LV,2.5,8,0.189,2.1296,2.8704,N,N,07/2017,Analyst
51-3091.00,1.A.3.a.2,Explosive Strength,IM,1.5,8,0.189,1.1296,1.8704,N,,07/2017,Analyst
51-3091.00,1.A.3.a.2,Explosive Strength,LV,0.88,8,0.3981,0.0947,1.6553,N,N,07/2017,Analyst
51-3091.00,1.A.3.a.3,Dynamic Strength,IM,2.0,8,0.0,2.0,2.0,N,,07/2017,Analyst
51-3091.00,1.A.3.a.3,Dynamic Strength,LV,2.0,8,0.0,2.0,2.0,N,N,07/2017,Analyst
51-3091.00,1.A.3.a.4,Trunk Strength,IM,3.0,8,0.0,3.0,3.0,N,,07/2017,Analyst
51-3091.00,1.A.3.a.4,Trunk Strength,LV,2.88,8,0.125,2.63,3.12,N,N,07/2017,Analyst
51-3091.00,1.A.3.b.1,Stamina,IM,2.62,8,0.183,2.2664,2.9836,N,,07/2017,Analyst
51-3091.00,1.A.3.b.1,Stamina,LV,2.12,8,0.125,1.88,2.37,N,N,07/2017,Analyst
51-3091.00,1.A.3.c.1,Extent Flexibility,IM,2.88,8,0.125,2.63,3.12,N,,07/2017,Analyst
51-3091.00,1.A.3.c.1,Extent Flexibility,LV,2.88,8,0.125,2.63,3.12,N,N,07/2017,Analyst
51-3091.00,1.A.3.c.2,Dynamic Flexibility,IM,1.0,8,0.0,1.0,1.0,N,,07/2017,Analyst
51-3091.00,1.A.3.c.2,Dynamic Flexibility,LV,0.0,8,0.0,0.0,0.0,N,Y,07/2017,Analyst
51-3091.00,1.A.3.c.3,Gross Body Coordination,IM,2.0,8,0.0,2.0,2.0,N,,07/2017,Analyst
51-3091.00,1.A.3.c.3,Gross Body Coordination,LV,2.0,8,0.0,2.0,2.0,N,N,07/2017,Analyst
51-3091.00,1.A.3.c.4,Gross Body Equilibrium,IM,2.0,8,0.0,2.0,2.0,N,,07/2017,Analyst
51-3091.00,1.A.3.c.4,Gross Body Equilibrium,LV,1.62,8,0.2631,1.1094,2.1406,N,N,07/2017,Analyst
51-3091.00,1.A.4.a.1,Near Vision,IM,3.75,8,0.1637,3.4292,4.0708,N,,07/2017,Analyst
51-3091.00,1.A.4.a.1,Near Vision,LV,3.75,8,0.1637,3.4292,4.0708,N,N,07/2017,Analyst
51-3091.00,1.A.4.a.2,Far Vision,IM,2.88,8,0.2266,2.4309,3.3191,N,,07/2017,Analyst
51-3091.00,1.A.4.a.2,Far Vision,LV,2.88,8,0.2266,2.4309,3.3191,N,N,07/2017,Analyst
51-3091.00,1.A.4.a.3,Visual Color Discrimination,IM,3.0,8,0.0,3.0,3.0,N,,07/2017,Analyst
51-3091.00,1.A.4.a.3,Visual Color Discrimination,LV,3.12,8,0.125,2.88,3.37,N,N,07/2017,Analyst
51-3091.00,1.A.4.a.4,Night Vision,IM,1.5,8,0.189,1.1296,1.8704,N,,07/2017,Analyst
51-3091.00,1.A.4.a.4,Night Vision,LV,0.62,8,0.2631,0.1094,1.1406,N,N,07/2017,Analyst
51-3091.00,1.A.4.a.5,Peripheral Vision,IM,1.5,8,0.189,1.1296,1.8704,N,,07/2017,Analyst
51-3091.00,1.A.4.a.5,Peripheral Vision,LV,0.62,8,0.2631,0.1094,1.1406,N,N,07/2017,Analyst
51-3091.00,1.A.4.a.6,Depth Perception,IM,2.0,8,0.0,2.0,2.0,N,,07/2017,Analyst
51-3091.00,1.A.4.a.6,Depth Perception,LV,2.0,8,0.0,2.0,2.0,N,N,07/2017,Analyst
51-3091.00,1.A.4.a.7,Glare Sensitivity,IM,1.5,8,0.189,1.1296,1.8704,N,,07/2017,Analyst
51-3091.00,1.A.4.a.7,Glare Sensitivity,LV,0.75,8,0.3134,0.1358,1.3642,N,N,07/2017,Analyst
51-3091.00,1.A.4.b.1,Hearing Sensitivity,IM,3.0,8,0.0,3.0,3.0,N,,07/2017,Analyst
51-3091.00,1.A.4.b.1,Hearing Sensitivity,LV,3.0,8,0.0,3.0,3.0,N,N,07/2017,Analyst
51-3091.00,1.A.4.b.2,Auditory Attention,IM,3.0,8,0.0,3.0,3.0,N,,07/2017,Analyst
51-3091.00,1.A.4.b.2,Auditory Attention,LV,3.25,8,0.1637,2.9292,3.5708,N,N,07/2017,Analyst
51-3091.00,1.A.4.b.3,Sound Localization,IM,1.75,8,0.1637,1.4292,2.0708,N,,07/2017,Analyst
51-3091.00,1.A.4.b.3,Sound Localization,LV,1.0,8,0.2673,0.4762,1.5238,N,N,07/2017,Analyst
51-3091.00,1.A.4.b.4,Speech Recognition,IM,3.12,8,0.125,2.88,3.37,N,,07/2017,Analyst
51-3091.00,1.A.4.b.4,Speech Recognition,LV,2.75,8,0.1637,2.4292,3.0708,N,N,07/2017,Analyst
51-3091.00,1.A.4.b.5,Speech Clarity,IM,3.0,8,0.0,3.0,3.0,N,,07/2017,Analyst
51-3091.00,1.A.4.b.5,Speech Clarity,LV,2.88,8,0.125,2.63,3.12,N,N,07/2017,Analyst
51-3092.00,1.A.1.a.1,Oral Comprehension,IM,3.25,8,0.1637,2.9292,3.5708,N,,08/2021,Analyst
51-3092.00,1.A.1.a.1,Oral Comprehension,LV,3.12,8,0.125,2.88,3.37,N,N,08/2021,Analyst
51-3092.00,1.A.1.a.2,Written Comprehension,IM,3.12,8,0.125,2.88,3.37,N,,08/2021,Analyst
51-3092.00,1.A.1.a.2,Written Comprehension,LV,3.0,8,0.0,3.0,3.0,N,N,08/2021,Analyst
51-3092.00,1.A.1.a.3,Oral Expression,IM,3.0,8,0.0,3.0,3.0,N,,08/2021,Analyst
51-3092.00,1.A.1.a.3,Oral Expression,LV,3.12,8,0.125,2.88,3.37,N,N,08/2021,Analyst
51-3092.00,1.A.1.a.4,Written Expression,IM,2.75,8,0.1637,2.4292,3.0708,N,,08/2021,Analyst
51-3092.00,1.A.1.a.4,Written Expression,LV,2.75,8,0.1637,2.4292,3.0708,N,N,08/2021,Analyst
51-3092.00,1.A.1.b.1,Fluency of Ideas,IM,2.25,8,0.1637,1.9292,2.5708,N,,08/2021,Analyst
51-3092.00,1.A.1.b.1,Fluency of Ideas,LV,2.12,8,0.125,1.88,2.37,N,N,08/2021,Analyst
51-3092.00,1.A.1.b.2,Originality,IM,2.0,8,0.0,2.0,2.0,N,,08/2021,Analyst
51-3092.00,1.A.1.b.2,Originality,LV,2.0,8,0.0,2.0,2.0,N,N,08/2021,Analyst
51-3092.00,1.A.1.b.3,Problem Sensitivity,IM,3.12,8,0.125,2.88,3.37,N,,08/2021,Analyst
51-3092.00,1.A.1.b.3,Problem Sensitivity,LV,3.0,8,0.189,2.6296,3.3704,N,N,08/2021,Analyst
51-3092.00,1.A.1.b.4,Deductive Reasoning,IM,2.88,8,0.125,2.63,3.12,N,,08/2021,Analyst
51-3092.00,1.A.1.b.4,Deductive Reasoning,LV,2.88,8,0.125,2.63,3.12,N,N,08/2021,Analyst
51-3092.00,1.A.1.b.5,Inductive Reasoning,IM,2.88,8,0.125,2.63,3.12,N,,08/2021,Analyst
51-3092.00,1.A.1.b.5,Inductive Reasoning,LV,2.88,8,0.125,2.63,3.12,N,N,08/2021,Analyst
51-3092.00,1.A.1.b.6,Information Ordering,IM,3.62,8,0.183,3.2664,3.9836,N,,08/2021,Analyst
51-3092.00,1.A.1.b.6,Information Ordering,LV,3.12,8,0.125,2.88,3.37,N,N,08/2021,Analyst
51-3092.00,1.A.1.b.7,Category Flexibility,IM,3.0,8,0.0,3.0,3.0,N,,08/2021,Analyst
51-3092.00,1.A.1.b.7,Category Flexibility,LV,3.0,8,0.0,3.0,3.0,N,N,08/2021,Analyst
51-3092.00,1.A.1.c.1,Mathematical Reasoning,IM,2.25,8,0.1637,1.9292,2.5708,N,,08/2021,Analyst
51-3092.00,1.A.1.c.1,Mathematical Reasoning,LV,2.12,8,0.125,1.88,2.37,N,N,08/2021,Analyst
51-3092.00,1.A.1.c.2,Number Facility,IM,2.38,8,0.183,2.0164,2.7336,N,,08/2021,Analyst
51-3092.00,1.A.1.c.2,Number Facility,LV,2.12,8,0.125,1.88,2.37,N,N,08/2021,Analyst
51-3092.00,1.A.1.d.1,Memorization,IM,2.12,8,0.125,1.88,2.37,N,,08/2021,Analyst
51-3092.00,1.A.1.d.1,Memorization,LV,2.0,8,0.0,2.0,2.0,N,N,08/2021,Analyst
51-3092.00,1.A.1.e.1,Speed of Closure,IM,2.12,8,0.125,1.88,2.37,N,,08/2021,Analyst
51-3092.00,1.A.1.e.1,Speed of Closure,LV,1.75,8,0.1637,1.4292,2.0708,N,N,08/2021,Analyst
51-3092.00,1.A.1.e.2,Flexibility of Closure,IM,2.75,8,0.1637,2.4292,3.0708,N,,08/2021,Analyst
51-3092.00,1.A.1.e.2,Flexibility of Closure,LV,2.62,8,0.183,2.2664,2.9836,N,N,08/2021,Analyst
51-3092.00,1.A.1.e.3,Perceptual Speed,IM,3.0,8,0.0,3.0,3.0,N,,08/2021,Analyst
51-3092.00,1.A.1.e.3,Perceptual Speed,LV,3.12,8,0.125,2.88,3.37,N,N,08/2021,Analyst
51-3092.00,1.A.1.f.1,Spatial Orientation,IM,2.0,8,0.0,2.0,2.0,N,,08/2021,Analyst
51-3092.00,1.A.1.f.1,Spatial Orientation,LV,1.25,8,0.1637,0.9292,1.5708,N,N,08/2021,Analyst
51-3092.00,1.A.1.f.2,Visualization,IM,2.38,8,0.183,2.0164,2.7336,N,,08/2021,Analyst
51-3092.00,1.A.1.f.2,Visualization,LV,2.25,8,0.1637,1.9292,2.5708,N,N,08/2021,Analyst
51-3092.00,1.A.1.g.1,Selective Attention,IM,3.0,8,0.0,3.0,3.0,N,,08/2021,Analyst
51-3092.00,1.A.1.g.1,Selective Attention,LV,3.0,8,0.0,3.0,3.0,N,N,08/2021,Analyst
51-3092.00,1.A.1.g.2,Time Sharing,IM,2.12,8,0.125,1.88,2.37,N,,08/2021,Analyst
51-3092.00,1.A.1.g.2,Time Sharing,LV,2.12,8,0.125,1.88,2.37,N,N,08/2021,Analyst
51-3092.00,1.A.2.a.1,Arm-Hand Steadiness,IM,2.88,8,0.125,2.63,3.12,N,,08/2021,Analyst
51-3092.00,1.A.2.a.1,Arm-Hand Steadiness,LV,2.38,8,0.183,2.0164,2.7336,N,N,08/2021,Analyst
51-3092.00,1.A.2.a.2,Manual Dexterity,IM,3.0,8,0.0,3.0,3.0,N,,08/2021,Analyst
51-3092.00,1.A.2.a.2,Manual Dexterity,LV,2.88,8,0.125,2.63,3.12,N,N,08/2021,Analyst
51-3092.00,1.A.2.a.3,Finger Dexterity,IM,2.88,8,0.125,2.63,3.12,N,,08/2021,Analyst
51-3092.00,1.A.2.a.3,Finger Dexterity,LV,2.12,8,0.125,1.88,2.37,N,N,08/2021,Analyst
51-3092.00,1.A.2.b.1,Control Precision,IM,3.12,8,0.125,2.88,3.37,N,,08/2021,Analyst
51-3092.00,1.A.2.b.1,Control Precision,LV,3.0,8,0.0,3.0,3.0,N,N,08/2021,Analyst
51-3092.00,1.A.2.b.2,Multilimb Coordination,IM,2.25,8,0.1637,1.9292,2.5708,N,,08/2021,Analyst
51-3092.00,1.A.2.b.2,Multilimb Coordination,LV,2.12,8,0.125,1.88,2.37,N,N,08/2021,Analyst
51-3092.00,1.A.2.b.3,Response Orientation,IM,2.12,8,0.125,1.88,2.37,N,,08/2021,Analyst
51-3092.00,1.A.2.b.3,Response Orientation,LV,1.88,8,0.125,1.63,2.12,N,N,08/2021,Analyst
51-3092.00,1.A.2.b.4,Rate Control,IM,2.12,8,0.125,1.88,2.37,N,,08/2021,Analyst
51-3092.00,1.A.2.b.4,Rate Control,LV,2.0,8,0.0,2.0,2.0,N,N,08/2021,Analyst
51-3092.00,1.A.2.c.1,Reaction Time,IM,2.5,8,0.189,2.1296,2.8704,N,,08/2021,Analyst
51-3092.00,1.A.2.c.1,Reaction Time,LV,2.88,8,0.125,2.63,3.12,N,N,08/2021,Analyst
51-3092.00,1.A.2.c.2,Wrist-Finger Speed,IM,2.0,8,0.0,2.0,2.0,N,,08/2021,Analyst
51-3092.00,1.A.2.c.2,Wrist-Finger Speed,LV,1.88,8,0.125,1.63,2.12,N,N,08/2021,Analyst
51-3092.00,1.A.2.c.3,Speed of Limb Movement,IM,1.75,8,0.1637,1.4292,2.0708,N,,08/2021,Analyst
51-3092.00,1.A.2.c.3,Speed of Limb Movement,LV,1.38,8,0.3239,0.7402,2.0098,N,N,08/2021,Analyst
51-3092.00,1.A.3.a.1,Static Strength,IM,2.38,8,0.183,2.0164,2.7336,N,,08/2021,Analyst
51-3092.00,1.A.3.a.1,Static Strength,LV,2.12,8,0.125,1.88,2.37,N,N,08/2021,Analyst
51-3092.00,1.A.3.a.2,Explosive Strength,IM,1.5,8,0.2673,1.0,2.0238,N,,08/2021,Analyst
51-3092.00,1.A.3.a.2,Explosive Strength,LV,0.88,8,0.4407,0.0113,1.7387,N,N,08/2021,Analyst
51-3092.00,1.A.3.a.3,Dynamic Strength,IM,1.88,8,0.125,1.63,2.12,N,,08/2021,Analyst
51-3092.00,1.A.3.a.3,Dynamic Strength,LV,1.62,8,0.2631,1.1094,2.1406,N,N,08/2021,Analyst
51-3092.00,1.A.3.a.4,Trunk Strength,IM,2.88,8,0.125,2.63,3.12,N,,08/2021,Analyst
51-3092.00,1.A.3.a.4,Trunk Strength,LV,2.88,8,0.125,2.63,3.12,N,N,08/2021,Analyst
51-3092.00,1.A.3.b.1,Stamina,IM,2.12,8,0.125,1.88,2.37,N,,08/2021,Analyst
51-3092.00,1.A.3.b.1,Stamina,LV,2.12,8,0.125,1.88,2.37,N,N,08/2021,Analyst
51-3092.00,1.A.3.c.1,Extent Flexibility,IM,2.88,8,0.125,2.63,3.12,N,,08/2021,Analyst
51-3092.00,1.A.3.c.1,Extent Flexibility,LV,2.75,8,0.1637,2.4292,3.0708,N,N,08/2021,Analyst
51-3092.00,1.A.3.c.2,Dynamic Flexibility,IM,1.0,8,0.0,1.0,1.0,N,,08/2021,Analyst
51-3092.00,1.A.3.c.2,Dynamic Flexibility,LV,0.0,8,0.0,0.0,0.0,N,Y,08/2021,Analyst
51-3092.00,1.A.3.c.3,Gross Body Coordination,IM,2.0,8,0.0,2.0,2.0,N,,08/2021,Analyst
51-3092.00,1.A.3.c.3,Gross Body Coordination,LV,1.88,8,0.125,1.63,2.12,N,N,08/2021,Analyst
51-3092.00,1.A.3.c.4,Gross Body Equilibrium,IM,1.88,8,0.125,1.63,2.12,N,,08/2021,Analyst
51-3092.00,1.A.3.c.4,Gross Body Equilibrium,LV,1.5,8,0.3273,0.8584,2.1416,N,N,08/2021,Analyst
51-3092.00,1.A.4.a.1,Near Vision,IM,3.62,8,0.183,3.2664,3.9836,N,,08/2021,Analyst
51-3092.00,1.A.4.a.1,Near Vision,LV,3.25,8,0.1637,2.9292,3.5708,N,N,08/2021,Analyst
51-3092.00,1.A.4.a.2,Far Vision,IM,2.25,8,0.1637,1.9292,2.5708,N,,08/2021,Analyst
51-3092.00,1.A.4.a.2,Far Vision,LV,1.75,8,0.1637,1.4292,2.0708,N,N,08/2021,Analyst
51-3092.00,1.A.4.a.3,Visual Color Discrimination,IM,2.38,8,0.183,2.0164,2.7336,N,,08/2021,Analyst
51-3092.00,1.A.4.a.3,Visual Color Discrimination,LV,2.0,8,0.0,2.0,2.0,N,N,08/2021,Analyst
51-3092.00,1.A.4.a.4,Night Vision,IM,1.62,8,0.183,1.2664,1.9836,N,,08/2021,Analyst
51-3092.00,1.A.4.a.4,Night Vision,LV,0.62,8,0.183,0.2664,0.9836,N,N,08/2021,Analyst
51-3092.00,1.A.4.a.5,Peripheral Vision,IM,1.38,8,0.183,1.0164,1.7336,N,,08/2021,Analyst
51-3092.00,1.A.4.a.5,Peripheral Vision,LV,0.38,8,0.183,0.0164,0.7336,N,N,08/2021,Analyst
51-3092.00,1.A.4.a.6,Depth Perception,IM,2.0,8,0.0,2.0,2.0,N,,08/2021,Analyst
51-3092.00,1.A.4.a.6,Depth Perception,LV,2.0,8,0.189,1.6296,2.3704,N,N,08/2021,Analyst
51-3092.00,1.A.4.a.7,Glare Sensitivity,IM,1.5,8,0.189,1.1296,1.8704,N,,08/2021,Analyst
51-3092.00,1.A.4.a.7,Glare Sensitivity,LV,0.5,8,0.189,0.1296,0.8704,N,N,08/2021,Analyst
51-3092.00,1.A.4.b.1,Hearing Sensitivity,IM,2.88,8,0.125,2.63,3.12,N,,08/2021,Analyst
51-3092.00,1.A.4.b.1,Hearing Sensitivity,LV,2.75,8,0.1637,2.4292,3.0708,N,N,08/2021,Analyst
51-3092.00,1.A.4.b.2,Auditory Attention,IM,3.0,8,0.0,3.0,3.0,N,,08/2021,Analyst
51-3092.00,1.A.4.b.2,Auditory Attention,LV,2.88,8,0.125,2.63,3.12,N,N,08/2021,Analyst
51-3092.00,1.A.4.b.3,Sound Localization,IM,2.0,8,0.0,2.0,2.0,N,,08/2021,Analyst
51-3092.00,1.A.4.b.3,Sound Localization,LV,1.12,8,0.125,0.88,1.37,N,N,08/2021,Analyst
51-3092.00,1.A.4.b.4,Speech Recognition,IM,3.0,8,0.0,3.0,3.0,N,,08/2021,Analyst
51-3092.00,1.A.4.b.4,Speech Recognition,LV,2.88,8,0.125,2.63,3.12,N,N,08/2021,Analyst
51-3092.00,1.A.4.b.5,Speech Clarity,IM,2.88,8,0.125,2.63,3.12,N,,08/2021,Analyst
51-3092.00,1.A.4.b.5,Speech Clarity,LV,2.75,8,0.1637,2.4292,3.0708,N,N,08/2021,Analyst
51-3093.00,1.A.1.a.1,Oral Comprehension,IM,3.38,8,0.183,3.0164,3.7336,N,,08/2021,Analyst
51-3093.00,1.A.1.a.1,Oral Comprehension,LV,3.0,8,0.0,3.0,3.0,N,N,08/2021,Analyst
51-3093.00,1.A.1.a.2,Written Comprehension,IM,3.38,8,0.183,3.0164,3.7336,N,,08/2021,Analyst
51-3093.00,1.A.1.a.2,Written Comprehension,LV,2.88,8,0.125,2.63,3.12,N,N,08/2021,Analyst
51-3093.00,1.A.1.a.3,Oral Expression,IM,2.88,8,0.125,2.63,3.12,N,,08/2021,Analyst
51-3093.00,1.A.1.a.3,Oral Expression,LV,2.88,8,0.125,2.63,3.12,N,N,08/2021,Analyst
51-3093.00,1.A.1.a.4,Written Expression,IM,2.75,8,0.1637,2.4292,3.0708,N,,08/2021,Analyst
51-3093.00,1.A.1.a.4,Written Expression,LV,2.5,8,0.189,2.1296,2.8704,N,N,08/2021,Analyst
51-3093.00,1.A.1.b.1,Fluency of Ideas,IM,2.0,8,0.0,2.0,2.0,N,,08/2021,Analyst
51-3093.00,1.A.1.b.1,Fluency of Ideas,LV,2.0,8,0.0,2.0,2.0,N,N,08/2021,Analyst
51-3093.00,1.A.1.b.2,Originality,IM,2.0,8,0.0,2.0,2.0,N,,08/2021,Analyst
51-3093.00,1.A.1.b.2,Originality,LV,1.5,8,0.2673,0.9762,2.0238,N,N,08/2021,Analyst
51-3093.00,1.A.1.b.3,Problem Sensitivity,IM,3.62,8,0.183,3.2664,3.9836,N,,08/2021,Analyst
51-3093.00,1.A.1.b.3,Problem Sensitivity,LV,3.0,8,0.0,3.0,3.0,N,N,08/2021,Analyst
51-3093.00,1.A.1.b.4,Deductive Reasoning,IM,2.88,8,0.125,2.63,3.12,N,,08/2021,Analyst
51-3093.00,1.A.1.b.4,Deductive Reasoning,LV,2.88,8,0.125,2.63,3.12,N,N,08/2021,Analyst
51-3093.00,1.A.1.b.5,Inductive Reasoning,IM,2.88,8,0.125,2.63,3.12,N,,08/2021,Analyst
51-3093.00,1.A.1.b.5,Inductive Reasoning,LV,2.75,8,0.1637,2.4292,3.0708,N,N,08/2021,Analyst
51-3093.00,1.A.1.b.6,Information Ordering,IM,3.12,8,0.125,2.88,3.37,N,,08/2021,Analyst
51-3093.00,1.A.1.b.6,Information Ordering,LV,3.12,8,0.125,2.88,3.37,N,N,08/2021,Analyst
51-3093.00,1.A.1.b.7,Category Flexibility,IM,2.75,8,0.1637,2.4292,3.0708,N,,08/2021,Analyst
51-3093.00,1.A.1.b.7,Category Flexibility,LV,2.88,8,0.125,2.63,3.12,N,N,08/2021,Analyst
51-3093.00,1.A.1.c.1,Mathematical Reasoning,IM,2.0,8,0.0,2.0,2.0,N,,08/2021,Analyst
51-3093.00,1.A.1.c.1,Mathematical Reasoning,LV,1.88,8,0.125,1.63,2.12,N,N,08/2021,Analyst
51-3093.00,1.A.1.c.2,Number Facility,IM,2.25,8,0.1637,1.9292,2.5708,N,,08/2021,Analyst
51-3093.00,1.A.1.c.2,Number Facility,LV,2.12,8,0.125,1.88,2.37,N,N,08/2021,Analyst
51-3093.00,1.A.1.d.1,Memorization,IM,2.0,8,0.0,2.0,2.0,N,,08/2021,Analyst
51-3093.00,1.A.1.d.1,Memorization,LV,1.88,8,0.125,1.63,2.12,N,N,08/2021,Analyst
51-3093.00,1.A.1.e.1,Speed of Closure,IM,2.0,8,0.0,2.0,2.0,N,,08/2021,Analyst
51-3093.00,1.A.1.e.1,Speed of Closure,LV,2.0,8,0.0,2.0,2.0,N,N,08/2021,Analyst
51-3093.00,1.A.1.e.2,Flexibility of Closure,IM,2.38,8,0.183,2.0164,2.7336,N,,08/2021,Analyst
51-3093.00,1.A.1.e.2,Flexibility of Closure,LV,2.25,8,0.1637,1.9292,2.5708,N,N,08/2021,Analyst
51-3093.00,1.A.1.e.3,Perceptual Speed,IM,2.75,8,0.1637,2.4292,3.0708,N,,08/2021,Analyst
51-3093.00,1.A.1.e.3,Perceptual Speed,LV,2.75,8,0.1637,2.4292,3.0708,N,N,08/2021,Analyst
51-3093.00,1.A.1.f.1,Spatial Orientation,IM,1.38,8,0.183,1.0164,1.7336,N,,08/2021,Analyst
51-3093.00,1.A.1.f.1,Spatial Orientation,LV,0.38,8,0.183,0.0164,0.7336,N,N,08/2021,Analyst
51-3093.00,1.A.1.f.2,Visualization,IM,2.25,8,0.1637,1.9292,2.5708,N,,08/2021,Analyst
51-3093.00,1.A.1.f.2,Visualization,LV,2.25,8,0.1637,1.9292,2.5708,N,N,08/2021,Analyst
51-3093.00,1.A.1.g.1,Selective Attention,IM,3.12,8,0.125,2.88,3.37,N,,08/2021,Analyst
51-3093.00,1.A.1.g.1,Selective Attention,LV,2.75,8,0.1637,2.4292,3.0708,N,N,08/2021,Analyst
51-3093.00,1.A.1.g.2,Time Sharing,IM,2.25,8,0.1637,1.9292,2.5708,N,,08/2021,Analyst
51-3093.00,1.A.1.g.2,Time Sharing,LV,2.12,8,0.125,1.88,2.37,N,N,08/2021,Analyst
51-3093.00,1.A.2.a.1,Arm-Hand Steadiness,IM,3.0,8,0.0,3.0,3.0,N,,08/2021,Analyst
51-3093.00,1.A.2.a.1,Arm-Hand Steadiness,LV,2.75,8,0.1637,2.4292,3.0708,N,N,08/2021,Analyst
51-3093.00,1.A.2.a.2,Manual Dexterity,IM,3.0,8,0.0,3.0,3.0,N,,08/2021,Analyst
51-3093.00,1.A.2.a.2,Manual Dexterity,LV,2.5,8,0.189,2.1296,2.8704,N,N,08/2021,Analyst
51-3093.00,1.A.2.a.3,Finger Dexterity,IM,3.0,8,0.0,3.0,3.0,N,,08/2021,Analyst
51-3093.00,1.A.2.a.3,Finger Dexterity,LV,2.25,8,0.1637,1.9292,2.5708,N,N,08/2021,Analyst
51-3093.00,1.A.2.b.1,Control Precision,IM,3.12,8,0.2266,2.6809,3.5691,N,,08/2021,Analyst
51-3093.00,1.A.2.b.1,Control Precision,LV,2.88,8,0.125,2.63,3.12,N,N,08/2021,Analyst
51-3093.00,1.A.2.b.2,Multilimb Coordination,IM,2.75,8,0.1637,2.4292,3.0708,N,,08/2021,Analyst
51-3093.00,1.A.2.b.2,Multilimb Coordination,LV,2.75,8,0.1637,2.4292,3.0708,N,N,08/2021,Analyst
51-3093.00,1.A.2.b.3,Response Orientation,IM,1.62,8,0.183,1.2664,1.9836,N,,08/2021,Analyst
51-3093.00,1.A.2.b.3,Response Orientation,LV,1.25,8,0.366,0.5327,1.9673,N,N,08/2021,Analyst
51-3093.00,1.A.2.b.4,Rate Control,IM,2.75,8,0.1637,2.4292,3.0708,N,,08/2021,Analyst
51-3093.00,1.A.2.b.4,Rate Control,LV,2.0,8,0.0,2.0,2.0,N,N,08/2021,Analyst
51-3093.00,1.A.2.c.1,Reaction Time,IM,3.0,8,0.189,2.6296,3.3704,N,,08/2021,Analyst
51-3093.00,1.A.2.c.1,Reaction Time,LV,3.12,8,0.125,2.88,3.37,N,N,08/2021,Analyst
51-3093.00,1.A.2.c.2,Wrist-Finger Speed,IM,2.0,8,0.0,2.0,2.0,N,,08/2021,Analyst
51-3093.00,1.A.2.c.2,Wrist-Finger Speed,LV,1.88,8,0.125,1.63,2.12,N,N,08/2021,Analyst
51-3093.00,1.A.2.c.3,Speed of Limb Movement,IM,1.88,8,0.125,1.63,2.12,N,,08/2021,Analyst
51-3093.00,1.A.2.c.3,Speed of Limb Movement,LV,1.62,8,0.2631,1.1094,2.1406,N,N,08/2021,Analyst
51-3093.00,1.A.3.a.1,Static Strength,IM,2.75,8,0.1637,2.4292,3.0708,N,,08/2021,Analyst
51-3093.00,1.A.3.a.1,Static Strength,LV,2.38,8,0.183,2.0164,2.7336,N,N,08/2021,Analyst
51-3093.00,1.A.3.a.2,Explosive Strength,IM,1.62,8,0.2631,1.1094,2.1406,N,,08/2021,Analyst
51-3093.00,1.A.3.a.2,Explosive Strength,LV,0.88,8,0.3981,0.0947,1.6553,N,N,08/2021,Analyst
51-3093.00,1.A.3.a.3,Dynamic Strength,IM,2.0,8,0.0,2.0,2.0,N,,08/2021,Analyst
51-3093.00,1.A.3.a.3,Dynamic Strength,LV,2.12,8,0.125,1.88,2.37,N,N,08/2021,Analyst
51-3093.00,1.A.3.a.4,Trunk Strength,IM,2.62,8,0.183,2.2664,2.9836,N,,08/2021,Analyst
51-3093.00,1.A.3.a.4,Trunk Strength,LV,2.25,8,0.1637,1.9292,2.5708,N,N,08/2021,Analyst
51-3093.00,1.A.3.b.1,Stamina,IM,2.25,8,0.1637,1.9292,2.5708,N,,08/2021,Analyst
51-3093.00,1.A.3.b.1,Stamina,LV,1.88,8,0.125,1.63,2.12,N,N,08/2021,Analyst
51-3093.00,1.A.3.c.1,Extent Flexibility,IM,2.5,8,0.189,2.1296,2.8704,N,,08/2021,Analyst
51-3093.00,1.A.3.c.1,Extent Flexibility,LV,2.5,8,0.189,2.1296,2.8704,N,N,08/2021,Analyst
51-3093.00,1.A.3.c.2,Dynamic Flexibility,IM,1.12,8,0.125,1.0,1.37,N,,08/2021,Analyst
51-3093.00,1.A.3.c.2,Dynamic Flexibility,LV,0.12,8,0.125,0.0,0.37,N,Y,08/2021,Analyst
51-3093.00,1.A.3.c.3,Gross Body Coordination,IM,2.0,8,0.0,2.0,2.0,N,,08/2021,Analyst
51-3093.00,1.A.3.c.3,Gross Body Coordination,LV,2.0,8,0.189,1.6296,2.3704,N,N,08/2021,Analyst
51-3093.00,1.A.3.c.4,Gross Body Equilibrium,IM,2.0,8,0.0,2.0,2.0,N,,08/2021,Analyst
51-3093.00,1.A.3.c.4,Gross Body Equilibrium,LV,1.62,8,0.2631,1.1094,2.1406,N,N,08/2021,Analyst
51-3093.00,1.A.4.a.1,Near Vision,IM,3.25,8,0.1637,2.9292,3.5708,N,,08/2021,Analyst
51-3093.00,1.A.4.a.1,Near Vision,LV,3.25,8,0.1637,2.9292,3.5708,N,N,08/2021,Analyst
51-3093.00,1.A.4.a.2,Far Vision,IM,2.38,8,0.183,2.0164,2.7336,N,,08/2021,Analyst
51-3093.00,1.A.4.a.2,Far Vision,LV,2.12,8,0.125,1.88,2.37,N,N,08/2021,Analyst
51-3093.00,1.A.4.a.3,Visual Color Discrimination,IM,2.62,8,0.183,2.2664,2.9836,N,,08/2021,Analyst
51-3093.00,1.A.4.a.3,Visual Color Discrimination,LV,2.12,8,0.125,1.88,2.37,N,N,08/2021,Analyst
51-3093.00,1.A.4.a.4,Night Vision,IM,1.38,8,0.183,1.0164,1.7336,N,,08/2021,Analyst
51-3093.00,1.A.4.a.4,Night Vision,LV,0.5,8,0.2673,0.0,1.0238,N,N,08/2021,Analyst
51-3093.00,1.A.4.a.5,Peripheral Vision,IM,1.38,8,0.183,1.0164,1.7336,N,,08/2021,Analyst
51-3093.00,1.A.4.a.5,Peripheral Vision,LV,0.38,8,0.183,0.0164,0.7336,N,N,08/2021,Analyst
51-3093.00,1.A.4.a.6,Depth Perception,IM,2.12,8,0.125,1.88,2.37,N,,08/2021,Analyst
51-3093.00,1.A.4.a.6,Depth Perception,LV,2.0,8,0.0,2.0,2.0,N,N,08/2021,Analyst
51-3093.00,1.A.4.a.7,Glare Sensitivity,IM,1.38,8,0.183,1.0164,1.7336,N,,08/2021,Analyst
51-3093.00,1.A.4.a.7,Glare Sensitivity,LV,0.38,8,0.183,0.0164,0.7336,N,N,08/2021,Analyst
51-3093.00,1.A.4.b.1,Hearing Sensitivity,IM,2.75,8,0.1637,2.4292,3.0708,N,,08/2021,Analyst
51-3093.00,1.A.4.b.1,Hearing Sensitivity,LV,2.12,8,0.125,1.88,2.37,N,N,08/2021,Analyst
51-3093.00,1.A.4.b.2,Auditory Attention,IM,2.62,8,0.183,2.2664,2.9836,N,,08/2021,Analyst
51-3093.00,1.A.4.b.2,Auditory Attention,LV,2.75,8,0.1637,2.4292,3.0708,N,N,08/2021,Analyst
51-3093.00,1.A.4.b.3,Sound Localization,IM,1.5,8,0.189,1.1296,1.8704,N,,08/2021,Analyst
51-3093.00,1.A.4.b.3,Sound Localization,LV,0.88,8,0.3504,0.1883,1.5617,N,N,08/2021,Analyst
51-3093.00,1.A.4.b.4,Speech Recognition,IM,2.88,8,0.125,2.63,3.12,N,,08/2021,Analyst
51-3093.00,1.A.4.b.4,Speech Recognition,LV,2.75,8,0.1637,2.4292,3.0708,N,N,08/2021,Analyst
51-3093.00,1.A.4.b.5,Speech Clarity,IM,2.88,8,0.125,2.63,3.12,N,,08/2021,Analyst
51-3093.00,1.A.4.b.5,Speech Clarity,LV,2.25,8,0.1637,1.9292,2.5708,N,N,08/2021,Analyst
51-4021.00,1.A.1.a.1,Oral Comprehension,IM,3.0,8,0.0,3.0,3.0,N,,07/2015,Analyst
51-4021.00,1.A.1.a.1,Oral Comprehension,LV,3.12,8,0.125,2.88,3.37,N,N,07/2015,Analyst
51-4021.00,1.A.1.a.2,Written Comprehension,IM,2.88,8,0.125,2.63,3.12,N,,07/2015,Analyst
51-4021.00,1.A.1.a.2,Written Comprehension,LV,2.88,8,0.125,2.63,3.12,N,N,07/2015,Analyst
51-4021.00,1.A.1.a.3,Oral Expression,IM,2.88,8,0.125,2.63,3.12,N,,07/2015,Analyst
51-4021.00,1.A.1.a.3,Oral Expression,LV,2.75,8,0.1637,2.4292,3.0708,N,N,07/2015,Analyst
51-4021.00,1.A.1.a.4,Written Expression,IM,2.12,8,0.125,1.88,2.37,N,,07/2015,Analyst
51-4021.00,1.A.1.a.4,Written Expression,LV,2.0,8,0.0,2.0,2.0,N,N,07/2015,Analyst
51-4021.00,1.A.1.b.1,Fluency of Ideas,IM,2.0,8,0.0,2.0,2.0,N,,07/2015,Analyst
51-4021.00,1.A.1.b.1,Fluency of Ideas,LV,2.0,8,0.0,2.0,2.0,N,N,07/2015,Analyst
51-4021.00,1.A.1.b.2,Originality,IM,2.25,8,0.1637,1.9292,2.5708,N,,07/2015,Analyst
51-4021.00,1.A.1.b.2,Originality,LV,2.0,8,0.0,2.0,2.0,N,N,07/2015,Analyst
51-4021.00,1.A.1.b.3,Problem Sensitivity,IM,3.38,8,0.183,3.0164,3.7336,N,,07/2015,Analyst
51-4021.00,1.A.1.b.3,Problem Sensitivity,LV,2.88,8,0.125,2.63,3.12,N,N,07/2015,Analyst
51-4021.00,1.A.1.b.4,Deductive Reasoning,IM,3.0,8,0.0,3.0,3.0,N,,07/2015,Analyst
51-4021.00,1.A.1.b.4,Deductive Reasoning,LV,3.0,8,0.0,3.0,3.0,N,N,07/2015,Analyst
51-4021.00,1.A.1.b.5,Inductive Reasoning,IM,2.88,8,0.125,2.63,3.12,N,,07/2015,Analyst
51-4021.00,1.A.1.b.5,Inductive Reasoning,LV,2.62,8,0.183,2.2664,2.9836,N,N,07/2015,Analyst
51-4021.00,1.A.1.b.6,Information Ordering,IM,3.12,8,0.125,2.88,3.37,N,,07/2015,Analyst
51-4021.00,1.A.1.b.6,Information Ordering,LV,3.0,8,0.0,3.0,3.0,N,N,07/2015,Analyst
51-4021.00,1.A.1.b.7,Category Flexibility,IM,2.88,8,0.125,2.63,3.12,N,,07/2015,Analyst
51-4021.00,1.A.1.b.7,Category Flexibility,LV,2.88,8,0.125,2.63,3.12,N,N,07/2015,Analyst
51-4021.00,1.A.1.c.1,Mathematical Reasoning,IM,2.12,8,0.125,1.88,2.37,N,,07/2015,Analyst
51-4021.00,1.A.1.c.1,Mathematical Reasoning,LV,1.88,8,0.125,1.63,2.12,N,N,07/2015,Analyst
51-4021.00,1.A.1.c.2,Number Facility,IM,2.5,8,0.189,2.1296,2.8704,N,,07/2015,Analyst
51-4021.00,1.A.1.c.2,Number Facility,LV,2.0,8,0.0,2.0,2.0,N,N,07/2015,Analyst
51-4021.00,1.A.1.d.1,Memorization,IM,2.0,8,0.0,2.0,2.0,N,,07/2015,Analyst
51-4021.00,1.A.1.d.1,Memorization,LV,2.0,8,0.0,2.0,2.0,N,N,07/2015,Analyst
51-4021.00,1.A.1.e.1,Speed of Closure,IM,2.38,8,0.183,2.0164,2.7336,N,,07/2015,Analyst
51-4021.00,1.A.1.e.1,Speed of Closure,LV,1.88,8,0.125,1.63,2.12,N,N,07/2015,Analyst
51-4021.00,1.A.1.e.2,Flexibility of Closure,IM,3.12,8,0.125,2.88,3.37,N,,07/2015,Analyst
51-4021.00,1.A.1.e.2,Flexibility of Closure,LV,2.88,8,0.125,2.63,3.12,N,N,07/2015,Analyst
51-4021.00,1.A.1.e.3,Perceptual Speed,IM,3.0,8,0.0,3.0,3.0,N,,07/2015,Analyst
51-4021.00,1.A.1.e.3,Perceptual Speed,LV,3.0,8,0.0,3.0,3.0,N,N,07/2015,Analyst
51-4021.00,1.A.1.f.1,Spatial Orientation,IM,1.88,8,0.125,1.63,2.12,N,,07/2015,Analyst
51-4021.00,1.A.1.f.1,Spatial Orientation,LV,1.5,8,0.2673,0.9762,2.0238,N,N,07/2015,Analyst
51-4021.00,1.A.1.f.2,Visualization,IM,3.0,8,0.0,3.0,3.0,N,,07/2015,Analyst
51-4021.00,1.A.1.f.2,Visualization,LV,3.12,8,0.125,2.88,3.37,N,N,07/2015,Analyst
51-4021.00,1.A.1.g.1,Selective Attention,IM,3.0,8,0.0,3.0,3.0,N,,07/2015,Analyst
51-4021.00,1.A.1.g.1,Selective Attention,LV,3.12,8,0.125,2.88,3.37,N,N,07/2015,Analyst
51-4021.00,1.A.1.g.2,Time Sharing,IM,2.5,8,0.189,2.1296,2.8704,N,,07/2015,Analyst
51-4021.00,1.A.1.g.2,Time Sharing,LV,2.38,8,0.183,2.0164,2.7336,N,N,07/2015,Analyst
51-4021.00,1.A.2.a.1,Arm-Hand Steadiness,IM,3.12,8,0.125,2.88,3.37,N,,07/2015,Analyst
51-4021.00,1.A.2.a.1,Arm-Hand Steadiness,LV,3.0,8,0.0,3.0,3.0,N,N,07/2015,Analyst
51-4021.00,1.A.2.a.2,Manual Dexterity,IM,3.62,8,0.183,3.2664,3.9836,N,,07/2015,Analyst
51-4021.00,1.A.2.a.2,Manual Dexterity,LV,3.0,8,0.0,3.0,3.0,N,N,07/2015,Analyst
51-4021.00,1.A.2.a.3,Finger Dexterity,IM,3.0,8,0.0,3.0,3.0,N,,07/2015,Analyst
51-4021.00,1.A.2.a.3,Finger Dexterity,LV,3.25,8,0.1637,2.9292,3.5708,N,N,07/2015,Analyst
51-4021.00,1.A.2.b.1,Control Precision,IM,3.75,8,0.1637,3.4292,4.0708,N,,07/2015,Analyst
51-4021.00,1.A.2.b.1,Control Precision,LV,3.5,8,0.189,3.1296,3.8704,N,N,07/2015,Analyst
51-4021.00,1.A.2.b.2,Multilimb Coordination,IM,3.62,8,0.183,3.2664,3.9836,N,,07/2015,Analyst
51-4021.00,1.A.2.b.2,Multilimb Coordination,LV,3.25,8,0.1637,2.9292,3.5708,N,N,07/2015,Analyst
51-4021.00,1.A.2.b.3,Response Orientation,IM,2.88,8,0.125,2.63,3.12,N,,07/2015,Analyst
51-4021.00,1.A.2.b.3,Response Orientation,LV,3.0,8,0.0,3.0,3.0,N,N,07/2015,Analyst
51-4021.00,1.A.2.b.4,Rate Control,IM,3.38,8,0.183,3.0164,3.7336,N,,07/2015,Analyst
51-4021.00,1.A.2.b.4,Rate Control,LV,3.12,8,0.125,2.88,3.37,N,N,07/2015,Analyst
51-4021.00,1.A.2.c.1,Reaction Time,IM,3.62,8,0.183,3.2664,3.9836,N,,07/2015,Analyst
51-4021.00,1.A.2.c.1,Reaction Time,LV,3.5,8,0.189,3.1296,3.8704,N,N,07/2015,Analyst
51-4021.00,1.A.2.c.2,Wrist-Finger Speed,IM,2.62,8,0.183,2.2664,2.9836,N,,07/2015,Analyst
51-4021.00,1.A.2.c.2,Wrist-Finger Speed,LV,2.38,8,0.183,2.0164,2.7336,N,N,07/2015,Analyst
51-4021.00,1.A.2.c.3,Speed of Limb Movement,IM,2.38,8,0.183,2.0164,2.7336,N,,07/2015,Analyst
51-4021.00,1.A.2.c.3,Speed of Limb Movement,LV,2.12,8,0.2266,1.6809,2.5691,N,N,07/2015,Analyst
51-4021.00,1.A.3.a.1,Static Strength,IM,3.12,8,0.125,2.88,3.37,N,,07/2015,Analyst
51-4021.00,1.A.3.a.1,Static Strength,LV,3.12,8,0.125,2.88,3.37,N,N,07/2015,Analyst
51-4021.00,1.A.3.a.2,Explosive Strength,IM,2.0,8,0.189,1.6296,2.3704,N,,07/2015,Analyst
51-4021.00,1.A.3.a.2,Explosive Strength,LV,1.38,8,0.3239,0.7402,2.0098,N,N,07/2015,Analyst
51-4021.00,1.A.3.a.3,Dynamic Strength,IM,2.62,8,0.2631,2.1094,3.1406,N,,07/2015,Analyst
51-4021.00,1.A.3.a.3,Dynamic Strength,LV,2.62,8,0.183,2.2664,2.9836,N,N,07/2015,Analyst
51-4021.00,1.A.3.a.4,Trunk Strength,IM,3.25,8,0.1637,2.9292,3.5708,N,,07/2015,Analyst
51-4021.00,1.A.3.a.4,Trunk Strength,LV,3.12,8,0.125,2.88,3.37,N,N,07/2015,Analyst
51-4021.00,1.A.3.b.1,Stamina,IM,3.0,8,0.0,3.0,3.0,N,,07/2015,Analyst
51-4021.00,1.A.3.b.1,Stamina,LV,2.62,8,0.183,2.2664,2.9836,N,N,07/2015,Analyst
51-4021.00,1.A.3.c.1,Extent Flexibility,IM,2.88,8,0.125,2.63,3.12,N,,07/2015,Analyst
51-4021.00,1.A.3.c.1,Extent Flexibility,LV,3.0,8,0.0,3.0,3.0,N,N,07/2015,Analyst
51-4021.00,1.A.3.c.2,Dynamic Flexibility,IM,1.5,8,0.189,1.1296,1.8704,N,,07/2015,Analyst
51-4021.00,1.A.3.c.2,Dynamic Flexibility,LV,0.5,8,0.189,0.1296,0.8704,N,N,07/2015,Analyst
51-4021.00,1.A.3.c.3,Gross Body Coordination,IM,2.62,8,0.183,2.2664,2.9836,N,,07/2015,Analyst
51-4021.00,1.A.3.c.3,Gross Body Coordination,LV,2.38,8,0.183,2.0164,2.7336,N,N,07/2015,Analyst
51-4021.00,1.A.3.c.4,Gross Body Equilibrium,IM,2.38,8,0.183,2.0164,2.7336,N,,07/2015,Analyst
51-4021.00,1.A.3.c.4,Gross Body Equilibrium,LV,2.0,8,0.0,2.0,2.0,N,N,07/2015,Analyst
51-4021.00,1.A.4.a.1,Near Vision,IM,3.38,8,0.183,3.0164,3.7336,N,,07/2015,Analyst
51-4021.00,1.A.4.a.1,Near Vision,LV,3.12,8,0.125,2.88,3.37,N,N,07/2015,Analyst
51-4021.00,1.A.4.a.2,Far Vision,IM,3.0,8,0.0,3.0,3.0,N,,07/2015,Analyst
51-4021.00,1.A.4.a.2,Far Vision,LV,3.0,8,0.0,3.0,3.0,N,N,07/2015,Analyst
51-4021.00,1.A.4.a.3,Visual Color Discrimination,IM,3.0,8,0.0,3.0,3.0,N,,07/2015,Analyst
51-4021.00,1.A.4.a.3,Visual Color Discrimination,LV,3.0,8,0.0,3.0,3.0,N,N,07/2015,Analyst
51-4021.00,1.A.4.a.4,Night Vision,IM,1.75,8,0.1637,1.4292,2.0708,N,,07/2015,Analyst
51-4021.00,1.A.4.a.4,Night Vision,LV,1.5,8,0.3273,0.8584,2.1416,N,N,07/2015,Analyst
51-4021.00,1.A.4.a.5,Peripheral Vision,IM,2.0,8,0.0,2.0,2.0,N,,07/2015,Analyst
51-4021.00,1.A.4.a.5,Peripheral Vision,LV,1.75,8,0.1637,1.4292,2.0708,N,N,07/2015,Analyst
51-4021.00,1.A.4.a.6,Depth Perception,IM,2.88,8,0.125,2.63,3.12,N,,07/2015,Analyst
51-4021.00,1.A.4.a.6,Depth Perception,LV,2.88,8,0.125,2.63,3.12,N,N,07/2015,Analyst
51-4021.00,1.A.4.a.7,Glare Sensitivity,IM,1.75,8,0.1637,1.4292,2.0708,N,,07/2015,Analyst
51-4021.00,1.A.4.a.7,Glare Sensitivity,LV,1.5,8,0.3273,0.8584,2.1416,N,N,07/2015,Analyst
51-4021.00,1.A.4.b.1,Hearing Sensitivity,IM,2.38,8,0.2631,1.8594,2.8906,N,,07/2015,Analyst
51-4021.00,1.A.4.b.1,Hearing Sensitivity,LV,2.12,8,0.3504,1.4383,2.8117,N,N,07/2015,Analyst
51-4021.00,1.A.4.b.2,Auditory Attention,IM,3.0,8,0.0,3.0,3.0,N,,07/2015,Analyst
51-4021.00,1.A.4.b.2,Auditory Attention,LV,3.25,8,0.1637,2.9292,3.5708,N,N,07/2015,Analyst
51-4021.00,1.A.4.b.3,Sound Localization,IM,1.88,8,0.125,1.63,2.12,N,,07/2015,Analyst
51-4021.00,1.A.4.b.3,Sound Localization,LV,1.38,8,0.2631,0.8594,1.8906,N,N,07/2015,Analyst
51-4021.00,1.A.4.b.4,Speech Recognition,IM,3.0,8,0.0,3.0,3.0,N,,07/2015,Analyst
51-4021.00,1.A.4.b.4,Speech Recognition,LV,2.5,8,0.189,2.1296,2.8704,N,N,07/2015,Analyst
51-4021.00,1.A.4.b.5,Speech Clarity,IM,3.0,8,0.0,3.0,3.0,N,,07/2015,Analyst
51-4021.00,1.A.4.b.5,Speech Clarity,LV,2.62,8,0.183,2.2664,2.9836,N,N,07/2015,Analyst
51-4022.00,1.A.1.a.1,Oral Comprehension,IM,3.38,8,0.183,3.0164,3.7336,N,,07/2016,Analyst
51-4022.00,1.A.1.a.1,Oral Comprehension,LV,3.12,8,0.125,2.88,3.37,N,N,07/2016,Analyst
51-4022.00,1.A.1.a.2,Written Comprehension,IM,3.25,8,0.1637,2.9292,3.5708,N,,07/2016,Analyst
51-4022.00,1.A.1.a.2,Written Comprehension,LV,3.0,8,0.0,3.0,3.0,N,N,07/2016,Analyst
51-4022.00,1.A.1.a.3,Oral Expression,IM,3.25,8,0.1637,2.9292,3.5708,N,,07/2016,Analyst
51-4022.00,1.A.1.a.3,Oral Expression,LV,3.0,8,0.0,3.0,3.0,N,N,07/2016,Analyst
51-4022.00,1.A.1.a.4,Written Expression,IM,2.88,8,0.125,2.63,3.12,N,,07/2016,Analyst
51-4022.00,1.A.1.a.4,Written Expression,LV,2.75,8,0.1637,2.4292,3.0708,N,N,07/2016,Analyst
51-4022.00,1.A.1.b.1,Fluency of Ideas,IM,2.25,8,0.1637,1.9292,2.5708,N,,07/2016,Analyst
51-4022.00,1.A.1.b.1,Fluency of Ideas,LV,2.12,8,0.125,1.88,2.37,N,N,07/2016,Analyst
51-4022.00,1.A.1.b.2,Originality,IM,2.25,8,0.1637,1.9292,2.5708,N,,07/2016,Analyst
51-4022.00,1.A.1.b.2,Originality,LV,2.12,8,0.125,1.88,2.37,N,N,07/2016,Analyst
51-4022.00,1.A.1.b.3,Problem Sensitivity,IM,3.25,8,0.1637,2.9292,3.5708,N,,07/2016,Analyst
51-4022.00,1.A.1.b.3,Problem Sensitivity,LV,3.0,8,0.189,2.6296,3.3704,N,N,07/2016,Analyst
51-4022.00,1.A.1.b.4,Deductive Reasoning,IM,3.0,8,0.189,2.6296,3.3704,N,,07/2016,Analyst
51-4022.00,1.A.1.b.4,Deductive Reasoning,LV,3.0,8,0.0,3.0,3.0,N,N,07/2016,Analyst
51-4022.00,1.A.1.b.5,Inductive Reasoning,IM,3.0,8,0.189,2.6296,3.3704,N,,07/2016,Analyst
51-4022.00,1.A.1.b.5,Inductive Reasoning,LV,3.0,8,0.0,3.0,3.0,N,N,07/2016,Analyst
51-4022.00,1.A.1.b.6,Information Ordering,IM,3.25,8,0.1637,2.9292,3.5708,N,,07/2016,Analyst
51-4022.00,1.A.1.b.6,Information Ordering,LV,3.0,8,0.0,3.0,3.0,N,N,07/2016,Analyst
51-4022.00,1.A.1.b.7,Category Flexibility,IM,2.75,8,0.1637,2.4292,3.0708,N,,07/2016,Analyst
51-4022.00,1.A.1.b.7,Category Flexibility,LV,3.0,8,0.0,3.0,3.0,N,N,07/2016,Analyst
51-4022.00,1.A.1.c.1,Mathematical Reasoning,IM,2.12,8,0.125,1.88,2.37,N,,07/2016,Analyst
51-4022.00,1.A.1.c.1,Mathematical Reasoning,LV,1.88,8,0.125,1.63,2.12,N,N,07/2016,Analyst
51-4022.00,1.A.1.c.2,Number Facility,IM,2.12,8,0.125,1.88,2.37,N,,07/2016,Analyst
51-4022.00,1.A.1.c.2,Number Facility,LV,2.0,8,0.0,2.0,2.0,N,N,07/2016,Analyst
51-4022.00,1.A.1.d.1,Memorization,IM,2.0,8,0.0,2.0,2.0,N,,07/2016,Analyst
51-4022.00,1.A.1.d.1,Memorization,LV,1.75,8,0.1637,1.4292,2.0708,N,N,07/2016,Analyst
51-4022.00,1.A.1.e.1,Speed of Closure,IM,2.12,8,0.125,1.88,2.37,N,,07/2016,Analyst
51-4022.00,1.A.1.e.1,Speed of Closure,LV,2.0,8,0.0,2.0,2.0,N,N,07/2016,Analyst
51-4022.00,1.A.1.e.2,Flexibility of Closure,IM,2.75,8,0.1637,2.4292,3.0708,N,,07/2016,Analyst
51-4022.00,1.A.1.e.2,Flexibility of Closure,LV,2.75,8,0.1637,2.4292,3.0708,N,N,07/2016,Analyst
51-4022.00,1.A.1.e.3,Perceptual Speed,IM,3.0,8,0.189,2.6296,3.3704,N,,07/2016,Analyst
51-4022.00,1.A.1.e.3,Perceptual Speed,LV,3.12,8,0.125,2.88,3.37,N,N,07/2016,Analyst
51-4022.00,1.A.1.f.1,Spatial Orientation,IM,2.0,8,0.0,2.0,2.0,N,,07/2016,Analyst
51-4022.00,1.A.1.f.1,Spatial Orientation,LV,1.25,8,0.1637,0.9292,1.5708,N,N,07/2016,Analyst
51-4022.00,1.A.1.f.2,Visualization,IM,3.0,8,0.0,3.0,3.0,N,,07/2016,Analyst
51-4022.00,1.A.1.f.2,Visualization,LV,3.12,8,0.125,2.88,3.37,N,N,07/2016,Analyst
51-4022.00,1.A.1.g.1,Selective Attention,IM,3.0,8,0.0,3.0,3.0,N,,07/2016,Analyst
51-4022.00,1.A.1.g.1,Selective Attention,LV,3.0,8,0.0,3.0,3.0,N,N,07/2016,Analyst
51-4022.00,1.A.1.g.2,Time Sharing,IM,2.25,8,0.1637,1.9292,2.5708,N,,07/2016,Analyst
51-4022.00,1.A.1.g.2,Time Sharing,LV,2.0,8,0.0,2.0,2.0,N,N,07/2016,Analyst
51-4022.00,1.A.2.a.1,Arm-Hand Steadiness,IM,3.25,8,0.1637,2.9292,3.5708,N,,07/2016,Analyst
51-4022.00,1.A.2.a.1,Arm-Hand Steadiness,LV,3.12,8,0.125,2.88,3.37,N,N,07/2016,Analyst
51-4022.00,1.A.2.a.2,Manual Dexterity,IM,3.0,8,0.0,3.0,3.0,N,,07/2016,Analyst
51-4022.00,1.A.2.a.2,Manual Dexterity,LV,3.12,8,0.125,2.88,3.37,N,N,07/2016,Analyst
51-4022.00,1.A.2.a.3,Finger Dexterity,IM,3.0,8,0.0,3.0,3.0,N,,07/2016,Analyst
51-4022.00,1.A.2.a.3,Finger Dexterity,LV,3.12,8,0.125,2.88,3.37,N,N,07/2016,Analyst
51-4022.00,1.A.2.b.1,Control Precision,IM,3.25,8,0.1637,2.9292,3.5708,N,,07/2016,Analyst
51-4022.00,1.A.2.b.1,Control Precision,LV,3.5,8,0.189,3.1296,3.8704,N,N,07/2016,Analyst
51-4022.00,1.A.2.b.2,Multilimb Coordination,IM,3.0,8,0.189,2.6296,3.3704,N,,07/2016,Analyst
51-4022.00,1.A.2.b.2,Multilimb Coordination,LV,3.0,8,0.189,2.6296,3.3704,N,N,07/2016,Analyst
51-4022.00,1.A.2.b.3,Response Orientation,IM,2.25,8,0.1637,1.9292,2.5708,N,,07/2016,Analyst
51-4022.00,1.A.2.b.3,Response Orientation,LV,2.5,8,0.189,2.1296,2.8704,N,N,07/2016,Analyst
51-4022.00,1.A.2.b.4,Rate Control,IM,3.0,8,0.0,3.0,3.0,N,,07/2016,Analyst
51-4022.00,1.A.2.b.4,Rate Control,LV,2.88,8,0.125,2.63,3.12,N,N,07/2016,Analyst
51-4022.00,1.A.2.c.1,Reaction Time,IM,3.12,8,0.125,2.88,3.37,N,,07/2016,Analyst
51-4022.00,1.A.2.c.1,Reaction Time,LV,3.12,8,0.125,2.88,3.37,N,N,07/2016,Analyst
51-4022.00,1.A.2.c.2,Wrist-Finger Speed,IM,2.38,8,0.183,2.0164,2.7336,N,,07/2016,Analyst
51-4022.00,1.A.2.c.2,Wrist-Finger Speed,LV,2.12,8,0.125,1.88,2.37,N,N,07/2016,Analyst
51-4022.00,1.A.2.c.3,Speed of Limb Movement,IM,2.0,8,0.189,1.6296,2.3704,N,,07/2016,Analyst
51-4022.00,1.A.2.c.3,Speed of Limb Movement,LV,1.75,8,0.25,1.26,2.24,N,N,07/2016,Analyst
51-4022.00,1.A.3.a.1,Static Strength,IM,2.62,8,0.183,2.2664,2.9836,N,,07/2016,Analyst
51-4022.00,1.A.3.a.1,Static Strength,LV,2.38,8,0.183,2.0164,2.7336,N,N,07/2016,Analyst
51-4022.00,1.A.3.a.2,Explosive Strength,IM,1.75,8,0.3134,1.1358,2.3642,N,,07/2016,Analyst
51-4022.00,1.A.3.a.2,Explosive Strength,LV,1.12,8,0.4407,0.2613,1.9887,N,N,07/2016,Analyst
51-4022.00,1.A.3.a.3,Dynamic Strength,IM,2.12,8,0.125,1.88,2.37,N,,07/2016,Analyst
51-4022.00,1.A.3.a.3,Dynamic Strength,LV,2.12,8,0.125,1.88,2.37,N,N,07/2016,Analyst
51-4022.00,1.A.3.a.4,Trunk Strength,IM,2.75,8,0.1637,2.4292,3.0708,N,,07/2016,Analyst
51-4022.00,1.A.3.a.4,Trunk Strength,LV,3.0,8,0.189,2.6296,3.3704,N,N,07/2016,Analyst
51-4022.00,1.A.3.b.1,Stamina,IM,2.12,8,0.125,1.88,2.37,N,,07/2016,Analyst
51-4022.00,1.A.3.b.1,Stamina,LV,2.0,8,0.2673,1.4762,2.5238,N,N,07/2016,Analyst
51-4022.00,1.A.3.c.1,Extent Flexibility,IM,2.38,8,0.183,2.0164,2.7336,N,,07/2016,Analyst
51-4022.00,1.A.3.c.1,Extent Flexibility,LV,2.38,8,0.2631,1.8594,2.8906,N,N,07/2016,Analyst
51-4022.00,1.A.3.c.2,Dynamic Flexibility,IM,1.12,8,0.125,1.0,1.37,N,,07/2016,Analyst
51-4022.00,1.A.3.c.2,Dynamic Flexibility,LV,0.25,8,0.25,0.0,0.74,N,Y,07/2016,Analyst
51-4022.00,1.A.3.c.3,Gross Body Coordination,IM,2.0,8,0.0,2.0,2.0,N,,07/2016,Analyst
51-4022.00,1.A.3.c.3,Gross Body Coordination,LV,2.0,8,0.0,2.0,2.0,N,N,07/2016,Analyst
51-4022.00,1.A.3.c.4,Gross Body Equilibrium,IM,2.0,8,0.0,2.0,2.0,N,,07/2016,Analyst
51-4022.00,1.A.3.c.4,Gross Body Equilibrium,LV,1.5,8,0.189,1.1296,1.8704,N,N,07/2016,Analyst
51-4022.00,1.A.4.a.1,Near Vision,IM,3.5,8,0.189,3.1296,3.8704,N,,07/2016,Analyst
51-4022.00,1.A.4.a.1,Near Vision,LV,3.38,8,0.183,3.0164,3.7336,N,N,07/2016,Analyst
51-4022.00,1.A.4.a.2,Far Vision,IM,2.5,8,0.189,2.1296,2.8704,N,,07/2016,Analyst
51-4022.00,1.A.4.a.2,Far Vision,LV,2.38,8,0.183,2.0164,2.7336,N,N,07/2016,Analyst
51-4022.00,1.A.4.a.3,Visual Color Discrimination,IM,2.25,8,0.1637,1.9292,2.5708,N,,07/2016,Analyst
51-4022.00,1.A.4.a.3,Visual Color Discrimination,LV,2.25,8,0.1637,1.9292,2.5708,N,N,07/2016,Analyst
51-4022.00,1.A.4.a.4,Night Vision,IM,2.0,8,0.0,2.0,2.0,N,,07/2016,Analyst
51-4022.00,1.A.4.a.4,Night Vision,LV,1.25,8,0.1637,0.9292,1.5708,N,N,07/2016,Analyst
51-4022.00,1.A.4.a.5,Peripheral Vision,IM,2.0,8,0.0,2.0,2.0,N,,07/2016,Analyst
51-4022.00,1.A.4.a.5,Peripheral Vision,LV,1.12,8,0.125,0.88,1.37,N,N,07/2016,Analyst
51-4022.00,1.A.4.a.6,Depth Perception,IM,2.25,8,0.1637,1.9292,2.5708,N,,07/2016,Analyst
51-4022.00,1.A.4.a.6,Depth Perception,LV,2.75,8,0.1637,2.4292,3.0708,N,N,07/2016,Analyst
51-4022.00,1.A.4.a.7,Glare Sensitivity,IM,1.88,8,0.125,1.63,2.12,N,,07/2016,Analyst
51-4022.00,1.A.4.a.7,Glare Sensitivity,LV,1.25,8,0.25,0.76,1.74,N,N,07/2016,Analyst
51-4022.00,1.A.4.b.1,Hearing Sensitivity,IM,2.75,8,0.1637,2.4292,3.0708,N,,07/2016,Analyst
51-4022.00,1.A.4.b.1,Hearing Sensitivity,LV,2.5,8,0.189,2.1296,2.8704,N,N,07/2016,Analyst
51-4022.00,1.A.4.b.2,Auditory Attention,IM,3.0,8,0.0,3.0,3.0,N,,07/2016,Analyst
51-4022.00,1.A.4.b.2,Auditory Attention,LV,3.0,8,0.0,3.0,3.0,N,N,07/2016,Analyst
51-4022.00,1.A.4.b.3,Sound Localization,IM,1.88,8,0.125,1.63,2.12,N,,07/2016,Analyst
51-4022.00,1.A.4.b.3,Sound Localization,LV,1.25,8,0.3134,0.6358,1.8642,N,N,07/2016,Analyst
51-4022.00,1.A.4.b.4,Speech Recognition,IM,2.88,8,0.125,2.63,3.12,N,,07/2016,Analyst
51-4022.00,1.A.4.b.4,Speech Recognition,LV,2.25,8,0.1637,1.9292,2.5708,N,N,07/2016,Analyst
51-4022.00,1.A.4.b.5,Speech Clarity,IM,2.88,8,0.2266,2.4309,3.3191,N,,07/2016,Analyst
51-4022.00,1.A.4.b.5,Speech Clarity,LV,2.5,8,0.189,2.1296,2.8704,N,N,07/2016,Analyst
51-4023.00,1.A.1.a.1,Oral Comprehension,IM,3.12,8,0.125,2.88,3.37,N,,08/2018,Analyst
51-4023.00,1.A.1.a.1,Oral Comprehension,LV,3.38,8,0.183,3.0164,3.7336,N,N,08/2018,Analyst
51-4023.00,1.A.1.a.2,Written Comprehension,IM,3.12,8,0.125,2.88,3.37,N,,08/2018,Analyst
51-4023.00,1.A.1.a.2,Written Comprehension,LV,3.0,8,0.0,3.0,3.0,N,N,08/2018,Analyst
51-4023.00,1.A.1.a.3,Oral Expression,IM,3.25,8,0.1637,2.9292,3.5708,N,,08/2018,Analyst
51-4023.00,1.A.1.a.3,Oral Expression,LV,3.38,8,0.183,3.0164,3.7336,N,N,08/2018,Analyst
51-4023.00,1.A.1.a.4,Written Expression,IM,2.88,8,0.125,2.63,3.12,N,,08/2018,Analyst
51-4023.00,1.A.1.a.4,Written Expression,LV,2.38,8,0.183,2.0164,2.7336,N,N,08/2018,Analyst
51-4023.00,1.A.1.b.1,Fluency of Ideas,IM,2.25,8,0.1637,1.9292,2.5708,N,,08/2018,Analyst
51-4023.00,1.A.1.b.1,Fluency of Ideas,LV,2.25,8,0.1637,1.9292,2.5708,N,N,08/2018,Analyst
51-4023.00,1.A.1.b.2,Originality,IM,2.25,8,0.1637,1.9292,2.5708,N,,08/2018,Analyst
51-4023.00,1.A.1.b.2,Originality,LV,2.12,8,0.125,1.88,2.37,N,N,08/2018,Analyst
51-4023.00,1.A.1.b.3,Problem Sensitivity,IM,4.0,8,0.0,4.0,4.0,N,,08/2018,Analyst
51-4023.00,1.A.1.b.3,Problem Sensitivity,LV,3.12,8,0.125,2.88,3.37,N,N,08/2018,Analyst
51-4023.00,1.A.1.b.4,Deductive Reasoning,IM,3.25,8,0.1637,2.9292,3.5708,N,,08/2018,Analyst
51-4023.00,1.A.1.b.4,Deductive Reasoning,LV,3.0,8,0.0,3.0,3.0,N,N,08/2018,Analyst
51-4023.00,1.A.1.b.5,Inductive Reasoning,IM,3.12,8,0.125,2.88,3.37,N,,08/2018,Analyst
51-4023.00,1.A.1.b.5,Inductive Reasoning,LV,2.88,8,0.125,2.63,3.12,N,N,08/2018,Analyst
51-4023.00,1.A.1.b.6,Information Ordering,IM,3.25,8,0.1637,2.9292,3.5708,N,,08/2018,Analyst
51-4023.00,1.A.1.b.6,Information Ordering,LV,3.0,8,0.0,3.0,3.0,N,N,08/2018,Analyst
51-4023.00,1.A.1.b.7,Category Flexibility,IM,2.88,8,0.125,2.63,3.12,N,,08/2018,Analyst
51-4023.00,1.A.1.b.7,Category Flexibility,LV,3.0,8,0.0,3.0,3.0,N,N,08/2018,Analyst
51-4023.00,1.A.1.c.1,Mathematical Reasoning,IM,2.5,8,0.189,2.1296,2.8704,N,,08/2018,Analyst
51-4023.00,1.A.1.c.1,Mathematical Reasoning,LV,2.12,8,0.125,1.88,2.37,N,N,08/2018,Analyst
51-4023.00,1.A.1.c.2,Number Facility,IM,2.38,8,0.183,2.0164,2.7336,N,,08/2018,Analyst
51-4023.00,1.A.1.c.2,Number Facility,LV,2.0,8,0.0,2.0,2.0,N,N,08/2018,Analyst
51-4023.00,1.A.1.d.1,Memorization,IM,2.62,8,0.183,2.2664,2.9836,N,,08/2018,Analyst
51-4023.00,1.A.1.d.1,Memorization,LV,2.12,8,0.125,1.88,2.37,N,N,08/2018,Analyst
51-4023.00,1.A.1.e.1,Speed of Closure,IM,2.62,8,0.183,2.2664,2.9836,N,,08/2018,Analyst
51-4023.00,1.A.1.e.1,Speed of Closure,LV,2.38,8,0.183,2.0164,2.7336,N,N,08/2018,Analyst
51-4023.00,1.A.1.e.2,Flexibility of Closure,IM,3.0,8,0.0,3.0,3.0,N,,08/2018,Analyst
51-4023.00,1.A.1.e.2,Flexibility of Closure,LV,3.0,8,0.0,3.0,3.0,N,N,08/2018,Analyst
51-4023.00,1.A.1.e.3,Perceptual Speed,IM,3.25,8,0.1637,2.9292,3.5708,N,,08/2018,Analyst
51-4023.00,1.A.1.e.3,Perceptual Speed,LV,3.38,8,0.183,3.0164,3.7336,N,N,08/2018,Analyst
51-4023.00,1.A.1.f.1,Spatial Orientation,IM,2.12,8,0.125,1.88,2.37,N,,08/2018,Analyst
51-4023.00,1.A.1.f.1,Spatial Orientation,LV,1.75,8,0.1637,1.4292,2.0708,N,N,08/2018,Analyst
51-4023.00,1.A.1.f.2,Visualization,IM,3.0,8,0.189,2.6296,3.3704,N,,08/2018,Analyst
51-4023.00,1.A.1.f.2,Visualization,LV,3.0,8,0.189,2.6296,3.3704,N,N,08/2018,Analyst
51-4023.00,1.A.1.g.1,Selective Attention,IM,3.12,8,0.125,2.88,3.37,N,,08/2018,Analyst
51-4023.00,1.A.1.g.1,Selective Attention,LV,3.38,8,0.183,3.0164,3.7336,N,N,08/2018,Analyst
51-4023.00,1.A.1.g.2,Time Sharing,IM,2.62,8,0.183,2.2664,2.9836,N,,08/2018,Analyst
51-4023.00,1.A.1.g.2,Time Sharing,LV,2.5,8,0.189,2.1296,2.8704,N,N,08/2018,Analyst
51-4023.00,1.A.2.a.1,Arm-Hand Steadiness,IM,3.5,8,0.189,3.1296,3.8704,N,,08/2018,Analyst
51-4023.00,1.A.2.a.1,Arm-Hand Steadiness,LV,3.12,8,0.125,2.88,3.37,N,N,08/2018,Analyst
51-4023.00,1.A.2.a.2,Manual Dexterity,IM,3.62,8,0.183,3.2664,3.9836,N,,08/2018,Analyst
51-4023.00,1.A.2.a.2,Manual Dexterity,LV,3.0,8,0.0,3.0,3.0,N,N,08/2018,Analyst
51-4023.00,1.A.2.a.3,Finger Dexterity,IM,3.25,8,0.1637,2.9292,3.5708,N,,08/2018,Analyst
51-4023.00,1.A.2.a.3,Finger Dexterity,LV,3.12,8,0.125,2.88,3.37,N,N,08/2018,Analyst
51-4023.00,1.A.2.b.1,Control Precision,IM,3.88,8,0.125,3.63,4.12,N,,08/2018,Analyst
51-4023.00,1.A.2.b.1,Control Precision,LV,3.88,8,0.125,3.63,4.12,N,N,08/2018,Analyst
51-4023.00,1.A.2.b.2,Multilimb Coordination,IM,3.62,8,0.183,3.2664,3.9836,N,,08/2018,Analyst
51-4023.00,1.A.2.b.2,Multilimb Coordination,LV,3.75,8,0.1637,3.4292,4.0708,N,N,08/2018,Analyst
51-4023.00,1.A.2.b.3,Response Orientation,IM,3.25,8,0.1637,2.9292,3.5708,N,,08/2018,Analyst
51-4023.00,1.A.2.b.3,Response Orientation,LV,3.25,8,0.1637,2.9292,3.5708,N,N,08/2018,Analyst
51-4023.00,1.A.2.b.4,Rate Control,IM,3.75,8,0.1637,3.4292,4.0708,N,,08/2018,Analyst
51-4023.00,1.A.2.b.4,Rate Control,LV,3.62,8,0.183,3.2664,3.9836,N,N,08/2018,Analyst
51-4023.00,1.A.2.c.1,Reaction Time,IM,3.88,8,0.125,3.63,4.12,N,,08/2018,Analyst
51-4023.00,1.A.2.c.1,Reaction Time,LV,3.88,8,0.125,3.63,4.12,N,N,08/2018,Analyst
51-4023.00,1.A.2.c.2,Wrist-Finger Speed,IM,2.88,8,0.125,2.63,3.12,N,,08/2018,Analyst
51-4023.00,1.A.2.c.2,Wrist-Finger Speed,LV,2.88,8,0.125,2.63,3.12,N,N,08/2018,Analyst
51-4023.00,1.A.2.c.3,Speed of Limb Movement,IM,2.88,8,0.125,2.63,3.12,N,,08/2018,Analyst
51-4023.00,1.A.2.c.3,Speed of Limb Movement,LV,2.75,8,0.1637,2.4292,3.0708,N,N,08/2018,Analyst
51-4023.00,1.A.3.a.1,Static Strength,IM,3.25,8,0.1637,2.9292,3.5708,N,,08/2018,Analyst
51-4023.00,1.A.3.a.1,Static Strength,LV,3.38,8,0.183,3.0164,3.7336,N,N,08/2018,Analyst
51-4023.00,1.A.3.a.2,Explosive Strength,IM,1.62,8,0.183,1.2664,1.9836,N,,08/2018,Analyst
51-4023.00,1.A.3.a.2,Explosive Strength,LV,0.88,8,0.295,0.2967,1.4533,N,N,08/2018,Analyst
51-4023.00,1.A.3.a.3,Dynamic Strength,IM,2.5,8,0.189,2.1296,2.8704,N,,08/2018,Analyst
51-4023.00,1.A.3.a.3,Dynamic Strength,LV,2.62,8,0.183,2.2664,2.9836,N,N,08/2018,Analyst
51-4023.00,1.A.3.a.4,Trunk Strength,IM,3.12,8,0.125,2.88,3.37,N,,08/2018,Analyst
51-4023.00,1.A.3.a.4,Trunk Strength,LV,3.12,8,0.125,2.88,3.37,N,N,08/2018,Analyst
51-4023.00,1.A.3.b.1,Stamina,IM,3.0,8,0.0,3.0,3.0,N,,08/2018,Analyst
51-4023.00,1.A.3.b.1,Stamina,LV,2.75,8,0.1637,2.4292,3.0708,N,N,08/2018,Analyst
51-4023.00,1.A.3.c.1,Extent Flexibility,IM,2.62,8,0.183,2.2664,2.9836,N,,08/2018,Analyst
51-4023.00,1.A.3.c.1,Extent Flexibility,LV,2.75,8,0.1637,2.4292,3.0708,N,N,08/2018,Analyst
51-4023.00,1.A.3.c.2,Dynamic Flexibility,IM,1.12,8,0.125,1.0,1.37,N,,08/2018,Analyst
51-4023.00,1.A.3.c.2,Dynamic Flexibility,LV,0.25,8,0.25,0.0,0.74,N,Y,08/2018,Analyst
51-4023.00,1.A.3.c.3,Gross Body Coordination,IM,2.5,8,0.189,2.1296,2.8704,N,,08/2018,Analyst
51-4023.00,1.A.3.c.3,Gross Body Coordination,LV,2.5,8,0.189,2.1296,2.8704,N,N,08/2018,Analyst
51-4023.00,1.A.3.c.4,Gross Body Equilibrium,IM,2.0,8,0.0,2.0,2.0,N,,08/2018,Analyst
51-4023.00,1.A.3.c.4,Gross Body Equilibrium,LV,2.0,8,0.0,2.0,2.0,N,N,08/2018,Analyst
51-4023.00,1.A.4.a.1,Near Vision,IM,3.88,8,0.125,3.63,4.12,N,,08/2018,Analyst
51-4023.00,1.A.4.a.1,Near Vision,LV,3.38,8,0.183,3.0164,3.7336,N,N,08/2018,Analyst
51-4023.00,1.A.4.a.2,Far Vision,IM,3.12,8,0.125,2.88,3.37,N,,08/2018,Analyst
51-4023.00,1.A.4.a.2,Far Vision,LV,3.0,8,0.0,3.0,3.0,N,N,08/2018,Analyst
51-4023.00,1.A.4.a.3,Visual Color Discrimination,IM,2.62,8,0.183,2.2664,2.9836,N,,08/2018,Analyst
51-4023.00,1.A.4.a.3,Visual Color Discrimination,LV,2.62,8,0.183,2.2664,2.9836,N,N,08/2018,Analyst
51-4023.00,1.A.4.a.4,Night Vision,IM,1.88,8,0.2266,1.4309,2.3191,N,,08/2018,Analyst
51-4023.00,1.A.4.a.4,Night Vision,LV,1.38,8,0.375,0.64,2.11,N,N,08/2018,Analyst
51-4023.00,1.A.4.a.5,Peripheral Vision,IM,2.12,8,0.125,1.88,2.37,N,,08/2018,Analyst
51-4023.00,1.A.4.a.5,Peripheral Vision,LV,1.88,8,0.125,1.63,2.12,N,N,08/2018,Analyst
51-4023.00,1.A.4.a.6,Depth Perception,IM,3.0,8,0.0,3.0,3.0,N,,08/2018,Analyst
51-4023.00,1.A.4.a.6,Depth Perception,LV,3.0,8,0.0,3.0,3.0,N,N,08/2018,Analyst
51-4023.00,1.A.4.a.7,Glare Sensitivity,IM,1.75,8,0.1637,1.4292,2.0708,N,,08/2018,Analyst
51-4023.00,1.A.4.a.7,Glare Sensitivity,LV,1.5,8,0.3273,0.8584,2.1416,N,N,08/2018,Analyst
51-4023.00,1.A.4.b.1,Hearing Sensitivity,IM,2.88,8,0.2266,2.4309,3.3191,N,,08/2018,Analyst
51-4023.00,1.A.4.b.1,Hearing Sensitivity,LV,2.88,8,0.125,2.63,3.12,N,N,08/2018,Analyst
51-4023.00,1.A.4.b.2,Auditory Attention,IM,3.12,8,0.125,2.88,3.37,N,,08/2018,Analyst
51-4023.00,1.A.4.b.2,Auditory Attention,LV,3.38,8,0.183,3.0164,3.7336,N,N,08/2018,Analyst
51-4023.00,1.A.4.b.3,Sound Localization,IM,1.88,8,0.125,1.63,2.12,N,,08/2018,Analyst
51-4023.00,1.A.4.b.3,Sound Localization,LV,1.62,8,0.2631,1.1094,2.1406,N,N,08/2018,Analyst
51-4023.00,1.A.4.b.4,Speech Recognition,IM,3.12,8,0.125,2.88,3.37,N,,08/2018,Analyst
51-4023.00,1.A.4.b.4,Speech Recognition,LV,2.5,8,0.189,2.1296,2.8704,N,N,08/2018,Analyst
51-4023.00,1.A.4.b.5,Speech Clarity,IM,3.12,8,0.2266,2.6809,3.5691,N,,08/2018,Analyst
51-4023.00,1.A.4.b.5,Speech Clarity,LV,2.75,8,0.1637,2.4292,3.0708,N,N,08/2018,Analyst
51-4031.00,1.A.1.a.1,Oral Comprehension,IM,3.0,8,0.0,3.0,3.0,N,,07/2015,Analyst
51-4031.00,1.A.1.a.1,Oral Comprehension,LV,3.0,8,0.0,3.0,3.0,N,N,07/2015,Analyst
51-4031.00,1.A.1.a.2,Written Comprehension,IM,3.12,8,0.125,2.88,3.37,N,,07/2015,Analyst
51-4031.00,1.A.1.a.2,Written Comprehension,LV,3.0,8,0.0,3.0,3.0,N,N,07/2015,Analyst
51-4031.00,1.A.1.a.3,Oral Expression,IM,3.0,8,0.0,3.0,3.0,N,,07/2015,Analyst
51-4031.00,1.A.1.a.3,Oral Expression,LV,3.0,8,0.0,3.0,3.0,N,N,07/2015,Analyst
51-4031.00,1.A.1.a.4,Written Expression,IM,2.5,8,0.189,2.1296,2.8704,N,,07/2015,Analyst
51-4031.00,1.A.1.a.4,Written Expression,LV,2.5,8,0.189,2.1296,2.8704,N,N,07/2015,Analyst
51-4031.00,1.A.1.b.1,Fluency of Ideas,IM,2.12,8,0.125,1.88,2.37,N,,07/2015,Analyst
51-4031.00,1.A.1.b.1,Fluency of Ideas,LV,1.75,8,0.1637,1.4292,2.0708,N,N,07/2015,Analyst
51-4031.00,1.A.1.b.2,Originality,IM,2.25,8,0.1637,1.9292,2.5708,N,,07/2015,Analyst
51-4031.00,1.A.1.b.2,Originality,LV,1.88,8,0.125,1.63,2.12,N,N,07/2015,Analyst
51-4031.00,1.A.1.b.3,Problem Sensitivity,IM,3.38,8,0.183,3.0164,3.7336,N,,07/2015,Analyst
51-4031.00,1.A.1.b.3,Problem Sensitivity,LV,3.0,8,0.0,3.0,3.0,N,N,07/2015,Analyst
51-4031.00,1.A.1.b.4,Deductive Reasoning,IM,3.12,8,0.125,2.88,3.37,N,,07/2015,Analyst
51-4031.00,1.A.1.b.4,Deductive Reasoning,LV,3.0,8,0.0,3.0,3.0,N,N,07/2015,Analyst
51-4031.00,1.A.1.b.5,Inductive Reasoning,IM,3.0,8,0.0,3.0,3.0,N,,07/2015,Analyst
51-4031.00,1.A.1.b.5,Inductive Reasoning,LV,3.0,8,0.0,3.0,3.0,N,N,07/2015,Analyst
51-4031.00,1.A.1.b.6,Information Ordering,IM,3.25,8,0.1637,2.9292,3.5708,N,,07/2015,Analyst
51-4031.00,1.A.1.b.6,Information Ordering,LV,3.0,8,0.0,3.0,3.0,N,N,07/2015,Analyst
51-4031.00,1.A.1.b.7,Category Flexibility,IM,2.75,8,0.1637,2.4292,3.0708,N,,07/2015,Analyst
51-4031.00,1.A.1.b.7,Category Flexibility,LV,3.12,8,0.125,2.88,3.37,N,N,07/2015,Analyst
51-4031.00,1.A.1.c.1,Mathematical Reasoning,IM,2.38,8,0.183,2.0164,2.7336,N,,07/2015,Analyst
51-4031.00,1.A.1.c.1,Mathematical Reasoning,LV,2.0,8,0.0,2.0,2.0,N,N,07/2015,Analyst
51-4031.00,1.A.1.c.2,Number Facility,IM,2.25,8,0.1637,1.9292,2.5708,N,,07/2015,Analyst
51-4031.00,1.A.1.c.2,Number Facility,LV,2.12,8,0.125,1.88,2.37,N,N,07/2015,Analyst
51-4031.00,1.A.1.d.1,Memorization,IM,2.0,8,0.0,2.0,2.0,N,,07/2015,Analyst
51-4031.00,1.A.1.d.1,Memorization,LV,1.88,8,0.125,1.63,2.12,N,N,07/2015,Analyst
51-4031.00,1.A.1.e.1,Speed of Closure,IM,2.0,8,0.0,2.0,2.0,N,,07/2015,Analyst
51-4031.00,1.A.1.e.1,Speed of Closure,LV,2.0,8,0.189,1.6296,2.3704,N,N,07/2015,Analyst
51-4031.00,1.A.1.e.2,Flexibility of Closure,IM,2.75,8,0.1637,2.4292,3.0708,N,,07/2015,Analyst
51-4031.00,1.A.1.e.2,Flexibility of Closure,LV,2.88,8,0.125,2.63,3.12,N,N,07/2015,Analyst
51-4031.00,1.A.1.e.3,Perceptual Speed,IM,3.12,8,0.125,2.88,3.37,N,,07/2015,Analyst
51-4031.00,1.A.1.e.3,Perceptual Speed,LV,3.25,8,0.1637,2.9292,3.5708,N,N,07/2015,Analyst
51-4031.00,1.A.1.f.1,Spatial Orientation,IM,2.0,8,0.0,2.0,2.0,N,,07/2015,Analyst
51-4031.00,1.A.1.f.1,Spatial Orientation,LV,1.88,8,0.125,1.63,2.12,N,N,07/2015,Analyst
51-4031.00,1.A.1.f.2,Visualization,IM,3.0,8,0.0,3.0,3.0,N,,07/2015,Analyst
51-4031.00,1.A.1.f.2,Visualization,LV,3.38,8,0.183,3.0164,3.7336,N,N,07/2015,Analyst
51-4031.00,1.A.1.g.1,Selective Attention,IM,3.25,8,0.1637,2.9292,3.5708,N,,07/2015,Analyst
51-4031.00,1.A.1.g.1,Selective Attention,LV,3.0,8,0.0,3.0,3.0,N,N,07/2015,Analyst
51-4031.00,1.A.1.g.2,Time Sharing,IM,2.12,8,0.125,1.88,2.37,N,,07/2015,Analyst
51-4031.00,1.A.1.g.2,Time Sharing,LV,2.5,8,0.189,2.1296,2.8704,N,N,07/2015,Analyst
51-4031.00,1.A.2.a.1,Arm-Hand Steadiness,IM,3.75,8,0.1637,3.4292,4.0708,N,,07/2015,Analyst
51-4031.00,1.A.2.a.1,Arm-Hand Steadiness,LV,3.25,8,0.1637,2.9292,3.5708,N,N,07/2015,Analyst
51-4031.00,1.A.2.a.2,Manual Dexterity,IM,3.38,8,0.183,3.0164,3.7336,N,,07/2015,Analyst
51-4031.00,1.A.2.a.2,Manual Dexterity,LV,3.12,8,0.125,2.88,3.37,N,N,07/2015,Analyst
51-4031.00,1.A.2.a.3,Finger Dexterity,IM,3.12,8,0.125,2.88,3.37,N,,07/2015,Analyst
51-4031.00,1.A.2.a.3,Finger Dexterity,LV,3.12,8,0.125,2.88,3.37,N,N,07/2015,Analyst
51-4031.00,1.A.2.b.1,Control Precision,IM,3.62,8,0.183,3.2664,3.9836,N,,07/2015,Analyst
51-4031.00,1.A.2.b.1,Control Precision,LV,3.5,8,0.189,3.1296,3.8704,N,N,07/2015,Analyst
51-4031.00,1.A.2.b.2,Multilimb Coordination,IM,3.25,8,0.1637,2.9292,3.5708,N,,07/2015,Analyst
51-4031.00,1.A.2.b.2,Multilimb Coordination,LV,3.5,8,0.189,3.1296,3.8704,N,N,07/2015,Analyst
51-4031.00,1.A.2.b.3,Response Orientation,IM,2.62,8,0.183,2.2664,2.9836,N,,07/2015,Analyst
51-4031.00,1.A.2.b.3,Response Orientation,LV,2.62,8,0.183,2.2664,2.9836,N,N,07/2015,Analyst
51-4031.00,1.A.2.b.4,Rate Control,IM,3.12,8,0.125,2.88,3.37,N,,07/2015,Analyst
51-4031.00,1.A.2.b.4,Rate Control,LV,2.88,8,0.125,2.63,3.12,N,N,07/2015,Analyst
51-4031.00,1.A.2.c.1,Reaction Time,IM,3.38,8,0.183,3.0164,3.7336,N,,07/2015,Analyst
51-4031.00,1.A.2.c.1,Reaction Time,LV,3.38,8,0.183,3.0164,3.7336,N,N,07/2015,Analyst
51-4031.00,1.A.2.c.2,Wrist-Finger Speed,IM,2.0,8,0.189,1.6296,2.3704,N,,07/2015,Analyst
51-4031.00,1.A.2.c.2,Wrist-Finger Speed,LV,1.88,8,0.295,1.2967,2.4533,N,N,07/2015,Analyst
51-4031.00,1.A.2.c.3,Speed of Limb Movement,IM,1.88,8,0.125,1.63,2.12,N,,07/2015,Analyst
51-4031.00,1.A.2.c.3,Speed of Limb Movement,LV,1.62,8,0.2631,1.1094,2.1406,N,N,07/2015,Analyst
51-4031.00,1.A.3.a.1,Static Strength,IM,3.0,8,0.189,2.6296,3.3704,N,,07/2015,Analyst
51-4031.00,1.A.3.a.1,Static Strength,LV,3.0,8,0.189,2.6296,3.3704,N,N,07/2015,Analyst
51-4031.00,1.A.3.a.2,Explosive Strength,IM,1.88,8,0.125,1.63,2.12,N,,07/2015,Analyst
51-4031.00,1.A.3.a.2,Explosive Strength,LV,1.25,8,0.25,0.76,1.74,N,N,07/2015,Analyst
51-4031.00,1.A.3.a.3,Dynamic Strength,IM,2.5,8,0.2673,1.9762,3.0238,N,,07/2015,Analyst
51-4031.00,1.A.3.a.3,Dynamic Strength,LV,2.12,8,0.125,1.88,2.37,N,N,07/2015,Analyst
51-4031.00,1.A.3.a.4,Trunk Strength,IM,3.25,8,0.1637,2.9292,3.5708,N,,07/2015,Analyst
51-4031.00,1.A.3.a.4,Trunk Strength,LV,3.25,8,0.1637,2.9292,3.5708,N,N,07/2015,Analyst
51-4031.00,1.A.3.b.1,Stamina,IM,2.62,8,0.183,2.2664,2.9836,N,,07/2015,Analyst
51-4031.00,1.A.3.b.1,Stamina,LV,2.25,8,0.1637,1.9292,2.5708,N,N,07/2015,Analyst
51-4031.00,1.A.3.c.1,Extent Flexibility,IM,2.75,8,0.25,2.26,3.24,N,,07/2015,Analyst
51-4031.00,1.A.3.c.1,Extent Flexibility,LV,3.12,8,0.125,2.88,3.37,N,N,07/2015,Analyst
51-4031.00,1.A.3.c.2,Dynamic Flexibility,IM,1.12,8,0.125,1.0,1.37,N,,07/2015,Analyst
51-4031.00,1.A.3.c.2,Dynamic Flexibility,LV,0.25,8,0.25,0.0,0.74,N,Y,07/2015,Analyst
51-4031.00,1.A.3.c.3,Gross Body Coordination,IM,2.12,8,0.125,1.88,2.37,N,,07/2015,Analyst
51-4031.00,1.A.3.c.3,Gross Body Coordination,LV,2.12,8,0.125,1.88,2.37,N,N,07/2015,Analyst
51-4031.00,1.A.3.c.4,Gross Body Equilibrium,IM,2.0,8,0.0,2.0,2.0,N,,07/2015,Analyst
51-4031.00,1.A.3.c.4,Gross Body Equilibrium,LV,1.5,8,0.189,1.1296,1.8704,N,N,07/2015,Analyst
51-4031.00,1.A.4.a.1,Near Vision,IM,3.5,8,0.189,3.1296,3.8704,N,,07/2015,Analyst
51-4031.00,1.A.4.a.1,Near Vision,LV,3.5,8,0.189,3.1296,3.8704,N,N,07/2015,Analyst
51-4031.00,1.A.4.a.2,Far Vision,IM,3.0,8,0.0,3.0,3.0,N,,07/2015,Analyst
51-4031.00,1.A.4.a.2,Far Vision,LV,3.0,8,0.0,3.0,3.0,N,N,07/2015,Analyst
51-4031.00,1.A.4.a.3,Visual Color Discrimination,IM,2.5,8,0.189,2.1296,2.8704,N,,07/2015,Analyst
51-4031.00,1.A.4.a.3,Visual Color Discrimination,LV,2.5,8,0.189,2.1296,2.8704,N,N,07/2015,Analyst
51-4031.00,1.A.4.a.4,Night Vision,IM,1.75,8,0.1637,1.4292,2.0708,N,,07/2015,Analyst
51-4031.00,1.A.4.a.4,Night Vision,LV,0.75,8,0.1637,0.4292,1.0708,N,N,07/2015,Analyst
51-4031.00,1.A.4.a.5,Peripheral Vision,IM,1.88,8,0.125,1.63,2.12,N,,07/2015,Analyst
51-4031.00,1.A.4.a.5,Peripheral Vision,LV,1.0,8,0.189,0.6296,1.3704,N,N,07/2015,Analyst
51-4031.00,1.A.4.a.6,Depth Perception,IM,3.0,8,0.0,3.0,3.0,N,,07/2015,Analyst
51-4031.00,1.A.4.a.6,Depth Perception,LV,3.0,8,0.0,3.0,3.0,N,N,07/2015,Analyst
51-4031.00,1.A.4.a.7,Glare Sensitivity,IM,1.75,8,0.1637,1.4292,2.0708,N,,07/2015,Analyst
51-4031.00,1.A.4.a.7,Glare Sensitivity,LV,0.75,8,0.1637,0.4292,1.0708,N,N,07/2015,Analyst
51-4031.00,1.A.4.b.1,Hearing Sensitivity,IM,2.38,8,0.2631,1.8594,2.8906,N,,07/2015,Analyst
51-4031.00,1.A.4.b.1,Hearing Sensitivity,LV,2.12,8,0.3504,1.4383,2.8117,N,N,07/2015,Analyst
51-4031.00,1.A.4.b.2,Auditory Attention,IM,2.62,8,0.2631,2.1094,3.1406,N,,07/2015,Analyst
51-4031.00,1.A.4.b.2,Auditory Attention,LV,2.75,8,0.4119,1.9427,3.5573,N,N,07/2015,Analyst
51-4031.00,1.A.4.b.3,Sound Localization,IM,2.12,8,0.125,1.88,2.37,N,,07/2015,Analyst
51-4031.00,1.A.4.b.3,Sound Localization,LV,1.5,8,0.2673,0.9762,2.0238,N,N,07/2015,Analyst
51-4031.00,1.A.4.b.4,Speech Recognition,IM,3.0,8,0.0,3.0,3.0,N,,07/2015,Analyst
51-4031.00,1.A.4.b.4,Speech Recognition,LV,2.62,8,0.183,2.2664,2.9836,N,N,07/2015,Analyst
51-4031.00,1.A.4.b.5,Speech Clarity,IM,2.88,8,0.125,2.63,3.12,N,,07/2015,Analyst
51-4031.00,1.A.4.b.5,Speech Clarity,LV,2.62,8,0.183,2.2664,2.9836,N,N,07/2015,Analyst
51-4032.00,1.A.1.a.1,Oral Comprehension,IM,3.12,8,0.125,2.88,3.37,N,,08/2022,Analyst
51-4032.00,1.A.1.a.1,Oral Comprehension,LV,3.12,8,0.125,2.88,3.37,N,N,08/2022,Analyst
51-4032.00,1.A.1.a.2,Written Comprehension,IM,3.12,8,0.125,2.88,3.37,N,,08/2022,Analyst
51-4032.00,1.A.1.a.2,Written Comprehension,LV,2.88,8,0.125,2.63,3.12,N,N,08/2022,Analyst
51-4032.00,1.A.1.a.3,Oral Expression,IM,3.0,8,0.0,3.0,3.0,N,,08/2022,Analyst
51-4032.00,1.A.1.a.3,Oral Expression,LV,2.88,8,0.125,2.63,3.12,N,N,08/2022,Analyst
51-4032.00,1.A.1.a.4,Written Expression,IM,3.0,8,0.0,3.0,3.0,N,,08/2022,Analyst
51-4032.00,1.A.1.a.4,Written Expression,LV,2.75,8,0.1637,2.4292,3.0708,N,N,08/2022,Analyst
51-4032.00,1.A.1.b.1,Fluency of Ideas,IM,2.62,8,0.183,2.2664,2.9836,N,,08/2022,Analyst
51-4032.00,1.A.1.b.1,Fluency of Ideas,LV,2.12,8,0.125,1.88,2.37,N,N,08/2022,Analyst
51-4032.00,1.A.1.b.2,Originality,IM,2.12,8,0.125,1.88,2.37,N,,08/2022,Analyst
51-4032.00,1.A.1.b.2,Originality,LV,2.0,8,0.0,2.0,2.0,N,N,08/2022,Analyst
51-4032.00,1.A.1.b.3,Problem Sensitivity,IM,3.25,8,0.1637,2.9292,3.5708,N,,08/2022,Analyst
51-4032.00,1.A.1.b.3,Problem Sensitivity,LV,3.12,8,0.125,2.88,3.37,N,N,08/2022,Analyst
51-4032.00,1.A.1.b.4,Deductive Reasoning,IM,3.0,8,0.0,3.0,3.0,N,,08/2022,Analyst
51-4032.00,1.A.1.b.4,Deductive Reasoning,LV,3.0,8,0.0,3.0,3.0,N,N,08/2022,Analyst
51-4032.00,1.A.1.b.5,Inductive Reasoning,IM,3.0,8,0.0,3.0,3.0,N,,08/2022,Analyst
51-4032.00,1.A.1.b.5,Inductive Reasoning,LV,3.0,8,0.0,3.0,3.0,N,N,08/2022,Analyst
51-4032.00,1.A.1.b.6,Information Ordering,IM,3.25,8,0.1637,2.9292,3.5708,N,,08/2022,Analyst
51-4032.00,1.A.1.b.6,Information Ordering,LV,3.12,8,0.125,2.88,3.37,N,N,08/2022,Analyst
51-4032.00,1.A.1.b.7,Category Flexibility,IM,3.0,8,0.0,3.0,3.0,N,,08/2022,Analyst
51-4032.00,1.A.1.b.7,Category Flexibility,LV,3.0,8,0.0,3.0,3.0,N,N,08/2022,Analyst
51-4032.00,1.A.1.c.1,Mathematical Reasoning,IM,2.62,8,0.2631,2.1094,3.1406,N,,08/2022,Analyst
51-4032.00,1.A.1.c.1,Mathematical Reasoning,LV,2.25,8,0.1637,1.9292,2.5708,N,N,08/2022,Analyst
51-4032.00,1.A.1.c.2,Number Facility,IM,2.62,8,0.2631,2.1094,3.1406,N,,08/2022,Analyst
51-4032.00,1.A.1.c.2,Number Facility,LV,2.5,8,0.2673,1.9762,3.0238,N,N,08/2022,Analyst
51-4032.00,1.A.1.d.1,Memorization,IM,2.0,8,0.0,2.0,2.0,N,,08/2022,Analyst
51-4032.00,1.A.1.d.1,Memorization,LV,2.0,8,0.0,2.0,2.0,N,N,08/2022,Analyst
51-4032.00,1.A.1.e.1,Speed of Closure,IM,2.0,8,0.0,2.0,2.0,N,,08/2022,Analyst
51-4032.00,1.A.1.e.1,Speed of Closure,LV,2.0,8,0.0,2.0,2.0,N,N,08/2022,Analyst
51-4032.00,1.A.1.e.2,Flexibility of Closure,IM,2.88,8,0.125,2.63,3.12,N,,08/2022,Analyst
51-4032.00,1.A.1.e.2,Flexibility of Closure,LV,2.5,8,0.189,2.1296,2.8704,N,N,08/2022,Analyst
51-4032.00,1.A.1.e.3,Perceptual Speed,IM,3.0,8,0.0,3.0,3.0,N,,08/2022,Analyst
51-4032.00,1.A.1.e.3,Perceptual Speed,LV,3.25,8,0.1637,2.9292,3.5708,N,N,08/2022,Analyst
51-4032.00,1.A.1.f.1,Spatial Orientation,IM,2.0,8,0.0,2.0,2.0,N,,08/2022,Analyst
51-4032.00,1.A.1.f.1,Spatial Orientation,LV,1.38,8,0.183,1.0164,1.7336,N,N,08/2022,Analyst
51-4032.00,1.A.1.f.2,Visualization,IM,3.12,8,0.125,2.88,3.37,N,,08/2022,Analyst
51-4032.00,1.A.1.f.2,Visualization,LV,3.38,8,0.183,3.0164,3.7336,N,N,08/2022,Analyst
51-4032.00,1.A.1.g.1,Selective Attention,IM,3.25,8,0.1637,2.9292,3.5708,N,,08/2022,Analyst
51-4032.00,1.A.1.g.1,Selective Attention,LV,3.12,8,0.125,2.88,3.37,N,N,08/2022,Analyst
51-4032.00,1.A.1.g.2,Time Sharing,IM,2.38,8,0.183,2.0164,2.7336,N,,08/2022,Analyst
51-4032.00,1.A.1.g.2,Time Sharing,LV,2.88,8,0.125,2.63,3.12,N,N,08/2022,Analyst
51-4032.00,1.A.2.a.1,Arm-Hand Steadiness,IM,3.38,8,0.183,3.0164,3.7336,N,,08/2022,Analyst
51-4032.00,1.A.2.a.1,Arm-Hand Steadiness,LV,3.0,8,0.0,3.0,3.0,N,N,08/2022,Analyst
51-4032.00,1.A.2.a.2,Manual Dexterity,IM,3.25,8,0.1637,2.9292,3.5708,N,,08/2022,Analyst
51-4032.00,1.A.2.a.2,Manual Dexterity,LV,3.12,8,0.125,2.88,3.37,N,N,08/2022,Analyst
51-4032.00,1.A.2.a.3,Finger Dexterity,IM,3.25,8,0.1637,2.9292,3.5708,N,,08/2022,Analyst
51-4032.00,1.A.2.a.3,Finger Dexterity,LV,3.62,8,0.183,3.2664,3.9836,N,N,08/2022,Analyst
51-4032.00,1.A.2.b.1,Control Precision,IM,3.5,8,0.2673,2.9762,4.0238,N,,08/2022,Analyst
51-4032.00,1.A.2.b.1,Control Precision,LV,3.62,8,0.183,3.2664,3.9836,N,N,08/2022,Analyst
51-4032.00,1.A.2.b.2,Multilimb Coordination,IM,2.88,8,0.125,2.63,3.12,N,,08/2022,Analyst
51-4032.00,1.A.2.b.2,Multilimb Coordination,LV,3.0,8,0.189,2.6296,3.3704,N,N,08/2022,Analyst
51-4032.00,1.A.2.b.3,Response Orientation,IM,2.25,8,0.1637,1.9292,2.5708,N,,08/2022,Analyst
51-4032.00,1.A.2.b.3,Response Orientation,LV,2.5,8,0.2673,1.9762,3.0238,N,N,08/2022,Analyst
51-4032.00,1.A.2.b.4,Rate Control,IM,3.12,8,0.2266,2.6809,3.5691,N,,08/2022,Analyst
51-4032.00,1.A.2.b.4,Rate Control,LV,2.88,8,0.2266,2.4309,3.3191,N,N,08/2022,Analyst
51-4032.00,1.A.2.c.1,Reaction Time,IM,3.25,8,0.1637,2.9292,3.5708,N,,08/2022,Analyst
51-4032.00,1.A.2.c.1,Reaction Time,LV,3.5,8,0.189,3.1296,3.8704,N,N,08/2022,Analyst
51-4032.00,1.A.2.c.2,Wrist-Finger Speed,IM,2.25,8,0.1637,1.9292,2.5708,N,,08/2022,Analyst
51-4032.00,1.A.2.c.2,Wrist-Finger Speed,LV,1.75,8,0.25,1.26,2.24,N,N,08/2022,Analyst
51-4032.00,1.A.2.c.3,Speed of Limb Movement,IM,1.62,8,0.183,1.2664,1.9836,N,,08/2022,Analyst
51-4032.00,1.A.2.c.3,Speed of Limb Movement,LV,0.75,8,0.25,0.26,1.24,N,N,08/2022,Analyst
51-4032.00,1.A.3.a.1,Static Strength,IM,2.88,8,0.125,2.63,3.12,N,,08/2022,Analyst
51-4032.00,1.A.3.a.1,Static Strength,LV,2.88,8,0.125,2.63,3.12,N,N,08/2022,Analyst
51-4032.00,1.A.3.a.2,Explosive Strength,IM,2.0,8,0.0,2.0,2.0,N,,08/2022,Analyst
51-4032.00,1.A.3.a.2,Explosive Strength,LV,1.5,8,0.189,1.1296,1.8704,N,N,08/2022,Analyst
51-4032.00,1.A.3.a.3,Dynamic Strength,IM,2.0,8,0.0,2.0,2.0,N,,08/2022,Analyst
51-4032.00,1.A.3.a.3,Dynamic Strength,LV,1.88,8,0.125,1.63,2.12,N,N,08/2022,Analyst
51-4032.00,1.A.3.a.4,Trunk Strength,IM,2.88,8,0.125,2.63,3.12,N,,08/2022,Analyst
51-4032.00,1.A.3.a.4,Trunk Strength,LV,2.75,8,0.1637,2.4292,3.0708,N,N,08/2022,Analyst
51-4032.00,1.A.3.b.1,Stamina,IM,2.12,8,0.125,1.88,2.37,N,,08/2022,Analyst
51-4032.00,1.A.3.b.1,Stamina,LV,2.0,8,0.0,2.0,2.0,N,N,08/2022,Analyst
51-4032.00,1.A.3.c.1,Extent Flexibility,IM,2.25,8,0.1637,1.9292,2.5708,N,,08/2022,Analyst
51-4032.00,1.A.3.c.1,Extent Flexibility,LV,2.38,8,0.183,2.0164,2.7336,N,N,08/2022,Analyst
51-4032.00,1.A.3.c.2,Dynamic Flexibility,IM,1.0,8,0.0,1.0,1.0,N,,08/2022,Analyst
51-4032.00,1.A.3.c.2,Dynamic Flexibility,LV,0.0,8,0.0,0.0,0.0,N,Y,08/2022,Analyst
51-4032.00,1.A.3.c.3,Gross Body Coordination,IM,2.0,8,0.0,2.0,2.0,N,,08/2022,Analyst
51-4032.00,1.A.3.c.3,Gross Body Coordination,LV,1.75,8,0.1637,1.4292,2.0708,N,N,08/2022,Analyst
51-4032.00,1.A.3.c.4,Gross Body Equilibrium,IM,2.0,8,0.0,2.0,2.0,N,,08/2022,Analyst
51-4032.00,1.A.3.c.4,Gross Body Equilibrium,LV,1.38,8,0.183,1.0164,1.7336,N,N,08/2022,Analyst
51-4032.00,1.A.4.a.1,Near Vision,IM,3.38,8,0.183,3.0164,3.7336,N,,08/2022,Analyst
51-4032.00,1.A.4.a.1,Near Vision,LV,3.75,8,0.1637,3.4292,4.0708,N,N,08/2022,Analyst
51-4032.00,1.A.4.a.2,Far Vision,IM,3.0,8,0.0,3.0,3.0,N,,08/2022,Analyst
51-4032.00,1.A.4.a.2,Far Vision,LV,2.75,8,0.1637,2.4292,3.0708,N,N,08/2022,Analyst
51-4032.00,1.A.4.a.3,Visual Color Discrimination,IM,2.62,8,0.183,2.2664,2.9836,N,,08/2022,Analyst
51-4032.00,1.A.4.a.3,Visual Color Discrimination,LV,2.88,8,0.2266,2.4309,3.3191,N,N,08/2022,Analyst
51-4032.00,1.A.4.a.4,Night Vision,IM,2.0,8,0.0,2.0,2.0,N,,08/2022,Analyst
51-4032.00,1.A.4.a.4,Night Vision,LV,1.0,8,0.0,1.0,1.0,N,N,08/2022,Analyst
51-4032.00,1.A.4.a.5,Peripheral Vision,IM,2.0,8,0.0,2.0,2.0,N,,08/2022,Analyst
51-4032.00,1.A.4.a.5,Peripheral Vision,LV,1.0,8,0.0,1.0,1.0,N,N,08/2022,Analyst
51-4032.00,1.A.4.a.6,Depth Perception,IM,2.62,8,0.183,2.2664,2.9836,N,,08/2022,Analyst
51-4032.00,1.A.4.a.6,Depth Perception,LV,2.88,8,0.125,2.63,3.12,N,N,08/2022,Analyst
51-4032.00,1.A.4.a.7,Glare Sensitivity,IM,2.0,8,0.0,2.0,2.0,N,,08/2022,Analyst
51-4032.00,1.A.4.a.7,Glare Sensitivity,LV,1.0,8,0.0,1.0,1.0,N,N,08/2022,Analyst
51-4032.00,1.A.4.b.1,Hearing Sensitivity,IM,2.75,8,0.1637,2.4292,3.0708,N,,08/2022,Analyst
51-4032.00,1.A.4.b.1,Hearing Sensitivity,LV,2.88,8,0.125,2.63,3.12,N,N,08/2022,Analyst
51-4032.00,1.A.4.b.2,Auditory Attention,IM,2.75,8,0.1637,2.4292,3.0708,N,,08/2022,Analyst
51-4032.00,1.A.4.b.2,Auditory Attention,LV,2.62,8,0.183,2.2664,2.9836,N,N,08/2022,Analyst
51-4032.00,1.A.4.b.3,Sound Localization,IM,2.0,8,0.0,2.0,2.0,N,,08/2022,Analyst
51-4032.00,1.A.4.b.3,Sound Localization,LV,1.12,8,0.125,0.88,1.37,N,N,08/2022,Analyst
51-4032.00,1.A.4.b.4,Speech Recognition,IM,2.88,8,0.125,2.63,3.12,N,,08/2022,Analyst
51-4032.00,1.A.4.b.4,Speech Recognition,LV,2.25,8,0.1637,1.9292,2.5708,N,N,08/2022,Analyst
51-4032.00,1.A.4.b.5,Speech Clarity,IM,2.88,8,0.125,2.63,3.12,N,,08/2022,Analyst
51-4032.00,1.A.4.b.5,Speech Clarity,LV,2.5,8,0.189,2.1296,2.8704,N,N,08/2022,Analyst
51-4033.00,1.A.1.a.1,Oral Comprehension,IM,3.0,8,0.0,3.0,3.0,N,,07/2016,Analyst
51-4033.00,1.A.1.a.1,Oral Comprehension,LV,3.0,8,0.0,3.0,3.0,N,N,07/2016,Analyst
51-4033.00,1.A.1.a.2,Written Comprehension,IM,3.12,8,0.125,2.88,3.37,N,,07/2016,Analyst
51-4033.00,1.A.1.a.2,Written Comprehension,LV,3.0,8,0.0,3.0,3.0,N,N,07/2016,Analyst
51-4033.00,1.A.1.a.3,Oral Expression,IM,3.0,8,0.0,3.0,3.0,N,,07/2016,Analyst
51-4033.00,1.A.1.a.3,Oral Expression,LV,2.88,8,0.125,2.63,3.12,N,N,07/2016,Analyst
51-4033.00,1.A.1.a.4,Written Expression,IM,2.25,8,0.1637,1.9292,2.5708,N,,07/2016,Analyst
51-4033.00,1.A.1.a.4,Written Expression,LV,2.12,8,0.125,1.88,2.37,N,N,07/2016,Analyst
51-4033.00,1.A.1.b.1,Fluency of Ideas,IM,2.25,8,0.1637,1.9292,2.5708,N,,07/2016,Analyst
51-4033.00,1.A.1.b.1,Fluency of Ideas,LV,2.25,8,0.1637,1.9292,2.5708,N,N,07/2016,Analyst
51-4033.00,1.A.1.b.2,Originality,IM,2.0,8,0.189,1.6296,2.3704,N,,07/2016,Analyst
51-4033.00,1.A.1.b.2,Originality,LV,1.75,8,0.25,1.26,2.24,N,N,07/2016,Analyst
51-4033.00,1.A.1.b.3,Problem Sensitivity,IM,3.62,8,0.183,3.2664,3.9836,N,,07/2016,Analyst
51-4033.00,1.A.1.b.3,Problem Sensitivity,LV,3.12,8,0.125,2.88,3.37,N,N,07/2016,Analyst
51-4033.00,1.A.1.b.4,Deductive Reasoning,IM,3.12,8,0.125,2.88,3.37,N,,07/2016,Analyst
51-4033.00,1.A.1.b.4,Deductive Reasoning,LV,2.88,8,0.125,2.63,3.12,N,N,07/2016,Analyst
51-4033.00,1.A.1.b.5,Inductive Reasoning,IM,3.0,8,0.0,3.0,3.0,N,,07/2016,Analyst
51-4033.00,1.A.1.b.5,Inductive Reasoning,LV,2.88,8,0.125,2.63,3.12,N,N,07/2016,Analyst
51-4033.00,1.A.1.b.6,Information Ordering,IM,3.12,8,0.125,2.88,3.37,N,,07/2016,Analyst
51-4033.00,1.A.1.b.6,Information Ordering,LV,3.25,8,0.1637,2.9292,3.5708,N,N,07/2016,Analyst
51-4033.00,1.A.1.b.7,Category Flexibility,IM,2.88,8,0.125,2.63,3.12,N,,07/2016,Analyst
51-4033.00,1.A.1.b.7,Category Flexibility,LV,3.0,8,0.189,2.6296,3.3704,N,N,07/2016,Analyst
51-4033.00,1.A.1.c.1,Mathematical Reasoning,IM,2.75,8,0.1637,2.4292,3.0708,N,,07/2016,Analyst
51-4033.00,1.A.1.c.1,Mathematical Reasoning,LV,2.0,8,0.0,2.0,2.0,N,N,07/2016,Analyst
51-4033.00,1.A.1.c.2,Number Facility,IM,2.5,8,0.189,2.1296,2.8704,N,,07/2016,Analyst
51-4033.00,1.A.1.c.2,Number Facility,LV,2.38,8,0.183,2.0164,2.7336,N,N,07/2016,Analyst
51-4033.00,1.A.1.d.1,Memorization,IM,2.12,8,0.125,1.88,2.37,N,,07/2016,Analyst
51-4033.00,1.A.1.d.1,Memorization,LV,2.0,8,0.0,2.0,2.0,N,N,07/2016,Analyst
51-4033.00,1.A.1.e.1,Speed of Closure,IM,2.88,8,0.2266,2.4309,3.3191,N,,07/2016,Analyst
51-4033.00,1.A.1.e.1,Speed of Closure,LV,2.25,8,0.1637,1.9292,2.5708,N,N,07/2016,Analyst
51-4033.00,1.A.1.e.2,Flexibility of Closure,IM,3.12,8,0.125,2.88,3.37,N,,07/2016,Analyst
51-4033.00,1.A.1.e.2,Flexibility of Closure,LV,2.88,8,0.125,2.63,3.12,N,N,07/2016,Analyst
51-4033.00,1.A.1.e.3,Perceptual Speed,IM,3.25,8,0.1637,2.9292,3.5708,N,,07/2016,Analyst
51-4033.00,1.A.1.e.3,Perceptual Speed,LV,3.12,8,0.125,2.88,3.37,N,N,07/2016,Analyst
51-4033.00,1.A.1.f.1,Spatial Orientation,IM,1.75,8,0.1637,1.4292,2.0708,N,,07/2016,Analyst
51-4033.00,1.A.1.f.1,Spatial Orientation,LV,1.0,8,0.2673,0.4762,1.5238,N,N,07/2016,Analyst
51-4033.00,1.A.1.f.2,Visualization,IM,3.12,8,0.125,2.88,3.37,N,,07/2016,Analyst
51-4033.00,1.A.1.f.2,Visualization,LV,3.38,8,0.183,3.0164,3.7336,N,N,07/2016,Analyst
51-4033.00,1.A.1.g.1,Selective Attention,IM,3.12,8,0.125,2.88,3.37,N,,07/2016,Analyst
51-4033.00,1.A.1.g.1,Selective Attention,LV,3.0,8,0.0,3.0,3.0,N,N,07/2016,Analyst
51-4033.00,1.A.1.g.2,Time Sharing,IM,2.25,8,0.1637,1.9292,2.5708,N,,07/2016,Analyst
51-4033.00,1.A.1.g.2,Time Sharing,LV,2.0,8,0.0,2.0,2.0,N,N,07/2016,Analyst
51-4033.00,1.A.2.a.1,Arm-Hand Steadiness,IM,3.5,8,0.189,3.1296,3.8704,N,,07/2016,Analyst
51-4033.00,1.A.2.a.1,Arm-Hand Steadiness,LV,3.0,8,0.189,2.6296,3.3704,N,N,07/2016,Analyst
51-4033.00,1.A.2.a.2,Manual Dexterity,IM,3.75,8,0.1637,3.4292,4.0708,N,,07/2016,Analyst
51-4033.00,1.A.2.a.2,Manual Dexterity,LV,3.12,8,0.125,2.88,3.37,N,N,07/2016,Analyst
51-4033.00,1.A.2.a.3,Finger Dexterity,IM,3.12,8,0.125,2.88,3.37,N,,07/2016,Analyst
51-4033.00,1.A.2.a.3,Finger Dexterity,LV,3.0,8,0.0,3.0,3.0,N,N,07/2016,Analyst
51-4033.00,1.A.2.b.1,Control Precision,IM,4.0,8,0.0,4.0,4.0,N,,07/2016,Analyst
51-4033.00,1.A.2.b.1,Control Precision,LV,4.0,8,0.0,4.0,4.0,N,N,07/2016,Analyst
51-4033.00,1.A.2.b.2,Multilimb Coordination,IM,3.5,8,0.189,3.1296,3.8704,N,,07/2016,Analyst
51-4033.00,1.A.2.b.2,Multilimb Coordination,LV,3.12,8,0.125,2.88,3.37,N,N,07/2016,Analyst
51-4033.00,1.A.2.b.3,Response Orientation,IM,2.62,8,0.183,2.2664,2.9836,N,,07/2016,Analyst
51-4033.00,1.A.2.b.3,Response Orientation,LV,2.5,8,0.2673,1.9762,3.0238,N,N,07/2016,Analyst
51-4033.00,1.A.2.b.4,Rate Control,IM,3.25,8,0.1637,2.9292,3.5708,N,,07/2016,Analyst
51-4033.00,1.A.2.b.4,Rate Control,LV,3.0,8,0.189,2.6296,3.3704,N,N,07/2016,Analyst
51-4033.00,1.A.2.c.1,Reaction Time,IM,3.62,8,0.183,3.2664,3.9836,N,,07/2016,Analyst
51-4033.00,1.A.2.c.1,Reaction Time,LV,3.75,8,0.1637,3.4292,4.0708,N,N,07/2016,Analyst
51-4033.00,1.A.2.c.2,Wrist-Finger Speed,IM,3.0,8,0.0,3.0,3.0,N,,07/2016,Analyst
51-4033.00,1.A.2.c.2,Wrist-Finger Speed,LV,2.62,8,0.183,2.2664,2.9836,N,N,07/2016,Analyst
51-4033.00,1.A.2.c.3,Speed of Limb Movement,IM,2.38,8,0.183,2.0164,2.7336,N,,07/2016,Analyst
51-4033.00,1.A.2.c.3,Speed of Limb Movement,LV,2.12,8,0.125,1.88,2.37,N,N,07/2016,Analyst
51-4033.00,1.A.3.a.1,Static Strength,IM,3.12,8,0.125,2.88,3.37,N,,07/2016,Analyst
51-4033.00,1.A.3.a.1,Static Strength,LV,3.12,8,0.125,2.88,3.37,N,N,07/2016,Analyst
51-4033.00,1.A.3.a.2,Explosive Strength,IM,1.75,8,0.25,1.26,2.24,N,,07/2016,Analyst
51-4033.00,1.A.3.a.2,Explosive Strength,LV,0.88,8,0.295,0.2967,1.4533,N,N,07/2016,Analyst
51-4033.00,1.A.3.a.3,Dynamic Strength,IM,2.38,8,0.183,2.0164,2.7336,N,,07/2016,Analyst
51-4033.00,1.A.3.a.3,Dynamic Strength,LV,2.12,8,0.2266,1.6809,2.5691,N,N,07/2016,Analyst
51-4033.00,1.A.3.a.4,Trunk Strength,IM,3.12,8,0.125,2.88,3.37,N,,07/2016,Analyst
51-4033.00,1.A.3.a.4,Trunk Strength,LV,3.0,8,0.0,3.0,3.0,N,N,07/2016,Analyst
51-4033.00,1.A.3.b.1,Stamina,IM,2.25,8,0.1637,1.9292,2.5708,N,,07/2016,Analyst
51-4033.00,1.A.3.b.1,Stamina,LV,1.88,8,0.125,1.63,2.12,N,N,07/2016,Analyst
51-4033.00,1.A.3.c.1,Extent Flexibility,IM,2.62,8,0.183,2.2664,2.9836,N,,07/2016,Analyst
51-4033.00,1.A.3.c.1,Extent Flexibility,LV,2.88,8,0.2266,2.4309,3.3191,N,N,07/2016,Analyst
51-4033.00,1.A.3.c.2,Dynamic Flexibility,IM,1.12,8,0.125,1.0,1.37,N,,07/2016,Analyst
51-4033.00,1.A.3.c.2,Dynamic Flexibility,LV,0.25,8,0.25,0.0,0.74,N,Y,07/2016,Analyst
51-4033.00,1.A.3.c.3,Gross Body Coordination,IM,2.12,8,0.125,1.88,2.37,N,,07/2016,Analyst
51-4033.00,1.A.3.c.3,Gross Body Coordination,LV,2.12,8,0.125,1.88,2.37,N,N,07/2016,Analyst
51-4033.00,1.A.3.c.4,Gross Body Equilibrium,IM,2.12,8,0.125,1.88,2.37,N,,07/2016,Analyst
51-4033.00,1.A.3.c.4,Gross Body Equilibrium,LV,2.0,8,0.189,1.6296,2.3704,N,N,07/2016,Analyst
51-4033.00,1.A.4.a.1,Near Vision,IM,3.75,8,0.1637,3.4292,4.0708,N,,07/2016,Analyst
51-4033.00,1.A.4.a.1,Near Vision,LV,3.62,8,0.183,3.2664,3.9836,N,N,07/2016,Analyst
51-4033.00,1.A.4.a.2,Far Vision,IM,3.12,8,0.125,2.88,3.37,N,,07/2016,Analyst
51-4033.00,1.A.4.a.2,Far Vision,LV,3.12,8,0.125,2.88,3.37,N,N,07/2016,Analyst
51-4033.00,1.A.4.a.3,Visual Color Discrimination,IM,2.5,8,0.189,2.1296,2.8704,N,,07/2016,Analyst
51-4033.00,1.A.4.a.3,Visual Color Discrimination,LV,2.38,8,0.183,2.0164,2.7336,N,N,07/2016,Analyst
51-4033.00,1.A.4.a.4,Night Vision,IM,1.25,8,0.1637,1.0,1.5708,N,,07/2016,Analyst
51-4033.00,1.A.4.a.4,Night Vision,LV,0.25,8,0.1637,0.0,0.5708,N,Y,07/2016,Analyst
51-4033.00,1.A.4.a.5,Peripheral Vision,IM,1.5,8,0.189,1.1296,1.8704,N,,07/2016,Analyst
51-4033.00,1.A.4.a.5,Peripheral Vision,LV,0.5,8,0.189,0.1296,0.8704,N,N,07/2016,Analyst
51-4033.00,1.A.4.a.6,Depth Perception,IM,3.12,8,0.125,2.88,3.37,N,,07/2016,Analyst
51-4033.00,1.A.4.a.6,Depth Perception,LV,3.12,8,0.125,2.88,3.37,N,N,07/2016,Analyst
51-4033.00,1.A.4.a.7,Glare Sensitivity,IM,1.38,8,0.183,1.0164,1.7336,N,,07/2016,Analyst
51-4033.00,1.A.4.a.7,Glare Sensitivity,LV,0.75,8,0.366,0.0327,1.4673,N,N,07/2016,Analyst
51-4033.00,1.A.4.b.1,Hearing Sensitivity,IM,2.75,8,0.1637,2.4292,3.0708,N,,07/2016,Analyst
51-4033.00,1.A.4.b.1,Hearing Sensitivity,LV,2.62,8,0.183,2.2664,2.9836,N,N,07/2016,Analyst
51-4033.00,1.A.4.b.2,Auditory Attention,IM,3.0,8,0.0,3.0,3.0,N,,07/2016,Analyst
51-4033.00,1.A.4.b.2,Auditory Attention,LV,3.12,8,0.125,2.88,3.37,N,N,07/2016,Analyst
51-4033.00,1.A.4.b.3,Sound Localization,IM,1.62,8,0.183,1.2664,1.9836,N,,07/2016,Analyst
51-4033.00,1.A.4.b.3,Sound Localization,LV,1.0,8,0.3273,0.3584,1.6416,N,N,07/2016,Analyst
51-4033.00,1.A.4.b.4,Speech Recognition,IM,2.75,8,0.1637,2.4292,3.0708,N,,07/2016,Analyst
51-4033.00,1.A.4.b.4,Speech Recognition,LV,2.25,8,0.1637,1.9292,2.5708,N,N,07/2016,Analyst
51-4033.00,1.A.4.b.5,Speech Clarity,IM,2.62,8,0.183,2.2664,2.9836,N,,07/2016,Analyst
51-4033.00,1.A.4.b.5,Speech Clarity,LV,2.12,8,0.125,1.88,2.37,N,N,07/2016,Analyst
51-4034.00,1.A.1.a.1,Oral Comprehension,IM,3.12,8,0.125,2.88,3.37,N,,08/2024,Analyst
51-4034.00,1.A.1.a.1,Oral Comprehension,LV,3.0,8,0.0,3.0,3.0,N,N,08/2024,Analyst
51-4034.00,1.A.1.a.2,Written Comprehension,IM,3.0,8,0.0,3.0,3.0,N,,08/2024,Analyst
51-4034.00,1.A.1.a.2,Written Comprehension,LV,3.0,8,0.0,3.0,3.0,N,N,08/2024,Analyst
51-4034.00,1.A.1.a.3,Oral Expression,IM,3.0,8,0.0,3.0,3.0,N,,08/2024,Analyst
51-4034.00,1.A.1.a.3,Oral Expression,LV,3.0,8,0.0,3.0,3.0,N,N,08/2024,Analyst
51-4034.00,1.A.1.a.4,Written Expression,IM,2.38,8,0.183,2.0164,2.7336,N,,08/2024,Analyst
51-4034.00,1.A.1.a.4,Written Expression,LV,2.0,8,0.0,2.0,2.0,N,N,08/2024,Analyst
51-4034.00,1.A.1.b.1,Fluency of Ideas,IM,2.12,8,0.125,1.88,2.37,N,,08/2024,Analyst
51-4034.00,1.A.1.b.1,Fluency of Ideas,LV,2.0,8,0.0,2.0,2.0,N,N,08/2024,Analyst
51-4034.00,1.A.1.b.2,Originality,IM,2.0,8,0.0,2.0,2.0,N,,08/2024,Analyst
51-4034.00,1.A.1.b.2,Originality,LV,2.0,8,0.0,2.0,2.0,N,N,08/2024,Analyst
51-4034.00,1.A.1.b.3,Problem Sensitivity,IM,3.12,8,0.125,2.88,3.37,N,,08/2024,Analyst
51-4034.00,1.A.1.b.3,Problem Sensitivity,LV,3.0,8,0.0,3.0,3.0,N,N,08/2024,Analyst
51-4034.00,1.A.1.b.4,Deductive Reasoning,IM,3.0,8,0.0,3.0,3.0,N,,08/2024,Analyst
51-4034.00,1.A.1.b.4,Deductive Reasoning,LV,3.0,8,0.0,3.0,3.0,N,N,08/2024,Analyst
51-4034.00,1.A.1.b.5,Inductive Reasoning,IM,2.88,8,0.125,2.63,3.12,N,,08/2024,Analyst
51-4034.00,1.A.1.b.5,Inductive Reasoning,LV,2.88,8,0.125,2.63,3.12,N,N,08/2024,Analyst
51-4034.00,1.A.1.b.6,Information Ordering,IM,3.0,8,0.0,3.0,3.0,N,,08/2024,Analyst
51-4034.00,1.A.1.b.6,Information Ordering,LV,3.0,8,0.0,3.0,3.0,N,N,08/2024,Analyst
51-4034.00,1.A.1.b.7,Category Flexibility,IM,2.88,8,0.125,2.63,3.12,N,,08/2024,Analyst
51-4034.00,1.A.1.b.7,Category Flexibility,LV,2.88,8,0.125,2.63,3.12,N,N,08/2024,Analyst
51-4034.00,1.A.1.c.1,Mathematical Reasoning,IM,2.38,8,0.183,2.0164,2.7336,N,,08/2024,Analyst
51-4034.00,1.A.1.c.1,Mathematical Reasoning,LV,2.25,8,0.1637,1.9292,2.5708,N,N,08/2024,Analyst
51-4034.00,1.A.1.c.2,Number Facility,IM,2.25,8,0.1637,1.9292,2.5708,N,,08/2024,Analyst
51-4034.00,1.A.1.c.2,Number Facility,LV,2.25,8,0.1637,1.9292,2.5708,N,N,08/2024,Analyst
51-4034.00,1.A.1.d.1,Memorization,IM,2.0,8,0.0,2.0,2.0,N,,08/2024,Analyst
51-4034.00,1.A.1.d.1,Memorization,LV,2.0,8,0.0,2.0,2.0,N,N,08/2024,Analyst
51-4034.00,1.A.1.e.1,Speed of Closure,IM,2.0,8,0.0,2.0,2.0,N,,08/2024,Analyst
51-4034.00,1.A.1.e.1,Speed of Closure,LV,1.5,8,0.189,1.1296,1.8704,N,N,08/2024,Analyst
51-4034.00,1.A.1.e.2,Flexibility of Closure,IM,2.75,8,0.1637,2.4292,3.0708,N,,08/2024,Analyst
51-4034.00,1.A.1.e.2,Flexibility of Closure,LV,2.75,8,0.1637,2.4292,3.0708,N,N,08/2024,Analyst
51-4034.00,1.A.1.e.3,Perceptual Speed,IM,3.0,8,0.0,3.0,3.0,N,,08/2024,Analyst
51-4034.00,1.A.1.e.3,Perceptual Speed,LV,3.0,8,0.0,3.0,3.0,N,N,08/2024,Analyst
51-4034.00,1.A.1.f.1,Spatial Orientation,IM,1.88,8,0.125,1.63,2.12,N,,08/2024,Analyst
51-4034.00,1.A.1.f.1,Spatial Orientation,LV,0.88,8,0.125,0.63,1.12,N,N,08/2024,Analyst
51-4034.00,1.A.1.f.2,Visualization,IM,3.12,8,0.125,2.88,3.37,N,,08/2024,Analyst
51-4034.00,1.A.1.f.2,Visualization,LV,3.0,8,0.0,3.0,3.0,N,N,08/2024,Analyst
51-4034.00,1.A.1.g.1,Selective Attention,IM,3.0,8,0.0,3.0,3.0,N,,08/2024,Analyst
51-4034.00,1.A.1.g.1,Selective Attention,LV,3.0,8,0.0,3.0,3.0,N,N,08/2024,Analyst
51-4034.00,1.A.1.g.2,Time Sharing,IM,2.0,8,0.0,2.0,2.0,N,,08/2024,Analyst
51-4034.00,1.A.1.g.2,Time Sharing,LV,2.0,8,0.0,2.0,2.0,N,N,08/2024,Analyst
51-4034.00,1.A.2.a.1,Arm-Hand Steadiness,IM,3.75,8,0.1637,3.4292,4.0708,N,,08/2024,Analyst
51-4034.00,1.A.2.a.1,Arm-Hand Steadiness,LV,3.12,8,0.125,2.88,3.37,N,N,08/2024,Analyst
51-4034.00,1.A.2.a.2,Manual Dexterity,IM,3.12,8,0.125,2.88,3.37,N,,08/2024,Analyst
51-4034.00,1.A.2.a.2,Manual Dexterity,LV,3.12,8,0.125,2.88,3.37,N,N,08/2024,Analyst
51-4034.00,1.A.2.a.3,Finger Dexterity,IM,3.25,8,0.1637,2.9292,3.5708,N,,08/2024,Analyst
51-4034.00,1.A.2.a.3,Finger Dexterity,LV,3.0,8,0.0,3.0,3.0,N,N,08/2024,Analyst
51-4034.00,1.A.2.b.1,Control Precision,IM,3.75,8,0.1637,3.4292,4.0708,N,,08/2024,Analyst
51-4034.00,1.A.2.b.1,Control Precision,LV,3.12,8,0.125,2.88,3.37,N,N,08/2024,Analyst
51-4034.00,1.A.2.b.2,Multilimb Coordination,IM,3.12,8,0.125,2.88,3.37,N,,08/2024,Analyst
51-4034.00,1.A.2.b.2,Multilimb Coordination,LV,3.12,8,0.125,2.88,3.37,N,N,08/2024,Analyst
51-4034.00,1.A.2.b.3,Response Orientation,IM,2.12,8,0.125,1.88,2.37,N,,08/2024,Analyst
51-4034.00,1.A.2.b.3,Response Orientation,LV,2.12,8,0.125,1.88,2.37,N,N,08/2024,Analyst
51-4034.00,1.A.2.b.4,Rate Control,IM,3.12,8,0.125,2.88,3.37,N,,08/2024,Analyst
51-4034.00,1.A.2.b.4,Rate Control,LV,2.88,8,0.125,2.63,3.12,N,N,08/2024,Analyst
51-4034.00,1.A.2.c.1,Reaction Time,IM,3.12,8,0.125,2.88,3.37,N,,08/2024,Analyst
51-4034.00,1.A.2.c.1,Reaction Time,LV,3.12,8,0.125,2.88,3.37,N,N,08/2024,Analyst
51-4034.00,1.A.2.c.2,Wrist-Finger Speed,IM,2.12,8,0.125,1.88,2.37,N,,08/2024,Analyst
51-4034.00,1.A.2.c.2,Wrist-Finger Speed,LV,2.0,8,0.189,1.6296,2.3704,N,N,08/2024,Analyst
51-4034.00,1.A.2.c.3,Speed of Limb Movement,IM,1.75,8,0.1637,1.4292,2.0708,N,,08/2024,Analyst
51-4034.00,1.A.2.c.3,Speed of Limb Movement,LV,0.88,8,0.2266,0.4309,1.3191,N,N,08/2024,Analyst
51-4034.00,1.A.3.a.1,Static Strength,IM,2.88,8,0.125,2.63,3.12,N,,08/2024,Analyst
51-4034.00,1.A.3.a.1,Static Strength,LV,3.0,8,0.0,3.0,3.0,N,N,08/2024,Analyst
51-4034.00,1.A.3.a.2,Explosive Strength,IM,2.12,8,0.125,1.88,2.37,N,,08/2024,Analyst
51-4034.00,1.A.3.a.2,Explosive Strength,LV,1.25,8,0.1637,0.9292,1.5708,N,N,08/2024,Analyst
51-4034.00,1.A.3.a.3,Dynamic Strength,IM,2.12,8,0.125,1.88,2.37,N,,08/2024,Analyst
51-4034.00,1.A.3.a.3,Dynamic Strength,LV,2.12,8,0.125,1.88,2.37,N,N,08/2024,Analyst
51-4034.00,1.A.3.a.4,Trunk Strength,IM,3.0,8,0.0,3.0,3.0,N,,08/2024,Analyst
51-4034.00,1.A.3.a.4,Trunk Strength,LV,3.0,8,0.0,3.0,3.0,N,N,08/2024,Analyst
51-4034.00,1.A.3.b.1,Stamina,IM,2.12,8,0.125,1.88,2.37,N,,08/2024,Analyst
51-4034.00,1.A.3.b.1,Stamina,LV,2.12,8,0.125,1.88,2.37,N,N,08/2024,Analyst
51-4034.00,1.A.3.c.1,Extent Flexibility,IM,2.75,8,0.25,2.26,3.24,N,,08/2024,Analyst
51-4034.00,1.A.3.c.1,Extent Flexibility,LV,2.75,8,0.1637,2.4292,3.0708,N,N,08/2024,Analyst
51-4034.00,1.A.3.c.2,Dynamic Flexibility,IM,1.25,8,0.1637,1.0,1.5708,N,,08/2024,Analyst
51-4034.00,1.A.3.c.2,Dynamic Flexibility,LV,0.38,8,0.2631,0.0,0.8906,N,Y,08/2024,Analyst
51-4034.00,1.A.3.c.3,Gross Body Coordination,IM,2.12,8,0.125,1.88,2.37,N,,08/2024,Analyst
51-4034.00,1.A.3.c.3,Gross Body Coordination,LV,1.88,8,0.125,1.63,2.12,N,N,08/2024,Analyst
51-4034.00,1.A.3.c.4,Gross Body Equilibrium,IM,2.12,8,0.125,1.88,2.37,N,,08/2024,Analyst
51-4034.00,1.A.3.c.4,Gross Body Equilibrium,LV,1.12,8,0.125,0.88,1.37,N,N,08/2024,Analyst
51-4034.00,1.A.4.a.1,Near Vision,IM,3.5,8,0.189,3.1296,3.8704,N,,08/2024,Analyst
51-4034.00,1.A.4.a.1,Near Vision,LV,3.12,8,0.125,2.88,3.37,N,N,08/2024,Analyst
51-4034.00,1.A.4.a.2,Far Vision,IM,2.88,8,0.125,2.63,3.12,N,,08/2024,Analyst
51-4034.00,1.A.4.a.2,Far Vision,LV,2.75,8,0.1637,2.4292,3.0708,N,N,08/2024,Analyst
51-4034.00,1.A.4.a.3,Visual Color Discrimination,IM,2.0,8,0.0,2.0,2.0,N,,08/2024,Analyst
51-4034.00,1.A.4.a.3,Visual Color Discrimination,LV,2.12,8,0.125,1.88,2.37,N,N,08/2024,Analyst
51-4034.00,1.A.4.a.4,Night Vision,IM,1.88,8,0.125,1.63,2.12,N,,08/2024,Analyst
51-4034.00,1.A.4.a.4,Night Vision,LV,0.88,8,0.125,0.63,1.12,N,N,08/2024,Analyst
51-4034.00,1.A.4.a.5,Peripheral Vision,IM,2.0,8,0.0,2.0,2.0,N,,08/2024,Analyst
51-4034.00,1.A.4.a.5,Peripheral Vision,LV,1.0,8,0.0,1.0,1.0,N,N,08/2024,Analyst
51-4034.00,1.A.4.a.6,Depth Perception,IM,2.75,8,0.1637,2.4292,3.0708,N,,08/2024,Analyst
51-4034.00,1.A.4.a.6,Depth Perception,LV,2.62,8,0.183,2.2664,2.9836,N,N,08/2024,Analyst
51-4034.00,1.A.4.a.7,Glare Sensitivity,IM,1.75,8,0.1637,1.4292,2.0708,N,,08/2024,Analyst
51-4034.00,1.A.4.a.7,Glare Sensitivity,LV,0.75,8,0.1637,0.4292,1.0708,N,N,08/2024,Analyst
51-4034.00,1.A.4.b.1,Hearing Sensitivity,IM,2.38,8,0.183,2.0164,2.7336,N,,08/2024,Analyst
51-4034.00,1.A.4.b.1,Hearing Sensitivity,LV,2.0,8,0.0,2.0,2.0,N,N,08/2024,Analyst
51-4034.00,1.A.4.b.2,Auditory Attention,IM,2.62,8,0.183,2.2664,2.9836,N,,08/2024,Analyst
51-4034.00,1.A.4.b.2,Auditory Attention,LV,2.5,8,0.189,2.1296,2.8704,N,N,08/2024,Analyst
51-4034.00,1.A.4.b.3,Sound Localization,IM,1.88,8,0.125,1.63,2.12,N,,08/2024,Analyst
51-4034.00,1.A.4.b.3,Sound Localization,LV,1.0,8,0.189,0.6296,1.3704,N,N,08/2024,Analyst
51-4034.00,1.A.4.b.4,Speech Recognition,IM,2.75,8,0.1637,2.4292,3.0708,N,,08/2024,Analyst
51-4034.00,1.A.4.b.4,Speech Recognition,LV,2.25,8,0.1637,1.9292,2.5708,N,N,08/2024,Analyst
51-4034.00,1.A.4.b.5,Speech Clarity,IM,2.75,8,0.1637,2.4292,3.0708,N,,08/2024,Analyst
51-4034.00,1.A.4.b.5,Speech Clarity,LV,2.25,8,0.1637,1.9292,2.5708,N,N,08/2024,Analyst
51-4035.00,1.A.1.a.1,Oral Comprehension,IM,3.12,8,0.125,2.88,3.37,N,,08/2023,Analyst
51-4035.00,1.A.1.a.1,Oral Comprehension,LV,3.25,8,0.1637,2.9292,3.5708,N,N,08/2023,Analyst
51-4035.00,1.A.1.a.2,Written Comprehension,IM,3.0,8,0.0,3.0,3.0,N,,08/2023,Analyst
51-4035.00,1.A.1.a.2,Written Comprehension,LV,3.0,8,0.0,3.0,3.0,N,N,08/2023,Analyst
51-4035.00,1.A.1.a.3,Oral Expression,IM,3.0,8,0.0,3.0,3.0,N,,08/2023,Analyst
51-4035.00,1.A.1.a.3,Oral Expression,LV,3.0,8,0.0,3.0,3.0,N,N,08/2023,Analyst
51-4035.00,1.A.1.a.4,Written Expression,IM,2.62,8,0.183,2.2664,2.9836,N,,08/2023,Analyst
51-4035.00,1.A.1.a.4,Written Expression,LV,2.38,8,0.183,2.0164,2.7336,N,N,08/2023,Analyst
51-4035.00,1.A.1.b.1,Fluency of Ideas,IM,2.62,8,0.183,2.2664,2.9836,N,,08/2023,Analyst
51-4035.00,1.A.1.b.1,Fluency of Ideas,LV,2.12,8,0.125,1.88,2.37,N,N,08/2023,Analyst
51-4035.00,1.A.1.b.2,Originality,IM,2.25,8,0.1637,1.9292,2.5708,N,,08/2023,Analyst
51-4035.00,1.A.1.b.2,Originality,LV,2.0,8,0.0,2.0,2.0,N,N,08/2023,Analyst
51-4035.00,1.A.1.b.3,Problem Sensitivity,IM,3.25,8,0.1637,2.9292,3.5708,N,,08/2023,Analyst
51-4035.00,1.A.1.b.3,Problem Sensitivity,LV,3.0,8,0.0,3.0,3.0,N,N,08/2023,Analyst
51-4035.00,1.A.1.b.4,Deductive Reasoning,IM,3.12,8,0.125,2.88,3.37,N,,08/2023,Analyst
51-4035.00,1.A.1.b.4,Deductive Reasoning,LV,3.0,8,0.0,3.0,3.0,N,N,08/2023,Analyst
51-4035.00,1.A.1.b.5,Inductive Reasoning,IM,3.0,8,0.0,3.0,3.0,N,,08/2023,Analyst
51-4035.00,1.A.1.b.5,Inductive Reasoning,LV,3.0,8,0.0,3.0,3.0,N,N,08/2023,Analyst
51-4035.00,1.A.1.b.6,Information Ordering,IM,3.12,8,0.125,2.88,3.37,N,,08/2023,Analyst
51-4035.00,1.A.1.b.6,Information Ordering,LV,3.0,8,0.0,3.0,3.0,N,N,08/2023,Analyst
51-4035.00,1.A.1.b.7,Category Flexibility,IM,2.75,8,0.1637,2.4292,3.0708,N,,08/2023,Analyst
51-4035.00,1.A.1.b.7,Category Flexibility,LV,2.88,8,0.125,2.63,3.12,N,N,08/2023,Analyst
51-4035.00,1.A.1.c.1,Mathematical Reasoning,IM,2.75,8,0.1637,2.4292,3.0708,N,,08/2023,Analyst
51-4035.00,1.A.1.c.1,Mathematical Reasoning,LV,2.38,8,0.183,2.0164,2.7336,N,N,08/2023,Analyst
51-4035.00,1.A.1.c.2,Number Facility,IM,2.62,8,0.183,2.2664,2.9836,N,,08/2023,Analyst
51-4035.00,1.A.1.c.2,Number Facility,LV,2.25,8,0.1637,1.9292,2.5708,N,N,08/2023,Analyst
51-4035.00,1.A.1.d.1,Memorization,IM,2.12,8,0.125,1.88,2.37,N,,08/2023,Analyst
51-4035.00,1.A.1.d.1,Memorization,LV,2.0,8,0.0,2.0,2.0,N,N,08/2023,Analyst
51-4035.00,1.A.1.e.1,Speed of Closure,IM,2.12,8,0.125,1.88,2.37,N,,08/2023,Analyst
51-4035.00,1.A.1.e.1,Speed of Closure,LV,1.88,8,0.125,1.63,2.12,N,N,08/2023,Analyst
51-4035.00,1.A.1.e.2,Flexibility of Closure,IM,2.88,8,0.2266,2.4309,3.3191,N,,08/2023,Analyst
51-4035.00,1.A.1.e.2,Flexibility of Closure,LV,2.75,8,0.1637,2.4292,3.0708,N,N,08/2023,Analyst
51-4035.00,1.A.1.e.3,Perceptual Speed,IM,2.88,8,0.2266,2.4309,3.3191,N,,08/2023,Analyst
51-4035.00,1.A.1.e.3,Perceptual Speed,LV,2.88,8,0.2266,2.4309,3.3191,N,N,08/2023,Analyst
51-4035.00,1.A.1.f.1,Spatial Orientation,IM,1.88,8,0.2266,1.4309,2.3191,N,,08/2023,Analyst
51-4035.00,1.A.1.f.1,Spatial Orientation,LV,0.88,8,0.2266,0.4309,1.3191,N,N,08/2023,Analyst
51-4035.00,1.A.1.f.2,Visualization,IM,3.12,8,0.125,2.88,3.37,N,,08/2023,Analyst
51-4035.00,1.A.1.f.2,Visualization,LV,3.12,8,0.125,2.88,3.37,N,N,08/2023,Analyst
51-4035.00,1.A.1.g.1,Selective Attention,IM,3.12,8,0.125,2.88,3.37,N,,08/2023,Analyst
51-4035.00,1.A.1.g.1,Selective Attention,LV,3.12,8,0.125,2.88,3.37,N,N,08/2023,Analyst
51-4035.00,1.A.1.g.2,Time Sharing,IM,2.38,8,0.183,2.0164,2.7336,N,,08/2023,Analyst
51-4035.00,1.A.1.g.2,Time Sharing,LV,2.12,8,0.125,1.88,2.37,N,N,08/2023,Analyst
51-4035.00,1.A.2.a.1,Arm-Hand Steadiness,IM,3.38,8,0.2631,2.8594,3.8906,N,,08/2023,Analyst
51-4035.00,1.A.2.a.1,Arm-Hand Steadiness,LV,3.5,8,0.189,3.1296,3.8704,N,N,08/2023,Analyst
51-4035.00,1.A.2.a.2,Manual Dexterity,IM,3.62,8,0.183,3.2664,3.9836,N,,08/2023,Analyst
51-4035.00,1.A.2.a.2,Manual Dexterity,LV,3.25,8,0.1637,2.9292,3.5708,N,N,08/2023,Analyst
51-4035.00,1.A.2.a.3,Finger Dexterity,IM,3.12,8,0.125,2.88,3.37,N,,08/2023,Analyst
51-4035.00,1.A.2.a.3,Finger Dexterity,LV,3.12,8,0.125,2.88,3.37,N,N,08/2023,Analyst
51-4035.00,1.A.2.b.1,Control Precision,IM,3.38,8,0.183,3.0164,3.7336,N,,08/2023,Analyst
51-4035.00,1.A.2.b.1,Control Precision,LV,3.5,8,0.189,3.1296,3.8704,N,N,08/2023,Analyst
51-4035.00,1.A.2.b.2,Multilimb Coordination,IM,3.25,8,0.1637,2.9292,3.5708,N,,08/2023,Analyst
51-4035.00,1.A.2.b.2,Multilimb Coordination,LV,3.12,8,0.125,2.88,3.37,N,N,08/2023,Analyst
51-4035.00,1.A.2.b.3,Response Orientation,IM,2.5,8,0.189,2.1296,2.8704,N,,08/2023,Analyst
51-4035.00,1.A.2.b.3,Response Orientation,LV,2.25,8,0.1637,1.9292,2.5708,N,N,08/2023,Analyst
51-4035.00,1.A.2.b.4,Rate Control,IM,2.62,8,0.183,2.2664,2.9836,N,,08/2023,Analyst
51-4035.00,1.A.2.b.4,Rate Control,LV,2.62,8,0.183,2.2664,2.9836,N,N,08/2023,Analyst
51-4035.00,1.A.2.c.1,Reaction Time,IM,3.25,8,0.1637,2.9292,3.5708,N,,08/2023,Analyst
51-4035.00,1.A.2.c.1,Reaction Time,LV,3.25,8,0.1637,2.9292,3.5708,N,N,08/2023,Analyst
51-4035.00,1.A.2.c.2,Wrist-Finger Speed,IM,2.38,8,0.183,2.0164,2.7336,N,,08/2023,Analyst
51-4035.00,1.A.2.c.2,Wrist-Finger Speed,LV,2.25,8,0.1637,1.9292,2.5708,N,N,08/2023,Analyst
51-4035.00,1.A.2.c.3,Speed of Limb Movement,IM,1.75,8,0.1637,1.4292,2.0708,N,,08/2023,Analyst
51-4035.00,1.A.2.c.3,Speed of Limb Movement,LV,0.88,8,0.2266,0.4309,1.3191,N,N,08/2023,Analyst
51-4035.00,1.A.3.a.1,Static Strength,IM,2.88,8,0.2266,2.4309,3.3191,N,,08/2023,Analyst
51-4035.00,1.A.3.a.1,Static Strength,LV,2.88,8,0.2266,2.4309,3.3191,N,N,08/2023,Analyst
51-4035.00,1.A.3.a.2,Explosive Strength,IM,2.0,8,0.189,1.6296,2.3704,N,,08/2023,Analyst
51-4035.00,1.A.3.a.2,Explosive Strength,LV,1.38,8,0.2631,0.8594,1.8906,N,N,08/2023,Analyst
51-4035.00,1.A.3.a.3,Dynamic Strength,IM,2.25,8,0.1637,1.9292,2.5708,N,,08/2023,Analyst
51-4035.00,1.A.3.a.3,Dynamic Strength,LV,2.12,8,0.125,1.88,2.37,N,N,08/2023,Analyst
51-4035.00,1.A.3.a.4,Trunk Strength,IM,3.12,8,0.125,2.88,3.37,N,,08/2023,Analyst
51-4035.00,1.A.3.a.4,Trunk Strength,LV,3.0,8,0.0,3.0,3.0,N,N,08/2023,Analyst
51-4035.00,1.A.3.b.1,Stamina,IM,2.38,8,0.183,2.0164,2.7336,N,,08/2023,Analyst
51-4035.00,1.A.3.b.1,Stamina,LV,2.25,8,0.1637,1.9292,2.5708,N,N,08/2023,Analyst
51-4035.00,1.A.3.c.1,Extent Flexibility,IM,2.62,8,0.183,2.2664,2.9836,N,,08/2023,Analyst
51-4035.00,1.A.3.c.1,Extent Flexibility,LV,2.75,8,0.1637,2.4292,3.0708,N,N,08/2023,Analyst
51-4035.00,1.A.3.c.2,Dynamic Flexibility,IM,1.0,8,0.0,1.0,1.0,N,,08/2023,Analyst
51-4035.00,1.A.3.c.2,Dynamic Flexibility,LV,0.0,8,0.0,0.0,0.0,N,Y,08/2023,Analyst
51-4035.00,1.A.3.c.3,Gross Body Coordination,IM,2.12,8,0.125,1.88,2.37,N,,08/2023,Analyst
51-4035.00,1.A.3.c.3,Gross Body Coordination,LV,1.88,8,0.125,1.63,2.12,N,N,08/2023,Analyst
51-4035.00,1.A.3.c.4,Gross Body Equilibrium,IM,2.0,8,0.189,1.6296,2.3704,N,,08/2023,Analyst
51-4035.00,1.A.3.c.4,Gross Body Equilibrium,LV,1.25,8,0.25,0.76,1.74,N,N,08/2023,Analyst
51-4035.00,1.A.4.a.1,Near Vision,IM,3.62,8,0.183,3.2664,3.9836,N,,08/2023,Analyst
51-4035.00,1.A.4.a.1,Near Vision,LV,3.12,8,0.125,2.88,3.37,N,N,08/2023,Analyst
51-4035.00,1.A.4.a.2,Far Vision,IM,2.75,8,0.1637,2.4292,3.0708,N,,08/2023,Analyst
51-4035.00,1.A.4.a.2,Far Vision,LV,2.75,8,0.1637,2.4292,3.0708,N,N,08/2023,Analyst
51-4035.00,1.A.4.a.3,Visual Color Discrimination,IM,2.25,8,0.1637,1.9292,2.5708,N,,08/2023,Analyst
51-4035.00,1.A.4.a.3,Visual Color Discrimination,LV,2.0,8,0.0,2.0,2.0,N,N,08/2023,Analyst
51-4035.00,1.A.4.a.4,Night Vision,IM,1.62,8,0.183,1.2664,1.9836,N,,08/2023,Analyst
51-4035.00,1.A.4.a.4,Night Vision,LV,0.75,8,0.25,0.26,1.24,N,N,08/2023,Analyst
51-4035.00,1.A.4.a.5,Peripheral Vision,IM,1.75,8,0.1637,1.4292,2.0708,N,,08/2023,Analyst
51-4035.00,1.A.4.a.5,Peripheral Vision,LV,1.12,8,0.295,0.5467,1.7033,N,N,08/2023,Analyst
51-4035.00,1.A.4.a.6,Depth Perception,IM,2.38,8,0.183,2.0164,2.7336,N,,08/2023,Analyst
51-4035.00,1.A.4.a.6,Depth Perception,LV,2.12,8,0.125,1.88,2.37,N,N,08/2023,Analyst
51-4035.00,1.A.4.a.7,Glare Sensitivity,IM,1.38,8,0.183,1.0164,1.7336,N,,08/2023,Analyst
51-4035.00,1.A.4.a.7,Glare Sensitivity,LV,0.38,8,0.183,0.0164,0.7336,N,N,08/2023,Analyst
51-4035.00,1.A.4.b.1,Hearing Sensitivity,IM,2.25,8,0.1637,1.9292,2.5708,N,,08/2023,Analyst
51-4035.00,1.A.4.b.1,Hearing Sensitivity,LV,2.25,8,0.1637,1.9292,2.5708,N,N,08/2023,Analyst
51-4035.00,1.A.4.b.2,Auditory Attention,IM,2.75,8,0.1637,2.4292,3.0708,N,,08/2023,Analyst
51-4035.00,1.A.4.b.2,Auditory Attention,LV,3.12,8,0.125,2.88,3.37,N,N,08/2023,Analyst
51-4035.00,1.A.4.b.3,Sound Localization,IM,1.75,8,0.1637,1.4292,2.0708,N,,08/2023,Analyst
51-4035.00,1.A.4.b.3,Sound Localization,LV,0.88,8,0.2266,0.4309,1.3191,N,N,08/2023,Analyst
51-4035.00,1.A.4.b.4,Speech Recognition,IM,3.0,8,0.0,3.0,3.0,N,,08/2023,Analyst
51-4035.00,1.A.4.b.4,Speech Recognition,LV,2.75,8,0.1637,2.4292,3.0708,N,N,08/2023,Analyst
51-4035.00,1.A.4.b.5,Speech Clarity,IM,2.75,8,0.1637,2.4292,3.0708,N,,08/2023,Analyst
51-4035.00,1.A.4.b.5,Speech Clarity,LV,2.75,8,0.1637,2.4292,3.0708,N,N,08/2023,Analyst
51-4041.00,1.A.1.a.1,Oral Comprehension,IM,3.12,8,0.125,2.88,3.37,N,,08/2020,Analyst
51-4041.00,1.A.1.a.1,Oral Comprehension,LV,3.12,8,0.125,2.88,3.37,N,N,08/2020,Analyst
51-4041.00,1.A.1.a.2,Written Comprehension,IM,3.0,8,0.0,3.0,3.0,N,,08/2020,Analyst
51-4041.00,1.A.1.a.2,Written Comprehension,LV,3.0,8,0.0,3.0,3.0,N,N,08/2020,Analyst
51-4041.00,1.A.1.a.3,Oral Expression,IM,3.0,8,0.0,3.0,3.0,N,,08/2020,Analyst
51-4041.00,1.A.1.a.3,Oral Expression,LV,3.0,8,0.0,3.0,3.0,N,N,08/2020,Analyst
51-4041.00,1.A.1.a.4,Written Expression,IM,2.75,8,0.1637,2.4292,3.0708,N,,08/2020,Analyst
51-4041.00,1.A.1.a.4,Written Expression,LV,2.88,8,0.125,2.63,3.12,N,N,08/2020,Analyst
51-4041.00,1.A.1.b.1,Fluency of Ideas,IM,2.62,8,0.183,2.2664,2.9836,N,,08/2020,Analyst
51-4041.00,1.A.1.b.1,Fluency of Ideas,LV,2.88,8,0.125,2.63,3.12,N,N,08/2020,Analyst
51-4041.00,1.A.1.b.2,Originality,IM,2.62,8,0.183,2.2664,2.9836,N,,08/2020,Analyst
51-4041.00,1.A.1.b.2,Originality,LV,2.88,8,0.125,2.63,3.12,N,N,08/2020,Analyst
51-4041.00,1.A.1.b.3,Problem Sensitivity,IM,3.25,8,0.1637,2.9292,3.5708,N,,08/2020,Analyst
51-4041.00,1.A.1.b.3,Problem Sensitivity,LV,3.12,8,0.125,2.88,3.37,N,N,08/2020,Analyst
51-4041.00,1.A.1.b.4,Deductive Reasoning,IM,3.25,8,0.1637,2.9292,3.5708,N,,08/2020,Analyst
51-4041.00,1.A.1.b.4,Deductive Reasoning,LV,3.25,8,0.1637,2.9292,3.5708,N,N,08/2020,Analyst
51-4041.00,1.A.1.b.5,Inductive Reasoning,IM,3.0,8,0.0,3.0,3.0,N,,08/2020,Analyst
51-4041.00,1.A.1.b.5,Inductive Reasoning,LV,3.0,8,0.0,3.0,3.0,N,N,08/2020,Analyst
51-4041.00,1.A.1.b.6,Information Ordering,IM,3.12,8,0.125,2.88,3.37,N,,08/2020,Analyst
51-4041.00,1.A.1.b.6,Information Ordering,LV,3.0,8,0.0,3.0,3.0,N,N,08/2020,Analyst
51-4041.00,1.A.1.b.7,Category Flexibility,IM,3.0,8,0.0,3.0,3.0,N,,08/2020,Analyst
51-4041.00,1.A.1.b.7,Category Flexibility,LV,3.12,8,0.125,2.88,3.37,N,N,08/2020,Analyst
51-4041.00,1.A.1.c.1,Mathematical Reasoning,IM,2.88,8,0.2266,2.4309,3.3191,N,,08/2020,Analyst
51-4041.00,1.A.1.c.1,Mathematical Reasoning,LV,2.88,8,0.125,2.63,3.12,N,N,08/2020,Analyst
51-4041.00,1.A.1.c.2,Number Facility,IM,2.75,8,0.1637,2.4292,3.0708,N,,08/2020,Analyst
51-4041.00,1.A.1.c.2,Number Facility,LV,2.88,8,0.125,2.63,3.12,N,N,08/2020,Analyst
51-4041.00,1.A.1.d.1,Memorization,IM,2.25,8,0.1637,1.9292,2.5708,N,,08/2020,Analyst
51-4041.00,1.A.1.d.1,Memorization,LV,2.12,8,0.125,1.88,2.37,N,N,08/2020,Analyst
51-4041.00,1.A.1.e.1,Speed of Closure,IM,2.38,8,0.183,2.0164,2.7336,N,,08/2020,Analyst
51-4041.00,1.A.1.e.1,Speed of Closure,LV,2.62,8,0.183,2.2664,2.9836,N,N,08/2020,Analyst
51-4041.00,1.A.1.e.2,Flexibility of Closure,IM,3.0,8,0.0,3.0,3.0,N,,08/2020,Analyst
51-4041.00,1.A.1.e.2,Flexibility of Closure,LV,3.0,8,0.0,3.0,3.0,N,N,08/2020,Analyst
51-4041.00,1.A.1.e.3,Perceptual Speed,IM,3.0,8,0.0,3.0,3.0,N,,08/2020,Analyst
51-4041.00,1.A.1.e.3,Perceptual Speed,LV,3.0,8,0.0,3.0,3.0,N,N,08/2020,Analyst
51-4041.00,1.A.1.f.1,Spatial Orientation,IM,2.0,8,0.189,1.6296,2.3704,N,,08/2020,Analyst
51-4041.00,1.A.1.f.1,Spatial Orientation,LV,1.75,8,0.25,1.26,2.24,N,N,08/2020,Analyst
51-4041.00,1.A.1.f.2,Visualization,IM,3.12,8,0.125,2.88,3.37,N,,08/2020,Analyst
51-4041.00,1.A.1.f.2,Visualization,LV,3.88,8,0.2266,3.4309,4.3191,N,N,08/2020,Analyst
51-4041.00,1.A.1.g.1,Selective Attention,IM,3.25,8,0.1637,2.9292,3.5708,N,,08/2020,Analyst
51-4041.00,1.A.1.g.1,Selective Attention,LV,3.25,8,0.1637,2.9292,3.5708,N,N,08/2020,Analyst
51-4041.00,1.A.1.g.2,Time Sharing,IM,2.62,8,0.183,2.2664,2.9836,N,,08/2020,Analyst
51-4041.00,1.A.1.g.2,Time Sharing,LV,2.62,8,0.183,2.2664,2.9836,N,N,08/2020,Analyst
51-4041.00,1.A.2.a.1,Arm-Hand Steadiness,IM,3.62,8,0.183,3.2664,3.9836,N,,08/2020,Analyst
51-4041.00,1.A.2.a.1,Arm-Hand Steadiness,LV,3.38,8,0.183,3.0164,3.7336,N,N,08/2020,Analyst
51-4041.00,1.A.2.a.2,Manual Dexterity,IM,3.62,8,0.183,3.2664,3.9836,N,,08/2020,Analyst
51-4041.00,1.A.2.a.2,Manual Dexterity,LV,3.12,8,0.125,2.88,3.37,N,N,08/2020,Analyst
51-4041.00,1.A.2.a.3,Finger Dexterity,IM,3.62,8,0.183,3.2664,3.9836,N,,08/2020,Analyst
51-4041.00,1.A.2.a.3,Finger Dexterity,LV,3.62,8,0.183,3.2664,3.9836,N,N,08/2020,Analyst
51-4041.00,1.A.2.b.1,Control Precision,IM,3.5,8,0.189,3.1296,3.8704,N,,08/2020,Analyst
51-4041.00,1.A.2.b.1,Control Precision,LV,3.75,8,0.25,3.26,4.24,N,N,08/2020,Analyst
51-4041.00,1.A.2.b.2,Multilimb Coordination,IM,3.12,8,0.125,2.88,3.37,N,,08/2020,Analyst
51-4041.00,1.A.2.b.2,Multilimb Coordination,LV,3.12,8,0.125,2.88,3.37,N,N,08/2020,Analyst
51-4041.00,1.A.2.b.3,Response Orientation,IM,2.62,8,0.183,2.2664,2.9836,N,,08/2020,Analyst
51-4041.00,1.A.2.b.3,Response Orientation,LV,2.62,8,0.183,2.2664,2.9836,N,N,08/2020,Analyst
51-4041.00,1.A.2.b.4,Rate Control,IM,3.12,8,0.125,2.88,3.37,N,,08/2020,Analyst
51-4041.00,1.A.2.b.4,Rate Control,LV,3.12,8,0.125,2.88,3.37,N,N,08/2020,Analyst
51-4041.00,1.A.2.c.1,Reaction Time,IM,3.0,8,0.0,3.0,3.0,N,,08/2020,Analyst
51-4041.00,1.A.2.c.1,Reaction Time,LV,3.12,8,0.125,2.88,3.37,N,N,08/2020,Analyst
51-4041.00,1.A.2.c.2,Wrist-Finger Speed,IM,2.75,8,0.1637,2.4292,3.0708,N,,08/2020,Analyst
51-4041.00,1.A.2.c.2,Wrist-Finger Speed,LV,2.62,8,0.183,2.2664,2.9836,N,N,08/2020,Analyst
51-4041.00,1.A.2.c.3,Speed of Limb Movement,IM,2.0,8,0.0,2.0,2.0,N,,08/2020,Analyst
51-4041.00,1.A.2.c.3,Speed of Limb Movement,LV,2.0,8,0.0,2.0,2.0,N,N,08/2020,Analyst
51-4041.00,1.A.3.a.1,Static Strength,IM,2.5,8,0.189,2.1296,2.8704,N,,08/2020,Analyst
51-4041.00,1.A.3.a.1,Static Strength,LV,2.62,8,0.2631,2.1094,3.1406,N,N,08/2020,Analyst
51-4041.00,1.A.3.a.2,Explosive Strength,IM,1.88,8,0.2266,1.4309,2.3191,N,,08/2020,Analyst
51-4041.00,1.A.3.a.2,Explosive Strength,LV,1.25,8,0.3134,0.6358,1.8642,N,N,08/2020,Analyst
51-4041.00,1.A.3.a.3,Dynamic Strength,IM,2.25,8,0.1637,1.9292,2.5708,N,,08/2020,Analyst
51-4041.00,1.A.3.a.3,Dynamic Strength,LV,2.25,8,0.1637,1.9292,2.5708,N,N,08/2020,Analyst
51-4041.00,1.A.3.a.4,Trunk Strength,IM,2.75,8,0.1637,2.4292,3.0708,N,,08/2020,Analyst
51-4041.00,1.A.3.a.4,Trunk Strength,LV,3.0,8,0.0,3.0,3.0,N,N,08/2020,Analyst
51-4041.00,1.A.3.b.1,Stamina,IM,2.25,8,0.1637,1.9292,2.5708,N,,08/2020,Analyst
51-4041.00,1.A.3.b.1,Stamina,LV,2.12,8,0.125,1.88,2.37,N,N,08/2020,Analyst
51-4041.00,1.A.3.c.1,Extent Flexibility,IM,2.75,8,0.1637,2.4292,3.0708,N,,08/2020,Analyst
51-4041.00,1.A.3.c.1,Extent Flexibility,LV,3.0,8,0.189,2.6296,3.3704,N,N,08/2020,Analyst
51-4041.00,1.A.3.c.2,Dynamic Flexibility,IM,1.62,8,0.183,1.2664,1.9836,N,,08/2020,Analyst
51-4041.00,1.A.3.c.2,Dynamic Flexibility,LV,0.62,8,0.183,0.2664,0.9836,N,N,08/2020,Analyst
51-4041.00,1.A.3.c.3,Gross Body Coordination,IM,2.12,8,0.125,1.88,2.37,N,,08/2020,Analyst
51-4041.00,1.A.3.c.3,Gross Body Coordination,LV,2.0,8,0.0,2.0,2.0,N,N,08/2020,Analyst
51-4041.00,1.A.3.c.4,Gross Body Equilibrium,IM,2.0,8,0.0,2.0,2.0,N,,08/2020,Analyst
51-4041.00,1.A.3.c.4,Gross Body Equilibrium,LV,1.88,8,0.125,1.63,2.12,N,N,08/2020,Analyst
51-4041.00,1.A.4.a.1,Near Vision,IM,3.25,8,0.1637,2.9292,3.5708,N,,08/2020,Analyst
51-4041.00,1.A.4.a.1,Near Vision,LV,3.5,8,0.189,3.1296,3.8704,N,N,08/2020,Analyst
51-4041.00,1.A.4.a.2,Far Vision,IM,2.88,8,0.125,2.63,3.12,N,,08/2020,Analyst
51-4041.00,1.A.4.a.2,Far Vision,LV,2.88,8,0.125,2.63,3.12,N,N,08/2020,Analyst
51-4041.00,1.A.4.a.3,Visual Color Discrimination,IM,2.38,8,0.183,2.0164,2.7336,N,,08/2020,Analyst
51-4041.00,1.A.4.a.3,Visual Color Discrimination,LV,2.5,8,0.189,2.1296,2.8704,N,N,08/2020,Analyst
51-4041.00,1.A.4.a.4,Night Vision,IM,1.5,8,0.189,1.1296,1.8704,N,,08/2020,Analyst
51-4041.00,1.A.4.a.4,Night Vision,LV,0.5,8,0.189,0.1296,0.8704,N,N,08/2020,Analyst
51-4041.00,1.A.4.a.5,Peripheral Vision,IM,1.75,8,0.1637,1.4292,2.0708,N,,08/2020,Analyst
51-4041.00,1.A.4.a.5,Peripheral Vision,LV,1.0,8,0.2673,0.4762,1.5238,N,N,08/2020,Analyst
51-4041.00,1.A.4.a.6,Depth Perception,IM,2.62,8,0.183,2.2664,2.9836,N,,08/2020,Analyst
51-4041.00,1.A.4.a.6,Depth Perception,LV,2.62,8,0.183,2.2664,2.9836,N,N,08/2020,Analyst
51-4041.00,1.A.4.a.7,Glare Sensitivity,IM,1.62,8,0.183,1.2664,1.9836,N,,08/2020,Analyst
51-4041.00,1.A.4.a.7,Glare Sensitivity,LV,0.75,8,0.25,0.26,1.24,N,N,08/2020,Analyst
51-4041.00,1.A.4.b.1,Hearing Sensitivity,IM,2.62,8,0.183,2.2664,2.9836,N,,08/2020,Analyst
51-4041.00,1.A.4.b.1,Hearing Sensitivity,LV,2.75,8,0.1637,2.4292,3.0708,N,N,08/2020,Analyst
51-4041.00,1.A.4.b.2,Auditory Attention,IM,2.75,8,0.1637,2.4292,3.0708,N,,08/2020,Analyst
51-4041.00,1.A.4.b.2,Auditory Attention,LV,3.12,8,0.125,2.88,3.37,N,N,08/2020,Analyst
51-4041.00,1.A.4.b.3,Sound Localization,IM,1.88,8,0.125,1.63,2.12,N,,08/2020,Analyst
51-4041.00,1.A.4.b.3,Sound Localization,LV,1.0,8,0.189,0.6296,1.3704,N,N,08/2020,Analyst
51-4041.00,1.A.4.b.4,Speech Recognition,IM,3.0,8,0.0,3.0,3.0,N,,08/2020,Analyst
51-4041.00,1.A.4.b.4,Speech Recognition,LV,3.0,8,0.0,3.0,3.0,N,N,08/2020,Analyst
51-4041.00,1.A.4.b.5,Speech Clarity,IM,3.0,8,0.0,3.0,3.0,N,,08/2020,Analyst
51-4041.00,1.A.4.b.5,Speech Clarity,LV,2.88,8,0.125,2.63,3.12,N,N,08/2020,Analyst
51-4051.00,1.A.1.a.1,Oral Comprehension,IM,2.88,8,0.125,2.63,3.12,N,,08/2018,Analyst
51-4051.00,1.A.1.a.1,Oral Comprehension,LV,3.0,8,0.0,3.0,3.0,N,N,08/2018,Analyst
51-4051.00,1.A.1.a.2,Written Comprehension,IM,2.88,8,0.125,2.63,3.12,N,,08/2018,Analyst
51-4051.00,1.A.1.a.2,Written Comprehension,LV,2.88,8,0.125,2.63,3.12,N,N,08/2018,Analyst
51-4051.00,1.A.1.a.3,Oral Expression,IM,3.0,8,0.0,3.0,3.0,N,,08/2018,Analyst
51-4051.00,1.A.1.a.3,Oral Expression,LV,3.0,8,0.0,3.0,3.0,N,N,08/2018,Analyst
51-4051.00,1.A.1.a.4,Written Expression,IM,2.75,8,0.1637,2.4292,3.0708,N,,08/2018,Analyst
51-4051.00,1.A.1.a.4,Written Expression,LV,2.25,8,0.1637,1.9292,2.5708,N,N,08/2018,Analyst
51-4051.00,1.A.1.b.1,Fluency of Ideas,IM,2.0,8,0.0,2.0,2.0,N,,08/2018,Analyst
51-4051.00,1.A.1.b.1,Fluency of Ideas,LV,2.0,8,0.0,2.0,2.0,N,N,08/2018,Analyst
51-4051.00,1.A.1.b.2,Originality,IM,2.12,8,0.125,1.88,2.37,N,,08/2018,Analyst
51-4051.00,1.A.1.b.2,Originality,LV,2.0,8,0.0,2.0,2.0,N,N,08/2018,Analyst
51-4051.00,1.A.1.b.3,Problem Sensitivity,IM,3.75,8,0.1637,3.4292,4.0708,N,,08/2018,Analyst
51-4051.00,1.A.1.b.3,Problem Sensitivity,LV,3.0,8,0.0,3.0,3.0,N,N,08/2018,Analyst
51-4051.00,1.A.1.b.4,Deductive Reasoning,IM,3.12,8,0.125,2.88,3.37,N,,08/2018,Analyst
51-4051.00,1.A.1.b.4,Deductive Reasoning,LV,2.88,8,0.125,2.63,3.12,N,N,08/2018,Analyst
51-4051.00,1.A.1.b.5,Inductive Reasoning,IM,3.0,8,0.0,3.0,3.0,N,,08/2018,Analyst
51-4051.00,1.A.1.b.5,Inductive Reasoning,LV,2.88,8,0.125,2.63,3.12,N,N,08/2018,Analyst
51-4051.00,1.A.1.b.6,Information Ordering,IM,3.25,8,0.1637,2.9292,3.5708,N,,08/2018,Analyst
51-4051.00,1.A.1.b.6,Information Ordering,LV,3.0,8,0.0,3.0,3.0,N,N,08/2018,Analyst
51-4051.00,1.A.1.b.7,Category Flexibility,IM,2.88,8,0.125,2.63,3.12,N,,08/2018,Analyst
51-4051.00,1.A.1.b.7,Category Flexibility,LV,2.88,8,0.125,2.63,3.12,N,N,08/2018,Analyst
51-4051.00,1.A.1.c.1,Mathematical Reasoning,IM,2.5,8,0.189,2.1296,2.8704,N,,08/2018,Analyst
51-4051.00,1.A.1.c.1,Mathematical Reasoning,LV,2.0,8,0.0,2.0,2.0,N,N,08/2018,Analyst
51-4051.00,1.A.1.c.2,Number Facility,IM,2.5,8,0.189,2.1296,2.8704,N,,08/2018,Analyst
51-4051.00,1.A.1.c.2,Number Facility,LV,2.38,8,0.183,2.0164,2.7336,N,N,08/2018,Analyst
51-4051.00,1.A.1.d.1,Memorization,IM,2.5,8,0.189,2.1296,2.8704,N,,08/2018,Analyst
51-4051.00,1.A.1.d.1,Memorization,LV,2.0,8,0.0,2.0,2.0,N,N,08/2018,Analyst
51-4051.00,1.A.1.e.1,Speed of Closure,IM,2.12,8,0.125,1.88,2.37,N,,08/2018,Analyst
51-4051.00,1.A.1.e.1,Speed of Closure,LV,2.12,8,0.125,1.88,2.37,N,N,08/2018,Analyst
51-4051.00,1.A.1.e.2,Flexibility of Closure,IM,3.0,8,0.0,3.0,3.0,N,,08/2018,Analyst
51-4051.00,1.A.1.e.2,Flexibility of Closure,LV,2.88,8,0.125,2.63,3.12,N,N,08/2018,Analyst
51-4051.00,1.A.1.e.3,Perceptual Speed,IM,3.12,8,0.125,2.88,3.37,N,,08/2018,Analyst
51-4051.00,1.A.1.e.3,Perceptual Speed,LV,3.12,8,0.125,2.88,3.37,N,N,08/2018,Analyst
51-4051.00,1.A.1.f.1,Spatial Orientation,IM,2.38,8,0.183,2.0164,2.7336,N,,08/2018,Analyst
51-4051.00,1.A.1.f.1,Spatial Orientation,LV,1.75,8,0.1637,1.4292,2.0708,N,N,08/2018,Analyst
51-4051.00,1.A.1.f.2,Visualization,IM,2.88,8,0.125,2.63,3.12,N,,08/2018,Analyst
51-4051.00,1.A.1.f.2,Visualization,LV,3.0,8,0.0,3.0,3.0,N,N,08/2018,Analyst
51-4051.00,1.A.1.g.1,Selective Attention,IM,3.38,8,0.183,3.0164,3.7336,N,,08/2018,Analyst
51-4051.00,1.A.1.g.1,Selective Attention,LV,3.25,8,0.1637,2.9292,3.5708,N,N,08/2018,Analyst
51-4051.00,1.A.1.g.2,Time Sharing,IM,2.88,8,0.125,2.63,3.12,N,,08/2018,Analyst
51-4051.00,1.A.1.g.2,Time Sharing,LV,2.75,8,0.1637,2.4292,3.0708,N,N,08/2018,Analyst
51-4051.00,1.A.2.a.1,Arm-Hand Steadiness,IM,3.62,8,0.183,3.2664,3.9836,N,,08/2018,Analyst
51-4051.00,1.A.2.a.1,Arm-Hand Steadiness,LV,3.12,8,0.125,2.88,3.37,N,N,08/2018,Analyst
51-4051.00,1.A.2.a.2,Manual Dexterity,IM,3.75,8,0.1637,3.4292,4.0708,N,,08/2018,Analyst
51-4051.00,1.A.2.a.2,Manual Dexterity,LV,3.25,8,0.1637,2.9292,3.5708,N,N,08/2018,Analyst
51-4051.00,1.A.2.a.3,Finger Dexterity,IM,3.0,8,0.0,3.0,3.0,N,,08/2018,Analyst
51-4051.00,1.A.2.a.3,Finger Dexterity,LV,3.0,8,0.0,3.0,3.0,N,N,08/2018,Analyst
51-4051.00,1.A.2.b.1,Control Precision,IM,3.88,8,0.125,3.63,4.12,N,,08/2018,Analyst
51-4051.00,1.A.2.b.1,Control Precision,LV,4.0,8,0.0,4.0,4.0,N,N,08/2018,Analyst
51-4051.00,1.A.2.b.2,Multilimb Coordination,IM,3.25,8,0.1637,2.9292,3.5708,N,,08/2018,Analyst
51-4051.00,1.A.2.b.2,Multilimb Coordination,LV,3.62,8,0.183,3.2664,3.9836,N,N,08/2018,Analyst
51-4051.00,1.A.2.b.3,Response Orientation,IM,3.0,8,0.189,2.6296,3.3704,N,,08/2018,Analyst
51-4051.00,1.A.2.b.3,Response Orientation,LV,2.75,8,0.1637,2.4292,3.0708,N,N,08/2018,Analyst
51-4051.00,1.A.2.b.4,Rate Control,IM,3.12,8,0.125,2.88,3.37,N,,08/2018,Analyst
51-4051.00,1.A.2.b.4,Rate Control,LV,2.88,8,0.125,2.63,3.12,N,N,08/2018,Analyst
51-4051.00,1.A.2.c.1,Reaction Time,IM,3.62,8,0.183,3.2664,3.9836,N,,08/2018,Analyst
51-4051.00,1.A.2.c.1,Reaction Time,LV,3.25,8,0.1637,2.9292,3.5708,N,N,08/2018,Analyst
51-4051.00,1.A.2.c.2,Wrist-Finger Speed,IM,2.5,8,0.189,2.1296,2.8704,N,,08/2018,Analyst
51-4051.00,1.A.2.c.2,Wrist-Finger Speed,LV,2.12,8,0.125,1.88,2.37,N,N,08/2018,Analyst
51-4051.00,1.A.2.c.3,Speed of Limb Movement,IM,2.38,8,0.2631,1.8594,2.8906,N,,08/2018,Analyst
51-4051.00,1.A.2.c.3,Speed of Limb Movement,LV,1.75,8,0.25,1.26,2.24,N,N,08/2018,Analyst
51-4051.00,1.A.3.a.1,Static Strength,IM,3.12,8,0.125,2.88,3.37,N,,08/2018,Analyst
51-4051.00,1.A.3.a.1,Static Strength,LV,3.12,8,0.125,2.88,3.37,N,N,08/2018,Analyst
51-4051.00,1.A.3.a.2,Explosive Strength,IM,1.88,8,0.295,1.2967,2.4533,N,,08/2018,Analyst
51-4051.00,1.A.3.a.2,Explosive Strength,LV,1.38,8,0.4199,0.5519,2.1981,N,N,08/2018,Analyst
51-4051.00,1.A.3.a.3,Dynamic Strength,IM,2.75,8,0.1637,2.4292,3.0708,N,,08/2018,Analyst
51-4051.00,1.A.3.a.3,Dynamic Strength,LV,2.62,8,0.183,2.2664,2.9836,N,N,08/2018,Analyst
51-4051.00,1.A.3.a.4,Trunk Strength,IM,3.0,8,0.0,3.0,3.0,N,,08/2018,Analyst
51-4051.00,1.A.3.a.4,Trunk Strength,LV,3.25,8,0.1637,2.9292,3.5708,N,N,08/2018,Analyst
51-4051.00,1.A.3.b.1,Stamina,IM,2.75,8,0.1637,2.4292,3.0708,N,,08/2018,Analyst
51-4051.00,1.A.3.b.1,Stamina,LV,2.88,8,0.125,2.63,3.12,N,N,08/2018,Analyst
51-4051.00,1.A.3.c.1,Extent Flexibility,IM,3.12,8,0.125,2.88,3.37,N,,08/2018,Analyst
51-4051.00,1.A.3.c.1,Extent Flexibility,LV,3.12,8,0.125,2.88,3.37,N,N,08/2018,Analyst
51-4051.00,1.A.3.c.2,Dynamic Flexibility,IM,1.38,8,0.183,1.0164,1.7336,N,,08/2018,Analyst
51-4051.00,1.A.3.c.2,Dynamic Flexibility,LV,0.62,8,0.3239,0.0,1.2598,N,N,08/2018,Analyst
51-4051.00,1.A.3.c.3,Gross Body Coordination,IM,2.62,8,0.183,2.2664,2.9836,N,,08/2018,Analyst
51-4051.00,1.A.3.c.3,Gross Body Coordination,LV,2.5,8,0.189,2.1296,2.8704,N,N,08/2018,Analyst
51-4051.00,1.A.3.c.4,Gross Body Equilibrium,IM,2.0,8,0.0,2.0,2.0,N,,08/2018,Analyst
51-4051.00,1.A.3.c.4,Gross Body Equilibrium,LV,2.0,8,0.0,2.0,2.0,N,N,08/2018,Analyst
51-4051.00,1.A.4.a.1,Near Vision,IM,3.75,8,0.1637,3.4292,4.0708,N,,08/2018,Analyst
51-4051.00,1.A.4.a.1,Near Vision,LV,3.12,8,0.125,2.88,3.37,N,N,08/2018,Analyst
51-4051.00,1.A.4.a.2,Far Vision,IM,2.88,8,0.125,2.63,3.12,N,,08/2018,Analyst
51-4051.00,1.A.4.a.2,Far Vision,LV,2.88,8,0.125,2.63,3.12,N,N,08/2018,Analyst
51-4051.00,1.A.4.a.3,Visual Color Discrimination,IM,3.0,8,0.189,2.6296,3.3704,N,,08/2018,Analyst
51-4051.00,1.A.4.a.3,Visual Color Discrimination,LV,2.88,8,0.125,2.63,3.12,N,N,08/2018,Analyst
51-4051.00,1.A.4.a.4,Night Vision,IM,2.0,8,0.0,2.0,2.0,N,,08/2018,Analyst
51-4051.00,1.A.4.a.4,Night Vision,LV,1.88,8,0.125,1.63,2.12,N,N,08/2018,Analyst
51-4051.00,1.A.4.a.5,Peripheral Vision,IM,2.0,8,0.0,2.0,2.0,N,,08/2018,Analyst
51-4051.00,1.A.4.a.5,Peripheral Vision,LV,1.88,8,0.125,1.63,2.12,N,N,08/2018,Analyst
51-4051.00,1.A.4.a.6,Depth Perception,IM,3.12,8,0.125,2.88,3.37,N,,08/2018,Analyst
51-4051.00,1.A.4.a.6,Depth Perception,LV,3.0,8,0.189,2.6296,3.3704,N,N,08/2018,Analyst
51-4051.00,1.A.4.a.7,Glare Sensitivity,IM,3.0,8,0.0,3.0,3.0,N,,08/2018,Analyst
51-4051.00,1.A.4.a.7,Glare Sensitivity,LV,2.88,8,0.125,2.63,3.12,N,N,08/2018,Analyst
51-4051.00,1.A.4.b.1,Hearing Sensitivity,IM,3.12,8,0.125,2.88,3.37,N,,08/2018,Analyst
51-4051.00,1.A.4.b.1,Hearing Sensitivity,LV,3.0,8,0.0,3.0,3.0,N,N,08/2018,Analyst
51-4051.00,1.A.4.b.2,Auditory Attention,IM,3.0,8,0.0,3.0,3.0,N,,08/2018,Analyst
51-4051.00,1.A.4.b.2,Auditory Attention,LV,3.25,8,0.1637,2.9292,3.5708,N,N,08/2018,Analyst
51-4051.00,1.A.4.b.3,Sound Localization,IM,2.12,8,0.125,1.88,2.37,N,,08/2018,Analyst
51-4051.00,1.A.4.b.3,Sound Localization,LV,2.0,8,0.0,2.0,2.0,N,N,08/2018,Analyst
51-4051.00,1.A.4.b.4,Speech Recognition,IM,2.88,8,0.125,2.63,3.12,N,,08/2018,Analyst
51-4051.00,1.A.4.b.4,Speech Recognition,LV,2.38,8,0.183,2.0164,2.7336,N,N,08/2018,Analyst
51-4051.00,1.A.4.b.5,Speech Clarity,IM,2.88,8,0.125,2.63,3.12,N,,08/2018,Analyst
51-4051.00,1.A.4.b.5,Speech Clarity,LV,2.38,8,0.183,2.0164,2.7336,N,N,08/2018,Analyst
51-4052.00,1.A.1.a.1,Oral Comprehension,IM,3.0,8,0.0,3.0,3.0,N,,08/2024,Analyst
51-4052.00,1.A.1.a.1,Oral Comprehension,LV,3.0,8,0.0,3.0,3.0,N,N,08/2024,Analyst
51-4052.00,1.A.1.a.2,Written Comprehension,IM,2.75,8,0.1637,2.4292,3.0708,N,,08/2024,Analyst
51-4052.00,1.A.1.a.2,Written Comprehension,LV,2.38,8,0.183,2.0164,2.7336,N,N,08/2024,Analyst
51-4052.00,1.A.1.a.3,Oral Expression,IM,2.75,8,0.1637,2.4292,3.0708,N,,08/2024,Analyst
51-4052.00,1.A.1.a.3,Oral Expression,LV,2.88,8,0.125,2.63,3.12,N,N,08/2024,Analyst
51-4052.00,1.A.1.a.4,Written Expression,IM,2.0,8,0.0,2.0,2.0,N,,08/2024,Analyst
51-4052.00,1.A.1.a.4,Written Expression,LV,2.0,8,0.0,2.0,2.0,N,N,08/2024,Analyst
51-4052.00,1.A.1.b.1,Fluency of Ideas,IM,2.0,8,0.0,2.0,2.0,N,,08/2024,Analyst
51-4052.00,1.A.1.b.1,Fluency of Ideas,LV,1.88,8,0.125,1.63,2.12,N,N,08/2024,Analyst
51-4052.00,1.A.1.b.2,Originality,IM,2.0,8,0.0,2.0,2.0,N,,08/2024,Analyst
51-4052.00,1.A.1.b.2,Originality,LV,1.88,8,0.125,1.63,2.12,N,N,08/2024,Analyst
51-4052.00,1.A.1.b.3,Problem Sensitivity,IM,3.0,8,0.0,3.0,3.0,N,,08/2024,Analyst
51-4052.00,1.A.1.b.3,Problem Sensitivity,LV,3.0,8,0.0,3.0,3.0,N,N,08/2024,Analyst
51-4052.00,1.A.1.b.4,Deductive Reasoning,IM,2.88,8,0.125,2.63,3.12,N,,08/2024,Analyst
51-4052.00,1.A.1.b.4,Deductive Reasoning,LV,2.88,8,0.125,2.63,3.12,N,N,08/2024,Analyst
51-4052.00,1.A.1.b.5,Inductive Reasoning,IM,2.75,8,0.1637,2.4292,3.0708,N,,08/2024,Analyst
51-4052.00,1.A.1.b.5,Inductive Reasoning,LV,2.75,8,0.1637,2.4292,3.0708,N,N,08/2024,Analyst
51-4052.00,1.A.1.b.6,Information Ordering,IM,2.88,8,0.125,2.63,3.12,N,,08/2024,Analyst
51-4052.00,1.A.1.b.6,Information Ordering,LV,2.88,8,0.125,2.63,3.12,N,N,08/2024,Analyst
51-4052.00,1.A.1.b.7,Category Flexibility,IM,3.0,8,0.0,3.0,3.0,N,,08/2024,Analyst
51-4052.00,1.A.1.b.7,Category Flexibility,LV,3.0,8,0.0,3.0,3.0,N,N,08/2024,Analyst
51-4052.00,1.A.1.c.1,Mathematical Reasoning,IM,2.0,8,0.0,2.0,2.0,N,,08/2024,Analyst
51-4052.00,1.A.1.c.1,Mathematical Reasoning,LV,1.5,8,0.189,1.1296,1.8704,N,N,08/2024,Analyst
51-4052.00,1.A.1.c.2,Number Facility,IM,2.0,8,0.0,2.0,2.0,N,,08/2024,Analyst
51-4052.00,1.A.1.c.2,Number Facility,LV,1.75,8,0.25,1.26,2.24,N,N,08/2024,Analyst
51-4052.00,1.A.1.d.1,Memorization,IM,2.0,8,0.0,2.0,2.0,N,,08/2024,Analyst
51-4052.00,1.A.1.d.1,Memorization,LV,2.0,8,0.0,2.0,2.0,N,N,08/2024,Analyst
51-4052.00,1.A.1.e.1,Speed of Closure,IM,2.0,8,0.0,2.0,2.0,N,,08/2024,Analyst
51-4052.00,1.A.1.e.1,Speed of Closure,LV,1.88,8,0.125,1.63,2.12,N,N,08/2024,Analyst
51-4052.00,1.A.1.e.2,Flexibility of Closure,IM,2.88,8,0.125,2.63,3.12,N,,08/2024,Analyst
51-4052.00,1.A.1.e.2,Flexibility of Closure,LV,2.88,8,0.125,2.63,3.12,N,N,08/2024,Analyst
51-4052.00,1.A.1.e.3,Perceptual Speed,IM,3.12,8,0.125,2.88,3.37,N,,08/2024,Analyst
51-4052.00,1.A.1.e.3,Perceptual Speed,LV,3.12,8,0.125,2.88,3.37,N,N,08/2024,Analyst
51-4052.00,1.A.1.f.1,Spatial Orientation,IM,2.0,8,0.0,2.0,2.0,N,,08/2024,Analyst
51-4052.00,1.A.1.f.1,Spatial Orientation,LV,1.75,8,0.1637,1.4292,2.0708,N,N,08/2024,Analyst
51-4052.00,1.A.1.f.2,Visualization,IM,2.75,8,0.1637,2.4292,3.0708,N,,08/2024,Analyst
51-4052.00,1.A.1.f.2,Visualization,LV,2.62,8,0.183,2.2664,2.9836,N,N,08/2024,Analyst
51-4052.00,1.A.1.g.1,Selective Attention,IM,3.0,8,0.0,3.0,3.0,N,,08/2024,Analyst
51-4052.00,1.A.1.g.1,Selective Attention,LV,3.0,8,0.0,3.0,3.0,N,N,08/2024,Analyst
51-4052.00,1.A.1.g.2,Time Sharing,IM,2.5,8,0.189,2.1296,2.8704,N,,08/2024,Analyst
51-4052.00,1.A.1.g.2,Time Sharing,LV,2.75,8,0.1637,2.4292,3.0708,N,N,08/2024,Analyst
51-4052.00,1.A.2.a.1,Arm-Hand Steadiness,IM,3.75,8,0.1637,3.4292,4.0708,N,,08/2024,Analyst
51-4052.00,1.A.2.a.1,Arm-Hand Steadiness,LV,3.12,8,0.125,2.88,3.37,N,N,08/2024,Analyst
51-4052.00,1.A.2.a.2,Manual Dexterity,IM,3.5,8,0.189,3.1296,3.8704,N,,08/2024,Analyst
51-4052.00,1.A.2.a.2,Manual Dexterity,LV,3.0,8,0.0,3.0,3.0,N,N,08/2024,Analyst
51-4052.00,1.A.2.a.3,Finger Dexterity,IM,3.0,8,0.0,3.0,3.0,N,,08/2024,Analyst
51-4052.00,1.A.2.a.3,Finger Dexterity,LV,2.88,8,0.125,2.63,3.12,N,N,08/2024,Analyst
51-4052.00,1.A.2.b.1,Control Precision,IM,3.5,8,0.189,3.1296,3.8704,N,,08/2024,Analyst
51-4052.00,1.A.2.b.1,Control Precision,LV,3.0,8,0.0,3.0,3.0,N,N,08/2024,Analyst
51-4052.00,1.A.2.b.2,Multilimb Coordination,IM,3.12,8,0.125,2.88,3.37,N,,08/2024,Analyst
51-4052.00,1.A.2.b.2,Multilimb Coordination,LV,3.0,8,0.0,3.0,3.0,N,N,08/2024,Analyst
51-4052.00,1.A.2.b.3,Response Orientation,IM,2.38,8,0.183,2.0164,2.7336,N,,08/2024,Analyst
51-4052.00,1.A.2.b.3,Response Orientation,LV,2.12,8,0.125,1.88,2.37,N,N,08/2024,Analyst
51-4052.00,1.A.2.b.4,Rate Control,IM,2.75,8,0.1637,2.4292,3.0708,N,,08/2024,Analyst
51-4052.00,1.A.2.b.4,Rate Control,LV,2.62,8,0.183,2.2664,2.9836,N,N,08/2024,Analyst
51-4052.00,1.A.2.c.1,Reaction Time,IM,3.12,8,0.125,2.88,3.37,N,,08/2024,Analyst
51-4052.00,1.A.2.c.1,Reaction Time,LV,3.25,8,0.1637,2.9292,3.5708,N,N,08/2024,Analyst
51-4052.00,1.A.2.c.2,Wrist-Finger Speed,IM,2.0,8,0.0,2.0,2.0,N,,08/2024,Analyst
51-4052.00,1.A.2.c.2,Wrist-Finger Speed,LV,2.0,8,0.0,2.0,2.0,N,N,08/2024,Analyst
51-4052.00,1.A.2.c.3,Speed of Limb Movement,IM,1.75,8,0.1637,1.4292,2.0708,N,,08/2024,Analyst
51-4052.00,1.A.2.c.3,Speed of Limb Movement,LV,1.25,8,0.3134,0.6358,1.8642,N,N,08/2024,Analyst
51-4052.00,1.A.3.a.1,Static Strength,IM,2.88,8,0.125,2.63,3.12,N,,08/2024,Analyst
51-4052.00,1.A.3.a.1,Static Strength,LV,3.12,8,0.125,2.88,3.37,N,N,08/2024,Analyst
51-4052.00,1.A.3.a.2,Explosive Strength,IM,2.12,8,0.125,1.88,2.37,N,,08/2024,Analyst
51-4052.00,1.A.3.a.2,Explosive Strength,LV,1.38,8,0.183,1.0164,1.7336,N,N,08/2024,Analyst
51-4052.00,1.A.3.a.3,Dynamic Strength,IM,2.0,8,0.0,2.0,2.0,N,,08/2024,Analyst
51-4052.00,1.A.3.a.3,Dynamic Strength,LV,2.0,8,0.0,2.0,2.0,N,N,08/2024,Analyst
51-4052.00,1.A.3.a.4,Trunk Strength,IM,3.0,8,0.0,3.0,3.0,N,,08/2024,Analyst
51-4052.00,1.A.3.a.4,Trunk Strength,LV,3.0,8,0.0,3.0,3.0,N,N,08/2024,Analyst
51-4052.00,1.A.3.b.1,Stamina,IM,2.5,8,0.189,2.1296,2.8704,N,,08/2024,Analyst
51-4052.00,1.A.3.b.1,Stamina,LV,2.12,8,0.125,1.88,2.37,N,N,08/2024,Analyst
51-4052.00,1.A.3.c.1,Extent Flexibility,IM,2.75,8,0.1637,2.4292,3.0708,N,,08/2024,Analyst
51-4052.00,1.A.3.c.1,Extent Flexibility,LV,2.75,8,0.1637,2.4292,3.0708,N,N,08/2024,Analyst
51-4052.00,1.A.3.c.2,Dynamic Flexibility,IM,1.0,8,0.0,1.0,1.0,N,,08/2024,Analyst
51-4052.00,1.A.3.c.2,Dynamic Flexibility,LV,0.0,8,0.0,0.0,0.0,N,Y,08/2024,Analyst
51-4052.00,1.A.3.c.3,Gross Body Coordination,IM,2.0,8,0.0,2.0,2.0,N,,08/2024,Analyst
51-4052.00,1.A.3.c.3,Gross Body Coordination,LV,2.0,8,0.0,2.0,2.0,N,N,08/2024,Analyst
51-4052.00,1.A.3.c.4,Gross Body Equilibrium,IM,2.0,8,0.0,2.0,2.0,N,,08/2024,Analyst
51-4052.00,1.A.3.c.4,Gross Body Equilibrium,LV,1.88,8,0.125,1.63,2.12,N,N,08/2024,Analyst
51-4052.00,1.A.4.a.1,Near Vision,IM,3.12,8,0.125,2.88,3.37,N,,08/2024,Analyst
51-4052.00,1.A.4.a.1,Near Vision,LV,3.62,8,0.183,3.2664,3.9836,N,N,08/2024,Analyst
51-4052.00,1.A.4.a.2,Far Vision,IM,2.88,8,0.125,2.63,3.12,N,,08/2024,Analyst
51-4052.00,1.A.4.a.2,Far Vision,LV,2.88,8,0.125,2.63,3.12,N,N,08/2024,Analyst
51-4052.00,1.A.4.a.3,Visual Color Discrimination,IM,2.88,8,0.125,2.63,3.12,N,,08/2024,Analyst
51-4052.00,1.A.4.a.3,Visual Color Discrimination,LV,3.0,8,0.0,3.0,3.0,N,N,08/2024,Analyst
51-4052.00,1.A.4.a.4,Night Vision,IM,2.0,8,0.0,2.0,2.0,N,,08/2024,Analyst
51-4052.00,1.A.4.a.4,Night Vision,LV,1.62,8,0.183,1.2664,1.9836,N,N,08/2024,Analyst
51-4052.00,1.A.4.a.5,Peripheral Vision,IM,2.0,8,0.0,2.0,2.0,N,,08/2024,Analyst
51-4052.00,1.A.4.a.5,Peripheral Vision,LV,1.75,8,0.1637,1.4292,2.0708,N,N,08/2024,Analyst
51-4052.00,1.A.4.a.6,Depth Perception,IM,2.75,8,0.1637,2.4292,3.0708,N,,08/2024,Analyst
51-4052.00,1.A.4.a.6,Depth Perception,LV,2.5,8,0.189,2.1296,2.8704,N,N,08/2024,Analyst
51-4052.00,1.A.4.a.7,Glare Sensitivity,IM,2.0,8,0.0,2.0,2.0,N,,08/2024,Analyst
51-4052.00,1.A.4.a.7,Glare Sensitivity,LV,2.0,8,0.189,1.6296,2.3704,N,N,08/2024,Analyst
51-4052.00,1.A.4.b.1,Hearing Sensitivity,IM,2.5,8,0.189,2.1296,2.8704,N,,08/2024,Analyst
51-4052.00,1.A.4.b.1,Hearing Sensitivity,LV,2.25,8,0.1637,1.9292,2.5708,N,N,08/2024,Analyst
51-4052.00,1.A.4.b.2,Auditory Attention,IM,2.5,8,0.189,2.1296,2.8704,N,,08/2024,Analyst
51-4052.00,1.A.4.b.2,Auditory Attention,LV,2.5,8,0.189,2.1296,2.8704,N,N,08/2024,Analyst
51-4052.00,1.A.4.b.3,Sound Localization,IM,2.0,8,0.0,2.0,2.0,N,,08/2024,Analyst
51-4052.00,1.A.4.b.3,Sound Localization,LV,1.62,8,0.183,1.2664,1.9836,N,N,08/2024,Analyst
51-4052.00,1.A.4.b.4,Speech Recognition,IM,2.88,8,0.125,2.63,3.12,N,,08/2024,Analyst
51-4052.00,1.A.4.b.4,Speech Recognition,LV,2.75,8,0.1637,2.4292,3.0708,N,N,08/2024,Analyst
51-4052.00,1.A.4.b.5,Speech Clarity,IM,2.75,8,0.1637,2.4292,3.0708,N,,08/2024,Analyst
51-4052.00,1.A.4.b.5,Speech Clarity,LV,2.62,8,0.183,2.2664,2.9836,N,N,08/2024,Analyst
51-4061.00,1.A.1.a.1,Oral Comprehension,IM,3.25,8,0.1637,2.9292,3.5708,N,,07/2016,Analyst
51-4061.00,1.A.1.a.1,Oral Comprehension,LV,3.62,8,0.183,3.2664,3.9836,N,N,07/2016,Analyst
51-4061.00,1.A.1.a.2,Written Comprehension,IM,3.12,8,0.125,2.88,3.37,N,,07/2016,Analyst
51-4061.00,1.A.1.a.2,Written Comprehension,LV,3.0,8,0.0,3.0,3.0,N,N,07/2016,Analyst
51-4061.00,1.A.1.a.3,Oral Expression,IM,3.12,8,0.125,2.88,3.37,N,,07/2016,Analyst
51-4061.00,1.A.1.a.3,Oral Expression,LV,3.38,8,0.183,3.0164,3.7336,N,N,07/2016,Analyst
51-4061.00,1.A.1.a.4,Written Expression,IM,2.88,8,0.125,2.63,3.12,N,,07/2016,Analyst
51-4061.00,1.A.1.a.4,Written Expression,LV,2.38,8,0.183,2.0164,2.7336,N,N,07/2016,Analyst
51-4061.00,1.A.1.b.1,Fluency of Ideas,IM,2.38,8,0.183,2.0164,2.7336,N,,07/2016,Analyst
51-4061.00,1.A.1.b.1,Fluency of Ideas,LV,2.38,8,0.183,2.0164,2.7336,N,N,07/2016,Analyst
51-4061.00,1.A.1.b.2,Originality,IM,2.5,8,0.189,2.1296,2.8704,N,,07/2016,Analyst
51-4061.00,1.A.1.b.2,Originality,LV,2.75,8,0.1637,2.4292,3.0708,N,N,07/2016,Analyst
51-4061.00,1.A.1.b.3,Problem Sensitivity,IM,3.38,8,0.183,3.0164,3.7336,N,,07/2016,Analyst
51-4061.00,1.A.1.b.3,Problem Sensitivity,LV,3.12,8,0.125,2.88,3.37,N,N,07/2016,Analyst
51-4061.00,1.A.1.b.4,Deductive Reasoning,IM,3.12,8,0.125,2.88,3.37,N,,07/2016,Analyst
51-4061.00,1.A.1.b.4,Deductive Reasoning,LV,3.12,8,0.125,2.88,3.37,N,N,07/2016,Analyst
51-4061.00,1.A.1.b.5,Inductive Reasoning,IM,3.0,8,0.0,3.0,3.0,N,,07/2016,Analyst
51-4061.00,1.A.1.b.5,Inductive Reasoning,LV,2.88,8,0.125,2.63,3.12,N,N,07/2016,Analyst
51-4061.00,1.A.1.b.6,Information Ordering,IM,3.25,8,0.1637,2.9292,3.5708,N,,07/2016,Analyst
51-4061.00,1.A.1.b.6,Information Ordering,LV,3.25,8,0.1637,2.9292,3.5708,N,N,07/2016,Analyst
51-4061.00,1.A.1.b.7,Category Flexibility,IM,3.0,8,0.0,3.0,3.0,N,,07/2016,Analyst
51-4061.00,1.A.1.b.7,Category Flexibility,LV,2.88,8,0.125,2.63,3.12,N,N,07/2016,Analyst
51-4061.00,1.A.1.c.1,Mathematical Reasoning,IM,2.62,8,0.183,2.2664,2.9836,N,,07/2016,Analyst
51-4061.00,1.A.1.c.1,Mathematical Reasoning,LV,2.25,8,0.1637,1.9292,2.5708,N,N,07/2016,Analyst
51-4061.00,1.A.1.c.2,Number Facility,IM,2.5,8,0.189,2.1296,2.8704,N,,07/2016,Analyst
51-4061.00,1.A.1.c.2,Number Facility,LV,2.5,8,0.189,2.1296,2.8704,N,N,07/2016,Analyst
51-4061.00,1.A.1.d.1,Memorization,IM,2.12,8,0.125,1.88,2.37,N,,07/2016,Analyst
51-4061.00,1.A.1.d.1,Memorization,LV,2.12,8,0.125,1.88,2.37,N,N,07/2016,Analyst
51-4061.00,1.A.1.e.1,Speed of Closure,IM,2.62,8,0.183,2.2664,2.9836,N,,07/2016,Analyst
51-4061.00,1.A.1.e.1,Speed of Closure,LV,2.25,8,0.1637,1.9292,2.5708,N,N,07/2016,Analyst
51-4061.00,1.A.1.e.2,Flexibility of Closure,IM,3.0,8,0.0,3.0,3.0,N,,07/2016,Analyst
51-4061.00,1.A.1.e.2,Flexibility of Closure,LV,3.0,8,0.0,3.0,3.0,N,N,07/2016,Analyst
51-4061.00,1.A.1.e.3,Perceptual Speed,IM,3.0,8,0.0,3.0,3.0,N,,07/2016,Analyst
51-4061.00,1.A.1.e.3,Perceptual Speed,LV,2.88,8,0.125,2.63,3.12,N,N,07/2016,Analyst
51-4061.00,1.A.1.f.1,Spatial Orientation,IM,1.62,8,0.183,1.2664,1.9836,N,,07/2016,Analyst
51-4061.00,1.A.1.f.1,Spatial Orientation,LV,0.62,8,0.183,0.2664,0.9836,N,N,07/2016,Analyst
51-4061.00,1.A.1.f.2,Visualization,IM,3.62,8,0.183,3.2664,3.9836,N,,07/2016,Analyst
51-4061.00,1.A.1.f.2,Visualization,LV,3.88,8,0.125,3.63,4.12,N,N,07/2016,Analyst
51-4061.00,1.A.1.g.1,Selective Attention,IM,3.12,8,0.125,2.88,3.37,N,,07/2016,Analyst
51-4061.00,1.A.1.g.1,Selective Attention,LV,3.25,8,0.1637,2.9292,3.5708,N,N,07/2016,Analyst
51-4061.00,1.A.1.g.2,Time Sharing,IM,2.5,8,0.189,2.1296,2.8704,N,,07/2016,Analyst
51-4061.00,1.A.1.g.2,Time Sharing,LV,2.25,8,0.1637,1.9292,2.5708,N,N,07/2016,Analyst
51-4061.00,1.A.2.a.1,Arm-Hand Steadiness,IM,3.62,8,0.183,3.2664,3.9836,N,,07/2016,Analyst
51-4061.00,1.A.2.a.1,Arm-Hand Steadiness,LV,3.25,8,0.1637,2.9292,3.5708,N,N,07/2016,Analyst
51-4061.00,1.A.2.a.2,Manual Dexterity,IM,3.38,8,0.183,3.0164,3.7336,N,,07/2016,Analyst
51-4061.00,1.A.2.a.2,Manual Dexterity,LV,3.38,8,0.183,3.0164,3.7336,N,N,07/2016,Analyst
51-4061.00,1.A.2.a.3,Finger Dexterity,IM,3.25,8,0.1637,2.9292,3.5708,N,,07/2016,Analyst
51-4061.00,1.A.2.a.3,Finger Dexterity,LV,3.25,8,0.1637,2.9292,3.5708,N,N,07/2016,Analyst
51-4061.00,1.A.2.b.1,Control Precision,IM,3.38,8,0.183,3.0164,3.7336,N,,07/2016,Analyst
51-4061.00,1.A.2.b.1,Control Precision,LV,3.62,8,0.183,3.2664,3.9836,N,N,07/2016,Analyst
51-4061.00,1.A.2.b.2,Multilimb Coordination,IM,3.12,8,0.125,2.88,3.37,N,,07/2016,Analyst
51-4061.00,1.A.2.b.2,Multilimb Coordination,LV,3.25,8,0.1637,2.9292,3.5708,N,N,07/2016,Analyst
51-4061.00,1.A.2.b.3,Response Orientation,IM,2.62,8,0.183,2.2664,2.9836,N,,07/2016,Analyst
51-4061.00,1.A.2.b.3,Response Orientation,LV,3.12,8,0.125,2.88,3.37,N,N,07/2016,Analyst
51-4061.00,1.A.2.b.4,Rate Control,IM,2.75,8,0.1637,2.4292,3.0708,N,,07/2016,Analyst
51-4061.00,1.A.2.b.4,Rate Control,LV,2.75,8,0.1637,2.4292,3.0708,N,N,07/2016,Analyst
51-4061.00,1.A.2.c.1,Reaction Time,IM,3.5,8,0.189,3.1296,3.8704,N,,07/2016,Analyst
51-4061.00,1.A.2.c.1,Reaction Time,LV,3.75,8,0.1637,3.4292,4.0708,N,N,07/2016,Analyst
51-4061.00,1.A.2.c.2,Wrist-Finger Speed,IM,2.75,8,0.1637,2.4292,3.0708,N,,07/2016,Analyst
51-4061.00,1.A.2.c.2,Wrist-Finger Speed,LV,2.5,8,0.189,2.1296,2.8704,N,N,07/2016,Analyst
51-4061.00,1.A.2.c.3,Speed of Limb Movement,IM,1.5,8,0.189,1.1296,1.8704,N,,07/2016,Analyst
51-4061.00,1.A.2.c.3,Speed of Limb Movement,LV,0.62,8,0.2631,0.1094,1.1406,N,N,07/2016,Analyst
51-4061.00,1.A.3.a.1,Static Strength,IM,2.75,8,0.25,2.26,3.24,N,,07/2016,Analyst
51-4061.00,1.A.3.a.1,Static Strength,LV,2.75,8,0.25,2.26,3.24,N,N,07/2016,Analyst
51-4061.00,1.A.3.a.2,Explosive Strength,IM,1.88,8,0.2266,1.4309,2.3191,N,,07/2016,Analyst
51-4061.00,1.A.3.a.2,Explosive Strength,LV,0.88,8,0.2266,0.4309,1.3191,N,N,07/2016,Analyst
51-4061.00,1.A.3.a.3,Dynamic Strength,IM,2.5,8,0.189,2.1296,2.8704,N,,07/2016,Analyst
51-4061.00,1.A.3.a.3,Dynamic Strength,LV,2.5,8,0.189,2.1296,2.8704,N,N,07/2016,Analyst
51-4061.00,1.A.3.a.4,Trunk Strength,IM,3.12,8,0.125,2.88,3.37,N,,07/2016,Analyst
51-4061.00,1.A.3.a.4,Trunk Strength,LV,2.88,8,0.125,2.63,3.12,N,N,07/2016,Analyst
51-4061.00,1.A.3.b.1,Stamina,IM,2.25,8,0.1637,1.9292,2.5708,N,,07/2016,Analyst
51-4061.00,1.A.3.b.1,Stamina,LV,2.0,8,0.0,2.0,2.0,N,N,07/2016,Analyst
51-4061.00,1.A.3.c.1,Extent Flexibility,IM,2.25,8,0.1637,1.9292,2.5708,N,,07/2016,Analyst
51-4061.00,1.A.3.c.1,Extent Flexibility,LV,2.12,8,0.125,1.88,2.37,N,N,07/2016,Analyst
51-4061.00,1.A.3.c.2,Dynamic Flexibility,IM,1.25,8,0.1637,1.0,1.5708,N,,07/2016,Analyst
51-4061.00,1.A.3.c.2,Dynamic Flexibility,LV,0.25,8,0.1637,0.0,0.5708,N,Y,07/2016,Analyst
51-4061.00,1.A.3.c.3,Gross Body Coordination,IM,2.12,8,0.125,1.88,2.37,N,,07/2016,Analyst
51-4061.00,1.A.3.c.3,Gross Body Coordination,LV,2.0,8,0.0,2.0,2.0,N,N,07/2016,Analyst
51-4061.00,1.A.3.c.4,Gross Body Equilibrium,IM,1.75,8,0.1637,1.4292,2.0708,N,,07/2016,Analyst
51-4061.00,1.A.3.c.4,Gross Body Equilibrium,LV,1.25,8,0.3134,0.6358,1.8642,N,N,07/2016,Analyst
51-4061.00,1.A.4.a.1,Near Vision,IM,3.75,8,0.1637,3.4292,4.0708,N,,07/2016,Analyst
51-4061.00,1.A.4.a.1,Near Vision,LV,3.25,8,0.1637,2.9292,3.5708,N,N,07/2016,Analyst
51-4061.00,1.A.4.a.2,Far Vision,IM,3.0,8,0.0,3.0,3.0,N,,07/2016,Analyst
51-4061.00,1.A.4.a.2,Far Vision,LV,3.0,8,0.0,3.0,3.0,N,N,07/2016,Analyst
51-4061.00,1.A.4.a.3,Visual Color Discrimination,IM,2.12,8,0.125,1.88,2.37,N,,07/2016,Analyst
51-4061.00,1.A.4.a.3,Visual Color Discrimination,LV,2.25,8,0.1637,1.9292,2.5708,N,N,07/2016,Analyst
51-4061.00,1.A.4.a.4,Night Vision,IM,1.38,8,0.183,1.0164,1.7336,N,,07/2016,Analyst
51-4061.00,1.A.4.a.4,Night Vision,LV,0.38,8,0.183,0.0164,0.7336,N,N,07/2016,Analyst
51-4061.00,1.A.4.a.5,Peripheral Vision,IM,1.5,8,0.189,1.1296,1.8704,N,,07/2016,Analyst
51-4061.00,1.A.4.a.5,Peripheral Vision,LV,0.5,8,0.189,0.1296,0.8704,N,N,07/2016,Analyst
51-4061.00,1.A.4.a.6,Depth Perception,IM,2.88,8,0.125,2.63,3.12,N,,07/2016,Analyst
51-4061.00,1.A.4.a.6,Depth Perception,LV,2.75,8,0.1637,2.4292,3.0708,N,N,07/2016,Analyst
51-4061.00,1.A.4.a.7,Glare Sensitivity,IM,1.25,8,0.1637,1.0,1.5708,N,,07/2016,Analyst
51-4061.00,1.A.4.a.7,Glare Sensitivity,LV,0.25,8,0.1637,0.0,0.5708,N,Y,07/2016,Analyst
51-4061.00,1.A.4.b.1,Hearing Sensitivity,IM,2.38,8,0.183,2.0164,2.7336,N,,07/2016,Analyst
51-4061.00,1.A.4.b.1,Hearing Sensitivity,LV,2.38,8,0.183,2.0164,2.7336,N,N,07/2016,Analyst
51-4061.00,1.A.4.b.2,Auditory Attention,IM,3.12,8,0.125,2.88,3.37,N,,07/2016,Analyst
51-4061.00,1.A.4.b.2,Auditory Attention,LV,3.12,8,0.125,2.88,3.37,N,N,07/2016,Analyst
51-4061.00,1.A.4.b.3,Sound Localization,IM,1.62,8,0.183,1.2664,1.9836,N,,07/2016,Analyst
51-4061.00,1.A.4.b.3,Sound Localization,LV,0.62,8,0.183,0.2664,0.9836,N,N,07/2016,Analyst
51-4061.00,1.A.4.b.4,Speech Recognition,IM,3.0,8,0.0,3.0,3.0,N,,07/2016,Analyst
51-4061.00,1.A.4.b.4,Speech Recognition,LV,2.88,8,0.125,2.63,3.12,N,N,07/2016,Analyst
51-4061.00,1.A.4.b.5,Speech Clarity,IM,3.0,8,0.0,3.0,3.0,N,,07/2016,Analyst
51-4061.00,1.A.4.b.5,Speech Clarity,LV,2.75,8,0.1637,2.4292,3.0708,N,N,07/2016,Analyst
51-4062.00,1.A.1.a.1,Oral Comprehension,IM,3.0,8,0.0,3.0,3.0,N,,07/2017,Analyst
51-4062.00,1.A.1.a.1,Oral Comprehension,LV,3.0,8,0.0,3.0,3.0,N,N,07/2017,Analyst
51-4062.00,1.A.1.a.2,Written Comprehension,IM,3.0,8,0.0,3.0,3.0,N,,07/2017,Analyst
51-4062.00,1.A.1.a.2,Written Comprehension,LV,3.0,8,0.0,3.0,3.0,N,N,07/2017,Analyst
51-4062.00,1.A.1.a.3,Oral Expression,IM,3.0,8,0.0,3.0,3.0,N,,07/2017,Analyst
51-4062.00,1.A.1.a.3,Oral Expression,LV,3.0,8,0.0,3.0,3.0,N,N,07/2017,Analyst
51-4062.00,1.A.1.a.4,Written Expression,IM,2.75,8,0.1637,2.4292,3.0708,N,,07/2017,Analyst
51-4062.00,1.A.1.a.4,Written Expression,LV,2.88,8,0.125,2.63,3.12,N,N,07/2017,Analyst
51-4062.00,1.A.1.b.1,Fluency of Ideas,IM,2.88,8,0.125,2.63,3.12,N,,07/2017,Analyst
51-4062.00,1.A.1.b.1,Fluency of Ideas,LV,2.62,8,0.183,2.2664,2.9836,N,N,07/2017,Analyst
51-4062.00,1.A.1.b.2,Originality,IM,2.62,8,0.183,2.2664,2.9836,N,,07/2017,Analyst
51-4062.00,1.A.1.b.2,Originality,LV,2.5,8,0.189,2.1296,2.8704,N,N,07/2017,Analyst
51-4062.00,1.A.1.b.3,Problem Sensitivity,IM,3.25,8,0.1637,2.9292,3.5708,N,,07/2017,Analyst
51-4062.00,1.A.1.b.3,Problem Sensitivity,LV,3.12,8,0.125,2.88,3.37,N,N,07/2017,Analyst
51-4062.00,1.A.1.b.4,Deductive Reasoning,IM,3.12,8,0.125,2.88,3.37,N,,07/2017,Analyst
51-4062.00,1.A.1.b.4,Deductive Reasoning,LV,3.0,8,0.0,3.0,3.0,N,N,07/2017,Analyst
51-4062.00,1.A.1.b.5,Inductive Reasoning,IM,3.0,8,0.0,3.0,3.0,N,,07/2017,Analyst
51-4062.00,1.A.1.b.5,Inductive Reasoning,LV,2.88,8,0.125,2.63,3.12,N,N,07/2017,Analyst
51-4062.00,1.A.1.b.6,Information Ordering,IM,3.12,8,0.125,2.88,3.37,N,,07/2017,Analyst
51-4062.00,1.A.1.b.6,Information Ordering,LV,3.12,8,0.125,2.88,3.37,N,N,07/2017,Analyst
51-4062.00,1.A.1.b.7,Category Flexibility,IM,3.0,8,0.0,3.0,3.0,N,,07/2017,Analyst
51-4062.00,1.A.1.b.7,Category Flexibility,LV,3.12,8,0.125,2.88,3.37,N,N,07/2017,Analyst
51-4062.00,1.A.1.c.1,Mathematical Reasoning,IM,2.38,8,0.183,2.0164,2.7336,N,,07/2017,Analyst
51-4062.00,1.A.1.c.1,Mathematical Reasoning,LV,2.12,8,0.2266,1.6809,2.5691,N,N,07/2017,Analyst
51-4062.00,1.A.1.c.2,Number Facility,IM,2.38,8,0.183,2.0164,2.7336,N,,07/2017,Analyst
51-4062.00,1.A.1.c.2,Number Facility,LV,2.25,8,0.25,1.76,2.74,N,N,07/2017,Analyst
51-4062.00,1.A.1.d.1,Memorization,IM,2.0,8,0.0,2.0,2.0,N,,07/2017,Analyst
51-4062.00,1.A.1.d.1,Memorization,LV,1.75,8,0.25,1.26,2.24,N,N,07/2017,Analyst
51-4062.00,1.A.1.e.1,Speed of Closure,IM,2.12,8,0.125,1.88,2.37,N,,07/2017,Analyst
51-4062.00,1.A.1.e.1,Speed of Closure,LV,1.88,8,0.125,1.63,2.12,N,N,07/2017,Analyst
51-4062.00,1.A.1.e.2,Flexibility of Closure,IM,2.62,8,0.183,2.2664,2.9836,N,,07/2017,Analyst
51-4062.00,1.A.1.e.2,Flexibility of Closure,LV,2.62,8,0.2631,2.1094,3.1406,N,N,07/2017,Analyst
51-4062.00,1.A.1.e.3,Perceptual Speed,IM,2.88,8,0.2266,2.4309,3.3191,N,,07/2017,Analyst
51-4062.00,1.A.1.e.3,Perceptual Speed,LV,2.88,8,0.125,2.63,3.12,N,N,07/2017,Analyst
51-4062.00,1.A.1.f.1,Spatial Orientation,IM,1.75,8,0.1637,1.4292,2.0708,N,,07/2017,Analyst
51-4062.00,1.A.1.f.1,Spatial Orientation,LV,0.88,8,0.2266,0.4309,1.3191,N,N,07/2017,Analyst
51-4062.00,1.A.1.f.2,Visualization,IM,3.25,8,0.1637,2.9292,3.5708,N,,07/2017,Analyst
51-4062.00,1.A.1.f.2,Visualization,LV,3.38,8,0.183,3.0164,3.7336,N,N,07/2017,Analyst
51-4062.00,1.A.1.g.1,Selective Attention,IM,3.12,8,0.125,2.88,3.37,N,,07/2017,Analyst
51-4062.00,1.A.1.g.1,Selective Attention,LV,3.25,8,0.1637,2.9292,3.5708,N,N,07/2017,Analyst
51-4062.00,1.A.1.g.2,Time Sharing,IM,2.62,8,0.183,2.2664,2.9836,N,,07/2017,Analyst
51-4062.00,1.A.1.g.2,Time Sharing,LV,2.62,8,0.183,2.2664,2.9836,N,N,07/2017,Analyst
51-4062.00,1.A.2.a.1,Arm-Hand Steadiness,IM,3.5,8,0.189,3.1296,3.8704,N,,07/2017,Analyst
51-4062.00,1.A.2.a.1,Arm-Hand Steadiness,LV,3.25,8,0.1637,2.9292,3.5708,N,N,07/2017,Analyst
51-4062.00,1.A.2.a.2,Manual Dexterity,IM,3.25,8,0.1637,2.9292,3.5708,N,,07/2017,Analyst
51-4062.00,1.A.2.a.2,Manual Dexterity,LV,3.12,8,0.125,2.88,3.37,N,N,07/2017,Analyst
51-4062.00,1.A.2.a.3,Finger Dexterity,IM,3.12,8,0.125,2.88,3.37,N,,07/2017,Analyst
51-4062.00,1.A.2.a.3,Finger Dexterity,LV,3.12,8,0.125,2.88,3.37,N,N,07/2017,Analyst
51-4062.00,1.A.2.b.1,Control Precision,IM,3.25,8,0.1637,2.9292,3.5708,N,,07/2017,Analyst
51-4062.00,1.A.2.b.1,Control Precision,LV,3.25,8,0.1637,2.9292,3.5708,N,N,07/2017,Analyst
51-4062.00,1.A.2.b.2,Multilimb Coordination,IM,2.88,8,0.125,2.63,3.12,N,,07/2017,Analyst
51-4062.00,1.A.2.b.2,Multilimb Coordination,LV,3.12,8,0.125,2.88,3.37,N,N,07/2017,Analyst
51-4062.00,1.A.2.b.3,Response Orientation,IM,2.12,8,0.125,1.88,2.37,N,,07/2017,Analyst
51-4062.00,1.A.2.b.3,Response Orientation,LV,2.12,8,0.2266,1.6809,2.5691,N,N,07/2017,Analyst
51-4062.00,1.A.2.b.4,Rate Control,IM,2.12,8,0.125,1.88,2.37,N,,07/2017,Analyst
51-4062.00,1.A.2.b.4,Rate Control,LV,2.62,8,0.183,2.2664,2.9836,N,N,07/2017,Analyst
51-4062.00,1.A.2.c.1,Reaction Time,IM,2.75,8,0.25,2.26,3.24,N,,07/2017,Analyst
51-4062.00,1.A.2.c.1,Reaction Time,LV,2.88,8,0.2266,2.4309,3.3191,N,N,07/2017,Analyst
51-4062.00,1.A.2.c.2,Wrist-Finger Speed,IM,2.12,8,0.125,1.88,2.37,N,,07/2017,Analyst
51-4062.00,1.A.2.c.2,Wrist-Finger Speed,LV,2.0,8,0.189,1.6296,2.3704,N,N,07/2017,Analyst
51-4062.00,1.A.2.c.3,Speed of Limb Movement,IM,1.62,8,0.183,1.2664,1.9836,N,,07/2017,Analyst
51-4062.00,1.A.2.c.3,Speed of Limb Movement,LV,1.12,8,0.3504,0.4383,1.8117,N,N,07/2017,Analyst
51-4062.00,1.A.3.a.1,Static Strength,IM,2.12,8,0.125,1.88,2.37,N,,07/2017,Analyst
51-4062.00,1.A.3.a.1,Static Strength,LV,2.12,8,0.125,1.88,2.37,N,N,07/2017,Analyst
51-4062.00,1.A.3.a.2,Explosive Strength,IM,1.88,8,0.2266,1.4309,2.3191,N,,07/2017,Analyst
51-4062.00,1.A.3.a.2,Explosive Strength,LV,1.12,8,0.295,0.5467,1.7033,N,N,07/2017,Analyst
51-4062.00,1.A.3.a.3,Dynamic Strength,IM,2.12,8,0.125,1.88,2.37,N,,07/2017,Analyst
51-4062.00,1.A.3.a.3,Dynamic Strength,LV,1.5,8,0.2673,0.9762,2.0238,N,N,07/2017,Analyst
51-4062.00,1.A.3.a.4,Trunk Strength,IM,2.38,8,0.2631,1.8594,2.8906,N,,07/2017,Analyst
51-4062.00,1.A.3.a.4,Trunk Strength,LV,2.5,8,0.189,2.1296,2.8704,N,N,07/2017,Analyst
51-4062.00,1.A.3.b.1,Stamina,IM,2.12,8,0.125,1.88,2.37,N,,07/2017,Analyst
51-4062.00,1.A.3.b.1,Stamina,LV,1.75,8,0.1637,1.4292,2.0708,N,N,07/2017,Analyst
51-4062.00,1.A.3.c.1,Extent Flexibility,IM,2.38,8,0.183,2.0164,2.7336,N,,07/2017,Analyst
51-4062.00,1.A.3.c.1,Extent Flexibility,LV,2.38,8,0.2631,1.8594,2.8906,N,N,07/2017,Analyst
51-4062.00,1.A.3.c.2,Dynamic Flexibility,IM,1.25,8,0.1637,1.0,1.5708,N,,07/2017,Analyst
51-4062.00,1.A.3.c.2,Dynamic Flexibility,LV,0.38,8,0.2631,0.0,0.8906,N,Y,07/2017,Analyst
51-4062.00,1.A.3.c.3,Gross Body Coordination,IM,2.12,8,0.125,1.88,2.37,N,,07/2017,Analyst
51-4062.00,1.A.3.c.3,Gross Body Coordination,LV,1.62,8,0.2631,1.1094,2.1406,N,N,07/2017,Analyst
51-4062.00,1.A.3.c.4,Gross Body Equilibrium,IM,2.0,8,0.189,1.6296,2.3704,N,,07/2017,Analyst
51-4062.00,1.A.3.c.4,Gross Body Equilibrium,LV,1.12,8,0.2266,0.6809,1.5691,N,N,07/2017,Analyst
51-4062.00,1.A.4.a.1,Near Vision,IM,3.88,8,0.125,3.63,4.12,N,,07/2017,Analyst
51-4062.00,1.A.4.a.1,Near Vision,LV,3.62,8,0.183,3.2664,3.9836,N,N,07/2017,Analyst
51-4062.00,1.A.4.a.2,Far Vision,IM,2.88,8,0.125,2.63,3.12,N,,07/2017,Analyst
51-4062.00,1.A.4.a.2,Far Vision,LV,3.0,8,0.189,2.6296,3.3704,N,N,07/2017,Analyst
51-4062.00,1.A.4.a.3,Visual Color Discrimination,IM,2.88,8,0.125,2.63,3.12,N,,07/2017,Analyst
51-4062.00,1.A.4.a.3,Visual Color Discrimination,LV,2.88,8,0.125,2.63,3.12,N,N,07/2017,Analyst
51-4062.00,1.A.4.a.4,Night Vision,IM,1.75,8,0.1637,1.4292,2.0708,N,,07/2017,Analyst
51-4062.00,1.A.4.a.4,Night Vision,LV,0.88,8,0.2266,0.4309,1.3191,N,N,07/2017,Analyst
51-4062.00,1.A.4.a.5,Peripheral Vision,IM,1.75,8,0.1637,1.4292,2.0708,N,,07/2017,Analyst
51-4062.00,1.A.4.a.5,Peripheral Vision,LV,0.75,8,0.1637,0.4292,1.0708,N,N,07/2017,Analyst
51-4062.00,1.A.4.a.6,Depth Perception,IM,2.38,8,0.183,2.0164,2.7336,N,,07/2017,Analyst
51-4062.00,1.A.4.a.6,Depth Perception,LV,2.62,8,0.183,2.2664,2.9836,N,N,07/2017,Analyst
51-4062.00,1.A.4.a.7,Glare Sensitivity,IM,1.75,8,0.1637,1.4292,2.0708,N,,07/2017,Analyst
51-4062.00,1.A.4.a.7,Glare Sensitivity,LV,1.25,8,0.3134,0.6358,1.8642,N,N,07/2017,Analyst
51-4062.00,1.A.4.b.1,Hearing Sensitivity,IM,2.62,8,0.183,2.2664,2.9836,N,,07/2017,Analyst
51-4062.00,1.A.4.b.1,Hearing Sensitivity,LV,2.5,8,0.189,2.1296,2.8704,N,N,07/2017,Analyst
51-4062.00,1.A.4.b.2,Auditory Attention,IM,2.75,8,0.25,2.26,3.24,N,,07/2017,Analyst
51-4062.00,1.A.4.b.2,Auditory Attention,LV,2.62,8,0.2631,2.1094,3.1406,N,N,07/2017,Analyst
51-4062.00,1.A.4.b.3,Sound Localization,IM,1.75,8,0.1637,1.4292,2.0708,N,,07/2017,Analyst
51-4062.00,1.A.4.b.3,Sound Localization,LV,0.75,8,0.1637,0.4292,1.0708,N,N,07/2017,Analyst
51-4062.00,1.A.4.b.4,Speech Recognition,IM,3.0,8,0.0,3.0,3.0,N,,07/2017,Analyst
51-4062.00,1.A.4.b.4,Speech Recognition,LV,3.0,8,0.0,3.0,3.0,N,N,07/2017,Analyst
51-4062.00,1.A.4.b.5,Speech Clarity,IM,3.0,8,0.0,3.0,3.0,N,,07/2017,Analyst
51-4062.00,1.A.4.b.5,Speech Clarity,LV,2.88,8,0.125,2.63,3.12,N,N,07/2017,Analyst
51-4071.00,1.A.1.a.1,Oral Comprehension,IM,3.0,8,0.0,3.0,3.0,N,,08/2023,Analyst
51-4071.00,1.A.1.a.1,Oral Comprehension,LV,2.88,8,0.125,2.63,3.12,N,N,08/2023,Analyst
51-4071.00,1.A.1.a.2,Written Comprehension,IM,2.12,8,0.125,1.88,2.37,N,,08/2023,Analyst
51-4071.00,1.A.1.a.2,Written Comprehension,LV,2.0,8,0.0,2.0,2.0,N,N,08/2023,Analyst
51-4071.00,1.A.1.a.3,Oral Expression,IM,2.88,8,0.125,2.63,3.12,N,,08/2023,Analyst
51-4071.00,1.A.1.a.3,Oral Expression,LV,2.38,8,0.183,2.0164,2.7336,N,N,08/2023,Analyst
51-4071.00,1.A.1.a.4,Written Expression,IM,2.0,8,0.0,2.0,2.0,N,,08/2023,Analyst
51-4071.00,1.A.1.a.4,Written Expression,LV,2.0,8,0.189,1.6296,2.3704,N,N,08/2023,Analyst
51-4071.00,1.A.1.b.1,Fluency of Ideas,IM,2.0,8,0.0,2.0,2.0,N,,08/2023,Analyst
51-4071.00,1.A.1.b.1,Fluency of Ideas,LV,1.5,8,0.189,1.1296,1.8704,N,N,08/2023,Analyst
51-4071.00,1.A.1.b.2,Originality,IM,2.0,8,0.0,2.0,2.0,N,,08/2023,Analyst
51-4071.00,1.A.1.b.2,Originality,LV,1.38,8,0.183,1.0164,1.7336,N,N,08/2023,Analyst
51-4071.00,1.A.1.b.3,Problem Sensitivity,IM,3.12,8,0.125,2.88,3.37,N,,08/2023,Analyst
51-4071.00,1.A.1.b.3,Problem Sensitivity,LV,2.75,8,0.1637,2.4292,3.0708,N,N,08/2023,Analyst
51-4071.00,1.A.1.b.4,Deductive Reasoning,IM,2.88,8,0.125,2.63,3.12,N,,08/2023,Analyst
51-4071.00,1.A.1.b.4,Deductive Reasoning,LV,2.12,8,0.125,1.88,2.37,N,N,08/2023,Analyst
51-4071.00,1.A.1.b.5,Inductive Reasoning,IM,2.62,8,0.183,2.2664,2.9836,N,,08/2023,Analyst
51-4071.00,1.A.1.b.5,Inductive Reasoning,LV,2.12,8,0.125,1.88,2.37,N,N,08/2023,Analyst
51-4071.00,1.A.1.b.6,Information Ordering,IM,3.0,8,0.0,3.0,3.0,N,,08/2023,Analyst
51-4071.00,1.A.1.b.6,Information Ordering,LV,2.75,8,0.1637,2.4292,3.0708,N,N,08/2023,Analyst
51-4071.00,1.A.1.b.7,Category Flexibility,IM,2.88,8,0.125,2.63,3.12,N,,08/2023,Analyst
51-4071.00,1.A.1.b.7,Category Flexibility,LV,2.75,8,0.1637,2.4292,3.0708,N,N,08/2023,Analyst
51-4071.00,1.A.1.c.1,Mathematical Reasoning,IM,2.0,8,0.0,2.0,2.0,N,,08/2023,Analyst
51-4071.00,1.A.1.c.1,Mathematical Reasoning,LV,1.25,8,0.1637,0.9292,1.5708,N,N,08/2023,Analyst
51-4071.00,1.A.1.c.2,Number Facility,IM,2.0,8,0.0,2.0,2.0,N,,08/2023,Analyst
51-4071.00,1.A.1.c.2,Number Facility,LV,1.88,8,0.125,1.63,2.12,N,N,08/2023,Analyst
51-4071.00,1.A.1.d.1,Memorization,IM,2.0,8,0.0,2.0,2.0,N,,08/2023,Analyst
51-4071.00,1.A.1.d.1,Memorization,LV,1.25,8,0.1637,0.9292,1.5708,N,N,08/2023,Analyst
51-4071.00,1.A.1.e.1,Speed of Closure,IM,2.0,8,0.0,2.0,2.0,N,,08/2023,Analyst
51-4071.00,1.A.1.e.1,Speed of Closure,LV,2.0,8,0.0,2.0,2.0,N,N,08/2023,Analyst
51-4071.00,1.A.1.e.2,Flexibility of Closure,IM,2.5,8,0.189,2.1296,2.8704,N,,08/2023,Analyst
51-4071.00,1.A.1.e.2,Flexibility of Closure,LV,2.12,8,0.125,1.88,2.37,N,N,08/2023,Analyst
51-4071.00,1.A.1.e.3,Perceptual Speed,IM,2.75,8,0.1637,2.4292,3.0708,N,,08/2023,Analyst
51-4071.00,1.A.1.e.3,Perceptual Speed,LV,2.12,8,0.125,1.88,2.37,N,N,08/2023,Analyst
51-4071.00,1.A.1.f.1,Spatial Orientation,IM,2.0,8,0.0,2.0,2.0,N,,08/2023,Analyst
51-4071.00,1.A.1.f.1,Spatial Orientation,LV,1.0,8,0.0,1.0,1.0,N,N,08/2023,Analyst
51-4071.00,1.A.1.f.2,Visualization,IM,3.0,8,0.0,3.0,3.0,N,,08/2023,Analyst
51-4071.00,1.A.1.f.2,Visualization,LV,3.0,8,0.0,3.0,3.0,N,N,08/2023,Analyst
51-4071.00,1.A.1.g.1,Selective Attention,IM,3.0,8,0.0,3.0,3.0,N,,08/2023,Analyst
51-4071.00,1.A.1.g.1,Selective Attention,LV,2.88,8,0.125,2.63,3.12,N,N,08/2023,Analyst
51-4071.00,1.A.1.g.2,Time Sharing,IM,2.12,8,0.125,1.88,2.37,N,,08/2023,Analyst
51-4071.00,1.A.1.g.2,Time Sharing,LV,2.12,8,0.125,1.88,2.37,N,N,08/2023,Analyst
51-4071.00,1.A.2.a.1,Arm-Hand Steadiness,IM,3.5,8,0.189,3.1296,3.8704,N,,08/2023,Analyst
51-4071.00,1.A.2.a.1,Arm-Hand Steadiness,LV,3.12,8,0.125,2.88,3.37,N,N,08/2023,Analyst
51-4071.00,1.A.2.a.2,Manual Dexterity,IM,3.62,8,0.183,3.2664,3.9836,N,,08/2023,Analyst
51-4071.00,1.A.2.a.2,Manual Dexterity,LV,3.62,8,0.183,3.2664,3.9836,N,N,08/2023,Analyst
51-4071.00,1.A.2.a.3,Finger Dexterity,IM,3.38,8,0.183,3.0164,3.7336,N,,08/2023,Analyst
51-4071.00,1.A.2.a.3,Finger Dexterity,LV,3.0,8,0.0,3.0,3.0,N,N,08/2023,Analyst
51-4071.00,1.A.2.b.1,Control Precision,IM,3.0,8,0.0,3.0,3.0,N,,08/2023,Analyst
51-4071.00,1.A.2.b.1,Control Precision,LV,3.0,8,0.0,3.0,3.0,N,N,08/2023,Analyst
51-4071.00,1.A.2.b.2,Multilimb Coordination,IM,3.25,8,0.1637,2.9292,3.5708,N,,08/2023,Analyst
51-4071.00,1.A.2.b.2,Multilimb Coordination,LV,3.0,8,0.0,3.0,3.0,N,N,08/2023,Analyst
51-4071.00,1.A.2.b.3,Response Orientation,IM,2.12,8,0.125,1.88,2.37,N,,08/2023,Analyst
51-4071.00,1.A.2.b.3,Response Orientation,LV,1.88,8,0.2266,1.4309,2.3191,N,N,08/2023,Analyst
51-4071.00,1.A.2.b.4,Rate Control,IM,2.88,8,0.125,2.63,3.12,N,,08/2023,Analyst
51-4071.00,1.A.2.b.4,Rate Control,LV,2.62,8,0.183,2.2664,2.9836,N,N,08/2023,Analyst
51-4071.00,1.A.2.c.1,Reaction Time,IM,3.12,8,0.125,2.88,3.37,N,,08/2023,Analyst
51-4071.00,1.A.2.c.1,Reaction Time,LV,3.25,8,0.1637,2.9292,3.5708,N,N,08/2023,Analyst
51-4071.00,1.A.2.c.2,Wrist-Finger Speed,IM,2.0,8,0.0,2.0,2.0,N,,08/2023,Analyst
51-4071.00,1.A.2.c.2,Wrist-Finger Speed,LV,1.38,8,0.183,1.0164,1.7336,N,N,08/2023,Analyst
51-4071.00,1.A.2.c.3,Speed of Limb Movement,IM,1.75,8,0.1637,1.4292,2.0708,N,,08/2023,Analyst
51-4071.00,1.A.2.c.3,Speed of Limb Movement,LV,1.25,8,0.3134,0.6358,1.8642,N,N,08/2023,Analyst
51-4071.00,1.A.3.a.1,Static Strength,IM,3.5,8,0.189,3.1296,3.8704,N,,08/2023,Analyst
51-4071.00,1.A.3.a.1,Static Strength,LV,3.5,8,0.189,3.1296,3.8704,N,N,08/2023,Analyst
51-4071.00,1.A.3.a.2,Explosive Strength,IM,2.12,8,0.125,1.88,2.37,N,,08/2023,Analyst
51-4071.00,1.A.3.a.2,Explosive Strength,LV,1.62,8,0.2631,1.1094,2.1406,N,N,08/2023,Analyst
51-4071.00,1.A.3.a.3,Dynamic Strength,IM,2.88,8,0.125,2.63,3.12,N,,08/2023,Analyst
51-4071.00,1.A.3.a.3,Dynamic Strength,LV,2.88,8,0.125,2.63,3.12,N,N,08/2023,Analyst
51-4071.00,1.A.3.a.4,Trunk Strength,IM,3.75,8,0.1637,3.4292,4.0708,N,,08/2023,Analyst
51-4071.00,1.A.3.a.4,Trunk Strength,LV,3.12,8,0.125,2.88,3.37,N,N,08/2023,Analyst
51-4071.00,1.A.3.b.1,Stamina,IM,2.88,8,0.125,2.63,3.12,N,,08/2023,Analyst
51-4071.00,1.A.3.b.1,Stamina,LV,2.75,8,0.1637,2.4292,3.0708,N,N,08/2023,Analyst
51-4071.00,1.A.3.c.1,Extent Flexibility,IM,2.88,8,0.125,2.63,3.12,N,,08/2023,Analyst
51-4071.00,1.A.3.c.1,Extent Flexibility,LV,2.88,8,0.125,2.63,3.12,N,N,08/2023,Analyst
51-4071.00,1.A.3.c.2,Dynamic Flexibility,IM,1.75,8,0.1637,1.4292,2.0708,N,,08/2023,Analyst
51-4071.00,1.A.3.c.2,Dynamic Flexibility,LV,0.75,8,0.1637,0.4292,1.0708,N,N,08/2023,Analyst
51-4071.00,1.A.3.c.3,Gross Body Coordination,IM,2.5,8,0.189,2.1296,2.8704,N,,08/2023,Analyst
51-4071.00,1.A.3.c.3,Gross Body Coordination,LV,2.38,8,0.183,2.0164,2.7336,N,N,08/2023,Analyst
51-4071.00,1.A.3.c.4,Gross Body Equilibrium,IM,2.0,8,0.0,2.0,2.0,N,,08/2023,Analyst
51-4071.00,1.A.3.c.4,Gross Body Equilibrium,LV,1.62,8,0.2631,1.1094,2.1406,N,N,08/2023,Analyst
51-4071.00,1.A.4.a.1,Near Vision,IM,3.25,8,0.1637,2.9292,3.5708,N,,08/2023,Analyst
51-4071.00,1.A.4.a.1,Near Vision,LV,3.0,8,0.0,3.0,3.0,N,N,08/2023,Analyst
51-4071.00,1.A.4.a.2,Far Vision,IM,2.88,8,0.125,2.63,3.12,N,,08/2023,Analyst
51-4071.00,1.A.4.a.2,Far Vision,LV,2.75,8,0.1637,2.4292,3.0708,N,N,08/2023,Analyst
51-4071.00,1.A.4.a.3,Visual Color Discrimination,IM,2.5,8,0.189,2.1296,2.8704,N,,08/2023,Analyst
51-4071.00,1.A.4.a.3,Visual Color Discrimination,LV,2.0,8,0.189,1.6296,2.3704,N,N,08/2023,Analyst
51-4071.00,1.A.4.a.4,Night Vision,IM,1.5,8,0.189,1.1296,1.8704,N,,08/2023,Analyst
51-4071.00,1.A.4.a.4,Night Vision,LV,0.5,8,0.189,0.1296,0.8704,N,N,08/2023,Analyst
51-4071.00,1.A.4.a.5,Peripheral Vision,IM,2.0,8,0.0,2.0,2.0,N,,08/2023,Analyst
51-4071.00,1.A.4.a.5,Peripheral Vision,LV,1.12,8,0.125,0.88,1.37,N,N,08/2023,Analyst
51-4071.00,1.A.4.a.6,Depth Perception,IM,2.62,8,0.183,2.2664,2.9836,N,,08/2023,Analyst
51-4071.00,1.A.4.a.6,Depth Perception,LV,2.75,8,0.1637,2.4292,3.0708,N,N,08/2023,Analyst
51-4071.00,1.A.4.a.7,Glare Sensitivity,IM,2.0,8,0.189,1.6296,2.3704,N,,08/2023,Analyst
51-4071.00,1.A.4.a.7,Glare Sensitivity,LV,1.25,8,0.25,0.76,1.74,N,N,08/2023,Analyst
51-4071.00,1.A.4.b.1,Hearing Sensitivity,IM,2.12,8,0.125,1.88,2.37,N,,08/2023,Analyst
51-4071.00,1.A.4.b.1,Hearing Sensitivity,LV,2.12,8,0.125,1.88,2.37,N,N,08/2023,Analyst
51-4071.00,1.A.4.b.2,Auditory Attention,IM,3.0,8,0.0,3.0,3.0,N,,08/2023,Analyst
51-4071.00,1.A.4.b.2,Auditory Attention,LV,2.75,8,0.1637,2.4292,3.0708,N,N,08/2023,Analyst
51-4071.00,1.A.4.b.3,Sound Localization,IM,1.75,8,0.1637,1.4292,2.0708,N,,08/2023,Analyst
51-4071.00,1.A.4.b.3,Sound Localization,LV,0.75,8,0.1637,0.4292,1.0708,N,N,08/2023,Analyst
51-4071.00,1.A.4.b.4,Speech Recognition,IM,2.75,8,0.1637,2.4292,3.0708,N,,08/2023,Analyst
51-4071.00,1.A.4.b.4,Speech Recognition,LV,2.25,8,0.1637,1.9292,2.5708,N,N,08/2023,Analyst
51-4071.00,1.A.4.b.5,Speech Clarity,IM,2.62,8,0.183,2.2664,2.9836,N,,08/2023,Analyst
51-4071.00,1.A.4.b.5,Speech Clarity,LV,2.12,8,0.125,1.88,2.37,N,N,08/2023,Analyst
51-4072.00,1.A.1.a.1,Oral Comprehension,IM,3.12,8,0.125,2.88,3.37,N,,07/2016,Analyst
51-4072.00,1.A.1.a.1,Oral Comprehension,LV,3.12,8,0.125,2.88,3.37,N,N,07/2016,Analyst
51-4072.00,1.A.1.a.2,Written Comprehension,IM,3.12,8,0.125,2.88,3.37,N,,07/2016,Analyst
51-4072.00,1.A.1.a.2,Written Comprehension,LV,3.0,8,0.0,3.0,3.0,N,N,07/2016,Analyst
51-4072.00,1.A.1.a.3,Oral Expression,IM,3.12,8,0.125,2.88,3.37,N,,07/2016,Analyst
51-4072.00,1.A.1.a.3,Oral Expression,LV,3.0,8,0.0,3.0,3.0,N,N,07/2016,Analyst
51-4072.00,1.A.1.a.4,Written Expression,IM,2.75,8,0.1637,2.4292,3.0708,N,,07/2016,Analyst
51-4072.00,1.A.1.a.4,Written Expression,LV,2.12,8,0.125,1.88,2.37,N,N,07/2016,Analyst
51-4072.00,1.A.1.b.1,Fluency of Ideas,IM,2.12,8,0.125,1.88,2.37,N,,07/2016,Analyst
51-4072.00,1.A.1.b.1,Fluency of Ideas,LV,2.25,8,0.1637,1.9292,2.5708,N,N,07/2016,Analyst
51-4072.00,1.A.1.b.2,Originality,IM,2.12,8,0.125,1.88,2.37,N,,07/2016,Analyst
51-4072.00,1.A.1.b.2,Originality,LV,2.25,8,0.1637,1.9292,2.5708,N,N,07/2016,Analyst
51-4072.00,1.A.1.b.3,Problem Sensitivity,IM,3.12,8,0.125,2.88,3.37,N,,07/2016,Analyst
51-4072.00,1.A.1.b.3,Problem Sensitivity,LV,3.0,8,0.0,3.0,3.0,N,N,07/2016,Analyst
51-4072.00,1.A.1.b.4,Deductive Reasoning,IM,3.25,8,0.1637,2.9292,3.5708,N,,07/2016,Analyst
51-4072.00,1.A.1.b.4,Deductive Reasoning,LV,2.88,8,0.125,2.63,3.12,N,N,07/2016,Analyst
51-4072.00,1.A.1.b.5,Inductive Reasoning,IM,3.0,8,0.0,3.0,3.0,N,,07/2016,Analyst
51-4072.00,1.A.1.b.5,Inductive Reasoning,LV,2.62,8,0.183,2.2664,2.9836,N,N,07/2016,Analyst
51-4072.00,1.A.1.b.6,Information Ordering,IM,3.25,8,0.1637,2.9292,3.5708,N,,07/2016,Analyst
51-4072.00,1.A.1.b.6,Information Ordering,LV,3.12,8,0.125,2.88,3.37,N,N,07/2016,Analyst
51-4072.00,1.A.1.b.7,Category Flexibility,IM,3.12,8,0.125,2.88,3.37,N,,07/2016,Analyst
51-4072.00,1.A.1.b.7,Category Flexibility,LV,3.0,8,0.0,3.0,3.0,N,N,07/2016,Analyst
51-4072.00,1.A.1.c.1,Mathematical Reasoning,IM,2.25,8,0.1637,1.9292,2.5708,N,,07/2016,Analyst
51-4072.00,1.A.1.c.1,Mathematical Reasoning,LV,2.12,8,0.125,1.88,2.37,N,N,07/2016,Analyst
51-4072.00,1.A.1.c.2,Number Facility,IM,2.25,8,0.1637,1.9292,2.5708,N,,07/2016,Analyst
51-4072.00,1.A.1.c.2,Number Facility,LV,2.12,8,0.125,1.88,2.37,N,N,07/2016,Analyst
51-4072.00,1.A.1.d.1,Memorization,IM,2.0,8,0.0,2.0,2.0,N,,07/2016,Analyst
51-4072.00,1.A.1.d.1,Memorization,LV,2.0,8,0.0,2.0,2.0,N,N,07/2016,Analyst
51-4072.00,1.A.1.e.1,Speed of Closure,IM,2.62,8,0.183,2.2664,2.9836,N,,07/2016,Analyst
51-4072.00,1.A.1.e.1,Speed of Closure,LV,2.12,8,0.125,1.88,2.37,N,N,07/2016,Analyst
51-4072.00,1.A.1.e.2,Flexibility of Closure,IM,3.0,8,0.2673,2.4762,3.5238,N,,07/2016,Analyst
51-4072.00,1.A.1.e.2,Flexibility of Closure,LV,2.88,8,0.2266,2.4309,3.3191,N,N,07/2016,Analyst
51-4072.00,1.A.1.e.3,Perceptual Speed,IM,3.25,8,0.1637,2.9292,3.5708,N,,07/2016,Analyst
51-4072.00,1.A.1.e.3,Perceptual Speed,LV,3.12,8,0.125,2.88,3.37,N,N,07/2016,Analyst
51-4072.00,1.A.1.f.1,Spatial Orientation,IM,1.75,8,0.1637,1.4292,2.0708,N,,07/2016,Analyst
51-4072.00,1.A.1.f.1,Spatial Orientation,LV,1.0,8,0.2673,0.4762,1.5238,N,N,07/2016,Analyst
51-4072.00,1.A.1.f.2,Visualization,IM,3.0,8,0.0,3.0,3.0,N,,07/2016,Analyst
51-4072.00,1.A.1.f.2,Visualization,LV,3.0,8,0.0,3.0,3.0,N,N,07/2016,Analyst
51-4072.00,1.A.1.g.1,Selective Attention,IM,3.0,8,0.0,3.0,3.0,N,,07/2016,Analyst
51-4072.00,1.A.1.g.1,Selective Attention,LV,3.0,8,0.0,3.0,3.0,N,N,07/2016,Analyst
51-4072.00,1.A.1.g.2,Time Sharing,IM,2.38,8,0.183,2.0164,2.7336,N,,07/2016,Analyst
51-4072.00,1.A.1.g.2,Time Sharing,LV,2.38,8,0.183,2.0164,2.7336,N,N,07/2016,Analyst
51-4072.00,1.A.2.a.1,Arm-Hand Steadiness,IM,3.75,8,0.1637,3.4292,4.0708,N,,07/2016,Analyst
51-4072.00,1.A.2.a.1,Arm-Hand Steadiness,LV,3.12,8,0.125,2.88,3.37,N,N,07/2016,Analyst
51-4072.00,1.A.2.a.2,Manual Dexterity,IM,3.62,8,0.183,3.2664,3.9836,N,,07/2016,Analyst
51-4072.00,1.A.2.a.2,Manual Dexterity,LV,3.0,8,0.0,3.0,3.0,N,N,07/2016,Analyst
51-4072.00,1.A.2.a.3,Finger Dexterity,IM,3.12,8,0.125,2.88,3.37,N,,07/2016,Analyst
51-4072.00,1.A.2.a.3,Finger Dexterity,LV,3.12,8,0.125,2.88,3.37,N,N,07/2016,Analyst
51-4072.00,1.A.2.b.1,Control Precision,IM,3.38,8,0.183,3.0164,3.7336,N,,07/2016,Analyst
51-4072.00,1.A.2.b.1,Control Precision,LV,3.12,8,0.125,2.88,3.37,N,N,07/2016,Analyst
51-4072.00,1.A.2.b.2,Multilimb Coordination,IM,3.38,8,0.183,3.0164,3.7336,N,,07/2016,Analyst
51-4072.00,1.A.2.b.2,Multilimb Coordination,LV,3.0,8,0.0,3.0,3.0,N,N,07/2016,Analyst
51-4072.00,1.A.2.b.3,Response Orientation,IM,2.62,8,0.183,2.2664,2.9836,N,,07/2016,Analyst
51-4072.00,1.A.2.b.3,Response Orientation,LV,2.0,8,0.189,1.6296,2.3704,N,N,07/2016,Analyst
51-4072.00,1.A.2.b.4,Rate Control,IM,3.12,8,0.125,2.88,3.37,N,,07/2016,Analyst
51-4072.00,1.A.2.b.4,Rate Control,LV,3.0,8,0.189,2.6296,3.3704,N,N,07/2016,Analyst
51-4072.00,1.A.2.c.1,Reaction Time,IM,3.12,8,0.125,2.88,3.37,N,,07/2016,Analyst
51-4072.00,1.A.2.c.1,Reaction Time,LV,3.12,8,0.125,2.88,3.37,N,N,07/2016,Analyst
51-4072.00,1.A.2.c.2,Wrist-Finger Speed,IM,2.5,8,0.189,2.1296,2.8704,N,,07/2016,Analyst
51-4072.00,1.A.2.c.2,Wrist-Finger Speed,LV,2.38,8,0.2631,1.8594,2.8906,N,N,07/2016,Analyst
51-4072.00,1.A.2.c.3,Speed of Limb Movement,IM,2.0,8,0.2673,1.4762,2.5238,N,,07/2016,Analyst
51-4072.00,1.A.2.c.3,Speed of Limb Movement,LV,1.5,8,0.3273,0.8584,2.1416,N,N,07/2016,Analyst
51-4072.00,1.A.3.a.1,Static Strength,IM,3.12,8,0.125,2.88,3.37,N,,07/2016,Analyst
51-4072.00,1.A.3.a.1,Static Strength,LV,3.38,8,0.183,3.0164,3.7336,N,N,07/2016,Analyst
51-4072.00,1.A.3.a.2,Explosive Strength,IM,2.25,8,0.25,1.76,2.74,N,,07/2016,Analyst
51-4072.00,1.A.3.a.2,Explosive Strength,LV,1.75,8,0.4119,0.9427,2.5573,N,N,07/2016,Analyst
51-4072.00,1.A.3.a.3,Dynamic Strength,IM,2.88,8,0.125,2.63,3.12,N,,07/2016,Analyst
51-4072.00,1.A.3.a.3,Dynamic Strength,LV,2.88,8,0.125,2.63,3.12,N,N,07/2016,Analyst
51-4072.00,1.A.3.a.4,Trunk Strength,IM,3.12,8,0.125,2.88,3.37,N,,07/2016,Analyst
51-4072.00,1.A.3.a.4,Trunk Strength,LV,3.0,8,0.0,3.0,3.0,N,N,07/2016,Analyst
51-4072.00,1.A.3.b.1,Stamina,IM,2.88,8,0.2266,2.4309,3.3191,N,,07/2016,Analyst
51-4072.00,1.A.3.b.1,Stamina,LV,2.5,8,0.189,2.1296,2.8704,N,N,07/2016,Analyst
51-4072.00,1.A.3.c.1,Extent Flexibility,IM,2.62,8,0.2631,2.1094,3.1406,N,,07/2016,Analyst
51-4072.00,1.A.3.c.1,Extent Flexibility,LV,2.75,8,0.1637,2.4292,3.0708,N,N,07/2016,Analyst
51-4072.00,1.A.3.c.2,Dynamic Flexibility,IM,1.25,8,0.1637,1.0,1.5708,N,,07/2016,Analyst
51-4072.00,1.A.3.c.2,Dynamic Flexibility,LV,0.38,8,0.2631,0.0,0.8906,N,Y,07/2016,Analyst
51-4072.00,1.A.3.c.3,Gross Body Coordination,IM,2.62,8,0.183,2.2664,2.9836,N,,07/2016,Analyst
51-4072.00,1.A.3.c.3,Gross Body Coordination,LV,2.75,8,0.1637,2.4292,3.0708,N,N,07/2016,Analyst
51-4072.00,1.A.3.c.4,Gross Body Equilibrium,IM,2.25,8,0.1637,1.9292,2.5708,N,,07/2016,Analyst
51-4072.00,1.A.3.c.4,Gross Body Equilibrium,LV,2.25,8,0.25,1.76,2.74,N,N,07/2016,Analyst
51-4072.00,1.A.4.a.1,Near Vision,IM,3.25,8,0.1637,2.9292,3.5708,N,,07/2016,Analyst
51-4072.00,1.A.4.a.1,Near Vision,LV,3.25,8,0.1637,2.9292,3.5708,N,N,07/2016,Analyst
51-4072.00,1.A.4.a.2,Far Vision,IM,2.88,8,0.125,2.63,3.12,N,,07/2016,Analyst
51-4072.00,1.A.4.a.2,Far Vision,LV,2.88,8,0.125,2.63,3.12,N,N,07/2016,Analyst
51-4072.00,1.A.4.a.3,Visual Color Discrimination,IM,2.62,8,0.2631,2.1094,3.1406,N,,07/2016,Analyst
51-4072.00,1.A.4.a.3,Visual Color Discrimination,LV,2.62,8,0.183,2.2664,2.9836,N,N,07/2016,Analyst
51-4072.00,1.A.4.a.4,Night Vision,IM,1.5,8,0.189,1.1296,1.8704,N,,07/2016,Analyst
51-4072.00,1.A.4.a.4,Night Vision,LV,0.62,8,0.2631,0.1094,1.1406,N,N,07/2016,Analyst
51-4072.00,1.A.4.a.5,Peripheral Vision,IM,1.5,8,0.189,1.1296,1.8704,N,,07/2016,Analyst
51-4072.00,1.A.4.a.5,Peripheral Vision,LV,0.62,8,0.2631,0.1094,1.1406,N,N,07/2016,Analyst
51-4072.00,1.A.4.a.6,Depth Perception,IM,2.62,8,0.183,2.2664,2.9836,N,,07/2016,Analyst
51-4072.00,1.A.4.a.6,Depth Perception,LV,2.75,8,0.1637,2.4292,3.0708,N,N,07/2016,Analyst
51-4072.00,1.A.4.a.7,Glare Sensitivity,IM,2.0,8,0.0,2.0,2.0,N,,07/2016,Analyst
51-4072.00,1.A.4.a.7,Glare Sensitivity,LV,2.0,8,0.189,1.6296,2.3704,N,N,07/2016,Analyst
51-4072.00,1.A.4.b.1,Hearing Sensitivity,IM,2.88,8,0.125,2.63,3.12,N,,07/2016,Analyst
51-4072.00,1.A.4.b.1,Hearing Sensitivity,LV,2.62,8,0.183,2.2664,2.9836,N,N,07/2016,Analyst
51-4072.00,1.A.4.b.2,Auditory Attention,IM,3.0,8,0.0,3.0,3.0,N,,07/2016,Analyst
51-4072.00,1.A.4.b.2,Auditory Attention,LV,3.25,8,0.1637,2.9292,3.5708,N,N,07/2016,Analyst
51-4072.00,1.A.4.b.3,Sound Localization,IM,1.75,8,0.1637,1.4292,2.0708,N,,07/2016,Analyst
51-4072.00,1.A.4.b.3,Sound Localization,LV,1.0,8,0.2673,0.4762,1.5238,N,N,07/2016,Analyst
51-4072.00,1.A.4.b.4,Speech Recognition,IM,3.0,8,0.189,2.6296,3.3704,N,,07/2016,Analyst
51-4072.00,1.A.4.b.4,Speech Recognition,LV,2.88,8,0.125,2.63,3.12,N,N,07/2016,Analyst
51-4072.00,1.A.4.b.5,Speech Clarity,IM,3.12,8,0.125,2.88,3.37,N,,07/2016,Analyst
51-4072.00,1.A.4.b.5,Speech Clarity,LV,2.75,8,0.1637,2.4292,3.0708,N,N,07/2016,Analyst
51-4081.00,1.A.1.a.1,Oral Comprehension,IM,3.12,8,0.125,2.88,3.37,N,,08/2021,Analyst
51-4081.00,1.A.1.a.1,Oral Comprehension,LV,3.62,8,0.183,3.2664,3.9836,N,N,08/2021,Analyst
51-4081.00,1.A.1.a.2,Written Comprehension,IM,3.12,8,0.125,2.88,3.37,N,,08/2021,Analyst
51-4081.00,1.A.1.a.2,Written Comprehension,LV,3.0,8,0.0,3.0,3.0,N,N,08/2021,Analyst
51-4081.00,1.A.1.a.3,Oral Expression,IM,2.88,8,0.125,2.63,3.12,N,,08/2021,Analyst
51-4081.00,1.A.1.a.3,Oral Expression,LV,3.38,8,0.183,3.0164,3.7336,N,N,08/2021,Analyst
51-4081.00,1.A.1.a.4,Written Expression,IM,2.88,8,0.125,2.63,3.12,N,,08/2021,Analyst
51-4081.00,1.A.1.a.4,Written Expression,LV,2.88,8,0.125,2.63,3.12,N,N,08/2021,Analyst
51-4081.00,1.A.1.b.1,Fluency of Ideas,IM,2.88,8,0.125,2.63,3.12,N,,08/2021,Analyst
51-4081.00,1.A.1.b.1,Fluency of Ideas,LV,2.38,8,0.183,2.0164,2.7336,N,N,08/2021,Analyst
51-4081.00,1.A.1.b.2,Originality,IM,2.62,8,0.183,2.2664,2.9836,N,,08/2021,Analyst
51-4081.00,1.A.1.b.2,Originality,LV,2.12,8,0.125,1.88,2.37,N,N,08/2021,Analyst
51-4081.00,1.A.1.b.3,Problem Sensitivity,IM,3.62,8,0.183,3.2664,3.9836,N,,08/2021,Analyst
51-4081.00,1.A.1.b.3,Problem Sensitivity,LV,3.12,8,0.125,2.88,3.37,N,N,08/2021,Analyst
51-4081.00,1.A.1.b.4,Deductive Reasoning,IM,3.0,8,0.0,3.0,3.0,N,,08/2021,Analyst
51-4081.00,1.A.1.b.4,Deductive Reasoning,LV,3.0,8,0.0,3.0,3.0,N,N,08/2021,Analyst
51-4081.00,1.A.1.b.5,Inductive Reasoning,IM,3.0,8,0.0,3.0,3.0,N,,08/2021,Analyst
51-4081.00,1.A.1.b.5,Inductive Reasoning,LV,3.0,8,0.0,3.0,3.0,N,N,08/2021,Analyst
51-4081.00,1.A.1.b.6,Information Ordering,IM,3.25,8,0.1637,2.9292,3.5708,N,,08/2021,Analyst
51-4081.00,1.A.1.b.6,Information Ordering,LV,3.12,8,0.125,2.88,3.37,N,N,08/2021,Analyst
51-4081.00,1.A.1.b.7,Category Flexibility,IM,3.0,8,0.0,3.0,3.0,N,,08/2021,Analyst
51-4081.00,1.A.1.b.7,Category Flexibility,LV,3.12,8,0.125,2.88,3.37,N,N,08/2021,Analyst
51-4081.00,1.A.1.c.1,Mathematical Reasoning,IM,2.5,8,0.189,2.1296,2.8704,N,,08/2021,Analyst
51-4081.00,1.A.1.c.1,Mathematical Reasoning,LV,2.0,8,0.0,2.0,2.0,N,N,08/2021,Analyst
51-4081.00,1.A.1.c.2,Number Facility,IM,2.38,8,0.183,2.0164,2.7336,N,,08/2021,Analyst
51-4081.00,1.A.1.c.2,Number Facility,LV,2.0,8,0.0,2.0,2.0,N,N,08/2021,Analyst
51-4081.00,1.A.1.d.1,Memorization,IM,2.12,8,0.125,1.88,2.37,N,,08/2021,Analyst
51-4081.00,1.A.1.d.1,Memorization,LV,2.12,8,0.125,1.88,2.37,N,N,08/2021,Analyst
51-4081.00,1.A.1.e.1,Speed of Closure,IM,2.25,8,0.1637,1.9292,2.5708,N,,08/2021,Analyst
51-4081.00,1.A.1.e.1,Speed of Closure,LV,2.0,8,0.0,2.0,2.0,N,N,08/2021,Analyst
51-4081.00,1.A.1.e.2,Flexibility of Closure,IM,3.0,8,0.0,3.0,3.0,N,,08/2021,Analyst
51-4081.00,1.A.1.e.2,Flexibility of Closure,LV,2.88,8,0.125,2.63,3.12,N,N,08/2021,Analyst
51-4081.00,1.A.1.e.3,Perceptual Speed,IM,3.0,8,0.0,3.0,3.0,N,,08/2021,Analyst
51-4081.00,1.A.1.e.3,Perceptual Speed,LV,3.0,8,0.0,3.0,3.0,N,N,08/2021,Analyst
51-4081.00,1.A.1.f.1,Spatial Orientation,IM,2.0,8,0.0,2.0,2.0,N,,08/2021,Analyst
51-4081.00,1.A.1.f.1,Spatial Orientation,LV,1.25,8,0.1637,0.9292,1.5708,N,N,08/2021,Analyst
51-4081.00,1.A.1.f.2,Visualization,IM,3.38,8,0.183,3.0164,3.7336,N,,08/2021,Analyst
51-4081.00,1.A.1.f.2,Visualization,LV,3.88,8,0.125,3.63,4.12,N,N,08/2021,Analyst
51-4081.00,1.A.1.g.1,Selective Attention,IM,3.12,8,0.125,2.88,3.37,N,,08/2021,Analyst
51-4081.00,1.A.1.g.1,Selective Attention,LV,3.5,8,0.189,3.1296,3.8704,N,N,08/2021,Analyst
51-4081.00,1.A.1.g.2,Time Sharing,IM,2.88,8,0.125,2.63,3.12,N,,08/2021,Analyst
51-4081.00,1.A.1.g.2,Time Sharing,LV,3.0,8,0.189,2.6296,3.3704,N,N,08/2021,Analyst
51-4081.00,1.A.2.a.1,Arm-Hand Steadiness,IM,3.88,8,0.125,3.63,4.12,N,,08/2021,Analyst
51-4081.00,1.A.2.a.1,Arm-Hand Steadiness,LV,3.25,8,0.1637,2.9292,3.5708,N,N,08/2021,Analyst
51-4081.00,1.A.2.a.2,Manual Dexterity,IM,3.75,8,0.1637,3.4292,4.0708,N,,08/2021,Analyst
51-4081.00,1.A.2.a.2,Manual Dexterity,LV,3.38,8,0.183,3.0164,3.7336,N,N,08/2021,Analyst
51-4081.00,1.A.2.a.3,Finger Dexterity,IM,3.12,8,0.125,2.88,3.37,N,,08/2021,Analyst
51-4081.00,1.A.2.a.3,Finger Dexterity,LV,3.12,8,0.125,2.88,3.37,N,N,08/2021,Analyst
51-4081.00,1.A.2.b.1,Control Precision,IM,3.88,8,0.125,3.63,4.12,N,,08/2021,Analyst
51-4081.00,1.A.2.b.1,Control Precision,LV,4.0,8,0.0,4.0,4.0,N,N,08/2021,Analyst
51-4081.00,1.A.2.b.2,Multilimb Coordination,IM,3.12,8,0.125,2.88,3.37,N,,08/2021,Analyst
51-4081.00,1.A.2.b.2,Multilimb Coordination,LV,3.0,8,0.0,3.0,3.0,N,N,08/2021,Analyst
51-4081.00,1.A.2.b.3,Response Orientation,IM,2.38,8,0.183,2.0164,2.7336,N,,08/2021,Analyst
51-4081.00,1.A.2.b.3,Response Orientation,LV,2.0,8,0.189,1.6296,2.3704,N,N,08/2021,Analyst
51-4081.00,1.A.2.b.4,Rate Control,IM,3.0,8,0.0,3.0,3.0,N,,08/2021,Analyst
51-4081.00,1.A.2.b.4,Rate Control,LV,3.0,8,0.0,3.0,3.0,N,N,08/2021,Analyst
51-4081.00,1.A.2.c.1,Reaction Time,IM,3.12,8,0.125,2.88,3.37,N,,08/2021,Analyst
51-4081.00,1.A.2.c.1,Reaction Time,LV,3.25,8,0.1637,2.9292,3.5708,N,N,08/2021,Analyst
51-4081.00,1.A.2.c.2,Wrist-Finger Speed,IM,2.12,8,0.125,1.88,2.37,N,,08/2021,Analyst
51-4081.00,1.A.2.c.2,Wrist-Finger Speed,LV,2.12,8,0.125,1.88,2.37,N,N,08/2021,Analyst
51-4081.00,1.A.2.c.3,Speed of Limb Movement,IM,1.62,8,0.183,1.2664,1.9836,N,,08/2021,Analyst
51-4081.00,1.A.2.c.3,Speed of Limb Movement,LV,1.12,8,0.3504,0.4383,1.8117,N,N,08/2021,Analyst
51-4081.00,1.A.3.a.1,Static Strength,IM,2.88,8,0.125,2.63,3.12,N,,08/2021,Analyst
51-4081.00,1.A.3.a.1,Static Strength,LV,3.0,8,0.189,2.6296,3.3704,N,N,08/2021,Analyst
51-4081.00,1.A.3.a.2,Explosive Strength,IM,1.5,8,0.2673,1.0,2.0238,N,,08/2021,Analyst
51-4081.00,1.A.3.a.2,Explosive Strength,LV,0.75,8,0.4119,0.0,1.5573,N,N,08/2021,Analyst
51-4081.00,1.A.3.a.3,Dynamic Strength,IM,2.0,8,0.0,2.0,2.0,N,,08/2021,Analyst
51-4081.00,1.A.3.a.3,Dynamic Strength,LV,1.88,8,0.125,1.63,2.12,N,N,08/2021,Analyst
51-4081.00,1.A.3.a.4,Trunk Strength,IM,2.88,8,0.125,2.63,3.12,N,,08/2021,Analyst
51-4081.00,1.A.3.a.4,Trunk Strength,LV,2.75,8,0.1637,2.4292,3.0708,N,N,08/2021,Analyst
51-4081.00,1.A.3.b.1,Stamina,IM,2.12,8,0.125,1.88,2.37,N,,08/2021,Analyst
51-4081.00,1.A.3.b.1,Stamina,LV,2.0,8,0.0,2.0,2.0,N,N,08/2021,Analyst
51-4081.00,1.A.3.c.1,Extent Flexibility,IM,3.0,8,0.0,3.0,3.0,N,,08/2021,Analyst
51-4081.00,1.A.3.c.1,Extent Flexibility,LV,3.0,8,0.189,2.6296,3.3704,N,N,08/2021,Analyst
51-4081.00,1.A.3.c.2,Dynamic Flexibility,IM,1.0,8,0.0,1.0,1.0,N,,08/2021,Analyst
51-4081.00,1.A.3.c.2,Dynamic Flexibility,LV,0.0,8,0.0,0.0,0.0,N,Y,08/2021,Analyst
51-4081.00,1.A.3.c.3,Gross Body Coordination,IM,2.0,8,0.0,2.0,2.0,N,,08/2021,Analyst
51-4081.00,1.A.3.c.3,Gross Body Coordination,LV,2.0,8,0.0,2.0,2.0,N,N,08/2021,Analyst
51-4081.00,1.A.3.c.4,Gross Body Equilibrium,IM,2.0,8,0.0,2.0,2.0,N,,08/2021,Analyst
51-4081.00,1.A.3.c.4,Gross Body Equilibrium,LV,1.88,8,0.125,1.63,2.12,N,N,08/2021,Analyst
51-4081.00,1.A.4.a.1,Near Vision,IM,3.88,8,0.125,3.63,4.12,N,,08/2021,Analyst
51-4081.00,1.A.4.a.1,Near Vision,LV,3.5,8,0.189,3.1296,3.8704,N,N,08/2021,Analyst
51-4081.00,1.A.4.a.2,Far Vision,IM,3.12,8,0.125,2.88,3.37,N,,08/2021,Analyst
51-4081.00,1.A.4.a.2,Far Vision,LV,3.25,8,0.1637,2.9292,3.5708,N,N,08/2021,Analyst
51-4081.00,1.A.4.a.3,Visual Color Discrimination,IM,2.88,8,0.125,2.63,3.12,N,,08/2021,Analyst
51-4081.00,1.A.4.a.3,Visual Color Discrimination,LV,2.88,8,0.125,2.63,3.12,N,N,08/2021,Analyst
51-4081.00,1.A.4.a.4,Night Vision,IM,1.88,8,0.125,1.63,2.12,N,,08/2021,Analyst
51-4081.00,1.A.4.a.4,Night Vision,LV,0.88,8,0.125,0.63,1.12,N,N,08/2021,Analyst
51-4081.00,1.A.4.a.5,Peripheral Vision,IM,2.0,8,0.0,2.0,2.0,N,,08/2021,Analyst
51-4081.00,1.A.4.a.5,Peripheral Vision,LV,1.25,8,0.1637,0.9292,1.5708,N,N,08/2021,Analyst
51-4081.00,1.A.4.a.6,Depth Perception,IM,2.25,8,0.1637,1.9292,2.5708,N,,08/2021,Analyst
51-4081.00,1.A.4.a.6,Depth Perception,LV,2.12,8,0.125,1.88,2.37,N,N,08/2021,Analyst
51-4081.00,1.A.4.a.7,Glare Sensitivity,IM,2.0,8,0.0,2.0,2.0,N,,08/2021,Analyst
51-4081.00,1.A.4.a.7,Glare Sensitivity,LV,1.25,8,0.1637,0.9292,1.5708,N,N,08/2021,Analyst
51-4081.00,1.A.4.b.1,Hearing Sensitivity,IM,3.0,8,0.0,3.0,3.0,N,,08/2021,Analyst
51-4081.00,1.A.4.b.1,Hearing Sensitivity,LV,3.0,8,0.0,3.0,3.0,N,N,08/2021,Analyst
51-4081.00,1.A.4.b.2,Auditory Attention,IM,3.0,8,0.0,3.0,3.0,N,,08/2021,Analyst
51-4081.00,1.A.4.b.2,Auditory Attention,LV,3.0,8,0.0,3.0,3.0,N,N,08/2021,Analyst
51-4081.00,1.A.4.b.3,Sound Localization,IM,2.0,8,0.0,2.0,2.0,N,,08/2021,Analyst
51-4081.00,1.A.4.b.3,Sound Localization,LV,1.12,8,0.125,0.88,1.37,N,N,08/2021,Analyst
51-4081.00,1.A.4.b.4,Speech Recognition,IM,3.12,8,0.125,2.88,3.37,N,,08/2021,Analyst
51-4081.00,1.A.4.b.4,Speech Recognition,LV,3.0,8,0.0,3.0,3.0,N,N,08/2021,Analyst
51-4081.00,1.A.4.b.5,Speech Clarity,IM,3.0,8,0.0,3.0,3.0,N,,08/2021,Analyst
51-4081.00,1.A.4.b.5,Speech Clarity,LV,3.0,8,0.0,3.0,3.0,N,N,08/2021,Analyst
51-4111.00,1.A.1.a.1,Oral Comprehension,IM,3.12,8,0.125,2.88,3.37,N,,08/2021,Analyst
51-4111.00,1.A.1.a.1,Oral Comprehension,LV,3.88,8,0.125,3.63,4.12,N,N,08/2021,Analyst
51-4111.00,1.A.1.a.2,Written Comprehension,IM,3.0,8,0.0,3.0,3.0,N,,08/2021,Analyst
51-4111.00,1.A.1.a.2,Written Comprehension,LV,3.38,8,0.183,3.0164,3.7336,N,N,08/2021,Analyst
51-4111.00,1.A.1.a.3,Oral Expression,IM,3.12,8,0.125,2.88,3.37,N,,08/2021,Analyst
51-4111.00,1.A.1.a.3,Oral Expression,LV,3.5,8,0.189,3.1296,3.8704,N,N,08/2021,Analyst
51-4111.00,1.A.1.a.4,Written Expression,IM,2.88,8,0.125,2.63,3.12,N,,08/2021,Analyst
51-4111.00,1.A.1.a.4,Written Expression,LV,3.0,8,0.0,3.0,3.0,N,N,08/2021,Analyst
51-4111.00,1.A.1.b.1,Fluency of Ideas,IM,2.88,8,0.2266,2.4309,3.3191,N,,08/2021,Analyst
51-4111.00,1.A.1.b.1,Fluency of Ideas,LV,2.75,8,0.25,2.26,3.24,N,N,08/2021,Analyst
51-4111.00,1.A.1.b.2,Originality,IM,2.75,8,0.25,2.26,3.24,N,,08/2021,Analyst
51-4111.00,1.A.1.b.2,Originality,LV,2.62,8,0.183,2.2664,2.9836,N,N,08/2021,Analyst
51-4111.00,1.A.1.b.3,Problem Sensitivity,IM,3.62,8,0.183,3.2664,3.9836,N,,08/2021,Analyst
51-4111.00,1.A.1.b.3,Problem Sensitivity,LV,3.0,8,0.0,3.0,3.0,N,N,08/2021,Analyst
51-4111.00,1.A.1.b.4,Deductive Reasoning,IM,3.12,8,0.125,2.88,3.37,N,,08/2021,Analyst
51-4111.00,1.A.1.b.4,Deductive Reasoning,LV,3.12,8,0.125,2.88,3.37,N,N,08/2021,Analyst
51-4111.00,1.A.1.b.5,Inductive Reasoning,IM,3.0,8,0.0,3.0,3.0,N,,08/2021,Analyst
51-4111.00,1.A.1.b.5,Inductive Reasoning,LV,3.0,8,0.0,3.0,3.0,N,N,08/2021,Analyst
51-4111.00,1.A.1.b.6,Information Ordering,IM,3.25,8,0.1637,2.9292,3.5708,N,,08/2021,Analyst
51-4111.00,1.A.1.b.6,Information Ordering,LV,3.75,8,0.1637,3.4292,4.0708,N,N,08/2021,Analyst
51-4111.00,1.A.1.b.7,Category Flexibility,IM,3.25,8,0.1637,2.9292,3.5708,N,,08/2021,Analyst
51-4111.00,1.A.1.b.7,Category Flexibility,LV,4.0,8,0.189,3.6296,4.3704,N,N,08/2021,Analyst
51-4111.00,1.A.1.c.1,Mathematical Reasoning,IM,3.0,8,0.0,3.0,3.0,N,,08/2021,Analyst
51-4111.00,1.A.1.c.1,Mathematical Reasoning,LV,2.62,8,0.183,2.2664,2.9836,N,N,08/2021,Analyst
51-4111.00,1.A.1.c.2,Number Facility,IM,2.25,8,0.1637,1.9292,2.5708,N,,08/2021,Analyst
51-4111.00,1.A.1.c.2,Number Facility,LV,2.38,8,0.2631,1.8594,2.8906,N,N,08/2021,Analyst
51-4111.00,1.A.1.d.1,Memorization,IM,2.0,8,0.0,2.0,2.0,N,,08/2021,Analyst
51-4111.00,1.A.1.d.1,Memorization,LV,2.0,8,0.0,2.0,2.0,N,N,08/2021,Analyst
51-4111.00,1.A.1.e.1,Speed of Closure,IM,2.12,8,0.125,1.88,2.37,N,,08/2021,Analyst
51-4111.00,1.A.1.e.1,Speed of Closure,LV,2.0,8,0.0,2.0,2.0,N,N,08/2021,Analyst
51-4111.00,1.A.1.e.2,Flexibility of Closure,IM,2.5,8,0.189,2.1296,2.8704,N,,08/2021,Analyst
51-4111.00,1.A.1.e.2,Flexibility of Closure,LV,2.5,8,0.189,2.1296,2.8704,N,N,08/2021,Analyst
51-4111.00,1.A.1.e.3,Perceptual Speed,IM,2.88,8,0.125,2.63,3.12,N,,08/2021,Analyst
51-4111.00,1.A.1.e.3,Perceptual Speed,LV,2.88,8,0.125,2.63,3.12,N,N,08/2021,Analyst
51-4111.00,1.A.1.f.1,Spatial Orientation,IM,1.88,8,0.2266,1.4309,2.3191,N,,08/2021,Analyst
51-4111.00,1.A.1.f.1,Spatial Orientation,LV,1.0,8,0.2673,0.4762,1.5238,N,N,08/2021,Analyst
51-4111.00,1.A.1.f.2,Visualization,IM,3.75,8,0.1637,3.4292,4.0708,N,,08/2021,Analyst
51-4111.00,1.A.1.f.2,Visualization,LV,3.88,8,0.125,3.63,4.12,N,N,08/2021,Analyst
51-4111.00,1.A.1.g.1,Selective Attention,IM,3.25,8,0.1637,2.9292,3.5708,N,,08/2021,Analyst
51-4111.00,1.A.1.g.1,Selective Attention,LV,3.25,8,0.1637,2.9292,3.5708,N,N,08/2021,Analyst
51-4111.00,1.A.1.g.2,Time Sharing,IM,2.25,8,0.1637,1.9292,2.5708,N,,08/2021,Analyst
51-4111.00,1.A.1.g.2,Time Sharing,LV,2.0,8,0.0,2.0,2.0,N,N,08/2021,Analyst
51-4111.00,1.A.2.a.1,Arm-Hand Steadiness,IM,3.25,8,0.1637,2.9292,3.5708,N,,08/2021,Analyst
51-4111.00,1.A.2.a.1,Arm-Hand Steadiness,LV,3.25,8,0.1637,2.9292,3.5708,N,N,08/2021,Analyst
51-4111.00,1.A.2.a.2,Manual Dexterity,IM,3.38,8,0.183,3.0164,3.7336,N,,08/2021,Analyst
51-4111.00,1.A.2.a.2,Manual Dexterity,LV,3.12,8,0.125,2.88,3.37,N,N,08/2021,Analyst
51-4111.00,1.A.2.a.3,Finger Dexterity,IM,3.38,8,0.183,3.0164,3.7336,N,,08/2021,Analyst
51-4111.00,1.A.2.a.3,Finger Dexterity,LV,3.38,8,0.183,3.0164,3.7336,N,N,08/2021,Analyst
51-4111.00,1.A.2.b.1,Control Precision,IM,3.38,8,0.183,3.0164,3.7336,N,,08/2021,Analyst
51-4111.00,1.A.2.b.1,Control Precision,LV,3.88,8,0.2266,3.4309,4.3191,N,N,08/2021,Analyst
51-4111.00,1.A.2.b.2,Multilimb Coordination,IM,3.12,8,0.125,2.88,3.37,N,,08/2021,Analyst
51-4111.00,1.A.2.b.2,Multilimb Coordination,LV,3.25,8,0.1637,2.9292,3.5708,N,N,08/2021,Analyst
51-4111.00,1.A.2.b.3,Response Orientation,IM,2.38,8,0.183,2.0164,2.7336,N,,08/2021,Analyst
51-4111.00,1.A.2.b.3,Response Orientation,LV,2.62,8,0.183,2.2664,2.9836,N,N,08/2021,Analyst
51-4111.00,1.A.2.b.4,Rate Control,IM,2.62,8,0.183,2.2664,2.9836,N,,08/2021,Analyst
51-4111.00,1.A.2.b.4,Rate Control,LV,2.38,8,0.2631,1.8594,2.8906,N,N,08/2021,Analyst
51-4111.00,1.A.2.c.1,Reaction Time,IM,2.88,8,0.2266,2.4309,3.3191,N,,08/2021,Analyst
51-4111.00,1.A.2.c.1,Reaction Time,LV,3.12,8,0.125,2.88,3.37,N,N,08/2021,Analyst
51-4111.00,1.A.2.c.2,Wrist-Finger Speed,IM,2.12,8,0.125,1.88,2.37,N,,08/2021,Analyst
51-4111.00,1.A.2.c.2,Wrist-Finger Speed,LV,2.12,8,0.125,1.88,2.37,N,N,08/2021,Analyst
51-4111.00,1.A.2.c.3,Speed of Limb Movement,IM,1.88,8,0.125,1.63,2.12,N,,08/2021,Analyst
51-4111.00,1.A.2.c.3,Speed of Limb Movement,LV,1.75,8,0.25,1.26,2.24,N,N,08/2021,Analyst
51-4111.00,1.A.3.a.1,Static Strength,IM,2.25,8,0.1637,1.9292,2.5708,N,,08/2021,Analyst
51-4111.00,1.A.3.a.1,Static Strength,LV,2.88,8,0.2266,2.4309,3.3191,N,N,08/2021,Analyst
51-4111.00,1.A.3.a.2,Explosive Strength,IM,1.5,8,0.2673,1.0,2.0238,N,,08/2021,Analyst
51-4111.00,1.A.3.a.2,Explosive Strength,LV,0.62,8,0.3239,0.0,1.2598,N,N,08/2021,Analyst
51-4111.00,1.A.3.a.3,Dynamic Strength,IM,2.12,8,0.125,1.88,2.37,N,,08/2021,Analyst
51-4111.00,1.A.3.a.3,Dynamic Strength,LV,2.0,8,0.189,1.6296,2.3704,N,N,08/2021,Analyst
51-4111.00,1.A.3.a.4,Trunk Strength,IM,2.62,8,0.183,2.2664,2.9836,N,,08/2021,Analyst
51-4111.00,1.A.3.a.4,Trunk Strength,LV,3.0,8,0.0,3.0,3.0,N,N,08/2021,Analyst
51-4111.00,1.A.3.b.1,Stamina,IM,2.12,8,0.125,1.88,2.37,N,,08/2021,Analyst
51-4111.00,1.A.3.b.1,Stamina,LV,2.0,8,0.0,2.0,2.0,N,N,08/2021,Analyst
51-4111.00,1.A.3.c.1,Extent Flexibility,IM,2.12,8,0.125,1.88,2.37,N,,08/2021,Analyst
51-4111.00,1.A.3.c.1,Extent Flexibility,LV,2.25,8,0.1637,1.9292,2.5708,N,N,08/2021,Analyst
51-4111.00,1.A.3.c.2,Dynamic Flexibility,IM,1.5,8,0.189,1.1296,1.8704,N,,08/2021,Analyst
51-4111.00,1.A.3.c.2,Dynamic Flexibility,LV,0.5,8,0.189,0.1296,0.8704,N,N,08/2021,Analyst
51-4111.00,1.A.3.c.3,Gross Body Coordination,IM,2.0,8,0.0,2.0,2.0,N,,08/2021,Analyst
51-4111.00,1.A.3.c.3,Gross Body Coordination,LV,1.75,8,0.1637,1.4292,2.0708,N,N,08/2021,Analyst
51-4111.00,1.A.3.c.4,Gross Body Equilibrium,IM,1.75,8,0.1637,1.4292,2.0708,N,,08/2021,Analyst
51-4111.00,1.A.3.c.4,Gross Body Equilibrium,LV,1.25,8,0.3134,0.6358,1.8642,N,N,08/2021,Analyst
51-4111.00,1.A.4.a.1,Near Vision,IM,3.75,8,0.1637,3.4292,4.0708,N,,08/2021,Analyst
51-4111.00,1.A.4.a.1,Near Vision,LV,3.75,8,0.1637,3.4292,4.0708,N,N,08/2021,Analyst
51-4111.00,1.A.4.a.2,Far Vision,IM,2.88,8,0.125,2.63,3.12,N,,08/2021,Analyst
51-4111.00,1.A.4.a.2,Far Vision,LV,2.88,8,0.125,2.63,3.12,N,N,08/2021,Analyst
51-4111.00,1.A.4.a.3,Visual Color Discrimination,IM,2.38,8,0.183,2.0164,2.7336,N,,08/2021,Analyst
51-4111.00,1.A.4.a.3,Visual Color Discrimination,LV,2.12,8,0.125,1.88,2.37,N,N,08/2021,Analyst
51-4111.00,1.A.4.a.4,Night Vision,IM,1.62,8,0.183,1.2664,1.9836,N,,08/2021,Analyst
51-4111.00,1.A.4.a.4,Night Vision,LV,0.62,8,0.183,0.2664,0.9836,N,N,08/2021,Analyst
51-4111.00,1.A.4.a.5,Peripheral Vision,IM,1.62,8,0.183,1.2664,1.9836,N,,08/2021,Analyst
51-4111.00,1.A.4.a.5,Peripheral Vision,LV,0.75,8,0.25,0.26,1.24,N,N,08/2021,Analyst
51-4111.00,1.A.4.a.6,Depth Perception,IM,2.75,8,0.1637,2.4292,3.0708,N,,08/2021,Analyst
51-4111.00,1.A.4.a.6,Depth Perception,LV,2.75,8,0.1637,2.4292,3.0708,N,N,08/2021,Analyst
51-4111.00,1.A.4.a.7,Glare Sensitivity,IM,1.75,8,0.1637,1.4292,2.0708,N,,08/2021,Analyst
51-4111.00,1.A.4.a.7,Glare Sensitivity,LV,1.38,8,0.3239,0.7402,2.0098,N,N,08/2021,Analyst
51-4111.00,1.A.4.b.1,Hearing Sensitivity,IM,2.12,8,0.125,1.88,2.37,N,,08/2021,Analyst
51-4111.00,1.A.4.b.1,Hearing Sensitivity,LV,2.0,8,0.0,2.0,2.0,N,N,08/2021,Analyst
51-4111.00,1.A.4.b.2,Auditory Attention,IM,2.25,8,0.1637,1.9292,2.5708,N,,08/2021,Analyst
51-4111.00,1.A.4.b.2,Auditory Attention,LV,2.12,8,0.125,1.88,2.37,N,N,08/2021,Analyst
51-4111.00,1.A.4.b.3,Sound Localization,IM,1.62,8,0.183,1.2664,1.9836,N,,08/2021,Analyst
51-4111.00,1.A.4.b.3,Sound Localization,LV,0.88,8,0.295,0.2967,1.4533,N,N,08/2021,Analyst
51-4111.00,1.A.4.b.4,Speech Recognition,IM,3.0,8,0.0,3.0,3.0,N,,08/2021,Analyst
51-4111.00,1.A.4.b.4,Speech Recognition,LV,2.88,8,0.125,2.63,3.12,N,N,08/2021,Analyst
51-4111.00,1.A.4.b.5,Speech Clarity,IM,3.0,8,0.0,3.0,3.0,N,,08/2021,Analyst
51-4111.00,1.A.4.b.5,Speech Clarity,LV,2.88,8,0.125,2.63,3.12,N,N,08/2021,Analyst
51-4121.00,1.A.1.a.1,Oral Comprehension,IM,3.0,8,0.0,3.0,3.0,N,,08/2022,Analyst
51-4121.00,1.A.1.a.1,Oral Comprehension,LV,3.12,8,0.2266,2.6809,3.5691,N,N,08/2022,Analyst
51-4121.00,1.A.1.a.2,Written Comprehension,IM,2.38,8,0.2631,1.8594,2.8906,N,,08/2022,Analyst
51-4121.00,1.A.1.a.2,Written Comprehension,LV,2.38,8,0.375,1.64,3.11,N,N,08/2022,Analyst
51-4121.00,1.A.1.a.3,Oral Expression,IM,2.75,8,0.1637,2.4292,3.0708,N,,08/2022,Analyst
51-4121.00,1.A.1.a.3,Oral Expression,LV,2.75,8,0.1637,2.4292,3.0708,N,N,08/2022,Analyst
51-4121.00,1.A.1.a.4,Written Expression,IM,1.75,8,0.1637,1.4292,2.0708,N,,08/2022,Analyst
51-4121.00,1.A.1.a.4,Written Expression,LV,1.5,8,0.3273,0.8584,2.1416,N,N,08/2022,Analyst
51-4121.00,1.A.1.b.1,Fluency of Ideas,IM,2.38,8,0.183,2.0164,2.7336,N,,08/2022,Analyst
51-4121.00,1.A.1.b.1,Fluency of Ideas,LV,2.12,8,0.125,1.88,2.37,N,N,08/2022,Analyst
51-4121.00,1.A.1.b.2,Originality,IM,2.12,8,0.125,1.88,2.37,N,,08/2022,Analyst
51-4121.00,1.A.1.b.2,Originality,LV,2.12,8,0.125,1.88,2.37,N,N,08/2022,Analyst
51-4121.00,1.A.1.b.3,Problem Sensitivity,IM,3.25,8,0.1637,2.9292,3.5708,N,,08/2022,Analyst
51-4121.00,1.A.1.b.3,Problem Sensitivity,LV,3.12,8,0.125,2.88,3.37,N,N,08/2022,Analyst
51-4121.00,1.A.1.b.4,Deductive Reasoning,IM,3.0,8,0.0,3.0,3.0,N,,08/2022,Analyst
51-4121.00,1.A.1.b.4,Deductive Reasoning,LV,3.0,8,0.0,3.0,3.0,N,N,08/2022,Analyst
51-4121.00,1.A.1.b.5,Inductive Reasoning,IM,2.88,8,0.125,2.63,3.12,N,,08/2022,Analyst
51-4121.00,1.A.1.b.5,Inductive Reasoning,LV,2.88,8,0.125,2.63,3.12,N,N,08/2022,Analyst
51-4121.00,1.A.1.b.6,Information Ordering,IM,2.88,8,0.125,2.63,3.12,N,,08/2022,Analyst
51-4121.00,1.A.1.b.6,Information Ordering,LV,2.5,8,0.189,2.1296,2.8704,N,N,08/2022,Analyst
51-4121.00,1.A.1.b.7,Category Flexibility,IM,2.88,8,0.2266,2.4309,3.3191,N,,08/2022,Analyst
51-4121.00,1.A.1.b.7,Category Flexibility,LV,3.0,8,0.189,2.6296,3.3704,N,N,08/2022,Analyst
51-4121.00,1.A.1.c.1,Mathematical Reasoning,IM,2.12,8,0.125,1.88,2.37,N,,08/2022,Analyst
51-4121.00,1.A.1.c.1,Mathematical Reasoning,LV,1.75,8,0.25,1.26,2.24,N,N,08/2022,Analyst
51-4121.00,1.A.1.c.2,Number Facility,IM,2.0,8,0.189,1.6296,2.3704,N,,08/2022,Analyst
51-4121.00,1.A.1.c.2,Number Facility,LV,1.5,8,0.2673,0.9762,2.0238,N,N,08/2022,Analyst
51-4121.00,1.A.1.d.1,Memorization,IM,1.88,8,0.125,1.63,2.12,N,,08/2022,Analyst
51-4121.00,1.A.1.d.1,Memorization,LV,1.5,8,0.2673,0.9762,2.0238,N,N,08/2022,Analyst
51-4121.00,1.A.1.e.1,Speed of Closure,IM,2.25,8,0.1637,1.9292,2.5708,N,,08/2022,Analyst
51-4121.00,1.A.1.e.1,Speed of Closure,LV,2.25,8,0.1637,1.9292,2.5708,N,N,08/2022,Analyst
51-4121.00,1.A.1.e.2,Flexibility of Closure,IM,2.88,8,0.125,2.63,3.12,N,,08/2022,Analyst
51-4121.00,1.A.1.e.2,Flexibility of Closure,LV,2.75,8,0.25,2.26,3.24,N,N,08/2022,Analyst
51-4121.00,1.A.1.e.3,Perceptual Speed,IM,2.75,8,0.1637,2.4292,3.0708,N,,08/2022,Analyst
51-4121.00,1.A.1.e.3,Perceptual Speed,LV,2.62,8,0.183,2.2664,2.9836,N,N,08/2022,Analyst
51-4121.00,1.A.1.f.1,Spatial Orientation,IM,2.0,8,0.189,1.6296,2.3704,N,,08/2022,Analyst
51-4121.00,1.A.1.f.1,Spatial Orientation,LV,1.75,8,0.3134,1.1358,2.3642,N,N,08/2022,Analyst
51-4121.00,1.A.1.f.2,Visualization,IM,2.88,8,0.2266,2.4309,3.3191,N,,08/2022,Analyst
51-4121.00,1.A.1.f.2,Visualization,LV,3.38,8,0.2631,2.8594,3.8906,N,N,08/2022,Analyst
51-4121.00,1.A.1.g.1,Selective Attention,IM,3.0,8,0.0,3.0,3.0,N,,08/2022,Analyst
51-4121.00,1.A.1.g.1,Selective Attention,LV,2.88,8,0.125,2.63,3.12,N,N,08/2022,Analyst
51-4121.00,1.A.1.g.2,Time Sharing,IM,2.38,8,0.183,2.0164,2.7336,N,,08/2022,Analyst
51-4121.00,1.A.1.g.2,Time Sharing,LV,2.5,8,0.189,2.1296,2.8704,N,N,08/2022,Analyst
51-4121.00,1.A.2.a.1,Arm-Hand Steadiness,IM,3.62,8,0.2631,3.1094,4.1406,N,,08/2022,Analyst
51-4121.00,1.A.2.a.1,Arm-Hand Steadiness,LV,3.5,8,0.189,3.1296,3.8704,N,N,08/2022,Analyst
51-4121.00,1.A.2.a.2,Manual Dexterity,IM,3.12,8,0.295,2.5467,3.7033,N,,08/2022,Analyst
51-4121.00,1.A.2.a.2,Manual Dexterity,LV,2.88,8,0.2266,2.4309,3.3191,N,N,08/2022,Analyst
51-4121.00,1.A.2.a.3,Finger Dexterity,IM,3.25,8,0.3134,2.6358,3.8642,N,,08/2022,Analyst
51-4121.00,1.A.2.a.3,Finger Dexterity,LV,3.12,8,0.295,2.5467,3.7033,N,N,08/2022,Analyst
51-4121.00,1.A.2.b.1,Control Precision,IM,3.12,8,0.295,2.5467,3.7033,N,,08/2022,Analyst
51-4121.00,1.A.2.b.1,Control Precision,LV,3.25,8,0.25,2.76,3.74,N,N,08/2022,Analyst
51-4121.00,1.A.2.b.2,Multilimb Coordination,IM,2.62,8,0.2631,2.1094,3.1406,N,,08/2022,Analyst
51-4121.00,1.A.2.b.2,Multilimb Coordination,LV,2.75,8,0.25,2.26,3.24,N,N,08/2022,Analyst
51-4121.00,1.A.2.b.3,Response Orientation,IM,2.5,8,0.189,2.1296,2.8704,N,,08/2022,Analyst
51-4121.00,1.A.2.b.3,Response Orientation,LV,2.5,8,0.189,2.1296,2.8704,N,N,08/2022,Analyst
51-4121.00,1.A.2.b.4,Rate Control,IM,2.62,8,0.183,2.2664,2.9836,N,,08/2022,Analyst
51-4121.00,1.A.2.b.4,Rate Control,LV,2.5,8,0.189,2.1296,2.8704,N,N,08/2022,Analyst
51-4121.00,1.A.2.c.1,Reaction Time,IM,2.62,8,0.183,2.2664,2.9836,N,,08/2022,Analyst
51-4121.00,1.A.2.c.1,Reaction Time,LV,2.75,8,0.3134,2.1358,3.3642,N,N,08/2022,Analyst
51-4121.00,1.A.2.c.2,Wrist-Finger Speed,IM,2.0,8,0.378,1.2592,2.7408,N,,08/2022,Analyst
51-4121.00,1.A.2.c.2,Wrist-Finger Speed,LV,1.62,8,0.5324,0.5814,2.6686,Y,N,08/2022,Analyst
51-4121.00,1.A.2.c.3,Speed of Limb Movement,IM,1.25,8,0.1637,1.0,1.5708,N,,08/2022,Analyst
51-4121.00,1.A.2.c.3,Speed of Limb Movement,LV,0.5,8,0.3273,0.0,1.1416,N,Y,08/2022,Analyst
51-4121.00,1.A.3.a.1,Static Strength,IM,2.62,8,0.183,2.2664,2.9836,N,,08/2022,Analyst
51-4121.00,1.A.3.a.1,Static Strength,LV,2.88,8,0.295,2.2967,3.4533,N,N,08/2022,Analyst
51-4121.00,1.A.3.a.2,Explosive Strength,IM,2.12,8,0.125,1.88,2.37,N,,08/2022,Analyst
51-4121.00,1.A.3.a.2,Explosive Strength,LV,1.88,8,0.125,1.63,2.12,N,N,08/2022,Analyst
51-4121.00,1.A.3.a.3,Dynamic Strength,IM,2.12,8,0.125,1.88,2.37,N,,08/2022,Analyst
51-4121.00,1.A.3.a.3,Dynamic Strength,LV,2.0,8,0.189,1.6296,2.3704,N,N,08/2022,Analyst
51-4121.00,1.A.3.a.4,Trunk Strength,IM,2.88,8,0.2266,2.4309,3.3191,N,,08/2022,Analyst
51-4121.00,1.A.3.a.4,Trunk Strength,LV,2.88,8,0.2266,2.4309,3.3191,N,N,08/2022,Analyst
51-4121.00,1.A.3.b.1,Stamina,IM,2.25,8,0.1637,1.9292,2.5708,N,,08/2022,Analyst
51-4121.00,1.A.3.b.1,Stamina,LV,2.0,8,0.189,1.6296,2.3704,N,N,08/2022,Analyst
51-4121.00,1.A.3.c.1,Extent Flexibility,IM,2.5,8,0.189,2.1296,2.8704,N,,08/2022,Analyst
51-4121.00,1.A.3.c.1,Extent Flexibility,LV,2.75,8,0.366,2.0327,3.4673,N,N,08/2022,Analyst
51-4121.00,1.A.3.c.2,Dynamic Flexibility,IM,1.62,8,0.183,1.2664,1.9836,N,,08/2022,Analyst
51-4121.00,1.A.3.c.2,Dynamic Flexibility,LV,1.0,8,0.3273,0.3584,1.6416,N,N,08/2022,Analyst
51-4121.00,1.A.3.c.3,Gross Body Coordination,IM,2.0,8,0.189,1.6296,2.3704,N,,08/2022,Analyst
51-4121.00,1.A.3.c.3,Gross Body Coordination,LV,1.62,8,0.2631,1.1094,2.1406,N,N,08/2022,Analyst
51-4121.00,1.A.3.c.4,Gross Body Equilibrium,IM,2.12,8,0.125,1.88,2.37,N,,08/2022,Analyst
51-4121.00,1.A.3.c.4,Gross Body Equilibrium,LV,1.75,8,0.25,1.26,2.24,N,N,08/2022,Analyst
51-4121.00,1.A.4.a.1,Near Vision,IM,3.38,8,0.2631,2.8594,3.8906,N,,08/2022,Analyst
51-4121.00,1.A.4.a.1,Near Vision,LV,3.5,8,0.3273,2.8584,4.1416,N,N,08/2022,Analyst
51-4121.00,1.A.4.a.2,Far Vision,IM,2.88,8,0.125,2.63,3.12,N,,08/2022,Analyst
51-4121.00,1.A.4.a.2,Far Vision,LV,2.88,8,0.125,2.63,3.12,N,N,08/2022,Analyst
51-4121.00,1.A.4.a.3,Visual Color Discrimination,IM,2.62,8,0.183,2.2664,2.9836,N,,08/2022,Analyst
51-4121.00,1.A.4.a.3,Visual Color Discrimination,LV,2.5,8,0.3273,1.8584,3.1416,N,N,08/2022,Analyst
51-4121.00,1.A.4.a.4,Night Vision,IM,1.75,8,0.25,1.26,2.24,N,,08/2022,Analyst
51-4121.00,1.A.4.a.4,Night Vision,LV,1.25,8,0.4119,0.4427,2.0573,N,N,08/2022,Analyst
51-4121.00,1.A.4.a.5,Peripheral Vision,IM,1.88,8,0.125,1.63,2.12,N,,08/2022,Analyst
51-4121.00,1.A.4.a.5,Peripheral Vision,LV,1.62,8,0.2631,1.1094,2.1406,N,N,08/2022,Analyst
51-4121.00,1.A.4.a.6,Depth Perception,IM,2.75,8,0.1637,2.4292,3.0708,N,,08/2022,Analyst
51-4121.00,1.A.4.a.6,Depth Perception,LV,2.88,8,0.295,2.2967,3.4533,N,N,08/2022,Analyst
51-4121.00,1.A.4.a.7,Glare Sensitivity,IM,2.25,8,0.1637,1.9292,2.5708,N,,08/2022,Analyst
51-4121.00,1.A.4.a.7,Glare Sensitivity,LV,2.25,8,0.1637,1.9292,2.5708,N,N,08/2022,Analyst
51-4121.00,1.A.4.b.1,Hearing Sensitivity,IM,2.25,8,0.1637,1.9292,2.5708,N,,08/2022,Analyst
51-4121.00,1.A.4.b.1,Hearing Sensitivity,LV,2.38,8,0.183,2.0164,2.7336,N,N,08/2022,Analyst
51-4121.00,1.A.4.b.2,Auditory Attention,IM,2.62,8,0.183,2.2664,2.9836,N,,08/2022,Analyst
51-4121.00,1.A.4.b.2,Auditory Attention,LV,2.38,8,0.183,2.0164,2.7336,N,N,08/2022,Analyst
51-4121.00,1.A.4.b.3,Sound Localization,IM,1.88,8,0.2266,1.4309,2.3191,N,,08/2022,Analyst
51-4121.00,1.A.4.b.3,Sound Localization,LV,1.62,8,0.375,0.89,2.36,N,N,08/2022,Analyst
51-4121.00,1.A.4.b.4,Speech Recognition,IM,2.62,8,0.183,2.2664,2.9836,N,,08/2022,Analyst
51-4121.00,1.A.4.b.4,Speech Recognition,LV,2.12,8,0.2266,1.6809,2.5691,N,N,08/2022,Analyst
51-4121.00,1.A.4.b.5,Speech Clarity,IM,2.5,8,0.2673,1.9762,3.0238,N,,08/2022,Analyst
51-4121.00,1.A.4.b.5,Speech Clarity,LV,2.0,8,0.3273,1.3584,2.6416,N,N,08/2022,Analyst
51-4122.00,1.A.1.a.1,Oral Comprehension,IM,2.88,8,0.125,2.63,3.12,N,,08/2024,Analyst
51-4122.00,1.A.1.a.1,Oral Comprehension,LV,3.0,8,0.0,3.0,3.0,N,N,08/2024,Analyst
51-4122.00,1.A.1.a.2,Written Comprehension,IM,2.88,8,0.125,2.63,3.12,N,,08/2024,Analyst
51-4122.00,1.A.1.a.2,Written Comprehension,LV,2.88,8,0.125,2.63,3.12,N,N,08/2024,Analyst
51-4122.00,1.A.1.a.3,Oral Expression,IM,3.0,8,0.0,3.0,3.0,N,,08/2024,Analyst
51-4122.00,1.A.1.a.3,Oral Expression,LV,3.12,8,0.125,2.88,3.37,N,N,08/2024,Analyst
51-4122.00,1.A.1.a.4,Written Expression,IM,2.5,8,0.189,2.1296,2.8704,N,,08/2024,Analyst
51-4122.00,1.A.1.a.4,Written Expression,LV,2.12,8,0.125,1.88,2.37,N,N,08/2024,Analyst
51-4122.00,1.A.1.b.1,Fluency of Ideas,IM,2.12,8,0.125,1.88,2.37,N,,08/2024,Analyst
51-4122.00,1.A.1.b.1,Fluency of Ideas,LV,2.0,8,0.0,2.0,2.0,N,N,08/2024,Analyst
51-4122.00,1.A.1.b.2,Originality,IM,2.12,8,0.125,1.88,2.37,N,,08/2024,Analyst
51-4122.00,1.A.1.b.2,Originality,LV,1.88,8,0.125,1.63,2.12,N,N,08/2024,Analyst
51-4122.00,1.A.1.b.3,Problem Sensitivity,IM,3.12,8,0.125,2.88,3.37,N,,08/2024,Analyst
51-4122.00,1.A.1.b.3,Problem Sensitivity,LV,3.0,8,0.0,3.0,3.0,N,N,08/2024,Analyst
51-4122.00,1.A.1.b.4,Deductive Reasoning,IM,3.0,8,0.0,3.0,3.0,N,,08/2024,Analyst
51-4122.00,1.A.1.b.4,Deductive Reasoning,LV,3.0,8,0.0,3.0,3.0,N,N,08/2024,Analyst
51-4122.00,1.A.1.b.5,Inductive Reasoning,IM,3.0,8,0.0,3.0,3.0,N,,08/2024,Analyst
51-4122.00,1.A.1.b.5,Inductive Reasoning,LV,3.0,8,0.0,3.0,3.0,N,N,08/2024,Analyst
51-4122.00,1.A.1.b.6,Information Ordering,IM,3.12,8,0.125,2.88,3.37,N,,08/2024,Analyst
51-4122.00,1.A.1.b.6,Information Ordering,LV,3.0,8,0.0,3.0,3.0,N,N,08/2024,Analyst
51-4122.00,1.A.1.b.7,Category Flexibility,IM,3.0,8,0.0,3.0,3.0,N,,08/2024,Analyst
51-4122.00,1.A.1.b.7,Category Flexibility,LV,3.0,8,0.0,3.0,3.0,N,N,08/2024,Analyst
51-4122.00,1.A.1.c.1,Mathematical Reasoning,IM,2.0,8,0.0,2.0,2.0,N,,08/2024,Analyst
51-4122.00,1.A.1.c.1,Mathematical Reasoning,LV,1.38,8,0.183,1.0164,1.7336,N,N,08/2024,Analyst
51-4122.00,1.A.1.c.2,Number Facility,IM,2.0,8,0.0,2.0,2.0,N,,08/2024,Analyst
51-4122.00,1.A.1.c.2,Number Facility,LV,1.38,8,0.183,1.0164,1.7336,N,N,08/2024,Analyst
51-4122.00,1.A.1.d.1,Memorization,IM,2.0,8,0.0,2.0,2.0,N,,08/2024,Analyst
51-4122.00,1.A.1.d.1,Memorization,LV,1.5,8,0.189,1.1296,1.8704,N,N,08/2024,Analyst
51-4122.00,1.A.1.e.1,Speed of Closure,IM,2.12,8,0.125,1.88,2.37,N,,08/2024,Analyst
51-4122.00,1.A.1.e.1,Speed of Closure,LV,2.0,8,0.0,2.0,2.0,N,N,08/2024,Analyst
51-4122.00,1.A.1.e.2,Flexibility of Closure,IM,2.88,8,0.125,2.63,3.12,N,,08/2024,Analyst
51-4122.00,1.A.1.e.2,Flexibility of Closure,LV,2.88,8,0.125,2.63,3.12,N,N,08/2024,Analyst
51-4122.00,1.A.1.e.3,Perceptual Speed,IM,3.0,8,0.0,3.0,3.0,N,,08/2024,Analyst
51-4122.00,1.A.1.e.3,Perceptual Speed,LV,3.0,8,0.0,3.0,3.0,N,N,08/2024,Analyst
51-4122.00,1.A.1.f.1,Spatial Orientation,IM,1.88,8,0.125,1.63,2.12,N,,08/2024,Analyst
51-4122.00,1.A.1.f.1,Spatial Orientation,LV,1.0,8,0.189,0.6296,1.3704,N,N,08/2024,Analyst
51-4122.00,1.A.1.f.2,Visualization,IM,3.25,8,0.1637,2.9292,3.5708,N,,08/2024,Analyst
51-4122.00,1.A.1.f.2,Visualization,LV,3.25,8,0.1637,2.9292,3.5708,N,N,08/2024,Analyst
51-4122.00,1.A.1.g.1,Selective Attention,IM,3.12,8,0.125,2.88,3.37,N,,08/2024,Analyst
51-4122.00,1.A.1.g.1,Selective Attention,LV,3.0,8,0.0,3.0,3.0,N,N,08/2024,Analyst
51-4122.00,1.A.1.g.2,Time Sharing,IM,2.12,8,0.125,1.88,2.37,N,,08/2024,Analyst
51-4122.00,1.A.1.g.2,Time Sharing,LV,2.12,8,0.125,1.88,2.37,N,N,08/2024,Analyst
51-4122.00,1.A.2.a.1,Arm-Hand Steadiness,IM,3.25,8,0.1637,2.9292,3.5708,N,,08/2024,Analyst
51-4122.00,1.A.2.a.1,Arm-Hand Steadiness,LV,3.12,8,0.125,2.88,3.37,N,N,08/2024,Analyst
51-4122.00,1.A.2.a.2,Manual Dexterity,IM,3.25,8,0.1637,2.9292,3.5708,N,,08/2024,Analyst
51-4122.00,1.A.2.a.2,Manual Dexterity,LV,3.12,8,0.125,2.88,3.37,N,N,08/2024,Analyst
51-4122.00,1.A.2.a.3,Finger Dexterity,IM,3.0,8,0.0,3.0,3.0,N,,08/2024,Analyst
51-4122.00,1.A.2.a.3,Finger Dexterity,LV,3.0,8,0.0,3.0,3.0,N,N,08/2024,Analyst
51-4122.00,1.A.2.b.1,Control Precision,IM,3.62,8,0.183,3.2664,3.9836,N,,08/2024,Analyst
51-4122.00,1.A.2.b.1,Control Precision,LV,3.25,8,0.1637,2.9292,3.5708,N,N,08/2024,Analyst
51-4122.00,1.A.2.b.2,Multilimb Coordination,IM,3.12,8,0.125,2.88,3.37,N,,08/2024,Analyst
51-4122.00,1.A.2.b.2,Multilimb Coordination,LV,3.0,8,0.0,3.0,3.0,N,N,08/2024,Analyst
51-4122.00,1.A.2.b.3,Response Orientation,IM,2.25,8,0.1637,1.9292,2.5708,N,,08/2024,Analyst
51-4122.00,1.A.2.b.3,Response Orientation,LV,2.25,8,0.1637,1.9292,2.5708,N,N,08/2024,Analyst
51-4122.00,1.A.2.b.4,Rate Control,IM,3.0,8,0.0,3.0,3.0,N,,08/2024,Analyst
51-4122.00,1.A.2.b.4,Rate Control,LV,3.0,8,0.0,3.0,3.0,N,N,08/2024,Analyst
51-4122.00,1.A.2.c.1,Reaction Time,IM,3.0,8,0.0,3.0,3.0,N,,08/2024,Analyst
51-4122.00,1.A.2.c.1,Reaction Time,LV,3.0,8,0.0,3.0,3.0,N,N,08/2024,Analyst
51-4122.00,1.A.2.c.2,Wrist-Finger Speed,IM,2.0,8,0.0,2.0,2.0,N,,08/2024,Analyst
51-4122.00,1.A.2.c.2,Wrist-Finger Speed,LV,1.88,8,0.2266,1.4309,2.3191,N,N,08/2024,Analyst
51-4122.00,1.A.2.c.3,Speed of Limb Movement,IM,1.62,8,0.183,1.2664,1.9836,N,,08/2024,Analyst
51-4122.00,1.A.2.c.3,Speed of Limb Movement,LV,0.62,8,0.183,0.2664,0.9836,N,N,08/2024,Analyst
51-4122.00,1.A.3.a.1,Static Strength,IM,2.88,8,0.125,2.63,3.12,N,,08/2024,Analyst
51-4122.00,1.A.3.a.1,Static Strength,LV,3.0,8,0.189,2.6296,3.3704,N,N,08/2024,Analyst
51-4122.00,1.A.3.a.2,Explosive Strength,IM,2.12,8,0.125,1.88,2.37,N,,08/2024,Analyst
51-4122.00,1.A.3.a.2,Explosive Strength,LV,1.25,8,0.1637,0.9292,1.5708,N,N,08/2024,Analyst
51-4122.00,1.A.3.a.3,Dynamic Strength,IM,2.5,8,0.189,2.1296,2.8704,N,,08/2024,Analyst
51-4122.00,1.A.3.a.3,Dynamic Strength,LV,2.0,8,0.0,2.0,2.0,N,N,08/2024,Analyst
51-4122.00,1.A.3.a.4,Trunk Strength,IM,3.0,8,0.0,3.0,3.0,N,,08/2024,Analyst
51-4122.00,1.A.3.a.4,Trunk Strength,LV,3.0,8,0.0,3.0,3.0,N,N,08/2024,Analyst
51-4122.00,1.A.3.b.1,Stamina,IM,2.12,8,0.125,1.88,2.37,N,,08/2024,Analyst
51-4122.00,1.A.3.b.1,Stamina,LV,2.0,8,0.0,2.0,2.0,N,N,08/2024,Analyst
51-4122.00,1.A.3.c.1,Extent Flexibility,IM,3.0,8,0.0,3.0,3.0,N,,08/2024,Analyst
51-4122.00,1.A.3.c.1,Extent Flexibility,LV,3.0,8,0.0,3.0,3.0,N,N,08/2024,Analyst
51-4122.00,1.A.3.c.2,Dynamic Flexibility,IM,1.38,8,0.183,1.0164,1.7336,N,,08/2024,Analyst
51-4122.00,1.A.3.c.2,Dynamic Flexibility,LV,0.5,8,0.2673,0.0,1.0238,N,N,08/2024,Analyst
51-4122.00,1.A.3.c.3,Gross Body Coordination,IM,2.0,8,0.0,2.0,2.0,N,,08/2024,Analyst
51-4122.00,1.A.3.c.3,Gross Body Coordination,LV,1.88,8,0.125,1.63,2.12,N,N,08/2024,Analyst
51-4122.00,1.A.3.c.4,Gross Body Equilibrium,IM,2.12,8,0.125,1.88,2.37,N,,08/2024,Analyst
51-4122.00,1.A.3.c.4,Gross Body Equilibrium,LV,1.38,8,0.183,1.0164,1.7336,N,N,08/2024,Analyst
51-4122.00,1.A.4.a.1,Near Vision,IM,3.75,8,0.1637,3.4292,4.0708,N,,08/2024,Analyst
51-4122.00,1.A.4.a.1,Near Vision,LV,3.25,8,0.1637,2.9292,3.5708,N,N,08/2024,Analyst
51-4122.00,1.A.4.a.2,Far Vision,IM,3.0,8,0.0,3.0,3.0,N,,08/2024,Analyst
51-4122.00,1.A.4.a.2,Far Vision,LV,3.0,8,0.0,3.0,3.0,N,N,08/2024,Analyst
51-4122.00,1.A.4.a.3,Visual Color Discrimination,IM,2.25,8,0.1637,1.9292,2.5708,N,,08/2024,Analyst
51-4122.00,1.A.4.a.3,Visual Color Discrimination,LV,2.12,8,0.125,1.88,2.37,N,N,08/2024,Analyst
51-4122.00,1.A.4.a.4,Night Vision,IM,1.88,8,0.125,1.63,2.12,N,,08/2024,Analyst
51-4122.00,1.A.4.a.4,Night Vision,LV,1.0,8,0.189,0.6296,1.3704,N,N,08/2024,Analyst
51-4122.00,1.A.4.a.5,Peripheral Vision,IM,2.0,8,0.0,2.0,2.0,N,,08/2024,Analyst
51-4122.00,1.A.4.a.5,Peripheral Vision,LV,1.12,8,0.125,0.88,1.37,N,N,08/2024,Analyst
51-4122.00,1.A.4.a.6,Depth Perception,IM,2.75,8,0.1637,2.4292,3.0708,N,,08/2024,Analyst
51-4122.00,1.A.4.a.6,Depth Perception,LV,2.62,8,0.183,2.2664,2.9836,N,N,08/2024,Analyst
51-4122.00,1.A.4.a.7,Glare Sensitivity,IM,2.12,8,0.125,1.88,2.37,N,,08/2024,Analyst
51-4122.00,1.A.4.a.7,Glare Sensitivity,LV,2.0,8,0.0,2.0,2.0,N,N,08/2024,Analyst
51-4122.00,1.A.4.b.1,Hearing Sensitivity,IM,2.62,8,0.183,2.2664,2.9836,N,,08/2024,Analyst
51-4122.00,1.A.4.b.1,Hearing Sensitivity,LV,2.25,8,0.1637,1.9292,2.5708,N,N,08/2024,Analyst
51-4122.00,1.A.4.b.2,Auditory Attention,IM,2.88,8,0.125,2.63,3.12,N,,08/2024,Analyst
51-4122.00,1.A.4.b.2,Auditory Attention,LV,2.88,8,0.125,2.63,3.12,N,N,08/2024,Analyst
51-4122.00,1.A.4.b.3,Sound Localization,IM,1.75,8,0.1637,1.4292,2.0708,N,,08/2024,Analyst
51-4122.00,1.A.4.b.3,Sound Localization,LV,0.75,8,0.1637,0.4292,1.0708,N,N,08/2024,Analyst
51-4122.00,1.A.4.b.4,Speech Recognition,IM,3.0,8,0.0,3.0,3.0,N,,08/2024,Analyst
51-4122.00,1.A.4.b.4,Speech Recognition,LV,2.88,8,0.125,2.63,3.12,N,N,08/2024,Analyst
51-4122.00,1.A.4.b.5,Speech Clarity,IM,3.0,8,0.0,3.0,3.0,N,,08/2024,Analyst
51-4122.00,1.A.4.b.5,Speech Clarity,LV,2.62,8,0.183,2.2664,2.9836,N,N,08/2024,Analyst
51-4191.00,1.A.1.a.1,Oral Comprehension,IM,3.0,8,0.0,3.0,3.0,N,,07/2016,Analyst
51-4191.00,1.A.1.a.1,Oral Comprehension,LV,3.25,8,0.1637,2.9292,3.5708,N,N,07/2016,Analyst
51-4191.00,1.A.1.a.2,Written Comprehension,IM,3.0,8,0.0,3.0,3.0,N,,07/2016,Analyst
51-4191.00,1.A.1.a.2,Written Comprehension,LV,3.0,8,0.0,3.0,3.0,N,N,07/2016,Analyst
51-4191.00,1.A.1.a.3,Oral Expression,IM,3.12,8,0.125,2.88,3.37,N,,07/2016,Analyst
51-4191.00,1.A.1.a.3,Oral Expression,LV,3.38,8,0.183,3.0164,3.7336,N,N,07/2016,Analyst
51-4191.00,1.A.1.a.4,Written Expression,IM,2.88,8,0.125,2.63,3.12,N,,07/2016,Analyst
51-4191.00,1.A.1.a.4,Written Expression,LV,2.62,8,0.183,2.2664,2.9836,N,N,07/2016,Analyst
51-4191.00,1.A.1.b.1,Fluency of Ideas,IM,2.0,8,0.0,2.0,2.0,N,,07/2016,Analyst
51-4191.00,1.A.1.b.1,Fluency of Ideas,LV,1.88,8,0.125,1.63,2.12,N,N,07/2016,Analyst
51-4191.00,1.A.1.b.2,Originality,IM,2.0,8,0.0,2.0,2.0,N,,07/2016,Analyst
51-4191.00,1.A.1.b.2,Originality,LV,1.88,8,0.125,1.63,2.12,N,N,07/2016,Analyst
51-4191.00,1.A.1.b.3,Problem Sensitivity,IM,3.5,8,0.189,3.1296,3.8704,N,,07/2016,Analyst
51-4191.00,1.A.1.b.3,Problem Sensitivity,LV,3.12,8,0.125,2.88,3.37,N,N,07/2016,Analyst
51-4191.00,1.A.1.b.4,Deductive Reasoning,IM,3.12,8,0.125,2.88,3.37,N,,07/2016,Analyst
51-4191.00,1.A.1.b.4,Deductive Reasoning,LV,3.0,8,0.0,3.0,3.0,N,N,07/2016,Analyst
51-4191.00,1.A.1.b.5,Inductive Reasoning,IM,2.88,8,0.125,2.63,3.12,N,,07/2016,Analyst
51-4191.00,1.A.1.b.5,Inductive Reasoning,LV,2.88,8,0.125,2.63,3.12,N,N,07/2016,Analyst
51-4191.00,1.A.1.b.6,Information Ordering,IM,3.25,8,0.1637,2.9292,3.5708,N,,07/2016,Analyst
51-4191.00,1.A.1.b.6,Information Ordering,LV,3.25,8,0.1637,2.9292,3.5708,N,N,07/2016,Analyst
51-4191.00,1.A.1.b.7,Category Flexibility,IM,3.0,8,0.0,3.0,3.0,N,,07/2016,Analyst
51-4191.00,1.A.1.b.7,Category Flexibility,LV,3.38,8,0.183,3.0164,3.7336,N,N,07/2016,Analyst
51-4191.00,1.A.1.c.1,Mathematical Reasoning,IM,2.75,8,0.1637,2.4292,3.0708,N,,07/2016,Analyst
51-4191.00,1.A.1.c.1,Mathematical Reasoning,LV,2.0,8,0.0,2.0,2.0,N,N,07/2016,Analyst
51-4191.00,1.A.1.c.2,Number Facility,IM,2.62,8,0.183,2.2664,2.9836,N,,07/2016,Analyst
51-4191.00,1.A.1.c.2,Number Facility,LV,2.12,8,0.125,1.88,2.37,N,N,07/2016,Analyst
51-4191.00,1.A.1.d.1,Memorization,IM,2.12,8,0.125,1.88,2.37,N,,07/2016,Analyst
51-4191.00,1.A.1.d.1,Memorization,LV,2.0,8,0.0,2.0,2.0,N,N,07/2016,Analyst
51-4191.00,1.A.1.e.1,Speed of Closure,IM,2.38,8,0.183,2.0164,2.7336,N,,07/2016,Analyst
51-4191.00,1.A.1.e.1,Speed of Closure,LV,2.25,8,0.1637,1.9292,2.5708,N,N,07/2016,Analyst
51-4191.00,1.A.1.e.2,Flexibility of Closure,IM,3.12,8,0.125,2.88,3.37,N,,07/2016,Analyst
51-4191.00,1.A.1.e.2,Flexibility of Closure,LV,3.0,8,0.0,3.0,3.0,N,N,07/2016,Analyst
51-4191.00,1.A.1.e.3,Perceptual Speed,IM,3.25,8,0.1637,2.9292,3.5708,N,,07/2016,Analyst
51-4191.00,1.A.1.e.3,Perceptual Speed,LV,3.38,8,0.183,3.0164,3.7336,N,N,07/2016,Analyst
51-4191.00,1.A.1.f.1,Spatial Orientation,IM,2.12,8,0.125,1.88,2.37,N,,07/2016,Analyst
51-4191.00,1.A.1.f.1,Spatial Orientation,LV,1.75,8,0.1637,1.4292,2.0708,N,N,07/2016,Analyst
51-4191.00,1.A.1.f.2,Visualization,IM,3.12,8,0.125,2.88,3.37,N,,07/2016,Analyst
51-4191.00,1.A.1.f.2,Visualization,LV,3.12,8,0.125,2.88,3.37,N,N,07/2016,Analyst
51-4191.00,1.A.1.g.1,Selective Attention,IM,3.25,8,0.1637,2.9292,3.5708,N,,07/2016,Analyst
51-4191.00,1.A.1.g.1,Selective Attention,LV,3.75,8,0.1637,3.4292,4.0708,N,N,07/2016,Analyst
51-4191.00,1.A.1.g.2,Time Sharing,IM,2.5,8,0.2673,1.9762,3.0238,N,,07/2016,Analyst
51-4191.00,1.A.1.g.2,Time Sharing,LV,2.5,8,0.378,1.7592,3.2408,N,N,07/2016,Analyst
51-4191.00,1.A.2.a.1,Arm-Hand Steadiness,IM,3.75,8,0.1637,3.4292,4.0708,N,,07/2016,Analyst
51-4191.00,1.A.2.a.1,Arm-Hand Steadiness,LV,3.0,8,0.0,3.0,3.0,N,N,07/2016,Analyst
51-4191.00,1.A.2.a.2,Manual Dexterity,IM,3.5,8,0.189,3.1296,3.8704,N,,07/2016,Analyst
51-4191.00,1.A.2.a.2,Manual Dexterity,LV,3.12,8,0.125,2.88,3.37,N,N,07/2016,Analyst
51-4191.00,1.A.2.a.3,Finger Dexterity,IM,3.25,8,0.1637,2.9292,3.5708,N,,07/2016,Analyst
51-4191.00,1.A.2.a.3,Finger Dexterity,LV,3.0,8,0.0,3.0,3.0,N,N,07/2016,Analyst
51-4191.00,1.A.2.b.1,Control Precision,IM,3.38,8,0.183,3.0164,3.7336,N,,07/2016,Analyst
51-4191.00,1.A.2.b.1,Control Precision,LV,3.62,8,0.183,3.2664,3.9836,N,N,07/2016,Analyst
51-4191.00,1.A.2.b.2,Multilimb Coordination,IM,3.62,8,0.183,3.2664,3.9836,N,,07/2016,Analyst
51-4191.00,1.A.2.b.2,Multilimb Coordination,LV,3.38,8,0.183,3.0164,3.7336,N,N,07/2016,Analyst
51-4191.00,1.A.2.b.3,Response Orientation,IM,3.0,8,0.0,3.0,3.0,N,,07/2016,Analyst
51-4191.00,1.A.2.b.3,Response Orientation,LV,3.0,8,0.0,3.0,3.0,N,N,07/2016,Analyst
51-4191.00,1.A.2.b.4,Rate Control,IM,3.12,8,0.125,2.88,3.37,N,,07/2016,Analyst
51-4191.00,1.A.2.b.4,Rate Control,LV,3.0,8,0.0,3.0,3.0,N,N,07/2016,Analyst
51-4191.00,1.A.2.c.1,Reaction Time,IM,3.62,8,0.183,3.2664,3.9836,N,,07/2016,Analyst
51-4191.00,1.A.2.c.1,Reaction Time,LV,3.75,8,0.1637,3.4292,4.0708,N,N,07/2016,Analyst
51-4191.00,1.A.2.c.2,Wrist-Finger Speed,IM,2.5,8,0.189,2.1296,2.8704,N,,07/2016,Analyst
51-4191.00,1.A.2.c.2,Wrist-Finger Speed,LV,2.0,8,0.0,2.0,2.0,N,N,07/2016,Analyst
51-4191.00,1.A.2.c.3,Speed of Limb Movement,IM,2.12,8,0.125,1.88,2.37,N,,07/2016,Analyst
51-4191.00,1.A.2.c.3,Speed of Limb Movement,LV,2.0,8,0.189,1.6296,2.3704,N,N,07/2016,Analyst
51-4191.00,1.A.3.a.1,Static Strength,IM,3.38,8,0.183,3.0164,3.7336,N,,07/2016,Analyst
51-4191.00,1.A.3.a.1,Static Strength,LV,3.62,8,0.183,3.2664,3.9836,N,N,07/2016,Analyst
51-4191.00,1.A.3.a.2,Explosive Strength,IM,1.75,8,0.25,1.26,2.24,N,,07/2016,Analyst
51-4191.00,1.A.3.a.2,Explosive Strength,LV,1.0,8,0.3273,0.3584,1.6416,N,N,07/2016,Analyst
51-4191.00,1.A.3.a.3,Dynamic Strength,IM,2.88,8,0.2266,2.4309,3.3191,N,,07/2016,Analyst
51-4191.00,1.A.3.a.3,Dynamic Strength,LV,2.38,8,0.183,2.0164,2.7336,N,N,07/2016,Analyst
51-4191.00,1.A.3.a.4,Trunk Strength,IM,3.38,8,0.183,3.0164,3.7336,N,,07/2016,Analyst
51-4191.00,1.A.3.a.4,Trunk Strength,LV,3.25,8,0.1637,2.9292,3.5708,N,N,07/2016,Analyst
51-4191.00,1.A.3.b.1,Stamina,IM,3.25,8,0.1637,2.9292,3.5708,N,,07/2016,Analyst
51-4191.00,1.A.3.b.1,Stamina,LV,3.0,8,0.0,3.0,3.0,N,N,07/2016,Analyst
51-4191.00,1.A.3.c.1,Extent Flexibility,IM,3.0,8,0.0,3.0,3.0,N,,07/2016,Analyst
51-4191.00,1.A.3.c.1,Extent Flexibility,LV,3.12,8,0.125,2.88,3.37,N,N,07/2016,Analyst
51-4191.00,1.A.3.c.2,Dynamic Flexibility,IM,1.25,8,0.1637,1.0,1.5708,N,,07/2016,Analyst
51-4191.00,1.A.3.c.2,Dynamic Flexibility,LV,0.25,8,0.1637,0.0,0.5708,N,Y,07/2016,Analyst
51-4191.00,1.A.3.c.3,Gross Body Coordination,IM,2.88,8,0.125,2.63,3.12,N,,07/2016,Analyst
51-4191.00,1.A.3.c.3,Gross Body Coordination,LV,2.5,8,0.189,2.1296,2.8704,N,N,07/2016,Analyst
51-4191.00,1.A.3.c.4,Gross Body Equilibrium,IM,2.12,8,0.125,1.88,2.37,N,,07/2016,Analyst
51-4191.00,1.A.3.c.4,Gross Body Equilibrium,LV,1.5,8,0.2673,0.9762,2.0238,N,N,07/2016,Analyst
51-4191.00,1.A.4.a.1,Near Vision,IM,3.5,8,0.189,3.1296,3.8704,N,,07/2016,Analyst
51-4191.00,1.A.4.a.1,Near Vision,LV,3.38,8,0.183,3.0164,3.7336,N,N,07/2016,Analyst
51-4191.00,1.A.4.a.2,Far Vision,IM,3.0,8,0.189,2.6296,3.3704,N,,07/2016,Analyst
51-4191.00,1.A.4.a.2,Far Vision,LV,3.0,8,0.0,3.0,3.0,N,N,07/2016,Analyst
51-4191.00,1.A.4.a.3,Visual Color Discrimination,IM,2.88,8,0.125,2.63,3.12,N,,07/2016,Analyst
51-4191.00,1.A.4.a.3,Visual Color Discrimination,LV,2.75,8,0.1637,2.4292,3.0708,N,N,07/2016,Analyst
51-4191.00,1.A.4.a.4,Night Vision,IM,1.75,8,0.1637,1.4292,2.0708,N,,07/2016,Analyst
51-4191.00,1.A.4.a.4,Night Vision,LV,0.75,8,0.1637,0.4292,1.0708,N,N,07/2016,Analyst
51-4191.00,1.A.4.a.5,Peripheral Vision,IM,2.12,8,0.125,1.88,2.37,N,,07/2016,Analyst
51-4191.00,1.A.4.a.5,Peripheral Vision,LV,1.75,8,0.1637,1.4292,2.0708,N,N,07/2016,Analyst
51-4191.00,1.A.4.a.6,Depth Perception,IM,3.0,8,0.0,3.0,3.0,N,,07/2016,Analyst
51-4191.00,1.A.4.a.6,Depth Perception,LV,3.12,8,0.125,2.88,3.37,N,N,07/2016,Analyst
51-4191.00,1.A.4.a.7,Glare Sensitivity,IM,2.12,8,0.2266,1.6809,2.5691,N,,07/2016,Analyst
51-4191.00,1.A.4.a.7,Glare Sensitivity,LV,1.88,8,0.295,1.2967,2.4533,N,N,07/2016,Analyst
51-4191.00,1.A.4.b.1,Hearing Sensitivity,IM,2.88,8,0.125,2.63,3.12,N,,07/2016,Analyst
51-4191.00,1.A.4.b.1,Hearing Sensitivity,LV,2.88,8,0.125,2.63,3.12,N,N,07/2016,Analyst
51-4191.00,1.A.4.b.2,Auditory Attention,IM,3.0,8,0.189,2.6296,3.3704,N,,07/2016,Analyst
51-4191.00,1.A.4.b.2,Auditory Attention,LV,3.25,8,0.25,2.76,3.74,N,N,07/2016,Analyst
51-4191.00,1.A.4.b.3,Sound Localization,IM,2.0,8,0.0,2.0,2.0,N,,07/2016,Analyst
51-4191.00,1.A.4.b.3,Sound Localization,LV,1.75,8,0.1637,1.4292,2.0708,N,N,07/2016,Analyst
51-4191.00,1.A.4.b.4,Speech Recognition,IM,3.12,8,0.125,2.88,3.37,N,,07/2016,Analyst
51-4191.00,1.A.4.b.4,Speech Recognition,LV,2.62,8,0.183,2.2664,2.9836,N,N,07/2016,Analyst
51-4191.00,1.A.4.b.5,Speech Clarity,IM,3.12,8,0.125,2.88,3.37,N,,07/2016,Analyst
51-4191.00,1.A.4.b.5,Speech Clarity,LV,2.62,8,0.183,2.2664,2.9836,N,N,07/2016,Analyst
51-4192.00,1.A.1.a.1,Oral Comprehension,IM,3.0,8,0.0,3.0,3.0,N,,08/2018,Analyst
51-4192.00,1.A.1.a.1,Oral Comprehension,LV,3.5,8,0.189,3.1296,3.8704,N,N,08/2018,Analyst
51-4192.00,1.A.1.a.2,Written Comprehension,IM,3.12,8,0.125,2.88,3.37,N,,08/2018,Analyst
51-4192.00,1.A.1.a.2,Written Comprehension,LV,3.0,8,0.0,3.0,3.0,N,N,08/2018,Analyst
51-4192.00,1.A.1.a.3,Oral Expression,IM,3.0,8,0.0,3.0,3.0,N,,08/2018,Analyst
51-4192.00,1.A.1.a.3,Oral Expression,LV,3.12,8,0.125,2.88,3.37,N,N,08/2018,Analyst
51-4192.00,1.A.1.a.4,Written Expression,IM,2.88,8,0.125,2.63,3.12,N,,08/2018,Analyst
51-4192.00,1.A.1.a.4,Written Expression,LV,2.5,8,0.189,2.1296,2.8704,N,N,08/2018,Analyst
51-4192.00,1.A.1.b.1,Fluency of Ideas,IM,2.75,8,0.1637,2.4292,3.0708,N,,08/2018,Analyst
51-4192.00,1.A.1.b.1,Fluency of Ideas,LV,2.75,8,0.1637,2.4292,3.0708,N,N,08/2018,Analyst
51-4192.00,1.A.1.b.2,Originality,IM,2.5,8,0.189,2.1296,2.8704,N,,08/2018,Analyst
51-4192.00,1.A.1.b.2,Originality,LV,2.25,8,0.1637,1.9292,2.5708,N,N,08/2018,Analyst
51-4192.00,1.A.1.b.3,Problem Sensitivity,IM,3.5,8,0.189,3.1296,3.8704,N,,08/2018,Analyst
51-4192.00,1.A.1.b.3,Problem Sensitivity,LV,3.25,8,0.1637,2.9292,3.5708,N,N,08/2018,Analyst
51-4192.00,1.A.1.b.4,Deductive Reasoning,IM,3.25,8,0.1637,2.9292,3.5708,N,,08/2018,Analyst
51-4192.00,1.A.1.b.4,Deductive Reasoning,LV,3.12,8,0.125,2.88,3.37,N,N,08/2018,Analyst
51-4192.00,1.A.1.b.5,Inductive Reasoning,IM,3.0,8,0.0,3.0,3.0,N,,08/2018,Analyst
51-4192.00,1.A.1.b.5,Inductive Reasoning,LV,3.0,8,0.0,3.0,3.0,N,N,08/2018,Analyst
51-4192.00,1.A.1.b.6,Information Ordering,IM,3.38,8,0.183,3.0164,3.7336,N,,08/2018,Analyst
51-4192.00,1.A.1.b.6,Information Ordering,LV,3.12,8,0.125,2.88,3.37,N,N,08/2018,Analyst
51-4192.00,1.A.1.b.7,Category Flexibility,IM,3.0,8,0.0,3.0,3.0,N,,08/2018,Analyst
51-4192.00,1.A.1.b.7,Category Flexibility,LV,3.25,8,0.1637,2.9292,3.5708,N,N,08/2018,Analyst
51-4192.00,1.A.1.c.1,Mathematical Reasoning,IM,3.12,8,0.125,2.88,3.37,N,,08/2018,Analyst
51-4192.00,1.A.1.c.1,Mathematical Reasoning,LV,2.88,8,0.125,2.63,3.12,N,N,08/2018,Analyst
51-4192.00,1.A.1.c.2,Number Facility,IM,3.0,8,0.0,3.0,3.0,N,,08/2018,Analyst
51-4192.00,1.A.1.c.2,Number Facility,LV,3.0,8,0.189,2.6296,3.3704,N,N,08/2018,Analyst
51-4192.00,1.A.1.d.1,Memorization,IM,2.0,8,0.0,2.0,2.0,N,,08/2018,Analyst
51-4192.00,1.A.1.d.1,Memorization,LV,2.0,8,0.0,2.0,2.0,N,N,08/2018,Analyst
51-4192.00,1.A.1.e.1,Speed of Closure,IM,2.25,8,0.1637,1.9292,2.5708,N,,08/2018,Analyst
51-4192.00,1.A.1.e.1,Speed of Closure,LV,2.12,8,0.125,1.88,2.37,N,N,08/2018,Analyst
51-4192.00,1.A.1.e.2,Flexibility of Closure,IM,3.12,8,0.125,2.88,3.37,N,,08/2018,Analyst
51-4192.00,1.A.1.e.2,Flexibility of Closure,LV,3.0,8,0.0,3.0,3.0,N,N,08/2018,Analyst
51-4192.00,1.A.1.e.3,Perceptual Speed,IM,3.12,8,0.125,2.88,3.37,N,,08/2018,Analyst
51-4192.00,1.A.1.e.3,Perceptual Speed,LV,3.12,8,0.125,2.88,3.37,N,N,08/2018,Analyst
51-4192.00,1.A.1.f.1,Spatial Orientation,IM,2.0,8,0.189,1.6296,2.3704,N,,08/2018,Analyst
51-4192.00,1.A.1.f.1,Spatial Orientation,LV,1.25,8,0.3134,0.6358,1.8642,N,N,08/2018,Analyst
51-4192.00,1.A.1.f.2,Visualization,IM,3.75,8,0.1637,3.4292,4.0708,N,,08/2018,Analyst
51-4192.00,1.A.1.f.2,Visualization,LV,3.88,8,0.125,3.63,4.12,N,N,08/2018,Analyst
51-4192.00,1.A.1.g.1,Selective Attention,IM,3.12,8,0.125,2.88,3.37,N,,08/2018,Analyst
51-4192.00,1.A.1.g.1,Selective Attention,LV,3.12,8,0.125,2.88,3.37,N,N,08/2018,Analyst
51-4192.00,1.A.1.g.2,Time Sharing,IM,2.5,8,0.189,2.1296,2.8704,N,,08/2018,Analyst
51-4192.00,1.A.1.g.2,Time Sharing,LV,2.5,8,0.189,2.1296,2.8704,N,N,08/2018,Analyst
51-4192.00,1.A.2.a.1,Arm-Hand Steadiness,IM,3.75,8,0.1637,3.4292,4.0708,N,,08/2018,Analyst
51-4192.00,1.A.2.a.1,Arm-Hand Steadiness,LV,3.25,8,0.1637,2.9292,3.5708,N,N,08/2018,Analyst
51-4192.00,1.A.2.a.2,Manual Dexterity,IM,3.5,8,0.189,3.1296,3.8704,N,,08/2018,Analyst
51-4192.00,1.A.2.a.2,Manual Dexterity,LV,3.12,8,0.125,2.88,3.37,N,N,08/2018,Analyst
51-4192.00,1.A.2.a.3,Finger Dexterity,IM,3.25,8,0.1637,2.9292,3.5708,N,,08/2018,Analyst
51-4192.00,1.A.2.a.3,Finger Dexterity,LV,3.12,8,0.125,2.88,3.37,N,N,08/2018,Analyst
51-4192.00,1.A.2.b.1,Control Precision,IM,3.0,8,0.0,3.0,3.0,N,,08/2018,Analyst
51-4192.00,1.A.2.b.1,Control Precision,LV,2.75,8,0.1637,2.4292,3.0708,N,N,08/2018,Analyst
51-4192.00,1.A.2.b.2,Multilimb Coordination,IM,3.0,8,0.0,3.0,3.0,N,,08/2018,Analyst
51-4192.00,1.A.2.b.2,Multilimb Coordination,LV,3.0,8,0.0,3.0,3.0,N,N,08/2018,Analyst
51-4192.00,1.A.2.b.3,Response Orientation,IM,2.0,8,0.0,2.0,2.0,N,,08/2018,Analyst
51-4192.00,1.A.2.b.3,Response Orientation,LV,2.0,8,0.0,2.0,2.0,N,N,08/2018,Analyst
51-4192.00,1.A.2.b.4,Rate Control,IM,2.0,8,0.189,1.6296,2.3704,N,,08/2018,Analyst
51-4192.00,1.A.2.b.4,Rate Control,LV,1.88,8,0.295,1.2967,2.4533,N,N,08/2018,Analyst
51-4192.00,1.A.2.c.1,Reaction Time,IM,2.5,8,0.189,2.1296,2.8704,N,,08/2018,Analyst
51-4192.00,1.A.2.c.1,Reaction Time,LV,2.5,8,0.189,2.1296,2.8704,N,N,08/2018,Analyst
51-4192.00,1.A.2.c.2,Wrist-Finger Speed,IM,2.12,8,0.125,1.88,2.37,N,,08/2018,Analyst
51-4192.00,1.A.2.c.2,Wrist-Finger Speed,LV,1.88,8,0.2266,1.4309,2.3191,N,N,08/2018,Analyst
51-4192.00,1.A.2.c.3,Speed of Limb Movement,IM,1.75,8,0.1637,1.4292,2.0708,N,,08/2018,Analyst
51-4192.00,1.A.2.c.3,Speed of Limb Movement,LV,1.25,8,0.3134,0.6358,1.8642,N,N,08/2018,Analyst
51-4192.00,1.A.3.a.1,Static Strength,IM,2.62,8,0.183,2.2664,2.9836,N,,08/2018,Analyst
51-4192.00,1.A.3.a.1,Static Strength,LV,2.75,8,0.1637,2.4292,3.0708,N,N,08/2018,Analyst
51-4192.00,1.A.3.a.2,Explosive Strength,IM,1.62,8,0.183,1.2664,1.9836,N,,08/2018,Analyst
51-4192.00,1.A.3.a.2,Explosive Strength,LV,0.88,8,0.295,0.2967,1.4533,N,N,08/2018,Analyst
51-4192.00,1.A.3.a.3,Dynamic Strength,IM,2.25,8,0.1637,1.9292,2.5708,N,,08/2018,Analyst
51-4192.00,1.A.3.a.3,Dynamic Strength,LV,2.12,8,0.125,1.88,2.37,N,N,08/2018,Analyst
51-4192.00,1.A.3.a.4,Trunk Strength,IM,3.0,8,0.189,2.6296,3.3704,N,,08/2018,Analyst
51-4192.00,1.A.3.a.4,Trunk Strength,LV,2.88,8,0.125,2.63,3.12,N,N,08/2018,Analyst
51-4192.00,1.A.3.b.1,Stamina,IM,2.12,8,0.125,1.88,2.37,N,,08/2018,Analyst
51-4192.00,1.A.3.b.1,Stamina,LV,2.0,8,0.0,2.0,2.0,N,N,08/2018,Analyst
51-4192.00,1.A.3.c.1,Extent Flexibility,IM,2.75,8,0.1637,2.4292,3.0708,N,,08/2018,Analyst
51-4192.00,1.A.3.c.1,Extent Flexibility,LV,3.0,8,0.0,3.0,3.0,N,N,08/2018,Analyst
51-4192.00,1.A.3.c.2,Dynamic Flexibility,IM,1.38,8,0.183,1.0164,1.7336,N,,08/2018,Analyst
51-4192.00,1.A.3.c.2,Dynamic Flexibility,LV,0.5,8,0.2673,0.0,1.0238,N,N,08/2018,Analyst
51-4192.00,1.A.3.c.3,Gross Body Coordination,IM,2.0,8,0.0,2.0,2.0,N,,08/2018,Analyst
51-4192.00,1.A.3.c.3,Gross Body Coordination,LV,2.0,8,0.0,2.0,2.0,N,N,08/2018,Analyst
51-4192.00,1.A.3.c.4,Gross Body Equilibrium,IM,2.0,8,0.2673,1.4762,2.5238,N,,08/2018,Analyst
51-4192.00,1.A.3.c.4,Gross Body Equilibrium,LV,1.12,8,0.295,0.5467,1.7033,N,N,08/2018,Analyst
51-4192.00,1.A.4.a.1,Near Vision,IM,3.88,8,0.125,3.63,4.12,N,,08/2018,Analyst
51-4192.00,1.A.4.a.1,Near Vision,LV,3.88,8,0.125,3.63,4.12,N,N,08/2018,Analyst
51-4192.00,1.A.4.a.2,Far Vision,IM,3.0,8,0.0,3.0,3.0,N,,08/2018,Analyst
51-4192.00,1.A.4.a.2,Far Vision,LV,3.0,8,0.0,3.0,3.0,N,N,08/2018,Analyst
51-4192.00,1.A.4.a.3,Visual Color Discrimination,IM,2.75,8,0.1637,2.4292,3.0708,N,,08/2018,Analyst
51-4192.00,1.A.4.a.3,Visual Color Discrimination,LV,2.62,8,0.183,2.2664,2.9836,N,N,08/2018,Analyst
51-4192.00,1.A.4.a.4,Night Vision,IM,1.62,8,0.183,1.2664,1.9836,N,,08/2018,Analyst
51-4192.00,1.A.4.a.4,Night Vision,LV,0.62,8,0.183,0.2664,0.9836,N,N,08/2018,Analyst
51-4192.00,1.A.4.a.5,Peripheral Vision,IM,1.75,8,0.1637,1.4292,2.0708,N,,08/2018,Analyst
51-4192.00,1.A.4.a.5,Peripheral Vision,LV,0.75,8,0.1637,0.4292,1.0708,N,N,08/2018,Analyst
51-4192.00,1.A.4.a.6,Depth Perception,IM,2.62,8,0.183,2.2664,2.9836,N,,08/2018,Analyst
51-4192.00,1.A.4.a.6,Depth Perception,LV,2.75,8,0.1637,2.4292,3.0708,N,N,08/2018,Analyst
51-4192.00,1.A.4.a.7,Glare Sensitivity,IM,1.88,8,0.125,1.63,2.12,N,,08/2018,Analyst
51-4192.00,1.A.4.a.7,Glare Sensitivity,LV,1.75,8,0.25,1.26,2.24,N,N,08/2018,Analyst
51-4192.00,1.A.4.b.1,Hearing Sensitivity,IM,2.0,8,0.189,1.6296,2.3704,N,,08/2018,Analyst
51-4192.00,1.A.4.b.1,Hearing Sensitivity,LV,1.75,8,0.25,1.26,2.24,N,N,08/2018,Analyst
51-4192.00,1.A.4.b.2,Auditory Attention,IM,3.0,8,0.0,3.0,3.0,N,,08/2018,Analyst
51-4192.00,1.A.4.b.2,Auditory Attention,LV,3.12,8,0.125,2.88,3.37,N,N,08/2018,Analyst
51-4192.00,1.A.4.b.3,Sound Localization,IM,1.75,8,0.1637,1.4292,2.0708,N,,08/2018,Analyst
51-4192.00,1.A.4.b.3,Sound Localization,LV,0.88,8,0.2266,0.4309,1.3191,N,N,08/2018,Analyst
51-4192.00,1.A.4.b.4,Speech Recognition,IM,2.75,8,0.1637,2.4292,3.0708,N,,08/2018,Analyst
51-4192.00,1.A.4.b.4,Speech Recognition,LV,2.25,8,0.1637,1.9292,2.5708,N,N,08/2018,Analyst
51-4192.00,1.A.4.b.5,Speech Clarity,IM,2.88,8,0.125,2.63,3.12,N,,08/2018,Analyst
51-4192.00,1.A.4.b.5,Speech Clarity,LV,2.25,8,0.1637,1.9292,2.5708,N,N,08/2018,Analyst
51-4193.00,1.A.1.a.1,Oral Comprehension,IM,3.25,8,0.1637,2.9292,3.5708,N,,07/2016,Analyst
51-4193.00,1.A.1.a.1,Oral Comprehension,LV,3.75,8,0.1637,3.4292,4.0708,N,N,07/2016,Analyst
51-4193.00,1.A.1.a.2,Written Comprehension,IM,2.88,8,0.125,2.63,3.12,N,,07/2016,Analyst
51-4193.00,1.A.1.a.2,Written Comprehension,LV,3.0,8,0.0,3.0,3.0,N,N,07/2016,Analyst
51-4193.00,1.A.1.a.3,Oral Expression,IM,3.12,8,0.125,2.88,3.37,N,,07/2016,Analyst
51-4193.00,1.A.1.a.3,Oral Expression,LV,3.12,8,0.125,2.88,3.37,N,N,07/2016,Analyst
51-4193.00,1.A.1.a.4,Written Expression,IM,2.75,8,0.1637,2.4292,3.0708,N,,07/2016,Analyst
51-4193.00,1.A.1.a.4,Written Expression,LV,2.88,8,0.125,2.63,3.12,N,N,07/2016,Analyst
51-4193.00,1.A.1.b.1,Fluency of Ideas,IM,2.38,8,0.183,2.0164,2.7336,N,,07/2016,Analyst
51-4193.00,1.A.1.b.1,Fluency of Ideas,LV,2.25,8,0.1637,1.9292,2.5708,N,N,07/2016,Analyst
51-4193.00,1.A.1.b.2,Originality,IM,2.25,8,0.1637,1.9292,2.5708,N,,07/2016,Analyst
51-4193.00,1.A.1.b.2,Originality,LV,2.25,8,0.1637,1.9292,2.5708,N,N,07/2016,Analyst
51-4193.00,1.A.1.b.3,Problem Sensitivity,IM,3.25,8,0.1637,2.9292,3.5708,N,,07/2016,Analyst
51-4193.00,1.A.1.b.3,Problem Sensitivity,LV,3.0,8,0.0,3.0,3.0,N,N,07/2016,Analyst
51-4193.00,1.A.1.b.4,Deductive Reasoning,IM,3.0,8,0.0,3.0,3.0,N,,07/2016,Analyst
51-4193.00,1.A.1.b.4,Deductive Reasoning,LV,3.0,8,0.0,3.0,3.0,N,N,07/2016,Analyst
51-4193.00,1.A.1.b.5,Inductive Reasoning,IM,3.0,8,0.0,3.0,3.0,N,,07/2016,Analyst
51-4193.00,1.A.1.b.5,Inductive Reasoning,LV,3.0,8,0.0,3.0,3.0,N,N,07/2016,Analyst
51-4193.00,1.A.1.b.6,Information Ordering,IM,3.0,8,0.0,3.0,3.0,N,,07/2016,Analyst
51-4193.00,1.A.1.b.6,Information Ordering,LV,3.0,8,0.0,3.0,3.0,N,N,07/2016,Analyst
51-4193.00,1.A.1.b.7,Category Flexibility,IM,3.0,8,0.0,3.0,3.0,N,,07/2016,Analyst
51-4193.00,1.A.1.b.7,Category Flexibility,LV,3.0,8,0.0,3.0,3.0,N,N,07/2016,Analyst
51-4193.00,1.A.1.c.1,Mathematical Reasoning,IM,2.0,8,0.0,2.0,2.0,N,,07/2016,Analyst
51-4193.00,1.A.1.c.1,Mathematical Reasoning,LV,1.38,8,0.183,1.0164,1.7336,N,N,07/2016,Analyst
51-4193.00,1.A.1.c.2,Number Facility,IM,2.0,8,0.0,2.0,2.0,N,,07/2016,Analyst
51-4193.00,1.A.1.c.2,Number Facility,LV,1.5,8,0.2673,0.9762,2.0238,N,N,07/2016,Analyst
51-4193.00,1.A.1.d.1,Memorization,IM,2.0,8,0.0,2.0,2.0,N,,07/2016,Analyst
51-4193.00,1.A.1.d.1,Memorization,LV,1.5,8,0.189,1.1296,1.8704,N,N,07/2016,Analyst
51-4193.00,1.A.1.e.1,Speed of Closure,IM,2.12,8,0.125,1.88,2.37,N,,07/2016,Analyst
51-4193.00,1.A.1.e.1,Speed of Closure,LV,2.0,8,0.0,2.0,2.0,N,N,07/2016,Analyst
51-4193.00,1.A.1.e.2,Flexibility of Closure,IM,3.0,8,0.189,2.6296,3.3704,N,,07/2016,Analyst
51-4193.00,1.A.1.e.2,Flexibility of Closure,LV,3.0,8,0.0,3.0,3.0,N,N,07/2016,Analyst
51-4193.00,1.A.1.e.3,Perceptual Speed,IM,3.0,8,0.189,2.6296,3.3704,N,,07/2016,Analyst
51-4193.00,1.A.1.e.3,Perceptual Speed,LV,3.0,8,0.189,2.6296,3.3704,N,N,07/2016,Analyst
51-4193.00,1.A.1.f.1,Spatial Orientation,IM,1.62,8,0.183,1.2664,1.9836,N,,07/2016,Analyst
51-4193.00,1.A.1.f.1,Spatial Orientation,LV,0.88,8,0.295,0.2967,1.4533,N,N,07/2016,Analyst
51-4193.00,1.A.1.f.2,Visualization,IM,2.5,8,0.2673,1.9762,3.0238,N,,07/2016,Analyst
51-4193.00,1.A.1.f.2,Visualization,LV,2.5,8,0.2673,1.9762,3.0238,N,N,07/2016,Analyst
51-4193.00,1.A.1.g.1,Selective Attention,IM,3.0,8,0.189,2.6296,3.3704,N,,07/2016,Analyst
51-4193.00,1.A.1.g.1,Selective Attention,LV,3.0,8,0.189,2.6296,3.3704,N,N,07/2016,Analyst
51-4193.00,1.A.1.g.2,Time Sharing,IM,2.38,8,0.183,2.0164,2.7336,N,,07/2016,Analyst
51-4193.00,1.A.1.g.2,Time Sharing,LV,2.12,8,0.125,1.88,2.37,N,N,07/2016,Analyst
51-4193.00,1.A.2.a.1,Arm-Hand Steadiness,IM,3.25,8,0.1637,2.9292,3.5708,N,,07/2016,Analyst
51-4193.00,1.A.2.a.1,Arm-Hand Steadiness,LV,3.12,8,0.125,2.88,3.37,N,N,07/2016,Analyst
51-4193.00,1.A.2.a.2,Manual Dexterity,IM,3.25,8,0.1637,2.9292,3.5708,N,,07/2016,Analyst
51-4193.00,1.A.2.a.2,Manual Dexterity,LV,3.25,8,0.1637,2.9292,3.5708,N,N,07/2016,Analyst
51-4193.00,1.A.2.a.3,Finger Dexterity,IM,3.0,8,0.0,3.0,3.0,N,,07/2016,Analyst
51-4193.00,1.A.2.a.3,Finger Dexterity,LV,3.0,8,0.189,2.6296,3.3704,N,N,07/2016,Analyst
51-4193.00,1.A.2.b.1,Control Precision,IM,3.38,8,0.183,3.0164,3.7336,N,,07/2016,Analyst
51-4193.00,1.A.2.b.1,Control Precision,LV,3.25,8,0.1637,2.9292,3.5708,N,N,07/2016,Analyst
51-4193.00,1.A.2.b.2,Multilimb Coordination,IM,3.12,8,0.2266,2.6809,3.5691,N,,07/2016,Analyst
51-4193.00,1.A.2.b.2,Multilimb Coordination,LV,3.38,8,0.183,3.0164,3.7336,N,N,07/2016,Analyst
51-4193.00,1.A.2.b.3,Response Orientation,IM,2.0,8,0.0,2.0,2.0,N,,07/2016,Analyst
51-4193.00,1.A.2.b.3,Response Orientation,LV,2.0,8,0.0,2.0,2.0,N,N,07/2016,Analyst
51-4193.00,1.A.2.b.4,Rate Control,IM,2.25,8,0.1637,1.9292,2.5708,N,,07/2016,Analyst
51-4193.00,1.A.2.b.4,Rate Control,LV,2.12,8,0.125,1.88,2.37,N,N,07/2016,Analyst
51-4193.00,1.A.2.c.1,Reaction Time,IM,2.25,8,0.1637,1.9292,2.5708,N,,07/2016,Analyst
51-4193.00,1.A.2.c.1,Reaction Time,LV,2.62,8,0.2631,2.1094,3.1406,N,N,07/2016,Analyst
51-4193.00,1.A.2.c.2,Wrist-Finger Speed,IM,2.0,8,0.0,2.0,2.0,N,,07/2016,Analyst
51-4193.00,1.A.2.c.2,Wrist-Finger Speed,LV,1.38,8,0.183,1.0164,1.7336,N,N,07/2016,Analyst
51-4193.00,1.A.2.c.3,Speed of Limb Movement,IM,1.88,8,0.125,1.63,2.12,N,,07/2016,Analyst
51-4193.00,1.A.2.c.3,Speed of Limb Movement,LV,1.38,8,0.2631,0.8594,1.8906,N,N,07/2016,Analyst
51-4193.00,1.A.3.a.1,Static Strength,IM,3.0,8,0.0,3.0,3.0,N,,07/2016,Analyst
51-4193.00,1.A.3.a.1,Static Strength,LV,3.0,8,0.0,3.0,3.0,N,N,07/2016,Analyst
51-4193.00,1.A.3.a.2,Explosive Strength,IM,1.62,8,0.2631,1.1094,2.1406,N,,07/2016,Analyst
51-4193.00,1.A.3.a.2,Explosive Strength,LV,1.0,8,0.4226,0.1717,1.8283,N,N,07/2016,Analyst
51-4193.00,1.A.3.a.3,Dynamic Strength,IM,2.0,8,0.0,2.0,2.0,N,,07/2016,Analyst
51-4193.00,1.A.3.a.3,Dynamic Strength,LV,2.0,8,0.0,2.0,2.0,N,N,07/2016,Analyst
51-4193.00,1.A.3.a.4,Trunk Strength,IM,3.0,8,0.0,3.0,3.0,N,,07/2016,Analyst
51-4193.00,1.A.3.a.4,Trunk Strength,LV,3.12,8,0.125,2.88,3.37,N,N,07/2016,Analyst
51-4193.00,1.A.3.b.1,Stamina,IM,2.5,8,0.189,2.1296,2.8704,N,,07/2016,Analyst
51-4193.00,1.A.3.b.1,Stamina,LV,2.25,8,0.1637,1.9292,2.5708,N,N,07/2016,Analyst
51-4193.00,1.A.3.c.1,Extent Flexibility,IM,2.88,8,0.125,2.63,3.12,N,,07/2016,Analyst
51-4193.00,1.A.3.c.1,Extent Flexibility,LV,2.5,8,0.189,2.1296,2.8704,N,N,07/2016,Analyst
51-4193.00,1.A.3.c.2,Dynamic Flexibility,IM,1.12,8,0.125,1.0,1.37,N,,07/2016,Analyst
51-4193.00,1.A.3.c.2,Dynamic Flexibility,LV,0.12,8,0.125,0.0,0.37,N,Y,07/2016,Analyst
51-4193.00,1.A.3.c.3,Gross Body Coordination,IM,2.12,8,0.125,1.88,2.37,N,,07/2016,Analyst
51-4193.00,1.A.3.c.3,Gross Body Coordination,LV,2.0,8,0.0,2.0,2.0,N,N,07/2016,Analyst
51-4193.00,1.A.3.c.4,Gross Body Equilibrium,IM,2.0,8,0.0,2.0,2.0,N,,07/2016,Analyst
51-4193.00,1.A.3.c.4,Gross Body Equilibrium,LV,1.62,8,0.2631,1.1094,2.1406,N,N,07/2016,Analyst
51-4193.00,1.A.4.a.1,Near Vision,IM,3.38,8,0.183,3.0164,3.7336,N,,07/2016,Analyst
51-4193.00,1.A.4.a.1,Near Vision,LV,3.38,8,0.183,3.0164,3.7336,N,N,07/2016,Analyst
51-4193.00,1.A.4.a.2,Far Vision,IM,2.75,8,0.1637,2.4292,3.0708,N,,07/2016,Analyst
51-4193.00,1.A.4.a.2,Far Vision,LV,2.88,8,0.2266,2.4309,3.3191,N,N,07/2016,Analyst
51-4193.00,1.A.4.a.3,Visual Color Discrimination,IM,2.62,8,0.183,2.2664,2.9836,N,,07/2016,Analyst
51-4193.00,1.A.4.a.3,Visual Color Discrimination,LV,2.5,8,0.2673,1.9762,3.0238,N,N,07/2016,Analyst
51-4193.00,1.A.4.a.4,Night Vision,IM,1.5,8,0.189,1.1296,1.8704,N,,07/2016,Analyst
51-4193.00,1.A.4.a.4,Night Vision,LV,0.62,8,0.2631,0.1094,1.1406,N,N,07/2016,Analyst
51-4193.00,1.A.4.a.5,Peripheral Vision,IM,1.5,8,0.189,1.1296,1.8704,N,,07/2016,Analyst
51-4193.00,1.A.4.a.5,Peripheral Vision,LV,0.62,8,0.2631,0.1094,1.1406,N,N,07/2016,Analyst
51-4193.00,1.A.4.a.6,Depth Perception,IM,2.62,8,0.183,2.2664,2.9836,N,,07/2016,Analyst
51-4193.00,1.A.4.a.6,Depth Perception,LV,2.62,8,0.183,2.2664,2.9836,N,N,07/2016,Analyst
51-4193.00,1.A.4.a.7,Glare Sensitivity,IM,1.5,8,0.189,1.1296,1.8704,N,,07/2016,Analyst
51-4193.00,1.A.4.a.7,Glare Sensitivity,LV,0.88,8,0.3981,0.0947,1.6553,N,N,07/2016,Analyst
51-4193.00,1.A.4.b.1,Hearing Sensitivity,IM,2.62,8,0.183,2.2664,2.9836,N,,07/2016,Analyst
51-4193.00,1.A.4.b.1,Hearing Sensitivity,LV,2.62,8,0.183,2.2664,2.9836,N,N,07/2016,Analyst
51-4193.00,1.A.4.b.2,Auditory Attention,IM,2.75,8,0.1637,2.4292,3.0708,N,,07/2016,Analyst
51-4193.00,1.A.4.b.2,Auditory Attention,LV,3.0,8,0.0,3.0,3.0,N,N,07/2016,Analyst
51-4193.00,1.A.4.b.3,Sound Localization,IM,1.62,8,0.183,1.2664,1.9836,N,,07/2016,Analyst
51-4193.00,1.A.4.b.3,Sound Localization,LV,0.75,8,0.25,0.26,1.24,N,N,07/2016,Analyst
51-4193.00,1.A.4.b.4,Speech Recognition,IM,3.0,8,0.0,3.0,3.0,N,,07/2016,Analyst
51-4193.00,1.A.4.b.4,Speech Recognition,LV,2.38,8,0.183,2.0164,2.7336,N,N,07/2016,Analyst
51-4193.00,1.A.4.b.5,Speech Clarity,IM,3.12,8,0.125,2.88,3.37,N,,07/2016,Analyst
51-4193.00,1.A.4.b.5,Speech Clarity,LV,2.75,8,0.1637,2.4292,3.0708,N,N,07/2016,Analyst
51-4194.00,1.A.1.a.1,Oral Comprehension,IM,2.88,8,0.125,2.63,3.12,N,,07/2016,Analyst
51-4194.00,1.A.1.a.1,Oral Comprehension,LV,3.12,8,0.125,2.88,3.37,N,N,07/2016,Analyst
51-4194.00,1.A.1.a.2,Written Comprehension,IM,3.12,8,0.125,2.88,3.37,N,,07/2016,Analyst
51-4194.00,1.A.1.a.2,Written Comprehension,LV,3.0,8,0.0,3.0,3.0,N,N,07/2016,Analyst
51-4194.00,1.A.1.a.3,Oral Expression,IM,2.88,8,0.125,2.63,3.12,N,,07/2016,Analyst
51-4194.00,1.A.1.a.3,Oral Expression,LV,3.12,8,0.125,2.88,3.37,N,N,07/2016,Analyst
51-4194.00,1.A.1.a.4,Written Expression,IM,2.5,8,0.189,2.1296,2.8704,N,,07/2016,Analyst
51-4194.00,1.A.1.a.4,Written Expression,LV,2.38,8,0.183,2.0164,2.7336,N,N,07/2016,Analyst
51-4194.00,1.A.1.b.1,Fluency of Ideas,IM,2.38,8,0.183,2.0164,2.7336,N,,07/2016,Analyst
51-4194.00,1.A.1.b.1,Fluency of Ideas,LV,2.25,8,0.1637,1.9292,2.5708,N,N,07/2016,Analyst
51-4194.00,1.A.1.b.2,Originality,IM,2.38,8,0.183,2.0164,2.7336,N,,07/2016,Analyst
51-4194.00,1.A.1.b.2,Originality,LV,2.12,8,0.125,1.88,2.37,N,N,07/2016,Analyst
51-4194.00,1.A.1.b.3,Problem Sensitivity,IM,3.38,8,0.2631,2.8594,3.8906,N,,07/2016,Analyst
51-4194.00,1.A.1.b.3,Problem Sensitivity,LV,3.0,8,0.0,3.0,3.0,N,N,07/2016,Analyst
51-4194.00,1.A.1.b.4,Deductive Reasoning,IM,3.0,8,0.0,3.0,3.0,N,,07/2016,Analyst
51-4194.00,1.A.1.b.4,Deductive Reasoning,LV,3.0,8,0.0,3.0,3.0,N,N,07/2016,Analyst
51-4194.00,1.A.1.b.5,Inductive Reasoning,IM,2.88,8,0.125,2.63,3.12,N,,07/2016,Analyst
51-4194.00,1.A.1.b.5,Inductive Reasoning,LV,2.62,8,0.183,2.2664,2.9836,N,N,07/2016,Analyst
51-4194.00,1.A.1.b.6,Information Ordering,IM,3.0,8,0.0,3.0,3.0,N,,07/2016,Analyst
51-4194.00,1.A.1.b.6,Information Ordering,LV,3.0,8,0.0,3.0,3.0,N,N,07/2016,Analyst
51-4194.00,1.A.1.b.7,Category Flexibility,IM,3.0,8,0.0,3.0,3.0,N,,07/2016,Analyst
51-4194.00,1.A.1.b.7,Category Flexibility,LV,3.0,8,0.0,3.0,3.0,N,N,07/2016,Analyst
51-4194.00,1.A.1.c.1,Mathematical Reasoning,IM,2.88,8,0.125,2.63,3.12,N,,07/2016,Analyst
51-4194.00,1.A.1.c.1,Mathematical Reasoning,LV,2.88,8,0.125,2.63,3.12,N,N,07/2016,Analyst
51-4194.00,1.A.1.c.2,Number Facility,IM,2.88,8,0.125,2.63,3.12,N,,07/2016,Analyst
51-4194.00,1.A.1.c.2,Number Facility,LV,2.88,8,0.125,2.63,3.12,N,N,07/2016,Analyst
51-4194.00,1.A.1.d.1,Memorization,IM,2.5,8,0.189,2.1296,2.8704,N,,07/2016,Analyst
51-4194.00,1.A.1.d.1,Memorization,LV,2.12,8,0.125,1.88,2.37,N,N,07/2016,Analyst
51-4194.00,1.A.1.e.1,Speed of Closure,IM,2.5,8,0.189,2.1296,2.8704,N,,07/2016,Analyst
51-4194.00,1.A.1.e.1,Speed of Closure,LV,2.38,8,0.183,2.0164,2.7336,N,N,07/2016,Analyst
51-4194.00,1.A.1.e.2,Flexibility of Closure,IM,3.25,8,0.1637,2.9292,3.5708,N,,07/2016,Analyst
51-4194.00,1.A.1.e.2,Flexibility of Closure,LV,3.12,8,0.125,2.88,3.37,N,N,07/2016,Analyst
51-4194.00,1.A.1.e.3,Perceptual Speed,IM,3.25,8,0.1637,2.9292,3.5708,N,,07/2016,Analyst
51-4194.00,1.A.1.e.3,Perceptual Speed,LV,3.12,8,0.125,2.88,3.37,N,N,07/2016,Analyst
51-4194.00,1.A.1.f.1,Spatial Orientation,IM,1.5,8,0.2673,1.0,2.0238,N,,07/2016,Analyst
51-4194.00,1.A.1.f.1,Spatial Orientation,LV,0.75,8,0.366,0.0327,1.4673,N,N,07/2016,Analyst
51-4194.00,1.A.1.f.2,Visualization,IM,3.38,8,0.183,3.0164,3.7336,N,,07/2016,Analyst
51-4194.00,1.A.1.f.2,Visualization,LV,3.38,8,0.183,3.0164,3.7336,N,N,07/2016,Analyst
51-4194.00,1.A.1.g.1,Selective Attention,IM,3.38,8,0.183,3.0164,3.7336,N,,07/2016,Analyst
51-4194.00,1.A.1.g.1,Selective Attention,LV,3.25,8,0.1637,2.9292,3.5708,N,N,07/2016,Analyst
51-4194.00,1.A.1.g.2,Time Sharing,IM,2.62,8,0.183,2.2664,2.9836,N,,07/2016,Analyst
51-4194.00,1.A.1.g.2,Time Sharing,LV,2.38,8,0.183,2.0164,2.7336,N,N,07/2016,Analyst
51-4194.00,1.A.2.a.1,Arm-Hand Steadiness,IM,4.0,8,0.0,4.0,4.0,N,,07/2016,Analyst
51-4194.00,1.A.2.a.1,Arm-Hand Steadiness,LV,3.25,8,0.1637,2.9292,3.5708,N,N,07/2016,Analyst
51-4194.00,1.A.2.a.2,Manual Dexterity,IM,3.88,8,0.125,3.63,4.12,N,,07/2016,Analyst
51-4194.00,1.A.2.a.2,Manual Dexterity,LV,3.5,8,0.189,3.1296,3.8704,N,N,07/2016,Analyst
51-4194.00,1.A.2.a.3,Finger Dexterity,IM,3.88,8,0.125,3.63,4.12,N,,07/2016,Analyst
51-4194.00,1.A.2.a.3,Finger Dexterity,LV,3.5,8,0.189,3.1296,3.8704,N,N,07/2016,Analyst
51-4194.00,1.A.2.b.1,Control Precision,IM,3.88,8,0.2266,3.4309,4.3191,N,,07/2016,Analyst
51-4194.00,1.A.2.b.1,Control Precision,LV,3.5,8,0.189,3.1296,3.8704,N,N,07/2016,Analyst
51-4194.00,1.A.2.b.2,Multilimb Coordination,IM,3.0,8,0.0,3.0,3.0,N,,07/2016,Analyst
51-4194.00,1.A.2.b.2,Multilimb Coordination,LV,3.0,8,0.189,2.6296,3.3704,N,N,07/2016,Analyst
51-4194.00,1.A.2.b.3,Response Orientation,IM,2.25,8,0.25,1.76,2.74,N,,07/2016,Analyst
51-4194.00,1.A.2.b.3,Response Orientation,LV,1.88,8,0.3981,1.0947,2.6553,N,N,07/2016,Analyst
51-4194.00,1.A.2.b.4,Rate Control,IM,3.12,8,0.125,2.88,3.37,N,,07/2016,Analyst
51-4194.00,1.A.2.b.4,Rate Control,LV,3.0,8,0.189,2.6296,3.3704,N,N,07/2016,Analyst
51-4194.00,1.A.2.c.1,Reaction Time,IM,3.12,8,0.125,2.88,3.37,N,,07/2016,Analyst
51-4194.00,1.A.2.c.1,Reaction Time,LV,3.5,8,0.189,3.1296,3.8704,N,N,07/2016,Analyst
51-4194.00,1.A.2.c.2,Wrist-Finger Speed,IM,2.62,8,0.183,2.2664,2.9836,N,,07/2016,Analyst
51-4194.00,1.A.2.c.2,Wrist-Finger Speed,LV,2.5,8,0.189,2.1296,2.8704,N,N,07/2016,Analyst
51-4194.00,1.A.2.c.3,Speed of Limb Movement,IM,1.75,8,0.1637,1.4292,2.0708,N,,07/2016,Analyst
51-4194.00,1.A.2.c.3,Speed of Limb Movement,LV,1.25,8,0.3134,0.6358,1.8642,N,N,07/2016,Analyst
51-4194.00,1.A.3.a.1,Static Strength,IM,3.0,8,0.0,3.0,3.0,N,,07/2016,Analyst
51-4194.00,1.A.3.a.1,Static Strength,LV,3.0,8,0.0,3.0,3.0,N,N,07/2016,Analyst
51-4194.00,1.A.3.a.2,Explosive Strength,IM,1.88,8,0.2266,1.4309,2.3191,N,,07/2016,Analyst
51-4194.00,1.A.3.a.2,Explosive Strength,LV,1.38,8,0.375,0.64,2.11,N,N,07/2016,Analyst
51-4194.00,1.A.3.a.3,Dynamic Strength,IM,2.5,8,0.189,2.1296,2.8704,N,,07/2016,Analyst
51-4194.00,1.A.3.a.3,Dynamic Strength,LV,2.12,8,0.125,1.88,2.37,N,N,07/2016,Analyst
51-4194.00,1.A.3.a.4,Trunk Strength,IM,2.88,8,0.125,2.63,3.12,N,,07/2016,Analyst
51-4194.00,1.A.3.a.4,Trunk Strength,LV,2.88,8,0.125,2.63,3.12,N,N,07/2016,Analyst
51-4194.00,1.A.3.b.1,Stamina,IM,2.0,8,0.0,2.0,2.0,N,,07/2016,Analyst
51-4194.00,1.A.3.b.1,Stamina,LV,1.75,8,0.1637,1.4292,2.0708,N,N,07/2016,Analyst
51-4194.00,1.A.3.c.1,Extent Flexibility,IM,2.38,8,0.183,2.0164,2.7336,N,,07/2016,Analyst
51-4194.00,1.A.3.c.1,Extent Flexibility,LV,2.75,8,0.1637,2.4292,3.0708,N,N,07/2016,Analyst
51-4194.00,1.A.3.c.2,Dynamic Flexibility,IM,1.0,8,0.0,1.0,1.0,N,,07/2016,Analyst
51-4194.00,1.A.3.c.2,Dynamic Flexibility,LV,0.0,8,0.0,0.0,0.0,N,Y,07/2016,Analyst
51-4194.00,1.A.3.c.3,Gross Body Coordination,IM,2.0,8,0.0,2.0,2.0,N,,07/2016,Analyst
51-4194.00,1.A.3.c.3,Gross Body Coordination,LV,2.0,8,0.0,2.0,2.0,N,N,07/2016,Analyst
51-4194.00,1.A.3.c.4,Gross Body Equilibrium,IM,1.88,8,0.125,1.63,2.12,N,,07/2016,Analyst
51-4194.00,1.A.3.c.4,Gross Body Equilibrium,LV,1.62,8,0.3239,0.9902,2.2598,N,N,07/2016,Analyst
51-4194.00,1.A.4.a.1,Near Vision,IM,3.75,8,0.1637,3.4292,4.0708,N,,07/2016,Analyst
51-4194.00,1.A.4.a.1,Near Vision,LV,4.12,8,0.125,3.88,4.37,N,N,07/2016,Analyst
51-4194.00,1.A.4.a.2,Far Vision,IM,2.88,8,0.125,2.63,3.12,N,,07/2016,Analyst
51-4194.00,1.A.4.a.2,Far Vision,LV,2.88,8,0.125,2.63,3.12,N,N,07/2016,Analyst
51-4194.00,1.A.4.a.3,Visual Color Discrimination,IM,2.88,8,0.125,2.63,3.12,N,,07/2016,Analyst
51-4194.00,1.A.4.a.3,Visual Color Discrimination,LV,2.62,8,0.2631,2.1094,3.1406,N,N,07/2016,Analyst
51-4194.00,1.A.4.a.4,Night Vision,IM,1.38,8,0.183,1.0164,1.7336,N,,07/2016,Analyst
51-4194.00,1.A.4.a.4,Night Vision,LV,0.5,8,0.2673,0.0,1.0238,N,N,07/2016,Analyst
51-4194.00,1.A.4.a.5,Peripheral Vision,IM,1.5,8,0.189,1.1296,1.8704,N,,07/2016,Analyst
51-4194.00,1.A.4.a.5,Peripheral Vision,LV,0.5,8,0.189,0.1296,0.8704,N,N,07/2016,Analyst
51-4194.00,1.A.4.a.6,Depth Perception,IM,2.75,8,0.25,2.26,3.24,N,,07/2016,Analyst
51-4194.00,1.A.4.a.6,Depth Perception,LV,2.5,8,0.2673,1.9762,3.0238,N,N,07/2016,Analyst
51-4194.00,1.A.4.a.7,Glare Sensitivity,IM,1.38,8,0.183,1.0164,1.7336,N,,07/2016,Analyst
51-4194.00,1.A.4.a.7,Glare Sensitivity,LV,0.62,8,0.3239,0.0,1.2598,N,N,07/2016,Analyst
51-4194.00,1.A.4.b.1,Hearing Sensitivity,IM,3.0,8,0.0,3.0,3.0,N,,07/2016,Analyst
51-4194.00,1.A.4.b.1,Hearing Sensitivity,LV,2.88,8,0.125,2.63,3.12,N,N,07/2016,Analyst
51-4194.00,1.A.4.b.2,Auditory Attention,IM,3.0,8,0.0,3.0,3.0,N,,07/2016,Analyst
51-4194.00,1.A.4.b.2,Auditory Attention,LV,3.0,8,0.0,3.0,3.0,N,N,07/2016,Analyst
51-4194.00,1.A.4.b.3,Sound Localization,IM,1.5,8,0.189,1.1296,1.8704,N,,07/2016,Analyst
51-4194.00,1.A.4.b.3,Sound Localization,LV,0.75,8,0.3134,0.1358,1.3642,N,N,07/2016,Analyst
51-4194.00,1.A.4.b.4,Speech Recognition,IM,2.75,8,0.1637,2.4292,3.0708,N,,07/2016,Analyst
51-4194.00,1.A.4.b.4,Speech Recognition,LV,2.25,8,0.1637,1.9292,2.5708,N,N,07/2016,Analyst
51-4194.00,1.A.4.b.5,Speech Clarity,IM,2.62,8,0.183,2.2664,2.9836,N,,07/2016,Analyst
51-4194.00,1.A.4.b.5,Speech Clarity,LV,2.38,8,0.183,2.0164,2.7336,N,N,07/2016,Analyst
51-5111.00,1.A.1.a.1,Oral Comprehension,IM,3.12,8,0.125,2.88,3.37,N,,07/2016,Analyst
51-5111.00,1.A.1.a.1,Oral Comprehension,LV,3.12,8,0.125,2.88,3.37,N,N,07/2016,Analyst
51-5111.00,1.A.1.a.2,Written Comprehension,IM,3.12,8,0.125,2.88,3.37,N,,07/2016,Analyst
51-5111.00,1.A.1.a.2,Written Comprehension,LV,3.0,8,0.0,3.0,3.0,N,N,07/2016,Analyst
51-5111.00,1.A.1.a.3,Oral Expression,IM,3.12,8,0.125,2.88,3.37,N,,07/2016,Analyst
51-5111.00,1.A.1.a.3,Oral Expression,LV,3.12,8,0.125,2.88,3.37,N,N,07/2016,Analyst
51-5111.00,1.A.1.a.4,Written Expression,IM,2.88,8,0.125,2.63,3.12,N,,07/2016,Analyst
51-5111.00,1.A.1.a.4,Written Expression,LV,3.0,8,0.0,3.0,3.0,N,N,07/2016,Analyst
51-5111.00,1.A.1.b.1,Fluency of Ideas,IM,2.62,8,0.183,2.2664,2.9836,N,,07/2016,Analyst
51-5111.00,1.A.1.b.1,Fluency of Ideas,LV,2.88,8,0.125,2.63,3.12,N,N,07/2016,Analyst
51-5111.00,1.A.1.b.2,Originality,IM,2.62,8,0.183,2.2664,2.9836,N,,07/2016,Analyst
51-5111.00,1.A.1.b.2,Originality,LV,3.0,8,0.189,2.6296,3.3704,N,N,07/2016,Analyst
51-5111.00,1.A.1.b.3,Problem Sensitivity,IM,3.25,8,0.1637,2.9292,3.5708,N,,07/2016,Analyst
51-5111.00,1.A.1.b.3,Problem Sensitivity,LV,3.12,8,0.125,2.88,3.37,N,N,07/2016,Analyst
51-5111.00,1.A.1.b.4,Deductive Reasoning,IM,3.0,8,0.0,3.0,3.0,N,,07/2016,Analyst
51-5111.00,1.A.1.b.4,Deductive Reasoning,LV,3.0,8,0.0,3.0,3.0,N,N,07/2016,Analyst
51-5111.00,1.A.1.b.5,Inductive Reasoning,IM,3.25,8,0.1637,2.9292,3.5708,N,,07/2016,Analyst
51-5111.00,1.A.1.b.5,Inductive Reasoning,LV,3.0,8,0.0,3.0,3.0,N,N,07/2016,Analyst
51-5111.00,1.A.1.b.6,Information Ordering,IM,3.12,8,0.125,2.88,3.37,N,,07/2016,Analyst
51-5111.00,1.A.1.b.6,Information Ordering,LV,3.0,8,0.0,3.0,3.0,N,N,07/2016,Analyst
51-5111.00,1.A.1.b.7,Category Flexibility,IM,3.12,8,0.125,2.88,3.37,N,,07/2016,Analyst
51-5111.00,1.A.1.b.7,Category Flexibility,LV,3.12,8,0.125,2.88,3.37,N,N,07/2016,Analyst
51-5111.00,1.A.1.c.1,Mathematical Reasoning,IM,2.25,8,0.1637,1.9292,2.5708,N,,07/2016,Analyst
51-5111.00,1.A.1.c.1,Mathematical Reasoning,LV,2.0,8,0.0,2.0,2.0,N,N,07/2016,Analyst
51-5111.00,1.A.1.c.2,Number Facility,IM,2.0,8,0.0,2.0,2.0,N,,07/2016,Analyst
51-5111.00,1.A.1.c.2,Number Facility,LV,1.75,8,0.1637,1.4292,2.0708,N,N,07/2016,Analyst
51-5111.00,1.A.1.d.1,Memorization,IM,2.0,8,0.0,2.0,2.0,N,,07/2016,Analyst
51-5111.00,1.A.1.d.1,Memorization,LV,2.0,8,0.0,2.0,2.0,N,N,07/2016,Analyst
51-5111.00,1.A.1.e.1,Speed of Closure,IM,2.12,8,0.125,1.88,2.37,N,,07/2016,Analyst
51-5111.00,1.A.1.e.1,Speed of Closure,LV,1.5,8,0.189,1.1296,1.8704,N,N,07/2016,Analyst
51-5111.00,1.A.1.e.2,Flexibility of Closure,IM,3.0,8,0.189,2.6296,3.3704,N,,07/2016,Analyst
51-5111.00,1.A.1.e.2,Flexibility of Closure,LV,2.88,8,0.125,2.63,3.12,N,N,07/2016,Analyst
51-5111.00,1.A.1.e.3,Perceptual Speed,IM,3.0,8,0.0,3.0,3.0,N,,07/2016,Analyst
51-5111.00,1.A.1.e.3,Perceptual Speed,LV,2.88,8,0.125,2.63,3.12,N,N,07/2016,Analyst
51-5111.00,1.A.1.f.1,Spatial Orientation,IM,1.0,8,0.0,1.0,1.0,N,,07/2016,Analyst
51-5111.00,1.A.1.f.1,Spatial Orientation,LV,0.0,8,0.0,0.0,0.0,N,Y,07/2016,Analyst
51-5111.00,1.A.1.f.2,Visualization,IM,3.25,8,0.1637,2.9292,3.5708,N,,07/2016,Analyst
51-5111.00,1.A.1.f.2,Visualization,LV,3.25,8,0.1637,2.9292,3.5708,N,N,07/2016,Analyst
51-5111.00,1.A.1.g.1,Selective Attention,IM,3.0,8,0.0,3.0,3.0,N,,07/2016,Analyst
51-5111.00,1.A.1.g.1,Selective Attention,LV,2.88,8,0.125,2.63,3.12,N,N,07/2016,Analyst
51-5111.00,1.A.1.g.2,Time Sharing,IM,2.0,8,0.0,2.0,2.0,N,,07/2016,Analyst
51-5111.00,1.A.1.g.2,Time Sharing,LV,2.12,8,0.125,1.88,2.37,N,N,07/2016,Analyst
51-5111.00,1.A.2.a.1,Arm-Hand Steadiness,IM,2.88,8,0.125,2.63,3.12,N,,07/2016,Analyst
51-5111.00,1.A.2.a.1,Arm-Hand Steadiness,LV,3.0,8,0.189,2.6296,3.3704,N,N,07/2016,Analyst
51-5111.00,1.A.2.a.2,Manual Dexterity,IM,2.75,8,0.1637,2.4292,3.0708,N,,07/2016,Analyst
51-5111.00,1.A.2.a.2,Manual Dexterity,LV,2.75,8,0.1637,2.4292,3.0708,N,N,07/2016,Analyst
51-5111.00,1.A.2.a.3,Finger Dexterity,IM,2.88,8,0.125,2.63,3.12,N,,07/2016,Analyst
51-5111.00,1.A.2.a.3,Finger Dexterity,LV,2.75,8,0.1637,2.4292,3.0708,N,N,07/2016,Analyst
51-5111.00,1.A.2.b.1,Control Precision,IM,3.0,8,0.189,2.6296,3.3704,N,,07/2016,Analyst
51-5111.00,1.A.2.b.1,Control Precision,LV,3.0,8,0.189,2.6296,3.3704,N,N,07/2016,Analyst
51-5111.00,1.A.2.b.2,Multilimb Coordination,IM,1.62,8,0.183,1.2664,1.9836,N,,07/2016,Analyst
51-5111.00,1.A.2.b.2,Multilimb Coordination,LV,1.25,8,0.366,0.5327,1.9673,N,N,07/2016,Analyst
51-5111.00,1.A.2.b.3,Response Orientation,IM,1.62,8,0.183,1.2664,1.9836,N,,07/2016,Analyst
51-5111.00,1.A.2.b.3,Response Orientation,LV,0.88,8,0.295,0.2967,1.4533,N,N,07/2016,Analyst
51-5111.00,1.A.2.b.4,Rate Control,IM,2.0,8,0.0,2.0,2.0,N,,07/2016,Analyst
51-5111.00,1.A.2.b.4,Rate Control,LV,1.62,8,0.183,1.2664,1.9836,N,N,07/2016,Analyst
51-5111.00,1.A.2.c.1,Reaction Time,IM,1.88,8,0.125,1.63,2.12,N,,07/2016,Analyst
51-5111.00,1.A.2.c.1,Reaction Time,LV,1.38,8,0.2631,0.8594,1.8906,N,N,07/2016,Analyst
51-5111.00,1.A.2.c.2,Wrist-Finger Speed,IM,2.0,8,0.0,2.0,2.0,N,,07/2016,Analyst
51-5111.00,1.A.2.c.2,Wrist-Finger Speed,LV,1.75,8,0.1637,1.4292,2.0708,N,N,07/2016,Analyst
51-5111.00,1.A.2.c.3,Speed of Limb Movement,IM,1.0,8,0.0,1.0,1.0,N,,07/2016,Analyst
51-5111.00,1.A.2.c.3,Speed of Limb Movement,LV,0.0,8,0.0,0.0,0.0,N,Y,07/2016,Analyst
51-5111.00,1.A.3.a.1,Static Strength,IM,1.38,8,0.183,1.0164,1.7336,N,,07/2016,Analyst
51-5111.00,1.A.3.a.1,Static Strength,LV,0.75,8,0.366,0.0327,1.4673,N,N,07/2016,Analyst
51-5111.00,1.A.3.a.2,Explosive Strength,IM,1.0,8,0.0,1.0,1.0,N,,07/2016,Analyst
51-5111.00,1.A.3.a.2,Explosive Strength,LV,0.0,8,0.0,0.0,0.0,N,Y,07/2016,Analyst
51-5111.00,1.A.3.a.3,Dynamic Strength,IM,1.25,8,0.1637,1.0,1.5708,N,,07/2016,Analyst
51-5111.00,1.A.3.a.3,Dynamic Strength,LV,0.5,8,0.3273,0.0,1.1416,N,Y,07/2016,Analyst
51-5111.00,1.A.3.a.4,Trunk Strength,IM,1.5,8,0.189,1.1296,1.8704,N,,07/2016,Analyst
51-5111.00,1.A.3.a.4,Trunk Strength,LV,0.88,8,0.3504,0.1883,1.5617,N,N,07/2016,Analyst
51-5111.00,1.A.3.b.1,Stamina,IM,1.0,8,0.0,1.0,1.0,N,,07/2016,Analyst
51-5111.00,1.A.3.b.1,Stamina,LV,0.0,8,0.0,0.0,0.0,N,Y,07/2016,Analyst
51-5111.00,1.A.3.c.1,Extent Flexibility,IM,1.38,8,0.183,1.0164,1.7336,N,,07/2016,Analyst
51-5111.00,1.A.3.c.1,Extent Flexibility,LV,0.5,8,0.2673,0.0,1.0238,N,N,07/2016,Analyst
51-5111.00,1.A.3.c.2,Dynamic Flexibility,IM,1.0,8,0.0,1.0,1.0,N,,07/2016,Analyst
51-5111.00,1.A.3.c.2,Dynamic Flexibility,LV,0.0,8,0.0,0.0,0.0,N,Y,07/2016,Analyst
51-5111.00,1.A.3.c.3,Gross Body Coordination,IM,1.0,8,0.0,1.0,1.0,N,,07/2016,Analyst
51-5111.00,1.A.3.c.3,Gross Body Coordination,LV,0.0,8,0.0,0.0,0.0,N,Y,07/2016,Analyst
51-5111.00,1.A.3.c.4,Gross Body Equilibrium,IM,1.0,8,0.0,1.0,1.0,N,,07/2016,Analyst
51-5111.00,1.A.3.c.4,Gross Body Equilibrium,LV,0.0,8,0.0,0.0,0.0,N,Y,07/2016,Analyst
51-5111.00,1.A.4.a.1,Near Vision,IM,3.75,8,0.1637,3.4292,4.0708,N,,07/2016,Analyst
51-5111.00,1.A.4.a.1,Near Vision,LV,4.0,8,0.0,4.0,4.0,N,N,07/2016,Analyst
51-5111.00,1.A.4.a.2,Far Vision,IM,2.5,8,0.189,2.1296,2.8704,N,,07/2016,Analyst
51-5111.00,1.A.4.a.2,Far Vision,LV,2.75,8,0.25,2.26,3.24,N,N,07/2016,Analyst
51-5111.00,1.A.4.a.3,Visual Color Discrimination,IM,3.25,8,0.1637,2.9292,3.5708,N,,07/2016,Analyst
51-5111.00,1.A.4.a.3,Visual Color Discrimination,LV,3.12,8,0.125,2.88,3.37,N,N,07/2016,Analyst
51-5111.00,1.A.4.a.4,Night Vision,IM,1.0,8,0.0,1.0,1.0,N,,07/2016,Analyst
51-5111.00,1.A.4.a.4,Night Vision,LV,0.0,8,0.0,0.0,0.0,N,Y,07/2016,Analyst
51-5111.00,1.A.4.a.5,Peripheral Vision,IM,1.0,8,0.0,1.0,1.0,N,,07/2016,Analyst
51-5111.00,1.A.4.a.5,Peripheral Vision,LV,0.0,8,0.0,0.0,0.0,N,Y,07/2016,Analyst
51-5111.00,1.A.4.a.6,Depth Perception,IM,2.0,8,0.0,2.0,2.0,N,,07/2016,Analyst
51-5111.00,1.A.4.a.6,Depth Perception,LV,1.88,8,0.125,1.63,2.12,N,N,07/2016,Analyst
51-5111.00,1.A.4.a.7,Glare Sensitivity,IM,1.0,8,0.0,1.0,1.0,N,,07/2016,Analyst
51-5111.00,1.A.4.a.7,Glare Sensitivity,LV,0.0,8,0.0,0.0,0.0,N,Y,07/2016,Analyst
51-5111.00,1.A.4.b.1,Hearing Sensitivity,IM,1.88,8,0.125,1.63,2.12,N,,07/2016,Analyst
51-5111.00,1.A.4.b.1,Hearing Sensitivity,LV,1.88,8,0.295,1.2967,2.4533,N,N,07/2016,Analyst
51-5111.00,1.A.4.b.2,Auditory Attention,IM,2.12,8,0.125,1.88,2.37,N,,07/2016,Analyst
51-5111.00,1.A.4.b.2,Auditory Attention,LV,2.12,8,0.125,1.88,2.37,N,N,07/2016,Analyst
51-5111.00,1.A.4.b.3,Sound Localization,IM,1.0,8,0.0,1.0,1.0,N,,07/2016,Analyst
51-5111.00,1.A.4.b.3,Sound Localization,LV,0.0,8,0.0,0.0,0.0,N,Y,07/2016,Analyst
51-5111.00,1.A.4.b.4,Speech Recognition,IM,3.0,8,0.189,2.6296,3.3704,N,,07/2016,Analyst
51-5111.00,1.A.4.b.4,Speech Recognition,LV,2.88,8,0.125,2.63,3.12,N,N,07/2016,Analyst
51-5111.00,1.A.4.b.5,Speech Clarity,IM,3.0,8,0.189,2.6296,3.3704,N,,07/2016,Analyst
51-5111.00,1.A.4.b.5,Speech Clarity,LV,2.88,8,0.125,2.63,3.12,N,N,07/2016,Analyst
51-5112.00,1.A.1.a.1,Oral Comprehension,IM,3.12,8,0.125,2.88,3.37,N,,08/2020,Analyst
51-5112.00,1.A.1.a.1,Oral Comprehension,LV,3.38,8,0.183,3.0164,3.7336,N,N,08/2020,Analyst
51-5112.00,1.A.1.a.2,Written Comprehension,IM,3.12,8,0.125,2.88,3.37,N,,08/2020,Analyst
51-5112.00,1.A.1.a.2,Written Comprehension,LV,3.0,8,0.0,3.0,3.0,N,N,08/2020,Analyst
51-5112.00,1.A.1.a.3,Oral Expression,IM,3.12,8,0.125,2.88,3.37,N,,08/2020,Analyst
51-5112.00,1.A.1.a.3,Oral Expression,LV,3.12,8,0.125,2.88,3.37,N,N,08/2020,Analyst
51-5112.00,1.A.1.a.4,Written Expression,IM,2.75,8,0.1637,2.4292,3.0708,N,,08/2020,Analyst
51-5112.00,1.A.1.a.4,Written Expression,LV,3.0,8,0.0,3.0,3.0,N,N,08/2020,Analyst
51-5112.00,1.A.1.b.1,Fluency of Ideas,IM,2.62,8,0.183,2.2664,2.9836,N,,08/2020,Analyst
51-5112.00,1.A.1.b.1,Fluency of Ideas,LV,2.62,8,0.183,2.2664,2.9836,N,N,08/2020,Analyst
51-5112.00,1.A.1.b.2,Originality,IM,2.38,8,0.183,2.0164,2.7336,N,,08/2020,Analyst
51-5112.00,1.A.1.b.2,Originality,LV,2.38,8,0.183,2.0164,2.7336,N,N,08/2020,Analyst
51-5112.00,1.A.1.b.3,Problem Sensitivity,IM,3.38,8,0.183,3.0164,3.7336,N,,08/2020,Analyst
51-5112.00,1.A.1.b.3,Problem Sensitivity,LV,3.12,8,0.125,2.88,3.37,N,N,08/2020,Analyst
51-5112.00,1.A.1.b.4,Deductive Reasoning,IM,3.12,8,0.125,2.88,3.37,N,,08/2020,Analyst
51-5112.00,1.A.1.b.4,Deductive Reasoning,LV,3.12,8,0.125,2.88,3.37,N,N,08/2020,Analyst
51-5112.00,1.A.1.b.5,Inductive Reasoning,IM,3.0,8,0.0,3.0,3.0,N,,08/2020,Analyst
51-5112.00,1.A.1.b.5,Inductive Reasoning,LV,3.0,8,0.0,3.0,3.0,N,N,08/2020,Analyst
51-5112.00,1.A.1.b.6,Information Ordering,IM,3.12,8,0.125,2.88,3.37,N,,08/2020,Analyst
51-5112.00,1.A.1.b.6,Information Ordering,LV,3.12,8,0.125,2.88,3.37,N,N,08/2020,Analyst
51-5112.00,1.A.1.b.7,Category Flexibility,IM,3.0,8,0.0,3.0,3.0,N,,08/2020,Analyst
51-5112.00,1.A.1.b.7,Category Flexibility,LV,3.0,8,0.0,3.0,3.0,N,N,08/2020,Analyst
51-5112.00,1.A.1.c.1,Mathematical Reasoning,IM,2.0,8,0.0,2.0,2.0,N,,08/2020,Analyst
51-5112.00,1.A.1.c.1,Mathematical Reasoning,LV,2.0,8,0.0,2.0,2.0,N,N,08/2020,Analyst
51-5112.00,1.A.1.c.2,Number Facility,IM,2.0,8,0.0,2.0,2.0,N,,08/2020,Analyst
51-5112.00,1.A.1.c.2,Number Facility,LV,2.0,8,0.0,2.0,2.0,N,N,08/2020,Analyst
51-5112.00,1.A.1.d.1,Memorization,IM,2.12,8,0.125,1.88,2.37,N,,08/2020,Analyst
51-5112.00,1.A.1.d.1,Memorization,LV,2.0,8,0.0,2.0,2.0,N,N,08/2020,Analyst
51-5112.00,1.A.1.e.1,Speed of Closure,IM,2.12,8,0.125,1.88,2.37,N,,08/2020,Analyst
51-5112.00,1.A.1.e.1,Speed of Closure,LV,2.12,8,0.125,1.88,2.37,N,N,08/2020,Analyst
51-5112.00,1.A.1.e.2,Flexibility of Closure,IM,3.0,8,0.189,2.6296,3.3704,N,,08/2020,Analyst
51-5112.00,1.A.1.e.2,Flexibility of Closure,LV,2.88,8,0.125,2.63,3.12,N,N,08/2020,Analyst
51-5112.00,1.A.1.e.3,Perceptual Speed,IM,3.0,8,0.189,2.6296,3.3704,N,,08/2020,Analyst
51-5112.00,1.A.1.e.3,Perceptual Speed,LV,3.0,8,0.189,2.6296,3.3704,N,N,08/2020,Analyst
51-5112.00,1.A.1.f.1,Spatial Orientation,IM,1.38,8,0.183,1.0164,1.7336,N,,08/2020,Analyst
51-5112.00,1.A.1.f.1,Spatial Orientation,LV,0.62,8,0.3239,0.0,1.2598,N,N,08/2020,Analyst
51-5112.00,1.A.1.f.2,Visualization,IM,3.12,8,0.125,2.88,3.37,N,,08/2020,Analyst
51-5112.00,1.A.1.f.2,Visualization,LV,3.12,8,0.125,2.88,3.37,N,N,08/2020,Analyst
51-5112.00,1.A.1.g.1,Selective Attention,IM,3.12,8,0.125,2.88,3.37,N,,08/2020,Analyst
51-5112.00,1.A.1.g.1,Selective Attention,LV,3.12,8,0.125,2.88,3.37,N,N,08/2020,Analyst
51-5112.00,1.A.1.g.2,Time Sharing,IM,2.5,8,0.189,2.1296,2.8704,N,,08/2020,Analyst
51-5112.00,1.A.1.g.2,Time Sharing,LV,2.25,8,0.1637,1.9292,2.5708,N,N,08/2020,Analyst
51-5112.00,1.A.2.a.1,Arm-Hand Steadiness,IM,3.25,8,0.1637,2.9292,3.5708,N,,08/2020,Analyst
51-5112.00,1.A.2.a.1,Arm-Hand Steadiness,LV,3.12,8,0.125,2.88,3.37,N,N,08/2020,Analyst
51-5112.00,1.A.2.a.2,Manual Dexterity,IM,3.25,8,0.1637,2.9292,3.5708,N,,08/2020,Analyst
51-5112.00,1.A.2.a.2,Manual Dexterity,LV,3.12,8,0.125,2.88,3.37,N,N,08/2020,Analyst
51-5112.00,1.A.2.a.3,Finger Dexterity,IM,3.12,8,0.125,2.88,3.37,N,,08/2020,Analyst
51-5112.00,1.A.2.a.3,Finger Dexterity,LV,3.5,8,0.189,3.1296,3.8704,N,N,08/2020,Analyst
51-5112.00,1.A.2.b.1,Control Precision,IM,3.5,8,0.189,3.1296,3.8704,N,,08/2020,Analyst
51-5112.00,1.A.2.b.1,Control Precision,LV,3.88,8,0.125,3.63,4.12,N,N,08/2020,Analyst
51-5112.00,1.A.2.b.2,Multilimb Coordination,IM,3.12,8,0.125,2.88,3.37,N,,08/2020,Analyst
51-5112.00,1.A.2.b.2,Multilimb Coordination,LV,3.12,8,0.125,2.88,3.37,N,N,08/2020,Analyst
51-5112.00,1.A.2.b.3,Response Orientation,IM,2.5,8,0.189,2.1296,2.8704,N,,08/2020,Analyst
51-5112.00,1.A.2.b.3,Response Orientation,LV,2.38,8,0.183,2.0164,2.7336,N,N,08/2020,Analyst
51-5112.00,1.A.2.b.4,Rate Control,IM,2.88,8,0.125,2.63,3.12,N,,08/2020,Analyst
51-5112.00,1.A.2.b.4,Rate Control,LV,2.88,8,0.125,2.63,3.12,N,N,08/2020,Analyst
51-5112.00,1.A.2.c.1,Reaction Time,IM,2.88,8,0.125,2.63,3.12,N,,08/2020,Analyst
51-5112.00,1.A.2.c.1,Reaction Time,LV,2.88,8,0.125,2.63,3.12,N,N,08/2020,Analyst
51-5112.00,1.A.2.c.2,Wrist-Finger Speed,IM,2.25,8,0.1637,1.9292,2.5708,N,,08/2020,Analyst
51-5112.00,1.A.2.c.2,Wrist-Finger Speed,LV,2.12,8,0.125,1.88,2.37,N,N,08/2020,Analyst
51-5112.00,1.A.2.c.3,Speed of Limb Movement,IM,1.88,8,0.125,1.63,2.12,N,,08/2020,Analyst
51-5112.00,1.A.2.c.3,Speed of Limb Movement,LV,1.62,8,0.2631,1.1094,2.1406,N,N,08/2020,Analyst
51-5112.00,1.A.3.a.1,Static Strength,IM,3.0,8,0.189,2.6296,3.3704,N,,08/2020,Analyst
51-5112.00,1.A.3.a.1,Static Strength,LV,3.0,8,0.0,3.0,3.0,N,N,08/2020,Analyst
51-5112.00,1.A.3.a.2,Explosive Strength,IM,1.38,8,0.183,1.0164,1.7336,N,,08/2020,Analyst
51-5112.00,1.A.3.a.2,Explosive Strength,LV,0.5,8,0.2673,0.0,1.0238,N,N,08/2020,Analyst
51-5112.00,1.A.3.a.3,Dynamic Strength,IM,1.88,8,0.2266,1.4309,2.3191,N,,08/2020,Analyst
51-5112.00,1.A.3.a.3,Dynamic Strength,LV,1.5,8,0.378,0.7592,2.2408,N,N,08/2020,Analyst
51-5112.00,1.A.3.a.4,Trunk Strength,IM,2.88,8,0.2266,2.4309,3.3191,N,,08/2020,Analyst
51-5112.00,1.A.3.a.4,Trunk Strength,LV,2.75,8,0.1637,2.4292,3.0708,N,N,08/2020,Analyst
51-5112.00,1.A.3.b.1,Stamina,IM,2.25,8,0.1637,1.9292,2.5708,N,,08/2020,Analyst
51-5112.00,1.A.3.b.1,Stamina,LV,2.0,8,0.0,2.0,2.0,N,N,08/2020,Analyst
51-5112.00,1.A.3.c.1,Extent Flexibility,IM,2.88,8,0.125,2.63,3.12,N,,08/2020,Analyst
51-5112.00,1.A.3.c.1,Extent Flexibility,LV,3.0,8,0.189,2.6296,3.3704,N,N,08/2020,Analyst
51-5112.00,1.A.3.c.2,Dynamic Flexibility,IM,1.12,8,0.125,1.0,1.37,N,,08/2020,Analyst
51-5112.00,1.A.3.c.2,Dynamic Flexibility,LV,0.12,8,0.125,0.0,0.37,N,Y,08/2020,Analyst
51-5112.00,1.A.3.c.3,Gross Body Coordination,IM,2.0,8,0.0,2.0,2.0,N,,08/2020,Analyst
51-5112.00,1.A.3.c.3,Gross Body Coordination,LV,2.12,8,0.125,1.88,2.37,N,N,08/2020,Analyst
51-5112.00,1.A.3.c.4,Gross Body Equilibrium,IM,1.88,8,0.125,1.63,2.12,N,,08/2020,Analyst
51-5112.00,1.A.3.c.4,Gross Body Equilibrium,LV,1.75,8,0.25,1.26,2.24,N,N,08/2020,Analyst
51-5112.00,1.A.4.a.1,Near Vision,IM,4.0,8,0.0,4.0,4.0,N,,08/2020,Analyst
51-5112.00,1.A.4.a.1,Near Vision,LV,4.12,8,0.125,3.88,4.37,N,N,08/2020,Analyst
51-5112.00,1.A.4.a.2,Far Vision,IM,3.0,8,0.189,2.6296,3.3704,N,,08/2020,Analyst
51-5112.00,1.A.4.a.2,Far Vision,LV,2.88,8,0.125,2.63,3.12,N,N,08/2020,Analyst
51-5112.00,1.A.4.a.3,Visual Color Discrimination,IM,3.0,8,0.0,3.0,3.0,N,,08/2020,Analyst
51-5112.00,1.A.4.a.3,Visual Color Discrimination,LV,3.12,8,0.125,2.88,3.37,N,N,08/2020,Analyst
51-5112.00,1.A.4.a.4,Night Vision,IM,1.0,8,0.0,1.0,1.0,N,,08/2020,Analyst
51-5112.00,1.A.4.a.4,Night Vision,LV,0.0,8,0.0,0.0,0.0,N,Y,08/2020,Analyst
51-5112.00,1.A.4.a.5,Peripheral Vision,IM,1.25,8,0.1637,1.0,1.5708,N,,08/2020,Analyst
51-5112.00,1.A.4.a.5,Peripheral Vision,LV,0.25,8,0.1637,0.0,0.5708,N,Y,08/2020,Analyst
51-5112.00,1.A.4.a.6,Depth Perception,IM,2.5,8,0.189,2.1296,2.8704,N,,08/2020,Analyst
51-5112.00,1.A.4.a.6,Depth Perception,LV,2.75,8,0.1637,2.4292,3.0708,N,N,08/2020,Analyst
51-5112.00,1.A.4.a.7,Glare Sensitivity,IM,1.25,8,0.1637,1.0,1.5708,N,,08/2020,Analyst
51-5112.00,1.A.4.a.7,Glare Sensitivity,LV,0.25,8,0.1637,0.0,0.5708,N,Y,08/2020,Analyst
51-5112.00,1.A.4.b.1,Hearing Sensitivity,IM,2.5,8,0.189,2.1296,2.8704,N,,08/2020,Analyst
51-5112.00,1.A.4.b.1,Hearing Sensitivity,LV,2.5,8,0.189,2.1296,2.8704,N,N,08/2020,Analyst
51-5112.00,1.A.4.b.2,Auditory Attention,IM,2.62,8,0.2631,2.1094,3.1406,N,,08/2020,Analyst
51-5112.00,1.A.4.b.2,Auditory Attention,LV,2.5,8,0.2673,1.9762,3.0238,N,N,08/2020,Analyst
51-5112.00,1.A.4.b.3,Sound Localization,IM,1.25,8,0.1637,1.0,1.5708,N,,08/2020,Analyst
51-5112.00,1.A.4.b.3,Sound Localization,LV,0.25,8,0.1637,0.0,0.5708,N,Y,08/2020,Analyst
51-5112.00,1.A.4.b.4,Speech Recognition,IM,3.12,8,0.125,2.88,3.37,N,,08/2020,Analyst
51-5112.00,1.A.4.b.4,Speech Recognition,LV,3.0,8,0.0,3.0,3.0,N,N,08/2020,Analyst
51-5112.00,1.A.4.b.5,Speech Clarity,IM,3.12,8,0.125,2.88,3.37,N,,08/2020,Analyst
51-5112.00,1.A.4.b.5,Speech Clarity,LV,3.0,8,0.0,3.0,3.0,N,N,08/2020,Analyst
51-5113.00,1.A.1.a.1,Oral Comprehension,IM,3.38,8,0.183,3.0164,3.7336,N,,07/2015,Analyst
51-5113.00,1.A.1.a.1,Oral Comprehension,LV,3.5,8,0.189,3.1296,3.8704,N,N,07/2015,Analyst
51-5113.00,1.A.1.a.2,Written Comprehension,IM,3.12,8,0.2266,2.6809,3.5691,N,,07/2015,Analyst
51-5113.00,1.A.1.a.2,Written Comprehension,LV,2.88,8,0.125,2.63,3.12,N,N,07/2015,Analyst
51-5113.00,1.A.1.a.3,Oral Expression,IM,3.38,8,0.183,3.0164,3.7336,N,,07/2015,Analyst
51-5113.00,1.A.1.a.3,Oral Expression,LV,3.38,8,0.183,3.0164,3.7336,N,N,07/2015,Analyst
51-5113.00,1.A.1.a.4,Written Expression,IM,2.88,8,0.125,2.63,3.12,N,,07/2015,Analyst
51-5113.00,1.A.1.a.4,Written Expression,LV,2.75,8,0.1637,2.4292,3.0708,N,N,07/2015,Analyst
51-5113.00,1.A.1.b.1,Fluency of Ideas,IM,2.5,8,0.189,2.1296,2.8704,N,,07/2015,Analyst
51-5113.00,1.A.1.b.1,Fluency of Ideas,LV,2.5,8,0.189,2.1296,2.8704,N,N,07/2015,Analyst
51-5113.00,1.A.1.b.2,Originality,IM,2.38,8,0.183,2.0164,2.7336,N,,07/2015,Analyst
51-5113.00,1.A.1.b.2,Originality,LV,2.38,8,0.183,2.0164,2.7336,N,N,07/2015,Analyst
51-5113.00,1.A.1.b.3,Problem Sensitivity,IM,3.5,8,0.189,3.1296,3.8704,N,,07/2015,Analyst
51-5113.00,1.A.1.b.3,Problem Sensitivity,LV,3.0,8,0.0,3.0,3.0,N,N,07/2015,Analyst
51-5113.00,1.A.1.b.4,Deductive Reasoning,IM,3.25,8,0.1637,2.9292,3.5708,N,,07/2015,Analyst
51-5113.00,1.A.1.b.4,Deductive Reasoning,LV,2.88,8,0.125,2.63,3.12,N,N,07/2015,Analyst
51-5113.00,1.A.1.b.5,Inductive Reasoning,IM,3.12,8,0.125,2.88,3.37,N,,07/2015,Analyst
51-5113.00,1.A.1.b.5,Inductive Reasoning,LV,2.88,8,0.125,2.63,3.12,N,N,07/2015,Analyst
51-5113.00,1.A.1.b.6,Information Ordering,IM,3.0,8,0.189,2.6296,3.3704,N,,07/2015,Analyst
51-5113.00,1.A.1.b.6,Information Ordering,LV,3.25,8,0.25,2.76,3.74,N,N,07/2015,Analyst
51-5113.00,1.A.1.b.7,Category Flexibility,IM,2.88,8,0.2266,2.4309,3.3191,N,,07/2015,Analyst
51-5113.00,1.A.1.b.7,Category Flexibility,LV,3.0,8,0.0,3.0,3.0,N,N,07/2015,Analyst
51-5113.00,1.A.1.c.1,Mathematical Reasoning,IM,2.0,8,0.0,2.0,2.0,N,,07/2015,Analyst
51-5113.00,1.A.1.c.1,Mathematical Reasoning,LV,1.75,8,0.25,1.26,2.24,N,N,07/2015,Analyst
51-5113.00,1.A.1.c.2,Number Facility,IM,2.0,8,0.0,2.0,2.0,N,,07/2015,Analyst
51-5113.00,1.A.1.c.2,Number Facility,LV,2.12,8,0.2266,1.6809,2.5691,N,N,07/2015,Analyst
51-5113.00,1.A.1.d.1,Memorization,IM,2.38,8,0.183,2.0164,2.7336,N,,07/2015,Analyst
51-5113.00,1.A.1.d.1,Memorization,LV,2.12,8,0.2266,1.6809,2.5691,N,N,07/2015,Analyst
51-5113.00,1.A.1.e.1,Speed of Closure,IM,2.38,8,0.183,2.0164,2.7336,N,,07/2015,Analyst
51-5113.00,1.A.1.e.1,Speed of Closure,LV,2.25,8,0.1637,1.9292,2.5708,N,N,07/2015,Analyst
51-5113.00,1.A.1.e.2,Flexibility of Closure,IM,2.88,8,0.295,2.2967,3.4533,N,,07/2015,Analyst
51-5113.00,1.A.1.e.2,Flexibility of Closure,LV,3.12,8,0.295,2.5467,3.7033,N,N,07/2015,Analyst
51-5113.00,1.A.1.e.3,Perceptual Speed,IM,2.88,8,0.295,2.2967,3.4533,N,,07/2015,Analyst
51-5113.00,1.A.1.e.3,Perceptual Speed,LV,3.12,8,0.295,2.5467,3.7033,N,N,07/2015,Analyst
51-5113.00,1.A.1.f.1,Spatial Orientation,IM,2.0,8,0.189,1.6296,2.3704,N,,07/2015,Analyst
51-5113.00,1.A.1.f.1,Spatial Orientation,LV,1.62,8,0.375,0.89,2.36,N,N,07/2015,Analyst
51-5113.00,1.A.1.f.2,Visualization,IM,3.25,8,0.1637,2.9292,3.5708,N,,07/2015,Analyst
51-5113.00,1.A.1.f.2,Visualization,LV,3.38,8,0.3239,2.7402,4.0098,N,N,07/2015,Analyst
51-5113.00,1.A.1.g.1,Selective Attention,IM,3.12,8,0.2266,2.6809,3.5691,N,,07/2015,Analyst
51-5113.00,1.A.1.g.1,Selective Attention,LV,2.88,8,0.125,2.63,3.12,N,N,07/2015,Analyst
51-5113.00,1.A.1.g.2,Time Sharing,IM,2.5,8,0.189,2.1296,2.8704,N,,07/2015,Analyst
51-5113.00,1.A.1.g.2,Time Sharing,LV,2.75,8,0.1637,2.4292,3.0708,N,N,07/2015,Analyst
51-5113.00,1.A.2.a.1,Arm-Hand Steadiness,IM,3.38,8,0.183,3.0164,3.7336,N,,07/2015,Analyst
51-5113.00,1.A.2.a.1,Arm-Hand Steadiness,LV,3.25,8,0.25,2.76,3.74,N,N,07/2015,Analyst
51-5113.00,1.A.2.a.2,Manual Dexterity,IM,3.38,8,0.183,3.0164,3.7336,N,,07/2015,Analyst
51-5113.00,1.A.2.a.2,Manual Dexterity,LV,3.12,8,0.2266,2.6809,3.5691,N,N,07/2015,Analyst
51-5113.00,1.A.2.a.3,Finger Dexterity,IM,3.5,8,0.189,3.1296,3.8704,N,,07/2015,Analyst
51-5113.00,1.A.2.a.3,Finger Dexterity,LV,3.25,8,0.25,2.76,3.74,N,N,07/2015,Analyst
51-5113.00,1.A.2.b.1,Control Precision,IM,3.12,8,0.2266,2.6809,3.5691,N,,07/2015,Analyst
51-5113.00,1.A.2.b.1,Control Precision,LV,3.25,8,0.366,2.5327,3.9673,N,N,07/2015,Analyst
51-5113.00,1.A.2.b.2,Multilimb Coordination,IM,3.0,8,0.2673,2.4762,3.5238,N,,07/2015,Analyst
51-5113.00,1.A.2.b.2,Multilimb Coordination,LV,2.75,8,0.3134,2.1358,3.3642,N,N,07/2015,Analyst
51-5113.00,1.A.2.b.3,Response Orientation,IM,2.12,8,0.125,1.88,2.37,N,,07/2015,Analyst
51-5113.00,1.A.2.b.3,Response Orientation,LV,2.25,8,0.3134,1.6358,2.8642,N,N,07/2015,Analyst
51-5113.00,1.A.2.b.4,Rate Control,IM,2.75,8,0.25,2.26,3.24,N,,07/2015,Analyst
51-5113.00,1.A.2.b.4,Rate Control,LV,2.5,8,0.3273,1.8584,3.1416,N,N,07/2015,Analyst
51-5113.00,1.A.2.c.1,Reaction Time,IM,2.88,8,0.2266,2.4309,3.3191,N,,07/2015,Analyst
51-5113.00,1.A.2.c.1,Reaction Time,LV,3.25,8,0.25,2.76,3.74,N,N,07/2015,Analyst
51-5113.00,1.A.2.c.2,Wrist-Finger Speed,IM,2.12,8,0.2266,1.6809,2.5691,N,,07/2015,Analyst
51-5113.00,1.A.2.c.2,Wrist-Finger Speed,LV,2.0,8,0.3273,1.3584,2.6416,N,N,07/2015,Analyst
51-5113.00,1.A.2.c.3,Speed of Limb Movement,IM,1.38,8,0.183,1.0164,1.7336,N,,07/2015,Analyst
51-5113.00,1.A.2.c.3,Speed of Limb Movement,LV,0.75,8,0.366,0.0327,1.4673,N,N,07/2015,Analyst
51-5113.00,1.A.3.a.1,Static Strength,IM,2.75,8,0.1637,2.4292,3.0708,N,,07/2015,Analyst
51-5113.00,1.A.3.a.1,Static Strength,LV,2.75,8,0.366,2.0327,3.4673,N,N,07/2015,Analyst
51-5113.00,1.A.3.a.2,Explosive Strength,IM,2.38,8,0.2631,1.8594,2.8906,N,,07/2015,Analyst
51-5113.00,1.A.3.a.2,Explosive Strength,LV,1.88,8,0.3504,1.1883,2.5617,N,N,07/2015,Analyst
51-5113.00,1.A.3.a.3,Dynamic Strength,IM,2.62,8,0.183,2.2664,2.9836,N,,07/2015,Analyst
51-5113.00,1.A.3.a.3,Dynamic Strength,LV,2.25,8,0.25,1.76,2.74,N,N,07/2015,Analyst
51-5113.00,1.A.3.a.4,Trunk Strength,IM,3.12,8,0.295,2.5467,3.7033,N,,07/2015,Analyst
51-5113.00,1.A.3.a.4,Trunk Strength,LV,3.0,8,0.2673,2.4762,3.5238,N,N,07/2015,Analyst
51-5113.00,1.A.3.b.1,Stamina,IM,2.5,8,0.189,2.1296,2.8704,N,,07/2015,Analyst
51-5113.00,1.A.3.b.1,Stamina,LV,2.62,8,0.2631,2.1094,3.1406,N,N,07/2015,Analyst
51-5113.00,1.A.3.c.1,Extent Flexibility,IM,2.75,8,0.3134,2.1358,3.3642,N,,07/2015,Analyst
51-5113.00,1.A.3.c.1,Extent Flexibility,LV,2.62,8,0.4199,1.8019,3.4481,N,N,07/2015,Analyst
51-5113.00,1.A.3.c.2,Dynamic Flexibility,IM,1.5,8,0.189,1.1296,1.8704,N,,07/2015,Analyst
51-5113.00,1.A.3.c.2,Dynamic Flexibility,LV,1.0,8,0.378,0.2592,1.7408,N,N,07/2015,Analyst
51-5113.00,1.A.3.c.3,Gross Body Coordination,IM,2.25,8,0.1637,1.9292,2.5708,N,,07/2015,Analyst
51-5113.00,1.A.3.c.3,Gross Body Coordination,LV,2.12,8,0.2266,1.6809,2.5691,N,N,07/2015,Analyst
51-5113.00,1.A.3.c.4,Gross Body Equilibrium,IM,2.25,8,0.1637,1.9292,2.5708,N,,07/2015,Analyst
51-5113.00,1.A.3.c.4,Gross Body Equilibrium,LV,1.75,8,0.25,1.26,2.24,N,N,07/2015,Analyst
51-5113.00,1.A.4.a.1,Near Vision,IM,3.5,8,0.189,3.1296,3.8704,N,,07/2015,Analyst
51-5113.00,1.A.4.a.1,Near Vision,LV,3.62,8,0.3239,2.9902,4.2598,N,N,07/2015,Analyst
51-5113.00,1.A.4.a.2,Far Vision,IM,2.75,8,0.25,2.26,3.24,N,,07/2015,Analyst
51-5113.00,1.A.4.a.2,Far Vision,LV,2.88,8,0.2266,2.4309,3.3191,N,N,07/2015,Analyst
51-5113.00,1.A.4.a.3,Visual Color Discrimination,IM,2.75,8,0.25,2.26,3.24,N,,07/2015,Analyst
51-5113.00,1.A.4.a.3,Visual Color Discrimination,LV,2.88,8,0.125,2.63,3.12,N,N,07/2015,Analyst
51-5113.00,1.A.4.a.4,Night Vision,IM,1.75,8,0.1637,1.4292,2.0708,N,,07/2015,Analyst
51-5113.00,1.A.4.a.4,Night Vision,LV,1.25,8,0.3134,0.6358,1.8642,N,N,07/2015,Analyst
51-5113.00,1.A.4.a.5,Peripheral Vision,IM,2.0,8,0.0,2.0,2.0,N,,07/2015,Analyst
51-5113.00,1.A.4.a.5,Peripheral Vision,LV,1.38,8,0.183,1.0164,1.7336,N,N,07/2015,Analyst
51-5113.00,1.A.4.a.6,Depth Perception,IM,2.5,8,0.189,2.1296,2.8704,N,,07/2015,Analyst
51-5113.00,1.A.4.a.6,Depth Perception,LV,2.25,8,0.25,1.76,2.74,N,N,07/2015,Analyst
51-5113.00,1.A.4.a.7,Glare Sensitivity,IM,1.75,8,0.1637,1.4292,2.0708,N,,07/2015,Analyst
51-5113.00,1.A.4.a.7,Glare Sensitivity,LV,1.25,8,0.3134,0.6358,1.8642,N,N,07/2015,Analyst
51-5113.00,1.A.4.b.1,Hearing Sensitivity,IM,2.5,8,0.189,2.1296,2.8704,N,,07/2015,Analyst
51-5113.00,1.A.4.b.1,Hearing Sensitivity,LV,2.75,8,0.25,2.26,3.24,N,N,07/2015,Analyst
51-5113.00,1.A.4.b.2,Auditory Attention,IM,2.62,8,0.2631,2.1094,3.1406,N,,07/2015,Analyst
51-5113.00,1.A.4.b.2,Auditory Attention,LV,2.75,8,0.3134,2.1358,3.3642,N,N,07/2015,Analyst
51-5113.00,1.A.4.b.3,Sound Localization,IM,1.88,8,0.125,1.63,2.12,N,,07/2015,Analyst
51-5113.00,1.A.4.b.3,Sound Localization,LV,1.75,8,0.3134,1.1358,2.3642,N,N,07/2015,Analyst
51-5113.00,1.A.4.b.4,Speech Recognition,IM,3.12,8,0.125,2.88,3.37,N,,07/2015,Analyst
51-5113.00,1.A.4.b.4,Speech Recognition,LV,2.75,8,0.1637,2.4292,3.0708,N,N,07/2015,Analyst
51-5113.00,1.A.4.b.5,Speech Clarity,IM,3.25,8,0.1637,2.9292,3.5708,N,,07/2015,Analyst
51-5113.00,1.A.4.b.5,Speech Clarity,LV,2.75,8,0.1637,2.4292,3.0708,N,N,07/2015,Analyst
51-6011.00,1.A.1.a.1,Oral Comprehension,IM,3.0,8,0.0,3.0,3.0,N,,07/2015,Analyst
51-6011.00,1.A.1.a.1,Oral Comprehension,LV,2.88,8,0.125,2.63,3.12,N,N,07/2015,Analyst
51-6011.00,1.A.1.a.2,Written Comprehension,IM,2.75,8,0.1637,2.4292,3.0708,N,,07/2015,Analyst
51-6011.00,1.A.1.a.2,Written Comprehension,LV,2.25,8,0.1637,1.9292,2.5708,N,N,07/2015,Analyst
51-6011.00,1.A.1.a.3,Oral Expression,IM,3.0,8,0.0,3.0,3.0,N,,07/2015,Analyst
51-6011.00,1.A.1.a.3,Oral Expression,LV,3.0,8,0.0,3.0,3.0,N,N,07/2015,Analyst
51-6011.00,1.A.1.a.4,Written Expression,IM,2.0,8,0.0,2.0,2.0,N,,07/2015,Analyst
51-6011.00,1.A.1.a.4,Written Expression,LV,2.0,8,0.0,2.0,2.0,N,N,07/2015,Analyst
51-6011.00,1.A.1.b.1,Fluency of Ideas,IM,2.12,8,0.125,1.88,2.37,N,,07/2015,Analyst
51-6011.00,1.A.1.b.1,Fluency of Ideas,LV,2.0,8,0.189,1.6296,2.3704,N,N,07/2015,Analyst
51-6011.00,1.A.1.b.2,Originality,IM,2.0,8,0.0,2.0,2.0,N,,07/2015,Analyst
51-6011.00,1.A.1.b.2,Originality,LV,2.0,8,0.189,1.6296,2.3704,N,N,07/2015,Analyst
51-6011.00,1.A.1.b.3,Problem Sensitivity,IM,2.88,8,0.125,2.63,3.12,N,,07/2015,Analyst
51-6011.00,1.A.1.b.3,Problem Sensitivity,LV,2.62,8,0.183,2.2664,2.9836,N,N,07/2015,Analyst
51-6011.00,1.A.1.b.4,Deductive Reasoning,IM,2.75,8,0.1637,2.4292,3.0708,N,,07/2015,Analyst
51-6011.00,1.A.1.b.4,Deductive Reasoning,LV,2.75,8,0.1637,2.4292,3.0708,N,N,07/2015,Analyst
51-6011.00,1.A.1.b.5,Inductive Reasoning,IM,2.75,8,0.1637,2.4292,3.0708,N,,07/2015,Analyst
51-6011.00,1.A.1.b.5,Inductive Reasoning,LV,2.5,8,0.189,2.1296,2.8704,N,N,07/2015,Analyst
51-6011.00,1.A.1.b.6,Information Ordering,IM,2.88,8,0.125,2.63,3.12,N,,07/2015,Analyst
51-6011.00,1.A.1.b.6,Information Ordering,LV,2.38,8,0.183,2.0164,2.7336,N,N,07/2015,Analyst
51-6011.00,1.A.1.b.7,Category Flexibility,IM,2.75,8,0.1637,2.4292,3.0708,N,,07/2015,Analyst
51-6011.00,1.A.1.b.7,Category Flexibility,LV,2.62,8,0.183,2.2664,2.9836,N,N,07/2015,Analyst
51-6011.00,1.A.1.c.1,Mathematical Reasoning,IM,1.62,8,0.183,1.2664,1.9836,N,,07/2015,Analyst
51-6011.00,1.A.1.c.1,Mathematical Reasoning,LV,1.12,8,0.3504,0.4383,1.8117,N,N,07/2015,Analyst
51-6011.00,1.A.1.c.2,Number Facility,IM,1.62,8,0.183,1.2664,1.9836,N,,07/2015,Analyst
51-6011.00,1.A.1.c.2,Number Facility,LV,1.12,8,0.3504,0.4383,1.8117,N,N,07/2015,Analyst
51-6011.00,1.A.1.d.1,Memorization,IM,1.75,8,0.1637,1.4292,2.0708,N,,07/2015,Analyst
51-6011.00,1.A.1.d.1,Memorization,LV,1.5,8,0.3273,0.8584,2.1416,N,N,07/2015,Analyst
51-6011.00,1.A.1.e.1,Speed of Closure,IM,2.0,8,0.0,2.0,2.0,N,,07/2015,Analyst
51-6011.00,1.A.1.e.1,Speed of Closure,LV,1.75,8,0.1637,1.4292,2.0708,N,N,07/2015,Analyst
51-6011.00,1.A.1.e.2,Flexibility of Closure,IM,2.38,8,0.183,2.0164,2.7336,N,,07/2015,Analyst
51-6011.00,1.A.1.e.2,Flexibility of Closure,LV,2.25,8,0.1637,1.9292,2.5708,N,N,07/2015,Analyst
51-6011.00,1.A.1.e.3,Perceptual Speed,IM,2.38,8,0.183,2.0164,2.7336,N,,07/2015,Analyst
51-6011.00,1.A.1.e.3,Perceptual Speed,LV,2.12,8,0.125,1.88,2.37,N,N,07/2015,Analyst
51-6011.00,1.A.1.f.1,Spatial Orientation,IM,1.0,8,0.0,1.0,1.0,N,,07/2015,Analyst
51-6011.00,1.A.1.f.1,Spatial Orientation,LV,0.0,8,0.0,0.0,0.0,N,Y,07/2015,Analyst
51-6011.00,1.A.1.f.2,Visualization,IM,2.38,8,0.183,2.0164,2.7336,N,,07/2015,Analyst
51-6011.00,1.A.1.f.2,Visualization,LV,2.0,8,0.0,2.0,2.0,N,N,07/2015,Analyst
51-6011.00,1.A.1.g.1,Selective Attention,IM,2.75,8,0.1637,2.4292,3.0708,N,,07/2015,Analyst
51-6011.00,1.A.1.g.1,Selective Attention,LV,2.38,8,0.183,2.0164,2.7336,N,N,07/2015,Analyst
51-6011.00,1.A.1.g.2,Time Sharing,IM,2.25,8,0.1637,1.9292,2.5708,N,,07/2015,Analyst
51-6011.00,1.A.1.g.2,Time Sharing,LV,2.0,8,0.0,2.0,2.0,N,N,07/2015,Analyst
51-6011.00,1.A.2.a.1,Arm-Hand Steadiness,IM,3.25,8,0.1637,2.9292,3.5708,N,,07/2015,Analyst
51-6011.00,1.A.2.a.1,Arm-Hand Steadiness,LV,2.88,8,0.2266,2.4309,3.3191,N,N,07/2015,Analyst
51-6011.00,1.A.2.a.2,Manual Dexterity,IM,3.0,8,0.0,3.0,3.0,N,,07/2015,Analyst
51-6011.00,1.A.2.a.2,Manual Dexterity,LV,2.62,8,0.2631,2.1094,3.1406,N,N,07/2015,Analyst
51-6011.00,1.A.2.a.3,Finger Dexterity,IM,2.88,8,0.125,2.63,3.12,N,,07/2015,Analyst
51-6011.00,1.A.2.a.3,Finger Dexterity,LV,3.0,8,0.0,3.0,3.0,N,N,07/2015,Analyst
51-6011.00,1.A.2.b.1,Control Precision,IM,3.0,8,0.0,3.0,3.0,N,,07/2015,Analyst
51-6011.00,1.A.2.b.1,Control Precision,LV,3.12,8,0.125,2.88,3.37,N,N,07/2015,Analyst
51-6011.00,1.A.2.b.2,Multilimb Coordination,IM,2.88,8,0.125,2.63,3.12,N,,07/2015,Analyst
51-6011.00,1.A.2.b.2,Multilimb Coordination,LV,2.25,8,0.1637,1.9292,2.5708,N,N,07/2015,Analyst
51-6011.00,1.A.2.b.3,Response Orientation,IM,1.75,8,0.1637,1.4292,2.0708,N,,07/2015,Analyst
51-6011.00,1.A.2.b.3,Response Orientation,LV,1.38,8,0.3239,0.7402,2.0098,N,N,07/2015,Analyst
51-6011.00,1.A.2.b.4,Rate Control,IM,2.25,8,0.1637,1.9292,2.5708,N,,07/2015,Analyst
51-6011.00,1.A.2.b.4,Rate Control,LV,2.12,8,0.125,1.88,2.37,N,N,07/2015,Analyst
51-6011.00,1.A.2.c.1,Reaction Time,IM,2.25,8,0.1637,1.9292,2.5708,N,,07/2015,Analyst
51-6011.00,1.A.2.c.1,Reaction Time,LV,2.12,8,0.125,1.88,2.37,N,N,07/2015,Analyst
51-6011.00,1.A.2.c.2,Wrist-Finger Speed,IM,1.5,8,0.189,1.1296,1.8704,N,,07/2015,Analyst
51-6011.00,1.A.2.c.2,Wrist-Finger Speed,LV,1.0,8,0.378,0.2592,1.7408,N,N,07/2015,Analyst
51-6011.00,1.A.2.c.3,Speed of Limb Movement,IM,1.62,8,0.183,1.2664,1.9836,N,,07/2015,Analyst
51-6011.00,1.A.2.c.3,Speed of Limb Movement,LV,0.62,8,0.183,0.2664,0.9836,N,N,07/2015,Analyst
51-6011.00,1.A.3.a.1,Static Strength,IM,2.25,8,0.1637,1.9292,2.5708,N,,07/2015,Analyst
51-6011.00,1.A.3.a.1,Static Strength,LV,2.12,8,0.125,1.88,2.37,N,N,07/2015,Analyst
51-6011.00,1.A.3.a.2,Explosive Strength,IM,1.75,8,0.25,1.26,2.24,N,,07/2015,Analyst
51-6011.00,1.A.3.a.2,Explosive Strength,LV,1.12,8,0.3981,0.3447,1.9053,N,N,07/2015,Analyst
51-6011.00,1.A.3.a.3,Dynamic Strength,IM,2.25,8,0.1637,1.9292,2.5708,N,,07/2015,Analyst
51-6011.00,1.A.3.a.3,Dynamic Strength,LV,2.12,8,0.125,1.88,2.37,N,N,07/2015,Analyst
51-6011.00,1.A.3.a.4,Trunk Strength,IM,2.88,8,0.125,2.63,3.12,N,,07/2015,Analyst
51-6011.00,1.A.3.a.4,Trunk Strength,LV,3.0,8,0.189,2.6296,3.3704,N,N,07/2015,Analyst
51-6011.00,1.A.3.b.1,Stamina,IM,2.25,8,0.1637,1.9292,2.5708,N,,07/2015,Analyst
51-6011.00,1.A.3.b.1,Stamina,LV,2.12,8,0.2266,1.6809,2.5691,N,N,07/2015,Analyst
51-6011.00,1.A.3.c.1,Extent Flexibility,IM,2.38,8,0.183,2.0164,2.7336,N,,07/2015,Analyst
51-6011.00,1.A.3.c.1,Extent Flexibility,LV,2.38,8,0.2631,1.8594,2.8906,N,N,07/2015,Analyst
51-6011.00,1.A.3.c.2,Dynamic Flexibility,IM,1.25,8,0.1637,1.0,1.5708,N,,07/2015,Analyst
51-6011.00,1.A.3.c.2,Dynamic Flexibility,LV,0.38,8,0.2631,0.0,0.8906,N,Y,07/2015,Analyst
51-6011.00,1.A.3.c.3,Gross Body Coordination,IM,2.25,8,0.1637,1.9292,2.5708,N,,07/2015,Analyst
51-6011.00,1.A.3.c.3,Gross Body Coordination,LV,2.0,8,0.189,1.6296,2.3704,N,N,07/2015,Analyst
51-6011.00,1.A.3.c.4,Gross Body Equilibrium,IM,2.12,8,0.125,1.88,2.37,N,,07/2015,Analyst
51-6011.00,1.A.3.c.4,Gross Body Equilibrium,LV,1.62,8,0.2631,1.1094,2.1406,N,N,07/2015,Analyst
51-6011.00,1.A.4.a.1,Near Vision,IM,3.0,8,0.189,2.6296,3.3704,N,,07/2015,Analyst
51-6011.00,1.A.4.a.1,Near Vision,LV,3.12,8,0.125,2.88,3.37,N,N,07/2015,Analyst
51-6011.00,1.A.4.a.2,Far Vision,IM,2.25,8,0.1637,1.9292,2.5708,N,,07/2015,Analyst
51-6011.00,1.A.4.a.2,Far Vision,LV,2.25,8,0.1637,1.9292,2.5708,N,N,07/2015,Analyst
51-6011.00,1.A.4.a.3,Visual Color Discrimination,IM,2.75,8,0.1637,2.4292,3.0708,N,,07/2015,Analyst
51-6011.00,1.A.4.a.3,Visual Color Discrimination,LV,2.25,8,0.1637,1.9292,2.5708,N,N,07/2015,Analyst
51-6011.00,1.A.4.a.4,Night Vision,IM,1.0,8,0.0,1.0,1.0,N,,07/2015,Analyst
51-6011.00,1.A.4.a.4,Night Vision,LV,0.0,8,0.0,0.0,0.0,N,Y,07/2015,Analyst
51-6011.00,1.A.4.a.5,Peripheral Vision,IM,1.0,8,0.0,1.0,1.0,N,,07/2015,Analyst
51-6011.00,1.A.4.a.5,Peripheral Vision,LV,0.0,8,0.0,0.0,0.0,N,Y,07/2015,Analyst
51-6011.00,1.A.4.a.6,Depth Perception,IM,2.0,8,0.0,2.0,2.0,N,,07/2015,Analyst
51-6011.00,1.A.4.a.6,Depth Perception,LV,1.38,8,0.183,1.0164,1.7336,N,N,07/2015,Analyst
51-6011.00,1.A.4.a.7,Glare Sensitivity,IM,1.0,8,0.0,1.0,1.0,N,,07/2015,Analyst
51-6011.00,1.A.4.a.7,Glare Sensitivity,LV,0.0,8,0.0,0.0,0.0,N,Y,07/2015,Analyst
51-6011.00,1.A.4.b.1,Hearing Sensitivity,IM,2.0,8,0.0,2.0,2.0,N,,07/2015,Analyst
51-6011.00,1.A.4.b.1,Hearing Sensitivity,LV,2.0,8,0.0,2.0,2.0,N,N,07/2015,Analyst
51-6011.00,1.A.4.b.2,Auditory Attention,IM,2.25,8,0.1637,1.9292,2.5708,N,,07/2015,Analyst
51-6011.00,1.A.4.b.2,Auditory Attention,LV,2.0,8,0.0,2.0,2.0,N,N,07/2015,Analyst
51-6011.00,1.A.4.b.3,Sound Localization,IM,1.0,8,0.0,1.0,1.0,N,,07/2015,Analyst
51-6011.00,1.A.4.b.3,Sound Localization,LV,0.0,8,0.0,0.0,0.0,N,Y,07/2015,Analyst
51-6011.00,1.A.4.b.4,Speech Recognition,IM,3.0,8,0.0,3.0,3.0,N,,07/2015,Analyst
51-6011.00,1.A.4.b.4,Speech Recognition,LV,2.25,8,0.1637,1.9292,2.5708,N,N,07/2015,Analyst
51-6011.00,1.A.4.b.5,Speech Clarity,IM,2.88,8,0.125,2.63,3.12,N,,07/2015,Analyst
51-6011.00,1.A.4.b.5,Speech Clarity,LV,2.5,8,0.189,2.1296,2.8704,N,N,07/2015,Analyst
51-6021.00,1.A.1.a.1,Oral Comprehension,IM,2.5,8,0.189,2.1296,2.8704,N,,07/2017,Analyst
51-6021.00,1.A.1.a.1,Oral Comprehension,LV,2.0,8,0.189,1.6296,2.3704,N,N,07/2017,Analyst
51-6021.00,1.A.1.a.2,Written Comprehension,IM,1.88,8,0.125,1.63,2.12,N,,07/2017,Analyst
51-6021.00,1.A.1.a.2,Written Comprehension,LV,1.75,8,0.25,1.26,2.24,N,N,07/2017,Analyst
51-6021.00,1.A.1.a.3,Oral Expression,IM,2.25,8,0.1637,1.9292,2.5708,N,,07/2017,Analyst
51-6021.00,1.A.1.a.3,Oral Expression,LV,2.0,8,0.189,1.6296,2.3704,N,N,07/2017,Analyst
51-6021.00,1.A.1.a.4,Written Expression,IM,1.88,8,0.125,1.63,2.12,N,,07/2017,Analyst
51-6021.00,1.A.1.a.4,Written Expression,LV,1.25,8,0.25,0.76,1.74,N,N,07/2017,Analyst
51-6021.00,1.A.1.b.1,Fluency of Ideas,IM,2.0,8,0.0,2.0,2.0,N,,07/2017,Analyst
51-6021.00,1.A.1.b.1,Fluency of Ideas,LV,1.38,8,0.183,1.0164,1.7336,N,N,07/2017,Analyst
51-6021.00,1.A.1.b.2,Originality,IM,1.88,8,0.125,1.63,2.12,N,,07/2017,Analyst
51-6021.00,1.A.1.b.2,Originality,LV,1.25,8,0.25,0.76,1.74,N,N,07/2017,Analyst
51-6021.00,1.A.1.b.3,Problem Sensitivity,IM,2.62,8,0.183,2.2664,2.9836,N,,07/2017,Analyst
51-6021.00,1.A.1.b.3,Problem Sensitivity,LV,2.12,8,0.125,1.88,2.37,N,N,07/2017,Analyst
51-6021.00,1.A.1.b.4,Deductive Reasoning,IM,2.5,8,0.189,2.1296,2.8704,N,,07/2017,Analyst
51-6021.00,1.A.1.b.4,Deductive Reasoning,LV,2.12,8,0.125,1.88,2.37,N,N,07/2017,Analyst
51-6021.00,1.A.1.b.5,Inductive Reasoning,IM,2.38,8,0.183,2.0164,2.7336,N,,07/2017,Analyst
51-6021.00,1.A.1.b.5,Inductive Reasoning,LV,2.12,8,0.125,1.88,2.37,N,N,07/2017,Analyst
51-6021.00,1.A.1.b.6,Information Ordering,IM,2.5,8,0.189,2.1296,2.8704,N,,07/2017,Analyst
51-6021.00,1.A.1.b.6,Information Ordering,LV,2.12,8,0.125,1.88,2.37,N,N,07/2017,Analyst
51-6021.00,1.A.1.b.7,Category Flexibility,IM,2.25,8,0.1637,1.9292,2.5708,N,,07/2017,Analyst
51-6021.00,1.A.1.b.7,Category Flexibility,LV,2.25,8,0.1637,1.9292,2.5708,N,N,07/2017,Analyst
51-6021.00,1.A.1.c.1,Mathematical Reasoning,IM,1.62,8,0.183,1.2664,1.9836,N,,07/2017,Analyst
51-6021.00,1.A.1.c.1,Mathematical Reasoning,LV,0.62,8,0.183,0.2664,0.9836,N,N,07/2017,Analyst
51-6021.00,1.A.1.c.2,Number Facility,IM,1.62,8,0.183,1.2664,1.9836,N,,07/2017,Analyst
51-6021.00,1.A.1.c.2,Number Facility,LV,0.62,8,0.183,0.2664,0.9836,N,N,07/2017,Analyst
51-6021.00,1.A.1.d.1,Memorization,IM,1.88,8,0.125,1.63,2.12,N,,07/2017,Analyst
51-6021.00,1.A.1.d.1,Memorization,LV,0.88,8,0.125,0.63,1.12,N,N,07/2017,Analyst
51-6021.00,1.A.1.e.1,Speed of Closure,IM,1.88,8,0.2266,1.4309,2.3191,N,,07/2017,Analyst
51-6021.00,1.A.1.e.1,Speed of Closure,LV,0.88,8,0.2266,0.4309,1.3191,N,N,07/2017,Analyst
51-6021.00,1.A.1.e.2,Flexibility of Closure,IM,2.12,8,0.125,1.88,2.37,N,,07/2017,Analyst
51-6021.00,1.A.1.e.2,Flexibility of Closure,LV,2.38,8,0.183,2.0164,2.7336,N,N,07/2017,Analyst
51-6021.00,1.A.1.e.3,Perceptual Speed,IM,2.25,8,0.1637,1.9292,2.5708,N,,07/2017,Analyst
51-6021.00,1.A.1.e.3,Perceptual Speed,LV,2.25,8,0.1637,1.9292,2.5708,N,N,07/2017,Analyst
51-6021.00,1.A.1.f.1,Spatial Orientation,IM,1.0,8,0.0,1.0,1.0,N,,07/2017,Analyst
51-6021.00,1.A.1.f.1,Spatial Orientation,LV,0.0,8,0.0,0.0,0.0,N,Y,07/2017,Analyst
51-6021.00,1.A.1.f.2,Visualization,IM,2.12,8,0.125,1.88,2.37,N,,07/2017,Analyst
51-6021.00,1.A.1.f.2,Visualization,LV,2.0,8,0.0,2.0,2.0,N,N,07/2017,Analyst
51-6021.00,1.A.1.g.1,Selective Attention,IM,2.5,8,0.189,2.1296,2.8704,N,,07/2017,Analyst
51-6021.00,1.A.1.g.1,Selective Attention,LV,2.25,8,0.1637,1.9292,2.5708,N,N,07/2017,Analyst
51-6021.00,1.A.1.g.2,Time Sharing,IM,1.62,8,0.183,1.2664,1.9836,N,,07/2017,Analyst
51-6021.00,1.A.1.g.2,Time Sharing,LV,0.62,8,0.183,0.2664,0.9836,N,N,07/2017,Analyst
51-6021.00,1.A.2.a.1,Arm-Hand Steadiness,IM,3.38,8,0.183,3.0164,3.7336,N,,07/2017,Analyst
51-6021.00,1.A.2.a.1,Arm-Hand Steadiness,LV,3.38,8,0.183,3.0164,3.7336,N,N,07/2017,Analyst
51-6021.00,1.A.2.a.2,Manual Dexterity,IM,3.62,8,0.183,3.2664,3.9836,N,,07/2017,Analyst
51-6021.00,1.A.2.a.2,Manual Dexterity,LV,3.0,8,0.0,3.0,3.0,N,N,07/2017,Analyst
51-6021.00,1.A.2.a.3,Finger Dexterity,IM,3.12,8,0.125,2.88,3.37,N,,07/2017,Analyst
51-6021.00,1.A.2.a.3,Finger Dexterity,LV,3.12,8,0.125,2.88,3.37,N,N,07/2017,Analyst
51-6021.00,1.A.2.b.1,Control Precision,IM,3.25,8,0.1637,2.9292,3.5708,N,,07/2017,Analyst
51-6021.00,1.A.2.b.1,Control Precision,LV,3.12,8,0.125,2.88,3.37,N,N,07/2017,Analyst
51-6021.00,1.A.2.b.2,Multilimb Coordination,IM,3.12,8,0.125,2.88,3.37,N,,07/2017,Analyst
51-6021.00,1.A.2.b.2,Multilimb Coordination,LV,3.12,8,0.125,2.88,3.37,N,N,07/2017,Analyst
51-6021.00,1.A.2.b.3,Response Orientation,IM,2.25,8,0.25,1.76,2.74,N,,07/2017,Analyst
51-6021.00,1.A.2.b.3,Response Orientation,LV,2.0,8,0.3273,1.3584,2.6416,N,N,07/2017,Analyst
51-6021.00,1.A.2.b.4,Rate Control,IM,2.88,8,0.125,2.63,3.12,N,,07/2017,Analyst
51-6021.00,1.A.2.b.4,Rate Control,LV,2.62,8,0.183,2.2664,2.9836,N,N,07/2017,Analyst
51-6021.00,1.A.2.c.1,Reaction Time,IM,3.0,8,0.189,2.6296,3.3704,N,,07/2017,Analyst
51-6021.00,1.A.2.c.1,Reaction Time,LV,3.0,8,0.189,2.6296,3.3704,N,N,07/2017,Analyst
51-6021.00,1.A.2.c.2,Wrist-Finger Speed,IM,2.25,8,0.25,1.76,2.74,N,,07/2017,Analyst
51-6021.00,1.A.2.c.2,Wrist-Finger Speed,LV,2.0,8,0.378,1.2592,2.7408,N,N,07/2017,Analyst
51-6021.00,1.A.2.c.3,Speed of Limb Movement,IM,2.38,8,0.2631,1.8594,2.8906,N,,07/2017,Analyst
51-6021.00,1.A.2.c.3,Speed of Limb Movement,LV,1.75,8,0.3134,1.1358,2.3642,N,N,07/2017,Analyst
51-6021.00,1.A.3.a.1,Static Strength,IM,2.5,8,0.2673,1.9762,3.0238,N,,07/2017,Analyst
51-6021.00,1.A.3.a.1,Static Strength,LV,2.25,8,0.1637,1.9292,2.5708,N,N,07/2017,Analyst
51-6021.00,1.A.3.a.2,Explosive Strength,IM,1.62,8,0.2631,1.1094,2.1406,N,,07/2017,Analyst
51-6021.00,1.A.3.a.2,Explosive Strength,LV,0.88,8,0.3981,0.0947,1.6553,N,N,07/2017,Analyst
51-6021.00,1.A.3.a.3,Dynamic Strength,IM,2.75,8,0.25,2.26,3.24,N,,07/2017,Analyst
51-6021.00,1.A.3.a.3,Dynamic Strength,LV,2.25,8,0.1637,1.9292,2.5708,N,N,07/2017,Analyst
51-6021.00,1.A.3.a.4,Trunk Strength,IM,3.0,8,0.189,2.6296,3.3704,N,,07/2017,Analyst
51-6021.00,1.A.3.a.4,Trunk Strength,LV,2.88,8,0.2266,2.4309,3.3191,N,N,07/2017,Analyst
51-6021.00,1.A.3.b.1,Stamina,IM,2.62,8,0.2631,2.1094,3.1406,N,,07/2017,Analyst
51-6021.00,1.A.3.b.1,Stamina,LV,2.25,8,0.1637,1.9292,2.5708,N,N,07/2017,Analyst
51-6021.00,1.A.3.c.1,Extent Flexibility,IM,2.88,8,0.2266,2.4309,3.3191,N,,07/2017,Analyst
51-6021.00,1.A.3.c.1,Extent Flexibility,LV,2.88,8,0.2266,2.4309,3.3191,N,N,07/2017,Analyst
51-6021.00,1.A.3.c.2,Dynamic Flexibility,IM,1.62,8,0.2631,1.1094,2.1406,N,,07/2017,Analyst
51-6021.00,1.A.3.c.2,Dynamic Flexibility,LV,0.75,8,0.366,0.0327,1.4673,N,N,07/2017,Analyst
51-6021.00,1.A.3.c.3,Gross Body Coordination,IM,2.12,8,0.125,1.88,2.37,N,,07/2017,Analyst
51-6021.00,1.A.3.c.3,Gross Body Coordination,LV,2.0,8,0.0,2.0,2.0,N,N,07/2017,Analyst
51-6021.00,1.A.3.c.4,Gross Body Equilibrium,IM,1.88,8,0.125,1.63,2.12,N,,07/2017,Analyst
51-6021.00,1.A.3.c.4,Gross Body Equilibrium,LV,1.12,8,0.2266,0.6809,1.5691,N,N,07/2017,Analyst
51-6021.00,1.A.4.a.1,Near Vision,IM,3.25,8,0.1637,2.9292,3.5708,N,,07/2017,Analyst
51-6021.00,1.A.4.a.1,Near Vision,LV,3.0,8,0.0,3.0,3.0,N,N,07/2017,Analyst
51-6021.00,1.A.4.a.2,Far Vision,IM,2.5,8,0.189,2.1296,2.8704,N,,07/2017,Analyst
51-6021.00,1.A.4.a.2,Far Vision,LV,2.38,8,0.183,2.0164,2.7336,N,N,07/2017,Analyst
51-6021.00,1.A.4.a.3,Visual Color Discrimination,IM,2.25,8,0.1637,1.9292,2.5708,N,,07/2017,Analyst
51-6021.00,1.A.4.a.3,Visual Color Discrimination,LV,2.25,8,0.1637,1.9292,2.5708,N,N,07/2017,Analyst
51-6021.00,1.A.4.a.4,Night Vision,IM,1.0,8,0.0,1.0,1.0,N,,07/2017,Analyst
51-6021.00,1.A.4.a.4,Night Vision,LV,0.0,8,0.0,0.0,0.0,N,Y,07/2017,Analyst
51-6021.00,1.A.4.a.5,Peripheral Vision,IM,1.0,8,0.0,1.0,1.0,N,,07/2017,Analyst
51-6021.00,1.A.4.a.5,Peripheral Vision,LV,0.0,8,0.0,0.0,0.0,N,Y,07/2017,Analyst
51-6021.00,1.A.4.a.6,Depth Perception,IM,2.38,8,0.183,2.0164,2.7336,N,,07/2017,Analyst
51-6021.00,1.A.4.a.6,Depth Perception,LV,2.38,8,0.183,2.0164,2.7336,N,N,07/2017,Analyst
51-6021.00,1.A.4.a.7,Glare Sensitivity,IM,1.0,8,0.0,1.0,1.0,N,,07/2017,Analyst
51-6021.00,1.A.4.a.7,Glare Sensitivity,LV,0.0,8,0.0,0.0,0.0,N,Y,07/2017,Analyst
51-6021.00,1.A.4.b.1,Hearing Sensitivity,IM,2.12,8,0.2266,1.6809,2.5691,N,,07/2017,Analyst
51-6021.00,1.A.4.b.1,Hearing Sensitivity,LV,1.75,8,0.25,1.26,2.24,N,N,07/2017,Analyst
51-6021.00,1.A.4.b.2,Auditory Attention,IM,2.12,8,0.125,1.88,2.37,N,,07/2017,Analyst
51-6021.00,1.A.4.b.2,Auditory Attention,LV,2.12,8,0.125,1.88,2.37,N,N,07/2017,Analyst
51-6021.00,1.A.4.b.3,Sound Localization,IM,1.0,8,0.0,1.0,1.0,N,,07/2017,Analyst
51-6021.00,1.A.4.b.3,Sound Localization,LV,0.0,8,0.0,0.0,0.0,N,Y,07/2017,Analyst
51-6021.00,1.A.4.b.4,Speech Recognition,IM,2.25,8,0.1637,1.9292,2.5708,N,,07/2017,Analyst
51-6021.00,1.A.4.b.4,Speech Recognition,LV,2.0,8,0.189,1.6296,2.3704,N,N,07/2017,Analyst
51-6021.00,1.A.4.b.5,Speech Clarity,IM,2.0,8,0.189,1.6296,2.3704,N,,07/2017,Analyst
51-6021.00,1.A.4.b.5,Speech Clarity,LV,1.75,8,0.25,1.26,2.24,N,N,07/2017,Analyst
51-6031.00,1.A.1.a.1,Oral Comprehension,IM,2.88,8,0.125,2.63,3.12,N,,07/2017,Analyst
51-6031.00,1.A.1.a.1,Oral Comprehension,LV,2.38,8,0.183,2.0164,2.7336,N,N,07/2017,Analyst
51-6031.00,1.A.1.a.2,Written Comprehension,IM,2.62,8,0.183,2.2664,2.9836,N,,07/2017,Analyst
51-6031.00,1.A.1.a.2,Written Comprehension,LV,2.5,8,0.189,2.1296,2.8704,N,N,07/2017,Analyst
51-6031.00,1.A.1.a.3,Oral Expression,IM,2.88,8,0.125,2.63,3.12,N,,07/2017,Analyst
51-6031.00,1.A.1.a.3,Oral Expression,LV,2.5,8,0.189,2.1296,2.8704,N,N,07/2017,Analyst
51-6031.00,1.A.1.a.4,Written Expression,IM,2.0,8,0.0,2.0,2.0,N,,07/2017,Analyst
51-6031.00,1.A.1.a.4,Written Expression,LV,1.88,8,0.125,1.63,2.12,N,N,07/2017,Analyst
51-6031.00,1.A.1.b.1,Fluency of Ideas,IM,1.88,8,0.125,1.63,2.12,N,,07/2017,Analyst
51-6031.00,1.A.1.b.1,Fluency of Ideas,LV,1.38,8,0.2631,0.8594,1.8906,N,N,07/2017,Analyst
51-6031.00,1.A.1.b.2,Originality,IM,1.75,8,0.1637,1.4292,2.0708,N,,07/2017,Analyst
51-6031.00,1.A.1.b.2,Originality,LV,1.25,8,0.3134,0.6358,1.8642,N,N,07/2017,Analyst
51-6031.00,1.A.1.b.3,Problem Sensitivity,IM,3.0,8,0.0,3.0,3.0,N,,07/2017,Analyst
51-6031.00,1.A.1.b.3,Problem Sensitivity,LV,2.75,8,0.1637,2.4292,3.0708,N,N,07/2017,Analyst
51-6031.00,1.A.1.b.4,Deductive Reasoning,IM,3.0,8,0.0,3.0,3.0,N,,07/2017,Analyst
51-6031.00,1.A.1.b.4,Deductive Reasoning,LV,2.75,8,0.1637,2.4292,3.0708,N,N,07/2017,Analyst
51-6031.00,1.A.1.b.5,Inductive Reasoning,IM,2.88,8,0.125,2.63,3.12,N,,07/2017,Analyst
51-6031.00,1.A.1.b.5,Inductive Reasoning,LV,2.12,8,0.2266,1.6809,2.5691,N,N,07/2017,Analyst
51-6031.00,1.A.1.b.6,Information Ordering,IM,3.12,8,0.125,2.88,3.37,N,,07/2017,Analyst
51-6031.00,1.A.1.b.6,Information Ordering,LV,2.62,8,0.183,2.2664,2.9836,N,N,07/2017,Analyst
51-6031.00,1.A.1.b.7,Category Flexibility,IM,2.88,8,0.125,2.63,3.12,N,,07/2017,Analyst
51-6031.00,1.A.1.b.7,Category Flexibility,LV,2.88,8,0.125,2.63,3.12,N,N,07/2017,Analyst
51-6031.00,1.A.1.c.1,Mathematical Reasoning,IM,2.0,8,0.0,2.0,2.0,N,,07/2017,Analyst
51-6031.00,1.A.1.c.1,Mathematical Reasoning,LV,1.62,8,0.183,1.2664,1.9836,N,N,07/2017,Analyst
51-6031.00,1.A.1.c.2,Number Facility,IM,2.0,8,0.0,2.0,2.0,N,,07/2017,Analyst
51-6031.00,1.A.1.c.2,Number Facility,LV,1.62,8,0.183,1.2664,1.9836,N,N,07/2017,Analyst
51-6031.00,1.A.1.d.1,Memorization,IM,1.88,8,0.125,1.63,2.12,N,,07/2017,Analyst
51-6031.00,1.A.1.d.1,Memorization,LV,1.0,8,0.189,0.6296,1.3704,N,N,07/2017,Analyst
51-6031.00,1.A.1.e.1,Speed of Closure,IM,2.0,8,0.0,2.0,2.0,N,,07/2017,Analyst
51-6031.00,1.A.1.e.1,Speed of Closure,LV,2.0,8,0.0,2.0,2.0,N,N,07/2017,Analyst
51-6031.00,1.A.1.e.2,Flexibility of Closure,IM,2.75,8,0.1637,2.4292,3.0708,N,,07/2017,Analyst
51-6031.00,1.A.1.e.2,Flexibility of Closure,LV,2.62,8,0.183,2.2664,2.9836,N,N,07/2017,Analyst
51-6031.00,1.A.1.e.3,Perceptual Speed,IM,2.88,8,0.125,2.63,3.12,N,,07/2017,Analyst
51-6031.00,1.A.1.e.3,Perceptual Speed,LV,2.62,8,0.183,2.2664,2.9836,N,N,07/2017,Analyst
51-6031.00,1.A.1.f.1,Spatial Orientation,IM,1.12,8,0.125,1.0,1.37,N,,07/2017,Analyst
51-6031.00,1.A.1.f.1,Spatial Orientation,LV,0.12,8,0.125,0.0,0.37,N,Y,07/2017,Analyst
51-6031.00,1.A.1.f.2,Visualization,IM,3.0,8,0.0,3.0,3.0,N,,07/2017,Analyst
51-6031.00,1.A.1.f.2,Visualization,LV,3.0,8,0.0,3.0,3.0,N,N,07/2017,Analyst
51-6031.00,1.A.1.g.1,Selective Attention,IM,2.88,8,0.2266,2.4309,3.3191,N,,07/2017,Analyst
51-6031.00,1.A.1.g.1,Selective Attention,LV,2.5,8,0.2673,1.9762,3.0238,N,N,07/2017,Analyst
51-6031.00,1.A.1.g.2,Time Sharing,IM,2.0,8,0.0,2.0,2.0,N,,07/2017,Analyst
51-6031.00,1.A.1.g.2,Time Sharing,LV,2.12,8,0.125,1.88,2.37,N,N,07/2017,Analyst
51-6031.00,1.A.2.a.1,Arm-Hand Steadiness,IM,3.75,8,0.1637,3.4292,4.0708,N,,07/2017,Analyst
51-6031.00,1.A.2.a.1,Arm-Hand Steadiness,LV,3.75,8,0.1637,3.4292,4.0708,N,N,07/2017,Analyst
51-6031.00,1.A.2.a.2,Manual Dexterity,IM,3.62,8,0.183,3.2664,3.9836,N,,07/2017,Analyst
51-6031.00,1.A.2.a.2,Manual Dexterity,LV,3.25,8,0.1637,2.9292,3.5708,N,N,07/2017,Analyst
51-6031.00,1.A.2.a.3,Finger Dexterity,IM,3.25,8,0.1637,2.9292,3.5708,N,,07/2017,Analyst
51-6031.00,1.A.2.a.3,Finger Dexterity,LV,3.25,8,0.1637,2.9292,3.5708,N,N,07/2017,Analyst
51-6031.00,1.A.2.b.1,Control Precision,IM,3.5,8,0.189,3.1296,3.8704,N,,07/2017,Analyst
51-6031.00,1.A.2.b.1,Control Precision,LV,3.25,8,0.1637,2.9292,3.5708,N,N,07/2017,Analyst
51-6031.00,1.A.2.b.2,Multilimb Coordination,IM,3.12,8,0.125,2.88,3.37,N,,07/2017,Analyst
51-6031.00,1.A.2.b.2,Multilimb Coordination,LV,3.0,8,0.189,2.6296,3.3704,N,N,07/2017,Analyst
51-6031.00,1.A.2.b.3,Response Orientation,IM,2.25,8,0.1637,1.9292,2.5708,N,,07/2017,Analyst
51-6031.00,1.A.2.b.3,Response Orientation,LV,2.25,8,0.1637,1.9292,2.5708,N,N,07/2017,Analyst
51-6031.00,1.A.2.b.4,Rate Control,IM,3.12,8,0.125,2.88,3.37,N,,07/2017,Analyst
51-6031.00,1.A.2.b.4,Rate Control,LV,3.0,8,0.0,3.0,3.0,N,N,07/2017,Analyst
51-6031.00,1.A.2.c.1,Reaction Time,IM,3.0,8,0.0,3.0,3.0,N,,07/2017,Analyst
51-6031.00,1.A.2.c.1,Reaction Time,LV,3.0,8,0.0,3.0,3.0,N,N,07/2017,Analyst
51-6031.00,1.A.2.c.2,Wrist-Finger Speed,IM,2.5,8,0.189,2.1296,2.8704,N,,07/2017,Analyst
51-6031.00,1.A.2.c.2,Wrist-Finger Speed,LV,2.12,8,0.125,1.88,2.37,N,N,07/2017,Analyst
51-6031.00,1.A.2.c.3,Speed of Limb Movement,IM,1.75,8,0.1637,1.4292,2.0708,N,,07/2017,Analyst
51-6031.00,1.A.2.c.3,Speed of Limb Movement,LV,0.88,8,0.2266,0.4309,1.3191,N,N,07/2017,Analyst
51-6031.00,1.A.3.a.1,Static Strength,IM,2.12,8,0.125,1.88,2.37,N,,07/2017,Analyst
51-6031.00,1.A.3.a.1,Static Strength,LV,2.12,8,0.125,1.88,2.37,N,N,07/2017,Analyst
51-6031.00,1.A.3.a.2,Explosive Strength,IM,1.38,8,0.183,1.0164,1.7336,N,,07/2017,Analyst
51-6031.00,1.A.3.a.2,Explosive Strength,LV,0.5,8,0.2673,0.0,1.0238,N,N,07/2017,Analyst
51-6031.00,1.A.3.a.3,Dynamic Strength,IM,2.12,8,0.125,1.88,2.37,N,,07/2017,Analyst
51-6031.00,1.A.3.a.3,Dynamic Strength,LV,2.0,8,0.189,1.6296,2.3704,N,N,07/2017,Analyst
51-6031.00,1.A.3.a.4,Trunk Strength,IM,2.12,8,0.125,1.88,2.37,N,,07/2017,Analyst
51-6031.00,1.A.3.a.4,Trunk Strength,LV,2.12,8,0.125,1.88,2.37,N,N,07/2017,Analyst
51-6031.00,1.A.3.b.1,Stamina,IM,2.12,8,0.125,1.88,2.37,N,,07/2017,Analyst
51-6031.00,1.A.3.b.1,Stamina,LV,1.62,8,0.183,1.2664,1.9836,N,N,07/2017,Analyst
51-6031.00,1.A.3.c.1,Extent Flexibility,IM,2.25,8,0.1637,1.9292,2.5708,N,,07/2017,Analyst
51-6031.00,1.A.3.c.1,Extent Flexibility,LV,2.25,8,0.1637,1.9292,2.5708,N,N,07/2017,Analyst
51-6031.00,1.A.3.c.2,Dynamic Flexibility,IM,1.12,8,0.125,1.0,1.37,N,,07/2017,Analyst
51-6031.00,1.A.3.c.2,Dynamic Flexibility,LV,0.12,8,0.125,0.0,0.37,N,Y,07/2017,Analyst
51-6031.00,1.A.3.c.3,Gross Body Coordination,IM,2.0,8,0.0,2.0,2.0,N,,07/2017,Analyst
51-6031.00,1.A.3.c.3,Gross Body Coordination,LV,1.62,8,0.183,1.2664,1.9836,N,N,07/2017,Analyst
51-6031.00,1.A.3.c.4,Gross Body Equilibrium,IM,1.88,8,0.125,1.63,2.12,N,,07/2017,Analyst
51-6031.00,1.A.3.c.4,Gross Body Equilibrium,LV,1.0,8,0.189,0.6296,1.3704,N,N,07/2017,Analyst
51-6031.00,1.A.4.a.1,Near Vision,IM,3.38,8,0.183,3.0164,3.7336,N,,07/2017,Analyst
51-6031.00,1.A.4.a.1,Near Vision,LV,3.38,8,0.183,3.0164,3.7336,N,N,07/2017,Analyst
51-6031.00,1.A.4.a.2,Far Vision,IM,2.75,8,0.1637,2.4292,3.0708,N,,07/2017,Analyst
51-6031.00,1.A.4.a.2,Far Vision,LV,2.75,8,0.1637,2.4292,3.0708,N,N,07/2017,Analyst
51-6031.00,1.A.4.a.3,Visual Color Discrimination,IM,3.0,8,0.0,3.0,3.0,N,,07/2017,Analyst
51-6031.00,1.A.4.a.3,Visual Color Discrimination,LV,2.88,8,0.125,2.63,3.12,N,N,07/2017,Analyst
51-6031.00,1.A.4.a.4,Night Vision,IM,1.0,8,0.0,1.0,1.0,N,,07/2017,Analyst
51-6031.00,1.A.4.a.4,Night Vision,LV,0.0,8,0.0,0.0,0.0,N,Y,07/2017,Analyst
51-6031.00,1.A.4.a.5,Peripheral Vision,IM,1.0,8,0.0,1.0,1.0,N,,07/2017,Analyst
51-6031.00,1.A.4.a.5,Peripheral Vision,LV,0.0,8,0.0,0.0,0.0,N,Y,07/2017,Analyst
51-6031.00,1.A.4.a.6,Depth Perception,IM,2.75,8,0.1637,2.4292,3.0708,N,,07/2017,Analyst
51-6031.00,1.A.4.a.6,Depth Perception,LV,2.75,8,0.1637,2.4292,3.0708,N,N,07/2017,Analyst
51-6031.00,1.A.4.a.7,Glare Sensitivity,IM,1.0,8,0.0,1.0,1.0,N,,07/2017,Analyst
51-6031.00,1.A.4.a.7,Glare Sensitivity,LV,0.0,8,0.0,0.0,0.0,N,Y,07/2017,Analyst
51-6031.00,1.A.4.b.1,Hearing Sensitivity,IM,2.25,8,0.1637,1.9292,2.5708,N,,07/2017,Analyst
51-6031.00,1.A.4.b.1,Hearing Sensitivity,LV,2.12,8,0.125,1.88,2.37,N,N,07/2017,Analyst
51-6031.00,1.A.4.b.2,Auditory Attention,IM,2.12,8,0.125,1.88,2.37,N,,07/2017,Analyst
51-6031.00,1.A.4.b.2,Auditory Attention,LV,2.12,8,0.125,1.88,2.37,N,N,07/2017,Analyst
51-6031.00,1.A.4.b.3,Sound Localization,IM,1.0,8,0.0,1.0,1.0,N,,07/2017,Analyst
51-6031.00,1.A.4.b.3,Sound Localization,LV,0.0,8,0.0,0.0,0.0,N,Y,07/2017,Analyst
51-6031.00,1.A.4.b.4,Speech Recognition,IM,2.62,8,0.183,2.2664,2.9836,N,,07/2017,Analyst
51-6031.00,1.A.4.b.4,Speech Recognition,LV,2.12,8,0.125,1.88,2.37,N,N,07/2017,Analyst
51-6031.00,1.A.4.b.5,Speech Clarity,IM,2.5,8,0.2673,1.9762,3.0238,N,,07/2017,Analyst
51-6031.00,1.A.4.b.5,Speech Clarity,LV,1.75,8,0.25,1.26,2.24,N,N,07/2017,Analyst
51-6041.00,1.A.1.a.1,Oral Comprehension,IM,3.0,8,0.189,2.6296,3.3704,N,,08/2022,Analyst
51-6041.00,1.A.1.a.1,Oral Comprehension,LV,3.0,8,0.0,3.0,3.0,N,N,08/2022,Analyst
51-6041.00,1.A.1.a.2,Written Comprehension,IM,2.75,8,0.1637,2.4292,3.0708,N,,08/2022,Analyst
51-6041.00,1.A.1.a.2,Written Comprehension,LV,2.75,8,0.1637,2.4292,3.0708,N,N,08/2022,Analyst
51-6041.00,1.A.1.a.3,Oral Expression,IM,2.88,8,0.125,2.63,3.12,N,,08/2022,Analyst
51-6041.00,1.A.1.a.3,Oral Expression,LV,2.75,8,0.1637,2.4292,3.0708,N,N,08/2022,Analyst
51-6041.00,1.A.1.a.4,Written Expression,IM,2.25,8,0.1637,1.9292,2.5708,N,,08/2022,Analyst
51-6041.00,1.A.1.a.4,Written Expression,LV,2.12,8,0.125,1.88,2.37,N,N,08/2022,Analyst
51-6041.00,1.A.1.b.1,Fluency of Ideas,IM,2.25,8,0.1637,1.9292,2.5708,N,,08/2022,Analyst
51-6041.00,1.A.1.b.1,Fluency of Ideas,LV,1.5,8,0.189,1.1296,1.8704,N,N,08/2022,Analyst
51-6041.00,1.A.1.b.2,Originality,IM,2.25,8,0.1637,1.9292,2.5708,N,,08/2022,Analyst
51-6041.00,1.A.1.b.2,Originality,LV,1.5,8,0.189,1.1296,1.8704,N,N,08/2022,Analyst
51-6041.00,1.A.1.b.3,Problem Sensitivity,IM,3.12,8,0.125,2.88,3.37,N,,08/2022,Analyst
51-6041.00,1.A.1.b.3,Problem Sensitivity,LV,2.75,8,0.1637,2.4292,3.0708,N,N,08/2022,Analyst
51-6041.00,1.A.1.b.4,Deductive Reasoning,IM,3.0,8,0.0,3.0,3.0,N,,08/2022,Analyst
51-6041.00,1.A.1.b.4,Deductive Reasoning,LV,2.88,8,0.125,2.63,3.12,N,N,08/2022,Analyst
51-6041.00,1.A.1.b.5,Inductive Reasoning,IM,3.0,8,0.0,3.0,3.0,N,,08/2022,Analyst
51-6041.00,1.A.1.b.5,Inductive Reasoning,LV,2.38,8,0.183,2.0164,2.7336,N,N,08/2022,Analyst
51-6041.00,1.A.1.b.6,Information Ordering,IM,3.0,8,0.0,3.0,3.0,N,,08/2022,Analyst
51-6041.00,1.A.1.b.6,Information Ordering,LV,3.0,8,0.0,3.0,3.0,N,N,08/2022,Analyst
51-6041.00,1.A.1.b.7,Category Flexibility,IM,3.0,8,0.0,3.0,3.0,N,,08/2022,Analyst
51-6041.00,1.A.1.b.7,Category Flexibility,LV,3.0,8,0.0,3.0,3.0,N,N,08/2022,Analyst
51-6041.00,1.A.1.c.1,Mathematical Reasoning,IM,2.0,8,0.0,2.0,2.0,N,,08/2022,Analyst
51-6041.00,1.A.1.c.1,Mathematical Reasoning,LV,1.38,8,0.183,1.0164,1.7336,N,N,08/2022,Analyst
51-6041.00,1.A.1.c.2,Number Facility,IM,2.0,8,0.0,2.0,2.0,N,,08/2022,Analyst
51-6041.00,1.A.1.c.2,Number Facility,LV,1.38,8,0.183,1.0164,1.7336,N,N,08/2022,Analyst
51-6041.00,1.A.1.d.1,Memorization,IM,1.75,8,0.1637,1.4292,2.0708,N,,08/2022,Analyst
51-6041.00,1.A.1.d.1,Memorization,LV,0.88,8,0.2266,0.4309,1.3191,N,N,08/2022,Analyst
51-6041.00,1.A.1.e.1,Speed of Closure,IM,2.0,8,0.0,2.0,2.0,N,,08/2022,Analyst
51-6041.00,1.A.1.e.1,Speed of Closure,LV,1.62,8,0.183,1.2664,1.9836,N,N,08/2022,Analyst
51-6041.00,1.A.1.e.2,Flexibility of Closure,IM,2.25,8,0.1637,1.9292,2.5708,N,,08/2022,Analyst
51-6041.00,1.A.1.e.2,Flexibility of Closure,LV,2.12,8,0.125,1.88,2.37,N,N,08/2022,Analyst
51-6041.00,1.A.1.e.3,Perceptual Speed,IM,2.25,8,0.1637,1.9292,2.5708,N,,08/2022,Analyst
51-6041.00,1.A.1.e.3,Perceptual Speed,LV,2.0,8,0.0,2.0,2.0,N,N,08/2022,Analyst
51-6041.00,1.A.1.f.1,Spatial Orientation,IM,1.38,8,0.183,1.0164,1.7336,N,,08/2022,Analyst
51-6041.00,1.A.1.f.1,Spatial Orientation,LV,0.5,8,0.2673,0.0,1.0238,N,N,08/2022,Analyst
51-6041.00,1.A.1.f.2,Visualization,IM,3.0,8,0.0,3.0,3.0,N,,08/2022,Analyst
51-6041.00,1.A.1.f.2,Visualization,LV,3.0,8,0.0,3.0,3.0,N,N,08/2022,Analyst
51-6041.00,1.A.1.g.1,Selective Attention,IM,3.0,8,0.189,2.6296,3.3704,N,,08/2022,Analyst
51-6041.00,1.A.1.g.1,Selective Attention,LV,2.5,8,0.2673,1.9762,3.0238,N,N,08/2022,Analyst
51-6041.00,1.A.1.g.2,Time Sharing,IM,2.0,8,0.0,2.0,2.0,N,,08/2022,Analyst
51-6041.00,1.A.1.g.2,Time Sharing,LV,2.0,8,0.0,2.0,2.0,N,N,08/2022,Analyst
51-6041.00,1.A.2.a.1,Arm-Hand Steadiness,IM,3.25,8,0.1637,2.9292,3.5708,N,,08/2022,Analyst
51-6041.00,1.A.2.a.1,Arm-Hand Steadiness,LV,3.88,8,0.125,3.63,4.12,N,N,08/2022,Analyst
51-6041.00,1.A.2.a.2,Manual Dexterity,IM,3.0,8,0.0,3.0,3.0,N,,08/2022,Analyst
51-6041.00,1.A.2.a.2,Manual Dexterity,LV,3.12,8,0.125,2.88,3.37,N,N,08/2022,Analyst
51-6041.00,1.A.2.a.3,Finger Dexterity,IM,3.25,8,0.1637,2.9292,3.5708,N,,08/2022,Analyst
51-6041.00,1.A.2.a.3,Finger Dexterity,LV,3.12,8,0.125,2.88,3.37,N,N,08/2022,Analyst
51-6041.00,1.A.2.b.1,Control Precision,IM,3.0,8,0.0,3.0,3.0,N,,08/2022,Analyst
51-6041.00,1.A.2.b.1,Control Precision,LV,3.12,8,0.125,2.88,3.37,N,N,08/2022,Analyst
51-6041.00,1.A.2.b.2,Multilimb Coordination,IM,2.88,8,0.125,2.63,3.12,N,,08/2022,Analyst
51-6041.00,1.A.2.b.2,Multilimb Coordination,LV,2.5,8,0.189,2.1296,2.8704,N,N,08/2022,Analyst
51-6041.00,1.A.2.b.3,Response Orientation,IM,2.0,8,0.189,1.6296,2.3704,N,,08/2022,Analyst
51-6041.00,1.A.2.b.3,Response Orientation,LV,1.5,8,0.2673,0.9762,2.0238,N,N,08/2022,Analyst
51-6041.00,1.A.2.b.4,Rate Control,IM,2.25,8,0.1637,1.9292,2.5708,N,,08/2022,Analyst
51-6041.00,1.A.2.b.4,Rate Control,LV,2.12,8,0.125,1.88,2.37,N,N,08/2022,Analyst
51-6041.00,1.A.2.c.1,Reaction Time,IM,2.75,8,0.1637,2.4292,3.0708,N,,08/2022,Analyst
51-6041.00,1.A.2.c.1,Reaction Time,LV,2.38,8,0.183,2.0164,2.7336,N,N,08/2022,Analyst
51-6041.00,1.A.2.c.2,Wrist-Finger Speed,IM,2.12,8,0.2266,1.6809,2.5691,N,,08/2022,Analyst
51-6041.00,1.A.2.c.2,Wrist-Finger Speed,LV,1.88,8,0.295,1.2967,2.4533,N,N,08/2022,Analyst
51-6041.00,1.A.2.c.3,Speed of Limb Movement,IM,1.25,8,0.1637,1.0,1.5708,N,,08/2022,Analyst
51-6041.00,1.A.2.c.3,Speed of Limb Movement,LV,0.38,8,0.2631,0.0,0.8906,N,Y,08/2022,Analyst
51-6041.00,1.A.3.a.1,Static Strength,IM,2.25,8,0.1637,1.9292,2.5708,N,,08/2022,Analyst
51-6041.00,1.A.3.a.1,Static Strength,LV,2.12,8,0.125,1.88,2.37,N,N,08/2022,Analyst
51-6041.00,1.A.3.a.2,Explosive Strength,IM,2.0,8,0.0,2.0,2.0,N,,08/2022,Analyst
51-6041.00,1.A.3.a.2,Explosive Strength,LV,1.62,8,0.2631,1.1094,2.1406,N,N,08/2022,Analyst
51-6041.00,1.A.3.a.3,Dynamic Strength,IM,2.25,8,0.1637,1.9292,2.5708,N,,08/2022,Analyst
51-6041.00,1.A.3.a.3,Dynamic Strength,LV,1.88,8,0.125,1.63,2.12,N,N,08/2022,Analyst
51-6041.00,1.A.3.a.4,Trunk Strength,IM,2.62,8,0.183,2.2664,2.9836,N,,08/2022,Analyst
51-6041.00,1.A.3.a.4,Trunk Strength,LV,2.25,8,0.1637,1.9292,2.5708,N,N,08/2022,Analyst
51-6041.00,1.A.3.b.1,Stamina,IM,2.0,8,0.0,2.0,2.0,N,,08/2022,Analyst
51-6041.00,1.A.3.b.1,Stamina,LV,1.75,8,0.1637,1.4292,2.0708,N,N,08/2022,Analyst
51-6041.00,1.A.3.c.1,Extent Flexibility,IM,2.12,8,0.125,1.88,2.37,N,,08/2022,Analyst
51-6041.00,1.A.3.c.1,Extent Flexibility,LV,2.25,8,0.1637,1.9292,2.5708,N,N,08/2022,Analyst
51-6041.00,1.A.3.c.2,Dynamic Flexibility,IM,1.12,8,0.125,1.0,1.37,N,,08/2022,Analyst
51-6041.00,1.A.3.c.2,Dynamic Flexibility,LV,0.12,8,0.125,0.0,0.37,N,Y,08/2022,Analyst
51-6041.00,1.A.3.c.3,Gross Body Coordination,IM,1.88,8,0.125,1.63,2.12,N,,08/2022,Analyst
51-6041.00,1.A.3.c.3,Gross Body Coordination,LV,1.12,8,0.2266,0.6809,1.5691,N,N,08/2022,Analyst
51-6041.00,1.A.3.c.4,Gross Body Equilibrium,IM,1.88,8,0.125,1.63,2.12,N,,08/2022,Analyst
51-6041.00,1.A.3.c.4,Gross Body Equilibrium,LV,1.25,8,0.25,0.76,1.74,N,N,08/2022,Analyst
51-6041.00,1.A.4.a.1,Near Vision,IM,3.5,8,0.189,3.1296,3.8704,N,,08/2022,Analyst
51-6041.00,1.A.4.a.1,Near Vision,LV,3.25,8,0.1637,2.9292,3.5708,N,N,08/2022,Analyst
51-6041.00,1.A.4.a.2,Far Vision,IM,2.75,8,0.1637,2.4292,3.0708,N,,08/2022,Analyst
51-6041.00,1.A.4.a.2,Far Vision,LV,2.25,8,0.1637,1.9292,2.5708,N,N,08/2022,Analyst
51-6041.00,1.A.4.a.3,Visual Color Discrimination,IM,2.75,8,0.25,2.26,3.24,N,,08/2022,Analyst
51-6041.00,1.A.4.a.3,Visual Color Discrimination,LV,2.88,8,0.125,2.63,3.12,N,N,08/2022,Analyst
51-6041.00,1.A.4.a.4,Night Vision,IM,1.38,8,0.183,1.0164,1.7336,N,,08/2022,Analyst
51-6041.00,1.A.4.a.4,Night Vision,LV,0.5,8,0.2673,0.0,1.0238,N,N,08/2022,Analyst
51-6041.00,1.A.4.a.5,Peripheral Vision,IM,1.38,8,0.183,1.0164,1.7336,N,,08/2022,Analyst
51-6041.00,1.A.4.a.5,Peripheral Vision,LV,0.38,8,0.183,0.0164,0.7336,N,N,08/2022,Analyst
51-6041.00,1.A.4.a.6,Depth Perception,IM,2.12,8,0.125,1.88,2.37,N,,08/2022,Analyst
51-6041.00,1.A.4.a.6,Depth Perception,LV,2.12,8,0.125,1.88,2.37,N,N,08/2022,Analyst
51-6041.00,1.A.4.a.7,Glare Sensitivity,IM,1.38,8,0.183,1.0164,1.7336,N,,08/2022,Analyst
51-6041.00,1.A.4.a.7,Glare Sensitivity,LV,0.38,8,0.183,0.0164,0.7336,N,N,08/2022,Analyst
51-6041.00,1.A.4.b.1,Hearing Sensitivity,IM,2.38,8,0.183,2.0164,2.7336,N,,08/2022,Analyst
51-6041.00,1.A.4.b.1,Hearing Sensitivity,LV,2.25,8,0.1637,1.9292,2.5708,N,N,08/2022,Analyst
51-6041.00,1.A.4.b.2,Auditory Attention,IM,2.25,8,0.1637,1.9292,2.5708,N,,08/2022,Analyst
51-6041.00,1.A.4.b.2,Auditory Attention,LV,2.12,8,0.125,1.88,2.37,N,N,08/2022,Analyst
51-6041.00,1.A.4.b.3,Sound Localization,IM,1.5,8,0.189,1.1296,1.8704,N,,08/2022,Analyst
51-6041.00,1.A.4.b.3,Sound Localization,LV,0.62,8,0.2631,0.1094,1.1406,N,N,08/2022,Analyst
51-6041.00,1.A.4.b.4,Speech Recognition,IM,3.0,8,0.0,3.0,3.0,N,,08/2022,Analyst
51-6041.00,1.A.4.b.4,Speech Recognition,LV,2.5,8,0.189,2.1296,2.8704,N,N,08/2022,Analyst
51-6041.00,1.A.4.b.5,Speech Clarity,IM,3.0,8,0.0,3.0,3.0,N,,08/2022,Analyst
51-6041.00,1.A.4.b.5,Speech Clarity,LV,2.5,8,0.189,2.1296,2.8704,N,N,08/2022,Analyst
51-6042.00,1.A.1.a.1,Oral Comprehension,IM,2.88,8,0.125,2.63,3.12,N,,08/2024,Analyst
51-6042.00,1.A.1.a.1,Oral Comprehension,LV,2.88,8,0.125,2.63,3.12,N,N,08/2024,Analyst
51-6042.00,1.A.1.a.2,Written Comprehension,IM,2.75,8,0.1637,2.4292,3.0708,N,,08/2024,Analyst
51-6042.00,1.A.1.a.2,Written Comprehension,LV,2.88,8,0.125,2.63,3.12,N,N,08/2024,Analyst
51-6042.00,1.A.1.a.3,Oral Expression,IM,3.0,8,0.0,3.0,3.0,N,,08/2024,Analyst
51-6042.00,1.A.1.a.3,Oral Expression,LV,3.0,8,0.0,3.0,3.0,N,N,08/2024,Analyst
51-6042.00,1.A.1.a.4,Written Expression,IM,2.0,8,0.0,2.0,2.0,N,,08/2024,Analyst
51-6042.00,1.A.1.a.4,Written Expression,LV,2.0,8,0.0,2.0,2.0,N,N,08/2024,Analyst
51-6042.00,1.A.1.b.1,Fluency of Ideas,IM,2.25,8,0.1637,1.9292,2.5708,N,,08/2024,Analyst
51-6042.00,1.A.1.b.1,Fluency of Ideas,LV,2.0,8,0.0,2.0,2.0,N,N,08/2024,Analyst
51-6042.00,1.A.1.b.2,Originality,IM,2.12,8,0.125,1.88,2.37,N,,08/2024,Analyst
51-6042.00,1.A.1.b.2,Originality,LV,1.88,8,0.125,1.63,2.12,N,N,08/2024,Analyst
51-6042.00,1.A.1.b.3,Problem Sensitivity,IM,3.0,8,0.0,3.0,3.0,N,,08/2024,Analyst
51-6042.00,1.A.1.b.3,Problem Sensitivity,LV,2.88,8,0.125,2.63,3.12,N,N,08/2024,Analyst
51-6042.00,1.A.1.b.4,Deductive Reasoning,IM,2.75,8,0.1637,2.4292,3.0708,N,,08/2024,Analyst
51-6042.00,1.A.1.b.4,Deductive Reasoning,LV,2.75,8,0.1637,2.4292,3.0708,N,N,08/2024,Analyst
51-6042.00,1.A.1.b.5,Inductive Reasoning,IM,2.75,8,0.1637,2.4292,3.0708,N,,08/2024,Analyst
51-6042.00,1.A.1.b.5,Inductive Reasoning,LV,2.75,8,0.1637,2.4292,3.0708,N,N,08/2024,Analyst
51-6042.00,1.A.1.b.6,Information Ordering,IM,2.75,8,0.1637,2.4292,3.0708,N,,08/2024,Analyst
51-6042.00,1.A.1.b.6,Information Ordering,LV,3.0,8,0.0,3.0,3.0,N,N,08/2024,Analyst
51-6042.00,1.A.1.b.7,Category Flexibility,IM,2.88,8,0.125,2.63,3.12,N,,08/2024,Analyst
51-6042.00,1.A.1.b.7,Category Flexibility,LV,3.0,8,0.0,3.0,3.0,N,N,08/2024,Analyst
51-6042.00,1.A.1.c.1,Mathematical Reasoning,IM,2.0,8,0.0,2.0,2.0,N,,08/2024,Analyst
51-6042.00,1.A.1.c.1,Mathematical Reasoning,LV,1.88,8,0.125,1.63,2.12,N,N,08/2024,Analyst
51-6042.00,1.A.1.c.2,Number Facility,IM,2.0,8,0.0,2.0,2.0,N,,08/2024,Analyst
51-6042.00,1.A.1.c.2,Number Facility,LV,2.0,8,0.0,2.0,2.0,N,N,08/2024,Analyst
51-6042.00,1.A.1.d.1,Memorization,IM,2.12,8,0.125,1.88,2.37,N,,08/2024,Analyst
51-6042.00,1.A.1.d.1,Memorization,LV,1.38,8,0.183,1.0164,1.7336,N,N,08/2024,Analyst
51-6042.00,1.A.1.e.1,Speed of Closure,IM,2.0,8,0.0,2.0,2.0,N,,08/2024,Analyst
51-6042.00,1.A.1.e.1,Speed of Closure,LV,1.75,8,0.1637,1.4292,2.0708,N,N,08/2024,Analyst
51-6042.00,1.A.1.e.2,Flexibility of Closure,IM,2.62,8,0.183,2.2664,2.9836,N,,08/2024,Analyst
51-6042.00,1.A.1.e.2,Flexibility of Closure,LV,2.75,8,0.1637,2.4292,3.0708,N,N,08/2024,Analyst
51-6042.00,1.A.1.e.3,Perceptual Speed,IM,3.0,8,0.0,3.0,3.0,N,,08/2024,Analyst
51-6042.00,1.A.1.e.3,Perceptual Speed,LV,3.0,8,0.0,3.0,3.0,N,N,08/2024,Analyst
51-6042.00,1.A.1.f.1,Spatial Orientation,IM,1.5,8,0.189,1.1296,1.8704,N,,08/2024,Analyst
51-6042.00,1.A.1.f.1,Spatial Orientation,LV,0.5,8,0.189,0.1296,0.8704,N,N,08/2024,Analyst
51-6042.00,1.A.1.f.2,Visualization,IM,2.88,8,0.2266,2.4309,3.3191,N,,08/2024,Analyst
51-6042.00,1.A.1.f.2,Visualization,LV,2.88,8,0.125,2.63,3.12,N,N,08/2024,Analyst
51-6042.00,1.A.1.g.1,Selective Attention,IM,3.0,8,0.0,3.0,3.0,N,,08/2024,Analyst
51-6042.00,1.A.1.g.1,Selective Attention,LV,3.0,8,0.0,3.0,3.0,N,N,08/2024,Analyst
51-6042.00,1.A.1.g.2,Time Sharing,IM,2.0,8,0.0,2.0,2.0,N,,08/2024,Analyst
51-6042.00,1.A.1.g.2,Time Sharing,LV,2.0,8,0.0,2.0,2.0,N,N,08/2024,Analyst
51-6042.00,1.A.2.a.1,Arm-Hand Steadiness,IM,3.62,8,0.183,3.2664,3.9836,N,,08/2024,Analyst
51-6042.00,1.A.2.a.1,Arm-Hand Steadiness,LV,3.38,8,0.183,3.0164,3.7336,N,N,08/2024,Analyst
51-6042.00,1.A.2.a.2,Manual Dexterity,IM,3.12,8,0.125,2.88,3.37,N,,08/2024,Analyst
51-6042.00,1.A.2.a.2,Manual Dexterity,LV,3.0,8,0.0,3.0,3.0,N,N,08/2024,Analyst
51-6042.00,1.A.2.a.3,Finger Dexterity,IM,3.12,8,0.125,2.88,3.37,N,,08/2024,Analyst
51-6042.00,1.A.2.a.3,Finger Dexterity,LV,3.25,8,0.1637,2.9292,3.5708,N,N,08/2024,Analyst
51-6042.00,1.A.2.b.1,Control Precision,IM,3.62,8,0.183,3.2664,3.9836,N,,08/2024,Analyst
51-6042.00,1.A.2.b.1,Control Precision,LV,3.12,8,0.125,2.88,3.37,N,N,08/2024,Analyst
51-6042.00,1.A.2.b.2,Multilimb Coordination,IM,3.0,8,0.0,3.0,3.0,N,,08/2024,Analyst
51-6042.00,1.A.2.b.2,Multilimb Coordination,LV,2.88,8,0.125,2.63,3.12,N,N,08/2024,Analyst
51-6042.00,1.A.2.b.3,Response Orientation,IM,2.25,8,0.1637,1.9292,2.5708,N,,08/2024,Analyst
51-6042.00,1.A.2.b.3,Response Orientation,LV,2.12,8,0.125,1.88,2.37,N,N,08/2024,Analyst
51-6042.00,1.A.2.b.4,Rate Control,IM,2.88,8,0.125,2.63,3.12,N,,08/2024,Analyst
51-6042.00,1.A.2.b.4,Rate Control,LV,2.88,8,0.125,2.63,3.12,N,N,08/2024,Analyst
51-6042.00,1.A.2.c.1,Reaction Time,IM,3.0,8,0.189,2.6296,3.3704,N,,08/2024,Analyst
51-6042.00,1.A.2.c.1,Reaction Time,LV,3.0,8,0.189,2.6296,3.3704,N,N,08/2024,Analyst
51-6042.00,1.A.2.c.2,Wrist-Finger Speed,IM,2.25,8,0.1637,1.9292,2.5708,N,,08/2024,Analyst
51-6042.00,1.A.2.c.2,Wrist-Finger Speed,LV,2.12,8,0.2266,1.6809,2.5691,N,N,08/2024,Analyst
51-6042.00,1.A.2.c.3,Speed of Limb Movement,IM,1.12,8,0.125,1.0,1.37,N,,08/2024,Analyst
51-6042.00,1.A.2.c.3,Speed of Limb Movement,LV,0.12,8,0.125,0.0,0.37,N,Y,08/2024,Analyst
51-6042.00,1.A.3.a.1,Static Strength,IM,2.5,8,0.189,2.1296,2.8704,N,,08/2024,Analyst
51-6042.00,1.A.3.a.1,Static Strength,LV,2.12,8,0.125,1.88,2.37,N,N,08/2024,Analyst
51-6042.00,1.A.3.a.2,Explosive Strength,IM,1.38,8,0.183,1.0164,1.7336,N,,08/2024,Analyst
51-6042.00,1.A.3.a.2,Explosive Strength,LV,0.5,8,0.2673,0.0,1.0238,N,N,08/2024,Analyst
51-6042.00,1.A.3.a.3,Dynamic Strength,IM,2.0,8,0.0,2.0,2.0,N,,08/2024,Analyst
51-6042.00,1.A.3.a.3,Dynamic Strength,LV,2.0,8,0.0,2.0,2.0,N,N,08/2024,Analyst
51-6042.00,1.A.3.a.4,Trunk Strength,IM,2.88,8,0.125,2.63,3.12,N,,08/2024,Analyst
51-6042.00,1.A.3.a.4,Trunk Strength,LV,3.0,8,0.0,3.0,3.0,N,N,08/2024,Analyst
51-6042.00,1.A.3.b.1,Stamina,IM,2.12,8,0.125,1.88,2.37,N,,08/2024,Analyst
51-6042.00,1.A.3.b.1,Stamina,LV,2.0,8,0.0,2.0,2.0,N,N,08/2024,Analyst
51-6042.00,1.A.3.c.1,Extent Flexibility,IM,3.0,8,0.0,3.0,3.0,N,,08/2024,Analyst
51-6042.00,1.A.3.c.1,Extent Flexibility,LV,3.0,8,0.0,3.0,3.0,N,N,08/2024,Analyst
51-6042.00,1.A.3.c.2,Dynamic Flexibility,IM,1.12,8,0.125,1.0,1.37,N,,08/2024,Analyst
51-6042.00,1.A.3.c.2,Dynamic Flexibility,LV,0.12,8,0.125,0.0,0.37,N,Y,08/2024,Analyst
51-6042.00,1.A.3.c.3,Gross Body Coordination,IM,2.0,8,0.0,2.0,2.0,N,,08/2024,Analyst
51-6042.00,1.A.3.c.3,Gross Body Coordination,LV,1.5,8,0.189,1.1296,1.8704,N,N,08/2024,Analyst
51-6042.00,1.A.3.c.4,Gross Body Equilibrium,IM,2.0,8,0.0,2.0,2.0,N,,08/2024,Analyst
51-6042.00,1.A.3.c.4,Gross Body Equilibrium,LV,1.5,8,0.189,1.1296,1.8704,N,N,08/2024,Analyst
51-6042.00,1.A.4.a.1,Near Vision,IM,3.88,8,0.125,3.63,4.12,N,,08/2024,Analyst
51-6042.00,1.A.4.a.1,Near Vision,LV,3.75,8,0.1637,3.4292,4.0708,N,N,08/2024,Analyst
51-6042.00,1.A.4.a.2,Far Vision,IM,2.88,8,0.125,2.63,3.12,N,,08/2024,Analyst
51-6042.00,1.A.4.a.2,Far Vision,LV,3.0,8,0.189,2.6296,3.3704,N,N,08/2024,Analyst
51-6042.00,1.A.4.a.3,Visual Color Discrimination,IM,2.75,8,0.1637,2.4292,3.0708,N,,08/2024,Analyst
51-6042.00,1.A.4.a.3,Visual Color Discrimination,LV,2.25,8,0.1637,1.9292,2.5708,N,N,08/2024,Analyst
51-6042.00,1.A.4.a.4,Night Vision,IM,1.25,8,0.1637,1.0,1.5708,N,,08/2024,Analyst
51-6042.00,1.A.4.a.4,Night Vision,LV,0.25,8,0.1637,0.0,0.5708,N,Y,08/2024,Analyst
51-6042.00,1.A.4.a.5,Peripheral Vision,IM,1.25,8,0.1637,1.0,1.5708,N,,08/2024,Analyst
51-6042.00,1.A.4.a.5,Peripheral Vision,LV,0.25,8,0.1637,0.0,0.5708,N,Y,08/2024,Analyst
51-6042.00,1.A.4.a.6,Depth Perception,IM,2.62,8,0.183,2.2664,2.9836,N,,08/2024,Analyst
51-6042.00,1.A.4.a.6,Depth Perception,LV,2.62,8,0.183,2.2664,2.9836,N,N,08/2024,Analyst
51-6042.00,1.A.4.a.7,Glare Sensitivity,IM,1.62,8,0.183,1.2664,1.9836,N,,08/2024,Analyst
51-6042.00,1.A.4.a.7,Glare Sensitivity,LV,0.75,8,0.25,0.26,1.24,N,N,08/2024,Analyst
51-6042.00,1.A.4.b.1,Hearing Sensitivity,IM,2.62,8,0.183,2.2664,2.9836,N,,08/2024,Analyst
51-6042.00,1.A.4.b.1,Hearing Sensitivity,LV,2.62,8,0.183,2.2664,2.9836,N,N,08/2024,Analyst
51-6042.00,1.A.4.b.2,Auditory Attention,IM,2.12,8,0.125,1.88,2.37,N,,08/2024,Analyst
51-6042.00,1.A.4.b.2,Auditory Attention,LV,2.0,8,0.0,2.0,2.0,N,N,08/2024,Analyst
51-6042.00,1.A.4.b.3,Sound Localization,IM,1.38,8,0.183,1.0164,1.7336,N,,08/2024,Analyst
51-6042.00,1.A.4.b.3,Sound Localization,LV,0.38,8,0.183,0.0164,0.7336,N,N,08/2024,Analyst
51-6042.00,1.A.4.b.4,Speech Recognition,IM,2.88,8,0.125,2.63,3.12,N,,08/2024,Analyst
51-6042.00,1.A.4.b.4,Speech Recognition,LV,2.25,8,0.1637,1.9292,2.5708,N,N,08/2024,Analyst
51-6042.00,1.A.4.b.5,Speech Clarity,IM,2.75,8,0.1637,2.4292,3.0708,N,,08/2024,Analyst
51-6042.00,1.A.4.b.5,Speech Clarity,LV,2.75,8,0.1637,2.4292,3.0708,N,N,08/2024,Analyst
51-6051.00,1.A.1.a.1,Oral Comprehension,IM,2.62,8,0.183,2.2664,2.9836,N,,08/2024,Analyst
51-6051.00,1.A.1.a.1,Oral Comprehension,LV,2.38,8,0.183,2.0164,2.7336,N,N,08/2024,Analyst
51-6051.00,1.A.1.a.2,Written Comprehension,IM,2.0,8,0.0,2.0,2.0,N,,08/2024,Analyst
51-6051.00,1.A.1.a.2,Written Comprehension,LV,2.0,8,0.0,2.0,2.0,N,N,08/2024,Analyst
51-6051.00,1.A.1.a.3,Oral Expression,IM,2.5,8,0.189,2.1296,2.8704,N,,08/2024,Analyst
51-6051.00,1.A.1.a.3,Oral Expression,LV,2.25,8,0.1637,1.9292,2.5708,N,N,08/2024,Analyst
51-6051.00,1.A.1.a.4,Written Expression,IM,2.0,8,0.0,2.0,2.0,N,,08/2024,Analyst
51-6051.00,1.A.1.a.4,Written Expression,LV,1.88,8,0.125,1.63,2.12,N,N,08/2024,Analyst
51-6051.00,1.A.1.b.1,Fluency of Ideas,IM,2.5,8,0.189,2.1296,2.8704,N,,08/2024,Analyst
51-6051.00,1.A.1.b.1,Fluency of Ideas,LV,2.12,8,0.125,1.88,2.37,N,N,08/2024,Analyst
51-6051.00,1.A.1.b.2,Originality,IM,2.38,8,0.183,2.0164,2.7336,N,,08/2024,Analyst
51-6051.00,1.A.1.b.2,Originality,LV,2.25,8,0.1637,1.9292,2.5708,N,N,08/2024,Analyst
51-6051.00,1.A.1.b.3,Problem Sensitivity,IM,2.88,8,0.125,2.63,3.12,N,,08/2024,Analyst
51-6051.00,1.A.1.b.3,Problem Sensitivity,LV,2.5,8,0.189,2.1296,2.8704,N,N,08/2024,Analyst
51-6051.00,1.A.1.b.4,Deductive Reasoning,IM,2.75,8,0.1637,2.4292,3.0708,N,,08/2024,Analyst
51-6051.00,1.A.1.b.4,Deductive Reasoning,LV,2.25,8,0.1637,1.9292,2.5708,N,N,08/2024,Analyst
51-6051.00,1.A.1.b.5,Inductive Reasoning,IM,2.38,8,0.183,2.0164,2.7336,N,,08/2024,Analyst
51-6051.00,1.A.1.b.5,Inductive Reasoning,LV,2.25,8,0.1637,1.9292,2.5708,N,N,08/2024,Analyst
51-6051.00,1.A.1.b.6,Information Ordering,IM,3.12,8,0.125,2.88,3.37,N,,08/2024,Analyst
51-6051.00,1.A.1.b.6,Information Ordering,LV,3.0,8,0.0,3.0,3.0,N,N,08/2024,Analyst
51-6051.00,1.A.1.b.7,Category Flexibility,IM,3.12,8,0.125,2.88,3.37,N,,08/2024,Analyst
51-6051.00,1.A.1.b.7,Category Flexibility,LV,3.0,8,0.0,3.0,3.0,N,N,08/2024,Analyst
51-6051.00,1.A.1.c.1,Mathematical Reasoning,IM,2.0,8,0.0,2.0,2.0,N,,08/2024,Analyst
51-6051.00,1.A.1.c.1,Mathematical Reasoning,LV,1.75,8,0.1637,1.4292,2.0708,N,N,08/2024,Analyst
51-6051.00,1.A.1.c.2,Number Facility,IM,2.0,8,0.0,2.0,2.0,N,,08/2024,Analyst
51-6051.00,1.A.1.c.2,Number Facility,LV,2.0,8,0.0,2.0,2.0,N,N,08/2024,Analyst
51-6051.00,1.A.1.d.1,Memorization,IM,2.0,8,0.0,2.0,2.0,N,,08/2024,Analyst
51-6051.00,1.A.1.d.1,Memorization,LV,2.0,8,0.0,2.0,2.0,N,N,08/2024,Analyst
51-6051.00,1.A.1.e.1,Speed of Closure,IM,2.0,8,0.0,2.0,2.0,N,,08/2024,Analyst
51-6051.00,1.A.1.e.1,Speed of Closure,LV,2.0,8,0.0,2.0,2.0,N,N,08/2024,Analyst
51-6051.00,1.A.1.e.2,Flexibility of Closure,IM,2.5,8,0.189,2.1296,2.8704,N,,08/2024,Analyst
51-6051.00,1.A.1.e.2,Flexibility of Closure,LV,2.12,8,0.125,1.88,2.37,N,N,08/2024,Analyst
51-6051.00,1.A.1.e.3,Perceptual Speed,IM,2.62,8,0.183,2.2664,2.9836,N,,08/2024,Analyst
51-6051.00,1.A.1.e.3,Perceptual Speed,LV,2.5,8,0.189,2.1296,2.8704,N,N,08/2024,Analyst
51-6051.00,1.A.1.f.1,Spatial Orientation,IM,1.25,8,0.1637,1.0,1.5708,N,,08/2024,Analyst
51-6051.00,1.A.1.f.1,Spatial Orientation,LV,0.38,8,0.2631,0.0,0.8906,N,Y,08/2024,Analyst
51-6051.00,1.A.1.f.2,Visualization,IM,3.12,8,0.125,2.88,3.37,N,,08/2024,Analyst
51-6051.00,1.A.1.f.2,Visualization,LV,3.25,8,0.1637,2.9292,3.5708,N,N,08/2024,Analyst
51-6051.00,1.A.1.g.1,Selective Attention,IM,2.75,8,0.1637,2.4292,3.0708,N,,08/2024,Analyst
51-6051.00,1.A.1.g.1,Selective Attention,LV,2.75,8,0.1637,2.4292,3.0708,N,N,08/2024,Analyst
51-6051.00,1.A.1.g.2,Time Sharing,IM,2.0,8,0.0,2.0,2.0,N,,08/2024,Analyst
51-6051.00,1.A.1.g.2,Time Sharing,LV,1.88,8,0.125,1.63,2.12,N,N,08/2024,Analyst
51-6051.00,1.A.2.a.1,Arm-Hand Steadiness,IM,4.0,8,0.0,4.0,4.0,N,,08/2024,Analyst
51-6051.00,1.A.2.a.1,Arm-Hand Steadiness,LV,4.12,8,0.125,3.88,4.37,N,N,08/2024,Analyst
51-6051.00,1.A.2.a.2,Manual Dexterity,IM,4.12,8,0.125,3.88,4.37,N,,08/2024,Analyst
51-6051.00,1.A.2.a.2,Manual Dexterity,LV,3.88,8,0.2266,3.4309,4.3191,N,N,08/2024,Analyst
51-6051.00,1.A.2.a.3,Finger Dexterity,IM,4.12,8,0.125,3.88,4.37,N,,08/2024,Analyst
51-6051.00,1.A.2.a.3,Finger Dexterity,LV,4.12,8,0.125,3.88,4.37,N,N,08/2024,Analyst
51-6051.00,1.A.2.b.1,Control Precision,IM,3.25,8,0.1637,2.9292,3.5708,N,,08/2024,Analyst
51-6051.00,1.A.2.b.1,Control Precision,LV,3.25,8,0.1637,2.9292,3.5708,N,N,08/2024,Analyst
51-6051.00,1.A.2.b.2,Multilimb Coordination,IM,3.0,8,0.0,3.0,3.0,N,,08/2024,Analyst
51-6051.00,1.A.2.b.2,Multilimb Coordination,LV,2.88,8,0.125,2.63,3.12,N,N,08/2024,Analyst
51-6051.00,1.A.2.b.3,Response Orientation,IM,1.88,8,0.2266,1.4309,2.3191,N,,08/2024,Analyst
51-6051.00,1.A.2.b.3,Response Orientation,LV,1.62,8,0.375,0.89,2.36,N,N,08/2024,Analyst
51-6051.00,1.A.2.b.4,Rate Control,IM,2.25,8,0.1637,1.9292,2.5708,N,,08/2024,Analyst
51-6051.00,1.A.2.b.4,Rate Control,LV,1.88,8,0.125,1.63,2.12,N,N,08/2024,Analyst
51-6051.00,1.A.2.c.1,Reaction Time,IM,2.0,8,0.0,2.0,2.0,N,,08/2024,Analyst
51-6051.00,1.A.2.c.1,Reaction Time,LV,1.88,8,0.125,1.63,2.12,N,N,08/2024,Analyst
51-6051.00,1.A.2.c.2,Wrist-Finger Speed,IM,2.5,8,0.2673,1.9762,3.0238,N,,08/2024,Analyst
51-6051.00,1.A.2.c.2,Wrist-Finger Speed,LV,2.38,8,0.3239,1.7402,3.0098,N,N,08/2024,Analyst
51-6051.00,1.A.2.c.3,Speed of Limb Movement,IM,1.0,8,0.0,1.0,1.0,N,,08/2024,Analyst
51-6051.00,1.A.2.c.3,Speed of Limb Movement,LV,0.0,8,0.0,0.0,0.0,N,Y,08/2024,Analyst
51-6051.00,1.A.3.a.1,Static Strength,IM,2.0,8,0.0,2.0,2.0,N,,08/2024,Analyst
51-6051.00,1.A.3.a.1,Static Strength,LV,1.88,8,0.125,1.63,2.12,N,N,08/2024,Analyst
51-6051.00,1.A.3.a.2,Explosive Strength,IM,1.12,8,0.125,1.0,1.37,N,,08/2024,Analyst
51-6051.00,1.A.3.a.2,Explosive Strength,LV,0.12,8,0.125,0.0,0.37,N,Y,08/2024,Analyst
51-6051.00,1.A.3.a.3,Dynamic Strength,IM,1.5,8,0.189,1.1296,1.8704,N,,08/2024,Analyst
51-6051.00,1.A.3.a.3,Dynamic Strength,LV,0.5,8,0.189,0.1296,0.8704,N,N,08/2024,Analyst
51-6051.00,1.A.3.a.4,Trunk Strength,IM,1.88,8,0.125,1.63,2.12,N,,08/2024,Analyst
51-6051.00,1.A.3.a.4,Trunk Strength,LV,1.25,8,0.25,0.76,1.74,N,N,08/2024,Analyst
51-6051.00,1.A.3.b.1,Stamina,IM,1.12,8,0.125,1.0,1.37,N,,08/2024,Analyst
51-6051.00,1.A.3.b.1,Stamina,LV,0.12,8,0.125,0.0,0.37,N,Y,08/2024,Analyst
51-6051.00,1.A.3.c.1,Extent Flexibility,IM,1.5,8,0.189,1.1296,1.8704,N,,08/2024,Analyst
51-6051.00,1.A.3.c.1,Extent Flexibility,LV,0.75,8,0.3134,0.1358,1.3642,N,N,08/2024,Analyst
51-6051.00,1.A.3.c.2,Dynamic Flexibility,IM,1.25,8,0.1637,1.0,1.5708,N,,08/2024,Analyst
51-6051.00,1.A.3.c.2,Dynamic Flexibility,LV,0.25,8,0.1637,0.0,0.5708,N,Y,08/2024,Analyst
51-6051.00,1.A.3.c.3,Gross Body Coordination,IM,1.0,8,0.0,1.0,1.0,N,,08/2024,Analyst
51-6051.00,1.A.3.c.3,Gross Body Coordination,LV,0.0,8,0.0,0.0,0.0,N,Y,08/2024,Analyst
51-6051.00,1.A.3.c.4,Gross Body Equilibrium,IM,1.25,8,0.1637,1.0,1.5708,N,,08/2024,Analyst
51-6051.00,1.A.3.c.4,Gross Body Equilibrium,LV,0.25,8,0.1637,0.0,0.5708,N,Y,08/2024,Analyst
51-6051.00,1.A.4.a.1,Near Vision,IM,3.75,8,0.1637,3.4292,4.0708,N,,08/2024,Analyst
51-6051.00,1.A.4.a.1,Near Vision,LV,3.75,8,0.25,3.26,4.24,N,N,08/2024,Analyst
51-6051.00,1.A.4.a.2,Far Vision,IM,2.75,8,0.1637,2.4292,3.0708,N,,08/2024,Analyst
51-6051.00,1.A.4.a.2,Far Vision,LV,2.75,8,0.1637,2.4292,3.0708,N,N,08/2024,Analyst
51-6051.00,1.A.4.a.3,Visual Color Discrimination,IM,3.0,8,0.0,3.0,3.0,N,,08/2024,Analyst
51-6051.00,1.A.4.a.3,Visual Color Discrimination,LV,3.0,8,0.0,3.0,3.0,N,N,08/2024,Analyst
51-6051.00,1.A.4.a.4,Night Vision,IM,1.0,8,0.0,1.0,1.0,N,,08/2024,Analyst
51-6051.00,1.A.4.a.4,Night Vision,LV,0.0,8,0.0,0.0,0.0,N,Y,08/2024,Analyst
51-6051.00,1.A.4.a.5,Peripheral Vision,IM,1.0,8,0.0,1.0,1.0,N,,08/2024,Analyst
51-6051.00,1.A.4.a.5,Peripheral Vision,LV,0.0,8,0.0,0.0,0.0,N,Y,08/2024,Analyst
51-6051.00,1.A.4.a.6,Depth Perception,IM,2.62,8,0.183,2.2664,2.9836,N,,08/2024,Analyst
51-6051.00,1.A.4.a.6,Depth Perception,LV,2.62,8,0.183,2.2664,2.9836,N,N,08/2024,Analyst
51-6051.00,1.A.4.a.7,Glare Sensitivity,IM,1.0,8,0.0,1.0,1.0,N,,08/2024,Analyst
51-6051.00,1.A.4.a.7,Glare Sensitivity,LV,0.0,8,0.0,0.0,0.0,N,Y,08/2024,Analyst
51-6051.00,1.A.4.b.1,Hearing Sensitivity,IM,1.88,8,0.125,1.63,2.12,N,,08/2024,Analyst
51-6051.00,1.A.4.b.1,Hearing Sensitivity,LV,1.75,8,0.25,1.26,2.24,N,N,08/2024,Analyst
51-6051.00,1.A.4.b.2,Auditory Attention,IM,2.0,8,0.0,2.0,2.0,N,,08/2024,Analyst
51-6051.00,1.A.4.b.2,Auditory Attention,LV,2.12,8,0.125,1.88,2.37,N,N,08/2024,Analyst
51-6051.00,1.A.4.b.3,Sound Localization,IM,1.0,8,0.0,1.0,1.0,N,,08/2024,Analyst
51-6051.00,1.A.4.b.3,Sound Localization,LV,0.0,8,0.0,0.0,0.0,N,Y,08/2024,Analyst
51-6051.00,1.A.4.b.4,Speech Recognition,IM,2.5,8,0.189,2.1296,2.8704,N,,08/2024,Analyst
51-6051.00,1.A.4.b.4,Speech Recognition,LV,2.38,8,0.183,2.0164,2.7336,N,N,08/2024,Analyst
51-6051.00,1.A.4.b.5,Speech Clarity,IM,2.38,8,0.183,2.0164,2.7336,N,,08/2024,Analyst
51-6051.00,1.A.4.b.5,Speech Clarity,LV,1.88,8,0.125,1.63,2.12,N,N,08/2024,Analyst
51-6052.00,1.A.1.a.1,Oral Comprehension,IM,3.62,8,0.183,3.2664,3.9836,N,,08/2020,Analyst
51-6052.00,1.A.1.a.1,Oral Comprehension,LV,3.62,8,0.183,3.2664,3.9836,N,N,08/2020,Analyst
51-6052.00,1.A.1.a.2,Written Comprehension,IM,2.88,8,0.125,2.63,3.12,N,,08/2020,Analyst
51-6052.00,1.A.1.a.2,Written Comprehension,LV,2.88,8,0.125,2.63,3.12,N,N,08/2020,Analyst
51-6052.00,1.A.1.a.3,Oral Expression,IM,3.0,8,0.0,3.0,3.0,N,,08/2020,Analyst
51-6052.00,1.A.1.a.3,Oral Expression,LV,3.0,8,0.0,3.0,3.0,N,N,08/2020,Analyst
51-6052.00,1.A.1.a.4,Written Expression,IM,2.75,8,0.1637,2.4292,3.0708,N,,08/2020,Analyst
51-6052.00,1.A.1.a.4,Written Expression,LV,2.62,8,0.183,2.2664,2.9836,N,N,08/2020,Analyst
51-6052.00,1.A.1.b.1,Fluency of Ideas,IM,2.88,8,0.125,2.63,3.12,N,,08/2020,Analyst
51-6052.00,1.A.1.b.1,Fluency of Ideas,LV,3.0,8,0.0,3.0,3.0,N,N,08/2020,Analyst
51-6052.00,1.A.1.b.2,Originality,IM,3.0,8,0.0,3.0,3.0,N,,08/2020,Analyst
51-6052.00,1.A.1.b.2,Originality,LV,3.0,8,0.0,3.0,3.0,N,N,08/2020,Analyst
51-6052.00,1.A.1.b.3,Problem Sensitivity,IM,2.88,8,0.125,2.63,3.12,N,,08/2020,Analyst
51-6052.00,1.A.1.b.3,Problem Sensitivity,LV,2.88,8,0.125,2.63,3.12,N,N,08/2020,Analyst
51-6052.00,1.A.1.b.4,Deductive Reasoning,IM,2.62,8,0.183,2.2664,2.9836,N,,08/2020,Analyst
51-6052.00,1.A.1.b.4,Deductive Reasoning,LV,2.88,8,0.125,2.63,3.12,N,N,08/2020,Analyst
51-6052.00,1.A.1.b.5,Inductive Reasoning,IM,2.62,8,0.183,2.2664,2.9836,N,,08/2020,Analyst
51-6052.00,1.A.1.b.5,Inductive Reasoning,LV,2.75,8,0.1637,2.4292,3.0708,N,N,08/2020,Analyst
51-6052.00,1.A.1.b.6,Information Ordering,IM,3.0,8,0.0,3.0,3.0,N,,08/2020,Analyst
51-6052.00,1.A.1.b.6,Information Ordering,LV,3.12,8,0.125,2.88,3.37,N,N,08/2020,Analyst
51-6052.00,1.A.1.b.7,Category Flexibility,IM,3.0,8,0.0,3.0,3.0,N,,08/2020,Analyst
51-6052.00,1.A.1.b.7,Category Flexibility,LV,3.0,8,0.0,3.0,3.0,N,N,08/2020,Analyst
51-6052.00,1.A.1.c.1,Mathematical Reasoning,IM,1.88,8,0.125,1.63,2.12,N,,08/2020,Analyst
51-6052.00,1.A.1.c.1,Mathematical Reasoning,LV,1.62,8,0.2631,1.1094,2.1406,N,N,08/2020,Analyst
51-6052.00,1.A.1.c.2,Number Facility,IM,2.0,8,0.189,1.6296,2.3704,N,,08/2020,Analyst
51-6052.00,1.A.1.c.2,Number Facility,LV,1.75,8,0.25,1.26,2.24,N,N,08/2020,Analyst
51-6052.00,1.A.1.d.1,Memorization,IM,2.0,8,0.0,2.0,2.0,N,,08/2020,Analyst
51-6052.00,1.A.1.d.1,Memorization,LV,2.0,8,0.0,2.0,2.0,N,N,08/2020,Analyst
51-6052.00,1.A.1.e.1,Speed of Closure,IM,2.12,8,0.125,1.88,2.37,N,,08/2020,Analyst
51-6052.00,1.A.1.e.1,Speed of Closure,LV,2.12,8,0.125,1.88,2.37,N,N,08/2020,Analyst
51-6052.00,1.A.1.e.2,Flexibility of Closure,IM,2.62,8,0.183,2.2664,2.9836,N,,08/2020,Analyst
51-6052.00,1.A.1.e.2,Flexibility of Closure,LV,2.75,8,0.1637,2.4292,3.0708,N,N,08/2020,Analyst
51-6052.00,1.A.1.e.3,Perceptual Speed,IM,2.62,8,0.183,2.2664,2.9836,N,,08/2020,Analyst
51-6052.00,1.A.1.e.3,Perceptual Speed,LV,2.12,8,0.125,1.88,2.37,N,N,08/2020,Analyst
51-6052.00,1.A.1.f.1,Spatial Orientation,IM,1.12,8,0.125,1.0,1.37,N,,08/2020,Analyst
51-6052.00,1.A.1.f.1,Spatial Orientation,LV,0.12,8,0.125,0.0,0.37,N,Y,08/2020,Analyst
51-6052.00,1.A.1.f.2,Visualization,IM,3.88,8,0.125,3.63,4.12,N,,08/2020,Analyst
51-6052.00,1.A.1.f.2,Visualization,LV,3.38,8,0.183,3.0164,3.7336,N,N,08/2020,Analyst
51-6052.00,1.A.1.g.1,Selective Attention,IM,2.88,8,0.125,2.63,3.12,N,,08/2020,Analyst
51-6052.00,1.A.1.g.1,Selective Attention,LV,2.38,8,0.183,2.0164,2.7336,N,N,08/2020,Analyst
51-6052.00,1.A.1.g.2,Time Sharing,IM,2.12,8,0.125,1.88,2.37,N,,08/2020,Analyst
51-6052.00,1.A.1.g.2,Time Sharing,LV,2.0,8,0.0,2.0,2.0,N,N,08/2020,Analyst
51-6052.00,1.A.2.a.1,Arm-Hand Steadiness,IM,3.88,8,0.125,3.63,4.12,N,,08/2020,Analyst
51-6052.00,1.A.2.a.1,Arm-Hand Steadiness,LV,3.88,8,0.125,3.63,4.12,N,N,08/2020,Analyst
51-6052.00,1.A.2.a.2,Manual Dexterity,IM,3.12,8,0.2266,2.6809,3.5691,N,,08/2020,Analyst
51-6052.00,1.A.2.a.2,Manual Dexterity,LV,3.25,8,0.1637,2.9292,3.5708,N,N,08/2020,Analyst
51-6052.00,1.A.2.a.3,Finger Dexterity,IM,3.88,8,0.125,3.63,4.12,N,,08/2020,Analyst
51-6052.00,1.A.2.a.3,Finger Dexterity,LV,3.88,8,0.125,3.63,4.12,N,N,08/2020,Analyst
51-6052.00,1.A.2.b.1,Control Precision,IM,3.5,8,0.189,3.1296,3.8704,N,,08/2020,Analyst
51-6052.00,1.A.2.b.1,Control Precision,LV,3.25,8,0.1637,2.9292,3.5708,N,N,08/2020,Analyst
51-6052.00,1.A.2.b.2,Multilimb Coordination,IM,2.88,8,0.2266,2.4309,3.3191,N,,08/2020,Analyst
51-6052.00,1.A.2.b.2,Multilimb Coordination,LV,2.75,8,0.25,2.26,3.24,N,N,08/2020,Analyst
51-6052.00,1.A.2.b.3,Response Orientation,IM,1.75,8,0.1637,1.4292,2.0708,N,,08/2020,Analyst
51-6052.00,1.A.2.b.3,Response Orientation,LV,1.38,8,0.3239,0.7402,2.0098,N,N,08/2020,Analyst
51-6052.00,1.A.2.b.4,Rate Control,IM,2.62,8,0.183,2.2664,2.9836,N,,08/2020,Analyst
51-6052.00,1.A.2.b.4,Rate Control,LV,2.25,8,0.1637,1.9292,2.5708,N,N,08/2020,Analyst
51-6052.00,1.A.2.c.1,Reaction Time,IM,2.38,8,0.2631,1.8594,2.8906,N,,08/2020,Analyst
51-6052.00,1.A.2.c.1,Reaction Time,LV,2.25,8,0.1637,1.9292,2.5708,N,N,08/2020,Analyst
51-6052.00,1.A.2.c.2,Wrist-Finger Speed,IM,2.25,8,0.3134,1.6358,2.8642,N,,08/2020,Analyst
51-6052.00,1.A.2.c.2,Wrist-Finger Speed,LV,1.75,8,0.4119,0.9427,2.5573,N,N,08/2020,Analyst
51-6052.00,1.A.2.c.3,Speed of Limb Movement,IM,1.0,8,0.0,1.0,1.0,N,,08/2020,Analyst
51-6052.00,1.A.2.c.3,Speed of Limb Movement,LV,0.0,8,0.0,0.0,0.0,N,Y,08/2020,Analyst
51-6052.00,1.A.3.a.1,Static Strength,IM,2.0,8,0.0,2.0,2.0,N,,08/2020,Analyst
51-6052.00,1.A.3.a.1,Static Strength,LV,1.5,8,0.189,1.1296,1.8704,N,N,08/2020,Analyst
51-6052.00,1.A.3.a.2,Explosive Strength,IM,1.38,8,0.183,1.0164,1.7336,N,,08/2020,Analyst
51-6052.00,1.A.3.a.2,Explosive Strength,LV,0.5,8,0.2673,0.0,1.0238,N,N,08/2020,Analyst
51-6052.00,1.A.3.a.3,Dynamic Strength,IM,2.0,8,0.0,2.0,2.0,N,,08/2020,Analyst
51-6052.00,1.A.3.a.3,Dynamic Strength,LV,1.38,8,0.183,1.0164,1.7336,N,N,08/2020,Analyst
51-6052.00,1.A.3.a.4,Trunk Strength,IM,2.25,8,0.1637,1.9292,2.5708,N,,08/2020,Analyst
51-6052.00,1.A.3.a.4,Trunk Strength,LV,1.88,8,0.125,1.63,2.12,N,N,08/2020,Analyst
51-6052.00,1.A.3.b.1,Stamina,IM,2.0,8,0.0,2.0,2.0,N,,08/2020,Analyst
51-6052.00,1.A.3.b.1,Stamina,LV,1.0,8,0.0,1.0,1.0,N,N,08/2020,Analyst
51-6052.00,1.A.3.c.1,Extent Flexibility,IM,2.0,8,0.0,2.0,2.0,N,,08/2020,Analyst
51-6052.00,1.A.3.c.1,Extent Flexibility,LV,2.12,8,0.125,1.88,2.37,N,N,08/2020,Analyst
51-6052.00,1.A.3.c.2,Dynamic Flexibility,IM,1.0,8,0.0,1.0,1.0,N,,08/2020,Analyst
51-6052.00,1.A.3.c.2,Dynamic Flexibility,LV,0.0,8,0.0,0.0,0.0,N,Y,08/2020,Analyst
51-6052.00,1.A.3.c.3,Gross Body Coordination,IM,1.75,8,0.1637,1.4292,2.0708,N,,08/2020,Analyst
51-6052.00,1.A.3.c.3,Gross Body Coordination,LV,0.75,8,0.1637,0.4292,1.0708,N,N,08/2020,Analyst
51-6052.00,1.A.3.c.4,Gross Body Equilibrium,IM,1.38,8,0.183,1.0164,1.7336,N,,08/2020,Analyst
51-6052.00,1.A.3.c.4,Gross Body Equilibrium,LV,0.5,8,0.2673,0.0,1.0238,N,N,08/2020,Analyst
51-6052.00,1.A.4.a.1,Near Vision,IM,3.75,8,0.1637,3.4292,4.0708,N,,08/2020,Analyst
51-6052.00,1.A.4.a.1,Near Vision,LV,3.75,8,0.1637,3.4292,4.0708,N,N,08/2020,Analyst
51-6052.00,1.A.4.a.2,Far Vision,IM,2.5,8,0.189,2.1296,2.8704,N,,08/2020,Analyst
51-6052.00,1.A.4.a.2,Far Vision,LV,2.0,8,0.0,2.0,2.0,N,N,08/2020,Analyst
51-6052.00,1.A.4.a.3,Visual Color Discrimination,IM,2.88,8,0.125,2.63,3.12,N,,08/2020,Analyst
51-6052.00,1.A.4.a.3,Visual Color Discrimination,LV,2.88,8,0.125,2.63,3.12,N,N,08/2020,Analyst
51-6052.00,1.A.4.a.4,Night Vision,IM,1.0,8,0.0,1.0,1.0,N,,08/2020,Analyst
51-6052.00,1.A.4.a.4,Night Vision,LV,0.0,8,0.0,0.0,0.0,N,Y,08/2020,Analyst
51-6052.00,1.A.4.a.5,Peripheral Vision,IM,1.0,8,0.0,1.0,1.0,N,,08/2020,Analyst
51-6052.00,1.A.4.a.5,Peripheral Vision,LV,0.0,8,0.0,0.0,0.0,N,Y,08/2020,Analyst
51-6052.00,1.A.4.a.6,Depth Perception,IM,2.0,8,0.0,2.0,2.0,N,,08/2020,Analyst
51-6052.00,1.A.4.a.6,Depth Perception,LV,1.62,8,0.183,1.2664,1.9836,N,N,08/2020,Analyst
51-6052.00,1.A.4.a.7,Glare Sensitivity,IM,1.0,8,0.0,1.0,1.0,N,,08/2020,Analyst
51-6052.00,1.A.4.a.7,Glare Sensitivity,LV,0.0,8,0.0,0.0,0.0,N,Y,08/2020,Analyst
51-6052.00,1.A.4.b.1,Hearing Sensitivity,IM,2.0,8,0.0,2.0,2.0,N,,08/2020,Analyst
51-6052.00,1.A.4.b.1,Hearing Sensitivity,LV,1.75,8,0.1637,1.4292,2.0708,N,N,08/2020,Analyst
51-6052.00,1.A.4.b.2,Auditory Attention,IM,2.0,8,0.0,2.0,2.0,N,,08/2020,Analyst
51-6052.00,1.A.4.b.2,Auditory Attention,LV,1.75,8,0.1637,1.4292,2.0708,N,N,08/2020,Analyst
51-6052.00,1.A.4.b.3,Sound Localization,IM,1.0,8,0.0,1.0,1.0,N,,08/2020,Analyst
51-6052.00,1.A.4.b.3,Sound Localization,LV,0.0,8,0.0,0.0,0.0,N,Y,08/2020,Analyst
51-6052.00,1.A.4.b.4,Speech Recognition,IM,3.0,8,0.0,3.0,3.0,N,,08/2020,Analyst
51-6052.00,1.A.4.b.4,Speech Recognition,LV,2.88,8,0.125,2.63,3.12,N,N,08/2020,Analyst
51-6052.00,1.A.4.b.5,Speech Clarity,IM,3.0,8,0.0,3.0,3.0,N,,08/2020,Analyst
51-6052.00,1.A.4.b.5,Speech Clarity,LV,2.38,8,0.183,2.0164,2.7336,N,N,08/2020,Analyst
51-6061.00,1.A.1.a.1,Oral Comprehension,IM,3.12,8,0.125,2.88,3.37,N,,08/2023,Analyst
51-6061.00,1.A.1.a.1,Oral Comprehension,LV,3.0,8,0.0,3.0,3.0,N,N,08/2023,Analyst
51-6061.00,1.A.1.a.2,Written Comprehension,IM,2.75,8,0.1637,2.4292,3.0708,N,,08/2023,Analyst
51-6061.00,1.A.1.a.2,Written Comprehension,LV,2.75,8,0.1637,2.4292,3.0708,N,N,08/2023,Analyst
51-6061.00,1.A.1.a.3,Oral Expression,IM,3.0,8,0.0,3.0,3.0,N,,08/2023,Analyst
51-6061.00,1.A.1.a.3,Oral Expression,LV,3.0,8,0.0,3.0,3.0,N,N,08/2023,Analyst
51-6061.00,1.A.1.a.4,Written Expression,IM,2.5,8,0.189,2.1296,2.8704,N,,08/2023,Analyst
51-6061.00,1.A.1.a.4,Written Expression,LV,2.0,8,0.0,2.0,2.0,N,N,08/2023,Analyst
51-6061.00,1.A.1.b.1,Fluency of Ideas,IM,2.5,8,0.189,2.1296,2.8704,N,,08/2023,Analyst
51-6061.00,1.A.1.b.1,Fluency of Ideas,LV,2.0,8,0.0,2.0,2.0,N,N,08/2023,Analyst
51-6061.00,1.A.1.b.2,Originality,IM,2.38,8,0.183,2.0164,2.7336,N,,08/2023,Analyst
51-6061.00,1.A.1.b.2,Originality,LV,2.0,8,0.0,2.0,2.0,N,N,08/2023,Analyst
51-6061.00,1.A.1.b.3,Problem Sensitivity,IM,3.0,8,0.0,3.0,3.0,N,,08/2023,Analyst
51-6061.00,1.A.1.b.3,Problem Sensitivity,LV,3.0,8,0.0,3.0,3.0,N,N,08/2023,Analyst
51-6061.00,1.A.1.b.4,Deductive Reasoning,IM,3.12,8,0.125,2.88,3.37,N,,08/2023,Analyst
51-6061.00,1.A.1.b.4,Deductive Reasoning,LV,2.88,8,0.125,2.63,3.12,N,N,08/2023,Analyst
51-6061.00,1.A.1.b.5,Inductive Reasoning,IM,3.0,8,0.0,3.0,3.0,N,,08/2023,Analyst
51-6061.00,1.A.1.b.5,Inductive Reasoning,LV,2.62,8,0.183,2.2664,2.9836,N,N,08/2023,Analyst
51-6061.00,1.A.1.b.6,Information Ordering,IM,3.12,8,0.125,2.88,3.37,N,,08/2023,Analyst
51-6061.00,1.A.1.b.6,Information Ordering,LV,3.0,8,0.0,3.0,3.0,N,N,08/2023,Analyst
51-6061.00,1.A.1.b.7,Category Flexibility,IM,3.0,8,0.0,3.0,3.0,N,,08/2023,Analyst
51-6061.00,1.A.1.b.7,Category Flexibility,LV,3.0,8,0.0,3.0,3.0,N,N,08/2023,Analyst
51-6061.00,1.A.1.c.1,Mathematical Reasoning,IM,2.38,8,0.183,2.0164,2.7336,N,,08/2023,Analyst
51-6061.00,1.A.1.c.1,Mathematical Reasoning,LV,2.12,8,0.125,1.88,2.37,N,N,08/2023,Analyst
51-6061.00,1.A.1.c.2,Number Facility,IM,2.5,8,0.189,2.1296,2.8704,N,,08/2023,Analyst
51-6061.00,1.A.1.c.2,Number Facility,LV,2.0,8,0.0,2.0,2.0,N,N,08/2023,Analyst
51-6061.00,1.A.1.d.1,Memorization,IM,2.0,8,0.0,2.0,2.0,N,,08/2023,Analyst
51-6061.00,1.A.1.d.1,Memorization,LV,1.75,8,0.1637,1.4292,2.0708,N,N,08/2023,Analyst
51-6061.00,1.A.1.e.1,Speed of Closure,IM,2.5,8,0.189,2.1296,2.8704,N,,08/2023,Analyst
51-6061.00,1.A.1.e.1,Speed of Closure,LV,2.0,8,0.0,2.0,2.0,N,N,08/2023,Analyst
51-6061.00,1.A.1.e.2,Flexibility of Closure,IM,3.0,8,0.0,3.0,3.0,N,,08/2023,Analyst
51-6061.00,1.A.1.e.2,Flexibility of Closure,LV,3.0,8,0.0,3.0,3.0,N,N,08/2023,Analyst
51-6061.00,1.A.1.e.3,Perceptual Speed,IM,3.12,8,0.125,2.88,3.37,N,,08/2023,Analyst
51-6061.00,1.A.1.e.3,Perceptual Speed,LV,3.12,8,0.125,2.88,3.37,N,N,08/2023,Analyst
51-6061.00,1.A.1.f.1,Spatial Orientation,IM,1.88,8,0.125,1.63,2.12,N,,08/2023,Analyst
51-6061.00,1.A.1.f.1,Spatial Orientation,LV,1.0,8,0.189,0.6296,1.3704,N,N,08/2023,Analyst
51-6061.00,1.A.1.f.2,Visualization,IM,3.0,8,0.0,3.0,3.0,N,,08/2023,Analyst
51-6061.00,1.A.1.f.2,Visualization,LV,3.0,8,0.0,3.0,3.0,N,N,08/2023,Analyst
51-6061.00,1.A.1.g.1,Selective Attention,IM,3.12,8,0.125,2.88,3.37,N,,08/2023,Analyst
51-6061.00,1.A.1.g.1,Selective Attention,LV,3.0,8,0.0,3.0,3.0,N,N,08/2023,Analyst
51-6061.00,1.A.1.g.2,Time Sharing,IM,2.5,8,0.189,2.1296,2.8704,N,,08/2023,Analyst
51-6061.00,1.A.1.g.2,Time Sharing,LV,2.38,8,0.183,2.0164,2.7336,N,N,08/2023,Analyst
51-6061.00,1.A.2.a.1,Arm-Hand Steadiness,IM,3.62,8,0.183,3.2664,3.9836,N,,08/2023,Analyst
51-6061.00,1.A.2.a.1,Arm-Hand Steadiness,LV,3.25,8,0.1637,2.9292,3.5708,N,N,08/2023,Analyst
51-6061.00,1.A.2.a.2,Manual Dexterity,IM,3.25,8,0.1637,2.9292,3.5708,N,,08/2023,Analyst
51-6061.00,1.A.2.a.2,Manual Dexterity,LV,3.12,8,0.125,2.88,3.37,N,N,08/2023,Analyst
51-6061.00,1.A.2.a.3,Finger Dexterity,IM,3.12,8,0.125,2.88,3.37,N,,08/2023,Analyst
51-6061.00,1.A.2.a.3,Finger Dexterity,LV,3.0,8,0.0,3.0,3.0,N,N,08/2023,Analyst
51-6061.00,1.A.2.b.1,Control Precision,IM,3.62,8,0.183,3.2664,3.9836,N,,08/2023,Analyst
51-6061.00,1.A.2.b.1,Control Precision,LV,3.38,8,0.183,3.0164,3.7336,N,N,08/2023,Analyst
51-6061.00,1.A.2.b.2,Multilimb Coordination,IM,2.88,8,0.125,2.63,3.12,N,,08/2023,Analyst
51-6061.00,1.A.2.b.2,Multilimb Coordination,LV,3.0,8,0.0,3.0,3.0,N,N,08/2023,Analyst
51-6061.00,1.A.2.b.3,Response Orientation,IM,2.25,8,0.1637,1.9292,2.5708,N,,08/2023,Analyst
51-6061.00,1.A.2.b.3,Response Orientation,LV,2.12,8,0.2266,1.6809,2.5691,N,N,08/2023,Analyst
51-6061.00,1.A.2.b.4,Rate Control,IM,3.12,8,0.125,2.88,3.37,N,,08/2023,Analyst
51-6061.00,1.A.2.b.4,Rate Control,LV,3.0,8,0.0,3.0,3.0,N,N,08/2023,Analyst
51-6061.00,1.A.2.c.1,Reaction Time,IM,3.0,8,0.0,3.0,3.0,N,,08/2023,Analyst
51-6061.00,1.A.2.c.1,Reaction Time,LV,3.25,8,0.1637,2.9292,3.5708,N,N,08/2023,Analyst
51-6061.00,1.A.2.c.2,Wrist-Finger Speed,IM,2.62,8,0.183,2.2664,2.9836,N,,08/2023,Analyst
51-6061.00,1.A.2.c.2,Wrist-Finger Speed,LV,2.0,8,0.189,1.6296,2.3704,N,N,08/2023,Analyst
51-6061.00,1.A.2.c.3,Speed of Limb Movement,IM,2.12,8,0.2266,1.6809,2.5691,N,,08/2023,Analyst
51-6061.00,1.A.2.c.3,Speed of Limb Movement,LV,1.62,8,0.2631,1.1094,2.1406,N,N,08/2023,Analyst
51-6061.00,1.A.3.a.1,Static Strength,IM,3.0,8,0.0,3.0,3.0,N,,08/2023,Analyst
51-6061.00,1.A.3.a.1,Static Strength,LV,2.88,8,0.125,2.63,3.12,N,N,08/2023,Analyst
51-6061.00,1.A.3.a.2,Explosive Strength,IM,1.62,8,0.183,1.2664,1.9836,N,,08/2023,Analyst
51-6061.00,1.A.3.a.2,Explosive Strength,LV,1.12,8,0.3981,0.3447,1.9053,N,N,08/2023,Analyst
51-6061.00,1.A.3.a.3,Dynamic Strength,IM,2.25,8,0.1637,1.9292,2.5708,N,,08/2023,Analyst
51-6061.00,1.A.3.a.3,Dynamic Strength,LV,2.0,8,0.0,2.0,2.0,N,N,08/2023,Analyst
51-6061.00,1.A.3.a.4,Trunk Strength,IM,3.0,8,0.0,3.0,3.0,N,,08/2023,Analyst
51-6061.00,1.A.3.a.4,Trunk Strength,LV,3.0,8,0.0,3.0,3.0,N,N,08/2023,Analyst
51-6061.00,1.A.3.b.1,Stamina,IM,2.5,8,0.189,2.1296,2.8704,N,,08/2023,Analyst
51-6061.00,1.A.3.b.1,Stamina,LV,2.25,8,0.1637,1.9292,2.5708,N,N,08/2023,Analyst
51-6061.00,1.A.3.c.1,Extent Flexibility,IM,2.5,8,0.189,2.1296,2.8704,N,,08/2023,Analyst
51-6061.00,1.A.3.c.1,Extent Flexibility,LV,2.88,8,0.125,2.63,3.12,N,N,08/2023,Analyst
51-6061.00,1.A.3.c.2,Dynamic Flexibility,IM,1.25,8,0.1637,1.0,1.5708,N,,08/2023,Analyst
51-6061.00,1.A.3.c.2,Dynamic Flexibility,LV,0.25,8,0.1637,0.0,0.5708,N,Y,08/2023,Analyst
51-6061.00,1.A.3.c.3,Gross Body Coordination,IM,2.12,8,0.125,1.88,2.37,N,,08/2023,Analyst
51-6061.00,1.A.3.c.3,Gross Body Coordination,LV,2.0,8,0.0,2.0,2.0,N,N,08/2023,Analyst
51-6061.00,1.A.3.c.4,Gross Body Equilibrium,IM,2.0,8,0.0,2.0,2.0,N,,08/2023,Analyst
51-6061.00,1.A.3.c.4,Gross Body Equilibrium,LV,1.75,8,0.1637,1.4292,2.0708,N,N,08/2023,Analyst
51-6061.00,1.A.4.a.1,Near Vision,IM,3.38,8,0.183,3.0164,3.7336,N,,08/2023,Analyst
51-6061.00,1.A.4.a.1,Near Vision,LV,3.12,8,0.125,2.88,3.37,N,N,08/2023,Analyst
51-6061.00,1.A.4.a.2,Far Vision,IM,3.0,8,0.0,3.0,3.0,N,,08/2023,Analyst
51-6061.00,1.A.4.a.2,Far Vision,LV,2.62,8,0.183,2.2664,2.9836,N,N,08/2023,Analyst
51-6061.00,1.A.4.a.3,Visual Color Discrimination,IM,3.25,8,0.1637,2.9292,3.5708,N,,08/2023,Analyst
51-6061.00,1.A.4.a.3,Visual Color Discrimination,LV,3.0,8,0.189,2.6296,3.3704,N,N,08/2023,Analyst
51-6061.00,1.A.4.a.4,Night Vision,IM,1.62,8,0.183,1.2664,1.9836,N,,08/2023,Analyst
51-6061.00,1.A.4.a.4,Night Vision,LV,0.62,8,0.183,0.2664,0.9836,N,N,08/2023,Analyst
51-6061.00,1.A.4.a.5,Peripheral Vision,IM,1.62,8,0.183,1.2664,1.9836,N,,08/2023,Analyst
51-6061.00,1.A.4.a.5,Peripheral Vision,LV,0.62,8,0.183,0.2664,0.9836,N,N,08/2023,Analyst
51-6061.00,1.A.4.a.6,Depth Perception,IM,2.25,8,0.1637,1.9292,2.5708,N,,08/2023,Analyst
51-6061.00,1.A.4.a.6,Depth Perception,LV,2.12,8,0.125,1.88,2.37,N,N,08/2023,Analyst
51-6061.00,1.A.4.a.7,Glare Sensitivity,IM,1.5,8,0.189,1.1296,1.8704,N,,08/2023,Analyst
51-6061.00,1.A.4.a.7,Glare Sensitivity,LV,0.88,8,0.3504,0.1883,1.5617,N,N,08/2023,Analyst
51-6061.00,1.A.4.b.1,Hearing Sensitivity,IM,2.38,8,0.183,2.0164,2.7336,N,,08/2023,Analyst
51-6061.00,1.A.4.b.1,Hearing Sensitivity,LV,2.25,8,0.1637,1.9292,2.5708,N,N,08/2023,Analyst
51-6061.00,1.A.4.b.2,Auditory Attention,IM,2.62,8,0.183,2.2664,2.9836,N,,08/2023,Analyst
51-6061.00,1.A.4.b.2,Auditory Attention,LV,2.25,8,0.1637,1.9292,2.5708,N,N,08/2023,Analyst
51-6061.00,1.A.4.b.3,Sound Localization,IM,1.62,8,0.183,1.2664,1.9836,N,,08/2023,Analyst
51-6061.00,1.A.4.b.3,Sound Localization,LV,0.62,8,0.183,0.2664,0.9836,N,N,08/2023,Analyst
51-6061.00,1.A.4.b.4,Speech Recognition,IM,3.0,8,0.189,2.6296,3.3704,N,,08/2023,Analyst
51-6061.00,1.A.4.b.4,Speech Recognition,LV,2.62,8,0.183,2.2664,2.9836,N,N,08/2023,Analyst
51-6061.00,1.A.4.b.5,Speech Clarity,IM,2.75,8,0.1637,2.4292,3.0708,N,,08/2023,Analyst
51-6061.00,1.A.4.b.5,Speech Clarity,LV,2.5,8,0.189,2.1296,2.8704,N,N,08/2023,Analyst
51-6062.00,1.A.1.a.1,Oral Comprehension,IM,3.0,8,0.0,3.0,3.0,N,,08/2019,Analyst
51-6062.00,1.A.1.a.1,Oral Comprehension,LV,3.0,8,0.0,3.0,3.0,N,N,08/2019,Analyst
51-6062.00,1.A.1.a.2,Written Comprehension,IM,2.75,8,0.1637,2.4292,3.0708,N,,08/2019,Analyst
51-6062.00,1.A.1.a.2,Written Comprehension,LV,2.75,8,0.1637,2.4292,3.0708,N,N,08/2019,Analyst
51-6062.00,1.A.1.a.3,Oral Expression,IM,3.0,8,0.0,3.0,3.0,N,,08/2019,Analyst
51-6062.00,1.A.1.a.3,Oral Expression,LV,3.0,8,0.0,3.0,3.0,N,N,08/2019,Analyst
51-6062.00,1.A.1.a.4,Written Expression,IM,2.12,8,0.125,1.88,2.37,N,,08/2019,Analyst
51-6062.00,1.A.1.a.4,Written Expression,LV,2.0,8,0.0,2.0,2.0,N,N,08/2019,Analyst
51-6062.00,1.A.1.b.1,Fluency of Ideas,IM,2.0,8,0.0,2.0,2.0,N,,08/2019,Analyst
51-6062.00,1.A.1.b.1,Fluency of Ideas,LV,2.0,8,0.0,2.0,2.0,N,N,08/2019,Analyst
51-6062.00,1.A.1.b.2,Originality,IM,2.0,8,0.0,2.0,2.0,N,,08/2019,Analyst
51-6062.00,1.A.1.b.2,Originality,LV,2.0,8,0.0,2.0,2.0,N,N,08/2019,Analyst
51-6062.00,1.A.1.b.3,Problem Sensitivity,IM,3.12,8,0.125,2.88,3.37,N,,08/2019,Analyst
51-6062.00,1.A.1.b.3,Problem Sensitivity,LV,3.0,8,0.0,3.0,3.0,N,N,08/2019,Analyst
51-6062.00,1.A.1.b.4,Deductive Reasoning,IM,3.0,8,0.0,3.0,3.0,N,,08/2019,Analyst
51-6062.00,1.A.1.b.4,Deductive Reasoning,LV,3.0,8,0.0,3.0,3.0,N,N,08/2019,Analyst
51-6062.00,1.A.1.b.5,Inductive Reasoning,IM,2.88,8,0.125,2.63,3.12,N,,08/2019,Analyst
51-6062.00,1.A.1.b.5,Inductive Reasoning,LV,2.62,8,0.183,2.2664,2.9836,N,N,08/2019,Analyst
51-6062.00,1.A.1.b.6,Information Ordering,IM,3.25,8,0.1637,2.9292,3.5708,N,,08/2019,Analyst
51-6062.00,1.A.1.b.6,Information Ordering,LV,3.0,8,0.0,3.0,3.0,N,N,08/2019,Analyst
51-6062.00,1.A.1.b.7,Category Flexibility,IM,3.0,8,0.0,3.0,3.0,N,,08/2019,Analyst
51-6062.00,1.A.1.b.7,Category Flexibility,LV,3.0,8,0.0,3.0,3.0,N,N,08/2019,Analyst
51-6062.00,1.A.1.c.1,Mathematical Reasoning,IM,2.0,8,0.0,2.0,2.0,N,,08/2019,Analyst
51-6062.00,1.A.1.c.1,Mathematical Reasoning,LV,1.88,8,0.125,1.63,2.12,N,N,08/2019,Analyst
51-6062.00,1.A.1.c.2,Number Facility,IM,2.0,8,0.0,2.0,2.0,N,,08/2019,Analyst
51-6062.00,1.A.1.c.2,Number Facility,LV,2.0,8,0.0,2.0,2.0,N,N,08/2019,Analyst
51-6062.00,1.A.1.d.1,Memorization,IM,2.12,8,0.125,1.88,2.37,N,,08/2019,Analyst
51-6062.00,1.A.1.d.1,Memorization,LV,2.0,8,0.0,2.0,2.0,N,N,08/2019,Analyst
51-6062.00,1.A.1.e.1,Speed of Closure,IM,2.12,8,0.125,1.88,2.37,N,,08/2019,Analyst
51-6062.00,1.A.1.e.1,Speed of Closure,LV,2.12,8,0.125,1.88,2.37,N,N,08/2019,Analyst
51-6062.00,1.A.1.e.2,Flexibility of Closure,IM,2.88,8,0.125,2.63,3.12,N,,08/2019,Analyst
51-6062.00,1.A.1.e.2,Flexibility of Closure,LV,3.0,8,0.0,3.0,3.0,N,N,08/2019,Analyst
51-6062.00,1.A.1.e.3,Perceptual Speed,IM,3.0,8,0.0,3.0,3.0,N,,08/2019,Analyst
51-6062.00,1.A.1.e.3,Perceptual Speed,LV,3.0,8,0.0,3.0,3.0,N,N,08/2019,Analyst
51-6062.00,1.A.1.f.1,Spatial Orientation,IM,1.75,8,0.1637,1.4292,2.0708,N,,08/2019,Analyst
51-6062.00,1.A.1.f.1,Spatial Orientation,LV,1.0,8,0.2673,0.4762,1.5238,N,N,08/2019,Analyst
51-6062.00,1.A.1.f.2,Visualization,IM,3.0,8,0.0,3.0,3.0,N,,08/2019,Analyst
51-6062.00,1.A.1.f.2,Visualization,LV,3.5,8,0.189,3.1296,3.8704,N,N,08/2019,Analyst
51-6062.00,1.A.1.g.1,Selective Attention,IM,3.12,8,0.125,2.88,3.37,N,,08/2019,Analyst
51-6062.00,1.A.1.g.1,Selective Attention,LV,3.12,8,0.125,2.88,3.37,N,N,08/2019,Analyst
51-6062.00,1.A.1.g.2,Time Sharing,IM,2.0,8,0.0,2.0,2.0,N,,08/2019,Analyst
51-6062.00,1.A.1.g.2,Time Sharing,LV,2.12,8,0.125,1.88,2.37,N,N,08/2019,Analyst
51-6062.00,1.A.2.a.1,Arm-Hand Steadiness,IM,3.62,8,0.183,3.2664,3.9836,N,,08/2019,Analyst
51-6062.00,1.A.2.a.1,Arm-Hand Steadiness,LV,3.75,8,0.1637,3.4292,4.0708,N,N,08/2019,Analyst
51-6062.00,1.A.2.a.2,Manual Dexterity,IM,3.25,8,0.1637,2.9292,3.5708,N,,08/2019,Analyst
51-6062.00,1.A.2.a.2,Manual Dexterity,LV,3.0,8,0.0,3.0,3.0,N,N,08/2019,Analyst
51-6062.00,1.A.2.a.3,Finger Dexterity,IM,3.12,8,0.125,2.88,3.37,N,,08/2019,Analyst
51-6062.00,1.A.2.a.3,Finger Dexterity,LV,3.12,8,0.125,2.88,3.37,N,N,08/2019,Analyst
51-6062.00,1.A.2.b.1,Control Precision,IM,3.12,8,0.125,2.88,3.37,N,,08/2019,Analyst
51-6062.00,1.A.2.b.1,Control Precision,LV,3.38,8,0.183,3.0164,3.7336,N,N,08/2019,Analyst
51-6062.00,1.A.2.b.2,Multilimb Coordination,IM,3.12,8,0.125,2.88,3.37,N,,08/2019,Analyst
51-6062.00,1.A.2.b.2,Multilimb Coordination,LV,3.0,8,0.0,3.0,3.0,N,N,08/2019,Analyst
51-6062.00,1.A.2.b.3,Response Orientation,IM,3.0,8,0.0,3.0,3.0,N,,08/2019,Analyst
51-6062.00,1.A.2.b.3,Response Orientation,LV,3.0,8,0.0,3.0,3.0,N,N,08/2019,Analyst
51-6062.00,1.A.2.b.4,Rate Control,IM,3.0,8,0.0,3.0,3.0,N,,08/2019,Analyst
51-6062.00,1.A.2.b.4,Rate Control,LV,3.0,8,0.0,3.0,3.0,N,N,08/2019,Analyst
51-6062.00,1.A.2.c.1,Reaction Time,IM,3.12,8,0.125,2.88,3.37,N,,08/2019,Analyst
51-6062.00,1.A.2.c.1,Reaction Time,LV,3.62,8,0.183,3.2664,3.9836,N,N,08/2019,Analyst
51-6062.00,1.A.2.c.2,Wrist-Finger Speed,IM,2.25,8,0.1637,1.9292,2.5708,N,,08/2019,Analyst
51-6062.00,1.A.2.c.2,Wrist-Finger Speed,LV,2.12,8,0.125,1.88,2.37,N,N,08/2019,Analyst
51-6062.00,1.A.2.c.3,Speed of Limb Movement,IM,2.0,8,0.0,2.0,2.0,N,,08/2019,Analyst
51-6062.00,1.A.2.c.3,Speed of Limb Movement,LV,1.75,8,0.1637,1.4292,2.0708,N,N,08/2019,Analyst
51-6062.00,1.A.3.a.1,Static Strength,IM,3.12,8,0.125,2.88,3.37,N,,08/2019,Analyst
51-6062.00,1.A.3.a.1,Static Strength,LV,3.0,8,0.189,2.6296,3.3704,N,N,08/2019,Analyst
51-6062.00,1.A.3.a.2,Explosive Strength,IM,1.62,8,0.183,1.2664,1.9836,N,,08/2019,Analyst
51-6062.00,1.A.3.a.2,Explosive Strength,LV,0.88,8,0.295,0.2967,1.4533,N,N,08/2019,Analyst
51-6062.00,1.A.3.a.3,Dynamic Strength,IM,2.25,8,0.1637,1.9292,2.5708,N,,08/2019,Analyst
51-6062.00,1.A.3.a.3,Dynamic Strength,LV,2.25,8,0.1637,1.9292,2.5708,N,N,08/2019,Analyst
51-6062.00,1.A.3.a.4,Trunk Strength,IM,3.12,8,0.125,2.88,3.37,N,,08/2019,Analyst
51-6062.00,1.A.3.a.4,Trunk Strength,LV,3.0,8,0.0,3.0,3.0,N,N,08/2019,Analyst
51-6062.00,1.A.3.b.1,Stamina,IM,2.75,8,0.25,2.26,3.24,N,,08/2019,Analyst
51-6062.00,1.A.3.b.1,Stamina,LV,2.38,8,0.183,2.0164,2.7336,N,N,08/2019,Analyst
51-6062.00,1.A.3.c.1,Extent Flexibility,IM,2.88,8,0.125,2.63,3.12,N,,08/2019,Analyst
51-6062.00,1.A.3.c.1,Extent Flexibility,LV,3.12,8,0.125,2.88,3.37,N,N,08/2019,Analyst
51-6062.00,1.A.3.c.2,Dynamic Flexibility,IM,1.5,8,0.189,1.1296,1.8704,N,,08/2019,Analyst
51-6062.00,1.A.3.c.2,Dynamic Flexibility,LV,0.62,8,0.2631,0.1094,1.1406,N,N,08/2019,Analyst
51-6062.00,1.A.3.c.3,Gross Body Coordination,IM,2.12,8,0.125,1.88,2.37,N,,08/2019,Analyst
51-6062.00,1.A.3.c.3,Gross Body Coordination,LV,2.0,8,0.0,2.0,2.0,N,N,08/2019,Analyst
51-6062.00,1.A.3.c.4,Gross Body Equilibrium,IM,1.88,8,0.125,1.63,2.12,N,,08/2019,Analyst
51-6062.00,1.A.3.c.4,Gross Body Equilibrium,LV,1.75,8,0.25,1.26,2.24,N,N,08/2019,Analyst
51-6062.00,1.A.4.a.1,Near Vision,IM,3.12,8,0.125,2.88,3.37,N,,08/2019,Analyst
51-6062.00,1.A.4.a.1,Near Vision,LV,3.25,8,0.1637,2.9292,3.5708,N,N,08/2019,Analyst
51-6062.00,1.A.4.a.2,Far Vision,IM,2.88,8,0.125,2.63,3.12,N,,08/2019,Analyst
51-6062.00,1.A.4.a.2,Far Vision,LV,3.0,8,0.0,3.0,3.0,N,N,08/2019,Analyst
51-6062.00,1.A.4.a.3,Visual Color Discrimination,IM,2.88,8,0.125,2.63,3.12,N,,08/2019,Analyst
51-6062.00,1.A.4.a.3,Visual Color Discrimination,LV,2.88,8,0.125,2.63,3.12,N,N,08/2019,Analyst
51-6062.00,1.A.4.a.4,Night Vision,IM,1.5,8,0.189,1.1296,1.8704,N,,08/2019,Analyst
51-6062.00,1.A.4.a.4,Night Vision,LV,0.5,8,0.189,0.1296,0.8704,N,N,08/2019,Analyst
51-6062.00,1.A.4.a.5,Peripheral Vision,IM,1.88,8,0.125,1.63,2.12,N,,08/2019,Analyst
51-6062.00,1.A.4.a.5,Peripheral Vision,LV,1.38,8,0.2631,0.8594,1.8906,N,N,08/2019,Analyst
51-6062.00,1.A.4.a.6,Depth Perception,IM,3.0,8,0.0,3.0,3.0,N,,08/2019,Analyst
51-6062.00,1.A.4.a.6,Depth Perception,LV,3.0,8,0.0,3.0,3.0,N,N,08/2019,Analyst
51-6062.00,1.A.4.a.7,Glare Sensitivity,IM,1.75,8,0.1637,1.4292,2.0708,N,,08/2019,Analyst
51-6062.00,1.A.4.a.7,Glare Sensitivity,LV,0.88,8,0.2266,0.4309,1.3191,N,N,08/2019,Analyst
51-6062.00,1.A.4.b.1,Hearing Sensitivity,IM,2.88,8,0.125,2.63,3.12,N,,08/2019,Analyst
51-6062.00,1.A.4.b.1,Hearing Sensitivity,LV,2.75,8,0.1637,2.4292,3.0708,N,N,08/2019,Analyst
51-6062.00,1.A.4.b.2,Auditory Attention,IM,3.12,8,0.125,2.88,3.37,N,,08/2019,Analyst
51-6062.00,1.A.4.b.2,Auditory Attention,LV,3.0,8,0.189,2.6296,3.3704,N,N,08/2019,Analyst
51-6062.00,1.A.4.b.3,Sound Localization,IM,2.0,8,0.0,2.0,2.0,N,,08/2019,Analyst
51-6062.00,1.A.4.b.3,Sound Localization,LV,1.88,8,0.125,1.63,2.12,N,N,08/2019,Analyst
51-6062.00,1.A.4.b.4,Speech Recognition,IM,2.88,8,0.125,2.63,3.12,N,,08/2019,Analyst
51-6062.00,1.A.4.b.4,Speech Recognition,LV,2.75,8,0.1637,2.4292,3.0708,N,N,08/2019,Analyst
51-6062.00,1.A.4.b.5,Speech Clarity,IM,3.0,8,0.0,3.0,3.0,N,,08/2019,Analyst
51-6062.00,1.A.4.b.5,Speech Clarity,LV,2.88,8,0.125,2.63,3.12,N,N,08/2019,Analyst
51-6063.00,1.A.1.a.1,Oral Comprehension,IM,3.12,8,0.125,2.88,3.37,N,,08/2023,Analyst
51-6063.00,1.A.1.a.1,Oral Comprehension,LV,3.12,8,0.125,2.88,3.37,N,N,08/2023,Analyst
51-6063.00,1.A.1.a.2,Written Comprehension,IM,2.75,8,0.1637,2.4292,3.0708,N,,08/2023,Analyst
51-6063.00,1.A.1.a.2,Written Comprehension,LV,2.5,8,0.189,2.1296,2.8704,N,N,08/2023,Analyst
51-6063.00,1.A.1.a.3,Oral Expression,IM,3.0,8,0.0,3.0,3.0,N,,08/2023,Analyst
51-6063.00,1.A.1.a.3,Oral Expression,LV,3.0,8,0.0,3.0,3.0,N,N,08/2023,Analyst
51-6063.00,1.A.1.a.4,Written Expression,IM,2.5,8,0.189,2.1296,2.8704,N,,08/2023,Analyst
51-6063.00,1.A.1.a.4,Written Expression,LV,2.12,8,0.125,1.88,2.37,N,N,08/2023,Analyst
51-6063.00,1.A.1.b.1,Fluency of Ideas,IM,2.0,8,0.0,2.0,2.0,N,,08/2023,Analyst
51-6063.00,1.A.1.b.1,Fluency of Ideas,LV,1.5,8,0.189,1.1296,1.8704,N,N,08/2023,Analyst
51-6063.00,1.A.1.b.2,Originality,IM,2.12,8,0.125,1.88,2.37,N,,08/2023,Analyst
51-6063.00,1.A.1.b.2,Originality,LV,1.5,8,0.189,1.1296,1.8704,N,N,08/2023,Analyst
51-6063.00,1.A.1.b.3,Problem Sensitivity,IM,3.12,8,0.125,2.88,3.37,N,,08/2023,Analyst
51-6063.00,1.A.1.b.3,Problem Sensitivity,LV,3.0,8,0.189,2.6296,3.3704,N,N,08/2023,Analyst
51-6063.00,1.A.1.b.4,Deductive Reasoning,IM,2.88,8,0.2266,2.4309,3.3191,N,,08/2023,Analyst
51-6063.00,1.A.1.b.4,Deductive Reasoning,LV,2.62,8,0.183,2.2664,2.9836,N,N,08/2023,Analyst
51-6063.00,1.A.1.b.5,Inductive Reasoning,IM,2.75,8,0.1637,2.4292,3.0708,N,,08/2023,Analyst
51-6063.00,1.A.1.b.5,Inductive Reasoning,LV,2.38,8,0.183,2.0164,2.7336,N,N,08/2023,Analyst
51-6063.00,1.A.1.b.6,Information Ordering,IM,2.88,8,0.125,2.63,3.12,N,,08/2023,Analyst
51-6063.00,1.A.1.b.6,Information Ordering,LV,2.62,8,0.183,2.2664,2.9836,N,N,08/2023,Analyst
51-6063.00,1.A.1.b.7,Category Flexibility,IM,2.75,8,0.1637,2.4292,3.0708,N,,08/2023,Analyst
51-6063.00,1.A.1.b.7,Category Flexibility,LV,2.75,8,0.1637,2.4292,3.0708,N,N,08/2023,Analyst
51-6063.00,1.A.1.c.1,Mathematical Reasoning,IM,2.0,8,0.0,2.0,2.0,N,,08/2023,Analyst
51-6063.00,1.A.1.c.1,Mathematical Reasoning,LV,1.0,8,0.0,1.0,1.0,N,N,08/2023,Analyst
51-6063.00,1.A.1.c.2,Number Facility,IM,2.0,8,0.0,2.0,2.0,N,,08/2023,Analyst
51-6063.00,1.A.1.c.2,Number Facility,LV,1.0,8,0.0,1.0,1.0,N,N,08/2023,Analyst
51-6063.00,1.A.1.d.1,Memorization,IM,2.0,8,0.189,1.6296,2.3704,N,,08/2023,Analyst
51-6063.00,1.A.1.d.1,Memorization,LV,1.12,8,0.2266,0.6809,1.5691,N,N,08/2023,Analyst
51-6063.00,1.A.1.e.1,Speed of Closure,IM,2.0,8,0.189,1.6296,2.3704,N,,08/2023,Analyst
51-6063.00,1.A.1.e.1,Speed of Closure,LV,1.5,8,0.3273,0.8584,2.1416,N,N,08/2023,Analyst
51-6063.00,1.A.1.e.2,Flexibility of Closure,IM,2.75,8,0.25,2.26,3.24,N,,08/2023,Analyst
51-6063.00,1.A.1.e.2,Flexibility of Closure,LV,2.38,8,0.2631,1.8594,2.8906,N,N,08/2023,Analyst
51-6063.00,1.A.1.e.3,Perceptual Speed,IM,2.88,8,0.2266,2.4309,3.3191,N,,08/2023,Analyst
51-6063.00,1.A.1.e.3,Perceptual Speed,LV,2.88,8,0.2266,2.4309,3.3191,N,N,08/2023,Analyst
51-6063.00,1.A.1.f.1,Spatial Orientation,IM,1.12,8,0.125,1.0,1.37,N,,08/2023,Analyst
51-6063.00,1.A.1.f.1,Spatial Orientation,LV,0.12,8,0.125,0.0,0.37,N,Y,08/2023,Analyst
51-6063.00,1.A.1.f.2,Visualization,IM,3.0,8,0.189,2.6296,3.3704,N,,08/2023,Analyst
51-6063.00,1.A.1.f.2,Visualization,LV,3.0,8,0.189,2.6296,3.3704,N,N,08/2023,Analyst
51-6063.00,1.A.1.g.1,Selective Attention,IM,3.12,8,0.125,2.88,3.37,N,,08/2023,Analyst
51-6063.00,1.A.1.g.1,Selective Attention,LV,3.0,8,0.189,2.6296,3.3704,N,N,08/2023,Analyst
51-6063.00,1.A.1.g.2,Time Sharing,IM,2.12,8,0.125,1.88,2.37,N,,08/2023,Analyst
51-6063.00,1.A.1.g.2,Time Sharing,LV,2.12,8,0.125,1.88,2.37,N,N,08/2023,Analyst
51-6063.00,1.A.2.a.1,Arm-Hand Steadiness,IM,3.88,8,0.125,3.63,4.12,N,,08/2023,Analyst
51-6063.00,1.A.2.a.1,Arm-Hand Steadiness,LV,3.62,8,0.183,3.2664,3.9836,N,N,08/2023,Analyst
51-6063.00,1.A.2.a.2,Manual Dexterity,IM,3.25,8,0.1637,2.9292,3.5708,N,,08/2023,Analyst
51-6063.00,1.A.2.a.2,Manual Dexterity,LV,3.12,8,0.125,2.88,3.37,N,N,08/2023,Analyst
51-6063.00,1.A.2.a.3,Finger Dexterity,IM,3.62,8,0.183,3.2664,3.9836,N,,08/2023,Analyst
51-6063.00,1.A.2.a.3,Finger Dexterity,LV,3.5,8,0.189,3.1296,3.8704,N,N,08/2023,Analyst
51-6063.00,1.A.2.b.1,Control Precision,IM,3.62,8,0.183,3.2664,3.9836,N,,08/2023,Analyst
51-6063.00,1.A.2.b.1,Control Precision,LV,3.5,8,0.189,3.1296,3.8704,N,N,08/2023,Analyst
51-6063.00,1.A.2.b.2,Multilimb Coordination,IM,3.5,8,0.189,3.1296,3.8704,N,,08/2023,Analyst
51-6063.00,1.A.2.b.2,Multilimb Coordination,LV,3.12,8,0.125,2.88,3.37,N,N,08/2023,Analyst
51-6063.00,1.A.2.b.3,Response Orientation,IM,2.38,8,0.183,2.0164,2.7336,N,,08/2023,Analyst
51-6063.00,1.A.2.b.3,Response Orientation,LV,2.12,8,0.125,1.88,2.37,N,N,08/2023,Analyst
51-6063.00,1.A.2.b.4,Rate Control,IM,2.62,8,0.183,2.2664,2.9836,N,,08/2023,Analyst
51-6063.00,1.A.2.b.4,Rate Control,LV,2.25,8,0.1637,1.9292,2.5708,N,N,08/2023,Analyst
51-6063.00,1.A.2.c.1,Reaction Time,IM,3.0,8,0.0,3.0,3.0,N,,08/2023,Analyst
51-6063.00,1.A.2.c.1,Reaction Time,LV,2.88,8,0.125,2.63,3.12,N,N,08/2023,Analyst
51-6063.00,1.A.2.c.2,Wrist-Finger Speed,IM,2.25,8,0.1637,1.9292,2.5708,N,,08/2023,Analyst
51-6063.00,1.A.2.c.2,Wrist-Finger Speed,LV,2.12,8,0.125,1.88,2.37,N,N,08/2023,Analyst
51-6063.00,1.A.2.c.3,Speed of Limb Movement,IM,1.75,8,0.1637,1.4292,2.0708,N,,08/2023,Analyst
51-6063.00,1.A.2.c.3,Speed of Limb Movement,LV,1.0,8,0.2673,0.4762,1.5238,N,N,08/2023,Analyst
51-6063.00,1.A.3.a.1,Static Strength,IM,2.62,8,0.2631,2.1094,3.1406,N,,08/2023,Analyst
51-6063.00,1.A.3.a.1,Static Strength,LV,2.5,8,0.2673,1.9762,3.0238,N,N,08/2023,Analyst
51-6063.00,1.A.3.a.2,Explosive Strength,IM,1.38,8,0.183,1.0164,1.7336,N,,08/2023,Analyst
51-6063.00,1.A.3.a.2,Explosive Strength,LV,0.5,8,0.2673,0.0,1.0238,N,N,08/2023,Analyst
51-6063.00,1.A.3.a.3,Dynamic Strength,IM,1.88,8,0.2266,1.4309,2.3191,N,,08/2023,Analyst
51-6063.00,1.A.3.a.3,Dynamic Strength,LV,1.62,8,0.375,0.89,2.36,N,N,08/2023,Analyst
51-6063.00,1.A.3.a.4,Trunk Strength,IM,3.25,8,0.1637,2.9292,3.5708,N,,08/2023,Analyst
51-6063.00,1.A.3.a.4,Trunk Strength,LV,3.0,8,0.0,3.0,3.0,N,N,08/2023,Analyst
51-6063.00,1.A.3.b.1,Stamina,IM,2.75,8,0.1637,2.4292,3.0708,N,,08/2023,Analyst
51-6063.00,1.A.3.b.1,Stamina,LV,2.38,8,0.183,2.0164,2.7336,N,N,08/2023,Analyst
51-6063.00,1.A.3.c.1,Extent Flexibility,IM,2.88,8,0.125,2.63,3.12,N,,08/2023,Analyst
51-6063.00,1.A.3.c.1,Extent Flexibility,LV,2.88,8,0.125,2.63,3.12,N,N,08/2023,Analyst
51-6063.00,1.A.3.c.2,Dynamic Flexibility,IM,1.25,8,0.1637,1.0,1.5708,N,,08/2023,Analyst
51-6063.00,1.A.3.c.2,Dynamic Flexibility,LV,0.25,8,0.1637,0.0,0.5708,N,Y,08/2023,Analyst
51-6063.00,1.A.3.c.3,Gross Body Coordination,IM,2.0,8,0.0,2.0,2.0,N,,08/2023,Analyst
51-6063.00,1.A.3.c.3,Gross Body Coordination,LV,2.0,8,0.0,2.0,2.0,N,N,08/2023,Analyst
51-6063.00,1.A.3.c.4,Gross Body Equilibrium,IM,1.88,8,0.125,1.63,2.12,N,,08/2023,Analyst
51-6063.00,1.A.3.c.4,Gross Body Equilibrium,LV,1.0,8,0.189,0.6296,1.3704,N,N,08/2023,Analyst
51-6063.00,1.A.4.a.1,Near Vision,IM,3.12,8,0.125,2.88,3.37,N,,08/2023,Analyst
51-6063.00,1.A.4.a.1,Near Vision,LV,3.0,8,0.0,3.0,3.0,N,N,08/2023,Analyst
51-6063.00,1.A.4.a.2,Far Vision,IM,2.38,8,0.2631,1.8594,2.8906,N,,08/2023,Analyst
51-6063.00,1.A.4.a.2,Far Vision,LV,2.25,8,0.25,1.76,2.74,N,N,08/2023,Analyst
51-6063.00,1.A.4.a.3,Visual Color Discrimination,IM,2.88,8,0.125,2.63,3.12,N,,08/2023,Analyst
51-6063.00,1.A.4.a.3,Visual Color Discrimination,LV,2.88,8,0.125,2.63,3.12,N,N,08/2023,Analyst
51-6063.00,1.A.4.a.4,Night Vision,IM,1.0,8,0.0,1.0,1.0,N,,08/2023,Analyst
51-6063.00,1.A.4.a.4,Night Vision,LV,0.0,8,0.0,0.0,0.0,N,Y,08/2023,Analyst
51-6063.00,1.A.4.a.5,Peripheral Vision,IM,1.0,8,0.0,1.0,1.0,N,,08/2023,Analyst
51-6063.00,1.A.4.a.5,Peripheral Vision,LV,0.0,8,0.0,0.0,0.0,N,Y,08/2023,Analyst
51-6063.00,1.A.4.a.6,Depth Perception,IM,2.0,8,0.0,2.0,2.0,N,,08/2023,Analyst
51-6063.00,1.A.4.a.6,Depth Perception,LV,2.0,8,0.0,2.0,2.0,N,N,08/2023,Analyst
51-6063.00,1.A.4.a.7,Glare Sensitivity,IM,1.25,8,0.1637,1.0,1.5708,N,,08/2023,Analyst
51-6063.00,1.A.4.a.7,Glare Sensitivity,LV,0.25,8,0.1637,0.0,0.5708,N,Y,08/2023,Analyst
51-6063.00,1.A.4.b.1,Hearing Sensitivity,IM,2.5,8,0.189,2.1296,2.8704,N,,08/2023,Analyst
51-6063.00,1.A.4.b.1,Hearing Sensitivity,LV,2.38,8,0.183,2.0164,2.7336,N,N,08/2023,Analyst
51-6063.00,1.A.4.b.2,Auditory Attention,IM,3.0,8,0.189,2.6296,3.3704,N,,08/2023,Analyst
51-6063.00,1.A.4.b.2,Auditory Attention,LV,2.88,8,0.2266,2.4309,3.3191,N,N,08/2023,Analyst
51-6063.00,1.A.4.b.3,Sound Localization,IM,1.25,8,0.1637,1.0,1.5708,N,,08/2023,Analyst
51-6063.00,1.A.4.b.3,Sound Localization,LV,0.38,8,0.2631,0.0,0.8906,N,Y,08/2023,Analyst
51-6063.00,1.A.4.b.4,Speech Recognition,IM,2.88,8,0.125,2.63,3.12,N,,08/2023,Analyst
51-6063.00,1.A.4.b.4,Speech Recognition,LV,2.5,8,0.189,2.1296,2.8704,N,N,08/2023,Analyst
51-6063.00,1.A.4.b.5,Speech Clarity,IM,2.88,8,0.125,2.63,3.12,N,,08/2023,Analyst
51-6063.00,1.A.4.b.5,Speech Clarity,LV,2.5,8,0.189,2.1296,2.8704,N,N,08/2023,Analyst
51-6064.00,1.A.1.a.1,Oral Comprehension,IM,2.75,8,0.1637,2.4292,3.0708,N,,08/2019,Analyst
51-6064.00,1.A.1.a.1,Oral Comprehension,LV,2.75,8,0.1637,2.4292,3.0708,N,N,08/2019,Analyst
51-6064.00,1.A.1.a.2,Written Comprehension,IM,2.38,8,0.183,2.0164,2.7336,N,,08/2019,Analyst
51-6064.00,1.A.1.a.2,Written Comprehension,LV,2.38,8,0.183,2.0164,2.7336,N,N,08/2019,Analyst
51-6064.00,1.A.1.a.3,Oral Expression,IM,3.0,8,0.189,2.6296,3.3704,N,,08/2019,Analyst
51-6064.00,1.A.1.a.3,Oral Expression,LV,2.75,8,0.1637,2.4292,3.0708,N,N,08/2019,Analyst
51-6064.00,1.A.1.a.4,Written Expression,IM,2.12,8,0.125,1.88,2.37,N,,08/2019,Analyst
51-6064.00,1.A.1.a.4,Written Expression,LV,2.0,8,0.0,2.0,2.0,N,N,08/2019,Analyst
51-6064.00,1.A.1.b.1,Fluency of Ideas,IM,2.0,8,0.0,2.0,2.0,N,,08/2019,Analyst
51-6064.00,1.A.1.b.1,Fluency of Ideas,LV,2.0,8,0.0,2.0,2.0,N,N,08/2019,Analyst
51-6064.00,1.A.1.b.2,Originality,IM,2.0,8,0.0,2.0,2.0,N,,08/2019,Analyst
51-6064.00,1.A.1.b.2,Originality,LV,2.0,8,0.0,2.0,2.0,N,N,08/2019,Analyst
51-6064.00,1.A.1.b.3,Problem Sensitivity,IM,3.12,8,0.125,2.88,3.37,N,,08/2019,Analyst
51-6064.00,1.A.1.b.3,Problem Sensitivity,LV,3.0,8,0.0,3.0,3.0,N,N,08/2019,Analyst
51-6064.00,1.A.1.b.4,Deductive Reasoning,IM,2.88,8,0.125,2.63,3.12,N,,08/2019,Analyst
51-6064.00,1.A.1.b.4,Deductive Reasoning,LV,2.62,8,0.183,2.2664,2.9836,N,N,08/2019,Analyst
51-6064.00,1.A.1.b.5,Inductive Reasoning,IM,2.75,8,0.1637,2.4292,3.0708,N,,08/2019,Analyst
51-6064.00,1.A.1.b.5,Inductive Reasoning,LV,2.38,8,0.183,2.0164,2.7336,N,N,08/2019,Analyst
51-6064.00,1.A.1.b.6,Information Ordering,IM,2.88,8,0.125,2.63,3.12,N,,08/2019,Analyst
51-6064.00,1.A.1.b.6,Information Ordering,LV,2.88,8,0.125,2.63,3.12,N,N,08/2019,Analyst
51-6064.00,1.A.1.b.7,Category Flexibility,IM,3.0,8,0.0,3.0,3.0,N,,08/2019,Analyst
51-6064.00,1.A.1.b.7,Category Flexibility,LV,2.88,8,0.125,2.63,3.12,N,N,08/2019,Analyst
51-6064.00,1.A.1.c.1,Mathematical Reasoning,IM,2.0,8,0.0,2.0,2.0,N,,08/2019,Analyst
51-6064.00,1.A.1.c.1,Mathematical Reasoning,LV,1.88,8,0.125,1.63,2.12,N,N,08/2019,Analyst
51-6064.00,1.A.1.c.2,Number Facility,IM,2.0,8,0.0,2.0,2.0,N,,08/2019,Analyst
51-6064.00,1.A.1.c.2,Number Facility,LV,2.0,8,0.189,1.6296,2.3704,N,N,08/2019,Analyst
51-6064.00,1.A.1.d.1,Memorization,IM,2.12,8,0.125,1.88,2.37,N,,08/2019,Analyst
51-6064.00,1.A.1.d.1,Memorization,LV,1.88,8,0.125,1.63,2.12,N,N,08/2019,Analyst
51-6064.00,1.A.1.e.1,Speed of Closure,IM,2.38,8,0.183,2.0164,2.7336,N,,08/2019,Analyst
51-6064.00,1.A.1.e.1,Speed of Closure,LV,2.38,8,0.183,2.0164,2.7336,N,N,08/2019,Analyst
51-6064.00,1.A.1.e.2,Flexibility of Closure,IM,3.0,8,0.0,3.0,3.0,N,,08/2019,Analyst
51-6064.00,1.A.1.e.2,Flexibility of Closure,LV,2.88,8,0.125,2.63,3.12,N,N,08/2019,Analyst
51-6064.00,1.A.1.e.3,Perceptual Speed,IM,3.0,8,0.0,3.0,3.0,N,,08/2019,Analyst
51-6064.00,1.A.1.e.3,Perceptual Speed,LV,3.12,8,0.125,2.88,3.37,N,N,08/2019,Analyst
51-6064.00,1.A.1.f.1,Spatial Orientation,IM,1.38,8,0.183,1.0164,1.7336,N,,08/2019,Analyst
51-6064.00,1.A.1.f.1,Spatial Orientation,LV,0.5,8,0.2673,0.0,1.0238,N,N,08/2019,Analyst
51-6064.00,1.A.1.f.2,Visualization,IM,3.0,8,0.0,3.0,3.0,N,,08/2019,Analyst
51-6064.00,1.A.1.f.2,Visualization,LV,2.88,8,0.125,2.63,3.12,N,N,08/2019,Analyst
51-6064.00,1.A.1.g.1,Selective Attention,IM,3.12,8,0.125,2.88,3.37,N,,08/2019,Analyst
51-6064.00,1.A.1.g.1,Selective Attention,LV,3.12,8,0.125,2.88,3.37,N,N,08/2019,Analyst
51-6064.00,1.A.1.g.2,Time Sharing,IM,2.12,8,0.125,1.88,2.37,N,,08/2019,Analyst
51-6064.00,1.A.1.g.2,Time Sharing,LV,2.12,8,0.125,1.88,2.37,N,N,08/2019,Analyst
51-6064.00,1.A.2.a.1,Arm-Hand Steadiness,IM,3.62,8,0.183,3.2664,3.9836,N,,08/2019,Analyst
51-6064.00,1.A.2.a.1,Arm-Hand Steadiness,LV,4.0,8,0.0,4.0,4.0,N,N,08/2019,Analyst
51-6064.00,1.A.2.a.2,Manual Dexterity,IM,3.38,8,0.183,3.0164,3.7336,N,,08/2019,Analyst
51-6064.00,1.A.2.a.2,Manual Dexterity,LV,3.38,8,0.183,3.0164,3.7336,N,N,08/2019,Analyst
51-6064.00,1.A.2.a.3,Finger Dexterity,IM,3.38,8,0.183,3.0164,3.7336,N,,08/2019,Analyst
51-6064.00,1.A.2.a.3,Finger Dexterity,LV,3.75,8,0.1637,3.4292,4.0708,N,N,08/2019,Analyst
51-6064.00,1.A.2.b.1,Control Precision,IM,3.5,8,0.189,3.1296,3.8704,N,,08/2019,Analyst
51-6064.00,1.A.2.b.1,Control Precision,LV,3.5,8,0.189,3.1296,3.8704,N,N,08/2019,Analyst
51-6064.00,1.A.2.b.2,Multilimb Coordination,IM,3.25,8,0.1637,2.9292,3.5708,N,,08/2019,Analyst
51-6064.00,1.A.2.b.2,Multilimb Coordination,LV,3.12,8,0.125,2.88,3.37,N,N,08/2019,Analyst
51-6064.00,1.A.2.b.3,Response Orientation,IM,2.62,8,0.183,2.2664,2.9836,N,,08/2019,Analyst
51-6064.00,1.A.2.b.3,Response Orientation,LV,2.62,8,0.183,2.2664,2.9836,N,N,08/2019,Analyst
51-6064.00,1.A.2.b.4,Rate Control,IM,3.0,8,0.0,3.0,3.0,N,,08/2019,Analyst
51-6064.00,1.A.2.b.4,Rate Control,LV,3.12,8,0.125,2.88,3.37,N,N,08/2019,Analyst
51-6064.00,1.A.2.c.1,Reaction Time,IM,3.38,8,0.183,3.0164,3.7336,N,,08/2019,Analyst
51-6064.00,1.A.2.c.1,Reaction Time,LV,3.62,8,0.183,3.2664,3.9836,N,N,08/2019,Analyst
51-6064.00,1.A.2.c.2,Wrist-Finger Speed,IM,3.0,8,0.0,3.0,3.0,N,,08/2019,Analyst
51-6064.00,1.A.2.c.2,Wrist-Finger Speed,LV,3.0,8,0.0,3.0,3.0,N,N,08/2019,Analyst
51-6064.00,1.A.2.c.3,Speed of Limb Movement,IM,2.38,8,0.183,2.0164,2.7336,N,,08/2019,Analyst
51-6064.00,1.A.2.c.3,Speed of Limb Movement,LV,2.0,8,0.189,1.6296,2.3704,N,N,08/2019,Analyst
51-6064.00,1.A.3.a.1,Static Strength,IM,3.12,8,0.125,2.88,3.37,N,,08/2019,Analyst
51-6064.00,1.A.3.a.1,Static Strength,LV,3.0,8,0.189,2.6296,3.3704,N,N,08/2019,Analyst
51-6064.00,1.A.3.a.2,Explosive Strength,IM,1.62,8,0.183,1.2664,1.9836,N,,08/2019,Analyst
51-6064.00,1.A.3.a.2,Explosive Strength,LV,1.0,8,0.3273,0.3584,1.6416,N,N,08/2019,Analyst
51-6064.00,1.A.3.a.3,Dynamic Strength,IM,2.62,8,0.183,2.2664,2.9836,N,,08/2019,Analyst
51-6064.00,1.A.3.a.3,Dynamic Strength,LV,2.38,8,0.183,2.0164,2.7336,N,N,08/2019,Analyst
51-6064.00,1.A.3.a.4,Trunk Strength,IM,3.25,8,0.1637,2.9292,3.5708,N,,08/2019,Analyst
51-6064.00,1.A.3.a.4,Trunk Strength,LV,3.0,8,0.0,3.0,3.0,N,N,08/2019,Analyst
51-6064.00,1.A.3.b.1,Stamina,IM,2.88,8,0.125,2.63,3.12,N,,08/2019,Analyst
51-6064.00,1.A.3.b.1,Stamina,LV,2.75,8,0.1637,2.4292,3.0708,N,N,08/2019,Analyst
51-6064.00,1.A.3.c.1,Extent Flexibility,IM,3.12,8,0.125,2.88,3.37,N,,08/2019,Analyst
51-6064.00,1.A.3.c.1,Extent Flexibility,LV,3.25,8,0.1637,2.9292,3.5708,N,N,08/2019,Analyst
51-6064.00,1.A.3.c.2,Dynamic Flexibility,IM,1.62,8,0.183,1.2664,1.9836,N,,08/2019,Analyst
51-6064.00,1.A.3.c.2,Dynamic Flexibility,LV,0.75,8,0.25,0.26,1.24,N,N,08/2019,Analyst
51-6064.00,1.A.3.c.3,Gross Body Coordination,IM,2.88,8,0.125,2.63,3.12,N,,08/2019,Analyst
51-6064.00,1.A.3.c.3,Gross Body Coordination,LV,2.88,8,0.125,2.63,3.12,N,N,08/2019,Analyst
51-6064.00,1.A.3.c.4,Gross Body Equilibrium,IM,2.0,8,0.0,2.0,2.0,N,,08/2019,Analyst
51-6064.00,1.A.3.c.4,Gross Body Equilibrium,LV,1.88,8,0.125,1.63,2.12,N,N,08/2019,Analyst
51-6064.00,1.A.4.a.1,Near Vision,IM,3.25,8,0.1637,2.9292,3.5708,N,,08/2019,Analyst
51-6064.00,1.A.4.a.1,Near Vision,LV,3.38,8,0.183,3.0164,3.7336,N,N,08/2019,Analyst
51-6064.00,1.A.4.a.2,Far Vision,IM,3.0,8,0.0,3.0,3.0,N,,08/2019,Analyst
51-6064.00,1.A.4.a.2,Far Vision,LV,3.0,8,0.0,3.0,3.0,N,N,08/2019,Analyst
51-6064.00,1.A.4.a.3,Visual Color Discrimination,IM,3.0,8,0.0,3.0,3.0,N,,08/2019,Analyst
51-6064.00,1.A.4.a.3,Visual Color Discrimination,LV,3.12,8,0.125,2.88,3.37,N,N,08/2019,Analyst
51-6064.00,1.A.4.a.4,Night Vision,IM,1.0,8,0.0,1.0,1.0,N,,08/2019,Analyst
51-6064.00,1.A.4.a.4,Night Vision,LV,0.0,8,0.0,0.0,0.0,N,Y,08/2019,Analyst
51-6064.00,1.A.4.a.5,Peripheral Vision,IM,1.38,8,0.183,1.0164,1.7336,N,,08/2019,Analyst
51-6064.00,1.A.4.a.5,Peripheral Vision,LV,0.38,8,0.183,0.0164,0.7336,N,N,08/2019,Analyst
51-6064.00,1.A.4.a.6,Depth Perception,IM,2.88,8,0.125,2.63,3.12,N,,08/2019,Analyst
51-6064.00,1.A.4.a.6,Depth Perception,LV,2.75,8,0.1637,2.4292,3.0708,N,N,08/2019,Analyst
51-6064.00,1.A.4.a.7,Glare Sensitivity,IM,1.38,8,0.183,1.0164,1.7336,N,,08/2019,Analyst
51-6064.00,1.A.4.a.7,Glare Sensitivity,LV,0.38,8,0.183,0.0164,0.7336,N,N,08/2019,Analyst
51-6064.00,1.A.4.b.1,Hearing Sensitivity,IM,2.88,8,0.125,2.63,3.12,N,,08/2019,Analyst
51-6064.00,1.A.4.b.1,Hearing Sensitivity,LV,2.75,8,0.1637,2.4292,3.0708,N,N,08/2019,Analyst
51-6064.00,1.A.4.b.2,Auditory Attention,IM,3.0,8,0.189,2.6296,3.3704,N,,08/2019,Analyst
51-6064.00,1.A.4.b.2,Auditory Attention,LV,3.0,8,0.189,2.6296,3.3704,N,N,08/2019,Analyst
51-6064.00,1.A.4.b.3,Sound Localization,IM,1.12,8,0.125,1.0,1.37,N,,08/2019,Analyst
51-6064.00,1.A.4.b.3,Sound Localization,LV,0.12,8,0.125,0.0,0.37,N,Y,08/2019,Analyst
51-6064.00,1.A.4.b.4,Speech Recognition,IM,2.88,8,0.125,2.63,3.12,N,,08/2019,Analyst
51-6064.00,1.A.4.b.4,Speech Recognition,LV,2.75,8,0.1637,2.4292,3.0708,N,N,08/2019,Analyst
51-6064.00,1.A.4.b.5,Speech Clarity,IM,3.0,8,0.0,3.0,3.0,N,,08/2019,Analyst
51-6064.00,1.A.4.b.5,Speech Clarity,LV,2.5,8,0.189,2.1296,2.8704,N,N,08/2019,Analyst
51-6091.00,1.A.1.a.1,Oral Comprehension,IM,3.38,8,0.183,3.0164,3.7336,N,,08/2019,Analyst
51-6091.00,1.A.1.a.1,Oral Comprehension,LV,3.5,8,0.189,3.1296,3.8704,N,N,08/2019,Analyst
51-6091.00,1.A.1.a.2,Written Comprehension,IM,3.0,8,0.189,2.6296,3.3704,N,,08/2019,Analyst
51-6091.00,1.A.1.a.2,Written Comprehension,LV,3.0,8,0.0,3.0,3.0,N,N,08/2019,Analyst
51-6091.00,1.A.1.a.3,Oral Expression,IM,3.12,8,0.125,2.88,3.37,N,,08/2019,Analyst
51-6091.00,1.A.1.a.3,Oral Expression,LV,3.0,8,0.0,3.0,3.0,N,N,08/2019,Analyst
51-6091.00,1.A.1.a.4,Written Expression,IM,2.62,8,0.183,2.2664,2.9836,N,,08/2019,Analyst
51-6091.00,1.A.1.a.4,Written Expression,LV,3.0,8,0.0,3.0,3.0,N,N,08/2019,Analyst
51-6091.00,1.A.1.b.1,Fluency of Ideas,IM,2.38,8,0.183,2.0164,2.7336,N,,08/2019,Analyst
51-6091.00,1.A.1.b.1,Fluency of Ideas,LV,2.12,8,0.125,1.88,2.37,N,N,08/2019,Analyst
51-6091.00,1.A.1.b.2,Originality,IM,2.25,8,0.1637,1.9292,2.5708,N,,08/2019,Analyst
51-6091.00,1.A.1.b.2,Originality,LV,2.12,8,0.125,1.88,2.37,N,N,08/2019,Analyst
51-6091.00,1.A.1.b.3,Problem Sensitivity,IM,3.75,8,0.1637,3.4292,4.0708,N,,08/2019,Analyst
51-6091.00,1.A.1.b.3,Problem Sensitivity,LV,3.12,8,0.125,2.88,3.37,N,N,08/2019,Analyst
51-6091.00,1.A.1.b.4,Deductive Reasoning,IM,3.12,8,0.125,2.88,3.37,N,,08/2019,Analyst
51-6091.00,1.A.1.b.4,Deductive Reasoning,LV,3.12,8,0.125,2.88,3.37,N,N,08/2019,Analyst
51-6091.00,1.A.1.b.5,Inductive Reasoning,IM,3.12,8,0.125,2.88,3.37,N,,08/2019,Analyst
51-6091.00,1.A.1.b.5,Inductive Reasoning,LV,3.0,8,0.0,3.0,3.0,N,N,08/2019,Analyst
51-6091.00,1.A.1.b.6,Information Ordering,IM,3.12,8,0.125,2.88,3.37,N,,08/2019,Analyst
51-6091.00,1.A.1.b.6,Information Ordering,LV,3.12,8,0.125,2.88,3.37,N,N,08/2019,Analyst
51-6091.00,1.A.1.b.7,Category Flexibility,IM,3.0,8,0.0,3.0,3.0,N,,08/2019,Analyst
51-6091.00,1.A.1.b.7,Category Flexibility,LV,3.0,8,0.0,3.0,3.0,N,N,08/2019,Analyst
51-6091.00,1.A.1.c.1,Mathematical Reasoning,IM,2.25,8,0.1637,1.9292,2.5708,N,,08/2019,Analyst
51-6091.00,1.A.1.c.1,Mathematical Reasoning,LV,2.0,8,0.0,2.0,2.0,N,N,08/2019,Analyst
51-6091.00,1.A.1.c.2,Number Facility,IM,2.0,8,0.0,2.0,2.0,N,,08/2019,Analyst
51-6091.00,1.A.1.c.2,Number Facility,LV,2.12,8,0.125,1.88,2.37,N,N,08/2019,Analyst
51-6091.00,1.A.1.d.1,Memorization,IM,2.0,8,0.0,2.0,2.0,N,,08/2019,Analyst
51-6091.00,1.A.1.d.1,Memorization,LV,2.0,8,0.0,2.0,2.0,N,N,08/2019,Analyst
51-6091.00,1.A.1.e.1,Speed of Closure,IM,2.12,8,0.125,1.88,2.37,N,,08/2019,Analyst
51-6091.00,1.A.1.e.1,Speed of Closure,LV,1.88,8,0.125,1.63,2.12,N,N,08/2019,Analyst
51-6091.00,1.A.1.e.2,Flexibility of Closure,IM,3.0,8,0.0,3.0,3.0,N,,08/2019,Analyst
51-6091.00,1.A.1.e.2,Flexibility of Closure,LV,3.0,8,0.0,3.0,3.0,N,N,08/2019,Analyst
51-6091.00,1.A.1.e.3,Perceptual Speed,IM,3.0,8,0.0,3.0,3.0,N,,08/2019,Analyst
51-6091.00,1.A.1.e.3,Perceptual Speed,LV,3.12,8,0.125,2.88,3.37,N,N,08/2019,Analyst
51-6091.00,1.A.1.f.1,Spatial Orientation,IM,2.0,8,0.0,2.0,2.0,N,,08/2019,Analyst
51-6091.00,1.A.1.f.1,Spatial Orientation,LV,1.5,8,0.189,1.1296,1.8704,N,N,08/2019,Analyst
51-6091.00,1.A.1.f.2,Visualization,IM,3.0,8,0.0,3.0,3.0,N,,08/2019,Analyst
51-6091.00,1.A.1.f.2,Visualization,LV,3.0,8,0.0,3.0,3.0,N,N,08/2019,Analyst
51-6091.00,1.A.1.g.1,Selective Attention,IM,3.0,8,0.0,3.0,3.0,N,,08/2019,Analyst
51-6091.00,1.A.1.g.1,Selective Attention,LV,3.5,8,0.189,3.1296,3.8704,N,N,08/2019,Analyst
51-6091.00,1.A.1.g.2,Time Sharing,IM,3.0,8,0.0,3.0,3.0,N,,08/2019,Analyst
51-6091.00,1.A.1.g.2,Time Sharing,LV,2.88,8,0.125,2.63,3.12,N,N,08/2019,Analyst
51-6091.00,1.A.2.a.1,Arm-Hand Steadiness,IM,3.38,8,0.183,3.0164,3.7336,N,,08/2019,Analyst
51-6091.00,1.A.2.a.1,Arm-Hand Steadiness,LV,3.12,8,0.125,2.88,3.37,N,N,08/2019,Analyst
51-6091.00,1.A.2.a.2,Manual Dexterity,IM,3.25,8,0.1637,2.9292,3.5708,N,,08/2019,Analyst
51-6091.00,1.A.2.a.2,Manual Dexterity,LV,3.25,8,0.1637,2.9292,3.5708,N,N,08/2019,Analyst
51-6091.00,1.A.2.a.3,Finger Dexterity,IM,3.38,8,0.183,3.0164,3.7336,N,,08/2019,Analyst
51-6091.00,1.A.2.a.3,Finger Dexterity,LV,3.12,8,0.125,2.88,3.37,N,N,08/2019,Analyst
51-6091.00,1.A.2.b.1,Control Precision,IM,3.75,8,0.1637,3.4292,4.0708,N,,08/2019,Analyst
51-6091.00,1.A.2.b.1,Control Precision,LV,3.12,8,0.125,2.88,3.37,N,N,08/2019,Analyst
51-6091.00,1.A.2.b.2,Multilimb Coordination,IM,3.25,8,0.1637,2.9292,3.5708,N,,08/2019,Analyst
51-6091.00,1.A.2.b.2,Multilimb Coordination,LV,3.12,8,0.125,2.88,3.37,N,N,08/2019,Analyst
51-6091.00,1.A.2.b.3,Response Orientation,IM,2.88,8,0.125,2.63,3.12,N,,08/2019,Analyst
51-6091.00,1.A.2.b.3,Response Orientation,LV,2.88,8,0.125,2.63,3.12,N,N,08/2019,Analyst
51-6091.00,1.A.2.b.4,Rate Control,IM,3.12,8,0.125,2.88,3.37,N,,08/2019,Analyst
51-6091.00,1.A.2.b.4,Rate Control,LV,3.0,8,0.0,3.0,3.0,N,N,08/2019,Analyst
51-6091.00,1.A.2.c.1,Reaction Time,IM,3.25,8,0.1637,2.9292,3.5708,N,,08/2019,Analyst
51-6091.00,1.A.2.c.1,Reaction Time,LV,3.5,8,0.189,3.1296,3.8704,N,N,08/2019,Analyst
51-6091.00,1.A.2.c.2,Wrist-Finger Speed,IM,2.5,8,0.189,2.1296,2.8704,N,,08/2019,Analyst
51-6091.00,1.A.2.c.2,Wrist-Finger Speed,LV,2.5,8,0.189,2.1296,2.8704,N,N,08/2019,Analyst
51-6091.00,1.A.2.c.3,Speed of Limb Movement,IM,2.12,8,0.2266,1.6809,2.5691,N,,08/2019,Analyst
51-6091.00,1.A.2.c.3,Speed of Limb Movement,LV,1.75,8,0.25,1.26,2.24,N,N,08/2019,Analyst
51-6091.00,1.A.3.a.1,Static Strength,IM,2.75,8,0.1637,2.4292,3.0708,N,,08/2019,Analyst
51-6091.00,1.A.3.a.1,Static Strength,LV,3.0,8,0.0,3.0,3.0,N,N,08/2019,Analyst
51-6091.00,1.A.3.a.2,Explosive Strength,IM,1.62,8,0.183,1.2664,1.9836,N,,08/2019,Analyst
51-6091.00,1.A.3.a.2,Explosive Strength,LV,1.0,8,0.3273,0.3584,1.6416,N,N,08/2019,Analyst
51-6091.00,1.A.3.a.3,Dynamic Strength,IM,2.5,8,0.189,2.1296,2.8704,N,,08/2019,Analyst
51-6091.00,1.A.3.a.3,Dynamic Strength,LV,2.25,8,0.1637,1.9292,2.5708,N,N,08/2019,Analyst
51-6091.00,1.A.3.a.4,Trunk Strength,IM,3.0,8,0.0,3.0,3.0,N,,08/2019,Analyst
51-6091.00,1.A.3.a.4,Trunk Strength,LV,3.0,8,0.0,3.0,3.0,N,N,08/2019,Analyst
51-6091.00,1.A.3.b.1,Stamina,IM,2.12,8,0.125,1.88,2.37,N,,08/2019,Analyst
51-6091.00,1.A.3.b.1,Stamina,LV,1.88,8,0.125,1.63,2.12,N,N,08/2019,Analyst
51-6091.00,1.A.3.c.1,Extent Flexibility,IM,2.88,8,0.125,2.63,3.12,N,,08/2019,Analyst
51-6091.00,1.A.3.c.1,Extent Flexibility,LV,2.88,8,0.2266,2.4309,3.3191,N,N,08/2019,Analyst
51-6091.00,1.A.3.c.2,Dynamic Flexibility,IM,1.12,8,0.125,1.0,1.37,N,,08/2019,Analyst
51-6091.00,1.A.3.c.2,Dynamic Flexibility,LV,0.12,8,0.125,0.0,0.37,N,Y,08/2019,Analyst
51-6091.00,1.A.3.c.3,Gross Body Coordination,IM,2.0,8,0.0,2.0,2.0,N,,08/2019,Analyst
51-6091.00,1.A.3.c.3,Gross Body Coordination,LV,2.0,8,0.0,2.0,2.0,N,N,08/2019,Analyst
51-6091.00,1.A.3.c.4,Gross Body Equilibrium,IM,2.0,8,0.0,2.0,2.0,N,,08/2019,Analyst
51-6091.00,1.A.3.c.4,Gross Body Equilibrium,LV,1.88,8,0.125,1.63,2.12,N,N,08/2019,Analyst
51-6091.00,1.A.4.a.1,Near Vision,IM,3.5,8,0.189,3.1296,3.8704,N,,08/2019,Analyst
51-6091.00,1.A.4.a.1,Near Vision,LV,3.25,8,0.1637,2.9292,3.5708,N,N,08/2019,Analyst
51-6091.00,1.A.4.a.2,Far Vision,IM,2.75,8,0.1637,2.4292,3.0708,N,,08/2019,Analyst
51-6091.00,1.A.4.a.2,Far Vision,LV,2.62,8,0.2631,2.1094,3.1406,N,N,08/2019,Analyst
51-6091.00,1.A.4.a.3,Visual Color Discrimination,IM,2.62,8,0.183,2.2664,2.9836,N,,08/2019,Analyst
51-6091.00,1.A.4.a.3,Visual Color Discrimination,LV,2.5,8,0.2673,1.9762,3.0238,N,N,08/2019,Analyst
51-6091.00,1.A.4.a.4,Night Vision,IM,1.88,8,0.125,1.63,2.12,N,,08/2019,Analyst
51-6091.00,1.A.4.a.4,Night Vision,LV,1.0,8,0.189,0.6296,1.3704,N,N,08/2019,Analyst
51-6091.00,1.A.4.a.5,Peripheral Vision,IM,2.0,8,0.0,2.0,2.0,N,,08/2019,Analyst
51-6091.00,1.A.4.a.5,Peripheral Vision,LV,1.25,8,0.1637,0.9292,1.5708,N,N,08/2019,Analyst
51-6091.00,1.A.4.a.6,Depth Perception,IM,2.62,8,0.183,2.2664,2.9836,N,,08/2019,Analyst
51-6091.00,1.A.4.a.6,Depth Perception,LV,2.62,8,0.183,2.2664,2.9836,N,N,08/2019,Analyst
51-6091.00,1.A.4.a.7,Glare Sensitivity,IM,2.0,8,0.0,2.0,2.0,N,,08/2019,Analyst
51-6091.00,1.A.4.a.7,Glare Sensitivity,LV,1.25,8,0.1637,0.9292,1.5708,N,N,08/2019,Analyst
51-6091.00,1.A.4.b.1,Hearing Sensitivity,IM,2.62,8,0.183,2.2664,2.9836,N,,08/2019,Analyst
51-6091.00,1.A.4.b.1,Hearing Sensitivity,LV,2.75,8,0.1637,2.4292,3.0708,N,N,08/2019,Analyst
51-6091.00,1.A.4.b.2,Auditory Attention,IM,3.0,8,0.0,3.0,3.0,N,,08/2019,Analyst
51-6091.00,1.A.4.b.2,Auditory Attention,LV,3.25,8,0.1637,2.9292,3.5708,N,N,08/2019,Analyst
51-6091.00,1.A.4.b.3,Sound Localization,IM,2.0,8,0.0,2.0,2.0,N,,08/2019,Analyst
51-6091.00,1.A.4.b.3,Sound Localization,LV,1.62,8,0.183,1.2664,1.9836,N,N,08/2019,Analyst
51-6091.00,1.A.4.b.4,Speech Recognition,IM,2.88,8,0.125,2.63,3.12,N,,08/2019,Analyst
51-6091.00,1.A.4.b.4,Speech Recognition,LV,2.75,8,0.1637,2.4292,3.0708,N,N,08/2019,Analyst
51-6091.00,1.A.4.b.5,Speech Clarity,IM,3.0,8,0.0,3.0,3.0,N,,08/2019,Analyst
51-6091.00,1.A.4.b.5,Speech Clarity,LV,2.88,8,0.125,2.63,3.12,N,N,08/2019,Analyst
51-6092.00,1.A.1.a.1,Oral Comprehension,IM,3.38,8,0.183,3.0164,3.7336,N,,07/2016,Analyst
51-6092.00,1.A.1.a.1,Oral Comprehension,LV,3.62,8,0.183,3.2664,3.9836,N,N,07/2016,Analyst
51-6092.00,1.A.1.a.2,Written Comprehension,IM,3.62,8,0.183,3.2664,3.9836,N,,07/2016,Analyst
51-6092.00,1.A.1.a.2,Written Comprehension,LV,3.0,8,0.0,3.0,3.0,N,N,07/2016,Analyst
51-6092.00,1.A.1.a.3,Oral Expression,IM,3.62,8,0.183,3.2664,3.9836,N,,07/2016,Analyst
51-6092.00,1.A.1.a.3,Oral Expression,LV,3.75,8,0.1637,3.4292,4.0708,N,N,07/2016,Analyst
51-6092.00,1.A.1.a.4,Written Expression,IM,3.12,8,0.125,2.88,3.37,N,,07/2016,Analyst
51-6092.00,1.A.1.a.4,Written Expression,LV,3.0,8,0.0,3.0,3.0,N,N,07/2016,Analyst
51-6092.00,1.A.1.b.1,Fluency of Ideas,IM,3.25,8,0.25,2.76,3.74,N,,07/2016,Analyst
51-6092.00,1.A.1.b.1,Fluency of Ideas,LV,3.62,8,0.183,3.2664,3.9836,N,N,07/2016,Analyst
51-6092.00,1.A.1.b.2,Originality,IM,3.75,8,0.1637,3.4292,4.0708,N,,07/2016,Analyst
51-6092.00,1.A.1.b.2,Originality,LV,3.88,8,0.125,3.63,4.12,N,N,07/2016,Analyst
51-6092.00,1.A.1.b.3,Problem Sensitivity,IM,3.25,8,0.1637,2.9292,3.5708,N,,07/2016,Analyst
51-6092.00,1.A.1.b.3,Problem Sensitivity,LV,3.38,8,0.183,3.0164,3.7336,N,N,07/2016,Analyst
51-6092.00,1.A.1.b.4,Deductive Reasoning,IM,3.62,8,0.183,3.2664,3.9836,N,,07/2016,Analyst
51-6092.00,1.A.1.b.4,Deductive Reasoning,LV,3.62,8,0.183,3.2664,3.9836,N,N,07/2016,Analyst
51-6092.00,1.A.1.b.5,Inductive Reasoning,IM,3.25,8,0.1637,2.9292,3.5708,N,,07/2016,Analyst
51-6092.00,1.A.1.b.5,Inductive Reasoning,LV,3.25,8,0.1637,2.9292,3.5708,N,N,07/2016,Analyst
51-6092.00,1.A.1.b.6,Information Ordering,IM,3.75,8,0.1637,3.4292,4.0708,N,,07/2016,Analyst
51-6092.00,1.A.1.b.6,Information Ordering,LV,3.75,8,0.1637,3.4292,4.0708,N,N,07/2016,Analyst
51-6092.00,1.A.1.b.7,Category Flexibility,IM,3.38,8,0.183,3.0164,3.7336,N,,07/2016,Analyst
51-6092.00,1.A.1.b.7,Category Flexibility,LV,3.75,8,0.1637,3.4292,4.0708,N,N,07/2016,Analyst
51-6092.00,1.A.1.c.1,Mathematical Reasoning,IM,3.62,8,0.183,3.2664,3.9836,N,,07/2016,Analyst
51-6092.00,1.A.1.c.1,Mathematical Reasoning,LV,3.0,8,0.0,3.0,3.0,N,N,07/2016,Analyst
51-6092.00,1.A.1.c.2,Number Facility,IM,3.5,8,0.189,3.1296,3.8704,N,,07/2016,Analyst
51-6092.00,1.A.1.c.2,Number Facility,LV,3.0,8,0.0,3.0,3.0,N,N,07/2016,Analyst
51-6092.00,1.A.1.d.1,Memorization,IM,2.25,8,0.1637,1.9292,2.5708,N,,07/2016,Analyst
51-6092.00,1.A.1.d.1,Memorization,LV,2.5,8,0.2673,1.9762,3.0238,N,N,07/2016,Analyst
51-6092.00,1.A.1.e.1,Speed of Closure,IM,2.62,8,0.183,2.2664,2.9836,N,,07/2016,Analyst
51-6092.00,1.A.1.e.1,Speed of Closure,LV,2.5,8,0.2673,1.9762,3.0238,N,N,07/2016,Analyst
51-6092.00,1.A.1.e.2,Flexibility of Closure,IM,3.12,8,0.125,2.88,3.37,N,,07/2016,Analyst
51-6092.00,1.A.1.e.2,Flexibility of Closure,LV,3.12,8,0.125,2.88,3.37,N,N,07/2016,Analyst
51-6092.00,1.A.1.e.3,Perceptual Speed,IM,3.25,8,0.1637,2.9292,3.5708,N,,07/2016,Analyst
51-6092.00,1.A.1.e.3,Perceptual Speed,LV,3.12,8,0.125,2.88,3.37,N,N,07/2016,Analyst
51-6092.00,1.A.1.f.1,Spatial Orientation,IM,1.0,8,0.0,1.0,1.0,N,,07/2016,Analyst
51-6092.00,1.A.1.f.1,Spatial Orientation,LV,0.0,8,0.0,0.0,0.0,N,Y,07/2016,Analyst
51-6092.00,1.A.1.f.2,Visualization,IM,4.0,8,0.0,4.0,4.0,N,,07/2016,Analyst
51-6092.00,1.A.1.f.2,Visualization,LV,4.25,8,0.1637,3.9292,4.5708,N,N,07/2016,Analyst
51-6092.00,1.A.1.g.1,Selective Attention,IM,3.25,8,0.1637,2.9292,3.5708,N,,07/2016,Analyst
51-6092.00,1.A.1.g.1,Selective Attention,LV,3.12,8,0.125,2.88,3.37,N,N,07/2016,Analyst
51-6092.00,1.A.1.g.2,Time Sharing,IM,3.0,8,0.0,3.0,3.0,N,,07/2016,Analyst
51-6092.00,1.A.1.g.2,Time Sharing,LV,2.88,8,0.125,2.63,3.12,N,N,07/2016,Analyst
51-6092.00,1.A.2.a.1,Arm-Hand Steadiness,IM,3.12,8,0.125,2.88,3.37,N,,07/2016,Analyst
51-6092.00,1.A.2.a.1,Arm-Hand Steadiness,LV,3.5,8,0.189,3.1296,3.8704,N,N,07/2016,Analyst
51-6092.00,1.A.2.a.2,Manual Dexterity,IM,3.12,8,0.125,2.88,3.37,N,,07/2016,Analyst
51-6092.00,1.A.2.a.2,Manual Dexterity,LV,2.88,8,0.125,2.63,3.12,N,N,07/2016,Analyst
51-6092.00,1.A.2.a.3,Finger Dexterity,IM,3.5,8,0.189,3.1296,3.8704,N,,07/2016,Analyst
51-6092.00,1.A.2.a.3,Finger Dexterity,LV,3.12,8,0.125,2.88,3.37,N,N,07/2016,Analyst
51-6092.00,1.A.2.b.1,Control Precision,IM,3.0,8,0.0,3.0,3.0,N,,07/2016,Analyst
51-6092.00,1.A.2.b.1,Control Precision,LV,3.0,8,0.189,2.6296,3.3704,N,N,07/2016,Analyst
51-6092.00,1.A.2.b.2,Multilimb Coordination,IM,2.88,8,0.125,2.63,3.12,N,,07/2016,Analyst
51-6092.00,1.A.2.b.2,Multilimb Coordination,LV,2.38,8,0.183,2.0164,2.7336,N,N,07/2016,Analyst
51-6092.00,1.A.2.b.3,Response Orientation,IM,1.75,8,0.1637,1.4292,2.0708,N,,07/2016,Analyst
51-6092.00,1.A.2.b.3,Response Orientation,LV,1.38,8,0.3239,0.7402,2.0098,N,N,07/2016,Analyst
51-6092.00,1.A.2.b.4,Rate Control,IM,2.0,8,0.0,2.0,2.0,N,,07/2016,Analyst
51-6092.00,1.A.2.b.4,Rate Control,LV,1.62,8,0.183,1.2664,1.9836,N,N,07/2016,Analyst
51-6092.00,1.A.2.c.1,Reaction Time,IM,2.0,8,0.0,2.0,2.0,N,,07/2016,Analyst
51-6092.00,1.A.2.c.1,Reaction Time,LV,1.75,8,0.1637,1.4292,2.0708,N,N,07/2016,Analyst
51-6092.00,1.A.2.c.2,Wrist-Finger Speed,IM,2.25,8,0.1637,1.9292,2.5708,N,,07/2016,Analyst
51-6092.00,1.A.2.c.2,Wrist-Finger Speed,LV,2.38,8,0.183,2.0164,2.7336,N,N,07/2016,Analyst
51-6092.00,1.A.2.c.3,Speed of Limb Movement,IM,1.12,8,0.125,1.0,1.37,N,,07/2016,Analyst
51-6092.00,1.A.2.c.3,Speed of Limb Movement,LV,0.12,8,0.125,0.0,0.37,N,Y,07/2016,Analyst
51-6092.00,1.A.3.a.1,Static Strength,IM,2.12,8,0.125,1.88,2.37,N,,07/2016,Analyst
51-6092.00,1.A.3.a.1,Static Strength,LV,2.0,8,0.0,2.0,2.0,N,N,07/2016,Analyst
51-6092.00,1.A.3.a.2,Explosive Strength,IM,1.12,8,0.125,1.0,1.37,N,,07/2016,Analyst
51-6092.00,1.A.3.a.2,Explosive Strength,LV,0.25,8,0.25,0.0,0.74,N,Y,07/2016,Analyst
51-6092.00,1.A.3.a.3,Dynamic Strength,IM,2.0,8,0.0,2.0,2.0,N,,07/2016,Analyst
51-6092.00,1.A.3.a.3,Dynamic Strength,LV,2.12,8,0.125,1.88,2.37,N,N,07/2016,Analyst
51-6092.00,1.A.3.a.4,Trunk Strength,IM,2.38,8,0.183,2.0164,2.7336,N,,07/2016,Analyst
51-6092.00,1.A.3.a.4,Trunk Strength,LV,2.12,8,0.125,1.88,2.37,N,N,07/2016,Analyst
51-6092.00,1.A.3.b.1,Stamina,IM,2.0,8,0.0,2.0,2.0,N,,07/2016,Analyst
51-6092.00,1.A.3.b.1,Stamina,LV,1.5,8,0.189,1.1296,1.8704,N,N,07/2016,Analyst
51-6092.00,1.A.3.c.1,Extent Flexibility,IM,2.0,8,0.0,2.0,2.0,N,,07/2016,Analyst
51-6092.00,1.A.3.c.1,Extent Flexibility,LV,1.75,8,0.1637,1.4292,2.0708,N,N,07/2016,Analyst
51-6092.00,1.A.3.c.2,Dynamic Flexibility,IM,1.0,8,0.0,1.0,1.0,N,,07/2016,Analyst
51-6092.00,1.A.3.c.2,Dynamic Flexibility,LV,0.0,8,0.0,0.0,0.0,N,Y,07/2016,Analyst
51-6092.00,1.A.3.c.3,Gross Body Coordination,IM,2.0,8,0.0,2.0,2.0,N,,07/2016,Analyst
51-6092.00,1.A.3.c.3,Gross Body Coordination,LV,1.62,8,0.183,1.2664,1.9836,N,N,07/2016,Analyst
51-6092.00,1.A.3.c.4,Gross Body Equilibrium,IM,2.0,8,0.0,2.0,2.0,N,,07/2016,Analyst
51-6092.00,1.A.3.c.4,Gross Body Equilibrium,LV,1.25,8,0.1637,0.9292,1.5708,N,N,07/2016,Analyst
51-6092.00,1.A.4.a.1,Near Vision,IM,4.0,8,0.0,4.0,4.0,N,,07/2016,Analyst
51-6092.00,1.A.4.a.1,Near Vision,LV,3.88,8,0.125,3.63,4.12,N,N,07/2016,Analyst
51-6092.00,1.A.4.a.2,Far Vision,IM,3.12,8,0.2266,2.6809,3.5691,N,,07/2016,Analyst
51-6092.00,1.A.4.a.2,Far Vision,LV,3.0,8,0.189,2.6296,3.3704,N,N,07/2016,Analyst
51-6092.00,1.A.4.a.3,Visual Color Discrimination,IM,3.0,8,0.189,2.6296,3.3704,N,,07/2016,Analyst
51-6092.00,1.A.4.a.3,Visual Color Discrimination,LV,3.12,8,0.125,2.88,3.37,N,N,07/2016,Analyst
51-6092.00,1.A.4.a.4,Night Vision,IM,1.0,8,0.0,1.0,1.0,N,,07/2016,Analyst
51-6092.00,1.A.4.a.4,Night Vision,LV,0.0,8,0.0,0.0,0.0,N,Y,07/2016,Analyst
51-6092.00,1.A.4.a.5,Peripheral Vision,IM,1.0,8,0.0,1.0,1.0,N,,07/2016,Analyst
51-6092.00,1.A.4.a.5,Peripheral Vision,LV,0.0,8,0.0,0.0,0.0,N,Y,07/2016,Analyst
51-6092.00,1.A.4.a.6,Depth Perception,IM,2.5,8,0.189,2.1296,2.8704,N,,07/2016,Analyst
51-6092.00,1.A.4.a.6,Depth Perception,LV,2.25,8,0.1637,1.9292,2.5708,N,N,07/2016,Analyst
51-6092.00,1.A.4.a.7,Glare Sensitivity,IM,1.0,8,0.0,1.0,1.0,N,,07/2016,Analyst
51-6092.00,1.A.4.a.7,Glare Sensitivity,LV,0.0,8,0.0,0.0,0.0,N,Y,07/2016,Analyst
51-6092.00,1.A.4.b.1,Hearing Sensitivity,IM,2.12,8,0.125,1.88,2.37,N,,07/2016,Analyst
51-6092.00,1.A.4.b.1,Hearing Sensitivity,LV,2.12,8,0.125,1.88,2.37,N,N,07/2016,Analyst
51-6092.00,1.A.4.b.2,Auditory Attention,IM,2.12,8,0.125,1.88,2.37,N,,07/2016,Analyst
51-6092.00,1.A.4.b.2,Auditory Attention,LV,2.12,8,0.125,1.88,2.37,N,N,07/2016,Analyst
51-6092.00,1.A.4.b.3,Sound Localization,IM,1.0,8,0.0,1.0,1.0,N,,07/2016,Analyst
51-6092.00,1.A.4.b.3,Sound Localization,LV,0.0,8,0.0,0.0,0.0,N,Y,07/2016,Analyst
51-6092.00,1.A.4.b.4,Speech Recognition,IM,3.12,8,0.125,2.88,3.37,N,,07/2016,Analyst
51-6092.00,1.A.4.b.4,Speech Recognition,LV,3.0,8,0.189,2.6296,3.3704,N,N,07/2016,Analyst
51-6092.00,1.A.4.b.5,Speech Clarity,IM,3.12,8,0.125,2.88,3.37,N,,07/2016,Analyst
51-6092.00,1.A.4.b.5,Speech Clarity,LV,3.12,8,0.125,2.88,3.37,N,N,07/2016,Analyst
51-6093.00,1.A.1.a.1,Oral Comprehension,IM,3.0,8,0.0,3.0,3.0,N,,07/2016,Analyst
51-6093.00,1.A.1.a.1,Oral Comprehension,LV,3.0,8,0.0,3.0,3.0,N,N,07/2016,Analyst
51-6093.00,1.A.1.a.2,Written Comprehension,IM,3.25,8,0.1637,2.9292,3.5708,N,,07/2016,Analyst
51-6093.00,1.A.1.a.2,Written Comprehension,LV,3.0,8,0.0,3.0,3.0,N,N,07/2016,Analyst
51-6093.00,1.A.1.a.3,Oral Expression,IM,3.0,8,0.0,3.0,3.0,N,,07/2016,Analyst
51-6093.00,1.A.1.a.3,Oral Expression,LV,3.0,8,0.0,3.0,3.0,N,N,07/2016,Analyst
51-6093.00,1.A.1.a.4,Written Expression,IM,2.62,8,0.183,2.2664,2.9836,N,,07/2016,Analyst
51-6093.00,1.A.1.a.4,Written Expression,LV,2.12,8,0.125,1.88,2.37,N,N,07/2016,Analyst
51-6093.00,1.A.1.b.1,Fluency of Ideas,IM,2.88,8,0.125,2.63,3.12,N,,07/2016,Analyst
51-6093.00,1.A.1.b.1,Fluency of Ideas,LV,2.88,8,0.125,2.63,3.12,N,N,07/2016,Analyst
51-6093.00,1.A.1.b.2,Originality,IM,3.0,8,0.189,2.6296,3.3704,N,,07/2016,Analyst
51-6093.00,1.A.1.b.2,Originality,LV,3.0,8,0.189,2.6296,3.3704,N,N,07/2016,Analyst
51-6093.00,1.A.1.b.3,Problem Sensitivity,IM,3.25,8,0.1637,2.9292,3.5708,N,,07/2016,Analyst
51-6093.00,1.A.1.b.3,Problem Sensitivity,LV,3.0,8,0.189,2.6296,3.3704,N,N,07/2016,Analyst
51-6093.00,1.A.1.b.4,Deductive Reasoning,IM,3.0,8,0.189,2.6296,3.3704,N,,07/2016,Analyst
51-6093.00,1.A.1.b.4,Deductive Reasoning,LV,3.0,8,0.0,3.0,3.0,N,N,07/2016,Analyst
51-6093.00,1.A.1.b.5,Inductive Reasoning,IM,2.88,8,0.125,2.63,3.12,N,,07/2016,Analyst
51-6093.00,1.A.1.b.5,Inductive Reasoning,LV,2.88,8,0.125,2.63,3.12,N,N,07/2016,Analyst
51-6093.00,1.A.1.b.6,Information Ordering,IM,3.12,8,0.125,2.88,3.37,N,,07/2016,Analyst
51-6093.00,1.A.1.b.6,Information Ordering,LV,3.12,8,0.125,2.88,3.37,N,N,07/2016,Analyst
51-6093.00,1.A.1.b.7,Category Flexibility,IM,3.0,8,0.0,3.0,3.0,N,,07/2016,Analyst
51-6093.00,1.A.1.b.7,Category Flexibility,LV,3.0,8,0.0,3.0,3.0,N,N,07/2016,Analyst
51-6093.00,1.A.1.c.1,Mathematical Reasoning,IM,2.5,8,0.189,2.1296,2.8704,N,,07/2016,Analyst
51-6093.00,1.A.1.c.1,Mathematical Reasoning,LV,2.25,8,0.1637,1.9292,2.5708,N,N,07/2016,Analyst
51-6093.00,1.A.1.c.2,Number Facility,IM,2.62,8,0.183,2.2664,2.9836,N,,07/2016,Analyst
51-6093.00,1.A.1.c.2,Number Facility,LV,2.25,8,0.1637,1.9292,2.5708,N,N,07/2016,Analyst
51-6093.00,1.A.1.d.1,Memorization,IM,2.0,8,0.0,2.0,2.0,N,,07/2016,Analyst
51-6093.00,1.A.1.d.1,Memorization,LV,2.0,8,0.0,2.0,2.0,N,N,07/2016,Analyst
51-6093.00,1.A.1.e.1,Speed of Closure,IM,2.5,8,0.189,2.1296,2.8704,N,,07/2016,Analyst
51-6093.00,1.A.1.e.1,Speed of Closure,LV,2.0,8,0.0,2.0,2.0,N,N,07/2016,Analyst
51-6093.00,1.A.1.e.2,Flexibility of Closure,IM,3.0,8,0.0,3.0,3.0,N,,07/2016,Analyst
51-6093.00,1.A.1.e.2,Flexibility of Closure,LV,2.88,8,0.125,2.63,3.12,N,N,07/2016,Analyst
51-6093.00,1.A.1.e.3,Perceptual Speed,IM,2.88,8,0.125,2.63,3.12,N,,07/2016,Analyst
51-6093.00,1.A.1.e.3,Perceptual Speed,LV,2.75,8,0.1637,2.4292,3.0708,N,N,07/2016,Analyst
51-6093.00,1.A.1.f.1,Spatial Orientation,IM,2.0,8,0.0,2.0,2.0,N,,07/2016,Analyst
51-6093.00,1.A.1.f.1,Spatial Orientation,LV,1.75,8,0.1637,1.4292,2.0708,N,N,07/2016,Analyst
51-6093.00,1.A.1.f.2,Visualization,IM,3.62,8,0.183,3.2664,3.9836,N,,07/2016,Analyst
51-6093.00,1.A.1.f.2,Visualization,LV,3.88,8,0.125,3.63,4.12,N,N,07/2016,Analyst
51-6093.00,1.A.1.g.1,Selective Attention,IM,3.0,8,0.0,3.0,3.0,N,,07/2016,Analyst
51-6093.00,1.A.1.g.1,Selective Attention,LV,3.0,8,0.0,3.0,3.0,N,N,07/2016,Analyst
51-6093.00,1.A.1.g.2,Time Sharing,IM,2.25,8,0.1637,1.9292,2.5708,N,,07/2016,Analyst
51-6093.00,1.A.1.g.2,Time Sharing,LV,2.62,8,0.183,2.2664,2.9836,N,N,07/2016,Analyst
51-6093.00,1.A.2.a.1,Arm-Hand Steadiness,IM,4.0,8,0.0,4.0,4.0,N,,07/2016,Analyst
51-6093.00,1.A.2.a.1,Arm-Hand Steadiness,LV,4.12,8,0.125,3.88,4.37,N,N,07/2016,Analyst
51-6093.00,1.A.2.a.2,Manual Dexterity,IM,4.0,8,0.0,4.0,4.0,N,,07/2016,Analyst
51-6093.00,1.A.2.a.2,Manual Dexterity,LV,3.88,8,0.125,3.63,4.12,N,N,07/2016,Analyst
51-6093.00,1.A.2.a.3,Finger Dexterity,IM,4.0,8,0.0,4.0,4.0,N,,07/2016,Analyst
51-6093.00,1.A.2.a.3,Finger Dexterity,LV,4.0,8,0.0,4.0,4.0,N,N,07/2016,Analyst
51-6093.00,1.A.2.b.1,Control Precision,IM,3.75,8,0.1637,3.4292,4.0708,N,,07/2016,Analyst
51-6093.00,1.A.2.b.1,Control Precision,LV,3.62,8,0.183,3.2664,3.9836,N,N,07/2016,Analyst
51-6093.00,1.A.2.b.2,Multilimb Coordination,IM,3.75,8,0.1637,3.4292,4.0708,N,,07/2016,Analyst
51-6093.00,1.A.2.b.2,Multilimb Coordination,LV,3.75,8,0.1637,3.4292,4.0708,N,N,07/2016,Analyst
51-6093.00,1.A.2.b.3,Response Orientation,IM,2.5,8,0.189,2.1296,2.8704,N,,07/2016,Analyst
51-6093.00,1.A.2.b.3,Response Orientation,LV,2.38,8,0.2631,1.8594,2.8906,N,N,07/2016,Analyst
51-6093.00,1.A.2.b.4,Rate Control,IM,2.5,8,0.189,2.1296,2.8704,N,,07/2016,Analyst
51-6093.00,1.A.2.b.4,Rate Control,LV,2.62,8,0.183,2.2664,2.9836,N,N,07/2016,Analyst
51-6093.00,1.A.2.c.1,Reaction Time,IM,2.62,8,0.183,2.2664,2.9836,N,,07/2016,Analyst
51-6093.00,1.A.2.c.1,Reaction Time,LV,2.62,8,0.183,2.2664,2.9836,N,N,07/2016,Analyst
51-6093.00,1.A.2.c.2,Wrist-Finger Speed,IM,2.12,8,0.295,1.5467,2.7033,N,,07/2016,Analyst
51-6093.00,1.A.2.c.2,Wrist-Finger Speed,LV,1.88,8,0.4407,1.0113,2.7387,N,N,07/2016,Analyst
51-6093.00,1.A.2.c.3,Speed of Limb Movement,IM,1.75,8,0.25,1.26,2.24,N,,07/2016,Analyst
51-6093.00,1.A.2.c.3,Speed of Limb Movement,LV,1.38,8,0.4199,0.5519,2.1981,N,N,07/2016,Analyst
51-6093.00,1.A.3.a.1,Static Strength,IM,3.0,8,0.0,3.0,3.0,N,,07/2016,Analyst
51-6093.00,1.A.3.a.1,Static Strength,LV,3.5,8,0.189,3.1296,3.8704,N,N,07/2016,Analyst
51-6093.00,1.A.3.a.2,Explosive Strength,IM,2.25,8,0.1637,1.9292,2.5708,N,,07/2016,Analyst
51-6093.00,1.A.3.a.2,Explosive Strength,LV,1.75,8,0.3134,1.1358,2.3642,N,N,07/2016,Analyst
51-6093.00,1.A.3.a.3,Dynamic Strength,IM,2.88,8,0.125,2.63,3.12,N,,07/2016,Analyst
51-6093.00,1.A.3.a.3,Dynamic Strength,LV,2.62,8,0.183,2.2664,2.9836,N,N,07/2016,Analyst
51-6093.00,1.A.3.a.4,Trunk Strength,IM,3.12,8,0.125,2.88,3.37,N,,07/2016,Analyst
51-6093.00,1.A.3.a.4,Trunk Strength,LV,3.12,8,0.125,2.88,3.37,N,N,07/2016,Analyst
51-6093.00,1.A.3.b.1,Stamina,IM,2.5,8,0.189,2.1296,2.8704,N,,07/2016,Analyst
51-6093.00,1.A.3.b.1,Stamina,LV,1.88,8,0.2266,1.4309,2.3191,N,N,07/2016,Analyst
51-6093.00,1.A.3.c.1,Extent Flexibility,IM,3.12,8,0.125,2.88,3.37,N,,07/2016,Analyst
51-6093.00,1.A.3.c.1,Extent Flexibility,LV,3.0,8,0.189,2.6296,3.3704,N,N,07/2016,Analyst
51-6093.00,1.A.3.c.2,Dynamic Flexibility,IM,1.25,8,0.1637,1.0,1.5708,N,,07/2016,Analyst
51-6093.00,1.A.3.c.2,Dynamic Flexibility,LV,0.38,8,0.2631,0.0,0.8906,N,Y,07/2016,Analyst
51-6093.00,1.A.3.c.3,Gross Body Coordination,IM,2.75,8,0.1637,2.4292,3.0708,N,,07/2016,Analyst
51-6093.00,1.A.3.c.3,Gross Body Coordination,LV,2.62,8,0.183,2.2664,2.9836,N,N,07/2016,Analyst
51-6093.00,1.A.3.c.4,Gross Body Equilibrium,IM,2.25,8,0.1637,1.9292,2.5708,N,,07/2016,Analyst
51-6093.00,1.A.3.c.4,Gross Body Equilibrium,LV,2.0,8,0.2673,1.4762,2.5238,N,N,07/2016,Analyst
51-6093.00,1.A.4.a.1,Near Vision,IM,3.88,8,0.125,3.63,4.12,N,,07/2016,Analyst
51-6093.00,1.A.4.a.1,Near Vision,LV,4.0,8,0.0,4.0,4.0,N,N,07/2016,Analyst
51-6093.00,1.A.4.a.2,Far Vision,IM,2.88,8,0.125,2.63,3.12,N,,07/2016,Analyst
51-6093.00,1.A.4.a.2,Far Vision,LV,2.88,8,0.125,2.63,3.12,N,N,07/2016,Analyst
51-6093.00,1.A.4.a.3,Visual Color Discrimination,IM,3.75,8,0.25,3.26,4.24,N,,07/2016,Analyst
51-6093.00,1.A.4.a.3,Visual Color Discrimination,LV,3.88,8,0.125,3.63,4.12,N,N,07/2016,Analyst
51-6093.00,1.A.4.a.4,Night Vision,IM,1.88,8,0.125,1.63,2.12,N,,07/2016,Analyst
51-6093.00,1.A.4.a.4,Night Vision,LV,1.12,8,0.2266,0.6809,1.5691,N,N,07/2016,Analyst
51-6093.00,1.A.4.a.5,Peripheral Vision,IM,1.88,8,0.125,1.63,2.12,N,,07/2016,Analyst
51-6093.00,1.A.4.a.5,Peripheral Vision,LV,1.38,8,0.2631,0.8594,1.8906,N,N,07/2016,Analyst
51-6093.00,1.A.4.a.6,Depth Perception,IM,3.0,8,0.0,3.0,3.0,N,,07/2016,Analyst
51-6093.00,1.A.4.a.6,Depth Perception,LV,2.88,8,0.125,2.63,3.12,N,N,07/2016,Analyst
51-6093.00,1.A.4.a.7,Glare Sensitivity,IM,2.0,8,0.0,2.0,2.0,N,,07/2016,Analyst
51-6093.00,1.A.4.a.7,Glare Sensitivity,LV,1.5,8,0.189,1.1296,1.8704,N,N,07/2016,Analyst
51-6093.00,1.A.4.b.1,Hearing Sensitivity,IM,2.5,8,0.189,2.1296,2.8704,N,,07/2016,Analyst
51-6093.00,1.A.4.b.1,Hearing Sensitivity,LV,2.12,8,0.125,1.88,2.37,N,N,07/2016,Analyst
51-6093.00,1.A.4.b.2,Auditory Attention,IM,2.62,8,0.183,2.2664,2.9836,N,,07/2016,Analyst
51-6093.00,1.A.4.b.2,Auditory Attention,LV,2.12,8,0.125,1.88,2.37,N,N,07/2016,Analyst
51-6093.00,1.A.4.b.3,Sound Localization,IM,2.0,8,0.0,2.0,2.0,N,,07/2016,Analyst
51-6093.00,1.A.4.b.3,Sound Localization,LV,1.38,8,0.183,1.0164,1.7336,N,N,07/2016,Analyst
51-6093.00,1.A.4.b.4,Speech Recognition,IM,2.88,8,0.125,2.63,3.12,N,,07/2016,Analyst
51-6093.00,1.A.4.b.4,Speech Recognition,LV,2.88,8,0.125,2.63,3.12,N,N,07/2016,Analyst
51-6093.00,1.A.4.b.5,Speech Clarity,IM,3.0,8,0.0,3.0,3.0,N,,07/2016,Analyst
51-6093.00,1.A.4.b.5,Speech Clarity,LV,2.88,8,0.125,2.63,3.12,N,N,07/2016,Analyst
51-7011.00,1.A.1.a.1,Oral Comprehension,IM,3.0,8,0.0,3.0,3.0,N,,07/2015,Analyst
51-7011.00,1.A.1.a.1,Oral Comprehension,LV,3.38,8,0.183,3.0164,3.7336,N,N,07/2015,Analyst
51-7011.00,1.A.1.a.2,Written Comprehension,IM,3.12,8,0.125,2.88,3.37,N,,07/2015,Analyst
51-7011.00,1.A.1.a.2,Written Comprehension,LV,3.12,8,0.125,2.88,3.37,N,N,07/2015,Analyst
51-7011.00,1.A.1.a.3,Oral Expression,IM,3.0,8,0.0,3.0,3.0,N,,07/2015,Analyst
51-7011.00,1.A.1.a.3,Oral Expression,LV,3.12,8,0.125,2.88,3.37,N,N,07/2015,Analyst
51-7011.00,1.A.1.a.4,Written Expression,IM,2.75,8,0.1637,2.4292,3.0708,N,,07/2015,Analyst
51-7011.00,1.A.1.a.4,Written Expression,LV,2.25,8,0.1637,1.9292,2.5708,N,N,07/2015,Analyst
51-7011.00,1.A.1.b.1,Fluency of Ideas,IM,2.88,8,0.125,2.63,3.12,N,,07/2015,Analyst
51-7011.00,1.A.1.b.1,Fluency of Ideas,LV,2.75,8,0.1637,2.4292,3.0708,N,N,07/2015,Analyst
51-7011.00,1.A.1.b.2,Originality,IM,2.88,8,0.125,2.63,3.12,N,,07/2015,Analyst
51-7011.00,1.A.1.b.2,Originality,LV,2.75,8,0.1637,2.4292,3.0708,N,N,07/2015,Analyst
51-7011.00,1.A.1.b.3,Problem Sensitivity,IM,3.25,8,0.1637,2.9292,3.5708,N,,07/2015,Analyst
51-7011.00,1.A.1.b.3,Problem Sensitivity,LV,2.88,8,0.125,2.63,3.12,N,N,07/2015,Analyst
51-7011.00,1.A.1.b.4,Deductive Reasoning,IM,3.12,8,0.125,2.88,3.37,N,,07/2015,Analyst
51-7011.00,1.A.1.b.4,Deductive Reasoning,LV,2.88,8,0.125,2.63,3.12,N,N,07/2015,Analyst
51-7011.00,1.A.1.b.5,Inductive Reasoning,IM,3.0,8,0.0,3.0,3.0,N,,07/2015,Analyst
51-7011.00,1.A.1.b.5,Inductive Reasoning,LV,2.88,8,0.125,2.63,3.12,N,N,07/2015,Analyst
51-7011.00,1.A.1.b.6,Information Ordering,IM,3.12,8,0.125,2.88,3.37,N,,07/2015,Analyst
51-7011.00,1.A.1.b.6,Information Ordering,LV,3.38,8,0.183,3.0164,3.7336,N,N,07/2015,Analyst
51-7011.00,1.A.1.b.7,Category Flexibility,IM,3.0,8,0.0,3.0,3.0,N,,07/2015,Analyst
51-7011.00,1.A.1.b.7,Category Flexibility,LV,2.88,8,0.125,2.63,3.12,N,N,07/2015,Analyst
51-7011.00,1.A.1.c.1,Mathematical Reasoning,IM,2.88,8,0.125,2.63,3.12,N,,07/2015,Analyst
51-7011.00,1.A.1.c.1,Mathematical Reasoning,LV,2.25,8,0.1637,1.9292,2.5708,N,N,07/2015,Analyst
51-7011.00,1.A.1.c.2,Number Facility,IM,2.75,8,0.1637,2.4292,3.0708,N,,07/2015,Analyst
51-7011.00,1.A.1.c.2,Number Facility,LV,2.25,8,0.1637,1.9292,2.5708,N,N,07/2015,Analyst
51-7011.00,1.A.1.d.1,Memorization,IM,2.12,8,0.125,1.88,2.37,N,,07/2015,Analyst
51-7011.00,1.A.1.d.1,Memorization,LV,1.88,8,0.2266,1.4309,2.3191,N,N,07/2015,Analyst
51-7011.00,1.A.1.e.1,Speed of Closure,IM,2.62,8,0.183,2.2664,2.9836,N,,07/2015,Analyst
51-7011.00,1.A.1.e.1,Speed of Closure,LV,2.5,8,0.189,2.1296,2.8704,N,N,07/2015,Analyst
51-7011.00,1.A.1.e.2,Flexibility of Closure,IM,2.88,8,0.125,2.63,3.12,N,,07/2015,Analyst
51-7011.00,1.A.1.e.2,Flexibility of Closure,LV,2.75,8,0.1637,2.4292,3.0708,N,N,07/2015,Analyst
51-7011.00,1.A.1.e.3,Perceptual Speed,IM,3.0,8,0.0,3.0,3.0,N,,07/2015,Analyst
51-7011.00,1.A.1.e.3,Perceptual Speed,LV,2.88,8,0.125,2.63,3.12,N,N,07/2015,Analyst
51-7011.00,1.A.1.f.1,Spatial Orientation,IM,2.12,8,0.125,1.88,2.37,N,,07/2015,Analyst
51-7011.00,1.A.1.f.1,Spatial Orientation,LV,1.38,8,0.183,1.0164,1.7336,N,N,07/2015,Analyst
51-7011.00,1.A.1.f.2,Visualization,IM,3.5,8,0.189,3.1296,3.8704,N,,07/2015,Analyst
51-7011.00,1.A.1.f.2,Visualization,LV,3.88,8,0.125,3.63,4.12,N,N,07/2015,Analyst
51-7011.00,1.A.1.g.1,Selective Attention,IM,3.0,8,0.189,2.6296,3.3704,N,,07/2015,Analyst
51-7011.00,1.A.1.g.1,Selective Attention,LV,3.12,8,0.2266,2.6809,3.5691,N,N,07/2015,Analyst
51-7011.00,1.A.1.g.2,Time Sharing,IM,2.38,8,0.2631,1.8594,2.8906,N,,07/2015,Analyst
51-7011.00,1.A.1.g.2,Time Sharing,LV,2.25,8,0.366,1.5327,2.9673,N,N,07/2015,Analyst
51-7011.00,1.A.2.a.1,Arm-Hand Steadiness,IM,3.88,8,0.125,3.63,4.12,N,,07/2015,Analyst
51-7011.00,1.A.2.a.1,Arm-Hand Steadiness,LV,3.62,8,0.183,3.2664,3.9836,N,N,07/2015,Analyst
51-7011.00,1.A.2.a.2,Manual Dexterity,IM,3.88,8,0.125,3.63,4.12,N,,07/2015,Analyst
51-7011.00,1.A.2.a.2,Manual Dexterity,LV,3.75,8,0.1637,3.4292,4.0708,N,N,07/2015,Analyst
51-7011.00,1.A.2.a.3,Finger Dexterity,IM,3.88,8,0.125,3.63,4.12,N,,07/2015,Analyst
51-7011.00,1.A.2.a.3,Finger Dexterity,LV,3.88,8,0.125,3.63,4.12,N,N,07/2015,Analyst
51-7011.00,1.A.2.b.1,Control Precision,IM,3.75,8,0.1637,3.4292,4.0708,N,,07/2015,Analyst
51-7011.00,1.A.2.b.1,Control Precision,LV,3.62,8,0.183,3.2664,3.9836,N,N,07/2015,Analyst
51-7011.00,1.A.2.b.2,Multilimb Coordination,IM,3.62,8,0.183,3.2664,3.9836,N,,07/2015,Analyst
51-7011.00,1.A.2.b.2,Multilimb Coordination,LV,3.25,8,0.1637,2.9292,3.5708,N,N,07/2015,Analyst
51-7011.00,1.A.2.b.3,Response Orientation,IM,3.0,8,0.189,2.6296,3.3704,N,,07/2015,Analyst
51-7011.00,1.A.2.b.3,Response Orientation,LV,2.62,8,0.2631,2.1094,3.1406,N,N,07/2015,Analyst
51-7011.00,1.A.2.b.4,Rate Control,IM,2.75,8,0.1637,2.4292,3.0708,N,,07/2015,Analyst
51-7011.00,1.A.2.b.4,Rate Control,LV,2.88,8,0.125,2.63,3.12,N,N,07/2015,Analyst
51-7011.00,1.A.2.c.1,Reaction Time,IM,3.25,8,0.25,2.76,3.74,N,,07/2015,Analyst
51-7011.00,1.A.2.c.1,Reaction Time,LV,3.5,8,0.189,3.1296,3.8704,N,N,07/2015,Analyst
51-7011.00,1.A.2.c.2,Wrist-Finger Speed,IM,2.62,8,0.183,2.2664,2.9836,N,,07/2015,Analyst
51-7011.00,1.A.2.c.2,Wrist-Finger Speed,LV,2.38,8,0.183,2.0164,2.7336,N,N,07/2015,Analyst
51-7011.00,1.A.2.c.3,Speed of Limb Movement,IM,2.62,8,0.183,2.2664,2.9836,N,,07/2015,Analyst
51-7011.00,1.A.2.c.3,Speed of Limb Movement,LV,2.25,8,0.1637,1.9292,2.5708,N,N,07/2015,Analyst
51-7011.00,1.A.3.a.1,Static Strength,IM,3.25,8,0.1637,2.9292,3.5708,N,,07/2015,Analyst
51-7011.00,1.A.3.a.1,Static Strength,LV,3.5,8,0.189,3.1296,3.8704,N,N,07/2015,Analyst
51-7011.00,1.A.3.a.2,Explosive Strength,IM,2.0,8,0.189,1.6296,2.3704,N,,07/2015,Analyst
51-7011.00,1.A.3.a.2,Explosive Strength,LV,1.25,8,0.25,0.76,1.74,N,N,07/2015,Analyst
51-7011.00,1.A.3.a.3,Dynamic Strength,IM,2.88,8,0.125,2.63,3.12,N,,07/2015,Analyst
51-7011.00,1.A.3.a.3,Dynamic Strength,LV,2.88,8,0.125,2.63,3.12,N,N,07/2015,Analyst
51-7011.00,1.A.3.a.4,Trunk Strength,IM,3.62,8,0.183,3.2664,3.9836,N,,07/2015,Analyst
51-7011.00,1.A.3.a.4,Trunk Strength,LV,3.25,8,0.1637,2.9292,3.5708,N,N,07/2015,Analyst
51-7011.00,1.A.3.b.1,Stamina,IM,2.75,8,0.1637,2.4292,3.0708,N,,07/2015,Analyst
51-7011.00,1.A.3.b.1,Stamina,LV,2.88,8,0.125,2.63,3.12,N,N,07/2015,Analyst
51-7011.00,1.A.3.c.1,Extent Flexibility,IM,3.0,8,0.0,3.0,3.0,N,,07/2015,Analyst
51-7011.00,1.A.3.c.1,Extent Flexibility,LV,3.25,8,0.1637,2.9292,3.5708,N,N,07/2015,Analyst
51-7011.00,1.A.3.c.2,Dynamic Flexibility,IM,1.25,8,0.1637,1.0,1.5708,N,,07/2015,Analyst
51-7011.00,1.A.3.c.2,Dynamic Flexibility,LV,0.25,8,0.1637,0.0,0.5708,N,Y,07/2015,Analyst
51-7011.00,1.A.3.c.3,Gross Body Coordination,IM,2.88,8,0.125,2.63,3.12,N,,07/2015,Analyst
51-7011.00,1.A.3.c.3,Gross Body Coordination,LV,2.88,8,0.125,2.63,3.12,N,N,07/2015,Analyst
51-7011.00,1.A.3.c.4,Gross Body Equilibrium,IM,2.12,8,0.125,1.88,2.37,N,,07/2015,Analyst
51-7011.00,1.A.3.c.4,Gross Body Equilibrium,LV,1.62,8,0.183,1.2664,1.9836,N,N,07/2015,Analyst
51-7011.00,1.A.4.a.1,Near Vision,IM,3.88,8,0.125,3.63,4.12,N,,07/2015,Analyst
51-7011.00,1.A.4.a.1,Near Vision,LV,3.62,8,0.183,3.2664,3.9836,N,N,07/2015,Analyst
51-7011.00,1.A.4.a.2,Far Vision,IM,3.0,8,0.0,3.0,3.0,N,,07/2015,Analyst
51-7011.00,1.A.4.a.2,Far Vision,LV,3.12,8,0.125,2.88,3.37,N,N,07/2015,Analyst
51-7011.00,1.A.4.a.3,Visual Color Discrimination,IM,2.88,8,0.125,2.63,3.12,N,,07/2015,Analyst
51-7011.00,1.A.4.a.3,Visual Color Discrimination,LV,3.12,8,0.2266,2.6809,3.5691,N,N,07/2015,Analyst
51-7011.00,1.A.4.a.4,Night Vision,IM,1.75,8,0.1637,1.4292,2.0708,N,,07/2015,Analyst
51-7011.00,1.A.4.a.4,Night Vision,LV,1.0,8,0.2673,0.4762,1.5238,N,N,07/2015,Analyst
51-7011.00,1.A.4.a.5,Peripheral Vision,IM,1.75,8,0.1637,1.4292,2.0708,N,,07/2015,Analyst
51-7011.00,1.A.4.a.5,Peripheral Vision,LV,0.75,8,0.1637,0.4292,1.0708,N,N,07/2015,Analyst
51-7011.00,1.A.4.a.6,Depth Perception,IM,3.0,8,0.0,3.0,3.0,N,,07/2015,Analyst
51-7011.00,1.A.4.a.6,Depth Perception,LV,2.75,8,0.1637,2.4292,3.0708,N,N,07/2015,Analyst
51-7011.00,1.A.4.a.7,Glare Sensitivity,IM,1.75,8,0.1637,1.4292,2.0708,N,,07/2015,Analyst
51-7011.00,1.A.4.a.7,Glare Sensitivity,LV,1.12,8,0.295,0.5467,1.7033,N,N,07/2015,Analyst
51-7011.00,1.A.4.b.1,Hearing Sensitivity,IM,3.0,8,0.189,2.6296,3.3704,N,,07/2015,Analyst
51-7011.00,1.A.4.b.1,Hearing Sensitivity,LV,2.5,8,0.189,2.1296,2.8704,N,N,07/2015,Analyst
51-7011.00,1.A.4.b.2,Auditory Attention,IM,3.0,8,0.0,3.0,3.0,N,,07/2015,Analyst
51-7011.00,1.A.4.b.2,Auditory Attention,LV,3.12,8,0.2266,2.6809,3.5691,N,N,07/2015,Analyst
51-7011.00,1.A.4.b.3,Sound Localization,IM,1.88,8,0.125,1.63,2.12,N,,07/2015,Analyst
51-7011.00,1.A.4.b.3,Sound Localization,LV,1.12,8,0.2266,0.6809,1.5691,N,N,07/2015,Analyst
51-7011.00,1.A.4.b.4,Speech Recognition,IM,3.0,8,0.0,3.0,3.0,N,,07/2015,Analyst
51-7011.00,1.A.4.b.4,Speech Recognition,LV,2.88,8,0.125,2.63,3.12,N,N,07/2015,Analyst
51-7011.00,1.A.4.b.5,Speech Clarity,IM,2.88,8,0.125,2.63,3.12,N,,07/2015,Analyst
51-7011.00,1.A.4.b.5,Speech Clarity,LV,2.75,8,0.1637,2.4292,3.0708,N,N,07/2015,Analyst
51-7021.00,1.A.1.a.1,Oral Comprehension,IM,3.12,8,0.125,2.88,3.37,N,,07/2017,Analyst
51-7021.00,1.A.1.a.1,Oral Comprehension,LV,3.12,8,0.125,2.88,3.37,N,N,07/2017,Analyst
51-7021.00,1.A.1.a.2,Written Comprehension,IM,3.0,8,0.189,2.6296,3.3704,N,,07/2017,Analyst
51-7021.00,1.A.1.a.2,Written Comprehension,LV,3.0,8,0.0,3.0,3.0,N,N,07/2017,Analyst
51-7021.00,1.A.1.a.3,Oral Expression,IM,3.12,8,0.2266,2.6809,3.5691,N,,07/2017,Analyst
51-7021.00,1.A.1.a.3,Oral Expression,LV,3.12,8,0.125,2.88,3.37,N,N,07/2017,Analyst
51-7021.00,1.A.1.a.4,Written Expression,IM,2.25,8,0.1637,1.9292,2.5708,N,,07/2017,Analyst
51-7021.00,1.A.1.a.4,Written Expression,LV,2.25,8,0.1637,1.9292,2.5708,N,N,07/2017,Analyst
51-7021.00,1.A.1.b.1,Fluency of Ideas,IM,2.5,8,0.189,2.1296,2.8704,N,,07/2017,Analyst
51-7021.00,1.A.1.b.1,Fluency of Ideas,LV,2.88,8,0.125,2.63,3.12,N,N,07/2017,Analyst
51-7021.00,1.A.1.b.2,Originality,IM,2.88,8,0.125,2.63,3.12,N,,07/2017,Analyst
51-7021.00,1.A.1.b.2,Originality,LV,2.88,8,0.125,2.63,3.12,N,N,07/2017,Analyst
51-7021.00,1.A.1.b.3,Problem Sensitivity,IM,3.12,8,0.2266,2.6809,3.5691,N,,07/2017,Analyst
51-7021.00,1.A.1.b.3,Problem Sensitivity,LV,2.88,8,0.125,2.63,3.12,N,N,07/2017,Analyst
51-7021.00,1.A.1.b.4,Deductive Reasoning,IM,3.0,8,0.189,2.6296,3.3704,N,,07/2017,Analyst
51-7021.00,1.A.1.b.4,Deductive Reasoning,LV,3.0,8,0.0,3.0,3.0,N,N,07/2017,Analyst
51-7021.00,1.A.1.b.5,Inductive Reasoning,IM,3.12,8,0.125,2.88,3.37,N,,07/2017,Analyst
51-7021.00,1.A.1.b.5,Inductive Reasoning,LV,3.0,8,0.0,3.0,3.0,N,N,07/2017,Analyst
51-7021.00,1.A.1.b.6,Information Ordering,IM,3.0,8,0.189,2.6296,3.3704,N,,07/2017,Analyst
51-7021.00,1.A.1.b.6,Information Ordering,LV,3.12,8,0.125,2.88,3.37,N,N,07/2017,Analyst
51-7021.00,1.A.1.b.7,Category Flexibility,IM,3.12,8,0.125,2.88,3.37,N,,07/2017,Analyst
51-7021.00,1.A.1.b.7,Category Flexibility,LV,3.12,8,0.125,2.88,3.37,N,N,07/2017,Analyst
51-7021.00,1.A.1.c.1,Mathematical Reasoning,IM,2.0,8,0.0,2.0,2.0,N,,07/2017,Analyst
51-7021.00,1.A.1.c.1,Mathematical Reasoning,LV,1.5,8,0.189,1.1296,1.8704,N,N,07/2017,Analyst
51-7021.00,1.A.1.c.2,Number Facility,IM,2.0,8,0.0,2.0,2.0,N,,07/2017,Analyst
51-7021.00,1.A.1.c.2,Number Facility,LV,2.0,8,0.0,2.0,2.0,N,N,07/2017,Analyst
51-7021.00,1.A.1.d.1,Memorization,IM,2.0,8,0.0,2.0,2.0,N,,07/2017,Analyst
51-7021.00,1.A.1.d.1,Memorization,LV,2.0,8,0.0,2.0,2.0,N,N,07/2017,Analyst
51-7021.00,1.A.1.e.1,Speed of Closure,IM,2.5,8,0.189,2.1296,2.8704,N,,07/2017,Analyst
51-7021.00,1.A.1.e.1,Speed of Closure,LV,2.12,8,0.125,1.88,2.37,N,N,07/2017,Analyst
51-7021.00,1.A.1.e.2,Flexibility of Closure,IM,3.12,8,0.125,2.88,3.37,N,,07/2017,Analyst
51-7021.00,1.A.1.e.2,Flexibility of Closure,LV,3.12,8,0.125,2.88,3.37,N,N,07/2017,Analyst
51-7021.00,1.A.1.e.3,Perceptual Speed,IM,3.0,8,0.0,3.0,3.0,N,,07/2017,Analyst
51-7021.00,1.A.1.e.3,Perceptual Speed,LV,2.88,8,0.125,2.63,3.12,N,N,07/2017,Analyst
51-7021.00,1.A.1.f.1,Spatial Orientation,IM,1.38,8,0.183,1.0164,1.7336,N,,07/2017,Analyst
51-7021.00,1.A.1.f.1,Spatial Orientation,LV,0.5,8,0.2673,0.0,1.0238,N,N,07/2017,Analyst
51-7021.00,1.A.1.f.2,Visualization,IM,3.38,8,0.183,3.0164,3.7336,N,,07/2017,Analyst
51-7021.00,1.A.1.f.2,Visualization,LV,3.88,8,0.125,3.63,4.12,N,N,07/2017,Analyst
51-7021.00,1.A.1.g.1,Selective Attention,IM,3.25,8,0.1637,2.9292,3.5708,N,,07/2017,Analyst
51-7021.00,1.A.1.g.1,Selective Attention,LV,3.12,8,0.125,2.88,3.37,N,N,07/2017,Analyst
51-7021.00,1.A.1.g.2,Time Sharing,IM,2.12,8,0.125,1.88,2.37,N,,07/2017,Analyst
51-7021.00,1.A.1.g.2,Time Sharing,LV,2.38,8,0.183,2.0164,2.7336,N,N,07/2017,Analyst
51-7021.00,1.A.2.a.1,Arm-Hand Steadiness,IM,3.75,8,0.1637,3.4292,4.0708,N,,07/2017,Analyst
51-7021.00,1.A.2.a.1,Arm-Hand Steadiness,LV,3.12,8,0.125,2.88,3.37,N,N,07/2017,Analyst
51-7021.00,1.A.2.a.2,Manual Dexterity,IM,3.62,8,0.183,3.2664,3.9836,N,,07/2017,Analyst
51-7021.00,1.A.2.a.2,Manual Dexterity,LV,3.75,8,0.1637,3.4292,4.0708,N,N,07/2017,Analyst
51-7021.00,1.A.2.a.3,Finger Dexterity,IM,3.12,8,0.125,2.88,3.37,N,,07/2017,Analyst
51-7021.00,1.A.2.a.3,Finger Dexterity,LV,3.25,8,0.1637,2.9292,3.5708,N,N,07/2017,Analyst
51-7021.00,1.A.2.b.1,Control Precision,IM,3.5,8,0.189,3.1296,3.8704,N,,07/2017,Analyst
51-7021.00,1.A.2.b.1,Control Precision,LV,3.25,8,0.1637,2.9292,3.5708,N,N,07/2017,Analyst
51-7021.00,1.A.2.b.2,Multilimb Coordination,IM,3.12,8,0.125,2.88,3.37,N,,07/2017,Analyst
51-7021.00,1.A.2.b.2,Multilimb Coordination,LV,3.12,8,0.125,2.88,3.37,N,N,07/2017,Analyst
51-7021.00,1.A.2.b.3,Response Orientation,IM,2.25,8,0.3134,1.6358,2.8642,N,,07/2017,Analyst
51-7021.00,1.A.2.b.3,Response Orientation,LV,1.88,8,0.4795,0.9352,2.8148,N,N,07/2017,Analyst
51-7021.00,1.A.2.b.4,Rate Control,IM,2.5,8,0.189,2.1296,2.8704,N,,07/2017,Analyst
51-7021.00,1.A.2.b.4,Rate Control,LV,2.25,8,0.3134,1.6358,2.8642,N,N,07/2017,Analyst
51-7021.00,1.A.2.c.1,Reaction Time,IM,2.38,8,0.183,2.0164,2.7336,N,,07/2017,Analyst
51-7021.00,1.A.2.c.1,Reaction Time,LV,2.38,8,0.3239,1.7402,3.0098,N,N,07/2017,Analyst
51-7021.00,1.A.2.c.2,Wrist-Finger Speed,IM,2.75,8,0.1637,2.4292,3.0708,N,,07/2017,Analyst
51-7021.00,1.A.2.c.2,Wrist-Finger Speed,LV,2.5,8,0.2673,1.9762,3.0238,N,N,07/2017,Analyst
51-7021.00,1.A.2.c.3,Speed of Limb Movement,IM,2.38,8,0.2631,1.8594,2.8906,N,,07/2017,Analyst
51-7021.00,1.A.2.c.3,Speed of Limb Movement,LV,2.25,8,0.366,1.5327,2.9673,N,N,07/2017,Analyst
51-7021.00,1.A.3.a.1,Static Strength,IM,3.25,8,0.1637,2.9292,3.5708,N,,07/2017,Analyst
51-7021.00,1.A.3.a.1,Static Strength,LV,3.12,8,0.125,2.88,3.37,N,N,07/2017,Analyst
51-7021.00,1.A.3.a.2,Explosive Strength,IM,1.75,8,0.25,1.26,2.24,N,,07/2017,Analyst
51-7021.00,1.A.3.a.2,Explosive Strength,LV,1.12,8,0.3981,0.3447,1.9053,N,N,07/2017,Analyst
51-7021.00,1.A.3.a.3,Dynamic Strength,IM,3.12,8,0.125,2.88,3.37,N,,07/2017,Analyst
51-7021.00,1.A.3.a.3,Dynamic Strength,LV,2.88,8,0.125,2.63,3.12,N,N,07/2017,Analyst
51-7021.00,1.A.3.a.4,Trunk Strength,IM,3.25,8,0.1637,2.9292,3.5708,N,,07/2017,Analyst
51-7021.00,1.A.3.a.4,Trunk Strength,LV,3.12,8,0.125,2.88,3.37,N,N,07/2017,Analyst
51-7021.00,1.A.3.b.1,Stamina,IM,2.88,8,0.125,2.63,3.12,N,,07/2017,Analyst
51-7021.00,1.A.3.b.1,Stamina,LV,2.75,8,0.1637,2.4292,3.0708,N,N,07/2017,Analyst
51-7021.00,1.A.3.c.1,Extent Flexibility,IM,2.88,8,0.125,2.63,3.12,N,,07/2017,Analyst
51-7021.00,1.A.3.c.1,Extent Flexibility,LV,3.0,8,0.189,2.6296,3.3704,N,N,07/2017,Analyst
51-7021.00,1.A.3.c.2,Dynamic Flexibility,IM,1.25,8,0.1637,1.0,1.5708,N,,07/2017,Analyst
51-7021.00,1.A.3.c.2,Dynamic Flexibility,LV,0.38,8,0.2631,0.0,0.8906,N,Y,07/2017,Analyst
51-7021.00,1.A.3.c.3,Gross Body Coordination,IM,2.62,8,0.183,2.2664,2.9836,N,,07/2017,Analyst
51-7021.00,1.A.3.c.3,Gross Body Coordination,LV,2.25,8,0.1637,1.9292,2.5708,N,N,07/2017,Analyst
51-7021.00,1.A.3.c.4,Gross Body Equilibrium,IM,2.12,8,0.125,1.88,2.37,N,,07/2017,Analyst
51-7021.00,1.A.3.c.4,Gross Body Equilibrium,LV,2.0,8,0.189,1.6296,2.3704,N,N,07/2017,Analyst
51-7021.00,1.A.4.a.1,Near Vision,IM,4.0,8,0.0,4.0,4.0,N,,07/2017,Analyst
51-7021.00,1.A.4.a.1,Near Vision,LV,4.12,8,0.125,3.88,4.37,N,N,07/2017,Analyst
51-7021.00,1.A.4.a.2,Far Vision,IM,3.0,8,0.189,2.6296,3.3704,N,,07/2017,Analyst
51-7021.00,1.A.4.a.2,Far Vision,LV,3.0,8,0.189,2.6296,3.3704,N,N,07/2017,Analyst
51-7021.00,1.A.4.a.3,Visual Color Discrimination,IM,3.88,8,0.125,3.63,4.12,N,,07/2017,Analyst
51-7021.00,1.A.4.a.3,Visual Color Discrimination,LV,3.75,8,0.1637,3.4292,4.0708,N,N,07/2017,Analyst
51-7021.00,1.A.4.a.4,Night Vision,IM,1.38,8,0.183,1.0164,1.7336,N,,07/2017,Analyst
51-7021.00,1.A.4.a.4,Night Vision,LV,0.38,8,0.183,0.0164,0.7336,N,N,07/2017,Analyst
51-7021.00,1.A.4.a.5,Peripheral Vision,IM,1.38,8,0.183,1.0164,1.7336,N,,07/2017,Analyst
51-7021.00,1.A.4.a.5,Peripheral Vision,LV,0.75,8,0.366,0.0327,1.4673,N,N,07/2017,Analyst
51-7021.00,1.A.4.a.6,Depth Perception,IM,2.5,8,0.189,2.1296,2.8704,N,,07/2017,Analyst
51-7021.00,1.A.4.a.6,Depth Perception,LV,2.5,8,0.189,2.1296,2.8704,N,N,07/2017,Analyst
51-7021.00,1.A.4.a.7,Glare Sensitivity,IM,1.62,8,0.3239,1.0,2.2598,N,,07/2017,Analyst
51-7021.00,1.A.4.a.7,Glare Sensitivity,LV,0.88,8,0.4407,0.0113,1.7387,N,N,07/2017,Analyst
51-7021.00,1.A.4.b.1,Hearing Sensitivity,IM,2.75,8,0.1637,2.4292,3.0708,N,,07/2017,Analyst
51-7021.00,1.A.4.b.1,Hearing Sensitivity,LV,2.12,8,0.125,1.88,2.37,N,N,07/2017,Analyst
51-7021.00,1.A.4.b.2,Auditory Attention,IM,2.75,8,0.1637,2.4292,3.0708,N,,07/2017,Analyst
51-7021.00,1.A.4.b.2,Auditory Attention,LV,2.88,8,0.125,2.63,3.12,N,N,07/2017,Analyst
51-7021.00,1.A.4.b.3,Sound Localization,IM,1.5,8,0.189,1.1296,1.8704,N,,07/2017,Analyst
51-7021.00,1.A.4.b.3,Sound Localization,LV,0.5,8,0.189,0.1296,0.8704,N,N,07/2017,Analyst
51-7021.00,1.A.4.b.4,Speech Recognition,IM,3.0,8,0.189,2.6296,3.3704,N,,07/2017,Analyst
51-7021.00,1.A.4.b.4,Speech Recognition,LV,2.75,8,0.1637,2.4292,3.0708,N,N,07/2017,Analyst
51-7021.00,1.A.4.b.5,Speech Clarity,IM,2.88,8,0.2266,2.4309,3.3191,N,,07/2017,Analyst
51-7021.00,1.A.4.b.5,Speech Clarity,LV,2.38,8,0.183,2.0164,2.7336,N,N,07/2017,Analyst
51-7031.00,1.A.1.a.1,Oral Comprehension,IM,3.38,8,0.183,3.0164,3.7336,N,,08/2024,Analyst
51-7031.00,1.A.1.a.1,Oral Comprehension,LV,3.62,8,0.183,3.2664,3.9836,N,N,08/2024,Analyst
51-7031.00,1.A.1.a.2,Written Comprehension,IM,3.25,8,0.1637,2.9292,3.5708,N,,08/2024,Analyst
51-7031.00,1.A.1.a.2,Written Comprehension,LV,3.12,8,0.125,2.88,3.37,N,N,08/2024,Analyst
51-7031.00,1.A.1.a.3,Oral Expression,IM,3.12,8,0.125,2.88,3.37,N,,08/2024,Analyst
51-7031.00,1.A.1.a.3,Oral Expression,LV,3.12,8,0.125,2.88,3.37,N,N,08/2024,Analyst
51-7031.00,1.A.1.a.4,Written Expression,IM,2.62,8,0.183,2.2664,2.9836,N,,08/2024,Analyst
51-7031.00,1.A.1.a.4,Written Expression,LV,2.88,8,0.125,2.63,3.12,N,N,08/2024,Analyst
51-7031.00,1.A.1.b.1,Fluency of Ideas,IM,2.88,8,0.125,2.63,3.12,N,,08/2024,Analyst
51-7031.00,1.A.1.b.1,Fluency of Ideas,LV,3.0,8,0.0,3.0,3.0,N,N,08/2024,Analyst
51-7031.00,1.A.1.b.2,Originality,IM,3.12,8,0.125,2.88,3.37,N,,08/2024,Analyst
51-7031.00,1.A.1.b.2,Originality,LV,3.0,8,0.0,3.0,3.0,N,N,08/2024,Analyst
51-7031.00,1.A.1.b.3,Problem Sensitivity,IM,3.38,8,0.183,3.0164,3.7336,N,,08/2024,Analyst
51-7031.00,1.A.1.b.3,Problem Sensitivity,LV,3.0,8,0.0,3.0,3.0,N,N,08/2024,Analyst
51-7031.00,1.A.1.b.4,Deductive Reasoning,IM,3.0,8,0.0,3.0,3.0,N,,08/2024,Analyst
51-7031.00,1.A.1.b.4,Deductive Reasoning,LV,3.0,8,0.0,3.0,3.0,N,N,08/2024,Analyst
51-7031.00,1.A.1.b.5,Inductive Reasoning,IM,3.0,8,0.0,3.0,3.0,N,,08/2024,Analyst
51-7031.00,1.A.1.b.5,Inductive Reasoning,LV,3.0,8,0.0,3.0,3.0,N,N,08/2024,Analyst
51-7031.00,1.A.1.b.6,Information Ordering,IM,3.38,8,0.183,3.0164,3.7336,N,,08/2024,Analyst
51-7031.00,1.A.1.b.6,Information Ordering,LV,3.12,8,0.125,2.88,3.37,N,N,08/2024,Analyst
51-7031.00,1.A.1.b.7,Category Flexibility,IM,3.12,8,0.125,2.88,3.37,N,,08/2024,Analyst
51-7031.00,1.A.1.b.7,Category Flexibility,LV,3.0,8,0.0,3.0,3.0,N,N,08/2024,Analyst
51-7031.00,1.A.1.c.1,Mathematical Reasoning,IM,2.62,8,0.183,2.2664,2.9836,N,,08/2024,Analyst
51-7031.00,1.A.1.c.1,Mathematical Reasoning,LV,2.38,8,0.183,2.0164,2.7336,N,N,08/2024,Analyst
51-7031.00,1.A.1.c.2,Number Facility,IM,2.62,8,0.183,2.2664,2.9836,N,,08/2024,Analyst
51-7031.00,1.A.1.c.2,Number Facility,LV,2.38,8,0.183,2.0164,2.7336,N,N,08/2024,Analyst
51-7031.00,1.A.1.d.1,Memorization,IM,2.0,8,0.0,2.0,2.0,N,,08/2024,Analyst
51-7031.00,1.A.1.d.1,Memorization,LV,2.0,8,0.0,2.0,2.0,N,N,08/2024,Analyst
51-7031.00,1.A.1.e.1,Speed of Closure,IM,2.25,8,0.1637,1.9292,2.5708,N,,08/2024,Analyst
51-7031.00,1.A.1.e.1,Speed of Closure,LV,2.0,8,0.0,2.0,2.0,N,N,08/2024,Analyst
51-7031.00,1.A.1.e.2,Flexibility of Closure,IM,3.0,8,0.0,3.0,3.0,N,,08/2024,Analyst
51-7031.00,1.A.1.e.2,Flexibility of Closure,LV,3.0,8,0.0,3.0,3.0,N,N,08/2024,Analyst
51-7031.00,1.A.1.e.3,Perceptual Speed,IM,3.0,8,0.0,3.0,3.0,N,,08/2024,Analyst
51-7031.00,1.A.1.e.3,Perceptual Speed,LV,2.88,8,0.125,2.63,3.12,N,N,08/2024,Analyst
51-7031.00,1.A.1.f.1,Spatial Orientation,IM,1.75,8,0.25,1.26,2.24,N,,08/2024,Analyst
51-7031.00,1.A.1.f.1,Spatial Orientation,LV,1.12,8,0.3981,0.3447,1.9053,N,N,08/2024,Analyst
51-7031.00,1.A.1.f.2,Visualization,IM,3.38,8,0.183,3.0164,3.7336,N,,08/2024,Analyst
51-7031.00,1.A.1.f.2,Visualization,LV,3.88,8,0.125,3.63,4.12,N,N,08/2024,Analyst
51-7031.00,1.A.1.g.1,Selective Attention,IM,3.0,8,0.0,3.0,3.0,N,,08/2024,Analyst
51-7031.00,1.A.1.g.1,Selective Attention,LV,3.25,8,0.1637,2.9292,3.5708,N,N,08/2024,Analyst
51-7031.00,1.A.1.g.2,Time Sharing,IM,2.62,8,0.183,2.2664,2.9836,N,,08/2024,Analyst
51-7031.00,1.A.1.g.2,Time Sharing,LV,2.62,8,0.183,2.2664,2.9836,N,N,08/2024,Analyst
51-7031.00,1.A.2.a.1,Arm-Hand Steadiness,IM,3.75,8,0.1637,3.4292,4.0708,N,,08/2024,Analyst
51-7031.00,1.A.2.a.1,Arm-Hand Steadiness,LV,3.75,8,0.1637,3.4292,4.0708,N,N,08/2024,Analyst
51-7031.00,1.A.2.a.2,Manual Dexterity,IM,3.5,8,0.189,3.1296,3.8704,N,,08/2024,Analyst
51-7031.00,1.A.2.a.2,Manual Dexterity,LV,3.25,8,0.1637,2.9292,3.5708,N,N,08/2024,Analyst
51-7031.00,1.A.2.a.3,Finger Dexterity,IM,3.75,8,0.1637,3.4292,4.0708,N,,08/2024,Analyst
51-7031.00,1.A.2.a.3,Finger Dexterity,LV,3.75,8,0.1637,3.4292,4.0708,N,N,08/2024,Analyst
51-7031.00,1.A.2.b.1,Control Precision,IM,3.5,8,0.189,3.1296,3.8704,N,,08/2024,Analyst
51-7031.00,1.A.2.b.1,Control Precision,LV,3.5,8,0.2673,2.9762,4.0238,N,N,08/2024,Analyst
51-7031.00,1.A.2.b.2,Multilimb Coordination,IM,3.12,8,0.125,2.88,3.37,N,,08/2024,Analyst
51-7031.00,1.A.2.b.2,Multilimb Coordination,LV,3.0,8,0.0,3.0,3.0,N,N,08/2024,Analyst
51-7031.00,1.A.2.b.3,Response Orientation,IM,2.25,8,0.1637,1.9292,2.5708,N,,08/2024,Analyst
51-7031.00,1.A.2.b.3,Response Orientation,LV,2.25,8,0.1637,1.9292,2.5708,N,N,08/2024,Analyst
51-7031.00,1.A.2.b.4,Rate Control,IM,2.25,8,0.1637,1.9292,2.5708,N,,08/2024,Analyst
51-7031.00,1.A.2.b.4,Rate Control,LV,2.38,8,0.183,2.0164,2.7336,N,N,08/2024,Analyst
51-7031.00,1.A.2.c.1,Reaction Time,IM,3.0,8,0.0,3.0,3.0,N,,08/2024,Analyst
51-7031.00,1.A.2.c.1,Reaction Time,LV,3.25,8,0.1637,2.9292,3.5708,N,N,08/2024,Analyst
51-7031.00,1.A.2.c.2,Wrist-Finger Speed,IM,2.5,8,0.189,2.1296,2.8704,N,,08/2024,Analyst
51-7031.00,1.A.2.c.2,Wrist-Finger Speed,LV,2.12,8,0.125,1.88,2.37,N,N,08/2024,Analyst
51-7031.00,1.A.2.c.3,Speed of Limb Movement,IM,1.62,8,0.183,1.2664,1.9836,N,,08/2024,Analyst
51-7031.00,1.A.2.c.3,Speed of Limb Movement,LV,1.0,8,0.3273,0.3584,1.6416,N,N,08/2024,Analyst
51-7031.00,1.A.3.a.1,Static Strength,IM,2.62,8,0.183,2.2664,2.9836,N,,08/2024,Analyst
51-7031.00,1.A.3.a.1,Static Strength,LV,2.25,8,0.1637,1.9292,2.5708,N,N,08/2024,Analyst
51-7031.00,1.A.3.a.2,Explosive Strength,IM,1.5,8,0.189,1.1296,1.8704,N,,08/2024,Analyst
51-7031.00,1.A.3.a.2,Explosive Strength,LV,0.88,8,0.3504,0.1883,1.5617,N,N,08/2024,Analyst
51-7031.00,1.A.3.a.3,Dynamic Strength,IM,2.12,8,0.125,1.88,2.37,N,,08/2024,Analyst
51-7031.00,1.A.3.a.3,Dynamic Strength,LV,2.0,8,0.189,1.6296,2.3704,N,N,08/2024,Analyst
51-7031.00,1.A.3.a.4,Trunk Strength,IM,2.62,8,0.183,2.2664,2.9836,N,,08/2024,Analyst
51-7031.00,1.A.3.a.4,Trunk Strength,LV,2.75,8,0.1637,2.4292,3.0708,N,N,08/2024,Analyst
51-7031.00,1.A.3.b.1,Stamina,IM,2.12,8,0.125,1.88,2.37,N,,08/2024,Analyst
51-7031.00,1.A.3.b.1,Stamina,LV,1.88,8,0.125,1.63,2.12,N,N,08/2024,Analyst
51-7031.00,1.A.3.c.1,Extent Flexibility,IM,2.62,8,0.183,2.2664,2.9836,N,,08/2024,Analyst
51-7031.00,1.A.3.c.1,Extent Flexibility,LV,2.75,8,0.1637,2.4292,3.0708,N,N,08/2024,Analyst
51-7031.00,1.A.3.c.2,Dynamic Flexibility,IM,1.0,8,0.0,1.0,1.0,N,,08/2024,Analyst
51-7031.00,1.A.3.c.2,Dynamic Flexibility,LV,0.0,8,0.0,0.0,0.0,N,Y,08/2024,Analyst
51-7031.00,1.A.3.c.3,Gross Body Coordination,IM,2.0,8,0.0,2.0,2.0,N,,08/2024,Analyst
51-7031.00,1.A.3.c.3,Gross Body Coordination,LV,2.0,8,0.0,2.0,2.0,N,N,08/2024,Analyst
51-7031.00,1.A.3.c.4,Gross Body Equilibrium,IM,2.0,8,0.0,2.0,2.0,N,,08/2024,Analyst
51-7031.00,1.A.3.c.4,Gross Body Equilibrium,LV,1.88,8,0.125,1.63,2.12,N,N,08/2024,Analyst
51-7031.00,1.A.4.a.1,Near Vision,IM,3.88,8,0.125,3.63,4.12,N,,08/2024,Analyst
51-7031.00,1.A.4.a.1,Near Vision,LV,3.62,8,0.183,3.2664,3.9836,N,N,08/2024,Analyst
51-7031.00,1.A.4.a.2,Far Vision,IM,2.88,8,0.125,2.63,3.12,N,,08/2024,Analyst
51-7031.00,1.A.4.a.2,Far Vision,LV,2.75,8,0.1637,2.4292,3.0708,N,N,08/2024,Analyst
51-7031.00,1.A.4.a.3,Visual Color Discrimination,IM,2.62,8,0.183,2.2664,2.9836,N,,08/2024,Analyst
51-7031.00,1.A.4.a.3,Visual Color Discrimination,LV,2.75,8,0.1637,2.4292,3.0708,N,N,08/2024,Analyst
51-7031.00,1.A.4.a.4,Night Vision,IM,1.5,8,0.189,1.1296,1.8704,N,,08/2024,Analyst
51-7031.00,1.A.4.a.4,Night Vision,LV,0.5,8,0.189,0.1296,0.8704,N,N,08/2024,Analyst
51-7031.00,1.A.4.a.5,Peripheral Vision,IM,1.75,8,0.1637,1.4292,2.0708,N,,08/2024,Analyst
51-7031.00,1.A.4.a.5,Peripheral Vision,LV,0.88,8,0.2266,0.4309,1.3191,N,N,08/2024,Analyst
51-7031.00,1.A.4.a.6,Depth Perception,IM,2.5,8,0.189,2.1296,2.8704,N,,08/2024,Analyst
51-7031.00,1.A.4.a.6,Depth Perception,LV,2.38,8,0.183,2.0164,2.7336,N,N,08/2024,Analyst
51-7031.00,1.A.4.a.7,Glare Sensitivity,IM,1.62,8,0.183,1.2664,1.9836,N,,08/2024,Analyst
51-7031.00,1.A.4.a.7,Glare Sensitivity,LV,0.62,8,0.183,0.2664,0.9836,N,N,08/2024,Analyst
51-7031.00,1.A.4.b.1,Hearing Sensitivity,IM,2.62,8,0.183,2.2664,2.9836,N,,08/2024,Analyst
51-7031.00,1.A.4.b.1,Hearing Sensitivity,LV,2.12,8,0.125,1.88,2.37,N,N,08/2024,Analyst
51-7031.00,1.A.4.b.2,Auditory Attention,IM,2.62,8,0.183,2.2664,2.9836,N,,08/2024,Analyst
51-7031.00,1.A.4.b.2,Auditory Attention,LV,2.5,8,0.2673,1.9762,3.0238,N,N,08/2024,Analyst
51-7031.00,1.A.4.b.3,Sound Localization,IM,1.62,8,0.183,1.2664,1.9836,N,,08/2024,Analyst
51-7031.00,1.A.4.b.3,Sound Localization,LV,0.62,8,0.183,0.2664,0.9836,N,N,08/2024,Analyst
51-7031.00,1.A.4.b.4,Speech Recognition,IM,3.0,8,0.0,3.0,3.0,N,,08/2024,Analyst
51-7031.00,1.A.4.b.4,Speech Recognition,LV,2.88,8,0.125,2.63,3.12,N,N,08/2024,Analyst
51-7031.00,1.A.4.b.5,Speech Clarity,IM,3.0,8,0.0,3.0,3.0,N,,08/2024,Analyst
51-7031.00,1.A.4.b.5,Speech Clarity,LV,2.88,8,0.125,2.63,3.12,N,N,08/2024,Analyst
51-7032.00,1.A.1.a.1,Oral Comprehension,IM,3.12,8,0.125,2.88,3.37,N,,08/2021,Analyst
51-7032.00,1.A.1.a.1,Oral Comprehension,LV,3.62,8,0.183,3.2664,3.9836,N,N,08/2021,Analyst
51-7032.00,1.A.1.a.2,Written Comprehension,IM,3.0,8,0.0,3.0,3.0,N,,08/2021,Analyst
51-7032.00,1.A.1.a.2,Written Comprehension,LV,3.0,8,0.0,3.0,3.0,N,N,08/2021,Analyst
51-7032.00,1.A.1.a.3,Oral Expression,IM,3.0,8,0.0,3.0,3.0,N,,08/2021,Analyst
51-7032.00,1.A.1.a.3,Oral Expression,LV,3.12,8,0.125,2.88,3.37,N,N,08/2021,Analyst
51-7032.00,1.A.1.a.4,Written Expression,IM,2.75,8,0.1637,2.4292,3.0708,N,,08/2021,Analyst
51-7032.00,1.A.1.a.4,Written Expression,LV,2.5,8,0.189,2.1296,2.8704,N,N,08/2021,Analyst
51-7032.00,1.A.1.b.1,Fluency of Ideas,IM,2.88,8,0.2266,2.4309,3.3191,N,,08/2021,Analyst
51-7032.00,1.A.1.b.1,Fluency of Ideas,LV,2.25,8,0.1637,1.9292,2.5708,N,N,08/2021,Analyst
51-7032.00,1.A.1.b.2,Originality,IM,2.88,8,0.125,2.63,3.12,N,,08/2021,Analyst
51-7032.00,1.A.1.b.2,Originality,LV,2.5,8,0.189,2.1296,2.8704,N,N,08/2021,Analyst
51-7032.00,1.A.1.b.3,Problem Sensitivity,IM,3.12,8,0.125,2.88,3.37,N,,08/2021,Analyst
51-7032.00,1.A.1.b.3,Problem Sensitivity,LV,3.0,8,0.0,3.0,3.0,N,N,08/2021,Analyst
51-7032.00,1.A.1.b.4,Deductive Reasoning,IM,3.12,8,0.125,2.88,3.37,N,,08/2021,Analyst
51-7032.00,1.A.1.b.4,Deductive Reasoning,LV,3.0,8,0.0,3.0,3.0,N,N,08/2021,Analyst
51-7032.00,1.A.1.b.5,Inductive Reasoning,IM,2.88,8,0.125,2.63,3.12,N,,08/2021,Analyst
51-7032.00,1.A.1.b.5,Inductive Reasoning,LV,3.0,8,0.0,3.0,3.0,N,N,08/2021,Analyst
51-7032.00,1.A.1.b.6,Information Ordering,IM,3.25,8,0.1637,2.9292,3.5708,N,,08/2021,Analyst
51-7032.00,1.A.1.b.6,Information Ordering,LV,3.12,8,0.125,2.88,3.37,N,N,08/2021,Analyst
51-7032.00,1.A.1.b.7,Category Flexibility,IM,3.12,8,0.125,2.88,3.37,N,,08/2021,Analyst
51-7032.00,1.A.1.b.7,Category Flexibility,LV,3.12,8,0.125,2.88,3.37,N,N,08/2021,Analyst
51-7032.00,1.A.1.c.1,Mathematical Reasoning,IM,3.0,8,0.189,2.6296,3.3704,N,,08/2021,Analyst
51-7032.00,1.A.1.c.1,Mathematical Reasoning,LV,2.62,8,0.183,2.2664,2.9836,N,N,08/2021,Analyst
51-7032.00,1.A.1.c.2,Number Facility,IM,2.75,8,0.1637,2.4292,3.0708,N,,08/2021,Analyst
51-7032.00,1.A.1.c.2,Number Facility,LV,2.75,8,0.1637,2.4292,3.0708,N,N,08/2021,Analyst
51-7032.00,1.A.1.d.1,Memorization,IM,2.0,8,0.0,2.0,2.0,N,,08/2021,Analyst
51-7032.00,1.A.1.d.1,Memorization,LV,2.0,8,0.0,2.0,2.0,N,N,08/2021,Analyst
51-7032.00,1.A.1.e.1,Speed of Closure,IM,2.12,8,0.125,1.88,2.37,N,,08/2021,Analyst
51-7032.00,1.A.1.e.1,Speed of Closure,LV,2.12,8,0.125,1.88,2.37,N,N,08/2021,Analyst
51-7032.00,1.A.1.e.2,Flexibility of Closure,IM,2.88,8,0.125,2.63,3.12,N,,08/2021,Analyst
51-7032.00,1.A.1.e.2,Flexibility of Closure,LV,2.75,8,0.1637,2.4292,3.0708,N,N,08/2021,Analyst
51-7032.00,1.A.1.e.3,Perceptual Speed,IM,3.0,8,0.0,3.0,3.0,N,,08/2021,Analyst
51-7032.00,1.A.1.e.3,Perceptual Speed,LV,3.0,8,0.0,3.0,3.0,N,N,08/2021,Analyst
51-7032.00,1.A.1.f.1,Spatial Orientation,IM,1.62,8,0.183,1.2664,1.9836,N,,08/2021,Analyst
51-7032.00,1.A.1.f.1,Spatial Orientation,LV,1.25,8,0.366,0.5327,1.9673,N,N,08/2021,Analyst
51-7032.00,1.A.1.f.2,Visualization,IM,3.25,8,0.1637,2.9292,3.5708,N,,08/2021,Analyst
51-7032.00,1.A.1.f.2,Visualization,LV,3.88,8,0.125,3.63,4.12,N,N,08/2021,Analyst
51-7032.00,1.A.1.g.1,Selective Attention,IM,3.12,8,0.125,2.88,3.37,N,,08/2021,Analyst
51-7032.00,1.A.1.g.1,Selective Attention,LV,3.12,8,0.125,2.88,3.37,N,N,08/2021,Analyst
51-7032.00,1.A.1.g.2,Time Sharing,IM,2.38,8,0.183,2.0164,2.7336,N,,08/2021,Analyst
51-7032.00,1.A.1.g.2,Time Sharing,LV,2.5,8,0.189,2.1296,2.8704,N,N,08/2021,Analyst
51-7032.00,1.A.2.a.1,Arm-Hand Steadiness,IM,3.88,8,0.125,3.63,4.12,N,,08/2021,Analyst
51-7032.00,1.A.2.a.1,Arm-Hand Steadiness,LV,3.88,8,0.125,3.63,4.12,N,N,08/2021,Analyst
51-7032.00,1.A.2.a.2,Manual Dexterity,IM,4.0,8,0.0,4.0,4.0,N,,08/2021,Analyst
51-7032.00,1.A.2.a.2,Manual Dexterity,LV,4.0,8,0.0,4.0,4.0,N,N,08/2021,Analyst
51-7032.00,1.A.2.a.3,Finger Dexterity,IM,3.38,8,0.183,3.0164,3.7336,N,,08/2021,Analyst
51-7032.00,1.A.2.a.3,Finger Dexterity,LV,3.62,8,0.183,3.2664,3.9836,N,N,08/2021,Analyst
51-7032.00,1.A.2.b.1,Control Precision,IM,3.88,8,0.125,3.63,4.12,N,,08/2021,Analyst
51-7032.00,1.A.2.b.1,Control Precision,LV,4.0,8,0.0,4.0,4.0,N,N,08/2021,Analyst
51-7032.00,1.A.2.b.2,Multilimb Coordination,IM,3.12,8,0.125,2.88,3.37,N,,08/2021,Analyst
51-7032.00,1.A.2.b.2,Multilimb Coordination,LV,3.12,8,0.125,2.88,3.37,N,N,08/2021,Analyst
51-7032.00,1.A.2.b.3,Response Orientation,IM,2.88,8,0.125,2.63,3.12,N,,08/2021,Analyst
51-7032.00,1.A.2.b.3,Response Orientation,LV,3.0,8,0.0,3.0,3.0,N,N,08/2021,Analyst
51-7032.00,1.A.2.b.4,Rate Control,IM,2.88,8,0.125,2.63,3.12,N,,08/2021,Analyst
51-7032.00,1.A.2.b.4,Rate Control,LV,2.75,8,0.1637,2.4292,3.0708,N,N,08/2021,Analyst
51-7032.00,1.A.2.c.1,Reaction Time,IM,3.5,8,0.189,3.1296,3.8704,N,,08/2021,Analyst
51-7032.00,1.A.2.c.1,Reaction Time,LV,3.75,8,0.1637,3.4292,4.0708,N,N,08/2021,Analyst
51-7032.00,1.A.2.c.2,Wrist-Finger Speed,IM,2.62,8,0.2631,2.1094,3.1406,N,,08/2021,Analyst
51-7032.00,1.A.2.c.2,Wrist-Finger Speed,LV,2.62,8,0.375,1.89,3.36,N,N,08/2021,Analyst
51-7032.00,1.A.2.c.3,Speed of Limb Movement,IM,2.5,8,0.2673,1.9762,3.0238,N,,08/2021,Analyst
51-7032.00,1.A.2.c.3,Speed of Limb Movement,LV,2.5,8,0.378,1.7592,3.2408,N,N,08/2021,Analyst
51-7032.00,1.A.3.a.1,Static Strength,IM,3.12,8,0.125,2.88,3.37,N,,08/2021,Analyst
51-7032.00,1.A.3.a.1,Static Strength,LV,3.12,8,0.125,2.88,3.37,N,N,08/2021,Analyst
51-7032.00,1.A.3.a.2,Explosive Strength,IM,1.38,8,0.183,1.0164,1.7336,N,,08/2021,Analyst
51-7032.00,1.A.3.a.2,Explosive Strength,LV,0.62,8,0.3239,0.0,1.2598,N,N,08/2021,Analyst
51-7032.00,1.A.3.a.3,Dynamic Strength,IM,2.38,8,0.183,2.0164,2.7336,N,,08/2021,Analyst
51-7032.00,1.A.3.a.3,Dynamic Strength,LV,2.0,8,0.189,1.6296,2.3704,N,N,08/2021,Analyst
51-7032.00,1.A.3.a.4,Trunk Strength,IM,3.0,8,0.189,2.6296,3.3704,N,,08/2021,Analyst
51-7032.00,1.A.3.a.4,Trunk Strength,LV,3.0,8,0.189,2.6296,3.3704,N,N,08/2021,Analyst
51-7032.00,1.A.3.b.1,Stamina,IM,2.12,8,0.125,1.88,2.37,N,,08/2021,Analyst
51-7032.00,1.A.3.b.1,Stamina,LV,2.12,8,0.125,1.88,2.37,N,N,08/2021,Analyst
51-7032.00,1.A.3.c.1,Extent Flexibility,IM,2.25,8,0.1637,1.9292,2.5708,N,,08/2021,Analyst
51-7032.00,1.A.3.c.1,Extent Flexibility,LV,2.88,8,0.2266,2.4309,3.3191,N,N,08/2021,Analyst
51-7032.00,1.A.3.c.2,Dynamic Flexibility,IM,1.25,8,0.1637,1.0,1.5708,N,,08/2021,Analyst
51-7032.00,1.A.3.c.2,Dynamic Flexibility,LV,0.25,8,0.1637,0.0,0.5708,N,Y,08/2021,Analyst
51-7032.00,1.A.3.c.3,Gross Body Coordination,IM,2.0,8,0.0,2.0,2.0,N,,08/2021,Analyst
51-7032.00,1.A.3.c.3,Gross Body Coordination,LV,2.0,8,0.0,2.0,2.0,N,N,08/2021,Analyst
51-7032.00,1.A.3.c.4,Gross Body Equilibrium,IM,1.88,8,0.125,1.63,2.12,N,,08/2021,Analyst
51-7032.00,1.A.3.c.4,Gross Body Equilibrium,LV,1.12,8,0.2266,0.6809,1.5691,N,N,08/2021,Analyst
51-7032.00,1.A.4.a.1,Near Vision,IM,3.75,8,0.1637,3.4292,4.0708,N,,08/2021,Analyst
51-7032.00,1.A.4.a.1,Near Vision,LV,3.88,8,0.125,3.63,4.12,N,N,08/2021,Analyst
51-7032.00,1.A.4.a.2,Far Vision,IM,2.88,8,0.125,2.63,3.12,N,,08/2021,Analyst
51-7032.00,1.A.4.a.2,Far Vision,LV,3.0,8,0.0,3.0,3.0,N,N,08/2021,Analyst
51-7032.00,1.A.4.a.3,Visual Color Discrimination,IM,2.75,8,0.1637,2.4292,3.0708,N,,08/2021,Analyst
51-7032.00,1.A.4.a.3,Visual Color Discrimination,LV,2.88,8,0.125,2.63,3.12,N,N,08/2021,Analyst
51-7032.00,1.A.4.a.4,Night Vision,IM,1.5,8,0.189,1.1296,1.8704,N,,08/2021,Analyst
51-7032.00,1.A.4.a.4,Night Vision,LV,0.62,8,0.2631,0.1094,1.1406,N,N,08/2021,Analyst
51-7032.00,1.A.4.a.5,Peripheral Vision,IM,1.88,8,0.125,1.63,2.12,N,,08/2021,Analyst
51-7032.00,1.A.4.a.5,Peripheral Vision,LV,1.38,8,0.2631,0.8594,1.8906,N,N,08/2021,Analyst
51-7032.00,1.A.4.a.6,Depth Perception,IM,3.0,8,0.0,3.0,3.0,N,,08/2021,Analyst
51-7032.00,1.A.4.a.6,Depth Perception,LV,3.0,8,0.0,3.0,3.0,N,N,08/2021,Analyst
51-7032.00,1.A.4.a.7,Glare Sensitivity,IM,1.62,8,0.183,1.2664,1.9836,N,,08/2021,Analyst
51-7032.00,1.A.4.a.7,Glare Sensitivity,LV,0.75,8,0.25,0.26,1.24,N,N,08/2021,Analyst
51-7032.00,1.A.4.b.1,Hearing Sensitivity,IM,2.38,8,0.183,2.0164,2.7336,N,,08/2021,Analyst
51-7032.00,1.A.4.b.1,Hearing Sensitivity,LV,2.12,8,0.125,1.88,2.37,N,N,08/2021,Analyst
51-7032.00,1.A.4.b.2,Auditory Attention,IM,2.75,8,0.1637,2.4292,3.0708,N,,08/2021,Analyst
51-7032.00,1.A.4.b.2,Auditory Attention,LV,3.12,8,0.125,2.88,3.37,N,N,08/2021,Analyst
51-7032.00,1.A.4.b.3,Sound Localization,IM,1.75,8,0.1637,1.4292,2.0708,N,,08/2021,Analyst
51-7032.00,1.A.4.b.3,Sound Localization,LV,1.25,8,0.3134,0.6358,1.8642,N,N,08/2021,Analyst
51-7032.00,1.A.4.b.4,Speech Recognition,IM,3.0,8,0.0,3.0,3.0,N,,08/2021,Analyst
51-7032.00,1.A.4.b.4,Speech Recognition,LV,3.0,8,0.0,3.0,3.0,N,N,08/2021,Analyst
51-7032.00,1.A.4.b.5,Speech Clarity,IM,3.0,8,0.0,3.0,3.0,N,,08/2021,Analyst
51-7032.00,1.A.4.b.5,Speech Clarity,LV,2.88,8,0.125,2.63,3.12,N,N,08/2021,Analyst
51-7041.00,1.A.1.a.1,Oral Comprehension,IM,2.88,8,0.125,2.63,3.12,N,,07/2013,Analyst
51-7041.00,1.A.1.a.1,Oral Comprehension,LV,3.0,8,0.189,2.6296,3.3704,N,N,07/2013,Analyst
51-7041.00,1.A.1.a.2,Written Comprehension,IM,2.5,8,0.189,2.1296,2.8704,N,,07/2013,Analyst
51-7041.00,1.A.1.a.2,Written Comprehension,LV,2.75,8,0.1637,2.4292,3.0708,N,N,07/2013,Analyst
51-7041.00,1.A.1.a.3,Oral Expression,IM,2.88,8,0.125,2.63,3.12,N,,07/2013,Analyst
51-7041.00,1.A.1.a.3,Oral Expression,LV,2.88,8,0.125,2.63,3.12,N,N,07/2013,Analyst
51-7041.00,1.A.1.a.4,Written Expression,IM,2.12,8,0.2266,1.6809,2.5691,N,,07/2013,Analyst
51-7041.00,1.A.1.a.4,Written Expression,LV,1.88,8,0.3504,1.1883,2.5617,N,N,07/2013,Analyst
51-7041.00,1.A.1.b.1,Fluency of Ideas,IM,1.88,8,0.125,1.63,2.12,N,,07/2013,Analyst
51-7041.00,1.A.1.b.1,Fluency of Ideas,LV,1.75,8,0.25,1.26,2.24,N,N,07/2013,Analyst
51-7041.00,1.A.1.b.2,Originality,IM,1.88,8,0.125,1.63,2.12,N,,07/2013,Analyst
51-7041.00,1.A.1.b.2,Originality,LV,1.75,8,0.25,1.26,2.24,N,N,07/2013,Analyst
51-7041.00,1.A.1.b.3,Problem Sensitivity,IM,3.25,8,0.1637,2.9292,3.5708,N,,07/2013,Analyst
51-7041.00,1.A.1.b.3,Problem Sensitivity,LV,2.88,8,0.125,2.63,3.12,N,N,07/2013,Analyst
51-7041.00,1.A.1.b.4,Deductive Reasoning,IM,3.0,8,0.0,3.0,3.0,N,,07/2013,Analyst
51-7041.00,1.A.1.b.4,Deductive Reasoning,LV,2.75,8,0.1637,2.4292,3.0708,N,N,07/2013,Analyst
51-7041.00,1.A.1.b.5,Inductive Reasoning,IM,3.0,8,0.0,3.0,3.0,N,,07/2013,Analyst
51-7041.00,1.A.1.b.5,Inductive Reasoning,LV,2.88,8,0.125,2.63,3.12,N,N,07/2013,Analyst
51-7041.00,1.A.1.b.6,Information Ordering,IM,2.75,8,0.1637,2.4292,3.0708,N,,07/2013,Analyst
51-7041.00,1.A.1.b.6,Information Ordering,LV,2.88,8,0.125,2.63,3.12,N,N,07/2013,Analyst
51-7041.00,1.A.1.b.7,Category Flexibility,IM,2.88,8,0.125,2.63,3.12,N,,07/2013,Analyst
51-7041.00,1.A.1.b.7,Category Flexibility,LV,2.62,8,0.183,2.2664,2.9836,N,N,07/2013,Analyst
51-7041.00,1.A.1.c.1,Mathematical Reasoning,IM,2.0,8,0.0,2.0,2.0,N,,07/2013,Analyst
51-7041.00,1.A.1.c.1,Mathematical Reasoning,LV,1.75,8,0.1637,1.4292,2.0708,N,N,07/2013,Analyst
51-7041.00,1.A.1.c.2,Number Facility,IM,2.12,8,0.125,1.88,2.37,N,,07/2013,Analyst
51-7041.00,1.A.1.c.2,Number Facility,LV,1.75,8,0.1637,1.4292,2.0708,N,N,07/2013,Analyst
51-7041.00,1.A.1.d.1,Memorization,IM,1.88,8,0.125,1.63,2.12,N,,07/2013,Analyst
51-7041.00,1.A.1.d.1,Memorization,LV,1.75,8,0.25,1.26,2.24,N,N,07/2013,Analyst
51-7041.00,1.A.1.e.1,Speed of Closure,IM,1.88,8,0.125,1.63,2.12,N,,07/2013,Analyst
51-7041.00,1.A.1.e.1,Speed of Closure,LV,1.75,8,0.25,1.26,2.24,N,N,07/2013,Analyst
51-7041.00,1.A.1.e.2,Flexibility of Closure,IM,2.75,8,0.1637,2.4292,3.0708,N,,07/2013,Analyst
51-7041.00,1.A.1.e.2,Flexibility of Closure,LV,2.75,8,0.1637,2.4292,3.0708,N,N,07/2013,Analyst
51-7041.00,1.A.1.e.3,Perceptual Speed,IM,2.88,8,0.125,2.63,3.12,N,,07/2013,Analyst
51-7041.00,1.A.1.e.3,Perceptual Speed,LV,2.88,8,0.125,2.63,3.12,N,N,07/2013,Analyst
51-7041.00,1.A.1.f.1,Spatial Orientation,IM,1.88,8,0.125,1.63,2.12,N,,07/2013,Analyst
51-7041.00,1.A.1.f.1,Spatial Orientation,LV,0.88,8,0.125,0.63,1.12,N,N,07/2013,Analyst
51-7041.00,1.A.1.f.2,Visualization,IM,2.88,8,0.2266,2.4309,3.3191,N,,07/2013,Analyst
51-7041.00,1.A.1.f.2,Visualization,LV,3.12,8,0.125,2.88,3.37,N,N,07/2013,Analyst
51-7041.00,1.A.1.g.1,Selective Attention,IM,3.12,8,0.125,2.88,3.37,N,,07/2013,Analyst
51-7041.00,1.A.1.g.1,Selective Attention,LV,3.12,8,0.125,2.88,3.37,N,N,07/2013,Analyst
51-7041.00,1.A.1.g.2,Time Sharing,IM,1.88,8,0.125,1.63,2.12,N,,07/2013,Analyst
51-7041.00,1.A.1.g.2,Time Sharing,LV,1.88,8,0.295,1.2967,2.4533,N,N,07/2013,Analyst
51-7041.00,1.A.2.a.1,Arm-Hand Steadiness,IM,3.38,8,0.183,3.0164,3.7336,N,,07/2013,Analyst
51-7041.00,1.A.2.a.1,Arm-Hand Steadiness,LV,3.12,8,0.125,2.88,3.37,N,N,07/2013,Analyst
51-7041.00,1.A.2.a.2,Manual Dexterity,IM,3.38,8,0.183,3.0164,3.7336,N,,07/2013,Analyst
51-7041.00,1.A.2.a.2,Manual Dexterity,LV,3.0,8,0.189,2.6296,3.3704,N,N,07/2013,Analyst
51-7041.00,1.A.2.a.3,Finger Dexterity,IM,3.25,8,0.1637,2.9292,3.5708,N,,07/2013,Analyst
51-7041.00,1.A.2.a.3,Finger Dexterity,LV,3.12,8,0.125,2.88,3.37,N,N,07/2013,Analyst
51-7041.00,1.A.2.b.1,Control Precision,IM,3.62,8,0.183,3.2664,3.9836,N,,07/2013,Analyst
51-7041.00,1.A.2.b.1,Control Precision,LV,3.5,8,0.189,3.1296,3.8704,N,N,07/2013,Analyst
51-7041.00,1.A.2.b.2,Multilimb Coordination,IM,3.12,8,0.2266,2.6809,3.5691,N,,07/2013,Analyst
51-7041.00,1.A.2.b.2,Multilimb Coordination,LV,3.12,8,0.2266,2.6809,3.5691,N,N,07/2013,Analyst
51-7041.00,1.A.2.b.3,Response Orientation,IM,2.5,8,0.189,2.1296,2.8704,N,,07/2013,Analyst
51-7041.00,1.A.2.b.3,Response Orientation,LV,2.5,8,0.189,2.1296,2.8704,N,N,07/2013,Analyst
51-7041.00,1.A.2.b.4,Rate Control,IM,3.25,8,0.1637,2.9292,3.5708,N,,07/2013,Analyst
51-7041.00,1.A.2.b.4,Rate Control,LV,2.75,8,0.1637,2.4292,3.0708,N,N,07/2013,Analyst
51-7041.00,1.A.2.c.1,Reaction Time,IM,3.25,8,0.1637,2.9292,3.5708,N,,07/2013,Analyst
51-7041.00,1.A.2.c.1,Reaction Time,LV,3.25,8,0.1637,2.9292,3.5708,N,N,07/2013,Analyst
51-7041.00,1.A.2.c.2,Wrist-Finger Speed,IM,2.12,8,0.125,1.88,2.37,N,,07/2013,Analyst
51-7041.00,1.A.2.c.2,Wrist-Finger Speed,LV,2.0,8,0.0,2.0,2.0,N,N,07/2013,Analyst
51-7041.00,1.A.2.c.3,Speed of Limb Movement,IM,2.0,8,0.0,2.0,2.0,N,,07/2013,Analyst
51-7041.00,1.A.2.c.3,Speed of Limb Movement,LV,2.0,8,0.0,2.0,2.0,N,N,07/2013,Analyst
51-7041.00,1.A.3.a.1,Static Strength,IM,3.0,8,0.189,2.6296,3.3704,N,,07/2013,Analyst
51-7041.00,1.A.3.a.1,Static Strength,LV,2.88,8,0.125,2.63,3.12,N,N,07/2013,Analyst
51-7041.00,1.A.3.a.2,Explosive Strength,IM,1.38,8,0.183,1.0164,1.7336,N,,07/2013,Analyst
51-7041.00,1.A.3.a.2,Explosive Strength,LV,0.38,8,0.183,0.0164,0.7336,N,N,07/2013,Analyst
51-7041.00,1.A.3.a.3,Dynamic Strength,IM,2.12,8,0.125,1.88,2.37,N,,07/2013,Analyst
51-7041.00,1.A.3.a.3,Dynamic Strength,LV,2.12,8,0.125,1.88,2.37,N,N,07/2013,Analyst
51-7041.00,1.A.3.a.4,Trunk Strength,IM,3.12,8,0.125,2.88,3.37,N,,07/2013,Analyst
51-7041.00,1.A.3.a.4,Trunk Strength,LV,3.12,8,0.125,2.88,3.37,N,N,07/2013,Analyst
51-7041.00,1.A.3.b.1,Stamina,IM,3.12,8,0.125,2.88,3.37,N,,07/2013,Analyst
51-7041.00,1.A.3.b.1,Stamina,LV,3.0,8,0.0,3.0,3.0,N,N,07/2013,Analyst
51-7041.00,1.A.3.c.1,Extent Flexibility,IM,2.5,8,0.2673,1.9762,3.0238,N,,07/2013,Analyst
51-7041.00,1.A.3.c.1,Extent Flexibility,LV,2.75,8,0.25,2.26,3.24,N,N,07/2013,Analyst
51-7041.00,1.A.3.c.2,Dynamic Flexibility,IM,1.38,8,0.183,1.0164,1.7336,N,,07/2013,Analyst
51-7041.00,1.A.3.c.2,Dynamic Flexibility,LV,0.38,8,0.183,0.0164,0.7336,N,N,07/2013,Analyst
51-7041.00,1.A.3.c.3,Gross Body Coordination,IM,2.12,8,0.125,1.88,2.37,N,,07/2013,Analyst
51-7041.00,1.A.3.c.3,Gross Body Coordination,LV,1.88,8,0.125,1.63,2.12,N,N,07/2013,Analyst
51-7041.00,1.A.3.c.4,Gross Body Equilibrium,IM,1.88,8,0.125,1.63,2.12,N,,07/2013,Analyst
51-7041.00,1.A.3.c.4,Gross Body Equilibrium,LV,1.25,8,0.25,0.76,1.74,N,N,07/2013,Analyst
51-7041.00,1.A.4.a.1,Near Vision,IM,3.38,8,0.183,3.0164,3.7336,N,,07/2013,Analyst
51-7041.00,1.A.4.a.1,Near Vision,LV,3.12,8,0.2266,2.6809,3.5691,N,N,07/2013,Analyst
51-7041.00,1.A.4.a.2,Far Vision,IM,3.0,8,0.0,3.0,3.0,N,,07/2013,Analyst
51-7041.00,1.A.4.a.2,Far Vision,LV,2.88,8,0.125,2.63,3.12,N,N,07/2013,Analyst
51-7041.00,1.A.4.a.3,Visual Color Discrimination,IM,2.75,8,0.1637,2.4292,3.0708,N,,07/2013,Analyst
51-7041.00,1.A.4.a.3,Visual Color Discrimination,LV,2.38,8,0.183,2.0164,2.7336,N,N,07/2013,Analyst
51-7041.00,1.A.4.a.4,Night Vision,IM,1.62,8,0.183,1.2664,1.9836,N,,07/2013,Analyst
51-7041.00,1.A.4.a.4,Night Vision,LV,0.75,8,0.25,0.26,1.24,N,N,07/2013,Analyst
51-7041.00,1.A.4.a.5,Peripheral Vision,IM,2.0,8,0.0,2.0,2.0,N,,07/2013,Analyst
51-7041.00,1.A.4.a.5,Peripheral Vision,LV,1.12,8,0.125,0.88,1.37,N,N,07/2013,Analyst
51-7041.00,1.A.4.a.6,Depth Perception,IM,3.0,8,0.0,3.0,3.0,N,,07/2013,Analyst
51-7041.00,1.A.4.a.6,Depth Perception,LV,3.0,8,0.0,3.0,3.0,N,N,07/2013,Analyst
51-7041.00,1.A.4.a.7,Glare Sensitivity,IM,1.62,8,0.183,1.2664,1.9836,N,,07/2013,Analyst
51-7041.00,1.A.4.a.7,Glare Sensitivity,LV,0.75,8,0.25,0.26,1.24,N,N,07/2013,Analyst
51-7041.00,1.A.4.b.1,Hearing Sensitivity,IM,2.25,8,0.1637,1.9292,2.5708,N,,07/2013,Analyst
51-7041.00,1.A.4.b.1,Hearing Sensitivity,LV,2.25,8,0.1637,1.9292,2.5708,N,N,07/2013,Analyst
51-7041.00,1.A.4.b.2,Auditory Attention,IM,2.88,8,0.2266,2.4309,3.3191,N,,07/2013,Analyst
51-7041.00,1.A.4.b.2,Auditory Attention,LV,2.75,8,0.366,2.0327,3.4673,N,N,07/2013,Analyst
51-7041.00,1.A.4.b.3,Sound Localization,IM,1.75,8,0.1637,1.4292,2.0708,N,,07/2013,Analyst
51-7041.00,1.A.4.b.3,Sound Localization,LV,0.75,8,0.1637,0.4292,1.0708,N,N,07/2013,Analyst
51-7041.00,1.A.4.b.4,Speech Recognition,IM,2.62,8,0.183,2.2664,2.9836,N,,07/2013,Analyst
51-7041.00,1.A.4.b.4,Speech Recognition,LV,2.38,8,0.183,2.0164,2.7336,N,N,07/2013,Analyst
51-7041.00,1.A.4.b.5,Speech Clarity,IM,2.88,8,0.125,2.63,3.12,N,,07/2013,Analyst
51-7041.00,1.A.4.b.5,Speech Clarity,LV,2.5,8,0.2673,1.9762,3.0238,N,N,07/2013,Analyst
51-7042.00,1.A.1.a.1,Oral Comprehension,IM,3.38,8,0.183,3.0164,3.7336,N,,07/2015,Analyst
51-7042.00,1.A.1.a.1,Oral Comprehension,LV,3.5,8,0.2673,2.9762,4.0238,N,N,07/2015,Analyst
51-7042.00,1.A.1.a.2,Written Comprehension,IM,2.88,8,0.125,2.63,3.12,N,,07/2015,Analyst
51-7042.00,1.A.1.a.2,Written Comprehension,LV,2.88,8,0.125,2.63,3.12,N,N,07/2015,Analyst
51-7042.00,1.A.1.a.3,Oral Expression,IM,3.0,8,0.0,3.0,3.0,N,,07/2015,Analyst
51-7042.00,1.A.1.a.3,Oral Expression,LV,3.0,8,0.189,2.6296,3.3704,N,N,07/2015,Analyst
51-7042.00,1.A.1.a.4,Written Expression,IM,2.0,8,0.189,1.6296,2.3704,N,,07/2015,Analyst
51-7042.00,1.A.1.a.4,Written Expression,LV,1.75,8,0.25,1.26,2.24,N,N,07/2015,Analyst
51-7042.00,1.A.1.b.1,Fluency of Ideas,IM,2.0,8,0.0,2.0,2.0,N,,07/2015,Analyst
51-7042.00,1.A.1.b.1,Fluency of Ideas,LV,2.0,8,0.0,2.0,2.0,N,N,07/2015,Analyst
51-7042.00,1.A.1.b.2,Originality,IM,2.0,8,0.0,2.0,2.0,N,,07/2015,Analyst
51-7042.00,1.A.1.b.2,Originality,LV,2.0,8,0.0,2.0,2.0,N,N,07/2015,Analyst
51-7042.00,1.A.1.b.3,Problem Sensitivity,IM,3.25,8,0.1637,2.9292,3.5708,N,,07/2015,Analyst
51-7042.00,1.A.1.b.3,Problem Sensitivity,LV,2.88,8,0.125,2.63,3.12,N,N,07/2015,Analyst
51-7042.00,1.A.1.b.4,Deductive Reasoning,IM,3.0,8,0.0,3.0,3.0,N,,07/2015,Analyst
51-7042.00,1.A.1.b.4,Deductive Reasoning,LV,2.88,8,0.125,2.63,3.12,N,N,07/2015,Analyst
51-7042.00,1.A.1.b.5,Inductive Reasoning,IM,2.88,8,0.125,2.63,3.12,N,,07/2015,Analyst
51-7042.00,1.A.1.b.5,Inductive Reasoning,LV,2.75,8,0.1637,2.4292,3.0708,N,N,07/2015,Analyst
51-7042.00,1.A.1.b.6,Information Ordering,IM,3.0,8,0.0,3.0,3.0,N,,07/2015,Analyst
51-7042.00,1.A.1.b.6,Information Ordering,LV,2.88,8,0.125,2.63,3.12,N,N,07/2015,Analyst
51-7042.00,1.A.1.b.7,Category Flexibility,IM,3.0,8,0.0,3.0,3.0,N,,07/2015,Analyst
51-7042.00,1.A.1.b.7,Category Flexibility,LV,2.88,8,0.125,2.63,3.12,N,N,07/2015,Analyst
51-7042.00,1.A.1.c.1,Mathematical Reasoning,IM,2.0,8,0.0,2.0,2.0,N,,07/2015,Analyst
51-7042.00,1.A.1.c.1,Mathematical Reasoning,LV,1.88,8,0.125,1.63,2.12,N,N,07/2015,Analyst
51-7042.00,1.A.1.c.2,Number Facility,IM,2.38,8,0.183,2.0164,2.7336,N,,07/2015,Analyst
51-7042.00,1.A.1.c.2,Number Facility,LV,2.0,8,0.0,2.0,2.0,N,N,07/2015,Analyst
51-7042.00,1.A.1.d.1,Memorization,IM,2.0,8,0.0,2.0,2.0,N,,07/2015,Analyst
51-7042.00,1.A.1.d.1,Memorization,LV,1.88,8,0.125,1.63,2.12,N,N,07/2015,Analyst
51-7042.00,1.A.1.e.1,Speed of Closure,IM,2.75,8,0.1637,2.4292,3.0708,N,,07/2015,Analyst
51-7042.00,1.A.1.e.1,Speed of Closure,LV,2.5,8,0.189,2.1296,2.8704,N,N,07/2015,Analyst
51-7042.00,1.A.1.e.2,Flexibility of Closure,IM,3.0,8,0.0,3.0,3.0,N,,07/2015,Analyst
51-7042.00,1.A.1.e.2,Flexibility of Closure,LV,2.88,8,0.125,2.63,3.12,N,N,07/2015,Analyst
51-7042.00,1.A.1.e.3,Perceptual Speed,IM,3.12,8,0.125,2.88,3.37,N,,07/2015,Analyst
51-7042.00,1.A.1.e.3,Perceptual Speed,LV,3.0,8,0.0,3.0,3.0,N,N,07/2015,Analyst
51-7042.00,1.A.1.f.1,Spatial Orientation,IM,1.75,8,0.1637,1.4292,2.0708,N,,07/2015,Analyst
51-7042.00,1.A.1.f.1,Spatial Orientation,LV,1.12,8,0.295,0.5467,1.7033,N,N,07/2015,Analyst
51-7042.00,1.A.1.f.2,Visualization,IM,3.12,8,0.125,2.88,3.37,N,,07/2015,Analyst
51-7042.00,1.A.1.f.2,Visualization,LV,3.75,8,0.1637,3.4292,4.0708,N,N,07/2015,Analyst
51-7042.00,1.A.1.g.1,Selective Attention,IM,3.12,8,0.125,2.88,3.37,N,,07/2015,Analyst
51-7042.00,1.A.1.g.1,Selective Attention,LV,3.62,8,0.183,3.2664,3.9836,N,N,07/2015,Analyst
51-7042.00,1.A.1.g.2,Time Sharing,IM,2.25,8,0.1637,1.9292,2.5708,N,,07/2015,Analyst
51-7042.00,1.A.1.g.2,Time Sharing,LV,2.62,8,0.183,2.2664,2.9836,N,N,07/2015,Analyst
51-7042.00,1.A.2.a.1,Arm-Hand Steadiness,IM,3.12,8,0.125,2.88,3.37,N,,07/2015,Analyst
51-7042.00,1.A.2.a.1,Arm-Hand Steadiness,LV,3.12,8,0.125,2.88,3.37,N,N,07/2015,Analyst
51-7042.00,1.A.2.a.2,Manual Dexterity,IM,3.5,8,0.189,3.1296,3.8704,N,,07/2015,Analyst
51-7042.00,1.A.2.a.2,Manual Dexterity,LV,3.25,8,0.1637,2.9292,3.5708,N,N,07/2015,Analyst
51-7042.00,1.A.2.a.3,Finger Dexterity,IM,3.12,8,0.125,2.88,3.37,N,,07/2015,Analyst
51-7042.00,1.A.2.a.3,Finger Dexterity,LV,3.25,8,0.1637,2.9292,3.5708,N,N,07/2015,Analyst
51-7042.00,1.A.2.b.1,Control Precision,IM,3.5,8,0.2673,2.9762,4.0238,N,,07/2015,Analyst
51-7042.00,1.A.2.b.1,Control Precision,LV,3.62,8,0.2631,3.1094,4.1406,N,N,07/2015,Analyst
51-7042.00,1.A.2.b.2,Multilimb Coordination,IM,3.25,8,0.1637,2.9292,3.5708,N,,07/2015,Analyst
51-7042.00,1.A.2.b.2,Multilimb Coordination,LV,3.12,8,0.2266,2.6809,3.5691,N,N,07/2015,Analyst
51-7042.00,1.A.2.b.3,Response Orientation,IM,2.62,8,0.183,2.2664,2.9836,N,,07/2015,Analyst
51-7042.00,1.A.2.b.3,Response Orientation,LV,2.62,8,0.3239,1.9902,3.2598,N,N,07/2015,Analyst
51-7042.00,1.A.2.b.4,Rate Control,IM,3.0,8,0.189,2.6296,3.3704,N,,07/2015,Analyst
51-7042.00,1.A.2.b.4,Rate Control,LV,2.88,8,0.295,2.2967,3.4533,N,N,07/2015,Analyst
51-7042.00,1.A.2.c.1,Reaction Time,IM,3.62,8,0.183,3.2664,3.9836,N,,07/2015,Analyst
51-7042.00,1.A.2.c.1,Reaction Time,LV,3.88,8,0.125,3.63,4.12,N,N,07/2015,Analyst
51-7042.00,1.A.2.c.2,Wrist-Finger Speed,IM,2.62,8,0.183,2.2664,2.9836,N,,07/2015,Analyst
51-7042.00,1.A.2.c.2,Wrist-Finger Speed,LV,2.62,8,0.183,2.2664,2.9836,N,N,07/2015,Analyst
51-7042.00,1.A.2.c.3,Speed of Limb Movement,IM,2.62,8,0.183,2.2664,2.9836,N,,07/2015,Analyst
51-7042.00,1.A.2.c.3,Speed of Limb Movement,LV,2.38,8,0.183,2.0164,2.7336,N,N,07/2015,Analyst
51-7042.00,1.A.3.a.1,Static Strength,IM,3.25,8,0.1637,2.9292,3.5708,N,,07/2015,Analyst
51-7042.00,1.A.3.a.1,Static Strength,LV,3.12,8,0.125,2.88,3.37,N,N,07/2015,Analyst
51-7042.00,1.A.3.a.2,Explosive Strength,IM,1.88,8,0.2266,1.4309,2.3191,N,,07/2015,Analyst
51-7042.00,1.A.3.a.2,Explosive Strength,LV,1.12,8,0.295,0.5467,1.7033,N,N,07/2015,Analyst
51-7042.00,1.A.3.a.3,Dynamic Strength,IM,3.0,8,0.189,2.6296,3.3704,N,,07/2015,Analyst
51-7042.00,1.A.3.a.3,Dynamic Strength,LV,2.88,8,0.2266,2.4309,3.3191,N,N,07/2015,Analyst
51-7042.00,1.A.3.a.4,Trunk Strength,IM,3.25,8,0.1637,2.9292,3.5708,N,,07/2015,Analyst
51-7042.00,1.A.3.a.4,Trunk Strength,LV,3.12,8,0.125,2.88,3.37,N,N,07/2015,Analyst
51-7042.00,1.A.3.b.1,Stamina,IM,2.5,8,0.2673,1.9762,3.0238,N,,07/2015,Analyst
51-7042.00,1.A.3.b.1,Stamina,LV,2.12,8,0.125,1.88,2.37,N,N,07/2015,Analyst
51-7042.00,1.A.3.c.1,Extent Flexibility,IM,3.0,8,0.0,3.0,3.0,N,,07/2015,Analyst
51-7042.00,1.A.3.c.1,Extent Flexibility,LV,3.0,8,0.0,3.0,3.0,N,N,07/2015,Analyst
51-7042.00,1.A.3.c.2,Dynamic Flexibility,IM,1.62,8,0.2631,1.1094,2.1406,N,,07/2015,Analyst
51-7042.00,1.A.3.c.2,Dynamic Flexibility,LV,0.75,8,0.3134,0.1358,1.3642,N,N,07/2015,Analyst
51-7042.00,1.A.3.c.3,Gross Body Coordination,IM,2.38,8,0.183,2.0164,2.7336,N,,07/2015,Analyst
51-7042.00,1.A.3.c.3,Gross Body Coordination,LV,2.25,8,0.1637,1.9292,2.5708,N,N,07/2015,Analyst
51-7042.00,1.A.3.c.4,Gross Body Equilibrium,IM,2.12,8,0.125,1.88,2.37,N,,07/2015,Analyst
51-7042.00,1.A.3.c.4,Gross Body Equilibrium,LV,1.62,8,0.183,1.2664,1.9836,N,N,07/2015,Analyst
51-7042.00,1.A.4.a.1,Near Vision,IM,3.62,8,0.183,3.2664,3.9836,N,,07/2015,Analyst
51-7042.00,1.A.4.a.1,Near Vision,LV,3.5,8,0.189,3.1296,3.8704,N,N,07/2015,Analyst
51-7042.00,1.A.4.a.2,Far Vision,IM,3.12,8,0.125,2.88,3.37,N,,07/2015,Analyst
51-7042.00,1.A.4.a.2,Far Vision,LV,3.0,8,0.0,3.0,3.0,N,N,07/2015,Analyst
51-7042.00,1.A.4.a.3,Visual Color Discrimination,IM,2.62,8,0.183,2.2664,2.9836,N,,07/2015,Analyst
51-7042.00,1.A.4.a.3,Visual Color Discrimination,LV,2.5,8,0.2673,1.9762,3.0238,N,N,07/2015,Analyst
51-7042.00,1.A.4.a.4,Night Vision,IM,1.38,8,0.183,1.0164,1.7336,N,,07/2015,Analyst
51-7042.00,1.A.4.a.4,Night Vision,LV,0.38,8,0.183,0.0164,0.7336,N,N,07/2015,Analyst
51-7042.00,1.A.4.a.5,Peripheral Vision,IM,1.62,8,0.183,1.2664,1.9836,N,,07/2015,Analyst
51-7042.00,1.A.4.a.5,Peripheral Vision,LV,1.25,8,0.366,0.5327,1.9673,N,N,07/2015,Analyst
51-7042.00,1.A.4.a.6,Depth Perception,IM,2.88,8,0.125,2.63,3.12,N,,07/2015,Analyst
51-7042.00,1.A.4.a.6,Depth Perception,LV,3.0,8,0.0,3.0,3.0,N,N,07/2015,Analyst
51-7042.00,1.A.4.a.7,Glare Sensitivity,IM,1.5,8,0.189,1.1296,1.8704,N,,07/2015,Analyst
51-7042.00,1.A.4.a.7,Glare Sensitivity,LV,0.5,8,0.189,0.1296,0.8704,N,N,07/2015,Analyst
51-7042.00,1.A.4.b.1,Hearing Sensitivity,IM,2.5,8,0.189,2.1296,2.8704,N,,07/2015,Analyst
51-7042.00,1.A.4.b.1,Hearing Sensitivity,LV,2.5,8,0.189,2.1296,2.8704,N,N,07/2015,Analyst
51-7042.00,1.A.4.b.2,Auditory Attention,IM,3.12,8,0.125,2.88,3.37,N,,07/2015,Analyst
51-7042.00,1.A.4.b.2,Auditory Attention,LV,3.38,8,0.2631,2.8594,3.8906,N,N,07/2015,Analyst
51-7042.00,1.A.4.b.3,Sound Localization,IM,1.75,8,0.1637,1.4292,2.0708,N,,07/2015,Analyst
51-7042.00,1.A.4.b.3,Sound Localization,LV,1.0,8,0.2673,0.4762,1.5238,N,N,07/2015,Analyst
51-7042.00,1.A.4.b.4,Speech Recognition,IM,3.0,8,0.0,3.0,3.0,N,,07/2015,Analyst
51-7042.00,1.A.4.b.4,Speech Recognition,LV,2.75,8,0.1637,2.4292,3.0708,N,N,07/2015,Analyst
51-7042.00,1.A.4.b.5,Speech Clarity,IM,2.88,8,0.125,2.63,3.12,N,,07/2015,Analyst
51-7042.00,1.A.4.b.5,Speech Clarity,LV,2.62,8,0.183,2.2664,2.9836,N,N,07/2015,Analyst
51-8011.00,1.A.1.a.1,Oral Comprehension,IM,4.0,8,0.0,4.0,4.0,N,,07/2014,Analyst
51-8011.00,1.A.1.a.1,Oral Comprehension,LV,4.0,8,0.0,4.0,4.0,N,N,07/2014,Analyst
51-8011.00,1.A.1.a.2,Written Comprehension,IM,4.0,8,0.0,4.0,4.0,N,,07/2014,Analyst
51-8011.00,1.A.1.a.2,Written Comprehension,LV,4.0,8,0.0,4.0,4.0,N,N,07/2014,Analyst
51-8011.00,1.A.1.a.3,Oral Expression,IM,4.0,8,0.0,4.0,4.0,N,,07/2014,Analyst
51-8011.00,1.A.1.a.3,Oral Expression,LV,4.0,8,0.0,4.0,4.0,N,N,07/2014,Analyst
51-8011.00,1.A.1.a.4,Written Expression,IM,3.62,8,0.183,3.2664,3.9836,N,,07/2014,Analyst
51-8011.00,1.A.1.a.4,Written Expression,LV,3.88,8,0.125,3.63,4.12,N,N,07/2014,Analyst
51-8011.00,1.A.1.b.1,Fluency of Ideas,IM,3.0,8,0.0,3.0,3.0,N,,07/2014,Analyst
51-8011.00,1.A.1.b.1,Fluency of Ideas,LV,3.0,8,0.0,3.0,3.0,N,N,07/2014,Analyst
51-8011.00,1.A.1.b.2,Originality,IM,3.0,8,0.0,3.0,3.0,N,,07/2014,Analyst
51-8011.00,1.A.1.b.2,Originality,LV,3.0,8,0.0,3.0,3.0,N,N,07/2014,Analyst
51-8011.00,1.A.1.b.3,Problem Sensitivity,IM,4.12,8,0.125,3.88,4.37,N,,07/2014,Analyst
51-8011.00,1.A.1.b.3,Problem Sensitivity,LV,4.12,8,0.125,3.88,4.37,N,N,07/2014,Analyst
51-8011.00,1.A.1.b.4,Deductive Reasoning,IM,3.88,8,0.125,3.63,4.12,N,,07/2014,Analyst
51-8011.00,1.A.1.b.4,Deductive Reasoning,LV,3.88,8,0.125,3.63,4.12,N,N,07/2014,Analyst
51-8011.00,1.A.1.b.5,Inductive Reasoning,IM,3.88,8,0.125,3.63,4.12,N,,07/2014,Analyst
51-8011.00,1.A.1.b.5,Inductive Reasoning,LV,3.88,8,0.125,3.63,4.12,N,N,07/2014,Analyst
51-8011.00,1.A.1.b.6,Information Ordering,IM,4.0,8,0.0,4.0,4.0,N,,07/2014,Analyst
51-8011.00,1.A.1.b.6,Information Ordering,LV,4.0,8,0.0,4.0,4.0,N,N,07/2014,Analyst
51-8011.00,1.A.1.b.7,Category Flexibility,IM,3.12,8,0.125,2.88,3.37,N,,07/2014,Analyst
51-8011.00,1.A.1.b.7,Category Flexibility,LV,3.25,8,0.1637,2.9292,3.5708,N,N,07/2014,Analyst
51-8011.00,1.A.1.c.1,Mathematical Reasoning,IM,3.0,8,0.189,2.6296,3.3704,N,,07/2014,Analyst
51-8011.00,1.A.1.c.1,Mathematical Reasoning,LV,3.12,8,0.125,2.88,3.37,N,N,07/2014,Analyst
51-8011.00,1.A.1.c.2,Number Facility,IM,2.88,8,0.125,2.63,3.12,N,,07/2014,Analyst
51-8011.00,1.A.1.c.2,Number Facility,LV,3.0,8,0.0,3.0,3.0,N,N,07/2014,Analyst
51-8011.00,1.A.1.d.1,Memorization,IM,2.75,8,0.1637,2.4292,3.0708,N,,07/2014,Analyst
51-8011.00,1.A.1.d.1,Memorization,LV,2.88,8,0.125,2.63,3.12,N,N,07/2014,Analyst
51-8011.00,1.A.1.e.1,Speed of Closure,IM,2.88,8,0.125,2.63,3.12,N,,07/2014,Analyst
51-8011.00,1.A.1.e.1,Speed of Closure,LV,3.0,8,0.189,2.6296,3.3704,N,N,07/2014,Analyst
51-8011.00,1.A.1.e.2,Flexibility of Closure,IM,3.38,8,0.183,3.0164,3.7336,N,,07/2014,Analyst
51-8011.00,1.A.1.e.2,Flexibility of Closure,LV,3.25,8,0.1637,2.9292,3.5708,N,N,07/2014,Analyst
51-8011.00,1.A.1.e.3,Perceptual Speed,IM,3.88,8,0.125,3.63,4.12,N,,07/2014,Analyst
51-8011.00,1.A.1.e.3,Perceptual Speed,LV,4.0,8,0.0,4.0,4.0,N,N,07/2014,Analyst
51-8011.00,1.A.1.f.1,Spatial Orientation,IM,1.12,8,0.125,1.0,1.37,N,,07/2014,Analyst
51-8011.00,1.A.1.f.1,Spatial Orientation,LV,0.12,8,0.125,0.0,0.37,N,Y,07/2014,Analyst
51-8011.00,1.A.1.f.2,Visualization,IM,2.88,8,0.125,2.63,3.12,N,,07/2014,Analyst
51-8011.00,1.A.1.f.2,Visualization,LV,2.88,8,0.125,2.63,3.12,N,N,07/2014,Analyst
51-8011.00,1.A.1.g.1,Selective Attention,IM,3.38,8,0.183,3.0164,3.7336,N,,07/2014,Analyst
51-8011.00,1.A.1.g.1,Selective Attention,LV,3.38,8,0.183,3.0164,3.7336,N,N,07/2014,Analyst
51-8011.00,1.A.1.g.2,Time Sharing,IM,3.0,8,0.0,3.0,3.0,N,,07/2014,Analyst
51-8011.00,1.A.1.g.2,Time Sharing,LV,3.0,8,0.0,3.0,3.0,N,N,07/2014,Analyst
51-8011.00,1.A.2.a.1,Arm-Hand Steadiness,IM,2.88,8,0.125,2.63,3.12,N,,07/2014,Analyst
51-8011.00,1.A.2.a.1,Arm-Hand Steadiness,LV,2.88,8,0.125,2.63,3.12,N,N,07/2014,Analyst
51-8011.00,1.A.2.a.2,Manual Dexterity,IM,2.38,8,0.183,2.0164,2.7336,N,,07/2014,Analyst
51-8011.00,1.A.2.a.2,Manual Dexterity,LV,2.0,8,0.189,1.6296,2.3704,N,N,07/2014,Analyst
51-8011.00,1.A.2.a.3,Finger Dexterity,IM,2.88,8,0.125,2.63,3.12,N,,07/2014,Analyst
51-8011.00,1.A.2.a.3,Finger Dexterity,LV,2.75,8,0.1637,2.4292,3.0708,N,N,07/2014,Analyst
51-8011.00,1.A.2.b.1,Control Precision,IM,2.88,8,0.125,2.63,3.12,N,,07/2014,Analyst
51-8011.00,1.A.2.b.1,Control Precision,LV,2.88,8,0.125,2.63,3.12,N,N,07/2014,Analyst
51-8011.00,1.A.2.b.2,Multilimb Coordination,IM,2.62,8,0.183,2.2664,2.9836,N,,07/2014,Analyst
51-8011.00,1.A.2.b.2,Multilimb Coordination,LV,2.0,8,0.0,2.0,2.0,N,N,07/2014,Analyst
51-8011.00,1.A.2.b.3,Response Orientation,IM,2.62,8,0.183,2.2664,2.9836,N,,07/2014,Analyst
51-8011.00,1.A.2.b.3,Response Orientation,LV,2.5,8,0.189,2.1296,2.8704,N,N,07/2014,Analyst
51-8011.00,1.A.2.b.4,Rate Control,IM,2.0,8,0.0,2.0,2.0,N,,07/2014,Analyst
51-8011.00,1.A.2.b.4,Rate Control,LV,2.12,8,0.125,1.88,2.37,N,N,07/2014,Analyst
51-8011.00,1.A.2.c.1,Reaction Time,IM,2.88,8,0.125,2.63,3.12,N,,07/2014,Analyst
51-8011.00,1.A.2.c.1,Reaction Time,LV,2.88,8,0.2266,2.4309,3.3191,N,N,07/2014,Analyst
51-8011.00,1.A.2.c.2,Wrist-Finger Speed,IM,2.0,8,0.0,2.0,2.0,N,,07/2014,Analyst
51-8011.00,1.A.2.c.2,Wrist-Finger Speed,LV,2.0,8,0.0,2.0,2.0,N,N,07/2014,Analyst
51-8011.00,1.A.2.c.3,Speed of Limb Movement,IM,1.0,8,0.0,1.0,1.0,N,,07/2014,Analyst
51-8011.00,1.A.2.c.3,Speed of Limb Movement,LV,0.0,8,0.0,0.0,0.0,N,Y,07/2014,Analyst
51-8011.00,1.A.3.a.1,Static Strength,IM,1.0,8,0.0,1.0,1.0,N,,07/2014,Analyst
51-8011.00,1.A.3.a.1,Static Strength,LV,0.0,8,0.0,0.0,0.0,N,Y,07/2014,Analyst
51-8011.00,1.A.3.a.2,Explosive Strength,IM,1.0,8,0.0,1.0,1.0,N,,07/2014,Analyst
51-8011.00,1.A.3.a.2,Explosive Strength,LV,0.0,8,0.0,0.0,0.0,N,Y,07/2014,Analyst
51-8011.00,1.A.3.a.3,Dynamic Strength,IM,1.0,8,0.0,1.0,1.0,N,,07/2014,Analyst
51-8011.00,1.A.3.a.3,Dynamic Strength,LV,0.0,8,0.0,0.0,0.0,N,Y,07/2014,Analyst
51-8011.00,1.A.3.a.4,Trunk Strength,IM,1.88,8,0.125,1.63,2.12,N,,07/2014,Analyst
51-8011.00,1.A.3.a.4,Trunk Strength,LV,1.75,8,0.25,1.26,2.24,N,N,07/2014,Analyst
51-8011.00,1.A.3.b.1,Stamina,IM,1.0,8,0.0,1.0,1.0,N,,07/2014,Analyst
51-8011.00,1.A.3.b.1,Stamina,LV,0.0,8,0.0,0.0,0.0,N,Y,07/2014,Analyst
51-8011.00,1.A.3.c.1,Extent Flexibility,IM,1.0,8,0.0,1.0,1.0,N,,07/2014,Analyst
51-8011.00,1.A.3.c.1,Extent Flexibility,LV,0.0,8,0.0,0.0,0.0,N,Y,07/2014,Analyst
51-8011.00,1.A.3.c.2,Dynamic Flexibility,IM,1.0,8,0.0,1.0,1.0,N,,07/2014,Analyst
51-8011.00,1.A.3.c.2,Dynamic Flexibility,LV,0.0,8,0.0,0.0,0.0,N,Y,07/2014,Analyst
51-8011.00,1.A.3.c.3,Gross Body Coordination,IM,1.12,8,0.125,1.0,1.37,N,,07/2014,Analyst
51-8011.00,1.A.3.c.3,Gross Body Coordination,LV,0.12,8,0.125,0.0,0.37,N,Y,07/2014,Analyst
51-8011.00,1.A.3.c.4,Gross Body Equilibrium,IM,1.12,8,0.125,1.0,1.37,N,,07/2014,Analyst
51-8011.00,1.A.3.c.4,Gross Body Equilibrium,LV,0.12,8,0.125,0.0,0.37,N,Y,07/2014,Analyst
51-8011.00,1.A.4.a.1,Near Vision,IM,3.88,8,0.125,3.63,4.12,N,,07/2014,Analyst
51-8011.00,1.A.4.a.1,Near Vision,LV,3.75,8,0.1637,3.4292,4.0708,N,N,07/2014,Analyst
51-8011.00,1.A.4.a.2,Far Vision,IM,3.12,8,0.125,2.88,3.37,N,,07/2014,Analyst
51-8011.00,1.A.4.a.2,Far Vision,LV,3.12,8,0.125,2.88,3.37,N,N,07/2014,Analyst
51-8011.00,1.A.4.a.3,Visual Color Discrimination,IM,3.0,8,0.0,3.0,3.0,N,,07/2014,Analyst
51-8011.00,1.A.4.a.3,Visual Color Discrimination,LV,3.0,8,0.0,3.0,3.0,N,N,07/2014,Analyst
51-8011.00,1.A.4.a.4,Night Vision,IM,1.0,8,0.0,1.0,1.0,N,,07/2014,Analyst
51-8011.00,1.A.4.a.4,Night Vision,LV,0.0,8,0.0,0.0,0.0,N,Y,07/2014,Analyst
51-8011.00,1.A.4.a.5,Peripheral Vision,IM,1.12,8,0.125,1.0,1.37,N,,07/2014,Analyst
51-8011.00,1.A.4.a.5,Peripheral Vision,LV,0.12,8,0.125,0.0,0.37,N,Y,07/2014,Analyst
51-8011.00,1.A.4.a.6,Depth Perception,IM,2.25,8,0.1637,1.9292,2.5708,N,,07/2014,Analyst
51-8011.00,1.A.4.a.6,Depth Perception,LV,2.12,8,0.125,1.88,2.37,N,N,07/2014,Analyst
51-8011.00,1.A.4.a.7,Glare Sensitivity,IM,1.75,8,0.1637,1.4292,2.0708,N,,07/2014,Analyst
51-8011.00,1.A.4.a.7,Glare Sensitivity,LV,0.75,8,0.1637,0.4292,1.0708,N,N,07/2014,Analyst
51-8011.00,1.A.4.b.1,Hearing Sensitivity,IM,3.0,8,0.0,3.0,3.0,N,,07/2014,Analyst
51-8011.00,1.A.4.b.1,Hearing Sensitivity,LV,2.88,8,0.125,2.63,3.12,N,N,07/2014,Analyst
51-8011.00,1.A.4.b.2,Auditory Attention,IM,3.0,8,0.0,3.0,3.0,N,,07/2014,Analyst
51-8011.00,1.A.4.b.2,Auditory Attention,LV,3.0,8,0.0,3.0,3.0,N,N,07/2014,Analyst
51-8011.00,1.A.4.b.3,Sound Localization,IM,1.0,8,0.0,1.0,1.0,N,,07/2014,Analyst
51-8011.00,1.A.4.b.3,Sound Localization,LV,0.0,8,0.0,0.0,0.0,N,Y,07/2014,Analyst
51-8011.00,1.A.4.b.4,Speech Recognition,IM,3.25,8,0.1637,2.9292,3.5708,N,,07/2014,Analyst
51-8011.00,1.A.4.b.4,Speech Recognition,LV,3.12,8,0.125,2.88,3.37,N,N,07/2014,Analyst
51-8011.00,1.A.4.b.5,Speech Clarity,IM,3.5,8,0.189,3.1296,3.8704,N,,07/2014,Analyst
51-8011.00,1.A.4.b.5,Speech Clarity,LV,3.12,8,0.125,2.88,3.37,N,N,07/2014,Analyst
51-8012.00,1.A.1.a.1,Oral Comprehension,IM,3.88,8,0.125,3.63,4.12,N,,08/2024,Analyst
51-8012.00,1.A.1.a.1,Oral Comprehension,LV,4.0,8,0.0,4.0,4.0,N,N,08/2024,Analyst
51-8012.00,1.A.1.a.2,Written Comprehension,IM,3.75,8,0.1637,3.4292,4.0708,N,,08/2024,Analyst
51-8012.00,1.A.1.a.2,Written Comprehension,LV,3.62,8,0.183,3.2664,3.9836,N,N,08/2024,Analyst
51-8012.00,1.A.1.a.3,Oral Expression,IM,3.88,8,0.125,3.63,4.12,N,,08/2024,Analyst
51-8012.00,1.A.1.a.3,Oral Expression,LV,4.0,8,0.0,4.0,4.0,N,N,08/2024,Analyst
51-8012.00,1.A.1.a.4,Written Expression,IM,3.62,8,0.183,3.2664,3.9836,N,,08/2024,Analyst
51-8012.00,1.A.1.a.4,Written Expression,LV,3.62,8,0.183,3.2664,3.9836,N,N,08/2024,Analyst
51-8012.00,1.A.1.b.1,Fluency of Ideas,IM,2.88,8,0.125,2.63,3.12,N,,08/2024,Analyst
51-8012.00,1.A.1.b.1,Fluency of Ideas,LV,3.0,8,0.0,3.0,3.0,N,N,08/2024,Analyst
51-8012.00,1.A.1.b.2,Originality,IM,2.62,8,0.183,2.2664,2.9836,N,,08/2024,Analyst
51-8012.00,1.A.1.b.2,Originality,LV,2.75,8,0.1637,2.4292,3.0708,N,N,08/2024,Analyst
51-8012.00,1.A.1.b.3,Problem Sensitivity,IM,4.0,8,0.0,4.0,4.0,N,,08/2024,Analyst
51-8012.00,1.A.1.b.3,Problem Sensitivity,LV,4.0,8,0.0,4.0,4.0,N,N,08/2024,Analyst
51-8012.00,1.A.1.b.4,Deductive Reasoning,IM,3.75,8,0.1637,3.4292,4.0708,N,,08/2024,Analyst
51-8012.00,1.A.1.b.4,Deductive Reasoning,LV,3.88,8,0.125,3.63,4.12,N,N,08/2024,Analyst
51-8012.00,1.A.1.b.5,Inductive Reasoning,IM,3.88,8,0.125,3.63,4.12,N,,08/2024,Analyst
51-8012.00,1.A.1.b.5,Inductive Reasoning,LV,3.88,8,0.125,3.63,4.12,N,N,08/2024,Analyst
51-8012.00,1.A.1.b.6,Information Ordering,IM,3.5,8,0.189,3.1296,3.8704,N,,08/2024,Analyst
51-8012.00,1.A.1.b.6,Information Ordering,LV,3.5,8,0.189,3.1296,3.8704,N,N,08/2024,Analyst
51-8012.00,1.A.1.b.7,Category Flexibility,IM,3.0,8,0.0,3.0,3.0,N,,08/2024,Analyst
51-8012.00,1.A.1.b.7,Category Flexibility,LV,3.0,8,0.0,3.0,3.0,N,N,08/2024,Analyst
51-8012.00,1.A.1.c.1,Mathematical Reasoning,IM,2.75,8,0.1637,2.4292,3.0708,N,,08/2024,Analyst
51-8012.00,1.A.1.c.1,Mathematical Reasoning,LV,2.88,8,0.125,2.63,3.12,N,N,08/2024,Analyst
51-8012.00,1.A.1.c.2,Number Facility,IM,2.75,8,0.1637,2.4292,3.0708,N,,08/2024,Analyst
51-8012.00,1.A.1.c.2,Number Facility,LV,2.88,8,0.125,2.63,3.12,N,N,08/2024,Analyst
51-8012.00,1.A.1.d.1,Memorization,IM,2.0,8,0.0,2.0,2.0,N,,08/2024,Analyst
51-8012.00,1.A.1.d.1,Memorization,LV,2.0,8,0.0,2.0,2.0,N,N,08/2024,Analyst
51-8012.00,1.A.1.e.1,Speed of Closure,IM,2.75,8,0.1637,2.4292,3.0708,N,,08/2024,Analyst
51-8012.00,1.A.1.e.1,Speed of Closure,LV,2.75,8,0.1637,2.4292,3.0708,N,N,08/2024,Analyst
51-8012.00,1.A.1.e.2,Flexibility of Closure,IM,3.0,8,0.0,3.0,3.0,N,,08/2024,Analyst
51-8012.00,1.A.1.e.2,Flexibility of Closure,LV,3.0,8,0.0,3.0,3.0,N,N,08/2024,Analyst
51-8012.00,1.A.1.e.3,Perceptual Speed,IM,3.12,8,0.125,2.88,3.37,N,,08/2024,Analyst
51-8012.00,1.A.1.e.3,Perceptual Speed,LV,3.38,8,0.183,3.0164,3.7336,N,N,08/2024,Analyst
51-8012.00,1.A.1.f.1,Spatial Orientation,IM,1.62,8,0.2631,1.1094,2.1406,N,,08/2024,Analyst
51-8012.00,1.A.1.f.1,Spatial Orientation,LV,0.75,8,0.366,0.0327,1.4673,N,N,08/2024,Analyst
51-8012.00,1.A.1.f.2,Visualization,IM,3.0,8,0.0,3.0,3.0,N,,08/2024,Analyst
51-8012.00,1.A.1.f.2,Visualization,LV,3.0,8,0.0,3.0,3.0,N,N,08/2024,Analyst
51-8012.00,1.A.1.g.1,Selective Attention,IM,3.0,8,0.0,3.0,3.0,N,,08/2024,Analyst
51-8012.00,1.A.1.g.1,Selective Attention,LV,3.0,8,0.0,3.0,3.0,N,N,08/2024,Analyst
51-8012.00,1.A.1.g.2,Time Sharing,IM,2.62,8,0.183,2.2664,2.9836,N,,08/2024,Analyst
51-8012.00,1.A.1.g.2,Time Sharing,LV,2.62,8,0.183,2.2664,2.9836,N,N,08/2024,Analyst
51-8012.00,1.A.2.a.1,Arm-Hand Steadiness,IM,2.0,8,0.0,2.0,2.0,N,,08/2024,Analyst
51-8012.00,1.A.2.a.1,Arm-Hand Steadiness,LV,2.0,8,0.0,2.0,2.0,N,N,08/2024,Analyst
51-8012.00,1.A.2.a.2,Manual Dexterity,IM,2.0,8,0.0,2.0,2.0,N,,08/2024,Analyst
51-8012.00,1.A.2.a.2,Manual Dexterity,LV,1.75,8,0.1637,1.4292,2.0708,N,N,08/2024,Analyst
51-8012.00,1.A.2.a.3,Finger Dexterity,IM,2.0,8,0.0,2.0,2.0,N,,08/2024,Analyst
51-8012.00,1.A.2.a.3,Finger Dexterity,LV,2.12,8,0.2266,1.6809,2.5691,N,N,08/2024,Analyst
51-8012.00,1.A.2.b.1,Control Precision,IM,2.38,8,0.183,2.0164,2.7336,N,,08/2024,Analyst
51-8012.00,1.A.2.b.1,Control Precision,LV,2.38,8,0.183,2.0164,2.7336,N,N,08/2024,Analyst
51-8012.00,1.A.2.b.2,Multilimb Coordination,IM,1.62,8,0.183,1.2664,1.9836,N,,08/2024,Analyst
51-8012.00,1.A.2.b.2,Multilimb Coordination,LV,1.0,8,0.3273,0.3584,1.6416,N,N,08/2024,Analyst
51-8012.00,1.A.2.b.3,Response Orientation,IM,1.88,8,0.2266,1.4309,2.3191,N,,08/2024,Analyst
51-8012.00,1.A.2.b.3,Response Orientation,LV,1.25,8,0.3134,0.6358,1.8642,N,N,08/2024,Analyst
51-8012.00,1.A.2.b.4,Rate Control,IM,1.62,8,0.183,1.2664,1.9836,N,,08/2024,Analyst
51-8012.00,1.A.2.b.4,Rate Control,LV,0.75,8,0.25,0.26,1.24,N,N,08/2024,Analyst
51-8012.00,1.A.2.c.1,Reaction Time,IM,2.0,8,0.189,1.6296,2.3704,N,,08/2024,Analyst
51-8012.00,1.A.2.c.1,Reaction Time,LV,1.62,8,0.2631,1.1094,2.1406,N,N,08/2024,Analyst
51-8012.00,1.A.2.c.2,Wrist-Finger Speed,IM,1.62,8,0.183,1.2664,1.9836,N,,08/2024,Analyst
51-8012.00,1.A.2.c.2,Wrist-Finger Speed,LV,0.75,8,0.25,0.26,1.24,N,N,08/2024,Analyst
51-8012.00,1.A.2.c.3,Speed of Limb Movement,IM,1.38,8,0.183,1.0164,1.7336,N,,08/2024,Analyst
51-8012.00,1.A.2.c.3,Speed of Limb Movement,LV,0.38,8,0.183,0.0164,0.7336,N,N,08/2024,Analyst
51-8012.00,1.A.3.a.1,Static Strength,IM,1.25,8,0.1637,1.0,1.5708,N,,08/2024,Analyst
51-8012.00,1.A.3.a.1,Static Strength,LV,0.25,8,0.1637,0.0,0.5708,N,Y,08/2024,Analyst
51-8012.00,1.A.3.a.2,Explosive Strength,IM,1.0,8,0.0,1.0,1.0,N,,08/2024,Analyst
51-8012.00,1.A.3.a.2,Explosive Strength,LV,0.0,8,0.0,0.0,0.0,N,Y,08/2024,Analyst
51-8012.00,1.A.3.a.3,Dynamic Strength,IM,1.38,8,0.183,1.0164,1.7336,N,,08/2024,Analyst
51-8012.00,1.A.3.a.3,Dynamic Strength,LV,0.38,8,0.183,0.0164,0.7336,N,N,08/2024,Analyst
51-8012.00,1.A.3.a.4,Trunk Strength,IM,1.88,8,0.125,1.63,2.12,N,,08/2024,Analyst
51-8012.00,1.A.3.a.4,Trunk Strength,LV,1.5,8,0.2673,0.9762,2.0238,N,N,08/2024,Analyst
51-8012.00,1.A.3.b.1,Stamina,IM,1.38,8,0.183,1.0164,1.7336,N,,08/2024,Analyst
51-8012.00,1.A.3.b.1,Stamina,LV,0.38,8,0.183,0.0164,0.7336,N,N,08/2024,Analyst
51-8012.00,1.A.3.c.1,Extent Flexibility,IM,1.38,8,0.183,1.0164,1.7336,N,,08/2024,Analyst
51-8012.00,1.A.3.c.1,Extent Flexibility,LV,0.38,8,0.183,0.0164,0.7336,N,N,08/2024,Analyst
51-8012.00,1.A.3.c.2,Dynamic Flexibility,IM,1.0,8,0.0,1.0,1.0,N,,08/2024,Analyst
51-8012.00,1.A.3.c.2,Dynamic Flexibility,LV,0.0,8,0.0,0.0,0.0,N,Y,08/2024,Analyst
51-8012.00,1.A.3.c.3,Gross Body Coordination,IM,1.0,8,0.0,1.0,1.0,N,,08/2024,Analyst
51-8012.00,1.A.3.c.3,Gross Body Coordination,LV,0.0,8,0.0,0.0,0.0,N,Y,08/2024,Analyst
51-8012.00,1.A.3.c.4,Gross Body Equilibrium,IM,1.5,8,0.189,1.1296,1.8704,N,,08/2024,Analyst
51-8012.00,1.A.3.c.4,Gross Body Equilibrium,LV,0.62,8,0.2631,0.1094,1.1406,N,N,08/2024,Analyst
51-8012.00,1.A.4.a.1,Near Vision,IM,3.62,8,0.183,3.2664,3.9836,N,,08/2024,Analyst
51-8012.00,1.A.4.a.1,Near Vision,LV,3.62,8,0.183,3.2664,3.9836,N,N,08/2024,Analyst
51-8012.00,1.A.4.a.2,Far Vision,IM,3.0,8,0.189,2.6296,3.3704,N,,08/2024,Analyst
51-8012.00,1.A.4.a.2,Far Vision,LV,3.0,8,0.189,2.6296,3.3704,N,N,08/2024,Analyst
51-8012.00,1.A.4.a.3,Visual Color Discrimination,IM,2.62,8,0.183,2.2664,2.9836,N,,08/2024,Analyst
51-8012.00,1.A.4.a.3,Visual Color Discrimination,LV,2.75,8,0.1637,2.4292,3.0708,N,N,08/2024,Analyst
51-8012.00,1.A.4.a.4,Night Vision,IM,1.12,8,0.125,1.0,1.37,N,,08/2024,Analyst
51-8012.00,1.A.4.a.4,Night Vision,LV,0.25,8,0.25,0.0,0.74,N,Y,08/2024,Analyst
51-8012.00,1.A.4.a.5,Peripheral Vision,IM,1.12,8,0.125,1.0,1.37,N,,08/2024,Analyst
51-8012.00,1.A.4.a.5,Peripheral Vision,LV,0.12,8,0.125,0.0,0.37,N,Y,08/2024,Analyst
51-8012.00,1.A.4.a.6,Depth Perception,IM,2.0,8,0.0,2.0,2.0,N,,08/2024,Analyst
51-8012.00,1.A.4.a.6,Depth Perception,LV,2.0,8,0.0,2.0,2.0,N,N,08/2024,Analyst
51-8012.00,1.A.4.a.7,Glare Sensitivity,IM,1.38,8,0.183,1.0164,1.7336,N,,08/2024,Analyst
51-8012.00,1.A.4.a.7,Glare Sensitivity,LV,0.38,8,0.183,0.0164,0.7336,N,N,08/2024,Analyst
51-8012.00,1.A.4.b.1,Hearing Sensitivity,IM,2.0,8,0.0,2.0,2.0,N,,08/2024,Analyst
51-8012.00,1.A.4.b.1,Hearing Sensitivity,LV,2.0,8,0.0,2.0,2.0,N,N,08/2024,Analyst
51-8012.00,1.A.4.b.2,Auditory Attention,IM,2.38,8,0.183,2.0164,2.7336,N,,08/2024,Analyst
51-8012.00,1.A.4.b.2,Auditory Attention,LV,2.12,8,0.125,1.88,2.37,N,N,08/2024,Analyst
51-8012.00,1.A.4.b.3,Sound Localization,IM,1.12,8,0.125,1.0,1.37,N,,08/2024,Analyst
51-8012.00,1.A.4.b.3,Sound Localization,LV,0.12,8,0.125,0.0,0.37,N,Y,08/2024,Analyst
51-8012.00,1.A.4.b.4,Speech Recognition,IM,3.0,8,0.0,3.0,3.0,N,,08/2024,Analyst
51-8012.00,1.A.4.b.4,Speech Recognition,LV,3.0,8,0.0,3.0,3.0,N,N,08/2024,Analyst
51-8012.00,1.A.4.b.5,Speech Clarity,IM,3.12,8,0.125,2.88,3.37,N,,08/2024,Analyst
51-8012.00,1.A.4.b.5,Speech Clarity,LV,3.12,8,0.125,2.88,3.37,N,N,08/2024,Analyst
51-8013.00,1.A.1.a.1,Oral Comprehension,IM,4.0,8,0.0,4.0,4.0,N,,08/2024,Analyst
51-8013.00,1.A.1.a.1,Oral Comprehension,LV,3.88,8,0.125,3.63,4.12,N,N,08/2024,Analyst
51-8013.00,1.A.1.a.2,Written Comprehension,IM,3.12,8,0.125,2.88,3.37,N,,08/2024,Analyst
51-8013.00,1.A.1.a.2,Written Comprehension,LV,3.0,8,0.0,3.0,3.0,N,N,08/2024,Analyst
51-8013.00,1.A.1.a.3,Oral Expression,IM,3.62,8,0.183,3.2664,3.9836,N,,08/2024,Analyst
51-8013.00,1.A.1.a.3,Oral Expression,LV,3.75,8,0.1637,3.4292,4.0708,N,N,08/2024,Analyst
51-8013.00,1.A.1.a.4,Written Expression,IM,3.0,8,0.0,3.0,3.0,N,,08/2024,Analyst
51-8013.00,1.A.1.a.4,Written Expression,LV,3.0,8,0.0,3.0,3.0,N,N,08/2024,Analyst
51-8013.00,1.A.1.b.1,Fluency of Ideas,IM,2.62,8,0.183,2.2664,2.9836,N,,08/2024,Analyst
51-8013.00,1.A.1.b.1,Fluency of Ideas,LV,2.75,8,0.1637,2.4292,3.0708,N,N,08/2024,Analyst
51-8013.00,1.A.1.b.2,Originality,IM,2.5,8,0.189,2.1296,2.8704,N,,08/2024,Analyst
51-8013.00,1.A.1.b.2,Originality,LV,2.75,8,0.1637,2.4292,3.0708,N,N,08/2024,Analyst
51-8013.00,1.A.1.b.3,Problem Sensitivity,IM,4.0,8,0.0,4.0,4.0,N,,08/2024,Analyst
51-8013.00,1.A.1.b.3,Problem Sensitivity,LV,3.88,8,0.125,3.63,4.12,N,N,08/2024,Analyst
51-8013.00,1.A.1.b.4,Deductive Reasoning,IM,3.88,8,0.125,3.63,4.12,N,,08/2024,Analyst
51-8013.00,1.A.1.b.4,Deductive Reasoning,LV,3.62,8,0.183,3.2664,3.9836,N,N,08/2024,Analyst
51-8013.00,1.A.1.b.5,Inductive Reasoning,IM,3.25,8,0.1637,2.9292,3.5708,N,,08/2024,Analyst
51-8013.00,1.A.1.b.5,Inductive Reasoning,LV,3.25,8,0.1637,2.9292,3.5708,N,N,08/2024,Analyst
51-8013.00,1.A.1.b.6,Information Ordering,IM,3.25,8,0.1637,2.9292,3.5708,N,,08/2024,Analyst
51-8013.00,1.A.1.b.6,Information Ordering,LV,3.38,8,0.183,3.0164,3.7336,N,N,08/2024,Analyst
51-8013.00,1.A.1.b.7,Category Flexibility,IM,3.0,8,0.0,3.0,3.0,N,,08/2024,Analyst
51-8013.00,1.A.1.b.7,Category Flexibility,LV,3.0,8,0.0,3.0,3.0,N,N,08/2024,Analyst
51-8013.00,1.A.1.c.1,Mathematical Reasoning,IM,2.0,8,0.0,2.0,2.0,N,,08/2024,Analyst
51-8013.00,1.A.1.c.1,Mathematical Reasoning,LV,2.0,8,0.0,2.0,2.0,N,N,08/2024,Analyst
51-8013.00,1.A.1.c.2,Number Facility,IM,2.12,8,0.125,1.88,2.37,N,,08/2024,Analyst
51-8013.00,1.A.1.c.2,Number Facility,LV,2.12,8,0.125,1.88,2.37,N,N,08/2024,Analyst
51-8013.00,1.A.1.d.1,Memorization,IM,2.12,8,0.125,1.88,2.37,N,,08/2024,Analyst
51-8013.00,1.A.1.d.1,Memorization,LV,2.12,8,0.125,1.88,2.37,N,N,08/2024,Analyst
51-8013.00,1.A.1.e.1,Speed of Closure,IM,2.5,8,0.189,2.1296,2.8704,N,,08/2024,Analyst
51-8013.00,1.A.1.e.1,Speed of Closure,LV,2.12,8,0.125,1.88,2.37,N,N,08/2024,Analyst
51-8013.00,1.A.1.e.2,Flexibility of Closure,IM,3.12,8,0.125,2.88,3.37,N,,08/2024,Analyst
51-8013.00,1.A.1.e.2,Flexibility of Closure,LV,3.0,8,0.0,3.0,3.0,N,N,08/2024,Analyst
51-8013.00,1.A.1.e.3,Perceptual Speed,IM,3.25,8,0.1637,2.9292,3.5708,N,,08/2024,Analyst
51-8013.00,1.A.1.e.3,Perceptual Speed,LV,3.88,8,0.125,3.63,4.12,N,N,08/2024,Analyst
51-8013.00,1.A.1.f.1,Spatial Orientation,IM,2.0,8,0.0,2.0,2.0,N,,08/2024,Analyst
51-8013.00,1.A.1.f.1,Spatial Orientation,LV,1.88,8,0.125,1.63,2.12,N,N,08/2024,Analyst
51-8013.00,1.A.1.f.2,Visualization,IM,2.88,8,0.125,2.63,3.12,N,,08/2024,Analyst
51-8013.00,1.A.1.f.2,Visualization,LV,3.0,8,0.0,3.0,3.0,N,N,08/2024,Analyst
51-8013.00,1.A.1.g.1,Selective Attention,IM,3.12,8,0.125,2.88,3.37,N,,08/2024,Analyst
51-8013.00,1.A.1.g.1,Selective Attention,LV,3.62,8,0.183,3.2664,3.9836,N,N,08/2024,Analyst
51-8013.00,1.A.1.g.2,Time Sharing,IM,3.0,8,0.0,3.0,3.0,N,,08/2024,Analyst
51-8013.00,1.A.1.g.2,Time Sharing,LV,3.0,8,0.0,3.0,3.0,N,N,08/2024,Analyst
51-8013.00,1.A.2.a.1,Arm-Hand Steadiness,IM,3.0,8,0.0,3.0,3.0,N,,08/2024,Analyst
51-8013.00,1.A.2.a.1,Arm-Hand Steadiness,LV,3.0,8,0.0,3.0,3.0,N,N,08/2024,Analyst
51-8013.00,1.A.2.a.2,Manual Dexterity,IM,3.12,8,0.125,2.88,3.37,N,,08/2024,Analyst
51-8013.00,1.A.2.a.2,Manual Dexterity,LV,3.0,8,0.0,3.0,3.0,N,N,08/2024,Analyst
51-8013.00,1.A.2.a.3,Finger Dexterity,IM,3.0,8,0.0,3.0,3.0,N,,08/2024,Analyst
51-8013.00,1.A.2.a.3,Finger Dexterity,LV,3.0,8,0.0,3.0,3.0,N,N,08/2024,Analyst
51-8013.00,1.A.2.b.1,Control Precision,IM,3.0,8,0.0,3.0,3.0,N,,08/2024,Analyst
51-8013.00,1.A.2.b.1,Control Precision,LV,3.0,8,0.0,3.0,3.0,N,N,08/2024,Analyst
51-8013.00,1.A.2.b.2,Multilimb Coordination,IM,2.75,8,0.1637,2.4292,3.0708,N,,08/2024,Analyst
51-8013.00,1.A.2.b.2,Multilimb Coordination,LV,2.88,8,0.125,2.63,3.12,N,N,08/2024,Analyst
51-8013.00,1.A.2.b.3,Response Orientation,IM,2.75,8,0.1637,2.4292,3.0708,N,,08/2024,Analyst
51-8013.00,1.A.2.b.3,Response Orientation,LV,2.88,8,0.125,2.63,3.12,N,N,08/2024,Analyst
51-8013.00,1.A.2.b.4,Rate Control,IM,2.75,8,0.1637,2.4292,3.0708,N,,08/2024,Analyst
51-8013.00,1.A.2.b.4,Rate Control,LV,2.75,8,0.1637,2.4292,3.0708,N,N,08/2024,Analyst
51-8013.00,1.A.2.c.1,Reaction Time,IM,3.0,8,0.0,3.0,3.0,N,,08/2024,Analyst
51-8013.00,1.A.2.c.1,Reaction Time,LV,3.12,8,0.125,2.88,3.37,N,N,08/2024,Analyst
51-8013.00,1.A.2.c.2,Wrist-Finger Speed,IM,2.0,8,0.0,2.0,2.0,N,,08/2024,Analyst
51-8013.00,1.A.2.c.2,Wrist-Finger Speed,LV,2.0,8,0.0,2.0,2.0,N,N,08/2024,Analyst
51-8013.00,1.A.2.c.3,Speed of Limb Movement,IM,1.75,8,0.1637,1.4292,2.0708,N,,08/2024,Analyst
51-8013.00,1.A.2.c.3,Speed of Limb Movement,LV,1.5,8,0.3273,0.8584,2.1416,N,N,08/2024,Analyst
51-8013.00,1.A.3.a.1,Static Strength,IM,2.0,8,0.0,2.0,2.0,N,,08/2024,Analyst
51-8013.00,1.A.3.a.1,Static Strength,LV,2.0,8,0.0,2.0,2.0,N,N,08/2024,Analyst
51-8013.00,1.A.3.a.2,Explosive Strength,IM,1.62,8,0.183,1.2664,1.9836,N,,08/2024,Analyst
51-8013.00,1.A.3.a.2,Explosive Strength,LV,1.0,8,0.3273,0.3584,1.6416,N,N,08/2024,Analyst
51-8013.00,1.A.3.a.3,Dynamic Strength,IM,2.0,8,0.0,2.0,2.0,N,,08/2024,Analyst
51-8013.00,1.A.3.a.3,Dynamic Strength,LV,1.88,8,0.125,1.63,2.12,N,N,08/2024,Analyst
51-8013.00,1.A.3.a.4,Trunk Strength,IM,2.38,8,0.183,2.0164,2.7336,N,,08/2024,Analyst
51-8013.00,1.A.3.a.4,Trunk Strength,LV,2.38,8,0.183,2.0164,2.7336,N,N,08/2024,Analyst
51-8013.00,1.A.3.b.1,Stamina,IM,2.12,8,0.125,1.88,2.37,N,,08/2024,Analyst
51-8013.00,1.A.3.b.1,Stamina,LV,2.12,8,0.125,1.88,2.37,N,N,08/2024,Analyst
51-8013.00,1.A.3.c.1,Extent Flexibility,IM,2.5,8,0.189,2.1296,2.8704,N,,08/2024,Analyst
51-8013.00,1.A.3.c.1,Extent Flexibility,LV,2.75,8,0.1637,2.4292,3.0708,N,N,08/2024,Analyst
51-8013.00,1.A.3.c.2,Dynamic Flexibility,IM,1.0,8,0.0,1.0,1.0,N,,08/2024,Analyst
51-8013.00,1.A.3.c.2,Dynamic Flexibility,LV,0.0,8,0.0,0.0,0.0,N,Y,08/2024,Analyst
51-8013.00,1.A.3.c.3,Gross Body Coordination,IM,2.0,8,0.0,2.0,2.0,N,,08/2024,Analyst
51-8013.00,1.A.3.c.3,Gross Body Coordination,LV,2.0,8,0.0,2.0,2.0,N,N,08/2024,Analyst
51-8013.00,1.A.3.c.4,Gross Body Equilibrium,IM,2.0,8,0.0,2.0,2.0,N,,08/2024,Analyst
51-8013.00,1.A.3.c.4,Gross Body Equilibrium,LV,2.0,8,0.0,2.0,2.0,N,N,08/2024,Analyst
51-8013.00,1.A.4.a.1,Near Vision,IM,3.75,8,0.1637,3.4292,4.0708,N,,08/2024,Analyst
51-8013.00,1.A.4.a.1,Near Vision,LV,4.0,8,0.0,4.0,4.0,N,N,08/2024,Analyst
51-8013.00,1.A.4.a.2,Far Vision,IM,3.12,8,0.125,2.88,3.37,N,,08/2024,Analyst
51-8013.00,1.A.4.a.2,Far Vision,LV,3.0,8,0.0,3.0,3.0,N,N,08/2024,Analyst
51-8013.00,1.A.4.a.3,Visual Color Discrimination,IM,2.88,8,0.125,2.63,3.12,N,,08/2024,Analyst
51-8013.00,1.A.4.a.3,Visual Color Discrimination,LV,2.88,8,0.125,2.63,3.12,N,N,08/2024,Analyst
51-8013.00,1.A.4.a.4,Night Vision,IM,2.0,8,0.0,2.0,2.0,N,,08/2024,Analyst
51-8013.00,1.A.4.a.4,Night Vision,LV,1.25,8,0.1637,0.9292,1.5708,N,N,08/2024,Analyst
51-8013.00,1.A.4.a.5,Peripheral Vision,IM,2.0,8,0.0,2.0,2.0,N,,08/2024,Analyst
51-8013.00,1.A.4.a.5,Peripheral Vision,LV,1.0,8,0.0,1.0,1.0,N,N,08/2024,Analyst
51-8013.00,1.A.4.a.6,Depth Perception,IM,2.5,8,0.189,2.1296,2.8704,N,,08/2024,Analyst
51-8013.00,1.A.4.a.6,Depth Perception,LV,2.5,8,0.189,2.1296,2.8704,N,N,08/2024,Analyst
51-8013.00,1.A.4.a.7,Glare Sensitivity,IM,2.0,8,0.0,2.0,2.0,N,,08/2024,Analyst
51-8013.00,1.A.4.a.7,Glare Sensitivity,LV,1.5,8,0.189,1.1296,1.8704,N,N,08/2024,Analyst
51-8013.00,1.A.4.b.1,Hearing Sensitivity,IM,2.75,8,0.1637,2.4292,3.0708,N,,08/2024,Analyst
51-8013.00,1.A.4.b.1,Hearing Sensitivity,LV,3.0,8,0.0,3.0,3.0,N,N,08/2024,Analyst
51-8013.00,1.A.4.b.2,Auditory Attention,IM,3.0,8,0.0,3.0,3.0,N,,08/2024,Analyst
51-8013.00,1.A.4.b.2,Auditory Attention,LV,3.0,8,0.0,3.0,3.0,N,N,08/2024,Analyst
51-8013.00,1.A.4.b.3,Sound Localization,IM,2.0,8,0.0,2.0,2.0,N,,08/2024,Analyst
51-8013.00,1.A.4.b.3,Sound Localization,LV,2.0,8,0.0,2.0,2.0,N,N,08/2024,Analyst
51-8013.00,1.A.4.b.4,Speech Recognition,IM,3.0,8,0.0,3.0,3.0,N,,08/2024,Analyst
51-8013.00,1.A.4.b.4,Speech Recognition,LV,2.88,8,0.125,2.63,3.12,N,N,08/2024,Analyst
51-8013.00,1.A.4.b.5,Speech Clarity,IM,3.0,8,0.0,3.0,3.0,N,,08/2024,Analyst
51-8013.00,1.A.4.b.5,Speech Clarity,LV,3.0,8,0.0,3.0,3.0,N,N,08/2024,Analyst
51-8013.03,1.A.1.a.1,Oral Comprehension,IM,3.0,8,0.0,3.0,3.0,N,,08/2020,Analyst
51-8013.03,1.A.1.a.1,Oral Comprehension,LV,3.62,8,0.183,3.2664,3.9836,N,N,08/2020,Analyst
51-8013.03,1.A.1.a.2,Written Comprehension,IM,3.25,8,0.1637,2.9292,3.5708,N,,08/2020,Analyst
51-8013.03,1.A.1.a.2,Written Comprehension,LV,3.0,8,0.0,3.0,3.0,N,N,08/2020,Analyst
51-8013.03,1.A.1.a.3,Oral Expression,IM,3.0,8,0.0,3.0,3.0,N,,08/2020,Analyst
51-8013.03,1.A.1.a.3,Oral Expression,LV,3.0,8,0.0,3.0,3.0,N,N,08/2020,Analyst
51-8013.03,1.A.1.a.4,Written Expression,IM,3.0,8,0.0,3.0,3.0,N,,08/2020,Analyst
51-8013.03,1.A.1.a.4,Written Expression,LV,3.0,8,0.0,3.0,3.0,N,N,08/2020,Analyst
51-8013.03,1.A.1.b.1,Fluency of Ideas,IM,2.75,8,0.1637,2.4292,3.0708,N,,08/2020,Analyst
51-8013.03,1.A.1.b.1,Fluency of Ideas,LV,2.0,8,0.0,2.0,2.0,N,N,08/2020,Analyst
51-8013.03,1.A.1.b.2,Originality,IM,2.75,8,0.1637,2.4292,3.0708,N,,08/2020,Analyst
51-8013.03,1.A.1.b.2,Originality,LV,2.12,8,0.125,1.88,2.37,N,N,08/2020,Analyst
51-8013.03,1.A.1.b.3,Problem Sensitivity,IM,3.75,8,0.1637,3.4292,4.0708,N,,08/2020,Analyst
51-8013.03,1.A.1.b.3,Problem Sensitivity,LV,3.25,8,0.1637,2.9292,3.5708,N,N,08/2020,Analyst
51-8013.03,1.A.1.b.4,Deductive Reasoning,IM,3.25,8,0.1637,2.9292,3.5708,N,,08/2020,Analyst
51-8013.03,1.A.1.b.4,Deductive Reasoning,LV,3.12,8,0.125,2.88,3.37,N,N,08/2020,Analyst
51-8013.03,1.A.1.b.5,Inductive Reasoning,IM,3.12,8,0.125,2.88,3.37,N,,08/2020,Analyst
51-8013.03,1.A.1.b.5,Inductive Reasoning,LV,3.12,8,0.125,2.88,3.37,N,N,08/2020,Analyst
51-8013.03,1.A.1.b.6,Information Ordering,IM,3.38,8,0.183,3.0164,3.7336,N,,08/2020,Analyst
51-8013.03,1.A.1.b.6,Information Ordering,LV,3.38,8,0.183,3.0164,3.7336,N,N,08/2020,Analyst
51-8013.03,1.A.1.b.7,Category Flexibility,IM,2.88,8,0.125,2.63,3.12,N,,08/2020,Analyst
51-8013.03,1.A.1.b.7,Category Flexibility,LV,2.88,8,0.125,2.63,3.12,N,N,08/2020,Analyst
51-8013.03,1.A.1.c.1,Mathematical Reasoning,IM,2.25,8,0.25,1.76,2.74,N,,08/2020,Analyst
51-8013.03,1.A.1.c.1,Mathematical Reasoning,LV,2.12,8,0.125,1.88,2.37,N,N,08/2020,Analyst
51-8013.03,1.A.1.c.2,Number Facility,IM,2.25,8,0.1637,1.9292,2.5708,N,,08/2020,Analyst
51-8013.03,1.A.1.c.2,Number Facility,LV,2.5,8,0.189,2.1296,2.8704,N,N,08/2020,Analyst
51-8013.03,1.A.1.d.1,Memorization,IM,2.5,8,0.189,2.1296,2.8704,N,,08/2020,Analyst
51-8013.03,1.A.1.d.1,Memorization,LV,2.75,8,0.1637,2.4292,3.0708,N,N,08/2020,Analyst
51-8013.03,1.A.1.e.1,Speed of Closure,IM,2.75,8,0.1637,2.4292,3.0708,N,,08/2020,Analyst
51-8013.03,1.A.1.e.1,Speed of Closure,LV,2.75,8,0.1637,2.4292,3.0708,N,N,08/2020,Analyst
51-8013.03,1.A.1.e.2,Flexibility of Closure,IM,2.88,8,0.125,2.63,3.12,N,,08/2020,Analyst
51-8013.03,1.A.1.e.2,Flexibility of Closure,LV,2.88,8,0.125,2.63,3.12,N,N,08/2020,Analyst
51-8013.03,1.A.1.e.3,Perceptual Speed,IM,3.25,8,0.1637,2.9292,3.5708,N,,08/2020,Analyst
51-8013.03,1.A.1.e.3,Perceptual Speed,LV,3.75,8,0.1637,3.4292,4.0708,N,N,08/2020,Analyst
51-8013.03,1.A.1.f.1,Spatial Orientation,IM,2.0,8,0.0,2.0,2.0,N,,08/2020,Analyst
51-8013.03,1.A.1.f.1,Spatial Orientation,LV,1.88,8,0.125,1.63,2.12,N,N,08/2020,Analyst
51-8013.03,1.A.1.f.2,Visualization,IM,3.12,8,0.125,2.88,3.37,N,,08/2020,Analyst
51-8013.03,1.A.1.f.2,Visualization,LV,3.0,8,0.189,2.6296,3.3704,N,N,08/2020,Analyst
51-8013.03,1.A.1.g.1,Selective Attention,IM,3.12,8,0.125,2.88,3.37,N,,08/2020,Analyst
51-8013.03,1.A.1.g.1,Selective Attention,LV,3.38,8,0.183,3.0164,3.7336,N,N,08/2020,Analyst
51-8013.03,1.A.1.g.2,Time Sharing,IM,3.0,8,0.0,3.0,3.0,N,,08/2020,Analyst
51-8013.03,1.A.1.g.2,Time Sharing,LV,2.88,8,0.125,2.63,3.12,N,N,08/2020,Analyst
51-8013.03,1.A.2.a.1,Arm-Hand Steadiness,IM,3.12,8,0.125,2.88,3.37,N,,08/2020,Analyst
51-8013.03,1.A.2.a.1,Arm-Hand Steadiness,LV,3.0,8,0.0,3.0,3.0,N,N,08/2020,Analyst
51-8013.03,1.A.2.a.2,Manual Dexterity,IM,3.0,8,0.0,3.0,3.0,N,,08/2020,Analyst
51-8013.03,1.A.2.a.2,Manual Dexterity,LV,3.12,8,0.125,2.88,3.37,N,N,08/2020,Analyst
51-8013.03,1.A.2.a.3,Finger Dexterity,IM,2.88,8,0.125,2.63,3.12,N,,08/2020,Analyst
51-8013.03,1.A.2.a.3,Finger Dexterity,LV,3.0,8,0.0,3.0,3.0,N,N,08/2020,Analyst
51-8013.03,1.A.2.b.1,Control Precision,IM,3.75,8,0.25,3.26,4.24,N,,08/2020,Analyst
51-8013.03,1.A.2.b.1,Control Precision,LV,3.75,8,0.1637,3.4292,4.0708,N,N,08/2020,Analyst
51-8013.03,1.A.2.b.2,Multilimb Coordination,IM,3.25,8,0.25,2.76,3.74,N,,08/2020,Analyst
51-8013.03,1.A.2.b.2,Multilimb Coordination,LV,3.38,8,0.183,3.0164,3.7336,N,N,08/2020,Analyst
51-8013.03,1.A.2.b.3,Response Orientation,IM,2.75,8,0.1637,2.4292,3.0708,N,,08/2020,Analyst
51-8013.03,1.A.2.b.3,Response Orientation,LV,2.75,8,0.1637,2.4292,3.0708,N,N,08/2020,Analyst
51-8013.03,1.A.2.b.4,Rate Control,IM,3.12,8,0.125,2.88,3.37,N,,08/2020,Analyst
51-8013.03,1.A.2.b.4,Rate Control,LV,3.12,8,0.125,2.88,3.37,N,N,08/2020,Analyst
51-8013.03,1.A.2.c.1,Reaction Time,IM,3.25,8,0.1637,2.9292,3.5708,N,,08/2020,Analyst
51-8013.03,1.A.2.c.1,Reaction Time,LV,3.38,8,0.183,3.0164,3.7336,N,N,08/2020,Analyst
51-8013.03,1.A.2.c.2,Wrist-Finger Speed,IM,2.38,8,0.183,2.0164,2.7336,N,,08/2020,Analyst
51-8013.03,1.A.2.c.2,Wrist-Finger Speed,LV,2.62,8,0.183,2.2664,2.9836,N,N,08/2020,Analyst
51-8013.03,1.A.2.c.3,Speed of Limb Movement,IM,2.25,8,0.3134,1.6358,2.8642,N,,08/2020,Analyst
51-8013.03,1.A.2.c.3,Speed of Limb Movement,LV,2.0,8,0.4629,1.0927,2.9073,N,N,08/2020,Analyst
51-8013.03,1.A.3.a.1,Static Strength,IM,2.75,8,0.1637,2.4292,3.0708,N,,08/2020,Analyst
51-8013.03,1.A.3.a.1,Static Strength,LV,2.62,8,0.183,2.2664,2.9836,N,N,08/2020,Analyst
51-8013.03,1.A.3.a.2,Explosive Strength,IM,1.5,8,0.189,1.1296,1.8704,N,,08/2020,Analyst
51-8013.03,1.A.3.a.2,Explosive Strength,LV,0.75,8,0.3134,0.1358,1.3642,N,N,08/2020,Analyst
51-8013.03,1.A.3.a.3,Dynamic Strength,IM,2.0,8,0.0,2.0,2.0,N,,08/2020,Analyst
51-8013.03,1.A.3.a.3,Dynamic Strength,LV,2.0,8,0.0,2.0,2.0,N,N,08/2020,Analyst
51-8013.03,1.A.3.a.4,Trunk Strength,IM,2.5,8,0.189,2.1296,2.8704,N,,08/2020,Analyst
51-8013.03,1.A.3.a.4,Trunk Strength,LV,2.75,8,0.1637,2.4292,3.0708,N,N,08/2020,Analyst
51-8013.03,1.A.3.b.1,Stamina,IM,2.25,8,0.1637,1.9292,2.5708,N,,08/2020,Analyst
51-8013.03,1.A.3.b.1,Stamina,LV,2.0,8,0.0,2.0,2.0,N,N,08/2020,Analyst
51-8013.03,1.A.3.c.1,Extent Flexibility,IM,2.38,8,0.183,2.0164,2.7336,N,,08/2020,Analyst
51-8013.03,1.A.3.c.1,Extent Flexibility,LV,2.38,8,0.183,2.0164,2.7336,N,N,08/2020,Analyst
51-8013.03,1.A.3.c.2,Dynamic Flexibility,IM,1.0,8,0.0,1.0,1.0,N,,08/2020,Analyst
51-8013.03,1.A.3.c.2,Dynamic Flexibility,LV,0.0,8,0.0,0.0,0.0,N,Y,08/2020,Analyst
51-8013.03,1.A.3.c.3,Gross Body Coordination,IM,2.12,8,0.125,1.88,2.37,N,,08/2020,Analyst
51-8013.03,1.A.3.c.3,Gross Body Coordination,LV,2.0,8,0.0,2.0,2.0,N,N,08/2020,Analyst
51-8013.03,1.A.3.c.4,Gross Body Equilibrium,IM,2.12,8,0.125,1.88,2.37,N,,08/2020,Analyst
51-8013.03,1.A.3.c.4,Gross Body Equilibrium,LV,2.12,8,0.125,1.88,2.37,N,N,08/2020,Analyst
51-8013.03,1.A.4.a.1,Near Vision,IM,3.88,8,0.125,3.63,4.12,N,,08/2020,Analyst
51-8013.03,1.A.4.a.1,Near Vision,LV,3.88,8,0.125,3.63,4.12,N,N,08/2020,Analyst
51-8013.03,1.A.4.a.2,Far Vision,IM,3.12,8,0.125,2.88,3.37,N,,08/2020,Analyst
51-8013.03,1.A.4.a.2,Far Vision,LV,3.12,8,0.125,2.88,3.37,N,N,08/2020,Analyst
51-8013.03,1.A.4.a.3,Visual Color Discrimination,IM,3.12,8,0.125,2.88,3.37,N,,08/2020,Analyst
51-8013.03,1.A.4.a.3,Visual Color Discrimination,LV,3.12,8,0.125,2.88,3.37,N,N,08/2020,Analyst
51-8013.03,1.A.4.a.4,Night Vision,IM,2.0,8,0.0,2.0,2.0,N,,08/2020,Analyst
51-8013.03,1.A.4.a.4,Night Vision,LV,1.88,8,0.125,1.63,2.12,N,N,08/2020,Analyst
51-8013.03,1.A.4.a.5,Peripheral Vision,IM,2.0,8,0.0,2.0,2.0,N,,08/2020,Analyst
51-8013.03,1.A.4.a.5,Peripheral Vision,LV,2.0,8,0.189,1.6296,2.3704,N,N,08/2020,Analyst
51-8013.03,1.A.4.a.6,Depth Perception,IM,2.75,8,0.1637,2.4292,3.0708,N,,08/2020,Analyst
51-8013.03,1.A.4.a.6,Depth Perception,LV,2.62,8,0.183,2.2664,2.9836,N,N,08/2020,Analyst
51-8013.03,1.A.4.a.7,Glare Sensitivity,IM,2.0,8,0.0,2.0,2.0,N,,08/2020,Analyst
51-8013.03,1.A.4.a.7,Glare Sensitivity,LV,2.0,8,0.0,2.0,2.0,N,N,08/2020,Analyst
51-8013.03,1.A.4.b.1,Hearing Sensitivity,IM,3.0,8,0.189,2.6296,3.3704,N,,08/2020,Analyst
51-8013.03,1.A.4.b.1,Hearing Sensitivity,LV,2.88,8,0.125,2.63,3.12,N,N,08/2020,Analyst
51-8013.03,1.A.4.b.2,Auditory Attention,IM,3.0,8,0.189,2.6296,3.3704,N,,08/2020,Analyst
51-8013.03,1.A.4.b.2,Auditory Attention,LV,2.25,8,0.1637,1.9292,2.5708,N,N,08/2020,Analyst
51-8013.03,1.A.4.b.3,Sound Localization,IM,2.12,8,0.125,1.88,2.37,N,,08/2020,Analyst
51-8013.03,1.A.4.b.3,Sound Localization,LV,1.75,8,0.1637,1.4292,2.0708,N,N,08/2020,Analyst
51-8013.03,1.A.4.b.4,Speech Recognition,IM,2.88,8,0.125,2.63,3.12,N,,08/2020,Analyst
51-8013.03,1.A.4.b.4,Speech Recognition,LV,3.0,8,0.0,3.0,3.0,N,N,08/2020,Analyst
51-8013.03,1.A.4.b.5,Speech Clarity,IM,3.0,8,0.0,3.0,3.0,N,,08/2020,Analyst
51-8013.03,1.A.4.b.5,Speech Clarity,LV,3.0,8,0.0,3.0,3.0,N,N,08/2020,Analyst
51-8013.04,1.A.1.a.1,Oral Comprehension,IM,3.62,8,0.183,3.2664,3.9836,N,,08/2024,Analyst
51-8013.04,1.A.1.a.1,Oral Comprehension,LV,4.0,8,0.0,4.0,4.0,N,N,08/2024,Analyst
51-8013.04,1.A.1.a.2,Written Comprehension,IM,3.25,8,0.1637,2.9292,3.5708,N,,08/2024,Analyst
51-8013.04,1.A.1.a.2,Written Comprehension,LV,3.5,8,0.189,3.1296,3.8704,N,N,08/2024,Analyst
51-8013.04,1.A.1.a.3,Oral Expression,IM,3.38,8,0.183,3.0164,3.7336,N,,08/2024,Analyst
51-8013.04,1.A.1.a.3,Oral Expression,LV,3.25,8,0.1637,2.9292,3.5708,N,N,08/2024,Analyst
51-8013.04,1.A.1.a.4,Written Expression,IM,3.12,8,0.125,2.88,3.37,N,,08/2024,Analyst
51-8013.04,1.A.1.a.4,Written Expression,LV,3.12,8,0.125,2.88,3.37,N,N,08/2024,Analyst
51-8013.04,1.A.1.b.1,Fluency of Ideas,IM,2.75,8,0.1637,2.4292,3.0708,N,,08/2024,Analyst
51-8013.04,1.A.1.b.1,Fluency of Ideas,LV,2.88,8,0.125,2.63,3.12,N,N,08/2024,Analyst
51-8013.04,1.A.1.b.2,Originality,IM,2.5,8,0.189,2.1296,2.8704,N,,08/2024,Analyst
51-8013.04,1.A.1.b.2,Originality,LV,2.88,8,0.125,2.63,3.12,N,N,08/2024,Analyst
51-8013.04,1.A.1.b.3,Problem Sensitivity,IM,3.88,8,0.125,3.63,4.12,N,,08/2024,Analyst
51-8013.04,1.A.1.b.3,Problem Sensitivity,LV,4.12,8,0.125,3.88,4.37,N,N,08/2024,Analyst
51-8013.04,1.A.1.b.4,Deductive Reasoning,IM,3.62,8,0.183,3.2664,3.9836,N,,08/2024,Analyst
51-8013.04,1.A.1.b.4,Deductive Reasoning,LV,3.62,8,0.183,3.2664,3.9836,N,N,08/2024,Analyst
51-8013.04,1.A.1.b.5,Inductive Reasoning,IM,3.5,8,0.189,3.1296,3.8704,N,,08/2024,Analyst
51-8013.04,1.A.1.b.5,Inductive Reasoning,LV,3.5,8,0.189,3.1296,3.8704,N,N,08/2024,Analyst
51-8013.04,1.A.1.b.6,Information Ordering,IM,3.75,8,0.1637,3.4292,4.0708,N,,08/2024,Analyst
51-8013.04,1.A.1.b.6,Information Ordering,LV,3.62,8,0.183,3.2664,3.9836,N,N,08/2024,Analyst
51-8013.04,1.A.1.b.7,Category Flexibility,IM,3.0,8,0.0,3.0,3.0,N,,08/2024,Analyst
51-8013.04,1.A.1.b.7,Category Flexibility,LV,3.0,8,0.0,3.0,3.0,N,N,08/2024,Analyst
51-8013.04,1.A.1.c.1,Mathematical Reasoning,IM,2.88,8,0.125,2.63,3.12,N,,08/2024,Analyst
51-8013.04,1.A.1.c.1,Mathematical Reasoning,LV,2.88,8,0.125,2.63,3.12,N,N,08/2024,Analyst
51-8013.04,1.A.1.c.2,Number Facility,IM,2.88,8,0.125,2.63,3.12,N,,08/2024,Analyst
51-8013.04,1.A.1.c.2,Number Facility,LV,3.0,8,0.0,3.0,3.0,N,N,08/2024,Analyst
51-8013.04,1.A.1.d.1,Memorization,IM,2.62,8,0.183,2.2664,2.9836,N,,08/2024,Analyst
51-8013.04,1.A.1.d.1,Memorization,LV,2.75,8,0.1637,2.4292,3.0708,N,N,08/2024,Analyst
51-8013.04,1.A.1.e.1,Speed of Closure,IM,2.88,8,0.125,2.63,3.12,N,,08/2024,Analyst
51-8013.04,1.A.1.e.1,Speed of Closure,LV,2.88,8,0.125,2.63,3.12,N,N,08/2024,Analyst
51-8013.04,1.A.1.e.2,Flexibility of Closure,IM,3.12,8,0.125,2.88,3.37,N,,08/2024,Analyst
51-8013.04,1.A.1.e.2,Flexibility of Closure,LV,3.12,8,0.125,2.88,3.37,N,N,08/2024,Analyst
51-8013.04,1.A.1.e.3,Perceptual Speed,IM,3.38,8,0.183,3.0164,3.7336,N,,08/2024,Analyst
51-8013.04,1.A.1.e.3,Perceptual Speed,LV,3.88,8,0.125,3.63,4.12,N,N,08/2024,Analyst
51-8013.04,1.A.1.f.1,Spatial Orientation,IM,2.12,8,0.125,1.88,2.37,N,,08/2024,Analyst
51-8013.04,1.A.1.f.1,Spatial Orientation,LV,2.0,8,0.0,2.0,2.0,N,N,08/2024,Analyst
51-8013.04,1.A.1.f.2,Visualization,IM,3.38,8,0.183,3.0164,3.7336,N,,08/2024,Analyst
51-8013.04,1.A.1.f.2,Visualization,LV,3.25,8,0.1637,2.9292,3.5708,N,N,08/2024,Analyst
51-8013.04,1.A.1.g.1,Selective Attention,IM,3.5,8,0.189,3.1296,3.8704,N,,08/2024,Analyst
51-8013.04,1.A.1.g.1,Selective Attention,LV,3.5,8,0.189,3.1296,3.8704,N,N,08/2024,Analyst
51-8013.04,1.A.1.g.2,Time Sharing,IM,2.88,8,0.125,2.63,3.12,N,,08/2024,Analyst
51-8013.04,1.A.1.g.2,Time Sharing,LV,2.75,8,0.1637,2.4292,3.0708,N,N,08/2024,Analyst
51-8013.04,1.A.2.a.1,Arm-Hand Steadiness,IM,3.12,8,0.125,2.88,3.37,N,,08/2024,Analyst
51-8013.04,1.A.2.a.1,Arm-Hand Steadiness,LV,3.0,8,0.0,3.0,3.0,N,N,08/2024,Analyst
51-8013.04,1.A.2.a.2,Manual Dexterity,IM,3.12,8,0.125,2.88,3.37,N,,08/2024,Analyst
51-8013.04,1.A.2.a.2,Manual Dexterity,LV,3.0,8,0.0,3.0,3.0,N,N,08/2024,Analyst
51-8013.04,1.A.2.a.3,Finger Dexterity,IM,3.12,8,0.125,2.88,3.37,N,,08/2024,Analyst
51-8013.04,1.A.2.a.3,Finger Dexterity,LV,3.0,8,0.0,3.0,3.0,N,N,08/2024,Analyst
51-8013.04,1.A.2.b.1,Control Precision,IM,3.75,8,0.1637,3.4292,4.0708,N,,08/2024,Analyst
51-8013.04,1.A.2.b.1,Control Precision,LV,3.5,8,0.2673,2.9762,4.0238,N,N,08/2024,Analyst
51-8013.04,1.A.2.b.2,Multilimb Coordination,IM,3.12,8,0.125,2.88,3.37,N,,08/2024,Analyst
51-8013.04,1.A.2.b.2,Multilimb Coordination,LV,3.12,8,0.125,2.88,3.37,N,N,08/2024,Analyst
51-8013.04,1.A.2.b.3,Response Orientation,IM,2.5,8,0.189,2.1296,2.8704,N,,08/2024,Analyst
51-8013.04,1.A.2.b.3,Response Orientation,LV,2.75,8,0.1637,2.4292,3.0708,N,N,08/2024,Analyst
51-8013.04,1.A.2.b.4,Rate Control,IM,2.25,8,0.1637,1.9292,2.5708,N,,08/2024,Analyst
51-8013.04,1.A.2.b.4,Rate Control,LV,2.5,8,0.189,2.1296,2.8704,N,N,08/2024,Analyst
51-8013.04,1.A.2.c.1,Reaction Time,IM,2.75,8,0.1637,2.4292,3.0708,N,,08/2024,Analyst
51-8013.04,1.A.2.c.1,Reaction Time,LV,3.25,8,0.1637,2.9292,3.5708,N,N,08/2024,Analyst
51-8013.04,1.A.2.c.2,Wrist-Finger Speed,IM,2.12,8,0.125,1.88,2.37,N,,08/2024,Analyst
51-8013.04,1.A.2.c.2,Wrist-Finger Speed,LV,2.0,8,0.0,2.0,2.0,N,N,08/2024,Analyst
51-8013.04,1.A.2.c.3,Speed of Limb Movement,IM,1.12,8,0.125,1.0,1.37,N,,08/2024,Analyst
51-8013.04,1.A.2.c.3,Speed of Limb Movement,LV,0.12,8,0.125,0.0,0.37,N,Y,08/2024,Analyst
51-8013.04,1.A.3.a.1,Static Strength,IM,2.62,8,0.183,2.2664,2.9836,N,,08/2024,Analyst
51-8013.04,1.A.3.a.1,Static Strength,LV,2.62,8,0.183,2.2664,2.9836,N,N,08/2024,Analyst
51-8013.04,1.A.3.a.2,Explosive Strength,IM,2.25,8,0.1637,1.9292,2.5708,N,,08/2024,Analyst
51-8013.04,1.A.3.a.2,Explosive Strength,LV,2.0,8,0.0,2.0,2.0,N,N,08/2024,Analyst
51-8013.04,1.A.3.a.3,Dynamic Strength,IM,2.5,8,0.189,2.1296,2.8704,N,,08/2024,Analyst
51-8013.04,1.A.3.a.3,Dynamic Strength,LV,2.62,8,0.183,2.2664,2.9836,N,N,08/2024,Analyst
51-8013.04,1.A.3.a.4,Trunk Strength,IM,3.0,8,0.0,3.0,3.0,N,,08/2024,Analyst
51-8013.04,1.A.3.a.4,Trunk Strength,LV,3.0,8,0.0,3.0,3.0,N,N,08/2024,Analyst
51-8013.04,1.A.3.b.1,Stamina,IM,2.5,8,0.189,2.1296,2.8704,N,,08/2024,Analyst
51-8013.04,1.A.3.b.1,Stamina,LV,2.5,8,0.189,2.1296,2.8704,N,N,08/2024,Analyst
51-8013.04,1.A.3.c.1,Extent Flexibility,IM,3.12,8,0.125,2.88,3.37,N,,08/2024,Analyst
51-8013.04,1.A.3.c.1,Extent Flexibility,LV,3.38,8,0.183,3.0164,3.7336,N,N,08/2024,Analyst
51-8013.04,1.A.3.c.2,Dynamic Flexibility,IM,1.25,8,0.1637,1.0,1.5708,N,,08/2024,Analyst
51-8013.04,1.A.3.c.2,Dynamic Flexibility,LV,0.25,8,0.1637,0.0,0.5708,N,Y,08/2024,Analyst
51-8013.04,1.A.3.c.3,Gross Body Coordination,IM,2.5,8,0.189,2.1296,2.8704,N,,08/2024,Analyst
51-8013.04,1.A.3.c.3,Gross Body Coordination,LV,2.62,8,0.183,2.2664,2.9836,N,N,08/2024,Analyst
51-8013.04,1.A.3.c.4,Gross Body Equilibrium,IM,3.0,8,0.0,3.0,3.0,N,,08/2024,Analyst
51-8013.04,1.A.3.c.4,Gross Body Equilibrium,LV,2.75,8,0.1637,2.4292,3.0708,N,N,08/2024,Analyst
51-8013.04,1.A.4.a.1,Near Vision,IM,3.88,8,0.125,3.63,4.12,N,,08/2024,Analyst
51-8013.04,1.A.4.a.1,Near Vision,LV,4.0,8,0.0,4.0,4.0,N,N,08/2024,Analyst
51-8013.04,1.A.4.a.2,Far Vision,IM,3.25,8,0.1637,2.9292,3.5708,N,,08/2024,Analyst
51-8013.04,1.A.4.a.2,Far Vision,LV,3.25,8,0.1637,2.9292,3.5708,N,N,08/2024,Analyst
51-8013.04,1.A.4.a.3,Visual Color Discrimination,IM,3.0,8,0.0,3.0,3.0,N,,08/2024,Analyst
51-8013.04,1.A.4.a.3,Visual Color Discrimination,LV,3.12,8,0.125,2.88,3.37,N,N,08/2024,Analyst
51-8013.04,1.A.4.a.4,Night Vision,IM,2.0,8,0.0,2.0,2.0,N,,08/2024,Analyst
51-8013.04,1.A.4.a.4,Night Vision,LV,1.62,8,0.183,1.2664,1.9836,N,N,08/2024,Analyst
51-8013.04,1.A.4.a.5,Peripheral Vision,IM,2.12,8,0.125,1.88,2.37,N,,08/2024,Analyst
51-8013.04,1.A.4.a.5,Peripheral Vision,LV,1.75,8,0.1637,1.4292,2.0708,N,N,08/2024,Analyst
51-8013.04,1.A.4.a.6,Depth Perception,IM,2.62,8,0.183,2.2664,2.9836,N,,08/2024,Analyst
51-8013.04,1.A.4.a.6,Depth Perception,LV,2.5,8,0.189,2.1296,2.8704,N,N,08/2024,Analyst
51-8013.04,1.A.4.a.7,Glare Sensitivity,IM,2.12,8,0.125,1.88,2.37,N,,08/2024,Analyst
51-8013.04,1.A.4.a.7,Glare Sensitivity,LV,2.12,8,0.125,1.88,2.37,N,N,08/2024,Analyst
51-8013.04,1.A.4.b.1,Hearing Sensitivity,IM,2.88,8,0.125,2.63,3.12,N,,08/2024,Analyst
51-8013.04,1.A.4.b.1,Hearing Sensitivity,LV,2.88,8,0.125,2.63,3.12,N,N,08/2024,Analyst
51-8013.04,1.A.4.b.2,Auditory Attention,IM,2.75,8,0.1637,2.4292,3.0708,N,,08/2024,Analyst
51-8013.04,1.A.4.b.2,Auditory Attention,LV,3.38,8,0.183,3.0164,3.7336,N,N,08/2024,Analyst
51-8013.04,1.A.4.b.3,Sound Localization,IM,2.12,8,0.125,1.88,2.37,N,,08/2024,Analyst
51-8013.04,1.A.4.b.3,Sound Localization,LV,2.0,8,0.0,2.0,2.0,N,N,08/2024,Analyst
51-8013.04,1.A.4.b.4,Speech Recognition,IM,3.38,8,0.183,3.0164,3.7336,N,,08/2024,Analyst
51-8013.04,1.A.4.b.4,Speech Recognition,LV,3.0,8,0.0,3.0,3.0,N,N,08/2024,Analyst
51-8013.04,1.A.4.b.5,Speech Clarity,IM,3.12,8,0.125,2.88,3.37,N,,08/2024,Analyst
51-8013.04,1.A.4.b.5,Speech Clarity,LV,3.0,8,0.0,3.0,3.0,N,N,08/2024,Analyst
51-8021.00,1.A.1.a.1,Oral Comprehension,IM,3.62,8,0.183,3.2664,3.9836,N,,08/2023,Analyst
51-8021.00,1.A.1.a.1,Oral Comprehension,LV,3.62,8,0.183,3.2664,3.9836,N,N,08/2023,Analyst
51-8021.00,1.A.1.a.2,Written Comprehension,IM,3.12,8,0.125,2.88,3.37,N,,08/2023,Analyst
51-8021.00,1.A.1.a.2,Written Comprehension,LV,3.12,8,0.125,2.88,3.37,N,N,08/2023,Analyst
51-8021.00,1.A.1.a.3,Oral Expression,IM,3.5,8,0.189,3.1296,3.8704,N,,08/2023,Analyst
51-8021.00,1.A.1.a.3,Oral Expression,LV,3.5,8,0.189,3.1296,3.8704,N,N,08/2023,Analyst
51-8021.00,1.A.1.a.4,Written Expression,IM,3.0,8,0.0,3.0,3.0,N,,08/2023,Analyst
51-8021.00,1.A.1.a.4,Written Expression,LV,3.12,8,0.125,2.88,3.37,N,N,08/2023,Analyst
51-8021.00,1.A.1.b.1,Fluency of Ideas,IM,2.62,8,0.183,2.2664,2.9836,N,,08/2023,Analyst
51-8021.00,1.A.1.b.1,Fluency of Ideas,LV,2.5,8,0.2673,1.9762,3.0238,N,N,08/2023,Analyst
51-8021.00,1.A.1.b.2,Originality,IM,2.38,8,0.183,2.0164,2.7336,N,,08/2023,Analyst
51-8021.00,1.A.1.b.2,Originality,LV,2.25,8,0.25,1.76,2.74,N,N,08/2023,Analyst
51-8021.00,1.A.1.b.3,Problem Sensitivity,IM,3.75,8,0.1637,3.4292,4.0708,N,,08/2023,Analyst
51-8021.00,1.A.1.b.3,Problem Sensitivity,LV,3.38,8,0.2631,2.8594,3.8906,N,N,08/2023,Analyst
51-8021.00,1.A.1.b.4,Deductive Reasoning,IM,3.25,8,0.1637,2.9292,3.5708,N,,08/2023,Analyst
51-8021.00,1.A.1.b.4,Deductive Reasoning,LV,3.12,8,0.125,2.88,3.37,N,N,08/2023,Analyst
51-8021.00,1.A.1.b.5,Inductive Reasoning,IM,3.25,8,0.1637,2.9292,3.5708,N,,08/2023,Analyst
51-8021.00,1.A.1.b.5,Inductive Reasoning,LV,3.12,8,0.125,2.88,3.37,N,N,08/2023,Analyst
51-8021.00,1.A.1.b.6,Information Ordering,IM,3.25,8,0.1637,2.9292,3.5708,N,,08/2023,Analyst
51-8021.00,1.A.1.b.6,Information Ordering,LV,3.12,8,0.125,2.88,3.37,N,N,08/2023,Analyst
51-8021.00,1.A.1.b.7,Category Flexibility,IM,3.12,8,0.125,2.88,3.37,N,,08/2023,Analyst
51-8021.00,1.A.1.b.7,Category Flexibility,LV,3.12,8,0.125,2.88,3.37,N,N,08/2023,Analyst
51-8021.00,1.A.1.c.1,Mathematical Reasoning,IM,2.12,8,0.125,1.88,2.37,N,,08/2023,Analyst
51-8021.00,1.A.1.c.1,Mathematical Reasoning,LV,2.12,8,0.125,1.88,2.37,N,N,08/2023,Analyst
51-8021.00,1.A.1.c.2,Number Facility,IM,2.12,8,0.125,1.88,2.37,N,,08/2023,Analyst
51-8021.00,1.A.1.c.2,Number Facility,LV,2.12,8,0.125,1.88,2.37,N,N,08/2023,Analyst
51-8021.00,1.A.1.d.1,Memorization,IM,2.25,8,0.1637,1.9292,2.5708,N,,08/2023,Analyst
51-8021.00,1.A.1.d.1,Memorization,LV,2.12,8,0.125,1.88,2.37,N,N,08/2023,Analyst
51-8021.00,1.A.1.e.1,Speed of Closure,IM,2.38,8,0.183,2.0164,2.7336,N,,08/2023,Analyst
51-8021.00,1.A.1.e.1,Speed of Closure,LV,2.25,8,0.25,1.76,2.74,N,N,08/2023,Analyst
51-8021.00,1.A.1.e.2,Flexibility of Closure,IM,2.88,8,0.2266,2.4309,3.3191,N,,08/2023,Analyst
51-8021.00,1.A.1.e.2,Flexibility of Closure,LV,2.88,8,0.2266,2.4309,3.3191,N,N,08/2023,Analyst
51-8021.00,1.A.1.e.3,Perceptual Speed,IM,3.25,8,0.1637,2.9292,3.5708,N,,08/2023,Analyst
51-8021.00,1.A.1.e.3,Perceptual Speed,LV,3.75,8,0.1637,3.4292,4.0708,N,N,08/2023,Analyst
51-8021.00,1.A.1.f.1,Spatial Orientation,IM,2.12,8,0.2266,1.6809,2.5691,N,,08/2023,Analyst
51-8021.00,1.A.1.f.1,Spatial Orientation,LV,1.62,8,0.2631,1.1094,2.1406,N,N,08/2023,Analyst
51-8021.00,1.A.1.f.2,Visualization,IM,2.88,8,0.2266,2.4309,3.3191,N,,08/2023,Analyst
51-8021.00,1.A.1.f.2,Visualization,LV,2.88,8,0.2266,2.4309,3.3191,N,N,08/2023,Analyst
51-8021.00,1.A.1.g.1,Selective Attention,IM,3.12,8,0.125,2.88,3.37,N,,08/2023,Analyst
51-8021.00,1.A.1.g.1,Selective Attention,LV,3.25,8,0.25,2.76,3.74,N,N,08/2023,Analyst
51-8021.00,1.A.1.g.2,Time Sharing,IM,2.75,8,0.1637,2.4292,3.0708,N,,08/2023,Analyst
51-8021.00,1.A.1.g.2,Time Sharing,LV,2.62,8,0.183,2.2664,2.9836,N,N,08/2023,Analyst
51-8021.00,1.A.2.a.1,Arm-Hand Steadiness,IM,3.12,8,0.125,2.88,3.37,N,,08/2023,Analyst
51-8021.00,1.A.2.a.1,Arm-Hand Steadiness,LV,3.0,8,0.0,3.0,3.0,N,N,08/2023,Analyst
51-8021.00,1.A.2.a.2,Manual Dexterity,IM,3.12,8,0.125,2.88,3.37,N,,08/2023,Analyst
51-8021.00,1.A.2.a.2,Manual Dexterity,LV,3.12,8,0.125,2.88,3.37,N,N,08/2023,Analyst
51-8021.00,1.A.2.a.3,Finger Dexterity,IM,3.12,8,0.125,2.88,3.37,N,,08/2023,Analyst
51-8021.00,1.A.2.a.3,Finger Dexterity,LV,3.12,8,0.125,2.88,3.37,N,N,08/2023,Analyst
51-8021.00,1.A.2.b.1,Control Precision,IM,3.12,8,0.125,2.88,3.37,N,,08/2023,Analyst
51-8021.00,1.A.2.b.1,Control Precision,LV,3.12,8,0.125,2.88,3.37,N,N,08/2023,Analyst
51-8021.00,1.A.2.b.2,Multilimb Coordination,IM,3.12,8,0.125,2.88,3.37,N,,08/2023,Analyst
51-8021.00,1.A.2.b.2,Multilimb Coordination,LV,3.0,8,0.0,3.0,3.0,N,N,08/2023,Analyst
51-8021.00,1.A.2.b.3,Response Orientation,IM,2.5,8,0.2673,1.9762,3.0238,N,,08/2023,Analyst
51-8021.00,1.A.2.b.3,Response Orientation,LV,2.38,8,0.2631,1.8594,2.8906,N,N,08/2023,Analyst
51-8021.00,1.A.2.b.4,Rate Control,IM,2.38,8,0.183,2.0164,2.7336,N,,08/2023,Analyst
51-8021.00,1.A.2.b.4,Rate Control,LV,2.25,8,0.1637,1.9292,2.5708,N,N,08/2023,Analyst
51-8021.00,1.A.2.c.1,Reaction Time,IM,3.12,8,0.125,2.88,3.37,N,,08/2023,Analyst
51-8021.00,1.A.2.c.1,Reaction Time,LV,3.12,8,0.125,2.88,3.37,N,N,08/2023,Analyst
51-8021.00,1.A.2.c.2,Wrist-Finger Speed,IM,2.12,8,0.125,1.88,2.37,N,,08/2023,Analyst
51-8021.00,1.A.2.c.2,Wrist-Finger Speed,LV,2.0,8,0.0,2.0,2.0,N,N,08/2023,Analyst
51-8021.00,1.A.2.c.3,Speed of Limb Movement,IM,1.62,8,0.183,1.2664,1.9836,N,,08/2023,Analyst
51-8021.00,1.A.2.c.3,Speed of Limb Movement,LV,1.25,8,0.366,0.5327,1.9673,N,N,08/2023,Analyst
51-8021.00,1.A.3.a.1,Static Strength,IM,2.75,8,0.25,2.26,3.24,N,,08/2023,Analyst
51-8021.00,1.A.3.a.1,Static Strength,LV,2.75,8,0.25,2.26,3.24,N,N,08/2023,Analyst
51-8021.00,1.A.3.a.2,Explosive Strength,IM,1.62,8,0.183,1.2664,1.9836,N,,08/2023,Analyst
51-8021.00,1.A.3.a.2,Explosive Strength,LV,1.12,8,0.3504,0.4383,1.8117,N,N,08/2023,Analyst
51-8021.00,1.A.3.a.3,Dynamic Strength,IM,2.12,8,0.125,1.88,2.37,N,,08/2023,Analyst
51-8021.00,1.A.3.a.3,Dynamic Strength,LV,1.88,8,0.2266,1.4309,2.3191,N,N,08/2023,Analyst
51-8021.00,1.A.3.a.4,Trunk Strength,IM,2.5,8,0.189,2.1296,2.8704,N,,08/2023,Analyst
51-8021.00,1.A.3.a.4,Trunk Strength,LV,2.5,8,0.189,2.1296,2.8704,N,N,08/2023,Analyst
51-8021.00,1.A.3.b.1,Stamina,IM,2.12,8,0.125,1.88,2.37,N,,08/2023,Analyst
51-8021.00,1.A.3.b.1,Stamina,LV,1.88,8,0.125,1.63,2.12,N,N,08/2023,Analyst
51-8021.00,1.A.3.c.1,Extent Flexibility,IM,2.5,8,0.189,2.1296,2.8704,N,,08/2023,Analyst
51-8021.00,1.A.3.c.1,Extent Flexibility,LV,2.88,8,0.2266,2.4309,3.3191,N,N,08/2023,Analyst
51-8021.00,1.A.3.c.2,Dynamic Flexibility,IM,1.0,8,0.0,1.0,1.0,N,,08/2023,Analyst
51-8021.00,1.A.3.c.2,Dynamic Flexibility,LV,0.0,8,0.0,0.0,0.0,N,Y,08/2023,Analyst
51-8021.00,1.A.3.c.3,Gross Body Coordination,IM,2.12,8,0.125,1.88,2.37,N,,08/2023,Analyst
51-8021.00,1.A.3.c.3,Gross Body Coordination,LV,2.0,8,0.0,2.0,2.0,N,N,08/2023,Analyst
51-8021.00,1.A.3.c.4,Gross Body Equilibrium,IM,2.0,8,0.0,2.0,2.0,N,,08/2023,Analyst
51-8021.00,1.A.3.c.4,Gross Body Equilibrium,LV,2.0,8,0.0,2.0,2.0,N,N,08/2023,Analyst
51-8021.00,1.A.4.a.1,Near Vision,IM,3.88,8,0.125,3.63,4.12,N,,08/2023,Analyst
51-8021.00,1.A.4.a.1,Near Vision,LV,3.62,8,0.183,3.2664,3.9836,N,N,08/2023,Analyst
51-8021.00,1.A.4.a.2,Far Vision,IM,3.0,8,0.0,3.0,3.0,N,,08/2023,Analyst
51-8021.00,1.A.4.a.2,Far Vision,LV,3.0,8,0.0,3.0,3.0,N,N,08/2023,Analyst
51-8021.00,1.A.4.a.3,Visual Color Discrimination,IM,2.75,8,0.1637,2.4292,3.0708,N,,08/2023,Analyst
51-8021.00,1.A.4.a.3,Visual Color Discrimination,LV,2.88,8,0.125,2.63,3.12,N,N,08/2023,Analyst
51-8021.00,1.A.4.a.4,Night Vision,IM,1.5,8,0.189,1.1296,1.8704,N,,08/2023,Analyst
51-8021.00,1.A.4.a.4,Night Vision,LV,0.5,8,0.189,0.1296,0.8704,N,N,08/2023,Analyst
51-8021.00,1.A.4.a.5,Peripheral Vision,IM,2.12,8,0.125,1.88,2.37,N,,08/2023,Analyst
51-8021.00,1.A.4.a.5,Peripheral Vision,LV,1.5,8,0.189,1.1296,1.8704,N,N,08/2023,Analyst
51-8021.00,1.A.4.a.6,Depth Perception,IM,2.38,8,0.183,2.0164,2.7336,N,,08/2023,Analyst
51-8021.00,1.A.4.a.6,Depth Perception,LV,2.5,8,0.189,2.1296,2.8704,N,N,08/2023,Analyst
51-8021.00,1.A.4.a.7,Glare Sensitivity,IM,2.0,8,0.0,2.0,2.0,N,,08/2023,Analyst
51-8021.00,1.A.4.a.7,Glare Sensitivity,LV,1.75,8,0.1637,1.4292,2.0708,N,N,08/2023,Analyst
51-8021.00,1.A.4.b.1,Hearing Sensitivity,IM,2.88,8,0.2266,2.4309,3.3191,N,,08/2023,Analyst
51-8021.00,1.A.4.b.1,Hearing Sensitivity,LV,2.75,8,0.25,2.26,3.24,N,N,08/2023,Analyst
51-8021.00,1.A.4.b.2,Auditory Attention,IM,3.12,8,0.125,2.88,3.37,N,,08/2023,Analyst
51-8021.00,1.A.4.b.2,Auditory Attention,LV,3.25,8,0.25,2.76,3.74,N,N,08/2023,Analyst
51-8021.00,1.A.4.b.3,Sound Localization,IM,2.0,8,0.0,2.0,2.0,N,,08/2023,Analyst
51-8021.00,1.A.4.b.3,Sound Localization,LV,1.88,8,0.125,1.63,2.12,N,N,08/2023,Analyst
51-8021.00,1.A.4.b.4,Speech Recognition,IM,3.0,8,0.0,3.0,3.0,N,,08/2023,Analyst
51-8021.00,1.A.4.b.4,Speech Recognition,LV,2.88,8,0.125,2.63,3.12,N,N,08/2023,Analyst
51-8021.00,1.A.4.b.5,Speech Clarity,IM,3.0,8,0.0,3.0,3.0,N,,08/2023,Analyst
51-8021.00,1.A.4.b.5,Speech Clarity,LV,2.88,8,0.125,2.63,3.12,N,N,08/2023,Analyst
51-8031.00,1.A.1.a.1,Oral Comprehension,IM,3.75,8,0.1637,3.4292,4.0708,N,,08/2018,Analyst
51-8031.00,1.A.1.a.1,Oral Comprehension,LV,4.0,8,0.0,4.0,4.0,N,N,08/2018,Analyst
51-8031.00,1.A.1.a.2,Written Comprehension,IM,3.62,8,0.183,3.2664,3.9836,N,,08/2018,Analyst
51-8031.00,1.A.1.a.2,Written Comprehension,LV,3.5,8,0.189,3.1296,3.8704,N,N,08/2018,Analyst
51-8031.00,1.A.1.a.3,Oral Expression,IM,3.75,8,0.1637,3.4292,4.0708,N,,08/2018,Analyst
51-8031.00,1.A.1.a.3,Oral Expression,LV,3.88,8,0.125,3.63,4.12,N,N,08/2018,Analyst
51-8031.00,1.A.1.a.4,Written Expression,IM,3.12,8,0.125,2.88,3.37,N,,08/2018,Analyst
51-8031.00,1.A.1.a.4,Written Expression,LV,3.12,8,0.125,2.88,3.37,N,N,08/2018,Analyst
51-8031.00,1.A.1.b.1,Fluency of Ideas,IM,2.75,8,0.1637,2.4292,3.0708,N,,08/2018,Analyst
51-8031.00,1.A.1.b.1,Fluency of Ideas,LV,3.0,8,0.0,3.0,3.0,N,N,08/2018,Analyst
51-8031.00,1.A.1.b.2,Originality,IM,2.12,8,0.125,1.88,2.37,N,,08/2018,Analyst
51-8031.00,1.A.1.b.2,Originality,LV,2.5,8,0.189,2.1296,2.8704,N,N,08/2018,Analyst
51-8031.00,1.A.1.b.3,Problem Sensitivity,IM,3.38,8,0.183,3.0164,3.7336,N,,08/2018,Analyst
51-8031.00,1.A.1.b.3,Problem Sensitivity,LV,4.0,8,0.189,3.6296,4.3704,N,N,08/2018,Analyst
51-8031.00,1.A.1.b.4,Deductive Reasoning,IM,3.5,8,0.189,3.1296,3.8704,N,,08/2018,Analyst
51-8031.00,1.A.1.b.4,Deductive Reasoning,LV,3.38,8,0.183,3.0164,3.7336,N,N,08/2018,Analyst
51-8031.00,1.A.1.b.5,Inductive Reasoning,IM,3.25,8,0.1637,2.9292,3.5708,N,,08/2018,Analyst
51-8031.00,1.A.1.b.5,Inductive Reasoning,LV,3.25,8,0.1637,2.9292,3.5708,N,N,08/2018,Analyst
51-8031.00,1.A.1.b.6,Information Ordering,IM,3.12,8,0.125,2.88,3.37,N,,08/2018,Analyst
51-8031.00,1.A.1.b.6,Information Ordering,LV,3.12,8,0.125,2.88,3.37,N,N,08/2018,Analyst
51-8031.00,1.A.1.b.7,Category Flexibility,IM,2.88,8,0.125,2.63,3.12,N,,08/2018,Analyst
51-8031.00,1.A.1.b.7,Category Flexibility,LV,3.12,8,0.125,2.88,3.37,N,N,08/2018,Analyst
51-8031.00,1.A.1.c.1,Mathematical Reasoning,IM,2.75,8,0.1637,2.4292,3.0708,N,,08/2018,Analyst
51-8031.00,1.A.1.c.1,Mathematical Reasoning,LV,3.0,8,0.0,3.0,3.0,N,N,08/2018,Analyst
51-8031.00,1.A.1.c.2,Number Facility,IM,2.88,8,0.2266,2.4309,3.3191,N,,08/2018,Analyst
51-8031.00,1.A.1.c.2,Number Facility,LV,2.75,8,0.1637,2.4292,3.0708,N,N,08/2018,Analyst
51-8031.00,1.A.1.d.1,Memorization,IM,2.12,8,0.125,1.88,2.37,N,,08/2018,Analyst
51-8031.00,1.A.1.d.1,Memorization,LV,2.25,8,0.1637,1.9292,2.5708,N,N,08/2018,Analyst
51-8031.00,1.A.1.e.1,Speed of Closure,IM,2.25,8,0.1637,1.9292,2.5708,N,,08/2018,Analyst
51-8031.00,1.A.1.e.1,Speed of Closure,LV,2.38,8,0.183,2.0164,2.7336,N,N,08/2018,Analyst
51-8031.00,1.A.1.e.2,Flexibility of Closure,IM,2.88,8,0.125,2.63,3.12,N,,08/2018,Analyst
51-8031.00,1.A.1.e.2,Flexibility of Closure,LV,3.0,8,0.189,2.6296,3.3704,N,N,08/2018,Analyst
51-8031.00,1.A.1.e.3,Perceptual Speed,IM,3.38,8,0.183,3.0164,3.7336,N,,08/2018,Analyst
51-8031.00,1.A.1.e.3,Perceptual Speed,LV,3.25,8,0.1637,2.9292,3.5708,N,N,08/2018,Analyst
51-8031.00,1.A.1.f.1,Spatial Orientation,IM,2.0,8,0.0,2.0,2.0,N,,08/2018,Analyst
51-8031.00,1.A.1.f.1,Spatial Orientation,LV,1.75,8,0.1637,1.4292,2.0708,N,N,08/2018,Analyst
51-8031.00,1.A.1.f.2,Visualization,IM,2.75,8,0.25,2.26,3.24,N,,08/2018,Analyst
51-8031.00,1.A.1.f.2,Visualization,LV,2.88,8,0.2266,2.4309,3.3191,N,N,08/2018,Analyst
51-8031.00,1.A.1.g.1,Selective Attention,IM,3.12,8,0.125,2.88,3.37,N,,08/2018,Analyst
51-8031.00,1.A.1.g.1,Selective Attention,LV,3.12,8,0.125,2.88,3.37,N,N,08/2018,Analyst
51-8031.00,1.A.1.g.2,Time Sharing,IM,2.62,8,0.183,2.2664,2.9836,N,,08/2018,Analyst
51-8031.00,1.A.1.g.2,Time Sharing,LV,2.75,8,0.1637,2.4292,3.0708,N,N,08/2018,Analyst
51-8031.00,1.A.2.a.1,Arm-Hand Steadiness,IM,2.88,8,0.125,2.63,3.12,N,,08/2018,Analyst
51-8031.00,1.A.2.a.1,Arm-Hand Steadiness,LV,3.0,8,0.0,3.0,3.0,N,N,08/2018,Analyst
51-8031.00,1.A.2.a.2,Manual Dexterity,IM,3.0,8,0.0,3.0,3.0,N,,08/2018,Analyst
51-8031.00,1.A.2.a.2,Manual Dexterity,LV,3.0,8,0.0,3.0,3.0,N,N,08/2018,Analyst
51-8031.00,1.A.2.a.3,Finger Dexterity,IM,2.88,8,0.125,2.63,3.12,N,,08/2018,Analyst
51-8031.00,1.A.2.a.3,Finger Dexterity,LV,3.0,8,0.0,3.0,3.0,N,N,08/2018,Analyst
51-8031.00,1.A.2.b.1,Control Precision,IM,3.0,8,0.0,3.0,3.0,N,,08/2018,Analyst
51-8031.00,1.A.2.b.1,Control Precision,LV,3.12,8,0.125,2.88,3.37,N,N,08/2018,Analyst
51-8031.00,1.A.2.b.2,Multilimb Coordination,IM,2.88,8,0.125,2.63,3.12,N,,08/2018,Analyst
51-8031.00,1.A.2.b.2,Multilimb Coordination,LV,3.12,8,0.125,2.88,3.37,N,N,08/2018,Analyst
51-8031.00,1.A.2.b.3,Response Orientation,IM,2.75,8,0.1637,2.4292,3.0708,N,,08/2018,Analyst
51-8031.00,1.A.2.b.3,Response Orientation,LV,3.0,8,0.0,3.0,3.0,N,N,08/2018,Analyst
51-8031.00,1.A.2.b.4,Rate Control,IM,2.62,8,0.183,2.2664,2.9836,N,,08/2018,Analyst
51-8031.00,1.A.2.b.4,Rate Control,LV,2.25,8,0.1637,1.9292,2.5708,N,N,08/2018,Analyst
51-8031.00,1.A.2.c.1,Reaction Time,IM,2.88,8,0.125,2.63,3.12,N,,08/2018,Analyst
51-8031.00,1.A.2.c.1,Reaction Time,LV,3.0,8,0.189,2.6296,3.3704,N,N,08/2018,Analyst
51-8031.00,1.A.2.c.2,Wrist-Finger Speed,IM,2.0,8,0.0,2.0,2.0,N,,08/2018,Analyst
51-8031.00,1.A.2.c.2,Wrist-Finger Speed,LV,2.0,8,0.0,2.0,2.0,N,N,08/2018,Analyst
51-8031.00,1.A.2.c.3,Speed of Limb Movement,IM,1.88,8,0.125,1.63,2.12,N,,08/2018,Analyst
51-8031.00,1.A.2.c.3,Speed of Limb Movement,LV,1.62,8,0.2631,1.1094,2.1406,N,N,08/2018,Analyst
51-8031.00,1.A.3.a.1,Static Strength,IM,2.12,8,0.125,1.88,2.37,N,,08/2018,Analyst
51-8031.00,1.A.3.a.1,Static Strength,LV,2.12,8,0.125,1.88,2.37,N,N,08/2018,Analyst
51-8031.00,1.A.3.a.2,Explosive Strength,IM,1.5,8,0.189,1.1296,1.8704,N,,08/2018,Analyst
51-8031.00,1.A.3.a.2,Explosive Strength,LV,0.62,8,0.2631,0.1094,1.1406,N,N,08/2018,Analyst
51-8031.00,1.A.3.a.3,Dynamic Strength,IM,2.0,8,0.0,2.0,2.0,N,,08/2018,Analyst
51-8031.00,1.A.3.a.3,Dynamic Strength,LV,1.75,8,0.1637,1.4292,2.0708,N,N,08/2018,Analyst
51-8031.00,1.A.3.a.4,Trunk Strength,IM,2.62,8,0.183,2.2664,2.9836,N,,08/2018,Analyst
51-8031.00,1.A.3.a.4,Trunk Strength,LV,2.62,8,0.183,2.2664,2.9836,N,N,08/2018,Analyst
51-8031.00,1.A.3.b.1,Stamina,IM,2.0,8,0.0,2.0,2.0,N,,08/2018,Analyst
51-8031.00,1.A.3.b.1,Stamina,LV,2.0,8,0.0,2.0,2.0,N,N,08/2018,Analyst
51-8031.00,1.A.3.c.1,Extent Flexibility,IM,2.62,8,0.183,2.2664,2.9836,N,,08/2018,Analyst
51-8031.00,1.A.3.c.1,Extent Flexibility,LV,2.75,8,0.1637,2.4292,3.0708,N,N,08/2018,Analyst
51-8031.00,1.A.3.c.2,Dynamic Flexibility,IM,1.0,8,0.0,1.0,1.0,N,,08/2018,Analyst
51-8031.00,1.A.3.c.2,Dynamic Flexibility,LV,0.0,8,0.0,0.0,0.0,N,Y,08/2018,Analyst
51-8031.00,1.A.3.c.3,Gross Body Coordination,IM,2.25,8,0.1637,1.9292,2.5708,N,,08/2018,Analyst
51-8031.00,1.A.3.c.3,Gross Body Coordination,LV,2.25,8,0.1637,1.9292,2.5708,N,N,08/2018,Analyst
51-8031.00,1.A.3.c.4,Gross Body Equilibrium,IM,2.25,8,0.1637,1.9292,2.5708,N,,08/2018,Analyst
51-8031.00,1.A.3.c.4,Gross Body Equilibrium,LV,2.25,8,0.1637,1.9292,2.5708,N,N,08/2018,Analyst
51-8031.00,1.A.4.a.1,Near Vision,IM,3.62,8,0.183,3.2664,3.9836,N,,08/2018,Analyst
51-8031.00,1.A.4.a.1,Near Vision,LV,3.62,8,0.183,3.2664,3.9836,N,N,08/2018,Analyst
51-8031.00,1.A.4.a.2,Far Vision,IM,3.0,8,0.0,3.0,3.0,N,,08/2018,Analyst
51-8031.00,1.A.4.a.2,Far Vision,LV,3.0,8,0.0,3.0,3.0,N,N,08/2018,Analyst
51-8031.00,1.A.4.a.3,Visual Color Discrimination,IM,2.88,8,0.125,2.63,3.12,N,,08/2018,Analyst
51-8031.00,1.A.4.a.3,Visual Color Discrimination,LV,2.88,8,0.125,2.63,3.12,N,N,08/2018,Analyst
51-8031.00,1.A.4.a.4,Night Vision,IM,1.75,8,0.1637,1.4292,2.0708,N,,08/2018,Analyst
51-8031.00,1.A.4.a.4,Night Vision,LV,0.88,8,0.2266,0.4309,1.3191,N,N,08/2018,Analyst
51-8031.00,1.A.4.a.5,Peripheral Vision,IM,1.75,8,0.1637,1.4292,2.0708,N,,08/2018,Analyst
51-8031.00,1.A.4.a.5,Peripheral Vision,LV,0.88,8,0.2266,0.4309,1.3191,N,N,08/2018,Analyst
51-8031.00,1.A.4.a.6,Depth Perception,IM,2.88,8,0.125,2.63,3.12,N,,08/2018,Analyst
51-8031.00,1.A.4.a.6,Depth Perception,LV,3.0,8,0.0,3.0,3.0,N,N,08/2018,Analyst
51-8031.00,1.A.4.a.7,Glare Sensitivity,IM,1.88,8,0.125,1.63,2.12,N,,08/2018,Analyst
51-8031.00,1.A.4.a.7,Glare Sensitivity,LV,1.62,8,0.2631,1.1094,2.1406,N,N,08/2018,Analyst
51-8031.00,1.A.4.b.1,Hearing Sensitivity,IM,2.5,8,0.189,2.1296,2.8704,N,,08/2018,Analyst
51-8031.00,1.A.4.b.1,Hearing Sensitivity,LV,2.12,8,0.125,1.88,2.37,N,N,08/2018,Analyst
51-8031.00,1.A.4.b.2,Auditory Attention,IM,2.62,8,0.183,2.2664,2.9836,N,,08/2018,Analyst
51-8031.00,1.A.4.b.2,Auditory Attention,LV,2.5,8,0.189,2.1296,2.8704,N,N,08/2018,Analyst
51-8031.00,1.A.4.b.3,Sound Localization,IM,1.75,8,0.1637,1.4292,2.0708,N,,08/2018,Analyst
51-8031.00,1.A.4.b.3,Sound Localization,LV,1.0,8,0.2673,0.4762,1.5238,N,N,08/2018,Analyst
51-8031.00,1.A.4.b.4,Speech Recognition,IM,3.12,8,0.125,2.88,3.37,N,,08/2018,Analyst
51-8031.00,1.A.4.b.4,Speech Recognition,LV,3.0,8,0.0,3.0,3.0,N,N,08/2018,Analyst
51-8031.00,1.A.4.b.5,Speech Clarity,IM,3.12,8,0.125,2.88,3.37,N,,08/2018,Analyst
51-8031.00,1.A.4.b.5,Speech Clarity,LV,3.12,8,0.125,2.88,3.37,N,N,08/2018,Analyst
51-8091.00,1.A.1.a.1,Oral Comprehension,IM,3.62,8,0.2631,3.1094,4.1406,N,,07/2015,Analyst
51-8091.00,1.A.1.a.1,Oral Comprehension,LV,3.75,8,0.1637,3.4292,4.0708,N,N,07/2015,Analyst
51-8091.00,1.A.1.a.2,Written Comprehension,IM,3.25,8,0.1637,2.9292,3.5708,N,,07/2015,Analyst
51-8091.00,1.A.1.a.2,Written Comprehension,LV,3.62,8,0.183,3.2664,3.9836,N,N,07/2015,Analyst
51-8091.00,1.A.1.a.3,Oral Expression,IM,3.62,8,0.183,3.2664,3.9836,N,,07/2015,Analyst
51-8091.00,1.A.1.a.3,Oral Expression,LV,3.88,8,0.125,3.63,4.12,N,N,07/2015,Analyst
51-8091.00,1.A.1.a.4,Written Expression,IM,3.12,8,0.125,2.88,3.37,N,,07/2015,Analyst
51-8091.00,1.A.1.a.4,Written Expression,LV,3.0,8,0.0,3.0,3.0,N,N,07/2015,Analyst
51-8091.00,1.A.1.b.1,Fluency of Ideas,IM,2.38,8,0.183,2.0164,2.7336,N,,07/2015,Analyst
51-8091.00,1.A.1.b.1,Fluency of Ideas,LV,2.12,8,0.125,1.88,2.37,N,N,07/2015,Analyst
51-8091.00,1.A.1.b.2,Originality,IM,2.12,8,0.125,1.88,2.37,N,,07/2015,Analyst
51-8091.00,1.A.1.b.2,Originality,LV,2.12,8,0.125,1.88,2.37,N,N,07/2015,Analyst
51-8091.00,1.A.1.b.3,Problem Sensitivity,IM,3.75,8,0.1637,3.4292,4.0708,N,,07/2015,Analyst
51-8091.00,1.A.1.b.3,Problem Sensitivity,LV,3.75,8,0.1637,3.4292,4.0708,N,N,07/2015,Analyst
51-8091.00,1.A.1.b.4,Deductive Reasoning,IM,3.62,8,0.183,3.2664,3.9836,N,,07/2015,Analyst
51-8091.00,1.A.1.b.4,Deductive Reasoning,LV,3.75,8,0.1637,3.4292,4.0708,N,N,07/2015,Analyst
51-8091.00,1.A.1.b.5,Inductive Reasoning,IM,3.12,8,0.125,2.88,3.37,N,,07/2015,Analyst
51-8091.00,1.A.1.b.5,Inductive Reasoning,LV,3.62,8,0.183,3.2664,3.9836,N,N,07/2015,Analyst
51-8091.00,1.A.1.b.6,Information Ordering,IM,3.5,8,0.189,3.1296,3.8704,N,,07/2015,Analyst
51-8091.00,1.A.1.b.6,Information Ordering,LV,3.62,8,0.183,3.2664,3.9836,N,N,07/2015,Analyst
51-8091.00,1.A.1.b.7,Category Flexibility,IM,3.0,8,0.0,3.0,3.0,N,,07/2015,Analyst
51-8091.00,1.A.1.b.7,Category Flexibility,LV,3.0,8,0.0,3.0,3.0,N,N,07/2015,Analyst
51-8091.00,1.A.1.c.1,Mathematical Reasoning,IM,2.75,8,0.1637,2.4292,3.0708,N,,07/2015,Analyst
51-8091.00,1.A.1.c.1,Mathematical Reasoning,LV,2.62,8,0.183,2.2664,2.9836,N,N,07/2015,Analyst
51-8091.00,1.A.1.c.2,Number Facility,IM,2.88,8,0.125,2.63,3.12,N,,07/2015,Analyst
51-8091.00,1.A.1.c.2,Number Facility,LV,2.88,8,0.125,2.63,3.12,N,N,07/2015,Analyst
51-8091.00,1.A.1.d.1,Memorization,IM,2.62,8,0.183,2.2664,2.9836,N,,07/2015,Analyst
51-8091.00,1.A.1.d.1,Memorization,LV,2.62,8,0.183,2.2664,2.9836,N,N,07/2015,Analyst
51-8091.00,1.A.1.e.1,Speed of Closure,IM,2.88,8,0.125,2.63,3.12,N,,07/2015,Analyst
51-8091.00,1.A.1.e.1,Speed of Closure,LV,3.0,8,0.189,2.6296,3.3704,N,N,07/2015,Analyst
51-8091.00,1.A.1.e.2,Flexibility of Closure,IM,3.12,8,0.2266,2.6809,3.5691,N,,07/2015,Analyst
51-8091.00,1.A.1.e.2,Flexibility of Closure,LV,3.0,8,0.0,3.0,3.0,N,N,07/2015,Analyst
51-8091.00,1.A.1.e.3,Perceptual Speed,IM,3.5,8,0.2673,2.9762,4.0238,N,,07/2015,Analyst
51-8091.00,1.A.1.e.3,Perceptual Speed,LV,3.62,8,0.2631,3.1094,4.1406,N,N,07/2015,Analyst
51-8091.00,1.A.1.f.1,Spatial Orientation,IM,1.62,8,0.183,1.2664,1.9836,N,,07/2015,Analyst
51-8091.00,1.A.1.f.1,Spatial Orientation,LV,1.12,8,0.3504,0.4383,1.8117,N,N,07/2015,Analyst
51-8091.00,1.A.1.f.2,Visualization,IM,2.75,8,0.1637,2.4292,3.0708,N,,07/2015,Analyst
51-8091.00,1.A.1.f.2,Visualization,LV,2.88,8,0.125,2.63,3.12,N,N,07/2015,Analyst
51-8091.00,1.A.1.g.1,Selective Attention,IM,3.75,8,0.1637,3.4292,4.0708,N,,07/2015,Analyst
51-8091.00,1.A.1.g.1,Selective Attention,LV,3.75,8,0.1637,3.4292,4.0708,N,N,07/2015,Analyst
51-8091.00,1.A.1.g.2,Time Sharing,IM,2.88,8,0.125,2.63,3.12,N,,07/2015,Analyst
51-8091.00,1.A.1.g.2,Time Sharing,LV,2.88,8,0.125,2.63,3.12,N,N,07/2015,Analyst
51-8091.00,1.A.2.a.1,Arm-Hand Steadiness,IM,3.38,8,0.183,3.0164,3.7336,N,,07/2015,Analyst
51-8091.00,1.A.2.a.1,Arm-Hand Steadiness,LV,3.12,8,0.125,2.88,3.37,N,N,07/2015,Analyst
51-8091.00,1.A.2.a.2,Manual Dexterity,IM,3.12,8,0.125,2.88,3.37,N,,07/2015,Analyst
51-8091.00,1.A.2.a.2,Manual Dexterity,LV,3.0,8,0.189,2.6296,3.3704,N,N,07/2015,Analyst
51-8091.00,1.A.2.a.3,Finger Dexterity,IM,3.0,8,0.0,3.0,3.0,N,,07/2015,Analyst
51-8091.00,1.A.2.a.3,Finger Dexterity,LV,3.12,8,0.125,2.88,3.37,N,N,07/2015,Analyst
51-8091.00,1.A.2.b.1,Control Precision,IM,3.5,8,0.189,3.1296,3.8704,N,,07/2015,Analyst
51-8091.00,1.A.2.b.1,Control Precision,LV,3.75,8,0.1637,3.4292,4.0708,N,N,07/2015,Analyst
51-8091.00,1.A.2.b.2,Multilimb Coordination,IM,2.88,8,0.125,2.63,3.12,N,,07/2015,Analyst
51-8091.00,1.A.2.b.2,Multilimb Coordination,LV,2.88,8,0.125,2.63,3.12,N,N,07/2015,Analyst
51-8091.00,1.A.2.b.3,Response Orientation,IM,2.38,8,0.3239,1.7402,3.0098,N,,07/2015,Analyst
51-8091.00,1.A.2.b.3,Response Orientation,LV,2.12,8,0.4795,1.1852,3.0648,N,N,07/2015,Analyst
51-8091.00,1.A.2.b.4,Rate Control,IM,2.88,8,0.2266,2.4309,3.3191,N,,07/2015,Analyst
51-8091.00,1.A.2.b.4,Rate Control,LV,2.75,8,0.1637,2.4292,3.0708,N,N,07/2015,Analyst
51-8091.00,1.A.2.c.1,Reaction Time,IM,3.25,8,0.25,2.76,3.74,N,,07/2015,Analyst
51-8091.00,1.A.2.c.1,Reaction Time,LV,3.5,8,0.2673,2.9762,4.0238,N,N,07/2015,Analyst
51-8091.00,1.A.2.c.2,Wrist-Finger Speed,IM,2.75,8,0.1637,2.4292,3.0708,N,,07/2015,Analyst
51-8091.00,1.A.2.c.2,Wrist-Finger Speed,LV,2.25,8,0.1637,1.9292,2.5708,N,N,07/2015,Analyst
51-8091.00,1.A.2.c.3,Speed of Limb Movement,IM,1.88,8,0.295,1.2967,2.4533,N,,07/2015,Analyst
51-8091.00,1.A.2.c.3,Speed of Limb Movement,LV,1.25,8,0.366,0.5327,1.9673,N,N,07/2015,Analyst
51-8091.00,1.A.3.a.1,Static Strength,IM,2.62,8,0.183,2.2664,2.9836,N,,07/2015,Analyst
51-8091.00,1.A.3.a.1,Static Strength,LV,2.5,8,0.189,2.1296,2.8704,N,N,07/2015,Analyst
51-8091.00,1.A.3.a.2,Explosive Strength,IM,1.5,8,0.189,1.1296,1.8704,N,,07/2015,Analyst
51-8091.00,1.A.3.a.2,Explosive Strength,LV,1.0,8,0.4226,0.1717,1.8283,N,N,07/2015,Analyst
51-8091.00,1.A.3.a.3,Dynamic Strength,IM,2.0,8,0.0,2.0,2.0,N,,07/2015,Analyst
51-8091.00,1.A.3.a.3,Dynamic Strength,LV,2.12,8,0.125,1.88,2.37,N,N,07/2015,Analyst
51-8091.00,1.A.3.a.4,Trunk Strength,IM,2.75,8,0.1637,2.4292,3.0708,N,,07/2015,Analyst
51-8091.00,1.A.3.a.4,Trunk Strength,LV,2.75,8,0.1637,2.4292,3.0708,N,N,07/2015,Analyst
51-8091.00,1.A.3.b.1,Stamina,IM,2.38,8,0.183,2.0164,2.7336,N,,07/2015,Analyst
51-8091.00,1.A.3.b.1,Stamina,LV,1.88,8,0.125,1.63,2.12,N,N,07/2015,Analyst
51-8091.00,1.A.3.c.1,Extent Flexibility,IM,2.62,8,0.183,2.2664,2.9836,N,,07/2015,Analyst
51-8091.00,1.A.3.c.1,Extent Flexibility,LV,2.75,8,0.1637,2.4292,3.0708,N,N,07/2015,Analyst
51-8091.00,1.A.3.c.2,Dynamic Flexibility,IM,1.0,8,0.0,1.0,1.0,N,,07/2015,Analyst
51-8091.00,1.A.3.c.2,Dynamic Flexibility,LV,0.0,8,0.0,0.0,0.0,N,Y,07/2015,Analyst
51-8091.00,1.A.3.c.3,Gross Body Coordination,IM,2.12,8,0.125,1.88,2.37,N,,07/2015,Analyst
51-8091.00,1.A.3.c.3,Gross Body Coordination,LV,2.0,8,0.0,2.0,2.0,N,N,07/2015,Analyst
51-8091.00,1.A.3.c.4,Gross Body Equilibrium,IM,2.5,8,0.189,2.1296,2.8704,N,,07/2015,Analyst
51-8091.00,1.A.3.c.4,Gross Body Equilibrium,LV,2.25,8,0.1637,1.9292,2.5708,N,N,07/2015,Analyst
51-8091.00,1.A.4.a.1,Near Vision,IM,3.75,8,0.1637,3.4292,4.0708,N,,07/2015,Analyst
51-8091.00,1.A.4.a.1,Near Vision,LV,3.75,8,0.1637,3.4292,4.0708,N,N,07/2015,Analyst
51-8091.00,1.A.4.a.2,Far Vision,IM,3.5,8,0.189,3.1296,3.8704,N,,07/2015,Analyst
51-8091.00,1.A.4.a.2,Far Vision,LV,3.5,8,0.189,3.1296,3.8704,N,N,07/2015,Analyst
51-8091.00,1.A.4.a.3,Visual Color Discrimination,IM,3.12,8,0.125,2.88,3.37,N,,07/2015,Analyst
51-8091.00,1.A.4.a.3,Visual Color Discrimination,LV,2.75,8,0.1637,2.4292,3.0708,N,N,07/2015,Analyst
51-8091.00,1.A.4.a.4,Night Vision,IM,1.38,8,0.183,1.0164,1.7336,N,,07/2015,Analyst
51-8091.00,1.A.4.a.4,Night Vision,LV,0.62,8,0.375,0.0,1.36,N,N,07/2015,Analyst
51-8091.00,1.A.4.a.5,Peripheral Vision,IM,1.5,8,0.189,1.1296,1.8704,N,,07/2015,Analyst
51-8091.00,1.A.4.a.5,Peripheral Vision,LV,0.75,8,0.3134,0.1358,1.3642,N,N,07/2015,Analyst
51-8091.00,1.A.4.a.6,Depth Perception,IM,2.5,8,0.189,2.1296,2.8704,N,,07/2015,Analyst
51-8091.00,1.A.4.a.6,Depth Perception,LV,2.12,8,0.2266,1.6809,2.5691,N,N,07/2015,Analyst
51-8091.00,1.A.4.a.7,Glare Sensitivity,IM,2.0,8,0.0,2.0,2.0,N,,07/2015,Analyst
51-8091.00,1.A.4.a.7,Glare Sensitivity,LV,1.75,8,0.1637,1.4292,2.0708,N,N,07/2015,Analyst
51-8091.00,1.A.4.b.1,Hearing Sensitivity,IM,3.38,8,0.2631,2.8594,3.8906,N,,07/2015,Analyst
51-8091.00,1.A.4.b.1,Hearing Sensitivity,LV,2.75,8,0.25,2.26,3.24,N,N,07/2015,Analyst
51-8091.00,1.A.4.b.2,Auditory Attention,IM,3.25,8,0.25,2.76,3.74,N,,07/2015,Analyst
51-8091.00,1.A.4.b.2,Auditory Attention,LV,3.38,8,0.2631,2.8594,3.8906,N,N,07/2015,Analyst
51-8091.00,1.A.4.b.3,Sound Localization,IM,1.5,8,0.189,1.1296,1.8704,N,,07/2015,Analyst
51-8091.00,1.A.4.b.3,Sound Localization,LV,1.0,8,0.378,0.2592,1.7408,N,N,07/2015,Analyst
51-8091.00,1.A.4.b.4,Speech Recognition,IM,3.12,8,0.125,2.88,3.37,N,,07/2015,Analyst
51-8091.00,1.A.4.b.4,Speech Recognition,LV,3.12,8,0.125,2.88,3.37,N,N,07/2015,Analyst
51-8091.00,1.A.4.b.5,Speech Clarity,IM,3.12,8,0.125,2.88,3.37,N,,07/2015,Analyst
51-8091.00,1.A.4.b.5,Speech Clarity,LV,3.12,8,0.125,2.88,3.37,N,N,07/2015,Analyst
51-8092.00,1.A.1.a.1,Oral Comprehension,IM,3.25,8,0.1637,2.9292,3.5708,N,,08/2023,Analyst
51-8092.00,1.A.1.a.1,Oral Comprehension,LV,3.75,8,0.1637,3.4292,4.0708,N,N,08/2023,Analyst
51-8092.00,1.A.1.a.2,Written Comprehension,IM,3.12,8,0.125,2.88,3.37,N,,08/2023,Analyst
51-8092.00,1.A.1.a.2,Written Comprehension,LV,3.5,8,0.189,3.1296,3.8704,N,N,08/2023,Analyst
51-8092.00,1.A.1.a.3,Oral Expression,IM,3.0,8,0.0,3.0,3.0,N,,08/2023,Analyst
51-8092.00,1.A.1.a.3,Oral Expression,LV,3.62,8,0.183,3.2664,3.9836,N,N,08/2023,Analyst
51-8092.00,1.A.1.a.4,Written Expression,IM,3.12,8,0.125,2.88,3.37,N,,08/2023,Analyst
51-8092.00,1.A.1.a.4,Written Expression,LV,3.0,8,0.0,3.0,3.0,N,N,08/2023,Analyst
51-8092.00,1.A.1.b.1,Fluency of Ideas,IM,2.88,8,0.125,2.63,3.12,N,,08/2023,Analyst
51-8092.00,1.A.1.b.1,Fluency of Ideas,LV,2.5,8,0.189,2.1296,2.8704,N,N,08/2023,Analyst
51-8092.00,1.A.1.b.2,Originality,IM,2.25,8,0.1637,1.9292,2.5708,N,,08/2023,Analyst
51-8092.00,1.A.1.b.2,Originality,LV,2.75,8,0.1637,2.4292,3.0708,N,N,08/2023,Analyst
51-8092.00,1.A.1.b.3,Problem Sensitivity,IM,3.62,8,0.183,3.2664,3.9836,N,,08/2023,Analyst
51-8092.00,1.A.1.b.3,Problem Sensitivity,LV,3.75,8,0.1637,3.4292,4.0708,N,N,08/2023,Analyst
51-8092.00,1.A.1.b.4,Deductive Reasoning,IM,3.25,8,0.1637,2.9292,3.5708,N,,08/2023,Analyst
51-8092.00,1.A.1.b.4,Deductive Reasoning,LV,3.5,8,0.189,3.1296,3.8704,N,N,08/2023,Analyst
51-8092.00,1.A.1.b.5,Inductive Reasoning,IM,3.0,8,0.0,3.0,3.0,N,,08/2023,Analyst
51-8092.00,1.A.1.b.5,Inductive Reasoning,LV,3.25,8,0.1637,2.9292,3.5708,N,N,08/2023,Analyst
51-8092.00,1.A.1.b.6,Information Ordering,IM,3.12,8,0.125,2.88,3.37,N,,08/2023,Analyst
51-8092.00,1.A.1.b.6,Information Ordering,LV,3.25,8,0.1637,2.9292,3.5708,N,N,08/2023,Analyst
51-8092.00,1.A.1.b.7,Category Flexibility,IM,3.0,8,0.0,3.0,3.0,N,,08/2023,Analyst
51-8092.00,1.A.1.b.7,Category Flexibility,LV,2.88,8,0.125,2.63,3.12,N,N,08/2023,Analyst
51-8092.00,1.A.1.c.1,Mathematical Reasoning,IM,2.75,8,0.1637,2.4292,3.0708,N,,08/2023,Analyst
51-8092.00,1.A.1.c.1,Mathematical Reasoning,LV,2.38,8,0.183,2.0164,2.7336,N,N,08/2023,Analyst
51-8092.00,1.A.1.c.2,Number Facility,IM,2.75,8,0.1637,2.4292,3.0708,N,,08/2023,Analyst
51-8092.00,1.A.1.c.2,Number Facility,LV,2.75,8,0.1637,2.4292,3.0708,N,N,08/2023,Analyst
51-8092.00,1.A.1.d.1,Memorization,IM,2.12,8,0.125,1.88,2.37,N,,08/2023,Analyst
51-8092.00,1.A.1.d.1,Memorization,LV,2.25,8,0.1637,1.9292,2.5708,N,N,08/2023,Analyst
51-8092.00,1.A.1.e.1,Speed of Closure,IM,2.62,8,0.183,2.2664,2.9836,N,,08/2023,Analyst
51-8092.00,1.A.1.e.1,Speed of Closure,LV,2.75,8,0.1637,2.4292,3.0708,N,N,08/2023,Analyst
51-8092.00,1.A.1.e.2,Flexibility of Closure,IM,3.25,8,0.1637,2.9292,3.5708,N,,08/2023,Analyst
51-8092.00,1.A.1.e.2,Flexibility of Closure,LV,3.75,8,0.1637,3.4292,4.0708,N,N,08/2023,Analyst
51-8092.00,1.A.1.e.3,Perceptual Speed,IM,3.88,8,0.125,3.63,4.12,N,,08/2023,Analyst
51-8092.00,1.A.1.e.3,Perceptual Speed,LV,3.88,8,0.125,3.63,4.12,N,N,08/2023,Analyst
51-8092.00,1.A.1.f.1,Spatial Orientation,IM,2.12,8,0.125,1.88,2.37,N,,08/2023,Analyst
51-8092.00,1.A.1.f.1,Spatial Orientation,LV,1.88,8,0.125,1.63,2.12,N,N,08/2023,Analyst
51-8092.00,1.A.1.f.2,Visualization,IM,3.0,8,0.0,3.0,3.0,N,,08/2023,Analyst
51-8092.00,1.A.1.f.2,Visualization,LV,3.12,8,0.125,2.88,3.37,N,N,08/2023,Analyst
51-8092.00,1.A.1.g.1,Selective Attention,IM,3.38,8,0.183,3.0164,3.7336,N,,08/2023,Analyst
51-8092.00,1.A.1.g.1,Selective Attention,LV,3.38,8,0.183,3.0164,3.7336,N,N,08/2023,Analyst
51-8092.00,1.A.1.g.2,Time Sharing,IM,3.0,8,0.0,3.0,3.0,N,,08/2023,Analyst
51-8092.00,1.A.1.g.2,Time Sharing,LV,2.88,8,0.125,2.63,3.12,N,N,08/2023,Analyst
51-8092.00,1.A.2.a.1,Arm-Hand Steadiness,IM,3.0,8,0.0,3.0,3.0,N,,08/2023,Analyst
51-8092.00,1.A.2.a.1,Arm-Hand Steadiness,LV,3.0,8,0.0,3.0,3.0,N,N,08/2023,Analyst
51-8092.00,1.A.2.a.2,Manual Dexterity,IM,3.0,8,0.0,3.0,3.0,N,,08/2023,Analyst
51-8092.00,1.A.2.a.2,Manual Dexterity,LV,2.88,8,0.125,2.63,3.12,N,N,08/2023,Analyst
51-8092.00,1.A.2.a.3,Finger Dexterity,IM,3.0,8,0.0,3.0,3.0,N,,08/2023,Analyst
51-8092.00,1.A.2.a.3,Finger Dexterity,LV,3.0,8,0.0,3.0,3.0,N,N,08/2023,Analyst
51-8092.00,1.A.2.b.1,Control Precision,IM,3.0,8,0.0,3.0,3.0,N,,08/2023,Analyst
51-8092.00,1.A.2.b.1,Control Precision,LV,3.5,8,0.189,3.1296,3.8704,N,N,08/2023,Analyst
51-8092.00,1.A.2.b.2,Multilimb Coordination,IM,2.88,8,0.125,2.63,3.12,N,,08/2023,Analyst
51-8092.00,1.A.2.b.2,Multilimb Coordination,LV,3.0,8,0.0,3.0,3.0,N,N,08/2023,Analyst
51-8092.00,1.A.2.b.3,Response Orientation,IM,2.75,8,0.1637,2.4292,3.0708,N,,08/2023,Analyst
51-8092.00,1.A.2.b.3,Response Orientation,LV,2.88,8,0.125,2.63,3.12,N,N,08/2023,Analyst
51-8092.00,1.A.2.b.4,Rate Control,IM,3.0,8,0.0,3.0,3.0,N,,08/2023,Analyst
51-8092.00,1.A.2.b.4,Rate Control,LV,2.75,8,0.1637,2.4292,3.0708,N,N,08/2023,Analyst
51-8092.00,1.A.2.c.1,Reaction Time,IM,3.12,8,0.125,2.88,3.37,N,,08/2023,Analyst
51-8092.00,1.A.2.c.1,Reaction Time,LV,3.75,8,0.1637,3.4292,4.0708,N,N,08/2023,Analyst
51-8092.00,1.A.2.c.2,Wrist-Finger Speed,IM,2.25,8,0.1637,1.9292,2.5708,N,,08/2023,Analyst
51-8092.00,1.A.2.c.2,Wrist-Finger Speed,LV,2.12,8,0.125,1.88,2.37,N,N,08/2023,Analyst
51-8092.00,1.A.2.c.3,Speed of Limb Movement,IM,1.75,8,0.1637,1.4292,2.0708,N,,08/2023,Analyst
51-8092.00,1.A.2.c.3,Speed of Limb Movement,LV,1.25,8,0.3134,0.6358,1.8642,N,N,08/2023,Analyst
51-8092.00,1.A.3.a.1,Static Strength,IM,2.25,8,0.1637,1.9292,2.5708,N,,08/2023,Analyst
51-8092.00,1.A.3.a.1,Static Strength,LV,2.12,8,0.125,1.88,2.37,N,N,08/2023,Analyst
51-8092.00,1.A.3.a.2,Explosive Strength,IM,1.5,8,0.189,1.1296,1.8704,N,,08/2023,Analyst
51-8092.00,1.A.3.a.2,Explosive Strength,LV,0.75,8,0.3134,0.1358,1.3642,N,N,08/2023,Analyst
51-8092.00,1.A.3.a.3,Dynamic Strength,IM,2.0,8,0.0,2.0,2.0,N,,08/2023,Analyst
51-8092.00,1.A.3.a.3,Dynamic Strength,LV,1.88,8,0.125,1.63,2.12,N,N,08/2023,Analyst
51-8092.00,1.A.3.a.4,Trunk Strength,IM,2.62,8,0.183,2.2664,2.9836,N,,08/2023,Analyst
51-8092.00,1.A.3.a.4,Trunk Strength,LV,2.5,8,0.189,2.1296,2.8704,N,N,08/2023,Analyst
51-8092.00,1.A.3.b.1,Stamina,IM,2.12,8,0.125,1.88,2.37,N,,08/2023,Analyst
51-8092.00,1.A.3.b.1,Stamina,LV,1.88,8,0.125,1.63,2.12,N,N,08/2023,Analyst
51-8092.00,1.A.3.c.1,Extent Flexibility,IM,2.25,8,0.1637,1.9292,2.5708,N,,08/2023,Analyst
51-8092.00,1.A.3.c.1,Extent Flexibility,LV,2.62,8,0.183,2.2664,2.9836,N,N,08/2023,Analyst
51-8092.00,1.A.3.c.2,Dynamic Flexibility,IM,1.0,8,0.0,1.0,1.0,N,,08/2023,Analyst
51-8092.00,1.A.3.c.2,Dynamic Flexibility,LV,0.0,8,0.0,0.0,0.0,N,Y,08/2023,Analyst
51-8092.00,1.A.3.c.3,Gross Body Coordination,IM,2.0,8,0.0,2.0,2.0,N,,08/2023,Analyst
51-8092.00,1.A.3.c.3,Gross Body Coordination,LV,2.0,8,0.0,2.0,2.0,N,N,08/2023,Analyst
51-8092.00,1.A.3.c.4,Gross Body Equilibrium,IM,2.12,8,0.125,1.88,2.37,N,,08/2023,Analyst
51-8092.00,1.A.3.c.4,Gross Body Equilibrium,LV,2.0,8,0.0,2.0,2.0,N,N,08/2023,Analyst
51-8092.00,1.A.4.a.1,Near Vision,IM,3.75,8,0.1637,3.4292,4.0708,N,,08/2023,Analyst
51-8092.00,1.A.4.a.1,Near Vision,LV,3.38,8,0.183,3.0164,3.7336,N,N,08/2023,Analyst
51-8092.00,1.A.4.a.2,Far Vision,IM,3.25,8,0.1637,2.9292,3.5708,N,,08/2023,Analyst
51-8092.00,1.A.4.a.2,Far Vision,LV,3.38,8,0.183,3.0164,3.7336,N,N,08/2023,Analyst
51-8092.00,1.A.4.a.3,Visual Color Discrimination,IM,3.0,8,0.189,2.6296,3.3704,N,,08/2023,Analyst
51-8092.00,1.A.4.a.3,Visual Color Discrimination,LV,3.0,8,0.189,2.6296,3.3704,N,N,08/2023,Analyst
51-8092.00,1.A.4.a.4,Night Vision,IM,2.0,8,0.0,2.0,2.0,N,,08/2023,Analyst
51-8092.00,1.A.4.a.4,Night Vision,LV,1.5,8,0.189,1.1296,1.8704,N,N,08/2023,Analyst
51-8092.00,1.A.4.a.5,Peripheral Vision,IM,2.0,8,0.0,2.0,2.0,N,,08/2023,Analyst
51-8092.00,1.A.4.a.5,Peripheral Vision,LV,1.75,8,0.1637,1.4292,2.0708,N,N,08/2023,Analyst
51-8092.00,1.A.4.a.6,Depth Perception,IM,2.75,8,0.1637,2.4292,3.0708,N,,08/2023,Analyst
51-8092.00,1.A.4.a.6,Depth Perception,LV,2.5,8,0.2673,1.9762,3.0238,N,N,08/2023,Analyst
51-8092.00,1.A.4.a.7,Glare Sensitivity,IM,2.12,8,0.125,1.88,2.37,N,,08/2023,Analyst
51-8092.00,1.A.4.a.7,Glare Sensitivity,LV,2.12,8,0.125,1.88,2.37,N,N,08/2023,Analyst
51-8092.00,1.A.4.b.1,Hearing Sensitivity,IM,3.0,8,0.0,3.0,3.0,N,,08/2023,Analyst
51-8092.00,1.A.4.b.1,Hearing Sensitivity,LV,3.0,8,0.0,3.0,3.0,N,N,08/2023,Analyst
51-8092.00,1.A.4.b.2,Auditory Attention,IM,3.5,8,0.189,3.1296,3.8704,N,,08/2023,Analyst
51-8092.00,1.A.4.b.2,Auditory Attention,LV,3.75,8,0.1637,3.4292,4.0708,N,N,08/2023,Analyst
51-8092.00,1.A.4.b.3,Sound Localization,IM,2.0,8,0.0,2.0,2.0,N,,08/2023,Analyst
51-8092.00,1.A.4.b.3,Sound Localization,LV,1.75,8,0.1637,1.4292,2.0708,N,N,08/2023,Analyst
51-8092.00,1.A.4.b.4,Speech Recognition,IM,3.0,8,0.0,3.0,3.0,N,,08/2023,Analyst
51-8092.00,1.A.4.b.4,Speech Recognition,LV,3.0,8,0.0,3.0,3.0,N,N,08/2023,Analyst
51-8092.00,1.A.4.b.5,Speech Clarity,IM,3.0,8,0.0,3.0,3.0,N,,08/2023,Analyst
51-8092.00,1.A.4.b.5,Speech Clarity,LV,3.0,8,0.0,3.0,3.0,N,N,08/2023,Analyst
51-8093.00,1.A.1.a.1,Oral Comprehension,IM,3.12,8,0.125,2.88,3.37,N,,08/2023,Analyst
51-8093.00,1.A.1.a.1,Oral Comprehension,LV,3.75,8,0.1637,3.4292,4.0708,N,N,08/2023,Analyst
51-8093.00,1.A.1.a.2,Written Comprehension,IM,3.12,8,0.125,2.88,3.37,N,,08/2023,Analyst
51-8093.00,1.A.1.a.2,Written Comprehension,LV,3.38,8,0.183,3.0164,3.7336,N,N,08/2023,Analyst
51-8093.00,1.A.1.a.3,Oral Expression,IM,3.12,8,0.125,2.88,3.37,N,,08/2023,Analyst
51-8093.00,1.A.1.a.3,Oral Expression,LV,3.62,8,0.183,3.2664,3.9836,N,N,08/2023,Analyst
51-8093.00,1.A.1.a.4,Written Expression,IM,3.0,8,0.0,3.0,3.0,N,,08/2023,Analyst
51-8093.00,1.A.1.a.4,Written Expression,LV,3.0,8,0.0,3.0,3.0,N,N,08/2023,Analyst
51-8093.00,1.A.1.b.1,Fluency of Ideas,IM,2.38,8,0.183,2.0164,2.7336,N,,08/2023,Analyst
51-8093.00,1.A.1.b.1,Fluency of Ideas,LV,2.5,8,0.189,2.1296,2.8704,N,N,08/2023,Analyst
51-8093.00,1.A.1.b.2,Originality,IM,2.38,8,0.183,2.0164,2.7336,N,,08/2023,Analyst
51-8093.00,1.A.1.b.2,Originality,LV,2.38,8,0.183,2.0164,2.7336,N,N,08/2023,Analyst
51-8093.00,1.A.1.b.3,Problem Sensitivity,IM,3.62,8,0.183,3.2664,3.9836,N,,08/2023,Analyst
51-8093.00,1.A.1.b.3,Problem Sensitivity,LV,3.62,8,0.183,3.2664,3.9836,N,N,08/2023,Analyst
51-8093.00,1.A.1.b.4,Deductive Reasoning,IM,3.25,8,0.1637,2.9292,3.5708,N,,08/2023,Analyst
51-8093.00,1.A.1.b.4,Deductive Reasoning,LV,3.75,8,0.1637,3.4292,4.0708,N,N,08/2023,Analyst
51-8093.00,1.A.1.b.5,Inductive Reasoning,IM,3.12,8,0.125,2.88,3.37,N,,08/2023,Analyst
51-8093.00,1.A.1.b.5,Inductive Reasoning,LV,3.5,8,0.189,3.1296,3.8704,N,N,08/2023,Analyst
51-8093.00,1.A.1.b.6,Information Ordering,IM,3.75,8,0.1637,3.4292,4.0708,N,,08/2023,Analyst
51-8093.00,1.A.1.b.6,Information Ordering,LV,3.75,8,0.1637,3.4292,4.0708,N,N,08/2023,Analyst
51-8093.00,1.A.1.b.7,Category Flexibility,IM,3.12,8,0.125,2.88,3.37,N,,08/2023,Analyst
51-8093.00,1.A.1.b.7,Category Flexibility,LV,3.12,8,0.125,2.88,3.37,N,N,08/2023,Analyst
51-8093.00,1.A.1.c.1,Mathematical Reasoning,IM,2.88,8,0.125,2.63,3.12,N,,08/2023,Analyst
51-8093.00,1.A.1.c.1,Mathematical Reasoning,LV,2.88,8,0.125,2.63,3.12,N,N,08/2023,Analyst
51-8093.00,1.A.1.c.2,Number Facility,IM,2.75,8,0.1637,2.4292,3.0708,N,,08/2023,Analyst
51-8093.00,1.A.1.c.2,Number Facility,LV,2.75,8,0.1637,2.4292,3.0708,N,N,08/2023,Analyst
51-8093.00,1.A.1.d.1,Memorization,IM,2.62,8,0.183,2.2664,2.9836,N,,08/2023,Analyst
51-8093.00,1.A.1.d.1,Memorization,LV,2.5,8,0.189,2.1296,2.8704,N,N,08/2023,Analyst
51-8093.00,1.A.1.e.1,Speed of Closure,IM,2.75,8,0.1637,2.4292,3.0708,N,,08/2023,Analyst
51-8093.00,1.A.1.e.1,Speed of Closure,LV,2.88,8,0.125,2.63,3.12,N,N,08/2023,Analyst
51-8093.00,1.A.1.e.2,Flexibility of Closure,IM,3.75,8,0.1637,3.4292,4.0708,N,,08/2023,Analyst
51-8093.00,1.A.1.e.2,Flexibility of Closure,LV,3.75,8,0.1637,3.4292,4.0708,N,N,08/2023,Analyst
51-8093.00,1.A.1.e.3,Perceptual Speed,IM,3.75,8,0.1637,3.4292,4.0708,N,,08/2023,Analyst
51-8093.00,1.A.1.e.3,Perceptual Speed,LV,4.0,8,0.0,4.0,4.0,N,N,08/2023,Analyst
51-8093.00,1.A.1.f.1,Spatial Orientation,IM,2.38,8,0.183,2.0164,2.7336,N,,08/2023,Analyst
51-8093.00,1.A.1.f.1,Spatial Orientation,LV,1.88,8,0.125,1.63,2.12,N,N,08/2023,Analyst
51-8093.00,1.A.1.f.2,Visualization,IM,3.0,8,0.0,3.0,3.0,N,,08/2023,Analyst
51-8093.00,1.A.1.f.2,Visualization,LV,3.0,8,0.0,3.0,3.0,N,N,08/2023,Analyst
51-8093.00,1.A.1.g.1,Selective Attention,IM,3.5,8,0.189,3.1296,3.8704,N,,08/2023,Analyst
51-8093.00,1.A.1.g.1,Selective Attention,LV,3.62,8,0.183,3.2664,3.9836,N,N,08/2023,Analyst
51-8093.00,1.A.1.g.2,Time Sharing,IM,2.88,8,0.125,2.63,3.12,N,,08/2023,Analyst
51-8093.00,1.A.1.g.2,Time Sharing,LV,3.0,8,0.0,3.0,3.0,N,N,08/2023,Analyst
51-8093.00,1.A.2.a.1,Arm-Hand Steadiness,IM,3.0,8,0.0,3.0,3.0,N,,08/2023,Analyst
51-8093.00,1.A.2.a.1,Arm-Hand Steadiness,LV,3.0,8,0.0,3.0,3.0,N,N,08/2023,Analyst
51-8093.00,1.A.2.a.2,Manual Dexterity,IM,3.0,8,0.0,3.0,3.0,N,,08/2023,Analyst
51-8093.00,1.A.2.a.2,Manual Dexterity,LV,3.0,8,0.0,3.0,3.0,N,N,08/2023,Analyst
51-8093.00,1.A.2.a.3,Finger Dexterity,IM,3.0,8,0.0,3.0,3.0,N,,08/2023,Analyst
51-8093.00,1.A.2.a.3,Finger Dexterity,LV,2.88,8,0.125,2.63,3.12,N,N,08/2023,Analyst
51-8093.00,1.A.2.b.1,Control Precision,IM,3.12,8,0.125,2.88,3.37,N,,08/2023,Analyst
51-8093.00,1.A.2.b.1,Control Precision,LV,3.0,8,0.0,3.0,3.0,N,N,08/2023,Analyst
51-8093.00,1.A.2.b.2,Multilimb Coordination,IM,3.0,8,0.0,3.0,3.0,N,,08/2023,Analyst
51-8093.00,1.A.2.b.2,Multilimb Coordination,LV,2.88,8,0.125,2.63,3.12,N,N,08/2023,Analyst
51-8093.00,1.A.2.b.3,Response Orientation,IM,2.5,8,0.189,2.1296,2.8704,N,,08/2023,Analyst
51-8093.00,1.A.2.b.3,Response Orientation,LV,2.62,8,0.2631,2.1094,3.1406,N,N,08/2023,Analyst
51-8093.00,1.A.2.b.4,Rate Control,IM,2.88,8,0.125,2.63,3.12,N,,08/2023,Analyst
51-8093.00,1.A.2.b.4,Rate Control,LV,2.88,8,0.125,2.63,3.12,N,N,08/2023,Analyst
51-8093.00,1.A.2.c.1,Reaction Time,IM,3.0,8,0.0,3.0,3.0,N,,08/2023,Analyst
51-8093.00,1.A.2.c.1,Reaction Time,LV,3.62,8,0.183,3.2664,3.9836,N,N,08/2023,Analyst
51-8093.00,1.A.2.c.2,Wrist-Finger Speed,IM,2.62,8,0.183,2.2664,2.9836,N,,08/2023,Analyst
51-8093.00,1.A.2.c.2,Wrist-Finger Speed,LV,2.38,8,0.183,2.0164,2.7336,N,N,08/2023,Analyst
51-8093.00,1.A.2.c.3,Speed of Limb Movement,IM,1.88,8,0.125,1.63,2.12,N,,08/2023,Analyst
51-8093.00,1.A.2.c.3,Speed of Limb Movement,LV,1.62,8,0.2631,1.1094,2.1406,N,N,08/2023,Analyst
51-8093.00,1.A.3.a.1,Static Strength,IM,2.62,8,0.183,2.2664,2.9836,N,,08/2023,Analyst
51-8093.00,1.A.3.a.1,Static Strength,LV,2.62,8,0.183,2.2664,2.9836,N,N,08/2023,Analyst
51-8093.00,1.A.3.a.2,Explosive Strength,IM,1.62,8,0.2631,1.1094,2.1406,N,,08/2023,Analyst
51-8093.00,1.A.3.a.2,Explosive Strength,LV,1.0,8,0.4226,0.1717,1.8283,N,N,08/2023,Analyst
51-8093.00,1.A.3.a.3,Dynamic Strength,IM,2.0,8,0.0,2.0,2.0,N,,08/2023,Analyst
51-8093.00,1.A.3.a.3,Dynamic Strength,LV,2.12,8,0.125,1.88,2.37,N,N,08/2023,Analyst
51-8093.00,1.A.3.a.4,Trunk Strength,IM,2.75,8,0.1637,2.4292,3.0708,N,,08/2023,Analyst
51-8093.00,1.A.3.a.4,Trunk Strength,LV,2.75,8,0.1637,2.4292,3.0708,N,N,08/2023,Analyst
51-8093.00,1.A.3.b.1,Stamina,IM,2.38,8,0.183,2.0164,2.7336,N,,08/2023,Analyst
51-8093.00,1.A.3.b.1,Stamina,LV,2.0,8,0.0,2.0,2.0,N,N,08/2023,Analyst
51-8093.00,1.A.3.c.1,Extent Flexibility,IM,2.88,8,0.125,2.63,3.12,N,,08/2023,Analyst
51-8093.00,1.A.3.c.1,Extent Flexibility,LV,3.0,8,0.0,3.0,3.0,N,N,08/2023,Analyst
51-8093.00,1.A.3.c.2,Dynamic Flexibility,IM,1.0,8,0.0,1.0,1.0,N,,08/2023,Analyst
51-8093.00,1.A.3.c.2,Dynamic Flexibility,LV,0.0,8,0.0,0.0,0.0,N,Y,08/2023,Analyst
51-8093.00,1.A.3.c.3,Gross Body Coordination,IM,2.38,8,0.183,2.0164,2.7336,N,,08/2023,Analyst
51-8093.00,1.A.3.c.3,Gross Body Coordination,LV,2.38,8,0.183,2.0164,2.7336,N,N,08/2023,Analyst
51-8093.00,1.A.3.c.4,Gross Body Equilibrium,IM,2.75,8,0.1637,2.4292,3.0708,N,,08/2023,Analyst
51-8093.00,1.A.3.c.4,Gross Body Equilibrium,LV,2.75,8,0.1637,2.4292,3.0708,N,N,08/2023,Analyst
51-8093.00,1.A.4.a.1,Near Vision,IM,3.75,8,0.1637,3.4292,4.0708,N,,08/2023,Analyst
51-8093.00,1.A.4.a.1,Near Vision,LV,3.5,8,0.189,3.1296,3.8704,N,N,08/2023,Analyst
51-8093.00,1.A.4.a.2,Far Vision,IM,3.0,8,0.0,3.0,3.0,N,,08/2023,Analyst
51-8093.00,1.A.4.a.2,Far Vision,LV,3.38,8,0.183,3.0164,3.7336,N,N,08/2023,Analyst
51-8093.00,1.A.4.a.3,Visual Color Discrimination,IM,3.0,8,0.0,3.0,3.0,N,,08/2023,Analyst
51-8093.00,1.A.4.a.3,Visual Color Discrimination,LV,3.0,8,0.0,3.0,3.0,N,N,08/2023,Analyst
51-8093.00,1.A.4.a.4,Night Vision,IM,2.0,8,0.0,2.0,2.0,N,,08/2023,Analyst
51-8093.00,1.A.4.a.4,Night Vision,LV,1.12,8,0.125,0.88,1.37,N,N,08/2023,Analyst
51-8093.00,1.A.4.a.5,Peripheral Vision,IM,2.0,8,0.0,2.0,2.0,N,,08/2023,Analyst
51-8093.00,1.A.4.a.5,Peripheral Vision,LV,1.62,8,0.183,1.2664,1.9836,N,N,08/2023,Analyst
51-8093.00,1.A.4.a.6,Depth Perception,IM,2.75,8,0.1637,2.4292,3.0708,N,,08/2023,Analyst
51-8093.00,1.A.4.a.6,Depth Perception,LV,2.38,8,0.183,2.0164,2.7336,N,N,08/2023,Analyst
51-8093.00,1.A.4.a.7,Glare Sensitivity,IM,2.12,8,0.125,1.88,2.37,N,,08/2023,Analyst
51-8093.00,1.A.4.a.7,Glare Sensitivity,LV,2.12,8,0.125,1.88,2.37,N,N,08/2023,Analyst
51-8093.00,1.A.4.b.1,Hearing Sensitivity,IM,3.38,8,0.183,3.0164,3.7336,N,,08/2023,Analyst
51-8093.00,1.A.4.b.1,Hearing Sensitivity,LV,3.0,8,0.0,3.0,3.0,N,N,08/2023,Analyst
51-8093.00,1.A.4.b.2,Auditory Attention,IM,3.38,8,0.183,3.0164,3.7336,N,,08/2023,Analyst
51-8093.00,1.A.4.b.2,Auditory Attention,LV,3.5,8,0.189,3.1296,3.8704,N,N,08/2023,Analyst
51-8093.00,1.A.4.b.3,Sound Localization,IM,2.0,8,0.0,2.0,2.0,N,,08/2023,Analyst
51-8093.00,1.A.4.b.3,Sound Localization,LV,1.88,8,0.125,1.63,2.12,N,N,08/2023,Analyst
51-8093.00,1.A.4.b.4,Speech Recognition,IM,3.25,8,0.1637,2.9292,3.5708,N,,08/2023,Analyst
51-8093.00,1.A.4.b.4,Speech Recognition,LV,3.0,8,0.0,3.0,3.0,N,N,08/2023,Analyst
51-8093.00,1.A.4.b.5,Speech Clarity,IM,3.0,8,0.0,3.0,3.0,N,,08/2023,Analyst
51-8093.00,1.A.4.b.5,Speech Clarity,LV,3.0,8,0.0,3.0,3.0,N,N,08/2023,Analyst
51-8099.01,1.A.1.a.1,Oral Comprehension,IM,3.5,8,0.189,3.1296,3.8704,N,,07/2016,Analyst
51-8099.01,1.A.1.a.1,Oral Comprehension,LV,3.62,8,0.183,3.2664,3.9836,N,N,07/2016,Analyst
51-8099.01,1.A.1.a.2,Written Comprehension,IM,3.5,8,0.189,3.1296,3.8704,N,,07/2016,Analyst
51-8099.01,1.A.1.a.2,Written Comprehension,LV,3.75,8,0.25,3.26,4.24,N,N,07/2016,Analyst
51-8099.01,1.A.1.a.3,Oral Expression,IM,3.5,8,0.189,3.1296,3.8704,N,,07/2016,Analyst
51-8099.01,1.A.1.a.3,Oral Expression,LV,3.62,8,0.183,3.2664,3.9836,N,N,07/2016,Analyst
51-8099.01,1.A.1.a.4,Written Expression,IM,3.25,8,0.25,2.76,3.74,N,,07/2016,Analyst
51-8099.01,1.A.1.a.4,Written Expression,LV,3.12,8,0.125,2.88,3.37,N,N,07/2016,Analyst
51-8099.01,1.A.1.b.1,Fluency of Ideas,IM,2.75,8,0.25,2.26,3.24,N,,07/2016,Analyst
51-8099.01,1.A.1.b.1,Fluency of Ideas,LV,2.88,8,0.2266,2.4309,3.3191,N,N,07/2016,Analyst
51-8099.01,1.A.1.b.2,Originality,IM,2.5,8,0.189,2.1296,2.8704,N,,07/2016,Analyst
51-8099.01,1.A.1.b.2,Originality,LV,2.75,8,0.25,2.26,3.24,N,N,07/2016,Analyst
51-8099.01,1.A.1.b.3,Problem Sensitivity,IM,3.38,8,0.183,3.0164,3.7336,N,,07/2016,Analyst
51-8099.01,1.A.1.b.3,Problem Sensitivity,LV,3.38,8,0.183,3.0164,3.7336,N,N,07/2016,Analyst
51-8099.01,1.A.1.b.4,Deductive Reasoning,IM,3.38,8,0.183,3.0164,3.7336,N,,07/2016,Analyst
51-8099.01,1.A.1.b.4,Deductive Reasoning,LV,3.12,8,0.125,2.88,3.37,N,N,07/2016,Analyst
51-8099.01,1.A.1.b.5,Inductive Reasoning,IM,3.38,8,0.183,3.0164,3.7336,N,,07/2016,Analyst
51-8099.01,1.A.1.b.5,Inductive Reasoning,LV,3.12,8,0.125,2.88,3.37,N,N,07/2016,Analyst
51-8099.01,1.A.1.b.6,Information Ordering,IM,3.38,8,0.183,3.0164,3.7336,N,,07/2016,Analyst
51-8099.01,1.A.1.b.6,Information Ordering,LV,3.38,8,0.183,3.0164,3.7336,N,N,07/2016,Analyst
51-8099.01,1.A.1.b.7,Category Flexibility,IM,3.12,8,0.2266,2.6809,3.5691,N,,07/2016,Analyst
51-8099.01,1.A.1.b.7,Category Flexibility,LV,3.5,8,0.189,3.1296,3.8704,N,N,07/2016,Analyst
51-8099.01,1.A.1.c.1,Mathematical Reasoning,IM,2.75,8,0.1637,2.4292,3.0708,N,,07/2016,Analyst
51-8099.01,1.A.1.c.1,Mathematical Reasoning,LV,2.88,8,0.125,2.63,3.12,N,N,07/2016,Analyst
51-8099.01,1.A.1.c.2,Number Facility,IM,2.75,8,0.1637,2.4292,3.0708,N,,07/2016,Analyst
51-8099.01,1.A.1.c.2,Number Facility,LV,3.0,8,0.189,2.6296,3.3704,N,N,07/2016,Analyst
51-8099.01,1.A.1.d.1,Memorization,IM,2.5,8,0.189,2.1296,2.8704,N,,07/2016,Analyst
51-8099.01,1.A.1.d.1,Memorization,LV,3.0,8,0.189,2.6296,3.3704,N,N,07/2016,Analyst
51-8099.01,1.A.1.e.1,Speed of Closure,IM,2.62,8,0.183,2.2664,2.9836,N,,07/2016,Analyst
51-8099.01,1.A.1.e.1,Speed of Closure,LV,2.62,8,0.183,2.2664,2.9836,N,N,07/2016,Analyst
51-8099.01,1.A.1.e.2,Flexibility of Closure,IM,3.12,8,0.295,2.5467,3.7033,N,,07/2016,Analyst
51-8099.01,1.A.1.e.2,Flexibility of Closure,LV,3.25,8,0.25,2.76,3.74,N,N,07/2016,Analyst
51-8099.01,1.A.1.e.3,Perceptual Speed,IM,3.38,8,0.183,3.0164,3.7336,N,,07/2016,Analyst
51-8099.01,1.A.1.e.3,Perceptual Speed,LV,3.75,8,0.1637,3.4292,4.0708,N,N,07/2016,Analyst
51-8099.01,1.A.1.f.1,Spatial Orientation,IM,2.38,8,0.183,2.0164,2.7336,N,,07/2016,Analyst
51-8099.01,1.A.1.f.1,Spatial Orientation,LV,2.12,8,0.2266,1.6809,2.5691,N,N,07/2016,Analyst
51-8099.01,1.A.1.f.2,Visualization,IM,3.0,8,0.0,3.0,3.0,N,,07/2016,Analyst
51-8099.01,1.A.1.f.2,Visualization,LV,3.12,8,0.125,2.88,3.37,N,N,07/2016,Analyst
51-8099.01,1.A.1.g.1,Selective Attention,IM,3.38,8,0.2631,2.8594,3.8906,N,,07/2016,Analyst
51-8099.01,1.A.1.g.1,Selective Attention,LV,3.62,8,0.2631,3.1094,4.1406,N,N,07/2016,Analyst
51-8099.01,1.A.1.g.2,Time Sharing,IM,3.12,8,0.2266,2.6809,3.5691,N,,07/2016,Analyst
51-8099.01,1.A.1.g.2,Time Sharing,LV,2.88,8,0.2266,2.4309,3.3191,N,N,07/2016,Analyst
51-8099.01,1.A.2.a.1,Arm-Hand Steadiness,IM,3.38,8,0.183,3.0164,3.7336,N,,07/2016,Analyst
51-8099.01,1.A.2.a.1,Arm-Hand Steadiness,LV,3.25,8,0.25,2.76,3.74,N,N,07/2016,Analyst
51-8099.01,1.A.2.a.2,Manual Dexterity,IM,3.38,8,0.183,3.0164,3.7336,N,,07/2016,Analyst
51-8099.01,1.A.2.a.2,Manual Dexterity,LV,3.25,8,0.25,2.76,3.74,N,N,07/2016,Analyst
51-8099.01,1.A.2.a.3,Finger Dexterity,IM,3.25,8,0.1637,2.9292,3.5708,N,,07/2016,Analyst
51-8099.01,1.A.2.a.3,Finger Dexterity,LV,3.25,8,0.1637,2.9292,3.5708,N,N,07/2016,Analyst
51-8099.01,1.A.2.b.1,Control Precision,IM,3.5,8,0.189,3.1296,3.8704,N,,07/2016,Analyst
51-8099.01,1.A.2.b.1,Control Precision,LV,3.62,8,0.183,3.2664,3.9836,N,N,07/2016,Analyst
51-8099.01,1.A.2.b.2,Multilimb Coordination,IM,3.25,8,0.3134,2.6358,3.8642,N,,07/2016,Analyst
51-8099.01,1.A.2.b.2,Multilimb Coordination,LV,3.38,8,0.183,3.0164,3.7336,N,N,07/2016,Analyst
51-8099.01,1.A.2.b.3,Response Orientation,IM,2.75,8,0.25,2.26,3.24,N,,07/2016,Analyst
51-8099.01,1.A.2.b.3,Response Orientation,LV,2.62,8,0.2631,2.1094,3.1406,N,N,07/2016,Analyst
51-8099.01,1.A.2.b.4,Rate Control,IM,3.12,8,0.2266,2.6809,3.5691,N,,07/2016,Analyst
51-8099.01,1.A.2.b.4,Rate Control,LV,3.25,8,0.25,2.76,3.74,N,N,07/2016,Analyst
51-8099.01,1.A.2.c.1,Reaction Time,IM,3.38,8,0.183,3.0164,3.7336,N,,07/2016,Analyst
51-8099.01,1.A.2.c.1,Reaction Time,LV,3.38,8,0.183,3.0164,3.7336,N,N,07/2016,Analyst
51-8099.01,1.A.2.c.2,Wrist-Finger Speed,IM,2.38,8,0.2631,1.8594,2.8906,N,,07/2016,Analyst
51-8099.01,1.A.2.c.2,Wrist-Finger Speed,LV,2.25,8,0.366,1.5327,2.9673,N,N,07/2016,Analyst
51-8099.01,1.A.2.c.3,Speed of Limb Movement,IM,1.0,8,0.0,1.0,1.0,N,,07/2016,Analyst
51-8099.01,1.A.2.c.3,Speed of Limb Movement,LV,0.0,8,0.0,0.0,0.0,N,Y,07/2016,Analyst
51-8099.01,1.A.3.a.1,Static Strength,IM,2.62,8,0.2631,2.1094,3.1406,N,,07/2016,Analyst
51-8099.01,1.A.3.a.1,Static Strength,LV,2.88,8,0.295,2.2967,3.4533,N,N,07/2016,Analyst
51-8099.01,1.A.3.a.2,Explosive Strength,IM,2.75,8,0.25,2.26,3.24,N,,07/2016,Analyst
51-8099.01,1.A.3.a.2,Explosive Strength,LV,2.62,8,0.183,2.2664,2.9836,N,N,07/2016,Analyst
51-8099.01,1.A.3.a.3,Dynamic Strength,IM,2.62,8,0.183,2.2664,2.9836,N,,07/2016,Analyst
51-8099.01,1.A.3.a.3,Dynamic Strength,LV,2.75,8,0.1637,2.4292,3.0708,N,N,07/2016,Analyst
51-8099.01,1.A.3.a.4,Trunk Strength,IM,3.0,8,0.189,2.6296,3.3704,N,,07/2016,Analyst
51-8099.01,1.A.3.a.4,Trunk Strength,LV,2.88,8,0.295,2.2967,3.4533,N,N,07/2016,Analyst
51-8099.01,1.A.3.b.1,Stamina,IM,2.38,8,0.183,2.0164,2.7336,N,,07/2016,Analyst
51-8099.01,1.A.3.b.1,Stamina,LV,2.38,8,0.375,1.64,3.11,N,N,07/2016,Analyst
51-8099.01,1.A.3.c.1,Extent Flexibility,IM,3.0,8,0.2673,2.4762,3.5238,N,,07/2016,Analyst
51-8099.01,1.A.3.c.1,Extent Flexibility,LV,2.88,8,0.2266,2.4309,3.3191,N,N,07/2016,Analyst
51-8099.01,1.A.3.c.2,Dynamic Flexibility,IM,1.5,8,0.3273,1.0,2.1416,N,,07/2016,Analyst
51-8099.01,1.A.3.c.2,Dynamic Flexibility,LV,0.75,8,0.491,0.0,1.7123,N,Y,07/2016,Analyst
51-8099.01,1.A.3.c.3,Gross Body Coordination,IM,2.62,8,0.183,2.2664,2.9836,N,,07/2016,Analyst
51-8099.01,1.A.3.c.3,Gross Body Coordination,LV,2.5,8,0.189,2.1296,2.8704,N,N,07/2016,Analyst
51-8099.01,1.A.3.c.4,Gross Body Equilibrium,IM,2.75,8,0.1637,2.4292,3.0708,N,,07/2016,Analyst
51-8099.01,1.A.3.c.4,Gross Body Equilibrium,LV,2.38,8,0.2631,1.8594,2.8906,N,N,07/2016,Analyst
51-8099.01,1.A.4.a.1,Near Vision,IM,3.38,8,0.183,3.0164,3.7336,N,,07/2016,Analyst
51-8099.01,1.A.4.a.1,Near Vision,LV,3.75,8,0.1637,3.4292,4.0708,N,N,07/2016,Analyst
51-8099.01,1.A.4.a.2,Far Vision,IM,3.0,8,0.2673,2.4762,3.5238,N,,07/2016,Analyst
51-8099.01,1.A.4.a.2,Far Vision,LV,3.25,8,0.25,2.76,3.74,N,N,07/2016,Analyst
51-8099.01,1.A.4.a.3,Visual Color Discrimination,IM,3.38,8,0.2631,2.8594,3.8906,N,,07/2016,Analyst
51-8099.01,1.A.4.a.3,Visual Color Discrimination,LV,3.38,8,0.183,3.0164,3.7336,N,N,07/2016,Analyst
51-8099.01,1.A.4.a.4,Night Vision,IM,1.88,8,0.2266,1.4309,2.3191,N,,07/2016,Analyst
51-8099.01,1.A.4.a.4,Night Vision,LV,1.5,8,0.378,0.7592,2.2408,N,N,07/2016,Analyst
51-8099.01,1.A.4.a.5,Peripheral Vision,IM,2.12,8,0.3504,1.4383,2.8117,N,,07/2016,Analyst
51-8099.01,1.A.4.a.5,Peripheral Vision,LV,1.75,8,0.491,0.7877,2.7123,N,N,07/2016,Analyst
51-8099.01,1.A.4.a.6,Depth Perception,IM,2.62,8,0.2631,2.1094,3.1406,N,,07/2016,Analyst
51-8099.01,1.A.4.a.6,Depth Perception,LV,2.75,8,0.3134,2.1358,3.3642,N,N,07/2016,Analyst
51-8099.01,1.A.4.a.7,Glare Sensitivity,IM,2.25,8,0.25,1.76,2.74,N,,07/2016,Analyst
51-8099.01,1.A.4.a.7,Glare Sensitivity,LV,2.12,8,0.295,1.5467,2.7033,N,N,07/2016,Analyst
51-8099.01,1.A.4.b.1,Hearing Sensitivity,IM,3.0,8,0.2673,2.4762,3.5238,N,,07/2016,Analyst
51-8099.01,1.A.4.b.1,Hearing Sensitivity,LV,2.88,8,0.2266,2.4309,3.3191,N,N,07/2016,Analyst
51-8099.01,1.A.4.b.2,Auditory Attention,IM,3.12,8,0.2266,2.6809,3.5691,N,,07/2016,Analyst
51-8099.01,1.A.4.b.2,Auditory Attention,LV,3.12,8,0.2266,2.6809,3.5691,N,N,07/2016,Analyst
51-8099.01,1.A.4.b.3,Sound Localization,IM,2.5,8,0.378,1.7592,3.2408,N,,07/2016,Analyst
51-8099.01,1.A.4.b.3,Sound Localization,LV,2.25,8,0.491,1.2877,3.2123,N,N,07/2016,Analyst
51-8099.01,1.A.4.b.4,Speech Recognition,IM,3.5,8,0.189,3.1296,3.8704,N,,07/2016,Analyst
51-8099.01,1.A.4.b.4,Speech Recognition,LV,3.38,8,0.183,3.0164,3.7336,N,N,07/2016,Analyst
51-8099.01,1.A.4.b.5,Speech Clarity,IM,3.38,8,0.183,3.0164,3.7336,N,,07/2016,Analyst
51-8099.01,1.A.4.b.5,Speech Clarity,LV,3.12,8,0.125,2.88,3.37,N,N,07/2016,Analyst
51-9011.00,1.A.1.a.1,Oral Comprehension,IM,3.75,8,0.1637,3.4292,4.0708,N,,07/2015,Analyst
51-9011.00,1.A.1.a.1,Oral Comprehension,LV,4.0,8,0.0,4.0,4.0,N,N,07/2015,Analyst
51-9011.00,1.A.1.a.2,Written Comprehension,IM,3.62,8,0.183,3.2664,3.9836,N,,07/2015,Analyst
51-9011.00,1.A.1.a.2,Written Comprehension,LV,3.62,8,0.183,3.2664,3.9836,N,N,07/2015,Analyst
51-9011.00,1.A.1.a.3,Oral Expression,IM,3.75,8,0.1637,3.4292,4.0708,N,,07/2015,Analyst
51-9011.00,1.A.1.a.3,Oral Expression,LV,3.88,8,0.125,3.63,4.12,N,N,07/2015,Analyst
51-9011.00,1.A.1.a.4,Written Expression,IM,3.25,8,0.1637,2.9292,3.5708,N,,07/2015,Analyst
51-9011.00,1.A.1.a.4,Written Expression,LV,3.12,8,0.125,2.88,3.37,N,N,07/2015,Analyst
51-9011.00,1.A.1.b.1,Fluency of Ideas,IM,2.5,8,0.189,2.1296,2.8704,N,,07/2015,Analyst
51-9011.00,1.A.1.b.1,Fluency of Ideas,LV,2.5,8,0.189,2.1296,2.8704,N,N,07/2015,Analyst
51-9011.00,1.A.1.b.2,Originality,IM,2.25,8,0.1637,1.9292,2.5708,N,,07/2015,Analyst
51-9011.00,1.A.1.b.2,Originality,LV,2.25,8,0.1637,1.9292,2.5708,N,N,07/2015,Analyst
51-9011.00,1.A.1.b.3,Problem Sensitivity,IM,3.75,8,0.1637,3.4292,4.0708,N,,07/2015,Analyst
51-9011.00,1.A.1.b.3,Problem Sensitivity,LV,3.88,8,0.2266,3.4309,4.3191,N,N,07/2015,Analyst
51-9011.00,1.A.1.b.4,Deductive Reasoning,IM,3.25,8,0.1637,2.9292,3.5708,N,,07/2015,Analyst
51-9011.00,1.A.1.b.4,Deductive Reasoning,LV,3.12,8,0.125,2.88,3.37,N,N,07/2015,Analyst
51-9011.00,1.A.1.b.5,Inductive Reasoning,IM,3.12,8,0.125,2.88,3.37,N,,07/2015,Analyst
51-9011.00,1.A.1.b.5,Inductive Reasoning,LV,3.12,8,0.125,2.88,3.37,N,N,07/2015,Analyst
51-9011.00,1.A.1.b.6,Information Ordering,IM,3.38,8,0.183,3.0164,3.7336,N,,07/2015,Analyst
51-9011.00,1.A.1.b.6,Information Ordering,LV,3.5,8,0.189,3.1296,3.8704,N,N,07/2015,Analyst
51-9011.00,1.A.1.b.7,Category Flexibility,IM,3.0,8,0.0,3.0,3.0,N,,07/2015,Analyst
51-9011.00,1.A.1.b.7,Category Flexibility,LV,3.75,8,0.1637,3.4292,4.0708,N,N,07/2015,Analyst
51-9011.00,1.A.1.c.1,Mathematical Reasoning,IM,2.75,8,0.1637,2.4292,3.0708,N,,07/2015,Analyst
51-9011.00,1.A.1.c.1,Mathematical Reasoning,LV,2.12,8,0.125,1.88,2.37,N,N,07/2015,Analyst
51-9011.00,1.A.1.c.2,Number Facility,IM,2.38,8,0.183,2.0164,2.7336,N,,07/2015,Analyst
51-9011.00,1.A.1.c.2,Number Facility,LV,2.5,8,0.189,2.1296,2.8704,N,N,07/2015,Analyst
51-9011.00,1.A.1.d.1,Memorization,IM,2.62,8,0.183,2.2664,2.9836,N,,07/2015,Analyst
51-9011.00,1.A.1.d.1,Memorization,LV,2.25,8,0.1637,1.9292,2.5708,N,N,07/2015,Analyst
51-9011.00,1.A.1.e.1,Speed of Closure,IM,2.62,8,0.183,2.2664,2.9836,N,,07/2015,Analyst
51-9011.00,1.A.1.e.1,Speed of Closure,LV,2.75,8,0.1637,2.4292,3.0708,N,N,07/2015,Analyst
51-9011.00,1.A.1.e.2,Flexibility of Closure,IM,3.12,8,0.125,2.88,3.37,N,,07/2015,Analyst
51-9011.00,1.A.1.e.2,Flexibility of Closure,LV,3.12,8,0.125,2.88,3.37,N,N,07/2015,Analyst
51-9011.00,1.A.1.e.3,Perceptual Speed,IM,3.5,8,0.189,3.1296,3.8704,N,,07/2015,Analyst
51-9011.00,1.A.1.e.3,Perceptual Speed,LV,3.88,8,0.125,3.63,4.12,N,N,07/2015,Analyst
51-9011.00,1.A.1.f.1,Spatial Orientation,IM,2.12,8,0.125,1.88,2.37,N,,07/2015,Analyst
51-9011.00,1.A.1.f.1,Spatial Orientation,LV,1.75,8,0.1637,1.4292,2.0708,N,N,07/2015,Analyst
51-9011.00,1.A.1.f.2,Visualization,IM,3.0,8,0.0,3.0,3.0,N,,07/2015,Analyst
51-9011.00,1.A.1.f.2,Visualization,LV,3.12,8,0.125,2.88,3.37,N,N,07/2015,Analyst
51-9011.00,1.A.1.g.1,Selective Attention,IM,3.12,8,0.125,2.88,3.37,N,,07/2015,Analyst
51-9011.00,1.A.1.g.1,Selective Attention,LV,3.5,8,0.189,3.1296,3.8704,N,N,07/2015,Analyst
51-9011.00,1.A.1.g.2,Time Sharing,IM,2.88,8,0.125,2.63,3.12,N,,07/2015,Analyst
51-9011.00,1.A.1.g.2,Time Sharing,LV,2.75,8,0.1637,2.4292,3.0708,N,N,07/2015,Analyst
51-9011.00,1.A.2.a.1,Arm-Hand Steadiness,IM,3.12,8,0.125,2.88,3.37,N,,07/2015,Analyst
51-9011.00,1.A.2.a.1,Arm-Hand Steadiness,LV,3.0,8,0.0,3.0,3.0,N,N,07/2015,Analyst
51-9011.00,1.A.2.a.2,Manual Dexterity,IM,3.25,8,0.1637,2.9292,3.5708,N,,07/2015,Analyst
51-9011.00,1.A.2.a.2,Manual Dexterity,LV,3.0,8,0.0,3.0,3.0,N,N,07/2015,Analyst
51-9011.00,1.A.2.a.3,Finger Dexterity,IM,3.0,8,0.0,3.0,3.0,N,,07/2015,Analyst
51-9011.00,1.A.2.a.3,Finger Dexterity,LV,3.0,8,0.0,3.0,3.0,N,N,07/2015,Analyst
51-9011.00,1.A.2.b.1,Control Precision,IM,3.75,8,0.1637,3.4292,4.0708,N,,07/2015,Analyst
51-9011.00,1.A.2.b.1,Control Precision,LV,3.5,8,0.189,3.1296,3.8704,N,N,07/2015,Analyst
51-9011.00,1.A.2.b.2,Multilimb Coordination,IM,3.38,8,0.183,3.0164,3.7336,N,,07/2015,Analyst
51-9011.00,1.A.2.b.2,Multilimb Coordination,LV,3.5,8,0.2673,2.9762,4.0238,N,N,07/2015,Analyst
51-9011.00,1.A.2.b.3,Response Orientation,IM,2.75,8,0.1637,2.4292,3.0708,N,,07/2015,Analyst
51-9011.00,1.A.2.b.3,Response Orientation,LV,2.88,8,0.125,2.63,3.12,N,N,07/2015,Analyst
51-9011.00,1.A.2.b.4,Rate Control,IM,3.12,8,0.125,2.88,3.37,N,,07/2015,Analyst
51-9011.00,1.A.2.b.4,Rate Control,LV,3.12,8,0.125,2.88,3.37,N,N,07/2015,Analyst
51-9011.00,1.A.2.c.1,Reaction Time,IM,3.25,8,0.1637,2.9292,3.5708,N,,07/2015,Analyst
51-9011.00,1.A.2.c.1,Reaction Time,LV,3.38,8,0.183,3.0164,3.7336,N,N,07/2015,Analyst
51-9011.00,1.A.2.c.2,Wrist-Finger Speed,IM,2.0,8,0.0,2.0,2.0,N,,07/2015,Analyst
51-9011.00,1.A.2.c.2,Wrist-Finger Speed,LV,1.88,8,0.125,1.63,2.12,N,N,07/2015,Analyst
51-9011.00,1.A.2.c.3,Speed of Limb Movement,IM,1.88,8,0.125,1.63,2.12,N,,07/2015,Analyst
51-9011.00,1.A.2.c.3,Speed of Limb Movement,LV,1.75,8,0.25,1.26,2.24,N,N,07/2015,Analyst
51-9011.00,1.A.3.a.1,Static Strength,IM,2.88,8,0.2266,2.4309,3.3191,N,,07/2015,Analyst
51-9011.00,1.A.3.a.1,Static Strength,LV,2.75,8,0.1637,2.4292,3.0708,N,N,07/2015,Analyst
51-9011.00,1.A.3.a.2,Explosive Strength,IM,1.88,8,0.125,1.63,2.12,N,,07/2015,Analyst
51-9011.00,1.A.3.a.2,Explosive Strength,LV,1.0,8,0.189,0.6296,1.3704,N,N,07/2015,Analyst
51-9011.00,1.A.3.a.3,Dynamic Strength,IM,2.12,8,0.125,1.88,2.37,N,,07/2015,Analyst
51-9011.00,1.A.3.a.3,Dynamic Strength,LV,1.88,8,0.125,1.63,2.12,N,N,07/2015,Analyst
51-9011.00,1.A.3.a.4,Trunk Strength,IM,2.88,8,0.2266,2.4309,3.3191,N,,07/2015,Analyst
51-9011.00,1.A.3.a.4,Trunk Strength,LV,2.62,8,0.183,2.2664,2.9836,N,N,07/2015,Analyst
51-9011.00,1.A.3.b.1,Stamina,IM,2.25,8,0.1637,1.9292,2.5708,N,,07/2015,Analyst
51-9011.00,1.A.3.b.1,Stamina,LV,1.88,8,0.125,1.63,2.12,N,N,07/2015,Analyst
51-9011.00,1.A.3.c.1,Extent Flexibility,IM,2.62,8,0.183,2.2664,2.9836,N,,07/2015,Analyst
51-9011.00,1.A.3.c.1,Extent Flexibility,LV,2.75,8,0.1637,2.4292,3.0708,N,N,07/2015,Analyst
51-9011.00,1.A.3.c.2,Dynamic Flexibility,IM,1.25,8,0.1637,1.0,1.5708,N,,07/2015,Analyst
51-9011.00,1.A.3.c.2,Dynamic Flexibility,LV,0.25,8,0.1637,0.0,0.5708,N,Y,07/2015,Analyst
51-9011.00,1.A.3.c.3,Gross Body Coordination,IM,2.12,8,0.125,1.88,2.37,N,,07/2015,Analyst
51-9011.00,1.A.3.c.3,Gross Body Coordination,LV,2.0,8,0.0,2.0,2.0,N,N,07/2015,Analyst
51-9011.00,1.A.3.c.4,Gross Body Equilibrium,IM,2.5,8,0.189,2.1296,2.8704,N,,07/2015,Analyst
51-9011.00,1.A.3.c.4,Gross Body Equilibrium,LV,2.25,8,0.1637,1.9292,2.5708,N,N,07/2015,Analyst
51-9011.00,1.A.4.a.1,Near Vision,IM,3.75,8,0.1637,3.4292,4.0708,N,,07/2015,Analyst
51-9011.00,1.A.4.a.1,Near Vision,LV,3.62,8,0.183,3.2664,3.9836,N,N,07/2015,Analyst
51-9011.00,1.A.4.a.2,Far Vision,IM,3.38,8,0.183,3.0164,3.7336,N,,07/2015,Analyst
51-9011.00,1.A.4.a.2,Far Vision,LV,3.12,8,0.125,2.88,3.37,N,N,07/2015,Analyst
51-9011.00,1.A.4.a.3,Visual Color Discrimination,IM,3.0,8,0.0,3.0,3.0,N,,07/2015,Analyst
51-9011.00,1.A.4.a.3,Visual Color Discrimination,LV,2.88,8,0.125,2.63,3.12,N,N,07/2015,Analyst
51-9011.00,1.A.4.a.4,Night Vision,IM,1.75,8,0.1637,1.4292,2.0708,N,,07/2015,Analyst
51-9011.00,1.A.4.a.4,Night Vision,LV,0.88,8,0.2266,0.4309,1.3191,N,N,07/2015,Analyst
51-9011.00,1.A.4.a.5,Peripheral Vision,IM,2.0,8,0.0,2.0,2.0,N,,07/2015,Analyst
51-9011.00,1.A.4.a.5,Peripheral Vision,LV,1.38,8,0.183,1.0164,1.7336,N,N,07/2015,Analyst
51-9011.00,1.A.4.a.6,Depth Perception,IM,2.75,8,0.1637,2.4292,3.0708,N,,07/2015,Analyst
51-9011.00,1.A.4.a.6,Depth Perception,LV,3.0,8,0.0,3.0,3.0,N,N,07/2015,Analyst
51-9011.00,1.A.4.a.7,Glare Sensitivity,IM,2.0,8,0.189,1.6296,2.3704,N,,07/2015,Analyst
51-9011.00,1.A.4.a.7,Glare Sensitivity,LV,1.62,8,0.2631,1.1094,2.1406,N,N,07/2015,Analyst
51-9011.00,1.A.4.b.1,Hearing Sensitivity,IM,2.62,8,0.183,2.2664,2.9836,N,,07/2015,Analyst
51-9011.00,1.A.4.b.1,Hearing Sensitivity,LV,2.5,8,0.189,2.1296,2.8704,N,N,07/2015,Analyst
51-9011.00,1.A.4.b.2,Auditory Attention,IM,3.0,8,0.189,2.6296,3.3704,N,,07/2015,Analyst
51-9011.00,1.A.4.b.2,Auditory Attention,LV,3.25,8,0.1637,2.9292,3.5708,N,N,07/2015,Analyst
51-9011.00,1.A.4.b.3,Sound Localization,IM,1.75,8,0.1637,1.4292,2.0708,N,,07/2015,Analyst
51-9011.00,1.A.4.b.3,Sound Localization,LV,0.88,8,0.2266,0.4309,1.3191,N,N,07/2015,Analyst
51-9011.00,1.A.4.b.4,Speech Recognition,IM,3.12,8,0.125,2.88,3.37,N,,07/2015,Analyst
51-9011.00,1.A.4.b.4,Speech Recognition,LV,2.88,8,0.125,2.63,3.12,N,N,07/2015,Analyst
51-9011.00,1.A.4.b.5,Speech Clarity,IM,3.12,8,0.125,2.88,3.37,N,,07/2015,Analyst
51-9011.00,1.A.4.b.5,Speech Clarity,LV,2.88,8,0.125,2.63,3.12,N,N,07/2015,Analyst
51-9012.00,1.A.1.a.1,Oral Comprehension,IM,3.12,8,0.125,2.88,3.37,N,,07/2015,Analyst
51-9012.00,1.A.1.a.1,Oral Comprehension,LV,3.5,8,0.189,3.1296,3.8704,N,N,07/2015,Analyst
51-9012.00,1.A.1.a.2,Written Comprehension,IM,2.88,8,0.125,2.63,3.12,N,,07/2015,Analyst
51-9012.00,1.A.1.a.2,Written Comprehension,LV,2.88,8,0.125,2.63,3.12,N,N,07/2015,Analyst
51-9012.00,1.A.1.a.3,Oral Expression,IM,3.0,8,0.189,2.6296,3.3704,N,,07/2015,Analyst
51-9012.00,1.A.1.a.3,Oral Expression,LV,3.62,8,0.183,3.2664,3.9836,N,N,07/2015,Analyst
51-9012.00,1.A.1.a.4,Written Expression,IM,2.62,8,0.183,2.2664,2.9836,N,,07/2015,Analyst
51-9012.00,1.A.1.a.4,Written Expression,LV,2.88,8,0.125,2.63,3.12,N,N,07/2015,Analyst
51-9012.00,1.A.1.b.1,Fluency of Ideas,IM,2.25,8,0.1637,1.9292,2.5708,N,,07/2015,Analyst
51-9012.00,1.A.1.b.1,Fluency of Ideas,LV,2.25,8,0.1637,1.9292,2.5708,N,N,07/2015,Analyst
51-9012.00,1.A.1.b.2,Originality,IM,2.12,8,0.125,1.88,2.37,N,,07/2015,Analyst
51-9012.00,1.A.1.b.2,Originality,LV,2.12,8,0.125,1.88,2.37,N,N,07/2015,Analyst
51-9012.00,1.A.1.b.3,Problem Sensitivity,IM,3.5,8,0.189,3.1296,3.8704,N,,07/2015,Analyst
51-9012.00,1.A.1.b.3,Problem Sensitivity,LV,3.25,8,0.1637,2.9292,3.5708,N,N,07/2015,Analyst
51-9012.00,1.A.1.b.4,Deductive Reasoning,IM,3.0,8,0.0,3.0,3.0,N,,07/2015,Analyst
51-9012.00,1.A.1.b.4,Deductive Reasoning,LV,3.0,8,0.0,3.0,3.0,N,N,07/2015,Analyst
51-9012.00,1.A.1.b.5,Inductive Reasoning,IM,3.0,8,0.0,3.0,3.0,N,,07/2015,Analyst
51-9012.00,1.A.1.b.5,Inductive Reasoning,LV,3.0,8,0.0,3.0,3.0,N,N,07/2015,Analyst
51-9012.00,1.A.1.b.6,Information Ordering,IM,3.38,8,0.183,3.0164,3.7336,N,,07/2015,Analyst
51-9012.00,1.A.1.b.6,Information Ordering,LV,3.0,8,0.0,3.0,3.0,N,N,07/2015,Analyst
51-9012.00,1.A.1.b.7,Category Flexibility,IM,3.0,8,0.0,3.0,3.0,N,,07/2015,Analyst
51-9012.00,1.A.1.b.7,Category Flexibility,LV,3.0,8,0.0,3.0,3.0,N,N,07/2015,Analyst
51-9012.00,1.A.1.c.1,Mathematical Reasoning,IM,2.62,8,0.183,2.2664,2.9836,N,,07/2015,Analyst
51-9012.00,1.A.1.c.1,Mathematical Reasoning,LV,2.0,8,0.0,2.0,2.0,N,N,07/2015,Analyst
51-9012.00,1.A.1.c.2,Number Facility,IM,2.62,8,0.183,2.2664,2.9836,N,,07/2015,Analyst
51-9012.00,1.A.1.c.2,Number Facility,LV,2.12,8,0.125,1.88,2.37,N,N,07/2015,Analyst
51-9012.00,1.A.1.d.1,Memorization,IM,2.38,8,0.183,2.0164,2.7336,N,,07/2015,Analyst
51-9012.00,1.A.1.d.1,Memorization,LV,2.5,8,0.189,2.1296,2.8704,N,N,07/2015,Analyst
51-9012.00,1.A.1.e.1,Speed of Closure,IM,2.5,8,0.189,2.1296,2.8704,N,,07/2015,Analyst
51-9012.00,1.A.1.e.1,Speed of Closure,LV,2.38,8,0.183,2.0164,2.7336,N,N,07/2015,Analyst
51-9012.00,1.A.1.e.2,Flexibility of Closure,IM,3.12,8,0.125,2.88,3.37,N,,07/2015,Analyst
51-9012.00,1.A.1.e.2,Flexibility of Closure,LV,3.12,8,0.125,2.88,3.37,N,N,07/2015,Analyst
51-9012.00,1.A.1.e.3,Perceptual Speed,IM,3.75,8,0.1637,3.4292,4.0708,N,,07/2015,Analyst
51-9012.00,1.A.1.e.3,Perceptual Speed,LV,3.38,8,0.183,3.0164,3.7336,N,N,07/2015,Analyst
51-9012.00,1.A.1.f.1,Spatial Orientation,IM,2.0,8,0.0,2.0,2.0,N,,07/2015,Analyst
51-9012.00,1.A.1.f.1,Spatial Orientation,LV,1.88,8,0.125,1.63,2.12,N,N,07/2015,Analyst
51-9012.00,1.A.1.f.2,Visualization,IM,3.0,8,0.0,3.0,3.0,N,,07/2015,Analyst
51-9012.00,1.A.1.f.2,Visualization,LV,3.0,8,0.0,3.0,3.0,N,N,07/2015,Analyst
51-9012.00,1.A.1.g.1,Selective Attention,IM,3.12,8,0.125,2.88,3.37,N,,07/2015,Analyst
51-9012.00,1.A.1.g.1,Selective Attention,LV,3.0,8,0.0,3.0,3.0,N,N,07/2015,Analyst
51-9012.00,1.A.1.g.2,Time Sharing,IM,2.5,8,0.189,2.1296,2.8704,N,,07/2015,Analyst
51-9012.00,1.A.1.g.2,Time Sharing,LV,2.75,8,0.1637,2.4292,3.0708,N,N,07/2015,Analyst
51-9012.00,1.A.2.a.1,Arm-Hand Steadiness,IM,3.38,8,0.183,3.0164,3.7336,N,,07/2015,Analyst
51-9012.00,1.A.2.a.1,Arm-Hand Steadiness,LV,3.0,8,0.0,3.0,3.0,N,N,07/2015,Analyst
51-9012.00,1.A.2.a.2,Manual Dexterity,IM,3.0,8,0.0,3.0,3.0,N,,07/2015,Analyst
51-9012.00,1.A.2.a.2,Manual Dexterity,LV,3.0,8,0.0,3.0,3.0,N,N,07/2015,Analyst
51-9012.00,1.A.2.a.3,Finger Dexterity,IM,3.0,8,0.0,3.0,3.0,N,,07/2015,Analyst
51-9012.00,1.A.2.a.3,Finger Dexterity,LV,3.0,8,0.0,3.0,3.0,N,N,07/2015,Analyst
51-9012.00,1.A.2.b.1,Control Precision,IM,3.12,8,0.125,2.88,3.37,N,,07/2015,Analyst
51-9012.00,1.A.2.b.1,Control Precision,LV,3.0,8,0.0,3.0,3.0,N,N,07/2015,Analyst
51-9012.00,1.A.2.b.2,Multilimb Coordination,IM,3.12,8,0.125,2.88,3.37,N,,07/2015,Analyst
51-9012.00,1.A.2.b.2,Multilimb Coordination,LV,3.0,8,0.0,3.0,3.0,N,N,07/2015,Analyst
51-9012.00,1.A.2.b.3,Response Orientation,IM,2.5,8,0.189,2.1296,2.8704,N,,07/2015,Analyst
51-9012.00,1.A.2.b.3,Response Orientation,LV,2.62,8,0.183,2.2664,2.9836,N,N,07/2015,Analyst
51-9012.00,1.A.2.b.4,Rate Control,IM,3.0,8,0.0,3.0,3.0,N,,07/2015,Analyst
51-9012.00,1.A.2.b.4,Rate Control,LV,2.75,8,0.1637,2.4292,3.0708,N,N,07/2015,Analyst
51-9012.00,1.A.2.c.1,Reaction Time,IM,3.25,8,0.1637,2.9292,3.5708,N,,07/2015,Analyst
51-9012.00,1.A.2.c.1,Reaction Time,LV,3.5,8,0.189,3.1296,3.8704,N,N,07/2015,Analyst
51-9012.00,1.A.2.c.2,Wrist-Finger Speed,IM,2.5,8,0.189,2.1296,2.8704,N,,07/2015,Analyst
51-9012.00,1.A.2.c.2,Wrist-Finger Speed,LV,2.12,8,0.125,1.88,2.37,N,N,07/2015,Analyst
51-9012.00,1.A.2.c.3,Speed of Limb Movement,IM,2.12,8,0.295,1.5467,2.7033,N,,07/2015,Analyst
51-9012.00,1.A.2.c.3,Speed of Limb Movement,LV,1.5,8,0.3273,0.8584,2.1416,N,N,07/2015,Analyst
51-9012.00,1.A.3.a.1,Static Strength,IM,3.12,8,0.125,2.88,3.37,N,,07/2015,Analyst
51-9012.00,1.A.3.a.1,Static Strength,LV,3.38,8,0.183,3.0164,3.7336,N,N,07/2015,Analyst
51-9012.00,1.A.3.a.2,Explosive Strength,IM,1.75,8,0.25,1.26,2.24,N,,07/2015,Analyst
51-9012.00,1.A.3.a.2,Explosive Strength,LV,1.12,8,0.3504,0.4383,1.8117,N,N,07/2015,Analyst
51-9012.00,1.A.3.a.3,Dynamic Strength,IM,2.5,8,0.189,2.1296,2.8704,N,,07/2015,Analyst
51-9012.00,1.A.3.a.3,Dynamic Strength,LV,2.12,8,0.125,1.88,2.37,N,N,07/2015,Analyst
51-9012.00,1.A.3.a.4,Trunk Strength,IM,3.0,8,0.0,3.0,3.0,N,,07/2015,Analyst
51-9012.00,1.A.3.a.4,Trunk Strength,LV,3.0,8,0.0,3.0,3.0,N,N,07/2015,Analyst
51-9012.00,1.A.3.b.1,Stamina,IM,2.62,8,0.183,2.2664,2.9836,N,,07/2015,Analyst
51-9012.00,1.A.3.b.1,Stamina,LV,2.62,8,0.183,2.2664,2.9836,N,N,07/2015,Analyst
51-9012.00,1.A.3.c.1,Extent Flexibility,IM,3.0,8,0.0,3.0,3.0,N,,07/2015,Analyst
51-9012.00,1.A.3.c.1,Extent Flexibility,LV,3.12,8,0.125,2.88,3.37,N,N,07/2015,Analyst
51-9012.00,1.A.3.c.2,Dynamic Flexibility,IM,1.12,8,0.125,1.0,1.37,N,,07/2015,Analyst
51-9012.00,1.A.3.c.2,Dynamic Flexibility,LV,0.25,8,0.25,0.0,0.74,N,Y,07/2015,Analyst
51-9012.00,1.A.3.c.3,Gross Body Coordination,IM,2.5,8,0.189,2.1296,2.8704,N,,07/2015,Analyst
51-9012.00,1.A.3.c.3,Gross Body Coordination,LV,2.62,8,0.183,2.2664,2.9836,N,N,07/2015,Analyst
51-9012.00,1.A.3.c.4,Gross Body Equilibrium,IM,3.0,8,0.0,3.0,3.0,N,,07/2015,Analyst
51-9012.00,1.A.3.c.4,Gross Body Equilibrium,LV,2.75,8,0.1637,2.4292,3.0708,N,N,07/2015,Analyst
51-9012.00,1.A.4.a.1,Near Vision,IM,3.88,8,0.125,3.63,4.12,N,,07/2015,Analyst
51-9012.00,1.A.4.a.1,Near Vision,LV,3.75,8,0.1637,3.4292,4.0708,N,N,07/2015,Analyst
51-9012.00,1.A.4.a.2,Far Vision,IM,3.0,8,0.189,2.6296,3.3704,N,,07/2015,Analyst
51-9012.00,1.A.4.a.2,Far Vision,LV,3.0,8,0.0,3.0,3.0,N,N,07/2015,Analyst
51-9012.00,1.A.4.a.3,Visual Color Discrimination,IM,3.0,8,0.189,2.6296,3.3704,N,,07/2015,Analyst
51-9012.00,1.A.4.a.3,Visual Color Discrimination,LV,3.0,8,0.0,3.0,3.0,N,N,07/2015,Analyst
51-9012.00,1.A.4.a.4,Night Vision,IM,2.0,8,0.0,2.0,2.0,N,,07/2015,Analyst
51-9012.00,1.A.4.a.4,Night Vision,LV,1.75,8,0.1637,1.4292,2.0708,N,N,07/2015,Analyst
51-9012.00,1.A.4.a.5,Peripheral Vision,IM,2.0,8,0.0,2.0,2.0,N,,07/2015,Analyst
51-9012.00,1.A.4.a.5,Peripheral Vision,LV,1.75,8,0.1637,1.4292,2.0708,N,N,07/2015,Analyst
51-9012.00,1.A.4.a.6,Depth Perception,IM,2.75,8,0.1637,2.4292,3.0708,N,,07/2015,Analyst
51-9012.00,1.A.4.a.6,Depth Perception,LV,2.75,8,0.1637,2.4292,3.0708,N,N,07/2015,Analyst
51-9012.00,1.A.4.a.7,Glare Sensitivity,IM,2.38,8,0.183,2.0164,2.7336,N,,07/2015,Analyst
51-9012.00,1.A.4.a.7,Glare Sensitivity,LV,2.12,8,0.125,1.88,2.37,N,N,07/2015,Analyst
51-9012.00,1.A.4.b.1,Hearing Sensitivity,IM,3.0,8,0.0,3.0,3.0,N,,07/2015,Analyst
51-9012.00,1.A.4.b.1,Hearing Sensitivity,LV,2.88,8,0.125,2.63,3.12,N,N,07/2015,Analyst
51-9012.00,1.A.4.b.2,Auditory Attention,IM,2.88,8,0.125,2.63,3.12,N,,07/2015,Analyst
51-9012.00,1.A.4.b.2,Auditory Attention,LV,3.0,8,0.0,3.0,3.0,N,N,07/2015,Analyst
51-9012.00,1.A.4.b.3,Sound Localization,IM,2.12,8,0.125,1.88,2.37,N,,07/2015,Analyst
51-9012.00,1.A.4.b.3,Sound Localization,LV,1.5,8,0.189,1.1296,1.8704,N,N,07/2015,Analyst
51-9012.00,1.A.4.b.4,Speech Recognition,IM,3.0,8,0.189,2.6296,3.3704,N,,07/2015,Analyst
51-9012.00,1.A.4.b.4,Speech Recognition,LV,2.88,8,0.125,2.63,3.12,N,N,07/2015,Analyst
51-9012.00,1.A.4.b.5,Speech Clarity,IM,2.88,8,0.125,2.63,3.12,N,,07/2015,Analyst
51-9012.00,1.A.4.b.5,Speech Clarity,LV,2.88,8,0.125,2.63,3.12,N,N,07/2015,Analyst
51-9021.00,1.A.1.a.1,Oral Comprehension,IM,3.0,8,0.0,3.0,3.0,N,,08/2024,Analyst
51-9021.00,1.A.1.a.1,Oral Comprehension,LV,3.0,8,0.0,3.0,3.0,N,N,08/2024,Analyst
51-9021.00,1.A.1.a.2,Written Comprehension,IM,3.0,8,0.0,3.0,3.0,N,,08/2024,Analyst
51-9021.00,1.A.1.a.2,Written Comprehension,LV,3.0,8,0.0,3.0,3.0,N,N,08/2024,Analyst
51-9021.00,1.A.1.a.3,Oral Expression,IM,3.0,8,0.0,3.0,3.0,N,,08/2024,Analyst
51-9021.00,1.A.1.a.3,Oral Expression,LV,3.0,8,0.0,3.0,3.0,N,N,08/2024,Analyst
51-9021.00,1.A.1.a.4,Written Expression,IM,2.62,8,0.183,2.2664,2.9836,N,,08/2024,Analyst
51-9021.00,1.A.1.a.4,Written Expression,LV,2.25,8,0.1637,1.9292,2.5708,N,N,08/2024,Analyst
51-9021.00,1.A.1.b.1,Fluency of Ideas,IM,1.88,8,0.125,1.63,2.12,N,,08/2024,Analyst
51-9021.00,1.A.1.b.1,Fluency of Ideas,LV,1.75,8,0.25,1.26,2.24,N,N,08/2024,Analyst
51-9021.00,1.A.1.b.2,Originality,IM,1.88,8,0.125,1.63,2.12,N,,08/2024,Analyst
51-9021.00,1.A.1.b.2,Originality,LV,1.75,8,0.25,1.26,2.24,N,N,08/2024,Analyst
51-9021.00,1.A.1.b.3,Problem Sensitivity,IM,3.25,8,0.25,2.76,3.74,N,,08/2024,Analyst
51-9021.00,1.A.1.b.3,Problem Sensitivity,LV,3.0,8,0.0,3.0,3.0,N,N,08/2024,Analyst
51-9021.00,1.A.1.b.4,Deductive Reasoning,IM,3.0,8,0.0,3.0,3.0,N,,08/2024,Analyst
51-9021.00,1.A.1.b.4,Deductive Reasoning,LV,3.0,8,0.0,3.0,3.0,N,N,08/2024,Analyst
51-9021.00,1.A.1.b.5,Inductive Reasoning,IM,3.0,8,0.0,3.0,3.0,N,,08/2024,Analyst
51-9021.00,1.A.1.b.5,Inductive Reasoning,LV,3.0,8,0.0,3.0,3.0,N,N,08/2024,Analyst
51-9021.00,1.A.1.b.6,Information Ordering,IM,2.88,8,0.125,2.63,3.12,N,,08/2024,Analyst
51-9021.00,1.A.1.b.6,Information Ordering,LV,3.0,8,0.0,3.0,3.0,N,N,08/2024,Analyst
51-9021.00,1.A.1.b.7,Category Flexibility,IM,3.0,8,0.0,3.0,3.0,N,,08/2024,Analyst
51-9021.00,1.A.1.b.7,Category Flexibility,LV,3.12,8,0.125,2.88,3.37,N,N,08/2024,Analyst
51-9021.00,1.A.1.c.1,Mathematical Reasoning,IM,2.25,8,0.1637,1.9292,2.5708,N,,08/2024,Analyst
51-9021.00,1.A.1.c.1,Mathematical Reasoning,LV,2.0,8,0.0,2.0,2.0,N,N,08/2024,Analyst
51-9021.00,1.A.1.c.2,Number Facility,IM,2.38,8,0.183,2.0164,2.7336,N,,08/2024,Analyst
51-9021.00,1.A.1.c.2,Number Facility,LV,2.12,8,0.125,1.88,2.37,N,N,08/2024,Analyst
51-9021.00,1.A.1.d.1,Memorization,IM,2.0,8,0.0,2.0,2.0,N,,08/2024,Analyst
51-9021.00,1.A.1.d.1,Memorization,LV,2.0,8,0.0,2.0,2.0,N,N,08/2024,Analyst
51-9021.00,1.A.1.e.1,Speed of Closure,IM,2.62,8,0.183,2.2664,2.9836,N,,08/2024,Analyst
51-9021.00,1.A.1.e.1,Speed of Closure,LV,2.25,8,0.1637,1.9292,2.5708,N,N,08/2024,Analyst
51-9021.00,1.A.1.e.2,Flexibility of Closure,IM,3.12,8,0.125,2.88,3.37,N,,08/2024,Analyst
51-9021.00,1.A.1.e.2,Flexibility of Closure,LV,3.0,8,0.0,3.0,3.0,N,N,08/2024,Analyst
51-9021.00,1.A.1.e.3,Perceptual Speed,IM,3.12,8,0.125,2.88,3.37,N,,08/2024,Analyst
51-9021.00,1.A.1.e.3,Perceptual Speed,LV,3.12,8,0.125,2.88,3.37,N,N,08/2024,Analyst
51-9021.00,1.A.1.f.1,Spatial Orientation,IM,2.25,8,0.1637,1.9292,2.5708,N,,08/2024,Analyst
51-9021.00,1.A.1.f.1,Spatial Orientation,LV,2.12,8,0.125,1.88,2.37,N,N,08/2024,Analyst
51-9021.00,1.A.1.f.2,Visualization,IM,3.0,8,0.0,3.0,3.0,N,,08/2024,Analyst
51-9021.00,1.A.1.f.2,Visualization,LV,3.12,8,0.125,2.88,3.37,N,N,08/2024,Analyst
51-9021.00,1.A.1.g.1,Selective Attention,IM,3.0,8,0.0,3.0,3.0,N,,08/2024,Analyst
51-9021.00,1.A.1.g.1,Selective Attention,LV,3.12,8,0.125,2.88,3.37,N,N,08/2024,Analyst
51-9021.00,1.A.1.g.2,Time Sharing,IM,2.62,8,0.183,2.2664,2.9836,N,,08/2024,Analyst
51-9021.00,1.A.1.g.2,Time Sharing,LV,2.88,8,0.125,2.63,3.12,N,N,08/2024,Analyst
51-9021.00,1.A.2.a.1,Arm-Hand Steadiness,IM,3.5,8,0.189,3.1296,3.8704,N,,08/2024,Analyst
51-9021.00,1.A.2.a.1,Arm-Hand Steadiness,LV,3.0,8,0.0,3.0,3.0,N,N,08/2024,Analyst
51-9021.00,1.A.2.a.2,Manual Dexterity,IM,3.62,8,0.183,3.2664,3.9836,N,,08/2024,Analyst
51-9021.00,1.A.2.a.2,Manual Dexterity,LV,3.12,8,0.125,2.88,3.37,N,N,08/2024,Analyst
51-9021.00,1.A.2.a.3,Finger Dexterity,IM,3.12,8,0.125,2.88,3.37,N,,08/2024,Analyst
51-9021.00,1.A.2.a.3,Finger Dexterity,LV,3.12,8,0.125,2.88,3.37,N,N,08/2024,Analyst
51-9021.00,1.A.2.b.1,Control Precision,IM,3.62,8,0.183,3.2664,3.9836,N,,08/2024,Analyst
51-9021.00,1.A.2.b.1,Control Precision,LV,3.62,8,0.183,3.2664,3.9836,N,N,08/2024,Analyst
51-9021.00,1.A.2.b.2,Multilimb Coordination,IM,3.5,8,0.189,3.1296,3.8704,N,,08/2024,Analyst
51-9021.00,1.A.2.b.2,Multilimb Coordination,LV,3.25,8,0.1637,2.9292,3.5708,N,N,08/2024,Analyst
51-9021.00,1.A.2.b.3,Response Orientation,IM,3.0,8,0.189,2.6296,3.3704,N,,08/2024,Analyst
51-9021.00,1.A.2.b.3,Response Orientation,LV,3.25,8,0.1637,2.9292,3.5708,N,N,08/2024,Analyst
51-9021.00,1.A.2.b.4,Rate Control,IM,3.5,8,0.189,3.1296,3.8704,N,,08/2024,Analyst
51-9021.00,1.A.2.b.4,Rate Control,LV,3.25,8,0.1637,2.9292,3.5708,N,N,08/2024,Analyst
51-9021.00,1.A.2.c.1,Reaction Time,IM,3.5,8,0.189,3.1296,3.8704,N,,08/2024,Analyst
51-9021.00,1.A.2.c.1,Reaction Time,LV,3.62,8,0.183,3.2664,3.9836,N,N,08/2024,Analyst
51-9021.00,1.A.2.c.2,Wrist-Finger Speed,IM,2.62,8,0.183,2.2664,2.9836,N,,08/2024,Analyst
51-9021.00,1.A.2.c.2,Wrist-Finger Speed,LV,2.12,8,0.125,1.88,2.37,N,N,08/2024,Analyst
51-9021.00,1.A.2.c.3,Speed of Limb Movement,IM,1.88,8,0.125,1.63,2.12,N,,08/2024,Analyst
51-9021.00,1.A.2.c.3,Speed of Limb Movement,LV,1.75,8,0.25,1.26,2.24,N,N,08/2024,Analyst
51-9021.00,1.A.3.a.1,Static Strength,IM,3.12,8,0.125,2.88,3.37,N,,08/2024,Analyst
51-9021.00,1.A.3.a.1,Static Strength,LV,3.12,8,0.125,2.88,3.37,N,N,08/2024,Analyst
51-9021.00,1.A.3.a.2,Explosive Strength,IM,2.0,8,0.189,1.6296,2.3704,N,,08/2024,Analyst
51-9021.00,1.A.3.a.2,Explosive Strength,LV,1.75,8,0.25,1.26,2.24,N,N,08/2024,Analyst
51-9021.00,1.A.3.a.3,Dynamic Strength,IM,2.62,8,0.183,2.2664,2.9836,N,,08/2024,Analyst
51-9021.00,1.A.3.a.3,Dynamic Strength,LV,2.5,8,0.189,2.1296,2.8704,N,N,08/2024,Analyst
51-9021.00,1.A.3.a.4,Trunk Strength,IM,3.12,8,0.125,2.88,3.37,N,,08/2024,Analyst
51-9021.00,1.A.3.a.4,Trunk Strength,LV,3.12,8,0.125,2.88,3.37,N,N,08/2024,Analyst
51-9021.00,1.A.3.b.1,Stamina,IM,2.75,8,0.1637,2.4292,3.0708,N,,08/2024,Analyst
51-9021.00,1.A.3.b.1,Stamina,LV,2.75,8,0.1637,2.4292,3.0708,N,N,08/2024,Analyst
51-9021.00,1.A.3.c.1,Extent Flexibility,IM,3.0,8,0.0,3.0,3.0,N,,08/2024,Analyst
51-9021.00,1.A.3.c.1,Extent Flexibility,LV,3.12,8,0.125,2.88,3.37,N,N,08/2024,Analyst
51-9021.00,1.A.3.c.2,Dynamic Flexibility,IM,1.75,8,0.1637,1.4292,2.0708,N,,08/2024,Analyst
51-9021.00,1.A.3.c.2,Dynamic Flexibility,LV,1.0,8,0.2673,0.4762,1.5238,N,N,08/2024,Analyst
51-9021.00,1.A.3.c.3,Gross Body Coordination,IM,2.5,8,0.189,2.1296,2.8704,N,,08/2024,Analyst
51-9021.00,1.A.3.c.3,Gross Body Coordination,LV,2.25,8,0.1637,1.9292,2.5708,N,N,08/2024,Analyst
51-9021.00,1.A.3.c.4,Gross Body Equilibrium,IM,2.25,8,0.1637,1.9292,2.5708,N,,08/2024,Analyst
51-9021.00,1.A.3.c.4,Gross Body Equilibrium,LV,2.0,8,0.0,2.0,2.0,N,N,08/2024,Analyst
51-9021.00,1.A.4.a.1,Near Vision,IM,3.5,8,0.189,3.1296,3.8704,N,,08/2024,Analyst
51-9021.00,1.A.4.a.1,Near Vision,LV,3.5,8,0.189,3.1296,3.8704,N,N,08/2024,Analyst
51-9021.00,1.A.4.a.2,Far Vision,IM,2.88,8,0.125,2.63,3.12,N,,08/2024,Analyst
51-9021.00,1.A.4.a.2,Far Vision,LV,3.12,8,0.125,2.88,3.37,N,N,08/2024,Analyst
51-9021.00,1.A.4.a.3,Visual Color Discrimination,IM,3.0,8,0.0,3.0,3.0,N,,08/2024,Analyst
51-9021.00,1.A.4.a.3,Visual Color Discrimination,LV,3.0,8,0.0,3.0,3.0,N,N,08/2024,Analyst
51-9021.00,1.A.4.a.4,Night Vision,IM,1.75,8,0.1637,1.4292,2.0708,N,,08/2024,Analyst
51-9021.00,1.A.4.a.4,Night Vision,LV,1.38,8,0.3239,0.7402,2.0098,N,N,08/2024,Analyst
51-9021.00,1.A.4.a.5,Peripheral Vision,IM,2.0,8,0.0,2.0,2.0,N,,08/2024,Analyst
51-9021.00,1.A.4.a.5,Peripheral Vision,LV,1.62,8,0.183,1.2664,1.9836,N,N,08/2024,Analyst
51-9021.00,1.A.4.a.6,Depth Perception,IM,2.75,8,0.1637,2.4292,3.0708,N,,08/2024,Analyst
51-9021.00,1.A.4.a.6,Depth Perception,LV,2.75,8,0.1637,2.4292,3.0708,N,N,08/2024,Analyst
51-9021.00,1.A.4.a.7,Glare Sensitivity,IM,1.75,8,0.1637,1.4292,2.0708,N,,08/2024,Analyst
51-9021.00,1.A.4.a.7,Glare Sensitivity,LV,1.5,8,0.3273,0.8584,2.1416,N,N,08/2024,Analyst
51-9021.00,1.A.4.b.1,Hearing Sensitivity,IM,3.0,8,0.0,3.0,3.0,N,,08/2024,Analyst
51-9021.00,1.A.4.b.1,Hearing Sensitivity,LV,3.0,8,0.0,3.0,3.0,N,N,08/2024,Analyst
51-9021.00,1.A.4.b.2,Auditory Attention,IM,3.12,8,0.125,2.88,3.37,N,,08/2024,Analyst
51-9021.00,1.A.4.b.2,Auditory Attention,LV,3.12,8,0.125,2.88,3.37,N,N,08/2024,Analyst
51-9021.00,1.A.4.b.3,Sound Localization,IM,2.0,8,0.0,2.0,2.0,N,,08/2024,Analyst
51-9021.00,1.A.4.b.3,Sound Localization,LV,1.88,8,0.125,1.63,2.12,N,N,08/2024,Analyst
51-9021.00,1.A.4.b.4,Speech Recognition,IM,3.0,8,0.0,3.0,3.0,N,,08/2024,Analyst
51-9021.00,1.A.4.b.4,Speech Recognition,LV,3.0,8,0.0,3.0,3.0,N,N,08/2024,Analyst
51-9021.00,1.A.4.b.5,Speech Clarity,IM,3.0,8,0.0,3.0,3.0,N,,08/2024,Analyst
51-9021.00,1.A.4.b.5,Speech Clarity,LV,2.88,8,0.125,2.63,3.12,N,N,08/2024,Analyst
51-9022.00,1.A.1.a.1,Oral Comprehension,IM,3.12,8,0.125,2.88,3.37,N,,08/2023,Analyst
51-9022.00,1.A.1.a.1,Oral Comprehension,LV,3.12,8,0.125,2.88,3.37,N,N,08/2023,Analyst
51-9022.00,1.A.1.a.2,Written Comprehension,IM,2.75,8,0.1637,2.4292,3.0708,N,,08/2023,Analyst
51-9022.00,1.A.1.a.2,Written Comprehension,LV,2.75,8,0.1637,2.4292,3.0708,N,N,08/2023,Analyst
51-9022.00,1.A.1.a.3,Oral Expression,IM,3.0,8,0.0,3.0,3.0,N,,08/2023,Analyst
51-9022.00,1.A.1.a.3,Oral Expression,LV,3.0,8,0.0,3.0,3.0,N,N,08/2023,Analyst
51-9022.00,1.A.1.a.4,Written Expression,IM,2.5,8,0.189,2.1296,2.8704,N,,08/2023,Analyst
51-9022.00,1.A.1.a.4,Written Expression,LV,2.5,8,0.189,2.1296,2.8704,N,N,08/2023,Analyst
51-9022.00,1.A.1.b.1,Fluency of Ideas,IM,2.75,8,0.1637,2.4292,3.0708,N,,08/2023,Analyst
51-9022.00,1.A.1.b.1,Fluency of Ideas,LV,2.12,8,0.125,1.88,2.37,N,N,08/2023,Analyst
51-9022.00,1.A.1.b.2,Originality,IM,2.75,8,0.1637,2.4292,3.0708,N,,08/2023,Analyst
51-9022.00,1.A.1.b.2,Originality,LV,2.0,8,0.0,2.0,2.0,N,N,08/2023,Analyst
51-9022.00,1.A.1.b.3,Problem Sensitivity,IM,3.12,8,0.2266,2.6809,3.5691,N,,08/2023,Analyst
51-9022.00,1.A.1.b.3,Problem Sensitivity,LV,2.88,8,0.125,2.63,3.12,N,N,08/2023,Analyst
51-9022.00,1.A.1.b.4,Deductive Reasoning,IM,2.88,8,0.125,2.63,3.12,N,,08/2023,Analyst
51-9022.00,1.A.1.b.4,Deductive Reasoning,LV,2.62,8,0.183,2.2664,2.9836,N,N,08/2023,Analyst
51-9022.00,1.A.1.b.5,Inductive Reasoning,IM,2.62,8,0.183,2.2664,2.9836,N,,08/2023,Analyst
51-9022.00,1.A.1.b.5,Inductive Reasoning,LV,2.62,8,0.183,2.2664,2.9836,N,N,08/2023,Analyst
51-9022.00,1.A.1.b.6,Information Ordering,IM,3.12,8,0.125,2.88,3.37,N,,08/2023,Analyst
51-9022.00,1.A.1.b.6,Information Ordering,LV,3.0,8,0.0,3.0,3.0,N,N,08/2023,Analyst
51-9022.00,1.A.1.b.7,Category Flexibility,IM,3.0,8,0.0,3.0,3.0,N,,08/2023,Analyst
51-9022.00,1.A.1.b.7,Category Flexibility,LV,3.0,8,0.0,3.0,3.0,N,N,08/2023,Analyst
51-9022.00,1.A.1.c.1,Mathematical Reasoning,IM,2.0,8,0.0,2.0,2.0,N,,08/2023,Analyst
51-9022.00,1.A.1.c.1,Mathematical Reasoning,LV,1.25,8,0.1637,0.9292,1.5708,N,N,08/2023,Analyst
51-9022.00,1.A.1.c.2,Number Facility,IM,2.0,8,0.0,2.0,2.0,N,,08/2023,Analyst
51-9022.00,1.A.1.c.2,Number Facility,LV,1.62,8,0.183,1.2664,1.9836,N,N,08/2023,Analyst
51-9022.00,1.A.1.d.1,Memorization,IM,2.0,8,0.0,2.0,2.0,N,,08/2023,Analyst
51-9022.00,1.A.1.d.1,Memorization,LV,1.88,8,0.125,1.63,2.12,N,N,08/2023,Analyst
51-9022.00,1.A.1.e.1,Speed of Closure,IM,2.12,8,0.125,1.88,2.37,N,,08/2023,Analyst
51-9022.00,1.A.1.e.1,Speed of Closure,LV,2.0,8,0.189,1.6296,2.3704,N,N,08/2023,Analyst
51-9022.00,1.A.1.e.2,Flexibility of Closure,IM,3.0,8,0.0,3.0,3.0,N,,08/2023,Analyst
51-9022.00,1.A.1.e.2,Flexibility of Closure,LV,2.75,8,0.1637,2.4292,3.0708,N,N,08/2023,Analyst
51-9022.00,1.A.1.e.3,Perceptual Speed,IM,3.0,8,0.0,3.0,3.0,N,,08/2023,Analyst
51-9022.00,1.A.1.e.3,Perceptual Speed,LV,2.88,8,0.125,2.63,3.12,N,N,08/2023,Analyst
51-9022.00,1.A.1.f.1,Spatial Orientation,IM,2.0,8,0.0,2.0,2.0,N,,08/2023,Analyst
51-9022.00,1.A.1.f.1,Spatial Orientation,LV,1.25,8,0.1637,0.9292,1.5708,N,N,08/2023,Analyst
51-9022.00,1.A.1.f.2,Visualization,IM,3.0,8,0.0,3.0,3.0,N,,08/2023,Analyst
51-9022.00,1.A.1.f.2,Visualization,LV,2.88,8,0.125,2.63,3.12,N,N,08/2023,Analyst
51-9022.00,1.A.1.g.1,Selective Attention,IM,3.12,8,0.125,2.88,3.37,N,,08/2023,Analyst
51-9022.00,1.A.1.g.1,Selective Attention,LV,2.88,8,0.125,2.63,3.12,N,N,08/2023,Analyst
51-9022.00,1.A.1.g.2,Time Sharing,IM,2.5,8,0.189,2.1296,2.8704,N,,08/2023,Analyst
51-9022.00,1.A.1.g.2,Time Sharing,LV,2.5,8,0.189,2.1296,2.8704,N,N,08/2023,Analyst
51-9022.00,1.A.2.a.1,Arm-Hand Steadiness,IM,4.0,8,0.0,4.0,4.0,N,,08/2023,Analyst
51-9022.00,1.A.2.a.1,Arm-Hand Steadiness,LV,3.75,8,0.25,3.26,4.24,N,N,08/2023,Analyst
51-9022.00,1.A.2.a.2,Manual Dexterity,IM,3.62,8,0.183,3.2664,3.9836,N,,08/2023,Analyst
51-9022.00,1.A.2.a.2,Manual Dexterity,LV,3.38,8,0.183,3.0164,3.7336,N,N,08/2023,Analyst
51-9022.00,1.A.2.a.3,Finger Dexterity,IM,3.75,8,0.1637,3.4292,4.0708,N,,08/2023,Analyst
51-9022.00,1.A.2.a.3,Finger Dexterity,LV,3.5,8,0.189,3.1296,3.8704,N,N,08/2023,Analyst
51-9022.00,1.A.2.b.1,Control Precision,IM,3.75,8,0.1637,3.4292,4.0708,N,,08/2023,Analyst
51-9022.00,1.A.2.b.1,Control Precision,LV,3.5,8,0.189,3.1296,3.8704,N,N,08/2023,Analyst
51-9022.00,1.A.2.b.2,Multilimb Coordination,IM,3.25,8,0.1637,2.9292,3.5708,N,,08/2023,Analyst
51-9022.00,1.A.2.b.2,Multilimb Coordination,LV,3.12,8,0.125,2.88,3.37,N,N,08/2023,Analyst
51-9022.00,1.A.2.b.3,Response Orientation,IM,2.75,8,0.1637,2.4292,3.0708,N,,08/2023,Analyst
51-9022.00,1.A.2.b.3,Response Orientation,LV,2.75,8,0.1637,2.4292,3.0708,N,N,08/2023,Analyst
51-9022.00,1.A.2.b.4,Rate Control,IM,3.0,8,0.189,2.6296,3.3704,N,,08/2023,Analyst
51-9022.00,1.A.2.b.4,Rate Control,LV,2.75,8,0.1637,2.4292,3.0708,N,N,08/2023,Analyst
51-9022.00,1.A.2.c.1,Reaction Time,IM,2.88,8,0.125,2.63,3.12,N,,08/2023,Analyst
51-9022.00,1.A.2.c.1,Reaction Time,LV,3.0,8,0.189,2.6296,3.3704,N,N,08/2023,Analyst
51-9022.00,1.A.2.c.2,Wrist-Finger Speed,IM,2.75,8,0.1637,2.4292,3.0708,N,,08/2023,Analyst
51-9022.00,1.A.2.c.2,Wrist-Finger Speed,LV,2.25,8,0.25,1.76,2.74,N,N,08/2023,Analyst
51-9022.00,1.A.2.c.3,Speed of Limb Movement,IM,1.75,8,0.1637,1.4292,2.0708,N,,08/2023,Analyst
51-9022.00,1.A.2.c.3,Speed of Limb Movement,LV,1.12,8,0.295,0.5467,1.7033,N,N,08/2023,Analyst
51-9022.00,1.A.3.a.1,Static Strength,IM,2.88,8,0.125,2.63,3.12,N,,08/2023,Analyst
51-9022.00,1.A.3.a.1,Static Strength,LV,2.62,8,0.183,2.2664,2.9836,N,N,08/2023,Analyst
51-9022.00,1.A.3.a.2,Explosive Strength,IM,2.0,8,0.0,2.0,2.0,N,,08/2023,Analyst
51-9022.00,1.A.3.a.2,Explosive Strength,LV,1.25,8,0.1637,0.9292,1.5708,N,N,08/2023,Analyst
51-9022.00,1.A.3.a.3,Dynamic Strength,IM,2.25,8,0.1637,1.9292,2.5708,N,,08/2023,Analyst
51-9022.00,1.A.3.a.3,Dynamic Strength,LV,2.25,8,0.1637,1.9292,2.5708,N,N,08/2023,Analyst
51-9022.00,1.A.3.a.4,Trunk Strength,IM,3.0,8,0.0,3.0,3.0,N,,08/2023,Analyst
51-9022.00,1.A.3.a.4,Trunk Strength,LV,2.62,8,0.183,2.2664,2.9836,N,N,08/2023,Analyst
51-9022.00,1.A.3.b.1,Stamina,IM,2.0,8,0.0,2.0,2.0,N,,08/2023,Analyst
51-9022.00,1.A.3.b.1,Stamina,LV,1.62,8,0.183,1.2664,1.9836,N,N,08/2023,Analyst
51-9022.00,1.A.3.c.1,Extent Flexibility,IM,2.88,8,0.125,2.63,3.12,N,,08/2023,Analyst
51-9022.00,1.A.3.c.1,Extent Flexibility,LV,2.75,8,0.1637,2.4292,3.0708,N,N,08/2023,Analyst
51-9022.00,1.A.3.c.2,Dynamic Flexibility,IM,1.0,8,0.0,1.0,1.0,N,,08/2023,Analyst
51-9022.00,1.A.3.c.2,Dynamic Flexibility,LV,0.0,8,0.0,0.0,0.0,N,Y,08/2023,Analyst
51-9022.00,1.A.3.c.3,Gross Body Coordination,IM,2.0,8,0.0,2.0,2.0,N,,08/2023,Analyst
51-9022.00,1.A.3.c.3,Gross Body Coordination,LV,1.88,8,0.2266,1.4309,2.3191,N,N,08/2023,Analyst
51-9022.00,1.A.3.c.4,Gross Body Equilibrium,IM,2.12,8,0.125,1.88,2.37,N,,08/2023,Analyst
51-9022.00,1.A.3.c.4,Gross Body Equilibrium,LV,1.75,8,0.1637,1.4292,2.0708,N,N,08/2023,Analyst
51-9022.00,1.A.4.a.1,Near Vision,IM,3.75,8,0.1637,3.4292,4.0708,N,,08/2023,Analyst
51-9022.00,1.A.4.a.1,Near Vision,LV,3.75,8,0.25,3.26,4.24,N,N,08/2023,Analyst
51-9022.00,1.A.4.a.2,Far Vision,IM,2.75,8,0.1637,2.4292,3.0708,N,,08/2023,Analyst
51-9022.00,1.A.4.a.2,Far Vision,LV,2.88,8,0.2266,2.4309,3.3191,N,N,08/2023,Analyst
51-9022.00,1.A.4.a.3,Visual Color Discrimination,IM,3.0,8,0.0,3.0,3.0,N,,08/2023,Analyst
51-9022.00,1.A.4.a.3,Visual Color Discrimination,LV,2.88,8,0.125,2.63,3.12,N,N,08/2023,Analyst
51-9022.00,1.A.4.a.4,Night Vision,IM,2.0,8,0.0,2.0,2.0,N,,08/2023,Analyst
51-9022.00,1.A.4.a.4,Night Vision,LV,1.12,8,0.125,0.88,1.37,N,N,08/2023,Analyst
51-9022.00,1.A.4.a.5,Peripheral Vision,IM,2.0,8,0.0,2.0,2.0,N,,08/2023,Analyst
51-9022.00,1.A.4.a.5,Peripheral Vision,LV,1.25,8,0.1637,0.9292,1.5708,N,N,08/2023,Analyst
51-9022.00,1.A.4.a.6,Depth Perception,IM,2.62,8,0.183,2.2664,2.9836,N,,08/2023,Analyst
51-9022.00,1.A.4.a.6,Depth Perception,LV,2.25,8,0.1637,1.9292,2.5708,N,N,08/2023,Analyst
51-9022.00,1.A.4.a.7,Glare Sensitivity,IM,2.0,8,0.0,2.0,2.0,N,,08/2023,Analyst
51-9022.00,1.A.4.a.7,Glare Sensitivity,LV,1.38,8,0.183,1.0164,1.7336,N,N,08/2023,Analyst
51-9022.00,1.A.4.b.1,Hearing Sensitivity,IM,2.75,8,0.1637,2.4292,3.0708,N,,08/2023,Analyst
51-9022.00,1.A.4.b.1,Hearing Sensitivity,LV,2.38,8,0.183,2.0164,2.7336,N,N,08/2023,Analyst
51-9022.00,1.A.4.b.2,Auditory Attention,IM,2.88,8,0.125,2.63,3.12,N,,08/2023,Analyst
51-9022.00,1.A.4.b.2,Auditory Attention,LV,2.62,8,0.183,2.2664,2.9836,N,N,08/2023,Analyst
51-9022.00,1.A.4.b.3,Sound Localization,IM,2.0,8,0.0,2.0,2.0,N,,08/2023,Analyst
51-9022.00,1.A.4.b.3,Sound Localization,LV,1.38,8,0.183,1.0164,1.7336,N,N,08/2023,Analyst
51-9022.00,1.A.4.b.4,Speech Recognition,IM,3.12,8,0.125,2.88,3.37,N,,08/2023,Analyst
51-9022.00,1.A.4.b.4,Speech Recognition,LV,2.75,8,0.1637,2.4292,3.0708,N,N,08/2023,Analyst
51-9022.00,1.A.4.b.5,Speech Clarity,IM,3.12,8,0.125,2.88,3.37,N,,08/2023,Analyst
51-9022.00,1.A.4.b.5,Speech Clarity,LV,2.75,8,0.1637,2.4292,3.0708,N,N,08/2023,Analyst
51-9023.00,1.A.1.a.1,Oral Comprehension,IM,3.12,8,0.125,2.88,3.37,N,,08/2023,Analyst
51-9023.00,1.A.1.a.1,Oral Comprehension,LV,3.38,8,0.183,3.0164,3.7336,N,N,08/2023,Analyst
51-9023.00,1.A.1.a.2,Written Comprehension,IM,3.12,8,0.125,2.88,3.37,N,,08/2023,Analyst
51-9023.00,1.A.1.a.2,Written Comprehension,LV,3.0,8,0.0,3.0,3.0,N,N,08/2023,Analyst
51-9023.00,1.A.1.a.3,Oral Expression,IM,3.0,8,0.0,3.0,3.0,N,,08/2023,Analyst
51-9023.00,1.A.1.a.3,Oral Expression,LV,3.0,8,0.0,3.0,3.0,N,N,08/2023,Analyst
51-9023.00,1.A.1.a.4,Written Expression,IM,2.88,8,0.2266,2.4309,3.3191,N,,08/2023,Analyst
51-9023.00,1.A.1.a.4,Written Expression,LV,2.62,8,0.183,2.2664,2.9836,N,N,08/2023,Analyst
51-9023.00,1.A.1.b.1,Fluency of Ideas,IM,2.38,8,0.183,2.0164,2.7336,N,,08/2023,Analyst
51-9023.00,1.A.1.b.1,Fluency of Ideas,LV,2.0,8,0.0,2.0,2.0,N,N,08/2023,Analyst
51-9023.00,1.A.1.b.2,Originality,IM,2.0,8,0.0,2.0,2.0,N,,08/2023,Analyst
51-9023.00,1.A.1.b.2,Originality,LV,2.0,8,0.0,2.0,2.0,N,N,08/2023,Analyst
51-9023.00,1.A.1.b.3,Problem Sensitivity,IM,3.12,8,0.125,2.88,3.37,N,,08/2023,Analyst
51-9023.00,1.A.1.b.3,Problem Sensitivity,LV,3.12,8,0.125,2.88,3.37,N,N,08/2023,Analyst
51-9023.00,1.A.1.b.4,Deductive Reasoning,IM,3.0,8,0.0,3.0,3.0,N,,08/2023,Analyst
51-9023.00,1.A.1.b.4,Deductive Reasoning,LV,3.12,8,0.125,2.88,3.37,N,N,08/2023,Analyst
51-9023.00,1.A.1.b.5,Inductive Reasoning,IM,3.0,8,0.0,3.0,3.0,N,,08/2023,Analyst
51-9023.00,1.A.1.b.5,Inductive Reasoning,LV,3.0,8,0.0,3.0,3.0,N,N,08/2023,Analyst
51-9023.00,1.A.1.b.6,Information Ordering,IM,3.12,8,0.125,2.88,3.37,N,,08/2023,Analyst
51-9023.00,1.A.1.b.6,Information Ordering,LV,3.12,8,0.125,2.88,3.37,N,N,08/2023,Analyst
51-9023.00,1.A.1.b.7,Category Flexibility,IM,3.12,8,0.125,2.88,3.37,N,,08/2023,Analyst
51-9023.00,1.A.1.b.7,Category Flexibility,LV,3.25,8,0.25,2.76,3.74,N,N,08/2023,Analyst
51-9023.00,1.A.1.c.1,Mathematical Reasoning,IM,2.0,8,0.0,2.0,2.0,N,,08/2023,Analyst
51-9023.00,1.A.1.c.1,Mathematical Reasoning,LV,2.0,8,0.0,2.0,2.0,N,N,08/2023,Analyst
51-9023.00,1.A.1.c.2,Number Facility,IM,2.12,8,0.125,1.88,2.37,N,,08/2023,Analyst
51-9023.00,1.A.1.c.2,Number Facility,LV,2.0,8,0.0,2.0,2.0,N,N,08/2023,Analyst
51-9023.00,1.A.1.d.1,Memorization,IM,2.0,8,0.0,2.0,2.0,N,,08/2023,Analyst
51-9023.00,1.A.1.d.1,Memorization,LV,2.0,8,0.0,2.0,2.0,N,N,08/2023,Analyst
51-9023.00,1.A.1.e.1,Speed of Closure,IM,2.25,8,0.1637,1.9292,2.5708,N,,08/2023,Analyst
51-9023.00,1.A.1.e.1,Speed of Closure,LV,2.12,8,0.125,1.88,2.37,N,N,08/2023,Analyst
51-9023.00,1.A.1.e.2,Flexibility of Closure,IM,2.88,8,0.125,2.63,3.12,N,,08/2023,Analyst
51-9023.00,1.A.1.e.2,Flexibility of Closure,LV,2.62,8,0.183,2.2664,2.9836,N,N,08/2023,Analyst
51-9023.00,1.A.1.e.3,Perceptual Speed,IM,3.12,8,0.125,2.88,3.37,N,,08/2023,Analyst
51-9023.00,1.A.1.e.3,Perceptual Speed,LV,3.12,8,0.125,2.88,3.37,N,N,08/2023,Analyst
51-9023.00,1.A.1.f.1,Spatial Orientation,IM,2.0,8,0.189,1.6296,2.3704,N,,08/2023,Analyst
51-9023.00,1.A.1.f.1,Spatial Orientation,LV,1.75,8,0.25,1.26,2.24,N,N,08/2023,Analyst
51-9023.00,1.A.1.f.2,Visualization,IM,2.62,8,0.2631,2.1094,3.1406,N,,08/2023,Analyst
51-9023.00,1.A.1.f.2,Visualization,LV,2.25,8,0.25,1.76,2.74,N,N,08/2023,Analyst
51-9023.00,1.A.1.g.1,Selective Attention,IM,3.12,8,0.125,2.88,3.37,N,,08/2023,Analyst
51-9023.00,1.A.1.g.1,Selective Attention,LV,3.12,8,0.125,2.88,3.37,N,N,08/2023,Analyst
51-9023.00,1.A.1.g.2,Time Sharing,IM,2.88,8,0.125,2.63,3.12,N,,08/2023,Analyst
51-9023.00,1.A.1.g.2,Time Sharing,LV,2.5,8,0.189,2.1296,2.8704,N,N,08/2023,Analyst
51-9023.00,1.A.2.a.1,Arm-Hand Steadiness,IM,3.25,8,0.1637,2.9292,3.5708,N,,08/2023,Analyst
51-9023.00,1.A.2.a.1,Arm-Hand Steadiness,LV,3.0,8,0.0,3.0,3.0,N,N,08/2023,Analyst
51-9023.00,1.A.2.a.2,Manual Dexterity,IM,3.25,8,0.1637,2.9292,3.5708,N,,08/2023,Analyst
51-9023.00,1.A.2.a.2,Manual Dexterity,LV,3.0,8,0.0,3.0,3.0,N,N,08/2023,Analyst
51-9023.00,1.A.2.a.3,Finger Dexterity,IM,3.0,8,0.0,3.0,3.0,N,,08/2023,Analyst
51-9023.00,1.A.2.a.3,Finger Dexterity,LV,3.0,8,0.0,3.0,3.0,N,N,08/2023,Analyst
51-9023.00,1.A.2.b.1,Control Precision,IM,3.12,8,0.125,2.88,3.37,N,,08/2023,Analyst
51-9023.00,1.A.2.b.1,Control Precision,LV,3.12,8,0.125,2.88,3.37,N,N,08/2023,Analyst
51-9023.00,1.A.2.b.2,Multilimb Coordination,IM,3.12,8,0.125,2.88,3.37,N,,08/2023,Analyst
51-9023.00,1.A.2.b.2,Multilimb Coordination,LV,3.12,8,0.125,2.88,3.37,N,N,08/2023,Analyst
51-9023.00,1.A.2.b.3,Response Orientation,IM,3.0,8,0.0,3.0,3.0,N,,08/2023,Analyst
51-9023.00,1.A.2.b.3,Response Orientation,LV,3.0,8,0.0,3.0,3.0,N,N,08/2023,Analyst
51-9023.00,1.A.2.b.4,Rate Control,IM,3.0,8,0.0,3.0,3.0,N,,08/2023,Analyst
51-9023.00,1.A.2.b.4,Rate Control,LV,3.0,8,0.0,3.0,3.0,N,N,08/2023,Analyst
51-9023.00,1.A.2.c.1,Reaction Time,IM,3.12,8,0.125,2.88,3.37,N,,08/2023,Analyst
51-9023.00,1.A.2.c.1,Reaction Time,LV,3.25,8,0.1637,2.9292,3.5708,N,N,08/2023,Analyst
51-9023.00,1.A.2.c.2,Wrist-Finger Speed,IM,2.62,8,0.183,2.2664,2.9836,N,,08/2023,Analyst
51-9023.00,1.A.2.c.2,Wrist-Finger Speed,LV,2.12,8,0.125,1.88,2.37,N,N,08/2023,Analyst
51-9023.00,1.A.2.c.3,Speed of Limb Movement,IM,1.88,8,0.125,1.63,2.12,N,,08/2023,Analyst
51-9023.00,1.A.2.c.3,Speed of Limb Movement,LV,1.75,8,0.25,1.26,2.24,N,N,08/2023,Analyst
51-9023.00,1.A.3.a.1,Static Strength,IM,3.0,8,0.189,2.6296,3.3704,N,,08/2023,Analyst
51-9023.00,1.A.3.a.1,Static Strength,LV,3.0,8,0.189,2.6296,3.3704,N,N,08/2023,Analyst
51-9023.00,1.A.3.a.2,Explosive Strength,IM,1.62,8,0.2631,1.1094,2.1406,N,,08/2023,Analyst
51-9023.00,1.A.3.a.2,Explosive Strength,LV,0.62,8,0.2631,0.1094,1.1406,N,N,08/2023,Analyst
51-9023.00,1.A.3.a.3,Dynamic Strength,IM,2.38,8,0.183,2.0164,2.7336,N,,08/2023,Analyst
51-9023.00,1.A.3.a.3,Dynamic Strength,LV,2.12,8,0.125,1.88,2.37,N,N,08/2023,Analyst
51-9023.00,1.A.3.a.4,Trunk Strength,IM,3.0,8,0.189,2.6296,3.3704,N,,08/2023,Analyst
51-9023.00,1.A.3.a.4,Trunk Strength,LV,2.88,8,0.2266,2.4309,3.3191,N,N,08/2023,Analyst
51-9023.00,1.A.3.b.1,Stamina,IM,2.38,8,0.2631,1.8594,2.8906,N,,08/2023,Analyst
51-9023.00,1.A.3.b.1,Stamina,LV,2.12,8,0.125,1.88,2.37,N,N,08/2023,Analyst
51-9023.00,1.A.3.c.1,Extent Flexibility,IM,2.62,8,0.183,2.2664,2.9836,N,,08/2023,Analyst
51-9023.00,1.A.3.c.1,Extent Flexibility,LV,2.62,8,0.183,2.2664,2.9836,N,N,08/2023,Analyst
51-9023.00,1.A.3.c.2,Dynamic Flexibility,IM,1.38,8,0.183,1.0164,1.7336,N,,08/2023,Analyst
51-9023.00,1.A.3.c.2,Dynamic Flexibility,LV,0.5,8,0.2673,0.0,1.0238,N,N,08/2023,Analyst
51-9023.00,1.A.3.c.3,Gross Body Coordination,IM,2.0,8,0.0,2.0,2.0,N,,08/2023,Analyst
51-9023.00,1.A.3.c.3,Gross Body Coordination,LV,2.0,8,0.0,2.0,2.0,N,N,08/2023,Analyst
51-9023.00,1.A.3.c.4,Gross Body Equilibrium,IM,2.12,8,0.125,1.88,2.37,N,,08/2023,Analyst
51-9023.00,1.A.3.c.4,Gross Body Equilibrium,LV,2.0,8,0.0,2.0,2.0,N,N,08/2023,Analyst
51-9023.00,1.A.4.a.1,Near Vision,IM,3.38,8,0.183,3.0164,3.7336,N,,08/2023,Analyst
51-9023.00,1.A.4.a.1,Near Vision,LV,3.25,8,0.1637,2.9292,3.5708,N,N,08/2023,Analyst
51-9023.00,1.A.4.a.2,Far Vision,IM,3.12,8,0.125,2.88,3.37,N,,08/2023,Analyst
51-9023.00,1.A.4.a.2,Far Vision,LV,3.12,8,0.125,2.88,3.37,N,N,08/2023,Analyst
51-9023.00,1.A.4.a.3,Visual Color Discrimination,IM,3.0,8,0.0,3.0,3.0,N,,08/2023,Analyst
51-9023.00,1.A.4.a.3,Visual Color Discrimination,LV,3.0,8,0.0,3.0,3.0,N,N,08/2023,Analyst
51-9023.00,1.A.4.a.4,Night Vision,IM,1.5,8,0.189,1.1296,1.8704,N,,08/2023,Analyst
51-9023.00,1.A.4.a.4,Night Vision,LV,0.5,8,0.189,0.1296,0.8704,N,N,08/2023,Analyst
51-9023.00,1.A.4.a.5,Peripheral Vision,IM,1.88,8,0.125,1.63,2.12,N,,08/2023,Analyst
51-9023.00,1.A.4.a.5,Peripheral Vision,LV,1.38,8,0.2631,0.8594,1.8906,N,N,08/2023,Analyst
51-9023.00,1.A.4.a.6,Depth Perception,IM,2.62,8,0.183,2.2664,2.9836,N,,08/2023,Analyst
51-9023.00,1.A.4.a.6,Depth Perception,LV,2.62,8,0.183,2.2664,2.9836,N,N,08/2023,Analyst
51-9023.00,1.A.4.a.7,Glare Sensitivity,IM,1.75,8,0.1637,1.4292,2.0708,N,,08/2023,Analyst
51-9023.00,1.A.4.a.7,Glare Sensitivity,LV,1.0,8,0.2673,0.4762,1.5238,N,N,08/2023,Analyst
51-9023.00,1.A.4.b.1,Hearing Sensitivity,IM,2.5,8,0.189,2.1296,2.8704,N,,08/2023,Analyst
51-9023.00,1.A.4.b.1,Hearing Sensitivity,LV,2.38,8,0.183,2.0164,2.7336,N,N,08/2023,Analyst
51-9023.00,1.A.4.b.2,Auditory Attention,IM,2.75,8,0.1637,2.4292,3.0708,N,,08/2023,Analyst
51-9023.00,1.A.4.b.2,Auditory Attention,LV,2.62,8,0.183,2.2664,2.9836,N,N,08/2023,Analyst
51-9023.00,1.A.4.b.3,Sound Localization,IM,2.0,8,0.0,2.0,2.0,N,,08/2023,Analyst
51-9023.00,1.A.4.b.3,Sound Localization,LV,1.88,8,0.125,1.63,2.12,N,N,08/2023,Analyst
51-9023.00,1.A.4.b.4,Speech Recognition,IM,2.88,8,0.125,2.63,3.12,N,,08/2023,Analyst
51-9023.00,1.A.4.b.4,Speech Recognition,LV,2.75,8,0.1637,2.4292,3.0708,N,N,08/2023,Analyst
51-9023.00,1.A.4.b.5,Speech Clarity,IM,3.0,8,0.0,3.0,3.0,N,,08/2023,Analyst
51-9023.00,1.A.4.b.5,Speech Clarity,LV,2.62,8,0.183,2.2664,2.9836,N,N,08/2023,Analyst
51-9031.00,1.A.1.a.1,Oral Comprehension,IM,3.0,8,0.0,3.0,3.0,N,,08/2019,Analyst
51-9031.00,1.A.1.a.1,Oral Comprehension,LV,3.12,8,0.125,2.88,3.37,N,N,08/2019,Analyst
51-9031.00,1.A.1.a.2,Written Comprehension,IM,2.75,8,0.1637,2.4292,3.0708,N,,08/2019,Analyst
51-9031.00,1.A.1.a.2,Written Comprehension,LV,2.62,8,0.183,2.2664,2.9836,N,N,08/2019,Analyst
51-9031.00,1.A.1.a.3,Oral Expression,IM,2.88,8,0.125,2.63,3.12,N,,08/2019,Analyst
51-9031.00,1.A.1.a.3,Oral Expression,LV,2.88,8,0.125,2.63,3.12,N,N,08/2019,Analyst
51-9031.00,1.A.1.a.4,Written Expression,IM,2.25,8,0.1637,1.9292,2.5708,N,,08/2019,Analyst
51-9031.00,1.A.1.a.4,Written Expression,LV,2.0,8,0.0,2.0,2.0,N,N,08/2019,Analyst
51-9031.00,1.A.1.b.1,Fluency of Ideas,IM,2.0,8,0.0,2.0,2.0,N,,08/2019,Analyst
51-9031.00,1.A.1.b.1,Fluency of Ideas,LV,2.0,8,0.0,2.0,2.0,N,N,08/2019,Analyst
51-9031.00,1.A.1.b.2,Originality,IM,2.0,8,0.0,2.0,2.0,N,,08/2019,Analyst
51-9031.00,1.A.1.b.2,Originality,LV,1.75,8,0.1637,1.4292,2.0708,N,N,08/2019,Analyst
51-9031.00,1.A.1.b.3,Problem Sensitivity,IM,2.75,8,0.1637,2.4292,3.0708,N,,08/2019,Analyst
51-9031.00,1.A.1.b.3,Problem Sensitivity,LV,2.62,8,0.183,2.2664,2.9836,N,N,08/2019,Analyst
51-9031.00,1.A.1.b.4,Deductive Reasoning,IM,2.75,8,0.1637,2.4292,3.0708,N,,08/2019,Analyst
51-9031.00,1.A.1.b.4,Deductive Reasoning,LV,2.62,8,0.183,2.2664,2.9836,N,N,08/2019,Analyst
51-9031.00,1.A.1.b.5,Inductive Reasoning,IM,2.62,8,0.183,2.2664,2.9836,N,,08/2019,Analyst
51-9031.00,1.A.1.b.5,Inductive Reasoning,LV,2.62,8,0.183,2.2664,2.9836,N,N,08/2019,Analyst
51-9031.00,1.A.1.b.6,Information Ordering,IM,3.12,8,0.125,2.88,3.37,N,,08/2019,Analyst
51-9031.00,1.A.1.b.6,Information Ordering,LV,3.0,8,0.0,3.0,3.0,N,N,08/2019,Analyst
51-9031.00,1.A.1.b.7,Category Flexibility,IM,3.0,8,0.189,2.6296,3.3704,N,,08/2019,Analyst
51-9031.00,1.A.1.b.7,Category Flexibility,LV,2.88,8,0.125,2.63,3.12,N,N,08/2019,Analyst
51-9031.00,1.A.1.c.1,Mathematical Reasoning,IM,2.0,8,0.0,2.0,2.0,N,,08/2019,Analyst
51-9031.00,1.A.1.c.1,Mathematical Reasoning,LV,1.0,8,0.0,1.0,1.0,N,N,08/2019,Analyst
51-9031.00,1.A.1.c.2,Number Facility,IM,2.0,8,0.0,2.0,2.0,N,,08/2019,Analyst
51-9031.00,1.A.1.c.2,Number Facility,LV,1.25,8,0.1637,0.9292,1.5708,N,N,08/2019,Analyst
51-9031.00,1.A.1.d.1,Memorization,IM,2.0,8,0.0,2.0,2.0,N,,08/2019,Analyst
51-9031.00,1.A.1.d.1,Memorization,LV,1.38,8,0.183,1.0164,1.7336,N,N,08/2019,Analyst
51-9031.00,1.A.1.e.1,Speed of Closure,IM,2.0,8,0.0,2.0,2.0,N,,08/2019,Analyst
51-9031.00,1.A.1.e.1,Speed of Closure,LV,1.25,8,0.1637,0.9292,1.5708,N,N,08/2019,Analyst
51-9031.00,1.A.1.e.2,Flexibility of Closure,IM,2.5,8,0.189,2.1296,2.8704,N,,08/2019,Analyst
51-9031.00,1.A.1.e.2,Flexibility of Closure,LV,2.38,8,0.183,2.0164,2.7336,N,N,08/2019,Analyst
51-9031.00,1.A.1.e.3,Perceptual Speed,IM,2.62,8,0.183,2.2664,2.9836,N,,08/2019,Analyst
51-9031.00,1.A.1.e.3,Perceptual Speed,LV,2.25,8,0.1637,1.9292,2.5708,N,N,08/2019,Analyst
51-9031.00,1.A.1.f.1,Spatial Orientation,IM,1.25,8,0.1637,1.0,1.5708,N,,08/2019,Analyst
51-9031.00,1.A.1.f.1,Spatial Orientation,LV,0.25,8,0.1637,0.0,0.5708,N,Y,08/2019,Analyst
51-9031.00,1.A.1.f.2,Visualization,IM,2.62,8,0.183,2.2664,2.9836,N,,08/2019,Analyst
51-9031.00,1.A.1.f.2,Visualization,LV,2.38,8,0.183,2.0164,2.7336,N,N,08/2019,Analyst
51-9031.00,1.A.1.g.1,Selective Attention,IM,2.88,8,0.125,2.63,3.12,N,,08/2019,Analyst
51-9031.00,1.A.1.g.1,Selective Attention,LV,3.0,8,0.0,3.0,3.0,N,N,08/2019,Analyst
51-9031.00,1.A.1.g.2,Time Sharing,IM,2.0,8,0.0,2.0,2.0,N,,08/2019,Analyst
51-9031.00,1.A.1.g.2,Time Sharing,LV,2.0,8,0.0,2.0,2.0,N,N,08/2019,Analyst
51-9031.00,1.A.2.a.1,Arm-Hand Steadiness,IM,3.12,8,0.125,2.88,3.37,N,,08/2019,Analyst
51-9031.00,1.A.2.a.1,Arm-Hand Steadiness,LV,3.12,8,0.125,2.88,3.37,N,N,08/2019,Analyst
51-9031.00,1.A.2.a.2,Manual Dexterity,IM,3.5,8,0.189,3.1296,3.8704,N,,08/2019,Analyst
51-9031.00,1.A.2.a.2,Manual Dexterity,LV,3.12,8,0.125,2.88,3.37,N,N,08/2019,Analyst
51-9031.00,1.A.2.a.3,Finger Dexterity,IM,2.88,8,0.125,2.63,3.12,N,,08/2019,Analyst
51-9031.00,1.A.2.a.3,Finger Dexterity,LV,3.12,8,0.125,2.88,3.37,N,N,08/2019,Analyst
51-9031.00,1.A.2.b.1,Control Precision,IM,3.0,8,0.0,3.0,3.0,N,,08/2019,Analyst
51-9031.00,1.A.2.b.1,Control Precision,LV,3.12,8,0.125,2.88,3.37,N,N,08/2019,Analyst
51-9031.00,1.A.2.b.2,Multilimb Coordination,IM,2.88,8,0.125,2.63,3.12,N,,08/2019,Analyst
51-9031.00,1.A.2.b.2,Multilimb Coordination,LV,2.88,8,0.125,2.63,3.12,N,N,08/2019,Analyst
51-9031.00,1.A.2.b.3,Response Orientation,IM,1.75,8,0.1637,1.4292,2.0708,N,,08/2019,Analyst
51-9031.00,1.A.2.b.3,Response Orientation,LV,1.38,8,0.3239,0.7402,2.0098,N,N,08/2019,Analyst
51-9031.00,1.A.2.b.4,Rate Control,IM,2.38,8,0.183,2.0164,2.7336,N,,08/2019,Analyst
51-9031.00,1.A.2.b.4,Rate Control,LV,2.0,8,0.0,2.0,2.0,N,N,08/2019,Analyst
51-9031.00,1.A.2.c.1,Reaction Time,IM,2.62,8,0.183,2.2664,2.9836,N,,08/2019,Analyst
51-9031.00,1.A.2.c.1,Reaction Time,LV,2.62,8,0.183,2.2664,2.9836,N,N,08/2019,Analyst
51-9031.00,1.A.2.c.2,Wrist-Finger Speed,IM,2.0,8,0.0,2.0,2.0,N,,08/2019,Analyst
51-9031.00,1.A.2.c.2,Wrist-Finger Speed,LV,1.75,8,0.1637,1.4292,2.0708,N,N,08/2019,Analyst
51-9031.00,1.A.2.c.3,Speed of Limb Movement,IM,1.75,8,0.1637,1.4292,2.0708,N,,08/2019,Analyst
51-9031.00,1.A.2.c.3,Speed of Limb Movement,LV,0.88,8,0.2266,0.4309,1.3191,N,N,08/2019,Analyst
51-9031.00,1.A.3.a.1,Static Strength,IM,3.0,8,0.0,3.0,3.0,N,,08/2019,Analyst
51-9031.00,1.A.3.a.1,Static Strength,LV,3.0,8,0.0,3.0,3.0,N,N,08/2019,Analyst
51-9031.00,1.A.3.a.2,Explosive Strength,IM,1.88,8,0.2266,1.4309,2.3191,N,,08/2019,Analyst
51-9031.00,1.A.3.a.2,Explosive Strength,LV,1.25,8,0.366,0.5327,1.9673,N,N,08/2019,Analyst
51-9031.00,1.A.3.a.3,Dynamic Strength,IM,2.12,8,0.125,1.88,2.37,N,,08/2019,Analyst
51-9031.00,1.A.3.a.3,Dynamic Strength,LV,1.62,8,0.2631,1.1094,2.1406,N,N,08/2019,Analyst
51-9031.00,1.A.3.a.4,Trunk Strength,IM,2.75,8,0.1637,2.4292,3.0708,N,,08/2019,Analyst
51-9031.00,1.A.3.a.4,Trunk Strength,LV,2.12,8,0.125,1.88,2.37,N,N,08/2019,Analyst
51-9031.00,1.A.3.b.1,Stamina,IM,2.0,8,0.0,2.0,2.0,N,,08/2019,Analyst
51-9031.00,1.A.3.b.1,Stamina,LV,1.12,8,0.125,0.88,1.37,N,N,08/2019,Analyst
51-9031.00,1.A.3.c.1,Extent Flexibility,IM,2.38,8,0.183,2.0164,2.7336,N,,08/2019,Analyst
51-9031.00,1.A.3.c.1,Extent Flexibility,LV,2.38,8,0.183,2.0164,2.7336,N,N,08/2019,Analyst
51-9031.00,1.A.3.c.2,Dynamic Flexibility,IM,1.12,8,0.125,1.0,1.37,N,,08/2019,Analyst
51-9031.00,1.A.3.c.2,Dynamic Flexibility,LV,0.12,8,0.125,0.0,0.37,N,Y,08/2019,Analyst
51-9031.00,1.A.3.c.3,Gross Body Coordination,IM,2.0,8,0.0,2.0,2.0,N,,08/2019,Analyst
51-9031.00,1.A.3.c.3,Gross Body Coordination,LV,1.88,8,0.125,1.63,2.12,N,N,08/2019,Analyst
51-9031.00,1.A.3.c.4,Gross Body Equilibrium,IM,2.0,8,0.0,2.0,2.0,N,,08/2019,Analyst
51-9031.00,1.A.3.c.4,Gross Body Equilibrium,LV,1.38,8,0.2631,0.8594,1.8906,N,N,08/2019,Analyst
51-9031.00,1.A.4.a.1,Near Vision,IM,3.38,8,0.183,3.0164,3.7336,N,,08/2019,Analyst
51-9031.00,1.A.4.a.1,Near Vision,LV,3.25,8,0.1637,2.9292,3.5708,N,N,08/2019,Analyst
51-9031.00,1.A.4.a.2,Far Vision,IM,2.75,8,0.1637,2.4292,3.0708,N,,08/2019,Analyst
51-9031.00,1.A.4.a.2,Far Vision,LV,2.75,8,0.1637,2.4292,3.0708,N,N,08/2019,Analyst
51-9031.00,1.A.4.a.3,Visual Color Discrimination,IM,2.62,8,0.183,2.2664,2.9836,N,,08/2019,Analyst
51-9031.00,1.A.4.a.3,Visual Color Discrimination,LV,2.62,8,0.183,2.2664,2.9836,N,N,08/2019,Analyst
51-9031.00,1.A.4.a.4,Night Vision,IM,1.0,8,0.0,1.0,1.0,N,,08/2019,Analyst
51-9031.00,1.A.4.a.4,Night Vision,LV,0.0,8,0.0,0.0,0.0,N,Y,08/2019,Analyst
51-9031.00,1.A.4.a.5,Peripheral Vision,IM,1.0,8,0.0,1.0,1.0,N,,08/2019,Analyst
51-9031.00,1.A.4.a.5,Peripheral Vision,LV,0.0,8,0.0,0.0,0.0,N,Y,08/2019,Analyst
51-9031.00,1.A.4.a.6,Depth Perception,IM,2.0,8,0.0,2.0,2.0,N,,08/2019,Analyst
51-9031.00,1.A.4.a.6,Depth Perception,LV,1.5,8,0.189,1.1296,1.8704,N,N,08/2019,Analyst
51-9031.00,1.A.4.a.7,Glare Sensitivity,IM,1.38,8,0.183,1.0164,1.7336,N,,08/2019,Analyst
51-9031.00,1.A.4.a.7,Glare Sensitivity,LV,0.38,8,0.183,0.0164,0.7336,N,N,08/2019,Analyst
51-9031.00,1.A.4.b.1,Hearing Sensitivity,IM,2.12,8,0.125,1.88,2.37,N,,08/2019,Analyst
51-9031.00,1.A.4.b.1,Hearing Sensitivity,LV,2.0,8,0.0,2.0,2.0,N,N,08/2019,Analyst
51-9031.00,1.A.4.b.2,Auditory Attention,IM,2.0,8,0.0,2.0,2.0,N,,08/2019,Analyst
51-9031.00,1.A.4.b.2,Auditory Attention,LV,2.0,8,0.0,2.0,2.0,N,N,08/2019,Analyst
51-9031.00,1.A.4.b.3,Sound Localization,IM,1.0,8,0.0,1.0,1.0,N,,08/2019,Analyst
51-9031.00,1.A.4.b.3,Sound Localization,LV,0.0,8,0.0,0.0,0.0,N,Y,08/2019,Analyst
51-9031.00,1.A.4.b.4,Speech Recognition,IM,3.0,8,0.0,3.0,3.0,N,,08/2019,Analyst
51-9031.00,1.A.4.b.4,Speech Recognition,LV,2.62,8,0.183,2.2664,2.9836,N,N,08/2019,Analyst
51-9031.00,1.A.4.b.5,Speech Clarity,IM,2.88,8,0.125,2.63,3.12,N,,08/2019,Analyst
51-9031.00,1.A.4.b.5,Speech Clarity,LV,2.38,8,0.183,2.0164,2.7336,N,N,08/2019,Analyst
51-9032.00,1.A.1.a.1,Oral Comprehension,IM,3.38,8,0.183,3.0164,3.7336,N,,07/2016,Analyst
51-9032.00,1.A.1.a.1,Oral Comprehension,LV,3.25,8,0.1637,2.9292,3.5708,N,N,07/2016,Analyst
51-9032.00,1.A.1.a.2,Written Comprehension,IM,3.12,8,0.125,2.88,3.37,N,,07/2016,Analyst
51-9032.00,1.A.1.a.2,Written Comprehension,LV,3.0,8,0.0,3.0,3.0,N,N,07/2016,Analyst
51-9032.00,1.A.1.a.3,Oral Expression,IM,3.0,8,0.189,2.6296,3.3704,N,,07/2016,Analyst
51-9032.00,1.A.1.a.3,Oral Expression,LV,3.0,8,0.189,2.6296,3.3704,N,N,07/2016,Analyst
51-9032.00,1.A.1.a.4,Written Expression,IM,2.88,8,0.125,2.63,3.12,N,,07/2016,Analyst
51-9032.00,1.A.1.a.4,Written Expression,LV,2.62,8,0.183,2.2664,2.9836,N,N,07/2016,Analyst
51-9032.00,1.A.1.b.1,Fluency of Ideas,IM,2.62,8,0.183,2.2664,2.9836,N,,07/2016,Analyst
51-9032.00,1.A.1.b.1,Fluency of Ideas,LV,2.25,8,0.1637,1.9292,2.5708,N,N,07/2016,Analyst
51-9032.00,1.A.1.b.2,Originality,IM,2.0,8,0.0,2.0,2.0,N,,07/2016,Analyst
51-9032.00,1.A.1.b.2,Originality,LV,2.0,8,0.0,2.0,2.0,N,N,07/2016,Analyst
51-9032.00,1.A.1.b.3,Problem Sensitivity,IM,3.62,8,0.183,3.2664,3.9836,N,,07/2016,Analyst
51-9032.00,1.A.1.b.3,Problem Sensitivity,LV,2.88,8,0.125,2.63,3.12,N,N,07/2016,Analyst
51-9032.00,1.A.1.b.4,Deductive Reasoning,IM,3.25,8,0.1637,2.9292,3.5708,N,,07/2016,Analyst
51-9032.00,1.A.1.b.4,Deductive Reasoning,LV,2.88,8,0.125,2.63,3.12,N,N,07/2016,Analyst
51-9032.00,1.A.1.b.5,Inductive Reasoning,IM,3.0,8,0.0,3.0,3.0,N,,07/2016,Analyst
51-9032.00,1.A.1.b.5,Inductive Reasoning,LV,2.88,8,0.125,2.63,3.12,N,N,07/2016,Analyst
51-9032.00,1.A.1.b.6,Information Ordering,IM,3.25,8,0.1637,2.9292,3.5708,N,,07/2016,Analyst
51-9032.00,1.A.1.b.6,Information Ordering,LV,3.12,8,0.125,2.88,3.37,N,N,07/2016,Analyst
51-9032.00,1.A.1.b.7,Category Flexibility,IM,3.12,8,0.125,2.88,3.37,N,,07/2016,Analyst
51-9032.00,1.A.1.b.7,Category Flexibility,LV,2.88,8,0.125,2.63,3.12,N,N,07/2016,Analyst
51-9032.00,1.A.1.c.1,Mathematical Reasoning,IM,2.5,8,0.189,2.1296,2.8704,N,,07/2016,Analyst
51-9032.00,1.A.1.c.1,Mathematical Reasoning,LV,2.0,8,0.0,2.0,2.0,N,N,07/2016,Analyst
51-9032.00,1.A.1.c.2,Number Facility,IM,2.38,8,0.183,2.0164,2.7336,N,,07/2016,Analyst
51-9032.00,1.A.1.c.2,Number Facility,LV,2.0,8,0.0,2.0,2.0,N,N,07/2016,Analyst
51-9032.00,1.A.1.d.1,Memorization,IM,2.12,8,0.125,1.88,2.37,N,,07/2016,Analyst
51-9032.00,1.A.1.d.1,Memorization,LV,2.0,8,0.0,2.0,2.0,N,N,07/2016,Analyst
51-9032.00,1.A.1.e.1,Speed of Closure,IM,2.75,8,0.1637,2.4292,3.0708,N,,07/2016,Analyst
51-9032.00,1.A.1.e.1,Speed of Closure,LV,2.38,8,0.183,2.0164,2.7336,N,N,07/2016,Analyst
51-9032.00,1.A.1.e.2,Flexibility of Closure,IM,2.88,8,0.125,2.63,3.12,N,,07/2016,Analyst
51-9032.00,1.A.1.e.2,Flexibility of Closure,LV,2.88,8,0.125,2.63,3.12,N,N,07/2016,Analyst
51-9032.00,1.A.1.e.3,Perceptual Speed,IM,3.12,8,0.125,2.88,3.37,N,,07/2016,Analyst
51-9032.00,1.A.1.e.3,Perceptual Speed,LV,3.25,8,0.1637,2.9292,3.5708,N,N,07/2016,Analyst
51-9032.00,1.A.1.f.1,Spatial Orientation,IM,1.88,8,0.125,1.63,2.12,N,,07/2016,Analyst
51-9032.00,1.A.1.f.1,Spatial Orientation,LV,1.25,8,0.25,0.76,1.74,N,N,07/2016,Analyst
51-9032.00,1.A.1.f.2,Visualization,IM,3.38,8,0.183,3.0164,3.7336,N,,07/2016,Analyst
51-9032.00,1.A.1.f.2,Visualization,LV,3.38,8,0.183,3.0164,3.7336,N,N,07/2016,Analyst
51-9032.00,1.A.1.g.1,Selective Attention,IM,3.25,8,0.1637,2.9292,3.5708,N,,07/2016,Analyst
51-9032.00,1.A.1.g.1,Selective Attention,LV,3.25,8,0.1637,2.9292,3.5708,N,N,07/2016,Analyst
51-9032.00,1.A.1.g.2,Time Sharing,IM,2.12,8,0.125,1.88,2.37,N,,07/2016,Analyst
51-9032.00,1.A.1.g.2,Time Sharing,LV,2.12,8,0.125,1.88,2.37,N,N,07/2016,Analyst
51-9032.00,1.A.2.a.1,Arm-Hand Steadiness,IM,3.75,8,0.1637,3.4292,4.0708,N,,07/2016,Analyst
51-9032.00,1.A.2.a.1,Arm-Hand Steadiness,LV,3.25,8,0.1637,2.9292,3.5708,N,N,07/2016,Analyst
51-9032.00,1.A.2.a.2,Manual Dexterity,IM,3.62,8,0.183,3.2664,3.9836,N,,07/2016,Analyst
51-9032.00,1.A.2.a.2,Manual Dexterity,LV,3.38,8,0.183,3.0164,3.7336,N,N,07/2016,Analyst
51-9032.00,1.A.2.a.3,Finger Dexterity,IM,3.88,8,0.125,3.63,4.12,N,,07/2016,Analyst
51-9032.00,1.A.2.a.3,Finger Dexterity,LV,3.62,8,0.183,3.2664,3.9836,N,N,07/2016,Analyst
51-9032.00,1.A.2.b.1,Control Precision,IM,3.88,8,0.125,3.63,4.12,N,,07/2016,Analyst
51-9032.00,1.A.2.b.1,Control Precision,LV,3.62,8,0.183,3.2664,3.9836,N,N,07/2016,Analyst
51-9032.00,1.A.2.b.2,Multilimb Coordination,IM,3.38,8,0.183,3.0164,3.7336,N,,07/2016,Analyst
51-9032.00,1.A.2.b.2,Multilimb Coordination,LV,3.38,8,0.183,3.0164,3.7336,N,N,07/2016,Analyst
51-9032.00,1.A.2.b.3,Response Orientation,IM,3.0,8,0.0,3.0,3.0,N,,07/2016,Analyst
51-9032.00,1.A.2.b.3,Response Orientation,LV,2.88,8,0.125,2.63,3.12,N,N,07/2016,Analyst
51-9032.00,1.A.2.b.4,Rate Control,IM,3.25,8,0.1637,2.9292,3.5708,N,,07/2016,Analyst
51-9032.00,1.A.2.b.4,Rate Control,LV,3.12,8,0.125,2.88,3.37,N,N,07/2016,Analyst
51-9032.00,1.A.2.c.1,Reaction Time,IM,3.38,8,0.183,3.0164,3.7336,N,,07/2016,Analyst
51-9032.00,1.A.2.c.1,Reaction Time,LV,3.5,8,0.189,3.1296,3.8704,N,N,07/2016,Analyst
51-9032.00,1.A.2.c.2,Wrist-Finger Speed,IM,2.88,8,0.125,2.63,3.12,N,,07/2016,Analyst
51-9032.00,1.A.2.c.2,Wrist-Finger Speed,LV,2.75,8,0.1637,2.4292,3.0708,N,N,07/2016,Analyst
51-9032.00,1.A.2.c.3,Speed of Limb Movement,IM,1.88,8,0.125,1.63,2.12,N,,07/2016,Analyst
51-9032.00,1.A.2.c.3,Speed of Limb Movement,LV,1.62,8,0.2631,1.1094,2.1406,N,N,07/2016,Analyst
51-9032.00,1.A.3.a.1,Static Strength,IM,3.12,8,0.125,2.88,3.37,N,,07/2016,Analyst
51-9032.00,1.A.3.a.1,Static Strength,LV,3.12,8,0.125,2.88,3.37,N,N,07/2016,Analyst
51-9032.00,1.A.3.a.2,Explosive Strength,IM,1.88,8,0.2266,1.4309,2.3191,N,,07/2016,Analyst
51-9032.00,1.A.3.a.2,Explosive Strength,LV,1.0,8,0.2673,0.4762,1.5238,N,N,07/2016,Analyst
51-9032.00,1.A.3.a.3,Dynamic Strength,IM,2.5,8,0.2673,1.9762,3.0238,N,,07/2016,Analyst
51-9032.00,1.A.3.a.3,Dynamic Strength,LV,2.12,8,0.295,1.5467,2.7033,N,N,07/2016,Analyst
51-9032.00,1.A.3.a.4,Trunk Strength,IM,3.12,8,0.125,2.88,3.37,N,,07/2016,Analyst
51-9032.00,1.A.3.a.4,Trunk Strength,LV,3.0,8,0.189,2.6296,3.3704,N,N,07/2016,Analyst
51-9032.00,1.A.3.b.1,Stamina,IM,2.88,8,0.2266,2.4309,3.3191,N,,07/2016,Analyst
51-9032.00,1.A.3.b.1,Stamina,LV,2.38,8,0.183,2.0164,2.7336,N,N,07/2016,Analyst
51-9032.00,1.A.3.c.1,Extent Flexibility,IM,3.12,8,0.125,2.88,3.37,N,,07/2016,Analyst
51-9032.00,1.A.3.c.1,Extent Flexibility,LV,3.12,8,0.125,2.88,3.37,N,N,07/2016,Analyst
51-9032.00,1.A.3.c.2,Dynamic Flexibility,IM,1.62,8,0.2631,1.1094,2.1406,N,,07/2016,Analyst
51-9032.00,1.A.3.c.2,Dynamic Flexibility,LV,0.62,8,0.2631,0.1094,1.1406,N,N,07/2016,Analyst
51-9032.00,1.A.3.c.3,Gross Body Coordination,IM,2.38,8,0.183,2.0164,2.7336,N,,07/2016,Analyst
51-9032.00,1.A.3.c.3,Gross Body Coordination,LV,1.88,8,0.125,1.63,2.12,N,N,07/2016,Analyst
51-9032.00,1.A.3.c.4,Gross Body Equilibrium,IM,2.0,8,0.189,1.6296,2.3704,N,,07/2016,Analyst
51-9032.00,1.A.3.c.4,Gross Body Equilibrium,LV,1.0,8,0.189,0.6296,1.3704,N,N,07/2016,Analyst
51-9032.00,1.A.4.a.1,Near Vision,IM,3.88,8,0.125,3.63,4.12,N,,07/2016,Analyst
51-9032.00,1.A.4.a.1,Near Vision,LV,3.38,8,0.183,3.0164,3.7336,N,N,07/2016,Analyst
51-9032.00,1.A.4.a.2,Far Vision,IM,2.88,8,0.125,2.63,3.12,N,,07/2016,Analyst
51-9032.00,1.A.4.a.2,Far Vision,LV,2.88,8,0.125,2.63,3.12,N,N,07/2016,Analyst
51-9032.00,1.A.4.a.3,Visual Color Discrimination,IM,2.5,8,0.189,2.1296,2.8704,N,,07/2016,Analyst
51-9032.00,1.A.4.a.3,Visual Color Discrimination,LV,2.25,8,0.1637,1.9292,2.5708,N,N,07/2016,Analyst
51-9032.00,1.A.4.a.4,Night Vision,IM,1.75,8,0.1637,1.4292,2.0708,N,,07/2016,Analyst
51-9032.00,1.A.4.a.4,Night Vision,LV,0.88,8,0.2266,0.4309,1.3191,N,N,07/2016,Analyst
51-9032.00,1.A.4.a.5,Peripheral Vision,IM,1.88,8,0.125,1.63,2.12,N,,07/2016,Analyst
51-9032.00,1.A.4.a.5,Peripheral Vision,LV,0.88,8,0.125,0.63,1.12,N,N,07/2016,Analyst
51-9032.00,1.A.4.a.6,Depth Perception,IM,3.12,8,0.125,2.88,3.37,N,,07/2016,Analyst
51-9032.00,1.A.4.a.6,Depth Perception,LV,3.25,8,0.1637,2.9292,3.5708,N,N,07/2016,Analyst
51-9032.00,1.A.4.a.7,Glare Sensitivity,IM,1.62,8,0.183,1.2664,1.9836,N,,07/2016,Analyst
51-9032.00,1.A.4.a.7,Glare Sensitivity,LV,0.88,8,0.295,0.2967,1.4533,N,N,07/2016,Analyst
51-9032.00,1.A.4.b.1,Hearing Sensitivity,IM,2.25,8,0.1637,1.9292,2.5708,N,,07/2016,Analyst
51-9032.00,1.A.4.b.1,Hearing Sensitivity,LV,2.25,8,0.1637,1.9292,2.5708,N,N,07/2016,Analyst
51-9032.00,1.A.4.b.2,Auditory Attention,IM,2.88,8,0.2266,2.4309,3.3191,N,,07/2016,Analyst
51-9032.00,1.A.4.b.2,Auditory Attention,LV,3.0,8,0.189,2.6296,3.3704,N,N,07/2016,Analyst
51-9032.00,1.A.4.b.3,Sound Localization,IM,1.75,8,0.1637,1.4292,2.0708,N,,07/2016,Analyst
51-9032.00,1.A.4.b.3,Sound Localization,LV,0.88,8,0.2266,0.4309,1.3191,N,N,07/2016,Analyst
51-9032.00,1.A.4.b.4,Speech Recognition,IM,2.88,8,0.125,2.63,3.12,N,,07/2016,Analyst
51-9032.00,1.A.4.b.4,Speech Recognition,LV,2.12,8,0.125,1.88,2.37,N,N,07/2016,Analyst
51-9032.00,1.A.4.b.5,Speech Clarity,IM,2.88,8,0.125,2.63,3.12,N,,07/2016,Analyst
51-9032.00,1.A.4.b.5,Speech Clarity,LV,2.62,8,0.183,2.2664,2.9836,N,N,07/2016,Analyst
51-9041.00,1.A.1.a.1,Oral Comprehension,IM,3.12,8,0.125,2.88,3.37,N,,07/2016,Analyst
51-9041.00,1.A.1.a.1,Oral Comprehension,LV,3.12,8,0.125,2.88,3.37,N,N,07/2016,Analyst
51-9041.00,1.A.1.a.2,Written Comprehension,IM,3.12,8,0.125,2.88,3.37,N,,07/2016,Analyst
51-9041.00,1.A.1.a.2,Written Comprehension,LV,2.88,8,0.125,2.63,3.12,N,N,07/2016,Analyst
51-9041.00,1.A.1.a.3,Oral Expression,IM,3.12,8,0.125,2.88,3.37,N,,07/2016,Analyst
51-9041.00,1.A.1.a.3,Oral Expression,LV,2.88,8,0.125,2.63,3.12,N,N,07/2016,Analyst
51-9041.00,1.A.1.a.4,Written Expression,IM,2.62,8,0.183,2.2664,2.9836,N,,07/2016,Analyst
51-9041.00,1.A.1.a.4,Written Expression,LV,2.12,8,0.125,1.88,2.37,N,N,07/2016,Analyst
51-9041.00,1.A.1.b.1,Fluency of Ideas,IM,2.12,8,0.125,1.88,2.37,N,,07/2016,Analyst
51-9041.00,1.A.1.b.1,Fluency of Ideas,LV,2.0,8,0.0,2.0,2.0,N,N,07/2016,Analyst
51-9041.00,1.A.1.b.2,Originality,IM,2.12,8,0.125,1.88,2.37,N,,07/2016,Analyst
51-9041.00,1.A.1.b.2,Originality,LV,2.0,8,0.0,2.0,2.0,N,N,07/2016,Analyst
51-9041.00,1.A.1.b.3,Problem Sensitivity,IM,3.38,8,0.183,3.0164,3.7336,N,,07/2016,Analyst
51-9041.00,1.A.1.b.3,Problem Sensitivity,LV,2.88,8,0.125,2.63,3.12,N,N,07/2016,Analyst
51-9041.00,1.A.1.b.4,Deductive Reasoning,IM,3.12,8,0.125,2.88,3.37,N,,07/2016,Analyst
51-9041.00,1.A.1.b.4,Deductive Reasoning,LV,2.88,8,0.125,2.63,3.12,N,N,07/2016,Analyst
51-9041.00,1.A.1.b.5,Inductive Reasoning,IM,3.0,8,0.0,3.0,3.0,N,,07/2016,Analyst
51-9041.00,1.A.1.b.5,Inductive Reasoning,LV,2.88,8,0.125,2.63,3.12,N,N,07/2016,Analyst
51-9041.00,1.A.1.b.6,Information Ordering,IM,3.25,8,0.1637,2.9292,3.5708,N,,07/2016,Analyst
51-9041.00,1.A.1.b.6,Information Ordering,LV,3.12,8,0.2266,2.6809,3.5691,N,N,07/2016,Analyst
51-9041.00,1.A.1.b.7,Category Flexibility,IM,3.12,8,0.125,2.88,3.37,N,,07/2016,Analyst
51-9041.00,1.A.1.b.7,Category Flexibility,LV,3.0,8,0.0,3.0,3.0,N,N,07/2016,Analyst
51-9041.00,1.A.1.c.1,Mathematical Reasoning,IM,2.25,8,0.1637,1.9292,2.5708,N,,07/2016,Analyst
51-9041.00,1.A.1.c.1,Mathematical Reasoning,LV,1.75,8,0.1637,1.4292,2.0708,N,N,07/2016,Analyst
51-9041.00,1.A.1.c.2,Number Facility,IM,2.12,8,0.125,1.88,2.37,N,,07/2016,Analyst
51-9041.00,1.A.1.c.2,Number Facility,LV,2.0,8,0.0,2.0,2.0,N,N,07/2016,Analyst
51-9041.00,1.A.1.d.1,Memorization,IM,2.0,8,0.0,2.0,2.0,N,,07/2016,Analyst
51-9041.00,1.A.1.d.1,Memorization,LV,1.88,8,0.125,1.63,2.12,N,N,07/2016,Analyst
51-9041.00,1.A.1.e.1,Speed of Closure,IM,2.38,8,0.183,2.0164,2.7336,N,,07/2016,Analyst
51-9041.00,1.A.1.e.1,Speed of Closure,LV,1.88,8,0.125,1.63,2.12,N,N,07/2016,Analyst
51-9041.00,1.A.1.e.2,Flexibility of Closure,IM,2.75,8,0.1637,2.4292,3.0708,N,,07/2016,Analyst
51-9041.00,1.A.1.e.2,Flexibility of Closure,LV,2.75,8,0.1637,2.4292,3.0708,N,N,07/2016,Analyst
51-9041.00,1.A.1.e.3,Perceptual Speed,IM,3.75,8,0.1637,3.4292,4.0708,N,,07/2016,Analyst
51-9041.00,1.A.1.e.3,Perceptual Speed,LV,3.75,8,0.1637,3.4292,4.0708,N,N,07/2016,Analyst
51-9041.00,1.A.1.f.1,Spatial Orientation,IM,1.88,8,0.125,1.63,2.12,N,,07/2016,Analyst
51-9041.00,1.A.1.f.1,Spatial Orientation,LV,1.25,8,0.25,0.76,1.74,N,N,07/2016,Analyst
51-9041.00,1.A.1.f.2,Visualization,IM,3.12,8,0.125,2.88,3.37,N,,07/2016,Analyst
51-9041.00,1.A.1.f.2,Visualization,LV,3.62,8,0.183,3.2664,3.9836,N,N,07/2016,Analyst
51-9041.00,1.A.1.g.1,Selective Attention,IM,3.12,8,0.125,2.88,3.37,N,,07/2016,Analyst
51-9041.00,1.A.1.g.1,Selective Attention,LV,3.38,8,0.183,3.0164,3.7336,N,N,07/2016,Analyst
51-9041.00,1.A.1.g.2,Time Sharing,IM,2.5,8,0.189,2.1296,2.8704,N,,07/2016,Analyst
51-9041.00,1.A.1.g.2,Time Sharing,LV,2.5,8,0.189,2.1296,2.8704,N,N,07/2016,Analyst
51-9041.00,1.A.2.a.1,Arm-Hand Steadiness,IM,3.62,8,0.183,3.2664,3.9836,N,,07/2016,Analyst
51-9041.00,1.A.2.a.1,Arm-Hand Steadiness,LV,3.25,8,0.1637,2.9292,3.5708,N,N,07/2016,Analyst
51-9041.00,1.A.2.a.2,Manual Dexterity,IM,3.38,8,0.183,3.0164,3.7336,N,,07/2016,Analyst
51-9041.00,1.A.2.a.2,Manual Dexterity,LV,3.12,8,0.125,2.88,3.37,N,N,07/2016,Analyst
51-9041.00,1.A.2.a.3,Finger Dexterity,IM,3.25,8,0.1637,2.9292,3.5708,N,,07/2016,Analyst
51-9041.00,1.A.2.a.3,Finger Dexterity,LV,3.25,8,0.1637,2.9292,3.5708,N,N,07/2016,Analyst
51-9041.00,1.A.2.b.1,Control Precision,IM,3.25,8,0.1637,2.9292,3.5708,N,,07/2016,Analyst
51-9041.00,1.A.2.b.1,Control Precision,LV,3.12,8,0.125,2.88,3.37,N,N,07/2016,Analyst
51-9041.00,1.A.2.b.2,Multilimb Coordination,IM,3.12,8,0.125,2.88,3.37,N,,07/2016,Analyst
51-9041.00,1.A.2.b.2,Multilimb Coordination,LV,3.25,8,0.1637,2.9292,3.5708,N,N,07/2016,Analyst
51-9041.00,1.A.2.b.3,Response Orientation,IM,3.0,8,0.0,3.0,3.0,N,,07/2016,Analyst
51-9041.00,1.A.2.b.3,Response Orientation,LV,2.88,8,0.125,2.63,3.12,N,N,07/2016,Analyst
51-9041.00,1.A.2.b.4,Rate Control,IM,3.75,8,0.1637,3.4292,4.0708,N,,07/2016,Analyst
51-9041.00,1.A.2.b.4,Rate Control,LV,3.12,8,0.125,2.88,3.37,N,N,07/2016,Analyst
51-9041.00,1.A.2.c.1,Reaction Time,IM,3.75,8,0.1637,3.4292,4.0708,N,,07/2016,Analyst
51-9041.00,1.A.2.c.1,Reaction Time,LV,3.75,8,0.1637,3.4292,4.0708,N,N,07/2016,Analyst
51-9041.00,1.A.2.c.2,Wrist-Finger Speed,IM,2.62,8,0.183,2.2664,2.9836,N,,07/2016,Analyst
51-9041.00,1.A.2.c.2,Wrist-Finger Speed,LV,2.38,8,0.183,2.0164,2.7336,N,N,07/2016,Analyst
51-9041.00,1.A.2.c.3,Speed of Limb Movement,IM,2.38,8,0.2631,1.8594,2.8906,N,,07/2016,Analyst
51-9041.00,1.A.2.c.3,Speed of Limb Movement,LV,1.88,8,0.295,1.2967,2.4533,N,N,07/2016,Analyst
51-9041.00,1.A.3.a.1,Static Strength,IM,3.12,8,0.125,2.88,3.37,N,,07/2016,Analyst
51-9041.00,1.A.3.a.1,Static Strength,LV,3.25,8,0.1637,2.9292,3.5708,N,N,07/2016,Analyst
51-9041.00,1.A.3.a.2,Explosive Strength,IM,1.75,8,0.1637,1.4292,2.0708,N,,07/2016,Analyst
51-9041.00,1.A.3.a.2,Explosive Strength,LV,0.75,8,0.1637,0.4292,1.0708,N,N,07/2016,Analyst
51-9041.00,1.A.3.a.3,Dynamic Strength,IM,2.62,8,0.183,2.2664,2.9836,N,,07/2016,Analyst
51-9041.00,1.A.3.a.3,Dynamic Strength,LV,2.38,8,0.183,2.0164,2.7336,N,N,07/2016,Analyst
51-9041.00,1.A.3.a.4,Trunk Strength,IM,3.12,8,0.125,2.88,3.37,N,,07/2016,Analyst
51-9041.00,1.A.3.a.4,Trunk Strength,LV,3.12,8,0.125,2.88,3.37,N,N,07/2016,Analyst
51-9041.00,1.A.3.b.1,Stamina,IM,3.12,8,0.125,2.88,3.37,N,,07/2016,Analyst
51-9041.00,1.A.3.b.1,Stamina,LV,2.5,8,0.189,2.1296,2.8704,N,N,07/2016,Analyst
51-9041.00,1.A.3.c.1,Extent Flexibility,IM,2.88,8,0.2266,2.4309,3.3191,N,,07/2016,Analyst
51-9041.00,1.A.3.c.1,Extent Flexibility,LV,3.12,8,0.125,2.88,3.37,N,N,07/2016,Analyst
51-9041.00,1.A.3.c.2,Dynamic Flexibility,IM,1.75,8,0.1637,1.4292,2.0708,N,,07/2016,Analyst
51-9041.00,1.A.3.c.2,Dynamic Flexibility,LV,1.0,8,0.2673,0.4762,1.5238,N,N,07/2016,Analyst
51-9041.00,1.A.3.c.3,Gross Body Coordination,IM,2.5,8,0.189,2.1296,2.8704,N,,07/2016,Analyst
51-9041.00,1.A.3.c.3,Gross Body Coordination,LV,2.38,8,0.183,2.0164,2.7336,N,N,07/2016,Analyst
51-9041.00,1.A.3.c.4,Gross Body Equilibrium,IM,2.0,8,0.189,1.6296,2.3704,N,,07/2016,Analyst
51-9041.00,1.A.3.c.4,Gross Body Equilibrium,LV,1.38,8,0.2631,0.8594,1.8906,N,N,07/2016,Analyst
51-9041.00,1.A.4.a.1,Near Vision,IM,3.38,8,0.183,3.0164,3.7336,N,,07/2016,Analyst
51-9041.00,1.A.4.a.1,Near Vision,LV,3.25,8,0.1637,2.9292,3.5708,N,N,07/2016,Analyst
51-9041.00,1.A.4.a.2,Far Vision,IM,3.25,8,0.1637,2.9292,3.5708,N,,07/2016,Analyst
51-9041.00,1.A.4.a.2,Far Vision,LV,3.25,8,0.1637,2.9292,3.5708,N,N,07/2016,Analyst
51-9041.00,1.A.4.a.3,Visual Color Discrimination,IM,2.88,8,0.125,2.63,3.12,N,,07/2016,Analyst
51-9041.00,1.A.4.a.3,Visual Color Discrimination,LV,2.75,8,0.1637,2.4292,3.0708,N,N,07/2016,Analyst
51-9041.00,1.A.4.a.4,Night Vision,IM,1.25,8,0.1637,1.0,1.5708,N,,07/2016,Analyst
51-9041.00,1.A.4.a.4,Night Vision,LV,0.25,8,0.1637,0.0,0.5708,N,Y,07/2016,Analyst
51-9041.00,1.A.4.a.5,Peripheral Vision,IM,1.5,8,0.189,1.1296,1.8704,N,,07/2016,Analyst
51-9041.00,1.A.4.a.5,Peripheral Vision,LV,0.5,8,0.189,0.1296,0.8704,N,N,07/2016,Analyst
51-9041.00,1.A.4.a.6,Depth Perception,IM,3.0,8,0.0,3.0,3.0,N,,07/2016,Analyst
51-9041.00,1.A.4.a.6,Depth Perception,LV,3.0,8,0.0,3.0,3.0,N,N,07/2016,Analyst
51-9041.00,1.A.4.a.7,Glare Sensitivity,IM,1.88,8,0.2266,1.4309,2.3191,N,,07/2016,Analyst
51-9041.00,1.A.4.a.7,Glare Sensitivity,LV,1.5,8,0.378,0.7592,2.2408,N,N,07/2016,Analyst
51-9041.00,1.A.4.b.1,Hearing Sensitivity,IM,3.0,8,0.189,2.6296,3.3704,N,,07/2016,Analyst
51-9041.00,1.A.4.b.1,Hearing Sensitivity,LV,2.88,8,0.2266,2.4309,3.3191,N,N,07/2016,Analyst
51-9041.00,1.A.4.b.2,Auditory Attention,IM,3.25,8,0.1637,2.9292,3.5708,N,,07/2016,Analyst
51-9041.00,1.A.4.b.2,Auditory Attention,LV,3.25,8,0.1637,2.9292,3.5708,N,N,07/2016,Analyst
51-9041.00,1.A.4.b.3,Sound Localization,IM,1.75,8,0.1637,1.4292,2.0708,N,,07/2016,Analyst
51-9041.00,1.A.4.b.3,Sound Localization,LV,0.88,8,0.2266,0.4309,1.3191,N,N,07/2016,Analyst
51-9041.00,1.A.4.b.4,Speech Recognition,IM,3.0,8,0.0,3.0,3.0,N,,07/2016,Analyst
51-9041.00,1.A.4.b.4,Speech Recognition,LV,2.75,8,0.1637,2.4292,3.0708,N,N,07/2016,Analyst
51-9041.00,1.A.4.b.5,Speech Clarity,IM,3.0,8,0.0,3.0,3.0,N,,07/2016,Analyst
51-9041.00,1.A.4.b.5,Speech Clarity,LV,2.75,8,0.1637,2.4292,3.0708,N,N,07/2016,Analyst
51-9051.00,1.A.1.a.1,Oral Comprehension,IM,3.38,8,0.183,3.0164,3.7336,N,,07/2015,Analyst
51-9051.00,1.A.1.a.1,Oral Comprehension,LV,3.62,8,0.183,3.2664,3.9836,N,N,07/2015,Analyst
51-9051.00,1.A.1.a.2,Written Comprehension,IM,3.38,8,0.183,3.0164,3.7336,N,,07/2015,Analyst
51-9051.00,1.A.1.a.2,Written Comprehension,LV,3.12,8,0.125,2.88,3.37,N,N,07/2015,Analyst
51-9051.00,1.A.1.a.3,Oral Expression,IM,3.12,8,0.125,2.88,3.37,N,,07/2015,Analyst
51-9051.00,1.A.1.a.3,Oral Expression,LV,3.38,8,0.183,3.0164,3.7336,N,N,07/2015,Analyst
51-9051.00,1.A.1.a.4,Written Expression,IM,2.88,8,0.125,2.63,3.12,N,,07/2015,Analyst
51-9051.00,1.A.1.a.4,Written Expression,LV,2.75,8,0.1637,2.4292,3.0708,N,N,07/2015,Analyst
51-9051.00,1.A.1.b.1,Fluency of Ideas,IM,2.12,8,0.125,1.88,2.37,N,,07/2015,Analyst
51-9051.00,1.A.1.b.1,Fluency of Ideas,LV,1.5,8,0.189,1.1296,1.8704,N,N,07/2015,Analyst
51-9051.00,1.A.1.b.2,Originality,IM,2.0,8,0.189,1.6296,2.3704,N,,07/2015,Analyst
51-9051.00,1.A.1.b.2,Originality,LV,1.12,8,0.2266,0.6809,1.5691,N,N,07/2015,Analyst
51-9051.00,1.A.1.b.3,Problem Sensitivity,IM,3.62,8,0.183,3.2664,3.9836,N,,07/2015,Analyst
51-9051.00,1.A.1.b.3,Problem Sensitivity,LV,3.12,8,0.125,2.88,3.37,N,N,07/2015,Analyst
51-9051.00,1.A.1.b.4,Deductive Reasoning,IM,3.0,8,0.189,2.6296,3.3704,N,,07/2015,Analyst
51-9051.00,1.A.1.b.4,Deductive Reasoning,LV,2.88,8,0.125,2.63,3.12,N,N,07/2015,Analyst
51-9051.00,1.A.1.b.5,Inductive Reasoning,IM,3.0,8,0.189,2.6296,3.3704,N,,07/2015,Analyst
51-9051.00,1.A.1.b.5,Inductive Reasoning,LV,2.88,8,0.125,2.63,3.12,N,N,07/2015,Analyst
51-9051.00,1.A.1.b.6,Information Ordering,IM,3.12,8,0.125,2.88,3.37,N,,07/2015,Analyst
51-9051.00,1.A.1.b.6,Information Ordering,LV,3.0,8,0.0,3.0,3.0,N,N,07/2015,Analyst
51-9051.00,1.A.1.b.7,Category Flexibility,IM,2.88,8,0.2266,2.4309,3.3191,N,,07/2015,Analyst
51-9051.00,1.A.1.b.7,Category Flexibility,LV,3.0,8,0.0,3.0,3.0,N,N,07/2015,Analyst
51-9051.00,1.A.1.c.1,Mathematical Reasoning,IM,2.0,8,0.0,2.0,2.0,N,,07/2015,Analyst
51-9051.00,1.A.1.c.1,Mathematical Reasoning,LV,2.0,8,0.0,2.0,2.0,N,N,07/2015,Analyst
51-9051.00,1.A.1.c.2,Number Facility,IM,2.12,8,0.125,1.88,2.37,N,,07/2015,Analyst
51-9051.00,1.A.1.c.2,Number Facility,LV,1.5,8,0.189,1.1296,1.8704,N,N,07/2015,Analyst
51-9051.00,1.A.1.d.1,Memorization,IM,1.75,8,0.1637,1.4292,2.0708,N,,07/2015,Analyst
51-9051.00,1.A.1.d.1,Memorization,LV,1.25,8,0.3134,0.6358,1.8642,N,N,07/2015,Analyst
51-9051.00,1.A.1.e.1,Speed of Closure,IM,1.75,8,0.1637,1.4292,2.0708,N,,07/2015,Analyst
51-9051.00,1.A.1.e.1,Speed of Closure,LV,1.12,8,0.295,0.5467,1.7033,N,N,07/2015,Analyst
51-9051.00,1.A.1.e.2,Flexibility of Closure,IM,2.25,8,0.1637,1.9292,2.5708,N,,07/2015,Analyst
51-9051.00,1.A.1.e.2,Flexibility of Closure,LV,2.5,8,0.189,2.1296,2.8704,N,N,07/2015,Analyst
51-9051.00,1.A.1.e.3,Perceptual Speed,IM,3.0,8,0.189,2.6296,3.3704,N,,07/2015,Analyst
51-9051.00,1.A.1.e.3,Perceptual Speed,LV,3.25,8,0.1637,2.9292,3.5708,N,N,07/2015,Analyst
51-9051.00,1.A.1.f.1,Spatial Orientation,IM,2.0,8,0.0,2.0,2.0,N,,07/2015,Analyst
51-9051.00,1.A.1.f.1,Spatial Orientation,LV,1.12,8,0.125,0.88,1.37,N,N,07/2015,Analyst
51-9051.00,1.A.1.f.2,Visualization,IM,2.25,8,0.1637,1.9292,2.5708,N,,07/2015,Analyst
51-9051.00,1.A.1.f.2,Visualization,LV,2.12,8,0.125,1.88,2.37,N,N,07/2015,Analyst
51-9051.00,1.A.1.g.1,Selective Attention,IM,3.12,8,0.125,2.88,3.37,N,,07/2015,Analyst
51-9051.00,1.A.1.g.1,Selective Attention,LV,3.25,8,0.1637,2.9292,3.5708,N,N,07/2015,Analyst
51-9051.00,1.A.1.g.2,Time Sharing,IM,2.25,8,0.1637,1.9292,2.5708,N,,07/2015,Analyst
51-9051.00,1.A.1.g.2,Time Sharing,LV,2.0,8,0.0,2.0,2.0,N,N,07/2015,Analyst
51-9051.00,1.A.2.a.1,Arm-Hand Steadiness,IM,3.25,8,0.1637,2.9292,3.5708,N,,07/2015,Analyst
51-9051.00,1.A.2.a.1,Arm-Hand Steadiness,LV,3.0,8,0.0,3.0,3.0,N,N,07/2015,Analyst
51-9051.00,1.A.2.a.2,Manual Dexterity,IM,3.0,8,0.0,3.0,3.0,N,,07/2015,Analyst
51-9051.00,1.A.2.a.2,Manual Dexterity,LV,2.88,8,0.125,2.63,3.12,N,N,07/2015,Analyst
51-9051.00,1.A.2.a.3,Finger Dexterity,IM,2.75,8,0.1637,2.4292,3.0708,N,,07/2015,Analyst
51-9051.00,1.A.2.a.3,Finger Dexterity,LV,2.88,8,0.125,2.63,3.12,N,N,07/2015,Analyst
51-9051.00,1.A.2.b.1,Control Precision,IM,3.5,8,0.189,3.1296,3.8704,N,,07/2015,Analyst
51-9051.00,1.A.2.b.1,Control Precision,LV,3.5,8,0.189,3.1296,3.8704,N,N,07/2015,Analyst
51-9051.00,1.A.2.b.2,Multilimb Coordination,IM,3.0,8,0.0,3.0,3.0,N,,07/2015,Analyst
51-9051.00,1.A.2.b.2,Multilimb Coordination,LV,3.0,8,0.0,3.0,3.0,N,N,07/2015,Analyst
51-9051.00,1.A.2.b.3,Response Orientation,IM,2.12,8,0.125,1.88,2.37,N,,07/2015,Analyst
51-9051.00,1.A.2.b.3,Response Orientation,LV,2.12,8,0.125,1.88,2.37,N,N,07/2015,Analyst
51-9051.00,1.A.2.b.4,Rate Control,IM,2.38,8,0.183,2.0164,2.7336,N,,07/2015,Analyst
51-9051.00,1.A.2.b.4,Rate Control,LV,2.5,8,0.189,2.1296,2.8704,N,N,07/2015,Analyst
51-9051.00,1.A.2.c.1,Reaction Time,IM,3.12,8,0.125,2.88,3.37,N,,07/2015,Analyst
51-9051.00,1.A.2.c.1,Reaction Time,LV,3.38,8,0.183,3.0164,3.7336,N,N,07/2015,Analyst
51-9051.00,1.A.2.c.2,Wrist-Finger Speed,IM,2.0,8,0.0,2.0,2.0,N,,07/2015,Analyst
51-9051.00,1.A.2.c.2,Wrist-Finger Speed,LV,2.0,8,0.0,2.0,2.0,N,N,07/2015,Analyst
51-9051.00,1.A.2.c.3,Speed of Limb Movement,IM,1.88,8,0.125,1.63,2.12,N,,07/2015,Analyst
51-9051.00,1.A.2.c.3,Speed of Limb Movement,LV,1.62,8,0.2631,1.1094,2.1406,N,N,07/2015,Analyst
51-9051.00,1.A.3.a.1,Static Strength,IM,2.88,8,0.125,2.63,3.12,N,,07/2015,Analyst
51-9051.00,1.A.3.a.1,Static Strength,LV,3.0,8,0.0,3.0,3.0,N,N,07/2015,Analyst
51-9051.00,1.A.3.a.2,Explosive Strength,IM,1.5,8,0.189,1.1296,1.8704,N,,07/2015,Analyst
51-9051.00,1.A.3.a.2,Explosive Strength,LV,0.75,8,0.3134,0.1358,1.3642,N,N,07/2015,Analyst
51-9051.00,1.A.3.a.3,Dynamic Strength,IM,2.25,8,0.1637,1.9292,2.5708,N,,07/2015,Analyst
51-9051.00,1.A.3.a.3,Dynamic Strength,LV,2.12,8,0.125,1.88,2.37,N,N,07/2015,Analyst
51-9051.00,1.A.3.a.4,Trunk Strength,IM,3.0,8,0.0,3.0,3.0,N,,07/2015,Analyst
51-9051.00,1.A.3.a.4,Trunk Strength,LV,3.0,8,0.0,3.0,3.0,N,N,07/2015,Analyst
51-9051.00,1.A.3.b.1,Stamina,IM,2.12,8,0.125,1.88,2.37,N,,07/2015,Analyst
51-9051.00,1.A.3.b.1,Stamina,LV,2.12,8,0.125,1.88,2.37,N,N,07/2015,Analyst
51-9051.00,1.A.3.c.1,Extent Flexibility,IM,2.75,8,0.1637,2.4292,3.0708,N,,07/2015,Analyst
51-9051.00,1.A.3.c.1,Extent Flexibility,LV,3.25,8,0.1637,2.9292,3.5708,N,N,07/2015,Analyst
51-9051.00,1.A.3.c.2,Dynamic Flexibility,IM,1.0,8,0.0,1.0,1.0,N,,07/2015,Analyst
51-9051.00,1.A.3.c.2,Dynamic Flexibility,LV,0.0,8,0.0,0.0,0.0,N,Y,07/2015,Analyst
51-9051.00,1.A.3.c.3,Gross Body Coordination,IM,2.12,8,0.125,1.88,2.37,N,,07/2015,Analyst
51-9051.00,1.A.3.c.3,Gross Body Coordination,LV,2.0,8,0.0,2.0,2.0,N,N,07/2015,Analyst
51-9051.00,1.A.3.c.4,Gross Body Equilibrium,IM,2.62,8,0.183,2.2664,2.9836,N,,07/2015,Analyst
51-9051.00,1.A.3.c.4,Gross Body Equilibrium,LV,2.25,8,0.1637,1.9292,2.5708,N,N,07/2015,Analyst
51-9051.00,1.A.4.a.1,Near Vision,IM,3.25,8,0.1637,2.9292,3.5708,N,,07/2015,Analyst
51-9051.00,1.A.4.a.1,Near Vision,LV,3.88,8,0.125,3.63,4.12,N,N,07/2015,Analyst
51-9051.00,1.A.4.a.2,Far Vision,IM,2.25,8,0.1637,1.9292,2.5708,N,,07/2015,Analyst
51-9051.00,1.A.4.a.2,Far Vision,LV,2.12,8,0.125,1.88,2.37,N,N,07/2015,Analyst
51-9051.00,1.A.4.a.3,Visual Color Discrimination,IM,2.12,8,0.125,1.88,2.37,N,,07/2015,Analyst
51-9051.00,1.A.4.a.3,Visual Color Discrimination,LV,2.0,8,0.0,2.0,2.0,N,N,07/2015,Analyst
51-9051.00,1.A.4.a.4,Night Vision,IM,1.62,8,0.183,1.2664,1.9836,N,,07/2015,Analyst
51-9051.00,1.A.4.a.4,Night Vision,LV,0.75,8,0.25,0.26,1.24,N,N,07/2015,Analyst
51-9051.00,1.A.4.a.5,Peripheral Vision,IM,1.38,8,0.183,1.0164,1.7336,N,,07/2015,Analyst
51-9051.00,1.A.4.a.5,Peripheral Vision,LV,0.5,8,0.2673,0.0,1.0238,N,N,07/2015,Analyst
51-9051.00,1.A.4.a.6,Depth Perception,IM,2.12,8,0.125,1.88,2.37,N,,07/2015,Analyst
51-9051.00,1.A.4.a.6,Depth Perception,LV,2.5,8,0.189,2.1296,2.8704,N,N,07/2015,Analyst
51-9051.00,1.A.4.a.7,Glare Sensitivity,IM,1.62,8,0.183,1.2664,1.9836,N,,07/2015,Analyst
51-9051.00,1.A.4.a.7,Glare Sensitivity,LV,0.88,8,0.295,0.2967,1.4533,N,N,07/2015,Analyst
51-9051.00,1.A.4.b.1,Hearing Sensitivity,IM,2.0,8,0.0,2.0,2.0,N,,07/2015,Analyst
51-9051.00,1.A.4.b.1,Hearing Sensitivity,LV,1.38,8,0.183,1.0164,1.7336,N,N,07/2015,Analyst
51-9051.00,1.A.4.b.2,Auditory Attention,IM,2.75,8,0.1637,2.4292,3.0708,N,,07/2015,Analyst
51-9051.00,1.A.4.b.2,Auditory Attention,LV,2.75,8,0.1637,2.4292,3.0708,N,N,07/2015,Analyst
51-9051.00,1.A.4.b.3,Sound Localization,IM,1.5,8,0.189,1.1296,1.8704,N,,07/2015,Analyst
51-9051.00,1.A.4.b.3,Sound Localization,LV,0.5,8,0.189,0.1296,0.8704,N,N,07/2015,Analyst
51-9051.00,1.A.4.b.4,Speech Recognition,IM,3.25,8,0.1637,2.9292,3.5708,N,,07/2015,Analyst
51-9051.00,1.A.4.b.4,Speech Recognition,LV,2.88,8,0.125,2.63,3.12,N,N,07/2015,Analyst
51-9051.00,1.A.4.b.5,Speech Clarity,IM,3.12,8,0.125,2.88,3.37,N,,07/2015,Analyst
51-9051.00,1.A.4.b.5,Speech Clarity,LV,2.88,8,0.125,2.63,3.12,N,N,07/2015,Analyst
51-9061.00,1.A.1.a.1,Oral Comprehension,IM,3.5,8,0.189,3.1296,3.8704,N,,08/2020,Analyst
51-9061.00,1.A.1.a.1,Oral Comprehension,LV,3.5,8,0.189,3.1296,3.8704,N,N,08/2020,Analyst
51-9061.00,1.A.1.a.2,Written Comprehension,IM,3.12,8,0.125,2.88,3.37,N,,08/2020,Analyst
51-9061.00,1.A.1.a.2,Written Comprehension,LV,3.38,8,0.183,3.0164,3.7336,N,N,08/2020,Analyst
51-9061.00,1.A.1.a.3,Oral Expression,IM,3.62,8,0.183,3.2664,3.9836,N,,08/2020,Analyst
51-9061.00,1.A.1.a.3,Oral Expression,LV,3.62,8,0.183,3.2664,3.9836,N,N,08/2020,Analyst
51-9061.00,1.A.1.a.4,Written Expression,IM,2.88,8,0.125,2.63,3.12,N,,08/2020,Analyst
51-9061.00,1.A.1.a.4,Written Expression,LV,3.0,8,0.0,3.0,3.0,N,N,08/2020,Analyst
51-9061.00,1.A.1.b.1,Fluency of Ideas,IM,2.38,8,0.183,2.0164,2.7336,N,,08/2020,Analyst
51-9061.00,1.A.1.b.1,Fluency of Ideas,LV,2.25,8,0.1637,1.9292,2.5708,N,N,08/2020,Analyst
51-9061.00,1.A.1.b.2,Originality,IM,2.25,8,0.1637,1.9292,2.5708,N,,08/2020,Analyst
51-9061.00,1.A.1.b.2,Originality,LV,2.0,8,0.0,2.0,2.0,N,N,08/2020,Analyst
51-9061.00,1.A.1.b.3,Problem Sensitivity,IM,3.25,8,0.1637,2.9292,3.5708,N,,08/2020,Analyst
51-9061.00,1.A.1.b.3,Problem Sensitivity,LV,3.12,8,0.125,2.88,3.37,N,N,08/2020,Analyst
51-9061.00,1.A.1.b.4,Deductive Reasoning,IM,3.0,8,0.189,2.6296,3.3704,N,,08/2020,Analyst
51-9061.00,1.A.1.b.4,Deductive Reasoning,LV,3.0,8,0.0,3.0,3.0,N,N,08/2020,Analyst
51-9061.00,1.A.1.b.5,Inductive Reasoning,IM,2.88,8,0.125,2.63,3.12,N,,08/2020,Analyst
51-9061.00,1.A.1.b.5,Inductive Reasoning,LV,3.0,8,0.0,3.0,3.0,N,N,08/2020,Analyst
51-9061.00,1.A.1.b.6,Information Ordering,IM,3.12,8,0.125,2.88,3.37,N,,08/2020,Analyst
51-9061.00,1.A.1.b.6,Information Ordering,LV,3.0,8,0.0,3.0,3.0,N,N,08/2020,Analyst
51-9061.00,1.A.1.b.7,Category Flexibility,IM,3.12,8,0.125,2.88,3.37,N,,08/2020,Analyst
51-9061.00,1.A.1.b.7,Category Flexibility,LV,3.0,8,0.0,3.0,3.0,N,N,08/2020,Analyst
51-9061.00,1.A.1.c.1,Mathematical Reasoning,IM,2.5,8,0.189,2.1296,2.8704,N,,08/2020,Analyst
51-9061.00,1.A.1.c.1,Mathematical Reasoning,LV,2.38,8,0.183,2.0164,2.7336,N,N,08/2020,Analyst
51-9061.00,1.A.1.c.2,Number Facility,IM,2.25,8,0.1637,1.9292,2.5708,N,,08/2020,Analyst
51-9061.00,1.A.1.c.2,Number Facility,LV,2.12,8,0.125,1.88,2.37,N,N,08/2020,Analyst
51-9061.00,1.A.1.d.1,Memorization,IM,2.12,8,0.125,1.88,2.37,N,,08/2020,Analyst
51-9061.00,1.A.1.d.1,Memorization,LV,2.0,8,0.0,2.0,2.0,N,N,08/2020,Analyst
51-9061.00,1.A.1.e.1,Speed of Closure,IM,2.25,8,0.1637,1.9292,2.5708,N,,08/2020,Analyst
51-9061.00,1.A.1.e.1,Speed of Closure,LV,2.0,8,0.0,2.0,2.0,N,N,08/2020,Analyst
51-9061.00,1.A.1.e.2,Flexibility of Closure,IM,3.25,8,0.1637,2.9292,3.5708,N,,08/2020,Analyst
51-9061.00,1.A.1.e.2,Flexibility of Closure,LV,3.12,8,0.125,2.88,3.37,N,N,08/2020,Analyst
51-9061.00,1.A.1.e.3,Perceptual Speed,IM,3.38,8,0.183,3.0164,3.7336,N,,08/2020,Analyst
51-9061.00,1.A.1.e.3,Perceptual Speed,LV,3.25,8,0.1637,2.9292,3.5708,N,N,08/2020,Analyst
51-9061.00,1.A.1.f.1,Spatial Orientation,IM,1.62,8,0.183,1.2664,1.9836,N,,08/2020,Analyst
51-9061.00,1.A.1.f.1,Spatial Orientation,LV,1.0,8,0.3273,0.3584,1.6416,N,N,08/2020,Analyst
51-9061.00,1.A.1.f.2,Visualization,IM,3.0,8,0.0,3.0,3.0,N,,08/2020,Analyst
51-9061.00,1.A.1.f.2,Visualization,LV,3.0,8,0.0,3.0,3.0,N,N,08/2020,Analyst
51-9061.00,1.A.1.g.1,Selective Attention,IM,3.0,8,0.0,3.0,3.0,N,,08/2020,Analyst
51-9061.00,1.A.1.g.1,Selective Attention,LV,3.0,8,0.0,3.0,3.0,N,N,08/2020,Analyst
51-9061.00,1.A.1.g.2,Time Sharing,IM,2.38,8,0.183,2.0164,2.7336,N,,08/2020,Analyst
51-9061.00,1.A.1.g.2,Time Sharing,LV,2.25,8,0.1637,1.9292,2.5708,N,N,08/2020,Analyst
51-9061.00,1.A.2.a.1,Arm-Hand Steadiness,IM,3.0,8,0.0,3.0,3.0,N,,08/2020,Analyst
51-9061.00,1.A.2.a.1,Arm-Hand Steadiness,LV,3.0,8,0.0,3.0,3.0,N,N,08/2020,Analyst
51-9061.00,1.A.2.a.2,Manual Dexterity,IM,3.0,8,0.0,3.0,3.0,N,,08/2020,Analyst
51-9061.00,1.A.2.a.2,Manual Dexterity,LV,3.0,8,0.0,3.0,3.0,N,N,08/2020,Analyst
51-9061.00,1.A.2.a.3,Finger Dexterity,IM,3.0,8,0.0,3.0,3.0,N,,08/2020,Analyst
51-9061.00,1.A.2.a.3,Finger Dexterity,LV,3.12,8,0.125,2.88,3.37,N,N,08/2020,Analyst
51-9061.00,1.A.2.b.1,Control Precision,IM,2.62,8,0.183,2.2664,2.9836,N,,08/2020,Analyst
51-9061.00,1.A.2.b.1,Control Precision,LV,2.88,8,0.125,2.63,3.12,N,N,08/2020,Analyst
51-9061.00,1.A.2.b.2,Multilimb Coordination,IM,2.5,8,0.189,2.1296,2.8704,N,,08/2020,Analyst
51-9061.00,1.A.2.b.2,Multilimb Coordination,LV,2.62,8,0.183,2.2664,2.9836,N,N,08/2020,Analyst
51-9061.00,1.A.2.b.3,Response Orientation,IM,2.12,8,0.125,1.88,2.37,N,,08/2020,Analyst
51-9061.00,1.A.2.b.3,Response Orientation,LV,1.38,8,0.183,1.0164,1.7336,N,N,08/2020,Analyst
51-9061.00,1.A.2.b.4,Rate Control,IM,2.12,8,0.125,1.88,2.37,N,,08/2020,Analyst
51-9061.00,1.A.2.b.4,Rate Control,LV,2.0,8,0.189,1.6296,2.3704,N,N,08/2020,Analyst
51-9061.00,1.A.2.c.1,Reaction Time,IM,2.5,8,0.189,2.1296,2.8704,N,,08/2020,Analyst
51-9061.00,1.A.2.c.1,Reaction Time,LV,2.12,8,0.125,1.88,2.37,N,N,08/2020,Analyst
51-9061.00,1.A.2.c.2,Wrist-Finger Speed,IM,2.0,8,0.0,2.0,2.0,N,,08/2020,Analyst
51-9061.00,1.A.2.c.2,Wrist-Finger Speed,LV,1.62,8,0.2631,1.1094,2.1406,N,N,08/2020,Analyst
51-9061.00,1.A.2.c.3,Speed of Limb Movement,IM,1.62,8,0.183,1.2664,1.9836,N,,08/2020,Analyst
51-9061.00,1.A.2.c.3,Speed of Limb Movement,LV,0.62,8,0.183,0.2664,0.9836,N,N,08/2020,Analyst
51-9061.00,1.A.3.a.1,Static Strength,IM,2.38,8,0.183,2.0164,2.7336,N,,08/2020,Analyst
51-9061.00,1.A.3.a.1,Static Strength,LV,2.0,8,0.2673,1.4762,2.5238,N,N,08/2020,Analyst
51-9061.00,1.A.3.a.2,Explosive Strength,IM,2.0,8,0.2673,1.4762,2.5238,N,,08/2020,Analyst
51-9061.00,1.A.3.a.2,Explosive Strength,LV,1.38,8,0.4199,0.5519,2.1981,N,N,08/2020,Analyst
51-9061.00,1.A.3.a.3,Dynamic Strength,IM,2.12,8,0.125,1.88,2.37,N,,08/2020,Analyst
51-9061.00,1.A.3.a.3,Dynamic Strength,LV,1.38,8,0.183,1.0164,1.7336,N,N,08/2020,Analyst
51-9061.00,1.A.3.a.4,Trunk Strength,IM,2.38,8,0.183,2.0164,2.7336,N,,08/2020,Analyst
51-9061.00,1.A.3.a.4,Trunk Strength,LV,2.38,8,0.183,2.0164,2.7336,N,N,08/2020,Analyst
51-9061.00,1.A.3.b.1,Stamina,IM,2.0,8,0.0,2.0,2.0,N,,08/2020,Analyst
51-9061.00,1.A.3.b.1,Stamina,LV,1.5,8,0.2673,0.9762,2.0238,N,N,08/2020,Analyst
51-9061.00,1.A.3.c.1,Extent Flexibility,IM,2.5,8,0.189,2.1296,2.8704,N,,08/2020,Analyst
51-9061.00,1.A.3.c.1,Extent Flexibility,LV,2.25,8,0.1637,1.9292,2.5708,N,N,08/2020,Analyst
51-9061.00,1.A.3.c.2,Dynamic Flexibility,IM,1.0,8,0.0,1.0,1.0,N,,08/2020,Analyst
51-9061.00,1.A.3.c.2,Dynamic Flexibility,LV,0.0,8,0.0,0.0,0.0,N,Y,08/2020,Analyst
51-9061.00,1.A.3.c.3,Gross Body Coordination,IM,2.0,8,0.0,2.0,2.0,N,,08/2020,Analyst
51-9061.00,1.A.3.c.3,Gross Body Coordination,LV,1.5,8,0.2673,0.9762,2.0238,N,N,08/2020,Analyst
51-9061.00,1.A.3.c.4,Gross Body Equilibrium,IM,2.12,8,0.125,1.88,2.37,N,,08/2020,Analyst
51-9061.00,1.A.3.c.4,Gross Body Equilibrium,LV,1.38,8,0.2631,0.8594,1.8906,N,N,08/2020,Analyst
51-9061.00,1.A.4.a.1,Near Vision,IM,3.5,8,0.2673,2.9762,4.0238,N,,08/2020,Analyst
51-9061.00,1.A.4.a.1,Near Vision,LV,3.75,8,0.1637,3.4292,4.0708,N,N,08/2020,Analyst
51-9061.00,1.A.4.a.2,Far Vision,IM,2.88,8,0.125,2.63,3.12,N,,08/2020,Analyst
51-9061.00,1.A.4.a.2,Far Vision,LV,3.0,8,0.0,3.0,3.0,N,N,08/2020,Analyst
51-9061.00,1.A.4.a.3,Visual Color Discrimination,IM,2.88,8,0.295,2.2967,3.4533,N,,08/2020,Analyst
51-9061.00,1.A.4.a.3,Visual Color Discrimination,LV,3.12,8,0.125,2.88,3.37,N,N,08/2020,Analyst
51-9061.00,1.A.4.a.4,Night Vision,IM,1.5,8,0.189,1.1296,1.8704,N,,08/2020,Analyst
51-9061.00,1.A.4.a.4,Night Vision,LV,0.75,8,0.3134,0.1358,1.3642,N,N,08/2020,Analyst
51-9061.00,1.A.4.a.5,Peripheral Vision,IM,1.5,8,0.189,1.1296,1.8704,N,,08/2020,Analyst
51-9061.00,1.A.4.a.5,Peripheral Vision,LV,0.75,8,0.3134,0.1358,1.3642,N,N,08/2020,Analyst
51-9061.00,1.A.4.a.6,Depth Perception,IM,2.0,8,0.0,2.0,2.0,N,,08/2020,Analyst
51-9061.00,1.A.4.a.6,Depth Perception,LV,2.0,8,0.189,1.6296,2.3704,N,N,08/2020,Analyst
51-9061.00,1.A.4.a.7,Glare Sensitivity,IM,1.5,8,0.189,1.1296,1.8704,N,,08/2020,Analyst
51-9061.00,1.A.4.a.7,Glare Sensitivity,LV,0.75,8,0.3134,0.1358,1.3642,N,N,08/2020,Analyst
51-9061.00,1.A.4.b.1,Hearing Sensitivity,IM,2.12,8,0.125,1.88,2.37,N,,08/2020,Analyst
51-9061.00,1.A.4.b.1,Hearing Sensitivity,LV,2.0,8,0.189,1.6296,2.3704,N,N,08/2020,Analyst
51-9061.00,1.A.4.b.2,Auditory Attention,IM,2.75,8,0.1637,2.4292,3.0708,N,,08/2020,Analyst
51-9061.00,1.A.4.b.2,Auditory Attention,LV,2.88,8,0.125,2.63,3.12,N,N,08/2020,Analyst
51-9061.00,1.A.4.b.3,Sound Localization,IM,1.5,8,0.189,1.1296,1.8704,N,,08/2020,Analyst
51-9061.00,1.A.4.b.3,Sound Localization,LV,0.62,8,0.2631,0.1094,1.1406,N,N,08/2020,Analyst
51-9061.00,1.A.4.b.4,Speech Recognition,IM,3.0,8,0.0,3.0,3.0,N,,08/2020,Analyst
51-9061.00,1.A.4.b.4,Speech Recognition,LV,3.0,8,0.0,3.0,3.0,N,N,08/2020,Analyst
51-9061.00,1.A.4.b.5,Speech Clarity,IM,3.0,8,0.0,3.0,3.0,N,,08/2020,Analyst
51-9061.00,1.A.4.b.5,Speech Clarity,LV,3.0,8,0.0,3.0,3.0,N,N,08/2020,Analyst
51-9071.00,1.A.1.a.1,Oral Comprehension,IM,3.38,8,0.183,3.0164,3.7336,N,,08/2024,Analyst
51-9071.00,1.A.1.a.1,Oral Comprehension,LV,3.38,8,0.183,3.0164,3.7336,N,N,08/2024,Analyst
51-9071.00,1.A.1.a.2,Written Comprehension,IM,3.0,8,0.2673,2.4762,3.5238,N,,08/2024,Analyst
51-9071.00,1.A.1.a.2,Written Comprehension,LV,3.25,8,0.1637,2.9292,3.5708,N,N,08/2024,Analyst
51-9071.00,1.A.1.a.3,Oral Expression,IM,3.12,8,0.125,2.88,3.37,N,,08/2024,Analyst
51-9071.00,1.A.1.a.3,Oral Expression,LV,3.12,8,0.125,2.88,3.37,N,N,08/2024,Analyst
51-9071.00,1.A.1.a.4,Written Expression,IM,2.88,8,0.2266,2.4309,3.3191,N,,08/2024,Analyst
51-9071.00,1.A.1.a.4,Written Expression,LV,3.0,8,0.189,2.6296,3.3704,N,N,08/2024,Analyst
51-9071.00,1.A.1.b.1,Fluency of Ideas,IM,2.75,8,0.3134,2.1358,3.3642,N,,08/2024,Analyst
51-9071.00,1.A.1.b.1,Fluency of Ideas,LV,3.0,8,0.2673,2.4762,3.5238,N,N,08/2024,Analyst
51-9071.00,1.A.1.b.2,Originality,IM,2.88,8,0.295,2.2967,3.4533,N,,08/2024,Analyst
51-9071.00,1.A.1.b.2,Originality,LV,3.0,8,0.4226,2.1717,3.8283,N,N,08/2024,Analyst
51-9071.00,1.A.1.b.3,Problem Sensitivity,IM,2.88,8,0.295,2.2967,3.4533,N,,08/2024,Analyst
51-9071.00,1.A.1.b.3,Problem Sensitivity,LV,3.12,8,0.2266,2.6809,3.5691,N,N,08/2024,Analyst
51-9071.00,1.A.1.b.4,Deductive Reasoning,IM,2.88,8,0.125,2.63,3.12,N,,08/2024,Analyst
51-9071.00,1.A.1.b.4,Deductive Reasoning,LV,3.0,8,0.0,3.0,3.0,N,N,08/2024,Analyst
51-9071.00,1.A.1.b.5,Inductive Reasoning,IM,2.88,8,0.2266,2.4309,3.3191,N,,08/2024,Analyst
51-9071.00,1.A.1.b.5,Inductive Reasoning,LV,3.0,8,0.189,2.6296,3.3704,N,N,08/2024,Analyst
51-9071.00,1.A.1.b.6,Information Ordering,IM,2.88,8,0.125,2.63,3.12,N,,08/2024,Analyst
51-9071.00,1.A.1.b.6,Information Ordering,LV,3.12,8,0.125,2.88,3.37,N,N,08/2024,Analyst
51-9071.00,1.A.1.b.7,Category Flexibility,IM,3.0,8,0.189,2.6296,3.3704,N,,08/2024,Analyst
51-9071.00,1.A.1.b.7,Category Flexibility,LV,3.38,8,0.2631,2.8594,3.8906,N,N,08/2024,Analyst
51-9071.00,1.A.1.c.1,Mathematical Reasoning,IM,2.12,8,0.2266,1.6809,2.5691,N,,08/2024,Analyst
51-9071.00,1.A.1.c.1,Mathematical Reasoning,LV,1.88,8,0.295,1.2967,2.4533,N,N,08/2024,Analyst
51-9071.00,1.A.1.c.2,Number Facility,IM,2.62,8,0.183,2.2664,2.9836,N,,08/2024,Analyst
51-9071.00,1.A.1.c.2,Number Facility,LV,2.25,8,0.1637,1.9292,2.5708,N,N,08/2024,Analyst
51-9071.00,1.A.1.d.1,Memorization,IM,2.25,8,0.1637,1.9292,2.5708,N,,08/2024,Analyst
51-9071.00,1.A.1.d.1,Memorization,LV,2.25,8,0.1637,1.9292,2.5708,N,N,08/2024,Analyst
51-9071.00,1.A.1.e.1,Speed of Closure,IM,2.25,8,0.1637,1.9292,2.5708,N,,08/2024,Analyst
51-9071.00,1.A.1.e.1,Speed of Closure,LV,2.12,8,0.2266,1.6809,2.5691,N,N,08/2024,Analyst
51-9071.00,1.A.1.e.2,Flexibility of Closure,IM,2.88,8,0.2266,2.4309,3.3191,N,,08/2024,Analyst
51-9071.00,1.A.1.e.2,Flexibility of Closure,LV,3.0,8,0.189,2.6296,3.3704,N,N,08/2024,Analyst
51-9071.00,1.A.1.e.3,Perceptual Speed,IM,2.62,8,0.183,2.2664,2.9836,N,,08/2024,Analyst
51-9071.00,1.A.1.e.3,Perceptual Speed,LV,2.5,8,0.2673,1.9762,3.0238,N,N,08/2024,Analyst
51-9071.00,1.A.1.f.1,Spatial Orientation,IM,1.38,8,0.2631,1.0,1.8906,N,,08/2024,Analyst
51-9071.00,1.A.1.f.1,Spatial Orientation,LV,0.38,8,0.2631,0.0,0.8906,N,Y,08/2024,Analyst
51-9071.00,1.A.1.f.2,Visualization,IM,3.0,8,0.189,2.6296,3.3704,N,,08/2024,Analyst
51-9071.00,1.A.1.f.2,Visualization,LV,3.12,8,0.2266,2.6809,3.5691,N,N,08/2024,Analyst
51-9071.00,1.A.1.g.1,Selective Attention,IM,2.88,8,0.2266,2.4309,3.3191,N,,08/2024,Analyst
51-9071.00,1.A.1.g.1,Selective Attention,LV,3.0,8,0.2673,2.4762,3.5238,N,N,08/2024,Analyst
51-9071.00,1.A.1.g.2,Time Sharing,IM,2.38,8,0.183,2.0164,2.7336,N,,08/2024,Analyst
51-9071.00,1.A.1.g.2,Time Sharing,LV,2.12,8,0.2266,1.6809,2.5691,N,N,08/2024,Analyst
51-9071.00,1.A.2.a.1,Arm-Hand Steadiness,IM,3.62,8,0.3239,2.9902,4.2598,N,,08/2024,Analyst
51-9071.00,1.A.2.a.1,Arm-Hand Steadiness,LV,3.88,8,0.3981,3.0947,4.6553,N,N,08/2024,Analyst
51-9071.00,1.A.2.a.2,Manual Dexterity,IM,3.38,8,0.2631,2.8594,3.8906,N,,08/2024,Analyst
51-9071.00,1.A.2.a.2,Manual Dexterity,LV,3.25,8,0.3134,2.6358,3.8642,N,N,08/2024,Analyst
51-9071.00,1.A.2.a.3,Finger Dexterity,IM,3.75,8,0.3134,3.1358,4.3642,N,,08/2024,Analyst
51-9071.00,1.A.2.a.3,Finger Dexterity,LV,3.62,8,0.375,2.89,4.36,N,N,08/2024,Analyst
51-9071.00,1.A.2.b.1,Control Precision,IM,3.25,8,0.25,2.76,3.74,N,,08/2024,Analyst
51-9071.00,1.A.2.b.1,Control Precision,LV,3.38,8,0.4199,2.5519,4.1981,N,N,08/2024,Analyst
51-9071.00,1.A.2.b.2,Multilimb Coordination,IM,2.5,8,0.189,2.1296,2.8704,N,,08/2024,Analyst
51-9071.00,1.A.2.b.2,Multilimb Coordination,LV,2.25,8,0.25,1.76,2.74,N,N,08/2024,Analyst
51-9071.00,1.A.2.b.3,Response Orientation,IM,1.62,8,0.3239,1.0,2.2598,N,,08/2024,Analyst
51-9071.00,1.A.2.b.3,Response Orientation,LV,0.88,8,0.4407,0.0113,1.7387,N,N,08/2024,Analyst
51-9071.00,1.A.2.b.4,Rate Control,IM,2.12,8,0.2266,1.6809,2.5691,N,,08/2024,Analyst
51-9071.00,1.A.2.b.4,Rate Control,LV,1.5,8,0.3273,0.8584,2.1416,N,N,08/2024,Analyst
51-9071.00,1.A.2.c.1,Reaction Time,IM,2.62,8,0.183,2.2664,2.9836,N,,08/2024,Analyst
51-9071.00,1.A.2.c.1,Reaction Time,LV,2.38,8,0.3239,1.7402,3.0098,N,N,08/2024,Analyst
51-9071.00,1.A.2.c.2,Wrist-Finger Speed,IM,1.88,8,0.295,1.2967,2.4533,N,,08/2024,Analyst
51-9071.00,1.A.2.c.2,Wrist-Finger Speed,LV,1.38,8,0.4199,0.5519,2.1981,N,N,08/2024,Analyst
51-9071.00,1.A.2.c.3,Speed of Limb Movement,IM,1.38,8,0.2631,1.0,1.8906,N,,08/2024,Analyst
51-9071.00,1.A.2.c.3,Speed of Limb Movement,LV,0.5,8,0.3273,0.0,1.1416,N,Y,08/2024,Analyst
51-9071.00,1.A.3.a.1,Static Strength,IM,2.12,8,0.2266,1.6809,2.5691,N,,08/2024,Analyst
51-9071.00,1.A.3.a.1,Static Strength,LV,1.5,8,0.3273,0.8584,2.1416,N,N,08/2024,Analyst
51-9071.00,1.A.3.a.2,Explosive Strength,IM,2.0,8,0.189,1.6296,2.3704,N,,08/2024,Analyst
51-9071.00,1.A.3.a.2,Explosive Strength,LV,1.38,8,0.2631,0.8594,1.8906,N,N,08/2024,Analyst
51-9071.00,1.A.3.a.3,Dynamic Strength,IM,2.25,8,0.1637,1.9292,2.5708,N,,08/2024,Analyst
51-9071.00,1.A.3.a.3,Dynamic Strength,LV,1.88,8,0.2266,1.4309,2.3191,N,N,08/2024,Analyst
51-9071.00,1.A.3.a.4,Trunk Strength,IM,2.5,8,0.2673,1.9762,3.0238,N,,08/2024,Analyst
51-9071.00,1.A.3.a.4,Trunk Strength,LV,2.12,8,0.125,1.88,2.37,N,N,08/2024,Analyst
51-9071.00,1.A.3.b.1,Stamina,IM,1.38,8,0.2631,1.0,1.8906,N,,08/2024,Analyst
51-9071.00,1.A.3.b.1,Stamina,LV,0.5,8,0.3273,0.0,1.1416,N,Y,08/2024,Analyst
51-9071.00,1.A.3.c.1,Extent Flexibility,IM,2.25,8,0.25,1.76,2.74,N,,08/2024,Analyst
51-9071.00,1.A.3.c.1,Extent Flexibility,LV,1.75,8,0.3134,1.1358,2.3642,N,N,08/2024,Analyst
51-9071.00,1.A.3.c.2,Dynamic Flexibility,IM,1.25,8,0.25,1.0,1.74,N,,08/2024,Analyst
51-9071.00,1.A.3.c.2,Dynamic Flexibility,LV,0.25,8,0.25,0.0,0.74,N,Y,08/2024,Analyst
51-9071.00,1.A.3.c.3,Gross Body Coordination,IM,1.38,8,0.2631,1.0,1.8906,N,,08/2024,Analyst
51-9071.00,1.A.3.c.3,Gross Body Coordination,LV,0.5,8,0.3273,0.0,1.1416,N,Y,08/2024,Analyst
51-9071.00,1.A.3.c.4,Gross Body Equilibrium,IM,1.38,8,0.2631,1.0,1.8906,N,,08/2024,Analyst
51-9071.00,1.A.3.c.4,Gross Body Equilibrium,LV,0.5,8,0.3273,0.0,1.1416,N,Y,08/2024,Analyst
51-9071.00,1.A.4.a.1,Near Vision,IM,3.88,8,0.295,3.2967,4.4533,N,,08/2024,Analyst
51-9071.00,1.A.4.a.1,Near Vision,LV,4.25,8,0.491,3.2877,5.2123,N,N,08/2024,Analyst
51-9071.00,1.A.4.a.2,Far Vision,IM,3.0,8,0.2673,2.4762,3.5238,N,,08/2024,Analyst
51-9071.00,1.A.4.a.2,Far Vision,LV,2.5,8,0.2673,1.9762,3.0238,N,N,08/2024,Analyst
51-9071.00,1.A.4.a.3,Visual Color Discrimination,IM,3.12,8,0.3981,2.3447,3.9053,N,,08/2024,Analyst
51-9071.00,1.A.4.a.3,Visual Color Discrimination,LV,3.12,8,0.5489,2.0491,4.2009,Y,N,08/2024,Analyst
51-9071.00,1.A.4.a.4,Night Vision,IM,1.12,8,0.125,1.0,1.37,N,,08/2024,Analyst
51-9071.00,1.A.4.a.4,Night Vision,LV,0.12,8,0.125,0.0,0.37,N,Y,08/2024,Analyst
51-9071.00,1.A.4.a.5,Peripheral Vision,IM,1.12,8,0.125,1.0,1.37,N,,08/2024,Analyst
51-9071.00,1.A.4.a.5,Peripheral Vision,LV,0.25,8,0.25,0.0,0.74,N,Y,08/2024,Analyst
51-9071.00,1.A.4.a.6,Depth Perception,IM,2.25,8,0.25,1.76,2.74,N,,08/2024,Analyst
51-9071.00,1.A.4.a.6,Depth Perception,LV,1.88,8,0.3981,1.0947,2.6553,N,N,08/2024,Analyst
51-9071.00,1.A.4.a.7,Glare Sensitivity,IM,1.25,8,0.25,1.0,1.74,N,,08/2024,Analyst
51-9071.00,1.A.4.a.7,Glare Sensitivity,LV,0.25,8,0.25,0.0,0.74,N,Y,08/2024,Analyst
51-9071.00,1.A.4.b.1,Hearing Sensitivity,IM,2.25,8,0.25,1.76,2.74,N,,08/2024,Analyst
51-9071.00,1.A.4.b.1,Hearing Sensitivity,LV,2.12,8,0.3504,1.4383,2.8117,N,N,08/2024,Analyst
51-9071.00,1.A.4.b.2,Auditory Attention,IM,2.38,8,0.2631,1.8594,2.8906,N,,08/2024,Analyst
51-9071.00,1.A.4.b.2,Auditory Attention,LV,2.25,8,0.4119,1.4427,3.0573,N,N,08/2024,Analyst
51-9071.00,1.A.4.b.3,Sound Localization,IM,1.12,8,0.125,1.0,1.37,N,,08/2024,Analyst
51-9071.00,1.A.4.b.3,Sound Localization,LV,0.25,8,0.25,0.0,0.74,N,Y,08/2024,Analyst
51-9071.00,1.A.4.b.4,Speech Recognition,IM,3.12,8,0.125,2.88,3.37,N,,08/2024,Analyst
51-9071.00,1.A.4.b.4,Speech Recognition,LV,3.0,8,0.0,3.0,3.0,N,N,08/2024,Analyst
51-9071.00,1.A.4.b.5,Speech Clarity,IM,3.0,8,0.189,2.6296,3.3704,N,,08/2024,Analyst
51-9071.00,1.A.4.b.5,Speech Clarity,LV,2.88,8,0.125,2.63,3.12,N,N,08/2024,Analyst
51-9071.06,1.A.1.a.1,Oral Comprehension,IM,3.0,8,0.189,2.6296,3.3704,N,,06/2008,Analyst
51-9071.06,1.A.1.a.1,Oral Comprehension,LV,3.62,8,0.183,3.2664,3.9836,N,N,06/2008,Analyst
51-9071.06,1.A.1.a.2,Written Comprehension,IM,2.88,8,0.125,2.63,3.12,N,,06/2008,Analyst
51-9071.06,1.A.1.a.2,Written Comprehension,LV,3.12,8,0.2266,2.6809,3.5691,N,N,06/2008,Analyst
51-9071.06,1.A.1.a.3,Oral Expression,IM,3.0,8,0.0,3.0,3.0,N,,06/2008,Analyst
51-9071.06,1.A.1.a.3,Oral Expression,LV,3.5,8,0.189,3.1296,3.8704,N,N,06/2008,Analyst
51-9071.06,1.A.1.a.4,Written Expression,IM,2.5,8,0.189,2.1296,2.8704,N,,06/2008,Analyst
51-9071.06,1.A.1.a.4,Written Expression,LV,2.75,8,0.1637,2.4292,3.0708,N,N,06/2008,Analyst
51-9071.06,1.A.1.b.1,Fluency of Ideas,IM,2.5,8,0.189,2.1296,2.8704,N,,06/2008,Analyst
51-9071.06,1.A.1.b.1,Fluency of Ideas,LV,2.5,8,0.189,2.1296,2.8704,N,N,06/2008,Analyst
51-9071.06,1.A.1.b.2,Originality,IM,2.5,8,0.189,2.1296,2.8704,N,,06/2008,Analyst
51-9071.06,1.A.1.b.2,Originality,LV,2.75,8,0.3134,2.1358,3.3642,N,N,06/2008,Analyst
51-9071.06,1.A.1.b.3,Problem Sensitivity,IM,3.25,8,0.1637,2.9292,3.5708,N,,06/2008,Analyst
51-9071.06,1.A.1.b.3,Problem Sensitivity,LV,2.88,8,0.125,2.63,3.12,N,N,06/2008,Analyst
51-9071.06,1.A.1.b.4,Deductive Reasoning,IM,3.12,8,0.125,2.88,3.37,N,,06/2008,Analyst
51-9071.06,1.A.1.b.4,Deductive Reasoning,LV,3.12,8,0.125,2.88,3.37,N,N,06/2008,Analyst
51-9071.06,1.A.1.b.5,Inductive Reasoning,IM,2.88,8,0.125,2.63,3.12,N,,06/2008,Analyst
51-9071.06,1.A.1.b.5,Inductive Reasoning,LV,3.12,8,0.125,2.88,3.37,N,N,06/2008,Analyst
51-9071.06,1.A.1.b.6,Information Ordering,IM,3.0,8,0.0,3.0,3.0,N,,06/2008,Analyst
51-9071.06,1.A.1.b.6,Information Ordering,LV,2.75,8,0.1637,2.4292,3.0708,N,N,06/2008,Analyst
51-9071.06,1.A.1.b.7,Category Flexibility,IM,3.12,8,0.125,2.88,3.37,N,,06/2008,Analyst
51-9071.06,1.A.1.b.7,Category Flexibility,LV,3.5,8,0.189,3.1296,3.8704,N,N,06/2008,Analyst
51-9071.06,1.A.1.c.1,Mathematical Reasoning,IM,2.75,8,0.1637,2.4292,3.0708,N,,06/2008,Analyst
51-9071.06,1.A.1.c.1,Mathematical Reasoning,LV,2.62,8,0.183,2.2664,2.9836,N,N,06/2008,Analyst
51-9071.06,1.A.1.c.2,Number Facility,IM,2.88,8,0.125,2.63,3.12,N,,06/2008,Analyst
51-9071.06,1.A.1.c.2,Number Facility,LV,2.62,8,0.183,2.2664,2.9836,N,N,06/2008,Analyst
51-9071.06,1.A.1.d.1,Memorization,IM,1.88,8,0.125,1.63,2.12,N,,06/2008,Analyst
51-9071.06,1.A.1.d.1,Memorization,LV,1.62,8,0.2631,1.1094,2.1406,N,N,06/2008,Analyst
51-9071.06,1.A.1.e.1,Speed of Closure,IM,2.38,8,0.183,2.0164,2.7336,N,,06/2008,Analyst
51-9071.06,1.A.1.e.1,Speed of Closure,LV,2.62,8,0.2631,2.1094,3.1406,N,N,06/2008,Analyst
51-9071.06,1.A.1.e.2,Flexibility of Closure,IM,3.12,8,0.125,2.88,3.37,N,,06/2008,Analyst
51-9071.06,1.A.1.e.2,Flexibility of Closure,LV,3.75,8,0.3134,3.1358,4.3642,N,N,06/2008,Analyst
51-9071.06,1.A.1.e.3,Perceptual Speed,IM,2.75,8,0.25,2.26,3.24,N,,06/2008,Analyst
51-9071.06,1.A.1.e.3,Perceptual Speed,LV,2.75,8,0.25,2.26,3.24,N,N,06/2008,Analyst
51-9071.06,1.A.1.f.1,Spatial Orientation,IM,1.0,8,0.0,1.0,1.0,N,,06/2008,Analyst
51-9071.06,1.A.1.f.1,Spatial Orientation,LV,0.0,8,0.0,0.0,0.0,N,Y,06/2008,Analyst
51-9071.06,1.A.1.f.2,Visualization,IM,3.0,8,0.0,3.0,3.0,N,,06/2008,Analyst
51-9071.06,1.A.1.f.2,Visualization,LV,3.38,8,0.183,3.0164,3.7336,N,N,06/2008,Analyst
51-9071.06,1.A.1.g.1,Selective Attention,IM,3.0,8,0.0,3.0,3.0,N,,06/2008,Analyst
51-9071.06,1.A.1.g.1,Selective Attention,LV,2.62,8,0.2631,2.1094,3.1406,N,N,06/2008,Analyst
51-9071.06,1.A.1.g.2,Time Sharing,IM,2.25,8,0.1637,1.9292,2.5708,N,,06/2008,Analyst
51-9071.06,1.A.1.g.2,Time Sharing,LV,2.0,8,0.189,1.6296,2.3704,N,N,06/2008,Analyst
51-9071.06,1.A.2.a.1,Arm-Hand Steadiness,IM,3.5,8,0.189,3.1296,3.8704,N,,06/2008,Analyst
51-9071.06,1.A.2.a.1,Arm-Hand Steadiness,LV,5.25,8,0.366,4.5327,5.9673,N,N,06/2008,Analyst
51-9071.06,1.A.2.a.2,Manual Dexterity,IM,3.12,8,0.2266,2.6809,3.5691,N,,06/2008,Analyst
51-9071.06,1.A.2.a.2,Manual Dexterity,LV,3.38,8,0.3239,2.7402,4.0098,N,N,06/2008,Analyst
51-9071.06,1.A.2.a.3,Finger Dexterity,IM,3.62,8,0.183,3.2664,3.9836,N,,06/2008,Analyst
51-9071.06,1.A.2.a.3,Finger Dexterity,LV,4.38,8,0.4199,3.5519,5.1981,N,N,06/2008,Analyst
51-9071.06,1.A.2.b.1,Control Precision,IM,3.12,8,0.2266,2.6809,3.5691,N,,06/2008,Analyst
51-9071.06,1.A.2.b.1,Control Precision,LV,4.25,8,0.5261,3.2188,5.2812,Y,N,06/2008,Analyst
51-9071.06,1.A.2.b.2,Multilimb Coordination,IM,2.38,8,0.183,2.0164,2.7336,N,,06/2008,Analyst
51-9071.06,1.A.2.b.2,Multilimb Coordination,LV,2.25,8,0.3134,1.6358,2.8642,N,N,06/2008,Analyst
51-9071.06,1.A.2.b.3,Response Orientation,IM,2.0,8,0.189,1.6296,2.3704,N,,06/2008,Analyst
51-9071.06,1.A.2.b.3,Response Orientation,LV,1.75,8,0.3134,1.1358,2.3642,N,N,06/2008,Analyst
51-9071.06,1.A.2.b.4,Rate Control,IM,2.0,8,0.189,1.6296,2.3704,N,,06/2008,Analyst
51-9071.06,1.A.2.b.4,Rate Control,LV,1.62,8,0.375,0.89,2.36,N,N,06/2008,Analyst
51-9071.06,1.A.2.c.1,Reaction Time,IM,2.0,8,0.189,1.6296,2.3704,N,,06/2008,Analyst
51-9071.06,1.A.2.c.1,Reaction Time,LV,1.62,8,0.375,0.89,2.36,N,N,06/2008,Analyst
51-9071.06,1.A.2.c.2,Wrist-Finger Speed,IM,2.12,8,0.2266,1.6809,2.5691,N,,06/2008,Analyst
51-9071.06,1.A.2.c.2,Wrist-Finger Speed,LV,2.0,8,0.378,1.2592,2.7408,N,N,06/2008,Analyst
51-9071.06,1.A.2.c.3,Speed of Limb Movement,IM,1.25,8,0.1637,1.0,1.5708,N,,06/2008,Analyst
51-9071.06,1.A.2.c.3,Speed of Limb Movement,LV,0.38,8,0.2631,0.0,0.8906,N,Y,06/2008,Analyst
51-9071.06,1.A.3.a.1,Static Strength,IM,1.62,8,0.183,1.2664,1.9836,N,,06/2008,Analyst
51-9071.06,1.A.3.a.1,Static Strength,LV,1.12,8,0.3504,0.4383,1.8117,N,N,06/2008,Analyst
51-9071.06,1.A.3.a.2,Explosive Strength,IM,1.25,8,0.1637,1.0,1.5708,N,,06/2008,Analyst
51-9071.06,1.A.3.a.2,Explosive Strength,LV,0.25,8,0.1637,0.0,0.5708,N,Y,06/2008,Analyst
51-9071.06,1.A.3.a.3,Dynamic Strength,IM,1.12,8,0.125,1.0,1.37,N,,06/2008,Analyst
51-9071.06,1.A.3.a.3,Dynamic Strength,LV,0.25,8,0.25,0.0,0.74,N,Y,06/2008,Analyst
51-9071.06,1.A.3.a.4,Trunk Strength,IM,1.25,8,0.1637,1.0,1.5708,N,,06/2008,Analyst
51-9071.06,1.A.3.a.4,Trunk Strength,LV,0.38,8,0.2631,0.0,0.8906,N,Y,06/2008,Analyst
51-9071.06,1.A.3.b.1,Stamina,IM,1.0,8,0.0,1.0,1.0,N,,06/2008,Analyst
51-9071.06,1.A.3.b.1,Stamina,LV,0.0,8,0.0,0.0,0.0,N,Y,06/2008,Analyst
51-9071.06,1.A.3.c.1,Extent Flexibility,IM,1.12,8,0.125,1.0,1.37,N,,06/2008,Analyst
51-9071.06,1.A.3.c.1,Extent Flexibility,LV,0.12,8,0.125,0.0,0.37,N,Y,06/2008,Analyst
51-9071.06,1.A.3.c.2,Dynamic Flexibility,IM,1.0,8,0.0,1.0,1.0,N,,06/2008,Analyst
51-9071.06,1.A.3.c.2,Dynamic Flexibility,LV,0.0,8,0.0,0.0,0.0,N,Y,06/2008,Analyst
51-9071.06,1.A.3.c.3,Gross Body Coordination,IM,1.0,8,0.0,1.0,1.0,N,,06/2008,Analyst
51-9071.06,1.A.3.c.3,Gross Body Coordination,LV,0.0,8,0.0,0.0,0.0,N,Y,06/2008,Analyst
51-9071.06,1.A.3.c.4,Gross Body Equilibrium,IM,1.0,8,0.0,1.0,1.0,N,,06/2008,Analyst
51-9071.06,1.A.3.c.4,Gross Body Equilibrium,LV,0.0,8,0.0,0.0,0.0,N,Y,06/2008,Analyst
51-9071.06,1.A.4.a.1,Near Vision,IM,4.12,8,0.2266,3.6809,4.5691,N,,06/2008,Analyst
51-9071.06,1.A.4.a.1,Near Vision,LV,6.0,8,0.0,6.0,6.0,N,N,06/2008,Analyst
51-9071.06,1.A.4.a.2,Far Vision,IM,2.5,8,0.189,2.1296,2.8704,N,,06/2008,Analyst
51-9071.06,1.A.4.a.2,Far Vision,LV,2.38,8,0.3239,1.7402,3.0098,N,N,06/2008,Analyst
51-9071.06,1.A.4.a.3,Visual Color Discrimination,IM,3.38,8,0.2631,2.8594,3.8906,N,,06/2008,Analyst
51-9071.06,1.A.4.a.3,Visual Color Discrimination,LV,4.38,8,0.3239,3.7402,5.0098,N,N,06/2008,Analyst
51-9071.06,1.A.4.a.4,Night Vision,IM,1.12,8,0.125,1.0,1.37,N,,06/2008,Analyst
51-9071.06,1.A.4.a.4,Night Vision,LV,0.25,8,0.25,0.0,0.74,N,Y,06/2008,Analyst
51-9071.06,1.A.4.a.5,Peripheral Vision,IM,1.0,8,0.0,1.0,1.0,N,,06/2008,Analyst
51-9071.06,1.A.4.a.5,Peripheral Vision,LV,0.0,8,0.0,0.0,0.0,N,Y,06/2008,Analyst
51-9071.06,1.A.4.a.6,Depth Perception,IM,2.5,8,0.189,2.1296,2.8704,N,,06/2008,Analyst
51-9071.06,1.A.4.a.6,Depth Perception,LV,2.38,8,0.375,1.64,3.11,N,N,06/2008,Analyst
51-9071.06,1.A.4.a.7,Glare Sensitivity,IM,1.0,8,0.0,1.0,1.0,N,,06/2008,Analyst
51-9071.06,1.A.4.a.7,Glare Sensitivity,LV,0.0,8,0.0,0.0,0.0,N,Y,06/2008,Analyst
51-9071.06,1.A.4.b.1,Hearing Sensitivity,IM,2.0,8,0.189,1.6296,2.3704,N,,06/2008,Analyst
51-9071.06,1.A.4.b.1,Hearing Sensitivity,LV,1.75,8,0.3134,1.1358,2.3642,N,N,06/2008,Analyst
51-9071.06,1.A.4.b.2,Auditory Attention,IM,2.12,8,0.125,1.88,2.37,N,,06/2008,Analyst
51-9071.06,1.A.4.b.2,Auditory Attention,LV,2.0,8,0.189,1.6296,2.3704,N,N,06/2008,Analyst
51-9071.06,1.A.4.b.3,Sound Localization,IM,1.0,8,0.0,1.0,1.0,N,,06/2008,Analyst
51-9071.06,1.A.4.b.3,Sound Localization,LV,0.0,8,0.0,0.0,0.0,N,Y,06/2008,Analyst
51-9071.06,1.A.4.b.4,Speech Recognition,IM,3.0,8,0.0,3.0,3.0,N,,06/2008,Analyst
51-9071.06,1.A.4.b.4,Speech Recognition,LV,3.0,8,0.189,2.6296,3.3704,N,N,06/2008,Analyst
51-9071.06,1.A.4.b.5,Speech Clarity,IM,3.0,8,0.0,3.0,3.0,N,,06/2008,Analyst
51-9071.06,1.A.4.b.5,Speech Clarity,LV,2.88,8,0.125,2.63,3.12,N,N,06/2008,Analyst
51-9081.00,1.A.1.a.1,Oral Comprehension,IM,3.12,8,0.125,2.88,3.37,N,,08/2022,Analyst
51-9081.00,1.A.1.a.1,Oral Comprehension,LV,3.88,8,0.125,3.63,4.12,N,N,08/2022,Analyst
51-9081.00,1.A.1.a.2,Written Comprehension,IM,3.25,8,0.25,2.76,3.74,N,,08/2022,Analyst
51-9081.00,1.A.1.a.2,Written Comprehension,LV,2.88,8,0.125,2.63,3.12,N,N,08/2022,Analyst
51-9081.00,1.A.1.a.3,Oral Expression,IM,3.0,8,0.0,3.0,3.0,N,,08/2022,Analyst
51-9081.00,1.A.1.a.3,Oral Expression,LV,3.0,8,0.0,3.0,3.0,N,N,08/2022,Analyst
51-9081.00,1.A.1.a.4,Written Expression,IM,2.75,8,0.1637,2.4292,3.0708,N,,08/2022,Analyst
51-9081.00,1.A.1.a.4,Written Expression,LV,2.38,8,0.183,2.0164,2.7336,N,N,08/2022,Analyst
51-9081.00,1.A.1.b.1,Fluency of Ideas,IM,2.88,8,0.125,2.63,3.12,N,,08/2022,Analyst
51-9081.00,1.A.1.b.1,Fluency of Ideas,LV,2.75,8,0.1637,2.4292,3.0708,N,N,08/2022,Analyst
51-9081.00,1.A.1.b.2,Originality,IM,2.62,8,0.183,2.2664,2.9836,N,,08/2022,Analyst
51-9081.00,1.A.1.b.2,Originality,LV,2.75,8,0.1637,2.4292,3.0708,N,N,08/2022,Analyst
51-9081.00,1.A.1.b.3,Problem Sensitivity,IM,3.38,8,0.183,3.0164,3.7336,N,,08/2022,Analyst
51-9081.00,1.A.1.b.3,Problem Sensitivity,LV,3.0,8,0.0,3.0,3.0,N,N,08/2022,Analyst
51-9081.00,1.A.1.b.4,Deductive Reasoning,IM,3.38,8,0.183,3.0164,3.7336,N,,08/2022,Analyst
51-9081.00,1.A.1.b.4,Deductive Reasoning,LV,2.88,8,0.125,2.63,3.12,N,N,08/2022,Analyst
51-9081.00,1.A.1.b.5,Inductive Reasoning,IM,3.0,8,0.0,3.0,3.0,N,,08/2022,Analyst
51-9081.00,1.A.1.b.5,Inductive Reasoning,LV,2.88,8,0.125,2.63,3.12,N,N,08/2022,Analyst
51-9081.00,1.A.1.b.6,Information Ordering,IM,3.38,8,0.183,3.0164,3.7336,N,,08/2022,Analyst
51-9081.00,1.A.1.b.6,Information Ordering,LV,3.25,8,0.1637,2.9292,3.5708,N,N,08/2022,Analyst
51-9081.00,1.A.1.b.7,Category Flexibility,IM,3.12,8,0.125,2.88,3.37,N,,08/2022,Analyst
51-9081.00,1.A.1.b.7,Category Flexibility,LV,3.0,8,0.0,3.0,3.0,N,N,08/2022,Analyst
51-9081.00,1.A.1.c.1,Mathematical Reasoning,IM,2.0,8,0.0,2.0,2.0,N,,08/2022,Analyst
51-9081.00,1.A.1.c.1,Mathematical Reasoning,LV,2.0,8,0.0,2.0,2.0,N,N,08/2022,Analyst
51-9081.00,1.A.1.c.2,Number Facility,IM,2.0,8,0.0,2.0,2.0,N,,08/2022,Analyst
51-9081.00,1.A.1.c.2,Number Facility,LV,2.12,8,0.125,1.88,2.37,N,N,08/2022,Analyst
51-9081.00,1.A.1.d.1,Memorization,IM,2.12,8,0.125,1.88,2.37,N,,08/2022,Analyst
51-9081.00,1.A.1.d.1,Memorization,LV,2.0,8,0.0,2.0,2.0,N,N,08/2022,Analyst
51-9081.00,1.A.1.e.1,Speed of Closure,IM,2.25,8,0.1637,1.9292,2.5708,N,,08/2022,Analyst
51-9081.00,1.A.1.e.1,Speed of Closure,LV,2.12,8,0.125,1.88,2.37,N,N,08/2022,Analyst
51-9081.00,1.A.1.e.2,Flexibility of Closure,IM,3.0,8,0.0,3.0,3.0,N,,08/2022,Analyst
51-9081.00,1.A.1.e.2,Flexibility of Closure,LV,3.12,8,0.125,2.88,3.37,N,N,08/2022,Analyst
51-9081.00,1.A.1.e.3,Perceptual Speed,IM,3.0,8,0.0,3.0,3.0,N,,08/2022,Analyst
51-9081.00,1.A.1.e.3,Perceptual Speed,LV,3.0,8,0.0,3.0,3.0,N,N,08/2022,Analyst
51-9081.00,1.A.1.f.1,Spatial Orientation,IM,1.88,8,0.125,1.63,2.12,N,,08/2022,Analyst
51-9081.00,1.A.1.f.1,Spatial Orientation,LV,0.88,8,0.125,0.63,1.12,N,N,08/2022,Analyst
51-9081.00,1.A.1.f.2,Visualization,IM,3.62,8,0.183,3.2664,3.9836,N,,08/2022,Analyst
51-9081.00,1.A.1.f.2,Visualization,LV,3.75,8,0.1637,3.4292,4.0708,N,N,08/2022,Analyst
51-9081.00,1.A.1.g.1,Selective Attention,IM,3.25,8,0.1637,2.9292,3.5708,N,,08/2022,Analyst
51-9081.00,1.A.1.g.1,Selective Attention,LV,3.25,8,0.1637,2.9292,3.5708,N,N,08/2022,Analyst
51-9081.00,1.A.1.g.2,Time Sharing,IM,2.38,8,0.183,2.0164,2.7336,N,,08/2022,Analyst
51-9081.00,1.A.1.g.2,Time Sharing,LV,2.38,8,0.183,2.0164,2.7336,N,N,08/2022,Analyst
51-9081.00,1.A.2.a.1,Arm-Hand Steadiness,IM,3.88,8,0.125,3.63,4.12,N,,08/2022,Analyst
51-9081.00,1.A.2.a.1,Arm-Hand Steadiness,LV,3.75,8,0.1637,3.4292,4.0708,N,N,08/2022,Analyst
51-9081.00,1.A.2.a.2,Manual Dexterity,IM,3.25,8,0.1637,2.9292,3.5708,N,,08/2022,Analyst
51-9081.00,1.A.2.a.2,Manual Dexterity,LV,3.12,8,0.125,2.88,3.37,N,N,08/2022,Analyst
51-9081.00,1.A.2.a.3,Finger Dexterity,IM,4.0,8,0.0,4.0,4.0,N,,08/2022,Analyst
51-9081.00,1.A.2.a.3,Finger Dexterity,LV,4.0,8,0.0,4.0,4.0,N,N,08/2022,Analyst
51-9081.00,1.A.2.b.1,Control Precision,IM,3.88,8,0.125,3.63,4.12,N,,08/2022,Analyst
51-9081.00,1.A.2.b.1,Control Precision,LV,3.88,8,0.125,3.63,4.12,N,N,08/2022,Analyst
51-9081.00,1.A.2.b.2,Multilimb Coordination,IM,2.75,8,0.1637,2.4292,3.0708,N,,08/2022,Analyst
51-9081.00,1.A.2.b.2,Multilimb Coordination,LV,2.75,8,0.1637,2.4292,3.0708,N,N,08/2022,Analyst
51-9081.00,1.A.2.b.3,Response Orientation,IM,1.88,8,0.125,1.63,2.12,N,,08/2022,Analyst
51-9081.00,1.A.2.b.3,Response Orientation,LV,1.25,8,0.25,0.76,1.74,N,N,08/2022,Analyst
51-9081.00,1.A.2.b.4,Rate Control,IM,2.12,8,0.125,1.88,2.37,N,,08/2022,Analyst
51-9081.00,1.A.2.b.4,Rate Control,LV,1.88,8,0.295,1.2967,2.4533,N,N,08/2022,Analyst
51-9081.00,1.A.2.c.1,Reaction Time,IM,2.38,8,0.183,2.0164,2.7336,N,,08/2022,Analyst
51-9081.00,1.A.2.c.1,Reaction Time,LV,2.38,8,0.183,2.0164,2.7336,N,N,08/2022,Analyst
51-9081.00,1.A.2.c.2,Wrist-Finger Speed,IM,2.12,8,0.125,1.88,2.37,N,,08/2022,Analyst
51-9081.00,1.A.2.c.2,Wrist-Finger Speed,LV,2.25,8,0.1637,1.9292,2.5708,N,N,08/2022,Analyst
51-9081.00,1.A.2.c.3,Speed of Limb Movement,IM,1.0,8,0.0,1.0,1.0,N,,08/2022,Analyst
51-9081.00,1.A.2.c.3,Speed of Limb Movement,LV,0.0,8,0.0,0.0,0.0,N,Y,08/2022,Analyst
51-9081.00,1.A.3.a.1,Static Strength,IM,2.0,8,0.0,2.0,2.0,N,,08/2022,Analyst
51-9081.00,1.A.3.a.1,Static Strength,LV,1.5,8,0.189,1.1296,1.8704,N,N,08/2022,Analyst
51-9081.00,1.A.3.a.2,Explosive Strength,IM,1.38,8,0.183,1.0164,1.7336,N,,08/2022,Analyst
51-9081.00,1.A.3.a.2,Explosive Strength,LV,0.38,8,0.183,0.0164,0.7336,N,N,08/2022,Analyst
51-9081.00,1.A.3.a.3,Dynamic Strength,IM,1.5,8,0.189,1.1296,1.8704,N,,08/2022,Analyst
51-9081.00,1.A.3.a.3,Dynamic Strength,LV,0.62,8,0.2631,0.1094,1.1406,N,N,08/2022,Analyst
51-9081.00,1.A.3.a.4,Trunk Strength,IM,2.12,8,0.125,1.88,2.37,N,,08/2022,Analyst
51-9081.00,1.A.3.a.4,Trunk Strength,LV,1.88,8,0.2266,1.4309,2.3191,N,N,08/2022,Analyst
51-9081.00,1.A.3.b.1,Stamina,IM,1.0,8,0.0,1.0,1.0,N,,08/2022,Analyst
51-9081.00,1.A.3.b.1,Stamina,LV,0.0,8,0.0,0.0,0.0,N,Y,08/2022,Analyst
51-9081.00,1.A.3.c.1,Extent Flexibility,IM,1.62,8,0.183,1.2664,1.9836,N,,08/2022,Analyst
51-9081.00,1.A.3.c.1,Extent Flexibility,LV,1.0,8,0.3273,0.3584,1.6416,N,N,08/2022,Analyst
51-9081.00,1.A.3.c.2,Dynamic Flexibility,IM,1.0,8,0.0,1.0,1.0,N,,08/2022,Analyst
51-9081.00,1.A.3.c.2,Dynamic Flexibility,LV,0.0,8,0.0,0.0,0.0,N,Y,08/2022,Analyst
51-9081.00,1.A.3.c.3,Gross Body Coordination,IM,1.0,8,0.0,1.0,1.0,N,,08/2022,Analyst
51-9081.00,1.A.3.c.3,Gross Body Coordination,LV,0.0,8,0.0,0.0,0.0,N,Y,08/2022,Analyst
51-9081.00,1.A.3.c.4,Gross Body Equilibrium,IM,1.0,8,0.0,1.0,1.0,N,,08/2022,Analyst
51-9081.00,1.A.3.c.4,Gross Body Equilibrium,LV,0.0,8,0.0,0.0,0.0,N,Y,08/2022,Analyst
51-9081.00,1.A.4.a.1,Near Vision,IM,4.0,8,0.0,4.0,4.0,N,,08/2022,Analyst
51-9081.00,1.A.4.a.1,Near Vision,LV,4.38,8,0.183,4.0164,4.7336,N,N,08/2022,Analyst
51-9081.00,1.A.4.a.2,Far Vision,IM,2.75,8,0.1637,2.4292,3.0708,N,,08/2022,Analyst
51-9081.00,1.A.4.a.2,Far Vision,LV,2.88,8,0.125,2.63,3.12,N,N,08/2022,Analyst
51-9081.00,1.A.4.a.3,Visual Color Discrimination,IM,3.0,8,0.189,2.6296,3.3704,N,,08/2022,Analyst
51-9081.00,1.A.4.a.3,Visual Color Discrimination,LV,3.12,8,0.125,2.88,3.37,N,N,08/2022,Analyst
51-9081.00,1.A.4.a.4,Night Vision,IM,1.38,8,0.183,1.0164,1.7336,N,,08/2022,Analyst
51-9081.00,1.A.4.a.4,Night Vision,LV,0.38,8,0.183,0.0164,0.7336,N,N,08/2022,Analyst
51-9081.00,1.A.4.a.5,Peripheral Vision,IM,1.38,8,0.183,1.0164,1.7336,N,,08/2022,Analyst
51-9081.00,1.A.4.a.5,Peripheral Vision,LV,0.38,8,0.183,0.0164,0.7336,N,N,08/2022,Analyst
51-9081.00,1.A.4.a.6,Depth Perception,IM,2.12,8,0.125,1.88,2.37,N,,08/2022,Analyst
51-9081.00,1.A.4.a.6,Depth Perception,LV,2.12,8,0.125,1.88,2.37,N,N,08/2022,Analyst
51-9081.00,1.A.4.a.7,Glare Sensitivity,IM,1.38,8,0.183,1.0164,1.7336,N,,08/2022,Analyst
51-9081.00,1.A.4.a.7,Glare Sensitivity,LV,0.5,8,0.2673,0.0,1.0238,N,N,08/2022,Analyst
51-9081.00,1.A.4.b.1,Hearing Sensitivity,IM,2.75,8,0.1637,2.4292,3.0708,N,,08/2022,Analyst
51-9081.00,1.A.4.b.1,Hearing Sensitivity,LV,2.0,8,0.189,1.6296,2.3704,N,N,08/2022,Analyst
51-9081.00,1.A.4.b.2,Auditory Attention,IM,2.62,8,0.183,2.2664,2.9836,N,,08/2022,Analyst
51-9081.00,1.A.4.b.2,Auditory Attention,LV,2.12,8,0.125,1.88,2.37,N,N,08/2022,Analyst
51-9081.00,1.A.4.b.3,Sound Localization,IM,1.38,8,0.183,1.0164,1.7336,N,,08/2022,Analyst
51-9081.00,1.A.4.b.3,Sound Localization,LV,0.38,8,0.183,0.0164,0.7336,N,N,08/2022,Analyst
51-9081.00,1.A.4.b.4,Speech Recognition,IM,3.12,8,0.125,2.88,3.37,N,,08/2022,Analyst
51-9081.00,1.A.4.b.4,Speech Recognition,LV,2.38,8,0.183,2.0164,2.7336,N,N,08/2022,Analyst
51-9081.00,1.A.4.b.5,Speech Clarity,IM,3.12,8,0.125,2.88,3.37,N,,08/2022,Analyst
51-9081.00,1.A.4.b.5,Speech Clarity,LV,2.88,8,0.125,2.63,3.12,N,N,08/2022,Analyst
51-9082.00,1.A.1.a.1,Oral Comprehension,IM,3.88,8,0.125,3.63,4.12,N,,07/2015,Analyst
51-9082.00,1.A.1.a.1,Oral Comprehension,LV,3.88,8,0.125,3.63,4.12,N,N,07/2015,Analyst
51-9082.00,1.A.1.a.2,Written Comprehension,IM,3.25,8,0.1637,2.9292,3.5708,N,,07/2015,Analyst
51-9082.00,1.A.1.a.2,Written Comprehension,LV,3.12,8,0.125,2.88,3.37,N,N,07/2015,Analyst
51-9082.00,1.A.1.a.3,Oral Expression,IM,3.75,8,0.1637,3.4292,4.0708,N,,07/2015,Analyst
51-9082.00,1.A.1.a.3,Oral Expression,LV,4.0,8,0.0,4.0,4.0,N,N,07/2015,Analyst
51-9082.00,1.A.1.a.4,Written Expression,IM,3.0,8,0.0,3.0,3.0,N,,07/2015,Analyst
51-9082.00,1.A.1.a.4,Written Expression,LV,3.0,8,0.0,3.0,3.0,N,N,07/2015,Analyst
51-9082.00,1.A.1.b.1,Fluency of Ideas,IM,2.88,8,0.125,2.63,3.12,N,,07/2015,Analyst
51-9082.00,1.A.1.b.1,Fluency of Ideas,LV,3.0,8,0.0,3.0,3.0,N,N,07/2015,Analyst
51-9082.00,1.A.1.b.2,Originality,IM,3.0,8,0.0,3.0,3.0,N,,07/2015,Analyst
51-9082.00,1.A.1.b.2,Originality,LV,3.0,8,0.0,3.0,3.0,N,N,07/2015,Analyst
51-9082.00,1.A.1.b.3,Problem Sensitivity,IM,3.88,8,0.125,3.63,4.12,N,,07/2015,Analyst
51-9082.00,1.A.1.b.3,Problem Sensitivity,LV,3.62,8,0.183,3.2664,3.9836,N,N,07/2015,Analyst
51-9082.00,1.A.1.b.4,Deductive Reasoning,IM,3.75,8,0.1637,3.4292,4.0708,N,,07/2015,Analyst
51-9082.00,1.A.1.b.4,Deductive Reasoning,LV,3.62,8,0.183,3.2664,3.9836,N,N,07/2015,Analyst
51-9082.00,1.A.1.b.5,Inductive Reasoning,IM,3.5,8,0.189,3.1296,3.8704,N,,07/2015,Analyst
51-9082.00,1.A.1.b.5,Inductive Reasoning,LV,3.12,8,0.125,2.88,3.37,N,N,07/2015,Analyst
51-9082.00,1.A.1.b.6,Information Ordering,IM,3.62,8,0.183,3.2664,3.9836,N,,07/2015,Analyst
51-9082.00,1.A.1.b.6,Information Ordering,LV,3.12,8,0.125,2.88,3.37,N,N,07/2015,Analyst
51-9082.00,1.A.1.b.7,Category Flexibility,IM,3.0,8,0.0,3.0,3.0,N,,07/2015,Analyst
51-9082.00,1.A.1.b.7,Category Flexibility,LV,3.0,8,0.0,3.0,3.0,N,N,07/2015,Analyst
51-9082.00,1.A.1.c.1,Mathematical Reasoning,IM,2.88,8,0.125,2.63,3.12,N,,07/2015,Analyst
51-9082.00,1.A.1.c.1,Mathematical Reasoning,LV,2.75,8,0.1637,2.4292,3.0708,N,N,07/2015,Analyst
51-9082.00,1.A.1.c.2,Number Facility,IM,2.75,8,0.1637,2.4292,3.0708,N,,07/2015,Analyst
51-9082.00,1.A.1.c.2,Number Facility,LV,2.88,8,0.125,2.63,3.12,N,N,07/2015,Analyst
51-9082.00,1.A.1.d.1,Memorization,IM,2.38,8,0.183,2.0164,2.7336,N,,07/2015,Analyst
51-9082.00,1.A.1.d.1,Memorization,LV,2.25,8,0.1637,1.9292,2.5708,N,N,07/2015,Analyst
51-9082.00,1.A.1.e.1,Speed of Closure,IM,2.62,8,0.183,2.2664,2.9836,N,,07/2015,Analyst
51-9082.00,1.A.1.e.1,Speed of Closure,LV,2.25,8,0.1637,1.9292,2.5708,N,N,07/2015,Analyst
51-9082.00,1.A.1.e.2,Flexibility of Closure,IM,2.88,8,0.125,2.63,3.12,N,,07/2015,Analyst
51-9082.00,1.A.1.e.2,Flexibility of Closure,LV,3.0,8,0.189,2.6296,3.3704,N,N,07/2015,Analyst
51-9082.00,1.A.1.e.3,Perceptual Speed,IM,2.88,8,0.125,2.63,3.12,N,,07/2015,Analyst
51-9082.00,1.A.1.e.3,Perceptual Speed,LV,2.62,8,0.183,2.2664,2.9836,N,N,07/2015,Analyst
51-9082.00,1.A.1.f.1,Spatial Orientation,IM,1.0,8,0.0,1.0,1.0,N,,07/2015,Analyst
51-9082.00,1.A.1.f.1,Spatial Orientation,LV,0.0,8,0.0,0.0,0.0,N,Y,07/2015,Analyst
51-9082.00,1.A.1.f.2,Visualization,IM,3.75,8,0.1637,3.4292,4.0708,N,,07/2015,Analyst
51-9082.00,1.A.1.f.2,Visualization,LV,3.75,8,0.1637,3.4292,4.0708,N,N,07/2015,Analyst
51-9082.00,1.A.1.g.1,Selective Attention,IM,3.0,8,0.0,3.0,3.0,N,,07/2015,Analyst
51-9082.00,1.A.1.g.1,Selective Attention,LV,2.88,8,0.125,2.63,3.12,N,N,07/2015,Analyst
51-9082.00,1.A.1.g.2,Time Sharing,IM,2.88,8,0.125,2.63,3.12,N,,07/2015,Analyst
51-9082.00,1.A.1.g.2,Time Sharing,LV,2.88,8,0.125,2.63,3.12,N,N,07/2015,Analyst
51-9082.00,1.A.2.a.1,Arm-Hand Steadiness,IM,3.75,8,0.1637,3.4292,4.0708,N,,07/2015,Analyst
51-9082.00,1.A.2.a.1,Arm-Hand Steadiness,LV,3.5,8,0.189,3.1296,3.8704,N,N,07/2015,Analyst
51-9082.00,1.A.2.a.2,Manual Dexterity,IM,3.5,8,0.189,3.1296,3.8704,N,,07/2015,Analyst
51-9082.00,1.A.2.a.2,Manual Dexterity,LV,3.25,8,0.1637,2.9292,3.5708,N,N,07/2015,Analyst
51-9082.00,1.A.2.a.3,Finger Dexterity,IM,3.62,8,0.183,3.2664,3.9836,N,,07/2015,Analyst
51-9082.00,1.A.2.a.3,Finger Dexterity,LV,3.62,8,0.183,3.2664,3.9836,N,N,07/2015,Analyst
51-9082.00,1.A.2.b.1,Control Precision,IM,3.38,8,0.183,3.0164,3.7336,N,,07/2015,Analyst
51-9082.00,1.A.2.b.1,Control Precision,LV,3.62,8,0.183,3.2664,3.9836,N,N,07/2015,Analyst
51-9082.00,1.A.2.b.2,Multilimb Coordination,IM,3.38,8,0.183,3.0164,3.7336,N,,07/2015,Analyst
51-9082.00,1.A.2.b.2,Multilimb Coordination,LV,2.88,8,0.125,2.63,3.12,N,N,07/2015,Analyst
51-9082.00,1.A.2.b.3,Response Orientation,IM,2.38,8,0.183,2.0164,2.7336,N,,07/2015,Analyst
51-9082.00,1.A.2.b.3,Response Orientation,LV,2.12,8,0.125,1.88,2.37,N,N,07/2015,Analyst
51-9082.00,1.A.2.b.4,Rate Control,IM,2.12,8,0.125,1.88,2.37,N,,07/2015,Analyst
51-9082.00,1.A.2.b.4,Rate Control,LV,1.88,8,0.125,1.63,2.12,N,N,07/2015,Analyst
51-9082.00,1.A.2.c.1,Reaction Time,IM,2.75,8,0.1637,2.4292,3.0708,N,,07/2015,Analyst
51-9082.00,1.A.2.c.1,Reaction Time,LV,2.75,8,0.1637,2.4292,3.0708,N,N,07/2015,Analyst
51-9082.00,1.A.2.c.2,Wrist-Finger Speed,IM,2.5,8,0.189,2.1296,2.8704,N,,07/2015,Analyst
51-9082.00,1.A.2.c.2,Wrist-Finger Speed,LV,2.38,8,0.2631,1.8594,2.8906,N,N,07/2015,Analyst
51-9082.00,1.A.2.c.3,Speed of Limb Movement,IM,1.0,8,0.0,1.0,1.0,N,,07/2015,Analyst
51-9082.00,1.A.2.c.3,Speed of Limb Movement,LV,0.0,8,0.0,0.0,0.0,N,Y,07/2015,Analyst
51-9082.00,1.A.3.a.1,Static Strength,IM,2.62,8,0.183,2.2664,2.9836,N,,07/2015,Analyst
51-9082.00,1.A.3.a.1,Static Strength,LV,2.62,8,0.183,2.2664,2.9836,N,N,07/2015,Analyst
51-9082.00,1.A.3.a.2,Explosive Strength,IM,1.62,8,0.183,1.2664,1.9836,N,,07/2015,Analyst
51-9082.00,1.A.3.a.2,Explosive Strength,LV,1.12,8,0.3981,0.3447,1.9053,N,N,07/2015,Analyst
51-9082.00,1.A.3.a.3,Dynamic Strength,IM,2.38,8,0.183,2.0164,2.7336,N,,07/2015,Analyst
51-9082.00,1.A.3.a.3,Dynamic Strength,LV,2.12,8,0.125,1.88,2.37,N,N,07/2015,Analyst
51-9082.00,1.A.3.a.4,Trunk Strength,IM,3.0,8,0.0,3.0,3.0,N,,07/2015,Analyst
51-9082.00,1.A.3.a.4,Trunk Strength,LV,2.5,8,0.189,2.1296,2.8704,N,N,07/2015,Analyst
51-9082.00,1.A.3.b.1,Stamina,IM,2.0,8,0.0,2.0,2.0,N,,07/2015,Analyst
51-9082.00,1.A.3.b.1,Stamina,LV,1.75,8,0.1637,1.4292,2.0708,N,N,07/2015,Analyst
51-9082.00,1.A.3.c.1,Extent Flexibility,IM,2.25,8,0.1637,1.9292,2.5708,N,,07/2015,Analyst
51-9082.00,1.A.3.c.1,Extent Flexibility,LV,2.12,8,0.125,1.88,2.37,N,N,07/2015,Analyst
51-9082.00,1.A.3.c.2,Dynamic Flexibility,IM,1.0,8,0.0,1.0,1.0,N,,07/2015,Analyst
51-9082.00,1.A.3.c.2,Dynamic Flexibility,LV,0.0,8,0.0,0.0,0.0,N,Y,07/2015,Analyst
51-9082.00,1.A.3.c.3,Gross Body Coordination,IM,2.0,8,0.0,2.0,2.0,N,,07/2015,Analyst
51-9082.00,1.A.3.c.3,Gross Body Coordination,LV,1.88,8,0.125,1.63,2.12,N,N,07/2015,Analyst
51-9082.00,1.A.3.c.4,Gross Body Equilibrium,IM,2.0,8,0.0,2.0,2.0,N,,07/2015,Analyst
51-9082.00,1.A.3.c.4,Gross Body Equilibrium,LV,1.62,8,0.2631,1.1094,2.1406,N,N,07/2015,Analyst
51-9082.00,1.A.4.a.1,Near Vision,IM,3.88,8,0.125,3.63,4.12,N,,07/2015,Analyst
51-9082.00,1.A.4.a.1,Near Vision,LV,4.0,8,0.0,4.0,4.0,N,N,07/2015,Analyst
51-9082.00,1.A.4.a.2,Far Vision,IM,2.88,8,0.125,2.63,3.12,N,,07/2015,Analyst
51-9082.00,1.A.4.a.2,Far Vision,LV,2.88,8,0.125,2.63,3.12,N,N,07/2015,Analyst
51-9082.00,1.A.4.a.3,Visual Color Discrimination,IM,3.0,8,0.0,3.0,3.0,N,,07/2015,Analyst
51-9082.00,1.A.4.a.3,Visual Color Discrimination,LV,3.38,8,0.183,3.0164,3.7336,N,N,07/2015,Analyst
51-9082.00,1.A.4.a.4,Night Vision,IM,1.0,8,0.0,1.0,1.0,N,,07/2015,Analyst
51-9082.00,1.A.4.a.4,Night Vision,LV,0.0,8,0.0,0.0,0.0,N,Y,07/2015,Analyst
51-9082.00,1.A.4.a.5,Peripheral Vision,IM,1.0,8,0.0,1.0,1.0,N,,07/2015,Analyst
51-9082.00,1.A.4.a.5,Peripheral Vision,LV,0.0,8,0.0,0.0,0.0,N,Y,07/2015,Analyst
51-9082.00,1.A.4.a.6,Depth Perception,IM,3.0,8,0.0,3.0,3.0,N,,07/2015,Analyst
51-9082.00,1.A.4.a.6,Depth Perception,LV,3.0,8,0.0,3.0,3.0,N,N,07/2015,Analyst
51-9082.00,1.A.4.a.7,Glare Sensitivity,IM,1.0,8,0.0,1.0,1.0,N,,07/2015,Analyst
51-9082.00,1.A.4.a.7,Glare Sensitivity,LV,0.0,8,0.0,0.0,0.0,N,Y,07/2015,Analyst
51-9082.00,1.A.4.b.1,Hearing Sensitivity,IM,3.0,8,0.0,3.0,3.0,N,,07/2015,Analyst
51-9082.00,1.A.4.b.1,Hearing Sensitivity,LV,3.0,8,0.0,3.0,3.0,N,N,07/2015,Analyst
51-9082.00,1.A.4.b.2,Auditory Attention,IM,2.88,8,0.125,2.63,3.12,N,,07/2015,Analyst
51-9082.00,1.A.4.b.2,Auditory Attention,LV,2.88,8,0.125,2.63,3.12,N,N,07/2015,Analyst
51-9082.00,1.A.4.b.3,Sound Localization,IM,1.0,8,0.0,1.0,1.0,N,,07/2015,Analyst
51-9082.00,1.A.4.b.3,Sound Localization,LV,0.0,8,0.0,0.0,0.0,N,Y,07/2015,Analyst
51-9082.00,1.A.4.b.4,Speech Recognition,IM,3.5,8,0.189,3.1296,3.8704,N,,07/2015,Analyst
51-9082.00,1.A.4.b.4,Speech Recognition,LV,3.38,8,0.183,3.0164,3.7336,N,N,07/2015,Analyst
51-9082.00,1.A.4.b.5,Speech Clarity,IM,3.5,8,0.189,3.1296,3.8704,N,,07/2015,Analyst
51-9082.00,1.A.4.b.5,Speech Clarity,LV,3.12,8,0.125,2.88,3.37,N,N,07/2015,Analyst
51-9083.00,1.A.1.a.1,Oral Comprehension,IM,2.88,8,0.125,2.63,3.12,N,,07/2015,Analyst
51-9083.00,1.A.1.a.1,Oral Comprehension,LV,3.62,8,0.183,3.2664,3.9836,N,N,07/2015,Analyst
51-9083.00,1.A.1.a.2,Written Comprehension,IM,3.0,8,0.0,3.0,3.0,N,,07/2015,Analyst
51-9083.00,1.A.1.a.2,Written Comprehension,LV,3.0,8,0.0,3.0,3.0,N,N,07/2015,Analyst
51-9083.00,1.A.1.a.3,Oral Expression,IM,2.88,8,0.125,2.63,3.12,N,,07/2015,Analyst
51-9083.00,1.A.1.a.3,Oral Expression,LV,3.25,8,0.1637,2.9292,3.5708,N,N,07/2015,Analyst
51-9083.00,1.A.1.a.4,Written Expression,IM,2.88,8,0.125,2.63,3.12,N,,07/2015,Analyst
51-9083.00,1.A.1.a.4,Written Expression,LV,2.25,8,0.1637,1.9292,2.5708,N,N,07/2015,Analyst
51-9083.00,1.A.1.b.1,Fluency of Ideas,IM,2.12,8,0.125,1.88,2.37,N,,07/2015,Analyst
51-9083.00,1.A.1.b.1,Fluency of Ideas,LV,2.0,8,0.0,2.0,2.0,N,N,07/2015,Analyst
51-9083.00,1.A.1.b.2,Originality,IM,2.12,8,0.2266,1.6809,2.5691,N,,07/2015,Analyst
51-9083.00,1.A.1.b.2,Originality,LV,1.88,8,0.295,1.2967,2.4533,N,N,07/2015,Analyst
51-9083.00,1.A.1.b.3,Problem Sensitivity,IM,3.25,8,0.1637,2.9292,3.5708,N,,07/2015,Analyst
51-9083.00,1.A.1.b.3,Problem Sensitivity,LV,3.0,8,0.0,3.0,3.0,N,N,07/2015,Analyst
51-9083.00,1.A.1.b.4,Deductive Reasoning,IM,3.38,8,0.183,3.0164,3.7336,N,,07/2015,Analyst
51-9083.00,1.A.1.b.4,Deductive Reasoning,LV,3.0,8,0.0,3.0,3.0,N,N,07/2015,Analyst
51-9083.00,1.A.1.b.5,Inductive Reasoning,IM,2.88,8,0.125,2.63,3.12,N,,07/2015,Analyst
51-9083.00,1.A.1.b.5,Inductive Reasoning,LV,2.5,8,0.189,2.1296,2.8704,N,N,07/2015,Analyst
51-9083.00,1.A.1.b.6,Information Ordering,IM,3.12,8,0.125,2.88,3.37,N,,07/2015,Analyst
51-9083.00,1.A.1.b.6,Information Ordering,LV,3.0,8,0.0,3.0,3.0,N,N,07/2015,Analyst
51-9083.00,1.A.1.b.7,Category Flexibility,IM,3.0,8,0.189,2.6296,3.3704,N,,07/2015,Analyst
51-9083.00,1.A.1.b.7,Category Flexibility,LV,2.88,8,0.125,2.63,3.12,N,N,07/2015,Analyst
51-9083.00,1.A.1.c.1,Mathematical Reasoning,IM,2.12,8,0.125,1.88,2.37,N,,07/2015,Analyst
51-9083.00,1.A.1.c.1,Mathematical Reasoning,LV,2.0,8,0.0,2.0,2.0,N,N,07/2015,Analyst
51-9083.00,1.A.1.c.2,Number Facility,IM,2.12,8,0.125,1.88,2.37,N,,07/2015,Analyst
51-9083.00,1.A.1.c.2,Number Facility,LV,2.25,8,0.1637,1.9292,2.5708,N,N,07/2015,Analyst
51-9083.00,1.A.1.d.1,Memorization,IM,2.0,8,0.0,2.0,2.0,N,,07/2015,Analyst
51-9083.00,1.A.1.d.1,Memorization,LV,1.88,8,0.125,1.63,2.12,N,N,07/2015,Analyst
51-9083.00,1.A.1.e.1,Speed of Closure,IM,2.25,8,0.1637,1.9292,2.5708,N,,07/2015,Analyst
51-9083.00,1.A.1.e.1,Speed of Closure,LV,2.0,8,0.189,1.6296,2.3704,N,N,07/2015,Analyst
51-9083.00,1.A.1.e.2,Flexibility of Closure,IM,3.0,8,0.0,3.0,3.0,N,,07/2015,Analyst
51-9083.00,1.A.1.e.2,Flexibility of Closure,LV,2.75,8,0.1637,2.4292,3.0708,N,N,07/2015,Analyst
51-9083.00,1.A.1.e.3,Perceptual Speed,IM,3.0,8,0.0,3.0,3.0,N,,07/2015,Analyst
51-9083.00,1.A.1.e.3,Perceptual Speed,LV,2.88,8,0.125,2.63,3.12,N,N,07/2015,Analyst
51-9083.00,1.A.1.f.1,Spatial Orientation,IM,1.0,8,0.0,1.0,1.0,N,,07/2015,Analyst
51-9083.00,1.A.1.f.1,Spatial Orientation,LV,0.0,8,0.0,0.0,0.0,N,Y,07/2015,Analyst
51-9083.00,1.A.1.f.2,Visualization,IM,3.12,8,0.125,2.88,3.37,N,,07/2015,Analyst
51-9083.00,1.A.1.f.2,Visualization,LV,3.12,8,0.125,2.88,3.37,N,N,07/2015,Analyst
51-9083.00,1.A.1.g.1,Selective Attention,IM,3.12,8,0.125,2.88,3.37,N,,07/2015,Analyst
51-9083.00,1.A.1.g.1,Selective Attention,LV,3.12,8,0.125,2.88,3.37,N,N,07/2015,Analyst
51-9083.00,1.A.1.g.2,Time Sharing,IM,2.25,8,0.1637,1.9292,2.5708,N,,07/2015,Analyst
51-9083.00,1.A.1.g.2,Time Sharing,LV,2.12,8,0.125,1.88,2.37,N,N,07/2015,Analyst
51-9083.00,1.A.2.a.1,Arm-Hand Steadiness,IM,3.62,8,0.183,3.2664,3.9836,N,,07/2015,Analyst
51-9083.00,1.A.2.a.1,Arm-Hand Steadiness,LV,4.12,8,0.125,3.88,4.37,N,N,07/2015,Analyst
51-9083.00,1.A.2.a.2,Manual Dexterity,IM,3.5,8,0.189,3.1296,3.8704,N,,07/2015,Analyst
51-9083.00,1.A.2.a.2,Manual Dexterity,LV,3.38,8,0.183,3.0164,3.7336,N,N,07/2015,Analyst
51-9083.00,1.A.2.a.3,Finger Dexterity,IM,3.62,8,0.183,3.2664,3.9836,N,,07/2015,Analyst
51-9083.00,1.A.2.a.3,Finger Dexterity,LV,3.75,8,0.1637,3.4292,4.0708,N,N,07/2015,Analyst
51-9083.00,1.A.2.b.1,Control Precision,IM,3.5,8,0.189,3.1296,3.8704,N,,07/2015,Analyst
51-9083.00,1.A.2.b.1,Control Precision,LV,4.25,8,0.1637,3.9292,4.5708,N,N,07/2015,Analyst
51-9083.00,1.A.2.b.2,Multilimb Coordination,IM,2.88,8,0.125,2.63,3.12,N,,07/2015,Analyst
51-9083.00,1.A.2.b.2,Multilimb Coordination,LV,2.88,8,0.125,2.63,3.12,N,N,07/2015,Analyst
51-9083.00,1.A.2.b.3,Response Orientation,IM,1.75,8,0.1637,1.4292,2.0708,N,,07/2015,Analyst
51-9083.00,1.A.2.b.3,Response Orientation,LV,1.38,8,0.3239,0.7402,2.0098,N,N,07/2015,Analyst
51-9083.00,1.A.2.b.4,Rate Control,IM,3.0,8,0.189,2.6296,3.3704,N,,07/2015,Analyst
51-9083.00,1.A.2.b.4,Rate Control,LV,2.88,8,0.125,2.63,3.12,N,N,07/2015,Analyst
51-9083.00,1.A.2.c.1,Reaction Time,IM,3.0,8,0.0,3.0,3.0,N,,07/2015,Analyst
51-9083.00,1.A.2.c.1,Reaction Time,LV,3.0,8,0.0,3.0,3.0,N,N,07/2015,Analyst
51-9083.00,1.A.2.c.2,Wrist-Finger Speed,IM,3.0,8,0.0,3.0,3.0,N,,07/2015,Analyst
51-9083.00,1.A.2.c.2,Wrist-Finger Speed,LV,2.88,8,0.2266,2.4309,3.3191,N,N,07/2015,Analyst
51-9083.00,1.A.2.c.3,Speed of Limb Movement,IM,1.75,8,0.1637,1.4292,2.0708,N,,07/2015,Analyst
51-9083.00,1.A.2.c.3,Speed of Limb Movement,LV,1.5,8,0.3273,0.8584,2.1416,N,N,07/2015,Analyst
51-9083.00,1.A.3.a.1,Static Strength,IM,2.0,8,0.0,2.0,2.0,N,,07/2015,Analyst
51-9083.00,1.A.3.a.1,Static Strength,LV,1.12,8,0.125,0.88,1.37,N,N,07/2015,Analyst
51-9083.00,1.A.3.a.2,Explosive Strength,IM,1.62,8,0.183,1.2664,1.9836,N,,07/2015,Analyst
51-9083.00,1.A.3.a.2,Explosive Strength,LV,0.75,8,0.25,0.26,1.24,N,N,07/2015,Analyst
51-9083.00,1.A.3.a.3,Dynamic Strength,IM,1.62,8,0.183,1.2664,1.9836,N,,07/2015,Analyst
51-9083.00,1.A.3.a.3,Dynamic Strength,LV,0.62,8,0.183,0.2664,0.9836,N,N,07/2015,Analyst
51-9083.00,1.A.3.a.4,Trunk Strength,IM,2.38,8,0.183,2.0164,2.7336,N,,07/2015,Analyst
51-9083.00,1.A.3.a.4,Trunk Strength,LV,2.12,8,0.2266,1.6809,2.5691,N,N,07/2015,Analyst
51-9083.00,1.A.3.b.1,Stamina,IM,2.12,8,0.125,1.88,2.37,N,,07/2015,Analyst
51-9083.00,1.A.3.b.1,Stamina,LV,1.5,8,0.189,1.1296,1.8704,N,N,07/2015,Analyst
51-9083.00,1.A.3.c.1,Extent Flexibility,IM,2.0,8,0.0,2.0,2.0,N,,07/2015,Analyst
51-9083.00,1.A.3.c.1,Extent Flexibility,LV,1.88,8,0.125,1.63,2.12,N,N,07/2015,Analyst
51-9083.00,1.A.3.c.2,Dynamic Flexibility,IM,1.0,8,0.0,1.0,1.0,N,,07/2015,Analyst
51-9083.00,1.A.3.c.2,Dynamic Flexibility,LV,0.0,8,0.0,0.0,0.0,N,Y,07/2015,Analyst
51-9083.00,1.A.3.c.3,Gross Body Coordination,IM,1.75,8,0.1637,1.4292,2.0708,N,,07/2015,Analyst
51-9083.00,1.A.3.c.3,Gross Body Coordination,LV,1.25,8,0.3134,0.6358,1.8642,N,N,07/2015,Analyst
51-9083.00,1.A.3.c.4,Gross Body Equilibrium,IM,1.25,8,0.1637,1.0,1.5708,N,,07/2015,Analyst
51-9083.00,1.A.3.c.4,Gross Body Equilibrium,LV,0.25,8,0.1637,0.0,0.5708,N,Y,07/2015,Analyst
51-9083.00,1.A.4.a.1,Near Vision,IM,3.75,8,0.1637,3.4292,4.0708,N,,07/2015,Analyst
51-9083.00,1.A.4.a.1,Near Vision,LV,4.38,8,0.183,4.0164,4.7336,N,N,07/2015,Analyst
51-9083.00,1.A.4.a.2,Far Vision,IM,2.88,8,0.125,2.63,3.12,N,,07/2015,Analyst
51-9083.00,1.A.4.a.2,Far Vision,LV,3.0,8,0.0,3.0,3.0,N,N,07/2015,Analyst
51-9083.00,1.A.4.a.3,Visual Color Discrimination,IM,3.0,8,0.0,3.0,3.0,N,,07/2015,Analyst
51-9083.00,1.A.4.a.3,Visual Color Discrimination,LV,3.0,8,0.189,2.6296,3.3704,N,N,07/2015,Analyst
51-9083.00,1.A.4.a.4,Night Vision,IM,1.0,8,0.0,1.0,1.0,N,,07/2015,Analyst
51-9083.00,1.A.4.a.4,Night Vision,LV,0.0,8,0.0,0.0,0.0,N,Y,07/2015,Analyst
51-9083.00,1.A.4.a.5,Peripheral Vision,IM,1.0,8,0.0,1.0,1.0,N,,07/2015,Analyst
51-9083.00,1.A.4.a.5,Peripheral Vision,LV,0.0,8,0.0,0.0,0.0,N,Y,07/2015,Analyst
51-9083.00,1.A.4.a.6,Depth Perception,IM,2.88,8,0.125,2.63,3.12,N,,07/2015,Analyst
51-9083.00,1.A.4.a.6,Depth Perception,LV,2.62,8,0.2631,2.1094,3.1406,N,N,07/2015,Analyst
51-9083.00,1.A.4.a.7,Glare Sensitivity,IM,1.0,8,0.0,1.0,1.0,N,,07/2015,Analyst
51-9083.00,1.A.4.a.7,Glare Sensitivity,LV,0.0,8,0.0,0.0,0.0,N,Y,07/2015,Analyst
51-9083.00,1.A.4.b.1,Hearing Sensitivity,IM,2.12,8,0.125,1.88,2.37,N,,07/2015,Analyst
51-9083.00,1.A.4.b.1,Hearing Sensitivity,LV,1.88,8,0.125,1.63,2.12,N,N,07/2015,Analyst
51-9083.00,1.A.4.b.2,Auditory Attention,IM,2.38,8,0.183,2.0164,2.7336,N,,07/2015,Analyst
51-9083.00,1.A.4.b.2,Auditory Attention,LV,2.5,8,0.189,2.1296,2.8704,N,N,07/2015,Analyst
51-9083.00,1.A.4.b.3,Sound Localization,IM,1.0,8,0.0,1.0,1.0,N,,07/2015,Analyst
51-9083.00,1.A.4.b.3,Sound Localization,LV,0.0,8,0.0,0.0,0.0,N,Y,07/2015,Analyst
51-9083.00,1.A.4.b.4,Speech Recognition,IM,3.0,8,0.189,2.6296,3.3704,N,,07/2015,Analyst
51-9083.00,1.A.4.b.4,Speech Recognition,LV,2.75,8,0.1637,2.4292,3.0708,N,N,07/2015,Analyst
51-9083.00,1.A.4.b.5,Speech Clarity,IM,2.88,8,0.125,2.63,3.12,N,,07/2015,Analyst
51-9083.00,1.A.4.b.5,Speech Clarity,LV,2.62,8,0.183,2.2664,2.9836,N,N,07/2015,Analyst
51-9111.00,1.A.1.a.1,Oral Comprehension,IM,3.12,8,0.2266,2.6809,3.5691,N,,07/2017,Analyst
51-9111.00,1.A.1.a.1,Oral Comprehension,LV,3.0,8,0.0,3.0,3.0,N,N,07/2017,Analyst
51-9111.00,1.A.1.a.2,Written Comprehension,IM,2.88,8,0.125,2.63,3.12,N,,07/2017,Analyst
51-9111.00,1.A.1.a.2,Written Comprehension,LV,3.0,8,0.0,3.0,3.0,N,N,07/2017,Analyst
51-9111.00,1.A.1.a.3,Oral Expression,IM,3.12,8,0.125,2.88,3.37,N,,07/2017,Analyst
51-9111.00,1.A.1.a.3,Oral Expression,LV,3.0,8,0.0,3.0,3.0,N,N,07/2017,Analyst
51-9111.00,1.A.1.a.4,Written Expression,IM,2.62,8,0.183,2.2664,2.9836,N,,07/2017,Analyst
51-9111.00,1.A.1.a.4,Written Expression,LV,2.88,8,0.125,2.63,3.12,N,N,07/2017,Analyst
51-9111.00,1.A.1.b.1,Fluency of Ideas,IM,2.25,8,0.1637,1.9292,2.5708,N,,07/2017,Analyst
51-9111.00,1.A.1.b.1,Fluency of Ideas,LV,2.12,8,0.125,1.88,2.37,N,N,07/2017,Analyst
51-9111.00,1.A.1.b.2,Originality,IM,2.12,8,0.125,1.88,2.37,N,,07/2017,Analyst
51-9111.00,1.A.1.b.2,Originality,LV,2.25,8,0.1637,1.9292,2.5708,N,N,07/2017,Analyst
51-9111.00,1.A.1.b.3,Problem Sensitivity,IM,3.12,8,0.125,2.88,3.37,N,,07/2017,Analyst
51-9111.00,1.A.1.b.3,Problem Sensitivity,LV,2.88,8,0.125,2.63,3.12,N,N,07/2017,Analyst
51-9111.00,1.A.1.b.4,Deductive Reasoning,IM,2.88,8,0.125,2.63,3.12,N,,07/2017,Analyst
51-9111.00,1.A.1.b.4,Deductive Reasoning,LV,2.88,8,0.125,2.63,3.12,N,N,07/2017,Analyst
51-9111.00,1.A.1.b.5,Inductive Reasoning,IM,2.88,8,0.125,2.63,3.12,N,,07/2017,Analyst
51-9111.00,1.A.1.b.5,Inductive Reasoning,LV,2.75,8,0.1637,2.4292,3.0708,N,N,07/2017,Analyst
51-9111.00,1.A.1.b.6,Information Ordering,IM,3.0,8,0.0,3.0,3.0,N,,07/2017,Analyst
51-9111.00,1.A.1.b.6,Information Ordering,LV,3.0,8,0.0,3.0,3.0,N,N,07/2017,Analyst
51-9111.00,1.A.1.b.7,Category Flexibility,IM,2.88,8,0.125,2.63,3.12,N,,07/2017,Analyst
51-9111.00,1.A.1.b.7,Category Flexibility,LV,3.0,8,0.0,3.0,3.0,N,N,07/2017,Analyst
51-9111.00,1.A.1.c.1,Mathematical Reasoning,IM,2.12,8,0.125,1.88,2.37,N,,07/2017,Analyst
51-9111.00,1.A.1.c.1,Mathematical Reasoning,LV,2.12,8,0.125,1.88,2.37,N,N,07/2017,Analyst
51-9111.00,1.A.1.c.2,Number Facility,IM,2.12,8,0.125,1.88,2.37,N,,07/2017,Analyst
51-9111.00,1.A.1.c.2,Number Facility,LV,2.0,8,0.0,2.0,2.0,N,N,07/2017,Analyst
51-9111.00,1.A.1.d.1,Memorization,IM,2.0,8,0.0,2.0,2.0,N,,07/2017,Analyst
51-9111.00,1.A.1.d.1,Memorization,LV,2.0,8,0.0,2.0,2.0,N,N,07/2017,Analyst
51-9111.00,1.A.1.e.1,Speed of Closure,IM,2.12,8,0.125,1.88,2.37,N,,07/2017,Analyst
51-9111.00,1.A.1.e.1,Speed of Closure,LV,2.12,8,0.125,1.88,2.37,N,N,07/2017,Analyst
51-9111.00,1.A.1.e.2,Flexibility of Closure,IM,3.0,8,0.0,3.0,3.0,N,,07/2017,Analyst
51-9111.00,1.A.1.e.2,Flexibility of Closure,LV,3.0,8,0.0,3.0,3.0,N,N,07/2017,Analyst
51-9111.00,1.A.1.e.3,Perceptual Speed,IM,3.12,8,0.125,2.88,3.37,N,,07/2017,Analyst
51-9111.00,1.A.1.e.3,Perceptual Speed,LV,3.0,8,0.0,3.0,3.0,N,N,07/2017,Analyst
51-9111.00,1.A.1.f.1,Spatial Orientation,IM,2.0,8,0.0,2.0,2.0,N,,07/2017,Analyst
51-9111.00,1.A.1.f.1,Spatial Orientation,LV,1.75,8,0.1637,1.4292,2.0708,N,N,07/2017,Analyst
51-9111.00,1.A.1.f.2,Visualization,IM,3.0,8,0.0,3.0,3.0,N,,07/2017,Analyst
51-9111.00,1.A.1.f.2,Visualization,LV,2.88,8,0.125,2.63,3.12,N,N,07/2017,Analyst
51-9111.00,1.A.1.g.1,Selective Attention,IM,3.0,8,0.0,3.0,3.0,N,,07/2017,Analyst
51-9111.00,1.A.1.g.1,Selective Attention,LV,3.0,8,0.0,3.0,3.0,N,N,07/2017,Analyst
51-9111.00,1.A.1.g.2,Time Sharing,IM,2.88,8,0.125,2.63,3.12,N,,07/2017,Analyst
51-9111.00,1.A.1.g.2,Time Sharing,LV,2.75,8,0.1637,2.4292,3.0708,N,N,07/2017,Analyst
51-9111.00,1.A.2.a.1,Arm-Hand Steadiness,IM,3.25,8,0.1637,2.9292,3.5708,N,,07/2017,Analyst
51-9111.00,1.A.2.a.1,Arm-Hand Steadiness,LV,3.12,8,0.125,2.88,3.37,N,N,07/2017,Analyst
51-9111.00,1.A.2.a.2,Manual Dexterity,IM,3.12,8,0.125,2.88,3.37,N,,07/2017,Analyst
51-9111.00,1.A.2.a.2,Manual Dexterity,LV,3.5,8,0.189,3.1296,3.8704,N,N,07/2017,Analyst
51-9111.00,1.A.2.a.3,Finger Dexterity,IM,3.0,8,0.0,3.0,3.0,N,,07/2017,Analyst
51-9111.00,1.A.2.a.3,Finger Dexterity,LV,3.38,8,0.183,3.0164,3.7336,N,N,07/2017,Analyst
51-9111.00,1.A.2.b.1,Control Precision,IM,3.12,8,0.125,2.88,3.37,N,,07/2017,Analyst
51-9111.00,1.A.2.b.1,Control Precision,LV,3.62,8,0.183,3.2664,3.9836,N,N,07/2017,Analyst
51-9111.00,1.A.2.b.2,Multilimb Coordination,IM,3.0,8,0.0,3.0,3.0,N,,07/2017,Analyst
51-9111.00,1.A.2.b.2,Multilimb Coordination,LV,3.0,8,0.0,3.0,3.0,N,N,07/2017,Analyst
51-9111.00,1.A.2.b.3,Response Orientation,IM,2.5,8,0.189,2.1296,2.8704,N,,07/2017,Analyst
51-9111.00,1.A.2.b.3,Response Orientation,LV,2.62,8,0.183,2.2664,2.9836,N,N,07/2017,Analyst
51-9111.00,1.A.2.b.4,Rate Control,IM,3.0,8,0.0,3.0,3.0,N,,07/2017,Analyst
51-9111.00,1.A.2.b.4,Rate Control,LV,3.0,8,0.0,3.0,3.0,N,N,07/2017,Analyst
51-9111.00,1.A.2.c.1,Reaction Time,IM,3.0,8,0.0,3.0,3.0,N,,07/2017,Analyst
51-9111.00,1.A.2.c.1,Reaction Time,LV,3.25,8,0.1637,2.9292,3.5708,N,N,07/2017,Analyst
51-9111.00,1.A.2.c.2,Wrist-Finger Speed,IM,2.5,8,0.189,2.1296,2.8704,N,,07/2017,Analyst
51-9111.00,1.A.2.c.2,Wrist-Finger Speed,LV,2.62,8,0.183,2.2664,2.9836,N,N,07/2017,Analyst
51-9111.00,1.A.2.c.3,Speed of Limb Movement,IM,2.25,8,0.25,1.76,2.74,N,,07/2017,Analyst
51-9111.00,1.A.2.c.3,Speed of Limb Movement,LV,2.25,8,0.366,1.5327,2.9673,N,N,07/2017,Analyst
51-9111.00,1.A.3.a.1,Static Strength,IM,2.75,8,0.1637,2.4292,3.0708,N,,07/2017,Analyst
51-9111.00,1.A.3.a.1,Static Strength,LV,2.88,8,0.125,2.63,3.12,N,N,07/2017,Analyst
51-9111.00,1.A.3.a.2,Explosive Strength,IM,1.62,8,0.2631,1.1094,2.1406,N,,07/2017,Analyst
51-9111.00,1.A.3.a.2,Explosive Strength,LV,1.0,8,0.4226,0.1717,1.8283,N,N,07/2017,Analyst
51-9111.00,1.A.3.a.3,Dynamic Strength,IM,2.12,8,0.125,1.88,2.37,N,,07/2017,Analyst
51-9111.00,1.A.3.a.3,Dynamic Strength,LV,2.12,8,0.125,1.88,2.37,N,N,07/2017,Analyst
51-9111.00,1.A.3.a.4,Trunk Strength,IM,3.0,8,0.0,3.0,3.0,N,,07/2017,Analyst
51-9111.00,1.A.3.a.4,Trunk Strength,LV,3.0,8,0.0,3.0,3.0,N,N,07/2017,Analyst
51-9111.00,1.A.3.b.1,Stamina,IM,2.5,8,0.189,2.1296,2.8704,N,,07/2017,Analyst
51-9111.00,1.A.3.b.1,Stamina,LV,2.38,8,0.183,2.0164,2.7336,N,N,07/2017,Analyst
51-9111.00,1.A.3.c.1,Extent Flexibility,IM,2.62,8,0.183,2.2664,2.9836,N,,07/2017,Analyst
51-9111.00,1.A.3.c.1,Extent Flexibility,LV,2.88,8,0.125,2.63,3.12,N,N,07/2017,Analyst
51-9111.00,1.A.3.c.2,Dynamic Flexibility,IM,1.12,8,0.125,1.0,1.37,N,,07/2017,Analyst
51-9111.00,1.A.3.c.2,Dynamic Flexibility,LV,0.25,8,0.25,0.0,0.74,N,Y,07/2017,Analyst
51-9111.00,1.A.3.c.3,Gross Body Coordination,IM,2.0,8,0.0,2.0,2.0,N,,07/2017,Analyst
51-9111.00,1.A.3.c.3,Gross Body Coordination,LV,2.38,8,0.183,2.0164,2.7336,N,N,07/2017,Analyst
51-9111.00,1.A.3.c.4,Gross Body Equilibrium,IM,2.12,8,0.125,1.88,2.37,N,,07/2017,Analyst
51-9111.00,1.A.3.c.4,Gross Body Equilibrium,LV,2.0,8,0.189,1.6296,2.3704,N,N,07/2017,Analyst
51-9111.00,1.A.4.a.1,Near Vision,IM,3.12,8,0.2266,2.6809,3.5691,N,,07/2017,Analyst
51-9111.00,1.A.4.a.1,Near Vision,LV,3.38,8,0.183,3.0164,3.7336,N,N,07/2017,Analyst
51-9111.00,1.A.4.a.2,Far Vision,IM,2.88,8,0.125,2.63,3.12,N,,07/2017,Analyst
51-9111.00,1.A.4.a.2,Far Vision,LV,2.88,8,0.125,2.63,3.12,N,N,07/2017,Analyst
51-9111.00,1.A.4.a.3,Visual Color Discrimination,IM,2.5,8,0.189,2.1296,2.8704,N,,07/2017,Analyst
51-9111.00,1.A.4.a.3,Visual Color Discrimination,LV,2.62,8,0.183,2.2664,2.9836,N,N,07/2017,Analyst
51-9111.00,1.A.4.a.4,Night Vision,IM,2.0,8,0.0,2.0,2.0,N,,07/2017,Analyst
51-9111.00,1.A.4.a.4,Night Vision,LV,1.12,8,0.125,0.88,1.37,N,N,07/2017,Analyst
51-9111.00,1.A.4.a.5,Peripheral Vision,IM,2.0,8,0.0,2.0,2.0,N,,07/2017,Analyst
51-9111.00,1.A.4.a.5,Peripheral Vision,LV,1.12,8,0.125,0.88,1.37,N,N,07/2017,Analyst
51-9111.00,1.A.4.a.6,Depth Perception,IM,2.25,8,0.1637,1.9292,2.5708,N,,07/2017,Analyst
51-9111.00,1.A.4.a.6,Depth Perception,LV,2.62,8,0.183,2.2664,2.9836,N,N,07/2017,Analyst
51-9111.00,1.A.4.a.7,Glare Sensitivity,IM,1.88,8,0.125,1.63,2.12,N,,07/2017,Analyst
51-9111.00,1.A.4.a.7,Glare Sensitivity,LV,1.12,8,0.2266,0.6809,1.5691,N,N,07/2017,Analyst
51-9111.00,1.A.4.b.1,Hearing Sensitivity,IM,2.88,8,0.125,2.63,3.12,N,,07/2017,Analyst
51-9111.00,1.A.4.b.1,Hearing Sensitivity,LV,2.5,8,0.189,2.1296,2.8704,N,N,07/2017,Analyst
51-9111.00,1.A.4.b.2,Auditory Attention,IM,2.88,8,0.125,2.63,3.12,N,,07/2017,Analyst
51-9111.00,1.A.4.b.2,Auditory Attention,LV,3.0,8,0.0,3.0,3.0,N,N,07/2017,Analyst
51-9111.00,1.A.4.b.3,Sound Localization,IM,2.0,8,0.0,2.0,2.0,N,,07/2017,Analyst
51-9111.00,1.A.4.b.3,Sound Localization,LV,1.12,8,0.125,0.88,1.37,N,N,07/2017,Analyst
51-9111.00,1.A.4.b.4,Speech Recognition,IM,3.0,8,0.0,3.0,3.0,N,,07/2017,Analyst
51-9111.00,1.A.4.b.4,Speech Recognition,LV,2.88,8,0.125,2.63,3.12,N,N,07/2017,Analyst
51-9111.00,1.A.4.b.5,Speech Clarity,IM,3.0,8,0.0,3.0,3.0,N,,07/2017,Analyst
51-9111.00,1.A.4.b.5,Speech Clarity,LV,3.0,8,0.0,3.0,3.0,N,N,07/2017,Analyst
51-9123.00,1.A.1.a.1,Oral Comprehension,IM,3.0,8,0.0,3.0,3.0,N,,08/2019,Analyst
51-9123.00,1.A.1.a.1,Oral Comprehension,LV,3.0,8,0.0,3.0,3.0,N,N,08/2019,Analyst
51-9123.00,1.A.1.a.2,Written Comprehension,IM,2.88,8,0.2266,2.4309,3.3191,N,,08/2019,Analyst
51-9123.00,1.A.1.a.2,Written Comprehension,LV,2.62,8,0.183,2.2664,2.9836,N,N,08/2019,Analyst
51-9123.00,1.A.1.a.3,Oral Expression,IM,3.0,8,0.0,3.0,3.0,N,,08/2019,Analyst
51-9123.00,1.A.1.a.3,Oral Expression,LV,3.0,8,0.0,3.0,3.0,N,N,08/2019,Analyst
51-9123.00,1.A.1.a.4,Written Expression,IM,2.12,8,0.125,1.88,2.37,N,,08/2019,Analyst
51-9123.00,1.A.1.a.4,Written Expression,LV,1.88,8,0.125,1.63,2.12,N,N,08/2019,Analyst
51-9123.00,1.A.1.b.1,Fluency of Ideas,IM,2.12,8,0.125,1.88,2.37,N,,08/2019,Analyst
51-9123.00,1.A.1.b.1,Fluency of Ideas,LV,1.88,8,0.125,1.63,2.12,N,N,08/2019,Analyst
51-9123.00,1.A.1.b.2,Originality,IM,2.25,8,0.1637,1.9292,2.5708,N,,08/2019,Analyst
51-9123.00,1.A.1.b.2,Originality,LV,2.0,8,0.189,1.6296,2.3704,N,N,08/2019,Analyst
51-9123.00,1.A.1.b.3,Problem Sensitivity,IM,3.0,8,0.189,2.6296,3.3704,N,,08/2019,Analyst
51-9123.00,1.A.1.b.3,Problem Sensitivity,LV,2.62,8,0.183,2.2664,2.9836,N,N,08/2019,Analyst
51-9123.00,1.A.1.b.4,Deductive Reasoning,IM,2.75,8,0.1637,2.4292,3.0708,N,,08/2019,Analyst
51-9123.00,1.A.1.b.4,Deductive Reasoning,LV,2.75,8,0.1637,2.4292,3.0708,N,N,08/2019,Analyst
51-9123.00,1.A.1.b.5,Inductive Reasoning,IM,2.75,8,0.1637,2.4292,3.0708,N,,08/2019,Analyst
51-9123.00,1.A.1.b.5,Inductive Reasoning,LV,2.75,8,0.1637,2.4292,3.0708,N,N,08/2019,Analyst
51-9123.00,1.A.1.b.6,Information Ordering,IM,2.88,8,0.125,2.63,3.12,N,,08/2019,Analyst
51-9123.00,1.A.1.b.6,Information Ordering,LV,2.38,8,0.183,2.0164,2.7336,N,N,08/2019,Analyst
51-9123.00,1.A.1.b.7,Category Flexibility,IM,2.5,8,0.189,2.1296,2.8704,N,,08/2019,Analyst
51-9123.00,1.A.1.b.7,Category Flexibility,LV,2.5,8,0.189,2.1296,2.8704,N,N,08/2019,Analyst
51-9123.00,1.A.1.c.1,Mathematical Reasoning,IM,2.0,8,0.0,2.0,2.0,N,,08/2019,Analyst
51-9123.00,1.A.1.c.1,Mathematical Reasoning,LV,1.12,8,0.125,0.88,1.37,N,N,08/2019,Analyst
51-9123.00,1.A.1.c.2,Number Facility,IM,2.0,8,0.0,2.0,2.0,N,,08/2019,Analyst
51-9123.00,1.A.1.c.2,Number Facility,LV,1.12,8,0.125,0.88,1.37,N,N,08/2019,Analyst
51-9123.00,1.A.1.d.1,Memorization,IM,2.0,8,0.0,2.0,2.0,N,,08/2019,Analyst
51-9123.00,1.A.1.d.1,Memorization,LV,1.12,8,0.125,0.88,1.37,N,N,08/2019,Analyst
51-9123.00,1.A.1.e.1,Speed of Closure,IM,2.12,8,0.125,1.88,2.37,N,,08/2019,Analyst
51-9123.00,1.A.1.e.1,Speed of Closure,LV,1.38,8,0.183,1.0164,1.7336,N,N,08/2019,Analyst
51-9123.00,1.A.1.e.2,Flexibility of Closure,IM,2.25,8,0.1637,1.9292,2.5708,N,,08/2019,Analyst
51-9123.00,1.A.1.e.2,Flexibility of Closure,LV,2.12,8,0.125,1.88,2.37,N,N,08/2019,Analyst
51-9123.00,1.A.1.e.3,Perceptual Speed,IM,2.0,8,0.0,2.0,2.0,N,,08/2019,Analyst
51-9123.00,1.A.1.e.3,Perceptual Speed,LV,2.12,8,0.125,1.88,2.37,N,N,08/2019,Analyst
51-9123.00,1.A.1.f.1,Spatial Orientation,IM,1.25,8,0.1637,1.0,1.5708,N,,08/2019,Analyst
51-9123.00,1.A.1.f.1,Spatial Orientation,LV,0.38,8,0.2631,0.0,0.8906,N,Y,08/2019,Analyst
51-9123.00,1.A.1.f.2,Visualization,IM,2.25,8,0.1637,1.9292,2.5708,N,,08/2019,Analyst
51-9123.00,1.A.1.f.2,Visualization,LV,2.12,8,0.125,1.88,2.37,N,N,08/2019,Analyst
51-9123.00,1.A.1.g.1,Selective Attention,IM,2.5,8,0.189,2.1296,2.8704,N,,08/2019,Analyst
51-9123.00,1.A.1.g.1,Selective Attention,LV,2.12,8,0.125,1.88,2.37,N,N,08/2019,Analyst
51-9123.00,1.A.1.g.2,Time Sharing,IM,2.0,8,0.0,2.0,2.0,N,,08/2019,Analyst
51-9123.00,1.A.1.g.2,Time Sharing,LV,2.12,8,0.125,1.88,2.37,N,N,08/2019,Analyst
51-9123.00,1.A.2.a.1,Arm-Hand Steadiness,IM,3.5,8,0.189,3.1296,3.8704,N,,08/2019,Analyst
51-9123.00,1.A.2.a.1,Arm-Hand Steadiness,LV,3.5,8,0.2673,2.9762,4.0238,N,N,08/2019,Analyst
51-9123.00,1.A.2.a.2,Manual Dexterity,IM,3.25,8,0.1637,2.9292,3.5708,N,,08/2019,Analyst
51-9123.00,1.A.2.a.2,Manual Dexterity,LV,2.88,8,0.125,2.63,3.12,N,N,08/2019,Analyst
51-9123.00,1.A.2.a.3,Finger Dexterity,IM,3.0,8,0.0,3.0,3.0,N,,08/2019,Analyst
51-9123.00,1.A.2.a.3,Finger Dexterity,LV,3.0,8,0.0,3.0,3.0,N,N,08/2019,Analyst
51-9123.00,1.A.2.b.1,Control Precision,IM,2.62,8,0.183,2.2664,2.9836,N,,08/2019,Analyst
51-9123.00,1.A.2.b.1,Control Precision,LV,2.88,8,0.125,2.63,3.12,N,N,08/2019,Analyst
51-9123.00,1.A.2.b.2,Multilimb Coordination,IM,2.62,8,0.183,2.2664,2.9836,N,,08/2019,Analyst
51-9123.00,1.A.2.b.2,Multilimb Coordination,LV,2.62,8,0.183,2.2664,2.9836,N,N,08/2019,Analyst
51-9123.00,1.A.2.b.3,Response Orientation,IM,1.75,8,0.1637,1.4292,2.0708,N,,08/2019,Analyst
51-9123.00,1.A.2.b.3,Response Orientation,LV,0.88,8,0.2266,0.4309,1.3191,N,N,08/2019,Analyst
51-9123.00,1.A.2.b.4,Rate Control,IM,1.38,8,0.183,1.0164,1.7336,N,,08/2019,Analyst
51-9123.00,1.A.2.b.4,Rate Control,LV,0.75,8,0.366,0.0327,1.4673,N,N,08/2019,Analyst
51-9123.00,1.A.2.c.1,Reaction Time,IM,1.5,8,0.189,1.1296,1.8704,N,,08/2019,Analyst
51-9123.00,1.A.2.c.1,Reaction Time,LV,0.62,8,0.2631,0.1094,1.1406,N,N,08/2019,Analyst
51-9123.00,1.A.2.c.2,Wrist-Finger Speed,IM,1.75,8,0.1637,1.4292,2.0708,N,,08/2019,Analyst
51-9123.00,1.A.2.c.2,Wrist-Finger Speed,LV,1.38,8,0.3239,0.7402,2.0098,N,N,08/2019,Analyst
51-9123.00,1.A.2.c.3,Speed of Limb Movement,IM,1.38,8,0.183,1.0164,1.7336,N,,08/2019,Analyst
51-9123.00,1.A.2.c.3,Speed of Limb Movement,LV,0.38,8,0.183,0.0164,0.7336,N,N,08/2019,Analyst
51-9123.00,1.A.3.a.1,Static Strength,IM,2.12,8,0.125,1.88,2.37,N,,08/2019,Analyst
51-9123.00,1.A.3.a.1,Static Strength,LV,2.12,8,0.125,1.88,2.37,N,N,08/2019,Analyst
51-9123.00,1.A.3.a.2,Explosive Strength,IM,1.5,8,0.189,1.1296,1.8704,N,,08/2019,Analyst
51-9123.00,1.A.3.a.2,Explosive Strength,LV,0.88,8,0.3981,0.0947,1.6553,N,N,08/2019,Analyst
51-9123.00,1.A.3.a.3,Dynamic Strength,IM,2.0,8,0.0,2.0,2.0,N,,08/2019,Analyst
51-9123.00,1.A.3.a.3,Dynamic Strength,LV,1.38,8,0.183,1.0164,1.7336,N,N,08/2019,Analyst
51-9123.00,1.A.3.a.4,Trunk Strength,IM,2.5,8,0.189,2.1296,2.8704,N,,08/2019,Analyst
51-9123.00,1.A.3.a.4,Trunk Strength,LV,2.75,8,0.1637,2.4292,3.0708,N,N,08/2019,Analyst
51-9123.00,1.A.3.b.1,Stamina,IM,2.0,8,0.0,2.0,2.0,N,,08/2019,Analyst
51-9123.00,1.A.3.b.1,Stamina,LV,1.75,8,0.1637,1.4292,2.0708,N,N,08/2019,Analyst
51-9123.00,1.A.3.c.1,Extent Flexibility,IM,2.38,8,0.183,2.0164,2.7336,N,,08/2019,Analyst
51-9123.00,1.A.3.c.1,Extent Flexibility,LV,2.25,8,0.1637,1.9292,2.5708,N,N,08/2019,Analyst
51-9123.00,1.A.3.c.2,Dynamic Flexibility,IM,1.12,8,0.125,1.0,1.37,N,,08/2019,Analyst
51-9123.00,1.A.3.c.2,Dynamic Flexibility,LV,0.12,8,0.125,0.0,0.37,N,Y,08/2019,Analyst
51-9123.00,1.A.3.c.3,Gross Body Coordination,IM,2.0,8,0.0,2.0,2.0,N,,08/2019,Analyst
51-9123.00,1.A.3.c.3,Gross Body Coordination,LV,1.75,8,0.1637,1.4292,2.0708,N,N,08/2019,Analyst
51-9123.00,1.A.3.c.4,Gross Body Equilibrium,IM,2.0,8,0.0,2.0,2.0,N,,08/2019,Analyst
51-9123.00,1.A.3.c.4,Gross Body Equilibrium,LV,1.25,8,0.1637,0.9292,1.5708,N,N,08/2019,Analyst
51-9123.00,1.A.4.a.1,Near Vision,IM,3.62,8,0.183,3.2664,3.9836,N,,08/2019,Analyst
51-9123.00,1.A.4.a.1,Near Vision,LV,3.75,8,0.1637,3.4292,4.0708,N,N,08/2019,Analyst
51-9123.00,1.A.4.a.2,Far Vision,IM,2.25,8,0.1637,1.9292,2.5708,N,,08/2019,Analyst
51-9123.00,1.A.4.a.2,Far Vision,LV,2.5,8,0.2673,1.9762,3.0238,N,N,08/2019,Analyst
51-9123.00,1.A.4.a.3,Visual Color Discrimination,IM,3.38,8,0.183,3.0164,3.7336,N,,08/2019,Analyst
51-9123.00,1.A.4.a.3,Visual Color Discrimination,LV,3.75,8,0.1637,3.4292,4.0708,N,N,08/2019,Analyst
51-9123.00,1.A.4.a.4,Night Vision,IM,1.0,8,0.0,1.0,1.0,N,,08/2019,Analyst
51-9123.00,1.A.4.a.4,Night Vision,LV,0.0,8,0.0,0.0,0.0,N,Y,08/2019,Analyst
51-9123.00,1.A.4.a.5,Peripheral Vision,IM,1.0,8,0.0,1.0,1.0,N,,08/2019,Analyst
51-9123.00,1.A.4.a.5,Peripheral Vision,LV,0.0,8,0.0,0.0,0.0,N,Y,08/2019,Analyst
51-9123.00,1.A.4.a.6,Depth Perception,IM,2.25,8,0.1637,1.9292,2.5708,N,,08/2019,Analyst
51-9123.00,1.A.4.a.6,Depth Perception,LV,2.12,8,0.125,1.88,2.37,N,N,08/2019,Analyst
51-9123.00,1.A.4.a.7,Glare Sensitivity,IM,1.38,8,0.183,1.0164,1.7336,N,,08/2019,Analyst
51-9123.00,1.A.4.a.7,Glare Sensitivity,LV,0.38,8,0.183,0.0164,0.7336,N,N,08/2019,Analyst
51-9123.00,1.A.4.b.1,Hearing Sensitivity,IM,2.0,8,0.0,2.0,2.0,N,,08/2019,Analyst
51-9123.00,1.A.4.b.1,Hearing Sensitivity,LV,2.0,8,0.189,1.6296,2.3704,N,N,08/2019,Analyst
51-9123.00,1.A.4.b.2,Auditory Attention,IM,2.0,8,0.0,2.0,2.0,N,,08/2019,Analyst
51-9123.00,1.A.4.b.2,Auditory Attention,LV,2.0,8,0.189,1.6296,2.3704,N,N,08/2019,Analyst
51-9123.00,1.A.4.b.3,Sound Localization,IM,1.0,8,0.0,1.0,1.0,N,,08/2019,Analyst
51-9123.00,1.A.4.b.3,Sound Localization,LV,0.0,8,0.0,0.0,0.0,N,Y,08/2019,Analyst
51-9123.00,1.A.4.b.4,Speech Recognition,IM,2.75,8,0.1637,2.4292,3.0708,N,,08/2019,Analyst
51-9123.00,1.A.4.b.4,Speech Recognition,LV,2.25,8,0.1637,1.9292,2.5708,N,N,08/2019,Analyst
51-9123.00,1.A.4.b.5,Speech Clarity,IM,2.88,8,0.125,2.63,3.12,N,,08/2019,Analyst
51-9123.00,1.A.4.b.5,Speech Clarity,LV,2.38,8,0.183,2.0164,2.7336,N,N,08/2019,Analyst
51-9124.00,1.A.1.a.1,Oral Comprehension,IM,3.0,8,0.0,3.0,3.0,N,,08/2022,Analyst
51-9124.00,1.A.1.a.1,Oral Comprehension,LV,3.0,8,0.0,3.0,3.0,N,N,08/2022,Analyst
51-9124.00,1.A.1.a.2,Written Comprehension,IM,2.75,8,0.1637,2.4292,3.0708,N,,08/2022,Analyst
51-9124.00,1.A.1.a.2,Written Comprehension,LV,2.88,8,0.125,2.63,3.12,N,N,08/2022,Analyst
51-9124.00,1.A.1.a.3,Oral Expression,IM,2.88,8,0.125,2.63,3.12,N,,08/2022,Analyst
51-9124.00,1.A.1.a.3,Oral Expression,LV,2.88,8,0.125,2.63,3.12,N,N,08/2022,Analyst
51-9124.00,1.A.1.a.4,Written Expression,IM,2.62,8,0.183,2.2664,2.9836,N,,08/2022,Analyst
51-9124.00,1.A.1.a.4,Written Expression,LV,2.25,8,0.1637,1.9292,2.5708,N,N,08/2022,Analyst
51-9124.00,1.A.1.b.1,Fluency of Ideas,IM,2.12,8,0.125,1.88,2.37,N,,08/2022,Analyst
51-9124.00,1.A.1.b.1,Fluency of Ideas,LV,2.12,8,0.125,1.88,2.37,N,N,08/2022,Analyst
51-9124.00,1.A.1.b.2,Originality,IM,2.0,8,0.0,2.0,2.0,N,,08/2022,Analyst
51-9124.00,1.A.1.b.2,Originality,LV,2.0,8,0.0,2.0,2.0,N,N,08/2022,Analyst
51-9124.00,1.A.1.b.3,Problem Sensitivity,IM,3.0,8,0.189,2.6296,3.3704,N,,08/2022,Analyst
51-9124.00,1.A.1.b.3,Problem Sensitivity,LV,2.75,8,0.1637,2.4292,3.0708,N,N,08/2022,Analyst
51-9124.00,1.A.1.b.4,Deductive Reasoning,IM,3.0,8,0.189,2.6296,3.3704,N,,08/2022,Analyst
51-9124.00,1.A.1.b.4,Deductive Reasoning,LV,2.75,8,0.1637,2.4292,3.0708,N,N,08/2022,Analyst
51-9124.00,1.A.1.b.5,Inductive Reasoning,IM,2.88,8,0.125,2.63,3.12,N,,08/2022,Analyst
51-9124.00,1.A.1.b.5,Inductive Reasoning,LV,2.75,8,0.1637,2.4292,3.0708,N,N,08/2022,Analyst
51-9124.00,1.A.1.b.6,Information Ordering,IM,3.0,8,0.0,3.0,3.0,N,,08/2022,Analyst
51-9124.00,1.A.1.b.6,Information Ordering,LV,3.0,8,0.0,3.0,3.0,N,N,08/2022,Analyst
51-9124.00,1.A.1.b.7,Category Flexibility,IM,2.88,8,0.125,2.63,3.12,N,,08/2022,Analyst
51-9124.00,1.A.1.b.7,Category Flexibility,LV,2.88,8,0.2266,2.4309,3.3191,N,N,08/2022,Analyst
51-9124.00,1.A.1.c.1,Mathematical Reasoning,IM,2.0,8,0.0,2.0,2.0,N,,08/2022,Analyst
51-9124.00,1.A.1.c.1,Mathematical Reasoning,LV,1.88,8,0.125,1.63,2.12,N,N,08/2022,Analyst
51-9124.00,1.A.1.c.2,Number Facility,IM,2.0,8,0.0,2.0,2.0,N,,08/2022,Analyst
51-9124.00,1.A.1.c.2,Number Facility,LV,2.0,8,0.0,2.0,2.0,N,N,08/2022,Analyst
51-9124.00,1.A.1.d.1,Memorization,IM,2.0,8,0.0,2.0,2.0,N,,08/2022,Analyst
51-9124.00,1.A.1.d.1,Memorization,LV,2.0,8,0.0,2.0,2.0,N,N,08/2022,Analyst
51-9124.00,1.A.1.e.1,Speed of Closure,IM,2.38,8,0.183,2.0164,2.7336,N,,08/2022,Analyst
51-9124.00,1.A.1.e.1,Speed of Closure,LV,2.25,8,0.1637,1.9292,2.5708,N,N,08/2022,Analyst
51-9124.00,1.A.1.e.2,Flexibility of Closure,IM,3.12,8,0.125,2.88,3.37,N,,08/2022,Analyst
51-9124.00,1.A.1.e.2,Flexibility of Closure,LV,3.12,8,0.125,2.88,3.37,N,N,08/2022,Analyst
51-9124.00,1.A.1.e.3,Perceptual Speed,IM,3.12,8,0.125,2.88,3.37,N,,08/2022,Analyst
51-9124.00,1.A.1.e.3,Perceptual Speed,LV,3.12,8,0.125,2.88,3.37,N,N,08/2022,Analyst
51-9124.00,1.A.1.f.1,Spatial Orientation,IM,2.12,8,0.2266,1.6809,2.5691,N,,08/2022,Analyst
51-9124.00,1.A.1.f.1,Spatial Orientation,LV,1.88,8,0.295,1.2967,2.4533,N,N,08/2022,Analyst
51-9124.00,1.A.1.f.2,Visualization,IM,3.12,8,0.125,2.88,3.37,N,,08/2022,Analyst
51-9124.00,1.A.1.f.2,Visualization,LV,3.12,8,0.125,2.88,3.37,N,N,08/2022,Analyst
51-9124.00,1.A.1.g.1,Selective Attention,IM,3.0,8,0.0,3.0,3.0,N,,08/2022,Analyst
51-9124.00,1.A.1.g.1,Selective Attention,LV,3.0,8,0.0,3.0,3.0,N,N,08/2022,Analyst
51-9124.00,1.A.1.g.2,Time Sharing,IM,2.0,8,0.0,2.0,2.0,N,,08/2022,Analyst
51-9124.00,1.A.1.g.2,Time Sharing,LV,2.38,8,0.183,2.0164,2.7336,N,N,08/2022,Analyst
51-9124.00,1.A.2.a.1,Arm-Hand Steadiness,IM,3.75,8,0.1637,3.4292,4.0708,N,,08/2022,Analyst
51-9124.00,1.A.2.a.1,Arm-Hand Steadiness,LV,3.12,8,0.125,2.88,3.37,N,N,08/2022,Analyst
51-9124.00,1.A.2.a.2,Manual Dexterity,IM,3.62,8,0.183,3.2664,3.9836,N,,08/2022,Analyst
51-9124.00,1.A.2.a.2,Manual Dexterity,LV,3.12,8,0.125,2.88,3.37,N,N,08/2022,Analyst
51-9124.00,1.A.2.a.3,Finger Dexterity,IM,3.25,8,0.1637,2.9292,3.5708,N,,08/2022,Analyst
51-9124.00,1.A.2.a.3,Finger Dexterity,LV,3.12,8,0.125,2.88,3.37,N,N,08/2022,Analyst
51-9124.00,1.A.2.b.1,Control Precision,IM,3.75,8,0.1637,3.4292,4.0708,N,,08/2022,Analyst
51-9124.00,1.A.2.b.1,Control Precision,LV,3.62,8,0.183,3.2664,3.9836,N,N,08/2022,Analyst
51-9124.00,1.A.2.b.2,Multilimb Coordination,IM,3.0,8,0.0,3.0,3.0,N,,08/2022,Analyst
51-9124.00,1.A.2.b.2,Multilimb Coordination,LV,3.12,8,0.125,2.88,3.37,N,N,08/2022,Analyst
51-9124.00,1.A.2.b.3,Response Orientation,IM,2.75,8,0.1637,2.4292,3.0708,N,,08/2022,Analyst
51-9124.00,1.A.2.b.3,Response Orientation,LV,2.62,8,0.183,2.2664,2.9836,N,N,08/2022,Analyst
51-9124.00,1.A.2.b.4,Rate Control,IM,2.88,8,0.125,2.63,3.12,N,,08/2022,Analyst
51-9124.00,1.A.2.b.4,Rate Control,LV,2.88,8,0.125,2.63,3.12,N,N,08/2022,Analyst
51-9124.00,1.A.2.c.1,Reaction Time,IM,2.88,8,0.125,2.63,3.12,N,,08/2022,Analyst
51-9124.00,1.A.2.c.1,Reaction Time,LV,2.88,8,0.125,2.63,3.12,N,N,08/2022,Analyst
51-9124.00,1.A.2.c.2,Wrist-Finger Speed,IM,2.5,8,0.189,2.1296,2.8704,N,,08/2022,Analyst
51-9124.00,1.A.2.c.2,Wrist-Finger Speed,LV,2.0,8,0.0,2.0,2.0,N,N,08/2022,Analyst
51-9124.00,1.A.2.c.3,Speed of Limb Movement,IM,1.88,8,0.125,1.63,2.12,N,,08/2022,Analyst
51-9124.00,1.A.2.c.3,Speed of Limb Movement,LV,1.5,8,0.2673,0.9762,2.0238,N,N,08/2022,Analyst
51-9124.00,1.A.3.a.1,Static Strength,IM,2.62,8,0.183,2.2664,2.9836,N,,08/2022,Analyst
51-9124.00,1.A.3.a.1,Static Strength,LV,2.88,8,0.125,2.63,3.12,N,N,08/2022,Analyst
51-9124.00,1.A.3.a.2,Explosive Strength,IM,1.62,8,0.183,1.2664,1.9836,N,,08/2022,Analyst
51-9124.00,1.A.3.a.2,Explosive Strength,LV,0.75,8,0.25,0.26,1.24,N,N,08/2022,Analyst
51-9124.00,1.A.3.a.3,Dynamic Strength,IM,3.0,8,0.0,3.0,3.0,N,,08/2022,Analyst
51-9124.00,1.A.3.a.3,Dynamic Strength,LV,3.12,8,0.125,2.88,3.37,N,N,08/2022,Analyst
51-9124.00,1.A.3.a.4,Trunk Strength,IM,3.12,8,0.125,2.88,3.37,N,,08/2022,Analyst
51-9124.00,1.A.3.a.4,Trunk Strength,LV,3.12,8,0.125,2.88,3.37,N,N,08/2022,Analyst
51-9124.00,1.A.3.b.1,Stamina,IM,2.88,8,0.125,2.63,3.12,N,,08/2022,Analyst
51-9124.00,1.A.3.b.1,Stamina,LV,2.88,8,0.125,2.63,3.12,N,N,08/2022,Analyst
51-9124.00,1.A.3.c.1,Extent Flexibility,IM,3.0,8,0.0,3.0,3.0,N,,08/2022,Analyst
51-9124.00,1.A.3.c.1,Extent Flexibility,LV,3.12,8,0.125,2.88,3.37,N,N,08/2022,Analyst
51-9124.00,1.A.3.c.2,Dynamic Flexibility,IM,1.5,8,0.189,1.1296,1.8704,N,,08/2022,Analyst
51-9124.00,1.A.3.c.2,Dynamic Flexibility,LV,0.5,8,0.189,0.1296,0.8704,N,N,08/2022,Analyst
51-9124.00,1.A.3.c.3,Gross Body Coordination,IM,2.5,8,0.189,2.1296,2.8704,N,,08/2022,Analyst
51-9124.00,1.A.3.c.3,Gross Body Coordination,LV,2.5,8,0.189,2.1296,2.8704,N,N,08/2022,Analyst
51-9124.00,1.A.3.c.4,Gross Body Equilibrium,IM,2.25,8,0.1637,1.9292,2.5708,N,,08/2022,Analyst
51-9124.00,1.A.3.c.4,Gross Body Equilibrium,LV,2.0,8,0.0,2.0,2.0,N,N,08/2022,Analyst
51-9124.00,1.A.4.a.1,Near Vision,IM,3.88,8,0.125,3.63,4.12,N,,08/2022,Analyst
51-9124.00,1.A.4.a.1,Near Vision,LV,3.38,8,0.183,3.0164,3.7336,N,N,08/2022,Analyst
51-9124.00,1.A.4.a.2,Far Vision,IM,3.25,8,0.1637,2.9292,3.5708,N,,08/2022,Analyst
51-9124.00,1.A.4.a.2,Far Vision,LV,3.25,8,0.1637,2.9292,3.5708,N,N,08/2022,Analyst
51-9124.00,1.A.4.a.3,Visual Color Discrimination,IM,3.75,8,0.1637,3.4292,4.0708,N,,08/2022,Analyst
51-9124.00,1.A.4.a.3,Visual Color Discrimination,LV,3.88,8,0.125,3.63,4.12,N,N,08/2022,Analyst
51-9124.00,1.A.4.a.4,Night Vision,IM,1.62,8,0.2631,1.1094,2.1406,N,,08/2022,Analyst
51-9124.00,1.A.4.a.4,Night Vision,LV,0.88,8,0.3504,0.1883,1.5617,N,N,08/2022,Analyst
51-9124.00,1.A.4.a.5,Peripheral Vision,IM,2.12,8,0.125,1.88,2.37,N,,08/2022,Analyst
51-9124.00,1.A.4.a.5,Peripheral Vision,LV,1.88,8,0.125,1.63,2.12,N,N,08/2022,Analyst
51-9124.00,1.A.4.a.6,Depth Perception,IM,2.62,8,0.183,2.2664,2.9836,N,,08/2022,Analyst
51-9124.00,1.A.4.a.6,Depth Perception,LV,2.88,8,0.125,2.63,3.12,N,N,08/2022,Analyst
51-9124.00,1.A.4.a.7,Glare Sensitivity,IM,1.75,8,0.1637,1.4292,2.0708,N,,08/2022,Analyst
51-9124.00,1.A.4.a.7,Glare Sensitivity,LV,1.5,8,0.3273,0.8584,2.1416,N,N,08/2022,Analyst
51-9124.00,1.A.4.b.1,Hearing Sensitivity,IM,2.62,8,0.183,2.2664,2.9836,N,,08/2022,Analyst
51-9124.00,1.A.4.b.1,Hearing Sensitivity,LV,2.62,8,0.183,2.2664,2.9836,N,N,08/2022,Analyst
51-9124.00,1.A.4.b.2,Auditory Attention,IM,2.88,8,0.125,2.63,3.12,N,,08/2022,Analyst
51-9124.00,1.A.4.b.2,Auditory Attention,LV,3.12,8,0.125,2.88,3.37,N,N,08/2022,Analyst
51-9124.00,1.A.4.b.3,Sound Localization,IM,1.75,8,0.1637,1.4292,2.0708,N,,08/2022,Analyst
51-9124.00,1.A.4.b.3,Sound Localization,LV,1.38,8,0.3239,0.7402,2.0098,N,N,08/2022,Analyst
51-9124.00,1.A.4.b.4,Speech Recognition,IM,2.62,8,0.183,2.2664,2.9836,N,,08/2022,Analyst
51-9124.00,1.A.4.b.4,Speech Recognition,LV,2.62,8,0.183,2.2664,2.9836,N,N,08/2022,Analyst
51-9124.00,1.A.4.b.5,Speech Clarity,IM,2.62,8,0.183,2.2664,2.9836,N,,08/2022,Analyst
51-9124.00,1.A.4.b.5,Speech Clarity,LV,2.38,8,0.2631,1.8594,2.8906,N,N,08/2022,Analyst
51-9141.00,1.A.1.a.1,Oral Comprehension,IM,3.38,8,0.2631,2.8594,3.8906,N,,12/2006,Analyst
51-9141.00,1.A.1.a.1,Oral Comprehension,LV,3.38,8,0.183,3.0164,3.7336,N,N,12/2006,Analyst
51-9141.00,1.A.1.a.2,Written Comprehension,IM,3.5,8,0.189,3.1296,3.8704,N,,12/2006,Analyst
51-9141.00,1.A.1.a.2,Written Comprehension,LV,3.38,8,0.183,3.0164,3.7336,N,N,12/2006,Analyst
51-9141.00,1.A.1.a.3,Oral Expression,IM,3.25,8,0.25,2.76,3.74,N,,12/2006,Analyst
51-9141.00,1.A.1.a.3,Oral Expression,LV,3.38,8,0.183,3.0164,3.7336,N,N,12/2006,Analyst
51-9141.00,1.A.1.a.4,Written Expression,IM,3.13,8,0.2266,2.6809,3.5691,N,,12/2006,Analyst
51-9141.00,1.A.1.a.4,Written Expression,LV,3.38,8,0.183,3.0164,3.7336,N,N,12/2006,Analyst
51-9141.00,1.A.1.b.1,Fluency of Ideas,IM,2.38,8,0.2631,1.8594,2.8906,N,,12/2006,Analyst
51-9141.00,1.A.1.b.1,Fluency of Ideas,LV,2.13,8,0.3504,1.4383,2.8117,N,N,12/2006,Analyst
51-9141.00,1.A.1.b.2,Originality,IM,2.38,8,0.2631,1.8594,2.8906,N,,12/2006,Analyst
51-9141.00,1.A.1.b.2,Originality,LV,2.13,8,0.3504,1.4383,2.8117,N,N,12/2006,Analyst
51-9141.00,1.A.1.b.3,Problem Sensitivity,IM,3.13,8,0.2266,2.6809,3.5691,N,,12/2006,Analyst
51-9141.00,1.A.1.b.3,Problem Sensitivity,LV,3.0,8,0.2673,2.4762,3.5238,N,N,12/2006,Analyst
51-9141.00,1.A.1.b.4,Deductive Reasoning,IM,3.25,8,0.1637,2.9292,3.5708,N,,12/2006,Analyst
51-9141.00,1.A.1.b.4,Deductive Reasoning,LV,3.13,8,0.2266,2.6809,3.5691,N,N,12/2006,Analyst
51-9141.00,1.A.1.b.5,Inductive Reasoning,IM,3.25,8,0.1637,2.9292,3.5708,N,,12/2006,Analyst
51-9141.00,1.A.1.b.5,Inductive Reasoning,LV,3.0,8,0.189,2.6296,3.3704,N,N,12/2006,Analyst
51-9141.00,1.A.1.b.6,Information Ordering,IM,3.13,8,0.125,2.88,3.37,N,,12/2006,Analyst
51-9141.00,1.A.1.b.6,Information Ordering,LV,3.25,8,0.1637,2.9292,3.5708,N,N,12/2006,Analyst
51-9141.00,1.A.1.b.7,Category Flexibility,IM,2.88,8,0.125,2.63,3.12,N,,12/2006,Analyst
51-9141.00,1.A.1.b.7,Category Flexibility,LV,3.0,8,0.0,3.0,3.0,N,N,12/2006,Analyst
51-9141.00,1.A.1.c.1,Mathematical Reasoning,IM,2.0,8,0.189,1.6296,2.3704,N,,12/2006,Analyst
51-9141.00,1.A.1.c.1,Mathematical Reasoning,LV,1.88,8,0.3504,1.1883,2.5617,N,N,12/2006,Analyst
51-9141.00,1.A.1.c.2,Number Facility,IM,2.0,8,0.189,1.6296,2.3704,N,,12/2006,Analyst
51-9141.00,1.A.1.c.2,Number Facility,LV,1.75,8,0.3134,1.1358,2.3642,N,N,12/2006,Analyst
51-9141.00,1.A.1.d.1,Memorization,IM,2.25,8,0.1637,1.9292,2.5708,N,,12/2006,Analyst
51-9141.00,1.A.1.d.1,Memorization,LV,2.38,8,0.2631,1.8594,2.8906,N,N,12/2006,Analyst
51-9141.00,1.A.1.e.1,Speed of Closure,IM,2.0,8,0.2673,1.4762,2.5238,N,,12/2006,Analyst
51-9141.00,1.A.1.e.1,Speed of Closure,LV,1.63,8,0.375,0.89,2.36,N,N,12/2006,Analyst
51-9141.00,1.A.1.e.2,Flexibility of Closure,IM,2.75,8,0.3134,2.1358,3.3642,N,,12/2006,Analyst
51-9141.00,1.A.1.e.2,Flexibility of Closure,LV,2.63,8,0.2631,2.1094,3.1406,N,N,12/2006,Analyst
51-9141.00,1.A.1.e.3,Perceptual Speed,IM,3.0,8,0.2673,2.4762,3.5238,N,,12/2006,Analyst
51-9141.00,1.A.1.e.3,Perceptual Speed,LV,3.13,8,0.3504,2.4383,3.8117,N,N,12/2006,Analyst
51-9141.00,1.A.1.f.1,Spatial Orientation,IM,1.5,8,0.2673,1.0,2.0238,N,,12/2006,Analyst
51-9141.00,1.A.1.f.1,Spatial Orientation,LV,0.5,8,0.2673,0.0,1.0238,N,N,12/2006,Analyst
51-9141.00,1.A.1.f.2,Visualization,IM,3.0,8,0.189,2.6296,3.3704,N,,12/2006,Analyst
51-9141.00,1.A.1.f.2,Visualization,LV,3.0,8,0.0,3.0,3.0,N,N,12/2006,Analyst
51-9141.00,1.A.1.g.1,Selective Attention,IM,2.75,8,0.1637,2.4292,3.0708,N,,12/2006,Analyst
51-9141.00,1.A.1.g.1,Selective Attention,LV,3.0,8,0.189,2.6296,3.3704,N,N,12/2006,Analyst
51-9141.00,1.A.1.g.2,Time Sharing,IM,2.25,8,0.25,1.76,2.74,N,,12/2006,Analyst
51-9141.00,1.A.1.g.2,Time Sharing,LV,2.13,8,0.3981,1.3447,2.9053,N,N,12/2006,Analyst
51-9141.00,1.A.2.a.1,Arm-Hand Steadiness,IM,3.5,8,0.189,3.1296,3.8704,N,,12/2006,Analyst
51-9141.00,1.A.2.a.1,Arm-Hand Steadiness,LV,3.38,8,0.183,3.0164,3.7336,N,N,12/2006,Analyst
51-9141.00,1.A.2.a.2,Manual Dexterity,IM,3.13,8,0.125,2.88,3.37,N,,12/2006,Analyst
51-9141.00,1.A.2.a.2,Manual Dexterity,LV,3.13,8,0.2266,2.6809,3.5691,N,N,12/2006,Analyst
51-9141.00,1.A.2.a.3,Finger Dexterity,IM,3.25,8,0.1637,2.9292,3.5708,N,,12/2006,Analyst
51-9141.00,1.A.2.a.3,Finger Dexterity,LV,3.63,8,0.3239,2.9902,4.2598,N,N,12/2006,Analyst
51-9141.00,1.A.2.b.1,Control Precision,IM,3.25,8,0.1637,2.9292,3.5708,N,,12/2006,Analyst
51-9141.00,1.A.2.b.1,Control Precision,LV,3.25,8,0.25,2.76,3.74,N,N,12/2006,Analyst
51-9141.00,1.A.2.b.2,Multilimb Coordination,IM,3.13,8,0.295,2.5467,3.7033,N,,12/2006,Analyst
51-9141.00,1.A.2.b.2,Multilimb Coordination,LV,2.88,8,0.2266,2.4309,3.3191,N,N,12/2006,Analyst
51-9141.00,1.A.2.b.3,Response Orientation,IM,2.38,8,0.183,2.0164,2.7336,N,,12/2006,Analyst
51-9141.00,1.A.2.b.3,Response Orientation,LV,2.75,8,0.3134,2.1358,3.3642,N,N,12/2006,Analyst
51-9141.00,1.A.2.b.4,Rate Control,IM,2.75,8,0.1637,2.4292,3.0708,N,,12/2006,Analyst
51-9141.00,1.A.2.b.4,Rate Control,LV,2.5,8,0.189,2.1296,2.8704,N,N,12/2006,Analyst
51-9141.00,1.A.2.c.1,Reaction Time,IM,2.38,8,0.183,2.0164,2.7336,N,,12/2006,Analyst
51-9141.00,1.A.2.c.1,Reaction Time,LV,2.63,8,0.183,2.2664,2.9836,N,N,12/2006,Analyst
51-9141.00,1.A.2.c.2,Wrist-Finger Speed,IM,2.0,8,0.3273,1.3584,2.6416,N,,12/2006,Analyst
51-9141.00,1.A.2.c.2,Wrist-Finger Speed,LV,1.88,8,0.4795,0.9352,2.8148,N,N,12/2006,Analyst
51-9141.00,1.A.2.c.3,Speed of Limb Movement,IM,1.75,8,0.25,1.26,2.24,N,,12/2006,Analyst
51-9141.00,1.A.2.c.3,Speed of Limb Movement,LV,1.13,8,0.3504,0.4383,1.8117,N,N,12/2006,Analyst
51-9141.00,1.A.3.a.1,Static Strength,IM,2.75,8,0.4119,1.9427,3.5573,N,,12/2006,Analyst
51-9141.00,1.A.3.a.1,Static Strength,LV,2.63,8,0.4605,1.7224,3.5276,N,N,12/2006,Analyst
51-9141.00,1.A.3.a.2,Explosive Strength,IM,1.0,8,0.0,1.0,1.0,N,,12/2006,Analyst
51-9141.00,1.A.3.a.2,Explosive Strength,LV,0.0,8,0.0,0.0,0.0,N,Y,12/2006,Analyst
51-9141.00,1.A.3.a.3,Dynamic Strength,IM,2.13,8,0.3504,1.4383,2.8117,N,,12/2006,Analyst
51-9141.00,1.A.3.a.3,Dynamic Strength,LV,1.75,8,0.491,0.7877,2.7123,N,N,12/2006,Analyst
51-9141.00,1.A.3.a.4,Trunk Strength,IM,2.63,8,0.3239,1.9902,3.2598,N,,12/2006,Analyst
51-9141.00,1.A.3.a.4,Trunk Strength,LV,2.5,8,0.4226,1.6717,3.3283,N,N,12/2006,Analyst
51-9141.00,1.A.3.b.1,Stamina,IM,2.25,8,0.366,1.5327,2.9673,N,,12/2006,Analyst
51-9141.00,1.A.3.b.1,Stamina,LV,2.0,8,0.5,1.02,2.98,N,N,12/2006,Analyst
51-9141.00,1.A.3.c.1,Extent Flexibility,IM,2.13,8,0.3504,1.4383,2.8117,N,,12/2006,Analyst
51-9141.00,1.A.3.c.1,Extent Flexibility,LV,2.25,8,0.5261,1.2188,3.2812,Y,N,12/2006,Analyst
51-9141.00,1.A.3.c.2,Dynamic Flexibility,IM,1.0,8,0.0,1.0,1.0,N,,12/2006,Analyst
51-9141.00,1.A.3.c.2,Dynamic Flexibility,LV,0.0,8,0.0,0.0,0.0,N,Y,12/2006,Analyst
51-9141.00,1.A.3.c.3,Gross Body Coordination,IM,2.13,8,0.3504,1.4383,2.8117,N,,12/2006,Analyst
51-9141.00,1.A.3.c.3,Gross Body Coordination,LV,1.88,8,0.4407,1.0113,2.7387,N,N,12/2006,Analyst
51-9141.00,1.A.3.c.4,Gross Body Equilibrium,IM,1.75,8,0.25,1.26,2.24,N,,12/2006,Analyst
51-9141.00,1.A.3.c.4,Gross Body Equilibrium,LV,1.13,8,0.3504,0.4383,1.8117,N,N,12/2006,Analyst
51-9141.00,1.A.4.a.1,Near Vision,IM,3.63,8,0.183,3.2664,3.9836,N,,12/2006,Analyst
51-9141.00,1.A.4.a.1,Near Vision,LV,3.63,8,0.2631,3.1094,4.1406,N,N,12/2006,Analyst
51-9141.00,1.A.4.a.2,Far Vision,IM,2.63,8,0.3239,1.9902,3.2598,N,,12/2006,Analyst
51-9141.00,1.A.4.a.2,Far Vision,LV,2.5,8,0.4226,1.6717,3.3283,N,N,12/2006,Analyst
51-9141.00,1.A.4.a.3,Visual Color Discrimination,IM,2.88,8,0.2266,2.4309,3.3191,N,,12/2006,Analyst
51-9141.00,1.A.4.a.3,Visual Color Discrimination,LV,2.88,8,0.125,2.63,3.12,N,N,12/2006,Analyst
51-9141.00,1.A.4.a.4,Night Vision,IM,1.63,8,0.2631,1.1094,2.1406,N,,12/2006,Analyst
51-9141.00,1.A.4.a.4,Night Vision,LV,0.75,8,0.3134,0.1358,1.3642,N,N,12/2006,Analyst
51-9141.00,1.A.4.a.5,Peripheral Vision,IM,1.63,8,0.2631,1.1094,2.1406,N,,12/2006,Analyst
51-9141.00,1.A.4.a.5,Peripheral Vision,LV,0.75,8,0.3134,0.1358,1.3642,N,N,12/2006,Analyst
51-9141.00,1.A.4.a.6,Depth Perception,IM,2.38,8,0.183,2.0164,2.7336,N,,12/2006,Analyst
51-9141.00,1.A.4.a.6,Depth Perception,LV,2.5,8,0.2673,1.9762,3.0238,N,N,12/2006,Analyst
51-9141.00,1.A.4.a.7,Glare Sensitivity,IM,1.63,8,0.2631,1.1094,2.1406,N,,12/2006,Analyst
51-9141.00,1.A.4.a.7,Glare Sensitivity,LV,1.13,8,0.4795,0.1852,2.0648,N,N,12/2006,Analyst
51-9141.00,1.A.4.b.1,Hearing Sensitivity,IM,2.25,8,0.366,1.5327,2.9673,N,,12/2006,Analyst
51-9141.00,1.A.4.b.1,Hearing Sensitivity,LV,1.88,8,0.4407,1.0113,2.7387,N,N,12/2006,Analyst
51-9141.00,1.A.4.b.2,Auditory Attention,IM,2.38,8,0.3239,1.7402,3.0098,N,,12/2006,Analyst
51-9141.00,1.A.4.b.2,Auditory Attention,LV,2.0,8,0.3273,1.3584,2.6416,N,N,12/2006,Analyst
51-9141.00,1.A.4.b.3,Sound Localization,IM,1.63,8,0.2631,1.1094,2.1406,N,,12/2006,Analyst
51-9141.00,1.A.4.b.3,Sound Localization,LV,0.75,8,0.3134,0.1358,1.3642,N,N,12/2006,Analyst
51-9141.00,1.A.4.b.4,Speech Recognition,IM,2.88,8,0.125,2.63,3.12,N,,12/2006,Analyst
51-9141.00,1.A.4.b.4,Speech Recognition,LV,2.88,8,0.2266,2.4309,3.3191,N,N,12/2006,Analyst
51-9141.00,1.A.4.b.5,Speech Clarity,IM,2.88,8,0.125,2.63,3.12,N,,12/2006,Analyst
51-9141.00,1.A.4.b.5,Speech Clarity,LV,2.63,8,0.2631,2.1094,3.1406,N,N,12/2006,Analyst
51-9151.00,1.A.1.a.1,Oral Comprehension,IM,3.62,8,0.2631,3.1094,4.1406,N,,07/2017,Analyst
51-9151.00,1.A.1.a.1,Oral Comprehension,LV,3.38,8,0.183,3.0164,3.7336,N,N,07/2017,Analyst
51-9151.00,1.A.1.a.2,Written Comprehension,IM,3.38,8,0.2631,2.8594,3.8906,N,,07/2017,Analyst
51-9151.00,1.A.1.a.2,Written Comprehension,LV,3.12,8,0.125,2.88,3.37,N,N,07/2017,Analyst
51-9151.00,1.A.1.a.3,Oral Expression,IM,3.5,8,0.2673,2.9762,4.0238,N,,07/2017,Analyst
51-9151.00,1.A.1.a.3,Oral Expression,LV,3.12,8,0.2266,2.6809,3.5691,N,N,07/2017,Analyst
51-9151.00,1.A.1.a.4,Written Expression,IM,3.0,8,0.2673,2.4762,3.5238,N,,07/2017,Analyst
51-9151.00,1.A.1.a.4,Written Expression,LV,2.88,8,0.2266,2.4309,3.3191,N,N,07/2017,Analyst
51-9151.00,1.A.1.b.1,Fluency of Ideas,IM,2.5,8,0.189,2.1296,2.8704,N,,07/2017,Analyst
51-9151.00,1.A.1.b.1,Fluency of Ideas,LV,2.62,8,0.183,2.2664,2.9836,N,N,07/2017,Analyst
51-9151.00,1.A.1.b.2,Originality,IM,2.75,8,0.1637,2.4292,3.0708,N,,07/2017,Analyst
51-9151.00,1.A.1.b.2,Originality,LV,2.75,8,0.1637,2.4292,3.0708,N,N,07/2017,Analyst
51-9151.00,1.A.1.b.3,Problem Sensitivity,IM,3.12,8,0.125,2.88,3.37,N,,07/2017,Analyst
51-9151.00,1.A.1.b.3,Problem Sensitivity,LV,3.12,8,0.125,2.88,3.37,N,N,07/2017,Analyst
51-9151.00,1.A.1.b.4,Deductive Reasoning,IM,3.25,8,0.1637,2.9292,3.5708,N,,07/2017,Analyst
51-9151.00,1.A.1.b.4,Deductive Reasoning,LV,3.12,8,0.125,2.88,3.37,N,N,07/2017,Analyst
51-9151.00,1.A.1.b.5,Inductive Reasoning,IM,3.12,8,0.125,2.88,3.37,N,,07/2017,Analyst
51-9151.00,1.A.1.b.5,Inductive Reasoning,LV,3.12,8,0.125,2.88,3.37,N,N,07/2017,Analyst
51-9151.00,1.A.1.b.6,Information Ordering,IM,3.25,8,0.1637,2.9292,3.5708,N,,07/2017,Analyst
51-9151.00,1.A.1.b.6,Information Ordering,LV,3.12,8,0.125,2.88,3.37,N,N,07/2017,Analyst
51-9151.00,1.A.1.b.7,Category Flexibility,IM,3.0,8,0.189,2.6296,3.3704,N,,07/2017,Analyst
51-9151.00,1.A.1.b.7,Category Flexibility,LV,3.12,8,0.125,2.88,3.37,N,N,07/2017,Analyst
51-9151.00,1.A.1.c.1,Mathematical Reasoning,IM,2.38,8,0.183,2.0164,2.7336,N,,07/2017,Analyst
51-9151.00,1.A.1.c.1,Mathematical Reasoning,LV,2.25,8,0.25,1.76,2.74,N,N,07/2017,Analyst
51-9151.00,1.A.1.c.2,Number Facility,IM,2.5,8,0.189,2.1296,2.8704,N,,07/2017,Analyst
51-9151.00,1.A.1.c.2,Number Facility,LV,2.25,8,0.25,1.76,2.74,N,N,07/2017,Analyst
51-9151.00,1.A.1.d.1,Memorization,IM,2.38,8,0.183,2.0164,2.7336,N,,07/2017,Analyst
51-9151.00,1.A.1.d.1,Memorization,LV,2.75,8,0.25,2.26,3.24,N,N,07/2017,Analyst
51-9151.00,1.A.1.e.1,Speed of Closure,IM,2.5,8,0.189,2.1296,2.8704,N,,07/2017,Analyst
51-9151.00,1.A.1.e.1,Speed of Closure,LV,2.38,8,0.183,2.0164,2.7336,N,N,07/2017,Analyst
51-9151.00,1.A.1.e.2,Flexibility of Closure,IM,3.25,8,0.1637,2.9292,3.5708,N,,07/2017,Analyst
51-9151.00,1.A.1.e.2,Flexibility of Closure,LV,3.0,8,0.189,2.6296,3.3704,N,N,07/2017,Analyst
51-9151.00,1.A.1.e.3,Perceptual Speed,IM,3.12,8,0.125,2.88,3.37,N,,07/2017,Analyst
51-9151.00,1.A.1.e.3,Perceptual Speed,LV,3.0,8,0.189,2.6296,3.3704,N,N,07/2017,Analyst
51-9151.00,1.A.1.f.1,Spatial Orientation,IM,1.12,8,0.125,1.0,1.37,N,,07/2017,Analyst
51-9151.00,1.A.1.f.1,Spatial Orientation,LV,0.25,8,0.25,0.0,0.74,N,Y,07/2017,Analyst
51-9151.00,1.A.1.f.2,Visualization,IM,3.12,8,0.2266,2.6809,3.5691,N,,07/2017,Analyst
51-9151.00,1.A.1.f.2,Visualization,LV,3.0,8,0.189,2.6296,3.3704,N,N,07/2017,Analyst
51-9151.00,1.A.1.g.1,Selective Attention,IM,3.25,8,0.1637,2.9292,3.5708,N,,07/2017,Analyst
51-9151.00,1.A.1.g.1,Selective Attention,LV,3.12,8,0.2266,2.6809,3.5691,N,N,07/2017,Analyst
51-9151.00,1.A.1.g.2,Time Sharing,IM,2.88,8,0.125,2.63,3.12,N,,07/2017,Analyst
51-9151.00,1.A.1.g.2,Time Sharing,LV,2.88,8,0.2266,2.4309,3.3191,N,N,07/2017,Analyst
51-9151.00,1.A.2.a.1,Arm-Hand Steadiness,IM,3.25,8,0.1637,2.9292,3.5708,N,,07/2017,Analyst
51-9151.00,1.A.2.a.1,Arm-Hand Steadiness,LV,2.88,8,0.2266,2.4309,3.3191,N,N,07/2017,Analyst
51-9151.00,1.A.2.a.2,Manual Dexterity,IM,3.12,8,0.2266,2.6809,3.5691,N,,07/2017,Analyst
51-9151.00,1.A.2.a.2,Manual Dexterity,LV,2.75,8,0.1637,2.4292,3.0708,N,N,07/2017,Analyst
51-9151.00,1.A.2.a.3,Finger Dexterity,IM,3.0,8,0.189,2.6296,3.3704,N,,07/2017,Analyst
51-9151.00,1.A.2.a.3,Finger Dexterity,LV,2.88,8,0.2266,2.4309,3.3191,N,N,07/2017,Analyst
51-9151.00,1.A.2.b.1,Control Precision,IM,3.25,8,0.1637,2.9292,3.5708,N,,07/2017,Analyst
51-9151.00,1.A.2.b.1,Control Precision,LV,2.88,8,0.2266,2.4309,3.3191,N,N,07/2017,Analyst
51-9151.00,1.A.2.b.2,Multilimb Coordination,IM,2.38,8,0.183,2.0164,2.7336,N,,07/2017,Analyst
51-9151.00,1.A.2.b.2,Multilimb Coordination,LV,2.5,8,0.189,2.1296,2.8704,N,N,07/2017,Analyst
51-9151.00,1.A.2.b.3,Response Orientation,IM,1.75,8,0.3134,1.1358,2.3642,N,,07/2017,Analyst
51-9151.00,1.A.2.b.3,Response Orientation,LV,1.25,8,0.491,0.2877,2.2123,N,N,07/2017,Analyst
51-9151.00,1.A.2.b.4,Rate Control,IM,2.38,8,0.2631,1.8594,2.8906,N,,07/2017,Analyst
51-9151.00,1.A.2.b.4,Rate Control,LV,2.0,8,0.3273,1.3584,2.6416,N,N,07/2017,Analyst
51-9151.00,1.A.2.c.1,Reaction Time,IM,2.5,8,0.2673,1.9762,3.0238,N,,07/2017,Analyst
51-9151.00,1.A.2.c.1,Reaction Time,LV,2.5,8,0.378,1.7592,3.2408,N,N,07/2017,Analyst
51-9151.00,1.A.2.c.2,Wrist-Finger Speed,IM,2.0,8,0.189,1.6296,2.3704,N,,07/2017,Analyst
51-9151.00,1.A.2.c.2,Wrist-Finger Speed,LV,1.75,8,0.366,1.0327,2.4673,N,N,07/2017,Analyst
51-9151.00,1.A.2.c.3,Speed of Limb Movement,IM,1.12,8,0.125,1.0,1.37,N,,07/2017,Analyst
51-9151.00,1.A.2.c.3,Speed of Limb Movement,LV,0.12,8,0.125,0.0,0.37,N,Y,07/2017,Analyst
51-9151.00,1.A.3.a.1,Static Strength,IM,2.25,8,0.1637,1.9292,2.5708,N,,07/2017,Analyst
51-9151.00,1.A.3.a.1,Static Strength,LV,2.12,8,0.2266,1.6809,2.5691,N,N,07/2017,Analyst
51-9151.00,1.A.3.a.2,Explosive Strength,IM,2.12,8,0.125,1.88,2.37,N,,07/2017,Analyst
51-9151.00,1.A.3.a.2,Explosive Strength,LV,2.0,8,0.2673,1.4762,2.5238,N,N,07/2017,Analyst
51-9151.00,1.A.3.a.3,Dynamic Strength,IM,2.12,8,0.125,1.88,2.37,N,,07/2017,Analyst
51-9151.00,1.A.3.a.3,Dynamic Strength,LV,2.0,8,0.189,1.6296,2.3704,N,N,07/2017,Analyst
51-9151.00,1.A.3.a.4,Trunk Strength,IM,2.5,8,0.189,2.1296,2.8704,N,,07/2017,Analyst
51-9151.00,1.A.3.a.4,Trunk Strength,LV,2.5,8,0.2673,1.9762,3.0238,N,N,07/2017,Analyst
51-9151.00,1.A.3.b.1,Stamina,IM,2.38,8,0.183,2.0164,2.7336,N,,07/2017,Analyst
51-9151.00,1.A.3.b.1,Stamina,LV,2.0,8,0.2673,1.4762,2.5238,N,N,07/2017,Analyst
51-9151.00,1.A.3.c.1,Extent Flexibility,IM,2.62,8,0.183,2.2664,2.9836,N,,07/2017,Analyst
51-9151.00,1.A.3.c.1,Extent Flexibility,LV,2.75,8,0.25,2.26,3.24,N,N,07/2017,Analyst
51-9151.00,1.A.3.c.2,Dynamic Flexibility,IM,1.12,8,0.125,1.0,1.37,N,,07/2017,Analyst
51-9151.00,1.A.3.c.2,Dynamic Flexibility,LV,0.25,8,0.25,0.0,0.74,N,Y,07/2017,Analyst
51-9151.00,1.A.3.c.3,Gross Body Coordination,IM,1.88,8,0.125,1.63,2.12,N,,07/2017,Analyst
51-9151.00,1.A.3.c.3,Gross Body Coordination,LV,1.5,8,0.2673,0.9762,2.0238,N,N,07/2017,Analyst
51-9151.00,1.A.3.c.4,Gross Body Equilibrium,IM,1.88,8,0.2266,1.4309,2.3191,N,,07/2017,Analyst
51-9151.00,1.A.3.c.4,Gross Body Equilibrium,LV,1.38,8,0.375,0.64,2.11,N,N,07/2017,Analyst
51-9151.00,1.A.4.a.1,Near Vision,IM,3.75,8,0.1637,3.4292,4.0708,N,,07/2017,Analyst
51-9151.00,1.A.4.a.1,Near Vision,LV,3.75,8,0.1637,3.4292,4.0708,N,N,07/2017,Analyst
51-9151.00,1.A.4.a.2,Far Vision,IM,2.75,8,0.1637,2.4292,3.0708,N,,07/2017,Analyst
51-9151.00,1.A.4.a.2,Far Vision,LV,2.88,8,0.295,2.2967,3.4533,N,N,07/2017,Analyst
51-9151.00,1.A.4.a.3,Visual Color Discrimination,IM,3.62,8,0.183,3.2664,3.9836,N,,07/2017,Analyst
51-9151.00,1.A.4.a.3,Visual Color Discrimination,LV,3.5,8,0.189,3.1296,3.8704,N,N,07/2017,Analyst
51-9151.00,1.A.4.a.4,Night Vision,IM,1.25,8,0.25,1.0,1.74,N,,07/2017,Analyst
51-9151.00,1.A.4.a.4,Night Vision,LV,0.5,8,0.5,0.0,1.48,N,Y,07/2017,Analyst
51-9151.00,1.A.4.a.5,Peripheral Vision,IM,1.0,8,0.0,1.0,1.0,N,,07/2017,Analyst
51-9151.00,1.A.4.a.5,Peripheral Vision,LV,0.0,8,0.0,0.0,0.0,N,Y,07/2017,Analyst
51-9151.00,1.A.4.a.6,Depth Perception,IM,2.12,8,0.2266,1.6809,2.5691,N,,07/2017,Analyst
51-9151.00,1.A.4.a.6,Depth Perception,LV,2.0,8,0.378,1.2592,2.7408,N,N,07/2017,Analyst
51-9151.00,1.A.4.a.7,Glare Sensitivity,IM,1.0,8,0.0,1.0,1.0,N,,07/2017,Analyst
51-9151.00,1.A.4.a.7,Glare Sensitivity,LV,0.0,8,0.0,0.0,0.0,N,Y,07/2017,Analyst
51-9151.00,1.A.4.b.1,Hearing Sensitivity,IM,2.12,8,0.125,1.88,2.37,N,,07/2017,Analyst
51-9151.00,1.A.4.b.1,Hearing Sensitivity,LV,2.12,8,0.125,1.88,2.37,N,N,07/2017,Analyst
51-9151.00,1.A.4.b.2,Auditory Attention,IM,2.5,8,0.189,2.1296,2.8704,N,,07/2017,Analyst
51-9151.00,1.A.4.b.2,Auditory Attention,LV,2.5,8,0.189,2.1296,2.8704,N,N,07/2017,Analyst
51-9151.00,1.A.4.b.3,Sound Localization,IM,1.0,8,0.0,1.0,1.0,N,,07/2017,Analyst
51-9151.00,1.A.4.b.3,Sound Localization,LV,0.0,8,0.0,0.0,0.0,N,Y,07/2017,Analyst
51-9151.00,1.A.4.b.4,Speech Recognition,IM,3.0,8,0.0,3.0,3.0,N,,07/2017,Analyst
51-9151.00,1.A.4.b.4,Speech Recognition,LV,3.12,8,0.125,2.88,3.37,N,N,07/2017,Analyst
51-9151.00,1.A.4.b.5,Speech Clarity,IM,3.12,8,0.125,2.88,3.37,N,,07/2017,Analyst
51-9151.00,1.A.4.b.5,Speech Clarity,LV,3.0,8,0.189,2.6296,3.3704,N,N,07/2017,Analyst
51-9161.00,1.A.1.a.1,Oral Comprehension,IM,3.25,8,0.1637,2.9292,3.5708,N,,08/2023,Analyst
51-9161.00,1.A.1.a.1,Oral Comprehension,LV,3.75,8,0.1637,3.4292,4.0708,N,N,08/2023,Analyst
51-9161.00,1.A.1.a.2,Written Comprehension,IM,3.0,8,0.0,3.0,3.0,N,,08/2023,Analyst
51-9161.00,1.A.1.a.2,Written Comprehension,LV,3.0,8,0.0,3.0,3.0,N,N,08/2023,Analyst
51-9161.00,1.A.1.a.3,Oral Expression,IM,3.0,8,0.0,3.0,3.0,N,,08/2023,Analyst
51-9161.00,1.A.1.a.3,Oral Expression,LV,3.62,8,0.183,3.2664,3.9836,N,N,08/2023,Analyst
51-9161.00,1.A.1.a.4,Written Expression,IM,2.88,8,0.125,2.63,3.12,N,,08/2023,Analyst
51-9161.00,1.A.1.a.4,Written Expression,LV,3.0,8,0.0,3.0,3.0,N,N,08/2023,Analyst
51-9161.00,1.A.1.b.1,Fluency of Ideas,IM,2.88,8,0.125,2.63,3.12,N,,08/2023,Analyst
51-9161.00,1.A.1.b.1,Fluency of Ideas,LV,3.0,8,0.0,3.0,3.0,N,N,08/2023,Analyst
51-9161.00,1.A.1.b.2,Originality,IM,2.75,8,0.1637,2.4292,3.0708,N,,08/2023,Analyst
51-9161.00,1.A.1.b.2,Originality,LV,2.88,8,0.125,2.63,3.12,N,N,08/2023,Analyst
51-9161.00,1.A.1.b.3,Problem Sensitivity,IM,3.62,8,0.183,3.2664,3.9836,N,,08/2023,Analyst
51-9161.00,1.A.1.b.3,Problem Sensitivity,LV,3.62,8,0.183,3.2664,3.9836,N,N,08/2023,Analyst
51-9161.00,1.A.1.b.4,Deductive Reasoning,IM,3.12,8,0.125,2.88,3.37,N,,08/2023,Analyst
51-9161.00,1.A.1.b.4,Deductive Reasoning,LV,3.0,8,0.0,3.0,3.0,N,N,08/2023,Analyst
51-9161.00,1.A.1.b.5,Inductive Reasoning,IM,3.0,8,0.0,3.0,3.0,N,,08/2023,Analyst
51-9161.00,1.A.1.b.5,Inductive Reasoning,LV,3.0,8,0.0,3.0,3.0,N,N,08/2023,Analyst
51-9161.00,1.A.1.b.6,Information Ordering,IM,3.62,8,0.183,3.2664,3.9836,N,,08/2023,Analyst
51-9161.00,1.A.1.b.6,Information Ordering,LV,3.38,8,0.183,3.0164,3.7336,N,N,08/2023,Analyst
51-9161.00,1.A.1.b.7,Category Flexibility,IM,3.12,8,0.125,2.88,3.37,N,,08/2023,Analyst
51-9161.00,1.A.1.b.7,Category Flexibility,LV,3.12,8,0.125,2.88,3.37,N,N,08/2023,Analyst
51-9161.00,1.A.1.c.1,Mathematical Reasoning,IM,2.75,8,0.1637,2.4292,3.0708,N,,08/2023,Analyst
51-9161.00,1.A.1.c.1,Mathematical Reasoning,LV,3.0,8,0.0,3.0,3.0,N,N,08/2023,Analyst
51-9161.00,1.A.1.c.2,Number Facility,IM,3.0,8,0.0,3.0,3.0,N,,08/2023,Analyst
51-9161.00,1.A.1.c.2,Number Facility,LV,3.0,8,0.0,3.0,3.0,N,N,08/2023,Analyst
51-9161.00,1.A.1.d.1,Memorization,IM,2.75,8,0.1637,2.4292,3.0708,N,,08/2023,Analyst
51-9161.00,1.A.1.d.1,Memorization,LV,2.75,8,0.1637,2.4292,3.0708,N,N,08/2023,Analyst
51-9161.00,1.A.1.e.1,Speed of Closure,IM,3.0,8,0.0,3.0,3.0,N,,08/2023,Analyst
51-9161.00,1.A.1.e.1,Speed of Closure,LV,3.0,8,0.0,3.0,3.0,N,N,08/2023,Analyst
51-9161.00,1.A.1.e.2,Flexibility of Closure,IM,3.12,8,0.125,2.88,3.37,N,,08/2023,Analyst
51-9161.00,1.A.1.e.2,Flexibility of Closure,LV,3.12,8,0.125,2.88,3.37,N,N,08/2023,Analyst
51-9161.00,1.A.1.e.3,Perceptual Speed,IM,3.25,8,0.1637,2.9292,3.5708,N,,08/2023,Analyst
51-9161.00,1.A.1.e.3,Perceptual Speed,LV,3.12,8,0.125,2.88,3.37,N,N,08/2023,Analyst
51-9161.00,1.A.1.f.1,Spatial Orientation,IM,2.12,8,0.2266,1.6809,2.5691,N,,08/2023,Analyst
51-9161.00,1.A.1.f.1,Spatial Orientation,LV,1.75,8,0.3134,1.1358,2.3642,N,N,08/2023,Analyst
51-9161.00,1.A.1.f.2,Visualization,IM,3.25,8,0.1637,2.9292,3.5708,N,,08/2023,Analyst
51-9161.00,1.A.1.f.2,Visualization,LV,3.75,8,0.1637,3.4292,4.0708,N,N,08/2023,Analyst
51-9161.00,1.A.1.g.1,Selective Attention,IM,3.12,8,0.125,2.88,3.37,N,,08/2023,Analyst
51-9161.00,1.A.1.g.1,Selective Attention,LV,3.5,8,0.189,3.1296,3.8704,N,N,08/2023,Analyst
51-9161.00,1.A.1.g.2,Time Sharing,IM,2.75,8,0.1637,2.4292,3.0708,N,,08/2023,Analyst
51-9161.00,1.A.1.g.2,Time Sharing,LV,2.75,8,0.1637,2.4292,3.0708,N,N,08/2023,Analyst
51-9161.00,1.A.2.a.1,Arm-Hand Steadiness,IM,3.75,8,0.1637,3.4292,4.0708,N,,08/2023,Analyst
51-9161.00,1.A.2.a.1,Arm-Hand Steadiness,LV,3.5,8,0.189,3.1296,3.8704,N,N,08/2023,Analyst
51-9161.00,1.A.2.a.2,Manual Dexterity,IM,3.25,8,0.1637,2.9292,3.5708,N,,08/2023,Analyst
51-9161.00,1.A.2.a.2,Manual Dexterity,LV,3.38,8,0.183,3.0164,3.7336,N,N,08/2023,Analyst
51-9161.00,1.A.2.a.3,Finger Dexterity,IM,3.25,8,0.1637,2.9292,3.5708,N,,08/2023,Analyst
51-9161.00,1.A.2.a.3,Finger Dexterity,LV,3.38,8,0.183,3.0164,3.7336,N,N,08/2023,Analyst
51-9161.00,1.A.2.b.1,Control Precision,IM,3.5,8,0.2673,2.9762,4.0238,N,,08/2023,Analyst
51-9161.00,1.A.2.b.1,Control Precision,LV,3.88,8,0.125,3.63,4.12,N,N,08/2023,Analyst
51-9161.00,1.A.2.b.2,Multilimb Coordination,IM,3.12,8,0.125,2.88,3.37,N,,08/2023,Analyst
51-9161.00,1.A.2.b.2,Multilimb Coordination,LV,3.25,8,0.1637,2.9292,3.5708,N,N,08/2023,Analyst
51-9161.00,1.A.2.b.3,Response Orientation,IM,2.88,8,0.125,2.63,3.12,N,,08/2023,Analyst
51-9161.00,1.A.2.b.3,Response Orientation,LV,2.88,8,0.125,2.63,3.12,N,N,08/2023,Analyst
51-9161.00,1.A.2.b.4,Rate Control,IM,3.12,8,0.2266,2.6809,3.5691,N,,08/2023,Analyst
51-9161.00,1.A.2.b.4,Rate Control,LV,3.12,8,0.125,2.88,3.37,N,N,08/2023,Analyst
51-9161.00,1.A.2.c.1,Reaction Time,IM,3.5,8,0.189,3.1296,3.8704,N,,08/2023,Analyst
51-9161.00,1.A.2.c.1,Reaction Time,LV,3.5,8,0.189,3.1296,3.8704,N,N,08/2023,Analyst
51-9161.00,1.A.2.c.2,Wrist-Finger Speed,IM,2.88,8,0.125,2.63,3.12,N,,08/2023,Analyst
51-9161.00,1.A.2.c.2,Wrist-Finger Speed,LV,2.88,8,0.125,2.63,3.12,N,N,08/2023,Analyst
51-9161.00,1.A.2.c.3,Speed of Limb Movement,IM,2.25,8,0.25,1.76,2.74,N,,08/2023,Analyst
51-9161.00,1.A.2.c.3,Speed of Limb Movement,LV,2.12,8,0.3504,1.4383,2.8117,N,N,08/2023,Analyst
51-9161.00,1.A.3.a.1,Static Strength,IM,2.88,8,0.125,2.63,3.12,N,,08/2023,Analyst
51-9161.00,1.A.3.a.1,Static Strength,LV,2.88,8,0.125,2.63,3.12,N,N,08/2023,Analyst
51-9161.00,1.A.3.a.2,Explosive Strength,IM,1.5,8,0.189,1.1296,1.8704,N,,08/2023,Analyst
51-9161.00,1.A.3.a.2,Explosive Strength,LV,0.88,8,0.3504,0.1883,1.5617,N,N,08/2023,Analyst
51-9161.00,1.A.3.a.3,Dynamic Strength,IM,2.25,8,0.1637,1.9292,2.5708,N,,08/2023,Analyst
51-9161.00,1.A.3.a.3,Dynamic Strength,LV,2.12,8,0.125,1.88,2.37,N,N,08/2023,Analyst
51-9161.00,1.A.3.a.4,Trunk Strength,IM,3.12,8,0.125,2.88,3.37,N,,08/2023,Analyst
51-9161.00,1.A.3.a.4,Trunk Strength,LV,3.0,8,0.0,3.0,3.0,N,N,08/2023,Analyst
51-9161.00,1.A.3.b.1,Stamina,IM,2.38,8,0.183,2.0164,2.7336,N,,08/2023,Analyst
51-9161.00,1.A.3.b.1,Stamina,LV,2.0,8,0.0,2.0,2.0,N,N,08/2023,Analyst
51-9161.00,1.A.3.c.1,Extent Flexibility,IM,2.5,8,0.189,2.1296,2.8704,N,,08/2023,Analyst
51-9161.00,1.A.3.c.1,Extent Flexibility,LV,2.5,8,0.189,2.1296,2.8704,N,N,08/2023,Analyst
51-9161.00,1.A.3.c.2,Dynamic Flexibility,IM,1.25,8,0.1637,1.0,1.5708,N,,08/2023,Analyst
51-9161.00,1.A.3.c.2,Dynamic Flexibility,LV,0.25,8,0.1637,0.0,0.5708,N,Y,08/2023,Analyst
51-9161.00,1.A.3.c.3,Gross Body Coordination,IM,2.12,8,0.125,1.88,2.37,N,,08/2023,Analyst
51-9161.00,1.A.3.c.3,Gross Body Coordination,LV,2.0,8,0.0,2.0,2.0,N,N,08/2023,Analyst
51-9161.00,1.A.3.c.4,Gross Body Equilibrium,IM,2.0,8,0.189,1.6296,2.3704,N,,08/2023,Analyst
51-9161.00,1.A.3.c.4,Gross Body Equilibrium,LV,1.62,8,0.2631,1.1094,2.1406,N,N,08/2023,Analyst
51-9161.00,1.A.4.a.1,Near Vision,IM,3.75,8,0.1637,3.4292,4.0708,N,,08/2023,Analyst
51-9161.00,1.A.4.a.1,Near Vision,LV,3.5,8,0.189,3.1296,3.8704,N,N,08/2023,Analyst
51-9161.00,1.A.4.a.2,Far Vision,IM,2.88,8,0.2266,2.4309,3.3191,N,,08/2023,Analyst
51-9161.00,1.A.4.a.2,Far Vision,LV,3.25,8,0.25,2.76,3.74,N,N,08/2023,Analyst
51-9161.00,1.A.4.a.3,Visual Color Discrimination,IM,3.0,8,0.0,3.0,3.0,N,,08/2023,Analyst
51-9161.00,1.A.4.a.3,Visual Color Discrimination,LV,3.12,8,0.125,2.88,3.37,N,N,08/2023,Analyst
51-9161.00,1.A.4.a.4,Night Vision,IM,1.75,8,0.1637,1.4292,2.0708,N,,08/2023,Analyst
51-9161.00,1.A.4.a.4,Night Vision,LV,1.12,8,0.295,0.5467,1.7033,N,N,08/2023,Analyst
51-9161.00,1.A.4.a.5,Peripheral Vision,IM,2.12,8,0.125,1.88,2.37,N,,08/2023,Analyst
51-9161.00,1.A.4.a.5,Peripheral Vision,LV,1.88,8,0.125,1.63,2.12,N,N,08/2023,Analyst
51-9161.00,1.A.4.a.6,Depth Perception,IM,3.0,8,0.0,3.0,3.0,N,,08/2023,Analyst
51-9161.00,1.A.4.a.6,Depth Perception,LV,3.38,8,0.183,3.0164,3.7336,N,N,08/2023,Analyst
51-9161.00,1.A.4.a.7,Glare Sensitivity,IM,1.75,8,0.1637,1.4292,2.0708,N,,08/2023,Analyst
51-9161.00,1.A.4.a.7,Glare Sensitivity,LV,1.5,8,0.3273,0.8584,2.1416,N,N,08/2023,Analyst
51-9161.00,1.A.4.b.1,Hearing Sensitivity,IM,3.38,8,0.183,3.0164,3.7336,N,,08/2023,Analyst
51-9161.00,1.A.4.b.1,Hearing Sensitivity,LV,3.5,8,0.189,3.1296,3.8704,N,N,08/2023,Analyst
51-9161.00,1.A.4.b.2,Auditory Attention,IM,3.25,8,0.1637,2.9292,3.5708,N,,08/2023,Analyst
51-9161.00,1.A.4.b.2,Auditory Attention,LV,3.88,8,0.125,3.63,4.12,N,N,08/2023,Analyst
51-9161.00,1.A.4.b.3,Sound Localization,IM,2.62,8,0.183,2.2664,2.9836,N,,08/2023,Analyst
51-9161.00,1.A.4.b.3,Sound Localization,LV,2.25,8,0.1637,1.9292,2.5708,N,N,08/2023,Analyst
51-9161.00,1.A.4.b.4,Speech Recognition,IM,3.0,8,0.0,3.0,3.0,N,,08/2023,Analyst
51-9161.00,1.A.4.b.4,Speech Recognition,LV,3.0,8,0.0,3.0,3.0,N,N,08/2023,Analyst
51-9161.00,1.A.4.b.5,Speech Clarity,IM,3.0,8,0.0,3.0,3.0,N,,08/2023,Analyst
51-9161.00,1.A.4.b.5,Speech Clarity,LV,2.88,8,0.125,2.63,3.12,N,N,08/2023,Analyst
51-9162.00,1.A.1.a.1,Oral Comprehension,IM,3.25,8,0.1637,2.9292,3.5708,N,,07/2016,Analyst
51-9162.00,1.A.1.a.1,Oral Comprehension,LV,3.88,8,0.125,3.63,4.12,N,N,07/2016,Analyst
51-9162.00,1.A.1.a.2,Written Comprehension,IM,3.25,8,0.1637,2.9292,3.5708,N,,07/2016,Analyst
51-9162.00,1.A.1.a.2,Written Comprehension,LV,3.75,8,0.1637,3.4292,4.0708,N,N,07/2016,Analyst
51-9162.00,1.A.1.a.3,Oral Expression,IM,3.0,8,0.0,3.0,3.0,N,,07/2016,Analyst
51-9162.00,1.A.1.a.3,Oral Expression,LV,3.62,8,0.183,3.2664,3.9836,N,N,07/2016,Analyst
51-9162.00,1.A.1.a.4,Written Expression,IM,3.12,8,0.125,2.88,3.37,N,,07/2016,Analyst
51-9162.00,1.A.1.a.4,Written Expression,LV,3.12,8,0.125,2.88,3.37,N,N,07/2016,Analyst
51-9162.00,1.A.1.b.1,Fluency of Ideas,IM,3.0,8,0.0,3.0,3.0,N,,07/2016,Analyst
51-9162.00,1.A.1.b.1,Fluency of Ideas,LV,3.0,8,0.0,3.0,3.0,N,N,07/2016,Analyst
51-9162.00,1.A.1.b.2,Originality,IM,2.88,8,0.125,2.63,3.12,N,,07/2016,Analyst
51-9162.00,1.A.1.b.2,Originality,LV,3.0,8,0.0,3.0,3.0,N,N,07/2016,Analyst
51-9162.00,1.A.1.b.3,Problem Sensitivity,IM,3.75,8,0.1637,3.4292,4.0708,N,,07/2016,Analyst
51-9162.00,1.A.1.b.3,Problem Sensitivity,LV,3.25,8,0.1637,2.9292,3.5708,N,N,07/2016,Analyst
51-9162.00,1.A.1.b.4,Deductive Reasoning,IM,3.25,8,0.1637,2.9292,3.5708,N,,07/2016,Analyst
51-9162.00,1.A.1.b.4,Deductive Reasoning,LV,3.5,8,0.189,3.1296,3.8704,N,N,07/2016,Analyst
51-9162.00,1.A.1.b.5,Inductive Reasoning,IM,3.25,8,0.1637,2.9292,3.5708,N,,07/2016,Analyst
51-9162.00,1.A.1.b.5,Inductive Reasoning,LV,3.12,8,0.125,2.88,3.37,N,N,07/2016,Analyst
51-9162.00,1.A.1.b.6,Information Ordering,IM,3.88,8,0.125,3.63,4.12,N,,07/2016,Analyst
51-9162.00,1.A.1.b.6,Information Ordering,LV,3.75,8,0.1637,3.4292,4.0708,N,N,07/2016,Analyst
51-9162.00,1.A.1.b.7,Category Flexibility,IM,3.25,8,0.1637,2.9292,3.5708,N,,07/2016,Analyst
51-9162.00,1.A.1.b.7,Category Flexibility,LV,3.38,8,0.183,3.0164,3.7336,N,N,07/2016,Analyst
51-9162.00,1.A.1.c.1,Mathematical Reasoning,IM,3.5,8,0.189,3.1296,3.8704,N,,07/2016,Analyst
51-9162.00,1.A.1.c.1,Mathematical Reasoning,LV,3.62,8,0.183,3.2664,3.9836,N,N,07/2016,Analyst
51-9162.00,1.A.1.c.2,Number Facility,IM,3.25,8,0.1637,2.9292,3.5708,N,,07/2016,Analyst
51-9162.00,1.A.1.c.2,Number Facility,LV,3.25,8,0.1637,2.9292,3.5708,N,N,07/2016,Analyst
51-9162.00,1.A.1.d.1,Memorization,IM,2.75,8,0.1637,2.4292,3.0708,N,,07/2016,Analyst
51-9162.00,1.A.1.d.1,Memorization,LV,2.62,8,0.183,2.2664,2.9836,N,N,07/2016,Analyst
51-9162.00,1.A.1.e.1,Speed of Closure,IM,3.0,8,0.0,3.0,3.0,N,,07/2016,Analyst
51-9162.00,1.A.1.e.1,Speed of Closure,LV,2.88,8,0.125,2.63,3.12,N,N,07/2016,Analyst
51-9162.00,1.A.1.e.2,Flexibility of Closure,IM,3.12,8,0.125,2.88,3.37,N,,07/2016,Analyst
51-9162.00,1.A.1.e.2,Flexibility of Closure,LV,3.38,8,0.183,3.0164,3.7336,N,N,07/2016,Analyst
51-9162.00,1.A.1.e.3,Perceptual Speed,IM,3.75,8,0.1637,3.4292,4.0708,N,,07/2016,Analyst
51-9162.00,1.A.1.e.3,Perceptual Speed,LV,3.12,8,0.125,2.88,3.37,N,N,07/2016,Analyst
51-9162.00,1.A.1.f.1,Spatial Orientation,IM,1.38,8,0.183,1.0164,1.7336,N,,07/2016,Analyst
51-9162.00,1.A.1.f.1,Spatial Orientation,LV,0.5,8,0.2673,0.0,1.0238,N,N,07/2016,Analyst
51-9162.00,1.A.1.f.2,Visualization,IM,3.38,8,0.183,3.0164,3.7336,N,,07/2016,Analyst
51-9162.00,1.A.1.f.2,Visualization,LV,3.88,8,0.125,3.63,4.12,N,N,07/2016,Analyst
51-9162.00,1.A.1.g.1,Selective Attention,IM,3.25,8,0.1637,2.9292,3.5708,N,,07/2016,Analyst
51-9162.00,1.A.1.g.1,Selective Attention,LV,3.25,8,0.1637,2.9292,3.5708,N,N,07/2016,Analyst
51-9162.00,1.A.1.g.2,Time Sharing,IM,2.62,8,0.183,2.2664,2.9836,N,,07/2016,Analyst
51-9162.00,1.A.1.g.2,Time Sharing,LV,2.5,8,0.189,2.1296,2.8704,N,N,07/2016,Analyst
51-9162.00,1.A.2.a.1,Arm-Hand Steadiness,IM,2.88,8,0.125,2.63,3.12,N,,07/2016,Analyst
51-9162.00,1.A.2.a.1,Arm-Hand Steadiness,LV,2.75,8,0.1637,2.4292,3.0708,N,N,07/2016,Analyst
51-9162.00,1.A.2.a.2,Manual Dexterity,IM,2.75,8,0.1637,2.4292,3.0708,N,,07/2016,Analyst
51-9162.00,1.A.2.a.2,Manual Dexterity,LV,2.75,8,0.1637,2.4292,3.0708,N,N,07/2016,Analyst
51-9162.00,1.A.2.a.3,Finger Dexterity,IM,3.0,8,0.0,3.0,3.0,N,,07/2016,Analyst
51-9162.00,1.A.2.a.3,Finger Dexterity,LV,3.0,8,0.0,3.0,3.0,N,N,07/2016,Analyst
51-9162.00,1.A.2.b.1,Control Precision,IM,3.12,8,0.125,2.88,3.37,N,,07/2016,Analyst
51-9162.00,1.A.2.b.1,Control Precision,LV,3.12,8,0.125,2.88,3.37,N,N,07/2016,Analyst
51-9162.00,1.A.2.b.2,Multilimb Coordination,IM,2.88,8,0.125,2.63,3.12,N,,07/2016,Analyst
51-9162.00,1.A.2.b.2,Multilimb Coordination,LV,2.88,8,0.125,2.63,3.12,N,N,07/2016,Analyst
51-9162.00,1.A.2.b.3,Response Orientation,IM,2.38,8,0.2631,1.8594,2.8906,N,,07/2016,Analyst
51-9162.00,1.A.2.b.3,Response Orientation,LV,2.0,8,0.3273,1.3584,2.6416,N,N,07/2016,Analyst
51-9162.00,1.A.2.b.4,Rate Control,IM,2.38,8,0.183,2.0164,2.7336,N,,07/2016,Analyst
51-9162.00,1.A.2.b.4,Rate Control,LV,2.38,8,0.183,2.0164,2.7336,N,N,07/2016,Analyst
51-9162.00,1.A.2.c.1,Reaction Time,IM,3.0,8,0.0,3.0,3.0,N,,07/2016,Analyst
51-9162.00,1.A.2.c.1,Reaction Time,LV,3.12,8,0.125,2.88,3.37,N,N,07/2016,Analyst
51-9162.00,1.A.2.c.2,Wrist-Finger Speed,IM,2.38,8,0.183,2.0164,2.7336,N,,07/2016,Analyst
51-9162.00,1.A.2.c.2,Wrist-Finger Speed,LV,2.25,8,0.1637,1.9292,2.5708,N,N,07/2016,Analyst
51-9162.00,1.A.2.c.3,Speed of Limb Movement,IM,1.75,8,0.1637,1.4292,2.0708,N,,07/2016,Analyst
51-9162.00,1.A.2.c.3,Speed of Limb Movement,LV,1.12,8,0.295,0.5467,1.7033,N,N,07/2016,Analyst
51-9162.00,1.A.3.a.1,Static Strength,IM,2.12,8,0.125,1.88,2.37,N,,07/2016,Analyst
51-9162.00,1.A.3.a.1,Static Strength,LV,2.0,8,0.0,2.0,2.0,N,N,07/2016,Analyst
51-9162.00,1.A.3.a.2,Explosive Strength,IM,1.62,8,0.183,1.2664,1.9836,N,,07/2016,Analyst
51-9162.00,1.A.3.a.2,Explosive Strength,LV,0.75,8,0.25,0.26,1.24,N,N,07/2016,Analyst
51-9162.00,1.A.3.a.3,Dynamic Strength,IM,2.0,8,0.189,1.6296,2.3704,N,,07/2016,Analyst
51-9162.00,1.A.3.a.3,Dynamic Strength,LV,1.38,8,0.2631,0.8594,1.8906,N,N,07/2016,Analyst
51-9162.00,1.A.3.a.4,Trunk Strength,IM,2.5,8,0.189,2.1296,2.8704,N,,07/2016,Analyst
51-9162.00,1.A.3.a.4,Trunk Strength,LV,2.5,8,0.189,2.1296,2.8704,N,N,07/2016,Analyst
51-9162.00,1.A.3.b.1,Stamina,IM,2.12,8,0.125,1.88,2.37,N,,07/2016,Analyst
51-9162.00,1.A.3.b.1,Stamina,LV,1.75,8,0.1637,1.4292,2.0708,N,N,07/2016,Analyst
51-9162.00,1.A.3.c.1,Extent Flexibility,IM,2.25,8,0.1637,1.9292,2.5708,N,,07/2016,Analyst
51-9162.00,1.A.3.c.1,Extent Flexibility,LV,1.75,8,0.1637,1.4292,2.0708,N,N,07/2016,Analyst
51-9162.00,1.A.3.c.2,Dynamic Flexibility,IM,1.0,8,0.0,1.0,1.0,N,,07/2016,Analyst
51-9162.00,1.A.3.c.2,Dynamic Flexibility,LV,0.0,8,0.0,0.0,0.0,N,Y,07/2016,Analyst
51-9162.00,1.A.3.c.3,Gross Body Coordination,IM,2.0,8,0.0,2.0,2.0,N,,07/2016,Analyst
51-9162.00,1.A.3.c.3,Gross Body Coordination,LV,1.88,8,0.125,1.63,2.12,N,N,07/2016,Analyst
51-9162.00,1.A.3.c.4,Gross Body Equilibrium,IM,1.75,8,0.1637,1.4292,2.0708,N,,07/2016,Analyst
51-9162.00,1.A.3.c.4,Gross Body Equilibrium,LV,0.75,8,0.1637,0.4292,1.0708,N,N,07/2016,Analyst
51-9162.00,1.A.4.a.1,Near Vision,IM,3.88,8,0.125,3.63,4.12,N,,07/2016,Analyst
51-9162.00,1.A.4.a.1,Near Vision,LV,3.75,8,0.1637,3.4292,4.0708,N,N,07/2016,Analyst
51-9162.00,1.A.4.a.2,Far Vision,IM,2.88,8,0.125,2.63,3.12,N,,07/2016,Analyst
51-9162.00,1.A.4.a.2,Far Vision,LV,3.0,8,0.0,3.0,3.0,N,N,07/2016,Analyst
51-9162.00,1.A.4.a.3,Visual Color Discrimination,IM,2.5,8,0.2673,1.9762,3.0238,N,,07/2016,Analyst
51-9162.00,1.A.4.a.3,Visual Color Discrimination,LV,2.38,8,0.375,1.64,3.11,N,N,07/2016,Analyst
51-9162.00,1.A.4.a.4,Night Vision,IM,1.0,8,0.0,1.0,1.0,N,,07/2016,Analyst
51-9162.00,1.A.4.a.4,Night Vision,LV,0.0,8,0.0,0.0,0.0,N,Y,07/2016,Analyst
51-9162.00,1.A.4.a.5,Peripheral Vision,IM,1.0,8,0.0,1.0,1.0,N,,07/2016,Analyst
51-9162.00,1.A.4.a.5,Peripheral Vision,LV,0.0,8,0.0,0.0,0.0,N,Y,07/2016,Analyst
51-9162.00,1.A.4.a.6,Depth Perception,IM,2.62,8,0.183,2.2664,2.9836,N,,07/2016,Analyst
51-9162.00,1.A.4.a.6,Depth Perception,LV,2.62,8,0.183,2.2664,2.9836,N,N,07/2016,Analyst
51-9162.00,1.A.4.a.7,Glare Sensitivity,IM,1.0,8,0.0,1.0,1.0,N,,07/2016,Analyst
51-9162.00,1.A.4.a.7,Glare Sensitivity,LV,0.0,8,0.0,0.0,0.0,N,Y,07/2016,Analyst
51-9162.00,1.A.4.b.1,Hearing Sensitivity,IM,2.75,8,0.1637,2.4292,3.0708,N,,07/2016,Analyst
51-9162.00,1.A.4.b.1,Hearing Sensitivity,LV,2.75,8,0.1637,2.4292,3.0708,N,N,07/2016,Analyst
51-9162.00,1.A.4.b.2,Auditory Attention,IM,2.88,8,0.125,2.63,3.12,N,,07/2016,Analyst
51-9162.00,1.A.4.b.2,Auditory Attention,LV,3.0,8,0.189,2.6296,3.3704,N,N,07/2016,Analyst
51-9162.00,1.A.4.b.3,Sound Localization,IM,1.12,8,0.125,1.0,1.37,N,,07/2016,Analyst
51-9162.00,1.A.4.b.3,Sound Localization,LV,0.12,8,0.125,0.0,0.37,N,Y,07/2016,Analyst
51-9162.00,1.A.4.b.4,Speech Recognition,IM,3.0,8,0.0,3.0,3.0,N,,07/2016,Analyst
51-9162.00,1.A.4.b.4,Speech Recognition,LV,2.62,8,0.183,2.2664,2.9836,N,N,07/2016,Analyst
51-9162.00,1.A.4.b.5,Speech Clarity,IM,3.0,8,0.0,3.0,3.0,N,,07/2016,Analyst
51-9162.00,1.A.4.b.5,Speech Clarity,LV,2.75,8,0.1637,2.4292,3.0708,N,N,07/2016,Analyst
51-9191.00,1.A.1.a.1,Oral Comprehension,IM,3.25,8,0.1637,2.9292,3.5708,N,,07/2015,Analyst
51-9191.00,1.A.1.a.1,Oral Comprehension,LV,3.12,8,0.125,2.88,3.37,N,N,07/2015,Analyst
51-9191.00,1.A.1.a.2,Written Comprehension,IM,3.12,8,0.125,2.88,3.37,N,,07/2015,Analyst
51-9191.00,1.A.1.a.2,Written Comprehension,LV,3.0,8,0.0,3.0,3.0,N,N,07/2015,Analyst
51-9191.00,1.A.1.a.3,Oral Expression,IM,3.12,8,0.125,2.88,3.37,N,,07/2015,Analyst
51-9191.00,1.A.1.a.3,Oral Expression,LV,3.0,8,0.0,3.0,3.0,N,N,07/2015,Analyst
51-9191.00,1.A.1.a.4,Written Expression,IM,2.75,8,0.1637,2.4292,3.0708,N,,07/2015,Analyst
51-9191.00,1.A.1.a.4,Written Expression,LV,2.25,8,0.1637,1.9292,2.5708,N,N,07/2015,Analyst
51-9191.00,1.A.1.b.1,Fluency of Ideas,IM,1.88,8,0.125,1.63,2.12,N,,07/2015,Analyst
51-9191.00,1.A.1.b.1,Fluency of Ideas,LV,1.75,8,0.25,1.26,2.24,N,N,07/2015,Analyst
51-9191.00,1.A.1.b.2,Originality,IM,2.0,8,0.189,1.6296,2.3704,N,,07/2015,Analyst
51-9191.00,1.A.1.b.2,Originality,LV,1.75,8,0.25,1.26,2.24,N,N,07/2015,Analyst
51-9191.00,1.A.1.b.3,Problem Sensitivity,IM,3.38,8,0.183,3.0164,3.7336,N,,07/2015,Analyst
51-9191.00,1.A.1.b.3,Problem Sensitivity,LV,3.0,8,0.0,3.0,3.0,N,N,07/2015,Analyst
51-9191.00,1.A.1.b.4,Deductive Reasoning,IM,3.12,8,0.125,2.88,3.37,N,,07/2015,Analyst
51-9191.00,1.A.1.b.4,Deductive Reasoning,LV,2.75,8,0.1637,2.4292,3.0708,N,N,07/2015,Analyst
51-9191.00,1.A.1.b.5,Inductive Reasoning,IM,3.0,8,0.0,3.0,3.0,N,,07/2015,Analyst
51-9191.00,1.A.1.b.5,Inductive Reasoning,LV,2.75,8,0.1637,2.4292,3.0708,N,N,07/2015,Analyst
51-9191.00,1.A.1.b.6,Information Ordering,IM,3.12,8,0.125,2.88,3.37,N,,07/2015,Analyst
51-9191.00,1.A.1.b.6,Information Ordering,LV,3.0,8,0.0,3.0,3.0,N,N,07/2015,Analyst
51-9191.00,1.A.1.b.7,Category Flexibility,IM,3.12,8,0.125,2.88,3.37,N,,07/2015,Analyst
51-9191.00,1.A.1.b.7,Category Flexibility,LV,3.0,8,0.0,3.0,3.0,N,N,07/2015,Analyst
51-9191.00,1.A.1.c.1,Mathematical Reasoning,IM,2.5,8,0.189,2.1296,2.8704,N,,07/2015,Analyst
51-9191.00,1.A.1.c.1,Mathematical Reasoning,LV,2.0,8,0.0,2.0,2.0,N,N,07/2015,Analyst
51-9191.00,1.A.1.c.2,Number Facility,IM,2.38,8,0.183,2.0164,2.7336,N,,07/2015,Analyst
51-9191.00,1.A.1.c.2,Number Facility,LV,2.12,8,0.125,1.88,2.37,N,N,07/2015,Analyst
51-9191.00,1.A.1.d.1,Memorization,IM,2.12,8,0.125,1.88,2.37,N,,07/2015,Analyst
51-9191.00,1.A.1.d.1,Memorization,LV,1.75,8,0.1637,1.4292,2.0708,N,N,07/2015,Analyst
51-9191.00,1.A.1.e.1,Speed of Closure,IM,2.25,8,0.1637,1.9292,2.5708,N,,07/2015,Analyst
51-9191.00,1.A.1.e.1,Speed of Closure,LV,2.0,8,0.0,2.0,2.0,N,N,07/2015,Analyst
51-9191.00,1.A.1.e.2,Flexibility of Closure,IM,3.0,8,0.189,2.6296,3.3704,N,,07/2015,Analyst
51-9191.00,1.A.1.e.2,Flexibility of Closure,LV,2.75,8,0.1637,2.4292,3.0708,N,N,07/2015,Analyst
51-9191.00,1.A.1.e.3,Perceptual Speed,IM,3.25,8,0.1637,2.9292,3.5708,N,,07/2015,Analyst
51-9191.00,1.A.1.e.3,Perceptual Speed,LV,3.12,8,0.125,2.88,3.37,N,N,07/2015,Analyst
51-9191.00,1.A.1.f.1,Spatial Orientation,IM,1.88,8,0.2266,1.4309,2.3191,N,,07/2015,Analyst
51-9191.00,1.A.1.f.1,Spatial Orientation,LV,1.25,8,0.3134,0.6358,1.8642,N,N,07/2015,Analyst
51-9191.00,1.A.1.f.2,Visualization,IM,3.12,8,0.125,2.88,3.37,N,,07/2015,Analyst
51-9191.00,1.A.1.f.2,Visualization,LV,3.12,8,0.125,2.88,3.37,N,N,07/2015,Analyst
51-9191.00,1.A.1.g.1,Selective Attention,IM,3.12,8,0.125,2.88,3.37,N,,07/2015,Analyst
51-9191.00,1.A.1.g.1,Selective Attention,LV,3.25,8,0.1637,2.9292,3.5708,N,N,07/2015,Analyst
51-9191.00,1.A.1.g.2,Time Sharing,IM,2.75,8,0.1637,2.4292,3.0708,N,,07/2015,Analyst
51-9191.00,1.A.1.g.2,Time Sharing,LV,2.25,8,0.1637,1.9292,2.5708,N,N,07/2015,Analyst
51-9191.00,1.A.2.a.1,Arm-Hand Steadiness,IM,3.62,8,0.183,3.2664,3.9836,N,,07/2015,Analyst
51-9191.00,1.A.2.a.1,Arm-Hand Steadiness,LV,3.0,8,0.0,3.0,3.0,N,N,07/2015,Analyst
51-9191.00,1.A.2.a.2,Manual Dexterity,IM,3.62,8,0.183,3.2664,3.9836,N,,07/2015,Analyst
51-9191.00,1.A.2.a.2,Manual Dexterity,LV,3.0,8,0.0,3.0,3.0,N,N,07/2015,Analyst
51-9191.00,1.A.2.a.3,Finger Dexterity,IM,3.38,8,0.183,3.0164,3.7336,N,,07/2015,Analyst
51-9191.00,1.A.2.a.3,Finger Dexterity,LV,3.12,8,0.125,2.88,3.37,N,N,07/2015,Analyst
51-9191.00,1.A.2.b.1,Control Precision,IM,3.5,8,0.189,3.1296,3.8704,N,,07/2015,Analyst
51-9191.00,1.A.2.b.1,Control Precision,LV,3.38,8,0.183,3.0164,3.7336,N,N,07/2015,Analyst
51-9191.00,1.A.2.b.2,Multilimb Coordination,IM,3.25,8,0.1637,2.9292,3.5708,N,,07/2015,Analyst
51-9191.00,1.A.2.b.2,Multilimb Coordination,LV,3.62,8,0.183,3.2664,3.9836,N,N,07/2015,Analyst
51-9191.00,1.A.2.b.3,Response Orientation,IM,2.88,8,0.125,2.63,3.12,N,,07/2015,Analyst
51-9191.00,1.A.2.b.3,Response Orientation,LV,2.88,8,0.125,2.63,3.12,N,N,07/2015,Analyst
51-9191.00,1.A.2.b.4,Rate Control,IM,3.38,8,0.183,3.0164,3.7336,N,,07/2015,Analyst
51-9191.00,1.A.2.b.4,Rate Control,LV,3.12,8,0.125,2.88,3.37,N,N,07/2015,Analyst
51-9191.00,1.A.2.c.1,Reaction Time,IM,3.25,8,0.1637,2.9292,3.5708,N,,07/2015,Analyst
51-9191.00,1.A.2.c.1,Reaction Time,LV,3.38,8,0.183,3.0164,3.7336,N,N,07/2015,Analyst
51-9191.00,1.A.2.c.2,Wrist-Finger Speed,IM,2.75,8,0.1637,2.4292,3.0708,N,,07/2015,Analyst
51-9191.00,1.A.2.c.2,Wrist-Finger Speed,LV,2.38,8,0.183,2.0164,2.7336,N,N,07/2015,Analyst
51-9191.00,1.A.2.c.3,Speed of Limb Movement,IM,2.25,8,0.25,1.76,2.74,N,,07/2015,Analyst
51-9191.00,1.A.2.c.3,Speed of Limb Movement,LV,1.75,8,0.3134,1.1358,2.3642,N,N,07/2015,Analyst
51-9191.00,1.A.3.a.1,Static Strength,IM,3.62,8,0.183,3.2664,3.9836,N,,07/2015,Analyst
51-9191.00,1.A.3.a.1,Static Strength,LV,3.5,8,0.189,3.1296,3.8704,N,N,07/2015,Analyst
51-9191.00,1.A.3.a.2,Explosive Strength,IM,1.88,8,0.2266,1.4309,2.3191,N,,07/2015,Analyst
51-9191.00,1.A.3.a.2,Explosive Strength,LV,1.12,8,0.295,0.5467,1.7033,N,N,07/2015,Analyst
51-9191.00,1.A.3.a.3,Dynamic Strength,IM,3.0,8,0.189,2.6296,3.3704,N,,07/2015,Analyst
51-9191.00,1.A.3.a.3,Dynamic Strength,LV,2.75,8,0.1637,2.4292,3.0708,N,N,07/2015,Analyst
51-9191.00,1.A.3.a.4,Trunk Strength,IM,3.5,8,0.189,3.1296,3.8704,N,,07/2015,Analyst
51-9191.00,1.A.3.a.4,Trunk Strength,LV,3.12,8,0.125,2.88,3.37,N,N,07/2015,Analyst
51-9191.00,1.A.3.b.1,Stamina,IM,3.12,8,0.125,2.88,3.37,N,,07/2015,Analyst
51-9191.00,1.A.3.b.1,Stamina,LV,2.62,8,0.183,2.2664,2.9836,N,N,07/2015,Analyst
51-9191.00,1.A.3.c.1,Extent Flexibility,IM,3.25,8,0.1637,2.9292,3.5708,N,,07/2015,Analyst
51-9191.00,1.A.3.c.1,Extent Flexibility,LV,3.38,8,0.183,3.0164,3.7336,N,N,07/2015,Analyst
51-9191.00,1.A.3.c.2,Dynamic Flexibility,IM,1.5,8,0.189,1.1296,1.8704,N,,07/2015,Analyst
51-9191.00,1.A.3.c.2,Dynamic Flexibility,LV,0.75,8,0.3134,0.1358,1.3642,N,N,07/2015,Analyst
51-9191.00,1.A.3.c.3,Gross Body Coordination,IM,2.88,8,0.125,2.63,3.12,N,,07/2015,Analyst
51-9191.00,1.A.3.c.3,Gross Body Coordination,LV,2.75,8,0.1637,2.4292,3.0708,N,N,07/2015,Analyst
51-9191.00,1.A.3.c.4,Gross Body Equilibrium,IM,2.12,8,0.125,1.88,2.37,N,,07/2015,Analyst
51-9191.00,1.A.3.c.4,Gross Body Equilibrium,LV,2.0,8,0.0,2.0,2.0,N,N,07/2015,Analyst
51-9191.00,1.A.4.a.1,Near Vision,IM,3.5,8,0.189,3.1296,3.8704,N,,07/2015,Analyst
51-9191.00,1.A.4.a.1,Near Vision,LV,3.25,8,0.1637,2.9292,3.5708,N,N,07/2015,Analyst
51-9191.00,1.A.4.a.2,Far Vision,IM,2.88,8,0.125,2.63,3.12,N,,07/2015,Analyst
51-9191.00,1.A.4.a.2,Far Vision,LV,2.88,8,0.125,2.63,3.12,N,N,07/2015,Analyst
51-9191.00,1.A.4.a.3,Visual Color Discrimination,IM,2.75,8,0.1637,2.4292,3.0708,N,,07/2015,Analyst
51-9191.00,1.A.4.a.3,Visual Color Discrimination,LV,2.62,8,0.183,2.2664,2.9836,N,N,07/2015,Analyst
51-9191.00,1.A.4.a.4,Night Vision,IM,1.75,8,0.1637,1.4292,2.0708,N,,07/2015,Analyst
51-9191.00,1.A.4.a.4,Night Vision,LV,1.12,8,0.295,0.5467,1.7033,N,N,07/2015,Analyst
51-9191.00,1.A.4.a.5,Peripheral Vision,IM,2.0,8,0.189,1.6296,2.3704,N,,07/2015,Analyst
51-9191.00,1.A.4.a.5,Peripheral Vision,LV,1.5,8,0.2673,0.9762,2.0238,N,N,07/2015,Analyst
51-9191.00,1.A.4.a.6,Depth Perception,IM,3.0,8,0.0,3.0,3.0,N,,07/2015,Analyst
51-9191.00,1.A.4.a.6,Depth Perception,LV,2.88,8,0.125,2.63,3.12,N,N,07/2015,Analyst
51-9191.00,1.A.4.a.7,Glare Sensitivity,IM,1.75,8,0.1637,1.4292,2.0708,N,,07/2015,Analyst
51-9191.00,1.A.4.a.7,Glare Sensitivity,LV,1.25,8,0.3134,0.6358,1.8642,N,N,07/2015,Analyst
51-9191.00,1.A.4.b.1,Hearing Sensitivity,IM,2.75,8,0.1637,2.4292,3.0708,N,,07/2015,Analyst
51-9191.00,1.A.4.b.1,Hearing Sensitivity,LV,2.75,8,0.1637,2.4292,3.0708,N,N,07/2015,Analyst
51-9191.00,1.A.4.b.2,Auditory Attention,IM,3.0,8,0.189,2.6296,3.3704,N,,07/2015,Analyst
51-9191.00,1.A.4.b.2,Auditory Attention,LV,3.12,8,0.295,2.5467,3.7033,N,N,07/2015,Analyst
51-9191.00,1.A.4.b.3,Sound Localization,IM,1.88,8,0.125,1.63,2.12,N,,07/2015,Analyst
51-9191.00,1.A.4.b.3,Sound Localization,LV,1.12,8,0.2266,0.6809,1.5691,N,N,07/2015,Analyst
51-9191.00,1.A.4.b.4,Speech Recognition,IM,3.0,8,0.0,3.0,3.0,N,,07/2015,Analyst
51-9191.00,1.A.4.b.4,Speech Recognition,LV,2.75,8,0.1637,2.4292,3.0708,N,N,07/2015,Analyst
51-9191.00,1.A.4.b.5,Speech Clarity,IM,3.0,8,0.0,3.0,3.0,N,,07/2015,Analyst
51-9191.00,1.A.4.b.5,Speech Clarity,LV,2.62,8,0.183,2.2664,2.9836,N,N,07/2015,Analyst
51-9192.00,1.A.1.a.1,Oral Comprehension,IM,2.88,8,0.125,2.63,3.12,N,,07/2017,Analyst
51-9192.00,1.A.1.a.1,Oral Comprehension,LV,2.88,8,0.125,2.63,3.12,N,N,07/2017,Analyst
51-9192.00,1.A.1.a.2,Written Comprehension,IM,2.25,8,0.1637,1.9292,2.5708,N,,07/2017,Analyst
51-9192.00,1.A.1.a.2,Written Comprehension,LV,2.5,8,0.189,2.1296,2.8704,N,N,07/2017,Analyst
51-9192.00,1.A.1.a.3,Oral Expression,IM,2.75,8,0.1637,2.4292,3.0708,N,,07/2017,Analyst
51-9192.00,1.A.1.a.3,Oral Expression,LV,2.38,8,0.183,2.0164,2.7336,N,N,07/2017,Analyst
51-9192.00,1.A.1.a.4,Written Expression,IM,2.25,8,0.1637,1.9292,2.5708,N,,07/2017,Analyst
51-9192.00,1.A.1.a.4,Written Expression,LV,2.12,8,0.125,1.88,2.37,N,N,07/2017,Analyst
51-9192.00,1.A.1.b.1,Fluency of Ideas,IM,2.0,8,0.0,2.0,2.0,N,,07/2017,Analyst
51-9192.00,1.A.1.b.1,Fluency of Ideas,LV,2.0,8,0.0,2.0,2.0,N,N,07/2017,Analyst
51-9192.00,1.A.1.b.2,Originality,IM,1.88,8,0.125,1.63,2.12,N,,07/2017,Analyst
51-9192.00,1.A.1.b.2,Originality,LV,1.5,8,0.2673,0.9762,2.0238,N,N,07/2017,Analyst
51-9192.00,1.A.1.b.3,Problem Sensitivity,IM,2.88,8,0.125,2.63,3.12,N,,07/2017,Analyst
51-9192.00,1.A.1.b.3,Problem Sensitivity,LV,2.5,8,0.189,2.1296,2.8704,N,N,07/2017,Analyst
51-9192.00,1.A.1.b.4,Deductive Reasoning,IM,2.75,8,0.1637,2.4292,3.0708,N,,07/2017,Analyst
51-9192.00,1.A.1.b.4,Deductive Reasoning,LV,2.38,8,0.183,2.0164,2.7336,N,N,07/2017,Analyst
51-9192.00,1.A.1.b.5,Inductive Reasoning,IM,2.75,8,0.1637,2.4292,3.0708,N,,07/2017,Analyst
51-9192.00,1.A.1.b.5,Inductive Reasoning,LV,2.38,8,0.183,2.0164,2.7336,N,N,07/2017,Analyst
51-9192.00,1.A.1.b.6,Information Ordering,IM,3.12,8,0.125,2.88,3.37,N,,07/2017,Analyst
51-9192.00,1.A.1.b.6,Information Ordering,LV,2.75,8,0.1637,2.4292,3.0708,N,N,07/2017,Analyst
51-9192.00,1.A.1.b.7,Category Flexibility,IM,3.0,8,0.189,2.6296,3.3704,N,,07/2017,Analyst
51-9192.00,1.A.1.b.7,Category Flexibility,LV,2.75,8,0.1637,2.4292,3.0708,N,N,07/2017,Analyst
51-9192.00,1.A.1.c.1,Mathematical Reasoning,IM,2.0,8,0.0,2.0,2.0,N,,07/2017,Analyst
51-9192.00,1.A.1.c.1,Mathematical Reasoning,LV,1.38,8,0.183,1.0164,1.7336,N,N,07/2017,Analyst
51-9192.00,1.A.1.c.2,Number Facility,IM,2.0,8,0.0,2.0,2.0,N,,07/2017,Analyst
51-9192.00,1.A.1.c.2,Number Facility,LV,1.38,8,0.183,1.0164,1.7336,N,N,07/2017,Analyst
51-9192.00,1.A.1.d.1,Memorization,IM,2.0,8,0.0,2.0,2.0,N,,07/2017,Analyst
51-9192.00,1.A.1.d.1,Memorization,LV,1.75,8,0.1637,1.4292,2.0708,N,N,07/2017,Analyst
51-9192.00,1.A.1.e.1,Speed of Closure,IM,2.12,8,0.125,1.88,2.37,N,,07/2017,Analyst
51-9192.00,1.A.1.e.1,Speed of Closure,LV,2.0,8,0.0,2.0,2.0,N,N,07/2017,Analyst
51-9192.00,1.A.1.e.2,Flexibility of Closure,IM,2.38,8,0.183,2.0164,2.7336,N,,07/2017,Analyst
51-9192.00,1.A.1.e.2,Flexibility of Closure,LV,2.25,8,0.1637,1.9292,2.5708,N,N,07/2017,Analyst
51-9192.00,1.A.1.e.3,Perceptual Speed,IM,3.12,8,0.2266,2.6809,3.5691,N,,07/2017,Analyst
51-9192.00,1.A.1.e.3,Perceptual Speed,LV,3.0,8,0.189,2.6296,3.3704,N,N,07/2017,Analyst
51-9192.00,1.A.1.f.1,Spatial Orientation,IM,1.62,8,0.183,1.2664,1.9836,N,,07/2017,Analyst
51-9192.00,1.A.1.f.1,Spatial Orientation,LV,0.88,8,0.295,0.2967,1.4533,N,N,07/2017,Analyst
51-9192.00,1.A.1.f.2,Visualization,IM,2.38,8,0.183,2.0164,2.7336,N,,07/2017,Analyst
51-9192.00,1.A.1.f.2,Visualization,LV,2.38,8,0.183,2.0164,2.7336,N,N,07/2017,Analyst
51-9192.00,1.A.1.g.1,Selective Attention,IM,2.88,8,0.125,2.63,3.12,N,,07/2017,Analyst
51-9192.00,1.A.1.g.1,Selective Attention,LV,2.75,8,0.1637,2.4292,3.0708,N,N,07/2017,Analyst
51-9192.00,1.A.1.g.2,Time Sharing,IM,2.38,8,0.183,2.0164,2.7336,N,,07/2017,Analyst
51-9192.00,1.A.1.g.2,Time Sharing,LV,2.25,8,0.1637,1.9292,2.5708,N,N,07/2017,Analyst
51-9192.00,1.A.2.a.1,Arm-Hand Steadiness,IM,3.12,8,0.125,2.88,3.37,N,,07/2017,Analyst
51-9192.00,1.A.2.a.1,Arm-Hand Steadiness,LV,3.0,8,0.0,3.0,3.0,N,N,07/2017,Analyst
51-9192.00,1.A.2.a.2,Manual Dexterity,IM,3.0,8,0.0,3.0,3.0,N,,07/2017,Analyst
51-9192.00,1.A.2.a.2,Manual Dexterity,LV,2.88,8,0.125,2.63,3.12,N,N,07/2017,Analyst
51-9192.00,1.A.2.a.3,Finger Dexterity,IM,3.0,8,0.189,2.6296,3.3704,N,,07/2017,Analyst
51-9192.00,1.A.2.a.3,Finger Dexterity,LV,2.88,8,0.125,2.63,3.12,N,N,07/2017,Analyst
51-9192.00,1.A.2.b.1,Control Precision,IM,3.12,8,0.125,2.88,3.37,N,,07/2017,Analyst
51-9192.00,1.A.2.b.1,Control Precision,LV,3.0,8,0.0,3.0,3.0,N,N,07/2017,Analyst
51-9192.00,1.A.2.b.2,Multilimb Coordination,IM,3.0,8,0.0,3.0,3.0,N,,07/2017,Analyst
51-9192.00,1.A.2.b.2,Multilimb Coordination,LV,2.88,8,0.125,2.63,3.12,N,N,07/2017,Analyst
51-9192.00,1.A.2.b.3,Response Orientation,IM,2.12,8,0.125,1.88,2.37,N,,07/2017,Analyst
51-9192.00,1.A.2.b.3,Response Orientation,LV,2.12,8,0.2266,1.6809,2.5691,N,N,07/2017,Analyst
51-9192.00,1.A.2.b.4,Rate Control,IM,2.5,8,0.189,2.1296,2.8704,N,,07/2017,Analyst
51-9192.00,1.A.2.b.4,Rate Control,LV,1.75,8,0.3134,1.1358,2.3642,N,N,07/2017,Analyst
51-9192.00,1.A.2.c.1,Reaction Time,IM,2.38,8,0.183,2.0164,2.7336,N,,07/2017,Analyst
51-9192.00,1.A.2.c.1,Reaction Time,LV,2.62,8,0.2631,2.1094,3.1406,N,N,07/2017,Analyst
51-9192.00,1.A.2.c.2,Wrist-Finger Speed,IM,2.0,8,0.0,2.0,2.0,N,,07/2017,Analyst
51-9192.00,1.A.2.c.2,Wrist-Finger Speed,LV,1.88,8,0.125,1.63,2.12,N,N,07/2017,Analyst
51-9192.00,1.A.2.c.3,Speed of Limb Movement,IM,1.88,8,0.125,1.63,2.12,N,,07/2017,Analyst
51-9192.00,1.A.2.c.3,Speed of Limb Movement,LV,1.75,8,0.25,1.26,2.24,N,N,07/2017,Analyst
51-9192.00,1.A.3.a.1,Static Strength,IM,2.62,8,0.183,2.2664,2.9836,N,,07/2017,Analyst
51-9192.00,1.A.3.a.1,Static Strength,LV,2.62,8,0.183,2.2664,2.9836,N,N,07/2017,Analyst
51-9192.00,1.A.3.a.2,Explosive Strength,IM,1.5,8,0.189,1.1296,1.8704,N,,07/2017,Analyst
51-9192.00,1.A.3.a.2,Explosive Strength,LV,0.88,8,0.3981,0.0947,1.6553,N,N,07/2017,Analyst
51-9192.00,1.A.3.a.3,Dynamic Strength,IM,2.0,8,0.0,2.0,2.0,N,,07/2017,Analyst
51-9192.00,1.A.3.a.3,Dynamic Strength,LV,2.0,8,0.0,2.0,2.0,N,N,07/2017,Analyst
51-9192.00,1.A.3.a.4,Trunk Strength,IM,3.0,8,0.0,3.0,3.0,N,,07/2017,Analyst
51-9192.00,1.A.3.a.4,Trunk Strength,LV,3.0,8,0.0,3.0,3.0,N,N,07/2017,Analyst
51-9192.00,1.A.3.b.1,Stamina,IM,2.75,8,0.1637,2.4292,3.0708,N,,07/2017,Analyst
51-9192.00,1.A.3.b.1,Stamina,LV,2.25,8,0.25,1.76,2.74,N,N,07/2017,Analyst
51-9192.00,1.A.3.c.1,Extent Flexibility,IM,2.88,8,0.125,2.63,3.12,N,,07/2017,Analyst
51-9192.00,1.A.3.c.1,Extent Flexibility,LV,3.0,8,0.189,2.6296,3.3704,N,N,07/2017,Analyst
51-9192.00,1.A.3.c.2,Dynamic Flexibility,IM,1.12,8,0.125,1.0,1.37,N,,07/2017,Analyst
51-9192.00,1.A.3.c.2,Dynamic Flexibility,LV,0.12,8,0.125,0.0,0.37,N,Y,07/2017,Analyst
51-9192.00,1.A.3.c.3,Gross Body Coordination,IM,2.62,8,0.183,2.2664,2.9836,N,,07/2017,Analyst
51-9192.00,1.A.3.c.3,Gross Body Coordination,LV,2.25,8,0.1637,1.9292,2.5708,N,N,07/2017,Analyst
51-9192.00,1.A.3.c.4,Gross Body Equilibrium,IM,2.0,8,0.0,2.0,2.0,N,,07/2017,Analyst
51-9192.00,1.A.3.c.4,Gross Body Equilibrium,LV,1.88,8,0.125,1.63,2.12,N,N,07/2017,Analyst
51-9192.00,1.A.4.a.1,Near Vision,IM,3.25,8,0.1637,2.9292,3.5708,N,,07/2017,Analyst
51-9192.00,1.A.4.a.1,Near Vision,LV,3.12,8,0.125,2.88,3.37,N,N,07/2017,Analyst
51-9192.00,1.A.4.a.2,Far Vision,IM,2.75,8,0.1637,2.4292,3.0708,N,,07/2017,Analyst
51-9192.00,1.A.4.a.2,Far Vision,LV,2.38,8,0.183,2.0164,2.7336,N,N,07/2017,Analyst
51-9192.00,1.A.4.a.3,Visual Color Discrimination,IM,2.38,8,0.183,2.0164,2.7336,N,,07/2017,Analyst
51-9192.00,1.A.4.a.3,Visual Color Discrimination,LV,2.12,8,0.2266,1.6809,2.5691,N,N,07/2017,Analyst
51-9192.00,1.A.4.a.4,Night Vision,IM,1.5,8,0.189,1.1296,1.8704,N,,07/2017,Analyst
51-9192.00,1.A.4.a.4,Night Vision,LV,0.88,8,0.3504,0.1883,1.5617,N,N,07/2017,Analyst
51-9192.00,1.A.4.a.5,Peripheral Vision,IM,1.5,8,0.189,1.1296,1.8704,N,,07/2017,Analyst
51-9192.00,1.A.4.a.5,Peripheral Vision,LV,0.75,8,0.3134,0.1358,1.3642,N,N,07/2017,Analyst
51-9192.00,1.A.4.a.6,Depth Perception,IM,2.62,8,0.183,2.2664,2.9836,N,,07/2017,Analyst
51-9192.00,1.A.4.a.6,Depth Perception,LV,2.12,8,0.125,1.88,2.37,N,N,07/2017,Analyst
51-9192.00,1.A.4.a.7,Glare Sensitivity,IM,1.88,8,0.125,1.63,2.12,N,,07/2017,Analyst
51-9192.00,1.A.4.a.7,Glare Sensitivity,LV,1.62,8,0.2631,1.1094,2.1406,N,N,07/2017,Analyst
51-9192.00,1.A.4.b.1,Hearing Sensitivity,IM,2.25,8,0.1637,1.9292,2.5708,N,,07/2017,Analyst
51-9192.00,1.A.4.b.1,Hearing Sensitivity,LV,2.25,8,0.1637,1.9292,2.5708,N,N,07/2017,Analyst
51-9192.00,1.A.4.b.2,Auditory Attention,IM,2.88,8,0.125,2.63,3.12,N,,07/2017,Analyst
51-9192.00,1.A.4.b.2,Auditory Attention,LV,2.88,8,0.125,2.63,3.12,N,N,07/2017,Analyst
51-9192.00,1.A.4.b.3,Sound Localization,IM,1.5,8,0.189,1.1296,1.8704,N,,07/2017,Analyst
51-9192.00,1.A.4.b.3,Sound Localization,LV,0.75,8,0.3134,0.1358,1.3642,N,N,07/2017,Analyst
51-9192.00,1.A.4.b.4,Speech Recognition,IM,2.88,8,0.125,2.63,3.12,N,,07/2017,Analyst
51-9192.00,1.A.4.b.4,Speech Recognition,LV,2.25,8,0.1637,1.9292,2.5708,N,N,07/2017,Analyst
51-9192.00,1.A.4.b.5,Speech Clarity,IM,2.75,8,0.1637,2.4292,3.0708,N,,07/2017,Analyst
51-9192.00,1.A.4.b.5,Speech Clarity,LV,2.5,8,0.189,2.1296,2.8704,N,N,07/2017,Analyst
51-9193.00,1.A.1.a.1,Oral Comprehension,IM,3.0,8,0.0,3.0,3.0,N,,07/2017,Analyst
51-9193.00,1.A.1.a.1,Oral Comprehension,LV,3.0,8,0.0,3.0,3.0,N,N,07/2017,Analyst
51-9193.00,1.A.1.a.2,Written Comprehension,IM,3.0,8,0.0,3.0,3.0,N,,07/2017,Analyst
51-9193.00,1.A.1.a.2,Written Comprehension,LV,3.0,8,0.0,3.0,3.0,N,N,07/2017,Analyst
51-9193.00,1.A.1.a.3,Oral Expression,IM,3.12,8,0.125,2.88,3.37,N,,07/2017,Analyst
51-9193.00,1.A.1.a.3,Oral Expression,LV,3.0,8,0.0,3.0,3.0,N,N,07/2017,Analyst
51-9193.00,1.A.1.a.4,Written Expression,IM,3.0,8,0.189,2.6296,3.3704,N,,07/2017,Analyst
51-9193.00,1.A.1.a.4,Written Expression,LV,2.75,8,0.1637,2.4292,3.0708,N,N,07/2017,Analyst
51-9193.00,1.A.1.b.1,Fluency of Ideas,IM,2.88,8,0.125,2.63,3.12,N,,07/2017,Analyst
51-9193.00,1.A.1.b.1,Fluency of Ideas,LV,2.38,8,0.183,2.0164,2.7336,N,N,07/2017,Analyst
51-9193.00,1.A.1.b.2,Originality,IM,2.38,8,0.183,2.0164,2.7336,N,,07/2017,Analyst
51-9193.00,1.A.1.b.2,Originality,LV,2.38,8,0.183,2.0164,2.7336,N,N,07/2017,Analyst
51-9193.00,1.A.1.b.3,Problem Sensitivity,IM,3.62,8,0.183,3.2664,3.9836,N,,07/2017,Analyst
51-9193.00,1.A.1.b.3,Problem Sensitivity,LV,3.12,8,0.125,2.88,3.37,N,N,07/2017,Analyst
51-9193.00,1.A.1.b.4,Deductive Reasoning,IM,3.5,8,0.189,3.1296,3.8704,N,,07/2017,Analyst
51-9193.00,1.A.1.b.4,Deductive Reasoning,LV,3.0,8,0.0,3.0,3.0,N,N,07/2017,Analyst
51-9193.00,1.A.1.b.5,Inductive Reasoning,IM,3.0,8,0.0,3.0,3.0,N,,07/2017,Analyst
51-9193.00,1.A.1.b.5,Inductive Reasoning,LV,3.0,8,0.0,3.0,3.0,N,N,07/2017,Analyst
51-9193.00,1.A.1.b.6,Information Ordering,IM,3.0,8,0.0,3.0,3.0,N,,07/2017,Analyst
51-9193.00,1.A.1.b.6,Information Ordering,LV,3.0,8,0.0,3.0,3.0,N,N,07/2017,Analyst
51-9193.00,1.A.1.b.7,Category Flexibility,IM,3.0,8,0.0,3.0,3.0,N,,07/2017,Analyst
51-9193.00,1.A.1.b.7,Category Flexibility,LV,2.88,8,0.125,2.63,3.12,N,N,07/2017,Analyst
51-9193.00,1.A.1.c.1,Mathematical Reasoning,IM,2.38,8,0.183,2.0164,2.7336,N,,07/2017,Analyst
51-9193.00,1.A.1.c.1,Mathematical Reasoning,LV,2.38,8,0.183,2.0164,2.7336,N,N,07/2017,Analyst
51-9193.00,1.A.1.c.2,Number Facility,IM,2.75,8,0.1637,2.4292,3.0708,N,,07/2017,Analyst
51-9193.00,1.A.1.c.2,Number Facility,LV,2.5,8,0.189,2.1296,2.8704,N,N,07/2017,Analyst
51-9193.00,1.A.1.d.1,Memorization,IM,2.12,8,0.125,1.88,2.37,N,,07/2017,Analyst
51-9193.00,1.A.1.d.1,Memorization,LV,2.25,8,0.1637,1.9292,2.5708,N,N,07/2017,Analyst
51-9193.00,1.A.1.e.1,Speed of Closure,IM,2.25,8,0.1637,1.9292,2.5708,N,,07/2017,Analyst
51-9193.00,1.A.1.e.1,Speed of Closure,LV,2.25,8,0.1637,1.9292,2.5708,N,N,07/2017,Analyst
51-9193.00,1.A.1.e.2,Flexibility of Closure,IM,2.75,8,0.1637,2.4292,3.0708,N,,07/2017,Analyst
51-9193.00,1.A.1.e.2,Flexibility of Closure,LV,2.75,8,0.25,2.26,3.24,N,N,07/2017,Analyst
51-9193.00,1.A.1.e.3,Perceptual Speed,IM,3.25,8,0.1637,2.9292,3.5708,N,,07/2017,Analyst
51-9193.00,1.A.1.e.3,Perceptual Speed,LV,3.5,8,0.189,3.1296,3.8704,N,N,07/2017,Analyst
51-9193.00,1.A.1.f.1,Spatial Orientation,IM,1.88,8,0.125,1.63,2.12,N,,07/2017,Analyst
51-9193.00,1.A.1.f.1,Spatial Orientation,LV,1.5,8,0.2673,0.9762,2.0238,N,N,07/2017,Analyst
51-9193.00,1.A.1.f.2,Visualization,IM,2.75,8,0.25,2.26,3.24,N,,07/2017,Analyst
51-9193.00,1.A.1.f.2,Visualization,LV,3.12,8,0.125,2.88,3.37,N,N,07/2017,Analyst
51-9193.00,1.A.1.g.1,Selective Attention,IM,2.88,8,0.2266,2.4309,3.3191,N,,07/2017,Analyst
51-9193.00,1.A.1.g.1,Selective Attention,LV,3.25,8,0.1637,2.9292,3.5708,N,N,07/2017,Analyst
51-9193.00,1.A.1.g.2,Time Sharing,IM,2.38,8,0.2631,1.8594,2.8906,N,,07/2017,Analyst
51-9193.00,1.A.1.g.2,Time Sharing,LV,2.25,8,0.1637,1.9292,2.5708,N,N,07/2017,Analyst
51-9193.00,1.A.2.a.1,Arm-Hand Steadiness,IM,3.25,8,0.1637,2.9292,3.5708,N,,07/2017,Analyst
51-9193.00,1.A.2.a.1,Arm-Hand Steadiness,LV,3.0,8,0.189,2.6296,3.3704,N,N,07/2017,Analyst
51-9193.00,1.A.2.a.2,Manual Dexterity,IM,3.12,8,0.125,2.88,3.37,N,,07/2017,Analyst
51-9193.00,1.A.2.a.2,Manual Dexterity,LV,3.12,8,0.125,2.88,3.37,N,N,07/2017,Analyst
51-9193.00,1.A.2.a.3,Finger Dexterity,IM,3.12,8,0.125,2.88,3.37,N,,07/2017,Analyst
51-9193.00,1.A.2.a.3,Finger Dexterity,LV,3.12,8,0.125,2.88,3.37,N,N,07/2017,Analyst
51-9193.00,1.A.2.b.1,Control Precision,IM,3.12,8,0.125,2.88,3.37,N,,07/2017,Analyst
51-9193.00,1.A.2.b.1,Control Precision,LV,3.12,8,0.125,2.88,3.37,N,N,07/2017,Analyst
51-9193.00,1.A.2.b.2,Multilimb Coordination,IM,3.0,8,0.0,3.0,3.0,N,,07/2017,Analyst
51-9193.00,1.A.2.b.2,Multilimb Coordination,LV,3.0,8,0.0,3.0,3.0,N,N,07/2017,Analyst
51-9193.00,1.A.2.b.3,Response Orientation,IM,2.25,8,0.1637,1.9292,2.5708,N,,07/2017,Analyst
51-9193.00,1.A.2.b.3,Response Orientation,LV,2.12,8,0.2266,1.6809,2.5691,N,N,07/2017,Analyst
51-9193.00,1.A.2.b.4,Rate Control,IM,3.0,8,0.189,2.6296,3.3704,N,,07/2017,Analyst
51-9193.00,1.A.2.b.4,Rate Control,LV,2.88,8,0.2266,2.4309,3.3191,N,N,07/2017,Analyst
51-9193.00,1.A.2.c.1,Reaction Time,IM,3.12,8,0.125,2.88,3.37,N,,07/2017,Analyst
51-9193.00,1.A.2.c.1,Reaction Time,LV,3.12,8,0.125,2.88,3.37,N,N,07/2017,Analyst
51-9193.00,1.A.2.c.2,Wrist-Finger Speed,IM,2.62,8,0.183,2.2664,2.9836,N,,07/2017,Analyst
51-9193.00,1.A.2.c.2,Wrist-Finger Speed,LV,2.25,8,0.1637,1.9292,2.5708,N,N,07/2017,Analyst
51-9193.00,1.A.2.c.3,Speed of Limb Movement,IM,2.25,8,0.25,1.76,2.74,N,,07/2017,Analyst
51-9193.00,1.A.2.c.3,Speed of Limb Movement,LV,1.62,8,0.3239,0.9902,2.2598,N,N,07/2017,Analyst
51-9193.00,1.A.3.a.1,Static Strength,IM,3.12,8,0.125,2.88,3.37,N,,07/2017,Analyst
51-9193.00,1.A.3.a.1,Static Strength,LV,3.12,8,0.125,2.88,3.37,N,N,07/2017,Analyst
51-9193.00,1.A.3.a.2,Explosive Strength,IM,1.62,8,0.2631,1.1094,2.1406,N,,07/2017,Analyst
51-9193.00,1.A.3.a.2,Explosive Strength,LV,0.88,8,0.3981,0.0947,1.6553,N,N,07/2017,Analyst
51-9193.00,1.A.3.a.3,Dynamic Strength,IM,2.25,8,0.25,1.76,2.74,N,,07/2017,Analyst
51-9193.00,1.A.3.a.3,Dynamic Strength,LV,2.25,8,0.25,1.76,2.74,N,N,07/2017,Analyst
51-9193.00,1.A.3.a.4,Trunk Strength,IM,3.12,8,0.125,2.88,3.37,N,,07/2017,Analyst
51-9193.00,1.A.3.a.4,Trunk Strength,LV,3.12,8,0.125,2.88,3.37,N,N,07/2017,Analyst
51-9193.00,1.A.3.b.1,Stamina,IM,2.88,8,0.2266,2.4309,3.3191,N,,07/2017,Analyst
51-9193.00,1.A.3.b.1,Stamina,LV,2.38,8,0.2631,1.8594,2.8906,N,N,07/2017,Analyst
51-9193.00,1.A.3.c.1,Extent Flexibility,IM,2.88,8,0.2266,2.4309,3.3191,N,,07/2017,Analyst
51-9193.00,1.A.3.c.1,Extent Flexibility,LV,3.0,8,0.2673,2.4762,3.5238,N,N,07/2017,Analyst
51-9193.00,1.A.3.c.2,Dynamic Flexibility,IM,1.12,8,0.125,1.0,1.37,N,,07/2017,Analyst
51-9193.00,1.A.3.c.2,Dynamic Flexibility,LV,0.12,8,0.125,0.0,0.37,N,Y,07/2017,Analyst
51-9193.00,1.A.3.c.3,Gross Body Coordination,IM,2.12,8,0.125,1.88,2.37,N,,07/2017,Analyst
51-9193.00,1.A.3.c.3,Gross Body Coordination,LV,2.12,8,0.125,1.88,2.37,N,N,07/2017,Analyst
51-9193.00,1.A.3.c.4,Gross Body Equilibrium,IM,2.25,8,0.1637,1.9292,2.5708,N,,07/2017,Analyst
51-9193.00,1.A.3.c.4,Gross Body Equilibrium,LV,2.25,8,0.1637,1.9292,2.5708,N,N,07/2017,Analyst
51-9193.00,1.A.4.a.1,Near Vision,IM,3.75,8,0.1637,3.4292,4.0708,N,,07/2017,Analyst
51-9193.00,1.A.4.a.1,Near Vision,LV,3.38,8,0.183,3.0164,3.7336,N,N,07/2017,Analyst
51-9193.00,1.A.4.a.2,Far Vision,IM,2.88,8,0.125,2.63,3.12,N,,07/2017,Analyst
51-9193.00,1.A.4.a.2,Far Vision,LV,2.88,8,0.125,2.63,3.12,N,N,07/2017,Analyst
51-9193.00,1.A.4.a.3,Visual Color Discrimination,IM,2.88,8,0.125,2.63,3.12,N,,07/2017,Analyst
51-9193.00,1.A.4.a.3,Visual Color Discrimination,LV,3.0,8,0.0,3.0,3.0,N,N,07/2017,Analyst
51-9193.00,1.A.4.a.4,Night Vision,IM,1.75,8,0.1637,1.4292,2.0708,N,,07/2017,Analyst
51-9193.00,1.A.4.a.4,Night Vision,LV,1.25,8,0.3134,0.6358,1.8642,N,N,07/2017,Analyst
51-9193.00,1.A.4.a.5,Peripheral Vision,IM,1.88,8,0.125,1.63,2.12,N,,07/2017,Analyst
51-9193.00,1.A.4.a.5,Peripheral Vision,LV,0.88,8,0.125,0.63,1.12,N,N,07/2017,Analyst
51-9193.00,1.A.4.a.6,Depth Perception,IM,2.62,8,0.183,2.2664,2.9836,N,,07/2017,Analyst
51-9193.00,1.A.4.a.6,Depth Perception,LV,2.75,8,0.1637,2.4292,3.0708,N,N,07/2017,Analyst
51-9193.00,1.A.4.a.7,Glare Sensitivity,IM,2.0,8,0.189,1.6296,2.3704,N,,07/2017,Analyst
51-9193.00,1.A.4.a.7,Glare Sensitivity,LV,1.88,8,0.295,1.2967,2.4533,N,N,07/2017,Analyst
51-9193.00,1.A.4.b.1,Hearing Sensitivity,IM,2.25,8,0.1637,1.9292,2.5708,N,,07/2017,Analyst
51-9193.00,1.A.4.b.1,Hearing Sensitivity,LV,2.12,8,0.125,1.88,2.37,N,N,07/2017,Analyst
51-9193.00,1.A.4.b.2,Auditory Attention,IM,2.75,8,0.25,2.26,3.24,N,,07/2017,Analyst
51-9193.00,1.A.4.b.2,Auditory Attention,LV,3.0,8,0.189,2.6296,3.3704,N,N,07/2017,Analyst
51-9193.00,1.A.4.b.3,Sound Localization,IM,1.75,8,0.1637,1.4292,2.0708,N,,07/2017,Analyst
51-9193.00,1.A.4.b.3,Sound Localization,LV,1.38,8,0.3239,0.7402,2.0098,N,N,07/2017,Analyst
51-9193.00,1.A.4.b.4,Speech Recognition,IM,3.0,8,0.0,3.0,3.0,N,,07/2017,Analyst
51-9193.00,1.A.4.b.4,Speech Recognition,LV,2.75,8,0.1637,2.4292,3.0708,N,N,07/2017,Analyst
51-9193.00,1.A.4.b.5,Speech Clarity,IM,3.0,8,0.0,3.0,3.0,N,,07/2017,Analyst
51-9193.00,1.A.4.b.5,Speech Clarity,LV,2.75,8,0.1637,2.4292,3.0708,N,N,07/2017,Analyst
51-9194.00,1.A.1.a.1,Oral Comprehension,IM,3.38,8,0.183,3.0164,3.7336,N,,07/2017,Analyst
51-9194.00,1.A.1.a.1,Oral Comprehension,LV,3.25,8,0.1637,2.9292,3.5708,N,N,07/2017,Analyst
51-9194.00,1.A.1.a.2,Written Comprehension,IM,3.0,8,0.0,3.0,3.0,N,,07/2017,Analyst
51-9194.00,1.A.1.a.2,Written Comprehension,LV,3.0,8,0.0,3.0,3.0,N,N,07/2017,Analyst
51-9194.00,1.A.1.a.3,Oral Expression,IM,3.25,8,0.1637,2.9292,3.5708,N,,07/2017,Analyst
51-9194.00,1.A.1.a.3,Oral Expression,LV,3.38,8,0.183,3.0164,3.7336,N,N,07/2017,Analyst
51-9194.00,1.A.1.a.4,Written Expression,IM,2.62,8,0.183,2.2664,2.9836,N,,07/2017,Analyst
51-9194.00,1.A.1.a.4,Written Expression,LV,2.88,8,0.125,2.63,3.12,N,N,07/2017,Analyst
51-9194.00,1.A.1.b.1,Fluency of Ideas,IM,3.0,8,0.0,3.0,3.0,N,,07/2017,Analyst
51-9194.00,1.A.1.b.1,Fluency of Ideas,LV,2.62,8,0.183,2.2664,2.9836,N,N,07/2017,Analyst
51-9194.00,1.A.1.b.2,Originality,IM,2.62,8,0.183,2.2664,2.9836,N,,07/2017,Analyst
51-9194.00,1.A.1.b.2,Originality,LV,2.5,8,0.189,2.1296,2.8704,N,N,07/2017,Analyst
51-9194.00,1.A.1.b.3,Problem Sensitivity,IM,3.12,8,0.125,2.88,3.37,N,,07/2017,Analyst
51-9194.00,1.A.1.b.3,Problem Sensitivity,LV,3.0,8,0.0,3.0,3.0,N,N,07/2017,Analyst
51-9194.00,1.A.1.b.4,Deductive Reasoning,IM,3.0,8,0.0,3.0,3.0,N,,07/2017,Analyst
51-9194.00,1.A.1.b.4,Deductive Reasoning,LV,3.0,8,0.0,3.0,3.0,N,N,07/2017,Analyst
51-9194.00,1.A.1.b.5,Inductive Reasoning,IM,3.0,8,0.0,3.0,3.0,N,,07/2017,Analyst
51-9194.00,1.A.1.b.5,Inductive Reasoning,LV,2.88,8,0.125,2.63,3.12,N,N,07/2017,Analyst
51-9194.00,1.A.1.b.6,Information Ordering,IM,3.0,8,0.0,3.0,3.0,N,,07/2017,Analyst
51-9194.00,1.A.1.b.6,Information Ordering,LV,3.12,8,0.125,2.88,3.37,N,N,07/2017,Analyst
51-9194.00,1.A.1.b.7,Category Flexibility,IM,3.0,8,0.0,3.0,3.0,N,,07/2017,Analyst
51-9194.00,1.A.1.b.7,Category Flexibility,LV,3.0,8,0.0,3.0,3.0,N,N,07/2017,Analyst
51-9194.00,1.A.1.c.1,Mathematical Reasoning,IM,2.0,8,0.0,2.0,2.0,N,,07/2017,Analyst
51-9194.00,1.A.1.c.1,Mathematical Reasoning,LV,1.88,8,0.125,1.63,2.12,N,N,07/2017,Analyst
51-9194.00,1.A.1.c.2,Number Facility,IM,2.0,8,0.0,2.0,2.0,N,,07/2017,Analyst
51-9194.00,1.A.1.c.2,Number Facility,LV,2.0,8,0.0,2.0,2.0,N,N,07/2017,Analyst
51-9194.00,1.A.1.d.1,Memorization,IM,2.12,8,0.125,1.88,2.37,N,,07/2017,Analyst
51-9194.00,1.A.1.d.1,Memorization,LV,2.0,8,0.0,2.0,2.0,N,N,07/2017,Analyst
51-9194.00,1.A.1.e.1,Speed of Closure,IM,2.0,8,0.0,2.0,2.0,N,,07/2017,Analyst
51-9194.00,1.A.1.e.1,Speed of Closure,LV,1.88,8,0.125,1.63,2.12,N,N,07/2017,Analyst
51-9194.00,1.A.1.e.2,Flexibility of Closure,IM,2.75,8,0.25,2.26,3.24,N,,07/2017,Analyst
51-9194.00,1.A.1.e.2,Flexibility of Closure,LV,2.62,8,0.2631,2.1094,3.1406,N,N,07/2017,Analyst
51-9194.00,1.A.1.e.3,Perceptual Speed,IM,2.88,8,0.125,2.63,3.12,N,,07/2017,Analyst
51-9194.00,1.A.1.e.3,Perceptual Speed,LV,2.75,8,0.1637,2.4292,3.0708,N,N,07/2017,Analyst
51-9194.00,1.A.1.f.1,Spatial Orientation,IM,1.62,8,0.183,1.2664,1.9836,N,,07/2017,Analyst
51-9194.00,1.A.1.f.1,Spatial Orientation,LV,0.88,8,0.295,0.2967,1.4533,N,N,07/2017,Analyst
51-9194.00,1.A.1.f.2,Visualization,IM,3.12,8,0.125,2.88,3.37,N,,07/2017,Analyst
51-9194.00,1.A.1.f.2,Visualization,LV,3.12,8,0.125,2.88,3.37,N,N,07/2017,Analyst
51-9194.00,1.A.1.g.1,Selective Attention,IM,3.25,8,0.1637,2.9292,3.5708,N,,07/2017,Analyst
51-9194.00,1.A.1.g.1,Selective Attention,LV,3.0,8,0.189,2.6296,3.3704,N,N,07/2017,Analyst
51-9194.00,1.A.1.g.2,Time Sharing,IM,2.12,8,0.125,1.88,2.37,N,,07/2017,Analyst
51-9194.00,1.A.1.g.2,Time Sharing,LV,2.12,8,0.125,1.88,2.37,N,N,07/2017,Analyst
51-9194.00,1.A.2.a.1,Arm-Hand Steadiness,IM,3.75,8,0.1637,3.4292,4.0708,N,,07/2017,Analyst
51-9194.00,1.A.2.a.1,Arm-Hand Steadiness,LV,4.0,8,0.189,3.6296,4.3704,N,N,07/2017,Analyst
51-9194.00,1.A.2.a.2,Manual Dexterity,IM,3.25,8,0.1637,2.9292,3.5708,N,,07/2017,Analyst
51-9194.00,1.A.2.a.2,Manual Dexterity,LV,3.38,8,0.183,3.0164,3.7336,N,N,07/2017,Analyst
51-9194.00,1.A.2.a.3,Finger Dexterity,IM,3.25,8,0.1637,2.9292,3.5708,N,,07/2017,Analyst
51-9194.00,1.A.2.a.3,Finger Dexterity,LV,3.62,8,0.183,3.2664,3.9836,N,N,07/2017,Analyst
51-9194.00,1.A.2.b.1,Control Precision,IM,3.75,8,0.1637,3.4292,4.0708,N,,07/2017,Analyst
51-9194.00,1.A.2.b.1,Control Precision,LV,3.75,8,0.1637,3.4292,4.0708,N,N,07/2017,Analyst
51-9194.00,1.A.2.b.2,Multilimb Coordination,IM,2.88,8,0.125,2.63,3.12,N,,07/2017,Analyst
51-9194.00,1.A.2.b.2,Multilimb Coordination,LV,2.88,8,0.125,2.63,3.12,N,N,07/2017,Analyst
51-9194.00,1.A.2.b.3,Response Orientation,IM,2.12,8,0.125,1.88,2.37,N,,07/2017,Analyst
51-9194.00,1.A.2.b.3,Response Orientation,LV,1.75,8,0.1637,1.4292,2.0708,N,N,07/2017,Analyst
51-9194.00,1.A.2.b.4,Rate Control,IM,2.62,8,0.183,2.2664,2.9836,N,,07/2017,Analyst
51-9194.00,1.A.2.b.4,Rate Control,LV,2.25,8,0.1637,1.9292,2.5708,N,N,07/2017,Analyst
51-9194.00,1.A.2.c.1,Reaction Time,IM,2.5,8,0.189,2.1296,2.8704,N,,07/2017,Analyst
51-9194.00,1.A.2.c.1,Reaction Time,LV,2.5,8,0.189,2.1296,2.8704,N,N,07/2017,Analyst
51-9194.00,1.A.2.c.2,Wrist-Finger Speed,IM,2.0,8,0.0,2.0,2.0,N,,07/2017,Analyst
51-9194.00,1.A.2.c.2,Wrist-Finger Speed,LV,1.88,8,0.125,1.63,2.12,N,N,07/2017,Analyst
51-9194.00,1.A.2.c.3,Speed of Limb Movement,IM,1.0,8,0.0,1.0,1.0,N,,07/2017,Analyst
51-9194.00,1.A.2.c.3,Speed of Limb Movement,LV,0.0,8,0.0,0.0,0.0,N,Y,07/2017,Analyst
51-9194.00,1.A.3.a.1,Static Strength,IM,2.25,8,0.1637,1.9292,2.5708,N,,07/2017,Analyst
51-9194.00,1.A.3.a.1,Static Strength,LV,2.25,8,0.1637,1.9292,2.5708,N,N,07/2017,Analyst
51-9194.00,1.A.3.a.2,Explosive Strength,IM,1.5,8,0.189,1.1296,1.8704,N,,07/2017,Analyst
51-9194.00,1.A.3.a.2,Explosive Strength,LV,0.88,8,0.3504,0.1883,1.5617,N,N,07/2017,Analyst
51-9194.00,1.A.3.a.3,Dynamic Strength,IM,2.0,8,0.0,2.0,2.0,N,,07/2017,Analyst
51-9194.00,1.A.3.a.3,Dynamic Strength,LV,1.75,8,0.1637,1.4292,2.0708,N,N,07/2017,Analyst
51-9194.00,1.A.3.a.4,Trunk Strength,IM,2.62,8,0.183,2.2664,2.9836,N,,07/2017,Analyst
51-9194.00,1.A.3.a.4,Trunk Strength,LV,2.5,8,0.189,2.1296,2.8704,N,N,07/2017,Analyst
51-9194.00,1.A.3.b.1,Stamina,IM,2.12,8,0.125,1.88,2.37,N,,07/2017,Analyst
51-9194.00,1.A.3.b.1,Stamina,LV,1.38,8,0.183,1.0164,1.7336,N,N,07/2017,Analyst
51-9194.00,1.A.3.c.1,Extent Flexibility,IM,2.25,8,0.1637,1.9292,2.5708,N,,07/2017,Analyst
51-9194.00,1.A.3.c.1,Extent Flexibility,LV,1.62,8,0.2631,1.1094,2.1406,N,N,07/2017,Analyst
51-9194.00,1.A.3.c.2,Dynamic Flexibility,IM,1.0,8,0.0,1.0,1.0,N,,07/2017,Analyst
51-9194.00,1.A.3.c.2,Dynamic Flexibility,LV,0.0,8,0.0,0.0,0.0,N,Y,07/2017,Analyst
51-9194.00,1.A.3.c.3,Gross Body Coordination,IM,2.0,8,0.0,2.0,2.0,N,,07/2017,Analyst
51-9194.00,1.A.3.c.3,Gross Body Coordination,LV,1.38,8,0.183,1.0164,1.7336,N,N,07/2017,Analyst
51-9194.00,1.A.3.c.4,Gross Body Equilibrium,IM,2.12,8,0.125,1.88,2.37,N,,07/2017,Analyst
51-9194.00,1.A.3.c.4,Gross Body Equilibrium,LV,1.25,8,0.1637,0.9292,1.5708,N,N,07/2017,Analyst
51-9194.00,1.A.4.a.1,Near Vision,IM,3.88,8,0.2266,3.4309,4.3191,N,,07/2017,Analyst
51-9194.00,1.A.4.a.1,Near Vision,LV,4.25,8,0.1637,3.9292,4.5708,N,N,07/2017,Analyst
51-9194.00,1.A.4.a.2,Far Vision,IM,2.75,8,0.1637,2.4292,3.0708,N,,07/2017,Analyst
51-9194.00,1.A.4.a.2,Far Vision,LV,2.62,8,0.183,2.2664,2.9836,N,N,07/2017,Analyst
51-9194.00,1.A.4.a.3,Visual Color Discrimination,IM,2.75,8,0.25,2.26,3.24,N,,07/2017,Analyst
51-9194.00,1.A.4.a.3,Visual Color Discrimination,LV,2.62,8,0.2631,2.1094,3.1406,N,N,07/2017,Analyst
51-9194.00,1.A.4.a.4,Night Vision,IM,1.5,8,0.189,1.1296,1.8704,N,,07/2017,Analyst
51-9194.00,1.A.4.a.4,Night Vision,LV,0.75,8,0.3134,0.1358,1.3642,N,N,07/2017,Analyst
51-9194.00,1.A.4.a.5,Peripheral Vision,IM,1.5,8,0.189,1.1296,1.8704,N,,07/2017,Analyst
51-9194.00,1.A.4.a.5,Peripheral Vision,LV,0.62,8,0.2631,0.1094,1.1406,N,N,07/2017,Analyst
51-9194.00,1.A.4.a.6,Depth Perception,IM,2.5,8,0.189,2.1296,2.8704,N,,07/2017,Analyst
51-9194.00,1.A.4.a.6,Depth Perception,LV,2.12,8,0.125,1.88,2.37,N,N,07/2017,Analyst
51-9194.00,1.A.4.a.7,Glare Sensitivity,IM,1.5,8,0.189,1.1296,1.8704,N,,07/2017,Analyst
51-9194.00,1.A.4.a.7,Glare Sensitivity,LV,0.75,8,0.3134,0.1358,1.3642,N,N,07/2017,Analyst
51-9194.00,1.A.4.b.1,Hearing Sensitivity,IM,2.25,8,0.1637,1.9292,2.5708,N,,07/2017,Analyst
51-9194.00,1.A.4.b.1,Hearing Sensitivity,LV,2.0,8,0.0,2.0,2.0,N,N,07/2017,Analyst
51-9194.00,1.A.4.b.2,Auditory Attention,IM,2.0,8,0.0,2.0,2.0,N,,07/2017,Analyst
51-9194.00,1.A.4.b.2,Auditory Attention,LV,1.62,8,0.183,1.2664,1.9836,N,N,07/2017,Analyst
51-9194.00,1.A.4.b.3,Sound Localization,IM,1.5,8,0.189,1.1296,1.8704,N,,07/2017,Analyst
51-9194.00,1.A.4.b.3,Sound Localization,LV,0.62,8,0.2631,0.1094,1.1406,N,N,07/2017,Analyst
51-9194.00,1.A.4.b.4,Speech Recognition,IM,3.12,8,0.125,2.88,3.37,N,,07/2017,Analyst
51-9194.00,1.A.4.b.4,Speech Recognition,LV,3.0,8,0.0,3.0,3.0,N,N,07/2017,Analyst
51-9194.00,1.A.4.b.5,Speech Clarity,IM,3.12,8,0.125,2.88,3.37,N,,07/2017,Analyst
51-9194.00,1.A.4.b.5,Speech Clarity,LV,3.0,8,0.0,3.0,3.0,N,N,07/2017,Analyst
51-9195.00,1.A.1.a.1,Oral Comprehension,IM,3.12,8,0.2266,2.6809,3.5691,N,,08/2024,Analyst
51-9195.00,1.A.1.a.1,Oral Comprehension,LV,3.25,8,0.1637,2.9292,3.5708,N,N,08/2024,Analyst
51-9195.00,1.A.1.a.2,Written Comprehension,IM,2.88,8,0.125,2.63,3.12,N,,08/2024,Analyst
51-9195.00,1.A.1.a.2,Written Comprehension,LV,3.0,8,0.0,3.0,3.0,N,N,08/2024,Analyst
51-9195.00,1.A.1.a.3,Oral Expression,IM,2.88,8,0.125,2.63,3.12,N,,08/2024,Analyst
51-9195.00,1.A.1.a.3,Oral Expression,LV,3.0,8,0.189,2.6296,3.3704,N,N,08/2024,Analyst
51-9195.00,1.A.1.a.4,Written Expression,IM,2.62,8,0.183,2.2664,2.9836,N,,08/2024,Analyst
51-9195.00,1.A.1.a.4,Written Expression,LV,2.62,8,0.2631,2.1094,3.1406,N,N,08/2024,Analyst
51-9195.00,1.A.1.b.1,Fluency of Ideas,IM,2.5,8,0.189,2.1296,2.8704,N,,08/2024,Analyst
51-9195.00,1.A.1.b.1,Fluency of Ideas,LV,2.12,8,0.2266,1.6809,2.5691,N,N,08/2024,Analyst
51-9195.00,1.A.1.b.2,Originality,IM,2.38,8,0.183,2.0164,2.7336,N,,08/2024,Analyst
51-9195.00,1.A.1.b.2,Originality,LV,2.0,8,0.189,1.6296,2.3704,N,N,08/2024,Analyst
51-9195.00,1.A.1.b.3,Problem Sensitivity,IM,2.88,8,0.125,2.63,3.12,N,,08/2024,Analyst
51-9195.00,1.A.1.b.3,Problem Sensitivity,LV,2.62,8,0.2631,2.1094,3.1406,N,N,08/2024,Analyst
51-9195.00,1.A.1.b.4,Deductive Reasoning,IM,3.0,8,0.189,2.6296,3.3704,N,,08/2024,Analyst
51-9195.00,1.A.1.b.4,Deductive Reasoning,LV,2.62,8,0.2631,2.1094,3.1406,N,N,08/2024,Analyst
51-9195.00,1.A.1.b.5,Inductive Reasoning,IM,3.0,8,0.189,2.6296,3.3704,N,,08/2024,Analyst
51-9195.00,1.A.1.b.5,Inductive Reasoning,LV,2.75,8,0.25,2.26,3.24,N,N,08/2024,Analyst
51-9195.00,1.A.1.b.6,Information Ordering,IM,3.0,8,0.0,3.0,3.0,N,,08/2024,Analyst
51-9195.00,1.A.1.b.6,Information Ordering,LV,3.38,8,0.183,3.0164,3.7336,N,N,08/2024,Analyst
51-9195.00,1.A.1.b.7,Category Flexibility,IM,2.88,8,0.125,2.63,3.12,N,,08/2024,Analyst
51-9195.00,1.A.1.b.7,Category Flexibility,LV,2.75,8,0.3134,2.1358,3.3642,N,N,08/2024,Analyst
51-9195.00,1.A.1.c.1,Mathematical Reasoning,IM,1.88,8,0.125,1.63,2.12,N,,08/2024,Analyst
51-9195.00,1.A.1.c.1,Mathematical Reasoning,LV,1.5,8,0.2673,0.9762,2.0238,N,N,08/2024,Analyst
51-9195.00,1.A.1.c.2,Number Facility,IM,2.12,8,0.125,1.88,2.37,N,,08/2024,Analyst
51-9195.00,1.A.1.c.2,Number Facility,LV,1.75,8,0.1637,1.4292,2.0708,N,N,08/2024,Analyst
51-9195.00,1.A.1.d.1,Memorization,IM,2.0,8,0.0,2.0,2.0,N,,08/2024,Analyst
51-9195.00,1.A.1.d.1,Memorization,LV,2.0,8,0.189,1.6296,2.3704,N,N,08/2024,Analyst
51-9195.00,1.A.1.e.1,Speed of Closure,IM,2.12,8,0.2266,1.6809,2.5691,N,,08/2024,Analyst
51-9195.00,1.A.1.e.1,Speed of Closure,LV,1.88,8,0.3981,1.0947,2.6553,N,N,08/2024,Analyst
51-9195.00,1.A.1.e.2,Flexibility of Closure,IM,2.62,8,0.183,2.2664,2.9836,N,,08/2024,Analyst
51-9195.00,1.A.1.e.2,Flexibility of Closure,LV,2.75,8,0.3134,2.1358,3.3642,N,N,08/2024,Analyst
51-9195.00,1.A.1.e.3,Perceptual Speed,IM,2.75,8,0.1637,2.4292,3.0708,N,,08/2024,Analyst
51-9195.00,1.A.1.e.3,Perceptual Speed,LV,2.88,8,0.2266,2.4309,3.3191,N,N,08/2024,Analyst
51-9195.00,1.A.1.f.1,Spatial Orientation,IM,2.12,8,0.2266,1.6809,2.5691,N,,08/2024,Analyst
51-9195.00,1.A.1.f.1,Spatial Orientation,LV,1.5,8,0.2673,0.9762,2.0238,N,N,08/2024,Analyst
51-9195.00,1.A.1.f.2,Visualization,IM,2.88,8,0.295,2.2967,3.4533,N,,08/2024,Analyst
51-9195.00,1.A.1.f.2,Visualization,LV,3.12,8,0.2266,2.6809,3.5691,N,N,08/2024,Analyst
51-9195.00,1.A.1.g.1,Selective Attention,IM,3.12,8,0.2266,2.6809,3.5691,N,,08/2024,Analyst
51-9195.00,1.A.1.g.1,Selective Attention,LV,2.75,8,0.1637,2.4292,3.0708,N,N,08/2024,Analyst
51-9195.00,1.A.1.g.2,Time Sharing,IM,2.62,8,0.2631,2.1094,3.1406,N,,08/2024,Analyst
51-9195.00,1.A.1.g.2,Time Sharing,LV,2.5,8,0.189,2.1296,2.8704,N,N,08/2024,Analyst
51-9195.00,1.A.2.a.1,Arm-Hand Steadiness,IM,3.5,8,0.189,3.1296,3.8704,N,,08/2024,Analyst
51-9195.00,1.A.2.a.1,Arm-Hand Steadiness,LV,3.0,8,0.189,2.6296,3.3704,N,N,08/2024,Analyst
51-9195.00,1.A.2.a.2,Manual Dexterity,IM,3.38,8,0.183,3.0164,3.7336,N,,08/2024,Analyst
51-9195.00,1.A.2.a.2,Manual Dexterity,LV,2.88,8,0.2266,2.4309,3.3191,N,N,08/2024,Analyst
51-9195.00,1.A.2.a.3,Finger Dexterity,IM,3.38,8,0.183,3.0164,3.7336,N,,08/2024,Analyst
51-9195.00,1.A.2.a.3,Finger Dexterity,LV,3.12,8,0.2266,2.6809,3.5691,N,N,08/2024,Analyst
51-9195.00,1.A.2.b.1,Control Precision,IM,3.25,8,0.1637,2.9292,3.5708,N,,08/2024,Analyst
51-9195.00,1.A.2.b.1,Control Precision,LV,3.12,8,0.295,2.5467,3.7033,N,N,08/2024,Analyst
51-9195.00,1.A.2.b.2,Multilimb Coordination,IM,3.12,8,0.125,2.88,3.37,N,,08/2024,Analyst
51-9195.00,1.A.2.b.2,Multilimb Coordination,LV,3.0,8,0.2673,2.4762,3.5238,N,N,08/2024,Analyst
51-9195.00,1.A.2.b.3,Response Orientation,IM,2.5,8,0.189,2.1296,2.8704,N,,08/2024,Analyst
51-9195.00,1.A.2.b.3,Response Orientation,LV,2.0,8,0.2673,1.4762,2.5238,N,N,08/2024,Analyst
51-9195.00,1.A.2.b.4,Rate Control,IM,2.88,8,0.2266,2.4309,3.3191,N,,08/2024,Analyst
51-9195.00,1.A.2.b.4,Rate Control,LV,2.62,8,0.3239,1.9902,3.2598,N,N,08/2024,Analyst
51-9195.00,1.A.2.c.1,Reaction Time,IM,2.88,8,0.2266,2.4309,3.3191,N,,08/2024,Analyst
51-9195.00,1.A.2.c.1,Reaction Time,LV,2.75,8,0.3134,2.1358,3.3642,N,N,08/2024,Analyst
51-9195.00,1.A.2.c.2,Wrist-Finger Speed,IM,2.38,8,0.183,2.0164,2.7336,N,,08/2024,Analyst
51-9195.00,1.A.2.c.2,Wrist-Finger Speed,LV,2.12,8,0.2266,1.6809,2.5691,N,N,08/2024,Analyst
51-9195.00,1.A.2.c.3,Speed of Limb Movement,IM,1.62,8,0.2631,1.1094,2.1406,N,,08/2024,Analyst
51-9195.00,1.A.2.c.3,Speed of Limb Movement,LV,0.88,8,0.3504,0.1883,1.5617,N,N,08/2024,Analyst
51-9195.00,1.A.3.a.1,Static Strength,IM,2.75,8,0.25,2.26,3.24,N,,08/2024,Analyst
51-9195.00,1.A.3.a.1,Static Strength,LV,2.75,8,0.25,2.26,3.24,N,N,08/2024,Analyst
51-9195.00,1.A.3.a.2,Explosive Strength,IM,2.38,8,0.3239,1.7402,3.0098,N,,08/2024,Analyst
51-9195.00,1.A.3.a.2,Explosive Strength,LV,2.0,8,0.3273,1.3584,2.6416,N,N,08/2024,Analyst
51-9195.00,1.A.3.a.3,Dynamic Strength,IM,2.38,8,0.183,2.0164,2.7336,N,,08/2024,Analyst
51-9195.00,1.A.3.a.3,Dynamic Strength,LV,2.25,8,0.1637,1.9292,2.5708,N,N,08/2024,Analyst
51-9195.00,1.A.3.a.4,Trunk Strength,IM,2.88,8,0.125,2.63,3.12,N,,08/2024,Analyst
51-9195.00,1.A.3.a.4,Trunk Strength,LV,3.12,8,0.2266,2.6809,3.5691,N,N,08/2024,Analyst
51-9195.00,1.A.3.b.1,Stamina,IM,2.62,8,0.2631,2.1094,3.1406,N,,08/2024,Analyst
51-9195.00,1.A.3.b.1,Stamina,LV,2.25,8,0.3134,1.6358,2.8642,N,N,08/2024,Analyst
51-9195.00,1.A.3.c.1,Extent Flexibility,IM,3.0,8,0.189,2.6296,3.3704,N,,08/2024,Analyst
51-9195.00,1.A.3.c.1,Extent Flexibility,LV,2.75,8,0.3134,2.1358,3.3642,N,N,08/2024,Analyst
51-9195.00,1.A.3.c.2,Dynamic Flexibility,IM,1.25,8,0.1637,1.0,1.5708,N,,08/2024,Analyst
51-9195.00,1.A.3.c.2,Dynamic Flexibility,LV,0.38,8,0.2631,0.0,0.8906,N,Y,08/2024,Analyst
51-9195.00,1.A.3.c.3,Gross Body Coordination,IM,2.12,8,0.125,1.88,2.37,N,,08/2024,Analyst
51-9195.00,1.A.3.c.3,Gross Body Coordination,LV,2.25,8,0.25,1.76,2.74,N,N,08/2024,Analyst
51-9195.00,1.A.3.c.4,Gross Body Equilibrium,IM,2.25,8,0.25,1.76,2.74,N,,08/2024,Analyst
51-9195.00,1.A.3.c.4,Gross Body Equilibrium,LV,2.12,8,0.295,1.5467,2.7033,N,N,08/2024,Analyst
51-9195.00,1.A.4.a.1,Near Vision,IM,3.25,8,0.1637,2.9292,3.5708,N,,08/2024,Analyst
51-9195.00,1.A.4.a.1,Near Vision,LV,3.5,8,0.189,3.1296,3.8704,N,N,08/2024,Analyst
51-9195.00,1.A.4.a.2,Far Vision,IM,2.88,8,0.125,2.63,3.12,N,,08/2024,Analyst
51-9195.00,1.A.4.a.2,Far Vision,LV,3.0,8,0.0,3.0,3.0,N,N,08/2024,Analyst
51-9195.00,1.A.4.a.3,Visual Color Discrimination,IM,2.75,8,0.1637,2.4292,3.0708,N,,08/2024,Analyst
51-9195.00,1.A.4.a.3,Visual Color Discrimination,LV,2.75,8,0.1637,2.4292,3.0708,N,N,08/2024,Analyst
51-9195.00,1.A.4.a.4,Night Vision,IM,1.88,8,0.2266,1.4309,2.3191,N,,08/2024,Analyst
51-9195.00,1.A.4.a.4,Night Vision,LV,1.25,8,0.366,0.5327,1.9673,N,N,08/2024,Analyst
51-9195.00,1.A.4.a.5,Peripheral Vision,IM,1.88,8,0.125,1.63,2.12,N,,08/2024,Analyst
51-9195.00,1.A.4.a.5,Peripheral Vision,LV,1.25,8,0.25,0.76,1.74,N,N,08/2024,Analyst
51-9195.00,1.A.4.a.6,Depth Perception,IM,2.25,8,0.25,1.76,2.74,N,,08/2024,Analyst
51-9195.00,1.A.4.a.6,Depth Perception,LV,1.75,8,0.366,1.0327,2.4673,N,N,08/2024,Analyst
51-9195.00,1.A.4.a.7,Glare Sensitivity,IM,2.0,8,0.189,1.6296,2.3704,N,,08/2024,Analyst
51-9195.00,1.A.4.a.7,Glare Sensitivity,LV,1.75,8,0.3134,1.1358,2.3642,N,N,08/2024,Analyst
51-9195.00,1.A.4.b.1,Hearing Sensitivity,IM,2.25,8,0.25,1.76,2.74,N,,08/2024,Analyst
51-9195.00,1.A.4.b.1,Hearing Sensitivity,LV,2.25,8,0.366,1.5327,2.9673,N,N,08/2024,Analyst
51-9195.00,1.A.4.b.2,Auditory Attention,IM,2.5,8,0.2673,1.9762,3.0238,N,,08/2024,Analyst
51-9195.00,1.A.4.b.2,Auditory Attention,LV,2.25,8,0.4119,1.4427,3.0573,N,N,08/2024,Analyst
51-9195.00,1.A.4.b.3,Sound Localization,IM,1.75,8,0.1637,1.4292,2.0708,N,,08/2024,Analyst
51-9195.00,1.A.4.b.3,Sound Localization,LV,1.25,8,0.3134,0.6358,1.8642,N,N,08/2024,Analyst
51-9195.00,1.A.4.b.4,Speech Recognition,IM,2.88,8,0.125,2.63,3.12,N,,08/2024,Analyst
51-9195.00,1.A.4.b.4,Speech Recognition,LV,2.75,8,0.1637,2.4292,3.0708,N,N,08/2024,Analyst
51-9195.00,1.A.4.b.5,Speech Clarity,IM,2.88,8,0.125,2.63,3.12,N,,08/2024,Analyst
51-9195.00,1.A.4.b.5,Speech Clarity,LV,2.62,8,0.183,2.2664,2.9836,N,N,08/2024,Analyst
51-9195.03,1.A.1.a.1,Oral Comprehension,IM,3.0,8,0.0,3.0,3.0,N,,07/2015,Analyst
51-9195.03,1.A.1.a.1,Oral Comprehension,LV,2.88,8,0.125,2.63,3.12,N,N,07/2015,Analyst
51-9195.03,1.A.1.a.2,Written Comprehension,IM,2.88,8,0.125,2.63,3.12,N,,07/2015,Analyst
51-9195.03,1.A.1.a.2,Written Comprehension,LV,2.88,8,0.125,2.63,3.12,N,N,07/2015,Analyst
51-9195.03,1.A.1.a.3,Oral Expression,IM,3.0,8,0.0,3.0,3.0,N,,07/2015,Analyst
51-9195.03,1.A.1.a.3,Oral Expression,LV,2.88,8,0.125,2.63,3.12,N,N,07/2015,Analyst
51-9195.03,1.A.1.a.4,Written Expression,IM,2.25,8,0.1637,1.9292,2.5708,N,,07/2015,Analyst
51-9195.03,1.A.1.a.4,Written Expression,LV,1.75,8,0.1637,1.4292,2.0708,N,N,07/2015,Analyst
51-9195.03,1.A.1.b.1,Fluency of Ideas,IM,2.62,8,0.183,2.2664,2.9836,N,,07/2015,Analyst
51-9195.03,1.A.1.b.1,Fluency of Ideas,LV,2.62,8,0.183,2.2664,2.9836,N,N,07/2015,Analyst
51-9195.03,1.A.1.b.2,Originality,IM,2.75,8,0.1637,2.4292,3.0708,N,,07/2015,Analyst
51-9195.03,1.A.1.b.2,Originality,LV,2.75,8,0.1637,2.4292,3.0708,N,N,07/2015,Analyst
51-9195.03,1.A.1.b.3,Problem Sensitivity,IM,3.12,8,0.125,2.88,3.37,N,,07/2015,Analyst
51-9195.03,1.A.1.b.3,Problem Sensitivity,LV,3.0,8,0.0,3.0,3.0,N,N,07/2015,Analyst
51-9195.03,1.A.1.b.4,Deductive Reasoning,IM,3.12,8,0.125,2.88,3.37,N,,07/2015,Analyst
51-9195.03,1.A.1.b.4,Deductive Reasoning,LV,2.75,8,0.1637,2.4292,3.0708,N,N,07/2015,Analyst
51-9195.03,1.A.1.b.5,Inductive Reasoning,IM,3.0,8,0.0,3.0,3.0,N,,07/2015,Analyst
51-9195.03,1.A.1.b.5,Inductive Reasoning,LV,2.75,8,0.1637,2.4292,3.0708,N,N,07/2015,Analyst
51-9195.03,1.A.1.b.6,Information Ordering,IM,3.12,8,0.125,2.88,3.37,N,,07/2015,Analyst
51-9195.03,1.A.1.b.6,Information Ordering,LV,2.88,8,0.125,2.63,3.12,N,N,07/2015,Analyst
51-9195.03,1.A.1.b.7,Category Flexibility,IM,3.12,8,0.125,2.88,3.37,N,,07/2015,Analyst
51-9195.03,1.A.1.b.7,Category Flexibility,LV,3.0,8,0.0,3.0,3.0,N,N,07/2015,Analyst
51-9195.03,1.A.1.c.1,Mathematical Reasoning,IM,2.25,8,0.1637,1.9292,2.5708,N,,07/2015,Analyst
51-9195.03,1.A.1.c.1,Mathematical Reasoning,LV,1.38,8,0.183,1.0164,1.7336,N,N,07/2015,Analyst
51-9195.03,1.A.1.c.2,Number Facility,IM,2.25,8,0.1637,1.9292,2.5708,N,,07/2015,Analyst
51-9195.03,1.A.1.c.2,Number Facility,LV,1.5,8,0.2673,0.9762,2.0238,N,N,07/2015,Analyst
51-9195.03,1.A.1.d.1,Memorization,IM,2.25,8,0.1637,1.9292,2.5708,N,,07/2015,Analyst
51-9195.03,1.A.1.d.1,Memorization,LV,1.38,8,0.183,1.0164,1.7336,N,N,07/2015,Analyst
51-9195.03,1.A.1.e.1,Speed of Closure,IM,1.88,8,0.125,1.63,2.12,N,,07/2015,Analyst
51-9195.03,1.A.1.e.1,Speed of Closure,LV,1.25,8,0.25,0.76,1.74,N,N,07/2015,Analyst
51-9195.03,1.A.1.e.2,Flexibility of Closure,IM,2.62,8,0.183,2.2664,2.9836,N,,07/2015,Analyst
51-9195.03,1.A.1.e.2,Flexibility of Closure,LV,2.62,8,0.183,2.2664,2.9836,N,N,07/2015,Analyst
51-9195.03,1.A.1.e.3,Perceptual Speed,IM,2.75,8,0.25,2.26,3.24,N,,07/2015,Analyst
51-9195.03,1.A.1.e.3,Perceptual Speed,LV,2.38,8,0.183,2.0164,2.7336,N,N,07/2015,Analyst
51-9195.03,1.A.1.f.1,Spatial Orientation,IM,1.75,8,0.1637,1.4292,2.0708,N,,07/2015,Analyst
51-9195.03,1.A.1.f.1,Spatial Orientation,LV,0.88,8,0.2266,0.4309,1.3191,N,N,07/2015,Analyst
51-9195.03,1.A.1.f.2,Visualization,IM,3.25,8,0.25,2.76,3.74,N,,07/2015,Analyst
51-9195.03,1.A.1.f.2,Visualization,LV,3.25,8,0.25,2.76,3.74,N,N,07/2015,Analyst
51-9195.03,1.A.1.g.1,Selective Attention,IM,3.12,8,0.2266,2.6809,3.5691,N,,07/2015,Analyst
51-9195.03,1.A.1.g.1,Selective Attention,LV,3.12,8,0.2266,2.6809,3.5691,N,N,07/2015,Analyst
51-9195.03,1.A.1.g.2,Time Sharing,IM,2.25,8,0.1637,1.9292,2.5708,N,,07/2015,Analyst
51-9195.03,1.A.1.g.2,Time Sharing,LV,1.62,8,0.2631,1.1094,2.1406,N,N,07/2015,Analyst
51-9195.03,1.A.2.a.1,Arm-Hand Steadiness,IM,3.88,8,0.125,3.63,4.12,N,,07/2015,Analyst
51-9195.03,1.A.2.a.1,Arm-Hand Steadiness,LV,4.0,8,0.189,3.6296,4.3704,N,N,07/2015,Analyst
51-9195.03,1.A.2.a.2,Manual Dexterity,IM,3.62,8,0.183,3.2664,3.9836,N,,07/2015,Analyst
51-9195.03,1.A.2.a.2,Manual Dexterity,LV,3.62,8,0.2631,3.1094,4.1406,N,N,07/2015,Analyst
51-9195.03,1.A.2.a.3,Finger Dexterity,IM,3.5,8,0.189,3.1296,3.8704,N,,07/2015,Analyst
51-9195.03,1.A.2.a.3,Finger Dexterity,LV,3.62,8,0.2631,3.1094,4.1406,N,N,07/2015,Analyst
51-9195.03,1.A.2.b.1,Control Precision,IM,3.62,8,0.183,3.2664,3.9836,N,,07/2015,Analyst
51-9195.03,1.A.2.b.1,Control Precision,LV,3.75,8,0.25,3.26,4.24,N,N,07/2015,Analyst
51-9195.03,1.A.2.b.2,Multilimb Coordination,IM,3.25,8,0.1637,2.9292,3.5708,N,,07/2015,Analyst
51-9195.03,1.A.2.b.2,Multilimb Coordination,LV,3.0,8,0.0,3.0,3.0,N,N,07/2015,Analyst
51-9195.03,1.A.2.b.3,Response Orientation,IM,2.12,8,0.125,1.88,2.37,N,,07/2015,Analyst
51-9195.03,1.A.2.b.3,Response Orientation,LV,1.5,8,0.189,1.1296,1.8704,N,N,07/2015,Analyst
51-9195.03,1.A.2.b.4,Rate Control,IM,2.25,8,0.1637,1.9292,2.5708,N,,07/2015,Analyst
51-9195.03,1.A.2.b.4,Rate Control,LV,1.62,8,0.2631,1.1094,2.1406,N,N,07/2015,Analyst
51-9195.03,1.A.2.c.1,Reaction Time,IM,2.62,8,0.183,2.2664,2.9836,N,,07/2015,Analyst
51-9195.03,1.A.2.c.1,Reaction Time,LV,2.5,8,0.189,2.1296,2.8704,N,N,07/2015,Analyst
51-9195.03,1.A.2.c.2,Wrist-Finger Speed,IM,2.12,8,0.125,1.88,2.37,N,,07/2015,Analyst
51-9195.03,1.A.2.c.2,Wrist-Finger Speed,LV,2.12,8,0.125,1.88,2.37,N,N,07/2015,Analyst
51-9195.03,1.A.2.c.3,Speed of Limb Movement,IM,1.75,8,0.1637,1.4292,2.0708,N,,07/2015,Analyst
51-9195.03,1.A.2.c.3,Speed of Limb Movement,LV,0.88,8,0.2266,0.4309,1.3191,N,N,07/2015,Analyst
51-9195.03,1.A.3.a.1,Static Strength,IM,3.12,8,0.125,2.88,3.37,N,,07/2015,Analyst
51-9195.03,1.A.3.a.1,Static Strength,LV,3.25,8,0.1637,2.9292,3.5708,N,N,07/2015,Analyst
51-9195.03,1.A.3.a.2,Explosive Strength,IM,1.88,8,0.2266,1.4309,2.3191,N,,07/2015,Analyst
51-9195.03,1.A.3.a.2,Explosive Strength,LV,1.12,8,0.3504,0.4383,1.8117,N,N,07/2015,Analyst
51-9195.03,1.A.3.a.3,Dynamic Strength,IM,2.5,8,0.2673,1.9762,3.0238,N,,07/2015,Analyst
51-9195.03,1.A.3.a.3,Dynamic Strength,LV,2.38,8,0.183,2.0164,2.7336,N,N,07/2015,Analyst
51-9195.03,1.A.3.a.4,Trunk Strength,IM,3.25,8,0.1637,2.9292,3.5708,N,,07/2015,Analyst
51-9195.03,1.A.3.a.4,Trunk Strength,LV,3.0,8,0.0,3.0,3.0,N,N,07/2015,Analyst
51-9195.03,1.A.3.b.1,Stamina,IM,2.75,8,0.1637,2.4292,3.0708,N,,07/2015,Analyst
51-9195.03,1.A.3.b.1,Stamina,LV,2.38,8,0.183,2.0164,2.7336,N,N,07/2015,Analyst
51-9195.03,1.A.3.c.1,Extent Flexibility,IM,3.25,8,0.1637,2.9292,3.5708,N,,07/2015,Analyst
51-9195.03,1.A.3.c.1,Extent Flexibility,LV,3.25,8,0.1637,2.9292,3.5708,N,N,07/2015,Analyst
51-9195.03,1.A.3.c.2,Dynamic Flexibility,IM,1.62,8,0.183,1.2664,1.9836,N,,07/2015,Analyst
51-9195.03,1.A.3.c.2,Dynamic Flexibility,LV,0.62,8,0.183,0.2664,0.9836,N,N,07/2015,Analyst
51-9195.03,1.A.3.c.3,Gross Body Coordination,IM,2.0,8,0.0,2.0,2.0,N,,07/2015,Analyst
51-9195.03,1.A.3.c.3,Gross Body Coordination,LV,2.0,8,0.0,2.0,2.0,N,N,07/2015,Analyst
51-9195.03,1.A.3.c.4,Gross Body Equilibrium,IM,2.0,8,0.0,2.0,2.0,N,,07/2015,Analyst
51-9195.03,1.A.3.c.4,Gross Body Equilibrium,LV,1.12,8,0.125,0.88,1.37,N,N,07/2015,Analyst
51-9195.03,1.A.4.a.1,Near Vision,IM,3.62,8,0.183,3.2664,3.9836,N,,07/2015,Analyst
51-9195.03,1.A.4.a.1,Near Vision,LV,3.62,8,0.2631,3.1094,4.1406,N,N,07/2015,Analyst
51-9195.03,1.A.4.a.2,Far Vision,IM,2.75,8,0.25,2.26,3.24,N,,07/2015,Analyst
51-9195.03,1.A.4.a.2,Far Vision,LV,2.75,8,0.25,2.26,3.24,N,N,07/2015,Analyst
51-9195.03,1.A.4.a.3,Visual Color Discrimination,IM,2.38,8,0.183,2.0164,2.7336,N,,07/2015,Analyst
51-9195.03,1.A.4.a.3,Visual Color Discrimination,LV,2.62,8,0.183,2.2664,2.9836,N,N,07/2015,Analyst
51-9195.03,1.A.4.a.4,Night Vision,IM,1.5,8,0.189,1.1296,1.8704,N,,07/2015,Analyst
51-9195.03,1.A.4.a.4,Night Vision,LV,0.5,8,0.189,0.1296,0.8704,N,N,07/2015,Analyst
51-9195.03,1.A.4.a.5,Peripheral Vision,IM,1.62,8,0.183,1.2664,1.9836,N,,07/2015,Analyst
51-9195.03,1.A.4.a.5,Peripheral Vision,LV,0.62,8,0.183,0.2664,0.9836,N,N,07/2015,Analyst
51-9195.03,1.A.4.a.6,Depth Perception,IM,2.38,8,0.183,2.0164,2.7336,N,,07/2015,Analyst
51-9195.03,1.A.4.a.6,Depth Perception,LV,2.25,8,0.1637,1.9292,2.5708,N,N,07/2015,Analyst
51-9195.03,1.A.4.a.7,Glare Sensitivity,IM,1.75,8,0.1637,1.4292,2.0708,N,,07/2015,Analyst
51-9195.03,1.A.4.a.7,Glare Sensitivity,LV,0.88,8,0.2266,0.4309,1.3191,N,N,07/2015,Analyst
51-9195.03,1.A.4.b.1,Hearing Sensitivity,IM,2.12,8,0.2266,1.6809,2.5691,N,,07/2015,Analyst
51-9195.03,1.A.4.b.1,Hearing Sensitivity,LV,1.62,8,0.375,0.89,2.36,N,N,07/2015,Analyst
51-9195.03,1.A.4.b.2,Auditory Attention,IM,2.38,8,0.183,2.0164,2.7336,N,,07/2015,Analyst
51-9195.03,1.A.4.b.2,Auditory Attention,LV,2.5,8,0.189,2.1296,2.8704,N,N,07/2015,Analyst
51-9195.03,1.A.4.b.3,Sound Localization,IM,1.5,8,0.189,1.1296,1.8704,N,,07/2015,Analyst
51-9195.03,1.A.4.b.3,Sound Localization,LV,0.5,8,0.189,0.1296,0.8704,N,N,07/2015,Analyst
51-9195.03,1.A.4.b.4,Speech Recognition,IM,3.12,8,0.125,2.88,3.37,N,,07/2015,Analyst
51-9195.03,1.A.4.b.4,Speech Recognition,LV,2.38,8,0.183,2.0164,2.7336,N,N,07/2015,Analyst
51-9195.03,1.A.4.b.5,Speech Clarity,IM,2.62,8,0.183,2.2664,2.9836,N,,07/2015,Analyst
51-9195.03,1.A.4.b.5,Speech Clarity,LV,2.25,8,0.25,1.76,2.74,N,N,07/2015,Analyst
51-9195.04,1.A.1.a.1,Oral Comprehension,IM,3.0,8,0.189,2.6296,3.3704,N,,07/2015,Analyst
51-9195.04,1.A.1.a.1,Oral Comprehension,LV,3.12,8,0.125,2.88,3.37,N,N,07/2015,Analyst
51-9195.04,1.A.1.a.2,Written Comprehension,IM,2.88,8,0.125,2.63,3.12,N,,07/2015,Analyst
51-9195.04,1.A.1.a.2,Written Comprehension,LV,3.0,8,0.0,3.0,3.0,N,N,07/2015,Analyst
51-9195.04,1.A.1.a.3,Oral Expression,IM,2.75,8,0.1637,2.4292,3.0708,N,,07/2015,Analyst
51-9195.04,1.A.1.a.3,Oral Expression,LV,3.0,8,0.0,3.0,3.0,N,N,07/2015,Analyst
51-9195.04,1.A.1.a.4,Written Expression,IM,2.62,8,0.183,2.2664,2.9836,N,,07/2015,Analyst
51-9195.04,1.A.1.a.4,Written Expression,LV,2.62,8,0.183,2.2664,2.9836,N,N,07/2015,Analyst
51-9195.04,1.A.1.b.1,Fluency of Ideas,IM,2.88,8,0.125,2.63,3.12,N,,07/2015,Analyst
51-9195.04,1.A.1.b.1,Fluency of Ideas,LV,2.88,8,0.125,2.63,3.12,N,N,07/2015,Analyst
51-9195.04,1.A.1.b.2,Originality,IM,2.75,8,0.1637,2.4292,3.0708,N,,07/2015,Analyst
51-9195.04,1.A.1.b.2,Originality,LV,2.75,8,0.1637,2.4292,3.0708,N,N,07/2015,Analyst
51-9195.04,1.A.1.b.3,Problem Sensitivity,IM,3.0,8,0.0,3.0,3.0,N,,07/2015,Analyst
51-9195.04,1.A.1.b.3,Problem Sensitivity,LV,3.0,8,0.0,3.0,3.0,N,N,07/2015,Analyst
51-9195.04,1.A.1.b.4,Deductive Reasoning,IM,2.88,8,0.125,2.63,3.12,N,,07/2015,Analyst
51-9195.04,1.A.1.b.4,Deductive Reasoning,LV,2.88,8,0.125,2.63,3.12,N,N,07/2015,Analyst
51-9195.04,1.A.1.b.5,Inductive Reasoning,IM,2.88,8,0.125,2.63,3.12,N,,07/2015,Analyst
51-9195.04,1.A.1.b.5,Inductive Reasoning,LV,2.88,8,0.125,2.63,3.12,N,N,07/2015,Analyst
51-9195.04,1.A.1.b.6,Information Ordering,IM,3.0,8,0.0,3.0,3.0,N,,07/2015,Analyst
51-9195.04,1.A.1.b.6,Information Ordering,LV,3.0,8,0.0,3.0,3.0,N,N,07/2015,Analyst
51-9195.04,1.A.1.b.7,Category Flexibility,IM,3.0,8,0.0,3.0,3.0,N,,07/2015,Analyst
51-9195.04,1.A.1.b.7,Category Flexibility,LV,3.0,8,0.0,3.0,3.0,N,N,07/2015,Analyst
51-9195.04,1.A.1.c.1,Mathematical Reasoning,IM,2.62,8,0.183,2.2664,2.9836,N,,07/2015,Analyst
51-9195.04,1.A.1.c.1,Mathematical Reasoning,LV,2.12,8,0.125,1.88,2.37,N,N,07/2015,Analyst
51-9195.04,1.A.1.c.2,Number Facility,IM,2.5,8,0.189,2.1296,2.8704,N,,07/2015,Analyst
51-9195.04,1.A.1.c.2,Number Facility,LV,2.38,8,0.183,2.0164,2.7336,N,N,07/2015,Analyst
51-9195.04,1.A.1.d.1,Memorization,IM,2.38,8,0.183,2.0164,2.7336,N,,07/2015,Analyst
51-9195.04,1.A.1.d.1,Memorization,LV,2.12,8,0.2266,1.6809,2.5691,N,N,07/2015,Analyst
51-9195.04,1.A.1.e.1,Speed of Closure,IM,2.12,8,0.125,1.88,2.37,N,,07/2015,Analyst
51-9195.04,1.A.1.e.1,Speed of Closure,LV,2.0,8,0.189,1.6296,2.3704,N,N,07/2015,Analyst
51-9195.04,1.A.1.e.2,Flexibility of Closure,IM,2.88,8,0.2266,2.4309,3.3191,N,,07/2015,Analyst
51-9195.04,1.A.1.e.2,Flexibility of Closure,LV,2.75,8,0.1637,2.4292,3.0708,N,N,07/2015,Analyst
51-9195.04,1.A.1.e.3,Perceptual Speed,IM,3.38,8,0.183,3.0164,3.7336,N,,07/2015,Analyst
51-9195.04,1.A.1.e.3,Perceptual Speed,LV,3.12,8,0.125,2.88,3.37,N,N,07/2015,Analyst
51-9195.04,1.A.1.f.1,Spatial Orientation,IM,1.62,8,0.183,1.2664,1.9836,N,,07/2015,Analyst
51-9195.04,1.A.1.f.1,Spatial Orientation,LV,0.88,8,0.295,0.2967,1.4533,N,N,07/2015,Analyst
51-9195.04,1.A.1.f.2,Visualization,IM,3.62,8,0.183,3.2664,3.9836,N,,07/2015,Analyst
51-9195.04,1.A.1.f.2,Visualization,LV,3.88,8,0.125,3.63,4.12,N,N,07/2015,Analyst
51-9195.04,1.A.1.g.1,Selective Attention,IM,3.5,8,0.189,3.1296,3.8704,N,,07/2015,Analyst
51-9195.04,1.A.1.g.1,Selective Attention,LV,3.5,8,0.189,3.1296,3.8704,N,N,07/2015,Analyst
51-9195.04,1.A.1.g.2,Time Sharing,IM,2.88,8,0.125,2.63,3.12,N,,07/2015,Analyst
51-9195.04,1.A.1.g.2,Time Sharing,LV,2.75,8,0.1637,2.4292,3.0708,N,N,07/2015,Analyst
51-9195.04,1.A.2.a.1,Arm-Hand Steadiness,IM,3.88,8,0.125,3.63,4.12,N,,07/2015,Analyst
51-9195.04,1.A.2.a.1,Arm-Hand Steadiness,LV,4.0,8,0.0,4.0,4.0,N,N,07/2015,Analyst
51-9195.04,1.A.2.a.2,Manual Dexterity,IM,3.62,8,0.183,3.2664,3.9836,N,,07/2015,Analyst
51-9195.04,1.A.2.a.2,Manual Dexterity,LV,3.62,8,0.183,3.2664,3.9836,N,N,07/2015,Analyst
51-9195.04,1.A.2.a.3,Finger Dexterity,IM,3.5,8,0.2673,2.9762,4.0238,N,,07/2015,Analyst
51-9195.04,1.A.2.a.3,Finger Dexterity,LV,3.62,8,0.183,3.2664,3.9836,N,N,07/2015,Analyst
51-9195.04,1.A.2.b.1,Control Precision,IM,3.75,8,0.1637,3.4292,4.0708,N,,07/2015,Analyst
51-9195.04,1.A.2.b.1,Control Precision,LV,3.75,8,0.1637,3.4292,4.0708,N,N,07/2015,Analyst
51-9195.04,1.A.2.b.2,Multilimb Coordination,IM,3.38,8,0.2631,2.8594,3.8906,N,,07/2015,Analyst
51-9195.04,1.A.2.b.2,Multilimb Coordination,LV,3.12,8,0.125,2.88,3.37,N,N,07/2015,Analyst
51-9195.04,1.A.2.b.3,Response Orientation,IM,2.75,8,0.1637,2.4292,3.0708,N,,07/2015,Analyst
51-9195.04,1.A.2.b.3,Response Orientation,LV,2.62,8,0.2631,2.1094,3.1406,N,N,07/2015,Analyst
51-9195.04,1.A.2.b.4,Rate Control,IM,3.5,8,0.2673,2.9762,4.0238,N,,07/2015,Analyst
51-9195.04,1.A.2.b.4,Rate Control,LV,3.0,8,0.0,3.0,3.0,N,N,07/2015,Analyst
51-9195.04,1.A.2.c.1,Reaction Time,IM,3.75,8,0.1637,3.4292,4.0708,N,,07/2015,Analyst
51-9195.04,1.A.2.c.1,Reaction Time,LV,3.5,8,0.189,3.1296,3.8704,N,N,07/2015,Analyst
51-9195.04,1.A.2.c.2,Wrist-Finger Speed,IM,2.75,8,0.1637,2.4292,3.0708,N,,07/2015,Analyst
51-9195.04,1.A.2.c.2,Wrist-Finger Speed,LV,2.62,8,0.2631,2.1094,3.1406,N,N,07/2015,Analyst
51-9195.04,1.A.2.c.3,Speed of Limb Movement,IM,2.0,8,0.2673,1.4762,2.5238,N,,07/2015,Analyst
51-9195.04,1.A.2.c.3,Speed of Limb Movement,LV,1.62,8,0.375,0.89,2.36,N,N,07/2015,Analyst
51-9195.04,1.A.3.a.1,Static Strength,IM,2.75,8,0.1637,2.4292,3.0708,N,,07/2015,Analyst
51-9195.04,1.A.3.a.1,Static Strength,LV,2.62,8,0.183,2.2664,2.9836,N,N,07/2015,Analyst
51-9195.04,1.A.3.a.2,Explosive Strength,IM,1.88,8,0.125,1.63,2.12,N,,07/2015,Analyst
51-9195.04,1.A.3.a.2,Explosive Strength,LV,1.25,8,0.25,0.76,1.74,N,N,07/2015,Analyst
51-9195.04,1.A.3.a.3,Dynamic Strength,IM,2.62,8,0.183,2.2664,2.9836,N,,07/2015,Analyst
51-9195.04,1.A.3.a.3,Dynamic Strength,LV,2.0,8,0.0,2.0,2.0,N,N,07/2015,Analyst
51-9195.04,1.A.3.a.4,Trunk Strength,IM,3.0,8,0.0,3.0,3.0,N,,07/2015,Analyst
51-9195.04,1.A.3.a.4,Trunk Strength,LV,2.88,8,0.125,2.63,3.12,N,N,07/2015,Analyst
51-9195.04,1.A.3.b.1,Stamina,IM,2.5,8,0.189,2.1296,2.8704,N,,07/2015,Analyst
51-9195.04,1.A.3.b.1,Stamina,LV,2.0,8,0.0,2.0,2.0,N,N,07/2015,Analyst
51-9195.04,1.A.3.c.1,Extent Flexibility,IM,2.38,8,0.183,2.0164,2.7336,N,,07/2015,Analyst
51-9195.04,1.A.3.c.1,Extent Flexibility,LV,2.38,8,0.183,2.0164,2.7336,N,N,07/2015,Analyst
51-9195.04,1.A.3.c.2,Dynamic Flexibility,IM,1.0,8,0.0,1.0,1.0,N,,07/2015,Analyst
51-9195.04,1.A.3.c.2,Dynamic Flexibility,LV,0.0,8,0.0,0.0,0.0,N,Y,07/2015,Analyst
51-9195.04,1.A.3.c.3,Gross Body Coordination,IM,2.0,8,0.0,2.0,2.0,N,,07/2015,Analyst
51-9195.04,1.A.3.c.3,Gross Body Coordination,LV,2.0,8,0.0,2.0,2.0,N,N,07/2015,Analyst
51-9195.04,1.A.3.c.4,Gross Body Equilibrium,IM,2.0,8,0.0,2.0,2.0,N,,07/2015,Analyst
51-9195.04,1.A.3.c.4,Gross Body Equilibrium,LV,1.5,8,0.189,1.1296,1.8704,N,N,07/2015,Analyst
51-9195.04,1.A.4.a.1,Near Vision,IM,3.88,8,0.125,3.63,4.12,N,,07/2015,Analyst
51-9195.04,1.A.4.a.1,Near Vision,LV,3.88,8,0.125,3.63,4.12,N,N,07/2015,Analyst
51-9195.04,1.A.4.a.2,Far Vision,IM,2.88,8,0.125,2.63,3.12,N,,07/2015,Analyst
51-9195.04,1.A.4.a.2,Far Vision,LV,3.25,8,0.25,2.76,3.74,N,N,07/2015,Analyst
51-9195.04,1.A.4.a.3,Visual Color Discrimination,IM,3.62,8,0.2631,3.1094,4.1406,N,,07/2015,Analyst
51-9195.04,1.A.4.a.3,Visual Color Discrimination,LV,3.75,8,0.1637,3.4292,4.0708,N,N,07/2015,Analyst
51-9195.04,1.A.4.a.4,Night Vision,IM,1.62,8,0.183,1.2664,1.9836,N,,07/2015,Analyst
51-9195.04,1.A.4.a.4,Night Vision,LV,0.88,8,0.295,0.2967,1.4533,N,N,07/2015,Analyst
51-9195.04,1.A.4.a.5,Peripheral Vision,IM,1.62,8,0.183,1.2664,1.9836,N,,07/2015,Analyst
51-9195.04,1.A.4.a.5,Peripheral Vision,LV,0.75,8,0.25,0.26,1.24,N,N,07/2015,Analyst
51-9195.04,1.A.4.a.6,Depth Perception,IM,2.88,8,0.125,2.63,3.12,N,,07/2015,Analyst
51-9195.04,1.A.4.a.6,Depth Perception,LV,2.75,8,0.1637,2.4292,3.0708,N,N,07/2015,Analyst
51-9195.04,1.A.4.a.7,Glare Sensitivity,IM,2.12,8,0.125,1.88,2.37,N,,07/2015,Analyst
51-9195.04,1.A.4.a.7,Glare Sensitivity,LV,2.0,8,0.0,2.0,2.0,N,N,07/2015,Analyst
51-9195.04,1.A.4.b.1,Hearing Sensitivity,IM,2.62,8,0.183,2.2664,2.9836,N,,07/2015,Analyst
51-9195.04,1.A.4.b.1,Hearing Sensitivity,LV,2.62,8,0.183,2.2664,2.9836,N,N,07/2015,Analyst
51-9195.04,1.A.4.b.2,Auditory Attention,IM,2.62,8,0.183,2.2664,2.9836,N,,07/2015,Analyst
51-9195.04,1.A.4.b.2,Auditory Attention,LV,2.75,8,0.1637,2.4292,3.0708,N,N,07/2015,Analyst
51-9195.04,1.A.4.b.3,Sound Localization,IM,1.5,8,0.189,1.1296,1.8704,N,,07/2015,Analyst
51-9195.04,1.A.4.b.3,Sound Localization,LV,0.62,8,0.2631,0.1094,1.1406,N,N,07/2015,Analyst
51-9195.04,1.A.4.b.4,Speech Recognition,IM,2.75,8,0.1637,2.4292,3.0708,N,,07/2015,Analyst
51-9195.04,1.A.4.b.4,Speech Recognition,LV,2.88,8,0.125,2.63,3.12,N,N,07/2015,Analyst
51-9195.04,1.A.4.b.5,Speech Clarity,IM,2.75,8,0.1637,2.4292,3.0708,N,,07/2015,Analyst
51-9195.04,1.A.4.b.5,Speech Clarity,LV,2.75,8,0.1637,2.4292,3.0708,N,N,07/2015,Analyst
51-9195.05,1.A.1.a.1,Oral Comprehension,IM,3.0,8,0.0,3.0,3.0,N,,08/2020,Analyst
51-9195.05,1.A.1.a.1,Oral Comprehension,LV,3.0,8,0.0,3.0,3.0,N,N,08/2020,Analyst
51-9195.05,1.A.1.a.2,Written Comprehension,IM,2.88,8,0.125,2.63,3.12,N,,08/2020,Analyst
51-9195.05,1.A.1.a.2,Written Comprehension,LV,3.0,8,0.0,3.0,3.0,N,N,08/2020,Analyst
51-9195.05,1.A.1.a.3,Oral Expression,IM,3.0,8,0.0,3.0,3.0,N,,08/2020,Analyst
51-9195.05,1.A.1.a.3,Oral Expression,LV,3.0,8,0.0,3.0,3.0,N,N,08/2020,Analyst
51-9195.05,1.A.1.a.4,Written Expression,IM,2.62,8,0.183,2.2664,2.9836,N,,08/2020,Analyst
51-9195.05,1.A.1.a.4,Written Expression,LV,2.88,8,0.125,2.63,3.12,N,N,08/2020,Analyst
51-9195.05,1.A.1.b.1,Fluency of Ideas,IM,3.0,8,0.189,2.6296,3.3704,N,,08/2020,Analyst
51-9195.05,1.A.1.b.1,Fluency of Ideas,LV,2.88,8,0.125,2.63,3.12,N,N,08/2020,Analyst
51-9195.05,1.A.1.b.2,Originality,IM,3.12,8,0.125,2.88,3.37,N,,08/2020,Analyst
51-9195.05,1.A.1.b.2,Originality,LV,3.5,8,0.189,3.1296,3.8704,N,N,08/2020,Analyst
51-9195.05,1.A.1.b.3,Problem Sensitivity,IM,3.0,8,0.189,2.6296,3.3704,N,,08/2020,Analyst
51-9195.05,1.A.1.b.3,Problem Sensitivity,LV,3.12,8,0.125,2.88,3.37,N,N,08/2020,Analyst
51-9195.05,1.A.1.b.4,Deductive Reasoning,IM,3.12,8,0.125,2.88,3.37,N,,08/2020,Analyst
51-9195.05,1.A.1.b.4,Deductive Reasoning,LV,3.12,8,0.125,2.88,3.37,N,N,08/2020,Analyst
51-9195.05,1.A.1.b.5,Inductive Reasoning,IM,3.0,8,0.0,3.0,3.0,N,,08/2020,Analyst
51-9195.05,1.A.1.b.5,Inductive Reasoning,LV,3.0,8,0.0,3.0,3.0,N,N,08/2020,Analyst
51-9195.05,1.A.1.b.6,Information Ordering,IM,3.12,8,0.125,2.88,3.37,N,,08/2020,Analyst
51-9195.05,1.A.1.b.6,Information Ordering,LV,3.12,8,0.125,2.88,3.37,N,N,08/2020,Analyst
51-9195.05,1.A.1.b.7,Category Flexibility,IM,3.12,8,0.125,2.88,3.37,N,,08/2020,Analyst
51-9195.05,1.A.1.b.7,Category Flexibility,LV,3.12,8,0.125,2.88,3.37,N,N,08/2020,Analyst
51-9195.05,1.A.1.c.1,Mathematical Reasoning,IM,2.0,8,0.189,1.6296,2.3704,N,,08/2020,Analyst
51-9195.05,1.A.1.c.1,Mathematical Reasoning,LV,1.5,8,0.2673,0.9762,2.0238,N,N,08/2020,Analyst
51-9195.05,1.A.1.c.2,Number Facility,IM,2.0,8,0.189,1.6296,2.3704,N,,08/2020,Analyst
51-9195.05,1.A.1.c.2,Number Facility,LV,1.38,8,0.3239,0.7402,2.0098,N,N,08/2020,Analyst
51-9195.05,1.A.1.d.1,Memorization,IM,1.88,8,0.125,1.63,2.12,N,,08/2020,Analyst
51-9195.05,1.A.1.d.1,Memorization,LV,1.62,8,0.2631,1.1094,2.1406,N,N,08/2020,Analyst
51-9195.05,1.A.1.e.1,Speed of Closure,IM,1.88,8,0.125,1.63,2.12,N,,08/2020,Analyst
51-9195.05,1.A.1.e.1,Speed of Closure,LV,1.5,8,0.2673,0.9762,2.0238,N,N,08/2020,Analyst
51-9195.05,1.A.1.e.2,Flexibility of Closure,IM,2.75,8,0.1637,2.4292,3.0708,N,,08/2020,Analyst
51-9195.05,1.A.1.e.2,Flexibility of Closure,LV,2.5,8,0.189,2.1296,2.8704,N,N,08/2020,Analyst
51-9195.05,1.A.1.e.3,Perceptual Speed,IM,2.75,8,0.1637,2.4292,3.0708,N,,08/2020,Analyst
51-9195.05,1.A.1.e.3,Perceptual Speed,LV,2.75,8,0.1637,2.4292,3.0708,N,N,08/2020,Analyst
51-9195.05,1.A.1.f.1,Spatial Orientation,IM,1.75,8,0.1637,1.4292,2.0708,N,,08/2020,Analyst
51-9195.05,1.A.1.f.1,Spatial Orientation,LV,1.0,8,0.2673,0.4762,1.5238,N,N,08/2020,Analyst
51-9195.05,1.A.1.f.2,Visualization,IM,3.62,8,0.183,3.2664,3.9836,N,,08/2020,Analyst
51-9195.05,1.A.1.f.2,Visualization,LV,3.75,8,0.1637,3.4292,4.0708,N,N,08/2020,Analyst
51-9195.05,1.A.1.g.1,Selective Attention,IM,3.12,8,0.125,2.88,3.37,N,,08/2020,Analyst
51-9195.05,1.A.1.g.1,Selective Attention,LV,3.0,8,0.189,2.6296,3.3704,N,N,08/2020,Analyst
51-9195.05,1.A.1.g.2,Time Sharing,IM,2.38,8,0.183,2.0164,2.7336,N,,08/2020,Analyst
51-9195.05,1.A.1.g.2,Time Sharing,LV,2.12,8,0.125,1.88,2.37,N,N,08/2020,Analyst
51-9195.05,1.A.2.a.1,Arm-Hand Steadiness,IM,4.0,8,0.0,4.0,4.0,N,,08/2020,Analyst
51-9195.05,1.A.2.a.1,Arm-Hand Steadiness,LV,4.0,8,0.0,4.0,4.0,N,N,08/2020,Analyst
51-9195.05,1.A.2.a.2,Manual Dexterity,IM,3.88,8,0.125,3.63,4.12,N,,08/2020,Analyst
51-9195.05,1.A.2.a.2,Manual Dexterity,LV,3.88,8,0.2266,3.4309,4.3191,N,N,08/2020,Analyst
51-9195.05,1.A.2.a.3,Finger Dexterity,IM,3.88,8,0.125,3.63,4.12,N,,08/2020,Analyst
51-9195.05,1.A.2.a.3,Finger Dexterity,LV,3.75,8,0.1637,3.4292,4.0708,N,N,08/2020,Analyst
51-9195.05,1.A.2.b.1,Control Precision,IM,3.62,8,0.183,3.2664,3.9836,N,,08/2020,Analyst
51-9195.05,1.A.2.b.1,Control Precision,LV,4.0,8,0.189,3.6296,4.3704,N,N,08/2020,Analyst
51-9195.05,1.A.2.b.2,Multilimb Coordination,IM,3.5,8,0.189,3.1296,3.8704,N,,08/2020,Analyst
51-9195.05,1.A.2.b.2,Multilimb Coordination,LV,3.62,8,0.2631,3.1094,4.1406,N,N,08/2020,Analyst
51-9195.05,1.A.2.b.3,Response Orientation,IM,2.75,8,0.1637,2.4292,3.0708,N,,08/2020,Analyst
51-9195.05,1.A.2.b.3,Response Orientation,LV,2.75,8,0.1637,2.4292,3.0708,N,N,08/2020,Analyst
51-9195.05,1.A.2.b.4,Rate Control,IM,3.0,8,0.189,2.6296,3.3704,N,,08/2020,Analyst
51-9195.05,1.A.2.b.4,Rate Control,LV,2.88,8,0.125,2.63,3.12,N,N,08/2020,Analyst
51-9195.05,1.A.2.c.1,Reaction Time,IM,2.5,8,0.189,2.1296,2.8704,N,,08/2020,Analyst
51-9195.05,1.A.2.c.1,Reaction Time,LV,2.38,8,0.183,2.0164,2.7336,N,N,08/2020,Analyst
51-9195.05,1.A.2.c.2,Wrist-Finger Speed,IM,2.75,8,0.1637,2.4292,3.0708,N,,08/2020,Analyst
51-9195.05,1.A.2.c.2,Wrist-Finger Speed,LV,2.88,8,0.125,2.63,3.12,N,N,08/2020,Analyst
51-9195.05,1.A.2.c.3,Speed of Limb Movement,IM,1.75,8,0.1637,1.4292,2.0708,N,,08/2020,Analyst
51-9195.05,1.A.2.c.3,Speed of Limb Movement,LV,1.5,8,0.3273,0.8584,2.1416,N,N,08/2020,Analyst
51-9195.05,1.A.3.a.1,Static Strength,IM,2.88,8,0.125,2.63,3.12,N,,08/2020,Analyst
51-9195.05,1.A.3.a.1,Static Strength,LV,2.88,8,0.125,2.63,3.12,N,N,08/2020,Analyst
51-9195.05,1.A.3.a.2,Explosive Strength,IM,1.5,8,0.189,1.1296,1.8704,N,,08/2020,Analyst
51-9195.05,1.A.3.a.2,Explosive Strength,LV,0.62,8,0.2631,0.1094,1.1406,N,N,08/2020,Analyst
51-9195.05,1.A.3.a.3,Dynamic Strength,IM,2.5,8,0.189,2.1296,2.8704,N,,08/2020,Analyst
51-9195.05,1.A.3.a.3,Dynamic Strength,LV,2.25,8,0.1637,1.9292,2.5708,N,N,08/2020,Analyst
51-9195.05,1.A.3.a.4,Trunk Strength,IM,2.88,8,0.2266,2.4309,3.3191,N,,08/2020,Analyst
51-9195.05,1.A.3.a.4,Trunk Strength,LV,2.88,8,0.2266,2.4309,3.3191,N,N,08/2020,Analyst
51-9195.05,1.A.3.b.1,Stamina,IM,2.25,8,0.1637,1.9292,2.5708,N,,08/2020,Analyst
51-9195.05,1.A.3.b.1,Stamina,LV,2.12,8,0.125,1.88,2.37,N,N,08/2020,Analyst
51-9195.05,1.A.3.c.1,Extent Flexibility,IM,2.88,8,0.125,2.63,3.12,N,,08/2020,Analyst
51-9195.05,1.A.3.c.1,Extent Flexibility,LV,2.88,8,0.125,2.63,3.12,N,N,08/2020,Analyst
51-9195.05,1.A.3.c.2,Dynamic Flexibility,IM,1.25,8,0.1637,1.0,1.5708,N,,08/2020,Analyst
51-9195.05,1.A.3.c.2,Dynamic Flexibility,LV,0.5,8,0.378,0.0,1.2408,N,Y,08/2020,Analyst
51-9195.05,1.A.3.c.3,Gross Body Coordination,IM,2.0,8,0.0,2.0,2.0,N,,08/2020,Analyst
51-9195.05,1.A.3.c.3,Gross Body Coordination,LV,2.0,8,0.0,2.0,2.0,N,N,08/2020,Analyst
51-9195.05,1.A.3.c.4,Gross Body Equilibrium,IM,1.88,8,0.125,1.63,2.12,N,,08/2020,Analyst
51-9195.05,1.A.3.c.4,Gross Body Equilibrium,LV,1.5,8,0.2673,0.9762,2.0238,N,N,08/2020,Analyst
51-9195.05,1.A.4.a.1,Near Vision,IM,3.62,8,0.183,3.2664,3.9836,N,,08/2020,Analyst
51-9195.05,1.A.4.a.1,Near Vision,LV,3.75,8,0.1637,3.4292,4.0708,N,N,08/2020,Analyst
51-9195.05,1.A.4.a.2,Far Vision,IM,2.75,8,0.1637,2.4292,3.0708,N,,08/2020,Analyst
51-9195.05,1.A.4.a.2,Far Vision,LV,2.62,8,0.183,2.2664,2.9836,N,N,08/2020,Analyst
51-9195.05,1.A.4.a.3,Visual Color Discrimination,IM,3.0,8,0.0,3.0,3.0,N,,08/2020,Analyst
51-9195.05,1.A.4.a.3,Visual Color Discrimination,LV,3.0,8,0.0,3.0,3.0,N,N,08/2020,Analyst
51-9195.05,1.A.4.a.4,Night Vision,IM,1.5,8,0.189,1.1296,1.8704,N,,08/2020,Analyst
51-9195.05,1.A.4.a.4,Night Vision,LV,0.5,8,0.189,0.1296,0.8704,N,N,08/2020,Analyst
51-9195.05,1.A.4.a.5,Peripheral Vision,IM,1.62,8,0.183,1.2664,1.9836,N,,08/2020,Analyst
51-9195.05,1.A.4.a.5,Peripheral Vision,LV,1.0,8,0.3273,0.3584,1.6416,N,N,08/2020,Analyst
51-9195.05,1.A.4.a.6,Depth Perception,IM,2.62,8,0.183,2.2664,2.9836,N,,08/2020,Analyst
51-9195.05,1.A.4.a.6,Depth Perception,LV,2.62,8,0.183,2.2664,2.9836,N,N,08/2020,Analyst
51-9195.05,1.A.4.a.7,Glare Sensitivity,IM,1.62,8,0.183,1.2664,1.9836,N,,08/2020,Analyst
51-9195.05,1.A.4.a.7,Glare Sensitivity,LV,0.62,8,0.183,0.2664,0.9836,N,N,08/2020,Analyst
51-9195.05,1.A.4.b.1,Hearing Sensitivity,IM,1.88,8,0.125,1.63,2.12,N,,08/2020,Analyst
51-9195.05,1.A.4.b.1,Hearing Sensitivity,LV,1.75,8,0.25,1.26,2.24,N,N,08/2020,Analyst
51-9195.05,1.A.4.b.2,Auditory Attention,IM,1.88,8,0.125,1.63,2.12,N,,08/2020,Analyst
51-9195.05,1.A.4.b.2,Auditory Attention,LV,1.88,8,0.295,1.2967,2.4533,N,N,08/2020,Analyst
51-9195.05,1.A.4.b.3,Sound Localization,IM,1.5,8,0.189,1.1296,1.8704,N,,08/2020,Analyst
51-9195.05,1.A.4.b.3,Sound Localization,LV,0.5,8,0.189,0.1296,0.8704,N,N,08/2020,Analyst
51-9195.05,1.A.4.b.4,Speech Recognition,IM,3.0,8,0.0,3.0,3.0,N,,08/2020,Analyst
51-9195.05,1.A.4.b.4,Speech Recognition,LV,3.0,8,0.0,3.0,3.0,N,N,08/2020,Analyst
51-9195.05,1.A.4.b.5,Speech Clarity,IM,2.88,8,0.125,2.63,3.12,N,,08/2020,Analyst
51-9195.05,1.A.4.b.5,Speech Clarity,LV,2.88,8,0.125,2.63,3.12,N,N,08/2020,Analyst
51-9196.00,1.A.1.a.1,Oral Comprehension,IM,3.0,8,0.0,3.0,3.0,N,,08/2018,Analyst
51-9196.00,1.A.1.a.1,Oral Comprehension,LV,3.0,8,0.0,3.0,3.0,N,N,08/2018,Analyst
51-9196.00,1.A.1.a.2,Written Comprehension,IM,2.75,8,0.1637,2.4292,3.0708,N,,08/2018,Analyst
51-9196.00,1.A.1.a.2,Written Comprehension,LV,2.88,8,0.125,2.63,3.12,N,N,08/2018,Analyst
51-9196.00,1.A.1.a.3,Oral Expression,IM,3.0,8,0.0,3.0,3.0,N,,08/2018,Analyst
51-9196.00,1.A.1.a.3,Oral Expression,LV,3.0,8,0.0,3.0,3.0,N,N,08/2018,Analyst
51-9196.00,1.A.1.a.4,Written Expression,IM,2.5,8,0.189,2.1296,2.8704,N,,08/2018,Analyst
51-9196.00,1.A.1.a.4,Written Expression,LV,2.25,8,0.1637,1.9292,2.5708,N,N,08/2018,Analyst
51-9196.00,1.A.1.b.1,Fluency of Ideas,IM,2.25,8,0.1637,1.9292,2.5708,N,,08/2018,Analyst
51-9196.00,1.A.1.b.1,Fluency of Ideas,LV,2.12,8,0.125,1.88,2.37,N,N,08/2018,Analyst
51-9196.00,1.A.1.b.2,Originality,IM,2.25,8,0.1637,1.9292,2.5708,N,,08/2018,Analyst
51-9196.00,1.A.1.b.2,Originality,LV,2.12,8,0.125,1.88,2.37,N,N,08/2018,Analyst
51-9196.00,1.A.1.b.3,Problem Sensitivity,IM,3.25,8,0.1637,2.9292,3.5708,N,,08/2018,Analyst
51-9196.00,1.A.1.b.3,Problem Sensitivity,LV,2.75,8,0.1637,2.4292,3.0708,N,N,08/2018,Analyst
51-9196.00,1.A.1.b.4,Deductive Reasoning,IM,3.0,8,0.0,3.0,3.0,N,,08/2018,Analyst
51-9196.00,1.A.1.b.4,Deductive Reasoning,LV,2.75,8,0.1637,2.4292,3.0708,N,N,08/2018,Analyst
51-9196.00,1.A.1.b.5,Inductive Reasoning,IM,2.88,8,0.125,2.63,3.12,N,,08/2018,Analyst
51-9196.00,1.A.1.b.5,Inductive Reasoning,LV,2.75,8,0.1637,2.4292,3.0708,N,N,08/2018,Analyst
51-9196.00,1.A.1.b.6,Information Ordering,IM,3.12,8,0.125,2.88,3.37,N,,08/2018,Analyst
51-9196.00,1.A.1.b.6,Information Ordering,LV,3.0,8,0.0,3.0,3.0,N,N,08/2018,Analyst
51-9196.00,1.A.1.b.7,Category Flexibility,IM,2.88,8,0.125,2.63,3.12,N,,08/2018,Analyst
51-9196.00,1.A.1.b.7,Category Flexibility,LV,3.12,8,0.125,2.88,3.37,N,N,08/2018,Analyst
51-9196.00,1.A.1.c.1,Mathematical Reasoning,IM,2.0,8,0.0,2.0,2.0,N,,08/2018,Analyst
51-9196.00,1.A.1.c.1,Mathematical Reasoning,LV,1.5,8,0.2673,0.9762,2.0238,N,N,08/2018,Analyst
51-9196.00,1.A.1.c.2,Number Facility,IM,2.12,8,0.125,1.88,2.37,N,,08/2018,Analyst
51-9196.00,1.A.1.c.2,Number Facility,LV,1.75,8,0.1637,1.4292,2.0708,N,N,08/2018,Analyst
51-9196.00,1.A.1.d.1,Memorization,IM,2.0,8,0.0,2.0,2.0,N,,08/2018,Analyst
51-9196.00,1.A.1.d.1,Memorization,LV,1.5,8,0.189,1.1296,1.8704,N,N,08/2018,Analyst
51-9196.00,1.A.1.e.1,Speed of Closure,IM,2.0,8,0.0,2.0,2.0,N,,08/2018,Analyst
51-9196.00,1.A.1.e.1,Speed of Closure,LV,1.88,8,0.125,1.63,2.12,N,N,08/2018,Analyst
51-9196.00,1.A.1.e.2,Flexibility of Closure,IM,2.88,8,0.125,2.63,3.12,N,,08/2018,Analyst
51-9196.00,1.A.1.e.2,Flexibility of Closure,LV,2.75,8,0.1637,2.4292,3.0708,N,N,08/2018,Analyst
51-9196.00,1.A.1.e.3,Perceptual Speed,IM,2.75,8,0.1637,2.4292,3.0708,N,,08/2018,Analyst
51-9196.00,1.A.1.e.3,Perceptual Speed,LV,2.88,8,0.125,2.63,3.12,N,N,08/2018,Analyst
51-9196.00,1.A.1.f.1,Spatial Orientation,IM,1.62,8,0.183,1.2664,1.9836,N,,08/2018,Analyst
51-9196.00,1.A.1.f.1,Spatial Orientation,LV,0.75,8,0.25,0.26,1.24,N,N,08/2018,Analyst
51-9196.00,1.A.1.f.2,Visualization,IM,2.75,8,0.1637,2.4292,3.0708,N,,08/2018,Analyst
51-9196.00,1.A.1.f.2,Visualization,LV,2.88,8,0.125,2.63,3.12,N,N,08/2018,Analyst
51-9196.00,1.A.1.g.1,Selective Attention,IM,3.12,8,0.125,2.88,3.37,N,,08/2018,Analyst
51-9196.00,1.A.1.g.1,Selective Attention,LV,3.12,8,0.125,2.88,3.37,N,N,08/2018,Analyst
51-9196.00,1.A.1.g.2,Time Sharing,IM,2.75,8,0.1637,2.4292,3.0708,N,,08/2018,Analyst
51-9196.00,1.A.1.g.2,Time Sharing,LV,2.5,8,0.189,2.1296,2.8704,N,N,08/2018,Analyst
51-9196.00,1.A.2.a.1,Arm-Hand Steadiness,IM,3.25,8,0.1637,2.9292,3.5708,N,,08/2018,Analyst
51-9196.00,1.A.2.a.1,Arm-Hand Steadiness,LV,3.12,8,0.125,2.88,3.37,N,N,08/2018,Analyst
51-9196.00,1.A.2.a.2,Manual Dexterity,IM,3.12,8,0.125,2.88,3.37,N,,08/2018,Analyst
51-9196.00,1.A.2.a.2,Manual Dexterity,LV,3.0,8,0.0,3.0,3.0,N,N,08/2018,Analyst
51-9196.00,1.A.2.a.3,Finger Dexterity,IM,3.12,8,0.125,2.88,3.37,N,,08/2018,Analyst
51-9196.00,1.A.2.a.3,Finger Dexterity,LV,3.0,8,0.0,3.0,3.0,N,N,08/2018,Analyst
51-9196.00,1.A.2.b.1,Control Precision,IM,3.25,8,0.1637,2.9292,3.5708,N,,08/2018,Analyst
51-9196.00,1.A.2.b.1,Control Precision,LV,3.0,8,0.0,3.0,3.0,N,N,08/2018,Analyst
51-9196.00,1.A.2.b.2,Multilimb Coordination,IM,2.75,8,0.1637,2.4292,3.0708,N,,08/2018,Analyst
51-9196.00,1.A.2.b.2,Multilimb Coordination,LV,3.0,8,0.0,3.0,3.0,N,N,08/2018,Analyst
51-9196.00,1.A.2.b.3,Response Orientation,IM,1.88,8,0.2266,1.4309,2.3191,N,,08/2018,Analyst
51-9196.00,1.A.2.b.3,Response Orientation,LV,1.5,8,0.378,0.7592,2.2408,N,N,08/2018,Analyst
51-9196.00,1.A.2.b.4,Rate Control,IM,3.0,8,0.0,3.0,3.0,N,,08/2018,Analyst
51-9196.00,1.A.2.b.4,Rate Control,LV,2.5,8,0.189,2.1296,2.8704,N,N,08/2018,Analyst
51-9196.00,1.A.2.c.1,Reaction Time,IM,3.0,8,0.0,3.0,3.0,N,,08/2018,Analyst
51-9196.00,1.A.2.c.1,Reaction Time,LV,3.0,8,0.0,3.0,3.0,N,N,08/2018,Analyst
51-9196.00,1.A.2.c.2,Wrist-Finger Speed,IM,2.12,8,0.125,1.88,2.37,N,,08/2018,Analyst
51-9196.00,1.A.2.c.2,Wrist-Finger Speed,LV,2.0,8,0.0,2.0,2.0,N,N,08/2018,Analyst
51-9196.00,1.A.2.c.3,Speed of Limb Movement,IM,1.75,8,0.1637,1.4292,2.0708,N,,08/2018,Analyst
51-9196.00,1.A.2.c.3,Speed of Limb Movement,LV,1.38,8,0.3239,0.7402,2.0098,N,N,08/2018,Analyst
51-9196.00,1.A.3.a.1,Static Strength,IM,2.5,8,0.189,2.1296,2.8704,N,,08/2018,Analyst
51-9196.00,1.A.3.a.1,Static Strength,LV,2.5,8,0.189,2.1296,2.8704,N,N,08/2018,Analyst
51-9196.00,1.A.3.a.2,Explosive Strength,IM,1.88,8,0.295,1.2967,2.4533,N,,08/2018,Analyst
51-9196.00,1.A.3.a.2,Explosive Strength,LV,1.25,8,0.4532,0.3618,2.1382,N,N,08/2018,Analyst
51-9196.00,1.A.3.a.3,Dynamic Strength,IM,2.12,8,0.125,1.88,2.37,N,,08/2018,Analyst
51-9196.00,1.A.3.a.3,Dynamic Strength,LV,1.75,8,0.25,1.26,2.24,N,N,08/2018,Analyst
51-9196.00,1.A.3.a.4,Trunk Strength,IM,2.88,8,0.125,2.63,3.12,N,,08/2018,Analyst
51-9196.00,1.A.3.a.4,Trunk Strength,LV,3.0,8,0.0,3.0,3.0,N,N,08/2018,Analyst
51-9196.00,1.A.3.b.1,Stamina,IM,2.12,8,0.125,1.88,2.37,N,,08/2018,Analyst
51-9196.00,1.A.3.b.1,Stamina,LV,2.12,8,0.125,1.88,2.37,N,N,08/2018,Analyst
51-9196.00,1.A.3.c.1,Extent Flexibility,IM,2.88,8,0.125,2.63,3.12,N,,08/2018,Analyst
51-9196.00,1.A.3.c.1,Extent Flexibility,LV,3.0,8,0.189,2.6296,3.3704,N,N,08/2018,Analyst
51-9196.00,1.A.3.c.2,Dynamic Flexibility,IM,1.25,8,0.1637,1.0,1.5708,N,,08/2018,Analyst
51-9196.00,1.A.3.c.2,Dynamic Flexibility,LV,0.38,8,0.2631,0.0,0.8906,N,Y,08/2018,Analyst
51-9196.00,1.A.3.c.3,Gross Body Coordination,IM,2.0,8,0.0,2.0,2.0,N,,08/2018,Analyst
51-9196.00,1.A.3.c.3,Gross Body Coordination,LV,1.88,8,0.2266,1.4309,2.3191,N,N,08/2018,Analyst
51-9196.00,1.A.3.c.4,Gross Body Equilibrium,IM,2.0,8,0.189,1.6296,2.3704,N,,08/2018,Analyst
51-9196.00,1.A.3.c.4,Gross Body Equilibrium,LV,1.38,8,0.3239,0.7402,2.0098,N,N,08/2018,Analyst
51-9196.00,1.A.4.a.1,Near Vision,IM,3.38,8,0.183,3.0164,3.7336,N,,08/2018,Analyst
51-9196.00,1.A.4.a.1,Near Vision,LV,3.25,8,0.1637,2.9292,3.5708,N,N,08/2018,Analyst
51-9196.00,1.A.4.a.2,Far Vision,IM,2.38,8,0.183,2.0164,2.7336,N,,08/2018,Analyst
51-9196.00,1.A.4.a.2,Far Vision,LV,2.5,8,0.2673,1.9762,3.0238,N,N,08/2018,Analyst
51-9196.00,1.A.4.a.3,Visual Color Discrimination,IM,2.62,8,0.183,2.2664,2.9836,N,,08/2018,Analyst
51-9196.00,1.A.4.a.3,Visual Color Discrimination,LV,2.75,8,0.1637,2.4292,3.0708,N,N,08/2018,Analyst
51-9196.00,1.A.4.a.4,Night Vision,IM,1.38,8,0.183,1.0164,1.7336,N,,08/2018,Analyst
51-9196.00,1.A.4.a.4,Night Vision,LV,0.38,8,0.183,0.0164,0.7336,N,N,08/2018,Analyst
51-9196.00,1.A.4.a.5,Peripheral Vision,IM,1.5,8,0.189,1.1296,1.8704,N,,08/2018,Analyst
51-9196.00,1.A.4.a.5,Peripheral Vision,LV,0.5,8,0.189,0.1296,0.8704,N,N,08/2018,Analyst
51-9196.00,1.A.4.a.6,Depth Perception,IM,2.62,8,0.183,2.2664,2.9836,N,,08/2018,Analyst
51-9196.00,1.A.4.a.6,Depth Perception,LV,2.25,8,0.1637,1.9292,2.5708,N,N,08/2018,Analyst
51-9196.00,1.A.4.a.7,Glare Sensitivity,IM,1.88,8,0.125,1.63,2.12,N,,08/2018,Analyst
51-9196.00,1.A.4.a.7,Glare Sensitivity,LV,0.88,8,0.125,0.63,1.12,N,N,08/2018,Analyst
51-9196.00,1.A.4.b.1,Hearing Sensitivity,IM,2.88,8,0.125,2.63,3.12,N,,08/2018,Analyst
51-9196.00,1.A.4.b.1,Hearing Sensitivity,LV,2.88,8,0.125,2.63,3.12,N,N,08/2018,Analyst
51-9196.00,1.A.4.b.2,Auditory Attention,IM,2.88,8,0.125,2.63,3.12,N,,08/2018,Analyst
51-9196.00,1.A.4.b.2,Auditory Attention,LV,3.0,8,0.0,3.0,3.0,N,N,08/2018,Analyst
51-9196.00,1.A.4.b.3,Sound Localization,IM,1.75,8,0.1637,1.4292,2.0708,N,,08/2018,Analyst
51-9196.00,1.A.4.b.3,Sound Localization,LV,0.88,8,0.2266,0.4309,1.3191,N,N,08/2018,Analyst
51-9196.00,1.A.4.b.4,Speech Recognition,IM,2.88,8,0.125,2.63,3.12,N,,08/2018,Analyst
51-9196.00,1.A.4.b.4,Speech Recognition,LV,2.38,8,0.2631,1.8594,2.8906,N,N,08/2018,Analyst
51-9196.00,1.A.4.b.5,Speech Clarity,IM,2.75,8,0.1637,2.4292,3.0708,N,,08/2018,Analyst
51-9196.00,1.A.4.b.5,Speech Clarity,LV,2.25,8,0.1637,1.9292,2.5708,N,N,08/2018,Analyst
51-9197.00,1.A.1.a.1,Oral Comprehension,IM,3.0,8,0.0,3.0,3.0,N,,08/2020,Analyst
51-9197.00,1.A.1.a.1,Oral Comprehension,LV,2.75,8,0.1637,2.4292,3.0708,N,N,08/2020,Analyst
51-9197.00,1.A.1.a.2,Written Comprehension,IM,2.5,8,0.189,2.1296,2.8704,N,,08/2020,Analyst
51-9197.00,1.A.1.a.2,Written Comprehension,LV,2.25,8,0.1637,1.9292,2.5708,N,N,08/2020,Analyst
51-9197.00,1.A.1.a.3,Oral Expression,IM,2.88,8,0.125,2.63,3.12,N,,08/2020,Analyst
51-9197.00,1.A.1.a.3,Oral Expression,LV,2.75,8,0.1637,2.4292,3.0708,N,N,08/2020,Analyst
51-9197.00,1.A.1.a.4,Written Expression,IM,2.0,8,0.0,2.0,2.0,N,,08/2020,Analyst
51-9197.00,1.A.1.a.4,Written Expression,LV,1.88,8,0.125,1.63,2.12,N,N,08/2020,Analyst
51-9197.00,1.A.1.b.1,Fluency of Ideas,IM,2.12,8,0.125,1.88,2.37,N,,08/2020,Analyst
51-9197.00,1.A.1.b.1,Fluency of Ideas,LV,1.88,8,0.125,1.63,2.12,N,N,08/2020,Analyst
51-9197.00,1.A.1.b.2,Originality,IM,2.0,8,0.0,2.0,2.0,N,,08/2020,Analyst
51-9197.00,1.A.1.b.2,Originality,LV,2.0,8,0.0,2.0,2.0,N,N,08/2020,Analyst
51-9197.00,1.A.1.b.3,Problem Sensitivity,IM,3.0,8,0.189,2.6296,3.3704,N,,08/2020,Analyst
51-9197.00,1.A.1.b.3,Problem Sensitivity,LV,2.62,8,0.183,2.2664,2.9836,N,N,08/2020,Analyst
51-9197.00,1.A.1.b.4,Deductive Reasoning,IM,2.88,8,0.125,2.63,3.12,N,,08/2020,Analyst
51-9197.00,1.A.1.b.4,Deductive Reasoning,LV,2.62,8,0.183,2.2664,2.9836,N,N,08/2020,Analyst
51-9197.00,1.A.1.b.5,Inductive Reasoning,IM,2.88,8,0.125,2.63,3.12,N,,08/2020,Analyst
51-9197.00,1.A.1.b.5,Inductive Reasoning,LV,2.5,8,0.189,2.1296,2.8704,N,N,08/2020,Analyst
51-9197.00,1.A.1.b.6,Information Ordering,IM,2.75,8,0.1637,2.4292,3.0708,N,,08/2020,Analyst
51-9197.00,1.A.1.b.6,Information Ordering,LV,2.5,8,0.189,2.1296,2.8704,N,N,08/2020,Analyst
51-9197.00,1.A.1.b.7,Category Flexibility,IM,2.5,8,0.189,2.1296,2.8704,N,,08/2020,Analyst
51-9197.00,1.A.1.b.7,Category Flexibility,LV,2.38,8,0.183,2.0164,2.7336,N,N,08/2020,Analyst
51-9197.00,1.A.1.c.1,Mathematical Reasoning,IM,2.0,8,0.0,2.0,2.0,N,,08/2020,Analyst
51-9197.00,1.A.1.c.1,Mathematical Reasoning,LV,1.12,8,0.125,0.88,1.37,N,N,08/2020,Analyst
51-9197.00,1.A.1.c.2,Number Facility,IM,2.0,8,0.0,2.0,2.0,N,,08/2020,Analyst
51-9197.00,1.A.1.c.2,Number Facility,LV,1.25,8,0.1637,0.9292,1.5708,N,N,08/2020,Analyst
51-9197.00,1.A.1.d.1,Memorization,IM,2.0,8,0.0,2.0,2.0,N,,08/2020,Analyst
51-9197.00,1.A.1.d.1,Memorization,LV,1.25,8,0.1637,0.9292,1.5708,N,N,08/2020,Analyst
51-9197.00,1.A.1.e.1,Speed of Closure,IM,2.0,8,0.189,1.6296,2.3704,N,,08/2020,Analyst
51-9197.00,1.A.1.e.1,Speed of Closure,LV,1.12,8,0.2266,0.6809,1.5691,N,N,08/2020,Analyst
51-9197.00,1.A.1.e.2,Flexibility of Closure,IM,2.62,8,0.2631,2.1094,3.1406,N,,08/2020,Analyst
51-9197.00,1.A.1.e.2,Flexibility of Closure,LV,2.5,8,0.189,2.1296,2.8704,N,N,08/2020,Analyst
51-9197.00,1.A.1.e.3,Perceptual Speed,IM,2.75,8,0.1637,2.4292,3.0708,N,,08/2020,Analyst
51-9197.00,1.A.1.e.3,Perceptual Speed,LV,2.5,8,0.189,2.1296,2.8704,N,N,08/2020,Analyst
51-9197.00,1.A.1.f.1,Spatial Orientation,IM,1.88,8,0.125,1.63,2.12,N,,08/2020,Analyst
51-9197.00,1.A.1.f.1,Spatial Orientation,LV,0.88,8,0.125,0.63,1.12,N,N,08/2020,Analyst
51-9197.00,1.A.1.f.2,Visualization,IM,2.88,8,0.2266,2.4309,3.3191,N,,08/2020,Analyst
51-9197.00,1.A.1.f.2,Visualization,LV,2.88,8,0.2266,2.4309,3.3191,N,N,08/2020,Analyst
51-9197.00,1.A.1.g.1,Selective Attention,IM,3.12,8,0.125,2.88,3.37,N,,08/2020,Analyst
51-9197.00,1.A.1.g.1,Selective Attention,LV,3.12,8,0.125,2.88,3.37,N,N,08/2020,Analyst
51-9197.00,1.A.1.g.2,Time Sharing,IM,2.0,8,0.189,1.6296,2.3704,N,,08/2020,Analyst
51-9197.00,1.A.1.g.2,Time Sharing,LV,1.62,8,0.2631,1.1094,2.1406,N,N,08/2020,Analyst
51-9197.00,1.A.2.a.1,Arm-Hand Steadiness,IM,3.62,8,0.183,3.2664,3.9836,N,,08/2020,Analyst
51-9197.00,1.A.2.a.1,Arm-Hand Steadiness,LV,3.12,8,0.125,2.88,3.37,N,N,08/2020,Analyst
51-9197.00,1.A.2.a.2,Manual Dexterity,IM,3.75,8,0.1637,3.4292,4.0708,N,,08/2020,Analyst
51-9197.00,1.A.2.a.2,Manual Dexterity,LV,3.5,8,0.189,3.1296,3.8704,N,N,08/2020,Analyst
51-9197.00,1.A.2.a.3,Finger Dexterity,IM,3.5,8,0.189,3.1296,3.8704,N,,08/2020,Analyst
51-9197.00,1.A.2.a.3,Finger Dexterity,LV,3.12,8,0.125,2.88,3.37,N,N,08/2020,Analyst
51-9197.00,1.A.2.b.1,Control Precision,IM,3.62,8,0.183,3.2664,3.9836,N,,08/2020,Analyst
51-9197.00,1.A.2.b.1,Control Precision,LV,3.62,8,0.183,3.2664,3.9836,N,N,08/2020,Analyst
51-9197.00,1.A.2.b.2,Multilimb Coordination,IM,3.62,8,0.183,3.2664,3.9836,N,,08/2020,Analyst
51-9197.00,1.A.2.b.2,Multilimb Coordination,LV,3.62,8,0.183,3.2664,3.9836,N,N,08/2020,Analyst
51-9197.00,1.A.2.b.3,Response Orientation,IM,2.75,8,0.1637,2.4292,3.0708,N,,08/2020,Analyst
51-9197.00,1.A.2.b.3,Response Orientation,LV,2.88,8,0.125,2.63,3.12,N,N,08/2020,Analyst
51-9197.00,1.A.2.b.4,Rate Control,IM,3.5,8,0.189,3.1296,3.8704,N,,08/2020,Analyst
51-9197.00,1.A.2.b.4,Rate Control,LV,3.12,8,0.125,2.88,3.37,N,N,08/2020,Analyst
51-9197.00,1.A.2.c.1,Reaction Time,IM,3.12,8,0.125,2.88,3.37,N,,08/2020,Analyst
51-9197.00,1.A.2.c.1,Reaction Time,LV,3.38,8,0.183,3.0164,3.7336,N,N,08/2020,Analyst
51-9197.00,1.A.2.c.2,Wrist-Finger Speed,IM,2.38,8,0.183,2.0164,2.7336,N,,08/2020,Analyst
51-9197.00,1.A.2.c.2,Wrist-Finger Speed,LV,2.25,8,0.1637,1.9292,2.5708,N,N,08/2020,Analyst
51-9197.00,1.A.2.c.3,Speed of Limb Movement,IM,2.38,8,0.183,2.0164,2.7336,N,,08/2020,Analyst
51-9197.00,1.A.2.c.3,Speed of Limb Movement,LV,2.12,8,0.125,1.88,2.37,N,N,08/2020,Analyst
51-9197.00,1.A.3.a.1,Static Strength,IM,3.12,8,0.125,2.88,3.37,N,,08/2020,Analyst
51-9197.00,1.A.3.a.1,Static Strength,LV,3.12,8,0.125,2.88,3.37,N,N,08/2020,Analyst
51-9197.00,1.A.3.a.2,Explosive Strength,IM,1.62,8,0.183,1.2664,1.9836,N,,08/2020,Analyst
51-9197.00,1.A.3.a.2,Explosive Strength,LV,0.88,8,0.295,0.2967,1.4533,N,N,08/2020,Analyst
51-9197.00,1.A.3.a.3,Dynamic Strength,IM,2.75,8,0.3134,2.1358,3.3642,N,,08/2020,Analyst
51-9197.00,1.A.3.a.3,Dynamic Strength,LV,2.25,8,0.1637,1.9292,2.5708,N,N,08/2020,Analyst
51-9197.00,1.A.3.a.4,Trunk Strength,IM,3.5,8,0.189,3.1296,3.8704,N,,08/2020,Analyst
51-9197.00,1.A.3.a.4,Trunk Strength,LV,3.25,8,0.1637,2.9292,3.5708,N,N,08/2020,Analyst
51-9197.00,1.A.3.b.1,Stamina,IM,3.0,8,0.0,3.0,3.0,N,,08/2020,Analyst
51-9197.00,1.A.3.b.1,Stamina,LV,3.0,8,0.0,3.0,3.0,N,N,08/2020,Analyst
51-9197.00,1.A.3.c.1,Extent Flexibility,IM,3.25,8,0.1637,2.9292,3.5708,N,,08/2020,Analyst
51-9197.00,1.A.3.c.1,Extent Flexibility,LV,3.5,8,0.189,3.1296,3.8704,N,N,08/2020,Analyst
51-9197.00,1.A.3.c.2,Dynamic Flexibility,IM,1.12,8,0.125,1.0,1.37,N,,08/2020,Analyst
51-9197.00,1.A.3.c.2,Dynamic Flexibility,LV,0.12,8,0.125,0.0,0.37,N,Y,08/2020,Analyst
51-9197.00,1.A.3.c.3,Gross Body Coordination,IM,2.75,8,0.1637,2.4292,3.0708,N,,08/2020,Analyst
51-9197.00,1.A.3.c.3,Gross Body Coordination,LV,2.75,8,0.1637,2.4292,3.0708,N,N,08/2020,Analyst
51-9197.00,1.A.3.c.4,Gross Body Equilibrium,IM,2.12,8,0.125,1.88,2.37,N,,08/2020,Analyst
51-9197.00,1.A.3.c.4,Gross Body Equilibrium,LV,2.0,8,0.0,2.0,2.0,N,N,08/2020,Analyst
51-9197.00,1.A.4.a.1,Near Vision,IM,3.5,8,0.189,3.1296,3.8704,N,,08/2020,Analyst
51-9197.00,1.A.4.a.1,Near Vision,LV,3.12,8,0.125,2.88,3.37,N,N,08/2020,Analyst
51-9197.00,1.A.4.a.2,Far Vision,IM,2.62,8,0.183,2.2664,2.9836,N,,08/2020,Analyst
51-9197.00,1.A.4.a.2,Far Vision,LV,2.25,8,0.1637,1.9292,2.5708,N,N,08/2020,Analyst
51-9197.00,1.A.4.a.3,Visual Color Discrimination,IM,2.5,8,0.189,2.1296,2.8704,N,,08/2020,Analyst
51-9197.00,1.A.4.a.3,Visual Color Discrimination,LV,2.25,8,0.1637,1.9292,2.5708,N,N,08/2020,Analyst
51-9197.00,1.A.4.a.4,Night Vision,IM,1.62,8,0.183,1.2664,1.9836,N,,08/2020,Analyst
51-9197.00,1.A.4.a.4,Night Vision,LV,0.75,8,0.25,0.26,1.24,N,N,08/2020,Analyst
51-9197.00,1.A.4.a.5,Peripheral Vision,IM,1.75,8,0.1637,1.4292,2.0708,N,,08/2020,Analyst
51-9197.00,1.A.4.a.5,Peripheral Vision,LV,0.75,8,0.1637,0.4292,1.0708,N,N,08/2020,Analyst
51-9197.00,1.A.4.a.6,Depth Perception,IM,2.38,8,0.183,2.0164,2.7336,N,,08/2020,Analyst
51-9197.00,1.A.4.a.6,Depth Perception,LV,2.38,8,0.183,2.0164,2.7336,N,N,08/2020,Analyst
51-9197.00,1.A.4.a.7,Glare Sensitivity,IM,1.75,8,0.1637,1.4292,2.0708,N,,08/2020,Analyst
51-9197.00,1.A.4.a.7,Glare Sensitivity,LV,1.38,8,0.3239,0.7402,2.0098,N,N,08/2020,Analyst
51-9197.00,1.A.4.b.1,Hearing Sensitivity,IM,2.25,8,0.1637,1.9292,2.5708,N,,08/2020,Analyst
51-9197.00,1.A.4.b.1,Hearing Sensitivity,LV,2.38,8,0.183,2.0164,2.7336,N,N,08/2020,Analyst
51-9197.00,1.A.4.b.2,Auditory Attention,IM,3.0,8,0.0,3.0,3.0,N,,08/2020,Analyst
51-9197.00,1.A.4.b.2,Auditory Attention,LV,3.25,8,0.1637,2.9292,3.5708,N,N,08/2020,Analyst
51-9197.00,1.A.4.b.3,Sound Localization,IM,1.75,8,0.1637,1.4292,2.0708,N,,08/2020,Analyst
51-9197.00,1.A.4.b.3,Sound Localization,LV,0.75,8,0.1637,0.4292,1.0708,N,N,08/2020,Analyst
51-9197.00,1.A.4.b.4,Speech Recognition,IM,3.0,8,0.0,3.0,3.0,N,,08/2020,Analyst
51-9197.00,1.A.4.b.4,Speech Recognition,LV,2.5,8,0.189,2.1296,2.8704,N,N,08/2020,Analyst
51-9197.00,1.A.4.b.5,Speech Clarity,IM,2.75,8,0.1637,2.4292,3.0708,N,,08/2020,Analyst
51-9197.00,1.A.4.b.5,Speech Clarity,LV,2.25,8,0.25,1.76,2.74,N,N,08/2020,Analyst
51-9198.00,1.A.1.a.1,Oral Comprehension,IM,3.0,8,0.0,3.0,3.0,N,,07/2015,Analyst
51-9198.00,1.A.1.a.1,Oral Comprehension,LV,2.88,8,0.125,2.63,3.12,N,N,07/2015,Analyst
51-9198.00,1.A.1.a.2,Written Comprehension,IM,2.88,8,0.125,2.63,3.12,N,,07/2015,Analyst
51-9198.00,1.A.1.a.2,Written Comprehension,LV,2.25,8,0.1637,1.9292,2.5708,N,N,07/2015,Analyst
51-9198.00,1.A.1.a.3,Oral Expression,IM,3.0,8,0.0,3.0,3.0,N,,07/2015,Analyst
51-9198.00,1.A.1.a.3,Oral Expression,LV,2.88,8,0.125,2.63,3.12,N,N,07/2015,Analyst
51-9198.00,1.A.1.a.4,Written Expression,IM,2.0,8,0.0,2.0,2.0,N,,07/2015,Analyst
51-9198.00,1.A.1.a.4,Written Expression,LV,2.0,8,0.0,2.0,2.0,N,N,07/2015,Analyst
51-9198.00,1.A.1.b.1,Fluency of Ideas,IM,1.88,8,0.125,1.63,2.12,N,,07/2015,Analyst
51-9198.00,1.A.1.b.1,Fluency of Ideas,LV,1.62,8,0.2631,1.1094,2.1406,N,N,07/2015,Analyst
51-9198.00,1.A.1.b.2,Originality,IM,1.88,8,0.125,1.63,2.12,N,,07/2015,Analyst
51-9198.00,1.A.1.b.2,Originality,LV,1.62,8,0.2631,1.1094,2.1406,N,N,07/2015,Analyst
51-9198.00,1.A.1.b.3,Problem Sensitivity,IM,3.12,8,0.125,2.88,3.37,N,,07/2015,Analyst
51-9198.00,1.A.1.b.3,Problem Sensitivity,LV,2.75,8,0.1637,2.4292,3.0708,N,N,07/2015,Analyst
51-9198.00,1.A.1.b.4,Deductive Reasoning,IM,2.88,8,0.125,2.63,3.12,N,,07/2015,Analyst
51-9198.00,1.A.1.b.4,Deductive Reasoning,LV,2.62,8,0.183,2.2664,2.9836,N,N,07/2015,Analyst
51-9198.00,1.A.1.b.5,Inductive Reasoning,IM,2.75,8,0.1637,2.4292,3.0708,N,,07/2015,Analyst
51-9198.00,1.A.1.b.5,Inductive Reasoning,LV,2.75,8,0.1637,2.4292,3.0708,N,N,07/2015,Analyst
51-9198.00,1.A.1.b.6,Information Ordering,IM,3.12,8,0.125,2.88,3.37,N,,07/2015,Analyst
51-9198.00,1.A.1.b.6,Information Ordering,LV,2.62,8,0.183,2.2664,2.9836,N,N,07/2015,Analyst
51-9198.00,1.A.1.b.7,Category Flexibility,IM,2.88,8,0.125,2.63,3.12,N,,07/2015,Analyst
51-9198.00,1.A.1.b.7,Category Flexibility,LV,2.75,8,0.1637,2.4292,3.0708,N,N,07/2015,Analyst
51-9198.00,1.A.1.c.1,Mathematical Reasoning,IM,2.0,8,0.0,2.0,2.0,N,,07/2015,Analyst
51-9198.00,1.A.1.c.1,Mathematical Reasoning,LV,1.62,8,0.183,1.2664,1.9836,N,N,07/2015,Analyst
51-9198.00,1.A.1.c.2,Number Facility,IM,2.0,8,0.0,2.0,2.0,N,,07/2015,Analyst
51-9198.00,1.A.1.c.2,Number Facility,LV,1.75,8,0.1637,1.4292,2.0708,N,N,07/2015,Analyst
51-9198.00,1.A.1.d.1,Memorization,IM,2.0,8,0.0,2.0,2.0,N,,07/2015,Analyst
51-9198.00,1.A.1.d.1,Memorization,LV,1.12,8,0.125,0.88,1.37,N,N,07/2015,Analyst
51-9198.00,1.A.1.e.1,Speed of Closure,IM,2.12,8,0.125,1.88,2.37,N,,07/2015,Analyst
51-9198.00,1.A.1.e.1,Speed of Closure,LV,1.75,8,0.1637,1.4292,2.0708,N,N,07/2015,Analyst
51-9198.00,1.A.1.e.2,Flexibility of Closure,IM,2.25,8,0.1637,1.9292,2.5708,N,,07/2015,Analyst
51-9198.00,1.A.1.e.2,Flexibility of Closure,LV,2.12,8,0.125,1.88,2.37,N,N,07/2015,Analyst
51-9198.00,1.A.1.e.3,Perceptual Speed,IM,3.0,8,0.189,2.6296,3.3704,N,,07/2015,Analyst
51-9198.00,1.A.1.e.3,Perceptual Speed,LV,3.0,8,0.189,2.6296,3.3704,N,N,07/2015,Analyst
51-9198.00,1.A.1.f.1,Spatial Orientation,IM,1.88,8,0.125,1.63,2.12,N,,07/2015,Analyst
51-9198.00,1.A.1.f.1,Spatial Orientation,LV,1.0,8,0.189,0.6296,1.3704,N,N,07/2015,Analyst
51-9198.00,1.A.1.f.2,Visualization,IM,2.75,8,0.1637,2.4292,3.0708,N,,07/2015,Analyst
51-9198.00,1.A.1.f.2,Visualization,LV,2.62,8,0.183,2.2664,2.9836,N,N,07/2015,Analyst
51-9198.00,1.A.1.g.1,Selective Attention,IM,2.88,8,0.125,2.63,3.12,N,,07/2015,Analyst
51-9198.00,1.A.1.g.1,Selective Attention,LV,2.75,8,0.1637,2.4292,3.0708,N,N,07/2015,Analyst
51-9198.00,1.A.1.g.2,Time Sharing,IM,2.25,8,0.1637,1.9292,2.5708,N,,07/2015,Analyst
51-9198.00,1.A.1.g.2,Time Sharing,LV,2.0,8,0.0,2.0,2.0,N,N,07/2015,Analyst
51-9198.00,1.A.2.a.1,Arm-Hand Steadiness,IM,3.12,8,0.125,2.88,3.37,N,,07/2015,Analyst
51-9198.00,1.A.2.a.1,Arm-Hand Steadiness,LV,3.12,8,0.125,2.88,3.37,N,N,07/2015,Analyst
51-9198.00,1.A.2.a.2,Manual Dexterity,IM,3.25,8,0.1637,2.9292,3.5708,N,,07/2015,Analyst
51-9198.00,1.A.2.a.2,Manual Dexterity,LV,3.12,8,0.125,2.88,3.37,N,N,07/2015,Analyst
51-9198.00,1.A.2.a.3,Finger Dexterity,IM,3.12,8,0.125,2.88,3.37,N,,07/2015,Analyst
51-9198.00,1.A.2.a.3,Finger Dexterity,LV,3.0,8,0.0,3.0,3.0,N,N,07/2015,Analyst
51-9198.00,1.A.2.b.1,Control Precision,IM,3.25,8,0.1637,2.9292,3.5708,N,,07/2015,Analyst
51-9198.00,1.A.2.b.1,Control Precision,LV,3.38,8,0.183,3.0164,3.7336,N,N,07/2015,Analyst
51-9198.00,1.A.2.b.2,Multilimb Coordination,IM,3.12,8,0.125,2.88,3.37,N,,07/2015,Analyst
51-9198.00,1.A.2.b.2,Multilimb Coordination,LV,3.0,8,0.0,3.0,3.0,N,N,07/2015,Analyst
51-9198.00,1.A.2.b.3,Response Orientation,IM,2.12,8,0.125,1.88,2.37,N,,07/2015,Analyst
51-9198.00,1.A.2.b.3,Response Orientation,LV,2.25,8,0.1637,1.9292,2.5708,N,N,07/2015,Analyst
51-9198.00,1.A.2.b.4,Rate Control,IM,2.25,8,0.1637,1.9292,2.5708,N,,07/2015,Analyst
51-9198.00,1.A.2.b.4,Rate Control,LV,2.25,8,0.1637,1.9292,2.5708,N,N,07/2015,Analyst
51-9198.00,1.A.2.c.1,Reaction Time,IM,2.75,8,0.1637,2.4292,3.0708,N,,07/2015,Analyst
51-9198.00,1.A.2.c.1,Reaction Time,LV,3.0,8,0.189,2.6296,3.3704,N,N,07/2015,Analyst
51-9198.00,1.A.2.c.2,Wrist-Finger Speed,IM,2.12,8,0.125,1.88,2.37,N,,07/2015,Analyst
51-9198.00,1.A.2.c.2,Wrist-Finger Speed,LV,1.88,8,0.2266,1.4309,2.3191,N,N,07/2015,Analyst
51-9198.00,1.A.2.c.3,Speed of Limb Movement,IM,2.0,8,0.0,2.0,2.0,N,,07/2015,Analyst
51-9198.00,1.A.2.c.3,Speed of Limb Movement,LV,2.0,8,0.0,2.0,2.0,N,N,07/2015,Analyst
51-9198.00,1.A.3.a.1,Static Strength,IM,3.25,8,0.1637,2.9292,3.5708,N,,07/2015,Analyst
51-9198.00,1.A.3.a.1,Static Strength,LV,3.25,8,0.1637,2.9292,3.5708,N,N,07/2015,Analyst
51-9198.00,1.A.3.a.2,Explosive Strength,IM,1.88,8,0.125,1.63,2.12,N,,07/2015,Analyst
51-9198.00,1.A.3.a.2,Explosive Strength,LV,1.12,8,0.2266,0.6809,1.5691,N,N,07/2015,Analyst
51-9198.00,1.A.3.a.3,Dynamic Strength,IM,2.62,8,0.2631,2.1094,3.1406,N,,07/2015,Analyst
51-9198.00,1.A.3.a.3,Dynamic Strength,LV,2.12,8,0.125,1.88,2.37,N,N,07/2015,Analyst
51-9198.00,1.A.3.a.4,Trunk Strength,IM,3.25,8,0.1637,2.9292,3.5708,N,,07/2015,Analyst
51-9198.00,1.A.3.a.4,Trunk Strength,LV,3.38,8,0.183,3.0164,3.7336,N,N,07/2015,Analyst
51-9198.00,1.A.3.b.1,Stamina,IM,3.0,8,0.0,3.0,3.0,N,,07/2015,Analyst
51-9198.00,1.A.3.b.1,Stamina,LV,2.75,8,0.1637,2.4292,3.0708,N,N,07/2015,Analyst
51-9198.00,1.A.3.c.1,Extent Flexibility,IM,3.0,8,0.0,3.0,3.0,N,,07/2015,Analyst
51-9198.00,1.A.3.c.1,Extent Flexibility,LV,3.12,8,0.125,2.88,3.37,N,N,07/2015,Analyst
51-9198.00,1.A.3.c.2,Dynamic Flexibility,IM,1.38,8,0.183,1.0164,1.7336,N,,07/2015,Analyst
51-9198.00,1.A.3.c.2,Dynamic Flexibility,LV,0.38,8,0.183,0.0164,0.7336,N,N,07/2015,Analyst
51-9198.00,1.A.3.c.3,Gross Body Coordination,IM,2.25,8,0.1637,1.9292,2.5708,N,,07/2015,Analyst
51-9198.00,1.A.3.c.3,Gross Body Coordination,LV,2.0,8,0.0,2.0,2.0,N,N,07/2015,Analyst
51-9198.00,1.A.3.c.4,Gross Body Equilibrium,IM,2.0,8,0.0,2.0,2.0,N,,07/2015,Analyst
51-9198.00,1.A.3.c.4,Gross Body Equilibrium,LV,1.75,8,0.1637,1.4292,2.0708,N,N,07/2015,Analyst
51-9198.00,1.A.4.a.1,Near Vision,IM,3.5,8,0.189,3.1296,3.8704,N,,07/2015,Analyst
51-9198.00,1.A.4.a.1,Near Vision,LV,3.25,8,0.1637,2.9292,3.5708,N,N,07/2015,Analyst
51-9198.00,1.A.4.a.2,Far Vision,IM,2.88,8,0.2266,2.4309,3.3191,N,,07/2015,Analyst
51-9198.00,1.A.4.a.2,Far Vision,LV,2.75,8,0.1637,2.4292,3.0708,N,N,07/2015,Analyst
51-9198.00,1.A.4.a.3,Visual Color Discrimination,IM,2.5,8,0.189,2.1296,2.8704,N,,07/2015,Analyst
51-9198.00,1.A.4.a.3,Visual Color Discrimination,LV,2.38,8,0.3239,1.7402,3.0098,N,N,07/2015,Analyst
51-9198.00,1.A.4.a.4,Night Vision,IM,1.75,8,0.1637,1.4292,2.0708,N,,07/2015,Analyst
51-9198.00,1.A.4.a.4,Night Vision,LV,0.88,8,0.2266,0.4309,1.3191,N,N,07/2015,Analyst
51-9198.00,1.A.4.a.5,Peripheral Vision,IM,2.0,8,0.0,2.0,2.0,N,,07/2015,Analyst
51-9198.00,1.A.4.a.5,Peripheral Vision,LV,1.12,8,0.125,0.88,1.37,N,N,07/2015,Analyst
51-9198.00,1.A.4.a.6,Depth Perception,IM,2.88,8,0.125,2.63,3.12,N,,07/2015,Analyst
51-9198.00,1.A.4.a.6,Depth Perception,LV,2.75,8,0.25,2.26,3.24,N,N,07/2015,Analyst
51-9198.00,1.A.4.a.7,Glare Sensitivity,IM,1.75,8,0.1637,1.4292,2.0708,N,,07/2015,Analyst
51-9198.00,1.A.4.a.7,Glare Sensitivity,LV,0.88,8,0.2266,0.4309,1.3191,N,N,07/2015,Analyst
51-9198.00,1.A.4.b.1,Hearing Sensitivity,IM,2.5,8,0.2673,1.9762,3.0238,N,,07/2015,Analyst
51-9198.00,1.A.4.b.1,Hearing Sensitivity,LV,2.12,8,0.3504,1.4383,2.8117,N,N,07/2015,Analyst
51-9198.00,1.A.4.b.2,Auditory Attention,IM,2.75,8,0.25,2.26,3.24,N,,07/2015,Analyst
51-9198.00,1.A.4.b.2,Auditory Attention,LV,2.88,8,0.2266,2.4309,3.3191,N,N,07/2015,Analyst
51-9198.00,1.A.4.b.3,Sound Localization,IM,1.75,8,0.1637,1.4292,2.0708,N,,07/2015,Analyst
51-9198.00,1.A.4.b.3,Sound Localization,LV,0.75,8,0.1637,0.4292,1.0708,N,N,07/2015,Analyst
51-9198.00,1.A.4.b.4,Speech Recognition,IM,2.88,8,0.125,2.63,3.12,N,,07/2015,Analyst
51-9198.00,1.A.4.b.4,Speech Recognition,LV,2.25,8,0.1637,1.9292,2.5708,N,N,07/2015,Analyst
51-9198.00,1.A.4.b.5,Speech Clarity,IM,2.62,8,0.183,2.2664,2.9836,N,,07/2015,Analyst
51-9198.00,1.A.4.b.5,Speech Clarity,LV,2.12,8,0.2266,1.6809,2.5691,N,N,07/2015,Analyst
53-1041.00,1.A.1.a.1,Oral Comprehension,IM,4.0,8,0.0,4.0,4.0,N,,07/2016,Analyst
53-1041.00,1.A.1.a.1,Oral Comprehension,LV,3.88,8,0.125,3.63,4.12,N,N,07/2016,Analyst
53-1041.00,1.A.1.a.2,Written Comprehension,IM,3.12,8,0.125,2.88,3.37,N,,07/2016,Analyst
53-1041.00,1.A.1.a.2,Written Comprehension,LV,3.0,8,0.0,3.0,3.0,N,N,07/2016,Analyst
53-1041.00,1.A.1.a.3,Oral Expression,IM,4.0,8,0.0,4.0,4.0,N,,07/2016,Analyst
53-1041.00,1.A.1.a.3,Oral Expression,LV,3.88,8,0.125,3.63,4.12,N,N,07/2016,Analyst
53-1041.00,1.A.1.a.4,Written Expression,IM,3.12,8,0.125,2.88,3.37,N,,07/2016,Analyst
53-1041.00,1.A.1.a.4,Written Expression,LV,2.88,8,0.125,2.63,3.12,N,N,07/2016,Analyst
53-1041.00,1.A.1.b.1,Fluency of Ideas,IM,3.0,8,0.0,3.0,3.0,N,,07/2016,Analyst
53-1041.00,1.A.1.b.1,Fluency of Ideas,LV,3.0,8,0.0,3.0,3.0,N,N,07/2016,Analyst
53-1041.00,1.A.1.b.2,Originality,IM,2.88,8,0.125,2.63,3.12,N,,07/2016,Analyst
53-1041.00,1.A.1.b.2,Originality,LV,3.0,8,0.189,2.6296,3.3704,N,N,07/2016,Analyst
53-1041.00,1.A.1.b.3,Problem Sensitivity,IM,3.88,8,0.125,3.63,4.12,N,,07/2016,Analyst
53-1041.00,1.A.1.b.3,Problem Sensitivity,LV,3.5,8,0.189,3.1296,3.8704,N,N,07/2016,Analyst
53-1041.00,1.A.1.b.4,Deductive Reasoning,IM,3.62,8,0.183,3.2664,3.9836,N,,07/2016,Analyst
53-1041.00,1.A.1.b.4,Deductive Reasoning,LV,3.12,8,0.125,2.88,3.37,N,N,07/2016,Analyst
53-1041.00,1.A.1.b.5,Inductive Reasoning,IM,3.12,8,0.125,2.88,3.37,N,,07/2016,Analyst
53-1041.00,1.A.1.b.5,Inductive Reasoning,LV,3.0,8,0.0,3.0,3.0,N,N,07/2016,Analyst
53-1041.00,1.A.1.b.6,Information Ordering,IM,3.25,8,0.1637,2.9292,3.5708,N,,07/2016,Analyst
53-1041.00,1.A.1.b.6,Information Ordering,LV,3.12,8,0.125,2.88,3.37,N,N,07/2016,Analyst
53-1041.00,1.A.1.b.7,Category Flexibility,IM,3.12,8,0.125,2.88,3.37,N,,07/2016,Analyst
53-1041.00,1.A.1.b.7,Category Flexibility,LV,3.0,8,0.0,3.0,3.0,N,N,07/2016,Analyst
53-1041.00,1.A.1.c.1,Mathematical Reasoning,IM,2.88,8,0.125,2.63,3.12,N,,07/2016,Analyst
53-1041.00,1.A.1.c.1,Mathematical Reasoning,LV,2.88,8,0.125,2.63,3.12,N,N,07/2016,Analyst
53-1041.00,1.A.1.c.2,Number Facility,IM,2.88,8,0.125,2.63,3.12,N,,07/2016,Analyst
53-1041.00,1.A.1.c.2,Number Facility,LV,3.0,8,0.0,3.0,3.0,N,N,07/2016,Analyst
53-1041.00,1.A.1.d.1,Memorization,IM,2.5,8,0.189,2.1296,2.8704,N,,07/2016,Analyst
53-1041.00,1.A.1.d.1,Memorization,LV,2.38,8,0.183,2.0164,2.7336,N,N,07/2016,Analyst
53-1041.00,1.A.1.e.1,Speed of Closure,IM,3.0,8,0.0,3.0,3.0,N,,07/2016,Analyst
53-1041.00,1.A.1.e.1,Speed of Closure,LV,3.0,8,0.0,3.0,3.0,N,N,07/2016,Analyst
53-1041.00,1.A.1.e.2,Flexibility of Closure,IM,3.25,8,0.1637,2.9292,3.5708,N,,07/2016,Analyst
53-1041.00,1.A.1.e.2,Flexibility of Closure,LV,3.12,8,0.125,2.88,3.37,N,N,07/2016,Analyst
53-1041.00,1.A.1.e.3,Perceptual Speed,IM,3.38,8,0.183,3.0164,3.7336,N,,07/2016,Analyst
53-1041.00,1.A.1.e.3,Perceptual Speed,LV,3.12,8,0.125,2.88,3.37,N,N,07/2016,Analyst
53-1041.00,1.A.1.f.1,Spatial Orientation,IM,2.12,8,0.125,1.88,2.37,N,,07/2016,Analyst
53-1041.00,1.A.1.f.1,Spatial Orientation,LV,2.0,8,0.0,2.0,2.0,N,N,07/2016,Analyst
53-1041.00,1.A.1.f.2,Visualization,IM,3.25,8,0.1637,2.9292,3.5708,N,,07/2016,Analyst
53-1041.00,1.A.1.f.2,Visualization,LV,3.62,8,0.183,3.2664,3.9836,N,N,07/2016,Analyst
53-1041.00,1.A.1.g.1,Selective Attention,IM,3.5,8,0.189,3.1296,3.8704,N,,07/2016,Analyst
53-1041.00,1.A.1.g.1,Selective Attention,LV,3.5,8,0.189,3.1296,3.8704,N,N,07/2016,Analyst
53-1041.00,1.A.1.g.2,Time Sharing,IM,3.25,8,0.1637,2.9292,3.5708,N,,07/2016,Analyst
53-1041.00,1.A.1.g.2,Time Sharing,LV,3.12,8,0.125,2.88,3.37,N,N,07/2016,Analyst
53-1041.00,1.A.2.a.1,Arm-Hand Steadiness,IM,3.0,8,0.0,3.0,3.0,N,,07/2016,Analyst
53-1041.00,1.A.2.a.1,Arm-Hand Steadiness,LV,2.62,8,0.183,2.2664,2.9836,N,N,07/2016,Analyst
53-1041.00,1.A.2.a.2,Manual Dexterity,IM,3.0,8,0.0,3.0,3.0,N,,07/2016,Analyst
53-1041.00,1.A.2.a.2,Manual Dexterity,LV,3.12,8,0.125,2.88,3.37,N,N,07/2016,Analyst
53-1041.00,1.A.2.a.3,Finger Dexterity,IM,2.75,8,0.1637,2.4292,3.0708,N,,07/2016,Analyst
53-1041.00,1.A.2.a.3,Finger Dexterity,LV,2.75,8,0.1637,2.4292,3.0708,N,N,07/2016,Analyst
53-1041.00,1.A.2.b.1,Control Precision,IM,2.88,8,0.125,2.63,3.12,N,,07/2016,Analyst
53-1041.00,1.A.2.b.1,Control Precision,LV,3.0,8,0.0,3.0,3.0,N,N,07/2016,Analyst
53-1041.00,1.A.2.b.2,Multilimb Coordination,IM,3.5,8,0.189,3.1296,3.8704,N,,07/2016,Analyst
53-1041.00,1.A.2.b.2,Multilimb Coordination,LV,3.0,8,0.189,2.6296,3.3704,N,N,07/2016,Analyst
53-1041.00,1.A.2.b.3,Response Orientation,IM,2.5,8,0.189,2.1296,2.8704,N,,07/2016,Analyst
53-1041.00,1.A.2.b.3,Response Orientation,LV,2.62,8,0.183,2.2664,2.9836,N,N,07/2016,Analyst
53-1041.00,1.A.2.b.4,Rate Control,IM,3.0,8,0.189,2.6296,3.3704,N,,07/2016,Analyst
53-1041.00,1.A.2.b.4,Rate Control,LV,2.5,8,0.189,2.1296,2.8704,N,N,07/2016,Analyst
53-1041.00,1.A.2.c.1,Reaction Time,IM,3.0,8,0.0,3.0,3.0,N,,07/2016,Analyst
53-1041.00,1.A.2.c.1,Reaction Time,LV,3.0,8,0.0,3.0,3.0,N,N,07/2016,Analyst
53-1041.00,1.A.2.c.2,Wrist-Finger Speed,IM,2.12,8,0.125,1.88,2.37,N,,07/2016,Analyst
53-1041.00,1.A.2.c.2,Wrist-Finger Speed,LV,2.0,8,0.0,2.0,2.0,N,N,07/2016,Analyst
53-1041.00,1.A.2.c.3,Speed of Limb Movement,IM,2.25,8,0.25,1.76,2.74,N,,07/2016,Analyst
53-1041.00,1.A.2.c.3,Speed of Limb Movement,LV,2.0,8,0.378,1.2592,2.7408,N,N,07/2016,Analyst
53-1041.00,1.A.3.a.1,Static Strength,IM,3.25,8,0.1637,2.9292,3.5708,N,,07/2016,Analyst
53-1041.00,1.A.3.a.1,Static Strength,LV,3.75,8,0.1637,3.4292,4.0708,N,N,07/2016,Analyst
53-1041.00,1.A.3.a.2,Explosive Strength,IM,1.75,8,0.1637,1.4292,2.0708,N,,07/2016,Analyst
53-1041.00,1.A.3.a.2,Explosive Strength,LV,1.12,8,0.295,0.5467,1.7033,N,N,07/2016,Analyst
53-1041.00,1.A.3.a.3,Dynamic Strength,IM,2.62,8,0.2631,2.1094,3.1406,N,,07/2016,Analyst
53-1041.00,1.A.3.a.3,Dynamic Strength,LV,2.25,8,0.1637,1.9292,2.5708,N,N,07/2016,Analyst
53-1041.00,1.A.3.a.4,Trunk Strength,IM,3.12,8,0.125,2.88,3.37,N,,07/2016,Analyst
53-1041.00,1.A.3.a.4,Trunk Strength,LV,3.0,8,0.0,3.0,3.0,N,N,07/2016,Analyst
53-1041.00,1.A.3.b.1,Stamina,IM,2.62,8,0.2631,2.1094,3.1406,N,,07/2016,Analyst
53-1041.00,1.A.3.b.1,Stamina,LV,2.5,8,0.189,2.1296,2.8704,N,N,07/2016,Analyst
53-1041.00,1.A.3.c.1,Extent Flexibility,IM,3.0,8,0.189,2.6296,3.3704,N,,07/2016,Analyst
53-1041.00,1.A.3.c.1,Extent Flexibility,LV,3.12,8,0.125,2.88,3.37,N,N,07/2016,Analyst
53-1041.00,1.A.3.c.2,Dynamic Flexibility,IM,1.75,8,0.25,1.26,2.24,N,,07/2016,Analyst
53-1041.00,1.A.3.c.2,Dynamic Flexibility,LV,0.88,8,0.3504,0.1883,1.5617,N,N,07/2016,Analyst
53-1041.00,1.A.3.c.3,Gross Body Coordination,IM,2.62,8,0.183,2.2664,2.9836,N,,07/2016,Analyst
53-1041.00,1.A.3.c.3,Gross Body Coordination,LV,2.25,8,0.1637,1.9292,2.5708,N,N,07/2016,Analyst
53-1041.00,1.A.3.c.4,Gross Body Equilibrium,IM,2.12,8,0.125,1.88,2.37,N,,07/2016,Analyst
53-1041.00,1.A.3.c.4,Gross Body Equilibrium,LV,1.88,8,0.125,1.63,2.12,N,N,07/2016,Analyst
53-1041.00,1.A.4.a.1,Near Vision,IM,3.5,8,0.189,3.1296,3.8704,N,,07/2016,Analyst
53-1041.00,1.A.4.a.1,Near Vision,LV,3.25,8,0.1637,2.9292,3.5708,N,N,07/2016,Analyst
53-1041.00,1.A.4.a.2,Far Vision,IM,3.62,8,0.183,3.2664,3.9836,N,,07/2016,Analyst
53-1041.00,1.A.4.a.2,Far Vision,LV,3.25,8,0.1637,2.9292,3.5708,N,N,07/2016,Analyst
53-1041.00,1.A.4.a.3,Visual Color Discrimination,IM,2.88,8,0.125,2.63,3.12,N,,07/2016,Analyst
53-1041.00,1.A.4.a.3,Visual Color Discrimination,LV,2.88,8,0.125,2.63,3.12,N,N,07/2016,Analyst
53-1041.00,1.A.4.a.4,Night Vision,IM,1.75,8,0.1637,1.4292,2.0708,N,,07/2016,Analyst
53-1041.00,1.A.4.a.4,Night Vision,LV,1.25,8,0.3134,0.6358,1.8642,N,N,07/2016,Analyst
53-1041.00,1.A.4.a.5,Peripheral Vision,IM,2.0,8,0.0,2.0,2.0,N,,07/2016,Analyst
53-1041.00,1.A.4.a.5,Peripheral Vision,LV,2.0,8,0.0,2.0,2.0,N,N,07/2016,Analyst
53-1041.00,1.A.4.a.6,Depth Perception,IM,3.0,8,0.0,3.0,3.0,N,,07/2016,Analyst
53-1041.00,1.A.4.a.6,Depth Perception,LV,3.0,8,0.0,3.0,3.0,N,N,07/2016,Analyst
53-1041.00,1.A.4.a.7,Glare Sensitivity,IM,2.25,8,0.1637,1.9292,2.5708,N,,07/2016,Analyst
53-1041.00,1.A.4.a.7,Glare Sensitivity,LV,2.25,8,0.1637,1.9292,2.5708,N,N,07/2016,Analyst
53-1041.00,1.A.4.b.1,Hearing Sensitivity,IM,2.88,8,0.125,2.63,3.12,N,,07/2016,Analyst
53-1041.00,1.A.4.b.1,Hearing Sensitivity,LV,2.75,8,0.1637,2.4292,3.0708,N,N,07/2016,Analyst
53-1041.00,1.A.4.b.2,Auditory Attention,IM,3.12,8,0.125,2.88,3.37,N,,07/2016,Analyst
53-1041.00,1.A.4.b.2,Auditory Attention,LV,3.25,8,0.1637,2.9292,3.5708,N,N,07/2016,Analyst
53-1041.00,1.A.4.b.3,Sound Localization,IM,1.88,8,0.125,1.63,2.12,N,,07/2016,Analyst
53-1041.00,1.A.4.b.3,Sound Localization,LV,1.75,8,0.25,1.26,2.24,N,N,07/2016,Analyst
53-1041.00,1.A.4.b.4,Speech Recognition,IM,3.38,8,0.183,3.0164,3.7336,N,,07/2016,Analyst
53-1041.00,1.A.4.b.4,Speech Recognition,LV,3.0,8,0.0,3.0,3.0,N,N,07/2016,Analyst
53-1041.00,1.A.4.b.5,Speech Clarity,IM,3.25,8,0.1637,2.9292,3.5708,N,,07/2016,Analyst
53-1041.00,1.A.4.b.5,Speech Clarity,LV,3.25,8,0.1637,2.9292,3.5708,N,N,07/2016,Analyst
53-1042.00,1.A.1.a.1,Oral Comprehension,IM,4.0,8,0.0,4.0,4.0,N,,08/2024,Analyst
53-1042.00,1.A.1.a.1,Oral Comprehension,LV,4.0,8,0.0,4.0,4.0,N,N,08/2024,Analyst
53-1042.00,1.A.1.a.2,Written Comprehension,IM,3.75,8,0.1637,3.4292,4.0708,N,,08/2024,Analyst
53-1042.00,1.A.1.a.2,Written Comprehension,LV,3.75,8,0.1637,3.4292,4.0708,N,N,08/2024,Analyst
53-1042.00,1.A.1.a.3,Oral Expression,IM,4.0,8,0.0,4.0,4.0,N,,08/2024,Analyst
53-1042.00,1.A.1.a.3,Oral Expression,LV,4.0,8,0.0,4.0,4.0,N,N,08/2024,Analyst
53-1042.00,1.A.1.a.4,Written Expression,IM,3.12,8,0.125,2.88,3.37,N,,08/2024,Analyst
53-1042.00,1.A.1.a.4,Written Expression,LV,3.25,8,0.1637,2.9292,3.5708,N,N,08/2024,Analyst
53-1042.00,1.A.1.b.1,Fluency of Ideas,IM,2.88,8,0.125,2.63,3.12,N,,08/2024,Analyst
53-1042.00,1.A.1.b.1,Fluency of Ideas,LV,3.0,8,0.0,3.0,3.0,N,N,08/2024,Analyst
53-1042.00,1.A.1.b.2,Originality,IM,2.62,8,0.183,2.2664,2.9836,N,,08/2024,Analyst
53-1042.00,1.A.1.b.2,Originality,LV,3.0,8,0.0,3.0,3.0,N,N,08/2024,Analyst
53-1042.00,1.A.1.b.3,Problem Sensitivity,IM,3.5,8,0.189,3.1296,3.8704,N,,08/2024,Analyst
53-1042.00,1.A.1.b.3,Problem Sensitivity,LV,3.62,8,0.183,3.2664,3.9836,N,N,08/2024,Analyst
53-1042.00,1.A.1.b.4,Deductive Reasoning,IM,3.62,8,0.183,3.2664,3.9836,N,,08/2024,Analyst
53-1042.00,1.A.1.b.4,Deductive Reasoning,LV,3.75,8,0.1637,3.4292,4.0708,N,N,08/2024,Analyst
53-1042.00,1.A.1.b.5,Inductive Reasoning,IM,3.38,8,0.183,3.0164,3.7336,N,,08/2024,Analyst
53-1042.00,1.A.1.b.5,Inductive Reasoning,LV,3.12,8,0.125,2.88,3.37,N,N,08/2024,Analyst
53-1042.00,1.A.1.b.6,Information Ordering,IM,3.12,8,0.125,2.88,3.37,N,,08/2024,Analyst
53-1042.00,1.A.1.b.6,Information Ordering,LV,3.38,8,0.183,3.0164,3.7336,N,N,08/2024,Analyst
53-1042.00,1.A.1.b.7,Category Flexibility,IM,3.0,8,0.0,3.0,3.0,N,,08/2024,Analyst
53-1042.00,1.A.1.b.7,Category Flexibility,LV,3.0,8,0.0,3.0,3.0,N,N,08/2024,Analyst
53-1042.00,1.A.1.c.1,Mathematical Reasoning,IM,2.25,8,0.1637,1.9292,2.5708,N,,08/2024,Analyst
53-1042.00,1.A.1.c.1,Mathematical Reasoning,LV,2.12,8,0.125,1.88,2.37,N,N,08/2024,Analyst
53-1042.00,1.A.1.c.2,Number Facility,IM,2.38,8,0.183,2.0164,2.7336,N,,08/2024,Analyst
53-1042.00,1.A.1.c.2,Number Facility,LV,2.38,8,0.183,2.0164,2.7336,N,N,08/2024,Analyst
53-1042.00,1.A.1.d.1,Memorization,IM,2.12,8,0.125,1.88,2.37,N,,08/2024,Analyst
53-1042.00,1.A.1.d.1,Memorization,LV,2.0,8,0.0,2.0,2.0,N,N,08/2024,Analyst
53-1042.00,1.A.1.e.1,Speed of Closure,IM,2.5,8,0.189,2.1296,2.8704,N,,08/2024,Analyst
53-1042.00,1.A.1.e.1,Speed of Closure,LV,2.12,8,0.125,1.88,2.37,N,N,08/2024,Analyst
53-1042.00,1.A.1.e.2,Flexibility of Closure,IM,2.62,8,0.183,2.2664,2.9836,N,,08/2024,Analyst
53-1042.00,1.A.1.e.2,Flexibility of Closure,LV,2.62,8,0.183,2.2664,2.9836,N,N,08/2024,Analyst
53-1042.00,1.A.1.e.3,Perceptual Speed,IM,2.5,8,0.189,2.1296,2.8704,N,,08/2024,Analyst
53-1042.00,1.A.1.e.3,Perceptual Speed,LV,2.38,8,0.183,2.0164,2.7336,N,N,08/2024,Analyst
53-1042.00,1.A.1.f.1,Spatial Orientation,IM,2.12,8,0.125,1.88,2.37,N,,08/2024,Analyst
53-1042.00,1.A.1.f.1,Spatial Orientation,LV,1.38,8,0.183,1.0164,1.7336,N,N,08/2024,Analyst
53-1042.00,1.A.1.f.2,Visualization,IM,2.88,8,0.2266,2.4309,3.3191,N,,08/2024,Analyst
53-1042.00,1.A.1.f.2,Visualization,LV,3.0,8,0.189,2.6296,3.3704,N,N,08/2024,Analyst
53-1042.00,1.A.1.g.1,Selective Attention,IM,3.12,8,0.125,2.88,3.37,N,,08/2024,Analyst
53-1042.00,1.A.1.g.1,Selective Attention,LV,3.0,8,0.0,3.0,3.0,N,N,08/2024,Analyst
53-1042.00,1.A.1.g.2,Time Sharing,IM,2.88,8,0.125,2.63,3.12,N,,08/2024,Analyst
53-1042.00,1.A.1.g.2,Time Sharing,LV,2.88,8,0.125,2.63,3.12,N,N,08/2024,Analyst
53-1042.00,1.A.2.a.1,Arm-Hand Steadiness,IM,2.88,8,0.125,2.63,3.12,N,,08/2024,Analyst
53-1042.00,1.A.2.a.1,Arm-Hand Steadiness,LV,2.62,8,0.183,2.2664,2.9836,N,N,08/2024,Analyst
53-1042.00,1.A.2.a.2,Manual Dexterity,IM,3.0,8,0.0,3.0,3.0,N,,08/2024,Analyst
53-1042.00,1.A.2.a.2,Manual Dexterity,LV,3.0,8,0.0,3.0,3.0,N,N,08/2024,Analyst
53-1042.00,1.A.2.a.3,Finger Dexterity,IM,2.62,8,0.183,2.2664,2.9836,N,,08/2024,Analyst
53-1042.00,1.A.2.a.3,Finger Dexterity,LV,2.75,8,0.1637,2.4292,3.0708,N,N,08/2024,Analyst
53-1042.00,1.A.2.b.1,Control Precision,IM,2.62,8,0.183,2.2664,2.9836,N,,08/2024,Analyst
53-1042.00,1.A.2.b.1,Control Precision,LV,2.62,8,0.183,2.2664,2.9836,N,N,08/2024,Analyst
53-1042.00,1.A.2.b.2,Multilimb Coordination,IM,2.25,8,0.1637,1.9292,2.5708,N,,08/2024,Analyst
53-1042.00,1.A.2.b.2,Multilimb Coordination,LV,2.25,8,0.1637,1.9292,2.5708,N,N,08/2024,Analyst
53-1042.00,1.A.2.b.3,Response Orientation,IM,2.0,8,0.0,2.0,2.0,N,,08/2024,Analyst
53-1042.00,1.A.2.b.3,Response Orientation,LV,1.88,8,0.125,1.63,2.12,N,N,08/2024,Analyst
53-1042.00,1.A.2.b.4,Rate Control,IM,2.12,8,0.125,1.88,2.37,N,,08/2024,Analyst
53-1042.00,1.A.2.b.4,Rate Control,LV,2.12,8,0.125,1.88,2.37,N,N,08/2024,Analyst
53-1042.00,1.A.2.c.1,Reaction Time,IM,2.12,8,0.125,1.88,2.37,N,,08/2024,Analyst
53-1042.00,1.A.2.c.1,Reaction Time,LV,2.12,8,0.125,1.88,2.37,N,N,08/2024,Analyst
53-1042.00,1.A.2.c.2,Wrist-Finger Speed,IM,1.62,8,0.183,1.2664,1.9836,N,,08/2024,Analyst
53-1042.00,1.A.2.c.2,Wrist-Finger Speed,LV,0.88,8,0.295,0.2967,1.4533,N,N,08/2024,Analyst
53-1042.00,1.A.2.c.3,Speed of Limb Movement,IM,1.62,8,0.183,1.2664,1.9836,N,,08/2024,Analyst
53-1042.00,1.A.2.c.3,Speed of Limb Movement,LV,0.62,8,0.183,0.2664,0.9836,N,N,08/2024,Analyst
53-1042.00,1.A.3.a.1,Static Strength,IM,2.25,8,0.1637,1.9292,2.5708,N,,08/2024,Analyst
53-1042.00,1.A.3.a.1,Static Strength,LV,2.38,8,0.183,2.0164,2.7336,N,N,08/2024,Analyst
53-1042.00,1.A.3.a.2,Explosive Strength,IM,1.75,8,0.1637,1.4292,2.0708,N,,08/2024,Analyst
53-1042.00,1.A.3.a.2,Explosive Strength,LV,1.12,8,0.295,0.5467,1.7033,N,N,08/2024,Analyst
53-1042.00,1.A.3.a.3,Dynamic Strength,IM,2.12,8,0.125,1.88,2.37,N,,08/2024,Analyst
53-1042.00,1.A.3.a.3,Dynamic Strength,LV,2.0,8,0.0,2.0,2.0,N,N,08/2024,Analyst
53-1042.00,1.A.3.a.4,Trunk Strength,IM,2.62,8,0.183,2.2664,2.9836,N,,08/2024,Analyst
53-1042.00,1.A.3.a.4,Trunk Strength,LV,2.88,8,0.125,2.63,3.12,N,N,08/2024,Analyst
53-1042.00,1.A.3.b.1,Stamina,IM,2.0,8,0.0,2.0,2.0,N,,08/2024,Analyst
53-1042.00,1.A.3.b.1,Stamina,LV,2.0,8,0.0,2.0,2.0,N,N,08/2024,Analyst
53-1042.00,1.A.3.c.1,Extent Flexibility,IM,2.25,8,0.1637,1.9292,2.5708,N,,08/2024,Analyst
53-1042.00,1.A.3.c.1,Extent Flexibility,LV,2.38,8,0.183,2.0164,2.7336,N,N,08/2024,Analyst
53-1042.00,1.A.3.c.2,Dynamic Flexibility,IM,1.5,8,0.189,1.1296,1.8704,N,,08/2024,Analyst
53-1042.00,1.A.3.c.2,Dynamic Flexibility,LV,0.5,8,0.189,0.1296,0.8704,N,N,08/2024,Analyst
53-1042.00,1.A.3.c.3,Gross Body Coordination,IM,2.0,8,0.0,2.0,2.0,N,,08/2024,Analyst
53-1042.00,1.A.3.c.3,Gross Body Coordination,LV,2.0,8,0.0,2.0,2.0,N,N,08/2024,Analyst
53-1042.00,1.A.3.c.4,Gross Body Equilibrium,IM,2.0,8,0.0,2.0,2.0,N,,08/2024,Analyst
53-1042.00,1.A.3.c.4,Gross Body Equilibrium,LV,1.38,8,0.183,1.0164,1.7336,N,N,08/2024,Analyst
53-1042.00,1.A.4.a.1,Near Vision,IM,3.25,8,0.1637,2.9292,3.5708,N,,08/2024,Analyst
53-1042.00,1.A.4.a.1,Near Vision,LV,3.12,8,0.125,2.88,3.37,N,N,08/2024,Analyst
53-1042.00,1.A.4.a.2,Far Vision,IM,3.0,8,0.0,3.0,3.0,N,,08/2024,Analyst
53-1042.00,1.A.4.a.2,Far Vision,LV,3.0,8,0.0,3.0,3.0,N,N,08/2024,Analyst
53-1042.00,1.A.4.a.3,Visual Color Discrimination,IM,2.0,8,0.0,2.0,2.0,N,,08/2024,Analyst
53-1042.00,1.A.4.a.3,Visual Color Discrimination,LV,1.88,8,0.125,1.63,2.12,N,N,08/2024,Analyst
53-1042.00,1.A.4.a.4,Night Vision,IM,1.75,8,0.1637,1.4292,2.0708,N,,08/2024,Analyst
53-1042.00,1.A.4.a.4,Night Vision,LV,0.88,8,0.2266,0.4309,1.3191,N,N,08/2024,Analyst
53-1042.00,1.A.4.a.5,Peripheral Vision,IM,2.12,8,0.125,1.88,2.37,N,,08/2024,Analyst
53-1042.00,1.A.4.a.5,Peripheral Vision,LV,1.38,8,0.183,1.0164,1.7336,N,N,08/2024,Analyst
53-1042.00,1.A.4.a.6,Depth Perception,IM,2.25,8,0.1637,1.9292,2.5708,N,,08/2024,Analyst
53-1042.00,1.A.4.a.6,Depth Perception,LV,2.0,8,0.189,1.6296,2.3704,N,N,08/2024,Analyst
53-1042.00,1.A.4.a.7,Glare Sensitivity,IM,1.88,8,0.125,1.63,2.12,N,,08/2024,Analyst
53-1042.00,1.A.4.a.7,Glare Sensitivity,LV,1.38,8,0.2631,0.8594,1.8906,N,N,08/2024,Analyst
53-1042.00,1.A.4.b.1,Hearing Sensitivity,IM,2.0,8,0.0,2.0,2.0,N,,08/2024,Analyst
53-1042.00,1.A.4.b.1,Hearing Sensitivity,LV,1.88,8,0.125,1.63,2.12,N,N,08/2024,Analyst
53-1042.00,1.A.4.b.2,Auditory Attention,IM,2.75,8,0.1637,2.4292,3.0708,N,,08/2024,Analyst
53-1042.00,1.A.4.b.2,Auditory Attention,LV,2.62,8,0.183,2.2664,2.9836,N,N,08/2024,Analyst
53-1042.00,1.A.4.b.3,Sound Localization,IM,2.0,8,0.0,2.0,2.0,N,,08/2024,Analyst
53-1042.00,1.A.4.b.3,Sound Localization,LV,1.25,8,0.1637,0.9292,1.5708,N,N,08/2024,Analyst
53-1042.00,1.A.4.b.4,Speech Recognition,IM,3.75,8,0.1637,3.4292,4.0708,N,,08/2024,Analyst
53-1042.00,1.A.4.b.4,Speech Recognition,LV,3.38,8,0.183,3.0164,3.7336,N,N,08/2024,Analyst
53-1042.00,1.A.4.b.5,Speech Clarity,IM,3.75,8,0.1637,3.4292,4.0708,N,,08/2024,Analyst
53-1042.00,1.A.4.b.5,Speech Clarity,LV,3.12,8,0.125,2.88,3.37,N,N,08/2024,Analyst
53-1042.01,1.A.1.a.1,Oral Comprehension,IM,3.88,8,0.125,3.63,4.12,N,,07/2014,Analyst
53-1042.01,1.A.1.a.1,Oral Comprehension,LV,3.75,8,0.1637,3.4292,4.0708,N,N,07/2014,Analyst
53-1042.01,1.A.1.a.2,Written Comprehension,IM,3.38,8,0.2631,2.8594,3.8906,N,,07/2014,Analyst
53-1042.01,1.A.1.a.2,Written Comprehension,LV,3.25,8,0.25,2.76,3.74,N,N,07/2014,Analyst
53-1042.01,1.A.1.a.3,Oral Expression,IM,3.88,8,0.125,3.63,4.12,N,,07/2014,Analyst
53-1042.01,1.A.1.a.3,Oral Expression,LV,3.62,8,0.183,3.2664,3.9836,N,N,07/2014,Analyst
53-1042.01,1.A.1.a.4,Written Expression,IM,3.12,8,0.2266,2.6809,3.5691,N,,07/2014,Analyst
53-1042.01,1.A.1.a.4,Written Expression,LV,3.25,8,0.25,2.76,3.74,N,N,07/2014,Analyst
53-1042.01,1.A.1.b.1,Fluency of Ideas,IM,2.88,8,0.2266,2.4309,3.3191,N,,07/2014,Analyst
53-1042.01,1.A.1.b.1,Fluency of Ideas,LV,2.88,8,0.125,2.63,3.12,N,N,07/2014,Analyst
53-1042.01,1.A.1.b.2,Originality,IM,2.62,8,0.2631,2.1094,3.1406,N,,07/2014,Analyst
53-1042.01,1.A.1.b.2,Originality,LV,2.5,8,0.189,2.1296,2.8704,N,N,07/2014,Analyst
53-1042.01,1.A.1.b.3,Problem Sensitivity,IM,3.38,8,0.2631,2.8594,3.8906,N,,07/2014,Analyst
53-1042.01,1.A.1.b.3,Problem Sensitivity,LV,3.0,8,0.189,2.6296,3.3704,N,N,07/2014,Analyst
53-1042.01,1.A.1.b.4,Deductive Reasoning,IM,3.62,8,0.183,3.2664,3.9836,N,,07/2014,Analyst
53-1042.01,1.A.1.b.4,Deductive Reasoning,LV,3.25,8,0.1637,2.9292,3.5708,N,N,07/2014,Analyst
53-1042.01,1.A.1.b.5,Inductive Reasoning,IM,3.38,8,0.183,3.0164,3.7336,N,,07/2014,Analyst
53-1042.01,1.A.1.b.5,Inductive Reasoning,LV,3.12,8,0.2266,2.6809,3.5691,N,N,07/2014,Analyst
53-1042.01,1.A.1.b.6,Information Ordering,IM,3.5,8,0.189,3.1296,3.8704,N,,07/2014,Analyst
53-1042.01,1.A.1.b.6,Information Ordering,LV,3.12,8,0.125,2.88,3.37,N,N,07/2014,Analyst
53-1042.01,1.A.1.b.7,Category Flexibility,IM,3.25,8,0.1637,2.9292,3.5708,N,,07/2014,Analyst
53-1042.01,1.A.1.b.7,Category Flexibility,LV,2.88,8,0.2266,2.4309,3.3191,N,N,07/2014,Analyst
53-1042.01,1.A.1.c.1,Mathematical Reasoning,IM,2.75,8,0.1637,2.4292,3.0708,N,,07/2014,Analyst
53-1042.01,1.A.1.c.1,Mathematical Reasoning,LV,2.5,8,0.189,2.1296,2.8704,N,N,07/2014,Analyst
53-1042.01,1.A.1.c.2,Number Facility,IM,2.75,8,0.1637,2.4292,3.0708,N,,07/2014,Analyst
53-1042.01,1.A.1.c.2,Number Facility,LV,2.62,8,0.2631,2.1094,3.1406,N,N,07/2014,Analyst
53-1042.01,1.A.1.d.1,Memorization,IM,2.25,8,0.1637,1.9292,2.5708,N,,07/2014,Analyst
53-1042.01,1.A.1.d.1,Memorization,LV,2.0,8,0.189,1.6296,2.3704,N,N,07/2014,Analyst
53-1042.01,1.A.1.e.1,Speed of Closure,IM,2.25,8,0.1637,1.9292,2.5708,N,,07/2014,Analyst
53-1042.01,1.A.1.e.1,Speed of Closure,LV,2.12,8,0.295,1.5467,2.7033,N,N,07/2014,Analyst
53-1042.01,1.A.1.e.2,Flexibility of Closure,IM,2.75,8,0.25,2.26,3.24,N,,07/2014,Analyst
53-1042.01,1.A.1.e.2,Flexibility of Closure,LV,2.62,8,0.3239,1.9902,3.2598,N,N,07/2014,Analyst
53-1042.01,1.A.1.e.3,Perceptual Speed,IM,2.5,8,0.189,2.1296,2.8704,N,,07/2014,Analyst
53-1042.01,1.A.1.e.3,Perceptual Speed,LV,2.38,8,0.2631,1.8594,2.8906,N,N,07/2014,Analyst
53-1042.01,1.A.1.f.1,Spatial Orientation,IM,1.88,8,0.125,1.63,2.12,N,,07/2014,Analyst
53-1042.01,1.A.1.f.1,Spatial Orientation,LV,1.5,8,0.3273,0.8584,2.1416,N,N,07/2014,Analyst
53-1042.01,1.A.1.f.2,Visualization,IM,2.25,8,0.25,1.76,2.74,N,,07/2014,Analyst
53-1042.01,1.A.1.f.2,Visualization,LV,2.12,8,0.3504,1.4383,2.8117,N,N,07/2014,Analyst
53-1042.01,1.A.1.g.1,Selective Attention,IM,3.12,8,0.2266,2.6809,3.5691,N,,07/2014,Analyst
53-1042.01,1.A.1.g.1,Selective Attention,LV,2.62,8,0.183,2.2664,2.9836,N,N,07/2014,Analyst
53-1042.01,1.A.1.g.2,Time Sharing,IM,2.5,8,0.189,2.1296,2.8704,N,,07/2014,Analyst
53-1042.01,1.A.1.g.2,Time Sharing,LV,2.38,8,0.183,2.0164,2.7336,N,N,07/2014,Analyst
53-1042.01,1.A.2.a.1,Arm-Hand Steadiness,IM,2.12,8,0.125,1.88,2.37,N,,07/2014,Analyst
53-1042.01,1.A.2.a.1,Arm-Hand Steadiness,LV,2.12,8,0.2266,1.6809,2.5691,N,N,07/2014,Analyst
53-1042.01,1.A.2.a.2,Manual Dexterity,IM,2.25,8,0.1637,1.9292,2.5708,N,,07/2014,Analyst
53-1042.01,1.A.2.a.2,Manual Dexterity,LV,1.88,8,0.2266,1.4309,2.3191,N,N,07/2014,Analyst
53-1042.01,1.A.2.a.3,Finger Dexterity,IM,2.62,8,0.183,2.2664,2.9836,N,,07/2014,Analyst
53-1042.01,1.A.2.a.3,Finger Dexterity,LV,2.38,8,0.183,2.0164,2.7336,N,N,07/2014,Analyst
53-1042.01,1.A.2.b.1,Control Precision,IM,2.38,8,0.2631,1.8594,2.8906,N,,07/2014,Analyst
53-1042.01,1.A.2.b.1,Control Precision,LV,2.5,8,0.4629,1.5927,3.4073,N,N,07/2014,Analyst
53-1042.01,1.A.2.b.2,Multilimb Coordination,IM,2.38,8,0.183,2.0164,2.7336,N,,07/2014,Analyst
53-1042.01,1.A.2.b.2,Multilimb Coordination,LV,2.75,8,0.4119,1.9427,3.5573,N,N,07/2014,Analyst
53-1042.01,1.A.2.b.3,Response Orientation,IM,2.0,8,0.189,1.6296,2.3704,N,,07/2014,Analyst
53-1042.01,1.A.2.b.3,Response Orientation,LV,2.0,8,0.378,1.2592,2.7408,N,N,07/2014,Analyst
53-1042.01,1.A.2.b.4,Rate Control,IM,1.88,8,0.125,1.63,2.12,N,,07/2014,Analyst
53-1042.01,1.A.2.b.4,Rate Control,LV,1.25,8,0.25,0.76,1.74,N,N,07/2014,Analyst
53-1042.01,1.A.2.c.1,Reaction Time,IM,2.0,8,0.189,1.6296,2.3704,N,,07/2014,Analyst
53-1042.01,1.A.2.c.1,Reaction Time,LV,1.88,8,0.3981,1.0947,2.6553,N,N,07/2014,Analyst
53-1042.01,1.A.2.c.2,Wrist-Finger Speed,IM,1.75,8,0.1637,1.4292,2.0708,N,,07/2014,Analyst
53-1042.01,1.A.2.c.2,Wrist-Finger Speed,LV,1.25,8,0.3134,0.6358,1.8642,N,N,07/2014,Analyst
53-1042.01,1.A.2.c.3,Speed of Limb Movement,IM,1.75,8,0.1637,1.4292,2.0708,N,,07/2014,Analyst
53-1042.01,1.A.2.c.3,Speed of Limb Movement,LV,1.12,8,0.295,0.5467,1.7033,N,N,07/2014,Analyst
53-1042.01,1.A.3.a.1,Static Strength,IM,2.12,8,0.125,1.88,2.37,N,,07/2014,Analyst
53-1042.01,1.A.3.a.1,Static Strength,LV,1.75,8,0.25,1.26,2.24,N,N,07/2014,Analyst
53-1042.01,1.A.3.a.2,Explosive Strength,IM,1.0,8,0.0,1.0,1.0,N,,07/2014,Analyst
53-1042.01,1.A.3.a.2,Explosive Strength,LV,0.0,8,0.0,0.0,0.0,N,Y,07/2014,Analyst
53-1042.01,1.A.3.a.3,Dynamic Strength,IM,1.0,8,0.0,1.0,1.0,N,,07/2014,Analyst
53-1042.01,1.A.3.a.3,Dynamic Strength,LV,0.0,8,0.0,0.0,0.0,N,Y,07/2014,Analyst
53-1042.01,1.A.3.a.4,Trunk Strength,IM,2.25,8,0.1637,1.9292,2.5708,N,,07/2014,Analyst
53-1042.01,1.A.3.a.4,Trunk Strength,LV,2.0,8,0.2673,1.4762,2.5238,N,N,07/2014,Analyst
53-1042.01,1.A.3.b.1,Stamina,IM,1.12,8,0.125,1.0,1.37,N,,07/2014,Analyst
53-1042.01,1.A.3.b.1,Stamina,LV,0.12,8,0.125,0.0,0.37,N,Y,07/2014,Analyst
53-1042.01,1.A.3.c.1,Extent Flexibility,IM,1.0,8,0.0,1.0,1.0,N,,07/2014,Analyst
53-1042.01,1.A.3.c.1,Extent Flexibility,LV,0.0,8,0.0,0.0,0.0,N,Y,07/2014,Analyst
53-1042.01,1.A.3.c.2,Dynamic Flexibility,IM,1.0,8,0.0,1.0,1.0,N,,07/2014,Analyst
53-1042.01,1.A.3.c.2,Dynamic Flexibility,LV,0.0,8,0.0,0.0,0.0,N,Y,07/2014,Analyst
53-1042.01,1.A.3.c.3,Gross Body Coordination,IM,1.12,8,0.125,1.0,1.37,N,,07/2014,Analyst
53-1042.01,1.A.3.c.3,Gross Body Coordination,LV,0.12,8,0.125,0.0,0.37,N,Y,07/2014,Analyst
53-1042.01,1.A.3.c.4,Gross Body Equilibrium,IM,1.0,8,0.0,1.0,1.0,N,,07/2014,Analyst
53-1042.01,1.A.3.c.4,Gross Body Equilibrium,LV,0.0,8,0.0,0.0,0.0,N,Y,07/2014,Analyst
53-1042.01,1.A.4.a.1,Near Vision,IM,3.38,8,0.183,3.0164,3.7336,N,,07/2014,Analyst
53-1042.01,1.A.4.a.1,Near Vision,LV,3.0,8,0.2673,2.4762,3.5238,N,N,07/2014,Analyst
53-1042.01,1.A.4.a.2,Far Vision,IM,2.62,8,0.183,2.2664,2.9836,N,,07/2014,Analyst
53-1042.01,1.A.4.a.2,Far Vision,LV,2.75,8,0.25,2.26,3.24,N,N,07/2014,Analyst
53-1042.01,1.A.4.a.3,Visual Color Discrimination,IM,2.12,8,0.125,1.88,2.37,N,,07/2014,Analyst
53-1042.01,1.A.4.a.3,Visual Color Discrimination,LV,2.0,8,0.189,1.6296,2.3704,N,N,07/2014,Analyst
53-1042.01,1.A.4.a.4,Night Vision,IM,1.75,8,0.1637,1.4292,2.0708,N,,07/2014,Analyst
53-1042.01,1.A.4.a.4,Night Vision,LV,1.12,8,0.295,0.5467,1.7033,N,N,07/2014,Analyst
53-1042.01,1.A.4.a.5,Peripheral Vision,IM,1.75,8,0.1637,1.4292,2.0708,N,,07/2014,Analyst
53-1042.01,1.A.4.a.5,Peripheral Vision,LV,0.88,8,0.2266,0.4309,1.3191,N,N,07/2014,Analyst
53-1042.01,1.A.4.a.6,Depth Perception,IM,2.5,8,0.2673,1.9762,3.0238,N,,07/2014,Analyst
53-1042.01,1.A.4.a.6,Depth Perception,LV,2.12,8,0.3504,1.4383,2.8117,N,N,07/2014,Analyst
53-1042.01,1.A.4.a.7,Glare Sensitivity,IM,1.75,8,0.1637,1.4292,2.0708,N,,07/2014,Analyst
53-1042.01,1.A.4.a.7,Glare Sensitivity,LV,1.12,8,0.295,0.5467,1.7033,N,N,07/2014,Analyst
53-1042.01,1.A.4.b.1,Hearing Sensitivity,IM,2.0,8,0.189,1.6296,2.3704,N,,07/2014,Analyst
53-1042.01,1.A.4.b.1,Hearing Sensitivity,LV,1.75,8,0.25,1.26,2.24,N,N,07/2014,Analyst
53-1042.01,1.A.4.b.2,Auditory Attention,IM,2.38,8,0.183,2.0164,2.7336,N,,07/2014,Analyst
53-1042.01,1.A.4.b.2,Auditory Attention,LV,2.38,8,0.2631,1.8594,2.8906,N,N,07/2014,Analyst
53-1042.01,1.A.4.b.3,Sound Localization,IM,1.62,8,0.183,1.2664,1.9836,N,,07/2014,Analyst
53-1042.01,1.A.4.b.3,Sound Localization,LV,0.75,8,0.25,0.26,1.24,N,N,07/2014,Analyst
53-1042.01,1.A.4.b.4,Speech Recognition,IM,3.75,8,0.1637,3.4292,4.0708,N,,07/2014,Analyst
53-1042.01,1.A.4.b.4,Speech Recognition,LV,3.12,8,0.2266,2.6809,3.5691,N,N,07/2014,Analyst
53-1042.01,1.A.4.b.5,Speech Clarity,IM,3.75,8,0.1637,3.4292,4.0708,N,,07/2014,Analyst
53-1042.01,1.A.4.b.5,Speech Clarity,LV,3.25,8,0.25,2.76,3.74,N,N,07/2014,Analyst
53-1043.00,1.A.1.a.1,Oral Comprehension,IM,4.0,8,0.0,4.0,4.0,N,,08/2023,Analyst
53-1043.00,1.A.1.a.1,Oral Comprehension,LV,4.0,8,0.0,4.0,4.0,N,N,08/2023,Analyst
53-1043.00,1.A.1.a.2,Written Comprehension,IM,3.75,8,0.1637,3.4292,4.0708,N,,08/2023,Analyst
53-1043.00,1.A.1.a.2,Written Comprehension,LV,3.88,8,0.125,3.63,4.12,N,N,08/2023,Analyst
53-1043.00,1.A.1.a.3,Oral Expression,IM,4.0,8,0.0,4.0,4.0,N,,08/2023,Analyst
53-1043.00,1.A.1.a.3,Oral Expression,LV,4.0,8,0.0,4.0,4.0,N,N,08/2023,Analyst
53-1043.00,1.A.1.a.4,Written Expression,IM,3.5,8,0.189,3.1296,3.8704,N,,08/2023,Analyst
53-1043.00,1.A.1.a.4,Written Expression,LV,3.75,8,0.1637,3.4292,4.0708,N,N,08/2023,Analyst
53-1043.00,1.A.1.b.1,Fluency of Ideas,IM,3.0,8,0.0,3.0,3.0,N,,08/2023,Analyst
53-1043.00,1.A.1.b.1,Fluency of Ideas,LV,3.0,8,0.0,3.0,3.0,N,N,08/2023,Analyst
53-1043.00,1.A.1.b.2,Originality,IM,3.0,8,0.0,3.0,3.0,N,,08/2023,Analyst
53-1043.00,1.A.1.b.2,Originality,LV,3.12,8,0.125,2.88,3.37,N,N,08/2023,Analyst
53-1043.00,1.A.1.b.3,Problem Sensitivity,IM,3.75,8,0.1637,3.4292,4.0708,N,,08/2023,Analyst
53-1043.00,1.A.1.b.3,Problem Sensitivity,LV,3.75,8,0.1637,3.4292,4.0708,N,N,08/2023,Analyst
53-1043.00,1.A.1.b.4,Deductive Reasoning,IM,3.62,8,0.183,3.2664,3.9836,N,,08/2023,Analyst
53-1043.00,1.A.1.b.4,Deductive Reasoning,LV,3.75,8,0.1637,3.4292,4.0708,N,N,08/2023,Analyst
53-1043.00,1.A.1.b.5,Inductive Reasoning,IM,3.5,8,0.189,3.1296,3.8704,N,,08/2023,Analyst
53-1043.00,1.A.1.b.5,Inductive Reasoning,LV,3.0,8,0.0,3.0,3.0,N,N,08/2023,Analyst
53-1043.00,1.A.1.b.6,Information Ordering,IM,3.38,8,0.183,3.0164,3.7336,N,,08/2023,Analyst
53-1043.00,1.A.1.b.6,Information Ordering,LV,3.5,8,0.189,3.1296,3.8704,N,N,08/2023,Analyst
53-1043.00,1.A.1.b.7,Category Flexibility,IM,3.12,8,0.125,2.88,3.37,N,,08/2023,Analyst
53-1043.00,1.A.1.b.7,Category Flexibility,LV,3.0,8,0.0,3.0,3.0,N,N,08/2023,Analyst
53-1043.00,1.A.1.c.1,Mathematical Reasoning,IM,2.88,8,0.2266,2.4309,3.3191,N,,08/2023,Analyst
53-1043.00,1.A.1.c.1,Mathematical Reasoning,LV,2.75,8,0.1637,2.4292,3.0708,N,N,08/2023,Analyst
53-1043.00,1.A.1.c.2,Number Facility,IM,3.0,8,0.189,2.6296,3.3704,N,,08/2023,Analyst
53-1043.00,1.A.1.c.2,Number Facility,LV,2.75,8,0.1637,2.4292,3.0708,N,N,08/2023,Analyst
53-1043.00,1.A.1.d.1,Memorization,IM,2.25,8,0.1637,1.9292,2.5708,N,,08/2023,Analyst
53-1043.00,1.A.1.d.1,Memorization,LV,2.12,8,0.125,1.88,2.37,N,N,08/2023,Analyst
53-1043.00,1.A.1.e.1,Speed of Closure,IM,2.75,8,0.1637,2.4292,3.0708,N,,08/2023,Analyst
53-1043.00,1.A.1.e.1,Speed of Closure,LV,2.75,8,0.1637,2.4292,3.0708,N,N,08/2023,Analyst
53-1043.00,1.A.1.e.2,Flexibility of Closure,IM,3.12,8,0.125,2.88,3.37,N,,08/2023,Analyst
53-1043.00,1.A.1.e.2,Flexibility of Closure,LV,3.0,8,0.0,3.0,3.0,N,N,08/2023,Analyst
53-1043.00,1.A.1.e.3,Perceptual Speed,IM,2.88,8,0.125,2.63,3.12,N,,08/2023,Analyst
53-1043.00,1.A.1.e.3,Perceptual Speed,LV,2.88,8,0.125,2.63,3.12,N,N,08/2023,Analyst
53-1043.00,1.A.1.f.1,Spatial Orientation,IM,2.0,8,0.189,1.6296,2.3704,N,,08/2023,Analyst
53-1043.00,1.A.1.f.1,Spatial Orientation,LV,1.75,8,0.25,1.26,2.24,N,N,08/2023,Analyst
53-1043.00,1.A.1.f.2,Visualization,IM,2.88,8,0.125,2.63,3.12,N,,08/2023,Analyst
53-1043.00,1.A.1.f.2,Visualization,LV,3.0,8,0.0,3.0,3.0,N,N,08/2023,Analyst
53-1043.00,1.A.1.g.1,Selective Attention,IM,3.12,8,0.125,2.88,3.37,N,,08/2023,Analyst
53-1043.00,1.A.1.g.1,Selective Attention,LV,3.0,8,0.0,3.0,3.0,N,N,08/2023,Analyst
53-1043.00,1.A.1.g.2,Time Sharing,IM,3.0,8,0.0,3.0,3.0,N,,08/2023,Analyst
53-1043.00,1.A.1.g.2,Time Sharing,LV,3.0,8,0.0,3.0,3.0,N,N,08/2023,Analyst
53-1043.00,1.A.2.a.1,Arm-Hand Steadiness,IM,2.75,8,0.1637,2.4292,3.0708,N,,08/2023,Analyst
53-1043.00,1.A.2.a.1,Arm-Hand Steadiness,LV,2.75,8,0.1637,2.4292,3.0708,N,N,08/2023,Analyst
53-1043.00,1.A.2.a.2,Manual Dexterity,IM,2.38,8,0.183,2.0164,2.7336,N,,08/2023,Analyst
53-1043.00,1.A.2.a.2,Manual Dexterity,LV,2.38,8,0.183,2.0164,2.7336,N,N,08/2023,Analyst
53-1043.00,1.A.2.a.3,Finger Dexterity,IM,2.5,8,0.189,2.1296,2.8704,N,,08/2023,Analyst
53-1043.00,1.A.2.a.3,Finger Dexterity,LV,2.38,8,0.183,2.0164,2.7336,N,N,08/2023,Analyst
53-1043.00,1.A.2.b.1,Control Precision,IM,2.38,8,0.183,2.0164,2.7336,N,,08/2023,Analyst
53-1043.00,1.A.2.b.1,Control Precision,LV,2.38,8,0.183,2.0164,2.7336,N,N,08/2023,Analyst
53-1043.00,1.A.2.b.2,Multilimb Coordination,IM,2.5,8,0.189,2.1296,2.8704,N,,08/2023,Analyst
53-1043.00,1.A.2.b.2,Multilimb Coordination,LV,2.62,8,0.2631,2.1094,3.1406,N,N,08/2023,Analyst
53-1043.00,1.A.2.b.3,Response Orientation,IM,2.12,8,0.125,1.88,2.37,N,,08/2023,Analyst
53-1043.00,1.A.2.b.3,Response Orientation,LV,2.12,8,0.125,1.88,2.37,N,N,08/2023,Analyst
53-1043.00,1.A.2.b.4,Rate Control,IM,2.12,8,0.125,1.88,2.37,N,,08/2023,Analyst
53-1043.00,1.A.2.b.4,Rate Control,LV,2.0,8,0.0,2.0,2.0,N,N,08/2023,Analyst
53-1043.00,1.A.2.c.1,Reaction Time,IM,2.12,8,0.125,1.88,2.37,N,,08/2023,Analyst
53-1043.00,1.A.2.c.1,Reaction Time,LV,2.12,8,0.125,1.88,2.37,N,N,08/2023,Analyst
53-1043.00,1.A.2.c.2,Wrist-Finger Speed,IM,2.0,8,0.189,1.6296,2.3704,N,,08/2023,Analyst
53-1043.00,1.A.2.c.2,Wrist-Finger Speed,LV,1.5,8,0.2673,0.9762,2.0238,N,N,08/2023,Analyst
53-1043.00,1.A.2.c.3,Speed of Limb Movement,IM,1.62,8,0.183,1.2664,1.9836,N,,08/2023,Analyst
53-1043.00,1.A.2.c.3,Speed of Limb Movement,LV,0.75,8,0.25,0.26,1.24,N,N,08/2023,Analyst
53-1043.00,1.A.3.a.1,Static Strength,IM,2.12,8,0.125,1.88,2.37,N,,08/2023,Analyst
53-1043.00,1.A.3.a.1,Static Strength,LV,2.12,8,0.125,1.88,2.37,N,N,08/2023,Analyst
53-1043.00,1.A.3.a.2,Explosive Strength,IM,1.12,8,0.125,1.0,1.37,N,,08/2023,Analyst
53-1043.00,1.A.3.a.2,Explosive Strength,LV,0.12,8,0.125,0.0,0.37,N,Y,08/2023,Analyst
53-1043.00,1.A.3.a.3,Dynamic Strength,IM,1.5,8,0.189,1.1296,1.8704,N,,08/2023,Analyst
53-1043.00,1.A.3.a.3,Dynamic Strength,LV,0.62,8,0.2631,0.1094,1.1406,N,N,08/2023,Analyst
53-1043.00,1.A.3.a.4,Trunk Strength,IM,2.25,8,0.1637,1.9292,2.5708,N,,08/2023,Analyst
53-1043.00,1.A.3.a.4,Trunk Strength,LV,2.25,8,0.1637,1.9292,2.5708,N,N,08/2023,Analyst
53-1043.00,1.A.3.b.1,Stamina,IM,2.0,8,0.0,2.0,2.0,N,,08/2023,Analyst
53-1043.00,1.A.3.b.1,Stamina,LV,1.62,8,0.183,1.2664,1.9836,N,N,08/2023,Analyst
53-1043.00,1.A.3.c.1,Extent Flexibility,IM,1.88,8,0.125,1.63,2.12,N,,08/2023,Analyst
53-1043.00,1.A.3.c.1,Extent Flexibility,LV,1.25,8,0.25,0.76,1.74,N,N,08/2023,Analyst
53-1043.00,1.A.3.c.2,Dynamic Flexibility,IM,1.0,8,0.0,1.0,1.0,N,,08/2023,Analyst
53-1043.00,1.A.3.c.2,Dynamic Flexibility,LV,0.0,8,0.0,0.0,0.0,N,Y,08/2023,Analyst
53-1043.00,1.A.3.c.3,Gross Body Coordination,IM,2.0,8,0.0,2.0,2.0,N,,08/2023,Analyst
53-1043.00,1.A.3.c.3,Gross Body Coordination,LV,1.88,8,0.125,1.63,2.12,N,N,08/2023,Analyst
53-1043.00,1.A.3.c.4,Gross Body Equilibrium,IM,1.75,8,0.1637,1.4292,2.0708,N,,08/2023,Analyst
53-1043.00,1.A.3.c.4,Gross Body Equilibrium,LV,0.88,8,0.2266,0.4309,1.3191,N,N,08/2023,Analyst
53-1043.00,1.A.4.a.1,Near Vision,IM,3.5,8,0.189,3.1296,3.8704,N,,08/2023,Analyst
53-1043.00,1.A.4.a.1,Near Vision,LV,3.38,8,0.2631,2.8594,3.8906,N,N,08/2023,Analyst
53-1043.00,1.A.4.a.2,Far Vision,IM,3.25,8,0.1637,2.9292,3.5708,N,,08/2023,Analyst
53-1043.00,1.A.4.a.2,Far Vision,LV,3.0,8,0.0,3.0,3.0,N,N,08/2023,Analyst
53-1043.00,1.A.4.a.3,Visual Color Discrimination,IM,2.5,8,0.189,2.1296,2.8704,N,,08/2023,Analyst
53-1043.00,1.A.4.a.3,Visual Color Discrimination,LV,2.38,8,0.2631,1.8594,2.8906,N,N,08/2023,Analyst
53-1043.00,1.A.4.a.4,Night Vision,IM,1.62,8,0.183,1.2664,1.9836,N,,08/2023,Analyst
53-1043.00,1.A.4.a.4,Night Vision,LV,0.62,8,0.183,0.2664,0.9836,N,N,08/2023,Analyst
53-1043.00,1.A.4.a.5,Peripheral Vision,IM,2.0,8,0.189,1.6296,2.3704,N,,08/2023,Analyst
53-1043.00,1.A.4.a.5,Peripheral Vision,LV,1.25,8,0.25,0.76,1.74,N,N,08/2023,Analyst
53-1043.00,1.A.4.a.6,Depth Perception,IM,2.5,8,0.189,2.1296,2.8704,N,,08/2023,Analyst
53-1043.00,1.A.4.a.6,Depth Perception,LV,2.62,8,0.183,2.2664,2.9836,N,N,08/2023,Analyst
53-1043.00,1.A.4.a.7,Glare Sensitivity,IM,1.62,8,0.183,1.2664,1.9836,N,,08/2023,Analyst
53-1043.00,1.A.4.a.7,Glare Sensitivity,LV,0.75,8,0.25,0.26,1.24,N,N,08/2023,Analyst
53-1043.00,1.A.4.b.1,Hearing Sensitivity,IM,2.25,8,0.1637,1.9292,2.5708,N,,08/2023,Analyst
53-1043.00,1.A.4.b.1,Hearing Sensitivity,LV,2.12,8,0.125,1.88,2.37,N,N,08/2023,Analyst
53-1043.00,1.A.4.b.2,Auditory Attention,IM,2.38,8,0.183,2.0164,2.7336,N,,08/2023,Analyst
53-1043.00,1.A.4.b.2,Auditory Attention,LV,2.38,8,0.183,2.0164,2.7336,N,N,08/2023,Analyst
53-1043.00,1.A.4.b.3,Sound Localization,IM,1.88,8,0.125,1.63,2.12,N,,08/2023,Analyst
53-1043.00,1.A.4.b.3,Sound Localization,LV,1.5,8,0.2673,0.9762,2.0238,N,N,08/2023,Analyst
53-1043.00,1.A.4.b.4,Speech Recognition,IM,3.38,8,0.183,3.0164,3.7336,N,,08/2023,Analyst
53-1043.00,1.A.4.b.4,Speech Recognition,LV,3.0,8,0.0,3.0,3.0,N,N,08/2023,Analyst
53-1043.00,1.A.4.b.5,Speech Clarity,IM,3.38,8,0.183,3.0164,3.7336,N,,08/2023,Analyst
53-1043.00,1.A.4.b.5,Speech Clarity,LV,3.12,8,0.125,2.88,3.37,N,N,08/2023,Analyst
53-2011.00,1.A.1.a.1,Oral Comprehension,IM,4.0,8,0.0,4.0,4.0,N,,08/2021,Analyst
53-2011.00,1.A.1.a.1,Oral Comprehension,LV,4.75,8,0.1637,4.4292,5.0708,N,N,08/2021,Analyst
53-2011.00,1.A.1.a.2,Written Comprehension,IM,4.0,8,0.0,4.0,4.0,N,,08/2021,Analyst
53-2011.00,1.A.1.a.2,Written Comprehension,LV,4.12,8,0.125,3.88,4.37,N,N,08/2021,Analyst
53-2011.00,1.A.1.a.3,Oral Expression,IM,4.0,8,0.0,4.0,4.0,N,,08/2021,Analyst
53-2011.00,1.A.1.a.3,Oral Expression,LV,4.38,8,0.183,4.0164,4.7336,N,N,08/2021,Analyst
53-2011.00,1.A.1.a.4,Written Expression,IM,3.12,8,0.125,2.88,3.37,N,,08/2021,Analyst
53-2011.00,1.A.1.a.4,Written Expression,LV,3.25,8,0.1637,2.9292,3.5708,N,N,08/2021,Analyst
53-2011.00,1.A.1.b.1,Fluency of Ideas,IM,3.0,8,0.0,3.0,3.0,N,,08/2021,Analyst
53-2011.00,1.A.1.b.1,Fluency of Ideas,LV,3.12,8,0.125,2.88,3.37,N,N,08/2021,Analyst
53-2011.00,1.A.1.b.2,Originality,IM,2.88,8,0.125,2.63,3.12,N,,08/2021,Analyst
53-2011.00,1.A.1.b.2,Originality,LV,3.0,8,0.0,3.0,3.0,N,N,08/2021,Analyst
53-2011.00,1.A.1.b.3,Problem Sensitivity,IM,4.75,8,0.1637,4.4292,5.0,N,,08/2021,Analyst
53-2011.00,1.A.1.b.3,Problem Sensitivity,LV,5.0,8,0.189,4.6296,5.3704,N,N,08/2021,Analyst
53-2011.00,1.A.1.b.4,Deductive Reasoning,IM,4.12,8,0.125,3.88,4.37,N,,08/2021,Analyst
53-2011.00,1.A.1.b.4,Deductive Reasoning,LV,4.38,8,0.183,4.0164,4.7336,N,N,08/2021,Analyst
53-2011.00,1.A.1.b.5,Inductive Reasoning,IM,4.0,8,0.0,4.0,4.0,N,,08/2021,Analyst
53-2011.00,1.A.1.b.5,Inductive Reasoning,LV,4.25,8,0.1637,3.9292,4.5708,N,N,08/2021,Analyst
53-2011.00,1.A.1.b.6,Information Ordering,IM,4.0,8,0.0,4.0,4.0,N,,08/2021,Analyst
53-2011.00,1.A.1.b.6,Information Ordering,LV,4.12,8,0.125,3.88,4.37,N,N,08/2021,Analyst
53-2011.00,1.A.1.b.7,Category Flexibility,IM,3.0,8,0.0,3.0,3.0,N,,08/2021,Analyst
53-2011.00,1.A.1.b.7,Category Flexibility,LV,3.38,8,0.2631,2.8594,3.8906,N,N,08/2021,Analyst
53-2011.00,1.A.1.c.1,Mathematical Reasoning,IM,3.12,8,0.125,2.88,3.37,N,,08/2021,Analyst
53-2011.00,1.A.1.c.1,Mathematical Reasoning,LV,3.12,8,0.125,2.88,3.37,N,N,08/2021,Analyst
53-2011.00,1.A.1.c.2,Number Facility,IM,3.25,8,0.1637,2.9292,3.5708,N,,08/2021,Analyst
53-2011.00,1.A.1.c.2,Number Facility,LV,3.62,8,0.2631,3.1094,4.1406,N,N,08/2021,Analyst
53-2011.00,1.A.1.d.1,Memorization,IM,3.12,8,0.125,2.88,3.37,N,,08/2021,Analyst
53-2011.00,1.A.1.d.1,Memorization,LV,3.12,8,0.125,2.88,3.37,N,N,08/2021,Analyst
53-2011.00,1.A.1.e.1,Speed of Closure,IM,3.38,8,0.183,3.0164,3.7336,N,,08/2021,Analyst
53-2011.00,1.A.1.e.1,Speed of Closure,LV,4.0,8,0.189,3.6296,4.3704,N,N,08/2021,Analyst
53-2011.00,1.A.1.e.2,Flexibility of Closure,IM,4.0,8,0.0,4.0,4.0,N,,08/2021,Analyst
53-2011.00,1.A.1.e.2,Flexibility of Closure,LV,4.12,8,0.125,3.88,4.37,N,N,08/2021,Analyst
53-2011.00,1.A.1.e.3,Perceptual Speed,IM,4.12,8,0.125,3.88,4.37,N,,08/2021,Analyst
53-2011.00,1.A.1.e.3,Perceptual Speed,LV,4.25,8,0.1637,3.9292,4.5708,N,N,08/2021,Analyst
53-2011.00,1.A.1.f.1,Spatial Orientation,IM,4.0,8,0.189,3.6296,4.3704,N,,08/2021,Analyst
53-2011.00,1.A.1.f.1,Spatial Orientation,LV,4.62,8,0.2631,4.1094,5.1406,N,N,08/2021,Analyst
53-2011.00,1.A.1.f.2,Visualization,IM,3.38,8,0.183,3.0164,3.7336,N,,08/2021,Analyst
53-2011.00,1.A.1.f.2,Visualization,LV,4.0,8,0.189,3.6296,4.3704,N,N,08/2021,Analyst
53-2011.00,1.A.1.g.1,Selective Attention,IM,4.0,8,0.0,4.0,4.0,N,,08/2021,Analyst
53-2011.00,1.A.1.g.1,Selective Attention,LV,4.12,8,0.125,3.88,4.37,N,N,08/2021,Analyst
53-2011.00,1.A.1.g.2,Time Sharing,IM,4.0,8,0.0,4.0,4.0,N,,08/2021,Analyst
53-2011.00,1.A.1.g.2,Time Sharing,LV,4.25,8,0.1637,3.9292,4.5708,N,N,08/2021,Analyst
53-2011.00,1.A.2.a.1,Arm-Hand Steadiness,IM,4.0,8,0.0,4.0,4.0,N,,08/2021,Analyst
53-2011.00,1.A.2.a.1,Arm-Hand Steadiness,LV,3.75,8,0.1637,3.4292,4.0708,N,N,08/2021,Analyst
53-2011.00,1.A.2.a.2,Manual Dexterity,IM,3.5,8,0.189,3.1296,3.8704,N,,08/2021,Analyst
53-2011.00,1.A.2.a.2,Manual Dexterity,LV,3.25,8,0.1637,2.9292,3.5708,N,N,08/2021,Analyst
53-2011.00,1.A.2.a.3,Finger Dexterity,IM,3.12,8,0.125,2.88,3.37,N,,08/2021,Analyst
53-2011.00,1.A.2.a.3,Finger Dexterity,LV,3.12,8,0.125,2.88,3.37,N,N,08/2021,Analyst
53-2011.00,1.A.2.b.1,Control Precision,IM,4.62,8,0.183,4.2664,4.9836,N,,08/2021,Analyst
53-2011.00,1.A.2.b.1,Control Precision,LV,4.5,8,0.189,4.1296,4.8704,N,N,08/2021,Analyst
53-2011.00,1.A.2.b.2,Multilimb Coordination,IM,4.0,8,0.0,4.0,4.0,N,,08/2021,Analyst
53-2011.00,1.A.2.b.2,Multilimb Coordination,LV,4.25,8,0.1637,3.9292,4.5708,N,N,08/2021,Analyst
53-2011.00,1.A.2.b.3,Response Orientation,IM,4.88,8,0.125,4.63,5.0,N,,08/2021,Analyst
53-2011.00,1.A.2.b.3,Response Orientation,LV,5.62,8,0.183,5.2664,5.9836,N,N,08/2021,Analyst
53-2011.00,1.A.2.b.4,Rate Control,IM,4.12,8,0.125,3.88,4.37,N,,08/2021,Analyst
53-2011.00,1.A.2.b.4,Rate Control,LV,5.0,8,0.189,4.6296,5.3704,N,N,08/2021,Analyst
53-2011.00,1.A.2.c.1,Reaction Time,IM,4.25,8,0.1637,3.9292,4.5708,N,,08/2021,Analyst
53-2011.00,1.A.2.c.1,Reaction Time,LV,5.0,8,0.189,4.6296,5.3704,N,N,08/2021,Analyst
53-2011.00,1.A.2.c.2,Wrist-Finger Speed,IM,2.75,8,0.1637,2.4292,3.0708,N,,08/2021,Analyst
53-2011.00,1.A.2.c.2,Wrist-Finger Speed,LV,2.75,8,0.1637,2.4292,3.0708,N,N,08/2021,Analyst
53-2011.00,1.A.2.c.3,Speed of Limb Movement,IM,2.75,8,0.1637,2.4292,3.0708,N,,08/2021,Analyst
53-2011.00,1.A.2.c.3,Speed of Limb Movement,LV,2.75,8,0.1637,2.4292,3.0708,N,N,08/2021,Analyst
53-2011.00,1.A.3.a.1,Static Strength,IM,2.12,8,0.125,1.88,2.37,N,,08/2021,Analyst
53-2011.00,1.A.3.a.1,Static Strength,LV,2.12,8,0.125,1.88,2.37,N,N,08/2021,Analyst
53-2011.00,1.A.3.a.2,Explosive Strength,IM,1.5,8,0.189,1.1296,1.8704,N,,08/2021,Analyst
53-2011.00,1.A.3.a.2,Explosive Strength,LV,0.5,8,0.189,0.1296,0.8704,N,N,08/2021,Analyst
53-2011.00,1.A.3.a.3,Dynamic Strength,IM,1.88,8,0.2266,1.4309,2.3191,N,,08/2021,Analyst
53-2011.00,1.A.3.a.3,Dynamic Strength,LV,0.88,8,0.2266,0.4309,1.3191,N,N,08/2021,Analyst
53-2011.00,1.A.3.a.4,Trunk Strength,IM,2.12,8,0.2266,1.6809,2.5691,N,,08/2021,Analyst
53-2011.00,1.A.3.a.4,Trunk Strength,LV,1.38,8,0.2631,0.8594,1.8906,N,N,08/2021,Analyst
53-2011.00,1.A.3.b.1,Stamina,IM,1.62,8,0.183,1.2664,1.9836,N,,08/2021,Analyst
53-2011.00,1.A.3.b.1,Stamina,LV,0.62,8,0.183,0.2664,0.9836,N,N,08/2021,Analyst
53-2011.00,1.A.3.c.1,Extent Flexibility,IM,2.5,8,0.189,2.1296,2.8704,N,,08/2021,Analyst
53-2011.00,1.A.3.c.1,Extent Flexibility,LV,2.5,8,0.189,2.1296,2.8704,N,N,08/2021,Analyst
53-2011.00,1.A.3.c.2,Dynamic Flexibility,IM,1.0,8,0.0,1.0,1.0,N,,08/2021,Analyst
53-2011.00,1.A.3.c.2,Dynamic Flexibility,LV,0.0,8,0.0,0.0,0.0,N,Y,08/2021,Analyst
53-2011.00,1.A.3.c.3,Gross Body Coordination,IM,1.75,8,0.1637,1.4292,2.0708,N,,08/2021,Analyst
53-2011.00,1.A.3.c.3,Gross Body Coordination,LV,0.75,8,0.1637,0.4292,1.0708,N,N,08/2021,Analyst
53-2011.00,1.A.3.c.4,Gross Body Equilibrium,IM,2.0,8,0.0,2.0,2.0,N,,08/2021,Analyst
53-2011.00,1.A.3.c.4,Gross Body Equilibrium,LV,1.88,8,0.125,1.63,2.12,N,N,08/2021,Analyst
53-2011.00,1.A.4.a.1,Near Vision,IM,4.25,8,0.1637,3.9292,4.5708,N,,08/2021,Analyst
53-2011.00,1.A.4.a.1,Near Vision,LV,4.38,8,0.183,4.0164,4.7336,N,N,08/2021,Analyst
53-2011.00,1.A.4.a.2,Far Vision,IM,4.25,8,0.1637,3.9292,4.5708,N,,08/2021,Analyst
53-2011.00,1.A.4.a.2,Far Vision,LV,5.38,8,0.183,5.0164,5.7336,N,N,08/2021,Analyst
53-2011.00,1.A.4.a.3,Visual Color Discrimination,IM,3.62,8,0.183,3.2664,3.9836,N,,08/2021,Analyst
53-2011.00,1.A.4.a.3,Visual Color Discrimination,LV,3.38,8,0.183,3.0164,3.7336,N,N,08/2021,Analyst
53-2011.00,1.A.4.a.4,Night Vision,IM,3.38,8,0.2631,2.8594,3.8906,N,,08/2021,Analyst
53-2011.00,1.A.4.a.4,Night Vision,LV,3.88,8,0.125,3.63,4.12,N,N,08/2021,Analyst
53-2011.00,1.A.4.a.5,Peripheral Vision,IM,3.88,8,0.125,3.63,4.12,N,,08/2021,Analyst
53-2011.00,1.A.4.a.5,Peripheral Vision,LV,4.0,8,0.0,4.0,4.0,N,N,08/2021,Analyst
53-2011.00,1.A.4.a.6,Depth Perception,IM,4.12,8,0.125,3.88,4.37,N,,08/2021,Analyst
53-2011.00,1.A.4.a.6,Depth Perception,LV,4.38,8,0.183,4.0164,4.7336,N,N,08/2021,Analyst
53-2011.00,1.A.4.a.7,Glare Sensitivity,IM,3.62,8,0.183,3.2664,3.9836,N,,08/2021,Analyst
53-2011.00,1.A.4.a.7,Glare Sensitivity,LV,4.25,8,0.1637,3.9292,4.5708,N,N,08/2021,Analyst
53-2011.00,1.A.4.b.1,Hearing Sensitivity,IM,3.75,8,0.1637,3.4292,4.0708,N,,08/2021,Analyst
53-2011.00,1.A.4.b.1,Hearing Sensitivity,LV,4.0,8,0.0,4.0,4.0,N,N,08/2021,Analyst
53-2011.00,1.A.4.b.2,Auditory Attention,IM,3.25,8,0.1637,2.9292,3.5708,N,,08/2021,Analyst
53-2011.00,1.A.4.b.2,Auditory Attention,LV,4.0,8,0.189,3.6296,4.3704,N,N,08/2021,Analyst
53-2011.00,1.A.4.b.3,Sound Localization,IM,2.88,8,0.125,2.63,3.12,N,,08/2021,Analyst
53-2011.00,1.A.4.b.3,Sound Localization,LV,2.88,8,0.125,2.63,3.12,N,N,08/2021,Analyst
53-2011.00,1.A.4.b.4,Speech Recognition,IM,3.75,8,0.1637,3.4292,4.0708,N,,08/2021,Analyst
53-2011.00,1.A.4.b.4,Speech Recognition,LV,4.0,8,0.189,3.6296,4.3704,N,N,08/2021,Analyst
53-2011.00,1.A.4.b.5,Speech Clarity,IM,3.75,8,0.1637,3.4292,4.0708,N,,08/2021,Analyst
53-2011.00,1.A.4.b.5,Speech Clarity,LV,3.88,8,0.125,3.63,4.12,N,N,08/2021,Analyst
53-2012.00,1.A.1.a.1,Oral Comprehension,IM,4.0,8,0.0,4.0,4.0,N,,08/2024,Analyst
53-2012.00,1.A.1.a.1,Oral Comprehension,LV,4.25,8,0.1637,3.9292,4.5708,N,N,08/2024,Analyst
53-2012.00,1.A.1.a.2,Written Comprehension,IM,3.88,8,0.125,3.63,4.12,N,,08/2024,Analyst
53-2012.00,1.A.1.a.2,Written Comprehension,LV,4.0,8,0.0,4.0,4.0,N,N,08/2024,Analyst
53-2012.00,1.A.1.a.3,Oral Expression,IM,4.0,8,0.0,4.0,4.0,N,,08/2024,Analyst
53-2012.00,1.A.1.a.3,Oral Expression,LV,4.12,8,0.125,3.88,4.37,N,N,08/2024,Analyst
53-2012.00,1.A.1.a.4,Written Expression,IM,3.38,8,0.183,3.0164,3.7336,N,,08/2024,Analyst
53-2012.00,1.A.1.a.4,Written Expression,LV,3.75,8,0.1637,3.4292,4.0708,N,N,08/2024,Analyst
53-2012.00,1.A.1.b.1,Fluency of Ideas,IM,3.0,8,0.0,3.0,3.0,N,,08/2024,Analyst
53-2012.00,1.A.1.b.1,Fluency of Ideas,LV,3.12,8,0.125,2.88,3.37,N,N,08/2024,Analyst
53-2012.00,1.A.1.b.2,Originality,IM,3.0,8,0.0,3.0,3.0,N,,08/2024,Analyst
53-2012.00,1.A.1.b.2,Originality,LV,3.0,8,0.0,3.0,3.0,N,N,08/2024,Analyst
53-2012.00,1.A.1.b.3,Problem Sensitivity,IM,4.12,8,0.125,3.88,4.37,N,,08/2024,Analyst
53-2012.00,1.A.1.b.3,Problem Sensitivity,LV,4.88,8,0.125,4.63,5.12,N,N,08/2024,Analyst
53-2012.00,1.A.1.b.4,Deductive Reasoning,IM,4.0,8,0.0,4.0,4.0,N,,08/2024,Analyst
53-2012.00,1.A.1.b.4,Deductive Reasoning,LV,4.0,8,0.0,4.0,4.0,N,N,08/2024,Analyst
53-2012.00,1.A.1.b.5,Inductive Reasoning,IM,4.0,8,0.0,4.0,4.0,N,,08/2024,Analyst
53-2012.00,1.A.1.b.5,Inductive Reasoning,LV,4.0,8,0.0,4.0,4.0,N,N,08/2024,Analyst
53-2012.00,1.A.1.b.6,Information Ordering,IM,4.0,8,0.0,4.0,4.0,N,,08/2024,Analyst
53-2012.00,1.A.1.b.6,Information Ordering,LV,4.0,8,0.0,4.0,4.0,N,N,08/2024,Analyst
53-2012.00,1.A.1.b.7,Category Flexibility,IM,3.12,8,0.125,2.88,3.37,N,,08/2024,Analyst
53-2012.00,1.A.1.b.7,Category Flexibility,LV,3.12,8,0.125,2.88,3.37,N,N,08/2024,Analyst
53-2012.00,1.A.1.c.1,Mathematical Reasoning,IM,2.88,8,0.125,2.63,3.12,N,,08/2024,Analyst
53-2012.00,1.A.1.c.1,Mathematical Reasoning,LV,3.0,8,0.189,2.6296,3.3704,N,N,08/2024,Analyst
53-2012.00,1.A.1.c.2,Number Facility,IM,2.62,8,0.183,2.2664,2.9836,N,,08/2024,Analyst
53-2012.00,1.A.1.c.2,Number Facility,LV,2.75,8,0.25,2.26,3.24,N,N,08/2024,Analyst
53-2012.00,1.A.1.d.1,Memorization,IM,2.5,8,0.189,2.1296,2.8704,N,,08/2024,Analyst
53-2012.00,1.A.1.d.1,Memorization,LV,2.62,8,0.183,2.2664,2.9836,N,N,08/2024,Analyst
53-2012.00,1.A.1.e.1,Speed of Closure,IM,3.12,8,0.125,2.88,3.37,N,,08/2024,Analyst
53-2012.00,1.A.1.e.1,Speed of Closure,LV,3.5,8,0.2673,2.9762,4.0238,N,N,08/2024,Analyst
53-2012.00,1.A.1.e.2,Flexibility of Closure,IM,3.5,8,0.189,3.1296,3.8704,N,,08/2024,Analyst
53-2012.00,1.A.1.e.2,Flexibility of Closure,LV,3.88,8,0.125,3.63,4.12,N,N,08/2024,Analyst
53-2012.00,1.A.1.e.3,Perceptual Speed,IM,4.12,8,0.125,3.88,4.37,N,,08/2024,Analyst
53-2012.00,1.A.1.e.3,Perceptual Speed,LV,4.0,8,0.0,4.0,4.0,N,N,08/2024,Analyst
53-2012.00,1.A.1.f.1,Spatial Orientation,IM,3.88,8,0.125,3.63,4.12,N,,08/2024,Analyst
53-2012.00,1.A.1.f.1,Spatial Orientation,LV,3.88,8,0.125,3.63,4.12,N,N,08/2024,Analyst
53-2012.00,1.A.1.f.2,Visualization,IM,3.25,8,0.1637,2.9292,3.5708,N,,08/2024,Analyst
53-2012.00,1.A.1.f.2,Visualization,LV,3.38,8,0.183,3.0164,3.7336,N,N,08/2024,Analyst
53-2012.00,1.A.1.g.1,Selective Attention,IM,4.0,8,0.0,4.0,4.0,N,,08/2024,Analyst
53-2012.00,1.A.1.g.1,Selective Attention,LV,4.0,8,0.0,4.0,4.0,N,N,08/2024,Analyst
53-2012.00,1.A.1.g.2,Time Sharing,IM,3.62,8,0.183,3.2664,3.9836,N,,08/2024,Analyst
53-2012.00,1.A.1.g.2,Time Sharing,LV,4.0,8,0.0,4.0,4.0,N,N,08/2024,Analyst
53-2012.00,1.A.2.a.1,Arm-Hand Steadiness,IM,3.25,8,0.1637,2.9292,3.5708,N,,08/2024,Analyst
53-2012.00,1.A.2.a.1,Arm-Hand Steadiness,LV,3.12,8,0.125,2.88,3.37,N,N,08/2024,Analyst
53-2012.00,1.A.2.a.2,Manual Dexterity,IM,3.38,8,0.183,3.0164,3.7336,N,,08/2024,Analyst
53-2012.00,1.A.2.a.2,Manual Dexterity,LV,3.12,8,0.125,2.88,3.37,N,N,08/2024,Analyst
53-2012.00,1.A.2.a.3,Finger Dexterity,IM,2.88,8,0.125,2.63,3.12,N,,08/2024,Analyst
53-2012.00,1.A.2.a.3,Finger Dexterity,LV,3.0,8,0.189,2.6296,3.3704,N,N,08/2024,Analyst
53-2012.00,1.A.2.b.1,Control Precision,IM,4.12,8,0.125,3.88,4.37,N,,08/2024,Analyst
53-2012.00,1.A.2.b.1,Control Precision,LV,4.5,8,0.189,4.1296,4.8704,N,N,08/2024,Analyst
53-2012.00,1.A.2.b.2,Multilimb Coordination,IM,3.88,8,0.125,3.63,4.12,N,,08/2024,Analyst
53-2012.00,1.A.2.b.2,Multilimb Coordination,LV,4.12,8,0.125,3.88,4.37,N,N,08/2024,Analyst
53-2012.00,1.A.2.b.3,Response Orientation,IM,4.0,8,0.189,3.6296,4.3704,N,,08/2024,Analyst
53-2012.00,1.A.2.b.3,Response Orientation,LV,4.62,8,0.2631,4.1094,5.1406,N,N,08/2024,Analyst
53-2012.00,1.A.2.b.4,Rate Control,IM,3.88,8,0.125,3.63,4.12,N,,08/2024,Analyst
53-2012.00,1.A.2.b.4,Rate Control,LV,4.0,8,0.189,3.6296,4.3704,N,N,08/2024,Analyst
53-2012.00,1.A.2.c.1,Reaction Time,IM,4.0,8,0.189,3.6296,4.3704,N,,08/2024,Analyst
53-2012.00,1.A.2.c.1,Reaction Time,LV,4.12,8,0.125,3.88,4.37,N,N,08/2024,Analyst
53-2012.00,1.A.2.c.2,Wrist-Finger Speed,IM,2.25,8,0.1637,1.9292,2.5708,N,,08/2024,Analyst
53-2012.00,1.A.2.c.2,Wrist-Finger Speed,LV,2.12,8,0.125,1.88,2.37,N,N,08/2024,Analyst
53-2012.00,1.A.2.c.3,Speed of Limb Movement,IM,1.88,8,0.125,1.63,2.12,N,,08/2024,Analyst
53-2012.00,1.A.2.c.3,Speed of Limb Movement,LV,1.62,8,0.2631,1.1094,2.1406,N,N,08/2024,Analyst
53-2012.00,1.A.3.a.1,Static Strength,IM,2.12,8,0.125,1.88,2.37,N,,08/2024,Analyst
53-2012.00,1.A.3.a.1,Static Strength,LV,2.12,8,0.125,1.88,2.37,N,N,08/2024,Analyst
53-2012.00,1.A.3.a.2,Explosive Strength,IM,1.75,8,0.1637,1.4292,2.0708,N,,08/2024,Analyst
53-2012.00,1.A.3.a.2,Explosive Strength,LV,1.0,8,0.2673,0.4762,1.5238,N,N,08/2024,Analyst
53-2012.00,1.A.3.a.3,Dynamic Strength,IM,2.12,8,0.125,1.88,2.37,N,,08/2024,Analyst
53-2012.00,1.A.3.a.3,Dynamic Strength,LV,1.88,8,0.125,1.63,2.12,N,N,08/2024,Analyst
53-2012.00,1.A.3.a.4,Trunk Strength,IM,2.5,8,0.189,2.1296,2.8704,N,,08/2024,Analyst
53-2012.00,1.A.3.a.4,Trunk Strength,LV,2.25,8,0.1637,1.9292,2.5708,N,N,08/2024,Analyst
53-2012.00,1.A.3.b.1,Stamina,IM,2.0,8,0.0,2.0,2.0,N,,08/2024,Analyst
53-2012.00,1.A.3.b.1,Stamina,LV,1.5,8,0.189,1.1296,1.8704,N,N,08/2024,Analyst
53-2012.00,1.A.3.c.1,Extent Flexibility,IM,2.25,8,0.1637,1.9292,2.5708,N,,08/2024,Analyst
53-2012.00,1.A.3.c.1,Extent Flexibility,LV,2.12,8,0.125,1.88,2.37,N,N,08/2024,Analyst
53-2012.00,1.A.3.c.2,Dynamic Flexibility,IM,1.0,8,0.0,1.0,1.0,N,,08/2024,Analyst
53-2012.00,1.A.3.c.2,Dynamic Flexibility,LV,0.0,8,0.0,0.0,0.0,N,Y,08/2024,Analyst
53-2012.00,1.A.3.c.3,Gross Body Coordination,IM,2.0,8,0.0,2.0,2.0,N,,08/2024,Analyst
53-2012.00,1.A.3.c.3,Gross Body Coordination,LV,1.75,8,0.25,1.26,2.24,N,N,08/2024,Analyst
53-2012.00,1.A.3.c.4,Gross Body Equilibrium,IM,1.88,8,0.125,1.63,2.12,N,,08/2024,Analyst
53-2012.00,1.A.3.c.4,Gross Body Equilibrium,LV,1.62,8,0.2631,1.1094,2.1406,N,N,08/2024,Analyst
53-2012.00,1.A.4.a.1,Near Vision,IM,4.12,8,0.125,3.88,4.37,N,,08/2024,Analyst
53-2012.00,1.A.4.a.1,Near Vision,LV,3.88,8,0.125,3.63,4.12,N,N,08/2024,Analyst
53-2012.00,1.A.4.a.2,Far Vision,IM,4.0,8,0.189,3.6296,4.3704,N,,08/2024,Analyst
53-2012.00,1.A.4.a.2,Far Vision,LV,4.75,8,0.1637,4.4292,5.0708,N,N,08/2024,Analyst
53-2012.00,1.A.4.a.3,Visual Color Discrimination,IM,3.0,8,0.0,3.0,3.0,N,,08/2024,Analyst
53-2012.00,1.A.4.a.3,Visual Color Discrimination,LV,3.25,8,0.1637,2.9292,3.5708,N,N,08/2024,Analyst
53-2012.00,1.A.4.a.4,Night Vision,IM,2.75,8,0.1637,2.4292,3.0708,N,,08/2024,Analyst
53-2012.00,1.A.4.a.4,Night Vision,LV,3.0,8,0.0,3.0,3.0,N,N,08/2024,Analyst
53-2012.00,1.A.4.a.5,Peripheral Vision,IM,3.0,8,0.0,3.0,3.0,N,,08/2024,Analyst
53-2012.00,1.A.4.a.5,Peripheral Vision,LV,3.12,8,0.125,2.88,3.37,N,N,08/2024,Analyst
53-2012.00,1.A.4.a.6,Depth Perception,IM,4.0,8,0.189,3.6296,4.3704,N,,08/2024,Analyst
53-2012.00,1.A.4.a.6,Depth Perception,LV,4.12,8,0.125,3.88,4.37,N,N,08/2024,Analyst
53-2012.00,1.A.4.a.7,Glare Sensitivity,IM,3.12,8,0.125,2.88,3.37,N,,08/2024,Analyst
53-2012.00,1.A.4.a.7,Glare Sensitivity,LV,3.5,8,0.189,3.1296,3.8704,N,N,08/2024,Analyst
53-2012.00,1.A.4.b.1,Hearing Sensitivity,IM,3.12,8,0.125,2.88,3.37,N,,08/2024,Analyst
53-2012.00,1.A.4.b.1,Hearing Sensitivity,LV,3.12,8,0.125,2.88,3.37,N,N,08/2024,Analyst
53-2012.00,1.A.4.b.2,Auditory Attention,IM,3.12,8,0.125,2.88,3.37,N,,08/2024,Analyst
53-2012.00,1.A.4.b.2,Auditory Attention,LV,3.25,8,0.1637,2.9292,3.5708,N,N,08/2024,Analyst
53-2012.00,1.A.4.b.3,Sound Localization,IM,2.5,8,0.189,2.1296,2.8704,N,,08/2024,Analyst
53-2012.00,1.A.4.b.3,Sound Localization,LV,2.62,8,0.2631,2.1094,3.1406,N,N,08/2024,Analyst
53-2012.00,1.A.4.b.4,Speech Recognition,IM,3.75,8,0.1637,3.4292,4.0708,N,,08/2024,Analyst
53-2012.00,1.A.4.b.4,Speech Recognition,LV,3.62,8,0.183,3.2664,3.9836,N,N,08/2024,Analyst
53-2012.00,1.A.4.b.5,Speech Clarity,IM,3.75,8,0.1637,3.4292,4.0708,N,,08/2024,Analyst
53-2012.00,1.A.4.b.5,Speech Clarity,LV,3.88,8,0.125,3.63,4.12,N,N,08/2024,Analyst
53-2021.00,1.A.1.a.1,Oral Comprehension,IM,4.62,8,0.183,4.2664,4.9836,N,,07/2014,Analyst
53-2021.00,1.A.1.a.1,Oral Comprehension,LV,4.62,8,0.183,4.2664,4.9836,N,N,07/2014,Analyst
53-2021.00,1.A.1.a.2,Written Comprehension,IM,3.88,8,0.125,3.63,4.12,N,,07/2014,Analyst
53-2021.00,1.A.1.a.2,Written Comprehension,LV,3.88,8,0.125,3.63,4.12,N,N,07/2014,Analyst
53-2021.00,1.A.1.a.3,Oral Expression,IM,4.62,8,0.183,4.2664,4.9836,N,,07/2014,Analyst
53-2021.00,1.A.1.a.3,Oral Expression,LV,4.75,8,0.1637,4.4292,5.0708,N,N,07/2014,Analyst
53-2021.00,1.A.1.a.4,Written Expression,IM,3.38,8,0.183,3.0164,3.7336,N,,07/2014,Analyst
53-2021.00,1.A.1.a.4,Written Expression,LV,3.38,8,0.183,3.0164,3.7336,N,N,07/2014,Analyst
53-2021.00,1.A.1.b.1,Fluency of Ideas,IM,3.38,8,0.183,3.0164,3.7336,N,,07/2014,Analyst
53-2021.00,1.A.1.b.1,Fluency of Ideas,LV,3.75,8,0.1637,3.4292,4.0708,N,N,07/2014,Analyst
53-2021.00,1.A.1.b.2,Originality,IM,3.38,8,0.183,3.0164,3.7336,N,,07/2014,Analyst
53-2021.00,1.A.1.b.2,Originality,LV,3.5,8,0.189,3.1296,3.8704,N,N,07/2014,Analyst
53-2021.00,1.A.1.b.3,Problem Sensitivity,IM,4.75,8,0.1637,4.4292,5.0,N,,07/2014,Analyst
53-2021.00,1.A.1.b.3,Problem Sensitivity,LV,4.62,8,0.183,4.2664,4.9836,N,N,07/2014,Analyst
53-2021.00,1.A.1.b.4,Deductive Reasoning,IM,4.38,8,0.183,4.0164,4.7336,N,,07/2014,Analyst
53-2021.00,1.A.1.b.4,Deductive Reasoning,LV,4.38,8,0.183,4.0164,4.7336,N,N,07/2014,Analyst
53-2021.00,1.A.1.b.5,Inductive Reasoning,IM,4.25,8,0.1637,3.9292,4.5708,N,,07/2014,Analyst
53-2021.00,1.A.1.b.5,Inductive Reasoning,LV,4.0,8,0.189,3.6296,4.3704,N,N,07/2014,Analyst
53-2021.00,1.A.1.b.6,Information Ordering,IM,4.0,8,0.0,4.0,4.0,N,,07/2014,Analyst
53-2021.00,1.A.1.b.6,Information Ordering,LV,4.12,8,0.125,3.88,4.37,N,N,07/2014,Analyst
53-2021.00,1.A.1.b.7,Category Flexibility,IM,3.62,8,0.183,3.2664,3.9836,N,,07/2014,Analyst
53-2021.00,1.A.1.b.7,Category Flexibility,LV,4.0,8,0.0,4.0,4.0,N,N,07/2014,Analyst
53-2021.00,1.A.1.c.1,Mathematical Reasoning,IM,3.12,8,0.125,2.88,3.37,N,,07/2014,Analyst
53-2021.00,1.A.1.c.1,Mathematical Reasoning,LV,3.12,8,0.125,2.88,3.37,N,N,07/2014,Analyst
53-2021.00,1.A.1.c.2,Number Facility,IM,3.0,8,0.0,3.0,3.0,N,,07/2014,Analyst
53-2021.00,1.A.1.c.2,Number Facility,LV,3.25,8,0.1637,2.9292,3.5708,N,N,07/2014,Analyst
53-2021.00,1.A.1.d.1,Memorization,IM,3.0,8,0.0,3.0,3.0,N,,07/2014,Analyst
53-2021.00,1.A.1.d.1,Memorization,LV,3.0,8,0.0,3.0,3.0,N,N,07/2014,Analyst
53-2021.00,1.A.1.e.1,Speed of Closure,IM,4.25,8,0.1637,3.9292,4.5708,N,,07/2014,Analyst
53-2021.00,1.A.1.e.1,Speed of Closure,LV,4.88,8,0.125,4.63,5.12,N,N,07/2014,Analyst
53-2021.00,1.A.1.e.2,Flexibility of Closure,IM,4.25,8,0.1637,3.9292,4.5708,N,,07/2014,Analyst
53-2021.00,1.A.1.e.2,Flexibility of Closure,LV,4.5,8,0.189,4.1296,4.8704,N,N,07/2014,Analyst
53-2021.00,1.A.1.e.3,Perceptual Speed,IM,4.12,8,0.125,3.88,4.37,N,,07/2014,Analyst
53-2021.00,1.A.1.e.3,Perceptual Speed,LV,4.38,8,0.183,4.0164,4.7336,N,N,07/2014,Analyst
53-2021.00,1.A.1.f.1,Spatial Orientation,IM,1.88,8,0.2266,1.4309,2.3191,N,,07/2014,Analyst
53-2021.00,1.A.1.f.1,Spatial Orientation,LV,1.0,8,0.3273,0.3584,1.6416,N,N,07/2014,Analyst
53-2021.00,1.A.1.f.2,Visualization,IM,3.5,8,0.189,3.1296,3.8704,N,,07/2014,Analyst
53-2021.00,1.A.1.f.2,Visualization,LV,4.5,8,0.189,4.1296,4.8704,N,N,07/2014,Analyst
53-2021.00,1.A.1.g.1,Selective Attention,IM,4.5,8,0.189,4.1296,4.8704,N,,07/2014,Analyst
53-2021.00,1.A.1.g.1,Selective Attention,LV,4.88,8,0.125,4.63,5.12,N,N,07/2014,Analyst
53-2021.00,1.A.1.g.2,Time Sharing,IM,4.12,8,0.125,3.88,4.37,N,,07/2014,Analyst
53-2021.00,1.A.1.g.2,Time Sharing,LV,5.62,8,0.183,5.2664,5.9836,N,N,07/2014,Analyst
53-2021.00,1.A.2.a.1,Arm-Hand Steadiness,IM,2.5,8,0.189,2.1296,2.8704,N,,07/2014,Analyst
53-2021.00,1.A.2.a.1,Arm-Hand Steadiness,LV,2.38,8,0.183,2.0164,2.7336,N,N,07/2014,Analyst
53-2021.00,1.A.2.a.2,Manual Dexterity,IM,2.38,8,0.2631,1.8594,2.8906,N,,07/2014,Analyst
53-2021.00,1.A.2.a.2,Manual Dexterity,LV,2.0,8,0.3273,1.3584,2.6416,N,N,07/2014,Analyst
53-2021.00,1.A.2.a.3,Finger Dexterity,IM,2.88,8,0.125,2.63,3.12,N,,07/2014,Analyst
53-2021.00,1.A.2.a.3,Finger Dexterity,LV,3.0,8,0.0,3.0,3.0,N,N,07/2014,Analyst
53-2021.00,1.A.2.b.1,Control Precision,IM,2.88,8,0.125,2.63,3.12,N,,07/2014,Analyst
53-2021.00,1.A.2.b.1,Control Precision,LV,2.88,8,0.125,2.63,3.12,N,N,07/2014,Analyst
53-2021.00,1.A.2.b.2,Multilimb Coordination,IM,1.38,8,0.183,1.0164,1.7336,N,,07/2014,Analyst
53-2021.00,1.A.2.b.2,Multilimb Coordination,LV,0.38,8,0.183,0.0164,0.7336,N,N,07/2014,Analyst
53-2021.00,1.A.2.b.3,Response Orientation,IM,1.62,8,0.183,1.2664,1.9836,N,,07/2014,Analyst
53-2021.00,1.A.2.b.3,Response Orientation,LV,0.88,8,0.295,0.2967,1.4533,N,N,07/2014,Analyst
53-2021.00,1.A.2.b.4,Rate Control,IM,1.5,8,0.189,1.1296,1.8704,N,,07/2014,Analyst
53-2021.00,1.A.2.b.4,Rate Control,LV,0.62,8,0.2631,0.1094,1.1406,N,N,07/2014,Analyst
53-2021.00,1.A.2.c.1,Reaction Time,IM,1.75,8,0.1637,1.4292,2.0708,N,,07/2014,Analyst
53-2021.00,1.A.2.c.1,Reaction Time,LV,1.0,8,0.2673,0.4762,1.5238,N,N,07/2014,Analyst
53-2021.00,1.A.2.c.2,Wrist-Finger Speed,IM,1.12,8,0.125,1.0,1.37,N,,07/2014,Analyst
53-2021.00,1.A.2.c.2,Wrist-Finger Speed,LV,0.12,8,0.125,0.0,0.37,N,Y,07/2014,Analyst
53-2021.00,1.A.2.c.3,Speed of Limb Movement,IM,1.0,8,0.0,1.0,1.0,N,,07/2014,Analyst
53-2021.00,1.A.2.c.3,Speed of Limb Movement,LV,0.0,8,0.0,0.0,0.0,N,Y,07/2014,Analyst
53-2021.00,1.A.3.a.1,Static Strength,IM,1.0,8,0.0,1.0,1.0,N,,07/2014,Analyst
53-2021.00,1.A.3.a.1,Static Strength,LV,0.0,8,0.0,0.0,0.0,N,Y,07/2014,Analyst
53-2021.00,1.A.3.a.2,Explosive Strength,IM,1.0,8,0.0,1.0,1.0,N,,07/2014,Analyst
53-2021.00,1.A.3.a.2,Explosive Strength,LV,0.0,8,0.0,0.0,0.0,N,Y,07/2014,Analyst
53-2021.00,1.A.3.a.3,Dynamic Strength,IM,1.0,8,0.0,1.0,1.0,N,,07/2014,Analyst
53-2021.00,1.A.3.a.3,Dynamic Strength,LV,0.0,8,0.0,0.0,0.0,N,Y,07/2014,Analyst
53-2021.00,1.A.3.a.4,Trunk Strength,IM,1.75,8,0.1637,1.4292,2.0708,N,,07/2014,Analyst
53-2021.00,1.A.3.a.4,Trunk Strength,LV,1.12,8,0.295,0.5467,1.7033,N,N,07/2014,Analyst
53-2021.00,1.A.3.b.1,Stamina,IM,1.0,8,0.0,1.0,1.0,N,,07/2014,Analyst
53-2021.00,1.A.3.b.1,Stamina,LV,0.0,8,0.0,0.0,0.0,N,Y,07/2014,Analyst
53-2021.00,1.A.3.c.1,Extent Flexibility,IM,1.12,8,0.125,1.0,1.37,N,,07/2014,Analyst
53-2021.00,1.A.3.c.1,Extent Flexibility,LV,0.12,8,0.125,0.0,0.37,N,Y,07/2014,Analyst
53-2021.00,1.A.3.c.2,Dynamic Flexibility,IM,1.0,8,0.0,1.0,1.0,N,,07/2014,Analyst
53-2021.00,1.A.3.c.2,Dynamic Flexibility,LV,0.0,8,0.0,0.0,0.0,N,Y,07/2014,Analyst
53-2021.00,1.A.3.c.3,Gross Body Coordination,IM,1.0,8,0.0,1.0,1.0,N,,07/2014,Analyst
53-2021.00,1.A.3.c.3,Gross Body Coordination,LV,0.0,8,0.0,0.0,0.0,N,Y,07/2014,Analyst
53-2021.00,1.A.3.c.4,Gross Body Equilibrium,IM,1.0,8,0.0,1.0,1.0,N,,07/2014,Analyst
53-2021.00,1.A.3.c.4,Gross Body Equilibrium,LV,0.0,8,0.0,0.0,0.0,N,Y,07/2014,Analyst
53-2021.00,1.A.4.a.1,Near Vision,IM,4.12,8,0.125,3.88,4.37,N,,07/2014,Analyst
53-2021.00,1.A.4.a.1,Near Vision,LV,4.12,8,0.125,3.88,4.37,N,N,07/2014,Analyst
53-2021.00,1.A.4.a.2,Far Vision,IM,4.12,8,0.125,3.88,4.37,N,,07/2014,Analyst
53-2021.00,1.A.4.a.2,Far Vision,LV,4.25,8,0.1637,3.9292,4.5708,N,N,07/2014,Analyst
53-2021.00,1.A.4.a.3,Visual Color Discrimination,IM,3.0,8,0.189,2.6296,3.3704,N,,07/2014,Analyst
53-2021.00,1.A.4.a.3,Visual Color Discrimination,LV,3.0,8,0.189,2.6296,3.3704,N,N,07/2014,Analyst
53-2021.00,1.A.4.a.4,Night Vision,IM,2.12,8,0.125,1.88,2.37,N,,07/2014,Analyst
53-2021.00,1.A.4.a.4,Night Vision,LV,2.12,8,0.125,1.88,2.37,N,N,07/2014,Analyst
53-2021.00,1.A.4.a.5,Peripheral Vision,IM,1.62,8,0.183,1.2664,1.9836,N,,07/2014,Analyst
53-2021.00,1.A.4.a.5,Peripheral Vision,LV,0.75,8,0.25,0.26,1.24,N,N,07/2014,Analyst
53-2021.00,1.A.4.a.6,Depth Perception,IM,2.62,8,0.183,2.2664,2.9836,N,,07/2014,Analyst
53-2021.00,1.A.4.a.6,Depth Perception,LV,2.62,8,0.183,2.2664,2.9836,N,N,07/2014,Analyst
53-2021.00,1.A.4.a.7,Glare Sensitivity,IM,2.12,8,0.125,1.88,2.37,N,,07/2014,Analyst
53-2021.00,1.A.4.a.7,Glare Sensitivity,LV,1.38,8,0.375,0.64,2.11,N,N,07/2014,Analyst
53-2021.00,1.A.4.b.1,Hearing Sensitivity,IM,2.88,8,0.125,2.63,3.12,N,,07/2014,Analyst
53-2021.00,1.A.4.b.1,Hearing Sensitivity,LV,2.75,8,0.1637,2.4292,3.0708,N,N,07/2014,Analyst
53-2021.00,1.A.4.b.2,Auditory Attention,IM,3.5,8,0.189,3.1296,3.8704,N,,07/2014,Analyst
53-2021.00,1.A.4.b.2,Auditory Attention,LV,3.88,8,0.125,3.63,4.12,N,N,07/2014,Analyst
53-2021.00,1.A.4.b.3,Sound Localization,IM,1.75,8,0.1637,1.4292,2.0708,N,,07/2014,Analyst
53-2021.00,1.A.4.b.3,Sound Localization,LV,0.88,8,0.2266,0.4309,1.3191,N,N,07/2014,Analyst
53-2021.00,1.A.4.b.4,Speech Recognition,IM,4.0,8,0.0,4.0,4.0,N,,07/2014,Analyst
53-2021.00,1.A.4.b.4,Speech Recognition,LV,4.38,8,0.2631,3.8594,4.8906,N,N,07/2014,Analyst
53-2021.00,1.A.4.b.5,Speech Clarity,IM,4.12,8,0.125,3.88,4.37,N,,07/2014,Analyst
53-2021.00,1.A.4.b.5,Speech Clarity,LV,4.0,8,0.0,4.0,4.0,N,N,07/2014,Analyst
53-2022.00,1.A.1.a.1,Oral Comprehension,IM,4.0,8,0.0,4.0,4.0,N,,08/2021,Analyst
53-2022.00,1.A.1.a.1,Oral Comprehension,LV,4.0,8,0.0,4.0,4.0,N,N,08/2021,Analyst
53-2022.00,1.A.1.a.2,Written Comprehension,IM,4.0,8,0.0,4.0,4.0,N,,08/2021,Analyst
53-2022.00,1.A.1.a.2,Written Comprehension,LV,4.0,8,0.0,4.0,4.0,N,N,08/2021,Analyst
53-2022.00,1.A.1.a.3,Oral Expression,IM,4.0,8,0.0,4.0,4.0,N,,08/2021,Analyst
53-2022.00,1.A.1.a.3,Oral Expression,LV,4.0,8,0.0,4.0,4.0,N,N,08/2021,Analyst
53-2022.00,1.A.1.a.4,Written Expression,IM,3.62,8,0.183,3.2664,3.9836,N,,08/2021,Analyst
53-2022.00,1.A.1.a.4,Written Expression,LV,3.75,8,0.1637,3.4292,4.0708,N,N,08/2021,Analyst
53-2022.00,1.A.1.b.1,Fluency of Ideas,IM,2.88,8,0.125,2.63,3.12,N,,08/2021,Analyst
53-2022.00,1.A.1.b.1,Fluency of Ideas,LV,3.0,8,0.0,3.0,3.0,N,N,08/2021,Analyst
53-2022.00,1.A.1.b.2,Originality,IM,2.88,8,0.125,2.63,3.12,N,,08/2021,Analyst
53-2022.00,1.A.1.b.2,Originality,LV,3.0,8,0.0,3.0,3.0,N,N,08/2021,Analyst
53-2022.00,1.A.1.b.3,Problem Sensitivity,IM,4.12,8,0.125,3.88,4.37,N,,08/2021,Analyst
53-2022.00,1.A.1.b.3,Problem Sensitivity,LV,4.25,8,0.1637,3.9292,4.5708,N,N,08/2021,Analyst
53-2022.00,1.A.1.b.4,Deductive Reasoning,IM,4.12,8,0.125,3.88,4.37,N,,08/2021,Analyst
53-2022.00,1.A.1.b.4,Deductive Reasoning,LV,4.0,8,0.0,4.0,4.0,N,N,08/2021,Analyst
53-2022.00,1.A.1.b.5,Inductive Reasoning,IM,3.75,8,0.1637,3.4292,4.0708,N,,08/2021,Analyst
53-2022.00,1.A.1.b.5,Inductive Reasoning,LV,3.5,8,0.189,3.1296,3.8704,N,N,08/2021,Analyst
53-2022.00,1.A.1.b.6,Information Ordering,IM,3.62,8,0.183,3.2664,3.9836,N,,08/2021,Analyst
53-2022.00,1.A.1.b.6,Information Ordering,LV,3.75,8,0.1637,3.4292,4.0708,N,N,08/2021,Analyst
53-2022.00,1.A.1.b.7,Category Flexibility,IM,3.12,8,0.125,2.88,3.37,N,,08/2021,Analyst
53-2022.00,1.A.1.b.7,Category Flexibility,LV,3.12,8,0.125,2.88,3.37,N,N,08/2021,Analyst
53-2022.00,1.A.1.c.1,Mathematical Reasoning,IM,2.62,8,0.183,2.2664,2.9836,N,,08/2021,Analyst
53-2022.00,1.A.1.c.1,Mathematical Reasoning,LV,2.38,8,0.183,2.0164,2.7336,N,N,08/2021,Analyst
53-2022.00,1.A.1.c.2,Number Facility,IM,2.25,8,0.1637,1.9292,2.5708,N,,08/2021,Analyst
53-2022.00,1.A.1.c.2,Number Facility,LV,2.12,8,0.125,1.88,2.37,N,N,08/2021,Analyst
53-2022.00,1.A.1.d.1,Memorization,IM,2.25,8,0.1637,1.9292,2.5708,N,,08/2021,Analyst
53-2022.00,1.A.1.d.1,Memorization,LV,2.12,8,0.125,1.88,2.37,N,N,08/2021,Analyst
53-2022.00,1.A.1.e.1,Speed of Closure,IM,2.88,8,0.125,2.63,3.12,N,,08/2021,Analyst
53-2022.00,1.A.1.e.1,Speed of Closure,LV,2.75,8,0.1637,2.4292,3.0708,N,N,08/2021,Analyst
53-2022.00,1.A.1.e.2,Flexibility of Closure,IM,3.25,8,0.1637,2.9292,3.5708,N,,08/2021,Analyst
53-2022.00,1.A.1.e.2,Flexibility of Closure,LV,3.12,8,0.125,2.88,3.37,N,N,08/2021,Analyst
53-2022.00,1.A.1.e.3,Perceptual Speed,IM,3.25,8,0.1637,2.9292,3.5708,N,,08/2021,Analyst
53-2022.00,1.A.1.e.3,Perceptual Speed,LV,3.12,8,0.125,2.88,3.37,N,N,08/2021,Analyst
53-2022.00,1.A.1.f.1,Spatial Orientation,IM,2.38,8,0.183,2.0164,2.7336,N,,08/2021,Analyst
53-2022.00,1.A.1.f.1,Spatial Orientation,LV,2.38,8,0.183,2.0164,2.7336,N,N,08/2021,Analyst
53-2022.00,1.A.1.f.2,Visualization,IM,3.0,8,0.0,3.0,3.0,N,,08/2021,Analyst
53-2022.00,1.A.1.f.2,Visualization,LV,3.0,8,0.0,3.0,3.0,N,N,08/2021,Analyst
53-2022.00,1.A.1.g.1,Selective Attention,IM,3.25,8,0.1637,2.9292,3.5708,N,,08/2021,Analyst
53-2022.00,1.A.1.g.1,Selective Attention,LV,3.38,8,0.183,3.0164,3.7336,N,N,08/2021,Analyst
53-2022.00,1.A.1.g.2,Time Sharing,IM,3.0,8,0.0,3.0,3.0,N,,08/2021,Analyst
53-2022.00,1.A.1.g.2,Time Sharing,LV,3.0,8,0.0,3.0,3.0,N,N,08/2021,Analyst
53-2022.00,1.A.2.a.1,Arm-Hand Steadiness,IM,2.38,8,0.183,2.0164,2.7336,N,,08/2021,Analyst
53-2022.00,1.A.2.a.1,Arm-Hand Steadiness,LV,2.0,8,0.0,2.0,2.0,N,N,08/2021,Analyst
53-2022.00,1.A.2.a.2,Manual Dexterity,IM,2.62,8,0.183,2.2664,2.9836,N,,08/2021,Analyst
53-2022.00,1.A.2.a.2,Manual Dexterity,LV,2.25,8,0.1637,1.9292,2.5708,N,N,08/2021,Analyst
53-2022.00,1.A.2.a.3,Finger Dexterity,IM,2.25,8,0.1637,1.9292,2.5708,N,,08/2021,Analyst
53-2022.00,1.A.2.a.3,Finger Dexterity,LV,2.12,8,0.125,1.88,2.37,N,N,08/2021,Analyst
53-2022.00,1.A.2.b.1,Control Precision,IM,2.75,8,0.1637,2.4292,3.0708,N,,08/2021,Analyst
53-2022.00,1.A.2.b.1,Control Precision,LV,2.88,8,0.125,2.63,3.12,N,N,08/2021,Analyst
53-2022.00,1.A.2.b.2,Multilimb Coordination,IM,2.25,8,0.1637,1.9292,2.5708,N,,08/2021,Analyst
53-2022.00,1.A.2.b.2,Multilimb Coordination,LV,2.12,8,0.125,1.88,2.37,N,N,08/2021,Analyst
53-2022.00,1.A.2.b.3,Response Orientation,IM,2.38,8,0.183,2.0164,2.7336,N,,08/2021,Analyst
53-2022.00,1.A.2.b.3,Response Orientation,LV,2.12,8,0.125,1.88,2.37,N,N,08/2021,Analyst
53-2022.00,1.A.2.b.4,Rate Control,IM,1.88,8,0.125,1.63,2.12,N,,08/2021,Analyst
53-2022.00,1.A.2.b.4,Rate Control,LV,1.0,8,0.189,0.6296,1.3704,N,N,08/2021,Analyst
53-2022.00,1.A.2.c.1,Reaction Time,IM,2.25,8,0.1637,1.9292,2.5708,N,,08/2021,Analyst
53-2022.00,1.A.2.c.1,Reaction Time,LV,2.0,8,0.189,1.6296,2.3704,N,N,08/2021,Analyst
53-2022.00,1.A.2.c.2,Wrist-Finger Speed,IM,1.88,8,0.2266,1.4309,2.3191,N,,08/2021,Analyst
53-2022.00,1.A.2.c.2,Wrist-Finger Speed,LV,1.0,8,0.2673,0.4762,1.5238,N,N,08/2021,Analyst
53-2022.00,1.A.2.c.3,Speed of Limb Movement,IM,1.62,8,0.183,1.2664,1.9836,N,,08/2021,Analyst
53-2022.00,1.A.2.c.3,Speed of Limb Movement,LV,0.62,8,0.183,0.2664,0.9836,N,N,08/2021,Analyst
53-2022.00,1.A.3.a.1,Static Strength,IM,1.88,8,0.2266,1.4309,2.3191,N,,08/2021,Analyst
53-2022.00,1.A.3.a.1,Static Strength,LV,1.12,8,0.295,0.5467,1.7033,N,N,08/2021,Analyst
53-2022.00,1.A.3.a.2,Explosive Strength,IM,1.38,8,0.183,1.0164,1.7336,N,,08/2021,Analyst
53-2022.00,1.A.3.a.2,Explosive Strength,LV,0.38,8,0.183,0.0164,0.7336,N,N,08/2021,Analyst
53-2022.00,1.A.3.a.3,Dynamic Strength,IM,1.75,8,0.25,1.26,2.24,N,,08/2021,Analyst
53-2022.00,1.A.3.a.3,Dynamic Strength,LV,1.0,8,0.3273,0.3584,1.6416,N,N,08/2021,Analyst
53-2022.00,1.A.3.a.4,Trunk Strength,IM,2.38,8,0.183,2.0164,2.7336,N,,08/2021,Analyst
53-2022.00,1.A.3.a.4,Trunk Strength,LV,1.75,8,0.25,1.26,2.24,N,N,08/2021,Analyst
53-2022.00,1.A.3.b.1,Stamina,IM,1.88,8,0.2266,1.4309,2.3191,N,,08/2021,Analyst
53-2022.00,1.A.3.b.1,Stamina,LV,0.88,8,0.2266,0.4309,1.3191,N,N,08/2021,Analyst
53-2022.00,1.A.3.c.1,Extent Flexibility,IM,1.88,8,0.2266,1.4309,2.3191,N,,08/2021,Analyst
53-2022.00,1.A.3.c.1,Extent Flexibility,LV,1.25,8,0.3134,0.6358,1.8642,N,N,08/2021,Analyst
53-2022.00,1.A.3.c.2,Dynamic Flexibility,IM,1.0,8,0.0,1.0,1.0,N,,08/2021,Analyst
53-2022.00,1.A.3.c.2,Dynamic Flexibility,LV,0.0,8,0.0,0.0,0.0,N,Y,08/2021,Analyst
53-2022.00,1.A.3.c.3,Gross Body Coordination,IM,1.75,8,0.1637,1.4292,2.0708,N,,08/2021,Analyst
53-2022.00,1.A.3.c.3,Gross Body Coordination,LV,1.12,8,0.295,0.5467,1.7033,N,N,08/2021,Analyst
53-2022.00,1.A.3.c.4,Gross Body Equilibrium,IM,1.88,8,0.2266,1.4309,2.3191,N,,08/2021,Analyst
53-2022.00,1.A.3.c.4,Gross Body Equilibrium,LV,1.12,8,0.295,0.5467,1.7033,N,N,08/2021,Analyst
53-2022.00,1.A.4.a.1,Near Vision,IM,3.62,8,0.183,3.2664,3.9836,N,,08/2021,Analyst
53-2022.00,1.A.4.a.1,Near Vision,LV,3.75,8,0.1637,3.4292,4.0708,N,N,08/2021,Analyst
53-2022.00,1.A.4.a.2,Far Vision,IM,3.62,8,0.183,3.2664,3.9836,N,,08/2021,Analyst
53-2022.00,1.A.4.a.2,Far Vision,LV,4.0,8,0.189,3.6296,4.3704,N,N,08/2021,Analyst
53-2022.00,1.A.4.a.3,Visual Color Discrimination,IM,2.75,8,0.1637,2.4292,3.0708,N,,08/2021,Analyst
53-2022.00,1.A.4.a.3,Visual Color Discrimination,LV,2.75,8,0.1637,2.4292,3.0708,N,N,08/2021,Analyst
53-2022.00,1.A.4.a.4,Night Vision,IM,2.25,8,0.1637,1.9292,2.5708,N,,08/2021,Analyst
53-2022.00,1.A.4.a.4,Night Vision,LV,2.0,8,0.0,2.0,2.0,N,N,08/2021,Analyst
53-2022.00,1.A.4.a.5,Peripheral Vision,IM,2.12,8,0.125,1.88,2.37,N,,08/2021,Analyst
53-2022.00,1.A.4.a.5,Peripheral Vision,LV,2.12,8,0.125,1.88,2.37,N,N,08/2021,Analyst
53-2022.00,1.A.4.a.6,Depth Perception,IM,2.62,8,0.183,2.2664,2.9836,N,,08/2021,Analyst
53-2022.00,1.A.4.a.6,Depth Perception,LV,2.62,8,0.183,2.2664,2.9836,N,N,08/2021,Analyst
53-2022.00,1.A.4.a.7,Glare Sensitivity,IM,2.25,8,0.1637,1.9292,2.5708,N,,08/2021,Analyst
53-2022.00,1.A.4.a.7,Glare Sensitivity,LV,2.12,8,0.125,1.88,2.37,N,N,08/2021,Analyst
53-2022.00,1.A.4.b.1,Hearing Sensitivity,IM,2.62,8,0.183,2.2664,2.9836,N,,08/2021,Analyst
53-2022.00,1.A.4.b.1,Hearing Sensitivity,LV,2.38,8,0.183,2.0164,2.7336,N,N,08/2021,Analyst
53-2022.00,1.A.4.b.2,Auditory Attention,IM,3.0,8,0.189,2.6296,3.3704,N,,08/2021,Analyst
53-2022.00,1.A.4.b.2,Auditory Attention,LV,3.25,8,0.25,2.76,3.74,N,N,08/2021,Analyst
53-2022.00,1.A.4.b.3,Sound Localization,IM,2.0,8,0.0,2.0,2.0,N,,08/2021,Analyst
53-2022.00,1.A.4.b.3,Sound Localization,LV,1.5,8,0.189,1.1296,1.8704,N,N,08/2021,Analyst
53-2022.00,1.A.4.b.4,Speech Recognition,IM,3.25,8,0.1637,2.9292,3.5708,N,,08/2021,Analyst
53-2022.00,1.A.4.b.4,Speech Recognition,LV,3.12,8,0.125,2.88,3.37,N,N,08/2021,Analyst
53-2022.00,1.A.4.b.5,Speech Clarity,IM,3.75,8,0.1637,3.4292,4.0708,N,,08/2021,Analyst
53-2022.00,1.A.4.b.5,Speech Clarity,LV,3.0,8,0.3273,2.3584,3.6416,N,N,08/2021,Analyst
53-2031.00,1.A.1.a.1,Oral Comprehension,IM,3.88,8,0.125,3.63,4.12,N,,08/2021,Analyst
53-2031.00,1.A.1.a.1,Oral Comprehension,LV,4.0,8,0.0,4.0,4.0,N,N,08/2021,Analyst
53-2031.00,1.A.1.a.2,Written Comprehension,IM,3.0,8,0.0,3.0,3.0,N,,08/2021,Analyst
53-2031.00,1.A.1.a.2,Written Comprehension,LV,3.0,8,0.0,3.0,3.0,N,N,08/2021,Analyst
53-2031.00,1.A.1.a.3,Oral Expression,IM,4.0,8,0.0,4.0,4.0,N,,08/2021,Analyst
53-2031.00,1.A.1.a.3,Oral Expression,LV,4.0,8,0.0,4.0,4.0,N,N,08/2021,Analyst
53-2031.00,1.A.1.a.4,Written Expression,IM,2.88,8,0.125,2.63,3.12,N,,08/2021,Analyst
53-2031.00,1.A.1.a.4,Written Expression,LV,2.88,8,0.125,2.63,3.12,N,N,08/2021,Analyst
53-2031.00,1.A.1.b.1,Fluency of Ideas,IM,2.75,8,0.1637,2.4292,3.0708,N,,08/2021,Analyst
53-2031.00,1.A.1.b.1,Fluency of Ideas,LV,2.38,8,0.183,2.0164,2.7336,N,N,08/2021,Analyst
53-2031.00,1.A.1.b.2,Originality,IM,2.88,8,0.125,2.63,3.12,N,,08/2021,Analyst
53-2031.00,1.A.1.b.2,Originality,LV,2.12,8,0.125,1.88,2.37,N,N,08/2021,Analyst
53-2031.00,1.A.1.b.3,Problem Sensitivity,IM,3.75,8,0.1637,3.4292,4.0708,N,,08/2021,Analyst
53-2031.00,1.A.1.b.3,Problem Sensitivity,LV,3.88,8,0.125,3.63,4.12,N,N,08/2021,Analyst
53-2031.00,1.A.1.b.4,Deductive Reasoning,IM,3.62,8,0.183,3.2664,3.9836,N,,08/2021,Analyst
53-2031.00,1.A.1.b.4,Deductive Reasoning,LV,3.62,8,0.183,3.2664,3.9836,N,N,08/2021,Analyst
53-2031.00,1.A.1.b.5,Inductive Reasoning,IM,3.12,8,0.125,2.88,3.37,N,,08/2021,Analyst
53-2031.00,1.A.1.b.5,Inductive Reasoning,LV,3.25,8,0.1637,2.9292,3.5708,N,N,08/2021,Analyst
53-2031.00,1.A.1.b.6,Information Ordering,IM,3.25,8,0.1637,2.9292,3.5708,N,,08/2021,Analyst
53-2031.00,1.A.1.b.6,Information Ordering,LV,3.0,8,0.0,3.0,3.0,N,N,08/2021,Analyst
53-2031.00,1.A.1.b.7,Category Flexibility,IM,3.0,8,0.0,3.0,3.0,N,,08/2021,Analyst
53-2031.00,1.A.1.b.7,Category Flexibility,LV,3.0,8,0.0,3.0,3.0,N,N,08/2021,Analyst
53-2031.00,1.A.1.c.1,Mathematical Reasoning,IM,2.0,8,0.0,2.0,2.0,N,,08/2021,Analyst
53-2031.00,1.A.1.c.1,Mathematical Reasoning,LV,1.88,8,0.125,1.63,2.12,N,N,08/2021,Analyst
53-2031.00,1.A.1.c.2,Number Facility,IM,2.12,8,0.125,1.88,2.37,N,,08/2021,Analyst
53-2031.00,1.A.1.c.2,Number Facility,LV,2.0,8,0.0,2.0,2.0,N,N,08/2021,Analyst
53-2031.00,1.A.1.d.1,Memorization,IM,2.12,8,0.125,1.88,2.37,N,,08/2021,Analyst
53-2031.00,1.A.1.d.1,Memorization,LV,2.0,8,0.0,2.0,2.0,N,N,08/2021,Analyst
53-2031.00,1.A.1.e.1,Speed of Closure,IM,2.75,8,0.1637,2.4292,3.0708,N,,08/2021,Analyst
53-2031.00,1.A.1.e.1,Speed of Closure,LV,2.75,8,0.1637,2.4292,3.0708,N,N,08/2021,Analyst
53-2031.00,1.A.1.e.2,Flexibility of Closure,IM,3.0,8,0.189,2.6296,3.3704,N,,08/2021,Analyst
53-2031.00,1.A.1.e.2,Flexibility of Closure,LV,2.75,8,0.1637,2.4292,3.0708,N,N,08/2021,Analyst
53-2031.00,1.A.1.e.3,Perceptual Speed,IM,3.12,8,0.125,2.88,3.37,N,,08/2021,Analyst
53-2031.00,1.A.1.e.3,Perceptual Speed,LV,3.12,8,0.125,2.88,3.37,N,N,08/2021,Analyst
53-2031.00,1.A.1.f.1,Spatial Orientation,IM,1.25,8,0.1637,1.0,1.5708,N,,08/2021,Analyst
53-2031.00,1.A.1.f.1,Spatial Orientation,LV,0.25,8,0.1637,0.0,0.5708,N,Y,08/2021,Analyst
53-2031.00,1.A.1.f.2,Visualization,IM,2.12,8,0.125,1.88,2.37,N,,08/2021,Analyst
53-2031.00,1.A.1.f.2,Visualization,LV,2.0,8,0.0,2.0,2.0,N,N,08/2021,Analyst
53-2031.00,1.A.1.g.1,Selective Attention,IM,3.12,8,0.125,2.88,3.37,N,,08/2021,Analyst
53-2031.00,1.A.1.g.1,Selective Attention,LV,3.12,8,0.125,2.88,3.37,N,N,08/2021,Analyst
53-2031.00,1.A.1.g.2,Time Sharing,IM,2.88,8,0.125,2.63,3.12,N,,08/2021,Analyst
53-2031.00,1.A.1.g.2,Time Sharing,LV,2.88,8,0.125,2.63,3.12,N,N,08/2021,Analyst
53-2031.00,1.A.2.a.1,Arm-Hand Steadiness,IM,2.88,8,0.125,2.63,3.12,N,,08/2021,Analyst
53-2031.00,1.A.2.a.1,Arm-Hand Steadiness,LV,2.75,8,0.1637,2.4292,3.0708,N,N,08/2021,Analyst
53-2031.00,1.A.2.a.2,Manual Dexterity,IM,2.88,8,0.125,2.63,3.12,N,,08/2021,Analyst
53-2031.00,1.A.2.a.2,Manual Dexterity,LV,2.75,8,0.1637,2.4292,3.0708,N,N,08/2021,Analyst
53-2031.00,1.A.2.a.3,Finger Dexterity,IM,2.75,8,0.1637,2.4292,3.0708,N,,08/2021,Analyst
53-2031.00,1.A.2.a.3,Finger Dexterity,LV,2.75,8,0.1637,2.4292,3.0708,N,N,08/2021,Analyst
53-2031.00,1.A.2.b.1,Control Precision,IM,2.0,8,0.0,2.0,2.0,N,,08/2021,Analyst
53-2031.00,1.A.2.b.1,Control Precision,LV,1.88,8,0.125,1.63,2.12,N,N,08/2021,Analyst
53-2031.00,1.A.2.b.2,Multilimb Coordination,IM,2.75,8,0.1637,2.4292,3.0708,N,,08/2021,Analyst
53-2031.00,1.A.2.b.2,Multilimb Coordination,LV,2.62,8,0.183,2.2664,2.9836,N,N,08/2021,Analyst
53-2031.00,1.A.2.b.3,Response Orientation,IM,2.25,8,0.1637,1.9292,2.5708,N,,08/2021,Analyst
53-2031.00,1.A.2.b.3,Response Orientation,LV,1.5,8,0.189,1.1296,1.8704,N,N,08/2021,Analyst
53-2031.00,1.A.2.b.4,Rate Control,IM,1.62,8,0.183,1.2664,1.9836,N,,08/2021,Analyst
53-2031.00,1.A.2.b.4,Rate Control,LV,0.75,8,0.25,0.26,1.24,N,N,08/2021,Analyst
53-2031.00,1.A.2.c.1,Reaction Time,IM,2.12,8,0.125,1.88,2.37,N,,08/2021,Analyst
53-2031.00,1.A.2.c.1,Reaction Time,LV,2.12,8,0.125,1.88,2.37,N,N,08/2021,Analyst
53-2031.00,1.A.2.c.2,Wrist-Finger Speed,IM,1.5,8,0.189,1.1296,1.8704,N,,08/2021,Analyst
53-2031.00,1.A.2.c.2,Wrist-Finger Speed,LV,0.5,8,0.189,0.1296,0.8704,N,N,08/2021,Analyst
53-2031.00,1.A.2.c.3,Speed of Limb Movement,IM,2.0,8,0.0,2.0,2.0,N,,08/2021,Analyst
53-2031.00,1.A.2.c.3,Speed of Limb Movement,LV,1.88,8,0.125,1.63,2.12,N,N,08/2021,Analyst
53-2031.00,1.A.3.a.1,Static Strength,IM,2.88,8,0.125,2.63,3.12,N,,08/2021,Analyst
53-2031.00,1.A.3.a.1,Static Strength,LV,2.88,8,0.125,2.63,3.12,N,N,08/2021,Analyst
53-2031.00,1.A.3.a.2,Explosive Strength,IM,1.62,8,0.183,1.2664,1.9836,N,,08/2021,Analyst
53-2031.00,1.A.3.a.2,Explosive Strength,LV,0.88,8,0.295,0.2967,1.4533,N,N,08/2021,Analyst
53-2031.00,1.A.3.a.3,Dynamic Strength,IM,2.12,8,0.125,1.88,2.37,N,,08/2021,Analyst
53-2031.00,1.A.3.a.3,Dynamic Strength,LV,2.12,8,0.125,1.88,2.37,N,N,08/2021,Analyst
53-2031.00,1.A.3.a.4,Trunk Strength,IM,3.0,8,0.0,3.0,3.0,N,,08/2021,Analyst
53-2031.00,1.A.3.a.4,Trunk Strength,LV,3.0,8,0.0,3.0,3.0,N,N,08/2021,Analyst
53-2031.00,1.A.3.b.1,Stamina,IM,2.75,8,0.1637,2.4292,3.0708,N,,08/2021,Analyst
53-2031.00,1.A.3.b.1,Stamina,LV,2.62,8,0.183,2.2664,2.9836,N,N,08/2021,Analyst
53-2031.00,1.A.3.c.1,Extent Flexibility,IM,3.12,8,0.125,2.88,3.37,N,,08/2021,Analyst
53-2031.00,1.A.3.c.1,Extent Flexibility,LV,3.12,8,0.125,2.88,3.37,N,N,08/2021,Analyst
53-2031.00,1.A.3.c.2,Dynamic Flexibility,IM,1.0,8,0.0,1.0,1.0,N,,08/2021,Analyst
53-2031.00,1.A.3.c.2,Dynamic Flexibility,LV,0.0,8,0.0,0.0,0.0,N,Y,08/2021,Analyst
53-2031.00,1.A.3.c.3,Gross Body Coordination,IM,2.88,8,0.125,2.63,3.12,N,,08/2021,Analyst
53-2031.00,1.A.3.c.3,Gross Body Coordination,LV,2.75,8,0.1637,2.4292,3.0708,N,N,08/2021,Analyst
53-2031.00,1.A.3.c.4,Gross Body Equilibrium,IM,3.0,8,0.0,3.0,3.0,N,,08/2021,Analyst
53-2031.00,1.A.3.c.4,Gross Body Equilibrium,LV,3.12,8,0.125,2.88,3.37,N,N,08/2021,Analyst
53-2031.00,1.A.4.a.1,Near Vision,IM,3.75,8,0.1637,3.4292,4.0708,N,,08/2021,Analyst
53-2031.00,1.A.4.a.1,Near Vision,LV,3.25,8,0.1637,2.9292,3.5708,N,N,08/2021,Analyst
53-2031.00,1.A.4.a.2,Far Vision,IM,3.12,8,0.125,2.88,3.37,N,,08/2021,Analyst
53-2031.00,1.A.4.a.2,Far Vision,LV,3.12,8,0.125,2.88,3.37,N,N,08/2021,Analyst
53-2031.00,1.A.4.a.3,Visual Color Discrimination,IM,2.5,8,0.189,2.1296,2.8704,N,,08/2021,Analyst
53-2031.00,1.A.4.a.3,Visual Color Discrimination,LV,2.62,8,0.183,2.2664,2.9836,N,N,08/2021,Analyst
53-2031.00,1.A.4.a.4,Night Vision,IM,1.25,8,0.1637,1.0,1.5708,N,,08/2021,Analyst
53-2031.00,1.A.4.a.4,Night Vision,LV,0.38,8,0.2631,0.0,0.8906,N,Y,08/2021,Analyst
53-2031.00,1.A.4.a.5,Peripheral Vision,IM,1.12,8,0.125,1.0,1.37,N,,08/2021,Analyst
53-2031.00,1.A.4.a.5,Peripheral Vision,LV,0.12,8,0.125,0.0,0.37,N,Y,08/2021,Analyst
53-2031.00,1.A.4.a.6,Depth Perception,IM,2.0,8,0.0,2.0,2.0,N,,08/2021,Analyst
53-2031.00,1.A.4.a.6,Depth Perception,LV,1.88,8,0.125,1.63,2.12,N,N,08/2021,Analyst
53-2031.00,1.A.4.a.7,Glare Sensitivity,IM,1.5,8,0.189,1.1296,1.8704,N,,08/2021,Analyst
53-2031.00,1.A.4.a.7,Glare Sensitivity,LV,0.62,8,0.2631,0.1094,1.1406,N,N,08/2021,Analyst
53-2031.00,1.A.4.b.1,Hearing Sensitivity,IM,2.88,8,0.125,2.63,3.12,N,,08/2021,Analyst
53-2031.00,1.A.4.b.1,Hearing Sensitivity,LV,2.12,8,0.125,1.88,2.37,N,N,08/2021,Analyst
53-2031.00,1.A.4.b.2,Auditory Attention,IM,3.25,8,0.1637,2.9292,3.5708,N,,08/2021,Analyst
53-2031.00,1.A.4.b.2,Auditory Attention,LV,3.62,8,0.183,3.2664,3.9836,N,N,08/2021,Analyst
53-2031.00,1.A.4.b.3,Sound Localization,IM,1.12,8,0.125,1.0,1.37,N,,08/2021,Analyst
53-2031.00,1.A.4.b.3,Sound Localization,LV,0.25,8,0.25,0.0,0.74,N,Y,08/2021,Analyst
53-2031.00,1.A.4.b.4,Speech Recognition,IM,3.88,8,0.125,3.63,4.12,N,,08/2021,Analyst
53-2031.00,1.A.4.b.4,Speech Recognition,LV,3.88,8,0.125,3.63,4.12,N,N,08/2021,Analyst
53-2031.00,1.A.4.b.5,Speech Clarity,IM,4.0,8,0.0,4.0,4.0,N,,08/2021,Analyst
53-2031.00,1.A.4.b.5,Speech Clarity,LV,4.0,8,0.0,4.0,4.0,N,N,08/2021,Analyst
53-3011.00,1.A.1.a.1,Oral Comprehension,IM,3.88,8,0.125,3.63,4.12,N,,07/2017,Analyst
53-3011.00,1.A.1.a.1,Oral Comprehension,LV,4.0,8,0.0,4.0,4.0,N,N,07/2017,Analyst
53-3011.00,1.A.1.a.2,Written Comprehension,IM,3.12,8,0.125,2.88,3.37,N,,07/2017,Analyst
53-3011.00,1.A.1.a.2,Written Comprehension,LV,3.12,8,0.125,2.88,3.37,N,N,07/2017,Analyst
53-3011.00,1.A.1.a.3,Oral Expression,IM,3.75,8,0.1637,3.4292,4.0708,N,,07/2017,Analyst
53-3011.00,1.A.1.a.3,Oral Expression,LV,4.0,8,0.0,4.0,4.0,N,N,07/2017,Analyst
53-3011.00,1.A.1.a.4,Written Expression,IM,2.88,8,0.125,2.63,3.12,N,,07/2017,Analyst
53-3011.00,1.A.1.a.4,Written Expression,LV,3.0,8,0.0,3.0,3.0,N,N,07/2017,Analyst
53-3011.00,1.A.1.b.1,Fluency of Ideas,IM,2.75,8,0.1637,2.4292,3.0708,N,,07/2017,Analyst
53-3011.00,1.A.1.b.1,Fluency of Ideas,LV,2.75,8,0.1637,2.4292,3.0708,N,N,07/2017,Analyst
53-3011.00,1.A.1.b.2,Originality,IM,2.12,8,0.125,1.88,2.37,N,,07/2017,Analyst
53-3011.00,1.A.1.b.2,Originality,LV,2.38,8,0.183,2.0164,2.7336,N,N,07/2017,Analyst
53-3011.00,1.A.1.b.3,Problem Sensitivity,IM,3.88,8,0.125,3.63,4.12,N,,07/2017,Analyst
53-3011.00,1.A.1.b.3,Problem Sensitivity,LV,3.75,8,0.1637,3.4292,4.0708,N,N,07/2017,Analyst
53-3011.00,1.A.1.b.4,Deductive Reasoning,IM,3.25,8,0.1637,2.9292,3.5708,N,,07/2017,Analyst
53-3011.00,1.A.1.b.4,Deductive Reasoning,LV,3.62,8,0.183,3.2664,3.9836,N,N,07/2017,Analyst
53-3011.00,1.A.1.b.5,Inductive Reasoning,IM,3.12,8,0.125,2.88,3.37,N,,07/2017,Analyst
53-3011.00,1.A.1.b.5,Inductive Reasoning,LV,3.12,8,0.2266,2.6809,3.5691,N,N,07/2017,Analyst
53-3011.00,1.A.1.b.6,Information Ordering,IM,3.12,8,0.125,2.88,3.37,N,,07/2017,Analyst
53-3011.00,1.A.1.b.6,Information Ordering,LV,3.0,8,0.0,3.0,3.0,N,N,07/2017,Analyst
53-3011.00,1.A.1.b.7,Category Flexibility,IM,3.0,8,0.0,3.0,3.0,N,,07/2017,Analyst
53-3011.00,1.A.1.b.7,Category Flexibility,LV,3.0,8,0.0,3.0,3.0,N,N,07/2017,Analyst
53-3011.00,1.A.1.c.1,Mathematical Reasoning,IM,2.0,8,0.0,2.0,2.0,N,,07/2017,Analyst
53-3011.00,1.A.1.c.1,Mathematical Reasoning,LV,1.38,8,0.183,1.0164,1.7336,N,N,07/2017,Analyst
53-3011.00,1.A.1.c.2,Number Facility,IM,2.12,8,0.125,1.88,2.37,N,,07/2017,Analyst
53-3011.00,1.A.1.c.2,Number Facility,LV,1.25,8,0.1637,0.9292,1.5708,N,N,07/2017,Analyst
53-3011.00,1.A.1.d.1,Memorization,IM,2.0,8,0.0,2.0,2.0,N,,07/2017,Analyst
53-3011.00,1.A.1.d.1,Memorization,LV,1.88,8,0.125,1.63,2.12,N,N,07/2017,Analyst
53-3011.00,1.A.1.e.1,Speed of Closure,IM,2.75,8,0.1637,2.4292,3.0708,N,,07/2017,Analyst
53-3011.00,1.A.1.e.1,Speed of Closure,LV,2.75,8,0.1637,2.4292,3.0708,N,N,07/2017,Analyst
53-3011.00,1.A.1.e.2,Flexibility of Closure,IM,3.0,8,0.0,3.0,3.0,N,,07/2017,Analyst
53-3011.00,1.A.1.e.2,Flexibility of Closure,LV,3.0,8,0.0,3.0,3.0,N,N,07/2017,Analyst
53-3011.00,1.A.1.e.3,Perceptual Speed,IM,3.0,8,0.0,3.0,3.0,N,,07/2017,Analyst
53-3011.00,1.A.1.e.3,Perceptual Speed,LV,3.12,8,0.125,2.88,3.37,N,N,07/2017,Analyst
53-3011.00,1.A.1.f.1,Spatial Orientation,IM,3.12,8,0.125,2.88,3.37,N,,07/2017,Analyst
53-3011.00,1.A.1.f.1,Spatial Orientation,LV,3.12,8,0.125,2.88,3.37,N,N,07/2017,Analyst
53-3011.00,1.A.1.f.2,Visualization,IM,2.88,8,0.125,2.63,3.12,N,,07/2017,Analyst
53-3011.00,1.A.1.f.2,Visualization,LV,2.88,8,0.125,2.63,3.12,N,N,07/2017,Analyst
53-3011.00,1.A.1.g.1,Selective Attention,IM,3.0,8,0.0,3.0,3.0,N,,07/2017,Analyst
53-3011.00,1.A.1.g.1,Selective Attention,LV,3.0,8,0.0,3.0,3.0,N,N,07/2017,Analyst
53-3011.00,1.A.1.g.2,Time Sharing,IM,3.12,8,0.125,2.88,3.37,N,,07/2017,Analyst
53-3011.00,1.A.1.g.2,Time Sharing,LV,3.12,8,0.125,2.88,3.37,N,N,07/2017,Analyst
53-3011.00,1.A.2.a.1,Arm-Hand Steadiness,IM,3.12,8,0.125,2.88,3.37,N,,07/2017,Analyst
53-3011.00,1.A.2.a.1,Arm-Hand Steadiness,LV,3.0,8,0.0,3.0,3.0,N,N,07/2017,Analyst
53-3011.00,1.A.2.a.2,Manual Dexterity,IM,3.0,8,0.0,3.0,3.0,N,,07/2017,Analyst
53-3011.00,1.A.2.a.2,Manual Dexterity,LV,3.0,8,0.0,3.0,3.0,N,N,07/2017,Analyst
53-3011.00,1.A.2.a.3,Finger Dexterity,IM,2.88,8,0.125,2.63,3.12,N,,07/2017,Analyst
53-3011.00,1.A.2.a.3,Finger Dexterity,LV,3.0,8,0.0,3.0,3.0,N,N,07/2017,Analyst
53-3011.00,1.A.2.b.1,Control Precision,IM,3.0,8,0.0,3.0,3.0,N,,07/2017,Analyst
53-3011.00,1.A.2.b.1,Control Precision,LV,3.12,8,0.125,2.88,3.37,N,N,07/2017,Analyst
53-3011.00,1.A.2.b.2,Multilimb Coordination,IM,3.12,8,0.125,2.88,3.37,N,,07/2017,Analyst
53-3011.00,1.A.2.b.2,Multilimb Coordination,LV,3.12,8,0.125,2.88,3.37,N,N,07/2017,Analyst
53-3011.00,1.A.2.b.3,Response Orientation,IM,3.12,8,0.125,2.88,3.37,N,,07/2017,Analyst
53-3011.00,1.A.2.b.3,Response Orientation,LV,3.12,8,0.125,2.88,3.37,N,N,07/2017,Analyst
53-3011.00,1.A.2.b.4,Rate Control,IM,2.88,8,0.2266,2.4309,3.3191,N,,07/2017,Analyst
53-3011.00,1.A.2.b.4,Rate Control,LV,3.0,8,0.189,2.6296,3.3704,N,N,07/2017,Analyst
53-3011.00,1.A.2.c.1,Reaction Time,IM,3.12,8,0.125,2.88,3.37,N,,07/2017,Analyst
53-3011.00,1.A.2.c.1,Reaction Time,LV,3.62,8,0.2631,3.1094,4.1406,N,N,07/2017,Analyst
53-3011.00,1.A.2.c.2,Wrist-Finger Speed,IM,1.5,8,0.189,1.1296,1.8704,N,,07/2017,Analyst
53-3011.00,1.A.2.c.2,Wrist-Finger Speed,LV,0.62,8,0.2631,0.1094,1.1406,N,N,07/2017,Analyst
53-3011.00,1.A.2.c.3,Speed of Limb Movement,IM,2.5,8,0.189,2.1296,2.8704,N,,07/2017,Analyst
53-3011.00,1.A.2.c.3,Speed of Limb Movement,LV,2.75,8,0.1637,2.4292,3.0708,N,N,07/2017,Analyst
53-3011.00,1.A.3.a.1,Static Strength,IM,3.12,8,0.125,2.88,3.37,N,,07/2017,Analyst
53-3011.00,1.A.3.a.1,Static Strength,LV,3.88,8,0.125,3.63,4.12,N,N,07/2017,Analyst
53-3011.00,1.A.3.a.2,Explosive Strength,IM,1.62,8,0.183,1.2664,1.9836,N,,07/2017,Analyst
53-3011.00,1.A.3.a.2,Explosive Strength,LV,0.88,8,0.295,0.2967,1.4533,N,N,07/2017,Analyst
53-3011.00,1.A.3.a.3,Dynamic Strength,IM,2.38,8,0.183,2.0164,2.7336,N,,07/2017,Analyst
53-3011.00,1.A.3.a.3,Dynamic Strength,LV,2.5,8,0.189,2.1296,2.8704,N,N,07/2017,Analyst
53-3011.00,1.A.3.a.4,Trunk Strength,IM,3.0,8,0.189,2.6296,3.3704,N,,07/2017,Analyst
53-3011.00,1.A.3.a.4,Trunk Strength,LV,3.0,8,0.189,2.6296,3.3704,N,N,07/2017,Analyst
53-3011.00,1.A.3.b.1,Stamina,IM,2.25,8,0.1637,1.9292,2.5708,N,,07/2017,Analyst
53-3011.00,1.A.3.b.1,Stamina,LV,2.25,8,0.1637,1.9292,2.5708,N,N,07/2017,Analyst
53-3011.00,1.A.3.c.1,Extent Flexibility,IM,2.88,8,0.125,2.63,3.12,N,,07/2017,Analyst
53-3011.00,1.A.3.c.1,Extent Flexibility,LV,3.0,8,0.0,3.0,3.0,N,N,07/2017,Analyst
53-3011.00,1.A.3.c.2,Dynamic Flexibility,IM,1.0,8,0.0,1.0,1.0,N,,07/2017,Analyst
53-3011.00,1.A.3.c.2,Dynamic Flexibility,LV,0.0,8,0.0,0.0,0.0,N,Y,07/2017,Analyst
53-3011.00,1.A.3.c.3,Gross Body Coordination,IM,2.75,8,0.1637,2.4292,3.0708,N,,07/2017,Analyst
53-3011.00,1.A.3.c.3,Gross Body Coordination,LV,2.75,8,0.1637,2.4292,3.0708,N,N,07/2017,Analyst
53-3011.00,1.A.3.c.4,Gross Body Equilibrium,IM,2.12,8,0.125,1.88,2.37,N,,07/2017,Analyst
53-3011.00,1.A.3.c.4,Gross Body Equilibrium,LV,1.38,8,0.2631,0.8594,1.8906,N,N,07/2017,Analyst
53-3011.00,1.A.4.a.1,Near Vision,IM,3.25,8,0.1637,2.9292,3.5708,N,,07/2017,Analyst
53-3011.00,1.A.4.a.1,Near Vision,LV,3.5,8,0.189,3.1296,3.8704,N,N,07/2017,Analyst
53-3011.00,1.A.4.a.2,Far Vision,IM,3.12,8,0.125,2.88,3.37,N,,07/2017,Analyst
53-3011.00,1.A.4.a.2,Far Vision,LV,3.25,8,0.25,2.76,3.74,N,N,07/2017,Analyst
53-3011.00,1.A.4.a.3,Visual Color Discrimination,IM,2.5,8,0.2673,1.9762,3.0238,N,,07/2017,Analyst
53-3011.00,1.A.4.a.3,Visual Color Discrimination,LV,2.0,8,0.3273,1.3584,2.6416,N,N,07/2017,Analyst
53-3011.00,1.A.4.a.4,Night Vision,IM,2.12,8,0.125,1.88,2.37,N,,07/2017,Analyst
53-3011.00,1.A.4.a.4,Night Vision,LV,2.12,8,0.125,1.88,2.37,N,N,07/2017,Analyst
53-3011.00,1.A.4.a.5,Peripheral Vision,IM,2.12,8,0.125,1.88,2.37,N,,07/2017,Analyst
53-3011.00,1.A.4.a.5,Peripheral Vision,LV,2.12,8,0.125,1.88,2.37,N,N,07/2017,Analyst
53-3011.00,1.A.4.a.6,Depth Perception,IM,3.0,8,0.0,3.0,3.0,N,,07/2017,Analyst
53-3011.00,1.A.4.a.6,Depth Perception,LV,2.88,8,0.125,2.63,3.12,N,N,07/2017,Analyst
53-3011.00,1.A.4.a.7,Glare Sensitivity,IM,1.88,8,0.125,1.63,2.12,N,,07/2017,Analyst
53-3011.00,1.A.4.a.7,Glare Sensitivity,LV,1.75,8,0.25,1.26,2.24,N,N,07/2017,Analyst
53-3011.00,1.A.4.b.1,Hearing Sensitivity,IM,2.62,8,0.183,2.2664,2.9836,N,,07/2017,Analyst
53-3011.00,1.A.4.b.1,Hearing Sensitivity,LV,2.12,8,0.125,1.88,2.37,N,N,07/2017,Analyst
53-3011.00,1.A.4.b.2,Auditory Attention,IM,2.5,8,0.189,2.1296,2.8704,N,,07/2017,Analyst
53-3011.00,1.A.4.b.2,Auditory Attention,LV,2.75,8,0.1637,2.4292,3.0708,N,N,07/2017,Analyst
53-3011.00,1.A.4.b.3,Sound Localization,IM,1.88,8,0.125,1.63,2.12,N,,07/2017,Analyst
53-3011.00,1.A.4.b.3,Sound Localization,LV,1.12,8,0.2266,0.6809,1.5691,N,N,07/2017,Analyst
53-3011.00,1.A.4.b.4,Speech Recognition,IM,3.25,8,0.1637,2.9292,3.5708,N,,07/2017,Analyst
53-3011.00,1.A.4.b.4,Speech Recognition,LV,3.12,8,0.125,2.88,3.37,N,N,07/2017,Analyst
53-3011.00,1.A.4.b.5,Speech Clarity,IM,3.12,8,0.125,2.88,3.37,N,,07/2017,Analyst
53-3011.00,1.A.4.b.5,Speech Clarity,LV,2.88,8,0.125,2.63,3.12,N,N,07/2017,Analyst
53-3031.00,1.A.1.a.1,Oral Comprehension,IM,3.75,8,0.1637,3.4292,4.0708,N,,08/2020,Analyst
53-3031.00,1.A.1.a.1,Oral Comprehension,LV,3.75,8,0.1637,3.4292,4.0708,N,N,08/2020,Analyst
53-3031.00,1.A.1.a.2,Written Comprehension,IM,3.0,8,0.0,3.0,3.0,N,,08/2020,Analyst
53-3031.00,1.A.1.a.2,Written Comprehension,LV,3.0,8,0.0,3.0,3.0,N,N,08/2020,Analyst
53-3031.00,1.A.1.a.3,Oral Expression,IM,3.75,8,0.1637,3.4292,4.0708,N,,08/2020,Analyst
53-3031.00,1.A.1.a.3,Oral Expression,LV,3.75,8,0.1637,3.4292,4.0708,N,N,08/2020,Analyst
53-3031.00,1.A.1.a.4,Written Expression,IM,2.88,8,0.125,2.63,3.12,N,,08/2020,Analyst
53-3031.00,1.A.1.a.4,Written Expression,LV,3.0,8,0.0,3.0,3.0,N,N,08/2020,Analyst
53-3031.00,1.A.1.b.1,Fluency of Ideas,IM,2.12,8,0.125,1.88,2.37,N,,08/2020,Analyst
53-3031.00,1.A.1.b.1,Fluency of Ideas,LV,2.75,8,0.1637,2.4292,3.0708,N,N,08/2020,Analyst
53-3031.00,1.A.1.b.2,Originality,IM,2.38,8,0.183,2.0164,2.7336,N,,08/2020,Analyst
53-3031.00,1.A.1.b.2,Originality,LV,2.0,8,0.0,2.0,2.0,N,N,08/2020,Analyst
53-3031.00,1.A.1.b.3,Problem Sensitivity,IM,3.12,8,0.125,2.88,3.37,N,,08/2020,Analyst
53-3031.00,1.A.1.b.3,Problem Sensitivity,LV,3.0,8,0.0,3.0,3.0,N,N,08/2020,Analyst
53-3031.00,1.A.1.b.4,Deductive Reasoning,IM,3.0,8,0.0,3.0,3.0,N,,08/2020,Analyst
53-3031.00,1.A.1.b.4,Deductive Reasoning,LV,3.0,8,0.0,3.0,3.0,N,N,08/2020,Analyst
53-3031.00,1.A.1.b.5,Inductive Reasoning,IM,3.0,8,0.0,3.0,3.0,N,,08/2020,Analyst
53-3031.00,1.A.1.b.5,Inductive Reasoning,LV,2.88,8,0.125,2.63,3.12,N,N,08/2020,Analyst
53-3031.00,1.A.1.b.6,Information Ordering,IM,3.0,8,0.0,3.0,3.0,N,,08/2020,Analyst
53-3031.00,1.A.1.b.6,Information Ordering,LV,3.0,8,0.0,3.0,3.0,N,N,08/2020,Analyst
53-3031.00,1.A.1.b.7,Category Flexibility,IM,3.0,8,0.0,3.0,3.0,N,,08/2020,Analyst
53-3031.00,1.A.1.b.7,Category Flexibility,LV,3.0,8,0.0,3.0,3.0,N,N,08/2020,Analyst
53-3031.00,1.A.1.c.1,Mathematical Reasoning,IM,2.5,8,0.189,2.1296,2.8704,N,,08/2020,Analyst
53-3031.00,1.A.1.c.1,Mathematical Reasoning,LV,1.75,8,0.1637,1.4292,2.0708,N,N,08/2020,Analyst
53-3031.00,1.A.1.c.2,Number Facility,IM,2.62,8,0.183,2.2664,2.9836,N,,08/2020,Analyst
53-3031.00,1.A.1.c.2,Number Facility,LV,1.88,8,0.125,1.63,2.12,N,N,08/2020,Analyst
53-3031.00,1.A.1.d.1,Memorization,IM,2.12,8,0.125,1.88,2.37,N,,08/2020,Analyst
53-3031.00,1.A.1.d.1,Memorization,LV,2.0,8,0.0,2.0,2.0,N,N,08/2020,Analyst
53-3031.00,1.A.1.e.1,Speed of Closure,IM,2.0,8,0.0,2.0,2.0,N,,08/2020,Analyst
53-3031.00,1.A.1.e.1,Speed of Closure,LV,2.0,8,0.0,2.0,2.0,N,N,08/2020,Analyst
53-3031.00,1.A.1.e.2,Flexibility of Closure,IM,2.75,8,0.1637,2.4292,3.0708,N,,08/2020,Analyst
53-3031.00,1.A.1.e.2,Flexibility of Closure,LV,2.12,8,0.125,1.88,2.37,N,N,08/2020,Analyst
53-3031.00,1.A.1.e.3,Perceptual Speed,IM,2.88,8,0.125,2.63,3.12,N,,08/2020,Analyst
53-3031.00,1.A.1.e.3,Perceptual Speed,LV,2.75,8,0.1637,2.4292,3.0708,N,N,08/2020,Analyst
53-3031.00,1.A.1.f.1,Spatial Orientation,IM,2.62,8,0.183,2.2664,2.9836,N,,08/2020,Analyst
53-3031.00,1.A.1.f.1,Spatial Orientation,LV,2.12,8,0.125,1.88,2.37,N,N,08/2020,Analyst
53-3031.00,1.A.1.f.2,Visualization,IM,2.25,8,0.1637,1.9292,2.5708,N,,08/2020,Analyst
53-3031.00,1.A.1.f.2,Visualization,LV,2.12,8,0.125,1.88,2.37,N,N,08/2020,Analyst
53-3031.00,1.A.1.g.1,Selective Attention,IM,2.88,8,0.125,2.63,3.12,N,,08/2020,Analyst
53-3031.00,1.A.1.g.1,Selective Attention,LV,2.62,8,0.183,2.2664,2.9836,N,N,08/2020,Analyst
53-3031.00,1.A.1.g.2,Time Sharing,IM,2.75,8,0.1637,2.4292,3.0708,N,,08/2020,Analyst
53-3031.00,1.A.1.g.2,Time Sharing,LV,2.62,8,0.183,2.2664,2.9836,N,N,08/2020,Analyst
53-3031.00,1.A.2.a.1,Arm-Hand Steadiness,IM,3.0,8,0.0,3.0,3.0,N,,08/2020,Analyst
53-3031.00,1.A.2.a.1,Arm-Hand Steadiness,LV,2.25,8,0.1637,1.9292,2.5708,N,N,08/2020,Analyst
53-3031.00,1.A.2.a.2,Manual Dexterity,IM,2.88,8,0.125,2.63,3.12,N,,08/2020,Analyst
53-3031.00,1.A.2.a.2,Manual Dexterity,LV,2.88,8,0.125,2.63,3.12,N,N,08/2020,Analyst
53-3031.00,1.A.2.a.3,Finger Dexterity,IM,3.0,8,0.0,3.0,3.0,N,,08/2020,Analyst
53-3031.00,1.A.2.a.3,Finger Dexterity,LV,2.88,8,0.125,2.63,3.12,N,N,08/2020,Analyst
53-3031.00,1.A.2.b.1,Control Precision,IM,3.0,8,0.0,3.0,3.0,N,,08/2020,Analyst
53-3031.00,1.A.2.b.1,Control Precision,LV,3.0,8,0.0,3.0,3.0,N,N,08/2020,Analyst
53-3031.00,1.A.2.b.2,Multilimb Coordination,IM,2.88,8,0.125,2.63,3.12,N,,08/2020,Analyst
53-3031.00,1.A.2.b.2,Multilimb Coordination,LV,3.0,8,0.0,3.0,3.0,N,N,08/2020,Analyst
53-3031.00,1.A.2.b.3,Response Orientation,IM,2.0,8,0.0,2.0,2.0,N,,08/2020,Analyst
53-3031.00,1.A.2.b.3,Response Orientation,LV,2.62,8,0.183,2.2664,2.9836,N,N,08/2020,Analyst
53-3031.00,1.A.2.b.4,Rate Control,IM,2.5,8,0.189,2.1296,2.8704,N,,08/2020,Analyst
53-3031.00,1.A.2.b.4,Rate Control,LV,2.25,8,0.1637,1.9292,2.5708,N,N,08/2020,Analyst
53-3031.00,1.A.2.c.1,Reaction Time,IM,2.5,8,0.189,2.1296,2.8704,N,,08/2020,Analyst
53-3031.00,1.A.2.c.1,Reaction Time,LV,2.5,8,0.189,2.1296,2.8704,N,N,08/2020,Analyst
53-3031.00,1.A.2.c.2,Wrist-Finger Speed,IM,2.0,8,0.0,2.0,2.0,N,,08/2020,Analyst
53-3031.00,1.A.2.c.2,Wrist-Finger Speed,LV,1.75,8,0.1637,1.4292,2.0708,N,N,08/2020,Analyst
53-3031.00,1.A.2.c.3,Speed of Limb Movement,IM,1.75,8,0.1637,1.4292,2.0708,N,,08/2020,Analyst
53-3031.00,1.A.2.c.3,Speed of Limb Movement,LV,1.38,8,0.3239,0.7402,2.0098,N,N,08/2020,Analyst
53-3031.00,1.A.3.a.1,Static Strength,IM,3.0,8,0.0,3.0,3.0,N,,08/2020,Analyst
53-3031.00,1.A.3.a.1,Static Strength,LV,3.0,8,0.0,3.0,3.0,N,N,08/2020,Analyst
53-3031.00,1.A.3.a.2,Explosive Strength,IM,1.5,8,0.2673,1.0,2.0238,N,,08/2020,Analyst
53-3031.00,1.A.3.a.2,Explosive Strength,LV,0.75,8,0.4119,0.0,1.5573,N,N,08/2020,Analyst
53-3031.00,1.A.3.a.3,Dynamic Strength,IM,2.12,8,0.125,1.88,2.37,N,,08/2020,Analyst
53-3031.00,1.A.3.a.3,Dynamic Strength,LV,2.12,8,0.125,1.88,2.37,N,N,08/2020,Analyst
53-3031.00,1.A.3.a.4,Trunk Strength,IM,3.0,8,0.0,3.0,3.0,N,,08/2020,Analyst
53-3031.00,1.A.3.a.4,Trunk Strength,LV,3.0,8,0.0,3.0,3.0,N,N,08/2020,Analyst
53-3031.00,1.A.3.b.1,Stamina,IM,2.25,8,0.1637,1.9292,2.5708,N,,08/2020,Analyst
53-3031.00,1.A.3.b.1,Stamina,LV,2.25,8,0.1637,1.9292,2.5708,N,N,08/2020,Analyst
53-3031.00,1.A.3.c.1,Extent Flexibility,IM,2.5,8,0.189,2.1296,2.8704,N,,08/2020,Analyst
53-3031.00,1.A.3.c.1,Extent Flexibility,LV,2.88,8,0.125,2.63,3.12,N,N,08/2020,Analyst
53-3031.00,1.A.3.c.2,Dynamic Flexibility,IM,1.0,8,0.0,1.0,1.0,N,,08/2020,Analyst
53-3031.00,1.A.3.c.2,Dynamic Flexibility,LV,0.0,8,0.0,0.0,0.0,N,Y,08/2020,Analyst
53-3031.00,1.A.3.c.3,Gross Body Coordination,IM,2.25,8,0.1637,1.9292,2.5708,N,,08/2020,Analyst
53-3031.00,1.A.3.c.3,Gross Body Coordination,LV,2.25,8,0.1637,1.9292,2.5708,N,N,08/2020,Analyst
53-3031.00,1.A.3.c.4,Gross Body Equilibrium,IM,2.12,8,0.125,1.88,2.37,N,,08/2020,Analyst
53-3031.00,1.A.3.c.4,Gross Body Equilibrium,LV,1.62,8,0.2631,1.1094,2.1406,N,N,08/2020,Analyst
53-3031.00,1.A.4.a.1,Near Vision,IM,3.25,8,0.1637,2.9292,3.5708,N,,08/2020,Analyst
53-3031.00,1.A.4.a.1,Near Vision,LV,3.12,8,0.125,2.88,3.37,N,N,08/2020,Analyst
53-3031.00,1.A.4.a.2,Far Vision,IM,3.0,8,0.0,3.0,3.0,N,,08/2020,Analyst
53-3031.00,1.A.4.a.2,Far Vision,LV,3.0,8,0.0,3.0,3.0,N,N,08/2020,Analyst
53-3031.00,1.A.4.a.3,Visual Color Discrimination,IM,2.62,8,0.183,2.2664,2.9836,N,,08/2020,Analyst
53-3031.00,1.A.4.a.3,Visual Color Discrimination,LV,2.25,8,0.1637,1.9292,2.5708,N,N,08/2020,Analyst
53-3031.00,1.A.4.a.4,Night Vision,IM,2.0,8,0.0,2.0,2.0,N,,08/2020,Analyst
53-3031.00,1.A.4.a.4,Night Vision,LV,1.88,8,0.125,1.63,2.12,N,N,08/2020,Analyst
53-3031.00,1.A.4.a.5,Peripheral Vision,IM,2.38,8,0.183,2.0164,2.7336,N,,08/2020,Analyst
53-3031.00,1.A.4.a.5,Peripheral Vision,LV,2.0,8,0.0,2.0,2.0,N,N,08/2020,Analyst
53-3031.00,1.A.4.a.6,Depth Perception,IM,2.62,8,0.183,2.2664,2.9836,N,,08/2020,Analyst
53-3031.00,1.A.4.a.6,Depth Perception,LV,2.0,8,0.0,2.0,2.0,N,N,08/2020,Analyst
53-3031.00,1.A.4.a.7,Glare Sensitivity,IM,2.0,8,0.0,2.0,2.0,N,,08/2020,Analyst
53-3031.00,1.A.4.a.7,Glare Sensitivity,LV,2.0,8,0.0,2.0,2.0,N,N,08/2020,Analyst
53-3031.00,1.A.4.b.1,Hearing Sensitivity,IM,2.25,8,0.1637,1.9292,2.5708,N,,08/2020,Analyst
53-3031.00,1.A.4.b.1,Hearing Sensitivity,LV,2.12,8,0.125,1.88,2.37,N,N,08/2020,Analyst
53-3031.00,1.A.4.b.2,Auditory Attention,IM,2.38,8,0.183,2.0164,2.7336,N,,08/2020,Analyst
53-3031.00,1.A.4.b.2,Auditory Attention,LV,2.12,8,0.125,1.88,2.37,N,N,08/2020,Analyst
53-3031.00,1.A.4.b.3,Sound Localization,IM,2.0,8,0.0,2.0,2.0,N,,08/2020,Analyst
53-3031.00,1.A.4.b.3,Sound Localization,LV,2.0,8,0.0,2.0,2.0,N,N,08/2020,Analyst
53-3031.00,1.A.4.b.4,Speech Recognition,IM,3.12,8,0.125,2.88,3.37,N,,08/2020,Analyst
53-3031.00,1.A.4.b.4,Speech Recognition,LV,3.25,8,0.1637,2.9292,3.5708,N,N,08/2020,Analyst
53-3031.00,1.A.4.b.5,Speech Clarity,IM,3.12,8,0.125,2.88,3.37,N,,08/2020,Analyst
53-3031.00,1.A.4.b.5,Speech Clarity,LV,3.0,8,0.0,3.0,3.0,N,N,08/2020,Analyst
53-3032.00,1.A.1.a.1,Oral Comprehension,IM,3.12,8,0.125,2.88,3.37,N,,08/2022,Analyst
53-3032.00,1.A.1.a.1,Oral Comprehension,LV,3.0,8,0.0,3.0,3.0,N,N,08/2022,Analyst
53-3032.00,1.A.1.a.2,Written Comprehension,IM,3.0,8,0.0,3.0,3.0,N,,08/2022,Analyst
53-3032.00,1.A.1.a.2,Written Comprehension,LV,3.0,8,0.0,3.0,3.0,N,N,08/2022,Analyst
53-3032.00,1.A.1.a.3,Oral Expression,IM,3.0,8,0.0,3.0,3.0,N,,08/2022,Analyst
53-3032.00,1.A.1.a.3,Oral Expression,LV,3.0,8,0.0,3.0,3.0,N,N,08/2022,Analyst
53-3032.00,1.A.1.a.4,Written Expression,IM,2.5,8,0.189,2.1296,2.8704,N,,08/2022,Analyst
53-3032.00,1.A.1.a.4,Written Expression,LV,2.12,8,0.125,1.88,2.37,N,N,08/2022,Analyst
53-3032.00,1.A.1.b.1,Fluency of Ideas,IM,2.0,8,0.0,2.0,2.0,N,,08/2022,Analyst
53-3032.00,1.A.1.b.1,Fluency of Ideas,LV,2.0,8,0.0,2.0,2.0,N,N,08/2022,Analyst
53-3032.00,1.A.1.b.2,Originality,IM,1.88,8,0.125,1.63,2.12,N,,08/2022,Analyst
53-3032.00,1.A.1.b.2,Originality,LV,1.75,8,0.25,1.26,2.24,N,N,08/2022,Analyst
53-3032.00,1.A.1.b.3,Problem Sensitivity,IM,3.62,8,0.183,3.2664,3.9836,N,,08/2022,Analyst
53-3032.00,1.A.1.b.3,Problem Sensitivity,LV,3.0,8,0.0,3.0,3.0,N,N,08/2022,Analyst
53-3032.00,1.A.1.b.4,Deductive Reasoning,IM,3.12,8,0.125,2.88,3.37,N,,08/2022,Analyst
53-3032.00,1.A.1.b.4,Deductive Reasoning,LV,3.0,8,0.0,3.0,3.0,N,N,08/2022,Analyst
53-3032.00,1.A.1.b.5,Inductive Reasoning,IM,2.88,8,0.125,2.63,3.12,N,,08/2022,Analyst
53-3032.00,1.A.1.b.5,Inductive Reasoning,LV,2.88,8,0.125,2.63,3.12,N,N,08/2022,Analyst
53-3032.00,1.A.1.b.6,Information Ordering,IM,3.0,8,0.0,3.0,3.0,N,,08/2022,Analyst
53-3032.00,1.A.1.b.6,Information Ordering,LV,2.88,8,0.125,2.63,3.12,N,N,08/2022,Analyst
53-3032.00,1.A.1.b.7,Category Flexibility,IM,3.0,8,0.0,3.0,3.0,N,,08/2022,Analyst
53-3032.00,1.A.1.b.7,Category Flexibility,LV,3.0,8,0.0,3.0,3.0,N,N,08/2022,Analyst
53-3032.00,1.A.1.c.1,Mathematical Reasoning,IM,2.0,8,0.0,2.0,2.0,N,,08/2022,Analyst
53-3032.00,1.A.1.c.1,Mathematical Reasoning,LV,1.88,8,0.125,1.63,2.12,N,N,08/2022,Analyst
53-3032.00,1.A.1.c.2,Number Facility,IM,2.0,8,0.0,2.0,2.0,N,,08/2022,Analyst
53-3032.00,1.A.1.c.2,Number Facility,LV,2.0,8,0.0,2.0,2.0,N,N,08/2022,Analyst
53-3032.00,1.A.1.d.1,Memorization,IM,2.0,8,0.0,2.0,2.0,N,,08/2022,Analyst
53-3032.00,1.A.1.d.1,Memorization,LV,1.88,8,0.125,1.63,2.12,N,N,08/2022,Analyst
53-3032.00,1.A.1.e.1,Speed of Closure,IM,2.38,8,0.183,2.0164,2.7336,N,,08/2022,Analyst
53-3032.00,1.A.1.e.1,Speed of Closure,LV,2.25,8,0.1637,1.9292,2.5708,N,N,08/2022,Analyst
53-3032.00,1.A.1.e.2,Flexibility of Closure,IM,3.0,8,0.189,2.6296,3.3704,N,,08/2022,Analyst
53-3032.00,1.A.1.e.2,Flexibility of Closure,LV,2.75,8,0.1637,2.4292,3.0708,N,N,08/2022,Analyst
53-3032.00,1.A.1.e.3,Perceptual Speed,IM,2.88,8,0.125,2.63,3.12,N,,08/2022,Analyst
53-3032.00,1.A.1.e.3,Perceptual Speed,LV,2.88,8,0.125,2.63,3.12,N,N,08/2022,Analyst
53-3032.00,1.A.1.f.1,Spatial Orientation,IM,3.88,8,0.125,3.63,4.12,N,,08/2022,Analyst
53-3032.00,1.A.1.f.1,Spatial Orientation,LV,3.5,8,0.189,3.1296,3.8704,N,N,08/2022,Analyst
53-3032.00,1.A.1.f.2,Visualization,IM,3.0,8,0.0,3.0,3.0,N,,08/2022,Analyst
53-3032.00,1.A.1.f.2,Visualization,LV,3.0,8,0.0,3.0,3.0,N,N,08/2022,Analyst
53-3032.00,1.A.1.g.1,Selective Attention,IM,3.25,8,0.1637,2.9292,3.5708,N,,08/2022,Analyst
53-3032.00,1.A.1.g.1,Selective Attention,LV,3.12,8,0.125,2.88,3.37,N,N,08/2022,Analyst
53-3032.00,1.A.1.g.2,Time Sharing,IM,3.0,8,0.0,3.0,3.0,N,,08/2022,Analyst
53-3032.00,1.A.1.g.2,Time Sharing,LV,3.0,8,0.0,3.0,3.0,N,N,08/2022,Analyst
53-3032.00,1.A.2.a.1,Arm-Hand Steadiness,IM,3.0,8,0.0,3.0,3.0,N,,08/2022,Analyst
53-3032.00,1.A.2.a.1,Arm-Hand Steadiness,LV,3.0,8,0.0,3.0,3.0,N,N,08/2022,Analyst
53-3032.00,1.A.2.a.2,Manual Dexterity,IM,3.0,8,0.0,3.0,3.0,N,,08/2022,Analyst
53-3032.00,1.A.2.a.2,Manual Dexterity,LV,3.0,8,0.189,2.6296,3.3704,N,N,08/2022,Analyst
53-3032.00,1.A.2.a.3,Finger Dexterity,IM,2.88,8,0.125,2.63,3.12,N,,08/2022,Analyst
53-3032.00,1.A.2.a.3,Finger Dexterity,LV,2.75,8,0.1637,2.4292,3.0708,N,N,08/2022,Analyst
53-3032.00,1.A.2.b.1,Control Precision,IM,3.88,8,0.125,3.63,4.12,N,,08/2022,Analyst
53-3032.00,1.A.2.b.1,Control Precision,LV,3.88,8,0.125,3.63,4.12,N,N,08/2022,Analyst
53-3032.00,1.A.2.b.2,Multilimb Coordination,IM,3.88,8,0.125,3.63,4.12,N,,08/2022,Analyst
53-3032.00,1.A.2.b.2,Multilimb Coordination,LV,4.0,8,0.0,4.0,4.0,N,N,08/2022,Analyst
53-3032.00,1.A.2.b.3,Response Orientation,IM,3.88,8,0.125,3.63,4.12,N,,08/2022,Analyst
53-3032.00,1.A.2.b.3,Response Orientation,LV,4.0,8,0.0,4.0,4.0,N,N,08/2022,Analyst
53-3032.00,1.A.2.b.4,Rate Control,IM,3.88,8,0.125,3.63,4.12,N,,08/2022,Analyst
53-3032.00,1.A.2.b.4,Rate Control,LV,4.0,8,0.0,4.0,4.0,N,N,08/2022,Analyst
53-3032.00,1.A.2.c.1,Reaction Time,IM,3.75,8,0.1637,3.4292,4.0708,N,,08/2022,Analyst
53-3032.00,1.A.2.c.1,Reaction Time,LV,4.0,8,0.189,3.6296,4.3704,N,N,08/2022,Analyst
53-3032.00,1.A.2.c.2,Wrist-Finger Speed,IM,2.62,8,0.183,2.2664,2.9836,N,,08/2022,Analyst
53-3032.00,1.A.2.c.2,Wrist-Finger Speed,LV,2.75,8,0.1637,2.4292,3.0708,N,N,08/2022,Analyst
53-3032.00,1.A.2.c.3,Speed of Limb Movement,IM,2.5,8,0.189,2.1296,2.8704,N,,08/2022,Analyst
53-3032.00,1.A.2.c.3,Speed of Limb Movement,LV,2.62,8,0.183,2.2664,2.9836,N,N,08/2022,Analyst
53-3032.00,1.A.3.a.1,Static Strength,IM,3.0,8,0.0,3.0,3.0,N,,08/2022,Analyst
53-3032.00,1.A.3.a.1,Static Strength,LV,3.38,8,0.183,3.0164,3.7336,N,N,08/2022,Analyst
53-3032.00,1.A.3.a.2,Explosive Strength,IM,1.75,8,0.25,1.26,2.24,N,,08/2022,Analyst
53-3032.00,1.A.3.a.2,Explosive Strength,LV,1.12,8,0.3504,0.4383,1.8117,N,N,08/2022,Analyst
53-3032.00,1.A.3.a.3,Dynamic Strength,IM,2.38,8,0.183,2.0164,2.7336,N,,08/2022,Analyst
53-3032.00,1.A.3.a.3,Dynamic Strength,LV,2.38,8,0.183,2.0164,2.7336,N,N,08/2022,Analyst
53-3032.00,1.A.3.a.4,Trunk Strength,IM,2.88,8,0.125,2.63,3.12,N,,08/2022,Analyst
53-3032.00,1.A.3.a.4,Trunk Strength,LV,2.75,8,0.1637,2.4292,3.0708,N,N,08/2022,Analyst
53-3032.00,1.A.3.b.1,Stamina,IM,2.5,8,0.189,2.1296,2.8704,N,,08/2022,Analyst
53-3032.00,1.A.3.b.1,Stamina,LV,2.12,8,0.125,1.88,2.37,N,N,08/2022,Analyst
53-3032.00,1.A.3.c.1,Extent Flexibility,IM,2.75,8,0.1637,2.4292,3.0708,N,,08/2022,Analyst
53-3032.00,1.A.3.c.1,Extent Flexibility,LV,2.75,8,0.25,2.26,3.24,N,N,08/2022,Analyst
53-3032.00,1.A.3.c.2,Dynamic Flexibility,IM,1.75,8,0.1637,1.4292,2.0708,N,,08/2022,Analyst
53-3032.00,1.A.3.c.2,Dynamic Flexibility,LV,0.88,8,0.2266,0.4309,1.3191,N,N,08/2022,Analyst
53-3032.00,1.A.3.c.3,Gross Body Coordination,IM,2.38,8,0.183,2.0164,2.7336,N,,08/2022,Analyst
53-3032.00,1.A.3.c.3,Gross Body Coordination,LV,1.88,8,0.125,1.63,2.12,N,N,08/2022,Analyst
53-3032.00,1.A.3.c.4,Gross Body Equilibrium,IM,2.25,8,0.1637,1.9292,2.5708,N,,08/2022,Analyst
53-3032.00,1.A.3.c.4,Gross Body Equilibrium,LV,2.0,8,0.0,2.0,2.0,N,N,08/2022,Analyst
53-3032.00,1.A.4.a.1,Near Vision,IM,3.5,8,0.189,3.1296,3.8704,N,,08/2022,Analyst
53-3032.00,1.A.4.a.1,Near Vision,LV,3.12,8,0.2266,2.6809,3.5691,N,N,08/2022,Analyst
53-3032.00,1.A.4.a.2,Far Vision,IM,4.12,8,0.125,3.88,4.37,N,,08/2022,Analyst
53-3032.00,1.A.4.a.2,Far Vision,LV,3.88,8,0.125,3.63,4.12,N,N,08/2022,Analyst
53-3032.00,1.A.4.a.3,Visual Color Discrimination,IM,2.62,8,0.2631,2.1094,3.1406,N,,08/2022,Analyst
53-3032.00,1.A.4.a.3,Visual Color Discrimination,LV,2.5,8,0.378,1.7592,3.2408,N,N,08/2022,Analyst
53-3032.00,1.A.4.a.4,Night Vision,IM,3.0,8,0.189,2.6296,3.3704,N,,08/2022,Analyst
53-3032.00,1.A.4.a.4,Night Vision,LV,2.88,8,0.125,2.63,3.12,N,N,08/2022,Analyst
53-3032.00,1.A.4.a.5,Peripheral Vision,IM,3.0,8,0.0,3.0,3.0,N,,08/2022,Analyst
53-3032.00,1.A.4.a.5,Peripheral Vision,LV,3.0,8,0.0,3.0,3.0,N,N,08/2022,Analyst
53-3032.00,1.A.4.a.6,Depth Perception,IM,3.5,8,0.189,3.1296,3.8704,N,,08/2022,Analyst
53-3032.00,1.A.4.a.6,Depth Perception,LV,3.5,8,0.189,3.1296,3.8704,N,N,08/2022,Analyst
53-3032.00,1.A.4.a.7,Glare Sensitivity,IM,3.0,8,0.0,3.0,3.0,N,,08/2022,Analyst
53-3032.00,1.A.4.a.7,Glare Sensitivity,LV,2.88,8,0.125,2.63,3.12,N,N,08/2022,Analyst
53-3032.00,1.A.4.b.1,Hearing Sensitivity,IM,3.0,8,0.0,3.0,3.0,N,,08/2022,Analyst
53-3032.00,1.A.4.b.1,Hearing Sensitivity,LV,3.0,8,0.0,3.0,3.0,N,N,08/2022,Analyst
53-3032.00,1.A.4.b.2,Auditory Attention,IM,3.0,8,0.0,3.0,3.0,N,,08/2022,Analyst
53-3032.00,1.A.4.b.2,Auditory Attention,LV,3.12,8,0.125,2.88,3.37,N,N,08/2022,Analyst
53-3032.00,1.A.4.b.3,Sound Localization,IM,2.62,8,0.183,2.2664,2.9836,N,,08/2022,Analyst
53-3032.00,1.A.4.b.3,Sound Localization,LV,2.88,8,0.125,2.63,3.12,N,N,08/2022,Analyst
53-3032.00,1.A.4.b.4,Speech Recognition,IM,3.0,8,0.0,3.0,3.0,N,,08/2022,Analyst
53-3032.00,1.A.4.b.4,Speech Recognition,LV,2.88,8,0.125,2.63,3.12,N,N,08/2022,Analyst
53-3032.00,1.A.4.b.5,Speech Clarity,IM,3.0,8,0.0,3.0,3.0,N,,08/2022,Analyst
53-3032.00,1.A.4.b.5,Speech Clarity,LV,2.88,8,0.125,2.63,3.12,N,N,08/2022,Analyst
53-3033.00,1.A.1.a.1,Oral Comprehension,IM,3.12,8,0.125,2.88,3.37,N,,08/2023,Analyst
53-3033.00,1.A.1.a.1,Oral Comprehension,LV,3.0,8,0.0,3.0,3.0,N,N,08/2023,Analyst
53-3033.00,1.A.1.a.2,Written Comprehension,IM,3.0,8,0.189,2.6296,3.3704,N,,08/2023,Analyst
53-3033.00,1.A.1.a.2,Written Comprehension,LV,3.0,8,0.0,3.0,3.0,N,N,08/2023,Analyst
53-3033.00,1.A.1.a.3,Oral Expression,IM,3.12,8,0.125,2.88,3.37,N,,08/2023,Analyst
53-3033.00,1.A.1.a.3,Oral Expression,LV,3.62,8,0.183,3.2664,3.9836,N,N,08/2023,Analyst
53-3033.00,1.A.1.a.4,Written Expression,IM,2.75,8,0.1637,2.4292,3.0708,N,,08/2023,Analyst
53-3033.00,1.A.1.a.4,Written Expression,LV,2.25,8,0.1637,1.9292,2.5708,N,N,08/2023,Analyst
53-3033.00,1.A.1.b.1,Fluency of Ideas,IM,2.38,8,0.183,2.0164,2.7336,N,,08/2023,Analyst
53-3033.00,1.A.1.b.1,Fluency of Ideas,LV,2.0,8,0.0,2.0,2.0,N,N,08/2023,Analyst
53-3033.00,1.A.1.b.2,Originality,IM,2.12,8,0.125,1.88,2.37,N,,08/2023,Analyst
53-3033.00,1.A.1.b.2,Originality,LV,1.88,8,0.125,1.63,2.12,N,N,08/2023,Analyst
53-3033.00,1.A.1.b.3,Problem Sensitivity,IM,3.25,8,0.1637,2.9292,3.5708,N,,08/2023,Analyst
53-3033.00,1.A.1.b.3,Problem Sensitivity,LV,2.88,8,0.125,2.63,3.12,N,N,08/2023,Analyst
53-3033.00,1.A.1.b.4,Deductive Reasoning,IM,3.12,8,0.125,2.88,3.37,N,,08/2023,Analyst
53-3033.00,1.A.1.b.4,Deductive Reasoning,LV,2.88,8,0.125,2.63,3.12,N,N,08/2023,Analyst
53-3033.00,1.A.1.b.5,Inductive Reasoning,IM,3.0,8,0.0,3.0,3.0,N,,08/2023,Analyst
53-3033.00,1.A.1.b.5,Inductive Reasoning,LV,2.62,8,0.183,2.2664,2.9836,N,N,08/2023,Analyst
53-3033.00,1.A.1.b.6,Information Ordering,IM,3.0,8,0.0,3.0,3.0,N,,08/2023,Analyst
53-3033.00,1.A.1.b.6,Information Ordering,LV,2.88,8,0.125,2.63,3.12,N,N,08/2023,Analyst
53-3033.00,1.A.1.b.7,Category Flexibility,IM,2.88,8,0.125,2.63,3.12,N,,08/2023,Analyst
53-3033.00,1.A.1.b.7,Category Flexibility,LV,2.62,8,0.183,2.2664,2.9836,N,N,08/2023,Analyst
53-3033.00,1.A.1.c.1,Mathematical Reasoning,IM,2.12,8,0.125,1.88,2.37,N,,08/2023,Analyst
53-3033.00,1.A.1.c.1,Mathematical Reasoning,LV,2.0,8,0.0,2.0,2.0,N,N,08/2023,Analyst
53-3033.00,1.A.1.c.2,Number Facility,IM,2.12,8,0.125,1.88,2.37,N,,08/2023,Analyst
53-3033.00,1.A.1.c.2,Number Facility,LV,2.0,8,0.0,2.0,2.0,N,N,08/2023,Analyst
53-3033.00,1.A.1.d.1,Memorization,IM,2.0,8,0.0,2.0,2.0,N,,08/2023,Analyst
53-3033.00,1.A.1.d.1,Memorization,LV,1.75,8,0.1637,1.4292,2.0708,N,N,08/2023,Analyst
53-3033.00,1.A.1.e.1,Speed of Closure,IM,2.12,8,0.125,1.88,2.37,N,,08/2023,Analyst
53-3033.00,1.A.1.e.1,Speed of Closure,LV,2.0,8,0.0,2.0,2.0,N,N,08/2023,Analyst
53-3033.00,1.A.1.e.2,Flexibility of Closure,IM,2.38,8,0.183,2.0164,2.7336,N,,08/2023,Analyst
53-3033.00,1.A.1.e.2,Flexibility of Closure,LV,2.12,8,0.125,1.88,2.37,N,N,08/2023,Analyst
53-3033.00,1.A.1.e.3,Perceptual Speed,IM,3.0,8,0.189,2.6296,3.3704,N,,08/2023,Analyst
53-3033.00,1.A.1.e.3,Perceptual Speed,LV,2.62,8,0.183,2.2664,2.9836,N,N,08/2023,Analyst
53-3033.00,1.A.1.f.1,Spatial Orientation,IM,3.5,8,0.189,3.1296,3.8704,N,,08/2023,Analyst
53-3033.00,1.A.1.f.1,Spatial Orientation,LV,3.12,8,0.125,2.88,3.37,N,N,08/2023,Analyst
53-3033.00,1.A.1.f.2,Visualization,IM,2.88,8,0.125,2.63,3.12,N,,08/2023,Analyst
53-3033.00,1.A.1.f.2,Visualization,LV,2.75,8,0.1637,2.4292,3.0708,N,N,08/2023,Analyst
53-3033.00,1.A.1.g.1,Selective Attention,IM,2.88,8,0.125,2.63,3.12,N,,08/2023,Analyst
53-3033.00,1.A.1.g.1,Selective Attention,LV,2.88,8,0.125,2.63,3.12,N,N,08/2023,Analyst
53-3033.00,1.A.1.g.2,Time Sharing,IM,2.75,8,0.1637,2.4292,3.0708,N,,08/2023,Analyst
53-3033.00,1.A.1.g.2,Time Sharing,LV,2.88,8,0.125,2.63,3.12,N,N,08/2023,Analyst
53-3033.00,1.A.2.a.1,Arm-Hand Steadiness,IM,2.88,8,0.125,2.63,3.12,N,,08/2023,Analyst
53-3033.00,1.A.2.a.1,Arm-Hand Steadiness,LV,2.62,8,0.183,2.2664,2.9836,N,N,08/2023,Analyst
53-3033.00,1.A.2.a.2,Manual Dexterity,IM,3.12,8,0.125,2.88,3.37,N,,08/2023,Analyst
53-3033.00,1.A.2.a.2,Manual Dexterity,LV,2.88,8,0.125,2.63,3.12,N,N,08/2023,Analyst
53-3033.00,1.A.2.a.3,Finger Dexterity,IM,2.88,8,0.125,2.63,3.12,N,,08/2023,Analyst
53-3033.00,1.A.2.a.3,Finger Dexterity,LV,2.25,8,0.1637,1.9292,2.5708,N,N,08/2023,Analyst
53-3033.00,1.A.2.b.1,Control Precision,IM,3.12,8,0.125,2.88,3.37,N,,08/2023,Analyst
53-3033.00,1.A.2.b.1,Control Precision,LV,3.0,8,0.0,3.0,3.0,N,N,08/2023,Analyst
53-3033.00,1.A.2.b.2,Multilimb Coordination,IM,3.62,8,0.2631,3.1094,4.1406,N,,08/2023,Analyst
53-3033.00,1.A.2.b.2,Multilimb Coordination,LV,3.25,8,0.1637,2.9292,3.5708,N,N,08/2023,Analyst
53-3033.00,1.A.2.b.3,Response Orientation,IM,3.0,8,0.189,2.6296,3.3704,N,,08/2023,Analyst
53-3033.00,1.A.2.b.3,Response Orientation,LV,3.0,8,0.189,2.6296,3.3704,N,N,08/2023,Analyst
53-3033.00,1.A.2.b.4,Rate Control,IM,2.88,8,0.125,2.63,3.12,N,,08/2023,Analyst
53-3033.00,1.A.2.b.4,Rate Control,LV,2.88,8,0.125,2.63,3.12,N,N,08/2023,Analyst
53-3033.00,1.A.2.c.1,Reaction Time,IM,3.12,8,0.125,2.88,3.37,N,,08/2023,Analyst
53-3033.00,1.A.2.c.1,Reaction Time,LV,3.0,8,0.0,3.0,3.0,N,N,08/2023,Analyst
53-3033.00,1.A.2.c.2,Wrist-Finger Speed,IM,1.88,8,0.125,1.63,2.12,N,,08/2023,Analyst
53-3033.00,1.A.2.c.2,Wrist-Finger Speed,LV,1.62,8,0.2631,1.1094,2.1406,N,N,08/2023,Analyst
53-3033.00,1.A.2.c.3,Speed of Limb Movement,IM,1.88,8,0.125,1.63,2.12,N,,08/2023,Analyst
53-3033.00,1.A.2.c.3,Speed of Limb Movement,LV,1.75,8,0.25,1.26,2.24,N,N,08/2023,Analyst
53-3033.00,1.A.3.a.1,Static Strength,IM,3.12,8,0.125,2.88,3.37,N,,08/2023,Analyst
53-3033.00,1.A.3.a.1,Static Strength,LV,3.62,8,0.183,3.2664,3.9836,N,N,08/2023,Analyst
53-3033.00,1.A.3.a.2,Explosive Strength,IM,1.5,8,0.189,1.1296,1.8704,N,,08/2023,Analyst
53-3033.00,1.A.3.a.2,Explosive Strength,LV,0.5,8,0.189,0.1296,0.8704,N,N,08/2023,Analyst
53-3033.00,1.A.3.a.3,Dynamic Strength,IM,2.25,8,0.1637,1.9292,2.5708,N,,08/2023,Analyst
53-3033.00,1.A.3.a.3,Dynamic Strength,LV,2.25,8,0.1637,1.9292,2.5708,N,N,08/2023,Analyst
53-3033.00,1.A.3.a.4,Trunk Strength,IM,3.12,8,0.125,2.88,3.37,N,,08/2023,Analyst
53-3033.00,1.A.3.a.4,Trunk Strength,LV,3.12,8,0.125,2.88,3.37,N,N,08/2023,Analyst
53-3033.00,1.A.3.b.1,Stamina,IM,3.12,8,0.125,2.88,3.37,N,,08/2023,Analyst
53-3033.00,1.A.3.b.1,Stamina,LV,2.62,8,0.2631,2.1094,3.1406,N,N,08/2023,Analyst
53-3033.00,1.A.3.c.1,Extent Flexibility,IM,3.0,8,0.0,3.0,3.0,N,,08/2023,Analyst
53-3033.00,1.A.3.c.1,Extent Flexibility,LV,3.0,8,0.0,3.0,3.0,N,N,08/2023,Analyst
53-3033.00,1.A.3.c.2,Dynamic Flexibility,IM,1.38,8,0.183,1.0164,1.7336,N,,08/2023,Analyst
53-3033.00,1.A.3.c.2,Dynamic Flexibility,LV,0.38,8,0.183,0.0164,0.7336,N,N,08/2023,Analyst
53-3033.00,1.A.3.c.3,Gross Body Coordination,IM,2.62,8,0.183,2.2664,2.9836,N,,08/2023,Analyst
53-3033.00,1.A.3.c.3,Gross Body Coordination,LV,2.25,8,0.1637,1.9292,2.5708,N,N,08/2023,Analyst
53-3033.00,1.A.3.c.4,Gross Body Equilibrium,IM,2.0,8,0.0,2.0,2.0,N,,08/2023,Analyst
53-3033.00,1.A.3.c.4,Gross Body Equilibrium,LV,1.25,8,0.1637,0.9292,1.5708,N,N,08/2023,Analyst
53-3033.00,1.A.4.a.1,Near Vision,IM,3.25,8,0.1637,2.9292,3.5708,N,,08/2023,Analyst
53-3033.00,1.A.4.a.1,Near Vision,LV,3.0,8,0.189,2.6296,3.3704,N,N,08/2023,Analyst
53-3033.00,1.A.4.a.2,Far Vision,IM,3.62,8,0.183,3.2664,3.9836,N,,08/2023,Analyst
53-3033.00,1.A.4.a.2,Far Vision,LV,3.38,8,0.183,3.0164,3.7336,N,N,08/2023,Analyst
53-3033.00,1.A.4.a.3,Visual Color Discrimination,IM,2.75,8,0.25,2.26,3.24,N,,08/2023,Analyst
53-3033.00,1.A.4.a.3,Visual Color Discrimination,LV,2.5,8,0.2673,1.9762,3.0238,N,N,08/2023,Analyst
53-3033.00,1.A.4.a.4,Night Vision,IM,2.38,8,0.183,2.0164,2.7336,N,,08/2023,Analyst
53-3033.00,1.A.4.a.4,Night Vision,LV,2.25,8,0.1637,1.9292,2.5708,N,N,08/2023,Analyst
53-3033.00,1.A.4.a.5,Peripheral Vision,IM,2.62,8,0.183,2.2664,2.9836,N,,08/2023,Analyst
53-3033.00,1.A.4.a.5,Peripheral Vision,LV,2.25,8,0.1637,1.9292,2.5708,N,N,08/2023,Analyst
53-3033.00,1.A.4.a.6,Depth Perception,IM,3.0,8,0.0,3.0,3.0,N,,08/2023,Analyst
53-3033.00,1.A.4.a.6,Depth Perception,LV,2.88,8,0.125,2.63,3.12,N,N,08/2023,Analyst
53-3033.00,1.A.4.a.7,Glare Sensitivity,IM,2.5,8,0.189,2.1296,2.8704,N,,08/2023,Analyst
53-3033.00,1.A.4.a.7,Glare Sensitivity,LV,2.12,8,0.125,1.88,2.37,N,N,08/2023,Analyst
53-3033.00,1.A.4.b.1,Hearing Sensitivity,IM,2.5,8,0.189,2.1296,2.8704,N,,08/2023,Analyst
53-3033.00,1.A.4.b.1,Hearing Sensitivity,LV,2.38,8,0.183,2.0164,2.7336,N,N,08/2023,Analyst
53-3033.00,1.A.4.b.2,Auditory Attention,IM,2.5,8,0.189,2.1296,2.8704,N,,08/2023,Analyst
53-3033.00,1.A.4.b.2,Auditory Attention,LV,2.25,8,0.1637,1.9292,2.5708,N,N,08/2023,Analyst
53-3033.00,1.A.4.b.3,Sound Localization,IM,2.0,8,0.0,2.0,2.0,N,,08/2023,Analyst
53-3033.00,1.A.4.b.3,Sound Localization,LV,2.0,8,0.0,2.0,2.0,N,N,08/2023,Analyst
53-3033.00,1.A.4.b.4,Speech Recognition,IM,3.0,8,0.0,3.0,3.0,N,,08/2023,Analyst
53-3033.00,1.A.4.b.4,Speech Recognition,LV,3.0,8,0.0,3.0,3.0,N,N,08/2023,Analyst
53-3033.00,1.A.4.b.5,Speech Clarity,IM,3.0,8,0.0,3.0,3.0,N,,08/2023,Analyst
53-3033.00,1.A.4.b.5,Speech Clarity,LV,2.88,8,0.125,2.63,3.12,N,N,08/2023,Analyst
53-3052.00,1.A.1.a.1,Oral Comprehension,IM,3.25,8,0.1637,2.9292,3.5708,N,,08/2018,Analyst
53-3052.00,1.A.1.a.1,Oral Comprehension,LV,2.88,8,0.125,2.63,3.12,N,N,08/2018,Analyst
53-3052.00,1.A.1.a.2,Written Comprehension,IM,3.12,8,0.125,2.88,3.37,N,,08/2018,Analyst
53-3052.00,1.A.1.a.2,Written Comprehension,LV,2.5,8,0.189,2.1296,2.8704,N,N,08/2018,Analyst
53-3052.00,1.A.1.a.3,Oral Expression,IM,3.25,8,0.1637,2.9292,3.5708,N,,08/2018,Analyst
53-3052.00,1.A.1.a.3,Oral Expression,LV,3.0,8,0.189,2.6296,3.3704,N,N,08/2018,Analyst
53-3052.00,1.A.1.a.4,Written Expression,IM,2.75,8,0.1637,2.4292,3.0708,N,,08/2018,Analyst
53-3052.00,1.A.1.a.4,Written Expression,LV,2.0,8,0.0,2.0,2.0,N,N,08/2018,Analyst
53-3052.00,1.A.1.b.1,Fluency of Ideas,IM,1.88,8,0.125,1.63,2.12,N,,08/2018,Analyst
53-3052.00,1.A.1.b.1,Fluency of Ideas,LV,1.62,8,0.2631,1.1094,2.1406,N,N,08/2018,Analyst
53-3052.00,1.A.1.b.2,Originality,IM,2.0,8,0.189,1.6296,2.3704,N,,08/2018,Analyst
53-3052.00,1.A.1.b.2,Originality,LV,1.75,8,0.3134,1.1358,2.3642,N,N,08/2018,Analyst
53-3052.00,1.A.1.b.3,Problem Sensitivity,IM,3.5,8,0.189,3.1296,3.8704,N,,08/2018,Analyst
53-3052.00,1.A.1.b.3,Problem Sensitivity,LV,3.0,8,0.0,3.0,3.0,N,N,08/2018,Analyst
53-3052.00,1.A.1.b.4,Deductive Reasoning,IM,3.0,8,0.0,3.0,3.0,N,,08/2018,Analyst
53-3052.00,1.A.1.b.4,Deductive Reasoning,LV,2.25,8,0.1637,1.9292,2.5708,N,N,08/2018,Analyst
53-3052.00,1.A.1.b.5,Inductive Reasoning,IM,2.75,8,0.1637,2.4292,3.0708,N,,08/2018,Analyst
53-3052.00,1.A.1.b.5,Inductive Reasoning,LV,2.25,8,0.1637,1.9292,2.5708,N,N,08/2018,Analyst
53-3052.00,1.A.1.b.6,Information Ordering,IM,3.0,8,0.0,3.0,3.0,N,,08/2018,Analyst
53-3052.00,1.A.1.b.6,Information Ordering,LV,2.62,8,0.183,2.2664,2.9836,N,N,08/2018,Analyst
53-3052.00,1.A.1.b.7,Category Flexibility,IM,2.5,8,0.189,2.1296,2.8704,N,,08/2018,Analyst
53-3052.00,1.A.1.b.7,Category Flexibility,LV,2.0,8,0.189,1.6296,2.3704,N,N,08/2018,Analyst
53-3052.00,1.A.1.c.1,Mathematical Reasoning,IM,2.0,8,0.0,2.0,2.0,N,,08/2018,Analyst
53-3052.00,1.A.1.c.1,Mathematical Reasoning,LV,1.12,8,0.125,0.88,1.37,N,N,08/2018,Analyst
53-3052.00,1.A.1.c.2,Number Facility,IM,2.0,8,0.0,2.0,2.0,N,,08/2018,Analyst
53-3052.00,1.A.1.c.2,Number Facility,LV,1.25,8,0.1637,0.9292,1.5708,N,N,08/2018,Analyst
53-3052.00,1.A.1.d.1,Memorization,IM,2.5,8,0.189,2.1296,2.8704,N,,08/2018,Analyst
53-3052.00,1.A.1.d.1,Memorization,LV,2.0,8,0.0,2.0,2.0,N,N,08/2018,Analyst
53-3052.00,1.A.1.e.1,Speed of Closure,IM,2.5,8,0.189,2.1296,2.8704,N,,08/2018,Analyst
53-3052.00,1.A.1.e.1,Speed of Closure,LV,2.12,8,0.125,1.88,2.37,N,N,08/2018,Analyst
53-3052.00,1.A.1.e.2,Flexibility of Closure,IM,2.88,8,0.125,2.63,3.12,N,,08/2018,Analyst
53-3052.00,1.A.1.e.2,Flexibility of Closure,LV,2.25,8,0.1637,1.9292,2.5708,N,N,08/2018,Analyst
53-3052.00,1.A.1.e.3,Perceptual Speed,IM,2.88,8,0.125,2.63,3.12,N,,08/2018,Analyst
53-3052.00,1.A.1.e.3,Perceptual Speed,LV,2.88,8,0.125,2.63,3.12,N,N,08/2018,Analyst
53-3052.00,1.A.1.f.1,Spatial Orientation,IM,3.62,8,0.183,3.2664,3.9836,N,,08/2018,Analyst
53-3052.00,1.A.1.f.1,Spatial Orientation,LV,2.88,8,0.2266,2.4309,3.3191,N,N,08/2018,Analyst
53-3052.00,1.A.1.f.2,Visualization,IM,2.75,8,0.1637,2.4292,3.0708,N,,08/2018,Analyst
53-3052.00,1.A.1.f.2,Visualization,LV,2.25,8,0.25,1.76,2.74,N,N,08/2018,Analyst
53-3052.00,1.A.1.g.1,Selective Attention,IM,3.38,8,0.183,3.0164,3.7336,N,,08/2018,Analyst
53-3052.00,1.A.1.g.1,Selective Attention,LV,3.25,8,0.1637,2.9292,3.5708,N,N,08/2018,Analyst
53-3052.00,1.A.1.g.2,Time Sharing,IM,3.25,8,0.1637,2.9292,3.5708,N,,08/2018,Analyst
53-3052.00,1.A.1.g.2,Time Sharing,LV,3.25,8,0.1637,2.9292,3.5708,N,N,08/2018,Analyst
53-3052.00,1.A.2.a.1,Arm-Hand Steadiness,IM,3.12,8,0.125,2.88,3.37,N,,08/2018,Analyst
53-3052.00,1.A.2.a.1,Arm-Hand Steadiness,LV,2.88,8,0.125,2.63,3.12,N,N,08/2018,Analyst
53-3052.00,1.A.2.a.2,Manual Dexterity,IM,2.88,8,0.125,2.63,3.12,N,,08/2018,Analyst
53-3052.00,1.A.2.a.2,Manual Dexterity,LV,2.12,8,0.2266,1.6809,2.5691,N,N,08/2018,Analyst
53-3052.00,1.A.2.a.3,Finger Dexterity,IM,2.75,8,0.1637,2.4292,3.0708,N,,08/2018,Analyst
53-3052.00,1.A.2.a.3,Finger Dexterity,LV,2.12,8,0.125,1.88,2.37,N,N,08/2018,Analyst
53-3052.00,1.A.2.b.1,Control Precision,IM,3.88,8,0.125,3.63,4.12,N,,08/2018,Analyst
53-3052.00,1.A.2.b.1,Control Precision,LV,3.38,8,0.183,3.0164,3.7336,N,N,08/2018,Analyst
53-3052.00,1.A.2.b.2,Multilimb Coordination,IM,3.75,8,0.1637,3.4292,4.0708,N,,08/2018,Analyst
53-3052.00,1.A.2.b.2,Multilimb Coordination,LV,3.5,8,0.189,3.1296,3.8704,N,N,08/2018,Analyst
53-3052.00,1.A.2.b.3,Response Orientation,IM,3.62,8,0.183,3.2664,3.9836,N,,08/2018,Analyst
53-3052.00,1.A.2.b.3,Response Orientation,LV,3.88,8,0.125,3.63,4.12,N,N,08/2018,Analyst
53-3052.00,1.A.2.b.4,Rate Control,IM,3.5,8,0.189,3.1296,3.8704,N,,08/2018,Analyst
53-3052.00,1.A.2.b.4,Rate Control,LV,3.25,8,0.1637,2.9292,3.5708,N,N,08/2018,Analyst
53-3052.00,1.A.2.c.1,Reaction Time,IM,3.62,8,0.183,3.2664,3.9836,N,,08/2018,Analyst
53-3052.00,1.A.2.c.1,Reaction Time,LV,3.75,8,0.25,3.26,4.24,N,N,08/2018,Analyst
53-3052.00,1.A.2.c.2,Wrist-Finger Speed,IM,2.0,8,0.0,2.0,2.0,N,,08/2018,Analyst
53-3052.00,1.A.2.c.2,Wrist-Finger Speed,LV,1.12,8,0.125,0.88,1.37,N,N,08/2018,Analyst
53-3052.00,1.A.2.c.3,Speed of Limb Movement,IM,2.0,8,0.189,1.6296,2.3704,N,,08/2018,Analyst
53-3052.00,1.A.2.c.3,Speed of Limb Movement,LV,1.5,8,0.2673,0.9762,2.0238,N,N,08/2018,Analyst
53-3052.00,1.A.3.a.1,Static Strength,IM,2.12,8,0.125,1.88,2.37,N,,08/2018,Analyst
53-3052.00,1.A.3.a.1,Static Strength,LV,1.88,8,0.125,1.63,2.12,N,N,08/2018,Analyst
53-3052.00,1.A.3.a.2,Explosive Strength,IM,1.62,8,0.183,1.2664,1.9836,N,,08/2018,Analyst
53-3052.00,1.A.3.a.2,Explosive Strength,LV,0.62,8,0.183,0.2664,0.9836,N,N,08/2018,Analyst
53-3052.00,1.A.3.a.3,Dynamic Strength,IM,2.0,8,0.189,1.6296,2.3704,N,,08/2018,Analyst
53-3052.00,1.A.3.a.3,Dynamic Strength,LV,1.25,8,0.3134,0.6358,1.8642,N,N,08/2018,Analyst
53-3052.00,1.A.3.a.4,Trunk Strength,IM,2.5,8,0.189,2.1296,2.8704,N,,08/2018,Analyst
53-3052.00,1.A.3.a.4,Trunk Strength,LV,2.12,8,0.2266,1.6809,2.5691,N,N,08/2018,Analyst
53-3052.00,1.A.3.b.1,Stamina,IM,1.88,8,0.125,1.63,2.12,N,,08/2018,Analyst
53-3052.00,1.A.3.b.1,Stamina,LV,0.88,8,0.125,0.63,1.12,N,N,08/2018,Analyst
53-3052.00,1.A.3.c.1,Extent Flexibility,IM,2.5,8,0.189,2.1296,2.8704,N,,08/2018,Analyst
53-3052.00,1.A.3.c.1,Extent Flexibility,LV,2.0,8,0.189,1.6296,2.3704,N,N,08/2018,Analyst
53-3052.00,1.A.3.c.2,Dynamic Flexibility,IM,1.12,8,0.125,1.0,1.37,N,,08/2018,Analyst
53-3052.00,1.A.3.c.2,Dynamic Flexibility,LV,0.12,8,0.125,0.0,0.37,N,Y,08/2018,Analyst
53-3052.00,1.A.3.c.3,Gross Body Coordination,IM,1.88,8,0.125,1.63,2.12,N,,08/2018,Analyst
53-3052.00,1.A.3.c.3,Gross Body Coordination,LV,1.5,8,0.2673,0.9762,2.0238,N,N,08/2018,Analyst
53-3052.00,1.A.3.c.4,Gross Body Equilibrium,IM,1.75,8,0.1637,1.4292,2.0708,N,,08/2018,Analyst
53-3052.00,1.A.3.c.4,Gross Body Equilibrium,LV,0.75,8,0.1637,0.4292,1.0708,N,N,08/2018,Analyst
53-3052.00,1.A.4.a.1,Near Vision,IM,3.5,8,0.189,3.1296,3.8704,N,,08/2018,Analyst
53-3052.00,1.A.4.a.1,Near Vision,LV,2.88,8,0.125,2.63,3.12,N,N,08/2018,Analyst
53-3052.00,1.A.4.a.2,Far Vision,IM,4.12,8,0.125,3.88,4.37,N,,08/2018,Analyst
53-3052.00,1.A.4.a.2,Far Vision,LV,3.62,8,0.2631,3.1094,4.1406,N,N,08/2018,Analyst
53-3052.00,1.A.4.a.3,Visual Color Discrimination,IM,2.88,8,0.125,2.63,3.12,N,,08/2018,Analyst
53-3052.00,1.A.4.a.3,Visual Color Discrimination,LV,2.5,8,0.189,2.1296,2.8704,N,N,08/2018,Analyst
53-3052.00,1.A.4.a.4,Night Vision,IM,3.0,8,0.189,2.6296,3.3704,N,,08/2018,Analyst
53-3052.00,1.A.4.a.4,Night Vision,LV,2.75,8,0.1637,2.4292,3.0708,N,N,08/2018,Analyst
53-3052.00,1.A.4.a.5,Peripheral Vision,IM,3.25,8,0.1637,2.9292,3.5708,N,,08/2018,Analyst
53-3052.00,1.A.4.a.5,Peripheral Vision,LV,3.0,8,0.0,3.0,3.0,N,N,08/2018,Analyst
53-3052.00,1.A.4.a.6,Depth Perception,IM,3.75,8,0.1637,3.4292,4.0708,N,,08/2018,Analyst
53-3052.00,1.A.4.a.6,Depth Perception,LV,2.88,8,0.125,2.63,3.12,N,N,08/2018,Analyst
53-3052.00,1.A.4.a.7,Glare Sensitivity,IM,3.0,8,0.0,3.0,3.0,N,,08/2018,Analyst
53-3052.00,1.A.4.a.7,Glare Sensitivity,LV,2.75,8,0.1637,2.4292,3.0708,N,N,08/2018,Analyst
53-3052.00,1.A.4.b.1,Hearing Sensitivity,IM,2.88,8,0.125,2.63,3.12,N,,08/2018,Analyst
53-3052.00,1.A.4.b.1,Hearing Sensitivity,LV,2.75,8,0.1637,2.4292,3.0708,N,N,08/2018,Analyst
53-3052.00,1.A.4.b.2,Auditory Attention,IM,3.12,8,0.125,2.88,3.37,N,,08/2018,Analyst
53-3052.00,1.A.4.b.2,Auditory Attention,LV,3.0,8,0.0,3.0,3.0,N,N,08/2018,Analyst
53-3052.00,1.A.4.b.3,Sound Localization,IM,2.25,8,0.1637,1.9292,2.5708,N,,08/2018,Analyst
53-3052.00,1.A.4.b.3,Sound Localization,LV,2.12,8,0.125,1.88,2.37,N,N,08/2018,Analyst
53-3052.00,1.A.4.b.4,Speech Recognition,IM,3.25,8,0.1637,2.9292,3.5708,N,,08/2018,Analyst
53-3052.00,1.A.4.b.4,Speech Recognition,LV,2.88,8,0.125,2.63,3.12,N,N,08/2018,Analyst
53-3052.00,1.A.4.b.5,Speech Clarity,IM,3.25,8,0.1637,2.9292,3.5708,N,,08/2018,Analyst
53-3052.00,1.A.4.b.5,Speech Clarity,LV,2.88,8,0.125,2.63,3.12,N,N,08/2018,Analyst
53-4011.00,1.A.1.a.1,Oral Comprehension,IM,3.75,8,0.1637,3.4292,4.0708,N,,07/2015,Analyst
53-4011.00,1.A.1.a.1,Oral Comprehension,LV,3.88,8,0.125,3.63,4.12,N,N,07/2015,Analyst
53-4011.00,1.A.1.a.2,Written Comprehension,IM,3.25,8,0.1637,2.9292,3.5708,N,,07/2015,Analyst
53-4011.00,1.A.1.a.2,Written Comprehension,LV,3.12,8,0.125,2.88,3.37,N,N,07/2015,Analyst
53-4011.00,1.A.1.a.3,Oral Expression,IM,3.75,8,0.1637,3.4292,4.0708,N,,07/2015,Analyst
53-4011.00,1.A.1.a.3,Oral Expression,LV,3.88,8,0.125,3.63,4.12,N,N,07/2015,Analyst
53-4011.00,1.A.1.a.4,Written Expression,IM,3.0,8,0.189,2.6296,3.3704,N,,07/2015,Analyst
53-4011.00,1.A.1.a.4,Written Expression,LV,2.75,8,0.1637,2.4292,3.0708,N,N,07/2015,Analyst
53-4011.00,1.A.1.b.1,Fluency of Ideas,IM,2.12,8,0.125,1.88,2.37,N,,07/2015,Analyst
53-4011.00,1.A.1.b.1,Fluency of Ideas,LV,2.0,8,0.0,2.0,2.0,N,N,07/2015,Analyst
53-4011.00,1.A.1.b.2,Originality,IM,2.0,8,0.0,2.0,2.0,N,,07/2015,Analyst
53-4011.00,1.A.1.b.2,Originality,LV,2.0,8,0.0,2.0,2.0,N,N,07/2015,Analyst
53-4011.00,1.A.1.b.3,Problem Sensitivity,IM,3.88,8,0.125,3.63,4.12,N,,07/2015,Analyst
53-4011.00,1.A.1.b.3,Problem Sensitivity,LV,3.38,8,0.183,3.0164,3.7336,N,N,07/2015,Analyst
53-4011.00,1.A.1.b.4,Deductive Reasoning,IM,3.25,8,0.1637,2.9292,3.5708,N,,07/2015,Analyst
53-4011.00,1.A.1.b.4,Deductive Reasoning,LV,3.12,8,0.125,2.88,3.37,N,N,07/2015,Analyst
53-4011.00,1.A.1.b.5,Inductive Reasoning,IM,3.5,8,0.189,3.1296,3.8704,N,,07/2015,Analyst
53-4011.00,1.A.1.b.5,Inductive Reasoning,LV,3.12,8,0.125,2.88,3.37,N,N,07/2015,Analyst
53-4011.00,1.A.1.b.6,Information Ordering,IM,3.62,8,0.183,3.2664,3.9836,N,,07/2015,Analyst
53-4011.00,1.A.1.b.6,Information Ordering,LV,3.25,8,0.1637,2.9292,3.5708,N,N,07/2015,Analyst
53-4011.00,1.A.1.b.7,Category Flexibility,IM,2.75,8,0.1637,2.4292,3.0708,N,,07/2015,Analyst
53-4011.00,1.A.1.b.7,Category Flexibility,LV,2.75,8,0.1637,2.4292,3.0708,N,N,07/2015,Analyst
53-4011.00,1.A.1.c.1,Mathematical Reasoning,IM,2.5,8,0.189,2.1296,2.8704,N,,07/2015,Analyst
53-4011.00,1.A.1.c.1,Mathematical Reasoning,LV,2.25,8,0.1637,1.9292,2.5708,N,N,07/2015,Analyst
53-4011.00,1.A.1.c.2,Number Facility,IM,2.5,8,0.189,2.1296,2.8704,N,,07/2015,Analyst
53-4011.00,1.A.1.c.2,Number Facility,LV,2.5,8,0.189,2.1296,2.8704,N,N,07/2015,Analyst
53-4011.00,1.A.1.d.1,Memorization,IM,2.25,8,0.1637,1.9292,2.5708,N,,07/2015,Analyst
53-4011.00,1.A.1.d.1,Memorization,LV,2.25,8,0.1637,1.9292,2.5708,N,N,07/2015,Analyst
53-4011.00,1.A.1.e.1,Speed of Closure,IM,2.88,8,0.125,2.63,3.12,N,,07/2015,Analyst
53-4011.00,1.A.1.e.1,Speed of Closure,LV,2.88,8,0.125,2.63,3.12,N,N,07/2015,Analyst
53-4011.00,1.A.1.e.2,Flexibility of Closure,IM,3.62,8,0.183,3.2664,3.9836,N,,07/2015,Analyst
53-4011.00,1.A.1.e.2,Flexibility of Closure,LV,3.5,8,0.189,3.1296,3.8704,N,N,07/2015,Analyst
53-4011.00,1.A.1.e.3,Perceptual Speed,IM,3.75,8,0.1637,3.4292,4.0708,N,,07/2015,Analyst
53-4011.00,1.A.1.e.3,Perceptual Speed,LV,3.75,8,0.1637,3.4292,4.0708,N,N,07/2015,Analyst
53-4011.00,1.A.1.f.1,Spatial Orientation,IM,3.12,8,0.125,2.88,3.37,N,,07/2015,Analyst
53-4011.00,1.A.1.f.1,Spatial Orientation,LV,3.12,8,0.125,2.88,3.37,N,N,07/2015,Analyst
53-4011.00,1.A.1.f.2,Visualization,IM,3.0,8,0.0,3.0,3.0,N,,07/2015,Analyst
53-4011.00,1.A.1.f.2,Visualization,LV,3.0,8,0.0,3.0,3.0,N,N,07/2015,Analyst
53-4011.00,1.A.1.g.1,Selective Attention,IM,4.0,8,0.0,4.0,4.0,N,,07/2015,Analyst
53-4011.00,1.A.1.g.1,Selective Attention,LV,4.0,8,0.0,4.0,4.0,N,N,07/2015,Analyst
53-4011.00,1.A.1.g.2,Time Sharing,IM,3.25,8,0.1637,2.9292,3.5708,N,,07/2015,Analyst
53-4011.00,1.A.1.g.2,Time Sharing,LV,3.5,8,0.189,3.1296,3.8704,N,N,07/2015,Analyst
53-4011.00,1.A.2.a.1,Arm-Hand Steadiness,IM,3.12,8,0.125,2.88,3.37,N,,07/2015,Analyst
53-4011.00,1.A.2.a.1,Arm-Hand Steadiness,LV,3.0,8,0.0,3.0,3.0,N,N,07/2015,Analyst
53-4011.00,1.A.2.a.2,Manual Dexterity,IM,3.38,8,0.183,3.0164,3.7336,N,,07/2015,Analyst
53-4011.00,1.A.2.a.2,Manual Dexterity,LV,3.0,8,0.0,3.0,3.0,N,N,07/2015,Analyst
53-4011.00,1.A.2.a.3,Finger Dexterity,IM,3.0,8,0.0,3.0,3.0,N,,07/2015,Analyst
53-4011.00,1.A.2.a.3,Finger Dexterity,LV,3.0,8,0.0,3.0,3.0,N,N,07/2015,Analyst
53-4011.00,1.A.2.b.1,Control Precision,IM,4.0,8,0.0,4.0,4.0,N,,07/2015,Analyst
53-4011.00,1.A.2.b.1,Control Precision,LV,4.0,8,0.0,4.0,4.0,N,N,07/2015,Analyst
53-4011.00,1.A.2.b.2,Multilimb Coordination,IM,3.75,8,0.1637,3.4292,4.0708,N,,07/2015,Analyst
53-4011.00,1.A.2.b.2,Multilimb Coordination,LV,3.88,8,0.125,3.63,4.12,N,N,07/2015,Analyst
53-4011.00,1.A.2.b.3,Response Orientation,IM,4.0,8,0.0,4.0,4.0,N,,07/2015,Analyst
53-4011.00,1.A.2.b.3,Response Orientation,LV,4.0,8,0.0,4.0,4.0,N,N,07/2015,Analyst
53-4011.00,1.A.2.b.4,Rate Control,IM,3.62,8,0.183,3.2664,3.9836,N,,07/2015,Analyst
53-4011.00,1.A.2.b.4,Rate Control,LV,3.75,8,0.1637,3.4292,4.0708,N,N,07/2015,Analyst
53-4011.00,1.A.2.c.1,Reaction Time,IM,3.88,8,0.125,3.63,4.12,N,,07/2015,Analyst
53-4011.00,1.A.2.c.1,Reaction Time,LV,4.38,8,0.183,4.0164,4.7336,N,N,07/2015,Analyst
53-4011.00,1.A.2.c.2,Wrist-Finger Speed,IM,2.75,8,0.1637,2.4292,3.0708,N,,07/2015,Analyst
53-4011.00,1.A.2.c.2,Wrist-Finger Speed,LV,2.5,8,0.189,2.1296,2.8704,N,N,07/2015,Analyst
53-4011.00,1.A.2.c.3,Speed of Limb Movement,IM,2.38,8,0.2631,1.8594,2.8906,N,,07/2015,Analyst
53-4011.00,1.A.2.c.3,Speed of Limb Movement,LV,2.25,8,0.366,1.5327,2.9673,N,N,07/2015,Analyst
53-4011.00,1.A.3.a.1,Static Strength,IM,2.5,8,0.189,2.1296,2.8704,N,,07/2015,Analyst
53-4011.00,1.A.3.a.1,Static Strength,LV,2.62,8,0.183,2.2664,2.9836,N,N,07/2015,Analyst
53-4011.00,1.A.3.a.2,Explosive Strength,IM,1.5,8,0.189,1.1296,1.8704,N,,07/2015,Analyst
53-4011.00,1.A.3.a.2,Explosive Strength,LV,0.5,8,0.189,0.1296,0.8704,N,N,07/2015,Analyst
53-4011.00,1.A.3.a.3,Dynamic Strength,IM,2.12,8,0.125,1.88,2.37,N,,07/2015,Analyst
53-4011.00,1.A.3.a.3,Dynamic Strength,LV,2.0,8,0.0,2.0,2.0,N,N,07/2015,Analyst
53-4011.00,1.A.3.a.4,Trunk Strength,IM,2.75,8,0.25,2.26,3.24,N,,07/2015,Analyst
53-4011.00,1.A.3.a.4,Trunk Strength,LV,2.5,8,0.189,2.1296,2.8704,N,N,07/2015,Analyst
53-4011.00,1.A.3.b.1,Stamina,IM,2.12,8,0.125,1.88,2.37,N,,07/2015,Analyst
53-4011.00,1.A.3.b.1,Stamina,LV,1.5,8,0.189,1.1296,1.8704,N,N,07/2015,Analyst
53-4011.00,1.A.3.c.1,Extent Flexibility,IM,2.25,8,0.25,1.76,2.74,N,,07/2015,Analyst
53-4011.00,1.A.3.c.1,Extent Flexibility,LV,2.12,8,0.3504,1.4383,2.8117,N,N,07/2015,Analyst
53-4011.00,1.A.3.c.2,Dynamic Flexibility,IM,1.0,8,0.0,1.0,1.0,N,,07/2015,Analyst
53-4011.00,1.A.3.c.2,Dynamic Flexibility,LV,0.0,8,0.0,0.0,0.0,N,Y,07/2015,Analyst
53-4011.00,1.A.3.c.3,Gross Body Coordination,IM,2.0,8,0.0,2.0,2.0,N,,07/2015,Analyst
53-4011.00,1.A.3.c.3,Gross Body Coordination,LV,2.0,8,0.0,2.0,2.0,N,N,07/2015,Analyst
53-4011.00,1.A.3.c.4,Gross Body Equilibrium,IM,2.12,8,0.125,1.88,2.37,N,,07/2015,Analyst
53-4011.00,1.A.3.c.4,Gross Body Equilibrium,LV,1.5,8,0.189,1.1296,1.8704,N,N,07/2015,Analyst
53-4011.00,1.A.4.a.1,Near Vision,IM,3.88,8,0.125,3.63,4.12,N,,07/2015,Analyst
53-4011.00,1.A.4.a.1,Near Vision,LV,3.38,8,0.183,3.0164,3.7336,N,N,07/2015,Analyst
53-4011.00,1.A.4.a.2,Far Vision,IM,4.38,8,0.183,4.0164,4.7336,N,,07/2015,Analyst
53-4011.00,1.A.4.a.2,Far Vision,LV,4.5,8,0.189,4.1296,4.8704,N,N,07/2015,Analyst
53-4011.00,1.A.4.a.3,Visual Color Discrimination,IM,3.0,8,0.0,3.0,3.0,N,,07/2015,Analyst
53-4011.00,1.A.4.a.3,Visual Color Discrimination,LV,2.88,8,0.125,2.63,3.12,N,N,07/2015,Analyst
53-4011.00,1.A.4.a.4,Night Vision,IM,2.75,8,0.1637,2.4292,3.0708,N,,07/2015,Analyst
53-4011.00,1.A.4.a.4,Night Vision,LV,2.5,8,0.189,2.1296,2.8704,N,N,07/2015,Analyst
53-4011.00,1.A.4.a.5,Peripheral Vision,IM,2.88,8,0.125,2.63,3.12,N,,07/2015,Analyst
53-4011.00,1.A.4.a.5,Peripheral Vision,LV,2.75,8,0.1637,2.4292,3.0708,N,N,07/2015,Analyst
53-4011.00,1.A.4.a.6,Depth Perception,IM,3.88,8,0.125,3.63,4.12,N,,07/2015,Analyst
53-4011.00,1.A.4.a.6,Depth Perception,LV,3.5,8,0.189,3.1296,3.8704,N,N,07/2015,Analyst
53-4011.00,1.A.4.a.7,Glare Sensitivity,IM,3.0,8,0.0,3.0,3.0,N,,07/2015,Analyst
53-4011.00,1.A.4.a.7,Glare Sensitivity,LV,2.88,8,0.125,2.63,3.12,N,N,07/2015,Analyst
53-4011.00,1.A.4.b.1,Hearing Sensitivity,IM,3.38,8,0.183,3.0164,3.7336,N,,07/2015,Analyst
53-4011.00,1.A.4.b.1,Hearing Sensitivity,LV,2.88,8,0.125,2.63,3.12,N,N,07/2015,Analyst
53-4011.00,1.A.4.b.2,Auditory Attention,IM,3.62,8,0.183,3.2664,3.9836,N,,07/2015,Analyst
53-4011.00,1.A.4.b.2,Auditory Attention,LV,4.0,8,0.189,3.6296,4.3704,N,N,07/2015,Analyst
53-4011.00,1.A.4.b.3,Sound Localization,IM,2.62,8,0.183,2.2664,2.9836,N,,07/2015,Analyst
53-4011.00,1.A.4.b.3,Sound Localization,LV,2.12,8,0.125,1.88,2.37,N,N,07/2015,Analyst
53-4011.00,1.A.4.b.4,Speech Recognition,IM,3.38,8,0.183,3.0164,3.7336,N,,07/2015,Analyst
53-4011.00,1.A.4.b.4,Speech Recognition,LV,3.0,8,0.0,3.0,3.0,N,N,07/2015,Analyst
53-4011.00,1.A.4.b.5,Speech Clarity,IM,3.25,8,0.1637,2.9292,3.5708,N,,07/2015,Analyst
53-4011.00,1.A.4.b.5,Speech Clarity,LV,3.0,8,0.0,3.0,3.0,N,N,07/2015,Analyst
53-4013.00,1.A.1.a.1,Oral Comprehension,IM,4.0,8,0.0,4.0,4.0,N,,08/2021,Analyst
53-4013.00,1.A.1.a.1,Oral Comprehension,LV,3.88,8,0.125,3.63,4.12,N,N,08/2021,Analyst
53-4013.00,1.A.1.a.2,Written Comprehension,IM,3.0,8,0.0,3.0,3.0,N,,08/2021,Analyst
53-4013.00,1.A.1.a.2,Written Comprehension,LV,3.12,8,0.125,2.88,3.37,N,N,08/2021,Analyst
53-4013.00,1.A.1.a.3,Oral Expression,IM,3.62,8,0.183,3.2664,3.9836,N,,08/2021,Analyst
53-4013.00,1.A.1.a.3,Oral Expression,LV,3.75,8,0.1637,3.4292,4.0708,N,N,08/2021,Analyst
53-4013.00,1.A.1.a.4,Written Expression,IM,2.75,8,0.1637,2.4292,3.0708,N,,08/2021,Analyst
53-4013.00,1.A.1.a.4,Written Expression,LV,2.62,8,0.183,2.2664,2.9836,N,N,08/2021,Analyst
53-4013.00,1.A.1.b.1,Fluency of Ideas,IM,2.62,8,0.183,2.2664,2.9836,N,,08/2021,Analyst
53-4013.00,1.A.1.b.1,Fluency of Ideas,LV,2.12,8,0.125,1.88,2.37,N,N,08/2021,Analyst
53-4013.00,1.A.1.b.2,Originality,IM,2.0,8,0.0,2.0,2.0,N,,08/2021,Analyst
53-4013.00,1.A.1.b.2,Originality,LV,2.0,8,0.0,2.0,2.0,N,N,08/2021,Analyst
53-4013.00,1.A.1.b.3,Problem Sensitivity,IM,4.0,8,0.0,4.0,4.0,N,,08/2021,Analyst
53-4013.00,1.A.1.b.3,Problem Sensitivity,LV,4.12,8,0.125,3.88,4.37,N,N,08/2021,Analyst
53-4013.00,1.A.1.b.4,Deductive Reasoning,IM,3.25,8,0.1637,2.9292,3.5708,N,,08/2021,Analyst
53-4013.00,1.A.1.b.4,Deductive Reasoning,LV,3.12,8,0.125,2.88,3.37,N,N,08/2021,Analyst
53-4013.00,1.A.1.b.5,Inductive Reasoning,IM,3.0,8,0.0,3.0,3.0,N,,08/2021,Analyst
53-4013.00,1.A.1.b.5,Inductive Reasoning,LV,3.0,8,0.0,3.0,3.0,N,N,08/2021,Analyst
53-4013.00,1.A.1.b.6,Information Ordering,IM,3.12,8,0.125,2.88,3.37,N,,08/2021,Analyst
53-4013.00,1.A.1.b.6,Information Ordering,LV,3.0,8,0.0,3.0,3.0,N,N,08/2021,Analyst
53-4013.00,1.A.1.b.7,Category Flexibility,IM,2.88,8,0.125,2.63,3.12,N,,08/2021,Analyst
53-4013.00,1.A.1.b.7,Category Flexibility,LV,2.88,8,0.125,2.63,3.12,N,N,08/2021,Analyst
53-4013.00,1.A.1.c.1,Mathematical Reasoning,IM,2.0,8,0.0,2.0,2.0,N,,08/2021,Analyst
53-4013.00,1.A.1.c.1,Mathematical Reasoning,LV,2.0,8,0.0,2.0,2.0,N,N,08/2021,Analyst
53-4013.00,1.A.1.c.2,Number Facility,IM,2.0,8,0.0,2.0,2.0,N,,08/2021,Analyst
53-4013.00,1.A.1.c.2,Number Facility,LV,2.0,8,0.0,2.0,2.0,N,N,08/2021,Analyst
53-4013.00,1.A.1.d.1,Memorization,IM,2.12,8,0.125,1.88,2.37,N,,08/2021,Analyst
53-4013.00,1.A.1.d.1,Memorization,LV,2.12,8,0.125,1.88,2.37,N,N,08/2021,Analyst
53-4013.00,1.A.1.e.1,Speed of Closure,IM,2.62,8,0.183,2.2664,2.9836,N,,08/2021,Analyst
53-4013.00,1.A.1.e.1,Speed of Closure,LV,2.75,8,0.1637,2.4292,3.0708,N,N,08/2021,Analyst
53-4013.00,1.A.1.e.2,Flexibility of Closure,IM,3.12,8,0.125,2.88,3.37,N,,08/2021,Analyst
53-4013.00,1.A.1.e.2,Flexibility of Closure,LV,3.12,8,0.125,2.88,3.37,N,N,08/2021,Analyst
53-4013.00,1.A.1.e.3,Perceptual Speed,IM,3.12,8,0.125,2.88,3.37,N,,08/2021,Analyst
53-4013.00,1.A.1.e.3,Perceptual Speed,LV,3.12,8,0.125,2.88,3.37,N,N,08/2021,Analyst
53-4013.00,1.A.1.f.1,Spatial Orientation,IM,3.0,8,0.189,2.6296,3.3704,N,,08/2021,Analyst
53-4013.00,1.A.1.f.1,Spatial Orientation,LV,3.0,8,0.189,2.6296,3.3704,N,N,08/2021,Analyst
53-4013.00,1.A.1.f.2,Visualization,IM,3.12,8,0.125,2.88,3.37,N,,08/2021,Analyst
53-4013.00,1.A.1.f.2,Visualization,LV,3.25,8,0.1637,2.9292,3.5708,N,N,08/2021,Analyst
53-4013.00,1.A.1.g.1,Selective Attention,IM,3.38,8,0.183,3.0164,3.7336,N,,08/2021,Analyst
53-4013.00,1.A.1.g.1,Selective Attention,LV,3.25,8,0.1637,2.9292,3.5708,N,N,08/2021,Analyst
53-4013.00,1.A.1.g.2,Time Sharing,IM,3.0,8,0.0,3.0,3.0,N,,08/2021,Analyst
53-4013.00,1.A.1.g.2,Time Sharing,LV,3.0,8,0.0,3.0,3.0,N,N,08/2021,Analyst
53-4013.00,1.A.2.a.1,Arm-Hand Steadiness,IM,3.38,8,0.183,3.0164,3.7336,N,,08/2021,Analyst
53-4013.00,1.A.2.a.1,Arm-Hand Steadiness,LV,3.0,8,0.0,3.0,3.0,N,N,08/2021,Analyst
53-4013.00,1.A.2.a.2,Manual Dexterity,IM,3.38,8,0.183,3.0164,3.7336,N,,08/2021,Analyst
53-4013.00,1.A.2.a.2,Manual Dexterity,LV,3.0,8,0.0,3.0,3.0,N,N,08/2021,Analyst
53-4013.00,1.A.2.a.3,Finger Dexterity,IM,3.0,8,0.0,3.0,3.0,N,,08/2021,Analyst
53-4013.00,1.A.2.a.3,Finger Dexterity,LV,2.88,8,0.125,2.63,3.12,N,N,08/2021,Analyst
53-4013.00,1.A.2.b.1,Control Precision,IM,3.75,8,0.1637,3.4292,4.0708,N,,08/2021,Analyst
53-4013.00,1.A.2.b.1,Control Precision,LV,3.75,8,0.1637,3.4292,4.0708,N,N,08/2021,Analyst
53-4013.00,1.A.2.b.2,Multilimb Coordination,IM,3.25,8,0.1637,2.9292,3.5708,N,,08/2021,Analyst
53-4013.00,1.A.2.b.2,Multilimb Coordination,LV,3.75,8,0.1637,3.4292,4.0708,N,N,08/2021,Analyst
53-4013.00,1.A.2.b.3,Response Orientation,IM,3.62,8,0.183,3.2664,3.9836,N,,08/2021,Analyst
53-4013.00,1.A.2.b.3,Response Orientation,LV,3.75,8,0.1637,3.4292,4.0708,N,N,08/2021,Analyst
53-4013.00,1.A.2.b.4,Rate Control,IM,3.38,8,0.183,3.0164,3.7336,N,,08/2021,Analyst
53-4013.00,1.A.2.b.4,Rate Control,LV,3.0,8,0.0,3.0,3.0,N,N,08/2021,Analyst
53-4013.00,1.A.2.c.1,Reaction Time,IM,3.75,8,0.1637,3.4292,4.0708,N,,08/2021,Analyst
53-4013.00,1.A.2.c.1,Reaction Time,LV,3.88,8,0.125,3.63,4.12,N,N,08/2021,Analyst
53-4013.00,1.A.2.c.2,Wrist-Finger Speed,IM,2.75,8,0.1637,2.4292,3.0708,N,,08/2021,Analyst
53-4013.00,1.A.2.c.2,Wrist-Finger Speed,LV,2.25,8,0.1637,1.9292,2.5708,N,N,08/2021,Analyst
53-4013.00,1.A.2.c.3,Speed of Limb Movement,IM,2.62,8,0.183,2.2664,2.9836,N,,08/2021,Analyst
53-4013.00,1.A.2.c.3,Speed of Limb Movement,LV,2.5,8,0.189,2.1296,2.8704,N,N,08/2021,Analyst
53-4013.00,1.A.3.a.1,Static Strength,IM,3.0,8,0.189,2.6296,3.3704,N,,08/2021,Analyst
53-4013.00,1.A.3.a.1,Static Strength,LV,3.12,8,0.125,2.88,3.37,N,N,08/2021,Analyst
53-4013.00,1.A.3.a.2,Explosive Strength,IM,1.75,8,0.25,1.26,2.24,N,,08/2021,Analyst
53-4013.00,1.A.3.a.2,Explosive Strength,LV,0.88,8,0.3504,0.1883,1.5617,N,N,08/2021,Analyst
53-4013.00,1.A.3.a.3,Dynamic Strength,IM,2.38,8,0.183,2.0164,2.7336,N,,08/2021,Analyst
53-4013.00,1.A.3.a.3,Dynamic Strength,LV,2.25,8,0.1637,1.9292,2.5708,N,N,08/2021,Analyst
53-4013.00,1.A.3.a.4,Trunk Strength,IM,3.12,8,0.125,2.88,3.37,N,,08/2021,Analyst
53-4013.00,1.A.3.a.4,Trunk Strength,LV,3.0,8,0.0,3.0,3.0,N,N,08/2021,Analyst
53-4013.00,1.A.3.b.1,Stamina,IM,2.25,8,0.1637,1.9292,2.5708,N,,08/2021,Analyst
53-4013.00,1.A.3.b.1,Stamina,LV,2.12,8,0.125,1.88,2.37,N,N,08/2021,Analyst
53-4013.00,1.A.3.c.1,Extent Flexibility,IM,2.88,8,0.125,2.63,3.12,N,,08/2021,Analyst
53-4013.00,1.A.3.c.1,Extent Flexibility,LV,3.12,8,0.125,2.88,3.37,N,N,08/2021,Analyst
53-4013.00,1.A.3.c.2,Dynamic Flexibility,IM,1.12,8,0.125,1.0,1.37,N,,08/2021,Analyst
53-4013.00,1.A.3.c.2,Dynamic Flexibility,LV,0.12,8,0.125,0.0,0.37,N,Y,08/2021,Analyst
53-4013.00,1.A.3.c.3,Gross Body Coordination,IM,2.62,8,0.183,2.2664,2.9836,N,,08/2021,Analyst
53-4013.00,1.A.3.c.3,Gross Body Coordination,LV,2.75,8,0.1637,2.4292,3.0708,N,N,08/2021,Analyst
53-4013.00,1.A.3.c.4,Gross Body Equilibrium,IM,2.88,8,0.125,2.63,3.12,N,,08/2021,Analyst
53-4013.00,1.A.3.c.4,Gross Body Equilibrium,LV,2.75,8,0.1637,2.4292,3.0708,N,N,08/2021,Analyst
53-4013.00,1.A.4.a.1,Near Vision,IM,3.62,8,0.183,3.2664,3.9836,N,,08/2021,Analyst
53-4013.00,1.A.4.a.1,Near Vision,LV,3.38,8,0.183,3.0164,3.7336,N,N,08/2021,Analyst
53-4013.00,1.A.4.a.2,Far Vision,IM,3.88,8,0.125,3.63,4.12,N,,08/2021,Analyst
53-4013.00,1.A.4.a.2,Far Vision,LV,4.12,8,0.125,3.88,4.37,N,N,08/2021,Analyst
53-4013.00,1.A.4.a.3,Visual Color Discrimination,IM,3.62,8,0.183,3.2664,3.9836,N,,08/2021,Analyst
53-4013.00,1.A.4.a.3,Visual Color Discrimination,LV,3.12,8,0.2266,2.6809,3.5691,N,N,08/2021,Analyst
53-4013.00,1.A.4.a.4,Night Vision,IM,2.0,8,0.189,1.6296,2.3704,N,,08/2021,Analyst
53-4013.00,1.A.4.a.4,Night Vision,LV,1.75,8,0.25,1.26,2.24,N,N,08/2021,Analyst
53-4013.00,1.A.4.a.5,Peripheral Vision,IM,2.88,8,0.125,2.63,3.12,N,,08/2021,Analyst
53-4013.00,1.A.4.a.5,Peripheral Vision,LV,2.5,8,0.189,2.1296,2.8704,N,N,08/2021,Analyst
53-4013.00,1.A.4.a.6,Depth Perception,IM,3.25,8,0.1637,2.9292,3.5708,N,,08/2021,Analyst
53-4013.00,1.A.4.a.6,Depth Perception,LV,3.12,8,0.125,2.88,3.37,N,N,08/2021,Analyst
53-4013.00,1.A.4.a.7,Glare Sensitivity,IM,2.75,8,0.1637,2.4292,3.0708,N,,08/2021,Analyst
53-4013.00,1.A.4.a.7,Glare Sensitivity,LV,2.88,8,0.125,2.63,3.12,N,N,08/2021,Analyst
53-4013.00,1.A.4.b.1,Hearing Sensitivity,IM,2.88,8,0.125,2.63,3.12,N,,08/2021,Analyst
53-4013.00,1.A.4.b.1,Hearing Sensitivity,LV,2.88,8,0.125,2.63,3.12,N,N,08/2021,Analyst
53-4013.00,1.A.4.b.2,Auditory Attention,IM,3.12,8,0.125,2.88,3.37,N,,08/2021,Analyst
53-4013.00,1.A.4.b.2,Auditory Attention,LV,3.5,8,0.189,3.1296,3.8704,N,N,08/2021,Analyst
53-4013.00,1.A.4.b.3,Sound Localization,IM,2.5,8,0.2673,1.9762,3.0238,N,,08/2021,Analyst
53-4013.00,1.A.4.b.3,Sound Localization,LV,1.88,8,0.295,1.2967,2.4533,N,N,08/2021,Analyst
53-4013.00,1.A.4.b.4,Speech Recognition,IM,3.25,8,0.1637,2.9292,3.5708,N,,08/2021,Analyst
53-4013.00,1.A.4.b.4,Speech Recognition,LV,3.12,8,0.125,2.88,3.37,N,N,08/2021,Analyst
53-4013.00,1.A.4.b.5,Speech Clarity,IM,3.5,8,0.189,3.1296,3.8704,N,,08/2021,Analyst
53-4013.00,1.A.4.b.5,Speech Clarity,LV,3.0,8,0.0,3.0,3.0,N,N,08/2021,Analyst
53-4022.00,1.A.1.a.1,Oral Comprehension,IM,3.62,8,0.183,3.2664,3.9836,N,,08/2024,Analyst
53-4022.00,1.A.1.a.1,Oral Comprehension,LV,3.62,8,0.183,3.2664,3.9836,N,N,08/2024,Analyst
53-4022.00,1.A.1.a.2,Written Comprehension,IM,3.25,8,0.25,2.76,3.74,N,,08/2024,Analyst
53-4022.00,1.A.1.a.2,Written Comprehension,LV,3.25,8,0.1637,2.9292,3.5708,N,N,08/2024,Analyst
53-4022.00,1.A.1.a.3,Oral Expression,IM,3.25,8,0.1637,2.9292,3.5708,N,,08/2024,Analyst
53-4022.00,1.A.1.a.3,Oral Expression,LV,3.25,8,0.1637,2.9292,3.5708,N,N,08/2024,Analyst
53-4022.00,1.A.1.a.4,Written Expression,IM,2.88,8,0.2266,2.4309,3.3191,N,,08/2024,Analyst
53-4022.00,1.A.1.a.4,Written Expression,LV,2.62,8,0.3239,1.9902,3.2598,N,N,08/2024,Analyst
53-4022.00,1.A.1.b.1,Fluency of Ideas,IM,2.38,8,0.183,2.0164,2.7336,N,,08/2024,Analyst
53-4022.00,1.A.1.b.1,Fluency of Ideas,LV,2.38,8,0.183,2.0164,2.7336,N,N,08/2024,Analyst
53-4022.00,1.A.1.b.2,Originality,IM,2.5,8,0.2673,1.9762,3.0238,N,,08/2024,Analyst
53-4022.00,1.A.1.b.2,Originality,LV,2.5,8,0.2673,1.9762,3.0238,N,N,08/2024,Analyst
53-4022.00,1.A.1.b.3,Problem Sensitivity,IM,3.5,8,0.189,3.1296,3.8704,N,,08/2024,Analyst
53-4022.00,1.A.1.b.3,Problem Sensitivity,LV,3.12,8,0.125,2.88,3.37,N,N,08/2024,Analyst
53-4022.00,1.A.1.b.4,Deductive Reasoning,IM,3.25,8,0.1637,2.9292,3.5708,N,,08/2024,Analyst
53-4022.00,1.A.1.b.4,Deductive Reasoning,LV,3.12,8,0.125,2.88,3.37,N,N,08/2024,Analyst
53-4022.00,1.A.1.b.5,Inductive Reasoning,IM,3.25,8,0.1637,2.9292,3.5708,N,,08/2024,Analyst
53-4022.00,1.A.1.b.5,Inductive Reasoning,LV,3.0,8,0.189,2.6296,3.3704,N,N,08/2024,Analyst
53-4022.00,1.A.1.b.6,Information Ordering,IM,3.25,8,0.1637,2.9292,3.5708,N,,08/2024,Analyst
53-4022.00,1.A.1.b.6,Information Ordering,LV,3.0,8,0.189,2.6296,3.3704,N,N,08/2024,Analyst
53-4022.00,1.A.1.b.7,Category Flexibility,IM,2.88,8,0.125,2.63,3.12,N,,08/2024,Analyst
53-4022.00,1.A.1.b.7,Category Flexibility,LV,2.62,8,0.2631,2.1094,3.1406,N,N,08/2024,Analyst
53-4022.00,1.A.1.c.1,Mathematical Reasoning,IM,2.0,8,0.189,1.6296,2.3704,N,,08/2024,Analyst
53-4022.00,1.A.1.c.1,Mathematical Reasoning,LV,1.75,8,0.3134,1.1358,2.3642,N,N,08/2024,Analyst
53-4022.00,1.A.1.c.2,Number Facility,IM,2.25,8,0.1637,1.9292,2.5708,N,,08/2024,Analyst
53-4022.00,1.A.1.c.2,Number Facility,LV,2.0,8,0.2673,1.4762,2.5238,N,N,08/2024,Analyst
53-4022.00,1.A.1.d.1,Memorization,IM,1.88,8,0.125,1.63,2.12,N,,08/2024,Analyst
53-4022.00,1.A.1.d.1,Memorization,LV,1.75,8,0.3134,1.1358,2.3642,N,N,08/2024,Analyst
53-4022.00,1.A.1.e.1,Speed of Closure,IM,2.75,8,0.25,2.26,3.24,N,,08/2024,Analyst
53-4022.00,1.A.1.e.1,Speed of Closure,LV,2.25,8,0.25,1.76,2.74,N,N,08/2024,Analyst
53-4022.00,1.A.1.e.2,Flexibility of Closure,IM,3.12,8,0.295,2.5467,3.7033,N,,08/2024,Analyst
53-4022.00,1.A.1.e.2,Flexibility of Closure,LV,3.0,8,0.189,2.6296,3.3704,N,N,08/2024,Analyst
53-4022.00,1.A.1.e.3,Perceptual Speed,IM,3.5,8,0.2673,2.9762,4.0238,N,,08/2024,Analyst
53-4022.00,1.A.1.e.3,Perceptual Speed,LV,3.12,8,0.2266,2.6809,3.5691,N,N,08/2024,Analyst
53-4022.00,1.A.1.f.1,Spatial Orientation,IM,2.5,8,0.189,2.1296,2.8704,N,,08/2024,Analyst
53-4022.00,1.A.1.f.1,Spatial Orientation,LV,2.25,8,0.1637,1.9292,2.5708,N,N,08/2024,Analyst
53-4022.00,1.A.1.f.2,Visualization,IM,3.0,8,0.3273,2.3584,3.6416,N,,08/2024,Analyst
53-4022.00,1.A.1.f.2,Visualization,LV,2.62,8,0.183,2.2664,2.9836,N,N,08/2024,Analyst
53-4022.00,1.A.1.g.1,Selective Attention,IM,3.0,8,0.189,2.6296,3.3704,N,,08/2024,Analyst
53-4022.00,1.A.1.g.1,Selective Attention,LV,3.0,8,0.189,2.6296,3.3704,N,N,08/2024,Analyst
53-4022.00,1.A.1.g.2,Time Sharing,IM,3.0,8,0.3273,2.3584,3.6416,N,,08/2024,Analyst
53-4022.00,1.A.1.g.2,Time Sharing,LV,3.12,8,0.295,2.5467,3.7033,N,N,08/2024,Analyst
53-4022.00,1.A.2.a.1,Arm-Hand Steadiness,IM,3.62,8,0.183,3.2664,3.9836,N,,08/2024,Analyst
53-4022.00,1.A.2.a.1,Arm-Hand Steadiness,LV,2.88,8,0.2266,2.4309,3.3191,N,N,08/2024,Analyst
53-4022.00,1.A.2.a.2,Manual Dexterity,IM,3.38,8,0.2631,2.8594,3.8906,N,,08/2024,Analyst
53-4022.00,1.A.2.a.2,Manual Dexterity,LV,3.0,8,0.189,2.6296,3.3704,N,N,08/2024,Analyst
53-4022.00,1.A.2.a.3,Finger Dexterity,IM,3.0,8,0.2673,2.4762,3.5238,N,,08/2024,Analyst
53-4022.00,1.A.2.a.3,Finger Dexterity,LV,2.75,8,0.1637,2.4292,3.0708,N,N,08/2024,Analyst
53-4022.00,1.A.2.b.1,Control Precision,IM,3.75,8,0.1637,3.4292,4.0708,N,,08/2024,Analyst
53-4022.00,1.A.2.b.1,Control Precision,LV,3.62,8,0.183,3.2664,3.9836,N,N,08/2024,Analyst
53-4022.00,1.A.2.b.2,Multilimb Coordination,IM,3.38,8,0.183,3.0164,3.7336,N,,08/2024,Analyst
53-4022.00,1.A.2.b.2,Multilimb Coordination,LV,3.38,8,0.183,3.0164,3.7336,N,N,08/2024,Analyst
53-4022.00,1.A.2.b.3,Response Orientation,IM,3.38,8,0.2631,2.8594,3.8906,N,,08/2024,Analyst
53-4022.00,1.A.2.b.3,Response Orientation,LV,3.25,8,0.25,2.76,3.74,N,N,08/2024,Analyst
53-4022.00,1.A.2.b.4,Rate Control,IM,3.38,8,0.183,3.0164,3.7336,N,,08/2024,Analyst
53-4022.00,1.A.2.b.4,Rate Control,LV,3.25,8,0.1637,2.9292,3.5708,N,N,08/2024,Analyst
53-4022.00,1.A.2.c.1,Reaction Time,IM,3.5,8,0.189,3.1296,3.8704,N,,08/2024,Analyst
53-4022.00,1.A.2.c.1,Reaction Time,LV,3.75,8,0.25,3.26,4.24,N,N,08/2024,Analyst
53-4022.00,1.A.2.c.2,Wrist-Finger Speed,IM,2.62,8,0.2631,2.1094,3.1406,N,,08/2024,Analyst
53-4022.00,1.A.2.c.2,Wrist-Finger Speed,LV,2.12,8,0.2266,1.6809,2.5691,N,N,08/2024,Analyst
53-4022.00,1.A.2.c.3,Speed of Limb Movement,IM,1.88,8,0.3981,1.0947,2.6553,N,,08/2024,Analyst
53-4022.00,1.A.2.c.3,Speed of Limb Movement,LV,0.88,8,0.3981,0.0947,1.6553,N,N,08/2024,Analyst
53-4022.00,1.A.3.a.1,Static Strength,IM,2.75,8,0.1637,2.4292,3.0708,N,,08/2024,Analyst
53-4022.00,1.A.3.a.1,Static Strength,LV,2.88,8,0.2266,2.4309,3.3191,N,N,08/2024,Analyst
53-4022.00,1.A.3.a.2,Explosive Strength,IM,2.62,8,0.2631,2.1094,3.1406,N,,08/2024,Analyst
53-4022.00,1.A.3.a.2,Explosive Strength,LV,2.38,8,0.375,1.64,3.11,N,N,08/2024,Analyst
53-4022.00,1.A.3.a.3,Dynamic Strength,IM,2.75,8,0.1637,2.4292,3.0708,N,,08/2024,Analyst
53-4022.00,1.A.3.a.3,Dynamic Strength,LV,2.62,8,0.183,2.2664,2.9836,N,N,08/2024,Analyst
53-4022.00,1.A.3.a.4,Trunk Strength,IM,3.0,8,0.0,3.0,3.0,N,,08/2024,Analyst
53-4022.00,1.A.3.a.4,Trunk Strength,LV,3.25,8,0.1637,2.9292,3.5708,N,N,08/2024,Analyst
53-4022.00,1.A.3.b.1,Stamina,IM,2.5,8,0.189,2.1296,2.8704,N,,08/2024,Analyst
53-4022.00,1.A.3.b.1,Stamina,LV,2.5,8,0.3273,1.8584,3.1416,N,N,08/2024,Analyst
53-4022.00,1.A.3.c.1,Extent Flexibility,IM,2.88,8,0.125,2.63,3.12,N,,08/2024,Analyst
53-4022.00,1.A.3.c.1,Extent Flexibility,LV,3.12,8,0.2266,2.6809,3.5691,N,N,08/2024,Analyst
53-4022.00,1.A.3.c.2,Dynamic Flexibility,IM,1.38,8,0.2631,1.0,1.8906,N,,08/2024,Analyst
53-4022.00,1.A.3.c.2,Dynamic Flexibility,LV,0.5,8,0.378,0.0,1.2408,N,Y,08/2024,Analyst
53-4022.00,1.A.3.c.3,Gross Body Coordination,IM,2.75,8,0.25,2.26,3.24,N,,08/2024,Analyst
53-4022.00,1.A.3.c.3,Gross Body Coordination,LV,2.5,8,0.189,2.1296,2.8704,N,N,08/2024,Analyst
53-4022.00,1.A.3.c.4,Gross Body Equilibrium,IM,2.38,8,0.183,2.0164,2.7336,N,,08/2024,Analyst
53-4022.00,1.A.3.c.4,Gross Body Equilibrium,LV,2.88,8,0.2266,2.4309,3.3191,N,N,08/2024,Analyst
53-4022.00,1.A.4.a.1,Near Vision,IM,3.75,8,0.1637,3.4292,4.0708,N,,08/2024,Analyst
53-4022.00,1.A.4.a.1,Near Vision,LV,3.5,8,0.189,3.1296,3.8704,N,N,08/2024,Analyst
53-4022.00,1.A.4.a.2,Far Vision,IM,3.62,8,0.2631,3.1094,4.1406,N,,08/2024,Analyst
53-4022.00,1.A.4.a.2,Far Vision,LV,3.75,8,0.25,3.26,4.24,N,N,08/2024,Analyst
53-4022.00,1.A.4.a.3,Visual Color Discrimination,IM,3.12,8,0.295,2.5467,3.7033,N,,08/2024,Analyst
53-4022.00,1.A.4.a.3,Visual Color Discrimination,LV,3.12,8,0.3981,2.3447,3.9053,N,N,08/2024,Analyst
53-4022.00,1.A.4.a.4,Night Vision,IM,2.62,8,0.2631,2.1094,3.1406,N,,08/2024,Analyst
53-4022.00,1.A.4.a.4,Night Vision,LV,2.5,8,0.189,2.1296,2.8704,N,N,08/2024,Analyst
53-4022.00,1.A.4.a.5,Peripheral Vision,IM,2.25,8,0.3134,1.6358,2.8642,N,,08/2024,Analyst
53-4022.00,1.A.4.a.5,Peripheral Vision,LV,1.88,8,0.3981,1.0947,2.6553,N,N,08/2024,Analyst
53-4022.00,1.A.4.a.6,Depth Perception,IM,2.75,8,0.25,2.26,3.24,N,,08/2024,Analyst
53-4022.00,1.A.4.a.6,Depth Perception,LV,2.75,8,0.3134,2.1358,3.3642,N,N,08/2024,Analyst
53-4022.00,1.A.4.a.7,Glare Sensitivity,IM,2.38,8,0.2631,1.8594,2.8906,N,,08/2024,Analyst
53-4022.00,1.A.4.a.7,Glare Sensitivity,LV,2.38,8,0.4199,1.5519,3.1981,N,N,08/2024,Analyst
53-4022.00,1.A.4.b.1,Hearing Sensitivity,IM,3.0,8,0.378,2.2592,3.7408,N,,08/2024,Analyst
53-4022.00,1.A.4.b.1,Hearing Sensitivity,LV,2.88,8,0.4407,2.0113,3.7387,N,N,08/2024,Analyst
53-4022.00,1.A.4.b.2,Auditory Attention,IM,3.12,8,0.3504,2.4383,3.8117,N,,08/2024,Analyst
53-4022.00,1.A.4.b.2,Auditory Attention,LV,3.12,8,0.5154,2.1148,4.1352,Y,N,08/2024,Analyst
53-4022.00,1.A.4.b.3,Sound Localization,IM,2.12,8,0.2266,1.6809,2.5691,N,,08/2024,Analyst
53-4022.00,1.A.4.b.3,Sound Localization,LV,1.88,8,0.3981,1.0947,2.6553,N,N,08/2024,Analyst
53-4022.00,1.A.4.b.4,Speech Recognition,IM,3.38,8,0.183,3.0164,3.7336,N,,08/2024,Analyst
53-4022.00,1.A.4.b.4,Speech Recognition,LV,3.0,8,0.0,3.0,3.0,N,N,08/2024,Analyst
53-4022.00,1.A.4.b.5,Speech Clarity,IM,3.25,8,0.1637,2.9292,3.5708,N,,08/2024,Analyst
53-4022.00,1.A.4.b.5,Speech Clarity,LV,2.88,8,0.125,2.63,3.12,N,N,08/2024,Analyst
53-4031.00,1.A.1.a.1,Oral Comprehension,IM,3.88,8,0.125,3.63,4.12,N,,07/2013,Analyst
53-4031.00,1.A.1.a.1,Oral Comprehension,LV,4.0,8,0.0,4.0,4.0,N,N,07/2013,Analyst
53-4031.00,1.A.1.a.2,Written Comprehension,IM,3.25,8,0.1637,2.9292,3.5708,N,,07/2013,Analyst
53-4031.00,1.A.1.a.2,Written Comprehension,LV,3.0,8,0.0,3.0,3.0,N,N,07/2013,Analyst
53-4031.00,1.A.1.a.3,Oral Expression,IM,4.0,8,0.0,4.0,4.0,N,,07/2013,Analyst
53-4031.00,1.A.1.a.3,Oral Expression,LV,4.0,8,0.0,4.0,4.0,N,N,07/2013,Analyst
53-4031.00,1.A.1.a.4,Written Expression,IM,3.12,8,0.2266,2.6809,3.5691,N,,07/2013,Analyst
53-4031.00,1.A.1.a.4,Written Expression,LV,3.0,8,0.0,3.0,3.0,N,N,07/2013,Analyst
53-4031.00,1.A.1.b.1,Fluency of Ideas,IM,2.62,8,0.183,2.2664,2.9836,N,,07/2013,Analyst
53-4031.00,1.A.1.b.1,Fluency of Ideas,LV,2.75,8,0.1637,2.4292,3.0708,N,N,07/2013,Analyst
53-4031.00,1.A.1.b.2,Originality,IM,2.62,8,0.183,2.2664,2.9836,N,,07/2013,Analyst
53-4031.00,1.A.1.b.2,Originality,LV,2.75,8,0.1637,2.4292,3.0708,N,N,07/2013,Analyst
53-4031.00,1.A.1.b.3,Problem Sensitivity,IM,3.88,8,0.125,3.63,4.12,N,,07/2013,Analyst
53-4031.00,1.A.1.b.3,Problem Sensitivity,LV,3.75,8,0.1637,3.4292,4.0708,N,N,07/2013,Analyst
53-4031.00,1.A.1.b.4,Deductive Reasoning,IM,3.38,8,0.183,3.0164,3.7336,N,,07/2013,Analyst
53-4031.00,1.A.1.b.4,Deductive Reasoning,LV,3.75,8,0.1637,3.4292,4.0708,N,N,07/2013,Analyst
53-4031.00,1.A.1.b.5,Inductive Reasoning,IM,3.38,8,0.183,3.0164,3.7336,N,,07/2013,Analyst
53-4031.00,1.A.1.b.5,Inductive Reasoning,LV,3.12,8,0.125,2.88,3.37,N,N,07/2013,Analyst
53-4031.00,1.A.1.b.6,Information Ordering,IM,3.5,8,0.189,3.1296,3.8704,N,,07/2013,Analyst
53-4031.00,1.A.1.b.6,Information Ordering,LV,3.75,8,0.1637,3.4292,4.0708,N,N,07/2013,Analyst
53-4031.00,1.A.1.b.7,Category Flexibility,IM,3.12,8,0.125,2.88,3.37,N,,07/2013,Analyst
53-4031.00,1.A.1.b.7,Category Flexibility,LV,3.12,8,0.125,2.88,3.37,N,N,07/2013,Analyst
53-4031.00,1.A.1.c.1,Mathematical Reasoning,IM,2.38,8,0.183,2.0164,2.7336,N,,07/2013,Analyst
53-4031.00,1.A.1.c.1,Mathematical Reasoning,LV,2.12,8,0.125,1.88,2.37,N,N,07/2013,Analyst
53-4031.00,1.A.1.c.2,Number Facility,IM,2.38,8,0.183,2.0164,2.7336,N,,07/2013,Analyst
53-4031.00,1.A.1.c.2,Number Facility,LV,2.25,8,0.1637,1.9292,2.5708,N,N,07/2013,Analyst
53-4031.00,1.A.1.d.1,Memorization,IM,2.25,8,0.1637,1.9292,2.5708,N,,07/2013,Analyst
53-4031.00,1.A.1.d.1,Memorization,LV,2.0,8,0.0,2.0,2.0,N,N,07/2013,Analyst
53-4031.00,1.A.1.e.1,Speed of Closure,IM,2.75,8,0.1637,2.4292,3.0708,N,,07/2013,Analyst
53-4031.00,1.A.1.e.1,Speed of Closure,LV,2.38,8,0.183,2.0164,2.7336,N,N,07/2013,Analyst
53-4031.00,1.A.1.e.2,Flexibility of Closure,IM,3.0,8,0.0,3.0,3.0,N,,07/2013,Analyst
53-4031.00,1.A.1.e.2,Flexibility of Closure,LV,3.0,8,0.0,3.0,3.0,N,N,07/2013,Analyst
53-4031.00,1.A.1.e.3,Perceptual Speed,IM,3.12,8,0.125,2.88,3.37,N,,07/2013,Analyst
53-4031.00,1.A.1.e.3,Perceptual Speed,LV,3.12,8,0.125,2.88,3.37,N,N,07/2013,Analyst
53-4031.00,1.A.1.f.1,Spatial Orientation,IM,2.5,8,0.189,2.1296,2.8704,N,,07/2013,Analyst
53-4031.00,1.A.1.f.1,Spatial Orientation,LV,2.25,8,0.1637,1.9292,2.5708,N,N,07/2013,Analyst
53-4031.00,1.A.1.f.2,Visualization,IM,3.12,8,0.125,2.88,3.37,N,,07/2013,Analyst
53-4031.00,1.A.1.f.2,Visualization,LV,3.38,8,0.183,3.0164,3.7336,N,N,07/2013,Analyst
53-4031.00,1.A.1.g.1,Selective Attention,IM,3.12,8,0.125,2.88,3.37,N,,07/2013,Analyst
53-4031.00,1.A.1.g.1,Selective Attention,LV,3.25,8,0.1637,2.9292,3.5708,N,N,07/2013,Analyst
53-4031.00,1.A.1.g.2,Time Sharing,IM,3.0,8,0.0,3.0,3.0,N,,07/2013,Analyst
53-4031.00,1.A.1.g.2,Time Sharing,LV,2.88,8,0.125,2.63,3.12,N,N,07/2013,Analyst
53-4031.00,1.A.2.a.1,Arm-Hand Steadiness,IM,2.88,8,0.125,2.63,3.12,N,,07/2013,Analyst
53-4031.00,1.A.2.a.1,Arm-Hand Steadiness,LV,2.88,8,0.125,2.63,3.12,N,N,07/2013,Analyst
53-4031.00,1.A.2.a.2,Manual Dexterity,IM,2.75,8,0.1637,2.4292,3.0708,N,,07/2013,Analyst
53-4031.00,1.A.2.a.2,Manual Dexterity,LV,2.62,8,0.183,2.2664,2.9836,N,N,07/2013,Analyst
53-4031.00,1.A.2.a.3,Finger Dexterity,IM,2.75,8,0.1637,2.4292,3.0708,N,,07/2013,Analyst
53-4031.00,1.A.2.a.3,Finger Dexterity,LV,2.75,8,0.1637,2.4292,3.0708,N,N,07/2013,Analyst
53-4031.00,1.A.2.b.1,Control Precision,IM,3.12,8,0.125,2.88,3.37,N,,07/2013,Analyst
53-4031.00,1.A.2.b.1,Control Precision,LV,3.12,8,0.125,2.88,3.37,N,N,07/2013,Analyst
53-4031.00,1.A.2.b.2,Multilimb Coordination,IM,2.88,8,0.125,2.63,3.12,N,,07/2013,Analyst
53-4031.00,1.A.2.b.2,Multilimb Coordination,LV,2.88,8,0.125,2.63,3.12,N,N,07/2013,Analyst
53-4031.00,1.A.2.b.3,Response Orientation,IM,2.62,8,0.2631,2.1094,3.1406,N,,07/2013,Analyst
53-4031.00,1.A.2.b.3,Response Orientation,LV,2.62,8,0.375,1.89,3.36,N,N,07/2013,Analyst
53-4031.00,1.A.2.b.4,Rate Control,IM,2.88,8,0.125,2.63,3.12,N,,07/2013,Analyst
53-4031.00,1.A.2.b.4,Rate Control,LV,2.88,8,0.125,2.63,3.12,N,N,07/2013,Analyst
53-4031.00,1.A.2.c.1,Reaction Time,IM,3.25,8,0.1637,2.9292,3.5708,N,,07/2013,Analyst
53-4031.00,1.A.2.c.1,Reaction Time,LV,3.5,8,0.189,3.1296,3.8704,N,N,07/2013,Analyst
53-4031.00,1.A.2.c.2,Wrist-Finger Speed,IM,1.88,8,0.125,1.63,2.12,N,,07/2013,Analyst
53-4031.00,1.A.2.c.2,Wrist-Finger Speed,LV,1.75,8,0.25,1.26,2.24,N,N,07/2013,Analyst
53-4031.00,1.A.2.c.3,Speed of Limb Movement,IM,2.5,8,0.189,2.1296,2.8704,N,,07/2013,Analyst
53-4031.00,1.A.2.c.3,Speed of Limb Movement,LV,2.0,8,0.189,1.6296,2.3704,N,N,07/2013,Analyst
53-4031.00,1.A.3.a.1,Static Strength,IM,2.62,8,0.183,2.2664,2.9836,N,,07/2013,Analyst
53-4031.00,1.A.3.a.1,Static Strength,LV,2.5,8,0.189,2.1296,2.8704,N,N,07/2013,Analyst
53-4031.00,1.A.3.a.2,Explosive Strength,IM,1.0,8,0.0,1.0,1.0,N,,07/2013,Analyst
53-4031.00,1.A.3.a.2,Explosive Strength,LV,0.0,8,0.0,0.0,0.0,N,Y,07/2013,Analyst
53-4031.00,1.A.3.a.3,Dynamic Strength,IM,2.0,8,0.189,1.6296,2.3704,N,,07/2013,Analyst
53-4031.00,1.A.3.a.3,Dynamic Strength,LV,1.62,8,0.2631,1.1094,2.1406,N,N,07/2013,Analyst
53-4031.00,1.A.3.a.4,Trunk Strength,IM,2.75,8,0.1637,2.4292,3.0708,N,,07/2013,Analyst
53-4031.00,1.A.3.a.4,Trunk Strength,LV,2.62,8,0.183,2.2664,2.9836,N,N,07/2013,Analyst
53-4031.00,1.A.3.b.1,Stamina,IM,2.5,8,0.189,2.1296,2.8704,N,,07/2013,Analyst
53-4031.00,1.A.3.b.1,Stamina,LV,2.38,8,0.2631,1.8594,2.8906,N,N,07/2013,Analyst
53-4031.00,1.A.3.c.1,Extent Flexibility,IM,2.5,8,0.189,2.1296,2.8704,N,,07/2013,Analyst
53-4031.00,1.A.3.c.1,Extent Flexibility,LV,2.75,8,0.1637,2.4292,3.0708,N,N,07/2013,Analyst
53-4031.00,1.A.3.c.2,Dynamic Flexibility,IM,1.0,8,0.0,1.0,1.0,N,,07/2013,Analyst
53-4031.00,1.A.3.c.2,Dynamic Flexibility,LV,0.0,8,0.0,0.0,0.0,N,Y,07/2013,Analyst
53-4031.00,1.A.3.c.3,Gross Body Coordination,IM,2.5,8,0.2673,1.9762,3.0238,N,,07/2013,Analyst
53-4031.00,1.A.3.c.3,Gross Body Coordination,LV,2.38,8,0.375,1.64,3.11,N,N,07/2013,Analyst
53-4031.00,1.A.3.c.4,Gross Body Equilibrium,IM,2.75,8,0.1637,2.4292,3.0708,N,,07/2013,Analyst
53-4031.00,1.A.3.c.4,Gross Body Equilibrium,LV,2.5,8,0.189,2.1296,2.8704,N,N,07/2013,Analyst
53-4031.00,1.A.4.a.1,Near Vision,IM,3.62,8,0.183,3.2664,3.9836,N,,07/2013,Analyst
53-4031.00,1.A.4.a.1,Near Vision,LV,3.5,8,0.189,3.1296,3.8704,N,N,07/2013,Analyst
53-4031.00,1.A.4.a.2,Far Vision,IM,3.62,8,0.183,3.2664,3.9836,N,,07/2013,Analyst
53-4031.00,1.A.4.a.2,Far Vision,LV,3.88,8,0.125,3.63,4.12,N,N,07/2013,Analyst
53-4031.00,1.A.4.a.3,Visual Color Discrimination,IM,2.75,8,0.1637,2.4292,3.0708,N,,07/2013,Analyst
53-4031.00,1.A.4.a.3,Visual Color Discrimination,LV,2.75,8,0.1637,2.4292,3.0708,N,N,07/2013,Analyst
53-4031.00,1.A.4.a.4,Night Vision,IM,1.88,8,0.125,1.63,2.12,N,,07/2013,Analyst
53-4031.00,1.A.4.a.4,Night Vision,LV,1.75,8,0.25,1.26,2.24,N,N,07/2013,Analyst
53-4031.00,1.A.4.a.5,Peripheral Vision,IM,2.25,8,0.1637,1.9292,2.5708,N,,07/2013,Analyst
53-4031.00,1.A.4.a.5,Peripheral Vision,LV,2.12,8,0.125,1.88,2.37,N,N,07/2013,Analyst
53-4031.00,1.A.4.a.6,Depth Perception,IM,3.0,8,0.189,2.6296,3.3704,N,,07/2013,Analyst
53-4031.00,1.A.4.a.6,Depth Perception,LV,3.0,8,0.0,3.0,3.0,N,N,07/2013,Analyst
53-4031.00,1.A.4.a.7,Glare Sensitivity,IM,2.25,8,0.1637,1.9292,2.5708,N,,07/2013,Analyst
53-4031.00,1.A.4.a.7,Glare Sensitivity,LV,2.62,8,0.183,2.2664,2.9836,N,N,07/2013,Analyst
53-4031.00,1.A.4.b.1,Hearing Sensitivity,IM,2.88,8,0.125,2.63,3.12,N,,07/2013,Analyst
53-4031.00,1.A.4.b.1,Hearing Sensitivity,LV,2.88,8,0.125,2.63,3.12,N,N,07/2013,Analyst
53-4031.00,1.A.4.b.2,Auditory Attention,IM,3.12,8,0.125,2.88,3.37,N,,07/2013,Analyst
53-4031.00,1.A.4.b.2,Auditory Attention,LV,3.88,8,0.125,3.63,4.12,N,N,07/2013,Analyst
53-4031.00,1.A.4.b.3,Sound Localization,IM,1.88,8,0.125,1.63,2.12,N,,07/2013,Analyst
53-4031.00,1.A.4.b.3,Sound Localization,LV,1.62,8,0.2631,1.1094,2.1406,N,N,07/2013,Analyst
53-4031.00,1.A.4.b.4,Speech Recognition,IM,3.62,8,0.183,3.2664,3.9836,N,,07/2013,Analyst
53-4031.00,1.A.4.b.4,Speech Recognition,LV,3.12,8,0.125,2.88,3.37,N,N,07/2013,Analyst
53-4031.00,1.A.4.b.5,Speech Clarity,IM,3.62,8,0.183,3.2664,3.9836,N,,07/2013,Analyst
53-4031.00,1.A.4.b.5,Speech Clarity,LV,3.5,8,0.189,3.1296,3.8704,N,N,07/2013,Analyst
53-4041.00,1.A.1.a.1,Oral Comprehension,IM,3.38,8,0.183,3.0164,3.7336,N,,08/2021,Analyst
53-4041.00,1.A.1.a.1,Oral Comprehension,LV,3.38,8,0.183,3.0164,3.7336,N,N,08/2021,Analyst
53-4041.00,1.A.1.a.2,Written Comprehension,IM,3.0,8,0.0,3.0,3.0,N,,08/2021,Analyst
53-4041.00,1.A.1.a.2,Written Comprehension,LV,3.0,8,0.0,3.0,3.0,N,N,08/2021,Analyst
53-4041.00,1.A.1.a.3,Oral Expression,IM,3.62,8,0.183,3.2664,3.9836,N,,08/2021,Analyst
53-4041.00,1.A.1.a.3,Oral Expression,LV,3.5,8,0.189,3.1296,3.8704,N,N,08/2021,Analyst
53-4041.00,1.A.1.a.4,Written Expression,IM,2.75,8,0.1637,2.4292,3.0708,N,,08/2021,Analyst
53-4041.00,1.A.1.a.4,Written Expression,LV,2.75,8,0.1637,2.4292,3.0708,N,N,08/2021,Analyst
53-4041.00,1.A.1.b.1,Fluency of Ideas,IM,2.0,8,0.0,2.0,2.0,N,,08/2021,Analyst
53-4041.00,1.A.1.b.1,Fluency of Ideas,LV,1.88,8,0.125,1.63,2.12,N,N,08/2021,Analyst
53-4041.00,1.A.1.b.2,Originality,IM,2.0,8,0.0,2.0,2.0,N,,08/2021,Analyst
53-4041.00,1.A.1.b.2,Originality,LV,1.88,8,0.125,1.63,2.12,N,N,08/2021,Analyst
53-4041.00,1.A.1.b.3,Problem Sensitivity,IM,3.75,8,0.1637,3.4292,4.0708,N,,08/2021,Analyst
53-4041.00,1.A.1.b.3,Problem Sensitivity,LV,3.12,8,0.125,2.88,3.37,N,N,08/2021,Analyst
53-4041.00,1.A.1.b.4,Deductive Reasoning,IM,3.62,8,0.183,3.2664,3.9836,N,,08/2021,Analyst
53-4041.00,1.A.1.b.4,Deductive Reasoning,LV,3.0,8,0.0,3.0,3.0,N,N,08/2021,Analyst
53-4041.00,1.A.1.b.5,Inductive Reasoning,IM,3.0,8,0.0,3.0,3.0,N,,08/2021,Analyst
53-4041.00,1.A.1.b.5,Inductive Reasoning,LV,3.0,8,0.0,3.0,3.0,N,N,08/2021,Analyst
53-4041.00,1.A.1.b.6,Information Ordering,IM,3.25,8,0.1637,2.9292,3.5708,N,,08/2021,Analyst
53-4041.00,1.A.1.b.6,Information Ordering,LV,3.0,8,0.0,3.0,3.0,N,N,08/2021,Analyst
53-4041.00,1.A.1.b.7,Category Flexibility,IM,3.0,8,0.0,3.0,3.0,N,,08/2021,Analyst
53-4041.00,1.A.1.b.7,Category Flexibility,LV,3.0,8,0.0,3.0,3.0,N,N,08/2021,Analyst
53-4041.00,1.A.1.c.1,Mathematical Reasoning,IM,2.38,8,0.183,2.0164,2.7336,N,,08/2021,Analyst
53-4041.00,1.A.1.c.1,Mathematical Reasoning,LV,1.88,8,0.125,1.63,2.12,N,N,08/2021,Analyst
53-4041.00,1.A.1.c.2,Number Facility,IM,2.62,8,0.183,2.2664,2.9836,N,,08/2021,Analyst
53-4041.00,1.A.1.c.2,Number Facility,LV,2.0,8,0.0,2.0,2.0,N,N,08/2021,Analyst
53-4041.00,1.A.1.d.1,Memorization,IM,2.12,8,0.125,1.88,2.37,N,,08/2021,Analyst
53-4041.00,1.A.1.d.1,Memorization,LV,2.62,8,0.183,2.2664,2.9836,N,N,08/2021,Analyst
53-4041.00,1.A.1.e.1,Speed of Closure,IM,2.62,8,0.183,2.2664,2.9836,N,,08/2021,Analyst
53-4041.00,1.A.1.e.1,Speed of Closure,LV,2.5,8,0.189,2.1296,2.8704,N,N,08/2021,Analyst
53-4041.00,1.A.1.e.2,Flexibility of Closure,IM,3.5,8,0.189,3.1296,3.8704,N,,08/2021,Analyst
53-4041.00,1.A.1.e.2,Flexibility of Closure,LV,3.0,8,0.0,3.0,3.0,N,N,08/2021,Analyst
53-4041.00,1.A.1.e.3,Perceptual Speed,IM,3.62,8,0.183,3.2664,3.9836,N,,08/2021,Analyst
53-4041.00,1.A.1.e.3,Perceptual Speed,LV,3.0,8,0.0,3.0,3.0,N,N,08/2021,Analyst
53-4041.00,1.A.1.f.1,Spatial Orientation,IM,2.88,8,0.125,2.63,3.12,N,,08/2021,Analyst
53-4041.00,1.A.1.f.1,Spatial Orientation,LV,2.88,8,0.125,2.63,3.12,N,N,08/2021,Analyst
53-4041.00,1.A.1.f.2,Visualization,IM,2.88,8,0.125,2.63,3.12,N,,08/2021,Analyst
53-4041.00,1.A.1.f.2,Visualization,LV,2.88,8,0.125,2.63,3.12,N,N,08/2021,Analyst
53-4041.00,1.A.1.g.1,Selective Attention,IM,3.62,8,0.183,3.2664,3.9836,N,,08/2021,Analyst
53-4041.00,1.A.1.g.1,Selective Attention,LV,3.25,8,0.1637,2.9292,3.5708,N,N,08/2021,Analyst
53-4041.00,1.A.1.g.2,Time Sharing,IM,3.25,8,0.1637,2.9292,3.5708,N,,08/2021,Analyst
53-4041.00,1.A.1.g.2,Time Sharing,LV,3.12,8,0.125,2.88,3.37,N,N,08/2021,Analyst
53-4041.00,1.A.2.a.1,Arm-Hand Steadiness,IM,3.62,8,0.183,3.2664,3.9836,N,,08/2021,Analyst
53-4041.00,1.A.2.a.1,Arm-Hand Steadiness,LV,2.88,8,0.125,2.63,3.12,N,N,08/2021,Analyst
53-4041.00,1.A.2.a.2,Manual Dexterity,IM,3.5,8,0.189,3.1296,3.8704,N,,08/2021,Analyst
53-4041.00,1.A.2.a.2,Manual Dexterity,LV,3.0,8,0.0,3.0,3.0,N,N,08/2021,Analyst
53-4041.00,1.A.2.a.3,Finger Dexterity,IM,3.0,8,0.0,3.0,3.0,N,,08/2021,Analyst
53-4041.00,1.A.2.a.3,Finger Dexterity,LV,2.88,8,0.125,2.63,3.12,N,N,08/2021,Analyst
53-4041.00,1.A.2.b.1,Control Precision,IM,4.12,8,0.125,3.88,4.37,N,,08/2021,Analyst
53-4041.00,1.A.2.b.1,Control Precision,LV,4.0,8,0.0,4.0,4.0,N,N,08/2021,Analyst
53-4041.00,1.A.2.b.2,Multilimb Coordination,IM,3.88,8,0.125,3.63,4.12,N,,08/2021,Analyst
53-4041.00,1.A.2.b.2,Multilimb Coordination,LV,3.88,8,0.125,3.63,4.12,N,N,08/2021,Analyst
53-4041.00,1.A.2.b.3,Response Orientation,IM,3.62,8,0.2631,3.1094,4.1406,N,,08/2021,Analyst
53-4041.00,1.A.2.b.3,Response Orientation,LV,3.62,8,0.2631,3.1094,4.1406,N,N,08/2021,Analyst
53-4041.00,1.A.2.b.4,Rate Control,IM,3.75,8,0.1637,3.4292,4.0708,N,,08/2021,Analyst
53-4041.00,1.A.2.b.4,Rate Control,LV,3.25,8,0.1637,2.9292,3.5708,N,N,08/2021,Analyst
53-4041.00,1.A.2.c.1,Reaction Time,IM,3.88,8,0.2266,3.4309,4.3191,N,,08/2021,Analyst
53-4041.00,1.A.2.c.1,Reaction Time,LV,4.38,8,0.2631,3.8594,4.8906,N,N,08/2021,Analyst
53-4041.00,1.A.2.c.2,Wrist-Finger Speed,IM,2.62,8,0.183,2.2664,2.9836,N,,08/2021,Analyst
53-4041.00,1.A.2.c.2,Wrist-Finger Speed,LV,1.88,8,0.125,1.63,2.12,N,N,08/2021,Analyst
53-4041.00,1.A.2.c.3,Speed of Limb Movement,IM,2.38,8,0.183,2.0164,2.7336,N,,08/2021,Analyst
53-4041.00,1.A.2.c.3,Speed of Limb Movement,LV,2.25,8,0.25,1.76,2.74,N,N,08/2021,Analyst
53-4041.00,1.A.3.a.1,Static Strength,IM,2.38,8,0.183,2.0164,2.7336,N,,08/2021,Analyst
53-4041.00,1.A.3.a.1,Static Strength,LV,2.0,8,0.0,2.0,2.0,N,N,08/2021,Analyst
53-4041.00,1.A.3.a.2,Explosive Strength,IM,2.0,8,0.0,2.0,2.0,N,,08/2021,Analyst
53-4041.00,1.A.3.a.2,Explosive Strength,LV,1.88,8,0.125,1.63,2.12,N,N,08/2021,Analyst
53-4041.00,1.A.3.a.3,Dynamic Strength,IM,2.12,8,0.125,1.88,2.37,N,,08/2021,Analyst
53-4041.00,1.A.3.a.3,Dynamic Strength,LV,2.0,8,0.189,1.6296,2.3704,N,N,08/2021,Analyst
53-4041.00,1.A.3.a.4,Trunk Strength,IM,2.38,8,0.183,2.0164,2.7336,N,,08/2021,Analyst
53-4041.00,1.A.3.a.4,Trunk Strength,LV,2.12,8,0.125,1.88,2.37,N,N,08/2021,Analyst
53-4041.00,1.A.3.b.1,Stamina,IM,2.0,8,0.0,2.0,2.0,N,,08/2021,Analyst
53-4041.00,1.A.3.b.1,Stamina,LV,2.0,8,0.0,2.0,2.0,N,N,08/2021,Analyst
53-4041.00,1.A.3.c.1,Extent Flexibility,IM,2.25,8,0.1637,1.9292,2.5708,N,,08/2021,Analyst
53-4041.00,1.A.3.c.1,Extent Flexibility,LV,1.75,8,0.3134,1.1358,2.3642,N,N,08/2021,Analyst
53-4041.00,1.A.3.c.2,Dynamic Flexibility,IM,1.0,8,0.0,1.0,1.0,N,,08/2021,Analyst
53-4041.00,1.A.3.c.2,Dynamic Flexibility,LV,0.0,8,0.0,0.0,0.0,N,Y,08/2021,Analyst
53-4041.00,1.A.3.c.3,Gross Body Coordination,IM,2.38,8,0.183,2.0164,2.7336,N,,08/2021,Analyst
53-4041.00,1.A.3.c.3,Gross Body Coordination,LV,2.12,8,0.125,1.88,2.37,N,N,08/2021,Analyst
53-4041.00,1.A.3.c.4,Gross Body Equilibrium,IM,2.0,8,0.0,2.0,2.0,N,,08/2021,Analyst
53-4041.00,1.A.3.c.4,Gross Body Equilibrium,LV,2.0,8,0.189,1.6296,2.3704,N,N,08/2021,Analyst
53-4041.00,1.A.4.a.1,Near Vision,IM,3.75,8,0.1637,3.4292,4.0708,N,,08/2021,Analyst
53-4041.00,1.A.4.a.1,Near Vision,LV,3.0,8,0.0,3.0,3.0,N,N,08/2021,Analyst
53-4041.00,1.A.4.a.2,Far Vision,IM,3.75,8,0.1637,3.4292,4.0708,N,,08/2021,Analyst
53-4041.00,1.A.4.a.2,Far Vision,LV,3.62,8,0.183,3.2664,3.9836,N,N,08/2021,Analyst
53-4041.00,1.A.4.a.3,Visual Color Discrimination,IM,3.0,8,0.0,3.0,3.0,N,,08/2021,Analyst
53-4041.00,1.A.4.a.3,Visual Color Discrimination,LV,3.0,8,0.0,3.0,3.0,N,N,08/2021,Analyst
53-4041.00,1.A.4.a.4,Night Vision,IM,2.75,8,0.1637,2.4292,3.0708,N,,08/2021,Analyst
53-4041.00,1.A.4.a.4,Night Vision,LV,2.12,8,0.125,1.88,2.37,N,N,08/2021,Analyst
53-4041.00,1.A.4.a.5,Peripheral Vision,IM,2.75,8,0.1637,2.4292,3.0708,N,,08/2021,Analyst
53-4041.00,1.A.4.a.5,Peripheral Vision,LV,2.5,8,0.189,2.1296,2.8704,N,N,08/2021,Analyst
53-4041.00,1.A.4.a.6,Depth Perception,IM,3.5,8,0.2673,2.9762,4.0238,N,,08/2021,Analyst
53-4041.00,1.A.4.a.6,Depth Perception,LV,3.0,8,0.0,3.0,3.0,N,N,08/2021,Analyst
53-4041.00,1.A.4.a.7,Glare Sensitivity,IM,2.75,8,0.1637,2.4292,3.0708,N,,08/2021,Analyst
53-4041.00,1.A.4.a.7,Glare Sensitivity,LV,2.88,8,0.125,2.63,3.12,N,N,08/2021,Analyst
53-4041.00,1.A.4.b.1,Hearing Sensitivity,IM,3.0,8,0.189,2.6296,3.3704,N,,08/2021,Analyst
53-4041.00,1.A.4.b.1,Hearing Sensitivity,LV,3.0,8,0.189,2.6296,3.3704,N,N,08/2021,Analyst
53-4041.00,1.A.4.b.2,Auditory Attention,IM,3.75,8,0.1637,3.4292,4.0708,N,,08/2021,Analyst
53-4041.00,1.A.4.b.2,Auditory Attention,LV,3.62,8,0.183,3.2664,3.9836,N,N,08/2021,Analyst
53-4041.00,1.A.4.b.3,Sound Localization,IM,2.75,8,0.1637,2.4292,3.0708,N,,08/2021,Analyst
53-4041.00,1.A.4.b.3,Sound Localization,LV,3.25,8,0.25,2.76,3.74,N,N,08/2021,Analyst
53-4041.00,1.A.4.b.4,Speech Recognition,IM,3.0,8,0.0,3.0,3.0,N,,08/2021,Analyst
53-4041.00,1.A.4.b.4,Speech Recognition,LV,3.0,8,0.0,3.0,3.0,N,N,08/2021,Analyst
53-4041.00,1.A.4.b.5,Speech Clarity,IM,3.38,8,0.183,3.0164,3.7336,N,,08/2021,Analyst
53-4041.00,1.A.4.b.5,Speech Clarity,LV,3.0,8,0.0,3.0,3.0,N,N,08/2021,Analyst
53-5011.00,1.A.1.a.1,Oral Comprehension,IM,3.75,8,0.1637,3.4292,4.0708,N,,07/2016,Analyst
53-5011.00,1.A.1.a.1,Oral Comprehension,LV,3.88,8,0.125,3.63,4.12,N,N,07/2016,Analyst
53-5011.00,1.A.1.a.2,Written Comprehension,IM,3.0,8,0.0,3.0,3.0,N,,07/2016,Analyst
53-5011.00,1.A.1.a.2,Written Comprehension,LV,3.12,8,0.125,2.88,3.37,N,N,07/2016,Analyst
53-5011.00,1.A.1.a.3,Oral Expression,IM,3.12,8,0.125,2.88,3.37,N,,07/2016,Analyst
53-5011.00,1.A.1.a.3,Oral Expression,LV,3.25,8,0.1637,2.9292,3.5708,N,N,07/2016,Analyst
53-5011.00,1.A.1.a.4,Written Expression,IM,2.88,8,0.125,2.63,3.12,N,,07/2016,Analyst
53-5011.00,1.A.1.a.4,Written Expression,LV,2.88,8,0.125,2.63,3.12,N,N,07/2016,Analyst
53-5011.00,1.A.1.b.1,Fluency of Ideas,IM,2.38,8,0.183,2.0164,2.7336,N,,07/2016,Analyst
53-5011.00,1.A.1.b.1,Fluency of Ideas,LV,2.25,8,0.1637,1.9292,2.5708,N,N,07/2016,Analyst
53-5011.00,1.A.1.b.2,Originality,IM,2.38,8,0.183,2.0164,2.7336,N,,07/2016,Analyst
53-5011.00,1.A.1.b.2,Originality,LV,2.25,8,0.1637,1.9292,2.5708,N,N,07/2016,Analyst
53-5011.00,1.A.1.b.3,Problem Sensitivity,IM,3.75,8,0.1637,3.4292,4.0708,N,,07/2016,Analyst
53-5011.00,1.A.1.b.3,Problem Sensitivity,LV,3.5,8,0.189,3.1296,3.8704,N,N,07/2016,Analyst
53-5011.00,1.A.1.b.4,Deductive Reasoning,IM,3.12,8,0.125,2.88,3.37,N,,07/2016,Analyst
53-5011.00,1.A.1.b.4,Deductive Reasoning,LV,3.0,8,0.0,3.0,3.0,N,N,07/2016,Analyst
53-5011.00,1.A.1.b.5,Inductive Reasoning,IM,3.12,8,0.125,2.88,3.37,N,,07/2016,Analyst
53-5011.00,1.A.1.b.5,Inductive Reasoning,LV,3.0,8,0.0,3.0,3.0,N,N,07/2016,Analyst
53-5011.00,1.A.1.b.6,Information Ordering,IM,3.12,8,0.125,2.88,3.37,N,,07/2016,Analyst
53-5011.00,1.A.1.b.6,Information Ordering,LV,3.12,8,0.125,2.88,3.37,N,N,07/2016,Analyst
53-5011.00,1.A.1.b.7,Category Flexibility,IM,3.0,8,0.0,3.0,3.0,N,,07/2016,Analyst
53-5011.00,1.A.1.b.7,Category Flexibility,LV,3.0,8,0.189,2.6296,3.3704,N,N,07/2016,Analyst
53-5011.00,1.A.1.c.1,Mathematical Reasoning,IM,2.5,8,0.189,2.1296,2.8704,N,,07/2016,Analyst
53-5011.00,1.A.1.c.1,Mathematical Reasoning,LV,2.12,8,0.125,1.88,2.37,N,N,07/2016,Analyst
53-5011.00,1.A.1.c.2,Number Facility,IM,2.25,8,0.1637,1.9292,2.5708,N,,07/2016,Analyst
53-5011.00,1.A.1.c.2,Number Facility,LV,2.12,8,0.125,1.88,2.37,N,N,07/2016,Analyst
53-5011.00,1.A.1.d.1,Memorization,IM,2.25,8,0.1637,1.9292,2.5708,N,,07/2016,Analyst
53-5011.00,1.A.1.d.1,Memorization,LV,2.12,8,0.125,1.88,2.37,N,N,07/2016,Analyst
53-5011.00,1.A.1.e.1,Speed of Closure,IM,2.62,8,0.183,2.2664,2.9836,N,,07/2016,Analyst
53-5011.00,1.A.1.e.1,Speed of Closure,LV,2.5,8,0.189,2.1296,2.8704,N,N,07/2016,Analyst
53-5011.00,1.A.1.e.2,Flexibility of Closure,IM,3.25,8,0.1637,2.9292,3.5708,N,,07/2016,Analyst
53-5011.00,1.A.1.e.2,Flexibility of Closure,LV,3.88,8,0.125,3.63,4.12,N,N,07/2016,Analyst
53-5011.00,1.A.1.e.3,Perceptual Speed,IM,3.75,8,0.1637,3.4292,4.0708,N,,07/2016,Analyst
53-5011.00,1.A.1.e.3,Perceptual Speed,LV,3.25,8,0.1637,2.9292,3.5708,N,N,07/2016,Analyst
53-5011.00,1.A.1.f.1,Spatial Orientation,IM,3.0,8,0.0,3.0,3.0,N,,07/2016,Analyst
53-5011.00,1.A.1.f.1,Spatial Orientation,LV,2.88,8,0.125,2.63,3.12,N,N,07/2016,Analyst
53-5011.00,1.A.1.f.2,Visualization,IM,3.12,8,0.125,2.88,3.37,N,,07/2016,Analyst
53-5011.00,1.A.1.f.2,Visualization,LV,3.25,8,0.1637,2.9292,3.5708,N,N,07/2016,Analyst
53-5011.00,1.A.1.g.1,Selective Attention,IM,3.25,8,0.1637,2.9292,3.5708,N,,07/2016,Analyst
53-5011.00,1.A.1.g.1,Selective Attention,LV,3.12,8,0.125,2.88,3.37,N,N,07/2016,Analyst
53-5011.00,1.A.1.g.2,Time Sharing,IM,3.0,8,0.0,3.0,3.0,N,,07/2016,Analyst
53-5011.00,1.A.1.g.2,Time Sharing,LV,3.12,8,0.125,2.88,3.37,N,N,07/2016,Analyst
53-5011.00,1.A.2.a.1,Arm-Hand Steadiness,IM,3.62,8,0.183,3.2664,3.9836,N,,07/2016,Analyst
53-5011.00,1.A.2.a.1,Arm-Hand Steadiness,LV,3.12,8,0.125,2.88,3.37,N,N,07/2016,Analyst
53-5011.00,1.A.2.a.2,Manual Dexterity,IM,3.5,8,0.189,3.1296,3.8704,N,,07/2016,Analyst
53-5011.00,1.A.2.a.2,Manual Dexterity,LV,3.12,8,0.125,2.88,3.37,N,N,07/2016,Analyst
53-5011.00,1.A.2.a.3,Finger Dexterity,IM,3.0,8,0.0,3.0,3.0,N,,07/2016,Analyst
53-5011.00,1.A.2.a.3,Finger Dexterity,LV,3.12,8,0.125,2.88,3.37,N,N,07/2016,Analyst
53-5011.00,1.A.2.b.1,Control Precision,IM,3.88,8,0.125,3.63,4.12,N,,07/2016,Analyst
53-5011.00,1.A.2.b.1,Control Precision,LV,3.75,8,0.1637,3.4292,4.0708,N,N,07/2016,Analyst
53-5011.00,1.A.2.b.2,Multilimb Coordination,IM,3.62,8,0.183,3.2664,3.9836,N,,07/2016,Analyst
53-5011.00,1.A.2.b.2,Multilimb Coordination,LV,3.75,8,0.1637,3.4292,4.0708,N,N,07/2016,Analyst
53-5011.00,1.A.2.b.3,Response Orientation,IM,2.88,8,0.125,2.63,3.12,N,,07/2016,Analyst
53-5011.00,1.A.2.b.3,Response Orientation,LV,2.88,8,0.125,2.63,3.12,N,N,07/2016,Analyst
53-5011.00,1.A.2.b.4,Rate Control,IM,3.0,8,0.0,3.0,3.0,N,,07/2016,Analyst
53-5011.00,1.A.2.b.4,Rate Control,LV,3.0,8,0.0,3.0,3.0,N,N,07/2016,Analyst
53-5011.00,1.A.2.c.1,Reaction Time,IM,3.12,8,0.125,2.88,3.37,N,,07/2016,Analyst
53-5011.00,1.A.2.c.1,Reaction Time,LV,3.25,8,0.1637,2.9292,3.5708,N,N,07/2016,Analyst
53-5011.00,1.A.2.c.2,Wrist-Finger Speed,IM,2.62,8,0.183,2.2664,2.9836,N,,07/2016,Analyst
53-5011.00,1.A.2.c.2,Wrist-Finger Speed,LV,2.62,8,0.183,2.2664,2.9836,N,N,07/2016,Analyst
53-5011.00,1.A.2.c.3,Speed of Limb Movement,IM,2.5,8,0.2673,1.9762,3.0238,N,,07/2016,Analyst
53-5011.00,1.A.2.c.3,Speed of Limb Movement,LV,2.25,8,0.366,1.5327,2.9673,N,N,07/2016,Analyst
53-5011.00,1.A.3.a.1,Static Strength,IM,3.12,8,0.125,2.88,3.37,N,,07/2016,Analyst
53-5011.00,1.A.3.a.1,Static Strength,LV,3.62,8,0.183,3.2664,3.9836,N,N,07/2016,Analyst
53-5011.00,1.A.3.a.2,Explosive Strength,IM,1.88,8,0.3504,1.1883,2.5617,N,,07/2016,Analyst
53-5011.00,1.A.3.a.2,Explosive Strength,LV,1.38,8,0.4978,0.3994,2.3506,N,N,07/2016,Analyst
53-5011.00,1.A.3.a.3,Dynamic Strength,IM,2.88,8,0.125,2.63,3.12,N,,07/2016,Analyst
53-5011.00,1.A.3.a.3,Dynamic Strength,LV,2.88,8,0.125,2.63,3.12,N,N,07/2016,Analyst
53-5011.00,1.A.3.a.4,Trunk Strength,IM,3.0,8,0.0,3.0,3.0,N,,07/2016,Analyst
53-5011.00,1.A.3.a.4,Trunk Strength,LV,3.5,8,0.189,3.1296,3.8704,N,N,07/2016,Analyst
53-5011.00,1.A.3.b.1,Stamina,IM,3.0,8,0.0,3.0,3.0,N,,07/2016,Analyst
53-5011.00,1.A.3.b.1,Stamina,LV,2.88,8,0.125,2.63,3.12,N,N,07/2016,Analyst
53-5011.00,1.A.3.c.1,Extent Flexibility,IM,3.12,8,0.125,2.88,3.37,N,,07/2016,Analyst
53-5011.00,1.A.3.c.1,Extent Flexibility,LV,3.38,8,0.183,3.0164,3.7336,N,N,07/2016,Analyst
53-5011.00,1.A.3.c.2,Dynamic Flexibility,IM,1.12,8,0.125,1.0,1.37,N,,07/2016,Analyst
53-5011.00,1.A.3.c.2,Dynamic Flexibility,LV,0.25,8,0.25,0.0,0.74,N,Y,07/2016,Analyst
53-5011.00,1.A.3.c.3,Gross Body Coordination,IM,2.88,8,0.125,2.63,3.12,N,,07/2016,Analyst
53-5011.00,1.A.3.c.3,Gross Body Coordination,LV,3.0,8,0.0,3.0,3.0,N,N,07/2016,Analyst
53-5011.00,1.A.3.c.4,Gross Body Equilibrium,IM,3.12,8,0.125,2.88,3.37,N,,07/2016,Analyst
53-5011.00,1.A.3.c.4,Gross Body Equilibrium,LV,3.12,8,0.125,2.88,3.37,N,N,07/2016,Analyst
53-5011.00,1.A.4.a.1,Near Vision,IM,3.25,8,0.1637,2.9292,3.5708,N,,07/2016,Analyst
53-5011.00,1.A.4.a.1,Near Vision,LV,3.75,8,0.1637,3.4292,4.0708,N,N,07/2016,Analyst
53-5011.00,1.A.4.a.2,Far Vision,IM,4.0,8,0.0,4.0,4.0,N,,07/2016,Analyst
53-5011.00,1.A.4.a.2,Far Vision,LV,4.38,8,0.183,4.0164,4.7336,N,N,07/2016,Analyst
53-5011.00,1.A.4.a.3,Visual Color Discrimination,IM,3.38,8,0.183,3.0164,3.7336,N,,07/2016,Analyst
53-5011.00,1.A.4.a.3,Visual Color Discrimination,LV,3.38,8,0.183,3.0164,3.7336,N,N,07/2016,Analyst
53-5011.00,1.A.4.a.4,Night Vision,IM,2.62,8,0.183,2.2664,2.9836,N,,07/2016,Analyst
53-5011.00,1.A.4.a.4,Night Vision,LV,2.5,8,0.189,2.1296,2.8704,N,N,07/2016,Analyst
53-5011.00,1.A.4.a.5,Peripheral Vision,IM,2.75,8,0.1637,2.4292,3.0708,N,,07/2016,Analyst
53-5011.00,1.A.4.a.5,Peripheral Vision,LV,2.5,8,0.189,2.1296,2.8704,N,N,07/2016,Analyst
53-5011.00,1.A.4.a.6,Depth Perception,IM,3.75,8,0.1637,3.4292,4.0708,N,,07/2016,Analyst
53-5011.00,1.A.4.a.6,Depth Perception,LV,3.88,8,0.125,3.63,4.12,N,N,07/2016,Analyst
53-5011.00,1.A.4.a.7,Glare Sensitivity,IM,3.0,8,0.0,3.0,3.0,N,,07/2016,Analyst
53-5011.00,1.A.4.a.7,Glare Sensitivity,LV,3.5,8,0.189,3.1296,3.8704,N,N,07/2016,Analyst
53-5011.00,1.A.4.b.1,Hearing Sensitivity,IM,3.25,8,0.1637,2.9292,3.5708,N,,07/2016,Analyst
53-5011.00,1.A.4.b.1,Hearing Sensitivity,LV,3.38,8,0.183,3.0164,3.7336,N,N,07/2016,Analyst
53-5011.00,1.A.4.b.2,Auditory Attention,IM,3.62,8,0.183,3.2664,3.9836,N,,07/2016,Analyst
53-5011.00,1.A.4.b.2,Auditory Attention,LV,3.88,8,0.125,3.63,4.12,N,N,07/2016,Analyst
53-5011.00,1.A.4.b.3,Sound Localization,IM,3.0,8,0.0,3.0,3.0,N,,07/2016,Analyst
53-5011.00,1.A.4.b.3,Sound Localization,LV,2.88,8,0.125,2.63,3.12,N,N,07/2016,Analyst
53-5011.00,1.A.4.b.4,Speech Recognition,IM,3.12,8,0.125,2.88,3.37,N,,07/2016,Analyst
53-5011.00,1.A.4.b.4,Speech Recognition,LV,3.0,8,0.0,3.0,3.0,N,N,07/2016,Analyst
53-5011.00,1.A.4.b.5,Speech Clarity,IM,3.12,8,0.125,2.88,3.37,N,,07/2016,Analyst
53-5011.00,1.A.4.b.5,Speech Clarity,LV,3.0,8,0.0,3.0,3.0,N,N,07/2016,Analyst
53-5021.00,1.A.1.a.1,Oral Comprehension,IM,3.88,8,0.2266,3.4309,4.3191,N,,08/2022,Analyst
53-5021.00,1.A.1.a.1,Oral Comprehension,LV,3.88,8,0.295,3.2967,4.4533,N,N,08/2022,Analyst
53-5021.00,1.A.1.a.2,Written Comprehension,IM,3.62,8,0.183,3.2664,3.9836,N,,08/2022,Analyst
53-5021.00,1.A.1.a.2,Written Comprehension,LV,3.5,8,0.189,3.1296,3.8704,N,N,08/2022,Analyst
53-5021.00,1.A.1.a.3,Oral Expression,IM,3.88,8,0.2266,3.4309,4.3191,N,,08/2022,Analyst
53-5021.00,1.A.1.a.3,Oral Expression,LV,3.88,8,0.2266,3.4309,4.3191,N,N,08/2022,Analyst
53-5021.00,1.A.1.a.4,Written Expression,IM,3.38,8,0.183,3.0164,3.7336,N,,08/2022,Analyst
53-5021.00,1.A.1.a.4,Written Expression,LV,3.5,8,0.3273,2.8584,4.1416,N,N,08/2022,Analyst
53-5021.00,1.A.1.b.1,Fluency of Ideas,IM,2.75,8,0.1637,2.4292,3.0708,N,,08/2022,Analyst
53-5021.00,1.A.1.b.1,Fluency of Ideas,LV,2.75,8,0.1637,2.4292,3.0708,N,N,08/2022,Analyst
53-5021.00,1.A.1.b.2,Originality,IM,2.75,8,0.1637,2.4292,3.0708,N,,08/2022,Analyst
53-5021.00,1.A.1.b.2,Originality,LV,2.62,8,0.183,2.2664,2.9836,N,N,08/2022,Analyst
53-5021.00,1.A.1.b.3,Problem Sensitivity,IM,3.75,8,0.366,3.0327,4.4673,N,,08/2022,Analyst
53-5021.00,1.A.1.b.3,Problem Sensitivity,LV,3.62,8,0.183,3.2664,3.9836,N,N,08/2022,Analyst
53-5021.00,1.A.1.b.4,Deductive Reasoning,IM,3.75,8,0.3134,3.1358,4.3642,N,,08/2022,Analyst
53-5021.00,1.A.1.b.4,Deductive Reasoning,LV,3.5,8,0.3273,2.8584,4.1416,N,N,08/2022,Analyst
53-5021.00,1.A.1.b.5,Inductive Reasoning,IM,3.5,8,0.189,3.1296,3.8704,N,,08/2022,Analyst
53-5021.00,1.A.1.b.5,Inductive Reasoning,LV,3.38,8,0.2631,2.8594,3.8906,N,N,08/2022,Analyst
53-5021.00,1.A.1.b.6,Information Ordering,IM,3.5,8,0.2673,2.9762,4.0238,N,,08/2022,Analyst
53-5021.00,1.A.1.b.6,Information Ordering,LV,3.75,8,0.25,3.26,4.24,N,N,08/2022,Analyst
53-5021.00,1.A.1.b.7,Category Flexibility,IM,3.25,8,0.1637,2.9292,3.5708,N,,08/2022,Analyst
53-5021.00,1.A.1.b.7,Category Flexibility,LV,3.12,8,0.2266,2.6809,3.5691,N,N,08/2022,Analyst
53-5021.00,1.A.1.c.1,Mathematical Reasoning,IM,2.5,8,0.189,2.1296,2.8704,N,,08/2022,Analyst
53-5021.00,1.A.1.c.1,Mathematical Reasoning,LV,2.5,8,0.189,2.1296,2.8704,N,N,08/2022,Analyst
53-5021.00,1.A.1.c.2,Number Facility,IM,2.5,8,0.189,2.1296,2.8704,N,,08/2022,Analyst
53-5021.00,1.A.1.c.2,Number Facility,LV,2.75,8,0.1637,2.4292,3.0708,N,N,08/2022,Analyst
53-5021.00,1.A.1.d.1,Memorization,IM,2.62,8,0.183,2.2664,2.9836,N,,08/2022,Analyst
53-5021.00,1.A.1.d.1,Memorization,LV,3.0,8,0.189,2.6296,3.3704,N,N,08/2022,Analyst
53-5021.00,1.A.1.e.1,Speed of Closure,IM,3.0,8,0.3273,2.3584,3.6416,N,,08/2022,Analyst
53-5021.00,1.A.1.e.1,Speed of Closure,LV,3.12,8,0.2266,2.6809,3.5691,N,N,08/2022,Analyst
53-5021.00,1.A.1.e.2,Flexibility of Closure,IM,3.38,8,0.2631,2.8594,3.8906,N,,08/2022,Analyst
53-5021.00,1.A.1.e.2,Flexibility of Closure,LV,3.38,8,0.2631,2.8594,3.8906,N,N,08/2022,Analyst
53-5021.00,1.A.1.e.3,Perceptual Speed,IM,3.5,8,0.189,3.1296,3.8704,N,,08/2022,Analyst
53-5021.00,1.A.1.e.3,Perceptual Speed,LV,3.5,8,0.189,3.1296,3.8704,N,N,08/2022,Analyst
53-5021.00,1.A.1.f.1,Spatial Orientation,IM,3.75,8,0.366,3.0327,4.4673,N,,08/2022,Analyst
53-5021.00,1.A.1.f.1,Spatial Orientation,LV,4.38,8,0.4605,3.4724,5.2776,N,N,08/2022,Analyst
53-5021.00,1.A.1.f.2,Visualization,IM,3.25,8,0.25,2.76,3.74,N,,08/2022,Analyst
53-5021.00,1.A.1.f.2,Visualization,LV,3.25,8,0.25,2.76,3.74,N,N,08/2022,Analyst
53-5021.00,1.A.1.g.1,Selective Attention,IM,3.25,8,0.1637,2.9292,3.5708,N,,08/2022,Analyst
53-5021.00,1.A.1.g.1,Selective Attention,LV,3.62,8,0.183,3.2664,3.9836,N,N,08/2022,Analyst
53-5021.00,1.A.1.g.2,Time Sharing,IM,3.25,8,0.3134,2.6358,3.8642,N,,08/2022,Analyst
53-5021.00,1.A.1.g.2,Time Sharing,LV,3.25,8,0.3134,2.6358,3.8642,N,N,08/2022,Analyst
53-5021.00,1.A.2.a.1,Arm-Hand Steadiness,IM,3.62,8,0.183,3.2664,3.9836,N,,08/2022,Analyst
53-5021.00,1.A.2.a.1,Arm-Hand Steadiness,LV,3.25,8,0.1637,2.9292,3.5708,N,N,08/2022,Analyst
53-5021.00,1.A.2.a.2,Manual Dexterity,IM,3.38,8,0.2631,2.8594,3.8906,N,,08/2022,Analyst
53-5021.00,1.A.2.a.2,Manual Dexterity,LV,3.12,8,0.295,2.5467,3.7033,N,N,08/2022,Analyst
53-5021.00,1.A.2.a.3,Finger Dexterity,IM,3.12,8,0.2266,2.6809,3.5691,N,,08/2022,Analyst
53-5021.00,1.A.2.a.3,Finger Dexterity,LV,3.12,8,0.2266,2.6809,3.5691,N,N,08/2022,Analyst
53-5021.00,1.A.2.b.1,Control Precision,IM,3.62,8,0.2631,3.1094,4.1406,N,,08/2022,Analyst
53-5021.00,1.A.2.b.1,Control Precision,LV,3.25,8,0.25,2.76,3.74,N,N,08/2022,Analyst
53-5021.00,1.A.2.b.2,Multilimb Coordination,IM,3.25,8,0.25,2.76,3.74,N,,08/2022,Analyst
53-5021.00,1.A.2.b.2,Multilimb Coordination,LV,3.25,8,0.25,2.76,3.74,N,N,08/2022,Analyst
53-5021.00,1.A.2.b.3,Response Orientation,IM,3.12,8,0.3981,2.3447,3.9053,N,,08/2022,Analyst
53-5021.00,1.A.2.b.3,Response Orientation,LV,2.88,8,0.295,2.2967,3.4533,N,N,08/2022,Analyst
53-5021.00,1.A.2.b.4,Rate Control,IM,3.25,8,0.1637,2.9292,3.5708,N,,08/2022,Analyst
53-5021.00,1.A.2.b.4,Rate Control,LV,3.12,8,0.2266,2.6809,3.5691,N,N,08/2022,Analyst
53-5021.00,1.A.2.c.1,Reaction Time,IM,3.25,8,0.1637,2.9292,3.5708,N,,08/2022,Analyst
53-5021.00,1.A.2.c.1,Reaction Time,LV,3.62,8,0.183,3.2664,3.9836,N,N,08/2022,Analyst
53-5021.00,1.A.2.c.2,Wrist-Finger Speed,IM,2.38,8,0.2631,1.8594,2.8906,N,,08/2022,Analyst
53-5021.00,1.A.2.c.2,Wrist-Finger Speed,LV,2.0,8,0.3273,1.3584,2.6416,N,N,08/2022,Analyst
53-5021.00,1.A.2.c.3,Speed of Limb Movement,IM,1.62,8,0.2631,1.1094,2.1406,N,,08/2022,Analyst
53-5021.00,1.A.2.c.3,Speed of Limb Movement,LV,1.0,8,0.4226,0.1717,1.8283,N,N,08/2022,Analyst
53-5021.00,1.A.3.a.1,Static Strength,IM,2.88,8,0.2266,2.4309,3.3191,N,,08/2022,Analyst
53-5021.00,1.A.3.a.1,Static Strength,LV,2.75,8,0.1637,2.4292,3.0708,N,N,08/2022,Analyst
53-5021.00,1.A.3.a.2,Explosive Strength,IM,2.62,8,0.183,2.2664,2.9836,N,,08/2022,Analyst
53-5021.00,1.A.3.a.2,Explosive Strength,LV,2.38,8,0.183,2.0164,2.7336,N,N,08/2022,Analyst
53-5021.00,1.A.3.a.3,Dynamic Strength,IM,2.62,8,0.2631,2.1094,3.1406,N,,08/2022,Analyst
53-5021.00,1.A.3.a.3,Dynamic Strength,LV,2.75,8,0.366,2.0327,3.4673,N,N,08/2022,Analyst
53-5021.00,1.A.3.a.4,Trunk Strength,IM,3.12,8,0.2266,2.6809,3.5691,N,,08/2022,Analyst
53-5021.00,1.A.3.a.4,Trunk Strength,LV,3.25,8,0.1637,2.9292,3.5708,N,N,08/2022,Analyst
53-5021.00,1.A.3.b.1,Stamina,IM,2.38,8,0.183,2.0164,2.7336,N,,08/2022,Analyst
53-5021.00,1.A.3.b.1,Stamina,LV,2.12,8,0.2266,1.6809,2.5691,N,N,08/2022,Analyst
53-5021.00,1.A.3.c.1,Extent Flexibility,IM,3.0,8,0.189,2.6296,3.3704,N,,08/2022,Analyst
53-5021.00,1.A.3.c.1,Extent Flexibility,LV,2.88,8,0.2266,2.4309,3.3191,N,N,08/2022,Analyst
53-5021.00,1.A.3.c.2,Dynamic Flexibility,IM,1.75,8,0.3134,1.1358,2.3642,N,,08/2022,Analyst
53-5021.00,1.A.3.c.2,Dynamic Flexibility,LV,1.0,8,0.4629,0.0927,1.9073,N,N,08/2022,Analyst
53-5021.00,1.A.3.c.3,Gross Body Coordination,IM,2.38,8,0.183,2.0164,2.7336,N,,08/2022,Analyst
53-5021.00,1.A.3.c.3,Gross Body Coordination,LV,2.38,8,0.2631,1.8594,2.8906,N,N,08/2022,Analyst
53-5021.00,1.A.3.c.4,Gross Body Equilibrium,IM,3.12,8,0.2266,2.6809,3.5691,N,,08/2022,Analyst
53-5021.00,1.A.3.c.4,Gross Body Equilibrium,LV,2.75,8,0.1637,2.4292,3.0708,N,N,08/2022,Analyst
53-5021.00,1.A.4.a.1,Near Vision,IM,3.62,8,0.183,3.2664,3.9836,N,,08/2022,Analyst
53-5021.00,1.A.4.a.1,Near Vision,LV,3.62,8,0.183,3.2664,3.9836,N,N,08/2022,Analyst
53-5021.00,1.A.4.a.2,Far Vision,IM,3.75,8,0.25,3.26,4.24,N,,08/2022,Analyst
53-5021.00,1.A.4.a.2,Far Vision,LV,4.12,8,0.3504,3.4383,4.8117,N,N,08/2022,Analyst
53-5021.00,1.A.4.a.3,Visual Color Discrimination,IM,3.0,8,0.2673,2.4762,3.5238,N,,08/2022,Analyst
53-5021.00,1.A.4.a.3,Visual Color Discrimination,LV,3.0,8,0.189,2.6296,3.3704,N,N,08/2022,Analyst
53-5021.00,1.A.4.a.4,Night Vision,IM,2.5,8,0.2673,1.9762,3.0238,N,,08/2022,Analyst
53-5021.00,1.A.4.a.4,Night Vision,LV,2.88,8,0.3504,2.1883,3.5617,N,N,08/2022,Analyst
53-5021.00,1.A.4.a.5,Peripheral Vision,IM,2.62,8,0.2631,2.1094,3.1406,N,,08/2022,Analyst
53-5021.00,1.A.4.a.5,Peripheral Vision,LV,2.75,8,0.25,2.26,3.24,N,N,08/2022,Analyst
53-5021.00,1.A.4.a.6,Depth Perception,IM,3.38,8,0.3239,2.7402,4.0098,N,,08/2022,Analyst
53-5021.00,1.A.4.a.6,Depth Perception,LV,3.5,8,0.189,3.1296,3.8704,N,N,08/2022,Analyst
53-5021.00,1.A.4.a.7,Glare Sensitivity,IM,3.25,8,0.25,2.76,3.74,N,,08/2022,Analyst
53-5021.00,1.A.4.a.7,Glare Sensitivity,LV,3.75,8,0.3134,3.1358,4.3642,N,N,08/2022,Analyst
53-5021.00,1.A.4.b.1,Hearing Sensitivity,IM,2.88,8,0.2266,2.4309,3.3191,N,,08/2022,Analyst
53-5021.00,1.A.4.b.1,Hearing Sensitivity,LV,3.12,8,0.125,2.88,3.37,N,N,08/2022,Analyst
53-5021.00,1.A.4.b.2,Auditory Attention,IM,3.12,8,0.2266,2.6809,3.5691,N,,08/2022,Analyst
53-5021.00,1.A.4.b.2,Auditory Attention,LV,3.25,8,0.1637,2.9292,3.5708,N,N,08/2022,Analyst
53-5021.00,1.A.4.b.3,Sound Localization,IM,2.62,8,0.2631,2.1094,3.1406,N,,08/2022,Analyst
53-5021.00,1.A.4.b.3,Sound Localization,LV,2.62,8,0.183,2.2664,2.9836,N,N,08/2022,Analyst
53-5021.00,1.A.4.b.4,Speech Recognition,IM,3.5,8,0.189,3.1296,3.8704,N,,08/2022,Analyst
53-5021.00,1.A.4.b.4,Speech Recognition,LV,3.62,8,0.183,3.2664,3.9836,N,N,08/2022,Analyst
53-5021.00,1.A.4.b.5,Speech Clarity,IM,3.62,8,0.183,3.2664,3.9836,N,,08/2022,Analyst
53-5021.00,1.A.4.b.5,Speech Clarity,LV,3.5,8,0.189,3.1296,3.8704,N,N,08/2022,Analyst
53-5022.00,1.A.1.a.1,Oral Comprehension,IM,3.12,8,0.125,2.88,3.37,N,,08/2023,Analyst
53-5022.00,1.A.1.a.1,Oral Comprehension,LV,3.5,8,0.189,3.1296,3.8704,N,N,08/2023,Analyst
53-5022.00,1.A.1.a.2,Written Comprehension,IM,2.75,8,0.1637,2.4292,3.0708,N,,08/2023,Analyst
53-5022.00,1.A.1.a.2,Written Comprehension,LV,2.88,8,0.125,2.63,3.12,N,N,08/2023,Analyst
53-5022.00,1.A.1.a.3,Oral Expression,IM,3.5,8,0.189,3.1296,3.8704,N,,08/2023,Analyst
53-5022.00,1.A.1.a.3,Oral Expression,LV,3.62,8,0.183,3.2664,3.9836,N,N,08/2023,Analyst
53-5022.00,1.A.1.a.4,Written Expression,IM,2.62,8,0.183,2.2664,2.9836,N,,08/2023,Analyst
53-5022.00,1.A.1.a.4,Written Expression,LV,2.75,8,0.1637,2.4292,3.0708,N,N,08/2023,Analyst
53-5022.00,1.A.1.b.1,Fluency of Ideas,IM,2.62,8,0.183,2.2664,2.9836,N,,08/2023,Analyst
53-5022.00,1.A.1.b.1,Fluency of Ideas,LV,2.25,8,0.1637,1.9292,2.5708,N,N,08/2023,Analyst
53-5022.00,1.A.1.b.2,Originality,IM,2.62,8,0.183,2.2664,2.9836,N,,08/2023,Analyst
53-5022.00,1.A.1.b.2,Originality,LV,2.5,8,0.189,2.1296,2.8704,N,N,08/2023,Analyst
53-5022.00,1.A.1.b.3,Problem Sensitivity,IM,3.62,8,0.183,3.2664,3.9836,N,,08/2023,Analyst
53-5022.00,1.A.1.b.3,Problem Sensitivity,LV,3.5,8,0.189,3.1296,3.8704,N,N,08/2023,Analyst
53-5022.00,1.A.1.b.4,Deductive Reasoning,IM,3.38,8,0.183,3.0164,3.7336,N,,08/2023,Analyst
53-5022.00,1.A.1.b.4,Deductive Reasoning,LV,3.0,8,0.0,3.0,3.0,N,N,08/2023,Analyst
53-5022.00,1.A.1.b.5,Inductive Reasoning,IM,3.0,8,0.0,3.0,3.0,N,,08/2023,Analyst
53-5022.00,1.A.1.b.5,Inductive Reasoning,LV,3.0,8,0.0,3.0,3.0,N,N,08/2023,Analyst
53-5022.00,1.A.1.b.6,Information Ordering,IM,3.0,8,0.0,3.0,3.0,N,,08/2023,Analyst
53-5022.00,1.A.1.b.6,Information Ordering,LV,3.12,8,0.125,2.88,3.37,N,N,08/2023,Analyst
53-5022.00,1.A.1.b.7,Category Flexibility,IM,2.88,8,0.125,2.63,3.12,N,,08/2023,Analyst
53-5022.00,1.A.1.b.7,Category Flexibility,LV,2.88,8,0.125,2.63,3.12,N,N,08/2023,Analyst
53-5022.00,1.A.1.c.1,Mathematical Reasoning,IM,2.0,8,0.0,2.0,2.0,N,,08/2023,Analyst
53-5022.00,1.A.1.c.1,Mathematical Reasoning,LV,1.88,8,0.125,1.63,2.12,N,N,08/2023,Analyst
53-5022.00,1.A.1.c.2,Number Facility,IM,2.0,8,0.0,2.0,2.0,N,,08/2023,Analyst
53-5022.00,1.A.1.c.2,Number Facility,LV,1.88,8,0.125,1.63,2.12,N,N,08/2023,Analyst
53-5022.00,1.A.1.d.1,Memorization,IM,2.62,8,0.183,2.2664,2.9836,N,,08/2023,Analyst
53-5022.00,1.A.1.d.1,Memorization,LV,2.62,8,0.183,2.2664,2.9836,N,N,08/2023,Analyst
53-5022.00,1.A.1.e.1,Speed of Closure,IM,2.5,8,0.189,2.1296,2.8704,N,,08/2023,Analyst
53-5022.00,1.A.1.e.1,Speed of Closure,LV,2.5,8,0.189,2.1296,2.8704,N,N,08/2023,Analyst
53-5022.00,1.A.1.e.2,Flexibility of Closure,IM,3.12,8,0.125,2.88,3.37,N,,08/2023,Analyst
53-5022.00,1.A.1.e.2,Flexibility of Closure,LV,3.38,8,0.183,3.0164,3.7336,N,N,08/2023,Analyst
53-5022.00,1.A.1.e.3,Perceptual Speed,IM,3.62,8,0.183,3.2664,3.9836,N,,08/2023,Analyst
53-5022.00,1.A.1.e.3,Perceptual Speed,LV,3.5,8,0.189,3.1296,3.8704,N,N,08/2023,Analyst
53-5022.00,1.A.1.f.1,Spatial Orientation,IM,3.88,8,0.125,3.63,4.12,N,,08/2023,Analyst
53-5022.00,1.A.1.f.1,Spatial Orientation,LV,3.88,8,0.125,3.63,4.12,N,N,08/2023,Analyst
53-5022.00,1.A.1.f.2,Visualization,IM,3.0,8,0.0,3.0,3.0,N,,08/2023,Analyst
53-5022.00,1.A.1.f.2,Visualization,LV,3.5,8,0.189,3.1296,3.8704,N,N,08/2023,Analyst
53-5022.00,1.A.1.g.1,Selective Attention,IM,3.38,8,0.183,3.0164,3.7336,N,,08/2023,Analyst
53-5022.00,1.A.1.g.1,Selective Attention,LV,3.62,8,0.183,3.2664,3.9836,N,N,08/2023,Analyst
53-5022.00,1.A.1.g.2,Time Sharing,IM,3.25,8,0.1637,2.9292,3.5708,N,,08/2023,Analyst
53-5022.00,1.A.1.g.2,Time Sharing,LV,3.25,8,0.1637,2.9292,3.5708,N,N,08/2023,Analyst
53-5022.00,1.A.2.a.1,Arm-Hand Steadiness,IM,3.62,8,0.183,3.2664,3.9836,N,,08/2023,Analyst
53-5022.00,1.A.2.a.1,Arm-Hand Steadiness,LV,3.0,8,0.0,3.0,3.0,N,N,08/2023,Analyst
53-5022.00,1.A.2.a.2,Manual Dexterity,IM,3.62,8,0.183,3.2664,3.9836,N,,08/2023,Analyst
53-5022.00,1.A.2.a.2,Manual Dexterity,LV,3.12,8,0.125,2.88,3.37,N,N,08/2023,Analyst
53-5022.00,1.A.2.a.3,Finger Dexterity,IM,3.12,8,0.125,2.88,3.37,N,,08/2023,Analyst
53-5022.00,1.A.2.a.3,Finger Dexterity,LV,3.12,8,0.125,2.88,3.37,N,N,08/2023,Analyst
53-5022.00,1.A.2.b.1,Control Precision,IM,4.0,8,0.0,4.0,4.0,N,,08/2023,Analyst
53-5022.00,1.A.2.b.1,Control Precision,LV,4.0,8,0.0,4.0,4.0,N,N,08/2023,Analyst
53-5022.00,1.A.2.b.2,Multilimb Coordination,IM,3.5,8,0.189,3.1296,3.8704,N,,08/2023,Analyst
53-5022.00,1.A.2.b.2,Multilimb Coordination,LV,3.12,8,0.125,2.88,3.37,N,N,08/2023,Analyst
53-5022.00,1.A.2.b.3,Response Orientation,IM,3.25,8,0.1637,2.9292,3.5708,N,,08/2023,Analyst
53-5022.00,1.A.2.b.3,Response Orientation,LV,3.5,8,0.189,3.1296,3.8704,N,N,08/2023,Analyst
53-5022.00,1.A.2.b.4,Rate Control,IM,3.12,8,0.125,2.88,3.37,N,,08/2023,Analyst
53-5022.00,1.A.2.b.4,Rate Control,LV,3.12,8,0.125,2.88,3.37,N,N,08/2023,Analyst
53-5022.00,1.A.2.c.1,Reaction Time,IM,3.25,8,0.1637,2.9292,3.5708,N,,08/2023,Analyst
53-5022.00,1.A.2.c.1,Reaction Time,LV,3.38,8,0.183,3.0164,3.7336,N,N,08/2023,Analyst
53-5022.00,1.A.2.c.2,Wrist-Finger Speed,IM,2.25,8,0.1637,1.9292,2.5708,N,,08/2023,Analyst
53-5022.00,1.A.2.c.2,Wrist-Finger Speed,LV,2.12,8,0.125,1.88,2.37,N,N,08/2023,Analyst
53-5022.00,1.A.2.c.3,Speed of Limb Movement,IM,2.25,8,0.25,1.76,2.74,N,,08/2023,Analyst
53-5022.00,1.A.2.c.3,Speed of Limb Movement,LV,1.88,8,0.295,1.2967,2.4533,N,N,08/2023,Analyst
53-5022.00,1.A.3.a.1,Static Strength,IM,3.0,8,0.0,3.0,3.0,N,,08/2023,Analyst
53-5022.00,1.A.3.a.1,Static Strength,LV,3.12,8,0.125,2.88,3.37,N,N,08/2023,Analyst
53-5022.00,1.A.3.a.2,Explosive Strength,IM,1.62,8,0.183,1.2664,1.9836,N,,08/2023,Analyst
53-5022.00,1.A.3.a.2,Explosive Strength,LV,0.88,8,0.295,0.2967,1.4533,N,N,08/2023,Analyst
53-5022.00,1.A.3.a.3,Dynamic Strength,IM,2.38,8,0.183,2.0164,2.7336,N,,08/2023,Analyst
53-5022.00,1.A.3.a.3,Dynamic Strength,LV,2.38,8,0.183,2.0164,2.7336,N,N,08/2023,Analyst
53-5022.00,1.A.3.a.4,Trunk Strength,IM,3.0,8,0.0,3.0,3.0,N,,08/2023,Analyst
53-5022.00,1.A.3.a.4,Trunk Strength,LV,3.0,8,0.0,3.0,3.0,N,N,08/2023,Analyst
53-5022.00,1.A.3.b.1,Stamina,IM,2.12,8,0.125,1.88,2.37,N,,08/2023,Analyst
53-5022.00,1.A.3.b.1,Stamina,LV,1.62,8,0.183,1.2664,1.9836,N,N,08/2023,Analyst
53-5022.00,1.A.3.c.1,Extent Flexibility,IM,2.5,8,0.189,2.1296,2.8704,N,,08/2023,Analyst
53-5022.00,1.A.3.c.1,Extent Flexibility,LV,2.88,8,0.125,2.63,3.12,N,N,08/2023,Analyst
53-5022.00,1.A.3.c.2,Dynamic Flexibility,IM,1.0,8,0.0,1.0,1.0,N,,08/2023,Analyst
53-5022.00,1.A.3.c.2,Dynamic Flexibility,LV,0.0,8,0.0,0.0,0.0,N,Y,08/2023,Analyst
53-5022.00,1.A.3.c.3,Gross Body Coordination,IM,2.12,8,0.125,1.88,2.37,N,,08/2023,Analyst
53-5022.00,1.A.3.c.3,Gross Body Coordination,LV,2.0,8,0.0,2.0,2.0,N,N,08/2023,Analyst
53-5022.00,1.A.3.c.4,Gross Body Equilibrium,IM,2.62,8,0.183,2.2664,2.9836,N,,08/2023,Analyst
53-5022.00,1.A.3.c.4,Gross Body Equilibrium,LV,2.5,8,0.2673,1.9762,3.0238,N,N,08/2023,Analyst
53-5022.00,1.A.4.a.1,Near Vision,IM,3.25,8,0.1637,2.9292,3.5708,N,,08/2023,Analyst
53-5022.00,1.A.4.a.1,Near Vision,LV,3.25,8,0.1637,2.9292,3.5708,N,N,08/2023,Analyst
53-5022.00,1.A.4.a.2,Far Vision,IM,3.75,8,0.1637,3.4292,4.0708,N,,08/2023,Analyst
53-5022.00,1.A.4.a.2,Far Vision,LV,4.62,8,0.183,4.2664,4.9836,N,N,08/2023,Analyst
53-5022.00,1.A.4.a.3,Visual Color Discrimination,IM,3.0,8,0.189,2.6296,3.3704,N,,08/2023,Analyst
53-5022.00,1.A.4.a.3,Visual Color Discrimination,LV,3.0,8,0.189,2.6296,3.3704,N,N,08/2023,Analyst
53-5022.00,1.A.4.a.4,Night Vision,IM,2.75,8,0.1637,2.4292,3.0708,N,,08/2023,Analyst
53-5022.00,1.A.4.a.4,Night Vision,LV,2.75,8,0.1637,2.4292,3.0708,N,N,08/2023,Analyst
53-5022.00,1.A.4.a.5,Peripheral Vision,IM,3.0,8,0.0,3.0,3.0,N,,08/2023,Analyst
53-5022.00,1.A.4.a.5,Peripheral Vision,LV,2.88,8,0.125,2.63,3.12,N,N,08/2023,Analyst
53-5022.00,1.A.4.a.6,Depth Perception,IM,3.25,8,0.1637,2.9292,3.5708,N,,08/2023,Analyst
53-5022.00,1.A.4.a.6,Depth Perception,LV,3.12,8,0.125,2.88,3.37,N,N,08/2023,Analyst
53-5022.00,1.A.4.a.7,Glare Sensitivity,IM,3.12,8,0.125,2.88,3.37,N,,08/2023,Analyst
53-5022.00,1.A.4.a.7,Glare Sensitivity,LV,3.62,8,0.2631,3.1094,4.1406,N,N,08/2023,Analyst
53-5022.00,1.A.4.b.1,Hearing Sensitivity,IM,3.0,8,0.0,3.0,3.0,N,,08/2023,Analyst
53-5022.00,1.A.4.b.1,Hearing Sensitivity,LV,2.88,8,0.125,2.63,3.12,N,N,08/2023,Analyst
53-5022.00,1.A.4.b.2,Auditory Attention,IM,3.5,8,0.189,3.1296,3.8704,N,,08/2023,Analyst
53-5022.00,1.A.4.b.2,Auditory Attention,LV,3.38,8,0.183,3.0164,3.7336,N,N,08/2023,Analyst
53-5022.00,1.A.4.b.3,Sound Localization,IM,2.62,8,0.183,2.2664,2.9836,N,,08/2023,Analyst
53-5022.00,1.A.4.b.3,Sound Localization,LV,2.5,8,0.189,2.1296,2.8704,N,N,08/2023,Analyst
53-5022.00,1.A.4.b.4,Speech Recognition,IM,3.12,8,0.125,2.88,3.37,N,,08/2023,Analyst
53-5022.00,1.A.4.b.4,Speech Recognition,LV,3.0,8,0.0,3.0,3.0,N,N,08/2023,Analyst
53-5022.00,1.A.4.b.5,Speech Clarity,IM,3.5,8,0.189,3.1296,3.8704,N,,08/2023,Analyst
53-5022.00,1.A.4.b.5,Speech Clarity,LV,3.0,8,0.0,3.0,3.0,N,N,08/2023,Analyst
53-5031.00,1.A.1.a.1,Oral Comprehension,IM,4.0,8,0.0,4.0,4.0,N,,08/2024,Analyst
53-5031.00,1.A.1.a.1,Oral Comprehension,LV,4.12,8,0.125,3.88,4.37,N,N,08/2024,Analyst
53-5031.00,1.A.1.a.2,Written Comprehension,IM,3.62,8,0.183,3.2664,3.9836,N,,08/2024,Analyst
53-5031.00,1.A.1.a.2,Written Comprehension,LV,4.0,8,0.0,4.0,4.0,N,N,08/2024,Analyst
53-5031.00,1.A.1.a.3,Oral Expression,IM,4.0,8,0.0,4.0,4.0,N,,08/2024,Analyst
53-5031.00,1.A.1.a.3,Oral Expression,LV,4.0,8,0.0,4.0,4.0,N,N,08/2024,Analyst
53-5031.00,1.A.1.a.4,Written Expression,IM,3.12,8,0.125,2.88,3.37,N,,08/2024,Analyst
53-5031.00,1.A.1.a.4,Written Expression,LV,3.5,8,0.189,3.1296,3.8704,N,N,08/2024,Analyst
53-5031.00,1.A.1.b.1,Fluency of Ideas,IM,3.0,8,0.0,3.0,3.0,N,,08/2024,Analyst
53-5031.00,1.A.1.b.1,Fluency of Ideas,LV,3.0,8,0.0,3.0,3.0,N,N,08/2024,Analyst
53-5031.00,1.A.1.b.2,Originality,IM,3.0,8,0.0,3.0,3.0,N,,08/2024,Analyst
53-5031.00,1.A.1.b.2,Originality,LV,3.0,8,0.0,3.0,3.0,N,N,08/2024,Analyst
53-5031.00,1.A.1.b.3,Problem Sensitivity,IM,4.0,8,0.0,4.0,4.0,N,,08/2024,Analyst
53-5031.00,1.A.1.b.3,Problem Sensitivity,LV,4.12,8,0.125,3.88,4.37,N,N,08/2024,Analyst
53-5031.00,1.A.1.b.4,Deductive Reasoning,IM,4.0,8,0.0,4.0,4.0,N,,08/2024,Analyst
53-5031.00,1.A.1.b.4,Deductive Reasoning,LV,4.0,8,0.0,4.0,4.0,N,N,08/2024,Analyst
53-5031.00,1.A.1.b.5,Inductive Reasoning,IM,3.25,8,0.1637,2.9292,3.5708,N,,08/2024,Analyst
53-5031.00,1.A.1.b.5,Inductive Reasoning,LV,3.75,8,0.1637,3.4292,4.0708,N,N,08/2024,Analyst
53-5031.00,1.A.1.b.6,Information Ordering,IM,3.25,8,0.1637,2.9292,3.5708,N,,08/2024,Analyst
53-5031.00,1.A.1.b.6,Information Ordering,LV,3.62,8,0.183,3.2664,3.9836,N,N,08/2024,Analyst
53-5031.00,1.A.1.b.7,Category Flexibility,IM,3.12,8,0.125,2.88,3.37,N,,08/2024,Analyst
53-5031.00,1.A.1.b.7,Category Flexibility,LV,3.12,8,0.125,2.88,3.37,N,N,08/2024,Analyst
53-5031.00,1.A.1.c.1,Mathematical Reasoning,IM,2.62,8,0.183,2.2664,2.9836,N,,08/2024,Analyst
53-5031.00,1.A.1.c.1,Mathematical Reasoning,LV,2.38,8,0.183,2.0164,2.7336,N,N,08/2024,Analyst
53-5031.00,1.A.1.c.2,Number Facility,IM,2.75,8,0.1637,2.4292,3.0708,N,,08/2024,Analyst
53-5031.00,1.A.1.c.2,Number Facility,LV,2.62,8,0.183,2.2664,2.9836,N,N,08/2024,Analyst
53-5031.00,1.A.1.d.1,Memorization,IM,2.38,8,0.183,2.0164,2.7336,N,,08/2024,Analyst
53-5031.00,1.A.1.d.1,Memorization,LV,2.38,8,0.183,2.0164,2.7336,N,N,08/2024,Analyst
53-5031.00,1.A.1.e.1,Speed of Closure,IM,2.88,8,0.125,2.63,3.12,N,,08/2024,Analyst
53-5031.00,1.A.1.e.1,Speed of Closure,LV,2.88,8,0.125,2.63,3.12,N,N,08/2024,Analyst
53-5031.00,1.A.1.e.2,Flexibility of Closure,IM,3.12,8,0.125,2.88,3.37,N,,08/2024,Analyst
53-5031.00,1.A.1.e.2,Flexibility of Closure,LV,3.12,8,0.125,2.88,3.37,N,N,08/2024,Analyst
53-5031.00,1.A.1.e.3,Perceptual Speed,IM,3.0,8,0.0,3.0,3.0,N,,08/2024,Analyst
53-5031.00,1.A.1.e.3,Perceptual Speed,LV,3.12,8,0.125,2.88,3.37,N,N,08/2024,Analyst
53-5031.00,1.A.1.f.1,Spatial Orientation,IM,2.25,8,0.1637,1.9292,2.5708,N,,08/2024,Analyst
53-5031.00,1.A.1.f.1,Spatial Orientation,LV,2.25,8,0.1637,1.9292,2.5708,N,N,08/2024,Analyst
53-5031.00,1.A.1.f.2,Visualization,IM,3.12,8,0.125,2.88,3.37,N,,08/2024,Analyst
53-5031.00,1.A.1.f.2,Visualization,LV,3.62,8,0.183,3.2664,3.9836,N,N,08/2024,Analyst
53-5031.00,1.A.1.g.1,Selective Attention,IM,3.12,8,0.125,2.88,3.37,N,,08/2024,Analyst
53-5031.00,1.A.1.g.1,Selective Attention,LV,3.62,8,0.183,3.2664,3.9836,N,N,08/2024,Analyst
53-5031.00,1.A.1.g.2,Time Sharing,IM,3.0,8,0.0,3.0,3.0,N,,08/2024,Analyst
53-5031.00,1.A.1.g.2,Time Sharing,LV,3.0,8,0.0,3.0,3.0,N,N,08/2024,Analyst
53-5031.00,1.A.2.a.1,Arm-Hand Steadiness,IM,3.12,8,0.125,2.88,3.37,N,,08/2024,Analyst
53-5031.00,1.A.2.a.1,Arm-Hand Steadiness,LV,3.12,8,0.125,2.88,3.37,N,N,08/2024,Analyst
53-5031.00,1.A.2.a.2,Manual Dexterity,IM,3.12,8,0.125,2.88,3.37,N,,08/2024,Analyst
53-5031.00,1.A.2.a.2,Manual Dexterity,LV,3.0,8,0.0,3.0,3.0,N,N,08/2024,Analyst
53-5031.00,1.A.2.a.3,Finger Dexterity,IM,3.12,8,0.125,2.88,3.37,N,,08/2024,Analyst
53-5031.00,1.A.2.a.3,Finger Dexterity,LV,3.25,8,0.1637,2.9292,3.5708,N,N,08/2024,Analyst
53-5031.00,1.A.2.b.1,Control Precision,IM,3.62,8,0.183,3.2664,3.9836,N,,08/2024,Analyst
53-5031.00,1.A.2.b.1,Control Precision,LV,3.88,8,0.125,3.63,4.12,N,N,08/2024,Analyst
53-5031.00,1.A.2.b.2,Multilimb Coordination,IM,3.12,8,0.125,2.88,3.37,N,,08/2024,Analyst
53-5031.00,1.A.2.b.2,Multilimb Coordination,LV,3.12,8,0.125,2.88,3.37,N,N,08/2024,Analyst
53-5031.00,1.A.2.b.3,Response Orientation,IM,3.0,8,0.189,2.6296,3.3704,N,,08/2024,Analyst
53-5031.00,1.A.2.b.3,Response Orientation,LV,3.0,8,0.189,2.6296,3.3704,N,N,08/2024,Analyst
53-5031.00,1.A.2.b.4,Rate Control,IM,3.0,8,0.0,3.0,3.0,N,,08/2024,Analyst
53-5031.00,1.A.2.b.4,Rate Control,LV,3.0,8,0.0,3.0,3.0,N,N,08/2024,Analyst
53-5031.00,1.A.2.c.1,Reaction Time,IM,3.12,8,0.125,2.88,3.37,N,,08/2024,Analyst
53-5031.00,1.A.2.c.1,Reaction Time,LV,3.12,8,0.125,2.88,3.37,N,N,08/2024,Analyst
53-5031.00,1.A.2.c.2,Wrist-Finger Speed,IM,2.38,8,0.183,2.0164,2.7336,N,,08/2024,Analyst
53-5031.00,1.A.2.c.2,Wrist-Finger Speed,LV,2.38,8,0.183,2.0164,2.7336,N,N,08/2024,Analyst
53-5031.00,1.A.2.c.3,Speed of Limb Movement,IM,1.5,8,0.189,1.1296,1.8704,N,,08/2024,Analyst
53-5031.00,1.A.2.c.3,Speed of Limb Movement,LV,0.5,8,0.189,0.1296,0.8704,N,N,08/2024,Analyst
53-5031.00,1.A.3.a.1,Static Strength,IM,3.0,8,0.189,2.6296,3.3704,N,,08/2024,Analyst
53-5031.00,1.A.3.a.1,Static Strength,LV,3.0,8,0.0,3.0,3.0,N,N,08/2024,Analyst
53-5031.00,1.A.3.a.2,Explosive Strength,IM,2.0,8,0.0,2.0,2.0,N,,08/2024,Analyst
53-5031.00,1.A.3.a.2,Explosive Strength,LV,1.38,8,0.183,1.0164,1.7336,N,N,08/2024,Analyst
53-5031.00,1.A.3.a.3,Dynamic Strength,IM,2.0,8,0.0,2.0,2.0,N,,08/2024,Analyst
53-5031.00,1.A.3.a.3,Dynamic Strength,LV,2.12,8,0.125,1.88,2.37,N,N,08/2024,Analyst
53-5031.00,1.A.3.a.4,Trunk Strength,IM,3.0,8,0.0,3.0,3.0,N,,08/2024,Analyst
53-5031.00,1.A.3.a.4,Trunk Strength,LV,3.0,8,0.0,3.0,3.0,N,N,08/2024,Analyst
53-5031.00,1.A.3.b.1,Stamina,IM,2.5,8,0.189,2.1296,2.8704,N,,08/2024,Analyst
53-5031.00,1.A.3.b.1,Stamina,LV,2.38,8,0.183,2.0164,2.7336,N,N,08/2024,Analyst
53-5031.00,1.A.3.c.1,Extent Flexibility,IM,3.0,8,0.0,3.0,3.0,N,,08/2024,Analyst
53-5031.00,1.A.3.c.1,Extent Flexibility,LV,3.38,8,0.183,3.0164,3.7336,N,N,08/2024,Analyst
53-5031.00,1.A.3.c.2,Dynamic Flexibility,IM,1.38,8,0.183,1.0164,1.7336,N,,08/2024,Analyst
53-5031.00,1.A.3.c.2,Dynamic Flexibility,LV,0.5,8,0.2673,0.0,1.0238,N,N,08/2024,Analyst
53-5031.00,1.A.3.c.3,Gross Body Coordination,IM,2.12,8,0.125,1.88,2.37,N,,08/2024,Analyst
53-5031.00,1.A.3.c.3,Gross Body Coordination,LV,2.12,8,0.125,1.88,2.37,N,N,08/2024,Analyst
53-5031.00,1.A.3.c.4,Gross Body Equilibrium,IM,2.12,8,0.125,1.88,2.37,N,,08/2024,Analyst
53-5031.00,1.A.3.c.4,Gross Body Equilibrium,LV,2.0,8,0.0,2.0,2.0,N,N,08/2024,Analyst
53-5031.00,1.A.4.a.1,Near Vision,IM,3.62,8,0.183,3.2664,3.9836,N,,08/2024,Analyst
53-5031.00,1.A.4.a.1,Near Vision,LV,3.75,8,0.1637,3.4292,4.0708,N,N,08/2024,Analyst
53-5031.00,1.A.4.a.2,Far Vision,IM,3.0,8,0.0,3.0,3.0,N,,08/2024,Analyst
53-5031.00,1.A.4.a.2,Far Vision,LV,3.0,8,0.0,3.0,3.0,N,N,08/2024,Analyst
53-5031.00,1.A.4.a.3,Visual Color Discrimination,IM,2.88,8,0.125,2.63,3.12,N,,08/2024,Analyst
53-5031.00,1.A.4.a.3,Visual Color Discrimination,LV,3.25,8,0.1637,2.9292,3.5708,N,N,08/2024,Analyst
53-5031.00,1.A.4.a.4,Night Vision,IM,1.88,8,0.125,1.63,2.12,N,,08/2024,Analyst
53-5031.00,1.A.4.a.4,Night Vision,LV,1.25,8,0.25,0.76,1.74,N,N,08/2024,Analyst
53-5031.00,1.A.4.a.5,Peripheral Vision,IM,2.25,8,0.1637,1.9292,2.5708,N,,08/2024,Analyst
53-5031.00,1.A.4.a.5,Peripheral Vision,LV,1.5,8,0.2673,0.9762,2.0238,N,N,08/2024,Analyst
53-5031.00,1.A.4.a.6,Depth Perception,IM,2.5,8,0.189,2.1296,2.8704,N,,08/2024,Analyst
53-5031.00,1.A.4.a.6,Depth Perception,LV,2.25,8,0.1637,1.9292,2.5708,N,N,08/2024,Analyst
53-5031.00,1.A.4.a.7,Glare Sensitivity,IM,2.0,8,0.189,1.6296,2.3704,N,,08/2024,Analyst
53-5031.00,1.A.4.a.7,Glare Sensitivity,LV,1.88,8,0.3504,1.1883,2.5617,N,N,08/2024,Analyst
53-5031.00,1.A.4.b.1,Hearing Sensitivity,IM,3.12,8,0.125,2.88,3.37,N,,08/2024,Analyst
53-5031.00,1.A.4.b.1,Hearing Sensitivity,LV,3.38,8,0.183,3.0164,3.7336,N,N,08/2024,Analyst
53-5031.00,1.A.4.b.2,Auditory Attention,IM,3.12,8,0.125,2.88,3.37,N,,08/2024,Analyst
53-5031.00,1.A.4.b.2,Auditory Attention,LV,3.25,8,0.25,2.76,3.74,N,N,08/2024,Analyst
53-5031.00,1.A.4.b.3,Sound Localization,IM,2.38,8,0.183,2.0164,2.7336,N,,08/2024,Analyst
53-5031.00,1.A.4.b.3,Sound Localization,LV,2.25,8,0.1637,1.9292,2.5708,N,N,08/2024,Analyst
53-5031.00,1.A.4.b.4,Speech Recognition,IM,3.38,8,0.183,3.0164,3.7336,N,,08/2024,Analyst
53-5031.00,1.A.4.b.4,Speech Recognition,LV,3.12,8,0.125,2.88,3.37,N,N,08/2024,Analyst
53-5031.00,1.A.4.b.5,Speech Clarity,IM,3.5,8,0.189,3.1296,3.8704,N,,08/2024,Analyst
53-5031.00,1.A.4.b.5,Speech Clarity,LV,3.25,8,0.1637,2.9292,3.5708,N,N,08/2024,Analyst
53-6011.00,1.A.1.a.1,Oral Comprehension,IM,3.0,8,0.0,3.0,3.0,N,,08/2020,Analyst
53-6011.00,1.A.1.a.1,Oral Comprehension,LV,3.12,8,0.125,2.88,3.37,N,N,08/2020,Analyst
53-6011.00,1.A.1.a.2,Written Comprehension,IM,2.88,8,0.125,2.63,3.12,N,,08/2020,Analyst
53-6011.00,1.A.1.a.2,Written Comprehension,LV,2.88,8,0.125,2.63,3.12,N,N,08/2020,Analyst
53-6011.00,1.A.1.a.3,Oral Expression,IM,3.0,8,0.0,3.0,3.0,N,,08/2020,Analyst
53-6011.00,1.A.1.a.3,Oral Expression,LV,3.0,8,0.0,3.0,3.0,N,N,08/2020,Analyst
53-6011.00,1.A.1.a.4,Written Expression,IM,2.75,8,0.1637,2.4292,3.0708,N,,08/2020,Analyst
53-6011.00,1.A.1.a.4,Written Expression,LV,2.88,8,0.125,2.63,3.12,N,N,08/2020,Analyst
53-6011.00,1.A.1.b.1,Fluency of Ideas,IM,2.0,8,0.0,2.0,2.0,N,,08/2020,Analyst
53-6011.00,1.A.1.b.1,Fluency of Ideas,LV,2.12,8,0.125,1.88,2.37,N,N,08/2020,Analyst
53-6011.00,1.A.1.b.2,Originality,IM,2.25,8,0.1637,1.9292,2.5708,N,,08/2020,Analyst
53-6011.00,1.A.1.b.2,Originality,LV,2.12,8,0.125,1.88,2.37,N,N,08/2020,Analyst
53-6011.00,1.A.1.b.3,Problem Sensitivity,IM,3.0,8,0.0,3.0,3.0,N,,08/2020,Analyst
53-6011.00,1.A.1.b.3,Problem Sensitivity,LV,2.88,8,0.125,2.63,3.12,N,N,08/2020,Analyst
53-6011.00,1.A.1.b.4,Deductive Reasoning,IM,2.88,8,0.125,2.63,3.12,N,,08/2020,Analyst
53-6011.00,1.A.1.b.4,Deductive Reasoning,LV,2.88,8,0.125,2.63,3.12,N,N,08/2020,Analyst
53-6011.00,1.A.1.b.5,Inductive Reasoning,IM,2.88,8,0.125,2.63,3.12,N,,08/2020,Analyst
53-6011.00,1.A.1.b.5,Inductive Reasoning,LV,2.75,8,0.1637,2.4292,3.0708,N,N,08/2020,Analyst
53-6011.00,1.A.1.b.6,Information Ordering,IM,3.25,8,0.1637,2.9292,3.5708,N,,08/2020,Analyst
53-6011.00,1.A.1.b.6,Information Ordering,LV,3.0,8,0.0,3.0,3.0,N,N,08/2020,Analyst
53-6011.00,1.A.1.b.7,Category Flexibility,IM,2.88,8,0.125,2.63,3.12,N,,08/2020,Analyst
53-6011.00,1.A.1.b.7,Category Flexibility,LV,2.88,8,0.125,2.63,3.12,N,N,08/2020,Analyst
53-6011.00,1.A.1.c.1,Mathematical Reasoning,IM,2.0,8,0.0,2.0,2.0,N,,08/2020,Analyst
53-6011.00,1.A.1.c.1,Mathematical Reasoning,LV,1.88,8,0.125,1.63,2.12,N,N,08/2020,Analyst
53-6011.00,1.A.1.c.2,Number Facility,IM,2.12,8,0.125,1.88,2.37,N,,08/2020,Analyst
53-6011.00,1.A.1.c.2,Number Facility,LV,2.0,8,0.189,1.6296,2.3704,N,N,08/2020,Analyst
53-6011.00,1.A.1.d.1,Memorization,IM,2.25,8,0.1637,1.9292,2.5708,N,,08/2020,Analyst
53-6011.00,1.A.1.d.1,Memorization,LV,2.25,8,0.1637,1.9292,2.5708,N,N,08/2020,Analyst
53-6011.00,1.A.1.e.1,Speed of Closure,IM,2.12,8,0.125,1.88,2.37,N,,08/2020,Analyst
53-6011.00,1.A.1.e.1,Speed of Closure,LV,2.38,8,0.183,2.0164,2.7336,N,N,08/2020,Analyst
53-6011.00,1.A.1.e.2,Flexibility of Closure,IM,2.75,8,0.1637,2.4292,3.0708,N,,08/2020,Analyst
53-6011.00,1.A.1.e.2,Flexibility of Closure,LV,2.75,8,0.1637,2.4292,3.0708,N,N,08/2020,Analyst
53-6011.00,1.A.1.e.3,Perceptual Speed,IM,3.0,8,0.0,3.0,3.0,N,,08/2020,Analyst
53-6011.00,1.A.1.e.3,Perceptual Speed,LV,2.88,8,0.125,2.63,3.12,N,N,08/2020,Analyst
53-6011.00,1.A.1.f.1,Spatial Orientation,IM,2.0,8,0.0,2.0,2.0,N,,08/2020,Analyst
53-6011.00,1.A.1.f.1,Spatial Orientation,LV,1.75,8,0.1637,1.4292,2.0708,N,N,08/2020,Analyst
53-6011.00,1.A.1.f.2,Visualization,IM,2.5,8,0.189,2.1296,2.8704,N,,08/2020,Analyst
53-6011.00,1.A.1.f.2,Visualization,LV,2.0,8,0.0,2.0,2.0,N,N,08/2020,Analyst
53-6011.00,1.A.1.g.1,Selective Attention,IM,3.12,8,0.125,2.88,3.37,N,,08/2020,Analyst
53-6011.00,1.A.1.g.1,Selective Attention,LV,3.12,8,0.125,2.88,3.37,N,N,08/2020,Analyst
53-6011.00,1.A.1.g.2,Time Sharing,IM,2.62,8,0.183,2.2664,2.9836,N,,08/2020,Analyst
53-6011.00,1.A.1.g.2,Time Sharing,LV,2.88,8,0.125,2.63,3.12,N,N,08/2020,Analyst
53-6011.00,1.A.2.a.1,Arm-Hand Steadiness,IM,3.0,8,0.0,3.0,3.0,N,,08/2020,Analyst
53-6011.00,1.A.2.a.1,Arm-Hand Steadiness,LV,2.75,8,0.1637,2.4292,3.0708,N,N,08/2020,Analyst
53-6011.00,1.A.2.a.2,Manual Dexterity,IM,2.62,8,0.183,2.2664,2.9836,N,,08/2020,Analyst
53-6011.00,1.A.2.a.2,Manual Dexterity,LV,2.5,8,0.189,2.1296,2.8704,N,N,08/2020,Analyst
53-6011.00,1.A.2.a.3,Finger Dexterity,IM,2.62,8,0.183,2.2664,2.9836,N,,08/2020,Analyst
53-6011.00,1.A.2.a.3,Finger Dexterity,LV,2.62,8,0.183,2.2664,2.9836,N,N,08/2020,Analyst
53-6011.00,1.A.2.b.1,Control Precision,IM,3.12,8,0.125,2.88,3.37,N,,08/2020,Analyst
53-6011.00,1.A.2.b.1,Control Precision,LV,3.25,8,0.1637,2.9292,3.5708,N,N,08/2020,Analyst
53-6011.00,1.A.2.b.2,Multilimb Coordination,IM,2.88,8,0.125,2.63,3.12,N,,08/2020,Analyst
53-6011.00,1.A.2.b.2,Multilimb Coordination,LV,3.0,8,0.0,3.0,3.0,N,N,08/2020,Analyst
53-6011.00,1.A.2.b.3,Response Orientation,IM,2.62,8,0.183,2.2664,2.9836,N,,08/2020,Analyst
53-6011.00,1.A.2.b.3,Response Orientation,LV,2.62,8,0.183,2.2664,2.9836,N,N,08/2020,Analyst
53-6011.00,1.A.2.b.4,Rate Control,IM,2.75,8,0.1637,2.4292,3.0708,N,,08/2020,Analyst
53-6011.00,1.A.2.b.4,Rate Control,LV,2.62,8,0.2631,2.1094,3.1406,N,N,08/2020,Analyst
53-6011.00,1.A.2.c.1,Reaction Time,IM,3.0,8,0.189,2.6296,3.3704,N,,08/2020,Analyst
53-6011.00,1.A.2.c.1,Reaction Time,LV,3.12,8,0.125,2.88,3.37,N,N,08/2020,Analyst
53-6011.00,1.A.2.c.2,Wrist-Finger Speed,IM,2.12,8,0.125,1.88,2.37,N,,08/2020,Analyst
53-6011.00,1.A.2.c.2,Wrist-Finger Speed,LV,2.0,8,0.189,1.6296,2.3704,N,N,08/2020,Analyst
53-6011.00,1.A.2.c.3,Speed of Limb Movement,IM,2.0,8,0.189,1.6296,2.3704,N,,08/2020,Analyst
53-6011.00,1.A.2.c.3,Speed of Limb Movement,LV,1.88,8,0.295,1.2967,2.4533,N,N,08/2020,Analyst
53-6011.00,1.A.3.a.1,Static Strength,IM,2.12,8,0.125,1.88,2.37,N,,08/2020,Analyst
53-6011.00,1.A.3.a.1,Static Strength,LV,2.25,8,0.1637,1.9292,2.5708,N,N,08/2020,Analyst
53-6011.00,1.A.3.a.2,Explosive Strength,IM,1.88,8,0.2266,1.4309,2.3191,N,,08/2020,Analyst
53-6011.00,1.A.3.a.2,Explosive Strength,LV,1.0,8,0.3273,0.3584,1.6416,N,N,08/2020,Analyst
53-6011.00,1.A.3.a.3,Dynamic Strength,IM,2.12,8,0.125,1.88,2.37,N,,08/2020,Analyst
53-6011.00,1.A.3.a.3,Dynamic Strength,LV,2.0,8,0.189,1.6296,2.3704,N,N,08/2020,Analyst
53-6011.00,1.A.3.a.4,Trunk Strength,IM,2.38,8,0.183,2.0164,2.7336,N,,08/2020,Analyst
53-6011.00,1.A.3.a.4,Trunk Strength,LV,2.38,8,0.2631,1.8594,2.8906,N,N,08/2020,Analyst
53-6011.00,1.A.3.b.1,Stamina,IM,2.0,8,0.0,2.0,2.0,N,,08/2020,Analyst
53-6011.00,1.A.3.b.1,Stamina,LV,1.75,8,0.1637,1.4292,2.0708,N,N,08/2020,Analyst
53-6011.00,1.A.3.c.1,Extent Flexibility,IM,2.12,8,0.125,1.88,2.37,N,,08/2020,Analyst
53-6011.00,1.A.3.c.1,Extent Flexibility,LV,2.0,8,0.189,1.6296,2.3704,N,N,08/2020,Analyst
53-6011.00,1.A.3.c.2,Dynamic Flexibility,IM,1.0,8,0.0,1.0,1.0,N,,08/2020,Analyst
53-6011.00,1.A.3.c.2,Dynamic Flexibility,LV,0.0,8,0.0,0.0,0.0,N,Y,08/2020,Analyst
53-6011.00,1.A.3.c.3,Gross Body Coordination,IM,2.0,8,0.0,2.0,2.0,N,,08/2020,Analyst
53-6011.00,1.A.3.c.3,Gross Body Coordination,LV,2.0,8,0.189,1.6296,2.3704,N,N,08/2020,Analyst
53-6011.00,1.A.3.c.4,Gross Body Equilibrium,IM,2.12,8,0.125,1.88,2.37,N,,08/2020,Analyst
53-6011.00,1.A.3.c.4,Gross Body Equilibrium,LV,2.0,8,0.189,1.6296,2.3704,N,N,08/2020,Analyst
53-6011.00,1.A.4.a.1,Near Vision,IM,3.25,8,0.1637,2.9292,3.5708,N,,08/2020,Analyst
53-6011.00,1.A.4.a.1,Near Vision,LV,3.0,8,0.0,3.0,3.0,N,N,08/2020,Analyst
53-6011.00,1.A.4.a.2,Far Vision,IM,3.12,8,0.125,2.88,3.37,N,,08/2020,Analyst
53-6011.00,1.A.4.a.2,Far Vision,LV,3.75,8,0.1637,3.4292,4.0708,N,N,08/2020,Analyst
53-6011.00,1.A.4.a.3,Visual Color Discrimination,IM,2.38,8,0.183,2.0164,2.7336,N,,08/2020,Analyst
53-6011.00,1.A.4.a.3,Visual Color Discrimination,LV,2.5,8,0.189,2.1296,2.8704,N,N,08/2020,Analyst
53-6011.00,1.A.4.a.4,Night Vision,IM,2.25,8,0.1637,1.9292,2.5708,N,,08/2020,Analyst
53-6011.00,1.A.4.a.4,Night Vision,LV,2.0,8,0.0,2.0,2.0,N,N,08/2020,Analyst
53-6011.00,1.A.4.a.5,Peripheral Vision,IM,2.25,8,0.1637,1.9292,2.5708,N,,08/2020,Analyst
53-6011.00,1.A.4.a.5,Peripheral Vision,LV,2.12,8,0.125,1.88,2.37,N,N,08/2020,Analyst
53-6011.00,1.A.4.a.6,Depth Perception,IM,2.62,8,0.183,2.2664,2.9836,N,,08/2020,Analyst
53-6011.00,1.A.4.a.6,Depth Perception,LV,2.88,8,0.125,2.63,3.12,N,N,08/2020,Analyst
53-6011.00,1.A.4.a.7,Glare Sensitivity,IM,2.88,8,0.125,2.63,3.12,N,,08/2020,Analyst
53-6011.00,1.A.4.a.7,Glare Sensitivity,LV,3.0,8,0.0,3.0,3.0,N,N,08/2020,Analyst
53-6011.00,1.A.4.b.1,Hearing Sensitivity,IM,3.0,8,0.0,3.0,3.0,N,,08/2020,Analyst
53-6011.00,1.A.4.b.1,Hearing Sensitivity,LV,3.0,8,0.0,3.0,3.0,N,N,08/2020,Analyst
53-6011.00,1.A.4.b.2,Auditory Attention,IM,3.12,8,0.125,2.88,3.37,N,,08/2020,Analyst
53-6011.00,1.A.4.b.2,Auditory Attention,LV,3.0,8,0.0,3.0,3.0,N,N,08/2020,Analyst
53-6011.00,1.A.4.b.3,Sound Localization,IM,2.75,8,0.1637,2.4292,3.0708,N,,08/2020,Analyst
53-6011.00,1.A.4.b.3,Sound Localization,LV,2.12,8,0.125,1.88,2.37,N,N,08/2020,Analyst
53-6011.00,1.A.4.b.4,Speech Recognition,IM,3.0,8,0.0,3.0,3.0,N,,08/2020,Analyst
53-6011.00,1.A.4.b.4,Speech Recognition,LV,3.0,8,0.0,3.0,3.0,N,N,08/2020,Analyst
53-6011.00,1.A.4.b.5,Speech Clarity,IM,3.0,8,0.0,3.0,3.0,N,,08/2020,Analyst
53-6011.00,1.A.4.b.5,Speech Clarity,LV,3.12,8,0.125,2.88,3.37,N,N,08/2020,Analyst
53-6021.00,1.A.1.a.1,Oral Comprehension,IM,3.38,8,0.183,3.0164,3.7336,N,,07/2015,Analyst
53-6021.00,1.A.1.a.1,Oral Comprehension,LV,2.88,8,0.125,2.63,3.12,N,N,07/2015,Analyst
53-6021.00,1.A.1.a.2,Written Comprehension,IM,2.62,8,0.183,2.2664,2.9836,N,,07/2015,Analyst
53-6021.00,1.A.1.a.2,Written Comprehension,LV,2.25,8,0.1637,1.9292,2.5708,N,N,07/2015,Analyst
53-6021.00,1.A.1.a.3,Oral Expression,IM,3.38,8,0.183,3.0164,3.7336,N,,07/2015,Analyst
53-6021.00,1.A.1.a.3,Oral Expression,LV,3.38,8,0.183,3.0164,3.7336,N,N,07/2015,Analyst
53-6021.00,1.A.1.a.4,Written Expression,IM,2.62,8,0.183,2.2664,2.9836,N,,07/2015,Analyst
53-6021.00,1.A.1.a.4,Written Expression,LV,2.0,8,0.0,2.0,2.0,N,N,07/2015,Analyst
53-6021.00,1.A.1.b.1,Fluency of Ideas,IM,2.0,8,0.189,1.6296,2.3704,N,,07/2015,Analyst
53-6021.00,1.A.1.b.1,Fluency of Ideas,LV,1.75,8,0.25,1.26,2.24,N,N,07/2015,Analyst
53-6021.00,1.A.1.b.2,Originality,IM,2.0,8,0.189,1.6296,2.3704,N,,07/2015,Analyst
53-6021.00,1.A.1.b.2,Originality,LV,1.75,8,0.25,1.26,2.24,N,N,07/2015,Analyst
53-6021.00,1.A.1.b.3,Problem Sensitivity,IM,3.25,8,0.1637,2.9292,3.5708,N,,07/2015,Analyst
53-6021.00,1.A.1.b.3,Problem Sensitivity,LV,2.88,8,0.125,2.63,3.12,N,N,07/2015,Analyst
53-6021.00,1.A.1.b.4,Deductive Reasoning,IM,3.0,8,0.0,3.0,3.0,N,,07/2015,Analyst
53-6021.00,1.A.1.b.4,Deductive Reasoning,LV,2.5,8,0.189,2.1296,2.8704,N,N,07/2015,Analyst
53-6021.00,1.A.1.b.5,Inductive Reasoning,IM,3.0,8,0.0,3.0,3.0,N,,07/2015,Analyst
53-6021.00,1.A.1.b.5,Inductive Reasoning,LV,2.5,8,0.189,2.1296,2.8704,N,N,07/2015,Analyst
53-6021.00,1.A.1.b.6,Information Ordering,IM,3.0,8,0.0,3.0,3.0,N,,07/2015,Analyst
53-6021.00,1.A.1.b.6,Information Ordering,LV,2.5,8,0.2673,1.9762,3.0238,N,N,07/2015,Analyst
53-6021.00,1.A.1.b.7,Category Flexibility,IM,2.5,8,0.189,2.1296,2.8704,N,,07/2015,Analyst
53-6021.00,1.A.1.b.7,Category Flexibility,LV,2.62,8,0.2631,2.1094,3.1406,N,N,07/2015,Analyst
53-6021.00,1.A.1.c.1,Mathematical Reasoning,IM,2.5,8,0.189,2.1296,2.8704,N,,07/2015,Analyst
53-6021.00,1.A.1.c.1,Mathematical Reasoning,LV,1.75,8,0.1637,1.4292,2.0708,N,N,07/2015,Analyst
53-6021.00,1.A.1.c.2,Number Facility,IM,2.62,8,0.183,2.2664,2.9836,N,,07/2015,Analyst
53-6021.00,1.A.1.c.2,Number Facility,LV,2.12,8,0.125,1.88,2.37,N,N,07/2015,Analyst
53-6021.00,1.A.1.d.1,Memorization,IM,2.12,8,0.125,1.88,2.37,N,,07/2015,Analyst
53-6021.00,1.A.1.d.1,Memorization,LV,2.0,8,0.0,2.0,2.0,N,N,07/2015,Analyst
53-6021.00,1.A.1.e.1,Speed of Closure,IM,2.12,8,0.125,1.88,2.37,N,,07/2015,Analyst
53-6021.00,1.A.1.e.1,Speed of Closure,LV,2.0,8,0.189,1.6296,2.3704,N,N,07/2015,Analyst
53-6021.00,1.A.1.e.2,Flexibility of Closure,IM,2.75,8,0.1637,2.4292,3.0708,N,,07/2015,Analyst
53-6021.00,1.A.1.e.2,Flexibility of Closure,LV,3.0,8,0.0,3.0,3.0,N,N,07/2015,Analyst
53-6021.00,1.A.1.e.3,Perceptual Speed,IM,2.88,8,0.125,2.63,3.12,N,,07/2015,Analyst
53-6021.00,1.A.1.e.3,Perceptual Speed,LV,2.75,8,0.25,2.26,3.24,N,N,07/2015,Analyst
53-6021.00,1.A.1.f.1,Spatial Orientation,IM,3.12,8,0.125,2.88,3.37,N,,07/2015,Analyst
53-6021.00,1.A.1.f.1,Spatial Orientation,LV,2.75,8,0.1637,2.4292,3.0708,N,N,07/2015,Analyst
53-6021.00,1.A.1.f.2,Visualization,IM,2.88,8,0.125,2.63,3.12,N,,07/2015,Analyst
53-6021.00,1.A.1.f.2,Visualization,LV,2.62,8,0.2631,2.1094,3.1406,N,N,07/2015,Analyst
53-6021.00,1.A.1.g.1,Selective Attention,IM,3.0,8,0.0,3.0,3.0,N,,07/2015,Analyst
53-6021.00,1.A.1.g.1,Selective Attention,LV,3.12,8,0.125,2.88,3.37,N,N,07/2015,Analyst
53-6021.00,1.A.1.g.2,Time Sharing,IM,2.5,8,0.2673,1.9762,3.0238,N,,07/2015,Analyst
53-6021.00,1.A.1.g.2,Time Sharing,LV,2.38,8,0.375,1.64,3.11,N,N,07/2015,Analyst
53-6021.00,1.A.2.a.1,Arm-Hand Steadiness,IM,2.75,8,0.1637,2.4292,3.0708,N,,07/2015,Analyst
53-6021.00,1.A.2.a.1,Arm-Hand Steadiness,LV,2.12,8,0.295,1.5467,2.7033,N,N,07/2015,Analyst
53-6021.00,1.A.2.a.2,Manual Dexterity,IM,2.88,8,0.125,2.63,3.12,N,,07/2015,Analyst
53-6021.00,1.A.2.a.2,Manual Dexterity,LV,2.5,8,0.189,2.1296,2.8704,N,N,07/2015,Analyst
53-6021.00,1.A.2.a.3,Finger Dexterity,IM,2.5,8,0.189,2.1296,2.8704,N,,07/2015,Analyst
53-6021.00,1.A.2.a.3,Finger Dexterity,LV,2.5,8,0.189,2.1296,2.8704,N,N,07/2015,Analyst
53-6021.00,1.A.2.b.1,Control Precision,IM,3.0,8,0.0,3.0,3.0,N,,07/2015,Analyst
53-6021.00,1.A.2.b.1,Control Precision,LV,2.88,8,0.125,2.63,3.12,N,N,07/2015,Analyst
53-6021.00,1.A.2.b.2,Multilimb Coordination,IM,3.0,8,0.189,2.6296,3.3704,N,,07/2015,Analyst
53-6021.00,1.A.2.b.2,Multilimb Coordination,LV,2.62,8,0.183,2.2664,2.9836,N,N,07/2015,Analyst
53-6021.00,1.A.2.b.3,Response Orientation,IM,2.62,8,0.183,2.2664,2.9836,N,,07/2015,Analyst
53-6021.00,1.A.2.b.3,Response Orientation,LV,2.62,8,0.183,2.2664,2.9836,N,N,07/2015,Analyst
53-6021.00,1.A.2.b.4,Rate Control,IM,1.88,8,0.125,1.63,2.12,N,,07/2015,Analyst
53-6021.00,1.A.2.b.4,Rate Control,LV,1.75,8,0.25,1.26,2.24,N,N,07/2015,Analyst
53-6021.00,1.A.2.c.1,Reaction Time,IM,2.88,8,0.125,2.63,3.12,N,,07/2015,Analyst
53-6021.00,1.A.2.c.1,Reaction Time,LV,2.75,8,0.1637,2.4292,3.0708,N,N,07/2015,Analyst
53-6021.00,1.A.2.c.2,Wrist-Finger Speed,IM,2.0,8,0.0,2.0,2.0,N,,07/2015,Analyst
53-6021.00,1.A.2.c.2,Wrist-Finger Speed,LV,1.0,8,0.0,1.0,1.0,N,N,07/2015,Analyst
53-6021.00,1.A.2.c.3,Speed of Limb Movement,IM,2.12,8,0.295,1.5467,2.7033,N,,07/2015,Analyst
53-6021.00,1.A.2.c.3,Speed of Limb Movement,LV,1.62,8,0.375,0.89,2.36,N,N,07/2015,Analyst
53-6021.00,1.A.3.a.1,Static Strength,IM,2.5,8,0.189,2.1296,2.8704,N,,07/2015,Analyst
53-6021.00,1.A.3.a.1,Static Strength,LV,2.38,8,0.183,2.0164,2.7336,N,N,07/2015,Analyst
53-6021.00,1.A.3.a.2,Explosive Strength,IM,1.88,8,0.125,1.63,2.12,N,,07/2015,Analyst
53-6021.00,1.A.3.a.2,Explosive Strength,LV,1.62,8,0.2631,1.1094,2.1406,N,N,07/2015,Analyst
53-6021.00,1.A.3.a.3,Dynamic Strength,IM,2.0,8,0.0,2.0,2.0,N,,07/2015,Analyst
53-6021.00,1.A.3.a.3,Dynamic Strength,LV,1.75,8,0.1637,1.4292,2.0708,N,N,07/2015,Analyst
53-6021.00,1.A.3.a.4,Trunk Strength,IM,2.88,8,0.125,2.63,3.12,N,,07/2015,Analyst
53-6021.00,1.A.3.a.4,Trunk Strength,LV,2.62,8,0.183,2.2664,2.9836,N,N,07/2015,Analyst
53-6021.00,1.A.3.b.1,Stamina,IM,2.75,8,0.1637,2.4292,3.0708,N,,07/2015,Analyst
53-6021.00,1.A.3.b.1,Stamina,LV,2.38,8,0.2631,1.8594,2.8906,N,N,07/2015,Analyst
53-6021.00,1.A.3.c.1,Extent Flexibility,IM,2.88,8,0.125,2.63,3.12,N,,07/2015,Analyst
53-6021.00,1.A.3.c.1,Extent Flexibility,LV,2.62,8,0.183,2.2664,2.9836,N,N,07/2015,Analyst
53-6021.00,1.A.3.c.2,Dynamic Flexibility,IM,1.12,8,0.125,1.0,1.37,N,,07/2015,Analyst
53-6021.00,1.A.3.c.2,Dynamic Flexibility,LV,0.12,8,0.125,0.0,0.37,N,Y,07/2015,Analyst
53-6021.00,1.A.3.c.3,Gross Body Coordination,IM,2.75,8,0.1637,2.4292,3.0708,N,,07/2015,Analyst
53-6021.00,1.A.3.c.3,Gross Body Coordination,LV,2.12,8,0.125,1.88,2.37,N,N,07/2015,Analyst
53-6021.00,1.A.3.c.4,Gross Body Equilibrium,IM,1.88,8,0.125,1.63,2.12,N,,07/2015,Analyst
53-6021.00,1.A.3.c.4,Gross Body Equilibrium,LV,1.62,8,0.2631,1.1094,2.1406,N,N,07/2015,Analyst
53-6021.00,1.A.4.a.1,Near Vision,IM,3.38,8,0.183,3.0164,3.7336,N,,07/2015,Analyst
53-6021.00,1.A.4.a.1,Near Vision,LV,3.0,8,0.189,2.6296,3.3704,N,N,07/2015,Analyst
53-6021.00,1.A.4.a.2,Far Vision,IM,3.5,8,0.189,3.1296,3.8704,N,,07/2015,Analyst
53-6021.00,1.A.4.a.2,Far Vision,LV,3.0,8,0.0,3.0,3.0,N,N,07/2015,Analyst
53-6021.00,1.A.4.a.3,Visual Color Discrimination,IM,2.88,8,0.125,2.63,3.12,N,,07/2015,Analyst
53-6021.00,1.A.4.a.3,Visual Color Discrimination,LV,2.5,8,0.189,2.1296,2.8704,N,N,07/2015,Analyst
53-6021.00,1.A.4.a.4,Night Vision,IM,2.75,8,0.1637,2.4292,3.0708,N,,07/2015,Analyst
53-6021.00,1.A.4.a.4,Night Vision,LV,2.38,8,0.183,2.0164,2.7336,N,N,07/2015,Analyst
53-6021.00,1.A.4.a.5,Peripheral Vision,IM,2.75,8,0.1637,2.4292,3.0708,N,,07/2015,Analyst
53-6021.00,1.A.4.a.5,Peripheral Vision,LV,2.38,8,0.183,2.0164,2.7336,N,N,07/2015,Analyst
53-6021.00,1.A.4.a.6,Depth Perception,IM,3.0,8,0.189,2.6296,3.3704,N,,07/2015,Analyst
53-6021.00,1.A.4.a.6,Depth Perception,LV,2.75,8,0.1637,2.4292,3.0708,N,N,07/2015,Analyst
53-6021.00,1.A.4.a.7,Glare Sensitivity,IM,2.38,8,0.2631,1.8594,2.8906,N,,07/2015,Analyst
53-6021.00,1.A.4.a.7,Glare Sensitivity,LV,1.88,8,0.295,1.2967,2.4533,N,N,07/2015,Analyst
53-6021.00,1.A.4.b.1,Hearing Sensitivity,IM,2.0,8,0.189,1.6296,2.3704,N,,07/2015,Analyst
53-6021.00,1.A.4.b.1,Hearing Sensitivity,LV,1.75,8,0.25,1.26,2.24,N,N,07/2015,Analyst
53-6021.00,1.A.4.b.2,Auditory Attention,IM,2.12,8,0.125,1.88,2.37,N,,07/2015,Analyst
53-6021.00,1.A.4.b.2,Auditory Attention,LV,2.25,8,0.1637,1.9292,2.5708,N,N,07/2015,Analyst
53-6021.00,1.A.4.b.3,Sound Localization,IM,2.0,8,0.189,1.6296,2.3704,N,,07/2015,Analyst
53-6021.00,1.A.4.b.3,Sound Localization,LV,1.75,8,0.25,1.26,2.24,N,N,07/2015,Analyst
53-6021.00,1.A.4.b.4,Speech Recognition,IM,3.38,8,0.183,3.0164,3.7336,N,,07/2015,Analyst
53-6021.00,1.A.4.b.4,Speech Recognition,LV,3.0,8,0.0,3.0,3.0,N,N,07/2015,Analyst
53-6021.00,1.A.4.b.5,Speech Clarity,IM,3.25,8,0.1637,2.9292,3.5708,N,,07/2015,Analyst
53-6021.00,1.A.4.b.5,Speech Clarity,LV,2.75,8,0.1637,2.4292,3.0708,N,N,07/2015,Analyst
53-6031.00,1.A.1.a.1,Oral Comprehension,IM,3.38,8,0.183,3.0164,3.7336,N,,07/2016,Analyst
53-6031.00,1.A.1.a.1,Oral Comprehension,LV,3.12,8,0.125,2.88,3.37,N,N,07/2016,Analyst
53-6031.00,1.A.1.a.2,Written Comprehension,IM,2.88,8,0.125,2.63,3.12,N,,07/2016,Analyst
53-6031.00,1.A.1.a.2,Written Comprehension,LV,2.88,8,0.125,2.63,3.12,N,N,07/2016,Analyst
53-6031.00,1.A.1.a.3,Oral Expression,IM,3.38,8,0.183,3.0164,3.7336,N,,07/2016,Analyst
53-6031.00,1.A.1.a.3,Oral Expression,LV,3.88,8,0.125,3.63,4.12,N,N,07/2016,Analyst
53-6031.00,1.A.1.a.4,Written Expression,IM,2.62,8,0.183,2.2664,2.9836,N,,07/2016,Analyst
53-6031.00,1.A.1.a.4,Written Expression,LV,2.12,8,0.125,1.88,2.37,N,N,07/2016,Analyst
53-6031.00,1.A.1.b.1,Fluency of Ideas,IM,2.25,8,0.1637,1.9292,2.5708,N,,07/2016,Analyst
53-6031.00,1.A.1.b.1,Fluency of Ideas,LV,1.88,8,0.125,1.63,2.12,N,N,07/2016,Analyst
53-6031.00,1.A.1.b.2,Originality,IM,2.12,8,0.125,1.88,2.37,N,,07/2016,Analyst
53-6031.00,1.A.1.b.2,Originality,LV,1.88,8,0.125,1.63,2.12,N,N,07/2016,Analyst
53-6031.00,1.A.1.b.3,Problem Sensitivity,IM,3.0,8,0.2673,2.4762,3.5238,N,,07/2016,Analyst
53-6031.00,1.A.1.b.3,Problem Sensitivity,LV,2.5,8,0.189,2.1296,2.8704,N,N,07/2016,Analyst
53-6031.00,1.A.1.b.4,Deductive Reasoning,IM,3.12,8,0.2266,2.6809,3.5691,N,,07/2016,Analyst
53-6031.00,1.A.1.b.4,Deductive Reasoning,LV,2.5,8,0.189,2.1296,2.8704,N,N,07/2016,Analyst
53-6031.00,1.A.1.b.5,Inductive Reasoning,IM,2.75,8,0.1637,2.4292,3.0708,N,,07/2016,Analyst
53-6031.00,1.A.1.b.5,Inductive Reasoning,LV,2.38,8,0.183,2.0164,2.7336,N,N,07/2016,Analyst
53-6031.00,1.A.1.b.6,Information Ordering,IM,3.12,8,0.125,2.88,3.37,N,,07/2016,Analyst
53-6031.00,1.A.1.b.6,Information Ordering,LV,2.75,8,0.1637,2.4292,3.0708,N,N,07/2016,Analyst
53-6031.00,1.A.1.b.7,Category Flexibility,IM,2.75,8,0.1637,2.4292,3.0708,N,,07/2016,Analyst
53-6031.00,1.A.1.b.7,Category Flexibility,LV,2.38,8,0.183,2.0164,2.7336,N,N,07/2016,Analyst
53-6031.00,1.A.1.c.1,Mathematical Reasoning,IM,2.38,8,0.183,2.0164,2.7336,N,,07/2016,Analyst
53-6031.00,1.A.1.c.1,Mathematical Reasoning,LV,1.75,8,0.1637,1.4292,2.0708,N,N,07/2016,Analyst
53-6031.00,1.A.1.c.2,Number Facility,IM,2.25,8,0.1637,1.9292,2.5708,N,,07/2016,Analyst
53-6031.00,1.A.1.c.2,Number Facility,LV,2.12,8,0.125,1.88,2.37,N,N,07/2016,Analyst
53-6031.00,1.A.1.d.1,Memorization,IM,2.12,8,0.125,1.88,2.37,N,,07/2016,Analyst
53-6031.00,1.A.1.d.1,Memorization,LV,1.88,8,0.125,1.63,2.12,N,N,07/2016,Analyst
53-6031.00,1.A.1.e.1,Speed of Closure,IM,2.38,8,0.183,2.0164,2.7336,N,,07/2016,Analyst
53-6031.00,1.A.1.e.1,Speed of Closure,LV,2.0,8,0.189,1.6296,2.3704,N,N,07/2016,Analyst
53-6031.00,1.A.1.e.2,Flexibility of Closure,IM,2.75,8,0.1637,2.4292,3.0708,N,,07/2016,Analyst
53-6031.00,1.A.1.e.2,Flexibility of Closure,LV,2.38,8,0.183,2.0164,2.7336,N,N,07/2016,Analyst
53-6031.00,1.A.1.e.3,Perceptual Speed,IM,2.75,8,0.1637,2.4292,3.0708,N,,07/2016,Analyst
53-6031.00,1.A.1.e.3,Perceptual Speed,LV,2.38,8,0.183,2.0164,2.7336,N,N,07/2016,Analyst
53-6031.00,1.A.1.f.1,Spatial Orientation,IM,2.25,8,0.1637,1.9292,2.5708,N,,07/2016,Analyst
53-6031.00,1.A.1.f.1,Spatial Orientation,LV,1.88,8,0.125,1.63,2.12,N,N,07/2016,Analyst
53-6031.00,1.A.1.f.2,Visualization,IM,3.0,8,0.189,2.6296,3.3704,N,,07/2016,Analyst
53-6031.00,1.A.1.f.2,Visualization,LV,3.0,8,0.189,2.6296,3.3704,N,N,07/2016,Analyst
53-6031.00,1.A.1.g.1,Selective Attention,IM,2.88,8,0.2266,2.4309,3.3191,N,,07/2016,Analyst
53-6031.00,1.A.1.g.1,Selective Attention,LV,2.75,8,0.1637,2.4292,3.0708,N,N,07/2016,Analyst
53-6031.00,1.A.1.g.2,Time Sharing,IM,2.75,8,0.1637,2.4292,3.0708,N,,07/2016,Analyst
53-6031.00,1.A.1.g.2,Time Sharing,LV,2.38,8,0.183,2.0164,2.7336,N,N,07/2016,Analyst
53-6031.00,1.A.2.a.1,Arm-Hand Steadiness,IM,3.12,8,0.125,2.88,3.37,N,,07/2016,Analyst
53-6031.00,1.A.2.a.1,Arm-Hand Steadiness,LV,3.0,8,0.0,3.0,3.0,N,N,07/2016,Analyst
53-6031.00,1.A.2.a.2,Manual Dexterity,IM,3.25,8,0.1637,2.9292,3.5708,N,,07/2016,Analyst
53-6031.00,1.A.2.a.2,Manual Dexterity,LV,3.0,8,0.0,3.0,3.0,N,N,07/2016,Analyst
53-6031.00,1.A.2.a.3,Finger Dexterity,IM,3.25,8,0.1637,2.9292,3.5708,N,,07/2016,Analyst
53-6031.00,1.A.2.a.3,Finger Dexterity,LV,3.12,8,0.125,2.88,3.37,N,N,07/2016,Analyst
53-6031.00,1.A.2.b.1,Control Precision,IM,3.25,8,0.1637,2.9292,3.5708,N,,07/2016,Analyst
53-6031.00,1.A.2.b.1,Control Precision,LV,3.0,8,0.189,2.6296,3.3704,N,N,07/2016,Analyst
53-6031.00,1.A.2.b.2,Multilimb Coordination,IM,3.12,8,0.125,2.88,3.37,N,,07/2016,Analyst
53-6031.00,1.A.2.b.2,Multilimb Coordination,LV,3.12,8,0.125,2.88,3.37,N,N,07/2016,Analyst
53-6031.00,1.A.2.b.3,Response Orientation,IM,2.62,8,0.183,2.2664,2.9836,N,,07/2016,Analyst
53-6031.00,1.A.2.b.3,Response Orientation,LV,2.62,8,0.183,2.2664,2.9836,N,N,07/2016,Analyst
53-6031.00,1.A.2.b.4,Rate Control,IM,1.88,8,0.125,1.63,2.12,N,,07/2016,Analyst
53-6031.00,1.A.2.b.4,Rate Control,LV,1.62,8,0.2631,1.1094,2.1406,N,N,07/2016,Analyst
53-6031.00,1.A.2.c.1,Reaction Time,IM,2.88,8,0.125,2.63,3.12,N,,07/2016,Analyst
53-6031.00,1.A.2.c.1,Reaction Time,LV,2.75,8,0.1637,2.4292,3.0708,N,N,07/2016,Analyst
53-6031.00,1.A.2.c.2,Wrist-Finger Speed,IM,2.5,8,0.189,2.1296,2.8704,N,,07/2016,Analyst
53-6031.00,1.A.2.c.2,Wrist-Finger Speed,LV,2.25,8,0.1637,1.9292,2.5708,N,N,07/2016,Analyst
53-6031.00,1.A.2.c.3,Speed of Limb Movement,IM,1.88,8,0.125,1.63,2.12,N,,07/2016,Analyst
53-6031.00,1.A.2.c.3,Speed of Limb Movement,LV,1.75,8,0.25,1.26,2.24,N,N,07/2016,Analyst
53-6031.00,1.A.3.a.1,Static Strength,IM,3.12,8,0.125,2.88,3.37,N,,07/2016,Analyst
53-6031.00,1.A.3.a.1,Static Strength,LV,3.0,8,0.0,3.0,3.0,N,N,07/2016,Analyst
53-6031.00,1.A.3.a.2,Explosive Strength,IM,1.75,8,0.25,1.26,2.24,N,,07/2016,Analyst
53-6031.00,1.A.3.a.2,Explosive Strength,LV,0.88,8,0.295,0.2967,1.4533,N,N,07/2016,Analyst
53-6031.00,1.A.3.a.3,Dynamic Strength,IM,2.38,8,0.2631,1.8594,2.8906,N,,07/2016,Analyst
53-6031.00,1.A.3.a.3,Dynamic Strength,LV,2.12,8,0.125,1.88,2.37,N,N,07/2016,Analyst
53-6031.00,1.A.3.a.4,Trunk Strength,IM,3.25,8,0.1637,2.9292,3.5708,N,,07/2016,Analyst
53-6031.00,1.A.3.a.4,Trunk Strength,LV,3.25,8,0.1637,2.9292,3.5708,N,N,07/2016,Analyst
53-6031.00,1.A.3.b.1,Stamina,IM,3.12,8,0.125,2.88,3.37,N,,07/2016,Analyst
53-6031.00,1.A.3.b.1,Stamina,LV,3.0,8,0.189,2.6296,3.3704,N,N,07/2016,Analyst
53-6031.00,1.A.3.c.1,Extent Flexibility,IM,3.12,8,0.125,2.88,3.37,N,,07/2016,Analyst
53-6031.00,1.A.3.c.1,Extent Flexibility,LV,3.38,8,0.2631,2.8594,3.8906,N,N,07/2016,Analyst
53-6031.00,1.A.3.c.2,Dynamic Flexibility,IM,1.0,8,0.0,1.0,1.0,N,,07/2016,Analyst
53-6031.00,1.A.3.c.2,Dynamic Flexibility,LV,0.0,8,0.0,0.0,0.0,N,Y,07/2016,Analyst
53-6031.00,1.A.3.c.3,Gross Body Coordination,IM,2.5,8,0.189,2.1296,2.8704,N,,07/2016,Analyst
53-6031.00,1.A.3.c.3,Gross Body Coordination,LV,2.25,8,0.1637,1.9292,2.5708,N,N,07/2016,Analyst
53-6031.00,1.A.3.c.4,Gross Body Equilibrium,IM,2.25,8,0.1637,1.9292,2.5708,N,,07/2016,Analyst
53-6031.00,1.A.3.c.4,Gross Body Equilibrium,LV,1.75,8,0.1637,1.4292,2.0708,N,N,07/2016,Analyst
53-6031.00,1.A.4.a.1,Near Vision,IM,3.25,8,0.1637,2.9292,3.5708,N,,07/2016,Analyst
53-6031.00,1.A.4.a.1,Near Vision,LV,3.12,8,0.125,2.88,3.37,N,N,07/2016,Analyst
53-6031.00,1.A.4.a.2,Far Vision,IM,3.0,8,0.0,3.0,3.0,N,,07/2016,Analyst
53-6031.00,1.A.4.a.2,Far Vision,LV,2.88,8,0.125,2.63,3.12,N,N,07/2016,Analyst
53-6031.00,1.A.4.a.3,Visual Color Discrimination,IM,2.88,8,0.125,2.63,3.12,N,,07/2016,Analyst
53-6031.00,1.A.4.a.3,Visual Color Discrimination,LV,2.88,8,0.125,2.63,3.12,N,N,07/2016,Analyst
53-6031.00,1.A.4.a.4,Night Vision,IM,1.75,8,0.1637,1.4292,2.0708,N,,07/2016,Analyst
53-6031.00,1.A.4.a.4,Night Vision,LV,1.38,8,0.3239,0.7402,2.0098,N,N,07/2016,Analyst
53-6031.00,1.A.4.a.5,Peripheral Vision,IM,2.0,8,0.0,2.0,2.0,N,,07/2016,Analyst
53-6031.00,1.A.4.a.5,Peripheral Vision,LV,1.5,8,0.189,1.1296,1.8704,N,N,07/2016,Analyst
53-6031.00,1.A.4.a.6,Depth Perception,IM,2.88,8,0.125,2.63,3.12,N,,07/2016,Analyst
53-6031.00,1.A.4.a.6,Depth Perception,LV,2.25,8,0.1637,1.9292,2.5708,N,N,07/2016,Analyst
53-6031.00,1.A.4.a.7,Glare Sensitivity,IM,1.88,8,0.125,1.63,2.12,N,,07/2016,Analyst
53-6031.00,1.A.4.a.7,Glare Sensitivity,LV,1.38,8,0.2631,0.8594,1.8906,N,N,07/2016,Analyst
53-6031.00,1.A.4.b.1,Hearing Sensitivity,IM,2.75,8,0.1637,2.4292,3.0708,N,,07/2016,Analyst
53-6031.00,1.A.4.b.1,Hearing Sensitivity,LV,2.62,8,0.2631,2.1094,3.1406,N,N,07/2016,Analyst
53-6031.00,1.A.4.b.2,Auditory Attention,IM,2.75,8,0.1637,2.4292,3.0708,N,,07/2016,Analyst
53-6031.00,1.A.4.b.2,Auditory Attention,LV,2.75,8,0.1637,2.4292,3.0708,N,N,07/2016,Analyst
53-6031.00,1.A.4.b.3,Sound Localization,IM,2.12,8,0.125,1.88,2.37,N,,07/2016,Analyst
53-6031.00,1.A.4.b.3,Sound Localization,LV,1.88,8,0.125,1.63,2.12,N,N,07/2016,Analyst
53-6031.00,1.A.4.b.4,Speech Recognition,IM,3.12,8,0.125,2.88,3.37,N,,07/2016,Analyst
53-6031.00,1.A.4.b.4,Speech Recognition,LV,3.0,8,0.0,3.0,3.0,N,N,07/2016,Analyst
53-6031.00,1.A.4.b.5,Speech Clarity,IM,3.0,8,0.189,2.6296,3.3704,N,,07/2016,Analyst
53-6031.00,1.A.4.b.5,Speech Clarity,LV,2.88,8,0.125,2.63,3.12,N,N,07/2016,Analyst
53-6041.00,1.A.1.a.1,Oral Comprehension,IM,3.88,8,0.125,3.63,4.12,N,,07/2016,Analyst
53-6041.00,1.A.1.a.1,Oral Comprehension,LV,3.88,8,0.125,3.63,4.12,N,N,07/2016,Analyst
53-6041.00,1.A.1.a.2,Written Comprehension,IM,3.62,8,0.183,3.2664,3.9836,N,,07/2016,Analyst
53-6041.00,1.A.1.a.2,Written Comprehension,LV,3.62,8,0.183,3.2664,3.9836,N,N,07/2016,Analyst
53-6041.00,1.A.1.a.3,Oral Expression,IM,3.88,8,0.125,3.63,4.12,N,,07/2016,Analyst
53-6041.00,1.A.1.a.3,Oral Expression,LV,4.0,8,0.0,4.0,4.0,N,N,07/2016,Analyst
53-6041.00,1.A.1.a.4,Written Expression,IM,3.12,8,0.125,2.88,3.37,N,,07/2016,Analyst
53-6041.00,1.A.1.a.4,Written Expression,LV,3.38,8,0.183,3.0164,3.7336,N,N,07/2016,Analyst
53-6041.00,1.A.1.b.1,Fluency of Ideas,IM,3.0,8,0.0,3.0,3.0,N,,07/2016,Analyst
53-6041.00,1.A.1.b.1,Fluency of Ideas,LV,3.12,8,0.125,2.88,3.37,N,N,07/2016,Analyst
53-6041.00,1.A.1.b.2,Originality,IM,3.0,8,0.0,3.0,3.0,N,,07/2016,Analyst
53-6041.00,1.A.1.b.2,Originality,LV,3.0,8,0.0,3.0,3.0,N,N,07/2016,Analyst
53-6041.00,1.A.1.b.3,Problem Sensitivity,IM,3.88,8,0.125,3.63,4.12,N,,07/2016,Analyst
53-6041.00,1.A.1.b.3,Problem Sensitivity,LV,3.38,8,0.183,3.0164,3.7336,N,N,07/2016,Analyst
53-6041.00,1.A.1.b.4,Deductive Reasoning,IM,3.38,8,0.183,3.0164,3.7336,N,,07/2016,Analyst
53-6041.00,1.A.1.b.4,Deductive Reasoning,LV,3.88,8,0.125,3.63,4.12,N,N,07/2016,Analyst
53-6041.00,1.A.1.b.5,Inductive Reasoning,IM,3.75,8,0.1637,3.4292,4.0708,N,,07/2016,Analyst
53-6041.00,1.A.1.b.5,Inductive Reasoning,LV,3.38,8,0.183,3.0164,3.7336,N,N,07/2016,Analyst
53-6041.00,1.A.1.b.6,Information Ordering,IM,3.12,8,0.125,2.88,3.37,N,,07/2016,Analyst
53-6041.00,1.A.1.b.6,Information Ordering,LV,3.5,8,0.189,3.1296,3.8704,N,N,07/2016,Analyst
53-6041.00,1.A.1.b.7,Category Flexibility,IM,3.12,8,0.125,2.88,3.37,N,,07/2016,Analyst
53-6041.00,1.A.1.b.7,Category Flexibility,LV,3.25,8,0.1637,2.9292,3.5708,N,N,07/2016,Analyst
53-6041.00,1.A.1.c.1,Mathematical Reasoning,IM,3.0,8,0.189,2.6296,3.3704,N,,07/2016,Analyst
53-6041.00,1.A.1.c.1,Mathematical Reasoning,LV,3.0,8,0.0,3.0,3.0,N,N,07/2016,Analyst
53-6041.00,1.A.1.c.2,Number Facility,IM,3.0,8,0.0,3.0,3.0,N,,07/2016,Analyst
53-6041.00,1.A.1.c.2,Number Facility,LV,3.0,8,0.0,3.0,3.0,N,N,07/2016,Analyst
53-6041.00,1.A.1.d.1,Memorization,IM,2.25,8,0.1637,1.9292,2.5708,N,,07/2016,Analyst
53-6041.00,1.A.1.d.1,Memorization,LV,2.25,8,0.1637,1.9292,2.5708,N,N,07/2016,Analyst
53-6041.00,1.A.1.e.1,Speed of Closure,IM,2.38,8,0.2631,1.8594,2.8906,N,,07/2016,Analyst
53-6041.00,1.A.1.e.1,Speed of Closure,LV,2.5,8,0.2673,1.9762,3.0238,N,N,07/2016,Analyst
53-6041.00,1.A.1.e.2,Flexibility of Closure,IM,3.12,8,0.125,2.88,3.37,N,,07/2016,Analyst
53-6041.00,1.A.1.e.2,Flexibility of Closure,LV,3.12,8,0.125,2.88,3.37,N,N,07/2016,Analyst
53-6041.00,1.A.1.e.3,Perceptual Speed,IM,3.12,8,0.125,2.88,3.37,N,,07/2016,Analyst
53-6041.00,1.A.1.e.3,Perceptual Speed,LV,3.0,8,0.0,3.0,3.0,N,N,07/2016,Analyst
53-6041.00,1.A.1.f.1,Spatial Orientation,IM,2.12,8,0.125,1.88,2.37,N,,07/2016,Analyst
53-6041.00,1.A.1.f.1,Spatial Orientation,LV,1.88,8,0.125,1.63,2.12,N,N,07/2016,Analyst
53-6041.00,1.A.1.f.2,Visualization,IM,3.12,8,0.125,2.88,3.37,N,,07/2016,Analyst
53-6041.00,1.A.1.f.2,Visualization,LV,3.12,8,0.125,2.88,3.37,N,N,07/2016,Analyst
53-6041.00,1.A.1.g.1,Selective Attention,IM,3.12,8,0.125,2.88,3.37,N,,07/2016,Analyst
53-6041.00,1.A.1.g.1,Selective Attention,LV,3.0,8,0.0,3.0,3.0,N,N,07/2016,Analyst
53-6041.00,1.A.1.g.2,Time Sharing,IM,2.38,8,0.183,2.0164,2.7336,N,,07/2016,Analyst
53-6041.00,1.A.1.g.2,Time Sharing,LV,2.38,8,0.183,2.0164,2.7336,N,N,07/2016,Analyst
53-6041.00,1.A.2.a.1,Arm-Hand Steadiness,IM,2.5,8,0.189,2.1296,2.8704,N,,07/2016,Analyst
53-6041.00,1.A.2.a.1,Arm-Hand Steadiness,LV,2.5,8,0.189,2.1296,2.8704,N,N,07/2016,Analyst
53-6041.00,1.A.2.a.2,Manual Dexterity,IM,2.12,8,0.125,1.88,2.37,N,,07/2016,Analyst
53-6041.00,1.A.2.a.2,Manual Dexterity,LV,2.25,8,0.1637,1.9292,2.5708,N,N,07/2016,Analyst
53-6041.00,1.A.2.a.3,Finger Dexterity,IM,2.75,8,0.1637,2.4292,3.0708,N,,07/2016,Analyst
53-6041.00,1.A.2.a.3,Finger Dexterity,LV,2.62,8,0.183,2.2664,2.9836,N,N,07/2016,Analyst
53-6041.00,1.A.2.b.1,Control Precision,IM,2.25,8,0.1637,1.9292,2.5708,N,,07/2016,Analyst
53-6041.00,1.A.2.b.1,Control Precision,LV,2.62,8,0.183,2.2664,2.9836,N,N,07/2016,Analyst
53-6041.00,1.A.2.b.2,Multilimb Coordination,IM,2.25,8,0.1637,1.9292,2.5708,N,,07/2016,Analyst
53-6041.00,1.A.2.b.2,Multilimb Coordination,LV,2.0,8,0.0,2.0,2.0,N,N,07/2016,Analyst
53-6041.00,1.A.2.b.3,Response Orientation,IM,2.0,8,0.0,2.0,2.0,N,,07/2016,Analyst
53-6041.00,1.A.2.b.3,Response Orientation,LV,1.88,8,0.125,1.63,2.12,N,N,07/2016,Analyst
53-6041.00,1.A.2.b.4,Rate Control,IM,2.0,8,0.0,2.0,2.0,N,,07/2016,Analyst
53-6041.00,1.A.2.b.4,Rate Control,LV,1.62,8,0.183,1.2664,1.9836,N,N,07/2016,Analyst
53-6041.00,1.A.2.c.1,Reaction Time,IM,2.25,8,0.1637,1.9292,2.5708,N,,07/2016,Analyst
53-6041.00,1.A.2.c.1,Reaction Time,LV,2.38,8,0.183,2.0164,2.7336,N,N,07/2016,Analyst
53-6041.00,1.A.2.c.2,Wrist-Finger Speed,IM,1.62,8,0.183,1.2664,1.9836,N,,07/2016,Analyst
53-6041.00,1.A.2.c.2,Wrist-Finger Speed,LV,0.75,8,0.25,0.26,1.24,N,N,07/2016,Analyst
53-6041.00,1.A.2.c.3,Speed of Limb Movement,IM,1.5,8,0.189,1.1296,1.8704,N,,07/2016,Analyst
53-6041.00,1.A.2.c.3,Speed of Limb Movement,LV,0.5,8,0.189,0.1296,0.8704,N,N,07/2016,Analyst
53-6041.00,1.A.3.a.1,Static Strength,IM,1.62,8,0.183,1.2664,1.9836,N,,07/2016,Analyst
53-6041.00,1.A.3.a.1,Static Strength,LV,1.0,8,0.3273,0.3584,1.6416,N,N,07/2016,Analyst
53-6041.00,1.A.3.a.2,Explosive Strength,IM,1.62,8,0.183,1.2664,1.9836,N,,07/2016,Analyst
53-6041.00,1.A.3.a.2,Explosive Strength,LV,1.0,8,0.3273,0.3584,1.6416,N,N,07/2016,Analyst
53-6041.00,1.A.3.a.3,Dynamic Strength,IM,1.62,8,0.183,1.2664,1.9836,N,,07/2016,Analyst
53-6041.00,1.A.3.a.3,Dynamic Strength,LV,0.88,8,0.295,0.2967,1.4533,N,N,07/2016,Analyst
53-6041.00,1.A.3.a.4,Trunk Strength,IM,1.62,8,0.183,1.2664,1.9836,N,,07/2016,Analyst
53-6041.00,1.A.3.a.4,Trunk Strength,LV,1.25,8,0.4119,0.4427,2.0573,N,N,07/2016,Analyst
53-6041.00,1.A.3.b.1,Stamina,IM,1.62,8,0.183,1.2664,1.9836,N,,07/2016,Analyst
53-6041.00,1.A.3.b.1,Stamina,LV,0.62,8,0.183,0.2664,0.9836,N,N,07/2016,Analyst
53-6041.00,1.A.3.c.1,Extent Flexibility,IM,1.62,8,0.183,1.2664,1.9836,N,,07/2016,Analyst
53-6041.00,1.A.3.c.1,Extent Flexibility,LV,1.12,8,0.3981,0.3447,1.9053,N,N,07/2016,Analyst
53-6041.00,1.A.3.c.2,Dynamic Flexibility,IM,1.0,8,0.0,1.0,1.0,N,,07/2016,Analyst
53-6041.00,1.A.3.c.2,Dynamic Flexibility,LV,0.0,8,0.0,0.0,0.0,N,Y,07/2016,Analyst
53-6041.00,1.A.3.c.3,Gross Body Coordination,IM,1.5,8,0.189,1.1296,1.8704,N,,07/2016,Analyst
53-6041.00,1.A.3.c.3,Gross Body Coordination,LV,0.5,8,0.189,0.1296,0.8704,N,N,07/2016,Analyst
53-6041.00,1.A.3.c.4,Gross Body Equilibrium,IM,1.5,8,0.189,1.1296,1.8704,N,,07/2016,Analyst
53-6041.00,1.A.3.c.4,Gross Body Equilibrium,LV,0.62,8,0.2631,0.1094,1.1406,N,N,07/2016,Analyst
53-6041.00,1.A.4.a.1,Near Vision,IM,3.25,8,0.25,2.76,3.74,N,,07/2016,Analyst
53-6041.00,1.A.4.a.1,Near Vision,LV,3.12,8,0.2266,2.6809,3.5691,N,N,07/2016,Analyst
53-6041.00,1.A.4.a.2,Far Vision,IM,3.12,8,0.125,2.88,3.37,N,,07/2016,Analyst
53-6041.00,1.A.4.a.2,Far Vision,LV,3.25,8,0.1637,2.9292,3.5708,N,N,07/2016,Analyst
53-6041.00,1.A.4.a.3,Visual Color Discrimination,IM,2.75,8,0.1637,2.4292,3.0708,N,,07/2016,Analyst
53-6041.00,1.A.4.a.3,Visual Color Discrimination,LV,2.75,8,0.1637,2.4292,3.0708,N,N,07/2016,Analyst
53-6041.00,1.A.4.a.4,Night Vision,IM,2.0,8,0.0,2.0,2.0,N,,07/2016,Analyst
53-6041.00,1.A.4.a.4,Night Vision,LV,1.75,8,0.1637,1.4292,2.0708,N,N,07/2016,Analyst
53-6041.00,1.A.4.a.5,Peripheral Vision,IM,2.0,8,0.0,2.0,2.0,N,,07/2016,Analyst
53-6041.00,1.A.4.a.5,Peripheral Vision,LV,1.75,8,0.1637,1.4292,2.0708,N,N,07/2016,Analyst
53-6041.00,1.A.4.a.6,Depth Perception,IM,2.38,8,0.183,2.0164,2.7336,N,,07/2016,Analyst
53-6041.00,1.A.4.a.6,Depth Perception,LV,2.0,8,0.0,2.0,2.0,N,N,07/2016,Analyst
53-6041.00,1.A.4.a.7,Glare Sensitivity,IM,2.0,8,0.0,2.0,2.0,N,,07/2016,Analyst
53-6041.00,1.A.4.a.7,Glare Sensitivity,LV,1.75,8,0.1637,1.4292,2.0708,N,N,07/2016,Analyst
53-6041.00,1.A.4.b.1,Hearing Sensitivity,IM,2.25,8,0.1637,1.9292,2.5708,N,,07/2016,Analyst
53-6041.00,1.A.4.b.1,Hearing Sensitivity,LV,2.12,8,0.125,1.88,2.37,N,N,07/2016,Analyst
53-6041.00,1.A.4.b.2,Auditory Attention,IM,2.25,8,0.1637,1.9292,2.5708,N,,07/2016,Analyst
53-6041.00,1.A.4.b.2,Auditory Attention,LV,2.38,8,0.183,2.0164,2.7336,N,N,07/2016,Analyst
53-6041.00,1.A.4.b.3,Sound Localization,IM,2.0,8,0.0,2.0,2.0,N,,07/2016,Analyst
53-6041.00,1.A.4.b.3,Sound Localization,LV,1.38,8,0.183,1.0164,1.7336,N,N,07/2016,Analyst
53-6041.00,1.A.4.b.4,Speech Recognition,IM,3.38,8,0.183,3.0164,3.7336,N,,07/2016,Analyst
53-6041.00,1.A.4.b.4,Speech Recognition,LV,3.12,8,0.125,2.88,3.37,N,N,07/2016,Analyst
53-6041.00,1.A.4.b.5,Speech Clarity,IM,3.38,8,0.183,3.0164,3.7336,N,,07/2016,Analyst
53-6041.00,1.A.4.b.5,Speech Clarity,LV,3.0,8,0.0,3.0,3.0,N,N,07/2016,Analyst
53-6051.00,1.A.1.a.1,Oral Comprehension,IM,3.88,8,0.125,3.63,4.12,N,,08/2024,Analyst
53-6051.00,1.A.1.a.1,Oral Comprehension,LV,4.0,8,0.0,4.0,4.0,N,N,08/2024,Analyst
53-6051.00,1.A.1.a.2,Written Comprehension,IM,3.62,8,0.183,3.2664,3.9836,N,,08/2024,Analyst
53-6051.00,1.A.1.a.2,Written Comprehension,LV,3.75,8,0.1637,3.4292,4.0708,N,N,08/2024,Analyst
53-6051.00,1.A.1.a.3,Oral Expression,IM,3.88,8,0.125,3.63,4.12,N,,08/2024,Analyst
53-6051.00,1.A.1.a.3,Oral Expression,LV,4.0,8,0.0,4.0,4.0,N,N,08/2024,Analyst
53-6051.00,1.A.1.a.4,Written Expression,IM,3.62,8,0.183,3.2664,3.9836,N,,08/2024,Analyst
53-6051.00,1.A.1.a.4,Written Expression,LV,3.62,8,0.183,3.2664,3.9836,N,N,08/2024,Analyst
53-6051.00,1.A.1.b.1,Fluency of Ideas,IM,2.88,8,0.125,2.63,3.12,N,,08/2024,Analyst
53-6051.00,1.A.1.b.1,Fluency of Ideas,LV,3.0,8,0.189,2.6296,3.3704,N,N,08/2024,Analyst
53-6051.00,1.A.1.b.2,Originality,IM,2.62,8,0.183,2.2664,2.9836,N,,08/2024,Analyst
53-6051.00,1.A.1.b.2,Originality,LV,2.75,8,0.1637,2.4292,3.0708,N,N,08/2024,Analyst
53-6051.00,1.A.1.b.3,Problem Sensitivity,IM,3.88,8,0.125,3.63,4.12,N,,08/2024,Analyst
53-6051.00,1.A.1.b.3,Problem Sensitivity,LV,4.0,8,0.2673,3.4762,4.5238,N,N,08/2024,Analyst
53-6051.00,1.A.1.b.4,Deductive Reasoning,IM,3.75,8,0.25,3.26,4.24,N,,08/2024,Analyst
53-6051.00,1.A.1.b.4,Deductive Reasoning,LV,3.5,8,0.189,3.1296,3.8704,N,N,08/2024,Analyst
53-6051.00,1.A.1.b.5,Inductive Reasoning,IM,3.62,8,0.183,3.2664,3.9836,N,,08/2024,Analyst
53-6051.00,1.A.1.b.5,Inductive Reasoning,LV,3.5,8,0.189,3.1296,3.8704,N,N,08/2024,Analyst
53-6051.00,1.A.1.b.6,Information Ordering,IM,3.38,8,0.183,3.0164,3.7336,N,,08/2024,Analyst
53-6051.00,1.A.1.b.6,Information Ordering,LV,3.38,8,0.183,3.0164,3.7336,N,N,08/2024,Analyst
53-6051.00,1.A.1.b.7,Category Flexibility,IM,3.25,8,0.25,2.76,3.74,N,,08/2024,Analyst
53-6051.00,1.A.1.b.7,Category Flexibility,LV,3.38,8,0.183,3.0164,3.7336,N,N,08/2024,Analyst
53-6051.00,1.A.1.c.1,Mathematical Reasoning,IM,2.88,8,0.125,2.63,3.12,N,,08/2024,Analyst
53-6051.00,1.A.1.c.1,Mathematical Reasoning,LV,2.88,8,0.125,2.63,3.12,N,N,08/2024,Analyst
53-6051.00,1.A.1.c.2,Number Facility,IM,2.75,8,0.1637,2.4292,3.0708,N,,08/2024,Analyst
53-6051.00,1.A.1.c.2,Number Facility,LV,2.75,8,0.1637,2.4292,3.0708,N,N,08/2024,Analyst
53-6051.00,1.A.1.d.1,Memorization,IM,2.38,8,0.183,2.0164,2.7336,N,,08/2024,Analyst
53-6051.00,1.A.1.d.1,Memorization,LV,2.62,8,0.183,2.2664,2.9836,N,N,08/2024,Analyst
53-6051.00,1.A.1.e.1,Speed of Closure,IM,2.88,8,0.2266,2.4309,3.3191,N,,08/2024,Analyst
53-6051.00,1.A.1.e.1,Speed of Closure,LV,2.75,8,0.3134,2.1358,3.3642,N,N,08/2024,Analyst
53-6051.00,1.A.1.e.2,Flexibility of Closure,IM,3.25,8,0.25,2.76,3.74,N,,08/2024,Analyst
53-6051.00,1.A.1.e.2,Flexibility of Closure,LV,3.38,8,0.183,3.0164,3.7336,N,N,08/2024,Analyst
53-6051.00,1.A.1.e.3,Perceptual Speed,IM,3.12,8,0.295,2.5467,3.7033,N,,08/2024,Analyst
53-6051.00,1.A.1.e.3,Perceptual Speed,LV,3.12,8,0.2266,2.6809,3.5691,N,N,08/2024,Analyst
53-6051.00,1.A.1.f.1,Spatial Orientation,IM,2.5,8,0.2673,1.9762,3.0238,N,,08/2024,Analyst
53-6051.00,1.A.1.f.1,Spatial Orientation,LV,2.38,8,0.3239,1.7402,3.0098,N,N,08/2024,Analyst
53-6051.00,1.A.1.f.2,Visualization,IM,3.12,8,0.2266,2.6809,3.5691,N,,08/2024,Analyst
53-6051.00,1.A.1.f.2,Visualization,LV,3.0,8,0.189,2.6296,3.3704,N,N,08/2024,Analyst
53-6051.00,1.A.1.g.1,Selective Attention,IM,3.12,8,0.295,2.5467,3.7033,N,,08/2024,Analyst
53-6051.00,1.A.1.g.1,Selective Attention,LV,2.88,8,0.2266,2.4309,3.3191,N,N,08/2024,Analyst
53-6051.00,1.A.1.g.2,Time Sharing,IM,2.62,8,0.183,2.2664,2.9836,N,,08/2024,Analyst
53-6051.00,1.A.1.g.2,Time Sharing,LV,2.5,8,0.189,2.1296,2.8704,N,N,08/2024,Analyst
53-6051.00,1.A.2.a.1,Arm-Hand Steadiness,IM,2.0,8,0.189,1.6296,2.3704,N,,08/2024,Analyst
53-6051.00,1.A.2.a.1,Arm-Hand Steadiness,LV,1.88,8,0.295,1.2967,2.4533,N,N,08/2024,Analyst
53-6051.00,1.A.2.a.2,Manual Dexterity,IM,1.62,8,0.2631,1.1094,2.1406,N,,08/2024,Analyst
53-6051.00,1.A.2.a.2,Manual Dexterity,LV,0.75,8,0.3134,0.1358,1.3642,N,N,08/2024,Analyst
53-6051.00,1.A.2.a.3,Finger Dexterity,IM,1.38,8,0.183,1.0164,1.7336,N,,08/2024,Analyst
53-6051.00,1.A.2.a.3,Finger Dexterity,LV,0.5,8,0.2673,0.0,1.0238,N,N,08/2024,Analyst
53-6051.00,1.A.2.b.1,Control Precision,IM,2.25,8,0.1637,1.9292,2.5708,N,,08/2024,Analyst
53-6051.00,1.A.2.b.1,Control Precision,LV,1.75,8,0.25,1.26,2.24,N,N,08/2024,Analyst
53-6051.00,1.A.2.b.2,Multilimb Coordination,IM,2.25,8,0.1637,1.9292,2.5708,N,,08/2024,Analyst
53-6051.00,1.A.2.b.2,Multilimb Coordination,LV,2.0,8,0.2673,1.4762,2.5238,N,N,08/2024,Analyst
53-6051.00,1.A.2.b.3,Response Orientation,IM,2.0,8,0.0,2.0,2.0,N,,08/2024,Analyst
53-6051.00,1.A.2.b.3,Response Orientation,LV,2.12,8,0.2266,1.6809,2.5691,N,N,08/2024,Analyst
53-6051.00,1.A.2.b.4,Rate Control,IM,1.88,8,0.125,1.63,2.12,N,,08/2024,Analyst
53-6051.00,1.A.2.b.4,Rate Control,LV,1.38,8,0.3239,0.7402,2.0098,N,N,08/2024,Analyst
53-6051.00,1.A.2.c.1,Reaction Time,IM,2.12,8,0.125,1.88,2.37,N,,08/2024,Analyst
53-6051.00,1.A.2.c.1,Reaction Time,LV,2.0,8,0.2673,1.4762,2.5238,N,N,08/2024,Analyst
53-6051.00,1.A.2.c.2,Wrist-Finger Speed,IM,2.12,8,0.125,1.88,2.37,N,,08/2024,Analyst
53-6051.00,1.A.2.c.2,Wrist-Finger Speed,LV,1.75,8,0.25,1.26,2.24,N,N,08/2024,Analyst
53-6051.00,1.A.2.c.3,Speed of Limb Movement,IM,1.12,8,0.125,1.0,1.37,N,,08/2024,Analyst
53-6051.00,1.A.2.c.3,Speed of Limb Movement,LV,0.12,8,0.125,0.0,0.37,N,Y,08/2024,Analyst
53-6051.00,1.A.3.a.1,Static Strength,IM,2.25,8,0.1637,1.9292,2.5708,N,,08/2024,Analyst
53-6051.00,1.A.3.a.1,Static Strength,LV,1.75,8,0.1637,1.4292,2.0708,N,N,08/2024,Analyst
53-6051.00,1.A.3.a.2,Explosive Strength,IM,1.88,8,0.125,1.63,2.12,N,,08/2024,Analyst
53-6051.00,1.A.3.a.2,Explosive Strength,LV,1.38,8,0.2631,0.8594,1.8906,N,N,08/2024,Analyst
53-6051.00,1.A.3.a.3,Dynamic Strength,IM,1.88,8,0.125,1.63,2.12,N,,08/2024,Analyst
53-6051.00,1.A.3.a.3,Dynamic Strength,LV,1.5,8,0.2673,0.9762,2.0238,N,N,08/2024,Analyst
53-6051.00,1.A.3.a.4,Trunk Strength,IM,2.62,8,0.183,2.2664,2.9836,N,,08/2024,Analyst
53-6051.00,1.A.3.a.4,Trunk Strength,LV,2.5,8,0.2673,1.9762,3.0238,N,N,08/2024,Analyst
53-6051.00,1.A.3.b.1,Stamina,IM,2.5,8,0.189,2.1296,2.8704,N,,08/2024,Analyst
53-6051.00,1.A.3.b.1,Stamina,LV,1.62,8,0.183,1.2664,1.9836,N,N,08/2024,Analyst
53-6051.00,1.A.3.c.1,Extent Flexibility,IM,2.25,8,0.1637,1.9292,2.5708,N,,08/2024,Analyst
53-6051.00,1.A.3.c.1,Extent Flexibility,LV,2.12,8,0.2266,1.6809,2.5691,N,N,08/2024,Analyst
53-6051.00,1.A.3.c.2,Dynamic Flexibility,IM,1.0,8,0.0,1.0,1.0,N,,08/2024,Analyst
53-6051.00,1.A.3.c.2,Dynamic Flexibility,LV,0.0,8,0.0,0.0,0.0,N,Y,08/2024,Analyst
53-6051.00,1.A.3.c.3,Gross Body Coordination,IM,2.12,8,0.2266,1.6809,2.5691,N,,08/2024,Analyst
53-6051.00,1.A.3.c.3,Gross Body Coordination,LV,1.75,8,0.25,1.26,2.24,N,N,08/2024,Analyst
53-6051.00,1.A.3.c.4,Gross Body Equilibrium,IM,2.12,8,0.2266,1.6809,2.5691,N,,08/2024,Analyst
53-6051.00,1.A.3.c.4,Gross Body Equilibrium,LV,1.75,8,0.25,1.26,2.24,N,N,08/2024,Analyst
53-6051.00,1.A.4.a.1,Near Vision,IM,3.62,8,0.183,3.2664,3.9836,N,,08/2024,Analyst
53-6051.00,1.A.4.a.1,Near Vision,LV,3.38,8,0.2631,2.8594,3.8906,N,N,08/2024,Analyst
53-6051.00,1.A.4.a.2,Far Vision,IM,3.38,8,0.2631,2.8594,3.8906,N,,08/2024,Analyst
53-6051.00,1.A.4.a.2,Far Vision,LV,3.25,8,0.366,2.5327,3.9673,N,N,08/2024,Analyst
53-6051.00,1.A.4.a.3,Visual Color Discrimination,IM,2.62,8,0.183,2.2664,2.9836,N,,08/2024,Analyst
53-6051.00,1.A.4.a.3,Visual Color Discrimination,LV,2.5,8,0.189,2.1296,2.8704,N,N,08/2024,Analyst
53-6051.00,1.A.4.a.4,Night Vision,IM,1.75,8,0.1637,1.4292,2.0708,N,,08/2024,Analyst
53-6051.00,1.A.4.a.4,Night Vision,LV,1.25,8,0.3134,0.6358,1.8642,N,N,08/2024,Analyst
53-6051.00,1.A.4.a.5,Peripheral Vision,IM,2.25,8,0.25,1.76,2.74,N,,08/2024,Analyst
53-6051.00,1.A.4.a.5,Peripheral Vision,LV,1.88,8,0.3504,1.1883,2.5617,N,N,08/2024,Analyst
53-6051.00,1.A.4.a.6,Depth Perception,IM,2.75,8,0.25,2.26,3.24,N,,08/2024,Analyst
53-6051.00,1.A.4.a.6,Depth Perception,LV,2.38,8,0.3239,1.7402,3.0098,N,N,08/2024,Analyst
53-6051.00,1.A.4.a.7,Glare Sensitivity,IM,1.88,8,0.125,1.63,2.12,N,,08/2024,Analyst
53-6051.00,1.A.4.a.7,Glare Sensitivity,LV,1.62,8,0.2631,1.1094,2.1406,N,N,08/2024,Analyst
53-6051.00,1.A.4.b.1,Hearing Sensitivity,IM,2.38,8,0.3239,1.7402,3.0098,N,,08/2024,Analyst
53-6051.00,1.A.4.b.1,Hearing Sensitivity,LV,2.0,8,0.3273,1.3584,2.6416,N,N,08/2024,Analyst
53-6051.00,1.A.4.b.2,Auditory Attention,IM,2.5,8,0.3273,1.8584,3.1416,N,,08/2024,Analyst
53-6051.00,1.A.4.b.2,Auditory Attention,LV,2.12,8,0.5154,1.1148,3.1352,Y,N,08/2024,Analyst
53-6051.00,1.A.4.b.3,Sound Localization,IM,1.88,8,0.125,1.63,2.12,N,,08/2024,Analyst
53-6051.00,1.A.4.b.3,Sound Localization,LV,1.5,8,0.2673,0.9762,2.0238,N,N,08/2024,Analyst
53-6051.00,1.A.4.b.4,Speech Recognition,IM,3.38,8,0.183,3.0164,3.7336,N,,08/2024,Analyst
53-6051.00,1.A.4.b.4,Speech Recognition,LV,3.5,8,0.189,3.1296,3.8704,N,N,08/2024,Analyst
53-6051.00,1.A.4.b.5,Speech Clarity,IM,3.25,8,0.1637,2.9292,3.5708,N,,08/2024,Analyst
53-6051.00,1.A.4.b.5,Speech Clarity,LV,3.12,8,0.125,2.88,3.37,N,N,08/2024,Analyst
53-6051.01,1.A.1.a.1,Oral Comprehension,IM,4.0,8,0.0,4.0,4.0,N,,08/2021,Analyst
53-6051.01,1.A.1.a.1,Oral Comprehension,LV,4.0,8,0.0,4.0,4.0,N,N,08/2021,Analyst
53-6051.01,1.A.1.a.2,Written Comprehension,IM,3.88,8,0.125,3.63,4.12,N,,08/2021,Analyst
53-6051.01,1.A.1.a.2,Written Comprehension,LV,4.0,8,0.0,4.0,4.0,N,N,08/2021,Analyst
53-6051.01,1.A.1.a.3,Oral Expression,IM,3.88,8,0.125,3.63,4.12,N,,08/2021,Analyst
53-6051.01,1.A.1.a.3,Oral Expression,LV,4.0,8,0.0,4.0,4.0,N,N,08/2021,Analyst
53-6051.01,1.A.1.a.4,Written Expression,IM,3.62,8,0.183,3.2664,3.9836,N,,08/2021,Analyst
53-6051.01,1.A.1.a.4,Written Expression,LV,3.88,8,0.125,3.63,4.12,N,N,08/2021,Analyst
53-6051.01,1.A.1.b.1,Fluency of Ideas,IM,3.0,8,0.0,3.0,3.0,N,,08/2021,Analyst
53-6051.01,1.A.1.b.1,Fluency of Ideas,LV,2.88,8,0.125,2.63,3.12,N,N,08/2021,Analyst
53-6051.01,1.A.1.b.2,Originality,IM,2.88,8,0.125,2.63,3.12,N,,08/2021,Analyst
53-6051.01,1.A.1.b.2,Originality,LV,2.88,8,0.125,2.63,3.12,N,N,08/2021,Analyst
53-6051.01,1.A.1.b.3,Problem Sensitivity,IM,4.12,8,0.125,3.88,4.37,N,,08/2021,Analyst
53-6051.01,1.A.1.b.3,Problem Sensitivity,LV,4.38,8,0.183,4.0164,4.7336,N,N,08/2021,Analyst
53-6051.01,1.A.1.b.4,Deductive Reasoning,IM,4.0,8,0.0,4.0,4.0,N,,08/2021,Analyst
53-6051.01,1.A.1.b.4,Deductive Reasoning,LV,4.0,8,0.0,4.0,4.0,N,N,08/2021,Analyst
53-6051.01,1.A.1.b.5,Inductive Reasoning,IM,4.12,8,0.125,3.88,4.37,N,,08/2021,Analyst
53-6051.01,1.A.1.b.5,Inductive Reasoning,LV,4.0,8,0.0,4.0,4.0,N,N,08/2021,Analyst
53-6051.01,1.A.1.b.6,Information Ordering,IM,3.5,8,0.189,3.1296,3.8704,N,,08/2021,Analyst
53-6051.01,1.A.1.b.6,Information Ordering,LV,3.62,8,0.183,3.2664,3.9836,N,N,08/2021,Analyst
53-6051.01,1.A.1.b.7,Category Flexibility,IM,3.25,8,0.1637,2.9292,3.5708,N,,08/2021,Analyst
53-6051.01,1.A.1.b.7,Category Flexibility,LV,3.25,8,0.1637,2.9292,3.5708,N,N,08/2021,Analyst
53-6051.01,1.A.1.c.1,Mathematical Reasoning,IM,2.5,8,0.189,2.1296,2.8704,N,,08/2021,Analyst
53-6051.01,1.A.1.c.1,Mathematical Reasoning,LV,2.5,8,0.189,2.1296,2.8704,N,N,08/2021,Analyst
53-6051.01,1.A.1.c.2,Number Facility,IM,2.38,8,0.183,2.0164,2.7336,N,,08/2021,Analyst
53-6051.01,1.A.1.c.2,Number Facility,LV,2.38,8,0.183,2.0164,2.7336,N,N,08/2021,Analyst
53-6051.01,1.A.1.d.1,Memorization,IM,2.25,8,0.1637,1.9292,2.5708,N,,08/2021,Analyst
53-6051.01,1.A.1.d.1,Memorization,LV,2.38,8,0.183,2.0164,2.7336,N,N,08/2021,Analyst
53-6051.01,1.A.1.e.1,Speed of Closure,IM,2.75,8,0.1637,2.4292,3.0708,N,,08/2021,Analyst
53-6051.01,1.A.1.e.1,Speed of Closure,LV,3.12,8,0.125,2.88,3.37,N,N,08/2021,Analyst
53-6051.01,1.A.1.e.2,Flexibility of Closure,IM,3.25,8,0.1637,2.9292,3.5708,N,,08/2021,Analyst
53-6051.01,1.A.1.e.2,Flexibility of Closure,LV,3.25,8,0.1637,2.9292,3.5708,N,N,08/2021,Analyst
53-6051.01,1.A.1.e.3,Perceptual Speed,IM,3.38,8,0.183,3.0164,3.7336,N,,08/2021,Analyst
53-6051.01,1.A.1.e.3,Perceptual Speed,LV,3.38,8,0.183,3.0164,3.7336,N,N,08/2021,Analyst
53-6051.01,1.A.1.f.1,Spatial Orientation,IM,2.0,8,0.0,2.0,2.0,N,,08/2021,Analyst
53-6051.01,1.A.1.f.1,Spatial Orientation,LV,2.0,8,0.0,2.0,2.0,N,N,08/2021,Analyst
53-6051.01,1.A.1.f.2,Visualization,IM,3.38,8,0.183,3.0164,3.7336,N,,08/2021,Analyst
53-6051.01,1.A.1.f.2,Visualization,LV,3.25,8,0.1637,2.9292,3.5708,N,N,08/2021,Analyst
53-6051.01,1.A.1.g.1,Selective Attention,IM,3.25,8,0.1637,2.9292,3.5708,N,,08/2021,Analyst
53-6051.01,1.A.1.g.1,Selective Attention,LV,3.12,8,0.125,2.88,3.37,N,N,08/2021,Analyst
53-6051.01,1.A.1.g.2,Time Sharing,IM,3.0,8,0.0,3.0,3.0,N,,08/2021,Analyst
53-6051.01,1.A.1.g.2,Time Sharing,LV,3.0,8,0.0,3.0,3.0,N,N,08/2021,Analyst
53-6051.01,1.A.2.a.1,Arm-Hand Steadiness,IM,3.0,8,0.0,3.0,3.0,N,,08/2021,Analyst
53-6051.01,1.A.2.a.1,Arm-Hand Steadiness,LV,3.0,8,0.0,3.0,3.0,N,N,08/2021,Analyst
53-6051.01,1.A.2.a.2,Manual Dexterity,IM,3.0,8,0.0,3.0,3.0,N,,08/2021,Analyst
53-6051.01,1.A.2.a.2,Manual Dexterity,LV,3.0,8,0.0,3.0,3.0,N,N,08/2021,Analyst
53-6051.01,1.A.2.a.3,Finger Dexterity,IM,2.88,8,0.125,2.63,3.12,N,,08/2021,Analyst
53-6051.01,1.A.2.a.3,Finger Dexterity,LV,3.0,8,0.0,3.0,3.0,N,N,08/2021,Analyst
53-6051.01,1.A.2.b.1,Control Precision,IM,3.12,8,0.2266,2.6809,3.5691,N,,08/2021,Analyst
53-6051.01,1.A.2.b.1,Control Precision,LV,3.25,8,0.1637,2.9292,3.5708,N,N,08/2021,Analyst
53-6051.01,1.A.2.b.2,Multilimb Coordination,IM,2.75,8,0.1637,2.4292,3.0708,N,,08/2021,Analyst
53-6051.01,1.A.2.b.2,Multilimb Coordination,LV,2.88,8,0.125,2.63,3.12,N,N,08/2021,Analyst
53-6051.01,1.A.2.b.3,Response Orientation,IM,2.0,8,0.0,2.0,2.0,N,,08/2021,Analyst
53-6051.01,1.A.2.b.3,Response Orientation,LV,2.5,8,0.189,2.1296,2.8704,N,N,08/2021,Analyst
53-6051.01,1.A.2.b.4,Rate Control,IM,2.12,8,0.125,1.88,2.37,N,,08/2021,Analyst
53-6051.01,1.A.2.b.4,Rate Control,LV,2.0,8,0.0,2.0,2.0,N,N,08/2021,Analyst
53-6051.01,1.A.2.c.1,Reaction Time,IM,2.25,8,0.1637,1.9292,2.5708,N,,08/2021,Analyst
53-6051.01,1.A.2.c.1,Reaction Time,LV,2.5,8,0.2673,1.9762,3.0238,N,N,08/2021,Analyst
53-6051.01,1.A.2.c.2,Wrist-Finger Speed,IM,2.0,8,0.189,1.6296,2.3704,N,,08/2021,Analyst
53-6051.01,1.A.2.c.2,Wrist-Finger Speed,LV,1.5,8,0.3273,0.8584,2.1416,N,N,08/2021,Analyst
53-6051.01,1.A.2.c.3,Speed of Limb Movement,IM,1.62,8,0.183,1.2664,1.9836,N,,08/2021,Analyst
53-6051.01,1.A.2.c.3,Speed of Limb Movement,LV,0.88,8,0.295,0.2967,1.4533,N,N,08/2021,Analyst
53-6051.01,1.A.3.a.1,Static Strength,IM,2.0,8,0.0,2.0,2.0,N,,08/2021,Analyst
53-6051.01,1.A.3.a.1,Static Strength,LV,2.0,8,0.0,2.0,2.0,N,N,08/2021,Analyst
53-6051.01,1.A.3.a.2,Explosive Strength,IM,1.38,8,0.183,1.0164,1.7336,N,,08/2021,Analyst
53-6051.01,1.A.3.a.2,Explosive Strength,LV,0.62,8,0.375,0.0,1.36,N,N,08/2021,Analyst
53-6051.01,1.A.3.a.3,Dynamic Strength,IM,2.0,8,0.0,2.0,2.0,N,,08/2021,Analyst
53-6051.01,1.A.3.a.3,Dynamic Strength,LV,1.5,8,0.189,1.1296,1.8704,N,N,08/2021,Analyst
53-6051.01,1.A.3.a.4,Trunk Strength,IM,2.25,8,0.1637,1.9292,2.5708,N,,08/2021,Analyst
53-6051.01,1.A.3.a.4,Trunk Strength,LV,2.25,8,0.1637,1.9292,2.5708,N,N,08/2021,Analyst
53-6051.01,1.A.3.b.1,Stamina,IM,2.0,8,0.0,2.0,2.0,N,,08/2021,Analyst
53-6051.01,1.A.3.b.1,Stamina,LV,1.75,8,0.1637,1.4292,2.0708,N,N,08/2021,Analyst
53-6051.01,1.A.3.c.1,Extent Flexibility,IM,2.25,8,0.1637,1.9292,2.5708,N,,08/2021,Analyst
53-6051.01,1.A.3.c.1,Extent Flexibility,LV,2.38,8,0.183,2.0164,2.7336,N,N,08/2021,Analyst
53-6051.01,1.A.3.c.2,Dynamic Flexibility,IM,1.0,8,0.0,1.0,1.0,N,,08/2021,Analyst
53-6051.01,1.A.3.c.2,Dynamic Flexibility,LV,0.0,8,0.0,0.0,0.0,N,Y,08/2021,Analyst
53-6051.01,1.A.3.c.3,Gross Body Coordination,IM,2.0,8,0.0,2.0,2.0,N,,08/2021,Analyst
53-6051.01,1.A.3.c.3,Gross Body Coordination,LV,1.88,8,0.125,1.63,2.12,N,N,08/2021,Analyst
53-6051.01,1.A.3.c.4,Gross Body Equilibrium,IM,2.12,8,0.125,1.88,2.37,N,,08/2021,Analyst
53-6051.01,1.A.3.c.4,Gross Body Equilibrium,LV,1.38,8,0.183,1.0164,1.7336,N,N,08/2021,Analyst
53-6051.01,1.A.4.a.1,Near Vision,IM,4.0,8,0.0,4.0,4.0,N,,08/2021,Analyst
53-6051.01,1.A.4.a.1,Near Vision,LV,4.0,8,0.0,4.0,4.0,N,N,08/2021,Analyst
53-6051.01,1.A.4.a.2,Far Vision,IM,3.38,8,0.183,3.0164,3.7336,N,,08/2021,Analyst
53-6051.01,1.A.4.a.2,Far Vision,LV,3.38,8,0.183,3.0164,3.7336,N,N,08/2021,Analyst
53-6051.01,1.A.4.a.3,Visual Color Discrimination,IM,3.12,8,0.125,2.88,3.37,N,,08/2021,Analyst
53-6051.01,1.A.4.a.3,Visual Color Discrimination,LV,3.25,8,0.1637,2.9292,3.5708,N,N,08/2021,Analyst
53-6051.01,1.A.4.a.4,Night Vision,IM,2.0,8,0.0,2.0,2.0,N,,08/2021,Analyst
53-6051.01,1.A.4.a.4,Night Vision,LV,1.38,8,0.183,1.0164,1.7336,N,N,08/2021,Analyst
53-6051.01,1.A.4.a.5,Peripheral Vision,IM,2.0,8,0.0,2.0,2.0,N,,08/2021,Analyst
53-6051.01,1.A.4.a.5,Peripheral Vision,LV,1.38,8,0.183,1.0164,1.7336,N,N,08/2021,Analyst
53-6051.01,1.A.4.a.6,Depth Perception,IM,2.62,8,0.183,2.2664,2.9836,N,,08/2021,Analyst
53-6051.01,1.A.4.a.6,Depth Perception,LV,2.62,8,0.183,2.2664,2.9836,N,N,08/2021,Analyst
53-6051.01,1.A.4.a.7,Glare Sensitivity,IM,2.0,8,0.0,2.0,2.0,N,,08/2021,Analyst
53-6051.01,1.A.4.a.7,Glare Sensitivity,LV,1.88,8,0.2266,1.4309,2.3191,N,N,08/2021,Analyst
53-6051.01,1.A.4.b.1,Hearing Sensitivity,IM,3.12,8,0.125,2.88,3.37,N,,08/2021,Analyst
53-6051.01,1.A.4.b.1,Hearing Sensitivity,LV,3.12,8,0.125,2.88,3.37,N,N,08/2021,Analyst
53-6051.01,1.A.4.b.2,Auditory Attention,IM,3.12,8,0.125,2.88,3.37,N,,08/2021,Analyst
53-6051.01,1.A.4.b.2,Auditory Attention,LV,3.25,8,0.1637,2.9292,3.5708,N,N,08/2021,Analyst
53-6051.01,1.A.4.b.3,Sound Localization,IM,2.0,8,0.0,2.0,2.0,N,,08/2021,Analyst
53-6051.01,1.A.4.b.3,Sound Localization,LV,2.0,8,0.0,2.0,2.0,N,N,08/2021,Analyst
53-6051.01,1.A.4.b.4,Speech Recognition,IM,3.5,8,0.189,3.1296,3.8704,N,,08/2021,Analyst
53-6051.01,1.A.4.b.4,Speech Recognition,LV,3.25,8,0.1637,2.9292,3.5708,N,N,08/2021,Analyst
53-6051.01,1.A.4.b.5,Speech Clarity,IM,3.75,8,0.1637,3.4292,4.0708,N,,08/2021,Analyst
53-6051.01,1.A.4.b.5,Speech Clarity,LV,3.12,8,0.125,2.88,3.37,N,N,08/2021,Analyst
53-6051.07,1.A.1.a.1,Oral Comprehension,IM,3.62,8,0.183,3.2664,3.9836,N,,07/2015,Analyst
53-6051.07,1.A.1.a.1,Oral Comprehension,LV,3.62,8,0.183,3.2664,3.9836,N,N,07/2015,Analyst
53-6051.07,1.A.1.a.2,Written Comprehension,IM,2.75,8,0.1637,2.4292,3.0708,N,,07/2015,Analyst
53-6051.07,1.A.1.a.2,Written Comprehension,LV,3.0,8,0.0,3.0,3.0,N,N,07/2015,Analyst
53-6051.07,1.A.1.a.3,Oral Expression,IM,3.0,8,0.0,3.0,3.0,N,,07/2015,Analyst
53-6051.07,1.A.1.a.3,Oral Expression,LV,3.25,8,0.1637,2.9292,3.5708,N,N,07/2015,Analyst
53-6051.07,1.A.1.a.4,Written Expression,IM,2.75,8,0.1637,2.4292,3.0708,N,,07/2015,Analyst
53-6051.07,1.A.1.a.4,Written Expression,LV,2.75,8,0.1637,2.4292,3.0708,N,N,07/2015,Analyst
53-6051.07,1.A.1.b.1,Fluency of Ideas,IM,2.0,8,0.0,2.0,2.0,N,,07/2015,Analyst
53-6051.07,1.A.1.b.1,Fluency of Ideas,LV,2.12,8,0.125,1.88,2.37,N,N,07/2015,Analyst
53-6051.07,1.A.1.b.2,Originality,IM,2.0,8,0.0,2.0,2.0,N,,07/2015,Analyst
53-6051.07,1.A.1.b.2,Originality,LV,2.0,8,0.0,2.0,2.0,N,N,07/2015,Analyst
53-6051.07,1.A.1.b.3,Problem Sensitivity,IM,3.75,8,0.1637,3.4292,4.0708,N,,07/2015,Analyst
53-6051.07,1.A.1.b.3,Problem Sensitivity,LV,3.12,8,0.125,2.88,3.37,N,N,07/2015,Analyst
53-6051.07,1.A.1.b.4,Deductive Reasoning,IM,3.0,8,0.0,3.0,3.0,N,,07/2015,Analyst
53-6051.07,1.A.1.b.4,Deductive Reasoning,LV,3.0,8,0.0,3.0,3.0,N,N,07/2015,Analyst
53-6051.07,1.A.1.b.5,Inductive Reasoning,IM,3.0,8,0.189,2.6296,3.3704,N,,07/2015,Analyst
53-6051.07,1.A.1.b.5,Inductive Reasoning,LV,3.0,8,0.0,3.0,3.0,N,N,07/2015,Analyst
53-6051.07,1.A.1.b.6,Information Ordering,IM,2.75,8,0.1637,2.4292,3.0708,N,,07/2015,Analyst
53-6051.07,1.A.1.b.6,Information Ordering,LV,3.0,8,0.0,3.0,3.0,N,N,07/2015,Analyst
53-6051.07,1.A.1.b.7,Category Flexibility,IM,2.88,8,0.125,2.63,3.12,N,,07/2015,Analyst
53-6051.07,1.A.1.b.7,Category Flexibility,LV,2.88,8,0.125,2.63,3.12,N,N,07/2015,Analyst
53-6051.07,1.A.1.c.1,Mathematical Reasoning,IM,2.0,8,0.0,2.0,2.0,N,,07/2015,Analyst
53-6051.07,1.A.1.c.1,Mathematical Reasoning,LV,1.75,8,0.1637,1.4292,2.0708,N,N,07/2015,Analyst
53-6051.07,1.A.1.c.2,Number Facility,IM,2.0,8,0.0,2.0,2.0,N,,07/2015,Analyst
53-6051.07,1.A.1.c.2,Number Facility,LV,1.75,8,0.1637,1.4292,2.0708,N,N,07/2015,Analyst
53-6051.07,1.A.1.d.1,Memorization,IM,2.12,8,0.125,1.88,2.37,N,,07/2015,Analyst
53-6051.07,1.A.1.d.1,Memorization,LV,1.88,8,0.125,1.63,2.12,N,N,07/2015,Analyst
53-6051.07,1.A.1.e.1,Speed of Closure,IM,2.38,8,0.2631,1.8594,2.8906,N,,07/2015,Analyst
53-6051.07,1.A.1.e.1,Speed of Closure,LV,2.25,8,0.1637,1.9292,2.5708,N,N,07/2015,Analyst
53-6051.07,1.A.1.e.2,Flexibility of Closure,IM,3.12,8,0.2266,2.6809,3.5691,N,,07/2015,Analyst
53-6051.07,1.A.1.e.2,Flexibility of Closure,LV,3.0,8,0.189,2.6296,3.3704,N,N,07/2015,Analyst
53-6051.07,1.A.1.e.3,Perceptual Speed,IM,2.88,8,0.125,2.63,3.12,N,,07/2015,Analyst
53-6051.07,1.A.1.e.3,Perceptual Speed,LV,2.88,8,0.125,2.63,3.12,N,N,07/2015,Analyst
53-6051.07,1.A.1.f.1,Spatial Orientation,IM,2.0,8,0.0,2.0,2.0,N,,07/2015,Analyst
53-6051.07,1.A.1.f.1,Spatial Orientation,LV,1.88,8,0.125,1.63,2.12,N,N,07/2015,Analyst
53-6051.07,1.A.1.f.2,Visualization,IM,2.88,8,0.125,2.63,3.12,N,,07/2015,Analyst
53-6051.07,1.A.1.f.2,Visualization,LV,2.75,8,0.1637,2.4292,3.0708,N,N,07/2015,Analyst
53-6051.07,1.A.1.g.1,Selective Attention,IM,3.0,8,0.0,3.0,3.0,N,,07/2015,Analyst
53-6051.07,1.A.1.g.1,Selective Attention,LV,2.88,8,0.2266,2.4309,3.3191,N,N,07/2015,Analyst
53-6051.07,1.A.1.g.2,Time Sharing,IM,2.75,8,0.1637,2.4292,3.0708,N,,07/2015,Analyst
53-6051.07,1.A.1.g.2,Time Sharing,LV,2.62,8,0.183,2.2664,2.9836,N,N,07/2015,Analyst
53-6051.07,1.A.2.a.1,Arm-Hand Steadiness,IM,3.12,8,0.2266,2.6809,3.5691,N,,07/2015,Analyst
53-6051.07,1.A.2.a.1,Arm-Hand Steadiness,LV,3.12,8,0.125,2.88,3.37,N,N,07/2015,Analyst
53-6051.07,1.A.2.a.2,Manual Dexterity,IM,2.88,8,0.125,2.63,3.12,N,,07/2015,Analyst
53-6051.07,1.A.2.a.2,Manual Dexterity,LV,2.88,8,0.125,2.63,3.12,N,N,07/2015,Analyst
53-6051.07,1.A.2.a.3,Finger Dexterity,IM,2.88,8,0.125,2.63,3.12,N,,07/2015,Analyst
53-6051.07,1.A.2.a.3,Finger Dexterity,LV,3.0,8,0.0,3.0,3.0,N,N,07/2015,Analyst
53-6051.07,1.A.2.b.1,Control Precision,IM,2.88,8,0.125,2.63,3.12,N,,07/2015,Analyst
53-6051.07,1.A.2.b.1,Control Precision,LV,3.0,8,0.0,3.0,3.0,N,N,07/2015,Analyst
53-6051.07,1.A.2.b.2,Multilimb Coordination,IM,2.88,8,0.125,2.63,3.12,N,,07/2015,Analyst
53-6051.07,1.A.2.b.2,Multilimb Coordination,LV,2.75,8,0.1637,2.4292,3.0708,N,N,07/2015,Analyst
53-6051.07,1.A.2.b.3,Response Orientation,IM,2.0,8,0.0,2.0,2.0,N,,07/2015,Analyst
53-6051.07,1.A.2.b.3,Response Orientation,LV,2.12,8,0.125,1.88,2.37,N,N,07/2015,Analyst
53-6051.07,1.A.2.b.4,Rate Control,IM,2.38,8,0.183,2.0164,2.7336,N,,07/2015,Analyst
53-6051.07,1.A.2.b.4,Rate Control,LV,2.25,8,0.1637,1.9292,2.5708,N,N,07/2015,Analyst
53-6051.07,1.A.2.c.1,Reaction Time,IM,2.25,8,0.1637,1.9292,2.5708,N,,07/2015,Analyst
53-6051.07,1.A.2.c.1,Reaction Time,LV,2.38,8,0.183,2.0164,2.7336,N,N,07/2015,Analyst
53-6051.07,1.A.2.c.2,Wrist-Finger Speed,IM,2.0,8,0.0,2.0,2.0,N,,07/2015,Analyst
53-6051.07,1.A.2.c.2,Wrist-Finger Speed,LV,1.75,8,0.1637,1.4292,2.0708,N,N,07/2015,Analyst
53-6051.07,1.A.2.c.3,Speed of Limb Movement,IM,1.5,8,0.189,1.1296,1.8704,N,,07/2015,Analyst
53-6051.07,1.A.2.c.3,Speed of Limb Movement,LV,0.88,8,0.3504,0.1883,1.5617,N,N,07/2015,Analyst
53-6051.07,1.A.3.a.1,Static Strength,IM,2.12,8,0.125,1.88,2.37,N,,07/2015,Analyst
53-6051.07,1.A.3.a.1,Static Strength,LV,2.12,8,0.125,1.88,2.37,N,N,07/2015,Analyst
53-6051.07,1.A.3.a.2,Explosive Strength,IM,1.25,8,0.1637,1.0,1.5708,N,,07/2015,Analyst
53-6051.07,1.A.3.a.2,Explosive Strength,LV,0.25,8,0.1637,0.0,0.5708,N,Y,07/2015,Analyst
53-6051.07,1.A.3.a.3,Dynamic Strength,IM,1.88,8,0.125,1.63,2.12,N,,07/2015,Analyst
53-6051.07,1.A.3.a.3,Dynamic Strength,LV,1.25,8,0.25,0.76,1.74,N,N,07/2015,Analyst
53-6051.07,1.A.3.a.4,Trunk Strength,IM,2.75,8,0.1637,2.4292,3.0708,N,,07/2015,Analyst
53-6051.07,1.A.3.a.4,Trunk Strength,LV,2.62,8,0.2631,2.1094,3.1406,N,N,07/2015,Analyst
53-6051.07,1.A.3.b.1,Stamina,IM,2.12,8,0.125,1.88,2.37,N,,07/2015,Analyst
53-6051.07,1.A.3.b.1,Stamina,LV,1.88,8,0.2266,1.4309,2.3191,N,N,07/2015,Analyst
53-6051.07,1.A.3.c.1,Extent Flexibility,IM,2.88,8,0.125,2.63,3.12,N,,07/2015,Analyst
53-6051.07,1.A.3.c.1,Extent Flexibility,LV,3.12,8,0.125,2.88,3.37,N,N,07/2015,Analyst
53-6051.07,1.A.3.c.2,Dynamic Flexibility,IM,1.0,8,0.0,1.0,1.0,N,,07/2015,Analyst
53-6051.07,1.A.3.c.2,Dynamic Flexibility,LV,0.0,8,0.0,0.0,0.0,N,Y,07/2015,Analyst
53-6051.07,1.A.3.c.3,Gross Body Coordination,IM,2.0,8,0.189,1.6296,2.3704,N,,07/2015,Analyst
53-6051.07,1.A.3.c.3,Gross Body Coordination,LV,1.75,8,0.25,1.26,2.24,N,N,07/2015,Analyst
53-6051.07,1.A.3.c.4,Gross Body Equilibrium,IM,2.0,8,0.189,1.6296,2.3704,N,,07/2015,Analyst
53-6051.07,1.A.3.c.4,Gross Body Equilibrium,LV,1.38,8,0.2631,0.8594,1.8906,N,N,07/2015,Analyst
53-6051.07,1.A.4.a.1,Near Vision,IM,3.88,8,0.125,3.63,4.12,N,,07/2015,Analyst
53-6051.07,1.A.4.a.1,Near Vision,LV,3.88,8,0.125,3.63,4.12,N,N,07/2015,Analyst
53-6051.07,1.A.4.a.2,Far Vision,IM,2.88,8,0.2266,2.4309,3.3191,N,,07/2015,Analyst
53-6051.07,1.A.4.a.2,Far Vision,LV,2.75,8,0.1637,2.4292,3.0708,N,N,07/2015,Analyst
53-6051.07,1.A.4.a.3,Visual Color Discrimination,IM,2.62,8,0.183,2.2664,2.9836,N,,07/2015,Analyst
53-6051.07,1.A.4.a.3,Visual Color Discrimination,LV,2.75,8,0.1637,2.4292,3.0708,N,N,07/2015,Analyst
53-6051.07,1.A.4.a.4,Night Vision,IM,1.88,8,0.125,1.63,2.12,N,,07/2015,Analyst
53-6051.07,1.A.4.a.4,Night Vision,LV,1.62,8,0.2631,1.1094,2.1406,N,N,07/2015,Analyst
53-6051.07,1.A.4.a.5,Peripheral Vision,IM,2.0,8,0.0,2.0,2.0,N,,07/2015,Analyst
53-6051.07,1.A.4.a.5,Peripheral Vision,LV,1.75,8,0.1637,1.4292,2.0708,N,N,07/2015,Analyst
53-6051.07,1.A.4.a.6,Depth Perception,IM,2.88,8,0.125,2.63,3.12,N,,07/2015,Analyst
53-6051.07,1.A.4.a.6,Depth Perception,LV,2.62,8,0.183,2.2664,2.9836,N,N,07/2015,Analyst
53-6051.07,1.A.4.a.7,Glare Sensitivity,IM,2.0,8,0.0,2.0,2.0,N,,07/2015,Analyst
53-6051.07,1.A.4.a.7,Glare Sensitivity,LV,1.75,8,0.1637,1.4292,2.0708,N,N,07/2015,Analyst
53-6051.07,1.A.4.b.1,Hearing Sensitivity,IM,3.0,8,0.0,3.0,3.0,N,,07/2015,Analyst
53-6051.07,1.A.4.b.1,Hearing Sensitivity,LV,2.88,8,0.125,2.63,3.12,N,N,07/2015,Analyst
53-6051.07,1.A.4.b.2,Auditory Attention,IM,3.0,8,0.0,3.0,3.0,N,,07/2015,Analyst
53-6051.07,1.A.4.b.2,Auditory Attention,LV,2.75,8,0.1637,2.4292,3.0708,N,N,07/2015,Analyst
53-6051.07,1.A.4.b.3,Sound Localization,IM,1.88,8,0.125,1.63,2.12,N,,07/2015,Analyst
53-6051.07,1.A.4.b.3,Sound Localization,LV,1.25,8,0.25,0.76,1.74,N,N,07/2015,Analyst
53-6051.07,1.A.4.b.4,Speech Recognition,IM,2.88,8,0.125,2.63,3.12,N,,07/2015,Analyst
53-6051.07,1.A.4.b.4,Speech Recognition,LV,2.88,8,0.125,2.63,3.12,N,N,07/2015,Analyst
53-6051.07,1.A.4.b.5,Speech Clarity,IM,3.0,8,0.0,3.0,3.0,N,,07/2015,Analyst
53-6051.07,1.A.4.b.5,Speech Clarity,LV,3.0,8,0.0,3.0,3.0,N,N,07/2015,Analyst
53-6061.00,1.A.1.a.1,Oral Comprehension,IM,3.75,8,0.1637,3.4292,4.0708,N,,07/2015,Analyst
53-6061.00,1.A.1.a.1,Oral Comprehension,LV,3.62,8,0.183,3.2664,3.9836,N,N,07/2015,Analyst
53-6061.00,1.A.1.a.2,Written Comprehension,IM,3.0,8,0.0,3.0,3.0,N,,07/2015,Analyst
53-6061.00,1.A.1.a.2,Written Comprehension,LV,3.0,8,0.0,3.0,3.0,N,N,07/2015,Analyst
53-6061.00,1.A.1.a.3,Oral Expression,IM,3.75,8,0.1637,3.4292,4.0708,N,,07/2015,Analyst
53-6061.00,1.A.1.a.3,Oral Expression,LV,4.0,8,0.0,4.0,4.0,N,N,07/2015,Analyst
53-6061.00,1.A.1.a.4,Written Expression,IM,2.62,8,0.183,2.2664,2.9836,N,,07/2015,Analyst
53-6061.00,1.A.1.a.4,Written Expression,LV,2.38,8,0.2631,1.8594,2.8906,N,N,07/2015,Analyst
53-6061.00,1.A.1.b.1,Fluency of Ideas,IM,2.0,8,0.0,2.0,2.0,N,,07/2015,Analyst
53-6061.00,1.A.1.b.1,Fluency of Ideas,LV,2.12,8,0.125,1.88,2.37,N,N,07/2015,Analyst
53-6061.00,1.A.1.b.2,Originality,IM,2.25,8,0.1637,1.9292,2.5708,N,,07/2015,Analyst
53-6061.00,1.A.1.b.2,Originality,LV,2.12,8,0.125,1.88,2.37,N,N,07/2015,Analyst
53-6061.00,1.A.1.b.3,Problem Sensitivity,IM,3.5,8,0.189,3.1296,3.8704,N,,07/2015,Analyst
53-6061.00,1.A.1.b.3,Problem Sensitivity,LV,3.25,8,0.1637,2.9292,3.5708,N,N,07/2015,Analyst
53-6061.00,1.A.1.b.4,Deductive Reasoning,IM,3.38,8,0.183,3.0164,3.7336,N,,07/2015,Analyst
53-6061.00,1.A.1.b.4,Deductive Reasoning,LV,2.88,8,0.125,2.63,3.12,N,N,07/2015,Analyst
53-6061.00,1.A.1.b.5,Inductive Reasoning,IM,3.0,8,0.0,3.0,3.0,N,,07/2015,Analyst
53-6061.00,1.A.1.b.5,Inductive Reasoning,LV,2.88,8,0.125,2.63,3.12,N,N,07/2015,Analyst
53-6061.00,1.A.1.b.6,Information Ordering,IM,2.75,8,0.1637,2.4292,3.0708,N,,07/2015,Analyst
53-6061.00,1.A.1.b.6,Information Ordering,LV,2.62,8,0.183,2.2664,2.9836,N,N,07/2015,Analyst
53-6061.00,1.A.1.b.7,Category Flexibility,IM,2.88,8,0.125,2.63,3.12,N,,07/2015,Analyst
53-6061.00,1.A.1.b.7,Category Flexibility,LV,2.88,8,0.125,2.63,3.12,N,N,07/2015,Analyst
53-6061.00,1.A.1.c.1,Mathematical Reasoning,IM,2.25,8,0.25,1.76,2.74,N,,07/2015,Analyst
53-6061.00,1.A.1.c.1,Mathematical Reasoning,LV,1.5,8,0.2673,0.9762,2.0238,N,N,07/2015,Analyst
53-6061.00,1.A.1.c.2,Number Facility,IM,2.25,8,0.25,1.76,2.74,N,,07/2015,Analyst
53-6061.00,1.A.1.c.2,Number Facility,LV,1.62,8,0.2631,1.1094,2.1406,N,N,07/2015,Analyst
53-6061.00,1.A.1.d.1,Memorization,IM,2.12,8,0.125,1.88,2.37,N,,07/2015,Analyst
53-6061.00,1.A.1.d.1,Memorization,LV,2.0,8,0.0,2.0,2.0,N,N,07/2015,Analyst
53-6061.00,1.A.1.e.1,Speed of Closure,IM,2.12,8,0.125,1.88,2.37,N,,07/2015,Analyst
53-6061.00,1.A.1.e.1,Speed of Closure,LV,2.0,8,0.0,2.0,2.0,N,N,07/2015,Analyst
53-6061.00,1.A.1.e.2,Flexibility of Closure,IM,2.75,8,0.1637,2.4292,3.0708,N,,07/2015,Analyst
53-6061.00,1.A.1.e.2,Flexibility of Closure,LV,2.5,8,0.189,2.1296,2.8704,N,N,07/2015,Analyst
53-6061.00,1.A.1.e.3,Perceptual Speed,IM,2.5,8,0.189,2.1296,2.8704,N,,07/2015,Analyst
53-6061.00,1.A.1.e.3,Perceptual Speed,LV,2.5,8,0.189,2.1296,2.8704,N,N,07/2015,Analyst
53-6061.00,1.A.1.f.1,Spatial Orientation,IM,1.5,8,0.189,1.1296,1.8704,N,,07/2015,Analyst
53-6061.00,1.A.1.f.1,Spatial Orientation,LV,1.0,8,0.378,0.2592,1.7408,N,N,07/2015,Analyst
53-6061.00,1.A.1.f.2,Visualization,IM,2.25,8,0.1637,1.9292,2.5708,N,,07/2015,Analyst
53-6061.00,1.A.1.f.2,Visualization,LV,2.0,8,0.0,2.0,2.0,N,N,07/2015,Analyst
53-6061.00,1.A.1.g.1,Selective Attention,IM,3.0,8,0.0,3.0,3.0,N,,07/2015,Analyst
53-6061.00,1.A.1.g.1,Selective Attention,LV,2.75,8,0.1637,2.4292,3.0708,N,N,07/2015,Analyst
53-6061.00,1.A.1.g.2,Time Sharing,IM,2.75,8,0.1637,2.4292,3.0708,N,,07/2015,Analyst
53-6061.00,1.A.1.g.2,Time Sharing,LV,2.75,8,0.1637,2.4292,3.0708,N,N,07/2015,Analyst
53-6061.00,1.A.2.a.1,Arm-Hand Steadiness,IM,2.38,8,0.183,2.0164,2.7336,N,,07/2015,Analyst
53-6061.00,1.A.2.a.1,Arm-Hand Steadiness,LV,2.12,8,0.295,1.5467,2.7033,N,N,07/2015,Analyst
53-6061.00,1.A.2.a.2,Manual Dexterity,IM,2.38,8,0.183,2.0164,2.7336,N,,07/2015,Analyst
53-6061.00,1.A.2.a.2,Manual Dexterity,LV,2.0,8,0.2673,1.4762,2.5238,N,N,07/2015,Analyst
53-6061.00,1.A.2.a.3,Finger Dexterity,IM,2.12,8,0.2266,1.6809,2.5691,N,,07/2015,Analyst
53-6061.00,1.A.2.a.3,Finger Dexterity,LV,1.88,8,0.3504,1.1883,2.5617,N,N,07/2015,Analyst
53-6061.00,1.A.2.b.1,Control Precision,IM,2.38,8,0.183,2.0164,2.7336,N,,07/2015,Analyst
53-6061.00,1.A.2.b.1,Control Precision,LV,2.12,8,0.295,1.5467,2.7033,N,N,07/2015,Analyst
53-6061.00,1.A.2.b.2,Multilimb Coordination,IM,2.5,8,0.189,2.1296,2.8704,N,,07/2015,Analyst
53-6061.00,1.A.2.b.2,Multilimb Coordination,LV,2.12,8,0.2266,1.6809,2.5691,N,N,07/2015,Analyst
53-6061.00,1.A.2.b.3,Response Orientation,IM,2.0,8,0.0,2.0,2.0,N,,07/2015,Analyst
53-6061.00,1.A.2.b.3,Response Orientation,LV,1.88,8,0.125,1.63,2.12,N,N,07/2015,Analyst
53-6061.00,1.A.2.b.4,Rate Control,IM,1.38,8,0.183,1.0164,1.7336,N,,07/2015,Analyst
53-6061.00,1.A.2.b.4,Rate Control,LV,0.75,8,0.366,0.0327,1.4673,N,N,07/2015,Analyst
53-6061.00,1.A.2.c.1,Reaction Time,IM,1.75,8,0.1637,1.4292,2.0708,N,,07/2015,Analyst
53-6061.00,1.A.2.c.1,Reaction Time,LV,1.5,8,0.3273,0.8584,2.1416,N,N,07/2015,Analyst
53-6061.00,1.A.2.c.2,Wrist-Finger Speed,IM,1.38,8,0.183,1.0164,1.7336,N,,07/2015,Analyst
53-6061.00,1.A.2.c.2,Wrist-Finger Speed,LV,0.75,8,0.366,0.0327,1.4673,N,N,07/2015,Analyst
53-6061.00,1.A.2.c.3,Speed of Limb Movement,IM,1.62,8,0.183,1.2664,1.9836,N,,07/2015,Analyst
53-6061.00,1.A.2.c.3,Speed of Limb Movement,LV,1.12,8,0.3504,0.4383,1.8117,N,N,07/2015,Analyst
53-6061.00,1.A.3.a.1,Static Strength,IM,2.38,8,0.183,2.0164,2.7336,N,,07/2015,Analyst
53-6061.00,1.A.3.a.1,Static Strength,LV,2.0,8,0.189,1.6296,2.3704,N,N,07/2015,Analyst
53-6061.00,1.A.3.a.2,Explosive Strength,IM,2.12,8,0.125,1.88,2.37,N,,07/2015,Analyst
53-6061.00,1.A.3.a.2,Explosive Strength,LV,1.88,8,0.125,1.63,2.12,N,N,07/2015,Analyst
53-6061.00,1.A.3.a.3,Dynamic Strength,IM,2.0,8,0.0,2.0,2.0,N,,07/2015,Analyst
53-6061.00,1.A.3.a.3,Dynamic Strength,LV,1.75,8,0.1637,1.4292,2.0708,N,N,07/2015,Analyst
53-6061.00,1.A.3.a.4,Trunk Strength,IM,2.62,8,0.183,2.2664,2.9836,N,,07/2015,Analyst
53-6061.00,1.A.3.a.4,Trunk Strength,LV,2.75,8,0.1637,2.4292,3.0708,N,N,07/2015,Analyst
53-6061.00,1.A.3.b.1,Stamina,IM,2.38,8,0.183,2.0164,2.7336,N,,07/2015,Analyst
53-6061.00,1.A.3.b.1,Stamina,LV,1.88,8,0.125,1.63,2.12,N,N,07/2015,Analyst
53-6061.00,1.A.3.c.1,Extent Flexibility,IM,2.12,8,0.125,1.88,2.37,N,,07/2015,Analyst
53-6061.00,1.A.3.c.1,Extent Flexibility,LV,2.12,8,0.125,1.88,2.37,N,N,07/2015,Analyst
53-6061.00,1.A.3.c.2,Dynamic Flexibility,IM,1.0,8,0.0,1.0,1.0,N,,07/2015,Analyst
53-6061.00,1.A.3.c.2,Dynamic Flexibility,LV,0.0,8,0.0,0.0,0.0,N,Y,07/2015,Analyst
53-6061.00,1.A.3.c.3,Gross Body Coordination,IM,2.38,8,0.183,2.0164,2.7336,N,,07/2015,Analyst
53-6061.00,1.A.3.c.3,Gross Body Coordination,LV,2.38,8,0.183,2.0164,2.7336,N,N,07/2015,Analyst
53-6061.00,1.A.3.c.4,Gross Body Equilibrium,IM,2.25,8,0.1637,1.9292,2.5708,N,,07/2015,Analyst
53-6061.00,1.A.3.c.4,Gross Body Equilibrium,LV,2.12,8,0.125,1.88,2.37,N,N,07/2015,Analyst
53-6061.00,1.A.4.a.1,Near Vision,IM,2.88,8,0.2266,2.4309,3.3191,N,,07/2015,Analyst
53-6061.00,1.A.4.a.1,Near Vision,LV,3.0,8,0.189,2.6296,3.3704,N,N,07/2015,Analyst
53-6061.00,1.A.4.a.2,Far Vision,IM,2.75,8,0.1637,2.4292,3.0708,N,,07/2015,Analyst
53-6061.00,1.A.4.a.2,Far Vision,LV,2.62,8,0.183,2.2664,2.9836,N,N,07/2015,Analyst
53-6061.00,1.A.4.a.3,Visual Color Discrimination,IM,2.62,8,0.183,2.2664,2.9836,N,,07/2015,Analyst
53-6061.00,1.A.4.a.3,Visual Color Discrimination,LV,1.88,8,0.125,1.63,2.12,N,N,07/2015,Analyst
53-6061.00,1.A.4.a.4,Night Vision,IM,1.5,8,0.189,1.1296,1.8704,N,,07/2015,Analyst
53-6061.00,1.A.4.a.4,Night Vision,LV,1.0,8,0.378,0.2592,1.7408,N,N,07/2015,Analyst
53-6061.00,1.A.4.a.5,Peripheral Vision,IM,1.5,8,0.189,1.1296,1.8704,N,,07/2015,Analyst
53-6061.00,1.A.4.a.5,Peripheral Vision,LV,1.0,8,0.378,0.2592,1.7408,N,N,07/2015,Analyst
53-6061.00,1.A.4.a.6,Depth Perception,IM,2.38,8,0.183,2.0164,2.7336,N,,07/2015,Analyst
53-6061.00,1.A.4.a.6,Depth Perception,LV,1.88,8,0.295,1.2967,2.4533,N,N,07/2015,Analyst
53-6061.00,1.A.4.a.7,Glare Sensitivity,IM,1.5,8,0.189,1.1296,1.8704,N,,07/2015,Analyst
53-6061.00,1.A.4.a.7,Glare Sensitivity,LV,0.88,8,0.3504,0.1883,1.5617,N,N,07/2015,Analyst
53-6061.00,1.A.4.b.1,Hearing Sensitivity,IM,2.5,8,0.189,2.1296,2.8704,N,,07/2015,Analyst
53-6061.00,1.A.4.b.1,Hearing Sensitivity,LV,2.25,8,0.1637,1.9292,2.5708,N,N,07/2015,Analyst
53-6061.00,1.A.4.b.2,Auditory Attention,IM,2.62,8,0.183,2.2664,2.9836,N,,07/2015,Analyst
53-6061.00,1.A.4.b.2,Auditory Attention,LV,2.38,8,0.183,2.0164,2.7336,N,N,07/2015,Analyst
53-6061.00,1.A.4.b.3,Sound Localization,IM,1.38,8,0.183,1.0164,1.7336,N,,07/2015,Analyst
53-6061.00,1.A.4.b.3,Sound Localization,LV,0.75,8,0.366,0.0327,1.4673,N,N,07/2015,Analyst
53-6061.00,1.A.4.b.4,Speech Recognition,IM,3.62,8,0.183,3.2664,3.9836,N,,07/2015,Analyst
53-6061.00,1.A.4.b.4,Speech Recognition,LV,3.38,8,0.183,3.0164,3.7336,N,N,07/2015,Analyst
53-6061.00,1.A.4.b.5,Speech Clarity,IM,3.62,8,0.183,3.2664,3.9836,N,,07/2015,Analyst
53-6061.00,1.A.4.b.5,Speech Clarity,LV,3.5,8,0.189,3.1296,3.8704,N,N,07/2015,Analyst
53-7011.00,1.A.1.a.1,Oral Comprehension,IM,3.75,8,0.1637,3.4292,4.0708,N,,07/2017,Analyst
53-7011.00,1.A.1.a.1,Oral Comprehension,LV,3.5,8,0.189,3.1296,3.8704,N,N,07/2017,Analyst
53-7011.00,1.A.1.a.2,Written Comprehension,IM,2.88,8,0.125,2.63,3.12,N,,07/2017,Analyst
53-7011.00,1.A.1.a.2,Written Comprehension,LV,2.88,8,0.125,2.63,3.12,N,N,07/2017,Analyst
53-7011.00,1.A.1.a.3,Oral Expression,IM,3.5,8,0.189,3.1296,3.8704,N,,07/2017,Analyst
53-7011.00,1.A.1.a.3,Oral Expression,LV,3.38,8,0.183,3.0164,3.7336,N,N,07/2017,Analyst
53-7011.00,1.A.1.a.4,Written Expression,IM,3.0,8,0.189,2.6296,3.3704,N,,07/2017,Analyst
53-7011.00,1.A.1.a.4,Written Expression,LV,2.88,8,0.125,2.63,3.12,N,N,07/2017,Analyst
53-7011.00,1.A.1.b.1,Fluency of Ideas,IM,2.5,8,0.189,2.1296,2.8704,N,,07/2017,Analyst
53-7011.00,1.A.1.b.1,Fluency of Ideas,LV,2.25,8,0.1637,1.9292,2.5708,N,N,07/2017,Analyst
53-7011.00,1.A.1.b.2,Originality,IM,2.12,8,0.125,1.88,2.37,N,,07/2017,Analyst
53-7011.00,1.A.1.b.2,Originality,LV,2.12,8,0.125,1.88,2.37,N,N,07/2017,Analyst
53-7011.00,1.A.1.b.3,Problem Sensitivity,IM,3.62,8,0.183,3.2664,3.9836,N,,07/2017,Analyst
53-7011.00,1.A.1.b.3,Problem Sensitivity,LV,3.12,8,0.125,2.88,3.37,N,N,07/2017,Analyst
53-7011.00,1.A.1.b.4,Deductive Reasoning,IM,3.5,8,0.189,3.1296,3.8704,N,,07/2017,Analyst
53-7011.00,1.A.1.b.4,Deductive Reasoning,LV,3.0,8,0.0,3.0,3.0,N,N,07/2017,Analyst
53-7011.00,1.A.1.b.5,Inductive Reasoning,IM,3.38,8,0.183,3.0164,3.7336,N,,07/2017,Analyst
53-7011.00,1.A.1.b.5,Inductive Reasoning,LV,3.0,8,0.0,3.0,3.0,N,N,07/2017,Analyst
53-7011.00,1.A.1.b.6,Information Ordering,IM,3.0,8,0.0,3.0,3.0,N,,07/2017,Analyst
53-7011.00,1.A.1.b.6,Information Ordering,LV,3.5,8,0.189,3.1296,3.8704,N,N,07/2017,Analyst
53-7011.00,1.A.1.b.7,Category Flexibility,IM,2.88,8,0.125,2.63,3.12,N,,07/2017,Analyst
53-7011.00,1.A.1.b.7,Category Flexibility,LV,3.0,8,0.189,2.6296,3.3704,N,N,07/2017,Analyst
53-7011.00,1.A.1.c.1,Mathematical Reasoning,IM,2.0,8,0.0,2.0,2.0,N,,07/2017,Analyst
53-7011.00,1.A.1.c.1,Mathematical Reasoning,LV,1.75,8,0.1637,1.4292,2.0708,N,N,07/2017,Analyst
53-7011.00,1.A.1.c.2,Number Facility,IM,2.0,8,0.0,2.0,2.0,N,,07/2017,Analyst
53-7011.00,1.A.1.c.2,Number Facility,LV,1.75,8,0.1637,1.4292,2.0708,N,N,07/2017,Analyst
53-7011.00,1.A.1.d.1,Memorization,IM,2.12,8,0.125,1.88,2.37,N,,07/2017,Analyst
53-7011.00,1.A.1.d.1,Memorization,LV,2.0,8,0.0,2.0,2.0,N,N,07/2017,Analyst
53-7011.00,1.A.1.e.1,Speed of Closure,IM,2.25,8,0.1637,1.9292,2.5708,N,,07/2017,Analyst
53-7011.00,1.A.1.e.1,Speed of Closure,LV,2.25,8,0.1637,1.9292,2.5708,N,N,07/2017,Analyst
53-7011.00,1.A.1.e.2,Flexibility of Closure,IM,3.12,8,0.125,2.88,3.37,N,,07/2017,Analyst
53-7011.00,1.A.1.e.2,Flexibility of Closure,LV,2.88,8,0.2266,2.4309,3.3191,N,N,07/2017,Analyst
53-7011.00,1.A.1.e.3,Perceptual Speed,IM,3.25,8,0.1637,2.9292,3.5708,N,,07/2017,Analyst
53-7011.00,1.A.1.e.3,Perceptual Speed,LV,3.25,8,0.1637,2.9292,3.5708,N,N,07/2017,Analyst
53-7011.00,1.A.1.f.1,Spatial Orientation,IM,2.0,8,0.0,2.0,2.0,N,,07/2017,Analyst
53-7011.00,1.A.1.f.1,Spatial Orientation,LV,1.38,8,0.183,1.0164,1.7336,N,N,07/2017,Analyst
53-7011.00,1.A.1.f.2,Visualization,IM,3.0,8,0.0,3.0,3.0,N,,07/2017,Analyst
53-7011.00,1.A.1.f.2,Visualization,LV,3.0,8,0.0,3.0,3.0,N,N,07/2017,Analyst
53-7011.00,1.A.1.g.1,Selective Attention,IM,3.25,8,0.1637,2.9292,3.5708,N,,07/2017,Analyst
53-7011.00,1.A.1.g.1,Selective Attention,LV,3.12,8,0.125,2.88,3.37,N,N,07/2017,Analyst
53-7011.00,1.A.1.g.2,Time Sharing,IM,2.88,8,0.125,2.63,3.12,N,,07/2017,Analyst
53-7011.00,1.A.1.g.2,Time Sharing,LV,2.5,8,0.189,2.1296,2.8704,N,N,07/2017,Analyst
53-7011.00,1.A.2.a.1,Arm-Hand Steadiness,IM,3.12,8,0.125,2.88,3.37,N,,07/2017,Analyst
53-7011.00,1.A.2.a.1,Arm-Hand Steadiness,LV,3.12,8,0.125,2.88,3.37,N,N,07/2017,Analyst
53-7011.00,1.A.2.a.2,Manual Dexterity,IM,3.12,8,0.125,2.88,3.37,N,,07/2017,Analyst
53-7011.00,1.A.2.a.2,Manual Dexterity,LV,3.12,8,0.125,2.88,3.37,N,N,07/2017,Analyst
53-7011.00,1.A.2.a.3,Finger Dexterity,IM,3.0,8,0.0,3.0,3.0,N,,07/2017,Analyst
53-7011.00,1.A.2.a.3,Finger Dexterity,LV,3.0,8,0.0,3.0,3.0,N,N,07/2017,Analyst
53-7011.00,1.A.2.b.1,Control Precision,IM,3.75,8,0.1637,3.4292,4.0708,N,,07/2017,Analyst
53-7011.00,1.A.2.b.1,Control Precision,LV,3.5,8,0.189,3.1296,3.8704,N,N,07/2017,Analyst
53-7011.00,1.A.2.b.2,Multilimb Coordination,IM,3.38,8,0.183,3.0164,3.7336,N,,07/2017,Analyst
53-7011.00,1.A.2.b.2,Multilimb Coordination,LV,3.5,8,0.189,3.1296,3.8704,N,N,07/2017,Analyst
53-7011.00,1.A.2.b.3,Response Orientation,IM,2.88,8,0.125,2.63,3.12,N,,07/2017,Analyst
53-7011.00,1.A.2.b.3,Response Orientation,LV,2.88,8,0.125,2.63,3.12,N,N,07/2017,Analyst
53-7011.00,1.A.2.b.4,Rate Control,IM,3.0,8,0.0,3.0,3.0,N,,07/2017,Analyst
53-7011.00,1.A.2.b.4,Rate Control,LV,3.12,8,0.125,2.88,3.37,N,N,07/2017,Analyst
53-7011.00,1.A.2.c.1,Reaction Time,IM,2.5,8,0.189,2.1296,2.8704,N,,07/2017,Analyst
53-7011.00,1.A.2.c.1,Reaction Time,LV,3.12,8,0.125,2.88,3.37,N,N,07/2017,Analyst
53-7011.00,1.A.2.c.2,Wrist-Finger Speed,IM,2.0,8,0.0,2.0,2.0,N,,07/2017,Analyst
53-7011.00,1.A.2.c.2,Wrist-Finger Speed,LV,1.5,8,0.189,1.1296,1.8704,N,N,07/2017,Analyst
53-7011.00,1.A.2.c.3,Speed of Limb Movement,IM,1.75,8,0.1637,1.4292,2.0708,N,,07/2017,Analyst
53-7011.00,1.A.2.c.3,Speed of Limb Movement,LV,1.25,8,0.3134,0.6358,1.8642,N,N,07/2017,Analyst
53-7011.00,1.A.3.a.1,Static Strength,IM,3.12,8,0.125,2.88,3.37,N,,07/2017,Analyst
53-7011.00,1.A.3.a.1,Static Strength,LV,3.0,8,0.0,3.0,3.0,N,N,07/2017,Analyst
53-7011.00,1.A.3.a.2,Explosive Strength,IM,1.88,8,0.295,1.2967,2.4533,N,,07/2017,Analyst
53-7011.00,1.A.3.a.2,Explosive Strength,LV,1.38,8,0.4978,0.3994,2.3506,N,N,07/2017,Analyst
53-7011.00,1.A.3.a.3,Dynamic Strength,IM,2.0,8,0.0,2.0,2.0,N,,07/2017,Analyst
53-7011.00,1.A.3.a.3,Dynamic Strength,LV,2.12,8,0.125,1.88,2.37,N,N,07/2017,Analyst
53-7011.00,1.A.3.a.4,Trunk Strength,IM,3.0,8,0.189,2.6296,3.3704,N,,07/2017,Analyst
53-7011.00,1.A.3.a.4,Trunk Strength,LV,3.0,8,0.189,2.6296,3.3704,N,N,07/2017,Analyst
53-7011.00,1.A.3.b.1,Stamina,IM,2.12,8,0.125,1.88,2.37,N,,07/2017,Analyst
53-7011.00,1.A.3.b.1,Stamina,LV,1.75,8,0.1637,1.4292,2.0708,N,N,07/2017,Analyst
53-7011.00,1.A.3.c.1,Extent Flexibility,IM,2.38,8,0.183,2.0164,2.7336,N,,07/2017,Analyst
53-7011.00,1.A.3.c.1,Extent Flexibility,LV,3.0,8,0.189,2.6296,3.3704,N,N,07/2017,Analyst
53-7011.00,1.A.3.c.2,Dynamic Flexibility,IM,1.25,8,0.25,1.0,1.74,N,,07/2017,Analyst
53-7011.00,1.A.3.c.2,Dynamic Flexibility,LV,0.25,8,0.25,0.0,0.74,N,Y,07/2017,Analyst
53-7011.00,1.A.3.c.3,Gross Body Coordination,IM,2.12,8,0.125,1.88,2.37,N,,07/2017,Analyst
53-7011.00,1.A.3.c.3,Gross Body Coordination,LV,2.0,8,0.189,1.6296,2.3704,N,N,07/2017,Analyst
53-7011.00,1.A.3.c.4,Gross Body Equilibrium,IM,2.12,8,0.125,1.88,2.37,N,,07/2017,Analyst
53-7011.00,1.A.3.c.4,Gross Body Equilibrium,LV,2.0,8,0.189,1.6296,2.3704,N,N,07/2017,Analyst
53-7011.00,1.A.4.a.1,Near Vision,IM,3.25,8,0.1637,2.9292,3.5708,N,,07/2017,Analyst
53-7011.00,1.A.4.a.1,Near Vision,LV,3.12,8,0.125,2.88,3.37,N,N,07/2017,Analyst
53-7011.00,1.A.4.a.2,Far Vision,IM,3.12,8,0.125,2.88,3.37,N,,07/2017,Analyst
53-7011.00,1.A.4.a.2,Far Vision,LV,3.12,8,0.125,2.88,3.37,N,N,07/2017,Analyst
53-7011.00,1.A.4.a.3,Visual Color Discrimination,IM,2.75,8,0.1637,2.4292,3.0708,N,,07/2017,Analyst
53-7011.00,1.A.4.a.3,Visual Color Discrimination,LV,2.75,8,0.1637,2.4292,3.0708,N,N,07/2017,Analyst
53-7011.00,1.A.4.a.4,Night Vision,IM,2.0,8,0.0,2.0,2.0,N,,07/2017,Analyst
53-7011.00,1.A.4.a.4,Night Vision,LV,1.38,8,0.183,1.0164,1.7336,N,N,07/2017,Analyst
53-7011.00,1.A.4.a.5,Peripheral Vision,IM,2.0,8,0.0,2.0,2.0,N,,07/2017,Analyst
53-7011.00,1.A.4.a.5,Peripheral Vision,LV,1.38,8,0.183,1.0164,1.7336,N,N,07/2017,Analyst
53-7011.00,1.A.4.a.6,Depth Perception,IM,3.0,8,0.189,2.6296,3.3704,N,,07/2017,Analyst
53-7011.00,1.A.4.a.6,Depth Perception,LV,3.12,8,0.125,2.88,3.37,N,N,07/2017,Analyst
53-7011.00,1.A.4.a.7,Glare Sensitivity,IM,2.5,8,0.189,2.1296,2.8704,N,,07/2017,Analyst
53-7011.00,1.A.4.a.7,Glare Sensitivity,LV,2.25,8,0.25,1.76,2.74,N,N,07/2017,Analyst
53-7011.00,1.A.4.b.1,Hearing Sensitivity,IM,3.0,8,0.0,3.0,3.0,N,,07/2017,Analyst
53-7011.00,1.A.4.b.1,Hearing Sensitivity,LV,3.0,8,0.0,3.0,3.0,N,N,07/2017,Analyst
53-7011.00,1.A.4.b.2,Auditory Attention,IM,2.88,8,0.125,2.63,3.12,N,,07/2017,Analyst
53-7011.00,1.A.4.b.2,Auditory Attention,LV,3.0,8,0.0,3.0,3.0,N,N,07/2017,Analyst
53-7011.00,1.A.4.b.3,Sound Localization,IM,2.0,8,0.0,2.0,2.0,N,,07/2017,Analyst
53-7011.00,1.A.4.b.3,Sound Localization,LV,1.5,8,0.189,1.1296,1.8704,N,N,07/2017,Analyst
53-7011.00,1.A.4.b.4,Speech Recognition,IM,2.88,8,0.125,2.63,3.12,N,,07/2017,Analyst
53-7011.00,1.A.4.b.4,Speech Recognition,LV,2.88,8,0.125,2.63,3.12,N,N,07/2017,Analyst
53-7011.00,1.A.4.b.5,Speech Clarity,IM,3.12,8,0.125,2.88,3.37,N,,07/2017,Analyst
53-7011.00,1.A.4.b.5,Speech Clarity,LV,2.88,8,0.125,2.63,3.12,N,N,07/2017,Analyst
53-7021.00,1.A.1.a.1,Oral Comprehension,IM,3.12,8,0.125,2.88,3.37,N,,07/2015,Analyst
53-7021.00,1.A.1.a.1,Oral Comprehension,LV,3.5,8,0.189,3.1296,3.8704,N,N,07/2015,Analyst
53-7021.00,1.A.1.a.2,Written Comprehension,IM,2.88,8,0.2266,2.4309,3.3191,N,,07/2015,Analyst
53-7021.00,1.A.1.a.2,Written Comprehension,LV,2.88,8,0.125,2.63,3.12,N,N,07/2015,Analyst
53-7021.00,1.A.1.a.3,Oral Expression,IM,3.25,8,0.1637,2.9292,3.5708,N,,07/2015,Analyst
53-7021.00,1.A.1.a.3,Oral Expression,LV,3.12,8,0.125,2.88,3.37,N,N,07/2015,Analyst
53-7021.00,1.A.1.a.4,Written Expression,IM,2.88,8,0.125,2.63,3.12,N,,07/2015,Analyst
53-7021.00,1.A.1.a.4,Written Expression,LV,2.38,8,0.183,2.0164,2.7336,N,N,07/2015,Analyst
53-7021.00,1.A.1.b.1,Fluency of Ideas,IM,2.38,8,0.183,2.0164,2.7336,N,,07/2015,Analyst
53-7021.00,1.A.1.b.1,Fluency of Ideas,LV,2.12,8,0.125,1.88,2.37,N,N,07/2015,Analyst
53-7021.00,1.A.1.b.2,Originality,IM,2.38,8,0.183,2.0164,2.7336,N,,07/2015,Analyst
53-7021.00,1.A.1.b.2,Originality,LV,2.12,8,0.125,1.88,2.37,N,N,07/2015,Analyst
53-7021.00,1.A.1.b.3,Problem Sensitivity,IM,3.62,8,0.183,3.2664,3.9836,N,,07/2015,Analyst
53-7021.00,1.A.1.b.3,Problem Sensitivity,LV,2.88,8,0.125,2.63,3.12,N,N,07/2015,Analyst
53-7021.00,1.A.1.b.4,Deductive Reasoning,IM,3.0,8,0.0,3.0,3.0,N,,07/2015,Analyst
53-7021.00,1.A.1.b.4,Deductive Reasoning,LV,3.0,8,0.0,3.0,3.0,N,N,07/2015,Analyst
53-7021.00,1.A.1.b.5,Inductive Reasoning,IM,2.88,8,0.125,2.63,3.12,N,,07/2015,Analyst
53-7021.00,1.A.1.b.5,Inductive Reasoning,LV,2.5,8,0.189,2.1296,2.8704,N,N,07/2015,Analyst
53-7021.00,1.A.1.b.6,Information Ordering,IM,3.0,8,0.189,2.6296,3.3704,N,,07/2015,Analyst
53-7021.00,1.A.1.b.6,Information Ordering,LV,2.75,8,0.1637,2.4292,3.0708,N,N,07/2015,Analyst
53-7021.00,1.A.1.b.7,Category Flexibility,IM,2.75,8,0.1637,2.4292,3.0708,N,,07/2015,Analyst
53-7021.00,1.A.1.b.7,Category Flexibility,LV,2.5,8,0.189,2.1296,2.8704,N,N,07/2015,Analyst
53-7021.00,1.A.1.c.1,Mathematical Reasoning,IM,2.38,8,0.183,2.0164,2.7336,N,,07/2015,Analyst
53-7021.00,1.A.1.c.1,Mathematical Reasoning,LV,2.12,8,0.125,1.88,2.37,N,N,07/2015,Analyst
53-7021.00,1.A.1.c.2,Number Facility,IM,2.25,8,0.1637,1.9292,2.5708,N,,07/2015,Analyst
53-7021.00,1.A.1.c.2,Number Facility,LV,2.12,8,0.125,1.88,2.37,N,N,07/2015,Analyst
53-7021.00,1.A.1.d.1,Memorization,IM,2.12,8,0.125,1.88,2.37,N,,07/2015,Analyst
53-7021.00,1.A.1.d.1,Memorization,LV,2.0,8,0.0,2.0,2.0,N,N,07/2015,Analyst
53-7021.00,1.A.1.e.1,Speed of Closure,IM,2.12,8,0.125,1.88,2.37,N,,07/2015,Analyst
53-7021.00,1.A.1.e.1,Speed of Closure,LV,2.12,8,0.125,1.88,2.37,N,N,07/2015,Analyst
53-7021.00,1.A.1.e.2,Flexibility of Closure,IM,2.88,8,0.2266,2.4309,3.3191,N,,07/2015,Analyst
53-7021.00,1.A.1.e.2,Flexibility of Closure,LV,2.62,8,0.183,2.2664,2.9836,N,N,07/2015,Analyst
53-7021.00,1.A.1.e.3,Perceptual Speed,IM,3.12,8,0.125,2.88,3.37,N,,07/2015,Analyst
53-7021.00,1.A.1.e.3,Perceptual Speed,LV,3.12,8,0.125,2.88,3.37,N,N,07/2015,Analyst
53-7021.00,1.A.1.f.1,Spatial Orientation,IM,3.0,8,0.0,3.0,3.0,N,,07/2015,Analyst
53-7021.00,1.A.1.f.1,Spatial Orientation,LV,2.75,8,0.1637,2.4292,3.0708,N,N,07/2015,Analyst
53-7021.00,1.A.1.f.2,Visualization,IM,3.12,8,0.125,2.88,3.37,N,,07/2015,Analyst
53-7021.00,1.A.1.f.2,Visualization,LV,3.12,8,0.125,2.88,3.37,N,N,07/2015,Analyst
53-7021.00,1.A.1.g.1,Selective Attention,IM,3.5,8,0.189,3.1296,3.8704,N,,07/2015,Analyst
53-7021.00,1.A.1.g.1,Selective Attention,LV,3.12,8,0.125,2.88,3.37,N,N,07/2015,Analyst
53-7021.00,1.A.1.g.2,Time Sharing,IM,3.0,8,0.0,3.0,3.0,N,,07/2015,Analyst
53-7021.00,1.A.1.g.2,Time Sharing,LV,2.5,8,0.189,2.1296,2.8704,N,N,07/2015,Analyst
53-7021.00,1.A.2.a.1,Arm-Hand Steadiness,IM,3.62,8,0.183,3.2664,3.9836,N,,07/2015,Analyst
53-7021.00,1.A.2.a.1,Arm-Hand Steadiness,LV,3.12,8,0.2266,2.6809,3.5691,N,N,07/2015,Analyst
53-7021.00,1.A.2.a.2,Manual Dexterity,IM,3.5,8,0.189,3.1296,3.8704,N,,07/2015,Analyst
53-7021.00,1.A.2.a.2,Manual Dexterity,LV,3.12,8,0.125,2.88,3.37,N,N,07/2015,Analyst
53-7021.00,1.A.2.a.3,Finger Dexterity,IM,3.0,8,0.0,3.0,3.0,N,,07/2015,Analyst
53-7021.00,1.A.2.a.3,Finger Dexterity,LV,3.0,8,0.0,3.0,3.0,N,N,07/2015,Analyst
53-7021.00,1.A.2.b.1,Control Precision,IM,4.12,8,0.125,3.88,4.37,N,,07/2015,Analyst
53-7021.00,1.A.2.b.1,Control Precision,LV,4.12,8,0.125,3.88,4.37,N,N,07/2015,Analyst
53-7021.00,1.A.2.b.2,Multilimb Coordination,IM,4.0,8,0.0,4.0,4.0,N,,07/2015,Analyst
53-7021.00,1.A.2.b.2,Multilimb Coordination,LV,4.0,8,0.189,3.6296,4.3704,N,N,07/2015,Analyst
53-7021.00,1.A.2.b.3,Response Orientation,IM,3.5,8,0.189,3.1296,3.8704,N,,07/2015,Analyst
53-7021.00,1.A.2.b.3,Response Orientation,LV,3.5,8,0.189,3.1296,3.8704,N,N,07/2015,Analyst
53-7021.00,1.A.2.b.4,Rate Control,IM,3.75,8,0.1637,3.4292,4.0708,N,,07/2015,Analyst
53-7021.00,1.A.2.b.4,Rate Control,LV,3.75,8,0.1637,3.4292,4.0708,N,N,07/2015,Analyst
53-7021.00,1.A.2.c.1,Reaction Time,IM,3.75,8,0.1637,3.4292,4.0708,N,,07/2015,Analyst
53-7021.00,1.A.2.c.1,Reaction Time,LV,3.88,8,0.125,3.63,4.12,N,N,07/2015,Analyst
53-7021.00,1.A.2.c.2,Wrist-Finger Speed,IM,2.5,8,0.189,2.1296,2.8704,N,,07/2015,Analyst
53-7021.00,1.A.2.c.2,Wrist-Finger Speed,LV,2.5,8,0.189,2.1296,2.8704,N,N,07/2015,Analyst
53-7021.00,1.A.2.c.3,Speed of Limb Movement,IM,2.25,8,0.25,1.76,2.74,N,,07/2015,Analyst
53-7021.00,1.A.2.c.3,Speed of Limb Movement,LV,2.25,8,0.366,1.5327,2.9673,N,N,07/2015,Analyst
53-7021.00,1.A.3.a.1,Static Strength,IM,2.75,8,0.1637,2.4292,3.0708,N,,07/2015,Analyst
53-7021.00,1.A.3.a.1,Static Strength,LV,2.88,8,0.125,2.63,3.12,N,N,07/2015,Analyst
53-7021.00,1.A.3.a.2,Explosive Strength,IM,1.25,8,0.1637,1.0,1.5708,N,,07/2015,Analyst
53-7021.00,1.A.3.a.2,Explosive Strength,LV,0.5,8,0.378,0.0,1.2408,N,Y,07/2015,Analyst
53-7021.00,1.A.3.a.3,Dynamic Strength,IM,2.25,8,0.1637,1.9292,2.5708,N,,07/2015,Analyst
53-7021.00,1.A.3.a.3,Dynamic Strength,LV,2.0,8,0.189,1.6296,2.3704,N,N,07/2015,Analyst
53-7021.00,1.A.3.a.4,Trunk Strength,IM,2.88,8,0.2266,2.4309,3.3191,N,,07/2015,Analyst
53-7021.00,1.A.3.a.4,Trunk Strength,LV,2.62,8,0.2631,2.1094,3.1406,N,N,07/2015,Analyst
53-7021.00,1.A.3.b.1,Stamina,IM,2.12,8,0.125,1.88,2.37,N,,07/2015,Analyst
53-7021.00,1.A.3.b.1,Stamina,LV,1.75,8,0.25,1.26,2.24,N,N,07/2015,Analyst
53-7021.00,1.A.3.c.1,Extent Flexibility,IM,2.88,8,0.125,2.63,3.12,N,,07/2015,Analyst
53-7021.00,1.A.3.c.1,Extent Flexibility,LV,2.62,8,0.183,2.2664,2.9836,N,N,07/2015,Analyst
53-7021.00,1.A.3.c.2,Dynamic Flexibility,IM,1.0,8,0.0,1.0,1.0,N,,07/2015,Analyst
53-7021.00,1.A.3.c.2,Dynamic Flexibility,LV,0.0,8,0.0,0.0,0.0,N,Y,07/2015,Analyst
53-7021.00,1.A.3.c.3,Gross Body Coordination,IM,2.12,8,0.125,1.88,2.37,N,,07/2015,Analyst
53-7021.00,1.A.3.c.3,Gross Body Coordination,LV,2.0,8,0.0,2.0,2.0,N,N,07/2015,Analyst
53-7021.00,1.A.3.c.4,Gross Body Equilibrium,IM,2.5,8,0.189,2.1296,2.8704,N,,07/2015,Analyst
53-7021.00,1.A.3.c.4,Gross Body Equilibrium,LV,2.12,8,0.2266,1.6809,2.5691,N,N,07/2015,Analyst
53-7021.00,1.A.4.a.1,Near Vision,IM,3.38,8,0.183,3.0164,3.7336,N,,07/2015,Analyst
53-7021.00,1.A.4.a.1,Near Vision,LV,3.62,8,0.183,3.2664,3.9836,N,N,07/2015,Analyst
53-7021.00,1.A.4.a.2,Far Vision,IM,3.88,8,0.125,3.63,4.12,N,,07/2015,Analyst
53-7021.00,1.A.4.a.2,Far Vision,LV,4.12,8,0.125,3.88,4.37,N,N,07/2015,Analyst
53-7021.00,1.A.4.a.3,Visual Color Discrimination,IM,3.12,8,0.125,2.88,3.37,N,,07/2015,Analyst
53-7021.00,1.A.4.a.3,Visual Color Discrimination,LV,3.0,8,0.0,3.0,3.0,N,N,07/2015,Analyst
53-7021.00,1.A.4.a.4,Night Vision,IM,2.0,8,0.0,2.0,2.0,N,,07/2015,Analyst
53-7021.00,1.A.4.a.4,Night Vision,LV,1.88,8,0.125,1.63,2.12,N,N,07/2015,Analyst
53-7021.00,1.A.4.a.5,Peripheral Vision,IM,2.75,8,0.1637,2.4292,3.0708,N,,07/2015,Analyst
53-7021.00,1.A.4.a.5,Peripheral Vision,LV,2.75,8,0.1637,2.4292,3.0708,N,N,07/2015,Analyst
53-7021.00,1.A.4.a.6,Depth Perception,IM,3.88,8,0.125,3.63,4.12,N,,07/2015,Analyst
53-7021.00,1.A.4.a.6,Depth Perception,LV,4.12,8,0.125,3.88,4.37,N,N,07/2015,Analyst
53-7021.00,1.A.4.a.7,Glare Sensitivity,IM,3.0,8,0.189,2.6296,3.3704,N,,07/2015,Analyst
53-7021.00,1.A.4.a.7,Glare Sensitivity,LV,3.0,8,0.189,2.6296,3.3704,N,N,07/2015,Analyst
53-7021.00,1.A.4.b.1,Hearing Sensitivity,IM,2.88,8,0.125,2.63,3.12,N,,07/2015,Analyst
53-7021.00,1.A.4.b.1,Hearing Sensitivity,LV,2.88,8,0.125,2.63,3.12,N,N,07/2015,Analyst
53-7021.00,1.A.4.b.2,Auditory Attention,IM,2.88,8,0.125,2.63,3.12,N,,07/2015,Analyst
53-7021.00,1.A.4.b.2,Auditory Attention,LV,2.88,8,0.125,2.63,3.12,N,N,07/2015,Analyst
53-7021.00,1.A.4.b.3,Sound Localization,IM,2.5,8,0.189,2.1296,2.8704,N,,07/2015,Analyst
53-7021.00,1.A.4.b.3,Sound Localization,LV,2.0,8,0.189,1.6296,2.3704,N,N,07/2015,Analyst
53-7021.00,1.A.4.b.4,Speech Recognition,IM,3.12,8,0.125,2.88,3.37,N,,07/2015,Analyst
53-7021.00,1.A.4.b.4,Speech Recognition,LV,2.62,8,0.183,2.2664,2.9836,N,N,07/2015,Analyst
53-7021.00,1.A.4.b.5,Speech Clarity,IM,3.12,8,0.125,2.88,3.37,N,,07/2015,Analyst
53-7021.00,1.A.4.b.5,Speech Clarity,LV,3.0,8,0.0,3.0,3.0,N,N,07/2015,Analyst
53-7031.00,1.A.1.a.1,Oral Comprehension,IM,2.88,8,0.125,2.63,3.12,N,,06/2008,Analyst
53-7031.00,1.A.1.a.1,Oral Comprehension,LV,3.25,8,0.25,2.76,3.74,N,N,06/2008,Analyst
53-7031.00,1.A.1.a.2,Written Comprehension,IM,2.38,8,0.183,2.0164,2.7336,N,,06/2008,Analyst
53-7031.00,1.A.1.a.2,Written Comprehension,LV,2.25,8,0.1637,1.9292,2.5708,N,N,06/2008,Analyst
53-7031.00,1.A.1.a.3,Oral Expression,IM,2.88,8,0.125,2.63,3.12,N,,06/2008,Analyst
53-7031.00,1.A.1.a.3,Oral Expression,LV,2.88,8,0.2266,2.4309,3.3191,N,N,06/2008,Analyst
53-7031.00,1.A.1.a.4,Written Expression,IM,2.38,8,0.183,2.0164,2.7336,N,,06/2008,Analyst
53-7031.00,1.A.1.a.4,Written Expression,LV,2.0,8,0.189,1.6296,2.3704,N,N,06/2008,Analyst
53-7031.00,1.A.1.b.1,Fluency of Ideas,IM,2.38,8,0.183,2.0164,2.7336,N,,06/2008,Analyst
53-7031.00,1.A.1.b.1,Fluency of Ideas,LV,2.0,8,0.189,1.6296,2.3704,N,N,06/2008,Analyst
53-7031.00,1.A.1.b.2,Originality,IM,2.0,8,0.189,1.6296,2.3704,N,,06/2008,Analyst
53-7031.00,1.A.1.b.2,Originality,LV,1.75,8,0.3134,1.1358,2.3642,N,N,06/2008,Analyst
53-7031.00,1.A.1.b.3,Problem Sensitivity,IM,3.25,8,0.25,2.76,3.74,N,,06/2008,Analyst
53-7031.00,1.A.1.b.3,Problem Sensitivity,LV,2.75,8,0.1637,2.4292,3.0708,N,N,06/2008,Analyst
53-7031.00,1.A.1.b.4,Deductive Reasoning,IM,2.75,8,0.1637,2.4292,3.0708,N,,06/2008,Analyst
53-7031.00,1.A.1.b.4,Deductive Reasoning,LV,2.62,8,0.183,2.2664,2.9836,N,N,06/2008,Analyst
53-7031.00,1.A.1.b.5,Inductive Reasoning,IM,2.62,8,0.2631,2.1094,3.1406,N,,06/2008,Analyst
53-7031.00,1.A.1.b.5,Inductive Reasoning,LV,2.38,8,0.375,1.64,3.11,N,N,06/2008,Analyst
53-7031.00,1.A.1.b.6,Information Ordering,IM,3.0,8,0.189,2.6296,3.3704,N,,06/2008,Analyst
53-7031.00,1.A.1.b.6,Information Ordering,LV,2.88,8,0.125,2.63,3.12,N,N,06/2008,Analyst
53-7031.00,1.A.1.b.7,Category Flexibility,IM,2.62,8,0.183,2.2664,2.9836,N,,06/2008,Analyst
53-7031.00,1.A.1.b.7,Category Flexibility,LV,2.25,8,0.25,1.76,2.74,N,N,06/2008,Analyst
53-7031.00,1.A.1.c.1,Mathematical Reasoning,IM,2.0,8,0.189,1.6296,2.3704,N,,06/2008,Analyst
53-7031.00,1.A.1.c.1,Mathematical Reasoning,LV,1.38,8,0.2631,0.8594,1.8906,N,N,06/2008,Analyst
53-7031.00,1.A.1.c.2,Number Facility,IM,2.0,8,0.189,1.6296,2.3704,N,,06/2008,Analyst
53-7031.00,1.A.1.c.2,Number Facility,LV,1.38,8,0.2631,0.8594,1.8906,N,N,06/2008,Analyst
53-7031.00,1.A.1.d.1,Memorization,IM,2.0,8,0.0,2.0,2.0,N,,06/2008,Analyst
53-7031.00,1.A.1.d.1,Memorization,LV,1.62,8,0.183,1.2664,1.9836,N,N,06/2008,Analyst
53-7031.00,1.A.1.e.1,Speed of Closure,IM,2.12,8,0.2266,1.6809,2.5691,N,,06/2008,Analyst
53-7031.00,1.A.1.e.1,Speed of Closure,LV,2.0,8,0.378,1.2592,2.7408,N,N,06/2008,Analyst
53-7031.00,1.A.1.e.2,Flexibility of Closure,IM,2.88,8,0.125,2.63,3.12,N,,06/2008,Analyst
53-7031.00,1.A.1.e.2,Flexibility of Closure,LV,3.0,8,0.189,2.6296,3.3704,N,N,06/2008,Analyst
53-7031.00,1.A.1.e.3,Perceptual Speed,IM,2.88,8,0.2266,2.4309,3.3191,N,,06/2008,Analyst
53-7031.00,1.A.1.e.3,Perceptual Speed,LV,3.12,8,0.2266,2.6809,3.5691,N,N,06/2008,Analyst
53-7031.00,1.A.1.f.1,Spatial Orientation,IM,2.62,8,0.183,2.2664,2.9836,N,,06/2008,Analyst
53-7031.00,1.A.1.f.1,Spatial Orientation,LV,2.38,8,0.3239,1.7402,3.0098,N,N,06/2008,Analyst
53-7031.00,1.A.1.f.2,Visualization,IM,2.75,8,0.1637,2.4292,3.0708,N,,06/2008,Analyst
53-7031.00,1.A.1.f.2,Visualization,LV,2.75,8,0.1637,2.4292,3.0708,N,N,06/2008,Analyst
53-7031.00,1.A.1.g.1,Selective Attention,IM,3.12,8,0.2266,2.6809,3.5691,N,,06/2008,Analyst
53-7031.00,1.A.1.g.1,Selective Attention,LV,3.0,8,0.2673,2.4762,3.5238,N,N,06/2008,Analyst
53-7031.00,1.A.1.g.2,Time Sharing,IM,2.5,8,0.189,2.1296,2.8704,N,,06/2008,Analyst
53-7031.00,1.A.1.g.2,Time Sharing,LV,2.5,8,0.2673,1.9762,3.0238,N,N,06/2008,Analyst
53-7031.00,1.A.2.a.1,Arm-Hand Steadiness,IM,3.38,8,0.183,3.0164,3.7336,N,,06/2008,Analyst
53-7031.00,1.A.2.a.1,Arm-Hand Steadiness,LV,3.12,8,0.2266,2.6809,3.5691,N,N,06/2008,Analyst
53-7031.00,1.A.2.a.2,Manual Dexterity,IM,3.38,8,0.183,3.0164,3.7336,N,,06/2008,Analyst
53-7031.00,1.A.2.a.2,Manual Dexterity,LV,2.88,8,0.295,2.2967,3.4533,N,N,06/2008,Analyst
53-7031.00,1.A.2.a.3,Finger Dexterity,IM,3.12,8,0.125,2.88,3.37,N,,06/2008,Analyst
53-7031.00,1.A.2.a.3,Finger Dexterity,LV,2.88,8,0.295,2.2967,3.4533,N,N,06/2008,Analyst
53-7031.00,1.A.2.b.1,Control Precision,IM,4.0,8,0.189,3.6296,4.3704,N,,06/2008,Analyst
53-7031.00,1.A.2.b.1,Control Precision,LV,4.0,8,0.0,4.0,4.0,N,N,06/2008,Analyst
53-7031.00,1.A.2.b.2,Multilimb Coordination,IM,3.75,8,0.1637,3.4292,4.0708,N,,06/2008,Analyst
53-7031.00,1.A.2.b.2,Multilimb Coordination,LV,4.0,8,0.0,4.0,4.0,N,N,06/2008,Analyst
53-7031.00,1.A.2.b.3,Response Orientation,IM,2.88,8,0.125,2.63,3.12,N,,06/2008,Analyst
53-7031.00,1.A.2.b.3,Response Orientation,LV,3.38,8,0.183,3.0164,3.7336,N,N,06/2008,Analyst
53-7031.00,1.A.2.b.4,Rate Control,IM,2.75,8,0.1637,2.4292,3.0708,N,,06/2008,Analyst
53-7031.00,1.A.2.b.4,Rate Control,LV,2.75,8,0.366,2.0327,3.4673,N,N,06/2008,Analyst
53-7031.00,1.A.2.c.1,Reaction Time,IM,3.38,8,0.183,3.0164,3.7336,N,,06/2008,Analyst
53-7031.00,1.A.2.c.1,Reaction Time,LV,3.62,8,0.183,3.2664,3.9836,N,N,06/2008,Analyst
53-7031.00,1.A.2.c.2,Wrist-Finger Speed,IM,2.38,8,0.2631,1.8594,2.8906,N,,06/2008,Analyst
53-7031.00,1.A.2.c.2,Wrist-Finger Speed,LV,2.12,8,0.3504,1.4383,2.8117,N,N,06/2008,Analyst
53-7031.00,1.A.2.c.3,Speed of Limb Movement,IM,2.25,8,0.25,1.76,2.74,N,,06/2008,Analyst
53-7031.00,1.A.2.c.3,Speed of Limb Movement,LV,1.75,8,0.366,1.0327,2.4673,N,N,06/2008,Analyst
53-7031.00,1.A.3.a.1,Static Strength,IM,2.88,8,0.2266,2.4309,3.3191,N,,06/2008,Analyst
53-7031.00,1.A.3.a.1,Static Strength,LV,2.88,8,0.295,2.2967,3.4533,N,N,06/2008,Analyst
53-7031.00,1.A.3.a.2,Explosive Strength,IM,1.25,8,0.1637,1.0,1.5708,N,,06/2008,Analyst
53-7031.00,1.A.3.a.2,Explosive Strength,LV,0.38,8,0.2631,0.0,0.8906,N,Y,06/2008,Analyst
53-7031.00,1.A.3.a.3,Dynamic Strength,IM,2.25,8,0.1637,1.9292,2.5708,N,,06/2008,Analyst
53-7031.00,1.A.3.a.3,Dynamic Strength,LV,2.25,8,0.25,1.76,2.74,N,N,06/2008,Analyst
53-7031.00,1.A.3.a.4,Trunk Strength,IM,2.88,8,0.2266,2.4309,3.3191,N,,06/2008,Analyst
53-7031.00,1.A.3.a.4,Trunk Strength,LV,2.75,8,0.1637,2.4292,3.0708,N,N,06/2008,Analyst
53-7031.00,1.A.3.b.1,Stamina,IM,2.25,8,0.1637,1.9292,2.5708,N,,06/2008,Analyst
53-7031.00,1.A.3.b.1,Stamina,LV,1.5,8,0.3273,0.8584,2.1416,N,N,06/2008,Analyst
53-7031.00,1.A.3.c.1,Extent Flexibility,IM,2.12,8,0.2266,1.6809,2.5691,N,,06/2008,Analyst
53-7031.00,1.A.3.c.1,Extent Flexibility,LV,1.88,8,0.3504,1.1883,2.5617,N,N,06/2008,Analyst
53-7031.00,1.A.3.c.2,Dynamic Flexibility,IM,1.12,8,0.125,1.0,1.37,N,,06/2008,Analyst
53-7031.00,1.A.3.c.2,Dynamic Flexibility,LV,0.25,8,0.25,0.0,0.74,N,Y,06/2008,Analyst
53-7031.00,1.A.3.c.3,Gross Body Coordination,IM,2.12,8,0.2266,1.6809,2.5691,N,,06/2008,Analyst
53-7031.00,1.A.3.c.3,Gross Body Coordination,LV,1.88,8,0.3504,1.1883,2.5617,N,N,06/2008,Analyst
53-7031.00,1.A.3.c.4,Gross Body Equilibrium,IM,2.12,8,0.2266,1.6809,2.5691,N,,06/2008,Analyst
53-7031.00,1.A.3.c.4,Gross Body Equilibrium,LV,1.62,8,0.375,0.89,2.36,N,N,06/2008,Analyst
53-7031.00,1.A.4.a.1,Near Vision,IM,3.25,8,0.1637,2.9292,3.5708,N,,06/2008,Analyst
53-7031.00,1.A.4.a.1,Near Vision,LV,2.88,8,0.2266,2.4309,3.3191,N,N,06/2008,Analyst
53-7031.00,1.A.4.a.2,Far Vision,IM,3.25,8,0.1637,2.9292,3.5708,N,,06/2008,Analyst
53-7031.00,1.A.4.a.2,Far Vision,LV,3.5,8,0.2673,2.9762,4.0238,N,N,06/2008,Analyst
53-7031.00,1.A.4.a.3,Visual Color Discrimination,IM,2.5,8,0.2673,1.9762,3.0238,N,,06/2008,Analyst
53-7031.00,1.A.4.a.3,Visual Color Discrimination,LV,2.25,8,0.366,1.5327,2.9673,N,N,06/2008,Analyst
53-7031.00,1.A.4.a.4,Night Vision,IM,1.75,8,0.1637,1.4292,2.0708,N,,06/2008,Analyst
53-7031.00,1.A.4.a.4,Night Vision,LV,1.12,8,0.295,0.5467,1.7033,N,N,06/2008,Analyst
53-7031.00,1.A.4.a.5,Peripheral Vision,IM,2.25,8,0.1637,1.9292,2.5708,N,,06/2008,Analyst
53-7031.00,1.A.4.a.5,Peripheral Vision,LV,1.88,8,0.125,1.63,2.12,N,N,06/2008,Analyst
53-7031.00,1.A.4.a.6,Depth Perception,IM,3.5,8,0.189,3.1296,3.8704,N,,06/2008,Analyst
53-7031.00,1.A.4.a.6,Depth Perception,LV,3.62,8,0.2631,3.1094,4.1406,N,N,06/2008,Analyst
53-7031.00,1.A.4.a.7,Glare Sensitivity,IM,2.5,8,0.189,2.1296,2.8704,N,,06/2008,Analyst
53-7031.00,1.A.4.a.7,Glare Sensitivity,LV,2.62,8,0.183,2.2664,2.9836,N,N,06/2008,Analyst
53-7031.00,1.A.4.b.1,Hearing Sensitivity,IM,3.12,8,0.2266,2.6809,3.5691,N,,06/2008,Analyst
53-7031.00,1.A.4.b.1,Hearing Sensitivity,LV,2.62,8,0.2631,2.1094,3.1406,N,N,06/2008,Analyst
53-7031.00,1.A.4.b.2,Auditory Attention,IM,3.0,8,0.2673,2.4762,3.5238,N,,06/2008,Analyst
53-7031.00,1.A.4.b.2,Auditory Attention,LV,3.38,8,0.3239,2.7402,4.0098,N,N,06/2008,Analyst
53-7031.00,1.A.4.b.3,Sound Localization,IM,1.88,8,0.125,1.63,2.12,N,,06/2008,Analyst
53-7031.00,1.A.4.b.3,Sound Localization,LV,1.62,8,0.2631,1.1094,2.1406,N,N,06/2008,Analyst
53-7031.00,1.A.4.b.4,Speech Recognition,IM,3.0,8,0.0,3.0,3.0,N,,06/2008,Analyst
53-7031.00,1.A.4.b.4,Speech Recognition,LV,2.5,8,0.2673,1.9762,3.0238,N,N,06/2008,Analyst
53-7031.00,1.A.4.b.5,Speech Clarity,IM,3.0,8,0.0,3.0,3.0,N,,06/2008,Analyst
53-7031.00,1.A.4.b.5,Speech Clarity,LV,2.5,8,0.2673,1.9762,3.0238,N,N,06/2008,Analyst
53-7041.00,1.A.1.a.1,Oral Comprehension,IM,3.38,8,0.183,3.0164,3.7336,N,,12/2004,Analyst
53-7041.00,1.A.1.a.1,Oral Comprehension,LV,3.63,8,0.183,3.2664,3.9836,N,N,12/2004,Analyst
53-7041.00,1.A.1.a.2,Written Comprehension,IM,2.88,8,0.2266,2.4309,3.3191,N,,12/2004,Analyst
53-7041.00,1.A.1.a.2,Written Comprehension,LV,2.5,8,0.189,2.1296,2.8704,N,N,12/2004,Analyst
53-7041.00,1.A.1.a.3,Oral Expression,IM,3.38,8,0.183,3.0164,3.7336,N,,12/2004,Analyst
53-7041.00,1.A.1.a.3,Oral Expression,LV,2.88,8,0.2266,2.4309,3.3191,N,N,12/2004,Analyst
53-7041.00,1.A.1.a.4,Written Expression,IM,2.5,8,0.189,2.1296,2.8704,N,,12/2004,Analyst
53-7041.00,1.A.1.a.4,Written Expression,LV,2.13,8,0.2266,1.6809,2.5691,N,N,12/2004,Analyst
53-7041.00,1.A.1.b.1,Fluency of Ideas,IM,2.63,8,0.183,2.2664,2.9836,N,,12/2004,Analyst
53-7041.00,1.A.1.b.1,Fluency of Ideas,LV,2.13,8,0.2266,1.6809,2.5691,N,N,12/2004,Analyst
53-7041.00,1.A.1.b.2,Originality,IM,2.5,8,0.189,2.1296,2.8704,N,,12/2004,Analyst
53-7041.00,1.A.1.b.2,Originality,LV,2.13,8,0.125,1.88,2.37,N,N,12/2004,Analyst
53-7041.00,1.A.1.b.3,Problem Sensitivity,IM,3.88,8,0.125,3.63,4.12,N,,12/2004,Analyst
53-7041.00,1.A.1.b.3,Problem Sensitivity,LV,2.88,8,0.2266,2.4309,3.3191,N,N,12/2004,Analyst
53-7041.00,1.A.1.b.4,Deductive Reasoning,IM,3.38,8,0.183,3.0164,3.7336,N,,12/2004,Analyst
53-7041.00,1.A.1.b.4,Deductive Reasoning,LV,2.38,8,0.183,2.0164,2.7336,N,N,12/2004,Analyst
53-7041.00,1.A.1.b.5,Inductive Reasoning,IM,3.25,8,0.1637,2.9292,3.5708,N,,12/2004,Analyst
53-7041.00,1.A.1.b.5,Inductive Reasoning,LV,2.63,8,0.183,2.2664,2.9836,N,N,12/2004,Analyst
53-7041.00,1.A.1.b.6,Information Ordering,IM,3.13,8,0.125,2.88,3.37,N,,12/2004,Analyst
53-7041.00,1.A.1.b.6,Information Ordering,LV,2.88,8,0.2266,2.4309,3.3191,N,N,12/2004,Analyst
53-7041.00,1.A.1.b.7,Category Flexibility,IM,3.0,8,0.189,2.6296,3.3704,N,,12/2004,Analyst
53-7041.00,1.A.1.b.7,Category Flexibility,LV,2.63,8,0.2631,2.1094,3.1406,N,N,12/2004,Analyst
53-7041.00,1.A.1.c.1,Mathematical Reasoning,IM,2.13,8,0.2266,1.6809,2.5691,N,,12/2004,Analyst
53-7041.00,1.A.1.c.1,Mathematical Reasoning,LV,1.5,8,0.3273,0.8584,2.1416,N,N,12/2004,Analyst
53-7041.00,1.A.1.c.2,Number Facility,IM,2.38,8,0.183,2.0164,2.7336,N,,12/2004,Analyst
53-7041.00,1.A.1.c.2,Number Facility,LV,2.0,8,0.2673,1.4762,2.5238,N,N,12/2004,Analyst
53-7041.00,1.A.1.d.1,Memorization,IM,2.5,8,0.189,2.1296,2.8704,N,,12/2004,Analyst
53-7041.00,1.A.1.d.1,Memorization,LV,2.25,8,0.3134,1.6358,2.8642,N,N,12/2004,Analyst
53-7041.00,1.A.1.e.1,Speed of Closure,IM,2.5,8,0.3273,1.8584,3.1416,N,,12/2004,Analyst
53-7041.00,1.A.1.e.1,Speed of Closure,LV,2.0,8,0.3273,1.3584,2.6416,N,N,12/2004,Analyst
53-7041.00,1.A.1.e.2,Flexibility of Closure,IM,2.75,8,0.25,2.26,3.24,N,,12/2004,Analyst
53-7041.00,1.A.1.e.2,Flexibility of Closure,LV,2.5,8,0.189,2.1296,2.8704,N,N,12/2004,Analyst
53-7041.00,1.A.1.e.3,Perceptual Speed,IM,3.25,8,0.1637,2.9292,3.5708,N,,12/2004,Analyst
53-7041.00,1.A.1.e.3,Perceptual Speed,LV,3.38,8,0.183,3.0164,3.7336,N,N,12/2004,Analyst
53-7041.00,1.A.1.f.1,Spatial Orientation,IM,2.75,8,0.3134,2.1358,3.3642,N,,12/2004,Analyst
53-7041.00,1.A.1.f.1,Spatial Orientation,LV,1.75,8,0.366,1.0327,2.4673,N,N,12/2004,Analyst
53-7041.00,1.A.1.f.2,Visualization,IM,3.25,8,0.1637,2.9292,3.5708,N,,12/2004,Analyst
53-7041.00,1.A.1.f.2,Visualization,LV,2.88,8,0.2266,2.4309,3.3191,N,N,12/2004,Analyst
53-7041.00,1.A.1.g.1,Selective Attention,IM,3.38,8,0.183,3.0164,3.7336,N,,12/2004,Analyst
53-7041.00,1.A.1.g.1,Selective Attention,LV,2.75,8,0.3134,2.1358,3.3642,N,N,12/2004,Analyst
53-7041.00,1.A.1.g.2,Time Sharing,IM,2.63,8,0.2631,2.1094,3.1406,N,,12/2004,Analyst
53-7041.00,1.A.1.g.2,Time Sharing,LV,2.63,8,0.183,2.2664,2.9836,N,N,12/2004,Analyst
53-7041.00,1.A.2.a.1,Arm-Hand Steadiness,IM,3.63,8,0.183,3.2664,3.9836,N,,12/2004,Analyst
53-7041.00,1.A.2.a.1,Arm-Hand Steadiness,LV,2.63,8,0.183,2.2664,2.9836,N,N,12/2004,Analyst
53-7041.00,1.A.2.a.2,Manual Dexterity,IM,3.38,8,0.183,3.0164,3.7336,N,,12/2004,Analyst
53-7041.00,1.A.2.a.2,Manual Dexterity,LV,2.75,8,0.3134,2.1358,3.3642,N,N,12/2004,Analyst
53-7041.00,1.A.2.a.3,Finger Dexterity,IM,3.13,8,0.2266,2.6809,3.5691,N,,12/2004,Analyst
53-7041.00,1.A.2.a.3,Finger Dexterity,LV,2.75,8,0.25,2.26,3.24,N,N,12/2004,Analyst
53-7041.00,1.A.2.b.1,Control Precision,IM,3.63,8,0.183,3.2664,3.9836,N,,12/2004,Analyst
53-7041.00,1.A.2.b.1,Control Precision,LV,3.88,8,0.125,3.63,4.12,N,N,12/2004,Analyst
53-7041.00,1.A.2.b.2,Multilimb Coordination,IM,3.5,8,0.189,3.1296,3.8704,N,,12/2004,Analyst
53-7041.00,1.A.2.b.2,Multilimb Coordination,LV,3.63,8,0.2631,3.1094,4.1406,N,N,12/2004,Analyst
53-7041.00,1.A.2.b.3,Response Orientation,IM,3.0,8,0.2673,2.4762,3.5238,N,,12/2004,Analyst
53-7041.00,1.A.2.b.3,Response Orientation,LV,3.25,8,0.25,2.76,3.74,N,N,12/2004,Analyst
53-7041.00,1.A.2.b.4,Rate Control,IM,3.25,8,0.25,2.76,3.74,N,,12/2004,Analyst
53-7041.00,1.A.2.b.4,Rate Control,LV,2.63,8,0.2631,2.1094,3.1406,N,N,12/2004,Analyst
53-7041.00,1.A.2.c.1,Reaction Time,IM,3.63,8,0.183,3.2664,3.9836,N,,12/2004,Analyst
53-7041.00,1.A.2.c.1,Reaction Time,LV,3.5,8,0.2673,2.9762,4.0238,N,N,12/2004,Analyst
53-7041.00,1.A.2.c.2,Wrist-Finger Speed,IM,2.38,8,0.3239,1.7402,3.0098,N,,12/2004,Analyst
53-7041.00,1.A.2.c.2,Wrist-Finger Speed,LV,2.0,8,0.378,1.2592,2.7408,N,N,12/2004,Analyst
53-7041.00,1.A.2.c.3,Speed of Limb Movement,IM,2.63,8,0.2631,2.1094,3.1406,N,,12/2004,Analyst
53-7041.00,1.A.2.c.3,Speed of Limb Movement,LV,2.38,8,0.2631,1.8594,2.8906,N,N,12/2004,Analyst
53-7041.00,1.A.3.a.1,Static Strength,IM,2.63,8,0.2631,2.1094,3.1406,N,,12/2004,Analyst
53-7041.00,1.A.3.a.1,Static Strength,LV,3.13,8,0.2266,2.6809,3.5691,N,N,12/2004,Analyst
53-7041.00,1.A.3.a.2,Explosive Strength,IM,1.13,8,0.125,1.0,1.37,N,,12/2004,Analyst
53-7041.00,1.A.3.a.2,Explosive Strength,LV,0.13,8,0.125,0.0,0.37,N,Y,12/2004,Analyst
53-7041.00,1.A.3.a.3,Dynamic Strength,IM,2.0,8,0.2673,1.4762,2.5238,N,,12/2004,Analyst
53-7041.00,1.A.3.a.3,Dynamic Strength,LV,2.0,8,0.5345,0.9523,3.0477,Y,N,12/2004,Analyst
53-7041.00,1.A.3.a.4,Trunk Strength,IM,2.63,8,0.183,2.2664,2.9836,N,,12/2004,Analyst
53-7041.00,1.A.3.a.4,Trunk Strength,LV,2.63,8,0.183,2.2664,2.9836,N,N,12/2004,Analyst
53-7041.00,1.A.3.b.1,Stamina,IM,2.38,8,0.183,2.0164,2.7336,N,,12/2004,Analyst
53-7041.00,1.A.3.b.1,Stamina,LV,1.88,8,0.2266,1.4309,2.3191,N,N,12/2004,Analyst
53-7041.00,1.A.3.c.1,Extent Flexibility,IM,3.13,8,0.125,2.88,3.37,N,,12/2004,Analyst
53-7041.00,1.A.3.c.1,Extent Flexibility,LV,3.5,8,0.2673,2.9762,4.0238,N,N,12/2004,Analyst
53-7041.00,1.A.3.c.2,Dynamic Flexibility,IM,1.13,8,0.125,1.0,1.37,N,,12/2004,Analyst
53-7041.00,1.A.3.c.2,Dynamic Flexibility,LV,0.13,8,0.125,0.0,0.37,N,Y,12/2004,Analyst
53-7041.00,1.A.3.c.3,Gross Body Coordination,IM,2.38,8,0.183,2.0164,2.7336,N,,12/2004,Analyst
53-7041.00,1.A.3.c.3,Gross Body Coordination,LV,2.0,8,0.0,2.0,2.0,N,N,12/2004,Analyst
53-7041.00,1.A.3.c.4,Gross Body Equilibrium,IM,3.13,8,0.2266,2.6809,3.5691,N,,12/2004,Analyst
53-7041.00,1.A.3.c.4,Gross Body Equilibrium,LV,2.5,8,0.189,2.1296,2.8704,N,N,12/2004,Analyst
53-7041.00,1.A.4.a.1,Near Vision,IM,3.5,8,0.189,3.1296,3.8704,N,,12/2004,Analyst
53-7041.00,1.A.4.a.1,Near Vision,LV,2.75,8,0.25,2.26,3.24,N,N,12/2004,Analyst
53-7041.00,1.A.4.a.2,Far Vision,IM,3.25,8,0.25,2.76,3.74,N,,12/2004,Analyst
53-7041.00,1.A.4.a.2,Far Vision,LV,2.75,8,0.3134,2.1358,3.3642,N,N,12/2004,Analyst
53-7041.00,1.A.4.a.3,Visual Color Discrimination,IM,2.88,8,0.295,2.2967,3.4533,N,,12/2004,Analyst
53-7041.00,1.A.4.a.3,Visual Color Discrimination,LV,2.38,8,0.3239,1.7402,3.0098,N,N,12/2004,Analyst
53-7041.00,1.A.4.a.4,Night Vision,IM,2.0,8,0.3273,1.3584,2.6416,N,,12/2004,Analyst
53-7041.00,1.A.4.a.4,Night Vision,LV,1.63,8,0.375,0.89,2.36,N,N,12/2004,Analyst
53-7041.00,1.A.4.a.5,Peripheral Vision,IM,2.5,8,0.2673,1.9762,3.0238,N,,12/2004,Analyst
53-7041.00,1.A.4.a.5,Peripheral Vision,LV,2.0,8,0.3273,1.3584,2.6416,N,N,12/2004,Analyst
53-7041.00,1.A.4.a.6,Depth Perception,IM,3.63,8,0.183,3.2664,3.9836,N,,12/2004,Analyst
53-7041.00,1.A.4.a.6,Depth Perception,LV,3.5,8,0.2673,2.9762,4.0238,N,N,12/2004,Analyst
53-7041.00,1.A.4.a.7,Glare Sensitivity,IM,2.5,8,0.2673,1.9762,3.0238,N,,12/2004,Analyst
53-7041.00,1.A.4.a.7,Glare Sensitivity,LV,2.38,8,0.183,2.0164,2.7336,N,N,12/2004,Analyst
53-7041.00,1.A.4.b.1,Hearing Sensitivity,IM,3.25,8,0.25,2.76,3.74,N,,12/2004,Analyst
53-7041.00,1.A.4.b.1,Hearing Sensitivity,LV,2.88,8,0.2266,2.4309,3.3191,N,N,12/2004,Analyst
53-7041.00,1.A.4.b.2,Auditory Attention,IM,3.0,8,0.3273,2.3584,3.6416,N,,12/2004,Analyst
53-7041.00,1.A.4.b.2,Auditory Attention,LV,2.88,8,0.5154,1.8648,3.8852,Y,N,12/2004,Analyst
53-7041.00,1.A.4.b.3,Sound Localization,IM,2.75,8,0.25,2.26,3.24,N,,12/2004,Analyst
53-7041.00,1.A.4.b.3,Sound Localization,LV,2.13,8,0.295,1.5467,2.7033,N,N,12/2004,Analyst
53-7041.00,1.A.4.b.4,Speech Recognition,IM,3.38,8,0.183,3.0164,3.7336,N,,12/2004,Analyst
53-7041.00,1.A.4.b.4,Speech Recognition,LV,2.5,8,0.2673,1.9762,3.0238,N,N,12/2004,Analyst
53-7041.00,1.A.4.b.5,Speech Clarity,IM,3.25,8,0.1637,2.9292,3.5708,N,,12/2004,Analyst
53-7041.00,1.A.4.b.5,Speech Clarity,LV,2.38,8,0.2631,1.8594,2.8906,N,N,12/2004,Analyst
53-7051.00,1.A.1.a.1,Oral Comprehension,IM,3.0,8,0.189,2.6296,3.3704,N,,08/2021,Analyst
53-7051.00,1.A.1.a.1,Oral Comprehension,LV,3.12,8,0.125,2.88,3.37,N,N,08/2021,Analyst
53-7051.00,1.A.1.a.2,Written Comprehension,IM,2.38,8,0.183,2.0164,2.7336,N,,08/2021,Analyst
53-7051.00,1.A.1.a.2,Written Comprehension,LV,2.12,8,0.125,1.88,2.37,N,N,08/2021,Analyst
53-7051.00,1.A.1.a.3,Oral Expression,IM,3.0,8,0.0,3.0,3.0,N,,08/2021,Analyst
53-7051.00,1.A.1.a.3,Oral Expression,LV,2.88,8,0.125,2.63,3.12,N,N,08/2021,Analyst
53-7051.00,1.A.1.a.4,Written Expression,IM,2.5,8,0.189,2.1296,2.8704,N,,08/2021,Analyst
53-7051.00,1.A.1.a.4,Written Expression,LV,2.0,8,0.189,1.6296,2.3704,N,N,08/2021,Analyst
53-7051.00,1.A.1.b.1,Fluency of Ideas,IM,2.12,8,0.125,1.88,2.37,N,,08/2021,Analyst
53-7051.00,1.A.1.b.1,Fluency of Ideas,LV,2.0,8,0.189,1.6296,2.3704,N,N,08/2021,Analyst
53-7051.00,1.A.1.b.2,Originality,IM,1.88,8,0.125,1.63,2.12,N,,08/2021,Analyst
53-7051.00,1.A.1.b.2,Originality,LV,1.62,8,0.2631,1.1094,2.1406,N,N,08/2021,Analyst
53-7051.00,1.A.1.b.3,Problem Sensitivity,IM,3.25,8,0.1637,2.9292,3.5708,N,,08/2021,Analyst
53-7051.00,1.A.1.b.3,Problem Sensitivity,LV,3.0,8,0.0,3.0,3.0,N,N,08/2021,Analyst
53-7051.00,1.A.1.b.4,Deductive Reasoning,IM,3.12,8,0.125,2.88,3.37,N,,08/2021,Analyst
53-7051.00,1.A.1.b.4,Deductive Reasoning,LV,3.0,8,0.0,3.0,3.0,N,N,08/2021,Analyst
53-7051.00,1.A.1.b.5,Inductive Reasoning,IM,2.75,8,0.1637,2.4292,3.0708,N,,08/2021,Analyst
53-7051.00,1.A.1.b.5,Inductive Reasoning,LV,2.25,8,0.1637,1.9292,2.5708,N,N,08/2021,Analyst
53-7051.00,1.A.1.b.6,Information Ordering,IM,3.12,8,0.125,2.88,3.37,N,,08/2021,Analyst
53-7051.00,1.A.1.b.6,Information Ordering,LV,2.62,8,0.183,2.2664,2.9836,N,N,08/2021,Analyst
53-7051.00,1.A.1.b.7,Category Flexibility,IM,2.38,8,0.183,2.0164,2.7336,N,,08/2021,Analyst
53-7051.00,1.A.1.b.7,Category Flexibility,LV,2.38,8,0.183,2.0164,2.7336,N,N,08/2021,Analyst
53-7051.00,1.A.1.c.1,Mathematical Reasoning,IM,2.12,8,0.125,1.88,2.37,N,,08/2021,Analyst
53-7051.00,1.A.1.c.1,Mathematical Reasoning,LV,2.0,8,0.0,2.0,2.0,N,N,08/2021,Analyst
53-7051.00,1.A.1.c.2,Number Facility,IM,2.12,8,0.125,1.88,2.37,N,,08/2021,Analyst
53-7051.00,1.A.1.c.2,Number Facility,LV,2.25,8,0.1637,1.9292,2.5708,N,N,08/2021,Analyst
53-7051.00,1.A.1.d.1,Memorization,IM,1.88,8,0.125,1.63,2.12,N,,08/2021,Analyst
53-7051.00,1.A.1.d.1,Memorization,LV,1.5,8,0.2673,0.9762,2.0238,N,N,08/2021,Analyst
53-7051.00,1.A.1.e.1,Speed of Closure,IM,2.0,8,0.189,1.6296,2.3704,N,,08/2021,Analyst
53-7051.00,1.A.1.e.1,Speed of Closure,LV,1.75,8,0.3134,1.1358,2.3642,N,N,08/2021,Analyst
53-7051.00,1.A.1.e.2,Flexibility of Closure,IM,2.62,8,0.183,2.2664,2.9836,N,,08/2021,Analyst
53-7051.00,1.A.1.e.2,Flexibility of Closure,LV,2.38,8,0.183,2.0164,2.7336,N,N,08/2021,Analyst
53-7051.00,1.A.1.e.3,Perceptual Speed,IM,3.12,8,0.2266,2.6809,3.5691,N,,08/2021,Analyst
53-7051.00,1.A.1.e.3,Perceptual Speed,LV,3.0,8,0.0,3.0,3.0,N,N,08/2021,Analyst
53-7051.00,1.A.1.f.1,Spatial Orientation,IM,3.12,8,0.125,2.88,3.37,N,,08/2021,Analyst
53-7051.00,1.A.1.f.1,Spatial Orientation,LV,3.0,8,0.0,3.0,3.0,N,N,08/2021,Analyst
53-7051.00,1.A.1.f.2,Visualization,IM,3.12,8,0.125,2.88,3.37,N,,08/2021,Analyst
53-7051.00,1.A.1.f.2,Visualization,LV,3.0,8,0.189,2.6296,3.3704,N,N,08/2021,Analyst
53-7051.00,1.A.1.g.1,Selective Attention,IM,3.12,8,0.125,2.88,3.37,N,,08/2021,Analyst
53-7051.00,1.A.1.g.1,Selective Attention,LV,3.12,8,0.125,2.88,3.37,N,N,08/2021,Analyst
53-7051.00,1.A.1.g.2,Time Sharing,IM,2.88,8,0.125,2.63,3.12,N,,08/2021,Analyst
53-7051.00,1.A.1.g.2,Time Sharing,LV,2.75,8,0.1637,2.4292,3.0708,N,N,08/2021,Analyst
53-7051.00,1.A.2.a.1,Arm-Hand Steadiness,IM,3.12,8,0.125,2.88,3.37,N,,08/2021,Analyst
53-7051.00,1.A.2.a.1,Arm-Hand Steadiness,LV,2.88,8,0.125,2.63,3.12,N,N,08/2021,Analyst
53-7051.00,1.A.2.a.2,Manual Dexterity,IM,3.5,8,0.189,3.1296,3.8704,N,,08/2021,Analyst
53-7051.00,1.A.2.a.2,Manual Dexterity,LV,3.0,8,0.0,3.0,3.0,N,N,08/2021,Analyst
53-7051.00,1.A.2.a.3,Finger Dexterity,IM,3.0,8,0.0,3.0,3.0,N,,08/2021,Analyst
53-7051.00,1.A.2.a.3,Finger Dexterity,LV,3.0,8,0.0,3.0,3.0,N,N,08/2021,Analyst
53-7051.00,1.A.2.b.1,Control Precision,IM,4.0,8,0.0,4.0,4.0,N,,08/2021,Analyst
53-7051.00,1.A.2.b.1,Control Precision,LV,4.0,8,0.0,4.0,4.0,N,N,08/2021,Analyst
53-7051.00,1.A.2.b.2,Multilimb Coordination,IM,3.88,8,0.125,3.63,4.12,N,,08/2021,Analyst
53-7051.00,1.A.2.b.2,Multilimb Coordination,LV,4.0,8,0.0,4.0,4.0,N,N,08/2021,Analyst
53-7051.00,1.A.2.b.3,Response Orientation,IM,3.62,8,0.183,3.2664,3.9836,N,,08/2021,Analyst
53-7051.00,1.A.2.b.3,Response Orientation,LV,3.25,8,0.1637,2.9292,3.5708,N,N,08/2021,Analyst
53-7051.00,1.A.2.b.4,Rate Control,IM,3.38,8,0.183,3.0164,3.7336,N,,08/2021,Analyst
53-7051.00,1.A.2.b.4,Rate Control,LV,3.25,8,0.1637,2.9292,3.5708,N,N,08/2021,Analyst
53-7051.00,1.A.2.c.1,Reaction Time,IM,3.25,8,0.1637,2.9292,3.5708,N,,08/2021,Analyst
53-7051.00,1.A.2.c.1,Reaction Time,LV,3.5,8,0.2673,2.9762,4.0238,N,N,08/2021,Analyst
53-7051.00,1.A.2.c.2,Wrist-Finger Speed,IM,2.12,8,0.125,1.88,2.37,N,,08/2021,Analyst
53-7051.00,1.A.2.c.2,Wrist-Finger Speed,LV,2.0,8,0.0,2.0,2.0,N,N,08/2021,Analyst
53-7051.00,1.A.2.c.3,Speed of Limb Movement,IM,1.88,8,0.125,1.63,2.12,N,,08/2021,Analyst
53-7051.00,1.A.2.c.3,Speed of Limb Movement,LV,1.75,8,0.25,1.26,2.24,N,N,08/2021,Analyst
53-7051.00,1.A.3.a.1,Static Strength,IM,3.12,8,0.125,2.88,3.37,N,,08/2021,Analyst
53-7051.00,1.A.3.a.1,Static Strength,LV,3.62,8,0.183,3.2664,3.9836,N,N,08/2021,Analyst
53-7051.00,1.A.3.a.2,Explosive Strength,IM,1.88,8,0.2266,1.4309,2.3191,N,,08/2021,Analyst
53-7051.00,1.A.3.a.2,Explosive Strength,LV,1.25,8,0.3134,0.6358,1.8642,N,N,08/2021,Analyst
53-7051.00,1.A.3.a.3,Dynamic Strength,IM,2.25,8,0.1637,1.9292,2.5708,N,,08/2021,Analyst
53-7051.00,1.A.3.a.3,Dynamic Strength,LV,2.5,8,0.189,2.1296,2.8704,N,N,08/2021,Analyst
53-7051.00,1.A.3.a.4,Trunk Strength,IM,3.12,8,0.125,2.88,3.37,N,,08/2021,Analyst
53-7051.00,1.A.3.a.4,Trunk Strength,LV,3.0,8,0.0,3.0,3.0,N,N,08/2021,Analyst
53-7051.00,1.A.3.b.1,Stamina,IM,2.5,8,0.189,2.1296,2.8704,N,,08/2021,Analyst
53-7051.00,1.A.3.b.1,Stamina,LV,2.25,8,0.1637,1.9292,2.5708,N,N,08/2021,Analyst
53-7051.00,1.A.3.c.1,Extent Flexibility,IM,2.88,8,0.125,2.63,3.12,N,,08/2021,Analyst
53-7051.00,1.A.3.c.1,Extent Flexibility,LV,3.12,8,0.125,2.88,3.37,N,N,08/2021,Analyst
53-7051.00,1.A.3.c.2,Dynamic Flexibility,IM,1.62,8,0.183,1.2664,1.9836,N,,08/2021,Analyst
53-7051.00,1.A.3.c.2,Dynamic Flexibility,LV,0.88,8,0.295,0.2967,1.4533,N,N,08/2021,Analyst
53-7051.00,1.A.3.c.3,Gross Body Coordination,IM,2.5,8,0.189,2.1296,2.8704,N,,08/2021,Analyst
53-7051.00,1.A.3.c.3,Gross Body Coordination,LV,2.0,8,0.0,2.0,2.0,N,N,08/2021,Analyst
53-7051.00,1.A.3.c.4,Gross Body Equilibrium,IM,2.25,8,0.1637,1.9292,2.5708,N,,08/2021,Analyst
53-7051.00,1.A.3.c.4,Gross Body Equilibrium,LV,2.0,8,0.0,2.0,2.0,N,N,08/2021,Analyst
53-7051.00,1.A.4.a.1,Near Vision,IM,3.12,8,0.125,2.88,3.37,N,,08/2021,Analyst
53-7051.00,1.A.4.a.1,Near Vision,LV,3.0,8,0.0,3.0,3.0,N,N,08/2021,Analyst
53-7051.00,1.A.4.a.2,Far Vision,IM,3.75,8,0.1637,3.4292,4.0708,N,,08/2021,Analyst
53-7051.00,1.A.4.a.2,Far Vision,LV,3.38,8,0.2631,2.8594,3.8906,N,N,08/2021,Analyst
53-7051.00,1.A.4.a.3,Visual Color Discrimination,IM,2.75,8,0.1637,2.4292,3.0708,N,,08/2021,Analyst
53-7051.00,1.A.4.a.3,Visual Color Discrimination,LV,2.62,8,0.183,2.2664,2.9836,N,N,08/2021,Analyst
53-7051.00,1.A.4.a.4,Night Vision,IM,1.75,8,0.1637,1.4292,2.0708,N,,08/2021,Analyst
53-7051.00,1.A.4.a.4,Night Vision,LV,1.5,8,0.378,0.7592,2.2408,N,N,08/2021,Analyst
53-7051.00,1.A.4.a.5,Peripheral Vision,IM,3.0,8,0.189,2.6296,3.3704,N,,08/2021,Analyst
53-7051.00,1.A.4.a.5,Peripheral Vision,LV,3.0,8,0.189,2.6296,3.3704,N,N,08/2021,Analyst
53-7051.00,1.A.4.a.6,Depth Perception,IM,3.25,8,0.1637,2.9292,3.5708,N,,08/2021,Analyst
53-7051.00,1.A.4.a.6,Depth Perception,LV,3.88,8,0.125,3.63,4.12,N,N,08/2021,Analyst
53-7051.00,1.A.4.a.7,Glare Sensitivity,IM,1.88,8,0.125,1.63,2.12,N,,08/2021,Analyst
53-7051.00,1.A.4.a.7,Glare Sensitivity,LV,1.75,8,0.25,1.26,2.24,N,N,08/2021,Analyst
53-7051.00,1.A.4.b.1,Hearing Sensitivity,IM,2.75,8,0.1637,2.4292,3.0708,N,,08/2021,Analyst
53-7051.00,1.A.4.b.1,Hearing Sensitivity,LV,2.75,8,0.1637,2.4292,3.0708,N,N,08/2021,Analyst
53-7051.00,1.A.4.b.2,Auditory Attention,IM,3.12,8,0.125,2.88,3.37,N,,08/2021,Analyst
53-7051.00,1.A.4.b.2,Auditory Attention,LV,3.12,8,0.125,2.88,3.37,N,N,08/2021,Analyst
53-7051.00,1.A.4.b.3,Sound Localization,IM,2.12,8,0.125,1.88,2.37,N,,08/2021,Analyst
53-7051.00,1.A.4.b.3,Sound Localization,LV,2.0,8,0.189,1.6296,2.3704,N,N,08/2021,Analyst
53-7051.00,1.A.4.b.4,Speech Recognition,IM,2.75,8,0.1637,2.4292,3.0708,N,,08/2021,Analyst
53-7051.00,1.A.4.b.4,Speech Recognition,LV,2.25,8,0.1637,1.9292,2.5708,N,N,08/2021,Analyst
53-7051.00,1.A.4.b.5,Speech Clarity,IM,2.75,8,0.1637,2.4292,3.0708,N,,08/2021,Analyst
53-7051.00,1.A.4.b.5,Speech Clarity,LV,2.25,8,0.1637,1.9292,2.5708,N,N,08/2021,Analyst
53-7061.00,1.A.1.a.1,Oral Comprehension,IM,2.88,8,0.125,2.63,3.12,N,,08/2022,Analyst
53-7061.00,1.A.1.a.1,Oral Comprehension,LV,3.0,8,0.189,2.6296,3.3704,N,N,08/2022,Analyst
53-7061.00,1.A.1.a.2,Written Comprehension,IM,2.0,8,0.0,2.0,2.0,N,,08/2022,Analyst
53-7061.00,1.A.1.a.2,Written Comprehension,LV,2.0,8,0.0,2.0,2.0,N,N,08/2022,Analyst
53-7061.00,1.A.1.a.3,Oral Expression,IM,2.75,8,0.1637,2.4292,3.0708,N,,08/2022,Analyst
53-7061.00,1.A.1.a.3,Oral Expression,LV,2.38,8,0.183,2.0164,2.7336,N,N,08/2022,Analyst
53-7061.00,1.A.1.a.4,Written Expression,IM,2.0,8,0.189,1.6296,2.3704,N,,08/2022,Analyst
53-7061.00,1.A.1.a.4,Written Expression,LV,1.25,8,0.25,0.76,1.74,N,N,08/2022,Analyst
53-7061.00,1.A.1.b.1,Fluency of Ideas,IM,1.88,8,0.2266,1.4309,2.3191,N,,08/2022,Analyst
53-7061.00,1.A.1.b.1,Fluency of Ideas,LV,1.12,8,0.295,0.5467,1.7033,N,N,08/2022,Analyst
53-7061.00,1.A.1.b.2,Originality,IM,1.62,8,0.2631,1.1094,2.1406,N,,08/2022,Analyst
53-7061.00,1.A.1.b.2,Originality,LV,0.75,8,0.3134,0.1358,1.3642,N,N,08/2022,Analyst
53-7061.00,1.A.1.b.3,Problem Sensitivity,IM,3.0,8,0.0,3.0,3.0,N,,08/2022,Analyst
53-7061.00,1.A.1.b.3,Problem Sensitivity,LV,2.5,8,0.189,2.1296,2.8704,N,N,08/2022,Analyst
53-7061.00,1.A.1.b.4,Deductive Reasoning,IM,2.88,8,0.125,2.63,3.12,N,,08/2022,Analyst
53-7061.00,1.A.1.b.4,Deductive Reasoning,LV,2.5,8,0.189,2.1296,2.8704,N,N,08/2022,Analyst
53-7061.00,1.A.1.b.5,Inductive Reasoning,IM,2.5,8,0.189,2.1296,2.8704,N,,08/2022,Analyst
53-7061.00,1.A.1.b.5,Inductive Reasoning,LV,2.25,8,0.1637,1.9292,2.5708,N,N,08/2022,Analyst
53-7061.00,1.A.1.b.6,Information Ordering,IM,2.75,8,0.1637,2.4292,3.0708,N,,08/2022,Analyst
53-7061.00,1.A.1.b.6,Information Ordering,LV,2.38,8,0.183,2.0164,2.7336,N,N,08/2022,Analyst
53-7061.00,1.A.1.b.7,Category Flexibility,IM,2.38,8,0.183,2.0164,2.7336,N,,08/2022,Analyst
53-7061.00,1.A.1.b.7,Category Flexibility,LV,2.25,8,0.1637,1.9292,2.5708,N,N,08/2022,Analyst
53-7061.00,1.A.1.c.1,Mathematical Reasoning,IM,1.62,8,0.183,1.2664,1.9836,N,,08/2022,Analyst
53-7061.00,1.A.1.c.1,Mathematical Reasoning,LV,0.88,8,0.295,0.2967,1.4533,N,N,08/2022,Analyst
53-7061.00,1.A.1.c.2,Number Facility,IM,1.88,8,0.125,1.63,2.12,N,,08/2022,Analyst
53-7061.00,1.A.1.c.2,Number Facility,LV,1.12,8,0.2266,0.6809,1.5691,N,N,08/2022,Analyst
53-7061.00,1.A.1.d.1,Memorization,IM,2.0,8,0.189,1.6296,2.3704,N,,08/2022,Analyst
53-7061.00,1.A.1.d.1,Memorization,LV,1.12,8,0.2266,0.6809,1.5691,N,N,08/2022,Analyst
53-7061.00,1.A.1.e.1,Speed of Closure,IM,2.0,8,0.0,2.0,2.0,N,,08/2022,Analyst
53-7061.00,1.A.1.e.1,Speed of Closure,LV,1.25,8,0.1637,0.9292,1.5708,N,N,08/2022,Analyst
53-7061.00,1.A.1.e.2,Flexibility of Closure,IM,2.25,8,0.1637,1.9292,2.5708,N,,08/2022,Analyst
53-7061.00,1.A.1.e.2,Flexibility of Closure,LV,1.75,8,0.25,1.26,2.24,N,N,08/2022,Analyst
53-7061.00,1.A.1.e.3,Perceptual Speed,IM,2.25,8,0.1637,1.9292,2.5708,N,,08/2022,Analyst
53-7061.00,1.A.1.e.3,Perceptual Speed,LV,1.75,8,0.25,1.26,2.24,N,N,08/2022,Analyst
53-7061.00,1.A.1.f.1,Spatial Orientation,IM,2.12,8,0.125,1.88,2.37,N,,08/2022,Analyst
53-7061.00,1.A.1.f.1,Spatial Orientation,LV,1.5,8,0.189,1.1296,1.8704,N,N,08/2022,Analyst
53-7061.00,1.A.1.f.2,Visualization,IM,2.25,8,0.1637,1.9292,2.5708,N,,08/2022,Analyst
53-7061.00,1.A.1.f.2,Visualization,LV,2.0,8,0.2673,1.4762,2.5238,N,N,08/2022,Analyst
53-7061.00,1.A.1.g.1,Selective Attention,IM,2.25,8,0.1637,1.9292,2.5708,N,,08/2022,Analyst
53-7061.00,1.A.1.g.1,Selective Attention,LV,2.0,8,0.0,2.0,2.0,N,N,08/2022,Analyst
53-7061.00,1.A.1.g.2,Time Sharing,IM,2.12,8,0.125,1.88,2.37,N,,08/2022,Analyst
53-7061.00,1.A.1.g.2,Time Sharing,LV,2.12,8,0.125,1.88,2.37,N,N,08/2022,Analyst
53-7061.00,1.A.2.a.1,Arm-Hand Steadiness,IM,2.88,8,0.125,2.63,3.12,N,,08/2022,Analyst
53-7061.00,1.A.2.a.1,Arm-Hand Steadiness,LV,2.5,8,0.189,2.1296,2.8704,N,N,08/2022,Analyst
53-7061.00,1.A.2.a.2,Manual Dexterity,IM,3.25,8,0.1637,2.9292,3.5708,N,,08/2022,Analyst
53-7061.00,1.A.2.a.2,Manual Dexterity,LV,3.0,8,0.0,3.0,3.0,N,N,08/2022,Analyst
53-7061.00,1.A.2.a.3,Finger Dexterity,IM,3.0,8,0.0,3.0,3.0,N,,08/2022,Analyst
53-7061.00,1.A.2.a.3,Finger Dexterity,LV,2.75,8,0.1637,2.4292,3.0708,N,N,08/2022,Analyst
53-7061.00,1.A.2.b.1,Control Precision,IM,3.0,8,0.0,3.0,3.0,N,,08/2022,Analyst
53-7061.00,1.A.2.b.1,Control Precision,LV,3.0,8,0.0,3.0,3.0,N,N,08/2022,Analyst
53-7061.00,1.A.2.b.2,Multilimb Coordination,IM,3.12,8,0.125,2.88,3.37,N,,08/2022,Analyst
53-7061.00,1.A.2.b.2,Multilimb Coordination,LV,3.0,8,0.0,3.0,3.0,N,N,08/2022,Analyst
53-7061.00,1.A.2.b.3,Response Orientation,IM,2.25,8,0.1637,1.9292,2.5708,N,,08/2022,Analyst
53-7061.00,1.A.2.b.3,Response Orientation,LV,2.0,8,0.0,2.0,2.0,N,N,08/2022,Analyst
53-7061.00,1.A.2.b.4,Rate Control,IM,2.12,8,0.2266,1.6809,2.5691,N,,08/2022,Analyst
53-7061.00,1.A.2.b.4,Rate Control,LV,1.75,8,0.25,1.26,2.24,N,N,08/2022,Analyst
53-7061.00,1.A.2.c.1,Reaction Time,IM,2.12,8,0.125,1.88,2.37,N,,08/2022,Analyst
53-7061.00,1.A.2.c.1,Reaction Time,LV,2.0,8,0.0,2.0,2.0,N,N,08/2022,Analyst
53-7061.00,1.A.2.c.2,Wrist-Finger Speed,IM,2.0,8,0.0,2.0,2.0,N,,08/2022,Analyst
53-7061.00,1.A.2.c.2,Wrist-Finger Speed,LV,1.62,8,0.183,1.2664,1.9836,N,N,08/2022,Analyst
53-7061.00,1.A.2.c.3,Speed of Limb Movement,IM,2.0,8,0.189,1.6296,2.3704,N,,08/2022,Analyst
53-7061.00,1.A.2.c.3,Speed of Limb Movement,LV,1.5,8,0.2673,0.9762,2.0238,N,N,08/2022,Analyst
53-7061.00,1.A.3.a.1,Static Strength,IM,2.25,8,0.1637,1.9292,2.5708,N,,08/2022,Analyst
53-7061.00,1.A.3.a.1,Static Strength,LV,2.12,8,0.125,1.88,2.37,N,N,08/2022,Analyst
53-7061.00,1.A.3.a.2,Explosive Strength,IM,1.5,8,0.189,1.1296,1.8704,N,,08/2022,Analyst
53-7061.00,1.A.3.a.2,Explosive Strength,LV,0.75,8,0.3134,0.1358,1.3642,N,N,08/2022,Analyst
53-7061.00,1.A.3.a.3,Dynamic Strength,IM,2.38,8,0.183,2.0164,2.7336,N,,08/2022,Analyst
53-7061.00,1.A.3.a.3,Dynamic Strength,LV,2.38,8,0.2631,1.8594,2.8906,N,N,08/2022,Analyst
53-7061.00,1.A.3.a.4,Trunk Strength,IM,3.0,8,0.189,2.6296,3.3704,N,,08/2022,Analyst
53-7061.00,1.A.3.a.4,Trunk Strength,LV,3.0,8,0.189,2.6296,3.3704,N,N,08/2022,Analyst
53-7061.00,1.A.3.b.1,Stamina,IM,3.0,8,0.189,2.6296,3.3704,N,,08/2022,Analyst
53-7061.00,1.A.3.b.1,Stamina,LV,2.62,8,0.2631,2.1094,3.1406,N,N,08/2022,Analyst
53-7061.00,1.A.3.c.1,Extent Flexibility,IM,3.25,8,0.1637,2.9292,3.5708,N,,08/2022,Analyst
53-7061.00,1.A.3.c.1,Extent Flexibility,LV,3.12,8,0.125,2.88,3.37,N,N,08/2022,Analyst
53-7061.00,1.A.3.c.2,Dynamic Flexibility,IM,1.62,8,0.183,1.2664,1.9836,N,,08/2022,Analyst
53-7061.00,1.A.3.c.2,Dynamic Flexibility,LV,0.62,8,0.183,0.2664,0.9836,N,N,08/2022,Analyst
53-7061.00,1.A.3.c.3,Gross Body Coordination,IM,2.75,8,0.1637,2.4292,3.0708,N,,08/2022,Analyst
53-7061.00,1.A.3.c.3,Gross Body Coordination,LV,2.38,8,0.183,2.0164,2.7336,N,N,08/2022,Analyst
53-7061.00,1.A.3.c.4,Gross Body Equilibrium,IM,2.0,8,0.189,1.6296,2.3704,N,,08/2022,Analyst
53-7061.00,1.A.3.c.4,Gross Body Equilibrium,LV,1.12,8,0.2266,0.6809,1.5691,N,N,08/2022,Analyst
53-7061.00,1.A.4.a.1,Near Vision,IM,3.62,8,0.183,3.2664,3.9836,N,,08/2022,Analyst
53-7061.00,1.A.4.a.1,Near Vision,LV,2.88,8,0.125,2.63,3.12,N,N,08/2022,Analyst
53-7061.00,1.A.4.a.2,Far Vision,IM,2.38,8,0.183,2.0164,2.7336,N,,08/2022,Analyst
53-7061.00,1.A.4.a.2,Far Vision,LV,2.12,8,0.125,1.88,2.37,N,N,08/2022,Analyst
53-7061.00,1.A.4.a.3,Visual Color Discrimination,IM,2.38,8,0.183,2.0164,2.7336,N,,08/2022,Analyst
53-7061.00,1.A.4.a.3,Visual Color Discrimination,LV,1.88,8,0.125,1.63,2.12,N,N,08/2022,Analyst
53-7061.00,1.A.4.a.4,Night Vision,IM,1.75,8,0.25,1.26,2.24,N,,08/2022,Analyst
53-7061.00,1.A.4.a.4,Night Vision,LV,0.88,8,0.295,0.2967,1.4533,N,N,08/2022,Analyst
53-7061.00,1.A.4.a.5,Peripheral Vision,IM,1.88,8,0.125,1.63,2.12,N,,08/2022,Analyst
53-7061.00,1.A.4.a.5,Peripheral Vision,LV,1.0,8,0.189,0.6296,1.3704,N,N,08/2022,Analyst
53-7061.00,1.A.4.a.6,Depth Perception,IM,2.38,8,0.183,2.0164,2.7336,N,,08/2022,Analyst
53-7061.00,1.A.4.a.6,Depth Perception,LV,2.12,8,0.125,1.88,2.37,N,N,08/2022,Analyst
53-7061.00,1.A.4.a.7,Glare Sensitivity,IM,1.88,8,0.2266,1.4309,2.3191,N,,08/2022,Analyst
53-7061.00,1.A.4.a.7,Glare Sensitivity,LV,1.0,8,0.2673,0.4762,1.5238,N,N,08/2022,Analyst
53-7061.00,1.A.4.b.1,Hearing Sensitivity,IM,1.62,8,0.183,1.2664,1.9836,N,,08/2022,Analyst
53-7061.00,1.A.4.b.1,Hearing Sensitivity,LV,0.75,8,0.25,0.26,1.24,N,N,08/2022,Analyst
53-7061.00,1.A.4.b.2,Auditory Attention,IM,2.12,8,0.2266,1.6809,2.5691,N,,08/2022,Analyst
53-7061.00,1.A.4.b.2,Auditory Attention,LV,1.38,8,0.3239,0.7402,2.0098,N,N,08/2022,Analyst
53-7061.00,1.A.4.b.3,Sound Localization,IM,1.38,8,0.183,1.0164,1.7336,N,,08/2022,Analyst
53-7061.00,1.A.4.b.3,Sound Localization,LV,0.38,8,0.183,0.0164,0.7336,N,N,08/2022,Analyst
53-7061.00,1.A.4.b.4,Speech Recognition,IM,2.75,8,0.1637,2.4292,3.0708,N,,08/2022,Analyst
53-7061.00,1.A.4.b.4,Speech Recognition,LV,2.25,8,0.1637,1.9292,2.5708,N,N,08/2022,Analyst
53-7061.00,1.A.4.b.5,Speech Clarity,IM,2.62,8,0.183,2.2664,2.9836,N,,08/2022,Analyst
53-7061.00,1.A.4.b.5,Speech Clarity,LV,2.12,8,0.125,1.88,2.37,N,N,08/2022,Analyst
53-7062.00,1.A.1.a.1,Oral Comprehension,IM,3.12,8,0.125,2.88,3.37,N,,08/2024,Analyst
53-7062.00,1.A.1.a.1,Oral Comprehension,LV,3.0,8,0.0,3.0,3.0,N,N,08/2024,Analyst
53-7062.00,1.A.1.a.2,Written Comprehension,IM,2.88,8,0.125,2.63,3.12,N,,08/2024,Analyst
53-7062.00,1.A.1.a.2,Written Comprehension,LV,2.88,8,0.125,2.63,3.12,N,N,08/2024,Analyst
53-7062.00,1.A.1.a.3,Oral Expression,IM,3.0,8,0.0,3.0,3.0,N,,08/2024,Analyst
53-7062.00,1.A.1.a.3,Oral Expression,LV,2.88,8,0.125,2.63,3.12,N,N,08/2024,Analyst
53-7062.00,1.A.1.a.4,Written Expression,IM,2.62,8,0.183,2.2664,2.9836,N,,08/2024,Analyst
53-7062.00,1.A.1.a.4,Written Expression,LV,2.0,8,0.189,1.6296,2.3704,N,N,08/2024,Analyst
53-7062.00,1.A.1.b.1,Fluency of Ideas,IM,2.0,8,0.0,2.0,2.0,N,,08/2024,Analyst
53-7062.00,1.A.1.b.1,Fluency of Ideas,LV,2.0,8,0.0,2.0,2.0,N,N,08/2024,Analyst
53-7062.00,1.A.1.b.2,Originality,IM,2.0,8,0.0,2.0,2.0,N,,08/2024,Analyst
53-7062.00,1.A.1.b.2,Originality,LV,2.0,8,0.0,2.0,2.0,N,N,08/2024,Analyst
53-7062.00,1.A.1.b.3,Problem Sensitivity,IM,3.0,8,0.0,3.0,3.0,N,,08/2024,Analyst
53-7062.00,1.A.1.b.3,Problem Sensitivity,LV,2.88,8,0.125,2.63,3.12,N,N,08/2024,Analyst
53-7062.00,1.A.1.b.4,Deductive Reasoning,IM,3.0,8,0.0,3.0,3.0,N,,08/2024,Analyst
53-7062.00,1.A.1.b.4,Deductive Reasoning,LV,2.88,8,0.125,2.63,3.12,N,N,08/2024,Analyst
53-7062.00,1.A.1.b.5,Inductive Reasoning,IM,2.75,8,0.1637,2.4292,3.0708,N,,08/2024,Analyst
53-7062.00,1.A.1.b.5,Inductive Reasoning,LV,2.75,8,0.1637,2.4292,3.0708,N,N,08/2024,Analyst
53-7062.00,1.A.1.b.6,Information Ordering,IM,2.88,8,0.125,2.63,3.12,N,,08/2024,Analyst
53-7062.00,1.A.1.b.6,Information Ordering,LV,2.88,8,0.125,2.63,3.12,N,N,08/2024,Analyst
53-7062.00,1.A.1.b.7,Category Flexibility,IM,2.88,8,0.125,2.63,3.12,N,,08/2024,Analyst
53-7062.00,1.A.1.b.7,Category Flexibility,LV,2.75,8,0.1637,2.4292,3.0708,N,N,08/2024,Analyst
53-7062.00,1.A.1.c.1,Mathematical Reasoning,IM,2.0,8,0.0,2.0,2.0,N,,08/2024,Analyst
53-7062.00,1.A.1.c.1,Mathematical Reasoning,LV,1.38,8,0.183,1.0164,1.7336,N,N,08/2024,Analyst
53-7062.00,1.A.1.c.2,Number Facility,IM,2.0,8,0.0,2.0,2.0,N,,08/2024,Analyst
53-7062.00,1.A.1.c.2,Number Facility,LV,1.88,8,0.125,1.63,2.12,N,N,08/2024,Analyst
53-7062.00,1.A.1.d.1,Memorization,IM,2.0,8,0.0,2.0,2.0,N,,08/2024,Analyst
53-7062.00,1.A.1.d.1,Memorization,LV,1.38,8,0.183,1.0164,1.7336,N,N,08/2024,Analyst
53-7062.00,1.A.1.e.1,Speed of Closure,IM,2.12,8,0.125,1.88,2.37,N,,08/2024,Analyst
53-7062.00,1.A.1.e.1,Speed of Closure,LV,2.0,8,0.0,2.0,2.0,N,N,08/2024,Analyst
53-7062.00,1.A.1.e.2,Flexibility of Closure,IM,2.12,8,0.125,1.88,2.37,N,,08/2024,Analyst
53-7062.00,1.A.1.e.2,Flexibility of Closure,LV,2.12,8,0.125,1.88,2.37,N,N,08/2024,Analyst
53-7062.00,1.A.1.e.3,Perceptual Speed,IM,2.25,8,0.1637,1.9292,2.5708,N,,08/2024,Analyst
53-7062.00,1.A.1.e.3,Perceptual Speed,LV,2.12,8,0.125,1.88,2.37,N,N,08/2024,Analyst
53-7062.00,1.A.1.f.1,Spatial Orientation,IM,2.0,8,0.0,2.0,2.0,N,,08/2024,Analyst
53-7062.00,1.A.1.f.1,Spatial Orientation,LV,1.88,8,0.125,1.63,2.12,N,N,08/2024,Analyst
53-7062.00,1.A.1.f.2,Visualization,IM,2.75,8,0.1637,2.4292,3.0708,N,,08/2024,Analyst
53-7062.00,1.A.1.f.2,Visualization,LV,2.88,8,0.125,2.63,3.12,N,N,08/2024,Analyst
53-7062.00,1.A.1.g.1,Selective Attention,IM,3.0,8,0.0,3.0,3.0,N,,08/2024,Analyst
53-7062.00,1.A.1.g.1,Selective Attention,LV,2.88,8,0.125,2.63,3.12,N,N,08/2024,Analyst
53-7062.00,1.A.1.g.2,Time Sharing,IM,2.12,8,0.125,1.88,2.37,N,,08/2024,Analyst
53-7062.00,1.A.1.g.2,Time Sharing,LV,2.38,8,0.183,2.0164,2.7336,N,N,08/2024,Analyst
53-7062.00,1.A.2.a.1,Arm-Hand Steadiness,IM,3.0,8,0.0,3.0,3.0,N,,08/2024,Analyst
53-7062.00,1.A.2.a.1,Arm-Hand Steadiness,LV,3.0,8,0.0,3.0,3.0,N,N,08/2024,Analyst
53-7062.00,1.A.2.a.2,Manual Dexterity,IM,3.12,8,0.125,2.88,3.37,N,,08/2024,Analyst
53-7062.00,1.A.2.a.2,Manual Dexterity,LV,3.0,8,0.0,3.0,3.0,N,N,08/2024,Analyst
53-7062.00,1.A.2.a.3,Finger Dexterity,IM,2.88,8,0.125,2.63,3.12,N,,08/2024,Analyst
53-7062.00,1.A.2.a.3,Finger Dexterity,LV,2.88,8,0.125,2.63,3.12,N,N,08/2024,Analyst
53-7062.00,1.A.2.b.1,Control Precision,IM,3.0,8,0.0,3.0,3.0,N,,08/2024,Analyst
53-7062.00,1.A.2.b.1,Control Precision,LV,3.12,8,0.125,2.88,3.37,N,N,08/2024,Analyst
53-7062.00,1.A.2.b.2,Multilimb Coordination,IM,3.38,8,0.183,3.0164,3.7336,N,,08/2024,Analyst
53-7062.00,1.A.2.b.2,Multilimb Coordination,LV,3.62,8,0.183,3.2664,3.9836,N,N,08/2024,Analyst
53-7062.00,1.A.2.b.3,Response Orientation,IM,2.38,8,0.183,2.0164,2.7336,N,,08/2024,Analyst
53-7062.00,1.A.2.b.3,Response Orientation,LV,2.5,8,0.189,2.1296,2.8704,N,N,08/2024,Analyst
53-7062.00,1.A.2.b.4,Rate Control,IM,2.88,8,0.125,2.63,3.12,N,,08/2024,Analyst
53-7062.00,1.A.2.b.4,Rate Control,LV,2.38,8,0.183,2.0164,2.7336,N,N,08/2024,Analyst
53-7062.00,1.A.2.c.1,Reaction Time,IM,2.88,8,0.125,2.63,3.12,N,,08/2024,Analyst
53-7062.00,1.A.2.c.1,Reaction Time,LV,2.88,8,0.125,2.63,3.12,N,N,08/2024,Analyst
53-7062.00,1.A.2.c.2,Wrist-Finger Speed,IM,1.62,8,0.183,1.2664,1.9836,N,,08/2024,Analyst
53-7062.00,1.A.2.c.2,Wrist-Finger Speed,LV,1.12,8,0.3504,0.4383,1.8117,N,N,08/2024,Analyst
53-7062.00,1.A.2.c.3,Speed of Limb Movement,IM,1.88,8,0.125,1.63,2.12,N,,08/2024,Analyst
53-7062.00,1.A.2.c.3,Speed of Limb Movement,LV,1.75,8,0.25,1.26,2.24,N,N,08/2024,Analyst
53-7062.00,1.A.3.a.1,Static Strength,IM,3.88,8,0.125,3.63,4.12,N,,08/2024,Analyst
53-7062.00,1.A.3.a.1,Static Strength,LV,4.0,8,0.0,4.0,4.0,N,N,08/2024,Analyst
53-7062.00,1.A.3.a.2,Explosive Strength,IM,2.25,8,0.1637,1.9292,2.5708,N,,08/2024,Analyst
53-7062.00,1.A.3.a.2,Explosive Strength,LV,1.62,8,0.3239,0.9902,2.2598,N,N,08/2024,Analyst
53-7062.00,1.A.3.a.3,Dynamic Strength,IM,3.0,8,0.0,3.0,3.0,N,,08/2024,Analyst
53-7062.00,1.A.3.a.3,Dynamic Strength,LV,3.0,8,0.0,3.0,3.0,N,N,08/2024,Analyst
53-7062.00,1.A.3.a.4,Trunk Strength,IM,3.5,8,0.189,3.1296,3.8704,N,,08/2024,Analyst
53-7062.00,1.A.3.a.4,Trunk Strength,LV,3.75,8,0.1637,3.4292,4.0708,N,N,08/2024,Analyst
53-7062.00,1.A.3.b.1,Stamina,IM,3.12,8,0.125,2.88,3.37,N,,08/2024,Analyst
53-7062.00,1.A.3.b.1,Stamina,LV,3.12,8,0.125,2.88,3.37,N,N,08/2024,Analyst
53-7062.00,1.A.3.c.1,Extent Flexibility,IM,3.12,8,0.125,2.88,3.37,N,,08/2024,Analyst
53-7062.00,1.A.3.c.1,Extent Flexibility,LV,3.75,8,0.1637,3.4292,4.0708,N,N,08/2024,Analyst
53-7062.00,1.A.3.c.2,Dynamic Flexibility,IM,2.0,8,0.189,1.6296,2.3704,N,,08/2024,Analyst
53-7062.00,1.A.3.c.2,Dynamic Flexibility,LV,1.12,8,0.2266,0.6809,1.5691,N,N,08/2024,Analyst
53-7062.00,1.A.3.c.3,Gross Body Coordination,IM,2.62,8,0.183,2.2664,2.9836,N,,08/2024,Analyst
53-7062.00,1.A.3.c.3,Gross Body Coordination,LV,2.25,8,0.1637,1.9292,2.5708,N,N,08/2024,Analyst
53-7062.00,1.A.3.c.4,Gross Body Equilibrium,IM,2.0,8,0.0,2.0,2.0,N,,08/2024,Analyst
53-7062.00,1.A.3.c.4,Gross Body Equilibrium,LV,1.62,8,0.183,1.2664,1.9836,N,N,08/2024,Analyst
53-7062.00,1.A.4.a.1,Near Vision,IM,3.12,8,0.125,2.88,3.37,N,,08/2024,Analyst
53-7062.00,1.A.4.a.1,Near Vision,LV,3.12,8,0.125,2.88,3.37,N,N,08/2024,Analyst
53-7062.00,1.A.4.a.2,Far Vision,IM,3.0,8,0.0,3.0,3.0,N,,08/2024,Analyst
53-7062.00,1.A.4.a.2,Far Vision,LV,3.0,8,0.0,3.0,3.0,N,N,08/2024,Analyst
53-7062.00,1.A.4.a.3,Visual Color Discrimination,IM,2.5,8,0.189,2.1296,2.8704,N,,08/2024,Analyst
53-7062.00,1.A.4.a.3,Visual Color Discrimination,LV,2.38,8,0.183,2.0164,2.7336,N,N,08/2024,Analyst
53-7062.00,1.A.4.a.4,Night Vision,IM,2.0,8,0.0,2.0,2.0,N,,08/2024,Analyst
53-7062.00,1.A.4.a.4,Night Vision,LV,1.25,8,0.1637,0.9292,1.5708,N,N,08/2024,Analyst
53-7062.00,1.A.4.a.5,Peripheral Vision,IM,2.0,8,0.0,2.0,2.0,N,,08/2024,Analyst
53-7062.00,1.A.4.a.5,Peripheral Vision,LV,1.88,8,0.125,1.63,2.12,N,N,08/2024,Analyst
53-7062.00,1.A.4.a.6,Depth Perception,IM,2.75,8,0.1637,2.4292,3.0708,N,,08/2024,Analyst
53-7062.00,1.A.4.a.6,Depth Perception,LV,2.62,8,0.183,2.2664,2.9836,N,N,08/2024,Analyst
53-7062.00,1.A.4.a.7,Glare Sensitivity,IM,1.88,8,0.125,1.63,2.12,N,,08/2024,Analyst
53-7062.00,1.A.4.a.7,Glare Sensitivity,LV,1.25,8,0.25,0.76,1.74,N,N,08/2024,Analyst
53-7062.00,1.A.4.b.1,Hearing Sensitivity,IM,2.0,8,0.0,2.0,2.0,N,,08/2024,Analyst
53-7062.00,1.A.4.b.1,Hearing Sensitivity,LV,2.0,8,0.0,2.0,2.0,N,N,08/2024,Analyst
53-7062.00,1.A.4.b.2,Auditory Attention,IM,2.12,8,0.125,1.88,2.37,N,,08/2024,Analyst
53-7062.00,1.A.4.b.2,Auditory Attention,LV,2.0,8,0.0,2.0,2.0,N,N,08/2024,Analyst
53-7062.00,1.A.4.b.3,Sound Localization,IM,2.0,8,0.0,2.0,2.0,N,,08/2024,Analyst
53-7062.00,1.A.4.b.3,Sound Localization,LV,1.25,8,0.1637,0.9292,1.5708,N,N,08/2024,Analyst
53-7062.00,1.A.4.b.4,Speech Recognition,IM,2.88,8,0.125,2.63,3.12,N,,08/2024,Analyst
53-7062.00,1.A.4.b.4,Speech Recognition,LV,2.62,8,0.183,2.2664,2.9836,N,N,08/2024,Analyst
53-7062.00,1.A.4.b.5,Speech Clarity,IM,2.75,8,0.1637,2.4292,3.0708,N,,08/2024,Analyst
53-7062.00,1.A.4.b.5,Speech Clarity,LV,2.12,8,0.125,1.88,2.37,N,N,08/2024,Analyst
53-7062.04,1.A.1.a.1,Oral Comprehension,IM,3.12,8,0.2266,2.6809,3.5691,N,,07/2012,Analyst
53-7062.04,1.A.1.a.1,Oral Comprehension,LV,2.88,8,0.295,2.2967,3.4533,N,N,07/2012,Analyst
53-7062.04,1.A.1.a.2,Written Comprehension,IM,2.75,8,0.25,2.26,3.24,N,,07/2012,Analyst
53-7062.04,1.A.1.a.2,Written Comprehension,LV,2.75,8,0.25,2.26,3.24,N,N,07/2012,Analyst
53-7062.04,1.A.1.a.3,Oral Expression,IM,3.12,8,0.125,2.88,3.37,N,,07/2012,Analyst
53-7062.04,1.A.1.a.3,Oral Expression,LV,2.88,8,0.2266,2.4309,3.3191,N,N,07/2012,Analyst
53-7062.04,1.A.1.a.4,Written Expression,IM,2.75,8,0.25,2.26,3.24,N,,07/2012,Analyst
53-7062.04,1.A.1.a.4,Written Expression,LV,2.62,8,0.3239,1.9902,3.2598,N,N,07/2012,Analyst
53-7062.04,1.A.1.b.1,Fluency of Ideas,IM,2.12,8,0.2266,1.6809,2.5691,N,,07/2012,Analyst
53-7062.04,1.A.1.b.1,Fluency of Ideas,LV,2.12,8,0.3504,1.4383,2.8117,N,N,07/2012,Analyst
53-7062.04,1.A.1.b.2,Originality,IM,2.0,8,0.189,1.6296,2.3704,N,,07/2012,Analyst
53-7062.04,1.A.1.b.2,Originality,LV,1.88,8,0.295,1.2967,2.4533,N,N,07/2012,Analyst
53-7062.04,1.A.1.b.3,Problem Sensitivity,IM,2.88,8,0.2266,2.4309,3.3191,N,,07/2012,Analyst
53-7062.04,1.A.1.b.3,Problem Sensitivity,LV,2.5,8,0.189,2.1296,2.8704,N,N,07/2012,Analyst
53-7062.04,1.A.1.b.4,Deductive Reasoning,IM,2.62,8,0.183,2.2664,2.9836,N,,07/2012,Analyst
53-7062.04,1.A.1.b.4,Deductive Reasoning,LV,2.5,8,0.189,2.1296,2.8704,N,N,07/2012,Analyst
53-7062.04,1.A.1.b.5,Inductive Reasoning,IM,2.62,8,0.183,2.2664,2.9836,N,,07/2012,Analyst
53-7062.04,1.A.1.b.5,Inductive Reasoning,LV,2.5,8,0.189,2.1296,2.8704,N,N,07/2012,Analyst
53-7062.04,1.A.1.b.6,Information Ordering,IM,3.12,8,0.2266,2.6809,3.5691,N,,07/2012,Analyst
53-7062.04,1.A.1.b.6,Information Ordering,LV,2.88,8,0.2266,2.4309,3.3191,N,N,07/2012,Analyst
53-7062.04,1.A.1.b.7,Category Flexibility,IM,3.25,8,0.25,2.76,3.74,N,,07/2012,Analyst
53-7062.04,1.A.1.b.7,Category Flexibility,LV,3.0,8,0.189,2.6296,3.3704,N,N,07/2012,Analyst
53-7062.04,1.A.1.c.1,Mathematical Reasoning,IM,1.88,8,0.125,1.63,2.12,N,,07/2012,Analyst
53-7062.04,1.A.1.c.1,Mathematical Reasoning,LV,1.38,8,0.2631,0.8594,1.8906,N,N,07/2012,Analyst
53-7062.04,1.A.1.c.2,Number Facility,IM,1.88,8,0.125,1.63,2.12,N,,07/2012,Analyst
53-7062.04,1.A.1.c.2,Number Facility,LV,1.5,8,0.2673,0.9762,2.0238,N,N,07/2012,Analyst
53-7062.04,1.A.1.d.1,Memorization,IM,2.0,8,0.189,1.6296,2.3704,N,,07/2012,Analyst
53-7062.04,1.A.1.d.1,Memorization,LV,1.88,8,0.4407,1.0113,2.7387,N,N,07/2012,Analyst
53-7062.04,1.A.1.e.1,Speed of Closure,IM,2.38,8,0.3239,1.7402,3.0098,N,,07/2012,Analyst
53-7062.04,1.A.1.e.1,Speed of Closure,LV,2.0,8,0.378,1.2592,2.7408,N,N,07/2012,Analyst
53-7062.04,1.A.1.e.2,Flexibility of Closure,IM,3.12,8,0.295,2.5467,3.7033,N,,07/2012,Analyst
53-7062.04,1.A.1.e.2,Flexibility of Closure,LV,2.75,8,0.25,2.26,3.24,N,N,07/2012,Analyst
53-7062.04,1.A.1.e.3,Perceptual Speed,IM,3.12,8,0.295,2.5467,3.7033,N,,07/2012,Analyst
53-7062.04,1.A.1.e.3,Perceptual Speed,LV,2.75,8,0.25,2.26,3.24,N,N,07/2012,Analyst
53-7062.04,1.A.1.f.1,Spatial Orientation,IM,2.12,8,0.2266,1.6809,2.5691,N,,07/2012,Analyst
53-7062.04,1.A.1.f.1,Spatial Orientation,LV,2.12,8,0.3981,1.3447,2.9053,N,N,07/2012,Analyst
53-7062.04,1.A.1.f.2,Visualization,IM,2.38,8,0.2631,1.8594,2.8906,N,,07/2012,Analyst
53-7062.04,1.A.1.f.2,Visualization,LV,2.38,8,0.375,1.64,3.11,N,N,07/2012,Analyst
53-7062.04,1.A.1.g.1,Selective Attention,IM,3.12,8,0.2266,2.6809,3.5691,N,,07/2012,Analyst
53-7062.04,1.A.1.g.1,Selective Attention,LV,2.75,8,0.25,2.26,3.24,N,N,07/2012,Analyst
53-7062.04,1.A.1.g.2,Time Sharing,IM,2.62,8,0.183,2.2664,2.9836,N,,07/2012,Analyst
53-7062.04,1.A.1.g.2,Time Sharing,LV,2.62,8,0.183,2.2664,2.9836,N,N,07/2012,Analyst
53-7062.04,1.A.2.a.1,Arm-Hand Steadiness,IM,3.5,8,0.189,3.1296,3.8704,N,,07/2012,Analyst
53-7062.04,1.A.2.a.1,Arm-Hand Steadiness,LV,3.25,8,0.25,2.76,3.74,N,N,07/2012,Analyst
53-7062.04,1.A.2.a.2,Manual Dexterity,IM,3.75,8,0.25,3.26,4.24,N,,07/2012,Analyst
53-7062.04,1.A.2.a.2,Manual Dexterity,LV,3.38,8,0.2631,2.8594,3.8906,N,N,07/2012,Analyst
53-7062.04,1.A.2.a.3,Finger Dexterity,IM,3.25,8,0.1637,2.9292,3.5708,N,,07/2012,Analyst
53-7062.04,1.A.2.a.3,Finger Dexterity,LV,3.12,8,0.2266,2.6809,3.5691,N,N,07/2012,Analyst
53-7062.04,1.A.2.b.1,Control Precision,IM,3.62,8,0.183,3.2664,3.9836,N,,07/2012,Analyst
53-7062.04,1.A.2.b.1,Control Precision,LV,3.62,8,0.2631,3.1094,4.1406,N,N,07/2012,Analyst
53-7062.04,1.A.2.b.2,Multilimb Coordination,IM,3.5,8,0.189,3.1296,3.8704,N,,07/2012,Analyst
53-7062.04,1.A.2.b.2,Multilimb Coordination,LV,3.75,8,0.1637,3.4292,4.0708,N,N,07/2012,Analyst
53-7062.04,1.A.2.b.3,Response Orientation,IM,2.88,8,0.2266,2.4309,3.3191,N,,07/2012,Analyst
53-7062.04,1.A.2.b.3,Response Orientation,LV,2.75,8,0.25,2.26,3.24,N,N,07/2012,Analyst
53-7062.04,1.A.2.b.4,Rate Control,IM,3.12,8,0.125,2.88,3.37,N,,07/2012,Analyst
53-7062.04,1.A.2.b.4,Rate Control,LV,2.88,8,0.125,2.63,3.12,N,N,07/2012,Analyst
53-7062.04,1.A.2.c.1,Reaction Time,IM,3.12,8,0.2266,2.6809,3.5691,N,,07/2012,Analyst
53-7062.04,1.A.2.c.1,Reaction Time,LV,3.25,8,0.1637,2.9292,3.5708,N,N,07/2012,Analyst
53-7062.04,1.A.2.c.2,Wrist-Finger Speed,IM,2.62,8,0.183,2.2664,2.9836,N,,07/2012,Analyst
53-7062.04,1.A.2.c.2,Wrist-Finger Speed,LV,2.5,8,0.189,2.1296,2.8704,N,N,07/2012,Analyst
53-7062.04,1.A.2.c.3,Speed of Limb Movement,IM,3.0,8,0.189,2.6296,3.3704,N,,07/2012,Analyst
53-7062.04,1.A.2.c.3,Speed of Limb Movement,LV,2.88,8,0.125,2.63,3.12,N,N,07/2012,Analyst
53-7062.04,1.A.3.a.1,Static Strength,IM,2.88,8,0.3504,2.1883,3.5617,N,,07/2012,Analyst
53-7062.04,1.A.3.a.1,Static Strength,LV,3.0,8,0.5,2.02,3.98,N,N,07/2012,Analyst
53-7062.04,1.A.3.a.2,Explosive Strength,IM,1.12,8,0.125,1.0,1.37,N,,07/2012,Analyst
53-7062.04,1.A.3.a.2,Explosive Strength,LV,0.25,8,0.25,0.0,0.74,N,Y,07/2012,Analyst
53-7062.04,1.A.3.a.3,Dynamic Strength,IM,2.25,8,0.3134,1.6358,2.8642,N,,07/2012,Analyst
53-7062.04,1.A.3.a.3,Dynamic Strength,LV,2.0,8,0.4629,1.0927,2.9073,N,N,07/2012,Analyst
53-7062.04,1.A.3.a.4,Trunk Strength,IM,3.25,8,0.1637,2.9292,3.5708,N,,07/2012,Analyst
53-7062.04,1.A.3.a.4,Trunk Strength,LV,3.0,8,0.2673,2.4762,3.5238,N,N,07/2012,Analyst
53-7062.04,1.A.3.b.1,Stamina,IM,2.62,8,0.2631,2.1094,3.1406,N,,07/2012,Analyst
53-7062.04,1.A.3.b.1,Stamina,LV,2.38,8,0.375,1.64,3.11,N,N,07/2012,Analyst
53-7062.04,1.A.3.c.1,Extent Flexibility,IM,2.62,8,0.2631,2.1094,3.1406,N,,07/2012,Analyst
53-7062.04,1.A.3.c.1,Extent Flexibility,LV,2.88,8,0.2266,2.4309,3.3191,N,N,07/2012,Analyst
53-7062.04,1.A.3.c.2,Dynamic Flexibility,IM,1.38,8,0.375,1.0,2.11,N,,07/2012,Analyst
53-7062.04,1.A.3.c.2,Dynamic Flexibility,LV,0.38,8,0.375,0.0,1.11,N,Y,07/2012,Analyst
53-7062.04,1.A.3.c.3,Gross Body Coordination,IM,2.5,8,0.2673,1.9762,3.0238,N,,07/2012,Analyst
53-7062.04,1.A.3.c.3,Gross Body Coordination,LV,2.62,8,0.183,2.2664,2.9836,N,N,07/2012,Analyst
53-7062.04,1.A.3.c.4,Gross Body Equilibrium,IM,2.12,8,0.295,1.5467,2.7033,N,,07/2012,Analyst
53-7062.04,1.A.3.c.4,Gross Body Equilibrium,LV,1.88,8,0.3504,1.1883,2.5617,N,N,07/2012,Analyst
53-7062.04,1.A.4.a.1,Near Vision,IM,3.5,8,0.189,3.1296,3.8704,N,,07/2012,Analyst
53-7062.04,1.A.4.a.1,Near Vision,LV,3.38,8,0.183,3.0164,3.7336,N,N,07/2012,Analyst
53-7062.04,1.A.4.a.2,Far Vision,IM,3.0,8,0.189,2.6296,3.3704,N,,07/2012,Analyst
53-7062.04,1.A.4.a.2,Far Vision,LV,2.88,8,0.125,2.63,3.12,N,N,07/2012,Analyst
53-7062.04,1.A.4.a.3,Visual Color Discrimination,IM,2.88,8,0.3504,2.1883,3.5617,N,,07/2012,Analyst
53-7062.04,1.A.4.a.3,Visual Color Discrimination,LV,2.62,8,0.375,1.89,3.36,N,N,07/2012,Analyst
53-7062.04,1.A.4.a.4,Night Vision,IM,2.0,8,0.2673,1.4762,2.5238,N,,07/2012,Analyst
53-7062.04,1.A.4.a.4,Night Vision,LV,1.62,8,0.4199,0.8019,2.4481,N,N,07/2012,Analyst
53-7062.04,1.A.4.a.5,Peripheral Vision,IM,2.12,8,0.295,1.5467,2.7033,N,,07/2012,Analyst
53-7062.04,1.A.4.a.5,Peripheral Vision,LV,1.62,8,0.4199,0.8019,2.4481,N,N,07/2012,Analyst
53-7062.04,1.A.4.a.6,Depth Perception,IM,3.0,8,0.189,2.6296,3.3704,N,,07/2012,Analyst
53-7062.04,1.A.4.a.6,Depth Perception,LV,3.0,8,0.189,2.6296,3.3704,N,N,07/2012,Analyst
53-7062.04,1.A.4.a.7,Glare Sensitivity,IM,2.0,8,0.189,1.6296,2.3704,N,,07/2012,Analyst
53-7062.04,1.A.4.a.7,Glare Sensitivity,LV,1.75,8,0.3134,1.1358,2.3642,N,N,07/2012,Analyst
53-7062.04,1.A.4.b.1,Hearing Sensitivity,IM,2.38,8,0.2631,1.8594,2.8906,N,,07/2012,Analyst
53-7062.04,1.A.4.b.1,Hearing Sensitivity,LV,2.25,8,0.366,1.5327,2.9673,N,N,07/2012,Analyst
53-7062.04,1.A.4.b.2,Auditory Attention,IM,2.38,8,0.2631,1.8594,2.8906,N,,07/2012,Analyst
53-7062.04,1.A.4.b.2,Auditory Attention,LV,2.25,8,0.366,1.5327,2.9673,N,N,07/2012,Analyst
53-7062.04,1.A.4.b.3,Sound Localization,IM,1.75,8,0.1637,1.4292,2.0708,N,,07/2012,Analyst
53-7062.04,1.A.4.b.3,Sound Localization,LV,1.5,8,0.3273,0.8584,2.1416,N,N,07/2012,Analyst
53-7062.04,1.A.4.b.4,Speech Recognition,IM,2.88,8,0.125,2.63,3.12,N,,07/2012,Analyst
53-7062.04,1.A.4.b.4,Speech Recognition,LV,2.88,8,0.125,2.63,3.12,N,N,07/2012,Analyst
53-7062.04,1.A.4.b.5,Speech Clarity,IM,2.75,8,0.1637,2.4292,3.0708,N,,07/2012,Analyst
53-7062.04,1.A.4.b.5,Speech Clarity,LV,2.62,8,0.183,2.2664,2.9836,N,N,07/2012,Analyst
53-7063.00,1.A.1.a.1,Oral Comprehension,IM,3.0,8,0.0,3.0,3.0,N,,07/2016,Analyst
53-7063.00,1.A.1.a.1,Oral Comprehension,LV,3.0,8,0.0,3.0,3.0,N,N,07/2016,Analyst
53-7063.00,1.A.1.a.2,Written Comprehension,IM,2.62,8,0.183,2.2664,2.9836,N,,07/2016,Analyst
53-7063.00,1.A.1.a.2,Written Comprehension,LV,3.0,8,0.0,3.0,3.0,N,N,07/2016,Analyst
53-7063.00,1.A.1.a.3,Oral Expression,IM,3.12,8,0.125,2.88,3.37,N,,07/2016,Analyst
53-7063.00,1.A.1.a.3,Oral Expression,LV,3.0,8,0.0,3.0,3.0,N,N,07/2016,Analyst
53-7063.00,1.A.1.a.4,Written Expression,IM,2.75,8,0.1637,2.4292,3.0708,N,,07/2016,Analyst
53-7063.00,1.A.1.a.4,Written Expression,LV,2.75,8,0.1637,2.4292,3.0708,N,N,07/2016,Analyst
53-7063.00,1.A.1.b.1,Fluency of Ideas,IM,2.0,8,0.0,2.0,2.0,N,,07/2016,Analyst
53-7063.00,1.A.1.b.1,Fluency of Ideas,LV,1.88,8,0.125,1.63,2.12,N,N,07/2016,Analyst
53-7063.00,1.A.1.b.2,Originality,IM,2.0,8,0.0,2.0,2.0,N,,07/2016,Analyst
53-7063.00,1.A.1.b.2,Originality,LV,1.75,8,0.1637,1.4292,2.0708,N,N,07/2016,Analyst
53-7063.00,1.A.1.b.3,Problem Sensitivity,IM,3.0,8,0.189,2.6296,3.3704,N,,07/2016,Analyst
53-7063.00,1.A.1.b.3,Problem Sensitivity,LV,2.75,8,0.1637,2.4292,3.0708,N,N,07/2016,Analyst
53-7063.00,1.A.1.b.4,Deductive Reasoning,IM,2.62,8,0.183,2.2664,2.9836,N,,07/2016,Analyst
53-7063.00,1.A.1.b.4,Deductive Reasoning,LV,2.75,8,0.1637,2.4292,3.0708,N,N,07/2016,Analyst
53-7063.00,1.A.1.b.5,Inductive Reasoning,IM,2.62,8,0.183,2.2664,2.9836,N,,07/2016,Analyst
53-7063.00,1.A.1.b.5,Inductive Reasoning,LV,2.75,8,0.1637,2.4292,3.0708,N,N,07/2016,Analyst
53-7063.00,1.A.1.b.6,Information Ordering,IM,3.0,8,0.189,2.6296,3.3704,N,,07/2016,Analyst
53-7063.00,1.A.1.b.6,Information Ordering,LV,2.88,8,0.125,2.63,3.12,N,N,07/2016,Analyst
53-7063.00,1.A.1.b.7,Category Flexibility,IM,2.88,8,0.125,2.63,3.12,N,,07/2016,Analyst
53-7063.00,1.A.1.b.7,Category Flexibility,LV,2.88,8,0.125,2.63,3.12,N,N,07/2016,Analyst
53-7063.00,1.A.1.c.1,Mathematical Reasoning,IM,2.25,8,0.1637,1.9292,2.5708,N,,07/2016,Analyst
53-7063.00,1.A.1.c.1,Mathematical Reasoning,LV,1.75,8,0.25,1.26,2.24,N,N,07/2016,Analyst
53-7063.00,1.A.1.c.2,Number Facility,IM,2.25,8,0.1637,1.9292,2.5708,N,,07/2016,Analyst
53-7063.00,1.A.1.c.2,Number Facility,LV,2.0,8,0.189,1.6296,2.3704,N,N,07/2016,Analyst
53-7063.00,1.A.1.d.1,Memorization,IM,2.12,8,0.125,1.88,2.37,N,,07/2016,Analyst
53-7063.00,1.A.1.d.1,Memorization,LV,1.75,8,0.1637,1.4292,2.0708,N,N,07/2016,Analyst
53-7063.00,1.A.1.e.1,Speed of Closure,IM,2.0,8,0.0,2.0,2.0,N,,07/2016,Analyst
53-7063.00,1.A.1.e.1,Speed of Closure,LV,1.5,8,0.189,1.1296,1.8704,N,N,07/2016,Analyst
53-7063.00,1.A.1.e.2,Flexibility of Closure,IM,2.88,8,0.125,2.63,3.12,N,,07/2016,Analyst
53-7063.00,1.A.1.e.2,Flexibility of Closure,LV,2.88,8,0.125,2.63,3.12,N,N,07/2016,Analyst
53-7063.00,1.A.1.e.3,Perceptual Speed,IM,2.88,8,0.125,2.63,3.12,N,,07/2016,Analyst
53-7063.00,1.A.1.e.3,Perceptual Speed,LV,3.0,8,0.0,3.0,3.0,N,N,07/2016,Analyst
53-7063.00,1.A.1.f.1,Spatial Orientation,IM,1.38,8,0.183,1.0164,1.7336,N,,07/2016,Analyst
53-7063.00,1.A.1.f.1,Spatial Orientation,LV,0.5,8,0.2673,0.0,1.0238,N,N,07/2016,Analyst
53-7063.00,1.A.1.f.2,Visualization,IM,2.5,8,0.189,2.1296,2.8704,N,,07/2016,Analyst
53-7063.00,1.A.1.f.2,Visualization,LV,2.62,8,0.183,2.2664,2.9836,N,N,07/2016,Analyst
53-7063.00,1.A.1.g.1,Selective Attention,IM,2.88,8,0.125,2.63,3.12,N,,07/2016,Analyst
53-7063.00,1.A.1.g.1,Selective Attention,LV,2.88,8,0.2266,2.4309,3.3191,N,N,07/2016,Analyst
53-7063.00,1.A.1.g.2,Time Sharing,IM,2.62,8,0.183,2.2664,2.9836,N,,07/2016,Analyst
53-7063.00,1.A.1.g.2,Time Sharing,LV,2.5,8,0.189,2.1296,2.8704,N,N,07/2016,Analyst
53-7063.00,1.A.2.a.1,Arm-Hand Steadiness,IM,3.75,8,0.1637,3.4292,4.0708,N,,07/2016,Analyst
53-7063.00,1.A.2.a.1,Arm-Hand Steadiness,LV,3.25,8,0.1637,2.9292,3.5708,N,N,07/2016,Analyst
53-7063.00,1.A.2.a.2,Manual Dexterity,IM,3.0,8,0.0,3.0,3.0,N,,07/2016,Analyst
53-7063.00,1.A.2.a.2,Manual Dexterity,LV,3.0,8,0.0,3.0,3.0,N,N,07/2016,Analyst
53-7063.00,1.A.2.a.3,Finger Dexterity,IM,2.88,8,0.125,2.63,3.12,N,,07/2016,Analyst
53-7063.00,1.A.2.a.3,Finger Dexterity,LV,2.88,8,0.125,2.63,3.12,N,N,07/2016,Analyst
53-7063.00,1.A.2.b.1,Control Precision,IM,3.5,8,0.2673,2.9762,4.0238,N,,07/2016,Analyst
53-7063.00,1.A.2.b.1,Control Precision,LV,3.75,8,0.1637,3.4292,4.0708,N,N,07/2016,Analyst
53-7063.00,1.A.2.b.2,Multilimb Coordination,IM,2.88,8,0.3504,2.1883,3.5617,N,,07/2016,Analyst
53-7063.00,1.A.2.b.2,Multilimb Coordination,LV,2.75,8,0.4532,1.8618,3.6382,N,N,07/2016,Analyst
53-7063.00,1.A.2.b.3,Response Orientation,IM,2.12,8,0.295,1.5467,2.7033,N,,07/2016,Analyst
53-7063.00,1.A.2.b.3,Response Orientation,LV,2.0,8,0.4629,1.0927,2.9073,N,N,07/2016,Analyst
53-7063.00,1.A.2.b.4,Rate Control,IM,3.25,8,0.1637,2.9292,3.5708,N,,07/2016,Analyst
53-7063.00,1.A.2.b.4,Rate Control,LV,3.0,8,0.0,3.0,3.0,N,N,07/2016,Analyst
53-7063.00,1.A.2.c.1,Reaction Time,IM,3.25,8,0.1637,2.9292,3.5708,N,,07/2016,Analyst
53-7063.00,1.A.2.c.1,Reaction Time,LV,3.25,8,0.1637,2.9292,3.5708,N,N,07/2016,Analyst
53-7063.00,1.A.2.c.2,Wrist-Finger Speed,IM,2.75,8,0.1637,2.4292,3.0708,N,,07/2016,Analyst
53-7063.00,1.A.2.c.2,Wrist-Finger Speed,LV,2.25,8,0.25,1.76,2.74,N,N,07/2016,Analyst
53-7063.00,1.A.2.c.3,Speed of Limb Movement,IM,2.25,8,0.3134,1.6358,2.8642,N,,07/2016,Analyst
53-7063.00,1.A.2.c.3,Speed of Limb Movement,LV,1.62,8,0.375,0.89,2.36,N,N,07/2016,Analyst
53-7063.00,1.A.3.a.1,Static Strength,IM,3.0,8,0.189,2.6296,3.3704,N,,07/2016,Analyst
53-7063.00,1.A.3.a.1,Static Strength,LV,3.0,8,0.189,2.6296,3.3704,N,N,07/2016,Analyst
53-7063.00,1.A.3.a.2,Explosive Strength,IM,1.62,8,0.183,1.2664,1.9836,N,,07/2016,Analyst
53-7063.00,1.A.3.a.2,Explosive Strength,LV,1.12,8,0.3504,0.4383,1.8117,N,N,07/2016,Analyst
53-7063.00,1.A.3.a.3,Dynamic Strength,IM,2.38,8,0.183,2.0164,2.7336,N,,07/2016,Analyst
53-7063.00,1.A.3.a.3,Dynamic Strength,LV,2.12,8,0.125,1.88,2.37,N,N,07/2016,Analyst
53-7063.00,1.A.3.a.4,Trunk Strength,IM,2.88,8,0.125,2.63,3.12,N,,07/2016,Analyst
53-7063.00,1.A.3.a.4,Trunk Strength,LV,2.88,8,0.125,2.63,3.12,N,N,07/2016,Analyst
53-7063.00,1.A.3.b.1,Stamina,IM,2.25,8,0.1637,1.9292,2.5708,N,,07/2016,Analyst
53-7063.00,1.A.3.b.1,Stamina,LV,2.0,8,0.189,1.6296,2.3704,N,N,07/2016,Analyst
53-7063.00,1.A.3.c.1,Extent Flexibility,IM,2.5,8,0.189,2.1296,2.8704,N,,07/2016,Analyst
53-7063.00,1.A.3.c.1,Extent Flexibility,LV,2.75,8,0.1637,2.4292,3.0708,N,N,07/2016,Analyst
53-7063.00,1.A.3.c.2,Dynamic Flexibility,IM,1.25,8,0.1637,1.0,1.5708,N,,07/2016,Analyst
53-7063.00,1.A.3.c.2,Dynamic Flexibility,LV,0.38,8,0.2631,0.0,0.8906,N,Y,07/2016,Analyst
53-7063.00,1.A.3.c.3,Gross Body Coordination,IM,2.12,8,0.125,1.88,2.37,N,,07/2016,Analyst
53-7063.00,1.A.3.c.3,Gross Body Coordination,LV,2.12,8,0.125,1.88,2.37,N,N,07/2016,Analyst
53-7063.00,1.A.3.c.4,Gross Body Equilibrium,IM,2.0,8,0.0,2.0,2.0,N,,07/2016,Analyst
53-7063.00,1.A.3.c.4,Gross Body Equilibrium,LV,1.88,8,0.125,1.63,2.12,N,N,07/2016,Analyst
53-7063.00,1.A.4.a.1,Near Vision,IM,3.12,8,0.125,2.88,3.37,N,,07/2016,Analyst
53-7063.00,1.A.4.a.1,Near Vision,LV,3.12,8,0.125,2.88,3.37,N,N,07/2016,Analyst
53-7063.00,1.A.4.a.2,Far Vision,IM,2.75,8,0.1637,2.4292,3.0708,N,,07/2016,Analyst
53-7063.00,1.A.4.a.2,Far Vision,LV,2.75,8,0.1637,2.4292,3.0708,N,N,07/2016,Analyst
53-7063.00,1.A.4.a.3,Visual Color Discrimination,IM,2.5,8,0.189,2.1296,2.8704,N,,07/2016,Analyst
53-7063.00,1.A.4.a.3,Visual Color Discrimination,LV,2.12,8,0.125,1.88,2.37,N,N,07/2016,Analyst
53-7063.00,1.A.4.a.4,Night Vision,IM,1.38,8,0.183,1.0164,1.7336,N,,07/2016,Analyst
53-7063.00,1.A.4.a.4,Night Vision,LV,0.38,8,0.183,0.0164,0.7336,N,N,07/2016,Analyst
53-7063.00,1.A.4.a.5,Peripheral Vision,IM,1.38,8,0.183,1.0164,1.7336,N,,07/2016,Analyst
53-7063.00,1.A.4.a.5,Peripheral Vision,LV,0.38,8,0.183,0.0164,0.7336,N,N,07/2016,Analyst
53-7063.00,1.A.4.a.6,Depth Perception,IM,2.5,8,0.189,2.1296,2.8704,N,,07/2016,Analyst
53-7063.00,1.A.4.a.6,Depth Perception,LV,2.62,8,0.183,2.2664,2.9836,N,N,07/2016,Analyst
53-7063.00,1.A.4.a.7,Glare Sensitivity,IM,1.38,8,0.183,1.0164,1.7336,N,,07/2016,Analyst
53-7063.00,1.A.4.a.7,Glare Sensitivity,LV,0.38,8,0.183,0.0164,0.7336,N,N,07/2016,Analyst
53-7063.00,1.A.4.b.1,Hearing Sensitivity,IM,2.5,8,0.189,2.1296,2.8704,N,,07/2016,Analyst
53-7063.00,1.A.4.b.1,Hearing Sensitivity,LV,2.5,8,0.189,2.1296,2.8704,N,N,07/2016,Analyst
53-7063.00,1.A.4.b.2,Auditory Attention,IM,2.75,8,0.1637,2.4292,3.0708,N,,07/2016,Analyst
53-7063.00,1.A.4.b.2,Auditory Attention,LV,2.75,8,0.1637,2.4292,3.0708,N,N,07/2016,Analyst
53-7063.00,1.A.4.b.3,Sound Localization,IM,1.38,8,0.183,1.0164,1.7336,N,,07/2016,Analyst
53-7063.00,1.A.4.b.3,Sound Localization,LV,0.38,8,0.183,0.0164,0.7336,N,N,07/2016,Analyst
53-7063.00,1.A.4.b.4,Speech Recognition,IM,2.88,8,0.125,2.63,3.12,N,,07/2016,Analyst
53-7063.00,1.A.4.b.4,Speech Recognition,LV,2.75,8,0.1637,2.4292,3.0708,N,N,07/2016,Analyst
53-7063.00,1.A.4.b.5,Speech Clarity,IM,2.88,8,0.125,2.63,3.12,N,,07/2016,Analyst
53-7063.00,1.A.4.b.5,Speech Clarity,LV,2.75,8,0.1637,2.4292,3.0708,N,N,07/2016,Analyst
53-7064.00,1.A.1.a.1,Oral Comprehension,IM,3.0,8,0.0,3.0,3.0,N,,08/2020,Analyst
53-7064.00,1.A.1.a.1,Oral Comprehension,LV,3.0,8,0.0,3.0,3.0,N,N,08/2020,Analyst
53-7064.00,1.A.1.a.2,Written Comprehension,IM,2.12,8,0.125,1.88,2.37,N,,08/2020,Analyst
53-7064.00,1.A.1.a.2,Written Comprehension,LV,2.0,8,0.0,2.0,2.0,N,N,08/2020,Analyst
53-7064.00,1.A.1.a.3,Oral Expression,IM,2.88,8,0.125,2.63,3.12,N,,08/2020,Analyst
53-7064.00,1.A.1.a.3,Oral Expression,LV,2.88,8,0.125,2.63,3.12,N,N,08/2020,Analyst
53-7064.00,1.A.1.a.4,Written Expression,IM,2.0,8,0.0,2.0,2.0,N,,08/2020,Analyst
53-7064.00,1.A.1.a.4,Written Expression,LV,1.88,8,0.125,1.63,2.12,N,N,08/2020,Analyst
53-7064.00,1.A.1.b.1,Fluency of Ideas,IM,1.88,8,0.125,1.63,2.12,N,,08/2020,Analyst
53-7064.00,1.A.1.b.1,Fluency of Ideas,LV,0.88,8,0.125,0.63,1.12,N,N,08/2020,Analyst
53-7064.00,1.A.1.b.2,Originality,IM,1.62,8,0.183,1.2664,1.9836,N,,08/2020,Analyst
53-7064.00,1.A.1.b.2,Originality,LV,0.62,8,0.183,0.2664,0.9836,N,N,08/2020,Analyst
53-7064.00,1.A.1.b.3,Problem Sensitivity,IM,3.12,8,0.125,2.88,3.37,N,,08/2020,Analyst
53-7064.00,1.A.1.b.3,Problem Sensitivity,LV,2.5,8,0.189,2.1296,2.8704,N,N,08/2020,Analyst
53-7064.00,1.A.1.b.4,Deductive Reasoning,IM,2.62,8,0.183,2.2664,2.9836,N,,08/2020,Analyst
53-7064.00,1.A.1.b.4,Deductive Reasoning,LV,2.12,8,0.125,1.88,2.37,N,N,08/2020,Analyst
53-7064.00,1.A.1.b.5,Inductive Reasoning,IM,2.5,8,0.189,2.1296,2.8704,N,,08/2020,Analyst
53-7064.00,1.A.1.b.5,Inductive Reasoning,LV,2.0,8,0.0,2.0,2.0,N,N,08/2020,Analyst
53-7064.00,1.A.1.b.6,Information Ordering,IM,2.75,8,0.1637,2.4292,3.0708,N,,08/2020,Analyst
53-7064.00,1.A.1.b.6,Information Ordering,LV,2.12,8,0.125,1.88,2.37,N,N,08/2020,Analyst
53-7064.00,1.A.1.b.7,Category Flexibility,IM,2.38,8,0.183,2.0164,2.7336,N,,08/2020,Analyst
53-7064.00,1.A.1.b.7,Category Flexibility,LV,2.12,8,0.125,1.88,2.37,N,N,08/2020,Analyst
53-7064.00,1.A.1.c.1,Mathematical Reasoning,IM,2.0,8,0.0,2.0,2.0,N,,08/2020,Analyst
53-7064.00,1.A.1.c.1,Mathematical Reasoning,LV,1.12,8,0.125,0.88,1.37,N,N,08/2020,Analyst
53-7064.00,1.A.1.c.2,Number Facility,IM,2.0,8,0.0,2.0,2.0,N,,08/2020,Analyst
53-7064.00,1.A.1.c.2,Number Facility,LV,1.38,8,0.183,1.0164,1.7336,N,N,08/2020,Analyst
53-7064.00,1.A.1.d.1,Memorization,IM,2.0,8,0.0,2.0,2.0,N,,08/2020,Analyst
53-7064.00,1.A.1.d.1,Memorization,LV,1.25,8,0.1637,0.9292,1.5708,N,N,08/2020,Analyst
53-7064.00,1.A.1.e.1,Speed of Closure,IM,2.0,8,0.0,2.0,2.0,N,,08/2020,Analyst
53-7064.00,1.A.1.e.1,Speed of Closure,LV,1.5,8,0.189,1.1296,1.8704,N,N,08/2020,Analyst
53-7064.00,1.A.1.e.2,Flexibility of Closure,IM,2.12,8,0.125,1.88,2.37,N,,08/2020,Analyst
53-7064.00,1.A.1.e.2,Flexibility of Closure,LV,2.0,8,0.189,1.6296,2.3704,N,N,08/2020,Analyst
53-7064.00,1.A.1.e.3,Perceptual Speed,IM,2.38,8,0.183,2.0164,2.7336,N,,08/2020,Analyst
53-7064.00,1.A.1.e.3,Perceptual Speed,LV,2.12,8,0.125,1.88,2.37,N,N,08/2020,Analyst
53-7064.00,1.A.1.f.1,Spatial Orientation,IM,1.88,8,0.125,1.63,2.12,N,,08/2020,Analyst
53-7064.00,1.A.1.f.1,Spatial Orientation,LV,1.12,8,0.2266,0.6809,1.5691,N,N,08/2020,Analyst
53-7064.00,1.A.1.f.2,Visualization,IM,2.25,8,0.1637,1.9292,2.5708,N,,08/2020,Analyst
53-7064.00,1.A.1.f.2,Visualization,LV,1.88,8,0.125,1.63,2.12,N,N,08/2020,Analyst
53-7064.00,1.A.1.g.1,Selective Attention,IM,2.75,8,0.1637,2.4292,3.0708,N,,08/2020,Analyst
53-7064.00,1.A.1.g.1,Selective Attention,LV,2.12,8,0.125,1.88,2.37,N,N,08/2020,Analyst
53-7064.00,1.A.1.g.2,Time Sharing,IM,1.88,8,0.125,1.63,2.12,N,,08/2020,Analyst
53-7064.00,1.A.1.g.2,Time Sharing,LV,1.75,8,0.25,1.26,2.24,N,N,08/2020,Analyst
53-7064.00,1.A.2.a.1,Arm-Hand Steadiness,IM,2.75,8,0.1637,2.4292,3.0708,N,,08/2020,Analyst
53-7064.00,1.A.2.a.1,Arm-Hand Steadiness,LV,2.25,8,0.1637,1.9292,2.5708,N,N,08/2020,Analyst
53-7064.00,1.A.2.a.2,Manual Dexterity,IM,3.0,8,0.0,3.0,3.0,N,,08/2020,Analyst
53-7064.00,1.A.2.a.2,Manual Dexterity,LV,3.12,8,0.2266,2.6809,3.5691,N,N,08/2020,Analyst
53-7064.00,1.A.2.a.3,Finger Dexterity,IM,2.75,8,0.1637,2.4292,3.0708,N,,08/2020,Analyst
53-7064.00,1.A.2.a.3,Finger Dexterity,LV,2.62,8,0.183,2.2664,2.9836,N,N,08/2020,Analyst
53-7064.00,1.A.2.b.1,Control Precision,IM,2.38,8,0.183,2.0164,2.7336,N,,08/2020,Analyst
53-7064.00,1.A.2.b.1,Control Precision,LV,2.25,8,0.1637,1.9292,2.5708,N,N,08/2020,Analyst
53-7064.00,1.A.2.b.2,Multilimb Coordination,IM,3.0,8,0.0,3.0,3.0,N,,08/2020,Analyst
53-7064.00,1.A.2.b.2,Multilimb Coordination,LV,2.75,8,0.1637,2.4292,3.0708,N,N,08/2020,Analyst
53-7064.00,1.A.2.b.3,Response Orientation,IM,1.88,8,0.125,1.63,2.12,N,,08/2020,Analyst
53-7064.00,1.A.2.b.3,Response Orientation,LV,1.12,8,0.2266,0.6809,1.5691,N,N,08/2020,Analyst
53-7064.00,1.A.2.b.4,Rate Control,IM,2.12,8,0.125,1.88,2.37,N,,08/2020,Analyst
53-7064.00,1.A.2.b.4,Rate Control,LV,1.5,8,0.189,1.1296,1.8704,N,N,08/2020,Analyst
53-7064.00,1.A.2.c.1,Reaction Time,IM,2.0,8,0.0,2.0,2.0,N,,08/2020,Analyst
53-7064.00,1.A.2.c.1,Reaction Time,LV,1.88,8,0.125,1.63,2.12,N,N,08/2020,Analyst
53-7064.00,1.A.2.c.2,Wrist-Finger Speed,IM,2.12,8,0.125,1.88,2.37,N,,08/2020,Analyst
53-7064.00,1.A.2.c.2,Wrist-Finger Speed,LV,1.62,8,0.183,1.2664,1.9836,N,N,08/2020,Analyst
53-7064.00,1.A.2.c.3,Speed of Limb Movement,IM,2.0,8,0.0,2.0,2.0,N,,08/2020,Analyst
53-7064.00,1.A.2.c.3,Speed of Limb Movement,LV,2.0,8,0.0,2.0,2.0,N,N,08/2020,Analyst
53-7064.00,1.A.3.a.1,Static Strength,IM,3.0,8,0.189,2.6296,3.3704,N,,08/2020,Analyst
53-7064.00,1.A.3.a.1,Static Strength,LV,3.0,8,0.189,2.6296,3.3704,N,N,08/2020,Analyst
53-7064.00,1.A.3.a.2,Explosive Strength,IM,1.38,8,0.183,1.0164,1.7336,N,,08/2020,Analyst
53-7064.00,1.A.3.a.2,Explosive Strength,LV,0.38,8,0.183,0.0164,0.7336,N,N,08/2020,Analyst
53-7064.00,1.A.3.a.3,Dynamic Strength,IM,2.5,8,0.189,2.1296,2.8704,N,,08/2020,Analyst
53-7064.00,1.A.3.a.3,Dynamic Strength,LV,2.12,8,0.125,1.88,2.37,N,N,08/2020,Analyst
53-7064.00,1.A.3.a.4,Trunk Strength,IM,3.12,8,0.125,2.88,3.37,N,,08/2020,Analyst
53-7064.00,1.A.3.a.4,Trunk Strength,LV,3.12,8,0.125,2.88,3.37,N,N,08/2020,Analyst
53-7064.00,1.A.3.b.1,Stamina,IM,2.5,8,0.189,2.1296,2.8704,N,,08/2020,Analyst
53-7064.00,1.A.3.b.1,Stamina,LV,2.25,8,0.1637,1.9292,2.5708,N,N,08/2020,Analyst
53-7064.00,1.A.3.c.1,Extent Flexibility,IM,2.75,8,0.1637,2.4292,3.0708,N,,08/2020,Analyst
53-7064.00,1.A.3.c.1,Extent Flexibility,LV,2.88,8,0.125,2.63,3.12,N,N,08/2020,Analyst
53-7064.00,1.A.3.c.2,Dynamic Flexibility,IM,1.5,8,0.189,1.1296,1.8704,N,,08/2020,Analyst
53-7064.00,1.A.3.c.2,Dynamic Flexibility,LV,0.5,8,0.189,0.1296,0.8704,N,N,08/2020,Analyst
53-7064.00,1.A.3.c.3,Gross Body Coordination,IM,2.0,8,0.0,2.0,2.0,N,,08/2020,Analyst
53-7064.00,1.A.3.c.3,Gross Body Coordination,LV,2.0,8,0.0,2.0,2.0,N,N,08/2020,Analyst
53-7064.00,1.A.3.c.4,Gross Body Equilibrium,IM,1.88,8,0.125,1.63,2.12,N,,08/2020,Analyst
53-7064.00,1.A.3.c.4,Gross Body Equilibrium,LV,1.0,8,0.189,0.6296,1.3704,N,N,08/2020,Analyst
53-7064.00,1.A.4.a.1,Near Vision,IM,3.25,8,0.1637,2.9292,3.5708,N,,08/2020,Analyst
53-7064.00,1.A.4.a.1,Near Vision,LV,3.12,8,0.125,2.88,3.37,N,N,08/2020,Analyst
53-7064.00,1.A.4.a.2,Far Vision,IM,2.12,8,0.125,1.88,2.37,N,,08/2020,Analyst
53-7064.00,1.A.4.a.2,Far Vision,LV,2.0,8,0.189,1.6296,2.3704,N,N,08/2020,Analyst
53-7064.00,1.A.4.a.3,Visual Color Discrimination,IM,2.12,8,0.125,1.88,2.37,N,,08/2020,Analyst
53-7064.00,1.A.4.a.3,Visual Color Discrimination,LV,1.88,8,0.125,1.63,2.12,N,N,08/2020,Analyst
53-7064.00,1.A.4.a.4,Night Vision,IM,1.5,8,0.189,1.1296,1.8704,N,,08/2020,Analyst
53-7064.00,1.A.4.a.4,Night Vision,LV,0.5,8,0.189,0.1296,0.8704,N,N,08/2020,Analyst
53-7064.00,1.A.4.a.5,Peripheral Vision,IM,1.75,8,0.1637,1.4292,2.0708,N,,08/2020,Analyst
53-7064.00,1.A.4.a.5,Peripheral Vision,LV,0.88,8,0.2266,0.4309,1.3191,N,N,08/2020,Analyst
53-7064.00,1.A.4.a.6,Depth Perception,IM,2.5,8,0.189,2.1296,2.8704,N,,08/2020,Analyst
53-7064.00,1.A.4.a.6,Depth Perception,LV,2.0,8,0.0,2.0,2.0,N,N,08/2020,Analyst
53-7064.00,1.A.4.a.7,Glare Sensitivity,IM,1.5,8,0.189,1.1296,1.8704,N,,08/2020,Analyst
53-7064.00,1.A.4.a.7,Glare Sensitivity,LV,0.5,8,0.189,0.1296,0.8704,N,N,08/2020,Analyst
53-7064.00,1.A.4.b.1,Hearing Sensitivity,IM,1.88,8,0.125,1.63,2.12,N,,08/2020,Analyst
53-7064.00,1.A.4.b.1,Hearing Sensitivity,LV,1.25,8,0.25,0.76,1.74,N,N,08/2020,Analyst
53-7064.00,1.A.4.b.2,Auditory Attention,IM,2.12,8,0.125,1.88,2.37,N,,08/2020,Analyst
53-7064.00,1.A.4.b.2,Auditory Attention,LV,1.88,8,0.2266,1.4309,2.3191,N,N,08/2020,Analyst
53-7064.00,1.A.4.b.3,Sound Localization,IM,1.5,8,0.189,1.1296,1.8704,N,,08/2020,Analyst
53-7064.00,1.A.4.b.3,Sound Localization,LV,0.5,8,0.189,0.1296,0.8704,N,N,08/2020,Analyst
53-7064.00,1.A.4.b.4,Speech Recognition,IM,3.0,8,0.0,3.0,3.0,N,,08/2020,Analyst
53-7064.00,1.A.4.b.4,Speech Recognition,LV,2.12,8,0.125,1.88,2.37,N,N,08/2020,Analyst
53-7064.00,1.A.4.b.5,Speech Clarity,IM,2.62,8,0.183,2.2664,2.9836,N,,08/2020,Analyst
53-7064.00,1.A.4.b.5,Speech Clarity,LV,2.0,8,0.0,2.0,2.0,N,N,08/2020,Analyst
53-7065.00,1.A.1.a.1,Oral Comprehension,IM,3.38,8,0.2631,2.8594,3.8906,N,,08/2022,Analyst
53-7065.00,1.A.1.a.1,Oral Comprehension,LV,3.12,8,0.295,2.5467,3.7033,N,N,08/2022,Analyst
53-7065.00,1.A.1.a.2,Written Comprehension,IM,3.12,8,0.295,2.5467,3.7033,N,,08/2022,Analyst
53-7065.00,1.A.1.a.2,Written Comprehension,LV,2.88,8,0.3504,2.1883,3.5617,N,N,08/2022,Analyst
53-7065.00,1.A.1.a.3,Oral Expression,IM,3.12,8,0.125,2.88,3.37,N,,08/2022,Analyst
53-7065.00,1.A.1.a.3,Oral Expression,LV,3.12,8,0.295,2.5467,3.7033,N,N,08/2022,Analyst
53-7065.00,1.A.1.a.4,Written Expression,IM,2.5,8,0.189,2.1296,2.8704,N,,08/2022,Analyst
53-7065.00,1.A.1.a.4,Written Expression,LV,2.38,8,0.2631,1.8594,2.8906,N,N,08/2022,Analyst
53-7065.00,1.A.1.b.1,Fluency of Ideas,IM,2.5,8,0.189,2.1296,2.8704,N,,08/2022,Analyst
53-7065.00,1.A.1.b.1,Fluency of Ideas,LV,2.25,8,0.1637,1.9292,2.5708,N,N,08/2022,Analyst
53-7065.00,1.A.1.b.2,Originality,IM,2.25,8,0.1637,1.9292,2.5708,N,,08/2022,Analyst
53-7065.00,1.A.1.b.2,Originality,LV,2.12,8,0.2266,1.6809,2.5691,N,N,08/2022,Analyst
53-7065.00,1.A.1.b.3,Problem Sensitivity,IM,2.88,8,0.125,2.63,3.12,N,,08/2022,Analyst
53-7065.00,1.A.1.b.3,Problem Sensitivity,LV,2.88,8,0.295,2.2967,3.4533,N,N,08/2022,Analyst
53-7065.00,1.A.1.b.4,Deductive Reasoning,IM,2.62,8,0.183,2.2664,2.9836,N,,08/2022,Analyst
53-7065.00,1.A.1.b.4,Deductive Reasoning,LV,2.62,8,0.183,2.2664,2.9836,N,N,08/2022,Analyst
53-7065.00,1.A.1.b.5,Inductive Reasoning,IM,2.62,8,0.183,2.2664,2.9836,N,,08/2022,Analyst
53-7065.00,1.A.1.b.5,Inductive Reasoning,LV,2.5,8,0.2673,1.9762,3.0238,N,N,08/2022,Analyst
53-7065.00,1.A.1.b.6,Information Ordering,IM,3.0,8,0.189,2.6296,3.3704,N,,08/2022,Analyst
53-7065.00,1.A.1.b.6,Information Ordering,LV,2.75,8,0.1637,2.4292,3.0708,N,N,08/2022,Analyst
53-7065.00,1.A.1.b.7,Category Flexibility,IM,2.88,8,0.125,2.63,3.12,N,,08/2022,Analyst
53-7065.00,1.A.1.b.7,Category Flexibility,LV,2.88,8,0.125,2.63,3.12,N,N,08/2022,Analyst
53-7065.00,1.A.1.c.1,Mathematical Reasoning,IM,2.0,8,0.0,2.0,2.0,N,,08/2022,Analyst
53-7065.00,1.A.1.c.1,Mathematical Reasoning,LV,1.5,8,0.189,1.1296,1.8704,N,N,08/2022,Analyst
53-7065.00,1.A.1.c.2,Number Facility,IM,2.38,8,0.183,2.0164,2.7336,N,,08/2022,Analyst
53-7065.00,1.A.1.c.2,Number Facility,LV,2.0,8,0.2673,1.4762,2.5238,N,N,08/2022,Analyst
53-7065.00,1.A.1.d.1,Memorization,IM,2.38,8,0.183,2.0164,2.7336,N,,08/2022,Analyst
53-7065.00,1.A.1.d.1,Memorization,LV,2.0,8,0.189,1.6296,2.3704,N,N,08/2022,Analyst
53-7065.00,1.A.1.e.1,Speed of Closure,IM,2.38,8,0.183,2.0164,2.7336,N,,08/2022,Analyst
53-7065.00,1.A.1.e.1,Speed of Closure,LV,1.88,8,0.2266,1.4309,2.3191,N,N,08/2022,Analyst
53-7065.00,1.A.1.e.2,Flexibility of Closure,IM,2.25,8,0.1637,1.9292,2.5708,N,,08/2022,Analyst
53-7065.00,1.A.1.e.2,Flexibility of Closure,LV,2.25,8,0.3134,1.6358,2.8642,N,N,08/2022,Analyst
53-7065.00,1.A.1.e.3,Perceptual Speed,IM,2.62,8,0.183,2.2664,2.9836,N,,08/2022,Analyst
53-7065.00,1.A.1.e.3,Perceptual Speed,LV,2.62,8,0.183,2.2664,2.9836,N,N,08/2022,Analyst
53-7065.00,1.A.1.f.1,Spatial Orientation,IM,2.0,8,0.189,1.6296,2.3704,N,,08/2022,Analyst
53-7065.00,1.A.1.f.1,Spatial Orientation,LV,1.62,8,0.3239,0.9902,2.2598,N,N,08/2022,Analyst
53-7065.00,1.A.1.f.2,Visualization,IM,2.5,8,0.189,2.1296,2.8704,N,,08/2022,Analyst
53-7065.00,1.A.1.f.2,Visualization,LV,2.62,8,0.183,2.2664,2.9836,N,N,08/2022,Analyst
53-7065.00,1.A.1.g.1,Selective Attention,IM,3.0,8,0.2673,2.4762,3.5238,N,,08/2022,Analyst
53-7065.00,1.A.1.g.1,Selective Attention,LV,2.62,8,0.2631,2.1094,3.1406,N,N,08/2022,Analyst
53-7065.00,1.A.1.g.2,Time Sharing,IM,2.5,8,0.189,2.1296,2.8704,N,,08/2022,Analyst
53-7065.00,1.A.1.g.2,Time Sharing,LV,2.25,8,0.1637,1.9292,2.5708,N,N,08/2022,Analyst
53-7065.00,1.A.2.a.1,Arm-Hand Steadiness,IM,3.0,8,0.0,3.0,3.0,N,,08/2022,Analyst
53-7065.00,1.A.2.a.1,Arm-Hand Steadiness,LV,2.75,8,0.1637,2.4292,3.0708,N,N,08/2022,Analyst
53-7065.00,1.A.2.a.2,Manual Dexterity,IM,3.12,8,0.125,2.88,3.37,N,,08/2022,Analyst
53-7065.00,1.A.2.a.2,Manual Dexterity,LV,2.88,8,0.2266,2.4309,3.3191,N,N,08/2022,Analyst
53-7065.00,1.A.2.a.3,Finger Dexterity,IM,2.62,8,0.183,2.2664,2.9836,N,,08/2022,Analyst
53-7065.00,1.A.2.a.3,Finger Dexterity,LV,2.5,8,0.189,2.1296,2.8704,N,N,08/2022,Analyst
53-7065.00,1.A.2.b.1,Control Precision,IM,2.38,8,0.183,2.0164,2.7336,N,,08/2022,Analyst
53-7065.00,1.A.2.b.1,Control Precision,LV,2.62,8,0.2631,2.1094,3.1406,N,N,08/2022,Analyst
53-7065.00,1.A.2.b.2,Multilimb Coordination,IM,3.0,8,0.189,2.6296,3.3704,N,,08/2022,Analyst
53-7065.00,1.A.2.b.2,Multilimb Coordination,LV,3.0,8,0.2673,2.4762,3.5238,N,N,08/2022,Analyst
53-7065.00,1.A.2.b.3,Response Orientation,IM,2.12,8,0.125,1.88,2.37,N,,08/2022,Analyst
53-7065.00,1.A.2.b.3,Response Orientation,LV,1.75,8,0.25,1.26,2.24,N,N,08/2022,Analyst
53-7065.00,1.A.2.b.4,Rate Control,IM,2.12,8,0.125,1.88,2.37,N,,08/2022,Analyst
53-7065.00,1.A.2.b.4,Rate Control,LV,1.75,8,0.25,1.26,2.24,N,N,08/2022,Analyst
53-7065.00,1.A.2.c.1,Reaction Time,IM,1.88,8,0.125,1.63,2.12,N,,08/2022,Analyst
53-7065.00,1.A.2.c.1,Reaction Time,LV,1.5,8,0.2673,0.9762,2.0238,N,N,08/2022,Analyst
53-7065.00,1.A.2.c.2,Wrist-Finger Speed,IM,2.0,8,0.189,1.6296,2.3704,N,,08/2022,Analyst
53-7065.00,1.A.2.c.2,Wrist-Finger Speed,LV,1.5,8,0.2673,0.9762,2.0238,N,N,08/2022,Analyst
53-7065.00,1.A.2.c.3,Speed of Limb Movement,IM,1.25,8,0.1637,1.0,1.5708,N,,08/2022,Analyst
53-7065.00,1.A.2.c.3,Speed of Limb Movement,LV,0.38,8,0.2631,0.0,0.8906,N,Y,08/2022,Analyst
53-7065.00,1.A.3.a.1,Static Strength,IM,3.0,8,0.0,3.0,3.0,N,,08/2022,Analyst
53-7065.00,1.A.3.a.1,Static Strength,LV,2.88,8,0.295,2.2967,3.4533,N,N,08/2022,Analyst
53-7065.00,1.A.3.a.2,Explosive Strength,IM,2.25,8,0.25,1.76,2.74,N,,08/2022,Analyst
53-7065.00,1.A.3.a.2,Explosive Strength,LV,1.88,8,0.3504,1.1883,2.5617,N,N,08/2022,Analyst
53-7065.00,1.A.3.a.3,Dynamic Strength,IM,2.75,8,0.25,2.26,3.24,N,,08/2022,Analyst
53-7065.00,1.A.3.a.3,Dynamic Strength,LV,2.25,8,0.25,1.76,2.74,N,N,08/2022,Analyst
53-7065.00,1.A.3.a.4,Trunk Strength,IM,3.25,8,0.25,2.76,3.74,N,,08/2022,Analyst
53-7065.00,1.A.3.a.4,Trunk Strength,LV,2.88,8,0.2266,2.4309,3.3191,N,N,08/2022,Analyst
53-7065.00,1.A.3.b.1,Stamina,IM,2.62,8,0.183,2.2664,2.9836,N,,08/2022,Analyst
53-7065.00,1.A.3.b.1,Stamina,LV,2.25,8,0.3134,1.6358,2.8642,N,N,08/2022,Analyst
53-7065.00,1.A.3.c.1,Extent Flexibility,IM,3.12,8,0.2266,2.6809,3.5691,N,,08/2022,Analyst
53-7065.00,1.A.3.c.1,Extent Flexibility,LV,3.38,8,0.2631,2.8594,3.8906,N,N,08/2022,Analyst
53-7065.00,1.A.3.c.2,Dynamic Flexibility,IM,1.62,8,0.2631,1.1094,2.1406,N,,08/2022,Analyst
53-7065.00,1.A.3.c.2,Dynamic Flexibility,LV,0.88,8,0.3504,0.1883,1.5617,N,N,08/2022,Analyst
53-7065.00,1.A.3.c.3,Gross Body Coordination,IM,2.62,8,0.183,2.2664,2.9836,N,,08/2022,Analyst
53-7065.00,1.A.3.c.3,Gross Body Coordination,LV,2.25,8,0.1637,1.9292,2.5708,N,N,08/2022,Analyst
53-7065.00,1.A.3.c.4,Gross Body Equilibrium,IM,2.5,8,0.189,2.1296,2.8704,N,,08/2022,Analyst
53-7065.00,1.A.3.c.4,Gross Body Equilibrium,LV,2.38,8,0.2631,1.8594,2.8906,N,N,08/2022,Analyst
53-7065.00,1.A.4.a.1,Near Vision,IM,3.62,8,0.183,3.2664,3.9836,N,,08/2022,Analyst
53-7065.00,1.A.4.a.1,Near Vision,LV,3.25,8,0.1637,2.9292,3.5708,N,N,08/2022,Analyst
53-7065.00,1.A.4.a.2,Far Vision,IM,2.62,8,0.183,2.2664,2.9836,N,,08/2022,Analyst
53-7065.00,1.A.4.a.2,Far Vision,LV,3.0,8,0.189,2.6296,3.3704,N,N,08/2022,Analyst
53-7065.00,1.A.4.a.3,Visual Color Discrimination,IM,2.62,8,0.2631,2.1094,3.1406,N,,08/2022,Analyst
53-7065.00,1.A.4.a.3,Visual Color Discrimination,LV,2.25,8,0.25,1.76,2.74,N,N,08/2022,Analyst
53-7065.00,1.A.4.a.4,Night Vision,IM,1.62,8,0.183,1.2664,1.9836,N,,08/2022,Analyst
53-7065.00,1.A.4.a.4,Night Vision,LV,1.0,8,0.3273,0.3584,1.6416,N,N,08/2022,Analyst
53-7065.00,1.A.4.a.5,Peripheral Vision,IM,1.88,8,0.125,1.63,2.12,N,,08/2022,Analyst
53-7065.00,1.A.4.a.5,Peripheral Vision,LV,1.25,8,0.25,0.76,1.74,N,N,08/2022,Analyst
53-7065.00,1.A.4.a.6,Depth Perception,IM,2.62,8,0.183,2.2664,2.9836,N,,08/2022,Analyst
53-7065.00,1.A.4.a.6,Depth Perception,LV,2.38,8,0.2631,1.8594,2.8906,N,N,08/2022,Analyst
53-7065.00,1.A.4.a.7,Glare Sensitivity,IM,1.75,8,0.1637,1.4292,2.0708,N,,08/2022,Analyst
53-7065.00,1.A.4.a.7,Glare Sensitivity,LV,1.25,8,0.366,0.5327,1.9673,N,N,08/2022,Analyst
53-7065.00,1.A.4.b.1,Hearing Sensitivity,IM,2.12,8,0.125,1.88,2.37,N,,08/2022,Analyst
53-7065.00,1.A.4.b.1,Hearing Sensitivity,LV,1.88,8,0.2266,1.4309,2.3191,N,N,08/2022,Analyst
53-7065.00,1.A.4.b.2,Auditory Attention,IM,2.38,8,0.183,2.0164,2.7336,N,,08/2022,Analyst
53-7065.00,1.A.4.b.2,Auditory Attention,LV,2.25,8,0.25,1.76,2.74,N,N,08/2022,Analyst
53-7065.00,1.A.4.b.3,Sound Localization,IM,1.75,8,0.1637,1.4292,2.0708,N,,08/2022,Analyst
53-7065.00,1.A.4.b.3,Sound Localization,LV,1.25,8,0.3134,0.6358,1.8642,N,N,08/2022,Analyst
53-7065.00,1.A.4.b.4,Speech Recognition,IM,3.0,8,0.0,3.0,3.0,N,,08/2022,Analyst
53-7065.00,1.A.4.b.4,Speech Recognition,LV,2.88,8,0.125,2.63,3.12,N,N,08/2022,Analyst
53-7065.00,1.A.4.b.5,Speech Clarity,IM,3.12,8,0.125,2.88,3.37,N,,08/2022,Analyst
53-7065.00,1.A.4.b.5,Speech Clarity,LV,2.75,8,0.1637,2.4292,3.0708,N,N,08/2022,Analyst
53-7071.00,1.A.1.a.1,Oral Comprehension,IM,3.12,8,0.125,2.88,3.37,N,,07/2017,Analyst
53-7071.00,1.A.1.a.1,Oral Comprehension,LV,3.12,8,0.125,2.88,3.37,N,N,07/2017,Analyst
53-7071.00,1.A.1.a.2,Written Comprehension,IM,3.12,8,0.125,2.88,3.37,N,,07/2017,Analyst
53-7071.00,1.A.1.a.2,Written Comprehension,LV,2.88,8,0.125,2.63,3.12,N,N,07/2017,Analyst
53-7071.00,1.A.1.a.3,Oral Expression,IM,3.12,8,0.125,2.88,3.37,N,,07/2017,Analyst
53-7071.00,1.A.1.a.3,Oral Expression,LV,3.0,8,0.0,3.0,3.0,N,N,07/2017,Analyst
53-7071.00,1.A.1.a.4,Written Expression,IM,3.0,8,0.0,3.0,3.0,N,,07/2017,Analyst
53-7071.00,1.A.1.a.4,Written Expression,LV,2.88,8,0.125,2.63,3.12,N,N,07/2017,Analyst
53-7071.00,1.A.1.b.1,Fluency of Ideas,IM,2.75,8,0.1637,2.4292,3.0708,N,,07/2017,Analyst
53-7071.00,1.A.1.b.1,Fluency of Ideas,LV,2.25,8,0.1637,1.9292,2.5708,N,N,07/2017,Analyst
53-7071.00,1.A.1.b.2,Originality,IM,2.5,8,0.189,2.1296,2.8704,N,,07/2017,Analyst
53-7071.00,1.A.1.b.2,Originality,LV,2.12,8,0.125,1.88,2.37,N,N,07/2017,Analyst
53-7071.00,1.A.1.b.3,Problem Sensitivity,IM,3.75,8,0.1637,3.4292,4.0708,N,,07/2017,Analyst
53-7071.00,1.A.1.b.3,Problem Sensitivity,LV,3.25,8,0.25,2.76,3.74,N,N,07/2017,Analyst
53-7071.00,1.A.1.b.4,Deductive Reasoning,IM,3.12,8,0.125,2.88,3.37,N,,07/2017,Analyst
53-7071.00,1.A.1.b.4,Deductive Reasoning,LV,3.25,8,0.1637,2.9292,3.5708,N,N,07/2017,Analyst
53-7071.00,1.A.1.b.5,Inductive Reasoning,IM,3.12,8,0.125,2.88,3.37,N,,07/2017,Analyst
53-7071.00,1.A.1.b.5,Inductive Reasoning,LV,3.12,8,0.125,2.88,3.37,N,N,07/2017,Analyst
53-7071.00,1.A.1.b.6,Information Ordering,IM,3.25,8,0.1637,2.9292,3.5708,N,,07/2017,Analyst
53-7071.00,1.A.1.b.6,Information Ordering,LV,3.0,8,0.0,3.0,3.0,N,N,07/2017,Analyst
53-7071.00,1.A.1.b.7,Category Flexibility,IM,3.0,8,0.0,3.0,3.0,N,,07/2017,Analyst
53-7071.00,1.A.1.b.7,Category Flexibility,LV,3.0,8,0.0,3.0,3.0,N,N,07/2017,Analyst
53-7071.00,1.A.1.c.1,Mathematical Reasoning,IM,2.12,8,0.125,1.88,2.37,N,,07/2017,Analyst
53-7071.00,1.A.1.c.1,Mathematical Reasoning,LV,2.12,8,0.125,1.88,2.37,N,N,07/2017,Analyst
53-7071.00,1.A.1.c.2,Number Facility,IM,2.25,8,0.1637,1.9292,2.5708,N,,07/2017,Analyst
53-7071.00,1.A.1.c.2,Number Facility,LV,2.12,8,0.125,1.88,2.37,N,N,07/2017,Analyst
53-7071.00,1.A.1.d.1,Memorization,IM,2.25,8,0.1637,1.9292,2.5708,N,,07/2017,Analyst
53-7071.00,1.A.1.d.1,Memorization,LV,2.12,8,0.125,1.88,2.37,N,N,07/2017,Analyst
53-7071.00,1.A.1.e.1,Speed of Closure,IM,2.88,8,0.125,2.63,3.12,N,,07/2017,Analyst
53-7071.00,1.A.1.e.1,Speed of Closure,LV,2.75,8,0.1637,2.4292,3.0708,N,N,07/2017,Analyst
53-7071.00,1.A.1.e.2,Flexibility of Closure,IM,3.12,8,0.2266,2.6809,3.5691,N,,07/2017,Analyst
53-7071.00,1.A.1.e.2,Flexibility of Closure,LV,3.0,8,0.189,2.6296,3.3704,N,N,07/2017,Analyst
53-7071.00,1.A.1.e.3,Perceptual Speed,IM,3.38,8,0.183,3.0164,3.7336,N,,07/2017,Analyst
53-7071.00,1.A.1.e.3,Perceptual Speed,LV,3.5,8,0.189,3.1296,3.8704,N,N,07/2017,Analyst
53-7071.00,1.A.1.f.1,Spatial Orientation,IM,2.0,8,0.0,2.0,2.0,N,,07/2017,Analyst
53-7071.00,1.A.1.f.1,Spatial Orientation,LV,1.88,8,0.125,1.63,2.12,N,N,07/2017,Analyst
53-7071.00,1.A.1.f.2,Visualization,IM,2.75,8,0.1637,2.4292,3.0708,N,,07/2017,Analyst
53-7071.00,1.A.1.f.2,Visualization,LV,2.75,8,0.1637,2.4292,3.0708,N,N,07/2017,Analyst
53-7071.00,1.A.1.g.1,Selective Attention,IM,3.12,8,0.125,2.88,3.37,N,,07/2017,Analyst
53-7071.00,1.A.1.g.1,Selective Attention,LV,3.0,8,0.0,3.0,3.0,N,N,07/2017,Analyst
53-7071.00,1.A.1.g.2,Time Sharing,IM,3.0,8,0.0,3.0,3.0,N,,07/2017,Analyst
53-7071.00,1.A.1.g.2,Time Sharing,LV,2.75,8,0.1637,2.4292,3.0708,N,N,07/2017,Analyst
53-7071.00,1.A.2.a.1,Arm-Hand Steadiness,IM,3.88,8,0.125,3.63,4.12,N,,07/2017,Analyst
53-7071.00,1.A.2.a.1,Arm-Hand Steadiness,LV,3.12,8,0.125,2.88,3.37,N,N,07/2017,Analyst
53-7071.00,1.A.2.a.2,Manual Dexterity,IM,3.88,8,0.125,3.63,4.12,N,,07/2017,Analyst
53-7071.00,1.A.2.a.2,Manual Dexterity,LV,3.12,8,0.125,2.88,3.37,N,N,07/2017,Analyst
53-7071.00,1.A.2.a.3,Finger Dexterity,IM,3.88,8,0.125,3.63,4.12,N,,07/2017,Analyst
53-7071.00,1.A.2.a.3,Finger Dexterity,LV,3.12,8,0.125,2.88,3.37,N,N,07/2017,Analyst
53-7071.00,1.A.2.b.1,Control Precision,IM,3.5,8,0.189,3.1296,3.8704,N,,07/2017,Analyst
53-7071.00,1.A.2.b.1,Control Precision,LV,3.12,8,0.125,2.88,3.37,N,N,07/2017,Analyst
53-7071.00,1.A.2.b.2,Multilimb Coordination,IM,3.62,8,0.183,3.2664,3.9836,N,,07/2017,Analyst
53-7071.00,1.A.2.b.2,Multilimb Coordination,LV,3.12,8,0.125,2.88,3.37,N,N,07/2017,Analyst
53-7071.00,1.A.2.b.3,Response Orientation,IM,2.75,8,0.25,2.26,3.24,N,,07/2017,Analyst
53-7071.00,1.A.2.b.3,Response Orientation,LV,2.88,8,0.2266,2.4309,3.3191,N,N,07/2017,Analyst
53-7071.00,1.A.2.b.4,Rate Control,IM,3.0,8,0.0,3.0,3.0,N,,07/2017,Analyst
53-7071.00,1.A.2.b.4,Rate Control,LV,3.12,8,0.125,2.88,3.37,N,N,07/2017,Analyst
53-7071.00,1.A.2.c.1,Reaction Time,IM,3.25,8,0.1637,2.9292,3.5708,N,,07/2017,Analyst
53-7071.00,1.A.2.c.1,Reaction Time,LV,3.25,8,0.1637,2.9292,3.5708,N,N,07/2017,Analyst
53-7071.00,1.A.2.c.2,Wrist-Finger Speed,IM,2.0,8,0.0,2.0,2.0,N,,07/2017,Analyst
53-7071.00,1.A.2.c.2,Wrist-Finger Speed,LV,2.0,8,0.0,2.0,2.0,N,N,07/2017,Analyst
53-7071.00,1.A.2.c.3,Speed of Limb Movement,IM,1.75,8,0.1637,1.4292,2.0708,N,,07/2017,Analyst
53-7071.00,1.A.2.c.3,Speed of Limb Movement,LV,1.62,8,0.375,0.89,2.36,N,N,07/2017,Analyst
53-7071.00,1.A.3.a.1,Static Strength,IM,2.25,8,0.1637,1.9292,2.5708,N,,07/2017,Analyst
53-7071.00,1.A.3.a.1,Static Strength,LV,2.38,8,0.183,2.0164,2.7336,N,N,07/2017,Analyst
53-7071.00,1.A.3.a.2,Explosive Strength,IM,1.75,8,0.25,1.26,2.24,N,,07/2017,Analyst
53-7071.00,1.A.3.a.2,Explosive Strength,LV,1.12,8,0.3981,0.3447,1.9053,N,N,07/2017,Analyst
53-7071.00,1.A.3.a.3,Dynamic Strength,IM,2.0,8,0.0,2.0,2.0,N,,07/2017,Analyst
53-7071.00,1.A.3.a.3,Dynamic Strength,LV,1.88,8,0.125,1.63,2.12,N,N,07/2017,Analyst
53-7071.00,1.A.3.a.4,Trunk Strength,IM,2.88,8,0.125,2.63,3.12,N,,07/2017,Analyst
53-7071.00,1.A.3.a.4,Trunk Strength,LV,2.88,8,0.125,2.63,3.12,N,N,07/2017,Analyst
53-7071.00,1.A.3.b.1,Stamina,IM,2.0,8,0.0,2.0,2.0,N,,07/2017,Analyst
53-7071.00,1.A.3.b.1,Stamina,LV,1.88,8,0.125,1.63,2.12,N,N,07/2017,Analyst
53-7071.00,1.A.3.c.1,Extent Flexibility,IM,2.38,8,0.183,2.0164,2.7336,N,,07/2017,Analyst
53-7071.00,1.A.3.c.1,Extent Flexibility,LV,2.25,8,0.1637,1.9292,2.5708,N,N,07/2017,Analyst
53-7071.00,1.A.3.c.2,Dynamic Flexibility,IM,1.0,8,0.0,1.0,1.0,N,,07/2017,Analyst
53-7071.00,1.A.3.c.2,Dynamic Flexibility,LV,0.0,8,0.0,0.0,0.0,N,Y,07/2017,Analyst
53-7071.00,1.A.3.c.3,Gross Body Coordination,IM,2.0,8,0.0,2.0,2.0,N,,07/2017,Analyst
53-7071.00,1.A.3.c.3,Gross Body Coordination,LV,2.0,8,0.0,2.0,2.0,N,N,07/2017,Analyst
53-7071.00,1.A.3.c.4,Gross Body Equilibrium,IM,2.12,8,0.125,1.88,2.37,N,,07/2017,Analyst
53-7071.00,1.A.3.c.4,Gross Body Equilibrium,LV,2.0,8,0.0,2.0,2.0,N,N,07/2017,Analyst
53-7071.00,1.A.4.a.1,Near Vision,IM,3.62,8,0.183,3.2664,3.9836,N,,07/2017,Analyst
53-7071.00,1.A.4.a.1,Near Vision,LV,3.25,8,0.1637,2.9292,3.5708,N,N,07/2017,Analyst
53-7071.00,1.A.4.a.2,Far Vision,IM,3.12,8,0.125,2.88,3.37,N,,07/2017,Analyst
53-7071.00,1.A.4.a.2,Far Vision,LV,3.12,8,0.125,2.88,3.37,N,N,07/2017,Analyst
53-7071.00,1.A.4.a.3,Visual Color Discrimination,IM,2.88,8,0.125,2.63,3.12,N,,07/2017,Analyst
53-7071.00,1.A.4.a.3,Visual Color Discrimination,LV,2.38,8,0.183,2.0164,2.7336,N,N,07/2017,Analyst
53-7071.00,1.A.4.a.4,Night Vision,IM,2.0,8,0.0,2.0,2.0,N,,07/2017,Analyst
53-7071.00,1.A.4.a.4,Night Vision,LV,1.25,8,0.1637,0.9292,1.5708,N,N,07/2017,Analyst
53-7071.00,1.A.4.a.5,Peripheral Vision,IM,2.0,8,0.0,2.0,2.0,N,,07/2017,Analyst
53-7071.00,1.A.4.a.5,Peripheral Vision,LV,1.38,8,0.183,1.0164,1.7336,N,N,07/2017,Analyst
53-7071.00,1.A.4.a.6,Depth Perception,IM,2.62,8,0.183,2.2664,2.9836,N,,07/2017,Analyst
53-7071.00,1.A.4.a.6,Depth Perception,LV,2.62,8,0.183,2.2664,2.9836,N,N,07/2017,Analyst
53-7071.00,1.A.4.a.7,Glare Sensitivity,IM,2.0,8,0.0,2.0,2.0,N,,07/2017,Analyst
53-7071.00,1.A.4.a.7,Glare Sensitivity,LV,2.0,8,0.0,2.0,2.0,N,N,07/2017,Analyst
53-7071.00,1.A.4.b.1,Hearing Sensitivity,IM,2.88,8,0.125,2.63,3.12,N,,07/2017,Analyst
53-7071.00,1.A.4.b.1,Hearing Sensitivity,LV,2.75,8,0.1637,2.4292,3.0708,N,N,07/2017,Analyst
53-7071.00,1.A.4.b.2,Auditory Attention,IM,3.0,8,0.0,3.0,3.0,N,,07/2017,Analyst
53-7071.00,1.A.4.b.2,Auditory Attention,LV,3.0,8,0.0,3.0,3.0,N,N,07/2017,Analyst
53-7071.00,1.A.4.b.3,Sound Localization,IM,2.0,8,0.0,2.0,2.0,N,,07/2017,Analyst
53-7071.00,1.A.4.b.3,Sound Localization,LV,1.5,8,0.189,1.1296,1.8704,N,N,07/2017,Analyst
53-7071.00,1.A.4.b.4,Speech Recognition,IM,2.88,8,0.2266,2.4309,3.3191,N,,07/2017,Analyst
53-7071.00,1.A.4.b.4,Speech Recognition,LV,2.75,8,0.1637,2.4292,3.0708,N,N,07/2017,Analyst
53-7071.00,1.A.4.b.5,Speech Clarity,IM,3.0,8,0.0,3.0,3.0,N,,07/2017,Analyst
53-7071.00,1.A.4.b.5,Speech Clarity,LV,2.88,8,0.125,2.63,3.12,N,N,07/2017,Analyst
53-7072.00,1.A.1.a.1,Oral Comprehension,IM,3.75,8,0.1637,3.4292,4.0708,N,,08/2021,Analyst
53-7072.00,1.A.1.a.1,Oral Comprehension,LV,3.62,8,0.183,3.2664,3.9836,N,N,08/2021,Analyst
53-7072.00,1.A.1.a.2,Written Comprehension,IM,3.12,8,0.125,2.88,3.37,N,,08/2021,Analyst
53-7072.00,1.A.1.a.2,Written Comprehension,LV,3.0,8,0.0,3.0,3.0,N,N,08/2021,Analyst
53-7072.00,1.A.1.a.3,Oral Expression,IM,3.62,8,0.183,3.2664,3.9836,N,,08/2021,Analyst
53-7072.00,1.A.1.a.3,Oral Expression,LV,3.25,8,0.1637,2.9292,3.5708,N,N,08/2021,Analyst
53-7072.00,1.A.1.a.4,Written Expression,IM,3.25,8,0.1637,2.9292,3.5708,N,,08/2021,Analyst
53-7072.00,1.A.1.a.4,Written Expression,LV,2.88,8,0.125,2.63,3.12,N,N,08/2021,Analyst
53-7072.00,1.A.1.b.1,Fluency of Ideas,IM,2.38,8,0.183,2.0164,2.7336,N,,08/2021,Analyst
53-7072.00,1.A.1.b.1,Fluency of Ideas,LV,2.12,8,0.125,1.88,2.37,N,N,08/2021,Analyst
53-7072.00,1.A.1.b.2,Originality,IM,2.12,8,0.125,1.88,2.37,N,,08/2021,Analyst
53-7072.00,1.A.1.b.2,Originality,LV,2.0,8,0.0,2.0,2.0,N,N,08/2021,Analyst
53-7072.00,1.A.1.b.3,Problem Sensitivity,IM,3.75,8,0.1637,3.4292,4.0708,N,,08/2021,Analyst
53-7072.00,1.A.1.b.3,Problem Sensitivity,LV,3.25,8,0.1637,2.9292,3.5708,N,N,08/2021,Analyst
53-7072.00,1.A.1.b.4,Deductive Reasoning,IM,3.12,8,0.125,2.88,3.37,N,,08/2021,Analyst
53-7072.00,1.A.1.b.4,Deductive Reasoning,LV,3.0,8,0.0,3.0,3.0,N,N,08/2021,Analyst
53-7072.00,1.A.1.b.5,Inductive Reasoning,IM,3.0,8,0.0,3.0,3.0,N,,08/2021,Analyst
53-7072.00,1.A.1.b.5,Inductive Reasoning,LV,3.0,8,0.0,3.0,3.0,N,N,08/2021,Analyst
53-7072.00,1.A.1.b.6,Information Ordering,IM,3.25,8,0.1637,2.9292,3.5708,N,,08/2021,Analyst
53-7072.00,1.A.1.b.6,Information Ordering,LV,3.12,8,0.125,2.88,3.37,N,N,08/2021,Analyst
53-7072.00,1.A.1.b.7,Category Flexibility,IM,3.0,8,0.0,3.0,3.0,N,,08/2021,Analyst
53-7072.00,1.A.1.b.7,Category Flexibility,LV,3.12,8,0.125,2.88,3.37,N,N,08/2021,Analyst
53-7072.00,1.A.1.c.1,Mathematical Reasoning,IM,2.88,8,0.125,2.63,3.12,N,,08/2021,Analyst
53-7072.00,1.A.1.c.1,Mathematical Reasoning,LV,2.75,8,0.1637,2.4292,3.0708,N,N,08/2021,Analyst
53-7072.00,1.A.1.c.2,Number Facility,IM,2.88,8,0.125,2.63,3.12,N,,08/2021,Analyst
53-7072.00,1.A.1.c.2,Number Facility,LV,2.75,8,0.1637,2.4292,3.0708,N,N,08/2021,Analyst
53-7072.00,1.A.1.d.1,Memorization,IM,2.12,8,0.125,1.88,2.37,N,,08/2021,Analyst
53-7072.00,1.A.1.d.1,Memorization,LV,2.12,8,0.125,1.88,2.37,N,N,08/2021,Analyst
53-7072.00,1.A.1.e.1,Speed of Closure,IM,2.62,8,0.183,2.2664,2.9836,N,,08/2021,Analyst
53-7072.00,1.A.1.e.1,Speed of Closure,LV,2.75,8,0.1637,2.4292,3.0708,N,N,08/2021,Analyst
53-7072.00,1.A.1.e.2,Flexibility of Closure,IM,3.12,8,0.125,2.88,3.37,N,,08/2021,Analyst
53-7072.00,1.A.1.e.2,Flexibility of Closure,LV,3.0,8,0.0,3.0,3.0,N,N,08/2021,Analyst
53-7072.00,1.A.1.e.3,Perceptual Speed,IM,3.75,8,0.1637,3.4292,4.0708,N,,08/2021,Analyst
53-7072.00,1.A.1.e.3,Perceptual Speed,LV,3.75,8,0.1637,3.4292,4.0708,N,N,08/2021,Analyst
53-7072.00,1.A.1.f.1,Spatial Orientation,IM,2.12,8,0.125,1.88,2.37,N,,08/2021,Analyst
53-7072.00,1.A.1.f.1,Spatial Orientation,LV,2.12,8,0.125,1.88,2.37,N,N,08/2021,Analyst
53-7072.00,1.A.1.f.2,Visualization,IM,3.0,8,0.0,3.0,3.0,N,,08/2021,Analyst
53-7072.00,1.A.1.f.2,Visualization,LV,3.25,8,0.1637,2.9292,3.5708,N,N,08/2021,Analyst
53-7072.00,1.A.1.g.1,Selective Attention,IM,3.12,8,0.125,2.88,3.37,N,,08/2021,Analyst
53-7072.00,1.A.1.g.1,Selective Attention,LV,3.25,8,0.1637,2.9292,3.5708,N,N,08/2021,Analyst
53-7072.00,1.A.1.g.2,Time Sharing,IM,2.38,8,0.183,2.0164,2.7336,N,,08/2021,Analyst
53-7072.00,1.A.1.g.2,Time Sharing,LV,2.75,8,0.1637,2.4292,3.0708,N,N,08/2021,Analyst
53-7072.00,1.A.2.a.1,Arm-Hand Steadiness,IM,3.12,8,0.125,2.88,3.37,N,,08/2021,Analyst
53-7072.00,1.A.2.a.1,Arm-Hand Steadiness,LV,3.12,8,0.125,2.88,3.37,N,N,08/2021,Analyst
53-7072.00,1.A.2.a.2,Manual Dexterity,IM,3.12,8,0.125,2.88,3.37,N,,08/2021,Analyst
53-7072.00,1.A.2.a.2,Manual Dexterity,LV,3.12,8,0.125,2.88,3.37,N,N,08/2021,Analyst
53-7072.00,1.A.2.a.3,Finger Dexterity,IM,3.0,8,0.0,3.0,3.0,N,,08/2021,Analyst
53-7072.00,1.A.2.a.3,Finger Dexterity,LV,3.12,8,0.125,2.88,3.37,N,N,08/2021,Analyst
53-7072.00,1.A.2.b.1,Control Precision,IM,3.38,8,0.183,3.0164,3.7336,N,,08/2021,Analyst
53-7072.00,1.A.2.b.1,Control Precision,LV,3.25,8,0.1637,2.9292,3.5708,N,N,08/2021,Analyst
53-7072.00,1.A.2.b.2,Multilimb Coordination,IM,3.12,8,0.125,2.88,3.37,N,,08/2021,Analyst
53-7072.00,1.A.2.b.2,Multilimb Coordination,LV,3.12,8,0.125,2.88,3.37,N,N,08/2021,Analyst
53-7072.00,1.A.2.b.3,Response Orientation,IM,2.62,8,0.183,2.2664,2.9836,N,,08/2021,Analyst
53-7072.00,1.A.2.b.3,Response Orientation,LV,2.75,8,0.1637,2.4292,3.0708,N,N,08/2021,Analyst
53-7072.00,1.A.2.b.4,Rate Control,IM,3.0,8,0.189,2.6296,3.3704,N,,08/2021,Analyst
53-7072.00,1.A.2.b.4,Rate Control,LV,2.88,8,0.125,2.63,3.12,N,N,08/2021,Analyst
53-7072.00,1.A.2.c.1,Reaction Time,IM,3.0,8,0.0,3.0,3.0,N,,08/2021,Analyst
53-7072.00,1.A.2.c.1,Reaction Time,LV,3.12,8,0.125,2.88,3.37,N,N,08/2021,Analyst
53-7072.00,1.A.2.c.2,Wrist-Finger Speed,IM,2.62,8,0.183,2.2664,2.9836,N,,08/2021,Analyst
53-7072.00,1.A.2.c.2,Wrist-Finger Speed,LV,2.12,8,0.125,1.88,2.37,N,N,08/2021,Analyst
53-7072.00,1.A.2.c.3,Speed of Limb Movement,IM,2.38,8,0.2631,1.8594,2.8906,N,,08/2021,Analyst
53-7072.00,1.A.2.c.3,Speed of Limb Movement,LV,1.88,8,0.295,1.2967,2.4533,N,N,08/2021,Analyst
53-7072.00,1.A.3.a.1,Static Strength,IM,3.0,8,0.0,3.0,3.0,N,,08/2021,Analyst
53-7072.00,1.A.3.a.1,Static Strength,LV,3.0,8,0.0,3.0,3.0,N,N,08/2021,Analyst
53-7072.00,1.A.3.a.2,Explosive Strength,IM,1.38,8,0.183,1.0164,1.7336,N,,08/2021,Analyst
53-7072.00,1.A.3.a.2,Explosive Strength,LV,0.75,8,0.366,0.0327,1.4673,N,N,08/2021,Analyst
53-7072.00,1.A.3.a.3,Dynamic Strength,IM,2.88,8,0.125,2.63,3.12,N,,08/2021,Analyst
53-7072.00,1.A.3.a.3,Dynamic Strength,LV,2.25,8,0.1637,1.9292,2.5708,N,N,08/2021,Analyst
53-7072.00,1.A.3.a.4,Trunk Strength,IM,3.0,8,0.0,3.0,3.0,N,,08/2021,Analyst
53-7072.00,1.A.3.a.4,Trunk Strength,LV,2.88,8,0.125,2.63,3.12,N,N,08/2021,Analyst
53-7072.00,1.A.3.b.1,Stamina,IM,2.62,8,0.183,2.2664,2.9836,N,,08/2021,Analyst
53-7072.00,1.A.3.b.1,Stamina,LV,2.25,8,0.1637,1.9292,2.5708,N,N,08/2021,Analyst
53-7072.00,1.A.3.c.1,Extent Flexibility,IM,3.0,8,0.0,3.0,3.0,N,,08/2021,Analyst
53-7072.00,1.A.3.c.1,Extent Flexibility,LV,3.12,8,0.125,2.88,3.37,N,N,08/2021,Analyst
53-7072.00,1.A.3.c.2,Dynamic Flexibility,IM,1.0,8,0.0,1.0,1.0,N,,08/2021,Analyst
53-7072.00,1.A.3.c.2,Dynamic Flexibility,LV,0.0,8,0.0,0.0,0.0,N,Y,08/2021,Analyst
53-7072.00,1.A.3.c.3,Gross Body Coordination,IM,2.62,8,0.183,2.2664,2.9836,N,,08/2021,Analyst
53-7072.00,1.A.3.c.3,Gross Body Coordination,LV,2.12,8,0.125,1.88,2.37,N,N,08/2021,Analyst
53-7072.00,1.A.3.c.4,Gross Body Equilibrium,IM,2.75,8,0.1637,2.4292,3.0708,N,,08/2021,Analyst
53-7072.00,1.A.3.c.4,Gross Body Equilibrium,LV,2.12,8,0.125,1.88,2.37,N,N,08/2021,Analyst
53-7072.00,1.A.4.a.1,Near Vision,IM,3.88,8,0.125,3.63,4.12,N,,08/2021,Analyst
53-7072.00,1.A.4.a.1,Near Vision,LV,3.38,8,0.183,3.0164,3.7336,N,N,08/2021,Analyst
53-7072.00,1.A.4.a.2,Far Vision,IM,3.12,8,0.125,2.88,3.37,N,,08/2021,Analyst
53-7072.00,1.A.4.a.2,Far Vision,LV,3.12,8,0.125,2.88,3.37,N,N,08/2021,Analyst
53-7072.00,1.A.4.a.3,Visual Color Discrimination,IM,3.0,8,0.0,3.0,3.0,N,,08/2021,Analyst
53-7072.00,1.A.4.a.3,Visual Color Discrimination,LV,3.25,8,0.1637,2.9292,3.5708,N,N,08/2021,Analyst
53-7072.00,1.A.4.a.4,Night Vision,IM,1.88,8,0.125,1.63,2.12,N,,08/2021,Analyst
53-7072.00,1.A.4.a.4,Night Vision,LV,1.25,8,0.25,0.76,1.74,N,N,08/2021,Analyst
53-7072.00,1.A.4.a.5,Peripheral Vision,IM,2.0,8,0.0,2.0,2.0,N,,08/2021,Analyst
53-7072.00,1.A.4.a.5,Peripheral Vision,LV,1.88,8,0.125,1.63,2.12,N,N,08/2021,Analyst
53-7072.00,1.A.4.a.6,Depth Perception,IM,3.0,8,0.0,3.0,3.0,N,,08/2021,Analyst
53-7072.00,1.A.4.a.6,Depth Perception,LV,3.0,8,0.0,3.0,3.0,N,N,08/2021,Analyst
53-7072.00,1.A.4.a.7,Glare Sensitivity,IM,2.0,8,0.0,2.0,2.0,N,,08/2021,Analyst
53-7072.00,1.A.4.a.7,Glare Sensitivity,LV,2.0,8,0.0,2.0,2.0,N,N,08/2021,Analyst
53-7072.00,1.A.4.b.1,Hearing Sensitivity,IM,3.0,8,0.0,3.0,3.0,N,,08/2021,Analyst
53-7072.00,1.A.4.b.1,Hearing Sensitivity,LV,3.0,8,0.0,3.0,3.0,N,N,08/2021,Analyst
53-7072.00,1.A.4.b.2,Auditory Attention,IM,3.0,8,0.0,3.0,3.0,N,,08/2021,Analyst
53-7072.00,1.A.4.b.2,Auditory Attention,LV,3.5,8,0.189,3.1296,3.8704,N,N,08/2021,Analyst
53-7072.00,1.A.4.b.3,Sound Localization,IM,2.0,8,0.0,2.0,2.0,N,,08/2021,Analyst
53-7072.00,1.A.4.b.3,Sound Localization,LV,1.25,8,0.1637,0.9292,1.5708,N,N,08/2021,Analyst
53-7072.00,1.A.4.b.4,Speech Recognition,IM,3.0,8,0.0,3.0,3.0,N,,08/2021,Analyst
53-7072.00,1.A.4.b.4,Speech Recognition,LV,2.88,8,0.125,2.63,3.12,N,N,08/2021,Analyst
53-7072.00,1.A.4.b.5,Speech Clarity,IM,3.0,8,0.0,3.0,3.0,N,,08/2021,Analyst
53-7072.00,1.A.4.b.5,Speech Clarity,LV,2.88,8,0.125,2.63,3.12,N,N,08/2021,Analyst
53-7073.00,1.A.1.a.1,Oral Comprehension,IM,2.88,8,0.125,2.63,3.12,N,,08/2019,Analyst
53-7073.00,1.A.1.a.1,Oral Comprehension,LV,2.88,8,0.125,2.63,3.12,N,N,08/2019,Analyst
53-7073.00,1.A.1.a.2,Written Comprehension,IM,2.88,8,0.125,2.63,3.12,N,,08/2019,Analyst
53-7073.00,1.A.1.a.2,Written Comprehension,LV,2.75,8,0.1637,2.4292,3.0708,N,N,08/2019,Analyst
53-7073.00,1.A.1.a.3,Oral Expression,IM,3.0,8,0.0,3.0,3.0,N,,08/2019,Analyst
53-7073.00,1.A.1.a.3,Oral Expression,LV,3.0,8,0.0,3.0,3.0,N,N,08/2019,Analyst
53-7073.00,1.A.1.a.4,Written Expression,IM,2.62,8,0.183,2.2664,2.9836,N,,08/2019,Analyst
53-7073.00,1.A.1.a.4,Written Expression,LV,2.38,8,0.183,2.0164,2.7336,N,N,08/2019,Analyst
53-7073.00,1.A.1.b.1,Fluency of Ideas,IM,2.12,8,0.125,1.88,2.37,N,,08/2019,Analyst
53-7073.00,1.A.1.b.1,Fluency of Ideas,LV,1.88,8,0.2266,1.4309,2.3191,N,N,08/2019,Analyst
53-7073.00,1.A.1.b.2,Originality,IM,2.12,8,0.125,1.88,2.37,N,,08/2019,Analyst
53-7073.00,1.A.1.b.2,Originality,LV,1.75,8,0.1637,1.4292,2.0708,N,N,08/2019,Analyst
53-7073.00,1.A.1.b.3,Problem Sensitivity,IM,3.88,8,0.125,3.63,4.12,N,,08/2019,Analyst
53-7073.00,1.A.1.b.3,Problem Sensitivity,LV,3.25,8,0.1637,2.9292,3.5708,N,N,08/2019,Analyst
53-7073.00,1.A.1.b.4,Deductive Reasoning,IM,3.12,8,0.125,2.88,3.37,N,,08/2019,Analyst
53-7073.00,1.A.1.b.4,Deductive Reasoning,LV,3.0,8,0.0,3.0,3.0,N,N,08/2019,Analyst
53-7073.00,1.A.1.b.5,Inductive Reasoning,IM,3.12,8,0.125,2.88,3.37,N,,08/2019,Analyst
53-7073.00,1.A.1.b.5,Inductive Reasoning,LV,3.0,8,0.0,3.0,3.0,N,N,08/2019,Analyst
53-7073.00,1.A.1.b.6,Information Ordering,IM,3.25,8,0.1637,2.9292,3.5708,N,,08/2019,Analyst
53-7073.00,1.A.1.b.6,Information Ordering,LV,3.0,8,0.0,3.0,3.0,N,N,08/2019,Analyst
53-7073.00,1.A.1.b.7,Category Flexibility,IM,2.88,8,0.125,2.63,3.12,N,,08/2019,Analyst
53-7073.00,1.A.1.b.7,Category Flexibility,LV,3.0,8,0.0,3.0,3.0,N,N,08/2019,Analyst
53-7073.00,1.A.1.c.1,Mathematical Reasoning,IM,2.12,8,0.125,1.88,2.37,N,,08/2019,Analyst
53-7073.00,1.A.1.c.1,Mathematical Reasoning,LV,1.38,8,0.183,1.0164,1.7336,N,N,08/2019,Analyst
53-7073.00,1.A.1.c.2,Number Facility,IM,2.12,8,0.125,1.88,2.37,N,,08/2019,Analyst
53-7073.00,1.A.1.c.2,Number Facility,LV,1.62,8,0.2631,1.1094,2.1406,N,N,08/2019,Analyst
53-7073.00,1.A.1.d.1,Memorization,IM,2.12,8,0.125,1.88,2.37,N,,08/2019,Analyst
53-7073.00,1.A.1.d.1,Memorization,LV,2.12,8,0.125,1.88,2.37,N,N,08/2019,Analyst
53-7073.00,1.A.1.e.1,Speed of Closure,IM,2.12,8,0.125,1.88,2.37,N,,08/2019,Analyst
53-7073.00,1.A.1.e.1,Speed of Closure,LV,1.75,8,0.25,1.26,2.24,N,N,08/2019,Analyst
53-7073.00,1.A.1.e.2,Flexibility of Closure,IM,2.38,8,0.183,2.0164,2.7336,N,,08/2019,Analyst
53-7073.00,1.A.1.e.2,Flexibility of Closure,LV,2.25,8,0.1637,1.9292,2.5708,N,N,08/2019,Analyst
53-7073.00,1.A.1.e.3,Perceptual Speed,IM,3.12,8,0.125,2.88,3.37,N,,08/2019,Analyst
53-7073.00,1.A.1.e.3,Perceptual Speed,LV,3.38,8,0.183,3.0164,3.7336,N,N,08/2019,Analyst
53-7073.00,1.A.1.f.1,Spatial Orientation,IM,2.12,8,0.125,1.88,2.37,N,,08/2019,Analyst
53-7073.00,1.A.1.f.1,Spatial Orientation,LV,1.88,8,0.2266,1.4309,2.3191,N,N,08/2019,Analyst
53-7073.00,1.A.1.f.2,Visualization,IM,2.75,8,0.25,2.26,3.24,N,,08/2019,Analyst
53-7073.00,1.A.1.f.2,Visualization,LV,3.12,8,0.125,2.88,3.37,N,N,08/2019,Analyst
53-7073.00,1.A.1.g.1,Selective Attention,IM,2.75,8,0.1637,2.4292,3.0708,N,,08/2019,Analyst
53-7073.00,1.A.1.g.1,Selective Attention,LV,3.12,8,0.125,2.88,3.37,N,N,08/2019,Analyst
53-7073.00,1.A.1.g.2,Time Sharing,IM,2.25,8,0.1637,1.9292,2.5708,N,,08/2019,Analyst
53-7073.00,1.A.1.g.2,Time Sharing,LV,2.25,8,0.1637,1.9292,2.5708,N,N,08/2019,Analyst
53-7073.00,1.A.2.a.1,Arm-Hand Steadiness,IM,3.0,8,0.0,3.0,3.0,N,,08/2019,Analyst
53-7073.00,1.A.2.a.1,Arm-Hand Steadiness,LV,2.88,8,0.125,2.63,3.12,N,N,08/2019,Analyst
53-7073.00,1.A.2.a.2,Manual Dexterity,IM,3.12,8,0.125,2.88,3.37,N,,08/2019,Analyst
53-7073.00,1.A.2.a.2,Manual Dexterity,LV,3.0,8,0.0,3.0,3.0,N,N,08/2019,Analyst
53-7073.00,1.A.2.a.3,Finger Dexterity,IM,2.75,8,0.1637,2.4292,3.0708,N,,08/2019,Analyst
53-7073.00,1.A.2.a.3,Finger Dexterity,LV,2.88,8,0.125,2.63,3.12,N,N,08/2019,Analyst
53-7073.00,1.A.2.b.1,Control Precision,IM,3.25,8,0.1637,2.9292,3.5708,N,,08/2019,Analyst
53-7073.00,1.A.2.b.1,Control Precision,LV,4.0,8,0.0,4.0,4.0,N,N,08/2019,Analyst
53-7073.00,1.A.2.b.2,Multilimb Coordination,IM,3.25,8,0.1637,2.9292,3.5708,N,,08/2019,Analyst
53-7073.00,1.A.2.b.2,Multilimb Coordination,LV,3.38,8,0.183,3.0164,3.7336,N,N,08/2019,Analyst
53-7073.00,1.A.2.b.3,Response Orientation,IM,3.0,8,0.189,2.6296,3.3704,N,,08/2019,Analyst
53-7073.00,1.A.2.b.3,Response Orientation,LV,3.0,8,0.189,2.6296,3.3704,N,N,08/2019,Analyst
53-7073.00,1.A.2.b.4,Rate Control,IM,2.25,8,0.1637,1.9292,2.5708,N,,08/2019,Analyst
53-7073.00,1.A.2.b.4,Rate Control,LV,2.12,8,0.125,1.88,2.37,N,N,08/2019,Analyst
53-7073.00,1.A.2.c.1,Reaction Time,IM,3.25,8,0.1637,2.9292,3.5708,N,,08/2019,Analyst
53-7073.00,1.A.2.c.1,Reaction Time,LV,3.5,8,0.189,3.1296,3.8704,N,N,08/2019,Analyst
53-7073.00,1.A.2.c.2,Wrist-Finger Speed,IM,2.12,8,0.125,1.88,2.37,N,,08/2019,Analyst
53-7073.00,1.A.2.c.2,Wrist-Finger Speed,LV,1.62,8,0.2631,1.1094,2.1406,N,N,08/2019,Analyst
53-7073.00,1.A.2.c.3,Speed of Limb Movement,IM,1.88,8,0.125,1.63,2.12,N,,08/2019,Analyst
53-7073.00,1.A.2.c.3,Speed of Limb Movement,LV,1.5,8,0.2673,0.9762,2.0238,N,N,08/2019,Analyst
53-7073.00,1.A.3.a.1,Static Strength,IM,3.12,8,0.125,2.88,3.37,N,,08/2019,Analyst
53-7073.00,1.A.3.a.1,Static Strength,LV,3.12,8,0.125,2.88,3.37,N,N,08/2019,Analyst
53-7073.00,1.A.3.a.2,Explosive Strength,IM,1.75,8,0.1637,1.4292,2.0708,N,,08/2019,Analyst
53-7073.00,1.A.3.a.2,Explosive Strength,LV,0.88,8,0.2266,0.4309,1.3191,N,N,08/2019,Analyst
53-7073.00,1.A.3.a.3,Dynamic Strength,IM,2.38,8,0.2631,1.8594,2.8906,N,,08/2019,Analyst
53-7073.00,1.A.3.a.3,Dynamic Strength,LV,2.38,8,0.2631,1.8594,2.8906,N,N,08/2019,Analyst
53-7073.00,1.A.3.a.4,Trunk Strength,IM,3.0,8,0.189,2.6296,3.3704,N,,08/2019,Analyst
53-7073.00,1.A.3.a.4,Trunk Strength,LV,3.12,8,0.125,2.88,3.37,N,N,08/2019,Analyst
53-7073.00,1.A.3.b.1,Stamina,IM,2.75,8,0.25,2.26,3.24,N,,08/2019,Analyst
53-7073.00,1.A.3.b.1,Stamina,LV,2.38,8,0.2631,1.8594,2.8906,N,N,08/2019,Analyst
53-7073.00,1.A.3.c.1,Extent Flexibility,IM,2.5,8,0.189,2.1296,2.8704,N,,08/2019,Analyst
53-7073.00,1.A.3.c.1,Extent Flexibility,LV,3.12,8,0.125,2.88,3.37,N,N,08/2019,Analyst
53-7073.00,1.A.3.c.2,Dynamic Flexibility,IM,1.62,8,0.183,1.2664,1.9836,N,,08/2019,Analyst
53-7073.00,1.A.3.c.2,Dynamic Flexibility,LV,0.75,8,0.25,0.26,1.24,N,N,08/2019,Analyst
53-7073.00,1.A.3.c.3,Gross Body Coordination,IM,2.25,8,0.1637,1.9292,2.5708,N,,08/2019,Analyst
53-7073.00,1.A.3.c.3,Gross Body Coordination,LV,2.62,8,0.183,2.2664,2.9836,N,N,08/2019,Analyst
53-7073.00,1.A.3.c.4,Gross Body Equilibrium,IM,2.5,8,0.189,2.1296,2.8704,N,,08/2019,Analyst
53-7073.00,1.A.3.c.4,Gross Body Equilibrium,LV,2.88,8,0.125,2.63,3.12,N,N,08/2019,Analyst
53-7073.00,1.A.4.a.1,Near Vision,IM,3.5,8,0.189,3.1296,3.8704,N,,08/2019,Analyst
53-7073.00,1.A.4.a.1,Near Vision,LV,3.25,8,0.1637,2.9292,3.5708,N,N,08/2019,Analyst
53-7073.00,1.A.4.a.2,Far Vision,IM,2.88,8,0.2266,2.4309,3.3191,N,,08/2019,Analyst
53-7073.00,1.A.4.a.2,Far Vision,LV,2.5,8,0.189,2.1296,2.8704,N,N,08/2019,Analyst
53-7073.00,1.A.4.a.3,Visual Color Discrimination,IM,2.0,8,0.189,1.6296,2.3704,N,,08/2019,Analyst
53-7073.00,1.A.4.a.3,Visual Color Discrimination,LV,1.62,8,0.2631,1.1094,2.1406,N,N,08/2019,Analyst
53-7073.00,1.A.4.a.4,Night Vision,IM,1.62,8,0.183,1.2664,1.9836,N,,08/2019,Analyst
53-7073.00,1.A.4.a.4,Night Vision,LV,0.75,8,0.25,0.26,1.24,N,N,08/2019,Analyst
53-7073.00,1.A.4.a.5,Peripheral Vision,IM,2.0,8,0.0,2.0,2.0,N,,08/2019,Analyst
53-7073.00,1.A.4.a.5,Peripheral Vision,LV,1.25,8,0.1637,0.9292,1.5708,N,N,08/2019,Analyst
53-7073.00,1.A.4.a.6,Depth Perception,IM,2.12,8,0.125,1.88,2.37,N,,08/2019,Analyst
53-7073.00,1.A.4.a.6,Depth Perception,LV,2.0,8,0.0,2.0,2.0,N,N,08/2019,Analyst
53-7073.00,1.A.4.a.7,Glare Sensitivity,IM,1.88,8,0.125,1.63,2.12,N,,08/2019,Analyst
53-7073.00,1.A.4.a.7,Glare Sensitivity,LV,1.5,8,0.2673,0.9762,2.0238,N,N,08/2019,Analyst
53-7073.00,1.A.4.b.1,Hearing Sensitivity,IM,2.0,8,0.0,2.0,2.0,N,,08/2019,Analyst
53-7073.00,1.A.4.b.1,Hearing Sensitivity,LV,2.0,8,0.0,2.0,2.0,N,N,08/2019,Analyst
53-7073.00,1.A.4.b.2,Auditory Attention,IM,2.25,8,0.1637,1.9292,2.5708,N,,08/2019,Analyst
53-7073.00,1.A.4.b.2,Auditory Attention,LV,2.62,8,0.2631,2.1094,3.1406,N,N,08/2019,Analyst
53-7073.00,1.A.4.b.3,Sound Localization,IM,1.75,8,0.1637,1.4292,2.0708,N,,08/2019,Analyst
53-7073.00,1.A.4.b.3,Sound Localization,LV,0.75,8,0.1637,0.4292,1.0708,N,N,08/2019,Analyst
53-7073.00,1.A.4.b.4,Speech Recognition,IM,3.0,8,0.0,3.0,3.0,N,,08/2019,Analyst
53-7073.00,1.A.4.b.4,Speech Recognition,LV,2.75,8,0.1637,2.4292,3.0708,N,N,08/2019,Analyst
53-7073.00,1.A.4.b.5,Speech Clarity,IM,3.0,8,0.0,3.0,3.0,N,,08/2019,Analyst
53-7073.00,1.A.4.b.5,Speech Clarity,LV,2.5,8,0.189,2.1296,2.8704,N,N,08/2019,Analyst
53-7081.00,1.A.1.a.1,Oral Comprehension,IM,3.0,8,0.0,3.0,3.0,N,,08/2023,Analyst
53-7081.00,1.A.1.a.1,Oral Comprehension,LV,2.88,8,0.125,2.63,3.12,N,N,08/2023,Analyst
53-7081.00,1.A.1.a.2,Written Comprehension,IM,2.5,8,0.189,2.1296,2.8704,N,,08/2023,Analyst
53-7081.00,1.A.1.a.2,Written Comprehension,LV,2.25,8,0.1637,1.9292,2.5708,N,N,08/2023,Analyst
53-7081.00,1.A.1.a.3,Oral Expression,IM,2.88,8,0.125,2.63,3.12,N,,08/2023,Analyst
53-7081.00,1.A.1.a.3,Oral Expression,LV,2.88,8,0.125,2.63,3.12,N,N,08/2023,Analyst
53-7081.00,1.A.1.a.4,Written Expression,IM,2.5,8,0.189,2.1296,2.8704,N,,08/2023,Analyst
53-7081.00,1.A.1.a.4,Written Expression,LV,2.0,8,0.0,2.0,2.0,N,N,08/2023,Analyst
53-7081.00,1.A.1.b.1,Fluency of Ideas,IM,1.75,8,0.1637,1.4292,2.0708,N,,08/2023,Analyst
53-7081.00,1.A.1.b.1,Fluency of Ideas,LV,1.38,8,0.3239,0.7402,2.0098,N,N,08/2023,Analyst
53-7081.00,1.A.1.b.2,Originality,IM,1.5,8,0.189,1.1296,1.8704,N,,08/2023,Analyst
53-7081.00,1.A.1.b.2,Originality,LV,1.0,8,0.378,0.2592,1.7408,N,N,08/2023,Analyst
53-7081.00,1.A.1.b.3,Problem Sensitivity,IM,2.88,8,0.125,2.63,3.12,N,,08/2023,Analyst
53-7081.00,1.A.1.b.3,Problem Sensitivity,LV,2.12,8,0.125,1.88,2.37,N,N,08/2023,Analyst
53-7081.00,1.A.1.b.4,Deductive Reasoning,IM,2.62,8,0.183,2.2664,2.9836,N,,08/2023,Analyst
53-7081.00,1.A.1.b.4,Deductive Reasoning,LV,2.12,8,0.125,1.88,2.37,N,N,08/2023,Analyst
53-7081.00,1.A.1.b.5,Inductive Reasoning,IM,2.5,8,0.189,2.1296,2.8704,N,,08/2023,Analyst
53-7081.00,1.A.1.b.5,Inductive Reasoning,LV,2.0,8,0.0,2.0,2.0,N,N,08/2023,Analyst
53-7081.00,1.A.1.b.6,Information Ordering,IM,2.88,8,0.125,2.63,3.12,N,,08/2023,Analyst
53-7081.00,1.A.1.b.6,Information Ordering,LV,2.5,8,0.189,2.1296,2.8704,N,N,08/2023,Analyst
53-7081.00,1.A.1.b.7,Category Flexibility,IM,2.75,8,0.1637,2.4292,3.0708,N,,08/2023,Analyst
53-7081.00,1.A.1.b.7,Category Flexibility,LV,2.38,8,0.2631,1.8594,2.8906,N,N,08/2023,Analyst
53-7081.00,1.A.1.c.1,Mathematical Reasoning,IM,1.0,8,0.0,1.0,1.0,N,,08/2023,Analyst
53-7081.00,1.A.1.c.1,Mathematical Reasoning,LV,0.0,8,0.0,0.0,0.0,N,Y,08/2023,Analyst
53-7081.00,1.A.1.c.2,Number Facility,IM,1.0,8,0.0,1.0,1.0,N,,08/2023,Analyst
53-7081.00,1.A.1.c.2,Number Facility,LV,0.0,8,0.0,0.0,0.0,N,Y,08/2023,Analyst
53-7081.00,1.A.1.d.1,Memorization,IM,2.0,8,0.0,2.0,2.0,N,,08/2023,Analyst
53-7081.00,1.A.1.d.1,Memorization,LV,1.75,8,0.1637,1.4292,2.0708,N,N,08/2023,Analyst
53-7081.00,1.A.1.e.1,Speed of Closure,IM,2.0,8,0.0,2.0,2.0,N,,08/2023,Analyst
53-7081.00,1.A.1.e.1,Speed of Closure,LV,1.62,8,0.183,1.2664,1.9836,N,N,08/2023,Analyst
53-7081.00,1.A.1.e.2,Flexibility of Closure,IM,2.38,8,0.183,2.0164,2.7336,N,,08/2023,Analyst
53-7081.00,1.A.1.e.2,Flexibility of Closure,LV,2.0,8,0.0,2.0,2.0,N,N,08/2023,Analyst
53-7081.00,1.A.1.e.3,Perceptual Speed,IM,2.38,8,0.183,2.0164,2.7336,N,,08/2023,Analyst
53-7081.00,1.A.1.e.3,Perceptual Speed,LV,2.12,8,0.125,1.88,2.37,N,N,08/2023,Analyst
53-7081.00,1.A.1.f.1,Spatial Orientation,IM,2.38,8,0.183,2.0164,2.7336,N,,08/2023,Analyst
53-7081.00,1.A.1.f.1,Spatial Orientation,LV,2.12,8,0.2266,1.6809,2.5691,N,N,08/2023,Analyst
53-7081.00,1.A.1.f.2,Visualization,IM,2.5,8,0.189,2.1296,2.8704,N,,08/2023,Analyst
53-7081.00,1.A.1.f.2,Visualization,LV,2.25,8,0.1637,1.9292,2.5708,N,N,08/2023,Analyst
53-7081.00,1.A.1.g.1,Selective Attention,IM,2.75,8,0.1637,2.4292,3.0708,N,,08/2023,Analyst
53-7081.00,1.A.1.g.1,Selective Attention,LV,2.12,8,0.125,1.88,2.37,N,N,08/2023,Analyst
53-7081.00,1.A.1.g.2,Time Sharing,IM,2.62,8,0.183,2.2664,2.9836,N,,08/2023,Analyst
53-7081.00,1.A.1.g.2,Time Sharing,LV,2.25,8,0.1637,1.9292,2.5708,N,N,08/2023,Analyst
53-7081.00,1.A.2.a.1,Arm-Hand Steadiness,IM,3.25,8,0.1637,2.9292,3.5708,N,,08/2023,Analyst
53-7081.00,1.A.2.a.1,Arm-Hand Steadiness,LV,2.25,8,0.25,1.76,2.74,N,N,08/2023,Analyst
53-7081.00,1.A.2.a.2,Manual Dexterity,IM,3.12,8,0.125,2.88,3.37,N,,08/2023,Analyst
53-7081.00,1.A.2.a.2,Manual Dexterity,LV,2.62,8,0.183,2.2664,2.9836,N,N,08/2023,Analyst
53-7081.00,1.A.2.a.3,Finger Dexterity,IM,2.75,8,0.1637,2.4292,3.0708,N,,08/2023,Analyst
53-7081.00,1.A.2.a.3,Finger Dexterity,LV,2.12,8,0.125,1.88,2.37,N,N,08/2023,Analyst
53-7081.00,1.A.2.b.1,Control Precision,IM,2.88,8,0.125,2.63,3.12,N,,08/2023,Analyst
53-7081.00,1.A.2.b.1,Control Precision,LV,2.88,8,0.125,2.63,3.12,N,N,08/2023,Analyst
53-7081.00,1.A.2.b.2,Multilimb Coordination,IM,3.38,8,0.183,3.0164,3.7336,N,,08/2023,Analyst
53-7081.00,1.A.2.b.2,Multilimb Coordination,LV,3.0,8,0.0,3.0,3.0,N,N,08/2023,Analyst
53-7081.00,1.A.2.b.3,Response Orientation,IM,2.62,8,0.183,2.2664,2.9836,N,,08/2023,Analyst
53-7081.00,1.A.2.b.3,Response Orientation,LV,2.62,8,0.183,2.2664,2.9836,N,N,08/2023,Analyst
53-7081.00,1.A.2.b.4,Rate Control,IM,2.62,8,0.183,2.2664,2.9836,N,,08/2023,Analyst
53-7081.00,1.A.2.b.4,Rate Control,LV,2.38,8,0.183,2.0164,2.7336,N,N,08/2023,Analyst
53-7081.00,1.A.2.c.1,Reaction Time,IM,3.12,8,0.125,2.88,3.37,N,,08/2023,Analyst
53-7081.00,1.A.2.c.1,Reaction Time,LV,3.0,8,0.0,3.0,3.0,N,N,08/2023,Analyst
53-7081.00,1.A.2.c.2,Wrist-Finger Speed,IM,1.62,8,0.183,1.2664,1.9836,N,,08/2023,Analyst
53-7081.00,1.A.2.c.2,Wrist-Finger Speed,LV,1.0,8,0.3273,0.3584,1.6416,N,N,08/2023,Analyst
53-7081.00,1.A.2.c.3,Speed of Limb Movement,IM,2.12,8,0.295,1.5467,2.7033,N,,08/2023,Analyst
53-7081.00,1.A.2.c.3,Speed of Limb Movement,LV,1.5,8,0.3273,0.8584,2.1416,N,N,08/2023,Analyst
53-7081.00,1.A.3.a.1,Static Strength,IM,3.25,8,0.1637,2.9292,3.5708,N,,08/2023,Analyst
53-7081.00,1.A.3.a.1,Static Strength,LV,3.25,8,0.1637,2.9292,3.5708,N,N,08/2023,Analyst
53-7081.00,1.A.3.a.2,Explosive Strength,IM,1.88,8,0.295,1.2967,2.4533,N,,08/2023,Analyst
53-7081.00,1.A.3.a.2,Explosive Strength,LV,1.25,8,0.4532,0.3618,2.1382,N,N,08/2023,Analyst
53-7081.00,1.A.3.a.3,Dynamic Strength,IM,2.62,8,0.183,2.2664,2.9836,N,,08/2023,Analyst
53-7081.00,1.A.3.a.3,Dynamic Strength,LV,2.25,8,0.1637,1.9292,2.5708,N,N,08/2023,Analyst
53-7081.00,1.A.3.a.4,Trunk Strength,IM,3.12,8,0.125,2.88,3.37,N,,08/2023,Analyst
53-7081.00,1.A.3.a.4,Trunk Strength,LV,3.0,8,0.189,2.6296,3.3704,N,N,08/2023,Analyst
53-7081.00,1.A.3.b.1,Stamina,IM,2.75,8,0.1637,2.4292,3.0708,N,,08/2023,Analyst
53-7081.00,1.A.3.b.1,Stamina,LV,2.25,8,0.1637,1.9292,2.5708,N,N,08/2023,Analyst
53-7081.00,1.A.3.c.1,Extent Flexibility,IM,3.0,8,0.0,3.0,3.0,N,,08/2023,Analyst
53-7081.00,1.A.3.c.1,Extent Flexibility,LV,2.88,8,0.125,2.63,3.12,N,N,08/2023,Analyst
53-7081.00,1.A.3.c.2,Dynamic Flexibility,IM,1.0,8,0.0,1.0,1.0,N,,08/2023,Analyst
53-7081.00,1.A.3.c.2,Dynamic Flexibility,LV,0.0,8,0.0,0.0,0.0,N,Y,08/2023,Analyst
53-7081.00,1.A.3.c.3,Gross Body Coordination,IM,2.62,8,0.183,2.2664,2.9836,N,,08/2023,Analyst
53-7081.00,1.A.3.c.3,Gross Body Coordination,LV,2.0,8,0.0,2.0,2.0,N,N,08/2023,Analyst
53-7081.00,1.A.3.c.4,Gross Body Equilibrium,IM,2.38,8,0.183,2.0164,2.7336,N,,08/2023,Analyst
53-7081.00,1.A.3.c.4,Gross Body Equilibrium,LV,2.0,8,0.189,1.6296,2.3704,N,N,08/2023,Analyst
53-7081.00,1.A.4.a.1,Near Vision,IM,3.0,8,0.0,3.0,3.0,N,,08/2023,Analyst
53-7081.00,1.A.4.a.1,Near Vision,LV,2.88,8,0.125,2.63,3.12,N,N,08/2023,Analyst
53-7081.00,1.A.4.a.2,Far Vision,IM,3.0,8,0.0,3.0,3.0,N,,08/2023,Analyst
53-7081.00,1.A.4.a.2,Far Vision,LV,3.12,8,0.125,2.88,3.37,N,N,08/2023,Analyst
53-7081.00,1.A.4.a.3,Visual Color Discrimination,IM,2.88,8,0.125,2.63,3.12,N,,08/2023,Analyst
53-7081.00,1.A.4.a.3,Visual Color Discrimination,LV,2.75,8,0.1637,2.4292,3.0708,N,N,08/2023,Analyst
53-7081.00,1.A.4.a.4,Night Vision,IM,2.38,8,0.183,2.0164,2.7336,N,,08/2023,Analyst
53-7081.00,1.A.4.a.4,Night Vision,LV,1.88,8,0.125,1.63,2.12,N,N,08/2023,Analyst
53-7081.00,1.A.4.a.5,Peripheral Vision,IM,2.5,8,0.189,2.1296,2.8704,N,,08/2023,Analyst
53-7081.00,1.A.4.a.5,Peripheral Vision,LV,2.0,8,0.189,1.6296,2.3704,N,N,08/2023,Analyst
53-7081.00,1.A.4.a.6,Depth Perception,IM,2.75,8,0.1637,2.4292,3.0708,N,,08/2023,Analyst
53-7081.00,1.A.4.a.6,Depth Perception,LV,2.62,8,0.183,2.2664,2.9836,N,N,08/2023,Analyst
53-7081.00,1.A.4.a.7,Glare Sensitivity,IM,2.75,8,0.1637,2.4292,3.0708,N,,08/2023,Analyst
53-7081.00,1.A.4.a.7,Glare Sensitivity,LV,2.12,8,0.125,1.88,2.37,N,N,08/2023,Analyst
53-7081.00,1.A.4.b.1,Hearing Sensitivity,IM,2.75,8,0.1637,2.4292,3.0708,N,,08/2023,Analyst
53-7081.00,1.A.4.b.1,Hearing Sensitivity,LV,2.38,8,0.183,2.0164,2.7336,N,N,08/2023,Analyst
53-7081.00,1.A.4.b.2,Auditory Attention,IM,2.75,8,0.1637,2.4292,3.0708,N,,08/2023,Analyst
53-7081.00,1.A.4.b.2,Auditory Attention,LV,2.25,8,0.1637,1.9292,2.5708,N,N,08/2023,Analyst
53-7081.00,1.A.4.b.3,Sound Localization,IM,2.0,8,0.0,2.0,2.0,N,,08/2023,Analyst
53-7081.00,1.A.4.b.3,Sound Localization,LV,2.0,8,0.0,2.0,2.0,N,N,08/2023,Analyst
53-7081.00,1.A.4.b.4,Speech Recognition,IM,2.88,8,0.125,2.63,3.12,N,,08/2023,Analyst
53-7081.00,1.A.4.b.4,Speech Recognition,LV,2.62,8,0.183,2.2664,2.9836,N,N,08/2023,Analyst
53-7081.00,1.A.4.b.5,Speech Clarity,IM,2.88,8,0.125,2.63,3.12,N,,08/2023,Analyst
53-7081.00,1.A.4.b.5,Speech Clarity,LV,2.75,8,0.1637,2.4292,3.0708,N,N,08/2023,Analyst
53-7121.00,1.A.1.a.1,Oral Comprehension,IM,3.25,8,0.1637,2.9292,3.5708,N,,08/2019,Analyst
53-7121.00,1.A.1.a.1,Oral Comprehension,LV,3.38,8,0.183,3.0164,3.7336,N,N,08/2019,Analyst
53-7121.00,1.A.1.a.2,Written Comprehension,IM,3.0,8,0.0,3.0,3.0,N,,08/2019,Analyst
53-7121.00,1.A.1.a.2,Written Comprehension,LV,3.0,8,0.0,3.0,3.0,N,N,08/2019,Analyst
53-7121.00,1.A.1.a.3,Oral Expression,IM,3.12,8,0.125,2.88,3.37,N,,08/2019,Analyst
53-7121.00,1.A.1.a.3,Oral Expression,LV,3.25,8,0.1637,2.9292,3.5708,N,N,08/2019,Analyst
53-7121.00,1.A.1.a.4,Written Expression,IM,3.0,8,0.0,3.0,3.0,N,,08/2019,Analyst
53-7121.00,1.A.1.a.4,Written Expression,LV,2.75,8,0.1637,2.4292,3.0708,N,N,08/2019,Analyst
53-7121.00,1.A.1.b.1,Fluency of Ideas,IM,2.62,8,0.183,2.2664,2.9836,N,,08/2019,Analyst
53-7121.00,1.A.1.b.1,Fluency of Ideas,LV,2.12,8,0.125,1.88,2.37,N,N,08/2019,Analyst
53-7121.00,1.A.1.b.2,Originality,IM,2.38,8,0.183,2.0164,2.7336,N,,08/2019,Analyst
53-7121.00,1.A.1.b.2,Originality,LV,2.12,8,0.125,1.88,2.37,N,N,08/2019,Analyst
53-7121.00,1.A.1.b.3,Problem Sensitivity,IM,3.62,8,0.183,3.2664,3.9836,N,,08/2019,Analyst
53-7121.00,1.A.1.b.3,Problem Sensitivity,LV,3.0,8,0.0,3.0,3.0,N,N,08/2019,Analyst
53-7121.00,1.A.1.b.4,Deductive Reasoning,IM,2.88,8,0.125,2.63,3.12,N,,08/2019,Analyst
53-7121.00,1.A.1.b.4,Deductive Reasoning,LV,2.88,8,0.125,2.63,3.12,N,N,08/2019,Analyst
53-7121.00,1.A.1.b.5,Inductive Reasoning,IM,2.88,8,0.125,2.63,3.12,N,,08/2019,Analyst
53-7121.00,1.A.1.b.5,Inductive Reasoning,LV,2.88,8,0.125,2.63,3.12,N,N,08/2019,Analyst
53-7121.00,1.A.1.b.6,Information Ordering,IM,3.0,8,0.189,2.6296,3.3704,N,,08/2019,Analyst
53-7121.00,1.A.1.b.6,Information Ordering,LV,2.88,8,0.125,2.63,3.12,N,N,08/2019,Analyst
53-7121.00,1.A.1.b.7,Category Flexibility,IM,2.88,8,0.125,2.63,3.12,N,,08/2019,Analyst
53-7121.00,1.A.1.b.7,Category Flexibility,LV,2.88,8,0.125,2.63,3.12,N,N,08/2019,Analyst
53-7121.00,1.A.1.c.1,Mathematical Reasoning,IM,2.5,8,0.189,2.1296,2.8704,N,,08/2019,Analyst
53-7121.00,1.A.1.c.1,Mathematical Reasoning,LV,2.12,8,0.125,1.88,2.37,N,N,08/2019,Analyst
53-7121.00,1.A.1.c.2,Number Facility,IM,2.62,8,0.183,2.2664,2.9836,N,,08/2019,Analyst
53-7121.00,1.A.1.c.2,Number Facility,LV,2.12,8,0.125,1.88,2.37,N,N,08/2019,Analyst
53-7121.00,1.A.1.d.1,Memorization,IM,2.0,8,0.0,2.0,2.0,N,,08/2019,Analyst
53-7121.00,1.A.1.d.1,Memorization,LV,2.0,8,0.0,2.0,2.0,N,N,08/2019,Analyst
53-7121.00,1.A.1.e.1,Speed of Closure,IM,2.5,8,0.189,2.1296,2.8704,N,,08/2019,Analyst
53-7121.00,1.A.1.e.1,Speed of Closure,LV,2.0,8,0.0,2.0,2.0,N,N,08/2019,Analyst
53-7121.00,1.A.1.e.2,Flexibility of Closure,IM,3.0,8,0.0,3.0,3.0,N,,08/2019,Analyst
53-7121.00,1.A.1.e.2,Flexibility of Closure,LV,3.0,8,0.0,3.0,3.0,N,N,08/2019,Analyst
53-7121.00,1.A.1.e.3,Perceptual Speed,IM,3.62,8,0.183,3.2664,3.9836,N,,08/2019,Analyst
53-7121.00,1.A.1.e.3,Perceptual Speed,LV,3.12,8,0.125,2.88,3.37,N,N,08/2019,Analyst
53-7121.00,1.A.1.f.1,Spatial Orientation,IM,2.75,8,0.1637,2.4292,3.0708,N,,08/2019,Analyst
53-7121.00,1.A.1.f.1,Spatial Orientation,LV,2.0,8,0.0,2.0,2.0,N,N,08/2019,Analyst
53-7121.00,1.A.1.f.2,Visualization,IM,3.0,8,0.0,3.0,3.0,N,,08/2019,Analyst
53-7121.00,1.A.1.f.2,Visualization,LV,3.0,8,0.0,3.0,3.0,N,N,08/2019,Analyst
53-7121.00,1.A.1.g.1,Selective Attention,IM,3.12,8,0.125,2.88,3.37,N,,08/2019,Analyst
53-7121.00,1.A.1.g.1,Selective Attention,LV,3.0,8,0.0,3.0,3.0,N,N,08/2019,Analyst
53-7121.00,1.A.1.g.2,Time Sharing,IM,3.0,8,0.0,3.0,3.0,N,,08/2019,Analyst
53-7121.00,1.A.1.g.2,Time Sharing,LV,2.88,8,0.125,2.63,3.12,N,N,08/2019,Analyst
53-7121.00,1.A.2.a.1,Arm-Hand Steadiness,IM,3.38,8,0.183,3.0164,3.7336,N,,08/2019,Analyst
53-7121.00,1.A.2.a.1,Arm-Hand Steadiness,LV,3.12,8,0.125,2.88,3.37,N,N,08/2019,Analyst
53-7121.00,1.A.2.a.2,Manual Dexterity,IM,3.75,8,0.1637,3.4292,4.0708,N,,08/2019,Analyst
53-7121.00,1.A.2.a.2,Manual Dexterity,LV,3.12,8,0.125,2.88,3.37,N,N,08/2019,Analyst
53-7121.00,1.A.2.a.3,Finger Dexterity,IM,3.12,8,0.125,2.88,3.37,N,,08/2019,Analyst
53-7121.00,1.A.2.a.3,Finger Dexterity,LV,3.12,8,0.125,2.88,3.37,N,N,08/2019,Analyst
53-7121.00,1.A.2.b.1,Control Precision,IM,3.88,8,0.125,3.63,4.12,N,,08/2019,Analyst
53-7121.00,1.A.2.b.1,Control Precision,LV,4.0,8,0.0,4.0,4.0,N,N,08/2019,Analyst
53-7121.00,1.A.2.b.2,Multilimb Coordination,IM,3.88,8,0.125,3.63,4.12,N,,08/2019,Analyst
53-7121.00,1.A.2.b.2,Multilimb Coordination,LV,3.88,8,0.125,3.63,4.12,N,N,08/2019,Analyst
53-7121.00,1.A.2.b.3,Response Orientation,IM,2.75,8,0.1637,2.4292,3.0708,N,,08/2019,Analyst
53-7121.00,1.A.2.b.3,Response Orientation,LV,2.75,8,0.1637,2.4292,3.0708,N,N,08/2019,Analyst
53-7121.00,1.A.2.b.4,Rate Control,IM,3.75,8,0.1637,3.4292,4.0708,N,,08/2019,Analyst
53-7121.00,1.A.2.b.4,Rate Control,LV,3.12,8,0.125,2.88,3.37,N,N,08/2019,Analyst
53-7121.00,1.A.2.c.1,Reaction Time,IM,3.62,8,0.183,3.2664,3.9836,N,,08/2019,Analyst
53-7121.00,1.A.2.c.1,Reaction Time,LV,3.75,8,0.1637,3.4292,4.0708,N,N,08/2019,Analyst
53-7121.00,1.A.2.c.2,Wrist-Finger Speed,IM,2.12,8,0.125,1.88,2.37,N,,08/2019,Analyst
53-7121.00,1.A.2.c.2,Wrist-Finger Speed,LV,2.0,8,0.0,2.0,2.0,N,N,08/2019,Analyst
53-7121.00,1.A.2.c.3,Speed of Limb Movement,IM,2.38,8,0.2631,1.8594,2.8906,N,,08/2019,Analyst
53-7121.00,1.A.2.c.3,Speed of Limb Movement,LV,2.25,8,0.366,1.5327,2.9673,N,N,08/2019,Analyst
53-7121.00,1.A.3.a.1,Static Strength,IM,3.62,8,0.183,3.2664,3.9836,N,,08/2019,Analyst
53-7121.00,1.A.3.a.1,Static Strength,LV,3.88,8,0.125,3.63,4.12,N,N,08/2019,Analyst
53-7121.00,1.A.3.a.2,Explosive Strength,IM,1.75,8,0.25,1.26,2.24,N,,08/2019,Analyst
53-7121.00,1.A.3.a.2,Explosive Strength,LV,1.12,8,0.3981,0.3447,1.9053,N,N,08/2019,Analyst
53-7121.00,1.A.3.a.3,Dynamic Strength,IM,2.75,8,0.1637,2.4292,3.0708,N,,08/2019,Analyst
53-7121.00,1.A.3.a.3,Dynamic Strength,LV,2.75,8,0.1637,2.4292,3.0708,N,N,08/2019,Analyst
53-7121.00,1.A.3.a.4,Trunk Strength,IM,3.12,8,0.125,2.88,3.37,N,,08/2019,Analyst
53-7121.00,1.A.3.a.4,Trunk Strength,LV,3.62,8,0.183,3.2664,3.9836,N,N,08/2019,Analyst
53-7121.00,1.A.3.b.1,Stamina,IM,3.12,8,0.125,2.88,3.37,N,,08/2019,Analyst
53-7121.00,1.A.3.b.1,Stamina,LV,2.88,8,0.125,2.63,3.12,N,N,08/2019,Analyst
53-7121.00,1.A.3.c.1,Extent Flexibility,IM,3.12,8,0.125,2.88,3.37,N,,08/2019,Analyst
53-7121.00,1.A.3.c.1,Extent Flexibility,LV,3.75,8,0.1637,3.4292,4.0708,N,N,08/2019,Analyst
53-7121.00,1.A.3.c.2,Dynamic Flexibility,IM,1.38,8,0.183,1.0164,1.7336,N,,08/2019,Analyst
53-7121.00,1.A.3.c.2,Dynamic Flexibility,LV,0.5,8,0.2673,0.0,1.0238,N,N,08/2019,Analyst
53-7121.00,1.A.3.c.3,Gross Body Coordination,IM,2.75,8,0.1637,2.4292,3.0708,N,,08/2019,Analyst
53-7121.00,1.A.3.c.3,Gross Body Coordination,LV,2.88,8,0.125,2.63,3.12,N,N,08/2019,Analyst
53-7121.00,1.A.3.c.4,Gross Body Equilibrium,IM,3.0,8,0.0,3.0,3.0,N,,08/2019,Analyst
53-7121.00,1.A.3.c.4,Gross Body Equilibrium,LV,3.0,8,0.0,3.0,3.0,N,N,08/2019,Analyst
53-7121.00,1.A.4.a.1,Near Vision,IM,3.5,8,0.189,3.1296,3.8704,N,,08/2019,Analyst
53-7121.00,1.A.4.a.1,Near Vision,LV,3.25,8,0.1637,2.9292,3.5708,N,N,08/2019,Analyst
53-7121.00,1.A.4.a.2,Far Vision,IM,3.75,8,0.1637,3.4292,4.0708,N,,08/2019,Analyst
53-7121.00,1.A.4.a.2,Far Vision,LV,3.12,8,0.125,2.88,3.37,N,N,08/2019,Analyst
53-7121.00,1.A.4.a.3,Visual Color Discrimination,IM,2.75,8,0.1637,2.4292,3.0708,N,,08/2019,Analyst
53-7121.00,1.A.4.a.3,Visual Color Discrimination,LV,2.88,8,0.2266,2.4309,3.3191,N,N,08/2019,Analyst
53-7121.00,1.A.4.a.4,Night Vision,IM,2.0,8,0.0,2.0,2.0,N,,08/2019,Analyst
53-7121.00,1.A.4.a.4,Night Vision,LV,2.0,8,0.0,2.0,2.0,N,N,08/2019,Analyst
53-7121.00,1.A.4.a.5,Peripheral Vision,IM,2.25,8,0.1637,1.9292,2.5708,N,,08/2019,Analyst
53-7121.00,1.A.4.a.5,Peripheral Vision,LV,2.12,8,0.125,1.88,2.37,N,N,08/2019,Analyst
53-7121.00,1.A.4.a.6,Depth Perception,IM,3.62,8,0.183,3.2664,3.9836,N,,08/2019,Analyst
53-7121.00,1.A.4.a.6,Depth Perception,LV,3.62,8,0.183,3.2664,3.9836,N,N,08/2019,Analyst
53-7121.00,1.A.4.a.7,Glare Sensitivity,IM,2.75,8,0.1637,2.4292,3.0708,N,,08/2019,Analyst
53-7121.00,1.A.4.a.7,Glare Sensitivity,LV,2.75,8,0.1637,2.4292,3.0708,N,N,08/2019,Analyst
53-7121.00,1.A.4.b.1,Hearing Sensitivity,IM,3.0,8,0.0,3.0,3.0,N,,08/2019,Analyst
53-7121.00,1.A.4.b.1,Hearing Sensitivity,LV,3.0,8,0.0,3.0,3.0,N,N,08/2019,Analyst
53-7121.00,1.A.4.b.2,Auditory Attention,IM,3.0,8,0.0,3.0,3.0,N,,08/2019,Analyst
53-7121.00,1.A.4.b.2,Auditory Attention,LV,3.0,8,0.0,3.0,3.0,N,N,08/2019,Analyst
53-7121.00,1.A.4.b.3,Sound Localization,IM,2.0,8,0.0,2.0,2.0,N,,08/2019,Analyst
53-7121.00,1.A.4.b.3,Sound Localization,LV,2.0,8,0.0,2.0,2.0,N,N,08/2019,Analyst
53-7121.00,1.A.4.b.4,Speech Recognition,IM,3.12,8,0.125,2.88,3.37,N,,08/2019,Analyst
53-7121.00,1.A.4.b.4,Speech Recognition,LV,2.75,8,0.1637,2.4292,3.0708,N,N,08/2019,Analyst
53-7121.00,1.A.4.b.5,Speech Clarity,IM,3.12,8,0.125,2.88,3.37,N,,08/2019,Analyst
53-7121.00,1.A.4.b.5,Speech Clarity,LV,2.88,8,0.125,2.63,3.12,N,N,08/2019,Analyst
